Date,Open,High,Low,Close,Volume,Dividends,Stock Splits
2001-01-01 00:00:00+09:00,1165.25439453125,1165.25439453125,1165.25439453125,1165.25439453125,0,0.0,0.0
2001-01-02 00:00:00+09:00,1165.25439453125,1165.25439453125,1165.25439453125,1165.25439453125,0,0.0,0.0
2001-01-03 00:00:00+09:00,1165.25439453125,1165.25439453125,1165.25439453125,1165.25439453125,0,0.0,0.0
2001-01-04 00:00:00+09:00,1161.8864641513571,1161.8864641513571,1139.995849609375,1139.995849609375,19000,0.0,0.0
2001-01-05 00:00:00+09:00,1145.0474745441763,1161.8864079933553,1145.0474745441763,1160.2025146484375,27000,0.0,0.0
2001-01-08 00:00:00+09:00,1160.2025146484375,1160.2025146484375,1160.2025146484375,1160.2025146484375,0,0.0,0.0
2001-01-09 00:00:00+09:00,1160.202703061311,1161.8865966796875,1136.628192404042,1161.8865966796875,37500,0.0,0.0
2001-01-10 00:00:00+09:00,1161.8864630834228,1178.7253973310087,1146.7314222605955,1177.04150390625,69000,0.0,0.0
2001-01-11 00:00:00+09:00,1170.3057610006892,1170.3057610006892,1129.8923246495865,1145.04736328125,29000,0.0,0.0
2001-01-12 00:00:00+09:00,1145.0478615858688,1161.8868007268375,1131.5767102730938,1148.4156494140625,49000,0.0,0.0
2001-01-15 00:00:00+09:00,1133.2604876772657,1187.1450873885176,1129.8927001953125,1129.8927001953125,45500,0.0,0.0
2001-01-16 00:00:00+09:00,1128.208852071248,1128.208852071248,1094.5309758900169,1124.841064453125,83000,0.0,0.0
2001-01-17 00:00:00+09:00,1099.5823431071447,1141.679676304202,1099.5823431071447,1138.3118896484375,71000,0.0,0.0
2001-01-18 00:00:00+09:00,1128.208251953125,1131.5760377798506,1113.0532157328591,1128.208251953125,50000,0.0,0.0
2001-01-19 00:00:00+09:00,1111.3695163990496,1114.73730281238,1096.2144775390625,1096.2144775390625,190500,0.0,0.0
2001-01-22 00:00:00+09:00,1102.9501620205967,1139.9958163174717,1102.9501620205967,1111.36962890625,138000,0.0,0.0
2001-01-23 00:00:00+09:00,1119.788995765778,1119.788995765778,1108.0017431787699,1118.1051025390625,55000,0.0,0.0
2001-01-24 00:00:00+09:00,1119.7892427079346,1119.7892427079346,1099.58251953125,1099.58251953125,22000,0.0,0.0
2001-01-25 00:00:00+09:00,1099.5823752663352,1116.421309037642,1099.5823752663352,1111.36962890625,31500,0.0,0.0
2001-01-26 00:00:00+09:00,1119.789129033819,1124.8408093151745,1094.5307276270412,1121.4730224609375,63500,0.0,0.0
2001-01-29 00:00:00+09:00,1128.2087893602325,1128.2087893602325,1104.63427734375,1104.63427734375,18000,0.0,0.0
2001-01-30 00:00:00+09:00,1102.950439453125,1109.6860146558922,1094.530970449666,1102.950439453125,64000,0.0,0.0
2001-01-31 00:00:00+09:00,1108.001931473385,1119.7891860635275,1101.266357421875,1101.266357421875,30000,0.0,0.0
2001-02-01 00:00:00+09:00,1102.9500089946546,1121.4728335731909,1102.9500089946546,1119.7889404296875,44500,0.0,0.0
2001-02-02 00:00:00+09:00,1119.7889655618108,1145.04736328125,1119.7889655618108,1145.04736328125,62500,0.0,0.0
2001-02-05 00:00:00+09:00,1111.36962890625,1128.2085626775568,1111.36962890625,1111.36962890625,25000,0.0,0.0
2001-02-06 00:00:00+09:00,1114.737751558467,1145.0478414799964,1114.737751558467,1141.6800537109375,78000,0.0,0.0
2001-02-07 00:00:00+09:00,1145.04736328125,1148.415149643842,1143.3634700999542,1145.04736328125,67000,0.0,0.0
2001-02-08 00:00:00+09:00,1145.0476417824073,1148.4154289641203,1129.892599464699,1136.628173828125,119000,0.0,0.0
2001-02-09 00:00:00+09:00,1136.6286985696147,1153.4676422521275,1136.6286985696147,1150.099853515625,38000,0.0,0.0
2001-02-12 00:00:00+09:00,1150.099853515625,1150.099853515625,1150.099853515625,1150.099853515625,0,0.0,0.0
2001-02-13 00:00:00+09:00,1145.0474745441763,1161.8864079933553,1145.0474745441763,1160.2025146484375,67500,0.0,0.0
2001-02-14 00:00:00+09:00,1145.0477257823807,1177.0417063557118,1145.0477257823807,1163.570556640625,50000,0.0,0.0
2001-02-15 00:00:00+09:00,1161.8866629262393,1177.0417063557118,1161.8866629262393,1163.570556640625,26000,0.0,0.0
2001-02-16 00:00:00+09:00,1161.8866629262393,1177.0417063557118,1161.8866629262393,1163.570556640625,57000,0.0,0.0
2001-02-19 00:00:00+09:00,1163.5704902980638,1177.0416392450747,1160.202703061311,1161.8865966796875,121000,0.0,0.0
2001-02-20 00:00:00+09:00,1178.7255354256465,1229.2423440867456,1178.7255354256465,1220.8228759765625,240500,0.0,0.0
2001-02-21 00:00:00+09:00,1219.138916015625,1219.138916015625,1190.5127259986834,1219.138916015625,106500,0.0,0.0
2001-02-22 00:00:00+09:00,1190.5127934474572,1210.7195169571735,1190.5127934474572,1202.300048828125,91500,0.0,0.0
2001-02-23 00:00:00+09:00,1203.9841409042124,1217.4552921311126,1202.3002470008498,1207.3519287109375,114000,0.0,0.0
2001-02-26 00:00:00+09:00,1212.4035085818307,1227.5585524391036,1212.4035085818307,1214.08740234375,115500,0.0,0.0
2001-02-27 00:00:00+09:00,1225.8744442327236,1242.71337890625,1215.7710834286077,1242.71337890625,133500,0.0,0.0
2001-02-28 00:00:00+09:00,1229.2420077853733,1230.9259009467232,1210.7191830105253,1212.403076171875,54000,0.0,0.0
2001-03-01 00:00:00+09:00,1209.035771778279,1230.9263916015625,1209.035771778279,1230.9263916015625,177500,0.0,0.0
2001-03-02 00:00:00+09:00,1242.7133469272667,1262.920068015515,1195.5643310546875,1195.5643310546875,439500,0.0,0.0
2001-03-05 00:00:00+09:00,1229.242294921875,1283.1268886718751,1219.13893359375,1262.920166015625,280500,0.0,0.0
2001-03-06 00:00:00+09:00,1237.6615201509917,1237.6615201509917,1212.4031217805632,1225.874267578125,75000,0.0,0.0
2001-03-07 00:00:00+09:00,1212.403410582983,1212.403410582983,1198.9322615765057,1202.300048828125,45000,0.0,0.0
2001-03-08 00:00:00+09:00,1212.403373822774,1229.2423095703125,1212.403373822774,1229.2423095703125,68000,0.0,0.0
2001-03-09 00:00:00+09:00,1212.4034212421438,1227.5584640076706,1205.6678466796875,1205.6678466796875,154500,0.0,0.0
2001-03-12 00:00:00+09:00,1203.9839103397003,1203.9839103397003,1192.1966552734375,1192.1966552734375,89500,0.0,0.0
2001-03-13 00:00:00+09:00,1166.9383544921875,1170.3061419510393,1156.8349921156316,1166.9383544921875,71000,0.0,0.0
2001-03-14 00:00:00+09:00,1166.9383544921875,1166.9383544921875,1166.9383544921875,1166.9383544921875,0,0.0,0.0
2001-03-15 00:00:00+09:00,1155.1509618601087,1222.5067030764417,1155.1509618601087,1219.138916015625,267000,0.0,0.0
2001-03-16 00:00:00+09:00,1212.4035066579986,1212.4035066579986,1173.6739501953125,1173.6739501953125,76000,0.0,0.0
2001-03-19 00:00:00+09:00,1178.7257080078125,1200.6163282993862,1178.7257080078125,1178.7257080078125,98000,0.0,0.0
2001-03-20 00:00:00+09:00,1178.7257080078125,1178.7257080078125,1178.7257080078125,1178.7257080078125,0,0.0,0.0
2001-03-21 00:00:00+09:00,1178.7252129448784,1212.403076171875,1178.7252129448784,1212.403076171875,129500,0.0,0.0
2001-03-22 00:00:00+09:00,1203.9840020073784,1203.9840020073784,1182.0933837890625,1182.0933837890625,63000,0.0,0.0
2001-03-23 00:00:00+09:00,1183.777475689827,1193.8808396359707,1177.0418997257314,1187.145263671875,127000,0.0,0.0
2001-03-26 00:00:00+09:00,1202.299717203776,1212.403076171875,1195.5641445583767,1212.403076171875,178000,0.0,0.0
2001-03-27 00:00:00+09:00,1208.179140919063,1225.0767512815673,1177.763442266555,1206.4893798828125,147500,5.0,0.0
2001-03-28 00:00:00+09:00,1199.7298708829014,1216.6274746981535,1182.8322670676491,1189.59130859375,128000,0.0,0.0
2001-03-29 00:00:00+09:00,1191.2815635224692,1199.7303689375221,1182.8327581074163,1186.2122802734375,183500,0.0,0.0
2001-03-30 00:00:00+09:00,1189.5914397321428,1191.2812002999442,1182.8323974609375,1182.8323974609375,145500,0.0,0.0
2001-04-02 00:00:00+09:00,1182.8322670676491,1191.2810689752753,1182.8322670676491,1189.59130859375,87500,0.0,0.0
2001-04-03 00:00:00+09:00,1182.8320868154337,1192.970647559566,1177.7628064433677,1187.9013671875,131000,0.0,0.0
2001-04-04 00:00:00+09:00,1182.8323974609375,1198.0402425711495,1174.3835946219308,1182.8323974609375,139500,0.0,0.0
2001-04-05 00:00:00+09:00,1182.832699937589,1192.971265937054,1177.7634169378566,1184.5224609375,176500,0.0,0.0
2001-04-06 00:00:00+09:00,1186.21191859654,1198.0402425711495,1182.8323974609375,1182.8323974609375,176500,0.0,0.0
2001-04-09 00:00:00+09:00,1186.21191859654,1191.2812002999442,1182.8323974609375,1182.8323974609375,56000,0.0,0.0
2001-04-10 00:00:00+09:00,1182.8323974609375,1189.5914397321428,1174.3835946219308,1182.8323974609375,123500,0.0,0.0
2001-04-11 00:00:00+09:00,1199.7296880556544,1203.1092083036983,1182.8320868154337,1187.9013671875,196000,0.0,0.0
2001-04-12 00:00:00+09:00,1216.6279283731494,1263.941236698772,1213.2484063498907,1255.492431640625,486000,0.0,0.0
2001-04-13 00:00:00+09:00,1238.594683182141,1238.594683182141,1216.6277924845042,1226.766357421875,132500,0.0,0.0
2001-04-16 00:00:00+09:00,1248.7332429990663,1248.7332429990663,1226.766352391505,1230.1458740234375,100500,0.0,0.0
2001-04-17 00:00:00+09:00,1247.0433349609375,1248.7330955774157,1236.9047712620682,1247.0433349609375,94500,0.0,0.0
2001-04-18 00:00:00+09:00,1243.6640731728141,1253.802638986723,1236.905029296875,1236.905029296875,182500,0.0,0.0
2001-04-19 00:00:00+09:00,1238.5940601923694,1250.4223800032105,1214.937420570687,1233.5247802734375,69500,0.0,0.0
2001-04-20 00:00:00+09:00,1241.9744636345438,1245.3539859845698,1211.5587624843101,1220.007568359375,172000,0.0,0.0
2001-04-23 00:00:00+09:00,1223.3868307595724,1245.3537213671339,1221.6970699436063,1230.1458740234375,92500,0.0,0.0
2001-04-24 00:00:00+09:00,1230.1455543154761,1241.973876953125,1228.4557939386693,1241.973876953125,77500,0.0,0.0
2001-04-25 00:00:00+09:00,1230.1455709465267,1241.9738937440895,1228.455810546875,1228.455810546875,75500,0.0,0.0
2001-04-26 00:00:00+09:00,1230.1455709465267,1241.9738937440895,1228.455810546875,1228.455810546875,75500,0.0,0.0
2001-04-27 00:00:00+09:00,1233.5254647090517,1238.5947474407328,1216.6278556034483,1225.07666015625,248500,0.0,0.0
2001-04-30 00:00:00+09:00,1225.07666015625,1225.07666015625,1225.07666015625,1225.07666015625,0,0.0,0.0
2001-05-01 00:00:00+09:00,1226.766352391505,1241.9741997352012,1225.0765915755387,1230.1458740234375,234000,0.0,0.0
2001-05-02 00:00:00+09:00,1238.5945272909628,1250.4228515625,1233.525245460304,1250.4228515625,238000,0.0,0.0
2001-05-03 00:00:00+09:00,1250.4228515625,1250.4228515625,1250.4228515625,1250.4228515625,0,0.0,0.0
2001-05-04 00:00:00+09:00,1250.4228515625,1250.4228515625,1250.4228515625,1250.4228515625,0,0.0,0.0
2001-05-07 00:00:00+09:00,1267.3202826052297,1275.7690844892645,1241.973876953125,1241.973876953125,1400,0.0,0.0
2001-05-08 00:00:00+09:00,1241.97399010355,1258.8715954110812,1236.9047085112904,1248.7330322265625,1900,0.0,0.0
2001-05-09 00:00:00+09:00,1245.353860207372,1258.8719482421875,1241.9743381986682,1258.8719482421875,1000,0.0,0.0
2001-05-10 00:00:00+09:00,1241.9743381986682,1258.8719482421875,1228.4562501638527,1258.8719482421875,2500,0.0,0.0
2001-05-11 00:00:00+09:00,1258.8714807211948,1258.8714807211948,1241.973876953125,1241.973876953125,1150,0.0,0.0
2001-05-14 00:00:00+09:00,1241.973876953125,1250.42267883716,1240.2841165763182,1241.973876953125,3250,0.0,0.0
2001-05-15 00:00:00+09:00,1241.9738811165053,1257.1817245587483,1233.5250792041481,1238.5943603515625,154500,0.0,0.0
2001-05-16 00:00:00+09:00,1233.5252827175414,1248.7331286688536,1223.38671875,1223.38671875,250500,0.0,0.0
2001-05-17 00:00:00+09:00,1235.2148521454822,1255.491976941304,1226.766050147223,1228.455810546875,220000,0.0,0.0
2001-05-18 00:00:00+09:00,1225.077038895902,1225.077038895902,1208.1794245663032,1218.3179931640625,71500,0.0,0.0
2001-05-21 00:00:00+09:00,1233.5258460607013,1233.5258460607013,1216.6282317311027,1218.3179931640625,49500,0.0,0.0
2001-05-22 00:00:00+09:00,1204.7993072126699,1225.076434402785,1204.7993072126699,1211.558349609375,85500,0.0,0.0
2001-05-23 00:00:00+09:00,1181.1424362548485,1198.0400390625,1181.1424362548485,1198.0400390625,127000,0.0,0.0
2001-05-24 00:00:00+09:00,1182.832327396912,1182.832327396912,1142.278076171875,1142.278076171875,230000,0.0,0.0
2001-05-25 00:00:00+09:00,1165.935318317819,1198.0407836048316,1147.3479436779699,1191.28173828125,168500,0.0,0.0
2001-05-28 00:00:00+09:00,1187.9016200599071,1192.9709015110873,1164.2449732877326,1181.142578125,47000,0.0,0.0
2001-05-29 00:00:00+09:00,1198.0403811759838,1198.0403811759838,1150.7270798037307,1172.6939697265625,107500,0.0,0.0
2001-05-30 00:00:00+09:00,1174.3835626904795,1179.45284425605,1159.1757179937683,1160.865478515625,110500,0.0,0.0
2001-05-31 00:00:00+09:00,1165.9351806640625,1165.9351806640625,1157.4863750070765,1165.9351806640625,54500,0.0,0.0
2001-06-01 00:00:00+09:00,1182.8327919780345,1184.5225531094316,1160.8658972698709,1165.9351806640625,75500,0.0,0.0
2001-06-04 00:00:00+09:00,1177.7631157575333,1182.8323974609375,1165.934791782924,1182.8323974609375,82500,0.0,0.0
2001-06-05 00:00:00+09:00,1187.9018165962154,1187.9018165962154,1169.314448199973,1172.6939697265625,37500,0.0,0.0
2001-06-06 00:00:00+09:00,1179.4529228659237,1179.4529228659237,1149.0372314453125,1149.0372314453125,68000,0.0,0.0
2001-06-07 00:00:00+09:00,1149.0370380930656,1165.9346415944342,1149.0370380930656,1157.48583984375,55500,0.0,0.0
2001-06-08 00:00:00+09:00,1157.486502181652,1165.9353087669197,1157.486502181652,1162.5557861328125,212000,0.0,0.0
2001-06-11 00:00:00+09:00,1162.5553564949203,1165.9348778800797,1157.4860744171808,1164.2451171875,54000,0.0,0.0
2001-06-12 00:00:00+09:00,1164.2448812442974,1169.314162294708,1152.4165587933394,1157.48583984375,114000,0.0,0.0
2001-06-13 00:00:00+09:00,1157.4859574719114,1162.555239037482,1157.4859574719114,1160.865478515625,45000,0.0,0.0
2001-06-14 00:00:00+09:00,1160.865478515625,1171.004041646766,1157.4859574719114,1160.865478515625,34500,0.0,0.0
2001-06-15 00:00:00+09:00,1177.763083734193,1177.763083734193,1157.4859574719114,1160.865478515625,67500,0.0,0.0
2001-06-18 00:00:00+09:00,1157.4862644206678,1160.8657863605822,1157.4862644206678,1159.176025390625,66500,0.0,0.0
2001-06-19 00:00:00+09:00,1157.4862644206678,1160.8657863605822,1157.4862644206678,1159.176025390625,74000,0.0,0.0
2001-06-20 00:00:00+09:00,1179.45284425605,1182.8323652997635,1160.865478515625,1160.865478515625,37000,0.0,0.0
2001-06-21 00:00:00+09:00,1182.8325343063311,1182.8325343063311,1164.2451659100886,1172.6939697265625,39500,0.0,0.0
2001-06-22 00:00:00+09:00,1196.3506977209884,1203.1097412109375,1187.901893358552,1203.1097412109375,82500,0.0,0.0
2001-06-25 00:00:00+09:00,1214.9381209366804,1216.6278818837413,1208.1790771484375,1208.1790771484375,58500,0.0,0.0
2001-06-26 00:00:00+09:00,1209.8691345044829,1218.3179413096818,1204.7998504213635,1213.2486572265625,77000,0.0,0.0
2001-06-27 00:00:00+09:00,1208.1788238398058,1214.9378662109375,1208.1788238398058,1214.9378662109375,81500,0.0,0.0
2001-06-28 00:00:00+09:00,1208.1790771484375,1214.9381209366804,1208.1790771484375,1208.1790771484375,79000,0.0,0.0
2001-06-29 00:00:00+09:00,1214.9384185876022,1223.3872253928012,1208.1793731434432,1213.2486572265625,39000,0.0,0.0
2001-07-02 00:00:00+09:00,1213.2485236593232,1220.007568359375,1208.179240134284,1220.007568359375,82500,0.0,0.0
2001-07-03 00:00:00+09:00,1208.1788284110226,1211.558349609375,1208.1788284110226,1211.558349609375,40500,0.0,0.0
2001-07-04 00:00:00+09:00,1208.1790771484375,1211.558599042559,1208.1790771484375,1208.1790771484375,29500,0.0,0.0
2001-07-05 00:00:00+09:00,1208.1793731434432,1213.2486572265625,1208.1793731434432,1213.2486572265625,27500,0.0,0.0
2001-07-06 00:00:00+09:00,1211.5586205122327,1211.5586205122327,1186.212205857165,1194.6610107421875,47000,0.0,0.0
2001-07-09 00:00:00+09:00,1184.5221580287389,1184.5221580287389,1174.3835946219308,1182.8323974609375,54500,0.0,0.0
2001-07-10 00:00:00+09:00,1182.832931626773,1191.28173828125,1171.0046023105053,1191.28173828125,90500,0.0,0.0
2001-07-11 00:00:00+09:00,1165.9351806640625,1172.6942251896512,1160.8658972698709,1165.9351806640625,44500,0.0,0.0
2001-07-12 00:00:00+09:00,1164.245547449866,1165.9353087669197,1157.486502181652,1162.5557861328125,59500,0.0,0.0
2001-07-13 00:00:00+09:00,1164.2448812442974,1165.9346415944342,1152.4165587933394,1157.48583984375,58000,0.0,0.0
2001-07-16 00:00:00+09:00,1160.8660248157591,1164.245547449866,1159.1762634987056,1162.5557861328125,37500,0.0,0.0
2001-07-17 00:00:00+09:00,1172.6939063202562,1177.76318833605,1165.9348636325315,1174.3836669921875,30000,0.0,0.0
2001-07-18 00:00:00+09:00,1174.3840685910047,1174.3840685910047,1152.4171723439788,1154.10693359375,44000,0.0,0.0
2001-07-19 00:00:00+09:00,1157.4859574719114,1164.2449995593386,1157.4859574719114,1160.865478515625,57000,0.0,0.0
2001-07-20 00:00:00+09:00,1160.865478515625,1160.865478515625,1160.865478515625,1160.865478515625,0,0.0,0.0
2001-07-23 00:00:00+09:00,1177.7635085838428,1177.7635085838428,1157.4863750070765,1165.9351806640625,65500,0.0,0.0
2001-07-24 00:00:00+09:00,1157.4859889439174,1182.8323974609375,1157.4859889439174,1182.8323974609375,50000,0.0,0.0
2001-07-25 00:00:00+09:00,1165.9346415944342,1165.9346415944342,1152.4165587933394,1157.48583984375,29500,0.0,0.0
2001-07-26 00:00:00+09:00,1155.7965807792468,1191.2815635224692,1154.1068196962362,1186.2122802734375,91000,0.0,0.0
2001-07-27 00:00:00+09:00,1182.8325343063311,1184.522295069626,1172.6939697265625,1172.6939697265625,37000,0.0,0.0
2001-07-30 00:00:00+09:00,1181.1427636788706,1182.8325244280534,1171.004199183773,1179.4530029296875,26500,0.0,0.0
2001-07-31 00:00:00+09:00,1179.4531410484046,1208.1790771484375,1169.3145753660401,1208.1790771484375,40000,0.0,0.0
2001-08-01 00:00:00+09:00,1206.4893798828125,1208.179140919063,1192.971291592809,1206.4893798828125,51500,0.0,0.0
2001-08-02 00:00:00+09:00,1206.4893798828125,1209.8689019553133,1192.971291592809,1206.4893798828125,38500,0.0,0.0
2001-08-03 00:00:00+09:00,1206.4893798828125,1218.3177071365656,1206.4893798828125,1206.4893798828125,88000,0.0,0.0
2001-08-06 00:00:00+09:00,1203.1098743158545,1203.1098743158545,1194.6610690186926,1196.350830078125,38500,0.0,0.0
2001-08-07 00:00:00+09:00,1192.9709785047592,1216.6276268037204,1192.9709785047592,1214.9378662109375,74500,0.0,0.0
2001-08-08 00:00:00+09:00,1214.9378662109375,1214.9378662109375,1209.8685844325887,1214.9378662109375,37500,0.0,0.0
2001-08-09 00:00:00+09:00,1213.2478815893865,1213.2478815893865,1198.0400390625,1198.0400390625,51000,0.0,0.0
2001-08-10 00:00:00+09:00,1186.2124542885638,1194.6612609430408,1182.832931626773,1191.28173828125,28500,0.0,0.0
2001-08-13 00:00:00+09:00,1182.832741602666,1196.350830078125,1182.832741602666,1196.350830078125,29000,0.0,0.0
2001-08-14 00:00:00+09:00,1187.9015440684202,1206.4889082003585,1187.9015440684202,1192.9708251953125,49500,0.0,0.0
2001-08-15 00:00:00+09:00,1194.6612428646383,1203.1100493912622,1191.2817202539886,1201.4202880859375,22500,0.0,0.0
2001-08-16 00:00:00+09:00,1184.5218469394558,1194.6604076835881,1182.8320868154337,1187.9013671875,24500,0.0,0.0
2001-08-17 00:00:00+09:00,1191.28173828125,1208.1793515902039,1191.28173828125,1191.28173828125,32000,0.0,0.0
2001-08-20 00:00:00+09:00,1204.7991478247277,1204.7991478247277,1191.2810648196817,1192.9708251953125,26500,0.0,0.0
2001-08-21 00:00:00+09:00,1192.971291592809,1206.4893798828125,1191.2815305565584,1206.4893798828125,68000,0.0,0.0
2001-08-22 00:00:00+09:00,1203.1093199047955,1211.5581213086214,1198.0400390625,1198.0400390625,76500,0.0,0.0
2001-08-23 00:00:00+09:00,1192.9713246054798,1194.6610856884904,1182.8327581074163,1186.2122802734375,33500,0.0,0.0
2001-08-24 00:00:00+09:00,1194.6612609430408,1196.3510222739362,1189.5919769503546,1191.28173828125,19500,0.0,0.0
2001-08-27 00:00:00+09:00,1199.7303521969898,1208.1791574941517,1196.350830078125,1196.350830078125,49500,0.0,0.0
2001-08-28 00:00:00+09:00,1196.3505133458978,1204.79931640625,1191.2812315096862,1204.79931640625,45500,0.0,0.0
2001-08-29 00:00:00+09:00,1199.730293673201,1209.8688595352282,1192.971249765183,1194.6610107421875,74500,0.0,0.0
2001-08-30 00:00:00+09:00,1191.2815414213799,1203.1098687830106,1184.5224972147337,1199.7303466796875,58000,0.0,0.0
2001-08-31 00:00:00+09:00,1191.281328173968,1199.7301319198828,1179.4530029296875,1179.4530029296875,114500,0.0,0.0
2001-09-03 00:00:00+09:00,1182.8323974609375,1196.3504820033481,1174.3835946219308,1182.8323974609375,64500,0.0,0.0
2001-09-04 00:00:00+09:00,1174.383936305504,1196.350830078125,1174.383936305504,1196.350830078125,66500,0.0,0.0
2001-09-05 00:00:00+09:00,1179.4532194838011,1199.7303521969898,1176.0736973649364,1196.350830078125,68500,0.0,0.0
2001-09-06 00:00:00+09:00,1191.2815468998278,1199.7303521969898,1184.5225026620983,1196.350830078125,50500,0.0,0.0
2001-09-07 00:00:00+09:00,1184.5220233171588,1192.9708251953125,1182.832262941528,1192.9708251953125,57500,0.0,0.0
2001-09-10 00:00:00+09:00,1182.832262941528,1192.9708251953125,1182.832262941528,1192.9708251953125,53000,0.0,0.0
2001-09-11 00:00:00+09:00,1191.2810648196817,1192.9708251953125,1181.1425025658973,1192.9708251953125,100000,0.0,0.0
2001-09-12 00:00:00+09:00,1108.4831503533405,1165.9350209509223,1108.4831503533405,1150.7271728515625,47000,0.0,0.0
2001-09-13 00:00:00+09:00,1116.9317793902228,1149.0372314453125,1116.9317793902228,1149.0372314453125,30000,0.0,0.0
2001-09-14 00:00:00+09:00,1145.6576338189138,1160.865478515625,1145.6576338189138,1160.865478515625,123000,0.0,0.0
2001-09-17 00:00:00+09:00,1149.0374119516337,1150.7271728515625,1132.1398029523448,1150.7271728515625,57500,0.0,0.0
2001-09-18 00:00:00+09:00,1149.0374648780153,1176.073640522204,1147.3477039002535,1155.7965087890625,55000,0.0,0.0
2001-09-19 00:00:00+09:00,1149.0372709542817,1174.383681342979,1149.0372709542817,1164.2451171875,49500,0.0,0.0
2001-09-20 00:00:00+09:00,1177.7634348188128,1177.7634348188128,1132.1398871285573,1135.5194091796875,71500,0.0,0.0
2001-09-21 00:00:00+09:00,1123.6904816129315,1132.1392822265625,1111.862160753848,1132.1392822265625,55000,0.0,0.0
2001-09-24 00:00:00+09:00,1132.1392822265625,1132.1392822265625,1132.1392822265625,1132.1392822265625,0,0.0,0.0
2001-09-25 00:00:00+09:00,1144.8603862040752,1144.8603862040752,1107.5464180611275,1129.5955810546875,67000,5.0,0.0
2001-09-26 00:00:00+09:00,1112.634765625,1149.9487364233994,1102.4582281345274,1112.634765625,106000,0.0,0.0
2001-09-27 00:00:00+09:00,1104.1542193134014,1153.3408128004808,1099.0659510216346,1102.4581298828125,112000,0.0,0.0
2001-09-28 00:00:00+09:00,1102.4581298828125,1102.4581298828125,1102.4581298828125,1102.4581298828125,0,0.0,0.0
2001-10-01 00:00:00+09:00,1099.0661798230483,1099.0661798230483,1071.9287432842075,1075.3209228515625,142000,0.0,0.0
2001-10-02 00:00:00+09:00,1083.8013717699503,1085.4974615536278,1068.5365637168525,1075.3209228515625,193000,0.0,0.0
2001-10-03 00:00:00+09:00,1075.320600601638,1077.0166898770349,1054.967529296875,1054.967529296875,140000,0.0,0.0
2001-10-04 00:00:00+09:00,1085.4973750000001,1085.4973750000001,1056.6638509765626,1060.0560302734375,165000,0.0,0.0
2001-10-05 00:00:00+09:00,1077.0168060252124,1077.0168060252124,1000.6927804013785,1022.741943359375,254000,0.0,0.0
2001-10-08 00:00:00+09:00,1022.741943359375,1022.741943359375,1022.741943359375,1022.741943359375,0,0.0,0.0
2001-10-09 00:00:00+09:00,983.7320394301867,1000.6929366617417,951.5063346902323,982.0359497070312,310500,0.0,0.0
2001-10-10 00:00:00+09:00,998.9967089390876,1012.565424849975,988.820172005922,1005.7810668945312,208000,0.0,0.0
2001-10-11 00:00:00+09:00,1000.6925082329412,1005.7807752239561,983.7316182628913,988.8198852539062,184500,0.0,0.0
2001-10-12 00:00:00+09:00,987.1241365758384,987.1241365758384,949.810165777439,973.555419921875,261000,0.0,0.0
2001-10-15 00:00:00+09:00,998.9964768231926,1009.1730113918499,983.7316749702065,1000.6925659179688,199000,0.0,0.0
2001-10-16 00:00:00+09:00,993.908524625346,995.6046142578124,985.4280764630137,995.6046142578125,158500,0.0,0.0
2001-10-17 00:00:00+09:00,1000.6926713046477,1000.6926713046477,993.9083142110569,998.99658203125,152000,0.0,0.0
2001-10-18 00:00:00+09:00,992.2124053210747,998.9967636480565,961.6827928496571,973.555419921875,220500,0.0,0.0
2001-10-19 00:00:00+09:00,966.7708464935944,976.9473817198427,966.7708464935944,970.1630249023438,91500,0.0,0.0
2001-10-22 00:00:00+09:00,966.7708464935944,978.6434709242174,961.6825788804701,970.1630249023438,138500,0.0,0.0
2001-10-23 00:00:00+09:00,983.7317785706706,1000.6926713046477,978.6435107504775,998.99658203125,136500,0.0,0.0
2001-10-24 00:00:00+09:00,1044.7914325842696,1060.056242475923,1032.9188026685395,1056.6640625,291000,0.0,0.0
2001-10-25 00:00:00+09:00,1100.7622717116913,1109.2427206462958,1090.5857329901655,1107.546630859375,336500,0.0,0.0
2001-10-26 00:00:00+09:00,1119.4190358747103,1126.2033936678904,1090.585515253695,1097.369873046875,159000,0.0,0.0
2001-10-29 00:00:00+09:00,1099.0659740756016,1099.0659740756016,1078.712900481609,1092.2816162109375,88500,0.0,0.0
2001-10-30 00:00:00+09:00,1075.3209028623062,1078.7130823666037,1054.9678258365211,1066.8404541015625,83500,0.0,0.0
2001-10-31 00:00:00+09:00,1051.5752521618322,1068.5361433257326,1051.5752521618322,1063.4478759765625,74000,0.0,0.0
2001-11-01 00:00:00+09:00,1077.0167013501364,1088.88932640439,1056.6636298285591,1068.5362548828125,87000,0.0,0.0
2001-11-02 00:00:00+09:00,1085.4971478174602,1092.2815049913195,1060.0558084154886,1068.5362548828125,103500,0.0,0.0
2001-11-05 00:00:00+09:00,1068.5367057554183,1068.5367057554183,1048.1836256457914,1051.5758056640625,92500,0.0,0.0
2001-11-06 00:00:00+09:00,1051.5754625152688,1051.5754625152688,1038.0067468699103,1041.39892578125,107500,0.0,0.0
2001-11-07 00:00:00+09:00,1043.0953179031121,1049.879677694352,1032.9187782162526,1034.6148681640625,102500,0.0,0.0
2001-11-08 00:00:00+09:00,1048.1836256457914,1058.3601657006047,1039.7031756001134,1051.5758056640625,49500,0.0,0.0
2001-11-09 00:00:00+09:00,1051.5758056640625,1051.5758056640625,1051.5758056640625,1051.5758056640625,0,0.0,0.0
2001-11-12 00:00:00+09:00,1026.13412227599,1032.9184801092197,1010.8693171512231,1022.741943359375,55000,0.0,0.0
2001-11-13 00:00:00+09:00,1027.8301000976562,1027.8301000976562,1017.653564453125,1017.653564453125,98500,0.0,0.0
2001-11-14 00:00:00+09:00,1022.7418322753906,1031.2222786458333,1015.9574751790365,1017.653564453125,141500,0.0,0.0
2001-11-15 00:00:00+09:00,1014.2613189492449,1014.2613189492449,1000.6926056522651,1010.869140625,36000,0.0,0.0
2001-11-16 00:00:00+09:00,1009.1730668520357,1009.1730668520357,992.2121749721696,993.9082641601562,57000,0.0,0.0
2001-11-19 00:00:00+09:00,1010.8691281688456,1010.8691281688456,993.9082367566167,997.3004150390625,25000,0.0,0.0
2001-11-20 00:00:00+09:00,1031.222791838843,1043.0954226659348,1022.742341248063,1026.134521484375,114500,0.0,0.0
2001-11-21 00:00:00+09:00,1026.1339581279328,1077.0166337375824,1026.1339581279328,1061.7518310546875,220500,0.0,0.0
2001-11-22 00:00:00+09:00,1060.056145419178,1060.056145419178,1029.5265284311056,1046.4874267578125,42000,0.0,0.0
2001-11-23 00:00:00+09:00,1046.4874267578125,1046.4874267578125,1046.4874267578125,1046.4874267578125,0,0.0,0.0
2001-11-26 00:00:00+09:00,1051.5758056640625,1060.0562557097403,1034.6149055727067,1051.5758056640625,30500,0.0,0.0
2001-11-27 00:00:00+09:00,1048.183587746542,1048.183587746542,1029.5265983206327,1034.6148681640625,43500,0.0,0.0
2001-11-28 00:00:00+09:00,1032.9183679199218,1034.6144571940104,1014.2613859049479,1017.653564453125,32500,0.0,0.0
2001-11-29 00:00:00+09:00,1019.3496815352934,1024.437949496368,1010.8692349335023,1014.2614135742188,26000,0.0,0.0
2001-11-30 00:00:00+09:00,1022.7418888972356,1027.830157001202,992.2122802734375,992.2122802734375,60500,0.0,0.0
2001-12-03 00:00:00+09:00,993.9082798428005,993.9082798428005,966.7708524068197,976.9473876953125,71000,0.0,0.0
2001-12-04 00:00:00+09:00,978.6436931253717,980.3397827148438,975.2515139464276,980.3397827148438,70000,0.0,0.0
2001-12-05 00:00:00+09:00,976.9474214770798,1000.6926713046477,975.2513322036821,998.99658203125,60500,0.0,0.0
2001-12-06 00:00:00+09:00,1015.9574236039822,1015.9574236039822,983.7317290322366,993.9082641601562,68500,0.0,0.0
2001-12-07 00:00:00+09:00,983.7317504882812,992.2121966131801,980.3395720383216,983.7317504882812,23500,0.0,0.0
2001-12-10 00:00:00+09:00,1012.5651312119761,1012.5651312119761,988.8198852539062,988.8198852539062,39000,0.0,0.0
2001-12-11 00:00:00+09:00,983.7317504882812,1007.4769996379983,983.7317504882812,983.7317504882812,44500,0.0,0.0
2001-12-12 00:00:00+09:00,1005.7808544211191,1005.7808544211191,983.7316957238602,990.5160522460938,59500,0.0,0.0
2001-12-13 00:00:00+09:00,985.4280764630137,995.6046142578124,983.7319868305473,995.6046142578125,38500,0.0,0.0
2001-12-14 00:00:00+09:00,961.6827627579796,983.7319266307376,949.8101360572639,951.5062255859375,151000,0.0,0.0
2001-12-17 00:00:00+09:00,959.9868360743213,983.7320935037216,959.9868360743213,968.46728515625,57000,0.0,0.0
2001-12-18 00:00:00+09:00,968.466947463463,983.7317504882812,959.986501338564,983.7317504882812,72000,0.0,0.0
2001-12-19 00:00:00+09:00,983.7317504882812,983.7317504882812,959.986501338564,983.7317504882812,88500,0.0,0.0
2001-12-20 00:00:00+09:00,1000.6934222351277,1021.0465087890625,985.4286073196766,1021.0465087890625,82000,0.0,0.0
2001-12-21 00:00:00+09:00,1017.6535756964432,1031.2222900390625,1015.9574864036158,1031.2222900390625,67000,0.0,0.0
2001-12-24 00:00:00+09:00,1031.2222900390625,1031.2222900390625,1031.2222900390625,1031.2222900390625,0,0.0,0.0
2001-12-25 00:00:00+09:00,1029.526701720687,1029.526701720687,1012.565800539127,1026.134521484375,63000,0.0,0.0
2001-12-26 00:00:00+09:00,1017.653564453125,1029.5261893717447,1012.5652966308593,1017.653564453125,17500,0.0,0.0
2001-12-27 00:00:00+09:00,1017.6539686859632,1034.6148681640625,1017.6539686859632,1034.6148681640625,57000,0.0,0.0
2001-12-28 00:00:00+09:00,1022.7422627407706,1058.3601524879616,1022.7422627407706,1056.6640625,42000,0.0,0.0
2001-12-31 00:00:00+09:00,1056.6640625,1056.6640625,1056.6640625,1056.6640625,0,0.0,0.0
2002-01-01 00:00:00+09:00,1056.6640625,1056.6640625,1056.6640625,1056.6640625,0,0.0,0.0
2002-01-02 00:00:00+09:00,1056.6640625,1056.6640625,1056.6640625,1056.6640625,0,0.0,0.0
2002-01-03 00:00:00+09:00,1056.6640625,1056.6640625,1056.6640625,1056.6640625,0,0.0,0.0
2002-01-04 00:00:00+09:00,1049.8795166015625,1051.5756062891255,1043.09515785131,1049.8795166015625,12000,0.0,0.0
2002-01-07 00:00:00+09:00,1049.879715654927,1065.1445257371472,1049.879715654927,1051.5758056640625,78000,0.0,0.0
2002-01-08 00:00:00+09:00,1060.0562557097403,1060.0562557097403,1043.0953556183845,1051.5758056640625,61500,0.0,0.0
2002-01-09 00:00:00+09:00,1049.8792614706842,1058.359707847669,1043.0949043690966,1054.967529296875,55500,0.0,0.0
2002-01-10 00:00:00+09:00,1051.5758056640625,1054.9679856823336,1043.0953556183845,1051.5758056640625,117000,0.0,0.0
2002-01-11 00:00:00+09:00,1051.575598084595,1053.2716877589248,1027.830342643975,1036.310791015625,162500,0.0,0.0
2002-01-14 00:00:00+09:00,1036.310791015625,1036.310791015625,1036.310791015625,1036.310791015625,0,0.0,0.0
2002-01-15 00:00:00+09:00,1036.3109955818422,1051.5758056640625,1027.8305455361642,1051.5758056640625,93500,0.0,0.0
2002-01-16 00:00:00+09:00,1053.271882524077,1056.6640625,1039.7031626203852,1056.6640625,263000,0.0,0.0
2002-01-17 00:00:00+09:00,1056.6635406051857,1060.055718905684,1051.5752731544385,1053.2713623046875,35000,0.0,0.0
2002-01-18 00:00:00+09:00,1053.2718311700296,1077.01708984375,1049.879651359498,1077.01708984375,66000,0.0,0.0
2002-01-21 00:00:00+09:00,1075.3203564684538,1093.9773342620704,1066.8399120168099,1073.624267578125,77000,0.0,0.0
2002-01-22 00:00:00+09:00,1090.585809085876,1090.585809085876,1073.6249100332186,1077.01708984375,48500,0.0,0.0
2002-01-23 00:00:00+09:00,1068.5362105815423,1077.0166566972687,1068.5362105815423,1070.2322998046875,23000,0.0,0.0
2002-01-24 00:00:00+09:00,1068.5364097884938,1073.6246784065343,1060.0559620917597,1071.9285888671875,18000,0.0,0.0
2002-01-25 00:00:00+09:00,1082.1051166240986,1085.497295673077,1053.2715947077825,1058.35986328125,50000,0.0,0.0
2002-01-28 00:00:00+09:00,1065.1440094286643,1066.8400986156526,1053.271385119746,1061.7518310546875,24000,0.0,0.0
2002-01-29 00:00:00+09:00,1068.5362659801135,1068.5362659801135,1044.791015625,1044.791015625,21000,0.0,0.0
2002-01-30 00:00:00+09:00,1034.6147979291177,1046.4874267578125,1034.6147979291177,1046.4874267578125,45500,0.0,0.0
2002-01-31 00:00:00+09:00,1046.4874267578125,1046.4874267578125,1046.4874267578125,1046.4874267578125,0,0.0,0.0
2002-02-01 00:00:00+09:00,1049.8794180292873,1063.448134255837,1034.6146122744187,1039.702880859375,21500,0.0,0.0
2002-02-04 00:00:00+09:00,1034.6144854185175,1043.0949320203085,1012.5653242538605,1014.2614135742188,31000,0.0,0.0
2002-02-05 00:00:00+09:00,1000.6926056522651,1014.2613189492449,1000.6926056522651,1010.869140625,24000,0.0,0.0
2002-02-06 00:00:00+09:00,1000.6925659179688,1000.6925659179688,995.60429863364,1000.6925659179688,52500,0.0,0.0
2002-02-07 00:00:00+09:00,987.123957117466,1009.1731176716363,987.123957117466,998.99658203125,41500,0.0,0.0
2002-02-08 00:00:00+09:00,1015.9582371505788,1049.8800480738034,1009.1738749659339,1021.0465087890625,68500,0.0,0.0
2002-02-11 00:00:00+09:00,1021.0465087890625,1021.0465087890625,1021.0465087890625,1021.0465087890625,0,0.0,0.0
2002-02-12 00:00:00+09:00,1051.5754495608578,1065.1441650390625,1041.3989129522045,1065.1441650390625,48000,0.0,0.0
2002-02-13 00:00:00+09:00,1060.056054726941,1060.056054726941,1048.1834269139993,1049.8795166015625,43000,0.0,0.0
2002-02-14 00:00:00+09:00,1049.879556580075,1068.5365438537112,1049.879556580075,1066.8404541015625,38000,0.0,0.0
2002-02-15 00:00:00+09:00,1061.7519861695114,1065.1441650390625,1053.2715389956336,1065.1441650390625,31000,0.0,0.0
2002-02-18 00:00:00+09:00,1061.752119921875,1066.8403888671876,1056.6638509765626,1060.0560302734375,13500,0.0,0.0
2002-02-19 00:00:00+09:00,1065.1444605068898,1077.01708984375,1053.2718311700296,1077.01708984375,58500,0.0,0.0
2002-02-20 00:00:00+09:00,1075.3209028623062,1077.016992614455,1063.448274597265,1066.8404541015625,37500,0.0,0.0
2002-02-21 00:00:00+09:00,1075.3207215492769,1092.2816162109375,1068.5363636846128,1092.2816162109375,56500,0.0,0.0
2002-02-22 00:00:00+09:00,1092.2816162109375,1095.6737951432694,1082.1050794139412,1092.2816162109375,41500,0.0,0.0
2002-02-25 00:00:00+09:00,1092.2815492691532,1109.242442891345,1092.2815492691532,1104.1541748046875,42000,0.0,0.0
2002-02-26 00:00:00+09:00,1110.9388104332168,1110.9388104332168,1090.5857329901655,1107.546630859375,51000,0.0,0.0
2002-02-27 00:00:00+09:00,1095.6740342467797,1110.9388427734375,1088.8896749015983,1110.9388427734375,75000,0.0,0.0
2002-02-28 00:00:00+09:00,1110.9388104332168,1119.4192593678215,1097.3700921378493,1107.546630859375,44000,0.0,0.0
2002-03-01 00:00:00+09:00,1112.6345880681818,1119.4189453125,1090.5854270241477,1119.4189453125,47500,0.0,0.0
2002-03-04 00:00:00+09:00,1127.8994915936444,1134.6838494378167,1119.4190442884292,1129.5955810546875,58000,0.0,0.0
2002-03-05 00:00:00+09:00,1129.5955725644803,1129.5955725644803,1090.585515253695,1097.369873046875,49500,0.0,0.0
2002-03-06 00:00:00+09:00,1088.8895263671875,1102.458243206654,1077.0168991326543,1088.8895263671875,30500,0.0,0.0
2002-03-07 00:00:00+09:00,1095.67378359858,1117.7229464264153,1093.977694150285,1097.369873046875,60000,0.0,0.0
2002-03-08 00:00:00+09:00,1093.977294921875,1102.4577390685563,1093.977294921875,1093.977294921875,163500,0.0,0.0
2002-03-11 00:00:00+09:00,1093.9776827298676,1102.4581298828125,1093.9776827298676,1102.4581298828125,64500,0.0,0.0
2002-03-12 00:00:00+09:00,1095.6733837512113,1100.76165023922,1093.977294921875,1093.977294921875,38000,0.0,0.0
2002-03-13 00:00:00+09:00,1093.977771335178,1100.762129607024,1087.193413063332,1099.0660400390625,43500,0.0,0.0
2002-03-14 00:00:00+09:00,1093.977294921875,1097.3694725805476,1087.19293960453,1093.977294921875,51500,0.0,0.0
2002-03-15 00:00:00+09:00,1087.193392218179,1092.2816608245043,1080.409034076412,1090.5855712890625,61500,0.0,0.0
2002-03-18 00:00:00+09:00,1093.9776167264295,1110.9385100090099,1093.9776167264295,1095.6737060546875,37000,0.0,0.0
2002-03-19 00:00:00+09:00,1099.065938558923,1126.203369140625,1097.3698491475668,1126.203369140625,37000,0.0,0.0
2002-03-20 00:00:00+09:00,1121.1152044225623,1121.1152044225623,1093.977771335178,1099.0660400390625,104500,0.0,0.0
2002-03-21 00:00:00+09:00,1099.0660400390625,1099.0660400390625,1099.0660400390625,1099.0660400390625,0,0.0,0.0
2002-03-22 00:00:00+09:00,1095.6737279935915,1121.1150684268794,1095.6737279935915,1104.1541748046875,49000,0.0,0.0
2002-03-25 00:00:00+09:00,1102.4584384227362,1102.4584384227362,1063.448370601624,1077.01708984375,80500,0.0,0.0
2002-03-26 00:00:00+09:00,1096.5991386413575,1098.3019323349,1081.273995399475,1089.7879638671875,32500,5.0,0.0
2002-03-27 00:00:00+09:00,1089.7876354489163,1111.9239467939724,1089.7876354489163,1100.00439453125,40500,0.0,0.0
2002-03-28 00:00:00+09:00,1106.8158654080537,1110.2214526862324,1091.49072265625,1091.49072265625,48000,0.0,0.0
2002-03-29 00:00:00+09:00,1115.3299050487822,1115.3299050487822,1088.085205078125,1088.085205078125,29500,0.0,0.0
2002-04-01 00:00:00+09:00,1105.112880483774,1106.815673828125,1081.2737736628605,1106.815673828125,29000,0.0,0.0
2002-04-02 00:00:00+09:00,1105.1124401950096,1105.1124401950096,1093.1928915334302,1098.30126953125,18000,0.0,0.0
2002-04-03 00:00:00+09:00,1103.4102078878304,1103.4102078878304,1088.0850661116106,1094.896240234375,31000,0.0,0.0
2002-04-04 00:00:00+09:00,1101.707259452105,1108.5184326171875,1089.7877064132106,1108.5184326171875,37500,0.0,0.0
2002-04-05 00:00:00+09:00,1108.518329585364,1115.3295021173785,1103.4099501863532,1113.626708984375,48500,0.0,0.0
2002-04-08 00:00:00+09:00,1096.5989824459878,1108.5185366030094,1089.7878086419753,1103.41015625,29000,0.0,0.0
2002-04-09 00:00:00+09:00,1106.8157266254075,1117.0324871788728,1103.4101397742522,1110.2213134765625,24000,0.0,0.0
2002-04-10 00:00:00+09:00,1108.5187807505367,1115.3299560546875,1103.4103992724238,1115.3299560546875,24500,0.0,0.0
2002-04-11 00:00:00+09:00,1120.4381450960807,1130.6549062975646,1118.7353515625,1118.7353515625,59000,0.0,0.0
2002-04-12 00:00:00+09:00,1117.032470703125,1117.032470703125,1103.4101234994284,1117.032470703125,25000,0.0,0.0
2002-04-15 00:00:00+09:00,1106.8155364523604,1115.3295021173785,1105.1127433193567,1113.626708984375,43500,0.0,0.0
2002-04-16 00:00:00+09:00,1115.3299560546875,1115.3299560546875,1105.1131930984614,1115.3299560546875,25000,0.0,0.0
2002-04-17 00:00:00+09:00,1115.3299380868266,1122.14111328125,1115.3299380868266,1122.14111328125,16000,0.0,0.0
2002-04-18 00:00:00+09:00,1120.438057504049,1122.1408509045114,1108.5185037008146,1117.032470703125,20000,0.0,0.0
2002-04-19 00:00:00+09:00,1105.1130032938545,1118.7353515625,1105.1130032938545,1118.7353515625,17500,0.0,0.0
2002-04-22 00:00:00+09:00,1127.2490386499098,1127.2490386499098,1110.2211075524792,1120.4378662109375,25500,0.0,0.0
2002-04-23 00:00:00+09:00,1108.5187289134283,1113.6271101526609,1103.410347674196,1111.92431640625,25500,0.0,0.0
2002-04-24 00:00:00+09:00,1106.815673828125,1110.221260516827,1105.112880483774,1106.815673828125,36000,0.0,0.0
2002-04-25 00:00:00+09:00,1110.2213134765625,1111.92410690214,1105.11293319983,1110.2213134765625,37000,0.0,0.0
2002-04-26 00:00:00+09:00,1115.3296405498797,1115.3296405498797,1105.112880483774,1106.815673828125,34000,0.0,0.0
2002-04-29 00:00:00+09:00,1106.815673828125,1106.815673828125,1106.815673828125,1106.815673828125,0,0.0,0.0
2002-04-30 00:00:00+09:00,1106.815673828125,1118.7352272385817,1106.815673828125,1106.815673828125,17500,0.0,0.0
2002-05-01 00:00:00+09:00,1110.2215226598391,1115.3299038990715,1106.8159351670176,1111.92431640625,38500,0.0,0.0
2002-05-02 00:00:00+09:00,1111.92431640625,1115.3299038990715,1111.92431640625,1111.92431640625,8500,0.0,0.0
2002-05-03 00:00:00+09:00,1111.92431640625,1111.92431640625,1111.92431640625,1111.92431640625,0,0.0,0.0
2002-05-06 00:00:00+09:00,1111.92431640625,1111.92431640625,1111.92431640625,1111.92431640625,0,0.0,0.0
2002-05-07 00:00:00+09:00,1115.3296405498797,1115.3296405498797,1106.815673828125,1106.815673828125,16500,0.0,0.0
2002-05-08 00:00:00+09:00,1115.3296057822702,1115.3296057822702,1106.815639325917,1108.5184326171875,13000,0.0,0.0
2002-05-09 00:00:00+09:00,1106.8157103003525,1120.438057504049,1106.8157103003525,1117.032470703125,11000,0.0,0.0
2002-05-10 00:00:00+09:00,1123.8436443049734,1123.8436443049734,1111.9240905017389,1117.032470703125,48000,0.0,0.0
2002-05-13 00:00:00+09:00,1118.7354913918932,1120.4382851383039,1108.5187289134283,1111.92431640625,39500,0.0,0.0
2002-05-14 00:00:00+09:00,1111.92410690214,1113.6269003277175,1110.2213134765625,1110.2213134765625,12000,0.0,0.0
2002-05-15 00:00:00+09:00,1111.924053861178,1115.3296405498797,1100.0045004507213,1106.815673828125,49500,0.0,0.0
2002-05-16 00:00:00+09:00,1113.62716222865,1115.3299560546875,1108.5187807505367,1115.3299560546875,11500,0.0,0.0
2002-05-17 00:00:00+09:00,1111.924053861178,1115.3296405498797,1105.112880483774,1106.815673828125,72000,0.0,0.0
2002-05-20 00:00:00+09:00,1122.1408139272837,1122.1408139272837,1106.815673828125,1106.815673828125,43000,0.0,0.0
2002-05-21 00:00:00+09:00,1108.518329585364,1115.3295021173785,1108.518329585364,1113.626708984375,13500,0.0,0.0
2002-05-22 00:00:00+09:00,1115.3295021173785,1123.8434677823968,1113.626708984375,1113.626708984375,79000,0.0,0.0
2002-05-23 00:00:00+09:00,1118.7354047075246,1149.3856897680048,1118.7354047075246,1145.9801025390625,90000,0.0,0.0
2002-05-24 00:00:00+09:00,1156.197265625,1156.197265625,1145.9805003912004,1156.197265625,31000,0.0,0.0
2002-05-27 00:00:00+09:00,1166.413222885692,1169.818808937913,1159.60205078125,1159.60205078125,34500,0.0,0.0
2002-05-28 00:00:00+09:00,1159.6023131253426,1164.710693359375,1152.7911394799662,1164.710693359375,30000,0.0,0.0
2002-05-29 00:00:00+09:00,1163.0078097913392,1163.0078097913392,1151.0882568359375,1151.0882568359375,17500,0.0,0.0
2002-05-30 00:00:00+09:00,1151.0882728213355,1157.8994460332963,1144.277099609375,1144.277099609375,32000,0.0,0.0
2002-05-31 00:00:00+09:00,1159.601765407986,1161.3045580150463,1149.385009765625,1149.385009765625,29500,0.0,0.0
2002-06-03 00:00:00+09:00,1163.0081644477903,1164.710958246396,1120.4383194826441,1122.14111328125,163000,0.0,0.0
2002-06-04 00:00:00+09:00,1122.140134168027,1156.1959804250234,1122.140134168027,1140.870849609375,67500,0.0,0.0
2002-06-05 00:00:00+09:00,1157.8997284253912,1161.3053158619364,1142.5745849609375,1142.5745849609375,49500,0.0,0.0
2002-06-06 00:00:00+09:00,1142.5743450972286,1166.4134521484375,1140.8715517364278,1166.4134521484375,64000,0.0,0.0
2002-06-07 00:00:00+09:00,1144.277083718565,1161.3050165119962,1142.574290439222,1151.0882568359375,75000,0.0,0.0
2002-06-10 00:00:00+09:00,1142.574342980849,1154.493896484375,1139.1687562655559,1154.493896484375,47500,0.0,0.0
2002-06-11 00:00:00+09:00,1142.574120520145,1161.3048438073606,1142.574120520145,1159.60205078125,29500,0.0,0.0
2002-06-12 00:00:00+09:00,1157.899169921875,1169.8187202004826,1156.196377024931,1157.899169921875,249000,0.0,0.0
2002-06-13 00:00:00+09:00,1157.899169921875,1157.899169921875,1140.8712409524358,1157.899169921875,66500,0.0,0.0
2002-06-14 00:00:00+09:00,1159.601962818819,1164.7103415096508,1156.196377024931,1157.899169921875,275000,0.0,0.0
2002-06-17 00:00:00+09:00,1144.2768267463236,1157.899169921875,1144.2768267463236,1157.899169921875,88000,0.0,0.0
2002-06-18 00:00:00+09:00,1149.3854795183454,1157.8994460332963,1144.277099609375,1144.277099609375,30000,0.0,0.0
2002-06-19 00:00:00+09:00,1145.9799585109804,1147.6827519114424,1115.329677302663,1117.032470703125,44000,0.0,0.0
2002-06-20 00:00:00+09:00,1144.2772373770802,1144.2772373770802,1123.843715281061,1125.5465087890625,39000,0.0,0.0
2002-06-21 00:00:00+09:00,1139.1680572965251,1152.7903957993237,1125.5457187937268,1140.870849609375,37500,0.0,0.0
2002-06-24 00:00:00+09:00,1132.3575828349697,1154.493896484375,1130.654789477323,1154.493896484375,38500,0.0,0.0
2002-06-25 00:00:00+09:00,1152.7907912310432,1157.899169921875,1142.5740338493797,1157.899169921875,30500,0.0,0.0
2002-06-26 00:00:00+09:00,1157.899169921875,1161.304755715763,1152.7907912310432,1157.899169921875,65500,0.0,0.0
2002-06-27 00:00:00+09:00,1156.1961801938658,1156.1961801938658,1135.7626689091435,1149.385009765625,48000,0.0,0.0
2002-06-28 00:00:00+09:00,1152.790690716048,1152.790690716048,1132.357177734375,1132.357177734375,82000,0.0,0.0
2002-07-01 00:00:00+09:00,1135.7637351574006,1156.197265625,1127.249764129234,1156.197265625,40000,0.0,0.0
2002-07-02 00:00:00+09:00,1137.4652649836753,1147.6820188607742,1134.0596803579758,1140.870849609375,30500,0.0,0.0
2002-07-03 00:00:00+09:00,1142.574342980849,1156.1966898420217,1139.1687562655559,1154.493896484375,36500,0.0,0.0
2002-07-04 00:00:00+09:00,1142.5743772430644,1154.4939311040205,1142.5743772430644,1152.7911376953125,17000,0.0,0.0
2002-07-05 00:00:00+09:00,1151.0888830081003,1156.197265625,1145.9805003912004,1156.197265625,11000,0.0,0.0
2002-07-08 00:00:00+09:00,1157.899483199668,1163.007863272608,1149.3855164114352,1154.493896484375,87000,0.0,0.0
2002-07-09 00:00:00+09:00,1156.1967263026543,1164.710693359375,1152.7911394799662,1164.710693359375,54000,0.0,0.0
2002-07-10 00:00:00+09:00,1164.7103415096508,1164.7103415096508,1157.899169921875,1157.899169921875,27500,0.0,0.0
2002-07-11 00:00:00+09:00,1157.899169921875,1159.601962818819,1154.493584127987,1157.899169921875,69500,0.0,0.0
2002-07-12 00:00:00+09:00,1157.9000598306334,1159.6028540362665,1154.4944714193668,1156.197265625,32500,0.0,0.0
2002-07-15 00:00:00+09:00,1156.1970056097603,1156.1970056097603,1139.1690673828125,1139.1690673828125,17500,0.0,0.0
2002-07-16 00:00:00+09:00,1139.1685750448453,1151.0881266521903,1127.2490234375,1127.2490234375,52500,0.0,0.0
2002-07-17 00:00:00+09:00,1144.2773609329179,1163.0080915434269,1130.6550113980022,1161.3052978515625,73500,0.0,0.0
2002-07-18 00:00:00+09:00,1163.0080915434269,1164.7108852352915,1156.1969167759692,1161.3052978515625,38000,0.0,0.0
2002-07-19 00:00:00+09:00,1159.602504159698,1161.3052978515625,1152.7913293922402,1161.3052978515625,42000,0.0,0.0
2002-07-22 00:00:00+09:00,1163.0078999480309,1169.8190735934072,1152.7911394799662,1164.710693359375,73500,0.0,0.0
2002-07-23 00:00:00+09:00,1156.1968642258892,1157.8996578403603,1142.5745153101204,1145.9801025390625,34000,0.0,0.0
2002-07-24 00:00:00+09:00,1128.9519521124353,1128.9519521124353,1108.5184326171875,1108.5184326171875,53500,0.0,0.0
2002-07-25 00:00:00+09:00,1149.385830318981,1149.385830318981,1135.7634797374228,1139.1690673828125,51000,0.0,0.0
2002-07-26 00:00:00+09:00,1154.4942117870655,1154.4942117870655,1106.8159847516115,1139.1690673828125,75000,0.0,0.0
2002-07-29 00:00:00+09:00,1122.1407866705033,1144.277099609375,1100.0044737316314,1144.277099609375,114000,0.0,0.0
2002-07-30 00:00:00+09:00,1139.168293513808,1139.168293513808,1091.4900988674904,1098.30126953125,75500,0.0,0.0
2002-07-31 00:00:00+09:00,1074.462611910663,1089.787752175633,1074.462611910663,1076.1654052734375,41500,0.0,0.0
2002-08-01 00:00:00+09:00,1081.2740478515625,1081.2740478515625,1072.7600789708415,1081.2740478515625,55000,0.0,0.0
2002-08-02 00:00:00+09:00,1088.0852229561392,1088.0852229561392,1076.1656665231299,1081.2740478515625,44000,0.0,0.0
2002-08-05 00:00:00+09:00,1076.1655455972545,1093.1934814453125,1076.1655455972545,1093.1934814453125,45500,0.0,0.0
2002-08-06 00:00:00+09:00,1089.7879290171606,1091.49072265625,1081.2739608217141,1091.49072265625,76000,0.0,0.0
2002-08-07 00:00:00+09:00,1089.7879638671875,1094.896344947815,1086.3823764801025,1089.7879638671875,25500,0.0,0.0
2002-08-08 00:00:00+09:00,1089.7879638671875,1096.5991386413575,1084.67958278656,1089.7879638671875,37000,0.0,0.0
2002-08-09 00:00:00+09:00,1122.1406011125891,1122.1406011125891,1101.707084855607,1105.1126708984375,33500,0.0,0.0
2002-08-12 00:00:00+09:00,1094.896344947815,1096.5991386413575,1089.7879638671875,1089.7879638671875,41000,0.0,0.0
2002-08-13 00:00:00+09:00,1089.7878596423018,1098.3018272957572,1089.7878596423018,1094.896240234375,24500,0.0,0.0
2002-08-14 00:00:00+09:00,1089.7879290171606,1096.5991035735178,1089.7879290171606,1091.49072265625,25500,0.0,0.0
2002-08-15 00:00:00+09:00,1089.7879290171606,1098.3018972126072,1089.7879290171606,1091.49072265625,29500,0.0,0.0
2002-08-16 00:00:00+09:00,1096.5989660719422,1110.2213134765625,1091.4905857952094,1110.2213134765625,36000,0.0,0.0
2002-08-19 00:00:00+09:00,1094.896344947815,1098.3019323349,1089.7879638671875,1089.7879638671875,36000,0.0,0.0
2002-08-20 00:00:00+09:00,1120.437912695917,1120.437912695917,1089.7876354489163,1100.00439453125,50500,0.0,0.0
2002-08-21 00:00:00+09:00,1091.4907575607301,1098.3019323349,1089.7879638671875,1089.7879638671875,40000,0.0,0.0
2002-08-22 00:00:00+09:00,1089.787533705701,1105.1126708984375,1088.0847406842859,1105.1126708984375,93000,0.0,0.0
2002-08-23 00:00:00+09:00,1105.1126708984375,1105.1126708984375,1105.1126708984375,1105.1126708984375,0,0.0,0.0
2002-08-26 00:00:00+09:00,1101.707605446386,1115.3299560546875,1094.8964301422352,1115.3299560546875,33500,0.0,0.0
2002-08-27 00:00:00+09:00,1115.3298692703247,1115.3298692703247,1088.085170173645,1089.7879638671875,84500,0.0,0.0
2002-08-28 00:00:00+09:00,1091.490326727116,1105.1126708984375,1089.787533705701,1105.1126708984375,52500,0.0,0.0
2002-08-29 00:00:00+09:00,1091.4907575607301,1093.1935512542725,1089.7879638671875,1089.7879638671875,34000,0.0,0.0
2002-08-30 00:00:00+09:00,1089.787533705701,1106.8154639198526,1089.787533705701,1105.1126708984375,59000,0.0,0.0
2002-09-02 00:00:00+09:00,1094.896344947815,1096.5991386413575,1086.3823764801025,1089.7879638671875,103500,0.0,0.0
2002-09-03 00:00:00+09:00,1089.7880167322835,1089.7880167322835,1047.2181723286787,1081.2740478515625,188500,0.0,0.0
2002-09-04 00:00:00+09:00,1071.0573049882241,1071.0573049882241,1047.21819168165,1050.623779296875,65000,0.0,0.0
2002-09-05 00:00:00+09:00,1055.7314371060925,1055.7314371060925,929.7247817095588,1013.16162109375,997500,0.0,0.0
2002-09-06 00:00:00+09:00,996.1340143262726,1019.9731189426278,979.1060824574474,991.025634765625,240000,0.0,0.0
2002-09-09 00:00:00+09:00,997.8367536873653,997.8367536873653,984.2144089271283,987.6199951171875,100000,0.0,0.0
2002-09-10 00:00:00+09:00,980.8088111413043,985.9171903659986,977.4032249915081,979.1060180664062,116000,0.0,0.0
2002-09-11 00:00:00+09:00,979.1060713796103,984.2144508824605,975.7004850443769,982.5116577148438,95500,0.0,0.0
2002-09-12 00:00:00+09:00,982.5117029922144,989.3228759765625,980.8089097461274,989.3228759765625,76000,0.0,0.0
2002-09-13 00:00:00+09:00,1023.3786268006413,1023.3786268006413,989.3227656758279,997.8367309570312,154500,0.0,0.0
2002-09-16 00:00:00+09:00,997.8367309570312,997.8367309570312,997.8367309570312,997.8367309570312,0,0.0,0.0
2002-09-17 00:00:00+09:00,1006.3515361393013,1025.082275390625,1004.6487416619082,1025.082275390625,59500,0.0,0.0
2002-09-18 00:00:00+09:00,1021.6758574415373,1025.0814436330093,1008.0535126756503,1014.8646850585938,29500,0.0,0.0
2002-09-19 00:00:00+09:00,1040.407052577227,1050.6238157776581,1031.8930832435346,1037.00146484375,56500,0.0,0.0
2002-09-20 00:00:00+09:00,1037.0010108947754,1037.0010108947754,1023.3786659240723,1035.2982177734375,38000,0.0,0.0
2002-09-23 00:00:00+09:00,1035.2982177734375,1035.2982177734375,1035.2982177734375,1035.2982177734375,0,0.0,0.0
2002-09-24 00:00:00+09:00,1045.5149765014648,1045.5149765014648,1031.8926315307617,1035.2982177734375,56000,0.0,0.0
2002-09-25 00:00:00+09:00,1034.4434078319653,1034.4434078319653,1010.5058744275892,1012.2156982421875,31000,5.0,0.0
2002-09-26 00:00:00+09:00,1034.4434045490466,1041.2826997857344,1025.8942855031867,1039.5728759765625,33500,0.0,0.0
2002-09-27 00:00:00+09:00,1048.1221736784905,1104.546368998866,1046.4123495778729,1060.0909423828125,82000,0.0,0.0
2002-09-30 00:00:00+09:00,1060.0906059844265,1060.0906059844265,1036.153076171875,1036.153076171875,33500,0.0,0.0
2002-10-01 00:00:00+09:00,1042.9925686950185,1051.5416881105514,1036.153273162592,1044.702392578125,89500,0.0,0.0
2002-10-02 00:00:00+09:00,1046.4121546303354,1054.9612735407138,1046.4121546303354,1051.5416259765625,46000,0.0,0.0
2002-10-03 00:00:00+09:00,1094.2873505015432,1107.9659423828125,1070.349814709322,1107.9659423828125,146500,0.0,0.0
2002-10-04 00:00:00+09:00,1106.2561514310748,1106.2561514310748,1078.8989668516356,1097.70703125,133500,0.0,0.0
2002-10-07 00:00:00+09:00,1099.4168966970135,1119.9347859044228,1060.0909423828125,1060.0909423828125,179500,0.0,0.0
2002-10-08 00:00:00+09:00,1060.0907114648744,1089.15771484375,1060.0907114648744,1089.15771484375,65000,0.0,0.0
2002-10-09 00:00:00+09:00,1080.608642578125,1085.738113982768,1073.7693473719344,1080.608642578125,63000,0.0,0.0
2002-10-10 00:00:00+09:00,1063.5108075479823,1085.738525390625,1063.5108075479823,1085.738525390625,40500,0.0,0.0
2002-10-11 00:00:00+09:00,1087.448164245892,1095.9972850339886,1084.0285159306534,1092.57763671875,38500,0.0,0.0
2002-10-14 00:00:00+09:00,1092.57763671875,1092.57763671875,1092.57763671875,1092.57763671875,0,0.0,0.0
2002-10-15 00:00:00+09:00,1099.416924722686,1119.934814453125,1095.9972764342795,1119.934814453125,72000,0.0,0.0
2002-10-16 00:00:00+09:00,1137.032761837076,1137.032761837076,1114.8050537109375,1114.8050537109375,66000,0.0,0.0
2002-10-17 00:00:00+09:00,1125.0640403321786,1133.6131591796875,1121.644392793175,1133.6131591796875,43000,0.0,0.0
2002-10-18 00:00:00+09:00,1133.6131742546359,1140.452469423593,1133.6131742546359,1135.322998046875,28000,0.0,0.0
2002-10-21 00:00:00+09:00,1149.0010669309702,1152.4207129635029,1143.8715978821713,1145.5814208984375,49000,0.0,0.0
2002-10-22 00:00:00+09:00,1131.903289979877,1140.4524084842567,1128.483642578125,1128.483642578125,39000,0.0,0.0
2002-10-23 00:00:00+09:00,1128.484018094871,1143.8724365234375,1128.484018094871,1143.8724365234375,75500,0.0,0.0
2002-10-24 00:00:00+09:00,1145.5822899444624,1149.0019385711623,1135.3233440643628,1147.2921142578125,60000,0.0,0.0
2002-10-25 00:00:00+09:00,1143.8723732210021,1150.711669921875,1133.6134281696927,1150.711669921875,42500,0.0,0.0
2002-10-28 00:00:00+09:00,1152.4215871978622,1152.4215871978622,1140.4528170044127,1147.2921142578125,37500,0.0,0.0
2002-10-29 00:00:00+09:00,1145.5821973962204,1155.8411424475298,1145.5821973962204,1150.711669921875,79000,0.0,0.0
2002-10-30 00:00:00+09:00,1145.5821973962204,1159.2607907979661,1145.5821973962204,1150.711669921875,43500,0.0,0.0
2002-10-31 00:00:00+09:00,1145.5814208984375,1150.7108899472364,1142.1617748659048,1145.5814208984375,64500,0.0,0.0
2002-11-01 00:00:00+09:00,1145.5814208984375,1159.260005028568,1145.5814208984375,1145.5814208984375,101000,0.0,0.0
2002-11-04 00:00:00+09:00,1145.5814208984375,1145.5814208984375,1145.5814208984375,1145.5814208984375,0,0.0,0.0
2002-11-05 00:00:00+09:00,1162.6807719302283,1171.2298952532446,1150.7119992780054,1160.970947265625,130500,0.0,0.0
2002-11-06 00:00:00+09:00,1162.6802208203696,1169.51951623696,1155.8409254037792,1167.8096923828125,72000,0.0,0.0
2002-11-07 00:00:00+09:00,1167.8094941520135,1174.648788407662,1160.9701998963646,1172.93896484375,75000,0.0,0.0
2002-11-08 00:00:00+09:00,1174.649095641553,1176.358919652676,1166.0999755859375,1166.0999755859375,69500,0.0,0.0
2002-11-11 00:00:00+09:00,1154.1312140387458,1155.841038059544,1121.644557643581,1138.7427978515625,52000,0.0,0.0
2002-11-12 00:00:00+09:00,1143.8727006195923,1162.6807719302283,1143.8727006195923,1160.970947265625,49000,0.0,0.0
2002-11-13 00:00:00+09:00,1162.6801285736833,1184.9078369140625,1162.6801285736833,1184.9078369140625,130500,0.0,0.0
2002-11-14 00:00:00+09:00,1184.9081884836185,1184.9081884836185,1171.2295946771699,1183.1983642578125,95000,0.0,0.0
2002-11-15 00:00:00+09:00,1183.1987021625905,1183.1987021625905,1172.9397538779438,1179.779052734375,40500,0.0,0.0
2002-11-18 00:00:00+09:00,1183.1980131955718,1184.9078369140625,1179.7783657585903,1184.9078369140625,61500,0.0,0.0
2002-11-19 00:00:00+09:00,1179.7783657585903,1184.9078369140625,1172.9390708846274,1184.9078369140625,71000,0.0,0.0
2002-11-20 00:00:00+09:00,1184.90797393535,1193.457093516413,1183.1981500191373,1186.6177978515625,87000,0.0,0.0
2002-11-21 00:00:00+09:00,1186.6176779417865,1186.6176779417865,1159.260498046875,1159.260498046875,72500,0.0,0.0
2002-11-22 00:00:00+09:00,1178.0688915803942,1183.1983642578125,1172.939418902976,1183.1983642578125,46500,0.0,0.0
2002-11-25 00:00:00+09:00,1178.0684355354865,1184.9077297911351,1166.0996705881012,1172.93896484375,92000,0.0,0.0
2002-11-26 00:00:00+09:00,1183.197828474899,1186.6174753780058,1147.2915359922793,1164.3897705078125,91000,0.0,0.0
2002-11-27 00:00:00+09:00,1164.3897550695083,1176.3585190716913,1160.9701082117417,1162.679931640625,164500,0.0,0.0
2002-11-28 00:00:00+09:00,1162.680349278486,1169.5196454507122,1140.45263671875,1140.45263671875,126000,0.0,0.0
2002-11-29 00:00:00+09:00,1145.5821885771952,1195.1670892768052,1145.5821885771952,1178.06884765625,151500,0.0,0.0
2002-12-02 00:00:00+09:00,1178.06884765625,1178.06884765625,1178.06884765625,1178.06884765625,0,0.0,0.0
2002-12-03 00:00:00+09:00,1160.9705330475033,1169.5196533203125,1159.2607089929413,1169.5196533203125,66000,0.0,0.0
2002-12-04 00:00:00+09:00,1162.6805165242806,1188.327880859375,1162.6805165242806,1188.327880859375,109000,0.0,0.0
2002-12-05 00:00:00+09:00,1171.229248046875,1171.229248046875,1143.8720685304515,1171.229248046875,80000,0.0,0.0
2002-12-06 00:00:00+09:00,1162.6799470562592,1164.3897705078125,1162.6799470562592,1164.3897705078125,45500,0.0,0.0
2002-12-09 00:00:00+09:00,1155.8412064123224,1155.8412064123224,1138.7429637139153,1143.8724365234375,47500,0.0,0.0
2002-12-10 00:00:00+09:00,1137.0331394440748,1143.8724365234375,1135.323315174234,1143.8724365234375,38000,0.0,0.0
2002-12-11 00:00:00+09:00,1154.1313329860789,1160.9706297741445,1145.5822120009968,1152.4215087890625,43500,0.0,0.0
2002-12-12 00:00:00+09:00,1159.2605731120746,1167.8096923828125,1133.6132152998605,1167.8096923828125,77500,0.0,0.0
2002-12-13 00:00:00+09:00,1162.680163261218,1162.680163261218,1131.9033354101857,1133.6131591796875,163500,0.0,0.0
2002-12-16 00:00:00+09:00,1147.292085063119,1147.292085063119,1143.8724365234375,1143.8724365234375,61500,0.0,0.0
2002-12-17 00:00:00+09:00,1145.5822120009968,1154.1313329860789,1128.4839700308328,1152.4215087890625,106500,0.0,0.0
2002-12-18 00:00:00+09:00,1154.1313182723115,1155.8411424475298,1149.0018457466567,1150.711669921875,79500,0.0,0.0
2002-12-19 00:00:00+09:00,1145.5816207320602,1162.6798538773148,1145.5816207320602,1154.1307373046875,91000,0.0,0.0
2002-12-20 00:00:00+09:00,1155.8408820742652,1155.8408820742652,1142.1622917538598,1149.0015869140625,100500,0.0,0.0
2002-12-23 00:00:00+09:00,1149.0015869140625,1149.0015869140625,1149.0015869140625,1149.0015869140625,0,0.0,0.0
2002-12-24 00:00:00+09:00,1137.032305817106,1149.0010669309702,1119.9340756544427,1145.5814208984375,200500,0.0,0.0
2002-12-25 00:00:00+09:00,1145.5819393339611,1154.1310582842145,1145.5819393339611,1149.0015869140625,161500,0.0,0.0
2002-12-26 00:00:00+09:00,1147.2918061330413,1167.8096923828125,1147.2918061330413,1167.8096923828125,28500,0.0,0.0
2002-12-27 00:00:00+09:00,1167.8097347732237,1186.6177978515625,1154.1311434435227,1186.6177978515625,30000,0.0,0.0
2002-12-30 00:00:00+09:00,1169.5193177159256,1179.7782590993986,1169.5193177159256,1172.93896484375,4500,0.0,0.0
2002-12-31 00:00:00+09:00,1172.93896484375,1172.93896484375,1172.93896484375,1172.93896484375,0,0.0,0.0
2003-01-01 00:00:00+09:00,1172.93896484375,1172.93896484375,1172.93896484375,1172.93896484375,0,0.0,0.0
2003-01-02 00:00:00+09:00,1172.93896484375,1172.93896484375,1172.93896484375,1172.93896484375,0,0.0,0.0
2003-01-03 00:00:00+09:00,1172.93896484375,1172.93896484375,1172.93896484375,1172.93896484375,0,0.0,0.0
2003-01-06 00:00:00+09:00,1188.3275747230978,1195.1668701171875,1184.907927026053,1195.1668701171875,12000,0.0,0.0
2003-01-07 00:00:00+09:00,1195.167475161345,1196.8772998754528,1179.779052734375,1179.779052734375,20500,0.0,0.0
2003-01-08 00:00:00+09:00,1179.7781815717924,1179.7781815717924,1164.3897705078125,1164.3897705078125,17500,0.0,0.0
2003-01-09 00:00:00+09:00,1171.229929163836,1179.779052734375,1171.229929163836,1179.779052734375,17000,0.0,0.0
2003-01-10 00:00:00+09:00,1179.779052734375,1184.9085268766983,1172.9397538779438,1179.779052734375,45000,0.0,0.0
2003-01-13 00:00:00+09:00,1179.779052734375,1179.779052734375,1179.779052734375,1179.779052734375,0,0.0,0.0
2003-01-14 00:00:00+09:00,1181.488612608725,1193.4573829245874,1181.488612608725,1191.74755859375,23000,0.0,0.0
2003-01-15 00:00:00+09:00,1193.4571941251984,1212.2652587890625,1183.1982497630906,1212.2652587890625,67000,0.0,0.0
2003-01-16 00:00:00+09:00,1203.715544871795,1203.715544871795,1190.0369591346155,1200.2958984375,19500,0.0,0.0
2003-01-17 00:00:00+09:00,1198.586472434559,1198.586472434559,1186.6177059480515,1190.037353515625,20000,0.0,0.0
2003-01-20 00:00:00+09:00,1193.4572231974112,1215.6849365234375,1179.778630381395,1215.6849365234375,47000,0.0,0.0
2003-01-21 00:00:00+09:00,1198.5865178142324,1208.8454609053672,1191.7472224201426,1195.1668701171875,43500,0.0,0.0
2003-01-22 00:00:00+09:00,1186.6176447405135,1202.0060580008371,1186.6176447405135,1196.8765869140625,16000,0.0,0.0
2003-01-23 00:00:00+09:00,1188.3279099320748,1196.8770315862625,1183.1984369395623,1191.74755859375,12000,0.0,0.0
2003-01-24 00:00:00+09:00,1193.4573537263939,1202.0064751714253,1186.6180565703687,1188.327880859375,25000,0.0,0.0
2003-01-27 00:00:00+09:00,1202.0057216546475,1207.1351913060898,1186.6173127003206,1200.2958984375,39000,0.0,0.0
2003-01-28 00:00:00+09:00,1169.5196236081838,1178.068743663799,1166.0999755859375,1166.0999755859375,121500,0.0,0.0
2003-01-29 00:00:00+09:00,1172.939384199712,1172.939384199712,1143.8723732210021,1150.711669921875,80000,0.0,0.0
2003-01-30 00:00:00+09:00,1143.8723524719703,1143.8723524719703,1119.934814453125,1119.934814453125,70000,0.0,0.0
2003-01-31 00:00:00+09:00,1119.9345900137214,1133.6131804261026,1080.608642578125,1080.608642578125,67000,0.0,0.0
2003-02-03 00:00:00+09:00,1082.3184927133414,1111.385498046875,1080.6086688701923,1111.385498046875,72500,0.0,0.0
2003-02-04 00:00:00+09:00,1113.0952765392558,1142.1622806885143,1106.2559814453125,1106.2559814453125,43000,0.0,0.0
2003-02-05 00:00:00+09:00,1097.7068625778836,1138.7426331415427,1097.7068625778836,1106.2559814453125,56500,0.0,0.0
2003-02-06 00:00:00+09:00,1106.2562299797046,1106.2562299797046,1090.8678125611307,1092.57763671875,85500,0.0,0.0
2003-02-07 00:00:00+09:00,1092.5774091889587,1097.7068805936017,1077.1889949750296,1080.608642578125,64500,0.0,0.0
2003-02-10 00:00:00+09:00,1080.6089159848186,1084.028564453125,1075.479443282359,1084.028564453125,76500,0.0,0.0
2003-02-11 00:00:00+09:00,1084.028564453125,1084.028564453125,1084.028564453125,1084.028564453125,0,0.0,0.0
2003-02-12 00:00:00+09:00,1087.448349840059,1102.8367698849656,1082.3188764917568,1085.738525390625,81000,0.0,0.0
2003-02-13 00:00:00+09:00,1089.1580030441285,1099.4169481277465,1082.3187063217163,1094.2874755859375,51000,0.0,0.0
2003-02-14 00:00:00+09:00,1080.6082919875594,1089.157408221638,1072.0591757534805,1082.318115234375,146000,0.0,0.0
2003-02-17 00:00:00+09:00,1087.447891115581,1095.9970097564265,1087.447891115581,1089.15771484375,55500,0.0,0.0
2003-02-18 00:00:00+09:00,1101.1263737576453,1118.224609375,1090.8674323872324,1118.224609375,66500,0.0,0.0
2003-02-19 00:00:00+09:00,1101.12667932243,1106.2561514310748,1095.997207213785,1097.70703125,39500,0.0,0.0
2003-02-20 00:00:00+09:00,1104.5466089788472,1104.5466089788472,1087.4483642578125,1087.4483642578125,38000,0.0,0.0
2003-02-21 00:00:00+09:00,1078.898696899414,1078.898696899414,1051.541519165039,1053.2513427734375,113000,0.0,0.0
2003-02-24 00:00:00+09:00,1053.2518104810392,1066.9304054223514,1042.9928642750551,1065.2205810546875,39000,0.0,0.0
2003-02-25 00:00:00+09:00,1058.3812064934093,1058.3812064934093,1027.6043701171875,1027.6043701171875,83000,0.0,0.0
2003-02-26 00:00:00+09:00,1029.314310008082,1046.4125543603757,1029.314310008082,1041.2830810546875,26000,0.0,0.0
2003-02-27 00:00:00+09:00,1042.993093443311,1042.993093443311,1027.6046707531636,1034.4439697265625,35500,0.0,0.0
2003-02-28 00:00:00+09:00,1036.1538746982715,1041.2833493254907,1029.3145751953125,1029.3145751953125,21000,0.0,0.0
2003-03-03 00:00:00+09:00,1031.024320239863,1037.863619213262,1031.024320239863,1034.4439697265625,45500,0.0,0.0
2003-03-04 00:00:00+09:00,1042.9925686950185,1046.4122164612315,1034.4434492794855,1044.702392578125,38500,0.0,0.0
2003-03-05 00:00:00+09:00,1046.4121560311985,1053.2514511686575,1034.4433895406455,1037.863037109375,48000,0.0,0.0
2003-03-06 00:00:00+09:00,1054.9612583818964,1063.5103771694319,1048.1219633518679,1049.831787109375,55000,0.0,0.0
2003-03-07 00:00:00+09:00,1049.8323924167096,1056.6716913901084,1034.4439697265625,1034.4439697265625,40500,0.0,0.0
2003-03-10 00:00:00+09:00,1036.153794469912,1037.863619213262,1027.6046707531636,1034.4439697265625,37000,0.0,0.0
2003-03-11 00:00:00+09:00,1048.1218410781507,1051.5414881942295,1036.153076171875,1036.153076171875,24000,0.0,0.0
2003-03-12 00:00:00+09:00,1034.4439697265625,1041.2832686999611,1029.3144954965135,1034.4439697265625,29000,0.0,0.0
2003-03-13 00:00:00+09:00,1034.4434492794855,1044.702392578125,1034.4434492794855,1044.702392578125,22000,0.0,0.0
2003-03-14 00:00:00+09:00,1039.5734439566115,1046.4127429300104,1034.4439697265625,1034.4439697265625,150000,0.0,0.0
2003-03-17 00:00:00+09:00,1034.4436670896812,1036.1534913328046,1027.6043701171875,1027.6043701171875,39000,0.0,0.0
2003-03-18 00:00:00+09:00,1044.7027443807633,1063.5108134285347,1034.4437976274332,1042.992919921875,35500,0.0,0.0
2003-03-19 00:00:00+09:00,1044.7025441205521,1048.1221923828125,1037.8632475960312,1048.1221923828125,23500,0.0,0.0
2003-03-20 00:00:00+09:00,1048.1219918666743,1066.9300537109375,1042.9925204546025,1066.9300537109375,35500,0.0,0.0
2003-03-21 00:00:00+09:00,1066.9300537109375,1066.9300537109375,1066.9300537109375,1066.9300537109375,0,0.0,0.0
2003-03-24 00:00:00+09:00,1066.9299771979665,1085.7380376934434,1066.9299771979665,1072.0594482421875,82500,0.0,0.0
2003-03-25 00:00:00+09:00,1085.7382483043464,1097.7070163958904,1075.47930422588,1095.9971923828125,44000,0.0,0.0
2003-03-26 00:00:00+09:00,1100.2887511156348,1100.2887511156348,1091.7061555531104,1096.855712890625,31000,5.0,0.0
2003-03-27 00:00:00+09:00,1107.15459512144,1108.8711138735664,1102.0050388650614,1103.7215576171875,50000,0.0,0.0
2003-03-28 00:00:00+09:00,1093.4224031330477,1096.855440505522,1079.6902536431508,1083.123291015625,49000,0.0,0.0
2003-03-31 00:00:00+09:00,1083.1233722643628,1084.839891079362,1052.226033594381,1062.525146484375,23000,0.0,0.0
2003-04-01 00:00:00+09:00,1064.24133008747,1081.4065128308164,1064.24133008747,1076.2569580078125,32500,0.0,0.0
2003-04-02 00:00:00+09:00,1077.9733180909361,1086.555908203125,1077.9733180909361,1086.555908203125,31000,0.0,0.0
2003-04-03 00:00:00+09:00,1093.4221056855904,1093.4221056855904,1071.1073688348642,1074.5404052734375,23500,0.0,0.0
2003-04-04 00:00:00+09:00,1081.4068336486816,1098.572021484375,1081.4068336486816,1098.572021484375,71000,0.0,0.0
2003-04-07 00:00:00+09:00,1102.0048828125,1103.7214013215537,1100.2883643034463,1102.0048828125,42000,0.0,0.0
2003-04-08 00:00:00+09:00,1102.0048828125,1103.7214013215537,1089.9892532491237,1102.0048828125,64000,0.0,0.0
2003-04-09 00:00:00+09:00,1107.1544677734375,1115.737060546875,1107.1544677734375,1115.737060546875,48500,0.0,0.0
2003-04-10 00:00:00+09:00,1110.5872778469634,1127.7524598847835,1107.1542414393994,1122.6029052734375,41500,0.0,0.0
2003-04-11 00:00:00+09:00,1110.5875727179591,1119.170166015625,1110.5875727179591,1119.170166015625,29500,0.0,0.0
2003-04-14 00:00:00+09:00,1120.8867326849672,1141.4849574816283,1114.020657752747,1127.7528076171875,41000,0.0,0.0
2003-04-15 00:00:00+09:00,1139.7679790296054,1141.4844970703125,1132.9019068667762,1141.4844970703125,37000,0.0,0.0
2003-04-16 00:00:00+09:00,1132.9017686631944,1158.6495361328125,1126.035697337963,1158.6495361328125,53000,0.0,0.0
2003-04-17 00:00:00+09:00,1124.319614317359,1134.618725288205,1124.319614317359,1126.0361328125,49500,0.0,0.0
2003-04-18 00:00:00+09:00,1126.0362888841325,1139.768438748573,1126.0362888841325,1127.7528076171875,20500,0.0,0.0
2003-04-21 00:00:00+09:00,1144.917962954377,1156.93359375,1141.484925584199,1156.93359375,56500,0.0,0.0
2003-04-22 00:00:00+09:00,1155.216977406697,1155.216977406697,1126.0361622270332,1139.768310546875,56500,0.0,0.0
2003-04-23 00:00:00+09:00,1150.0676474506888,1153.500685204273,1143.2015719435203,1144.9180908203125,39000,0.0,0.0
2003-04-24 00:00:00+09:00,1144.9179949477384,1146.6345136807934,1127.7528076171875,1127.7528076171875,27500,0.0,0.0
2003-04-25 00:00:00+09:00,1132.9022067930641,1148.350873249333,1124.319614317359,1126.0361328125,29500,0.0,0.0
2003-04-28 00:00:00+09:00,1127.7528076171875,1127.7528076171875,1117.453695218857,1127.7528076171875,25500,0.0,0.0
2003-04-29 00:00:00+09:00,1127.7528076171875,1127.7528076171875,1127.7528076171875,1127.7528076171875,0,0.0,0.0
2003-04-30 00:00:00+09:00,1132.9023238652433,1151.7840292629974,1132.9023238652433,1138.0518798828125,21000,0.0,0.0
2003-05-01 00:00:00+09:00,1120.8867464512812,1134.618896484375,1120.8867464512812,1134.618896484375,53000,0.0,0.0
2003-05-02 00:00:00+09:00,1134.6184249074836,1144.917533151727,1134.6184249074836,1141.4844970703125,26500,0.0,0.0
2003-05-05 00:00:00+09:00,1141.4844970703125,1141.4844970703125,1141.4844970703125,1141.4844970703125,0,0.0,0.0
2003-05-06 00:00:00+09:00,1150.0672076997303,1156.9332805815197,1150.0672076997303,1153.500244140625,43500,0.0,0.0
2003-05-07 00:00:00+09:00,1151.783994738069,1151.783994738069,1132.9022899062973,1136.3353271484375,28000,0.0,0.0
2003-05-08 00:00:00+09:00,1138.0516546075994,1143.2012096058238,1132.902099609375,1132.902099609375,35000,0.0,0.0
2003-05-09 00:00:00+09:00,1132.902236386954,1144.9178661668157,1132.902236386954,1139.768310546875,43000,0.0,0.0
2003-05-12 00:00:00+09:00,1151.7839551000538,1151.7839551000538,1144.9178808520653,1146.6343994140625,14000,0.0,0.0
2003-05-13 00:00:00+09:00,1148.3511418940946,1153.5006985842026,1146.634622997392,1151.7841796875,28000,0.0,0.0
2003-05-14 00:00:00+09:00,1148.3511418940946,1151.7841796875,1139.7685474105813,1151.7841796875,23000,0.0,0.0
2003-05-15 00:00:00+09:00,1144.9178362590512,1144.9178362590512,1117.453540336795,1126.0361328125,24500,0.0,0.0
2003-05-16 00:00:00+09:00,1124.3196533203125,1131.1857275390626,1107.1544677734375,1115.737060546875,54500,0.0,0.0
2003-05-19 00:00:00+09:00,1117.453624012706,1117.453624012706,1093.42236328125,1093.42236328125,32000,0.0,0.0
2003-05-20 00:00:00+09:00,1112.3044065079598,1114.0209256538055,1089.9896576119668,1091.7061767578125,50000,0.0,0.0
2003-05-21 00:00:00+09:00,1093.422465133667,1115.7372093200684,1081.4068336486816,1098.572021484375,171500,0.0,0.0
2003-05-22 00:00:00+09:00,1100.2883790196279,1119.170082871759,1081.406675167497,1108.8709716796875,60500,0.0,0.0
2003-05-23 00:00:00+09:00,1110.587606479709,1131.185831020291,1098.5719754977029,1120.88671875,43500,0.0,0.0
2003-05-26 00:00:00+09:00,1138.051460988898,1153.5001233552632,1138.051460988898,1141.4844970703125,61000,0.0,0.0
2003-05-27 00:00:00+09:00,1143.2014902550586,1150.0675652716054,1134.618896484375,1134.618896484375,36000,0.0,0.0
2003-05-28 00:00:00+09:00,1148.3509719436233,1151.7840092289555,1132.9023041596283,1143.201416015625,28000,0.0,0.0
2003-05-29 00:00:00+09:00,1150.0674268437272,1172.3821679615905,1146.6343897486713,1170.6656494140625,85000,0.0,0.0
2003-05-30 00:00:00+09:00,1162.0831580391766,1180.9648637089417,1153.5005645529197,1175.8153076171875,40000,0.0,0.0
2003-06-02 00:00:00+09:00,1175.8153076171875,1196.413531984204,1174.0987889199362,1175.8153076171875,39500,0.0,0.0
2003-06-03 00:00:00+09:00,1165.516021417565,1182.6812058272494,1155.2169107717543,1179.2481689453125,40500,0.0,0.0
2003-06-04 00:00:00+09:00,1184.3983154296875,1192.9809119183085,1182.6817961319632,1184.3983154296875,14000,0.0,0.0
2003-06-05 00:00:00+09:00,1182.6815185546875,1189.547594134105,1180.964999659833,1182.6815185546875,41000,0.0,0.0
2003-06-06 00:00:00+09:00,1187.83083984375,1201.56298828125,1187.83083984375,1201.56298828125,67500,0.0,0.0
2003-06-09 00:00:00+09:00,1201.5630028464577,1211.8621142994275,1187.8308542424982,1208.4290771484375,50500,0.0,0.0
2003-06-10 00:00:00+09:00,1210.1456441731311,1220.4447560384344,1204.9960882404796,1217.01171875,81500,0.0,0.0
2003-06-11 00:00:00+09:00,1217.0120602334277,1220.445098485144,1203.2799072265625,1203.2799072265625,62000,0.0,0.0
2003-06-12 00:00:00+09:00,1218.728338675815,1218.728338675815,1184.397962938468,1191.2640380859375,22000,0.0,0.0
2003-06-13 00:00:00+09:00,1222.1615620554765,1225.594600151138,1204.9963715771694,1206.712890625,169000,0.0,0.0
2003-06-16 00:00:00+09:00,1222.1610264271997,1230.743617904919,1206.7123617673053,1229.027099609375,62000,0.0,0.0
2003-06-17 00:00:00+09:00,1218.7283256229034,1223.8778819283523,1213.5787693174545,1215.2952880859375,38000,0.0,0.0
2003-06-18 00:00:00+09:00,1208.429072521866,1218.7281839354046,1150.0674411784803,1177.53173828125,134000,0.0,0.0
2003-06-19 00:00:00+09:00,1179.2483194694244,1210.1456553507194,1179.2483194694244,1192.98046875,52500,0.0,0.0
2003-06-20 00:00:00+09:00,1217.0117386339743,1218.7282573062366,1201.5630705836136,1211.8621826171875,55500,0.0,0.0
2003-06-23 00:00:00+09:00,1213.5787012894498,1215.295219961712,1198.130033239089,1211.8621826171875,23500,0.0,0.0
2003-06-24 00:00:00+09:00,1211.8624477684923,1222.1615620554765,1204.9963715771694,1206.712890625,44000,0.0,0.0
2003-06-25 00:00:00+09:00,1220.4446227502685,1220.4446227502685,1198.1298828125,1198.1298828125,27000,0.0,0.0
2003-06-26 00:00:00+09:00,1186.1143798828125,1192.9804544407448,1167.2326748484984,1186.1143798828125,64500,0.0,0.0
2003-06-27 00:00:00+09:00,1192.9809119183085,1201.5635084069293,1184.3983154296875,1184.3983154296875,15000,0.0,0.0
2003-06-30 00:00:00+09:00,1189.5472412109375,1198.1298331388664,1189.5472412109375,1189.5472412109375,31000,0.0,0.0
2003-07-01 00:00:00+09:00,1189.5474571951984,1191.26397589245,1172.3822702226848,1175.8153076171875,26500,0.0,0.0
2003-07-02 00:00:00+09:00,1189.5478733228601,1192.9809119183085,1184.3983154296875,1184.3983154296875,30000,0.0,0.0
2003-07-03 00:00:00+09:00,1189.5474571951984,1192.9804945897013,1158.6501206446737,1175.8153076171875,51000,0.0,0.0
2003-07-04 00:00:00+09:00,1167.2329986077873,1170.6660368389867,1162.0834412609881,1165.5164794921875,52000,0.0,0.0
2003-07-07 00:00:00+09:00,1153.5007824355084,1156.9338204784713,1115.7373639629172,1131.18603515625,114000,0.0,0.0
2003-07-08 00:00:00+09:00,1143.2015719435203,1151.7841663274808,1136.335496436352,1144.9180908203125,60500,0.0,0.0
2003-07-09 00:00:00+09:00,1146.634246271307,1146.634246271307,1132.902099609375,1132.902099609375,63000,0.0,0.0
2003-07-10 00:00:00+09:00,1126.0361622270332,1144.9178661668157,1126.0361622270332,1139.768310546875,41000,0.0,0.0
2003-07-11 00:00:00+09:00,1141.4846912730823,1151.7838012695313,1132.902099609375,1132.902099609375,39000,0.0,0.0
2003-07-14 00:00:00+09:00,1141.484897372959,1148.3509719436233,1136.3353414449607,1143.201416015625,39500,0.0,0.0
2003-07-15 00:00:00+09:00,1150.0674905862895,1151.7840092289555,1143.201416015625,1143.201416015625,44000,0.0,0.0
2003-07-16 00:00:00+09:00,1158.6501039530897,1160.3666226256128,1138.0518798828125,1138.0518798828125,60000,0.0,0.0
2003-07-17 00:00:00+09:00,1136.3353271484375,1143.201401632718,1136.3353271484375,1136.3353271484375,26500,0.0,0.0
2003-07-18 00:00:00+09:00,1136.3353612102894,1146.6344732454281,1136.3353612102894,1138.0518798828125,44500,0.0,0.0
2003-07-21 00:00:00+09:00,1138.0518798828125,1138.0518798828125,1138.0518798828125,1138.0518798828125,0,0.0,0.0
2003-07-22 00:00:00+09:00,1167.2326770129505,1167.2326770129505,1143.201416015625,1143.201416015625,52000,0.0,0.0
2003-07-23 00:00:00+09:00,1150.0679597726316,1151.784479115576,1143.2018824008549,1148.3514404296875,29000,0.0,0.0
2003-07-24 00:00:00+09:00,1148.3509719436233,1155.2170465142879,1143.201416015625,1143.201416015625,38000,0.0,0.0
2003-07-25 00:00:00+09:00,1144.9179346582912,1150.0674905862895,1143.201416015625,1143.201416015625,36000,0.0,0.0
2003-07-28 00:00:00+09:00,1162.0835951732413,1162.0835951732413,1138.0523243720222,1148.3514404296875,49500,0.0,0.0
2003-07-29 00:00:00+09:00,1151.7840840257422,1155.2171215340156,1134.618896484375,1134.618896484375,63500,0.0,0.0
2003-07-30 00:00:00+09:00,1143.200823519123,1155.2164477903452,1138.0512702600279,1150.06689453125,33500,0.0,0.0
2003-07-31 00:00:00+09:00,1150.0670872738488,1150.0670872738488,1138.051460988898,1141.4844970703125,37000,0.0,0.0
2003-08-01 00:00:00+09:00,1158.650004969234,1167.2325975986357,1155.2169679174733,1163.799560546875,56000,0.0,0.0
2003-08-04 00:00:00+09:00,1175.815273530302,1177.5317921777914,1168.949198940344,1174.0987548828125,46000,0.0,0.0
2003-08-05 00:00:00+09:00,1177.531941496568,1189.5475735526554,1175.8154226314127,1187.8310546875,78500,0.0,0.0
2003-08-06 00:00:00+09:00,1189.54751929907,1201.5631508071415,1182.6814441516008,1191.2640380859375,74500,0.0,0.0
2003-08-07 00:00:00+09:00,1201.5631304922883,1201.5631304922883,1187.8309804295193,1196.41357421875,49000,0.0,0.0
2003-08-08 00:00:00+09:00,1192.9803955078125,1210.1455810546875,1184.3978027343749,1201.56298828125,58000,0.0,0.0
2003-08-11 00:00:00+09:00,1213.578608494179,1227.3107568222601,1211.8620899531688,1225.59423828125,64000,0.0,0.0
2003-08-12 00:00:00+09:00,1217.01171875,1223.8777933268689,1215.295200105783,1217.01171875,37000,0.0,0.0
2003-08-13 00:00:00+09:00,1213.5786328749223,1222.161225752397,1208.4290771484375,1208.4290771484375,31500,0.0,0.0
2003-08-14 00:00:00+09:00,1204.9957076512026,1223.8774067739423,1192.9800809367318,1222.160888671875,63500,0.0,0.0
2003-08-15 00:00:00+09:00,1222.160888671875,1222.160888671875,1222.160888671875,1222.160888671875,78000,0.0,0.0
2003-08-18 00:00:00+09:00,1222.1611136909964,1229.0271873634179,1222.1611136909964,1227.3106689453125,34500,0.0,0.0
2003-08-19 00:00:00+09:00,1227.3111108054577,1227.3111108054577,1218.728515625,1218.728515625,22500,0.0,0.0
2003-08-20 00:00:00+09:00,1223.8776014616667,1223.8776014616667,1201.5628625850866,1213.5784912109375,33500,0.0,0.0
2003-08-21 00:00:00+09:00,1196.4137763380156,1210.1459287206615,1184.3981430032006,1206.712890625,73500,0.0,0.0
2003-08-22 00:00:00+09:00,1204.9959066812094,1206.7124250667953,1189.5472412109375,1189.5472412109375,33000,0.0,0.0
2003-08-25 00:00:00+09:00,1198.1298828125,1215.2950673800144,1198.1298828125,1198.1298828125,27500,0.0,0.0
2003-08-26 00:00:00+09:00,1215.2951218177532,1215.2951218177532,1194.6968994140625,1194.6968994140625,41000,0.0,0.0
2003-08-27 00:00:00+09:00,1196.4136490132769,1203.279724473898,1187.8310546875,1187.8310546875,45500,0.0,0.0
2003-08-28 00:00:00+09:00,1194.6969874100719,1204.9960993705035,1189.547431429856,1192.98046875,49500,0.0,0.0
2003-08-29 00:00:00+09:00,1201.5629735486261,1201.5629735486261,1192.9803808804215,1194.6968994140625,16500,0.0,0.0
2003-09-01 00:00:00+09:00,1210.1455957239325,1213.5786328749223,1204.9960399974477,1208.4290771484375,15000,0.0,0.0
2003-09-02 00:00:00+09:00,1213.5784912109375,1218.7280463363022,1203.279380960208,1213.5784912109375,37500,0.0,0.0
2003-09-03 00:00:00+09:00,1213.578966816323,1213.578966816323,1204.9963715771694,1206.712890625,37500,0.0,0.0
2003-09-04 00:00:00+09:00,1213.5786671307071,1225.5942974983377,1208.4291112588653,1210.1456298828125,40000,0.0,0.0
2003-09-05 00:00:00+09:00,1208.4294096728308,1223.8780811033073,1206.712890625,1206.712890625,27000,0.0,0.0
2003-09-08 00:00:00+09:00,1211.8622244407206,1239.3265241447598,1211.8622244407206,1232.46044921875,47000,0.0,0.0
2003-09-09 00:00:00+09:00,1232.4601706873257,1239.3262440616284,1230.74365234375,1230.74365234375,50500,0.0,0.0
2003-09-10 00:00:00+09:00,1227.3108930242427,1244.4760803392671,1227.3108930242427,1232.46044921875,45500,0.0,0.0
2003-09-11 00:00:00+09:00,1230.7438766479493,1244.4760258992512,1225.5943206787108,1235.8934326171875,46000,0.0,0.0
2003-09-12 00:00:00+09:00,1253.0585646695379,1253.0585646695379,1227.3107859434515,1239.326416015625,105000,0.0,0.0
2003-09-15 00:00:00+09:00,1239.326416015625,1239.326416015625,1239.326416015625,1239.326416015625,0,0.0,0.0
2003-09-16 00:00:00+09:00,1253.0586617891906,1270.2238489369877,1251.3421430744108,1256.49169921875,75500,0.0,0.0
2003-09-17 00:00:00+09:00,1256.4914741673097,1261.6410293893068,1235.893253279321,1251.3419189453125,68500,0.0,0.0
2003-09-18 00:00:00+09:00,1239.3263623991065,1253.0585104589304,1239.3263623991065,1242.7593994140625,43000,0.0,0.0
2003-09-19 00:00:00+09:00,1258.2082179335298,1258.2082179335298,1242.7595495005123,1256.49169921875,72000,0.0,0.0
2003-09-22 00:00:00+09:00,1266.7906585187543,1266.7906585187543,1230.7437698617166,1242.7593994140625,77500,0.0,0.0
2003-09-23 00:00:00+09:00,1242.7593994140625,1242.7593994140625,1242.7593994140625,1242.7593994140625,0,0.0,0.0
2003-09-24 00:00:00+09:00,1237.6102897437256,1237.6102897437256,1203.2799072265625,1203.2799072265625,149500,0.0,0.0
2003-09-25 00:00:00+09:00,1205.8634033203125,1219.644699358259,1204.1407413155694,1205.8634033203125,160000,5.0,0.0
2003-09-26 00:00:00+09:00,1212.7540513392858,1212.7540513392858,1205.8634033203125,1205.8634033203125,119500,0.0,0.0
2003-09-29 00:00:00+09:00,1211.0315860381907,1228.2582088836841,1209.3089237536415,1219.6448974609375,56500,0.0,0.0
2003-09-30 00:00:00+09:00,1214.4769106072895,1223.090222030036,1214.4769106072895,1219.6448974609375,33500,0.0,0.0
2003-10-01 00:00:00+09:00,1231.7034497881862,1257.543382301225,1224.8128011180424,1243.7620849609375,99500,0.0,0.0
2003-10-02 00:00:00+09:00,1226.5354632855783,1245.4847471284736,1226.5354632855783,1243.7620849609375,34000,0.0,0.0
2003-10-03 00:00:00+09:00,1242.0394888018086,1242.0394888018086,1223.0902039518503,1224.8128662109375,25500,0.0,0.0
2003-10-06 00:00:00+09:00,1224.8127794630984,1226.5354416001774,1214.476806640625,1214.476806640625,29000,0.0,0.0
2003-10-07 00:00:00+09:00,1209.3090757801385,1217.9223882856952,1205.863750777916,1211.03173828125,106500,0.0,0.0
2003-10-08 00:00:00+09:00,1211.0317508191424,1214.4770758570346,1198.9731131865192,1207.58642578125,45500,0.0,0.0
2003-10-09 00:00:00+09:00,1205.863380432129,1221.367338180542,1205.863380432129,1212.7540283203125,27500,0.0,0.0
2003-10-10 00:00:00+09:00,1216.199468777704,1219.6447930518618,1207.5861580923095,1214.476806640625,64500,0.0,0.0
2003-10-13 00:00:00+09:00,1214.476806640625,1214.476806640625,1214.476806640625,1214.476806640625,0,0.0,0.0
2003-10-14 00:00:00+09:00,1221.3673613630024,1221.3673613630024,1204.1407413155694,1205.8634033203125,52500,0.0,0.0
2003-10-15 00:00:00+09:00,1211.0313893345424,1223.0900233677455,1205.8634033203125,1205.8634033203125,79500,0.0,0.0
2003-10-16 00:00:00+09:00,1205.8634440104165,1205.8634440104165,1188.6368233816963,1193.8048095703125,135500,0.0,0.0
2003-10-17 00:00:00+09:00,1197.2504756714043,1209.3091135558643,1197.2504756714043,1200.69580078125,85500,0.0,0.0
2003-10-20 00:00:00+09:00,1205.8635492434446,1209.3088736698546,1198.972900390625,1198.972900390625,78500,0.0,0.0
2003-10-21 00:00:00+09:00,1198.9728975013868,1198.9728975013868,1161.074328902205,1164.5196533203125,140500,0.0,0.0
2003-10-22 00:00:00+09:00,1171.4105287532216,1178.3011789223583,1167.9652036686534,1169.6878662109375,55500,0.0,0.0
2003-10-23 00:00:00+09:00,1169.6876124526516,1176.578261126894,1136.95703125,1136.95703125,82000,0.0,0.0
2003-10-24 00:00:00+09:00,1161.0743830965378,1164.5197076754591,1145.5704224913911,1149.0157470703125,65500,0.0,0.0
2003-10-27 00:00:00+09:00,1166.2420212348884,1186.9139625270873,1152.460727040089,1180.0233154296875,65500,0.0,0.0
2003-10-28 00:00:00+09:00,1180.0233154296875,1193.8046096244868,1180.0233154296875,1180.0233154296875,34000,0.0,0.0
2003-10-29 00:00:00+09:00,1180.0235361838375,1186.9141845703125,1178.3008740872187,1186.9141845703125,33500,0.0,0.0
2003-10-30 00:00:00+09:00,1186.9139625270873,1186.9139625270873,1178.3006536553376,1180.0233154296875,21000,0.0,0.0
2003-10-31 00:00:00+09:00,1183.4686389783874,1186.9139625270873,1180.0233154296875,1180.0233154296875,36500,0.0,0.0
2003-11-03 00:00:00+09:00,1180.0233154296875,1180.0233154296875,1180.0233154296875,1180.0233154296875,0,0.0,0.0
2003-11-04 00:00:00+09:00,1185.191837786944,1202.4184633361729,1185.191837786944,1200.69580078125,71500,0.0,0.0
2003-11-05 00:00:00+09:00,1202.4184633361729,1202.4184633361729,1197.2504756714043,1200.69580078125,20500,0.0,0.0
2003-11-06 00:00:00+09:00,1202.4182368121847,1204.1408990425746,1193.804925660235,1195.527587890625,43000,0.0,0.0
2003-11-07 00:00:00+09:00,1197.2504756714043,1200.69580078125,1197.2504756714043,1200.69580078125,27000,0.0,0.0
2003-11-10 00:00:00+09:00,1200.69556260383,1211.0315358830594,1195.5275759642152,1198.972900390625,46000,0.0,0.0
2003-11-11 00:00:00+09:00,1198.9730471572436,1209.3090217017025,1190.3597350368611,1192.0823974609375,44000,0.0,0.0
2003-11-12 00:00:00+09:00,1209.3088736698546,1211.0315358830594,1198.972900390625,1198.972900390625,22500,0.0,0.0
2003-11-13 00:00:00+09:00,1198.9728416032224,1216.199462890625,1197.2501794744821,1216.199462890625,34500,0.0,0.0
2003-11-14 00:00:00+09:00,1205.8637632623038,1216.1997383759808,1205.8637632623038,1207.58642578125,31000,0.0,0.0
2003-11-17 00:00:00+09:00,1200.69556260383,1209.3088736698546,1195.5275759642152,1198.972900390625,22500,0.0,0.0
2003-11-18 00:00:00+09:00,1198.9728074687953,1205.8634557875814,1183.4688487515264,1190.3594970703125,73000,0.0,0.0
2003-11-19 00:00:00+09:00,1192.0822397139148,1205.8635372828617,1192.0822397139148,1202.418212890625,44500,0.0,0.0
2003-11-20 00:00:00+09:00,1204.1410882768048,1214.4770632834725,1197.2504382723594,1211.03173828125,57500,0.0,0.0
2003-11-21 00:00:00+09:00,1202.4184257756933,1223.0903757890292,1202.4184257756933,1211.03173828125,32000,0.0,0.0
2003-11-24 00:00:00+09:00,1211.03173828125,1211.03173828125,1211.03173828125,1211.03173828125,0,0.0,0.0
2003-11-25 00:00:00+09:00,1228.2579860687256,1233.4259719848633,1212.7540283203125,1212.7540283203125,32000,0.0,0.0
2003-11-26 00:00:00+09:00,1211.0317508191424,1223.0903884517654,1197.2504506675732,1207.58642578125,86000,0.0,0.0
2003-11-27 00:00:00+09:00,1204.1408750867433,1217.9221726556902,1202.418212890625,1202.418212890625,24000,0.0,0.0
2003-11-28 00:00:00+09:00,1204.1411258910957,1209.3091135558643,1197.2504756714043,1200.69580078125,16000,0.0,0.0
2003-12-01 00:00:00+09:00,1204.1408279894433,1217.9221250193652,1200.6955037319626,1216.199462890625,35000,0.0,0.0
2003-12-02 00:00:00+09:00,1221.3672264512109,1229.9805355235042,1209.30859375,1209.30859375,29000,0.0,0.0
2003-12-03 00:00:00+09:00,1209.3088736698546,1221.367509162289,1198.972900390625,1198.972900390625,38000,0.0,0.0
2003-12-04 00:00:00+09:00,1207.5859319355413,1217.9219028222933,1205.8632701210827,1209.30859375,34500,0.0,0.0
2003-12-05 00:00:00+09:00,1209.3090883001962,1209.3090883001962,1198.9731131865192,1207.58642578125,48500,0.0,0.0
2003-12-08 00:00:00+09:00,1198.9730471572436,1205.8636968535495,1192.0823974609375,1192.0823974609375,41000,0.0,0.0
2003-12-09 00:00:00+09:00,1195.5272992343305,1209.30859375,1192.081975605413,1209.30859375,27000,0.0,0.0
2003-12-10 00:00:00+09:00,1209.3091135558643,1209.3091135558643,1190.3598254517126,1200.69580078125,38000,0.0,0.0
2003-12-11 00:00:00+09:00,1223.0902039518503,1240.3168265427216,1214.4768926564147,1224.8128662109375,60500,0.0,0.0
2003-12-12 00:00:00+09:00,1238.5944176042583,1238.5944176042583,1214.4771410445092,1223.0904541015625,106000,0.0,0.0
2003-12-15 00:00:00+09:00,1226.5355284700247,1231.7035152472858,1224.8128662109375,1224.8128662109375,28500,0.0,0.0
2003-12-16 00:00:00+09:00,1207.5861522469238,1221.367449276846,1207.5861522469238,1216.199462890625,12000,0.0,0.0
2003-12-17 00:00:00+09:00,1204.1409725961098,1211.0316219385768,1174.855712890625,1174.855712890625,53500,0.0,0.0
2003-12-18 00:00:00+09:00,1192.0824880066357,1204.1411258910957,1190.3598254517126,1200.69580078125,26500,0.0,0.0
2003-12-19 00:00:00+09:00,1183.468860377075,1195.5274950534063,1183.468860377075,1186.9141845703125,40500,0.0,0.0
2003-12-22 00:00:00+09:00,1198.9729123514048,1200.6955745817947,1185.1916145082853,1195.527587890625,40500,0.0,0.0
2003-12-23 00:00:00+09:00,1195.527587890625,1195.527587890625,1195.527587890625,1195.527587890625,0,0.0,0.0
2003-12-24 00:00:00+09:00,1178.3008740872187,1186.9141845703125,1178.3008740872187,1186.9141845703125,35000,0.0,0.0
2003-12-25 00:00:00+09:00,1190.3594854445685,1193.8048095703125,1188.6368233816963,1193.8048095703125,11500,0.0,0.0
2003-12-26 00:00:00+09:00,1200.6955745817947,1200.6955745817947,1188.636938969065,1195.527587890625,24500,0.0,0.0
2003-12-29 00:00:00+09:00,1197.25023817742,1200.69556260383,1197.25023817742,1198.972900390625,6500,0.0,0.0
2003-12-30 00:00:00+09:00,1200.6955037319626,1217.9221250193652,1200.6955037319626,1216.199462890625,15500,0.0,0.0
2003-12-31 00:00:00+09:00,1216.199462890625,1216.199462890625,1216.199462890625,1216.199462890625,0,0.0,0.0
2004-01-01 00:00:00+09:00,1216.199462890625,1216.199462890625,1216.199462890625,1216.199462890625,0,0.0,0.0
2004-01-02 00:00:00+09:00,1216.199462890625,1216.199462890625,1216.199462890625,1216.199462890625,0,0.0,0.0
2004-01-05 00:00:00+09:00,1231.7035031954001,1231.7035031954001,1223.0901919842436,1228.2581787109375,16000,0.0,0.0
2004-01-06 00:00:00+09:00,1229.9807599205471,1231.7034220492874,1216.199462890625,1216.199462890625,47500,0.0,0.0
2004-01-07 00:00:00+09:00,1223.0901173260195,1223.0901173260195,1205.8634959552305,1214.476806640625,39000,0.0,0.0
2004-01-08 00:00:00+09:00,1214.476806640625,1226.5354416001774,1214.476806640625,1214.476806640625,31500,0.0,0.0
2004-01-09 00:00:00+09:00,1214.4766902923584,1221.367338180542,1211.0313663482666,1212.7540283203125,15500,0.0,0.0
2004-01-12 00:00:00+09:00,1212.7540283203125,1212.7540283203125,1212.7540283203125,1212.7540283203125,0,0.0,0.0
2004-01-13 00:00:00+09:00,1212.7540283203125,1217.9220142364502,1205.863380432129,1212.7540283203125,26500,0.0,0.0
2004-01-14 00:00:00+09:00,1211.0315358830594,1211.0315358830594,1198.972900390625,1198.972900390625,25000,0.0,0.0
2004-01-15 00:00:00+09:00,1200.6952567218864,1200.6952567218864,1180.0233154296875,1180.0233154296875,66000,0.0,0.0
2004-01-16 00:00:00+09:00,1180.0235245921333,1202.4181316281883,1180.0235245921333,1190.3594970703125,25000,0.0,0.0
2004-01-19 00:00:00+09:00,1202.4182248170348,1202.4182248170348,1198.972900390625,1198.972900390625,11500,0.0,0.0
2004-01-20 00:00:00+09:00,1204.1410158006406,1205.8636781980665,1197.2503662109375,1197.2503662109375,48000,0.0,0.0
2004-01-21 00:00:00+09:00,1190.3596493912855,1195.5276362916818,1181.746337890625,1181.746337890625,27500,0.0,0.0
2004-01-22 00:00:00+09:00,1188.6369870911535,1188.6369870911535,1180.023675590493,1181.746337890625,24000,0.0,0.0
2004-01-23 00:00:00+09:00,1188.6368349906159,1197.2501453890986,1188.6368349906159,1190.3594970703125,21500,0.0,0.0
2004-01-26 00:00:00+09:00,1197.250384733167,1200.69570958132,1188.6370726127846,1192.0823974609375,32500,0.0,0.0
2004-01-27 00:00:00+09:00,1200.6954578218006,1200.6954578218006,1188.6368233816963,1193.8048095703125,52500,0.0,0.0
2004-01-28 00:00:00+09:00,1200.69580078125,1204.1411258910957,1197.2504756714043,1200.69580078125,51500,0.0,0.0
2004-01-29 00:00:00+09:00,1200.6955745817947,1209.3088857337445,1193.804925660235,1195.527587890625,122000,0.0,0.0
2004-01-30 00:00:00+09:00,1197.250099018408,1205.8634090832886,1197.250099018408,1204.1407470703125,66000,0.0,0.0
2004-02-02 00:00:00+09:00,1205.8634090832886,1212.754057135193,1198.9727610313842,1204.1407470703125,41000,0.0,0.0
2004-02-03 00:00:00+09:00,1212.7540283203125,1214.4766902923584,1202.418056488037,1212.7540283203125,45000,0.0,0.0
2004-02-04 00:00:00+09:00,1209.3090217017025,1211.031684125779,1190.3597350368611,1192.0823974609375,23500,0.0,0.0
2004-02-05 00:00:00+09:00,1195.5278131164814,1202.4184633361729,1195.5278131164814,1200.69580078125,30000,0.0,0.0
2004-02-06 00:00:00+09:00,1202.4182368121847,1202.4182368121847,1195.527587890625,1195.527587890625,9500,0.0,0.0
2004-02-09 00:00:00+09:00,1200.6955745817947,1212.7542101945244,1195.527587890625,1195.527587890625,39500,0.0,0.0
2004-02-10 00:00:00+09:00,1200.695840153224,1223.0904541015625,1200.695840153224,1223.0904541015625,50500,0.0,0.0
2004-02-11 00:00:00+09:00,1223.0904541015625,1223.0904541015625,1223.0904541015625,1223.0904541015625,0,0.0,0.0
2004-02-12 00:00:00+09:00,1223.0900588669144,1238.5940173595936,1223.0900588669144,1231.703369140625,39500,0.0,0.0
2004-02-13 00:00:00+09:00,1235.1488096780618,1238.59413411231,1228.2581608095647,1233.4261474609375,32000,0.0,0.0
2004-02-16 00:00:00+09:00,1235.1486189286786,1262.711210146055,1235.1486189286786,1254.097900390625,89500,0.0,0.0
2004-02-17 00:00:00+09:00,1254.097900390625,1254.097900390625,1235.1486189286786,1254.097900390625,29000,0.0,0.0
2004-02-18 00:00:00+09:00,1254.098120517418,1260.98876953125,1248.9301337570441,1260.98876953125,47500,0.0,0.0
2004-02-19 00:00:00+09:00,1257.543224292797,1264.4338720971411,1254.097900390625,1254.097900390625,42500,0.0,0.0
2004-02-20 00:00:00+09:00,1264.4340551689806,1264.4340551689806,1233.426135559932,1236.8714599609375,58500,0.0,0.0
2004-02-23 00:00:00+09:00,1250.6526807375385,1278.2152742524154,1250.6526807375385,1259.2659912109375,52500,0.0,0.0
2004-02-24 00:00:00+09:00,1243.7619286841089,1266.156534048227,1243.7619286841089,1254.097900390625,49000,0.0,0.0
2004-02-25 00:00:00+09:00,1254.0982950243945,1281.6608949150404,1254.0982950243945,1279.938232421875,55500,0.0,0.0
2004-02-26 00:00:00+09:00,1281.6607787756907,1281.6607787756907,1262.7114930679854,1278.2154541015625,29000,0.0,0.0
2004-02-27 00:00:00+09:00,1279.9377851963657,1343.6762751724968,1264.4338281751445,1341.95361328125,105500,0.0,0.0
2004-03-01 00:00:00+09:00,1333.340643521013,1348.8446044921875,1323.00466954023,1348.8446044921875,88500,0.0,0.0
2004-03-02 00:00:00+09:00,1329.895318860752,1348.8446044921875,1329.895318860752,1348.8446044921875,51000,0.0,0.0
2004-03-03 00:00:00+09:00,1352.2899475097656,1352.2899475097656,1329.8953369140625,1343.6766357421875,44500,0.0,0.0
2004-03-04 00:00:00+09:00,1341.954326034507,1348.844977259331,1341.954326034507,1347.122314453125,54000,0.0,0.0
2004-03-05 00:00:00+09:00,1341.9539370937202,1354.0125732421875,1326.449976331405,1354.0125732421875,63500,0.0,0.0
2004-03-08 00:00:00+09:00,1324.7273740473481,1341.9539978971186,1324.7273740473481,1336.7860107421875,42500,0.0,0.0
2004-03-09 00:00:00+09:00,1319.5590050528735,1323.0043288258576,1300.6097243014615,1305.7777099609375,80500,0.0,0.0
2004-03-10 00:00:00+09:00,1291.9964148690015,1326.4496525988416,1283.3831054365414,1305.7777099609375,87000,0.0,0.0
2004-03-11 00:00:00+09:00,1305.7778553444132,1309.2231795009945,1295.4418828746684,1298.88720703125,59000,0.0,0.0
2004-03-12 00:00:00+09:00,1281.6608949150404,1288.551544887702,1274.770244942379,1279.938232421875,103500,0.0,0.0
2004-03-15 00:00:00+09:00,1307.5004174804687,1321.2817130533854,1291.9964599609375,1291.9964599609375,40500,0.0,0.0
2004-03-16 00:00:00+09:00,1297.1649233229616,1312.6688865499293,1293.7195981614134,1295.4422607421875,29000,0.0,0.0
2004-03-17 00:00:00+09:00,1309.2234672934321,1333.3407416909429,1305.7781423795022,1321.2821044921875,54000,0.0,0.0
2004-03-18 00:00:00+09:00,1324.7271905406026,1333.340501272336,1314.3912176625224,1319.5592041015625,79500,0.0,0.0
2004-03-19 00:00:00+09:00,1333.3404893875122,1336.7858136494956,1323.0045166015625,1323.0045166015625,56000,0.0,0.0
2004-03-22 00:00:00+09:00,1336.7861581120467,1338.5088206869332,1328.1728452376133,1329.8955078125,43500,0.0,0.0
2004-03-23 00:00:00+09:00,1317.8362814874736,1328.1722523226695,1309.2229724581437,1324.7269287109375,63500,0.0,0.0
2004-03-24 00:00:00+09:00,1326.4498526869493,1326.4498526869493,1314.3912176625224,1319.5592041015625,37000,0.0,0.0
2004-03-25 00:00:00+09:00,1326.4498057599524,1338.5084403577703,1319.5591574183422,1333.3404541015625,59500,0.0,0.0
2004-03-26 00:00:00+09:00,1311.7375758120888,1320.3787983141447,1311.7375758120888,1313.4658203125,45000,5.0,0.0
2004-03-29 00:00:00+09:00,1327.291950389105,1332.4766845703125,1315.1942372996211,1332.4766845703125,58500,0.0,0.0
2004-03-30 00:00:00+09:00,1332.4765481665827,1341.1177709173387,1329.0200590662803,1339.3895263671875,34000,0.0,0.0
2004-03-31 00:00:00+09:00,1339.3895263671875,1339.3895263671875,1322.1070808656752,1339.3895263671875,31000,0.0,0.0
2004-04-01 00:00:00+09:00,1339.3893086459523,1339.3893086459523,1323.835110222967,1325.5633544921875,30000,0.0,0.0
2004-04-02 00:00:00+09:00,1334.2049292973816,1339.389663478589,1329.0201951161741,1332.4766845703125,28000,0.0,0.0
2004-04-05 00:00:00+09:00,1337.6610913182435,1337.6610913182435,1311.7374267578125,1311.7374267578125,48000,0.0,0.0
2004-04-06 00:00:00+09:00,1325.563705662036,1335.9331740244509,1323.8354609349667,1332.4766845703125,47000,0.0,0.0
2004-04-07 00:00:00+09:00,1330.7480872998492,1332.4763315690698,1323.835110222967,1325.5633544921875,33500,0.0,0.0
2004-04-08 00:00:00+09:00,1323.8353808720906,1330.7483593622842,1315.1941577593484,1327.2918701171875,25000,0.0,0.0
2004-04-09 00:00:00+09:00,1329.0195546695343,1329.0195546695343,1315.193603515625,1315.193603515625,30500,0.0,0.0
2004-04-12 00:00:00+09:00,1323.834755833777,1323.834755833777,1311.7370491877764,1318.6500244140625,17500,0.0,0.0
2004-04-13 00:00:00+09:00,1320.3784454146244,1329.0196656071284,1316.9219573376226,1322.106689453125,28000,0.0,0.0
2004-04-14 00:00:00+09:00,1318.650471898968,1323.835205078125,1315.1939831128632,1323.835205078125,17500,0.0,0.0
2004-04-15 00:00:00+09:00,1316.9223507033314,1316.9223507033314,1304.8246388202301,1308.2811279296875,29500,0.0,0.0
2004-04-16 00:00:00+09:00,1306.552667530761,1330.7480872998492,1306.552667530761,1325.5633544921875,24000,0.0,0.0
2004-04-19 00:00:00+09:00,1325.5629996403486,1332.4759748666345,1313.465292994348,1318.6500244140625,51000,0.0,0.0
2004-04-20 00:00:00+09:00,1330.7482510711511,1330.7482510711511,1306.5528283244028,1320.3787841796875,49000,0.0,0.0
2004-04-21 00:00:00+09:00,1318.6506470044453,1330.7483593622842,1315.1941577593484,1327.2918701171875,33500,0.0,0.0
2004-04-22 00:00:00+09:00,1329.0201147397358,1335.9330932299295,1322.1071362495422,1327.2918701171875,49000,0.0,0.0
2004-04-23 00:00:00+09:00,1330.7481826503345,1337.6611602225441,1322.1069606850726,1323.835205078125,31000,0.0,0.0
2004-04-26 00:00:00+09:00,1315.193631069554,1334.204314304462,1315.193631069554,1316.921875,24500,0.0,0.0
2004-04-27 00:00:00+09:00,1329.0201147397358,1337.661337852478,1325.563625494639,1327.2918701171875,22000,0.0,0.0
2004-04-28 00:00:00+09:00,1329.0198430306286,1337.6610643767317,1325.5633544921875,1325.5633544921875,31000,0.0,0.0
2004-04-29 00:00:00+09:00,1325.5633544921875,1325.5633544921875,1325.5633544921875,1325.5633544921875,0,0.0,0.0
2004-04-30 00:00:00+09:00,1322.1070441234604,1322.1070441234604,1278.900931570406,1297.91162109375,42500,0.0,0.0
2004-05-03 00:00:00+09:00,1297.91162109375,1297.91162109375,1297.91162109375,1297.91162109375,0,0.0,0.0
2004-05-04 00:00:00+09:00,1297.91162109375,1297.91162109375,1297.91162109375,1297.91162109375,0,0.0,0.0
2004-05-05 00:00:00+09:00,1297.91162109375,1297.91162109375,1297.91162109375,1297.91162109375,0,0.0,0.0
2004-05-06 00:00:00+09:00,1280.6292522585577,1284.0857414684324,1232.2384033203125,1232.2384033203125,69500,0.0,0.0
2004-05-07 00:00:00+09:00,1233.9665797093533,1249.5207802939249,1227.0536016717658,1235.69482421875,45000,0.0,0.0
2004-05-10 00:00:00+09:00,1225.3253056384385,1244.3359944424199,1182.1191947202988,1185.57568359375,58500,0.0,0.0
2004-05-11 00:00:00+09:00,1168.2930682146991,1235.6945913809316,1166.5648240309495,1213.2274169921875,47500,0.0,0.0
2004-05-12 00:00:00+09:00,1230.5103226782571,1232.2385675134794,1197.6736708090339,1227.0538330078125,68000,0.0,0.0
2004-05-13 00:00:00+09:00,1227.0537832366551,1252.9774547134857,1206.3148460551904,1208.0430908203125,42000,0.0,0.0
2004-05-14 00:00:00+09:00,1209.7708369908707,1244.3357180477528,1209.7708369908707,1230.509765625,57500,0.0,0.0
2004-05-17 00:00:00+09:00,1232.2383093001995,1235.694798246343,1216.6841090425532,1218.412353515625,28000,0.0,0.0
2004-05-18 00:00:00+09:00,1209.770972842262,1270.259521484375,1204.5862401015092,1270.259521484375,77000,0.0,0.0
2004-05-19 00:00:00+09:00,1278.900877617909,1310.00927734375,1278.900877617909,1310.00927734375,86500,0.0,0.0
2004-05-20 00:00:00+09:00,1311.7374674479167,1327.2916666666665,1299.6397569444443,1306.552734375,73000,0.0,0.0
2004-05-21 00:00:00+09:00,1304.824675723061,1341.1178123988018,1296.1834527050275,1334.204833984375,93500,0.0,0.0
2004-05-24 00:00:00+09:00,1320.3786482779562,1329.0198697981,1299.6397166296113,1311.7374267578125,87500,0.0,0.0
2004-05-25 00:00:00+09:00,1299.64013671875,1316.9225853453293,1285.8141778174868,1299.64013671875,36000,0.0,0.0
2004-05-26 00:00:00+09:00,1322.1070402875964,1365.3131527152957,1322.1070402875964,1344.57421875,119000,0.0,0.0
2004-05-27 00:00:00+09:00,1346.3025707820493,1368.7697510390026,1330.748369065697,1351.4873046875,77000,0.0,0.0
2004-05-28 00:00:00+09:00,1348.0304102806529,1360.128119090864,1346.3021661649084,1356.671630859375,46000,0.0,0.0
2004-05-31 00:00:00+09:00,1361.8564453125,1368.7694221922588,1356.6717126526808,1361.8564453125,43000,0.0,0.0
2004-06-01 00:00:00+09:00,1348.0304102806529,1358.3998749751195,1348.0304102806529,1356.671630859375,19000,0.0,0.0
2004-06-02 00:00:00+09:00,1358.4002437001652,1361.8567328698857,1341.1177978515625,1341.1177978515625,34500,0.0,0.0
2004-06-03 00:00:00+09:00,1332.476454923524,1346.302410357231,1290.9985886224026,1310.00927734375,99000,0.0,0.0
2004-06-04 00:00:00+09:00,1310.0090458310883,1329.0197311927532,1297.9113369645743,1303.0960693359375,87500,0.0,0.0
2004-06-07 00:00:00+09:00,1320.3788916269937,1370.497985680898,1320.3788916269937,1327.2918701171875,98000,0.0,0.0
2004-06-08 00:00:00+09:00,1332.476454923524,1334.2046993527374,1306.5527884853232,1310.00927734375,89000,0.0,0.0
2004-06-09 00:00:00+09:00,1327.2917621073298,1327.2917621073298,1311.7375617701346,1320.3787841796875,82500,0.0,0.0
2004-06-10 00:00:00+09:00,1322.1070297948572,1348.0306970457366,1304.8245849609375,1304.8245849609375,66500,0.0,0.0
2004-06-11 00:00:00+09:00,1304.824675723061,1360.1285030384756,1304.824675723061,1334.204833984375,189000,0.0,0.0
2004-06-14 00:00:00+09:00,1334.204764452626,1368.7696547234195,1332.4765199390865,1353.2154541015625,61500,0.0,0.0
2004-06-15 00:00:00+09:00,1335.9330640969818,1351.487265360724,1330.748330342401,1341.1177978515625,72000,0.0,0.0
2004-06-16 00:00:00+09:00,1365.3130695588352,1389.508491044688,1361.856580775142,1370.497802734375,272000,0.0,0.0
2004-06-17 00:00:00+09:00,1375.6824265783428,1375.6824265783428,1358.3999840333888,1363.584716796875,77000,0.0,0.0
2004-06-18 00:00:00+09:00,1356.6717101258116,1363.5846869926947,1327.2915584415584,1330.748046875,49000,0.0,0.0
2004-06-21 00:00:00+09:00,1379.1392188499042,1379.1392188499042,1351.4873046875,1351.4873046875,101000,0.0,0.0
2004-06-22 00:00:00+09:00,1365.3129337523794,1372.2259106321383,1353.2152242128013,1361.8564453125,46000,0.0,0.0
2004-06-23 00:00:00+09:00,1361.8564440588896,1361.8564440588896,1339.3892692203547,1346.30224609375,58500,0.0,0.0
2004-06-24 00:00:00+09:00,1363.584811604307,1380.8672553508763,1363.584811604307,1377.4107666015625,65000,0.0,0.0
2004-06-25 00:00:00+09:00,1379.1390931796184,1379.1390931796184,1365.313137358269,1367.0413818359375,42500,0.0,0.0
2004-06-28 00:00:00+09:00,1349.7588566070517,1377.4107666015625,1341.117634733767,1377.4107666015625,59000,0.0,0.0
2004-06-29 00:00:00+09:00,1379.1391746078991,1382.5956637673175,1367.0414625499352,1372.2261962890625,90500,0.0,0.0
2004-06-30 00:00:00+09:00,1379.1390246936082,1382.5955134773014,1363.5848251669886,1370.497802734375,64500,0.0,0.0
2004-07-01 00:00:00+09:00,1382.5955134773014,1391.2367354365347,1365.3130695588352,1370.497802734375,92000,0.0,0.0
2004-07-02 00:00:00+09:00,1365.3132470206147,1382.5956931854325,1358.4002685546875,1358.4002685546875,47000,0.0,0.0
2004-07-05 00:00:00+09:00,1365.3132073818108,1379.1391639122596,1346.302517152444,1348.03076171875,54000,0.0,0.0
2004-07-06 00:00:00+09:00,1334.2049292973816,1348.0308871139348,1332.4766845703125,1332.4766845703125,43500,0.0,0.0
2004-07-07 00:00:00+09:00,1334.2043610993805,1353.2150450010556,1334.2043610993805,1342.8455810546875,64000,0.0,0.0
2004-07-08 00:00:00+09:00,1344.574287021283,1348.0307761910035,1332.4765749272613,1341.1177978515625,72000,0.0,0.0
2004-07-09 00:00:00+09:00,1348.0309105163653,1367.0416028441603,1344.5744210022208,1349.7591552734375,88000,0.0,0.0
2004-07-12 00:00:00+09:00,1365.3129337523794,1373.954154852078,1356.6717126526808,1361.8564453125,45500,0.0,0.0
2004-07-13 00:00:00+09:00,1365.3132739909267,1370.4980079427912,1348.0308274847125,1360.1285400390625,50500,0.0,0.0
2004-07-14 00:00:00+09:00,1361.8567476420824,1368.7697260565092,1334.204833984375,1334.204833984375,48500,0.0,0.0
2004-07-15 00:00:00+09:00,1341.1179314880762,1368.7698476012324,1341.1179314880762,1349.7591552734375,37000,0.0,0.0
2004-07-16 00:00:00+09:00,1349.759006285056,1354.9437399839744,1339.3895388872195,1348.03076171875,14500,0.0,0.0
2004-07-19 00:00:00+09:00,1348.03076171875,1348.03076171875,1348.03076171875,1348.03076171875,0,0.0,0.0
2004-07-20 00:00:00+09:00,1354.9438895446544,1370.4980923583048,1349.7591552734375,1349.7591552734375,44000,0.0,0.0
2004-07-21 00:00:00+09:00,1349.7587487357005,1367.0411911010742,1349.7587487357005,1354.9434814453125,29000,0.0,0.0
2004-07-22 00:00:00+09:00,1346.3022602626256,1365.3129468645368,1346.3022602626256,1354.9434814453125,31000,0.0,0.0
2004-07-23 00:00:00+09:00,1365.3128514380971,1368.769339669586,1349.7586543963973,1356.671630859375,50000,0.0,0.0
2004-07-26 00:00:00+09:00,1365.3128514380971,1367.0410955538416,1356.671630859375,1356.671630859375,24500,0.0,0.0
2004-07-27 00:00:00+09:00,1356.6717114038431,1360.1281998405407,1346.30224609375,1346.30224609375,24500,0.0,0.0
2004-07-28 00:00:00+09:00,1349.7591552734375,1349.7591552734375,1346.302665759293,1349.7591552734375,9500,0.0,0.0
2004-07-29 00:00:00+09:00,1348.03076171875,1356.6719845502805,1334.2048051883012,1348.03076171875,29500,0.0,0.0
2004-07-30 00:00:00+09:00,1346.3023812485224,1370.497802734375,1346.3023812485224,1370.497802734375,39000,0.0,0.0
2004-08-02 00:00:00+09:00,1353.2154541015625,1365.31316569634,1353.2154541015625,1353.2154541015625,14500,0.0,0.0
2004-08-03 00:00:00+09:00,1354.9434671854942,1360.1281998405407,1335.9327807836569,1346.30224609375,22000,0.0,0.0
2004-08-04 00:00:00+09:00,1337.6613501071313,1346.302573299038,1330.7483715536061,1335.93310546875,29000,0.0,0.0
2004-08-05 00:00:00+09:00,1337.6612943209134,1351.4872508513622,1337.6612943209134,1348.03076171875,22000,0.0,0.0
2004-08-06 00:00:00+09:00,1334.2048051883012,1351.4872508513622,1334.2048051883012,1348.03076171875,33500,0.0,0.0
2004-08-09 00:00:00+09:00,1335.9330640969818,1341.1177978515625,1330.748330342401,1341.1177978515625,34500,0.0,0.0
2004-08-10 00:00:00+09:00,1341.1177834535256,1349.759006285056,1337.6612943209134,1348.03076171875,43500,0.0,0.0
2004-08-11 00:00:00+09:00,1348.0304102806529,1382.5952925955414,1348.0304102806529,1356.671630859375,49500,0.0,0.0
2004-08-12 00:00:00+09:00,1353.2151426278863,1365.3128514380971,1351.4868985121418,1356.671630859375,29500,0.0,0.0
2004-08-13 00:00:00+09:00,1349.7590207758637,1356.671999115305,1341.1177978515625,1341.1177978515625,51500,0.0,0.0
2004-08-16 00:00:00+09:00,1341.1178123988018,1341.1178123988018,1323.8353663627347,1334.204833984375,33000,0.0,0.0
2004-08-17 00:00:00+09:00,1337.66141875152,1337.66141875152,1327.291950389105,1332.4766845703125,40500,0.0,0.0
2004-08-18 00:00:00+09:00,1318.650266450027,1320.3785105738148,1296.1830928407867,1303.0960693359375,85000,0.0,0.0
2004-08-19 00:00:00+09:00,1315.1939831128632,1327.2916938642297,1315.1939831128632,1323.835205078125,32500,0.0,0.0
2004-08-20 00:00:00+09:00,1337.661337852478,1337.661337852478,1327.2918701171875,1327.2918701171875,26500,0.0,0.0
2004-08-23 00:00:00+09:00,1325.5631775301267,1330.747909645629,1320.3784454146244,1322.106689453125,15500,0.0,0.0
2004-08-24 00:00:00+09:00,1332.4763315690698,1335.9328201075111,1323.835110222967,1325.5633544921875,35000,0.0,0.0
2004-08-25 00:00:00+09:00,1332.4760189775684,1339.3889944327047,1313.4653364759429,1329.01953125,56000,0.0,0.0
2004-08-26 00:00:00+09:00,1339.389663478589,1341.1179082056583,1329.0201951161741,1332.4766845703125,43000,0.0,0.0
2004-08-27 00:00:00+09:00,1344.574260017641,1344.574260017641,1332.4765481665827,1339.3895263671875,39500,0.0,0.0
2004-08-30 00:00:00+09:00,1337.66141875152,1342.8461529327274,1332.4766845703125,1332.4766845703125,10000,0.0,0.0
2004-08-31 00:00:00+09:00,1335.9325582349081,1335.9325582349081,1313.4653871391076,1316.921875,53000,0.0,0.0
2004-09-01 00:00:00+09:00,1332.4762910917207,1332.4762910917207,1320.3785815746753,1330.748046875,31000,0.0,0.0
2004-09-02 00:00:00+09:00,1323.8347996586476,1335.9325067051366,1323.8347996586476,1329.01953125,36500,0.0,0.0
2004-09-03 00:00:00+09:00,1332.4763997395833,1339.389377170139,1306.552734375,1306.552734375,49000,0.0,0.0
2004-09-06 00:00:00+09:00,1318.6502013761235,1322.106689453125,1304.8242490681168,1322.106689453125,53500,0.0,0.0
2004-09-07 00:00:00+09:00,1315.1935368009194,1327.29124344692,1315.1935368009194,1318.6500244140625,19000,0.0,0.0
2004-09-08 00:00:00+09:00,1320.3787841796875,1329.0200065892404,1320.3787841796875,1320.3787841796875,29500,0.0,0.0
2004-09-09 00:00:00+09:00,1329.020062586433,1334.2047962506192,1308.2811279296875,1308.2811279296875,41500,0.0,0.0
2004-09-10 00:00:00+09:00,1310.00927734375,1315.1940106313903,1308.2810329145366,1310.00927734375,124000,0.0,0.0
2004-09-13 00:00:00+09:00,1310.0088992782153,1320.3783628608924,1310.0088992782153,1316.921875,22000,0.0,0.0
2004-09-14 00:00:00+09:00,1320.3787439190303,1320.3787439190303,1308.2810329145366,1310.00927734375,37500,0.0,0.0
2004-09-15 00:00:00+09:00,1313.465861593874,1318.6505952580603,1308.2811279296875,1308.2811279296875,53000,0.0,0.0
2004-09-16 00:00:00+09:00,1308.2808017073007,1315.1937782024515,1303.0960693359375,1303.0960693359375,49500,0.0,0.0
2004-09-17 00:00:00+09:00,1310.0093724844164,1311.737617039145,1306.5528833749588,1308.2811279296875,50500,0.0,0.0
2004-09-20 00:00:00+09:00,1308.2811279296875,1308.2811279296875,1308.2811279296875,1308.2811279296875,0,0.0,0.0
2004-09-21 00:00:00+09:00,1311.7375771107274,1313.4658216128496,1297.91162109375,1297.91162109375,66500,0.0,0.0
2004-09-22 00:00:00+09:00,1304.824490017361,1313.4657118055554,1304.824490017361,1306.552734375,55500,0.0,0.0
2004-09-23 00:00:00+09:00,1306.552734375,1306.552734375,1306.552734375,1306.552734375,0,0.0,0.0
2004-09-24 00:00:00+09:00,1310.0092230902778,1311.7374674479167,1304.824490017361,1306.552734375,45000,0.0,0.0
2004-09-27 00:00:00+09:00,1300.4840688502534,1303.9520263671875,1286.6122387825174,1303.9520263671875,22500,5.0,0.0
2004-09-28 00:00:00+09:00,1305.6860051256544,1307.4199838841214,1290.0801962994515,1303.9520263671875,62000,0.0,0.0
2004-09-29 00:00:00+09:00,1310.887697281376,1310.887697281376,1290.0799560546875,1290.0799560546875,77000,0.0,0.0
2004-09-30 00:00:00+09:00,1291.8136558900017,1291.8136558900017,1260.60205078125,1260.60205078125,72500,0.0,0.0
2004-10-01 00:00:00+09:00,1250.198364600226,1251.9323429145118,1220.7207332573632,1236.3265380859375,95500,0.0,0.0
2004-10-04 00:00:00+09:00,1248.4646282327587,1271.0063506869612,1248.4646282327587,1257.134521484375,77500,0.0,0.0
2004-10-05 00:00:00+09:00,1251.9322818698702,1272.74002062671,1251.9322818698702,1267.5380859375,115500,0.0,0.0
2004-10-06 00:00:00+09:00,1258.868408203125,1262.3363652505166,1251.932494108342,1258.868408203125,65500,0.0,0.0
2004-10-07 00:00:00+09:00,1260.602049937057,1267.5379621788013,1253.6661376953125,1253.6661376953125,49000,0.0,0.0
2004-10-08 00:00:00+09:00,1248.4645705856644,1255.400484866696,1234.5927420236014,1239.794677734375,57000,0.0,0.0
2004-10-11 00:00:00+09:00,1239.794677734375,1239.794677734375,1239.794677734375,1239.794677734375,0,0.0,0.0
2004-10-12 00:00:00+09:00,1246.7305920154065,1264.0703777179851,1239.794677734375,1239.794677734375,38500,0.0,0.0
2004-10-13 00:00:00+09:00,1248.4642327164804,1255.4001451204608,1241.5283203125,1241.5283203125,26500,0.0,0.0
2004-10-14 00:00:00+09:00,1241.5286587252476,1241.5286587252476,1224.1888729888615,1225.9228515625,78000,0.0,0.0
2004-10-15 00:00:00+09:00,1229.3905331879096,1234.5924677430064,1224.1885986328125,1224.1885986328125,87500,0.0,0.0
2004-10-18 00:00:00+09:00,1227.656986607143,1227.656986607143,1213.78515625,1213.78515625,45500,0.0,0.0
2004-10-19 00:00:00+09:00,1213.7848812011025,1224.1887516113975,1210.3169243976706,1218.98681640625,57000,0.0,0.0
2004-10-20 00:00:00+09:00,1236.326880580357,1236.326880580357,1206.8492410714284,1213.78515625,63000,0.0,0.0
2004-10-21 00:00:00+09:00,1213.7849135205925,1215.518891968479,1199.9130859375,1199.9130859375,59500,0.0,0.0
2004-10-22 00:00:00+09:00,1196.4450073242188,1213.7847900390625,1196.4450073242188,1206.848876953125,24500,0.0,0.0
2004-10-25 00:00:00+09:00,1196.444976673376,1198.1789549004388,1186.041107310999,1191.2430419921875,30500,0.0,0.0
2004-10-26 00:00:00+09:00,1201.6472183914073,1206.8491544017597,1192.97732504082,1194.7113037109375,66500,0.0,0.0
2004-10-27 00:00:00+09:00,1225.9226685436058,1227.6566468583776,1196.4450371924868,1222.4547119140625,98000,0.0,0.0
2004-10-28 00:00:00+09:00,1239.7944947145097,1244.9964296573678,1234.5925597716516,1236.3265380859375,100500,0.0,0.0
2004-10-29 00:00:00+09:00,1243.2629722787553,1243.2629722787553,1231.1251189929098,1238.06103515625,75500,0.0,0.0
2004-11-01 00:00:00+09:00,1238.0601226806639,1250.1979670206706,1238.0601226806639,1248.4639892578125,29500,0.0,0.0
2004-11-02 00:00:00+09:00,1260.6022939253826,1277.9420778858419,1255.400358737245,1274.47412109375,81500,0.0,0.0
2004-11-03 00:00:00+09:00,1274.47412109375,1274.47412109375,1274.47412109375,1274.47412109375,0,0.0,0.0
2004-11-04 00:00:00+09:00,1272.739990234375,1274.4739684227052,1250.1982737860824,1272.739990234375,136500,0.0,0.0
2004-11-05 00:00:00+09:00,1272.7402024159708,1284.8780517578125,1271.006223938565,1284.8780517578125,80000,0.0,0.0
2004-11-08 00:00:00+09:00,1274.4739988564468,1274.4739988564468,1250.1983036401334,1267.5380859375,77500,0.0,0.0
2004-11-09 00:00:00+09:00,1267.538266983753,1300.483858054466,1267.538266983753,1284.8780517578125,39000,0.0,0.0
2004-11-10 00:00:00+09:00,1272.7400819964205,1293.54782175658,1264.0701904296875,1264.0701904296875,70000,0.0,0.0
2004-11-11 00:00:00+09:00,1262.335811360677,1267.5377446492512,1248.4639892578125,1248.4639892578125,52000,0.0,0.0
2004-11-12 00:00:00+09:00,1243.2624506695279,1265.804168743034,1238.060515729488,1264.0701904296875,58000,0.0,0.0
2004-11-15 00:00:00+09:00,1251.9324009768254,1288.345947265625,1251.9324009768254,1288.345947265625,38500,0.0,0.0
2004-11-16 00:00:00+09:00,1271.0061932635565,1300.4838266680317,1265.8042579568844,1290.0799560546875,88000,0.0,0.0
2004-11-17 00:00:00+09:00,1290.0799863674497,1303.9518141778524,1290.0799863674497,1291.81396484375,45500,0.0,0.0
2004-11-18 00:00:00+09:00,1293.5479129258024,1298.7498482324745,1286.6119991835728,1290.0799560546875,87000,0.0,0.0
2004-11-19 00:00:00+09:00,1290.079772452998,1290.079772452998,1279.6759033203125,1279.6759033203125,41000,0.0,0.0
2004-11-22 00:00:00+09:00,1279.6762104972463,1279.6762104972463,1251.9325528170893,1269.2723388671875,73500,0.0,0.0
2004-11-23 00:00:00+09:00,1269.2723388671875,1269.2723388671875,1269.2723388671875,1269.2723388671875,0,0.0,0.0
2004-11-24 00:00:00+09:00,1267.5382070167138,1286.6119693658027,1260.602293435227,1281.4100341796875,44000,0.0,0.0
2004-11-25 00:00:00+09:00,1279.6760860958616,1288.3459782780828,1260.6023232949747,1283.14404296875,37500,0.0,0.0
2004-11-26 00:00:00+09:00,1271.0063828233206,1277.9422975999826,1251.9326171875,1251.9326171875,60500,0.0,0.0
2004-11-29 00:00:00+09:00,1253.6661385348607,1267.5379630276393,1253.6661385348607,1260.60205078125,38500,0.0,0.0
2004-11-30 00:00:00+09:00,1262.3364574353448,1267.5383933863147,1251.9325855334052,1257.134521484375,25000,0.0,0.0
2004-12-01 00:00:00+09:00,1246.7305920154065,1253.666506296438,1239.794677734375,1239.794677734375,52000,0.0,0.0
2004-12-02 00:00:00+09:00,1253.6663205496077,1267.5381470563807,1246.7304072962213,1264.0701904296875,46500,0.0,0.0
2004-12-03 00:00:00+09:00,1265.8041381835938,1269.2720947265625,1251.9323120117188,1255.4002685546875,24000,0.0,0.0
2004-12-06 00:00:00+09:00,1246.7306827980829,1251.9326188876437,1244.9967041015625,1244.9967041015625,14500,0.0,0.0
2004-12-07 00:00:00+09:00,1243.262451171875,1255.4002993702059,1241.5284728578279,1243.262451171875,36000,0.0,0.0
2004-12-08 00:00:00+09:00,1229.390624659497,1244.9964294859224,1229.390624659497,1243.262451171875,17500,0.0,0.0
2004-12-09 00:00:00+09:00,1236.3263853265998,1238.0603634266372,1231.1244510264878,1234.5924072265625,38000,0.0,0.0
2004-12-10 00:00:00+09:00,1234.5929577464788,1236.3269366197183,1227.657042253521,1231.125,83000,0.0,0.0
2004-12-13 00:00:00+09:00,1258.8685016605625,1258.8685016605625,1238.0607578314623,1250.1986083984375,41500,0.0,0.0
2004-12-14 00:00:00+09:00,1244.9964289828747,1264.0701904296875,1238.060515729488,1264.0701904296875,32500,0.0,0.0
2004-12-15 00:00:00+09:00,1265.8043222979081,1272.7402363926913,1244.996580013559,1258.868408203125,75500,0.0,0.0
2004-12-16 00:00:00+09:00,1250.1985155846462,1262.3363652505166,1250.1985155846462,1258.868408203125,17000,0.0,0.0
2004-12-17 00:00:00+09:00,1251.932401945153,1274.47412109375,1251.932401945153,1274.47412109375,42000,0.0,0.0
2004-12-20 00:00:00+09:00,1283.1440130739795,1283.1440130739795,1257.1343371332907,1274.47412109375,44500,0.0,0.0
2004-12-21 00:00:00+09:00,1283.1440732804065,1290.0799871900304,1274.4741808933768,1284.8780517578125,29000,0.0,0.0
2004-12-22 00:00:00+09:00,1284.8780207480154,1290.0799560546875,1281.4100638769007,1290.0799560546875,23000,0.0,0.0
2004-12-23 00:00:00+09:00,1290.0799560546875,1290.0799560546875,1290.0799560546875,1290.0799560546875,0,0.0,0.0
2004-12-24 00:00:00+09:00,1291.814083996047,1307.4198917221738,1291.814083996047,1305.6859130859375,42500,0.0,0.0
2004-12-27 00:00:00+09:00,1309.1539948772843,1310.8879736784463,1298.7501220703125,1298.7501220703125,40500,0.0,0.0
2004-12-28 00:00:00+09:00,1300.483918094252,1300.483918094252,1288.346068192039,1295.281982421875,22000,0.0,0.0
2004-12-29 00:00:00+09:00,1295.281982421875,1300.483918094252,1293.5480038644162,1295.281982421875,18000,0.0,0.0
2004-12-30 00:00:00+09:00,1291.8141750579184,1303.9520263671875,1291.8141750579184,1303.9520263671875,14000,0.0,0.0
2004-12-31 00:00:00+09:00,1303.9520263671875,1303.9520263671875,1303.9520263671875,1303.9520263671875,0,0.0,0.0
2005-01-03 00:00:00+09:00,1303.9520263671875,1303.9520263671875,1303.9520263671875,1303.9520263671875,0,0.0,0.0
2005-01-04 00:00:00+09:00,1309.15377735148,1314.355712890625,1303.951841812335,1314.355712890625,7000,0.0,0.0
2005-01-05 00:00:00+09:00,1312.6217668434276,1316.0897239552992,1302.2178955078125,1302.2178955078125,51500,0.0,0.0
2005-01-06 00:00:00+09:00,1302.2178943760348,1314.3557442570363,1300.483915821606,1309.15380859375,21000,0.0,0.0
2005-01-07 00:00:00+09:00,1309.15377735148,1314.355712890625,1309.15377735148,1314.355712890625,29500,0.0,0.0
2005-01-10 00:00:00+09:00,1314.355712890625,1314.355712890625,1314.355712890625,1314.355712890625,0,0.0,0.0
2005-01-11 00:00:00+09:00,1316.0895972588555,1350.7691650390625,1314.355618869845,1350.7691650390625,99000,0.0,0.0
2005-01-12 00:00:00+09:00,1340.3652654503405,1347.3011788549995,1324.759460289858,1328.2274169921875,54500,0.0,0.0
2005-01-13 00:00:00+09:00,1324.759187179982,1342.0989671168927,1319.5572531989087,1333.4290771484375,35500,0.0,0.0
2005-01-14 00:00:00+09:00,1329.9612740563243,1349.0350341796875,1326.4933176702582,1349.0350341796875,46000,0.0,0.0
2005-01-17 00:00:00+09:00,1350.769473294237,1350.769473294237,1338.6316218012207,1340.3656005859375,22000,0.0,0.0
2005-01-18 00:00:00+09:00,1335.1632080078125,1340.3651425844662,1323.0253606622869,1335.1632080078125,47500,0.0,0.0
2005-01-19 00:00:00+09:00,1335.1632086354234,1352.5029905657536,1335.1632086354234,1349.0350341796875,44000,0.0,0.0
2005-01-20 00:00:00+09:00,1361.1732494617665,1381.9809934025834,1349.0353988296235,1355.9713134765625,86000,0.0,0.0
2005-01-21 00:00:00+09:00,1352.5030822363155,1359.4389954785531,1350.769103925756,1354.237060546875,65000,0.0,0.0
2005-01-24 00:00:00+09:00,1342.0992730940106,1354.237121817083,1338.63131631599,1350.7691650390625,41500,0.0,0.0
2005-01-25 00:00:00+09:00,1350.7691650390625,1352.5031434280727,1342.0992730940106,1350.7691650390625,35500,0.0,0.0
2005-01-26 00:00:00+09:00,1352.5031434280727,1352.5031434280727,1347.3012082610417,1350.7691650390625,27500,0.0,0.0
2005-01-27 00:00:00+09:00,1352.5032958984375,1357.705231651893,1345.5673815604969,1352.5032958984375,25000,0.0,0.0
2005-01-28 00:00:00+09:00,1354.237513973023,1366.3753662109375,1354.237513973023,1366.3753662109375,36000,0.0,0.0
2005-01-31 00:00:00+09:00,1352.503171978575,1380.246826788392,1352.503171978575,1373.3109130859375,45500,0.0,0.0
2005-02-01 00:00:00+09:00,1362.9071315340466,1385.4488525390625,1355.971217378657,1385.4488525390625,87000,0.0,0.0
2005-02-02 00:00:00+09:00,1387.1827392578125,1387.1827392578125,1380.2468255615233,1387.1827392578125,64500,0.0,0.0
2005-02-03 00:00:00+09:00,1385.4488525390625,1385.4488525390625,1368.1090671505885,1385.4488525390625,45000,0.0,0.0
2005-02-04 00:00:00+09:00,1383.714629856886,1383.714629856886,1366.3748475278524,1371.5767822265625,32000,0.0,0.0
2005-02-07 00:00:00+09:00,1371.576872643407,1407.9904179348248,1362.906980907355,1397.5865478515625,186500,0.0,0.0
2005-02-08 00:00:00+09:00,1395.852817948579,1397.586796604416,1373.3110954227016,1376.779052734375,49500,0.0,0.0
2005-02-09 00:00:00+09:00,1394.1186529541014,1402.7885450744627,1378.5128471374512,1387.1827392578125,88000,0.0,0.0
2005-02-10 00:00:00+09:00,1383.714629856886,1383.714629856886,1369.8428039936591,1371.5767822265625,41000,0.0,0.0
2005-02-11 00:00:00+09:00,1371.5767822265625,1371.5767822265625,1371.5767822265625,1371.5767822265625,0,0.0,0.0
2005-02-14 00:00:00+09:00,1376.779052734375,1385.4489460135587,1373.3110954227016,1376.779052734375,47000,0.0,0.0
2005-02-15 00:00:00+09:00,1378.512847747036,1381.980804596714,1376.778869322197,1380.246826171875,21500,0.0,0.0
2005-02-16 00:00:00+09:00,1378.5126953125,1380.2466735455973,1362.9068912146226,1378.5126953125,29000,0.0,0.0
2005-02-17 00:00:00+09:00,1354.237331728392,1369.8431396484375,1354.237331728392,1369.8431396484375,32500,0.0,0.0
2005-02-18 00:00:00+09:00,1366.3751807993544,1378.5130313902116,1357.7052875201707,1376.779052734375,44000,0.0,0.0
2005-02-21 00:00:00+09:00,1380.2467348898922,1380.2467348898922,1366.3749084085869,1368.10888671875,34000,0.0,0.0
2005-02-22 00:00:00+09:00,1368.1088868742536,1373.3108218053344,1359.4389953224522,1361.1729736328125,27000,0.0,0.0
2005-02-23 00:00:00+09:00,1347.3011474609375,1362.9069522577822,1342.099212528656,1347.3011474609375,55000,0.0,0.0
2005-02-24 00:00:00+09:00,1352.5030216646255,1376.7787169252726,1352.5030216646255,1371.5767822265625,23500,0.0,0.0
2005-02-25 00:00:00+09:00,1361.1731529951992,1394.1187452332995,1361.1731529951992,1385.4488525390625,78500,0.0,0.0
2005-02-28 00:00:00+09:00,1383.7145689769252,1385.4485471335379,1373.310700037249,1381.9805908203125,38500,0.0,0.0
2005-03-01 00:00:00+09:00,1394.1185607531056,1395.8525390625,1375.0447993497671,1395.8525390625,44000,0.0,0.0
2005-03-02 00:00:00+09:00,1378.5127258300781,1409.7243347167969,1373.310791015625,1407.9903564453125,65500,0.0,0.0
2005-03-03 00:00:00+09:00,1392.3846745300293,1404.522523498535,1387.1827392578125,1387.1827392578125,94500,0.0,0.0
2005-03-04 00:00:00+09:00,1387.1831651340399,1394.1190809597101,1381.9812282647872,1390.651123046875,29000,0.0,0.0
2005-03-07 00:00:00+09:00,1402.7881516448492,1427.0638427734375,1394.1182619560677,1427.0638427734375,72500,0.0,0.0
2005-03-08 00:00:00+09:00,1411.4581912171607,1428.7979724360448,1411.4581912171607,1414.9261474609375,85500,0.0,0.0
2005-03-09 00:00:00+09:00,1418.39453125,1427.0644244727994,1411.4586166717604,1418.39453125,43500,0.0,0.0
2005-03-10 00:00:00+09:00,1420.1284148839406,1456.5419639835288,1420.1284148839406,1440.9361572265625,95500,0.0,0.0
2005-03-11 00:00:00+09:00,1444.404207908501,1447.872165190394,1418.3945282943023,1432.266357421875,201500,0.0,0.0
2005-03-14 00:00:00+09:00,1420.1280517578125,1435.733854524382,1418.3940736726381,1420.1280517578125,45500,0.0,0.0
2005-03-15 00:00:00+09:00,1413.1924449793341,1421.8623372798208,1402.78857421875,1402.78857421875,60000,0.0,0.0
2005-03-16 00:00:00+09:00,1416.6603382484225,1446.1379707456356,1416.6603382484225,1434.0001220703125,66000,0.0,0.0
2005-03-17 00:00:00+09:00,1428.7981560064447,1456.541809521133,1428.7981560064447,1446.137939453125,37000,0.0,0.0
2005-03-18 00:00:00+09:00,1619.5360107421875,1619.5360107421875,1619.5360107421875,1619.5360107421875,78000,0.0,0.0
2005-03-21 00:00:00+09:00,1619.5360107421875,1619.5360107421875,1619.5360107421875,1619.5360107421875,0,0.0,0.0
2005-03-22 00:00:00+09:00,1792.9334716796875,1792.9334716796875,1792.9334716796875,1792.9334716796875,286500,0.0,0.0
2005-03-23 00:00:00+09:00,1829.3467851955088,1987.1387827810931,1707.9683255142902,1725.30810546875,2958500,0.0,0.0
2005-03-24 00:00:00+09:00,1709.7026374707232,1730.5103774805089,1664.6192007828543,1688.8948974609375,817500,0.0,0.0
2005-03-25 00:00:00+09:00,1666.3531808994285,1683.6929642594641,1635.1415708513643,1640.343505859375,484500,0.0,0.0
2005-03-28 00:00:00+09:00,1583.8400726152322,1622.0886802963903,1576.885780309567,1597.7486572265625,395500,5.0,0.0
2005-03-29 00:00:00+09:00,1615.1339899393827,1674.245459969457,1590.7939728681756,1594.2711181640625,746500,0.0,0.0
2005-03-30 00:00:00+09:00,1596.0100305776127,1604.7028956679046,1566.45428927062,1590.7943115234375,336500,0.0,0.0
2005-03-31 00:00:00+09:00,1608.1797072271982,1608.1797072271982,1587.316835349656,1602.9639892578125,194500,0.0,0.0
2005-04-01 00:00:00+09:00,1597.748271288427,1604.7025619142744,1554.2839548768811,1602.9639892578125,167000,0.0,0.0
2005-04-04 00:00:00+09:00,1602.9641591682473,1639.4741888239232,1583.8398579200361,1632.5198974609375,162500,0.0,0.0
2005-04-05 00:00:00+09:00,1618.6111473696196,1630.781155996459,1578.623976167148,1580.362548828125,282000,0.0,0.0
2005-04-06 00:00:00+09:00,1582.1015132869686,1582.1015132869686,1538.637185998865,1543.8529052734375,324000,0.0,0.0
2005-04-07 00:00:00+09:00,1543.852936630949,1547.3300828846222,1509.0814740942158,1516.0357666015625,279000,0.0,0.0
2005-04-08 00:00:00+09:00,1517.7741290928968,1536.8984308340443,1510.8198375506613,1528.20556640625,402500,0.0,0.0
2005-04-11 00:00:00+09:00,1545.5910840216484,1601.2254087558358,1538.6367934298748,1594.2711181640625,480500,0.0,0.0
2005-04-12 00:00:00+09:00,1582.101325435915,1582.101325435915,1545.5912948489322,1559.4998779296875,290500,0.0,0.0
2005-04-13 00:00:00+09:00,1569.9314918645082,1578.6243572679662,1545.5914687348259,1566.454345703125,204000,0.0,0.0
2005-04-14 00:00:00+09:00,1564.7151446101643,1564.7151446101643,1540.3751312495617,1549.0679931640625,143000,0.0,0.0
2005-04-15 00:00:00+09:00,1538.6370243438303,1538.6370243438303,1517.7741494374732,1522.9898681640625,130500,0.0,0.0
2005-04-18 00:00:00+09:00,1477.7870645328444,1484.7413566012342,1444.7541772079926,1448.2313232421875,176500,0.0,0.0
2005-04-19 00:00:00+09:00,1483.0032101685972,1512.5589599609375,1465.6174749966324,1512.5589599609375,229500,0.0,0.0
2005-04-20 00:00:00+09:00,1526.4665344595212,1526.4665344595212,1486.4793701171875,1486.4793701171875,108000,0.0,0.0
2005-04-21 00:00:00+09:00,1455.1853747965963,1514.2968476079275,1455.1853747965963,1510.8197021484375,162500,0.0,0.0
2005-04-22 00:00:00+09:00,1512.558369884029,1517.7740884008704,1493.4340686556102,1507.3426513671875,104500,0.0,0.0
2005-04-25 00:00:00+09:00,1507.3428062596092,1536.8985475588172,1507.3428062596092,1519.5128173828125,109500,0.0,0.0
2005-04-26 00:00:00+09:00,1502.1270276372832,1519.5127571238258,1498.6498817399747,1503.8656005859375,88500,0.0,0.0
2005-04-27 00:00:00+09:00,1496.9114318022857,1543.8529052734375,1496.9114318022857,1543.8529052734375,116000,0.0,0.0
2005-04-28 00:00:00+09:00,1535.159878526104,1535.159878526104,1516.0355765286101,1522.9898681640625,60500,0.0,0.0
2005-04-29 00:00:00+09:00,1522.9898681640625,1522.9898681640625,1522.9898681640625,1522.9898681640625,0,0.0,0.0
2005-05-02 00:00:00+09:00,1521.25146484375,1522.9900379464284,1502.1271607142855,1521.25146484375,58500,0.0,0.0
2005-05-03 00:00:00+09:00,1521.25146484375,1521.25146484375,1521.25146484375,1521.25146484375,0,0.0,0.0
2005-05-04 00:00:00+09:00,1521.25146484375,1521.25146484375,1521.25146484375,1521.25146484375,0,0.0,0.0
2005-05-05 00:00:00+09:00,1521.25146484375,1521.25146484375,1521.25146484375,1521.25146484375,0,0.0,0.0
2005-05-06 00:00:00+09:00,1521.2516784667969,1557.76171875,1512.5588117327009,1557.76171875,227000,0.0,0.0
2005-05-09 00:00:00+09:00,1556.0228688912666,1556.0228688912666,1538.6371385125933,1545.5914306640625,60500,0.0,0.0
2005-05-10 00:00:00+09:00,1547.3297043277719,1556.0225678352313,1533.4211227158369,1538.6368408203125,65500,0.0,0.0
2005-05-11 00:00:00+09:00,1540.3757689732142,1540.3757689732142,1496.9114414062499,1521.25146484375,127000,0.0,0.0
2005-05-12 00:00:00+09:00,1522.9898822274624,1524.7284551523796,1509.081298828125,1509.081298828125,67000,0.0,0.0
2005-05-13 00:00:00+09:00,1503.865635891988,1507.342781870929,1481.2641870288714,1484.7413330078125,152000,0.0,0.0
2005-05-16 00:00:00+09:00,1481.2640719056553,1489.9569361774022,1462.1397705078125,1462.1397705078125,70500,0.0,0.0
2005-05-17 00:00:00+09:00,1476.048360188802,1484.741224500868,1434.3226114908855,1439.538330078125,111000,0.0,0.0
2005-05-18 00:00:00+09:00,1439.5385112147178,1467.355680513553,1439.5385112147178,1455.1856689453125,86500,0.0,0.0
2005-05-19 00:00:00+09:00,1472.5712890625,1483.002726765422,1460.4012784090908,1472.5712890625,85000,0.0,0.0
2005-05-20 00:00:00+09:00,1488.2184601739423,1488.2184601739423,1458.6627197265625,1458.6627197265625,95000,0.0,0.0
2005-05-23 00:00:00+09:00,1465.616566963958,1486.4794362445837,1465.616566963958,1479.525146484375,100000,0.0,0.0
2005-05-24 00:00:00+09:00,1493.4336595680281,1496.9108042934483,1474.3093635782163,1486.4793701171875,122000,0.0,0.0
2005-05-25 00:00:00+09:00,1484.7415192192123,1495.1729584643122,1469.0943603515625,1469.0943603515625,132500,0.0,0.0
2005-05-26 00:00:00+09:00,1470.8322842841142,1488.2180086846356,1470.8322842841142,1479.525146484375,128500,0.0,0.0
2005-05-27 00:00:00+09:00,1477.7869733619245,1495.1727024603001,1470.8326817225743,1491.695556640625,134500,0.0,0.0
2005-05-30 00:00:00+09:00,1489.9568418354384,1503.8654237895616,1489.9568418354384,1496.9111328125,181000,0.0,0.0
2005-05-31 00:00:00+09:00,1496.9112883537045,1509.081298828125,1484.741277879284,1509.081298828125,83500,0.0,0.0
2005-06-01 00:00:00+09:00,1486.4800027901786,1521.25146484375,1481.264283482143,1521.25146484375,189000,0.0,0.0
2005-06-02 00:00:00+09:00,1529.9441739271313,1538.6370385517173,1509.081298828125,1509.081298828125,140500,0.0,0.0
2005-06-03 00:00:00+09:00,1526.4666382256387,1538.6366455919024,1514.296630859375,1514.296630859375,92000,0.0,0.0
2005-06-06 00:00:00+09:00,1531.6822693350607,1549.0679931640625,1528.2051245692603,1549.0679931640625,112500,0.0,0.0
2005-06-07 00:00:00+09:00,1550.8065655469627,1550.8065655469627,1522.98940742056,1549.0679931640625,131000,0.0,0.0
2005-06-08 00:00:00+09:00,1543.8531451284684,1547.3302918517306,1460.4016237701728,1535.1602783203125,119500,0.0,0.0
2005-06-09 00:00:00+09:00,1529.9442554884154,1533.4214015236162,1502.1270872068078,1519.5128173828125,98500,0.0,0.0
2005-06-10 00:00:00+09:00,1521.251422998989,1536.8985804926929,1517.774276889277,1531.682861328125,101500,0.0,0.0
2005-06-13 00:00:00+09:00,1517.774102135966,1529.9441121187285,1516.0355292812856,1524.7283935546875,56000,0.0,0.0
2005-06-14 00:00:00+09:00,1524.7284551523796,1524.7284551523796,1509.081298828125,1509.081298828125,82500,0.0,0.0
2005-06-15 00:00:00+09:00,1514.297038277863,1514.297038277863,1498.6498817399747,1503.8656005859375,65500,0.0,0.0
2005-06-16 00:00:00+09:00,1516.0361069953303,1517.7746805125269,1509.0818129265444,1512.5589599609375,57000,0.0,0.0
2005-06-17 00:00:00+09:00,1521.2516914272633,1538.637425043575,1517.774544704001,1535.1602783203125,89000,0.0,0.0
2005-06-20 00:00:00+09:00,1540.3755766051622,1540.3755766051622,1514.2969833217792,1528.20556640625,65000,0.0,0.0
2005-06-21 00:00:00+09:00,1524.728611049107,1526.4671841517857,1519.5128917410714,1521.25146484375,28000,0.0,0.0
2005-06-22 00:00:00+09:00,1522.9898477495735,1531.6827121773679,1517.7741290928968,1528.20556640625,51500,0.0,0.0
2005-06-23 00:00:00+09:00,1522.9900112086555,1522.9900112086555,1514.2971458478753,1517.7742919921875,55500,0.0,0.0
2005-06-24 00:00:00+09:00,1514.297098330011,1521.251390400413,1507.3428062596092,1519.5128173828125,103500,0.0,0.0
2005-06-27 00:00:00+09:00,1517.7742260543237,1517.7742260543237,1493.4342041015625,1493.4342041015625,79500,0.0,0.0
2005-06-28 00:00:00+09:00,1493.4341771805719,1498.6498960764295,1486.4798853194284,1489.95703125,140500,0.0,0.0
2005-06-29 00:00:00+09:00,1491.69515356474,1495.1722984448443,1476.0480016042707,1479.525146484375,262000,0.0,0.0
2005-06-30 00:00:00+09:00,1481.263653029057,1496.9108042934483,1470.8322188527961,1486.4793701171875,247000,0.0,0.0
2005-07-01 00:00:00+09:00,1488.218505859375,1495.17279794283,1481.2642137759199,1488.218505859375,97500,0.0,0.0
2005-07-04 00:00:00+09:00,1495.1727770981884,1500.3884960880657,1488.2184851116851,1493.4342041015625,131000,0.0,0.0
2005-07-05 00:00:00+09:00,1495.1722319307382,1495.1722319307382,1481.263653029057,1486.4793701171875,99000,0.0,0.0
2005-07-06 00:00:00+09:00,1488.2180086846356,1488.2180086846356,1479.525146484375,1479.525146484375,93000,0.0,0.0
2005-07-07 00:00:00+09:00,1488.218445616883,1488.218445616883,1463.878424310065,1472.5712890625,123500,0.0,0.0
2005-07-08 00:00:00+09:00,1474.3096871370499,1496.9111328125,1472.5711143927845,1496.9111328125,223000,0.0,0.0
2005-07-11 00:00:00+09:00,1507.3430916922432,1559.500292096819,1507.3430916922432,1557.76171875,571500,0.0,0.0
2005-07-12 00:00:00+09:00,1608.1798844418283,1644.689914250778,1589.0555831133308,1641.2127685546875,841000,0.0,0.0
2005-07-13 00:00:00+09:00,1606.4414538613894,1615.1343188714618,1582.1014318331866,1604.702880859375,486000,0.0,0.0
2005-07-14 00:00:00+09:00,1608.180026863404,1613.3957458694474,1597.748588851317,1604.702880859375,106000,0.0,0.0
2005-07-15 00:00:00+09:00,1608.1800956850602,1611.6572418378928,1596.0100841501462,1597.7486572265625,93500,0.0,0.0
2005-07-18 00:00:00+09:00,1597.7486572265625,1597.7486572265625,1597.7486572265625,1597.7486572265625,0,0.0,0.0
2005-07-19 00:00:00+09:00,1594.2711854163815,1594.2711854163815,1575.1468854822701,1587.31689453125,150000,0.0,0.0
2005-07-20 00:00:00+09:00,1596.0096908120058,1599.4868361078925,1590.7939728681756,1594.2711181640625,83500,0.0,0.0
2005-07-21 00:00:00+09:00,1594.271409880126,1606.4414206425697,1590.794263947999,1592.5328369140625,141500,0.0,0.0
2005-07-22 00:00:00+09:00,1590.7943592029796,1592.5329322731468,1580.3629207819765,1589.0557861328125,66500,0.0,0.0
2005-07-25 00:00:00+09:00,1589.055738505379,1601.225749631788,1583.840019451204,1590.7943115234375,92500,0.0,0.0
2005-07-26 00:00:00+09:00,1590.7943115234375,1592.5328845414958,1585.5785924692623,1590.7943115234375,42000,0.0,0.0
2005-07-27 00:00:00+09:00,1585.5785778372156,1604.702880859375,1582.1014318331866,1604.702880859375,115500,0.0,0.0
2005-07-28 00:00:00+09:00,1609.9184978982678,1609.9184978982678,1592.53276897928,1599.487060546875,99000,0.0,0.0
2005-07-29 00:00:00+09:00,1606.4414206425697,1608.1799936086331,1589.0556909819359,1592.5328369140625,40000,0.0,0.0
2005-08-01 00:00:00+09:00,1590.7944548757453,1590.7944548757453,1580.3630158273797,1585.5787353515625,90000,0.0,0.0
2005-08-02 00:00:00+09:00,1583.8398020641423,1585.578374843576,1538.636909798865,1562.9769287109375,196000,0.0,0.0
2005-08-03 00:00:00+09:00,1561.2385461221195,1566.4542650958012,1552.5456811659828,1556.0228271484375,164000,0.0,0.0
2005-08-04 00:00:00+09:00,1556.0230929113825,1562.9773860640591,1547.330226470537,1550.807373046875,55000,0.0,0.0
2005-08-05 00:00:00+09:00,1543.852851695065,1556.022862913382,1521.2514022896191,1536.8985595703125,107500,0.0,0.0
2005-08-08 00:00:00+09:00,1514.2973082810304,1550.8073467126053,1510.8201617637376,1547.3302001953125,90000,0.0,0.0
2005-08-09 00:00:00+09:00,1552.5457610575922,1582.1015034293493,1538.6371764120595,1566.454345703125,89500,0.0,0.0
2005-08-10 00:00:00+09:00,1564.715449154573,1589.055467252533,1564.715449154573,1587.31689453125,89000,0.0,0.0
2005-08-11 00:00:00+09:00,1587.3169145185868,1590.7940600049365,1575.1469053163632,1582.1011962890625,92000,0.0,0.0
2005-08-12 00:00:00+09:00,1573.4082581842167,1585.578266811056,1568.1925402012857,1580.362548828125,42500,0.0,0.0
2005-08-15 00:00:00+09:00,1580.3626911087542,1583.839836743757,1568.1926813862444,1575.14697265625,52500,0.0,0.0
2005-08-16 00:00:00+09:00,1575.1469252816635,1583.8397891077211,1573.408352516452,1576.885498046875,51500,0.0,0.0
2005-08-17 00:00:00+09:00,1585.5787033839779,1585.5787033839779,1571.6701182665745,1573.40869140625,79500,0.0,0.0
2005-08-18 00:00:00+09:00,1580.3629839649516,1582.101557104627,1571.6701182665745,1573.40869140625,49000,0.0,0.0
2005-08-19 00:00:00+09:00,1578.6241455078125,1582.1012912027636,1573.4084269653858,1578.6241455078125,49500,0.0,0.0
2005-08-22 00:00:00+09:00,1585.5783417754121,1585.5783417754121,1573.4083325731885,1582.1011962890625,88500,0.0,0.0
2005-08-23 00:00:00+09:00,1576.8855109464075,1582.1012292847086,1557.7612103726362,1562.9769287109375,127500,0.0,0.0
2005-08-24 00:00:00+09:00,1571.6697450086806,1582.1011813693576,1561.2383086480036,1564.7154541015625,121000,0.0,0.0
2005-08-25 00:00:00+09:00,1580.362548828125,1580.362548828125,1564.7153948793316,1580.362548828125,63500,0.0,0.0
2005-08-26 00:00:00+09:00,1580.3626036461187,1587.31689453125,1576.8854582035528,1587.31689453125,77500,0.0,0.0
2005-08-29 00:00:00+09:00,1594.2712256989905,1594.2712256989905,1575.1469252816635,1576.885498046875,72000,0.0,0.0
2005-08-30 00:00:00+09:00,1578.624368611073,1589.055807170177,1578.624368611073,1583.840087890625,61500,0.0,0.0
2005-08-31 00:00:00+09:00,1582.1012163425096,1583.8397891077211,1576.885498046875,1576.885498046875,50500,0.0,0.0
2005-09-01 00:00:00+09:00,1589.055467252533,1594.2711854163815,1587.31689453125,1587.31689453125,70500,0.0,0.0
2005-09-02 00:00:00+09:00,1594.271680644914,1601.2259736902572,1594.271680644914,1596.01025390625,81000,0.0,0.0
2005-09-05 00:00:00+09:00,1597.7486629073237,1613.3958206507034,1596.010089824726,1606.4415283203125,157000,0.0,0.0
2005-09-06 00:00:00+09:00,1608.1796320978387,1609.9182046730796,1601.225341796875,1601.225341796875,75500,0.0,0.0
2005-09-07 00:00:00+09:00,1602.9644087262081,1611.6572742832916,1592.5329700577079,1609.918701171875,129000,0.0,0.0
2005-09-08 00:00:00+09:00,1608.179695375504,1622.0882765246974,1606.4411227318549,1616.87255859375,132000,0.0,0.0
2005-09-09 00:00:00+09:00,1627.3044013734077,1649.9058513924826,1618.6115359814557,1637.73583984375,329500,0.0,0.0
2005-09-12 00:00:00+09:00,1644.6900634765625,1644.6900634765625,1635.9971984476167,1644.6900634765625,96000,0.0,0.0
2005-09-13 00:00:00+09:00,1644.6900634765625,1651.6443554997193,1641.2129174649842,1644.6900634765625,111500,0.0,0.0
2005-09-14 00:00:00+09:00,1644.690259794499,1646.4288330078125,1637.7359669412454,1646.4288330078125,86000,0.0,0.0
2005-09-15 00:00:00+09:00,1648.1668976151316,1669.0297697368421,1642.9511795847038,1651.64404296875,153000,0.0,0.0
2005-09-16 00:00:00+09:00,1655.1217139991554,1675.984592747044,1641.2131281672298,1672.5074462890625,156000,0.0,0.0
2005-09-19 00:00:00+09:00,1672.5074462890625,1672.5074462890625,1672.5074462890625,1672.5074462890625,0,0.0,0.0
2005-09-20 00:00:00+09:00,1695.1088336665646,1696.8474068292996,1681.2002483646852,1688.154541015625,136500,0.0,0.0
2005-09-21 00:00:00+09:00,1691.6313002819397,1695.10844581181,1677.7227181624582,1693.369873046875,116000,0.0,0.0
2005-09-22 00:00:00+09:00,1689.8931933493795,1715.9717920121786,1686.4160468610062,1698.5860595703125,164000,0.0,0.0
2005-09-23 00:00:00+09:00,1698.5860595703125,1698.5860595703125,1698.5860595703125,1698.5860595703125,0,0.0,0.0
2005-09-26 00:00:00+09:00,1695.1084546363702,1736.8342012120345,1686.41559076644,1733.3570556640625,174000,0.0,0.0
2005-09-27 00:00:00+09:00,1711.5706166627494,1720.2853346701972,1680.1976318359375,1680.1976318359375,115500,5.0,0.0
2005-09-28 00:00:00+09:00,1732.4857319282705,1765.601656381628,1713.313354613169,1758.6298828125,336500,0.0,0.0
2005-09-29 00:00:00+09:00,1762.1160518277077,1776.0596011992425,1711.570685355894,1729.0001220703125,114500,0.0,0.0
2005-09-30 00:00:00+09:00,1711.5706113873107,1749.915370501894,1711.5706113873107,1725.51416015625,170500,0.0,0.0
2005-10-03 00:00:00+09:00,1725.5142347274289,1739.4577840989637,1709.8277416844523,1729.0001220703125,168500,0.0,0.0
2005-10-04 00:00:00+09:00,1728.9997842934235,1751.658047595656,1728.9997842934235,1735.9715576171875,206500,0.0,0.0
2005-10-05 00:00:00+09:00,1742.943286895752,1790.0027556419373,1741.2003436088562,1784.77392578125,251000,0.0,0.0
2005-10-06 00:00:00+09:00,1786.517164607359,1824.8619232623462,1777.8024467312255,1790.0030517578125,321500,0.0,0.0
2005-10-07 00:00:00+09:00,1790.0031467411643,1812.6614144214323,1777.802541067174,1783.0313720703125,166500,0.0,0.0
2005-10-10 00:00:00+09:00,1783.0313720703125,1783.0313720703125,1783.0313720703125,1783.0313720703125,0,0.0,0.0
2005-10-11 00:00:00+09:00,1765.6016376664486,1770.8304677878696,1746.429260554572,1769.0875244140625,240000,0.0,0.0
2005-10-12 00:00:00+09:00,1755.143996027936,1776.0593167353197,1749.9151658510903,1758.6298828125,246000,0.0,0.0
2005-10-13 00:00:00+09:00,1723.7711223395056,1739.4576138471452,1716.7993483361104,1732.48583984375,181500,0.0,0.0
2005-10-14 00:00:00+09:00,1715.0563120900847,1718.5421989032761,1683.6833307713637,1694.1409912109375,262000,0.0,0.0
2005-10-17 00:00:00+09:00,1676.7115291879197,1722.0280570038094,1676.7115291879197,1687.169189453125,428500,0.0,0.0
2005-10-18 00:00:00+09:00,1704.5986887717104,1739.4575576627474,1702.8557453271585,1718.542236328125,216500,0.0,0.0
2005-10-19 00:00:00+09:00,1725.5139583591429,1763.858712989346,1725.5139583591429,1758.6298828125,190000,0.0,0.0
2005-10-20 00:00:00+09:00,1777.8020012199702,1777.8020012199702,1732.4854796202453,1741.2001953125,134500,0.0,0.0
2005-10-21 00:00:00+09:00,1730.7427194467177,1769.087472546242,1730.7427194467177,1763.858642578125,107500,0.0,0.0
2005-10-24 00:00:00+09:00,1741.2002418387976,1763.8585032441074,1728.999639543631,1737.71435546875,55000,0.0,0.0
2005-10-25 00:00:00+09:00,1727.2569202792015,1769.0875621426735,1727.2569202792015,1748.1722412109375,96500,0.0,0.0
2005-10-26 00:00:00+09:00,1735.9715264067127,1765.6015625,1735.9715264067127,1765.6015625,72000,0.0,0.0
2005-10-27 00:00:00+09:00,1749.9150548753373,1781.2880339468074,1742.943281748344,1776.0592041015625,111000,0.0,0.0
2005-10-28 00:00:00+09:00,1751.6583429725424,1795.23193359375,1751.6583429725424,1795.23193359375,84000,0.0,0.0
2005-10-31 00:00:00+09:00,1786.5167583447499,1856.2344854996668,1786.5167583447499,1838.8050537109375,187500,0.0,0.0
2005-11-01 00:00:00+09:00,1864.9492994501509,1915.4946542950615,1856.23458309758,1877.14990234375,199500,0.0,0.0
2005-11-02 00:00:00+09:00,1842.2905190957558,1849.2622902181618,1795.231064019516,1805.688720703125,202500,0.0,0.0
2005-11-03 00:00:00+09:00,1805.6887207031248,1805.6887207031248,1805.6887207031248,1805.688720703125,0,0.0,0.0
2005-11-04 00:00:00+09:00,1821.3760879664746,1821.3760879664746,1770.8307228458739,1795.23193359375,309000,0.0,0.0
2005-11-07 00:00:00+09:00,1798.7175809556159,1835.319392195992,1795.2316941708182,1803.9464111328125,206000,0.0,0.0
2005-11-08 00:00:00+09:00,1821.3756625342915,1837.0621514939169,1809.1750600101384,1826.6044921875,107500,0.0,0.0
2005-11-09 00:00:00+09:00,1845.776820591518,1845.776820591518,1812.6609002976193,1830.09033203125,115000,0.0,0.0
2005-11-10 00:00:00+09:00,1847.5199443045544,1847.5199443045544,1828.3475675240356,1844.0340576171875,88000,0.0,0.0
2005-11-11 00:00:00+09:00,1847.5199358778516,1892.8364626069308,1838.8052191991824,1871.921142578125,155000,0.0,0.0
2005-11-14 00:00:00+09:00,2220.509521484375,2220.509521484375,2220.509521484375,2220.509521484375,85500,0.0,0.0
2005-11-15 00:00:00+09:00,2255.3689263462034,2300.685458096591,2039.2439287674329,2108.961669921875,1288000,0.0,0.0
2005-11-16 00:00:00+09:00,2108.9612042462386,2108.9612042462386,2046.2152510620529,2070.616455078125,219500,0.0,0.0
2005-11-17 00:00:00+09:00,2049.700886806714,2117.6756611140795,2049.700886806714,2089.78857421875,178500,0.0,0.0
2005-11-18 00:00:00+09:00,2108.9613947464245,2117.6761112536415,2049.7013224973516,2056.673095703125,170500,0.0,0.0
2005-11-21 00:00:00+09:00,2091.53173828125,2100.246453857422,2065.3875915527346,2091.53173828125,198500,0.0,0.0
2005-11-22 00:00:00+09:00,2108.96154329292,2108.96154329292,2077.5885616571577,2100.246826171875,123000,0.0,0.0
2005-11-23 00:00:00+09:00,2100.246826171875,2100.246826171875,2100.246826171875,2100.246826171875,0,0.0,0.0
2005-11-24 00:00:00+09:00,2100.246154332299,2131.619125932283,2086.302611398972,2114.189697265625,145500,0.0,0.0
2005-11-25 00:00:00+09:00,2105.4761272229644,2126.39145299008,2082.8178576419227,2119.419677734375,121000,0.0,0.0
2005-11-28 00:00:00+09:00,2136.848342149964,2152.5348307954373,2119.4189103216613,2140.334228515625,126500,0.0,0.0
2005-11-29 00:00:00+09:00,2150.7919104160405,2199.5943200527095,2140.334251208183,2175.193115234375,175500,0.0,0.0
2005-11-30 00:00:00+09:00,2175.193411989796,2176.9363554288902,2135.105712890625,2135.105712890625,106000,0.0,0.0
2005-12-01 00:00:00+09:00,2135.1053414663706,2162.992431640625,2135.1053414663706,2162.992431640625,90000,0.0,0.0
2005-12-02 00:00:00+09:00,2164.7359030143916,2164.7359030143916,2136.8488060351406,2142.07763671875,117000,0.0,0.0
2005-12-05 00:00:00+09:00,2143.8210209242993,2154.2786844410034,2117.6768621325396,2145.56396484375,140500,0.0,0.0
2005-12-06 00:00:00+09:00,2122.9055653622277,2145.5638349432693,2110.7049586647436,2119.419677734375,210500,0.0,0.0
2005-12-07 00:00:00+09:00,2093.274959087766,2117.676165938082,2086.303185701962,2107.218505859375,125000,0.0,0.0
2005-12-08 00:00:00+09:00,2081.074700020455,2084.560587290171,2020.071672800425,2063.645263671875,174500,0.0,0.0
2005-12-09 00:00:00+09:00,2030.5286402894374,2039.2433554838126,1960.8109187344353,2034.0145263671875,267000,0.0,0.0
2005-12-12 00:00:00+09:00,2049.7018968128623,2117.67670461533,2040.9871778638283,2103.733154296875,307500,0.0,0.0
2005-12-13 00:00:00+09:00,2105.4755761555716,2115.93323630204,2070.6167090006784,2088.046142578125,148500,0.0,0.0
2005-12-14 00:00:00+09:00,2086.302780547202,2100.246324611009,2068.8733504674424,2082.81689453125,103500,0.0,0.0
2005-12-15 00:00:00+09:00,2082.8178418627476,2084.5607856634697,2056.673684851918,2067.13134765625,55000,0.0,0.0
2005-12-16 00:00:00+09:00,2058.416049271271,2089.7890288537287,2046.2154461003151,2074.1025390625,107500,0.0,0.0
2005-12-19 00:00:00+09:00,2054.9301524016814,2065.3878122103415,2032.2718894829184,2056.673095703125,71500,0.0,0.0
2005-12-20 00:00:00+09:00,2091.53173828125,2091.53173828125,2065.3875915527346,2091.53173828125,84500,0.0,0.0
2005-12-21 00:00:00+09:00,2093.275155919762,2175.193500905797,2093.275155919762,2164.73583984375,189500,0.0,0.0
2005-12-22 00:00:00+09:00,2115.933349609375,2152.5351620820247,2098.5039150985895,2115.933349609375,103000,0.0,0.0
2005-12-23 00:00:00+09:00,2115.933349609375,2115.933349609375,2115.933349609375,2115.933349609375,0,0.0,0.0
2005-12-26 00:00:00+09:00,2091.532695086705,2133.363348988439,2089.789751174133,2110.705078125,153000,0.0,0.0
2005-12-27 00:00:00+09:00,2119.4191328642382,2161.2497736444534,2103.732642571658,2105.4755859375,106000,0.0,0.0
2005-12-28 00:00:00+09:00,2138.590995379192,2149.048653058308,2095.0174217162094,2143.81982421875,75000,0.0,0.0
2005-12-29 00:00:00+09:00,2143.821214003731,2147.3071021565825,2128.1347173158983,2131.62060546875,53000,0.0,0.0
2005-12-30 00:00:00+09:00,2142.0775163734543,2142.0775163734543,2095.018042864843,2096.760986328125,48500,0.0,0.0
2006-01-02 00:00:00+09:00,2096.760986328125,2096.760986328125,2096.760986328125,2096.760986328125,0,0.0,0.0
2006-01-03 00:00:00+09:00,2096.760986328125,2096.760986328125,2096.760986328125,2096.760986328125,0,0.0,0.0
2006-01-04 00:00:00+09:00,2131.6197364251343,2131.6197364251343,2098.503812474131,2105.4755859375,51000,0.0,0.0
2006-01-05 00:00:00+09:00,2107.2187812692428,2122.9052734375,2079.3316840812295,2122.9052734375,97500,0.0,0.0
2006-01-06 00:00:00+09:00,2136.848924424913,2161.2501356336807,2126.391262478299,2133.363037109375,119000,0.0,0.0
2006-01-09 00:00:00+09:00,2133.363037109375,2133.363037109375,2133.363037109375,2133.363037109375,0,0.0,0.0
2006-01-10 00:00:00+09:00,2154.278155326076,2169.9646467483535,2143.8204943778915,2166.478759765625,216000,0.0,0.0
2006-01-11 00:00:00+09:00,2164.735236050897,2173.449951171875,2126.3904895185947,2173.449951171875,116500,0.0,0.0
2006-01-12 00:00:00+09:00,2175.1934299698796,2175.1934299698796,2156.021051981363,2169.964599609375,85500,0.0,0.0
2006-01-13 00:00:00+09:00,2154.278636329075,2164.736299612226,2128.1344781211983,2149.0498046875,68500,0.0,0.0
2006-01-16 00:00:00+09:00,2117.675454416583,2161.2490234375,2117.675454416583,2161.2490234375,89500,0.0,0.0
2006-01-17 00:00:00+09:00,2133.3627841201605,2149.049275179868,2110.7045192561395,2115.933349609375,133500,0.0,0.0
2006-01-18 00:00:00+09:00,2098.5029384815875,2100.2458811215224,1863.2056820903797,2032.2711181640625,148000,0.0,0.0
2006-01-19 00:00:00+09:00,1927.695720721472,2072.3600469600638,1925.9527770318505,2040.987060546875,273500,0.0,0.0
2006-01-20 00:00:00+09:00,2072.360101200365,2072.360101200365,1952.0969834688049,1983.469970703125,333500,0.0,0.0
2006-01-23 00:00:00+09:00,1952.0966471647166,2013.0996673886139,1936.41015625,1936.41015625,171500,0.0,0.0
2006-01-24 00:00:00+09:00,1948.610703825634,1986.955458283741,1948.610703825634,1967.7830810546875,143000,0.0,0.0
2006-01-25 00:00:00+09:00,1967.7829302300347,1973.011759982639,1955.5823274739585,1960.8111572265625,64500,0.0,0.0
2006-01-26 00:00:00+09:00,1955.5824158371136,1959.0683024963598,1918.9806059150285,1945.124755859375,114000,0.0,0.0
2006-01-27 00:00:00+09:00,1945.1246911317005,1974.754726749298,1943.381747860077,1959.0682373046875,114000,0.0,0.0
2006-01-30 00:00:00+09:00,2028.7859532973343,2047.958329144646,2007.8706341911764,2014.8424072265625,129500,0.0,0.0
2006-01-31 00:00:00+09:00,2037.5005279728239,2037.5005279728239,1981.7263475663822,1988.6981201171875,124500,0.0,0.0
2006-02-01 00:00:00+09:00,1992.1842041015625,2016.5854104510129,1969.525941062787,1992.1842041015625,67000,0.0,0.0
2006-02-02 00:00:00+09:00,2020.0715054070276,2025.3003358783142,2007.870900974026,2013.0997314453125,95500,0.0,0.0
2006-02-03 00:00:00+09:00,2006.1276838803863,2058.4159814619775,2006.1276838803863,2042.7294921875,160000,0.0,0.0
2006-02-06 00:00:00+09:00,2040.9856500836815,2060.158017420078,2040.9856500836815,2046.2144775390625,65500,0.0,0.0
2006-02-07 00:00:00+09:00,2049.7013068334227,2065.3877964265357,2027.0430440878151,2030.5289306640625,80000,0.0,0.0
2006-02-08 00:00:00+09:00,2051.4440730744345,2054.9299593498367,1988.6981201171875,1988.6981201171875,80500,0.0,0.0
2006-02-09 00:00:00+09:00,1979.98388671875,1988.698604530012,1941.6391283491967,1979.98388671875,179000,0.0,0.0
2006-02-10 00:00:00+09:00,1983.469443107415,2004.3847623668955,1943.381747860077,1959.0682373046875,133000,0.0,0.0
2006-02-13 00:00:00+09:00,1943.3822129718565,1943.3822129718565,1873.6644654212967,1906.7803955078125,80500,0.0,0.0
2006-02-14 00:00:00+09:00,1887.6079265537549,1922.466798696945,1795.2319153743006,1868.435546875,146500,0.0,0.0
2006-02-15 00:00:00+09:00,1875.4069978624827,1922.4664671397013,1847.5199049574644,1901.5511474609375,122000,0.0,0.0
2006-02-16 00:00:00+09:00,1903.293810380805,1903.293810380805,1861.4631771856227,1885.8643798828125,113500,0.0,0.0
2006-02-17 00:00:00+09:00,1898.0654073155913,1934.6672195778754,1851.0059344069402,1854.4918212890625,135500,0.0,0.0
2006-02-20 00:00:00+09:00,1856.2344494331176,1856.2344494331176,1777.8020079077744,1786.5167236328125,169000,0.0,0.0
2006-02-21 00:00:00+09:00,1779.5451393310314,1828.347552554605,1779.5451393310314,1817.889892578125,194500,0.0,0.0
2006-02-22 00:00:00+09:00,1847.5199669616877,1847.5199669616877,1795.2316660099418,1796.974609375,130000,0.0,0.0
2006-02-23 00:00:00+09:00,1802.2033643578166,1993.9271265235418,1802.2033643578166,1957.3253173828125,296500,0.0,0.0
2006-02-24 00:00:00+09:00,1929.438516026327,1955.5826693600172,1891.0937578035816,1908.523193359375,65000,0.0,0.0
2006-02-27 00:00:00+09:00,1941.6385574763892,1941.6385574763892,1884.1214368330131,1885.8643798828125,54000,0.0,0.0
2006-02-28 00:00:00+09:00,1912.0086611793156,1932.9239792596727,1868.4350818452383,1903.2939453125,113000,0.0,0.0
2006-03-01 00:00:00+09:00,1871.9210618080776,1903.2940404975984,1831.833366815912,1859.720458984375,90000,0.0,0.0
2006-03-02 00:00:00+09:00,1864.949751357817,1891.0939067506836,1851.0062018149547,1852.7491455078125,78000,0.0,0.0
2006-03-03 00:00:00+09:00,1837.0622427926935,1882.3787687059857,1816.1469231404049,1856.234619140625,159000,0.0,0.0
2006-03-06 00:00:00+09:00,1833.5762183779764,1903.2939453125002,1833.5762183779764,1903.2939453125,128000,0.0,0.0
2006-03-07 00:00:00+09:00,1870.177950629838,1905.0368127105435,1861.4632351096618,1899.8079833984375,129000,0.0,0.0
2006-03-08 00:00:00+09:00,1878.893077210967,1885.8648511523804,1833.5765465917784,1851.0059814453125,120500,0.0,0.0
2006-03-09 00:00:00+09:00,1861.4637831869538,1894.5797119140625,1856.234952335305,1894.5797119140625,70000,0.0,0.0
2006-03-10 00:00:00+09:00,1894.5790951318088,1922.4661839285973,1882.378493783214,1885.8643798828125,185000,0.0,0.0
2006-03-13 00:00:00+09:00,1915.49462890625,1938.1528911226117,1908.5228559166003,1915.49462890625,75000,0.0,0.0
2006-03-14 00:00:00+09:00,1941.6387776174363,1943.3817208648488,1910.2657991640128,1915.49462890625,56500,0.0,0.0
2006-03-15 00:00:00+09:00,1939.8959258705056,1957.3253591667367,1925.952379233521,1945.124755859375,80500,0.0,0.0
2006-03-16 00:00:00+09:00,1929.438250715791,1939.8959106112695,1908.5229309248339,1918.9805908203125,126000,0.0,0.0
2006-03-17 00:00:00+09:00,1920.723377046131,1920.723377046131,1866.692138671875,1903.2939453125,186500,0.0,0.0
2006-03-20 00:00:00+09:00,1938.15292012551,1943.3817499459924,1917.2376008435801,1922.4664306640625,87500,0.0,0.0
2006-03-21 00:00:00+09:00,1922.4664306640625,1922.4664306640625,1922.4664306640625,1922.4664306640625,0,0.0,0.0
2006-03-22 00:00:00+09:00,1922.4666381499655,1927.6954685347796,1891.0936558410813,1898.0654296875,121000,0.0,0.0
2006-03-23 00:00:00+09:00,1903.2943548387098,1915.4949596774193,1878.8931451612902,1891.09375,97500,0.0,0.0
2006-03-24 00:00:00+09:00,1906.7800158194289,1941.6388826534221,1892.8364690858316,1925.952392578125,149500,0.0,0.0
2006-03-27 00:00:00+09:00,1950.3535209465706,1985.2123863790384,1950.3535209465706,1959.0682373046875,192000,0.0,0.0
2006-03-28 00:00:00+09:00,1938.9793351316412,1972.1690714987592,1907.5364269943711,1968.6754150390625,117500,5.0,0.0
2006-03-29 00:00:00+09:00,1966.9295830862864,1966.9295830862864,1933.7398299080985,1956.4486083984375,74500,0.0,0.0
2006-03-30 00:00:00+09:00,1958.1947322253286,1965.1820461672567,1935.4859619140627,1935.4859619140625,84000,0.0,0.0
2006-03-31 00:00:00+09:00,1935.4859923480308,1945.9669634257277,1912.7772216796875,1912.7772216796875,106500,0.0,0.0
2006-04-03 00:00:00+09:00,1909.2838880811908,1947.7141218760548,1909.2838880811908,1940.726806640625,89500,0.0,0.0
2006-04-04 00:00:00+09:00,1951.2076266009365,1963.4354273047918,1942.4734832410397,1961.6885986328125,140500,0.0,0.0
2006-04-05 00:00:00+09:00,1952.9549501691547,1982.6510451180595,1940.7271463666643,1956.4486083984375,119500,0.0,0.0
2006-04-06 00:00:00+09:00,1970.4227272124363,2061.2578174740024,1963.4354125769312,2057.76416015625,210000,0.0,0.0
2006-04-07 00:00:00+09:00,2022.8273087015914,2047.2829065615415,1982.6502550745304,1993.1312255859375,287000,0.0,0.0
2006-04-10 00:00:00+09:00,2005.3594733314876,2043.7897071409761,2000.118986902921,2021.0809326171875,164500,0.0,0.0
2006-04-11 00:00:00+09:00,2042.042742258095,2042.042742258095,2010.5998257819224,2029.81494140625,98500,0.0,0.0
2006-04-12 00:00:00+09:00,2028.0682664954143,2029.8150953209918,1998.3721764605978,2008.8531494140625,96500,0.0,0.0
2006-04-13 00:00:00+09:00,2015.83998596991,2031.5614416663823,1979.1565893448076,2000.1185302734375,83000,0.0,0.0
2006-04-14 00:00:00+09:00,2014.0936173790985,2022.8277614267097,1991.38484285531,2021.0809326171875,58500,0.0,0.0
2006-04-17 00:00:00+09:00,2022.8279972471041,2057.7645775104393,2005.3597071154365,2026.3216552734375,169000,0.0,0.0
2006-04-18 00:00:00+09:00,2052.523674179621,2059.5109888151264,2017.5871010020958,2057.76416015625,95500,0.0,0.0
2006-04-19 00:00:00+09:00,2061.258532549884,2087.460971522976,2047.2838984309017,2068.245849609375,104500,0.0,0.0
2006-04-20 00:00:00+09:00,2085.7128784179686,2099.68750406901,2064.750939941406,2096.19384765625,142000,0.0,0.0
2006-04-21 00:00:00+09:00,2082.219709458403,2096.1943383809426,2076.979223612451,2094.447509765625,74500,0.0,0.0
2006-04-24 00:00:00+09:00,2069.991501261218,2080.4724708878575,2026.3207944835553,2031.561279296875,135500,0.0,0.0
2006-04-25 00:00:00+09:00,2035.0558791140293,2069.9924607297207,2021.0812464677529,2052.524169921875,72500,0.0,0.0
2006-04-26 00:00:00+09:00,2071.7384874402533,2101.4345703125,2054.2702033977557,2101.4345703125,110500,0.0,0.0
2006-04-27 00:00:00+09:00,2099.687730801816,2122.3964999369437,2096.194074011796,2110.168701171875,87500,0.0,0.0
2006-04-28 00:00:00+09:00,2117.156005859375,2120.6496626347207,2080.4726097182474,2117.156005859375,140000,0.0,0.0
2006-05-01 00:00:00+09:00,2104.928211558949,2118.9028386896307,2103.1813831676136,2113.662353515625,90500,0.0,0.0
2006-05-02 00:00:00+09:00,2115.4098429757028,2159.08056640625,2111.916185101259,2159.08056640625,158500,0.0,0.0
2006-05-03 00:00:00+09:00,2159.08056640625,2159.08056640625,2159.08056640625,2159.08056640625,0,0.0,0.0
2006-05-04 00:00:00+09:00,2159.08056640625,2159.08056640625,2159.08056640625,2159.08056640625,0,0.0,0.0
2006-05-05 00:00:00+09:00,2159.08056640625,2159.08056640625,2159.08056640625,2159.08056640625,0,0.0,0.0
2006-05-08 00:00:00+09:00,2162.573268096301,2166.0669244260207,2131.1303611288267,2139.864501953125,139500,0.0,0.0
2006-05-09 00:00:00+09:00,2132.877671220775,2162.573756733267,2132.877671220775,2143.358642578125,90000,0.0,0.0
2006-05-10 00:00:00+09:00,2127.6369851219733,2139.864783887042,2080.472618456708,2110.168701171875,110000,0.0,0.0
2006-05-11 00:00:00+09:00,2075.2325601352727,2159.080340342758,2022.827697505594,2146.8525390625,191500,0.0,0.0
2006-05-12 00:00:00+09:00,2096.1938076331967,2138.1176837858607,2096.1938076331967,2131.13037109375,167500,0.0,0.0
2006-05-15 00:00:00+09:00,2136.3715134765625,2183.535888671875,2129.3841986328125,2183.535888671875,189000,0.0,0.0
2006-05-16 00:00:00+09:00,2201.0037893547383,2225.4593870142353,2089.2067714827513,2101.4345703125,205500,0.0,0.0
2006-05-17 00:00:00+09:00,2106.6753524547908,2113.6626670566307,2010.5997766794892,2064.75146484375,260500,0.0,0.0
2006-05-18 00:00:00+09:00,2063.00463619329,2103.181695153871,2029.8148918345496,2064.75146484375,255000,0.0,0.0
2006-05-19 00:00:00+09:00,2033.309294978439,2066.4990515115924,2017.5878313574717,2050.777587890625,236500,0.0,0.0
2006-05-22 00:00:00+09:00,2120.6501996473253,2152.0931185877303,2069.9921635766723,2085.713623046875,231000,0.0,0.0
2006-05-23 00:00:00+09:00,2050.777587890625,2092.701490879871,2033.309294978439,2050.777587890625,177000,0.0,0.0
2006-05-24 00:00:00+09:00,2019.334085471032,2049.030174963253,2007.1062839154117,2033.3087158203125,96500,0.0,0.0
2006-05-25 00:00:00+09:00,2031.561635884446,2057.7640645501956,2022.827492995863,2038.5489501953125,94000,0.0,0.0
2006-05-26 00:00:00+09:00,2073.4855858637043,2080.472900390625,2054.2704709146724,2080.472900390625,73000,0.0,0.0
2006-05-29 00:00:00+09:00,2101.4346088068482,2118.9028931693324,2049.0297557193953,2071.738525390625,79000,0.0,0.0
2006-05-30 00:00:00+09:00,2073.4856105872277,2078.7260965449036,2047.2831807988464,2063.004638671875,77500,0.0,0.0
2006-05-31 00:00:00+09:00,2010.5993400435968,2063.004188176792,2010.5993400435968,2031.561279296875,89000,0.0,0.0
2006-06-01 00:00:00+09:00,2038.5491917231313,2063.00479470867,2026.3213902303619,2040.2960205078125,75500,0.0,0.0
2006-06-02 00:00:00+09:00,2057.7639366913495,2066.4980790372383,1991.3844548625964,2042.04248046875,129500,0.0,0.0
2006-06-05 00:00:00+09:00,2042.0426948411703,2068.2451246295514,2040.2958661886114,2063.004638671875,107000,0.0,0.0
2006-06-06 00:00:00+09:00,2063.0041607707535,2064.7509890186543,2033.3080805564414,2054.27001953125,81500,0.0,0.0
2006-06-07 00:00:00+09:00,2047.2829475759345,2106.675114997079,2045.5361191223715,2056.01708984375,143000,0.0,0.0
2006-06-08 00:00:00+09:00,2005.3598236083985,2042.0432350158692,1942.4739754813058,1956.4486083984375,124000,0.0,0.0
2006-06-09 00:00:00+09:00,2019.3344565255302,2019.3344565255302,1921.5120261056084,1956.4486083984375,338500,0.0,0.0
2006-06-12 00:00:00+09:00,1956.4485792311948,1982.6510155601839,1937.2334592566026,1973.9168701171875,172000,0.0,0.0
2006-06-13 00:00:00+09:00,1973.9162196329196,2001.8654758401112,1904.04307911494,1912.7772216796875,259000,0.0,0.0
2006-06-14 00:00:00+09:00,1856.8787438286674,1928.4987141927083,1848.1446011013454,1886.5748291015625,220500,0.0,0.0
2006-06-15 00:00:00+09:00,1904.0430491753866,1956.4479037398467,1886.5747643205664,1935.4859619140625,144500,0.0,0.0
2006-06-16 00:00:00+09:00,2005.3590245159128,2005.3590245159128,1961.688314051716,1993.1312255859375,84000,0.0,0.0
2006-06-19 00:00:00+09:00,2017.5872749981431,2021.0809326171875,1991.38484285531,2021.0809326171875,54000,0.0,0.0
2006-06-20 00:00:00+09:00,2057.763918297313,2063.004403658002,2022.8273492260514,2056.01708984375,83000,0.0,0.0
2006-06-21 00:00:00+09:00,2036.802256178733,2043.7895709512156,2012.3466544750431,2029.81494140625,67000,0.0,0.0
2006-06-22 00:00:00+09:00,2031.562630018129,2092.70166015625,2014.0943356929517,2092.70166015625,90500,0.0,0.0
2006-06-23 00:00:00+09:00,2057.764633991309,2071.7392664802146,2040.2963433801774,2066.498779296875,90500,0.0,0.0
2006-06-26 00:00:00+09:00,2033.308329004156,2066.498069769688,2028.0678436201247,2049.02978515625,63000,0.0,0.0
2006-06-27 00:00:00+09:00,2050.7761286760783,2061.2570969657345,2026.3205360002135,2045.53564453125,84000,0.0,0.0
2006-06-28 00:00:00+09:00,2010.6001941549368,2040.2962873787717,1980.904100931102,2026.3216552734375,75000,0.0,0.0
2006-06-29 00:00:00+09:00,1991.3853179431353,2043.7901947311125,1982.6511718118059,2024.5750732421875,112000,0.0,0.0
2006-06-30 00:00:00+09:00,2059.511463052422,2078.726582724667,2033.3090271357248,2066.498779296875,61000,0.0,0.0
2006-07-03 00:00:00+09:00,2082.21996538683,2101.4350825170777,2059.5111905965373,2085.713623046875,134000,0.0,0.0
2006-07-04 00:00:00+09:00,2094.4472368196293,2118.902834247048,2087.4599232689384,2117.156005859375,73500,0.0,0.0
2006-07-05 00:00:00+09:00,2115.408917536501,2143.358168304944,2096.1938076331967,2131.13037109375,61000,0.0,0.0
2006-07-06 00:00:00+09:00,2115.40966796875,2125.890640724995,2089.207236078138,2115.40966796875,71000,0.0,0.0
2006-07-07 00:00:00+09:00,2111.916010383335,2129.38429831041,2104.9286952125053,2115.40966796875,58000,0.0,0.0
2006-07-10 00:00:00+09:00,2111.915971615964,2141.612060546875,2090.954026488262,2141.612060546875,64000,0.0,0.0
2006-07-11 00:00:00+09:00,2113.662800376606,2143.3588893075166,2108.42231409468,2141.612060546875,50500,0.0,0.0
2006-07-12 00:00:00+09:00,2141.611340131916,2178.294731765497,2117.1557457095287,2131.13037109375,137500,0.0,0.0
2006-07-13 00:00:00+09:00,2096.1943481956064,2108.422148560081,2054.2704612316943,2087.460205078125,170000,0.0,0.0
2006-07-14 00:00:00+09:00,2083.9665380737206,2099.6879956115777,2052.5236229980064,2094.447509765625,125500,0.0,0.0
2006-07-17 00:00:00+09:00,2159.08056640625,2159.08056640625,2159.08056640625,2159.08056640625,125500,0.0,0.0
2006-07-18 00:00:00+09:00,2129.3840428481867,2148.5991572627313,2108.4220998505016,2122.396728515625,215500,0.0,0.0
2006-07-19 00:00:00+09:00,2113.6621297200522,2120.649442545573,2082.2192220052084,2096.19384765625,139500,0.0,0.0
2006-07-20 00:00:00+09:00,2148.599415030192,2148.599415030192,2106.6755240052125,2115.40966796875,105500,0.0,0.0
2006-07-21 00:00:00+09:00,2089.207502469842,2120.650424747816,2083.967015423513,2099.6884765625,46000,0.0,0.0
2006-07-24 00:00:00+09:00,2069.9921635766723,2103.1819113471,2069.9921635766723,2085.713623046875,31000,0.0,0.0
2006-07-25 00:00:00+09:00,2087.460443915779,2113.6628762661862,2087.460443915779,2090.9541015625,51500,0.0,0.0
2006-07-26 00:00:00+09:00,2110.16922666719,2118.9033708173024,2082.21996538683,2085.713623046875,46500,0.0,0.0
2006-07-27 00:00:00+09:00,2101.434282326212,2139.864501953125,2101.434282326212,2139.864501953125,119000,0.0,0.0
2006-07-28 00:00:00+09:00,2141.6115988113934,2141.6115988113934,2096.1940608268123,2120.649658203125,119000,0.0,0.0
2006-07-31 00:00:00+09:00,2138.1179111741653,2155.5861947621897,2122.3964559449437,2145.105224609375,96000,0.0,0.0
2006-08-01 00:00:00+09:00,2146.8528197439095,2148.599648726614,2113.663069072523,2124.14404296875,67000,0.0,0.0
2006-08-02 00:00:00+09:00,2124.143284303746,2145.105224609375,2082.219403692488,2145.105224609375,155000,0.0,0.0
2006-08-03 00:00:00+09:00,2115.4104427789803,2132.878737104158,2092.70166015625,2092.70166015625,78500,0.0,0.0
2006-08-04 00:00:00+09:00,2113.6621297200522,2113.6621297200522,2073.485080973307,2096.19384765625,48500,0.0,0.0
2006-08-07 00:00:00+09:00,2094.4480678607047,2099.6885551030587,2052.524169921875,2052.524169921875,61500,0.0,0.0
2006-08-08 00:00:00+09:00,2056.0173290145913,2064.7514722984256,2036.802213790156,2059.510986328125,99000,0.0,0.0
2006-08-09 00:00:00+09:00,2045.5363521462875,2066.4982959769927,2015.840265052789,2063.004638671875,94000,0.0,0.0
2006-08-10 00:00:00+09:00,2063.0044220988825,2063.0044220988825,2017.5868819002621,2042.04248046875,46500,0.0,0.0
2006-08-11 00:00:00+09:00,2029.8154743863067,2040.2964492970793,1994.8788913503977,2003.613037109375,90500,0.0,0.0
2006-08-14 00:00:00+09:00,1998.372634848199,2040.2965362785808,1991.3853179431353,2024.5750732421875,76000,0.0,0.0
2006-08-15 00:00:00+09:00,2024.5748262602708,2049.0304324446056,2019.3343392207705,2026.3216552734375,54500,0.0,0.0
2006-08-16 00:00:00+09:00,2043.7890963496534,2066.4978640868717,2014.0930154625216,2015.83984375,86000,0.0,0.0
2006-08-17 00:00:00+09:00,2026.3214376698368,2029.8150953209918,2008.8531494140625,2008.8531494140625,131000,0.0,0.0
2006-08-18 00:00:00+09:00,2021.0809142646922,2040.2960309949528,2017.5872566773721,2033.3087158203125,58000,0.0,0.0
2006-08-21 00:00:00+09:00,2066.4984816647648,2066.4984816647648,2019.3341038076653,2021.0809326171875,105000,0.0,0.0
2006-08-22 00:00:00+09:00,2033.3087342838428,2033.3087342838428,2012.3467885695763,2021.0809326171875,75500,0.0,0.0
2006-08-23 00:00:00+09:00,2021.0803328620063,2033.3081309000652,2012.34619140625,2012.34619140625,58500,0.0,0.0
2006-08-24 00:00:00+09:00,2017.587446927815,2024.5747627613312,1989.63818359375,1989.63818359375,90000,0.0,0.0
2006-08-25 00:00:00+09:00,1991.38427734375,2021.0803586725604,1984.3969640899122,1991.38427734375,84500,0.0,0.0
2006-08-28 00:00:00+09:00,2005.3595705738458,2005.3595705738458,1954.7015326412313,1958.1951904296875,91000,0.0,0.0
2006-08-29 00:00:00+09:00,1966.9289598566781,1980.903588345891,1958.1948170509204,1963.435302734375,41000,0.0,0.0
2006-08-30 00:00:00+09:00,1965.1818978562753,1965.1818978562753,1954.700927734375,1954.700927734375,89500,0.0,0.0
2006-08-31 00:00:00+09:00,1952.954548507771,1996.625267392113,1952.954548507771,1980.90380859375,89500,0.0,0.0
2006-09-01 00:00:00+09:00,1980.9035573672493,1989.637700036417,1980.9035573672493,1986.14404296875,33000,0.0,0.0
2006-09-04 00:00:00+09:00,1989.6380428826828,2014.093646570442,1989.6380428826828,2001.8658447265625,79500,0.0,0.0
2006-09-05 00:00:00+09:00,1998.3717108416413,2007.1058529344805,1991.3843971673698,1993.1312255859375,64000,0.0,0.0
2006-09-06 00:00:00+09:00,1996.6250237029733,2001.8655093294904,1977.4099097390779,1979.15673828125,76000,0.0,0.0
2006-09-07 00:00:00+09:00,1979.1570512311569,1979.1570512311569,1930.2458443163532,1933.739501953125,108000,0.0,0.0
2006-09-08 00:00:00+09:00,1940.7271463666643,1963.4359248570033,1937.2334881373815,1956.4486083984375,119500,0.0,0.0
2006-09-11 00:00:00+09:00,1958.1951107801895,1987.8912007741799,1930.245849609375,1930.245849609375,69000,0.0,0.0
2006-09-12 00:00:00+09:00,1945.9669328269547,1947.7137613124366,1925.0049910011705,1935.4859619140625,94000,0.0,0.0
2006-09-13 00:00:00+09:00,1940.7268386299336,1949.4609828181872,1919.7648925781252,1919.764892578125,76500,0.0,0.0
2006-09-14 00:00:00+09:00,1945.9676337105886,1958.195437513079,1938.9803172520228,1956.4486083984375,60500,0.0,0.0
2006-09-15 00:00:00+09:00,1961.6890957423618,1968.6764122009276,1949.4612919398717,1956.4486083984375,76500,0.0,0.0
2006-09-18 00:00:00+09:00,1956.4486083984375,1956.4486083984375,1956.4486083984375,1956.4486083984375,0,0.0,0.0
2006-09-19 00:00:00+09:00,1965.181758579366,1991.384182027091,1963.4349303495176,1968.6754150390625,70000,0.0,0.0
2006-09-20 00:00:00+09:00,1991.3847065057455,1991.3847065057455,1942.4735031880605,1947.7139892578125,112000,0.0,0.0
2006-09-21 00:00:00+09:00,1954.7015572966432,1963.4357018779508,1942.4737548828125,1942.4737548828125,77000,0.0,0.0
2006-09-22 00:00:00+09:00,1942.4729915913376,1982.6500408778493,1942.4729915913376,1968.6754150390625,105500,0.0,0.0
2006-09-25 00:00:00+09:00,1973.916112981691,1994.8780540045054,1970.4224561445553,1993.1312255859375,139000,0.0,0.0
2006-09-26 00:00:00+09:00,1987.0035787521738,1997.5075624283968,1943.2369801012449,1981.7515869140625,53000,5.0,0.0
2006-09-27 00:00:00+09:00,1994.0067834547024,2011.513427734375,1987.0041257428334,2011.513427734375,53500,0.0,0.0
2006-09-28 00:00:00+09:00,2009.763074898098,2022.017727793818,2004.5110807999322,2013.264404296875,78000,0.0,0.0
2006-09-29 00:00:00+09:00,2016.7660200523105,2016.7660200523105,1978.2513911971448,2008.0126953125,103500,0.0,0.0
2006-10-02 00:00:00+09:00,1983.5032889530578,2034.272569958917,1983.5032889530578,2030.771240234375,103000,0.0,0.0
2006-10-03 00:00:00+09:00,2023.7683655104713,2023.7683655104713,1997.5083953697645,2006.26171875,178500,0.0,0.0
2006-10-04 00:00:00+09:00,2004.5103664448966,2013.2636868223851,1971.2477490104397,1972.9984130859375,186500,0.0,0.0
2006-10-05 00:00:00+09:00,1974.749299031825,2002.7599273868866,1969.4973062152512,1997.5079345703125,52500,0.0,0.0
2006-10-06 00:00:00+09:00,1997.5078482885503,2006.26116927141,1967.746556946828,1976.4998779296875,67500,0.0,0.0
2006-10-09 00:00:00+09:00,1976.4998779296875,1976.4998779296875,1976.4998779296875,1976.4998779296875,0,0.0,0.0
2006-10-10 00:00:00+09:00,1971.2477442105042,1980.0010645666787,1957.2424316406248,1957.242431640625,68000,0.0,0.0
2006-10-11 00:00:00+09:00,1964.2457560850773,1964.2457560850773,1918.7284747497727,1923.98046875,150500,0.0,0.0
2006-10-12 00:00:00+09:00,1925.730806893676,1925.730806893676,1897.7201769752223,1918.7281494140625,69500,0.0,0.0
2006-10-13 00:00:00+09:00,1923.979912207209,1943.2372179708846,1915.2265914055383,1922.229248046875,88000,0.0,0.0
2006-10-16 00:00:00+09:00,1915.226727183949,1930.9827057439632,1911.7253986150567,1925.730712890625,62500,0.0,0.0
2006-10-17 00:00:00+09:00,1960.7441593233245,2011.513427734375,1950.2401727555211,2011.513427734375,238500,0.0,0.0
2006-10-18 00:00:00+09:00,2009.7629129800453,2034.272216796875,2004.5109193050102,2034.272216796875,155000,0.0,0.0
2006-10-19 00:00:00+09:00,2036.0230579359793,2044.7763814868647,2027.2697343850937,2032.521728515625,133000,0.0,0.0
2006-10-20 00:00:00+09:00,2057.0306255994246,2067.534611772698,2044.7759750639386,2053.529296875,157000,0.0,0.0
2006-10-23 00:00:00+09:00,2020.2660586571305,2060.531326723954,2015.0140671701536,2050.02734375,109000,0.0,0.0
2006-10-24 00:00:00+09:00,2032.521400869982,2039.524058581851,2004.510770022506,2011.513427734375,197000,0.0,0.0
2006-10-25 00:00:00+09:00,1999.25927734375,2009.7632665417032,1987.0046232794712,1999.25927734375,189500,0.0,0.0
2006-10-26 00:00:00+09:00,1980.0020076785468,1987.0046672989836,1960.7446937223451,1978.2513427734375,188000,0.0,0.0
2006-10-27 00:00:00+09:00,1972.9984130859375,1994.0063819919103,1967.7464208594442,1972.9984130859375,198000,0.0,0.0
2006-10-30 00:00:00+09:00,1969.4976400821768,2013.2642543062252,1948.4896652546336,1974.7496337890625,446500,0.0,0.0
2006-10-31 00:00:00+09:00,1951.9908999462587,1981.752196178623,1934.4842551036913,1965.9962158203125,159500,0.0,0.0
2006-11-01 00:00:00+09:00,1943.237923077055,1995.7578669440024,1941.48725828149,1994.0072021484375,198000,0.0,0.0
2006-11-02 00:00:00+09:00,1972.9993963532586,2011.5140252084243,1972.9993963532586,2008.0126953125,153000,0.0,0.0
2006-11-03 00:00:00+09:00,2008.0126953125,2008.0126953125,2008.0126953125,2008.0126953125,0,0.0,0.0
2006-11-06 00:00:00+09:00,1992.2564401815514,2043.0257167766877,1992.2564401815514,2032.521728515625,207000,0.0,0.0
2006-11-07 00:00:00+09:00,2025.5183496855366,2037.7729983007473,2002.7597165430025,2020.266357421875,98500,0.0,0.0
2006-11-08 00:00:00+09:00,2009.7630891841645,2013.2644186078303,1995.7577714895015,2001.009765625,62500,0.0,0.0
2006-11-09 00:00:00+09:00,1999.2590471847466,2004.5110411791022,1974.7497418777532,1987.00439453125,65500,0.0,0.0
2006-11-10 00:00:00+09:00,1971.2482635987635,1985.25357985879,1948.48962467622,1964.24560546875,134000,0.0,0.0
2006-11-13 00:00:00+09:00,1955.4922958852999,1969.4976122389994,1930.9829922663257,1951.990966796875,110500,0.0,0.0
2006-11-14 00:00:00+09:00,1950.240696702562,1964.246015888936,1941.4873722110783,1943.238037109375,103500,0.0,0.0
2006-11-15 00:00:00+09:00,1948.4893914717663,1960.744041732595,1930.982748242011,1936.2347412109375,105000,0.0,0.0
2006-11-16 00:00:00+09:00,1934.484034312855,1939.7360271661933,1925.730712890625,1925.730712890625,122000,0.0,0.0
2006-11-17 00:00:00+09:00,1934.4836603710592,1987.0035787521738,1934.4836603710592,1981.7515869140625,164500,0.0,0.0
2006-11-20 00:00:00+09:00,2009.7627633064076,2022.0174143021784,1995.7574478826696,2011.513427734375,283500,0.0,0.0
2006-11-21 00:00:00+09:00,2027.26937099359,2051.778672542735,2004.510733840812,2048.27734375,239500,0.0,0.0
2006-11-22 00:00:00+09:00,2043.0255805237653,2048.277574304032,2011.5136178421646,2044.7762451171875,169000,0.0,0.0
2006-11-23 00:00:00+09:00,2044.7762451171875,2044.7762451171875,2044.7762451171875,2044.7762451171875,0,0.0,0.0
2006-11-24 00:00:00+09:00,2030.7709283698096,2048.277574304032,2015.0149470290091,2044.7762451171875,95000,0.0,0.0
2006-11-27 00:00:00+09:00,2046.5279268031381,2083.2919015361285,2044.7772613396623,2074.53857421875,162500,0.0,0.0
2006-11-28 00:00:00+09:00,2050.028641843433,2074.5379509688028,2044.7766470308536,2071.03662109375,109500,0.0,0.0
2006-11-29 00:00:00+09:00,2062.282998480721,2088.54296875,2058.7816691114836,2088.54296875,118000,0.0,0.0
2006-11-30 00:00:00+09:00,2074.5374379099153,2135.8106955697017,2074.5374379099153,2127.057373046875,264000,0.0,0.0
2006-12-01 00:00:00+09:00,2116.5530576634583,2130.5583715272364,2104.298408032653,2106.049072265625,167000,0.0,0.0
2006-12-04 00:00:00+09:00,2106.0495064052193,2123.55615234375,2074.5375437158646,2123.55615234375,125500,0.0,0.0
2006-12-05 00:00:00+09:00,2134.0600472109877,2214.5906150302703,2130.5587181753667,2177.82666015625,228500,0.0,0.0
2006-12-06 00:00:00+09:00,2177.8266731823464,2179.577337710628,2135.810724503587,2165.572021484375,124500,0.0,0.0
2006-12-07 00:00:00+09:00,2172.574651985756,2172.574651985756,2144.564019889244,2158.5693359375,102000,0.0,0.0
2006-12-08 00:00:00+09:00,2186.57994225203,2214.590574018269,2183.07861328125,2183.07861328125,202000,0.0,0.0
2006-12-11 00:00:00+09:00,2214.5906440529966,2221.59330221601,2202.335992267723,2216.34130859375,133000,0.0,0.0
2006-12-12 00:00:00+09:00,2219.8428143527667,2221.5934790328556,2204.086832231966,2214.5908203125,89000,0.0,0.0
2006-12-13 00:00:00+09:00,2214.591100692749,2240.85107421875,2195.3337867736814,2240.85107421875,132000,0.0,0.0
2006-12-14 00:00:00+09:00,2247.853380033639,2249.604044659833,2235.598727650278,2244.35205078125,98000,0.0,0.0
2006-12-15 00:00:00+09:00,2242.6016339652147,2242.6016339652147,2207.588337572315,2212.84033203125,92500,0.0,0.0
2006-12-18 00:00:00+09:00,2184.8295080741627,2211.089478123131,2146.3148853356756,2195.33349609375,120500,0.0,0.0
2006-12-19 00:00:00+09:00,2204.086409348708,2214.5903954139126,2179.577108529898,2184.8291015625,70000,0.0,0.0
2006-12-20 00:00:00+09:00,2218.092232023183,2221.593561513354,2190.081596101817,2204.0869140625,119000,0.0,0.0
2006-12-21 00:00:00+09:00,2205.8372261597938,2216.341212951031,2193.5825749033506,2207.587890625,58500,0.0,0.0
2006-12-22 00:00:00+09:00,2190.0813666882987,2202.3360186202076,2174.325385632987,2191.83203125,50000,0.0,0.0
2006-12-25 00:00:00+09:00,2191.8317707808724,2191.8317707808724,2170.8237985369665,2172.574462890625,67500,0.0,0.0
2006-12-26 00:00:00+09:00,2170.8236227480875,2174.324951171875,2156.8183090529387,2174.324951171875,50000,0.0,0.0
2006-12-27 00:00:00+09:00,2176.075723365045,2176.075723365045,2156.818416078629,2170.82373046875,86000,0.0,0.0
2006-12-28 00:00:00+09:00,2177.8265364056174,2179.57720082395,2146.3145768756326,2162.070556640625,45500,0.0,0.0
2006-12-29 00:00:00+09:00,2153.31640625,2156.8177337398374,2125.305786331301,2153.31640625,28000,0.0,0.0
2007-01-04 00:00:00+09:00,2156.8184720552886,2184.8291015625,2156.8184720552886,2184.8291015625,45000,0.0,0.0
2007-01-05 00:00:00+09:00,2186.5799680340124,2186.5799680340124,2156.818671431468,2158.5693359375,86500,0.0,0.0
2007-01-09 00:00:00+09:00,2155.067768441497,2198.834376249001,2155.067768441497,2190.0810546875,111500,0.0,0.0
2007-01-10 00:00:00+09:00,2183.078449012578,2214.5904073784372,2162.070476768672,2172.574462890625,156500,0.0,0.0
2007-01-11 00:00:00+09:00,2174.3253164917883,2183.078639021948,2153.3173424194038,2158.5693359375,82000,0.0,0.0
2007-01-12 00:00:00+09:00,2158.569270703125,2202.33588203125,2158.569270703125,2188.33056640625,221000,0.0,0.0
2007-01-15 00:00:00+09:00,2202.3357775590553,2225.0944143700785,2202.3357775590553,2223.34375,178500,0.0,0.0
2007-01-16 00:00:00+09:00,2205.8373213492296,2242.60127670505,2205.8373213492296,2216.34130859375,96000,0.0,0.0
2007-01-17 00:00:00+09:00,2219.8424212598425,2228.595743110236,2197.0837844488187,2223.34375,110000,0.0,0.0
2007-01-18 00:00:00+09:00,2205.8375788075855,2216.3415672780975,2197.0842550821585,2204.0869140625,162500,0.0,0.0
2007-01-19 00:00:00+09:00,2204.0871166102293,2216.341770951986,2181.328472832681,2209.339111328125,104500,0.0,0.0
2007-01-22 00:00:00+09:00,2244.3521056745035,2244.3521056745035,2191.8321656041176,2226.845458984375,75500,0.0,0.0
2007-01-23 00:00:00+09:00,2226.845146845496,2235.5984689635993,2214.590495880151,2225.094482421875,56000,0.0,0.0
2007-01-24 00:00:00+09:00,2226.8449310661767,2239.0995808440566,2221.592938304228,2232.096923828125,47000,0.0,0.0
2007-01-25 00:00:00+09:00,2226.845187118001,2233.847844939127,2207.587878109905,2219.842529296875,64000,0.0,0.0
2007-01-26 00:00:00+09:00,2226.845282735173,2232.0972763265295,2165.5720241693466,2228.595947265625,77000,0.0,0.0
2007-01-29 00:00:00+09:00,2228.595595320159,2237.3489165900737,2212.839617034314,2232.096923828125,71500,0.0,0.0
2007-01-30 00:00:00+09:00,2214.591100692749,2247.8537338256833,2211.089770889282,2240.85107421875,85500,0.0,0.0
2007-01-31 00:00:00+09:00,2244.3519280396945,2244.3519280396945,2214.5906310220075,2228.595947265625,95500,0.0,0.0
2007-02-01 00:00:00+09:00,2230.346121060646,2277.614052982654,2225.0941286248676,2272.362060546875,141000,0.0,0.0
2007-02-02 00:00:00+09:00,2310.8779719533027,2328.3846232559795,2288.119325259823,2305.6259765625,158000,0.0,0.0
2007-02-05 00:00:00+09:00,2307.3758261494254,2307.3758261494254,2256.606555316092,2284.6171875,155500,0.0,0.0
2007-02-06 00:00:00+09:00,2298.6229898534934,2319.630968435551,2279.365676153274,2316.129638671875,122000,0.0,0.0
2007-02-07 00:00:00+09:00,2317.880303553713,2323.1322981992275,2284.6176707987884,2316.129638671875,147500,0.0,0.0
2007-02-08 00:00:00+09:00,2316.128826890519,2337.136798109481,2298.6221842080513,2326.6328125,166500,0.0,0.0
2007-02-09 00:00:00+09:00,2319.6307345960267,2410.665299274512,2303.874752247827,2366.898681640625,209500,0.0,0.0
2007-02-13 00:00:00+09:00,2363.3977814392897,2386.1564267420385,2356.3951213461364,2384.40576171875,102500,0.0,0.0
2007-02-14 00:00:00+09:00,2398.409912109375,2410.6645612953353,2391.4072554316836,2398.409912109375,156000,0.0,0.0
2007-02-15 00:00:00+09:00,2387.9065212673613,2433.423800998264,2365.1478814019097,2426.421142578125,193500,0.0,0.0
2007-02-16 00:00:00+09:00,2538.463934826736,2561.2225770010446,2505.2013039565923,2540.214599609375,361000,0.0,0.0
2007-02-19 00:00:00+09:00,2590.983752943065,2597.9864117348034,2541.965141400899,2555.970458984375,322500,0.0,0.0
2007-02-20 00:00:00+09:00,2573.4769150736547,2575.227579641732,2554.2196048248043,2569.9755859375,174500,0.0,0.0
2007-02-21 00:00:00+09:00,2554.219888378573,2569.975871240401,2541.9652350415954,2564.723876953125,170000,0.0,0.0
2007-02-22 00:00:00+09:00,2562.9722263502035,2601.486836309018,2557.7202340830927,2576.9775390625,217500,0.0,0.0
2007-02-23 00:00:00+09:00,2578.728963216146,2590.983615451389,2575.2276340060766,2583.98095703125,198500,0.0,0.0
2007-02-26 00:00:00+09:00,2590.982851774796,2606.7388285761294,2564.722890439241,2576.9775390625,206000,0.0,0.0
2007-02-27 00:00:00+09:00,2566.4736617107783,2599.7362807916134,2566.4736617107783,2573.476318359375,166000,0.0,0.0
2007-02-28 00:00:00+09:00,2491.1951723639568,2534.961777640906,2489.444508152879,2531.46044921875,154000,0.0,0.0
2007-03-01 00:00:00+09:00,2520.9567311888964,2520.9567311888964,2468.436799289128,2506.951416015625,144500,0.0,0.0
2007-03-02 00:00:00+09:00,2471.938217261108,2503.4501775378076,2433.423599145142,2452.680908203125,225000,0.0,0.0
2007-03-05 00:00:00+09:00,2419.4185784872616,2468.4371893393914,2387.9066143680357,2435.174560546875,174000,0.0,0.0
2007-03-06 00:00:00+09:00,2435.174465603299,2447.429117838542,2403.662502712674,2426.421142578125,153500,0.0,0.0
2007-03-07 00:00:00+09:00,2450.93042026622,2503.4503578433532,2449.179755680316,2482.4423828125,184500,0.0,0.0
2007-03-08 00:00:00+09:00,2484.192541061434,2484.192541061434,2429.9219499600213,2463.1845703125,151000,0.0,0.0
2007-03-09 00:00:00+09:00,2464.935212878255,2510.452482434245,2452.680563382411,2487.69384765625,258000,0.0,0.0
2007-03-12 00:00:00+09:00,2520.9574468085107,2562.973404255319,2517.4561170212764,2550.71875,229000,0.0,0.0
2007-03-13 00:00:00+09:00,2573.477200765252,2578.7291950525278,2538.463905516745,2564.723876953125,140500,0.0,0.0
2007-03-14 00:00:00+09:00,2564.723098228718,2573.476419383082,2529.709813611261,2538.463134765625,186500,0.0,0.0
2007-03-15 00:00:00+09:00,2589.2332482350803,2611.991890714496,2564.7239409495555,2597.986572265625,224500,0.0,0.0
2007-03-16 00:00:00+09:00,2599.7367207295188,2613.7420363967485,2552.4687803526185,2590.9833984375,166000,0.0,0.0
2007-03-19 00:00:00+09:00,2561.2219958183096,2601.4872766821654,2561.2219958183096,2594.484619140625,167500,0.0,0.0
2007-03-20 00:00:00+09:00,2611.9913468980085,2620.744669106112,2604.988689131526,2615.49267578125,139000,0.0,0.0
2007-03-22 00:00:00+09:00,2580.4792643229166,2603.2379009824813,2566.4739494554924,2599.736572265625,163000,0.0,0.0
2007-03-23 00:00:00+09:00,2625.9968119071104,2625.9968119071104,2589.232856540411,2606.739501953125,117500,0.0,0.0
2007-03-26 00:00:00+09:00,2624.2464491487594,2625.997113891354,2575.227836356121,2589.233154296875,127500,0.0,0.0
2007-03-27 00:00:00+09:00,2589.232598701132,2605.042024337706,2548.8307331854426,2561.126953125,127500,10.0,0.0
2007-03-28 00:00:00+09:00,2562.8833623708833,2562.8833623708833,2503.158870033248,2513.698486328125,163000,0.0,0.0
2007-03-29 00:00:00+09:00,2482.079732666016,2533.0212133789064,2457.487293701172,2459.243896484375,277000,0.0,0.0
2007-03-30 00:00:00+09:00,2525.995075973489,2554.1007235503844,2455.73095703125,2455.73095703125,205500,0.0,0.0
2007-04-02 00:00:00+09:00,2525.99549564891,2564.640767487767,2468.027587890625,2468.027587890625,283500,0.0,0.0
2007-04-03 00:00:00+09:00,2485.593306705683,2504.9159401853735,2476.8102914876417,2478.56689453125,155000,0.0,0.0
2007-04-04 00:00:00+09:00,2513.6988828686476,2569.91017864209,2513.6988828686476,2566.39697265625,288000,0.0,0.0
2007-04-05 00:00:00+09:00,2529.5089517104357,2550.5881929746893,2501.4032966914306,2541.80517578125,206500,0.0,0.0
2007-04-06 00:00:00+09:00,2564.640727973165,2571.6671409265164,2533.021869683085,2548.831298828125,115500,0.0,0.0
2007-04-09 00:00:00+09:00,2580.4493756148972,2601.528608090989,2562.8833485514874,2594.502197265625,90500,0.0,0.0
2007-04-10 00:00:00+09:00,2596.2590664724576,2596.2590664724576,2575.179831832627,2590.9892578125,100000,0.0,0.0
2007-04-11 00:00:00+09:00,2575.179776908256,2601.528819646062,2561.1269541147594,2599.772216796875,158500,0.0,0.0
2007-04-12 00:00:00+09:00,2599.7724497278023,2601.529052734375,2569.910198616064,2601.529052734375,121000,0.0,0.0
2007-04-13 00:00:00+09:00,2603.285802856778,2617.338627703508,2573.423550057476,2578.693359375,171500,0.0,0.0
2007-04-16 00:00:00+09:00,2582.206188305004,2631.3910680822423,2580.449585455817,2599.772216796875,174000,0.0,0.0
2007-04-17 00:00:00+09:00,2594.5024072466567,2594.5024072466567,2552.343938882459,2561.126953125,200500,0.0,0.0
2007-04-18 00:00:00+09:00,2562.883841992717,2601.5291089727302,2547.0744145918025,2592.74609375,138000,0.0,0.0
2007-04-19 00:00:00+09:00,2575.1806411163184,2576.937244555006,2529.5089517104357,2541.80517578125,193000,0.0,0.0
2007-04-20 00:00:00+09:00,2571.666438137755,2582.2060546875,2555.857013313138,2582.2060546875,142000,0.0,0.0
2007-04-23 00:00:00+09:00,2580.449382461905,2580.449382461905,2543.5607255308632,2554.100341796875,132000,0.0,0.0
2007-04-24 00:00:00+09:00,2554.1012836736445,2568.154110543926,2513.6994064215855,2559.37109375,159000,0.0,0.0
2007-04-25 00:00:00+09:00,2561.126807550466,2561.126807550466,2538.2909718178485,2545.3173828125,144500,0.0,0.0
2007-04-26 00:00:00+09:00,2529.508254817531,2583.962946414297,2524.2384459533278,2575.179931640625,152000,0.0,0.0
2007-04-27 00:00:00+09:00,2540.047566952913,2587.4758410246477,2529.5079504925275,2585.71923828125,153000,0.0,0.0
2007-05-01 00:00:00+09:00,2585.7191905949107,2585.7191905949107,2554.100341796875,2554.100341796875,186500,0.0,0.0
2007-05-02 00:00:00+09:00,2617.338267572839,2626.1212818935533,2587.4760188824107,2596.259033203125,218500,0.0,0.0
2007-05-07 00:00:00+09:00,2599.7722722457625,2608.5552866790254,2576.9364347192795,2590.9892578125,201000,0.0,0.0
2007-05-08 00:00:00+09:00,2578.6934217231956,2580.4500248715085,2483.836851714304,2531.26513671875,333000,0.0,0.0
2007-05-09 00:00:00+09:00,2501.402610210091,2517.212036819565,2494.3761983836584,2497.889404296875,392500,0.0,0.0
2007-05-10 00:00:00+09:00,2485.592550721813,2487.3491532311573,2462.7567181003405,2482.079345703125,344500,0.0,0.0
2007-05-11 00:00:00+09:00,2461.000856072954,2462.7574591108364,2424.1121922774278,2441.67822265625,295000,0.0,0.0
2007-05-14 00:00:00+09:00,2443.434515223462,2462.75714618497,2408.3024589298107,2452.217529296875,243500,0.0,0.0
2007-05-15 00:00:00+09:00,2420.5986638488544,2420.5986638488544,2373.1703881420917,2376.68359375,281000,0.0,0.0
2007-05-16 00:00:00+09:00,2367.9006458217336,2367.9006458217336,2345.064808732948,2366.14404296875,171500,0.0,0.0
2007-05-17 00:00:00+09:00,2371.4145968455186,2401.2768547317214,2315.2032878832547,2327.49951171875,173000,0.0,0.0
2007-05-18 00:00:00+09:00,2311.689573815467,2336.2820160901,2297.6367496585344,2331.01220703125,129000,0.0,0.0
2007-05-21 00:00:00+09:00,2332.768621170575,2343.3082384349,2297.636563622825,2322.22900390625,164500,0.0,0.0
2007-05-22 00:00:00+09:00,2287.0971646496178,2336.2820499109,2258.991515928885,2325.742431640625,237500,0.0,0.0
2007-05-23 00:00:00+09:00,2313.4455853093446,2357.3606495711015,2309.932380168404,2348.57763671875,127000,0.0,0.0
2007-05-24 00:00:00+09:00,2336.28182692535,2341.5516355575123,2311.689386641925,2322.22900390625,91000,0.0,0.0
2007-05-25 00:00:00+09:00,2318.715898407749,2323.985707267767,2297.636662967679,2306.419677734375,165000,0.0,0.0
2007-05-28 00:00:00+09:00,2320.472690148129,2336.282118014392,2306.4198653781177,2315.202880859375,145500,0.0,0.0
2007-05-29 00:00:00+09:00,2304.662511837121,2327.4983446525807,2301.149306788589,2318.71533203125,81000,0.0,0.0
2007-05-30 00:00:00+09:00,2323.9852865318144,2341.5513128850403,2323.9852865318144,2334.52490234375,134500,0.0,0.0
2007-05-31 00:00:00+09:00,2345.0647759331596,2388.9798466435186,2343.3081731047455,2371.413818359375,142500,0.0,0.0
2007-06-01 00:00:00+09:00,2424.1116758623884,2424.1116758623884,2362.630582633995,2367.900390625,143000,0.0,0.0
2007-06-04 00:00:00+09:00,2392.4934648754142,2392.4934648754142,2357.3614022487563,2383.71044921875,116000,0.0,0.0
2007-06-05 00:00:00+09:00,2378.4406965808757,2380.1972997541257,2355.604855328622,2374.927490234375,102500,0.0,0.0
2007-06-06 00:00:00+09:00,2378.4407767483735,2378.4407767483735,2359.1181411913335,2362.63134765625,113500,0.0,0.0
2007-06-07 00:00:00+09:00,2338.038353751272,2373.17041015625,2338.038353751272,2373.17041015625,112500,0.0,0.0
2007-06-08 00:00:00+09:00,2341.552142943426,2360.874778781669,2338.038936427382,2357.361572265625,168000,0.0,0.0
2007-06-11 00:00:00+09:00,2359.117631556816,2385.466674351568,2359.117631556816,2366.14404296875,97000,0.0,0.0
2007-06-12 00:00:00+09:00,2367.90096927472,2369.6575723676538,2341.5519228807134,2353.84814453125,193000,0.0,0.0
2007-06-13 00:00:00+09:00,2353.84767814602,2353.84767814602,2304.6628012892374,2350.33447265625,80500,0.0,0.0
2007-06-14 00:00:00+09:00,2381.9534021618624,2381.9534021618624,2339.794934866962,2376.68359375,89000,0.0,0.0
2007-06-15 00:00:00+09:00,2374.927570283457,2374.927570283457,2346.8219185641265,2362.63134765625,103500,0.0,0.0
2007-06-18 00:00:00+09:00,2432.8951201328014,2432.8951201328014,2378.4404279132223,2417.085693359375,121000,0.0,0.0
2007-06-19 00:00:00+09:00,2417.0855044219547,2417.0855044219547,2378.4402419966036,2408.302490234375,147000,0.0,0.0
2007-06-20 00:00:00+09:00,2417.085582386364,2417.085582386364,2388.9799360795455,2396.00634765625,74500,0.0,0.0
2007-06-21 00:00:00+09:00,2380.196965834674,2394.249789249196,2359.1177307128905,2388.97998046875,73500,0.0,0.0
2007-06-22 00:00:00+09:00,2388.979725385746,2397.762739082017,2374.926903471712,2390.736328125,66500,0.0,0.0
2007-06-25 00:00:00+09:00,2388.9803961431226,2420.5992543273696,2362.63134765625,2362.63134765625,122500,0.0,0.0
2007-06-26 00:00:00+09:00,2364.387185297663,2374.9268012796733,2338.038145342637,2367.900390625,193500,0.0,0.0
2007-06-27 00:00:00+09:00,2364.387950888708,2371.414363818541,2345.065315331668,2362.63134765625,114000,0.0,0.0
2007-06-28 00:00:00+09:00,2371.4136979932036,2392.4929308642545,2360.8740815576784,2390.736328125,91000,0.0,0.0
2007-06-29 00:00:00+09:00,2360.874778781669,2381.954017877934,2316.9596973311172,2357.361572265625,253000,0.0,0.0
2007-07-02 00:00:00+09:00,2359.117798768006,2360.8744017454956,2325.7423421957114,2339.795166015625,156500,0.0,0.0
2007-07-03 00:00:00+09:00,2331.012244158626,2331.012244158626,2213.319839969758,2287.09716796875,299000,0.0,0.0
2007-07-04 00:00:00+09:00,2283.583995651703,2294.1236140931724,2264.2613618423425,2281.827392578125,126500,0.0,0.0
2007-07-05 00:00:00+09:00,2280.0703125,2290.6099287365178,2271.2872989695684,2280.0703125,60500,0.0,0.0
2007-07-06 00:00:00+09:00,2285.3402642038545,2292.366675469662,2251.9648106912696,2257.234619140625,76500,0.0,0.0
2007-07-09 00:00:00+09:00,2280.071056404202,2306.420105592232,2273.0446432873937,2278.314453125,100500,0.0,0.0
2007-07-10 00:00:00+09:00,2253.72141177071,2255.4780145858076,2209.80634139326,2218.58935546875,167000,0.0,0.0
2007-07-11 00:00:00+09:00,2178.187316290223,2178.187316290223,2118.4628253596843,2129.00244140625,479000,0.0,0.0
2007-07-12 00:00:00+09:00,2123.7331092123736,2139.5425368243764,2120.219903076373,2130.759521484375,249500,0.0,0.0
2007-07-13 00:00:00+09:00,2120.219449735279,2141.2986820441633,2120.219449735279,2125.4892578125,135000,0.0,0.0
2007-07-17 00:00:00+09:00,2125.4892578125,2136.0288739669422,2113.193038965651,2125.4892578125,143000,0.0,0.0
2007-07-18 00:00:00+09:00,2109.680557905475,2113.1937644964914,2076.305095290817,2088.601318359375,218000,0.0,0.0
2007-07-19 00:00:00+09:00,2083.3307718711326,2129.00244140625,2083.3307718711326,2129.00244140625,145500,0.0,0.0
2007-07-20 00:00:00+09:00,2132.5153172227206,2151.8379436555456,2125.488907610784,2143.054931640625,153000,0.0,0.0
2007-07-23 00:00:00+09:00,2139.54210132321,2139.54210132321,2104.41004711429,2121.97607421875,143000,0.0,0.0
2007-07-24 00:00:00+09:00,2114.9500938723722,2132.516124552375,2104.4104754643704,2130.759521484375,82000,0.0,0.0
2007-07-25 00:00:00+09:00,2132.5164007470826,2132.5164007470826,2085.0881117683584,2088.601318359375,196500,0.0,0.0
2007-07-26 00:00:00+09:00,2100.89739886785,2100.89739886785,2067.5219385179425,2072.791748046875,110000,0.0,0.0
2007-07-27 00:00:00+09:00,2039.4158941796209,2065.7649367400813,2007.7970431070687,2058.738525390625,212500,0.0,0.0
2007-07-30 00:00:00+09:00,2034.146371501766,2053.4690054279486,2007.7973252387897,2051.71240234375,122500,0.0,0.0
2007-07-31 00:00:00+09:00,2056.982099393835,2072.7915262892616,2048.1990844519314,2069.2783203125,139000,0.0,0.0
2007-08-01 00:00:00+09:00,2055.2250558953538,2055.2250558953538,1995.500567091557,2002.5269775390625,165000,0.0,0.0
2007-08-02 00:00:00+09:00,2023.6069143700786,2039.416343388595,2004.2842789030033,2007.7974853515625,152500,0.0,0.0
2007-08-03 00:00:00+09:00,2009.5533879865682,2053.468453283477,2000.7703749271861,2002.5269775390625,169000,0.0,0.0
2007-08-06 00:00:00+09:00,2000.7712056014668,2028.876859060311,1972.6655521426228,2006.041015625,200500,0.0,0.0
2007-08-07 00:00:00+09:00,2007.797108043324,2072.791415127841,1984.9612704190342,1990.2310791015625,81000,0.0,0.0
2007-08-08 00:00:00+09:00,1988.4743762433686,2025.3630351666113,1953.3423201259945,1986.7177734375,159000,0.0,0.0
2007-08-09 00:00:00+09:00,2058.7384298043953,2258.991143966256,2030.6327857115025,2113.193115234375,708000,0.0,0.0
2007-08-10 00:00:00+09:00,2072.790867180828,2162.377591101356,2049.955035593243,2056.9814453125,312000,0.0,0.0
2007-08-13 00:00:00+09:00,2056.982512519155,2058.7391158603327,1965.6391387779117,2006.041015625,181500,0.0,0.0
2007-08-14 00:00:00+09:00,2035.9026520018235,2042.9290632252983,1977.9347594081564,1986.7177734375,132000,0.0,0.0
2007-08-15 00:00:00+09:00,1976.1784251143292,1993.7444555597901,1934.0199520452236,1944.5595703125,147000,0.0,0.0
2007-08-16 00:00:00+09:00,1932.263138466093,1969.151798382264,1856.7292157806003,1900.644287109375,166000,0.0,0.0
2007-08-17 00:00:00+09:00,1874.29541015625,1890.1048372334817,1854.9727770618556,1874.29541015625,176000,0.0,0.0
2007-08-20 00:00:00+09:00,2014.823366405346,2014.823366405346,1879.5649538393375,1897.1309814453125,158000,0.0,0.0
2007-08-21 00:00:00+09:00,1967.3947010869567,1967.3947010869567,1932.262652853261,1939.2890625,149500,0.0,0.0
2007-08-22 00:00:00+09:00,1941.0460187225062,1948.0724296500084,1912.940375012497,1921.723388671875,70000,0.0,0.0
2007-08-23 00:00:00+09:00,1932.2633490006776,1958.6123946688685,1928.7501429115855,1944.5595703125,49000,0.0,0.0
2007-08-24 00:00:00+09:00,1948.072955842892,1949.8295590492428,1902.4012724777747,1935.7767333984375,75500,0.0,0.0
2007-08-27 00:00:00+09:00,2000.7705958844494,2018.3366239431366,1962.1253341553381,1986.7177734375,100500,0.0,0.0
2007-08-28 00:00:00+09:00,1946.316518165791,1986.7183953479328,1942.8033114543005,1984.9617919921875,71000,0.0,0.0
2007-08-29 00:00:00+09:00,1902.4009234768819,1941.0461869270123,1898.8877177086881,1934.019775390625,104500,0.0,0.0
2007-08-30 00:00:00+09:00,1972.6649601795184,1972.6649601795184,1921.723478572033,1946.31591796875,72000,0.0,0.0
2007-08-31 00:00:00+09:00,1951.5856527766325,2014.8233516964874,1951.5856527766325,1997.25732421875,111500,0.0,0.0
2007-09-03 00:00:00+09:00,1997.2574139420205,2023.606456342311,1984.9611941552182,2021.849853515625,67500,0.0,0.0
2007-09-04 00:00:00+09:00,1993.7442082886485,2030.632867649055,1986.7177969819043,2021.849853515625,45500,0.0,0.0
2007-09-05 00:00:00+09:00,1991.9879037462142,2004.2841253742772,1967.395460490088,1993.7445068359375,131000,0.0,0.0
2007-09-06 00:00:00+09:00,1986.7178304036458,2058.7385475093483,1984.9612275474092,2055.225341796875,126000,0.0,0.0
2007-09-07 00:00:00+09:00,2048.1989414029085,2064.008367194183,2009.5536783575706,2053.46875,77500,0.0,0.0
2007-09-10 00:00:00+09:00,2053.468906841856,2055.225509841721,2011.3104348451027,2028.87646484375,90500,0.0,0.0
2007-09-11 00:00:00+09:00,2042.9293309672712,2072.791582580722,2020.0934914981617,2060.495361328125,113000,0.0,0.0
2007-09-12 00:00:00+09:00,2062.252185837766,2076.3050116356385,2042.9295503656915,2064.0087890625,55000,0.0,0.0
2007-09-13 00:00:00+09:00,2065.7650697969543,2092.1141140545683,2064.0084668464465,2076.3046875,63000,0.0,0.0
2007-09-14 00:00:00+09:00,2078.0610419213526,2176.4307953850857,2078.0610419213526,2155.3515625,139000,0.0,0.0
2007-09-18 00:00:00+09:00,2157.1081062758267,2157.1081062758267,2106.166628196023,2125.4892578125,91500,0.0,0.0
2007-09-19 00:00:00+09:00,2160.621747423201,2174.6745717966855,2139.542510862975,2172.91796875,67000,0.0,0.0
2007-09-20 00:00:00+09:00,2204.537295386905,2218.5901227678573,2167.648623511905,2213.3203125,75000,0.0,0.0
2007-09-21 00:00:00+09:00,2216.832639747577,2216.832639747577,2178.1873797836734,2197.510009765625,71500,0.0,0.0
2007-09-25 00:00:00+09:00,2182.549304496951,2237.113037109375,2159.66773920787,2237.113037109375,98500,5.0,0.0
2007-09-26 00:00:00+09:00,2252.9542648176293,2316.318603515625,2251.19414429824,2316.318603515625,118500,0.0,0.0
2007-09-27 00:00:00+09:00,2300.4775822566103,2302.237702824519,2254.7144474909855,2288.15673828125,75500,0.0,0.0
2007-09-28 00:00:00+09:00,2284.6364065825755,2284.6364065825755,2235.353032634723,2274.07568359375,115000,0.0,0.0
2007-10-01 00:00:00+09:00,2249.4343901267084,2323.359463980638,2249.4343901267084,2318.0791015625,79500,0.0,0.0
2007-10-02 00:00:00+09:00,2340.9601062763472,2404.324439980068,2339.1999858956883,2400.80419921875,193500,0.0,0.0
2007-10-03 00:00:00+09:00,2399.0444550507177,2399.0444550507177,2370.882524543886,2383.203369140625,46000,0.0,0.0
2007-10-04 00:00:00+09:00,2376.162997159091,2390.2439630681815,2346.2409446022725,2362.08203125,58000,0.0,0.0
2007-10-05 00:00:00+09:00,2358.5607657983455,2358.5607657983455,2296.9565666916724,2300.476806640625,112000,0.0,0.0
2007-10-09 00:00:00+09:00,2270.555752840909,2300.477805397727,2265.275390625,2265.275390625,80500,0.0,0.0
2007-10-10 00:00:00+09:00,2230.072178734006,2265.2745809239664,2230.072178734006,2235.3525390625,72000,0.0,0.0
2007-10-11 00:00:00+09:00,2237.113502883911,2263.5153144836427,2235.3533821105957,2252.95458984375,68500,0.0,0.0
2007-10-12 00:00:00+09:00,2288.156132661095,2321.598414599988,2265.274571334484,2270.554931640625,125000,0.0,0.0
2007-10-15 00:00:00+09:00,2272.3152087713893,2305.757493021317,2238.8729245214618,2275.83544921875,67000,0.0,0.0
2007-10-16 00:00:00+09:00,2277.5958759543855,2277.5958759543855,2245.913707664448,2247.673828125,36500,0.0,0.0
2007-10-17 00:00:00+09:00,2240.633343206951,2242.393463665087,2207.1910545023698,2228.3125,57500,0.0,0.0
2007-10-18 00:00:00+09:00,2214.2310977485236,2249.433499938484,2214.2310977485236,2235.3525390625,40500,0.0,0.0
2007-10-19 00:00:00+09:00,2233.5924048790566,2235.352524977464,2166.7078411395732,2196.6298828125,90500,0.0,0.0
2007-10-22 00:00:00+09:00,2198.3903119186193,2198.3903119186193,2166.7081456940114,2187.82958984375,83500,0.0,0.0
2007-10-23 00:00:00+09:00,2189.5895588216927,2214.2312419595573,2175.5085970286273,2201.910400390625,69000,0.0,0.0
2007-10-24 00:00:00+09:00,2201.911066335655,2221.272394656752,2164.948530449925,2191.350341796875,71500,0.0,0.0
2007-10-25 00:00:00+09:00,2194.8702533167443,2252.9542295472597,2138.546397578063,2215.99169921875,82000,0.0,0.0
2007-10-26 00:00:00+09:00,2286.396527080713,2288.1566475788504,2247.673876121686,2274.07568359375,80500,0.0,0.0
2007-10-29 00:00:00+09:00,2263.514625240338,2291.6765490380403,2247.67354310413,2259.994384765625,90000,0.0,0.0
2007-10-30 00:00:00+09:00,2083.982599121946,2083.982599121946,1953.7336866768244,2017.0980224609375,396500,0.0,0.0
2007-10-31 00:00:00+09:00,2018.8580639871675,2159.667693559071,2018.8580639871675,2117.4248046875,247000,0.0,0.0
2007-11-01 00:00:00+09:00,2047.0196109560181,2048.7797309998323,1936.132048195718,1967.814208984375,364000,0.0,0.0
2007-11-02 00:00:00+09:00,1967.8145039786518,2010.057391362809,1944.9329399789,1994.21630859375,165000,0.0,0.0
2007-11-05 00:00:00+09:00,1959.0142085985515,2004.77734375,1957.2540880158033,2004.77734375,117000,0.0,0.0
2007-11-06 00:00:00+09:00,1988.935428036267,2073.421180731613,1988.935428036267,2061.100341796875,143000,0.0,0.0
2007-11-07 00:00:00+09:00,2036.4593931513248,2039.9796341075069,2008.2974655018684,2024.1385498046875,81500,0.0,0.0
2007-11-08 00:00:00+09:00,1988.9359246345878,2017.0978492311838,1966.0543608998537,1990.696044921875,76000,0.0,0.0
2007-11-09 00:00:00+09:00,1992.4564526106537,2013.5778991047596,1973.0951266577233,1978.37548828125,83000,0.0,0.0
2007-11-12 00:00:00+09:00,1943.1727416541742,1951.9733428392021,1879.808413121973,1907.9703369140625,110000,0.0,0.0
2007-11-13 00:00:00+09:00,1941.4130737416576,1955.4940389183878,1911.4910227411062,1920.2916259765625,52000,0.0,0.0
2007-11-14 00:00:00+09:00,1922.0509219486366,1971.3342789216786,1902.6896031377987,1960.7735595703125,102500,0.0,0.0
2007-11-15 00:00:00+09:00,1946.6928726101514,2004.776837163619,1946.6928726101514,1983.6553955078125,80500,0.0,0.0
2007-11-16 00:00:00+09:00,1967.1529256214474,2008.2972412109375,1967.1529256214474,2008.2972412109375,52000,0.0,0.0
2007-11-19 00:00:00+09:00,2008.2972412109375,2020.6180831815568,1971.3347152990798,2008.2972412109375,74500,0.0,0.0
2007-11-20 00:00:00+09:00,2010.0577392578125,2015.338101094742,1957.254120888518,2010.0577392578125,86500,0.0,0.0
2007-11-21 00:00:00+09:00,2006.5374643327482,2032.9392730739685,1978.3755350087797,2004.77734375,77000,0.0,0.0
2007-11-22 00:00:00+09:00,2003.0171966963285,2003.0171966963285,1943.173097673767,1962.534423828125,87500,0.0,0.0
2007-11-26 00:00:00+09:00,2024.1381586814414,2091.022723924828,1964.29407398999,1983.6553955078125,128500,0.0,0.0
2007-11-27 00:00:00+09:00,1953.7335415172663,2034.699075670234,1953.7335415172663,1994.21630859375,79000,0.0,0.0
2007-11-28 00:00:00+09:00,1995.9764289014233,2022.3782335165215,1987.1758273630574,1994.21630859375,103500,0.0,0.0
2007-11-29 00:00:00+09:00,2001.2571361962634,2048.7803927286286,2001.2571361962634,2010.0577392578125,99500,0.0,0.0
2007-11-30 00:00:00+09:00,2009.052534241026,2032.939208984375,2009.052534241026,2032.939208984375,52000,0.0,0.0
2007-12-03 00:00:00+09:00,2054.0604820902436,2078.702167393811,2047.0200005749386,2062.861083984375,90000,0.0,0.0
2007-12-04 00:00:00+09:00,2082.222657885783,2143.8268785332916,2082.222657885783,2101.583984375,82500,0.0,0.0
2007-12-05 00:00:00+09:00,2076.9418998609362,2124.465146722161,2029.4186529997114,2096.30322265625,77000,0.0,0.0
2007-12-06 00:00:00+09:00,2098.0637431951427,2108.6244667347155,2092.783381425356,2101.583984375,45500,0.0,0.0
2007-12-07 00:00:00+09:00,2076.942624109557,2138.546854485688,2076.942624109557,2115.665283203125,84500,0.0,0.0
2007-12-10 00:00:00+09:00,2112.144304943325,2129.7455074845193,2094.5431024021304,2096.30322265625,46500,0.0,0.0
2007-12-11 00:00:00+09:00,2180.7893474307048,2198.3905528175546,2133.26609288621,2149.107177734375,105500,0.0,0.0
2007-12-12 00:00:00+09:00,2147.346785589559,2147.346785589559,2094.543176107849,2126.225341796875,98500,0.0,0.0
2007-12-13 00:00:00+09:00,2126.22539823243,2127.985518595205,2076.942028074725,2078.7021484375,78500,0.0,0.0
2007-12-14 00:00:00+09:00,2068.1421765208947,2098.0642335428993,2062.861813517012,2082.22314453125,105500,0.0,0.0
2007-12-17 00:00:00+09:00,2082.2225837476326,2092.7833069111875,2032.939208984375,2032.939208984375,53500,0.0,0.0
2007-12-18 00:00:00+09:00,2010.0574761331857,2045.259883771245,2006.5372353693797,2025.8985595703125,59000,0.0,0.0
2007-12-19 00:00:00+09:00,1990.6960679784038,2006.5371507474626,1971.3347445939983,1994.21630859375,90000,0.0,0.0
2007-12-20 00:00:00+09:00,2029.4186912421944,2034.6990521040564,1980.1353231981516,1990.696044921875,110500,0.0,0.0
2007-12-21 00:00:00+09:00,1990.6961293830573,2027.6586569843341,1966.0544443155393,2022.3782958984375,102500,0.0,0.0
2007-12-25 00:00:00+09:00,2043.500030891699,2043.500030891699,2001.2571361962634,2010.0577392578125,75000,0.0,0.0
2007-12-26 00:00:00+09:00,2062.8612003226904,2069.9016822350545,2018.8581883704144,2024.1385498046875,66500,0.0,0.0
2007-12-27 00:00:00+09:00,2041.7396198800586,2057.580703137749,2011.817573726644,2022.3782958984375,63500,0.0,0.0
2007-12-28 00:00:00+09:00,1987.1758077041725,1987.1758077041725,1874.5281091274965,1916.77099609375,104500,0.0,0.0
2008-01-04 00:00:00+09:00,1830.52490234375,1830.52490234375,1830.52490234375,1830.52490234375,66500,0.0,0.0
2008-01-07 00:00:00+09:00,1851.6471495831363,1860.44775390625,1851.6471495831363,1860.44775390625,66500,0.0,0.0
2008-01-08 00:00:00+09:00,1865.7276611328125,1865.7276611328125,1865.7276611328125,1865.7276611328125,66500,0.0,0.0
2008-01-09 00:00:00+09:00,1858.6872919100467,1883.3289794921875,1858.6872919100467,1883.3289794921875,66500,0.0,0.0
2008-01-10 00:00:00+09:00,1887.0190741302474,1887.0190741302474,1886.84912109375,1886.84912109375,66500,0.0,0.0
2008-01-11 00:00:00+09:00,1886.84963994878,1911.4913330078125,1886.84963994878,1911.4913330078125,66500,0.0,0.0
2008-01-15 00:00:00+09:00,1944.9336307307851,1944.9336307307851,1911.4913330078125,1911.4913330078125,66500,0.0,0.0
2008-01-16 00:00:00+09:00,1902.6901902684626,1902.6901902684626,1832.2853728672244,1865.7276611328125,90500,0.0,0.0
2008-01-17 00:00:00+09:00,1869.2479727487378,1895.6497802734375,1869.2479727487378,1895.6497802734375,90500,0.0,0.0
2008-01-18 00:00:00+09:00,1913.2507717815124,1937.8924560546875,1913.2507717815124,1937.8924560546875,90500,0.0,0.0
2008-01-21 00:00:00+09:00,1871.0077371069954,1878.0482177734375,1871.0077371069954,1878.0482177734375,90500,0.0,0.0
2008-01-22 00:00:00+09:00,1858.687192510933,1858.687192510933,1811.1639404296875,1811.1639404296875,90500,0.0,0.0
2008-01-23 00:00:00+09:00,1823.485107421875,1823.485107421875,1823.485107421875,1823.485107421875,90500,0.0,0.0
2008-01-24 00:00:00+09:00,1830.525468973854,1842.8463134765625,1830.525468973854,1842.8463134765625,90500,0.0,0.0
2008-01-25 00:00:00+09:00,1932.6120951390071,1937.8924560546875,1932.6120951390071,1937.8924560546875,90500,0.0,0.0
2008-01-28 00:00:00+09:00,1992.4563181767587,1992.4563181767587,1976.6152343750002,1976.615234375,90500,0.0,0.0
2008-01-29 00:00:00+09:00,2013.5771563271433,2013.5771563271433,1960.7735595703125,1960.7735595703125,90500,0.0,0.0
2008-01-30 00:00:00+09:00,1962.534233072623,1962.534233072623,1951.9735107421875,1951.9735107421875,90500,0.0,0.0
2008-01-31 00:00:00+09:00,1992.456544250328,2011.81787109375,1992.456544250328,2011.81787109375,90500,0.0,0.0
2008-02-01 00:00:00+09:00,2011.8179140625,2011.8179140625,1980.1357421875,1980.1357421875,90500,0.0,0.0
2008-02-04 00:00:00+09:00,1964.2946033377573,2010.0577392578125,1964.2946033377573,2010.0577392578125,90500,0.0,0.0
2008-02-05 00:00:00+09:00,1971.3344640899122,2006.536865234375,1971.3344640899122,2006.536865234375,90500,0.0,0.0
2008-02-06 00:00:00+09:00,1832.2849085088235,1871.0075482659745,1832.2849085088235,1849.8861083984375,210000,0.0,0.0
2008-02-07 00:00:00+09:00,1832.2852598353795,1848.1263427734375,1832.2852598353795,1848.1263427734375,210000,0.0,0.0
2008-02-08 00:00:00+09:00,1876.2883643354626,1881.5687255859375,1876.2883643354626,1881.5687255859375,210000,0.0,0.0
2008-02-12 00:00:00+09:00,1883.3289592414126,1899.1700439453125,1883.3289592414126,1899.1700439453125,210000,0.0,0.0
2008-02-13 00:00:00+09:00,1888.6094970703125,1888.6094970703125,1888.6094970703125,1888.6094970703125,210000,0.0,0.0
2008-02-14 00:00:00+09:00,1904.4500158758112,1932.6119384765625,1904.4500158758112,1932.6119384765625,210000,0.0,0.0
2008-02-15 00:00:00+09:00,1920.2916259765625,1920.2916259765625,1902.69041950565,1920.2916259765625,210000,0.0,0.0
2008-02-18 00:00:00+09:00,1955.4936474609376,1955.4936474609376,1936.13232421875,1936.13232421875,210000,0.0,0.0
2008-02-19 00:00:00+09:00,1936.1330304827009,1971.33544921875,1936.1330304827009,1971.33544921875,210000,0.0,0.0
2008-02-20 00:00:00+09:00,1974.8550757914647,1974.8550757914647,1951.9735107421875,1951.9735107421875,210000,0.0,0.0
2008-02-21 00:00:00+09:00,2001.2570574924284,2001.2570574924284,1997.73681640625,1997.73681640625,210000,0.0,0.0
2008-02-22 00:00:00+09:00,1978.3754904322686,1997.73681640625,1978.3754904322686,1997.73681640625,210000,0.0,0.0
2008-02-25 00:00:00+09:00,2071.6616858785064,2080.4622877726374,2041.7396394384598,2062.861083984375,210000,0.0,0.0
2008-02-26 00:00:00+09:00,1987.1755371093752,1987.1755371093752,1987.1755371093752,1987.175537109375,210000,0.0,0.0
2008-02-27 00:00:00+09:00,1987.1761379225197,2004.77734375,1987.1761379225197,2004.77734375,210000,0.0,0.0
2008-02-28 00:00:00+09:00,2004.7265883586483,2004.7265883586483,1992.4558105468748,1992.455810546875,210000,0.0,0.0
2008-02-29 00:00:00+09:00,1983.6553955078125,1983.6553955078125,1983.6553955078125,1983.6553955078125,210000,0.0,0.0
2008-03-03 00:00:00+09:00,1946.693115234375,1946.693115234375,1946.693115234375,1946.693115234375,210000,0.0,0.0
2008-03-04 00:00:00+09:00,1946.6932457694172,1946.6932457694172,1929.092041015625,1929.092041015625,210000,0.0,0.0
2008-03-05 00:00:00+09:00,1934.3721343603606,1934.3721343603606,1925.571533203125,1925.571533203125,210000,0.0,0.0
2008-03-06 00:00:00+09:00,1964.29407398999,1983.6553955078125,1964.29407398999,1983.6553955078125,210000,0.0,0.0
2008-03-07 00:00:00+09:00,1983.6557788085938,2024.1385498046875,1983.6557788085938,2024.1385498046875,210000,0.0,0.0
2008-03-10 00:00:00+09:00,2057.58056640625,2057.58056640625,2057.58056640625,2057.58056640625,210000,0.0,0.0
2008-03-11 00:00:00+09:00,2055.8204744342215,2080.462158203125,2055.8204744342215,2080.462158203125,210000,0.0,0.0
2008-03-12 00:00:00+09:00,2085.742943561535,2108.62451171875,2085.742943561535,2108.62451171875,210000,0.0,0.0
2008-03-13 00:00:00+09:00,2124.4651803224665,2138.546142578125,2124.4651803224665,2138.546142578125,210000,0.0,0.0
2008-03-14 00:00:00+09:00,2112.1448421952737,2122.70556640625,2112.1448421952737,2122.70556640625,210000,0.0,0.0
2008-03-17 00:00:00+09:00,2057.5808531979483,2057.5808531979483,2045.260009765625,2045.260009765625,210000,0.0,0.0
2008-03-18 00:00:00+09:00,2038.2197723260983,2103.34423828125,2038.2197723260983,2103.34423828125,210000,0.0,0.0
2008-03-19 00:00:00+09:00,2127.985704006109,2127.985704006109,2106.8642578125,2106.8642578125,210000,0.0,0.0
2008-03-21 00:00:00+09:00,2140.3069684765314,2212.471923828125,2140.3069684765314,2212.471923828125,210000,0.0,0.0
2008-03-24 00:00:00+09:00,2221.2716768085725,2268.794921875,2221.2716768085725,2268.794921875,210000,0.0,0.0
2008-03-25 00:00:00+09:00,2288.156762453589,2311.038330078125,2288.156762453589,2311.038330078125,210000,0.0,0.0
2008-03-26 00:00:00+09:00,2309.2714380589327,2309.2714380589327,2197.9599609375,2197.9599609375,210000,10.0,0.0
2008-03-27 00:00:00+09:00,2212.094941080987,2227.99658203125,2212.094941080987,2227.99658203125,210000,0.0,0.0
2008-03-28 00:00:00+09:00,2233.297377232143,2233.297377232143,2226.22998046875,2226.22998046875,210000,0.0,0.0
2008-03-31 00:00:00+09:00,2091.949057439271,2182.058349609375,2091.949057439271,2182.058349609375,210000,0.0,0.0
2008-04-01 00:00:00+09:00,2201.494140625,2201.494140625,2201.494140625,2201.494140625,210000,0.0,0.0
2008-04-02 00:00:00+09:00,2201.493649211232,2203.260498046875,2201.493649211232,2203.260498046875,210000,0.0,0.0
2008-04-03 00:00:00+09:00,2208.5607793342556,2215.628173828125,2208.5607793342556,2215.628173828125,210000,0.0,0.0
2008-04-04 00:00:00+09:00,2208.561013403068,2220.928955078125,2208.561013403068,2220.928955078125,210000,0.0,0.0
2008-04-07 00:00:00+09:00,2196.1928360775646,2217.39501953125,2196.1928360775646,2217.39501953125,210000,0.0,0.0
2008-04-08 00:00:00+09:00,2162.6228543133802,2162.6228543133802,2120.218484620961,2132.58642578125,110000,0.0,0.0
2008-04-09 00:00:00+09:00,2114.918415836306,2148.488549421009,2095.4830753398987,2136.12060546875,96000,0.0,0.0
2008-04-10 00:00:00+09:00,2065.4462921978675,2065.4462921978675,2063.679443359375,2063.679443359375,96000,0.0,0.0
2008-04-11 00:00:00+09:00,2113.150400456166,2113.150400456166,2106.0830078125,2106.0830078125,96000,0.0,0.0
2008-04-14 00:00:00+09:00,2104.31704832062,2104.31704832062,2019.50830078125,2019.50830078125,96000,0.0,0.0
2008-04-15 00:00:00+09:00,1989.4719798569072,2024.8089599609375,1989.4719798569072,2024.8089599609375,96000,0.0,0.0
2008-04-16 00:00:00+09:00,2024.8088251528532,2031.8762207031248,2024.8088251528532,2031.876220703125,96000,0.0,0.0
2008-04-17 00:00:00+09:00,2049.544396033654,2049.544396033654,1998.3057861328125,1998.3057861328125,96000,0.0,0.0
2008-04-18 00:00:00+09:00,2033.6427928257563,2051.311279296875,2033.6427928257563,2051.311279296875,96000,0.0,0.0
2008-04-21 00:00:00+09:00,2060.1458968787074,2060.1458968787074,2047.7779541015625,2047.7779541015625,96000,0.0,0.0
2008-04-22 00:00:00+09:00,2007.14076582618,2058.37939453125,2007.14076582618,2058.37939453125,96000,0.0,0.0
2008-04-23 00:00:00+09:00,1993.0052490234375,1993.0052490234375,1993.0052490234375,1993.0052490234375,96000,0.0,0.0
2008-04-24 00:00:00+09:00,1994.7721152892086,1994.7721152892086,1982.4041748046875,1982.4041748046875,96000,0.0,0.0
2008-04-25 00:00:00+09:00,2005.373273042082,2015.974365234375,2005.373273042082,2015.974365234375,96000,0.0,0.0
2008-04-28 00:00:00+09:00,2033.6428552460252,2033.6428552460252,2014.20751953125,2014.20751953125,96000,0.0,0.0
2008-04-30 00:00:00+09:00,2017.7414518741798,2019.50830078125,2017.7414518741798,2019.50830078125,96000,0.0,0.0
2008-05-01 00:00:00+09:00,1998.3057948985,1998.3057948985,1993.0052490234375,1993.0052490234375,96000,0.0,0.0
2008-05-02 00:00:00+09:00,2021.275165792509,2021.275165792509,2010.674072265625,2010.674072265625,96000,0.0,0.0
2008-05-07 00:00:00+09:00,1970.036376953125,1970.036376953125,1970.036376953125,1970.036376953125,96000,0.0,0.0
2008-05-08 00:00:00+09:00,2021.2745361328125,2021.2745361328125,2021.2745361328125,2021.2745361328125,96000,0.0,0.0
2008-05-09 00:00:00+09:00,1941.7669677734375,1941.7669677734375,1941.7669677734375,1941.7669677734375,96000,0.0,0.0
2008-05-12 00:00:00+09:00,1906.4297823064467,1922.3314208984375,1906.4297823064467,1922.3314208984375,96000,0.0,0.0
2008-05-13 00:00:00+09:00,1894.06201171875,1894.06201171875,1894.06201171875,1894.06201171875,96000,0.0,0.0
2008-05-14 00:00:00+09:00,1908.196783685065,1908.196783685065,1904.6630859375,1904.6630859375,96000,0.0,0.0
2008-05-15 00:00:00+09:00,1892.2946090916018,1892.2946090916018,1856.9576416015627,1856.9576416015625,96000,0.0,0.0
2008-05-16 00:00:00+09:00,1878.4197241363377,1878.4197241363377,1871.0926513671875,1871.0926513671875,96000,0.0,0.0
2008-05-19 00:00:00+09:00,1865.7924772350993,1867.559326171875,1865.7924772350993,1867.559326171875,96000,0.0,0.0
2008-05-20 00:00:00+09:00,1867.5589579634232,1943.533447265625,1867.5589579634232,1943.533447265625,96000,0.0,0.0
2008-05-21 00:00:00+09:00,1897.595308761315,1915.2637939453123,1897.595308761315,1915.2637939453125,96000,0.0,0.0
2008-05-22 00:00:00+09:00,1892.2951628272212,1894.06201171875,1892.2951628272212,1894.06201171875,96000,0.0,0.0
2008-05-23 00:00:00+09:00,1945.3009420572916,1987.705322265625,1945.3009420572916,1987.705322265625,96000,0.0,0.0
2008-05-26 00:00:00+09:00,1989.4718560235149,1989.4718560235149,1959.4354248046875,1959.4354248046875,96000,0.0,0.0
2008-05-27 00:00:00+09:00,1922.3311216719314,1957.6680908203125,1922.3311216719314,1957.6680908203125,96000,0.0,0.0
2008-05-28 00:00:00+09:00,1920.5643310546875,1920.5643310546875,1920.5643310546875,1920.5643310546875,96000,0.0,0.0
2008-05-29 00:00:00+09:00,1927.63203372231,1954.134765625,1927.63203372231,1954.134765625,96000,0.0,0.0
2008-05-30 00:00:00+09:00,1952.3674809216611,2000.0723876953125,1952.3674809216611,2000.0723876953125,96000,0.0,0.0
2008-06-02 00:00:00+09:00,1994.7724576966953,1996.539306640625,1994.7724576966953,1996.539306640625,96000,0.0,0.0
2008-06-03 00:00:00+09:00,1975.3367919921875,1975.3367919921875,1975.3367919921875,1975.3367919921875,96000,0.0,0.0
2008-06-04 00:00:00+09:00,2060.1452745972733,2060.1452745972733,2053.077880859375,2053.077880859375,96000,0.0,0.0
2008-06-05 00:00:00+09:00,2060.1457456823896,2067.21314103636,2053.078350328419,2063.679443359375,74000,0.0,0.0
2008-06-06 00:00:00+09:00,2077.81424673808,2077.81424673808,2056.612060546875,2056.612060546875,74000,0.0,0.0
2008-06-09 00:00:00+09:00,2023.0424732318002,2026.576171875,2023.0424732318002,2026.576171875,74000,0.0,0.0
2008-06-10 00:00:00+09:00,2026.5754725496533,2026.5754725496533,2007.14013671875,2007.14013671875,74000,0.0,0.0
2008-06-11 00:00:00+09:00,2007.139781291409,2007.139781291409,2000.0723876953125,2000.0723876953125,74000,0.0,0.0
2008-06-12 00:00:00+09:00,1978.871076388889,1987.705322265625,1978.871076388889,1987.705322265625,74000,0.0,0.0
2008-06-13 00:00:00+09:00,1984.1714458298559,2017.7415771484375,1984.1714458298559,2017.7415771484375,74000,0.0,0.0
2008-06-16 00:00:00+09:00,2070.746798264183,2086.6484375,2070.746798264183,2086.6484375,74000,0.0,0.0
2008-06-17 00:00:00+09:00,2084.8811499086414,2084.8811499086414,2054.8447265625,2054.8447265625,74000,0.0,0.0
2008-06-18 00:00:00+09:00,2053.0778781303743,2054.8447265625,2053.0778781303743,2054.8447265625,74000,0.0,0.0
2008-06-19 00:00:00+09:00,2049.5446651498064,2056.612060546875,2049.5446651498064,2056.612060546875,74000,0.0,0.0
2008-06-20 00:00:00+09:00,2044.2436661190459,2044.2436661190459,2035.409423828125,2035.409423828125,74000,0.0,0.0
2008-06-23 00:00:00+09:00,2049.544430649763,2060.1455225324344,2040.7101874142038,2051.311279296875,55500,0.0,0.0
2008-06-24 00:00:00+09:00,2028.3419601880837,2081.347412109375,2028.3419601880837,2081.347412109375,55500,0.0,0.0
2008-06-25 00:00:00+09:00,2076.047269147427,2130.819580078125,2076.047269147427,2130.819580078125,55500,0.0,0.0
2008-06-26 00:00:00+09:00,2134.3532533849875,2144.954345703125,2134.3532533849875,2144.954345703125,55500,0.0,0.0
2008-06-27 00:00:00+09:00,2097.2494750671135,2118.45166015625,2097.2494750671135,2118.45166015625,55500,0.0,0.0
2008-06-30 00:00:00+09:00,2111.384501969387,2121.985595703125,2111.384501969387,2121.985595703125,55500,0.0,0.0
2008-07-01 00:00:00+09:00,2124.282826565615,2124.282826565615,2123.752685546875,2123.752685546875,55500,0.0,0.0
2008-07-02 00:00:00+09:00,2123.7522218023714,2123.7522218023714,2109.617431640625,2109.617431640625,55500,0.0,0.0
2008-07-03 00:00:00+09:00,2072.5136470681623,2086.6484375,2072.5136470681623,2086.6484375,55500,0.0,0.0
2008-07-04 00:00:00+09:00,2049.544387090774,2077.81396484375,2049.544387090774,2077.81396484375,55500,0.0,0.0
2008-07-07 00:00:00+09:00,2062.6144216326197,2076.047607421875,2062.6144216326197,2076.047607421875,55500,0.0,0.0
2008-07-08 00:00:00+09:00,2019.5079578013147,2019.5079578013147,2005.3731689453125,2005.3731689453125,55500,0.0,0.0
2008-07-09 00:00:00+09:00,2061.912123031748,2061.912123031748,2053.077880859375,2053.077880859375,55500,0.0,0.0
2008-07-10 00:00:00+09:00,2113.150839359504,2137.88671875,2113.150839359504,2137.88671875,55500,0.0,0.0
2008-07-11 00:00:00+09:00,2136.119605454318,2152.021240234375,2136.119605454318,2152.021240234375,55500,0.0,0.0
2008-07-14 00:00:00+09:00,2150.2549162148243,2150.2549162148243,2130.819580078125,2130.819580078125,55500,0.0,0.0
2008-07-15 00:00:00+09:00,2088.415246398006,2109.617431640625,2088.415246398006,2109.617431640625,55500,0.0,0.0
2008-07-16 00:00:00+09:00,2116.6850007709704,2148.48828125,2116.6850007709704,2148.48828125,55500,0.0,0.0
2008-07-17 00:00:00+09:00,2121.9855634467253,2139.654052734375,2121.9855634467253,2139.654052734375,55500,0.0,0.0
2008-07-18 00:00:00+09:00,2139.6543594961495,2139.6543594961495,2107.85107421875,2107.85107421875,55500,0.0,0.0
2008-07-22 00:00:00+09:00,2129.0524344308037,2164.389404296875,2127.2855859375,2164.389404296875,80500,0.0,0.0
2008-07-23 00:00:00+09:00,2197.9599925926864,2197.9599925926864,2180.29150390625,2180.29150390625,80500,0.0,0.0
2008-07-24 00:00:00+09:00,2212.0949806720378,2212.0949806720378,2206.79443359375,2206.79443359375,80500,0.0,0.0
2008-07-25 00:00:00+09:00,2217.3952792968753,2217.3952792968753,2208.56103515625,2208.56103515625,80500,0.0,0.0
2008-07-28 00:00:00+09:00,2222.695367717589,2222.695367717589,2187.3583984375,2187.3583984375,80500,0.0,0.0
2008-07-29 00:00:00+09:00,2235.0634083773757,2291.602561790875,2233.296559833204,2277.4677734375,186000,0.0,0.0
2008-07-30 00:00:00+09:00,2259.7995882289615,2259.7995882289615,2243.89794921875,2243.89794921875,186000,0.0,0.0
2008-07-31 00:00:00+09:00,2206.7941461534415,2231.530029296875,2206.7941461534415,2231.530029296875,186000,0.0,0.0
2008-08-01 00:00:00+09:00,2233.2967567256546,2233.2967567256546,2159.089111328125,2159.089111328125,186000,0.0,0.0
2008-08-04 00:00:00+09:00,2201.493943647905,2201.493943647905,2176.758056640625,2176.758056640625,186000,0.0,0.0
2008-08-05 00:00:00+09:00,2170.136576354699,2170.136576354699,2155.5546875,2155.5546875,186000,0.0,0.0
2008-08-06 00:00:00+09:00,2160.855231813525,2160.855231813525,2155.5546875,2155.5546875,186000,0.0,0.0
2008-08-07 00:00:00+09:00,2121.985836390846,2123.752685546875,2121.985836390846,2123.752685546875,186000,0.0,0.0
2008-08-08 00:00:00+09:00,2120.2185089136783,2125.5190551859623,2113.151113883966,2118.45166015625,138500,0.0,0.0
2008-08-11 00:00:00+09:00,2107.8501056574974,2107.8501056574974,2102.549560546875,2102.549560546875,138500,0.0,0.0
2008-08-12 00:00:00+09:00,2088.4155506150264,2088.4155506150264,2076.047607421875,2076.047607421875,138500,0.0,0.0
2008-08-13 00:00:00+09:00,2070.746520094619,2070.746520094619,2033.6427001953125,2033.6427001953125,138500,0.0,0.0
2008-08-14 00:00:00+09:00,2030.1090553330828,2030.1090553330828,2001.8394775390625,2001.8394775390625,138500,0.0,0.0
2008-08-15 00:00:00+09:00,2014.2074178239463,2014.2074178239463,2001.8394775390625,2001.8394775390625,138500,0.0,0.0
2008-08-18 00:00:00+09:00,2012.440673828125,2012.440673828125,2012.440673828125,2012.440673828125,138500,0.0,0.0
2008-08-19 00:00:00+09:00,1973.5702159664886,1973.5702159664886,1959.4354248046875,1959.4354248046875,138500,0.0,0.0
2008-08-20 00:00:00+09:00,1957.6683054806294,1975.3367919921875,1957.6683054806294,1975.3367919921875,138500,0.0,0.0
2008-08-21 00:00:00+09:00,1962.9690220550704,1962.9690220550704,1947.0673828125,1947.0673828125,138500,0.0,0.0
2008-08-22 00:00:00+09:00,1948.8339930308948,1948.8339930308948,1943.533447265625,1943.533447265625,138500,0.0,0.0
2008-08-25 00:00:00+09:00,1945.3001516183792,1957.6680908203125,1945.3001516183792,1957.6680908203125,138500,0.0,0.0
2008-08-26 00:00:00+09:00,1929.3986729452054,1934.69921875,1929.3986729452054,1934.69921875,138500,0.0,0.0
2008-08-27 00:00:00+09:00,1931.1656645606545,1939.9999082228717,1917.0308747011072,1922.3314208984375,157000,0.0,0.0
2008-08-28 00:00:00+09:00,1920.5643310546875,1920.5643310546875,1920.5643310546875,1920.5643310546875,157000,0.0,0.0
2008-08-29 00:00:00+09:00,1922.3316296064604,1941.7669677734375,1922.3316296064604,1941.7669677734375,157000,0.0,0.0
2008-09-01 00:00:00+09:00,1941.766756955315,1941.766756955315,1922.3314208984375,1922.3314208984375,157000,0.0,0.0
2008-09-02 00:00:00+09:00,1915.2639787158982,1915.2639787158982,1878.16015625,1878.16015625,157000,0.0,0.0
2008-09-03 00:00:00+09:00,1925.8650285442782,1925.8650285442782,1902.89599609375,1902.89599609375,157000,0.0,0.0
2008-09-04 00:00:00+09:00,1902.8962370637175,1904.6630859375,1902.8962370637175,1904.6630859375,157000,0.0,0.0
2008-09-05 00:00:00+09:00,1825.1549008576765,1828.6885986328125,1825.1549008576765,1828.6885986328125,157000,0.0,0.0
2008-09-08 00:00:00+09:00,1816.3205815333945,1816.3205815333945,1802.185791015625,1802.185791015625,157000,0.0,0.0
2008-09-09 00:00:00+09:00,1830.4554667570153,1830.4554667570153,1818.0875244140625,1818.0875244140625,157000,0.0,0.0
2008-09-10 00:00:00+09:00,1856.9581488066312,1862.2586953779157,1839.2896602356834,1846.3570556640625,154000,0.0,0.0
2008-09-11 00:00:00+09:00,1862.2586953779157,1862.2586953779157,1846.3570556640625,1846.3570556640625,154000,0.0,0.0
2008-09-12 00:00:00+09:00,1841.05613557073,1851.6572265625,1841.05613557073,1851.6572265625,154000,0.0,0.0
2008-09-16 00:00:00+09:00,1851.6573780331769,1851.6573780331769,1833.9888916015625,1833.9888916015625,154000,0.0,0.0
2008-09-17 00:00:00+09:00,1802.1859823690877,1802.1859823690877,1765.0821533203125,1765.0821533203125,154000,0.0,0.0
2008-09-18 00:00:00+09:00,1765.0819030822693,1768.6156005859375,1765.0819030822693,1768.6156005859375,154000,0.0,0.0
2008-09-19 00:00:00+09:00,1786.2840823121403,1842.8232421875,1786.2840823121403,1842.8232421875,154000,0.0,0.0
2008-09-22 00:00:00+09:00,1766.8487609985598,1766.8487609985598,1763.3150634765625,1763.3150634765625,154000,0.0,0.0
2008-09-24 00:00:00+09:00,1763.315126252151,1796.88525390625,1763.315126252151,1796.88525390625,154000,0.0,0.0
2008-09-25 00:00:00+09:00,1788.9146728515625,1788.9146728515625,1788.9146728515625,1788.9146728515625,154000,5.0,0.0
2008-09-26 00:00:00+09:00,1797.7706668811923,1797.7706668811923,1776.5162353515625,1776.5162353515625,154000,0.0,0.0
2008-09-29 00:00:00+09:00,1778.287494067171,1836.7371826171875,1778.287494067171,1836.7371826171875,154000,0.0,0.0
2008-09-30 00:00:00+09:00,1772.9737730400047,1772.9737730400047,1762.3465576171875,1762.3465576171875,154000,0.0,0.0
2008-10-01 00:00:00+09:00,1762.3465020751953,1771.2025146484375,1762.3465020751953,1771.2025146484375,154000,0.0,0.0
2008-10-02 00:00:00+09:00,1780.0589599609375,1780.0589599609375,1780.0589599609375,1780.0589599609375,154000,0.0,0.0
2008-10-03 00:00:00+09:00,1785.3724694293478,1833.1949462890625,1785.3724694293478,1833.1949462890625,154000,0.0,0.0
2008-10-06 00:00:00+09:00,1822.5676001929664,1822.5676001929664,1769.4315185546875,1769.4315185546875,154000,0.0,0.0
2008-10-07 00:00:00+09:00,1765.8895107076626,1765.8895107076626,1753.4910888671875,1753.4910888671875,154000,0.0,0.0
2008-10-08 00:00:00+09:00,1753.4903492647059,1753.4903492647059,1656.07421875,1656.07421875,154000,0.0,0.0
2008-10-09 00:00:00+09:00,1627.73555847035,1627.73555847035,1625.96435546875,1625.96435546875,154000,0.0,0.0
2008-10-10 00:00:00+09:00,1551.5735708705358,1551.5735708705358,1549.8023681640625,1549.8023681640625,154000,0.0,0.0
2008-10-14 00:00:00+09:00,1684.4137245377945,1691.49853515625,1684.4137245377945,1691.49853515625,154000,0.0,0.0
2008-10-15 00:00:00+09:00,1661.388008487729,1716.2952880859375,1661.388008487729,1716.2952880859375,154000,0.0,0.0
2008-10-16 00:00:00+09:00,1634.8200587293836,1634.8200587293836,1594.0823974609375,1594.0823974609375,154000,0.0,0.0
2008-10-17 00:00:00+09:00,1742.8634036876254,1765.8890380859375,1742.8634036876254,1765.8890380859375,154000,0.0,0.0
2008-10-20 00:00:00+09:00,1781.8301070671007,1852.67822265625,1781.8301070671007,1852.67822265625,154000,0.0,0.0
2008-10-21 00:00:00+09:00,1787.1435457674472,1787.1435457674472,1769.4315185546875,1769.4315185546875,154000,0.0,0.0
2008-10-22 00:00:00+09:00,1769.431500736971,1769.431500736971,1710.9818115234375,1710.9818115234375,154000,0.0,0.0
2008-10-23 00:00:00+09:00,1659.616851931202,1735.778564453125,1659.616851931202,1735.778564453125,154000,0.0,0.0
2008-10-24 00:00:00+09:00,1721.609201773836,1721.609201773836,1597.625,1597.625,154000,0.0,0.0
2008-10-27 00:00:00+09:00,1599.3962757720044,1599.3962757720044,1496.66650390625,1496.66650390625,154000,0.0,0.0
2008-10-28 00:00:00+09:00,1654.3035515788283,1654.3035515788283,1652.5323486328125,1652.5323486328125,154000,0.0,0.0
2008-10-29 00:00:00+09:00,1726.9225034920423,1726.9225034920423,1716.2952880859375,1716.2952880859375,154000,0.0,0.0
2008-10-30 00:00:00+09:00,1726.922561782426,1776.5162353515625,1726.922561782426,1776.5162353515625,154000,0.0,0.0
2008-10-31 00:00:00+09:00,1780.0588418806658,1780.0588418806658,1734.007568359375,1734.007568359375,154000,0.0,0.0
2008-11-04 00:00:00+09:00,1735.7790576665088,1753.4910888671875,1735.7790576665088,1753.4910888671875,164000,0.0,0.0
2008-11-05 00:00:00+09:00,1757.0331835546094,1767.660400390625,1757.0331835546094,1767.660400390625,164000,0.0,0.0
2008-11-06 00:00:00+09:00,1771.2025125459093,1771.2025125459093,1748.1768798828125,1748.1768798828125,164000,0.0,0.0
2008-11-07 00:00:00+09:00,1719.8376644470532,1719.8376644470532,1709.21044921875,1709.21044921875,164000,0.0,0.0
2008-11-10 00:00:00+09:00,1726.9225048678957,1739.3209228515625,1726.9225048678957,1739.3209228515625,164000,0.0,0.0
2008-11-11 00:00:00+09:00,1741.0923337069426,1741.0923337069426,1714.5242919921875,1714.5242919921875,164000,0.0,0.0
2008-11-12 00:00:00+09:00,1673.7865740444743,1684.413790387614,1654.3033440820518,1677.3289794921875,58500,0.0,0.0
2008-11-13 00:00:00+09:00,1675.5576009957902,1709.21044921875,1675.5576009957902,1709.21044921875,58500,0.0,0.0
2008-11-14 00:00:00+09:00,1710.9819910087149,1710.9819910087149,1702.1259765625,1702.1259765625,58500,0.0,0.0
2008-11-17 00:00:00+09:00,1679.1004328712775,1695.041259765625,1679.1004328712775,1695.041259765625,58500,0.0,0.0
2008-11-18 00:00:00+09:00,1723.380465713425,1780.0589599609375,1723.380465713425,1780.0589599609375,58500,0.0,0.0
2008-11-19 00:00:00+09:00,1774.7450327240933,1776.5162353515625,1774.7450327240933,1776.5162353515625,58500,0.0,0.0
2008-11-20 00:00:00+09:00,1778.2876370337701,1778.2876370337701,1757.033203125,1757.033203125,58500,0.0,0.0
2008-11-21 00:00:00+09:00,1757.0334951073232,1757.0334951073232,1753.4910888671875,1753.4910888671875,58500,0.0,0.0
2008-11-25 00:00:00+09:00,1757.0328945312501,1771.2025146484375,1757.0328945312501,1771.2025146484375,125500,0.0,0.0
2008-11-26 00:00:00+09:00,1772.9741789423317,1772.9741789423317,1764.1181640625,1764.1181640625,125500,0.0,0.0
2008-11-27 00:00:00+09:00,1758.8042555588943,1772.973876953125,1758.8042555588943,1772.973876953125,125500,0.0,0.0
2008-11-28 00:00:00+09:00,1774.7449196777345,1774.7449196777345,1771.2025146484375,1771.2025146484375,125500,0.0,0.0
2008-12-01 00:00:00+09:00,1771.2027122566988,1771.2027122566988,1751.719482421875,1751.719482421875,125500,0.0,0.0
2008-12-02 00:00:00+09:00,1753.490657362827,1753.490657362827,1675.5577392578125,1675.5577392578125,125500,0.0,0.0
2008-12-03 00:00:00+09:00,1689.7273607314514,1689.7273607314514,1675.5577392578125,1675.5577392578125,125500,0.0,0.0
2008-12-04 00:00:00+09:00,1675.5576303641326,1739.3209228515625,1675.5576303641326,1739.3209228515625,125500,0.0,0.0
2008-12-05 00:00:00+09:00,1741.0922661483348,1751.719482421875,1741.0922661483348,1751.719482421875,125500,0.0,0.0
2008-12-08 00:00:00+09:00,1783.6012665826916,1833.1949462890625,1783.6012665826916,1833.1949462890625,125500,0.0,0.0
2008-12-09 00:00:00+09:00,1827.8816024735786,1827.8816024735786,1822.5679931640625,1822.5679931640625,125500,0.0,0.0
2008-12-10 00:00:00+09:00,1824.3389243521342,1824.3389243521342,1815.48291015625,1815.48291015625,125500,0.0,0.0
2008-12-11 00:00:00+09:00,1820.7962930368824,1827.881103515625,1820.7962930368824,1827.881103515625,125500,0.0,0.0
2008-12-12 00:00:00+09:00,1829.6523337184792,1829.6523337184792,1788.9146728515625,1788.9146728515625,125500,0.0,0.0
2008-12-15 00:00:00+09:00,1827.8812342550384,1845.59326171875,1827.8812342550384,1845.59326171875,125500,0.0,0.0
2008-12-16 00:00:00+09:00,1904.0430601553064,1904.0430601553064,1833.1949462890625,1833.1949462890625,2697500,0.0,0.0
2008-12-17 00:00:00+09:00,1834.9658586190833,1834.9658586190833,1693.2696533203125,1693.2696533203125,1287500,0.0,0.0
2008-12-18 00:00:00+09:00,1687.9562151561256,1687.9562151561256,1666.7017822265625,1666.7017822265625,277500,0.0,0.0
2008-12-19 00:00:00+09:00,1668.473357628132,1668.473357628132,1643.676513671875,1643.676513671875,227500,0.0,0.0
2008-12-22 00:00:00+09:00,1650.7608642578125,1650.7608642578125,1650.7608642578125,1650.7608642578125,145500,0.0,0.0
2008-12-24 00:00:00+09:00,1652.5322102508044,1652.5322102508044,1617.108154296875,1617.108154296875,183000,0.0,0.0
2008-12-25 00:00:00+09:00,1644.662761611559,1644.662761611559,1643.676513671875,1643.676513671875,68500,0.0,0.0
2008-12-26 00:00:00+09:00,1648.9895683353784,1657.8455810546875,1645.4471632476548,1657.8455810546875,56500,0.0,0.0
2008-12-29 00:00:00+09:00,1654.3030163770054,1661.387825868984,1652.5318140040108,1656.07421875,106000,0.0,0.0
2008-12-30 00:00:00+09:00,1638.3623334640322,1654.3031561680066,1634.8199284187046,1645.4471435546875,60000,0.0,0.0
2009-01-05 00:00:00+09:00,1645.4476050464527,1656.0748231630066,1629.5067778716216,1638.36279296875,113000,0.0,0.0
2009-01-06 00:00:00+09:00,1622.4217154414275,1622.4217154414275,1620.6505126953125,1620.6505126953125,103000,0.0,0.0
2009-01-07 00:00:00+09:00,1610.02348870399,1610.02348870399,1583.4554443359375,1583.4554443359375,133000,0.0,0.0
2009-01-08 00:00:00+09:00,1576.3704468888236,1576.3704468888236,1551.5736083984375,1551.5736083984375,105500,0.0,0.0
2009-01-09 00:00:00+09:00,1532.0902567804897,1532.0902567804897,1528.5478515625,1528.5478515625,129000,0.0,0.0
2009-01-13 00:00:00+09:00,1501.9800178518844,1503.751220703125,1501.9800178518844,1503.751220703125,175500,0.0,0.0
2009-01-14 00:00:00+09:00,1533.8618906610022,1537.404296875,1533.8618906610022,1537.404296875,105500,0.0,0.0
2009-01-15 00:00:00+09:00,1528.5481159294777,1528.5481159294777,1517.9208984375,1517.9208984375,120500,0.0,0.0
2009-01-16 00:00:00+09:00,1514.378046852576,1542.71728515625,1514.378046852576,1542.71728515625,62000,0.0,0.0
2009-01-19 00:00:00+09:00,1572.8280778177668,1576.3704833984375,1572.8280778177668,1576.3704833984375,205500,0.0,0.0
2009-01-20 00:00:00+09:00,1549.8023681640625,1549.8023681640625,1549.8023681640625,1549.8023681640625,109000,0.0,0.0
2009-01-21 00:00:00+09:00,1503.7512406861656,1503.7512406861656,1493.1240234375,1493.1240234375,211500,0.0,0.0
2009-01-22 00:00:00+09:00,1494.8951416015625,1494.8951416015625,1494.8951416015625,1494.8951416015625,126500,0.0,0.0
2009-01-23 00:00:00+09:00,1496.6661557366936,1496.6661557366936,1486.0389404296875,1486.0389404296875,86000,0.0,0.0
2009-01-26 00:00:00+09:00,1486.0391668172983,1486.0391668172983,1473.6407470703125,1473.6407470703125,79500,0.0,0.0
2009-01-27 00:00:00+09:00,1459.4709401102727,1510.8358154296875,1459.4709401102727,1510.8358154296875,83500,0.0,0.0
2009-01-28 00:00:00+09:00,1512.607330575074,1512.607330575074,1496.66650390625,1496.66650390625,88500,0.0,0.0
2009-01-29 00:00:00+09:00,1516.1497124565974,1530.3193359375,1516.1497124565974,1530.3193359375,87000,0.0,0.0
2009-01-30 00:00:00+09:00,1530.3190042088797,1530.3190042088797,1486.0389404296875,1486.0389404296875,200500,0.0,0.0
2009-02-02 00:00:00+09:00,1487.8104450033723,1487.8104450033723,1477.1832275390625,1477.1832275390625,91500,0.0,0.0
2009-02-03 00:00:00+09:00,1443.5302168683306,1452.38623046875,1443.5302168683306,1452.38623046875,74000,0.0,0.0
2009-02-04 00:00:00+09:00,1450.6147618962013,1491.3524169921875,1450.6147618962013,1491.3524169921875,135500,0.0,0.0
2009-02-05 00:00:00+09:00,1501.9799624702737,1501.9799624702737,1489.58154296875,1489.58154296875,119000,0.0,0.0
2009-02-06 00:00:00+09:00,1484.2679559192518,1484.2679559192518,1455.9287109375,1455.9287109375,138500,0.0,0.0
2009-02-09 00:00:00+09:00,1455.9287429809572,1455.9287429809572,1416.9622802734375,1416.9622802734375,168000,0.0,0.0
2009-02-10 00:00:00+09:00,1443.5302466676947,1443.5302466676947,1377.995744671738,1413.4197998046875,130000,0.0,0.0
2009-02-12 00:00:00+09:00,1401.0212678641003,1401.0212678641003,1385.0804443359375,1385.0804443359375,165500,0.0,0.0
2009-02-13 00:00:00+09:00,1413.4195758322012,1425.8179931640625,1413.4195758322012,1425.8179931640625,104000,0.0,0.0
2009-02-16 00:00:00+09:00,1521.463134765625,1521.463134765625,1521.463134765625,1521.463134765625,221000,0.0,0.0
2009-02-17 00:00:00+09:00,1463.0135771602033,1470.098388671875,1463.0135771602033,1470.098388671875,125500,0.0,0.0
2009-02-18 00:00:00+09:00,1441.7592461957965,1457.7000732421875,1441.7592461957965,1457.7000732421875,62000,0.0,0.0
2009-02-19 00:00:00+09:00,1477.1831138574682,1494.8951416015625,1477.1831138574682,1494.8951416015625,72000,0.0,0.0
2009-02-20 00:00:00+09:00,1509.064763796838,1509.064763796838,1494.8951416015625,1494.8951416015625,97000,0.0,0.0
2009-02-23 00:00:00+09:00,1523.2343374836291,1523.2343374836291,1521.463134765625,1521.463134765625,97000,0.0,0.0
2009-02-24 00:00:00+09:00,1510.8356299848922,1525.0052490234375,1510.8356299848922,1525.0052490234375,64500,0.0,0.0
2009-02-25 00:00:00+09:00,1523.2340588224743,1542.71728515625,1523.2340588224743,1542.71728515625,81500,0.0,0.0
2009-02-26 00:00:00+09:00,1555.8510616655412,1555.8510616655412,1553.3448486328125,1553.3448486328125,88500,0.0,0.0
2009-02-27 00:00:00+09:00,1553.3449940521446,1583.4554443359375,1553.3449940521446,1583.4554443359375,130000,0.0,0.0
2009-03-02 00:00:00+09:00,1583.4551054356461,1583.4551054356461,1567.5142822265625,1567.5142822265625,97000,0.0,0.0
2009-03-03 00:00:00+09:00,1562.2008805080777,1565.7432861328125,1562.2008805080777,1565.7432861328125,148500,0.0,0.0
2009-03-04 00:00:00+09:00,1594.0823881333056,1599.39599609375,1594.0823881333056,1599.39599609375,109000,0.0,0.0
2009-03-05 00:00:00+09:00,1645.4470045120322,1656.07421875,1645.4470045120322,1656.07421875,102000,0.0,0.0
2009-03-06 00:00:00+09:00,1684.4140939894755,1684.4140939894755,1668.4732666015625,1668.4732666015625,131500,0.0,0.0
2009-03-09 00:00:00+09:00,1696.8125152911857,1696.8125152911857,1668.4732666015625,1668.4732666015625,107000,0.0,0.0
2009-03-10 00:00:00+09:00,1661.3880990935336,1663.1593017578125,1661.3880990935336,1663.1593017578125,101000,0.0,0.0
2009-03-11 00:00:00+09:00,1689.7273232095674,1696.8121337890625,1689.7273232095674,1696.8121337890625,106500,0.0,0.0
2009-03-12 00:00:00+09:00,1656.0747545248444,1656.0747545248444,1652.5323486328125,1652.5323486328125,91500,0.0,0.0
2009-03-13 00:00:00+09:00,1657.845813911502,1686.18505859375,1657.845813911502,1686.18505859375,139500,0.0,0.0
2009-03-16 00:00:00+09:00,1696.8121898959141,1710.9818115234375,1696.8121898959141,1710.9818115234375,58000,0.0,0.0
2009-03-17 00:00:00+09:00,1735.778771187117,1735.778771187117,1734.007568359375,1734.007568359375,76500,0.0,0.0
2009-03-18 00:00:00+09:00,1757.0332051200203,1757.0332051200203,1734.007568359375,1734.007568359375,90500,0.0,0.0
2009-03-19 00:00:00+09:00,1734.0073526562896,1741.0921630859375,1734.0073526562896,1741.0921630859375,53500,0.0,0.0
2009-03-23 00:00:00+09:00,1746.4059379751893,1783.6011962890625,1746.4059379751893,1783.6011962890625,120500,0.0,0.0
2009-03-24 00:00:00+09:00,1827.8812657103401,1827.8812657103401,1783.6011962890625,1783.6011962890625,134500,0.0,0.0
2009-03-25 00:00:00+09:00,1799.5421415441176,1806.626953125,1799.5421415441176,1806.626953125,114500,0.0,0.0
2009-03-26 00:00:00+09:00,1792.38720703125,1792.38720703125,1792.38720703125,1792.38720703125,68500,10.0,0.0
2009-03-27 00:00:00+09:00,1797.7270905082748,1804.8468017578125,1797.7270905082748,1804.8468017578125,80000,0.0,0.0
2009-03-30 00:00:00+09:00,1822.646125,1822.646125,1779.9278564453125,1779.9278564453125,121000,0.0,0.0
2009-03-31 00:00:00+09:00,1781.7076442093717,1781.7076442093717,1749.6689453125,1749.6689453125,102500,0.0,0.0
2009-04-01 00:00:00+09:00,1771.0282171630859,1779.9278564453125,1771.0282171630859,1779.9278564453125,78000,0.0,0.0
2009-04-02 00:00:00+09:00,1795.9469400238308,1803.066650390625,1795.9469400238308,1803.066650390625,56000,0.0,0.0
2009-04-03 00:00:00+09:00,1799.507045271423,1799.507045271423,1760.3486328125,1760.3486328125,83500,0.0,0.0
2009-04-06 00:00:00+09:00,1744.3291220114595,1744.3291220114595,1742.5491943359375,1742.5491943359375,106500,0.0,0.0
2009-04-07 00:00:00+09:00,1742.5493340386283,1762.1285400390625,1742.5493340386283,1762.1285400390625,68000,0.0,0.0
2009-04-08 00:00:00+09:00,1746.109192643429,1751.4489761071704,1731.869770073452,1740.7694091796875,44000,0.0,0.0
2009-04-09 00:00:00+09:00,1730.0897012300873,1731.86962890625,1730.0897012300873,1731.86962890625,68000,0.0,0.0
2009-04-10 00:00:00+09:00,1699.8311540441057,1712.2906494140625,1699.8311540441057,1712.2906494140625,66000,0.0,0.0
2009-04-13 00:00:00+09:00,1706.950927734375,1706.950927734375,1706.950927734375,1706.950927734375,49000,0.0,0.0
2009-04-14 00:00:00+09:00,1710.510740041486,1721.1903076171875,1710.510740041486,1721.1903076171875,40500,0.0,0.0
2009-04-15 00:00:00+09:00,1694.4913886779343,1721.1903076171875,1694.4913886779343,1721.1903076171875,55000,0.0,0.0
2009-04-16 00:00:00+09:00,1717.6305089231398,1737.209716796875,1717.6305089231398,1737.209716796875,82500,0.0,0.0
2009-04-17 00:00:00+09:00,1738.9896473048889,1738.9896473048889,1726.5301513671875,1726.5301513671875,64000,0.0,0.0
2009-04-20 00:00:00+09:00,1722.9699502950853,1724.7498779296875,1722.9699502950853,1724.7498779296875,69000,0.0,0.0
2009-04-21 00:00:00+09:00,1689.1515511962373,1689.1515511962373,1683.811767578125,1683.811767578125,127000,0.0,0.0
2009-04-22 00:00:00+09:00,1689.1515511962373,1689.1515511962373,1683.811767578125,1683.811767578125,71000,0.0,0.0
2009-04-23 00:00:00+09:00,1678.4719839600125,1683.811767578125,1678.4719839600125,1683.811767578125,71500,0.0,0.0
2009-04-24 00:00:00+09:00,1679.0968249201972,1679.0968249201972,1632.193603515625,1632.193603515625,58500,0.0,0.0
2009-04-27 00:00:00+09:00,1627.786696603849,1632.193603515625,1627.786696603849,1632.193603515625,81500,0.0,0.0
2009-04-28 00:00:00+09:00,1632.193810940318,1632.193810940318,1603.7149658203125,1603.7149658203125,68500,0.0,0.0
2009-04-30 00:00:00+09:00,1678.4718887412482,1678.4718887412482,1628.6339111328125,1628.6339111328125,67500,0.0,0.0
2009-05-01 00:00:00+09:00,1619.7343353877793,1619.7343353877793,1612.6146240234375,1612.6146240234375,59000,0.0,0.0
2009-05-07 00:00:00+09:00,1635.753662109375,1635.753662109375,1635.753662109375,1635.753662109375,70000,0.0,0.0
2009-05-08 00:00:00+09:00,1628.633708031938,1657.112548828125,1628.633708031938,1657.112548828125,73000,0.0,0.0
2009-05-11 00:00:00+09:00,1658.8929235329583,1660.6728515625,1658.8929235329583,1660.6728515625,59000,0.0,0.0
2009-05-12 00:00:00+09:00,1660.6724243164062,1660.6724243164062,1655.3326416015625,1655.3326416015625,26500,0.0,0.0
2009-05-13 00:00:00+09:00,1651.7732155539773,1749.6692574240944,1649.9932875199752,1722.9703369140625,58500,0.0,0.0
2009-05-14 00:00:00+09:00,1698.0507804774031,1698.0507804774031,1687.3712158203125,1687.3712158203125,117000,0.0,0.0
2009-05-15 00:00:00+09:00,1685.5914714833416,1685.5914714833416,1682.0316162109375,1682.0316162109375,58500,0.0,0.0
2009-05-18 00:00:00+09:00,1655.3326416015625,1655.3326416015625,1655.3326416015625,1655.3326416015625,42500,0.0,0.0
2009-05-19 00:00:00+09:00,1680.2519118327166,1683.811767578125,1669.5723445964918,1683.811767578125,36500,0.0,0.0
2009-05-20 00:00:00+09:00,1689.1514921239243,1689.1514921239243,1667.7923583984375,1667.7923583984375,67500,0.0,0.0
2009-05-21 00:00:00+09:00,1673.1321418298091,1673.1321418298091,1667.7923583984375,1667.7923583984375,42500,0.0,0.0
2009-05-22 00:00:00+09:00,1667.7925636806674,1667.7925636806674,1655.3330674738747,1660.6728515625,30000,0.0,0.0
2009-05-25 00:00:00+09:00,1666.0120849609375,1666.0120849609375,1666.0120849609375,1666.0120849609375,42500,0.0,0.0
2009-05-26 00:00:00+09:00,1676.6920389267214,1676.6920389267214,1664.2325439453125,1664.2325439453125,44000,0.0,0.0
2009-05-27 00:00:00+09:00,1666.01220703125,1666.01220703125,1655.3326416015625,1655.3326416015625,38000,0.0,0.0
2009-05-28 00:00:00+09:00,1657.1128325273646,1664.2325439453125,1657.1128325273646,1664.2325439453125,58500,0.0,0.0
2009-05-29 00:00:00+09:00,1666.0122277978464,1666.0122277978464,1632.193603515625,1632.193603515625,81500,0.0,0.0
2009-06-01 00:00:00+09:00,1632.194147295365,1649.9934291633624,1632.194147295365,1648.2135009765625,54500,0.0,0.0
2009-06-02 00:00:00+09:00,1649.9928794536363,1649.9928794536363,1632.193603515625,1632.193603515625,60000,0.0,0.0
2009-06-03 00:00:00+09:00,1633.9739185316594,1633.9739185316594,1630.4140625,1630.4140625,30500,0.0,0.0
2009-06-04 00:00:00+09:00,1633.9735311094262,1633.9735311094262,1632.193603515625,1632.193603515625,33500,0.0,0.0
2009-06-05 00:00:00+09:00,1633.9739002684207,1633.9739002684207,1621.514404296875,1621.514404296875,32000,0.0,0.0
2009-06-08 00:00:00+09:00,1614.3946326167572,1616.174560546875,1614.3946326167572,1616.174560546875,35500,0.0,0.0
2009-06-09 00:00:00+09:00,1605.4950135555919,1614.3946533203125,1605.4950135555919,1614.3946533203125,38500,0.0,0.0
2009-06-10 00:00:00+09:00,1621.5144224208516,1630.4140625,1621.5144224208516,1630.4140625,38000,0.0,0.0
2009-06-11 00:00:00+09:00,1617.9543839580215,1635.753662109375,1617.9543839580215,1635.753662109375,43500,0.0,0.0
2009-06-12 00:00:00+09:00,1637.5338134765625,1646.433453767196,1630.4141012440557,1637.5338134765625,83000,0.0,0.0
2009-06-15 00:00:00+09:00,1651.7730676529256,1676.6920578976897,1651.7730676529256,1673.1322021484375,75000,0.0,0.0
2009-06-16 00:00:00+09:00,1660.6725269214526,1660.6725269214526,1641.0933224239864,1646.43310546875,99000,0.0,0.0
2009-06-17 00:00:00+09:00,1667.7924185245597,1682.0318415215677,1667.7924185245597,1673.1322021484375,44000,0.0,0.0
2009-06-18 00:00:00+09:00,1658.8928590681396,1676.692138671875,1657.112931107766,1676.692138671875,42500,0.0,0.0
2009-06-19 00:00:00+09:00,1678.4720666322485,1678.4720666322485,1666.0125709096337,1676.692138671875,57500,0.0,0.0
2009-06-22 00:00:00+09:00,1714.070901831156,1731.8701843008462,1708.731117090249,1715.850830078125,88500,0.0,0.0
2009-06-23 00:00:00+09:00,1698.0508828680684,1698.0508828680684,1689.1512451171875,1689.1512451171875,56500,0.0,0.0
2009-06-24 00:00:00+09:00,1696.271487597553,1701.6112719236735,1685.5919189453125,1685.5919189453125,38500,0.0,0.0
2009-06-25 00:00:00+09:00,1701.611063320435,1715.8504864444553,1698.05120753943,1703.3909912109375,77500,0.0,0.0
2009-06-26 00:00:00+09:00,1731.8695476947053,1731.8695476947053,1708.7304889896373,1717.630126953125,58000,0.0,0.0
2009-06-29 00:00:00+09:00,1722.9701147486342,1724.7500425531266,1710.5106201171875,1710.5106201171875,33500,0.0,0.0
2009-06-30 00:00:00+09:00,1721.1903076171875,1724.7501634757546,1710.510740041486,1721.1903076171875,38000,0.0,0.0
2009-07-01 00:00:00+09:00,1690.9313138326008,1726.529867808024,1690.9313138326008,1708.7305908203125,43000,0.0,0.0
2009-07-02 00:00:00+09:00,1721.1902301223931,1724.7500858206815,1687.3716009886543,1696.271240234375,50500,0.0,0.0
2009-07-03 00:00:00+09:00,1673.1318768000199,1683.811441971084,1655.3326015149132,1680.2515869140625,44500,0.0,0.0
2009-07-06 00:00:00+09:00,1664.232340234791,1689.1513271473975,1664.232340234791,1671.35205078125,44500,0.0,0.0
2009-07-07 00:00:00+09:00,1674.9120857030841,1698.0511474609375,1674.9120857030841,1698.0511474609375,44000,0.0,0.0
2009-07-08 00:00:00+09:00,1698.051107627467,1698.051107627467,1680.2518297697368,1690.931396484375,28500,0.0,0.0
2009-07-09 00:00:00+09:00,1669.5724734602304,1669.5724734602304,1641.0936252988618,1651.773193359375,55500,0.0,0.0
2009-07-10 00:00:00+09:00,1669.5722862088946,1669.5722862088946,1658.8927193461511,1667.7923583984375,32000,0.0,0.0
2009-07-13 00:00:00+09:00,1651.7730731426248,1664.232568306416,1641.093505859375,1641.093505859375,39000,0.0,0.0
2009-07-14 00:00:00+09:00,1658.892805565452,1658.892805565452,1625.0741754090745,1639.3135986328125,62500,0.0,0.0
2009-07-15 00:00:00+09:00,1637.5338134765625,1655.3330940578294,1633.973957360309,1637.5338134765625,23500,0.0,0.0
2009-07-16 00:00:00+09:00,1642.873558610808,1646.4334146424674,1630.4140625,1630.4140625,23500,0.0,0.0
2009-07-17 00:00:00+09:00,1628.6340106955836,1642.8734337399167,1628.6340106955836,1641.093505859375,30000,0.0,0.0
2009-07-21 00:00:00+09:00,1683.8115438471395,1685.5914714833416,1667.7921951213211,1682.0316162109375,72500,0.0,0.0
2009-07-22 00:00:00+09:00,1699.831114830702,1712.2906099132308,1690.9314754860386,1705.1708984375,40000,0.0,0.0
2009-07-23 00:00:00+09:00,1703.3909309435192,1714.0704979086822,1690.9314361508286,1698.0511474609375,30000,0.0,0.0
2009-07-24 00:00:00+09:00,1699.831172465785,1721.1903076171875,1690.9315328193672,1721.1903076171875,53000,0.0,0.0
2009-07-27 00:00:00+09:00,1726.530252568631,1778.1481673361468,1721.1904682823363,1728.3101806640625,95000,0.0,0.0
2009-07-28 00:00:00+09:00,1730.0898422522048,1744.3292648221818,1719.410275324722,1740.7694091796875,29500,0.0,0.0
2009-07-29 00:00:00+09:00,1740.7697508526333,1771.0285297529347,1740.7697508526333,1753.229248046875,42000,0.0,0.0
2009-07-30 00:00:00+09:00,1779.9279760887798,1801.2871118018452,1763.9086243039808,1790.6075439453125,126000,0.0,0.0
2009-07-31 00:00:00+09:00,1787.047462665929,1815.5263066924779,1779.927751659292,1810.1865234375,72500,0.0,0.0
2009-08-03 00:00:00+09:00,1826.2060360362084,1826.2060360362084,1808.4067569325416,1817.306396484375,34000,0.0,0.0
2009-08-04 00:00:00+09:00,1824.4260666773584,1824.4260666773584,1810.1866437179253,1820.8662109375,36000,0.0,0.0
2009-08-05 00:00:00+09:00,1817.3060711242133,1817.3060711242133,1803.066650390625,1803.066650390625,43000,0.0,0.0
2009-08-06 00:00:00+09:00,1799.5070594516196,1806.6267708638911,1788.8274923332124,1801.2869873046875,50500,0.0,0.0
2009-08-07 00:00:00+09:00,1774.5877888997395,1794.1669921875,1763.908223470052,1783.4874267578125,42500,0.0,0.0
2009-08-10 00:00:00+09:00,1785.2676400146484,1810.1866300048828,1769.2482893066406,1779.9278564453125,49000,0.0,0.0
2009-08-11 00:00:00+09:00,1781.7078013434254,1799.507080078125,1781.7078013434254,1799.507080078125,32000,0.0,0.0
2009-08-12 00:00:00+09:00,1787.0473843405214,1792.3871673614592,1774.587890625,1774.587890625,37000,0.0,0.0
2009-08-13 00:00:00+09:00,1774.5880539170462,1794.1672601287687,1767.4683425673288,1771.0281982421875,40500,0.0,0.0
2009-08-14 00:00:00+09:00,1763.9085057373047,1787.0475678710936,1762.1285778808594,1779.9278564453125,36500,0.0,0.0
2009-08-17 00:00:00+09:00,1771.0285121372767,1771.0285121372767,1744.32958984375,1744.32958984375,43500,0.0,0.0
2009-08-18 00:00:00+09:00,1744.3291417563833,1756.7886356260717,1744.3291417563833,1751.4488525390625,38500,0.0,0.0
2009-08-19 00:00:00+09:00,1755.008749035371,1772.808026408955,1747.8890380859375,1747.8890380859375,52000,0.0,0.0
2009-08-20 00:00:00+09:00,1753.2287973443706,1794.16713474429,1753.2287973443706,1792.38720703125,56000,0.0,0.0
2009-08-21 00:00:00+09:00,1772.8083080222946,1781.7079481228081,1758.568883861473,1776.3681640625,34000,0.0,0.0
2009-08-24 00:00:00+09:00,1794.1672928885632,1824.4260666773584,1794.1672928885632,1820.8662109375,61500,0.0,0.0
2009-08-25 00:00:00+09:00,1794.167275892416,1815.5264101292305,1794.167275892416,1801.2869873046875,42000,0.0,0.0
2009-08-26 00:00:00+09:00,1817.306396484375,1820.8662523051082,1804.8469011118082,1817.306396484375,50000,0.0,0.0
2009-08-27 00:00:00+09:00,1819.085998715912,1819.085998715912,1792.3870848404338,1803.066650390625,42000,0.0,0.0
2009-08-28 00:00:00+09:00,1808.406715847996,1824.4260666773584,1803.066932238209,1820.8662109375,47000,0.0,0.0
2009-08-31 00:00:00+09:00,1824.42626953125,1852.905118616616,1803.0671327172256,1824.42626953125,82500,0.0,0.0
2009-09-02 00:00:00+09:00,1817.3062575138897,1817.3062575138897,1776.3679187060352,1787.0474853515625,87500,0.0,0.0
2009-09-03 00:00:00+09:00,1771.0284808734516,1785.2679058452984,1767.4686246304898,1778.148193359375,54500,0.0,0.0
2009-09-04 00:00:00+09:00,1771.0281390640848,1771.0281390640848,1747.8890779506846,1755.0087890625,44500,0.0,0.0
2009-09-07 00:00:00+09:00,1762.1288713727677,1762.1288713727677,1742.549661690848,1744.32958984375,23500,0.0,0.0
2009-09-08 00:00:00+09:00,1740.7697335379464,1751.4493024553572,1740.7697335379464,1744.32958984375,33000,0.0,0.0
2009-09-09 00:00:00+09:00,1746.10940135609,1746.10940135609,1719.4104808460581,1722.9703369140625,40000,0.0,0.0
2009-09-10 00:00:00+09:00,1735.4296257159463,1755.0088317496645,1724.7500587884635,1740.7694091796875,51500,0.0,0.0
2009-09-11 00:00:00+09:00,1742.5491949632258,1749.6689056678763,1730.0897012300873,1731.86962890625,78000,0.0,0.0
2009-09-14 00:00:00+09:00,1735.4297310514557,1735.4297310514557,1714.0705959000531,1721.1903076171875,41500,0.0,0.0
2009-09-15 00:00:00+09:00,1722.9702928887039,1737.209716796875,1719.4104369116612,1737.209716796875,47500,0.0,0.0
2009-09-16 00:00:00+09:00,1737.2097611860795,1767.4685377641158,1721.1904088800602,1722.9703369140625,54000,0.0,0.0
2009-09-17 00:00:00+09:00,1724.7502233760872,1740.769575295989,1719.4104394027868,1726.5301513671875,49500,0.0,0.0
2009-09-18 00:00:00+09:00,1722.9701309672164,1740.7694091796875,1710.5106362184865,1740.7694091796875,69500,0.0,0.0
2009-09-21 00:00:00+09:00,1740.7694091796875,1740.7694091796875,1740.7694091796875,1740.7694091796875,0,0.0,0.0
2009-09-24 00:00:00+09:00,1778.1476440429688,1803.0666300455728,1760.3483683268228,1783.4874267578125,147000,0.0,0.0
2009-09-25 00:00:00+09:00,1773.6736331102325,1773.6736331102325,1730.8485152081746,1755.829833984375,50000,5.0,0.0
2009-09-28 00:00:00+09:00,1752.2609285638114,1764.7515869140625,1745.123409506525,1764.7515869140625,49000,0.0,0.0
2009-09-29 00:00:00+09:00,1761.182929627893,1761.182929627893,1743.3391309487856,1754.04541015625,33000,0.0,0.0
2009-09-30 00:00:00+09:00,1759.398882525103,1782.5958251953125,1745.1238408818974,1782.5958251953125,35000,0.0,0.0
2009-10-01 00:00:00+09:00,1746.9076019932495,1775.4576751616785,1734.4169449820618,1771.888916015625,48000,0.0,0.0
2009-10-02 00:00:00+09:00,1773.673503443138,1773.673503443138,1727.2796291076031,1730.848388671875,67000,0.0,0.0
2009-10-05 00:00:00+09:00,1730.848388671875,1730.848388671875,1709.4358312862437,1730.848388671875,40500,0.0,0.0
2009-10-06 00:00:00+09:00,1714.7890574728171,1714.7890574728171,1684.4545996403115,1689.8077392578125,55500,0.0,0.0
2009-10-07 00:00:00+09:00,1705.867252569463,1705.867252569463,1659.4733733154817,1673.7484130859375,67000,0.0,0.0
2009-10-08 00:00:00+09:00,1709.4358249807956,1709.4358249807956,1691.592027225255,1705.8670654296875,83000,0.0,0.0
2009-10-09 00:00:00+09:00,1723.710839183224,1723.710839183224,1689.8076239197858,1714.7889404296875,82000,0.0,0.0
2009-10-13 00:00:00+09:00,1716.5735739553618,1729.0642340569082,1713.0048139263486,1720.142333984375,36000,0.0,0.0
2009-10-14 00:00:00+09:00,1723.710839183224,1734.4171176874677,1702.2982821747366,1714.7889404296875,57500,0.0,0.0
2009-10-15 00:00:00+09:00,1730.8484326725027,1743.3390914649847,1729.064052845005,1732.6328125,52500,0.0,0.0
2009-10-16 00:00:00+09:00,1745.1236383885512,1746.9080183869034,1729.0642184033804,1734.4173583984375,37500,0.0,0.0
2009-10-19 00:00:00+09:00,1741.5546835422997,1761.182861328125,1720.1421259577633,1761.182861328125,89500,0.0,0.0
2009-10-20 00:00:00+09:00,1814.7142916537748,1816.4986714882427,1789.7329739712254,1802.2236328125,120000,0.0,0.0
2009-10-21 00:00:00+09:00,1787.9486620317161,1796.8705615428523,1784.3799022272615,1795.086181640625,70000,0.0,0.0
2009-10-22 00:00:00+09:00,1775.4579352954827,1802.2236328125,1766.5360361231437,1802.2236328125,53500,0.0,0.0
2009-10-23 00:00:00+09:00,1787.9488180092133,1800.4394784144672,1786.1644379513198,1791.517578125,50000,0.0,0.0
2009-10-26 00:00:00+09:00,1805.7924996546537,1820.0675391776153,1802.2237397739134,1816.498779296875,73500,0.0,0.0
2009-10-27 00:00:00+09:00,1818.2832789934014,1818.2832789934014,1786.1644379513198,1791.517578125,49500,0.0,0.0
2009-10-28 00:00:00+09:00,1798.655247043919,1800.4396272493195,1773.673924168309,1782.5958251953125,53500,0.0,0.0
2009-10-29 00:00:00+09:00,1779.0264534539801,1821.8515636675163,1655.904261590064,1679.1011962890625,186500,0.0,0.0
2009-10-30 00:00:00+09:00,1750.4765487994898,1764.7515869140625,1732.6327511562738,1764.7515869140625,135500,0.0,0.0
2009-11-02 00:00:00+09:00,1782.5952823198022,1796.8703196156564,1750.47644840413,1775.457763671875,81000,0.0,0.0
2009-11-04 00:00:00+09:00,1759.3985835960798,1795.086181640625,1748.6923041827163,1795.086181640625,83000,0.0,0.0
2009-11-05 00:00:00+09:00,1793.3017723825774,1796.8705321286125,1777.24235352542,1779.0267333984375,20000,0.0,0.0
2009-11-06 00:00:00+09:00,1793.3017723825774,1793.3017723825774,1766.5360742873152,1779.0267333984375,28500,0.0,0.0
2009-11-09 00:00:00+09:00,1780.8110935430593,1780.8110935430593,1754.045395744316,1768.3204345703125,41000,0.0,0.0
2009-11-10 00:00:00+09:00,1775.4583043737096,1791.517726222316,1771.8895439629082,1782.5958251953125,54000,0.0,0.0
2009-11-11 00:00:00+09:00,1784.3799668285046,1793.301866662647,1761.183027259734,1762.9674072265625,35000,0.0,0.0
2009-11-12 00:00:00+09:00,1752.2609460575065,1752.2609460575065,1725.4952493254673,1730.848388671875,53000,0.0,0.0
2009-11-13 00:00:00+09:00,1714.7890043652746,1737.9859419893626,1714.7890043652746,1727.2796630859375,60500,0.0,0.0
2009-11-16 00:00:00+09:00,1714.7890673828124,1759.398564453125,1711.2203076171875,1739.7703857421875,43000,0.0,0.0
2009-11-17 00:00:00+09:00,1739.7704005118117,1759.3985793893808,1704.082802552595,1725.495361328125,43500,0.0,0.0
2009-11-18 00:00:00+09:00,1725.4950380101268,1755.8294905914838,1720.141899319299,1746.9075927734375,56000,0.0,0.0
2009-11-19 00:00:00+09:00,1748.6923674919344,1766.5361671602195,1748.6923674919344,1762.9674072265625,48500,0.0,0.0
2009-11-20 00:00:00+09:00,1746.9078763313178,1768.3204345703125,1746.9078763313178,1768.3204345703125,64500,0.0,0.0
2009-11-24 00:00:00+09:00,1768.320449099536,1768.320449099536,1750.4766504204285,1754.04541015625,51000,0.0,0.0
2009-11-25 00:00:00+09:00,1755.8298242784786,1761.1829639866446,1732.6328855430922,1750.4766845703125,29500,0.0,0.0
2009-11-26 00:00:00+09:00,1754.0453119258452,1761.1828309977714,1737.9858940140114,1745.1234130859375,32500,0.0,0.0
2009-11-27 00:00:00+09:00,1732.6328420210857,1764.751679463289,1730.8484621631856,1748.6922607421875,85500,0.0,0.0
2009-11-30 00:00:00+09:00,1770.1048534085246,1789.7330322265625,1766.5360936234267,1789.7330322265625,100000,0.0,0.0
2009-12-01 00:00:00+09:00,1759.3984406392958,1807.5766940847939,1759.3984406392958,1804.0079345703125,67000,0.0,0.0
2009-12-02 00:00:00+09:00,1805.7926278744105,1805.7926278744105,1784.3800670695755,1796.8707275390625,45500,0.0,0.0
2009-12-03 00:00:00+09:00,1798.6548646438955,1841.47998046875,1791.5173453397529,1841.47998046875,89000,0.0,0.0
2009-12-04 00:00:00+09:00,1814.7143016035677,1814.7143016035677,1795.0861233168034,1807.5767822265625,48500,0.0,0.0
2009-12-07 00:00:00+09:00,1825.4205663010375,1828.98932596145,1814.7142873197997,1821.851806640625,28500,0.0,0.0
2009-12-08 00:00:00+09:00,1818.2830568552017,1832.558095574379,1816.4986770153046,1827.2049560546875,41500,0.0,0.0
2009-12-09 00:00:00+09:00,1828.9894864727657,1855.7551862748064,1820.0675865387523,1843.2645263671875,52500,0.0,0.0
2009-12-10 00:00:00+09:00,1841.4800146010316,1841.4800146010316,1820.0674562917172,1837.9112548828125,36000,0.0,0.0
2009-12-11 00:00:00+09:00,1850.4022394694168,1862.8929006808785,1845.0490989502189,1861.1085205078125,104000,0.0,0.0
2009-12-14 00:00:00+09:00,1870.0297973632814,1871.814176940918,1839.6953445434572,1855.7547607421875,54000,0.0,0.0
2009-12-15 00:00:00+09:00,1855.7552052003127,1855.7552052003127,1834.342645140309,1853.9708251953125,19000,0.0,0.0
2009-12-16 00:00:00+09:00,1855.7551802711923,1871.8146001004625,1846.8332803660426,1862.8927001953125,55000,0.0,0.0
2009-12-17 00:00:00+09:00,1828.9890579312864,1848.6172331871344,1827.204678362573,1830.7734375,46500,0.0,0.0
2009-12-18 00:00:00+09:00,1837.911414441129,1861.1083546233956,1830.7738943850468,1859.323974609375,58000,0.0,0.0
2009-12-21 00:00:00+09:00,1861.108335752745,1870.0302357323842,1848.61767578125,1848.61767578125,60500,0.0,0.0
2009-12-22 00:00:00+09:00,1866.461396823394,1866.461396823394,1850.4019775390625,1850.4019775390625,46000,0.0,0.0
2009-12-24 00:00:00+09:00,1850.4018179175969,1878.9518941824776,1850.4018179175969,1873.5987548828125,38500,0.0,0.0
2009-12-25 00:00:00+09:00,1873.5986561752393,1873.5986561752393,1859.3236187948564,1864.6767578125,23000,0.0,0.0
2009-12-28 00:00:00+09:00,1882.5203303401522,1886.0890892602283,1870.0296741198858,1875.3828125,38000,0.0,0.0
2009-12-29 00:00:00+09:00,1871.8146377332282,1884.3052978515625,1870.0302577163234,1884.3052978515625,27500,0.0,0.0
2009-12-30 00:00:00+09:00,1857.539541255532,1873.5989609205656,1852.1864013671875,1852.1864013671875,51500,0.0,0.0
2010-01-04 00:00:00+09:00,1852.1860015869142,1871.814176940918,1852.1860015869142,1855.7547607421875,24000,0.0,0.0
2010-01-05 00:00:00+09:00,1878.9521261032414,1880.736506090044,1843.2645263671875,1843.2645263671875,29000,0.0,0.0
2010-01-06 00:00:00+09:00,1882.520653715588,1882.520653715588,1850.4018179175969,1873.5987548828125,45000,0.0,0.0
2010-01-07 00:00:00+09:00,1857.5395945953546,1861.1083546233956,1850.4020745392725,1859.323974609375,36500,0.0,0.0
2010-01-08 00:00:00+09:00,1859.3238771414688,1859.3238771414688,1834.342558254731,1850.4019775390625,46500,0.0,0.0
2010-01-12 00:00:00+09:00,1852.1862650592286,1868.2456835424011,1846.833125564838,1866.4613037109375,38500,0.0,0.0
2010-01-13 00:00:00+09:00,1870.0302009950026,1878.95210080891,1845.0488815160616,1852.1864013671875,45500,0.0,0.0
2010-01-14 00:00:00+09:00,1839.6954423968302,1864.6767578125,1825.4204050164474,1864.6767578125,35500,0.0,0.0
2010-01-15 00:00:00+09:00,1862.8927001953125,1866.4614601573724,1845.0489003850125,1862.8927001953125,48000,0.0,0.0
2010-01-18 00:00:00+09:00,1861.108395946269,1862.8927759999087,1755.8299727815233,1836.1270751953125,52500,0.0,0.0
2010-01-19 00:00:00+09:00,1841.4801215904986,1852.1864013671875,1821.8519419999022,1852.1864013671875,45500,0.0,0.0
2010-01-20 00:00:00+09:00,1859.3238131921269,1859.3238131921269,1828.989355587265,1837.9112548828125,55000,0.0,0.0
2010-01-21 00:00:00+09:00,1837.9113180956938,1853.970737380025,1825.4206586523248,1850.4019775390625,48000,0.0,0.0
2010-01-22 00:00:00+09:00,1843.2646466405868,1843.2646466405868,1807.5770445759094,1818.2833251953125,48000,0.0,0.0
2010-01-25 00:00:00+09:00,1805.7924610539887,1812.9299806628976,1791.5174218361706,1795.086181640625,30000,0.0,0.0
2010-01-26 00:00:00+09:00,1809.3612707666605,1809.3612707666605,1777.242431640625,1777.242431640625,35000,0.0,0.0
2010-01-27 00:00:00+09:00,1777.2421667850379,1804.007862067945,1766.535888671875,1766.535888671875,59500,0.0,0.0
2010-01-28 00:00:00+09:00,1768.320507373486,1789.7330664940528,1768.320507373486,1786.164306640625,34500,0.0,0.0
2010-01-29 00:00:00+09:00,1796.8703433258365,1805.7922417534724,1766.535888671875,1766.535888671875,47000,0.0,0.0
2010-02-01 00:00:00+09:00,1768.320245023948,1780.8109026578204,1732.6326517843122,1775.457763671875,62000,0.0,0.0
2010-02-02 00:00:00+09:00,1798.6549316893072,1798.6549316893072,1761.18295394578,1789.7330322265625,61500,0.0,0.0
2010-02-03 00:00:00+09:00,1800.4394784144672,1814.7145188776146,1787.9488180092133,1791.517578125,61000,0.0,0.0
2010-02-04 00:00:00+09:00,1784.37980078897,1811.1454978008046,1779.026661386603,1805.7923583984375,31500,0.0,0.0
2010-02-05 00:00:00+09:00,1786.1645856061139,1793.3021064277168,1780.8114449899117,1782.5958251953125,22500,0.0,0.0
2010-02-08 00:00:00+09:00,1780.8112068948476,1784.3799668285046,1759.3986472929055,1762.9674072265625,32000,0.0,0.0
2010-02-09 00:00:00+09:00,1746.9079344214463,1762.967353634718,1746.9079344214463,1755.829833984375,27000,0.0,0.0
2010-02-10 00:00:00+09:00,1754.0451202853567,1787.9483321728662,1754.0451202853567,1771.888916015625,58500,0.0,0.0
2010-02-12 00:00:00+09:00,1773.6735890706382,1798.6549072265625,1771.8892092023577,1798.6549072265625,43000,0.0,0.0
2010-02-15 00:00:00+09:00,1795.0858504649734,1802.2233687570808,1770.1045364425981,1771.888916015625,37000,0.0,0.0
2010-02-16 00:00:00+09:00,1773.6736870275336,1779.026826928019,1757.614267326077,1762.9674072265625,31000,0.0,0.0
2010-02-17 00:00:00+09:00,1766.536127446772,1791.5174464207666,1762.967367593344,1786.164306640625,55000,0.0,0.0
2010-02-18 00:00:00+09:00,1787.9486620317161,1800.4393213473068,1787.9486620317161,1795.086181640625,25000,0.0,0.0
2010-02-19 00:00:00+09:00,1805.7927678655217,1807.5771480709225,1777.2426845791103,1782.5958251953125,67500,0.0,0.0
2010-02-22 00:00:00+09:00,1782.5954600572586,1875.3832117319107,1782.5954600572586,1827.2049560546875,103000,0.0,0.0
2010-02-23 00:00:00+09:00,1836.1271262276514,1837.9115063308852,1814.7145649888448,1818.2833251953125,38500,0.0,0.0
2010-02-24 00:00:00+09:00,1809.3611864362445,1812.929946172805,1795.0861474900018,1798.6549072265625,41500,0.0,0.0
2010-02-25 00:00:00+09:00,1800.4393303463492,1864.6770071476064,1800.4393303463492,1845.048828125,77000,0.0,0.0
2010-02-26 00:00:00+09:00,1825.4206925101903,1855.7551517210145,1825.4206925101903,1846.833251953125,67000,0.0,0.0
2010-03-01 00:00:00+09:00,1837.9107671878753,1866.4608373577842,1825.4201114885402,1857.5389404296875,46000,0.0,0.0
2010-03-02 00:00:00+09:00,1839.6957758016108,1848.61767578125,1837.9113958056828,1848.61767578125,39000,0.0,0.0
2010-03-03 00:00:00+09:00,1848.6172424316408,1873.5985565185547,1832.5578262329102,1855.7547607421875,43500,0.0,0.0
2010-03-04 00:00:00+09:00,1855.7553799886145,1887.8742231038023,1855.7553799886145,1861.1085205078125,72500,0.0,0.0
2010-03-05 00:00:00+09:00,1886.0896281229845,1936.0522672785603,1882.5208681833005,1902.1490478515625,60000,0.0,0.0
2010-03-08 00:00:00+09:00,1925.3457950770298,1927.1301748685748,1905.717617370035,1909.286376953125,48500,0.0,0.0
2010-03-09 00:00:00+09:00,1923.5613131044522,1928.9144521947244,1916.4237943174228,1919.9925537109375,27000,0.0,0.0
2010-03-10 00:00:00+09:00,1903.933515455839,1921.777315975575,1903.933515455839,1905.7178955078125,20500,0.0,0.0
2010-03-11 00:00:00+09:00,1905.7176711439422,1919.9927098791027,1903.933291302047,1916.4239501953125,23000,0.0,0.0
2010-03-12 00:00:00+09:00,1927.1303271982158,1927.1303271982158,1911.0709078048974,1925.345947265625,81000,0.0,0.0
2010-03-15 00:00:00+09:00,1921.7773964852786,1928.9149169921875,1919.9930163585511,1928.9149169921875,21000,0.0,0.0
2010-03-16 00:00:00+09:00,1902.1488677608777,1919.9926657698916,1895.0113485572722,1914.6395263671875,21500,0.0,0.0
2010-03-17 00:00:00+09:00,1918.208140300687,1928.9144182930631,1909.286241973707,1923.561279296875,43000,0.0,0.0
2010-03-18 00:00:00+09:00,1925.3456928012097,1936.0519709817538,1919.9925537109375,1919.9925537109375,28500,0.0,0.0
2010-03-19 00:00:00+09:00,1919.9926381176824,1943.1895751953125,1919.9926381176824,1943.1895751953125,41000,0.0,0.0
2010-03-23 00:00:00+09:00,1937.8367389671903,1939.6211190214879,1927.1304586414046,1930.69921875,25500,0.0,0.0
2010-03-24 00:00:00+09:00,1944.9744873046875,1952.1120083590165,1932.4838254596116,1944.9744873046875,49000,0.0,0.0
2010-03-25 00:00:00+09:00,1943.1899323015582,1950.3274527140525,1936.052411889064,1937.8367919921875,23500,0.0,0.0
2010-03-26 00:00:00+09:00,1957.4644879705256,1962.817626953125,1952.111348987926,1962.817626953125,80000,0.0,0.0
2010-03-29 00:00:00+09:00,1959.232629484454,1959.232629484454,1932.3447159965613,1946.6849365234375,26000,10.0,0.0
2010-03-30 00:00:00+09:00,1921.5896518451561,1952.0626220703125,1921.5896518451561,1952.0626220703125,44000,0.0,0.0
2010-03-31 00:00:00+09:00,1953.855177392444,1962.8178158208495,1943.100011278357,1955.647705078125,48000,0.0,0.0
2010-04-01 00:00:00+09:00,1932.3446415070564,1948.4773889778946,1923.3820040232574,1944.892333984375,61000,0.0,0.0
2010-04-02 00:00:00+09:00,1966.4029429629306,1966.4029429629306,1907.249527176443,1925.1748046875,60500,0.0,0.0
2010-04-05 00:00:00+09:00,1918.0045443862232,1923.382127220951,1912.6269615514955,1921.589599609375,36000,0.0,0.0
2010-04-06 00:00:00+09:00,1919.7969867752258,1935.929734563253,1919.7969867752258,1934.13720703125,39500,0.0,0.0
2010-04-07 00:00:00+09:00,1935.9296776266658,1950.2698974609375,1935.9296776266658,1950.2698974609375,43500,0.0,0.0
2010-04-08 00:00:00+09:00,1946.6850308914466,1953.8551415024647,1935.9298649749192,1943.0999755859375,30500,0.0,0.0
2010-04-09 00:00:00+09:00,1961.0252685546875,1962.8177962224706,1939.5149365412906,1961.0252685546875,46000,0.0,0.0
2010-04-12 00:00:00+09:00,1962.8177573464134,1980.7430336692116,1962.8177573464134,1971.7803955078125,32000,0.0,0.0
2010-04-13 00:00:00+09:00,1961.0252718294691,1961.0252718294691,1925.1747184139397,1937.722412109375,42500,0.0,0.0
2010-04-14 00:00:00+09:00,1939.5149397801515,1952.0626334755868,1930.5523014262692,1937.722412109375,37500,0.0,0.0
2010-04-15 00:00:00+09:00,1948.4773979536983,1953.85498046875,1928.7595953985092,1953.85498046875,21500,0.0,0.0
2010-04-16 00:00:00+09:00,1953.855304328763,1953.855304328763,1916.2122204838968,1932.344970703125,38000,0.0,0.0
2010-04-19 00:00:00+09:00,1928.7595784581479,1928.7595784581479,1909.0417760761406,1912.6268310546875,32000,0.0,0.0
2010-04-20 00:00:00+09:00,1914.4197305465784,1914.4197305465784,1880.3617016323603,1889.3243408203125,69500,0.0,0.0
2010-04-21 00:00:00+09:00,1905.4569140353983,1950.2701058048103,1900.079331023069,1937.722412109375,84500,0.0,0.0
2010-04-22 00:00:00+09:00,1935.9299834002697,1935.9299834002697,1900.0794281521166,1910.8345947265625,64000,0.0,0.0
2010-04-23 00:00:00+09:00,1905.4566839254128,1910.8342662883256,1892.908991745283,1900.0791015625,56500,0.0,0.0
2010-04-26 00:00:00+09:00,1932.3447351288378,1948.4774833813049,1921.589569627193,1941.307373046875,45000,0.0,0.0
2010-04-27 00:00:00+09:00,1925.174569371235,1941.307317159262,1921.589514307229,1934.13720703125,16000,0.0,0.0
2010-04-28 00:00:00+09:00,1928.760008842598,1930.552536731857,1885.739339500384,1896.4945068359375,48000,0.0,0.0
2010-04-30 00:00:00+09:00,1935.9297711282802,1950.2699916551564,1934.1372435624207,1946.6849365234375,60500,0.0,0.0
2010-05-06 00:00:00+09:00,1921.589569627193,1950.2700109649122,1903.6642937911183,1941.307373046875,76500,0.0,0.0
2010-05-07 00:00:00+09:00,1919.7972659721195,1923.3823215575014,1883.9467101182984,1891.1168212890625,59500,0.0,0.0
2010-05-10 00:00:00+09:00,1889.3242660478988,1892.9093215811965,1873.191516148059,1887.53173828125,61500,0.0,0.0
2010-05-11 00:00:00+09:00,1891.1170252857592,1892.909553271812,1858.8515215368077,1869.606689453125,41000,0.0,0.0
2010-05-12 00:00:00+09:00,1880.3616272146546,1887.53173828125,1871.3989883814102,1887.53173828125,37500,0.0,0.0
2010-05-13 00:00:00+09:00,1889.3240187311746,1939.514789627259,1889.3240187311746,1934.13720703125,57500,0.0,0.0
2010-05-14 00:00:00+09:00,1928.7598601897114,1944.8926099496623,1919.7972214341828,1925.1748046875,93500,0.0,0.0
2010-05-17 00:00:00+09:00,1919.7972302618828,1919.7972302618828,1860.6438142033935,1878.569091796875,110000,0.0,0.0
2010-05-18 00:00:00+09:00,1866.021579421232,1900.0796101695541,1866.021579421232,1894.7020263671875,55500,0.0,0.0
2010-05-19 00:00:00+09:00,1866.021478931637,1889.3243408203125,1866.021478931637,1889.3243408203125,57000,0.0,0.0
2010-05-20 00:00:00+09:00,1857.0584059495193,1869.6060978816106,1831.9630220853364,1864.228515625,62000,0.0,0.0
2010-05-21 00:00:00+09:00,1830.170712557706,1839.1333507191052,1812.2454362349076,1814.0379638671875,49500,0.0,0.0
2010-05-24 00:00:00+09:00,1801.4901031494142,1803.2826306152344,1783.564828491211,1792.5274658203125,40000,0.0,0.0
2010-05-25 00:00:00+09:00,1781.7725710687998,1805.0754316562188,1774.6024601188249,1796.11279296875,65000,0.0,0.0
2010-05-26 00:00:00+09:00,1803.2825057952066,1803.2825057952066,1744.1291035176303,1745.921630859375,113500,0.0,0.0
2010-05-27 00:00:00+09:00,1763.8472821836694,1763.8472821836694,1724.4116722161484,1754.8846435546875,61500,0.0,0.0
2010-05-28 00:00:00+09:00,1769.2247618378185,1781.7724551841861,1736.9592646614449,1749.5069580078125,73000,0.0,0.0
2010-05-31 00:00:00+09:00,1760.2622345715035,1771.0174009741806,1753.0921236363854,1763.8472900390625,46000,0.0,0.0
2010-06-01 00:00:00+09:00,1756.6770467450542,1790.7350711207237,1756.6770467450542,1778.1873779296875,29000,0.0,0.0
2010-06-02 00:00:00+09:00,1776.3950887651586,1823.0008125874533,1776.3950887651586,1801.490478515625,72500,0.0,0.0
2010-06-03 00:00:00+09:00,1805.0753421074257,1837.34083978164,1799.6977591617233,1831.9632568359375,28000,0.0,0.0
2010-06-04 00:00:00+09:00,1828.3781352796052,1839.13330078125,1819.415497361568,1839.13330078125,31000,0.0,0.0
2010-06-07 00:00:00+09:00,1812.2453244881801,1814.037852009929,1794.3200492706908,1799.6976318359375,28500,0.0,0.0
2010-06-08 00:00:00+09:00,1778.18724609375,1803.2826306152344,1774.6021911621094,1792.5274658203125,32500,0.0,0.0
2010-06-09 00:00:00+09:00,1783.564828491211,1792.5274658203125,1783.564828491211,1792.5274658203125,15500,0.0,0.0
2010-06-10 00:00:00+09:00,1788.94254960164,1814.0379360689976,1787.1500219968286,1810.452880859375,27000,0.0,0.0
2010-06-11 00:00:00+09:00,1824.7930715712232,1830.170654296875,1810.4528509694846,1830.170654296875,78000,0.0,0.0
2010-06-14 00:00:00+09:00,1857.058555324796,1871.3987758292346,1853.4735001986865,1867.813720703125,45000,0.0,0.0
2010-06-15 00:00:00+09:00,1857.0587433390535,1876.776548528947,1765.6398283677295,1860.643798828125,52000,0.0,0.0
2010-06-16 00:00:00+09:00,1914.4192645908852,1921.5893741960945,1892.9089357752573,1916.2117919921875,83500,0.0,0.0
2010-06-17 00:00:00+09:00,1901.8720229556554,1912.627189909222,1898.2869673044668,1903.66455078125,29500,0.0,0.0
2010-06-18 00:00:00+09:00,1916.21193171122,1935.929734563253,1905.456766519202,1934.13720703125,62000,0.0,0.0
2010-06-21 00:00:00+09:00,1928.75956770953,1953.8549524195053,1926.967040230246,1950.2698974609375,28000,0.0,0.0
2010-06-22 00:00:00+09:00,1901.871591421274,1957.43994140625,1898.2865365835337,1957.43994140625,46000,0.0,0.0
2010-06-23 00:00:00+09:00,1928.7599150988522,1944.8926653180804,1926.9673872967157,1932.344970703125,27000,0.0,0.0
2010-06-24 00:00:00+09:00,1935.9298844385985,1943.0999951217045,1928.7597737554927,1937.722412109375,24500,0.0,0.0
2010-06-25 00:00:00+09:00,1937.7225815384477,1944.8926928484882,1930.5524702284072,1935.9300537109375,32500,0.0,0.0
2010-06-28 00:00:00+09:00,1946.6850390894026,1952.0626220703125,1939.5149284481893,1952.0626220703125,50000,0.0,0.0
2010-06-29 00:00:00+09:00,1946.6851931202168,1948.4777209223535,1930.5524429009886,1932.344970703125,31500,0.0,0.0
2010-06-30 00:00:00+09:00,1928.759765625,1941.3074592675418,1912.6270166560178,1928.759765625,77000,0.0,0.0
2010-07-01 00:00:00+09:00,1909.042161640368,1910.8346894916735,1903.6645780864515,1907.2496337890625,41000,0.0,0.0
2010-07-02 00:00:00+09:00,1918.0048415070444,1918.0048415070444,1894.7019789466785,1896.4945068359375,45500,0.0,0.0
2010-07-05 00:00:00+09:00,1882.154216874117,1932.3449959907603,1882.154216874117,1903.66455078125,60500,0.0,0.0
2010-07-06 00:00:00+09:00,1898.2865741081957,1905.4566839254128,1882.1538270194576,1900.0791015625,64000,0.0,0.0
2010-07-07 00:00:00+09:00,1900.0795626144552,1907.2496741714908,1892.9094510574196,1896.4945068359375,72000,0.0,0.0
2010-07-08 00:00:00+09:00,1905.4569060031367,1928.759765625,1900.079323013476,1928.759765625,80000,0.0,0.0
2010-07-09 00:00:00+09:00,1930.552387940817,1930.552387940817,1905.4569994253375,1925.1748046875,59000,0.0,0.0
2010-07-12 00:00:00+09:00,1926.9674604956997,1930.5525162361569,1900.0795424422713,1901.8720703125,41000,0.0,0.0
2010-07-13 00:00:00+09:00,1907.2494635517407,1907.2494635517407,1853.4736328125,1853.4736328125,91500,0.0,0.0
2010-07-14 00:00:00+09:00,1889.3244493272568,1889.3244493272568,1871.399169921875,1871.399169921875,48500,0.0,0.0
2010-07-15 00:00:00+09:00,1855.2662627791256,1862.4363739396244,1849.8886794087512,1858.851318359375,33500,0.0,0.0
2010-07-16 00:00:00+09:00,1860.6439817556486,1869.606621359481,1839.1336467064502,1844.51123046875,69000,0.0,0.0
2010-07-21 00:00:00+09:00,1883.9467249624045,1926.9673923259609,1882.1541971555898,1909.0421142578125,51500,0.0,0.0
2010-07-22 00:00:00+09:00,1903.664323493616,1928.7597100556786,1903.664323493616,1921.589599609375,57000,0.0,0.0
2010-07-23 00:00:00+09:00,1926.9673324386056,1946.685137700768,1921.5897491852886,1925.1748046875,60500,0.0,0.0
2010-07-26 00:00:00+09:00,1941.30740333671,1955.6476242293172,1912.6269615514955,1921.589599609375,58500,0.0,0.0
2010-07-27 00:00:00+09:00,1910.8346620836276,1912.627189909222,1885.739272525306,1903.66455078125,29500,0.0,0.0
2010-07-28 00:00:00+09:00,1912.627098548875,1943.1000701283792,1900.0794043690792,1939.5150146484375,44000,0.0,0.0
2010-07-29 00:00:00+09:00,1909.0420714810364,1909.0420714810364,1878.5690994480058,1887.53173828125,110000,0.0,0.0
2010-07-30 00:00:00+09:00,1869.6062697025768,1871.3987972861842,1830.1706628632128,1839.13330078125,91500,0.0,0.0
2010-08-02 00:00:00+09:00,1840.9259900859759,1846.3035733092065,1824.7932404162839,1828.3782958984375,36500,0.0,0.0
2010-08-03 00:00:00+09:00,1837.3409848778779,1871.3990128902483,1835.5484570877531,1858.851318359375,57000,0.0,0.0
2010-08-04 00:00:00+09:00,1839.1333787906806,1839.1333787906806,1817.623046875,1817.623046875,40500,0.0,0.0
2010-08-05 00:00:00+09:00,1842.7184666646517,1867.813854342964,1842.7184666646517,1853.4736328125,50000,0.0,0.0
2010-08-06 00:00:00+09:00,1853.4736878499818,1874.984020784411,1853.4736878499818,1860.643798828125,29000,0.0,0.0
2010-08-09 00:00:00+09:00,1860.6436000279018,1885.7389857700894,1860.6436000279018,1882.1539306640625,49000,0.0,0.0
2010-08-10 00:00:00+09:00,1883.946317232572,1894.7014817457932,1864.228515625,1864.228515625,44500,0.0,0.0
2010-08-11 00:00:00+09:00,1853.4734933376312,1864.2286586761475,1828.37810754776,1835.5482177734375,67500,0.0,0.0
2010-08-12 00:00:00+09:00,1826.5857716819455,1873.1914930398755,1823.0007161928738,1860.643798828125,69000,0.0,0.0
2010-08-13 00:00:00+09:00,1853.4734811883225,1873.1912841796875,1846.3033710096443,1873.1912841796875,49500,0.0,0.0
2010-08-16 00:00:00+09:00,1866.021182686942,1889.324040876116,1860.6436000279018,1882.1539306640625,30000,0.0,0.0
2010-08-17 00:00:00+09:00,1882.1541549813035,1889.3242660478988,1871.3989883814102,1887.53173828125,27500,0.0,0.0
2010-08-18 00:00:00+09:00,1889.3243408203125,1896.494452170674,1878.5691737947698,1889.3243408203125,33500,0.0,0.0
2010-08-19 00:00:00+09:00,1903.6641001830712,1925.174428998699,1900.0790453804666,1916.2117919921875,77500,0.0,0.0
2010-08-20 00:00:00+09:00,1909.042134258033,1928.7599403395714,1898.2869673044668,1903.66455078125,57000,0.0,0.0
2010-08-23 00:00:00+09:00,1900.0791015625,1907.249211379717,1896.4940466538915,1900.0791015625,33500,0.0,0.0
2010-08-24 00:00:00+09:00,1885.7392105146012,1905.4570159477387,1883.9466827479523,1887.53173828125,60000,0.0,0.0
2010-08-25 00:00:00+09:00,1887.5318274247018,1909.042161640368,1883.946771722091,1907.2496337890625,54000,0.0,0.0
2010-08-26 00:00:00+09:00,1926.9675021069359,1926.9675021069359,1909.042223017569,1923.3824462890625,51500,0.0,0.0
2010-08-27 00:00:00+09:00,1925.174715199026,1961.0252685546875,1923.3821875312428,1961.0252685546875,66500,0.0,0.0
2010-08-30 00:00:00+09:00,1964.6098835895116,1989.7052653141952,1964.6098835895116,1982.53515625,84500,0.0,0.0
2010-08-31 00:00:00+09:00,1955.6475937157347,1962.8177040501644,1919.7970420435854,1941.307373046875,80000,0.0,0.0
2010-09-01 00:00:00+09:00,1923.3823589183667,1937.7225815384477,1910.8346641257956,1935.9300537109375,74000,0.0,0.0
2010-09-02 00:00:00+09:00,1943.0998813917183,1948.477464089297,1919.7970230355447,1946.6849365234375,58500,0.0,0.0
2010-09-03 00:00:00+09:00,1943.0997875438015,1959.2325348573572,1919.7969303131104,1950.2698974609375,38000,0.0,0.0
2010-09-06 00:00:00+09:00,1957.4395398416154,1969.9872291995744,1950.2694316370673,1968.1947021484375,34000,0.0,0.0
2010-09-07 00:00:00+09:00,1952.0628389219899,1955.647894640855,1939.5151439059623,1948.477783203125,36000,0.0,0.0
2010-09-08 00:00:00+09:00,1925.1747102985596,1930.5522932882202,1898.2867953502557,1928.759765625,61000,0.0,0.0
2010-09-09 00:00:00+09:00,1928.7596799616229,1952.0625385485198,1925.174624794408,1941.307373046875,38500,0.0,0.0
2010-09-10 00:00:00+09:00,1944.8924089575778,1953.8550467868754,1926.9671332989826,1946.6849365234375,102500,0.0,0.0
2010-09-13 00:00:00+09:00,1948.4776095666616,1952.0626649660485,1918.004638671875,1918.004638671875,56000,0.0,0.0
2010-09-14 00:00:00+09:00,1912.627189909222,1919.7973012115995,1898.2869673044668,1903.66455078125,70500,0.0,0.0
2010-09-16 00:00:00+09:00,1937.7224433685017,1939.5149710681949,1910.8345278731015,1918.004638671875,35000,0.0,0.0
2010-09-17 00:00:00+09:00,1937.7223926276738,1964.610307418992,1935.9298649749192,1943.0999755859375,62500,0.0,0.0
2010-09-21 00:00:00+09:00,1964.610307418992,1966.4028350717467,1934.1373373221647,1943.0999755859375,52000,0.0,0.0
2010-09-22 00:00:00+09:00,1939.514875725134,1939.514875725134,1921.589599609375,1921.589599609375,37000,0.0,0.0
2010-09-24 00:00:00+09:00,1912.6269060342051,1934.1372367487418,1909.0418509151157,1914.41943359375,39500,0.0,0.0
2010-09-27 00:00:00+09:00,1928.759754363901,1943.0999755859375,1923.3821714056373,1943.0999755859375,68000,0.0,0.0
2010-09-28 00:00:00+09:00,1924.2347876764113,1949.38818359375,1920.6414454025057,1949.38818359375,39000,5.0,0.0
2010-09-29 00:00:00+09:00,1951.1854634232955,1978.1355388849431,1947.592120028409,1976.3388671875,46000,0.0,0.0
2010-09-30 00:00:00+09:00,1976.338663021797,1985.3220205809869,1931.421875225847,1942.201904296875,61000,0.0,0.0
2010-10-01 00:00:00+09:00,1952.981933705741,1958.3719482421875,1945.795247657146,1958.3719482421875,60000,0.0,0.0
2010-10-04 00:00:00+09:00,1958.3721946475678,1958.3721946475678,1935.0154620508538,1936.8121337890625,41000,0.0,0.0
2010-10-05 00:00:00+09:00,1933.2181877637431,1972.7449536845631,1911.658133625114,1969.151611328125,70000,0.0,0.0
2010-10-06 00:00:00+09:00,1972.7452389233733,1972.7452389233733,1956.5751959813786,1967.355224609375,55000,0.0,0.0
2010-10-07 00:00:00+09:00,1967.3549401499058,1983.5249807538776,1954.7782419023722,1969.151611328125,66000,0.0,0.0
2010-10-08 00:00:00+09:00,1947.5920856584821,1951.1854289899552,1886.5052490234375,1886.5052490234375,94000,0.0,0.0
2010-10-12 00:00:00+09:00,1888.3017130574503,1893.691727461991,1798.4681396484375,1798.4681396484375,116000,0.0,0.0
2010-10-13 00:00:00+09:00,1802.0614013671875,1812.841429690421,1793.0780444311597,1802.0614013671875,75500,0.0,0.0
2010-10-14 00:00:00+09:00,1803.8581137282338,1836.1981994325247,1803.8581137282338,1805.65478515625,75000,0.0,0.0
2010-10-15 00:00:00+09:00,1802.0611522994056,1802.0611522994056,1776.907756355047,1780.5010986328125,55500,0.0,0.0
2010-10-18 00:00:00+09:00,1782.29789453125,1809.2479635009765,1778.704552001953,1796.6712646484375,55000,0.0,0.0
2010-10-19 00:00:00+09:00,1787.6877494743824,1823.62117157437,1787.6877494743824,1809.247802734375,73000,0.0,0.0
2010-10-20 00:00:00+09:00,1809.2480049666292,1812.8413475782809,1773.3145788501124,1800.2646484375,83500,0.0,0.0
2010-10-21 00:00:00+09:00,1778.7044274939299,1796.6711388827575,1773.3144140772815,1780.5010986328125,84500,0.0,0.0
2010-10-22 00:00:00+09:00,1773.3146567402582,1782.2980136639676,1773.3146567402582,1775.111328125,73000,0.0,0.0
2010-10-25 00:00:00+09:00,1751.754597647217,1758.9412831760262,1746.3645835006103,1748.1612548828125,97000,0.0,0.0
2010-10-26 00:00:00+09:00,1742.77144339336,1766.1281740780132,1742.77144339336,1755.34814453125,59500,0.0,0.0
2010-10-27 00:00:00+09:00,1755.3478991334641,1767.9245985131306,1733.7878430540356,1744.56787109375,88000,0.0,0.0
2010-10-28 00:00:00+09:00,1742.7711145962453,1748.1611283527286,1715.8210458138292,1721.2110595703125,158000,0.0,0.0
2010-10-29 00:00:00+09:00,1742.7714029947917,1789.48486328125,1715.8213297526042,1773.3148193359375,104500,0.0,0.0
2010-11-01 00:00:00+09:00,1751.7547607421875,1762.5347900390625,1685.2779134114585,1687.0745849609375,121000,0.0,0.0
2010-11-02 00:00:00+09:00,1687.0745849609375,1708.6346435546875,1676.2945556640625,1703.24462890625,85000,0.0,0.0
2010-11-04 00:00:00+09:00,1706.837891388735,1760.7380353273265,1699.6512055302562,1723.0079345703125,78000,0.0,0.0
2010-11-05 00:00:00+09:00,1748.1611732514307,1776.9079140243216,1730.1944602683739,1746.364501953125,71500,0.0,0.0
2010-11-08 00:00:00+09:00,1751.754597647217,1755.3479404116217,1737.381226589599,1748.1612548828125,48000,0.0,0.0
2010-11-09 00:00:00+09:00,1742.7711578432325,1742.7711578432325,1730.1944587660132,1735.58447265625,38500,0.0,0.0
2010-11-10 00:00:00+09:00,1737.3812280720947,1771.5179843630665,1737.3812280720947,1764.331298828125,75500,0.0,0.0
2010-11-11 00:00:00+09:00,1755.3476965231973,1766.1277233186315,1746.3643408603355,1753.551025390625,53000,0.0,0.0
2010-11-12 00:00:00+09:00,1757.1443676557697,1771.5177367163485,1746.3643408603355,1753.551025390625,42000,0.0,0.0
2010-11-15 00:00:00+09:00,1775.11099609375,1775.11099609375,1748.1609303635817,1751.7542724609375,38500,0.0,0.0
2010-11-16 00:00:00+09:00,1748.161170196533,1751.7545127868652,1717.6177581787108,1724.804443359375,60500,0.0,0.0
2010-11-17 00:00:00+09:00,1719.414512272471,1744.56791161606,1719.414512272471,1742.771240234375,36000,0.0,0.0
2010-11-18 00:00:00+09:00,1735.5841620660597,1787.687620347546,1735.5841620660597,1782.297607421875,93000,0.0,0.0
2010-11-19 00:00:00+09:00,1775.1113271305373,1780.5013412817434,1746.3645849907714,1764.331298828125,83000,0.0,0.0
2010-11-22 00:00:00+09:00,1776.9079192777176,1793.0779610102752,1775.1112479741,1784.0946044921875,62500,0.0,0.0
2010-11-24 00:00:00+09:00,1775.111449821246,1776.9081213291622,1758.94140625,1758.94140625,43000,0.0,0.0
2010-11-25 00:00:00+09:00,1751.7542724609375,1762.5342987530048,1746.3642593149038,1751.7542724609375,39500,0.0,0.0
2010-11-26 00:00:00+09:00,1757.1445704734165,1769.7212698530832,1744.56787109375,1744.56787109375,42000,0.0,0.0
2010-11-29 00:00:00+09:00,1728.3977889700682,1757.144529742959,1726.6011176717625,1746.364501953125,48500,0.0,0.0
2010-11-30 00:00:00+09:00,1730.1944158311178,1742.7711145962453,1721.2110595703125,1721.2110595703125,66500,0.0,0.0
2010-12-01 00:00:00+09:00,1715.8210458138292,1733.78775833544,1714.024374561668,1721.2110595703125,47500,0.0,0.0
2010-12-02 00:00:00+09:00,1730.1942108058631,1733.78755288438,1717.617513531054,1719.4141845703125,58500,0.0,0.0
2010-12-03 00:00:00+09:00,1723.0079345703125,1726.601277499552,1719.414591641073,1723.0079345703125,40000,0.0,0.0
2010-12-06 00:00:00+09:00,1723.007772064209,1735.584471130371,1723.007772064209,1724.804443359375,54500,0.0,0.0
2010-12-07 00:00:00+09:00,1717.617838371237,1723.0078525083852,1703.2444673388418,1715.8211669921875,104000,0.0,0.0
2010-12-08 00:00:00+09:00,1712.227660104852,1712.227660104852,1699.6509616570722,1706.837646484375,76000,0.0,0.0
2010-12-09 00:00:00+09:00,1708.6340750887412,1715.8207588956338,1706.8374041370178,1712.2274169921875,54000,0.0,0.0
2010-12-10 00:00:00+09:00,1717.617838371237,1717.617838371237,1710.4311528550393,1715.8211669921875,114500,0.0,0.0
2010-12-13 00:00:00+09:00,1723.0080971613634,1733.7881269663355,1717.6180822588774,1726.6014404296875,68500,0.0,0.0
2010-12-14 00:00:00+09:00,1728.3979494717455,1740.974649727777,1728.3979494717455,1733.7879638671875,63000,0.0,0.0
2010-12-15 00:00:00+09:00,1737.3812260893203,1742.771240234375,1730.1945405625806,1742.771240234375,45000,0.0,0.0
2010-12-16 00:00:00+09:00,1737.3812260893203,1753.5512685244846,1731.9912119442654,1742.771240234375,78500,0.0,0.0
2010-12-17 00:00:00+09:00,1760.7376277043268,1762.5342987530048,1744.5675882662258,1751.7542724609375,88000,0.0,0.0
2010-12-20 00:00:00+09:00,1755.3480214489557,1757.144692914103,1731.9912924020402,1733.7879638671875,75000,0.0,0.0
2010-12-21 00:00:00+09:00,1744.56791161606,1753.5512685244846,1740.97456885269,1742.771240234375,42000,0.0,0.0
2010-12-22 00:00:00+09:00,1742.7712397294306,1755.3479393975813,1735.5845542047732,1737.3812255859375,66000,0.0,0.0
2010-12-24 00:00:00+09:00,1735.5847986004976,1739.1781418688215,1724.8047687955254,1726.6014404296875,43000,0.0,0.0
2010-12-27 00:00:00+09:00,1731.991087083279,1733.78775833544,1719.4143883181514,1721.2110595703125,55000,0.0,0.0
2010-12-28 00:00:00+09:00,1721.2114255272015,1728.3981120638496,1717.6180822588774,1726.6014404296875,24000,0.0,0.0
2010-12-29 00:00:00+09:00,1726.6011972989515,1737.3812255859375,1721.2111831554585,1737.3812255859375,33000,0.0,0.0
2010-12-30 00:00:00+09:00,1742.7712376779289,1742.7712376779289,1715.8211669921875,1715.8211669921875,45000,0.0,0.0
2011-01-04 00:00:00+09:00,1726.6015226611532,1726.6015226611532,1717.6181640625,1717.6181640625,42000,0.0,0.0
2011-01-05 00:00:00+09:00,1719.4148357822307,1723.008179221692,1712.228148903308,1717.6181640625,58000,0.0,0.0
2011-01-06 00:00:00+09:00,1714.0242504472492,1717.6175926913734,1710.430908203125,1710.430908203125,45500,0.0,0.0
2011-01-07 00:00:00+09:00,1712.2274169921875,1719.4141007990802,1712.2274169921875,1712.2274169921875,29500,0.0,0.0
2011-01-11 00:00:00+09:00,1714.0240879439107,1715.8207588956338,1708.6340750887412,1712.2274169921875,32000,0.0,0.0
2011-01-12 00:00:00+09:00,1715.8207588956338,1715.8207588956338,1710.4307460404643,1712.2274169921875,29500,0.0,0.0
2011-01-13 00:00:00+09:00,1714.0244956131382,1719.4145097502865,1712.2278242340888,1715.8211669921875,37000,0.0,0.0
2011-01-14 00:00:00+09:00,1717.617429847357,1717.617429847357,1710.4307460404643,1712.2274169921875,41500,0.0,0.0
2011-01-17 00:00:00+09:00,1715.8209215693114,1717.6175926913734,1710.430908203125,1710.430908203125,30000,0.0,0.0
2011-01-18 00:00:00+09:00,1715.8214523363565,1717.6181240141957,1708.634765625,1708.634765625,37000,0.0,0.0
2011-01-19 00:00:00+09:00,1712.2275793251872,1717.6175926913734,1708.634237081063,1710.430908203125,39000,0.0,0.0
2011-01-20 00:00:00+09:00,1715.8209215693114,1723.0076060575598,1706.8375659590008,1710.430908203125,79000,0.0,0.0
2011-01-21 00:00:00+09:00,1719.4147956920347,1721.2114673698738,1708.634765625,1708.634765625,62500,0.0,0.0
2011-01-24 00:00:00+09:00,1714.0248206230387,1717.6181640625,1705.0414620243855,1717.6181640625,40500,0.0,0.0
2011-01-25 00:00:00+09:00,1715.8210458138292,1726.6010733267956,1712.227703309507,1721.2110595703125,42000,0.0,0.0
2011-01-26 00:00:00+09:00,1721.2115075019613,1721.2115075019613,1712.228148903308,1717.6181640625,31000,0.0,0.0
2011-01-27 00:00:00+09:00,1717.6181640625,1719.4148357822307,1714.0248206230387,1717.6181640625,23000,0.0,0.0
2011-01-28 00:00:00+09:00,1712.227660104852,1719.4143449321546,1705.0409752775493,1706.837646484375,49000,0.0,0.0
2011-01-31 00:00:00+09:00,1703.2442556073588,1706.8375979187667,1661.9208190261677,1670.9041748046875,95000,0.0,0.0
2011-02-01 00:00:00+09:00,1672.7008447739684,1679.887529391687,1654.7341332296724,1665.51416015625,57500,0.0,0.0
2011-02-02 00:00:00+09:00,1667.3111179157838,1717.6179188873807,1667.3111179157838,1696.057861328125,103000,0.0,0.0
2011-02-03 00:00:00+09:00,1697.8542077868988,1708.6342345030062,1681.684167712738,1699.65087890625,56000,0.0,0.0
2011-02-04 00:00:00+09:00,1690.667605622944,1708.6343176912005,1690.667605622944,1706.837646484375,33500,0.0,0.0
2011-02-07 00:00:00+09:00,1708.634358123683,1710.4310293730243,1703.2443443756586,1705.041015625,17500,0.0,0.0
2011-02-08 00:00:00+09:00,1712.227863549934,1712.227863549934,1697.8544921875,1697.8544921875,36000,0.0,0.0
2011-02-09 00:00:00+09:00,1697.8542077868988,1708.6342345030062,1696.0575366675475,1699.65087890625,30500,0.0,0.0
2011-02-10 00:00:00+09:00,1697.8546142578125,1710.4313151041667,1697.8546142578125,1703.24462890625,21000,0.0,0.0
2011-02-14 00:00:00+09:00,1705.0414222693219,1710.4314373028392,1705.0414222693219,1708.634765625,13500,0.0,0.0
2011-02-15 00:00:00+09:00,1710.4310293730243,1712.2277006223658,1703.2443443756586,1705.041015625,28500,0.0,0.0
2011-02-16 00:00:00+09:00,1703.2444652828408,1706.837808036602,1694.2611083984375,1694.2611083984375,36000,0.0,0.0
2011-02-17 00:00:00+09:00,1694.2609881289516,1706.8376868743414,1694.2609881289516,1705.041015625,39000,0.0,0.0
2011-02-18 00:00:00+09:00,1705.041138717891,1715.8211669921875,1703.2444673388418,1715.8211669921875,30500,0.0,0.0
2011-02-21 00:00:00+09:00,1705.0414222693219,1710.4314373028392,1697.8547355579653,1708.634765625,51500,0.0,0.0
2011-02-22 00:00:00+09:00,1706.8376868743414,1712.2277006223658,1703.2443443756586,1705.041015625,38500,0.0,0.0
2011-02-23 00:00:00+09:00,1705.041177868717,1717.6178778108467,1697.8544921875,1697.8544921875,59000,0.0,0.0
2011-02-24 00:00:00+09:00,1699.65087890625,1703.2442211449525,1697.8542077868988,1699.65087890625,61500,0.0,0.0
2011-02-25 00:00:00+09:00,1697.8547355579653,1710.4314373028392,1696.0580638801262,1708.634765625,37500,0.0,0.0
2011-02-28 00:00:00+09:00,1719.4141007990802,1719.4141007990802,1701.4473912818482,1712.2274169921875,68500,0.0,0.0
2011-03-01 00:00:00+09:00,1715.8207588956338,1717.617429847357,1710.4307460404643,1712.2274169921875,40000,0.0,0.0
2011-03-02 00:00:00+09:00,1706.8378898466558,1706.8378898466558,1690.6678466796875,1690.6678466796875,58500,0.0,0.0
2011-03-03 00:00:00+09:00,1692.4644779265873,1697.8544921875,1687.0744636656748,1697.8544921875,34000,0.0,0.0
2011-03-04 00:00:00+09:00,1708.6343166588981,1715.821001481859,1699.6509606301975,1701.4476318359375,49000,0.0,0.0
2011-03-07 00:00:00+09:00,1706.8378898466558,1706.8378898466558,1690.6678466796875,1690.6678466796875,42500,0.0,0.0
2011-03-08 00:00:00+09:00,1692.4642333984375,1703.2442603627587,1692.4642333984375,1692.4642333984375,23000,0.0,0.0
2011-03-09 00:00:00+09:00,1706.837646484375,1714.0243313116775,1703.2443040707237,1706.837646484375,56500,0.0,0.0
2011-03-10 00:00:00+09:00,1699.6511636078044,1703.2445064484127,1694.2611493468917,1697.8544921875,41500,0.0,0.0
2011-03-11 00:00:00+09:00,1688.8712565104167,1699.6512858072917,1681.6845703125,1681.6845703125,121000,0.0,0.0
2011-03-14 00:00:00+09:00,1617.0042720526756,1663.717728800864,1561.307458237528,1611.6142578125,74500,0.0,0.0
2011-03-15 00:00:00+09:00,1563.1040276210306,1563.1040276210306,1401.4036109705792,1442.72705078125,147000,0.0,0.0
2011-03-16 00:00:00+09:00,1437.3372010145142,1516.3907470703125,1422.963829004369,1516.3907470703125,166000,0.0,0.0
2011-03-17 00:00:00+09:00,1462.4907574926901,1545.1376553362575,1458.8974141081871,1536.154296875,111000,0.0,0.0
2011-03-18 00:00:00+09:00,1563.1040104603608,1613.4108061993147,1563.1040104603608,1606.22412109375,101000,0.0,0.0
2011-03-22 00:00:00+09:00,1687.0743786541998,1687.0743786541998,1643.9542667397154,1663.7176513671875,111500,0.0,0.0
2011-03-23 00:00:00+09:00,1660.1241837130249,1660.1241837130249,1631.377444601111,1647.5474853515625,82000,0.0,0.0
2011-03-24 00:00:00+09:00,1642.1575914290509,1660.124304683198,1631.3775634765625,1631.3775634765625,77500,0.0,0.0
2011-03-25 00:00:00+09:00,1658.3274341480153,1665.51411858636,1645.7507363809123,1661.9207763671875,75500,0.0,0.0
2011-03-28 00:00:00+09:00,1679.8878176430903,1685.27783203125,1656.5310886277318,1685.27783203125,78500,0.0,0.0
2011-03-29 00:00:00+09:00,1678.0528177464262,1699.7284192673703,1650.958315845246,1697.922119140625,74000,10.0,0.0
2011-03-30 00:00:00+09:00,1697.921573414522,1721.4034675149355,1687.083776137408,1719.59716796875,74000,0.0,0.0
2011-03-31 00:00:00+09:00,1719.5974227241848,1744.8856201171875,1699.7281247725398,1744.8856201171875,73500,0.0,0.0
2011-04-01 00:00:00+09:00,1739.4668708176973,1739.4668708176973,1699.728271484375,1699.728271484375,56500,0.0,0.0
2011-04-04 00:00:00+09:00,1694.309422632122,1697.9220226803782,1676.2464223908414,1696.11572265625,53000,0.0,0.0
2011-04-05 00:00:00+09:00,1679.8586719067066,1679.8586719067066,1661.7956754345914,1669.0208740234375,53500,0.0,0.0
2011-04-06 00:00:00+09:00,1670.827173670649,1674.439772965072,1652.7641771985338,1669.0208740234375,62500,0.0,0.0
2011-04-07 00:00:00+09:00,1676.246337890625,1685.277837555984,1659.9896384929789,1676.246337890625,42000,0.0,0.0
2011-04-08 00:00:00+09:00,1661.7957087231289,1712.3720998581807,1658.1831093563396,1701.5343017578125,49500,0.0,0.0
2011-04-11 00:00:00+09:00,1688.8906185068984,1703.341019520861,1679.8591178731715,1697.922119140625,40000,0.0,0.0
2011-04-12 00:00:00+09:00,1683.4712712011296,1685.2775708483412,1650.9578775513223,1669.0208740234375,62500,0.0,0.0
2011-04-13 00:00:00+09:00,1670.8271444997479,1687.0838410408267,1658.18304719002,1679.858642578125,47500,0.0,0.0
2011-04-14 00:00:00+09:00,1659.98937578738,1672.6334733178605,1645.5389786096878,1669.0208740234375,41500,0.0,0.0
2011-04-15 00:00:00+09:00,1681.6649461570946,1681.6649461570946,1656.3767514780404,1670.8271484375,42000,0.0,0.0
2011-04-18 00:00:00+09:00,1670.827286452757,1688.8902841441381,1669.020986683619,1687.083984375,28500,0.0,0.0
2011-04-19 00:00:00+09:00,1681.6650850675858,1688.8902841441381,1665.4083871453427,1687.083984375,46000,0.0,0.0
2011-04-20 00:00:00+09:00,1697.9219715146785,1706.9534713631608,1692.5030716055892,1699.728271484375,43500,0.0,0.0
2011-04-21 00:00:00+09:00,1699.7284192673703,1705.1473196476065,1687.084318380153,1697.922119140625,32500,0.0,0.0
2011-04-22 00:00:00+09:00,1687.084318380153,1701.5347193941157,1681.6654179999168,1697.922119140625,29500,0.0,0.0
2011-04-25 00:00:00+09:00,1694.3092344881638,1710.565932900097,1681.6651357233268,1683.471435546875,23500,0.0,0.0
2011-04-26 00:00:00+09:00,1701.5342339989975,1705.1468332219251,1683.4712378843583,1688.89013671875,58500,0.0,0.0
2011-04-27 00:00:00+09:00,1697.9216981462841,1726.8224930083486,1697.9216981462841,1710.5657958984375,62000,0.0,0.0
2011-04-28 00:00:00+09:00,1712.3723683411592,1743.0794677734375,1708.75976840795,1743.0794677734375,68500,0.0,0.0
2011-05-02 00:00:00+09:00,1743.0793203034016,1748.4982197447594,1728.6289217931142,1744.8856201171875,48000,0.0,0.0
2011-05-06 00:00:00+09:00,1744.885685982464,1759.3360850382194,1732.241586808678,1757.52978515625,50000,0.0,0.0
2011-05-09 00:00:00+09:00,1757.5295197257562,1757.5295197257562,1748.498021679889,1750.3043212890625,41000,0.0,0.0
2011-05-10 00:00:00+09:00,1752.1108500162761,1788.2368469238281,1752.1108500162761,1777.3990478515625,78500,0.0,0.0
2011-05-11 00:00:00+09:00,1779.205081861846,1784.623980588329,1768.3672844088806,1770.173583984375,29500,0.0,0.0
2011-05-12 00:00:00+09:00,1768.367317380797,1775.5925158174907,1748.498021679889,1750.3043212890625,38500,0.0,0.0
2011-05-13 00:00:00+09:00,1746.6917588535325,1746.6917588535325,1634.701180726419,1669.0208740234375,143500,0.0,0.0
2011-05-16 00:00:00+09:00,1670.8274253120635,1670.8274253120635,1603.994328299581,1616.638427734375,99500,0.0,0.0
2011-05-17 00:00:00+09:00,1616.638289681945,1620.2508892119604,1593.156392736844,1600.381591796875,102000,0.0,0.0
2011-05-18 00:00:00+09:00,1605.800402480944,1632.8948974609375,1605.800402480944,1632.8948974609375,57500,0.0,0.0
2011-05-19 00:00:00+09:00,1643.7328232541365,1643.7328232541365,1618.4446259733038,1623.863525390625,54500,0.0,0.0
2011-05-20 00:00:00+09:00,1627.476176012054,1640.1202750487737,1620.2509765625,1620.2509765625,44500,0.0,0.0
2011-05-23 00:00:00+09:00,1620.2509306837248,1623.863530306208,1596.7690331375838,1614.83203125,44000,0.0,0.0
2011-05-24 00:00:00+09:00,1609.4132847141575,1618.4447846283783,1600.3817847999367,1603.994384765625,40000,0.0,0.0
2011-05-25 00:00:00+09:00,1603.9945004111842,1613.0260009765625,1594.962999845806,1613.0260009765625,50500,0.0,0.0
2011-05-26 00:00:00+09:00,1613.0258846798458,1614.83218466269,1598.5754848170925,1603.994384765625,50000,0.0,0.0
2011-05-27 00:00:00+09:00,1603.9942778010034,1636.5076753239966,1602.187977938615,1620.2509765625,63000,0.0,0.0
2011-05-30 00:00:00+09:00,1618.4444873595507,1620.2507870106215,1602.1877904999124,1607.606689453125,39500,0.0,0.0
2011-05-31 00:00:00+09:00,1616.638512348234,1650.9582126103753,1613.0259123206401,1636.5078125,62000,0.0,0.0
2011-06-01 00:00:00+09:00,1636.5076753239966,1636.5076753239966,1602.187977938615,1620.2509765625,51000,0.0,0.0
2011-06-02 00:00:00+09:00,1598.57514111985,1614.8318374702214,1598.57514111985,1611.21923828125,35500,0.0,0.0
2011-06-03 00:00:00+09:00,1603.994390571914,1614.8321905082107,1593.1565906356172,1594.962890625,47500,0.0,0.0
2011-06-06 00:00:00+09:00,1594.962716522394,1594.962716522394,1547.9989219249055,1555.22412109375,121500,0.0,0.0
2011-06-07 00:00:00+09:00,1538.967554829796,1542.5801547237625,1529.9360550948793,1537.1612548828125,121500,0.0,0.0
2011-06-08 00:00:00+09:00,1537.1611074528223,1544.3863065477826,1535.3548076790823,1538.9674072265625,41500,0.0,0.0
2011-06-09 00:00:00+09:00,1542.5802453485085,1555.2243457202176,1540.7739452954072,1547.9991455078125,41500,0.0,0.0
2011-06-10 00:00:00+09:00,1547.9989927431109,1573.2871909909563,1547.9989927431109,1558.8367919921875,100000,0.0,0.0
2011-06-13 00:00:00+09:00,1558.836741188358,1562.4493408203125,1547.9989422924946,1562.4493408203125,29000,0.0,0.0
2011-06-14 00:00:00+09:00,1555.2241415564035,1566.061940452267,1547.9989422924946,1562.4493408203125,74000,0.0,0.0
2011-06-15 00:00:00+09:00,1564.2557884498879,1564.2557884498879,1551.611688543249,1560.6431884765625,39500,0.0,0.0
2011-06-16 00:00:00+09:00,1569.674477544787,1569.674477544787,1538.9673818966148,1540.773681640625,88500,0.0,0.0
2011-06-17 00:00:00+09:00,1549.8054368102435,1549.8054368102435,1486.58493530866,1488.3912353515625,127000,0.0,0.0
2011-06-20 00:00:00+09:00,1493.8097104889355,1524.5168024820575,1493.8097104889355,1510.06640625,65000,0.0,0.0
2011-06-21 00:00:00+09:00,1513.6793106367004,1531.7423095703125,1513.6793106367004,1531.7423095703125,34000,0.0,0.0
2011-06-22 00:00:00+09:00,1531.7423886899594,1560.6431884765625,1531.7423886899594,1560.6431884765625,49500,0.0,0.0
2011-06-23 00:00:00+09:00,1562.4494884632252,1567.8683884232132,1557.0305885032371,1560.6431884765625,39000,0.0,0.0
2011-06-24 00:00:00+09:00,1540.7737430285856,1567.868240268244,1540.7737430285856,1562.4493408203125,32500,0.0,0.0
2011-06-27 00:00:00+09:00,1573.287046705608,1573.287046705608,1547.99885077693,1551.6114501953125,62000,0.0,0.0
2011-06-28 00:00:00+09:00,1564.2557373046875,1580.5124366531195,1562.4494373770838,1564.2557373046875,44500,0.0,0.0
2011-06-29 00:00:00+09:00,1566.0619355300378,1580.5123340124371,1564.2556357197377,1571.4808349609375,49000,0.0,0.0
2011-06-30 00:00:00+09:00,1571.4806547619048,1596.7688492063494,1571.4806547619048,1593.15625,57000,0.0,0.0
2011-07-01 00:00:00+09:00,1607.6066468253969,1613.0255456349207,1585.9310515873017,1593.15625,70000,0.0,0.0
2011-07-04 00:00:00+09:00,1611.219169866702,1611.219169866702,1594.962474206612,1598.5750732421875,32500,0.0,0.0
2011-07-05 00:00:00+09:00,1596.7691906143828,1603.994390571914,1593.1565906356172,1594.962890625,28500,0.0,0.0
2011-07-06 00:00:00+09:00,1593.1565651181597,1596.7691650390625,1584.1250653159027,1596.7691650390625,43000,0.0,0.0
2011-07-07 00:00:00+09:00,1589.5438387584366,1605.800537109375,1589.5438387584366,1605.800537109375,32000,0.0,0.0
2011-07-08 00:00:00+09:00,1607.606642937042,1607.606642937042,1602.187744140625,1602.187744140625,31500,0.0,0.0
2011-07-11 00:00:00+09:00,1600.381440714336,1611.21923828125,1600.381440714336,1611.21923828125,65000,0.0,0.0
2011-07-12 00:00:00+09:00,1603.9940663213315,1667.2145531695821,1603.9940663213315,1661.795654296875,122500,0.0,0.0
2011-07-13 00:00:00+09:00,1645.5389867736683,1654.5704850545337,1641.9263874613223,1650.9578857421875,72500,0.0,0.0
2011-07-14 00:00:00+09:00,1638.3139344933,1652.7643330334834,1634.7013348582539,1649.1517333984375,51500,0.0,0.0
2011-07-15 00:00:00+09:00,1645.539235600806,1645.539235600806,1636.5077359542595,1641.9266357421875,24500,0.0,0.0
2011-07-19 00:00:00+09:00,1640.1202442595861,1641.9265440880658,1625.6698456317483,1631.0887451171875,48000,0.0,0.0
2011-07-20 00:00:00+09:00,1652.7642405046254,1656.3768399374223,1636.507543057039,1638.3138427734375,51000,0.0,0.0
2011-07-21 00:00:00+09:00,1632.8949941729973,1640.1201932622585,1629.2823946283668,1634.7012939453125,14500,0.0,0.0
2011-07-22 00:00:00+09:00,1636.507538644891,1647.3453369140625,1636.507538644891,1647.3453369140625,15500,0.0,0.0
2011-07-25 00:00:00+09:00,1645.5393125689845,1645.5393125689845,1629.2826124448122,1636.5078125,28000,0.0,0.0
2011-07-26 00:00:00+09:00,1627.476318359375,1641.9267185223882,1622.057418298245,1627.476318359375,45000,0.0,0.0
2011-07-27 00:00:00+09:00,1632.8951270076816,1632.8951270076816,1602.1880283803248,1616.638427734375,36500,0.0,0.0
2011-07-28 00:00:00+09:00,1613.0256901519294,1613.0256901519294,1593.156392736844,1600.381591796875,31500,0.0,0.0
2011-07-29 00:00:00+09:00,1600.381591796875,1611.2193903869215,1596.7689922668596,1600.381591796875,32500,0.0,0.0
2011-08-01 00:00:00+09:00,1605.8006648413198,1605.8006648413198,1596.7691650390625,1596.7691650390625,67500,0.0,0.0
2011-08-02 00:00:00+09:00,1596.7688492063494,1598.5751488095239,1591.3499503968255,1593.15625,50000,0.0,0.0
2011-08-03 00:00:00+09:00,1567.868203606404,1567.868203606404,1538.9674072265625,1538.9674072265625,56000,0.0,0.0
2011-08-04 00:00:00+09:00,1538.967554829796,1544.386454670746,1535.3549549358293,1537.1612548828125,55000,0.0,0.0
2011-08-05 00:00:00+09:00,1517.2917016689066,1517.2917016689066,1499.2287052204674,1511.872802734375,62500,0.0,0.0
2011-08-08 00:00:00+09:00,1499.22900390625,1519.0983039580196,1499.22900390625,1499.22900390625,37000,0.0,0.0
2011-08-09 00:00:00+09:00,1479.3594673295456,1490.197265625,1464.909069602273,1490.197265625,79500,0.0,0.0
2011-08-10 00:00:00+09:00,1522.7110595703125,1522.7110595703125,1522.7110595703125,1522.7110595703125,48000,0.0,0.0
2011-08-11 00:00:00+09:00,1499.2288122042803,1538.9674072265625,1499.2288122042803,1538.9674072265625,45500,0.0,0.0
2011-08-12 00:00:00+09:00,1510.06640625,1510.06640625,1510.06640625,1510.06640625,69500,0.0,0.0
2011-08-15 00:00:00+09:00,1540.773681640625,1547.9988806166655,1517.2917849684936,1540.773681640625,46000,0.0,0.0
2011-08-16 00:00:00+09:00,1553.4180972450658,1557.030697471217,1535.3550961143092,1544.3865966796875,38500,0.0,0.0
2011-08-17 00:00:00+09:00,1542.5801547237625,1546.1927546177292,1526.3234552009126,1537.1612548828125,34500,0.0,0.0
2011-08-18 00:00:00+09:00,1537.1612548828125,1537.1612548828125,1537.1612548828125,1537.1612548828125,31500,0.0,0.0
2011-08-19 00:00:00+09:00,1519.0982499167183,1555.2242487256772,1519.0982499167183,1546.1927490234375,61000,0.0,0.0
2011-08-22 00:00:00+09:00,1553.417892367649,1576.8997907406485,1553.417892367649,1558.8367919921875,59500,0.0,0.0
2011-08-23 00:00:00+09:00,1569.6743551587301,1594.9625496031747,1569.6743551587301,1593.15625,37500,0.0,0.0
2011-08-24 00:00:00+09:00,1593.1567190947999,1593.1567190947999,1573.2874176094906,1585.9315185546875,35500,0.0,0.0
2011-08-25 00:00:00+09:00,1584.1248616161433,1593.1563602570563,1566.0618643343173,1567.8681640625,33500,0.0,0.0
2011-08-26 00:00:00+09:00,1562.449480124081,1571.4809800091912,1531.742380514706,1535.35498046875,79000,0.0,0.0
2011-08-29 00:00:00+09:00,1544.386408823841,1544.386408823841,1520.9045102101452,1531.7423095703125,35000,0.0,0.0
2011-08-30 00:00:00+09:00,1553.417892367649,1562.4493917418797,1553.417892367649,1558.8367919921875,20000,0.0,0.0
2011-08-31 00:00:00+09:00,1567.8683262655181,1589.5439252461474,1564.2557264354132,1582.3187255859375,40000,0.0,0.0
2011-09-01 00:00:00+09:00,1598.5751449430136,1607.606642937042,1587.7373473501796,1602.187744140625,53500,0.0,0.0
2011-09-02 00:00:00+09:00,1602.1877904999124,1609.412989104196,1582.318494338132,1607.606689453125,47500,0.0,0.0
2011-09-05 00:00:00+09:00,1596.7691194532138,1611.2195187242835,1587.737619908795,1591.3502197265625,25500,0.0,0.0
2011-09-06 00:00:00+09:00,1609.4134134432165,1629.28271484375,1596.769312551968,1629.28271484375,47000,0.0,0.0
2011-09-07 00:00:00+09:00,1625.6701145891077,1629.28271484375,1613.026013697859,1629.28271484375,32000,0.0,0.0
2011-09-08 00:00:00+09:00,1607.6069370853102,1647.3455355301155,1602.1880372973822,1641.9266357421875,57000,0.0,0.0
2011-09-09 00:00:00+09:00,1649.151804506062,1659.9896038785007,1647.3455046106556,1652.764404296875,71500,0.0,0.0
2011-09-12 00:00:00+09:00,1627.4761404970143,1640.1202392578125,1622.0572410281009,1640.1202392578125,32000,0.0,0.0
2011-09-13 00:00:00+09:00,1641.926354518581,1676.2460472972973,1638.3137552787161,1670.8271484375,50500,0.0,0.0
2011-09-14 00:00:00+09:00,1667.2145531695821,1670.8271524180536,1652.7641561756964,1661.795654296875,32000,0.0,0.0
2011-09-15 00:00:00+09:00,1663.6020211525333,1681.6650181248735,1647.3453238774273,1674.4398193359375,39500,0.0,0.0
2011-09-16 00:00:00+09:00,1681.6650850675858,1690.6965839132763,1679.8587852984476,1687.083984375,55000,0.0,0.0
2011-09-20 00:00:00+09:00,1690.6966348410676,1690.6966348410676,1681.6651357233268,1683.471435546875,39000,0.0,0.0
2011-09-21 00:00:00+09:00,1683.471666462114,1690.696866747359,1667.2149658203125,1667.2149658203125,18500,0.0,0.0
2011-09-22 00:00:00+09:00,1658.183338559907,1679.8589377567685,1654.5707386937634,1676.246337890625,47500,0.0,0.0
2011-09-26 00:00:00+09:00,1676.2461019997359,1719.5972942928324,1661.7957045687037,1710.5657958984375,60000,0.0,0.0
2011-09-27 00:00:00+09:00,1719.5975682075778,1743.0794677734375,1672.6337690758583,1743.0794677734375,65500,0.0,0.0
2011-09-28 00:00:00+09:00,1729.4969137959818,1778.3936851807896,1729.4969137959818,1758.4727783203125,67000,5.0,0.0
2011-09-29 00:00:00+09:00,1758.472710311473,1791.070556640625,1756.6617188487423,1791.070556640625,56500,0.0,0.0
2011-09-30 00:00:00+09:00,1796.5033493348394,1803.747314453125,1774.7714539799824,1803.747314453125,57500,0.0,0.0
2011-10-03 00:00:00+09:00,1776.5825564104985,1803.7474273036253,1760.2836338746222,1798.314453125,57500,0.0,0.0
2011-10-04 00:00:00+09:00,1785.6378607938354,1794.6928195199705,1785.6378607938354,1787.4488525390625,34500,0.0,0.0
2011-10-05 00:00:00+09:00,1782.015617148241,1818.2354467650753,1767.5276853015075,1801.9365234375,85000,0.0,0.0
2011-10-06 00:00:00+09:00,1807.36962890625,1820.0465701911635,1800.125662457728,1807.36962890625,38000,0.0,0.0
2011-10-07 00:00:00+09:00,1814.6132678656409,1814.6132678656409,1782.0154247303299,1783.826416015625,42500,0.0,0.0
2011-10-11 00:00:00+09:00,1785.6376160232528,1792.8815820111768,1756.661752071557,1762.0947265625,66000,0.0,0.0
2011-10-12 00:00:00+09:00,1751.228777580614,1778.3936500353288,1747.606794586652,1762.0947265625,56500,0.0,0.0
2011-10-13 00:00:00+09:00,1760.283866517509,1760.283866517509,1736.7409752986534,1742.1739501953125,32000,0.0,0.0
2011-10-14 00:00:00+09:00,1722.2528678764731,1727.6858422230866,1709.575927734375,1709.575927734375,42000,0.0,0.0
2011-10-17 00:00:00+09:00,1725.8747061692789,1758.4725495177017,1720.4417322778752,1743.984619140625,44000,0.0,0.0
2011-10-18 00:00:00+09:00,1720.4420430824239,1734.9299760768022,1711.3870849609375,1711.3870849609375,29500,0.0,0.0
2011-10-19 00:00:00+09:00,1722.2528190928058,1760.2836384418583,1720.4418276952317,1753.0396728515625,52000,0.0,0.0
2011-10-20 00:00:00+09:00,1742.1738112616786,1760.2837261396587,1736.7408367982846,1756.6617431640625,45000,0.0,0.0
2011-10-21 00:00:00+09:00,1756.6618305755806,1771.1497631988843,1734.929931640625,1734.929931640625,48000,0.0,0.0
2011-10-24 00:00:00+09:00,1749.41768775796,1787.448507057046,1727.685791015625,1727.685791015625,56000,0.0,0.0
2011-10-25 00:00:00+09:00,1727.6858422230866,1731.307825120829,1704.1429533877615,1709.575927734375,41500,0.0,0.0
2011-10-26 00:00:00+09:00,1686.03296826381,1695.0879251288143,1664.3010717877996,1691.4659423828125,50000,0.0,0.0
2011-10-27 00:00:00+09:00,1711.3870591383713,1711.3870591383713,1682.4111935868223,1695.088134765625,45000,0.0,0.0
2011-10-28 00:00:00+09:00,1709.5758770636794,1729.4967824108196,1678.7890233453716,1727.685791015625,57000,0.0,0.0
2011-10-31 00:00:00+09:00,1725.874698675635,1742.1736202790776,1691.4658641794786,1693.27685546875,54500,0.0,0.0
2011-11-01 00:00:00+09:00,1684.2221155022442,1695.0880646345167,1673.3561663699716,1676.9781494140625,57500,0.0,0.0
2011-11-02 00:00:00+09:00,1651.6241455078125,1658.8681110582854,1637.1362144068669,1651.6241455078125,44000,0.0,0.0
2011-11-04 00:00:00+09:00,1653.4351117083136,1660.6790771484375,1631.7032153879413,1660.6790771484375,29000,0.0,0.0
2011-11-07 00:00:00+09:00,1664.30108522114,1664.30108522114,1637.1362144068669,1651.6241455078125,22000,0.0,0.0
2011-11-08 00:00:00+09:00,1648.0021494307916,1715.0088302318238,1648.0021494307916,1691.4659423828125,52000,0.0,0.0
2011-11-09 00:00:00+09:00,1695.0879459021228,1743.9847135723762,1693.2769545069282,1727.685791015625,64000,0.0,0.0
2011-11-10 00:00:00+09:00,1724.063938038213,1724.063938038213,1682.4111328125,1682.4111328125,40000,0.0,0.0
2011-11-11 00:00:00+09:00,1684.221929938282,1704.1428344859391,1662.4900340681106,1664.301025390625,43000,0.0,0.0
2011-11-14 00:00:00+09:00,1667.9231918038354,1680.6001324581532,1664.3012087597444,1676.9781494140625,20000,0.0,0.0
2011-11-15 00:00:00+09:00,1664.301000553808,1689.6548786906453,1662.4900092583198,1673.35595703125,20500,0.0,0.0
2011-11-16 00:00:00+09:00,1676.9779396222268,1682.410913508692,1662.4900092583198,1673.35595703125,19000,0.0,0.0
2011-11-17 00:00:00+09:00,1675.166942576036,1709.5757770721925,1667.9229774189505,1693.27685546875,29500,0.0,0.0
2011-11-18 00:00:00+09:00,1684.2221591475159,1704.14306640625,1680.6001760095644,1704.14306640625,40500,0.0,0.0
2011-11-21 00:00:00+09:00,1711.3870411277564,1743.9848895301898,1711.3870411277564,1734.929931640625,38500,0.0,0.0
2011-11-22 00:00:00+09:00,1727.6859566733476,1742.1738892240674,1671.5452180393079,1729.4969482421875,39500,0.0,0.0
2011-11-24 00:00:00+09:00,1702.3319694952438,1702.3319694952438,1687.844037839965,1689.655029296875,27500,0.0,0.0
2011-11-25 00:00:00+09:00,1687.843887395157,1695.0878525771104,1673.35595703125,1673.35595703125,33000,0.0,0.0
2011-11-28 00:00:00+09:00,1664.3009968181232,1666.1119881095467,1644.3800926124657,1648.0020751953125,26500,0.0,0.0
2011-11-29 00:00:00+09:00,1648.0021881137163,1660.6791280222833,1633.5142567896396,1642.5692138671875,40500,0.0,0.0
2011-11-30 00:00:00+09:00,1617.2153340500533,1644.380205282697,1611.7823598035247,1642.5692138671875,33000,0.0,0.0
2011-12-01 00:00:00+09:00,1646.1912314399171,1646.1912314399171,1620.8373510877072,1638.947265625,38500,0.0,0.0
2011-12-02 00:00:00+09:00,1651.624293821254,1667.9232177734375,1635.3253698690705,1667.9232177734375,32500,0.0,0.0
2011-12-05 00:00:00+09:00,1669.7342529296875,1673.3562361247627,1662.490286539537,1669.7342529296875,14500,0.0,0.0
2011-12-06 00:00:00+09:00,1667.9230843603084,1667.9230843603084,1633.5142476579783,1637.13623046875,26500,0.0,0.0
2011-12-07 00:00:00+09:00,1646.1915873565008,1662.490513963991,1638.947619975394,1658.8685302734375,25500,0.0,0.0
2011-12-08 00:00:00+09:00,1655.2462944395681,1655.2462944395681,1626.2704293290287,1628.0814208984375,31500,0.0,0.0
2011-12-09 00:00:00+09:00,1606.3494436294177,1606.3494436294177,1600.9164691864771,1604.5384521484375,80500,0.0,0.0
2011-12-12 00:00:00+09:00,1604.5380892857145,1604.5380892857145,1584.6171875,1584.6171875,49500,0.0,0.0
2011-12-13 00:00:00+09:00,1570.1297705819673,1570.1297705819673,1550.2088623046875,1550.2088623046875,54000,0.0,0.0
2011-12-14 00:00:00+09:00,1548.3977747916053,1548.3977747916053,1539.342817044286,1541.15380859375,35000,0.0,0.0
2011-12-15 00:00:00+09:00,1541.1535602236877,1546.5865339965092,1513.9886913595803,1515.7996826171875,74000,0.0,0.0
2011-12-16 00:00:00+09:00,1526.6658848353795,1546.5867919921875,1519.42191859654,1521.23291015625,49000,0.0,0.0
2011-12-19 00:00:00+09:00,1521.2326075025826,1533.9095458984375,1512.1776515055435,1533.9095458984375,51000,0.0,0.0
2011-12-20 00:00:00+09:00,1541.1535988168525,1553.8305379375552,1535.72062490798,1537.5316162109375,58500,0.0,0.0
2011-12-21 00:00:00+09:00,1553.8305915930905,1553.8305915930905,1542.9646434001318,1544.775634765625,12500,0.0,0.0
2011-12-22 00:00:00+09:00,1552.0198358606408,1564.69677734375,1544.7758692988643,1564.69677734375,17500,0.0,0.0
2011-12-26 00:00:00+09:00,1566.5077339859538,1568.3187255859375,1562.8857507859861,1568.3187255859375,15500,0.0,0.0
2011-12-27 00:00:00+09:00,1561.0745757239524,1561.0745757239524,1552.0196187881986,1555.6416015625,13500,0.0,0.0
2011-12-28 00:00:00+09:00,1561.0748560225531,1561.0748560225531,1548.3979140362912,1552.0198974609375,10500,0.0,0.0
2011-12-29 00:00:00+09:00,1552.0196714257586,1562.8856201171875,1548.3976885286156,1562.8856201171875,12500,0.0,0.0
2011-12-30 00:00:00+09:00,1566.5076556530241,1570.129638671875,1561.0746811247477,1570.129638671875,15500,0.0,0.0
2012-01-04 00:00:00+09:00,1593.6724747429025,1597.2944576400455,1561.074628668616,1562.8856201171875,43000,0.0,0.0
2012-01-05 00:00:00+09:00,1562.8857507859861,1570.1297171859212,1562.8857507859861,1568.3187255859375,16500,0.0,0.0
2012-01-06 00:00:00+09:00,1552.0197490476212,1555.641732125912,1535.7208251953125,1535.7208251953125,34500,0.0,0.0
2012-01-10 00:00:00+09:00,1535.7207558502055,1552.0196789665401,1535.7207558502055,1542.9647216796875,23500,0.0,0.0
2012-01-11 00:00:00+09:00,1544.7757056314726,1562.8856201171875,1542.9647141829012,1562.8856201171875,20000,0.0,0.0
2012-01-12 00:00:00+09:00,1562.885886030163,1562.885886030163,1519.4220838694168,1523.0440673828125,44000,0.0,0.0
2012-01-13 00:00:00+09:00,1523.0438051143806,1528.4767794489146,1510.3668650004677,1512.1778564453125,44000,0.0,0.0
2012-01-16 00:00:00+09:00,1504.9338906659336,1513.988847890157,1504.9338906659336,1512.1778564453125,19000,0.0,0.0
2012-01-17 00:00:00+09:00,1512.1777001019732,1515.7996826171875,1512.1777001019732,1515.7996826171875,10000,0.0,0.0
2012-01-18 00:00:00+09:00,1519.4220919496076,1533.9100260802356,1519.4220919496076,1528.47705078125,34000,0.0,0.0
2012-01-19 00:00:00+09:00,1539.342990451389,1548.39794921875,1535.7210069444445,1548.39794921875,36500,0.0,0.0
2012-01-20 00:00:00+09:00,1562.885707330428,1568.318681979317,1557.452732681539,1566.5076904296875,37500,0.0,0.0
2012-01-23 00:00:00+09:00,1575.5625602571877,1575.5625602571877,1562.8856201171875,1562.8856201171875,22000,0.0,0.0
2012-01-24 00:00:00+09:00,1557.452872597907,1562.8858477348763,1552.0198974609375,1552.0198974609375,19500,0.0,0.0
2012-01-25 00:00:00+09:00,1562.8859471656356,1591.86181640625,1562.8859471656356,1591.86181640625,36000,0.0,0.0
2012-01-26 00:00:00+09:00,1591.8615374873634,1599.1055035282616,1582.8065799362407,1595.4835205078125,25000,0.0,0.0
2012-01-27 00:00:00+09:00,1602.7273573255327,1619.0262796034194,1602.7273573255327,1615.404296875,28000,0.0,0.0
2012-01-30 00:00:00+09:00,1617.215384697037,1631.703316474838,1617.215384697037,1624.4593505859375,31500,0.0,0.0
2012-01-31 00:00:00+09:00,1609.9715146086937,1609.9715146086937,1555.6417672090752,1557.4527587890625,65000,0.0,0.0
2012-02-01 00:00:00+09:00,1573.751622385118,1599.1055035282616,1571.9406308748935,1595.4835205078125,52000,0.0,0.0
2012-02-02 00:00:00+09:00,1613.5934095533382,1613.5934095533382,1602.7274606674573,1604.5384521484375,21000,0.0,0.0
2012-02-03 00:00:00+09:00,1602.7274865487107,1613.593435610058,1595.4835205078125,1595.4835205078125,26000,0.0,0.0
2012-02-06 00:00:00+09:00,1595.4833607909595,1600.916334777762,1571.940473514816,1573.75146484375,30500,0.0,0.0
2012-02-07 00:00:00+09:00,1579.1845356746996,1599.1054415146327,1568.318587034736,1582.8065185546875,53000,0.0,0.0
2012-02-08 00:00:00+09:00,1591.8616676848399,1600.9166259765625,1590.0506760264955,1600.9166259765625,28000,0.0,0.0
2012-02-09 00:00:00+09:00,1602.7277673714802,1602.7277673714802,1588.2398327511733,1591.86181640625,32000,0.0,0.0
2012-02-10 00:00:00+09:00,1599.1055035282616,1599.1055035282616,1580.9955884260162,1595.4835205078125,16000,0.0,0.0
2012-02-13 00:00:00+09:00,1595.4836076021465,1600.9165824293957,1590.0506327748974,1599.1055908203125,10500,0.0,0.0
2012-02-14 00:00:00+09:00,1599.105287701896,1611.7822265625,1591.8613226386938,1611.7822265625,18500,0.0,0.0
2012-02-15 00:00:00+09:00,1609.9714532777584,1620.83740234375,1600.9164957227654,1620.83740234375,36500,0.0,0.0
2012-02-16 00:00:00+09:00,1619.0261916257023,1619.0261916257023,1608.1602440308989,1611.7822265625,16500,0.0,0.0
2012-02-17 00:00:00+09:00,1628.0813425021702,1629.892333984375,1613.5934106445313,1629.892333984375,42500,0.0,0.0
2012-02-20 00:00:00+09:00,1631.7032725470408,1633.5142639705114,1620.837324006217,1622.6483154296875,36000,0.0,0.0
2012-02-21 00:00:00+09:00,1617.2149789239054,1624.458942995233,1602.72705078125,1602.72705078125,35000,0.0,0.0
2012-02-22 00:00:00+09:00,1602.7274617513021,1629.892333984375,1602.7274617513021,1629.892333984375,40000,0.0,0.0
2012-02-23 00:00:00+09:00,1619.0264892578125,1622.6484724552572,1613.5935144616453,1619.0264892578125,38500,0.0,0.0
2012-02-24 00:00:00+09:00,1619.0263761692622,1628.0813335303878,1617.215384697037,1624.4593505859375,33000,0.0,0.0
2012-02-27 00:00:00+09:00,1624.4593942213164,1626.2703857421875,1619.0264196587034,1626.2703857421875,24500,0.0,0.0
2012-02-28 00:00:00+09:00,1626.2706770584573,1662.490513963991,1624.4596852131806,1658.8685302734375,71000,0.0,0.0
2012-02-29 00:00:00+09:00,1660.6794020828281,1680.6003109409646,1631.7035346528116,1633.5145263671875,85500,0.0,0.0
2012-03-01 00:00:00+09:00,1633.5141448639251,1669.7339706923935,1633.5141448639251,1648.0020751953125,45000,0.0,0.0
2012-03-02 00:00:00+09:00,1662.490260319806,1707.7650495442017,1662.490260319806,1704.14306640625,66000,0.0,0.0
2012-03-05 00:00:00+09:00,1704.1430927504841,1707.7650759444277,1695.088134765625,1695.088134765625,34000,0.0,0.0
2012-03-06 00:00:00+09:00,1693.2768708756826,1693.2768708756826,1666.1120012894417,1678.7889404296875,36000,0.0,0.0
2012-03-07 00:00:00+09:00,1667.9233047964772,1682.4112379543185,1667.9233047964772,1671.5452880859375,22500,0.0,0.0
2012-03-08 00:00:00+09:00,1678.7892103928787,1696.8991263625967,1678.7892103928787,1695.088134765625,26500,0.0,0.0
2012-03-09 00:00:00+09:00,1709.5758401340233,1713.1978228461717,1698.7098919975783,1705.953857421875,86000,0.0,0.0
2012-03-12 00:00:00+09:00,1705.9540843474558,1713.1980507353433,1695.088134765625,1695.088134765625,20000,0.0,0.0
2012-03-13 00:00:00+09:00,1698.7099426007578,1702.331925420802,1687.843994140625,1687.843994140625,25500,0.0,0.0
2012-03-14 00:00:00+09:00,1713.1978851093256,1725.8748250625658,1713.1978851093256,1718.630859375,39500,0.0,0.0
2012-03-15 00:00:00+09:00,1718.6309988291475,1734.9299229487074,1718.6309988291475,1729.4969482421875,21000,0.0,0.0
2012-03-16 00:00:00+09:00,1733.1185302734375,1740.3624948722816,1727.6855568243045,1733.1185302734375,50500,0.0,0.0
2012-03-19 00:00:00+09:00,1740.3625343409362,1754.8504638671875,1740.3625343409362,1754.8504638671875,30000,0.0,0.0
2012-03-21 00:00:00+09:00,1760.2840733440376,1772.9610162590666,1760.2840733440376,1771.1500244140625,47000,0.0,0.0
2012-03-22 00:00:00+09:00,1772.960462700411,1807.369297012268,1765.7164975821254,1803.747314453125,88000,0.0,0.0
2012-03-23 00:00:00+09:00,1776.582685233619,1798.3145835239386,1772.9607021852325,1778.3936767578125,45500,0.0,0.0
2012-03-26 00:00:00+09:00,1778.3936420223577,1792.8815739329268,1762.0947186229675,1782.015625,35000,0.0,0.0
2012-03-27 00:00:00+09:00,1792.881361233087,1823.668212890625,1792.881361233087,1823.668212890625,85500,0.0,0.0
2012-03-28 00:00:00+09:00,1814.5680779967645,1820.028162484217,1765.4273176096906,1801.827880859375,67500,10.0,0.0
2012-03-29 00:00:00+09:00,1810.9281388321915,1820.0282802333584,1807.2880822717248,1818.208251953125,38000,0.0,0.0
2012-03-30 00:00:00+09:00,1823.6683404928249,1823.6683404928249,1805.468057653575,1807.2880859375,51500,0.0,0.0
2012-04-02 00:00:00+09:00,1807.2882621640065,1807.2882621640065,1774.5277498589187,1776.3477783203125,37000,0.0,0.0
2012-04-03 00:00:00+09:00,1776.3474970168988,1776.3474970168988,1749.047074419303,1763.6072998046875,47000,0.0,0.0
2012-04-04 00:00:00+09:00,1763.6075935124854,1763.6075935124854,1739.9472233208833,1743.5872802734375,45000,0.0,0.0
2012-04-05 00:00:00+09:00,1730.8466383142463,1741.7668063793203,1729.0266103034005,1734.4866943359375,28500,0.0,0.0
2012-04-06 00:00:00+09:00,1734.4873474313633,1734.4873474313633,1698.0867735083546,1730.8472900390625,50000,0.0,0.0
2012-04-09 00:00:00+09:00,1710.8265314182313,1741.7670112417525,1703.5464185185792,1732.6668701171875,40500,0.0,0.0
2012-04-10 00:00:00+09:00,1732.667104634012,1761.7875601740795,1721.7469338064868,1754.5074462890625,44500,0.0,0.0
2012-04-11 00:00:00+09:00,1730.8471204898901,1754.507491222139,1719.9269493826985,1745.4073486328125,40000,0.0,0.0
2012-04-12 00:00:00+09:00,1747.2271381578948,1747.2271381578948,1725.386798930921,1729.02685546875,35000,0.0,0.0
2012-04-13 00:00:00+09:00,1719.9269518991894,1741.7672941455282,1719.9269518991894,1739.947265625,33500,0.0,0.0
2012-04-16 00:00:00+09:00,1749.0471973616636,1770.8875369749207,1741.7670841572447,1758.1473388671875,40000,0.0,0.0
2012-04-17 00:00:00+09:00,1759.9673690716672,1765.4274539808864,1747.2271709501556,1752.687255859375,31500,0.0,0.0
2012-04-18 00:00:00+09:00,1761.7874755859375,1772.707645889156,1747.2272485149795,1761.7874755859375,43500,0.0,0.0
2012-04-19 00:00:00+09:00,1769.0678371923575,1769.0678371923575,1743.5874362451425,1756.32763671875,45500,0.0,0.0
2012-04-20 00:00:00+09:00,1749.0471992532287,1754.507284162448,1747.2271709501556,1752.687255859375,30500,0.0,0.0
2012-04-23 00:00:00+09:00,1739.9472209124608,1761.7875625975546,1736.3071639649454,1749.04736328125,20000,0.0,0.0
2012-04-24 00:00:00+09:00,1743.5872802734375,1747.2273372259917,1723.5669670343898,1743.5872802734375,22000,0.0,0.0
2012-04-25 00:00:00+09:00,1749.0473608753,1754.5074462890625,1736.3071615765205,1754.5074462890625,21000,0.0,0.0
2012-04-26 00:00:00+09:00,1752.6872918512404,1769.0675469152707,1743.5871501490012,1765.427490234375,19500,0.0,0.0
2012-04-27 00:00:00+09:00,1765.4273341068279,1765.4273341068279,1739.946939593946,1741.7669677734375,28000,0.0,0.0
2012-05-01 00:00:00+09:00,1741.7670551690785,1741.7670551690785,1712.646602836053,1723.5667724609375,45000,0.0,0.0
2012-05-02 00:00:00+09:00,1716.2866879417782,1759.9673671682922,1716.2866879417782,1758.1473388671875,38000,0.0,0.0
2012-05-07 00:00:00+09:00,1758.1474231236193,1761.7874799002727,1730.8469972987184,1750.8673095703125,31500,0.0,0.0
2012-05-08 00:00:00+09:00,1732.6668734721854,1732.6668734721854,1718.106647644688,1721.7467041015625,21000,0.0,0.0
2012-05-09 00:00:00+09:00,1710.8265818223595,1714.4666383794283,1699.906412151153,1701.7264404296875,27000,0.0,0.0
2012-05-10 00:00:00+09:00,1692.6262642525337,1692.6262642525337,1663.5058123944257,1683.526123046875,30500,0.0,0.0
2012-05-11 00:00:00+09:00,1678.0663806502655,1688.9865523247793,1648.9459228515625,1648.9459228515625,42500,0.0,0.0
2012-05-14 00:00:00+09:00,1638.0254842907564,1638.0254842907564,1601.624917973184,1603.4449462890625,47000,0.0,0.0
2012-05-15 00:00:00+09:00,1601.6250215814916,1656.2258745899517,1601.6250215814916,1647.125732421875,37000,0.0,0.0
2012-05-16 00:00:00+09:00,1643.485808266771,1645.3058368473544,1619.8254367191876,1625.2855224609375,42500,0.0,0.0
2012-05-17 00:00:00+09:00,1599.8048896573052,1612.5450878684558,1585.2446631302764,1603.4449462890625,52000,0.0,0.0
2012-05-18 00:00:00+09:00,1588.8848851870184,1594.344970703125,1585.2448281762806,1594.344970703125,46500,0.0,0.0
2012-05-21 00:00:00+09:00,1608.905188758094,1621.6453882165856,1603.4451032758832,1616.185302734375,44500,0.0,0.0
2012-05-22 00:00:00+09:00,1619.825273055604,1636.2055286258292,1614.365187865529,1628.9254150390625,55000,0.0,0.0
2012-05-23 00:00:00+09:00,1628.9251835554976,1628.9251835554976,1577.964395690074,1579.784423828125,56500,0.0,0.0
2012-05-24 00:00:00+09:00,1574.3245449772587,1590.704800358525,1568.86445985017,1572.5045166015625,41000,0.0,0.0
2012-05-25 00:00:00+09:00,1579.784505771518,1594.3447316311635,1568.8643363767842,1577.9644775390625,55500,0.0,0.0
2012-05-28 00:00:00+09:00,1577.964684195756,1587.0648265498262,1568.8645418416859,1570.6845703125,29500,0.0,0.0
2012-05-29 00:00:00+09:00,1570.6845170454546,1605.2650568181818,1567.0444602272728,1601.625,47500,0.0,0.0
2012-05-30 00:00:00+09:00,1601.625051872835,1610.7251942130215,1574.3246248522753,1576.1446533203125,41500,0.0,0.0
2012-05-31 00:00:00+09:00,1572.5045987833141,1577.964684195756,1567.044513370872,1570.6845703125,51500,0.0,0.0
2012-06-01 00:00:00+09:00,1565.224359334544,1587.0646992322352,1556.124217710506,1581.6046142578125,44500,0.0,0.0
2012-06-04 00:00:00+09:00,1561.5844116210938,1619.8253220778245,1561.5844116210938,1608.9051513671875,66500,0.0,0.0
2012-06-05 00:00:00+09:00,1610.7250499725342,1647.1256160736084,1592.524766921997,1630.745361328125,85000,0.0,0.0
2012-06-06 00:00:00+09:00,1630.745530686937,1630.745530686937,1603.4451032758832,1616.185302734375,47500,0.0,0.0
2012-06-07 00:00:00+09:00,1616.185302734375,1616.185302734375,1616.185302734375,1616.185302734375,34500,0.0,0.0
2012-06-08 00:00:00+09:00,1639.8455451436223,1641.6655734956132,1605.265006455799,1627.1053466796875,73000,0.0,0.0
2012-06-11 00:00:00+09:00,1628.9255796221044,1641.6657796861878,1623.4654938803542,1625.2855224609375,28500,0.0,0.0
2012-06-12 00:00:00+09:00,1605.2652617054182,1610.7253476295862,1583.4249180087459,1599.80517578125,48500,0.0,0.0
2012-06-13 00:00:00+09:00,1583.4246826171875,1585.2447109880118,1574.3245407630657,1583.4246826171875,42000,0.0,0.0
2012-06-14 00:00:00+09:00,1559.7642002772618,1577.964482660894,1557.9441720388986,1561.584228515625,53500,0.0,0.0
2012-06-15 00:00:00+09:00,1556.1242697272503,1572.5045251980634,1550.6641845703125,1550.6641845703125,53500,0.0,0.0
2012-06-18 00:00:00+09:00,1557.9442120197905,1565.2243251600698,1550.664098879511,1563.404296875,34000,0.0,0.0
2012-06-19 00:00:00+09:00,1572.504601199128,1585.2448005143985,1561.5844303574672,1565.2244873046875,65500,0.0,0.0
2012-06-20 00:00:00+09:00,1574.3245449772587,1587.0647436071326,1565.2244030987777,1572.5045166015625,48500,0.0,0.0
2012-06-21 00:00:00+09:00,1572.5043928416953,1579.784505771518,1570.6843646092398,1577.9644775390625,20000,0.0,0.0
2012-06-22 00:00:00+09:00,1565.2241987237182,1588.8845645183792,1561.5841424476166,1579.784423828125,30500,0.0,0.0
2012-06-25 00:00:00+09:00,1592.5248287342213,1596.164885485614,1572.5045166015625,1572.5045166015625,25500,0.0,0.0
2012-06-26 00:00:00+09:00,1570.684572725518,1588.8848574616188,1561.5844303574672,1565.2244873046875,50000,0.0,0.0
2012-06-27 00:00:00+09:00,1565.2243989089438,1583.4246826171875,1561.5843421672953,1583.4246826171875,44500,0.0,0.0
2012-06-28 00:00:00+09:00,1587.064691446155,1607.0850029208198,1587.064691446155,1603.4449462890625,38500,0.0,0.0
2012-06-29 00:00:00+09:00,1603.4452907113966,1647.1259796751576,1599.80523329775,1641.6658935546875,69500,0.0,0.0
2012-07-02 00:00:00+09:00,1654.4057292938232,1670.7859840393066,1630.745361328125,1630.745361328125,43500,0.0,0.0
2012-07-03 00:00:00+09:00,1623.465283906077,1652.5857374290558,1623.465283906077,1643.485595703125,45000,0.0,0.0
2012-07-04 00:00:00+09:00,1643.4856732742376,1661.6859575851372,1641.6656448431477,1652.5858154296875,43500,0.0,0.0
2012-07-05 00:00:00+09:00,1652.5860657956277,1661.6862093297448,1636.2058074342174,1641.6658935546875,25500,0.0,0.0
2012-07-06 00:00:00+09:00,1643.4856801611165,1656.225879232133,1634.3855379675335,1636.20556640625,34000,0.0,0.0
2012-07-09 00:00:00+09:00,1630.7453159568583,1647.1255702466035,1628.9252877024423,1645.3055419921875,23000,0.0,0.0
2012-07-10 00:00:00+09:00,1636.2056777568864,1670.786220445853,1636.2056777568864,1658.0460205078125,34000,0.0,0.0
2012-07-11 00:00:00+09:00,1647.1258942391435,1652.5859800764003,1643.4858370143056,1648.9459228515625,28500,0.0,0.0
2012-07-12 00:00:00+09:00,1656.2255859375,1672.6058389852335,1647.1254453554257,1656.2255859375,31500,0.0,0.0
2012-07-13 00:00:00+09:00,1648.9458776949266,1670.786220445853,1647.1258491323495,1658.0460205078125,36000,0.0,0.0
2012-07-17 00:00:00+09:00,1636.2056062825523,1670.7861474609376,1636.2056062825523,1638.025634765625,33500,0.0,0.0
2012-07-18 00:00:00+09:00,1647.1259796751576,1654.4060945024512,1639.8458648478643,1641.6658935546875,19500,0.0,0.0
2012-07-19 00:00:00+09:00,1656.2257900594748,1663.5059034223736,1647.1256483558514,1654.40576171875,48500,0.0,0.0
2012-07-20 00:00:00+09:00,1661.6858853675108,1661.6858853675108,1627.1053466796875,1627.1053466796875,59500,0.0,0.0
2012-07-23 00:00:00+09:00,1623.4652577637273,1627.1053143954846,1603.4449462890625,1603.4449462890625,33000,0.0,0.0
2012-07-24 00:00:00+09:00,1607.0847604631697,1621.6449847935266,1592.5245361328125,1592.5245361328125,35500,0.0,0.0
2012-07-25 00:00:00+09:00,1583.42484448999,1605.2651871726105,1583.42484448999,1585.244873046875,42500,0.0,0.0
2012-07-26 00:00:00+09:00,1594.344723240859,1607.0849208010027,1579.7844974578372,1605.264892578125,31000,0.0,0.0
2012-07-27 00:00:00+09:00,1627.1053866423708,1632.5654718324458,1612.5451594688373,1628.9254150390625,37500,0.0,0.0
2012-07-30 00:00:00+09:00,1638.0255948449667,1645.3057085998332,1632.5655095288168,1636.20556640625,34000,0.0,0.0
2012-07-31 00:00:00+09:00,1619.8251175039134,1652.5856254983746,1619.8251175039134,1641.7684326171875,46500,0.0,0.0
2012-08-01 00:00:00+09:00,1645.3056619091099,1652.5857754573801,1634.3854915867041,1650.7657470703125,22500,0.0,0.0
2012-08-02 00:00:00+09:00,1658.045860618583,1661.6859173927182,1641.6656051349746,1650.7657470703125,26500,0.0,0.0
2012-08-03 00:00:00+09:00,1643.4853564946338,1645.305384574916,1621.64501953125,1621.64501953125,12500,0.0,0.0
2012-08-06 00:00:00+09:00,1630.7453972868218,1643.485595703125,1627.1053405964494,1643.485595703125,19000,0.0,0.0
2012-08-07 00:00:00+09:00,1643.4855137377713,1652.585655009852,1643.4855137377713,1645.3055419921875,16000,0.0,0.0
2012-08-08 00:00:00+09:00,1652.5857313724987,1668.9659864191424,1652.5857313724987,1659.8658447265625,45500,0.0,0.0
2012-08-09 00:00:00+09:00,1656.2258745899517,1661.6859598907977,1639.8456186874137,1647.125732421875,28500,0.0,0.0
2012-08-10 00:00:00+09:00,1656.2258722918673,1656.2258722918673,1650.7657869985974,1652.5858154296875,22000,0.0,0.0
2012-08-13 00:00:00+09:00,1654.4060086888194,1659.866094526076,1647.1258942391435,1648.9459228515625,20500,0.0,0.0
2012-08-14 00:00:00+09:00,1659.865762766977,1690.806242993993,1654.405678021033,1661.685791015625,54500,0.0,0.0
2012-08-15 00:00:00+09:00,1685.346109499309,1688.986165891316,1681.7060531073018,1687.1661376953125,18500,0.0,0.0
2012-08-16 00:00:00+09:00,1688.986440325798,1718.106896193484,1688.986440325798,1710.8267822265625,41000,0.0,0.0
2012-08-17 00:00:00+09:00,1714.4666728670634,1721.7467861276455,1709.006587921627,1719.9267578125,30500,0.0,0.0
2012-08-20 00:00:00+09:00,1716.2868677017536,1719.9269246852145,1710.8267822265625,1710.8267822265625,34000,0.0,0.0
2012-08-21 00:00:00+09:00,1710.826574565239,1723.5667724609375,1709.0065462944249,1723.5667724609375,21500,0.0,0.0
2012-08-22 00:00:00+09:00,1721.7469507017167,1721.7469507017167,1705.366694299692,1716.286865234375,19000,0.0,0.0
2012-08-23 00:00:00+09:00,1714.4666728670634,1721.7467861276455,1707.1865596064813,1719.9267578125,18500,0.0,0.0
2012-08-24 00:00:00+09:00,1707.1865615358777,1718.1067314390923,1705.3665332186754,1714.4666748046875,14000,0.0,0.0
2012-08-27 00:00:00+09:00,1725.3871763184636,1725.3871763184636,1707.1868896484375,1707.1868896484375,19500,0.0,0.0
2012-08-28 00:00:00+09:00,1712.646644551918,1719.9267578125,1688.9862764550264,1719.9267578125,53000,0.0,0.0
2012-08-29 00:00:00+09:00,1727.2071647847602,1727.2071647847602,1687.1665350426476,1705.3668212890625,45500,0.0,0.0
2012-08-30 00:00:00+09:00,1688.9862043501612,1699.906373774839,1681.706091400376,1694.4462890625,34500,0.0,0.0
2012-08-31 00:00:00+09:00,1694.4462924936656,1701.7264054581926,1683.526123046875,1683.526123046875,21500,0.0,0.0
2012-09-03 00:00:00+09:00,1678.0661281117223,1685.346241465786,1658.0458163880467,1659.8658447265625,31000,0.0,0.0
2012-09-04 00:00:00+09:00,1656.2257982336957,1656.2257982336957,1630.7454013377928,1632.5654296875,38000,0.0,0.0
2012-09-05 00:00:00+09:00,1632.5654317356596,1643.485601847604,1625.2853183276968,1627.1053466796875,28000,0.0,0.0
2012-09-06 00:00:00+09:00,1625.2850781801728,1625.2850781801728,1601.6247131002824,1610.724853515625,36000,0.0,0.0
2012-09-07 00:00:00+09:00,1612.545078277588,1632.5653896331787,1607.0849933624268,1630.745361328125,40000,0.0,0.0
2012-09-10 00:00:00+09:00,1632.5655095288168,1643.4856801611165,1630.7454810901002,1636.20556640625,20500,0.0,0.0
2012-09-11 00:00:00+09:00,1638.0256745976694,1647.125817234323,1636.2056460703386,1639.845703125,27000,0.0,0.0
2012-09-12 00:00:00+09:00,1639.8454842948502,1696.266361112986,1639.8454842948502,1685.34619140625,45500,0.0,0.0
2012-09-13 00:00:00+09:00,1685.3462777454265,1685.3462777454265,1670.7860507238677,1672.6060791015625,18500,0.0,0.0
2012-09-14 00:00:00+09:00,1685.346109499309,1688.986165891316,1667.1458275392731,1687.1661376953125,51500,0.0,0.0
2012-09-18 00:00:00+09:00,1690.8065922919307,1707.186849913704,1687.1665350426476,1705.3668212890625,24500,0.0,0.0
2012-09-19 00:00:00+09:00,1710.8268563958663,1725.3870849609375,1707.1867992545986,1725.3870849609375,48500,0.0,0.0
2012-09-20 00:00:00+09:00,1723.5669816686752,1729.0270671438664,1707.1867252431018,1710.8267822265625,51500,0.0,0.0
2012-09-21 00:00:00+09:00,1701.7263935887536,1727.2067887868739,1701.7263935887536,1721.7467041015625,42500,0.0,0.0
2012-09-24 00:00:00+09:00,1719.9267141241778,1730.8468837376645,1719.9267141241778,1729.02685546875,27000,0.0,0.0
2012-09-25 00:00:00+09:00,1730.8469930601514,1761.7874755859375,1727.206936292412,1761.7874755859375,78000,0.0,0.0
2012-09-26 00:00:00+09:00,1707.957605939136,1744.4524265788612,1707.957605939136,1742.627685546875,53500,5.0,0.0
2012-09-27 00:00:00+09:00,1740.8031104221816,1769.998969716474,1740.8031104221816,1766.3494873046875,33500,0.0,0.0
2012-09-28 00:00:00+09:00,1766.3491888263457,1769.9986706214415,1748.101779850867,1762.69970703125,49500,0.0,0.0
2012-10-01 00:00:00+09:00,1760.8750958667374,1760.8750958667374,1738.9782034829025,1742.627685546875,38500,0.0,0.0
2012-10-02 00:00:00+09:00,1753.576392525754,1755.4011338291107,1729.8547555821174,1735.3289794921875,37500,0.0,0.0
2012-10-03 00:00:00+09:00,1728.0296087032903,1737.1533130787036,1720.7306452029595,1724.380126953125,32500,0.0,0.0
2012-10-04 00:00:00+09:00,1717.0811971890726,1738.9780881202828,1717.0811971890726,1722.555419921875,22500,0.0,0.0
2012-10-05 00:00:00+09:00,1720.7305984015213,1738.9780066560443,1720.7305984015213,1733.5037841796875,34500,0.0,0.0
2012-10-09 00:00:00+09:00,1717.0814341494913,1726.2051399632505,1664.1639404296875,1664.1639404296875,62000,0.0,0.0
2012-10-10 00:00:00+09:00,1636.79296875,1656.8651233277592,1636.79296875,1636.79296875,36000,0.0,0.0
2012-10-11 00:00:00+09:00,1627.669145291169,1634.9681100682592,1603.947509765625,1603.947509765625,54500,0.0,0.0
2012-10-12 00:00:00+09:00,1611.2462024710223,1631.3183522186796,1603.9472389264197,1618.545166015625,43500,0.0,0.0
2012-10-15 00:00:00+09:00,1622.194742520295,1653.215339396386,1622.194742520295,1633.1431884765625,40500,0.0,0.0
2012-10-16 00:00:00+09:00,1638.6177824236074,1649.566230858509,1631.3188168003396,1645.916748046875,28500,0.0,0.0
2012-10-17 00:00:00+09:00,1660.5144073075778,1664.1638895214405,1627.6690673828125,1627.6690673828125,69500,0.0,0.0
2012-10-18 00:00:00+09:00,1644.0916000132486,1667.813232421875,1640.4421181042292,1667.813232421875,33500,0.0,0.0
2012-10-19 00:00:00+09:00,1669.6381494780294,1673.2876317719704,1655.0402203022652,1671.462890625,48500,0.0,0.0
2012-10-22 00:00:00+09:00,1658.6896774595148,1673.287606414054,1649.5659718629277,1653.2154541015625,39500,0.0,0.0
2012-10-23 00:00:00+09:00,1653.215339396386,1653.215339396386,1629.49370649114,1633.1431884765625,45500,0.0,0.0
2012-10-24 00:00:00+09:00,1633.1431884765625,1645.9163754255412,1629.49370649114,1633.1431884765625,43500,0.0,0.0
2012-10-25 00:00:00+09:00,1638.6174913972056,1655.0401611328125,1638.6174913972056,1655.0401611328125,19500,0.0,0.0
2012-10-26 00:00:00+09:00,1651.390712982245,1671.4628652947365,1651.390712982245,1653.2154541015625,32000,0.0,0.0
2012-10-29 00:00:00+09:00,1660.51416015625,1675.1120868389423,1656.8646784855769,1660.51416015625,54000,0.0,0.0
2012-10-30 00:00:00+09:00,1636.7926843302819,1660.514317436518,1625.84423828125,1625.84423828125,49000,0.0,0.0
2012-10-31 00:00:00+09:00,1624.0195570203991,1647.7411909993489,1616.720592719184,1642.2669677734375,46500,0.0,0.0
2012-11-01 00:00:00+09:00,1642.267036013189,1662.3391886755726,1636.7928125598119,1638.6175537109375,34500,0.0,0.0
2012-11-02 00:00:00+09:00,1655.040155300564,1655.040155300564,1634.968003472222,1642.2669677734375,43000,0.0,0.0
2012-11-05 00:00:00+09:00,1627.6688775866892,1638.6173229516219,1627.6688775866892,1631.318359375,16000,0.0,0.0
2012-11-06 00:00:00+09:00,1625.844292276517,1633.143256551608,1625.844292276517,1629.4937744140625,23000,0.0,0.0
2012-11-07 00:00:00+09:00,1631.3186475273703,1631.3186475273703,1609.4217529296875,1609.4217529296875,32500,0.0,0.0
2012-11-08 00:00:00+09:00,1611.2462975252993,1613.0710385190991,1598.4731105687001,1600.2978515625,47500,0.0,0.0
2012-11-09 00:00:00+09:00,1589.3493991895655,1600.2978451082076,1578.400953270923,1587.524658203125,42000,0.0,0.0
2012-11-12 00:00:00+09:00,1583.8755726825334,1587.5250555688986,1572.9271240234375,1572.9271240234375,32000,0.0,0.0
2012-11-13 00:00:00+09:00,1572.9267238647885,1596.6483565912877,1571.101982885827,1574.75146484375,39500,0.0,0.0
2012-11-14 00:00:00+09:00,1574.7512960829495,1587.5244815668204,1572.9265552995394,1583.875,28000,0.0,0.0
2012-11-15 00:00:00+09:00,1583.8754050387945,1598.473335039152,1583.8754050387945,1594.8238525390625,47500,0.0,0.0
2012-11-16 00:00:00+09:00,1611.2462975252993,1611.2462975252993,1583.875182618301,1600.2978515625,51000,0.0,0.0
2012-11-19 00:00:00+09:00,1620.370368365438,1645.916748046875,1620.370368365438,1645.916748046875,62000,0.0,0.0
2012-11-20 00:00:00+09:00,1660.5143643269496,1665.9885875060495,1644.09169478965,1649.56591796875,57000,0.0,0.0
2012-11-21 00:00:00+09:00,1653.2154000881499,1653.2154000881499,1631.3185073717507,1649.56591796875,35500,0.0,0.0
2012-11-22 00:00:00+09:00,1664.1641621050444,1664.1641621050444,1640.4425238294243,1645.916748046875,33500,0.0,0.0
2012-11-26 00:00:00+09:00,1664.163798215759,1673.2875032498366,1656.8648341884968,1658.6895751953125,42000,0.0,0.0
2012-11-27 00:00:00+09:00,1658.6896829594657,1671.4628708370415,1658.6896829594657,1665.9886474609375,45000,0.0,0.0
2012-11-28 00:00:00+09:00,1644.0917485049756,1664.1639008174668,1644.0917485049756,1653.2154541015625,45000,0.0,0.0
2012-11-29 00:00:00+09:00,1636.7927305508504,1655.04014114785,1634.9679894911505,1649.56591796875,34500,0.0,0.0
2012-11-30 00:00:00+09:00,1651.3905984036749,1651.3905984036749,1633.1431884765625,1633.1431884765625,41000,0.0,0.0
2012-12-03 00:00:00+09:00,1651.3908058398217,1651.3908058398217,1616.7207226232952,1622.1949462890625,41500,0.0,0.0
2012-12-04 00:00:00+09:00,1614.8956505027977,1631.3183181350296,1614.8956505027977,1620.369873046875,33000,0.0,0.0
2012-12-05 00:00:00+09:00,1620.369914010067,1633.1431002691554,1614.8956913276006,1631.318359375,38500,0.0,0.0
2012-12-06 00:00:00+09:00,1640.4422551313323,1642.2669962382638,1624.0195851689496,1627.6690673828125,52000,0.0,0.0
2012-12-07 00:00:00+09:00,1629.493754389045,1638.6174596207866,1624.01953125,1624.01953125,48500,0.0,0.0
2012-12-10 00:00:00+09:00,1625.84423828125,1634.96794332211,1620.370015256734,1625.84423828125,29000,0.0,0.0
2012-12-11 00:00:00+09:00,1618.5451999087365,1624.0194226818214,1614.8957180600135,1616.720458984375,26500,0.0,0.0
2012-12-12 00:00:00+09:00,1616.7204251294743,1625.8441295602277,1616.7204251294743,1618.545166015625,29500,0.0,0.0
2012-12-13 00:00:00+09:00,1625.8444238779496,1627.669165094423,1609.4217529296875,1609.4217529296875,39000,0.0,0.0
2012-12-14 00:00:00+09:00,1605.772216796875,1627.6691106622868,1605.772216796875,1605.772216796875,101500,0.0,0.0
2012-12-17 00:00:00+09:00,1633.1432364817417,1633.1432364817417,1614.8958260182585,1624.01953125,48000,0.0,0.0
2012-12-18 00:00:00+09:00,1629.4935772870037,1636.7925406791069,1616.7203913508235,1620.369873046875,71500,0.0,0.0
2012-12-19 00:00:00+09:00,1636.7926831135262,1658.6895751953125,1629.493719086264,1658.6895751953125,102000,0.0,0.0
2012-12-20 00:00:00+09:00,1676.936957539233,1678.7616985158807,1664.163770702699,1673.2874755859375,118000,0.0,0.0
2012-12-21 00:00:00+09:00,1673.287640954118,1675.1123821111016,1649.5660059133288,1651.3907470703125,70500,0.0,0.0
2012-12-25 00:00:00+09:00,1655.0400664909796,1662.3390304005318,1640.442138671875,1640.442138671875,48500,0.0,0.0
2012-12-26 00:00:00+09:00,1642.266987645349,1649.5659520348838,1627.669058866279,1647.7412109375,28500,0.0,0.0
2012-12-27 00:00:00+09:00,1647.7414167015052,1655.0403820025085,1636.79296875,1636.79296875,39000,0.0,0.0
2012-12-28 00:00:00+09:00,1633.1433936205972,1640.442358508287,1618.5454638452177,1622.1949462890625,67000,0.0,0.0
2013-01-04 00:00:00+09:00,1647.741130379314,1647.741130379314,1624.0194972730778,1625.84423828125,50000,0.0,0.0
2013-01-07 00:00:00+09:00,1638.6175140244009,1638.6175140244009,1624.0195851689496,1627.6690673828125,58000,0.0,0.0
2013-01-08 00:00:00+09:00,1625.844292276517,1655.040149376881,1625.844292276517,1629.4937744140625,88000,0.0,0.0
2013-01-09 00:00:00+09:00,1631.3185154828352,1638.6174797579263,1625.844292276517,1629.4937744140625,55500,0.0,0.0
2013-01-10 00:00:00+09:00,1631.3185891064345,1640.4422948620634,1624.0196245019315,1638.6175537109375,65000,0.0,0.0
2013-01-11 00:00:00+09:00,1642.266879649263,1647.7411025814272,1638.617397694487,1640.442138671875,47000,0.0,0.0
2013-01-15 00:00:00+09:00,1651.3905845362035,1653.2153255135916,1640.442138671875,1640.442138671875,68000,0.0,0.0
2013-01-16 00:00:00+09:00,1645.9166753762543,1649.5661580267558,1636.79296875,1636.79296875,49000,0.0,0.0
2013-01-17 00:00:00+09:00,1642.2669819423131,1644.09172303336,1631.318535396031,1634.968017578125,53500,0.0,0.0
2013-01-18 00:00:00+09:00,1651.39065902845,1651.39065902845,1642.2669537299503,1649.56591796875,50000,0.0,0.0
2013-01-21 00:00:00+09:00,1649.5658979172447,1656.864862067321,1644.0916748046875,1644.0916748046875,50000,0.0,0.0
2013-01-22 00:00:00+09:00,1644.09172303336,1649.5659463065012,1627.6690532139369,1634.968017578125,75500,0.0,0.0
2013-01-23 00:00:00+09:00,1629.49370649114,1634.9679294692737,1625.8442245057174,1633.1431884765625,59500,0.0,0.0
2013-01-24 00:00:00+09:00,1629.4940034489966,1640.4424514005018,1625.844520798495,1636.79296875,69500,0.0,0.0
2013-01-25 00:00:00+09:00,1640.4422126702502,1651.39065902845,1633.1432484314505,1649.56591796875,75500,0.0,0.0
2013-01-28 00:00:00+09:00,1658.68960310484,1660.5143441423593,1644.0916748046875,1644.0916748046875,58000,0.0,0.0
2013-01-29 00:00:00+09:00,1644.0917824423775,1658.6897116982477,1644.0917824423775,1651.3907470703125,43500,0.0,0.0
2013-01-30 00:00:00+09:00,1662.3391652102016,1669.6381297116734,1656.8649418340979,1665.9886474609375,52000,0.0,0.0
2013-01-31 00:00:00+09:00,1656.864896375868,1656.864896375868,1633.1432623969183,1642.2669677734375,120000,0.0,0.0
2013-02-01 00:00:00+09:00,1649.5658979172447,1653.2153799922828,1644.0916748046875,1644.0916748046875,48000,0.0,0.0
2013-02-04 00:00:00+09:00,1642.2669819423131,1644.09172303336,1634.968017578125,1634.968017578125,62500,0.0,0.0
2013-02-05 00:00:00+09:00,1634.9679294692737,1645.9163754255412,1633.1431884765625,1633.1431884765625,66500,0.0,0.0
2013-02-06 00:00:00+09:00,1636.79296875,1649.5661580267558,1633.1434860994984,1636.79296875,66000,0.0,0.0
2013-02-07 00:00:00+09:00,1636.7927586691721,1640.442240851266,1633.143276487078,1634.968017578125,80000,0.0,0.0
2013-02-08 00:00:00+09:00,1636.7925820574665,1638.6173229516219,1627.6688775866892,1631.318359375,71000,0.0,0.0
2013-02-12 00:00:00+09:00,1634.9679976203806,1642.2669618954717,1629.4937744140625,1629.4937744140625,84500,0.0,0.0
2013-02-13 00:00:00+09:00,1627.668979289422,1629.4937202975939,1624.0194972730778,1625.84423828125,77500,0.0,0.0
2013-02-14 00:00:00+09:00,1624.0196482052484,1629.4938717385246,1611.2464599609375,1611.2464599609375,93500,0.0,0.0
2013-02-15 00:00:00+09:00,1611.2462975252993,1613.0710385190991,1594.8236285811004,1600.2978515625,97000,0.0,0.0
2013-02-18 00:00:00+09:00,1611.2463974204297,1631.3185495966752,1605.7721740996355,1627.6690673828125,91500,0.0,0.0
2013-02-19 00:00:00+09:00,1629.493754389045,1633.1432364817417,1618.5453081109551,1624.01953125,106500,0.0,0.0
2013-02-20 00:00:00+09:00,1618.5451731159117,1634.967841163311,1616.7204322217563,1631.318359375,118000,0.0,0.0
2013-02-21 00:00:00+09:00,1629.493645454906,1640.4420910010758,1616.720458984375,1616.720458984375,79500,0.0,0.0
2013-02-22 00:00:00+09:00,1624.0196245019315,1640.4422948620634,1624.0196245019315,1638.6175537109375,114500,0.0,0.0
2013-02-25 00:00:00+09:00,1649.5659520348838,1655.040175327035,1640.4422465479652,1647.7412109375,125000,0.0,0.0
2013-02-26 00:00:00+09:00,1636.7927106546113,1651.3906389547637,1634.9679696170922,1644.0916748046875,63000,0.0,0.0
2013-02-27 00:00:00+09:00,1644.09169478965,1658.6896232672498,1644.09169478965,1649.56591796875,67000,0.0,0.0
2013-02-28 00:00:00+09:00,1656.8646240234375,1656.8646240234375,1645.9161793713001,1656.8646240234375,72000,0.0,0.0
2013-03-01 00:00:00+09:00,1656.8646784855769,1665.9883826622595,1647.7409743088942,1660.51416015625,72500,0.0,0.0
2013-03-04 00:00:00+09:00,1675.1121962399138,1676.9369371944235,1664.1637505128556,1667.813232421875,89000,0.0,0.0
2013-03-05 00:00:00+09:00,1667.81328022939,1676.9369852634677,1656.8648341884968,1658.6895751953125,72000,0.0,0.0
2013-03-06 00:00:00+09:00,1658.6898577580687,1669.6383056640625,1658.6898577580687,1669.6383056640625,49500,0.0,0.0
2013-03-07 00:00:00+09:00,1675.1123302065093,1698.833964512266,1675.1123302065093,1693.3597412109375,106500,0.0,0.0
2013-03-08 00:00:00+09:00,1711.6073425485508,1742.627944705614,1707.9578599418376,1735.3289794921875,219000,0.0,0.0
2013-03-11 00:00:00+09:00,1735.3284365429893,1735.3284365429893,1718.9057699510997,1731.678955078125,99000,0.0,0.0
2013-03-12 00:00:00+09:00,1717.0812583556149,1718.9059993315507,1706.1328125,1706.1328125,80000,0.0,0.0
2013-03-13 00:00:00+09:00,1706.132818979316,1728.0297107737028,1706.132818979316,1718.906005859375,98000,0.0,0.0
2013-03-14 00:00:00+09:00,1720.7307468422405,1724.3802288079717,1711.6070419279126,1718.906005859375,57000,0.0,0.0
2013-03-15 00:00:00+09:00,1728.029596811983,1764.5244140625,1726.2048559494572,1764.5244140625,118500,0.0,0.0
2013-03-18 00:00:00+09:00,1751.751495330092,1791.8958004314065,1751.751495330092,1782.7720947265625,157500,0.0,0.0
2013-03-19 00:00:00+09:00,1784.596793241279,1806.4936864098838,1784.596793241279,1804.6689453125,83500,0.0,0.0
2013-03-21 00:00:00+09:00,1808.3182712131077,1821.0914577907986,1802.8440483940972,1806.4935302734375,135000,0.0,0.0
2013-03-22 00:00:00+09:00,1782.7719184445111,1797.369846128806,1779.1224365234375,1779.1224365234375,109500,0.0,0.0
2013-03-25 00:00:00+09:00,1782.7721484674253,1799.1948192311988,1780.9474072714504,1786.421630859375,58000,0.0,0.0
2013-03-26 00:00:00+09:00,1788.2461343575685,1801.019321031551,1786.4213934041425,1799.194580078125,108500,0.0,0.0
2013-03-27 00:00:00+09:00,1771.684089849803,1780.8542973542017,1744.1734673366072,1775.3521728515625,60500,10.0,0.0
2013-03-28 00:00:00+09:00,1788.1906090331029,1790.024650683393,1780.8544424319414,1786.3565673828125,75000,0.0,0.0
2013-03-29 00:00:00+09:00,1786.3565673828125,1793.6927339839738,1782.6884840822318,1786.3565673828125,71000,0.0,0.0
2013-04-01 00:00:00+09:00,1782.6882668585527,1782.6882668585527,1742.33935546875,1742.33935546875,89000,0.0,0.0
2013-04-02 00:00:00+09:00,1740.5052498336386,1740.5052498336386,1656.1393473127248,1657.973388671875,130500,0.0,0.0
2013-04-03 00:00:00+09:00,1676.313980268757,1685.4841880382796,1665.3097309453296,1683.650146484375,94000,0.0,0.0
2013-04-04 00:00:00+09:00,1683.6499980101391,1755.1776123046875,1667.1436254806279,1755.1776123046875,153000,0.0,0.0
2013-04-05 00:00:00+09:00,1797.3606273326798,1834.0414564619182,1793.692544419756,1812.032958984375,205500,0.0,0.0
2013-04-08 00:00:00+09:00,1815.7010788460943,1859.7180746969088,1815.7010788460943,1857.884033203125,190000,0.0,0.0
2013-04-09 00:00:00+09:00,1894.5649064808892,1997.2712324856614,1889.0627818734906,1993.6031494140625,316500,0.0,0.0
2013-04-10 00:00:00+09:00,2052.291756981383,2164.1682513297874,2044.9555934175532,2154.998046875,533500,0.0,0.0
2013-04-11 00:00:00+09:00,2167.8373605721813,2228.360738659222,2166.003318811968,2208.186279296875,511500,0.0,0.0
2013-04-12 00:00:00+09:00,2182.509334426251,2195.3476246287582,2070.632805518687,2180.67529296875,516000,0.0,0.0
2013-04-15 00:00:00+09:00,2145.8288131476684,2191.679856163644,2123.8203125,2123.8203125,140500,0.0,0.0
2013-04-16 00:00:00+09:00,2076.1354405132943,2094.4758595991007,2046.790769976004,2077.969482421875,202000,0.0,0.0
2013-04-17 00:00:00+09:00,2054.126423611111,2072.466838107639,2054.126423611111,2063.296630859375,79500,0.0,0.0
2013-04-18 00:00:00+09:00,2041.288330078125,2055.9606630885696,2021.1138721887635,2041.288330078125,92500,0.0,0.0
2013-04-19 00:00:00+09:00,2030.283870538363,2052.2923677799713,2015.6115390439577,2028.4498291015625,84500,0.0,0.0
2013-04-22 00:00:00+09:00,2044.9564284390387,2081.6372612361515,2044.9564284390387,2048.62451171875,85000,0.0,0.0
2013-04-23 00:00:00+09:00,2044.9556437358597,2054.1258484162895,1986.2663337811086,2026.615234375,90000,0.0,0.0
2013-04-24 00:00:00+09:00,2017.445845569638,2043.1224290587063,2013.777762214057,2039.454345703125,88000,0.0,0.0
2013-04-25 00:00:00+09:00,2041.2883033140458,2070.6329689501868,2026.6159704959755,2057.794677734375,67500,0.0,0.0
2013-04-26 00:00:00+09:00,2032.1173781791742,2048.6237467744922,2010.10888671875,2010.10888671875,72500,0.0,0.0
2013-04-30 00:00:00+09:00,2010.109366966122,2030.2838222915118,2006.4412841796875,2006.4412841796875,51500,0.0,0.0
2013-05-01 00:00:00+09:00,2006.4412841796875,2022.9476567186427,1969.760456315342,2006.4412841796875,70000,0.0,0.0
2013-05-02 00:00:00+09:00,2006.4413588659602,2010.1094417889326,1978.9307369436663,1984.432861328125,37000,0.0,0.0
2013-05-07 00:00:00+09:00,2039.4540356488676,2072.4667808302343,2035.785952850938,2065.130615234375,70500,0.0,0.0
2013-05-08 00:00:00+09:00,2059.628746341181,2059.628746341181,2030.2840803202914,2041.288330078125,82500,0.0,0.0
2013-05-09 00:00:00+09:00,2039.4541770241476,2050.4584261807527,2017.4456787109375,2017.4456787109375,44000,0.0,0.0
2013-05-10 00:00:00+09:00,2052.2923663477086,2063.296614960833,2032.1179105569804,2055.96044921875,89500,0.0,0.0
2013-05-13 00:00:00+09:00,2072.4659512190015,2072.4659512190015,2026.614934599112,2052.29150390625,46000,0.0,0.0
2013-05-14 00:00:00+09:00,2046.7902753134817,2066.964731432163,2039.454109452143,2043.1221923828125,46000,0.0,0.0
2013-05-15 00:00:00+09:00,2063.2967190691943,2090.807341990117,2048.6243868447023,2076.135009765625,68000,0.0,0.0
2013-05-16 00:00:00+09:00,2076.135112505468,2109.1478616442478,2061.4627795548995,2096.3095703125,92000,0.0,0.0
2013-05-17 00:00:00+09:00,2098.143471755849,2127.4881356964906,2085.3051812818185,2116.48388671875,69000,0.0,0.0
2013-05-20 00:00:00+09:00,2120.1521266415107,2136.658501329896,2101.8117103210825,2103.645751953125,83000,0.0,0.0
2013-05-21 00:00:00+09:00,2103.6454846126358,2114.649733006425,2063.29657383541,2065.130615234375,69000,0.0,0.0
2013-05-22 00:00:00+09:00,2065.1304683140347,2088.973004804339,2054.126220703125,2054.126220703125,99500,0.0,0.0
2013-05-23 00:00:00+09:00,2055.9604989254117,2066.964747804584,1936.747802734375,1936.747802734375,82500,0.0,0.0
2013-05-24 00:00:00+09:00,1881.7263431992642,1944.083746385205,1819.3689400133237,1892.7305908203125,179000,0.0,0.0
2013-05-27 00:00:00+09:00,1892.730996673886,1894.5650383373297,1843.2118717609064,1852.382080078125,87500,0.0,0.0
2013-05-28 00:00:00+09:00,1834.0414984422687,1889.0627433955367,1797.3606684734232,1802.86279296875,141500,0.0,0.0
2013-05-29 00:00:00+09:00,1824.871311871654,1868.8883083389098,1824.871311871654,1841.377685546875,68000,0.0,0.0
2013-05-30 00:00:00+09:00,1830.3733606238534,1843.2116507284295,1746.007454222353,1749.675537109375,127000,0.0,0.0
2013-05-31 00:00:00+09:00,1777.186158762038,1793.6925317536359,1746.007454222353,1749.675537109375,79000,0.0,0.0
2013-06-03 00:00:00+09:00,1749.6755061656654,1753.3435889878156,1700.156388066637,1707.4925537109375,91500,0.0,0.0
2013-06-04 00:00:00+09:00,1689.1521998542262,1775.3521492496102,1679.9819924717385,1764.347900390625,88500,0.0,0.0
2013-06-05 00:00:00+09:00,1764.3480922521921,1806.5310507987624,1736.8374671131248,1738.6715087890625,76500,0.0,0.0
2013-06-06 00:00:00+09:00,1723.9988690192204,1746.0073652194656,1679.9818766187295,1681.81591796875,76000,0.0,0.0
2013-06-07 00:00:00+09:00,1681.8158278245194,1690.9860340831044,1650.6371265453297,1668.9775390625,137000,0.0,0.0
2013-06-10 00:00:00+09:00,1672.6457195450773,1692.8201744957307,1648.8031818761235,1657.973388671875,154500,0.0,0.0
2013-06-11 00:00:00+09:00,1674.4798682996961,1676.3139097764756,1650.6373291015625,1650.6373291015625,187000,0.0,0.0
2013-06-12 00:00:00+09:00,1650.6373628656913,1650.6373628656913,1628.628864694149,1637.799072265625,190500,0.0,0.0
2013-06-13 00:00:00+09:00,1632.2969769827926,1634.1310185299642,1591.9480629450156,1593.7821044921875,232000,0.0,0.0
2013-06-14 00:00:00+09:00,1610.2884521484375,1637.7990749072378,1604.7863275966774,1610.2884521484375,183500,0.0,0.0
2013-06-17 00:00:00+09:00,1617.6245825195313,1659.80753648546,1613.9564995659723,1650.6373291015625,104000,0.0,0.0
2013-06-18 00:00:00+09:00,1667.1436040088383,1667.1436040088383,1626.7946939008136,1634.130859375,81000,0.0,0.0
2013-06-19 00:00:00+09:00,1648.803318779899,1668.977775405682,1648.803318779899,1665.3096923828125,106000,0.0,0.0
2013-06-20 00:00:00+09:00,1674.479984410887,1674.479984410887,1645.1353187476075,1646.9693603515625,93000,0.0,0.0
2013-06-21 00:00:00+09:00,1632.2970275199227,1650.6374435594726,1624.9608611041028,1646.9693603515625,126500,0.0,0.0
2013-06-24 00:00:00+09:00,1661.6418815502468,1672.6461324214404,1639.6333798078595,1648.8035888671875,60500,0.0,0.0
2013-06-25 00:00:00+09:00,1648.8034019555175,1659.8076515792472,1634.1310691238778,1646.9693603515625,71000,0.0,0.0
2013-06-26 00:00:00+09:00,1654.3054458942818,1661.6416119514627,1632.2969477227393,1637.799072265625,58000,0.0,0.0
2013-06-27 00:00:00+09:00,1645.1350991578229,1657.973388671875,1634.130851002921,1657.973388671875,42000,0.0,0.0
2013-06-28 00:00:00+09:00,1665.3094204695767,1735.002986524471,1665.3094204695767,1733.1689453125,123500,0.0,0.0
2013-07-01 00:00:00+09:00,1738.6712566480578,1749.6755051078555,1712.9946769085295,1735.003173828125,80500,0.0,0.0
2013-07-02 00:00:00+09:00,1735.0031490305955,1760.6797284031413,1733.1691076468423,1751.509521484375,47000,0.0,0.0
2013-07-03 00:00:00+09:00,1751.5092888977301,1804.6964819637346,1746.007165477109,1782.68798828125,94500,0.0,0.0
2013-07-04 00:00:00+09:00,1784.5223057338171,1808.3648442482463,1784.5223057338171,1797.360595703125,57000,0.0,0.0
2013-07-05 00:00:00+09:00,1804.6967613998725,1806.5308028240595,1790.0244300063775,1797.360595703125,39500,0.0,0.0
2013-07-08 00:00:00+09:00,1810.19886954886,1813.866952364562,1790.0244140625,1790.0244140625,53500,0.0,0.0
2013-07-09 00:00:00+09:00,1795.5265542789382,1801.0286785514988,1793.6925128547514,1797.360595703125,21000,0.0,0.0
2013-07-10 00:00:00+09:00,1799.194678485577,1802.8627614182694,1786.356388221154,1788.1904296875,54500,0.0,0.0
2013-07-11 00:00:00+09:00,1795.526619167503,1801.0287436389049,1790.0244946961009,1799.1947021484375,48500,0.0,0.0
2013-07-12 00:00:00+09:00,1790.0243972422747,1813.8669353202968,1790.0243972422747,1810.1988525390625,55500,0.0,0.0
2013-07-16 00:00:00+09:00,1813.867034072176,1823.0372415245126,1793.6925776770356,1799.1947021484375,96500,0.0,0.0
2013-07-17 00:00:00+09:00,1791.858278089954,1823.0369789369643,1788.1901956373645,1819.368896484375,51000,0.0,0.0
2013-07-18 00:00:00+09:00,1823.0370611258647,1861.5519286144392,1821.203019816885,1856.0498046875,545500,0.0,0.0
2013-07-19 00:00:00+09:00,1868.8883705288756,1894.564952655867,1859.7181626263787,1870.722412109375,107000,0.0,0.0
2013-07-22 00:00:00+09:00,1894.564583569218,1898.232666015625,1867.0539652211655,1898.232666015625,47000,0.0,0.0
2013-07-23 00:00:00+09:00,1894.5650062192108,1898.233089483914,1874.3905482633431,1896.3990478515625,50500,0.0,0.0
2013-07-24 00:00:00+09:00,1876.224479533316,1892.7308532535505,1865.220230386493,1872.556396484375,30500,0.0,0.0
2013-07-25 00:00:00+09:00,1872.5564573373367,1872.5564573373367,1837.7096672399718,1843.2117919921875,35500,0.0,0.0
2013-07-26 00:00:00+09:00,1813.8669353202968,1830.3733078358505,1808.3648111484456,1810.1988525390625,48500,0.0,0.0
2013-07-29 00:00:00+09:00,1810.198893684962,1815.701017981877,1755.1776507158143,1801.0286865234375,67500,0.0,0.0
2013-07-30 00:00:00+09:00,1810.19893904082,1861.552100432049,1780.8542753886893,1850.5478515625,58500,0.0,0.0
2013-07-31 00:00:00+09:00,1907.403153535291,1934.91377594205,1854.215950215557,1857.884033203125,142500,0.0,0.0
2013-08-01 00:00:00+09:00,1857.884087284909,1900.0670428698575,1852.381962643394,1883.5606689453125,77000,0.0,0.0
2013-08-02 00:00:00+09:00,1907.4031199457024,1984.432861328125,1903.73503702273,1984.432861328125,111500,0.0,0.0
2013-08-05 00:00:00+09:00,1962.424422902864,1967.926547453059,1927.5776340849627,1955.0882568359375,40000,0.0,0.0
2013-08-06 00:00:00+09:00,1955.088467603211,1999.10546875,1949.5863424598624,1999.10546875,56500,0.0,0.0
2013-08-07 00:00:00+09:00,1962.4243914021888,1975.2626818132312,1940.4158935546875,1940.4158935546875,44500,0.0,0.0
2013-08-08 00:00:00+09:00,1925.7434163256742,1975.2625327454773,1925.7434163256742,1929.4114990234375,44500,0.0,0.0
2013-08-09 00:00:00+09:00,1942.250222230569,1942.250222230569,1914.7395958533655,1931.2459716796875,45500,0.0,0.0
2013-08-12 00:00:00+09:00,1953.2540283203125,1964.2582763671876,1945.9178629557293,1953.2540283203125,34000,0.0,0.0
2013-08-13 00:00:00+09:00,1955.088467603211,1999.10546875,1955.088467603211,1999.10546875,52000,0.0,0.0
2013-08-14 00:00:00+09:00,1999.1052557384164,2013.777587890625,1973.4286744720514,2013.777587890625,40000,0.0,0.0
2013-08-15 00:00:00+09:00,2002.7732997221106,2002.7732997221106,1984.4328848894904,1995.4371337890625,35500,0.0,0.0
2013-08-16 00:00:00+09:00,1997.2711497665864,2017.4456058248347,1986.2669010075417,2011.9434814453125,63000,0.0,0.0
2013-08-19 00:00:00+09:00,2017.4454993244567,2046.7901611328125,2011.94337523539,2046.7901611328125,102500,0.0,0.0
2013-08-20 00:00:00+09:00,1936.7475728155339,1964.2581917475727,1889.0625,1889.0625,376000,0.0,0.0
2013-08-21 00:00:00+09:00,1885.394465631176,1887.2285069401557,1815.7008958899457,1856.0498046875,239000,0.0,0.0
2013-08-22 00:00:00+09:00,1826.705233150594,1828.5392745493396,1804.6967363656472,1813.866943359375,144500,0.0,0.0
2013-08-23 00:00:00+09:00,1813.8669672827027,1830.3733400891176,1802.8627187450927,1824.8712158203125,227500,0.0,0.0
2013-08-26 00:00:00+09:00,1810.1990117997084,1810.1990117997084,1769.85009765625,1769.85009765625,217500,0.0,0.0
2013-08-27 00:00:00+09:00,1746.0075216090424,1757.0117706948138,1723.9990234375,1723.9990234375,387000,0.0,0.0
2013-08-28 00:00:00+09:00,1668.97751214936,1689.151965592924,1630.462646484375,1630.462646484375,1525500,0.0,0.0
2013-08-29 00:00:00+09:00,1617.6244711219717,1623.1265951734072,1599.2840576171875,1599.2840576171875,1286500,0.0,0.0
2013-08-30 00:00:00+09:00,1604.786491612525,1615.790741840725,1599.284366498425,1601.118408203125,492500,0.0,0.0
2013-09-02 00:00:00+09:00,1608.4544754115116,1621.2927665493457,1606.6204338203925,1612.12255859375,327500,0.0,0.0
2013-09-03 00:00:00+09:00,1617.6249135107203,1643.3014994394618,1617.6249135107203,1635.96533203125,438500,0.0,0.0
2013-09-04 00:00:00+09:00,1635.9646302304027,1637.7986712956833,1621.2923017081569,1623.1263427734375,410500,0.0,0.0
2013-09-05 00:00:00+09:00,1615.7906916370132,1623.1268582278735,1595.616233512147,1606.6204833984375,2105000,0.0,0.0
2013-09-06 00:00:00+09:00,1610.2885666938678,1610.2885666938678,1597.450275159862,1606.6204833984375,537500,0.0,0.0
2013-09-09 00:00:00+09:00,1612.1224936656909,1617.624618217451,1602.952286079424,1610.2884521484375,750500,0.0,0.0
2013-09-10 00:00:00+09:00,1613.9566873589165,1630.4630625705418,1610.2886039785553,1624.9609375,657000,0.0,0.0
2013-09-11 00:00:00+09:00,1634.131145950903,1641.4673127116253,1623.1268958098194,1624.9609375,403000,0.0,0.0
2013-09-12 00:00:00+09:00,1634.1310841630145,1659.8076668546892,1626.7949176796787,1654.3055419921875,661000,0.0,0.0
2013-09-13 00:00:00+09:00,1656.1393963033695,1663.4755619569835,1641.4670649961413,1652.4713134765625,623000,0.0,0.0
2013-09-17 00:00:00+09:00,1652.4714018027687,1687.3181905200302,1652.4714018027687,1665.3096923828125,495000,0.0,0.0
2013-09-18 00:00:00+09:00,1670.8116290882115,1678.1477943092355,1661.6414225619314,1663.4754638671875,341500,0.0,0.0
2013-09-19 00:00:00+09:00,1670.8116698686274,1681.81591796875,1665.309545818566,1681.81591796875,420000,0.0,0.0
2013-09-20 00:00:00+09:00,1687.318366789249,1694.6545336013762,1674.4800748680263,1690.9864501953125,500000,0.0,0.0
2013-09-24 00:00:00+09:00,1689.1522216796875,1690.9862631798826,1678.147972678517,1689.1522216796875,299500,0.0,0.0
2013-09-25 00:00:00+09:00,1690.9861000638894,1694.6541827104486,1668.9776041845328,1670.8116455078125,481000,0.0,0.0
2013-09-26 00:00:00+09:00,1662.535782967033,1673.5703125,1631.2712826236263,1673.5703125,331500,5.0,0.0
2013-09-27 00:00:00+09:00,1682.7657110040839,1702.9956813003078,1673.5702699603457,1699.3175048828125,544000,0.0,0.0
2013-09-30 00:00:00+09:00,1695.6394659883233,1737.9384982201361,1684.6049358408939,1710.3521728515625,789000,0.0,0.0
2013-10-01 00:00:00+09:00,1706.6739364005864,1736.0993490971482,1702.9957598135163,1725.0648193359375,425000,0.0,0.0
2013-10-02 00:00:00+09:00,1732.4214718415776,1736.0996490641712,1706.6742312834224,1719.5478515625,378500,0.0,0.0
2013-10-03 00:00:00+09:00,1717.708350865404,1726.9037917158612,1706.6738218448554,1715.8692626953125,291000,0.0,0.0
2013-10-04 00:00:00+09:00,1708.5129820238642,1760.0074529567685,1702.995717281053,1750.81201171875,715000,0.0,0.0
2013-10-07 00:00:00+09:00,1739.7776337313753,1747.1339873623747,1726.9040148771262,1743.455810546875,394500,0.0,0.0
2013-10-08 00:00:00+09:00,1715.8694379252772,1719.5476146410872,1669.8922289776547,1710.3521728515625,679000,0.0,0.0
2013-10-09 00:00:00+09:00,1699.317583226446,1725.0648193359375,1682.76578858463,1725.0648193359375,245500,0.0,0.0
2013-10-10 00:00:00+09:00,1717.708423261883,1756.3292764615612,1717.708423261883,1750.81201171875,345500,0.0,0.0
2013-10-11 00:00:00+09:00,1756.3293226709907,1765.5247641509434,1745.2947928950473,1754.490234375,300000,0.0,0.0
2013-10-15 00:00:00+09:00,1760.0076062166238,1761.8466946243736,1739.7776337313753,1743.455810546875,226500,0.0,0.0
2013-10-16 00:00:00+09:00,1752.6511460790095,1754.490234375,1741.6166163030662,1754.490234375,176000,0.0,0.0
2013-10-17 00:00:00+09:00,1760.0078012665356,1802.3068393325025,1760.0078012665356,1798.628662109375,538000,0.0,0.0
2013-10-18 00:00:00+09:00,1807.823870353437,1888.7437587517597,1807.823870353437,1877.709228515625,1026500,0.0,0.0
2013-10-21 00:00:00+09:00,1890.582791767423,1901.6173216804625,1840.9274071587456,1853.801025390625,476000,0.0,0.0
2013-10-22 00:00:00+09:00,1861.15732166379,1901.6172634390898,1855.640056876249,1897.9390869140625,471500,0.0,0.0
2013-10-23 00:00:00+09:00,1943.9162093631571,1962.3070911925154,1892.4217402409543,1910.8126220703125,1177000,0.0,0.0
2013-10-24 00:00:00+09:00,1912.6517102532482,1914.4907984361841,1888.7435638750826,1910.8126220703125,301000,0.0,0.0
2013-10-25 00:00:00+09:00,1921.847257660296,1929.2036107996657,1892.421845102818,1899.7781982421875,400500,0.0,0.0
2013-10-28 00:00:00+09:00,1914.491253471915,1951.2730258729123,1903.4567217516155,1947.5948486328125,473000,0.0,0.0
2013-10-29 00:00:00+09:00,1925.5254843228313,1964.146339309249,1918.169130992085,1962.3072509765625,433000,0.0,0.0
2013-10-30 00:00:00+09:00,1965.9855194519214,1988.054580474768,1954.950988940498,1969.6636962890625,482000,0.0,0.0
2013-10-31 00:00:00+09:00,1971.5029726920873,2015.6410989463877,1920.00849206207,2004.6065673828125,800500,0.0,0.0
2013-11-01 00:00:00+09:00,2000.9282770112256,2000.9282770112256,1953.111976273825,1965.985595703125,286500,0.0,0.0
2013-11-05 00:00:00+09:00,1973.3421299525671,1973.3421299525671,1921.847647530692,1931.0430908203125,330500,0.0,0.0
2013-11-06 00:00:00+09:00,1908.9736193009007,1951.272649401017,1903.4563545052333,1927.364501953125,256000,0.0,0.0
2013-11-07 00:00:00+09:00,1931.0430081502163,1936.5602738877883,1910.8130337791188,1914.4912109375,171500,0.0,0.0
2013-11-08 00:00:00+09:00,1905.295439964117,1908.9736164891442,1886.9045573389808,1897.9390869140625,139500,0.0,0.0
2013-11-11 00:00:00+09:00,1912.6518642959086,1947.59454258593,1903.4564226406399,1932.8818359375,255500,0.0,0.0
2013-11-12 00:00:00+09:00,1932.881973136678,1947.5946808294407,1923.6865308287015,1943.91650390625,240500,0.0,0.0
2013-11-13 00:00:00+09:00,1940.2384033203125,1940.2384033203125,1914.4911638449719,1940.2384033203125,184000,0.0,0.0
2013-11-14 00:00:00+09:00,1942.0774770614871,1945.7556541013764,1923.6865918620413,1929.203857421875,203000,0.0,0.0
2013-11-15 00:00:00+09:00,1931.0428163358335,1945.7555235079162,1929.2037279393232,1938.399169921875,250000,0.0,0.0
2013-11-18 00:00:00+09:00,1940.2384179319333,1965.985657601172,1936.5602408363277,1951.27294921875,242500,0.0,0.0
2013-11-19 00:00:00+09:00,1943.9165950275387,1954.9511263143554,1938.3993293841304,1951.27294921875,143000,0.0,0.0
2013-11-20 00:00:00+09:00,1958.6287442438022,1984.3759765625,1949.4333041299815,1984.3759765625,275000,0.0,0.0
2013-11-21 00:00:00+09:00,1982.5375576773804,2000.9284441122354,1977.0202917469237,1999.08935546875,196500,0.0,0.0
2013-11-22 00:00:00+09:00,2000.9279322053408,2004.6061085513063,1988.0543149944608,1997.249755859375,204000,0.0,0.0
2013-11-25 00:00:00+09:00,1999.089346861228,2008.2847900390627,1989.8939036833935,2008.2847900390625,212500,0.0,0.0
2013-11-26 00:00:00+09:00,2008.2847900390627,2013.8020559457634,1999.089346861228,2008.2847900390625,187000,0.0,0.0
2013-11-27 00:00:00+09:00,2008.2850371678096,2034.0322812340635,2004.606859444059,2028.5150146484375,373500,0.0,0.0
2013-11-28 00:00:00+09:00,2052.4227938223007,2153.5726626934716,2050.58370529737,2146.21630859375,744000,0.0,0.0
2013-11-29 00:00:00+09:00,2142.5379565638355,2159.0897519364316,2127.825249565972,2151.7333984375,294000,0.0,0.0
2013-12-02 00:00:00+09:00,2168.2855414451165,2206.90640350648,2164.607364105939,2199.550048828125,671500,0.0,0.0
2013-12-03 00:00:00+09:00,2206.9056218592964,2217.9401499685932,2168.284773476759,2195.87109375,474500,0.0,0.0
2013-12-04 00:00:00+09:00,2170.124298710151,2210.584243262374,2168.2852103214136,2192.193359375,411500,0.0,0.0
2013-12-05 00:00:00+09:00,2184.837311615815,2195.8718434926627,2171.963691092826,2177.48095703125,359000,0.0,0.0
2013-12-06 00:00:00+09:00,2162.7677992021277,2164.6068874667553,2131.5032987034574,2160.9287109375,240000,0.0,0.0
2013-12-09 00:00:00+09:00,2181.15909455548,2208.74542374463,2181.15909455548,2194.03271484375,210000,0.0,0.0
2013-12-10 00:00:00+09:00,2179.319533850314,2192.193151349852,2171.963180993436,2175.641357421875,170000,0.0,0.0
2013-12-11 00:00:00+09:00,2181.1591289029197,2182.9982175444907,2153.5727992793586,2157.2509765625,118000,0.0,0.0
2013-12-12 00:00:00+09:00,2155.411882462887,2160.9291483736283,2116.791021087699,2137.02099609375,197500,0.0,0.0
2013-12-13 00:00:00+09:00,2124.1472237065154,2153.572639792493,2116.790869685021,2144.377197265625,240000,0.0,0.0
2013-12-16 00:00:00+09:00,2131.5036788953707,2142.5382104513437,2111.273704376088,2113.11279296875,145000,0.0,0.0
2013-12-17 00:00:00+09:00,2116.7908166040347,2181.1589126780063,2116.7908166040347,2179.31982421875,317000,0.0,0.0
2013-12-18 00:00:00+09:00,2171.962731269613,2199.5490487709203,2170.1236434361927,2197.7099609375,254000,0.0,0.0
2013-12-19 00:00:00+09:00,2192.1936145655422,2199.5499689768358,2146.216399494956,2153.57275390625,217500,0.0,0.0
2013-12-20 00:00:00+09:00,2160.928559566171,2179.319440924181,2142.5376782081607,2168.284912109375,367500,0.0,0.0
2013-12-24 00:00:00+09:00,2153.5728394813145,2168.285548888531,2133.3428640463917,2140.69921875,236000,0.0,0.0
2013-12-25 00:00:00+09:00,2140.6992136681483,2144.3773910112204,2109.434706252033,2120.46923828125,257000,0.0,0.0
2013-12-26 00:00:00+09:00,2114.9516613955425,2184.837020641656,2111.2734845931154,2173.802490234375,254500,0.0,0.0
2013-12-27 00:00:00+09:00,2162.7683152774853,2184.8373797190925,2138.860162132411,2182.998291015625,199500,0.0,0.0
2013-12-30 00:00:00+09:00,2194.032646525407,2195.871735080751,2177.480849527311,2188.515380859375,114000,0.0,0.0
2014-01-06 00:00:00+09:00,2197.710122181943,2203.2273860870023,2160.9283628148814,2171.962890625,159500,0.0,0.0
2014-01-07 00:00:00+09:00,2190.3541465292174,2194.032323097696,2157.250557412907,2162.767822265625,185500,0.0,0.0
2014-01-08 00:00:00+09:00,2192.1934278219233,2258.4006118836596,2188.515250929605,2256.5615234375,297500,0.0,0.0
2014-01-09 00:00:00+09:00,2262.0787132906626,2291.504127447289,2260.2396249058734,2289.6650390625,345500,0.0,0.0
2014-01-10 00:00:00+09:00,2298.860623626473,2383.4586945759274,2249.205234156141,2379.780517578125,482000,0.0,0.0
2014-01-14 00:00:00+09:00,2359.5503826490913,2359.5503826490913,2306.216819830055,2308.055908203125,253500,0.0,0.0
2014-01-15 00:00:00+09:00,2337.4816656526677,2416.5624773151894,2328.2862224360956,2414.723388671875,251500,0.0,0.0
2014-01-16 00:00:00+09:00,2400.0097598259354,2401.848847764499,2315.4117146519943,2322.76806640625,356000,0.0,0.0
2014-01-17 00:00:00+09:00,2326.446794037126,2385.297622028579,2326.446794037126,2366.90673828125,159000,0.0,0.0
2014-01-20 00:00:00+09:00,2366.907033691406,2396.3324513596754,2335.64252741887,2390.815185546875,170000,0.0,0.0
2014-01-21 00:00:00+09:00,2396.3319459566937,2457.0218570975767,2396.3319459566937,2447.826416015625,224000,0.0,0.0
2014-01-22 00:00:00+09:00,2438.631370469692,2451.504990072473,2390.8150690879334,2440.470458984375,213500,0.0,0.0
2014-01-23 00:00:00+09:00,2442.3095474990578,2451.504990072473,2420.240485322862,2440.470458984375,190000,0.0,0.0
2014-01-24 00:00:00+09:00,2403.6885985405447,2436.7921905632916,2381.619537192047,2433.114013671875,248500,0.0,0.0
2014-01-27 00:00:00+09:00,2344.837514186803,2420.2401322900655,2335.6420729546985,2392.65380859375,279000,0.0,0.0
2014-01-28 00:00:00+09:00,2400.0106456667877,2499.3214310047238,2400.0106456667877,2451.505126953125,442000,0.0,0.0
2014-01-29 00:00:00+09:00,2490.125900991056,2622.5402768192357,2490.125900991056,2602.310302734375,542000,0.0,0.0
2014-01-30 00:00:00+09:00,2537.942689199118,2554.494489346069,2473.574577516532,2503.0,478500,0.0,0.0
2014-01-31 00:00:00+09:00,2558.1719968039774,2639.0918874289773,2510.3556977982953,2528.74658203125,702000,0.0,0.0
2014-02-03 00:00:00+09:00,2436.792257362332,2519.5512396878453,2436.792257362332,2497.482177734375,376000,0.0,0.0
2014-02-04 00:00:00+09:00,2392.6535068217627,2458.86067534258,2381.61897873496,2407.3662109375,376500,0.0,0.0
2014-02-05 00:00:00+09:00,2409.205976738987,2445.9877473762235,2342.9987895919617,2442.3095703125,347500,0.0,0.0
2014-02-06 00:00:00+09:00,2466.2177183263443,2539.7812595143037,2445.9877444996555,2501.160400390625,427500,0.0,0.0
2014-02-07 00:00:00+09:00,2558.171583416445,2622.5396678302304,2543.4588784075795,2593.1142578125,400000,0.0,0.0
2014-02-10 00:00:00+09:00,2648.2868188827965,2694.2640205995117,2642.7695546767904,2683.2294921875,412500,0.0,0.0
2014-02-12 00:00:00+09:00,2675.8735382757336,2742.0807186042052,2657.4826548511583,2734.724365234375,274000,0.0,0.0
2014-02-13 00:00:00+09:00,2721.8505585444427,2725.528734974908,2617.022530276177,2622.539794921875,501500,0.0,0.0
2014-02-14 00:00:00+09:00,2622.540609879927,2659.3223856145682,2576.5633902116256,2589.43701171875,363000,0.0,0.0
2014-02-17 00:00:00+09:00,2626.218375866844,2674.034676828005,2582.080251902695,2635.413818359375,385500,0.0,0.0
2014-02-18 00:00:00+09:00,2655.6435493547356,2708.9771109414996,2646.448107701845,2694.264404296875,301000,0.0,0.0
2014-02-19 00:00:00+09:00,2703.459531103048,2712.6549716850313,2674.034121240702,2688.746826171875,194000,0.0,0.0
2014-02-20 00:00:00+09:00,2663.0005631880326,2663.0005631880326,2578.4024789983573,2589.43701171875,344500,0.0,0.0
2014-02-21 00:00:00+09:00,2583.919401041667,2644.6093229166668,2560.01125,2620.701171875,570000,0.0,0.0
2014-02-24 00:00:00+09:00,2620.7008356447373,2644.6089836190404,2560.0109215561224,2613.344482421875,282000,0.0,0.0
2014-02-25 00:00:00+09:00,2644.609269874292,2655.6438009029744,2587.5975262260977,2596.79296875,288000,0.0,0.0
2014-02-26 00:00:00+09:00,2589.4365157480315,2594.9537810514717,2561.8501892308295,2569.20654296875,227000,0.0,0.0
2014-02-27 00:00:00+09:00,2539.780789594508,2543.458965973356,2458.860909259853,2464.378173828125,720000,0.0,0.0
2014-02-28 00:00:00+09:00,2458.8607121338255,2504.837913183448,2436.7916556300065,2468.05615234375,422000,0.0,0.0
2014-03-03 00:00:00+09:00,2427.596550707547,2442.3092570754716,2381.6193433077833,2436.7919921875,247500,0.0,0.0
2014-03-04 00:00:00+09:00,2427.596897263601,2493.80408537079,2418.4014544709357,2484.608642578125,279000,0.0,0.0
2014-03-05 00:00:00+09:00,2515.873108628217,2528.7467283361098,2491.96495774213,2501.160400390625,395000,0.0,0.0
2014-03-06 00:00:00+09:00,2502.9994501931724,2526.9076007093454,2479.0912996769994,2517.712158203125,210000,0.0,0.0
2014-03-07 00:00:00+09:00,2510.3557972072326,2523.2294166800903,2464.37858480417,2497.482177734375,212500,0.0,0.0
2014-03-10 00:00:00+09:00,2497.482364784745,2547.137757899022,2488.2869216154345,2532.425048828125,376000,0.0,0.0
2014-03-11 00:00:00+09:00,2525.0679177882676,2580.240559837538,2525.0679177882676,2567.366943359375,507500,0.0,0.0
2014-03-12 00:00:00+09:00,2536.103036152948,2545.2984786335605,2497.482177734375,2497.482177734375,336000,0.0,0.0
2014-03-13 00:00:00+09:00,2475.4131705388813,2491.9649673701224,2444.1486654132045,2462.53955078125,191000,0.0,0.0
2014-03-14 00:00:00+09:00,2422.0789737672562,2453.3434707710853,2405.527181235817,2431.2744140625,286500,0.0,0.0
2014-03-17 00:00:00+09:00,2418.4011320686627,2468.0565165293883,2405.5275138751413,2438.631103515625,257500,0.0,0.0
2014-03-18 00:00:00+09:00,2493.80377106709,2510.355566007801,2475.4128877996336,2479.091064453125,212500,0.0,0.0
2014-03-19 00:00:00+09:00,2468.0564426240467,2521.3900021144323,2466.2173543657573,2471.734619140625,321500,0.0,0.0
2014-03-20 00:00:00+09:00,2457.0220209143968,2457.0220209143968,2359.5503389469845,2363.228515625,359500,0.0,0.0
2014-03-24 00:00:00+09:00,2392.6540756108393,2436.7921984507007,2387.1368102558563,2394.4931640625,333500,0.0,0.0
2014-03-25 00:00:00+09:00,2361.3895416969476,2383.4586028343024,2302.538711997335,2372.424072265625,569000,0.0,0.0
2014-03-26 00:00:00+09:00,2400.0106456667877,2466.2178358920787,2400.0106456667877,2451.505126953125,510500,0.0,0.0
2014-03-27 00:00:00+09:00,2386.8945720332167,2445.9669821686093,2309.3620337305133,2420.122802734375,421000,10.0,0.0
2014-03-28 00:00:00+09:00,2440.4287328544656,2519.807277115239,2431.198669568329,2508.731201171875,332000,0.0,0.0
2014-03-31 00:00:00+09:00,2516.115217051196,2534.575343368519,2508.7311665242664,2523.499267578125,202000,0.0,0.0
2014-04-01 00:00:00+09:00,2492.1171929863062,2506.8852948706694,2444.1208618621254,2464.427001953125,352000,0.0,0.0
2014-04-02 00:00:00+09:00,2471.8111801089085,2495.8093469060827,2409.046743870146,2412.73876953125,309500,0.0,0.0
2014-04-03 00:00:00+09:00,2440.4291162145464,2503.1935564197615,2438.583103267334,2497.655517578125,361500,0.0,0.0
2014-04-04 00:00:00+09:00,2497.6551554779007,2534.575409069592,2486.5790794003938,2521.6533203125,220500,0.0,0.0
2014-04-07 00:00:00+09:00,2486.5793563101183,2519.807588242993,2473.6572661140003,2506.885498046875,169500,0.0,0.0
2014-04-08 00:00:00+09:00,2473.6573208813147,2516.115618180024,2464.4272562511605,2484.7333984375,204000,0.0,0.0
2014-04-09 00:00:00+09:00,2440.4290599181995,2488.425395438527,2436.737034108943,2471.811279296875,334000,0.0,0.0
2014-04-10 00:00:00+09:00,2475.5026211622285,2488.4247079244474,2414.5842121403393,2421.96826171875,203500,0.0,0.0
2014-04-11 00:00:00+09:00,2394.2785877751257,2449.658971455352,2373.972447092376,2434.890869140625,277500,0.0,0.0
2014-04-14 00:00:00+09:00,2412.7384461437455,2449.6586978062355,2390.586295146251,2394.2783203125,153000,0.0,0.0
2014-04-15 00:00:00+09:00,2401.662621276809,2445.96692789529,2383.202493519109,2442.27490234375,323000,0.0,0.0
2014-04-16 00:00:00+09:00,2442.2751291617583,2506.885582314186,2442.2751291617583,2497.655517578125,306000,0.0,0.0
2014-04-17 00:00:00+09:00,2477.348731347876,2501.3468934250163,2451.5045568032633,2460.734619140625,220000,0.0,0.0
2014-04-18 00:00:00+09:00,2471.811279296875,2473.657292201503,2453.3511502505953,2471.811279296875,180000,0.0,0.0
2014-04-21 00:00:00+09:00,2484.7325834033168,2492.116632685347,2421.968164506056,2438.582275390625,305500,0.0,0.0
2014-04-22 00:00:00+09:00,2451.505094715251,2453.3511075877773,2390.586669921875,2390.586669921875,303000,0.0,0.0
2014-04-23 00:00:00+09:00,2429.353008848248,2447.8131380948153,2423.814970074278,2436.737060546875,173000,0.0,0.0
2014-04-24 00:00:00+09:00,2457.0430999135865,2466.273164150677,2431.198920049732,2453.35107421875,178000,0.0,0.0
2014-04-25 00:00:00+09:00,2469.964935370102,2521.653289772466,2469.964935370102,2508.731201171875,230000,0.0,0.0
2014-04-28 00:00:00+09:00,2457.043315944049,2488.425537109375,2457.043315944049,2488.425537109375,101000,0.0,0.0
2014-04-30 00:00:00+09:00,2466.272428966704,2495.808625720796,2466.272428966704,2481.04052734375,90500,0.0,0.0
2014-05-01 00:00:00+09:00,2508.7314249674478,2604.7240917064523,2503.193386501736,2591.802001953125,473000,0.0,0.0
2014-05-02 00:00:00+09:00,2588.1095878136202,2597.3396505376345,2564.111424731183,2575.1875,290500,0.0,0.0
2014-05-07 00:00:00+09:00,2540.1130372887583,2573.341260160268,2512.4228515625,2512.4228515625,213000,0.0,0.0
2014-05-08 00:00:00+09:00,2505.0391758574206,2534.575378373057,2484.7330366279202,2508.731201171875,185000,0.0,0.0
2014-05-09 00:00:00+09:00,2475.503228387768,2510.5774724887133,2444.1210099816594,2453.35107421875,208000,0.0,0.0
2014-05-12 00:00:00+09:00,2436.736586389463,2481.04088796018,2436.736586389463,2457.042724609375,165000,0.0,0.0
2014-05-13 00:00:00+09:00,2488.4250619423747,2525.3453150869204,2475.5029733417837,2508.731201171875,219000,0.0,0.0
2014-05-14 00:00:00+09:00,2473.656478155227,2506.8846995035806,2471.8104658580964,2481.04052734375,143500,0.0,0.0
2014-05-15 00:00:00+09:00,2449.658480966018,2449.658480966018,2386.8940586956,2407.2001953125,367000,0.0,0.0
2014-05-16 00:00:00+09:00,2362.896300231839,2412.7386440648547,2325.9760455407168,2388.740478515625,579500,0.0,0.0
2014-05-19 00:00:00+09:00,2396.1245097765013,2407.20058609288,2320.43798828125,2320.43798828125,322500,0.0,0.0
2014-05-20 00:00:00+09:00,2335.2058273908356,2338.8978524143786,2311.2076647378076,2327.82177734375,255000,0.0,0.0
2014-05-21 00:00:00+09:00,2311.207972160218,2335.2061380053324,2311.207972160218,2325.97607421875,140000,0.0,0.0
2014-05-22 00:00:00+09:00,2351.819840751107,2366.5879402220717,2320.4376293753076,2344.435791015625,198500,0.0,0.0
2014-05-23 00:00:00+09:00,2338.897966422642,2355.5120798384305,2324.129865608608,2331.513916015625,170500,0.0,0.0
2014-05-26 00:00:00+09:00,2346.282026931609,2381.3562665159525,2331.5139260539904,2379.51025390625,213000,0.0,0.0
2014-05-27 00:00:00+09:00,2379.51032371551,2383.20234904323,2349.97412109375,2349.97412109375,217000,0.0,0.0
2014-05-28 00:00:00+09:00,2351.820346123039,2421.968833684009,2348.128320461936,2412.73876953125,277000,0.0,0.0
2014-05-29 00:00:00+09:00,2412.7386262067844,2420.1226770903554,2344.4361555337537,2396.12451171875,273500,0.0,0.0
2014-05-30 00:00:00+09:00,2407.2003741618773,2418.276449503113,2386.894236036279,2409.04638671875,276000,0.0,0.0
2014-06-02 00:00:00+09:00,2433.0450546787674,2529.03772754925,2433.0450546787674,2477.349365234375,796000,0.0,0.0
2014-06-03 00:00:00+09:00,2564.1117625593884,2613.9541078359207,2536.4215707390927,2586.263916015625,638000,0.0,0.0
2014-06-04 00:00:00+09:00,2599.186053240741,2645.336373788339,2577.0338993778932,2591.802001953125,509000,0.0,0.0
2014-06-05 00:00:00+09:00,2619.491696185947,2678.5640952542703,2597.339546535326,2674.8720703125,474000,0.0,0.0
2014-06-06 00:00:00+09:00,2730.2523424955225,2820.7069501914525,2721.0222804857335,2802.246826171875,886500,0.0,0.0
2014-06-09 00:00:00+09:00,2769.0189508588996,2769.0189508588996,2685.9483823331325,2730.252685546875,432500,0.0,0.0
2014-06-10 00:00:00+09:00,2754.250928685359,2817.015360036098,2743.174852564641,2748.712890625,529500,0.0,0.0
2014-06-11 00:00:00+09:00,2757.942944705604,2813.323325121379,2745.0208559419234,2804.09326171875,454000,0.0,0.0
2014-06-12 00:00:00+09:00,2745.020902736428,2822.5534366402144,2745.020902736428,2809.63134765625,386500,0.0,0.0
2014-06-13 00:00:00+09:00,2809.631436894949,2855.781756160635,2789.3252964180474,2848.397705078125,465500,0.0,0.0
2014-06-16 00:00:00+09:00,2848.3976814768225,2933.314268222081,2839.167617700164,2883.471923828125,521000,0.0,0.0
2014-06-17 00:00:00+09:00,2881.6254700479626,2916.69970703125,2861.3193328471125,2916.69970703125,440500,0.0,0.0
2014-06-18 00:00:00+09:00,2953.6201584507044,3062.534901793574,2953.6201584507044,3014.53857421875,663000,0.0,0.0
2014-06-19 00:00:00+09:00,3014.53857421875,3025.61464981294,2973.9262970400528,3014.53857421875,383000,0.0,0.0
2014-06-20 00:00:00+09:00,3014.53913538925,3014.53913538925,2900.0863329433632,2937.006591796875,407500,0.0,0.0
2014-06-23 00:00:00+09:00,2959.1584294906074,2975.772544191428,2942.5443147897868,2966.54248046875,304500,0.0,0.0
2014-06-24 00:00:00+09:00,2966.542233016723,3003.462484827759,2959.158182654516,2994.232421875,153500,0.0,0.0
2014-06-25 00:00:00+09:00,2970.2345536320845,3007.1548091153923,2962.850502535423,2972.08056640625,213000,0.0,0.0
2014-06-26 00:00:00+09:00,2994.232725864518,3001.616776976391,2925.9302530796926,2944.390380859375,172000,0.0,0.0
2014-06-27 00:00:00+09:00,2927.7758643353172,2927.7758643353172,2866.857451016865,2907.4697265625,355000,0.0,0.0
2014-06-30 00:00:00+09:00,2935.160005310172,2994.232407932767,2935.160005310172,2973.92626953125,321000,0.0,0.0
2014-07-01 00:00:00+09:00,2935.1600392818154,2977.618329158219,2935.1600392818154,2959.158203125,251500,0.0,0.0
2014-07-02 00:00:00+09:00,2981.3101539518548,3047.7666032040324,2968.3880665972647,3020.076416015625,308000,0.0,0.0
2014-07-03 00:00:00+09:00,2992.386453619236,3042.2287943025917,2992.386453619236,3027.460693359375,213500,0.0,0.0
2014-07-04 00:00:00+09:00,3027.4604659325337,3047.7666032040324,3010.846353619489,3020.076416015625,162000,0.0,0.0
2014-07-07 00:00:00+09:00,2999.770442498126,3040.3827192581007,2992.386392178131,3001.616455078125,213500,0.0,0.0
2014-07-08 00:00:00+09:00,2962.8502078356196,3025.6146359143804,2959.158182654516,2994.232421875,180000,0.0,0.0
2014-07-09 00:00:00+09:00,2957.312204126975,2992.386443751452,2957.312204126975,2979.46435546875,128500,0.0,0.0
2014-07-10 00:00:00+09:00,2979.464509033663,2988.6945725684636,2940.6982421875,2940.6982421875,140500,0.0,0.0
2014-07-11 00:00:00+09:00,2927.776206280143,2937.006269982161,2898.2400024336853,2918.546142578125,160500,0.0,0.0
2014-07-14 00:00:00+09:00,2916.6995931608444,2929.6216799659874,2881.625357546885,2913.007568359375,165500,0.0,0.0
2014-07-15 00:00:00+09:00,2925.9301103589514,2948.0822626140352,2900.085932728021,2927.776123046875,189500,0.0,0.0
2014-07-16 00:00:00+09:00,2925.9301935397393,2935.1602572417573,2903.778040654896,2918.546142578125,120000,0.0,0.0
2014-07-17 00:00:00+09:00,2916.7000644457175,2946.2362676299776,2905.6239882516197,2920.39208984375,152500,0.0,0.0
2014-07-18 00:00:00+09:00,2918.546178275737,2918.546178275737,2874.241871964151,2903.778076171875,157000,0.0,0.0
2014-07-22 00:00:00+09:00,2959.157957777252,2999.7702316831155,2937.0058083740537,2986.84814453125,243500,0.0,0.0
2014-07-23 00:00:00+09:00,2992.3866489123957,3130.837604290822,2986.8486106972587,3097.609375,415000,0.0,0.0
2014-07-24 00:00:00+09:00,3036.691140440089,3127.1457701553254,3036.691140440089,3119.76171875,227500,0.0,0.0
2014-07-25 00:00:00+09:00,3138.221691950271,3243.4444192686037,3138.221691950271,3234.21435546875,287500,0.0,0.0
2014-07-28 00:00:00+09:00,3267.4424885228736,3320.9768569788985,3193.601980307668,3223.13818359375,339000,0.0,0.0
2014-07-29 00:00:00+09:00,3274.8266361881065,3278.518661708048,3221.2922661489547,3234.21435546875,214500,0.0,0.0
2014-07-30 00:00:00+09:00,3261.904427728842,3265.5964531139343,3212.0620850300993,3258.21240234375,229500,0.0,0.0
2014-07-31 00:00:00+09:00,3322.822630127333,3605.2625536881565,3322.822630127333,3560.958251953125,1000000,0.0,0.0
2014-08-01 00:00:00+09:00,3507.424210798346,3647.72117923028,3503.7321853132953,3627.4150390625,532500,0.0,0.0
2014-08-04 00:00:00+09:00,3627.4153333882364,3939.391512188548,3627.4153333882364,3852.62890625,1010500,0.0,0.0
2014-08-05 00:00:00+09:00,3784.326087019768,3887.7027996407955,3714.177603455499,3717.86962890625,630000,0.0,0.0
2014-08-06 00:00:00+09:00,3693.871013677761,3784.3256262066016,3642.1826636612805,3675.410888671875,617000,0.0,0.0
2014-08-07 00:00:00+09:00,3658.7968266406647,3752.9434654694605,3610.800500963239,3653.2587890625,577500,0.0,0.0
2014-08-08 00:00:00+09:00,3584.956121375834,3605.262258005666,3440.9671525461144,3527.729736328125,788500,0.0,0.0
2014-08-11 00:00:00+09:00,3599.7250182889798,3666.181480165084,3577.572864330278,3656.951416015625,350500,0.0,0.0
2014-08-12 00:00:00+09:00,3697.5631700672056,3752.9435470527355,3642.1827930816758,3671.718994140625,344500,0.0,0.0
2014-08-13 00:00:00+09:00,3692.0252426314805,3728.945495057795,3653.2589775838496,3703.101318359375,303000,0.0,0.0
2014-08-14 00:00:00+09:00,3717.869861955114,3747.406067412553,3690.1796693387655,3697.563720703125,209500,0.0,0.0
2014-08-15 00:00:00+09:00,3710.4848466662966,3710.4848466662966,3634.79833984375,3634.79833984375,251000,0.0,0.0
2014-08-18 00:00:00+09:00,3708.63916015625,3719.715235298578,3634.798659207395,3708.63916015625,364000,0.0,0.0
2014-08-19 00:00:00+09:00,3765.8661042542017,3771.4041426428107,3677.2574900364557,3734.48388671875,289500,0.0,0.0
2014-08-20 00:00:00+09:00,3741.8677890076315,3756.6358907896056,3710.485572720937,3745.559814453125,157000,0.0,0.0
2014-08-21 00:00:00+09:00,3765.8655583079267,3784.32568359375,3719.7152450933686,3784.32568359375,288000,0.0,0.0
2014-08-22 00:00:00+09:00,3767.711896513027,3795.402086835269,3745.559744255234,3775.095947265625,236500,0.0,0.0
2014-08-25 00:00:00+09:00,3760.3278933763504,3795.4021348953247,3751.0978298187256,3780.634033203125,276500,0.0,0.0
2014-08-26 00:00:00+09:00,3784.325603410309,3802.785728304994,3758.481428557751,3765.865478515625,178000,0.0,0.0
2014-08-27 00:00:00+09:00,3775.0960250817366,3819.4003305105684,3752.9438723673206,3793.55615234375,343500,0.0,0.0
2014-08-28 00:00:00+09:00,3812.015809706094,3813.8618222047407,3682.7949348008024,3730.791259765625,337000,0.0,0.0
2014-08-29 00:00:00+09:00,3728.945990134412,3780.634350393701,3695.717758539155,3751.09814453125,208500,0.0,0.0
2014-09-01 00:00:00+09:00,3780.6341948310137,3780.6341948310137,3695.7176064705513,3714.177734375,152500,0.0,0.0
2014-09-02 00:00:00+09:00,3693.8714688154623,3704.9475451837247,3675.4113415350253,3690.179443359375,189000,0.0,0.0
2014-09-03 00:00:00+09:00,3692.025120988283,3699.4091712302597,3599.724492963576,3623.72265625,300000,0.0,0.0
2014-09-04 00:00:00+09:00,3599.7246006792193,3599.7246006792193,3407.7392886429943,3420.661376953125,894000,0.0,0.0
2014-09-05 00:00:00+09:00,3481.5795919315374,3522.191867129042,3442.81332924301,3453.889404296875,411000,0.0,0.0
2014-09-08 00:00:00+09:00,3468.6575725709654,3472.3495976615145,3413.2771962127276,3424.353271484375,195000,0.0,0.0
2014-09-09 00:00:00+09:00,3437.275729241499,3437.275729241499,3367.127244971264,3372.665283203125,226500,0.0,0.0
2014-09-10 00:00:00+09:00,3343.129051081408,3448.351776598603,3330.206961982805,3435.4296875,299500,0.0,0.0
2014-09-11 00:00:00+09:00,3435.4296875,3450.1977893269745,3361.5891783651264,3435.4296875,312000,0.0,0.0
2014-09-12 00:00:00+09:00,3455.7361417185843,3488.9643738504938,3444.660064341281,3481.580322265625,301500,0.0,0.0
2014-09-16 00:00:00+09:00,3461.273675916499,3476.0417769337428,3380.049120321659,3385.587158203125,312000,0.0,0.0
2014-09-17 00:00:00+09:00,3380.0494906572276,3404.047657439611,3291.4408748453507,3333.899169921875,450000,0.0,0.0
2014-09-18 00:00:00+09:00,3285.903008702813,3322.823267227564,3188.0643236122237,3239.752685546875,981000,0.0,0.0
2014-09-19 00:00:00+09:00,3212.0618088229844,3230.5219341610477,3103.147069328412,3114.22314453125,830000,0.0,0.0
2014-09-22 00:00:00+09:00,3116.0692772308525,3206.523894875587,3116.0692772308525,3193.601806640625,431000,0.0,0.0
2014-09-24 00:00:00+09:00,3267.4423002860917,3320.976665658011,3236.060086102553,3276.67236328125,576500,0.0,0.0
2014-09-25 00:00:00+09:00,3278.5188351498637,3389.2796066076294,3278.5188351498637,3387.43359375,449500,0.0,0.0
2014-09-26 00:00:00+09:00,3331.9017423790874,3442.9651337917235,3313.391177143648,3396.688720703125,361400,10.0,0.0
2014-09-29 00:00:00+09:00,3387.4325548254924,3419.8260355410366,3359.6667142121687,3405.943115234375,320100,0.0,0.0
2014-09-30 00:00:00+09:00,3424.454413341029,3512.3795942241095,3419.8267722419196,3507.751953125,444500,0.0,0.0
2014-10-01 00:00:00+09:00,3554.0279032258068,3646.580713205645,3540.1449817288308,3586.42138671875,596800,0.0,0.0
2014-10-02 00:00:00+09:00,3586.4216270247057,3632.698035115347,3526.2622965068717,3535.517578125,456900,0.0,0.0
2014-10-03 00:00:00+09:00,3535.5175132751465,3563.2833576202393,3484.613465309143,3554.028076171875,297500,0.0,0.0
2014-10-06 00:00:00+09:00,3618.815430320809,3632.6983539665407,3554.0284533073927,3567.911376953125,196200,0.0,0.0
2014-10-07 00:00:00+09:00,3614.1878571392194,3614.1878571392194,3521.6350310921202,3549.40087890625,327300,0.0,0.0
2014-10-08 00:00:00+09:00,3526.262323943662,3678.974471830986,3512.3794014084506,3614.1875,594700,0.0,0.0
2014-10-09 00:00:00+09:00,3595.677046513496,3678.9745842705656,3544.7729956619537,3600.3046875,450200,0.0,0.0
2014-10-10 00:00:00+09:00,3447.592618194131,3493.8690291766025,3410.5714894081534,3456.847900390625,650100,0.0,0.0
2014-10-14 00:00:00+09:00,3392.060880035608,3447.59257247821,3364.2950338143073,3401.316162109375,360300,0.0,0.0
2014-10-15 00:00:00+09:00,3401.315983095182,3447.5923910284496,3364.294856748568,3382.805419921875,511900,0.0,0.0
2014-10-16 00:00:00+09:00,3392.06103515625,3475.358577629391,3368.922828913711,3392.06103515625,518700,0.0,0.0
2014-10-17 00:00:00+09:00,3410.570927372685,3442.964409722222,3350.411603009259,3373.5498046875,673300,0.0,0.0
2014-10-20 00:00:00+09:00,3438.3369784839097,3456.8475409521943,3405.9434941644113,3419.826416015625,350300,0.0,0.0
2014-10-21 00:00:00+09:00,3433.7102305853546,3503.1248578882933,3401.3167378439834,3410.572021484375,267200,0.0,0.0
2014-10-22 00:00:00+09:00,3456.84768437091,3544.7728597431283,3433.709480325589,3535.517578125,291600,0.0,0.0
2014-10-23 00:00:00+09:00,3530.890247866982,3554.0284539473687,3498.496759354441,3517.00732421875,271000,0.0,0.0
2014-10-24 00:00:00+09:00,3535.517821607564,3540.145462735323,3419.8267934135993,3433.709716796875,288900,0.0,0.0
2014-10-27 00:00:00+09:00,3438.3374476413283,3442.9650888898364,3378.1781114107266,3392.06103515625,242300,0.0,0.0
2014-10-28 00:00:00+09:00,3336.528763495551,3355.039325290256,3299.5076399061413,3331.901123046875,390600,0.0,0.0
2014-10-29 00:00:00+09:00,3350.4123609352387,3364.2952850827605,3183.8172711649786,3197.7001953125,638500,0.0,0.0
2014-10-30 00:00:00+09:00,3225.4655255617017,3234.720806840214,3137.5403534158304,3169.933837890625,996600,0.0,0.0
2014-10-31 00:00:00+09:00,3419.826264197085,3470.7303087250525,3211.5824456735822,3304.13525390625,1155100,0.0,0.0
2014-11-04 00:00:00+09:00,3368.9222196691176,3368.9222196691176,3285.6246922597165,3304.13525390625,413200,0.0,0.0
2014-11-05 00:00:00+09:00,3313.390937013745,3350.412064801608,3304.1356550667792,3345.784423828125,339100,0.0,0.0
2014-11-06 00:00:00+09:00,3350.411603009259,3461.474971064815,3345.7839626736113,3373.5498046875,378300,0.0,0.0
2014-11-07 00:00:00+09:00,3415.198395438816,3429.081315745478,3382.804914723272,3405.943115234375,221500,0.0,0.0
2014-11-10 00:00:00+09:00,3419.826416015625,3419.826416015625,3419.826416015625,3419.826416015625,213000,0.0,0.0
2014-11-11 00:00:00+09:00,3484.6139818811234,3665.091996878951,3470.7310576505215,3660.46435546875,710000,0.0,0.0
2014-11-12 00:00:00+09:00,3702.1124714176826,3803.920564381669,3678.9742684713224,3794.665283203125,792700,0.0,0.0
2014-11-13 00:00:00+09:00,3850.1966985887093,4026.0470285723286,3845.5690583259825,4016.791748046875,827800,0.0,0.0
2014-11-14 00:00:00+09:00,4021.4201886265387,4039.9307533612982,3896.4738766669107,3947.3779296875,500400,0.0,0.0
2014-11-17 00:00:00+09:00,3882.5908407811553,3882.5908407811553,3771.527455585985,3808.548583984375,393700,0.0,0.0
2014-11-18 00:00:00+09:00,3859.453632652968,3970.517046542262,3845.570705916806,3965.889404296875,292800,0.0,0.0
2014-11-19 00:00:00+09:00,3965.888516983896,3965.888516983896,3914.9844636737175,3924.23974609375,232000,0.0,0.0
2014-11-20 00:00:00+09:00,4007.53674302613,4201.897647422316,3993.653821283545,4095.4619140625,572000,0.0,0.0
2014-11-21 00:00:00+09:00,4146.365869195923,4155.621150153949,4026.047216741577,4086.20654296875,265900,0.0,0.0
2014-11-25 00:00:00+09:00,4118.601486223453,4118.601486223453,4026.0486438364096,4058.442138671875,253000,0.0,0.0
2014-11-26 00:00:00+09:00,4049.1861250879583,4113.973103089365,4002.9097122298103,4007.537353515625,284000,0.0,0.0
2014-11-27 00:00:00+09:00,4053.8133383483178,4053.8133383483178,3947.3776000126886,3989.0263671875,212800,0.0,0.0
2014-11-28 00:00:00+09:00,4026.047829522027,4026.047829522027,3965.8884941383644,3998.281982421875,308900,0.0,0.0
2014-12-01 00:00:00+09:00,3984.3990367542615,4086.2071422230115,3984.3990367542615,4072.32421875,160600,0.0,0.0
2014-12-02 00:00:00+09:00,4090.8351170546343,4113.973324730283,4072.3245509141157,4081.579833984375,184200,0.0,0.0
2014-12-03 00:00:00+09:00,4072.3241748595506,4118.6005859375,4030.675404889396,4118.6005859375,318700,0.0,0.0
2014-12-04 00:00:00+09:00,4118.599797902726,4132.482718569814,4035.3022739001995,4063.068115234375,259800,0.0,0.0
2014-12-05 00:00:00+09:00,4063.068980127172,4132.483598238684,4021.4202092602645,4127.85595703125,227900,0.0,0.0
2014-12-08 00:00:00+09:00,4127.855288393863,4146.365850225226,4058.440681526253,4109.3447265625,752300,0.0,0.0
2014-12-09 00:00:00+09:00,4044.5580567539155,4076.951542334324,3970.515803998695,3989.0263671875,801400,0.0,0.0
2014-12-10 00:00:00+09:00,3965.888516983896,3979.7714406139444,3901.101540043669,3924.23974609375,358800,0.0,0.0
2014-12-11 00:00:00+09:00,3868.7079857498516,3928.867320456488,3850.1974212247324,3891.84619140625,556700,0.0,0.0
2014-12-12 00:00:00+09:00,3868.7082959976105,3938.122918533453,3845.5700884856633,3873.3359375,241600,0.0,0.0
2014-12-15 00:00:00+09:00,3780.783178770339,3813.1766698981146,3753.017329232246,3803.92138671875,258500,0.0,0.0
2014-12-16 00:00:00+09:00,3748.3889808370814,3790.0377472908267,3729.87841796875,3729.87841796875,199400,0.0,0.0
2014-12-17 00:00:00+09:00,3702.1129480840546,3771.5275658606306,3678.974742158529,3743.76171875,224300,0.0,0.0
2014-12-18 00:00:00+09:00,3808.5488696435254,3887.2187733907185,3808.5488696435254,3864.08056640625,184800,0.0,0.0
2014-12-19 00:00:00+09:00,3961.2605101213812,3961.2605101213812,3827.058927418671,3836.314208984375,256400,0.0,0.0
2014-12-22 00:00:00+09:00,3864.079892042206,3864.079892042206,3776.1547208460365,3794.665283203125,150300,0.0,0.0
2014-12-24 00:00:00+09:00,3859.4527471973915,3952.00557087119,3836.3145412789418,3947.3779296875,173800,0.0,0.0
2014-12-25 00:00:00+09:00,3942.7503542877907,3979.771484375,3914.9845067223837,3979.771484375,110900,0.0,0.0
2014-12-26 00:00:00+09:00,3933.4953173310514,3947.378241980455,3905.729468032244,3928.86767578125,116000,0.0,0.0
2014-12-29 00:00:00+09:00,3933.4943662052265,3970.515489651864,3905.7285236202483,3956.632568359375,83800,0.0,0.0
2014-12-30 00:00:00+09:00,3975.1429021139706,3975.1429021139706,3928.8665004595587,3933.494140625,85300,0.0,0.0
2015-01-05 00:00:00+09:00,3896.4736774123294,3924.2395230946026,3864.080190783011,3901.101318359375,111600,0.0,0.0
2015-01-06 00:00:00+09:00,3840.9418001023178,3877.9629258864366,3776.15482998011,3780.782470703125,165600,0.0,0.0
2015-01-07 00:00:00+09:00,3762.2719839109595,3914.984130859375,3762.2719839109595,3914.984130859375,168000,0.0,0.0
2015-01-08 00:00:00+09:00,3952.0051183624787,4178.75951039967,3952.0051183624787,4076.951416015625,541300,0.0,0.0
2015-01-09 00:00:00+09:00,4076.9522750087294,4146.366899441341,4012.1652922049584,4141.7392578125,302600,0.0,0.0
2015-01-13 00:00:00+09:00,4104.7169598170685,4155.621003287179,4058.440556662423,4146.36572265625,213200,0.0,0.0
2015-01-14 00:00:00+09:00,4113.972616057772,4192.64250860331,4113.972616057772,4160.2490234375,241600,0.0,0.0
2015-01-15 00:00:00+09:00,4155.622258399075,4262.058017801279,4155.622258399075,4252.802734375,237000,0.0,0.0
2015-01-16 00:00:00+09:00,4155.621519458516,4248.174337263828,4109.34511055586,4225.0361328125,219400,0.0,0.0
2015-01-19 00:00:00+09:00,4243.547140036735,4289.823553777594,4201.898367669962,4271.31298828125,164200,0.0,0.0
2015-01-20 00:00:00+09:00,4285.194789788662,4331.47119140625,4275.9395094651445,4331.47119140625,169100,0.0,0.0
2015-01-21 00:00:00+09:00,4340.726471729768,4354.609392215044,4294.45007011218,4331.47119140625,152000,0.0,0.0
2015-01-22 00:00:00+09:00,4349.982214052815,4525.832558876226,4312.9610888268335,4479.55615234375,323400,0.0,0.0
2015-01-23 00:00:00+09:00,4451.790678516047,4493.439447857672,4257.429754921791,4289.8232421875,351300,0.0,0.0
2015-01-26 00:00:00+09:00,4257.429390195561,4377.748046875,4229.663546346459,4377.748046875,193700,0.0,0.0
2015-01-27 00:00:00+09:00,4424.0244840342675,4479.55617211838,4410.141562013239,4456.41796875,138200,0.0,0.0
2015-01-28 00:00:00+09:00,4428.6520353351,4479.556081718262,4387.003270112513,4447.16259765625,183000,0.0,0.0
2015-01-29 00:00:00+09:00,4437.90724099691,4572.108815542177,4437.90724099691,4539.71533203125,192700,0.0,0.0
2015-01-30 00:00:00+09:00,4558.226225425186,4599.874992967143,4488.81161285526,4498.06689453125,198500,0.0,0.0
2015-02-02 00:00:00+09:00,4627.640858321291,4960.831000120424,4599.875013171363,4803.4912109375,633300,0.0,0.0
2015-02-03 00:00:00+09:00,4803.491167956756,4822.001731224412,4488.811592406602,4521.205078125,441900,0.0,0.0
2015-02-04 00:00:00+09:00,4521.20564172623,4567.4820556640625,4331.472344581117,4349.98291015625,481900,0.0,0.0
2015-02-05 00:00:00+09:00,4414.768841911765,4479.555806048835,4160.24862565899,4169.50390625,554500,0.0,0.0
2015-02-06 00:00:00+09:00,4183.387629756221,4188.01527093958,3970.516135321723,3998.281982421875,689300,0.0,0.0
2015-02-09 00:00:00+09:00,4063.0691831037834,4100.090314612702,3993.6545615245614,4021.42041015625,590900,0.0,0.0
2015-02-10 00:00:00+09:00,4035.303111607143,4100.090088169643,3989.026699776786,4049.18603515625,490900,0.0,0.0
2015-02-12 00:00:00+09:00,4086.206771629936,4188.014867865337,3998.281597608454,4160.2490234375,569100,0.0,0.0
2015-02-13 00:00:00+09:00,4160.248434241287,4326.843477214243,4150.993154076124,4299.07763671875,607600,0.0,0.0
2015-02-16 00:00:00+09:00,4363.865246102278,4391.63109072223,4225.036023002524,4238.9189453125,325700,0.0,0.0
2015-02-17 00:00:00+09:00,4345.353447245365,4484.182630863427,4178.758426903689,4461.04443359375,607400,0.0,0.0
2015-02-18 00:00:00+09:00,4516.577444632132,4646.151387715841,4493.439240510042,4623.01318359375,532800,0.0,0.0
2015-02-19 00:00:00+09:00,4599.874440450875,4720.1930877866125,4572.108598758013,4692.42724609375,360500,0.0,0.0
2015-02-20 00:00:00+09:00,4720.193758441797,4720.193758441797,4558.226325554088,4710.9384765625,317500,0.0,0.0
2015-02-23 00:00:00+09:00,4720.193668876107,4766.470077394501,4655.4066969503565,4701.68310546875,205500,0.0,0.0
2015-02-24 00:00:00+09:00,4729.449132527591,4877.533645483445,4710.938568408109,4822.001953125,414600,0.0,0.0
2015-02-25 00:00:00+09:00,4822.001321399258,4859.02244478812,4747.9590746215345,4757.21435546875,172400,0.0,0.0
2015-02-26 00:00:00+09:00,4683.172285686167,4794.235660050266,4664.661723292151,4775.72509765625,291100,0.0,0.0
2015-02-27 00:00:00+09:00,4794.236679837165,4942.321210488505,4784.9813966714555,4831.2578125,280600,0.0,0.0
2015-03-02 00:00:00+09:00,4803.490941247274,4840.512066035308,4747.959254065225,4775.72509765625,193900,0.0,0.0
2015-03-03 00:00:00+09:00,4720.19305229187,4775.72473526001,4673.91664981842,4738.70361328125,263000,0.0,0.0
2015-03-04 00:00:00+09:00,4710.938247528381,4720.1935289577095,4544.343181800462,4636.89599609375,343900,0.0,0.0
2015-03-05 00:00:00+09:00,4623.012677318072,4664.661440176793,4562.853353188807,4646.15087890625,260500,0.0,0.0
2015-03-06 00:00:00+09:00,4623.012995830021,4738.704011741683,4604.502433284155,4729.44873046875,246500,0.0,0.0
2015-03-09 00:00:00+09:00,4692.427912803904,4794.236013476178,4636.896221528119,4710.9384765625,209200,0.0,0.0
2015-03-10 00:00:00+09:00,4757.214885958988,4794.236013476178,4664.662067166011,4710.9384765625,214700,0.0,0.0
2015-03-11 00:00:00+09:00,4646.151503407416,4738.704322200393,4627.640939648821,4710.9384765625,122300,0.0,0.0
2015-03-12 00:00:00+09:00,4701.6839703449905,4905.300205281191,4692.4286869388,4896.044921875,461100,0.0,0.0
2015-03-13 00:00:00+09:00,4859.022901237356,4886.788746387283,4794.2359292208575,4803.4912109375,301100,0.0,0.0
2015-03-16 00:00:00+09:00,4812.74693612834,4905.299761823116,4803.491653558862,4849.76806640625,245000,0.0,0.0
2015-03-17 00:00:00+09:00,4849.768201622596,4868.278767277644,4794.236504657452,4812.7470703125,195900,0.0,0.0
2015-03-18 00:00:00+09:00,4803.49103149178,4859.022719717118,4757.21462463733,4784.98046875,259600,0.0,0.0
2015-03-19 00:00:00+09:00,4757.214246529507,4775.72480780005,4618.385037000436,4646.15087890625,369400,0.0,0.0
2015-03-20 00:00:00+09:00,4683.17236328125,4710.938207332325,4623.0130345039215,4683.17236328125,285400,0.0,0.0
2015-03-23 00:00:00+09:00,4710.93784335315,4710.93784335315,4623.012677318072,4646.15087890625,288100,0.0,0.0
2015-03-24 00:00:00+09:00,4655.406325272566,4673.916887202079,4558.225875142622,4562.853515625,269600,0.0,0.0
2015-03-25 00:00:00+09:00,4562.854248798077,4581.364813701923,4474.929065504808,4511.9501953125,245900,0.0,0.0
2015-03-26 00:00:00+09:00,4530.460219528816,4530.460219528816,4400.886280665888,4456.41796875,289000,0.0,0.0
2015-03-27 00:00:00+09:00,4507.640896878199,4642.683857631781,4489.014281601842,4549.55078125,329600,30.0,0.0
2015-03-30 00:00:00+09:00,4582.147646011845,4693.907344695061,4582.147646011845,4619.40087890625,283300,0.0,0.0
2015-03-31 00:00:00+09:00,4665.967698085456,4665.967698085456,4516.954757627636,4526.26806640625,304900,0.0,0.0
2015-04-01 00:00:00+09:00,4489.01485527529,4512.298127346219,4377.255149334826,4419.1650390625,475500,0.0,0.0
2015-04-02 00:00:00+09:00,4405.194520377733,4740.473595924454,4395.881212723658,4684.59375,741200,0.0,0.0
2015-04-03 00:00:00+09:00,4861.548096149451,5113.007480433043,4777.728301388254,5094.380859375,1329500,0.0,0.0
2015-04-06 00:00:00+09:00,5085.066662057522,5355.152620298672,5075.753353152655,5262.01953125,753200,0.0,0.0
2015-04-07 00:00:00+09:00,5280.645394870924,5373.7784706182065,5159.572396399457,5355.15185546875,539600,0.0,0.0
2015-04-08 00:00:00+09:00,5438.971352025082,5681.1173368755135,5438.971352025082,5662.49072265625,1093700,0.0,0.0
2015-04-09 00:00:00+09:00,5643.8654152792005,5699.745270876025,5578.67225041624,5681.11865234375,497800,0.0,0.0
2015-04-10 00:00:00+09:00,5718.3707935123375,5904.636943138147,5718.3707935123375,5755.6240234375,488300,0.0,0.0
2015-04-13 00:00:00+09:00,5671.80500793457,5671.80500793457,5336.525894165039,5364.4658203125,707500,0.0,0.0
2015-04-14 00:00:00+09:00,5401.718918083046,5550.731853754302,5383.092301124139,5411.0322265625,485500,0.0,0.0
2015-04-15 00:00:00+09:00,5308.586173221983,5364.466027676951,5103.693373553766,5131.63330078125,596800,0.0,0.0
2015-04-16 00:00:00+09:00,5159.573842592593,5215.4537037037035,4917.427777777778,5029.1875,757200,0.0,0.0
2015-04-17 00:00:00+09:00,4926.740310668945,4926.740310668945,4703.220901489258,4768.4140625,1085200,0.0,0.0
2015-04-20 00:00:00+09:00,4777.727067814317,4973.306538426598,4712.533910943556,4805.6669921875,664100,0.0,0.0
2015-04-21 00:00:00+09:00,4908.114304919411,5038.500643190515,4833.607825907351,5019.8740234375,574500,0.0,0.0
2015-04-22 00:00:00+09:00,5029.186130228025,5038.499437876595,4842.919977256616,4926.73974609375,620800,0.0,0.0
2015-04-23 00:00:00+09:00,4936.052958566391,4963.99288097337,4740.473501717534,4787.0400390625,736600,0.0,0.0
2015-04-24 00:00:00+09:00,4768.413759689922,4824.293608436288,4731.1605271923445,4805.6669921875,317100,0.0,0.0
2015-04-27 00:00:00+09:00,4814.981424290607,4833.608044887475,4712.535011007828,4759.1015625,268200,0.0,0.0
2015-04-28 00:00:00+09:00,4796.35330800935,4796.35330800935,4703.220234067421,4731.16015625,338400,0.0,0.0
2015-04-30 00:00:00+09:00,4703.220499184236,4703.220499184236,4600.774112073293,4638.02734375,312300,0.0,0.0
2015-05-01 00:00:00+09:00,4638.02775621118,4642.684410584886,4479.701507505176,4498.328125,606200,0.0,0.0
2015-05-07 00:00:00+09:00,4563.521316621933,4610.087860669095,4526.268081384203,4554.2080078125,368600,0.0,0.0
2015-05-08 00:00:00+09:00,4554.20855422247,4721.848132905506,4512.298659551711,4693.908203125,419300,0.0,0.0
2015-05-11 00:00:00+09:00,4842.919883876459,4870.859806283439,4693.906964372568,4787.0400390625,474300,0.0,0.0
2015-05-12 00:00:00+09:00,4759.100078432579,4824.293230191929,4703.220234067421,4731.16015625,323400,0.0,0.0
2015-05-13 00:00:00+09:00,4721.847796314741,4749.787724103586,4619.401394422311,4675.28125,248200,0.0,0.0
2015-05-14 00:00:00+09:00,4642.684098073344,4651.997406193853,4526.267746566992,4535.5810546875,341800,0.0,0.0
2015-05-15 00:00:00+09:00,4614.744962605999,4675.281475738066,4568.178414042871,4633.37158203125,304200,0.0,0.0
2015-05-18 00:00:00+09:00,4684.594051476681,4926.740066065932,4684.594051476681,4917.4267578125,721000,0.0,0.0
2015-05-19 00:00:00+09:00,4954.680400659404,5113.006654063934,4954.680400659404,5075.75341796875,717900,0.0,0.0
2015-05-20 00:00:00+09:00,5113.00634765625,5187.51281538166,4963.99341220543,5113.00634765625,627700,0.0,0.0
2015-05-21 00:00:00+09:00,5168.885820709624,5168.885820709624,5001.246280578501,5038.49951171875,419200,0.0,0.0
2015-05-22 00:00:00+09:00,4973.306728891226,4982.620037372296,4749.787325345553,4842.92041015625,721200,0.0,0.0
2015-05-25 00:00:00+09:00,4852.233702550774,4870.860319451161,4731.1606926982595,4814.98046875,513800,0.0,0.0
2015-05-26 00:00:00+09:00,4814.980590580489,4814.980590580489,4703.22088635038,4740.47412109375,447700,0.0,0.0
2015-05-27 00:00:00+09:00,4805.667686549429,4908.114090720057,4787.041067609315,4898.80078125,440100,0.0,0.0
2015-05-28 00:00:00+09:00,4908.114166259766,5075.753739300896,4880.174237419577,5066.4404296875,517900,0.0,0.0
2015-05-29 00:00:00+09:00,5066.4404296875,5140.94690659467,4973.307333553539,5066.4404296875,401400,0.0,0.0
2015-06-01 00:00:00+09:00,5029.186928439183,5187.51318359375,5010.560310185704,5187.51318359375,444300,0.0,0.0
2015-06-02 00:00:00+09:00,5187.5131694917645,5206.139787694608,5085.066769376128,5159.5732421875,231600,0.0,0.0
2015-06-03 00:00:00+09:00,5131.633912037037,5131.633912037037,5010.560879629629,5029.1875,245800,0.0,0.0
2015-06-04 00:00:00+09:00,5038.49949356703,5038.49949356703,4982.619647057969,5010.5595703125,178300,0.0,0.0
2015-06-05 00:00:00+09:00,4982.621133026737,5122.320790962066,4973.307822497714,5094.380859375,276900,0.0,0.0
2015-06-08 00:00:00+09:00,5066.440572820037,5066.440572820037,4982.62078393147,5019.8740234375,157300,0.0,0.0
2015-06-09 00:00:00+09:00,4991.932218008668,5178.198345546305,4991.932218008668,5103.69189453125,607100,0.0,0.0
2015-06-10 00:00:00+09:00,5085.066796875,5234.079743303571,5029.186941964286,5215.453125,626300,0.0,0.0
2015-06-11 00:00:00+09:00,5243.393967912004,5550.733223580025,5243.393967912004,5513.47998046875,1045100,0.0,0.0
2015-06-12 00:00:00+09:00,5578.672718833659,5662.492509266886,5494.852928400433,5653.17919921875,1174600,0.0,0.0
2015-06-15 00:00:00+09:00,5587.984432727832,5718.370736158149,5569.357817952074,5671.80419921875,769300,0.0,0.0
2015-06-16 00:00:00+09:00,5662.49199251248,5662.49199251248,5550.732282133944,5597.298828125,416200,0.0,0.0
2015-06-17 00:00:00+09:00,5597.297701758137,5699.744082322762,5522.791243165682,5615.92431640625,475300,0.0,0.0
2015-06-18 00:00:00+09:00,5569.359040740353,5597.298969038381,5504.165874711619,5550.732421875,402100,0.0,0.0
2015-06-19 00:00:00+09:00,5671.805444499791,5718.371991663171,5522.7924935769715,5550.732421875,769500,0.0,0.0
2015-06-22 00:00:00+09:00,5560.044506459048,5560.044506459048,5345.838436695969,5429.658203125,793000,0.0,0.0
2015-06-23 00:00:00+09:00,5522.792189127604,5625.2385872395835,5476.22564453125,5587.9853515625,776100,0.0,0.0
2015-06-24 00:00:00+09:00,5587.985698605372,5653.178865089101,5569.359079610021,5634.55224609375,325800,0.0,0.0
2015-06-25 00:00:00+09:00,5643.86568585113,5643.86568585113,5560.0458984375,5560.0458984375,139400,0.0,0.0
2015-06-26 00:00:00+09:00,5550.732434917571,5578.67236328125,5494.852578190213,5578.67236328125,238700,0.0,0.0
2015-06-29 00:00:00+09:00,5401.720251134923,5587.9864666913,5392.406940357105,5513.47998046875,270500,0.0,0.0
2015-06-30 00:00:00+09:00,5513.477808902138,5709.05725820441,5513.477808902138,5662.49072265625,500900,0.0,0.0
2015-07-01 00:00:00+09:00,5671.80419921875,5690.43081399451,5569.357817952074,5671.80419921875,213600,0.0,0.0
2015-07-02 00:00:00+09:00,5718.371861742033,5718.371861742033,5597.298841868015,5625.23876953125,248400,0.0,0.0
2015-07-03 00:00:00+09:00,5643.865374116057,5662.49199251248,5569.358900530367,5597.298828125,162000,0.0,0.0
2015-07-06 00:00:00+09:00,5550.731295072115,5634.551062950721,5513.478064903846,5569.35791015625,172700,0.0,0.0
2015-07-07 00:00:00+09:00,5625.237623730307,5643.864238378421,5597.297701758137,5615.92431640625,186200,0.0,0.0
2015-07-08 00:00:00+09:00,5569.359000678769,5587.985619410137,5457.599288290567,5466.91259765625,316600,0.0,0.0
2015-07-09 00:00:00+09:00,5411.032780384858,5587.985659605704,5336.526304923448,5550.732421875,425300,0.0,0.0
2015-07-10 00:00:00+09:00,5560.045731307676,5699.745372797819,5494.852565278943,5550.732421875,318300,0.0,0.0
2015-07-13 00:00:00+09:00,5587.985612188504,5802.191727322397,5560.045684127562,5792.87841796875,453300,0.0,0.0
2015-07-14 00:00:00+09:00,5867.384244478666,5867.384244478666,5755.624544583834,5811.50439453125,321100,0.0,0.0
2015-07-15 00:00:00+09:00,5811.504443127962,5904.6375271524485,5783.564517920616,5895.32421875,270100,0.0,0.0
2015-07-16 00:00:00+09:00,5913.950214445778,6007.083288689018,5904.636907021454,5941.89013671875,246000,0.0,0.0
2015-07-17 00:00:00+09:00,5941.890760762243,6007.083919579383,5867.384293542654,5895.32421875,244600,0.0,0.0
2015-07-21 00:00:00+09:00,5941.890456362834,5960.517072213501,5895.323916736165,5932.5771484375,236100,0.0,0.0
2015-07-22 00:00:00+09:00,5923.264143957345,5932.577452359795,5867.384293542654,5895.32421875,120800,0.0,0.0
2015-07-23 00:00:00+09:00,5904.637606397087,6044.33723430869,5876.6976808147665,6035.02392578125,218100,0.0,0.0
2015-07-24 00:00:00+09:00,6016.397040926577,6146.783354507029,5969.83050036213,6128.15673828125,260700,0.0,0.0
2015-07-27 00:00:00+09:00,6100.217551353193,6202.663952978972,5960.517912772585,5979.14453125,265600,0.0,0.0
2015-07-28 00:00:00+09:00,5886.011302163833,6053.650864567233,5867.384684119011,6025.7109375,233900,0.0,0.0
2015-07-29 00:00:00+09:00,6044.337115031917,6146.783506812119,6044.337115031917,6109.5302734375,232700,0.0,0.0
2015-07-30 00:00:00+09:00,6174.724667907137,6174.724667907137,5839.445500418967,5904.638671875,360700,0.0,0.0
2015-07-31 00:00:00+09:00,6146.783633961397,6491.376049804688,6053.650548598345,6333.0498046875,789400,0.0,0.0
2015-08-03 00:00:00+09:00,6333.049820415446,6454.122831688094,6333.049820415446,6360.98974609375,460900,0.0,0.0
2015-08-04 00:00:00+09:00,6426.183286991175,6798.715651454431,6416.8699778795935,6463.4365234375,548400,0.0,0.0
2015-08-05 00:00:00+09:00,6463.4357802129425,6528.628936497511,6230.603079196626,6314.4228515625,477300,0.0,0.0
2015-08-06 00:00:00+09:00,6360.98974609375,6482.062757366398,6239.916734821101,6360.98974609375,357300,0.0,0.0
2015-08-07 00:00:00+09:00,6314.423139728484,6314.423139728484,6174.7235127433405,6249.22998046875,351000,0.0,0.0
2015-08-10 00:00:00+09:00,6211.976928530093,6333.04994212963,6184.037002314815,6286.4833984375,299800,0.0,0.0
2015-08-11 00:00:00+09:00,6314.4235906226395,6314.4235906226395,6128.157408008402,6165.41064453125,303700,0.0,0.0
2015-08-12 00:00:00+09:00,6156.096952704973,6156.096952704973,5979.144090221774,6062.9638671875,216800,0.0,0.0
2015-08-13 00:00:00+09:00,6100.217358034049,6277.170227961754,6053.6508133162315,6239.9169921875,328200,0.0,0.0
2015-08-14 00:00:00+09:00,6239.916317684872,6314.422781179617,6184.036470063814,6202.6630859375,150700,0.0,0.0
2015-08-17 00:00:00+09:00,6202.66345395957,6295.796538853858,6193.350145470141,6277.169921875,141000,0.0,0.0
2015-08-18 00:00:00+09:00,6295.79649024906,6333.049723919173,6156.096863986138,6193.35009765625,145600,0.0,0.0
2015-08-19 00:00:00+09:00,6156.096556854248,6156.096556854248,5886.010626220703,5960.51708984375,416900,0.0,0.0
2015-08-20 00:00:00+09:00,5904.637988125498,6044.3376250685305,5820.818205959679,5839.44482421875,240300,0.0,0.0
2015-08-21 00:00:00+09:00,5718.371749555386,5764.938294747205,5662.491895325203,5727.68505859375,331900,0.0,0.0
2015-08-24 00:00:00+09:00,5541.41877761995,5746.311572758838,5504.165542140151,5532.10546875,393500,0.0,0.0
2015-08-25 00:00:00+09:00,5504.165327516321,5718.3714231726235,5373.779008421179,5438.97216796875,541100,0.0,0.0
2015-08-26 00:00:00+09:00,5448.285717773438,5625.2385872395835,5392.405864257812,5587.9853515625,429700,0.0,0.0
2015-08-27 00:00:00+09:00,5625.238014047231,5858.070713304153,5587.984782166123,5718.37109375,369500,0.0,0.0
2015-08-28 00:00:00+09:00,5792.878377345025,5802.19168663336,5606.612191578303,5709.05859375,416000,0.0,0.0
2015-08-31 00:00:00+09:00,5774.250407971834,5802.19032930073,5643.864108436986,5662.49072265625,257100,0.0,0.0
2015-09-01 00:00:00+09:00,5709.058274940936,5709.058274940936,5411.032394356744,5420.345703125,434200,0.0,0.0
2015-09-02 00:00:00+09:00,5299.272935415746,5429.659264230896,5234.0797710081715,5271.3330078125,367600,0.0,0.0
2015-09-03 00:00:00+09:00,5392.40504774687,5448.284892801242,5280.645357638126,5299.27197265625,165900,0.0,0.0
2015-09-04 00:00:00+09:00,5308.585029437388,5308.585029437388,5085.065659776866,5178.19873046875,359800,0.0,0.0
2015-09-07 00:00:00+09:00,5150.259259588068,5224.76572265625,5047.812872869318,5122.3193359375,265600,0.0,0.0
2015-09-08 00:00:00+09:00,5113.006548932491,5113.006548932491,4861.5472104604005,4880.173828125,325700,0.0,0.0
2015-09-09 00:00:00+09:00,5038.500500847312,5066.4404296875,4889.487547032973,5066.4404296875,322200,0.0,0.0
2015-09-10 00:00:00+09:00,4973.306712403289,4973.306712403289,4768.413926499033,4814.98046875,562200,0.0,0.0
2015-09-11 00:00:00+09:00,4898.799859448014,5057.126090646904,4852.233320860105,4982.61962890625,453700,0.0,0.0
2015-09-14 00:00:00+09:00,4889.48779296875,5019.874134114583,4805.668002232143,4889.48779296875,262600,0.0,0.0
2015-09-15 00:00:00+09:00,4945.3664338681265,5085.066050644062,4917.426510512939,5038.49951171875,300300,0.0,0.0
2015-09-16 00:00:00+09:00,5066.44068452381,5122.320545014882,4824.294622395833,4889.48779296875,261700,0.0,0.0
2015-09-17 00:00:00+09:00,4917.426641208022,5019.873029566523,4870.8601010450675,4991.93310546875,243200,0.0,0.0
2015-09-18 00:00:00+09:00,4973.306728891226,4973.306728891226,4814.980484713041,4842.92041015625,399800,0.0,0.0
2015-09-24 00:00:00+09:00,4889.486665381878,5047.81290026091,4852.233433645635,4908.11328125,267100,0.0,0.0
2015-09-25 00:00:00+09:00,5001.246751644737,5336.525863486842,4973.3068256578945,5308.5859375,749800,0.0,0.0
2015-09-28 00:00:00+09:00,5308.585906333112,5364.465757978724,5187.512894434286,5252.7060546875,364700,0.0,0.0
2015-09-29 00:00:00+09:00,5122.320601851852,5140.947222222222,5001.247569444445,5029.1875,308300,0.0,0.0
2015-09-30 00:00:00+09:00,5113.006849206013,5215.453252377718,5057.126992930537,5140.94677734375,252900,0.0,0.0
2015-10-01 00:00:00+09:00,5150.259495032194,5308.585736289964,5010.559870392984,5243.392578125,289900,0.0,0.0
2015-10-02 00:00:00+09:00,5215.452835648148,5355.152465174438,5178.199601107804,5280.64599609375,194500,0.0,0.0
2015-10-05 00:00:00+09:00,5308.586438563482,5345.83967672884,5224.766652691427,5336.5263671875,136200,0.0,0.0
2015-10-06 00:00:00+09:00,5355.1521581860225,5429.6586229955665,5289.95900147767,5317.89892578125,315700,0.0,0.0
2015-10-07 00:00:00+09:00,5262.01993156882,5262.01993156882,4982.620643166935,5066.4404296875,521800,0.0,0.0
2015-10-08 00:00:00+09:00,5066.440486245174,5094.380415397261,4796.354504441662,4824.29443359375,618300,0.0,0.0
2015-10-09 00:00:00+09:00,4842.919977256616,4936.05305374232,4796.353439013764,4926.73974609375,338200,0.0,0.0
2015-10-13 00:00:00+09:00,4852.233468061093,4991.933088062852,4842.920160060976,4963.9931640625,321500,0.0,0.0
2015-10-14 00:00:00+09:00,4917.426790730337,5001.246565572332,4898.800174098783,4973.306640625,450500,0.0,0.0
2015-10-15 00:00:00+09:00,4926.73974609375,4936.05305374232,4852.233284905186,4926.73974609375,378400,0.0,0.0
2015-10-16 00:00:00+09:00,4991.933052656546,4991.933052656546,4880.173357447818,4908.11328125,269100,0.0,0.0
2015-10-19 00:00:00+09:00,4936.054398148148,5057.127430555555,4917.427777777778,5029.1875,359400,0.0,0.0
2015-10-20 00:00:00+09:00,5057.126785559848,5122.319948541282,5010.560240573109,5047.8134765625,216400,0.0,0.0
2015-10-21 00:00:00+09:00,5066.4404296875,5066.4404296875,4982.620643166935,5066.4404296875,191900,0.0,0.0
2015-10-22 00:00:00+09:00,5019.87388162052,5196.826764275046,5010.5605720071235,5066.4404296875,274600,0.0,0.0
2015-10-23 00:00:00+09:00,5159.573409346846,5187.513337556306,5113.006862331081,5168.88671875,213100,0.0,0.0
2015-10-26 00:00:00+09:00,5252.706347480925,5252.706347480925,5150.259947086793,5187.51318359375,133300,0.0,0.0
2015-10-27 00:00:00+09:00,5196.8261875417775,5271.33265618037,5187.512878961954,5224.76611328125,185800,0.0,0.0
2015-10-28 00:00:00+09:00,5243.392761553406,5289.959304728835,5168.886292472718,5280.64599609375,220700,0.0,0.0
2015-10-29 00:00:00+09:00,5299.272935415746,5345.839481421157,5234.0797710081715,5271.3330078125,225800,0.0,0.0
2015-10-30 00:00:00+09:00,5271.331958849676,5429.6581837621225,5243.392036806304,5401.71826171875,259700,0.0,0.0
2015-11-02 00:00:00+09:00,5671.804029765882,5736.997179533306,5532.104423121402,5662.49072265625,735400,0.0,0.0
2015-11-04 00:00:00+09:00,5662.492509266886,5764.938919796386,5615.9259590262045,5653.17919921875,363400,0.0,0.0
2015-11-05 00:00:00+09:00,5709.058633785922,5858.071583444283,5709.058633785922,5792.87841796875,424300,0.0,0.0
2015-11-06 00:00:00+09:00,5820.8176019623525,5969.830532572589,5792.877677472933,5913.95068359375,365200,0.0,0.0
2015-11-09 00:00:00+09:00,5941.890473937989,5997.770321655274,5913.950550079346,5960.51708984375,353800,0.0,0.0
2015-11-10 00:00:00+09:00,5913.951352974618,5997.771135930164,5895.324734540052,5951.20458984375,272600,0.0,0.0
2015-11-11 00:00:00+09:00,5951.203799329315,6016.396955190513,5923.263875388802,5988.45703125,222100,0.0,0.0
2015-11-12 00:00:00+09:00,5960.517531695721,5988.4574576255445,5858.0711366197,5876.69775390625,272700,0.0,0.0
2015-11-13 00:00:00+09:00,5830.1310438368055,5951.204052734375,5830.1310438368055,5867.38427734375,333200,0.0,0.0
2015-11-16 00:00:00+09:00,5774.251799261455,5830.131655383339,5736.9985618468645,5792.87841796875,280900,0.0,0.0
2015-11-17 00:00:00+09:00,5867.384244478666,5886.010861127804,5774.251161232973,5811.50439453125,206000,0.0,0.0
2015-11-18 00:00:00+09:00,5820.81817774381,5876.698032250151,5774.25163232186,5783.56494140625,149200,0.0,0.0
2015-11-19 00:00:00+09:00,5820.818008915071,5830.131317729335,5746.311538400958,5774.25146484375,145100,0.0,0.0
2015-11-20 00:00:00+09:00,5839.444446705006,6035.02392578125,5830.131138177566,6035.02392578125,358400,0.0,0.0
2015-11-24 00:00:00+09:00,6007.08379926994,6007.08379926994,5904.637408894793,5969.83056640625,280400,0.0,0.0
2015-11-25 00:00:00+09:00,5969.830669487847,5988.45728624132,5867.38427734375,5867.38427734375,179000,0.0,0.0
2015-11-26 00:00:00+09:00,5923.2635218701025,6007.083288689018,5904.636907021454,5941.89013671875,200600,0.0,0.0
2015-11-27 00:00:00+09:00,5867.3841088906,5932.577265656051,5802.190952125149,5858.07080078125,259600,0.0,0.0
2015-11-30 00:00:00+09:00,5774.2517858945885,5820.818332555028,5755.625167230412,5764.9384765625,176900,0.0,0.0
2015-12-01 00:00:00+09:00,5811.505036676045,5839.4449647369875,5764.938489907807,5792.87841796875,174100,0.0,0.0
2015-12-02 00:00:00+09:00,5783.565108615102,5802.191727322397,5736.9985618468645,5792.87841796875,256300,0.0,0.0
2015-12-03 00:00:00+09:00,5783.563815145967,5811.503736958266,5746.310586062901,5802.1904296875,138300,0.0,0.0
2015-12-04 00:00:00+09:00,5727.6843046875,5848.7573062500005,5727.6843046875,5820.8173828125,222900,0.0,0.0
2015-12-07 00:00:00+09:00,5839.444461945564,6100.217101394489,5839.444461945564,6062.9638671875,568700,0.0,0.0
2015-12-08 00:00:00+09:00,6044.337890625,6128.157676473421,6007.0846524701465,6044.337890625,248300,0.0,0.0
2015-12-09 00:00:00+09:00,6025.710263170684,6109.530034992224,5941.890491349144,5988.45703125,324900,0.0,0.0
2015-12-10 00:00:00+09:00,5923.263957546701,5932.577265656051,5858.07080078125,5858.07080078125,152400,0.0,0.0
2015-12-11 00:00:00+09:00,5830.131210689877,6016.397383555368,5830.131210689877,5876.69775390625,280300,0.0,0.0
2015-12-14 00:00:00+09:00,5811.505569794952,5923.265292291009,5792.878949378943,5904.638671875,240200,0.0,0.0
2015-12-15 00:00:00+09:00,5932.578044540085,6007.084519196789,5755.625167230412,5764.9384765625,188300,0.0,0.0
2015-12-16 00:00:00+09:00,5820.8176019623525,5923.26399175689,5709.057904004675,5913.95068359375,203200,0.0,0.0
2015-12-17 00:00:00+09:00,6007.084665122939,6100.21776070624,5941.891498214628,6072.27783203125,263000,0.0,0.0
2015-12-18 00:00:00+09:00,6044.337555544822,6211.977117948222,6007.084319455178,6025.7109375,379600,0.0,0.0
2015-12-21 00:00:00+09:00,6007.08379926994,6062.963648565474,5830.130943167414,5969.83056640625,217400,0.0,0.0
2015-12-22 00:00:00+09:00,6016.396955190513,6044.336879131026,5913.950567408631,5988.45703125,131000,0.0,0.0
2015-12-24 00:00:00+09:00,6053.650934198066,6062.964243327601,5830.131515089214,5839.44482421875,171700,0.0,0.0
2015-12-25 00:00:00+09:00,5839.44482421875,5839.44482421875,5839.44482421875,5839.44482421875,0,0.0,0.0
2015-12-28 00:00:00+09:00,5867.383939900975,5904.637171265425,5736.997630125398,5848.75732421875,125700,0.0,0.0
2015-12-29 00:00:00+09:00,5802.191642367224,5960.517899061033,5764.938405498093,5951.20458984375,127100,0.0,0.0
2015-12-30 00:00:00+09:00,6007.083716006679,6128.156721135496,5960.517175572519,6100.216796875,169300,0.0,0.0
2016-01-04 00:00:00+09:00,6044.336962968253,6090.903503515004,5830.1308764532,5858.07080078125,215400,0.0,0.0
2016-01-05 00:00:00+09:00,5783.5648033458965,5867.384583104533,5690.4317147251895,5830.13134765625,202300,0.0,0.0
2016-01-06 00:00:00+09:00,5867.383921875,5904.637153125,5746.3109203125005,5820.8173828125,181900,0.0,0.0
2016-01-07 00:00:00+09:00,5820.818008915071,5895.324479429183,5709.058303143901,5774.25146484375,278800,0.0,0.0
2016-01-08 00:00:00+09:00,5727.68505859375,5802.19153090066,5634.551968210111,5727.68505859375,224900,0.0,0.0
2016-01-12 00:00:00+09:00,5597.298660481771,5736.998294270833,5587.9853515625,5587.9853515625,221900,0.0,0.0
2016-01-13 00:00:00+09:00,5634.55241288289,5681.118961749691,5587.985864016089,5643.86572265625,217600,0.0,0.0
2016-01-14 00:00:00+09:00,5587.98530694797,5625.238542327623,5401.719130049704,5504.16552734375,294800,0.0,0.0
2016-01-15 00:00:00+09:00,5587.984525240385,5681.117600661058,5550.731295072115,5569.35791015625,248800,0.0,0.0
2016-01-18 00:00:00+09:00,5438.971604567308,5578.671217698317,5411.0316819411055,5569.35791015625,295700,0.0,0.0
2016-01-19 00:00:00+09:00,5485.537988111118,5532.10452451274,5308.585149784953,5345.83837890625,427800,0.0,0.0
2016-01-20 00:00:00+09:00,5494.8526293902705,5578.672415262326,5299.273129022143,5336.5263671875,563600,0.0,0.0
2016-01-21 00:00:00+09:00,5327.212863018993,5457.599191834142,5252.706389410336,5271.3330078125,338100,0.0,0.0
2016-01-22 00:00:00+09:00,5364.465850515464,5438.972320661512,5280.64607160116,5420.345703125,300100,0.0,0.0
2016-01-25 00:00:00+09:00,5438.972746642562,5671.8054840844525,5420.346127647211,5634.55224609375,338100,0.0,0.0
2016-01-26 00:00:00+09:00,5541.419279012249,5662.492305276382,5532.105969299623,5560.0458984375,178900,0.0,0.0
2016-01-27 00:00:00+09:00,5643.86546831039,5811.505036676045,5625.238849603094,5792.87841796875,267100,0.0,0.0
2016-01-28 00:00:00+09:00,5820.8188800029575,5988.4584637470425,5811.505569794952,5904.638671875,451200,0.0,0.0
2016-01-29 00:00:00+09:00,5960.517488532109,6100.217117169581,5904.637637077121,6090.90380859375,320200,0.0,0.0
2016-02-01 00:00:00+09:00,6109.530034992224,6239.916346714619,5941.890491349144,5988.45703125,558100,0.0,0.0
2016-02-02 00:00:00+09:00,6081.590862354843,6174.723953661962,6016.39769843986,6165.41064453125,308200,0.0,0.0
2016-02-03 00:00:00+09:00,6165.411190511909,6314.424149799206,6118.844640734629,6305.11083984375,506800,0.0,0.0
2016-02-04 00:00:00+09:00,6286.483256022136,6323.736490131896,6007.084000198929,6035.02392578125,455200,0.0,0.0
2016-02-05 00:00:00+09:00,5960.517361111111,5969.830669487847,5774.251193576389,5867.38427734375,317000,0.0,0.0
2016-02-08 00:00:00+09:00,5783.563945881371,5820.817175806533,5615.924411218143,5755.6240234375,551300,0.0,0.0
2016-02-09 00:00:00+09:00,5615.925278320312,5690.431749674479,5522.792189127604,5587.9853515625,271800,0.0,0.0
2016-02-10 00:00:00+09:00,5587.9852294921875,5615.925155639648,5289.9593505859375,5364.4658203125,317500,0.0,0.0
2016-02-12 00:00:00+09:00,5224.766347512108,5252.706274504151,4991.933622578413,5047.8134765625,553700,0.0,0.0
2016-02-15 00:00:00+09:00,5280.645923353221,5466.912093489137,5243.392689326038,5438.97216796875,371800,0.0,0.0
2016-02-16 00:00:00+09:00,5401.718645740659,5466.9118018099425,5234.0791015625,5234.0791015625,315000,0.0,0.0
2016-02-17 00:00:00+09:00,5215.451958745503,5271.331801160633,5094.378966846054,5178.19873046875,315300,0.0,0.0
2016-02-18 00:00:00+09:00,5271.33265618037,5355.152433398785,5215.4528047014255,5224.76611328125,227400,0.0,0.0
2016-02-19 00:00:00+09:00,5252.706222345133,5373.779238108407,5187.513060011062,5262.01953125,322400,0.0,0.0
2016-02-22 00:00:00+09:00,5243.3934024017635,5662.492342202971,5206.140163308323,5643.86572265625,512700,0.0,0.0
2016-02-23 00:00:00+09:00,5634.5511970713005,5662.491120362563,5522.79150390625,5522.79150390625,500200,0.0,0.0
2016-02-24 00:00:00+09:00,5448.285688920454,5587.985321969697,5438.972380050505,5532.10546875,244900,0.0,0.0
2016-02-25 00:00:00+09:00,5541.418877826473,5774.2516037855685,5541.418877826473,5727.68505859375,227300,0.0,0.0
2016-02-26 00:00:00+09:00,5755.6240234375,5848.757098250404,5736.997408474919,5755.6240234375,218300,0.0,0.0
2016-02-29 00:00:00+09:00,5774.250540915216,5774.250540915216,5615.92431640625,5615.92431640625,187000,0.0,0.0
2016-03-01 00:00:00+09:00,5606.611969401041,5681.118440755208,5513.478880208333,5587.9853515625,208300,0.0,0.0
2016-03-02 00:00:00+09:00,5681.11870572498,5811.505036676045,5615.925540249447,5792.87841796875,221300,0.0,0.0
2016-03-03 00:00:00+09:00,5774.251799261455,5820.818346029692,5681.11870572498,5792.87841796875,230300,0.0,0.0
2016-03-04 00:00:00+09:00,5718.371847701747,5718.371847701747,5578.672209728577,5597.298828125,679300,0.0,0.0
2016-03-07 00:00:00+09:00,5541.418717112328,5541.418717112328,5355.152541747208,5420.345703125,693600,0.0,0.0
2016-03-08 00:00:00+09:00,5336.525972369745,5373.779207778958,5187.513030732894,5206.1396484375,733600,0.0,0.0
2016-03-09 00:00:00+09:00,5206.139496121602,5317.899199079489,5196.8261875417775,5224.76611328125,610100,0.0,0.0
2016-03-10 00:00:00+09:00,5280.646041870117,5383.092437744141,5234.079498291016,5364.4658203125,334200,0.0,0.0
2016-03-11 00:00:00+09:00,5252.706070188492,5355.152465174438,5234.0794529183195,5280.64599609375,322500,0.0,0.0
2016-03-14 00:00:00+09:00,5336.525541983636,5364.465466287215,5280.6456933764775,5317.89892578125,219600,0.0,0.0
2016-03-15 00:00:00+09:00,5280.64599609375,5364.465773809524,5262.019378823577,5280.64599609375,271200,0.0,0.0
2016-03-16 00:00:00+09:00,5289.958592409948,5476.2247400300175,5280.645285028945,5429.658203125,275100,0.0,0.0
2016-03-17 00:00:00+09:00,5401.719364619756,5420.345983118445,5317.8995813756555,5327.212890625,367500,0.0,0.0
2016-03-18 00:00:00+09:00,5308.585890499666,5327.212507659314,5178.199570382129,5224.76611328125,346000,0.0,0.0
2016-03-22 00:00:00+09:00,5262.01953125,5289.959457964602,5196.826368915929,5262.01953125,274200,0.0,0.0
2016-03-23 00:00:00+09:00,5243.392746079898,5289.959289117907,5234.0794374722955,5252.7060546875,227900,0.0,0.0
2016-03-24 00:00:00+09:00,5299.273154145078,5429.659488341968,5299.273154145078,5392.40625,325000,0.0,0.0
2016-03-25 00:00:00+09:00,5420.344856883666,5476.224700769064,5355.151705684034,5373.7783203125,197400,0.0,0.0
2016-03-28 00:00:00+09:00,5448.285041796216,5541.418119433759,5411.0318107411995,5522.79150390625,312800,0.0,0.0
2016-03-29 00:00:00+09:00,5550.826849089196,5634.930286196608,5541.482022743928,5578.861328125,345600,20.0,0.0
2016-03-30 00:00:00+09:00,5550.826270684021,5634.929699027719,5532.136619940978,5541.4814453125,174800,0.0,0.0
2016-03-31 00:00:00+09:00,5560.170712264407,5560.170712264407,5391.9638671875,5391.9638671875,254700,0.0,0.0
2016-04-01 00:00:00+09:00,5307.861359911844,5345.240665263336,5148.9993121680045,5167.68896484375,355000,0.0,0.0
2016-04-04 00:00:00+09:00,5177.033780661962,5261.137217531922,5158.344128024193,5214.4130859375,192300,0.0,0.0
2016-04-05 00:00:00+09:00,5177.033600852273,5223.757730823864,5120.964644886364,5139.654296875,209500,0.0,0.0
2016-04-06 00:00:00+09:00,5018.171863288457,5064.89599609375,4924.723597677871,5064.89599609375,337400,0.0,0.0
2016-04-07 00:00:00+09:00,5074.240898118478,5158.344338418784,5027.516764618307,5148.99951171875,237700,0.0,0.0
2016-04-08 00:00:00+09:00,5102.274606173156,5186.378033747438,5074.240130315062,5130.30908203125,239900,0.0,0.0
2016-04-11 00:00:00+09:00,5120.964644886364,5177.033600852273,5074.240514914773,5139.654296875,197400,0.0,0.0
2016-04-12 00:00:00+09:00,5092.930101297669,5092.930101297669,4906.033583818856,4962.1025390625,391600,0.0,0.0
2016-04-13 00:00:00+09:00,4934.067772329868,4980.791898961779,4877.998820371574,4943.41259765625,446300,0.0,0.0
2016-04-14 00:00:00+09:00,4943.413066007653,5046.2061543367345,4868.654456313775,5036.861328125,477200,0.0,0.0
2016-04-15 00:00:00+09:00,5055.550980548469,5074.240632971939,5008.826849489796,5036.861328125,217400,0.0,0.0
2016-04-18 00:00:00+09:00,4896.689064740679,4924.723544118965,4831.275279524678,4887.34423828125,281100,0.0,0.0
2016-04-19 00:00:00+09:00,4840.619233277988,4962.101955348671,4840.619233277988,4924.72265625,469700,0.0,0.0
2016-04-20 00:00:00+09:00,4952.757133396192,4971.446782956178,4849.964060816272,4877.99853515625,399500,0.0,0.0
2016-04-21 00:00:00+09:00,4934.067669392523,4999.4814453125,4896.688368866822,4999.4814453125,388000,0.0,0.0
2016-04-22 00:00:00+09:00,5018.17128779188,5092.929891706843,4971.447160345027,5027.51611328125,381100,0.0,0.0
2016-04-25 00:00:00+09:00,5064.897014876057,5074.241843316789,4962.10390202802,4971.44873046875,195800,0.0,0.0
2016-04-26 00:00:00+09:00,4962.102611632741,5111.619827802466,4934.0681336009175,5092.93017578125,354500,0.0,0.0
2016-04-27 00:00:00+09:00,5102.274491159539,5354.584768194901,5083.584841008772,5326.55029296875,600700,0.0,0.0
2016-04-28 00:00:00+09:00,5326.55139793437,5363.930705990049,5214.41347376733,5223.75830078125,384100,0.0,0.0
2016-05-02 00:00:00+09:00,5027.516003884904,5158.343557889344,5008.826353312841,5130.30908203125,221900,0.0,0.0
2016-05-06 00:00:00+09:00,4990.136811323769,5102.274717196213,4980.7919858343985,5027.51611328125,312900,0.0,0.0
2016-05-09 00:00:00+09:00,5036.8612109375,5139.654296875,5018.171558948864,5139.654296875,195300,0.0,0.0
2016-05-10 00:00:00+09:00,5158.343922842921,5307.861137997787,5158.343922842921,5279.82666015625,182800,0.0,0.0
2016-05-11 00:00:00+09:00,5317.205972726005,5317.205972726005,5195.723235212054,5233.1025390625,150700,0.0,0.0
2016-05-12 00:00:00+09:00,5177.033278114092,5363.929786349258,5177.033278114092,5354.5849609375,298100,0.0,0.0
2016-05-13 00:00:00+09:00,5363.929588994565,5419.998539402173,5335.895113790761,5373.2744140625,303000,0.0,0.0
2016-05-16 00:00:00+09:00,5588.206673565268,5644.275636845187,5410.654956512191,5485.41357421875,734000,0.0,0.0
2016-05-17 00:00:00+09:00,5401.308885035022,5429.343360216864,5317.2054594894935,5419.99853515625,405100,0.0,0.0
2016-05-18 00:00:00+09:00,5345.240633252641,5382.619938380281,5270.482022997359,5307.861328125,387800,0.0,0.0
2016-05-19 00:00:00+09:00,5298.51611328125,5317.205764474482,5251.79198529817,5298.51611328125,161600,0.0,0.0
2016-05-20 00:00:00+09:00,5298.5159912109375,5494.75732421875,5298.5159912109375,5494.75732421875,292300,0.0,0.0
2016-05-23 00:00:00+09:00,5466.722953245812,5476.067778806916,5401.309174318084,5438.6884765625,235000,0.0,0.0
2016-05-24 00:00:00+09:00,5438.68936695772,5466.723848230698,5373.275577320772,5401.31005859375,186200,0.0,0.0
2016-05-25 00:00:00+09:00,5419.998738819808,5457.378040466841,5345.240135525742,5354.5849609375,180300,0.0,0.0
2016-05-26 00:00:00+09:00,5419.998628799229,5485.4124053537025,5391.964153133026,5457.3779296875,157600,0.0,0.0
2016-05-27 00:00:00+09:00,5504.102143826412,5541.4814453125,5457.3780169688025,5541.4814453125,206300,0.0,0.0
2016-05-30 00:00:00+09:00,5569.516007838455,5644.274611970515,5541.481531288933,5625.5849609375,204300,0.0,0.0
2016-05-31 00:00:00+09:00,5625.585459851341,5625.585459851341,5541.482022743928,5578.861328125,193700,0.0,0.0
2016-06-01 00:00:00+09:00,5485.412400354149,5569.515827276104,5448.033099499947,5504.10205078125,239500,0.0,0.0
2016-06-02 00:00:00+09:00,5504.102255490227,5541.4815577346435,5419.998825440292,5438.6884765625,148800,0.0,0.0
2016-06-03 00:00:00+09:00,5448.03308509675,5644.2744140625,5448.03308509675,5644.2744140625,234300,0.0,0.0
2016-06-06 00:00:00+09:00,5597.550186507428,5700.34326171875,5569.515711449795,5700.34326171875,274000,0.0,0.0
2016-06-07 00:00:00+09:00,5709.688560042842,5812.4816437752015,5700.3437342489915,5793.7919921875,304200,0.0,0.0
2016-06-08 00:00:00+09:00,5840.5158116730845,5952.653715257208,5831.170986374407,5915.2744140625,398800,0.0,0.0
2016-06-09 00:00:00+09:00,5859.20585595936,5933.964463371919,5849.86103003279,5877.8955078125,264500,0.0,0.0
2016-06-10 00:00:00+09:00,5905.929901713709,5905.929901713709,5775.1023405997985,5793.7919921875,243700,0.0,0.0
2016-06-13 00:00:00+09:00,5719.03261847245,5728.377443012438,5662.963671232525,5681.6533203125,157700,0.0,0.0
2016-06-14 00:00:00+09:00,5597.550583012687,5653.619537099626,5560.171280288061,5616.240234375,159100,0.0,0.0
2016-06-15 00:00:00+09:00,5616.240602181628,5756.41299657884,5560.171644422743,5719.03369140625,265400,0.0,0.0
2016-06-16 00:00:00+09:00,5653.619537099626,5737.722968230033,5588.205757331531,5616.240234375,239300,0.0,0.0
2016-06-17 00:00:00+09:00,5625.584584431476,5653.6190591047225,5410.653611936586,5429.34326171875,505800,0.0,0.0
2016-06-20 00:00:00+09:00,5494.757035956325,5532.136335520654,5419.998436827668,5429.34326171875,233900,0.0,0.0
2016-06-21 00:00:00+09:00,5429.343816731771,5606.8955078125,5391.964513346355,5606.8955078125,176800,0.0,0.0
2016-06-22 00:00:00+09:00,5588.205078125,5625.584376306438,5504.101657216764,5588.205078125,126600,0.0,0.0
2016-06-23 00:00:00+09:00,5597.550681966146,5625.585159505208,5550.826552734375,5606.8955078125,162200,0.0,0.0
2016-06-24 00:00:00+09:00,5606.895154587766,5681.653756648936,5177.033192736038,5270.4814453125,284000,0.0,0.0
2016-06-27 00:00:00+09:00,5457.379161860319,5634.930881167418,5410.655025200556,5569.51708984375,374000,0.0,0.0
2016-06-28 00:00:00+09:00,5476.067752673381,5672.309088520038,5419.998799574336,5625.5849609375,403500,0.0,0.0
2016-06-29 00:00:00+09:00,5690.999244268216,5765.757855030361,5569.516501779732,5578.861328125,330100,0.0,0.0
2016-06-30 00:00:00+09:00,5588.206154470268,5625.585459851341,5541.482022743928,5578.861328125,293800,0.0,0.0
2016-07-01 00:00:00+09:00,5672.309337427961,5905.92998559221,5644.274859648251,5877.8955078125,419300,0.0,0.0
2016-07-04 00:00:00+09:00,5840.51667703815,5961.999423920543,5831.171850354889,5924.6201171875,203900,0.0,0.0
2016-07-05 00:00:00+09:00,6018.067679894695,6102.1711102037825,5961.998726355304,5990.033203125,428700,0.0,0.0
2016-07-06 00:00:00+09:00,5709.688056640624,6120.860355318509,5709.688056640624,6074.13623046875,662100,0.0,0.0
2016-07-07 00:00:00+09:00,5999.378219320167,6130.205781735248,5961.998915773001,6018.06787109375,604600,0.0,0.0
2016-07-08 00:00:00+09:00,6074.136766003024,6074.136766003024,5784.447166393649,5793.7919921875,552100,0.0,0.0
2016-07-11 00:00:00+09:00,5793.7919921875,5793.7919921875,5793.7919921875,5793.7919921875,0,0.0,0.0
2016-07-12 00:00:00+09:00,5990.03362209679,6008.723274583832,5859.2060546875,5859.2060546875,315300,0.0,0.0
2016-07-13 00:00:00+09:00,5896.585075919858,5905.929901713709,5765.757514805948,5793.7919921875,500700,0.0,0.0
2016-07-14 00:00:00+09:00,5849.860348467215,5990.03272103432,5831.1706987916,5896.58447265625,257800,0.0,0.0
2016-07-15 00:00:00+09:00,5812.480763803366,5859.204885698891,5653.618749358579,5690.998046875,438700,0.0,0.0
2016-07-19 00:00:00+09:00,5728.378219480437,5756.412696900406,5653.619613027185,5747.06787109375,358100,0.0,0.0
2016-07-20 00:00:00+09:00,5765.757491849164,5971.343658495325,5747.067840335876,5933.96435546875,358300,0.0,0.0
2016-07-21 00:00:00+09:00,5971.342876109801,5971.342876109801,5756.411911867977,5821.82568359375,263900,0.0,0.0
2016-07-22 00:00:00+09:00,5765.756736400231,5849.860157190509,5728.377438271217,5821.82568359375,129500,0.0,0.0
2016-07-25 00:00:00+09:00,5803.136825933689,5840.516129160314,5728.378219480437,5747.06787109375,194900,0.0,0.0
2016-07-26 00:00:00+09:00,5765.756934227881,5849.860357903815,5728.377634816356,5756.412109375,234000,0.0,0.0
2016-07-27 00:00:00+09:00,5803.136926309293,5831.171404214169,5719.033492594666,5737.72314453125,228500,0.0,0.0
2016-07-28 00:00:00+09:00,5709.688865113102,5765.757822871987,5662.9647336473645,5719.03369140625,190100,0.0,0.0
2016-07-29 00:00:00+09:00,5700.343160257711,5775.101759080763,5625.584561434659,5756.412109375,238500,0.0,0.0
2016-08-01 00:00:00+09:00,6008.722548738532,6139.550100344037,5877.894997133028,6111.515625,787300,0.0,0.0
2016-08-02 00:00:00+09:00,6111.5157343507,6158.239860760109,6008.72265625,6008.72265625,317500,0.0,0.0
2016-08-03 00:00:00+09:00,5905.929901713709,5943.309204889113,5775.1023405997985,5793.7919921875,352000,0.0,0.0
2016-08-04 00:00:00+09:00,5784.448029389253,5812.482510953337,5419.999769056166,5532.1376953125,675200,0.0,0.0
2016-08-05 00:00:00+09:00,5438.687890289987,5476.067188505039,5335.894820198596,5448.03271484375,410100,0.0,0.0
2016-08-08 00:00:00+09:00,5476.068201199384,5494.757853763204,5223.757891587808,5307.861328125,490800,0.0,0.0
2016-08-09 00:00:00+09:00,5307.861689065198,5476.068573577828,5261.137554478357,5410.65478515625,386500,0.0,0.0
2016-08-10 00:00:00+09:00,5457.378585636516,5662.964765232412,5382.619974874372,5578.861328125,416100,0.0,0.0
2016-08-12 00:00:00+09:00,5588.206133520387,5690.999222932969,5532.137175658978,5672.3095703125,282600,0.0,0.0
2016-08-15 00:00:00+09:00,5653.619239251345,5728.377840762107,5616.239938495964,5644.2744140625,291000,0.0,0.0
2016-08-16 00:00:00+09:00,5588.206277997014,5588.206277997014,5438.689053167662,5476.068359375,425400,0.0,0.0
2016-08-17 00:00:00+09:00,5429.344069789833,5494.757853763204,5270.482022997359,5307.861328125,336500,0.0,0.0
2016-08-18 00:00:00+09:00,5317.205481067004,5401.308906953829,5186.3779296875,5186.3779296875,356400,0.0,0.0
2016-08-19 00:00:00+09:00,5195.723160628434,5205.067986456903,5018.171469887535,5102.27490234375,378400,0.0,0.0
2016-08-22 00:00:00+09:00,5139.654205657624,5195.723160628434,5055.550773201408,5102.27490234375,307600,0.0,0.0
2016-08-23 00:00:00+09:00,5083.5853236607145,5289.17149483817,5083.5853236607145,5233.1025390625,320600,0.0,0.0
2016-08-24 00:00:00+09:00,5242.4476318359375,5373.2752019708805,5195.723499644887,5345.24072265625,291200,0.0,0.0
2016-08-25 00:00:00+09:00,5391.96406419837,5457.377839673913,5345.2399388586955,5373.2744140625,266400,0.0,0.0
2016-08-26 00:00:00+09:00,5326.550484702225,5391.964262584533,5298.516008466951,5354.5849609375,246200,0.0,0.0
2016-08-29 00:00:00+09:00,5438.688519021739,5448.033344655797,5130.309273097826,5158.34375,521100,0.0,0.0
2016-08-30 00:00:00+09:00,5158.3445089285715,5177.034162946428,4906.0341796875,4906.0341796875,1130400,0.0,0.0
2016-08-31 00:00:00+09:00,4952.757535367398,4971.447186444257,4691.102420291385,4840.61962890625,938300,0.0,0.0
2016-09-01 00:00:00+09:00,4868.654296875,4887.34394868642,4756.516386006478,4868.654296875,617300,0.0,0.0
2016-09-02 00:00:00+09:00,4868.6543779481135,5027.516420990566,4868.6543779481135,4952.7578125,485500,0.0,0.0
2016-09-05 00:00:00+09:00,4962.10274872525,4999.482053800393,4840.620007231035,4896.68896484375,365600,0.0,0.0
2016-09-06 00:00:00+09:00,4887.344485134548,5074.241023763021,4887.344485134548,5046.20654296875,394600,0.0,0.0
2016-09-07 00:00:00+09:00,5092.929582115557,5223.757131013939,5083.584757194245,5195.72265625,598100,0.0,0.0
2016-09-08 00:00:00+09:00,5102.275170110887,5251.792391213037,5102.275170110887,5214.4130859375,375100,0.0,0.0
2016-09-09 00:00:00+09:00,5233.102565940367,5261.13704397219,5092.93017578125,5092.93017578125,348600,0.0,0.0
2016-09-12 00:00:00+09:00,5008.82674168578,5102.275001791858,4943.412959611525,5092.93017578125,225500,0.0,0.0
2016-09-13 00:00:00+09:00,5139.653026274521,5214.411615747605,5102.273731537979,5120.96337890625,207900,0.0,0.0
2016-09-14 00:00:00+09:00,5074.240523760034,5158.343957855504,5064.895697749427,5092.93017578125,230600,0.0,0.0
2016-09-15 00:00:00+09:00,5064.895599029876,5148.9990314860925,5046.20594737294,5102.27490234375,212100,0.0,0.0
2016-09-16 00:00:00+09:00,5120.964644886364,5158.343948863637,5092.930166903409,5139.654296875,197400,0.0,0.0
2016-09-20 00:00:00+09:00,5111.619431459188,5148.998732603312,5102.274606173156,5130.30908203125,243500,0.0,0.0
2016-09-21 00:00:00+09:00,5158.342673642792,5167.687497326928,5055.549613117301,5120.96337890625,327800,0.0,0.0
2016-09-23 00:00:00+09:00,5158.344193892046,5373.2752019708805,5148.9993674538355,5345.24072265625,501400,0.0,0.0
2016-09-26 00:00:00+09:00,5345.239550440984,5401.308496774282,5335.894726052102,5363.92919921875,288500,0.0,0.0
2016-09-27 00:00:00+09:00,5401.309434995826,5597.55078125,5382.619782971619,5597.55078125,740000,0.0,0.0
2016-09-28 00:00:00+09:00,5597.54991052186,5747.567998576047,5588.173780018473,5710.0634765625,670600,20.0,0.0
2016-09-29 00:00:00+09:00,5728.816311691361,5756.944706020451,5588.17434004591,5616.302734375,675200,0.0,0.0
2016-09-30 00:00:00+09:00,5691.311726090176,5803.825302223754,5663.183332056781,5738.1923828125,885000,0.0,0.0
2016-10-03 00:00:00+09:00,5719.440451990722,5794.449507098797,5681.935924436684,5747.56884765625,534100,0.0,0.0
2016-10-04 00:00:00+09:00,5719.439761513158,5719.439761513158,5625.678453947368,5700.6875,220400,0.0,0.0
2016-10-05 00:00:00+09:00,5710.063416363442,5710.063416363442,5447.531765036387,5475.66015625,603000,0.0,0.0
2016-10-06 00:00:00+09:00,5428.779504227312,5513.164677868151,5353.770460991011,5475.66015625,326400,0.0,0.0
2016-10-07 00:00:00+09:00,5456.907895440925,5522.540808272688,5428.779504227312,5475.66015625,224000,0.0,0.0
2016-10-11 00:00:00+09:00,5503.789013755917,5513.165144954819,5400.651570567987,5447.5322265625,228500,0.0,0.0
2016-10-12 00:00:00+09:00,5419.404010439001,5522.541457004449,5419.404010439001,5466.28466796875,332400,0.0,0.0
2016-10-13 00:00:00+09:00,5466.284334058205,5513.1649887242265,5438.155941258591,5456.908203125,303900,0.0,0.0
2016-10-14 00:00:00+09:00,5503.789372996795,5550.670032051282,5466.2848457532045,5485.037109375,231100,0.0,0.0
2016-10-17 00:00:00+09:00,5438.15625,5503.78917025862,5381.899461206896,5438.15625,235600,0.0,0.0
2016-10-18 00:00:00+09:00,5447.532800478236,5560.04638671875,5438.156668291526,5560.04638671875,272500,0.0,0.0
2016-10-19 00:00:00+09:00,5513.165463160358,5672.559702741525,5513.165463160358,5635.05517578125,280900,0.0,0.0
2016-10-20 00:00:00+09:00,5616.302734375,5635.05499726106,5522.5414199447,5616.302734375,225800,0.0,0.0
2016-10-21 00:00:00+09:00,5625.6786112882655,5635.054742307079,5503.788908043686,5513.1650390625,192300,0.0,0.0
2016-10-24 00:00:00+09:00,5550.670760801175,5625.679825136325,5541.294627759281,5588.17529296875,164500,0.0,0.0
2016-10-25 00:00:00+09:00,5597.5510724041915,5606.92720485378,5513.165880357897,5550.67041015625,235100,0.0,0.0
2016-10-26 00:00:00+09:00,5531.91722244722,5616.302400416754,5531.91722244722,5606.92626953125,186300,0.0,0.0
2016-10-27 00:00:00+09:00,5588.17529296875,5672.560490345795,5578.799159926856,5588.17529296875,193700,0.0,0.0
2016-10-28 00:00:00+09:00,5541.2926335738875,5569.421022576801,5494.411985235699,5531.91650390625,548700,0.0,0.0
2016-10-31 00:00:00+09:00,5578.798030680748,5625.678686400754,5531.917374960741,5597.55029296875,301200,0.0,0.0
2016-11-01 00:00:00+09:00,5550.669484218228,5606.92626953125,5541.293353332724,5606.92626953125,149900,0.0,0.0
2016-11-02 00:00:00+09:00,5550.670760801175,5606.927559052538,5541.294627759281,5588.17529296875,223000,0.0,0.0
2016-11-04 00:00:00+09:00,5541.29345703125,5541.29345703125,5447.532146421584,5541.29345703125,295400,0.0,0.0
2016-11-07 00:00:00+09:00,5485.036930980649,5503.789193992549,5344.394958391402,5466.28466796875,312000,0.0,0.0
2016-11-08 00:00:00+09:00,5091.239132967862,5138.1197879675665,4903.716512969047,4950.59716796875,1723400,0.0,0.0
2016-11-09 00:00:00+09:00,4988.102900256849,4997.479033528009,4734.947301935543,4791.2041015625,892000,0.0,0.0
2016-11-10 00:00:00+09:00,4941.220908717105,4950.597039473684,4772.450555098684,4809.955078125,687000,0.0,0.0
2016-11-11 00:00:00+09:00,4828.7072339695615,4884.964017277945,4688.065275698603,4697.44140625,850000,0.0,0.0
2016-11-14 00:00:00+09:00,4734.945980877095,4791.2027648083085,4706.817588911489,4753.6982421875,433700,0.0,0.0
2016-11-15 00:00:00+09:00,4744.322059006986,4753.698189558383,4669.313014595808,4697.44140625,450900,0.0,0.0
2016-11-16 00:00:00+09:00,4716.193667352794,4753.698189558383,4683.377210422905,4697.44140625,481000,0.0,0.0
2016-11-17 00:00:00+09:00,4697.44140625,4753.698189558383,4659.936884044411,4697.44140625,695800,0.0,0.0
2016-11-18 00:00:00+09:00,4697.441325862233,4697.441325862233,4603.680021952807,4613.05615234375,1271200,0.0,0.0
2016-11-21 00:00:00+09:00,4659.937436810662,4800.579411764706,4655.2493709788605,4781.8271484375,762800,0.0,0.0
2016-11-22 00:00:00+09:00,4781.8268640018205,4922.468830590109,4763.074601790048,4828.70751953125,718300,0.0,0.0
2016-11-24 00:00:00+09:00,4847.459756851196,4856.835887908936,4763.074577331543,4800.5791015625,459100,0.0,0.0
2016-11-25 00:00:00+09:00,4781.826685855263,4819.331208881579,4744.3221628289475,4809.955078125,385600,0.0,0.0
2016-11-28 00:00:00+09:00,4847.45947265625,4913.092386212525,4828.707211640172,4847.45947265625,432400,0.0,0.0
2016-11-29 00:00:00+09:00,4903.716181659156,4959.972963857922,4884.963920926233,4941.220703125,814800,0.0,0.0
2016-11-30 00:00:00+09:00,4969.349326445677,5100.615157710281,4969.349326445677,5016.22998046875,883700,0.0,0.0
2016-12-01 00:00:00+09:00,5006.855418526786,5025.607686011905,4894.341813616072,4922.47021484375,664900,0.0,0.0
2016-12-02 00:00:00+09:00,4884.964124177632,4884.964124177632,4753.698293585527,4809.955078125,730200,0.0,0.0
2016-12-05 00:00:00+09:00,4772.450402404547,4856.835576513862,4772.450402404547,4819.3310546875,691200,0.0,0.0
2016-12-06 00:00:00+09:00,4725.570422535211,4744.3226861167,4641.185236418511,4659.9375,1251100,0.0,0.0
2016-12-07 00:00:00+09:00,4674.001651802762,4683.377783501464,4584.928400665097,4603.6806640625,971700,0.0,0.0
2016-12-08 00:00:00+09:00,4622.432819167294,4669.3134765625,4608.368621948733,4669.3134765625,528100,0.0,0.0
2016-12-09 00:00:00+09:00,4613.056795761202,4636.497125007956,4580.240334815746,4603.6806640625,707100,0.0,0.0
2016-12-12 00:00:00+09:00,4636.497713955966,4772.451640856596,4598.993182397171,4744.3232421875,802500,0.0,0.0
2016-12-13 00:00:00+09:00,4781.827086818834,4913.092928417782,4781.827086818834,4903.716796875,747200,0.0,0.0
2016-12-14 00:00:00+09:00,4931.844518504079,4988.101300083973,4866.211606660869,4884.9638671875,748600,0.0,0.0
2016-12-15 00:00:00+09:00,4866.211606660869,4903.716127714132,4800.578694817658,4884.9638671875,325900,0.0,0.0
2016-12-16 00:00:00+09:00,4903.716127714132,4931.844518504079,4866.211606660869,4884.9638671875,344900,0.0,0.0
2016-12-19 00:00:00+09:00,4894.341039578419,4978.726229915978,4866.212642799233,4969.35009765625,536100,0.0,0.0
2016-12-20 00:00:00+09:00,4988.101588054907,5025.606111273365,4959.973195641063,5016.22998046875,360400,0.0,0.0
2016-12-21 00:00:00+09:00,4950.5970138232515,5016.229928779241,4950.5970138232515,4959.97314453125,487000,0.0,0.0
2016-12-22 00:00:00+09:00,4959.972963857922,4988.101354957305,4903.716181659156,4941.220703125,403100,0.0,0.0
2016-12-26 00:00:00+09:00,4969.349985815293,5053.735174253666,4959.973853766585,5034.98291015625,368000,0.0,0.0
2016-12-27 00:00:00+09:00,5034.982552877286,5063.110947027439,4988.101895960366,4997.47802734375,272700,0.0,0.0
2016-12-28 00:00:00+09:00,4997.478381961418,5053.735174253666,4978.726117864001,5034.98291015625,242700,0.0,0.0
2016-12-29 00:00:00+09:00,5044.35955041956,5091.240215386285,5025.607284432871,5063.11181640625,462600,0.0,0.0
2016-12-30 00:00:00+09:00,5081.862361713048,5147.495270443659,5063.11010207573,5138.119140625,476300,0.0,0.0
2017-01-04 00:00:00+09:00,5185.00146484375,5222.505996235024,5128.744667756838,5185.00146484375,433700,0.0,0.0
2017-01-05 00:00:00+09:00,5156.872890908575,5175.625155966424,5081.863830677178,5166.2490234375,520600,0.0,0.0
2017-01-06 00:00:00+09:00,5156.872777357751,5260.010232904906,5156.872777357751,5231.8818359375,416900,0.0,0.0
2017-01-10 00:00:00+09:00,5203.753553553199,5241.258083668898,5156.872890908575,5166.2490234375,433400,0.0,0.0
2017-01-11 00:00:00+09:00,5166.248150993796,5175.624281939338,5091.239103429458,5100.615234375,227500,0.0,0.0
2017-01-12 00:00:00+09:00,5100.615496735075,5100.615496735075,5006.8541824568565,5025.6064453125,473400,0.0,0.0
2017-01-13 00:00:00+09:00,4884.965679873512,4950.598616071428,4866.2134123883925,4922.47021484375,1096900,0.0,0.0
2017-01-16 00:00:00+09:00,4969.349633193598,5044.358684260671,4950.597370426829,4997.47802734375,488800,0.0,0.0
2017-01-17 00:00:00+09:00,4931.844647228603,4950.596908244681,4847.45947265625,4847.45947265625,458000,0.0,0.0
2017-01-18 00:00:00+09:00,4922.4685167205635,4922.4685167205635,4838.083342148211,4847.45947265625,338700,0.0,0.0
2017-01-19 00:00:00+09:00,4828.708634647138,4875.589301002936,4791.2041015625,4791.2041015625,480400,0.0,0.0
2017-01-20 00:00:00+09:00,4781.826969657357,4809.9553635965185,4725.570181779035,4763.07470703125,796200,0.0,0.0
2017-01-23 00:00:00+09:00,4744.322395963023,4753.698527180341,4688.065608659113,4706.81787109375,401300,0.0,0.0
2017-01-24 00:00:00+09:00,4716.1937195666915,4800.578895463511,4706.817588911489,4753.6982421875,348400,0.0,0.0
2017-01-25 00:00:00+09:00,4819.331494909572,4828.707626222626,4725.570181779035,4763.07470703125,291200,0.0,0.0
2017-01-26 00:00:00+09:00,4809.9549242309095,4828.7071851440905,4772.450402404547,4819.3310546875,274200,0.0,0.0
2017-01-27 00:00:00+09:00,4828.70751953125,4866.212043954793,4819.331388425364,4828.70751953125,315200,0.0,0.0
2017-01-30 00:00:00+09:00,4838.083342148211,4856.83560316429,4809.954950624094,4847.45947265625,184300,0.0,0.0
2017-01-31 00:00:00+09:00,4847.459626900133,4856.835757706516,4809.9551036746,4838.08349609375,237500,0.0,0.0
2017-02-01 00:00:00+09:00,4988.101536655246,5034.982190195239,4894.34022957526,4959.97314453125,1050200,0.0,0.0
2017-02-02 00:00:00+09:00,4978.725224590845,5016.229746056689,4931.844572758539,4941.220703125,391200,0.0,0.0
2017-02-03 00:00:00+09:00,4941.221036968809,4978.725560968573,4913.092643968987,4950.59716796875,383800,0.0,0.0
2017-02-06 00:00:00+09:00,4959.973562387319,4969.349693885217,4856.836115910457,4875.58837890625,280800,0.0,0.0
2017-02-07 00:00:00+09:00,4838.083315600681,4884.963967883633,4809.9549242309095,4819.3310546875,304800,0.0,0.0
2017-02-08 00:00:00+09:00,4838.083521495664,4884.964175773724,4800.578998073217,4866.2119140625,321400,0.0,0.0
2017-02-09 00:00:00+09:00,4884.964533789436,4931.8451915033465,4866.212270703872,4903.716796875,527800,0.0,0.0
2017-02-10 00:00:00+09:00,4903.7171295398975,4931.845526076455,4894.340997361045,4913.09326171875,242800,0.0,0.0
2017-02-13 00:00:00+09:00,4941.221658255307,4959.973922613013,4903.7171295398975,4913.09326171875,397000,0.0,0.0
2017-02-14 00:00:00+09:00,4922.469036395733,4931.84516789363,4866.2122474083535,4875.58837890625,256600,0.0,0.0
2017-02-15 00:00:00+09:00,4922.468855574324,4941.221117881274,4847.4598063465255,4856.8359375,305900,0.0,0.0
2017-02-16 00:00:00+09:00,4875.587864180367,4875.587864180367,4819.331081132133,4847.45947265625,334800,0.0,0.0
2017-02-17 00:00:00+09:00,4866.212642799233,4978.726229915978,4819.33198150059,4969.35009765625,545200,0.0,0.0
2017-02-20 00:00:00+09:00,4969.35009765625,4978.726229915978,4903.717171838149,4969.35009765625,255000,0.0,0.0
2017-02-21 00:00:00+09:00,4931.845414386182,5016.230602084805,4913.0931504531545,4978.72607421875,252700,0.0,0.0
2017-02-22 00:00:00+09:00,4978.725224590845,4978.725224590845,4922.468442392078,4941.220703125,189900,0.0,0.0
2017-02-23 00:00:00+09:00,4950.597393889926,5053.734839595966,4941.221262462103,5025.6064453125,467600,0.0,0.0
2017-02-24 00:00:00+09:00,5025.60585721685,5128.743290853764,5016.229726886222,5091.23876953125,639000,0.0,0.0
2017-02-27 00:00:00+09:00,5072.487657683487,5147.496717316514,5063.111525229358,5109.9921875,347900,0.0,0.0
2017-02-28 00:00:00+09:00,5109.992481372975,5128.744747359665,5053.735683412905,5063.11181640625,365300,0.0,0.0
2017-03-01 00:00:00+09:00,5072.486789230813,5231.881013661356,5072.486789230813,5222.5048828125,685800,0.0,0.0
2017-03-02 00:00:00+09:00,5241.257968259968,5278.762497549843,5185.001174325157,5231.8818359375,602300,0.0,0.0
2017-03-03 00:00:00+09:00,5231.880580109348,5316.265750756273,5222.504450037467,5278.76123046875,559700,0.0,0.0
2017-03-06 00:00:00+09:00,5278.76123046875,5325.641880828152,5250.632840253108,5278.76123046875,398800,0.0,0.0
2017-03-07 00:00:00+09:00,5278.761564647052,5325.64221797429,5260.009303316157,5288.1376953125,442000,0.0,0.0
2017-03-08 00:00:00+09:00,5278.761384251279,5316.265905631394,5250.6329932161925,5269.38525390625,377200,0.0,0.0
2017-03-09 00:00:00+09:00,5297.513929603344,5316.266191301055,5203.75262111479,5222.5048828125,374300,0.0,0.0
2017-03-10 00:00:00+09:00,5269.385407962901,5288.137669201204,5222.5047548671455,5260.00927734375,428500,0.0,0.0
2017-03-13 00:00:00+09:00,5269.38525390625,5335.018166321453,5260.009123561221,5269.38525390625,281800,0.0,0.0
2017-03-14 00:00:00+09:00,5278.761564647052,5306.889956643396,5250.63317265071,5288.1376953125,169900,0.0,0.0
2017-03-15 00:00:00+09:00,5278.762229461131,5335.019020538869,5269.386097614841,5306.890625,201700,0.0,0.0
2017-03-16 00:00:00+09:00,5269.385537056778,5278.761667905633,5213.128751963644,5222.5048828125,293300,0.0,0.0
2017-03-17 00:00:00+09:00,5185.000027224314,5222.504548216895,5147.495506231733,5213.12841796875,306300,0.0,0.0
2017-03-21 00:00:00+09:00,5222.50539376395,5260.009920828683,5185.000866699219,5250.6337890625,227000,0.0,0.0
2017-03-22 00:00:00+09:00,5250.632698448905,5297.513347542199,5119.366880987683,5138.119140625,467500,0.0,0.0
2017-03-23 00:00:00+09:00,5109.992228263952,5194.377421024274,5109.992228263952,5166.2490234375,243900,0.0,0.0
2017-03-24 00:00:00+09:00,5166.248097719367,5250.633275359067,5166.248097719367,5222.5048828125,182300,0.0,0.0
2017-03-27 00:00:00+09:00,5194.3772856841215,5241.257947107263,5166.248888830236,5203.75341796875,219700,0.0,0.0
2017-03-28 00:00:00+09:00,5231.881013661356,5260.009406207922,5203.75262111479,5222.5048828125,226300,0.0,0.0
2017-03-29 00:00:00+09:00,5222.50509769119,5278.86306637131,5184.933118571109,5250.68408203125,255000,10.0,0.0
2017-03-30 00:00:00+09:00,5241.292414772727,5278.864403409091,5137.969446022727,5166.1484375,278100,0.0,0.0
2017-03-31 00:00:00+09:00,5175.5402298538775,5194.3262197989,5072.21728515625,5072.21728515625,299200,0.0,0.0
2017-04-03 00:00:00+09:00,5100.395478831778,5250.683375077282,5081.60949180109,5222.50439453125,408400,0.0,0.0
2017-04-04 00:00:00+09:00,5278.863493846792,5400.9724358752765,5260.077502765486,5307.04248046875,772200,0.0,0.0
2017-04-05 00:00:00+09:00,5335.22119140625,5410.365151848591,5278.863221074494,5335.22119140625,513800,0.0,0.0
2017-04-06 00:00:00+09:00,5307.041336169345,5344.613310230721,5203.718407500562,5222.50439453125,380700,0.0,0.0
2017-04-07 00:00:00+09:00,5222.505320463532,5391.579233715949,5213.112325282843,5344.6142578125,478300,0.0,0.0
2017-04-10 00:00:00+09:00,5344.614533872571,5391.579512201855,5269.470568545716,5316.435546875,397400,0.0,0.0
2017-04-11 00:00:00+09:00,5278.863493846792,5354.007458172013,5269.470498306139,5307.04248046875,235700,0.0,0.0
2017-04-12 00:00:00+09:00,5269.470498306139,5307.04248046875,5231.8985161435285,5307.04248046875,227000,0.0,0.0
2017-04-13 00:00:00+09:00,5288.256559877429,5354.007529538428,5288.256559877429,5316.435546875,271400,0.0,0.0
2017-04-14 00:00:00+09:00,5316.435611397879,5335.221602957589,5231.898649379185,5260.07763671875,267100,0.0,0.0
2017-04-17 00:00:00+09:00,5260.077510380245,5391.579448139751,5260.077510380245,5372.79345703125,273700,0.0,0.0
2017-04-18 00:00:00+09:00,5372.793243354569,5372.793243354569,5297.649281909051,5344.6142578125,395100,0.0,0.0
2017-04-19 00:00:00+09:00,5325.828479259998,5400.972443694001,5325.828479259998,5372.79345703125,229100,0.0,0.0
2017-04-20 00:00:00+09:00,5372.79288217531,5382.185876724568,5260.07694758422,5297.64892578125,226300,0.0,0.0
2017-04-21 00:00:00+09:00,5316.435130070547,5344.614114858907,5297.649140211641,5325.828125,146600,0.0,0.0
2017-04-24 00:00:00+09:00,5325.828136909299,5400.972096512957,5316.435141958842,5391.5791015625,237500,0.0,0.0
2017-04-25 00:00:00+09:00,5410.365163043478,5447.937143342391,5363.400187669837,5400.97216796875,365700,0.0,0.0
2017-04-26 00:00:00+09:00,5410.365103270224,5466.723073095955,5372.793123386403,5457.330078125,453700,0.0,0.0
2017-04-27 00:00:00+09:00,5457.330502355729,5523.081472263629,5457.330502355729,5513.6884765625,313600,0.0,0.0
2017-04-28 00:00:00+09:00,5532.474467964757,5541.867463665886,5466.723498056857,5513.6884765625,335300,0.0,0.0
2017-05-01 00:00:00+09:00,5513.6893839657105,5513.6893839657105,5457.3314004839485,5504.29638671875,267000,0.0,0.0
2017-05-02 00:00:00+09:00,5494.901655679648,5551.259621378927,5494.901655679648,5532.4736328125,307900,0.0,0.0
2017-05-08 00:00:00+09:00,5607.618516890314,5654.58349609375,5588.832525208939,5654.58349609375,625200,0.0,0.0
2017-05-09 00:00:00+09:00,5654.583220880682,5720.334188565341,5645.190225497159,5682.76220703125,420600,0.0,0.0
2017-05-10 00:00:00+09:00,5673.369140625,5710.941121688742,5654.583150093129,5673.369140625,342900,0.0,0.0
2017-05-11 00:00:00+09:00,5654.5828645833335,5682.761848958334,5617.0108854166665,5635.796875,280800,0.0,0.0
2017-05-12 00:00:00+09:00,5617.01025390625,5654.582228848767,5570.045285228104,5617.01025390625,273300,0.0,0.0
2017-05-15 00:00:00+09:00,5607.618103331001,5682.762064514666,5598.225108183044,5663.97607421875,409400,0.0,0.0
2017-05-16 00:00:00+09:00,5729.726649410903,5898.80055054106,5720.333654903671,5804.87060546875,621500,0.0,0.0
2017-05-17 00:00:00+09:00,5757.905986657303,5851.8359375,5748.512991573034,5851.8359375,326900,0.0,0.0
2017-05-18 00:00:00+09:00,5804.871376356511,5861.229350884244,5786.085384847267,5842.443359375,273900,0.0,0.0
2017-05-19 00:00:00+09:00,5823.65673828125,5861.228717237903,5757.905775107107,5823.65673828125,295400,0.0,0.0
2017-05-22 00:00:00+09:00,5823.657508263222,5880.01548414964,5814.264512282151,5861.2294921875,171100,0.0,0.0
2017-05-23 00:00:00+09:00,5880.0146484375,5964.551600252096,5870.621653791433,5880.0146484375,315200,0.0,0.0
2017-05-24 00:00:00+09:00,5898.801198664274,5917.587189742823,5861.229216507178,5889.408203125,184400,0.0,0.0
2017-05-25 00:00:00+09:00,5880.0146342386915,5917.586612732229,5795.4776826282305,5814.263671875,473500,0.0,0.0
2017-05-26 00:00:00+09:00,5870.621784105777,5889.407773814915,5823.656809832931,5833.0498046875,421800,0.0,0.0
2017-05-29 00:00:00+09:00,5842.442598437499,5917.586554687499,5833.04960390625,5870.62158203125,396200,0.0,0.0
2017-05-30 00:00:00+09:00,5870.62158203125,5889.4075710937495,5823.656609375,5870.62158203125,260500,0.0,0.0
2017-05-31 00:00:00+09:00,5870.62158203125,5917.586554687499,5851.83559296875,5870.62158203125,295800,0.0,0.0
2017-06-01 00:00:00+09:00,5880.0144801169445,6058.481373283434,5870.621485739761,6049.08837890625,527200,0.0,0.0
2017-06-02 00:00:00+09:00,6039.695657572397,6049.08865237422,5964.551699157811,6020.90966796875,436800,0.0,0.0
2017-06-05 00:00:00+09:00,5973.945185908565,6114.840119538484,5973.945185908565,6086.6611328125,297700,0.0,0.0
2017-06-06 00:00:00+09:00,6086.661414398006,6161.805382476994,6058.482426368386,6124.2333984375,354100,0.0,0.0
2017-06-07 00:00:00+09:00,6105.447406417753,6161.805382476994,6096.05441040788,6124.2333984375,321800,0.0,0.0
2017-06-08 00:00:00+09:00,6124.233115113812,6152.4121018397955,6077.268137237173,6086.6611328125,259300,0.0,0.0
2017-06-09 00:00:00+09:00,6058.4817191150705,6086.66070385514,6020.909739461644,6030.302734375,196700,0.0,0.0
2017-06-12 00:00:00+09:00,6039.695657572397,6039.695657572397,5955.158704355987,6020.90966796875,222800,0.0,0.0
2017-06-13 00:00:00+09:00,6011.51632970451,6086.660283825817,6011.51632970451,6039.6953125,165600,0.0,0.0
2017-06-14 00:00:00+09:00,6011.516312893082,6067.874278326454,5964.551341698604,5973.9443359375,286800,0.0,0.0
2017-06-15 00:00:00+09:00,6011.51632970451,6067.87429529549,5992.730341174183,6039.6953125,235600,0.0,0.0
2017-06-16 00:00:00+09:00,6030.3028662186025,6067.874846693485,5964.551900387559,5983.337890625,200600,0.0,0.0
2017-06-19 00:00:00+09:00,5945.765910150118,6002.123880862441,5926.979919912676,5983.337890625,135900,0.0,0.0
2017-06-20 00:00:00+09:00,5992.73095703125,6002.123952261706,5945.765980878968,5992.73095703125,202700,0.0,0.0
2017-06-21 00:00:00+09:00,6020.909596252442,6039.695585632324,5955.158633422851,6011.5166015625,179200,0.0,0.0
2017-06-22 00:00:00+09:00,6049.088216658464,6049.088216658464,5936.372287155512,5964.55126953125,299000,0.0,0.0
2017-06-23 00:00:00+09:00,5926.979753233192,5926.979753233192,5823.656809832931,5833.0498046875,266100,0.0,0.0
2017-06-26 00:00:00+09:00,5814.2643721111335,5851.8363551296225,5786.085384847267,5842.443359375,223200,0.0,0.0
2017-06-27 00:00:00+09:00,5851.835722498739,5880.01470671623,5767.29876984627,5823.65673828125,264300,0.0,0.0
2017-06-28 00:00:00+09:00,5795.478374301321,5823.657361534553,5767.299387068089,5776.6923828125,168000,0.0,0.0
2017-06-29 00:00:00+09:00,5776.692169787837,5786.085165185867,5710.941202001634,5748.51318359375,214500,0.0,0.0
2017-06-30 00:00:00+09:00,5710.941193181819,5710.941193181819,5645.190225497159,5682.76220703125,331700,0.0,0.0
2017-07-03 00:00:00+09:00,5682.762412580595,5682.762412580595,5617.011442517679,5645.1904296875,223500,0.0,0.0
2017-07-04 00:00:00+09:00,5673.368913746843,5682.761908637152,5523.080995501894,5579.43896484375,400900,0.0,0.0
2017-07-05 00:00:00+09:00,5532.474333891998,5560.6533203125,5485.509356524493,5560.6533203125,326100,0.0,0.0
2017-07-06 00:00:00+09:00,5570.046315786001,5607.618297680005,5541.867329365498,5560.6533203125,202200,0.0,0.0
2017-07-07 00:00:00+09:00,5654.5828645833335,5720.333828125,5607.617890625,5635.796875,489700,0.0,0.0
2017-07-10 00:00:00+09:00,5682.76220703125,5757.906170099432,5654.583220880682,5682.76220703125,348500,0.0,0.0
2017-07-11 00:00:00+09:00,5654.583159651187,5748.513112469313,5635.797169087562,5739.1201171875,203200,0.0,0.0
2017-07-12 00:00:00+09:00,5729.726822916667,5739.119817708333,5635.796875,5635.796875,208700,0.0,0.0
2017-07-13 00:00:00+09:00,5682.7622779367775,5720.334259939666,5645.19029593389,5692.1552734375,192700,0.0,0.0
2017-07-14 00:00:00+09:00,5692.154798697492,5757.90576171875,5692.154798697492,5757.90576171875,201700,0.0,0.0
2017-07-17 00:00:00+09:00,5757.90576171875,5757.90576171875,5757.90576171875,5757.90576171875,0,0.0,0.0
2017-07-18 00:00:00+09:00,5804.870461203835,5833.049444025212,5748.512495561079,5786.08447265625,241100,0.0,0.0
2017-07-19 00:00:00+09:00,5776.69163671875,5880.014576562499,5767.298642187499,5870.62158203125,300100,0.0,0.0
2017-07-20 00:00:00+09:00,5889.4079996099945,5945.765970898128,5880.015004395305,5926.97998046875,253400,0.0,0.0
2017-07-21 00:00:00+09:00,5880.014933655753,5917.5869140625,5870.621938554067,5917.5869140625,165700,0.0,0.0
2017-07-24 00:00:00+09:00,5861.228943452381,5936.372904265872,5842.442953249008,5917.5869140625,156600,0.0,0.0
2017-07-25 00:00:00+09:00,5898.80062348546,5908.193618108845,5814.263671875,5814.263671875,232600,0.0,0.0
2017-07-26 00:00:00+09:00,5833.049298115584,5851.835286193251,5729.726363688416,5767.29833984375,216500,0.0,0.0
2017-07-27 00:00:00+09:00,5739.120406074156,5898.801333902733,5739.120406074156,5842.443359375,207200,0.0,0.0
2017-07-28 00:00:00+09:00,5880.0146342386915,5889.407628862075,5795.4776826282305,5814.263671875,161400,0.0,0.0
2017-07-31 00:00:00+09:00,5325.828078697468,5476.115996262123,5260.077114762931,5447.93701171875,1190900,0.0,0.0
2017-08-01 00:00:00+09:00,5438.544209619398,5457.330199980778,5297.649281909051,5344.6142578125,720200,0.0,0.0
2017-08-02 00:00:00+09:00,5372.792735904137,5372.792735904137,5250.683810088134,5278.86279296875,483200,0.0,0.0
2017-08-03 00:00:00+09:00,5335.221202445652,5410.365163043478,5325.828207370924,5400.97216796875,395800,0.0,0.0
2017-08-04 00:00:00+09:00,5382.185919971955,5513.687844718215,5363.399930722489,5494.90185546875,510200,0.0,0.0
2017-08-07 00:00:00+09:00,5504.295683119032,5513.6886791653105,5400.972726609972,5410.36572265625,314700,0.0,0.0
2017-08-08 00:00:00+09:00,5476.116415863828,5504.295402566386,5419.758442458711,5438.54443359375,231200,0.0,0.0
2017-08-09 00:00:00+09:00,5494.902406998866,5513.688398133905,5400.972451323672,5438.54443359375,220800,0.0,0.0
2017-08-10 00:00:00+09:00,5457.329661995274,5485.50864475945,5419.757684976375,5466.72265625,243700,0.0,0.0
2017-08-11 00:00:00+09:00,5466.72265625,5466.72265625,5466.72265625,5466.72265625,0,0.0,0.0
2017-08-14 00:00:00+09:00,5457.330006566541,5476.115996262123,5372.793052936423,5447.93701171875,211300,0.0,0.0
2017-08-15 00:00:00+09:00,5513.688000611584,5626.403939295296,5513.688000611584,5579.43896484375,467200,0.0,0.0
2017-08-16 00:00:00+09:00,5579.439036239496,5598.225026260504,5541.867056197479,5588.83203125,193000,0.0,0.0
2017-08-17 00:00:00+09:00,5570.045682435117,5588.831671246027,5532.473704813295,5541.86669921875,153500,0.0,0.0
2017-08-18 00:00:00+09:00,5476.11572265625,5504.294705791703,5457.329733899282,5476.11572265625,269900,0.0,0.0
2017-08-21 00:00:00+09:00,5513.687700170187,5541.8666833056395,5457.329733899282,5476.11572265625,173700,0.0,0.0
2017-08-22 00:00:00+09:00,5466.723001414332,5504.2949808054955,5447.93701171875,5447.93701171875,134400,0.0,0.0
2017-08-23 00:00:00+09:00,5476.115794560681,5513.687772567958,5429.150822051584,5485.5087890625,168500,0.0,0.0
2017-08-24 00:00:00+09:00,5494.90185546875,5523.080839342949,5476.115866219284,5494.90185546875,153000,0.0,0.0
2017-08-25 00:00:00+09:00,5485.508991109914,5485.508991109914,5382.186047784214,5447.93701171875,204000,0.0,0.0
2017-08-28 00:00:00+09:00,5447.936811055222,5485.5087890625,5447.936811055222,5485.5087890625,157400,0.0,0.0
2017-08-29 00:00:00+09:00,5476.116344412306,5523.081321637111,5410.365376297578,5429.1513671875,222100,0.0,0.0
2017-08-30 00:00:00+09:00,5438.54443359375,5457.330424728789,5391.579455756153,5438.54443359375,228800,0.0,0.0
2017-08-31 00:00:00+09:00,5466.722800058861,5504.294778066139,5429.150822051584,5485.5087890625,131500,0.0,0.0
2017-09-01 00:00:00+09:00,5494.9033894717895,5532.4753784596305,5485.510392224829,5504.29638671875,209500,0.0,0.0
2017-09-04 00:00:00+09:00,5494.902058008821,5513.688047950732,5438.544088183089,5457.330078125,154900,0.0,0.0
2017-09-05 00:00:00+09:00,5476.115794560681,5532.473761571597,5457.329805557042,5485.5087890625,235200,0.0,0.0
2017-09-06 00:00:00+09:00,5485.508860844016,5513.687844718215,5400.971909221421,5494.90185546875,181500,0.0,0.0
2017-09-07 00:00:00+09:00,5485.508773830155,5551.259735160312,5400.971823548527,5419.7578125,208200,0.0,0.0
2017-09-08 00:00:00+09:00,5344.614399764667,5382.186381485332,5297.649422613835,5363.400390625,332800,0.0,0.0
2017-09-11 00:00:00+09:00,5382.186106612043,5429.151081364329,5344.614126810214,5391.5791015625,156300,0.0,0.0
2017-09-12 00:00:00+09:00,5419.758434802502,5429.151430356753,5344.614470368499,5372.79345703125,281300,0.0,0.0
2017-09-13 00:00:00+09:00,5372.7928248355265,5382.185819284539,5316.434858141447,5354.0068359375,272100,0.0,0.0
2017-09-14 00:00:00+09:00,5354.007050678992,5400.972024807755,5344.61405585324,5382.18603515625,205100,0.0,0.0
2017-09-15 00:00:00+09:00,5410.365446891192,5504.295402566386,5400.972451323672,5438.54443359375,260800,0.0,0.0
2017-09-18 00:00:00+09:00,5438.54443359375,5438.54443359375,5438.54443359375,5438.54443359375,0,0.0,0.0
2017-09-19 00:00:00+09:00,5354.007458172013,5363.400453712666,5250.684507224833,5307.04248046875,542100,0.0,0.0
2017-09-20 00:00:00+09:00,5457.330424728789,5560.653375971502,5419.758442458711,5438.54443359375,573900,0.0,0.0
2017-09-21 00:00:00+09:00,5438.544088183089,5523.081042921687,5419.758098241179,5457.330078125,254600,0.0,0.0
2017-09-22 00:00:00+09:00,5476.11572265625,5523.080694548671,5457.329733899282,5476.11572265625,177700,0.0,0.0
2017-09-25 00:00:00+09:00,5485.508717034734,5513.687700170187,5457.329733899282,5476.11572265625,132900,0.0,0.0
2017-09-26 00:00:00+09:00,5485.508464639545,5570.04541015625,5485.508464639545,5570.04541015625,256600,0.0,0.0
2017-09-27 00:00:00+09:00,5551.195824781515,5579.47016684322,5522.921482719809,5560.62060546875,250200,20.0,0.0
2017-09-28 00:00:00+09:00,5560.621714751993,5636.019975291003,5532.347367049864,5617.17041015625,271400,0.0,0.0
2017-09-29 00:00:00+09:00,5588.895530829124,5617.169875841751,5560.621185816498,5598.3203125,243400,0.0,0.0
2017-10-02 00:00:00+09:00,5617.170812658362,5626.595595901077,5560.622113202069,5579.4716796875,178200,0.0,0.0
2017-10-03 00:00:00+09:00,5570.045828683035,5570.045828683035,5494.64757719494,5541.771484375,251900,0.0,0.0
2017-10-04 00:00:00+09:00,5541.771995039262,5560.621559648239,5494.648083516819,5551.19677734375,192700,0.0,0.0
2017-10-05 00:00:00+09:00,5598.320845021498,5645.444757858379,5579.471279886745,5617.17041015625,194900,0.0,0.0
2017-10-06 00:00:00+09:00,5654.869163373544,5683.143509190412,5636.019599495633,5664.2939453125,323800,0.0,0.0
2017-10-09 00:00:00+09:00,5664.2939453125,5664.2939453125,5664.2939453125,5664.2939453125,0,0.0,0.0
2017-10-10 00:00:00+09:00,5749.11767578125,5758.542458856301,5645.4450619556865,5749.11767578125,338300,0.0,0.0
2017-10-11 00:00:00+09:00,5767.966691300676,5928.18798828125,5767.966691300676,5928.18798828125,336000,0.0,0.0
2017-10-12 00:00:00+09:00,5937.612725216806,5956.462289423844,5881.064032595694,5909.33837890625,239100,0.0,0.0
2017-10-13 00:00:00+09:00,5899.9126458623605,5947.036548784584,5862.213523524581,5918.76220703125,204000,0.0,0.0
2017-10-16 00:00:00+09:00,5937.611959205484,6003.585425418878,5918.762397430228,5994.16064453125,198200,0.0,0.0
2017-10-17 00:00:00+09:00,6013.0105561755945,6031.860119047618,5928.187523251488,5937.6123046875,186100,0.0,0.0
2017-10-18 00:00:00+09:00,5937.611982743819,6031.85979199372,5928.187201818829,6003.58544921875,268900,0.0,0.0
2017-10-19 00:00:00+09:00,5984.735671122363,6031.859574044585,5899.9126458623605,5918.76220703125,199500,0.0,0.0
2017-10-20 00:00:00+09:00,5899.913178943452,5965.886648995535,5890.48839750744,5937.6123046875,152000,0.0,0.0
2017-10-23 00:00:00+09:00,5918.76220703125,5947.036548784584,5899.9126458623605,5918.76220703125,190200,0.0,0.0
2017-10-24 00:00:00+09:00,5918.763206105922,5965.887116982562,5890.488859579938,5928.18798828125,211700,0.0,0.0
2017-10-25 00:00:00+09:00,5909.337305157755,5918.762085548756,5843.363842420747,5871.63818359375,210500,0.0,0.0
2017-10-26 00:00:00+09:00,5947.0370861235115,5984.736211867559,5890.48839750744,5937.6123046875,243200,0.0,0.0
2017-10-27 00:00:00+09:00,5947.0370861235115,5956.461867559524,5899.913178943452,5937.6123046875,180200,0.0,0.0
2017-10-30 00:00:00+09:00,5899.912835654973,5994.16064453125,5881.063273879717,5994.16064453125,323100,0.0,0.0
2017-10-31 00:00:00+09:00,5994.161463508545,5994.161463508545,5909.338423930594,5928.18798828125,264000,0.0,0.0
2017-11-01 00:00:00+09:00,5362.701171875,5390.975519002636,5315.577259995606,5362.701171875,1538700,0.0,0.0
2017-11-02 00:00:00+09:00,5362.701081996682,5372.125864214602,5296.72760647124,5325.001953125,581000,0.0,0.0
2017-11-03 00:00:00+09:00,5325.001953125,5325.001953125,5325.001953125,5325.001953125,0,0.0,0.0
2017-11-06 00:00:00+09:00,5325.001580489309,5390.975051398026,5277.877672697368,5372.12548828125,516800,0.0,0.0
2017-11-07 00:00:00+09:00,5343.851651433888,5390.975563704028,5296.727739163748,5381.55078125,459800,0.0,0.0
2017-11-08 00:00:00+09:00,5343.851097429302,5362.700660383198,5315.57675299846,5353.27587890625,520000,0.0,0.0
2017-11-09 00:00:00+09:00,5372.125954250879,5419.2498661302725,5334.426824747364,5362.701171875,614700,0.0,0.0
2017-11-10 00:00:00+09:00,5306.152521617776,5381.55078125,5296.727739163748,5381.55078125,436700,0.0,0.0
2017-11-13 00:00:00+09:00,5390.97509765625,5409.824660934769,5372.125534377732,5390.97509765625,225600,0.0,0.0
2017-11-14 00:00:00+09:00,5372.125818716696,5372.125818716696,5296.7275616119005,5306.15234375,297800,0.0,0.0
2017-11-15 00:00:00+09:00,5306.152275739397,5334.426621791295,5268.4531476702,5277.8779296875,385600,0.0,0.0
2017-11-16 00:00:00+09:00,5240.17822265625,5287.302127536253,5221.328660704249,5240.17822265625,581500,0.0,0.0
2017-11-17 00:00:00+09:00,5277.877152714416,5277.877152714416,5108.231101377167,5164.77978515625,852900,0.0,0.0
2017-11-20 00:00:00+09:00,5089.382044057377,5174.205078125,5070.532480931239,5174.205078125,288600,0.0,0.0
2017-11-21 00:00:00+09:00,5174.205990298764,5174.205990298764,5117.657290951237,5145.931640625,335700,0.0,0.0
2017-11-22 00:00:00+09:00,5136.505812615102,5145.930593922652,5098.806687384898,5117.65625,319500,0.0,0.0
2017-11-23 00:00:00+09:00,5117.65625,5117.65625,5117.65625,5117.65625,0,0.0,0.0
2017-11-24 00:00:00+09:00,5089.38144459444,5136.505346859203,5079.956664141487,5127.08056640625,263500,0.0,0.0
2017-11-27 00:00:00+09:00,5164.781207074177,5183.630773523352,5136.506857400413,5145.931640625,267700,0.0,0.0
2017-11-28 00:00:00+09:00,5145.930779264972,5202.479469147005,5136.505997617967,5193.0546875,235200,0.0,0.0
2017-11-29 00:00:00+09:00,5174.205078125,5193.0546412511385,5145.930733435793,5174.205078125,254100,0.0,0.0
2017-11-30 00:00:00+09:00,5183.629513302365,5230.75341796875,5155.355170502534,5230.75341796875,375100,0.0,0.0
2017-12-01 00:00:00+09:00,5230.753790838068,5249.603354048296,5164.780319602273,5183.6298828125,244700,0.0,0.0
2017-12-04 00:00:00+09:00,5174.2051471212635,5230.7538372537365,5164.780365432518,5202.4794921875,304600,0.0,0.0
2017-12-05 00:00:00+09:00,5211.9045223690055,5315.5771258880995,5211.9045223690055,5306.15234375,339100,0.0,0.0
2017-12-06 00:00:00+09:00,5259.028455369016,5353.276277149823,5259.028455369016,5315.5771484375,381100,0.0,0.0
2017-12-07 00:00:00+09:00,5343.851212266852,5409.824684023233,5334.426430587369,5400.39990234375,423600,0.0,0.0
2017-12-08 00:00:00+09:00,5353.27601671385,5409.82470703125,5343.851234994283,5409.82470703125,275000,0.0,0.0
2017-12-11 00:00:00+09:00,5409.824752807617,5438.099098205566,5372.125625610352,5428.67431640625,283100,0.0,0.0
2017-12-12 00:00:00+09:00,5438.0985852581525,5456.948147078804,5400.3994616168475,5419.2490234375,252900,0.0,0.0
2017-12-13 00:00:00+09:00,5419.2498661302725,5419.2498661302725,5343.8516071232425,5362.701171875,284800,0.0,0.0
2017-12-14 00:00:00+09:00,5390.975143592116,5428.674270470383,5372.125580152983,5409.82470703125,204600,0.0,0.0
2017-12-15 00:00:00+09:00,5381.5502698396385,5419.249396073191,5325.001580489309,5372.12548828125,244000,0.0,0.0
2017-12-18 00:00:00+09:00,5400.400346158056,5409.825128612084,5325.002086525832,5381.55078125,197300,0.0,0.0
2017-12-19 00:00:00+09:00,5390.974488811728,5390.974488811728,5325.001024787809,5343.8505859375,172000,0.0,0.0
2017-12-20 00:00:00+09:00,5315.5771484375,5325.001930615581,5277.878019725177,5315.5771484375,177800,0.0,0.0
2017-12-21 00:00:00+09:00,5306.15234375,5315.5771258880995,5268.453215197602,5306.15234375,175600,0.0,0.0
2017-12-22 00:00:00+09:00,5306.151925346456,5334.42626953125,5296.727143951524,5334.42626953125,120000,0.0,0.0
2017-12-25 00:00:00+09:00,5334.42673534292,5334.42673534292,5287.302824253319,5325.001953125,126300,0.0,0.0
2017-12-26 00:00:00+09:00,5334.42626953125,5362.700613716045,5325.001488136319,5334.42626953125,116600,0.0,0.0
2017-12-27 00:00:00+09:00,5343.851050926181,5353.275832321113,5315.576706741387,5334.42626953125,114400,0.0,0.0
2017-12-28 00:00:00+09:00,5325.001534475407,5353.27587890625,5306.151971521512,5353.27587890625,149700,0.0,0.0
2017-12-29 00:00:00+09:00,5353.275738156139,5381.550081843583,5268.452707093806,5296.72705078125,218300,0.0,0.0
2018-01-01 00:00:00+09:00,5296.72705078125,5296.72705078125,5296.72705078125,5296.72705078125,0,0.0,0.0
2018-01-02 00:00:00+09:00,5296.72705078125,5296.72705078125,5296.72705078125,5296.72705078125,0,0.0,0.0
2018-01-03 00:00:00+09:00,5296.72705078125,5296.72705078125,5296.72705078125,5296.72705078125,0,0.0,0.0
2018-01-04 00:00:00+09:00,5230.7536741870035,5334.42626953125,5193.054548607277,5334.42626953125,360400,0.0,0.0
2018-01-05 00:00:00+09:00,5372.125998795972,5390.975563704028,5325.002086525832,5381.55078125,235200,0.0,0.0
2018-01-08 00:00:00+09:00,5381.55078125,5381.55078125,5381.55078125,5381.55078125,0,0.0,0.0
2018-01-09 00:00:00+09:00,5428.674038461539,5522.921851629273,5419.249257144765,5513.4970703125,438600,0.0,0.0
2018-01-10 00:00:00+09:00,5532.348039659848,5551.197607086287,5456.949769954092,5485.22412109375,364200,0.0,0.0
2018-01-11 00:00:00+09:00,5466.373823336252,5466.373823336252,5362.701216341944,5381.55078125,222100,0.0,0.0
2018-01-12 00:00:00+09:00,5353.276614396319,5372.126179939968,5240.1792211344255,5249.60400390625,335000,0.0,0.0
2018-01-15 00:00:00+09:00,5268.453170259581,5343.851426721257,5259.028388201872,5287.302734375,274400,0.0,0.0
2018-01-16 00:00:00+09:00,5296.727143951524,5372.125395110977,5296.727143951524,5334.42626953125,175900,0.0,0.0
2018-01-17 00:00:00+09:00,5325.001908026199,5381.550600854795,5296.7275616119005,5306.15234375,162900,0.0,0.0
2018-01-18 00:00:00+09:00,5315.577416375226,5334.42698168152,5221.32958984375,5221.32958984375,264500,0.0,0.0
2018-01-19 00:00:00+09:00,5249.602979835304,5296.72688450169,5230.75341796875,5230.75341796875,123400,0.0,0.0
2018-01-22 00:00:00+09:00,5249.6035610465115,5277.877906976744,5221.32921511628,5268.453125,168300,0.0,0.0
2018-01-23 00:00:00+09:00,5325.002042371485,5372.125954250879,5315.577259995606,5362.701171875,186700,0.0,0.0
2018-01-24 00:00:00+09:00,5353.275832321113,5362.700613716045,5306.151925346456,5334.42626953125,146600,0.0,0.0
2018-01-25 00:00:00+09:00,5334.426175697842,5362.7005193852865,5287.302269552102,5296.72705078125,133200,0.0,0.0
2018-01-26 00:00:00+09:00,5315.577034883721,5334.42659883721,5268.453125,5268.453125,142200,0.0,0.0
2018-01-29 00:00:00+09:00,5277.8779296875,5306.152275739397,5259.028365652902,5277.8779296875,172100,0.0,0.0
2018-01-30 00:00:00+09:00,5277.878285762636,5287.303068415783,5202.4800245374545,5221.32958984375,274200,0.0,0.0
2018-01-31 00:00:00+09:00,5230.75344168025,5306.151689488253,5211.903879728248,5240.17822265625,365900,0.0,0.0
2018-02-01 00:00:00+09:00,4957.435411658654,5042.258451021635,4891.461936598558,4900.88671875,1494400,0.0,0.0
2018-02-02 00:00:00+09:00,4882.0369488441775,4891.461730598703,4797.213913053449,4816.0634765625,769000,0.0,0.0
2018-02-05 00:00:00+09:00,4806.639026460194,4816.063808865018,4721.815984816779,4750.09033203125,543900,0.0,0.0
2018-02-06 00:00:00+09:00,4669.979503508537,4768.9397149855085,4556.882118963426,4674.69189453125,893200,0.0,0.0
2018-02-07 00:00:00+09:00,4825.487574552684,4863.186696228877,4731.239770362202,4740.66455078125,373600,0.0,0.0
2018-02-08 00:00:00+09:00,4740.665482511539,4768.939829325724,4707.678744561658,4721.81591796875,284200,0.0,0.0
2018-02-09 00:00:00+09:00,4684.116033815871,4806.63818359375,4669.978862687653,4806.63818359375,431100,0.0,0.0
2018-02-12 00:00:00+09:00,4806.63818359375,4806.63818359375,4806.63818359375,4806.63818359375,0,0.0,0.0
2018-02-13 00:00:00+09:00,5042.257644190932,5079.956766764323,4957.4346184008045,4976.2841796875,685200,0.0,0.0
2018-02-14 00:00:00+09:00,4976.284827686916,5061.107864522488,4966.860045816296,5042.25830078125,452900,0.0,0.0
2018-02-15 00:00:00+09:00,4966.859722701236,5004.558847731226,4891.461472641255,4910.31103515625,411200,0.0,0.0
2018-02-16 00:00:00+09:00,4919.7354958274145,4995.1337409741955,4900.88593454072,4976.2841796875,223700,0.0,0.0
2018-02-19 00:00:00+09:00,5023.408226898993,5051.682569639513,4985.709103244967,5032.8330078125,174200,0.0,0.0
2018-02-20 00:00:00+09:00,5042.25921401404,5051.6839975916355,4995.135296126057,5013.98486328125,253000,0.0,0.0
2018-02-21 00:00:00+09:00,4900.886277238985,4929.160621146133,4834.912808122306,4919.73583984375,523700,0.0,0.0
2018-02-22 00:00:00+09:00,4929.161019697152,4929.161019697152,4853.762763181709,4882.037109375,257900,0.0,0.0
2018-02-23 00:00:00+09:00,4910.31103515625,4948.010160186241,4891.461472641255,4910.31103515625,225000,0.0,0.0
2018-02-26 00:00:00+09:00,4919.735955659986,4976.284644805503,4910.311174135733,4966.85986328125,190300,0.0,0.0
2018-02-27 00:00:00+09:00,4966.860306919642,4976.285089285714,4929.161177455357,4948.0107421875,155500,0.0,0.0
2018-02-28 00:00:00+09:00,4957.434988572539,5013.983676655115,4929.16064453125,4929.16064453125,216700,0.0,0.0
2018-03-01 00:00:00+09:00,4938.585778832205,4938.585778832205,4853.762740646155,4872.6123046875,244700,0.0,0.0
2018-03-02 00:00:00+09:00,4806.638062732054,4816.062843247215,4712.390257580446,4759.51416015625,322600,0.0,0.0
2018-03-05 00:00:00+09:00,4750.090049342106,4853.762649625366,4740.665267498172,4834.9130859375,247900,0.0,0.0
2018-03-06 00:00:00+09:00,4853.76220703125,4891.461330969357,4787.788740139564,4853.76220703125,255700,0.0,0.0
2018-03-07 00:00:00+09:00,4834.912645062197,4891.461330969357,4825.48786407767,4853.76220703125,250300,0.0,0.0
2018-03-08 00:00:00+09:00,4863.187545246139,4910.311455568291,4834.913199052848,4882.037109375,207600,0.0,0.0
2018-03-09 00:00:00+09:00,4929.160737184238,4995.134207854008,4919.735955659986,4966.85986328125,451400,0.0,0.0
2018-03-12 00:00:00+09:00,4976.284298780488,5042.257764862805,4948.009956173781,5023.408203125,278200,0.0,0.0
2018-03-13 00:00:00+09:00,5042.257542329676,5145.9301273121555,5023.407981423771,5127.08056640625,457300,0.0,0.0
2018-03-14 00:00:00+09:00,5098.807262804216,5164.780739402422,5089.382480433043,5155.35595703125,272600,0.0,0.0
2018-03-15 00:00:00+09:00,5183.630437316343,5221.329567769552,5108.232176409923,5211.90478515625,389700,0.0,0.0
2018-03-16 00:00:00+09:00,5164.77978515625,5202.478907675639,5145.930223896556,5164.77978515625,256200,0.0,0.0
2018-03-19 00:00:00+09:00,5164.781207074177,5183.630773523352,5108.232507726649,5145.931640625,327700,0.0,0.0
2018-03-20 00:00:00+09:00,5164.781207074177,5174.205990298764,5108.232507726649,5145.931640625,211200,0.0,0.0
2018-03-21 00:00:00+09:00,5145.931640625,5145.931640625,5145.931640625,5145.931640625,0,0.0,0.0
2018-03-22 00:00:00+09:00,5098.806225047392,5164.779688218061,5089.38144459444,5127.08056640625,220600,0.0,0.0
2018-03-23 00:00:00+09:00,5117.656693153593,5174.2053858956215,5089.382346782579,5098.80712890625,315700,0.0,0.0
2018-03-26 00:00:00+09:00,5098.807415352831,5230.754372496897,5098.807415352831,5221.32958984375,329600,0.0,0.0
2018-03-27 00:00:00+09:00,5268.4533481162125,5362.701171875,5259.028565740334,5362.701171875,550800,0.0,0.0
2018-03-28 00:00:00+09:00,5334.276749093192,5353.226222446987,5277.428329031808,5305.8525390625,276400,30.0,0.0
2018-03-29 00:00:00+09:00,5305.852159191829,5343.751103186057,5267.953215197602,5334.2763671875,201600,0.0,0.0
2018-03-30 00:00:00+09:00,5353.226114543593,5362.700851029511,5239.529276712578,5277.42822265625,411800,0.0,0.0
2018-04-02 00:00:00+09:00,5305.8525390625,5362.700959123884,5296.377802385603,5305.8525390625,186700,0.0,0.0
2018-04-03 00:00:00+09:00,5286.9023281110985,5362.7002109514015,5277.427592756061,5324.80126953125,226500,0.0,0.0
2018-04-04 00:00:00+09:00,5296.37778164478,5372.175674763132,5277.428308365193,5343.75146484375,213000,0.0,0.0
2018-04-05 00:00:00+09:00,5362.701023081764,5438.4989174009415,5362.701023081764,5410.07470703125,293400,0.0,0.0
2018-04-06 00:00:00+09:00,5410.075067266718,5457.44875437063,5362.701380162806,5419.5498046875,230200,0.0,0.0
2018-04-09 00:00:00+09:00,5419.548576328397,5466.922252694904,5410.073841055096,5438.498046875,184400,0.0,0.0
2018-04-10 00:00:00+09:00,5381.650303587344,5447.973458737189,5296.377675537545,5315.3271484375,337900,0.0,0.0
2018-04-11 00:00:00+09:00,5324.801884887478,5343.751357787433,5286.902939087567,5315.3271484375,254900,0.0,0.0
2018-04-12 00:00:00+09:00,5324.802350663716,5381.650774336283,5315.327613384956,5353.2265625,144600,0.0,0.0
2018-04-13 00:00:00+09:00,5362.701299778761,5381.650774336283,5286.903401548672,5353.2265625,169700,0.0,0.0
2018-04-16 00:00:00+09:00,5343.750818062827,5438.49817299302,5324.801347076789,5429.0234375,265100,0.0,0.0
2018-04-17 00:00:00+09:00,5429.023047716864,5514.295661031789,5410.0735780913255,5495.34619140625,383600,0.0,0.0
2018-04-18 00:00:00+09:00,5504.823084704298,5561.671515871641,5495.348346176408,5552.19677734375,323000,0.0,0.0
2018-04-19 00:00:00+09:00,5504.821524409037,5552.1952036208195,5457.447845197255,5523.77099609375,260500,0.0,0.0
2018-04-20 00:00:00+09:00,5504.821669212262,5523.771141395437,5466.922724845913,5476.3974609375,253500,0.0,0.0
2018-04-23 00:00:00+09:00,5457.447788292253,5476.397259779379,5362.700430856624,5381.64990234375,272300,0.0,0.0
2018-04-24 00:00:00+09:00,5400.600329845935,5429.024542108283,5372.176117583588,5419.5498046875,222000,0.0,0.0
2018-04-25 00:00:00+09:00,5429.024032592773,5485.872451782227,5400.599822998047,5457.4482421875,152400,0.0,0.0
2018-04-26 00:00:00+09:00,5466.922456088131,5542.720341094552,5457.447720462329,5533.24560546875,198700,0.0,0.0
2018-04-27 00:00:00+09:00,5552.195652892343,5627.993545764593,5542.720916283311,5599.5693359375,234000,0.0,0.0
2018-04-30 00:00:00+09:00,5599.5693359375,5599.5693359375,5599.5693359375,5599.5693359375,0,0.0,0.0
2018-05-01 00:00:00+09:00,5533.24560546875,5561.669812346157,5495.3466629655395,5533.24560546875,131000,0.0,0.0
2018-05-02 00:00:00+09:00,5476.3975878737,5495.3470604961,5429.0239063177,5466.9228515625,170600,0.0,0.0
2018-05-03 00:00:00+09:00,5466.9228515625,5466.9228515625,5466.9228515625,5466.9228515625,0,0.0,0.0
2018-05-04 00:00:00+09:00,5466.9228515625,5466.9228515625,5466.9228515625,5466.9228515625,0,0.0,0.0
2018-05-07 00:00:00+09:00,5495.34619140625,5523.770395844558,5476.396721780711,5495.34619140625,233700,0.0,0.0
2018-05-08 00:00:00+09:00,5495.34619140625,5504.820926219019,5438.497782529634,5495.34619140625,190200,0.0,0.0
2018-05-09 00:00:00+09:00,5523.770395844558,5561.669335095636,5476.396721780711,5495.34619140625,154200,0.0,0.0
2018-05-10 00:00:00+09:00,5485.871456593481,5514.295661031789,5457.4472521551725,5495.34619140625,172500,0.0,0.0
2018-05-11 00:00:00+09:00,5495.346537793804,5571.144421073718,5485.871802383815,5542.72021484375,120700,0.0,0.0
2018-05-14 00:00:00+09:00,5571.144748263889,5646.94263599537,5542.720540364583,5627.9931640625,332900,0.0,0.0
2018-05-15 00:00:00+09:00,5125.83251953125,5315.327252231112,5059.509363086298,5125.83251953125,1922700,0.0,0.0
2018-05-16 00:00:00+09:00,5087.932700052748,5201.629520165659,5068.98323003393,5192.15478515625,375300,0.0,0.0
2018-05-17 00:00:00+09:00,5230.05443366426,5334.27653288583,5211.10496107852,5249.00390625,337000,0.0,0.0
2018-05-18 00:00:00+09:00,5258.478406823199,5277.4278785595,5220.5794633506,5230.05419921875,213200,0.0,0.0
2018-05-21 00:00:00+09:00,5220.578990184477,5249.003195212706,5182.680050146841,5192.15478515625,234600,0.0,0.0
2018-05-22 00:00:00+09:00,5154.256941270567,5211.105363416933,5116.357993172989,5182.68115234375,195900,0.0,0.0
2018-05-23 00:00:00+09:00,5144.781468792691,5211.104618482468,5135.306733122723,5201.6298828125,179800,0.0,0.0
2018-05-24 00:00:00+09:00,5211.105341141107,5249.004289076679,5182.681130189429,5220.580078125,253900,0.0,0.0
2018-05-25 00:00:00+09:00,5220.579908970424,5334.276749093192,5192.155698939732,5305.8525390625,267600,0.0,0.0
2018-05-28 00:00:00+09:00,5324.801884887478,5391.125040037322,5296.377675537545,5315.3271484375,219000,0.0,0.0
2018-05-29 00:00:00+09:00,5296.377695628086,5305.852432114004,5267.953486170332,5277.42822265625,169200,0.0,0.0
2018-05-30 00:00:00+09:00,5267.953592354911,5353.226222446987,5220.579908970424,5305.8525390625,291400,0.0,0.0
2018-05-31 00:00:00+09:00,5334.277087942478,5410.074986172566,5277.428664269912,5353.2265625,236500,0.0,0.0
2018-06-01 00:00:00+09:00,5296.378057445676,5372.175954511088,5277.428583179323,5286.9033203125,227900,0.0,0.0
2018-06-04 00:00:00+09:00,5286.9033203125,5315.32753171203,5239.5296346466175,5286.9033203125,258600,0.0,0.0
2018-06-05 00:00:00+09:00,5324.802350663716,5400.600248893805,5305.852876106194,5353.2265625,175200,0.0,0.0
2018-06-06 00:00:00+09:00,5258.478389163669,5286.902596672662,5182.680502473022,5267.953125,281100,0.0,0.0
2018-06-07 00:00:00+09:00,5230.054943181818,5249.004417613637,5182.681257102273,5211.10546875,161500,0.0,0.0
2018-06-08 00:00:00+09:00,5173.206415319355,5220.580100441328,5154.256941270567,5182.68115234375,303900,0.0,0.0
2018-06-11 00:00:00+09:00,5239.529680397727,5258.479154829546,5182.681257102273,5211.10546875,228300,0.0,0.0
2018-06-12 00:00:00+09:00,5249.0043717797935,5315.32753171203,5220.580160380264,5286.9033203125,199400,0.0,0.0
2018-06-13 00:00:00+09:00,5296.377695628086,5353.226114543593,5267.953486170332,5277.42822265625,127300,0.0,0.0
2018-06-14 00:00:00+09:00,5343.7513780576755,5343.7513780576755,5258.478749684415,5277.42822265625,156300,0.0,0.0
2018-06-15 00:00:00+09:00,5324.801540017986,5353.225747526978,5239.528917491008,5267.953125,225300,0.0,0.0
2018-06-18 00:00:00+09:00,5182.680351343048,5239.5287647033,5050.034053502458,5059.5087890625,324500,0.0,0.0
2018-06-19 00:00:00+09:00,4993.18596513142,4993.18596513142,4870.01439483406,4888.9638671875,560200,0.0,0.0
2018-06-20 00:00:00+09:00,4945.811869959678,5002.660282258064,4917.387663810484,4993.185546875,255300,0.0,0.0
2018-06-21 00:00:00+09:00,4983.71142578125,5031.0851085358245,4955.287216128505,4983.71142578125,162300,0.0,0.0
2018-06-22 00:00:00+09:00,4955.287216128505,5012.135635433995,4926.863006475761,4983.71142578125,228700,0.0,0.0
2018-06-25 00:00:00+09:00,5021.61037198491,5059.5093181885695,4964.761952679421,4983.71142578125,192400,0.0,0.0
2018-06-26 00:00:00+09:00,4955.285996870561,5002.65966796875,4945.811262650923,5002.65966796875,162400,0.0,0.0
2018-06-27 00:00:00+09:00,5002.661110784774,5059.509532498238,4964.762162975799,5040.56005859375,187100,0.0,0.0
2018-06-28 00:00:00+09:00,5021.6103515625,5040.559824587264,4983.711405512972,5021.6103515625,162700,0.0,0.0
2018-06-29 00:00:00+09:00,5002.661110784774,5050.034795545994,4955.287426023555,5040.56005859375,148700,0.0,0.0
2018-07-02 00:00:00+09:00,5050.034710751488,5078.458921130952,4964.762079613095,4974.23681640625,316200,0.0,0.0
2018-07-03 00:00:00+09:00,4974.236345931802,5012.135289519853,4917.387930549724,4936.33740234375,213900,0.0,0.0
2018-07-04 00:00:00+09:00,4907.9129284274195,5002.660282258064,4898.438193044355,4993.185546875,207500,0.0,0.0
2018-07-05 00:00:00+09:00,4983.710811491936,4993.185546875,4936.337134576613,4993.185546875,137600,0.0,0.0
2018-07-06 00:00:00+09:00,4983.711553199405,5040.559973958333,4926.863132440476,4974.23681640625,223100,0.0,0.0
2018-07-09 00:00:00+09:00,4964.761610034789,5002.660553622841,4926.862666446737,4936.33740234375,158100,0.0,0.0
2018-07-10 00:00:00+09:00,4879.488561649134,4907.912766862623,4784.7412109375,4784.7412109375,319200,0.0,0.0
2018-07-11 00:00:00+09:00,4765.7926939384415,4765.7926939384415,4675.782692760678,4713.681640625,496200,0.0,0.0
2018-07-12 00:00:00+09:00,4775.26708984375,4803.691298711868,4746.842880975632,4775.26708984375,158200,0.0,0.0
2018-07-13 00:00:00+09:00,4765.792334368848,4832.115488127461,4732.630757489542,4813.166015625,167900,0.0,0.0
2018-07-16 00:00:00+09:00,4813.166015625,4813.166015625,4813.166015625,4813.166015625,0,0.0,0.0
2018-07-17 00:00:00+09:00,4832.115431565505,4926.86279296875,4832.115431565505,4926.86279296875,265100,0.0,0.0
2018-07-18 00:00:00+09:00,4945.812138240763,5002.660553622841,4926.862666446737,4936.33740234375,192500,0.0,0.0
2018-07-19 00:00:00+09:00,4907.91333954094,4917.38807571766,4851.06492248062,4888.9638671875,202000,0.0,0.0
2018-07-20 00:00:00+09:00,4870.014143188948,4907.9130859375,4860.539407501809,4907.9130859375,130300,0.0,0.0
2018-07-23 00:00:00+09:00,4879.488986961672,4964.761610034789,4860.539515167647,4936.33740234375,201700,0.0,0.0
2018-07-24 00:00:00+09:00,4974.236601901192,4993.18607467034,4917.38818359375,4917.38818359375,189700,0.0,0.0
2018-07-25 00:00:00+09:00,4907.913249017682,4917.387985019646,4794.216416994106,4822.640625,162400,0.0,0.0
2018-07-26 00:00:00+09:00,4879.488878876085,4955.28676437319,4860.539407501809,4907.9130859375,193700,0.0,0.0
2018-07-27 00:00:00+09:00,4955.286982645515,4993.185927063454,4917.3880382275765,4964.76171875,153800,0.0,0.0
2018-07-30 00:00:00+09:00,4974.236253077882,4993.185724518178,4851.064688715953,4870.01416015625,200000,0.0,0.0
2018-07-31 00:00:00+09:00,4907.913212493955,4945.8121562197775,4860.539532836678,4898.4384765625,228400,0.0,0.0
2018-08-01 00:00:00+09:00,5201.630754743303,5267.953915550595,5068.98443312872,5173.20654296875,826200,0.0,0.0
2018-08-02 00:00:00+09:00,5125.83233444269,5305.85232400722,5087.933389271209,5249.00390625,401700,0.0,0.0
2018-08-03 00:00:00+09:00,5277.428500028357,5286.90323701225,5211.105341141107,5220.580078125,212900,0.0,0.0
2018-08-06 00:00:00+09:00,5258.478406823199,5277.4278785595,5211.1047274824505,5230.05419921875,201500,0.0,0.0
2018-08-07 00:00:00+09:00,5258.47864254287,5277.42811512861,5201.63022478565,5249.00390625,189700,0.0,0.0
2018-08-08 00:00:00+09:00,5230.05443366426,5267.95337883574,5173.20601590704,5249.00390625,394500,0.0,0.0
2018-08-09 00:00:00+09:00,5277.427951196159,5362.70057518317,5267.953215197602,5334.2763671875,321900,0.0,0.0
2018-08-10 00:00:00+09:00,5353.226054481546,5438.498681898067,5334.27658172232,5391.125,360100,0.0,0.0
2018-08-13 00:00:00+09:00,5353.225695113061,5438.498316805128,5324.801487882372,5381.64990234375,285200,0.0,0.0
2018-08-14 00:00:00+09:00,5419.549296061197,5476.39771525065,5391.125086466471,5457.4482421875,231700,0.0,0.0
2018-08-15 00:00:00+09:00,5476.3975878737,5533.246005740902,5447.9733789401,5466.9228515625,297700,0.0,0.0
2018-08-16 00:00:00+09:00,5466.922762472588,5514.296443256579,5362.700664747807,5400.599609375,300600,0.0,0.0
2018-08-17 00:00:00+09:00,5419.548936820652,5447.97314453125,5372.175257302989,5447.97314453125,247300,0.0,0.0
2018-08-20 00:00:00+09:00,5466.922724845913,5504.821669212262,5447.973252662738,5476.3974609375,141500,0.0,0.0
2018-08-21 00:00:00+09:00,5419.54920913884,5457.448154657293,5372.175527240774,5391.125,213600,0.0,0.0
2018-08-22 00:00:00+09:00,5305.852372583479,5391.125,5267.9534270650265,5391.125,211000,0.0,0.0
2018-08-23 00:00:00+09:00,5400.599010003307,5410.073745108576,5334.275864266425,5372.1748046875,227500,0.0,0.0
2018-08-24 00:00:00+09:00,5400.599970241353,5410.07470703125,5305.852602342382,5410.07470703125,184900,0.0,0.0
2018-08-27 00:00:00+09:00,5410.075067266718,5438.499279529065,5353.226642742024,5419.5498046875,127200,0.0,0.0
2018-08-28 00:00:00+09:00,5419.54920913884,5429.023945518454,5334.27658172232,5391.125,194000,0.0,0.0
2018-08-29 00:00:00+09:00,5410.07470703125,5438.4989174009415,5391.125233451456,5410.07470703125,118600,0.0,0.0
2018-08-30 00:00:00+09:00,5447.97314453125,5457.447880434783,5400.599465013587,5447.97314453125,176700,0.0,0.0
2018-08-31 00:00:00+09:00,5334.276385530803,5343.751121561941,5258.478497281697,5296.37744140625,349900,0.0,0.0
2018-09-03 00:00:00+09:00,5230.0545603526225,5315.327189054024,5220.579823830244,5239.529296875,255000,0.0,0.0
2018-09-04 00:00:00+09:00,5192.155805121528,5201.630541992187,5078.4589626736115,5116.35791015625,380000,0.0,0.0
2018-09-05 00:00:00+09:00,5078.45885707635,5125.8325404445995,5068.984120402701,5087.93359375,316600,0.0,0.0
2018-09-06 00:00:00+09:00,5097.408869550449,5106.883607226194,5002.661492793006,5012.13623046875,258000,0.0,0.0
2018-09-07 00:00:00+09:00,5002.660898883079,5050.034581637655,4964.761952679421,4983.71142578125,296200,0.0,0.0
2018-09-10 00:00:00+09:00,4955.287195975826,5078.458770636793,4945.812459463444,5021.6103515625,523600,0.0,0.0
2018-09-11 00:00:00+09:00,5012.135847737019,5068.984269450481,4964.762162975799,5040.56005859375,306400,0.0,0.0
2018-09-12 00:00:00+09:00,5031.083870627664,5050.033339066938,4955.285996870561,5002.65966796875,271800,0.0,0.0
2018-09-13 00:00:00+09:00,5021.610968144494,5078.459394198961,5002.661492793006,5012.13623046875,162800,0.0,0.0
2018-09-14 00:00:00+09:00,5012.135399272424,5059.509079794848,4964.76171875,4964.76171875,218100,0.0,0.0
2018-09-17 00:00:00+09:00,4964.76171875,4964.76171875,4964.76171875,4964.76171875,0,0.0,0.0
2018-09-18 00:00:00+09:00,4964.761788113317,5097.408095429322,4955.28705187646,5068.98388671875,245800,0.0,0.0
2018-09-19 00:00:00+09:00,5087.933196123909,5173.205819522633,5087.933196123909,5154.25634765625,149200,0.0,0.0
2018-09-20 00:00:00+09:00,5154.256474447514,5182.680682946305,5106.882793616194,5144.78173828125,146100,0.0,0.0
2018-09-21 00:00:00+09:00,5182.680428433199,5192.155164134174,5144.7814856293,5163.73095703125,149700,0.0,0.0
2018-09-24 00:00:00+09:00,5163.73095703125,5163.73095703125,5163.73095703125,5163.73095703125,0,0.0,0.0
2018-09-25 00:00:00+09:00,5125.832419437946,5315.3271484375,5125.832419437946,5315.3271484375,346300,0.0,0.0
2018-09-26 00:00:00+09:00,5243.948692975726,5339.120175606864,5234.431544712612,5329.60302734375,236100,25.0,0.0
2018-09-27 00:00:00+09:00,5348.637500701301,5386.706095012342,5282.017460656979,5301.0517578125,253300,0.0,0.0
2018-09-28 00:00:00+09:00,5329.603144601255,5358.154590018761,5310.56884765625,5310.56884765625,164600,0.0,0.0
2018-10-01 00:00:00+09:00,5329.60259671288,5358.15403919527,5291.5340067363595,5320.08544921875,143200,0.0,0.0
2018-10-02 00:00:00+09:00,5367.6715254934215,5443.808710252193,5358.154377398575,5424.7744140625,218200,0.0,0.0
2018-10-03 00:00:00+09:00,5434.2919921875,5453.326289883428,5405.740545643607,5434.2919921875,157100,0.0,0.0
2018-10-04 00:00:00+09:00,5453.3255999130415,5453.3255999130415,5348.636975830941,5386.70556640625,250200,0.0,0.0
2018-10-05 00:00:00+09:00,5386.7050212880295,5415.256461330192,5339.119287884425,5396.22216796875,196200,0.0,0.0
2018-10-08 00:00:00+09:00,5396.22216796875,5396.22216796875,5396.22216796875,5396.22216796875,0,0.0,0.0
2018-10-09 00:00:00+09:00,5367.6715254934215,5453.32585834704,5358.154377398575,5424.7744140625,223700,0.0,0.0
2018-10-10 00:00:00+09:00,5424.7744140625,5510.428746916118,5405.740117872807,5424.7744140625,236600,0.0,0.0
2018-10-11 00:00:00+09:00,5358.154123474768,5396.222714050077,5310.568385255632,5386.70556640625,326500,0.0,0.0
2018-10-12 00:00:00+09:00,5358.154472133092,5405.740213448661,5301.051582554409,5329.60302734375,208200,0.0,0.0
2018-10-15 00:00:00+09:00,5282.017031882307,5348.6370665186605,5272.499884077113,5291.5341796875,238500,0.0,0.0
2018-10-16 00:00:00+09:00,5291.534609234739,5320.08605496802,5215.397420612657,5301.0517578125,247700,0.0,0.0
2018-10-17 00:00:00+09:00,5348.636944633153,5481.877010869565,5348.636944633153,5472.35986328125,227300,0.0,0.0
2018-10-18 00:00:00+09:00,5491.394589742025,5519.94603474935,5453.325996398926,5481.87744140625,235000,0.0,0.0
2018-10-19 00:00:00+09:00,5481.876636125655,5519.945223876527,5424.773754499346,5453.3251953125,221600,0.0,0.0
2018-10-22 00:00:00+09:00,5500.91162109375,5519.94591736051,5443.808732293469,5500.91162109375,158700,0.0,0.0
2018-10-23 00:00:00+09:00,5472.359632173042,5481.876779359431,5329.6024243772235,5348.63671875,281000,0.0,0.0
2018-10-24 00:00:00+09:00,5377.189040817581,5462.84337952087,5367.671892072771,5443.80908203125,289800,0.0,0.0
2018-10-25 00:00:00+09:00,5405.73974609375,5472.359778175891,5386.705451213138,5405.73974609375,301100,0.0,0.0
2018-10-26 00:00:00+09:00,5415.257635796821,5453.32623077606,5377.189040817581,5443.80908203125,228700,0.0,0.0
2018-10-29 00:00:00+09:00,5434.291598777295,5453.325895095254,5310.568672710561,5339.1201171875,231200,0.0,0.0
2018-10-30 00:00:00+09:00,5310.5679530679745,5310.5679530679745,5205.879337505702,5215.396484375,809900,0.0,0.0
2018-10-31 00:00:00+09:00,5291.533835631672,5358.153865936388,5196.362363767793,5348.63671875,316500,0.0,0.0
2018-11-01 00:00:00+09:00,4967.950709292763,5091.673619677449,4806.159211097405,4882.29638671875,862800,0.0,0.0
2018-11-02 00:00:00+09:00,4891.813792009188,4948.916676740812,4834.710907277563,4920.365234375,308800,0.0,0.0
2018-11-05 00:00:00+09:00,4910.847506893382,4929.881799555759,4825.193189912684,4853.74462890625,211600,0.0,0.0
2018-11-06 00:00:00+09:00,4853.745259129724,4920.365292098171,4825.19381642896,4910.84814453125,207700,0.0,0.0
2018-11-07 00:00:00+09:00,4929.882381830271,4967.950971651354,4882.296644553917,4920.365234375,281800,0.0,0.0
2018-11-08 00:00:00+09:00,5015.536565546158,5224.913803576548,4996.502271179759,5186.84521484375,499000,0.0,0.0
2018-11-09 00:00:00+09:00,5196.362988812954,5243.94873046875,5167.811543819476,5243.94873046875,299900,0.0,0.0
2018-11-12 00:00:00+09:00,5215.3970544763515,5377.188568940034,5205.879906566723,5282.01708984375,219300,0.0,0.0
2018-11-13 00:00:00+09:00,5205.880175601073,5205.880175601073,5120.225839987892,5158.29443359375,284600,0.0,0.0
2018-11-14 00:00:00+09:00,5177.32853235568,5186.8456803930985,5091.674200018913,5110.70849609375,235800,0.0,0.0
2018-11-15 00:00:00+09:00,5025.054628426276,5072.640373013646,4967.951734921432,5034.57177734375,260900,0.0,0.0
2018-11-16 00:00:00+09:00,5015.53662109375,5044.088062959559,4996.502326516544,5015.53662109375,304800,0.0,0.0
2018-11-19 00:00:00+09:00,5025.053942032443,5034.571089649929,4958.433908710043,4986.9853515625,168800,0.0,0.0
2018-11-20 00:00:00+09:00,5006.0198676821465,5120.225644131168,4996.502719644728,5110.70849609375,189600,0.0,0.0
2018-11-21 00:00:00+09:00,5091.67317103276,5129.74175548908,5053.60458657644,5120.224609375,165000,0.0,0.0
2018-11-22 00:00:00+09:00,5072.639561212304,5177.328182550645,5063.12241381791,5167.81103515625,132000,0.0,0.0
2018-11-23 00:00:00+09:00,5167.81103515625,5167.81103515625,5167.81103515625,5167.81103515625,0,0.0,0.0
2018-11-26 00:00:00+09:00,5186.84521484375,5215.396656393349,5139.259478927753,5186.84521484375,174300,0.0,0.0
2018-11-27 00:00:00+09:00,5224.9140625,5272.499800774135,5186.8454718806925,5224.9140625,148600,0.0,0.0
2018-11-28 00:00:00+09:00,5253.465703971119,5310.568592057762,5186.845667870036,5272.5,184300,0.0,0.0
2018-11-29 00:00:00+09:00,5272.5003345630785,5272.5003345630785,5129.743105287905,5139.26025390625,179300,0.0,0.0
2018-11-30 00:00:00+09:00,5215.397169558092,5272.500058275882,5205.880021438461,5262.98291015625,458000,0.0,0.0
2018-12-03 00:00:00+09:00,5291.534434291295,5339.120175606864,5262.982989501953,5329.60302734375,221900,0.0,0.0
2018-12-04 00:00:00+09:00,5329.602888086642,5377.188628158845,5272.5,5272.5,158900,0.0,0.0
2018-12-05 00:00:00+09:00,5205.880042961787,5348.63726534648,5196.362894802807,5339.1201171875,178400,0.0,0.0
2018-12-06 00:00:00+09:00,5339.120095113302,5339.120095113302,5234.4314657973555,5262.98291015625,196600,0.0,0.0
2018-12-07 00:00:00+09:00,5224.914587078263,5377.18896484375,5205.880289857578,5377.18896484375,232800,0.0,0.0
2018-12-10 00:00:00+09:00,5282.017460656979,5339.120352123541,5253.466014923698,5301.0517578125,221800,0.0,0.0
2018-12-11 00:00:00+09:00,5348.63726534648,5415.257302459336,5329.60296902852,5339.1201171875,177800,0.0,0.0
2018-12-12 00:00:00+09:00,5301.05098281806,5367.671013122776,5301.05098281806,5348.63671875,167300,0.0,0.0
2018-12-13 00:00:00+09:00,5377.188673588268,5443.808710252193,5358.154377398575,5424.7744140625,281200,0.0,0.0
2018-12-14 00:00:00+09:00,5434.291562157347,5462.843006441886,5386.705821683114,5424.7744140625,232800,0.0,0.0
2018-12-17 00:00:00+09:00,5396.223338307201,5453.32623077606,5329.603297093532,5443.80908203125,285900,0.0,0.0
2018-12-18 00:00:00+09:00,5367.671620396205,5415.257361711774,5272.500137765067,5329.60302734375,241100,0.0,0.0
2018-12-19 00:00:00+09:00,5377.188709823417,5415.257302459336,5301.051524551582,5339.1201171875,163200,0.0,0.0
2018-12-20 00:00:00+09:00,5367.671013122776,5405.739601868327,5310.568130004448,5348.63671875,266700,0.0,0.0
2018-12-21 00:00:00+09:00,5348.636716958143,5348.636716958143,5158.293773294152,5186.84521484375,262400,0.0,0.0
2018-12-24 00:00:00+09:00,5186.84521484375,5186.84521484375,5186.84521484375,5186.84521484375,0,0.0,0.0
2018-12-25 00:00:00+09:00,5053.605898290649,5082.157344043703,4986.985858200188,5063.123046875,214200,0.0,0.0
2018-12-26 00:00:00+09:00,5072.640373013646,5148.777564353438,4977.468883838906,5034.57177734375,227200,0.0,0.0
2018-12-27 00:00:00+09:00,5205.880214458725,5339.120293073757,5205.880214458725,5310.56884765625,248100,0.0,0.0
2018-12-28 00:00:00+09:00,5320.085996128752,5329.603144601255,5243.948808348734,5310.56884765625,151100,0.0,0.0
2018-12-31 00:00:00+09:00,5310.56884765625,5310.56884765625,5310.56884765625,5310.56884765625,0,0.0,0.0
2019-01-04 00:00:00+09:00,5215.396656393349,5262.982392309346,5139.259478927753,5186.84521484375,233300,0.0,0.0
2019-01-07 00:00:00+09:00,5282.016686675745,5301.0509810421445,5167.810920477351,5186.84521484375,267900,0.0,0.0
2019-01-08 00:00:00+09:00,5139.259940206006,5167.811384318261,5082.157051981495,5110.70849609375,259700,0.0,0.0
2019-01-09 00:00:00+09:00,5148.776626110952,5234.430950759748,5148.776626110952,5186.84521484375,208900,0.0,0.0
2019-01-10 00:00:00+09:00,5139.25930942062,5215.396484375,5120.2250156820255,5215.396484375,158300,0.0,0.0
2019-01-11 00:00:00+09:00,5186.846236043902,5186.846236043902,5082.157596417327,5101.19189453125,158000,0.0,0.0
2019-01-15 00:00:00+09:00,5034.57177734375,5120.226117601016,5015.537479508802,5034.57177734375,137100,0.0,0.0
2019-01-16 00:00:00+09:00,5015.53662109375,5034.570915670955,4977.468031939338,5015.53662109375,222300,0.0,0.0
2019-01-17 00:00:00+09:00,5044.088320974576,5120.225503177966,4996.502582097458,5053.60546875,189500,0.0,0.0
2019-01-18 00:00:00+09:00,5091.67431640625,5167.811502445969,5082.157168151285,5091.67431640625,136700,0.0,0.0
2019-01-21 00:00:00+09:00,5101.191348056332,5139.259940206006,5082.157051981495,5110.70849609375,97800,0.0,0.0
2019-01-22 00:00:00+09:00,5139.259823602736,5167.811267067196,5101.19123231679,5129.74267578125,96100,0.0,0.0
2019-01-23 00:00:00+09:00,5053.60546875,5101.191207627118,5034.571173199152,5053.60546875,164200,0.0,0.0
2019-01-24 00:00:00+09:00,5044.088148481391,5101.19103318118,5034.571001031426,5082.15673828125,118700,0.0,0.0
2019-01-25 00:00:00+09:00,5025.054163756983,5148.777088243424,5025.054163756983,5110.70849609375,185300,0.0,0.0
2019-01-28 00:00:00+09:00,5091.674670848594,5110.7089686835425,5034.57177734375,5034.57177734375,92300,0.0,0.0
2019-01-29 00:00:00+09:00,5072.6388788046,5139.25890160316,5053.60458657644,5120.224609375,145800,0.0,0.0
2019-01-30 00:00:00+09:00,5120.225527959763,5158.294119245709,5091.674084495304,5129.74267578125,187800,0.0,0.0
2019-01-31 00:00:00+09:00,5139.260195240296,5158.294492259704,5072.640155672366,5148.77734375,200400,0.0,0.0
2019-02-01 00:00:00+09:00,4967.951807733792,5110.709043588211,4948.91750961987,5101.19189453125,316000,0.0,0.0
2019-02-04 00:00:00+09:00,5082.156708606699,5196.362477339434,5063.12241381791,5167.81103515625,206900,0.0,0.0
2019-02-05 00:00:00+09:00,5215.396914845173,5253.465505464481,5196.362619535519,5224.9140625,119900,0.0,0.0
2019-02-06 00:00:00+09:00,5243.948440661534,5291.5341796875,5215.396997245954,5291.5341796875,127000,0.0,0.0
2019-02-07 00:00:00+09:00,5329.602770908274,5329.602770908274,5262.98273627192,5291.5341796875,215300,0.0,0.0
2019-02-08 00:00:00+09:00,5282.01694232415,5424.77415698156,5272.499794680322,5386.70556640625,302900,0.0,0.0
2019-02-12 00:00:00+09:00,5396.222991626568,5519.94591736051,5377.188695359808,5500.91162109375,252000,0.0,0.0
2019-02-13 00:00:00+09:00,5472.360154536733,5500.9115988212725,5405.740117872807,5424.7744140625,165000,0.0,0.0
2019-02-14 00:00:00+09:00,5453.325483295279,5453.325483295279,5386.705451213138,5405.73974609375,137400,0.0,0.0
2019-02-15 00:00:00+09:00,5329.60302734375,5367.671620396205,5320.085879080636,5329.60302734375,159200,0.0,0.0
2019-02-18 00:00:00+09:00,5424.774843339535,5443.809141035464,5396.223396795644,5434.2919921875,151700,0.0,0.0
2019-02-19 00:00:00+09:00,5415.257009337733,5443.808452269214,5386.70556640625,5386.70556640625,120800,0.0,0.0
2019-02-20 00:00:00+09:00,5415.257009337733,5424.77415698156,5348.636975830941,5386.70556640625,157400,0.0,0.0
2019-02-21 00:00:00+09:00,5405.740545643607,5453.326289883428,5358.154801403787,5434.2919921875,138800,0.0,0.0
2019-02-22 00:00:00+09:00,5377.188334183531,5386.705481677661,5310.568301724619,5320.08544921875,234000,0.0,0.0
2019-02-25 00:00:00+09:00,5339.11974420701,5358.15403919527,5320.08544921875,5320.08544921875,131000,0.0,0.0
2019-02-26 00:00:00+09:00,5367.67144482682,5415.257184585924,5329.602853019538,5358.154296875,123900,0.0,0.0
2019-02-27 00:00:00+09:00,5405.7393146494705,5443.8079013723545,5386.7050212880295,5396.22216796875,135000,0.0,0.0
2019-02-28 00:00:00+09:00,5453.326213430851,5491.3948082890065,5367.671875,5367.671875,193800,0.0,0.0
2019-03-01 00:00:00+09:00,5377.188418762423,5396.222714050077,5358.154123474768,5386.70556640625,118500,0.0,0.0
2019-03-04 00:00:00+09:00,5415.257559285122,5443.809005116151,5377.18896484375,5377.18896484375,82000,0.0,0.0
2019-03-05 00:00:00+09:00,5339.119571563612,5377.188160309163,5320.085277190836,5348.63671875,125900,0.0,0.0
2019-03-06 00:00:00+09:00,5386.705740730462,5396.222888682282,5339.120000971358,5358.154296875,108800,0.0,0.0
2019-03-07 00:00:00+09:00,5358.154667623065,5405.740410674779,5339.120370402378,5377.18896484375,107500,0.0,0.0
2019-03-08 00:00:00+09:00,5320.085277190836,5386.705307495551,5310.568130004448,5348.63671875,184700,0.0,0.0
2019-03-11 00:00:00+09:00,5386.705451213138,5424.774040974362,5377.188303772832,5405.73974609375,71700,0.0,0.0
2019-03-12 00:00:00+09:00,5443.808732293469,5529.46306549389,5434.291584160089,5500.91162109375,176000,0.0,0.0
2019-03-13 00:00:00+09:00,5519.94603474935,5577.048924763998,5462.843144734701,5481.87744140625,131000,0.0,0.0
2019-03-14 00:00:00+09:00,5481.877010869565,5519.945601222827,5424.774125339674,5472.35986328125,123100,0.0,0.0
2019-03-15 00:00:00+09:00,5453.326131604382,5538.98046875,5434.291834460911,5538.98046875,362700,0.0,0.0
2019-03-18 00:00:00+09:00,5567.531717125216,5567.531717125216,5462.8430865467935,5491.39453125,102400,0.0,0.0
2019-03-19 00:00:00+09:00,5462.843006441886,5462.843006441886,5396.22296977796,5424.7744140625,76300,0.0,0.0
2019-03-20 00:00:00+09:00,5386.705958048503,5481.87744140625,5367.671661376953,5481.87744140625,201800,0.0,0.0
2019-03-22 00:00:00+09:00,5529.462890625,5558.014334122203,5510.428594960198,5529.462890625,174800,0.0,0.0
2019-03-25 00:00:00+09:00,5519.945223876527,5538.979517751964,5443.808048374782,5453.3251953125,92100,0.0,0.0
2019-03-26 00:00:00+09:00,5491.39390096859,5615.11681381537,5491.39390096859,5596.08251953125,125600,0.0,0.0
2019-03-27 00:00:00+09:00,5648.740884305674,5687.037432673848,5600.870198845457,5610.4443359375,142200,35.0,0.0
2019-03-28 00:00:00+09:00,5581.721432179418,5610.443840921336,5543.424887190194,5552.9990234375,76000,0.0,0.0
2019-03-29 00:00:00+09:00,5591.295733999141,5610.444007060782,5543.425051345039,5572.1474609375,217700,0.0,0.0
2019-04-01 00:00:00+09:00,5648.740801949786,5667.889075854701,5581.721843282586,5600.8701171875,103000,0.0,0.0
2019-04-02 00:00:00+09:00,5648.740632108427,5648.740632108427,5524.27685546875,5524.27685546875,81200,0.0,0.0
2019-04-03 00:00:00+09:00,5552.999016632187,5552.999016632187,5466.831790512032,5495.55419921875,69200,0.0,0.0
2019-04-04 00:00:00+09:00,5476.405844377182,5505.128252651887,5438.109300010908,5485.97998046875,58500,0.0,0.0
2019-04-05 00:00:00+09:00,5552.999429916883,5562.573566865015,5495.554608228087,5543.42529296875,122400,0.0,0.0
2019-04-08 00:00:00+09:00,5485.979658627717,5514.7020652173915,5466.831387567935,5505.1279296875,84200,0.0,0.0
2019-04-09 00:00:00+09:00,5438.109292328042,5447.683428406084,5380.664475859789,5428.53515625,97200,0.0,0.0
2019-04-10 00:00:00+09:00,5390.238529704064,5438.109209363958,5380.664393772085,5418.9609375,87900,0.0,0.0
2019-04-11 00:00:00+09:00,5457.257252038044,5505.1279296875,5438.108980978261,5505.1279296875,69100,0.0,0.0
2019-04-12 00:00:00+09:00,5543.425041118421,5543.425041118421,5447.683675986842,5457.2578125,91000,0.0,0.0
2019-04-15 00:00:00+09:00,5533.850577401115,5533.850577401115,5457.2574898246285,5476.40576171875,139900,0.0,0.0
2019-04-16 00:00:00+09:00,5476.4055230978265,5514.7020652173915,5457.257252038044,5505.1279296875,66900,0.0,0.0
2019-04-17 00:00:00+09:00,5524.276607925468,5524.276607925468,5476.405926747605,5495.55419921875,67100,0.0,0.0
2019-04-18 00:00:00+09:00,5495.554116560318,5524.276524835024,5476.405844377182,5485.97998046875,67500,0.0,0.0
2019-04-19 00:00:00+09:00,5495.5540336128715,5524.276441454053,5447.683353877567,5476.40576171875,65100,0.0,0.0
2019-04-22 00:00:00+09:00,5447.683518040886,5495.55419921875,5428.535245569741,5495.55419921875,74200,0.0,0.0
2019-04-23 00:00:00+09:00,5505.12834220097,5562.573159684806,5495.554205953664,5552.9990234375,112300,0.0,0.0
2019-04-24 00:00:00+09:00,5581.721514966114,5600.8697877447285,5543.424969408885,5562.5732421875,128100,0.0,0.0
2019-04-25 00:00:00+09:00,5600.8697877447285,5600.8697877447285,5524.276696630271,5562.5732421875,128800,0.0,0.0
2019-04-26 00:00:00+09:00,5524.2771021091085,5629.592610121587,5514.702965017065,5610.4443359375,131600,0.0,0.0
2019-05-07 00:00:00+09:00,5600.870198845457,5687.037432673848,5562.573650477282,5610.4443359375,196500,0.0,0.0
2019-05-08 00:00:00+09:00,5572.14794921875,5581.722086588542,5476.406575520833,5514.703125,170300,0.0,0.0
2019-05-09 00:00:00+09:00,5476.405919894366,5505.128328565141,5428.535238776409,5438.109375,217000,0.0,0.0
2019-05-10 00:00:00+09:00,5409.387365392737,5438.109776182433,5294.497722233953,5313.64599609375,335900,0.0,0.0
2019-05-13 00:00:00+09:00,5332.7937877743425,5418.961012352384,5284.923107453208,5371.09033203125,273200,0.0,0.0
2019-05-14 00:00:00+09:00,5275.349198002518,5275.349198002518,5064.718195541438,5227.478515625,743900,0.0,0.0
2019-05-15 00:00:00+09:00,5217.9042905336855,5246.626699472403,5103.014654778815,5160.45947265625,395700,0.0,0.0
2019-05-16 00:00:00+09:00,5160.45947265625,5208.330154220779,5112.588791091721,5160.45947265625,180300,0.0,0.0
2019-05-17 00:00:00+09:00,5131.736981586896,5170.033526225604,5103.014573107865,5150.88525390625,169900,0.0,0.0
2019-05-20 00:00:00+09:00,5208.3301605504585,5227.4784331995415,5170.033615252294,5217.904296875,151100,0.0,0.0
2019-05-21 00:00:00+09:00,5189.181631515275,5208.329903218283,5122.162680554746,5131.73681640625,233300,0.0,0.0
2019-05-22 00:00:00+09:00,5122.1630813223655,5131.737217922968,5055.144125118148,5064.71826171875,224000,0.0,0.0
2019-05-23 00:00:00+09:00,5074.2930469477415,5160.460287367609,5074.2930469477415,5141.31201171875,207200,0.0,0.0
2019-05-24 00:00:00+09:00,5141.311117746573,5160.459390065927,5122.162845427219,5150.88525390625,132400,0.0,0.0
2019-05-27 00:00:00+09:00,5160.460124306367,5160.460124306367,5112.589436696846,5122.16357421875,137800,0.0,0.0
2019-05-28 00:00:00+09:00,5103.014565833529,5122.162838125588,5074.292157395442,5093.4404296875,126800,0.0,0.0
2019-05-29 00:00:00+09:00,5026.4208984375,5055.143303571429,4988.124358258929,5026.4208984375,212700,0.0,0.0
2019-05-30 00:00:00+09:00,4978.551676902697,5007.27409042329,4959.403401222303,4968.9775390625,202200,0.0,0.0
2019-05-31 00:00:00+09:00,4968.976803801781,4978.550940225291,4930.68025810774,4940.25439453125,237600,0.0,0.0
2019-06-03 00:00:00+09:00,4873.23583984375,4892.384114263568,4844.5134282140225,4873.23583984375,250500,0.0,0.0
2019-06-04 00:00:00+09:00,4882.809070405506,4892.383205837674,4825.3642578125,4825.3642578125,239800,0.0,0.0
2019-06-05 00:00:00+09:00,4844.51318359375,4882.80973049963,4787.068363234931,4844.51318359375,358900,0.0,0.0
2019-06-06 00:00:00+09:00,4873.234934973339,4873.234934973339,4815.790122380332,4825.3642578125,165100,0.0,0.0
2019-06-07 00:00:00+09:00,4834.938716812438,4844.512852885334,4787.068036447959,4806.21630859375,168900,0.0,0.0
2019-06-10 00:00:00+09:00,4787.068118631958,4834.938799818277,4787.068118631958,4815.79052734375,183700,0.0,0.0
2019-06-11 00:00:00+09:00,4815.790686842435,4815.790686842435,4758.345867516283,4777.494140625,218100,0.0,0.0
2019-06-12 00:00:00+09:00,4806.21630859375,4844.512852885334,4787.068036447959,4806.21630859375,209200,0.0,0.0
2019-06-13 00:00:00+09:00,4796.642206382176,4806.216342522658,4705.687913047583,4753.55859375,264300,0.0,0.0
2019-06-14 00:00:00+09:00,4691.326586174242,4753.558469460228,4672.178314393939,4739.197265625,251500,0.0,0.0
2019-06-17 00:00:00+09:00,4700.901324859714,4715.2625305364745,4629.09529647591,4638.66943359375,226900,0.0,0.0
2019-06-18 00:00:00+09:00,4624.308227916989,4681.753050624033,4619.521159358069,4638.66943359375,273700,0.0,0.0
2019-06-19 00:00:00+09:00,4633.88256785806,4676.966186774095,4600.37308647892,4662.60498046875,218700,0.0,0.0
2019-06-20 00:00:00+09:00,4720.04919272158,4739.197465308685,4686.539715694144,4705.68798828125,203800,0.0,0.0
2019-06-21 00:00:00+09:00,4705.688312970825,4705.688312970825,4643.45642276877,4686.5400390625,353300,0.0,0.0
2019-06-24 00:00:00+09:00,4667.392214188664,4667.392214188664,4600.373249061853,4624.30859375,153900,0.0,0.0
2019-06-25 00:00:00+09:00,4653.030639270511,4676.965982065112,4633.8823650348295,4638.66943359375,160900,0.0,0.0
2019-06-26 00:00:00+09:00,4638.668695847936,4638.668695847936,4605.1592212649275,4609.9462890625,134200,0.0,0.0
2019-06-27 00:00:00+09:00,4595.586180124224,4624.30859375,4571.650835436077,4624.30859375,224900,0.0,0.0
2019-06-28 00:00:00+09:00,4609.946653747558,4653.030267333984,4581.224244689941,4595.58544921875,147300,0.0,0.0
2019-07-01 00:00:00+09:00,4638.669027782247,4648.2431640625,4614.733687081617,4648.2431640625,201800,0.0,0.0
2019-07-02 00:00:00+09:00,4667.391803836034,4676.965940869544,4619.5211186684855,4633.88232421875,175600,0.0,0.0
2019-07-03 00:00:00+09:00,4638.669719268672,4657.81799468361,4609.947306146266,4614.734375,206100,0.0,0.0
2019-07-04 00:00:00+09:00,4662.604817372745,4710.475503382731,4624.308268564755,4643.45654296875,223500,0.0,0.0
2019-07-05 00:00:00+09:00,4638.669351792754,4643.456420267257,4600.372803996736,4629.09521484375,166100,0.0,0.0
2019-07-08 00:00:00+09:00,4571.650510865565,4581.224648061095,4461.54793311697,4471.1220703125,465300,0.0,0.0
2019-07-09 00:00:00+09:00,4538.141031728991,4557.289306124471,4518.99275733351,4528.56689453125,310900,0.0,0.0
2019-07-10 00:00:00+09:00,4509.417689290193,4547.714230175885,4490.269418847347,4533.35302734375,253000,0.0,0.0
2019-07-11 00:00:00+09:00,4557.288698462042,4571.64990234375,4538.140426619764,4571.64990234375,181300,0.0,0.0
2019-07-12 00:00:00+09:00,4562.075890017452,4600.372434739529,4562.075890017452,4586.01123046875,174900,0.0,0.0
2019-07-16 00:00:00+09:00,4624.307408867716,4643.4556797118885,4595.585002601457,4600.3720703125,166700,0.0,0.0
2019-07-17 00:00:00+09:00,4586.011598573229,4629.09521484375,4576.437461624224,4629.09521484375,276100,0.0,0.0
2019-07-18 00:00:00+09:00,4633.882030426765,4648.243235066518,4533.353597948499,4542.927734375,260600,0.0,0.0
2019-07-19 00:00:00+09:00,4542.928022400407,4643.45646125226,4533.353885366897,4633.88232421875,266900,0.0,0.0
2019-07-22 00:00:00+09:00,4586.011513805089,4586.011513805089,4552.502035102964,4562.076171875,134500,0.0,0.0
2019-07-23 00:00:00+09:00,4557.289103488982,4581.224445419071,4542.927898330929,4562.076171875,92400,0.0,0.0
2019-07-24 00:00:00+09:00,4571.649497738702,4595.584835423198,4557.288295128004,4581.2236328125,117700,0.0,0.0
2019-07-25 00:00:00+09:00,4571.650026197971,4595.585366649269,4566.862958107711,4586.01123046875,101700,0.0,0.0
2019-07-26 00:00:00+09:00,4586.010700349399,4600.371902960096,4557.288295128004,4581.2236328125,189100,0.0,0.0
2019-07-29 00:00:00+09:00,4605.1597909245465,4629.095132873219,4595.585654145078,4619.52099609375,296400,0.0,0.0
2019-07-30 00:00:00+09:00,4638.6693927355045,4638.6693927355045,4605.15991311822,4633.88232421875,219800,0.0,0.0
2019-07-31 00:00:00+09:00,4619.5212809244795,4629.0954182942705,4538.14111328125,4538.14111328125,205200,0.0,0.0
2019-08-01 00:00:00+09:00,4471.121906502016,4504.63138545867,4418.464153855847,4451.9736328125,289000,0.0,0.0
2019-08-02 00:00:00+09:00,4423.25129699707,4451.973708016532,4284.426310403007,4289.21337890625,387000,0.0,0.0
2019-08-05 00:00:00+09:00,4265.277785316415,4298.7872628666,4198.258830216045,4203.0458984375,302700,0.0,0.0
2019-08-06 00:00:00+09:00,4107.3048528322515,4246.129842030545,4102.517784239207,4241.3427734375,316600,0.0,0.0
2019-08-07 00:00:00+09:00,4207.833414806336,4217.407552268921,4155.175658762116,4198.25927734375,291400,0.0,0.0
2019-08-08 00:00:00+09:00,4212.619924916574,4317.935423039488,4207.832856820078,4303.57421875,218300,0.0,0.0
2019-08-09 00:00:00+09:00,4313.14792030736,4399.315137361225,4303.573785079153,4365.8056640625,252000,0.0,0.0
2019-08-13 00:00:00+09:00,4332.296716161521,4389.741534497364,4303.574306993599,4370.59326171875,254000,0.0,0.0
2019-08-14 00:00:00+09:00,4365.806193524096,4384.954466302711,4332.296716161521,4370.59326171875,282000,0.0,0.0
2019-08-15 00:00:00+09:00,4327.509360340783,4361.018835476166,4313.148156711334,4337.08349609375,136500,0.0,0.0
2019-08-16 00:00:00+09:00,4341.87113673998,4423.25130137568,4327.509931216033,4404.10302734375,203400,0.0,0.0
2019-08-19 00:00:00+09:00,4428.038044718953,4437.612181031859,4408.889772093141,4423.2509765625,191900,0.0,0.0
2019-08-20 00:00:00+09:00,4413.677368032095,4442.399780405405,4399.316161845439,4428.03857421875,175000,0.0,0.0
2019-08-21 00:00:00+09:00,4404.102863161845,4408.889931491369,4365.806316525654,4384.95458984375,153400,0.0,0.0
2019-08-22 00:00:00+09:00,4399.315635780235,4432.825112875406,4394.528567623783,4423.2509765625,191200,0.0,0.0
2019-08-23 00:00:00+09:00,4437.612427545363,4471.121906502016,4399.31588016633,4451.9736328125,245800,0.0,0.0
2019-08-26 00:00:00+09:00,4317.9353891225965,4380.167273888222,4313.1483210637025,4356.23193359375,220000,0.0,0.0
2019-08-27 00:00:00+09:00,4423.25130137568,4461.547849439538,4399.315958835768,4404.10302734375,167600,0.0,0.0
2019-08-28 00:00:00+09:00,4375.379924436475,4399.315263191598,4365.805788934426,4380.1669921875,108900,0.0,0.0
2019-08-29 00:00:00+09:00,4418.463825879542,4423.250893946583,4389.741417477291,4413.6767578125,150000,0.0,0.0
2019-08-30 00:00:00+09:00,4423.250893946583,4432.825030080667,4394.528485544333,4413.6767578125,225700,0.0,0.0
2019-09-02 00:00:00+09:00,4346.657997646733,4375.380407322813,4317.935587970654,4322.72265625,148700,0.0,0.0
2019-09-03 00:00:00+09:00,4341.8707368068735,4423.250893946583,4327.509532605748,4413.6767578125,269000,0.0,0.0
2019-09-04 00:00:00+09:00,4394.528069747122,4394.528069747122,4346.657393606086,4365.8056640625,186600,0.0,0.0
2019-09-05 00:00:00+09:00,4384.954630844466,4432.82531458731,4370.593425721612,4389.74169921875,273600,0.0,0.0
2019-09-06 00:00:00+09:00,4432.825440500938,4480.69612560354,4423.251303480418,4461.5478515625,306800,0.0,0.0
2019-09-09 00:00:00+09:00,4461.54793311697,4475.909138910265,4447.186727323675,4471.1220703125,187300,0.0,0.0
2019-09-10 00:00:00+09:00,4447.186646031719,4475.90905709328,4423.251303480418,4461.5478515625,148200,0.0,0.0
2019-09-11 00:00:00+09:00,4442.399337020256,4509.418292535648,4432.8252005180575,4490.27001953125,239700,0.0,0.0
2019-09-12 00:00:00+09:00,4542.927527476165,4552.501663466632,4509.418051509534,4518.9921875,231400,0.0,0.0
2019-09-13 00:00:00+09:00,4538.140707236842,4547.71484375,4485.482956414474,4547.71484375,266500,0.0,0.0
2019-09-17 00:00:00+09:00,4547.714925814075,4566.863199185924,4514.20544741334,4557.2890625,208300,0.0,0.0
2019-09-18 00:00:00+09:00,4542.927894713901,4547.714963096108,4495.057210891837,4504.63134765625,168100,0.0,0.0
2019-09-19 00:00:00+09:00,4528.565959733039,4557.288365397308,4518.991824511616,4533.35302734375,181000,0.0,0.0
2019-09-20 00:00:00+09:00,4538.1409477266625,4538.1409477266625,4437.612509011199,4461.5478515625,363800,0.0,0.0
2019-09-24 00:00:00+09:00,4428.038249924314,4490.270138842169,4423.2511815460175,4447.1865234375,286100,0.0,0.0
2019-09-25 00:00:00+09:00,4456.760619064858,4475.908892401334,4428.038209060143,4442.3994140625,212400,0.0,0.0
2019-09-26 00:00:00+09:00,4413.677774580173,4451.974327938787,4404.10363624052,4418.46484375,380600,0.0,0.0
2019-09-27 00:00:00+09:00,4365.461926132373,4365.461926132373,4273.9125038404145,4288.36767578125,479200,30.0,0.0
2019-09-30 00:00:00+09:00,4283.549552109463,4326.915070634755,4264.2759883204435,4322.0966796875,241700,0.0,0.0
2019-10-01 00:00:00+09:00,4341.369960894385,4370.2803046961235,4341.369960894385,4365.4619140625,170800,0.0,0.0
2019-10-02 00:00:00+09:00,4360.64333731668,4423.282412880345,4355.824946888706,4394.3720703125,163700,0.0,0.0
2019-10-03 00:00:00+09:00,4326.91461290632,4336.551393781389,4302.822660718645,4317.27783203125,124600,0.0,0.0
2019-10-04 00:00:00+09:00,4322.096284802328,4336.5514563234065,4264.275598718016,4307.64111328125,141300,0.0,0.0
2019-10-07 00:00:00+09:00,4307.641051156181,4331.733003343855,4307.641051156181,4317.27783203125,75000,0.0,0.0
2019-10-08 00:00:00+09:00,4341.370054462555,4370.280398887389,4322.096491512666,4351.0068359375,129700,0.0,0.0
2019-10-09 00:00:00+09:00,4326.914366055379,4355.82470703125,4298.004025079507,4355.82470703125,161700,0.0,0.0
2019-10-10 00:00:00+09:00,4355.82479970172,4384.735141292661,4312.459287315309,4341.36962890625,162400,0.0,0.0
2019-10-11 00:00:00+09:00,4375.098446902352,4418.463960142573,4365.461666182303,4404.0087890625,229700,0.0,0.0
2019-10-15 00:00:00+09:00,4442.556465610088,4548.561066741781,4442.556465610088,4543.74267578125,283000,0.0,0.0
2019-10-16 00:00:00+09:00,4567.833972417092,4722.0224609375,4563.01558215083,4722.0224609375,448700,0.0,0.0
2019-10-17 00:00:00+09:00,4722.022931509067,4770.206838973446,4635.2918980731865,4649.7470703125,308900,0.0,0.0
2019-10-18 00:00:00+09:00,4673.83856429104,4712.3856864707595,4635.29144211132,4644.92822265625,174300,0.0,0.0
2019-10-21 00:00:00+09:00,4693.112335801002,4736.477850197521,4683.475554823998,4688.2939453125,165500,0.0,0.0
2019-10-23 00:00:00+09:00,4731.659471489044,4847.300843500996,4731.659471489044,4837.6640625,338900,0.0,0.0
2019-10-24 00:00:00+09:00,4828.027418183117,4828.027418183117,4707.567652260385,4741.29638671875,220900,0.0,0.0
2019-10-25 00:00:00+09:00,4775.024840386613,4789.480011447319,4746.1144982652,4784.66162109375,152500,0.0,0.0
2019-10-28 00:00:00+09:00,4741.296449369908,4750.9332307710665,4707.567714465855,4731.65966796875,207000,0.0,0.0
2019-10-29 00:00:00+09:00,4765.388028856734,4803.93515143596,4760.569638534331,4789.47998046875,144100,0.0,0.0
2019-10-30 00:00:00+09:00,4818.390500498008,4856.937624501992,4813.57210999751,4837.6640625,210300,0.0,0.0
2019-10-31 00:00:00+09:00,4847.30078125,4876.21112388171,4818.39043861829,4847.30078125,149700,0.0,0.0
2019-11-01 00:00:00+09:00,4770.20654296875,4856.937571022727,4760.569762073864,4770.20654296875,326600,0.0,0.0
2019-11-05 00:00:00+09:00,4828.027751608455,4924.395571001838,4808.754187729779,4914.7587890625,202100,0.0,0.0
2019-11-06 00:00:00+09:00,4934.032051282051,4953.305613982372,4885.84814453125,4885.84814453125,148000,0.0,0.0
2019-11-07 00:00:00+09:00,4934.032101167315,4962.9424455100925,4905.121756824538,4953.3056640625,119900,0.0,0.0
2019-11-08 00:00:00+09:00,4982.215641975403,5001.489203453064,4914.758176803589,4934.03173828125,171800,0.0,0.0
2019-11-11 00:00:00+09:00,4953.305487552186,4953.305487552186,4866.574457614502,4905.12158203125,130600,0.0,0.0
2019-11-12 00:00:00+09:00,4905.121833423576,4924.39539661974,4847.301143835087,4866.57470703125,128100,0.0,0.0
2019-11-13 00:00:00+09:00,4876.211061507936,4885.847842261905,4818.390376984127,4856.9375,163800,0.0,0.0
2019-11-14 00:00:00+09:00,4856.937562127237,4876.21112388171,4813.572048179672,4847.30078125,107800,0.0,0.0
2019-11-15 00:00:00+09:00,4876.211830628034,4982.216435641687,4876.211830628034,4962.94287109375,160600,0.0,0.0
2019-11-18 00:00:00+09:00,4914.758176803589,4962.942080497742,4895.484615325928,4934.03173828125,112800,0.0,0.0
2019-11-19 00:00:00+09:00,4943.668519020081,4982.215641975403,4914.758176803589,4934.03173828125,126400,0.0,0.0
2019-11-20 00:00:00+09:00,4962.94287109375,4972.5796533677185,4934.0325242718445,4962.94287109375,115400,0.0,0.0
2019-11-21 00:00:00+09:00,4934.031925343812,4953.305487552186,4866.574457614502,4905.12158203125,140900,0.0,0.0
2019-11-22 00:00:00+09:00,4828.027394692729,4914.758425735113,4828.027394692729,4895.48486328125,205100,0.0,0.0
2019-11-25 00:00:00+09:00,4895.484676950831,4924.39501953125,4895.484676950831,4924.39501953125,64700,0.0,0.0
2019-11-26 00:00:00+09:00,4905.12158203125,4924.395144239625,4885.848019822876,4905.12158203125,103400,0.0,0.0
2019-11-27 00:00:00+09:00,4905.12158203125,4914.758363135437,4885.848019822876,4905.12158203125,125200,0.0,0.0
2019-11-28 00:00:00+09:00,4856.937562127237,4856.937562127237,4828.027219495527,4847.30078125,158000,0.0,0.0
2019-11-29 00:00:00+09:00,4837.6640625,4905.121529506972,4828.027281499004,4837.6640625,136200,0.0,0.0
2019-12-02 00:00:00+09:00,4856.937676510314,4914.758363135437,4837.664114301941,4905.12158203125,124000,0.0,0.0
2019-12-03 00:00:00+09:00,4866.574280753968,4876.211061507936,4828.027157738095,4856.9375,123400,0.0,0.0
2019-12-04 00:00:00+09:00,4847.301396230975,4866.574960430701,4794.29909468173,4828.02783203125,236800,0.0,0.0
2019-12-05 00:00:00+09:00,4794.299221000595,4818.39117688502,4760.5704827623995,4808.75439453125,239600,0.0,0.0
2019-12-06 00:00:00+09:00,4789.480703631799,4837.664614131112,4775.025530482005,4828.02783203125,220200,0.0,0.0
2019-12-09 00:00:00+09:00,4808.754000471105,4837.664345163316,4765.388483432789,4794.298828125,380200,0.0,0.0
2019-12-10 00:00:00+09:00,4765.388402872804,4799.117137776859,4731.65966796875,4731.65966796875,321800,0.0,0.0
2019-12-11 00:00:00+09:00,4712.385588202568,4755.751099750445,4697.93041768661,4736.4775390625,222100,0.0,0.0
2019-12-12 00:00:00+09:00,4722.02301212615,4741.296575440951,4697.93105798265,4712.38623046875,225700,0.0,0.0
2019-12-13 00:00:00+09:00,4755.7519214954455,4794.299049531883,4741.296748481781,4760.5703125,293500,0.0,0.0
2019-12-16 00:00:00+09:00,4794.298495205966,4813.572056995738,4765.388152521306,4770.20654296875,149100,0.0,0.0
2019-12-17 00:00:00+09:00,4818.39043861829,4847.30078125,4799.116876863817,4847.30078125,178300,0.0,0.0
2019-12-18 00:00:00+09:00,4876.21142578125,4924.39533315063,4866.574644307374,4876.21142578125,193800,0.0,0.0
2019-12-19 00:00:00+09:00,4905.121833423576,4924.39539661974,4837.664362237005,4866.57470703125,136100,0.0,0.0
2019-12-20 00:00:00+09:00,4895.485051825495,4905.121833423576,4837.664362237005,4866.57470703125,180100,0.0,0.0
2019-12-23 00:00:00+09:00,4895.484623015873,4895.484623015873,4818.390376984127,4856.9375,60400,0.0,0.0
2019-12-24 00:00:00+09:00,4856.9375,4876.211061507936,4837.663938492064,4856.9375,72800,0.0,0.0
2019-12-25 00:00:00+09:00,4866.57453125,4866.57453125,4803.935453125,4818.390625,62800,0.0,0.0
2019-12-26 00:00:00+09:00,4828.027219495527,4847.30078125,4808.753657741054,4847.30078125,83500,0.0,0.0
2019-12-27 00:00:00+09:00,4866.690071352067,4866.690071352067,4803.67516006962,4808.5224609375,83700,30.0,0.0
2019-12-30 00:00:00+09:00,4779.4387405254365,4779.4387405254365,4716.423828125,4716.423828125,137400,0.0,0.0
2020-01-06 00:00:00+09:00,4648.5618794866305,4677.645686866109,4600.0888671875,4600.0888671875,190500,0.0,0.0
2020-01-07 00:00:00+09:00,4653.408564814815,4726.118073640046,4648.561264226466,4711.576171875,156400,0.0,0.0
2020-01-08 00:00:00+09:00,4604.935858761452,4643.714265993128,4580.699354241656,4629.17236328125,146900,0.0,0.0
2020-01-09 00:00:00+09:00,4697.034801136364,4760.049715909091,4672.798295454546,4745.5078125,146300,0.0,0.0
2020-01-10 00:00:00+09:00,4750.354582591557,4784.285686752925,4750.354582591557,4764.896484375,81300,0.0,0.0
2020-01-14 00:00:00+09:00,4735.812680808113,4764.896484375,4701.881576646745,4764.896484375,149500,0.0,0.0
2020-01-15 00:00:00+09:00,4740.660199363128,4764.896703449852,4697.0344920070265,4721.27099609375,90000,0.0,0.0
2020-01-16 00:00:00+09:00,4692.186921146373,4716.423423838245,4648.561216301004,4677.64501953125,136000,0.0,0.0
2020-01-17 00:00:00+09:00,4721.270457318058,4721.270457318058,4663.102854147815,4687.33935546875,121700,0.0,0.0
2020-01-20 00:00:00+09:00,4672.7978515625,4706.728956293763,4667.950550886605,4672.7978515625,169400,0.0,0.0
2020-01-21 00:00:00+09:00,4672.798027730709,4677.64532858935,4634.019620861574,4648.5615234375,142000,0.0,0.0
2020-01-22 00:00:00+09:00,4624.325284090909,4697.034801136364,4619.477982954546,4692.1875,90000,0.0,0.0
2020-01-23 00:00:00+09:00,4667.951347232972,4706.729759255676,4638.8675382159445,4697.03515625,159900,0.0,0.0
2020-01-24 00:00:00+09:00,4667.950636604341,4667.950636604341,4624.324929720188,4634.01953125,120900,0.0,0.0
2020-01-27 00:00:00+09:00,4546.768245373742,4590.393953485004,4517.684439966234,4575.85205078125,146300,0.0,0.0
2020-01-28 00:00:00+09:00,4546.768288730053,4575.852094414893,4488.600677360372,4556.462890625,151800,0.0,0.0
2020-01-29 00:00:00+09:00,4561.3095703125,4566.156870599761,4522.531168014413,4561.3095703125,90600,0.0,0.0
2020-01-30 00:00:00+09:00,4517.684347698253,4537.073550907258,4493.447843686996,4507.98974609375,129800,0.0,0.0
2020-01-31 00:00:00+09:00,4503.1420075081705,4566.156911811299,4498.2947071771605,4541.92041015625,120700,0.0,0.0
2020-02-03 00:00:00+09:00,4488.600278928045,4532.225983582853,4469.211076859241,4517.68408203125,153100,0.0,0.0
2020-02-04 00:00:00+09:00,4561.310718130219,4643.71484375,4561.310718130219,4643.71484375,204300,0.0,0.0
2020-02-05 00:00:00+09:00,4697.0342282154525,4750.354534211706,4682.49232658011,4730.96533203125,173800,0.0,0.0
2020-02-06 00:00:00+09:00,4774.591223033894,4866.68993698074,4764.896621565804,4813.36962890625,248400,0.0,0.0
2020-02-07 00:00:00+09:00,4803.675291474012,4813.369893474968,4745.507679468272,4750.35498046875,113900,0.0,0.0
2020-02-10 00:00:00+09:00,4735.812674816743,4735.812674816743,4677.645067756558,4711.576171875,158000,0.0,0.0
2020-02-12 00:00:00+09:00,4711.576431467563,4711.576431467563,4585.5466092266615,4595.2412109375,161400,0.0,0.0
2020-02-13 00:00:00+09:00,4604.936079545455,4614.630681818182,4546.768465909091,4585.546875,122400,0.0,0.0
2020-02-14 00:00:00+09:00,4546.767669450717,4595.240672323326,4527.378468301674,4561.3095703125,185300,0.0,0.0
2020-02-17 00:00:00+09:00,4537.073234797297,4561.309737119932,4449.82182643581,4483.7529296875,259900,0.0,0.0
2020-02-18 00:00:00+09:00,4483.75320353836,4624.324925595238,4483.75320353836,4580.69921875,233200,0.0,0.0
2020-02-19 00:00:00+09:00,4604.935504905333,4648.561209688646,4566.157100653499,4624.32470703125,184600,0.0,0.0
2020-02-20 00:00:00+09:00,4643.714037204751,4658.255939200172,4546.768023901937,4566.1572265625,173900,0.0,0.0
2020-02-21 00:00:00+09:00,4522.531382548451,4575.851688237661,4517.68408203125,4517.68408203125,126700,0.0,0.0
2020-02-25 00:00:00+09:00,4381.960050303197,4420.738457828004,4357.723545600193,4396.501953125,208900,0.0,0.0
2020-02-26 00:00:00+09:00,4357.723545600193,4406.196555006202,4328.639739956588,4396.501953125,172700,0.0,0.0
2020-02-27 00:00:00+09:00,4362.57084437779,4381.960048130581,4314.097834995815,4343.181640625,207000,0.0,0.0
2020-02-28 00:00:00+09:00,4265.62526363892,4314.098277998453,4241.388756459153,4309.2509765625,302900,0.0,0.0
2020-03-02 00:00:00+09:00,4246.235623966373,4420.738457828004,4236.541022085171,4396.501953125,261200,0.0,0.0
2020-03-03 00:00:00+09:00,4444.975142045455,4459.517045454546,4265.625,4265.625,209100,0.0,0.0
2020-03-04 00:00:00+09:00,4226.846327593537,4318.945043447066,4212.304425090349,4275.3193359375,130100,0.0,0.0
2020-03-05 00:00:00+09:00,4343.181284916201,4357.723186539804,4285.0136784217875,4338.333984375,193000,0.0,0.0
2020-03-06 00:00:00+09:00,4270.471588482346,4318.944591756834,4236.540486190205,4255.9296875,203700,0.0,0.0
2020-03-09 00:00:00+09:00,4168.678360076721,4173.525660495416,4023.2593475159056,4047.495849609375,177200,0.0,0.0
2020-03-10 00:00:00+09:00,4071.7327092366922,4100.816514302669,3902.0771796851636,4052.343505859375,384100,0.0,0.0
2020-03-11 00:00:00+09:00,4052.3436187168336,4168.678842220666,4032.9544147995284,4110.51123046875,319200,0.0,0.0
2020-03-12 00:00:00+09:00,3999.0230771448337,4032.9541820418203,3848.7567554581797,3940.85546875,339600,0.0,0.0
2020-03-13 00:00:00+09:00,3737.2689316786727,3834.214948064631,3596.697207919034,3732.421630859375,461400,0.0,0.0
2020-03-16 00:00:00+09:00,3722.727250328515,3829.367874686884,3688.796142578125,3688.796142578125,227000,0.0,0.0
2020-03-17 00:00:00+09:00,3485.2092854916114,4028.106976694755,3475.5146838629835,4008.7177734375,490000,0.0,0.0
2020-03-18 00:00:00+09:00,4057.1910091072186,4406.19668730999,4003.870697159573,4285.01416015625,408800,0.0,0.0
2020-03-19 00:00:00+09:00,4415.891379182235,4595.241523012907,4386.807572074558,4459.51708984375,486700,0.0,0.0
2020-03-23 00:00:00+09:00,4323.7924346751415,4357.723541225282,4086.2746888241527,4289.861328125,518400,0.0,0.0
2020-03-24 00:00:00+09:00,4294.708642752719,4352.876254166977,3999.0232847302404,4066.885498046875,351100,0.0,0.0
2020-03-25 00:00:00+09:00,3999.0236070421006,4202.610263400607,3984.481703016493,4188.068359375,330700,0.0,0.0
2020-03-26 00:00:00+09:00,4144.442724609376,4406.197001953125,4081.4278059895837,4362.5712890625,300100,0.0,0.0
2020-03-27 00:00:00+09:00,4430.433325143256,4546.7685546875,4270.472384519922,4546.7685546875,405800,0.0,0.0
2020-03-30 00:00:00+09:00,4556.462677001953,4653.40869140625,4454.669361877442,4653.40869140625,212700,0.0,0.0
2020-03-31 00:00:00+09:00,4648.560945888973,4653.4082461453745,4381.959431786894,4401.3486328125,260000,0.0,0.0
2020-04-01 00:00:00+09:00,4362.570615532984,4420.738223740091,4251.082699802697,4280.16650390625,202900,0.0,0.0
2020-04-02 00:00:00+09:00,4304.403321398777,4464.364255639947,4304.403321398777,4357.7236328125,193800,0.0,0.0
2020-04-03 00:00:00+09:00,4333.487079067888,4469.211506600216,4192.915350552263,4217.15185546875,184800,0.0,0.0
2020-04-06 00:00:00+09:00,4275.319124818113,4401.348940288942,4236.5407200578575,4372.26513671875,133500,0.0,0.0
2020-04-07 00:00:00+09:00,4381.960007032108,4440.127617744924,4309.250493641088,4415.89111328125,151700,0.0,0.0
2020-04-08 00:00:00+09:00,4430.433238636364,4643.714488636364,4415.891335227273,4585.546875,250800,0.0,0.0
2020-04-09 00:00:00+09:00,4609.783698764632,4653.409412002153,4406.197036989539,4503.14306640625,192800,0.0,0.0
2020-04-10 00:00:00+09:00,4517.684568166209,4517.684568166209,4348.029031808035,4411.0439453125,233200,0.0,0.0
2020-04-13 00:00:00+09:00,4411.043374055351,4488.600180632148,4352.875769122753,4449.82177734375,127200,0.0,0.0
2020-04-14 00:00:00+09:00,4478.905505853121,4575.8515124733185,4478.905505853121,4541.92041015625,162500,0.0,0.0
2020-04-15 00:00:00+09:00,4575.852096477392,4643.7143097726075,4537.073688880126,4609.783203125,225000,0.0,0.0
2020-04-16 00:00:00+09:00,4629.1722805642,4726.118296911094,4609.783077294822,4721.27099609375,204400,0.0,0.0
2020-04-17 00:00:00+09:00,4750.355205314805,4779.4390126942835,4595.241565957587,4600.0888671875,165000,0.0,0.0
2020-04-20 00:00:00+09:00,4537.073386069749,4653.408601097179,4537.073386069749,4638.86669921875,121400,0.0,0.0
2020-04-21 00:00:00+09:00,4643.714047507132,4726.118158997342,4600.08834142408,4672.7978515625,155900,0.0,0.0
2020-04-22 00:00:00+09:00,4692.1875,4721.271306818182,4614.630681818182,4692.1875,147500,0.0,0.0
2020-04-23 00:00:00+09:00,4706.729093641716,4774.591305084542,4692.1871911896815,4721.27099609375,141700,0.0,0.0
2020-04-24 00:00:00+09:00,4760.048655965045,4789.132456306991,4706.728355338146,4784.28515625,299400,0.0,0.0
2020-04-27 00:00:00+09:00,4823.064407163303,4823.064407163303,4760.049495310918,4789.13330078125,191700,0.0,0.0
2020-04-28 00:00:00+09:00,4745.507857071314,4750.355158253205,4677.64564052484,4726.11865234375,115900,0.0,0.0
2020-04-30 00:00:00+09:00,4750.354651837845,4760.049253168127,4561.309925897359,4566.1572265625,200600,0.0,0.0
2020-05-01 00:00:00+09:00,4561.309786686058,4629.171993926871,4507.989480996848,4517.68408203125,139500,0.0,0.0
2020-05-07 00:00:00+09:00,4507.989881150266,4580.699395362367,4498.295279255319,4556.462890625,135000,0.0,0.0
2020-05-08 00:00:00+09:00,4609.78285355424,4663.103159957076,4595.240951808012,4658.255859375,131800,0.0,0.0
2020-05-11 00:00:00+09:00,4701.882102272727,4760.049715909091,4653.409090909091,4692.1875,209900,0.0,0.0
2020-05-12 00:00:00+09:00,4818.217197441056,5012.109237579529,4803.67529443067,4856.99560546875,438300,0.0,0.0
2020-05-13 00:00:00+09:00,4808.522770957341,4905.468794565352,4769.7443615141365,4886.07958984375,157600,0.0,0.0
2020-05-14 00:00:00+09:00,4944.2470703125,4963.636274509804,4856.995651424632,4944.2470703125,156300,0.0,0.0
2020-05-15 00:00:00+09:00,4953.9416724111525,4983.025478707108,4876.384855621936,4944.2470703125,137500,0.0,0.0
2020-05-18 00:00:00+09:00,4953.941628456116,4983.025434494019,4915.163220405579,4963.63623046875,115800,0.0,0.0
2020-05-19 00:00:00+09:00,4973.330696421967,4973.330696421967,4856.995475453033,4915.1630859375,118300,0.0,0.0
2020-05-20 00:00:00+09:00,4924.85724009901,4934.551840965347,4847.300433168317,4895.7734375,94000,0.0,0.0
2020-05-21 00:00:00+09:00,4886.079411489521,4905.468615503369,4847.301003461826,4856.99560546875,80100,0.0,0.0
2020-05-22 00:00:00+09:00,4895.7737890625,4905.468390625,4832.75887890625,4847.30078125,64000,0.0,0.0
2020-05-25 00:00:00+09:00,4915.1630859375,4983.025298169378,4886.079280695266,4915.1630859375,118000,0.0,0.0
2020-05-26 00:00:00+09:00,4973.330788697714,4992.7199925522855,4905.468575206712,4983.025390625,100000,0.0,0.0
2020-05-27 00:00:00+09:00,4983.0253470960515,5021.8037544664485,4963.636143410853,5002.41455078125,138700,0.0,0.0
2020-05-28 00:00:00+09:00,4992.72008080576,4992.72008080576,4895.77405981924,4944.2470703125,169600,0.0,0.0
2020-05-29 00:00:00+09:00,4963.636276391555,5060.582297414828,4934.552470084573,5050.8876953125,239300,0.0,0.0
2020-06-01 00:00:00+09:00,5050.8872920318545,5050.8872920318545,4992.719684062198,5012.10888671875,87600,0.0,0.0
2020-06-02 00:00:00+09:00,5041.192424288128,5041.192424288128,4963.635617760618,5021.80322265625,106500,0.0,0.0
2020-06-03 00:00:00+09:00,5070.276763679445,5070.276763679445,4973.330745253452,5002.41455078125,121600,0.0,0.0
2020-06-04 00:00:00+09:00,4934.552686669361,5060.58251953125,4866.690468974497,5060.58251953125,149300,0.0,0.0
2020-06-05 00:00:00+09:00,5021.803932969051,5079.971546092245,4963.6363198458575,5031.49853515625,130900,0.0,0.0
2020-06-08 00:00:00+09:00,5031.498175370066,5050.887378358005,4934.552160430373,4973.33056640625,108100,0.0,0.0
2020-06-09 00:00:00+09:00,5050.8872920318545,5050.8872920318545,4992.719684062198,5012.10888671875,92800,0.0,0.0
2020-06-10 00:00:00+09:00,5031.497619628906,5167.222025553386,5012.108418782552,5118.7490234375,198300,0.0,0.0
2020-06-11 00:00:00+09:00,5138.139339753951,5167.223147337464,5041.193314475575,5060.58251953125,141400,0.0,0.0
2020-06-12 00:00:00+09:00,5021.803488047026,5070.276494688407,4963.63588007737,5012.10888671875,169000,0.0,0.0
2020-06-15 00:00:00+09:00,5012.108335960569,5089.665138064407,4915.162333330771,4924.85693359375,180000,0.0,0.0
2020-06-16 00:00:00+09:00,5021.803667743389,5050.887472768931,4973.330659367488,5041.19287109375,124000,0.0,0.0
2020-06-17 00:00:00+09:00,5060.582206043287,5070.276807970574,4953.941584843142,4983.025390625,137500,0.0,0.0
2020-06-18 00:00:00+09:00,5031.498404017857,5089.666015625,5031.498404017857,5089.666015625,126200,0.0,0.0
2020-06-19 00:00:00+09:00,5060.582341717847,5060.582341717847,4983.025524220256,5031.49853515625,262000,0.0,0.0
2020-06-22 00:00:00+09:00,4992.719948938651,5031.498356309048,4963.636143410853,5002.41455078125,96900,0.0,0.0
2020-06-23 00:00:00+09:00,5041.193137343449,5079.971546092245,4983.025524220256,5031.49853515625,120000,0.0,0.0
2020-06-24 00:00:00+09:00,5002.414501664201,5021.803705159024,4905.468484190089,4915.1630859375,130300,0.0,0.0
2020-06-25 00:00:00+09:00,4934.552160430373,5002.4143708881575,4915.162957442434,4973.33056640625,150000,0.0,0.0
2020-06-26 00:00:00+09:00,4992.719420208434,5041.192424288128,4934.551815312801,5021.80322265625,390900,0.0,0.0
2020-06-29 00:00:00+09:00,5002.301466372614,5041.305766305345,4934.043941490338,4982.79931640625,150000,30.0,0.0
2020-06-30 00:00:00+09:00,5002.301171685008,5021.803320502493,4963.296874050036,5012.05224609375,107600,0.0,0.0
2020-07-01 00:00:00+09:00,5002.301570235149,5021.8037206064355,4904.790818378713,4924.29296875,149500,0.0,0.0
2020-07-02 00:00:00+09:00,4943.794823834277,5002.301271453617,4943.794823834277,4953.5458984375,182300,0.0,0.0
2020-07-03 00:00:00+09:00,4992.550675675676,5051.05712890625,4963.297449060388,5051.05712890625,150500,0.0,0.0
2020-07-06 00:00:00+09:00,5021.8036087826895,5099.8122085307705,4992.550383877159,5080.31005859375,173800,0.0,0.0
2020-07-07 00:00:00+09:00,5051.0564453125,5051.0564453125,4943.79462890625,4973.0478515625,167500,0.0,0.0
2020-07-08 00:00:00+09:00,4992.55,5109.562890625,4963.29677734375,4973.0478515625,224200,0.0,0.0
2020-07-09 00:00:00+09:00,4895.039355081225,4943.794727143787,4846.283983018663,4914.54150390625,189800,0.0,0.0
2020-07-10 00:00:00+09:00,4934.0436537136775,4953.545802542585,4865.7861328125,4865.7861328125,143800,0.0,0.0
2020-07-13 00:00:00+09:00,4924.29296875,4963.297269492574,4870.6620552289605,4924.29296875,266200,0.0,0.0
2020-07-14 00:00:00+09:00,4953.54619921875,4963.2972744140625,4846.284372070312,4875.53759765625,142400,0.0,0.0
2020-07-15 00:00:00+09:00,4904.790625583603,4914.541700385957,4856.035251571838,4895.03955078125,171000,0.0,0.0
2020-07-16 00:00:00+09:00,4836.532909569138,4895.039356055861,4826.781835154684,4865.7861328125,108600,0.0,0.0
2020-07-17 00:00:00+09:00,4865.786326374191,4924.29277518831,4856.035251571838,4895.03955078125,93400,0.0,0.0
2020-07-20 00:00:00+09:00,4934.043941490338,5002.301466372614,4914.541791523972,4982.79931640625,158100,0.0,0.0
2020-07-21 00:00:00+09:00,4973.048047643947,5012.05234605684,4895.03945081816,4953.5458984375,133300,0.0,0.0
2020-07-22 00:00:00+09:00,4924.292578318762,4953.545801556299,4904.790429493737,4914.54150390625,96000,0.0,0.0
2020-07-27 00:00:00+09:00,4846.2845621583,4914.542091202783,4802.404722058275,4904.791015625,208400,0.0,0.0
2020-07-28 00:00:00+09:00,4870.661965647052,4895.039653162803,4812.155515609249,4836.533203125,183700,0.0,0.0
2020-07-29 00:00:00+09:00,4846.283787869144,4875.537009928717,4782.901806740071,4787.77734375,203700,0.0,0.0
2020-07-30 00:00:00+09:00,4743.898135841917,4826.782275933708,4739.022598189459,4821.90673828125,532300,0.0,0.0
2020-07-31 00:00:00+09:00,4817.030861776383,4885.288384109247,4758.5244140625,4758.5244140625,229400,0.0,0.0
2020-08-03 00:00:00+09:00,4826.781983661168,4836.533058375635,4753.648923302665,4802.404296875,146500,0.0,0.0
2020-08-04 00:00:00+09:00,4875.537401176544,4914.541700385957,4836.533101967132,4895.03955078125,121600,0.0,0.0
2020-08-05 00:00:00+09:00,4875.53778889165,4943.795317936133,4826.782411002734,4904.791015625,186400,0.0,0.0
2020-08-06 00:00:00+09:00,4895.039405325351,4904.790479837951,4831.657420993449,4860.91064453125,140800,0.0,0.0
2020-08-07 00:00:00+09:00,4792.653079777328,4817.030765839267,4583.0049796446465,4622.00927734375,495800,0.0,0.0
2020-08-11 00:00:00+09:00,4631.760591089044,4714.644727982217,4626.88505362474,4695.142578125,179500,0.0,0.0
2020-08-12 00:00:00+09:00,4704.893168192975,4870.661424896148,4685.391020345543,4841.408203125,170500,0.0,0.0
2020-08-13 00:00:00+09:00,4841.408100961538,4841.408100961538,4743.897363782052,4753.6484375,216800,0.0,0.0
2020-08-14 00:00:00+09:00,4695.142382206567,4724.395605771717,4685.39130768485,4714.64453125,226700,0.0,0.0
2020-08-17 00:00:00+09:00,4729.271539363921,4734.147077033368,4665.889549661106,4675.640625,100100,0.0,0.0
2020-08-18 00:00:00+09:00,4675.640330513277,4719.520166774611,4675.640330513277,4704.8935546875,98000,0.0,0.0
2020-08-19 00:00:00+09:00,4704.893557243947,4729.271244069045,4656.13818359375,4656.13818359375,91200,0.0,0.0
2020-08-20 00:00:00+09:00,4636.63618537271,4641.511722896762,4587.880810132198,4592.75634765625,94700,0.0,0.0
2020-08-21 00:00:00+09:00,4592.75615571848,4602.507230359071,4509.872021273454,4514.74755859375,124100,0.0,0.0
2020-08-24 00:00:00+09:00,4500.120800993777,4529.374023968819,4475.743115181243,4480.61865234375,106400,0.0,0.0
2020-08-25 00:00:00+09:00,4500.121440770845,4514.748054337814,4465.99267578125,4465.99267578125,111400,0.0,0.0
2020-08-26 00:00:00+09:00,4436.739110205024,4470.867872591217,4431.863572721283,4451.36572265625,100700,0.0,0.0
2020-08-27 00:00:00+09:00,4446.4904322687225,4470.8681210421255,4412.361667985958,4426.98828125,165700,0.0,0.0
2020-08-28 00:00:00+09:00,4446.490139311394,4490.369976212493,4373.357077809562,4407.48583984375,127900,0.0,0.0
2020-08-31 00:00:00+09:00,4436.73876953125,4456.24091796875,4383.107861328125,4387.9833984375,135900,0.0,0.0
2020-09-01 00:00:00+09:00,4387.983300997783,4407.485449002217,4348.979004988913,4397.734375,102500,0.0,0.0
2020-09-02 00:00:00+09:00,4378.232226995566,4417.236523004434,4378.232226995566,4397.734375,128400,0.0,0.0
2020-09-03 00:00:00+09:00,4514.747313649149,4524.498387760703,4422.112109589393,4441.6142578125,160000,0.0,0.0
2020-09-04 00:00:00+09:00,4378.232178545473,4470.867380541425,4378.232178545473,4402.60986328125,139600,0.0,0.0
2020-09-07 00:00:00+09:00,4426.988337862319,4441.614951313406,4368.481884057971,4373.357421875,131800,0.0,0.0
2020-09-08 00:00:00+09:00,4368.481540376106,4407.48583984375,4363.606002942651,4407.48583984375,116000,0.0,0.0
2020-09-09 00:00:00+09:00,4407.4854002284055,4422.112011069871,4383.107715492629,4402.60986328125,180500,0.0,0.0
2020-09-10 00:00:00+09:00,4383.108050945768,4544.0007825155235,4383.108050945768,4514.74755859375,191000,0.0,0.0
2020-09-11 00:00:00+09:00,4563.502783571044,4563.502783571044,4519.62294911363,4529.3740234375,141700,0.0,0.0
2020-09-14 00:00:00+09:00,4461.116940705672,4504.996779466712,4446.490327785326,4485.49462890625,144900,0.0,0.0
2020-09-15 00:00:00+09:00,4446.49004035596,4451.365577680912,4397.734667106443,4417.23681640625,148300,0.0,0.0
2020-09-16 00:00:00+09:00,4387.983979212555,4441.614894514042,4378.232903703194,4426.98828125,199600,0.0,0.0
2020-09-17 00:00:00+09:00,4495.245409312568,4524.4986332343415,4480.618797351681,4514.74755859375,181000,0.0,0.0
2020-09-18 00:00:00+09:00,4573.2541028171845,4573.2541028171845,4519.623191163678,4553.751953125,223800,0.0,0.0
2020-09-23 00:00:00+09:00,4563.503126676502,4592.756351847505,4544.0009765625,4544.0009765625,158600,0.0,0.0
2020-09-24 00:00:00+09:00,4544.001224126888,4558.627837509271,4509.872459567995,4519.62353515625,114100,0.0,0.0
2020-09-25 00:00:00+09:00,4544.0005859375,4568.378271484375,4504.9962890625,4534.24951171875,134700,0.0,0.0
2020-09-28 00:00:00+09:00,4583.005268513655,4641.51171875,4578.12973099396,4641.51171875,205700,0.0,0.0
2020-09-29 00:00:00+09:00,4602.507228231838,4602.507228231838,4524.498631143162,4563.5029296875,147700,0.0,0.0
2020-09-30 00:00:00+09:00,4700.0181228459705,4724.39581020513,4597.6318359375,4597.6318359375,324700,0.0,0.0
2020-10-02 00:00:00+09:00,4583.004980676972,4651.2625016657785,4553.751757396056,4573.25390625,215700,0.0,0.0
2020-10-05 00:00:00+09:00,4592.756149483525,4680.515821129708,4592.756149483525,4661.013671875,139000,0.0,0.0
2020-10-06 00:00:00+09:00,4651.262942282995,4685.391706010439,4607.383103204854,4626.88525390625,111100,0.0,0.0
2020-10-07 00:00:00+09:00,4626.885110324608,4626.885110324608,4573.254197560045,4592.75634765625,174100,0.0,0.0
2020-10-08 00:00:00+09:00,4612.258448352995,4622.00952329666,4587.880760993836,4597.6318359375,110600,0.0,0.0
2020-10-09 00:00:00+09:00,4583.004980676972,4602.507129530917,4548.876220182569,4573.25390625,103400,0.0,0.0
2020-10-12 00:00:00+09:00,4558.62724640911,4583.004932218784,4500.120800465891,4529.3740234375,143500,0.0,0.0
2020-10-13 00:00:00+09:00,4583.005130912163,4583.005130912163,4495.245458192568,4509.8720703125,101300,0.0,0.0
2020-10-14 00:00:00+09:00,4500.120850141272,4534.249610651553,4465.992089630991,4475.7431640625,84900,0.0,0.0
2020-10-15 00:00:00+09:00,4446.489991041896,4475.743214667172,4417.236767416621,4422.1123046875,75300,0.0,0.0
2020-10-16 00:00:00+09:00,4417.236670302072,4417.236670302072,4383.10791015625,4383.10791015625,101800,0.0,0.0
2020-10-19 00:00:00+09:00,4402.610302410295,4446.490139311394,4387.983690109928,4407.48583984375,102000,0.0,0.0
2020-10-20 00:00:00+09:00,4402.610206604004,4456.241117204939,4368.4814453125,4368.4814453125,142600,0.0,0.0
2020-10-21 00:00:00+09:00,4363.606149417314,4426.9881381798,4363.606149417314,4392.859375,150000,0.0,0.0
2020-10-22 00:00:00+09:00,4392.85952344185,4402.610598965583,4363.60629687065,4378.23291015625,134900,0.0,0.0
2020-10-23 00:00:00+09:00,4387.983643942039,4412.361330852828,4358.730419649092,4363.60595703125,106500,0.0,0.0
2020-10-26 00:00:00+09:00,4368.481741573034,4402.610505179073,4334.352977966994,4339.228515625,104700,0.0,0.0
2020-10-27 00:00:00+09:00,4285.597215807115,4329.47705078125,4261.219529710374,4329.47705078125,154100,0.0,0.0
2020-10-28 00:00:00+09:00,4305.099316076701,4339.2280762268,4290.472704583803,4334.3525390625,120100,0.0,0.0
2020-10-29 00:00:00+09:00,4275.846044921875,4309.9748046875,4275.846044921875,4290.47265625,121100,0.0,0.0
2020-10-30 00:00:00+09:00,4251.468997801327,4270.971149167388,4212.464695069204,4227.09130859375,162800,0.0,0.0
2020-11-02 00:00:00+09:00,4227.090913003178,4329.47719809322,4227.090913003178,4314.8505859375,153400,0.0,0.0
2020-11-04 00:00:00+09:00,4358.730571720876,4368.481646825397,4285.597508436968,4300.22412109375,106400,0.0,0.0
2020-11-05 00:00:00+09:00,4339.228221348354,4373.356982639858,4309.974997384207,4368.4814453125,178200,0.0,0.0
2020-11-06 00:00:00+09:00,4353.855038704129,4353.855038704129,4236.842137327982,4251.46875,376000,0.0,0.0
2020-11-09 00:00:00+09:00,4285.597762691934,4290.473300533449,4197.838081544658,4227.09130859375,216100,0.0,0.0
2020-11-10 00:00:00+09:00,4280.722267185716,4295.3488808549155,4241.7179640678505,4270.97119140625,297700,0.0,0.0
2020-11-11 00:00:00+09:00,4339.227930986696,4431.863134007761,4324.601319983371,4397.734375,283200,0.0,0.0
2020-11-12 00:00:00+09:00,4436.739307231504,4441.614844931759,4353.855166327179,4431.86376953125,201000,0.0,0.0
2020-11-13 00:00:00+09:00,4436.739420756412,4436.739420756412,4319.726512956243,4324.60205078125,156100,0.0,0.0
2020-11-16 00:00:00+09:00,4387.9833984375,4407.485546875,4339.22802734375,4387.9833984375,151300,0.0,0.0
2020-11-17 00:00:00+09:00,4368.481497175141,4368.481497175141,4309.97504855226,4314.8505859375,155200,0.0,0.0
2020-11-18 00:00:00+09:00,4275.846093090903,4344.103613391099,4251.468407269404,4334.3525390625,149700,0.0,0.0
2020-11-19 00:00:00+09:00,4324.601759360844,4339.228371850227,4280.721921892696,4305.099609375,127700,0.0,0.0
2020-11-20 00:00:00+09:00,4305.099899481222,4329.477588606257,4295.3488238312075,4324.60205078125,99800,0.0,0.0
2020-11-24 00:00:00+09:00,4348.9791015625,4426.9876953125,4348.9791015625,4387.9833984375,221400,0.0,0.0
2020-11-25 00:00:00+09:00,4451.365282012195,4456.240819013304,4397.734375,4397.734375,188000,0.0,0.0
2020-11-26 00:00:00+09:00,4436.739356759361,4451.365970023403,4402.610592476597,4426.98828125,180600,0.0,0.0
2020-11-27 00:00:00+09:00,4402.610299208493,4456.2412109375,4363.6059997692155,4456.2412109375,762500,0.0,0.0
2020-11-30 00:00:00+09:00,4392.859492434731,4397.735030162184,4227.091209701345,4236.84228515625,304000,0.0,0.0
2020-12-01 00:00:00+09:00,4275.84658697587,4285.597662430776,4212.4645965189875,4236.84228515625,179200,0.0,0.0
2020-12-02 00:00:00+09:00,4227.090380521074,4256.343601147517,4212.463770207852,4222.21484375,348800,0.0,0.0
2020-12-03 00:00:00+09:00,4241.717816766211,4300.224269411263,4217.340128164107,4285.59765625,333900,0.0,0.0
2020-12-04 00:00:00+09:00,4324.60204370471,4407.486186594203,4309.975430253623,4373.357421875,244000,0.0,0.0
2020-12-07 00:00:00+09:00,4392.859184101342,4412.361333642302,4300.22397378178,4314.8505859375,137900,0.0,0.0
2020-12-08 00:00:00+09:00,4305.099609375,4348.979446843148,4290.472996885617,4305.099609375,105500,0.0,0.0
2020-12-09 00:00:00+09:00,4339.228408545779,4446.490234375,4334.352871008086,4446.490234375,173200,0.0,0.0
2020-12-10 00:00:00+09:00,4446.489991041896,4461.116602854534,4402.610155603983,4422.1123046875,108200,0.0,0.0
2020-12-11 00:00:00+09:00,4436.738866336465,4475.7431640625,4417.236717473448,4475.7431640625,126400,0.0,0.0
2020-12-14 00:00:00+09:00,4475.7432130503685,4529.374123010667,4465.992138512132,4470.86767578125,103200,0.0,0.0
2020-12-15 00:00:00+09:00,4480.618947558701,4495.245560009926,4451.36572265625,4451.36572265625,110000,0.0,0.0
2020-12-16 00:00:00+09:00,4470.86748014716,4480.618554258713,4441.6142578125,4441.6142578125,158900,0.0,0.0
2020-12-17 00:00:00+09:00,4373.357074629034,4461.11674836741,4353.854924909396,4456.2412109375,233000,0.0,0.0
2020-12-18 00:00:00+09:00,4451.36547693713,4524.49853515625,4436.738865293305,4524.49853515625,236900,0.0,0.0
2020-12-21 00:00:00+09:00,4495.245560009926,4519.623247428635,4426.988035237541,4451.36572265625,179800,0.0,0.0
2020-12-22 00:00:00+09:00,4426.9876953125,4465.9919921875,4392.858935546875,4436.73876953125,425600,0.0,0.0
2020-12-23 00:00:00+09:00,4441.614452166542,4490.369824857722,4441.614452166542,4470.86767578125,402500,0.0,0.0
2020-12-24 00:00:00+09:00,4519.623293133982,4558.627593398353,4490.370067935703,4495.24560546875,140500,0.0,0.0
2020-12-25 00:00:00+09:00,4504.996240075326,4514.747314188043,4480.618554793533,4490.36962890625,84800,0.0,0.0
2020-12-28 00:00:00+09:00,4529.374072370858,4544.000684014682,4495.245311868602,4524.49853515625,141600,0.0,0.0
2020-12-29 00:00:00+09:00,4539.236302593955,4549.061489396106,4475.372588379971,4509.7607421875,144400,35.0,0.0
2020-12-30 00:00:00+09:00,4509.760694812913,4509.760694812913,4431.159201221403,4455.72216796875,152600,0.0,0.0
2021-01-04 00:00:00+09:00,4465.547809694286,4470.460403544334,4352.558151143166,4411.50927734375,117000,0.0,0.0
2021-01-05 00:00:00+09:00,4382.033695233763,4391.858882891238,4352.558132261338,4386.9462890625,96800,0.0,0.0
2021-01-06 00:00:00+09:00,4382.033198740881,4411.508758373668,4362.3828256523575,4377.12060546875,79500,0.0,0.0
2021-01-07 00:00:00+09:00,4401.6836111111115,4460.634730902778,4401.6836111111115,4421.333984375,120400,0.0,0.0
2021-01-08 00:00:00+09:00,4411.508857443244,4490.1103515625,4396.7710772958835,4490.1103515625,124200,0.0,0.0
2021-01-12 00:00:00+09:00,4440.98443037759,4504.84814453125,4426.246650188284,4504.84814453125,113700,0.0,0.0
2021-01-13 00:00:00+09:00,4485.197775182121,4519.585928989652,4460.634808176743,4509.7607421875,92900,0.0,0.0
2021-01-14 00:00:00+09:00,4490.110873171722,4549.062000609426,4490.110873171722,4534.32421875,119600,0.0,0.0
2021-01-15 00:00:00+09:00,4534.323726232036,4558.886693329718,4509.760759134355,4529.4111328125,102200,0.0,0.0
2021-01-18 00:00:00+09:00,4519.585894574176,4519.585894574176,4465.547367573832,4470.4599609375,69700,0.0,0.0
2021-01-19 00:00:00+09:00,4470.460415076997,4480.285602802442,4426.2470703125,4426.2470703125,108100,0.0,0.0
2021-01-20 00:00:00+09:00,4401.6840858416945,4421.334461224917,4382.033710458472,4406.5966796875,120800,0.0,0.0
2021-01-21 00:00:00+09:00,4411.5087934076055,4485.1976930747705,4391.858420163028,4416.42138671875,110700,0.0,0.0
2021-01-22 00:00:00+09:00,4377.121116612667,4421.334461224917,4367.295928921056,4406.5966796875,85700,0.0,0.0
2021-01-25 00:00:00+09:00,4431.159720208447,4509.761223005936,4416.421938433918,4499.93603515625,109500,0.0,0.0
2021-01-26 00:00:00+09:00,4490.110398015203,4553.974112647804,4480.285211148649,4544.14892578125,112300,0.0,0.0
2021-01-27 00:00:00+09:00,4583.44972370681,4627.663065093049,4573.624536732091,4603.10009765625,132100,0.0,0.0
2021-01-28 00:00:00+09:00,4617.837898918525,4662.051240503914,4583.44974435211,4627.6630859375,195600,0.0,0.0
2021-01-29 00:00:00+09:00,4608.013116720448,4642.401274307914,4514.673831840183,4519.58642578125,130900,0.0,0.0
2021-02-01 00:00:00+09:00,4529.411583616023,4553.9745531584085,4480.28564453125,4480.28564453125,93400,0.0,0.0
2021-02-02 00:00:00+09:00,4495.023441231407,4529.411598705308,4470.460471607192,4499.93603515625,135400,0.0,0.0
2021-02-03 00:00:00+09:00,4499.935589059125,4568.71189718885,4495.022995621288,4549.0615234375,132400,0.0,0.0
2021-02-04 00:00:00+09:00,4529.411613663383,4539.236801545516,4495.023456075917,4519.58642578125,162300,0.0,0.0
2021-02-05 00:00:00+09:00,4524.49854783888,4553.97410841112,4495.02298726664,4539.236328125,134700,0.0,0.0
2021-02-08 00:00:00+09:00,4563.799430695696,4701.35205078125,4563.799430695696,4701.35205078125,185500,0.0,0.0
2021-02-09 00:00:00+09:00,4701.352021998356,4701.352021998356,4632.575712376645,4666.9638671875,120600,0.0,0.0
2021-02-10 00:00:00+09:00,4662.050799695042,4701.351544054958,4632.575241425105,4681.701171875,92900,0.0,0.0
2021-02-12 00:00:00+09:00,4652.22607421875,4681.701635407042,4627.66310656184,4652.22607421875,145000,0.0,0.0
2021-02-15 00:00:00+09:00,4642.400764016545,4642.400764016545,4455.722214775667,4509.7607421875,291500,0.0,0.0
2021-02-16 00:00:00+09:00,4539.236344962284,4598.187466325431,4514.67337772764,4558.88671875,178800,0.0,0.0
2021-02-17 00:00:00+09:00,4529.411115791803,4549.061489396106,4504.848148786425,4509.7607421875,170400,0.0,0.0
2021-02-18 00:00:00+09:00,4578.537067007864,4583.4496604274,4519.585945973427,4529.4111328125,163600,0.0,0.0
2021-02-19 00:00:00+09:00,4529.411556888812,4534.324150768301,4436.072273178522,4445.8974609375,127900,0.0,0.0
2021-02-22 00:00:00+09:00,4431.159153529576,4455.722120012556,4396.771000453404,4401.68359375,134300,0.0,0.0
2021-02-24 00:00:00+09:00,4401.683589385475,4440.984335719274,4377.120622926851,4396.77099609375,155900,0.0,0.0
2021-02-25 00:00:00+09:00,4416.421356064322,4421.333949341368,4362.382830016816,4382.033203125,128100,0.0,0.0
2021-02-26 00:00:00+09:00,4372.208405420992,4386.946186562861,4259.21875,4259.21875,208400,0.0,0.0
2021-03-01 00:00:00+09:00,4303.431675975678,4352.55760834983,4293.6064895008485,4342.732421875,120800,0.0,0.0
2021-03-02 00:00:00+09:00,4342.732959692029,4421.334461224917,4332.907772000418,4406.5966796875,176800,0.0,0.0
2021-03-03 00:00:00+09:00,4421.333966936384,4426.24656023298,4377.120627267021,4401.68359375,127800,0.0,0.0
2021-03-04 00:00:00+09:00,4372.208003418518,4377.120596680787,4313.256884271303,4367.29541015625,142800,0.0,0.0
2021-03-05 00:00:00+09:00,4386.945839757137,4431.1591796875,4367.295466454753,4431.1591796875,173700,0.0,0.0
2021-03-08 00:00:00+09:00,4460.635215844237,4460.635215844237,4382.033714243457,4411.50927734375,150200,0.0,0.0
2021-03-09 00:00:00+09:00,4450.810069874175,4465.5478515625,4411.509318705308,4465.5478515625,173300,0.0,0.0
2021-03-10 00:00:00+09:00,4401.683619733924,4499.935486245843,4386.945839757137,4431.1591796875,283600,0.0,0.0
2021-03-11 00:00:00+09:00,4431.159131462192,4450.809504550716,4372.208012196619,4377.12060546875,181100,0.0,0.0
2021-03-12 00:00:00+09:00,4362.383308462078,4382.033683725422,4327.995151751229,4372.20849609375,227500,0.0,0.0
2021-03-15 00:00:00+09:00,4396.771073106346,4490.110347284022,4386.945886350801,4485.19775390625,230400,0.0,0.0
2021-03-16 00:00:00+09:00,4475.3725841526375,4514.673331324121,4465.547397359767,4504.84814453125,204000,0.0,0.0
2021-03-17 00:00:00+09:00,4485.198279218581,4539.236812703141,4475.373091312296,4534.32421875,203200,0.0,0.0
2021-03-18 00:00:00+09:00,4539.236344962284,4568.711905643858,4519.585971174569,4558.88671875,174000,0.0,0.0
2021-03-19 00:00:00+09:00,4539.23639052516,4612.92529296875,4524.498610036441,4612.92529296875,233900,0.0,0.0
2021-03-22 00:00:00+09:00,4622.750508927392,4657.138663616543,4598.187541292284,4647.3134765625,215500,0.0,0.0
2021-03-23 00:00:00+09:00,4647.31343482906,4647.31343482906,4593.274906517094,4598.1875,201600,0.0,0.0
2021-03-24 00:00:00+09:00,4603.100492243181,4608.013086151658,4480.28564453125,4480.28564453125,295600,0.0,0.0
2021-03-25 00:00:00+09:00,4499.93603515625,4514.673816930779,4470.460471607192,4499.93603515625,163300,0.0,0.0
2021-03-26 00:00:00+09:00,4534.323738914696,4553.974112647804,4499.935584881757,4544.14892578125,159000,0.0,0.0
2021-03-29 00:00:00+09:00,4549.0615360518705,4578.5370967606295,4509.7607884401905,4563.79931640625,230800,0.0,0.0
2021-03-30 00:00:00+09:00,4553.9745531584085,4553.9745531584085,4460.635268897341,4480.28564453125,184500,0.0,0.0
2021-03-31 00:00:00+09:00,4470.459868663878,4485.197648450682,4367.29541015625,4367.29541015625,233400,0.0,0.0
2021-04-01 00:00:00+09:00,4396.770969729858,4411.508749516662,4367.29541015625,4367.29541015625,110900,0.0,0.0
2021-04-02 00:00:00+09:00,4396.77099609375,4411.508775968925,4372.208029635126,4396.77099609375,66600,0.0,0.0
2021-04-05 00:00:00+09:00,4382.033695233763,4416.421852034924,4372.208507576288,4386.9462890625,85100,0.0,0.0
2021-04-06 00:00:00+09:00,4401.684027777778,4416.421809120784,4332.90771484375,4332.90771484375,138500,0.0,0.0
2021-04-07 00:00:00+09:00,4357.470232380226,4386.945792013013,4357.470232380226,4377.12060546875,137500,0.0,0.0
2021-04-08 00:00:00+09:00,4352.558038603999,4362.383226050058,4264.131351589471,4269.0439453125,196700,0.0,0.0
2021-04-09 00:00:00+09:00,4308.344220383197,4327.994593110145,4278.868661292776,4288.69384765625,119700,0.0,0.0
2021-04-12 00:00:00+09:00,4293.606440837987,4313.2568135649335,4264.130881747566,4288.69384765625,101100,0.0,0.0
2021-04-13 00:00:00+09:00,4303.432081434462,4313.257268834997,4244.48095703125,4244.48095703125,156700,0.0,0.0
2021-04-14 00:00:00+09:00,4244.480925087617,4254.306112414209,4200.267582117954,4205.18017578125,167500,0.0,0.0
2021-04-15 00:00:00+09:00,4205.180203505214,4239.568359375,4205.180203505214,4239.568359375,118500,0.0,0.0
2021-04-16 00:00:00+09:00,4239.568359375,4244.480953070683,4190.442422418164,4239.568359375,229900,0.0,0.0
2021-04-19 00:00:00+09:00,4239.568298915647,4249.3934861669,4156.054207279997,4165.87939453125,221900,0.0,0.0
2021-04-20 00:00:00+09:00,4151.141609633264,4185.529764979338,4121.666047908057,4160.966796875,288500,0.0,0.0
2021-04-21 00:00:00+09:00,4097.1027743999775,4097.1027743999775,4057.8020283625674,4087.277587890625,284100,0.0,0.0
2021-04-22 00:00:00+09:00,4131.4912109375,4151.1415853058115,4097.103055792955,4131.4912109375,236900,0.0,0.0
2021-04-23 00:00:00+09:00,4077.4528922897284,4102.015861520389,4072.540298443596,4092.190673828125,159400,0.0,0.0
2021-04-26 00:00:00+09:00,4072.5400431805347,4092.190417333396,4023.414107798381,4077.45263671875,457600,0.0,0.0
2021-04-27 00:00:00+09:00,4087.2778155193237,4102.015596104129,4052.889660821445,4067.62744140625,355500,0.0,0.0
2021-04-28 00:00:00+09:00,4047.977042465024,4052.8896359631617,4033.239261970613,4038.15185546875,174800,0.0,0.0
2021-04-30 00:00:00+09:00,4043.0646739572176,4052.8898615002486,4008.6765175566093,4013.589111328125,185000,0.0,0.0
2021-05-06 00:00:00+09:00,4043.06446553893,4082.3652136851165,4023.414091465837,4057.80224609375,216600,0.0,0.0
2021-05-07 00:00:00+09:00,4092.1904541306617,4156.054170701728,4082.3652669658823,4121.666015625,220600,0.0,0.0
2021-05-10 00:00:00+09:00,4156.054211296378,4185.5297730786215,4136.403836774882,4170.7919921875,241700,0.0,0.0
2021-05-11 00:00:00+09:00,4239.568375144176,4293.6069059976935,4200.267625432526,4259.21875,696200,0.0,0.0
2021-05-12 00:00:00+09:00,4234.6552734375,4244.480459686775,4200.267121565038,4234.6552734375,492900,0.0,0.0
2021-05-13 00:00:00+09:00,4224.830554441365,4249.393522781141,4200.26758610159,4210.0927734375,315000,0.0,0.0
2021-05-14 00:00:00+09:00,4224.830609572331,4283.781734357061,4215.005422108209,4278.869140625,312100,0.0,0.0
2021-05-17 00:00:00+09:00,4278.8686478538075,4288.6938341864225,4229.742716190733,4273.9560546875,227700,0.0,0.0
2021-05-18 00:00:00+09:00,4288.693816081481,4298.519002372618,4254.3056640625,4254.3056640625,192300,0.0,0.0
2021-05-19 00:00:00+09:00,4254.306140462051,4254.306140462051,4180.617235026796,4239.568359375,201300,0.0,0.0
2021-05-20 00:00:00+09:00,4229.743175930447,4264.131331832321,4229.743175930447,4244.48095703125,141900,0.0,0.0
2021-05-21 00:00:00+09:00,4269.043443499206,4278.868629790343,4244.4804777713625,4254.3056640625,183800,0.0,0.0
2021-05-24 00:00:00+09:00,4254.3061324949185,4264.131319867886,4200.267601943598,4229.7431640625,199300,0.0,0.0
2021-05-25 00:00:00+09:00,4224.830036813308,4234.655222945432,4175.704106152688,4180.61669921875,176600,0.0,0.0
2021-05-26 00:00:00+09:00,4160.966804926752,4195.354960339369,4160.966804926752,4170.7919921875,118900,0.0,0.0
2021-05-27 00:00:00+09:00,4156.054158333956,4180.61712617281,4077.452661249626,4106.92822265625,496400,0.0,0.0
2021-05-28 00:00:00+09:00,4131.491231138261,4165.879386450946,4126.578637522163,4156.05419921875,213800,0.0,0.0
2021-05-31 00:00:00+09:00,4170.791939037268,4190.442313308351,4106.92822265625,4106.92822265625,133100,0.0,0.0
2021-06-01 00:00:00+09:00,4111.840795634025,4126.578576263538,4072.540047288658,4082.365234375,139300,0.0,0.0
2021-06-02 00:00:00+09:00,4102.015575163275,4116.753355672843,4038.1518596218107,4043.064453125,211600,0.0,0.0
2021-06-03 00:00:00+09:00,4077.452685430894,4141.316402190655,4067.6274982370846,4136.40380859375,166400,0.0,0.0
2021-06-04 00:00:00+09:00,4146.228991713734,4156.05417889789,4116.753430161267,4131.4912109375,100100,0.0,0.0
2021-06-07 00:00:00+09:00,4146.229007951183,4170.791976007767,4131.491227117233,4151.1416015625,117600,0.0,0.0
2021-06-08 00:00:00+09:00,4170.792020138179,4210.092769444545,4156.054239148291,4205.18017578125,171700,0.0,0.0
2021-06-09 00:00:00+09:00,4215.005363107842,4249.393518750912,4205.18017578125,4205.18017578125,130100,0.0,0.0
2021-06-10 00:00:00+09:00,4175.7046295875725,4273.9565032249275,4170.792035905705,4224.83056640625,248400,0.0,0.0
2021-06-11 00:00:00+09:00,4244.480513443936,4293.6064453125,4219.917547509654,4293.6064453125,251500,0.0,0.0
2021-06-14 00:00:00+09:00,4303.432156002265,4337.8203125,4298.519562216875,4337.8203125,184800,0.0,0.0
2021-06-15 00:00:00+09:00,4362.383308462078,4396.771465172928,4347.645527014572,4372.20849609375,222100,0.0,0.0
2021-06-16 00:00:00+09:00,4396.770965301239,4411.508745073198,4342.732439470721,4362.3828125,178400,0.0,0.0
2021-06-17 00:00:00+09:00,4332.907703178328,4347.645484481655,4313.257328107225,4318.169921875,208700,0.0,0.0
2021-06-18 00:00:00+09:00,4357.470152200565,4367.295338564039,4273.95606811104,4288.69384765625,599700,0.0,0.0
2021-06-21 00:00:00+09:00,4244.480900735294,4259.218681640625,4175.70458984375,4175.70458984375,263700,0.0,0.0
2021-06-22 00:00:00+09:00,4239.568331424321,4244.480925087617,4195.354988454658,4205.18017578125,197600,0.0,0.0
2021-06-23 00:00:00+09:00,4200.267574122695,4219.917948738474,4185.529793160861,4195.35498046875,173800,0.0,0.0
2021-06-24 00:00:00+09:00,4200.267597996911,4224.83056640625,4175.7046295875725,4224.83056640625,206100,0.0,0.0
2021-06-25 00:00:00+09:00,4224.83058223018,4254.3061444317855,4224.83058223018,4244.48095703125,454800,0.0,0.0
2021-06-28 00:00:00+09:00,4244.480953070683,4249.393546766368,4205.180203505214,4239.568359375,619600,0.0,0.0
2021-06-29 00:00:00+09:00,4239.568357052616,4249.473890597132,4160.324088696492,4165.27685546875,268400,35.0,0.0
2021-06-30 00:00:00+09:00,4130.607223731884,4165.276588919082,4090.985092089372,4100.890625,220200,0.0,0.0
2021-07-01 00:00:00+09:00,4115.7490234375,4115.7490234375,4071.174124266697,4115.7490234375,178100,0.0,0.0
2021-07-02 00:00:00+09:00,4115.748961747616,4175.182159751192,4115.748961747616,4155.37109375,118100,0.0,0.0
2021-07-05 00:00:00+09:00,4135.5601570657445,4160.323990341587,4115.749090445071,4150.41845703125,106500,0.0,0.0
2021-07-06 00:00:00+09:00,4175.182059986169,4185.087592750075,4140.5126953125,4140.5126953125,143200,0.0,0.0
2021-07-07 00:00:00+09:00,4115.749219450045,4150.418587122909,4105.843685829226,4145.4658203125,141100,0.0,0.0
2021-07-08 00:00:00+09:00,4150.418258666992,4175.182090759277,4120.70166015625,4120.70166015625,148800,0.0,0.0
2021-07-09 00:00:00+09:00,4090.985061645508,4130.607192993164,4066.2212295532227,4120.70166015625,235700,0.0,0.0
2021-07-12 00:00:00+09:00,4175.18212890625,4199.945961224793,4155.371063051416,4175.18212890625,182700,0.0,0.0
2021-07-13 00:00:00+09:00,4199.945961224793,4209.85149415221,4160.323829515125,4175.18212890625,184000,0.0,0.0
2021-07-14 00:00:00+09:00,4229.662437927459,4254.42626953125,4204.898606323669,4254.42626953125,240600,0.0,0.0
2021-07-15 00:00:00+09:00,4279.19025625745,4284.1430227577475,4145.465560749404,4155.37109375,222300,0.0,0.0
2021-07-16 00:00:00+09:00,4160.323760840311,4175.182059986169,4140.5126953125,4140.5126953125,100300,0.0,0.0
2021-07-19 00:00:00+09:00,4140.5126953125,4155.370994458358,4125.654396166642,4140.5126953125,140500,0.0,0.0
2021-07-20 00:00:00+09:00,4125.654396166642,4145.465461694453,4095.9377978749253,4140.5126953125,133200,0.0,0.0
2021-07-21 00:00:00+09:00,4165.276496814546,4180.1347958519345,4145.465431431361,4160.32373046875,121800,0.0,0.0
2021-07-26 00:00:00+09:00,4229.662428724822,4234.615195034804,4170.229233005035,4180.134765625,151800,0.0,0.0
2021-07-27 00:00:00+09:00,4204.89895756287,4214.804491031805,4160.324056952663,4185.087890625,84000,0.0,0.0
2021-07-28 00:00:00+09:00,4140.512794249106,4175.182159751192,4130.60726124851,4155.37109375,90500,0.0,0.0
2021-07-29 00:00:00+09:00,4130.607354566581,4150.418421015342,4095.93798828125,4095.93798828125,116300,0.0,0.0
2021-07-30 00:00:00+09:00,4095.9379360506764,4105.843469148744,4036.504737462275,4051.363037109375,161500,0.0,0.0
2021-08-02 00:00:00+09:00,4095.937926295846,4145.465591668226,4081.079626684132,4135.56005859375,160200,0.0,0.0
2021-08-03 00:00:00+09:00,4105.843360900879,4135.559959411621,4090.985061645508,4120.70166015625,101700,0.0,0.0
2021-08-04 00:00:00+09:00,4130.607239212886,4130.607239212886,4081.0795744741226,4090.985107421875,123800,0.0,0.0
2021-08-05 00:00:00+09:00,4066.221435546875,4115.749102240503,4046.4103688694236,4066.221435546875,223500,0.0,0.0
2021-08-06 00:00:00+09:00,4076.12679272343,4150.41828955314,4071.1740262681155,4100.890625,204800,0.0,0.0
2021-08-10 00:00:00+09:00,4086.032553063818,4115.749153449737,4086.032553063818,4110.79638671875,263400,0.0,0.0
2021-08-11 00:00:00+09:00,4145.465788379719,4204.898989646812,4145.465788379719,4165.27685546875,188600,0.0,0.0
2021-08-12 00:00:00+09:00,4199.945891895933,4199.945891895933,4125.654396166642,4140.5126953125,92900,0.0,0.0
2021-08-13 00:00:00+09:00,4180.135092296084,4209.851692478283,4180.135092296084,4204.89892578125,173600,0.0,0.0
2021-08-16 00:00:00+09:00,4190.040500482312,4190.040500482312,4051.363037109375,4051.363037109375,184900,0.0,0.0
2021-08-17 00:00:00+09:00,4086.032340947999,4105.843406843504,4066.221275052493,4090.985107421875,101700,0.0,0.0
2021-08-18 00:00:00+09:00,4130.607390410576,4155.3712236864185,4115.749090445071,4150.41845703125,132000,0.0,0.0
2021-08-19 00:00:00+09:00,4140.512990014793,4199.946190828403,4125.654689811391,4185.087890625,139100,0.0,0.0
2021-08-20 00:00:00+09:00,4170.229430147059,4214.804329044117,4165.276663602941,4209.8515625,125200,0.0,0.0
2021-08-23 00:00:00+09:00,4234.615395220589,4254.426461397059,4155.371130514706,4209.8515625,140400,0.0,0.0
2021-08-24 00:00:00+09:00,4209.851822763119,4224.710123314047,4175.182454810953,4199.9462890625,111100,0.0,0.0
2021-08-25 00:00:00+09:00,4180.135187985365,4180.135187985365,4130.607519881272,4145.4658203125,137800,0.0,0.0
2021-08-26 00:00:00+09:00,4160.323922608303,4170.2294557573705,4105.843490288433,4115.7490234375,92600,0.0,0.0
2021-08-27 00:00:00+09:00,4115.749283775634,4140.513118214716,4095.9382162243664,4105.84375,76500,0.0,0.0
2021-08-30 00:00:00+09:00,4145.465591668226,4145.465591668226,4105.843459370322,4135.56005859375,88000,0.0,0.0
2021-08-31 00:00:00+09:00,4125.654426574707,4140.512725830078,4090.985061645508,4120.70166015625,82400,0.0,0.0
2021-09-01 00:00:00+09:00,4145.465788379719,4175.1823890132655,4140.513021607461,4165.27685546875,103600,0.0,0.0
2021-09-02 00:00:00+09:00,4125.654623755408,4155.3712236864185,4110.796323789902,4150.41845703125,104400,0.0,0.0
2021-09-03 00:00:00+09:00,4160.323927859043,4204.898827086104,4140.512861535904,4190.04052734375,134700,0.0,0.0
2021-09-06 00:00:00+09:00,4190.040590272599,4190.040590272599,4135.5601570657445,4150.41845703125,185300,0.0,0.0
2021-09-07 00:00:00+09:00,4214.804459175317,4224.709992569383,4194.993392387183,4204.89892578125,168100,0.0,0.0
2021-09-08 00:00:00+09:00,4209.851463344894,4224.709762627288,4185.087631207571,4194.9931640625,147000,0.0,0.0
2021-09-09 00:00:00+09:00,4219.757292275117,4254.426659699912,4209.851758725175,4239.568359375,158200,0.0,0.0
2021-09-10 00:00:00+09:00,4219.757292275117,4244.521126149971,4209.851758725175,4239.568359375,183700,0.0,0.0
2021-09-13 00:00:00+09:00,4214.804525500146,4239.568359375,4190.040691625292,4239.568359375,123700,0.0,0.0
2021-09-14 00:00:00+09:00,4239.568229470537,4249.473762716963,4214.804396354471,4244.52099609375,122800,0.0,0.0
2021-09-15 00:00:00+09:00,4269.2847054427975,4328.7179031983815,4244.5208730446375,4323.76513671875,315000,0.0,0.0
2021-09-16 00:00:00+09:00,4328.718131696429,4333.6708984375,4294.048764508929,4333.6708984375,191700,0.0,0.0
2021-09-17 00:00:00+09:00,4358.434440621453,4373.292739850845,4338.623374982265,4363.38720703125,244000,0.0,0.0
2021-09-21 00:00:00+09:00,4378.245667897403,4378.245667897403,4318.812468785673,4338.62353515625,197200,0.0,0.0
2021-09-22 00:00:00+09:00,4318.812262426901,4323.765028782895,4234.615234375,4234.615234375,129700,0.0,0.0
2021-09-24 00:00:00+09:00,4299.001205549569,4318.812271012931,4269.284607354526,4308.90673828125,178100,0.0,0.0
2021-09-27 00:00:00+09:00,4303.95432744962,4308.907094224591,4234.615592600029,4239.568359375,115700,0.0,0.0
2021-09-28 00:00:00+09:00,4229.662857843677,4229.662857843677,4180.135189719043,4219.75732421875,188400,0.0,0.0
2021-09-29 00:00:00+09:00,4175.1822588053,4180.1350254231,4130.607359245101,4170.2294921875,151900,0.0,0.0
2021-09-30 00:00:00+09:00,4204.89892578125,4239.568292660483,4194.993392387183,4204.89892578125,128700,0.0,0.0
2021-10-01 00:00:00+09:00,4160.323954239722,4175.182254076292,4095.93798828125,4095.93798828125,182300,0.0,0.0
2021-10-04 00:00:00+09:00,4130.607584439083,4140.513118214716,4095.9382162243664,4105.84375,141500,0.0,0.0
2021-10-05 00:00:00+09:00,4086.032518100389,4110.796351543422,4046.410384591537,4056.31591796875,195400,0.0,0.0
2021-10-06 00:00:00+09:00,4066.221551345953,4155.3713539333185,4061.2687845355435,4145.4658203125,183300,0.0,0.0
2021-10-07 00:00:00+09:00,4165.2769526537995,4165.2769526537995,4105.84375,4105.84375,154500,0.0,0.0
2021-10-08 00:00:00+09:00,4130.607192993164,4160.323791503906,4110.796127319336,4120.70166015625,104400,0.0,0.0
2021-10-11 00:00:00+09:00,4110.796323789902,4155.3712236864185,4105.843557134733,4150.41845703125,161600,0.0,0.0
2021-10-12 00:00:00+09:00,4150.418258666992,4150.418258666992,4095.937828063965,4120.70166015625,144900,0.0,0.0
2021-10-13 00:00:00+09:00,4120.701888489209,4160.324022032374,4120.701888489209,4130.607421875,90200,0.0,0.0
2021-10-14 00:00:00+09:00,4130.60726124851,4165.276626750596,4115.748961747616,4155.37109375,92000,0.0,0.0
2021-10-15 00:00:00+09:00,4209.851758725175,4244.521126149971,4175.18239130038,4239.568359375,138500,0.0,0.0
2021-10-18 00:00:00+09:00,4264.332057925698,4269.284824543498,4170.2294921875,4170.2294921875,144700,0.0,0.0
2021-10-19 00:00:00+09:00,4224.7099609375,4239.56826091735,4185.087827657899,4224.7099609375,101900,0.0,0.0
2021-10-20 00:00:00+09:00,4214.804491031805,4234.615557969675,4175.182357156065,4185.087890625,80700,0.0,0.0
2021-10-21 00:00:00+09:00,4150.418389459236,4150.418389459236,4105.843490288433,4115.7490234375,91000,0.0,0.0
2021-10-22 00:00:00+09:00,4100.890802232415,4105.843568901778,4066.221435546875,4066.221435546875,134300,0.0,0.0
2021-10-25 00:00:00+09:00,4061.2687005144585,4086.032534054181,4046.410400390625,4046.410400390625,91800,0.0,0.0
2021-10-26 00:00:00+09:00,4046.410384591537,4081.0797514117826,4031.5520845257174,4056.31591796875,74400,0.0,0.0
2021-10-27 00:00:00+09:00,4090.985138310713,4095.9379048219853,4061.268539243081,4071.174072265625,69700,0.0,0.0
2021-10-28 00:00:00+09:00,4071.1741708096592,4090.9852373342806,4046.410337653883,4086.032470703125,94800,0.0,0.0
2021-10-29 00:00:00+09:00,4046.410209156988,4090.985107421875,4011.7408438398534,4090.985107421875,130100,0.0,0.0
2021-11-01 00:00:00+09:00,4100.890919018817,4145.4658203125,4086.0326185875892,4145.4658203125,124200,0.0,0.0
2021-11-02 00:00:00+09:00,4105.843490288433,4125.654556586567,4086.032423990298,4115.7490234375,112200,0.0,0.0
2021-11-04 00:00:00+09:00,4234.615557969675,4234.615557969675,4130.607456545858,4185.087890625,274100,0.0,0.0
2021-11-05 00:00:00+09:00,4150.418327249702,4185.0876927517875,4130.60726124851,4155.37109375,150000,0.0,0.0
2021-11-08 00:00:00+09:00,4031.5519432357596,4066.2213088409812,3912.685546875,3912.685546875,488900,0.0,0.0
2021-11-09 00:00:00+09:00,3912.6856610747864,3972.118860989847,3902.78012775561,3917.638427734375,255200,0.0,0.0
2021-11-10 00:00:00+09:00,3922.59122607608,3952.3078262736262,3897.827392578125,3897.827392578125,190800,0.0,0.0
2021-11-11 00:00:00+09:00,3868.110595703125,3892.8744279419416,3833.441230568782,3868.110595703125,210900,0.0,0.0
2021-11-12 00:00:00+09:00,3853.2522963598353,3917.6382601807577,3843.3467634643084,3868.110595703125,227900,0.0,0.0
2021-11-15 00:00:00+09:00,3873.0634765625,3882.969009750639,3848.2996435921514,3873.0634765625,155000,0.0,0.0
2021-11-16 00:00:00+09:00,3868.1106420110887,3882.9689415322578,3838.39404296875,3838.39404296875,163600,0.0,0.0
2021-11-17 00:00:00+09:00,3828.488487904466,3828.488487904466,3774.008056640625,3774.008056640625,195700,0.0,0.0
2021-11-18 00:00:00+09:00,3764.1027007450334,3774.0082341680463,3714.575033629967,3739.3388671875,214400,0.0,0.0
2021-11-19 00:00:00+09:00,3734.3860333284592,3754.1970998182655,3699.7166669712988,3704.66943359375,183900,0.0,0.0
2021-11-22 00:00:00+09:00,3679.9056634026606,3679.9056634026606,3640.283529745566,3665.04736328125,268900,0.0,0.0
2021-11-24 00:00:00+09:00,3655.1417004048585,3704.6693657219976,3645.2361673414307,3670.0,160400,0.0,0.0
2021-11-25 00:00:00+09:00,3655.1416786948403,3665.0472116994333,3605.614013671875,3605.614013671875,149500,0.0,0.0
2021-11-26 00:00:00+09:00,3585.8029100745293,3595.7084429752877,3531.3224791203584,3551.133544921875,208900,0.0,0.0
2021-11-29 00:00:00+09:00,3526.369857317927,3565.9919905462184,3516.4643240108544,3536.275390625,179300,0.0,0.0
2021-11-30 00:00:00+09:00,3541.2281370503074,3575.897503427024,3471.889404296875,3471.889404296875,295600,0.0,0.0
2021-12-01 00:00:00+09:00,3476.842041015625,3496.653106776398,3457.0309752548524,3476.842041015625,183600,0.0,0.0
2021-12-02 00:00:00+09:00,3457.0310580025634,3516.4642567074784,3457.0310580025634,3501.60595703125,184700,0.0,0.0
2021-12-03 00:00:00+09:00,3546.180830858299,3600.661262617295,3516.4642317170283,3595.70849609375,181100,0.0,0.0
2021-12-06 00:00:00+09:00,3595.708480667282,3630.3778461833576,3590.7557141649854,3605.614013671875,129000,0.0,0.0
2021-12-07 00:00:00+09:00,3660.094451534636,3679.905517578125,3625.42508595853,3679.905517578125,141400,0.0,0.0
2021-12-08 00:00:00+09:00,3709.6222797176706,3709.6222797176706,3655.141845703125,3655.141845703125,151400,0.0,0.0
2021-12-09 00:00:00+09:00,3670.00014588891,3679.9056793461004,3645.236312245935,3655.141845703125,110500,0.0,0.0
2021-12-10 00:00:00+09:00,3670.0000626172405,3670.0000626172405,3610.5668632226293,3630.3779296875,120700,0.0,0.0
2021-12-13 00:00:00+09:00,3660.0945293848054,3665.047296001023,3615.519629838847,3630.3779296875,122800,0.0,0.0
2021-12-14 00:00:00+09:00,3669.9999691956796,3709.622101116821,3665.047202705537,3689.81103515625,226800,0.0,0.0
2021-12-15 00:00:00+09:00,3699.716635846077,3734.386001911569,3699.716635846077,3724.48046875,153900,0.0,0.0
2021-12-16 00:00:00+09:00,3774.008202353014,3774.008202353014,3744.291602334486,3759.14990234375,242200,0.0,0.0
2021-12-17 00:00:00+09:00,3724.480484375,3754.197083984375,3679.9055849609376,3714.574951171875,376000,0.0,0.0
2021-12-20 00:00:00+09:00,3684.8584142309637,3709.622247659935,3670.0001141735806,3674.952880859375,105200,0.0,0.0
2021-12-21 00:00:00+09:00,3684.858464755326,3754.197199307174,3679.9056980016226,3719.52783203125,150500,0.0,0.0
2021-12-22 00:00:00+09:00,3714.5748676069634,3714.5748676069634,3674.9527356858225,3689.81103515625,112700,0.0,0.0
2021-12-23 00:00:00+09:00,3699.7165836216145,3704.6693501324867,3674.952751067253,3679.905517578125,94400,0.0,0.0
2021-12-24 00:00:00+09:00,3674.952880859375,3684.8584142309637,3660.094580801992,3674.952880859375,85000,0.0,0.0
2021-12-27 00:00:00+09:00,3660.094545210435,3660.094545210435,3615.5196454717425,3620.472412109375,111500,0.0,0.0
2021-12-28 00:00:00+09:00,3615.5195681511473,3670.0,3615.5195681511473,3670.0,134300,0.0,0.0
2021-12-29 00:00:00+09:00,3675.0,3705.0,3670.0,3700.0,143700,35.0,0.0
2021-12-30 00:00:00+09:00,3665.0,3695.0,3660.0,3660.0,96100,0.0,0.0
2022-01-04 00:00:00+09:00,3675.0,3750.0,3670.0,3735.0,125300,0.0,0.0
2022-01-05 00:00:00+09:00,3760.0,3800.0,3745.0,3785.0,119700,0.0,0.0
2022-01-06 00:00:00+09:00,3775.0,3795.0,3740.0,3745.0,103600,0.0,0.0
2022-01-07 00:00:00+09:00,3720.0,3765.0,3715.0,3735.0,84700,0.0,0.0
2022-01-11 00:00:00+09:00,3740.0,3755.0,3700.0,3725.0,94900,0.0,0.0
2022-01-12 00:00:00+09:00,3750.0,3790.0,3725.0,3780.0,117600,0.0,0.0
2022-01-13 00:00:00+09:00,3795.0,3795.0,3730.0,3730.0,69800,0.0,0.0
2022-01-14 00:00:00+09:00,3710.0,3720.0,3685.0,3700.0,201300,0.0,0.0
2022-01-17 00:00:00+09:00,3690.0,3730.0,3685.0,3720.0,147100,0.0,0.0
2022-01-18 00:00:00+09:00,3775.0,3775.0,3675.0,3675.0,94500,0.0,0.0
2022-01-19 00:00:00+09:00,3655.0,3685.0,3600.0,3620.0,261500,0.0,0.0
2022-01-20 00:00:00+09:00,3625.0,3735.0,3625.0,3695.0,167100,0.0,0.0
2022-01-21 00:00:00+09:00,3660.0,3730.0,3655.0,3725.0,131800,0.0,0.0
2022-01-24 00:00:00+09:00,3735.0,3785.0,3705.0,3765.0,155800,0.0,0.0
2022-01-25 00:00:00+09:00,3755.0,3780.0,3715.0,3780.0,141100,0.0,0.0
2022-01-26 00:00:00+09:00,3775.0,3785.0,3730.0,3730.0,115900,0.0,0.0
2022-01-27 00:00:00+09:00,3700.0,3710.0,3645.0,3690.0,183200,0.0,0.0
2022-01-28 00:00:00+09:00,3715.0,3760.0,3715.0,3730.0,183800,0.0,0.0
2022-01-31 00:00:00+09:00,3720.0,3730.0,3675.0,3715.0,92400,0.0,0.0
2022-02-01 00:00:00+09:00,3650.0,3705.0,3645.0,3685.0,122100,0.0,0.0
2022-02-02 00:00:00+09:00,3700.0,3730.0,3675.0,3715.0,175900,0.0,0.0
2022-02-03 00:00:00+09:00,3715.0,3770.0,3710.0,3770.0,187500,0.0,0.0
2022-02-04 00:00:00+09:00,3785.0,3820.0,3750.0,3755.0,224600,0.0,0.0
2022-02-07 00:00:00+09:00,3735.0,3790.0,3735.0,3780.0,117600,0.0,0.0
2022-02-08 00:00:00+09:00,3800.0,3825.0,3785.0,3810.0,112600,0.0,0.0
2022-02-09 00:00:00+09:00,3810.0,3825.0,3775.0,3785.0,157300,0.0,0.0
2022-02-10 00:00:00+09:00,3785.0,3790.0,3745.0,3785.0,203800,0.0,0.0
2022-02-14 00:00:00+09:00,3750.0,3800.0,3735.0,3790.0,203900,0.0,0.0
2022-02-15 00:00:00+09:00,3900.0,3930.0,3845.0,3910.0,402600,0.0,0.0
2022-02-16 00:00:00+09:00,3915.0,3950.0,3885.0,3910.0,271300,0.0,0.0
2022-02-17 00:00:00+09:00,3900.0,3930.0,3870.0,3905.0,163300,0.0,0.0
2022-02-18 00:00:00+09:00,3880.0,3970.0,3875.0,3960.0,227100,0.0,0.0
2022-02-21 00:00:00+09:00,3925.0,3930.0,3860.0,3875.0,183500,0.0,0.0
2022-02-22 00:00:00+09:00,3855.0,3895.0,3825.0,3880.0,154500,0.0,0.0
2022-02-24 00:00:00+09:00,3895.0,3900.0,3820.0,3890.0,185500,0.0,0.0
2022-02-25 00:00:00+09:00,3820.0,3870.0,3815.0,3865.0,153100,0.0,0.0
2022-02-28 00:00:00+09:00,3795.0,3930.0,3790.0,3930.0,456800,0.0,0.0
2022-03-01 00:00:00+09:00,3930.0,3960.0,3910.0,3915.0,237300,0.0,0.0
2022-03-02 00:00:00+09:00,3845.0,3875.0,3840.0,3840.0,241700,0.0,0.0
2022-03-03 00:00:00+09:00,3865.0,3880.0,3820.0,3835.0,816700,0.0,0.0
2022-03-04 00:00:00+09:00,3820.0,3850.0,3790.0,3820.0,710900,0.0,0.0
2022-03-07 00:00:00+09:00,3815.0,3870.0,3800.0,3845.0,277100,0.0,0.0
2022-03-08 00:00:00+09:00,3885.0,3905.0,3810.0,3810.0,350900,0.0,0.0
2022-03-09 00:00:00+09:00,3755.0,3825.0,3750.0,3765.0,291100,0.0,0.0
2022-03-10 00:00:00+09:00,3765.0,3865.0,3760.0,3840.0,303300,0.0,0.0
2022-03-11 00:00:00+09:00,3815.0,3875.0,3785.0,3850.0,227500,0.0,0.0
2022-03-14 00:00:00+09:00,3855.0,3870.0,3820.0,3835.0,152900,0.0,0.0
2022-03-15 00:00:00+09:00,3870.0,3925.0,3865.0,3905.0,186800,0.0,0.0
2022-03-16 00:00:00+09:00,3910.0,3915.0,3870.0,3870.0,240300,0.0,0.0
2022-03-17 00:00:00+09:00,3885.0,3885.0,3810.0,3845.0,261600,0.0,0.0
2022-03-18 00:00:00+09:00,3860.0,3880.0,3795.0,3800.0,337600,0.0,0.0
2022-03-22 00:00:00+09:00,3870.0,3875.0,3725.0,3725.0,289900,0.0,0.0
2022-03-23 00:00:00+09:00,3745.0,3830.0,3745.0,3810.0,174800,0.0,0.0
2022-03-24 00:00:00+09:00,3770.0,3805.0,3750.0,3780.0,159000,0.0,0.0
2022-03-25 00:00:00+09:00,3780.0,3820.0,3770.0,3795.0,160300,0.0,0.0
2022-03-28 00:00:00+09:00,3785.0,3865.0,3785.0,3820.0,166700,0.0,0.0
2022-03-29 00:00:00+09:00,3800.0,3800.0,3760.0,3785.0,183500,0.0,0.0
2022-03-30 00:00:00+09:00,3805.0,3815.0,3715.0,3745.0,266200,0.0,0.0
2022-03-31 00:00:00+09:00,3745.0,3765.0,3715.0,3720.0,221800,0.0,0.0
2022-04-01 00:00:00+09:00,3700.0,3760.0,3690.0,3740.0,160800,0.0,0.0
2022-04-04 00:00:00+09:00,3720.0,3770.0,3720.0,3765.0,97000,0.0,0.0
2022-04-05 00:00:00+09:00,3770.0,3775.0,3740.0,3745.0,131400,0.0,0.0
2022-04-06 00:00:00+09:00,3710.0,3725.0,3665.0,3665.0,199300,0.0,0.0
2022-04-07 00:00:00+09:00,3645.0,3660.0,3620.0,3650.0,136900,0.0,0.0
2022-04-08 00:00:00+09:00,3670.0,3680.0,3635.0,3670.0,197100,0.0,0.0
2022-04-11 00:00:00+09:00,3680.0,3685.0,3660.0,3675.0,136200,0.0,0.0
2022-04-12 00:00:00+09:00,3675.0,3705.0,3670.0,3670.0,106900,0.0,0.0
2022-04-13 00:00:00+09:00,3680.0,3705.0,3675.0,3700.0,148900,0.0,0.0
2022-04-14 00:00:00+09:00,3690.0,3705.0,3675.0,3680.0,106200,0.0,0.0
2022-04-15 00:00:00+09:00,3675.0,3690.0,3645.0,3650.0,108600,0.0,0.0
2022-04-18 00:00:00+09:00,3635.0,3640.0,3575.0,3605.0,179700,0.0,0.0
2022-04-19 00:00:00+09:00,3610.0,3655.0,3600.0,3635.0,132800,0.0,0.0
2022-04-20 00:00:00+09:00,3635.0,3690.0,3620.0,3675.0,173700,0.0,0.0
2022-04-21 00:00:00+09:00,3675.0,3700.0,3630.0,3645.0,184000,0.0,0.0
2022-04-22 00:00:00+09:00,3660.0,3700.0,3660.0,3680.0,211900,0.0,0.0
2022-04-25 00:00:00+09:00,3640.0,3710.0,3620.0,3695.0,208000,0.0,0.0
2022-04-26 00:00:00+09:00,3705.0,3775.0,3705.0,3760.0,240400,0.0,0.0
2022-04-27 00:00:00+09:00,3745.0,3760.0,3625.0,3635.0,534700,0.0,0.0
2022-04-28 00:00:00+09:00,3635.0,3725.0,3635.0,3720.0,219900,0.0,0.0
2022-05-02 00:00:00+09:00,3685.0,3720.0,3665.0,3705.0,171700,0.0,0.0
2022-05-06 00:00:00+09:00,3685.0,3740.0,3685.0,3720.0,273500,0.0,0.0
2022-05-09 00:00:00+09:00,3730.0,3735.0,3685.0,3685.0,240000,0.0,0.0
2022-05-10 00:00:00+09:00,3500.0,3650.0,3495.0,3630.0,695600,0.0,0.0
2022-05-11 00:00:00+09:00,3610.0,3770.0,3605.0,3750.0,377700,0.0,0.0
2022-05-12 00:00:00+09:00,3725.0,3740.0,3665.0,3680.0,289200,0.0,0.0
2022-05-13 00:00:00+09:00,3680.0,3765.0,3645.0,3750.0,257600,0.0,0.0
2022-05-16 00:00:00+09:00,3790.0,3790.0,3740.0,3770.0,286700,0.0,0.0
2022-05-17 00:00:00+09:00,3765.0,3795.0,3735.0,3740.0,192600,0.0,0.0
2022-05-18 00:00:00+09:00,3720.0,3720.0,3665.0,3680.0,206900,0.0,0.0
2022-05-19 00:00:00+09:00,3675.0,3775.0,3675.0,3750.0,309300,0.0,0.0
2022-05-20 00:00:00+09:00,3735.0,3760.0,3720.0,3725.0,259100,0.0,0.0
2022-05-23 00:00:00+09:00,3740.0,3825.0,3740.0,3820.0,189500,0.0,0.0
2022-05-24 00:00:00+09:00,3795.0,3795.0,3725.0,3770.0,258200,0.0,0.0
2022-05-25 00:00:00+09:00,3795.0,3795.0,3750.0,3780.0,182800,0.0,0.0
2022-05-26 00:00:00+09:00,3745.0,3805.0,3740.0,3755.0,139100,0.0,0.0
2022-05-27 00:00:00+09:00,3755.0,3775.0,3715.0,3730.0,213300,0.0,0.0
2022-05-30 00:00:00+09:00,3755.0,3815.0,3745.0,3810.0,416600,0.0,0.0
2022-05-31 00:00:00+09:00,3795.0,3800.0,3705.0,3715.0,363600,0.0,0.0
2022-06-01 00:00:00+09:00,3675.0,3790.0,3675.0,3780.0,202900,0.0,0.0
2022-06-02 00:00:00+09:00,3745.0,3750.0,3710.0,3715.0,144900,0.0,0.0
2022-06-03 00:00:00+09:00,3720.0,3735.0,3690.0,3710.0,154500,0.0,0.0
2022-06-06 00:00:00+09:00,3705.0,3750.0,3705.0,3735.0,121000,0.0,0.0
2022-06-07 00:00:00+09:00,3740.0,3775.0,3740.0,3750.0,171200,0.0,0.0
2022-06-08 00:00:00+09:00,3760.0,3790.0,3725.0,3730.0,255000,0.0,0.0
2022-06-09 00:00:00+09:00,3735.0,3750.0,3710.0,3710.0,233400,0.0,0.0
2022-06-10 00:00:00+09:00,3695.0,3710.0,3660.0,3660.0,233700,0.0,0.0
2022-06-13 00:00:00+09:00,3650.0,3705.0,3650.0,3690.0,150800,0.0,0.0
2022-06-14 00:00:00+09:00,3650.0,3670.0,3595.0,3605.0,278100,0.0,0.0
2022-06-15 00:00:00+09:00,3600.0,3630.0,3565.0,3565.0,264900,0.0,0.0
2022-06-16 00:00:00+09:00,3590.0,3635.0,3580.0,3605.0,165600,0.0,0.0
2022-06-17 00:00:00+09:00,3570.0,3680.0,3560.0,3670.0,432200,0.0,0.0
2022-06-20 00:00:00+09:00,3655.0,3670.0,3615.0,3625.0,153100,0.0,0.0
2022-06-21 00:00:00+09:00,3630.0,3645.0,3595.0,3625.0,207500,0.0,0.0
2022-06-22 00:00:00+09:00,3630.0,3695.0,3630.0,3680.0,236800,0.0,0.0
2022-06-23 00:00:00+09:00,3680.0,3700.0,3670.0,3690.0,527000,0.0,0.0
2022-06-24 00:00:00+09:00,3690.0,3775.0,3690.0,3770.0,859100,0.0,0.0
2022-06-27 00:00:00+09:00,3775.0,3800.0,3755.0,3780.0,553600,0.0,0.0
2022-06-28 00:00:00+09:00,3800.0,3965.0,3785.0,3965.0,1002200,0.0,0.0
2022-06-29 00:00:00+09:00,3890.0,3955.0,3880.0,3925.0,750800,0.0,0.0
2022-06-30 00:00:00+09:00,3965.0,3980.0,3920.0,3925.0,257100,0.0,0.0
2022-07-01 00:00:00+09:00,3960.0,3980.0,3900.0,3915.0,250400,0.0,0.0
2022-07-04 00:00:00+09:00,3955.0,3990.0,3925.0,3970.0,232600,0.0,0.0
2022-07-05 00:00:00+09:00,3935.0,3975.0,3920.0,3925.0,220700,0.0,0.0
2022-07-06 00:00:00+09:00,3910.0,3960.0,3910.0,3945.0,229400,0.0,0.0
2022-07-07 00:00:00+09:00,3960.0,4030.0,3955.0,4015.0,289000,0.0,0.0
2022-07-08 00:00:00+09:00,4050.0,4055.0,3975.0,4015.0,305600,0.0,0.0
2022-07-11 00:00:00+09:00,4025.0,4095.0,4000.0,4090.0,349700,0.0,0.0
2022-07-12 00:00:00+09:00,4060.0,4085.0,4035.0,4060.0,211800,0.0,0.0
2022-07-13 00:00:00+09:00,4090.0,4095.0,4060.0,4070.0,137000,0.0,0.0
2022-07-14 00:00:00+09:00,4070.0,4080.0,4015.0,4040.0,167200,0.0,0.0
2022-07-15 00:00:00+09:00,4060.0,4060.0,3985.0,4020.0,145400,0.0,0.0
2022-07-19 00:00:00+09:00,3975.0,3985.0,3910.0,3950.0,165600,0.0,0.0
2022-07-20 00:00:00+09:00,3985.0,3985.0,3900.0,3935.0,240800,0.0,0.0
2022-07-21 00:00:00+09:00,3890.0,3960.0,3890.0,3955.0,186500,0.0,0.0
2022-07-22 00:00:00+09:00,3970.0,3985.0,3945.0,3955.0,150600,0.0,0.0
2022-07-25 00:00:00+09:00,3960.0,4005.0,3960.0,3980.0,128300,0.0,0.0
2022-07-26 00:00:00+09:00,3975.0,3980.0,3920.0,3940.0,120800,0.0,0.0
2022-07-27 00:00:00+09:00,3955.0,3960.0,3885.0,3920.0,198600,0.0,0.0
2022-07-28 00:00:00+09:00,3920.0,3945.0,3890.0,3920.0,158300,0.0,0.0
2022-07-29 00:00:00+09:00,3910.0,3915.0,3855.0,3885.0,208900,0.0,0.0
2022-08-01 00:00:00+09:00,3795.0,3870.0,3785.0,3855.0,313500,0.0,0.0
2022-08-02 00:00:00+09:00,3870.0,3875.0,3820.0,3860.0,240200,0.0,0.0
2022-08-03 00:00:00+09:00,3895.0,3910.0,3855.0,3875.0,158200,0.0,0.0
2022-08-04 00:00:00+09:00,3895.0,3900.0,3755.0,3760.0,245500,0.0,0.0
2022-08-05 00:00:00+09:00,3620.0,3710.0,3585.0,3700.0,628900,0.0,0.0
2022-08-08 00:00:00+09:00,3675.0,3710.0,3615.0,3675.0,636600,0.0,0.0
2022-08-09 00:00:00+09:00,3665.0,3700.0,3585.0,3585.0,421900,0.0,0.0
2022-08-10 00:00:00+09:00,3580.0,3620.0,3560.0,3620.0,247200,0.0,0.0
2022-08-12 00:00:00+09:00,3655.0,3675.0,3630.0,3655.0,371500,0.0,0.0
2022-08-15 00:00:00+09:00,3690.0,3740.0,3670.0,3735.0,338200,0.0,0.0
2022-08-16 00:00:00+09:00,3755.0,3755.0,3700.0,3715.0,206500,0.0,0.0
2022-08-17 00:00:00+09:00,3745.0,3745.0,3705.0,3720.0,143100,0.0,0.0
2022-08-18 00:00:00+09:00,3725.0,3745.0,3695.0,3695.0,101600,0.0,0.0
2022-08-19 00:00:00+09:00,3720.0,3725.0,3680.0,3695.0,125500,0.0,0.0
2022-08-22 00:00:00+09:00,3680.0,3725.0,3665.0,3720.0,119800,0.0,0.0
2022-08-23 00:00:00+09:00,3700.0,3715.0,3685.0,3690.0,175900,0.0,0.0
2022-08-24 00:00:00+09:00,3685.0,3685.0,3655.0,3670.0,125800,0.0,0.0
2022-08-25 00:00:00+09:00,3660.0,3675.0,3650.0,3660.0,106800,0.0,0.0
2022-08-26 00:00:00+09:00,3665.0,3665.0,3640.0,3640.0,120200,0.0,0.0
2022-08-29 00:00:00+09:00,3600.0,3655.0,3595.0,3645.0,163300,0.0,0.0
2022-08-30 00:00:00+09:00,3645.0,3665.0,3640.0,3645.0,94700,0.0,0.0
2022-08-31 00:00:00+09:00,3655.0,3675.0,3605.0,3625.0,180500,0.0,0.0
2022-09-01 00:00:00+09:00,3600.0,3620.0,3585.0,3590.0,158800,0.0,0.0
2022-09-02 00:00:00+09:00,3580.0,3605.0,3565.0,3585.0,184100,0.0,0.0
2022-09-05 00:00:00+09:00,3580.0,3580.0,3550.0,3565.0,138800,0.0,0.0
2022-09-06 00:00:00+09:00,3590.0,3595.0,3545.0,3545.0,127600,0.0,0.0
2022-09-07 00:00:00+09:00,3530.0,3545.0,3485.0,3485.0,254400,0.0,0.0
2022-09-08 00:00:00+09:00,3500.0,3540.0,3500.0,3510.0,204700,0.0,0.0
2022-09-09 00:00:00+09:00,3440.0,3505.0,3440.0,3495.0,282600,0.0,0.0
2022-09-12 00:00:00+09:00,3495.0,3510.0,3485.0,3500.0,172000,0.0,0.0
2022-09-13 00:00:00+09:00,3485.0,3500.0,3480.0,3495.0,178700,0.0,0.0
2022-09-14 00:00:00+09:00,3490.0,3495.0,3460.0,3470.0,232900,0.0,0.0
2022-09-15 00:00:00+09:00,3455.0,3485.0,3455.0,3475.0,145100,0.0,0.0
2022-09-16 00:00:00+09:00,3450.0,3480.0,3450.0,3465.0,432900,0.0,0.0
2022-09-20 00:00:00+09:00,3470.0,3475.0,3440.0,3465.0,394300,0.0,0.0
2022-09-21 00:00:00+09:00,3475.0,3490.0,3450.0,3455.0,264300,0.0,0.0
2022-09-22 00:00:00+09:00,3450.0,3460.0,3430.0,3435.0,200500,0.0,0.0
2022-09-26 00:00:00+09:00,3425.0,3485.0,3420.0,3450.0,251600,0.0,0.0
2022-09-27 00:00:00+09:00,3440.0,3495.0,3440.0,3470.0,141200,0.0,0.0
2022-09-28 00:00:00+09:00,3485.0,3530.0,3465.0,3525.0,261700,0.0,0.0
2022-09-29 00:00:00+09:00,3515.0,3580.0,3500.0,3580.0,222400,0.0,0.0
2022-09-30 00:00:00+09:00,3560.0,3585.0,3545.0,3565.0,177700,0.0,0.0
2022-10-03 00:00:00+09:00,3560.0,3560.0,3455.0,3465.0,230900,0.0,0.0
2022-10-04 00:00:00+09:00,3510.0,3575.0,3510.0,3575.0,237600,0.0,0.0
2022-10-05 00:00:00+09:00,3580.0,3590.0,3545.0,3580.0,202500,0.0,0.0
2022-10-06 00:00:00+09:00,3585.0,3585.0,3540.0,3550.0,173700,0.0,0.0
2022-10-07 00:00:00+09:00,3510.0,3525.0,3500.0,3515.0,175200,0.0,0.0
2022-10-11 00:00:00+09:00,3490.0,3505.0,3470.0,3470.0,189300,0.0,0.0
2022-10-12 00:00:00+09:00,3490.0,3505.0,3465.0,3480.0,191400,0.0,0.0
2022-10-13 00:00:00+09:00,3465.0,3470.0,3445.0,3455.0,173400,0.0,0.0
2022-10-14 00:00:00+09:00,3495.0,3495.0,3460.0,3465.0,176700,0.0,0.0
2022-10-17 00:00:00+09:00,3465.0,3475.0,3420.0,3425.0,175700,0.0,0.0
2022-10-18 00:00:00+09:00,3440.0,3450.0,3405.0,3410.0,214900,0.0,0.0
2022-10-19 00:00:00+09:00,3425.0,3435.0,3405.0,3415.0,157800,0.0,0.0
2022-10-20 00:00:00+09:00,3400.0,3410.0,3370.0,3390.0,269900,0.0,0.0
2022-10-21 00:00:00+09:00,3390.0,3405.0,3375.0,3375.0,127300,0.0,0.0
2022-10-24 00:00:00+09:00,3380.0,3385.0,3325.0,3330.0,219000,0.0,0.0
2022-10-25 00:00:00+09:00,3355.0,3395.0,3350.0,3380.0,149100,0.0,0.0
2022-10-26 00:00:00+09:00,3400.0,3415.0,3385.0,3400.0,141200,0.0,0.0
2022-10-27 00:00:00+09:00,3395.0,3405.0,3360.0,3365.0,138600,0.0,0.0
2022-10-28 00:00:00+09:00,3350.0,3385.0,3340.0,3350.0,473800,0.0,0.0
2022-10-31 00:00:00+09:00,3355.0,3380.0,3330.0,3345.0,196500,0.0,0.0
2022-11-01 00:00:00+09:00,3360.0,3385.0,3350.0,3355.0,132500,0.0,0.0
2022-11-02 00:00:00+09:00,3350.0,3395.0,3350.0,3375.0,247800,0.0,0.0
2022-11-04 00:00:00+09:00,3370.0,3385.0,3340.0,3360.0,285900,0.0,0.0
2022-11-07 00:00:00+09:00,3405.0,3470.0,3400.0,3435.0,347900,0.0,0.0
2022-11-08 00:00:00+09:00,3440.0,3475.0,3430.0,3470.0,217100,0.0,0.0
2022-11-09 00:00:00+09:00,3490.0,3515.0,3485.0,3505.0,202400,0.0,0.0
2022-11-10 00:00:00+09:00,3500.0,3550.0,3485.0,3550.0,158500,0.0,0.0
2022-11-11 00:00:00+09:00,3550.0,3550.0,3500.0,3515.0,184600,0.0,0.0
2022-11-14 00:00:00+09:00,3485.0,3510.0,3470.0,3500.0,168200,0.0,0.0
2022-11-15 00:00:00+09:00,3500.0,3515.0,3475.0,3490.0,112700,0.0,0.0
2022-11-16 00:00:00+09:00,3490.0,3530.0,3475.0,3510.0,155000,0.0,0.0
2022-11-17 00:00:00+09:00,3520.0,3570.0,3515.0,3560.0,127000,0.0,0.0
2022-11-18 00:00:00+09:00,3600.0,3605.0,3565.0,3595.0,125900,0.0,0.0
2022-11-21 00:00:00+09:00,3600.0,3615.0,3575.0,3585.0,113900,0.0,0.0
2022-11-22 00:00:00+09:00,3655.0,3750.0,3655.0,3730.0,426900,0.0,0.0
2022-11-24 00:00:00+09:00,3710.0,3750.0,3705.0,3730.0,200900,0.0,0.0
2022-11-25 00:00:00+09:00,3745.0,3760.0,3715.0,3740.0,116700,0.0,0.0
2022-11-28 00:00:00+09:00,3730.0,3730.0,3660.0,3675.0,116600,0.0,0.0
2022-11-29 00:00:00+09:00,3665.0,3685.0,3635.0,3635.0,106700,0.0,0.0
2022-11-30 00:00:00+09:00,3620.0,3645.0,3580.0,3585.0,284600,0.0,0.0
2022-12-01 00:00:00+09:00,3585.0,3585.0,3560.0,3575.0,142000,0.0,0.0
2022-12-02 00:00:00+09:00,3555.0,3630.0,3545.0,3610.0,202500,0.0,0.0
2022-12-05 00:00:00+09:00,3605.0,3605.0,3550.0,3570.0,205900,0.0,0.0
2022-12-06 00:00:00+09:00,3580.0,3625.0,3580.0,3620.0,138200,0.0,0.0
2022-12-07 00:00:00+09:00,3615.0,3650.0,3615.0,3625.0,139000,0.0,0.0
2022-12-08 00:00:00+09:00,3625.0,3660.0,3625.0,3650.0,149500,0.0,0.0
2022-12-09 00:00:00+09:00,3600.0,3665.0,3600.0,3645.0,119300,0.0,0.0
2022-12-12 00:00:00+09:00,3630.0,3645.0,3605.0,3625.0,116200,0.0,0.0
2022-12-13 00:00:00+09:00,3645.0,3690.0,3640.0,3665.0,125700,0.0,0.0
2022-12-14 00:00:00+09:00,3665.0,3700.0,3655.0,3700.0,95100,0.0,0.0
2022-12-15 00:00:00+09:00,3695.0,3715.0,3670.0,3670.0,86300,0.0,0.0
2022-12-16 00:00:00+09:00,3660.0,3685.0,3650.0,3660.0,139300,0.0,0.0
2022-12-19 00:00:00+09:00,3660.0,3680.0,3650.0,3670.0,120200,0.0,0.0
2022-12-20 00:00:00+09:00,3685.0,3690.0,3630.0,3675.0,142000,0.0,0.0
2022-12-21 00:00:00+09:00,3675.0,3705.0,3650.0,3685.0,174900,0.0,0.0
2022-12-22 00:00:00+09:00,3695.0,3705.0,3650.0,3700.0,96100,0.0,0.0
2022-12-23 00:00:00+09:00,3675.0,3710.0,3675.0,3695.0,66100,0.0,0.0
2022-12-26 00:00:00+09:00,3720.0,3730.0,3670.0,3690.0,103000,0.0,0.0
2022-12-27 00:00:00+09:00,3720.0,3730.0,3700.0,3715.0,85900,0.0,0.0
2022-12-28 00:00:00+09:00,3720.0,3735.0,3705.0,3730.0,91600,0.0,0.0
2022-12-29 00:00:00+09:00,3690.0,3695.0,3645.0,3660.0,102900,0.0,0.0
2022-12-30 00:00:00+09:00,3645.0,3670.0,3620.0,3620.0,73400,0.0,0.0
2023-01-04 00:00:00+09:00,3590.0,3590.0,3515.0,3570.0,134800,0.0,0.0
2023-01-05 00:00:00+09:00,3555.0,3560.0,3520.0,3550.0,127200,0.0,0.0
2023-01-06 00:00:00+09:00,3550.0,3560.0,3515.0,3530.0,89900,0.0,0.0
2023-01-10 00:00:00+09:00,3530.0,3550.0,3490.0,3495.0,91500,0.0,0.0
2023-01-11 00:00:00+09:00,3505.0,3540.0,3490.0,3500.0,106200,0.0,0.0
2023-01-12 00:00:00+09:00,3500.0,3525.0,3490.0,3525.0,86400,0.0,0.0
2023-01-13 00:00:00+09:00,3495.0,3540.0,3490.0,3505.0,135400,0.0,0.0
2023-01-16 00:00:00+09:00,3480.0,3540.0,3480.0,3515.0,88100,0.0,0.0
2023-01-17 00:00:00+09:00,3505.0,3525.0,3485.0,3510.0,88200,0.0,0.0
2023-01-18 00:00:00+09:00,3495.0,3600.0,3495.0,3540.0,122700,0.0,0.0
2023-01-19 00:00:00+09:00,3515.0,3535.0,3510.0,3525.0,69500,0.0,0.0
2023-01-20 00:00:00+09:00,3535.0,3575.0,3530.0,3560.0,73400,0.0,0.0
2023-01-23 00:00:00+09:00,3565.0,3585.0,3540.0,3545.0,64800,0.0,0.0
2023-01-24 00:00:00+09:00,3545.0,3585.0,3540.0,3575.0,103700,0.0,0.0
2023-01-25 00:00:00+09:00,3560.0,3575.0,3540.0,3545.0,74700,0.0,0.0
2023-01-26 00:00:00+09:00,3565.0,3565.0,3515.0,3540.0,93800,0.0,0.0
2023-01-27 00:00:00+09:00,3545.0,3545.0,3510.0,3525.0,91700,0.0,0.0
2023-01-30 00:00:00+09:00,3525.0,3560.0,3520.0,3555.0,93200,0.0,0.0
2023-01-31 00:00:00+09:00,3580.0,3635.0,3570.0,3630.0,225800,0.0,0.0
2023-02-01 00:00:00+09:00,3645.0,3655.0,3605.0,3620.0,122500,0.0,0.0
2023-02-02 00:00:00+09:00,3620.0,3625.0,3540.0,3550.0,118800,0.0,0.0
2023-02-03 00:00:00+09:00,3530.0,3535.0,3495.0,3505.0,98400,0.0,0.0
2023-02-06 00:00:00+09:00,3515.0,3550.0,3505.0,3550.0,135600,0.0,0.0
2023-02-07 00:00:00+09:00,3550.0,3570.0,3515.0,3530.0,72900,0.0,0.0
2023-02-08 00:00:00+09:00,3530.0,3540.0,3510.0,3540.0,62100,0.0,0.0
2023-02-09 00:00:00+09:00,3525.0,3545.0,3515.0,3520.0,68200,0.0,0.0
2023-02-10 00:00:00+09:00,3510.0,3540.0,3500.0,3525.0,64900,0.0,0.0
2023-02-13 00:00:00+09:00,3540.0,3545.0,3505.0,3545.0,85600,0.0,0.0
2023-02-14 00:00:00+09:00,3545.0,3575.0,3545.0,3575.0,77600,0.0,0.0
2023-02-15 00:00:00+09:00,3400.0,3440.0,3360.0,3425.0,400200,0.0,0.0
2023-02-16 00:00:00+09:00,3445.0,3450.0,3420.0,3440.0,147900,0.0,0.0
2023-02-17 00:00:00+09:00,3430.0,3510.0,3430.0,3485.0,149700,0.0,0.0
2023-02-20 00:00:00+09:00,3515.0,3515.0,3470.0,3490.0,113800,0.0,0.0
2023-02-21 00:00:00+09:00,3500.0,3500.0,3470.0,3480.0,74600,0.0,0.0
2023-02-22 00:00:00+09:00,3460.0,3470.0,3410.0,3455.0,184300,0.0,0.0
2023-02-24 00:00:00+09:00,3440.0,3460.0,3440.0,3440.0,170300,0.0,0.0
2023-02-27 00:00:00+09:00,3450.0,3460.0,3420.0,3450.0,162900,0.0,0.0
2023-02-28 00:00:00+09:00,3445.0,3465.0,3420.0,3420.0,127500,0.0,0.0
2023-03-01 00:00:00+09:00,3410.0,3420.0,3380.0,3385.0,162000,0.0,0.0
2023-03-02 00:00:00+09:00,3410.0,3425.0,3400.0,3410.0,97600,0.0,0.0
2023-03-03 00:00:00+09:00,3430.0,3440.0,3410.0,3425.0,121000,0.0,0.0
2023-03-06 00:00:00+09:00,3425.0,3450.0,3415.0,3435.0,120100,0.0,0.0
2023-03-07 00:00:00+09:00,3435.0,3455.0,3415.0,3420.0,112300,0.0,0.0
2023-03-08 00:00:00+09:00,3410.0,3445.0,3410.0,3445.0,127400,0.0,0.0
2023-03-09 00:00:00+09:00,3465.0,3475.0,3455.0,3475.0,119100,0.0,0.0
2023-03-10 00:00:00+09:00,3445.0,3455.0,3430.0,3435.0,162900,0.0,0.0
2023-03-13 00:00:00+09:00,3430.0,3435.0,3390.0,3410.0,134200,0.0,0.0
2023-03-14 00:00:00+09:00,3380.0,3390.0,3340.0,3355.0,273400,0.0,0.0
2023-03-15 00:00:00+09:00,3375.0,3385.0,3350.0,3365.0,135600,0.0,0.0
2023-03-16 00:00:00+09:00,3335.0,3370.0,3330.0,3350.0,154700,0.0,0.0
2023-03-17 00:00:00+09:00,3355.0,3360.0,3335.0,3355.0,167500,0.0,0.0
2023-03-20 00:00:00+09:00,3350.0,3350.0,3300.0,3300.0,235800,0.0,0.0
2023-03-22 00:00:00+09:00,3320.0,3330.0,3300.0,3315.0,173800,0.0,0.0
2023-03-23 00:00:00+09:00,3285.0,3300.0,3270.0,3290.0,199100,0.0,0.0
2023-03-24 00:00:00+09:00,3275.0,3320.0,3275.0,3320.0,193900,0.0,0.0
2023-03-27 00:00:00+09:00,3350.0,3350.0,3310.0,3310.0,171000,0.0,0.0
2023-03-28 00:00:00+09:00,3325.0,3340.0,3295.0,3315.0,140900,0.0,0.0
2023-03-29 00:00:00+09:00,3335.0,3360.0,3315.0,3360.0,197100,0.0,0.0
2023-03-30 00:00:00+09:00,3350.0,3350.0,3315.0,3340.0,191700,0.0,0.0
2023-03-31 00:00:00+09:00,3345.0,3360.0,3330.0,3335.0,128500,0.0,0.0
2023-04-03 00:00:00+09:00,3360.0,3400.0,3350.0,3400.0,207800,0.0,0.0
2023-04-04 00:00:00+09:00,3410.0,3425.0,3385.0,3420.0,173000,0.0,0.0
2023-04-05 00:00:00+09:00,3415.0,3415.0,3375.0,3385.0,183900,0.0,0.0
2023-04-06 00:00:00+09:00,3395.0,3415.0,3385.0,3410.0,168000,0.0,0.0
2023-04-07 00:00:00+09:00,3410.0,3420.0,3380.0,3380.0,103900,0.0,0.0
2023-04-10 00:00:00+09:00,3395.0,3405.0,3355.0,3375.0,133800,0.0,0.0
2023-04-11 00:00:00+09:00,3380.0,3395.0,3335.0,3350.0,256200,0.0,0.0
2023-04-12 00:00:00+09:00,3365.0,3370.0,3345.0,3345.0,96000,0.0,0.0
2023-04-13 00:00:00+09:00,3350.0,3360.0,3345.0,3355.0,108400,0.0,0.0
2023-04-14 00:00:00+09:00,3365.0,3375.0,3355.0,3370.0,136200,0.0,0.0
2023-04-17 00:00:00+09:00,3370.0,3370.0,3350.0,3365.0,98000,0.0,0.0
2023-04-18 00:00:00+09:00,3380.0,3405.0,3375.0,3405.0,161600,0.0,0.0
2023-04-19 00:00:00+09:00,3385.0,3410.0,3370.0,3405.0,193900,0.0,0.0
2023-04-20 00:00:00+09:00,3405.0,3430.0,3385.0,3425.0,161700,0.0,0.0
2023-04-21 00:00:00+09:00,3435.0,3460.0,3420.0,3460.0,228600,0.0,0.0
2023-04-24 00:00:00+09:00,3450.0,3455.0,3430.0,3450.0,115200,0.0,0.0
2023-04-25 00:00:00+09:00,3450.0,3460.0,3440.0,3455.0,115600,0.0,0.0
2023-04-26 00:00:00+09:00,3440.0,3445.0,3410.0,3420.0,289900,0.0,0.0
2023-04-27 00:00:00+09:00,3420.0,3435.0,3395.0,3420.0,213700,0.0,0.0
2023-04-28 00:00:00+09:00,3450.0,3495.0,3445.0,3495.0,296200,0.0,0.0
2023-05-01 00:00:00+09:00,3500.0,3550.0,3500.0,3530.0,298500,0.0,0.0
2023-05-02 00:00:00+09:00,3550.0,3550.0,3495.0,3525.0,225700,0.0,0.0
2023-05-08 00:00:00+09:00,3540.0,3550.0,3515.0,3525.0,258800,0.0,0.0
2023-05-09 00:00:00+09:00,3525.0,3585.0,3525.0,3580.0,293700,0.0,0.0
2023-05-10 00:00:00+09:00,3630.0,3680.0,3580.0,3600.0,452700,0.0,0.0
2023-05-11 00:00:00+09:00,3620.0,3625.0,3555.0,3570.0,245000,0.0,0.0
2023-05-12 00:00:00+09:00,3550.0,3630.0,3550.0,3620.0,260600,0.0,0.0
2023-05-15 00:00:00+09:00,3640.0,3705.0,3640.0,3690.0,313600,0.0,0.0
2023-05-16 00:00:00+09:00,3695.0,3730.0,3685.0,3730.0,257500,0.0,0.0
2023-05-17 00:00:00+09:00,3730.0,3735.0,3695.0,3715.0,281200,0.0,0.0
2023-05-18 00:00:00+09:00,3740.0,3740.0,3700.0,3705.0,285900,0.0,0.0
2023-05-19 00:00:00+09:00,3705.0,3770.0,3695.0,3770.0,289600,0.0,0.0
2023-05-22 00:00:00+09:00,3750.0,3765.0,3720.0,3765.0,250200,0.0,0.0
2023-05-23 00:00:00+09:00,3765.0,3765.0,3715.0,3740.0,242700,0.0,0.0
2023-05-24 00:00:00+09:00,3730.0,3780.0,3725.0,3760.0,189500,0.0,0.0
2023-05-25 00:00:00+09:00,3765.0,3770.0,3725.0,3725.0,144000,0.0,0.0
2023-05-26 00:00:00+09:00,3755.0,3840.0,3740.0,3810.0,343700,0.0,0.0
2023-05-29 00:00:00+09:00,3780.0,3790.0,3760.0,3760.0,225000,0.0,0.0
2023-05-30 00:00:00+09:00,3760.0,3760.0,3710.0,3725.0,270900,0.0,0.0
2023-05-31 00:00:00+09:00,3700.0,3725.0,3675.0,3680.0,205100,0.0,0.0
2023-06-01 00:00:00+09:00,3675.0,3710.0,3665.0,3675.0,173400,0.0,0.0
2023-06-02 00:00:00+09:00,3675.0,3735.0,3675.0,3735.0,162900,0.0,0.0
2023-06-05 00:00:00+09:00,3772.0,3787.0,3731.0,3754.0,394300,0.0,0.0
2023-06-06 00:00:00+09:00,3779.0,3808.0,3762.0,3808.0,169400,0.0,0.0
2023-06-07 00:00:00+09:00,3820.0,3828.0,3776.0,3790.0,234800,0.0,0.0
2023-06-08 00:00:00+09:00,3798.0,3811.0,3774.0,3781.0,222100,0.0,0.0
2023-06-09 00:00:00+09:00,3805.0,3845.0,3797.0,3838.0,301700,0.0,0.0
2023-06-12 00:00:00+09:00,3858.0,3880.0,3836.0,3862.0,206400,0.0,0.0
2023-06-13 00:00:00+09:00,3854.0,3874.0,3851.0,3860.0,245700,0.0,0.0
2023-06-14 00:00:00+09:00,3868.0,3874.0,3844.0,3847.0,153700,0.0,0.0
2023-06-15 00:00:00+09:00,3857.0,3864.0,3838.0,3838.0,144500,0.0,0.0
2023-06-16 00:00:00+09:00,3837.0,3876.0,3830.0,3863.0,441300,0.0,0.0
2023-06-19 00:00:00+09:00,3885.0,3885.0,3805.0,3817.0,434400,0.0,0.0
2023-06-20 00:00:00+09:00,3817.0,3841.0,3801.0,3841.0,300500,0.0,0.0
2023-06-21 00:00:00+09:00,3850.0,3898.0,3849.0,3888.0,304700,0.0,0.0
2023-06-22 00:00:00+09:00,3888.0,3909.0,3872.0,3876.0,300100,0.0,0.0
2023-06-23 00:00:00+09:00,3893.0,3898.0,3855.0,3878.0,376200,0.0,0.0
2023-06-26 00:00:00+09:00,3877.0,3892.0,3863.0,3863.0,518000,0.0,0.0
2023-06-27 00:00:00+09:00,3855.0,3873.0,3813.0,3813.0,610500,0.0,0.0
2023-06-28 00:00:00+09:00,3816.0,3874.0,3814.0,3874.0,1015400,0.0,0.0
2023-06-29 00:00:00+09:00,3803.0,3805.0,3720.0,3720.0,630100,0.0,0.0
2023-06-30 00:00:00+09:00,3750.0,3780.0,3729.0,3768.0,398900,0.0,0.0
2023-07-03 00:00:00+09:00,3764.0,3798.0,3764.0,3785.0,292600,0.0,0.0
2023-07-04 00:00:00+09:00,3743.0,3776.0,3726.0,3734.0,227500,0.0,0.0
2023-07-05 00:00:00+09:00,3724.0,3731.0,3708.0,3716.0,159700,0.0,0.0
2023-07-06 00:00:00+09:00,3718.0,3730.0,3675.0,3696.0,205300,0.0,0.0
2023-07-07 00:00:00+09:00,3686.0,3695.0,3660.0,3662.0,149700,0.0,0.0
2023-07-10 00:00:00+09:00,3688.0,3726.0,3666.0,3706.0,204700,0.0,0.0
2023-07-11 00:00:00+09:00,3701.0,3714.0,3661.0,3664.0,156400,0.0,0.0
2023-07-12 00:00:00+09:00,3681.0,3687.0,3648.0,3663.0,102800,0.0,0.0
2023-07-13 00:00:00+09:00,3681.0,3690.0,3658.0,3681.0,119100,0.0,0.0
2023-07-14 00:00:00+09:00,3685.0,3703.0,3650.0,3674.0,107400,0.0,0.0
2023-07-18 00:00:00+09:00,3685.0,3725.0,3679.0,3725.0,140800,0.0,0.0
2023-07-19 00:00:00+09:00,3739.0,3748.0,3713.0,3731.0,148100,0.0,0.0
2023-07-20 00:00:00+09:00,3740.0,3755.0,3725.0,3726.0,123400,0.0,0.0
2023-07-21 00:00:00+09:00,3755.0,3767.0,3735.0,3764.0,131600,0.0,0.0
2023-07-24 00:00:00+09:00,3799.0,3800.0,3775.0,3782.0,201800,0.0,0.0
2023-07-25 00:00:00+09:00,3799.0,3799.0,3761.0,3772.0,103700,0.0,0.0
2023-07-26 00:00:00+09:00,3790.0,3799.0,3767.0,3793.0,123000,0.0,0.0
2023-07-27 00:00:00+09:00,3760.0,3771.0,3726.0,3771.0,231100,0.0,0.0
2023-07-28 00:00:00+09:00,3754.0,3772.0,3719.0,3739.0,247700,0.0,0.0
2023-07-31 00:00:00+09:00,3786.0,3789.0,3749.0,3760.0,166700,0.0,0.0
2023-08-01 00:00:00+09:00,3767.0,3809.0,3759.0,3806.0,221000,0.0,0.0
2023-08-02 00:00:00+09:00,3795.0,3814.0,3777.0,3812.0,169000,0.0,0.0
2023-08-03 00:00:00+09:00,3804.0,3819.0,3774.0,3788.0,264400,0.0,0.0
2023-08-04 00:00:00+09:00,3561.0,3698.0,3544.0,3693.0,599700,0.0,0.0
2023-08-07 00:00:00+09:00,3681.0,3687.0,3632.0,3678.0,296000,0.0,0.0
2023-08-08 00:00:00+09:00,3697.0,3799.0,3697.0,3785.0,324700,0.0,0.0
2023-08-09 00:00:00+09:00,3799.0,3819.0,3754.0,3805.0,263400,0.0,0.0
2023-08-10 00:00:00+09:00,3820.0,3828.0,3778.0,3797.0,243300,0.0,0.0
2023-08-14 00:00:00+09:00,3810.0,3853.0,3798.0,3832.0,202900,0.0,0.0
2023-08-15 00:00:00+09:00,3816.0,3836.0,3772.0,3773.0,173400,0.0,0.0
2023-08-16 00:00:00+09:00,3742.0,3767.0,3725.0,3767.0,162000,0.0,0.0
2023-08-17 00:00:00+09:00,3783.0,3783.0,3704.0,3711.0,202500,0.0,0.0
2023-08-18 00:00:00+09:00,3700.0,3710.0,3673.0,3696.0,156700,0.0,0.0
2023-08-21 00:00:00+09:00,3715.0,3764.0,3707.0,3744.0,121000,0.0,0.0
2023-08-22 00:00:00+09:00,3725.0,3765.0,3707.0,3765.0,122800,0.0,0.0
2023-08-23 00:00:00+09:00,3745.0,3794.0,3737.0,3782.0,121700,0.0,0.0
2023-08-24 00:00:00+09:00,3778.0,3805.0,3776.0,3791.0,118800,0.0,0.0
2023-08-25 00:00:00+09:00,3775.0,3803.0,3767.0,3783.0,113000,0.0,0.0
2023-08-28 00:00:00+09:00,3798.0,3811.0,3775.0,3805.0,148800,0.0,0.0
2023-08-29 00:00:00+09:00,3820.0,3850.0,3806.0,3808.0,216000,0.0,0.0
2023-08-30 00:00:00+09:00,3813.0,3851.0,3793.0,3832.0,168400,0.0,0.0
2023-08-31 00:00:00+09:00,3847.0,3869.0,3841.0,3842.0,198700,0.0,0.0
2023-09-01 00:00:00+09:00,3857.0,3906.0,3852.0,3888.0,242900,0.0,0.0
2023-09-04 00:00:00+09:00,3884.0,3901.0,3874.0,3888.0,174600,0.0,0.0
2023-09-05 00:00:00+09:00,3880.0,3896.0,3837.0,3870.0,161300,0.0,0.0
2023-09-06 00:00:00+09:00,3892.0,3899.0,3876.0,3890.0,145300,0.0,0.0
2023-09-07 00:00:00+09:00,3900.0,3974.0,3897.0,3938.0,322200,0.0,0.0
2023-09-08 00:00:00+09:00,3950.0,3959.0,3893.0,3927.0,192200,0.0,0.0
2023-09-11 00:00:00+09:00,3929.0,3945.0,3902.0,3942.0,144100,0.0,0.0
2023-09-12 00:00:00+09:00,3948.0,4057.0,3946.0,4045.0,313700,0.0,0.0
2023-09-13 00:00:00+09:00,4047.0,4047.0,3994.0,4005.0,126200,0.0,0.0
2023-09-14 00:00:00+09:00,4020.0,4026.0,4002.0,4023.0,110600,0.0,0.0
2023-09-15 00:00:00+09:00,4021.0,4055.0,4001.0,4041.0,216300,0.0,0.0
2023-09-19 00:00:00+09:00,4055.0,4091.0,4048.0,4089.0,193600,0.0,0.0
2023-09-20 00:00:00+09:00,4100.0,4118.0,4072.0,4085.0,235400,0.0,0.0
2023-09-21 00:00:00+09:00,4085.0,4105.0,4053.0,4072.0,160200,0.0,0.0
2023-09-22 00:00:00+09:00,4059.0,4087.0,4041.0,4052.0,144500,0.0,0.0
2023-09-25 00:00:00+09:00,4082.0,4140.0,4068.0,4111.0,231300,0.0,0.0
2023-09-26 00:00:00+09:00,4119.0,4136.0,4080.0,4119.0,149100,0.0,0.0
2023-09-27 00:00:00+09:00,4100.0,4155.0,4097.0,4155.0,194000,0.0,0.0
2023-09-28 00:00:00+09:00,4102.0,4133.0,4086.0,4100.0,196600,0.0,0.0
2023-09-29 00:00:00+09:00,4116.0,4120.0,4083.0,4105.0,219500,0.0,0.0
2023-10-02 00:00:00+09:00,4100.0,4121.0,4046.0,4046.0,184600,0.0,0.0
2023-10-03 00:00:00+09:00,4064.0,4094.0,4038.0,4079.0,215700,0.0,0.0
2023-10-04 00:00:00+09:00,4056.0,4092.0,4040.0,4074.0,260300,0.0,0.0
2023-10-05 00:00:00+09:00,4074.0,4178.0,4074.0,4168.0,265600,0.0,0.0
2023-10-06 00:00:00+09:00,4176.0,4257.0,4175.0,4228.0,252000,0.0,0.0
2023-10-10 00:00:00+09:00,4255.0,4286.0,4250.0,4266.0,221000,0.0,0.0
2023-10-11 00:00:00+09:00,4265.0,4265.0,4209.0,4210.0,188600,0.0,0.0
2023-10-12 00:00:00+09:00,4215.0,4217.0,4139.0,4151.0,176400,0.0,0.0
2023-10-13 00:00:00+09:00,4120.0,4136.0,4106.0,4125.0,196900,0.0,0.0
2023-10-16 00:00:00+09:00,4125.0,4154.0,4100.0,4117.0,203000,0.0,0.0
2023-10-17 00:00:00+09:00,4121.0,4135.0,4095.0,4113.0,179300,0.0,0.0
2023-10-18 00:00:00+09:00,4104.0,4120.0,4069.0,4115.0,147800,0.0,0.0
2023-10-19 00:00:00+09:00,4103.0,4159.0,4102.0,4156.0,131700,0.0,0.0
2023-10-20 00:00:00+09:00,4153.0,4185.0,4144.0,4168.0,142900,0.0,0.0
2023-10-23 00:00:00+09:00,4166.0,4199.0,4157.0,4172.0,264000,0.0,0.0
2023-10-24 00:00:00+09:00,4169.0,4170.0,4106.0,4160.0,163700,0.0,0.0
2023-10-25 00:00:00+09:00,4162.0,4199.0,4161.0,4175.0,111100,0.0,0.0
2023-10-26 00:00:00+09:00,4200.0,4228.0,4187.0,4207.0,184900,0.0,0.0
2023-10-27 00:00:00+09:00,4220.0,4254.0,4206.0,4244.0,168400,0.0,0.0
2023-10-30 00:00:00+09:00,4235.0,4261.0,4216.0,4250.0,223800,0.0,0.0
2023-10-31 00:00:00+09:00,4273.0,4386.0,4261.0,4386.0,212800,0.0,0.0
2023-11-01 00:00:00+09:00,4395.0,4456.0,4382.0,4453.0,244000,0.0,0.0
2023-11-02 00:00:00+09:00,4483.0,4550.0,4455.0,4549.0,414800,0.0,0.0
2023-11-06 00:00:00+09:00,4269.0,4349.0,4168.0,4294.0,1110600,0.0,0.0
2023-11-07 00:00:00+09:00,4315.0,4335.0,4160.0,4207.0,695600,0.0,0.0
2023-11-08 00:00:00+09:00,4242.0,4256.0,4192.0,4220.0,370200,0.0,0.0
2023-11-09 00:00:00+09:00,4223.0,4223.0,4108.0,4154.0,449300,0.0,0.0
2023-11-10 00:00:00+09:00,4161.0,4238.0,4151.0,4237.0,218200,0.0,0.0
2023-11-13 00:00:00+09:00,4241.0,4248.0,4132.0,4149.0,263800,0.0,0.0
2023-11-14 00:00:00+09:00,4144.0,4163.0,4115.0,4128.0,237200,0.0,0.0
2023-11-15 00:00:00+09:00,4130.0,4166.0,4123.0,4150.0,179900,0.0,0.0
2023-11-16 00:00:00+09:00,4120.0,4131.0,4066.0,4070.0,285500,0.0,0.0
2023-11-17 00:00:00+09:00,4080.0,4155.0,4073.0,4136.0,170000,0.0,0.0
2023-11-20 00:00:00+09:00,4111.0,4123.0,4071.0,4080.0,191300,0.0,0.0
2023-11-21 00:00:00+09:00,4077.0,4102.0,4068.0,4088.0,163300,0.0,0.0
2023-11-22 00:00:00+09:00,4088.0,4119.0,4086.0,4118.0,124600,0.0,0.0
2023-11-24 00:00:00+09:00,4157.0,4164.0,4100.0,4107.0,119400,0.0,0.0
2023-11-27 00:00:00+09:00,4133.0,4133.0,4075.0,4085.0,205700,0.0,0.0
2023-11-28 00:00:00+09:00,4077.0,4083.0,4044.0,4078.0,272400,0.0,0.0
2023-11-29 00:00:00+09:00,4063.0,4079.0,4046.0,4073.0,186600,0.0,0.0
2023-11-30 00:00:00+09:00,4050.0,4082.0,4011.0,4079.0,238500,0.0,0.0
2023-12-01 00:00:00+09:00,4090.0,4214.0,4068.0,4205.0,459800,0.0,0.0
2023-12-04 00:00:00+09:00,4200.0,4214.0,4140.0,4140.0,295600,0.0,0.0
2023-12-05 00:00:00+09:00,4136.0,4155.0,4104.0,4134.0,161600,0.0,0.0
2023-12-06 00:00:00+09:00,4130.0,4196.0,4120.0,4181.0,153200,0.0,0.0
2023-12-07 00:00:00+09:00,4170.0,4196.0,4141.0,4156.0,96300,0.0,0.0
2023-12-08 00:00:00+09:00,4184.0,4196.0,4140.0,4165.0,145200,0.0,0.0
2023-12-11 00:00:00+09:00,4203.0,4227.0,4179.0,4224.0,215400,0.0,0.0
2023-12-12 00:00:00+09:00,4232.0,4268.0,4209.0,4252.0,182000,0.0,0.0
2023-12-13 00:00:00+09:00,4240.0,4243.0,4191.0,4209.0,119400,0.0,0.0
2023-12-14 00:00:00+09:00,4230.0,4230.0,4160.0,4188.0,118000,0.0,0.0
2023-12-15 00:00:00+09:00,4159.0,4182.0,4075.0,4094.0,207300,0.0,0.0
2023-12-18 00:00:00+09:00,4054.0,4105.0,4041.0,4099.0,235400,0.0,0.0
2023-12-19 00:00:00+09:00,4090.0,4096.0,4049.0,4085.0,181400,0.0,0.0
2023-12-20 00:00:00+09:00,4077.0,4093.0,4055.0,4086.0,202700,0.0,0.0
2023-12-21 00:00:00+09:00,4068.0,4092.0,4059.0,4088.0,162800,0.0,0.0
2023-12-22 00:00:00+09:00,4094.0,4124.0,4085.0,4113.0,107100,0.0,0.0
2023-12-25 00:00:00+09:00,4123.0,4150.0,4109.0,4150.0,95000,0.0,0.0
2023-12-26 00:00:00+09:00,4191.0,4203.0,4161.0,4182.0,148000,0.0,0.0
2023-12-27 00:00:00+09:00,4175.0,4213.0,4167.0,4203.0,154600,0.0,0.0
2023-12-28 00:00:00+09:00,4149.0,4163.0,4123.0,4134.0,115900,0.0,0.0
2023-12-29 00:00:00+09:00,4140.0,4192.0,4125.0,4175.0,99800,0.0,0.0
2024-01-04 00:00:00+09:00,4176.0,4245.0,4150.0,4245.0,140200,0.0,0.0
2024-01-05 00:00:00+09:00,4264.0,4272.0,4235.0,4251.0,140300,0.0,0.0
2024-01-09 00:00:00+09:00,4259.0,4350.0,4259.0,4345.0,212000,0.0,0.0
2024-01-10 00:00:00+09:00,4349.0,4393.0,4334.0,4375.0,199400,0.0,0.0
2024-01-11 00:00:00+09:00,4380.0,4420.0,4358.0,4375.0,172300,0.0,0.0
2024-01-12 00:00:00+09:00,4386.0,4415.0,4341.0,4341.0,164300,0.0,0.0
2024-01-15 00:00:00+09:00,4348.0,4354.0,4305.0,4311.0,18400,0.0,0.0
2024-01-16 00:00:00+09:00,4314.0,4329.0,4260.0,4260.0,117900,0.0,0.0
2024-01-17 00:00:00+09:00,4271.0,4317.0,4257.0,4260.0,144100,0.0,0.0
2024-01-18 00:00:00+09:00,4260.0,4284.0,4247.0,4284.0,127600,0.0,0.0
2024-01-19 00:00:00+09:00,4293.0,4293.0,4245.0,4277.0,144200,0.0,0.0
2024-01-22 00:00:00+09:00,4285.0,4316.0,4272.0,4313.0,131900,0.0,0.0
2024-01-23 00:00:00+09:00,4312.0,4356.0,4312.0,4320.0,117700,0.0,0.0
2024-01-24 00:00:00+09:00,4284.0,4299.0,4222.0,4225.0,137600,0.0,0.0
2024-01-25 00:00:00+09:00,4212.0,4266.0,4207.0,4266.0,111700,0.0,0.0
2024-01-26 00:00:00+09:00,4266.0,4269.0,4230.0,4250.0,114200,0.0,0.0
2024-01-29 00:00:00+09:00,4250.0,4285.0,4250.0,4267.0,93700,0.0,0.0
2024-01-30 00:00:00+09:00,4279.0,4303.0,4267.0,4274.0,89500,0.0,0.0
2024-01-31 00:00:00+09:00,4253.0,4322.0,4253.0,4321.0,101000,0.0,0.0
2024-02-01 00:00:00+09:00,4296.0,4336.0,4293.0,4327.0,101000,0.0,0.0
2024-02-02 00:00:00+09:00,4354.0,4363.0,4310.0,4320.0,129300,0.0,0.0
2024-02-05 00:00:00+09:00,4330.0,4366.0,4322.0,4341.0,142900,0.0,0.0
2024-02-06 00:00:00+09:00,4369.0,4377.0,4316.0,4316.0,177100,0.0,0.0
2024-02-07 00:00:00+09:00,4312.0,4320.0,4206.0,4260.0,170200,0.0,0.0
2024-02-08 00:00:00+09:00,4260.0,4262.0,4203.0,4213.0,153200,0.0,0.0
2024-02-09 00:00:00+09:00,4172.0,4220.0,4154.0,4190.0,170600,0.0,0.0
2024-02-13 00:00:00+09:00,4190.0,4260.0,4113.0,4225.0,325100,0.0,0.0
2024-02-14 00:00:00+09:00,4575.0,4698.0,4503.0,4665.0,820800,0.0,0.0
2024-02-15 00:00:00+09:00,4694.0,4783.0,4686.0,4726.0,448500,0.0,0.0
2024-02-16 00:00:00+09:00,4735.0,4754.0,4675.0,4710.0,231100,0.0,0.0
2024-02-19 00:00:00+09:00,4723.0,4739.0,4660.0,4697.0,194100,0.0,0.0
2024-02-20 00:00:00+09:00,4715.0,4715.0,4642.0,4668.0,128500,0.0,0.0
2024-02-21 00:00:00+09:00,4688.0,4689.0,4621.0,4637.0,140300,0.0,0.0
2024-02-22 00:00:00+09:00,4637.0,4740.0,4637.0,4728.0,148800,0.0,0.0
2024-02-26 00:00:00+09:00,4751.0,4820.0,4694.0,4719.0,192800,0.0,0.0
2024-02-27 00:00:00+09:00,4718.0,4727.0,4660.0,4679.0,156600,0.0,0.0
2024-02-28 00:00:00+09:00,4660.0,4660.0,4592.0,4599.0,146500,0.0,0.0
2024-02-29 00:00:00+09:00,4548.0,4556.0,4464.0,4468.0,275800,0.0,0.0
2024-03-01 00:00:00+09:00,4462.0,4518.0,4422.0,4490.0,213100,0.0,0.0
2024-03-04 00:00:00+09:00,4500.0,4509.0,4413.0,4427.0,172200,0.0,0.0
2024-03-05 00:00:00+09:00,4389.0,4424.0,4361.0,4424.0,222400,0.0,0.0
2024-03-06 00:00:00+09:00,4419.0,4476.0,4400.0,4461.0,175800,0.0,0.0
2024-03-07 00:00:00+09:00,4477.0,4496.0,4422.0,4467.0,160900,0.0,0.0
2024-03-08 00:00:00+09:00,4412.0,4438.0,4360.0,4432.0,218900,0.0,0.0
2024-03-11 00:00:00+09:00,4420.0,4420.0,4336.0,4392.0,216800,0.0,0.0
2024-03-12 00:00:00+09:00,4350.0,4353.0,4285.0,4342.0,226300,0.0,0.0
2024-03-13 00:00:00+09:00,4318.0,4358.0,4298.0,4326.0,185100,0.0,0.0
2024-03-14 00:00:00+09:00,4345.0,4370.0,4324.0,4370.0,143600,0.0,0.0
2024-03-15 00:00:00+09:00,4351.0,4389.0,4336.0,4374.0,234200,0.0,0.0
2024-03-18 00:00:00+09:00,4359.0,4372.0,4321.0,4323.0,140600,0.0,0.0
2024-03-19 00:00:00+09:00,4320.0,4342.0,4289.0,4338.0,207200,0.0,0.0
2024-03-21 00:00:00+09:00,4349.0,4349.0,4301.0,4308.0,173200,0.0,0.0
2024-03-22 00:00:00+09:00,4305.0,4313.0,4266.0,4290.0,589100,0.0,0.0
2024-03-25 00:00:00+09:00,4335.0,4370.0,4283.0,4309.0,218900,0.0,0.0
2024-03-26 00:00:00+09:00,4308.0,4367.0,4258.0,4357.0,205700,0.0,0.0
2024-03-27 00:00:00+09:00,4365.0,4385.0,4341.0,4372.0,183600,0.0,0.0
2024-03-28 00:00:00+09:00,4370.0,4372.0,4203.0,4220.0,274600,0.0,0.0
2024-03-29 00:00:00+09:00,4203.0,4255.0,4201.0,4238.0,134900,0.0,0.0
2024-04-01 00:00:00+09:00,4285.0,4394.0,4249.0,4348.0,377200,0.0,0.0
2024-04-02 00:00:00+09:00,4342.0,4346.0,4212.0,4212.0,244500,0.0,0.0
2024-04-03 00:00:00+09:00,4200.0,4288.0,4186.0,4266.0,202500,0.0,0.0
2024-04-04 00:00:00+09:00,4266.0,4266.0,4218.0,4239.0,119400,0.0,0.0
2024-04-05 00:00:00+09:00,4230.0,4279.0,4222.0,4267.0,120000,0.0,0.0
2024-04-08 00:00:00+09:00,4286.0,4286.0,4236.0,4253.0,104200,0.0,0.0
2024-04-09 00:00:00+09:00,4250.0,4260.0,4223.0,4236.0,98300,0.0,0.0
2024-04-10 00:00:00+09:00,4236.0,4268.0,4236.0,4236.0,90800,0.0,0.0
2024-04-11 00:00:00+09:00,4220.0,4244.0,4182.0,4221.0,115500,0.0,0.0
2024-04-12 00:00:00+09:00,4233.0,4264.0,4215.0,4261.0,108200,0.0,0.0
2024-04-15 00:00:00+09:00,4240.0,4262.0,4221.0,4256.0,84600,0.0,0.0
2024-04-16 00:00:00+09:00,4223.0,4244.0,4183.0,4219.0,149200,0.0,0.0
2024-04-17 00:00:00+09:00,4222.0,4222.0,4145.0,4151.0,164400,0.0,0.0
2024-04-18 00:00:00+09:00,4184.0,4189.0,4152.0,4164.0,128600,0.0,0.0
2024-04-19 00:00:00+09:00,4150.0,4159.0,4083.0,4102.0,209400,0.0,0.0
2024-04-22 00:00:00+09:00,4134.0,4170.0,4101.0,4170.0,245700,0.0,0.0
2024-04-23 00:00:00+09:00,4127.0,4155.0,4090.0,4099.0,269400,0.0,0.0
2024-04-24 00:00:00+09:00,4099.0,4117.0,4079.0,4090.0,240800,0.0,0.0
2024-04-25 00:00:00+09:00,4080.0,4081.0,4054.0,4060.0,211600,0.0,0.0
2024-04-26 00:00:00+09:00,4058.0,4100.0,4022.0,4099.0,214200,0.0,0.0
2024-04-30 00:00:00+09:00,4120.0,4128.0,4058.0,4075.0,235100,0.0,0.0
2024-05-01 00:00:00+09:00,4067.0,4150.0,4057.0,4099.0,238500,0.0,0.0
2024-05-02 00:00:00+09:00,4099.0,4169.0,4095.0,4141.0,267300,0.0,0.0
2024-05-07 00:00:00+09:00,4145.0,4168.0,4124.0,4137.0,243300,0.0,0.0
2024-05-08 00:00:00+09:00,4137.0,4152.0,4096.0,4110.0,340700,0.0,0.0
2024-05-09 00:00:00+09:00,4050.0,4164.0,4044.0,4120.0,674600,0.0,0.0
2024-05-10 00:00:00+09:00,4110.0,4224.0,4110.0,4145.0,379200,0.0,0.0
2024-05-13 00:00:00+09:00,4146.0,4195.0,4125.0,4134.0,245300,0.0,0.0
2024-05-14 00:00:00+09:00,4150.0,4176.0,4099.0,4124.0,226800,0.0,0.0
2024-05-15 00:00:00+09:00,4092.0,4122.0,4047.0,4058.0,387200,0.0,0.0
2024-05-16 00:00:00+09:00,4055.0,4078.0,4033.0,4070.0,239700,0.0,0.0
2024-05-17 00:00:00+09:00,4070.0,4105.0,4070.0,4105.0,177800,0.0,0.0
2024-05-20 00:00:00+09:00,4111.0,4138.0,4105.0,4137.0,169600,0.0,0.0
2024-05-21 00:00:00+09:00,4133.0,4149.0,4103.0,4109.0,164500,0.0,0.0
2024-05-22 00:00:00+09:00,4109.0,4126.0,4067.0,4077.0,262000,0.0,0.0
2024-05-23 00:00:00+09:00,4070.0,4071.0,4038.0,4068.0,165800,0.0,0.0
2024-05-24 00:00:00+09:00,4040.0,4076.0,4030.0,4040.0,152600,0.0,0.0
2024-05-27 00:00:00+09:00,4059.0,4060.0,4008.0,4027.0,188000,0.0,0.0
2024-05-28 00:00:00+09:00,4010.0,4012.0,3945.0,3947.0,323800,0.0,0.0
2024-05-29 00:00:00+09:00,3919.0,3951.0,3914.0,3939.0,229800,0.0,0.0
2024-05-30 00:00:00+09:00,3931.0,4018.0,3930.0,4012.0,209000,0.0,0.0
2024-05-31 00:00:00+09:00,4028.0,4065.0,4020.0,4060.0,237800,0.0,0.0
2024-06-03 00:00:00+09:00,4085.0,4133.0,4080.0,4115.0,210200,0.0,0.0
2024-06-04 00:00:00+09:00,4102.0,4132.0,4100.0,4123.0,173600,0.0,0.0
2024-06-05 00:00:00+09:00,4130.0,4162.0,4122.0,4158.0,160000,0.0,0.0
2024-06-06 00:00:00+09:00,4157.0,4176.0,4140.0,4176.0,162400,0.0,0.0
2024-06-07 00:00:00+09:00,4189.0,4213.0,4177.0,4205.0,199000,0.0,0.0
2024-06-10 00:00:00+09:00,4182.0,4182.0,4130.0,4149.0,319100,0.0,0.0
2024-06-11 00:00:00+09:00,4149.0,4163.0,4100.0,4143.0,256000,0.0,0.0
2024-06-12 00:00:00+09:00,4174.0,4190.0,4144.0,4146.0,262800,0.0,0.0
2024-06-13 00:00:00+09:00,4131.0,4137.0,4082.0,4100.0,245700,0.0,0.0
2024-06-14 00:00:00+09:00,4120.0,4195.0,4102.0,4167.0,368000,0.0,0.0
