Date,Open,High,Low,Close,Volume,Dividends,Stock Splits
2016-07-20 00:00:00+09:00,6207.6923828125,6207.6923828125,6207.6923828125,6207.6923828125,0,0.0,0.0
2016-07-21 00:00:00+09:00,6630.76904296875,7923.0771484375,6538.46142578125,7261.53857421875,9904971,0.0,0.0
2016-07-22 00:00:00+09:00,7076.9228515625,7223.0771484375,6330.76904296875,6330.76904296875,3651525,0.0,0.0
2016-07-25 00:00:00+09:00,6200.0,6707.6923828125,5846.15380859375,6076.9228515625,3074553,0.0,0.0
2016-07-26 00:00:00+09:00,6038.46142578125,6600.0,5976.9228515625,6038.46142578125,1415104,0.0,0.0
2016-07-27 00:00:00+09:00,6100.0,7630.76904296875,6084.615234375,7184.615234375,7236419,0.0,0.0
2016-07-28 00:00:00+09:00,6976.9228515625,8500.0,6776.9228515625,6953.84619140625,5067120,0.0,0.0
2016-07-29 00:00:00+09:00,6953.84619140625,7961.53857421875,6869.23095703125,7884.615234375,4744976,0.0,0.0
2016-08-01 00:00:00+09:00,7769.23095703125,8346.154296875,7392.3076171875,7392.3076171875,2268818,0.0,0.0
2016-08-02 00:00:00+09:00,7392.3076171875,7769.23095703125,6692.3076171875,6692.3076171875,1404062,0.0,0.0
2016-08-03 00:00:00+09:00,6553.84619140625,6776.9228515625,6269.23095703125,6307.6923828125,924861,0.0,0.0
2016-08-04 00:00:00+09:00,6384.615234375,6961.53857421875,6361.53857421875,6492.3076171875,1126464,0.0,0.0
2016-08-05 00:00:00+09:00,6553.84619140625,6661.53857421875,6153.84619140625,6176.9228515625,623832,0.0,0.0
2016-08-08 00:00:00+09:00,6307.6923828125,6461.53857421875,6107.6923828125,6292.3076171875,520705,0.0,0.0
2016-08-09 00:00:00+09:00,6292.3076171875,6292.3076171875,5876.9228515625,6000.0,407236,0.0,0.0
2016-08-10 00:00:00+09:00,6000.0,6015.384765625,5607.6923828125,5646.15380859375,545665,0.0,0.0
2016-08-11 00:00:00+09:00,5653.84619140625,5823.0771484375,5500.0,5692.3076171875,414381,0.0,0.0
2016-08-12 00:00:00+09:00,5692.3076171875,6046.15380859375,5692.3076171875,5784.615234375,551019,0.0,0.0
2016-08-16 00:00:00+09:00,5684.615234375,5684.615234375,5338.46142578125,5346.15380859375,375005,0.0,0.0
2016-08-17 00:00:00+09:00,5346.15380859375,6269.23095703125,5200.0,5446.15380859375,1647220,0.0,0.0
2016-08-18 00:00:00+09:00,5584.615234375,5861.53857421875,5423.0771484375,5684.615234375,508800,0.0,0.0
2016-08-19 00:00:00+09:00,5761.53857421875,6053.84619140625,5676.9228515625,5753.84619140625,466409,0.0,0.0
2016-08-22 00:00:00+09:00,5761.53857421875,5769.23095703125,5553.84619140625,5669.23095703125,199461,0.0,0.0
2016-08-23 00:00:00+09:00,5561.53857421875,5615.384765625,5423.0771484375,5476.9228515625,208955,0.0,0.0
2016-08-24 00:00:00+09:00,5600.0,5600.0,5323.0771484375,5430.76904296875,108592,0.0,0.0
2016-08-25 00:00:00+09:00,5376.9228515625,5492.3076171875,5330.76904296875,5461.53857421875,186497,0.0,0.0
2016-08-26 00:00:00+09:00,5453.84619140625,5500.0,5115.384765625,5161.53857421875,301692,0.0,0.0
2016-08-29 00:00:00+09:00,5038.46142578125,5246.15380859375,4923.0771484375,4923.0771484375,230608,0.0,0.0
2016-08-30 00:00:00+09:00,4930.76904296875,5061.53857421875,4846.15380859375,4861.53857421875,117248,0.0,0.0
2016-08-31 00:00:00+09:00,4876.9228515625,5000.0,4761.53857421875,4792.3076171875,91080,0.0,0.0
2016-09-01 00:00:00+09:00,4753.84619140625,5207.6923828125,4653.84619140625,4769.23095703125,332237,0.0,0.0
2016-09-02 00:00:00+09:00,4876.9228515625,4907.6923828125,4776.9228515625,4823.0771484375,115463,0.0,0.0
2016-09-05 00:00:00+09:00,4823.0771484375,5223.0771484375,4823.0771484375,5076.9228515625,496693,0.0,0.0
2016-09-06 00:00:00+09:00,5192.3076171875,5253.84619140625,5000.0,5184.615234375,237561,0.0,0.0
2016-09-07 00:00:00+09:00,5192.3076171875,5230.76904296875,5000.0,5107.6923828125,171776,0.0,0.0
2016-09-08 00:00:00+09:00,5146.15380859375,5161.53857421875,4846.15380859375,4976.9228515625,213566,0.0,0.0
2016-09-09 00:00:00+09:00,4976.9228515625,5446.15380859375,4776.9228515625,5307.6923828125,429688,0.0,0.0
2016-09-12 00:00:00+09:00,5230.76904296875,6392.3076171875,5200.0,5853.84619140625,1841102,0.0,0.0
2016-09-13 00:00:00+09:00,6123.0771484375,6123.0771484375,5576.9228515625,5869.23095703125,456624,0.0,0.0
2016-09-19 00:00:00+09:00,5853.84619140625,5938.46142578125,5692.3076171875,5769.23095703125,260708,0.0,0.0
2016-09-20 00:00:00+09:00,5792.3076171875,6061.53857421875,5730.76904296875,5907.6923828125,388062,0.0,0.0
2016-09-21 00:00:00+09:00,6000.0,6030.76904296875,5784.615234375,5846.15380859375,371905,0.0,0.0
2016-09-22 00:00:00+09:00,5876.9228515625,5876.9228515625,5669.23095703125,5669.23095703125,214597,0.0,0.0
2016-09-23 00:00:00+09:00,5623.0771484375,5869.23095703125,5615.384765625,5684.615234375,147993,0.0,0.0
2016-09-26 00:00:00+09:00,5615.384765625,5630.76904296875,5438.46142578125,5438.46142578125,228920,0.0,0.0
2016-09-27 00:00:00+09:00,5323.0771484375,5676.9228515625,5323.0771484375,5607.6923828125,125109,0.0,0.0
2016-09-28 00:00:00+09:00,5653.84619140625,5684.615234375,5530.76904296875,5538.46142578125,160579,0.0,0.0
2016-09-29 00:00:00+09:00,5546.15380859375,5661.53857421875,5284.615234375,5415.384765625,332321,0.0,0.0
2016-09-30 00:00:00+09:00,5384.615234375,5569.23095703125,5346.15380859375,5438.46142578125,151823,0.0,0.0
2016-10-04 00:00:00+09:00,5523.0771484375,5730.76904296875,5430.76904296875,5607.6923828125,236073,0.0,0.0
2016-10-05 00:00:00+09:00,5576.9228515625,5730.76904296875,5423.0771484375,5423.0771484375,216016,0.0,0.0
2016-10-06 00:00:00+09:00,5492.3076171875,5492.3076171875,5361.53857421875,5392.3076171875,111251,0.0,0.0
2016-10-07 00:00:00+09:00,5400.0,5438.46142578125,5069.23095703125,5069.23095703125,230099,0.0,0.0
2016-10-10 00:00:00+09:00,5000.0,5192.3076171875,5000.0,5176.9228515625,66219,0.0,0.0
2016-10-11 00:00:00+09:00,5153.84619140625,6646.15380859375,5153.84619140625,5384.615234375,3811428,0.0,0.0
2016-10-12 00:00:00+09:00,5615.384765625,6038.46142578125,5446.15380859375,5553.84619140625,1699714,0.0,0.0
2016-10-13 00:00:00+09:00,5630.76904296875,5653.84619140625,5230.76904296875,5261.53857421875,470270,0.0,0.0
2016-10-14 00:00:00+09:00,5238.46142578125,5361.53857421875,5107.6923828125,5123.0771484375,244980,0.0,0.0
2016-10-17 00:00:00+09:00,5130.76904296875,5215.384765625,5015.384765625,5153.84619140625,92540,0.0,0.0
2016-10-18 00:00:00+09:00,5115.384765625,5246.15380859375,5115.384765625,5169.23095703125,136523,0.0,0.0
2016-10-19 00:00:00+09:00,5130.76904296875,5276.9228515625,5084.615234375,5084.615234375,140110,0.0,0.0
2016-10-20 00:00:00+09:00,5107.6923828125,5223.0771484375,5092.3076171875,5153.84619140625,104850,0.0,0.0
2016-10-21 00:00:00+09:00,5192.3076171875,5192.3076171875,5038.46142578125,5115.384765625,104898,0.0,0.0
2016-10-24 00:00:00+09:00,5038.46142578125,5115.384765625,4923.0771484375,4923.0771484375,126462,0.0,0.0
2016-10-25 00:00:00+09:00,4884.615234375,4992.3076171875,4815.384765625,4884.615234375,62476,0.0,0.0
2016-10-26 00:00:00+09:00,4884.615234375,4938.46142578125,4469.23095703125,4730.76904296875,238309,0.0,0.0
2016-10-27 00:00:00+09:00,4692.3076171875,4869.23095703125,4661.53857421875,4715.384765625,76263,0.0,0.0
2016-10-28 00:00:00+09:00,4715.384765625,4815.384765625,4623.0771484375,4623.0771484375,53978,0.0,0.0
2016-10-31 00:00:00+09:00,4723.0771484375,4723.0771484375,4338.46142578125,4469.23095703125,158065,0.0,0.0
2016-11-01 00:00:00+09:00,4530.76904296875,4607.6923828125,4384.615234375,4553.84619140625,43096,0.0,0.0
2016-11-02 00:00:00+09:00,4484.615234375,4576.9228515625,4307.6923828125,4307.6923828125,71995,0.0,0.0
2016-11-03 00:00:00+09:00,4123.0771484375,4392.3076171875,4123.0771484375,4246.15380859375,62756,0.0,0.0
2016-11-04 00:00:00+09:00,4246.15380859375,4423.0771484375,4200.0,4384.615234375,24373,0.0,0.0
2016-11-07 00:00:00+09:00,4376.9228515625,4453.84619140625,4323.0771484375,4384.615234375,25235,0.0,0.0
2016-11-08 00:00:00+09:00,4461.53857421875,4461.53857421875,4307.6923828125,4384.615234375,33520,0.0,0.0
2016-11-09 00:00:00+09:00,4476.9228515625,4476.9228515625,4038.46142578125,4138.46142578125,97164,0.0,0.0
2016-11-10 00:00:00+09:00,4192.3076171875,4392.3076171875,4192.3076171875,4346.15380859375,31364,0.0,0.0
2016-11-11 00:00:00+09:00,4353.84619140625,4461.53857421875,4353.84619140625,4400.0,39483,0.0,0.0
2016-11-14 00:00:00+09:00,4476.9228515625,4476.9228515625,4292.3076171875,4369.23095703125,26272,0.0,0.0
2016-11-15 00:00:00+09:00,4330.76904296875,4384.615234375,4230.76904296875,4269.23095703125,29624,0.0,0.0
2016-11-16 00:00:00+09:00,4276.9228515625,4500.0,4246.15380859375,4384.615234375,47013,0.0,0.0
2016-11-17 00:00:00+09:00,4384.615234375,4453.84619140625,4153.84619140625,4384.615234375,38637,0.0,0.0
2016-11-18 00:00:00+09:00,4453.84619140625,4453.84619140625,4315.384765625,4361.53857421875,18597,0.0,0.0
2016-11-21 00:00:00+09:00,4361.53857421875,4423.0771484375,4284.615234375,4323.0771484375,26324,0.0,0.0
2016-11-22 00:00:00+09:00,4330.76904296875,4438.46142578125,4269.23095703125,4269.23095703125,24980,0.0,0.0
2016-11-23 00:00:00+09:00,4361.53857421875,4361.53857421875,4053.84619140625,4053.84619140625,39426,0.0,0.0
2016-11-24 00:00:00+09:00,3930.769287109375,4084.615478515625,3834.615478515625,3853.84619140625,93907,0.0,0.0
2016-11-25 00:00:00+09:00,3930.769287109375,4630.76904296875,3930.769287109375,4423.0771484375,471444,0.0,0.0
2016-11-28 00:00:00+09:00,4523.0771484375,4523.0771484375,4338.46142578125,4369.23095703125,70238,0.0,0.0
2016-11-29 00:00:00+09:00,4461.53857421875,4461.53857421875,4192.3076171875,4230.76904296875,59197,0.0,0.0
2016-11-30 00:00:00+09:00,4200.0,4384.615234375,4192.3076171875,4207.6923828125,33853,0.0,0.0
2016-12-01 00:00:00+09:00,4169.23095703125,4169.23095703125,4000.0,4061.53857421875,47405,0.0,0.0
2016-12-02 00:00:00+09:00,4007.6923828125,4061.53857421875,3900.0,3946.15380859375,32442,0.0,0.0
2016-12-05 00:00:00+09:00,3946.15380859375,3961.53857421875,3823.076904296875,3823.076904296875,36336,0.0,0.0
2016-12-06 00:00:00+09:00,3876.923095703125,4369.23095703125,3876.923095703125,3946.15380859375,111650,0.0,0.0
2016-12-07 00:00:00+09:00,3946.15380859375,4092.3076171875,3876.923095703125,3884.615478515625,55197,0.0,0.0
2016-12-08 00:00:00+09:00,3884.615478515625,3984.615478515625,3823.076904296875,3861.53857421875,62728,0.0,0.0
2016-12-09 00:00:00+09:00,3861.53857421875,4084.615478515625,3842.3076171875,3976.923095703125,95430,0.0,0.0
2016-12-12 00:00:00+09:00,4053.84619140625,4146.15380859375,3992.3076171875,4076.923095703125,36766,0.0,0.0
2016-12-13 00:00:00+09:00,4038.46142578125,4138.46142578125,4038.46142578125,4138.46142578125,21308,0.0,0.0
2016-12-14 00:00:00+09:00,4138.46142578125,4230.76904296875,4107.6923828125,4200.0,33122,0.0,0.0
2016-12-15 00:00:00+09:00,4253.84619140625,4253.84619140625,4169.23095703125,4230.76904296875,33795,0.0,0.0
2016-12-16 00:00:00+09:00,4238.46142578125,4300.0,4100.0,4300.0,37460,0.0,0.0
2016-12-19 00:00:00+09:00,4423.0771484375,4900.0,4376.9228515625,4553.84619140625,728187,0.0,0.0
2016-12-20 00:00:00+09:00,4600.0,4600.0,4330.76904296875,4423.0771484375,168609,0.0,0.0
2016-12-21 00:00:00+09:00,4561.53857421875,4846.15380859375,4430.76904296875,4753.84619140625,560454,0.0,0.0
2016-12-22 00:00:00+09:00,4769.23095703125,4853.84619140625,4523.0771484375,4653.84619140625,201989,0.0,0.0
2016-12-23 00:00:00+09:00,4753.84619140625,4784.615234375,4523.0771484375,4623.0771484375,116574,0.0,0.0
2016-12-26 00:00:00+09:00,4553.84619140625,4553.84619140625,4292.3076171875,4307.6923828125,144500,0.0,0.0
2016-12-27 00:00:00+09:00,4323.0771484375,4423.0771484375,4284.615234375,4392.3076171875,47477,0.0,0.0
2016-12-28 00:00:00+09:00,4361.53857421875,4423.0771484375,4300.0,4407.6923828125,42339,0.0,0.0
2016-12-29 00:00:00+09:00,4400.0,4515.384765625,4269.23095703125,4507.6923828125,61482,0.0,0.0
2017-01-02 00:00:00+09:00,4576.9228515625,5284.615234375,4523.0771484375,5000.0,812286,0.0,0.0
2017-01-03 00:00:00+09:00,5030.76904296875,5061.53857421875,4900.0,4969.23095703125,141627,0.0,0.0
2017-01-04 00:00:00+09:00,4976.9228515625,5161.53857421875,4907.6923828125,5030.76904296875,229708,0.0,0.0
2017-01-05 00:00:00+09:00,5146.15380859375,5146.15380859375,4846.15380859375,5046.15380859375,127975,0.0,0.0
2017-01-06 00:00:00+09:00,5023.0771484375,5215.384765625,5000.0,5153.84619140625,171407,0.0,0.0
2017-01-09 00:00:00+09:00,5100.0,5138.46142578125,4900.0,5000.0,118702,0.0,0.0
2017-01-10 00:00:00+09:00,5069.23095703125,5069.23095703125,4846.15380859375,4853.84619140625,101906,0.0,0.0
2017-01-11 00:00:00+09:00,4784.615234375,5030.76904296875,4769.23095703125,4884.615234375,78440,0.0,0.0
2017-01-12 00:00:00+09:00,4884.615234375,4884.615234375,4776.9228515625,4846.15380859375,61019,0.0,0.0
2017-01-13 00:00:00+09:00,4838.46142578125,4884.615234375,4707.6923828125,4769.23095703125,95174,0.0,0.0
2017-01-16 00:00:00+09:00,4769.23095703125,4876.9228515625,4730.76904296875,4761.53857421875,45476,0.0,0.0
2017-01-17 00:00:00+09:00,4807.6923828125,4846.15380859375,4738.46142578125,4738.46142578125,43048,0.0,0.0
2017-01-18 00:00:00+09:00,4738.46142578125,4869.23095703125,4730.76904296875,4792.3076171875,31614,0.0,0.0
2017-01-19 00:00:00+09:00,4869.23095703125,4869.23095703125,4746.15380859375,4815.384765625,29313,0.0,0.0
2017-01-20 00:00:00+09:00,4846.15380859375,4846.15380859375,4692.3076171875,4692.3076171875,38669,0.0,0.0
2017-01-23 00:00:00+09:00,4623.0771484375,4653.84619140625,4538.46142578125,4546.15380859375,79082,0.0,0.0
2017-01-24 00:00:00+09:00,4676.9228515625,4676.9228515625,4330.76904296875,4438.46142578125,106671,0.0,0.0
2017-01-25 00:00:00+09:00,4507.6923828125,4638.46142578125,4400.0,4500.0,57177,0.0,0.0
2017-01-26 00:00:00+09:00,4615.384765625,4653.84619140625,4484.615234375,4615.384765625,25188,0.0,0.0
2017-01-31 00:00:00+09:00,4615.384765625,4753.84619140625,4507.6923828125,4684.615234375,42043,0.0,0.0
2017-02-01 00:00:00+09:00,4684.615234375,4792.3076171875,4684.615234375,4753.84619140625,46334,0.0,0.0
2017-02-02 00:00:00+09:00,4476.9228515625,4676.9228515625,4469.23095703125,4592.3076171875,116697,0.0,0.0
2017-02-03 00:00:00+09:00,4523.0771484375,4692.3076171875,4523.0771484375,4592.3076171875,19766,0.0,0.0
2017-02-06 00:00:00+09:00,4623.0771484375,4653.84619140625,4592.3076171875,4600.0,31423,0.0,0.0
2017-02-07 00:00:00+09:00,4692.3076171875,4692.3076171875,4515.384765625,4546.15380859375,39332,0.0,0.0
2017-02-08 00:00:00+09:00,4630.76904296875,4638.46142578125,4423.0771484375,4500.0,57427,0.0,0.0
2017-02-09 00:00:00+09:00,4423.0771484375,4515.384765625,4346.15380859375,4515.384765625,28016,0.0,0.0
2017-02-10 00:00:00+09:00,4461.53857421875,4515.384765625,4346.15380859375,4469.23095703125,105912,0.0,0.0
2017-02-13 00:00:00+09:00,4469.23095703125,4961.53857421875,4376.9228515625,4815.384765625,510256,0.0,0.0
2017-02-14 00:00:00+09:00,4846.15380859375,4907.6923828125,4661.53857421875,4784.615234375,146585,0.0,0.0
2017-02-15 00:00:00+09:00,4784.615234375,4923.0771484375,4707.6923828125,4892.3076171875,126873,0.0,0.0
2017-02-16 00:00:00+09:00,4915.384765625,4953.84619140625,4807.6923828125,4884.615234375,95720,0.0,0.0
2017-02-17 00:00:00+09:00,4853.84619140625,4853.84619140625,4646.15380859375,4653.84619140625,132394,0.0,0.0
2017-02-20 00:00:00+09:00,4623.0771484375,4723.0771484375,4500.0,4538.46142578125,77273,0.0,0.0
2017-02-21 00:00:00+09:00,4546.15380859375,4646.15380859375,4507.6923828125,4546.15380859375,27848,0.0,0.0
2017-02-22 00:00:00+09:00,4538.46142578125,4561.53857421875,4423.0771484375,4446.15380859375,73631,0.0,0.0
2017-02-23 00:00:00+09:00,4446.15380859375,4507.6923828125,4392.3076171875,4423.0771484375,56538,0.0,0.0
2017-02-24 00:00:00+09:00,4400.0,4461.53857421875,4238.46142578125,4261.53857421875,124300,0.0,0.0
2017-02-27 00:00:00+09:00,4269.23095703125,4269.23095703125,4130.76904296875,4176.9228515625,61771,0.0,0.0
2017-02-28 00:00:00+09:00,4192.3076171875,4400.0,4161.53857421875,4261.53857421875,90544,0.0,0.0
2017-03-02 00:00:00+09:00,4300.0,4300.0,4184.615234375,4230.76904296875,22924,0.0,0.0
2017-03-03 00:00:00+09:00,4192.3076171875,4261.53857421875,4053.84619140625,4069.230712890625,67269,0.0,0.0
2017-03-06 00:00:00+09:00,4038.46142578125,4115.384765625,3976.923095703125,4030.769287109375,24139,0.0,0.0
2017-03-07 00:00:00+09:00,4030.769287109375,4130.76904296875,3946.15380859375,4115.384765625,27402,0.0,0.0
2017-03-08 00:00:00+09:00,4115.384765625,4153.84619140625,4053.84619140625,4092.3076171875,10585,0.0,0.0
2017-03-09 00:00:00+09:00,4061.53857421875,4092.3076171875,3984.615478515625,4053.84619140625,25475,0.0,0.0
2017-03-10 00:00:00+09:00,4053.84619140625,4123.0771484375,3900.0,4115.384765625,37763,0.0,0.0
2017-03-13 00:00:00+09:00,4115.384765625,4307.6923828125,4007.6923828125,4261.53857421875,49420,0.0,0.0
2017-03-14 00:00:00+09:00,4300.0,4300.0,4046.15380859375,4053.84619140625,60828,0.0,0.0
2017-03-15 00:00:00+09:00,4053.84619140625,4176.9228515625,4030.769287109375,4130.76904296875,42759,0.0,0.0
2017-03-16 00:00:00+09:00,4069.230712890625,4415.384765625,4069.230712890625,4300.0,112625,0.0,0.0
2017-03-17 00:00:00+09:00,4269.23095703125,4330.76904296875,4184.615234375,4276.9228515625,41433,0.0,0.0
2017-03-20 00:00:00+09:00,4230.76904296875,4307.6923828125,4223.0771484375,4276.9228515625,22001,0.0,0.0
2017-03-21 00:00:00+09:00,4246.15380859375,4300.0,4176.9228515625,4246.15380859375,19607,0.0,0.0
2017-03-22 00:00:00+09:00,4246.15380859375,4284.615234375,4161.53857421875,4238.46142578125,27316,0.0,0.0
2017-03-23 00:00:00+09:00,4261.53857421875,4261.53857421875,4130.76904296875,4130.76904296875,29253,0.0,0.0
2017-03-24 00:00:00+09:00,4084.615478515625,4192.3076171875,4061.53857421875,4138.46142578125,34750,0.0,0.0
2017-03-27 00:00:00+09:00,4184.615234375,4184.615234375,4030.769287109375,4069.230712890625,10107,0.0,0.0
2017-03-28 00:00:00+09:00,4069.230712890625,4115.384765625,3884.615478515625,4076.923095703125,53045,0.0,0.0
2017-03-29 00:00:00+09:00,4123.0771484375,4246.15380859375,4023.076904296875,4246.15380859375,40554,0.0,0.0
2017-03-30 00:00:00+09:00,4461.53857421875,4676.9228515625,4115.384765625,4253.84619140625,522121,0.0,0.0
2017-03-31 00:00:00+09:00,4253.84619140625,4346.15380859375,4092.3076171875,4100.0,60954,0.0,0.0
2017-04-03 00:00:00+09:00,4053.84619140625,4161.53857421875,4046.15380859375,4076.923095703125,41078,0.0,0.0
2017-04-04 00:00:00+09:00,4076.923095703125,4153.84619140625,4046.15380859375,4115.384765625,38929,0.0,0.0
2017-04-05 00:00:00+09:00,4107.6923828125,4269.23095703125,4092.3076171875,4176.9228515625,43327,0.0,0.0
2017-04-06 00:00:00+09:00,4176.9228515625,4207.6923828125,4092.3076171875,4153.84619140625,39302,0.0,0.0
2017-04-07 00:00:00+09:00,4192.3076171875,4246.15380859375,4138.46142578125,4200.0,20151,0.0,0.0
2017-04-10 00:00:00+09:00,4192.3076171875,4223.0771484375,4038.46142578125,4069.230712890625,49973,0.0,0.0
2017-04-11 00:00:00+09:00,4123.0771484375,4130.76904296875,3976.923095703125,4061.53857421875,33507,0.0,0.0
2017-04-12 00:00:00+09:00,4038.46142578125,4107.6923828125,3961.53857421875,4023.076904296875,52042,0.0,0.0
2017-04-13 00:00:00+09:00,4023.076904296875,4161.53857421875,3976.923095703125,4046.15380859375,29076,0.0,0.0
2017-04-14 00:00:00+09:00,4107.6923828125,4153.84619140625,3938.46142578125,3976.923095703125,52925,0.0,0.0
2017-04-17 00:00:00+09:00,3961.53857421875,4176.9228515625,3961.53857421875,4015.384521484375,40223,0.0,0.0
2017-04-18 00:00:00+09:00,4107.6923828125,4107.6923828125,3992.3076171875,4053.84619140625,15003,0.0,0.0
2017-04-19 00:00:00+09:00,4123.0771484375,4123.0771484375,4000.0,4038.46142578125,18845,0.0,0.0
2017-04-20 00:00:00+09:00,4030.769287109375,4107.6923828125,3976.923095703125,4023.076904296875,26006,0.0,0.0
2017-04-21 00:00:00+09:00,4076.923095703125,4092.3076171875,3969.230712890625,3969.230712890625,23165,0.0,0.0
2017-04-24 00:00:00+09:00,4092.3076171875,4092.3076171875,3923.076904296875,3961.53857421875,49775,0.0,0.0
2017-04-25 00:00:00+09:00,4015.384521484375,4053.84619140625,3961.53857421875,4030.769287109375,28075,0.0,0.0
2017-04-26 00:00:00+09:00,4000.0,4100.0,4000.0,4061.53857421875,28685,0.0,0.0
2017-04-27 00:00:00+09:00,4038.46142578125,4115.384765625,4023.076904296875,4061.53857421875,18024,0.0,0.0
2017-04-28 00:00:00+09:00,4115.384765625,4115.384765625,4030.769287109375,4069.230712890625,41898,0.0,0.0
2017-05-02 00:00:00+09:00,4046.15380859375,4146.15380859375,4038.46142578125,4100.0,16327,0.0,0.0
2017-05-04 00:00:00+09:00,4161.53857421875,4161.53857421875,4038.46142578125,4100.0,23616,0.0,0.0
2017-05-08 00:00:00+09:00,4161.53857421875,4161.53857421875,4061.53857421875,4146.15380859375,24975,0.0,0.0
2017-05-10 00:00:00+09:00,4115.384765625,4138.46142578125,4000.0,4000.0,29954,0.0,0.0
2017-05-11 00:00:00+09:00,4007.6923828125,4076.923095703125,3953.84619140625,4038.46142578125,31307,0.0,0.0
2017-05-12 00:00:00+09:00,4046.15380859375,4053.84619140625,3961.53857421875,4023.076904296875,32878,0.0,0.0
2017-05-15 00:00:00+09:00,3923.076904296875,3961.53857421875,3842.3076171875,3869.230712890625,81087,0.0,0.0
2017-05-16 00:00:00+09:00,3861.53857421875,3938.46142578125,3738.46142578125,3773.076904296875,60708,0.0,0.0
2017-05-17 00:00:00+09:00,3811.53857421875,3834.615478515625,3715.384521484375,3761.53857421875,19831,0.0,0.0
2017-05-18 00:00:00+09:00,3761.53857421875,3819.230712890625,3700.0,3730.769287109375,21760,0.0,0.0
2017-05-19 00:00:00+09:00,3696.15380859375,3773.076904296875,3696.15380859375,3715.384521484375,22016,0.0,0.0
2017-05-22 00:00:00+09:00,3792.3076171875,3800.0,3696.15380859375,3738.46142578125,30744,0.0,0.0
2017-05-23 00:00:00+09:00,3738.46142578125,3846.15380859375,3738.46142578125,3800.0,51442,0.0,0.0
2017-05-24 00:00:00+09:00,3846.15380859375,3846.15380859375,3746.15380859375,3769.230712890625,29875,0.0,0.0
2017-05-25 00:00:00+09:00,3776.923095703125,3807.6923828125,3746.15380859375,3784.615478515625,9301,0.0,0.0
2017-05-26 00:00:00+09:00,3757.6923828125,3846.15380859375,3684.615478515625,3780.769287109375,41116,0.0,0.0
2017-05-29 00:00:00+09:00,3803.84619140625,3803.84619140625,3684.615478515625,3696.15380859375,37056,0.0,0.0
2017-05-30 00:00:00+09:00,3696.15380859375,3734.615478515625,3592.3076171875,3657.6923828125,54234,0.0,0.0
2017-05-31 00:00:00+09:00,3692.3076171875,3692.3076171875,3550.0,3557.6923828125,72723,0.0,0.0
2017-06-01 00:00:00+09:00,3576.923095703125,3642.3076171875,3515.384521484375,3580.769287109375,36020,0.0,0.0
2017-06-02 00:00:00+09:00,3580.769287109375,3692.3076171875,3565.384521484375,3626.923095703125,37289,0.0,0.0
2017-06-05 00:00:00+09:00,3646.15380859375,3688.46142578125,3584.615478515625,3650.0,32355,0.0,0.0
2017-06-07 00:00:00+09:00,3611.53857421875,3673.076904296875,3611.53857421875,3638.46142578125,29049,0.0,0.0
2017-06-08 00:00:00+09:00,3665.384521484375,3665.384521484375,3561.53857421875,3619.230712890625,43036,0.0,0.0
2017-06-09 00:00:00+09:00,3603.84619140625,3626.923095703125,3538.46142578125,3546.15380859375,60397,0.0,0.0
2017-06-12 00:00:00+09:00,3530.769287109375,3619.230712890625,3530.769287109375,3565.384521484375,78517,0.0,0.0
2017-06-13 00:00:00+09:00,3534.615478515625,3688.46142578125,3534.615478515625,3653.84619140625,76742,0.0,0.0
2017-06-14 00:00:00+09:00,3676.923095703125,3773.076904296875,3661.53857421875,3703.84619140625,49938,0.0,0.0
2017-06-15 00:00:00+09:00,3696.15380859375,3757.6923828125,3696.15380859375,3723.076904296875,62243,0.0,0.0
2017-06-16 00:00:00+09:00,3753.84619140625,3753.84619140625,3673.076904296875,3719.230712890625,16508,0.0,0.0
2017-06-19 00:00:00+09:00,3661.53857421875,3719.230712890625,3653.84619140625,3669.230712890625,21374,0.0,0.0
2017-06-20 00:00:00+09:00,3646.15380859375,3730.769287109375,3623.076904296875,3638.46142578125,21907,0.0,0.0
2017-06-21 00:00:00+09:00,3600.0,3638.46142578125,3565.384521484375,3569.230712890625,31500,0.0,0.0
2017-06-22 00:00:00+09:00,3561.53857421875,3569.230712890625,3376.923095703125,3403.84619140625,146230,0.0,0.0
2017-06-23 00:00:00+09:00,3400.0,3484.615478515625,3369.230712890625,3430.769287109375,41166,0.0,0.0
2017-06-26 00:00:00+09:00,3430.769287109375,3434.615478515625,3350.0,3357.6923828125,25344,0.0,0.0
2017-06-27 00:00:00+09:00,3426.923095703125,3426.923095703125,3338.46142578125,3400.0,26761,0.0,0.0
2017-06-28 00:00:00+09:00,3430.769287109375,3442.3076171875,3353.84619140625,3380.769287109375,21934,0.0,0.0
2017-06-29 00:00:00+09:00,3419.230712890625,3419.230712890625,3269.230712890625,3365.384521484375,38615,0.0,0.0
2017-06-30 00:00:00+09:00,3380.769287109375,3380.769287109375,3300.0,3365.384521484375,13393,0.0,0.0
2017-07-03 00:00:00+09:00,3288.46142578125,3334.615478515625,3288.46142578125,3292.3076171875,32183,0.0,0.0
2017-07-04 00:00:00+09:00,3296.15380859375,3350.0,3280.769287109375,3330.769287109375,19078,0.0,0.0
2017-07-05 00:00:00+09:00,3365.384521484375,3369.230712890625,3326.923095703125,3365.384521484375,7461,0.0,0.0
2017-07-06 00:00:00+09:00,3396.15380859375,3496.15380859375,3338.46142578125,3369.230712890625,32350,0.0,0.0
2017-07-07 00:00:00+09:00,3323.076904296875,3423.076904296875,3307.6923828125,3388.46142578125,25388,0.0,0.0
2017-07-10 00:00:00+09:00,3384.615478515625,3384.615478515625,3261.53857421875,3303.84619140625,26496,0.0,0.0
2017-07-11 00:00:00+09:00,3323.076904296875,3403.84619140625,3276.923095703125,3369.230712890625,14236,0.0,0.0
2017-07-12 00:00:00+09:00,3380.769287109375,4307.6923828125,3353.84619140625,3534.615478515625,1668058,0.0,0.0
2017-07-13 00:00:00+09:00,3500.0,3580.769287109375,3411.53857421875,3438.46142578125,361247,0.0,0.0
2017-07-14 00:00:00+09:00,3438.46142578125,3496.15380859375,3376.923095703125,3396.15380859375,172192,0.0,0.0
2017-07-17 00:00:00+09:00,3403.84619140625,3465.384521484375,3396.15380859375,3400.0,71498,0.0,0.0
2017-07-18 00:00:00+09:00,3442.3076171875,3526.923095703125,3411.53857421875,3442.3076171875,129522,0.0,0.0
2017-07-19 00:00:00+09:00,3446.15380859375,3600.0,3411.53857421875,3465.384521484375,143870,0.0,0.0
2017-07-20 00:00:00+09:00,3469.230712890625,3561.53857421875,3469.230712890625,3515.384521484375,70088,0.0,0.0
2017-07-21 00:00:00+09:00,3496.15380859375,3676.923095703125,3484.615478515625,3615.384521484375,133175,0.0,0.0
2017-07-24 00:00:00+09:00,3603.84619140625,3784.615478515625,3538.46142578125,3626.923095703125,116053,0.0,0.0
2017-07-25 00:00:00+09:00,3603.84619140625,3742.3076171875,3584.615478515625,3607.6923828125,69857,0.0,0.0
2017-07-26 00:00:00+09:00,3661.53857421875,3669.230712890625,3500.0,3515.384521484375,36980,0.0,0.0
2017-07-27 00:00:00+09:00,3607.6923828125,3607.6923828125,3492.3076171875,3553.84619140625,22086,0.0,0.0
2017-07-28 00:00:00+09:00,3600.0,3600.0,3361.53857421875,3423.076904296875,51932,0.0,0.0
2017-07-31 00:00:00+09:00,3407.6923828125,3453.84619140625,3276.923095703125,3326.923095703125,57046,0.0,0.0
2017-08-01 00:00:00+09:00,3161.53857421875,3384.615478515625,3161.53857421875,3307.6923828125,41580,0.0,0.0
2017-08-02 00:00:00+09:00,3307.6923828125,3346.15380859375,3300.0,3307.6923828125,16084,0.0,0.0
2017-08-03 00:00:00+09:00,3353.84619140625,3353.84619140625,3192.3076171875,3292.3076171875,31297,0.0,0.0
2017-08-04 00:00:00+09:00,3292.3076171875,3292.3076171875,3196.15380859375,3230.769287109375,23342,0.0,0.0
2017-08-07 00:00:00+09:00,3219.230712890625,3346.15380859375,3211.53857421875,3261.53857421875,8176,0.0,0.0
2017-08-08 00:00:00+09:00,3319.230712890625,3380.769287109375,3223.076904296875,3280.769287109375,40024,0.0,0.0
2017-08-09 00:00:00+09:00,3280.769287109375,3338.46142578125,3142.3076171875,3192.3076171875,43399,0.0,0.0
2017-08-10 00:00:00+09:00,3161.53857421875,3265.384521484375,3123.076904296875,3207.6923828125,30600,0.0,0.0
2017-08-11 00:00:00+09:00,3207.6923828125,3207.6923828125,3130.769287109375,3188.46142578125,11867,0.0,0.0
2017-08-14 00:00:00+09:00,3188.46142578125,3188.46142578125,3026.923095703125,3115.384521484375,25803,0.0,0.0
2017-08-16 00:00:00+09:00,3107.6923828125,3207.6923828125,3080.769287109375,3111.53857421875,14826,0.0,0.0
2017-08-17 00:00:00+09:00,3142.3076171875,3246.15380859375,3065.384521484375,3230.769287109375,27258,0.0,0.0
2017-08-18 00:00:00+09:00,3261.53857421875,3307.6923828125,3053.84619140625,3215.384521484375,37459,0.0,0.0
2017-08-21 00:00:00+09:00,3215.384521484375,3307.6923828125,3146.15380859375,3226.923095703125,1939,0.0,0.0
2017-08-22 00:00:00+09:00,3153.84619140625,3296.15380859375,3153.84619140625,3253.84619140625,20070,0.0,0.0
2017-08-23 00:00:00+09:00,3292.3076171875,3292.3076171875,3184.615478515625,3230.769287109375,8681,0.0,0.0
2017-08-24 00:00:00+09:00,3176.923095703125,3269.230712890625,3176.923095703125,3230.769287109375,4811,0.0,0.0
2017-08-25 00:00:00+09:00,3265.384521484375,3288.46142578125,3076.923095703125,3203.84619140625,16563,0.0,0.0
2017-08-28 00:00:00+09:00,3261.53857421875,3261.53857421875,3107.6923828125,3107.6923828125,52198,0.0,0.0
2017-08-29 00:00:00+09:00,3107.6923828125,3207.6923828125,3100.0,3173.076904296875,16041,0.0,0.0
2017-08-30 00:00:00+09:00,3196.15380859375,3196.15380859375,3103.84619140625,3126.923095703125,27060,0.0,0.0
2017-08-31 00:00:00+09:00,3157.6923828125,3215.384521484375,3115.384521484375,3115.384521484375,24914,0.0,0.0
2017-09-01 00:00:00+09:00,3192.3076171875,3192.3076171875,3119.230712890625,3165.384521484375,3980,0.0,0.0
2017-09-04 00:00:00+09:00,3157.6923828125,3157.6923828125,3057.6923828125,3138.46142578125,20260,0.0,0.0
2017-09-05 00:00:00+09:00,3096.15380859375,3176.923095703125,3073.076904296875,3161.53857421875,42873,0.0,0.0
2017-09-06 00:00:00+09:00,3111.53857421875,3180.769287109375,3100.0,3173.076904296875,34262,0.0,0.0
2017-09-07 00:00:00+09:00,3246.15380859375,3769.230712890625,3211.53857421875,3215.384521484375,1350389,0.0,0.0
2017-09-08 00:00:00+09:00,3200.0,3219.230712890625,3088.46142578125,3111.53857421875,140706,0.0,0.0
2017-09-11 00:00:00+09:00,3111.53857421875,3153.84619140625,3092.3076171875,3103.84619140625,45011,0.0,0.0
2017-09-12 00:00:00+09:00,3092.3076171875,3130.769287109375,3076.923095703125,3123.076904296875,41139,0.0,0.0
2017-09-13 00:00:00+09:00,3103.84619140625,3165.384521484375,3103.84619140625,3123.076904296875,17549,0.0,0.0
2017-09-14 00:00:00+09:00,3107.6923828125,3157.6923828125,3100.0,3142.3076171875,26205,0.0,0.0
2017-09-15 00:00:00+09:00,3142.3076171875,3169.230712890625,3111.53857421875,3111.53857421875,8192,0.0,0.0
2017-09-18 00:00:00+09:00,3096.15380859375,3123.076904296875,3096.15380859375,3107.6923828125,19599,0.0,0.0
2017-09-19 00:00:00+09:00,3100.0,3407.6923828125,3100.0,3142.3076171875,121793,0.0,0.0
2017-09-20 00:00:00+09:00,3196.15380859375,3196.15380859375,3130.769287109375,3138.46142578125,21912,0.0,0.0
2017-09-21 00:00:00+09:00,3088.46142578125,3134.615478515625,3084.615478515625,3084.615478515625,36471,0.0,0.0
2017-09-25 00:00:00+09:00,3038.46142578125,3111.53857421875,2923.076904296875,2992.3076171875,44361,0.0,0.0
2017-09-26 00:00:00+09:00,2846.15380859375,2980.769287109375,2846.15380859375,2900.0,55147,0.0,0.0
2017-09-27 00:00:00+09:00,2888.46142578125,2957.6923828125,2788.46142578125,2865.384521484375,34590,0.0,0.0
2017-09-28 00:00:00+09:00,2853.84619140625,3061.53857421875,2853.84619140625,2961.53857421875,6586,0.0,0.0
2017-09-29 00:00:00+09:00,2923.076904296875,3038.46142578125,2911.53857421875,2976.923095703125,14354,0.0,0.0
2017-10-10 00:00:00+09:00,2888.46142578125,3061.53857421875,2888.46142578125,3011.53857421875,9307,0.0,0.0
2017-10-11 00:00:00+09:00,2915.384521484375,3069.230712890625,2915.384521484375,3003.84619140625,6752,0.0,0.0
2017-10-12 00:00:00+09:00,2980.769287109375,3061.53857421875,2950.0,3038.46142578125,27683,0.0,0.0
2017-10-13 00:00:00+09:00,2984.615478515625,3030.769287109375,2942.3076171875,2942.3076171875,31663,0.0,0.0
2017-10-16 00:00:00+09:00,2992.3076171875,2992.3076171875,2830.769287109375,2846.15380859375,37409,0.0,0.0
2017-10-17 00:00:00+09:00,2823.076904296875,2984.615478515625,2811.53857421875,2957.6923828125,20685,0.0,0.0
2017-10-18 00:00:00+09:00,2907.6923828125,3030.769287109375,2907.6923828125,2996.15380859375,10502,0.0,0.0
2017-10-19 00:00:00+09:00,2953.84619140625,3034.615478515625,2953.84619140625,3003.84619140625,7490,0.0,0.0
2017-10-20 00:00:00+09:00,3015.384521484375,3030.769287109375,2953.84619140625,3003.84619140625,7798,0.0,0.0
2017-10-23 00:00:00+09:00,2976.923095703125,3026.923095703125,2965.384521484375,2965.384521484375,7312,0.0,0.0
2017-10-24 00:00:00+09:00,2950.0,3023.076904296875,2930.769287109375,2957.6923828125,10069,0.0,0.0
2017-10-25 00:00:00+09:00,2969.230712890625,3015.384521484375,2919.230712890625,2926.923095703125,6199,0.0,0.0
2017-10-26 00:00:00+09:00,2884.615478515625,2992.3076171875,2884.615478515625,2923.076904296875,3050,0.0,0.0
2017-10-27 00:00:00+09:00,2973.076904296875,2973.076904296875,2884.615478515625,2907.6923828125,22865,0.0,0.0
2017-10-30 00:00:00+09:00,2888.46142578125,2973.076904296875,2880.769287109375,2938.46142578125,10203,0.0,0.0
2017-10-31 00:00:00+09:00,2961.53857421875,3007.6923828125,2903.84619140625,3003.84619140625,11491,0.0,0.0
2017-11-01 00:00:00+09:00,3023.076904296875,3023.076904296875,2915.384521484375,2988.46142578125,19365,0.0,0.0
2017-11-02 00:00:00+09:00,2946.15380859375,2976.923095703125,2884.615478515625,2884.615478515625,13993,0.0,0.0
2017-11-03 00:00:00+09:00,2923.076904296875,3069.230712890625,2911.53857421875,2976.923095703125,22145,0.0,0.0
2017-11-06 00:00:00+09:00,2976.923095703125,3061.53857421875,2903.84619140625,2907.6923828125,10267,0.0,0.0
2017-11-07 00:00:00+09:00,2907.6923828125,2988.46142578125,2846.15380859375,2923.076904296875,23503,0.0,0.0
2017-11-08 00:00:00+09:00,3000.0,3000.0,2861.53857421875,2869.230712890625,13171,0.0,0.0
2017-11-09 00:00:00+09:00,2907.6923828125,2946.15380859375,2869.230712890625,2923.076904296875,13028,0.0,0.0
2017-11-10 00:00:00+09:00,2915.384521484375,3100.0,2884.615478515625,2996.15380859375,34158,0.0,0.0
2017-11-13 00:00:00+09:00,2996.15380859375,3169.230712890625,2996.15380859375,3046.15380859375,18691,0.0,0.0
2017-11-14 00:00:00+09:00,3026.923095703125,3153.84619140625,3019.230712890625,3046.15380859375,7511,0.0,0.0
2017-11-15 00:00:00+09:00,3030.769287109375,3053.84619140625,2969.230712890625,3026.923095703125,21261,0.0,0.0
2017-11-16 00:00:00+09:00,2965.384521484375,3026.923095703125,2907.6923828125,3011.53857421875,92289,0.0,0.0
2017-11-17 00:00:00+09:00,2984.615478515625,3076.923095703125,2938.46142578125,2961.53857421875,17443,0.0,0.0
2017-11-20 00:00:00+09:00,2950.0,3023.076904296875,2903.84619140625,2957.6923828125,18487,0.0,0.0
2017-11-21 00:00:00+09:00,2930.769287109375,3030.769287109375,2850.0,2880.769287109375,40658,0.0,0.0
2017-11-22 00:00:00+09:00,2865.384521484375,2973.076904296875,2819.230712890625,2857.6923828125,12296,0.0,0.0
2017-11-23 00:00:00+09:00,2846.15380859375,2957.6923828125,2846.15380859375,2938.46142578125,65983,0.0,0.0
2017-11-24 00:00:00+09:00,2938.46142578125,2996.15380859375,2903.84619140625,2938.46142578125,19299,0.0,0.0
2017-11-27 00:00:00+09:00,2938.46142578125,3023.076904296875,2853.84619140625,2930.769287109375,8499,0.0,0.0
2017-11-28 00:00:00+09:00,2907.6923828125,2953.84619140625,2884.615478515625,2903.84619140625,7220,0.0,0.0
2017-11-29 00:00:00+09:00,2888.46142578125,2976.923095703125,2869.230712890625,2903.84619140625,9569,0.0,0.0
2017-11-30 00:00:00+09:00,2857.6923828125,3261.53857421875,2857.6923828125,3003.84619140625,224626,0.0,0.0
2017-12-01 00:00:00+09:00,3007.6923828125,3188.46142578125,2969.230712890625,3180.769287109375,159734,0.0,0.0
2017-12-04 00:00:00+09:00,3200.0,3346.15380859375,3180.769287109375,3276.923095703125,179175,0.0,0.0
2017-12-05 00:00:00+09:00,3292.3076171875,3453.84619140625,3161.53857421875,3238.46142578125,270934,0.0,0.0
2017-12-06 00:00:00+09:00,3192.3076171875,3238.46142578125,3076.923095703125,3076.923095703125,48878,0.0,0.0
2017-12-07 00:00:00+09:00,3080.769287109375,3146.15380859375,3000.0,3076.923095703125,56781,0.0,0.0
2017-12-08 00:00:00+09:00,3038.46142578125,3103.84619140625,2961.53857421875,3053.84619140625,67702,0.0,0.0
2017-12-11 00:00:00+09:00,3184.615478515625,3600.0,3130.769287109375,3130.769287109375,449537,0.0,0.0
2017-12-12 00:00:00+09:00,3030.769287109375,3146.15380859375,2996.15380859375,3046.15380859375,115572,0.0,0.0
2017-12-13 00:00:00+09:00,3030.769287109375,3157.6923828125,3030.769287109375,3061.53857421875,48326,0.0,0.0
2017-12-14 00:00:00+09:00,3053.84619140625,3096.15380859375,3000.0,3023.076904296875,39344,0.0,0.0
2017-12-15 00:00:00+09:00,3000.0,3057.6923828125,2961.53857421875,3003.84619140625,78060,0.0,0.0
2017-12-18 00:00:00+09:00,3003.84619140625,3103.84619140625,3003.84619140625,3076.923095703125,70735,0.0,0.0
2017-12-19 00:00:00+09:00,3076.923095703125,3138.46142578125,3038.46142578125,3123.076904296875,50903,0.0,0.0
2017-12-21 00:00:00+09:00,2888.46142578125,2984.615478515625,2869.230712890625,2869.230712890625,42859,0.0,0.0
2017-12-22 00:00:00+09:00,2846.15380859375,2923.076904296875,2792.3076171875,2792.3076171875,55726,0.0,0.0
2017-12-26 00:00:00+09:00,2800.0,3076.923095703125,2800.0,2869.230712890625,53463,0.0,0.0
2017-12-27 00:00:00+09:00,2850.0,2957.6923828125,2846.15380859375,2950.0,13361,0.0,0.0
2017-12-28 00:00:00+09:00,2938.46142578125,2980.769287109375,2884.615478515625,2965.384521484375,18942,0.0,0.0
2018-01-02 00:00:00+09:00,2969.230712890625,2980.769287109375,2907.6923828125,2953.84619140625,32982,0.0,0.0
2018-01-03 00:00:00+09:00,2930.769287109375,2961.53857421875,2911.53857421875,2957.6923828125,16157,0.0,0.0
2018-01-04 00:00:00+09:00,2930.769287109375,3042.3076171875,2892.3076171875,2953.84619140625,12843,0.0,0.0
2018-01-05 00:00:00+09:00,2903.84619140625,2992.3076171875,2884.615478515625,2903.84619140625,17283,0.0,0.0
2018-01-08 00:00:00+09:00,2903.84619140625,2950.0,2819.230712890625,2850.0,56243,0.0,0.0
2018-01-09 00:00:00+09:00,2850.0,2861.53857421875,2807.6923828125,2838.46142578125,34145,0.0,0.0
2018-01-10 00:00:00+09:00,2865.384521484375,2915.384521484375,2784.615478515625,2888.46142578125,29944,0.0,0.0
2018-01-11 00:00:00+09:00,2888.46142578125,2888.46142578125,2815.384521484375,2876.923095703125,36397,0.0,0.0
2018-01-12 00:00:00+09:00,2834.615478515625,2884.615478515625,2811.53857421875,2826.923095703125,47720,0.0,0.0
2018-01-15 00:00:00+09:00,2915.384521484375,2915.384521484375,2811.53857421875,2853.84619140625,45503,0.0,0.0
2018-01-16 00:00:00+09:00,2846.15380859375,2911.53857421875,2834.615478515625,2838.46142578125,57140,0.0,0.0
2018-01-17 00:00:00+09:00,2846.15380859375,2884.615478515625,2726.923095703125,2846.15380859375,79150,0.0,0.0
2018-01-18 00:00:00+09:00,2807.6923828125,2930.769287109375,2807.6923828125,2873.076904296875,71155,0.0,0.0
2018-01-19 00:00:00+09:00,2876.923095703125,2992.3076171875,2876.923095703125,2988.46142578125,50504,0.0,0.0
2018-01-22 00:00:00+09:00,3000.0,3053.84619140625,2950.0,3023.076904296875,80742,0.0,0.0
2018-01-23 00:00:00+09:00,3034.615478515625,3207.6923828125,2980.769287109375,3203.84619140625,103905,0.0,0.0
2018-01-24 00:00:00+09:00,3230.769287109375,3257.6923828125,3146.15380859375,3188.46142578125,72686,0.0,0.0
2018-01-25 00:00:00+09:00,3188.46142578125,3292.3076171875,3150.0,3215.384521484375,41130,0.0,0.0
2018-01-26 00:00:00+09:00,3250.0,3342.3076171875,3153.84619140625,3315.384521484375,105708,0.0,0.0
2018-01-29 00:00:00+09:00,3315.384521484375,3334.615478515625,3246.15380859375,3273.076904296875,51409,0.0,0.0
2018-01-30 00:00:00+09:00,3273.076904296875,3288.46142578125,3165.384521484375,3246.15380859375,36336,0.0,0.0
2018-01-31 00:00:00+09:00,3276.923095703125,3276.923095703125,3192.3076171875,3203.84619140625,19707,0.0,0.0
2018-02-01 00:00:00+09:00,3300.0,3300.0,3176.923095703125,3223.076904296875,41850,0.0,0.0
2018-02-02 00:00:00+09:00,3223.076904296875,3326.923095703125,3180.769287109375,3261.53857421875,44982,0.0,0.0
2018-02-05 00:00:00+09:00,3253.84619140625,3253.84619140625,3130.769287109375,3153.84619140625,16707,0.0,0.0
2018-02-06 00:00:00+09:00,3046.15380859375,3134.615478515625,2900.0,3007.6923828125,99817,0.0,0.0
2018-02-07 00:00:00+09:00,3115.384521484375,3184.615478515625,3019.230712890625,3038.46142578125,23858,0.0,0.0
2018-02-08 00:00:00+09:00,3057.6923828125,3176.923095703125,3053.84619140625,3115.384521484375,28151,0.0,0.0
2018-02-09 00:00:00+09:00,2969.230712890625,3119.230712890625,2969.230712890625,3092.3076171875,23207,0.0,0.0
2018-02-12 00:00:00+09:00,3092.3076171875,3153.84619140625,3023.076904296875,3042.3076171875,17191,0.0,0.0
2018-02-13 00:00:00+09:00,3030.769287109375,3076.923095703125,3000.0,3076.923095703125,16646,0.0,0.0
2018-02-14 00:00:00+09:00,3038.46142578125,3176.923095703125,2984.615478515625,3076.923095703125,26396,0.0,0.0
2018-02-19 00:00:00+09:00,3076.923095703125,3184.615478515625,3019.230712890625,3115.384521484375,14086,0.0,0.0
2018-02-20 00:00:00+09:00,3042.3076171875,3080.769287109375,3015.384521484375,3053.84619140625,26759,0.0,0.0
2018-02-21 00:00:00+09:00,3053.84619140625,3123.076904296875,3026.923095703125,3053.84619140625,38004,0.0,0.0
2018-02-22 00:00:00+09:00,3169.230712890625,3615.384521484375,3088.46142578125,3234.615478515625,1887390,0.0,0.0
2018-02-23 00:00:00+09:00,3284.615478515625,3807.6923828125,3265.384521484375,3646.15380859375,2147534,0.0,0.0
2018-02-26 00:00:00+09:00,3761.53857421875,3792.3076171875,3592.3076171875,3646.15380859375,678380,0.0,0.0
2018-02-27 00:00:00+09:00,3538.46142578125,3546.15380859375,3373.076904296875,3373.076904296875,454031,0.0,0.0
2018-02-28 00:00:00+09:00,3342.3076171875,3438.46142578125,3284.615478515625,3365.384521484375,176091,0.0,0.0
2018-03-02 00:00:00+09:00,3307.6923828125,3576.923095703125,3307.6923828125,3576.923095703125,286159,0.0,0.0
2018-03-05 00:00:00+09:00,3592.3076171875,3688.46142578125,3453.84619140625,3492.3076171875,276074,0.0,0.0
2018-03-06 00:00:00+09:00,3565.384521484375,3726.923095703125,3492.3076171875,3715.384521484375,259410,0.0,0.0
2018-03-07 00:00:00+09:00,3715.384521484375,3819.230712890625,3653.84619140625,3750.0,186435,0.0,0.0
2018-03-08 00:00:00+09:00,3784.615478515625,3823.076904296875,3673.076904296875,3742.3076171875,124926,0.0,0.0
2018-03-09 00:00:00+09:00,3726.923095703125,3750.0,3430.769287109375,3500.0,221896,0.0,0.0
2018-03-12 00:00:00+09:00,3538.46142578125,3615.384521484375,3373.076904296875,3426.923095703125,198612,0.0,0.0
2018-03-13 00:00:00+09:00,3392.3076171875,3419.230712890625,3307.6923828125,3396.15380859375,185019,0.0,0.0
2018-03-14 00:00:00+09:00,3423.076904296875,3523.076904296875,3384.615478515625,3442.3076171875,132341,0.0,0.0
2018-03-15 00:00:00+09:00,3461.53857421875,3576.923095703125,3442.3076171875,3500.0,181134,0.0,0.0
2018-03-16 00:00:00+09:00,3500.0,3534.615478515625,3469.230712890625,3484.615478515625,86507,0.0,0.0
2018-03-19 00:00:00+09:00,3461.53857421875,3500.0,3273.076904296875,3280.769287109375,175700,0.0,0.0
2018-03-20 00:00:00+09:00,3269.230712890625,3315.384521484375,3161.53857421875,3261.53857421875,101740,0.0,0.0
2018-03-21 00:00:00+09:00,3242.3076171875,3346.15380859375,3146.15380859375,3257.6923828125,114139,0.0,0.0
2018-03-22 00:00:00+09:00,3376.923095703125,3711.53857421875,3307.6923828125,3519.230712890625,412791,0.0,0.0
2018-03-23 00:00:00+09:00,3446.15380859375,3542.3076171875,3407.6923828125,3407.6923828125,153648,0.0,0.0
2018-03-26 00:00:00+09:00,3407.6923828125,3611.53857421875,3357.6923828125,3503.84619140625,111651,0.0,0.0
2018-03-27 00:00:00+09:00,3523.076904296875,3630.769287109375,3469.230712890625,3492.3076171875,80117,0.0,0.0
2018-03-28 00:00:00+09:00,3469.230712890625,3519.230712890625,3384.615478515625,3500.0,71203,0.0,0.0
2018-03-29 00:00:00+09:00,3503.84619140625,3630.769287109375,3438.46142578125,3600.0,110577,0.0,0.0
2018-03-30 00:00:00+09:00,3623.076904296875,4676.9228515625,3623.076904296875,4676.9228515625,6081947,0.0,0.0
2018-04-02 00:00:00+09:00,4830.76904296875,4853.84619140625,4376.9228515625,4476.9228515625,2062748,0.0,0.0
2018-04-03 00:00:00+09:00,4430.76904296875,4461.53857421875,4207.6923828125,4292.3076171875,888852,0.0,0.0
2018-04-04 00:00:00+09:00,4530.76904296875,4561.53857421875,4007.6923828125,4007.6923828125,1909755,0.0,0.0
2018-04-05 00:00:00+09:00,4007.6923828125,4161.53857421875,3984.615478515625,4046.15380859375,465115,0.0,0.0
2018-04-06 00:00:00+09:00,4069.230712890625,4100.0,3900.0,4038.46142578125,398929,0.0,0.0
2018-04-09 00:00:00+09:00,3984.615478515625,4092.3076171875,3961.53857421875,4053.84619140625,194130,0.0,0.0
2018-04-10 00:00:00+09:00,4107.6923828125,4107.6923828125,3923.076904296875,3976.923095703125,177342,0.0,0.0
2018-04-11 00:00:00+09:00,3961.53857421875,4130.76904296875,3961.53857421875,4107.6923828125,211153,0.0,0.0
2018-04-12 00:00:00+09:00,4076.923095703125,4307.6923828125,4007.6923828125,4215.384765625,423444,0.0,0.0
2018-04-13 00:00:00+09:00,4246.15380859375,4276.9228515625,4115.384765625,4192.3076171875,168041,0.0,0.0
2018-04-16 00:00:00+09:00,4223.0771484375,4223.0771484375,4053.84619140625,4115.384765625,163465,0.0,0.0
2018-04-17 00:00:00+09:00,4046.15380859375,4084.615478515625,3923.076904296875,4069.230712890625,164997,0.0,0.0
2018-04-18 00:00:00+09:00,4146.15380859375,4146.15380859375,3969.230712890625,4061.53857421875,93831,0.0,0.0
2018-04-19 00:00:00+09:00,4076.923095703125,4161.53857421875,4000.0,4153.84619140625,136293,0.0,0.0
2018-04-20 00:00:00+09:00,4169.23095703125,4215.384765625,4084.615478515625,4084.615478515625,109996,0.0,0.0
2018-04-23 00:00:00+09:00,4084.615478515625,4092.3076171875,3838.46142578125,3842.3076171875,169415,0.0,0.0
2018-04-24 00:00:00+09:00,3892.3076171875,3984.615478515625,3842.3076171875,3853.84619140625,89159,0.0,0.0
2018-04-25 00:00:00+09:00,3961.53857421875,3961.53857421875,3846.15380859375,3853.84619140625,91850,0.0,0.0
2018-04-26 00:00:00+09:00,3861.53857421875,4007.6923828125,3861.53857421875,3892.3076171875,62707,0.0,0.0
2018-04-27 00:00:00+09:00,3976.923095703125,3976.923095703125,3884.615478515625,3923.076904296875,37681,0.0,0.0
2018-04-30 00:00:00+09:00,3930.769287109375,3969.230712890625,3846.15380859375,3853.84619140625,38633,0.0,0.0
2018-05-02 00:00:00+09:00,3853.84619140625,3923.076904296875,3642.3076171875,3807.6923828125,90847,0.0,0.0
2018-05-03 00:00:00+09:00,3807.6923828125,3807.6923828125,3692.3076171875,3707.6923828125,92039,0.0,0.0
2018-05-04 00:00:00+09:00,3707.6923828125,3784.615478515625,3707.6923828125,3746.15380859375,107776,0.0,0.0
2018-05-08 00:00:00+09:00,3769.230712890625,3976.923095703125,3742.3076171875,3838.46142578125,106614,0.0,0.0
2018-05-09 00:00:00+09:00,3915.384521484375,4030.769287109375,3803.84619140625,3907.6923828125,84261,0.0,0.0
2018-05-10 00:00:00+09:00,3907.6923828125,4146.15380859375,3853.84619140625,4146.15380859375,120062,0.0,0.0
2018-05-11 00:00:00+09:00,4146.15380859375,4184.615234375,4076.923095703125,4161.53857421875,65592,0.0,0.0
2018-05-14 00:00:00+09:00,4161.53857421875,4161.53857421875,4069.230712890625,4069.230712890625,60678,0.0,0.0
2018-05-15 00:00:00+09:00,4015.384521484375,4215.384765625,4015.384521484375,4184.615234375,110167,0.0,0.0
2018-05-16 00:00:00+09:00,4192.3076171875,4192.3076171875,4076.923095703125,4161.53857421875,131595,0.0,0.0
2018-05-17 00:00:00+09:00,4123.0771484375,4300.0,4123.0771484375,4192.3076171875,117393,0.0,0.0
2018-05-18 00:00:00+09:00,4192.3076171875,4261.53857421875,4084.615478515625,4153.84619140625,45936,0.0,0.0
2018-05-21 00:00:00+09:00,4100.0,4200.0,4076.923095703125,4176.9228515625,23125,0.0,0.0
2018-05-23 00:00:00+09:00,4176.9228515625,4176.9228515625,4015.384521484375,4053.84619140625,30253,0.0,0.0
2018-05-24 00:00:00+09:00,4053.84619140625,4100.0,3984.615478515625,4007.6923828125,30734,0.0,0.0
2018-05-25 00:00:00+09:00,3884.615478515625,4061.53857421875,3884.615478515625,4046.15380859375,17587,0.0,0.0
2018-05-28 00:00:00+09:00,4084.615478515625,4084.615478515625,3946.15380859375,4053.84619140625,48017,0.0,0.0
2018-05-29 00:00:00+09:00,4046.15380859375,4046.15380859375,3930.769287109375,4000.0,30672,0.0,0.0
2018-05-30 00:00:00+09:00,4000.0,4000.0,3907.6923828125,3907.6923828125,27206,0.0,0.0
2018-05-31 00:00:00+09:00,3923.076904296875,4069.230712890625,3884.615478515625,4030.769287109375,17882,0.0,0.0
2018-06-01 00:00:00+09:00,4100.0,4207.6923828125,4000.0,4161.53857421875,79721,0.0,0.0
2018-06-04 00:00:00+09:00,4161.53857421875,4192.3076171875,4030.769287109375,4076.923095703125,31857,0.0,0.0
2018-06-05 00:00:00+09:00,4076.923095703125,4084.615478515625,4030.769287109375,4038.46142578125,21942,0.0,0.0
2018-06-07 00:00:00+09:00,4046.15380859375,4146.15380859375,4046.15380859375,4146.15380859375,23243,0.0,0.0
2018-06-08 00:00:00+09:00,4146.15380859375,4146.15380859375,3992.3076171875,4038.46142578125,28633,0.0,0.0
2018-06-11 00:00:00+09:00,4030.769287109375,4100.0,4015.384521484375,4100.0,26734,0.0,0.0
2018-06-12 00:00:00+09:00,4138.46142578125,4138.46142578125,4015.384521484375,4061.53857421875,20914,0.0,0.0
2018-06-14 00:00:00+09:00,4053.84619140625,4053.84619140625,3653.84619140625,3923.076904296875,38773,0.0,0.0
2018-06-15 00:00:00+09:00,3923.076904296875,3946.15380859375,3807.6923828125,3842.3076171875,36206,0.0,0.0
2018-06-18 00:00:00+09:00,3838.46142578125,3884.615478515625,3761.53857421875,3846.15380859375,51254,0.0,0.0
2018-06-19 00:00:00+09:00,3876.923095703125,3884.615478515625,3742.3076171875,3769.230712890625,29587,0.0,0.0
2018-06-20 00:00:00+09:00,3738.46142578125,3876.923095703125,3738.46142578125,3780.769287109375,8907,0.0,0.0
2018-06-21 00:00:00+09:00,3846.15380859375,4061.53857421875,3780.769287109375,3834.615478515625,14454,0.0,0.0
2018-06-22 00:00:00+09:00,3784.615478515625,3976.923095703125,3780.769287109375,3780.769287109375,18206,0.0,0.0
2018-06-25 00:00:00+09:00,3780.769287109375,3876.923095703125,3738.46142578125,3738.46142578125,12226,0.0,0.0
2018-06-26 00:00:00+09:00,3730.769287109375,3788.46142578125,3688.46142578125,3742.3076171875,15690,0.0,0.0
2018-06-27 00:00:00+09:00,3876.923095703125,3876.923095703125,3738.46142578125,3746.15380859375,28826,0.0,0.0
2018-06-28 00:00:00+09:00,3692.3076171875,3780.769287109375,3538.46142578125,3592.3076171875,49666,0.0,0.0
2018-06-29 00:00:00+09:00,3569.230712890625,3692.3076171875,3388.46142578125,3680.769287109375,24008,0.0,0.0
2018-07-02 00:00:00+09:00,3680.769287109375,3684.615478515625,3392.3076171875,3403.84619140625,30386,0.0,0.0
2018-07-03 00:00:00+09:00,3403.84619140625,3573.076904296875,3376.923095703125,3380.769287109375,49121,0.0,0.0
2018-07-04 00:00:00+09:00,3538.46142578125,3538.46142578125,3396.15380859375,3465.384521484375,4044,0.0,0.0
2018-07-05 00:00:00+09:00,3465.384521484375,3661.53857421875,3369.230712890625,3480.769287109375,14910,0.0,0.0
2018-07-06 00:00:00+09:00,3373.076904296875,3707.6923828125,3373.076904296875,3461.53857421875,10220,0.0,0.0
2018-07-09 00:00:00+09:00,3411.53857421875,3538.46142578125,3411.53857421875,3426.923095703125,12149,0.0,0.0
2018-07-10 00:00:00+09:00,3442.3076171875,3538.46142578125,3415.384521484375,3426.923095703125,5026,0.0,0.0
2018-07-11 00:00:00+09:00,3423.076904296875,3523.076904296875,3346.15380859375,3350.0,13142,0.0,0.0
2018-07-12 00:00:00+09:00,3350.0,3350.0,3165.384521484375,3319.230712890625,25843,0.0,0.0
2018-07-13 00:00:00+09:00,3315.384521484375,3411.53857421875,3223.076904296875,3326.923095703125,6211,0.0,0.0
2018-07-16 00:00:00+09:00,3326.923095703125,3407.6923828125,3296.15380859375,3342.3076171875,3422,0.0,0.0
2018-07-17 00:00:00+09:00,3461.53857421875,3461.53857421875,3353.84619140625,3400.0,6212,0.0,0.0
2018-07-18 00:00:00+09:00,3400.0,3461.53857421875,3346.15380859375,3384.615478515625,9251,0.0,0.0
2018-07-19 00:00:00+09:00,3384.615478515625,3384.615478515625,3273.076904296875,3284.615478515625,17343,0.0,0.0
2018-07-20 00:00:00+09:00,3284.615478515625,3423.076904296875,3257.6923828125,3265.384521484375,11261,0.0,0.0
2018-07-23 00:00:00+09:00,3207.6923828125,3276.923095703125,3103.84619140625,3223.076904296875,46062,0.0,0.0
2018-07-24 00:00:00+09:00,3223.076904296875,3223.076904296875,3069.230712890625,3080.769287109375,34682,0.0,0.0
2018-07-25 00:00:00+09:00,3080.769287109375,3080.769287109375,2923.076904296875,2950.0,21197,0.0,0.0
2018-07-26 00:00:00+09:00,2980.769287109375,3107.6923828125,2980.769287109375,3107.6923828125,7963,0.0,0.0
2018-07-27 00:00:00+09:00,3107.6923828125,3307.6923828125,3061.53857421875,3207.6923828125,12004,0.0,0.0
2018-07-30 00:00:00+09:00,3207.6923828125,3238.46142578125,3126.923095703125,3126.923095703125,7060,0.0,0.0
2018-07-31 00:00:00+09:00,3161.53857421875,3234.615478515625,3115.384521484375,3169.230712890625,3400,0.0,0.0
2018-08-01 00:00:00+09:00,3169.230712890625,3261.53857421875,3142.3076171875,3261.53857421875,8700,0.0,0.0
2018-08-02 00:00:00+09:00,3265.384521484375,3265.384521484375,3150.0,3150.0,4790,0.0,0.0
2018-08-03 00:00:00+09:00,3150.0,3207.6923828125,3119.230712890625,3207.6923828125,2363,0.0,0.0
2018-08-06 00:00:00+09:00,3203.84619140625,3261.53857421875,3138.46142578125,3234.615478515625,38972,0.0,0.0
2018-08-07 00:00:00+09:00,3234.615478515625,3346.15380859375,3230.769287109375,3346.15380859375,17189,0.0,0.0
2018-08-08 00:00:00+09:00,3415.384521484375,3723.076904296875,3323.076904296875,3423.076904296875,71650,0.0,0.0
2018-08-09 00:00:00+09:00,3423.076904296875,3615.384521484375,3326.923095703125,3373.076904296875,31218,0.0,0.0
2018-08-10 00:00:00+09:00,3373.076904296875,3461.53857421875,3346.15380859375,3407.6923828125,9108,0.0,0.0
2018-08-13 00:00:00+09:00,3342.3076171875,3592.3076171875,3192.3076171875,3411.53857421875,47474,0.0,0.0
2018-08-14 00:00:00+09:00,3538.46142578125,3576.923095703125,3353.84619140625,3523.076904296875,14253,0.0,0.0
2018-08-16 00:00:00+09:00,3473.076904296875,3542.3076171875,3311.53857421875,3365.384521484375,16499,0.0,0.0
2018-08-17 00:00:00+09:00,3250.0,3496.15380859375,3250.0,3369.230712890625,5192,0.0,0.0
2018-08-20 00:00:00+09:00,3369.230712890625,3496.15380859375,3311.53857421875,3330.769287109375,9207,0.0,0.0
2018-08-21 00:00:00+09:00,3323.076904296875,3457.6923828125,3303.84619140625,3330.769287109375,4464,0.0,0.0
2018-08-22 00:00:00+09:00,3269.230712890625,3369.230712890625,3269.230712890625,3342.3076171875,15839,0.0,0.0
2018-08-23 00:00:00+09:00,3346.15380859375,3400.0,3300.0,3388.46142578125,13656,0.0,0.0
2018-08-24 00:00:00+09:00,3388.46142578125,3396.15380859375,3257.6923828125,3280.769287109375,24802,0.0,0.0
2018-08-27 00:00:00+09:00,3296.15380859375,3296.15380859375,3180.769287109375,3261.53857421875,8728,0.0,0.0
2018-08-28 00:00:00+09:00,3230.769287109375,3330.769287109375,3157.6923828125,3192.3076171875,17594,0.0,0.0
2018-08-29 00:00:00+09:00,3107.6923828125,3334.615478515625,3107.6923828125,3165.384521484375,3340,0.0,0.0
2018-08-30 00:00:00+09:00,3192.3076171875,3192.3076171875,3111.53857421875,3111.53857421875,8048,0.0,0.0
2018-08-31 00:00:00+09:00,3111.53857421875,3284.615478515625,3065.384521484375,3138.46142578125,11062,0.0,0.0
2018-09-03 00:00:00+09:00,3173.076904296875,3284.615478515625,3173.076904296875,3246.15380859375,12267,0.0,0.0
2018-09-04 00:00:00+09:00,3200.0,3342.3076171875,3200.0,3269.230712890625,13283,0.0,0.0
2018-09-05 00:00:00+09:00,3223.076904296875,3288.46142578125,3219.230712890625,3230.769287109375,8456,0.0,0.0
2018-09-06 00:00:00+09:00,3226.923095703125,3307.6923828125,3176.923095703125,3230.769287109375,15421,0.0,0.0
2018-09-07 00:00:00+09:00,3184.615478515625,3330.769287109375,3184.615478515625,3269.230712890625,9326,0.0,0.0
2018-09-10 00:00:00+09:00,3276.923095703125,3307.6923828125,3203.84619140625,3203.84619140625,6377,0.0,0.0
2018-09-11 00:00:00+09:00,3192.3076171875,3203.84619140625,3134.615478515625,3134.615478515625,9891,0.0,0.0
2018-09-12 00:00:00+09:00,3134.615478515625,3200.0,3088.46142578125,3192.3076171875,7755,0.0,0.0
2018-09-13 00:00:00+09:00,3188.46142578125,3269.230712890625,3115.384521484375,3200.0,4339,0.0,0.0
2018-09-14 00:00:00+09:00,3200.0,3203.84619140625,3150.0,3153.84619140625,9167,0.0,0.0
2018-09-17 00:00:00+09:00,3123.076904296875,3153.84619140625,3092.3076171875,3130.769287109375,10363,0.0,0.0
2018-09-18 00:00:00+09:00,3130.769287109375,3276.923095703125,3130.769287109375,3157.6923828125,12560,0.0,0.0
2018-09-19 00:00:00+09:00,3157.6923828125,3188.46142578125,3076.923095703125,3076.923095703125,14042,0.0,0.0
2018-09-20 00:00:00+09:00,3003.84619140625,3103.84619140625,3003.84619140625,3042.3076171875,7883,0.0,0.0
2018-09-21 00:00:00+09:00,3046.15380859375,3150.0,3007.6923828125,3146.15380859375,5028,0.0,0.0
2018-09-27 00:00:00+09:00,3080.769287109375,3257.6923828125,3019.230712890625,3080.769287109375,12907,0.0,0.0
2018-09-28 00:00:00+09:00,3080.769287109375,3111.53857421875,3046.15380859375,3080.769287109375,13300,0.0,0.0
2018-10-01 00:00:00+09:00,3080.769287109375,3192.3076171875,3057.6923828125,3080.769287109375,20849,0.0,0.0
2018-10-02 00:00:00+09:00,3080.769287109375,3096.15380859375,3073.076904296875,3076.923095703125,17861,0.0,0.0
2018-10-04 00:00:00+09:00,3076.923095703125,3142.3076171875,3057.6923828125,3073.076904296875,7911,0.0,0.0
2018-10-05 00:00:00+09:00,3073.076904296875,3096.15380859375,2973.076904296875,3096.15380859375,6839,0.0,0.0
2018-10-08 00:00:00+09:00,3123.076904296875,3123.076904296875,3065.384521484375,3076.923095703125,2090,0.0,0.0
2018-10-10 00:00:00+09:00,3061.53857421875,3076.923095703125,2769.230712890625,3065.384521484375,26642,0.0,0.0
2018-10-11 00:00:00+09:00,3038.46142578125,3038.46142578125,2853.84619140625,3000.0,17406,0.0,0.0
2018-10-12 00:00:00+09:00,2846.15380859375,3119.230712890625,2846.15380859375,2946.15380859375,6377,0.0,0.0
2018-10-15 00:00:00+09:00,2946.15380859375,3046.15380859375,2865.384521484375,2869.230712890625,11914,0.0,0.0
2018-10-16 00:00:00+09:00,2869.230712890625,2961.53857421875,2780.769287109375,2907.6923828125,13003,0.0,0.0
2018-10-17 00:00:00+09:00,2907.6923828125,3076.923095703125,2865.384521484375,2892.3076171875,8054,0.0,0.0
2018-10-18 00:00:00+09:00,2873.076904296875,2957.6923828125,2861.53857421875,2915.384521484375,1592,0.0,0.0
2018-10-19 00:00:00+09:00,3000.0,3173.076904296875,2800.0,2938.46142578125,9262,0.0,0.0
2018-10-22 00:00:00+09:00,2911.53857421875,2984.615478515625,2838.46142578125,2846.15380859375,10804,0.0,0.0
2018-10-23 00:00:00+09:00,2846.15380859375,2846.15380859375,2761.53857421875,2823.076904296875,7259,0.0,0.0
2018-10-24 00:00:00+09:00,2734.615478515625,2850.0,2696.15380859375,2696.15380859375,18383,0.0,0.0
2018-10-25 00:00:00+09:00,2511.53857421875,2676.923095703125,2503.84619140625,2619.230712890625,75338,0.0,0.0
2018-10-26 00:00:00+09:00,2619.230712890625,2692.3076171875,2423.076904296875,2469.230712890625,12069,0.0,0.0
2018-10-29 00:00:00+09:00,2473.076904296875,2565.384521484375,2442.3076171875,2442.3076171875,10853,0.0,0.0
2018-10-30 00:00:00+09:00,2442.3076171875,2469.230712890625,2419.230712890625,2461.53857421875,15046,0.0,0.0
2018-10-31 00:00:00+09:00,2461.53857421875,2646.15380859375,2457.6923828125,2553.84619140625,4365,0.0,0.0
2018-11-01 00:00:00+09:00,2496.15380859375,2653.84619140625,2496.15380859375,2561.53857421875,9592,0.0,0.0
2018-11-02 00:00:00+09:00,2573.076904296875,2769.230712890625,2542.3076171875,2715.384521484375,10252,0.0,0.0
2018-11-05 00:00:00+09:00,2715.384521484375,2838.46142578125,2661.53857421875,2692.3076171875,3931,0.0,0.0
2018-11-06 00:00:00+09:00,2661.53857421875,2865.384521484375,2661.53857421875,2846.15380859375,4412,0.0,0.0
2018-11-07 00:00:00+09:00,2846.15380859375,2915.384521484375,2792.3076171875,2861.53857421875,2256,0.0,0.0
2018-11-08 00:00:00+09:00,2811.53857421875,2869.230712890625,2692.3076171875,2730.769287109375,15125,0.0,0.0
2018-11-09 00:00:00+09:00,2730.769287109375,2834.615478515625,2538.46142578125,2769.230712890625,9582,0.0,0.0
2018-11-12 00:00:00+09:00,2623.076904296875,2834.615478515625,2623.076904296875,2788.46142578125,478,0.0,0.0
2018-11-13 00:00:00+09:00,2784.615478515625,2784.615478515625,2626.923095703125,2665.384521484375,9049,0.0,0.0
2018-11-14 00:00:00+09:00,2665.384521484375,2726.923095703125,2642.3076171875,2700.0,8924,0.0,0.0
2018-11-15 00:00:00+09:00,2653.84619140625,2853.84619140625,2638.46142578125,2715.384521484375,12217,0.0,0.0
2018-11-16 00:00:00+09:00,2915.384521484375,2984.615478515625,2680.769287109375,2719.230712890625,18816,0.0,0.0
2018-11-19 00:00:00+09:00,2769.230712890625,2869.230712890625,2696.15380859375,2696.15380859375,5931,0.0,0.0
2018-11-20 00:00:00+09:00,2711.53857421875,2792.3076171875,2700.0,2703.84619140625,1875,0.0,0.0
2018-11-21 00:00:00+09:00,2703.84619140625,2846.15380859375,2703.84619140625,2838.46142578125,6562,0.0,0.0
2018-11-22 00:00:00+09:00,2884.615478515625,2884.615478515625,2750.0,2753.84619140625,8674,0.0,0.0
2018-11-23 00:00:00+09:00,2692.3076171875,2773.076904296875,2692.3076171875,2730.769287109375,16918,0.0,0.0
2018-11-26 00:00:00+09:00,2730.769287109375,2846.15380859375,2730.769287109375,2834.615478515625,2333,0.0,0.0
2018-11-27 00:00:00+09:00,2800.0,2988.46142578125,2800.0,2846.15380859375,15255,0.0,0.0
2018-11-28 00:00:00+09:00,2846.15380859375,2923.076904296875,2815.384521484375,2826.923095703125,5761,0.0,0.0
2018-11-29 00:00:00+09:00,2919.230712890625,2919.230712890625,2830.769287109375,2830.769287109375,11512,0.0,0.0
2018-11-30 00:00:00+09:00,2846.15380859375,2884.615478515625,2707.6923828125,2738.46142578125,13504,0.0,0.0
2018-12-03 00:00:00+09:00,2846.15380859375,2846.15380859375,2769.230712890625,2776.923095703125,1337,0.0,0.0
2018-12-04 00:00:00+09:00,2888.46142578125,2888.46142578125,2776.923095703125,2796.15380859375,6203,0.0,0.0
2018-12-05 00:00:00+09:00,2757.6923828125,2826.923095703125,2753.84619140625,2803.84619140625,8330,0.0,0.0
2018-12-06 00:00:00+09:00,2803.84619140625,2819.230712890625,2765.384521484375,2769.230712890625,3750,0.0,0.0
2018-12-07 00:00:00+09:00,2788.46142578125,2969.230712890625,2788.46142578125,2807.6923828125,6207,0.0,0.0
2018-12-10 00:00:00+09:00,2807.6923828125,2819.230712890625,2769.230712890625,2815.384521484375,6787,0.0,0.0
2018-12-11 00:00:00+09:00,2834.615478515625,2834.615478515625,2719.230712890625,2834.615478515625,2750,0.0,0.0
2018-12-12 00:00:00+09:00,2834.615478515625,2834.615478515625,2776.923095703125,2815.384521484375,2667,0.0,0.0
2018-12-13 00:00:00+09:00,2769.230712890625,2973.076904296875,2769.230712890625,2973.076904296875,1451,0.0,0.0
2018-12-14 00:00:00+09:00,2930.769287109375,2976.923095703125,2853.84619140625,2969.230712890625,2417,0.0,0.0
2018-12-17 00:00:00+09:00,3000.0,3000.0,2815.384521484375,2815.384521484375,5886,0.0,0.0
2018-12-18 00:00:00+09:00,2769.230712890625,2884.615478515625,2769.230712890625,2884.615478515625,6586,0.0,0.0
2018-12-19 00:00:00+09:00,2992.3076171875,2992.3076171875,2850.0,2953.84619140625,638,0.0,0.0
2018-12-20 00:00:00+09:00,2950.0,2953.84619140625,2876.923095703125,2923.076904296875,6330,0.0,0.0
2018-12-21 00:00:00+09:00,2923.076904296875,2923.076904296875,2807.6923828125,2915.384521484375,13517,0.0,0.0
2018-12-24 00:00:00+09:00,2811.53857421875,2834.615478515625,2761.53857421875,2815.384521484375,25712,0.0,0.0
2018-12-26 00:00:00+09:00,2807.6923828125,2807.6923828125,2669.230712890625,2769.230712890625,2151,0.0,0.0
2018-12-27 00:00:00+09:00,2769.230712890625,2980.769287109375,2700.0,2903.84619140625,1623,0.0,0.0
2018-12-28 00:00:00+09:00,3057.6923828125,3061.53857421875,2850.0,2892.3076171875,1704,0.0,0.0
2019-01-02 00:00:00+09:00,3034.615478515625,3034.615478515625,2884.615478515625,3026.923095703125,2269,0.0,0.0
2019-01-03 00:00:00+09:00,2892.3076171875,2953.84619140625,2888.46142578125,2942.3076171875,2413,0.0,0.0
2019-01-04 00:00:00+09:00,3015.384521484375,3038.46142578125,2884.615478515625,3000.0,2425,0.0,0.0
2019-01-07 00:00:00+09:00,3000.0,3000.0,2896.15380859375,2896.15380859375,5459,0.0,0.0
2019-01-08 00:00:00+09:00,2915.384521484375,2915.384521484375,2826.923095703125,2900.0,3301,0.0,0.0
2019-01-09 00:00:00+09:00,2900.0,2923.076904296875,2773.076904296875,2823.076904296875,12231,0.0,0.0
2019-01-10 00:00:00+09:00,2811.53857421875,3038.46142578125,2811.53857421875,2926.923095703125,8088,0.0,0.0
2019-01-11 00:00:00+09:00,3000.0,3038.46142578125,2826.923095703125,2834.615478515625,2477,0.0,0.0
2019-01-14 00:00:00+09:00,2796.15380859375,2884.615478515625,2796.15380859375,2857.6923828125,2671,0.0,0.0
2019-01-15 00:00:00+09:00,2884.615478515625,2884.615478515625,2815.384521484375,2834.615478515625,2393,0.0,0.0
2019-01-16 00:00:00+09:00,2834.615478515625,2846.15380859375,2819.230712890625,2819.230712890625,591,0.0,0.0
2019-01-17 00:00:00+09:00,2819.230712890625,2896.15380859375,2765.384521484375,2773.076904296875,5511,0.0,0.0
2019-01-18 00:00:00+09:00,2773.076904296875,2961.53857421875,2753.84619140625,2938.46142578125,17205,0.0,0.0
2019-01-21 00:00:00+09:00,3065.384521484375,3069.230712890625,2915.384521484375,2969.230712890625,5938,0.0,0.0
2019-01-22 00:00:00+09:00,3057.6923828125,3057.6923828125,2926.923095703125,2996.15380859375,918,0.0,0.0
2019-01-23 00:00:00+09:00,3073.076904296875,3073.076904296875,2930.769287109375,3007.6923828125,3694,0.0,0.0
2019-01-24 00:00:00+09:00,2996.15380859375,3061.53857421875,2957.6923828125,3007.6923828125,4848,0.0,0.0
2019-01-25 00:00:00+09:00,3057.6923828125,3103.84619140625,3007.6923828125,3100.0,15801,0.0,0.0
2019-01-28 00:00:00+09:00,3100.0,3100.0,3069.230712890625,3084.615478515625,5302,0.0,0.0
2019-01-29 00:00:00+09:00,3076.923095703125,3380.769287109375,3042.3076171875,3284.615478515625,86929,0.0,0.0
2019-01-30 00:00:00+09:00,3311.53857421875,3384.615478515625,3238.46142578125,3280.769287109375,18913,0.0,0.0
2019-01-31 00:00:00+09:00,3280.769287109375,3434.615478515625,3280.769287109375,3376.923095703125,15260,0.0,0.0
2019-02-01 00:00:00+09:00,3376.923095703125,3419.230712890625,3180.769287109375,3369.230712890625,33736,0.0,0.0
2019-02-07 00:00:00+09:00,3338.46142578125,3338.46142578125,3219.230712890625,3323.076904296875,9383,0.0,0.0
2019-02-08 00:00:00+09:00,3238.46142578125,3300.0,3076.923095703125,3269.230712890625,20928,0.0,0.0
2019-02-11 00:00:00+09:00,3203.84619140625,3265.384521484375,3080.769287109375,3226.923095703125,9632,0.0,0.0
2019-02-12 00:00:00+09:00,3180.769287109375,3246.15380859375,3038.46142578125,3073.076904296875,31549,0.0,0.0
2019-02-13 00:00:00+09:00,3015.384521484375,3076.923095703125,3015.384521484375,3076.923095703125,4475,0.0,0.0
2019-02-14 00:00:00+09:00,3084.615478515625,3176.923095703125,3053.84619140625,3076.923095703125,13677,0.0,0.0
2019-02-15 00:00:00+09:00,3061.53857421875,3323.076904296875,3061.53857421875,3300.0,88798,0.0,0.0
2019-02-18 00:00:00+09:00,3303.84619140625,3303.84619140625,3150.0,3246.15380859375,24953,0.0,0.0
2019-02-19 00:00:00+09:00,3246.15380859375,3569.230712890625,3246.15380859375,3326.923095703125,158091,0.0,0.0
2019-02-20 00:00:00+09:00,3326.923095703125,3507.6923828125,3307.6923828125,3330.769287109375,41959,0.0,0.0
2019-02-21 00:00:00+09:00,3346.15380859375,3346.15380859375,3215.384521484375,3284.615478515625,52755,0.0,0.0
2019-02-22 00:00:00+09:00,3353.84619140625,3969.230712890625,3346.15380859375,3607.6923828125,954309,0.0,0.0
2019-02-25 00:00:00+09:00,3630.769287109375,3861.53857421875,3576.923095703125,3715.384521484375,211970,0.0,0.0
2019-02-26 00:00:00+09:00,3803.84619140625,3811.53857421875,3488.46142578125,3538.46142578125,88951,0.0,0.0
2019-02-27 00:00:00+09:00,3538.46142578125,3884.615478515625,3446.15380859375,3830.769287109375,263707,0.0,0.0
2019-02-28 00:00:00+09:00,3884.615478515625,3961.53857421875,3723.076904296875,3807.6923828125,154731,0.0,0.0
2019-03-04 00:00:00+09:00,3796.15380859375,3923.076904296875,3784.615478515625,3915.384521484375,79866,0.0,0.0
2019-03-05 00:00:00+09:00,3861.53857421875,3861.53857421875,3615.384521484375,3692.3076171875,115146,0.0,0.0
2019-03-06 00:00:00+09:00,3661.53857421875,3688.46142578125,3488.46142578125,3688.46142578125,51314,0.0,0.0
2019-03-07 00:00:00+09:00,3688.46142578125,3815.384521484375,3596.15380859375,3815.384521484375,48540,0.0,0.0
2019-03-08 00:00:00+09:00,3815.384521484375,4007.6923828125,3769.230712890625,4007.6923828125,149635,0.0,0.0
2019-03-11 00:00:00+09:00,4007.6923828125,4400.0,3811.53857421875,4346.15380859375,311161,0.0,0.0
2019-03-12 00:00:00+09:00,4700.0,5153.84619140625,4053.84619140625,4384.615234375,747086,0.0,0.0
2019-03-13 00:00:00+09:00,4284.615234375,4923.0771484375,4230.76904296875,4807.6923828125,482444,0.0,0.0
2019-03-14 00:00:00+09:00,4830.76904296875,4915.384765625,4623.0771484375,4830.76904296875,117168,0.0,0.0
2019-03-15 00:00:00+09:00,4823.0771484375,4823.0771484375,4523.0771484375,4523.0771484375,120617,0.0,0.0
2019-03-18 00:00:00+09:00,4523.0771484375,4523.0771484375,4269.23095703125,4315.384765625,88347,0.0,0.0
2019-03-19 00:00:00+09:00,4315.384765625,4315.384765625,4007.6923828125,4284.615234375,145303,0.0,0.0
2019-03-20 00:00:00+09:00,4361.53857421875,4361.53857421875,4023.076904296875,4253.84619140625,87792,0.0,0.0
2019-03-21 00:00:00+09:00,4253.84619140625,4376.9228515625,4153.84619140625,4223.0771484375,78307,0.0,0.0
2019-03-22 00:00:00+09:00,4207.6923828125,4330.76904296875,4053.84619140625,4115.384765625,52190,0.0,0.0
2019-03-25 00:00:00+09:00,4223.0771484375,4453.84619140625,4115.384765625,4446.15380859375,97008,0.0,0.0
2019-03-26 00:00:00+09:00,4584.615234375,4661.53857421875,4315.384765625,4361.53857421875,166254,0.0,0.0
2019-03-27 00:00:00+09:00,4369.23095703125,4700.0,4315.384765625,4684.615234375,109145,0.0,0.0
2019-03-28 00:00:00+09:00,4684.615234375,4853.84619140625,4676.9228515625,4807.6923828125,138459,0.0,0.0
2019-03-29 00:00:00+09:00,4807.6923828125,4807.6923828125,4500.0,4761.53857421875,88133,0.0,0.0
2019-04-01 00:00:00+09:00,4753.84619140625,4753.84619140625,4607.6923828125,4723.0771484375,52224,0.0,0.0
2019-04-02 00:00:00+09:00,4723.0771484375,4869.23095703125,4592.3076171875,4869.23095703125,61933,0.0,0.0
2019-04-03 00:00:00+09:00,4853.84619140625,4946.15380859375,4692.3076171875,4784.615234375,46298,0.0,0.0
2019-04-04 00:00:00+09:00,4784.615234375,4853.84619140625,4730.76904296875,4746.15380859375,12461,0.0,0.0
2019-04-05 00:00:00+09:00,4746.15380859375,4815.384765625,4553.84619140625,4746.15380859375,33816,0.0,0.0
2019-04-08 00:00:00+09:00,4730.76904296875,4761.53857421875,4630.76904296875,4761.53857421875,33013,0.0,0.0
2019-04-09 00:00:00+09:00,4753.84619140625,4830.76904296875,4692.3076171875,4707.6923828125,29353,0.0,0.0
2019-04-10 00:00:00+09:00,4707.6923828125,4807.6923828125,4692.3076171875,4769.23095703125,39743,0.0,0.0
2019-04-11 00:00:00+09:00,4884.615234375,4884.615234375,4723.0771484375,4830.76904296875,65709,0.0,0.0
2019-04-12 00:00:00+09:00,4907.6923828125,5284.615234375,4838.46142578125,5261.53857421875,261216,0.0,0.0
2019-04-15 00:00:00+09:00,5261.53857421875,5461.53857421875,5230.76904296875,5307.6923828125,132129,0.0,0.0
2019-04-16 00:00:00+09:00,5307.6923828125,5384.615234375,5038.46142578125,5246.15380859375,82298,0.0,0.0
2019-04-17 00:00:00+09:00,5246.15380859375,5484.615234375,5238.46142578125,5369.23095703125,99218,0.0,0.0
2019-04-18 00:00:00+09:00,5376.9228515625,5438.46142578125,5269.23095703125,5323.0771484375,78462,0.0,0.0
2019-04-19 00:00:00+09:00,5323.0771484375,5584.615234375,5284.615234375,5469.23095703125,133173,0.0,0.0
2019-04-22 00:00:00+09:00,5476.9228515625,5592.3076171875,5469.23095703125,5507.6923828125,69414,0.0,0.0
2019-04-23 00:00:00+09:00,5507.6923828125,5507.6923828125,5292.3076171875,5376.9228515625,112592,0.0,0.0
2019-04-24 00:00:00+09:00,5461.53857421875,5461.53857421875,5269.23095703125,5400.0,89705,0.0,0.0
2019-04-25 00:00:00+09:00,5400.0,5453.84619140625,5315.384765625,5400.0,76014,0.0,0.0
2019-04-26 00:00:00+09:00,5400.0,5461.53857421875,5330.76904296875,5384.615234375,56672,0.0,0.0
2019-04-29 00:00:00+09:00,5353.84619140625,5469.23095703125,5353.84619140625,5446.15380859375,41763,0.0,0.0
2019-04-30 00:00:00+09:00,5430.76904296875,5523.0771484375,5338.46142578125,5453.84619140625,88464,0.0,0.0
2019-05-02 00:00:00+09:00,5453.84619140625,5923.0771484375,5438.46142578125,5438.46142578125,49509,0.0,0.0
2019-05-03 00:00:00+09:00,5438.46142578125,5507.6923828125,5353.84619140625,5369.23095703125,23035,0.0,0.0
2019-05-07 00:00:00+09:00,5369.23095703125,5384.615234375,5076.9228515625,5346.15380859375,31413,0.0,0.0
2019-05-08 00:00:00+09:00,5346.15380859375,5423.0771484375,5323.0771484375,5323.0771484375,10797,0.0,0.0
2019-05-09 00:00:00+09:00,5315.384765625,5423.0771484375,5115.384765625,5292.3076171875,97278,0.0,0.0
2019-05-10 00:00:00+09:00,5292.3076171875,5538.46142578125,5230.76904296875,5476.9228515625,57032,0.0,0.0
2019-05-13 00:00:00+09:00,5607.6923828125,5607.6923828125,5307.6923828125,5315.384765625,25357,0.0,0.0
2019-05-14 00:00:00+09:00,5046.15380859375,5423.0771484375,5046.15380859375,5307.6923828125,27949,0.0,0.0
2019-05-15 00:00:00+09:00,5223.0771484375,5453.84619140625,5207.6923828125,5269.23095703125,23364,0.0,0.0
2019-05-16 00:00:00+09:00,5215.384765625,5323.0771484375,5092.3076171875,5107.6923828125,35287,0.0,0.0
2019-05-17 00:00:00+09:00,5115.384765625,5246.15380859375,5076.9228515625,5107.6923828125,30133,0.0,0.0
2019-05-20 00:00:00+09:00,5107.6923828125,5169.23095703125,4976.9228515625,4976.9228515625,32852,0.0,0.0
2019-05-21 00:00:00+09:00,5115.384765625,5115.384765625,4815.384765625,4923.0771484375,36251,0.0,0.0
2019-05-22 00:00:00+09:00,4923.0771484375,5107.6923828125,4846.15380859375,4984.615234375,11108,0.0,0.0
2019-05-23 00:00:00+09:00,5076.9228515625,5076.9228515625,4923.0771484375,4923.0771484375,9147,0.0,0.0
2019-05-24 00:00:00+09:00,4846.15380859375,5053.84619140625,4846.15380859375,4938.46142578125,10520,0.0,0.0
2019-05-27 00:00:00+09:00,5076.9228515625,5076.9228515625,4807.6923828125,4946.15380859375,27574,0.0,0.0
2019-05-28 00:00:00+09:00,4946.15380859375,5076.9228515625,4869.23095703125,5000.0,12928,0.0,0.0
2019-05-29 00:00:00+09:00,5107.6923828125,5107.6923828125,4500.0,4884.615234375,56119,0.0,0.0
2019-05-30 00:00:00+09:00,4676.9228515625,4984.615234375,4615.384765625,4661.53857421875,41588,0.0,0.0
2019-05-31 00:00:00+09:00,4700.0,5000.0,4676.9228515625,4815.384765625,23048,0.0,0.0
2019-06-03 00:00:00+09:00,5084.615234375,5084.615234375,4623.0771484375,4692.3076171875,31453,0.0,0.0
2019-06-04 00:00:00+09:00,4692.3076171875,4900.0,4692.3076171875,4846.15380859375,16700,0.0,0.0
2019-06-05 00:00:00+09:00,4846.15380859375,5000.0,4769.23095703125,4807.6923828125,39804,0.0,0.0
2019-06-07 00:00:00+09:00,4807.6923828125,4923.0771484375,4715.384765625,4807.6923828125,19003,0.0,0.0
2019-06-10 00:00:00+09:00,5076.9228515625,5084.615234375,4776.9228515625,4776.9228515625,7714,0.0,0.0
2019-06-11 00:00:00+09:00,4776.9228515625,4992.3076171875,4776.9228515625,4861.53857421875,6733,0.0,0.0
2019-06-12 00:00:00+09:00,5069.23095703125,5069.23095703125,4807.6923828125,4907.6923828125,17560,0.0,0.0
2019-06-13 00:00:00+09:00,5076.9228515625,5076.9228515625,4884.615234375,4923.0771484375,12443,0.0,0.0
2019-06-14 00:00:00+09:00,4923.0771484375,5076.9228515625,4900.0,4923.0771484375,22930,0.0,0.0
2019-06-17 00:00:00+09:00,4923.0771484375,4938.46142578125,4846.15380859375,4884.615234375,59080,0.0,0.0
2019-06-18 00:00:00+09:00,4923.0771484375,5153.84619140625,4846.15380859375,5069.23095703125,32358,0.0,0.0
2019-06-19 00:00:00+09:00,5361.53857421875,5569.23095703125,5000.0,5292.3076171875,49871,0.0,0.0
2019-06-20 00:00:00+09:00,5415.384765625,5415.384765625,5061.53857421875,5176.9228515625,23613,0.0,0.0
2019-06-21 00:00:00+09:00,5084.615234375,5192.3076171875,5015.384765625,5061.53857421875,24486,0.0,0.0
2019-06-24 00:00:00+09:00,5061.53857421875,5384.615234375,5030.76904296875,5115.384765625,24976,0.0,0.0
2019-06-25 00:00:00+09:00,5346.15380859375,5523.0771484375,5123.0771484375,5515.384765625,70214,0.0,0.0
2019-06-26 00:00:00+09:00,5515.384765625,5530.76904296875,5223.0771484375,5369.23095703125,106194,0.0,0.0
2019-06-27 00:00:00+09:00,5415.384765625,5546.15380859375,5146.15380859375,5400.0,49754,0.0,0.0
2019-06-28 00:00:00+09:00,5400.0,5523.0771484375,5384.615234375,5407.6923828125,44115,0.0,0.0
2019-07-01 00:00:00+09:00,5461.53857421875,5876.9228515625,5353.84619140625,5830.76904296875,137690,0.0,0.0
2019-07-02 00:00:00+09:00,5830.76904296875,5884.615234375,5623.0771484375,5700.0,65115,0.0,0.0
2019-07-03 00:00:00+09:00,5684.615234375,6046.15380859375,5661.53857421875,5907.6923828125,71997,0.0,0.0
2019-07-04 00:00:00+09:00,6007.6923828125,6830.76904296875,5900.0,6346.15380859375,329423,0.0,0.0
2019-07-05 00:00:00+09:00,6315.384765625,6515.384765625,6307.6923828125,6346.15380859375,40580,0.0,0.0
2019-07-08 00:00:00+09:00,6346.15380859375,6446.15380859375,6023.0771484375,6292.3076171875,89439,0.0,0.0
2019-07-09 00:00:00+09:00,6284.615234375,6284.615234375,6084.615234375,6184.615234375,54230,0.0,0.0
2019-07-10 00:00:00+09:00,6184.615234375,6538.46142578125,6100.0,6423.0771484375,58427,0.0,0.0
2019-07-11 00:00:00+09:00,6561.53857421875,6684.615234375,6453.84619140625,6569.23095703125,60668,0.0,0.0
2019-07-12 00:00:00+09:00,6576.9228515625,6792.3076171875,6315.384765625,6507.6923828125,77043,0.0,0.0
2019-07-15 00:00:00+09:00,6507.6923828125,6546.15380859375,6230.76904296875,6323.0771484375,70401,0.0,0.0
2019-07-16 00:00:00+09:00,6323.0771484375,7076.9228515625,6323.0771484375,6884.615234375,262676,0.0,0.0
2019-07-17 00:00:00+09:00,6861.53857421875,6869.23095703125,6715.384765625,6800.0,91189,0.0,0.0
2019-07-18 00:00:00+09:00,6769.23095703125,7676.9228515625,6769.23095703125,7676.9228515625,361695,0.0,0.0
2019-07-19 00:00:00+09:00,7669.23095703125,8307.6923828125,7669.23095703125,8230.76953125,349564,0.0,0.0
2019-07-22 00:00:00+09:00,8692.3076171875,8769.23046875,7461.53857421875,7638.46142578125,522056,0.0,0.0
2019-07-23 00:00:00+09:00,7638.46142578125,7692.3076171875,6500.0,6623.0771484375,472516,0.0,0.0
2019-07-24 00:00:00+09:00,6538.46142578125,6723.0771484375,5892.3076171875,6015.384765625,295453,0.0,0.0
2019-07-25 00:00:00+09:00,6015.384765625,6069.23095703125,5030.76904296875,5138.46142578125,483246,0.0,0.0
2019-07-26 00:00:00+09:00,5200.0,5461.53857421875,4938.46142578125,5207.6923828125,391563,0.0,0.0
2019-07-29 00:00:00+09:00,5153.84619140625,5215.384765625,4561.53857421875,4684.615234375,176200,0.0,0.0
2019-07-30 00:00:00+09:00,4730.76904296875,4815.384765625,4600.0,4707.6923828125,108505,0.0,0.0
2019-07-31 00:00:00+09:00,4623.0771484375,4846.15380859375,4584.615234375,4807.6923828125,93243,0.0,0.0
2019-08-01 00:00:00+09:00,4815.384765625,4892.3076171875,4461.53857421875,4461.53857421875,63634,0.0,0.0
2019-08-02 00:00:00+09:00,4469.23095703125,4615.384765625,4307.6923828125,4384.615234375,45203,0.0,0.0
2019-08-05 00:00:00+09:00,4692.3076171875,5215.384765625,4230.76904296875,4230.76904296875,670743,0.0,0.0
2019-08-06 00:00:00+09:00,4153.84619140625,4553.84619140625,3384.615478515625,4500.0,262800,0.0,0.0
2019-08-07 00:00:00+09:00,4500.0,4846.15380859375,4500.0,4838.46142578125,196883,0.0,0.0
2019-08-08 00:00:00+09:00,4807.6923828125,5200.0,4807.6923828125,5153.84619140625,121897,0.0,0.0
2019-08-09 00:00:00+09:00,5169.23095703125,5476.9228515625,5153.84619140625,5384.615234375,153077,0.0,0.0
2019-08-12 00:00:00+09:00,5407.6923828125,6453.84619140625,5300.0,6184.615234375,295371,0.0,0.0
2019-08-13 00:00:00+09:00,6384.615234375,8038.46142578125,6315.384765625,8038.46142578125,1773536,0.0,0.0
2019-08-14 00:00:00+09:00,8384.615234375,9000.0,7623.0771484375,8115.384765625,1547894,0.0,0.0
2019-08-16 00:00:00+09:00,8192.3076171875,10538.4619140625,8153.84619140625,10538.4619140625,1940360,0.0,0.0
2019-08-19 00:00:00+09:00,11038.4619140625,11076.9228515625,9961.5380859375,10923.0771484375,1140070,0.0,0.0
2019-08-20 00:00:00+09:00,10807.6923828125,10846.154296875,9961.5380859375,10230.76953125,455753,0.0,0.0
2019-08-21 00:00:00+09:00,10000.0,10423.0771484375,9307.6923828125,9846.154296875,455149,0.0,0.0
2019-08-22 00:00:00+09:00,10269.23046875,11807.6923828125,9038.4619140625,9384.615234375,1542364,0.0,0.0
2019-08-23 00:00:00+09:00,9307.6923828125,10115.384765625,9230.76953125,9884.615234375,317175,0.0,0.0
2019-08-26 00:00:00+09:00,9769.23046875,10615.384765625,9730.76953125,10307.6923828125,280361,0.0,0.0
2019-08-27 00:00:00+09:00,10153.845703125,10461.5380859375,9384.615234375,10192.3076171875,410409,0.0,0.0
2019-08-28 00:00:00+09:00,10038.4619140625,10269.23046875,9615.384765625,9961.5380859375,240277,0.0,0.0
2019-08-29 00:00:00+09:00,9961.5380859375,9961.5380859375,9000.0,9307.6923828125,366102,0.0,0.0
2019-08-30 00:00:00+09:00,9653.845703125,11307.6923828125,9576.9228515625,10846.154296875,866171,0.0,0.0
2019-09-02 00:00:00+09:00,10961.5380859375,11769.23046875,9807.6923828125,9846.154296875,1185987,0.0,0.0
2019-09-03 00:00:00+09:00,9653.845703125,9692.3076171875,6923.0771484375,6923.0771484375,4609660,0.0,0.0
2019-09-04 00:00:00+09:00,6500.0,6546.15380859375,5730.76904296875,6076.9228515625,4836488,0.0,0.0
2019-09-05 00:00:00+09:00,6069.23095703125,6153.84619140625,5753.84619140625,5830.76904296875,1385400,0.0,0.0
2019-09-06 00:00:00+09:00,5892.3076171875,5938.46142578125,5653.84619140625,5684.615234375,856500,0.0,0.0
2019-09-09 00:00:00+09:00,5684.615234375,5684.615234375,5446.15380859375,5515.384765625,587571,0.0,0.0
2019-09-10 00:00:00+09:00,5507.6923828125,5730.76904296875,5392.3076171875,5515.384765625,514550,0.0,0.0
2019-09-11 00:00:00+09:00,5530.76904296875,5646.15380859375,5446.15380859375,5569.23095703125,315273,0.0,0.0
2019-09-16 00:00:00+09:00,5538.46142578125,5669.23095703125,5423.0771484375,5569.23095703125,344925,0.0,0.0
2019-09-17 00:00:00+09:00,5476.9228515625,5576.9228515625,5230.76904296875,5346.15380859375,446010,0.0,0.0
2019-09-18 00:00:00+09:00,5384.615234375,5392.3076171875,5092.3076171875,5146.15380859375,581938,0.0,0.0
2019-09-19 00:00:00+09:00,5146.15380859375,5215.384765625,5069.23095703125,5123.0771484375,226721,0.0,0.0
2019-09-20 00:00:00+09:00,5146.15380859375,5153.84619140625,5000.0,5038.46142578125,222897,0.0,0.0
2019-09-23 00:00:00+09:00,5038.46142578125,5307.6923828125,5000.0,5215.384765625,294101,0.0,0.0
2019-09-24 00:00:00+09:00,5169.23095703125,5207.6923828125,5084.615234375,5123.0771484375,143575,0.0,0.0
2019-09-25 00:00:00+09:00,5115.384765625,5115.384765625,4923.0771484375,5030.76904296875,218256,0.0,0.0
2019-09-26 00:00:00+09:00,5038.46142578125,5238.46142578125,4969.23095703125,5076.9228515625,252766,0.0,0.0
2019-09-27 00:00:00+09:00,5076.9228515625,5076.9228515625,4938.46142578125,4984.615234375,129919,0.0,0.0
2019-09-30 00:00:00+09:00,4984.615234375,5023.0771484375,4730.76904296875,4761.53857421875,240941,0.0,0.0
2019-10-01 00:00:00+09:00,4761.53857421875,4761.53857421875,4492.3076171875,4630.76904296875,247613,0.0,0.0
2019-10-02 00:00:00+09:00,4638.46142578125,4792.3076171875,4500.0,4646.15380859375,148238,0.0,0.0
2019-10-04 00:00:00+09:00,4646.15380859375,4784.615234375,4546.15380859375,4630.76904296875,127904,0.0,0.0
2019-10-07 00:00:00+09:00,4638.46142578125,4969.23095703125,4638.46142578125,4715.384765625,275651,0.0,0.0
2019-10-08 00:00:00+09:00,4715.384765625,4869.23095703125,4661.53857421875,4861.53857421875,235552,0.0,0.0
2019-10-10 00:00:00+09:00,4884.615234375,4884.615234375,4653.84619140625,4707.6923828125,152452,0.0,0.0
2019-10-11 00:00:00+09:00,4707.6923828125,4738.46142578125,4423.0771484375,4446.15380859375,262610,0.0,0.0
2019-10-14 00:00:00+09:00,4530.76904296875,4700.0,4461.53857421875,4584.615234375,141997,0.0,0.0
2019-10-15 00:00:00+09:00,4615.384765625,4684.615234375,4492.3076171875,4561.53857421875,126392,0.0,0.0
2019-10-16 00:00:00+09:00,4607.6923828125,4692.3076171875,4446.15380859375,4469.23095703125,155746,0.0,0.0
2019-10-17 00:00:00+09:00,4476.9228515625,4553.84619140625,4392.3076171875,4446.15380859375,145854,0.0,0.0
2019-10-18 00:00:00+09:00,4469.23095703125,4484.615234375,4384.615234375,4423.0771484375,152015,0.0,0.0
2019-10-21 00:00:00+09:00,4384.615234375,4523.0771484375,4384.615234375,4500.0,97883,0.0,0.0
2019-10-22 00:00:00+09:00,4500.0,4561.53857421875,4353.84619140625,4561.53857421875,275073,0.0,0.0
2019-10-23 00:00:00+09:00,4553.84619140625,4623.0771484375,4430.76904296875,4530.76904296875,199019,0.0,0.0
2019-10-24 00:00:00+09:00,4584.615234375,4753.84619140625,4538.46142578125,4630.76904296875,160271,0.0,0.0
2019-10-25 00:00:00+09:00,4630.76904296875,4684.615234375,4546.15380859375,4615.384765625,79675,0.0,0.0
2019-10-28 00:00:00+09:00,4607.6923828125,4753.84619140625,4607.6923828125,4730.76904296875,114706,0.0,0.0
2019-10-29 00:00:00+09:00,4753.84619140625,4769.23095703125,4684.615234375,4707.6923828125,96454,0.0,0.0
2019-10-30 00:00:00+09:00,4684.615234375,4707.6923828125,4623.0771484375,4707.6923828125,50194,0.0,0.0
2019-10-31 00:00:00+09:00,4700.0,4838.46142578125,4700.0,4753.84619140625,130815,0.0,0.0
2019-11-01 00:00:00+09:00,4769.23095703125,4992.3076171875,4746.15380859375,4846.15380859375,237011,0.0,0.0
2019-11-04 00:00:00+09:00,4861.53857421875,4984.615234375,4784.615234375,4869.23095703125,128449,0.0,0.0
2019-11-05 00:00:00+09:00,4869.23095703125,4907.6923828125,4830.76904296875,4876.9228515625,45102,0.0,0.0
2019-11-06 00:00:00+09:00,4876.9228515625,4907.6923828125,4830.76904296875,4892.3076171875,45666,0.0,0.0
2019-11-07 00:00:00+09:00,4892.3076171875,5038.46142578125,4884.615234375,4923.0771484375,122613,0.0,0.0
2019-11-08 00:00:00+09:00,4946.15380859375,5023.0771484375,4907.6923828125,4976.9228515625,77634,0.0,0.0
2019-11-11 00:00:00+09:00,5030.76904296875,5046.15380859375,4861.53857421875,5046.15380859375,122197,0.0,0.0
2019-11-12 00:00:00+09:00,5000.0,5315.384765625,4969.23095703125,5269.23095703125,313689,0.0,0.0
2019-11-13 00:00:00+09:00,5215.384765625,5307.6923828125,5176.9228515625,5246.15380859375,172230,0.0,0.0
2019-11-14 00:00:00+09:00,5261.53857421875,5307.6923828125,5200.0,5269.23095703125,95865,0.0,0.0
2019-11-15 00:00:00+09:00,5230.76904296875,5300.0,5176.9228515625,5269.23095703125,82539,0.0,0.0
2019-11-18 00:00:00+09:00,5253.84619140625,5330.76904296875,5230.76904296875,5276.9228515625,90455,0.0,0.0
2019-11-19 00:00:00+09:00,5261.53857421875,5261.53857421875,5084.615234375,5084.615234375,87108,0.0,0.0
2019-11-20 00:00:00+09:00,5084.615234375,5246.15380859375,5000.0,5107.6923828125,135905,0.0,0.0
2019-11-21 00:00:00+09:00,5076.9228515625,5184.615234375,4900.0,5038.46142578125,141259,0.0,0.0
2019-11-22 00:00:00+09:00,5000.0,5246.15380859375,4992.3076171875,5153.84619140625,79302,0.0,0.0
2019-11-25 00:00:00+09:00,5084.615234375,5415.384765625,5084.615234375,5323.0771484375,92168,0.0,0.0
2019-11-26 00:00:00+09:00,5323.0771484375,5600.0,5307.6923828125,5546.15380859375,168325,0.0,0.0
2019-11-27 00:00:00+09:00,5546.15380859375,5615.384765625,5353.84619140625,5461.53857421875,106436,0.0,0.0
2019-11-28 00:00:00+09:00,5500.0,5523.0771484375,5323.0771484375,5507.6923828125,85118,0.0,0.0
2019-11-29 00:00:00+09:00,5461.53857421875,5553.84619140625,5400.0,5515.384765625,52096,0.0,0.0
2019-12-02 00:00:00+09:00,5576.9228515625,5576.9228515625,5361.53857421875,5415.384765625,69837,0.0,0.0
2019-12-03 00:00:00+09:00,5392.3076171875,5438.46142578125,5338.46142578125,5407.6923828125,50556,0.0,0.0
2019-12-04 00:00:00+09:00,5369.23095703125,5461.53857421875,5330.76904296875,5415.384765625,42754,0.0,0.0
2019-12-05 00:00:00+09:00,5400.0,5753.84619140625,5400.0,5592.3076171875,155632,0.0,0.0
2019-12-06 00:00:00+09:00,5546.15380859375,5638.46142578125,5515.384765625,5630.76904296875,52668,0.0,0.0
2019-12-09 00:00:00+09:00,5630.76904296875,5676.9228515625,4915.384765625,5069.23095703125,243254,0.0,0.0
2019-12-10 00:00:00+09:00,5092.3076171875,5200.0,4953.84619140625,5115.384765625,34115,0.0,0.0
2019-12-11 00:00:00+09:00,5123.0771484375,5184.615234375,5076.9228515625,5169.23095703125,30181,0.0,0.0
2019-12-12 00:00:00+09:00,5115.384765625,5192.3076171875,5076.9228515625,5115.384765625,39839,0.0,0.0
2019-12-13 00:00:00+09:00,5115.384765625,5207.6923828125,5084.615234375,5130.76904296875,52824,0.0,0.0
2019-12-16 00:00:00+09:00,5092.3076171875,5207.6923828125,5092.3076171875,5161.53857421875,55868,0.0,0.0
2019-12-17 00:00:00+09:00,5153.84619140625,5192.3076171875,4923.0771484375,5053.84619140625,87493,0.0,0.0
2019-12-18 00:00:00+09:00,5053.84619140625,5092.3076171875,4992.3076171875,5038.46142578125,34184,0.0,0.0
2019-12-19 00:00:00+09:00,5084.615234375,5084.615234375,4792.3076171875,4961.53857421875,53531,0.0,0.0
2019-12-20 00:00:00+09:00,5000.0,5030.76904296875,4923.0771484375,4976.9228515625,44314,0.0,0.0
2019-12-23 00:00:00+09:00,5000.0,5000.0,4684.615234375,4915.384765625,141966,0.0,0.0
2019-12-24 00:00:00+09:00,4915.384765625,4961.53857421875,4569.23095703125,4784.615234375,121378,0.0,0.0
2019-12-26 00:00:00+09:00,4784.615234375,4915.384765625,4707.6923828125,4876.9228515625,78294,0.0,0.0
2019-12-27 00:00:00+09:00,5038.46142578125,5038.46142578125,4869.23095703125,4953.84619140625,35770,0.0,0.0
2019-12-30 00:00:00+09:00,4923.0771484375,4961.53857421875,4692.3076171875,4792.3076171875,65679,0.0,0.0
2020-01-02 00:00:00+09:00,4753.84619140625,4807.6923828125,4669.23095703125,4769.23095703125,38344,0.0,0.0
2020-01-03 00:00:00+09:00,4792.3076171875,4792.3076171875,4723.0771484375,4769.23095703125,19784,0.0,0.0
2020-01-06 00:00:00+09:00,4753.84619140625,4753.84619140625,4638.46142578125,4723.0771484375,18587,0.0,0.0
2020-01-07 00:00:00+09:00,4692.3076171875,4784.615234375,4692.3076171875,4746.15380859375,13813,0.0,0.0
2020-01-08 00:00:00+09:00,4746.15380859375,4746.15380859375,4530.76904296875,4623.0771484375,56388,0.0,0.0
2020-01-09 00:00:00+09:00,4623.0771484375,4715.384765625,4592.3076171875,4676.9228515625,36193,0.0,0.0
2020-01-10 00:00:00+09:00,4692.3076171875,4784.615234375,4638.46142578125,4769.23095703125,27555,0.0,0.0
2020-01-13 00:00:00+09:00,4807.6923828125,4807.6923828125,4561.53857421875,4638.46142578125,60713,0.0,0.0
2020-01-14 00:00:00+09:00,4669.23095703125,4684.615234375,4461.53857421875,4561.53857421875,84429,0.0,0.0
2020-01-15 00:00:00+09:00,4561.53857421875,4592.3076171875,4492.3076171875,4569.23095703125,33942,0.0,0.0
2020-01-16 00:00:00+09:00,4530.76904296875,4723.0771484375,4530.76904296875,4707.6923828125,33703,0.0,0.0
2020-01-17 00:00:00+09:00,4730.76904296875,4838.46142578125,4684.615234375,4730.76904296875,44705,0.0,0.0
2020-01-20 00:00:00+09:00,4730.76904296875,4761.53857421875,4607.6923828125,4653.84619140625,16209,0.0,0.0
2020-01-21 00:00:00+09:00,4653.84619140625,4676.9228515625,4530.76904296875,4592.3076171875,40220,0.0,0.0
2020-01-22 00:00:00+09:00,4615.384765625,4638.46142578125,4553.84619140625,4615.384765625,27628,0.0,0.0
2020-01-23 00:00:00+09:00,4600.0,4684.615234375,4553.84619140625,4584.615234375,17574,0.0,0.0
2020-01-28 00:00:00+09:00,4469.23095703125,4469.23095703125,4353.84619140625,4469.23095703125,42875,0.0,0.0
2020-01-29 00:00:00+09:00,4469.23095703125,4538.46142578125,4346.15380859375,4476.9228515625,34174,0.0,0.0
2020-01-30 00:00:00+09:00,4530.76904296875,4530.76904296875,4284.615234375,4400.0,56055,0.0,0.0
2020-01-31 00:00:00+09:00,4400.0,4453.84619140625,4269.23095703125,4338.46142578125,36302,0.0,0.0
2020-02-03 00:00:00+09:00,4253.84619140625,4338.46142578125,3953.84619140625,4269.23095703125,60196,0.0,0.0
2020-02-04 00:00:00+09:00,4269.23095703125,4292.3076171875,4153.84619140625,4238.46142578125,23646,0.0,0.0
2020-02-05 00:00:00+09:00,4261.53857421875,4300.0,4176.9228515625,4230.76904296875,31831,0.0,0.0
2020-02-06 00:00:00+09:00,4446.15380859375,4446.15380859375,4076.923095703125,4292.3076171875,82214,0.0,0.0
2020-02-07 00:00:00+09:00,4269.23095703125,4338.46142578125,4230.76904296875,4284.615234375,29063,0.0,0.0
2020-02-10 00:00:00+09:00,4269.23095703125,4338.46142578125,4230.76904296875,4269.23095703125,27962,0.0,0.0
2020-02-11 00:00:00+09:00,4276.9228515625,4323.0771484375,4169.23095703125,4230.76904296875,27169,0.0,0.0
2020-02-12 00:00:00+09:00,4269.23095703125,4269.23095703125,4161.53857421875,4230.76904296875,26710,0.0,0.0
2020-02-13 00:00:00+09:00,4223.0771484375,4269.23095703125,4161.53857421875,4261.53857421875,52159,0.0,0.0
2020-02-14 00:00:00+09:00,4269.23095703125,4269.23095703125,4192.3076171875,4238.46142578125,20702,0.0,0.0
2020-02-17 00:00:00+09:00,4230.76904296875,4530.76904296875,4215.384765625,4446.15380859375,42034,0.0,0.0
2020-02-18 00:00:00+09:00,4446.15380859375,4500.0,4346.15380859375,4392.3076171875,22149,0.0,0.0
2020-02-19 00:00:00+09:00,4392.3076171875,4392.3076171875,4230.76904296875,4238.46142578125,57533,0.0,0.0
2020-02-20 00:00:00+09:00,4238.46142578125,4246.15380859375,4092.3076171875,4123.0771484375,24265,0.0,0.0
2020-02-21 00:00:00+09:00,4123.0771484375,4138.46142578125,3984.615478515625,4030.769287109375,36896,0.0,0.0
2020-02-24 00:00:00+09:00,3961.53857421875,4023.076904296875,3773.076904296875,3846.15380859375,47312,0.0,0.0
2020-02-25 00:00:00+09:00,3838.46142578125,3984.615478515625,3615.384521484375,3842.3076171875,24200,0.0,0.0
2020-02-26 00:00:00+09:00,3992.3076171875,3992.3076171875,3707.6923828125,3730.769287109375,32475,0.0,0.0
2020-02-27 00:00:00+09:00,3750.0,3750.0,3553.84619140625,3676.923095703125,30948,0.0,0.0
2020-02-28 00:00:00+09:00,3626.923095703125,3676.923095703125,3307.6923828125,3396.15380859375,37681,0.0,0.0
2020-03-02 00:00:00+09:00,3546.15380859375,4407.6923828125,3461.53857421875,3976.923095703125,1000426,0.0,0.0
2020-03-03 00:00:00+09:00,4007.6923828125,4038.46142578125,3696.15380859375,3707.6923828125,260226,0.0,0.0
2020-03-04 00:00:00+09:00,3707.6923828125,3780.769287109375,3592.3076171875,3692.3076171875,56964,0.0,0.0
2020-03-05 00:00:00+09:00,3700.0,3750.0,3530.769287109375,3650.0,50103,0.0,0.0
2020-03-06 00:00:00+09:00,3650.0,3650.0,3507.6923828125,3538.46142578125,58386,0.0,0.0
2020-03-09 00:00:00+09:00,3538.46142578125,3557.6923828125,3303.84619140625,3419.230712890625,107047,0.0,0.0
2020-03-10 00:00:00+09:00,3307.6923828125,3311.53857421875,3192.3076171875,3307.6923828125,61930,0.0,0.0
2020-03-11 00:00:00+09:00,3446.15380859375,3519.230712890625,3176.923095703125,3284.615478515625,59996,0.0,0.0
2020-03-12 00:00:00+09:00,3076.923095703125,3076.923095703125,2488.46142578125,2815.384521484375,284178,0.0,0.0
2020-03-13 00:00:00+09:00,2357.6923828125,2776.923095703125,2253.84619140625,2538.46142578125,112284,0.0,0.0
2020-03-16 00:00:00+09:00,2553.84619140625,2869.230712890625,2553.84619140625,2688.46142578125,97358,0.0,0.0
2020-03-17 00:00:00+09:00,2538.46142578125,2688.46142578125,2423.076904296875,2646.15380859375,93816,0.0,0.0
2020-03-18 00:00:00+09:00,2580.769287109375,2942.3076171875,2580.769287109375,2684.615478515625,98060,0.0,0.0
2020-03-19 00:00:00+09:00,2696.15380859375,2815.384521484375,2315.384521484375,2442.3076171875,80651,0.0,0.0
2020-03-20 00:00:00+09:00,2346.15380859375,2757.6923828125,2315.384521484375,2461.53857421875,58293,0.0,0.0
2020-03-23 00:00:00+09:00,2311.53857421875,2434.615478515625,2153.84619140625,2319.230712890625,86644,0.0,0.0
2020-03-24 00:00:00+09:00,2423.076904296875,2500.0,2342.3076171875,2438.46142578125,26609,0.0,0.0
2020-03-25 00:00:00+09:00,2411.53857421875,2615.384521484375,2407.6923828125,2523.076904296875,70479,0.0,0.0
2020-03-26 00:00:00+09:00,2630.769287109375,2907.6923828125,2361.53857421875,2846.15380859375,85659,0.0,0.0
2020-03-27 00:00:00+09:00,2950.0,3076.923095703125,2730.769287109375,2761.53857421875,53476,0.0,0.0
2020-03-30 00:00:00+09:00,2769.230712890625,2803.84619140625,2426.923095703125,2792.3076171875,25444,0.0,0.0
2020-03-31 00:00:00+09:00,2750.0,3207.6923828125,2750.0,3207.6923828125,82033,0.0,0.0
2020-04-17 00:00:00+09:00,4153.84619140625,4153.84619140625,4153.84619140625,4153.84619140625,164021,0.0,0.0
2020-04-20 00:00:00+09:00,4865.384765625,5346.15380859375,4461.53857421875,4596.15380859375,2007951,0.0,0.0
2020-04-21 00:00:00+09:00,4519.23095703125,4846.15380859375,4115.384765625,4634.615234375,435151,0.0,0.0
2020-04-22 00:00:00+09:00,4596.15380859375,4865.384765625,4576.9228515625,4730.76904296875,242439,0.0,0.0
2020-04-23 00:00:00+09:00,4846.15380859375,5326.9228515625,4750.0,5000.0,547092,0.0,0.0
2020-04-24 00:00:00+09:00,5057.6923828125,5153.84619140625,4846.15380859375,5000.0,261941,0.0,0.0
2020-04-27 00:00:00+09:00,5000.0,5500.0,5000.0,5442.3076171875,376754,0.0,0.0
2020-04-28 00:00:00+09:00,5442.3076171875,5442.3076171875,4980.76904296875,5326.9228515625,212278,0.0,0.0
2020-04-29 00:00:00+09:00,5307.6923828125,5480.76904296875,5307.6923828125,5423.0771484375,162466,0.0,0.0
2020-05-04 00:00:00+09:00,5500.0,5596.15380859375,5307.6923828125,5403.84619140625,173801,0.0,0.0
2020-05-06 00:00:00+09:00,5403.84619140625,5461.53857421875,4923.0771484375,5423.0771484375,157257,0.0,0.0
2020-05-07 00:00:00+09:00,5538.46142578125,5538.46142578125,5307.6923828125,5423.0771484375,151760,0.0,0.0
2020-05-08 00:00:00+09:00,5442.3076171875,5807.6923828125,5403.84619140625,5730.76904296875,343628,0.0,0.0
2020-05-11 00:00:00+09:00,5730.76904296875,5788.46142578125,5634.615234375,5750.0,106166,0.0,0.0
2020-05-12 00:00:00+09:00,5750.0,5807.6923828125,5634.615234375,5653.84619140625,106952,0.0,0.0
2020-05-13 00:00:00+09:00,5615.384765625,5769.23095703125,5519.23095703125,5730.76904296875,139646,0.0,0.0
2020-05-14 00:00:00+09:00,5730.76904296875,7384.615234375,5711.53857421875,6807.6923828125,1311502,0.0,0.0
2020-05-15 00:00:00+09:00,7192.3076171875,7423.0771484375,6884.615234375,7173.0771484375,962868,0.0,0.0
2020-05-18 00:00:00+09:00,7230.76904296875,7442.3076171875,7076.9228515625,7269.23095703125,248618,0.0,0.0
2020-05-19 00:00:00+09:00,7307.6923828125,7442.3076171875,7115.384765625,7288.46142578125,199431,0.0,0.0
2020-05-20 00:00:00+09:00,7288.46142578125,7307.6923828125,7038.46142578125,7192.3076171875,184962,0.0,0.0
2020-05-21 00:00:00+09:00,7615.384765625,7615.384765625,7173.0771484375,7288.46142578125,227318,0.0,0.0
2020-05-22 00:00:00+09:00,7153.84619140625,7192.3076171875,6442.3076171875,6923.0771484375,274995,0.0,0.0
2020-05-25 00:00:00+09:00,6942.3076171875,6980.76904296875,6692.3076171875,6865.384765625,132989,0.0,0.0
2020-05-26 00:00:00+09:00,6865.384765625,6923.0771484375,6211.53857421875,6423.0771484375,257686,0.0,0.0
2020-05-27 00:00:00+09:00,6423.0771484375,6634.615234375,6000.0,6326.9228515625,337028,0.0,0.0
2020-05-28 00:00:00+09:00,6423.0771484375,6750.0,6346.15380859375,6423.0771484375,235882,0.0,0.0
2020-05-29 00:00:00+09:00,6423.0771484375,6500.0,6038.46142578125,6288.46142578125,104935,0.0,0.0
2020-06-01 00:00:00+09:00,6326.9228515625,6692.3076171875,6250.0,6615.384765625,155539,0.0,0.0
2020-06-02 00:00:00+09:00,6750.0,7326.9228515625,6596.15380859375,7230.76904296875,559576,0.0,0.0
2020-06-03 00:00:00+09:00,7423.0771484375,9384.615234375,7346.15380859375,8653.845703125,3975160,0.0,0.0
2020-06-04 00:00:00+09:00,8557.6923828125,8980.76953125,8076.9228515625,8576.9228515625,1186794,0.0,0.0
2020-06-05 00:00:00+09:00,8576.9228515625,8923.0771484375,8461.5380859375,8807.6923828125,431178,0.0,0.0
2020-06-08 00:00:00+09:00,8942.3076171875,9134.615234375,8653.845703125,8884.615234375,457030,0.0,0.0
2020-06-09 00:00:00+09:00,9096.154296875,9096.154296875,8230.76953125,8384.615234375,311457,0.0,0.0
2020-06-10 00:00:00+09:00,8461.5380859375,8750.0,8269.23046875,8442.3076171875,283415,0.0,0.0
2020-06-11 00:00:00+09:00,8615.384765625,8673.0771484375,8288.4619140625,8423.0771484375,294937,0.0,0.0
2020-06-12 00:00:00+09:00,7884.615234375,8307.6923828125,7750.0,8134.615234375,450962,0.0,0.0
2020-06-15 00:00:00+09:00,8134.615234375,8884.615234375,7615.384765625,7692.3076171875,632887,0.0,0.0
2020-06-16 00:00:00+09:00,8038.46142578125,8288.4619140625,7865.384765625,8134.615234375,273655,0.0,0.0
2020-06-17 00:00:00+09:00,7961.53857421875,8269.23046875,7653.84619140625,7923.0771484375,212419,0.0,0.0
2020-06-18 00:00:00+09:00,7923.0771484375,7961.53857421875,7576.9228515625,7673.0771484375,198364,0.0,0.0
2020-06-19 00:00:00+09:00,7711.53857421875,7961.53857421875,7500.0,7884.615234375,246460,0.0,0.0
2020-06-22 00:00:00+09:00,7961.53857421875,8192.3076171875,7750.0,7884.615234375,210356,0.0,0.0
2020-06-23 00:00:00+09:00,7903.84619140625,7961.53857421875,7653.84619140625,7769.23095703125,217097,0.0,0.0
2020-06-24 00:00:00+09:00,7769.23095703125,8134.615234375,7519.23095703125,8076.9228515625,264508,0.0,0.0
2020-06-25 00:00:00+09:00,8326.9228515625,8634.615234375,7807.6923828125,8076.9228515625,610233,0.0,0.0
2020-06-26 00:00:00+09:00,8153.84619140625,8461.5380859375,8076.9228515625,8192.3076171875,244424,0.0,0.0
2020-06-29 00:00:00+09:00,8403.845703125,8403.845703125,8019.23095703125,8192.3076171875,214238,0.0,0.0
2020-06-30 00:00:00+09:00,8269.23046875,8269.23046875,7615.384765625,7730.76904296875,383480,0.0,0.0
2020-07-01 00:00:00+09:00,7750.0,7961.53857421875,7500.0,7634.615234375,131669,0.0,0.0
2020-07-02 00:00:00+09:00,7519.23095703125,7711.53857421875,7288.46142578125,7576.9228515625,149114,0.0,0.0
2020-07-03 00:00:00+09:00,7615.384765625,8096.15380859375,7500.0,7961.53857421875,232485,0.0,0.0
2020-07-06 00:00:00+09:00,8038.46142578125,8038.46142578125,7653.84619140625,7692.3076171875,130305,0.0,0.0
2020-07-07 00:00:00+09:00,7692.3076171875,7711.53857421875,7384.615234375,7576.9228515625,123550,0.0,0.0
2020-07-08 00:00:00+09:00,7538.46142578125,7538.46142578125,7153.84619140625,7250.0,164465,0.0,0.0
2020-07-09 00:00:00+09:00,7250.0,7423.0771484375,7115.384765625,7346.15380859375,106504,0.0,0.0
2020-07-10 00:00:00+09:00,7442.3076171875,7442.3076171875,7115.384765625,7173.0771484375,75668,0.0,0.0
2020-07-13 00:00:00+09:00,7269.23095703125,7269.23095703125,6980.76904296875,7076.9228515625,85994,0.0,0.0
2020-07-14 00:00:00+09:00,7173.0771484375,7173.0771484375,6846.15380859375,6903.84619140625,106598,0.0,0.0
2020-07-15 00:00:00+09:00,6884.615234375,7365.384765625,6653.84619140625,7288.46142578125,216512,0.0,0.0
2020-07-16 00:00:00+09:00,7346.15380859375,7865.384765625,7307.6923828125,7480.76904296875,285785,0.0,0.0
2020-07-17 00:00:00+09:00,7500.0,8384.615234375,7500.0,8153.84619140625,500003,0.0,0.0
2020-07-20 00:00:00+09:00,8153.84619140625,8153.84619140625,7730.76904296875,7807.6923828125,192424,0.0,0.0
2020-07-21 00:00:00+09:00,7826.9228515625,7961.53857421875,7673.0771484375,7807.6923828125,148066,0.0,0.0
2020-07-22 00:00:00+09:00,7788.46142578125,8038.46142578125,7653.84619140625,7807.6923828125,123933,0.0,0.0
2020-07-23 00:00:00+09:00,7807.6923828125,8019.23095703125,7326.9228515625,7423.0771484375,206339,0.0,0.0
2020-07-24 00:00:00+09:00,7423.0771484375,7923.0771484375,7326.9228515625,7711.53857421875,181288,0.0,0.0
2020-07-27 00:00:00+09:00,7673.0771484375,7788.46142578125,7596.15380859375,7634.615234375,93744,0.0,0.0
2020-07-28 00:00:00+09:00,7692.3076171875,7903.84619140625,7557.6923828125,7596.15380859375,125906,0.0,0.0
2020-07-29 00:00:00+09:00,7576.9228515625,7596.15380859375,7403.84619140625,7538.46142578125,61672,0.0,0.0
2020-07-30 00:00:00+09:00,7538.46142578125,7557.6923828125,7307.6923828125,7365.384765625,79627,0.0,0.0
2020-07-31 00:00:00+09:00,7365.384765625,7423.0771484375,7096.15380859375,7250.0,137269,0.0,0.0
2020-08-03 00:00:00+09:00,7673.0771484375,7846.15380859375,7115.384765625,7596.15380859375,171887,0.0,0.0
2020-08-04 00:00:00+09:00,7596.15380859375,7634.615234375,7384.615234375,7480.76904296875,81916,0.0,0.0
2020-08-05 00:00:00+09:00,7519.23095703125,7519.23095703125,7096.15380859375,7346.15380859375,115415,0.0,0.0
2020-08-06 00:00:00+09:00,7346.15380859375,7423.0771484375,7076.9228515625,7115.384765625,110551,0.0,0.0
2020-08-07 00:00:00+09:00,7307.6923828125,7538.46142578125,7269.23095703125,7442.3076171875,160932,0.0,0.0
2020-08-10 00:00:00+09:00,7538.46142578125,8596.154296875,7538.46142578125,8423.0771484375,696188,0.0,0.0
2020-08-11 00:00:00+09:00,8423.0771484375,8423.0771484375,7826.9228515625,8019.23095703125,370457,0.0,0.0
2020-08-12 00:00:00+09:00,8076.9228515625,8076.9228515625,7673.0771484375,7769.23095703125,150234,0.0,0.0
2020-08-13 00:00:00+09:00,7769.23095703125,7980.76904296875,7634.615234375,7653.84619140625,137589,0.0,0.0
2020-08-14 00:00:00+09:00,7730.76904296875,7730.76904296875,7480.76904296875,7692.3076171875,174056,0.0,0.0
2020-08-18 00:00:00+09:00,7692.3076171875,7711.53857421875,7019.23095703125,7173.0771484375,175441,0.0,0.0
2020-08-19 00:00:00+09:00,7173.0771484375,7461.53857421875,6961.53857421875,7307.6923828125,100924,0.0,0.0
2020-08-20 00:00:00+09:00,7288.46142578125,7326.9228515625,6730.76904296875,6884.615234375,151218,0.0,0.0
2020-08-21 00:00:00+09:00,7115.384765625,7115.384765625,6807.6923828125,6826.9228515625,65760,0.0,0.0
2020-08-24 00:00:00+09:00,7038.46142578125,7038.46142578125,6730.76904296875,6865.384765625,67788,0.0,0.0
2020-08-25 00:00:00+09:00,7096.15380859375,7288.46142578125,6807.6923828125,7000.0,96862,0.0,0.0
2020-08-26 00:00:00+09:00,7019.23095703125,7057.6923828125,6807.6923828125,6980.76904296875,92684,0.0,0.0
2020-08-27 00:00:00+09:00,6923.0771484375,7038.46142578125,6538.46142578125,6750.0,157520,0.0,0.0
2020-08-28 00:00:00+09:00,6750.0,6903.84619140625,6519.23095703125,6807.6923828125,120037,0.0,0.0
2020-08-31 00:00:00+09:00,6730.76904296875,6942.3076171875,6673.0771484375,6807.6923828125,94114,0.0,0.0
2020-09-01 00:00:00+09:00,6807.6923828125,6807.6923828125,6615.384765625,6730.76904296875,67149,0.0,0.0
2020-09-02 00:00:00+09:00,6884.615234375,6884.615234375,6538.46142578125,6615.384765625,127302,0.0,0.0
2020-09-03 00:00:00+09:00,6615.384765625,6673.0771484375,5961.53857421875,6134.615234375,699046,0.0,0.0
2020-09-04 00:00:00+09:00,5961.53857421875,6384.615234375,5807.6923828125,6115.384765625,372168,0.0,0.0
2020-09-07 00:00:00+09:00,6346.15380859375,6730.76904296875,6115.384765625,6384.615234375,353837,0.0,0.0
2020-09-08 00:00:00+09:00,6576.9228515625,6615.384765625,6384.615234375,6480.76904296875,184946,0.0,0.0
2020-09-09 00:00:00+09:00,6384.615234375,8365.384765625,6250.0,6884.615234375,1296628,0.0,0.0
2020-09-10 00:00:00+09:00,7153.84619140625,7173.0771484375,6576.9228515625,6615.384765625,284385,0.0,0.0
2020-09-11 00:00:00+09:00,6653.84619140625,7423.0771484375,6653.84619140625,7269.23095703125,860905,0.0,0.0
2020-09-14 00:00:00+09:00,7250.0,7403.84619140625,7096.15380859375,7153.84619140625,225027,0.0,0.0
2020-09-15 00:00:00+09:00,7153.84619140625,7192.3076171875,6807.6923828125,7115.384765625,266098,0.0,0.0
2020-09-16 00:00:00+09:00,7173.0771484375,7173.0771484375,6826.9228515625,6884.615234375,146055,0.0,0.0
2020-09-17 00:00:00+09:00,6903.84619140625,6961.53857421875,6692.3076171875,6692.3076171875,143861,0.0,0.0
2020-09-18 00:00:00+09:00,6750.0,6942.3076171875,6653.84619140625,6653.84619140625,62790,0.0,0.0
2020-09-21 00:00:00+09:00,6634.615234375,6730.76904296875,6442.3076171875,6480.76904296875,109486,0.0,0.0
2020-09-22 00:00:00+09:00,6461.53857421875,6500.0,6038.46142578125,6076.9228515625,145324,0.0,0.0
2020-09-23 00:00:00+09:00,6115.384765625,6269.23095703125,5884.615234375,6000.0,301689,0.0,0.0
2020-09-24 00:00:00+09:00,5980.76904296875,7250.0,5903.84619140625,6134.615234375,1287354,0.0,0.0
2020-09-25 00:00:00+09:00,6288.46142578125,6288.46142578125,5923.0771484375,6019.23095703125,130518,0.0,0.0
2020-09-28 00:00:00+09:00,6038.46142578125,6288.46142578125,6038.46142578125,6153.84619140625,73052,0.0,0.0
2020-09-29 00:00:00+09:00,6211.53857421875,6980.76904296875,6173.0771484375,6826.9228515625,376601,0.0,0.0
2020-10-05 00:00:00+09:00,6826.9228515625,6980.76904296875,6576.9228515625,6942.3076171875,165038,0.0,0.0
2020-10-06 00:00:00+09:00,6961.53857421875,7192.3076171875,6788.46142578125,6961.53857421875,198060,0.0,0.0
2020-10-07 00:00:00+09:00,6846.15380859375,7038.46142578125,6846.15380859375,6903.84619140625,60390,0.0,0.0
2020-10-08 00:00:00+09:00,6923.0771484375,7480.76904296875,6923.0771484375,7480.76904296875,463106,0.0,0.0
2020-10-12 00:00:00+09:00,7480.76904296875,7769.23095703125,7384.615234375,7538.46142578125,315503,0.0,0.0
2020-10-13 00:00:00+09:00,7615.384765625,7634.615234375,7057.6923828125,7250.0,245763,0.0,0.0
2020-10-14 00:00:00+09:00,7250.0,7384.615234375,7076.9228515625,7230.76904296875,90086,0.0,0.0
2020-10-15 00:00:00+09:00,7192.3076171875,7307.6923828125,6596.15380859375,6846.15380859375,181727,0.0,0.0
2020-10-16 00:00:00+09:00,6846.15380859375,6961.53857421875,6596.15380859375,6788.46142578125,80104,0.0,0.0
2020-10-19 00:00:00+09:00,6730.76904296875,6865.384765625,6153.84619140625,6346.15380859375,224977,0.0,0.0
2020-10-20 00:00:00+09:00,6326.9228515625,6538.46142578125,6153.84619140625,6384.615234375,154734,0.0,0.0
2020-10-21 00:00:00+09:00,6442.3076171875,6615.384765625,6326.9228515625,6384.615234375,91237,0.0,0.0
2020-10-22 00:00:00+09:00,6442.3076171875,6750.0,6346.15380859375,6557.6923828125,116155,0.0,0.0
2020-10-23 00:00:00+09:00,6557.6923828125,6673.0771484375,6500.0,6576.9228515625,57642,0.0,0.0
2020-10-26 00:00:00+09:00,6634.615234375,6673.0771484375,6365.384765625,6384.615234375,63096,0.0,0.0
2020-10-27 00:00:00+09:00,6384.615234375,6403.84619140625,6192.3076171875,6269.23095703125,70107,0.0,0.0
2020-10-28 00:00:00+09:00,6269.23095703125,7653.84619140625,6192.3076171875,6692.3076171875,838488,0.0,0.0
2020-10-29 00:00:00+09:00,6884.615234375,6884.615234375,6173.0771484375,6288.46142578125,368067,0.0,0.0
2020-10-30 00:00:00+09:00,6288.46142578125,6384.615234375,6230.76904296875,6307.6923828125,104719,0.0,0.0
2020-11-02 00:00:00+09:00,6307.6923828125,6442.3076171875,6230.76904296875,6250.0,81543,0.0,0.0
2020-11-03 00:00:00+09:00,6307.6923828125,6384.615234375,6211.53857421875,6230.76904296875,64756,0.0,0.0
2020-11-04 00:00:00+09:00,6211.53857421875,6288.46142578125,6173.0771484375,6173.0771484375,50860,0.0,0.0
2020-11-05 00:00:00+09:00,6192.3076171875,6307.6923828125,6173.0771484375,6211.53857421875,54682,0.0,0.0
2020-11-06 00:00:00+09:00,6269.23095703125,6596.15380859375,6192.3076171875,6596.15380859375,196383,0.0,0.0
2020-11-09 00:00:00+09:00,6615.384765625,6711.53857421875,6519.23095703125,6557.6923828125,108594,0.0,0.0
2020-11-10 00:00:00+09:00,6576.9228515625,6826.9228515625,6403.84619140625,6538.46142578125,165804,0.0,0.0
2020-11-11 00:00:00+09:00,6634.615234375,6653.84619140625,6384.615234375,6384.615234375,127920,0.0,0.0
2020-11-12 00:00:00+09:00,6500.0,6538.46142578125,6384.615234375,6442.3076171875,73169,0.0,0.0
2020-11-13 00:00:00+09:00,6442.3076171875,6480.76904296875,6288.46142578125,6461.53857421875,69285,0.0,0.0
2020-11-16 00:00:00+09:00,6576.9228515625,6576.9228515625,6173.0771484375,6230.76904296875,121513,0.0,0.0
2020-11-17 00:00:00+09:00,6211.53857421875,6288.46142578125,6115.384765625,6211.53857421875,89123,0.0,0.0
2020-11-18 00:00:00+09:00,6192.3076171875,6269.23095703125,6038.46142578125,6057.6923828125,122637,0.0,0.0
2020-11-19 00:00:00+09:00,6115.384765625,6192.3076171875,5961.53857421875,6076.9228515625,83385,0.0,0.0
2020-11-20 00:00:00+09:00,6057.6923828125,7038.46142578125,6038.46142578125,6461.53857421875,1378728,0.0,0.0
2020-11-23 00:00:00+09:00,7307.6923828125,7307.6923828125,6557.6923828125,7000.0,1459094,0.0,0.0
2020-11-24 00:00:00+09:00,7230.76904296875,7230.76904296875,6211.53857421875,6480.76904296875,1081147,0.0,0.0
2020-11-25 00:00:00+09:00,6480.76904296875,6519.23095703125,6153.84619140625,6230.76904296875,327980,0.0,0.0
2020-11-26 00:00:00+09:00,6230.76904296875,6250.0,6096.15380859375,6250.0,172325,0.0,0.0
2020-11-27 00:00:00+09:00,6230.76904296875,6288.46142578125,6153.84619140625,6250.0,81191,0.0,0.0
2020-11-30 00:00:00+09:00,6307.6923828125,6346.15380859375,6211.53857421875,6326.9228515625,88944,0.0,0.0
2020-12-01 00:00:00+09:00,6269.23095703125,6326.9228515625,6230.76904296875,6250.0,84701,0.0,0.0
2020-12-02 00:00:00+09:00,6326.9228515625,6461.53857421875,6211.53857421875,6269.23095703125,177110,0.0,0.0
2020-12-03 00:00:00+09:00,6269.23095703125,6346.15380859375,6173.0771484375,6211.53857421875,205432,0.0,0.0
2020-12-04 00:00:00+09:00,6211.53857421875,6250.0,6115.384765625,6173.0771484375,134710,0.0,0.0
2020-12-07 00:00:00+09:00,6173.0771484375,6250.0,6134.615234375,6192.3076171875,114685,0.0,0.0
2020-12-08 00:00:00+09:00,6250.0,6384.615234375,6134.615234375,6192.3076171875,88936,0.0,0.0
2020-12-09 00:00:00+09:00,6230.76904296875,6307.6923828125,6096.15380859375,6153.84619140625,231983,0.0,0.0
2020-12-10 00:00:00+09:00,6192.3076171875,6192.3076171875,6096.15380859375,6115.384765625,120063,0.0,0.0
2020-12-11 00:00:00+09:00,6153.84619140625,6230.76904296875,6019.23095703125,6096.15380859375,158881,0.0,0.0
2020-12-14 00:00:00+09:00,6153.84619140625,6153.84619140625,5903.84619140625,6038.46142578125,94212,0.0,0.0
2020-12-15 00:00:00+09:00,6000.0,6076.9228515625,5711.53857421875,5884.615234375,209230,0.0,0.0
2020-12-16 00:00:00+09:00,5903.84619140625,5980.76904296875,5750.0,5923.0771484375,116134,0.0,0.0
2020-12-17 00:00:00+09:00,5884.615234375,6038.46142578125,5846.15380859375,5923.0771484375,95241,0.0,0.0
2020-12-18 00:00:00+09:00,5980.76904296875,6019.23095703125,5903.84619140625,6000.0,107539,0.0,0.0
2020-12-21 00:00:00+09:00,6000.0,6000.0,5807.6923828125,5865.384765625,91068,0.0,0.0
2020-12-22 00:00:00+09:00,5865.384765625,5865.384765625,5576.9228515625,5615.384765625,161709,0.0,0.0
2020-12-23 00:00:00+09:00,5673.0771484375,5884.615234375,5423.0771484375,5846.15380859375,189882,0.0,0.0
2020-12-24 00:00:00+09:00,5942.3076171875,6057.6923828125,5596.15380859375,5788.46142578125,175655,0.0,0.0
2020-12-28 00:00:00+09:00,5788.46142578125,5807.6923828125,5576.9228515625,5576.9228515625,95913,0.0,0.0
2020-12-29 00:00:00+09:00,5596.15380859375,5769.23095703125,5596.15380859375,5750.0,53784,0.0,0.0
2020-12-30 00:00:00+09:00,5788.46142578125,6000.0,5769.23095703125,5980.76904296875,122333,0.0,0.0
2021-01-04 00:00:00+09:00,6000.0,6211.53857421875,5750.0,6076.9228515625,195234,0.0,0.0
2021-01-05 00:00:00+09:00,6096.15380859375,6730.76904296875,6019.23095703125,6615.384765625,757443,0.0,0.0
2021-01-06 00:00:00+09:00,6692.3076171875,6826.9228515625,6423.0771484375,6692.3076171875,336829,0.0,0.0
2021-01-07 00:00:00+09:00,6557.6923828125,6826.9228515625,6557.6923828125,6692.3076171875,225679,0.0,0.0
2021-01-08 00:00:00+09:00,6750.0,7153.84619140625,6673.0771484375,6826.9228515625,697606,0.0,0.0
2021-01-11 00:00:00+09:00,7173.0771484375,7192.3076171875,6519.23095703125,6653.84619140625,340333,0.0,0.0
2021-01-12 00:00:00+09:00,6673.0771484375,7000.0,6519.23095703125,6884.615234375,346821,0.0,0.0
2021-01-13 00:00:00+09:00,7019.23095703125,7019.23095703125,6596.15380859375,6615.384765625,190540,0.0,0.0
2021-01-14 00:00:00+09:00,6615.384765625,6826.9228515625,6307.6923828125,6596.15380859375,226582,0.0,0.0
2021-01-15 00:00:00+09:00,6596.15380859375,6673.0771484375,6403.84619140625,6576.9228515625,117577,0.0,0.0
2021-01-18 00:00:00+09:00,6461.53857421875,6615.384765625,6346.15380859375,6461.53857421875,154808,0.0,0.0
2021-01-19 00:00:00+09:00,6500.0,6576.9228515625,6153.84619140625,6423.0771484375,170632,0.0,0.0
2021-01-20 00:00:00+09:00,6442.3076171875,6807.6923828125,6346.15380859375,6788.46142578125,242683,0.0,0.0
2021-01-21 00:00:00+09:00,6730.76904296875,6750.0,6461.53857421875,6519.23095703125,156491,0.0,0.0
2021-01-22 00:00:00+09:00,6557.6923828125,6750.0,6519.23095703125,6576.9228515625,137880,0.0,0.0
2021-01-25 00:00:00+09:00,6500.0,7038.46142578125,6500.0,6788.46142578125,237626,0.0,0.0
2021-01-26 00:00:00+09:00,6807.6923828125,7115.384765625,6692.3076171875,6942.3076171875,506063,0.0,0.0
2021-01-27 00:00:00+09:00,7057.6923828125,7057.6923828125,6711.53857421875,6961.53857421875,288624,0.0,0.0
2021-01-28 00:00:00+09:00,6807.6923828125,7115.384765625,6692.3076171875,7000.0,283535,0.0,0.0
2021-01-29 00:00:00+09:00,7038.46142578125,7076.9228515625,6576.9228515625,6788.46142578125,257275,0.0,0.0
2021-02-01 00:00:00+09:00,6788.46142578125,6884.615234375,6538.46142578125,6673.0771484375,190698,0.0,0.0
2021-02-02 00:00:00+09:00,6673.0771484375,6711.53857421875,6557.6923828125,6615.384765625,83289,0.0,0.0
2021-02-03 00:00:00+09:00,6807.6923828125,6807.6923828125,6500.0,6576.9228515625,137103,0.0,0.0
2021-02-04 00:00:00+09:00,6576.9228515625,6634.615234375,6346.15380859375,6480.76904296875,118769,0.0,0.0
2021-02-05 00:00:00+09:00,6442.3076171875,6461.53857421875,6307.6923828125,6307.6923828125,100318,0.0,0.0
2021-02-08 00:00:00+09:00,6269.23095703125,6461.53857421875,6192.3076171875,6326.9228515625,97679,0.0,0.0
2021-02-09 00:00:00+09:00,6442.3076171875,6576.9228515625,6307.6923828125,6346.15380859375,79300,0.0,0.0
2021-02-10 00:00:00+09:00,6346.15380859375,6442.3076171875,6269.23095703125,6346.15380859375,63564,0.0,0.0
2021-02-15 00:00:00+09:00,6346.15380859375,6673.0771484375,6307.6923828125,6634.615234375,122729,0.0,0.0
2021-02-16 00:00:00+09:00,6653.84619140625,6807.6923828125,6557.6923828125,6596.15380859375,69460,0.0,0.0
2021-02-17 00:00:00+09:00,6538.46142578125,6653.84619140625,6423.0771484375,6634.615234375,124585,0.0,0.0
2021-02-18 00:00:00+09:00,6730.76904296875,7788.46142578125,6538.46142578125,7134.615234375,1726574,0.0,0.0
2021-02-19 00:00:00+09:00,7134.615234375,7134.615234375,6750.0,6884.615234375,353384,0.0,0.0
2021-02-22 00:00:00+09:00,6750.0,7057.6923828125,6730.76904296875,6846.15380859375,111873,0.0,0.0
2021-02-23 00:00:00+09:00,6865.384765625,6865.384765625,6634.615234375,6730.76904296875,108652,0.0,0.0
2021-02-24 00:00:00+09:00,6730.76904296875,6826.9228515625,6538.46142578125,6615.384765625,108233,0.0,0.0
2021-02-25 00:00:00+09:00,6807.6923828125,6807.6923828125,6576.9228515625,6673.0771484375,74582,0.0,0.0
2021-02-26 00:00:00+09:00,6538.46142578125,6615.384765625,6461.53857421875,6538.46142578125,100450,0.0,0.0
2021-03-02 00:00:00+09:00,6615.384765625,6942.3076171875,6615.384765625,6903.84619140625,184325,0.0,0.0
2021-03-03 00:00:00+09:00,6903.84619140625,7038.46142578125,6826.9228515625,6903.84619140625,94607,0.0,0.0
2021-03-04 00:00:00+09:00,6903.84619140625,6942.3076171875,6769.23095703125,6865.384765625,100936,0.0,0.0
2021-03-05 00:00:00+09:00,6865.384765625,6865.384765625,6634.615234375,6788.46142578125,100164,0.0,0.0
2021-03-08 00:00:00+09:00,6807.6923828125,6865.384765625,6730.76904296875,6750.0,57140,0.0,0.0
2021-03-09 00:00:00+09:00,6846.15380859375,6846.15380859375,6615.384765625,6711.53857421875,87220,0.0,0.0
2021-03-10 00:00:00+09:00,6826.9228515625,6923.0771484375,6711.53857421875,6750.0,138009,0.0,0.0
2021-03-11 00:00:00+09:00,6750.0,7000.0,6750.0,6942.3076171875,179505,0.0,0.0
2021-03-12 00:00:00+09:00,7038.46142578125,7500.0,6961.53857421875,7115.384765625,332337,0.0,0.0
2021-03-15 00:00:00+09:00,7307.6923828125,7750.0,7192.3076171875,7557.6923828125,441415,0.0,0.0
2021-03-16 00:00:00+09:00,7711.53857421875,7730.76904296875,7365.384765625,7576.9228515625,183708,0.0,0.0
2021-03-17 00:00:00+09:00,7576.9228515625,7769.23095703125,7538.46142578125,7730.76904296875,196379,0.0,0.0
2021-03-18 00:00:00+09:00,7730.76904296875,8769.23046875,7673.0771484375,8250.0,604654,0.0,0.0
2021-03-19 00:00:00+09:00,8250.0,8980.76953125,8230.76953125,8807.6923828125,769643,0.0,0.0
2021-03-22 00:00:00+09:00,9038.4619140625,9115.384765625,8038.46142578125,8153.84619140625,555871,0.0,0.0
2021-03-23 00:00:00+09:00,8269.23046875,8730.76953125,8173.0771484375,8346.154296875,219942,0.0,0.0
2021-03-24 00:00:00+09:00,8384.615234375,9346.154296875,8192.3076171875,9211.5380859375,560549,0.0,0.0
2021-03-25 00:00:00+09:00,9211.5380859375,9980.76953125,9192.3076171875,9884.615234375,549462,0.0,0.0
2021-03-26 00:00:00+09:00,9884.615234375,10461.5380859375,9269.23046875,9980.76953125,562733,0.0,0.0
2021-03-29 00:00:00+09:00,9884.615234375,9884.615234375,8807.6923828125,9000.0,508944,0.0,0.0
2021-03-30 00:00:00+09:00,9115.384765625,9384.615234375,8865.384765625,8903.845703125,136416,0.0,0.0
2021-03-31 00:00:00+09:00,8903.845703125,9038.4619140625,8423.0771484375,8576.9228515625,286605,0.0,0.0
2021-04-01 00:00:00+09:00,8576.9228515625,9134.615234375,8538.4619140625,8865.384765625,197833,0.0,0.0
2021-04-02 00:00:00+09:00,8846.154296875,9115.384765625,8692.3076171875,8942.3076171875,131636,0.0,0.0
2021-04-05 00:00:00+09:00,9076.9228515625,9076.9228515625,8173.0771484375,8423.0771484375,315068,0.0,0.0
2021-04-06 00:00:00+09:00,8480.76953125,8480.76953125,7903.84619140625,8057.6923828125,231126,0.0,0.0
2021-04-07 00:00:00+09:00,8096.15380859375,8250.0,7692.3076171875,8076.9228515625,192657,0.0,0.0
2021-04-08 00:00:00+09:00,8076.9228515625,8115.384765625,7846.15380859375,8115.384765625,88071,0.0,0.0
2021-04-09 00:00:00+09:00,8153.84619140625,8153.84619140625,7865.384765625,8076.9228515625,98110,0.0,0.0
2021-04-12 00:00:00+09:00,8038.46142578125,8269.23046875,7807.6923828125,8250.0,113441,0.0,0.0
2021-04-13 00:00:00+09:00,8250.0,8423.0771484375,8000.0,8057.6923828125,122757,0.0,0.0
2021-04-14 00:00:00+09:00,8000.0,8173.0771484375,7923.0771484375,8153.84619140625,63143,0.0,0.0
2021-04-15 00:00:00+09:00,8153.84619140625,8230.76953125,7903.84619140625,8096.15380859375,106879,0.0,0.0
2021-04-16 00:00:00+09:00,8134.615234375,8730.76953125,8019.23095703125,8538.4619140625,241146,0.0,0.0
2021-04-19 00:00:00+09:00,8576.9228515625,8807.6923828125,8307.6923828125,8346.154296875,181216,0.0,0.0
2021-04-20 00:00:00+09:00,8442.3076171875,8538.4619140625,8211.5380859375,8461.5380859375,124725,0.0,0.0
2021-04-21 00:00:00+09:00,8384.615234375,8519.23046875,8230.76953125,8403.845703125,92867,0.0,0.0
2021-04-22 00:00:00+09:00,8423.0771484375,9038.4619140625,8423.0771484375,8961.5380859375,361535,0.0,0.0
2021-04-23 00:00:00+09:00,8961.5380859375,9057.6923828125,8461.5380859375,8884.615234375,373220,0.0,0.0
2021-04-26 00:00:00+09:00,8865.384765625,9000.0,8461.5380859375,8807.6923828125,151380,0.0,0.0
2021-04-27 00:00:00+09:00,8807.6923828125,8961.5380859375,8653.845703125,8788.4619140625,165583,0.0,0.0
2021-04-28 00:00:00+09:00,8788.4619140625,8826.9228515625,8480.76953125,8480.76953125,98913,0.0,0.0
2021-04-29 00:00:00+09:00,8500.0,8576.9228515625,8307.6923828125,8365.384765625,87955,0.0,0.0
2021-04-30 00:00:00+09:00,8365.384765625,8500.0,7923.0771484375,8134.615234375,81530,0.0,0.0
2021-05-03 00:00:00+09:00,8153.84619140625,8326.9228515625,7923.0771484375,8038.46142578125,74611,0.0,0.0
2021-05-04 00:00:00+09:00,7980.76904296875,8134.615234375,7730.76904296875,8038.46142578125,92037,0.0,0.0
2021-05-06 00:00:00+09:00,8173.0771484375,8173.0771484375,7807.6923828125,7942.3076171875,74395,0.0,0.0
2021-05-07 00:00:00+09:00,7750.0,8038.46142578125,7750.0,7942.3076171875,52325,0.0,0.0
2021-05-10 00:00:00+09:00,8115.384765625,8115.384765625,7807.6923828125,7942.3076171875,85675,0.0,0.0
2021-05-11 00:00:00+09:00,7826.9228515625,8057.6923828125,7692.3076171875,8000.0,108632,0.0,0.0
2021-05-12 00:00:00+09:00,8000.0,8000.0,7750.0,7826.9228515625,69104,0.0,0.0
2021-05-13 00:00:00+09:00,7769.23095703125,8038.46142578125,7673.0771484375,7807.6923828125,85877,0.0,0.0
2021-05-14 00:00:00+09:00,7923.0771484375,7923.0771484375,7750.0,7826.9228515625,39914,0.0,0.0
2021-05-17 00:00:00+09:00,7826.9228515625,7980.76904296875,7750.0,7846.15380859375,67345,0.0,0.0
2021-05-18 00:00:00+09:00,7942.3076171875,7942.3076171875,7615.384765625,7634.615234375,69667,0.0,0.0
2021-05-20 00:00:00+09:00,7692.3076171875,7692.3076171875,6942.3076171875,7307.6923828125,145123,0.0,0.0
2021-05-21 00:00:00+09:00,7480.76904296875,7557.6923828125,7269.23095703125,7423.0771484375,65450,0.0,0.0
2021-05-24 00:00:00+09:00,7596.15380859375,7596.15380859375,7096.15380859375,7230.76904296875,59975,0.0,0.0
2021-05-25 00:00:00+09:00,7173.0771484375,7384.615234375,7153.84619140625,7230.76904296875,37307,0.0,0.0
2021-05-26 00:00:00+09:00,7365.384765625,7365.384765625,7057.6923828125,7192.3076171875,51401,0.0,0.0
2021-05-27 00:00:00+09:00,7230.76904296875,7884.615234375,7173.0771484375,7769.23095703125,268678,0.0,0.0
2021-05-28 00:00:00+09:00,7865.384765625,7980.76904296875,7557.6923828125,7865.384765625,156451,0.0,0.0
2021-05-31 00:00:00+09:00,7865.384765625,8134.615234375,7807.6923828125,8038.46142578125,132273,0.0,0.0
2021-06-01 00:00:00+09:00,8038.46142578125,8153.84619140625,7865.384765625,7923.0771484375,69518,0.0,0.0
2021-06-02 00:00:00+09:00,7923.0771484375,7942.3076171875,7692.3076171875,7769.23095703125,66457,0.0,0.0
2021-06-03 00:00:00+09:00,7769.23095703125,7903.84619140625,7711.53857421875,7788.46142578125,58027,0.0,0.0
2021-06-04 00:00:00+09:00,7788.46142578125,7807.6923828125,7673.0771484375,7730.76904296875,39948,0.0,0.0
2021-06-07 00:00:00+09:00,7865.384765625,7865.384765625,7500.0,7576.9228515625,86349,0.0,0.0
2021-06-08 00:00:00+09:00,7673.0771484375,7692.3076171875,7461.53857421875,7576.9228515625,105221,0.0,0.0
2021-06-09 00:00:00+09:00,7576.9228515625,7576.9228515625,7307.6923828125,7384.615234375,116161,0.0,0.0
2021-06-10 00:00:00+09:00,7423.0771484375,7673.0771484375,7269.23095703125,7615.384765625,99480,0.0,0.0
2021-06-11 00:00:00+09:00,7576.9228515625,7807.6923828125,7557.6923828125,7634.615234375,57820,0.0,0.0
2021-06-14 00:00:00+09:00,7634.615234375,7673.0771484375,7423.0771484375,7461.53857421875,45687,0.0,0.0
2021-06-15 00:00:00+09:00,7500.0,7673.0771484375,7230.76904296875,7403.84619140625,149640,0.0,0.0
2021-06-16 00:00:00+09:00,7500.0,7500.0,7288.46142578125,7307.6923828125,72639,0.0,0.0
2021-06-17 00:00:00+09:00,7269.23095703125,7403.84619140625,7230.76904296875,7384.615234375,38465,0.0,0.0
2021-06-18 00:00:00+09:00,7384.615234375,7480.76904296875,7192.3076171875,7423.0771484375,63041,0.0,0.0
2021-06-21 00:00:00+09:00,7423.0771484375,7442.3076171875,7211.53857421875,7288.46142578125,81335,0.0,0.0
2021-06-22 00:00:00+09:00,7442.3076171875,7442.3076171875,6942.3076171875,7307.6923828125,51833,0.0,0.0
2021-06-23 00:00:00+09:00,7230.76904296875,7442.3076171875,7230.76904296875,7384.615234375,58294,0.0,0.0
2021-06-24 00:00:00+09:00,7403.84619140625,7423.0771484375,7250.0,7288.46142578125,46719,0.0,0.0
2021-06-25 00:00:00+09:00,7288.46142578125,7326.9228515625,7211.53857421875,7288.46142578125,103449,0.0,0.0
2021-06-28 00:00:00+09:00,7365.384765625,8769.23046875,7250.0,7961.53857421875,809664,0.0,0.0
2021-06-29 00:00:00+09:00,7961.53857421875,8346.154296875,7961.53857421875,7980.76904296875,316434,0.0,0.0
2021-06-30 00:00:00+09:00,8115.384765625,8230.76953125,8019.23095703125,8057.6923828125,179338,0.0,0.0
2021-07-01 00:00:00+09:00,8134.615234375,8153.84619140625,7884.615234375,8038.46142578125,100594,0.0,0.0
2021-07-02 00:00:00+09:00,8057.6923828125,8346.154296875,8019.23095703125,8076.9228515625,281691,0.0,0.0
2021-07-05 00:00:00+09:00,8096.15380859375,8096.15380859375,7634.615234375,7788.46142578125,146123,0.0,0.0
2021-07-06 00:00:00+09:00,7846.15380859375,8192.3076171875,7730.76904296875,7903.84619140625,231203,0.0,0.0
2021-07-07 00:00:00+09:00,7788.46142578125,7980.76904296875,7711.53857421875,7788.46142578125,74589,0.0,0.0
2021-07-08 00:00:00+09:00,7788.46142578125,7884.615234375,7403.84619140625,7461.53857421875,114957,0.0,0.0
2021-07-09 00:00:00+09:00,7442.3076171875,8019.23095703125,7269.23095703125,7942.3076171875,278560,0.0,0.0
2021-07-12 00:00:00+09:00,7942.3076171875,8307.6923828125,7557.6923828125,7673.0771484375,374468,0.0,0.0
2021-07-13 00:00:00+09:00,7846.15380859375,7846.15380859375,7557.6923828125,7711.53857421875,86213,0.0,0.0
2021-07-14 00:00:00+09:00,7730.76904296875,8134.615234375,7615.384765625,7980.76904296875,235393,0.0,0.0
2021-07-15 00:00:00+09:00,7980.76904296875,8134.615234375,7865.384765625,7903.84619140625,198452,0.0,0.0
2021-07-16 00:00:00+09:00,7903.84619140625,8173.0771484375,7865.384765625,8076.9228515625,125177,0.0,0.0
2021-07-19 00:00:00+09:00,8019.23095703125,8250.0,7961.53857421875,8250.0,170784,0.0,0.0
2021-07-20 00:00:00+09:00,8076.9228515625,8211.5380859375,7807.6923828125,7961.53857421875,167952,0.0,0.0
2021-07-21 00:00:00+09:00,8000.0,8019.23095703125,7692.3076171875,7692.3076171875,73325,0.0,0.0
2021-07-22 00:00:00+09:00,7692.3076171875,7826.9228515625,7653.84619140625,7673.0771484375,70444,0.0,0.0
2021-07-23 00:00:00+09:00,7846.15380859375,7942.3076171875,7673.0771484375,7730.76904296875,56421,0.0,0.0
2021-07-26 00:00:00+09:00,7730.76904296875,8173.0771484375,7615.384765625,8019.23095703125,321525,0.0,0.0
2021-07-27 00:00:00+09:00,8173.0771484375,8230.76953125,7942.3076171875,8057.6923828125,187129,0.0,0.0
2021-07-28 00:00:00+09:00,7923.0771484375,8000.0,7634.615234375,7692.3076171875,181550,0.0,0.0
2021-07-29 00:00:00+09:00,7692.3076171875,7769.23095703125,7307.6923828125,7596.15380859375,244428,0.0,0.0
2021-07-30 00:00:00+09:00,7596.15380859375,7653.84619140625,7403.84619140625,7461.53857421875,68084,0.0,0.0
2021-08-02 00:00:00+09:00,7576.9228515625,7750.0,7442.3076171875,7538.46142578125,108435,0.0,0.0
2021-08-03 00:00:00+09:00,7615.384765625,7615.384765625,7192.3076171875,7326.9228515625,149949,0.0,0.0
2021-08-04 00:00:00+09:00,7326.9228515625,7538.46142578125,7250.0,7519.23095703125,70171,0.0,0.0
2021-08-05 00:00:00+09:00,7557.6923828125,7557.6923828125,7326.9228515625,7403.84619140625,114233,0.0,0.0
2021-08-06 00:00:00+09:00,7423.0771484375,7442.3076171875,7211.53857421875,7269.23095703125,118591,0.0,0.0
2021-08-09 00:00:00+09:00,7365.384765625,7365.384765625,7192.3076171875,7192.3076171875,58875,0.0,0.0
2021-08-10 00:00:00+09:00,7173.0771484375,7307.6923828125,6769.23095703125,6807.6923828125,209159,0.0,0.0
2021-08-11 00:00:00+09:00,6788.46142578125,6980.76904296875,6192.3076171875,6961.53857421875,574220,0.0,0.0
2021-08-12 00:00:00+09:00,7038.46142578125,7038.46142578125,6557.6923828125,6653.84619140625,129560,0.0,0.0
2021-08-13 00:00:00+09:00,6653.84619140625,6769.23095703125,6326.9228515625,6615.384765625,121252,0.0,0.0
2021-08-17 00:00:00+09:00,6615.384765625,6673.0771484375,6153.84619140625,6211.53857421875,133697,0.0,0.0
2021-08-18 00:00:00+09:00,6192.3076171875,6326.9228515625,6038.46142578125,6173.0771484375,123431,0.0,0.0
2021-08-19 00:00:00+09:00,6173.0771484375,6211.53857421875,5653.84619140625,5846.15380859375,151281,0.0,0.0
2021-08-20 00:00:00+09:00,5769.23095703125,6000.0,5423.0771484375,5711.53857421875,227434,0.0,0.0
2021-08-23 00:00:00+09:00,5711.53857421875,6153.84619140625,5596.15380859375,5923.0771484375,76643,0.0,0.0
2021-08-24 00:00:00+09:00,5923.0771484375,6461.53857421875,5903.84619140625,6096.15380859375,233255,0.0,0.0
2021-08-25 00:00:00+09:00,6192.3076171875,6192.3076171875,6038.46142578125,6153.84619140625,56188,0.0,0.0
2021-08-26 00:00:00+09:00,6134.615234375,6211.53857421875,6038.46142578125,6115.384765625,51066,0.0,0.0
2021-08-27 00:00:00+09:00,6076.9228515625,6634.615234375,6019.23095703125,6500.0,105358,0.0,0.0
2021-08-30 00:00:00+09:00,6500.0,6538.46142578125,6365.384765625,6423.0771484375,50200,0.0,0.0
2021-08-31 00:00:00+09:00,6769.23095703125,6903.84619140625,6326.9228515625,6519.23095703125,172846,0.0,0.0
2021-09-01 00:00:00+09:00,6576.9228515625,6576.9228515625,6403.84619140625,6538.46142578125,62396,0.0,0.0
2021-09-02 00:00:00+09:00,6519.23095703125,6519.23095703125,6403.84619140625,6442.3076171875,81250,0.0,0.0
2021-09-03 00:00:00+09:00,6442.3076171875,6807.6923828125,6442.3076171875,6634.615234375,166270,0.0,0.0
2021-09-06 00:00:00+09:00,6653.84619140625,6865.384765625,6384.615234375,6557.6923828125,115139,0.0,0.0
2021-09-07 00:00:00+09:00,6596.15380859375,6596.15380859375,6326.9228515625,6557.6923828125,84049,0.0,0.0
2021-09-08 00:00:00+09:00,6557.6923828125,6557.6923828125,6288.46142578125,6346.15380859375,43518,0.0,0.0
2021-09-09 00:00:00+09:00,6346.15380859375,6346.15380859375,6134.615234375,6307.6923828125,75626,0.0,0.0
2021-09-10 00:00:00+09:00,6307.6923828125,6346.15380859375,6134.615234375,6346.15380859375,57171,0.0,0.0
2021-09-13 00:00:00+09:00,6365.384765625,6403.84619140625,6153.84619140625,6288.46142578125,40551,0.0,0.0
2021-09-14 00:00:00+09:00,6230.76904296875,6288.46142578125,5961.53857421875,6288.46142578125,110467,0.0,0.0
2021-09-15 00:00:00+09:00,6230.76904296875,6269.23095703125,5961.53857421875,6192.3076171875,79148,0.0,0.0
2021-09-16 00:00:00+09:00,6269.23095703125,6269.23095703125,5826.9228515625,6038.46142578125,78211,0.0,0.0
2021-09-17 00:00:00+09:00,6038.46142578125,6134.615234375,5903.84619140625,6115.384765625,25692,0.0,0.0
2021-09-23 00:00:00+09:00,6096.15380859375,6096.15380859375,5807.6923828125,5942.3076171875,85955,0.0,0.0
2021-09-24 00:00:00+09:00,5865.384765625,5980.76904296875,5769.23095703125,5903.84619140625,59732,0.0,0.0
2021-09-27 00:00:00+09:00,5903.84619140625,6057.6923828125,5788.46142578125,6019.23095703125,30950,0.0,0.0
2021-09-28 00:00:00+09:00,5903.84619140625,6038.46142578125,5692.3076171875,5865.384765625,82708,0.0,0.0
2021-09-29 00:00:00+09:00,5730.76904296875,5961.53857421875,5615.384765625,5846.15380859375,137609,0.0,0.0
2021-09-30 00:00:00+09:00,5903.84619140625,6096.15380859375,5826.9228515625,6057.6923828125,82173,0.0,0.0
2021-10-01 00:00:00+09:00,6096.15380859375,6307.6923828125,5923.0771484375,6250.0,57223,0.0,0.0
2021-10-05 00:00:00+09:00,6230.76904296875,6230.76904296875,5923.0771484375,6153.84619140625,123845,0.0,0.0
2021-10-06 00:00:00+09:00,6153.84619140625,6307.6923828125,5807.6923828125,5980.76904296875,98418,0.0,0.0
2021-10-07 00:00:00+09:00,6019.23095703125,6019.23095703125,5826.9228515625,5903.84619140625,44123,0.0,0.0
2021-10-08 00:00:00+09:00,5903.84619140625,6096.15380859375,5807.6923828125,5980.76904296875,34661,0.0,0.0
2021-10-12 00:00:00+09:00,5980.76904296875,6057.6923828125,5730.76904296875,5846.15380859375,41219,0.0,0.0
2021-10-13 00:00:00+09:00,5750.0,5865.384765625,5673.0771484375,5865.384765625,32494,0.0,0.0
2021-10-14 00:00:00+09:00,5807.6923828125,5980.76904296875,5769.23095703125,5865.384765625,44880,0.0,0.0
2021-10-15 00:00:00+09:00,5865.384765625,5884.615234375,5730.76904296875,5865.384765625,41110,0.0,0.0
2021-10-18 00:00:00+09:00,5865.384765625,6000.0,5826.9228515625,5980.76904296875,40666,0.0,0.0
2021-10-19 00:00:00+09:00,5980.76904296875,6000.0,5807.6923828125,5961.53857421875,45884,0.0,0.0
2021-10-20 00:00:00+09:00,5923.0771484375,6076.9228515625,5769.23095703125,6076.9228515625,68098,0.0,0.0
2021-10-21 00:00:00+09:00,6076.9228515625,6673.0771484375,5884.615234375,6557.6923828125,321232,0.0,0.0
2021-10-22 00:00:00+09:00,6557.6923828125,6692.3076171875,6442.3076171875,6519.23095703125,91355,0.0,0.0
2021-10-25 00:00:00+09:00,6519.23095703125,6519.23095703125,6269.23095703125,6307.6923828125,46181,0.0,0.0
2021-10-26 00:00:00+09:00,6307.6923828125,6711.53857421875,6307.6923828125,6557.6923828125,112990,0.0,0.0
2021-10-27 00:00:00+09:00,6557.6923828125,6596.15380859375,6346.15380859375,6461.53857421875,45842,0.0,0.0
2021-10-28 00:00:00+09:00,6461.53857421875,6711.53857421875,6423.0771484375,6596.15380859375,59286,0.0,0.0
2021-10-29 00:00:00+09:00,6596.15380859375,6769.23095703125,6596.15380859375,6711.53857421875,109295,0.0,0.0
2021-11-01 00:00:00+09:00,6692.3076171875,6923.0771484375,6673.0771484375,6923.0771484375,145210,0.0,0.0
2021-11-02 00:00:00+09:00,6923.0771484375,7115.384765625,6807.6923828125,6865.384765625,113343,0.0,0.0
2021-11-03 00:00:00+09:00,7019.23095703125,7038.46142578125,6788.46142578125,6884.615234375,119318,0.0,0.0
2021-11-04 00:00:00+09:00,6961.53857421875,7000.0,6615.384765625,6750.0,106052,0.0,0.0
2021-11-05 00:00:00+09:00,6750.0,6788.46142578125,6634.615234375,6711.53857421875,52553,0.0,0.0
2021-11-08 00:00:00+09:00,6615.384765625,6750.0,6423.0771484375,6692.3076171875,106050,0.0,0.0
2021-11-09 00:00:00+09:00,6807.6923828125,7423.0771484375,6711.53857421875,7269.23095703125,507280,0.0,0.0
2021-11-10 00:00:00+09:00,7269.23095703125,7326.9228515625,6846.15380859375,7038.46142578125,188938,0.0,0.0
2021-11-11 00:00:00+09:00,6942.3076171875,7230.76904296875,6884.615234375,7076.9228515625,134697,0.0,0.0
2021-11-12 00:00:00+09:00,7076.9228515625,7557.6923828125,7038.46142578125,7134.615234375,253947,0.0,0.0
2021-11-15 00:00:00+09:00,7230.76904296875,7269.23095703125,7057.6923828125,7173.0771484375,85611,0.0,0.0
2021-11-16 00:00:00+09:00,7153.84619140625,7269.23095703125,7000.0,7192.3076171875,112630,0.0,0.0
2021-11-17 00:00:00+09:00,7192.3076171875,7250.0,6903.84619140625,7192.3076171875,98589,0.0,0.0
2021-11-18 00:00:00+09:00,7115.384765625,7115.384765625,6730.76904296875,6826.9228515625,160227,0.0,0.0
2021-11-19 00:00:00+09:00,6769.23095703125,6942.3076171875,6576.9228515625,6673.0771484375,65225,0.0,0.0
2021-11-22 00:00:00+09:00,6711.53857421875,6730.76904296875,6461.53857421875,6596.15380859375,69713,0.0,0.0
2021-11-23 00:00:00+09:00,6557.6923828125,6730.76904296875,6480.76904296875,6634.615234375,33213,0.0,0.0
2021-11-24 00:00:00+09:00,6634.615234375,6750.0,6461.53857421875,6576.9228515625,21630,0.0,0.0
2021-11-25 00:00:00+09:00,6673.0771484375,6807.6923828125,6480.76904296875,6692.3076171875,45287,0.0,0.0
2021-11-26 00:00:00+09:00,6750.0,6807.6923828125,6307.6923828125,6480.76904296875,59507,0.0,0.0
2021-11-29 00:00:00+09:00,6403.84619140625,6423.0771484375,6173.0771484375,6326.9228515625,47167,0.0,0.0
2021-11-30 00:00:00+09:00,6346.15380859375,6480.76904296875,6057.6923828125,6153.84619140625,76797,0.0,0.0
2021-12-01 00:00:00+09:00,6153.84619140625,6192.3076171875,5980.76904296875,6057.6923828125,23806,0.0,0.0
2021-12-02 00:00:00+09:00,6057.6923828125,6211.53857421875,5961.53857421875,6096.15380859375,27588,0.0,0.0
2021-12-03 00:00:00+09:00,6096.15380859375,6192.3076171875,5961.53857421875,6192.3076171875,69248,0.0,0.0
2021-12-06 00:00:00+09:00,6173.0771484375,6173.0771484375,5923.0771484375,5923.0771484375,56321,0.0,0.0
2021-12-07 00:00:00+09:00,5923.0771484375,5923.0771484375,5769.23095703125,5846.15380859375,58167,0.0,0.0
2021-12-08 00:00:00+09:00,5846.15380859375,5923.0771484375,5692.3076171875,5788.46142578125,64804,0.0,0.0
2021-12-09 00:00:00+09:00,5826.9228515625,5826.9228515625,5673.0771484375,5788.46142578125,71367,0.0,0.0
2021-12-10 00:00:00+09:00,5807.6923828125,5884.615234375,5673.0771484375,5807.6923828125,38208,0.0,0.0
2021-12-13 00:00:00+09:00,5807.6923828125,6019.23095703125,5769.23095703125,5980.76904296875,26850,0.0,0.0
2021-12-14 00:00:00+09:00,5980.76904296875,5980.76904296875,5711.53857421875,5807.6923828125,50338,0.0,0.0
2021-12-15 00:00:00+09:00,5884.615234375,5884.615234375,5576.9228515625,5750.0,63596,0.0,0.0
2021-12-16 00:00:00+09:00,5769.23095703125,6923.0771484375,5769.23095703125,6423.0771484375,776553,0.0,0.0
2021-12-17 00:00:00+09:00,6307.6923828125,6384.615234375,5730.76904296875,6096.15380859375,240116,0.0,0.0
2021-12-20 00:00:00+09:00,6096.15380859375,6115.384765625,5846.15380859375,6019.23095703125,71307,0.0,0.0
2021-12-21 00:00:00+09:00,5980.76904296875,6115.384765625,5846.15380859375,5961.53857421875,38705,0.0,0.0
2021-12-22 00:00:00+09:00,6057.6923828125,6153.84619140625,5923.0771484375,6000.0,77656,0.0,0.0
2021-12-23 00:00:00+09:00,6096.15380859375,6230.76904296875,5923.0771484375,5961.53857421875,119818,0.0,0.0
2021-12-24 00:00:00+09:00,6000.0,6096.15380859375,5884.615234375,6000.0,84398,0.0,0.0
2021-12-27 00:00:00+09:00,6115.384765625,6250.0,5980.76904296875,6115.384765625,147291,0.0,0.0
2021-12-28 00:00:00+09:00,6115.384765625,6173.0771484375,5961.53857421875,6038.46142578125,91479,0.0,0.0
2021-12-29 00:00:00+09:00,6115.384765625,6461.53857421875,6115.384765625,6423.0771484375,137307,0.0,0.0
2021-12-30 00:00:00+09:00,6403.84619140625,6596.15380859375,6403.84619140625,6500.0,120727,0.0,0.0
2022-01-04 00:00:00+09:00,6384.615234375,6442.3076171875,6115.384765625,6192.3076171875,105141,0.0,0.0
2022-01-05 00:00:00+09:00,6192.3076171875,6250.0,6096.15380859375,6230.76904296875,38759,0.0,0.0
2022-01-06 00:00:00+09:00,6134.615234375,6230.76904296875,6038.46142578125,6173.0771484375,57118,0.0,0.0
2022-01-07 00:00:00+09:00,6115.384765625,6288.46142578125,6096.15380859375,6134.615234375,44126,0.0,0.0
2022-01-10 00:00:00+09:00,6192.3076171875,6192.3076171875,6019.23095703125,6134.615234375,26884,0.0,0.0
2022-01-11 00:00:00+09:00,6192.3076171875,6192.3076171875,5923.0771484375,6038.46142578125,42817,0.0,0.0
2022-01-12 00:00:00+09:00,5980.76904296875,6153.84619140625,5980.76904296875,6038.46142578125,23157,0.0,0.0
2022-01-13 00:00:00+09:00,6096.15380859375,6192.3076171875,5923.0771484375,6096.15380859375,26840,0.0,0.0
2022-01-14 00:00:00+09:00,6076.9228515625,6076.9228515625,5942.3076171875,6019.23095703125,19514,0.0,0.0
2022-01-17 00:00:00+09:00,6000.0,6000.0,5673.0771484375,5673.0771484375,71877,0.0,0.0
2022-01-18 00:00:00+09:00,5673.0771484375,5788.46142578125,5557.6923828125,5750.0,35763,0.0,0.0
2022-01-19 00:00:00+09:00,5673.0771484375,5692.3076171875,5423.0771484375,5634.615234375,52816,0.0,0.0
2022-01-20 00:00:00+09:00,5596.15380859375,5673.0771484375,5500.0,5634.615234375,41217,0.0,0.0
2022-01-21 00:00:00+09:00,5653.84619140625,5884.615234375,5596.15380859375,5769.23095703125,43757,0.0,0.0
2022-01-24 00:00:00+09:00,5653.84619140625,5865.384765625,5653.84619140625,5673.0771484375,53882,0.0,0.0
2022-01-25 00:00:00+09:00,5711.53857421875,5769.23095703125,5346.15380859375,5519.23095703125,61336,0.0,0.0
2022-01-26 00:00:00+09:00,5096.15380859375,5538.46142578125,5096.15380859375,5519.23095703125,28865,0.0,0.0
2022-01-27 00:00:00+09:00,5788.46142578125,5788.46142578125,5500.0,5673.0771484375,45916,0.0,0.0
2022-01-28 00:00:00+09:00,5538.46142578125,5846.15380859375,5519.23095703125,5711.53857421875,33355,0.0,0.0
2022-02-03 00:00:00+09:00,5692.3076171875,5807.6923828125,5596.15380859375,5769.23095703125,45746,0.0,0.0
2022-02-04 00:00:00+09:00,5730.76904296875,5769.23095703125,5653.84619140625,5750.0,48029,0.0,0.0
2022-02-07 00:00:00+09:00,5730.76904296875,5730.76904296875,5596.15380859375,5692.3076171875,31142,0.0,0.0
2022-02-08 00:00:00+09:00,5673.0771484375,6000.0,5673.0771484375,5961.53857421875,78008,0.0,0.0
2022-02-09 00:00:00+09:00,5942.3076171875,6019.23095703125,5807.6923828125,5923.0771484375,26375,0.0,0.0
2022-02-10 00:00:00+09:00,5903.84619140625,5903.84619140625,5730.76904296875,5846.15380859375,43464,0.0,0.0
2022-02-11 00:00:00+09:00,5673.0771484375,5788.46142578125,5519.23095703125,5788.46142578125,58637,0.0,0.0
2022-02-14 00:00:00+09:00,5653.84619140625,5692.3076171875,5480.76904296875,5615.384765625,67588,0.0,0.0
2022-02-15 00:00:00+09:00,5615.384765625,5788.46142578125,5423.0771484375,5673.0771484375,138499,0.0,0.0
2022-02-16 00:00:00+09:00,5711.53857421875,6230.76904296875,5711.53857421875,6192.3076171875,275120,0.0,0.0
2022-02-17 00:00:00+09:00,6211.53857421875,6346.15380859375,6096.15380859375,6134.615234375,111348,0.0,0.0
2022-02-18 00:00:00+09:00,6076.9228515625,6326.9228515625,6000.0,6326.9228515625,72957,0.0,0.0
2022-02-21 00:00:00+09:00,6211.53857421875,6403.84619140625,6076.9228515625,6230.76904296875,54695,0.0,0.0
2022-02-22 00:00:00+09:00,6115.384765625,6384.615234375,6115.384765625,6326.9228515625,63952,0.0,0.0
2022-02-23 00:00:00+09:00,6250.0,6461.53857421875,6230.76904296875,6307.6923828125,39107,0.0,0.0
2022-02-24 00:00:00+09:00,6288.46142578125,6346.15380859375,6057.6923828125,6153.84619140625,111920,0.0,0.0
2022-02-25 00:00:00+09:00,6153.84619140625,6346.15380859375,6057.6923828125,6346.15380859375,84601,0.0,0.0
2022-02-28 00:00:00+09:00,6346.15380859375,6923.0771484375,6153.84619140625,6673.0771484375,371799,0.0,0.0
2022-03-02 00:00:00+09:00,7115.384765625,7211.53857421875,6423.0771484375,6692.3076171875,399559,0.0,0.0
2022-03-03 00:00:00+09:00,6692.3076171875,6788.46142578125,6500.0,6634.615234375,97544,0.0,0.0
2022-03-04 00:00:00+09:00,6557.6923828125,6923.0771484375,6557.6923828125,6788.46142578125,113716,0.0,0.0
2022-03-07 00:00:00+09:00,6634.615234375,6826.9228515625,6634.615234375,6653.84619140625,67931,0.0,0.0
2022-03-08 00:00:00+09:00,6615.384765625,6653.84619140625,6326.9228515625,6461.53857421875,68776,0.0,0.0
2022-03-10 00:00:00+09:00,6461.53857421875,6538.46142578125,6269.23095703125,6346.15380859375,46747,0.0,0.0
2022-03-11 00:00:00+09:00,6384.615234375,6423.0771484375,6153.84619140625,6307.6923828125,44413,0.0,0.0
2022-03-14 00:00:00+09:00,6365.384765625,6384.615234375,5980.76904296875,6134.615234375,42056,0.0,0.0
2022-03-15 00:00:00+09:00,6153.84619140625,6153.84619140625,5846.15380859375,6057.6923828125,46685,0.0,0.0
2022-03-16 00:00:00+09:00,6076.9228515625,6288.46142578125,5961.53857421875,6192.3076171875,75058,0.0,0.0
2022-03-17 00:00:00+09:00,6211.53857421875,6346.15380859375,6153.84619140625,6211.53857421875,36303,0.0,0.0
2022-03-18 00:00:00+09:00,6288.46142578125,6288.46142578125,6115.384765625,6269.23095703125,21576,0.0,0.0
2022-03-21 00:00:00+09:00,6230.76904296875,6269.23095703125,6134.615234375,6250.0,27784,0.0,0.0
2022-03-22 00:00:00+09:00,6288.46142578125,7884.615234375,6269.23095703125,6903.84619140625,3177322,0.0,0.0
2022-03-23 00:00:00+09:00,6923.0771484375,6980.76904296875,6673.0771484375,6673.0771484375,289996,0.0,0.0
2022-03-24 00:00:00+09:00,6673.0771484375,6673.0771484375,6423.0771484375,6596.15380859375,212309,0.0,0.0
2022-03-25 00:00:00+09:00,6576.9228515625,6692.3076171875,6500.0,6538.46142578125,123855,0.0,0.0
2022-03-28 00:00:00+09:00,6538.46142578125,6596.15380859375,6384.615234375,6519.23095703125,122025,0.0,0.0
2022-03-29 00:00:00+09:00,6461.53857421875,6576.9228515625,6461.53857421875,6500.0,86327,0.0,0.0
2022-03-30 00:00:00+09:00,6461.53857421875,6557.6923828125,6423.0771484375,6442.3076171875,73541,0.0,0.0
2022-03-31 00:00:00+09:00,6480.76904296875,6538.46142578125,6326.9228515625,6403.84619140625,101286,0.0,0.0
2022-04-01 00:00:00+09:00,6403.84619140625,6461.53857421875,6288.46142578125,6442.3076171875,107394,0.0,0.0
2022-04-04 00:00:00+09:00,6346.15380859375,6519.23095703125,6326.9228515625,6365.384765625,45778,0.0,0.0
2022-04-05 00:00:00+09:00,6384.615234375,6826.9228515625,6384.615234375,6576.9228515625,221440,0.0,0.0
2022-04-06 00:00:00+09:00,6576.9228515625,6615.384765625,6480.76904296875,6557.6923828125,116134,0.0,0.0
2022-04-07 00:00:00+09:00,6480.76904296875,6711.53857421875,6442.3076171875,6692.3076171875,66831,0.0,0.0
2022-04-08 00:00:00+09:00,6692.3076171875,6884.615234375,6500.0,6500.0,231820,0.0,0.0
2022-04-11 00:00:00+09:00,6538.46142578125,6653.84619140625,6038.46142578125,6153.84619140625,571128,0.0,0.0
2022-04-12 00:00:00+09:00,6346.15380859375,6442.3076171875,5961.53857421875,6038.46142578125,219223,0.0,0.0
2022-04-13 00:00:00+09:00,6038.46142578125,6153.84619140625,6000.0,6076.9228515625,71066,0.0,0.0
2022-04-14 00:00:00+09:00,6173.0771484375,6192.3076171875,5673.0771484375,5769.23095703125,316431,0.0,0.0
2022-04-15 00:00:00+09:00,5769.23095703125,6076.9228515625,5692.3076171875,5846.15380859375,115571,0.0,0.0
2022-04-18 00:00:00+09:00,5846.15380859375,5865.384765625,5673.0771484375,5711.53857421875,54260,0.0,0.0
2022-04-19 00:00:00+09:00,5711.53857421875,5788.46142578125,5596.15380859375,5653.84619140625,72899,0.0,0.0
2022-04-20 00:00:00+09:00,5673.0771484375,5692.3076171875,5500.0,5615.384765625,100043,0.0,0.0
2022-04-21 00:00:00+09:00,5596.15380859375,5653.84619140625,5519.23095703125,5615.384765625,57107,0.0,0.0
2022-04-22 00:00:00+09:00,5653.84619140625,5673.0771484375,5442.3076171875,5557.6923828125,70919,0.0,0.0
2022-04-25 00:00:00+09:00,5500.0,5576.9228515625,5423.0771484375,5538.46142578125,46163,0.0,0.0
2022-04-26 00:00:00+09:00,5538.46142578125,5692.3076171875,5403.84619140625,5500.0,48557,0.0,0.0
2022-04-27 00:00:00+09:00,5423.0771484375,5442.3076171875,5307.6923828125,5423.0771484375,70441,0.0,0.0
2022-04-28 00:00:00+09:00,5423.0771484375,5461.53857421875,5288.46142578125,5403.84619140625,45986,0.0,0.0
2022-04-29 00:00:00+09:00,5346.15380859375,5423.0771484375,5326.9228515625,5403.84619140625,65578,0.0,0.0
2022-05-02 00:00:00+09:00,5269.23095703125,5346.15380859375,5076.9228515625,5230.76904296875,152078,0.0,0.0
2022-05-03 00:00:00+09:00,5230.76904296875,5288.46142578125,5173.0771484375,5211.53857421875,49304,0.0,0.0
2022-05-04 00:00:00+09:00,5346.15380859375,5346.15380859375,5153.84619140625,5230.76904296875,32442,0.0,0.0
2022-05-06 00:00:00+09:00,5211.53857421875,5211.53857421875,4980.76904296875,5096.15380859375,87010,0.0,0.0
2022-05-10 00:00:00+09:00,4807.6923828125,4884.615234375,4538.46142578125,4769.23095703125,101280,0.0,0.0
2022-05-11 00:00:00+09:00,4807.6923828125,4826.9228515625,4576.9228515625,4711.53857421875,66978,0.0,0.0
2022-05-12 00:00:00+09:00,4730.76904296875,4730.76904296875,4346.15380859375,4423.0771484375,106210,0.0,0.0
2022-05-13 00:00:00+09:00,4403.84619140625,4596.15380859375,4307.6923828125,4538.46142578125,86453,0.0,0.0
2022-05-16 00:00:00+09:00,4615.384765625,4653.84619140625,4519.23095703125,4538.46142578125,27901,0.0,0.0
2022-05-17 00:00:00+09:00,4519.23095703125,4519.23095703125,4384.615234375,4480.76904296875,71643,0.0,0.0
2022-05-18 00:00:00+09:00,4057.6923828125,4461.53857421875,3980.769287109375,4038.46142578125,716909,0.0,0.0
2022-05-19 00:00:00+09:00,4019.230712890625,4019.230712890625,3803.84619140625,3884.615478515625,295309,0.0,0.0
2022-05-20 00:00:00+09:00,3865.384521484375,3961.53857421875,3830.769287109375,3923.076904296875,132236,0.0,0.0
2022-05-23 00:00:00+09:00,4000.0,4057.6923828125,3884.615478515625,4000.0,57702,0.0,0.0
2022-05-24 00:00:00+09:00,3961.53857421875,3961.53857421875,3811.53857421875,3830.769287109375,94703,0.0,0.0
2022-05-25 00:00:00+09:00,3815.384521484375,3838.46142578125,3576.923095703125,3769.230712890625,66762,0.0,0.0
2022-05-26 00:00:00+09:00,3742.3076171875,4057.6923828125,3742.3076171875,3961.53857421875,108069,0.0,0.0
2022-05-27 00:00:00+09:00,4057.6923828125,4057.6923828125,3788.46142578125,3942.3076171875,109243,0.0,0.0
2022-05-30 00:00:00+09:00,3942.3076171875,4076.923095703125,3903.84619140625,3961.53857421875,49712,0.0,0.0
2022-05-31 00:00:00+09:00,4019.230712890625,4057.6923828125,3961.53857421875,4019.230712890625,44104,0.0,0.0
2022-06-02 00:00:00+09:00,4038.46142578125,4192.3076171875,4019.230712890625,4134.615234375,74726,0.0,0.0
2022-06-03 00:00:00+09:00,4076.923095703125,4461.53857421875,4076.923095703125,4230.76904296875,183601,0.0,0.0
2022-06-07 00:00:00+09:00,4230.76904296875,4250.0,4076.923095703125,4230.76904296875,50631,0.0,0.0
2022-06-08 00:00:00+09:00,4192.3076171875,4326.9228515625,4153.84619140625,4307.6923828125,48836,0.0,0.0
2022-06-09 00:00:00+09:00,4250.0,4269.23095703125,4134.615234375,4173.0771484375,61216,0.0,0.0
2022-06-10 00:00:00+09:00,4192.3076171875,4288.46142578125,4076.923095703125,4153.84619140625,42951,0.0,0.0
2022-06-13 00:00:00+09:00,4038.46142578125,4076.923095703125,3846.15380859375,3923.076904296875,89917,0.0,0.0
2022-06-14 00:00:00+09:00,3738.46142578125,3923.076904296875,3734.615478515625,3865.384521484375,114833,0.0,0.0
2022-06-15 00:00:00+09:00,3865.384521484375,3865.384521484375,3626.923095703125,3626.923095703125,133306,0.0,0.0
2022-06-16 00:00:00+09:00,2942.3076171875,3238.46142578125,2907.6923828125,3023.076904296875,135021,0.0,0.0
2022-06-17 00:00:00+09:00,3023.076904296875,3053.84619140625,2815.384521484375,2907.6923828125,112603,0.0,0.0
2022-06-20 00:00:00+09:00,2907.6923828125,2907.6923828125,2680.769287109375,2730.769287109375,45552,0.0,0.0
2022-06-21 00:00:00+09:00,2730.769287109375,2903.84619140625,2661.53857421875,2903.84619140625,55918,0.0,0.0
2022-06-22 00:00:00+09:00,2900.0,2919.230712890625,2734.615478515625,2884.615478515625,30077,0.0,0.0
2022-06-23 00:00:00+09:00,2876.923095703125,2876.923095703125,2646.15380859375,2800.0,134696,0.0,0.0
2022-06-24 00:00:00+09:00,2769.230712890625,2815.384521484375,2696.15380859375,2780.769287109375,39848,0.0,0.0
2022-06-27 00:00:00+09:00,2819.230712890625,2996.15380859375,2730.769287109375,2988.46142578125,88763,0.0,0.0
2022-06-28 00:00:00+09:00,2984.615478515625,3111.53857421875,2961.53857421875,3034.615478515625,105899,0.0,0.0
2022-06-29 00:00:00+09:00,3038.46142578125,3076.923095703125,3000.0,3076.923095703125,37678,0.0,0.0
2022-06-30 00:00:00+09:00,3038.46142578125,3073.076904296875,2957.6923828125,3023.076904296875,51698,0.0,0.0
2022-07-01 00:00:00+09:00,2965.384521484375,3019.230712890625,2692.3076171875,2923.076904296875,81897,0.0,0.0
2022-07-04 00:00:00+09:00,2900.0,3153.84619140625,2730.769287109375,2842.3076171875,800389,0.0,0.0
2022-07-05 00:00:00+09:00,2846.15380859375,2903.84619140625,2619.230712890625,2723.076904296875,489276,0.0,0.0
2022-07-06 00:00:00+09:00,2723.076904296875,2723.076904296875,2461.53857421875,2461.53857421875,366318,0.0,0.0
2022-07-07 00:00:00+09:00,2461.53857421875,2703.84619140625,2419.230712890625,2569.230712890625,615618,0.0,0.0
2022-07-08 00:00:00+09:00,2592.3076171875,2946.15380859375,2569.230712890625,2769.230712890625,666570,0.0,0.0
2022-07-11 00:00:00+09:00,2780.769287109375,2780.769287109375,2673.076904296875,2753.84619140625,141714,0.0,0.0
2022-07-12 00:00:00+09:00,2742.3076171875,2753.84619140625,2607.6923828125,2630.769287109375,120385,0.0,0.0
2022-07-13 00:00:00+09:00,2630.769287109375,2684.615478515625,2596.15380859375,2673.076904296875,127938,0.0,0.0
2022-07-14 00:00:00+09:00,2657.6923828125,2726.923095703125,2611.53857421875,2715.384521484375,121022,0.0,0.0
2022-07-15 00:00:00+09:00,2715.384521484375,2742.3076171875,2576.923095703125,2634.615478515625,185810,0.0,0.0
2022-07-18 00:00:00+09:00,2650.0,2650.0,2446.15380859375,2465.384521484375,416777,0.0,0.0
2022-07-19 00:00:00+09:00,2473.076904296875,2496.15380859375,2326.923095703125,2384.615478515625,410590,0.0,0.0
2022-07-20 00:00:00+09:00,2403.84619140625,2642.3076171875,2384.615478515625,2392.3076171875,799962,0.0,0.0
2022-07-21 00:00:00+09:00,2400.0,2403.84619140625,2315.384521484375,2323.076904296875,467273,0.0,0.0
2022-07-22 00:00:00+09:00,2346.15380859375,2365.384521484375,2223.076904296875,2303.84619140625,478262,0.0,0.0
2022-07-25 00:00:00+09:00,2311.53857421875,2503.84619140625,2307.6923828125,2457.6923828125,690031,0.0,0.0
2022-07-26 00:00:00+09:00,2469.230712890625,2526.923095703125,2369.230712890625,2384.615478515625,274266,0.0,0.0
2022-07-27 00:00:00+09:00,2384.615478515625,2400.0,2330.769287109375,2373.076904296875,102575,0.0,0.0
2022-07-28 00:00:00+09:00,2373.076904296875,2400.0,2353.84619140625,2361.53857421875,106812,0.0,0.0
2022-07-29 00:00:00+09:00,2369.230712890625,2453.84619140625,2369.230712890625,2453.84619140625,194945,0.0,0.0
2022-08-01 00:00:00+09:00,2453.84619140625,2507.6923828125,2426.923095703125,2461.53857421875,123705,0.0,0.0
2022-08-02 00:00:00+09:00,2480.769287109375,2484.615478515625,2407.6923828125,2434.615478515625,98456,0.0,0.0
2022-08-03 00:00:00+09:00,2411.53857421875,2503.84619140625,2411.53857421875,2442.3076171875,222786,0.0,0.0
2022-08-04 00:00:00+09:00,2450.0,2526.923095703125,2423.076904296875,2457.6923828125,334430,0.0,0.0
2022-08-05 00:00:00+09:00,2457.6923828125,2576.923095703125,2442.3076171875,2553.84619140625,242652,0.0,0.0
2022-08-08 00:00:00+09:00,2153.84619140625,2403.84619140625,2138.46142578125,2334.615478515625,2083719,0.0,0.0
2022-08-09 00:00:00+09:00,2346.15380859375,2507.6923828125,2273.076904296875,2484.615478515625,811899,0.0,0.0
2022-08-10 00:00:00+09:00,2430.769287109375,2826.923095703125,2430.769287109375,2642.3076171875,3301375,0.0,0.0
2022-08-11 00:00:00+09:00,2657.6923828125,2688.46142578125,2592.3076171875,2653.84619140625,551847,0.0,0.0
2022-08-12 00:00:00+09:00,2653.84619140625,2946.15380859375,2638.46142578125,2930.769287109375,1144986,0.0,0.0
2022-08-16 00:00:00+09:00,2934.615478515625,3019.230712890625,2807.6923828125,2930.769287109375,726748,0.0,0.0
2022-08-17 00:00:00+09:00,2888.46142578125,3000.0,2850.0,3000.0,421126,0.0,0.0
2022-08-18 00:00:00+09:00,3003.84619140625,3142.3076171875,2880.769287109375,3076.923095703125,1114884,0.0,0.0
2022-08-19 00:00:00+09:00,3076.923095703125,3076.923095703125,2696.15380859375,2976.923095703125,898061,0.0,0.0
2022-08-22 00:00:00+09:00,2896.15380859375,3092.3076171875,2838.46142578125,3076.923095703125,587668,0.0,0.0
2022-08-23 00:00:00+09:00,3030.769287109375,3092.3076171875,3019.230712890625,3080.769287109375,268859,0.0,0.0
2022-08-24 00:00:00+09:00,3076.923095703125,3080.769287109375,3003.84619140625,3053.84619140625,192256,0.0,0.0
2022-08-25 00:00:00+09:00,3053.84619140625,3096.15380859375,3000.0,3096.15380859375,242168,0.0,0.0
2022-08-26 00:00:00+09:00,3096.15380859375,3200.0,3053.84619140625,3192.3076171875,308311,0.0,0.0
2022-08-29 00:00:00+09:00,3115.384521484375,3269.230712890625,3076.923095703125,3200.0,295184,0.0,0.0
2022-08-30 00:00:00+09:00,3200.0,3238.46142578125,3100.0,3203.84619140625,386849,0.0,0.0
2022-08-31 00:00:00+09:00,3219.230712890625,3238.46142578125,3076.923095703125,3126.923095703125,639973,0.0,0.0
2022-09-01 00:00:00+09:00,3210.0,3280.0,3035.0,3100.0,407126,0.0,0.0
2022-09-02 00:00:00+09:00,3140.0,3150.0,3020.0,3125.0,174063,0.0,0.0
2022-09-05 00:00:00+09:00,3120.0,3125.0,3020.0,3115.0,117842,0.0,0.0
2022-09-06 00:00:00+09:00,3115.0,3115.0,3030.0,3065.0,91621,0.0,0.0
2022-09-07 00:00:00+09:00,3065.0,3195.0,2845.0,2965.0,337076,0.0,0.0
2022-09-08 00:00:00+09:00,2935.0,2965.0,2810.0,2860.0,164895,0.0,0.0
2022-09-13 00:00:00+09:00,2890.0,3050.0,2750.0,3035.0,401470,0.0,0.0
2022-09-14 00:00:00+09:00,2970.0,3125.0,2940.0,3120.0,205829,0.0,0.0
2022-09-15 00:00:00+09:00,3170.0,3170.0,2985.0,3000.0,173771,0.0,0.0
2022-09-16 00:00:00+09:00,2980.0,3000.0,2895.0,2955.0,111486,0.0,0.0
2022-09-19 00:00:00+09:00,2940.0,2995.0,2815.0,2890.0,145062,0.0,0.0
2022-09-20 00:00:00+09:00,2850.0,3030.0,2785.0,3030.0,311037,0.0,0.0
2022-09-21 00:00:00+09:00,2945.0,3130.0,2940.0,3060.0,300749,0.0,0.0
2022-09-22 00:00:00+09:00,3055.0,3060.0,2935.0,2950.0,157559,0.0,0.0
2022-09-23 00:00:00+09:00,2875.0,2980.0,2840.0,2945.0,282065,0.0,0.0
2022-09-26 00:00:00+09:00,2945.0,2945.0,2730.0,2795.0,252579,0.0,0.0
2022-09-27 00:00:00+09:00,2750.0,2945.0,2680.0,2945.0,260358,0.0,0.0
2022-09-28 00:00:00+09:00,2975.0,3170.0,2925.0,3080.0,638323,0.0,0.0
2022-09-29 00:00:00+09:00,3095.0,3160.0,2985.0,3065.0,381128,0.0,0.0
2022-09-30 00:00:00+09:00,3025.0,3070.0,2940.0,2975.0,305783,0.0,0.0
2022-10-04 00:00:00+09:00,2975.0,2995.0,2860.0,2925.0,224652,0.0,0.0
2022-10-05 00:00:00+09:00,2905.0,2950.0,2765.0,2825.0,260661,0.0,0.0
2022-10-06 00:00:00+09:00,2835.0,2925.0,2775.0,2850.0,276381,0.0,0.0
2022-10-07 00:00:00+09:00,2895.0,2920.0,2815.0,2875.0,159728,0.0,0.0
2022-10-11 00:00:00+09:00,2800.0,2865.0,2595.0,2645.0,183045,0.0,0.0
2022-10-12 00:00:00+09:00,2625.0,2630.0,2340.0,2390.0,315387,0.0,0.0
2022-10-13 00:00:00+09:00,2375.0,2710.0,1935.0,2495.0,1888087,0.0,0.0
2022-10-14 00:00:00+09:00,2505.0,2900.0,2500.0,2850.0,1167173,0.0,0.0
2022-10-17 00:00:00+09:00,2800.0,2895.0,2675.0,2850.0,425230,0.0,0.0
2022-10-18 00:00:00+09:00,2815.0,2885.0,2775.0,2820.0,247434,0.0,0.0
2022-10-19 00:00:00+09:00,2800.0,2840.0,2705.0,2775.0,186743,0.0,0.0
2022-10-20 00:00:00+09:00,2715.0,2875.0,2675.0,2750.0,380933,0.0,0.0
2022-10-21 00:00:00+09:00,2700.0,2840.0,2690.0,2730.0,299773,0.0,0.0
2022-10-24 00:00:00+09:00,2750.0,2825.0,2380.0,2475.0,458328,0.0,0.0
2022-10-25 00:00:00+09:00,2475.0,2530.0,2330.0,2405.0,291529,0.0,0.0
2022-10-26 00:00:00+09:00,2405.0,2600.0,2365.0,2550.0,367807,0.0,0.0
2022-11-04 00:00:00+09:00,481.0,520.0,473.0,510.0,1804514,0.0,0.0
2022-11-16 00:00:00+09:00,2675.0,2675.0,2430.0,2600.0,461827,0.0,0.0
2022-11-17 00:00:00+09:00,2650.0,2660.0,2545.0,2590.0,136355,0.0,0.0
2022-11-18 00:00:00+09:00,2590.0,2590.0,2480.0,2545.0,122492,0.0,0.0
2022-11-21 00:00:00+09:00,2490.0,2545.0,2355.0,2440.0,72850,0.0,0.0
2022-11-22 00:00:00+09:00,2450.0,2450.0,2290.0,2390.0,120716,0.0,0.0
2022-11-23 00:00:00+09:00,2365.0,2400.0,2285.0,2385.0,173472,0.0,0.0
2022-11-24 00:00:00+09:00,2385.0,2405.0,2320.0,2405.0,77106,0.0,0.0
2022-11-25 00:00:00+09:00,2450.0,2450.0,2350.0,2420.0,87406,0.0,0.0
2022-11-28 00:00:00+09:00,2420.0,2420.0,2345.0,2375.0,47987,0.0,0.0
2022-11-29 00:00:00+09:00,2375.0,2440.0,2300.0,2415.0,94796,0.0,0.0
2022-11-30 00:00:00+09:00,2355.0,2420.0,2345.0,2390.0,84139,0.0,0.0
2022-12-01 00:00:00+09:00,2385.0,2390.0,2310.0,2375.0,107853,0.0,0.0
2022-12-02 00:00:00+09:00,2375.0,2375.0,2300.0,2365.0,97961,0.0,0.0
2022-12-05 00:00:00+09:00,2310.0,2320.0,2190.0,2290.0,249166,0.0,0.0
2022-12-06 00:00:00+09:00,2230.0,2285.0,2060.0,2130.0,302739,0.0,0.0
2022-12-07 00:00:00+09:00,2115.0,2115.0,1905.0,1980.0,413834,0.0,0.0
2022-12-08 00:00:00+09:00,1950.0,1980.0,1840.0,1875.0,226794,0.0,0.0
2022-12-09 00:00:00+09:00,1935.0,1980.0,1655.0,1950.0,890142,0.0,0.0
2022-12-12 00:00:00+09:00,1950.0,2020.0,1910.0,1985.0,131658,0.0,0.0
2022-12-13 00:00:00+09:00,2025.0,2025.0,1930.0,2000.0,110058,0.0,0.0
2022-12-14 00:00:00+09:00,2010.0,2030.0,1955.0,2030.0,74165,0.0,0.0
2022-12-15 00:00:00+09:00,2050.0,2050.0,1960.0,1985.0,59074,0.0,0.0
2022-12-16 00:00:00+09:00,1910.0,2040.0,1910.0,2020.0,81871,0.0,0.0
2022-12-19 00:00:00+09:00,2020.0,2020.0,1980.0,1995.0,33927,0.0,0.0
2022-12-20 00:00:00+09:00,2010.0,2010.0,1910.0,1980.0,68855,0.0,0.0
2022-12-21 00:00:00+09:00,1975.0,1975.0,1900.0,1950.0,37982,0.0,0.0
2022-12-22 00:00:00+09:00,1950.0,1975.0,1900.0,1920.0,15544,0.0,0.0
2022-12-23 00:00:00+09:00,1945.0,1945.0,1800.0,1800.0,43844,0.0,0.0
2022-12-26 00:00:00+09:00,1790.0,1840.0,1670.0,1740.0,147674,0.0,0.0
2022-12-27 00:00:00+09:00,1740.0,1820.0,1720.0,1745.0,82408,0.0,0.0
2022-12-28 00:00:00+09:00,1780.0,1950.0,1775.0,1890.0,421336,0.0,0.0
2022-12-29 00:00:00+09:00,1845.0,2320.0,1845.0,2240.0,3075365,0.0,0.0
2023-01-02 00:00:00+09:00,2240.0,2245.0,1935.0,2030.0,1147408,0.0,0.0
2023-01-03 00:00:00+09:00,2045.0,2045.0,1865.0,1960.0,268784,0.0,0.0
2023-01-04 00:00:00+09:00,1945.0,1975.0,1890.0,1955.0,144150,0.0,0.0
2023-01-05 00:00:00+09:00,1955.0,2065.0,1920.0,1970.0,250230,0.0,0.0
2023-01-06 00:00:00+09:00,1970.0,1985.0,1910.0,1910.0,84201,0.0,0.0
2023-01-09 00:00:00+09:00,1925.0,1925.0,1840.0,1910.0,134294,0.0,0.0
2023-01-10 00:00:00+09:00,1895.0,1925.0,1855.0,1925.0,98092,0.0,0.0
2023-01-11 00:00:00+09:00,1915.0,2000.0,1915.0,1925.0,152635,0.0,0.0
2023-01-12 00:00:00+09:00,1925.0,2000.0,1885.0,1980.0,102780,0.0,0.0
2023-01-13 00:00:00+09:00,1980.0,2050.0,1960.0,2025.0,116882,0.0,0.0
2023-01-16 00:00:00+09:00,2020.0,2025.0,1975.0,1990.0,73685,0.0,0.0
2023-01-17 00:00:00+09:00,2020.0,2020.0,1950.0,1990.0,55407,0.0,0.0
2023-01-18 00:00:00+09:00,1970.0,1990.0,1940.0,1990.0,75759,0.0,0.0
2023-01-19 00:00:00+09:00,1980.0,2000.0,1940.0,1945.0,198542,0.0,0.0
2023-01-20 00:00:00+09:00,1965.0,1970.0,1910.0,1910.0,64561,0.0,0.0
2023-01-25 00:00:00+09:00,1910.0,1959.0,1795.0,1887.0,568086,0.0,0.0
2023-01-26 00:00:00+09:00,1887.0,1945.0,1854.0,1868.0,126338,0.0,0.0
2023-01-27 00:00:00+09:00,1869.0,1924.0,1866.0,1880.0,64665,0.0,0.0
2023-01-30 00:00:00+09:00,1899.0,1995.0,1875.0,1959.0,271441,0.0,0.0
2023-01-31 00:00:00+09:00,1959.0,1989.0,1850.0,1979.0,127898,0.0,0.0
2023-02-01 00:00:00+09:00,2010.0,2150.0,1951.0,2145.0,499377,0.0,0.0
2023-02-02 00:00:00+09:00,2155.0,2250.0,2145.0,2220.0,382467,0.0,0.0
2023-02-03 00:00:00+09:00,2220.0,2460.0,2200.0,2290.0,1215183,0.0,0.0
2023-02-06 00:00:00+09:00,2290.0,2430.0,2225.0,2310.0,791944,0.0,0.0
2023-02-07 00:00:00+09:00,2310.0,2310.0,2120.0,2130.0,600863,0.0,0.0
2023-02-08 00:00:00+09:00,2165.0,2185.0,2100.0,2100.0,352526,0.0,0.0
2023-02-09 00:00:00+09:00,2170.0,2550.0,2145.0,2480.0,2844043,0.0,0.0
2023-02-10 00:00:00+09:00,2490.0,2525.0,2310.0,2320.0,900473,0.0,0.0
2023-02-13 00:00:00+09:00,2215.0,2270.0,2175.0,2195.0,345702,0.0,0.0
2023-02-14 00:00:00+09:00,2215.0,2435.0,2130.0,2270.0,1157726,0.0,0.0
2023-02-15 00:00:00+09:00,2275.0,2275.0,2160.0,2170.0,239303,0.0,0.0
2023-02-16 00:00:00+09:00,2170.0,2205.0,2120.0,2170.0,160029,0.0,0.0
2023-02-17 00:00:00+09:00,2145.0,2165.0,2070.0,2100.0,147731,0.0,0.0
2023-02-20 00:00:00+09:00,2090.0,2140.0,2005.0,2100.0,193090,0.0,0.0
2023-02-21 00:00:00+09:00,2105.0,2190.0,2085.0,2140.0,182898,0.0,0.0
2023-02-22 00:00:00+09:00,2110.0,2205.0,2090.0,2110.0,182132,0.0,0.0
2023-02-23 00:00:00+09:00,2155.0,2190.0,2105.0,2190.0,128209,0.0,0.0
2023-02-24 00:00:00+09:00,2200.0,2335.0,2200.0,2260.0,513865,0.0,0.0
2023-02-27 00:00:00+09:00,2195.0,2245.0,2185.0,2190.0,119673,0.0,0.0
2023-02-28 00:00:00+09:00,2190.0,2245.0,2180.0,2245.0,126464,0.0,0.0
2023-03-02 00:00:00+09:00,2230.0,2245.0,2090.0,2230.0,196336,0.0,0.0
2023-03-03 00:00:00+09:00,2230.0,2290.0,2165.0,2220.0,203957,0.0,0.0
2023-03-06 00:00:00+09:00,2220.0,2265.0,2175.0,2235.0,209099,0.0,0.0
2023-03-07 00:00:00+09:00,2235.0,2325.0,2175.0,2235.0,123154,0.0,0.0
2023-03-08 00:00:00+09:00,2195.0,2215.0,2160.0,2195.0,130889,0.0,0.0
2023-03-09 00:00:00+09:00,2230.0,2365.0,2130.0,2315.0,546894,0.0,0.0
2023-03-10 00:00:00+09:00,2340.0,2655.0,2325.0,2550.0,4725517,0.0,0.0
2023-03-13 00:00:00+09:00,2440.0,2555.0,2330.0,2435.0,1482417,0.0,0.0
2023-03-14 00:00:00+09:00,2400.0,2400.0,2165.0,2210.0,653399,0.0,0.0
2023-03-15 00:00:00+09:00,2250.0,2260.0,2170.0,2185.0,288187,0.0,0.0
2023-03-16 00:00:00+09:00,2160.0,2260.0,2125.0,2255.0,255160,0.0,0.0
2023-03-17 00:00:00+09:00,2235.0,2340.0,2205.0,2310.0,355778,0.0,0.0
2023-03-20 00:00:00+09:00,2310.0,2380.0,2230.0,2310.0,270881,0.0,0.0
2023-03-21 00:00:00+09:00,2310.0,2360.0,2270.0,2330.0,267301,0.0,0.0
2023-03-22 00:00:00+09:00,2355.0,2360.0,2195.0,2295.0,313894,0.0,0.0
2023-03-23 00:00:00+09:00,2260.0,2260.0,2155.0,2220.0,286456,0.0,0.0
2023-03-24 00:00:00+09:00,2220.0,2800.0,2170.0,2760.0,5436061,0.0,0.0
2023-03-27 00:00:00+09:00,2760.0,2920.0,2710.0,2800.0,2135997,0.0,0.0
2023-03-28 00:00:00+09:00,2805.0,2830.0,2630.0,2680.0,548466,0.0,0.0
2023-03-29 00:00:00+09:00,2690.0,2690.0,2505.0,2605.0,719837,0.0,0.0
2023-03-30 00:00:00+09:00,2620.0,2620.0,2540.0,2555.0,297962,0.0,0.0
2023-03-31 00:00:00+09:00,2555.0,2725.0,2510.0,2650.0,584716,0.0,0.0
2023-04-03 00:00:00+09:00,2620.0,2725.0,2480.0,2555.0,495607,0.0,0.0
2023-04-04 00:00:00+09:00,2535.0,2900.0,2515.0,2895.0,2011915,0.0,0.0
2023-04-05 00:00:00+09:00,2865.0,2915.0,2680.0,2695.0,642298,0.0,0.0
2023-04-06 00:00:00+09:00,2740.0,2795.0,2610.0,2620.0,395149,0.0,0.0
2023-04-07 00:00:00+09:00,2630.0,2775.0,2580.0,2675.0,365870,0.0,0.0
2023-04-10 00:00:00+09:00,2610.0,2790.0,2610.0,2735.0,557252,0.0,0.0
2023-04-11 00:00:00+09:00,2735.0,2765.0,2670.0,2680.0,363691,0.0,0.0
2023-04-12 00:00:00+09:00,2685.0,2850.0,2680.0,2790.0,569047,0.0,0.0
2023-04-13 00:00:00+09:00,2795.0,2880.0,2690.0,2820.0,559249,0.0,0.0
2023-04-14 00:00:00+09:00,2830.0,2860.0,2735.0,2770.0,286304,0.0,0.0
2023-04-17 00:00:00+09:00,2770.0,2890.0,2715.0,2810.0,457101,0.0,0.0
2023-04-18 00:00:00+09:00,2810.0,2825.0,2685.0,2820.0,317218,0.0,0.0
2023-04-19 00:00:00+09:00,2820.0,2910.0,2750.0,2850.0,364933,0.0,0.0
2023-04-20 00:00:00+09:00,2875.0,2970.0,2770.0,2790.0,559082,0.0,0.0
2023-04-21 00:00:00+09:00,2785.0,2845.0,2660.0,2725.0,276086,0.0,0.0
2023-04-24 00:00:00+09:00,2680.0,2810.0,2650.0,2755.0,214733,0.0,0.0
2023-04-25 00:00:00+09:00,2790.0,2885.0,2710.0,2870.0,247850,0.0,0.0
2023-04-26 00:00:00+09:00,2870.0,2870.0,2755.0,2775.0,210485,0.0,0.0
2023-04-27 00:00:00+09:00,2755.0,2830.0,2715.0,2785.0,203551,0.0,0.0
2023-04-28 00:00:00+09:00,2750.0,2820.0,2630.0,2630.0,220956,0.0,0.0
2023-05-02 00:00:00+09:00,2620.0,2660.0,2565.0,2580.0,115961,0.0,0.0
2023-05-03 00:00:00+09:00,2570.0,2695.0,2570.0,2590.0,193019,0.0,0.0
2023-05-04 00:00:00+09:00,2600.0,2600.0,2495.0,2580.0,118530,0.0,0.0
2023-05-08 00:00:00+09:00,2570.0,2600.0,2510.0,2555.0,74377,0.0,0.0
2023-05-09 00:00:00+09:00,2590.0,2590.0,2515.0,2560.0,50385,0.0,0.0
2023-05-10 00:00:00+09:00,2540.0,2560.0,2430.0,2480.0,141921,0.0,0.0
2023-05-11 00:00:00+09:00,2480.0,2480.0,2375.0,2405.0,132399,0.0,0.0
2023-05-12 00:00:00+09:00,2455.0,2540.0,2415.0,2465.0,188501,0.0,0.0
2023-05-15 00:00:00+09:00,2570.0,2570.0,2430.0,2475.0,69696,0.0,0.0
2023-05-16 00:00:00+09:00,2475.0,2475.0,2295.0,2340.0,188435,0.0,0.0
2023-05-17 00:00:00+09:00,2340.0,2370.0,2250.0,2305.0,141218,0.0,0.0
2023-05-18 00:00:00+09:00,2350.0,2470.0,2310.0,2440.0,124913,0.0,0.0
2023-05-19 00:00:00+09:00,2440.0,2580.0,2440.0,2525.0,122336,0.0,0.0
2023-05-22 00:00:00+09:00,2540.0,2540.0,2465.0,2490.0,47797,0.0,0.0
2023-05-23 00:00:00+09:00,2480.0,2490.0,2445.0,2480.0,34223,0.0,0.0
2023-05-24 00:00:00+09:00,2480.0,2485.0,2415.0,2415.0,36708,0.0,0.0
2023-05-25 00:00:00+09:00,2450.0,2465.0,2345.0,2370.0,56523,0.0,0.0
2023-05-26 00:00:00+09:00,2400.0,2445.0,2315.0,2345.0,59528,0.0,0.0
2023-05-30 00:00:00+09:00,2350.0,2425.0,2210.0,2415.0,104951,0.0,0.0
2023-05-31 00:00:00+09:00,2415.0,2485.0,2390.0,2410.0,82942,0.0,0.0
2023-06-01 00:00:00+09:00,2440.0,2475.0,2320.0,2365.0,76209,0.0,0.0
2023-06-02 00:00:00+09:00,2365.0,2420.0,2290.0,2360.0,125432,0.0,0.0
2023-06-05 00:00:00+09:00,2405.0,2460.0,2350.0,2390.0,74313,0.0,0.0
2023-06-07 00:00:00+09:00,2415.0,2580.0,2400.0,2575.0,425008,0.0,0.0
2023-06-08 00:00:00+09:00,2535.0,2585.0,2375.0,2465.0,176793,0.0,0.0
2023-06-09 00:00:00+09:00,2445.0,2480.0,2400.0,2405.0,106033,0.0,0.0
2023-06-12 00:00:00+09:00,2420.0,2420.0,2325.0,2365.0,109195,0.0,0.0
2023-06-13 00:00:00+09:00,2345.0,2540.0,2345.0,2475.0,250782,0.0,0.0
2023-06-14 00:00:00+09:00,2450.0,2525.0,2355.0,2415.0,113666,0.0,0.0
2023-06-15 00:00:00+09:00,2410.0,2420.0,2355.0,2365.0,65931,0.0,0.0
2023-06-16 00:00:00+09:00,2365.0,2400.0,2350.0,2360.0,68032,0.0,0.0
2023-06-19 00:00:00+09:00,2360.0,2385.0,2325.0,2335.0,61372,0.0,0.0
2023-06-20 00:00:00+09:00,2335.0,2375.0,2235.0,2245.0,130703,0.0,0.0
2023-06-21 00:00:00+09:00,2270.0,2305.0,2200.0,2235.0,109554,0.0,0.0
2023-06-22 00:00:00+09:00,2215.0,2280.0,2200.0,2215.0,107518,0.0,0.0
2023-06-23 00:00:00+09:00,2215.0,2285.0,2215.0,2260.0,52358,0.0,0.0
2023-06-26 00:00:00+09:00,2260.0,2265.0,2150.0,2200.0,174107,0.0,0.0
2023-06-27 00:00:00+09:00,2180.0,2320.0,2180.0,2300.0,154410,0.0,0.0
2023-06-28 00:00:00+09:00,2325.0,2330.0,2245.0,2260.0,105203,0.0,0.0
2023-06-29 00:00:00+09:00,2250.0,2255.0,2175.0,2190.0,103552,0.0,0.0
2023-06-30 00:00:00+09:00,2120.0,2255.0,2120.0,2255.0,70180,0.0,0.0
2023-07-03 00:00:00+09:00,2255.0,2255.0,2185.0,2255.0,112835,0.0,0.0
2023-07-04 00:00:00+09:00,2255.0,2255.0,2175.0,2230.0,78543,0.0,0.0
2023-07-05 00:00:00+09:00,2230.0,2255.0,2175.0,2195.0,77727,0.0,0.0
2023-07-06 00:00:00+09:00,2195.0,2200.0,2120.0,2180.0,127741,0.0,0.0
2023-07-07 00:00:00+09:00,2170.0,2180.0,2090.0,2090.0,98402,0.0,0.0
2023-07-10 00:00:00+09:00,2050.0,2140.0,2035.0,2060.0,117766,0.0,0.0
2023-07-12 00:00:00+09:00,2055.0,2160.0,2050.0,2125.0,184441,0.0,0.0
2023-07-14 00:00:00+09:00,2030.0,2065.0,2005.0,2055.0,121756,0.0,0.0
2023-07-17 00:00:00+09:00,2050.0,2050.0,1978.0,1984.0,275583,0.0,0.0
2023-07-18 00:00:00+09:00,1992.0,1995.0,1909.0,1970.0,276006,0.0,0.0
2023-07-19 00:00:00+09:00,1970.0,2260.0,1916.0,2205.0,853726,0.0,0.0
2023-07-20 00:00:00+09:00,2205.0,2230.0,2120.0,2120.0,125972,0.0,0.0
2023-07-21 00:00:00+09:00,2105.0,2230.0,2065.0,2160.0,226296,0.0,0.0
2023-07-24 00:00:00+09:00,2170.0,2215.0,2100.0,2150.0,174236,0.0,0.0
2023-07-25 00:00:00+09:00,2130.0,2135.0,1981.0,2075.0,168086,0.0,0.0
2023-07-26 00:00:00+09:00,1995.0,2045.0,1860.0,1929.0,273640,0.0,0.0
2023-07-27 00:00:00+09:00,1929.0,1972.0,1903.0,1903.0,181602,0.0,0.0
2023-07-28 00:00:00+09:00,1903.0,1955.0,1895.0,1955.0,163160,0.0,0.0
2023-07-31 00:00:00+09:00,1955.0,1971.0,1826.0,1826.0,348218,0.0,0.0
2023-08-01 00:00:00+09:00,1826.0,1853.0,1780.0,1826.0,302171,0.0,0.0
2023-08-02 00:00:00+09:00,1808.0,1847.0,1786.0,1800.0,143297,0.0,0.0
2023-08-03 00:00:00+09:00,1801.0,1880.0,1774.0,1821.0,185598,0.0,0.0
2023-08-04 00:00:00+09:00,1821.0,1821.0,1775.0,1786.0,116713,0.0,0.0
2023-08-07 00:00:00+09:00,1751.0,1882.0,1730.0,1882.0,271770,0.0,0.0
2023-08-08 00:00:00+09:00,1882.0,1985.0,1870.0,1939.0,391675,0.0,0.0
2023-08-09 00:00:00+09:00,1939.0,1968.0,1833.0,1845.0,352413,0.0,0.0
2023-08-10 00:00:00+09:00,1880.0,1880.0,1773.0,1800.0,196499,0.0,0.0
2023-08-11 00:00:00+09:00,1789.0,1843.0,1778.0,1800.0,138127,0.0,0.0
2023-08-14 00:00:00+09:00,1793.0,1826.0,1768.0,1810.0,112920,0.0,0.0
2023-08-16 00:00:00+09:00,1801.0,1801.0,1739.0,1780.0,244391,0.0,0.0
2023-08-17 00:00:00+09:00,1750.0,1799.0,1732.0,1760.0,95931,0.0,0.0
2023-08-18 00:00:00+09:00,1760.0,1760.0,1692.0,1725.0,152124,0.0,0.0
2023-08-21 00:00:00+09:00,1700.0,1768.0,1700.0,1705.0,120951,0.0,0.0
2023-08-22 00:00:00+09:00,1706.0,1748.0,1695.0,1710.0,69911,0.0,0.0
2023-08-23 00:00:00+09:00,1710.0,2220.0,1701.0,2220.0,5782143,0.0,0.0
2023-08-24 00:00:00+09:00,2400.0,2635.0,2000.0,2020.0,6022756,0.0,0.0
2023-08-25 00:00:00+09:00,2080.0,2095.0,1860.0,1901.0,1275447,0.0,0.0
2023-08-28 00:00:00+09:00,1877.0,1940.0,1848.0,1925.0,649390,0.0,0.0
2023-08-29 00:00:00+09:00,1945.0,2250.0,1940.0,2145.0,5471385,0.0,0.0
2023-08-30 00:00:00+09:00,2110.0,2225.0,2070.0,2090.0,974890,0.0,0.0
2023-08-31 00:00:00+09:00,2095.0,2100.0,1999.0,2005.0,442701,0.0,0.0
2023-09-01 00:00:00+09:00,2020.0,2040.0,1945.0,1950.0,327992,0.0,0.0
2023-09-04 00:00:00+09:00,1960.0,1994.0,1883.0,1891.0,303235,0.0,0.0
2023-09-05 00:00:00+09:00,1880.0,1960.0,1850.0,1866.0,285468,0.0,0.0
2023-09-06 00:00:00+09:00,1867.0,1888.0,1812.0,1840.0,198077,0.0,0.0
2023-09-07 00:00:00+09:00,1835.0,1840.0,1760.0,1792.0,284221,0.0,0.0
2023-09-08 00:00:00+09:00,1773.0,1950.0,1762.0,1829.0,540003,0.0,0.0
2023-09-11 00:00:00+09:00,1829.0,1860.0,1798.0,1810.0,114669,0.0,0.0
2023-09-12 00:00:00+09:00,1839.0,1884.0,1818.0,1830.0,237284,0.0,0.0
2023-09-13 00:00:00+09:00,1905.0,1909.0,1785.0,1795.0,168081,0.0,0.0
2023-09-14 00:00:00+09:00,1791.0,1837.0,1780.0,1798.0,85254,0.0,0.0
2023-09-15 00:00:00+09:00,1814.0,1828.0,1768.0,1814.0,120812,0.0,0.0
2023-09-18 00:00:00+09:00,1812.0,1812.0,1762.0,1780.0,122131,0.0,0.0
2023-09-19 00:00:00+09:00,1744.0,1783.0,1740.0,1760.0,120899,0.0,0.0
2023-09-20 00:00:00+09:00,1793.0,1843.0,1743.0,1799.0,274173,0.0,0.0
2023-09-21 00:00:00+09:00,1800.0,1810.0,1751.0,1774.0,187700,0.0,0.0
2023-09-22 00:00:00+09:00,1750.0,1773.0,1711.0,1737.0,143661,0.0,0.0
2023-09-25 00:00:00+09:00,1737.0,1765.0,1692.0,1733.0,131615,0.0,0.0
2023-09-26 00:00:00+09:00,1750.0,1750.0,1674.0,1705.0,135328,0.0,0.0
2023-09-27 00:00:00+09:00,1661.0,1737.0,1661.0,1735.0,89339,0.0,0.0
2023-10-04 00:00:00+09:00,1734.0,1839.0,1715.0,1780.0,324713,0.0,0.0
2023-10-05 00:00:00+09:00,1820.0,1849.0,1771.0,1848.0,233255,0.0,0.0
2023-10-06 00:00:00+09:00,1868.0,1986.0,1808.0,1808.0,913032,0.0,0.0
2023-10-10 00:00:00+09:00,1809.0,1911.0,1791.0,1794.0,606964,0.0,0.0
2023-10-11 00:00:00+09:00,1832.0,1850.0,1750.0,1777.0,199842,0.0,0.0
2023-10-12 00:00:00+09:00,1765.0,1818.0,1755.0,1768.0,209122,0.0,0.0
2023-10-13 00:00:00+09:00,1756.0,1812.0,1745.0,1768.0,162872,0.0,0.0
2023-10-16 00:00:00+09:00,1767.0,1767.0,1720.0,1731.0,135147,0.0,0.0
2023-10-17 00:00:00+09:00,1722.0,1787.0,1722.0,1750.0,146318,0.0,0.0
2023-10-18 00:00:00+09:00,1730.0,1769.0,1686.0,1741.0,139603,0.0,0.0
2023-10-19 00:00:00+09:00,1739.0,1739.0,1639.0,1676.0,237243,0.0,0.0
2023-10-20 00:00:00+09:00,1659.0,1659.0,1600.0,1643.0,171544,0.0,0.0
2023-10-23 00:00:00+09:00,1569.0,1641.0,1555.0,1640.0,284892,0.0,0.0
2023-10-24 00:00:00+09:00,1602.0,1678.0,1576.0,1674.0,155748,0.0,0.0
2023-10-25 00:00:00+09:00,1700.0,1700.0,1620.0,1628.0,147516,0.0,0.0
2023-10-26 00:00:00+09:00,1628.0,1628.0,1559.0,1591.0,108021,0.0,0.0
2023-10-27 00:00:00+09:00,1577.0,1618.0,1570.0,1600.0,169672,0.0,0.0
2023-10-30 00:00:00+09:00,1670.0,1681.0,1576.0,1655.0,147676,0.0,0.0
2023-10-31 00:00:00+09:00,1656.0,1688.0,1580.0,1657.0,103827,0.0,0.0
2023-11-01 00:00:00+09:00,1657.0,1657.0,1579.0,1579.0,121756,0.0,0.0
2023-11-02 00:00:00+09:00,1583.0,1600.0,1552.0,1576.0,150357,0.0,0.0
2023-11-03 00:00:00+09:00,1599.0,1609.0,1568.0,1600.0,77016,0.0,0.0
2023-11-06 00:00:00+09:00,1501.0,1628.0,1501.0,1623.0,173067,0.0,0.0
2023-11-07 00:00:00+09:00,1619.0,1629.0,1574.0,1618.0,103000,0.0,0.0
2023-11-08 00:00:00+09:00,1601.0,1618.0,1584.0,1611.0,93229,0.0,0.0
2023-11-09 00:00:00+09:00,1602.0,1611.0,1573.0,1582.0,68434,0.0,0.0
2023-11-10 00:00:00+09:00,1580.0,1588.0,1505.0,1525.0,93995,0.0,0.0
2023-11-13 00:00:00+09:00,1525.0,1529.0,1463.0,1473.0,134027,0.0,0.0
2023-11-14 00:00:00+09:00,1453.0,1499.0,1453.0,1495.0,32472,0.0,0.0
2023-11-15 00:00:00+09:00,1518.0,1529.0,1495.0,1519.0,41089,0.0,0.0
2023-11-16 00:00:00+09:00,1519.0,1542.0,1517.0,1530.0,45443,0.0,0.0
2023-11-17 00:00:00+09:00,1544.0,1544.0,1463.0,1489.0,111319,0.0,0.0
2023-11-20 00:00:00+09:00,1499.0,1518.0,1466.0,1489.0,214555,0.0,0.0
2023-11-21 00:00:00+09:00,1505.0,1505.0,1485.0,1488.0,58256,0.0,0.0
2023-11-22 00:00:00+09:00,1488.0,1496.0,1456.0,1483.0,114310,0.0,0.0
2023-11-23 00:00:00+09:00,1484.0,1640.0,1468.0,1530.0,403674,0.0,0.0
2023-11-24 00:00:00+09:00,1531.0,1648.0,1482.0,1531.0,1041030,0.0,0.0
2023-11-27 00:00:00+09:00,1599.0,1673.0,1552.0,1595.0,763750,0.0,0.0
2023-11-28 00:00:00+09:00,1570.0,1574.0,1518.0,1550.0,223646,0.0,0.0
2023-11-29 00:00:00+09:00,1580.0,1580.0,1481.0,1501.0,165256,0.0,0.0
2023-11-30 00:00:00+09:00,1524.0,1524.0,1470.0,1494.0,110675,0.0,0.0
2023-12-01 00:00:00+09:00,1504.0,1553.0,1479.0,1548.0,237066,0.0,0.0
2023-12-04 00:00:00+09:00,1590.0,1603.0,1530.0,1579.0,188887,0.0,0.0
2023-12-05 00:00:00+09:00,1570.0,1622.0,1552.0,1570.0,151594,0.0,0.0
2023-12-06 00:00:00+09:00,1570.0,1580.0,1529.0,1550.0,108331,0.0,0.0
2023-12-07 00:00:00+09:00,1549.0,1549.0,1501.0,1522.0,78264,0.0,0.0
2023-12-08 00:00:00+09:00,1522.0,1525.0,1507.0,1514.0,35028,0.0,0.0
2023-12-11 00:00:00+09:00,1514.0,1569.0,1500.0,1564.0,97105,0.0,0.0
2023-12-12 00:00:00+09:00,1569.0,1569.0,1529.0,1555.0,66581,0.0,0.0
2023-12-13 00:00:00+09:00,1554.0,1554.0,1525.0,1535.0,46916,0.0,0.0
2023-12-14 00:00:00+09:00,1535.0,1568.0,1535.0,1556.0,44693,0.0,0.0
2023-12-15 00:00:00+09:00,1540.0,1565.0,1505.0,1560.0,106141,0.0,0.0
2023-12-18 00:00:00+09:00,1531.0,1574.0,1531.0,1572.0,40186,0.0,0.0
2023-12-19 00:00:00+09:00,1572.0,1615.0,1552.0,1583.0,158353,0.0,0.0
2023-12-20 00:00:00+09:00,1583.0,1664.0,1568.0,1620.0,440124,0.0,0.0
2023-12-21 00:00:00+09:00,1620.0,1620.0,1569.0,1573.0,200739,0.0,0.0
2023-12-22 00:00:00+09:00,1551.0,1599.0,1551.0,1593.0,89857,0.0,0.0
2023-12-26 00:00:00+09:00,1593.0,1593.0,1565.0,1588.0,65968,0.0,0.0
2023-12-27 00:00:00+09:00,1587.0,1596.0,1569.0,1589.0,91722,0.0,0.0
2023-12-28 00:00:00+09:00,1589.0,1622.0,1575.0,1617.0,135803,0.0,0.0
2024-01-02 00:00:00+09:00,1621.0,1658.0,1617.0,1655.0,150862,0.0,0.0
2024-01-03 00:00:00+09:00,1699.0,1776.0,1605.0,1633.0,328907,0.0,0.0
2024-01-04 00:00:00+09:00,1633.0,1665.0,1610.0,1653.0,107788,0.0,0.0
2024-01-05 00:00:00+09:00,1670.0,1687.0,1620.0,1645.0,140029,0.0,0.0
2024-01-08 00:00:00+09:00,1645.0,2105.0,1623.0,1727.0,4561193,0.0,0.0
2024-01-09 00:00:00+09:00,1727.0,1738.0,1666.0,1690.0,742129,0.0,0.0
2024-01-10 00:00:00+09:00,1690.0,1690.0,1662.0,1680.0,143381,0.0,0.0
2024-01-11 00:00:00+09:00,1680.0,1695.0,1651.0,1683.0,134387,0.0,0.0
2024-01-12 00:00:00+09:00,1676.0,1677.0,1643.0,1649.0,193699,0.0,0.0
2024-01-15 00:00:00+09:00,1650.0,1656.0,1626.0,1644.0,102097,0.0,0.0
2024-01-16 00:00:00+09:00,1641.0,1652.0,1626.0,1628.0,76747,0.0,0.0
2024-01-17 00:00:00+09:00,1628.0,1634.0,1550.0,1565.0,162179,0.0,0.0
2024-01-18 00:00:00+09:00,1555.0,1574.0,1536.0,1567.0,81117,0.0,0.0
2024-01-19 00:00:00+09:00,1571.0,1611.0,1552.0,1568.0,92462,0.0,0.0
2024-01-22 00:00:00+09:00,1573.0,1646.0,1555.0,1645.0,319052,0.0,0.0
2024-01-23 00:00:00+09:00,1645.0,1666.0,1615.0,1632.0,174168,0.0,0.0
2024-01-24 00:00:00+09:00,1632.0,1632.0,1580.0,1612.0,90071,0.0,0.0
2024-01-25 00:00:00+09:00,1612.0,1632.0,1559.0,1575.0,155005,0.0,0.0
2024-01-26 00:00:00+09:00,1575.0,1586.0,1559.0,1582.0,51684,0.0,0.0
2024-01-29 00:00:00+09:00,1582.0,1582.0,1520.0,1530.0,91216,0.0,0.0
2024-01-30 00:00:00+09:00,1530.0,1577.0,1521.0,1544.0,76689,0.0,0.0
2024-01-31 00:00:00+09:00,1574.0,1574.0,1507.0,1511.0,54600,0.0,0.0
2024-02-01 00:00:00+09:00,1502.0,1540.0,1488.0,1500.0,36459,0.0,0.0
2024-02-02 00:00:00+09:00,1504.0,1523.0,1463.0,1475.0,105090,0.0,0.0
2024-02-05 00:00:00+09:00,1475.0,1750.0,1436.0,1464.0,4311606,0.0,0.0
2024-02-06 00:00:00+09:00,1456.0,1461.0,1400.0,1406.0,386812,0.0,0.0
2024-02-07 00:00:00+09:00,1409.0,1438.0,1363.0,1406.0,206238,0.0,0.0
2024-02-08 00:00:00+09:00,1363.0,1405.0,1345.0,1402.0,147972,0.0,0.0
2024-02-13 00:00:00+09:00,1397.0,1418.0,1390.0,1400.0,127434,0.0,0.0
2024-02-14 00:00:00+09:00,1399.0,1409.0,1365.0,1400.0,32837,0.0,0.0
2024-02-15 00:00:00+09:00,1400.0,1425.0,1392.0,1411.0,67679,0.0,0.0
2024-02-16 00:00:00+09:00,1410.0,1427.0,1404.0,1415.0,79040,0.0,0.0
2024-02-19 00:00:00+09:00,1424.0,1436.0,1405.0,1436.0,82981,0.0,0.0
2024-02-20 00:00:00+09:00,1439.0,1439.0,1409.0,1430.0,93957,0.0,0.0
2024-02-21 00:00:00+09:00,1428.0,1438.0,1401.0,1410.0,76895,0.0,0.0
2024-02-22 00:00:00+09:00,1435.0,1435.0,1370.0,1383.0,123556,0.0,0.0
2024-02-23 00:00:00+09:00,1378.0,1395.0,1366.0,1367.0,81791,0.0,0.0
2024-02-26 00:00:00+09:00,1367.0,1389.0,1308.0,1314.0,227057,0.0,0.0
2024-02-27 00:00:00+09:00,1311.0,1311.0,1238.0,1252.0,344272,0.0,0.0
2024-02-28 00:00:00+09:00,1245.0,1307.0,1220.0,1282.0,132317,0.0,0.0
2024-02-29 00:00:00+09:00,1282.0,1282.0,1224.0,1234.0,141952,0.0,0.0
2024-03-04 00:00:00+09:00,1234.0,1234.0,1159.0,1159.0,130902,0.0,0.0
2024-03-05 00:00:00+09:00,1155.0,1191.0,1130.0,1166.0,178661,0.0,0.0
2024-03-06 00:00:00+09:00,1166.0,1195.0,1153.0,1162.0,72817,0.0,0.0
2024-03-07 00:00:00+09:00,1168.0,1180.0,1075.0,1121.0,299419,0.0,0.0
2024-03-08 00:00:00+09:00,1150.0,1266.0,1111.0,1241.0,806968,0.0,0.0
2024-03-11 00:00:00+09:00,1272.0,1362.0,1249.0,1327.0,653643,0.0,0.0
2024-03-12 00:00:00+09:00,1326.0,1326.0,1195.0,1208.0,237072,0.0,0.0
2024-03-13 00:00:00+09:00,1215.0,1290.0,1205.0,1257.0,170236,0.0,0.0
2024-03-14 00:00:00+09:00,1268.0,1270.0,1190.0,1210.0,111493,0.0,0.0
2024-03-15 00:00:00+09:00,1185.0,1193.0,1145.0,1180.0,73308,0.0,0.0
2024-03-18 00:00:00+09:00,1180.0,1211.0,1176.0,1190.0,17525,0.0,0.0
2024-03-19 00:00:00+09:00,1172.0,1195.0,1135.0,1165.0,32325,0.0,0.0
2024-03-20 00:00:00+09:00,1144.0,1166.0,1122.0,1150.0,77389,0.0,0.0
2024-03-21 00:00:00+09:00,1153.0,1177.0,1121.0,1147.0,95341,0.0,0.0
2024-03-22 00:00:00+09:00,1182.0,1185.0,1150.0,1175.0,57080,0.0,0.0
2024-03-25 00:00:00+09:00,1188.0,1238.0,1165.0,1200.0,110354,0.0,0.0
2024-03-26 00:00:00+09:00,1200.0,1220.0,1167.0,1190.0,66470,0.0,0.0
2024-03-27 00:00:00+09:00,1180.0,1215.0,1180.0,1194.0,14380,0.0,0.0
2024-03-28 00:00:00+09:00,1183.0,1208.0,1182.0,1208.0,33625,0.0,0.0
2024-03-29 00:00:00+09:00,1211.0,1219.0,1188.0,1188.0,80539,0.0,0.0
2024-04-01 00:00:00+09:00,1188.0,1195.0,1168.0,1186.0,59786,0.0,0.0
2024-04-02 00:00:00+09:00,1166.0,1196.0,1163.0,1181.0,103618,0.0,0.0
2024-04-03 00:00:00+09:00,1178.0,1178.0,1140.0,1142.0,50077,0.0,0.0
2024-04-04 00:00:00+09:00,1142.0,1167.0,1131.0,1147.0,41639,0.0,0.0
2024-04-05 00:00:00+09:00,1147.0,1147.0,1095.0,1110.0,104488,0.0,0.0
2024-04-08 00:00:00+09:00,1110.0,1139.0,1064.0,1089.0,63574,0.0,0.0
2024-04-09 00:00:00+09:00,1131.0,1131.0,1058.0,1078.0,81611,0.0,0.0
2024-04-11 00:00:00+09:00,1077.0,1077.0,1023.0,1060.0,59789,0.0,0.0
2024-04-12 00:00:00+09:00,1060.0,1060.0,1027.0,1050.0,35338,0.0,0.0
2024-04-15 00:00:00+09:00,1050.0,1060.0,1006.0,1060.0,61711,0.0,0.0
2024-04-16 00:00:00+09:00,1060.0,1069.0,1035.0,1060.0,130546,0.0,0.0
2024-04-17 00:00:00+09:00,1031.0,1086.0,1031.0,1045.0,40145,0.0,0.0
2024-04-18 00:00:00+09:00,1070.0,1070.0,1036.0,1044.0,23833,0.0,0.0
2024-04-19 00:00:00+09:00,1070.0,1070.0,1004.0,1021.0,62610,0.0,0.0
2024-04-22 00:00:00+09:00,1025.0,1025.0,1002.0,1012.0,33991,0.0,0.0
2024-04-23 00:00:00+09:00,1012.0,1036.0,1000.0,1000.0,30959,0.0,0.0
2024-04-24 00:00:00+09:00,1000.0,1018.0,995.0,1016.0,76474,0.0,0.0
2024-04-25 00:00:00+09:00,1016.0,1026.0,990.0,1000.0,74407,0.0,0.0
2024-04-26 00:00:00+09:00,1000.0,1012.0,992.0,1003.0,42629,0.0,0.0
2024-04-29 00:00:00+09:00,1004.0,1024.0,997.0,1002.0,22657,0.0,0.0
2024-04-30 00:00:00+09:00,1006.0,1012.0,1001.0,1002.0,29945,0.0,0.0
2024-05-02 00:00:00+09:00,1002.0,1009.0,992.0,1000.0,18614,0.0,0.0
2024-05-03 00:00:00+09:00,1000.0,1006.0,993.0,999.0,34466,0.0,0.0
2024-05-07 00:00:00+09:00,1000.0,1005.0,950.0,990.0,98625,0.0,0.0
2024-05-08 00:00:00+09:00,990.0,999.0,979.0,998.0,171568,0.0,0.0
2024-05-09 00:00:00+09:00,1071.0,1292.0,1071.0,1077.0,7574028,0.0,0.0
2024-05-10 00:00:00+09:00,1081.0,1081.0,1017.0,1024.0,745547,0.0,0.0
2024-05-13 00:00:00+09:00,1029.0,1029.0,991.0,1000.0,218549,0.0,0.0
2024-05-14 00:00:00+09:00,1000.0,1008.0,980.0,995.0,114652,0.0,0.0
2024-05-16 00:00:00+09:00,997.0,1010.0,988.0,1002.0,100421,0.0,0.0
2024-05-17 00:00:00+09:00,1006.0,1006.0,990.0,997.0,73604,0.0,0.0
2024-05-20 00:00:00+09:00,992.0,1027.0,992.0,1003.0,143075,0.0,0.0
2024-05-21 00:00:00+09:00,1006.0,1006.0,988.0,998.0,77129,0.0,0.0
2024-05-22 00:00:00+09:00,998.0,998.0,969.0,980.0,96677,0.0,0.0
2024-05-23 00:00:00+09:00,980.0,993.0,956.0,969.0,84295,0.0,0.0
2024-05-24 00:00:00+09:00,969.0,976.0,961.0,966.0,28693,0.0,0.0
2024-05-27 00:00:00+09:00,950.0,965.0,920.0,940.0,121583,0.0,0.0
2024-05-28 00:00:00+09:00,954.0,1222.0,951.0,1222.0,2204822,0.0,0.0
2024-05-29 00:00:00+09:00,1337.0,1516.0,1225.0,1252.0,17287720,0.0,0.0
2024-05-30 00:00:00+09:00,1247.0,1252.0,1097.0,1101.0,2458504,0.0,0.0
2024-05-31 00:00:00+09:00,1101.0,1115.0,1035.0,1055.0,894431,0.0,0.0
2024-06-03 00:00:00+09:00,1051.0,1156.0,1040.0,1070.0,1425291,0.0,0.0
2024-06-04 00:00:00+09:00,1070.0,1085.0,1010.0,1056.0,445714,0.0,0.0
2024-06-05 00:00:00+09:00,1043.0,1043.0,1002.0,1006.0,320155,0.0,0.0
2024-06-07 00:00:00+09:00,1001.0,1027.0,1001.0,1021.0,176933,0.0,0.0
2024-06-10 00:00:00+09:00,1021.0,1022.0,999.0,1017.0,212062,0.0,0.0
2024-06-11 00:00:00+09:00,1010.0,1034.0,1000.0,1012.0,220973,0.0,0.0
2024-06-12 00:00:00+09:00,1030.0,1030.0,1006.0,1008.0,87567,0.0,0.0
2024-06-13 00:00:00+09:00,1007.0,1026.0,1007.0,1011.0,53316,0.0,0.0
2024-06-14 00:00:00+09:00,1011.0,1020.0,974.0,981.0,377937,0.0,0.0
2024-06-17 00:00:00+09:00,991.0,998.0,976.0,989.0,119626,0.0,0.0
2024-06-18 00:00:00+09:00,981.0,1000.0,976.0,990.0,104608,0.0,0.0
2024-06-19 00:00:00+09:00,990.0,1098.0,987.0,1024.0,541470,0.0,0.0
2024-06-20 00:00:00+09:00,1023.0,1054.0,1005.0,1044.0,163804,0.0,0.0
2024-06-21 00:00:00+09:00,1044.0,1044.0,1001.0,1001.0,102352,0.0,0.0
2024-06-24 00:00:00+09:00,989.0,1001.0,982.0,1001.0,73375,0.0,0.0
2024-06-25 00:00:00+09:00,994.0,1000.0,985.0,985.0,96241,0.0,0.0
2024-06-26 00:00:00+09:00,989.0,1026.0,989.0,1006.0,120029,0.0,0.0
2024-06-27 00:00:00+09:00,1012.0,1026.0,993.0,1002.0,112688,0.0,0.0
2024-06-28 00:00:00+09:00,1019.0,1019.0,978.0,998.0,153761,0.0,0.0
2024-07-01 00:00:00+09:00,986.0,997.0,950.0,983.0,140871,0.0,0.0
2024-07-02 00:00:00+09:00,973.0,1000.0,956.0,979.0,132625,0.0,0.0
2024-07-03 00:00:00+09:00,979.0,986.0,959.0,963.0,85408,0.0,0.0
2024-07-04 00:00:00+09:00,972.0,972.0,952.0,959.0,54018,0.0,0.0
2024-07-05 00:00:00+09:00,958.0,965.0,940.0,951.0,110201,0.0,0.0
2024-07-08 00:00:00+09:00,951.0,969.0,938.0,945.0,97745,0.0,0.0
2024-07-09 00:00:00+09:00,938.0,954.0,938.0,951.0,58686,0.0,0.0
2024-07-10 00:00:00+09:00,961.0,964.0,940.0,942.0,81103,0.0,0.0
2024-07-11 00:00:00+09:00,943.0,967.0,933.0,945.0,101605,0.0,0.0
2024-07-12 00:00:00+09:00,932.0,950.0,932.0,948.0,24918,0.0,0.0
2024-07-15 00:00:00+09:00,960.0,960.0,930.0,930.0,77932,0.0,0.0
2024-07-16 00:00:00+09:00,923.0,939.0,923.0,931.0,35270,0.0,0.0
2024-07-17 00:00:00+09:00,931.0,943.0,929.0,935.0,50481,0.0,0.0
2024-07-18 00:00:00+09:00,923.0,949.0,923.0,935.0,54817,0.0,0.0
2024-07-19 00:00:00+09:00,935.0,935.0,916.0,933.0,68572,0.0,0.0
2024-07-22 00:00:00+09:00,933.0,948.0,909.0,916.0,86968,0.0,0.0
2024-07-23 00:00:00+09:00,912.0,931.0,890.0,911.0,85506,0.0,0.0
2024-07-24 00:00:00+09:00,911.0,913.0,900.0,910.0,63251,0.0,0.0
2024-07-25 00:00:00+09:00,901.0,910.0,875.0,885.0,77622,0.0,0.0
2024-07-26 00:00:00+09:00,885.0,890.0,873.0,885.0,37850,0.0,0.0
2024-07-29 00:00:00+09:00,812.0,882.0,811.0,881.0,207555,0.0,0.0
2024-07-30 00:00:00+09:00,881.0,886.0,850.0,879.0,65534,0.0,0.0
2024-07-31 00:00:00+09:00,859.0,887.0,859.0,875.0,19430,0.0,0.0
2024-08-01 00:00:00+09:00,877.0,900.0,877.0,890.0,45923,0.0,0.0
2024-08-02 00:00:00+09:00,898.0,898.0,825.0,869.0,46157,0.0,0.0
2024-08-05 00:00:00+09:00,869.0,869.0,727.0,801.0,111679,0.0,0.0
2024-08-06 00:00:00+09:00,801.0,819.0,779.0,798.0,146505,0.0,0.0
2024-08-07 00:00:00+09:00,810.0,830.0,792.0,812.0,33273,0.0,0.0
2024-08-08 00:00:00+09:00,812.0,812.0,781.0,808.0,31098,0.0,0.0
2024-08-09 00:00:00+09:00,809.0,838.0,800.0,829.0,43949,0.0,0.0
2024-08-12 00:00:00+09:00,842.0,864.0,813.0,834.0,34173,0.0,0.0
2024-08-13 00:00:00+09:00,834.0,866.0,813.0,816.0,33582,0.0,0.0
2024-08-14 00:00:00+09:00,816.0,836.0,815.0,824.0,47202,0.0,0.0
2024-08-16 00:00:00+09:00,824.0,839.0,824.0,830.0,45342,0.0,0.0
2024-08-19 00:00:00+09:00,830.0,906.0,830.0,848.0,150731,0.0,0.0
2024-08-20 00:00:00+09:00,857.0,870.0,849.0,860.0,75997,0.0,0.0
2024-08-21 00:00:00+09:00,855.0,923.0,850.0,888.0,309131,0.0,0.0
2024-08-22 00:00:00+09:00,895.0,919.0,852.0,865.0,139454,0.0,0.0
2024-08-23 00:00:00+09:00,865.0,965.0,854.0,934.0,586413,0.0,0.0
2024-08-26 00:00:00+09:00,934.0,937.0,899.0,919.0,101713,0.0,0.0
2024-08-27 00:00:00+09:00,919.0,924.0,894.0,917.0,31396,0.0,0.0
2024-08-28 00:00:00+09:00,911.0,932.0,903.0,910.0,46497,0.0,0.0
2024-08-29 00:00:00+09:00,910.0,912.0,895.0,909.0,41911,0.0,0.0
2024-08-30 00:00:00+09:00,902.0,909.0,885.0,906.0,9101,0.0,0.0
2024-09-02 00:00:00+09:00,906.0,917.0,902.0,908.0,19226,0.0,0.0
2024-09-03 00:00:00+09:00,901.0,921.0,887.0,891.0,56511,0.0,0.0
2024-09-04 00:00:00+09:00,878.0,885.0,830.0,830.0,66513,0.0,0.0
2024-09-05 00:00:00+09:00,830.0,865.0,821.0,850.0,63455,0.0,0.0
2024-09-06 00:00:00+09:00,845.0,845.0,821.0,825.0,18029,0.0,0.0
2024-09-09 00:00:00+09:00,815.0,830.0,801.0,828.0,36900,0.0,0.0
2024-09-10 00:00:00+09:00,828.0,870.0,823.0,829.0,24122,0.0,0.0
2024-09-11 00:00:00+09:00,829.0,829.0,803.0,806.0,36472,0.0,0.0
2024-09-12 00:00:00+09:00,806.0,829.0,804.0,825.0,32085,0.0,0.0
2024-09-13 00:00:00+09:00,825.0,839.0,810.0,828.0,25917,0.0,0.0
2024-09-19 00:00:00+09:00,828.0,832.0,820.0,832.0,21198,0.0,0.0
2024-09-20 00:00:00+09:00,823.0,887.0,823.0,832.0,61292,0.0,0.0
2024-09-23 00:00:00+09:00,832.0,851.0,826.0,851.0,68319,0.0,0.0
2024-09-24 00:00:00+09:00,842.0,855.0,825.0,826.0,39551,0.0,0.0
2024-09-25 00:00:00+09:00,826.0,835.0,820.0,832.0,33788,0.0,0.0
2024-09-26 00:00:00+09:00,832.0,898.0,824.0,833.0,318519,0.0,0.0
2024-09-27 00:00:00+09:00,833.0,850.0,825.0,834.0,75035,0.0,0.0
2024-09-30 00:00:00+09:00,834.0,842.0,823.0,830.0,31329,0.0,0.0
2024-10-02 00:00:00+09:00,830.0,860.0,780.0,780.0,241910,0.0,0.0
2024-10-04 00:00:00+09:00,784.0,809.0,784.0,799.0,54865,0.0,0.0
