Date,Open,High,Low,Close,Volume,Dividends,Stock Splits
2010-05-27 00:00:00+08:00,52.11514613939369,52.11514613939369,42.49388839058254,46.10186004638672,2013000,0.0,0.0
2010-05-28 00:00:00+08:00,45.70098301149764,45.70098301149764,41.090796128758846,42.493896484375,1177000,0.0,0.0
2010-05-31 00:00:00+08:00,41.69212449783397,43.69655356022984,40.48946706039646,42.293453216552734,625000,0.0,0.0
2010-06-01 00:00:00+08:00,42.29344745747094,43.69654761008846,41.29123306274414,41.29123306274414,571000,0.0,0.0
2010-06-02 00:00:00+08:00,41.29123776368421,42.694338076042406,39.68769454956055,39.68769454956055,671000,0.0,0.0
2010-06-03 00:00:00+08:00,40.088578320692065,40.68990699550245,37.72335158806807,37.96388244628906,1108000,0.0,0.0
2010-06-04 00:00:00+08:00,37.963882511163206,39.687692605304996,37.963882511163206,38.32468032836914,634000,0.0,0.0
2010-06-07 00:00:00+08:00,36.881491548275406,37.48282021482338,35.95945303616222,36.640960693359375,847000,0.0,0.0
2010-06-08 00:00:00+08:00,36.64096320429482,38.084151491205745,36.64096320429482,37.683265686035156,410000,0.0,0.0
2010-06-09 00:00:00+08:00,38.00397398571368,38.00397398571368,36.48060676550599,36.520694732666016,333000,0.0,0.0
2010-06-10 00:00:00+08:00,37.2823735533288,37.2823735533288,36.60086902360962,37.00175476074219,159000,0.0,0.0
2010-06-11 00:00:00+08:00,37.6832578144614,37.6832578144614,36.92157433204049,36.96166229248047,195000,0.0,0.0
2010-06-14 00:00:00+08:00,37.282377233055875,39.04627526223694,37.24228926708907,38.28459167480469,502000,0.0,0.0
2010-06-15 00:00:00+08:00,38.28459439379103,38.28459439379103,37.48282278344986,37.683265686035156,237000,0.0,0.0
2010-06-17 00:00:00+08:00,38.08414825420292,38.08414825420292,37.362552642822266,37.362552642822266,136000,0.0,0.0
2010-06-18 00:00:00+08:00,37.3625558184923,38.00397555357801,37.3625558184923,37.683265686035156,125000,0.0,0.0
2010-06-21 00:00:00+08:00,38.0841521825055,38.28459508872921,37.68326637005807,37.72335433959961,237000,0.0,0.0
2010-06-22 00:00:00+08:00,37.68326462930251,37.72335259699221,37.44273376464844,37.44273376464844,168000,0.0,0.0
2010-06-23 00:00:00+08:00,37.32247263778218,37.96388939663934,37.28238466382542,37.56300354003906,142000,0.0,0.0
2010-06-24 00:00:00+08:00,37.60308534166314,38.48503278627572,37.60308534166314,38.003971099853516,209000,0.0,0.0
2010-06-25 00:00:00+08:00,37.883702967809846,37.883702967809846,37.3625502750052,37.40264129638672,154000,0.0,0.0
2010-06-28 00:00:00+08:00,37.40264129638672,37.40264129638672,37.40264129638672,37.40264129638672,0,0.0,0.0
2010-06-29 00:00:00+08:00,37.52290756296416,38.04406028879637,37.282376712009174,37.362552642822266,163000,0.0,0.0
2010-06-30 00:00:00+08:00,37.08193513213611,37.08193513213611,36.079720669105406,36.68104934692383,292000,0.0,0.0
2010-07-01 00:00:00+08:00,36.64096480460853,36.64096480460853,36.07972404115402,36.11981201171875,114000,0.0,0.0
2010-07-02 00:00:00+08:00,36.119812693961286,36.440522581568985,36.07972472263936,36.1599006652832,88000,0.0,0.0
2010-07-05 00:00:00+08:00,36.159895548957,36.60087234665206,36.159895548957,36.44051742553711,74000,0.0,0.0
2010-07-06 00:00:00+08:00,36.4405126897301,37.08192923231574,36.400424729290116,36.96166229248047,109000,0.0,0.0
2010-07-07 00:00:00+08:00,37.00175819478609,37.122022091977996,36.68104835190955,36.80131530761719,87000,0.0,0.0
2010-07-08 00:00:00+08:00,37.12201719275571,37.442726993306195,36.80131045072056,36.96166229248047,119000,0.0,0.0
2010-07-09 00:00:00+08:00,37.162110751530086,37.162110751530086,36.801315994702556,36.84140396118164,76000,0.0,0.0
2010-07-12 00:00:00+08:00,37.24229732948042,39.407081604003906,37.24229732948042,39.407081604003906,833000,0.0,0.0
2010-07-13 00:00:00+08:00,39.44716675516839,40.48946931392256,38.88592597475731,38.9260139465332,575000,0.0,0.0
2010-07-14 00:00:00+08:00,39.246721402175,39.246721402175,38.525125720925395,38.60530471801758,248000,0.0,0.0
2010-07-15 00:00:00+08:00,38.68548237908747,39.00619226470398,38.56521540735224,38.88592529296875,139000,0.0,0.0
2010-07-16 00:00:00+08:00,38.92600543058522,39.20662728865645,38.084145973402585,38.16432189941406,140000,0.0,0.0
2010-07-19 00:00:00+08:00,38.2044184561633,38.485037296376326,37.683265686035156,37.683265686035156,128000,0.0,0.0
2010-07-20 00:00:00+08:00,38.04407018967563,38.08415816551497,37.6832722900885,37.80353927612305,75000,0.0,0.0
2010-07-21 00:00:00+08:00,37.883710698594534,38.72557032463785,37.883710698594534,38.52512741088867,133000,0.0,0.0
2010-07-22 00:00:00+08:00,38.68547594486759,39.88813322812773,38.68547594486759,39.487247467041016,291000,0.0,0.0
2010-07-23 00:00:00+08:00,40.08858274983548,40.08858274983548,38.48503943984206,38.52512741088867,385000,0.0,0.0
2010-07-26 00:00:00+08:00,38.885921849959935,39.4070746033142,38.44494809016872,39.08636474609375,501000,0.0,0.0
2010-07-27 00:00:00+08:00,38.898283214946424,39.02652061794229,38.043375891541004,38.08612060546875,499000,6.06,0.0
2010-07-28 00:00:00+08:00,38.385343389581735,38.51357754226968,38.128868561780024,38.47083282470703,147000,0.0,0.0
2010-07-29 00:00:00+08:00,38.470832688242844,38.470832688242844,37.957889556884766,37.957889556884766,202000,0.0,0.0
2010-07-30 00:00:00+08:00,37.95788805049459,37.95788805049459,37.658668518066406,37.658668518066406,203000,0.0,0.0
2010-08-02 00:00:00+08:00,37.65867001258181,38.12886842652886,37.65867001258181,37.957889556884766,81000,0.0,0.0
2010-08-03 00:00:00+08:00,38.257102476276195,38.34259190358171,37.915138244628906,37.915138244628906,102000,0.0,0.0
2010-08-04 00:00:00+08:00,37.701408899084434,38.1716105015229,37.701408899084434,38.043373107910156,118000,0.0,0.0
2010-08-05 00:00:00+08:00,37.95788621949427,38.257102476276195,37.87239353097615,37.915138244628906,99000,0.0,0.0
2010-08-06 00:00:00+08:00,37.915137428372454,39.28299106430114,37.744158577442334,38.85553741455078,222000,0.0,0.0
2010-08-09 00:00:00+08:00,39.710443041378284,41.46300227929142,39.5394609364377,41.420257568359375,678000,0.0,0.0
2010-08-10 00:00:00+08:00,42.70262251025885,44.241455078125,41.89045988073672,44.241455078125,918000,0.0,0.0
2010-08-11 00:00:00+08:00,44.88263229439161,47.23362731933594,43.60027137169471,47.23362731933594,1389000,0.0,0.0
2010-08-12 00:00:00+08:00,45.0963591148411,47.87480778068439,45.0963591148411,47.23362731933594,919000,0.0,0.0
2010-08-13 00:00:00+08:00,47.233623553130585,50.43952560424805,47.233623553130585,50.43952560424805,1205000,0.0,0.0
2010-08-16 00:00:00+08:00,51.29444091796875,53.859162963867185,50.86698724365234,53.43170928955078,1400000,0.0,0.0
2010-08-17 00:00:00+08:00,54.072889958595745,54.072889958595745,51.294441067442605,52.363075256347656,639000,0.0,0.0
2010-08-18 00:00:00+08:00,53.21797485351562,53.21797485351562,50.65325317382812,51.29443359375,656000,0.0,0.0
2010-08-19 00:00:00+08:00,51.29444029273056,53.859162307367086,51.29444029273056,52.57680130004883,629000,0.0,0.0
2010-08-20 00:00:00+08:00,52.57680389660747,53.85916496725643,50.012081755309545,50.86698913574219,643000,0.0,0.0
2010-08-23 00:00:00+08:00,52.14935254675197,54.28662109375,51.72189883735236,54.28662109375,639000,0.0,0.0
2010-08-24 00:00:00+08:00,54.71406882591093,55.782702982667004,52.79052734375,52.79052734375,634000,0.0,0.0
2010-08-25 00:00:00+08:00,52.790530098809135,53.431710626325035,50.012081146240234,50.012081146240234,592000,0.0,0.0
2010-08-26 00:00:00+08:00,50.2258050650881,51.29443921540913,48.51599042457447,48.72971725463867,326000,0.0,0.0
2010-08-27 00:00:00+08:00,48.72971766448218,51.721893310546875,48.302264000758655,51.721893310546875,276000,0.0,0.0
2010-08-30 00:00:00+08:00,52.363073806132164,53.21798113357922,51.721893310546875,51.721893310546875,271000,0.0,0.0
2010-08-31 00:00:00+08:00,50.86698787523353,50.86698787523353,48.72971947711447,49.15717315673828,255000,0.0,0.0
2010-09-01 00:00:00+08:00,50.86698851626143,50.86698851626143,49.58462746122963,50.012081146240234,122000,0.0,0.0
2010-09-02 00:00:00+08:00,50.86698851626143,51.72189588628263,50.012081146240234,50.012081146240234,219000,0.0,0.0
2010-09-03 00:00:00+08:00,51.294442825958505,51.72189651617483,49.58462806509323,50.86698913574219,457000,0.0,0.0
2010-09-06 00:00:00+08:00,51.935626425004905,52.14935328272097,50.43953842099241,51.080718994140625,410000,0.0,0.0
2010-09-07 00:00:00+08:00,51.08070140146505,52.14933532199779,50.439521049145405,50.65324783325195,226000,0.0,0.0
2010-09-08 00:00:00+08:00,50.65326527870849,51.72189956728883,50.01208470556028,51.080718994140625,192000,0.0,0.0
2010-09-09 00:00:00+08:00,52.57679811365465,54.50033950805664,52.57679811365465,54.50033950805664,818000,0.0,0.0
2010-09-10 00:00:00+08:00,55.56896821233153,57.70623622049812,54.92778780988154,55.996421813964844,1036000,0.0,0.0
2010-09-13 00:00:00+08:00,55.99643593134843,56.63761649544784,54.28662109375,54.28662109375,518000,0.0,0.0
2010-09-14 00:00:00+08:00,54.28661414449529,55.35524828119795,54.28661414449529,55.14152145385742,151000,0.0,0.0
2010-09-15 00:00:00+08:00,55.56898332411243,55.56898332411243,52.576807298967914,53.0042610168457,345000,0.0,0.0
2010-09-16 00:00:00+08:00,53.00425576969069,53.859163120814735,52.363075256347656,52.363075256347656,246000,0.0,0.0
2010-09-17 00:00:00+08:00,52.57680209412867,53.645436283033725,52.149348418566646,52.363075256347656,218000,0.0,0.0
2010-09-20 00:00:00+08:00,52.149348418566646,53.00425576969069,51.721894743004626,52.363075256347656,148000,0.0,0.0
2010-09-21 00:00:00+08:00,53.00425269955495,53.21797952495638,52.14934539794922,52.14934539794922,123000,0.0,0.0
2010-09-23 00:00:00+08:00,52.149342993354054,55.56897204209858,52.149342993354054,54.927791595458984,326000,0.0,0.0
2010-09-24 00:00:00+08:00,53.85916203260422,54.92779619991779,53.43170836567879,54.71406936645508,197000,0.0,0.0
2010-09-27 00:00:00+08:00,55.56898222194882,55.56898222194882,53.217986820250985,54.28662109375,199000,0.0,0.0
2010-09-28 00:00:00+08:00,53.85915904325598,54.714066329656866,53.00425175685509,54.50033950805664,136000,0.0,0.0
2010-09-29 00:00:00+08:00,54.50034347534179,54.50034347534179,53.43170928955078,53.43170928955078,147000,0.0,0.0
2010-09-30 00:00:00+08:00,53.43170783780364,53.43170783780364,52.36307368104757,52.79052734375,183000,0.0,0.0
2010-10-01 00:00:00+08:00,53.43170693740544,55.141521559402406,53.43170693740544,54.0728874206543,245000,0.0,0.0
2010-10-04 00:00:00+08:00,53.85916599714424,54.92780024311932,53.4317122987542,53.64543914794922,191000,0.0,0.0
2010-10-05 00:00:00+08:00,53.431710086194386,53.64543692653916,53.21798324584961,53.21798324584961,83000,0.0,0.0
2010-10-06 00:00:00+08:00,54.07288980102539,54.07288980102539,53.217982452392576,53.43170928955078,84000,0.0,0.0
2010-10-07 00:00:00+08:00,53.431714734723485,53.859168452601274,53.0042610168457,53.0042610168457,83000,0.0,0.0
2010-10-08 00:00:00+08:00,52.576799048752086,53.64543317575924,51.50816492174493,52.14934539794922,237000,0.0,0.0
2010-10-11 00:00:00+08:00,52.14933532199779,52.14933532199779,50.22579426503886,50.65324783325195,149000,0.0,0.0
2010-10-12 00:00:00+08:00,50.6532570209909,50.866983843864276,49.584622906624006,50.22580337524414,110000,0.0,0.0
2010-10-13 00:00:00+08:00,50.43953483125083,50.43953483125083,49.79835430373493,50.012081146240234,53000,0.0,0.0
2010-10-14 00:00:00+08:00,50.01208470556028,51.29444585185669,50.01208470556028,51.080718994140625,78000,0.0,0.0
2010-10-15 00:00:00+08:00,50.22579426503886,50.8669746173585,50.22579426503886,50.65324783325195,50000,0.0,0.0
2010-10-18 00:00:00+08:00,51.29443281787937,51.29443281787937,50.012071997432386,50.43952560424805,31000,0.0,0.0
2010-10-19 00:00:00+08:00,50.01207891003839,50.653259408885035,49.584625244140625,49.584625244140625,43000,0.0,0.0
2010-10-20 00:00:00+08:00,49.58462746122963,50.43953483125083,49.370900618724335,50.012081146240234,57000,0.0,0.0
2010-10-21 00:00:00+08:00,50.43953544552587,52.14935020639115,50.43953544552587,50.86698913574219,104000,0.0,0.0
2010-10-22 00:00:00+08:00,50.86698913574219,51.294442825958505,50.43953544552587,50.86698913574219,51000,0.0,0.0
2010-10-25 00:00:00+08:00,51.294442825958505,51.72189651617483,50.86698913574219,50.86698913574219,44000,0.0,0.0
2010-10-26 00:00:00+08:00,51.08071619366843,54.28661888364762,51.08071619366843,53.85916519165039,335000,0.0,0.0
2010-10-27 00:00:00+08:00,52.149340820312496,53.21797485351562,51.29443359375,51.29443359375,179000,0.0,0.0
2010-10-28 00:00:00+08:00,51.72188175378469,51.72188175378469,50.01206748093231,50.65324783325195,121000,0.0,0.0
2010-10-29 00:00:00+08:00,50.012078655652765,51.721893310546875,49.58462499192923,51.721893310546875,81000,0.0,0.0
2010-11-01 00:00:00+08:00,51.29444585185669,51.72189956728883,50.65326527870849,51.080718994140625,41000,0.0,0.0
2010-11-02 00:00:00+08:00,50.439530198117524,50.866983843864276,50.22580337524414,50.22580337524414,51000,0.0,0.0
2010-11-03 00:00:00+08:00,50.22580735579781,50.86698787523353,49.15717315673828,49.15717315673828,103000,0.0,0.0
2010-11-04 00:00:00+08:00,49.15717079915714,50.01207811740335,49.15717079915714,49.7983512878418,47000,0.0,0.0
2010-11-05 00:00:00+08:00,50.653261673756134,50.86698851626143,49.79835430373493,50.012081146240234,33000,0.0,0.0
2010-11-08 00:00:00+08:00,50.01208051598591,50.43953419560972,48.72971947711447,49.15717315673828,77,0.0,0.0
2010-11-09 00:00:00+08:00,49.15717091476708,49.58462457489549,48.72971725463867,48.72971725463867,57000,0.0,0.0
2010-11-10 00:00:00+08:00,48.72972517483972,48.72972517483972,47.01991025642429,47.66109085083008,115000,0.0,0.0
2010-11-11 00:00:00+08:00,47.87481228298611,48.088539123535156,47.66108544243707,48.088539123535156,53000,0.0,0.0
2010-11-12 00:00:00+08:00,48.08853619719205,48.08853619719205,46.16499474930436,46.806175231933594,97000,0.0,0.0
2010-11-15 00:00:00+08:00,45.73753964459454,47.01990056920934,45.73753964459454,46.16499328613281,46000,0.0,0.0
2010-11-16 00:00:00+08:00,46.378720106901945,46.59244692767108,46.16499328613281,46.16499328613281,20000,0.0,0.0
2010-11-17 00:00:00+08:00,46.16500390399986,46.80618451377763,46.16500390399986,46.37873077392578,32000,0.0,0.0
2010-11-18 00:00:00+08:00,46.378720037538,47.23362731933594,46.164993217088515,47.23362731933594,32000,0.0,0.0
2010-11-19 00:00:00+08:00,47.44735571456282,47.44735571456282,46.37872157684744,46.806175231933594,22000,0.0,0.0
2010-11-22 00:00:00+08:00,46.80618451377763,46.80618451377763,46.37873077392578,46.37873077392578,26000,0.0,0.0
2010-11-23 00:00:00+08:00,46.165001731695135,46.37872859156409,45.737548011957216,45.95127487182617,38000,0.0,0.0
2010-11-24 00:00:00+08:00,45.73753964459454,46.59244692767108,45.73753964459454,46.16499328613281,44000,0.0,0.0
2010-11-25 00:00:00+08:00,46.164996654956376,49.37089920043945,46.164996654956376,49.37089920043945,252000,0.0,0.0
2010-11-26 00:00:00+08:00,49.370901219985065,50.86698913574219,48.729720684660585,50.86698913574219,181000,0.0,0.0
2010-11-29 00:00:00+08:00,51.29443964682335,51.721893310546875,50.22580548751453,51.721893310546875,261000,0.0,0.0
2010-11-30 00:00:00+08:00,51.294442825958505,51.72189651617483,50.43953544552587,50.86698913574219,84000,0.0,0.0
2010-12-01 00:00:00+08:00,50.86698739188058,52.363075256347656,50.22580687853755,52.363075256347656,131000,0.0,0.0
2010-12-02 00:00:00+08:00,53.43170928955078,55.996431335449216,53.43170928955078,53.43170928955078,830000,0.0,0.0
2010-12-03 00:00:00+08:00,53.00425328190619,54.714067903903164,52.1493459709077,54.0728874206543,336000,0.0,0.0
2010-12-06 00:00:00+08:00,53.645433765155055,54.50034107615354,53.21798010965581,54.0728874206543,209000,0.0,0.0
2010-12-07 00:00:00+08:00,54.07288731715476,55.14152145385742,53.43170683513316,55.14152145385742,180000,0.0,0.0
2010-12-08 00:00:00+08:00,55.14152145385742,55.14152145385742,53.43170683513316,55.14152145385742,298000,0.0,0.0
2010-12-09 00:00:00+08:00,55.14152303338051,55.56897670030594,54.07288886606693,54.71406936645508,245000,0.0,0.0
2010-12-10 00:00:00+08:00,54.71406936645508,55.14152303338051,53.85916203260422,54.71406936645508,223000,0.0,0.0
2010-12-13 00:00:00+08:00,54.28661114881938,55.35524522655205,54.28661114881938,54.927791595458984,193000,0.0,0.0
2010-12-14 00:00:00+08:00,54.92779315125709,55.14151997285731,54.28661268645642,54.50033950805664,185000,0.0,0.0
2010-12-15 00:00:00+08:00,55.14151997285731,55.14151997285731,54.0728858648562,54.50033950805664,118000,0.0,0.0
2010-12-16 00:00:00+08:00,54.28659861015551,56.851319804336086,54.28659861015551,56.423866271972656,254000,0.0,0.0
2010-12-17 00:00:00+08:00,55.56897204209858,55.996425673191645,54.927791595458984,54.927791595458984,139000,0.0,0.0
2010-12-20 00:00:00+08:00,54.28661711703856,55.35525131225586,53.85916343895165,55.35525131225586,117000,0.0,0.0
2010-12-21 00:00:00+08:00,55.35524522655205,55.56897204209858,54.71406477991245,54.927791595458984,58000,0.0,0.0
2010-12-22 00:00:00+08:00,54.927791595458984,56.42387930428471,54.28661114881938,54.927791595458984,204,0.0,0.0
2010-12-23 00:00:00+08:00,54.71406175167625,55.99642257398116,54.71406175167625,55.78269577026367,189000,0.0,0.0
2010-12-24 00:00:00+08:00,56.210153794722125,59.629782922918146,56.210153794722125,58.77487564086914,774000,0.0,0.0
2010-12-27 00:00:00+08:00,58.34742526004189,58.34742526004189,56.85133743286133,56.85133743286133,307000,0.0,0.0
2010-12-28 00:00:00+08:00,56.85133607258168,56.85133607258168,54.927794626516885,55.14152145385742,177000,0.0,0.0
2010-12-29 00:00:00+08:00,55.14151989863469,55.568973541259766,53.85915897075947,55.568973541259766,193000,0.0,0.0
2010-12-30 00:00:00+08:00,55.56896746385233,56.42387465560391,54.71406027210076,56.210147857666016,129000,0.0,0.0
2010-12-31 00:00:00+08:00,56.63759303815437,56.63759303815437,54.92777890870065,56.423866271972656,190000,0.0,0.0
2011-01-03 00:00:00+08:00,56.423880826509915,56.423880826509915,54.714066256009616,55.568973541259766,131000,0.0,0.0
2011-01-04 00:00:00+08:00,55.99643593134843,55.99643593134843,54.28662109375,54.28662109375,92000,0.0,0.0
2011-01-05 00:00:00+08:00,54.28661569952965,54.92779619991779,53.43170836567879,54.71406936645508,207000,0.0,0.0
2011-01-06 00:00:00+08:00,54.28661569952965,55.56897670030594,53.85916203260422,54.71406936645508,135000,0.0,0.0
2011-01-07 00:00:00+08:00,55.14151997285731,55.14151997285731,53.85915904325598,54.50033950805664,67000,0.0,0.0
2011-01-10 00:00:00+08:00,54.50034654472928,54.50034654472928,53.64543914794922,53.64543914794922,77000,0.0,0.0
2011-01-11 00:00:00+08:00,53.64543612670899,53.859162963867185,53.43170928955078,53.43170928955078,79000,0.0,0.0
2011-01-12 00:00:00+08:00,53.00425175685509,55.9964272592582,53.00425175685509,54.50033950805664,1158000,0.0,0.0
2011-01-13 00:00:00+08:00,54.714067903903164,54.714067903903164,53.85916059290468,54.0728874206543,50000,0.0,0.0
2011-01-14 00:00:00+08:00,54.07288980102539,54.07288980102539,53.00425561523437,53.43170928955078,134000,0.0,0.0
2011-01-17 00:00:00+08:00,53.85916150050607,53.85916150050607,51.2944395242915,52.79052734375,76000,0.0,0.0
2011-01-18 00:00:00+08:00,51.2944281855716,51.2944281855716,50.22579426503886,50.65324783325195,371000,0.0,0.0
2011-01-19 00:00:00+08:00,50.86697921106371,51.72188642469503,50.012071997432386,50.43952560424805,227000,0.0,0.0
2011-01-20 00:00:00+08:00,50.43953544552587,51.08071598085035,50.43953544552587,50.86698913574219,102000,0.0,0.0
2011-01-21 00:00:00+08:00,50.439521049145405,50.8669746173585,50.22579426503886,50.65324783325195,47000,0.0,0.0
2011-01-24 00:00:00+08:00,50.65324783325195,50.8669746173585,50.439521049145405,50.65324783325195,53000,0.0,0.0
2011-01-25 00:00:00+08:00,50.65325240765588,50.86697921106371,50.22579880084022,50.43952560424805,61000,0.0,0.0
2011-01-26 00:00:00+08:00,50.43952560424805,51.29443281787937,50.43952560424805,50.43952560424805,152000,0.0,0.0
2011-01-27 00:00:00+08:00,50.439530198117524,50.6532570209909,50.012076552370765,50.22580337524414,71000,0.0,0.0
2011-01-28 00:00:00+08:00,50.22580798874553,50.43953483125083,50.012081146240234,50.012081146240234,45000,0.0,0.0
2011-02-08 00:00:00+08:00,50.439530198117524,50.439530198117524,49.79834972949738,50.22580337524414,37000,0.0,0.0
2011-02-09 00:00:00+08:00,50.43953483125083,50.653261673756134,50.012081146240234,50.012081146240234,37000,0.0,0.0
2011-02-10 00:00:00+08:00,49.58462683636209,50.01208051598591,49.15717315673828,49.15717315673828,50000,0.0,0.0
2011-02-11 00:00:00+08:00,49.157172515329,49.157172515329,46.59245047105097,48.30226516723633,130000,0.0,0.0
2011-02-14 00:00:00+08:00,48.30226516723633,48.515992004259495,47.87481149318999,48.30226516723633,48000,0.0,0.0
2011-02-15 00:00:00+08:00,48.302263594510265,49.798351404959696,48.302263594510265,48.72971725463867,81000,0.0,0.0
2011-02-16 00:00:00+08:00,49.15717315673828,49.58462683636209,48.72971947711447,49.15717315673828,50000,0.0,0.0
2011-02-17 00:00:00+08:00,49.157172364073915,49.58462603680499,48.94344552770838,49.37089920043945,65000,0.0,0.0
2011-02-18 00:00:00+08:00,49.58462683636209,49.798353676173996,49.15717315673828,49.15717315673828,51000,0.0,0.0
2011-02-21 00:00:00+08:00,49.584625244140625,49.584625244140625,48.729717912345095,49.584625244140625,52000,0.0,0.0
2011-02-22 00:00:00+08:00,49.157166293614814,49.584619913559294,48.72971267367034,48.94343948364258,54000,0.0,0.0
2011-02-23 00:00:00+08:00,48.515992004259495,48.943445678305835,48.30226516723633,48.30226516723633,28000,0.0,0.0
2011-02-24 00:00:00+08:00,48.302263594510265,49.15717091476708,48.302263594510265,48.72971725463867,22000,0.0,0.0
2011-02-25 00:00:00+08:00,49.15717315673828,49.15717315673828,48.72971947711447,49.15717315673828,35000,0.0,0.0
2011-03-01 00:00:00+08:00,49.370901219985065,52.57680389660747,49.370901219985065,50.86698913574219,296000,0.0,0.0
2011-03-02 00:00:00+08:00,50.86698851626143,51.294442201272034,50.012081146240234,50.012081146240234,53000,0.0,0.0
2011-03-03 00:00:00+08:00,50.4395263671875,51.29443359375,50.225799560546875,51.29443359375,48000,0.0,0.0
2011-03-04 00:00:00+08:00,51.72188175378469,51.72188175378469,50.65324783325195,50.65324783325195,75000,0.0,0.0
2011-03-07 00:00:00+08:00,50.65324783325195,51.2944281855716,50.65324783325195,50.65324783325195,61000,0.0,0.0
2011-03-08 00:00:00+08:00,50.653262290634025,51.294442825958505,50.653262290634025,50.86698913574219,35000,0.0,0.0
2011-03-09 00:00:00+08:00,51.29443281787937,51.29443281787937,50.43952560424805,50.43952560424805,50000,0.0,0.0
2011-03-10 00:00:00+08:00,49.7983512878418,50.43953177652646,49.584624458280246,49.7983512878418,40000,0.0,0.0
2011-03-11 00:00:00+08:00,50.012071997432386,51.72188642469503,50.012071997432386,50.43952560424805,75000,0.0,0.0
2011-03-14 00:00:00+08:00,50.439527153448246,50.439527153448246,48.515985863698106,48.94343948364258,73000,0.0,0.0
2011-03-15 00:00:00+08:00,48.08853306901564,48.94344032357592,45.5238113053348,46.592445373535156,153000,0.0,0.0
2011-03-16 00:00:00+08:00,46.592456526820435,47.874817715632005,46.592456526820435,47.66109085083008,45000,0.0,0.0
2011-03-17 00:00:00+08:00,47.447358438243036,49.58462683636209,47.01990475861923,49.15717315673828,41000,0.0,0.0
2011-03-18 00:00:00+08:00,49.58462746122963,50.22580798874553,49.15717377621903,50.012081146240234,43000,0.0,0.0
2011-03-21 00:00:00+08:00,50.012081146240234,51.08071535876673,50.012081146240234,50.012081146240234,46000,0.0,0.0
2011-03-22 00:00:00+08:00,50.22580860041771,50.86698913574219,49.1571743748769,50.86698913574219,62000,0.0,0.0
2011-03-23 00:00:00+08:00,50.86698851626143,51.08071535876673,50.012081146240234,50.012081146240234,30000,0.0,0.0
2011-03-24 00:00:00+08:00,50.012076552370765,50.439530198117524,49.584622906624006,50.22580337524414,35000,0.0,0.0
2011-03-25 00:00:00+08:00,50.86698543564956,50.86698543564956,49.584624458280246,49.7983512878418,35000,0.0,0.0
2011-03-28 00:00:00+08:00,49.37089920043945,49.58462603680499,49.37089920043945,49.37089920043945,31000,0.0,0.0
2011-03-29 00:00:00+08:00,49.37089920043945,49.798352873170536,49.37089920043945,49.37089920043945,6000,0.0,0.0
2011-03-30 00:00:00+08:00,50.22580494696491,50.43953177652646,49.584624458280246,49.7983512878418,19000,0.0,0.0
2011-03-31 00:00:00+08:00,50.012081146240234,50.012081146240234,49.370900618724335,50.012081146240234,21000,0.0,0.0
2011-04-01 00:00:00+08:00,49.798352077089504,50.01207891003839,49.584625244140625,49.584625244140625,8000,0.0,0.0
2011-04-06 00:00:00+08:00,49.58462603680499,50.012079709536074,49.37089920043945,49.37089920043945,41000,0.0,0.0
2011-04-07 00:00:00+08:00,49.584624458280246,50.01207811740335,49.584624458280246,49.7983512878418,29000,0.0,0.0
2011-04-08 00:00:00+08:00,49.798352077089504,50.01207891003839,49.370898411191746,49.584625244140625,20000,0.0,0.0
2011-04-11 00:00:00+08:00,49.58462575065645,52.14934777224212,49.58462575065645,51.5081672668457,281000,0.0,0.0
2011-04-12 00:00:00+08:00,51.72189231540846,54.50034107615354,51.72189231540846,54.0728874206543,622000,0.0,0.0
2011-04-13 00:00:00+08:00,53.85916599714424,54.7140733939243,52.149351203584104,53.64543914794922,363000,0.0,0.0
2011-04-14 00:00:00+08:00,53.64543366247369,56.210155590560085,53.64543366247369,55.14152145385742,485000,0.0,0.0
2011-04-15 00:00:00+08:00,56.210155590560085,56.423882417900614,54.500340971835826,55.14152145385742,651000,0.0,0.0
2011-04-18 00:00:00+08:00,55.56896746385233,57.49250864529338,54.71406027210076,56.210147857666016,744000,0.0,0.0
2011-04-19 00:00:00+08:00,55.99642876321955,56.85133607258168,54.927794626516885,55.14152145385742,258000,0.0,0.0
2011-04-20 00:00:00+08:00,55.14152145385742,55.56897510853849,54.07288731715476,55.14152145385742,307000,0.0,0.0
2011-04-21 00:00:00+08:00,55.99641273960923,56.423866271972656,54.92777890870065,56.423866271972656,310000,0.0,0.0
2011-04-22 00:00:00+08:00,56.85133730617397,58.98860562595494,56.85133730617397,57.91997146606445,837000,0.0,0.0
2011-04-25 00:00:00+08:00,59.41605928991113,59.41605928991113,57.27879097013016,57.91997146606445,363000,0.0,0.0
2011-04-26 00:00:00+08:00,57.49250941968146,57.70623622049812,55.996421813964844,55.996421813964844,284000,0.0,0.0
2011-04-27 00:00:00+08:00,56.85133607258168,56.85133607258168,55.14152145385742,55.14152145385742,177000,0.0,0.0
2011-04-28 00:00:00+08:00,55.35525131225586,56.63761234651661,55.35525131225586,55.35525131225586,144000,0.0,0.0
2011-04-29 00:00:00+08:00,55.1415244732124,55.99643182938623,54.92779763416894,55.35525131225586,118000,0.0,0.0
2011-05-03 00:00:00+08:00,55.56897670030594,55.782703533768654,54.71406936645508,54.71406936645508,113000,0.0,0.0
2011-05-04 00:00:00+08:00,54.714066256009616,55.99642718388484,54.714066256009616,55.568973541259766,112000,0.0,0.0
2011-05-05 00:00:00+08:00,56.21015880776824,59.41606140136719,55.996431968194976,59.41606140136719,700000,0.0,0.0
2011-05-06 00:00:00+08:00,60.9121567311913,63.47687911987305,60.48470299974435,63.47687911987305,1065000,0.0,0.0
2011-05-09 00:00:00+08:00,63.690595291756296,66.89649773932791,62.194507482889534,63.26314163208008,1002000,0.0,0.0
2011-05-10 00:00:00+08:00,63.263134765625,66.04158325195313,62.621954345703124,64.1180419921875,410000,0.0,0.0
2011-05-11 00:00:00+08:00,66.25532211012143,68.60631741080314,66.25532211012143,67.1102294921875,778000,0.0,0.0
2011-05-12 00:00:00+08:00,66.25531005859375,67.5376708984375,65.82785644531249,66.25531005859375,485000,0.0,0.0
2011-05-13 00:00:00+08:00,66.2553157090327,67.1102230085041,62.408232861411456,62.6219596862793,656000,0.0,0.0
2011-05-16 00:00:00+08:00,62.621959686279304,65.61413523442917,61.76705238680791,62.6219596862793,653000,0.0,0.0
2011-05-17 00:00:00+08:00,63.0494196003881,63.47687329259412,61.12587798546101,61.98078536987305,414000,0.0,0.0
2011-05-18 00:00:00+08:00,62.40824641858117,63.26315390376721,61.553338933395125,63.0494270324707,208000,0.0,0.0
2011-05-19 00:00:00+08:00,63.04942538842609,64.75924031421391,62.83569852270261,63.47687911987305,369000,0.0,0.0
2011-05-20 00:00:00+08:00,63.26314644649111,64.11805383090315,61.98078536987305,61.98078536987305,135000,0.0,0.0
2011-05-23 00:00:00+08:00,61.98077392578125,66.25531005859375,61.12586669921875,66.25531005859375,749000,0.0,0.0
2011-05-24 00:00:00+08:00,67.32395360965539,67.96513412022354,63.476870546246516,64.75923156738281,613000,0.0,0.0
2011-05-25 00:00:00+08:00,64.11804498410693,67.11022041669858,63.263137717652164,65.40040588378906,680000,0.0,0.0
2011-05-26 00:00:00+08:00,66.25532348825352,68.82004568779882,65.18668923844298,67.75141143798828,1290000,0.0,0.0
2011-05-27 00:00:00+08:00,68.1788651379125,69.24749938772304,67.11023088810195,67.75141143798828,672000,0.0,0.0
2011-05-30 00:00:00+08:00,68.392578125,68.392578125,66.25531005859375,66.25531005859375,271000,0.0,0.0
2011-05-31 00:00:00+08:00,66.46904294918744,68.17885755881285,66.46904294918744,66.68276977539062,355000,0.0,0.0
2011-06-01 00:00:00+08:00,67.11021728515625,67.32394409179688,66.25531005859375,66.25531005859375,310000,0.0,0.0
2011-06-02 00:00:00+08:00,65.40040583472543,67.11022036635224,65.18667901827209,66.46903991699219,315000,0.0,0.0
2011-06-03 00:00:00+08:00,67.11022031759914,69.88866892947426,66.25531305240679,67.53767395019531,1000000,0.0,0.0
2011-06-07 00:00:00+08:00,67.11022036635224,68.39258126507235,66.46903991699219,66.46903991699219,422000,0.0,0.0
2011-06-08 00:00:00+08:00,67.53767399925894,67.96512763216565,66.46903991699219,66.46903991699219,338000,0.0,0.0
2011-06-09 00:00:00+08:00,66.46905242419633,66.46905242419633,64.75923757084081,65.18669128417969,358000,0.0,0.0
2011-06-10 00:00:00+08:00,65.18668158469347,66.2553157090327,61.98077921167576,62.6219596862793,494000,0.0,0.0
2011-06-13 00:00:00+08:00,61.339609146118164,63.69060461861746,61.339609146118164,62.835697174072266,312000,0.0,0.0
2011-06-14 00:00:00+08:00,63.690595291756296,64.33177578127062,62.83568797240386,63.26314163208008,275000,0.0,0.0
2011-06-15 00:00:00+08:00,63.90431218398245,65.82785335339997,63.476858590778555,64.97294616699219,338000,0.0,0.0
2011-06-16 00:00:00+08:00,64.1180627298035,65.40042398439958,63.690608978271484,63.690608978271484,234000,0.0,0.0
2011-06-17 00:00:00+08:00,64.11805218213225,65.18668638516779,61.98078377606117,62.40823745727539,264000,0.0,0.0
2011-06-20 00:00:00+08:00,63.69060096608726,63.69060096608726,61.553332477292386,61.767059326171875,218000,0.0,0.0
2011-06-21 00:00:00+08:00,62.83569275428509,63.0494196003881,61.12587798546101,61.98078536987305,225000,0.0,0.0
2011-06-22 00:00:00+08:00,62.835681152343746,65.40040283203125,62.621954345703124,64.1180419921875,223000,0.0,0.0
2011-06-23 00:00:00+08:00,64.54551071417137,66.2553255675269,64.54551071417137,65.18669128417969,231000,0.0,0.0
2011-06-24 00:00:00+08:00,65.40040434800186,67.11021884076007,64.75922391321753,65.8278579711914,193000,0.0,0.0
2011-06-27 00:00:00+08:00,65.8278579711914,66.68276521757052,65.40040434800186,65.8278579711914,75000,0.0,0.0
2011-06-28 00:00:00+08:00,65.8278579711914,66.68276521757052,65.8278579711914,65.8278579711914,78000,0.0,0.0
2011-06-29 00:00:00+08:00,66.68276678347121,66.68276678347121,65.18667906717538,65.40040588378906,31000,0.0,0.0
2011-06-30 00:00:00+08:00,64.97296442751025,65.82787185418802,64.97296442751025,65.18669128417969,31000,0.0,0.0
2011-07-01 00:00:00+08:00,65.82785951701645,65.82785951701645,65.18667906717538,65.40040588378906,67000,0.0,0.0
2011-07-04 00:00:00+08:00,66.25530851780397,66.25530851780397,65.40040131112264,65.61412811279297,42000,0.0,0.0
2011-07-05 00:00:00+08:00,65.40041814084913,65.82787185418802,64.75923757084081,65.18669128417969,94000,0.0,0.0
2011-07-06 00:00:00+08:00,65.18667602539062,67.5376708984375,65.18667602539062,66.25531005859375,414000,0.0,0.0
2011-07-07 00:00:00+08:00,66.682763671875,67.32394409179688,66.04158325195313,66.25531005859375,124000,0.0,0.0
2011-07-08 00:00:00+08:00,66.04158478278619,66.25531159438096,65.40040434800186,65.8278579711914,70000,0.0,0.0
2011-07-11 00:00:00+08:00,65.40041369061137,65.61414053273755,64.11805263785429,64.33177947998047,138000,0.0,0.0
2011-07-12 00:00:00+08:00,63.690598500918036,64.11805218213225,62.40823745727539,62.40823745727539,128000,0.0,0.0
2011-07-13 00:00:00+08:00,62.40823825691983,63.04941878695668,60.48469666680929,62.19451141357422,100000,0.0,0.0
2011-07-14 00:00:00+08:00,62.40823295381334,62.83568660418192,60.48469152715471,61.55332565307617,135000,0.0,0.0
2011-07-15 00:00:00+08:00,62.40823431272764,63.26314163208008,61.980780653051426,63.26314163208008,183000,0.0,0.0
2011-07-18 00:00:00+08:00,63.690595291756296,63.690595291756296,62.83568797240386,63.26314163208008,75000,0.0,0.0
2011-07-19 00:00:00+08:00,62.835700161174195,63.26315390376721,62.40824641858117,63.0494270324707,99000,0.0,0.0
2011-07-20 00:00:00+08:00,63.47686157226562,64.75922241210937,63.47686157226562,64.1180419921875,445000,0.0,0.0
2011-07-21 00:00:00+08:00,64.64798818410061,65.53968457284682,64.20213998972751,64.42506408691406,420000,6.188591,0.0
2011-07-22 00:00:00+08:00,64.87091064453125,65.09383473609321,64.42506246140732,64.87091064453125,87000,0.0,0.0
2011-07-25 00:00:00+08:00,64.20213160021552,64.87090380438443,64.20213160021552,64.64797973632812,48000,0.0,0.0
2011-07-26 00:00:00+08:00,64.64798132578532,64.64798132578532,63.75628503163656,64.20213317871094,74000,0.0,0.0
2011-07-27 00:00:00+08:00,64.20213317871094,64.87090539932251,64.20213317871094,64.20213317871094,50000,0.0,0.0
2011-07-28 00:00:00+08:00,64.20213004334332,66.87721879514929,63.31043379274133,65.09382629394531,191000,0.0,0.0
2011-07-29 00:00:00+08:00,65.09382881916744,65.09382881916744,62.86458810618226,63.3104362487793,278000,0.0,0.0
2011-08-01 00:00:00+08:00,63.31044899545065,64.2021454601753,62.86460076308832,63.97922134399414,88000,0.0,0.0
2011-08-02 00:00:00+08:00,63.97921070018848,64.20213477928321,63.31043846290428,63.75628662109375,46000,0.0,0.0
2011-08-03 00:00:00+08:00,63.756283732822965,63.756283732822965,62.19581524985177,62.418739318847656,161000,0.0,0.0
2011-08-04 00:00:00+08:00,62.418731689453125,62.418731689453125,60.189491271972656,60.189491271972656,215000,0.0,0.0
2011-08-05 00:00:00+08:00,56.62271499633789,56.62271499633789,56.176866846760426,56.62271499633789,272000,0.0,0.0
2011-08-08 00:00:00+08:00,55.731015127213276,57.29148355077525,53.50177452212475,54.393470764160156,109000,0.0,0.0
2011-08-09 00:00:00+08:00,53.05592695997638,56.39978790283203,51.27253445712003,56.39978790283203,200000,0.0,0.0
2011-08-10 00:00:00+08:00,57.51441113092724,59.74365187243605,56.622714834323716,57.737335205078125,138000,0.0,0.0
2011-08-11 00:00:00+08:00,56.84563438708965,58.629026838449334,55.953938161409816,57.96025466918945,111000,0.0,0.0
2011-08-12 00:00:00+08:00,57.960257828235626,58.18318189680576,56.17686527967453,57.06856155395508,152000,0.0,0.0
2011-08-15 00:00:00+08:00,57.06856155395508,57.51440969109535,56.17686527967453,57.06856155395508,107000,0.0,0.0
2011-08-16 00:00:00+08:00,57.068553196564885,59.07486951988162,57.068553196564885,58.406097412109375,143000,0.0,0.0
2011-08-17 00:00:00+08:00,58.85195089486929,58.85195089486929,57.96025466918945,57.96025466918945,21000,0.0,0.0
2011-08-18 00:00:00+08:00,57.96025466918945,58.629026838449334,57.96025466918945,57.96025466918945,131000,0.0,0.0
2011-08-19 00:00:00+08:00,57.960257828235626,57.960257828235626,56.39978934824467,57.06856155395508,124000,0.0,0.0
2011-08-22 00:00:00+08:00,57.068560091403164,57.7373322799743,55.28516758854681,56.39978790283203,159000,0.0,0.0
2011-08-23 00:00:00+08:00,56.62270886610454,57.291481018066406,56.39978481545058,57.291481018066406,72000,0.0,0.0
2011-08-24 00:00:00+08:00,57.51441113092724,57.737335205078125,56.399790760172834,57.737335205078125,116000,0.0,0.0
2011-08-25 00:00:00+08:00,57.960257828235626,57.960257828235626,56.84563748538494,57.06856155395508,61000,0.0,0.0
2011-08-26 00:00:00+08:00,57.068558517156866,57.96025474398744,56.62271040374158,56.84563446044922,247000,0.0,0.0
2011-08-29 00:00:00+08:00,58.851945483957536,58.851945483957536,57.737325304337126,58.406097412109375,143000,0.0,0.0
2011-08-30 00:00:00+08:00,58.629026838449334,58.85195089486929,57.96025466918945,57.96025466918945,125000,0.0,0.0
2011-08-31 00:00:00+08:00,58.629021448033455,59.743641627653865,58.183173376185295,58.406097412109375,176000,0.0,0.0
2011-09-01 00:00:00+08:00,59.297800405701594,59.966572590728305,58.62902822067489,59.743648529052734,210000,0.0,0.0
2011-09-02 00:00:00+08:00,59.743648529052734,59.966572590728305,58.62902822067489,59.743648529052734,90000,0.0,0.0
2011-09-05 00:00:00+08:00,58.85195143205406,61.52704013351106,58.85195143205406,61.08119201660156,213000,0.0,0.0
2011-09-06 00:00:00+08:00,61.081192899106156,61.081192899106156,59.743648529052734,59.743648529052734,122000,0.0,0.0
2011-09-07 00:00:00+08:00,59.74364318847656,61.08118743896484,59.74364318847656,60.189491271972656,61000,0.0,0.0
2011-09-08 00:00:00+08:00,60.85826952317182,61.304117651546704,60.41242139479694,60.635345458984375,62000,0.0,0.0
2011-09-09 00:00:00+08:00,61.08119662777408,61.97289292890947,60.635348477206385,60.858272552490234,118000,0.0,0.0
2011-09-13 00:00:00+08:00,60.63533856037476,60.63533856037476,57.960250094475875,58.18317413330078,152000,0.0,0.0
2011-09-14 00:00:00+08:00,58.40610278202937,59.07487495128925,57.068558443509616,57.96025466918945,102000,0.0,0.0
2011-09-15 00:00:00+08:00,58.62902069091797,59.52071682309923,58.62902069091797,58.62902069091797,82000,0.0,0.0
2011-09-16 00:00:00+08:00,59.5207259118337,60.41242218017578,58.85195371057714,60.41242218017578,121000,0.0,0.0
2011-09-19 00:00:00+08:00,60.41240434935599,60.41240434935599,58.85193634033203,58.85193634033203,92000,0.0,0.0
2011-09-20 00:00:00+08:00,58.629028881297394,60.85826952317182,58.406104817109956,60.635345458984375,87000,0.0,0.0
2011-09-21 00:00:00+08:00,60.635353641233586,62.19582230111827,60.1895054526951,61.52705001831055,152000,0.0,0.0
2011-09-22 00:00:00+08:00,61.304117651546704,61.52704171573415,60.41242139479694,60.635345458984375,102000,0.0,0.0
2011-09-23 00:00:00+08:00,58.851945483957536,58.851945483957536,56.845629160640804,58.406097412109375,142000,0.0,0.0
2011-09-26 00:00:00+08:00,57.96025474398744,58.85195097081802,56.84563446044922,56.84563446044922,208000,0.0,0.0
2011-09-27 00:00:00+08:00,57.96025603564818,60.635344775755016,57.96025603564818,59.743648529052734,220000,0.0,0.0
2011-09-28 00:00:00+08:00,60.18949811309026,61.97289064977441,59.966574046004745,60.41242218017578,129000,0.0,0.0
2011-09-29 00:00:00+08:00,60.18949578278256,61.52704013351106,60.18949578278256,61.08119201660156,90000,0.0,0.0
2011-09-30 00:00:00+08:00,61.97289091965248,64.64797973632812,60.63534651131466,64.64797973632812,502000,0.0,0.0
2011-10-03 00:00:00+08:00,63.75628071805856,63.75628071805856,61.08119201660156,61.08119201660156,240000,0.0,0.0
2011-10-04 00:00:00+08:00,60.18949578278256,61.08119201660156,59.743647665873056,61.08119201660156,261000,0.0,0.0
2011-10-05 00:00:00+08:00,60.635348169039574,60.635348169039574,56.8456389084746,57.737335205078125,632000,0.0,0.0
2011-10-06 00:00:00+08:00,57.737335205078125,59.07487964998341,57.51441113092724,57.737335205078125,267000,0.0,0.0
2011-10-07 00:00:00+08:00,59.297784342910305,59.297784342910305,57.960240335175484,58.85193634033203,106000,0.0,0.0
2011-10-11 00:00:00+08:00,59.74363234548858,60.18948034806685,58.18316433646462,58.85193634033203,134000,0.0,0.0
2011-10-12 00:00:00+08:00,58.40608833775376,59.297784342910305,58.40608833775376,58.85193634033203,44000,0.0,0.0
2011-10-13 00:00:00+08:00,59.52070834419944,59.52070834419944,58.85193634033203,58.85193634033203,35000,0.0,0.0
2011-10-14 00:00:00+08:00,58.40610278202937,59.29779900770921,57.96025466918945,57.96025466918945,117000,0.0,0.0
2011-10-17 00:00:00+08:00,58.40610278202937,58.85195089486929,57.7373306127695,57.96025466918945,85000,0.0,0.0
2011-10-18 00:00:00+08:00,57.291477232488965,58.406097412109375,56.622705124716724,58.406097412109375,105000,0.0,0.0
2011-10-19 00:00:00+08:00,58.851955874935605,61.97289292890947,58.851955874935605,60.858272552490234,356000,0.0,0.0
2011-10-20 00:00:00+08:00,60.858252351934254,60.858252351934254,58.40608833775376,58.85193634033203,150000,0.0,0.0
2011-10-21 00:00:00+08:00,58.62902069091797,59.743640856144545,57.96024859178202,58.62902069091797,128000,0.0,0.0
2011-10-24 00:00:00+08:00,59.297800405701594,59.743648529052734,58.62902822067489,59.743648529052734,144000,0.0,0.0
2011-10-25 00:00:00+08:00,59.74364997891922,60.635346247261296,59.74364997891922,60.41242218017578,229000,0.0,0.0
2011-10-26 00:00:00+08:00,59.966574046004745,61.08119438143234,59.74364997891922,60.41242218017578,149000,0.0,0.0
2011-10-27 00:00:00+08:00,60.858270971124824,62.195815388072624,60.635346901633525,61.30411911010742,341000,0.0,0.0
2011-10-28 00:00:00+08:00,62.195817004193316,62.86458923004486,60.858272552490234,60.858272552490234,177000,0.0,0.0
2011-10-31 00:00:00+08:00,60.858273172206395,62.418741715083485,60.858273172206395,61.749969482421875,186000,0.0,0.0
2011-11-01 00:00:00+08:00,61.527045404868005,61.749969482421875,61.081197249760265,61.749969482421875,49000,0.0,0.0
2011-11-02 00:00:00+08:00,61.081197249760265,61.972893559975745,61.081197249760265,61.749969482421875,72000,0.0,0.0
2011-11-03 00:00:00+08:00,62.195817004193316,62.195817004193316,60.858272552490234,60.858272552490234,69000,0.0,0.0
2011-11-04 00:00:00+08:00,61.52704013351106,61.74996419196581,60.85826795814681,61.08119201660156,113000,0.0,0.0
2011-11-07 00:00:00+08:00,60.85826952317182,61.081193587359266,60.635345458984375,60.635345458984375,50000,0.0,0.0
2011-11-08 00:00:00+08:00,60.635345458984375,61.081193587359266,60.41242139479694,60.635345458984375,45000,0.0,0.0
2011-11-09 00:00:00+08:00,60.635349094652526,62.641665792637355,60.635349094652526,61.749969482421875,217000,0.0,0.0
2011-11-10 00:00:00+08:00,61.08119490487235,63.08751152583531,60.63534676688058,62.418739318847656,391000,0.0,0.0
2011-11-11 00:00:00+08:00,62.19582043435464,63.97921313498129,61.30412408404131,63.08751678466797,362000,0.0,0.0
2011-11-14 00:00:00+08:00,63.97921934581938,67.32308098410263,63.97921934581938,65.53968811035156,695000,0.0,0.0
2011-11-15 00:00:00+08:00,65.09382947285971,65.98552576700847,63.97920910517375,64.20213317871094,252000,0.0,0.0
2011-11-16 00:00:00+08:00,64.87091496354442,66.20845960196802,64.20214264433262,65.76261138916016,372000,0.0,0.0
2011-11-17 00:00:00+08:00,65.5396713050636,66.20844346123772,63.97920294065733,65.98551940917969,320000,0.0,0.0
2011-11-18 00:00:00+08:00,64.87090539932251,65.53967761993408,63.75628503163656,64.20213317871094,143000,0.0,0.0
2011-11-21 00:00:00+08:00,64.2021374599539,64.2021374599539,61.74997248752511,61.972896575927734,224000,0.0,0.0
2011-11-22 00:00:00+08:00,61.97289118085589,62.64166338784354,61.52704304286412,62.418739318847656,198000,0.0,0.0
2011-11-23 00:00:00+08:00,61.97289820684903,62.641670489656754,61.30412592404131,61.52705001831055,100000,0.0,0.0
2011-11-24 00:00:00+08:00,61.97288825042056,61.97288825042056,60.63534389969206,61.08119201660156,213000,0.0,0.0
2011-11-25 00:00:00+08:00,61.527045404868005,61.972893559975745,60.858273172206395,61.749969482421875,170000,0.0,0.0
2011-11-28 00:00:00+08:00,63.08752487926949,64.64799369253764,62.64167664690716,63.97922134399414,262000,0.0,0.0
2011-11-29 00:00:00+08:00,65.3167535463969,65.3167535463969,63.75628503163656,64.20213317871094,123000,0.0,0.0
2011-11-30 00:00:00+08:00,64.64798763342071,64.87091172870836,63.31044306169476,63.53336715698242,163000,0.0,0.0
2011-12-01 00:00:00+08:00,64.64798763342071,65.53968401457134,63.53336715698242,63.53336715698242,240000,0.0,0.0
2011-12-02 00:00:00+08:00,64.2021394428454,64.2021394428454,63.31044306169476,63.53336715698242,102000,0.0,0.0
2011-12-05 00:00:00+08:00,63.75627052361238,63.75627052361238,62.64165040956321,62.86457443237305,88000,0.0,0.0
2011-12-06 00:00:00+08:00,62.864592929538205,63.31044110634344,61.52704839912249,61.972896575927734,90000,0.0,0.0
2011-12-07 00:00:00+08:00,62.19582066433035,62.41874475273297,61.74997248752511,61.972896575927734,54000,0.0,0.0
2011-12-08 00:00:00+08:00,61.972894173075716,62.641666412353516,61.52704601355719,62.641666412353516,97000,0.0,0.0
2011-12-09 00:00:00+08:00,61.972878341133715,63.31042247799272,61.527030295514045,62.86457443237305,54000,0.0,0.0
2011-12-12 00:00:00+08:00,63.3104408722463,64.42506131013796,63.08751678466797,63.08751678466797,231000,0.0,0.0
2011-12-13 00:00:00+08:00,62.86458439980784,63.31043251611853,62.1958122253418,62.1958122253418,104000,0.0,0.0
2011-12-14 00:00:00+08:00,62.86457443237305,63.08749845518288,62.19580236394355,62.86457443237305,80000,0.0,0.0
2011-12-15 00:00:00+08:00,62.41873628349714,62.64166034165249,62.1958122253418,62.1958122253418,81000,0.0,0.0
2011-12-16 00:00:00+08:00,62.64166034165249,62.86458439980784,61.97288816718645,62.1958122253418,90000,0.0,0.0
2011-12-19 00:00:00+08:00,62.19582066433035,62.41874475273297,61.52704839912249,61.972896575927734,84000,0.0,0.0
2011-12-20 00:00:00+08:00,61.972896575927734,61.972896575927734,61.08120022231726,61.972896575927734,76000,0.0,0.0
2011-12-21 00:00:00+08:00,62.418739963585224,63.979208462674855,62.418739963585224,63.3104362487793,132000,0.0,0.0
2011-12-22 00:00:00+08:00,62.86459458392599,62.86459458392599,61.52705001831055,61.52705001831055,116000,0.0,0.0
2011-12-23 00:00:00+08:00,61.972896575927734,62.41874475273297,61.52704839912249,61.972896575927734,114000,0.0,0.0
2011-12-26 00:00:00+08:00,62.19582230111827,62.19582230111827,61.30412592404131,61.52705001831055,55000,0.0,0.0
2011-12-27 00:00:00+08:00,61.972896575927734,62.19582066433035,61.30412431071988,61.972896575927734,60000,0.0,0.0
2011-12-28 00:00:00+08:00,61.972896575927734,62.41874475273297,61.972896575927734,61.972896575927734,87000,0.0,0.0
2011-12-29 00:00:00+08:00,61.972893559975745,62.195817637529615,61.749969482421875,61.749969482421875,23000,0.0,0.0
2011-12-30 00:00:00+08:00,62.418739318847656,62.418739318847656,61.52704304286412,62.418739318847656,60000,0.0,0.0
2012-01-02 00:00:00+08:00,61.97289292890947,61.97289292890947,60.858272552490234,60.858272552490234,117000,0.0,0.0
2012-01-03 00:00:00+08:00,60.85827031434682,60.85827031434682,60.18949811309026,60.41242218017578,123000,0.0,0.0
2012-01-04 00:00:00+08:00,60.41242139479694,61.52704171573415,60.41242139479694,60.635345458984375,68000,0.0,0.0
2012-01-05 00:00:00+08:00,60.635339355468744,60.635339355468744,59.74364318847656,60.189491271972656,89000,0.0,0.0
2012-01-06 00:00:00+08:00,60.189496652403875,60.189496652403875,59.743648529052734,59.743648529052734,49000,0.0,0.0
2012-01-09 00:00:00+08:00,59.74365394993832,59.74365394993832,59.29780578613281,59.29780578613281,53000,0.0,0.0
2012-01-10 00:00:00+08:00,59.07487487792969,60.18949515864534,58.85195082178656,59.07487487792969,90000,0.0,0.0
2012-01-11 00:00:00+08:00,59.297800405701594,59.743648529052734,59.297800405701594,59.743648529052734,60000,0.0,0.0
2012-01-12 00:00:00+08:00,59.29780578613281,59.520729868035566,58.8519576223273,59.29780578613281,50000,0.0,0.0
2012-01-13 00:00:00+08:00,59.297784342910305,59.52070834419944,58.85193634033203,58.85193634033203,65000,0.0,0.0
2012-01-16 00:00:00+08:00,59.297802484685725,61.30411911010742,59.297802484685725,61.30411911010742,197000,0.0,0.0
2012-01-17 00:00:00+08:00,61.74996711186,62.418739318847656,61.08119490487235,62.418739318847656,232000,0.0,0.0
2012-01-18 00:00:00+08:00,62.19582066433035,62.41874475273297,61.08120022231726,61.972896575927734,146000,0.0,0.0
2012-01-30 00:00:00+08:00,62.86459049211278,63.31043865163131,61.52704601355719,62.641666412353516,306000,0.0,0.0
2012-01-31 00:00:00+08:00,61.972878341133715,63.31042247799272,61.972878341133715,62.86457443237305,151000,0.0,0.0
2012-02-01 00:00:00+08:00,62.86458810618226,64.64798067657041,62.86458810618226,63.3104362487793,135000,0.0,0.0
2012-02-02 00:00:00+08:00,63.31042247799272,64.64796661485171,62.86457443237305,62.86457443237305,224000,0.0,0.0
2012-02-03 00:00:00+08:00,63.310443600981294,64.42506408691406,62.64167130942163,64.42506408691406,105000,0.0,0.0
2012-02-06 00:00:00+08:00,64.64797973632812,65.53967600855334,64.42505566827182,64.64797973632812,110000,0.0,0.0
2012-02-07 00:00:00+08:00,64.2021454601753,64.8709178087188,63.97922134399414,63.97922134399414,99000,0.0,0.0
2012-02-08 00:00:00+08:00,63.979207532159215,65.09382787244073,63.979207532159215,64.64797973632812,93000,0.0,0.0
2012-02-09 00:00:00+08:00,64.64798655296929,64.87091064453125,64.64798655296929,64.87091064453125,53000,0.0,0.0
2012-02-10 00:00:00+08:00,65.76261221957044,67.10015687488374,64.42506756425715,65.53968811035156,247000,0.0,0.0
2012-02-13 00:00:00+08:00,65.9855225445473,66.43137066984829,65.09382629394531,65.09382629394531,117000,0.0,0.0
2012-02-14 00:00:00+08:00,65.09383473609321,65.31675882765518,63.53336609515947,64.87091064453125,126000,0.0,0.0
2012-02-15 00:00:00+08:00,64.87089387548662,65.76259001123213,64.64796984155024,65.31674194335938,112000,0.0,0.0
2012-02-16 00:00:00+08:00,65.09382947285971,65.76260169347128,64.20213317871094,64.20213317871094,115000,0.0,0.0
2012-02-17 00:00:00+08:00,64.20213160021552,64.87090380438443,63.979207532159215,64.64797973632812,130000,0.0,0.0
2012-02-20 00:00:00+08:00,65.5396713050636,65.98551940917969,65.5396713050636,65.98551940917969,77000,0.0,0.0
2012-02-21 00:00:00+08:00,65.98553302944107,67.32307761787568,65.98553302944107,66.43138122558594,251000,0.0,0.0
2012-02-22 00:00:00+08:00,66.43136751329577,66.87721561741184,65.31674725300556,65.98551940917969,139000,0.0,0.0
2012-02-23 00:00:00+08:00,65.53968811035156,66.4313845472271,65.31676400113268,65.53968811035156,123000,0.0,0.0
2012-02-24 00:00:00+08:00,65.53968291921714,65.53968291921714,64.64798655296929,64.87091064453125,74000,0.0,0.0
2012-02-29 00:00:00+08:00,65.31674725300556,66.6542915653538,65.09382320094753,65.98551940917969,154000,0.0,0.0
2012-03-01 00:00:00+08:00,66.43137719686275,67.76892170418213,65.76260494320306,67.5459976196289,231000,0.0,0.0
2012-03-02 00:00:00+08:00,68.66060803387616,68.66060803387616,65.98551940917969,65.98551940917969,270000,0.0,0.0
2012-03-05 00:00:00+08:00,65.98553110234106,66.65430337702695,64.87091064453125,64.87091064453125,138000,0.0,0.0
2012-03-06 00:00:00+08:00,64.8709022312948,65.3167503565958,64.42505410599382,65.09382629394531,126000,0.0,0.0
2012-03-07 00:00:00+08:00,65.0938398919138,65.53968811035156,64.64799167347603,65.53968811035156,65000,0.0,0.0
2012-03-08 00:00:00+08:00,65.31674725300556,66.43136751329577,65.09382320094753,65.98551940917969,109000,0.0,0.0
2012-03-09 00:00:00+08:00,66.6542915653538,66.6542915653538,65.09382320094753,65.98551940917969,110000,0.0,0.0
2012-03-12 00:00:00+08:00,65.53966597729575,65.53966597729575,64.64796984155024,65.31674194335938,200000,0.0,0.0
2012-03-13 00:00:00+08:00,65.09382787244073,65.09382787244073,64.20213160021552,64.64797973632812,148000,0.0,0.0
2012-03-14 00:00:00+08:00,65.31674194335938,65.53966597729575,64.42504580761386,65.31674194335938,117000,0.0,0.0
2012-03-15 00:00:00+08:00,65.53967441924631,65.53967441924631,64.42505410599382,65.09382629394531,111000,0.0,0.0
2012-03-16 00:00:00+08:00,65.31674725300556,67.32306372152792,65.31674725300556,65.98551940917969,171000,0.0,0.0
2012-03-19 00:00:00+08:00,65.98552466555184,67.32306908444816,65.76260059573579,66.654296875,171000,0.0,0.0
2012-03-20 00:00:00+08:00,66.87720657943132,70.22106690840288,66.87720657943132,68.66059875488281,517000,0.0,0.0
2012-03-21 00:00:00+08:00,68.66061886414786,68.88354295136912,67.32307434082031,67.32307434082031,162000,0.0,0.0
2012-03-22 00:00:00+08:00,67.10014422098796,67.9918404897054,66.8772201538086,66.8772201538086,84000,0.0,0.0
2012-03-23 00:00:00+08:00,67.32307515191873,67.32307515191873,66.43137879229067,67.10015106201172,45000,0.0,0.0
2012-03-26 00:00:00+08:00,67.10015435010094,67.10015435010094,66.20845794677734,66.20845794677734,79000,0.0,0.0
2012-03-27 00:00:00+08:00,66.87722942173082,66.87722942173082,65.76260893136863,66.43138122558594,110000,0.0,0.0
2012-03-28 00:00:00+08:00,66.87722697210471,67.10015106201172,66.43137879229067,67.10015106201172,106000,0.0,0.0
2012-03-29 00:00:00+08:00,66.6542947324988,66.6542947324988,64.8709022312948,65.09382629394531,217000,0.0,0.0
2012-03-30 00:00:00+08:00,64.87089914888949,66.43136751329577,64.87089914888949,65.98551940917969,113000,0.0,0.0
2012-04-02 00:00:00+08:00,65.5396713050636,66.43136751329577,65.5396713050636,65.98551940917969,46000,0.0,0.0
2012-04-03 00:00:00+08:00,65.9855225445473,66.6542947324988,65.09382629394531,65.09382629394531,120000,0.0,0.0
2012-04-05 00:00:00+08:00,64.64798655296929,64.87091064453125,63.087517912035544,64.87091064453125,156000,0.0,0.0
2012-04-06 00:00:00+08:00,65.09382320094753,66.43136751329577,65.09382320094753,65.98551940917969,58000,0.0,0.0
2012-04-09 00:00:00+08:00,65.09382320094753,66.43136751329577,64.87089914888949,65.98551940917969,85000,0.0,0.0
2012-04-10 00:00:00+08:00,66.2084487353679,66.87722094481605,65.98552466555184,66.654296875,44000,0.0,0.0
2012-04-11 00:00:00+08:00,65.98553302944107,66.65430532365838,65.98553302944107,66.43138122558594,30000,0.0,0.0
2012-04-12 00:00:00+08:00,66.65430614843915,66.87723024927004,65.98553384594643,66.20845794677734,48000,0.0,0.0
2012-04-13 00:00:00+08:00,66.43138122558594,67.32307761787568,66.43138122558594,66.43138122558594,99000,0.0,0.0
2012-04-16 00:00:00+08:00,66.65430532365838,66.65430532365838,65.53968483329619,66.43138122558594,53000,0.0,0.0
2012-04-17 00:00:00+08:00,66.43138122558594,66.43138122558594,65.98553302944107,66.43138122558594,26000,0.0,0.0
2012-04-18 00:00:00+08:00,66.43138370837195,66.43138370837195,65.76261138916016,65.76261138916016,32000,0.0,0.0
2012-04-19 00:00:00+08:00,65.53966597729575,65.98551404516851,65.093817909423,65.31674194335938,29000,0.0,0.0
2012-04-20 00:00:00+08:00,65.31675882765518,65.53968291921714,64.64798655296929,64.87091064453125,33000,0.0,0.0
2012-04-23 00:00:00+08:00,64.42506957635646,64.64799369253764,63.75629722781298,63.97922134399414,67000,0.0,0.0
2012-04-24 00:00:00+08:00,63.75629018672143,65.31675882765518,63.75629018672143,64.87091064453125,49000,0.0,0.0
2012-04-25 00:00:00+08:00,65.31676400113268,65.53968811035156,65.0938398919138,65.53968811035156,9000,0.0,0.0
2012-04-26 00:00:00+08:00,65.31675194049704,65.31675194049704,64.64797973632812,64.64797973632812,2000,0.0,0.0
2012-04-27 00:00:00+08:00,64.64797973632812,65.31675194049704,64.64797973632812,64.64797973632812,20000,0.0,0.0
2012-04-30 00:00:00+08:00,65.09382629394531,65.09382629394531,63.97920598069282,65.09382629394531,12000,0.0,0.0
2012-05-02 00:00:00+08:00,65.093817909423,65.98551404516851,65.093817909423,65.31674194335938,47000,0.0,0.0
2012-05-03 00:00:00+08:00,65.31674725300556,66.20844346123772,65.31674725300556,65.98551940917969,47000,0.0,0.0
2012-05-04 00:00:00+08:00,65.53967652591973,66.654296875,65.53967652591973,66.654296875,77000,0.0,0.0
2012-05-07 00:00:00+08:00,65.76260893136863,66.65430532365838,65.76260893136863,66.43138122558594,52000,0.0,0.0
2012-05-08 00:00:00+08:00,66.43136751329577,66.43136751329577,65.76259535712164,65.98551940917969,22000,0.0,0.0
2012-05-09 00:00:00+08:00,65.98553632878932,65.98553632878932,65.0938398919138,65.53968811035156,37000,0.0,0.0
2012-05-10 00:00:00+08:00,65.53967441924631,65.53967441924631,65.09382629394531,65.09382629394531,28000,0.0,0.0
2012-05-11 00:00:00+08:00,64.87090701656741,65.09383109566215,63.75628662109375,63.75628662109375,93000,0.0,0.0
2012-05-14 00:00:00+08:00,63.75628662109375,63.97921070018848,63.53336254199901,63.75628662109375,34000,0.0,0.0
2012-05-15 00:00:00+08:00,63.75628662109375,63.75628662109375,63.31043846290428,63.75628662109375,68000,0.0,0.0
2012-05-16 00:00:00+08:00,63.97922134399414,64.2021454601753,63.53337311163181,63.97922134399414,44000,0.0,0.0
2012-05-17 00:00:00+08:00,64.42505410599382,65.09382629394531,63.756281918042326,65.09382629394531,61000,0.0,0.0
2012-05-18 00:00:00+08:00,63.75628662109375,64.20213477928321,63.75628662109375,63.75628662109375,54000,0.0,0.0
2012-05-21 00:00:00+08:00,63.75628662109375,63.97921070018848,63.75628662109375,63.75628662109375,21000,0.0,0.0
2012-05-22 00:00:00+08:00,63.97919773974109,65.53966597729575,63.97919773974109,65.31674194335938,91000,0.0,0.0
2012-05-23 00:00:00+08:00,64.87090701656741,64.87090701656741,63.75628662109375,63.75628662109375,50000,0.0,0.0
2012-05-24 00:00:00+08:00,64.20213317871094,64.20213317871094,63.533360958099365,64.20213317871094,53000,0.0,0.0
2012-05-25 00:00:00+08:00,63.979215347557734,63.979215347557734,63.53336715698242,63.53336715698242,30000,0.0,0.0
2012-05-28 00:00:00+08:00,63.53337311163181,63.97922134399414,63.31044899545065,63.97922134399414,33000,0.0,0.0
2012-05-29 00:00:00+08:00,64.20213317871094,64.64798132578532,63.97920910517375,64.20213317871094,52000,0.0,0.0
2012-05-30 00:00:00+08:00,64.42505885837795,64.42505885837795,63.75628662109375,63.75628662109375,13000,0.0,0.0
2012-05-31 00:00:00+08:00,63.75628503163656,64.87090539932251,63.75628503163656,64.20213317871094,30000,0.0,0.0
2012-06-01 00:00:00+08:00,63.75628662109375,63.97921070018848,63.75628662109375,63.75628662109375,33000,0.0,0.0
2012-06-04 00:00:00+08:00,63.310438025298964,63.310438025298964,61.749969482421875,61.749969482421875,79000,0.0,0.0
2012-06-05 00:00:00+08:00,62.41874475273297,62.864592929538205,61.74997248752511,61.972896575927734,43000,0.0,0.0
2012-06-06 00:00:00+08:00,62.19581524985177,62.418739318847656,61.97289118085589,62.418739318847656,25000,0.0,0.0
2012-06-07 00:00:00+08:00,63.31044306169476,63.53336715698242,62.41874668054413,63.53336715698242,38000,0.0,0.0
2012-06-08 00:00:00+08:00,62.86458873748779,64.20213317871094,62.86458873748779,64.20213317871094,33000,0.0,0.0
2012-06-11 00:00:00+08:00,63.756283732822965,63.756283732822965,62.418739318847656,62.418739318847656,50000,0.0,0.0
2012-06-12 00:00:00+08:00,62.86458810618226,63.53336032007782,62.86458810618226,63.3104362487793,52000,0.0,0.0
2012-06-13 00:00:00+08:00,62.64166338784354,62.86458745683942,61.97289118085589,62.418739318847656,147000,0.0,0.0
2012-06-14 00:00:00+08:00,62.418739318847656,62.64166338784354,62.19581524985177,62.418739318847656,57000,0.0,0.0
2012-06-15 00:00:00+08:00,62.64166403488374,63.3104362487793,62.418739963585224,63.3104362487793,82000,0.0,0.0
2012-06-18 00:00:00+08:00,62.64166403488374,63.75628439137633,62.64166403488374,63.3104362487793,18000,0.0,0.0
2012-06-19 00:00:00+08:00,62.86458810618226,63.3104362487793,62.86458810618226,63.3104362487793,53000,0.0,0.0
2012-06-20 00:00:00+08:00,63.31042247799272,63.31042247799272,62.86457443237305,62.86457443237305,18000,0.0,0.0
2012-06-21 00:00:00+08:00,63.3104408722463,63.53336495982463,63.08751678466797,63.08751678466797,58000,0.0,0.0
2012-06-22 00:00:00+08:00,62.64165040956321,63.08749845518288,62.64165040956321,62.86457443237305,26000,0.0,0.0
2012-06-25 00:00:00+08:00,63.310435327990305,65.09382787244073,63.310435327990305,64.64797973632812,87000,0.0,0.0
2012-06-26 00:00:00+08:00,64.64798293747268,64.64798293747268,63.75628662109375,63.75628662109375,4000,0.0,0.0
2012-06-27 00:00:00+08:00,63.75628503163656,64.42505725224814,63.31043688456218,64.20213317871094,47000,0.0,0.0
2012-06-28 00:00:00+08:00,63.75628346410291,64.64797973632812,63.75628346410291,64.64797973632812,99000,0.0,0.0
2012-06-29 00:00:00+08:00,64.42505725224814,64.64798132578532,63.75628503163656,64.20213317871094,10000,0.0,0.0
2012-07-02 00:00:00+08:00,64.64798132578532,64.64798132578532,63.75628503163656,64.20213317871094,32000,0.0,0.0
2012-07-03 00:00:00+08:00,64.20213317871094,64.64798132578532,64.20213317871094,64.20213317871094,29000,0.0,0.0
2012-07-04 00:00:00+08:00,64.20213477928321,64.64798293747268,63.75628662109375,63.75628662109375,28000,0.0,0.0
2012-07-05 00:00:00+08:00,63.7562952366005,65.53968811035156,63.7562952366005,65.53968811035156,59000,0.0,0.0
2012-07-06 00:00:00+08:00,64.20213836984536,65.09383473609321,64.20213836984536,64.87091064453125,76000,0.0,0.0
2012-07-09 00:00:00+08:00,64.87090539932251,64.87090539932251,63.75628503163656,64.20213317871094,42000,0.0,0.0
2012-07-10 00:00:00+08:00,64.64798132578532,64.64798132578532,64.20213317871094,64.20213317871094,23000,0.0,0.0
2012-07-11 00:00:00+08:00,64.20213317871094,64.42505725224814,64.20213317871094,64.20213317871094,18000,0.0,0.0
2012-07-12 00:00:00+08:00,64.20213317871094,64.20213317871094,64.20213317871094,64.20213317871094,17000,0.0,0.0
2012-07-13 00:00:00+08:00,63.75628503163656,64.64798132578532,63.533360958099365,64.20213317871094,98000,0.0,0.0
2012-07-16 00:00:00+08:00,64.42505725224814,64.87090539932251,64.20213317871094,64.20213317871094,19000,0.0,0.0
2012-07-17 00:00:00+08:00,64.20213317871094,64.64798132578532,64.20213317871094,64.20213317871094,38000,0.0,0.0
2012-07-18 00:00:00+08:00,64.20213317871094,64.20213317871094,64.20213317871094,64.20213317871094,18000,0.0,0.0
2012-07-19 00:00:00+08:00,64.20213317871094,64.87090539932251,64.20213317871094,64.20213317871094,59000,0.0,0.0
2012-07-20 00:00:00+08:00,64.20213317871094,64.64798132578532,63.75628503163656,64.20213317871094,148000,0.0,0.0
2012-07-23 00:00:00+08:00,64.20213317871094,64.64798132578532,64.20213317871094,64.20213317871094,64000,0.0,0.0
2012-07-24 00:00:00+08:00,63.97922134399414,64.64799369253764,63.97922134399414,63.97922134399414,96000,0.0,0.0
2012-07-25 00:00:00+08:00,63.97921070018848,64.42505885837795,63.31043846290428,63.75628662109375,188000,0.0,0.0
2012-07-26 00:00:00+08:00,63.39504692900137,63.868144294143164,62.44885219871776,63.631595611572266,116000,8.236445,0.0
2012-07-27 00:00:00+08:00,64.10470084450462,65.2874444025213,64.10470084450462,65.05089569091797,79000,0.0,0.0
2012-07-30 00:00:00+08:00,65.05088595783009,65.76053198646096,64.34123992919922,64.34123992919922,59000,0.0,0.0
2012-07-31 00:00:00+08:00,64.34125021229619,65.28744506835938,64.34125021229619,65.28744506835938,20000,0.0,0.0
2012-08-01 00:00:00+08:00,65.28743604673956,65.28743604673956,64.57779000275326,64.81433868408203,18000,0.0,0.0
2012-08-02 00:00:00+08:00,64.81433868408203,64.81433868408203,64.81433868408203,64.81433868408203,0,0.0,0.0
2012-08-03 00:00:00+08:00,64.81433868408203,64.81433868408203,64.34124132142449,64.81433868408203,19000,0.0,0.0
2012-08-06 00:00:00+08:00,65.28743534297733,65.28743534297733,64.57778930664062,64.57778930664062,15000,0.0,0.0
2012-08-07 00:00:00+08:00,64.81433868408203,64.81433868408203,64.34124132142449,64.81433868408203,10000,0.0,0.0
2012-08-08 00:00:00+08:00,64.81433868408203,64.81433868408203,64.81433868408203,64.81433868408203,9000,0.0,0.0
2012-08-09 00:00:00+08:00,64.81434074980257,65.76053550527415,64.81434074980257,65.52398681640625,45000,0.0,0.0
2012-08-10 00:00:00+08:00,65.52397990055222,65.99707722835404,65.52397990055222,65.76052856445312,11000,0.0,0.0
2012-08-13 00:00:00+08:00,65.76054182572798,65.76054182572798,65.05089569091797,65.05089569091797,21000,0.0,0.0
2012-08-14 00:00:00+08:00,64.81434697931464,65.76054182572798,64.81434697931464,65.05089569091797,15000,0.0,0.0
2012-08-15 00:00:00+08:00,65.05089569091797,65.52399311412465,65.05089569091797,65.05089569091797,13000,0.0,0.0
2012-08-16 00:00:00+08:00,64.81434697931464,65.2874444025213,64.81434697931464,65.05089569091797,11000,0.0,0.0
2012-08-17 00:00:00+08:00,65.05089635434358,65.52399378237517,65.05089635434358,65.28744506835938,12000,0.0,0.0
2012-08-20 00:00:00+08:00,65.28743604673956,65.52398472806833,64.81433868408203,64.81433868408203,8000,0.0,0.0
2012-08-21 00:00:00+08:00,65.2874444025213,65.52399311412465,65.05089569091797,65.05089569091797,11000,0.0,0.0
2012-08-22 00:00:00+08:00,64.81434764032778,65.28744506835938,64.81434764032778,65.28744506835938,7000,0.0,0.0
2012-08-23 00:00:00+08:00,65.28743604673956,65.28743604673956,64.81433868408203,64.81433868408203,16000,0.0,0.0
2012-08-24 00:00:00+08:00,64.57779892631198,65.28744506835938,64.57779892631198,65.28744506835938,93000,0.0,0.0
2012-08-27 00:00:00+08:00,65.05088736541079,65.05088736541079,64.81433868408203,64.81433868408203,11000,0.0,0.0
2012-08-28 00:00:00+08:00,64.81433868408203,65.05088736541079,64.57779000275326,64.81433868408203,12000,0.0,0.0
2012-08-29 00:00:00+08:00,64.57778860540951,64.57778860540951,64.10469125298893,64.34123992919922,44000,0.0,0.0
2012-08-30 00:00:00+08:00,64.81433868408203,64.81433868408203,64.10469264009573,64.81433868408203,23000,0.0,0.0
2012-08-31 00:00:00+08:00,64.8143372816198,65.05088595783009,64.34123992919922,64.34123992919922,21000,0.0,0.0
2012-09-03 00:00:00+08:00,64.34124955610795,65.05089569091797,64.34124955610795,65.05089569091797,33000,0.0,0.0
2012-09-04 00:00:00+08:00,64.81434697931464,65.52399311412465,64.81434697931464,65.05089569091797,72000,0.0,0.0
2012-09-05 00:00:00+08:00,65.05089569091797,65.05089569091797,64.34124955610795,65.05089569091797,31000,0.0,0.0
2012-09-06 00:00:00+08:00,64.81434764032778,65.52399378237517,64.81434764032778,65.28744506835938,52000,0.0,0.0
2012-09-07 00:00:00+08:00,65.28744506835938,65.52399378237517,65.28744506835938,65.28744506835938,25000,0.0,0.0
2012-09-10 00:00:00+08:00,65.2874312366513,65.76052856445312,65.2874312366513,65.76052856445312,15000,0.0,0.0
2012-09-11 00:00:00+08:00,66.23362589225495,66.23362589225495,65.76052856445312,65.76052856445312,155000,0.0,0.0
2012-09-12 00:00:00+08:00,65.99709450392537,66.70674068138693,65.99709450392537,66.4701919555664,47000,0.0,0.0
2012-09-13 00:00:00+08:00,66.70672607421875,66.70672607421875,66.23362872617464,66.70672607421875,38000,0.0,0.0
2012-09-14 00:00:00+08:00,67.17982342226286,67.17982342226286,66.4701774001967,66.70672607421875,46000,0.0,0.0
2012-09-17 00:00:00+08:00,66.7067323412214,66.7067323412214,65.76053755623954,66.23363494873047,25000,0.0,0.0
2012-09-18 00:00:00+08:00,66.23362872617464,67.17982342226286,66.23362872617464,66.70672607421875,52000,0.0,0.0
2012-09-19 00:00:00+08:00,66.23363426509296,66.23363426509296,65.76053687748517,65.99708557128906,11000,0.0,0.0
2012-09-20 00:00:00+08:00,65.99708557128906,66.23363426509296,65.99708557128906,65.99708557128906,11000,0.0,0.0
2012-09-21 00:00:00+08:00,65.99707722835404,65.99707722835404,65.52397990055222,65.76052856445312,18000,0.0,0.0
2012-09-24 00:00:00+08:00,66.23363426509296,66.23363426509296,65.99708557128906,65.99708557128906,9000,0.0,0.0
2012-09-25 00:00:00+08:00,65.76054182572798,65.76054182572798,65.05089569091797,65.05089569091797,47000,0.0,0.0
2012-09-26 00:00:00+08:00,65.76054182572798,65.76054182572798,65.05089569091797,65.05089569091797,7000,0.0,0.0
2012-09-27 00:00:00+08:00,65.28743948987736,66.70673165270077,65.28743948987736,65.99708557128906,72000,0.0,0.0
2012-09-28 00:00:00+08:00,65.2874401637486,66.23363494873047,65.2874401637486,66.23363494873047,7000,0.0,0.0
2012-10-01 00:00:00+08:00,66.23363494873047,66.23363494873047,65.997086252485,66.23363494873047,14000,0.0,0.0
2012-10-02 00:00:00+08:00,65.99708557128906,66.23363426509296,65.76053687748517,65.99708557128906,20000,0.0,0.0
2012-10-03 00:00:00+08:00,65.76053755623954,66.23363494873047,65.76053755623954,66.23363494873047,9000,0.0,0.0
2012-10-04 00:00:00+08:00,66.23363494873047,66.7067323412214,66.23363494873047,66.23363494873047,22000,0.0,0.0
2012-10-05 00:00:00+08:00,66.23363494873047,66.7067323412214,66.23363494873047,66.23363494873047,64000,0.0,0.0
2012-10-08 00:00:00+08:00,66.23363011319873,67.17982482910156,65.7605327552473,67.17982482910156,59000,0.0,0.0
2012-10-09 00:00:00+08:00,65.76053956372157,66.94328308105469,65.76053956372157,66.94328308105469,29000,0.0,0.0
2012-10-11 00:00:00+08:00,67.17982342226286,67.17982342226286,66.23362872617464,66.70672607421875,49000,0.0,0.0
2012-10-12 00:00:00+08:00,66.70672607421875,66.94327474824081,66.70672607421875,66.70672607421875,23000,0.0,0.0
2012-10-15 00:00:00+08:00,66.7067323412214,66.7067323412214,65.997086252485,66.23363494873047,12000,0.0,0.0
2012-10-16 00:00:00+08:00,66.23363494873047,66.23363494873047,65.997086252485,66.23363494873047,14000,0.0,0.0
2012-10-17 00:00:00+08:00,66.47018364497593,66.47018364497593,66.23363494873047,66.23363494873047,5000,0.0,0.0
2012-10-18 00:00:00+08:00,65.997086252485,66.23363494873047,65.997086252485,66.23363494873047,4000,0.0,0.0
2012-10-19 00:00:00+08:00,66.23363426509296,66.23363426509296,65.99708557128906,65.99708557128906,17000,0.0,0.0
2012-10-22 00:00:00+08:00,65.76053687748517,65.99708557128906,65.52398818368125,65.99708557128906,28000,0.0,0.0
2012-10-23 00:00:00+08:00,65.76053687748517,66.23363426509296,65.52398818368125,65.99708557128906,8000,0.0,0.0
2012-10-24 00:00:00+08:00,65.99708557128906,65.99708557128906,65.52398818368125,65.99708557128906,22000,0.0,0.0
2012-10-25 00:00:00+08:00,65.99708557128906,66.23363426509296,65.76053687748517,65.99708557128906,28000,0.0,0.0
2012-10-26 00:00:00+08:00,65.76054249639097,65.99709121040675,65.28744506835938,65.28744506835938,24000,0.0,0.0
2012-10-29 00:00:00+08:00,65.2874444025213,65.2874444025213,64.81434697931464,65.05089569091797,10000,0.0,0.0
2012-10-30 00:00:00+08:00,65.52397990055222,66.70672322005677,65.52397990055222,65.76052856445312,43000,0.0,0.0
2012-10-31 00:00:00+08:00,66.23363494873047,66.23363494873047,65.997086252485,66.23363494873047,17000,0.0,0.0
2012-11-01 00:00:00+08:00,66.23362589225495,66.47017455615585,65.52397990055222,65.76052856445312,9000,0.0,0.0
2012-11-02 00:00:00+08:00,66.23363494873047,66.23363494873047,65.76053755623954,66.23363494873047,19000,0.0,0.0
2012-11-05 00:00:00+08:00,66.2336432297459,66.70674068138693,66.2336432297459,66.4701919555664,15000,0.0,0.0
2012-11-06 00:00:00+08:00,66.23363494873047,66.47018364497593,66.23363494873047,66.23363494873047,18000,0.0,0.0
2012-11-07 00:00:00+08:00,66.23363011319873,67.88947086602869,66.23363011319873,67.17982482910156,135000,0.0,0.0
2012-11-08 00:00:00+08:00,66.47018567412144,66.94328308105469,66.47018567412144,66.94328308105469,21000,0.0,0.0
2012-11-09 00:00:00+08:00,66.70672607421875,67.17982342226286,66.23362872617464,66.70672607421875,32000,0.0,0.0
2012-11-12 00:00:00+08:00,66.23363494873047,66.47018364497593,65.997086252485,66.23363494873047,31000,0.0,0.0
2012-11-13 00:00:00+08:00,66.23363426509296,66.47018295889687,65.99708557128906,65.99708557128906,21000,0.0,0.0
2012-11-14 00:00:00+08:00,66.23362872617464,66.70672607421875,65.9970800521526,66.70672607421875,21000,0.0,0.0
2012-11-15 00:00:00+08:00,66.4701774001967,66.94327474824081,66.4701774001967,66.70672607421875,25000,0.0,0.0
2012-11-16 00:00:00+08:00,66.70674068138693,66.70674068138693,66.4701919555664,66.4701919555664,28000,0.0,0.0
2012-11-19 00:00:00+08:00,66.7067323412214,66.7067323412214,66.23363494873047,66.23363494873047,16000,0.0,0.0
2012-11-20 00:00:00+08:00,66.70673437758806,67.17983178452131,66.47018567412144,66.94328308105469,26000,0.0,0.0
2012-11-21 00:00:00+08:00,66.94328940720744,66.94328940720744,65.99709450392537,66.4701919555664,38000,0.0,0.0
2012-11-22 00:00:00+08:00,66.47017879217444,67.41637350807727,66.47017879217444,67.17982482910156,66000,0.0,0.0
2012-11-23 00:00:00+08:00,67.17982482910156,67.65292218705298,67.17982482910156,67.17982482910156,35000,0.0,0.0
2012-11-26 00:00:00+08:00,67.65292218705298,67.65292218705298,66.94327615012585,67.17982482910156,22000,0.0,0.0
2012-11-27 00:00:00+08:00,67.17982342226286,67.17982342226286,66.70672607421875,66.70672607421875,13000,0.0,0.0
2012-11-28 00:00:00+08:00,66.70672607421875,66.70672607421875,66.70672607421875,66.70672607421875,14000,0.0,0.0
2012-11-29 00:00:00+08:00,66.70672747115015,67.41637350807727,66.70672747115015,67.17982482910156,39000,0.0,0.0
2012-11-30 00:00:00+08:00,67.17982342226286,67.17982342226286,66.70672607421875,66.70672607421875,9000,0.0,0.0
2012-12-03 00:00:00+08:00,66.47018364497593,66.47018364497593,65.997086252485,66.23363494873047,41000,0.0,0.0
2012-12-04 00:00:00+08:00,66.23363426509296,66.23363426509296,65.99708557128906,65.99708557128906,12000,0.0,0.0
2012-12-05 00:00:00+08:00,65.99708826718819,66.94328308105469,65.99708826718819,66.94328308105469,33000,0.0,0.0
2012-12-06 00:00:00+08:00,66.94327474824081,67.17982342226286,66.70672607421875,66.70672607421875,29000,0.0,0.0
2012-12-07 00:00:00+08:00,66.7067323412214,67.17982973371232,66.23363494873047,66.23363494873047,56000,0.0,0.0
2012-12-10 00:00:00+08:00,65.9970800521526,66.70672607421875,65.9970800521526,66.70672607421875,51000,0.0,0.0
2012-12-11 00:00:00+08:00,66.7067315463362,69.07221848060345,66.7067315463362,68.59912109375,145000,0.0,0.0
2012-12-12 00:00:00+08:00,69.07222549808067,69.54532293299903,68.12603062824394,68.36257934570312,31000,0.0,0.0
2012-12-13 00:00:00+08:00,67.65293319332558,68.5991280631623,67.65293319332558,68.36257934570312,46000,0.0,0.0
2012-12-14 00:00:00+08:00,67.88947501346982,68.59912109375,67.65292632004311,68.59912109375,25000,0.0,0.0
2012-12-17 00:00:00+08:00,68.12602233886719,68.59911971622043,67.88947365019057,68.12602233886719,22000,0.0,0.0
2012-12-18 00:00:00+08:00,68.12602233886719,68.12602233886719,67.65292496151395,68.12602233886719,16000,0.0,0.0
2012-12-19 00:00:00+08:00,68.12602095170455,68.12602095170455,67.65292358398438,67.65292358398438,36000,0.0,0.0
2012-12-20 00:00:00+08:00,67.65293054413378,67.65293054413378,67.4163818359375,67.4163818359375,16000,0.0,0.0
2012-12-21 00:00:00+08:00,67.41637350807727,67.65292218705298,67.17982482910156,67.17982482910156,22000,0.0,0.0
2012-12-24 00:00:00+08:00,67.88947365019057,68.12602233886719,67.88947365019057,68.12602233886719,4000,0.0,0.0
2012-12-25 00:00:00+08:00,67.4163818359375,67.4163818359375,67.4163818359375,67.4163818359375,10000,0.0,0.0
2012-12-26 00:00:00+08:00,67.41637350807727,67.88947086602869,67.17982482910156,67.17982482910156,31000,0.0,0.0
2012-12-27 00:00:00+08:00,67.17983178452131,67.17983178452131,66.94328308105469,66.94328308105469,8000,0.0,0.0
2012-12-28 00:00:00+08:00,67.41637350807727,67.65292218705298,66.94327615012585,67.17982482910156,17000,0.0,0.0
2013-01-02 00:00:00+08:00,67.1798262162642,67.88947226784447,67.1798262162642,67.65292358398438,17000,0.0,0.0
2013-01-03 00:00:00+08:00,68.12602370689655,68.59912109375,68.12602370689655,68.59912109375,38000,0.0,0.0
2013-01-04 00:00:00+08:00,68.36257102754381,68.36257102754381,68.12602233886719,68.12602233886719,3000,0.0,0.0
2013-01-07 00:00:00+08:00,68.12602930368031,68.12602930368031,67.88948059082031,67.88948059082031,7000,0.0,0.0
2013-01-08 00:00:00+08:00,67.88947365019057,68.36257102754381,67.65292496151395,68.12602233886719,63000,0.0,0.0
2013-01-09 00:00:00+08:00,67.65292496151395,68.12602233886719,67.65292496151395,68.12602233886719,6000,0.0,0.0
2013-01-10 00:00:00+08:00,67.88948059082031,68.12602930368031,67.88948059082031,67.88948059082031,5000,0.0,0.0
2013-01-11 00:00:00+08:00,67.88948191078477,68.36257934570312,67.88948191078477,68.36257934570312,42000,0.0,0.0
2013-01-14 00:00:00+08:00,68.12602370689655,68.59912109375,67.65292632004311,68.59912109375,19000,0.0,0.0
2013-01-15 00:00:00+08:00,68.12602233886719,68.12602233886719,67.88947365019057,68.12602233886719,7000,0.0,0.0
2013-01-16 00:00:00+08:00,67.88947365019057,68.12602233886719,67.88947365019057,68.12602233886719,7000,0.0,0.0
2013-01-17 00:00:00+08:00,67.88947086602869,68.1260195450044,67.17982482910156,67.17982482910156,27000,0.0,0.0
2013-01-18 00:00:00+08:00,67.17983312774123,67.88947925233005,67.17983312774123,67.4163818359375,18000,0.0,0.0
2013-01-21 00:00:00+08:00,67.88947365019057,68.12602233886719,67.65292496151395,68.12602233886719,12000,0.0,0.0
2013-01-22 00:00:00+08:00,67.65293319332558,68.36257934570312,67.65293319332558,68.36257934570312,7000,0.0,0.0
2013-01-23 00:00:00+08:00,68.12602930368031,68.12602930368031,67.88948059082031,67.88948059082031,13000,0.0,0.0
2013-01-24 00:00:00+08:00,67.88948059082031,67.88948059082031,67.65293187796031,67.88948059082031,21000,0.0,0.0
2013-01-25 00:00:00+08:00,67.4163818359375,68.12602796052632,67.4163818359375,67.4163818359375,11000,0.0,0.0
2013-01-28 00:00:00+08:00,67.65292358398438,67.65292358398438,67.65292358398438,67.65292358398438,10000,0.0,0.0
2013-01-29 00:00:00+08:00,67.65292358398438,67.65292358398438,67.1798262162642,67.65292358398438,26000,0.0,0.0
2013-01-30 00:00:00+08:00,67.88948059082031,67.88948059082031,67.88948059082031,67.88948059082031,4000,0.0,0.0
2013-01-31 00:00:00+08:00,67.88948191078477,68.36257934570312,67.65293319332558,68.36257934570312,24000,0.0,0.0
2013-02-01 00:00:00+08:00,68.3625668991141,69.30876159667969,68.3625668991141,69.30876159667969,106000,0.0,0.0
2013-02-04 00:00:00+08:00,69.3087561323836,70.96459672257707,69.3087561323836,70.01840209960938,92000,0.0,0.0
2013-02-05 00:00:00+08:00,69.78187496159353,69.78187496159353,69.07222877554342,69.54532623291016,22000,0.0,0.0
2013-02-06 00:00:00+08:00,69.54531027107109,69.54531027107109,68.3625668991141,69.30876159667969,32000,0.0,0.0
2013-02-18 00:00:00+08:00,69.54532623291016,70.25497241896026,69.30877750422678,69.54532623291016,140000,0.0,0.0
2013-02-19 00:00:00+08:00,69.78187257880407,71.91081106425911,69.78187257880407,71.43771362304688,215000,0.0,0.0
2013-02-20 00:00:00+08:00,71.67426234365298,72.38390850547134,70.96461618183464,71.43771362304688,59000,0.0,0.0
2013-02-21 00:00:00+08:00,71.4377129640294,71.67426168245335,70.96461552718154,71.20116424560547,87000,0.0,0.0
2013-02-22 00:00:00+08:00,71.20116490244077,71.67426234365298,70.72806746122853,71.43771362304688,31000,0.0,0.0
2013-02-25 00:00:00+08:00,71.91079236315443,73.80318163586901,71.91079236315443,72.85698699951172,104000,0.0,0.0
2013-02-26 00:00:00+08:00,72.38388896532089,72.85698627881972,71.91079165182207,72.62043762207031,25000,0.0,0.0
2013-02-27 00:00:00+08:00,72.85699804141498,74.27629021105294,72.62044934647533,74.03974151611328,71000,0.0,0.0
2013-03-01 00:00:00+08:00,74.0397201295883,74.7493660094246,73.5666228763641,74.5128173828125,93000,0.0,0.0
2013-03-04 00:00:00+08:00,74.74939099197867,75.22248840332031,74.03974487496622,75.22248840332031,108000,0.0,0.0
2013-03-05 00:00:00+08:00,74.74938201904297,74.98593069631842,74.74938201904297,74.74938201904297,118000,0.0,0.0
2013-03-06 00:00:00+08:00,74.98593490453395,74.98593490453395,73.56664276123047,73.56664276123047,70000,0.0,0.0
2013-03-07 00:00:00+08:00,74.27629021105294,74.27629021105294,73.56664412623397,74.03974151611328,56000,0.0,0.0
2013-03-08 00:00:00+08:00,73.80319145178105,74.03974014233162,73.56664276123047,73.56664276123047,33000,0.0,0.0
2013-03-11 00:00:00+08:00,74.27629021105294,74.27629021105294,73.56664412623397,74.03974151611328,28000,0.0,0.0
2013-03-12 00:00:00+08:00,74.2762888328822,74.5128375234328,73.56664276123047,73.56664276123047,85640,0.0,0.0
2013-03-13 00:00:00+08:00,74.03974647892332,74.03974647892332,73.09355163574219,73.09355163574219,35000,0.0,0.0
2013-03-14 00:00:00+08:00,72.85698983608148,73.80318450927734,72.85698983608148,73.80318450927734,24102,0.0,0.0
2013-03-15 00:00:00+08:00,73.80318308184223,74.03973174556609,72.85698842694683,73.33008575439453,63850,0.0,0.0
2013-03-18 00:00:00+08:00,73.56664702471565,73.56664702471565,71.91080609489889,72.38390350341797,88150,0.0,0.0
2013-03-19 00:00:00+08:00,72.38388896532089,72.85698627881972,72.38388896532089,72.62043762207031,37071,0.0,0.0
2013-03-20 00:00:00+08:00,72.62044314334267,72.62044314334267,71.91079711914062,71.91079711914062,31974,0.0,0.0
2013-03-21 00:00:00+08:00,72.38388968133307,72.85698699951172,72.14734102224375,72.85698699951172,27000,0.0,0.0
2013-03-22 00:00:00+08:00,72.85697699652778,74.5128173828125,72.62042836991567,74.5128173828125,100327,0.0,0.0
2013-03-25 00:00:00+08:00,75.22248568200762,75.93213177334731,74.27629089355469,74.27629089355469,97299,0.0,0.0
2013-03-26 00:00:00+08:00,74.27629358063705,75.93213452033277,74.27629358063705,75.22248840332031,134263,0.0,0.0
2013-03-27 00:00:00+08:00,75.22246326264882,75.22246326264882,74.2762687562004,74.5128173828125,50100,0.0,0.0
2013-03-28 00:00:00+08:00,75.22246326264882,75.45901188926092,74.5128173828125,74.5128173828125,63579,0.0,0.0
2013-03-29 00:00:00+08:00,74.51283334176752,74.98593069631842,74.27628466449207,74.74938201904297,56885,0.0,0.0
2013-04-01 00:00:00+08:00,74.27628466449207,74.74938201904297,74.27628466449207,74.74938201904297,15920,0.0,0.0
2013-04-02 00:00:00+08:00,74.74938760093227,74.74938760093227,74.03974151611328,74.03974151611328,17361,0.0,0.0
2013-04-03 00:00:00+08:00,73.80319282117362,74.27629021105294,73.33009543129431,74.03974151611328,71000,0.0,0.0
2013-04-08 00:00:00+08:00,73.80318163586901,73.80318163586901,72.6204383404224,72.85698699951172,55669,0.0,0.0
2013-04-09 00:00:00+08:00,72.62043762207031,73.33008359231856,72.38388896532089,72.62043762207031,46005,0.0,0.0
2013-04-10 00:00:00+08:00,72.62045421415162,73.09355163574219,72.62045421415162,73.09355163574219,28500,0.0,0.0
2013-04-11 00:00:00+08:00,73.33008717267941,73.80318450927734,73.09353850438045,73.80318450927734,36200,0.0,0.0
2013-04-12 00:00:00+08:00,74.27628184587527,74.27628184587527,73.33008717267941,73.80318450927734,21290,0.0,0.0
2013-04-15 00:00:00+08:00,73.80318308184223,74.27628040928995,73.09353709067068,73.33008575439453,41200,0.0,0.0
2013-04-16 00:00:00+08:00,73.80319349932822,74.27629089355469,73.09354740798852,74.27629089355469,38500,0.0,0.0
2013-04-17 00:00:00+08:00,74.51283334176752,74.74938201904297,74.27628466449207,74.74938201904297,158736,0.0,0.0
2013-04-18 00:00:00+08:00,74.98592871206779,77.35141542222765,74.27628269901983,76.64176940917969,232798,0.0,0.0
2013-04-19 00:00:00+08:00,78.0610766054979,81.3727586433069,78.0610766054979,79.24382019042969,382996,0.0,0.0
2013-04-22 00:00:00+08:00,79.2438077223336,81.37274584024705,78.29761300326096,80.19000244140625,138067,0.0,0.0
2013-04-23 00:00:00+08:00,80.18999336310593,80.66309066908296,79.24379875115189,79.7168960571289,48401,0.0,0.0
2013-04-24 00:00:00+08:00,80.42654020889945,82.31892939028532,80.18999156122622,81.60928344726562,217748,0.0,0.0
2013-04-25 00:00:00+08:00,80.89963932207147,81.13618797505998,79.7168960571289,79.7168960571289,182750,0.0,0.0
2013-04-26 00:00:00+08:00,80.66309182236834,80.66309182236834,77.58795928955078,77.58795928955078,210853,0.0,0.0
2013-04-29 00:00:00+08:00,77.58797522083967,78.06107263072283,77.1148778109565,77.82452392578125,135300,0.0,0.0
2013-04-30 00:00:00+08:00,78.5341630415483,78.5341630415483,77.82451698996805,78.06106567382812,29500,0.0,0.0
2013-05-02 00:00:00+08:00,78.06105946920005,78.5341567993164,77.11486480896731,78.5341567993164,96024,0.0,0.0
2013-05-03 00:00:00+08:00,78.5341630415483,78.5341630415483,77.58796830610795,78.06106567382812,30400,0.0,0.0
2013-05-06 00:00:00+08:00,78.06106567382812,78.77071172540839,77.58796830610795,78.06106567382812,58500,0.0,0.0
2013-05-07 00:00:00+08:00,78.06106567382812,78.5341630415483,77.82451698996805,78.06106567382812,25420,0.0,0.0
2013-05-08 00:00:00+08:00,78.53416511604378,78.77071380615234,78.29761642593522,78.77071380615234,83340,0.0,0.0
2013-05-09 00:00:00+08:00,79.00727147344332,79.48036890741604,78.53417403947061,79.24382019042969,68159,0.0,0.0
2013-05-10 00:00:00+08:00,79.24382019042969,79.24382019042969,78.77072275645698,79.24382019042969,62097,0.0,0.0
2013-05-13 00:00:00+08:00,79.24381111943445,82.79204146806585,79.00726242952568,81.37274932861328,143492,0.0,0.0
2013-05-14 00:00:00+08:00,81.37274584024705,81.37274584024705,79.71690508186992,80.19000244140625,43000,0.0,0.0
2013-05-15 00:00:00+08:00,80.19001074398265,81.37275426528032,80.19001074398265,80.42655944824219,38200,0.0,0.0
2013-05-16 00:00:00+08:00,80.42656377536147,80.42656377536147,78.53417403947061,79.24382019042969,102437,0.0,0.0
2013-05-17 00:00:00+08:00,79.0072624962609,79.95345725669517,78.77071380615234,78.77071380615234,49500,0.0,0.0
2013-05-20 00:00:00+08:00,78.77072009867412,78.77072009867412,77.824525262654,78.29762268066406,92500,0.0,0.0
2013-05-21 00:00:00+08:00,78.06107397165904,79.00726880767915,78.06107397165904,78.29762268066406,39241,0.0,0.0
2013-05-22 00:00:00+08:00,78.06105660229194,78.06105660229194,77.3514106331802,77.58795928955078,76200,0.0,0.0
2013-05-23 00:00:00+08:00,77.58796409324364,77.58796409324364,76.4052207381637,76.64176940917969,69296,0.0,0.0
2013-05-24 00:00:00+08:00,76.64176940917969,77.11486675121166,76.4052207381637,76.64176940917969,49360,0.0,0.0
2013-05-27 00:00:00+08:00,76.87832641601562,77.1148751126803,76.64177771935097,76.87832641601562,26152,0.0,0.0
2013-05-28 00:00:00+08:00,76.87832641601562,77.1148751126803,76.4052290226863,76.87832641601562,55125,0.0,0.0
2013-05-29 00:00:00+08:00,76.87833042663391,78.29762268066406,76.64178171762887,78.29762268066406,79130,0.0,0.0
2013-05-30 00:00:00+08:00,78.2976185960036,78.2976185960036,76.87832641601562,76.87832641601562,27204,0.0,0.0
2013-05-31 00:00:00+08:00,78.06105946920005,78.5341567993164,76.64176747885095,78.5341567993164,69536,0.0,0.0
2013-06-03 00:00:00+08:00,78.06106357399477,78.06106357399477,77.3514175415039,77.3514175415039,15169,0.0,0.0
2013-06-04 00:00:00+08:00,77.35142380934495,77.82452120267428,76.87832641601562,76.87832641601562,19200,0.0,0.0
2013-06-05 00:00:00+08:00,76.87832641601562,77.35142380934495,76.87832641601562,76.87832641601562,16280,0.0,0.0
2013-06-06 00:00:00+08:00,76.64176940917969,77.11486675121166,76.4052207381637,76.64176940917969,38200,0.0,0.0
2013-06-07 00:00:00+08:00,76.64176940917969,77.35141542222765,76.4052207381637,76.64176940917969,48132,0.0,0.0
2013-06-10 00:00:00+08:00,77.35142380934495,77.35142380934495,76.87832641601562,76.87832641601562,14100,0.0,0.0
2013-06-11 00:00:00+08:00,77.1148778109565,78.534170040606,77.1148778109565,77.82452392578125,36350,0.0,0.0
2013-06-13 00:00:00+08:00,77.3514106331802,77.58795928955078,76.40521600769787,77.58795928955078,28250,0.0,0.0
2013-06-14 00:00:00+08:00,77.58796409324364,77.58796409324364,76.64176940917969,76.64176940917969,15200,0.0,0.0
2013-06-17 00:00:00+08:00,77.11486675121166,77.11486675121166,76.64176940917969,76.64176940917969,19150,0.0,0.0
2013-06-18 00:00:00+08:00,77.58795783856164,77.58795783856164,76.87831188272114,77.11486053466797,7000,0.0,0.0
2013-06-19 00:00:00+08:00,77.58797522083967,79.00726745048917,77.58797522083967,77.82452392578125,131100,0.0,0.0
2013-06-20 00:00:00+08:00,77.82451698996805,78.06106567382812,77.35141962224787,78.06106567382812,19399,0.0,0.0
2013-06-21 00:00:00+08:00,77.11486886400695,77.82451489649782,76.64177150901305,77.3514175415039,31200,0.0,0.0
2013-06-24 00:00:00+08:00,77.35142380934495,77.82452120267428,76.64177771935097,76.87832641601562,61002,0.0,0.0
2013-06-25 00:00:00+08:00,76.87832865429226,77.11487735784392,74.9859390258789,74.9859390258789,89097,0.0,0.0
2013-06-26 00:00:00+08:00,75.6955795288086,77.35142033100128,75.45903084278106,75.6955795288086,108421,0.0,0.0
2013-06-27 00:00:00+08:00,75.93212890625,76.40522628261293,75.93212890625,75.93212890625,9100,0.0,0.0
2013-06-28 00:00:00+08:00,76.4052290226863,77.35142380934495,76.4052290226863,76.87832641601562,21095,0.0,0.0
2013-07-01 00:00:00+08:00,77.35141962224787,79.00726040926847,77.35141962224787,78.06106567382812,45420,0.0,0.0
2013-07-02 00:00:00+08:00,79.00727081298828,79.71691695801512,78.06107595295249,79.00727081298828,82894,0.0,0.0
2013-07-03 00:00:00+08:00,78.06105946920005,78.77070546437459,78.06105946920005,78.5341567993164,33263,0.0,0.0
2013-07-04 00:00:00+08:00,78.5341567993164,78.5341567993164,78.06105946920005,78.5341567993164,29251,0.0,0.0
2013-07-05 00:00:00+08:00,78.53417338297038,79.24381952799723,78.53417338297038,79.00727081298828,55500,0.0,0.0
2013-07-08 00:00:00+08:00,79.48036890741604,79.95346634138876,79.00727147344332,79.24382019042969,85880,0.0,0.0
2013-07-09 00:00:00+08:00,79.48036193847656,80.19000802721295,79.2438132422311,79.48036193847656,71600,0.0,0.0
2013-07-10 00:00:00+08:00,79.48036193847656,79.95345933096749,79.48036193847656,79.48036193847656,44206,0.0,0.0
2013-07-11 00:00:00+08:00,79.95345718916073,81.8458467084308,79.95345718916073,81.37274932861328,148100,0.0,0.0
2013-07-12 00:00:00+08:00,81.37275494438462,81.37275494438462,80.6631088256836,80.6631088256836,58000,0.0,0.0
2013-07-15 00:00:00+08:00,80.66309066908296,81.60928528103702,79.7168960571289,79.7168960571289,117974,0.0,0.0
2013-07-16 00:00:00+08:00,80.19001207853618,82.08240174410636,79.71691466214364,80.899658203125,130221,0.0,0.0
2013-07-17 00:00:00+08:00,81.37274584024705,81.37274584024705,80.19000244140625,80.19000244140625,114116,0.0,0.0
2013-07-18 00:00:00+08:00,80.19001074398265,80.66310815250172,79.9534620397231,80.42655944824219,104609,0.0,0.0
2013-07-19 00:00:00+08:00,81.13619716047889,81.13619716047889,80.19000244140625,80.19000244140625,103220,0.0,0.0
2013-07-22 00:00:00+08:00,80.19000971683819,82.55549672913429,80.19000971683819,78.36385345458984,250736,0.0,0.0
2013-07-23 00:00:00+08:00,83.22166904709813,84.72115857947827,83.22166904709813,84.22132873535156,252496,8.858978,0.0
2013-07-24 00:00:00+08:00,84.72117829465581,84.72117829465581,83.47160339355469,83.47160339355469,72102,0.0,0.0
2013-07-25 00:00:00+08:00,83.47159895463423,83.47159895463423,82.47193908691406,82.47193908691406,89150,0.0,0.0
2013-07-26 00:00:00+08:00,82.47193797381091,82.47193797381091,81.9721080466969,82.2220230102539,81100,0.0,0.0
2013-07-29 00:00:00+08:00,82.22201424110226,83.22167398871444,81.97209930419922,81.97209930419922,59000,0.0,0.0
2013-07-30 00:00:00+08:00,82.22201233368378,83.47158698921089,82.22201233368378,83.22167205810547,58570,0.0,0.0
2013-07-31 00:00:00+08:00,83.22168621384954,83.22168621384954,82.72185626661921,82.97177124023438,22500,0.0,0.0
2013-08-01 00:00:00+08:00,82.47193797381091,82.97176790092492,82.2220230102539,82.2220230102539,32210,0.0,0.0
2013-08-02 00:00:00+08:00,82.97176902077415,83.47159895463423,82.22202411998401,82.47193908691406,49637,0.0,0.0
2013-08-05 00:00:00+08:00,82.97176695866371,83.72151184082031,82.97176695866371,83.72151184082031,52113,0.0,0.0
2013-08-06 00:00:00+08:00,83.72151310867888,85.97074778921055,83.22168317967184,85.72083282470703,231888,0.0,0.0
2013-08-07 00:00:00+08:00,83.72150003557374,85.47090451392901,83.72150003557374,84.47124481201172,89519,0.0,0.0
2013-08-08 00:00:00+08:00,84.47125468534583,85.22099954941694,84.47125468534583,84.97108459472656,44791,0.0,0.0
2013-08-09 00:00:00+08:00,85.97073784881323,85.97073784881323,84.47124823517115,85.22099304199219,55300,0.0,0.0
2013-08-12 00:00:00+08:00,85.22100726740504,87.47024206331896,85.22100726740504,86.72049713134766,188126,0.0,0.0
2013-08-13 00:00:00+08:00,86.72048414607444,87.47022896578113,86.47056920617221,87.2203140258789,148530,0.0,0.0
2013-08-14 00:00:00+08:00,87.47024642688602,91.71880125333477,86.4705864677216,89.46956634521484,264425,0.0,0.0
2013-08-15 00:00:00+08:00,89.46954881475213,89.96937869639879,88.21997411063548,88.96971893310547,122457,0.0,0.0
2013-08-16 00:00:00+08:00,88.21997720544988,88.9697220542214,87.97006225585938,87.97006225585938,59843,0.0,0.0
2013-08-19 00:00:00+08:00,88.96973199359441,88.96973199359441,88.21998706106413,88.46990203857422,51150,0.0,0.0
2013-08-20 00:00:00+08:00,88.21999143999676,88.46990642991177,85.47092655093171,85.97075653076172,208900,0.0,0.0
2013-08-22 00:00:00+08:00,85.47092869929496,87.22033367267234,85.47092869929496,86.47058868408203,140600,0.0,0.0
2013-08-23 00:00:00+08:00,86.47058215402389,86.97041210867143,86.47058215402389,86.72049713134766,37693,0.0,0.0
2013-08-26 00:00:00+08:00,86.97041210867143,86.97041210867143,86.47058215402389,86.72049713134766,16296,0.0,0.0
2013-08-27 00:00:00+08:00,86.72049929524026,86.72049929524026,85.4709243774414,85.4709243774414,35500,0.0,0.0
2013-08-28 00:00:00+08:00,84.97108459472656,85.22099954941694,84.47125468534583,84.97108459472656,31106,0.0,0.0
2013-08-29 00:00:00+08:00,84.97108459472656,85.47091450410731,84.97108459472656,84.97108459472656,45063,0.0,0.0
2013-08-30 00:00:00+08:00,84.9710965711017,85.97075653076172,84.7211815811867,85.97075653076172,39550,0.0,0.0
2013-09-02 00:00:00+08:00,85.97073784881323,85.97073784881323,84.97107810638518,85.22099304199219,32029,0.0,0.0
2013-09-03 00:00:00+08:00,85.47091450410731,85.47091450410731,84.47125468534583,84.97108459472656,38965,0.0,0.0
2013-09-04 00:00:00+08:00,85.22099954941694,85.22099954941694,84.7211696400362,84.97108459472656,21500,0.0,0.0
2013-09-05 00:00:00+08:00,84.97109441032187,85.4709243774414,84.72117942676209,85.4709243774414,23300,0.0,0.0
2013-09-06 00:00:00+08:00,85.22100939388163,85.97075434456094,85.22100939388163,85.4709243774414,36033,0.0,0.0
2013-09-09 00:00:00+08:00,85.47091786020351,86.4705777182176,85.47091786020351,85.72083282470703,46300,0.0,0.0
2013-09-10 00:00:00+08:00,86.22066275371407,86.22066275371407,85.47091786020351,85.72083282470703,22750,0.0,0.0
2013-09-11 00:00:00+08:00,85.47090797759921,85.47090797759921,84.47124823517115,85.22099304199219,124010,0.0,0.0
2013-09-12 00:00:00+08:00,84.97109327487604,84.97109327487604,83.47160339355469,83.47160339355469,115500,0.0,0.0
2013-09-13 00:00:00+08:00,83.97142477596508,85.47091450410731,83.97142477596508,84.97108459472656,108000,0.0,0.0
2013-09-16 00:00:00+08:00,85.72083282470703,85.97074778921055,84.97108793119648,85.72083282470703,58325,0.0,0.0
2013-09-17 00:00:00+08:00,85.72082945879768,85.72082945879768,84.97108459472656,84.97108459472656,46100,0.0,0.0
2013-09-18 00:00:00+08:00,84.97109441032187,85.4709243774414,84.72117942676209,85.4709243774414,31000,0.0,0.0
2013-09-23 00:00:00+08:00,85.4709243774414,85.4709243774414,84.72117942676209,85.4709243774414,54150,0.0,0.0
2013-09-24 00:00:00+08:00,85.97075653076172,85.97075653076172,85.22101156101671,85.97075653076172,65634,0.0,0.0
2013-09-25 00:00:00+08:00,85.97073784881323,85.97073784881323,85.22099304199219,85.22099304199219,23417,0.0,0.0
2013-09-26 00:00:00+08:00,85.22099954941694,85.22099954941694,84.97108459472656,84.97108459472656,18619,0.0,0.0
2013-09-27 00:00:00+08:00,85.22099954941694,85.72082945879768,84.97108459472656,84.97108459472656,25820,0.0,0.0
2013-09-30 00:00:00+08:00,84.97108346944714,85.22099842082785,84.7211685180664,84.7211685180664,22369,0.0,0.0
2013-10-01 00:00:00+08:00,85.47091450410731,85.47091450410731,84.47125468534583,84.97108459472656,84285,0.0,0.0
2013-10-02 00:00:00+08:00,85.47091450410731,85.47091450410731,84.47125468534583,84.97108459472656,59000,0.0,0.0
2013-10-03 00:00:00+08:00,85.22099954941694,85.47091450410731,84.7211696400362,84.97108459472656,51300,0.0,0.0
2013-10-04 00:00:00+08:00,84.97108346944714,84.97108346944714,84.7211685180664,84.7211685180664,34195,0.0,0.0
2013-10-07 00:00:00+08:00,84.7211815811867,86.47058651059173,84.7211815811867,85.97075653076172,91620,0.0,0.0
2013-10-08 00:00:00+08:00,86.47058868408203,86.47058868408203,85.72084369549172,86.47058868408203,49302,0.0,0.0
2013-10-09 00:00:00+08:00,86.22066290719168,90.46921731131417,86.22066290719168,87.4702377319336,523081,0.0,0.0
2013-10-11 00:00:00+08:00,87.47024424591956,87.9700742130391,85.4709243774414,85.4709243774414,197160,0.0,0.0
2013-10-14 00:00:00+08:00,85.97075653076172,87.22033148033674,84.9710965711017,85.97075653076172,259781,0.0,0.0
2013-10-15 00:00:00+08:00,85.9707271852355,86.97038680366848,85.9707271852355,86.22064208984375,163708,0.0,0.0
2013-10-16 00:00:00+08:00,86.97040245749733,88.4698921550404,86.72048750790682,87.97006225585938,290911,0.0,0.0
2013-10-17 00:00:00+08:00,88.46990203857422,88.71981701608432,87.72015710604393,88.46990203857422,112800,0.0,0.0
2013-10-18 00:00:00+08:00,88.96972453363054,90.71912922951653,88.96972453363054,90.21929931640625,354369,0.0,0.0
2013-10-21 00:00:00+08:00,90.96904418607167,91.46887409918196,89.46955444674082,90.21929931640625,244052,0.0,0.0
2013-10-22 00:00:00+08:00,90.21929363722212,90.21929363722212,88.46988905145881,88.96971893310547,86431,0.0,0.0
2013-10-23 00:00:00+08:00,89.96938528141504,89.96938528141504,88.4698955267248,88.71981048583984,115115,0.0,0.0
2013-10-24 00:00:00+08:00,88.46988905145881,88.96971893310547,87.72014422898881,88.96971893310547,84370,0.0,0.0
2013-10-25 00:00:00+08:00,88.96972987778007,90.46921970718086,88.96972987778007,89.71947479248047,152391,0.0,0.0
2013-10-28 00:00:00+08:00,90.71913702392578,94.71777667236329,90.2193070678711,93.7181167602539,489357,0.0,0.0
2013-10-29 00:00:00+08:00,93.46820076369238,98.96633022038017,92.46854086247642,95.21760559082031,483960,0.0,0.0
2013-10-30 00:00:00+08:00,95.96732977725196,97.96664914761138,95.4674999346621,95.71741485595703,181406,0.0,0.0
2013-10-31 00:00:00+08:00,96.71709987095424,96.71709987095424,94.46786499023438,94.46786499023438,135556,0.0,0.0
2013-11-01 00:00:00+08:00,94.96769386514113,95.4675238328524,92.96837399429604,94.21794891357422,152463,0.0,0.0
2013-11-04 00:00:00+08:00,93.71812989181232,93.96804490485715,93.21829986572266,93.21829986572266,82379,0.0,0.0
2013-11-05 00:00:00+08:00,92.96836536488635,95.21760001081101,92.96836536488635,93.96802520751953,89491,0.0,0.0
2013-11-06 00:00:00+08:00,94.71775517077732,95.71741485595703,93.96801040689255,95.71741485595703,126735,0.0,0.0
2013-11-07 00:00:00+08:00,95.71742674175061,96.21725664640728,94.46785198010896,94.96768188476562,76872,0.0,0.0
2013-11-08 00:00:00+08:00,94.96768505015272,95.21760001081101,93.46819528620294,93.96802520751953,108535,0.0,0.0
2013-11-11 00:00:00+08:00,93.96800829016644,94.46783812149711,91.96868896484375,91.96868896484375,99300,0.0,0.0
2013-11-12 00:00:00+08:00,91.96872055756691,93.7181255681728,90.46923054847615,92.21863555908203,140500,0.0,0.0
2013-11-13 00:00:00+08:00,91.96872055756691,92.71846556211229,91.96872055756691,92.21863555908203,47890,0.0,0.0
2013-11-14 00:00:00+08:00,92.2186290015859,92.2186290015859,89.46956418040041,90.7191390991211,193605,0.0,0.0
2013-11-15 00:00:00+08:00,90.46921981227854,91.71879467156415,90.46921981227854,91.46887969970703,74420,0.0,0.0
2013-11-18 00:00:00+08:00,91.7187935607074,91.7187935607074,91.21896362304688,91.21896362304688,32690,0.0,0.0
2013-11-19 00:00:00+08:00,91.21896362304688,91.7187935607074,90.46921871655607,91.21896362304688,63570,0.0,0.0
2013-11-20 00:00:00+08:00,91.46889055453666,92.21863555908203,91.46889055453666,92.21863555908203,41428,0.0,0.0
2013-11-21 00:00:00+08:00,92.2186290015859,92.2186290015859,90.46922411537696,90.7191390991211,90658,0.0,0.0
2013-11-22 00:00:00+08:00,90.71913800318596,91.21896796463602,90.2193080417359,90.46922302246094,52749,0.0,0.0
2013-11-25 00:00:00+08:00,91.21895486181909,91.21895486181909,90.46921002733838,90.96903991699219,40675,0.0,0.0
2013-11-26 00:00:00+08:00,90.96903991699219,90.96903991699219,89.46955024803077,90.96903991699219,83100,0.0,0.0
2013-11-27 00:00:00+08:00,90.96904418607167,90.96904418607167,90.21929931640625,90.21929931640625,37382,0.0,0.0
2013-11-28 00:00:00+08:00,90.2193080417359,90.71913800318596,89.96939306101088,90.46922302246094,78006,0.0,0.0
2013-11-29 00:00:00+08:00,90.46921981227854,91.71879467156415,89.96938986856429,91.46887969970703,61464,0.0,0.0
2013-12-02 00:00:00+08:00,91.46887859187714,91.96870852953766,91.21896362304688,91.21896362304688,28560,0.0,0.0
2013-12-03 00:00:00+08:00,90.71913368538634,91.46887859187714,90.46921871655607,91.21896362304688,44506,0.0,0.0
2013-12-04 00:00:00+08:00,90.71913911974107,92.96837397394953,90.71913911974107,92.46854400634766,104175,0.0,0.0
2013-12-05 00:00:00+08:00,92.46854400634766,93.71811892535234,92.46854400634766,92.46854400634766,61227,0.0,0.0
2013-12-06 00:00:00+08:00,92.46854509626115,92.96837506975446,91.96871512276785,92.71846008300781,28720,0.0,0.0
2013-12-09 00:00:00+08:00,92.71845356110603,93.46819846860824,92.71845356110603,92.96836853027344,55640,0.0,0.0
2013-12-10 00:00:00+08:00,92.96836853027344,92.96836853027344,91.96870865360383,92.96836853027344,43270,0.0,0.0
2013-12-11 00:00:00+08:00,92.71843371183975,92.9683486275051,91.96868896484375,91.96868896484375,24727,0.0,0.0
2013-12-12 00:00:00+08:00,91.96871403874577,92.96837397394953,91.71879905494484,92.46854400634766,41071,0.0,0.0
2013-12-13 00:00:00+08:00,92.96837397394953,93.21828895775047,92.46854400634766,92.46854400634766,14100,0.0,0.0
2013-12-16 00:00:00+08:00,93.21828895775047,94.21794889295423,92.46854400634766,92.46854400634766,82000,0.0,0.0
2013-12-17 00:00:00+08:00,92.46852958595359,92.9683594756074,90.71912497216528,90.96903991699219,115410,0.0,0.0
2013-12-18 00:00:00+08:00,90.96903991699219,91.46886980664598,90.21929508251148,90.96903991699219,94105,0.0,0.0
2013-12-19 00:00:00+08:00,90.71912497216528,91.46886980664598,90.71912497216528,90.96903991699219,74012,0.0,0.0
2013-12-20 00:00:00+08:00,91.46889477440882,94.96770495703649,91.46889477440882,93.21829986572266,323634,0.0,0.0
2013-12-23 00:00:00+08:00,94.96768505015272,95.46751497146931,93.46819528620294,93.96802520751953,169905,0.0,0.0
2013-12-24 00:00:00+08:00,93.96803392971859,94.7177788812855,93.71811894586295,94.21794891357422,65240,0.0,0.0
2013-12-25 00:00:00+08:00,94.46785870035185,98.21658325195312,93.46819881992485,98.21658325195312,461244,0.0,0.0
2013-12-26 00:00:00+08:00,99.46615912070261,100.46581901136294,96.71709442138672,96.71709442138672,288710,0.0,0.0
2013-12-27 00:00:00+08:00,97.46683933938196,97.96666928471213,96.71709442138672,96.71709442138672,153238,0.0,0.0
2013-12-30 00:00:00+08:00,96.96700286865234,98.4664926037346,96.46717295695827,96.96700286865234,158658,0.0,0.0
2013-12-31 00:00:00+08:00,97.46684920205554,97.96667919796353,96.71710420819358,97.21693420410156,120285,0.0,0.0
2014-01-02 00:00:00+08:00,97.96667369206746,97.96667369206746,94.96769388516744,95.96735382080078,103150,0.0,0.0
2014-01-03 00:00:00+08:00,95.96732977725196,96.46715961984182,95.4674999346621,95.71741485595703,50316,0.0,0.0
2014-01-06 00:00:00+08:00,96.46715961984182,96.46715961984182,95.21758501336718,95.71741485595703,49100,0.0,0.0
2014-01-07 00:00:00+08:00,95.46753692626953,95.96736696253272,94.96770689000634,95.46753692626953,47032,0.0,0.0
2014-01-08 00:00:00+08:00,95.71741485595703,95.71741485595703,95.21758501336718,95.71741485595703,37560,0.0,0.0
2014-01-09 00:00:00+08:00,95.71743233420632,96.71709220192649,94.96768743341619,96.2172622680664,106306,0.0,0.0
2014-01-10 00:00:00+08:00,96.21725664640728,96.21725664640728,94.96768188476562,94.96768188476562,27608,0.0,0.0
2014-01-13 00:00:00+08:00,94.71777667236329,94.71777667236329,93.46820178222656,93.7181167602539,104549,0.0,0.0
2014-01-14 00:00:00+08:00,93.21829986572266,93.46821487876748,92.46855482658816,93.21829986572266,91450,0.0,0.0
2014-01-15 00:00:00+08:00,93.46820504324776,93.96803501674107,92.46854509626115,92.71846008300781,60850,0.0,0.0
2014-01-16 00:00:00+08:00,93.71812002999441,93.96803501674107,92.71846008300781,92.71846008300781,114314,0.0,0.0
2014-01-17 00:00:00+08:00,92.71845899014859,92.71845899014859,91.96871403874577,92.46854400634766,47010,0.0,0.0
2014-01-20 00:00:00+08:00,92.9683486275051,92.9683486275051,91.7187740491784,91.96868896484375,39164,0.0,0.0
2014-01-21 00:00:00+08:00,92.21862788753614,92.21862788753614,90.46922302246094,90.46922302246094,113538,0.0,0.0
2014-01-22 00:00:00+08:00,90.71912078441652,92.46852531744933,90.4692058511261,91.71878051757812,104725,0.0,0.0
2014-01-23 00:00:00+08:00,92.46854187011719,93.96803173828125,92.21862689208984,93.7181167602539,166040,0.0,0.0
2014-01-24 00:00:00+08:00,93.46820178222656,93.96803173828125,92.71845684814453,93.7181167602539,85171,0.0,0.0
2014-01-27 00:00:00+08:00,92.96837506975446,92.96837506975446,91.96871512276785,92.71846008300781,130100,0.0,0.0
2014-02-05 00:00:00+08:00,86.47057496807912,90.71912922951653,86.47057496807912,90.21929931640625,249100,0.0,0.0
2014-02-06 00:00:00+08:00,90.2193080417359,90.46922302246094,89.71947808028584,90.46922302246094,57180,0.0,0.0
2014-02-07 00:00:00+08:00,90.96903991699219,90.96903991699219,90.46921002733838,90.96903991699219,40700,0.0,0.0
2014-02-10 00:00:00+08:00,90.96903991699219,91.71878475147288,90.96903991699219,90.96903991699219,40163,0.0,0.0
2014-02-11 00:00:00+08:00,91.96868896484375,92.46851879617442,91.46885913351308,91.96868896484375,27237,0.0,0.0
2014-02-12 00:00:00+08:00,91.9686996962998,91.9686996962998,90.46921002733838,90.96903991699219,88209,0.0,0.0
2014-02-13 00:00:00+08:00,90.21930484042142,91.46887969970703,89.96938986856429,91.46887969970703,78800,0.0,0.0
2014-02-14 00:00:00+08:00,91.71879792608608,91.71879792608608,90.46922302246094,90.46922302246094,89564,0.0,0.0
2014-02-17 00:00:00+08:00,91.71879903409763,91.71879903409763,90.46922411537696,90.7191390991211,83571,0.0,0.0
2014-02-18 00:00:00+08:00,90.71912922951653,90.96904418607167,89.9693843598511,90.21929931640625,83101,0.0,0.0
2014-02-19 00:00:00+08:00,89.96939414788868,90.96905408286523,89.71947916414454,90.7191390991211,90000,0.0,0.0
2014-02-20 00:00:00+08:00,90.71912922951653,90.96904418607167,89.9693843598511,90.21929931640625,84150,0.0,0.0
2014-02-21 00:00:00+08:00,90.96903991699219,91.21895486181909,90.21929508251148,90.96903991699219,99901,0.0,0.0
2014-02-24 00:00:00+08:00,90.71912810007731,90.71912810007731,89.9693832397461,89.9693832397461,60110,0.0,0.0
2014-02-25 00:00:00+08:00,90.969052983911,91.21896796463602,89.96939306101088,90.46922302246094,57004,0.0,0.0
2014-02-26 00:00:00+08:00,90.2193080417359,90.71913800318596,90.2193080417359,90.46922302246094,32201,0.0,0.0
2014-02-27 00:00:00+08:00,90.71913368538634,91.21896362304688,89.96938877889555,91.21896362304688,107838,0.0,0.0
2014-03-03 00:00:00+08:00,91.71879792608608,91.71879792608608,90.2193080417359,90.46922302246094,63020,0.0,0.0
2014-03-04 00:00:00+08:00,91.21895486181909,91.9686996962998,90.96903991699219,90.96903991699219,100090,0.0,0.0
2014-03-05 00:00:00+08:00,91.96871405887352,94.7177788812855,91.2189691073066,94.21794891357422,219122,0.0,0.0
2014-03-06 00:00:00+08:00,95.71743881670803,95.96735380056367,93.46820396200732,94.21794891357422,188070,0.0,0.0
2014-03-07 00:00:00+08:00,94.46787685374315,96.21728198066432,94.21796183561156,95.46753692626953,215414,0.0,0.0
2014-03-10 00:00:00+08:00,95.21760995047433,95.21760995047433,93.46820504324776,94.46786499023438,70386,0.0,0.0
2014-03-11 00:00:00+08:00,94.46786066490834,95.4675205661243,93.71811573899637,95.21760559082031,97574,0.0,0.0
2014-03-12 00:00:00+08:00,93.96803173828125,95.21760662841797,93.46820178222656,93.7181167602539,73018,0.0,0.0
2014-03-13 00:00:00+08:00,94.21794568960435,95.4675205661243,94.21794568960435,95.21760559082031,187100,0.0,0.0
2014-03-14 00:00:00+08:00,94.71777667236329,94.96769165039062,93.46820178222656,93.7181167602539,96180,0.0,0.0
2014-03-17 00:00:00+08:00,93.96802520751953,94.96768505015272,93.71811024686124,93.96802520751953,93190,0.0,0.0
2014-03-18 00:00:00+08:00,93.96803071430035,95.4675205661243,93.96803071430035,95.21760559082031,161355,0.0,0.0
2014-03-19 00:00:00+08:00,94.21794891357422,95.21760884899676,94.21794891357422,94.21794891357422,108300,0.0,0.0
2014-03-20 00:00:00+08:00,93.96803173828125,93.96803173828125,93.21828680419922,93.7181167602539,42100,0.0,0.0
2014-03-21 00:00:00+08:00,93.71811024686124,94.96768505015272,93.71811024686124,93.96802520751953,119000,0.0,0.0
2014-03-24 00:00:00+08:00,93.96802520751953,94.46785512883612,92.46853544356975,93.96802520751953,53226,0.0,0.0
2014-03-25 00:00:00+08:00,93.96803392971859,94.21794891357422,93.96803392971859,94.21794891357422,69100,0.0,0.0
2014-03-26 00:00:00+08:00,93.96803173828125,94.71777667236329,93.46820178222656,93.7181167602539,40000,0.0,0.0
2014-03-27 00:00:00+08:00,93.96804490485715,93.96804490485715,92.71846983963299,93.21829986572266,85310,0.0,0.0
2014-03-28 00:00:00+08:00,93.21827011732056,93.46818505061096,91.46886558428773,91.71878051757812,141200,0.0,0.0
2014-03-31 00:00:00+08:00,91.71879456501485,92.21862450814845,88.21998496307968,89.71947479248047,521373,0.0,0.0
2014-04-01 00:00:00+08:00,89.96939306101088,91.21896796463602,89.71947808028584,90.46922302246094,161419,0.0,0.0
2014-04-02 00:00:00+08:00,90.46922520228794,90.46922520228794,88.46990530831472,89.21965026855469,350300,0.0,0.0
2014-04-03 00:00:00+08:00,89.7194769261247,89.7194769261247,87.47024212853384,88.46990203857422,800577,0.0,0.0
2014-04-07 00:00:00+08:00,88.46990203857422,89.21964697110451,87.97007208355403,88.46990203857422,337342,0.0,0.0
2014-04-08 00:00:00+08:00,88.96973636563264,89.71948133500594,88.46990638605043,89.46956634521484,152000,0.0,0.0
2014-04-09 00:00:00+08:00,89.46954881475213,89.96937869639879,88.46988905145881,88.96971893310547,334264,0.0,0.0
2014-04-10 00:00:00+08:00,89.46955333285861,91.2189580069648,89.46955333285861,89.9693832397461,244500,0.0,0.0
2014-04-11 00:00:00+08:00,89.96937869639879,89.96937869639879,88.46988905145881,88.96971893310547,140260,0.0,0.0
2014-04-14 00:00:00+08:00,89.9693919036348,89.9693919036348,87.47024212853384,88.46990203857422,266751,0.0,0.0
2014-04-15 00:00:00+08:00,88.71982137584153,89.96939632479705,88.71982137584153,89.46956634521484,68795,0.0,0.0
2014-04-16 00:00:00+08:00,89.96937869639879,90.46920857804544,88.46988905145881,88.96971893310547,221405,0.0,0.0
2014-04-17 00:00:00+08:00,88.9697220542214,88.9697220542214,87.47023235667835,87.97006225585938,492120,0.0,0.0
2014-04-18 00:00:00+08:00,88.9697220542214,88.9697220542214,87.72014730626887,87.97006225585938,145332,0.0,0.0
2014-04-21 00:00:00+08:00,88.96972319086956,88.96972319086956,87.97006337973619,88.21997833251953,148942,0.0,0.0
2014-04-22 00:00:00+08:00,88.21997411063548,88.96971893310547,88.21997411063548,88.96971893310547,98431,0.0,0.0
2014-04-23 00:00:00+08:00,88.96971893310547,89.2196338739288,88.46988905145881,88.96971893310547,167301,0.0,0.0
2014-04-24 00:00:00+08:00,87.97007208355403,88.71981701608432,87.97007208355403,88.46990203857422,74302,0.0,0.0
2014-04-25 00:00:00+08:00,88.46989759172712,88.46989759172712,86.97040780203683,87.4702377319336,194120,0.0,0.0
2014-04-28 00:00:00+08:00,87.2203140258789,87.47022896578113,85.47090944656328,87.2203140258789,114323,0.0,0.0
2014-04-29 00:00:00+08:00,87.47022896578113,87.9700588455856,86.72048414607444,87.2203140258789,95491,0.0,0.0
2014-04-30 00:00:00+08:00,87.2203227669852,87.97006766183036,86.97040780203683,87.4702377319336,52181,0.0,0.0
2014-05-02 00:00:00+08:00,88.46989328530287,88.46989328530287,87.97006337973619,88.21997833251953,40091,0.0,0.0
2014-05-05 00:00:00+08:00,88.46989759172712,88.46989759172712,87.4702377319336,87.4702377319336,70065,0.0,0.0
2014-05-06 00:00:00+08:00,87.47024206331896,87.47024206331896,86.72049713134766,86.72049713134766,111022,0.0,0.0
2014-05-07 00:00:00+08:00,86.97041210867143,86.97041210867143,86.22066717670012,86.72049713134766,69001,0.0,0.0
2014-05-08 00:00:00+08:00,86.72049062005405,86.97040557861328,86.47057566149482,86.97040557861328,55100,0.0,0.0
2014-05-09 00:00:00+08:00,86.97040557861328,86.97040557861328,86.97040557861328,86.97040557861328,19027,0.0,0.0
2014-05-12 00:00:00+08:00,87.22031740708785,87.97006225585938,86.47057255831632,87.97006225585938,83640,0.0,0.0
2014-05-13 00:00:00+08:00,88.21998374482504,88.21998374482504,87.47023884047809,87.72015380859375,32100,0.0,0.0
2014-05-14 00:00:00+08:00,87.97006225585938,87.97006225585938,87.47023235667835,87.97006225585938,37381,0.0,0.0
2014-05-15 00:00:00+08:00,88.4698921550404,88.4698921550404,87.97006225585938,87.97006225585938,36500,0.0,0.0
2014-05-16 00:00:00+08:00,87.9700588455856,87.9700588455856,86.47056920617221,87.2203140258789,48053,0.0,0.0
2014-05-19 00:00:00+08:00,86.97040557861328,87.22032053717251,86.97040557861328,86.97040557861328,43042,0.0,0.0
2014-05-20 00:00:00+08:00,86.97041867647557,86.97041867647557,86.47058868408203,86.47058868408203,56564,0.0,0.0
2014-05-21 00:00:00+08:00,86.47058215402389,86.97041210867143,86.47058215402389,86.72049713134766,18001,0.0,0.0
2014-05-22 00:00:00+08:00,86.72049062005405,86.97040557861328,86.47057566149482,86.97040557861328,18182,0.0,0.0
2014-05-23 00:00:00+08:00,87.97005916981215,89.46954881475213,87.72014422898881,88.96971893310547,99294,0.0,0.0
2014-05-26 00:00:00+08:00,89.21964040406992,89.46955536318497,87.9700656084947,88.71981048583984,68101,0.0,0.0
2014-05-27 00:00:00+08:00,88.71981701608432,88.71981701608432,88.21998706106413,88.46990203857422,38520,0.0,0.0
2014-05-28 00:00:00+08:00,88.46988905145881,88.96971893310547,88.46988905145881,88.96971893310547,55245,0.0,0.0
2014-05-29 00:00:00+08:00,88.96971893310547,88.96971893310547,88.71980399228214,88.96971893310547,26100,0.0,0.0
2014-05-30 00:00:00+08:00,88.96972342597114,89.9693832397461,88.7198084725274,89.9693832397461,90200,0.0,0.0
2014-06-03 00:00:00+08:00,89.96938528141504,89.96938528141504,88.71981048583984,88.71981048583984,42195,0.0,0.0
2014-06-04 00:00:00+08:00,87.97005916981215,88.96971893310547,87.97005916981215,88.96971893310547,16100,0.0,0.0
2014-06-05 00:00:00+08:00,88.71982137584153,89.46956634521484,88.21999139625933,89.46956634521484,60171,0.0,0.0
2014-06-06 00:00:00+08:00,89.46955982091367,89.71947479248047,88.96972987778007,89.71947479248047,76170,0.0,0.0
2014-06-09 00:00:00+08:00,89.71948133500594,89.71948133500594,88.96973636563264,89.46956634521484,47713,0.0,0.0
2014-06-10 00:00:00+08:00,89.46956634521484,89.71948133500594,89.46956634521484,89.46956634521484,57700,0.0,0.0
2014-06-11 00:00:00+08:00,89.46955982091367,89.71947479248047,88.96972987778007,89.71947479248047,47900,0.0,0.0
2014-06-12 00:00:00+08:00,89.71947479248047,89.96938976404726,89.46955982091367,89.71947479248047,24240,0.0,0.0
2014-06-13 00:00:00+08:00,89.71947479248047,89.96938976404726,89.71947479248047,89.71947479248047,40200,0.0,0.0
2014-06-16 00:00:00+08:00,89.71946940329596,90.46921427296138,89.71946940329596,90.21929931640625,105230,0.0,0.0
2014-06-17 00:00:00+08:00,89.71947479248047,89.96938976404726,89.46955982091367,89.71947479248047,29138,0.0,0.0
2014-06-18 00:00:00+08:00,89.71946828630236,89.9693832397461,89.71946828630236,89.9693832397461,38044,0.0,0.0
2014-06-19 00:00:00+08:00,89.96938976404726,89.96938976404726,89.71947479248047,89.71947479248047,18100,0.0,0.0
2014-06-20 00:00:00+08:00,89.71946828630236,90.21929819318983,89.71946828630236,89.9693832397461,69563,0.0,0.0
2014-06-23 00:00:00+08:00,89.71947479248047,89.96938976404726,89.46955982091367,89.71947479248047,125071,0.0,0.0
2014-06-24 00:00:00+08:00,89.71947479248047,89.96938976404726,88.96972987778007,89.71947479248047,61238,0.0,0.0
2014-06-25 00:00:00+08:00,89.96938976404726,89.96938976404726,89.46955982091367,89.71947479248047,16200,0.0,0.0
2014-06-26 00:00:00+08:00,89.71946828630236,89.9693832397461,89.21963837941487,89.9693832397461,67100,0.0,0.0
2014-06-27 00:00:00+08:00,89.719480242048,89.719480242048,89.21965026855469,89.21965026855469,51162,0.0,0.0
2014-06-30 00:00:00+08:00,89.21964484934686,89.71947479248047,88.96972987778007,89.71947479248047,68000,0.0,0.0
2014-07-01 00:00:00+08:00,88.96971893310547,89.2196338739288,88.71980399228214,88.96971893310547,66497,0.0,0.0
2014-07-02 00:00:00+08:00,88.96972544495488,89.46955536318497,88.4698955267248,88.71981048583984,53198,0.0,0.0
2014-07-03 00:00:00+08:00,88.46990530831472,89.21965026855469,87.72016034807477,89.21965026855469,65130,0.0,0.0
2014-07-04 00:00:00+08:00,88.96973199359441,88.96973199359441,88.21998706106413,88.46990203857422,33765,0.0,0.0
2014-07-07 00:00:00+08:00,88.46990203857422,88.46990203857422,87.97007208355403,88.46990203857422,18072,0.0,0.0
2014-07-08 00:00:00+08:00,88.46990530831472,89.21965026855469,88.46990530831472,89.21965026855469,9100,0.0,0.0
2014-07-09 00:00:00+08:00,89.2196338739288,89.46954881475213,88.96971893310547,88.96971893310547,21150,0.0,0.0
2014-07-10 00:00:00+08:00,88.96972544495488,89.21964040406992,88.4698955267248,88.71981048583984,32077,0.0,0.0
2014-07-11 00:00:00+08:00,88.4698955267248,89.21964040406992,88.4698955267248,88.71981048583984,31600,0.0,0.0
2014-07-14 00:00:00+08:00,88.96972342597114,90.21929819318983,88.96972342597114,89.9693832397461,67201,0.0,0.0
2014-07-15 00:00:00+08:00,89.96939632479705,89.96939632479705,89.46956634521484,89.46956634521484,90102,0.0,0.0
2014-07-16 00:00:00+08:00,89.46955982091367,89.96938976404726,89.46955982091367,89.71947479248047,63194,0.0,0.0
2014-07-17 00:00:00+08:00,89.71948133500594,89.96939632479705,88.96973636563264,89.46956634521484,56050,0.0,0.0
2014-07-18 00:00:00+08:00,89.46955982091367,89.71947479248047,89.21964484934686,89.71947479248047,31350,0.0,0.0
2014-07-21 00:00:00+08:00,89.71947916414454,90.7191390991211,89.71947916414454,90.7191390991211,203666,0.0,0.0
2014-07-22 00:00:00+08:00,90.71913800318596,91.21896796463602,89.96939306101088,90.46922302246094,326131,0.0,0.0
2014-07-23 00:00:00+08:00,90.46922302246094,90.46922302246094,90.46922302246094,90.46922302246094,0,0.0,0.0
2014-07-24 00:00:00+08:00,91.52877247982518,92.05479990787015,90.73973133775772,91.79178619384766,167310,9.014251,0.0
2014-07-25 00:00:00+08:00,92.05479431152344,92.05479431152344,91.00273951939175,92.05479431152344,53470,0.0,0.0
2014-07-28 00:00:00+08:00,91.79178977768429,91.79178977768429,91.00274860481021,91.26576232910156,28120,0.0,0.0
2014-07-29 00:00:00+08:00,92.05479018989651,92.05479018989651,91.52876281738281,91.52876281738281,47241,0.0,0.0
2014-07-30 00:00:00+08:00,91.52877247982518,91.79178619384766,91.0027450517802,91.79178619384766,23462,0.0,0.0
2014-07-31 00:00:00+08:00,91.00273544486912,91.52876281738281,91.00273544486912,91.52876281738281,17397,0.0,0.0
2014-08-01 00:00:00+08:00,91.52874888544497,91.52874888544497,90.73970794677734,90.73970794677734,23300,0.0,0.0
2014-08-04 00:00:00+08:00,91.00272159299989,91.00272159299989,90.73970794677734,90.73970794677734,20121,0.0,0.0
2014-08-05 00:00:00+08:00,91.00274044292662,91.00274044292662,89.95068564011822,90.21369934082031,38750,0.0,0.0
2014-08-06 00:00:00+08:00,89.95068507911886,89.95068507911886,88.37260288474835,89.1616439819336,98500,0.0,0.0
2014-08-07 00:00:00+08:00,89.16163427589913,89.16163427589913,87.84656592374724,88.89862060546875,65185,0.0,0.0
2014-08-08 00:00:00+08:00,88.1095906666347,88.89863177708217,88.1095906666347,88.37260437011719,41013,0.0,0.0
2014-08-11 00:00:00+08:00,88.89862678057986,89.68766784667967,88.89862678057986,89.68766784667969,13520,0.0,0.0
2014-08-12 00:00:00+08:00,89.68767288752966,89.68767288752966,88.37260437011719,88.37260437011719,87200,0.0,0.0
2014-08-13 00:00:00+08:00,88.3725911941302,89.16163218693492,88.3725911941302,88.63560485839844,41458,0.0,0.0
2014-08-14 00:00:00+08:00,89.16163218693492,89.68765951547142,88.63560485839844,88.63560485839844,43500,0.0,0.0
2014-08-15 00:00:00+08:00,88.89862060546875,88.89862060546875,88.63560693503837,88.89862060546875,16600,0.0,0.0
2014-08-18 00:00:00+08:00,89.16164398193361,89.16164398193361,88.89863028287185,89.1616439819336,38703,0.0,0.0
2014-08-19 00:00:00+08:00,89.16163427589913,89.42464794632951,88.89862060546875,88.89862060546875,50435,0.0,0.0
2014-08-20 00:00:00+08:00,89.16163427589913,89.16163427589913,88.89862060546875,88.89862060546875,27254,0.0,0.0
2014-08-21 00:00:00+08:00,89.16163427589913,89.16163427589913,88.63560693503837,88.89862060546875,52500,0.0,0.0
2014-08-22 00:00:00+08:00,89.16164548056467,89.16164548056467,88.37260437011719,88.37260437011719,76800,0.0,0.0
2014-08-25 00:00:00+08:00,89.16163218693492,89.42464585120318,88.63560485839844,88.63560485839844,50500,0.0,0.0
2014-08-26 00:00:00+08:00,89.16164548056467,89.16164548056467,88.37260437011719,88.37260437011719,75015,0.0,0.0
2014-08-27 00:00:00+08:00,88.37260288474835,89.16164398193361,88.37260288474835,89.1616439819336,21441,0.0,0.0
2014-08-28 00:00:00+08:00,89.16163841696346,89.42465209960938,89.16163841696346,89.42465209960938,37350,0.0,0.0
2014-08-29 00:00:00+08:00,89.42465768099535,89.42465768099535,89.16164398193361,89.1616439819336,47350,0.0,0.0
2014-09-01 00:00:00+08:00,89.42465415797975,89.95068153537962,89.42465415797975,89.68766784667969,86101,0.0,0.0
2014-09-02 00:00:00+08:00,89.95068008955135,91.26574851191322,89.95068008955135,90.4767074584961,174154,0.0,0.0
2014-09-03 00:00:00+08:00,90.73973488051885,91.26576232910158,90.73973488051885,91.26576232910156,100740,0.0,0.0
2014-09-04 00:00:00+08:00,91.26575321742467,93.89589019775391,91.26575321742467,92.05479431152344,174661,0.0,0.0
2014-09-05 00:00:00+08:00,92.84382421320134,92.84382421320134,92.0547832142223,92.580810546875,60578,0.0,0.0
2014-09-09 00:00:00+08:00,92.84382421320134,92.84382421320134,92.580810546875,92.580810546875,55110,0.0,0.0
2014-09-10 00:00:00+08:00,92.58081611133368,92.58081611133368,92.3178024291992,92.31780242919922,56120,0.0,0.0
2014-09-11 00:00:00+08:00,92.84383540562222,93.10684910365514,92.05479431152344,92.05479431152344,69525,0.0,0.0
2014-09-12 00:00:00+08:00,92.05477617789006,92.05477617789006,90.4766943005548,90.73970794677734,77290,0.0,0.0
2014-09-15 00:00:00+08:00,90.73972114296848,91.00273482744085,90.47670745849611,90.4767074584961,26000,0.0,0.0
2014-09-16 00:00:00+08:00,90.4767089127795,90.4767089127795,89.68766784667967,89.68766784667969,18209,0.0,0.0
2014-09-17 00:00:00+08:00,90.47670745849611,90.47670745849611,90.21369377402372,90.4767074584961,37100,0.0,0.0
2014-09-18 00:00:00+08:00,90.476718657198,90.476718657198,89.68767750611778,89.95069122314453,77171,0.0,0.0
2014-09-19 00:00:00+08:00,90.73973237422474,90.73973237422474,89.68767750611778,89.95069122314453,86320,0.0,0.0
2014-09-22 00:00:00+08:00,90.73972260147944,90.73972260147944,89.68766784667967,89.68766784667969,38744,0.0,0.0
2014-09-23 00:00:00+08:00,89.68766578225528,89.95067946490119,89.16163841696346,89.42465209960938,74300,0.0,0.0
2014-09-24 00:00:00+08:00,89.42465209960938,89.42465209960938,89.16163841696346,89.42465209960938,77600,0.0,0.0
2014-09-25 00:00:00+08:00,89.42464794632951,89.6876616167599,88.63560693503837,88.89862060546875,71220,0.0,0.0
2014-09-26 00:00:00+08:00,88.37261762476679,88.63563136769764,88.10960388183594,88.10960388183594,96400,0.0,0.0
2014-09-29 00:00:00+08:00,88.37261762476679,88.37261762476679,87.58357639597423,88.10960388183594,69275,0.0,0.0
2014-09-30 00:00:00+08:00,88.10958804680862,88.10958804680862,87.05753326416017,87.05753326416016,122960,0.0,0.0
2014-10-01 00:00:00+08:00,87.32054863309722,90.21369934082033,87.32054863309722,90.21369934082031,61600,0.0,0.0
2014-10-02 00:00:00+08:00,88.89862678057986,89.68766784667967,88.63561309187992,89.68766784667969,26060,0.0,0.0
2014-10-03 00:00:00+08:00,89.68767138005711,89.95068507911886,89.16164398193361,89.1616439819336,46530,0.0,0.0
2014-10-06 00:00:00+08:00,89.42465272060662,90.47670745849611,89.42465272060662,90.4767074584961,30500,0.0,0.0
2014-10-07 00:00:00+08:00,90.73972260147944,90.73972260147944,89.68766784667967,89.68766784667969,15350,0.0,0.0
2014-10-08 00:00:00+08:00,89.42466378909104,89.95069122314452,89.42466378909104,89.95069122314453,27670,0.0,0.0
2014-10-09 00:00:00+08:00,89.95067528719028,89.95067528719028,88.89862060546875,88.89862060546875,22100,0.0,0.0
2014-10-13 00:00:00+08:00,87.5835550606969,88.1095824184188,87.32054138183594,87.32054138183594,48620,0.0,0.0
2014-10-14 00:00:00+08:00,87.32054138183594,88.1095824184188,87.32054138183594,87.32054138183594,100100,0.0,0.0
2014-10-15 00:00:00+08:00,87.32055307719521,87.8465805053711,87.05753936310728,87.8465805053711,43210,0.0,0.0
2014-10-16 00:00:00+08:00,87.32055105031789,87.84657846628366,86.79452363435212,87.58356475830078,107300,0.0,0.0
2014-10-17 00:00:00+08:00,87.58356065548439,87.58356065548439,86.79451956849805,87.05753326416016,58300,0.0,0.0
2014-10-20 00:00:00+08:00,87.84657846628366,87.84657846628366,87.32055105031789,87.58356475830078,24152,0.0,0.0
2014-10-21 00:00:00+08:00,87.84657846628366,87.84657846628366,87.32055105031789,87.58356475830078,21350,0.0,0.0
2014-10-22 00:00:00+08:00,87.84657846628366,87.84657846628366,87.057537342335,87.58356475830078,26390,0.0,0.0
2014-10-23 00:00:00+08:00,87.58356065548439,87.58356065548439,86.79451956849805,87.05753326416016,61350,0.0,0.0
2014-10-24 00:00:00+08:00,87.05753326416017,87.32054695982228,86.79451956849805,87.05753326416016,26140,0.0,0.0
2014-10-27 00:00:00+08:00,87.05754403921274,87.05754403921274,85.47946166992188,85.47946166992188,47166,0.0,0.0
2014-10-28 00:00:00+08:00,85.47944703725334,86.53150177001953,85.47944703725334,86.53150177001953,46110,0.0,0.0
2014-10-29 00:00:00+08:00,87.32054695982228,87.32054695982228,86.79451956849805,87.05753326416016,34313,0.0,0.0
2014-10-30 00:00:00+08:00,87.05753059621237,87.05753059621237,85.47944847060127,85.74246215820312,79382,0.0,0.0
2014-10-31 00:00:00+08:00,86.26849365234375,86.26849365234375,86.00547995218416,86.26849365234375,35580,0.0,0.0
2014-11-03 00:00:00+08:00,86.79451690861052,86.79451690861052,85.74246215820312,85.74246215820312,54200,0.0,0.0
2014-11-04 00:00:00+08:00,86.26850285456732,86.26850285456732,85.47946166992188,85.47946166992188,53290,0.0,0.0
2014-11-05 00:00:00+08:00,85.74246072044488,86.79451545321108,85.47944703725334,86.53150177001953,101100,0.0,0.0
2014-11-06 00:00:00+08:00,86.53150177001953,86.53150177001953,86.00547440363643,86.53150177001953,18230,0.0,0.0
2014-11-07 00:00:00+08:00,86.26848808682799,86.53150177001953,86.00547440363643,86.53150177001953,7195,0.0,0.0
2014-11-10 00:00:00+08:00,86.53151143391926,86.79452514648436,86.53151143391926,86.79452514648438,40020,0.0,0.0
2014-11-11 00:00:00+08:00,86.79452514648436,86.79452514648436,86.26849772135415,86.79452514648438,30300,0.0,0.0
2014-11-12 00:00:00+08:00,86.79451956849805,87.58356065548439,86.79451956849805,87.05753326416016,33200,0.0,0.0
2014-11-13 00:00:00+08:00,87.32054695982228,87.58356065548439,87.05753326416017,87.05753326416016,10046,0.0,0.0
2014-11-14 00:00:00+08:00,87.05753326416017,87.05753326416017,86.79451956849805,87.05753326416016,15850,0.0,0.0
2014-11-17 00:00:00+08:00,87.05753885904947,87.32055257161457,86.79452514648436,86.79452514648438,16230,0.0,0.0
2014-11-18 00:00:00+08:00,87.32054845298208,87.32054845298208,86.26849365234375,86.26849365234375,21100,0.0,0.0
2014-11-19 00:00:00+08:00,86.53150735250333,87.05753475282249,86.26849365234375,86.26849365234375,19628,0.0,0.0
2014-11-20 00:00:00+08:00,87.05753326416017,87.05753326416017,87.05753326416017,87.05753326416016,4093,0.0,0.0
2014-11-21 00:00:00+08:00,87.05752913640262,87.05752913640262,86.26848808682799,86.53150177001953,14362,0.0,0.0
2014-11-24 00:00:00+08:00,86.79451956849805,87.05753326416017,86.53150587283594,87.05753326416016,25768,0.0,0.0
2014-11-25 00:00:00+08:00,87.05753475282249,87.32054845298208,86.26849365234375,86.26849365234375,58210,0.0,0.0
2014-11-26 00:00:00+08:00,86.26849217717381,87.05753326416017,86.26849217717381,87.05753326416016,26276,0.0,0.0
2014-11-27 00:00:00+08:00,86.79452105266292,86.79452105266292,86.00547995218416,86.26849365234375,71716,0.0,0.0
2014-11-28 00:00:00+08:00,86.53150735250333,86.53150735250333,86.26849365234375,86.26849365234375,27060,0.0,0.0
2014-12-01 00:00:00+08:00,84.69041694851096,86.00548553466795,84.69041694851096,86.00548553466797,26230,0.0,0.0
2014-12-02 00:00:00+08:00,86.00548553466795,86.00548553466795,86.00548553466795,86.00548553466797,116550,0.0,0.0
2014-12-03 00:00:00+08:00,86.79452514648436,86.79452514648436,86.79452514648436,86.79452514648438,162862,0.0,0.0
2014-12-04 00:00:00+08:00,86.53150177001953,86.53150177001953,86.53150177001953,86.53150177001953,116518,0.0,0.0
2014-12-05 00:00:00+08:00,86.26849365234375,86.26849365234375,86.00547995218416,86.26849365234375,28240,0.0,0.0
2014-12-08 00:00:00+08:00,86.26849365234375,86.79452105266292,86.26849365234375,86.26849365234375,25499,0.0,0.0
2014-12-09 00:00:00+08:00,86.26849365234375,86.26849365234375,85.74246625202457,86.26849365234375,35556,0.0,0.0
2014-12-10 00:00:00+08:00,86.00548912635216,86.00548912635216,85.47946166992188,85.47946166992188,40228,0.0,0.0
2014-12-11 00:00:00+08:00,85.74246215820312,85.74246215820312,85.47944847060127,85.74246215820312,43188,0.0,0.0
2014-12-12 00:00:00+08:00,86.00548553466795,86.79452668636216,86.00548553466795,86.00548553466797,40307,0.0,0.0
2014-12-15 00:00:00+08:00,85.74247539813702,85.74247539813702,85.47946166992188,85.47946166992188,79135,0.0,0.0
2014-12-16 00:00:00+08:00,85.47946166992188,85.47946166992188,85.21644794170673,85.47946166992188,30465,0.0,0.0
2014-12-17 00:00:00+08:00,85.47944225393951,85.47944225393951,84.95341491699219,84.95341491699219,47050,0.0,0.0
2014-12-18 00:00:00+08:00,85.21643829345703,85.74246569033022,84.69041089658384,85.21643829345703,84484,0.0,0.0
2014-12-19 00:00:00+08:00,85.47945555692874,85.47945555692874,84.69041442871094,84.69041442871094,37150,0.0,0.0
2014-12-22 00:00:00+08:00,85.47944225393951,85.47944225393951,84.69040124851853,84.95341491699219,64125,0.0,0.0
2014-12-23 00:00:00+08:00,84.69041442871094,84.95342813811688,84.42740071930501,84.69041442871094,139412,0.0,0.0
2014-12-24 00:00:00+08:00,84.69040124851853,84.95341491699219,84.42738758004486,84.95341491699219,74500,0.0,0.0
2014-12-25 00:00:00+08:00,84.69041442871094,84.95342813811688,84.69041442871094,84.69041442871094,63375,0.0,0.0
2014-12-26 00:00:00+08:00,84.95341491699219,84.95341491699219,84.42738758004486,84.95341491699219,51590,0.0,0.0
2014-12-29 00:00:00+08:00,85.21643478299941,86.00547584580497,85.21643478299941,85.74246215820312,72448,0.0,0.0
2014-12-30 00:00:00+08:00,86.00547938876682,86.00547938876682,84.95342459502044,85.21643829345703,66300,0.0,0.0
2014-12-31 00:00:00+08:00,85.74246215820312,85.74246215820312,85.21643478299941,85.74246215820312,27772,0.0,0.0
2015-01-05 00:00:00+08:00,85.74246569033022,85.74246569033022,85.21643829345703,85.21643829345703,40595,0.0,0.0
2015-01-06 00:00:00+08:00,85.21643829345703,85.47945199189363,84.95342459502044,85.21643829345703,81313,0.0,0.0
2015-01-07 00:00:00+08:00,85.21643478299941,85.74246215820312,85.21643478299941,85.74246215820312,14410,0.0,0.0
2015-01-08 00:00:00+08:00,85.74246625202457,86.53150735250333,85.479452551865,86.26849365234375,74606,0.0,0.0
2015-01-09 00:00:00+08:00,86.26849365234375,86.53150735250333,86.00547995218416,86.26849365234375,48445,0.0,0.0
2015-01-12 00:00:00+08:00,86.26848808682799,86.79451545321108,86.26848808682799,86.53150177001953,39339,0.0,0.0
2015-01-13 00:00:00+08:00,86.53150587283594,87.32054695982228,86.53150587283594,87.05753326416016,81688,0.0,0.0
2015-01-14 00:00:00+08:00,87.32054695982228,87.32054695982228,86.79451956849805,87.05753326416016,24200,0.0,0.0
2015-01-15 00:00:00+08:00,87.05752913640262,87.05752913640262,86.53150177001953,86.53150177001953,21162,0.0,0.0
2015-01-16 00:00:00+08:00,86.53150322100868,86.53150322100868,85.74246215820312,85.74246215820312,42205,0.0,0.0
2015-01-19 00:00:00+08:00,86.00547584580497,86.26848953340682,85.74246215820312,85.74246215820312,42140,0.0,0.0
2015-01-20 00:00:00+08:00,85.74247181743657,86.00548553466795,85.74247181743657,86.00548553466797,17432,0.0,0.0
2015-01-21 00:00:00+08:00,86.00548553466795,86.00548553466795,85.74247181743657,86.00548553466797,24333,0.0,0.0
2015-01-22 00:00:00+08:00,86.00547584580497,86.26848953340682,85.74246215820312,85.74246215820312,26269,0.0,0.0
2015-01-23 00:00:00+08:00,86.00547584580497,86.26848953340682,85.74246215820312,85.74246215820312,24070,0.0,0.0
2015-01-26 00:00:00+08:00,85.74246215820312,86.00547584580497,85.74246215820312,85.74246215820312,24120,0.0,0.0
2015-01-27 00:00:00+08:00,85.47945810020516,86.00548553466795,85.21644438297376,86.00548553466797,40321,0.0,0.0
2015-01-28 00:00:00+08:00,86.00547584580497,86.00547584580497,85.47944847060127,85.74246215820312,19140,0.0,0.0
2015-01-29 00:00:00+08:00,85.74246215820312,86.53150322100868,85.74246215820312,85.74246215820312,54750,0.0,0.0
2015-01-30 00:00:00+08:00,86.00547995218416,86.53150735250333,86.00547995218416,86.26849365234375,24308,0.0,0.0
2015-02-02 00:00:00+08:00,86.26849925189936,86.26849925189936,85.74247181743657,86.00548553466797,11061,0.0,0.0
2015-02-03 00:00:00+08:00,86.00548553466795,86.26849925189936,86.00548553466795,86.00548553466797,21000,0.0,0.0
2015-02-04 00:00:00+08:00,86.26849772135415,86.79452514648436,86.00548400878905,86.79452514648438,35251,0.0,0.0
2015-02-05 00:00:00+08:00,86.79451545321108,86.79451545321108,86.26848808682799,86.53150177001953,17225,0.0,0.0
2015-02-06 00:00:00+08:00,86.26849365234375,86.53150735250333,86.00547995218416,86.26849365234375,34425,0.0,0.0
2015-02-09 00:00:00+08:00,86.5315119349314,88.6356216476349,86.5315119349314,87.8465805053711,170645,0.0,0.0
2015-02-10 00:00:00+08:00,87.84656873955784,88.1095824184188,86.79451402411404,87.32054138183594,25304,0.0,0.0
2015-02-11 00:00:00+08:00,87.32054138183594,87.5835550606969,86.79451402411404,87.32054138183594,52371,0.0,0.0
2015-02-12 00:00:00+08:00,87.05753885904947,87.05753885904947,86.26849772135415,86.79452514648438,23502,0.0,0.0
2015-02-13 00:00:00+08:00,86.79451545321108,86.79451545321108,86.53150177001953,86.53150177001953,27250,0.0,0.0
2015-02-24 00:00:00+08:00,86.53150177001953,86.79451545321108,86.26848808682799,86.53150177001953,29450,0.0,0.0
2015-02-25 00:00:00+08:00,86.53151296913076,86.53151296913076,86.00548553466795,86.00548553466797,39506,0.0,0.0
2015-02-26 00:00:00+08:00,86.26849925189936,86.53151296913076,86.00548553466795,86.00548553466797,39747,0.0,0.0
2015-03-02 00:00:00+08:00,86.00547995218416,86.79452105266292,86.00547995218416,86.26849365234375,28437,0.0,0.0
2015-03-03 00:00:00+08:00,87.05753326416017,87.05753326416017,86.53150587283594,87.05753326416016,19304,0.0,0.0
2015-03-04 00:00:00+08:00,87.05753885904947,87.05753885904947,86.79452514648436,86.79452514648438,38600,0.0,0.0
2015-03-05 00:00:00+08:00,87.05754891011253,88.10960388183594,87.05754891011253,88.10960388183594,99402,0.0,0.0
2015-03-06 00:00:00+08:00,88.10959520395735,89.95069122314452,88.10959520395735,89.95069122314453,147820,0.0,0.0
2015-03-09 00:00:00+08:00,89.95068564011822,90.47671304152242,89.42465823871402,90.21369934082031,113079,0.0,0.0
2015-03-10 00:00:00+08:00,90.21369934082033,90.47671304152242,88.89863083730982,90.21369934082031,105450,0.0,0.0
2015-03-11 00:00:00+08:00,89.42465209960938,90.47670683019301,89.42465209960938,89.42465209960938,89210,0.0,0.0
2015-03-12 00:00:00+08:00,89.68767138005711,89.68767138005711,88.89863028287185,89.1616439819336,27177,0.0,0.0
2015-03-13 00:00:00+08:00,88.89863635503757,89.95069122314452,88.89863635503757,89.95069122314453,57105,0.0,0.0
2015-03-16 00:00:00+08:00,89.95069122314452,89.95069122314452,89.95069122314452,89.95069122314453,0,0.0,0.0
2015-03-17 00:00:00+08:00,90.47671304152242,90.47671304152242,89.42465823871402,90.21369934082031,92320,0.0,0.0
2015-03-18 00:00:00+08:00,90.73972114296848,91.00273482744085,90.21369377402372,90.4767074584961,66420,0.0,0.0
2015-03-19 00:00:00+08:00,90.73973133775772,92.05479990787015,90.73973133775772,91.79178619384766,130345,0.0,0.0
2015-03-20 00:00:00+08:00,91.79178061349052,92.05479431152344,91.26575321742467,92.05479431152344,104273,0.0,0.0
2015-03-23 00:00:00+08:00,92.05479018989651,92.05479018989651,91.26574913112597,91.52876281738281,68055,0.0,0.0
2015-03-24 00:00:00+08:00,91.52877247982518,91.79178619384766,91.26575876580269,91.79178619384766,50175,0.0,0.0
2015-03-25 00:00:00+08:00,91.52876219638559,91.79177588085797,89.95068008955135,90.4767074584961,46530,0.0,0.0
2015-03-26 00:00:00+08:00,89.95068008955135,90.73972114296848,89.68766640507899,90.4767074584961,39413,0.0,0.0
2015-03-27 00:00:00+08:00,90.47671304152242,90.47671304152242,89.68767193941612,90.21369934082031,29200,0.0,0.0
2015-03-30 00:00:00+08:00,90.21371298993942,91.00275421142578,90.21371298993942,91.00275421142578,36603,0.0,0.0
2015-03-31 00:00:00+08:00,91.0027450517802,92.05479990787015,91.0027450517802,91.79178619384766,80343,0.0,0.0
2015-04-01 00:00:00+08:00,91.79177588085797,91.79177588085797,89.95068008955135,90.4767074584961,48548,0.0,0.0
2015-04-02 00:00:00+08:00,90.47670807235544,91.52876281738281,90.47670807235544,91.52876281738281,54663,0.0,0.0
2015-04-07 00:00:00+08:00,91.26575776432338,93.89589487568716,91.26575776432338,93.63288116455078,136919,0.0,0.0
2015-04-08 00:00:00+08:00,93.63287083987156,93.63287083987156,92.05478874706473,92.31780242919922,59150,0.0,0.0
2015-04-09 00:00:00+08:00,92.31780800955637,92.84383540562222,92.05479431152344,92.05479431152344,47350,0.0,0.0
2015-04-10 00:00:00+08:00,92.3178024291992,92.84382979346815,92.05478874706473,92.31780242919922,34263,0.0,0.0
2015-04-13 00:00:00+08:00,92.31780857150838,93.36986337004409,92.05479487187445,93.10684967041016,68464,0.0,0.0
2015-04-14 00:00:00+08:00,93.10684967041016,93.10684967041016,92.05479487187445,93.10684967041016,17244,0.0,0.0
2015-04-15 00:00:00+08:00,92.58081611133368,92.58081611133368,91.52876138279579,92.31780242919922,32750,0.0,0.0
2015-04-16 00:00:00+08:00,92.3178024291992,92.58081611133368,91.79177506493026,92.31780242919922,36242,0.0,0.0
2015-04-17 00:00:00+08:00,92.05480350197566,92.05480350197566,91.26576232910158,91.26576232910156,30437,0.0,0.0
2015-04-20 00:00:00+08:00,91.26575321742467,92.05479431152344,90.73972582135882,92.05479431152344,23663,0.0,0.0
2015-04-21 00:00:00+08:00,92.05480917340758,92.31782291390303,90.73974047093033,91.00275421142578,62390,0.0,0.0
2015-04-22 00:00:00+08:00,90.73974047093033,91.79179543291212,90.73974047093033,91.00275421142578,38095,0.0,0.0
2015-04-23 00:00:00+08:00,91.0027450517802,91.79178619384766,91.0027450517802,91.79178619384766,41185,0.0,0.0
2015-04-24 00:00:00+08:00,91.52877247982518,91.79178619384766,91.26575876580269,91.79178619384766,30056,0.0,0.0
2015-04-27 00:00:00+08:00,91.79177506493026,92.84382979346815,91.79177506493026,92.31780242919922,110303,0.0,0.0
2015-04-28 00:00:00+08:00,92.0547832142223,92.580810546875,92.0547832142223,92.580810546875,32814,0.0,0.0
2015-04-29 00:00:00+08:00,92.5808217075893,92.5808217075893,91.5287669154576,92.05479431152344,38050,0.0,0.0
2015-04-30 00:00:00+08:00,92.0547832142223,93.1068378795277,91.79176954789595,92.580810546875,70410,0.0,0.0
2015-05-04 00:00:00+08:00,92.58081611133368,92.84382979346815,92.3178024291992,92.31780242919922,29013,0.0,0.0
2015-05-05 00:00:00+08:00,92.580810546875,92.580810546875,92.31779688054866,92.580810546875,40306,0.0,0.0
2015-05-06 00:00:00+08:00,92.58082733591512,92.58082733591512,91.52877247982518,91.79178619384766,47125,0.0,0.0
2015-05-07 00:00:00+08:00,91.79179543291212,91.79179543291212,91.00275421142578,91.00275421142578,40199,0.0,0.0
2015-05-08 00:00:00+08:00,91.26575876580269,91.79178619384766,91.26575876580269,91.79178619384766,17500,0.0,0.0
2015-05-11 00:00:00+08:00,91.26576232910158,91.52877605339293,91.00274860481021,91.26576232910156,31135,0.0,0.0
2015-05-12 00:00:00+08:00,91.52877605339293,91.79178977768429,91.26576232910158,91.26576232910156,23156,0.0,0.0
2015-05-13 00:00:00+08:00,91.52878169241669,91.52878169241669,91.00275421142578,91.00275421142578,31100,0.0,0.0
2015-05-14 00:00:00+08:00,91.00274044292662,91.00274044292662,89.42465823871402,90.21369934082031,74270,0.0,0.0
2015-05-15 00:00:00+08:00,90.21368065433226,90.73970794677734,89.95066700810972,90.73970794677734,33050,0.0,0.0
2015-05-18 00:00:00+08:00,90.47670745849611,90.73972114296848,90.21369377402372,90.4767074584961,31304,0.0,0.0
2015-05-19 00:00:00+08:00,90.47671304152242,90.47671304152242,90.21369934082033,90.21369934082031,43250,0.0,0.0
2015-05-20 00:00:00+08:00,90.4766943005548,91.52874888544497,90.4766943005548,90.73970794677734,60067,0.0,0.0
2015-05-21 00:00:00+08:00,90.73970794677734,91.00272159299989,89.95066700810972,90.73970794677734,105200,0.0,0.0
2015-05-22 00:00:00+08:00,90.73972114296848,91.00273482744085,90.47670745849611,90.4767074584961,22057,0.0,0.0
2015-05-25 00:00:00+08:00,90.47672673043488,91.00275421142578,89.68768550894853,91.00275421142578,22566,0.0,0.0
2015-05-26 00:00:00+08:00,91.00274860481021,91.52877605339293,91.00274860481021,91.26576232910156,35500,0.0,0.0
2015-05-27 00:00:00+08:00,91.26575414362873,91.26575414362873,90.21369934082033,90.21369934082031,41622,0.0,0.0
2015-05-28 00:00:00+08:00,90.47670745849611,91.00273482744085,90.47670745849611,90.4767074584961,18051,0.0,0.0
2015-05-29 00:00:00+08:00,90.73973488051885,91.26576232910158,90.21370743193613,91.26576232910156,38533,0.0,0.0
2015-06-01 00:00:00+08:00,91.26574913112597,91.52876281738281,90.21369438609858,91.52876281738281,41388,0.0,0.0
2015-06-02 00:00:00+08:00,90.47670807235544,91.52876281738281,90.47670807235544,91.52876281738281,25150,0.0,0.0
2015-06-03 00:00:00+08:00,91.26574851191322,91.26574851191322,90.47670745849611,90.4767074584961,31250,0.0,0.0
2015-06-04 00:00:00+08:00,91.52876366757926,91.52876366757926,89.68766784667967,89.68766784667969,61489,0.0,0.0
2015-06-05 00:00:00+08:00,89.68767750611778,90.21370494017125,89.1616500720643,89.95069122314453,40142,0.0,0.0
2015-06-08 00:00:00+08:00,89.42465415797975,90.4767089127795,89.42465415797975,89.68766784667969,8012,0.0,0.0
2015-06-09 00:00:00+08:00,89.68767138005711,89.68767138005711,89.16164398193361,89.1616439819336,45010,0.0,0.0
2015-06-10 00:00:00+08:00,89.16163841696346,89.68766578225528,89.16163841696346,89.42465209960938,50450,0.0,0.0
2015-06-11 00:00:00+08:00,89.42465415797975,90.21369522407956,89.42465415797975,89.68766784667969,25853,0.0,0.0
2015-06-12 00:00:00+08:00,90.21370494017125,90.476718657198,89.68767750611778,89.95069122314453,10199,0.0,0.0
2015-06-15 00:00:00+08:00,89.95068153537962,89.95068153537962,89.42465415797975,89.68766784667969,19204,0.0,0.0
2015-06-16 00:00:00+08:00,89.68766578225528,89.95067946490119,89.16163841696346,89.42465209960938,27071,0.0,0.0
2015-06-17 00:00:00+08:00,89.42465209960938,89.68766578225528,89.16163841696346,89.42465209960938,29000,0.0,0.0
2015-06-18 00:00:00+08:00,90.73972051283891,90.73972051283891,89.42465209960938,89.42465209960938,24320,0.0,0.0
2015-06-22 00:00:00+08:00,90.21369934082033,90.21369934082033,89.68767193941612,90.21369934082031,26155,0.0,0.0
2015-06-23 00:00:00+08:00,90.47670745849611,90.47670745849611,89.42465272060662,90.4767074584961,23118,0.0,0.0
2015-06-24 00:00:00+08:00,90.47670745849611,90.47670745849611,89.42465272060662,90.4767074584961,19071,0.0,0.0
2015-06-25 00:00:00+08:00,90.47671304152242,90.47671304152242,89.95068564011822,90.21369934082031,21230,0.0,0.0
2015-06-26 00:00:00+08:00,90.2136987781806,90.2136987781806,88.89863028287185,89.1616439819336,87569,0.0,0.0
2015-06-29 00:00:00+08:00,89.68767138005711,89.68767138005711,87.84657548662484,89.1616439819336,62525,0.0,0.0
2015-06-30 00:00:00+08:00,88.89863028287185,89.42465768099535,88.6356165838101,89.1616439819336,29187,0.0,0.0
2015-07-01 00:00:00+08:00,89.42465768099535,89.42465768099535,88.37260288474835,89.1616439819336,28322,0.0,0.0
2015-07-02 00:00:00+08:00,89.16164548056467,89.16164548056467,88.37260437011719,88.37260437011719,45130,0.0,0.0
2015-07-03 00:00:00+08:00,88.37259326460799,88.89862060546875,88.10957959417762,88.89862060546875,23111,0.0,0.0
2015-07-06 00:00:00+08:00,88.63561807359969,88.63561807359969,88.1095906666347,88.37260437011719,36226,0.0,0.0
2015-07-07 00:00:00+08:00,88.37259326460799,88.89862060546875,88.10957959417762,88.89862060546875,33347,0.0,0.0
2015-07-08 00:00:00+08:00,88.37260588224943,88.37260588224943,87.32055105031789,87.58356475830078,68971,0.0,0.0
2015-07-09 00:00:00+08:00,87.05752770297498,87.5835550606969,86.79451402411404,87.32054138183594,48250,0.0,0.0
2015-07-10 00:00:00+08:00,87.32054138183594,87.32054138183594,87.32054138183594,87.32054138183594,0,0.0,0.0
2015-07-13 00:00:00+08:00,87.84657696315222,88.63561807359969,87.84657696315222,88.37260437011719,71170,0.0,0.0
2015-07-14 00:00:00+08:00,88.37260437011719,88.89863177708217,88.37260437011719,88.37260437011719,34350,0.0,0.0
2015-07-15 00:00:00+08:00,88.37259326460799,88.89862060546875,88.10957959417762,88.89862060546875,53299,0.0,0.0
2015-07-16 00:00:00+08:00,89.1616525347707,91.52877605339293,88.89863881047934,91.26576232910156,217367,0.0,0.0
2015-07-17 00:00:00+08:00,91.52877605339293,91.52877605339293,90.73973488051885,91.26576232910156,105200,0.0,0.0
2015-07-20 00:00:00+08:00,91.52876784433082,92.05479524573502,90.21369934082033,90.21369934082031,181550,0.0,0.0
2015-07-21 00:00:00+08:00,90.47671304152242,90.47671304152242,89.95068564011822,90.21369934082031,77100,0.0,0.0
2015-07-22 00:00:00+08:00,90.73972674222452,90.73972674222452,89.95068564011822,90.21369934082031,46534,0.0,0.0
2015-07-23 00:00:00+08:00,90.2136931475471,90.47670683019301,89.16163841696346,89.42465209960938,88053,0.0,0.0
2015-07-24 00:00:00+08:00,89.42465209960938,89.68766578225528,88.37259736902573,89.42465209960938,78295,0.0,0.0
2015-07-27 00:00:00+08:00,88.63560485839844,89.42464585120318,88.3725911941302,88.63560485839844,108145,0.0,0.0
2015-07-28 00:00:00+08:00,87.84657696315222,89.16164548056467,87.84657696315222,88.37260437011719,86202,0.0,0.0
2015-07-29 00:00:00+08:00,88.37261762476679,88.89864511062851,87.58357639597423,88.10960388183594,96854,0.0,0.0
2015-07-30 00:00:00+08:00,88.37260437011719,88.63561807359969,88.1095906666347,88.37260437011719,98310,0.0,0.0
2015-07-31 00:00:00+08:00,88.37260793354696,88.6356216476349,87.58356679128315,87.8465805053711,61300,0.0,0.0
2015-08-03 00:00:00+08:00,88.37260174247074,88.37260174247074,87.05753326416017,87.05753326416016,111268,0.0,0.0
2015-08-04 00:00:00+08:00,86.79452840564319,87.58356957296722,86.2685009607605,81.271240234375,213486,0.0,0.0
2015-08-05 00:00:00+08:00,87.29029552568021,88.68917846679688,86.73074234923354,88.68917846679688,199781,9.256905,0.0
2015-08-06 00:00:00+08:00,88.68918517873257,88.9689617881292,88.12963195993932,88.40940856933594,69587,0.0,0.0
2015-08-07 00:00:00+08:00,88.40940187857355,88.96895505502022,87.84984870212688,88.68917846679688,66163,0.0,0.0
2015-08-10 00:00:00+08:00,88.40940187857355,89.24873164324354,88.40940187857355,88.68917846679688,74200,0.0,0.0
2015-08-11 00:00:00+08:00,89.52850341796875,90.3678331375122,89.52850341796875,89.52850341796875,91344,0.0,0.0
2015-08-12 00:00:00+08:00,88.96895027160645,89.52850341796875,88.6891736984253,89.52850341796875,69314,0.0,0.0
2015-08-13 00:00:00+08:00,90.08805656433105,90.08805656433105,89.2487268447876,89.52850341796875,83700,0.0,0.0
2015-08-14 00:00:00+08:00,90.08805181072223,90.36782836914064,89.52849869388545,90.36782836914062,85530,0.0,0.0
2015-08-17 00:00:00+08:00,90.36783684879902,94.00493244952466,89.24873051011419,92.88582611083984,255912,0.0,0.0
2015-08-18 00:00:00+08:00,92.60604572296143,92.60604572296143,91.76671600341797,91.76671600341797,48750,0.0,0.0
2015-08-19 00:00:00+08:00,91.76671600341797,91.76671600341797,88.6891736984253,89.52850341796875,158333,0.0,0.0
2015-08-20 00:00:00+08:00,90.08805656433105,90.08805656433105,89.2487268447876,89.52850341796875,43210,0.0,0.0
2015-08-21 00:00:00+08:00,89.5285168533805,89.5285168533805,88.12963377754643,88.96896362304688,62751,0.0,0.0
2015-08-24 00:00:00+08:00,88.12962055206299,88.12962055206299,85.61163139343262,87.29029083251953,141137,0.0,0.0
2015-08-25 00:00:00+08:00,85.61161903605012,86.73072516724031,85.61161903605012,85.89139556884766,181566,0.0,0.0
2015-08-26 00:00:00+08:00,85.89139556884766,86.17117210164521,84.77228943765746,85.89139556884766,136429,0.0,0.0
2015-08-27 00:00:00+08:00,86.17119413886974,86.45097074321671,85.61164093017577,85.61164093017578,125710,0.0,0.0
2015-08-28 00:00:00+08:00,86.17119298575405,88.96895899178503,86.17119298575405,87.57007598876953,172350,0.0,0.0
2015-08-31 00:00:00+08:00,87.57006547989383,87.57006547989383,86.7307357788086,86.7307357788086,49320,0.0,0.0
2015-09-01 00:00:00+08:00,87.57006740570068,87.84984397888184,87.01051425933838,87.29029083251953,15200,0.0,0.0
2015-09-02 00:00:00+08:00,86.73073768615723,87.29029083251953,86.17118453979492,87.29029083251953,27290,0.0,0.0
2015-09-03 00:00:00+08:00,87.5700805472128,88.96896362304688,87.01052731687918,88.96896362304688,75447,0.0,0.0
2015-09-04 00:00:00+08:00,88.68918517873257,88.9689617881292,87.57007874114605,88.40940856933594,32050,0.0,0.0
2015-09-07 00:00:00+08:00,88.40940856933594,88.68918517873257,88.40940856933594,88.40940856933594,36217,0.0,0.0
2015-09-08 00:00:00+08:00,88.96895505502022,88.96895505502022,88.40940187857355,88.68917846679688,61567,0.0,0.0
2015-09-09 00:00:00+08:00,89.24871826171875,89.8082713542687,89.24871826171875,89.24871826171875,104070,0.0,0.0
2015-09-10 00:00:00+08:00,88.96894171544376,89.52849480799372,88.4093886228938,89.24871826171875,81570,0.0,0.0
2015-09-11 00:00:00+08:00,88.96895027160645,90.08805656433105,88.96895027160645,89.52850341796875,108315,0.0,0.0
2015-09-14 00:00:00+08:00,89.80829346854732,89.80829346854732,88.68918700788007,88.96896362304688,49497,0.0,0.0
2015-09-15 00:00:00+08:00,88.9689454578218,88.9689454578218,88.1296157836914,88.1296157836914,56200,0.0,0.0
2015-09-16 00:00:00+08:00,88.96895505502022,88.96895505502022,88.40940187857355,88.68917846679688,36150,0.0,0.0
2015-09-17 00:00:00+08:00,88.96894171544376,89.24871826171875,88.68916516916879,89.24871826171875,48570,0.0,0.0
2015-09-18 00:00:00+08:00,89.2487268447876,89.52850341796875,88.96895027160645,89.52850341796875,55500,0.0,0.0
2015-09-21 00:00:00+08:00,89.52850823146689,89.52850823146689,88.40940187857355,88.68917846679688,25151,0.0,0.0
2015-09-22 00:00:00+08:00,88.4093886228938,89.24871826171875,88.4093886228938,89.24871826171875,15100,0.0,0.0
2015-09-23 00:00:00+08:00,88.68918517873257,88.68918517873257,88.40940856933594,88.40940856933594,26323,0.0,0.0
2015-09-24 00:00:00+08:00,88.68918517873257,88.68918517873257,88.12963195993932,88.40940856933594,37345,0.0,0.0
2015-09-25 00:00:00+08:00,88.40940856933594,88.40940856933594,88.12963195993932,88.40940856933594,22100,0.0,0.0
2015-09-29 00:00:00+08:00,88.40940856933594,88.40940856933594,88.40940856933594,88.40940856933594,0,0.0,0.0
2015-09-30 00:00:00+08:00,87.57006266760447,88.68916889977834,87.57006266760447,88.1296157836914,69356,0.0,0.0
2015-10-01 00:00:00+08:00,88.40940187857355,89.24873164324354,88.40940187857355,88.68917846679688,74280,0.0,0.0
2015-10-02 00:00:00+08:00,88.68918517873257,88.9689617881292,88.40940856933594,88.40940856933594,49376,0.0,0.0
2015-10-05 00:00:00+08:00,88.40940187857355,88.96895505502022,88.40940187857355,88.68917846679688,66208,0.0,0.0
2015-10-06 00:00:00+08:00,88.96895505502022,89.24873164324354,88.40940187857355,88.68917846679688,65340,0.0,0.0
2015-10-07 00:00:00+08:00,88.68918517873257,88.68918517873257,88.12963195993932,88.40940856933594,74163,0.0,0.0
2015-10-08 00:00:00+08:00,88.68916889977834,88.9689454578218,88.1296157836914,88.1296157836914,46400,0.0,0.0
2015-10-12 00:00:00+08:00,88.40940187857355,89.24873164324354,88.12962529035022,88.68917846679688,103463,0.0,0.0
2015-10-13 00:00:00+08:00,89.24873164324354,89.24873164324354,88.12962529035022,88.68917846679688,82464,0.0,0.0
2015-10-14 00:00:00+08:00,88.9689617881292,88.9689617881292,88.12963195993932,88.40940856933594,97318,0.0,0.0
2015-10-15 00:00:00+08:00,88.40940187857355,88.96895505502022,88.40940187857355,88.68917846679688,72469,0.0,0.0
2015-10-16 00:00:00+08:00,88.68917557615671,91.48694136720266,88.68917557615671,90.08805847167969,159312,0.0,0.0
2015-10-19 00:00:00+08:00,90.36782836914064,90.64760492755903,90.36782836914064,90.36782836914062,70286,0.0,0.0
2015-10-20 00:00:00+08:00,90.64761352539061,91.20716669530043,90.36783694043571,90.64761352539062,90322,0.0,0.0
2015-10-21 00:00:00+08:00,91.20716669530043,91.48694328025535,90.36783694043571,90.64761352539062,47312,0.0,0.0
2015-10-22 00:00:00+08:00,90.64760781504626,91.20716094970705,90.64760781504626,91.20716094970703,36456,0.0,0.0
2015-10-23 00:00:00+08:00,91.20716669530043,91.48694328025535,90.64761352539061,90.64761352539062,36208,0.0,0.0
2015-10-26 00:00:00+08:00,91.20716285705566,91.76671600341797,91.20716285705566,91.76671600341797,65071,0.0,0.0
2015-10-27 00:00:00+08:00,92.3262672190286,92.3262672190286,91.20716094970705,91.20716094970703,48549,0.0,0.0
2015-10-28 00:00:00+08:00,91.76672269955324,92.04649929314944,91.20716951236084,91.48694610595703,99307,0.0,0.0
2015-10-29 00:00:00+08:00,92.0464906516982,92.0464906516982,91.20716094970705,91.20716094970703,34379,0.0,0.0
2015-10-30 00:00:00+08:00,91.20716764009916,91.48694422795222,90.9273910522461,90.9273910522461,50356,0.0,0.0
2015-11-02 00:00:00+08:00,90.92739291876464,92.04649929314944,90.92739291876464,91.48694610595703,50268,0.0,0.0
2015-11-03 00:00:00+08:00,91.76672269955324,91.76672269955324,91.20716951236084,91.48694610595703,24735,0.0,0.0
2015-11-04 00:00:00+08:00,91.76671695419357,92.32627010635329,91.76671695419357,92.04649353027344,43371,0.0,0.0
2015-11-05 00:00:00+08:00,92.3262710571289,92.3262710571289,91.76671789920691,92.3262710571289,34405,0.0,0.0
2015-11-06 00:00:00+08:00,92.32626914978027,92.60604572296143,91.76671600341797,91.76671600341797,34527,0.0,0.0
2015-11-09 00:00:00+08:00,92.60605248034183,92.88582907393803,91.48694610595703,91.48694610595703,36318,0.0,0.0
2015-11-10 00:00:00+08:00,92.04649257659912,92.04649257659912,91.48693943023682,91.76671600341797,47337,0.0,0.0
2015-11-11 00:00:00+08:00,91.76671695419357,92.32627010635329,91.76671695419357,92.04649353027344,65280,0.0,0.0
2015-11-12 00:00:00+08:00,92.04649353027344,92.32627010635329,91.76671695419357,92.04649353027344,28800,0.0,0.0
2015-11-13 00:00:00+08:00,92.04649257659912,92.60604572296143,91.76671600341797,91.76671600341797,62166,0.0,0.0
2015-11-16 00:00:00+08:00,91.76671408436782,91.76671408436782,90.08805468038548,91.20716094970703,132450,0.0,0.0
2015-11-17 00:00:00+08:00,91.76671408436782,92.3262672190286,90.92738438237664,91.20716094970703,82308,0.0,0.0
2015-11-18 00:00:00+08:00,91.4869346028142,91.4869346028142,90.36782836914064,90.36782836914062,58521,0.0,0.0
2015-11-19 00:00:00+08:00,90.36783787653997,92.88582716721756,90.36783787653997,90.9273910522461,198750,0.0,0.0
2015-11-20 00:00:00+08:00,91.20716285705566,92.04649257659912,90.64760971069336,91.76671600341797,179331,0.0,0.0
2015-11-23 00:00:00+08:00,92.04649257659912,92.88582229614258,91.76671600341797,91.76671600341797,174830,0.0,0.0
2015-11-24 00:00:00+08:00,92.3262710571289,92.88582421505089,92.0464944781679,92.3262710571289,128400,0.0,0.0
2015-11-25 00:00:00+08:00,92.32627480329869,93.4453811645508,92.32627480329869,93.44538116455078,90008,0.0,0.0
2015-11-26 00:00:00+08:00,93.4453811645508,95.683593887055,93.16560457423776,93.44538116455078,184235,0.0,0.0
2015-11-27 00:00:00+08:00,94.28471584262445,94.28471584262445,92.32627960850466,92.6060562133789,83265,0.0,0.0
2015-11-30 00:00:00+08:00,92.32627960850466,92.88583281825318,91.76672639875615,92.6060562133789,71225,0.0,0.0
2015-12-01 00:00:00+08:00,92.3262710571289,92.6060476360899,91.76671789920691,92.3262710571289,67400,0.0,0.0
2015-12-02 00:00:00+08:00,92.32627960850466,93.16560942312742,92.32627960850466,92.6060562133789,56500,0.0,0.0
2015-12-03 00:00:00+08:00,92.32627010635329,92.32627010635329,92.04649353027344,92.04649353027344,22100,0.0,0.0
2015-12-04 00:00:00+08:00,91.76671600341797,91.76671600341797,91.48693943023682,91.76671600341797,40150,0.0,0.0
2015-12-07 00:00:00+08:00,91.76672269955324,91.76672269955324,91.48694610595703,91.48694610595703,55152,0.0,0.0
2015-12-08 00:00:00+08:00,91.48694610595703,91.48694610595703,90.92739291876464,91.48694610595703,43377,0.0,0.0
2015-12-09 00:00:00+08:00,90.64760492755903,90.92738148597742,90.36782836914064,90.36782836914062,64372,0.0,0.0
2015-12-10 00:00:00+08:00,90.3678331375122,90.3678331375122,89.2487268447876,89.52850341796875,153348,0.0,0.0
2015-12-11 00:00:00+08:00,89.52849480799372,90.08804790054369,89.24871826171875,89.24871826171875,81415,0.0,0.0
2015-12-14 00:00:00+08:00,89.24874023821368,89.5285168533805,88.40941039271324,88.96896362304688,76315,0.0,0.0
2015-12-15 00:00:00+08:00,89.52850341796875,89.8082799911499,88.96895027160645,89.52850341796875,32508,0.0,0.0
2015-12-16 00:00:00+08:00,89.8082799911499,89.8082799911499,89.2487268447876,89.52850341796875,30443,0.0,0.0
2015-12-17 00:00:00+08:00,90.08804790054369,90.08804790054369,89.24871826171875,89.24871826171875,47355,0.0,0.0
2015-12-18 00:00:00+08:00,89.24871826171875,89.8082713542687,88.96894171544376,89.24871826171875,46314,0.0,0.0
2015-12-21 00:00:00+08:00,88.96894171544376,89.52849480799372,88.96894171544376,89.24871826171875,65302,0.0,0.0
2015-12-22 00:00:00+08:00,89.52849480799372,89.8082713542687,89.24871826171875,89.24871826171875,40514,0.0,0.0
2015-12-23 00:00:00+08:00,89.52850823146689,89.52850823146689,88.68917846679688,88.68917846679688,72100,0.0,0.0
2015-12-24 00:00:00+08:00,88.68917846679688,88.96895505502022,88.40940187857355,88.68917846679688,83466,0.0,0.0
2015-12-25 00:00:00+08:00,88.68917846679688,88.96895505502022,88.40940187857355,88.68917846679688,22466,0.0,0.0
2015-12-28 00:00:00+08:00,89.24871826171875,89.52849480799372,88.96894171544376,89.24871826171875,110263,0.0,0.0
2015-12-29 00:00:00+08:00,89.52849480799372,89.52849480799372,88.96894171544376,89.24871826171875,125468,0.0,0.0
2015-12-30 00:00:00+08:00,89.52850341796875,89.8082799911499,89.52850341796875,89.52850341796875,33324,0.0,0.0
2015-12-31 00:00:00+08:00,89.52851197429906,90.08806517413844,89.52851197429906,89.80828857421875,30305,0.0,0.0
2016-01-04 00:00:00+08:00,88.96894171544376,89.52849480799372,88.96894171544376,89.24871826171875,67207,0.0,0.0
2016-01-05 00:00:00+08:00,88.96894171544376,89.52849480799372,88.4093886228938,89.24871826171875,32500,0.0,0.0
2016-01-06 00:00:00+08:00,89.24874023821368,89.5285168533805,88.68918700788007,88.96896362304688,26115,0.0,0.0
2016-01-07 00:00:00+08:00,88.96895505502022,88.96895505502022,87.57007211390355,88.68917846679688,112301,0.0,0.0
2016-01-08 00:00:00+08:00,88.40939234173487,88.40939234173487,87.84983922564794,88.1296157836914,43021,0.0,0.0
2016-01-11 00:00:00+08:00,87.57006740570068,87.57006740570068,86.17118453979492,87.29029083251953,147209,0.0,0.0
2016-01-12 00:00:00+08:00,87.84984008987229,87.84984008987229,86.17118072509766,86.17118072509766,85100,0.0,0.0
2016-01-13 00:00:00+08:00,87.29031105411863,87.5700876921126,86.45098114013672,86.45098114013672,36579,0.0,0.0
2016-01-14 00:00:00+08:00,86.17118072509766,86.45095728589344,85.89140416430189,86.17118072509766,37491,0.0,0.0
2016-01-15 00:00:00+08:00,86.17120450214274,87.29031105411863,86.17120450214274,86.45098114013672,39518,0.0,0.0
2016-01-18 00:00:00+08:00,85.89140607772335,86.7307357788086,85.61162951069493,86.7307357788086,62710,0.0,0.0
2016-01-19 00:00:00+08:00,86.7307357788086,86.7307357788086,86.45095921178017,86.7307357788086,14650,0.0,0.0
2016-01-20 00:00:00+08:00,86.73075777813068,87.01053441612466,86.17120450214274,86.45098114013672,23800,0.0,0.0
2016-01-21 00:00:00+08:00,86.45098114013672,86.73075777813068,86.17120450214274,86.45098114013672,18141,0.0,0.0
2016-01-22 00:00:00+08:00,86.45098114013672,86.73075777813068,86.45098114013672,86.45098114013672,18395,0.0,0.0
2016-01-25 00:00:00+08:00,87.01051614846394,87.84984588623047,87.01051614846394,87.84984588623047,51185,0.0,0.0
2016-01-26 00:00:00+08:00,87.57006930697496,87.84984588623047,87.29029272771945,87.84984588623047,24921,0.0,0.0
2016-01-27 00:00:00+08:00,88.12962246548598,88.12962246548598,87.29029272771945,87.84984588623047,21321,0.0,0.0
2016-01-28 00:00:00+08:00,87.84985535054268,88.40940856933594,87.84985535054268,88.40940856933594,60519,0.0,0.0
2016-01-29 00:00:00+08:00,88.40940187857355,89.24873164324354,88.40940187857355,88.68917846679688,93416,0.0,0.0
2016-02-01 00:00:00+08:00,89.52850341796875,89.8082799911499,89.2487268447876,89.52850341796875,82417,0.0,0.0
2016-02-02 00:00:00+08:00,89.80828857421875,90.08806517413844,89.80828857421875,89.80828857421875,27050,0.0,0.0
2016-02-03 00:00:00+08:00,89.80827525230384,91.20715804439581,89.80827525230384,90.36782836914062,64300,0.0,0.0
2016-02-15 00:00:00+08:00,90.08805181072223,90.36782836914064,89.52849869388545,90.36782836914062,42300,0.0,0.0
2016-02-16 00:00:00+08:00,90.36783694043571,90.64761352539061,90.08806035548079,90.64761352539062,35251,0.0,0.0
2016-02-17 00:00:00+08:00,90.64760492755903,90.64760492755903,90.08805181072223,90.36782836914062,39360,0.0,0.0
2016-02-18 00:00:00+08:00,90.36783787653997,90.9273910522461,90.0880612886869,90.9273910522461,82385,0.0,0.0
2016-02-19 00:00:00+08:00,90.92739011034553,91.20716669530043,90.36783694043571,90.64761352539062,87371,0.0,0.0
2016-02-22 00:00:00+08:00,90.08806035548079,90.92739011034553,89.80828377052589,90.64761352539062,75370,0.0,0.0
2016-02-23 00:00:00+08:00,90.64761446439303,91.20716764009916,90.64761446439303,90.9273910522461,49300,0.0,0.0
2016-02-24 00:00:00+08:00,90.92739011034553,90.92739011034553,90.64761352539061,90.64761352539062,47710,0.0,0.0
2016-02-25 00:00:00+08:00,90.64761352539061,90.92739011034553,90.08806035548079,90.64761352539062,64655,0.0,0.0
2016-02-26 00:00:00+08:00,90.64761997925912,93.16560942312742,90.36784337438486,92.6060562133789,113819,0.0,0.0
2016-03-01 00:00:00+08:00,92.60604952616865,93.16560269551105,92.32627294149744,92.88582611083984,63982,0.0,0.0
2016-03-02 00:00:00+08:00,93.16560269551105,93.72515586485346,92.88582611083984,92.88582611083984,51878,0.0,0.0
2016-03-03 00:00:00+08:00,92.885823258513,92.885823258513,92.04649353027344,92.04649353027344,78050,0.0,0.0
2016-03-04 00:00:00+08:00,92.32626914978027,92.88582229614258,91.48693943023682,91.76671600341797,67228,0.0,0.0
2016-03-07 00:00:00+08:00,92.04649929314944,92.04649929314944,91.48694610595703,91.48694610595703,58452,0.0,0.0
2016-03-08 00:00:00+08:00,91.48694610595703,91.48694610595703,91.20716951236084,91.48694610595703,20308,0.0,0.0
2016-03-09 00:00:00+08:00,91.76671695419357,92.04649353027344,91.48694037811372,92.04649353027344,25640,0.0,0.0
2016-03-10 00:00:00+08:00,92.04649257659912,92.04649257659912,91.48693943023682,91.76671600341797,28827,0.0,0.0
2016-03-11 00:00:00+08:00,92.3262710571289,92.88582421505089,91.76671789920691,92.3262710571289,47808,0.0,0.0
2016-03-14 00:00:00+08:00,92.32626914978027,92.88582229614258,91.76671600341797,91.76671600341797,67306,0.0,0.0
2016-03-15 00:00:00+08:00,92.32626914978027,92.88582229614258,91.48693943023682,91.76671600341797,69171,0.0,0.0
2016-03-16 00:00:00+08:00,91.76671789920691,92.3262710571289,91.76671789920691,92.3262710571289,12874,0.0,0.0
2016-03-17 00:00:00+08:00,92.6060476360899,93.72515395193389,92.0464944781679,92.3262710571289,115781,0.0,0.0
2016-03-18 00:00:00+08:00,92.60605046269414,93.4453802251959,92.60605046269414,93.16560363769531,26879,0.0,0.0
2016-03-21 00:00:00+08:00,93.44537928018225,93.72515586485346,92.88582611083984,92.88582611083984,56839,0.0,0.0
2016-03-22 00:00:00+08:00,93.16560363769531,93.4453802251959,92.88582705019473,93.16560363769531,42442,0.0,0.0
2016-03-23 00:00:00+08:00,93.1656007940119,93.1656007940119,92.3262710571289,92.3262710571289,57433,0.0,0.0
2016-03-24 00:00:00+08:00,92.32627960850466,93.16560942312742,92.32627960850466,92.6060562133789,33335,0.0,0.0
2016-03-25 00:00:00+08:00,92.88582705019473,93.16560363769531,92.88582705019473,93.16560363769531,38302,0.0,0.0
2016-03-28 00:00:00+08:00,93.16560363769531,93.4453802251959,93.16560363769531,93.16560363769531,25586,0.0,0.0
2016-03-29 00:00:00+08:00,93.72516263287594,93.72516263287594,92.60605621337892,92.6060562133789,43428,0.0,0.0
2016-03-30 00:00:00+08:00,93.16560363769531,93.16560363769531,92.88582705019473,93.16560363769531,32310,0.0,0.0
2016-03-31 00:00:00+08:00,93.44537928018225,93.44537928018225,92.88582611083984,92.88582611083984,38500,0.0,0.0
2016-04-01 00:00:00+08:00,92.88583281825318,92.88583281825318,92.60605621337892,92.6060562133789,22000,0.0,0.0
2016-04-06 00:00:00+08:00,92.60605621337892,93.16560942312742,92.60605621337892,92.6060562133789,38081,0.0,0.0
2016-04-07 00:00:00+08:00,92.60605621337892,92.88583281825318,92.60605621337892,92.6060562133789,30390,0.0,0.0
2016-04-08 00:00:00+08:00,92.60605621337892,93.16560942312742,92.60605621337892,92.6060562133789,33300,0.0,0.0
2016-04-11 00:00:00+08:00,101.83868339431119,101.83868339431119,97.92181095606844,99.32069396972656,958744,0.0,0.0
2016-04-12 00:00:00+08:00,100.43979551006295,101.55890186672103,98.4813593859113,100.16001892089844,489773,0.0,0.0
2016-04-13 00:00:00+08:00,101.27913665771484,101.55891327831627,99.88025355470774,101.27913665771484,362439,0.0,0.0
2016-04-14 00:00:00+08:00,100.7195624876558,100.7195624876558,99.60045623779297,99.60045623779297,162647,0.0,0.0
2016-04-15 00:00:00+08:00,100.43978600973612,104.07688132485191,100.43978600973612,101.83866882324219,664628,0.0,0.0
2016-04-18 00:00:00+08:00,101.55888757523789,103.79709997359024,100.9993344756498,102.67799377441406,249785,0.0,0.0
2016-04-19 00:00:00+08:00,102.39824314012053,102.95779638132338,101.27913665771484,101.27913665771484,121903,0.0,0.0
2016-04-20 00:00:00+08:00,100.99933905012152,100.99933905012152,99.32067967532726,99.60045623779297,135552,0.0,0.0
2016-04-21 00:00:00+08:00,99.60046101426944,100.160014166035,97.92180155897276,98.7611312866211,137207,0.0,0.0
2016-04-22 00:00:00+08:00,98.76112170097156,99.32067479842749,96.80268585987581,98.20156860351562,147282,0.0,0.0
2016-04-25 00:00:00+08:00,97.92181396484375,98.20159057617187,97.36226074218749,97.92181396484375,41333,0.0,0.0
2016-04-26 00:00:00+08:00,98.4813461303711,98.4813461303711,98.20156957886437,98.4813461303711,18280,0.0,0.0
2016-04-27 00:00:00+08:00,99.04090881347656,99.3206853920457,98.76113223490742,99.04090881347656,31100,0.0,0.0
2016-04-28 00:00:00+08:00,99.3206757848913,99.3206757848913,97.92179302735762,98.4813461303711,37600,0.0,0.0
2016-04-29 00:00:00+08:00,98.76112170097156,98.76112170097156,97.36223895733174,98.20156860351562,25150,0.0,0.0
2016-05-03 00:00:00+08:00,97.92181797799347,97.92181797799347,96.8027114868164,96.8027114868164,77769,0.0,0.0
2016-05-04 00:00:00+08:00,96.80270105478715,96.80270105478715,95.12404149892379,95.96337127685547,107100,0.0,0.0
2016-05-05 00:00:00+08:00,96.24312691066577,96.52290344238281,95.68357384723166,96.52290344238281,34817,0.0,0.0
2016-05-06 00:00:00+08:00,96.80267997409986,97.36223303753397,96.24312691066577,96.52290344238281,49416,0.0,0.0
2016-05-09 00:00:00+08:00,97.08246709012437,97.36224365234375,97.08246709012437,97.36224365234375,29384,0.0,0.0
2016-05-10 00:00:00+08:00,96.80269904806143,98.20158198228197,95.9633692875291,97.64202880859375,121200,0.0,0.0
2016-05-11 00:00:00+08:00,99.04091736699495,100.43980038065307,98.76114076426332,99.32069396972656,194473,0.0,0.0
2016-05-12 00:00:00+08:00,97.92181396484375,98.76114379882812,97.36226074218749,97.92181396484375,179427,0.0,0.0
2016-05-13 00:00:00+08:00,98.48136440134186,99.04091760816766,96.80270478086445,97.08248138427734,70195,0.0,0.0
2016-05-16 00:00:00+08:00,97.36226473240494,97.92181797799347,96.8027114868164,96.8027114868164,33070,0.0,0.0
2016-05-17 00:00:00+08:00,97.9217967767825,98.76112646344063,97.08246709012437,97.36224365234375,62636,0.0,0.0
2016-05-18 00:00:00+08:00,96.80269904806143,97.64202880859375,96.80269904806143,97.64202880859375,30570,0.0,0.0
2016-05-19 00:00:00+08:00,97.9217967767825,97.9217967767825,96.24313740346624,97.36224365234375,59150,0.0,0.0
2016-05-20 00:00:00+08:00,96.52293486402213,97.08248810961068,96.24315824122787,96.8027114868164,53190,0.0,0.0
2016-05-23 00:00:00+08:00,97.08248138427734,97.92181119451605,96.80270478086445,97.08248138427734,105145,0.0,0.0
2016-05-24 00:00:00+08:00,97.08247089385986,97.64202404022217,96.2431411743164,96.2431411743164,150120,0.0,0.0
2016-05-25 00:00:00+08:00,96.8027114868164,97.08248810961068,96.24315824122787,96.8027114868164,87130,0.0,0.0
2016-05-26 00:00:00+08:00,96.80270478086445,97.08248138427734,96.52292817745153,97.08248138427734,42200,0.0,0.0
2016-05-27 00:00:00+08:00,97.08248810961068,97.08248810961068,96.8027114868164,96.8027114868164,64797,0.0,0.0
2016-05-30 00:00:00+08:00,96.80270478086445,97.36225798769024,96.80270478086445,97.08248138427734,82007,0.0,0.0
2016-05-31 00:00:00+08:00,97.36224365234375,97.36224365234375,96.5229139656856,97.36224365234375,63173,0.0,0.0
2016-06-01 00:00:00+08:00,97.36225222174964,97.92180539543786,97.08247563490553,97.64202880859375,88265,0.0,0.0
2016-06-02 00:00:00+08:00,97.6420164758509,99.04089923338458,97.6420164758509,98.4813461303711,165499,0.0,0.0
2016-06-03 00:00:00+08:00,98.48135471073832,98.7611312866211,97.92180155897276,98.7611312866211,50438,0.0,0.0
2016-06-06 00:00:00+08:00,99.88024717518982,100.16002377792144,99.32069396972656,99.32069396972656,49547,0.0,0.0
2016-06-07 00:00:00+08:00,99.32069396972656,99.32069396972656,99.32069396972656,99.32069396972656,0,0.0,0.0
2016-06-08 00:00:00+08:00,99.60048002355238,100.16003328211167,99.32070339427274,99.88025665283203,46522,0.0,0.0
2016-06-13 00:00:00+08:00,99.60045623779297,101.27911561258723,99.60045623779297,99.60045623779297,154634,0.0,0.0
2016-06-14 00:00:00+08:00,99.88023280025868,100.4397859251901,99.60045623779297,99.60045623779297,81271,0.0,0.0
2016-06-15 00:00:00+08:00,99.60048002355238,100.16003328211167,99.32070339427274,99.88025665283203,36598,0.0,0.0
2016-06-16 00:00:00+08:00,99.88022888790478,99.88022888790478,98.4813461303711,98.4813461303711,76353,0.0,0.0
2016-06-17 00:00:00+08:00,98.48135565633828,99.60046197061484,98.48135565633828,99.04090881347656,24201,0.0,0.0
2016-06-20 00:00:00+08:00,99.60047057245819,99.60047057245819,99.04091736699495,99.32069396972656,33270,0.0,0.0
2016-06-21 00:00:00+08:00,99.32070339427274,100.16003328211167,99.32070339427274,99.88025665283203,64054,0.0,0.0
2016-06-22 00:00:00+08:00,99.88023280025868,99.88023280025868,99.60045623779297,99.60045623779297,29713,0.0,0.0
2016-06-23 00:00:00+08:00,99.60045623779297,99.88023280025868,99.60045623779297,99.60045623779297,41465,0.0,0.0
2016-06-24 00:00:00+08:00,99.60045134715546,99.60045134715546,97.92179205478766,98.20156860351562,102400,0.0,0.0
2016-06-27 00:00:00+08:00,98.20156957886437,99.3206757848913,97.92179302735762,98.4813461303711,71066,0.0,0.0
2016-06-28 00:00:00+08:00,99.32068443838666,99.32068443838666,98.20157813485554,98.7611312866211,41131,0.0,0.0
2016-06-29 00:00:00+08:00,99.0409267649931,100.16003328211167,99.0409267649931,99.88025665283203,51921,0.0,0.0
2016-06-30 00:00:00+08:00,100.43979551006295,100.43979551006295,99.60046574256938,100.16001892089844,78108,0.0,0.0
2016-07-01 00:00:00+08:00,100.71955773823774,101.55888738605638,100.43978118896484,100.43978118896484,156128,0.0,0.0
2016-07-04 00:00:00+08:00,100.43979072042448,101.27912044789322,100.43979072042448,100.99934387207031,71179,0.0,0.0
2016-07-05 00:00:00+08:00,100.71955773823774,100.71955773823774,100.16000463969196,100.43978118896484,63532,0.0,0.0
2016-07-06 00:00:00+08:00,100.1600093627244,100.4397859251901,99.60045623779297,99.60045623779297,91275,0.0,0.0
2016-07-07 00:00:00+08:00,100.16001414460158,100.99934387207031,100.16001414460158,100.99934387207031,80914,0.0,0.0
2016-07-08 00:00:00+08:00,100.99934387207031,100.99934387207031,100.99934387207031,100.99934387207031,0,0.0,0.0
2016-07-11 00:00:00+08:00,100.719583416512,102.39824314012053,100.719583416512,101.27913665771484,153373,0.0,0.0
2016-07-12 00:00:00+08:00,101.83866412503193,102.9577703242081,101.55888757523789,102.67799377441406,237993,0.0,0.0
2016-07-13 00:00:00+08:00,104.63644688451954,107.71398943994659,104.35667028857162,105.47577667236328,586465,0.0,0.0
2016-07-14 00:00:00+08:00,105.19599632283638,106.03532608073135,104.07688997897642,104.3566665649414,228734,0.0,0.0
2016-07-15 00:00:00+08:00,104.91622161865233,105.47577480061848,104.07689184570312,104.91622161865234,146646,0.0,0.0
2016-07-18 00:00:00+08:00,105.19599914550783,106.3151055193962,105.19599914550783,105.19599914550781,225817,0.0,0.0
2016-07-19 00:00:00+08:00,105.47577480061848,105.75555139160156,104.91622161865233,104.91622161865234,143183,0.0,0.0
2016-07-20 00:00:00+08:00,104.91622440398686,106.03533079762938,104.91622440398686,105.75555419921875,183276,0.0,0.0
2016-07-21 00:00:00+08:00,106.3151110903755,108.27354734730346,106.3151110903755,106.87466430664062,346800,0.0,0.0
2016-07-22 00:00:00+08:00,106.87465573608719,107.15443232178376,106.31510256469406,106.59487915039062,156596,0.0,0.0
2016-07-25 00:00:00+08:00,106.8746590508355,107.43421223958333,106.03532926771376,100.71957397460938,497309,0.0,0.0
2016-07-26 00:00:00+08:00,107.30164036985303,108.18843078613281,107.00604356442645,108.18843078613281,295358,9.633524,0.0
2016-07-27 00:00:00+08:00,108.18844919756424,108.48404605329529,107.00606177464003,107.3016586303711,159497,0.0,0.0
2016-07-28 00:00:00+08:00,107.30165458384138,107.30165458384138,106.71046089467421,107.00605773925781,108075,0.0,0.0
2016-07-29 00:00:00+08:00,106.71046491890898,107.30165863037108,106.71046491890898,107.3016586303711,70614,0.0,0.0
2016-08-01 00:00:00+08:00,107.30163630655368,108.18842668925247,106.7104427180878,107.89282989501953,108146,0.0,0.0
2016-08-02 00:00:00+08:00,107.89285234183319,107.89285234183319,107.00606177464003,107.3016586303711,78794,0.0,0.0
2016-08-03 00:00:00+08:00,107.0060577392578,107.30165458384138,106.71046089467421,107.00605773925781,55290,0.0,0.0
2016-08-04 00:00:00+08:00,107.30165458384138,107.30165458384138,106.11926720550704,107.00605773925781,89452,0.0,0.0
2016-08-05 00:00:00+08:00,107.0060577392578,107.0060577392578,106.41486405009063,107.00605773925781,64466,0.0,0.0
2016-08-08 00:00:00+08:00,106.41484721323077,107.00604080885982,104.93686322415812,105.23246002197266,213681,0.0,0.0
2016-08-09 00:00:00+08:00,105.23245946162164,105.52805625786215,104.05007227665959,104.64126586914062,98500,0.0,0.0
2016-08-10 00:00:00+08:00,104.64126642634359,105.23246002197264,104.64126642634359,105.23246002197266,92391,0.0,0.0
2016-08-11 00:00:00+08:00,105.2324738420759,105.2324738420759,103.16329598563058,103.45889282226562,218644,0.0,0.0
2016-08-12 00:00:00+08:00,103.45889282226562,104.05008649553572,102.5721023123605,103.45889282226562,122686,0.0,0.0
2016-08-15 00:00:00+08:00,104.05007525930378,104.05007525930378,102.86768804044806,103.75447845458984,138384,0.0,0.0
2016-08-16 00:00:00+08:00,104.05007057628413,104.05007057628413,102.86768341064453,102.86768341064453,119250,0.0,0.0
2016-08-17 00:00:00+08:00,102.86769460188896,102.86769460188896,101.98090413118301,102.57209777832031,120000,0.0,0.0
2016-08-18 00:00:00+08:00,102.27648344906893,104.34566085988826,102.27648344906893,104.05006408691406,72330,0.0,0.0
2016-08-19 00:00:00+08:00,104.6412801688058,104.6412801688058,103.45889282226562,103.45889282226562,67739,0.0,0.0
2016-08-22 00:00:00+08:00,102.86768341064453,103.45887699346433,102.57208661923464,102.86768341064453,64850,0.0,0.0
2016-08-23 00:00:00+08:00,103.16328484516198,103.75447845458984,102.86768804044806,103.75447845458984,49700,0.0,0.0
2016-08-24 00:00:00+08:00,104.64126831754231,104.64126831754231,102.86768749860092,103.16328430175781,54368,0.0,0.0
2016-08-25 00:00:00+08:00,103.16329598563058,104.05008649553572,103.16329598563058,103.45889282226562,38811,0.0,0.0
2016-08-26 00:00:00+08:00,103.45889282226562,103.75448965890068,103.16329598563058,103.45889282226562,26055,0.0,0.0
2016-08-29 00:00:00+08:00,103.7544779080716,103.7544779080716,102.86768749860092,103.16328430175781,58580,0.0,0.0
2016-08-30 00:00:00+08:00,103.1632914254576,103.45888824902624,102.27650095475165,102.57209777832031,58940,0.0,0.0
2016-08-31 00:00:00+08:00,102.57209777832031,102.86769460188896,102.27650095475165,102.57209777832031,52373,0.0,0.0
2016-09-01 00:00:00+08:00,102.57210135046456,102.57210135046456,101.98090768273855,102.27650451660156,80258,0.0,0.0
2016-09-02 00:00:00+08:00,103.7544612718665,103.7544612718665,101.68528398154437,101.98088073730469,71800,0.0,0.0
2016-09-05 00:00:00+08:00,102.27647749306499,102.27647749306499,101.68528398154437,101.98088073730469,51727,0.0,0.0
2016-09-06 00:00:00+08:00,102.27650095475165,103.1632914254576,101.68530730761437,102.57209777832031,61518,0.0,0.0
2016-09-07 00:00:00+08:00,101.98090413118301,102.86769460188896,101.98090413118301,102.57209777832031,65749,0.0,0.0
2016-09-08 00:00:00+08:00,102.27647749306499,102.57207424882529,101.68528398154437,101.98088073730469,115868,0.0,0.0
2016-09-09 00:00:00+08:00,101.98090768273855,102.27650451660156,101.68531084887553,102.27650451660156,79999,0.0,0.0
2016-09-12 00:00:00+08:00,102.86769818432758,102.86769818432758,102.27650451660156,102.27650451660156,37575,0.0,0.0
2016-09-13 00:00:00+08:00,104.93685440583663,105.82364472475919,103.75446731393987,104.05006408691406,297280,0.0,0.0
2016-09-14 00:00:00+08:00,104.64126831754231,104.64126831754231,103.16328430175781,103.16328430175781,71191,0.0,0.0
2016-09-19 00:00:00+08:00,103.1632737679915,104.64125763286243,103.1632737679915,104.05006408691406,65675,0.0,0.0
2016-09-20 00:00:00+08:00,104.64126886873164,104.64126886873164,103.45888164987592,103.75447845458984,56180,0.0,0.0
2016-09-21 00:00:00+08:00,104.05007046939923,108.1884255448867,103.45887688718673,106.71044158935547,366056,0.0,0.0
2016-09-22 00:00:00+08:00,107.5972541360294,107.5972541360294,105.528076171875,105.528076171875,88460,0.0,0.0
2016-09-23 00:00:00+08:00,105.528076171875,106.41486672794117,105.528076171875,105.528076171875,40191,0.0,0.0
2016-09-26 00:00:00+08:00,106.11924743652344,107.00603780507377,105.82365064700666,106.11924743652344,88249,0.0,0.0
2016-09-27 00:00:00+08:00,106.11924743652344,106.11924743652344,106.11924743652344,106.11924743652344,0,0.0,0.0
2016-09-28 00:00:00+08:00,106.11924743652344,106.11924743652344,106.11924743652344,106.11924743652344,0,0.0,0.0
2016-09-29 00:00:00+08:00,107.30163873036702,107.59723553127712,106.11925152672661,106.41484832763672,173499,0.0,0.0
2016-09-30 00:00:00+08:00,107.00604441468145,107.00604441468145,104.9368667602539,104.9368667602539,103742,0.0,0.0
2016-10-03 00:00:00+08:00,105.23246356802927,105.23246356802927,104.9368667602539,104.9368667602539,54543,0.0,0.0
2016-10-04 00:00:00+08:00,104.93688246783088,105.82367302389706,104.93688246783088,105.528076171875,43030,0.0,0.0
2016-10-05 00:00:00+08:00,105.23246002197264,105.23246002197264,104.93686322415812,105.23246002197266,25280,0.0,0.0
2016-10-06 00:00:00+08:00,104.93686322415812,105.8236536176017,104.64126642634359,105.23246002197266,50164,0.0,0.0
2016-10-07 00:00:00+08:00,104.93688246783088,105.82367302389706,104.93688246783088,105.528076171875,36583,0.0,0.0
2016-10-11 00:00:00+08:00,105.23246002197264,106.11925041541623,104.64126642634359,105.23246002197266,64835,0.0,0.0
2016-10-12 00:00:00+08:00,105.8236536176017,106.11925041541623,105.23246002197264,105.23246002197266,59339,0.0,0.0
2016-10-13 00:00:00+08:00,106.11925862488134,107.0060490869277,105.82366180419922,105.82366180419922,77400,0.0,0.0
2016-10-14 00:00:00+08:00,105.8236536176017,106.41484721323077,104.64126642634359,105.23246002197266,60339,0.0,0.0
2016-10-17 00:00:00+08:00,104.93685854730795,104.93685854730795,104.34566497802734,104.34566497802734,43572,0.0,0.0
2016-10-18 00:00:00+08:00,104.34566085988826,104.34566085988826,103.45887054096569,104.05006408691406,88000,0.0,0.0
2016-10-19 00:00:00+08:00,104.34568333217076,104.34568333217076,103.45889282226562,103.45889282226562,88320,0.0,0.0
2016-10-20 00:00:00+08:00,103.45889282226562,103.45889282226562,103.16329598563058,103.45889282226562,90450,0.0,0.0
2016-10-21 00:00:00+08:00,103.45889282226562,103.75448965890068,103.45889282226562,103.45889282226562,38460,0.0,0.0
2016-10-24 00:00:00+08:00,102.86768341064453,103.45887699346433,102.86768341064453,102.86768341064453,69619,0.0,0.0
2016-10-25 00:00:00+08:00,102.86768749860092,103.7544779080716,102.86768749860092,103.16328430175781,101715,0.0,0.0
2016-10-26 00:00:00+08:00,103.45888110491471,103.45888110491471,103.16328430175781,103.16328430175781,38678,0.0,0.0
2016-10-27 00:00:00+08:00,103.16328430175781,103.7544779080716,103.16328430175781,103.16328430175781,48768,0.0,0.0
2016-10-28 00:00:00+08:00,103.16328430175781,103.16328430175781,102.86768749860092,103.16328430175781,34115,0.0,0.0
2016-10-31 00:00:00+08:00,103.75447845458984,104.64126886873164,103.45888164987592,103.75447845458984,75095,0.0,0.0
2016-11-01 00:00:00+08:00,104.34566085988826,104.34566085988826,103.75446731393987,104.05006408691406,30310,0.0,0.0
2016-11-02 00:00:00+08:00,103.45889282226562,103.75448965890068,103.16329598563058,103.45889282226562,39660,0.0,0.0
2016-11-03 00:00:00+08:00,103.16328020205444,103.45887699346433,102.86768341064453,102.86768341064453,50870,0.0,0.0
2016-11-04 00:00:00+08:00,102.86768341064453,103.16328020205444,102.86768341064453,102.86768341064453,25001,0.0,0.0
2016-11-07 00:00:00+08:00,103.75448965890068,103.75448965890068,103.16329598563058,103.45889282226562,25569,0.0,0.0
2016-11-08 00:00:00+08:00,103.45889282226562,103.75448965890068,103.16329598563058,103.45889282226562,21920,0.0,0.0
2016-11-09 00:00:00+08:00,103.75448507259489,103.75448507259489,101.98090413118301,102.57209777832031,150152,0.0,0.0
2016-11-10 00:00:00+08:00,102.86769914899554,103.75448965890068,102.86769914899554,103.45889282226562,56938,0.0,0.0
2016-11-11 00:00:00+08:00,102.86769914899554,103.75448965890068,102.5721023123605,103.45889282226562,41260,0.0,0.0
2016-11-14 00:00:00+08:00,103.16328020205444,103.16328020205444,102.27648982782473,102.86768341064453,36480,0.0,0.0
2016-11-15 00:00:00+08:00,102.27649443102018,103.75447845458984,101.68530082159232,103.75447845458984,119426,0.0,0.0
2016-11-16 00:00:00+08:00,103.7544779080716,103.7544779080716,102.86768749860092,103.16328430175781,29249,0.0,0.0
2016-11-17 00:00:00+08:00,103.16328430175781,103.45888110491471,102.86768749860092,103.16328430175781,33200,0.0,0.0
2016-11-18 00:00:00+08:00,102.86768341064453,103.45887699346433,102.86768341064453,102.86768341064453,15052,0.0,0.0
2016-11-21 00:00:00+08:00,102.86768341064453,103.16328020205444,102.86768341064453,102.86768341064453,12452,0.0,0.0
2016-11-22 00:00:00+08:00,102.86768341064453,103.16328020205444,102.57208661923464,102.86768341064453,76999,0.0,0.0
2016-11-23 00:00:00+08:00,102.86769460188896,102.86769460188896,101.98090413118301,102.57209777832031,74811,0.0,0.0
2016-11-24 00:00:00+08:00,101.98089303641484,102.86768341064453,101.98089303641484,102.86768341064453,18475,0.0,0.0
2016-11-25 00:00:00+08:00,102.86769460188896,102.86769460188896,102.57209777832031,102.57209777832031,17704,0.0,0.0
2016-11-28 00:00:00+08:00,102.57209777832031,102.57209777832031,102.27650095475165,102.57209777832031,47402,0.0,0.0
2016-11-29 00:00:00+08:00,105.82365305410266,108.18842742402674,104.64126586914061,104.64126586914062,273150,0.0,0.0
2016-11-30 00:00:00+08:00,104.93686567344557,104.93686567344557,103.75447845458984,103.75447845458984,76322,0.0,0.0
2016-12-01 00:00:00+08:00,104.05006408691406,104.05006408691406,103.75446731393987,104.05006408691406,60266,0.0,0.0
2016-12-02 00:00:00+08:00,104.05006408691406,104.05006408691406,103.75446731393987,104.05006408691406,17641,0.0,0.0
2016-12-05 00:00:00+08:00,103.7544779080716,104.05007471122852,102.86768749860092,103.16328430175781,133615,0.0,0.0
2016-12-06 00:00:00+08:00,103.16329598563058,103.45889282226562,103.16329598563058,103.45889282226562,55904,0.0,0.0
2016-12-07 00:00:00+08:00,103.45889282226562,104.05008649553572,103.16329598563058,103.45889282226562,47290,0.0,0.0
2016-12-08 00:00:00+08:00,103.45889282226562,104.34568333217076,103.16329598563058,103.45889282226562,72120,0.0,0.0
2016-12-09 00:00:00+08:00,103.45887054096569,104.05006408691406,103.45887054096569,104.05006408691406,32805,0.0,0.0
2016-12-12 00:00:00+08:00,104.05008649553572,104.05008649553572,103.16329598563058,103.45889282226562,51999,0.0,0.0
2016-12-13 00:00:00+08:00,103.45887699346433,103.45887699346433,102.86768341064453,102.86768341064453,57201,0.0,0.0
2016-12-14 00:00:00+08:00,102.86768749860092,103.16328430175781,102.86768749860092,103.16328430175781,29320,0.0,0.0
2016-12-15 00:00:00+08:00,103.45889282226562,103.75448965890068,103.45889282226562,103.45889282226562,14239,0.0,0.0
2016-12-16 00:00:00+08:00,103.45888110491471,103.45888110491471,102.86768749860092,103.16328430175781,51543,0.0,0.0
2016-12-19 00:00:00+08:00,102.86768341064453,103.16328020205444,102.86768341064453,102.86768341064453,53922,0.0,0.0
2016-12-20 00:00:00+08:00,102.86769460188896,102.86769460188896,102.57209777832031,102.57209777832031,56973,0.0,0.0
2016-12-21 00:00:00+08:00,103.16328020205444,103.16328020205444,102.57208661923464,102.86768341064453,22179,0.0,0.0
2016-12-22 00:00:00+08:00,102.57209777832031,102.86769460188896,102.27650095475165,102.57209777832031,68060,0.0,0.0
2016-12-23 00:00:00+08:00,102.57209777832031,102.57209777832031,102.27650095475165,102.57209777832031,27015,0.0,0.0
2016-12-26 00:00:00+08:00,102.27650095475165,102.57209777832031,102.27650095475165,102.57209777832031,52300,0.0,0.0
2016-12-27 00:00:00+08:00,103.75448507259489,103.75448507259489,102.57209777832031,102.57209777832031,19485,0.0,0.0
2016-12-28 00:00:00+08:00,102.57209777832031,103.1632914254576,102.57209777832031,102.57209777832031,26020,0.0,0.0
2016-12-29 00:00:00+08:00,102.57209777832031,102.86769460188896,102.57209777832031,102.57209777832031,19031,0.0,0.0
2016-12-30 00:00:00+08:00,102.57208661923464,102.86768341064453,102.27648982782473,102.86768341064453,27786,0.0,0.0
2017-01-03 00:00:00+08:00,102.86768749860092,103.16328430175781,102.57209069544402,103.16328430175781,27207,0.0,0.0
2017-01-04 00:00:00+08:00,102.86768341064453,103.16328020205444,102.57208661923464,102.86768341064453,29300,0.0,0.0
2017-01-05 00:00:00+08:00,103.16328484516198,103.75447845458984,103.16328484516198,103.75447845458984,59200,0.0,0.0
2017-01-06 00:00:00+08:00,103.45889282226562,104.05008649553572,102.5721023123605,103.45889282226562,100100,0.0,0.0
2017-01-09 00:00:00+08:00,103.45888110491471,103.7544779080716,103.16328430175781,103.16328430175781,28020,0.0,0.0
2017-01-10 00:00:00+08:00,103.16328430175781,103.45888110491471,102.86768749860092,103.16328430175781,21600,0.0,0.0
2017-01-11 00:00:00+08:00,103.16328430175781,103.45888110491471,103.16328430175781,103.16328430175781,22080,0.0,0.0
2017-01-12 00:00:00+08:00,103.45889282226562,103.45889282226562,103.16329598563058,103.45889282226562,29127,0.0,0.0
2017-01-13 00:00:00+08:00,103.45888110491471,103.45888110491471,103.16328430175781,103.16328430175781,16400,0.0,0.0
2017-01-16 00:00:00+08:00,103.1632914254576,103.1632914254576,102.57209777832031,102.57209777832031,27007,0.0,0.0
2017-01-17 00:00:00+08:00,104.3456720640177,104.3456720640177,102.86768804044806,103.75447845458984,69044,0.0,0.0
2017-01-18 00:00:00+08:00,103.45888110491471,103.45888110491471,102.86768749860092,103.16328430175781,53671,0.0,0.0
2017-01-19 00:00:00+08:00,103.16328430175781,103.45888110491471,103.16328430175781,103.16328430175781,35200,0.0,0.0
2017-01-20 00:00:00+08:00,103.1632914254576,103.45888824902624,102.57209777832031,102.57209777832031,45056,0.0,0.0
2017-01-23 00:00:00+08:00,103.16328020205444,103.16328020205444,102.57208661923464,102.86768341064453,45021,0.0,0.0
2017-01-24 00:00:00+08:00,102.86769914899554,103.45889282226562,102.86769914899554,103.45889282226562,37252,0.0,0.0
2017-02-02 00:00:00+08:00,104.05007471122852,104.05007471122852,103.16328430175781,103.16328430175781,27565,0.0,0.0
2017-02-03 00:00:00+08:00,103.16329598563058,103.75448965890068,103.16329598563058,103.45889282226562,34200,0.0,0.0
2017-02-06 00:00:00+08:00,103.45887462410643,104.34566497802734,103.45887462410643,104.34566497802734,80356,0.0,0.0
2017-02-07 00:00:00+08:00,104.34566085988826,104.34566085988826,103.75446731393987,104.05006408691406,27488,0.0,0.0
2017-02-08 00:00:00+08:00,104.3456720640177,104.3456720640177,103.75447845458984,103.75447845458984,41164,0.0,0.0
2017-02-09 00:00:00+08:00,104.64125763286243,104.64125763286243,103.75446731393987,104.05006408691406,34954,0.0,0.0
2017-02-10 00:00:00+08:00,104.34566497802734,104.64126176266765,104.34566497802734,104.34566497802734,46747,0.0,0.0
2017-02-13 00:00:00+08:00,104.64126176266765,104.93685854730795,104.34566497802734,104.34566497802734,75146,0.0,0.0
2017-02-14 00:00:00+08:00,104.34566497802734,104.64126176266765,104.34566497802734,104.34566497802734,44485,0.0,0.0
2017-02-15 00:00:00+08:00,104.64126642634359,107.00604080885982,104.64126642634359,105.23246002197266,188281,0.0,0.0
2017-02-16 00:00:00+08:00,105.82365064700666,107.00603780507377,104.64126348893954,106.11924743652344,185709,0.0,0.0
2017-02-17 00:00:00+08:00,106.41485544556346,107.30164590760982,105.82366180419922,105.82366180419922,220076,0.0,0.0
2017-02-20 00:00:00+08:00,106.41484422604022,107.30163459459055,106.11924743652344,106.11924743652344,143104,0.0,0.0
2017-02-21 00:00:00+08:00,106.11925041541623,106.11925041541623,105.23246002197264,105.23246002197266,105072,0.0,0.0
2017-02-22 00:00:00+08:00,105.23247931985294,106.11926987591912,105.23247931985294,105.528076171875,59466,0.0,0.0
2017-02-23 00:00:00+08:00,105.52805681978718,105.52805681978718,105.23246002197264,105.23246002197266,44977,0.0,0.0
2017-02-24 00:00:00+08:00,105.23247931985294,105.528076171875,105.23247931985294,105.528076171875,25999,0.0,0.0
2017-03-01 00:00:00+08:00,105.82367302389706,105.82367302389706,105.23247931985294,105.528076171875,32524,0.0,0.0
2017-03-02 00:00:00+08:00,105.23246356802927,105.52806037580463,104.9368667602539,104.9368667602539,80606,0.0,0.0
2017-03-03 00:00:00+08:00,105.23246002197264,106.41484721323077,104.93686322415812,105.23246002197266,77844,0.0,0.0
2017-03-06 00:00:00+08:00,106.7104440110453,106.7104440110453,105.23246002197264,105.23246002197266,36898,0.0,0.0
2017-03-07 00:00:00+08:00,105.528076171875,106.11926987591912,105.528076171875,105.528076171875,34295,0.0,0.0
2017-03-08 00:00:00+08:00,105.5280649835171,105.82366180419922,105.5280649835171,105.82366180419922,55750,0.0,0.0
2017-03-09 00:00:00+08:00,105.52805681978718,105.52805681978718,105.23246002197264,105.23246002197266,48137,0.0,0.0
2017-03-10 00:00:00+08:00,105.82367302389706,105.82367302389706,104.93688246783088,105.528076171875,28062,0.0,0.0
2017-03-13 00:00:00+08:00,105.52805385748988,107.00603780507377,105.52805385748988,106.11924743652344,105328,0.0,0.0
2017-03-14 00:00:00+08:00,106.41485544556346,106.41485544556346,105.82366180419922,105.82366180419922,47592,0.0,0.0
2017-03-15 00:00:00+08:00,106.41484479824922,106.71044158935545,106.41484479824922,106.71044158935547,48300,0.0,0.0
2017-03-16 00:00:00+08:00,107.59722900390625,107.89282578688402,106.4148418719952,107.59722900390625,256500,0.0,0.0
2017-03-17 00:00:00+08:00,107.89282578688402,108.18842256986179,107.59722900390625,107.59722900390625,105728,0.0,0.0
2017-03-20 00:00:00+08:00,107.89283398070623,108.18843078613281,107.59723717527963,108.18843078613281,98350,0.0,0.0
2017-03-21 00:00:00+08:00,107.59725548610214,108.18844919756424,107.30165863037108,107.3016586303711,120194,0.0,0.0
2017-03-22 00:00:00+08:00,107.00606177464003,107.59725548610214,107.00606177464003,107.3016586303711,54950,0.0,0.0
2017-03-23 00:00:00+08:00,107.30165863037108,107.89285234183319,107.30165863037108,107.3016586303711,36523,0.0,0.0
2017-03-24 00:00:00+08:00,107.30165863037108,107.59725548610214,107.30165863037108,107.3016586303711,30481,0.0,0.0
2017-03-27 00:00:00+08:00,107.59725142842497,107.59725142842497,107.0060577392578,107.00605773925781,97596,0.0,0.0
2017-03-28 00:00:00+08:00,107.59725142842497,107.59725142842497,107.0060577392578,107.00605773925781,42901,0.0,0.0
2017-03-29 00:00:00+08:00,107.59725142842497,107.59725142842497,106.71046089467421,107.00605773925781,26780,0.0,0.0
2017-03-30 00:00:00+08:00,107.00604192945691,107.00604192945691,106.11925152672661,106.41484832763672,76900,0.0,0.0
2017-03-31 00:00:00+08:00,106.11926987591912,106.11926987591912,105.23247931985294,105.528076171875,123636,0.0,0.0
2017-04-05 00:00:00+08:00,105.528076171875,106.11926987591912,105.23247931985294,105.528076171875,72449,0.0,0.0
2017-04-06 00:00:00+08:00,105.52805681978718,105.8236536176017,105.23246002197264,105.23246002197266,57493,0.0,0.0
2017-04-07 00:00:00+08:00,105.23246356802927,105.52806037580463,104.64126995247855,104.9368667602539,103400,0.0,0.0
2017-04-10 00:00:00+08:00,104.9368667602539,105.23246356802927,104.9368667602539,104.9368667602539,79030,0.0,0.0
2017-04-11 00:00:00+08:00,104.64126176266765,104.64126176266765,103.75447140874674,104.34566497802734,170781,0.0,0.0
2017-04-12 00:00:00+08:00,104.3456720640177,104.3456720640177,103.45888164987592,103.75447845458984,194934,0.0,0.0
2017-04-13 00:00:00+08:00,104.05007525930378,104.05007525930378,103.45888164987592,103.75447845458984,37736,0.0,0.0
2017-04-14 00:00:00+08:00,104.05007057628413,104.05007057628413,102.86768341064453,102.86768341064453,133636,0.0,0.0
2017-04-17 00:00:00+08:00,102.86768341064453,103.16328020205444,102.27648982782473,102.86768341064453,75099,0.0,0.0
2017-04-18 00:00:00+08:00,103.16328020205444,103.45887699346433,102.86768341064453,102.86768341064453,53989,0.0,0.0
2017-04-19 00:00:00+08:00,103.16326776034589,103.16326776034589,101.98088073730467,101.98088073730469,137960,0.0,0.0
2017-04-20 00:00:00+08:00,102.57207424882529,102.57207424882529,101.98088073730467,101.98088073730469,57073,0.0,0.0
2017-04-21 00:00:00+08:00,102.86767100458559,102.86767100458559,101.98088073730467,101.98088073730469,85527,0.0,0.0
2017-04-24 00:00:00+08:00,102.57209123573412,103.75447845458984,102.57209123573412,103.75447845458984,76223,0.0,0.0
2017-04-25 00:00:00+08:00,103.75447845458984,104.05007525930378,103.45888164987592,103.75447845458984,26395,0.0,0.0
2017-04-26 00:00:00+08:00,103.75448507259489,103.75448507259489,101.98090413118301,102.57209777832031,91733,0.0,0.0
2017-04-27 00:00:00+08:00,102.57210135046456,102.57210135046456,102.27650451660156,102.27650451660156,46300,0.0,0.0
2017-04-28 00:00:00+08:00,102.86769460188896,102.86769460188896,102.57209777832031,102.57209777832031,22700,0.0,0.0
2017-05-02 00:00:00+08:00,102.57209777832031,103.1632914254576,102.57209777832031,102.57209777832031,36667,0.0,0.0
2017-05-03 00:00:00+08:00,102.57209777832031,102.86769460188896,102.57209777832031,102.57209777832031,21650,0.0,0.0
2017-05-04 00:00:00+08:00,102.57209777832031,103.1632914254576,102.27650095475165,102.57209777832031,39899,0.0,0.0
2017-05-05 00:00:00+08:00,102.57208661923464,102.86768341064453,102.57208661923464,102.86768341064453,54970,0.0,0.0
2017-05-08 00:00:00+08:00,103.16326776034589,103.16326776034589,101.68528398154437,101.98088073730469,152838,0.0,0.0
2017-05-09 00:00:00+08:00,102.57210135046456,102.57210135046456,101.68531084887553,102.27650451660156,71450,0.0,0.0
2017-05-10 00:00:00+08:00,101.68529624500493,102.86768341064453,101.68529624500493,102.86768341064453,30110,0.0,0.0
2017-05-11 00:00:00+08:00,101.98090413118301,102.86769460188896,101.68530730761437,102.57209777832031,68400,0.0,0.0
2017-05-12 00:00:00+08:00,102.57210135046456,102.57210135046456,102.27650451660156,102.27650451660156,27621,0.0,0.0
2017-05-15 00:00:00+08:00,102.27648982782473,102.86768341064453,102.27648982782473,102.86768341064453,63327,0.0,0.0
2017-05-16 00:00:00+08:00,103.16328430175781,103.16328430175781,102.86768749860092,103.16328430175781,43248,0.0,0.0
2017-05-17 00:00:00+08:00,103.45888110491471,103.45888110491471,102.86768749860092,103.16328430175781,32485,0.0,0.0
2017-05-18 00:00:00+08:00,102.57208661923464,102.86768341064453,102.57208661923464,102.86768341064453,28833,0.0,0.0
2017-05-19 00:00:00+08:00,102.86769460188896,102.86769460188896,102.57209777832031,102.57209777832031,36919,0.0,0.0
2017-05-22 00:00:00+08:00,102.57209777832031,102.57209777832031,102.27650095475165,102.57209777832031,48710,0.0,0.0
2017-05-23 00:00:00+08:00,102.57208661923464,102.86768341064453,102.57208661923464,102.86768341064453,22000,0.0,0.0
2017-05-24 00:00:00+08:00,102.86768341064453,102.86768341064453,102.27648982782473,102.86768341064453,33201,0.0,0.0
2017-05-25 00:00:00+08:00,102.57209069544402,103.16328430175781,102.57209069544402,103.16328430175781,45000,0.0,0.0
2017-05-26 00:00:00+08:00,102.86768749860092,103.16328430175781,102.57209069544402,103.16328430175781,41030,0.0,0.0
2017-05-31 00:00:00+08:00,103.16327783946613,104.34566497802734,103.16327783946613,104.34566497802734,86162,0.0,0.0
2017-06-01 00:00:00+08:00,104.34567314470318,104.9368667602539,104.34567314470318,104.9368667602539,50750,0.0,0.0
2017-06-02 00:00:00+08:00,104.64126176266765,104.64126176266765,104.05006819338703,104.34566497802734,33350,0.0,0.0
2017-06-05 00:00:00+08:00,104.3456720640177,104.3456720640177,103.45888164987592,103.75447845458984,84735,0.0,0.0
2017-06-06 00:00:00+08:00,103.75447140874674,104.34566497802734,103.75447140874674,104.34566497802734,27600,0.0,0.0
2017-06-07 00:00:00+08:00,104.34566497802734,104.64126176266765,104.34566497802734,104.34566497802734,29458,0.0,0.0
2017-06-08 00:00:00+08:00,104.64126995247855,104.9368667602539,104.64126995247855,104.9368667602539,25250,0.0,0.0
2017-06-09 00:00:00+08:00,104.93686266538113,104.93686266538113,104.05007227665959,104.64126586914062,71565,0.0,0.0
2017-06-12 00:00:00+08:00,104.34566497802734,104.34566497802734,104.05006819338703,104.34566497802734,24493,0.0,0.0
2017-06-13 00:00:00+08:00,104.34566907290011,104.64126586914061,104.34566907290011,104.64126586914062,18560,0.0,0.0
2017-06-14 00:00:00+08:00,104.64125763286243,104.93685440583663,103.75446731393987,104.05006408691406,59321,0.0,0.0
2017-06-15 00:00:00+08:00,104.05007525930378,104.05007525930378,103.75447845458984,103.75447845458984,25599,0.0,0.0
2017-06-16 00:00:00+08:00,103.75446731393987,104.34566085988826,103.75446731393987,104.05006408691406,36400,0.0,0.0
2017-06-19 00:00:00+08:00,104.05006819338703,104.34566497802734,104.05006819338703,104.34566497802734,27455,0.0,0.0
2017-06-20 00:00:00+08:00,104.34566497802734,104.93685854730795,104.05006819338703,104.34566497802734,53037,0.0,0.0
2017-06-21 00:00:00+08:00,104.64126176266765,104.64126176266765,104.34566497802734,104.34566497802734,19250,0.0,0.0
2017-06-22 00:00:00+08:00,104.64126176266765,104.64126176266765,104.05006819338703,104.34566497802734,29412,0.0,0.0
2017-06-23 00:00:00+08:00,104.34566497802734,104.64126176266765,104.05006819338703,104.34566497802734,38426,0.0,0.0
2017-06-26 00:00:00+08:00,104.64126176266765,104.64126176266765,104.34566497802734,104.34566497802734,22641,0.0,0.0
2017-06-27 00:00:00+08:00,104.64126995247855,104.9368667602539,104.64126995247855,104.9368667602539,41608,0.0,0.0
2017-06-28 00:00:00+08:00,104.93686266538113,104.93686266538113,104.64126586914061,104.64126586914062,38255,0.0,0.0
2017-06-29 00:00:00+08:00,104.64126586914061,105.52805625786215,104.64126586914061,104.64126586914062,71862,0.0,0.0
2017-06-30 00:00:00+08:00,104.64126995247855,104.9368667602539,104.64126995247855,104.9368667602539,16000,0.0,0.0
2017-07-03 00:00:00+08:00,104.9368667602539,105.23246356802927,104.64126995247855,104.9368667602539,37635,0.0,0.0
2017-07-04 00:00:00+08:00,105.23246356802927,105.23246356802927,104.34567314470318,104.9368667602539,95250,0.0,0.0
2017-07-05 00:00:00+08:00,104.93686266538113,104.93686266538113,104.64126586914061,104.64126586914062,43297,0.0,0.0
2017-07-06 00:00:00+08:00,104.93686266538113,104.93686266538113,104.34566907290011,104.64126586914062,22737,0.0,0.0
2017-07-07 00:00:00+08:00,104.64126586914061,104.64126586914061,104.05007227665959,104.64126586914062,62700,0.0,0.0
2017-07-10 00:00:00+08:00,104.64126586914061,104.64126586914061,104.34566907290011,104.64126586914062,35300,0.0,0.0
2017-07-11 00:00:00+08:00,104.64126586914061,104.64126586914061,104.05007227665959,104.64126586914062,72553,0.0,0.0
2017-07-12 00:00:00+08:00,104.64126586914061,104.64126586914061,104.34566907290011,104.64126586914062,37800,0.0,0.0
2017-07-13 00:00:00+08:00,104.34566962852905,105.23246002197264,104.34566962852905,105.23246002197266,83860,0.0,0.0
2017-07-14 00:00:00+08:00,104.9368667602539,105.52806037580463,104.64126995247855,104.9368667602539,104509,0.0,0.0
2017-07-17 00:00:00+08:00,105.23246816283498,106.11925862488134,105.23246816283498,105.82366180419922,134182,0.0,0.0
2017-07-18 00:00:00+08:00,106.11926987591912,106.11926987591912,105.23247931985294,105.528076171875,47369,0.0,0.0
2017-07-19 00:00:00+08:00,105.52805681978718,105.52805681978718,105.23246002197264,105.23246002197266,25748,0.0,0.0
2017-07-20 00:00:00+08:00,105.23246816283498,105.82366180419922,105.23246816283498,105.82366180419922,49950,0.0,0.0
2017-07-21 00:00:00+08:00,105.82367302389706,105.82367302389706,105.528076171875,105.528076171875,50722,0.0,0.0
2017-07-24 00:00:00+08:00,105.82365718358,105.82365718358,104.9368667602539,104.9368667602539,139490,0.0,0.0
2017-07-25 00:00:00+08:00,104.93687621056134,105.23247304495727,104.64127937616539,97.8425521850586,323050,0.0,0.0
2017-07-26 00:00:00+08:00,105.6721700560799,107.25883927614116,105.6721700560799,106.9415054321289,334716,11.336591,0.0
2017-07-27 00:00:00+08:00,107.25883483886719,107.89350250063563,107.25883483886719,107.25883483886719,109950,0.0,0.0
2017-07-28 00:00:00+08:00,107.57618529456002,107.57618529456002,106.62418365478516,106.62418365478516,68671,0.0,0.0
2017-07-31 00:00:00+08:00,106.62418365478516,106.62418365478516,106.3068497748602,106.62418365478516,37377,0.0,0.0
2017-08-01 00:00:00+08:00,106.62418365478516,106.62418365478516,106.3068497748602,106.62418365478516,47626,0.0,0.0
2017-08-02 00:00:00+08:00,106.62418365478516,106.62418365478516,106.3068497748602,106.62418365478516,35207,0.0,0.0
2017-08-03 00:00:00+08:00,106.6241926547296,106.6241926547296,105.9895248413086,105.9895248413086,57394,0.0,0.0
2017-08-04 00:00:00+08:00,105.9895248413086,106.3068587480191,105.9895248413086,105.9895248413086,38150,0.0,0.0
2017-08-07 00:00:00+08:00,105.98951589493524,106.62418365478516,105.98951589493524,106.62418365478516,39560,0.0,0.0
2017-08-08 00:00:00+08:00,106.62418814132462,106.94152203460237,106.30685424804688,106.30685424804688,39579,0.0,0.0
2017-08-09 00:00:00+08:00,106.9415265614401,106.9415265614401,105.9895248413086,105.9895248413086,30104,0.0,0.0
2017-08-10 00:00:00+08:00,105.98950639787736,106.30684024936802,105.03750484340542,105.67217254638672,87033,0.0,0.0
2017-08-11 00:00:00+08:00,105.6721770045269,105.6721770045269,105.03750927476999,105.35484313964844,162513,0.0,0.0
2017-08-14 00:00:00+08:00,105.67218600186433,105.67218600186433,104.72018432617186,104.72018432617188,82575,0.0,0.0
2017-08-15 00:00:00+08:00,104.72018432617186,104.72018432617186,104.40285043427437,104.72018432617188,70100,0.0,0.0
2017-08-16 00:00:00+08:00,104.72017799935689,104.72017799935689,104.08551025390625,104.08551025390625,64625,0.0,0.0
2017-08-17 00:00:00+08:00,104.08551025390625,104.08551025390625,103.76817638118092,104.08551025390625,77995,0.0,0.0
2017-08-18 00:00:00+08:00,104.08549621207582,104.08549621207582,103.13349472233122,103.4508285522461,139160,0.0,0.0
2017-08-21 00:00:00+08:00,103.4508285522461,103.4508285522461,103.13349472233122,103.4508285522461,75324,0.0,0.0
2017-08-22 00:00:00+08:00,103.45084064190203,103.45084064190203,102.81617290790264,103.13350677490234,61789,0.0,0.0
2017-08-23 00:00:00+08:00,103.13351486668441,105.35485210996684,103.13351486668441,104.72018432617188,147321,0.0,0.0
2017-08-24 00:00:00+08:00,105.03751821806935,105.03751821806935,104.08551654237688,104.72018432617188,46002,0.0,0.0
2017-08-25 00:00:00+08:00,104.72018432617186,105.03751821806935,104.40285043427437,104.72018432617188,34775,0.0,0.0
2017-08-28 00:00:00+08:00,104.72017540989152,105.35484313964844,104.40284154501306,105.35484313964844,26600,0.0,0.0
2017-08-29 00:00:00+08:00,105.03752312117707,105.9895248413086,105.03752312117707,105.9895248413086,44803,0.0,0.0
2017-08-30 00:00:00+08:00,106.3068587480191,106.3068587480191,105.67219093459809,105.9895248413086,28800,0.0,0.0
2017-08-31 00:00:00+08:00,106.62418814132462,106.62418814132462,105.98952035476913,106.30685424804688,27630,0.0,0.0
2017-09-01 00:00:00+08:00,106.3068497748602,106.62418365478516,106.3068497748602,106.62418365478516,35000,0.0,0.0
2017-09-04 00:00:00+08:00,106.6241926547296,106.6241926547296,105.35485702788758,105.9895248413086,63580,0.0,0.0
2017-09-05 00:00:00+08:00,105.98950639787736,105.98950639787736,105.03750484340542,105.67217254638672,21337,0.0,0.0
2017-09-06 00:00:00+08:00,105.35483869489606,105.67217254638672,105.03750484340542,105.67217254638672,27550,0.0,0.0
2017-09-07 00:00:00+08:00,105.35484313964844,105.6721770045269,105.35484313964844,105.35484313964844,21180,0.0,0.0
2017-09-08 00:00:00+08:00,105.67219093459809,105.9895248413086,105.67219093459809,105.9895248413086,17410,0.0,0.0
2017-09-11 00:00:00+08:00,106.3068587480191,106.3068587480191,105.67219093459809,105.9895248413086,27593,0.0,0.0
2017-09-12 00:00:00+08:00,105.9895248413086,105.9895248413086,105.67219093459809,105.9895248413086,48250,0.0,0.0
2017-09-13 00:00:00+08:00,105.6721770045269,105.6721770045269,105.35484313964844,105.35484313964844,16250,0.0,0.0
2017-09-14 00:00:00+08:00,105.67218646149136,106.30685424804688,105.35485256821362,106.30685424804688,71423,0.0,0.0
2017-09-15 00:00:00+08:00,105.98952035476913,106.30685424804688,105.67218646149136,106.30685424804688,21324,0.0,0.0
2017-09-18 00:00:00+08:00,105.98950639787736,105.98950639787736,105.35483869489606,105.67217254638672,33335,0.0,0.0
2017-09-19 00:00:00+08:00,105.35483869489606,105.98950639787736,105.35483869489606,105.67217254638672,26321,0.0,0.0
2017-09-20 00:00:00+08:00,105.98950639787736,105.98950639787736,105.35483869489606,105.67217254638672,48552,0.0,0.0
2017-09-21 00:00:00+08:00,105.67217254638672,105.67217254638672,105.35483869489606,105.67217254638672,31280,0.0,0.0
2017-09-22 00:00:00+08:00,105.6721770045269,105.6721770045269,105.03750927476999,105.35484313964844,36200,0.0,0.0
2017-09-25 00:00:00+08:00,105.35485210996684,105.35485210996684,103.76818265047939,104.72018432617188,112380,0.0,0.0
2017-09-26 00:00:00+08:00,104.08551654237688,104.72018432617186,104.08551654237688,104.72018432617188,34060,0.0,0.0
2017-09-27 00:00:00+08:00,104.72017351979542,104.72017351979542,104.40283966064453,104.40283966064453,30450,0.0,0.0
2017-09-28 00:00:00+08:00,104.40283966064453,104.40283966064453,104.08550580149364,104.40283966064453,20275,0.0,0.0
2017-09-29 00:00:00+08:00,104.08550580149364,104.40283966064453,104.08550580149364,104.40283966064453,17325,0.0,0.0
2017-10-02 00:00:00+08:00,105.03752312117707,105.9895248413086,105.03752312117707,105.9895248413086,33998,0.0,0.0
2017-10-03 00:00:00+08:00,106.3068587480191,106.3068587480191,105.67219093459809,105.9895248413086,17125,0.0,0.0
2017-10-05 00:00:00+08:00,106.62418814132462,106.62418814132462,105.98952035476913,106.30685424804688,48591,0.0,0.0
2017-10-06 00:00:00+08:00,106.3068497748602,106.62418365478516,105.98951589493524,106.62418365478516,55325,0.0,0.0
2017-10-11 00:00:00+08:00,106.62418365478516,106.62418365478516,106.3068497748602,106.62418365478516,31716,0.0,0.0
2017-10-12 00:00:00+08:00,106.62418365478516,106.62418365478516,106.3068497748602,106.62418365478516,21237,0.0,0.0
2017-10-13 00:00:00+08:00,106.62417410085867,106.62417410085867,105.67217254638672,105.67217254638672,39264,0.0,0.0
2017-10-16 00:00:00+08:00,105.67219093459809,105.9895248413086,105.35485702788758,105.9895248413086,31979,0.0,0.0
2017-10-17 00:00:00+08:00,105.9895248413086,105.9895248413086,105.67219093459809,105.9895248413086,24350,0.0,0.0
2017-10-18 00:00:00+08:00,105.98951086940536,105.98951086940536,105.35484313964844,105.35484313964844,22046,0.0,0.0
2017-10-19 00:00:00+08:00,105.67217254638672,106.30684024936802,105.35483869489606,105.67217254638672,34729,0.0,0.0
2017-10-20 00:00:00+08:00,105.6721770045269,106.30684473428381,105.35484313964844,105.35484313964844,54462,0.0,0.0
2017-10-23 00:00:00+08:00,105.9895248413086,106.3068587480191,105.67219093459809,105.9895248413086,73543,0.0,0.0
2017-10-24 00:00:00+08:00,106.3068587480191,106.3068587480191,105.67219093459809,105.9895248413086,56513,0.0,0.0
2017-10-25 00:00:00+08:00,106.30684473428381,106.30684473428381,105.35484313964844,105.35484313964844,45026,0.0,0.0
2017-10-26 00:00:00+08:00,105.6721770045269,105.6721770045269,105.35484313964844,105.35484313964844,60570,0.0,0.0
2017-10-27 00:00:00+08:00,105.6721770045269,105.98951086940536,105.35484313964844,105.35484313964844,46785,0.0,0.0
2017-10-30 00:00:00+08:00,105.35485702788758,106.3068587480191,105.35485702788758,105.9895248413086,51161,0.0,0.0
2017-10-31 00:00:00+08:00,105.9895248413086,106.3068587480191,105.67219093459809,105.9895248413086,29232,0.0,0.0
2017-11-01 00:00:00+08:00,105.98950639787736,105.98950639787736,105.35483869489606,105.67217254638672,42000,0.0,0.0
2017-11-02 00:00:00+08:00,105.67217254638672,105.67217254638672,105.35483869489606,105.67217254638672,34720,0.0,0.0
2017-11-03 00:00:00+08:00,105.67218600186433,105.67218600186433,104.72018432617186,104.72018432617188,70322,0.0,0.0
2017-11-06 00:00:00+08:00,104.72017540989152,105.6721770045269,104.72017540989152,105.35484313964844,90200,0.0,0.0
2017-11-07 00:00:00+08:00,105.35483869489606,105.98950639787736,105.03750484340542,105.67217254638672,40476,0.0,0.0
2017-11-08 00:00:00+08:00,105.6721770045269,105.6721770045269,105.03750927476999,105.35484313964844,75160,0.0,0.0
2017-11-09 00:00:00+08:00,105.6721770045269,105.98951086940536,105.35484313964844,105.35484313964844,37046,0.0,0.0
2017-11-10 00:00:00+08:00,105.35483869489606,105.67217254638672,105.03750484340542,105.67217254638672,34227,0.0,0.0
2017-11-13 00:00:00+08:00,105.98951086940536,105.98951086940536,105.35484313964844,105.35484313964844,67871,0.0,0.0
2017-11-14 00:00:00+08:00,105.35483995881326,105.35483995881326,104.08550453762274,105.03750610351562,100215,0.0,0.0
2017-11-15 00:00:00+08:00,105.35483995881326,105.35483995881326,104.720172248218,105.03750610351562,38155,0.0,0.0
2017-11-16 00:00:00+08:00,105.03750927476999,105.35484313964844,104.72017540989152,105.35484313964844,48629,0.0,0.0
2017-11-17 00:00:00+08:00,105.35484313964844,105.6721770045269,105.03750927476999,105.35484313964844,29302,0.0,0.0
2017-11-20 00:00:00+08:00,105.67218646149136,106.30685424804688,105.35485256821362,106.30685424804688,57651,0.0,0.0
2017-11-21 00:00:00+08:00,106.3068497748602,107.25885141463506,106.3068497748602,106.62418365478516,177172,0.0,0.0
2017-11-22 00:00:00+08:00,106.62417158811665,107.25883927614116,106.62417158811665,106.9415054321289,60750,0.0,0.0
2017-11-23 00:00:00+08:00,106.94151753471012,106.94151753471012,106.62418365478516,106.62418365478516,45200,0.0,0.0
2017-11-24 00:00:00+08:00,106.62418365478516,106.94151753471012,106.3068497748602,106.62418365478516,41250,0.0,0.0
2017-11-27 00:00:00+08:00,106.62418365478516,106.94151753471012,106.62418365478516,106.62418365478516,22280,0.0,0.0
2017-11-28 00:00:00+08:00,106.6241926547296,106.6241926547296,105.9895248413086,105.9895248413086,20972,0.0,0.0
2017-11-29 00:00:00+08:00,105.98952035476913,106.62418814132462,105.98952035476913,106.30685424804688,19000,0.0,0.0
2017-11-30 00:00:00+08:00,106.30684473428381,106.30684473428381,105.35484313964844,105.35484313964844,67950,0.0,0.0
2017-12-01 00:00:00+08:00,105.35483869489606,105.98950639787736,105.35483869489606,105.67217254638672,31350,0.0,0.0
2017-12-04 00:00:00+08:00,105.67219093459809,105.9895248413086,105.67219093459809,105.9895248413086,12572,0.0,0.0
2017-12-05 00:00:00+08:00,105.67217254638672,105.98950639787736,105.67217254638672,105.67217254638672,19275,0.0,0.0
2017-12-06 00:00:00+08:00,105.6721770045269,105.98951086940536,105.35484313964844,105.35484313964844,30554,0.0,0.0
2017-12-07 00:00:00+08:00,105.35484313964844,105.98951086940536,105.35484313964844,105.35484313964844,31000,0.0,0.0
2017-12-08 00:00:00+08:00,105.03751821806935,105.03751821806935,104.72018432617186,104.72018432617188,41100,0.0,0.0
2017-12-11 00:00:00+08:00,105.03750610351562,105.35483995881326,105.03750610351562,105.03750610351562,42809,0.0,0.0
2017-12-12 00:00:00+08:00,105.03751821806935,105.03751821806935,103.4508487585819,104.72018432617188,269211,0.0,0.0
2017-12-13 00:00:00+08:00,105.03751821806935,105.03751821806935,104.72018432617186,104.72018432617188,34000,0.0,0.0
2017-12-14 00:00:00+08:00,104.72018432617186,105.03751821806935,104.72018432617186,104.72018432617188,74000,0.0,0.0
2017-12-15 00:00:00+08:00,104.40283966064453,104.40283966064453,103.76817194234275,104.40283966064453,133034,0.0,0.0
2017-12-18 00:00:00+08:00,104.720172248218,105.03750610351562,104.720172248218,105.03750610351562,40335,0.0,0.0
2017-12-19 00:00:00+08:00,104.72018432617186,104.72018432617186,104.72018432617186,104.72018432617188,27217,0.0,0.0
2017-12-20 00:00:00+08:00,104.720172248218,105.03750610351562,104.40283839292037,105.03750610351562,39340,0.0,0.0
2017-12-21 00:00:00+08:00,105.03751821806935,105.35485210996684,104.72018432617186,104.72018432617188,53100,0.0,0.0
2017-12-22 00:00:00+08:00,105.03750927476999,105.35484313964844,105.03750927476999,105.35484313964844,12355,0.0,0.0
2017-12-25 00:00:00+08:00,105.35485210996684,105.67218600186433,104.72018432617186,104.72018432617188,61410,0.0,0.0
2017-12-26 00:00:00+08:00,104.72017351979542,104.72017351979542,104.40283966064453,104.40283966064453,23200,0.0,0.0
2017-12-27 00:00:00+08:00,104.720172248218,105.35483995881326,104.720172248218,105.03750610351562,46355,0.0,0.0
2017-12-28 00:00:00+08:00,104.720172248218,105.35483995881326,104.720172248218,105.03750610351562,62375,0.0,0.0
2017-12-29 00:00:00+08:00,105.03750737894633,105.35484123809722,104.40283966064453,104.40283966064453,144199,0.0,0.0
2018-01-02 00:00:00+08:00,105.03750484340542,105.67217254638672,105.03750484340542,105.67217254638672,41425,0.0,0.0
2018-01-03 00:00:00+08:00,105.67217254638672,105.98950639787736,105.67217254638672,105.67217254638672,46750,0.0,0.0
2018-01-04 00:00:00+08:00,105.6721770045269,105.6721770045269,105.03750927476999,105.35484313964844,96400,0.0,0.0
2018-01-05 00:00:00+08:00,105.35483995881326,105.67217381411089,105.03750610351562,105.03750610351562,39351,0.0,0.0
2018-01-08 00:00:00+08:00,105.03750927476999,105.6721770045269,104.72017540989152,105.35484313964844,132369,0.0,0.0
2018-01-09 00:00:00+08:00,105.35485702788758,105.9895248413086,105.03752312117707,105.9895248413086,43600,0.0,0.0
2018-01-10 00:00:00+08:00,105.98950639787736,106.30684024936802,105.67217254638672,105.67217254638672,55450,0.0,0.0
2018-01-11 00:00:00+08:00,105.67218646149136,106.30685424804688,105.67218646149136,106.30685424804688,38387,0.0,0.0
2018-01-12 00:00:00+08:00,106.3068497748602,106.94151753471012,105.98951589493524,106.62418365478516,89056,0.0,0.0
2018-01-15 00:00:00+08:00,106.94150100798296,107.25883483886719,106.94150100798296,107.25883483886719,100405,0.0,0.0
2018-01-16 00:00:00+08:00,107.25883483886719,107.25883483886719,106.94150100798296,107.25883483886719,48250,0.0,0.0
2018-01-17 00:00:00+08:00,107.25884121165556,107.89350891113281,106.94150736191695,107.89350891113281,60178,0.0,0.0
2018-01-18 00:00:00+08:00,107.89351208818275,108.21084594726562,107.89351208818275,108.21084594726562,65646,0.0,0.0
2018-01-19 00:00:00+08:00,108.21083633151986,108.21083633151986,107.25883483886719,107.25883483886719,73175,0.0,0.0
2018-01-22 00:00:00+08:00,107.25883483886719,107.57616866975141,106.94150100798296,107.25883483886719,49201,0.0,0.0
2018-01-23 00:00:00+08:00,107.25883483886719,107.57616866975141,107.25883483886719,107.25883483886719,41580,0.0,0.0
2018-01-24 00:00:00+08:00,107.25885324843865,107.57618713378908,106.94151936308825,107.57618713378906,43574,0.0,0.0
2018-01-25 00:00:00+08:00,107.25883927614116,107.25883927614116,106.62417158811665,106.9415054321289,32600,0.0,0.0
2018-01-26 00:00:00+08:00,107.25883483886719,107.25883483886719,106.94150100798296,107.25883483886719,25451,0.0,0.0
2018-01-29 00:00:00+08:00,107.57616866975141,107.57616866975141,107.25883483886719,107.25883483886719,50361,0.0,0.0
2018-01-30 00:00:00+08:00,107.25883483886719,107.57616866975141,107.25883483886719,107.25883483886719,29125,0.0,0.0
2018-01-31 00:00:00+08:00,106.9415054321289,107.25883927614116,106.9415054321289,106.9415054321289,22975,0.0,0.0
2018-02-01 00:00:00+08:00,106.94150100798296,107.57616866975141,106.94150100798296,107.25883483886719,15466,0.0,0.0
2018-02-02 00:00:00+08:00,107.57616866975141,107.57616866975141,107.25883483886719,107.25883483886719,23150,0.0,0.0
2018-02-05 00:00:00+08:00,106.94150100798296,107.25883483886719,106.62416717709874,107.25883483886719,57100,0.0,0.0
2018-02-06 00:00:00+08:00,106.62417410085867,106.62417410085867,105.03750484340542,105.67217254638672,150184,0.0,0.0
2018-02-07 00:00:00+08:00,106.30685424804688,106.62418814132462,105.67218646149136,106.30685424804688,54023,0.0,0.0
2018-02-08 00:00:00+08:00,106.3068587480191,106.6241926547296,105.67219093459809,105.9895248413086,66700,0.0,0.0
2018-02-09 00:00:00+08:00,105.9895248413086,105.9895248413086,105.9895248413086,105.9895248413086,0,0.0,0.0
2018-02-12 00:00:00+08:00,105.98952035476913,106.94152203460237,105.35485256821362,106.30685424804688,52424,0.0,0.0
2018-02-21 00:00:00+08:00,107.25883927614116,107.25883927614116,106.62417158811665,106.9415054321289,46270,0.0,0.0
2018-02-22 00:00:00+08:00,106.3068377441044,106.9415054321289,106.3068377441044,106.9415054321289,48000,0.0,0.0
2018-02-23 00:00:00+08:00,106.3068377441044,107.25883927614116,106.3068377441044,106.9415054321289,41500,0.0,0.0
2018-02-26 00:00:00+08:00,107.25883483886719,107.89350250063563,107.25883483886719,107.25883483886719,61500,0.0,0.0
2018-02-27 00:00:00+08:00,107.57618713378908,107.89352101913948,107.25885324843865,107.57618713378906,32288,0.0,0.0
2018-03-01 00:00:00+08:00,107.57618010321329,109.16284942626953,107.25884623860203,109.16284942626953,139104,0.0,0.0
2018-03-02 00:00:00+08:00,109.16286331794166,110.1148650329237,108.84552941294763,109.79753112792969,88944,0.0,0.0
2018-03-05 00:00:00+08:00,109.16285839415433,109.16285839415433,108.52819061279297,108.52819061279297,38324,0.0,0.0
2018-03-06 00:00:00+08:00,109.16284942626953,109.16284942626953,108.52818169704703,109.16284942626953,16415,0.0,0.0
2018-03-07 00:00:00+08:00,109.16282976675726,109.79749738168026,109.16282976675726,109.48016357421875,28351,0.0,0.0
2018-03-08 00:00:00+08:00,108.84552941294763,109.79753112792969,108.84552941294763,109.79753112792969,37423,0.0,0.0
2018-03-09 00:00:00+08:00,109.79751524268008,109.79751524268008,108.21084594726562,108.21084594726562,126160,0.0,0.0
2018-03-12 00:00:00+08:00,108.52819061279297,109.16285839415433,108.21085672211228,108.52819061279297,54240,0.0,0.0
2018-03-13 00:00:00+08:00,109.16286331794166,110.43219893791772,109.16286331794166,109.79753112792969,89681,0.0,0.0
2018-03-14 00:00:00+08:00,110.43218231201172,111.06685002644858,110.1148484547933,110.43218231201172,73076,0.0,0.0
2018-03-15 00:00:00+08:00,110.43217787428367,110.74951171875,109.797510185351,110.74951171875,28779,0.0,0.0
2018-03-16 00:00:00+08:00,110.74951616923015,110.74951616923015,110.43218231201172,110.43218231201172,12125,0.0,0.0
2018-03-19 00:00:00+08:00,110.43218677531745,110.43218677531745,110.11485290527342,110.11485290527344,21425,0.0,0.0
2018-03-20 00:00:00+08:00,110.11483118914177,110.11483118914177,109.48016357421875,109.48016357421875,17395,0.0,0.0
2018-03-21 00:00:00+08:00,110.43218677531745,110.43218677531745,109.4801851651854,110.11485290527344,21859,0.0,0.0
2018-03-22 00:00:00+08:00,110.11483118914177,110.11483118914177,109.48016357421875,109.48016357421875,37000,0.0,0.0
2018-03-23 00:00:00+08:00,109.16286154877687,109.48019544862797,108.84552764892578,108.84552764892578,46122,0.0,0.0
2018-03-26 00:00:00+08:00,108.84552764892578,109.16286154877687,108.21085984922358,108.84552764892578,32658,0.0,0.0
2018-03-27 00:00:00+08:00,109.16282976675726,109.79749738168026,109.16282976675726,109.48016357421875,34590,0.0,0.0
2018-03-28 00:00:00+08:00,109.16285839415433,109.16285839415433,108.52819061279297,108.52819061279297,99000,0.0,0.0
2018-03-29 00:00:00+08:00,108.52819061279297,108.52819061279297,108.21085672211228,108.52819061279297,74758,0.0,0.0
2018-03-30 00:00:00+08:00,108.52817980634852,108.84551366543141,108.21084594726562,108.21084594726562,82769,0.0,0.0
2018-04-02 00:00:00+08:00,110.1148484547933,111.06685002644858,110.1148484547933,110.43218231201172,89690,0.0,0.0
2018-04-03 00:00:00+08:00,110.43218677531745,110.43218677531745,109.79751903522941,110.11485290527344,22757,0.0,0.0
2018-04-09 00:00:00+08:00,109.79751903522941,110.43218677531745,109.4801851651854,110.11485290527344,38409,0.0,0.0
2018-04-10 00:00:00+08:00,110.1148650329237,110.43219893791772,109.79753112792969,109.79753112792969,49905,0.0,0.0
2018-04-11 00:00:00+08:00,110.11484402981733,110.74951171875,109.797510185351,110.74951171875,71410,0.0,0.0
2018-04-12 00:00:00+08:00,111.06686401367186,111.38419791085379,111.06686401367186,111.06686401367188,92847,0.0,0.0
2018-04-13 00:00:00+08:00,111.06684556321633,111.38417940768267,110.74951171875,110.74951171875,40285,0.0,0.0
2018-04-16 00:00:00+08:00,111.06685002644858,111.06685002644858,110.1148484547933,110.43218231201172,43150,0.0,0.0
2018-04-17 00:00:00+08:00,110.43219893791772,110.43219893791772,109.79753112792969,109.79753112792969,43040,0.0,0.0
2018-04-18 00:00:00+08:00,110.11485290527342,110.43218677531745,109.79751903522941,110.11485290527344,22610,0.0,0.0
2018-04-19 00:00:00+08:00,111.06685002644858,111.38418388366699,109.79751459757487,110.43218231201172,42136,0.0,0.0
2018-04-20 00:00:00+08:00,110.43218231201172,110.43218231201172,109.79751459757487,110.43218231201172,34201,0.0,0.0
2018-04-23 00:00:00+08:00,110.43218677531745,110.43218677531745,110.11485290527342,110.11485290527344,8413,0.0,0.0
2018-04-24 00:00:00+08:00,110.11485290527342,110.11485290527342,109.4801851651854,110.11485290527344,59217,0.0,0.0
2018-04-25 00:00:00+08:00,110.1148484547933,110.43218231201172,109.16284688313803,110.43218231201172,34349,0.0,0.0
2018-04-26 00:00:00+08:00,110.43218677531745,110.43218677531745,109.79751903522941,110.11485290527344,15080,0.0,0.0
2018-04-27 00:00:00+08:00,109.79751903522941,110.11485290527342,109.79751903522941,110.11485290527344,22478,0.0,0.0
2018-04-30 00:00:00+08:00,110.1148484547933,110.43218231201172,109.79751459757487,110.43218231201172,42100,0.0,0.0
2018-05-02 00:00:00+08:00,110.43218231201172,110.74951616923015,110.1148484547933,110.43218231201172,38350,0.0,0.0
2018-05-03 00:00:00+08:00,110.74951616923015,110.74951616923015,109.79751459757487,110.43218231201172,16543,0.0,0.0
2018-05-04 00:00:00+08:00,111.06684556321633,111.06684556321633,110.43217787428367,110.74951171875,21400,0.0,0.0
2018-05-07 00:00:00+08:00,111.06685002644858,111.06685002644858,110.1148484547933,110.43218231201172,35850,0.0,0.0
2018-05-08 00:00:00+08:00,110.43218231201172,110.43218231201172,110.1148484547933,110.43218231201172,24104,0.0,0.0
2018-05-09 00:00:00+08:00,110.74952064536146,110.74952064536146,109.79751903522941,110.11485290527344,41774,0.0,0.0
2018-05-10 00:00:00+08:00,110.43218677531745,110.43218677531745,110.11485290527342,110.11485290527344,21556,0.0,0.0
2018-05-11 00:00:00+08:00,110.43218231201172,110.43218231201172,110.1148484547933,110.43218231201172,40996,0.0,0.0
2018-05-14 00:00:00+08:00,110.43218231201172,110.43218231201172,110.1148484547933,110.43218231201172,33648,0.0,0.0
2018-05-15 00:00:00+08:00,110.43218231201172,110.43218231201172,110.1148484547933,110.43218231201172,31100,0.0,0.0
2018-05-16 00:00:00+08:00,110.43218677531745,110.43218677531745,109.79751903522941,110.11485290527344,33440,0.0,0.0
2018-05-17 00:00:00+08:00,110.43218231201172,110.43218231201172,109.79751459757487,110.43218231201172,33045,0.0,0.0
2018-05-18 00:00:00+08:00,110.74951616923015,110.74951616923015,110.1148484547933,110.43218231201172,36086,0.0,0.0
2018-05-21 00:00:00+08:00,110.74951616923015,110.74951616923015,110.1148484547933,110.43218231201172,53097,0.0,0.0
2018-05-22 00:00:00+08:00,110.43217787428367,110.74951171875,110.43217787428367,110.74951171875,26700,0.0,0.0
2018-05-23 00:00:00+08:00,110.74952064536146,110.74952064536146,110.11485290527342,110.11485290527344,37320,0.0,0.0
2018-05-24 00:00:00+08:00,110.74951171875,110.74951171875,110.11484402981733,110.74951171875,54700,0.0,0.0
2018-05-25 00:00:00+08:00,110.74951616923015,110.74951616923015,110.43218231201172,110.43218231201172,39668,0.0,0.0
2018-05-28 00:00:00+08:00,111.06685002644858,111.06685002644858,110.1148484547933,110.43218231201172,63787,0.0,0.0
2018-05-29 00:00:00+08:00,110.43218231201172,110.43218231201172,110.1148484547933,110.43218231201172,24311,0.0,0.0
2018-05-30 00:00:00+08:00,110.43218231201172,110.43218231201172,110.1148484547933,110.43218231201172,26400,0.0,0.0
2018-05-31 00:00:00+08:00,110.43217787428367,110.74951171875,110.43217787428367,110.74951171875,39941,0.0,0.0
2018-06-01 00:00:00+08:00,110.74951171875,110.74951171875,110.43217787428367,110.74951171875,28600,0.0,0.0
2018-06-04 00:00:00+08:00,110.74951171875,110.74951171875,110.43217787428367,110.74951171875,60826,0.0,0.0
2018-06-05 00:00:00+08:00,110.74951616923015,110.74951616923015,110.1148484547933,110.43218231201172,78337,0.0,0.0
2018-06-06 00:00:00+08:00,110.43218677531745,110.43218677531745,109.79751903522941,110.11485290527344,94563,0.0,0.0
2018-06-07 00:00:00+08:00,110.74952064536146,110.74952064536146,109.79751903522941,110.11485290527344,103956,0.0,0.0
2018-06-08 00:00:00+08:00,110.1148650329237,110.43219893791772,109.48019722293567,109.79753112792969,178960,0.0,0.0
2018-06-11 00:00:00+08:00,109.79753112792969,110.43219893791772,109.79753112792969,109.79753112792969,92423,0.0,0.0
2018-06-12 00:00:00+08:00,109.79753112792969,110.1148650329237,109.48019722293567,109.79753112792969,109100,0.0,0.0
2018-06-13 00:00:00+08:00,109.48016357421875,109.79749738168026,109.48016357421875,109.48016357421875,67911,0.0,0.0
2018-06-14 00:00:00+08:00,109.48019722293567,110.1148650329237,109.48019722293567,109.79753112792969,47102,0.0,0.0
2018-06-15 00:00:00+08:00,110.1148484547933,110.43218231201172,110.1148484547933,110.43218231201172,14605,0.0,0.0
2018-06-19 00:00:00+08:00,110.43218231201172,110.74951616923015,110.1148484547933,110.43218231201172,56600,0.0,0.0
2018-06-20 00:00:00+08:00,110.43218677531745,110.43218677531745,109.79751903522941,110.11485290527344,48326,0.0,0.0
2018-06-21 00:00:00+08:00,110.43218677531745,110.43218677531745,109.79751903522941,110.11485290527344,34800,0.0,0.0
2018-06-22 00:00:00+08:00,110.1148484547933,110.43218231201172,110.1148484547933,110.43218231201172,13300,0.0,0.0
2018-06-25 00:00:00+08:00,110.43218677531745,111.06685451540548,110.11485290527342,110.11485290527344,58320,0.0,0.0
2018-06-26 00:00:00+08:00,109.79751459757487,110.43218231201172,109.79751459757487,110.43218231201172,30300,0.0,0.0
2018-06-27 00:00:00+08:00,110.43218231201172,110.43218231201172,109.79751459757487,110.43218231201172,38416,0.0,0.0
2018-06-28 00:00:00+08:00,110.1148484547933,110.43218231201172,110.1148484547933,110.43218231201172,24020,0.0,0.0
2018-06-29 00:00:00+08:00,110.43219621930803,111.06686401367186,110.43219621930803,111.06686401367188,82800,0.0,0.0
2018-07-02 00:00:00+08:00,111.06686401367186,111.38419791085379,110.74953011648995,111.06686401367188,60050,0.0,0.0
2018-07-03 00:00:00+08:00,110.43218231201172,111.06685002644858,110.43218231201172,110.43218231201172,46045,0.0,0.0
2018-07-04 00:00:00+08:00,110.43218231201172,110.74951616923015,110.1148484547933,110.43218231201172,51600,0.0,0.0
2018-07-05 00:00:00+08:00,110.74951616923015,110.74951616923015,110.43218231201172,110.43218231201172,22186,0.0,0.0
2018-07-06 00:00:00+08:00,110.74951616923015,110.74951616923015,109.79751459757487,110.43218231201172,76660,0.0,0.0
2018-07-09 00:00:00+08:00,110.43218677531745,110.43218677531745,110.11485290527342,110.11485290527344,28739,0.0,0.0
2018-07-10 00:00:00+08:00,110.11484402981733,110.74951171875,110.11484402981733,110.74951171875,28100,0.0,0.0
2018-07-11 00:00:00+08:00,110.74951171875,111.06684556321633,110.74951171875,110.74951171875,46113,0.0,0.0
2018-07-12 00:00:00+08:00,111.06686401367186,111.06686401367186,110.74953011648995,111.06686401367188,62242,0.0,0.0
2018-07-13 00:00:00+08:00,111.06684432070479,111.3841781616211,111.06684432070479,111.3841781616211,36936,0.0,0.0
2018-07-16 00:00:00+08:00,111.3841781616211,111.3841781616211,111.06684432070479,111.3841781616211,28297,0.0,0.0
2018-07-17 00:00:00+08:00,111.70153090533088,113.60553427303539,111.70153090533088,113.28820037841797,257397,0.0,0.0
2018-07-18 00:00:00+08:00,113.92285536674603,115.82685852050781,113.28818764882544,115.82685852050781,365324,0.0,0.0
2018-07-19 00:00:00+08:00,116.14420588372161,116.14420588372161,114.5575364044358,114.87487030029297,208630,0.0,0.0
2018-07-20 00:00:00+08:00,114.87487030029295,115.19220419615013,114.5575364044358,114.87487030029297,86614,0.0,0.0
2018-07-23 00:00:00+08:00,114.87485378391139,115.82685533460679,114.87485378391139,115.509521484375,205079,0.0,0.0
2018-07-24 00:00:00+08:00,115.509521484375,115.509521484375,115.1921876341432,115.509521484375,169406,0.0,0.0
2018-07-25 00:00:00+08:00,115.50953954579879,115.82687344564988,114.5575378462455,108.84552764892578,289260,0.0,0.0
2018-07-26 00:00:00+08:00,116.34129705128491,117.68628314436336,116.34129705128491,117.35003662109375,253078,9.646245,0.0
2018-07-27 00:00:00+08:00,117.35003662109374,117.35003662109374,116.67754357455452,117.35003662109375,129446,0.0,0.0
2018-07-30 00:00:00+08:00,117.35004826363802,117.35004826363802,116.34130859375,116.34130859375,106800,0.0,0.0
2018-07-31 00:00:00+08:00,117.01378251221406,117.01378251221406,116.34128950927031,116.67753601074219,44947,0.0,0.0
2018-08-01 00:00:00+08:00,116.67755515037935,116.67755515037935,116.34130859375,116.34130859375,63334,0.0,0.0
2018-08-02 00:00:00+08:00,117.01380170700868,117.01380170700868,116.34130859375,116.34130859375,65010,0.0,0.0
2018-08-03 00:00:00+08:00,116.34130859375,116.34130859375,116.00506203712067,116.34130859375,55651,0.0,0.0
2018-08-06 00:00:00+08:00,116.34128950927031,117.01378251221406,116.00504300779843,116.67753601074219,64325,0.0,0.0
2018-08-07 00:00:00+08:00,116.67755515037935,117.01380170700868,116.34130859375,116.34130859375,51271,0.0,0.0
2018-08-08 00:00:00+08:00,116.34128950927031,117.01378251221406,116.34128950927031,116.67753601074219,62200,0.0,0.0
2018-08-09 00:00:00+08:00,116.67755515037935,116.67755515037935,116.00506203712067,116.34130859375,69836,0.0,0.0
2018-08-10 00:00:00+08:00,116.67755515037935,116.67755515037935,116.34130859375,116.34130859375,38384,0.0,0.0
2018-08-13 00:00:00+08:00,116.34128955362837,116.34128955362837,114.99630354722805,115.33255004882812,123353,0.0,0.0
2018-08-14 00:00:00+08:00,115.33256144856298,116.0050545182339,115.33256144856298,115.66880798339844,43966,0.0,0.0
2018-08-15 00:00:00+08:00,116.34130105306936,116.34130105306936,115.33256144856298,115.66880798339844,49574,0.0,0.0
2018-08-16 00:00:00+08:00,115.66879655042821,116.0050430520283,114.99630354722805,115.33255004882812,49068,0.0,0.0
2018-08-17 00:00:00+08:00,115.66880798339844,116.0050545182339,115.66880798339844,115.66880798339844,18814,0.0,0.0
2018-08-20 00:00:00+08:00,115.66880798339844,116.0050545182339,115.33256144856298,115.66880798339844,30846,0.0,0.0
2018-08-21 00:00:00+08:00,115.33255761188009,116.00505065917969,115.33255761188009,116.00505065917969,42893,0.0,0.0
2018-08-22 00:00:00+08:00,115.33255761188009,116.00505065917969,115.33255761188009,116.00505065917969,31174,0.0,0.0
2018-08-23 00:00:00+08:00,116.0050545182339,116.0050545182339,115.33256144856298,115.66880798339844,21600,0.0,0.0
2018-08-24 00:00:00+08:00,115.33255004882812,115.66879655042821,115.33255004882812,115.33255004882812,22128,0.0,0.0
2018-08-27 00:00:00+08:00,115.332568923862,116.34130859375,115.332568923862,116.34130859375,43526,0.0,0.0
2018-08-28 00:00:00+08:00,115.66881548049133,116.34130859375,115.66881548049133,116.34130859375,50924,0.0,0.0
2018-08-29 00:00:00+08:00,116.3412857055664,117.01377868652344,116.3412857055664,117.01377868652344,71603,0.0,0.0
2018-08-30 00:00:00+08:00,117.01378251221406,117.01378251221406,116.34128950927031,116.67753601074219,26936,0.0,0.0
2018-08-31 00:00:00+08:00,116.34130859375,116.67755515037935,116.34130859375,116.34130859375,23714,0.0,0.0
2018-09-03 00:00:00+08:00,116.34129718282948,116.67754370647927,116.00505065917969,116.00505065917969,40100,0.0,0.0
2018-09-04 00:00:00+08:00,116.34129718282948,116.67754370647927,116.00505065917969,116.00505065917969,19051,0.0,0.0
2018-09-05 00:00:00+08:00,116.34128950927031,116.67753601074219,116.34128950927031,116.67753601074219,39800,0.0,0.0
2018-09-06 00:00:00+08:00,117.01379023012908,117.01379023012908,116.00505065917969,116.00505065917969,40009,0.0,0.0
2018-09-07 00:00:00+08:00,116.00505065917969,116.67754370647927,116.00505065917969,116.00505065917969,58335,0.0,0.0
2018-09-10 00:00:00+08:00,116.34130105306936,116.34130105306936,115.66880798339844,115.66880798339844,67502,0.0,0.0
2018-09-11 00:00:00+08:00,116.00506203712067,116.34130859375,115.66881548049133,116.34130859375,28862,0.0,0.0
2018-09-12 00:00:00+08:00,116.34128950927031,116.67753601074219,116.00504300779843,116.67753601074219,33899,0.0,0.0
2018-09-13 00:00:00+08:00,117.01378251221406,117.01378251221406,116.34128950927031,116.67753601074219,23551,0.0,0.0
2018-09-14 00:00:00+08:00,116.67753601074219,116.67753601074219,116.34128950927031,116.67753601074219,34835,0.0,0.0
2018-09-17 00:00:00+08:00,117.01378251221406,117.01378251221406,116.67753601074219,116.67753601074219,28892,0.0,0.0
2018-09-18 00:00:00+08:00,116.67754357455452,117.68628314436336,116.67754357455452,117.35003662109375,53802,0.0,0.0
2018-09-19 00:00:00+08:00,116.67753219604492,117.35002517700195,116.67753219604492,117.01377868652344,25800,0.0,0.0
2018-09-20 00:00:00+08:00,117.68628692626952,117.68628692626952,117.35004039219447,117.68628692626953,41320,0.0,0.0
2018-09-21 00:00:00+08:00,117.35004039219447,118.02253346034458,117.35004039219447,117.68628692626953,27400,0.0,0.0
2018-09-25 00:00:00+08:00,118.02253723144531,118.02253723144531,117.68629068662638,118.02253723144531,39210,0.0,0.0
2018-09-26 00:00:00+08:00,118.02252966763297,118.02252966763297,117.35003662109374,117.35003662109375,45000,0.0,0.0
2018-09-27 00:00:00+08:00,117.68628314436336,117.68628314436336,117.35003662109374,117.35003662109375,21221,0.0,0.0
2018-09-28 00:00:00+08:00,117.35004039219447,117.68628692626952,117.35004039219447,117.68628692626953,20666,0.0,0.0
2018-10-01 00:00:00+08:00,117.68628692626952,118.02253346034458,117.35004039219447,117.68628692626953,32233,0.0,0.0
2018-10-02 00:00:00+08:00,117.68628692626952,117.68628692626952,117.35004039219447,117.68628692626953,21334,0.0,0.0
2018-10-03 00:00:00+08:00,117.35003662109374,117.68628314436336,117.35003662109374,117.35003662109375,15500,0.0,0.0
2018-10-04 00:00:00+08:00,117.35002517700195,117.35002517700195,116.67753219604492,117.01377868652344,53118,0.0,0.0
2018-10-05 00:00:00+08:00,116.67755515037935,116.67755515037935,116.00506203712067,116.34130859375,80395,0.0,0.0
2018-10-08 00:00:00+08:00,116.34130859375,116.67755515037935,116.00506203712067,116.34130859375,58820,0.0,0.0
2018-10-09 00:00:00+08:00,116.34130859375,116.34130859375,116.34130859375,116.34130859375,14519,0.0,0.0
2018-10-11 00:00:00+08:00,115.66878500545727,115.66878500545727,114.32379913330078,114.32379913330078,219045,0.0,0.0
2018-10-12 00:00:00+08:00,114.3238218440566,115.66880798339844,114.3238218440566,115.66880798339844,92882,0.0,0.0
2018-10-15 00:00:00+08:00,115.33254239706001,115.33254239706001,114.32380295918485,114.66004943847656,93615,0.0,0.0
2018-10-16 00:00:00+08:00,114.66004943847656,114.66004943847656,114.32380295918485,114.66004943847656,22630,0.0,0.0
2018-10-17 00:00:00+08:00,114.66006846734655,114.9963150024414,114.66006846734655,114.9963150024414,26641,0.0,0.0
2018-10-18 00:00:00+08:00,114.9963150024414,114.9963150024414,114.9963150024414,114.9963150024414,12465,0.0,0.0
2018-10-19 00:00:00+08:00,114.66004943847656,114.9962959177683,114.32380295918485,114.66004943847656,35886,0.0,0.0
2018-10-22 00:00:00+08:00,114.32379913330078,114.99629206937902,114.32379913330078,114.32379913330078,34639,0.0,0.0
2018-10-23 00:00:00+08:00,114.9962959177683,115.33254239706001,114.66004943847656,114.66004943847656,21897,0.0,0.0
2018-10-24 00:00:00+08:00,114.66006846734655,114.9963150024414,114.32382193225169,114.9963150024414,50771,0.0,0.0
2018-10-25 00:00:00+08:00,114.32380293674525,114.32380293674525,113.98755645751953,113.98755645751953,51218,0.0,0.0
2018-10-26 00:00:00+08:00,114.9962958951967,114.9962958951967,113.98755645751953,113.98755645751953,82818,0.0,0.0
2018-10-29 00:00:00+08:00,113.9875449682834,114.32379141361757,113.65129852294923,113.65129852294922,50199,0.0,0.0
2018-10-30 00:00:00+08:00,113.65130997829381,114.32380293674525,113.65130997829381,113.98755645751953,31280,0.0,0.0
2018-10-31 00:00:00+08:00,114.32382193225169,114.9963150024414,114.32382193225169,114.9963150024414,30479,0.0,0.0
2018-11-01 00:00:00+08:00,115.33256144856298,115.66880798339844,115.33256144856298,115.66880798339844,23484,0.0,0.0
2018-11-02 00:00:00+08:00,115.66878887635173,115.66878887635173,114.66004943847656,114.66004943847656,39021,0.0,0.0
2018-11-05 00:00:00+08:00,114.66006846734655,114.9963150024414,113.98757539715683,114.9963150024414,26320,0.0,0.0
2018-11-06 00:00:00+08:00,114.99630354722805,115.66879655042821,114.66005704562797,115.33255004882812,27350,0.0,0.0
2018-11-07 00:00:00+08:00,115.6688040047457,117.35003662109374,114.99631095820648,117.35003662109375,99505,0.0,0.0
2018-11-08 00:00:00+08:00,117.68627166748047,117.68627166748047,116.67753219604492,117.01377868652344,45223,0.0,0.0
2018-11-09 00:00:00+08:00,117.01377868652344,117.35002517700195,116.67753219604492,117.01377868652344,26349,0.0,0.0
2018-11-12 00:00:00+08:00,116.00506203712067,116.34130859375,114.99632236723266,116.34130859375,60311,0.0,0.0
2018-11-13 00:00:00+08:00,115.332568923862,116.34130859375,115.332568923862,116.34130859375,14330,0.0,0.0
2018-11-14 00:00:00+08:00,116.00505065917969,116.34129718282948,115.66880413552988,116.00505065917969,12500,0.0,0.0
2018-11-15 00:00:00+08:00,116.34129718282948,116.34129718282948,116.00505065917969,116.00505065917969,15420,0.0,0.0
2018-11-16 00:00:00+08:00,116.34130859375,116.67755515037935,116.34130859375,116.34130859375,30592,0.0,0.0
2018-11-19 00:00:00+08:00,116.67753601074219,117.01378251221406,116.67753601074219,116.67753601074219,12200,0.0,0.0
2018-11-20 00:00:00+08:00,116.34130859375,116.67755515037935,116.34130859375,116.34130859375,27187,0.0,0.0
2018-11-21 00:00:00+08:00,116.34130859375,116.67755515037935,116.34130859375,116.34130859375,14214,0.0,0.0
2018-11-22 00:00:00+08:00,116.34130859375,116.34130859375,116.34130859375,116.34130859375,11700,0.0,0.0
2018-11-23 00:00:00+08:00,116.34129718282948,116.34129718282948,115.66880413552988,116.00505065917969,19700,0.0,0.0
2018-11-26 00:00:00+08:00,116.34130859375,117.01380170700868,116.34130859375,116.34130859375,15000,0.0,0.0
2018-11-27 00:00:00+08:00,116.34130859375,117.01380170700868,116.34130859375,116.34130859375,13150,0.0,0.0
2018-11-28 00:00:00+08:00,116.00506203712067,116.34130859375,116.00506203712067,116.34130859375,10000,0.0,0.0
2018-11-29 00:00:00+08:00,116.67753601074219,116.67753601074219,116.34128950927031,116.67753601074219,15600,0.0,0.0
2018-11-30 00:00:00+08:00,117.01380170700868,117.01380170700868,116.34130859375,116.34130859375,15207,0.0,0.0
2018-12-03 00:00:00+08:00,116.67753219604492,117.35002517700195,116.67753219604492,117.01377868652344,27472,0.0,0.0
2018-12-04 00:00:00+08:00,117.01378251221406,117.01378251221406,116.67753601074219,116.67753601074219,20660,0.0,0.0
2018-12-05 00:00:00+08:00,116.67753601074219,117.01378251221406,116.67753601074219,116.67753601074219,24100,0.0,0.0
2018-12-06 00:00:00+08:00,116.3412857055664,117.01377868652344,116.3412857055664,117.01377868652344,17395,0.0,0.0
2018-12-07 00:00:00+08:00,117.68628314436336,117.68628314436336,117.35003662109374,117.35003662109375,16686,0.0,0.0
2018-12-10 00:00:00+08:00,117.01379009782413,117.35003662109374,117.01379009782413,117.35003662109375,13460,0.0,0.0
2018-12-11 00:00:00+08:00,117.35002901368595,117.35002901368595,116.67753601074219,116.67753601074219,15400,0.0,0.0
2018-12-12 00:00:00+08:00,116.67753601074219,117.01378251221406,116.67753601074219,116.67753601074219,11630,0.0,0.0
2018-12-13 00:00:00+08:00,117.35002517700195,118.3587646484375,117.01377868652344,118.3587646484375,107550,0.0,0.0
2018-12-14 00:00:00+08:00,119.03126143334617,120.71249393946688,119.03126143334617,119.36750793457031,121204,0.0,0.0
2018-12-17 00:00:00+08:00,118.69501113891602,119.36750411987305,118.69501113891602,119.03125762939453,31775,0.0,0.0
2018-12-18 00:00:00+08:00,118.3587646484375,119.03125762939453,118.3587646484375,118.3587646484375,14432,0.0,0.0
2018-12-19 00:00:00+08:00,119.03127686590211,119.03127686590211,117.68629068662638,118.02253723144531,28600,0.0,0.0
2018-12-20 00:00:00+08:00,117.68628314436336,118.02252966763297,117.35003662109374,117.35003662109375,27111,0.0,0.0
2018-12-21 00:00:00+08:00,117.35004039219447,117.68628692626952,117.35004039219447,117.68628692626953,27068,0.0,0.0
2018-12-24 00:00:00+08:00,118.35877619090257,118.35877619090257,116.34129705128491,117.35003662109375,144053,0.0,0.0
2018-12-25 00:00:00+08:00,117.01380170700868,117.01380170700868,114.99632236723266,116.34130859375,166799,0.0,0.0
2018-12-26 00:00:00+08:00,116.34130114282084,116.34130114282084,113.31508232696712,114.9963150024414,458674,0.0,0.0
2018-12-27 00:00:00+08:00,115.66880798339844,116.0050545182339,114.99631491372752,115.66880798339844,40900,0.0,0.0
2018-12-28 00:00:00+08:00,115.66880413552988,116.34129718282948,115.66880413552988,116.00505065917969,37160,0.0,0.0
2019-01-02 00:00:00+08:00,116.00505065917969,116.67754370647927,116.00505065917969,116.00505065917969,29572,0.0,0.0
2019-01-03 00:00:00+08:00,116.67755515037935,116.67755515037935,114.99632236723266,116.34130859375,17100,0.0,0.0
2019-01-04 00:00:00+08:00,116.34130859375,116.67755515037935,115.332568923862,116.34130859375,28751,0.0,0.0
2019-01-07 00:00:00+08:00,117.35003662109374,117.35003662109374,116.67754357455452,117.35003662109375,36166,0.0,0.0
2019-01-08 00:00:00+08:00,117.35002517700195,117.35002517700195,117.01377868652344,117.01377868652344,15462,0.0,0.0
2019-01-09 00:00:00+08:00,117.01379385811941,117.68628692626952,117.01379385811941,117.68628692626953,18400,0.0,0.0
2019-01-10 00:00:00+08:00,117.68629068662638,118.02253723144531,117.01379759698851,118.02253723144531,31427,0.0,0.0
2019-01-11 00:00:00+08:00,118.02251815795898,119.03125762939453,118.02251815795898,118.3587646484375,66375,0.0,0.0
2019-01-14 00:00:00+08:00,118.35877606010978,119.03126910590585,118.35877606010978,118.69502258300781,36893,0.0,0.0
2019-01-15 00:00:00+08:00,118.69501493212204,119.36750793457031,118.69501493212204,119.36750793457031,25732,0.0,0.0
2019-01-16 00:00:00+08:00,119.36751562880389,119.70376215170194,118.69502258300781,118.69502258300781,38121,0.0,0.0
2019-01-17 00:00:00+08:00,119.03126910590585,119.03126910590585,118.35877606010978,118.69502258300781,28504,0.0,0.0
2019-01-18 00:00:00+08:00,119.03125762939453,120.3762435913086,119.03125762939453,119.03125762939453,67507,0.0,0.0
2019-01-21 00:00:00+08:00,118.69501493212204,119.70375443579445,118.69501493212204,119.36750793457031,28600,0.0,0.0
2019-01-22 00:00:00+08:00,118.35877606010978,119.36751562880389,118.35877606010978,118.69502258300781,37000,0.0,0.0
2019-01-23 00:00:00+08:00,118.02252953721174,118.69502258300781,117.6862830143137,118.69502258300781,20734,0.0,0.0
2019-01-24 00:00:00+08:00,118.35877606010978,119.03126910590585,118.35877606010978,118.69502258300781,24565,0.0,0.0
2019-01-25 00:00:00+08:00,119.03126910590585,119.03126910590585,118.69502258300781,118.69502258300781,29702,0.0,0.0
2019-01-28 00:00:00+08:00,119.03126910590585,119.03126910590585,118.35877606010978,118.69502258300781,41030,0.0,0.0
2019-01-29 00:00:00+08:00,118.69501113891602,119.03125762939453,118.69501113891602,119.03125762939453,13105,0.0,0.0
2019-01-30 00:00:00+08:00,119.03126143334617,119.36750793457031,119.03126143334617,119.36750793457031,19904,0.0,0.0
2019-02-11 00:00:00+08:00,119.70375443579445,119.70375443579445,119.36750793457031,119.36750793457031,65860,0.0,0.0
2019-02-12 00:00:00+08:00,120.03999710083008,120.71249008178711,120.03999710083008,120.3762435913086,70348,0.0,0.0
2019-02-13 00:00:00+08:00,121.04873657226562,122.05747604370117,120.03999710083008,121.72122955322266,98682,0.0,0.0
2019-02-14 00:00:00+08:00,121.72122955322266,121.72122955322266,121.04873657226562,121.04873657226562,28641,0.0,0.0
2019-02-15 00:00:00+08:00,121.04874039758879,121.04874039758879,120.37624739537996,120.71249389648438,35728,0.0,0.0
2019-02-18 00:00:00+08:00,121.04873657226562,122.39372253417969,121.04873657226562,121.72122955322266,80073,0.0,0.0
2019-02-19 00:00:00+08:00,122.05747604370117,122.05747604370117,121.72122955322266,121.72122955322266,39764,0.0,0.0
2019-02-20 00:00:00+08:00,121.38499450683594,121.72124102901554,121.38499450683594,121.38499450683594,31569,0.0,0.0
2019-02-21 00:00:00+08:00,121.72122955322266,121.72122955322266,121.38498306274414,121.72122955322266,24325,0.0,0.0
2019-02-22 00:00:00+08:00,121.72124102901554,121.72124102901554,121.38499450683594,121.38499450683594,44862,0.0,0.0
2019-02-25 00:00:00+08:00,121.72123335741111,122.39372635938575,121.72123335741111,122.05747985839844,64147,0.0,0.0
2019-02-26 00:00:00+08:00,122.05747604370117,122.05747604370117,121.72122955322266,121.72122955322266,21750,0.0,0.0
2019-02-27 00:00:00+08:00,121.72123335741111,122.05747985839844,121.38498685642378,122.05747985839844,27270,0.0,0.0
2019-03-04 00:00:00+08:00,122.05746082683186,122.7299537239494,122.05746082683186,122.39370727539062,52964,0.0,0.0
2019-03-05 00:00:00+08:00,122.7299690246582,122.7299690246582,121.72122955322266,121.72122955322266,84560,0.0,0.0
2019-03-06 00:00:00+08:00,121.72121437827309,122.39370727539062,121.72121437827309,122.39370727539062,50177,0.0,0.0
2019-03-07 00:00:00+08:00,122.39370727539062,122.7299537239494,122.39370727539062,122.39370727539062,30140,0.0,0.0
2019-03-08 00:00:00+08:00,122.05746082683186,122.39370727539062,121.72121437827309,122.39370727539062,17748,0.0,0.0
2019-03-11 00:00:00+08:00,124.41120910644531,125.75619515083932,124.07496259534682,124.41120910644531,232094,0.0,0.0
2019-03-12 00:00:00+08:00,125.08370971679688,125.41995624829364,124.74746318530012,125.08370971679688,60986,0.0,0.0
2019-03-13 00:00:00+08:00,125.08369826247801,125.75619126388918,125.08369826247801,125.4199447631836,60879,0.0,0.0
2019-03-14 00:00:00+08:00,125.75619126388918,125.75619126388918,124.74745176177242,125.4199447631836,63255,0.0,0.0
2019-03-15 00:00:00+08:00,125.08369828298729,125.08369828298729,124.74745178222656,124.74745178222656,51500,0.0,0.0
2019-03-18 00:00:00+08:00,124.74745178222656,125.08369828298729,124.41120528146584,124.74745178222656,64967,0.0,0.0
2019-03-19 00:00:00+08:00,125.08370971679688,125.08370971679688,124.74746318530012,125.08370971679688,28126,0.0,0.0
2019-03-20 00:00:00+08:00,125.08369826247801,125.4199447631836,124.41120526106684,125.4199447631836,34723,0.0,0.0
2019-03-21 00:00:00+08:00,125.08369826247801,126.09243776459476,125.08369826247801,125.4199447631836,69371,0.0,0.0
2019-03-22 00:00:00+08:00,125.75619126388918,126.42868426530035,125.4199447631836,125.4199447631836,49249,0.0,0.0
2019-03-25 00:00:00+08:00,125.41994094848633,125.75618743896484,124.7474479675293,125.75618743896484,84922,0.0,0.0
2019-03-26 00:00:00+08:00,125.75619885253907,126.76493841552734,125.75619885253907,126.09244537353516,42899,0.0,0.0
2019-03-27 00:00:00+08:00,126.76492309570312,127.10116957606309,126.76492309570312,126.76492309570312,59600,0.0,0.0
2019-03-28 00:00:00+08:00,126.76492309570312,127.10116957606309,126.76492309570312,126.76492309570312,80100,0.0,0.0
2019-03-29 00:00:00+08:00,126.76493451961134,127.10118103027344,126.76493451961134,127.10118103027344,32734,0.0,0.0
2019-04-01 00:00:00+08:00,127.10116957606309,127.43741605642303,126.42867661534318,126.76492309570312,63710,0.0,0.0
2019-04-02 00:00:00+08:00,126.76493456008588,127.10118107085533,126.42868804931642,126.4286880493164,40730,0.0,0.0
2019-04-03 00:00:00+08:00,126.42868804931642,126.76493456008588,126.09244153854695,126.4286880493164,27860,0.0,0.0
2019-04-08 00:00:00+08:00,126.09243392944336,126.09243392944336,125.41994094848633,125.75618743896484,69257,0.0,0.0
2019-04-09 00:00:00+08:00,126.09244537353516,126.42869189453126,125.75619885253907,126.09244537353516,30001,0.0,0.0
2019-04-10 00:00:00+08:00,126.09244153854695,126.42868804931642,126.09244153854695,126.4286880493164,17964,0.0,0.0
2019-04-11 00:00:00+08:00,126.42868804931642,126.76493456008588,126.09244153854695,126.4286880493164,59202,0.0,0.0
2019-04-12 00:00:00+08:00,126.42868804931642,126.42868804931642,126.42868804931642,126.4286880493164,36365,0.0,0.0
2019-04-15 00:00:00+08:00,126.42868804931642,126.42868804931642,126.09244153854695,126.4286880493164,29283,0.0,0.0
2019-04-16 00:00:00+08:00,126.42869189453126,126.42869189453126,126.09244537353516,126.09244537353516,40510,0.0,0.0
2019-04-17 00:00:00+08:00,126.09244537353516,126.09244537353516,125.75619885253907,126.09244537353516,42039,0.0,0.0
2019-04-18 00:00:00+08:00,125.75618743896484,125.75618743896484,125.08369445800781,125.75618743896484,83580,0.0,0.0
2019-04-19 00:00:00+08:00,125.4199447631836,125.75619126388918,125.4199447631836,125.4199447631836,45840,0.0,0.0
2019-04-22 00:00:00+08:00,125.75619128450872,125.75619128450872,124.41120528146584,124.74745178222656,91852,0.0,0.0
2019-04-23 00:00:00+08:00,125.08370971679688,125.08370971679688,124.41121665380335,125.08370971679688,20002,0.0,0.0
2019-04-24 00:00:00+08:00,125.41995624829364,125.41995624829364,124.74746318530012,125.08370971679688,41547,0.0,0.0
2019-04-25 00:00:00+08:00,125.08369828298729,125.08369828298729,124.41120528146584,124.74745178222656,57883,0.0,0.0
2019-04-26 00:00:00+08:00,124.74745178222656,125.08369828298729,124.74745178222656,124.74745178222656,11426,0.0,0.0
2019-04-29 00:00:00+08:00,124.74745176177242,125.75619126388918,124.74745176177242,125.4199447631836,69920,0.0,0.0
2019-04-30 00:00:00+08:00,125.41994094848633,125.75618743896484,125.08369445800781,125.75618743896484,41585,0.0,0.0
2019-05-02 00:00:00+08:00,125.7561950277775,126.42868804931642,125.7561950277775,126.4286880493164,52565,0.0,0.0
2019-05-03 00:00:00+08:00,126.42868804931642,126.42868804931642,125.7561950277775,126.4286880493164,26149,0.0,0.0
2019-05-06 00:00:00+08:00,126.42868804931642,127.10118107085533,126.09244153854695,126.4286880493164,51150,0.0,0.0
2019-05-07 00:00:00+08:00,126.42868800894924,127.10118103027344,126.42868800894924,127.10118103027344,45855,0.0,0.0
2019-05-08 00:00:00+08:00,126.76493451961134,127.10118103027344,126.42868800894924,127.10118103027344,40200,0.0,0.0
2019-05-09 00:00:00+08:00,127.10118103027344,127.43742754093553,126.76493451961134,127.10118103027344,36410,0.0,0.0
2019-05-10 00:00:00+08:00,126.76493451961134,127.10118103027344,126.76493451961134,127.10118103027344,30200,0.0,0.0
2019-05-13 00:00:00+08:00,127.10118103027344,127.43742754093553,127.10118103027344,127.10118103027344,46490,0.0,0.0
2019-05-14 00:00:00+08:00,126.09243013498322,127.10116957606309,125.75618365462326,126.76492309570312,43800,0.0,0.0
2019-05-15 00:00:00+08:00,127.43742750067462,127.77367401123048,126.76493447956287,127.77367401123047,55208,0.0,0.0
2019-05-16 00:00:00+08:00,128.10992048173674,128.4461669921875,127.77367397128599,128.4461669921875,63658,0.0,0.0
2019-05-17 00:00:00+08:00,128.4461669921875,128.78241350263824,128.4461669921875,128.4461669921875,40049,0.0,0.0
2019-05-20 00:00:00+08:00,128.78240966796875,129.1186561684073,128.78240966796875,128.78240966796875,39167,0.0,0.0
2019-05-21 00:00:00+08:00,128.78239828317277,129.7911376953125,128.78239828317277,129.7911376953125,75786,0.0,0.0
2019-05-22 00:00:00+08:00,129.79116434890787,130.7999039681999,129.79116434890787,130.12741088867188,75117,0.0,0.0
2019-05-23 00:00:00+08:00,130.7998771863106,131.13612365722656,130.12738424447866,131.13612365722656,86521,0.0,0.0
2019-05-24 00:00:00+08:00,131.13614276013215,131.13614276013215,130.4636497203366,130.79989624023438,30600,0.0,0.0
2019-05-27 00:00:00+08:00,131.13615031132613,131.80864338984574,131.13615031132613,131.47239685058594,31919,0.0,0.0
2019-05-28 00:00:00+08:00,131.1361312866211,131.80862426757812,131.1361312866211,131.80862426757812,35296,0.0,0.0
2019-05-29 00:00:00+08:00,131.80862046258747,132.14486694335938,131.80862046258747,132.14486694335938,27112,0.0,0.0
2019-05-30 00:00:00+08:00,131.80860149557822,132.48109436035156,131.47235506319154,132.48109436035156,37175,0.0,0.0
2019-05-31 00:00:00+08:00,132.48109436035156,133.15358722512494,132.1448479279649,132.48109436035156,67561,0.0,0.0
2019-06-03 00:00:00+08:00,132.48111724853516,132.48111724853516,131.4723777770996,131.80862426757812,50884,0.0,0.0
2019-06-04 00:00:00+08:00,131.47239704772792,131.47239704772792,129.79116434890787,130.12741088867188,177187,0.0,0.0
2019-06-05 00:00:00+08:00,130.4636497203366,130.79989624023438,130.12740320043883,130.79989624023438,62604,0.0,0.0
2019-06-06 00:00:00+08:00,130.79989624023438,131.13614276013215,130.79989624023438,130.79989624023438,20331,0.0,0.0
2019-06-10 00:00:00+08:00,131.4723777770996,131.80862426757812,131.1361312866211,131.80862426757812,42885,0.0,0.0
2019-06-11 00:00:00+08:00,131.80862426757812,132.48111724853516,131.4723777770996,131.80862426757812,45089,0.0,0.0
2019-06-12 00:00:00+08:00,131.80862046258747,132.14486694335938,131.13612750104366,132.14486694335938,25100,0.0,0.0
2019-06-13 00:00:00+08:00,132.14486694335938,132.14486694335938,131.47237398181557,132.14486694335938,18910,0.0,0.0
2019-06-14 00:00:00+08:00,131.80864338984574,131.80864338984574,131.13615031132613,131.47239685058594,45122,0.0,0.0
2019-06-17 00:00:00+08:00,130.7999037720663,131.47239685058594,130.7999037720663,131.47239685058594,25308,0.0,0.0
2019-06-18 00:00:00+08:00,131.47237398181557,132.14486694335938,131.13612750104366,132.14486694335938,32101,0.0,0.0
2019-06-19 00:00:00+08:00,132.14487075805664,132.48111724853516,131.80862426757812,131.80862426757812,31454,0.0,0.0
2019-06-20 00:00:00+08:00,131.80860149557822,132.48109436035156,131.80860149557822,132.48109436035156,11300,0.0,0.0
2019-06-21 00:00:00+08:00,132.81734079273826,132.81734079273826,132.1448479279649,132.48109436035156,34277,0.0,0.0
2019-06-24 00:00:00+08:00,132.48109436035156,133.15358722512494,132.48109436035156,132.48109436035156,55056,0.0,0.0
2019-06-25 00:00:00+08:00,132.48109436035156,132.81734079273826,132.1448479279649,132.48109436035156,33925,0.0,0.0
2019-06-26 00:00:00+08:00,132.81734079273826,132.81734079273826,132.48109436035156,132.48109436035156,63500,0.0,0.0
2019-06-27 00:00:00+08:00,132.48112105357495,132.81736755371094,132.144874553439,132.81736755371094,29300,0.0,0.0
2019-06-28 00:00:00+08:00,132.8173751254526,133.4898681640625,132.48112860614768,133.4898681640625,75380,0.0,0.0
2019-07-01 00:00:00+08:00,133.4898643301959,133.82611083984375,133.4898643301959,133.82611083984375,49666,0.0,0.0
2019-07-02 00:00:00+08:00,133.82610321044922,134.49859619140625,133.82610321044922,134.49859619140625,27090,0.0,0.0
2019-07-03 00:00:00+08:00,134.49859619140625,134.83484268188477,134.16234970092773,134.49859619140625,29000,0.0,0.0
2019-07-04 00:00:00+08:00,134.49859619140625,134.49859619140625,134.16234970092773,134.49859619140625,36000,0.0,0.0
2019-07-05 00:00:00+08:00,134.49859619140625,134.49859619140625,134.16234970092773,134.49859619140625,29000,0.0,0.0
2019-07-08 00:00:00+08:00,134.4986153126958,134.83486185097755,133.82612223613233,134.16236877441406,105000,0.0,0.0
2019-07-09 00:00:00+08:00,134.16234970092773,134.49859619140625,134.16234970092773,134.49859619140625,29000,0.0,0.0
2019-07-10 00:00:00+08:00,134.16234970092773,134.49859619140625,133.82610321044922,134.49859619140625,42000,0.0,0.0
2019-07-11 00:00:00+08:00,134.49859238622196,135.17108534815307,134.49859238622196,134.8348388671875,64295,0.0,0.0
2019-07-12 00:00:00+08:00,136.51610113276567,143.2410322230497,136.51610113276567,140.21481323242188,461332,0.0,0.0
2019-07-15 00:00:00+08:00,139.8785437906324,142.23226928710938,139.20605079163897,142.23226928710938,146224,0.0,0.0
2019-07-16 00:00:00+08:00,142.2322918018261,146.26725043450202,142.2322918018261,144.24977111816406,313306,0.0,0.0
2019-07-17 00:00:00+08:00,144.58599090576172,145.25848388671875,144.2497444152832,145.25848388671875,116498,0.0,0.0
2019-07-18 00:00:00+08:00,145.25848781977177,145.25848781977177,140.55103682561253,140.8872833251953,221645,0.0,0.0
2019-07-19 00:00:00+08:00,141.5597989430147,143.57727826286765,141.5597989430147,142.90478515625,151755,0.0,0.0
2019-07-22 00:00:00+08:00,142.90476225019898,144.24974824784792,142.90476225019898,143.57725524902344,96936,0.0,0.0
2019-07-23 00:00:00+08:00,143.57727826286765,143.91352481617648,142.23229204963235,142.90478515625,152853,0.0,0.0
2019-07-24 00:00:00+08:00,142.90478515625,142.90478515625,141.89604549632352,142.90478515625,202188,0.0,0.0
2019-07-25 00:00:00+08:00,143.84006658029674,145.96578184995627,143.84006658029674,145.6114959716797,212982,10.82,0.0
2019-07-26 00:00:00+08:00,146.3200696034969,148.80007078321717,146.3200696034969,147.73721313476562,119298,0.0,0.0
2019-07-29 00:00:00+08:00,147.73723419933785,148.44580606600132,144.19437486602038,145.25723266601562,153932,0.0,0.0
2019-07-30 00:00:00+08:00,145.25722475681445,145.25722475681445,144.1943670146914,144.90293884277344,59268,0.0,0.0
2019-07-31 00:00:00+08:00,144.90293884277344,144.90293884277344,144.54865292873242,144.90293884277344,29506,0.0,0.0
2019-08-01 00:00:00+08:00,144.54865180121527,144.54865180121527,143.4857940673828,143.4857940673828,45548,0.0,0.0
2019-08-02 00:00:00+08:00,143.4857998181827,143.4857998181827,141.00579833984375,141.00579833984375,160989,0.0,0.0
2019-08-05 00:00:00+08:00,141.00578925445788,141.00578925445788,138.88007383856154,139.23435974121094,138421,0.0,0.0
2019-08-06 00:00:00+08:00,138.17150203326275,139.23435974121094,136.7543584226652,139.23435974121094,165493,0.0,0.0
2019-08-07 00:00:00+08:00,139.23435424804688,142.77721313476562,139.23435424804688,141.71435546875,47773,0.0,0.0
2019-08-08 00:00:00+08:00,141.714356076065,142.4229278564453,141.714356076065,142.4229278564453,21015,0.0,0.0
2019-08-12 00:00:00+08:00,142.42293689174792,144.19436645507812,142.42293689174792,144.19436645507812,83652,0.0,0.0
2019-08-13 00:00:00+08:00,143.8400799786603,143.8400799786603,143.13150815610533,143.4857940673828,41663,0.0,0.0
2019-08-14 00:00:00+08:00,143.84007202752747,143.84007202752747,142.7772143524472,143.13150024414062,36490,0.0,0.0
2019-08-15 00:00:00+08:00,141.71435546875,141.71435546875,141.00578369140624,141.71435546875,56482,0.0,0.0
2019-08-16 00:00:00+08:00,141.7143628113252,141.7143628113252,141.00579099726858,141.36007690429688,30616,0.0,0.0
2019-08-19 00:00:00+08:00,141.36008426532075,141.71437019079772,141.00579833984375,141.00579833984375,34340,0.0,0.0
2019-08-20 00:00:00+08:00,141.00577512496065,141.00577512496065,140.6514892578125,140.6514892578125,27675,0.0,0.0
2019-08-21 00:00:00+08:00,140.29722595214844,140.65151187627,140.29722595214844,140.29722595214844,29822,0.0,0.0
2019-08-22 00:00:00+08:00,141.00577512496065,141.00577512496065,140.29720339066435,140.6514892578125,31060,0.0,0.0
2019-08-23 00:00:00+08:00,140.65151241436675,141.00579833984375,139.94294056341278,141.00579833984375,27065,0.0,0.0
2019-08-26 00:00:00+08:00,140.29722595214844,140.29722595214844,139.94294002802684,140.29722595214844,34108,0.0,0.0
2019-08-27 00:00:00+08:00,140.29722648888975,141.00579833984375,139.94294056341278,141.00579833984375,20677,0.0,0.0
2019-08-28 00:00:00+08:00,141.36006958007812,141.71435546875,141.00578369140624,141.71435546875,24257,0.0,0.0
2019-08-29 00:00:00+08:00,141.71435546875,142.06864135742188,141.71435546875,141.71435546875,14215,0.0,0.0
2019-08-30 00:00:00+08:00,141.36008372451317,141.36008372451317,140.29722595214844,140.29722595214844,87494,0.0,0.0
2019-09-02 00:00:00+08:00,140.29721918321195,141.36007690429688,140.29721918321195,141.36007690429688,27604,0.0,0.0
2019-09-03 00:00:00+08:00,141.36006958007812,142.06864135742188,141.36006958007812,141.71435546875,38559,0.0,0.0
2019-09-04 00:00:00+08:00,141.71435546875,141.71435546875,141.00578369140624,141.71435546875,20500,0.0,0.0
2019-09-05 00:00:00+08:00,141.71435546875,141.71435546875,141.36006958007812,141.71435546875,18500,0.0,0.0
2019-09-06 00:00:00+08:00,141.71435546875,142.42292724609374,141.71435546875,141.71435546875,18145,0.0,0.0
2019-09-10 00:00:00+08:00,141.71435546875,142.06864135742188,140.65149780273438,141.71435546875,28051,0.0,0.0
2019-09-11 00:00:00+08:00,142.0686487183535,142.0686487183535,141.36007690429688,141.36007690429688,32121,0.0,0.0
2019-09-12 00:00:00+08:00,141.7143628113252,142.42293462538183,141.36007690429688,141.36007690429688,74508,0.0,0.0
2019-09-16 00:00:00+08:00,141.71435546875,142.06864135742188,141.36006958007812,141.71435546875,25550,0.0,0.0
2019-09-17 00:00:00+08:00,141.71435546875,141.71435546875,141.36006958007812,141.71435546875,25200,0.0,0.0
2019-09-18 00:00:00+08:00,141.00578369140624,141.71435546875,141.00578369140624,141.71435546875,20910,0.0,0.0
2019-09-19 00:00:00+08:00,141.71435546875,141.71435546875,141.71435546875,141.71435546875,14050,0.0,0.0
2019-09-20 00:00:00+08:00,141.71436451099538,143.4857940673828,141.71436451099538,143.4857940673828,45567,0.0,0.0
2019-09-23 00:00:00+08:00,143.48578613583405,143.48578613583405,143.13150024414062,143.13150024414062,15512,0.0,0.0
2019-09-24 00:00:00+08:00,143.1314916444241,143.48577751483108,142.06863403320312,142.06863403320312,27049,0.0,0.0
2019-09-25 00:00:00+08:00,142.06864196625517,142.77721374663548,142.06864196625517,142.4229278564453,22121,0.0,0.0
2019-09-26 00:00:00+08:00,143.1315092725684,144.90293884277344,143.1315092725684,144.90293884277344,57169,0.0,0.0
2019-09-27 00:00:00+08:00,145.61151010574227,145.61151010574227,143.48579462974604,144.19436645507812,49086,0.0,0.0
2019-10-01 00:00:00+08:00,144.19436588993779,144.19436588993779,143.13150815610533,143.4857940673828,41140,0.0,0.0
2019-10-02 00:00:00+08:00,142.4229278564453,143.48578552701582,142.06864196625517,142.4229278564453,30470,0.0,0.0
2019-10-03 00:00:00+08:00,142.42292846075378,143.48578613583405,142.0686425690604,143.13150024414062,9206,0.0,0.0
2019-10-04 00:00:00+08:00,143.13150024414062,143.13150024414062,142.42292846075378,143.13150024414062,10494,0.0,0.0
2019-10-07 00:00:00+08:00,143.13150815610533,143.8400799786603,143.13150815610533,143.4857940673828,18535,0.0,0.0
2019-10-08 00:00:00+08:00,143.4857940673828,143.4857940673828,143.13150815610533,143.4857940673828,14106,0.0,0.0
2019-10-09 00:00:00+08:00,143.48578673865407,144.1943585250178,143.13150084547223,143.84007263183594,18878,0.0,0.0
2019-10-14 00:00:00+08:00,145.25723318451816,147.38294879209647,145.25723318451816,145.96580505371094,62715,0.0,0.0
2019-10-15 00:00:00+08:00,147.02867126464844,147.382957219503,146.3200993549393,147.02867126464844,76262,0.0,0.0
2019-10-16 00:00:00+08:00,147.38294355886282,149.1543731689453,147.38294355886282,149.1543731689453,80066,0.0,0.0
2019-10-17 00:00:00+08:00,149.15435852339363,150.92578795953844,148.80007263616466,149.86293029785156,59061,0.0,0.0
2019-10-18 00:00:00+08:00,150.2172393798828,150.9258112637502,149.86295343794913,150.2172393798828,30531,0.0,0.0
2019-10-21 00:00:00+08:00,150.21720755440847,150.21720755440847,148.09149235316684,148.80006408691406,50687,0.0,0.0
2019-10-22 00:00:00+08:00,148.80007140676275,149.5086431753664,148.44578552246094,148.44578552246094,27500,0.0,0.0
2019-10-23 00:00:00+08:00,149.50863582066128,149.50863582066128,148.44577822004047,148.80006408691406,19650,0.0,0.0
2019-10-24 00:00:00+08:00,149.15434995378766,149.15434995378766,148.09149235316684,148.80006408691406,21600,0.0,0.0
2019-10-25 00:00:00+08:00,148.4457928598212,148.4457928598212,147.7372210561944,148.0915069580078,28260,0.0,0.0
2019-10-28 00:00:00+08:00,148.0914990175828,148.44578490039999,147.38292725194844,147.73721313476562,27219,0.0,0.0
2019-10-29 00:00:00+08:00,147.38292725194844,148.80007078321717,147.02864136913126,147.73721313476562,31279,0.0,0.0
2019-10-30 00:00:00+08:00,147.73721313476562,148.80007078321717,147.73721313476562,147.73721313476562,18400,0.0,0.0
2019-10-31 00:00:00+08:00,147.7372305477367,150.57151794433594,147.7372305477367,150.57151794433594,80567,0.0,0.0
2019-11-01 00:00:00+08:00,150.92578978638548,154.1143628100415,150.92578978638548,151.9886474609375,111389,0.0,0.0
2019-11-04 00:00:00+08:00,151.98864685344472,152.342932743546,151.2800750732422,151.2800750732422,28000,0.0,0.0
2019-11-05 00:00:00+08:00,151.2800651550293,151.2800651550293,148.80006408691406,148.80006408691406,80000,0.0,0.0
2019-11-06 00:00:00+08:00,148.0914990175828,148.44578490039999,147.73721313476562,147.73721313476562,41000,0.0,0.0
2019-11-07 00:00:00+08:00,148.0915069580078,148.0915069580078,147.02864925256756,148.0915069580078,39000,0.0,0.0
2019-11-08 00:00:00+08:00,148.09149235316684,149.15434995378766,148.09149235316684,148.80006408691406,14227,0.0,0.0
2019-11-11 00:00:00+08:00,149.15435729106457,149.15435729106457,148.09149963815912,148.44578552246094,47000,0.0,0.0
2019-11-12 00:00:00+08:00,148.4457928598212,148.80007876163464,147.7372210561944,148.0915069580078,28000,0.0,0.0
2019-11-13 00:00:00+08:00,148.80007140676275,148.80007140676275,148.44578552246094,148.44578552246094,13000,0.0,0.0
2019-11-14 00:00:00+08:00,148.4457928598212,148.4457928598212,147.7372210561944,148.0915069580078,13000,0.0,0.0
2019-11-15 00:00:00+08:00,148.09150637113132,148.09150637113132,147.3829345703125,147.3829345703125,37136,0.0,0.0
2019-11-18 00:00:00+08:00,147.3829345703125,147.7372204707219,147.0286486699031,147.3829345703125,33000,0.0,0.0
2019-11-19 00:00:00+08:00,147.02867126464844,147.382957219503,146.67438530979385,147.02867126464844,33000,0.0,0.0
2019-11-20 00:00:00+08:00,147.0286486699031,147.3829345703125,147.0286486699031,147.3829345703125,13000,0.0,0.0
2019-11-21 00:00:00+08:00,147.382957219503,148.09152912921215,147.02867126464844,147.02867126464844,22000,0.0,0.0
2019-11-22 00:00:00+08:00,147.0286486699031,148.09150637113132,146.67436276949368,147.3829345703125,31100,0.0,0.0
2019-11-25 00:00:00+08:00,147.382957219503,147.382957219503,147.02867126464844,147.02867126464844,11000,0.0,0.0
2019-11-26 00:00:00+08:00,147.02863278596297,148.09149037236753,146.67434692382812,146.67434692382812,43000,0.0,0.0
2019-11-27 00:00:00+08:00,147.0286486699031,147.3829345703125,146.67436276949368,147.3829345703125,15000,0.0,0.0
2019-11-28 00:00:00+08:00,147.38292725194844,147.73721313476562,147.02864136913126,147.73721313476562,13000,0.0,0.0
2019-11-29 00:00:00+08:00,147.7372204707219,147.7372204707219,147.0286486699031,147.3829345703125,19335,0.0,0.0
2019-12-02 00:00:00+08:00,146.67434692382812,147.02863278596297,145.25720347528872,146.67434692382812,35000,0.0,0.0
2019-12-03 00:00:00+08:00,146.32006106169328,147.02863278596297,146.32006106169328,146.67434692382812,11000,0.0,0.0
2019-12-04 00:00:00+08:00,146.67434692382812,146.67434692382812,145.9657751995584,146.67434692382812,21000,0.0,0.0
2019-12-05 00:00:00+08:00,147.02867126464844,147.382957219503,147.02867126464844,147.02867126464844,5000,0.0,0.0
2019-12-06 00:00:00+08:00,148.09150637113132,148.09150637113132,147.0286486699031,147.3829345703125,11550,0.0,0.0
2019-12-09 00:00:00+08:00,146.67436953491506,146.67436953491506,145.25722586791105,146.32008361816406,72000,0.0,0.0
2019-12-10 00:00:00+08:00,146.3200909883073,146.6743769229037,145.96580505371094,145.96580505371094,21000,0.0,0.0
2019-12-11 00:00:00+08:00,145.9657751995584,147.3829186480978,145.61148933742356,146.67434692382812,37000,0.0,0.0
2019-12-12 00:00:00+08:00,148.09149963815912,148.80007140676275,147.7372137538573,148.44578552246094,61000,0.0,0.0
2019-12-13 00:00:00+08:00,148.4457928598212,149.50865056526146,147.7372210561944,148.0915069580078,46432,0.0,0.0
2019-12-16 00:00:00+08:00,148.4457928598212,148.4457928598212,147.7372210561944,148.0915069580078,20000,0.0,0.0
2019-12-17 00:00:00+08:00,148.0914990175828,148.0914990175828,147.02864136913126,147.73721313476562,30000,0.0,0.0
2019-12-18 00:00:00+08:00,147.02864925256756,148.0915069580078,147.02864925256756,148.0915069580078,10000,0.0,0.0
2019-12-19 00:00:00+08:00,147.02864925256756,148.0915069580078,147.02864925256756,148.0915069580078,10000,0.0,0.0
2019-12-20 00:00:00+08:00,148.09149963815912,148.44578552246094,147.3829278695555,148.44578552246094,16294,0.0,0.0
2019-12-23 00:00:00+08:00,148.09149963815912,148.44578552246094,148.09149963815912,148.44578552246094,18000,0.0,0.0
2019-12-24 00:00:00+08:00,148.44578552246094,148.80007140676275,148.44578552246094,148.44578552246094,13000,0.0,0.0
2019-12-25 00:00:00+08:00,148.09149963815912,148.44578552246094,148.09149963815912,148.44578552246094,12000,0.0,0.0
2019-12-26 00:00:00+08:00,148.44577822004047,148.80006408691406,148.44577822004047,148.80006408691406,15000,0.0,0.0
2019-12-27 00:00:00+08:00,148.8000872469288,149.1543731689453,148.8000872469288,149.1543731689453,20479,0.0,0.0
2019-12-30 00:00:00+08:00,149.15434995378766,149.15434995378766,148.80006408691406,148.80006408691406,13000,0.0,0.0
2019-12-31 00:00:00+08:00,148.0915069580078,148.4457928598212,148.0915069580078,148.0915069580078,18800,0.0,0.0
2020-01-02 00:00:00+08:00,149.50863582066128,149.50863582066128,148.80006408691406,148.80006408691406,12000,0.0,0.0
2020-01-03 00:00:00+08:00,149.15434995378766,149.15434995378766,148.44577822004047,148.80006408691406,25823,0.0,0.0
2020-01-06 00:00:00+08:00,148.80006408691406,149.15434995378766,148.80006408691406,148.80006408691406,23000,0.0,0.0
2020-01-07 00:00:00+08:00,150.9258027790278,150.9258027790278,148.8000872469288,149.1543731689453,9000,0.0,0.0
2020-01-08 00:00:00+08:00,148.44577822004047,148.80006408691406,148.09149235316684,148.80006408691406,10000,0.0,0.0
2020-01-09 00:00:00+08:00,148.80007140676275,148.80007140676275,148.44578552246094,148.44578552246094,12000,0.0,0.0
2020-01-10 00:00:00+08:00,148.44578552246094,148.80007140676275,148.44578552246094,148.44578552246094,15000,0.0,0.0
2020-01-13 00:00:00+08:00,148.80006408691406,148.80006408691406,148.44577822004047,148.80006408691406,23000,0.0,0.0
2020-01-14 00:00:00+08:00,149.50866017061122,151.63437571806065,149.50866017061122,150.57151794433594,76000,0.0,0.0
2020-01-15 00:00:00+08:00,150.92580386891086,151.63437571806065,150.57151794433594,150.57151794433594,37000,0.0,0.0
2020-01-16 00:00:00+08:00,150.5714960187395,151.6343536376953,150.21721014575422,151.6343536376953,19000,0.0,0.0
2020-01-17 00:00:00+08:00,151.63436156942015,151.9886474609375,151.28007567790283,151.9886474609375,35630,0.0,0.0
2020-01-20 00:00:00+08:00,152.34293335245482,152.34293335245482,151.63436156942015,151.9886474609375,51509,0.0,0.0
2020-01-30 00:00:00+08:00,149.1543731689453,149.5086590909618,148.09151540289582,149.1543731689453,121000,0.0,0.0
2020-01-31 00:00:00+08:00,148.80008106500333,150.92579650878906,148.80008106500333,150.92579650878906,69518,0.0,0.0
2020-02-03 00:00:00+08:00,149.15436582881694,149.50865173339844,147.73722221049087,149.50865173339844,66000,0.0,0.0
2020-02-04 00:00:00+08:00,149.86293029785156,149.86293029785156,149.5086444106226,149.86293029785156,14000,0.0,0.0
2020-02-05 00:00:00+08:00,149.86295343794913,150.5715253218165,149.86295343794913,150.2172393798828,40000,0.0,0.0
2020-02-06 00:00:00+08:00,149.50866017061122,150.57151794433594,149.50866017061122,150.57151794433594,24000,0.0,0.0
2020-02-07 00:00:00+08:00,150.57151794433594,150.57151794433594,150.57151794433594,150.57151794433594,0,0.0,0.0
2020-02-10 00:00:00+08:00,149.86295343794913,150.2172393798828,149.15438155408177,150.2172393798828,30710,0.0,0.0
2020-02-11 00:00:00+08:00,150.92578918314092,151.63436096334345,150.57150329303965,151.2800750732422,38000,0.0,0.0
2020-02-12 00:00:00+08:00,151.63437058409238,153.7600860595703,151.63437058409238,153.7600860595703,72000,0.0,0.0
2020-02-13 00:00:00+08:00,154.11435855518687,157.30293149081143,154.11435855518687,155.8857879638672,101000,0.0,0.0
2020-02-14 00:00:00+08:00,156.59437056919953,162.97151688197235,156.59437056919953,159.78294372558594,204472,0.0,0.0
2020-02-17 00:00:00+08:00,159.78292782110202,160.13721369210222,158.3657843371011,159.07435607910156,47000,0.0,0.0
2020-02-18 00:00:00+08:00,159.07437869480677,159.78295053754533,158.7200927734375,158.7200927734375,38000,0.0,0.0
2020-02-19 00:00:00+08:00,158.72007211538462,162.6172167432177,158.72007211538462,161.2000732421875,80000,0.0,0.0
2020-02-20 00:00:00+08:00,161.2000732421875,162.97150261847528,160.84578736692995,161.2000732421875,46000,0.0,0.0
2020-02-21 00:00:00+08:00,161.20008735064656,161.20008735064656,159.42865781932076,159.78294372558594,56340,0.0,0.0
2020-02-24 00:00:00+08:00,159.78292782110202,160.13721369210222,158.72007020810133,159.07435607910156,35000,0.0,0.0
2020-02-25 00:00:00+08:00,158.36580575479044,158.36580575479044,157.30294799804688,157.30294799804688,64000,0.0,0.0
2020-02-26 00:00:00+08:00,156.5943603515625,156.5943603515625,155.5315027021175,156.5943603515625,74000,0.0,0.0
2020-02-27 00:00:00+08:00,156.5943603515625,156.94864623471082,155.88578858526583,156.5943603515625,34000,0.0,0.0
2020-03-02 00:00:00+08:00,156.2400665283203,157.30292412375104,155.88578066317672,156.2400665283203,86000,0.0,0.0
2020-03-03 00:00:00+08:00,156.5943603515625,157.6572180010075,155.88578858526583,156.5943603515625,35000,0.0,0.0
2020-03-04 00:00:00+08:00,156.59435239346388,156.59435239346388,155.88578066317672,156.2400665283203,33000,0.0,0.0
2020-03-05 00:00:00+08:00,156.24007446841415,156.94864623471082,156.24007446841415,156.5943603515625,20000,0.0,0.0
2020-03-06 00:00:00+08:00,157.30293211785914,157.30293211785914,156.24007446841415,156.5943603515625,20000,0.0,0.0
2020-03-09 00:00:00+08:00,155.88579288491516,155.88579288491516,151.9886480627923,152.6972198486328,178000,0.0,0.0
2020-03-10 00:00:00+08:00,149.86292427276896,151.6343536376953,149.5086383997837,151.6343536376953,111000,0.0,0.0
2020-03-11 00:00:00+08:00,153.4058074951172,155.1772371428668,153.05152156556727,153.4058074951172,70000,0.0,0.0
2020-03-12 00:00:00+08:00,152.69722487463204,152.69722487463204,148.8000799242354,149.50865173339844,162000,0.0,0.0
2020-03-13 00:00:00+08:00,149.50865173339844,149.50865173339844,149.50865173339844,149.50865173339844,0,0.0,0.0
2020-03-16 00:00:00+08:00,143.13150643943845,144.19436416052338,141.00579099726858,141.36007690429688,135000,0.0,0.0
2020-03-17 00:00:00+08:00,135.33721250063414,139.94292915641486,135.33721250063414,136.4000701904297,240000,0.0,0.0
2020-03-18 00:00:00+08:00,137.46292543284773,137.46292543284773,133.2114947493576,133.56578063964844,313000,0.0,0.0
2020-03-19 00:00:00+08:00,128.9600641077215,128.9600641077215,120.81148862838745,124.70863342285156,429000,0.0,0.0
2020-03-20 00:00:00+08:00,127.18864495866517,130.73150414971434,126.83435903956025,127.897216796875,276000,0.0,0.0
2020-03-23 00:00:00+08:00,126.1257787949546,127.18863648142894,120.81149036258292,126.8343505859375,142000,0.0,0.0
2020-03-24 00:00:00+08:00,130.02294281990297,132.50294445407008,128.9600849766885,131.79437255859375,171000,0.0,0.0
2020-03-25 00:00:00+08:00,133.92006832750286,138.88007085815113,133.92006832750286,135.69149780273438,216000,0.0,0.0
2020-03-26 00:00:00+08:00,137.1086493730545,137.1086493730545,131.08578880627948,136.04579162597656,131000,0.0,0.0
2020-03-27 00:00:00+08:00,137.81720702181158,139.58863641797882,136.04577762564435,137.46292114257812,150000,0.0,0.0
2020-03-30 00:00:00+08:00,134.62865627397247,138.17151564960332,133.92008439884629,137.10865783691406,82000,0.0,0.0
2020-03-31 00:00:00+08:00,137.46292238819356,138.88006591796875,137.46292238819356,138.88006591796875,51000,0.0,0.0
2020-04-01 00:00:00+08:00,137.46292965003596,138.88007325467552,137.46292965003596,138.52578735351562,45000,0.0,0.0
2020-04-06 00:00:00+08:00,138.52577941112028,138.52577941112028,136.40006412603915,138.17149353027344,67000,0.0,0.0
2020-04-07 00:00:00+08:00,138.88007383856154,139.58864564386033,138.52578793591215,139.23435974121094,93000,0.0,0.0
2020-04-08 00:00:00+08:00,139.58864013671874,141.71435546875,139.58864013671874,141.71435546875,103000,0.0,0.0
2020-04-09 00:00:00+08:00,142.42293633355035,143.8400799786603,142.42293633355035,143.4857940673828,80000,0.0,0.0
2020-04-10 00:00:00+08:00,143.48578673865407,143.84007263183594,142.77721495229036,143.84007263183594,39000,0.0,0.0
2020-04-13 00:00:00+08:00,142.4229290591085,143.84007263183594,141.71435727274476,143.84007263183594,46000,0.0,0.0
2020-04-14 00:00:00+08:00,143.84008893268864,145.25723266601562,143.84008893268864,145.25723266601562,37000,0.0,0.0
2020-04-15 00:00:00+08:00,146.67434692382812,147.73720451023266,146.67434692382812,146.67434692382812,72000,0.0,0.0
2020-04-16 00:00:00+08:00,146.67436276949368,147.3829345703125,145.9657909686749,147.3829345703125,27000,0.0,0.0
2020-04-17 00:00:00+08:00,148.09150637113132,148.4457922715407,146.67436276949368,147.3829345703125,51000,0.0,0.0
2020-04-20 00:00:00+08:00,147.382957219503,147.382957219503,145.61152744523014,147.02867126464844,27000,0.0,0.0
2020-04-21 00:00:00+08:00,145.61150148599455,146.3200732693814,142.42292846075378,143.13150024414062,103000,0.0,0.0
2020-04-22 00:00:00+08:00,141.71435727274476,143.84007263183594,140.29721370001732,143.84007263183594,67000,0.0,0.0
2020-04-23 00:00:00+08:00,144.90293884277344,145.25722475681445,143.8400811006504,144.90293884277344,3000,0.0,0.0
2020-04-24 00:00:00+08:00,144.54865236774415,145.25722419307624,143.84008054241207,144.19436645507812,7000,0.0,0.0
2020-04-27 00:00:00+08:00,144.90294673268386,145.25723266601562,143.84008893268864,145.25723266601562,19000,0.0,0.0
2020-04-28 00:00:00+08:00,145.25723266601562,145.9658045326791,144.54866079935212,145.25723266601562,11000,0.0,0.0
2020-04-29 00:00:00+08:00,145.61150506826547,147.3829345703125,145.61150506826547,147.3829345703125,21000,0.0,0.0
2020-04-30 00:00:00+08:00,148.44577822004047,149.15434995378766,148.44577822004047,148.80006408691406,46000,0.0,0.0
2020-05-04 00:00:00+08:00,146.67434692382812,147.3829186480978,146.32006106169328,146.67434692382812,43000,0.0,0.0
2020-05-05 00:00:00+08:00,149.50865056526146,149.50865056526146,147.7372210561944,148.0915069580078,21000,0.0,0.0
2020-05-06 00:00:00+08:00,148.0914990175828,148.0914990175828,147.73721313476562,147.73721313476562,11000,0.0,0.0
2020-05-07 00:00:00+08:00,147.73720648629325,148.80006408691406,147.73720648629325,148.80006408691406,12000,0.0,0.0
2020-05-08 00:00:00+08:00,148.8000799242354,149.50865173339844,147.38293630590937,149.50865173339844,41000,0.0,0.0
2020-05-11 00:00:00+08:00,150.5715253218165,150.5715253218165,149.15438155408177,150.2172393798828,27000,0.0,0.0
2020-05-12 00:00:00+08:00,150.2172161850805,150.2172161850805,148.80007263616466,149.86293029785156,34000,0.0,0.0
2020-05-13 00:00:00+08:00,148.8000883214614,151.63437571806065,148.8000883214614,150.57151794433594,27000,0.0,0.0
2020-05-14 00:00:00+08:00,150.57150207230947,150.57150207230947,149.15435852339363,149.86293029785156,23000,0.0,0.0
2020-05-15 00:00:00+08:00,149.5086383997837,151.6343536376953,149.5086383997837,151.6343536376953,40000,0.0,0.0
2020-05-18 00:00:00+08:00,151.6343536376953,151.98863951068057,150.92578189172477,151.6343536376953,28000,0.0,0.0
2020-05-19 00:00:00+08:00,152.34293395571254,152.6972198486328,152.34293395571254,152.6972198486328,50000,0.0,0.0
2020-05-20 00:00:00+08:00,152.69723563601733,153.4058074951172,152.69723563601733,153.4058074951172,22000,0.0,0.0
2020-05-21 00:00:00+08:00,153.7600860595703,153.7600860595703,153.40580014699066,153.7600860595703,26000,0.0,0.0
2020-05-22 00:00:00+08:00,152.69721125665112,152.69721125665112,150.21721014575422,151.6343536376953,81000,0.0,0.0
2020-05-25 00:00:00+08:00,150.92579650878906,150.92579650878906,150.21722469419382,150.92579650878906,58000,0.0,0.0
2020-05-26 00:00:00+08:00,151.63436156942015,151.9886474609375,150.92578978638548,151.9886474609375,42000,0.0,0.0
2020-05-27 00:00:00+08:00,152.34292602539062,153.76006952330124,151.98864015091297,152.34292602539062,50000,0.0,0.0
2020-05-28 00:00:00+08:00,151.98864685344472,151.98864685344472,150.92578918314092,151.2800750732422,44000,0.0,0.0
2020-05-29 00:00:00+08:00,151.28008979348576,151.28008979348576,150.57151794433594,150.57151794433594,36000,0.0,0.0
2020-06-01 00:00:00+08:00,150.57150389486813,151.9886474609375,150.57150389486813,151.9886474609375,28000,0.0,0.0
2020-06-02 00:00:00+08:00,152.34293395571254,152.6972198486328,151.9886480627923,152.6972198486328,17000,0.0,0.0
2020-06-03 00:00:00+08:00,153.0515057415531,153.0515057415531,151.63436216987202,152.6972198486328,55000,0.0,0.0
2020-06-04 00:00:00+08:00,152.6972198486328,153.0515057415531,151.9886480627923,152.6972198486328,19000,0.0,0.0
2020-06-05 00:00:00+08:00,152.34292666117352,153.05149841308594,152.34292666117352,153.05149841308594,21000,0.0,0.0
2020-06-08 00:00:00+08:00,153.4057836488236,153.4057836488236,151.63435427643532,152.34292602539062,46000,0.0,0.0
2020-06-09 00:00:00+08:00,152.34295022898706,155.88580953663794,152.34295022898706,154.1143798828125,52000,0.0,0.0
2020-06-10 00:00:00+08:00,154.11437197214997,154.11437197214997,153.40580014699066,153.7600860595703,19000,0.0,0.0
2020-06-11 00:00:00+08:00,153.4057836488236,153.4057836488236,151.98864015091297,152.34292602539062,25000,0.0,0.0
2020-06-12 00:00:00+08:00,150.5714960187395,151.6343536376953,149.15435252679842,151.6343536376953,75000,0.0,0.0
2020-06-15 00:00:00+08:00,150.92579650878906,151.2800824160867,149.8629387868962,150.92579650878906,56000,0.0,0.0
2020-06-16 00:00:00+08:00,152.34292538366586,152.69721125665112,151.6343536376953,151.6343536376953,22000,0.0,0.0
2020-06-17 00:00:00+08:00,152.34293335245482,152.34293335245482,151.63436156942015,151.9886474609375,23000,0.0,0.0
2020-06-18 00:00:00+08:00,151.9886474609375,152.34293335245482,151.63436156942015,151.9886474609375,20000,0.0,0.0
2020-06-19 00:00:00+08:00,152.34293395571254,153.0515057415531,152.34293395571254,152.6972198486328,30000,0.0,0.0
2020-06-22 00:00:00+08:00,152.69721253712973,153.05149841308594,152.69721253712973,153.05149841308594,21000,0.0,0.0
2020-06-23 00:00:00+08:00,153.0515057415531,153.40579163447333,152.34293395571254,152.6972198486328,24000,0.0,0.0
2020-06-24 00:00:00+08:00,152.69721253712973,153.05149841308594,152.69721253712973,153.05149841308594,11000,0.0,0.0
2020-06-29 00:00:00+08:00,153.051514234411,153.7600860595703,152.3429424092517,153.7600860595703,26000,0.0,0.0
2020-06-30 00:00:00+08:00,154.46865900466432,156.59437449555418,154.46865900466432,155.17723083496094,81000,0.0,0.0
2020-07-01 00:00:00+08:00,155.8858116270457,157.65724130462579,155.8858116270457,156.94866943359375,64000,0.0,0.0
2020-07-02 00:00:00+08:00,159.4286419501018,159.4286419501018,156.9486408531002,159.07435607910156,35000,0.0,0.0
2020-07-03 00:00:00+08:00,157.65721924101825,158.01150512695312,155.17721803947416,158.01150512695312,72000,0.0,0.0
2020-07-06 00:00:00+08:00,158.0115277579661,158.0115277579661,156.94866994793495,157.65724182128906,38000,0.0,0.0
2020-07-07 00:00:00+08:00,158.36581317565782,158.36581317565782,156.59438349807775,156.94866943359375,40000,0.0,0.0
2020-07-08 00:00:00+08:00,156.94863825860747,156.94863825860747,155.53149479803315,156.2400665283203,44000,0.0,0.0
2020-07-09 00:00:00+08:00,158.36578976730414,158.36578976730414,156.5943603515625,156.5943603515625,35000,0.0,0.0
2020-07-10 00:00:00+08:00,155.88578000427108,155.88578000427108,154.46863654968678,155.531494140625,53000,0.0,0.0
2020-07-13 00:00:00+08:00,157.30294799804688,158.01151983587593,157.30294799804688,157.30294799804688,73000,0.0,0.0
2020-07-14 00:00:00+08:00,158.01149846610087,159.07435607910156,157.30292672410042,159.07435607910156,78000,0.0,0.0
2020-07-15 00:00:00+08:00,159.4286419501018,159.4286419501018,158.72007020810133,159.07435607910156,47000,0.0,0.0
2020-07-16 00:00:00+08:00,159.42865050999464,160.13722229003906,159.42865050999464,160.13722229003906,49000,0.0,0.0
2020-07-17 00:00:00+08:00,160.13722229003906,160.13722229003906,159.78293640001687,160.13722229003906,43000,0.0,0.0
2020-07-20 00:00:00+08:00,160.1372364589146,160.1372364589146,158.3658068520682,158.7200927734375,114000,0.0,0.0
2020-07-21 00:00:00+08:00,158.7200927734375,159.42866461617604,158.3658068520682,158.7200927734375,88000,0.0,0.0
2020-07-22 00:00:00+08:00,158.720078125,159.42864990234375,158.36579223632813,159.42864990234375,96000,0.0,0.0
2020-07-23 00:00:00+08:00,159.07436461997244,160.13722229003906,158.72007872995022,160.13722229003906,229000,0.0,0.0
2020-07-24 00:00:00+08:00,160.38281612796382,161.87128773936024,159.63858032226562,159.63858032226562,259000,10.83,0.0
2020-07-27 00:00:00+08:00,159.63858396722225,159.63858396722225,158.15011232184023,158.89434814453125,72000,0.0,0.0
2020-07-28 00:00:00+08:00,157.77798642278,158.15010431528654,157.03375063776687,157.40586853027344,88000,0.0,0.0
2020-07-29 00:00:00+08:00,157.03376039316956,158.52223205566406,156.66164247754594,158.52223205566406,36000,0.0,0.0
2020-07-30 00:00:00+08:00,158.52223023318572,159.26646605587675,158.52223023318572,158.89434814453125,31000,0.0,0.0
2020-07-31 00:00:00+08:00,159.26646061387171,160.0106964111328,159.26646061387171,160.0106964111328,20000,0.0,0.0
2020-08-03 00:00:00+08:00,159.63858214048582,159.63858214048582,158.52222841922367,159.26646423339844,30000,0.0,0.0
2020-08-04 00:00:00+08:00,160.01070004757318,160.01070004757318,159.26646423339844,159.26646423339844,14000,0.0,0.0
2020-08-05 00:00:00+08:00,160.01069822511474,160.01069822511474,159.2664624194165,159.63858032226562,24000,0.0,0.0
2020-08-06 00:00:00+08:00,160.01070004757318,160.01070004757318,158.89434632631105,159.26646423339844,30000,0.0,0.0
2020-08-07 00:00:00+08:00,158.52222661371832,159.63858032226562,158.1501087108692,159.63858032226562,20000,0.0,0.0
2020-08-10 00:00:00+08:00,160.01069822511474,160.01069822511474,159.2664624194165,159.63858032226562,18000,0.0,0.0
2020-08-11 00:00:00+08:00,159.2664624194165,159.63858032226562,158.8943445165674,159.63858032226562,13000,0.0,0.0
2020-08-12 00:00:00+08:00,158.89434814453125,159.63858396722225,158.89434814453125,158.89434814453125,17000,0.0,0.0
2020-08-13 00:00:00+08:00,158.8943445165674,159.63858032226562,158.8943445165674,159.63858032226562,39000,0.0,0.0
2020-08-14 00:00:00+08:00,159.26646605587675,159.63858396722225,158.89434814453125,158.89434814453125,29000,0.0,0.0
2020-08-17 00:00:00+08:00,159.63858580253495,159.63858580253495,158.52223205566406,158.52223205566406,26000,0.0,0.0
2020-08-18 00:00:00+08:00,158.89434814453125,158.89434814453125,158.52223023318572,158.89434814453125,13000,0.0,0.0
2020-08-19 00:00:00+08:00,159.26646423339844,159.63858214048582,159.26646423339844,159.26646423339844,17000,0.0,0.0
2020-08-20 00:00:00+08:00,159.2664678869113,159.2664678869113,158.15011414004044,158.52223205566406,57000,0.0,0.0
2020-08-21 00:00:00+08:00,158.89434814453125,158.89434814453125,158.52223023318572,158.89434814453125,15000,0.0,0.0
2020-08-24 00:00:00+08:00,158.89434814453125,160.01070187856777,158.52223023318572,158.89434814453125,27000,0.0,0.0
2020-08-25 00:00:00+08:00,158.89434632631105,159.63858214048582,158.89434632631105,159.26646423339844,24000,0.0,0.0
2020-08-26 00:00:00+08:00,159.26646423339844,160.01070004757318,159.26646423339844,159.26646423339844,26000,0.0,0.0
2020-08-27 00:00:00+08:00,159.2664624194165,159.63858032226562,159.2664624194165,159.63858032226562,27000,0.0,0.0
2020-08-28 00:00:00+08:00,159.63857851250225,160.0106964111328,159.26646061387171,160.0106964111328,76000,0.0,0.0
2020-08-31 00:00:00+08:00,160.01069460556843,162.24340197215778,160.01069460556843,160.3828125,80000,0.0,0.0
2020-09-01 00:00:00+08:00,160.38281069861517,160.7549285888672,160.38281069861517,160.7549285888672,27000,0.0,0.0
2020-09-02 00:00:00+08:00,160.75493039443154,160.75493039443154,160.01069460556843,160.3828125,30000,0.0,0.0
2020-09-03 00:00:00+08:00,160.75493039443154,160.75493039443154,160.01069460556843,160.3828125,15000,0.0,0.0
2020-09-04 00:00:00+08:00,158.89434271524118,160.0106964111328,158.89434271524118,160.0106964111328,23000,0.0,0.0
2020-09-07 00:00:00+08:00,160.01070004757318,160.01070004757318,158.89434632631105,159.26646423339844,40000,0.0,0.0
2020-09-08 00:00:00+08:00,159.26646605587675,159.26646605587675,158.52223023318572,158.89434814453125,42000,0.0,0.0
2020-09-09 00:00:00+08:00,158.89434632631105,159.26646423339844,158.1501105121363,159.26646423339844,21000,0.0,0.0
2020-09-10 00:00:00+08:00,159.26646423339844,159.26646423339844,158.52222841922367,159.26646423339844,17000,0.0,0.0
2020-09-11 00:00:00+08:00,159.26646423339844,159.63858214048582,158.52222841922367,159.26646423339844,28000,0.0,0.0
2020-09-14 00:00:00+08:00,158.8943445165674,159.63858032226562,158.52222661371832,159.63858032226562,27000,0.0,0.0
2020-09-15 00:00:00+08:00,160.01070004757318,160.01070004757318,159.26646423339844,159.26646423339844,15000,0.0,0.0
2020-09-16 00:00:00+08:00,159.26646423339844,159.63858214048582,158.89434632631105,159.26646423339844,17000,0.0,0.0
2020-09-17 00:00:00+08:00,159.26646605587675,159.26646605587675,158.89434814453125,158.89434814453125,23000,0.0,0.0
2020-09-18 00:00:00+08:00,159.2664624194165,159.63858032226562,158.8943445165674,159.63858032226562,18000,0.0,0.0
2020-09-21 00:00:00+08:00,160.01069822511474,160.01069822511474,159.2664624194165,159.63858032226562,34000,0.0,0.0
2020-09-22 00:00:00+08:00,159.26648509306065,159.26648509306065,157.77801326976103,158.15013122558594,104000,0.0,0.0
2020-09-23 00:00:00+08:00,158.52223205566406,158.52223205566406,158.15011414004044,158.52223205566406,59000,0.0,0.0
2020-09-24 00:00:00+08:00,158.5222222077931,158.5222222077931,157.03375063776687,157.40586853027344,59000,0.0,0.0
2020-09-25 00:00:00+08:00,157.40588563313415,157.40588563313415,156.2895318343176,157.0337677001953,81000,0.0,0.0
2020-09-28 00:00:00+08:00,157.40586853027344,157.40586853027344,157.03375063776687,157.40586853027344,26000,0.0,0.0
2020-09-29 00:00:00+08:00,157.40589531393613,158.15013122558594,157.40589531393613,158.15013122558594,11000,0.0,0.0
2020-09-30 00:00:00+08:00,158.15013309694686,158.15013309694686,157.77801513671875,157.77801513671875,3000,0.0,0.0
2020-10-05 00:00:00+08:00,157.77801513671875,158.15013309694686,156.66166125603442,157.77801513671875,21000,0.0,0.0
2020-10-06 00:00:00+08:00,159.2664678869113,159.2664678869113,157.77799622441682,158.52223205566406,41000,0.0,0.0
2020-10-07 00:00:00+08:00,157.40589717649064,158.15013309694686,157.40589717649064,157.77801513671875,20000,0.0,0.0
2020-10-08 00:00:00+08:00,157.77801513671875,157.77801513671875,157.40589717649064,157.77801513671875,16000,0.0,0.0
2020-10-12 00:00:00+08:00,157.778003566073,157.778003566073,156.66164976725645,157.0337677001953,62000,0.0,0.0
2020-10-13 00:00:00+08:00,157.0337695486472,157.40588748596625,156.28953367400905,156.66165161132812,33000,0.0,0.0
2020-10-14 00:00:00+08:00,156.66163274526033,157.40586853027344,156.66163274526033,157.40586853027344,22000,0.0,0.0
2020-10-15 00:00:00+08:00,157.03375063776687,157.40586853027344,157.03375063776687,157.40586853027344,17000,0.0,0.0
2020-10-16 00:00:00+08:00,156.66164976725645,157.0337677001953,156.2895318343176,157.0337677001953,22000,0.0,0.0
2020-10-19 00:00:00+08:00,156.2895318343176,157.0337677001953,156.2895318343176,157.0337677001953,59000,0.0,0.0
2020-10-20 00:00:00+08:00,157.0337695486472,157.0337695486472,156.28953367400905,156.66165161132812,18000,0.0,0.0
2020-10-21 00:00:00+08:00,158.52222661371832,160.01069822511474,158.52222661371832,159.63858032226562,83000,0.0,0.0
2020-10-22 00:00:00+08:00,159.63858580253495,159.63858580253495,158.15011414004044,158.52223205566406,28000,0.0,0.0
2020-10-23 00:00:00+08:00,158.15011232184023,159.26646605587675,158.15011232184023,158.89434814453125,37000,0.0,0.0
2020-10-26 00:00:00+08:00,158.89434632631105,159.63858214048582,158.89434632631105,159.26646423339844,2104000,0.0,0.0
2020-10-27 00:00:00+08:00,159.26645881670532,160.3828125,159.26645881670532,160.3828125,1130000,0.0,0.0
2020-10-28 00:00:00+08:00,159.63858396722225,159.63858396722225,158.89434814453125,158.89434814453125,2937000,0.0,0.0
2020-10-29 00:00:00+08:00,157.40587649914923,158.89434814453125,157.40587649914923,158.89434814453125,2867000,0.0,0.0
2020-10-30 00:00:00+08:00,158.15013122558594,158.15013122558594,157.77801326976103,158.15013122558594,1258000,0.0,0.0
2020-11-02 00:00:00+08:00,158.15013122558594,158.52224918141084,157.03377735811122,158.15013122558594,1618000,0.0,0.0
2020-11-03 00:00:00+08:00,158.89436901740308,159.2664869776312,157.77801513671875,157.77801513671875,2177000,0.0,0.0
2020-11-04 00:00:00+08:00,157.77799260504892,159.26646423339844,157.77799260504892,159.26646423339844,1594000,0.0,0.0
2020-11-05 00:00:00+08:00,159.26646061387171,160.38281430976335,159.26646061387171,160.0106964111328,1021000,0.0,0.0
2020-11-06 00:00:00+08:00,160.01069460556843,160.3828125,159.6385767111369,160.3828125,1685000,0.0,0.0
2020-11-09 00:00:00+08:00,160.0106964111328,160.38281430976335,160.0106964111328,160.0106964111328,23000,0.0,0.0
2020-11-10 00:00:00+08:00,159.2664624194165,160.01069822511474,159.2664624194165,159.63858032226562,17000,0.0,0.0
2020-11-11 00:00:00+08:00,159.26646423339844,160.01070004757318,159.26646423339844,159.26646423339844,32000,0.0,0.0
2020-11-12 00:00:00+08:00,159.63858032226562,159.63858032226562,159.2664624194165,159.63858032226562,17000,0.0,0.0
2020-11-13 00:00:00+08:00,159.63858032226562,160.01069822511474,159.2664624194165,159.63858032226562,8000,0.0,0.0
2020-11-16 00:00:00+08:00,159.63858032226562,160.38281612796382,159.63858032226562,159.63858032226562,20000,0.0,0.0
2020-11-17 00:00:00+08:00,160.75493403081293,160.75493403081293,159.2664624194165,159.63858032226562,42000,0.0,0.0
2020-11-18 00:00:00+08:00,159.63858214048582,159.63858214048582,159.26646423339844,159.26646423339844,15000,0.0,0.0
2020-11-19 00:00:00+08:00,159.63858032226562,160.01069822511474,159.63858032226562,159.63858032226562,11000,0.0,0.0
2020-11-20 00:00:00+08:00,159.6385767111369,160.3828125,159.26645881670532,160.3828125,37000,0.0,0.0
2020-11-23 00:00:00+08:00,160.75493039443154,160.75493039443154,160.01069460556843,160.3828125,30000,0.0,0.0
2020-11-24 00:00:00+08:00,160.38281430976335,160.38281430976335,159.63857851250225,160.0106964111328,29000,0.0,0.0
2020-11-25 00:00:00+08:00,160.01069280836316,160.7549285888672,159.63857491811115,160.7549285888672,67000,0.0,0.0
2020-11-26 00:00:00+08:00,160.75495723874135,161.1270751953125,160.75495723874135,161.1270751953125,43000,0.0,0.0
2020-11-27 00:00:00+08:00,161.49916343083459,164.47610653555043,161.49916343083459,164.10398864746094,161000,0.0,0.0
2020-11-30 00:00:00+08:00,164.1040231589503,166.7088489233781,164.1040231589503,166.33673095703125,140000,0.0,0.0
2020-12-01 00:00:00+08:00,166.33673095703125,166.7088489233781,165.2203770579908,166.33673095703125,64000,0.0,0.0
2020-12-02 00:00:00+08:00,167.0809552824899,167.0809552824899,165.22036558001227,165.5924835205078,39000,0.0,0.0
2020-12-03 00:00:00+08:00,165.96459166928116,165.96459166928116,163.73188415803523,164.4761199951172,38000,0.0,0.0
2020-12-04 00:00:00+08:00,164.47613339391842,164.84825134277344,163.73189749620838,164.84825134277344,26000,0.0,0.0
2020-12-07 00:00:00+08:00,165.22036929162846,165.22036929162846,164.47613339391842,164.84825134277344,46000,0.0,0.0
2020-12-08 00:00:00+08:00,164.84825134277344,164.84825134277344,164.47613339391842,164.84825134277344,28000,0.0,0.0
2020-12-09 00:00:00+08:00,164.10399226229936,164.84822805487212,162.24340278086737,163.35975646972656,65000,0.0,0.0
2020-12-10 00:00:00+08:00,163.35975646972656,163.73187436601296,162.98763857344017,163.35975646972656,30000,0.0,0.0
2020-12-11 00:00:00+08:00,163.73187255859375,164.1039904507724,162.9876367742365,163.73187255859375,46000,0.0,0.0
2020-12-14 00:00:00+08:00,162.61551709510303,164.47610653555043,162.61551709510303,164.10398864746094,18000,0.0,0.0
2020-12-15 00:00:00+08:00,164.476108342951,164.476108342951,162.9876367742365,163.73187255859375,23000,0.0,0.0
2020-12-16 00:00:00+08:00,163.73187255859375,164.476108342951,163.73187255859375,163.73187255859375,28000,0.0,0.0
2020-12-17 00:00:00+08:00,163.73187436601296,164.10399226229936,163.35975646972656,163.35975646972656,30000,0.0,0.0
2020-12-18 00:00:00+08:00,163.35975646972656,163.73187436601296,163.35975646972656,163.35975646972656,26000,0.0,0.0
2020-12-21 00:00:00+08:00,163.35975646972656,163.73187436601296,162.61552067715377,163.35975646972656,44000,0.0,0.0
2020-12-22 00:00:00+08:00,163.73189336920765,163.73189336920765,162.24342161130576,162.61553955078125,66000,0.0,0.0
2020-12-23 00:00:00+08:00,162.24340278086737,163.35975646972656,162.24340278086737,163.35975646972656,21000,0.0,0.0
2020-12-24 00:00:00+08:00,163.35977357489875,163.7318915101491,162.24341976914775,162.98765563964844,23000,0.0,0.0
2020-12-25 00:00:00+08:00,162.98765563964844,162.98765563964844,162.24341976914775,162.98765563964844,26000,0.0,0.0
2020-12-28 00:00:00+08:00,162.98763857344017,163.73187436601296,162.98763857344017,163.35975646972656,38000,0.0,0.0
2020-12-29 00:00:00+08:00,163.7318915101491,163.7318915101491,162.6155377043981,162.98765563964844,43000,0.0,0.0
2020-12-30 00:00:00+08:00,162.98763857344017,163.35975646972656,162.61552067715377,163.35975646972656,38000,0.0,0.0
2020-12-31 00:00:00+08:00,163.35977357489875,163.35977357489875,162.6155377043981,162.98765563964844,31000,0.0,0.0
2021-01-04 00:00:00+08:00,162.98765563964844,163.35977357489875,162.6155377043981,162.98765563964844,50000,0.0,0.0
2021-01-05 00:00:00+08:00,162.9876574902567,162.9876574902567,162.24342161130576,162.61553955078125,50000,0.0,0.0
2021-01-06 00:00:00+08:00,162.61555669942032,162.61555669942032,162.24343872070312,162.24343872070312,48000,0.0,0.0
2021-01-07 00:00:00+08:00,162.24343872070312,162.24343872070312,161.8713207419859,162.24343872070312,32000,0.0,0.0
2021-01-08 00:00:00+08:00,162.61555669942032,162.61555669942032,161.4992027632687,162.24343872070312,50000,0.0,0.0
2021-01-11 00:00:00+08:00,162.24342161130576,162.61553955078125,161.8713036718303,162.61553955078125,41000,0.0,0.0
2021-01-12 00:00:00+08:00,162.6155377043981,162.98765563964844,162.6155377043981,162.98765563964844,34000,0.0,0.0
2021-01-13 00:00:00+08:00,162.98765563964844,163.35977357489875,162.6155377043981,162.98765563964844,46000,0.0,0.0
2021-01-14 00:00:00+08:00,162.9876574902567,163.3597754297322,162.61553955078125,162.61553955078125,31000,0.0,0.0
2021-01-15 00:00:00+08:00,163.35979265685475,163.35979265685475,162.24343872070312,162.24343872070312,31000,0.0,0.0
2021-01-18 00:00:00+08:00,162.24342532103088,162.24342532103088,161.87130737304688,161.87130737304688,59000,0.0,0.0
2021-01-19 00:00:00+08:00,161.87130737304688,162.24342532103088,161.49918942506287,161.87130737304688,78000,0.0,0.0
2021-01-20 00:00:00+08:00,161.4991643693712,161.4991643693712,160.7549285888672,160.7549285888672,94000,0.0,0.0
2021-01-21 00:00:00+08:00,160.75493403081293,160.75493403081293,159.2664624194165,159.63858032226562,169000,0.0,0.0
2021-01-22 00:00:00+08:00,160.01070371815857,160.01070371815857,158.52223205566406,158.52223205566406,110000,0.0,0.0
2021-01-25 00:00:00+08:00,158.52222841922367,159.63858214048582,158.52222841922367,159.26646423339844,55000,0.0,0.0
2021-01-26 00:00:00+08:00,160.01070187856777,160.38281978991327,158.89434814453125,158.89434814453125,41000,0.0,0.0
2021-01-27 00:00:00+08:00,159.26646423339844,159.63858214048582,158.89434632631105,159.26646423339844,41000,0.0,0.0
2021-01-28 00:00:00+08:00,158.89434814453125,159.26646605587675,158.89434814453125,158.89434814453125,33000,0.0,0.0
2021-01-29 00:00:00+08:00,159.2664678869113,159.2664678869113,158.52223205566406,158.52223205566406,42000,0.0,0.0
2021-02-01 00:00:00+08:00,157.77801326976103,158.52224918141084,157.77801326976103,158.15013122558594,75000,0.0,0.0
2021-02-02 00:00:00+08:00,158.89434632631105,159.26646423339844,158.52222841922367,159.26646423339844,26000,0.0,0.0
2021-02-03 00:00:00+08:00,159.2664624194165,159.63858032226562,159.2664624194165,159.63858032226562,12000,0.0,0.0
2021-02-04 00:00:00+08:00,159.63858032226562,160.01069822511474,159.63858032226562,159.63858032226562,21000,0.0,0.0
2021-02-05 00:00:00+08:00,159.63857851250225,160.0106964111328,159.63857851250225,160.0106964111328,22000,0.0,0.0
2021-02-17 00:00:00+08:00,162.9876649781683,162.9876649781683,160.38283928217018,161.1270751953125,48000,0.0,0.0
2021-02-18 00:00:00+08:00,161.1270464791192,161.4991643693712,160.7549285888672,160.7549285888672,39000,0.0,0.0
2021-02-19 00:00:00+08:00,161.49918942506287,161.49918942506287,161.12707147707886,161.87130737304688,41000,0.0,0.0
2021-02-22 00:00:00+08:00,163.35977357489875,163.35977357489875,162.98765563964844,162.98765563964844,48000,0.0,0.0
2021-02-23 00:00:00+08:00,162.98765563964844,163.35977357489875,162.6155377043981,162.98765563964844,41000,0.0,0.0
2021-02-24 00:00:00+08:00,162.98763857344017,163.35975646972656,162.98763857344017,163.35975646972656,31000,0.0,0.0
2021-02-25 00:00:00+08:00,163.35975646972656,163.35975646972656,162.61552067715377,163.35975646972656,33000,0.0,0.0
2021-02-26 00:00:00+08:00,162.24342161130576,163.3597754297322,162.24342161130576,162.61553955078125,28000,0.0,0.0
2021-03-02 00:00:00+08:00,163.35977357489875,163.35977357489875,162.6155377043981,162.98765563964844,35000,0.0,0.0
2021-03-03 00:00:00+08:00,162.9876367742365,163.73187255859375,162.6155188820579,163.73187255859375,51000,0.0,0.0
2021-03-04 00:00:00+08:00,163.7318915101491,164.10400944539944,162.98765563964844,162.98765563964844,35000,0.0,0.0
2021-03-05 00:00:00+08:00,162.61552067715377,163.35975646972656,162.24340278086737,163.35975646972656,21000,0.0,0.0
2021-03-08 00:00:00+08:00,163.35977357489875,163.35977357489875,162.24341976914775,162.98765563964844,46000,0.0,0.0
2021-03-09 00:00:00+08:00,163.7318956529772,165.22036743164062,163.35977770831133,165.22036743164062,86000,0.0,0.0
2021-03-10 00:00:00+08:00,164.8482244236399,164.8482244236399,163.73187075937147,164.10398864746094,21000,0.0,0.0
2021-03-11 00:00:00+08:00,164.4761199951172,164.84823791365818,164.10400207657622,164.4761199951172,37000,0.0,0.0
2021-03-12 00:00:00+08:00,164.4761199951172,164.84823791365818,164.10400207657622,164.4761199951172,27000,0.0,0.0
2021-03-15 00:00:00+08:00,164.47610653555043,164.47610653555043,163.73187075937147,164.10398864746094,34000,0.0,0.0
2021-03-16 00:00:00+08:00,164.4761199951172,164.84823791365818,164.10400207657622,164.4761199951172,30000,0.0,0.0
2021-03-17 00:00:00+08:00,164.4761199951172,165.22035583219917,164.4761199951172,164.4761199951172,57000,0.0,0.0
2021-03-18 00:00:00+08:00,164.84823791365818,164.84823791365818,164.10400207657622,164.4761199951172,21000,0.0,0.0
2021-03-19 00:00:00+08:00,164.4761199951172,164.4761199951172,164.10400207657622,164.4761199951172,19000,0.0,0.0
2021-03-22 00:00:00+08:00,164.4761315423089,165.22036743164062,164.4761315423089,165.22036743164062,55000,0.0,0.0
2021-03-23 00:00:00+08:00,165.96460332097232,165.96460332097232,165.22036743164062,165.22036743164062,42000,0.0,0.0
2021-03-24 00:00:00+08:00,165.96460146100333,165.96460146100333,165.22036558001227,165.5924835205078,18000,0.0,0.0
2021-03-25 00:00:00+08:00,165.22036929162846,165.22036929162846,164.84825134277344,164.84825134277344,33000,0.0,0.0
2021-03-26 00:00:00+08:00,165.22036929162846,165.22036929162846,164.84825134277344,164.84825134277344,18000,0.0,0.0
2021-03-29 00:00:00+08:00,164.84824763951676,165.5924835205078,164.84824763951676,165.5924835205078,37000,0.0,0.0
2021-03-30 00:00:00+08:00,165.96458435058594,166.3367022527173,165.5924664484546,165.96458435058594,35000,0.0,0.0
2021-03-31 00:00:00+08:00,167.08093805698002,167.08093805698002,165.5924664484546,165.96458435058594,28000,0.0,0.0
2021-04-01 00:00:00+08:00,165.5924780028207,166.70883178710938,165.5924780028207,166.70883178710938,23000,0.0,0.0
2021-04-07 00:00:00+08:00,166.7088489233781,166.7088489233781,165.96461299068443,166.33673095703125,24000,0.0,0.0
2021-04-08 00:00:00+08:00,166.70882015484864,167.08093805698002,165.5924664484546,165.96458435058594,35000,0.0,0.0
2021-04-09 00:00:00+08:00,165.96460146100333,165.96460146100333,165.22036558001227,165.5924835205078,29000,0.0,0.0
2021-04-12 00:00:00+08:00,165.96460146100333,165.96460146100333,165.22036558001227,165.5924835205078,26000,0.0,0.0
2021-04-13 00:00:00+08:00,166.33671940149884,166.70883734199438,165.22036558001227,165.5924835205078,47000,0.0,0.0
2021-04-14 00:00:00+08:00,165.96460332097232,165.96460332097232,164.10401359764305,165.22036743164062,46000,0.0,0.0
2021-04-15 00:00:00+08:00,165.59246105712347,167.0809326171875,165.22034316710747,167.0809326171875,35000,0.0,0.0
2021-04-16 00:00:00+08:00,167.08096688972492,167.08096688972492,165.96461299068443,166.33673095703125,25000,0.0,0.0
2021-04-19 00:00:00+08:00,166.3366968371555,167.0809326171875,166.3366968371555,167.0809326171875,62000,0.0,0.0
2021-04-20 00:00:00+08:00,167.08094604492186,167.45306396484375,166.708828125,167.45306396484375,32000,0.0,0.0
2021-04-21 00:00:00+08:00,167.45305050720353,167.45305050720353,166.7088147271715,167.0809326171875,42000,0.0,0.0
2021-04-22 00:00:00+08:00,167.08096688972492,167.08096688972492,165.96461299068443,166.33673095703125,35000,0.0,0.0
2021-04-23 00:00:00+08:00,165.96458435058594,166.70882015484864,165.96458435058594,165.96458435058594,27000,0.0,0.0
2021-04-26 00:00:00+08:00,167.45305050720353,167.45305050720353,166.3366968371555,167.0809326171875,16000,0.0,0.0
2021-04-27 00:00:00+08:00,167.0809497152056,167.45306764330184,166.70883178710938,166.70883178710938,22000,0.0,0.0
2021-04-28 00:00:00+08:00,167.0809326171875,167.0809326171875,166.7088147271715,167.0809326171875,10000,0.0,0.0
2021-04-29 00:00:00+08:00,166.70883178710938,167.0809497152056,166.33671385901314,166.70883178710938,30000,0.0,0.0
2021-05-03 00:00:00+08:00,166.7088489233781,167.08096688972492,165.96461299068443,166.33673095703125,48000,0.0,0.0
2021-05-04 00:00:00+08:00,166.33671940149884,166.70883734199438,165.22036558001227,165.5924835205078,45000,0.0,0.0
2021-05-05 00:00:00+08:00,165.59248537630646,166.33672126563818,165.22036743164062,165.22036743164062,24000,0.0,0.0
2021-05-06 00:00:00+08:00,165.22036929162846,165.9646051893385,164.84825134277344,164.84825134277344,42000,0.0,0.0
2021-05-07 00:00:00+08:00,165.5924664484546,165.96458435058594,165.2203485463232,165.96458435058594,16000,0.0,0.0
2021-05-10 00:00:00+08:00,165.5924835205078,166.33671940149884,164.84824763951676,165.5924835205078,48000,0.0,0.0
2021-05-11 00:00:00+08:00,165.59246019981887,165.59246019981887,164.10398864746094,164.10398864746094,44000,0.0,0.0
2021-05-12 00:00:00+08:00,164.10401506095099,164.10401506095099,160.0107176331268,161.87130737304688,159000,0.0,0.0
2021-05-13 00:00:00+08:00,160.75492942116477,164.476108342951,160.38281152898617,163.73187255859375,111000,0.0,0.0
2021-05-14 00:00:00+08:00,164.1040154450634,164.84825134277344,162.98766159849833,164.84825134277344,50000,0.0,0.0
2021-05-17 00:00:00+08:00,162.98767467813752,163.73191063557195,161.4992027632687,162.24343872070312,68000,0.0,0.0
2021-05-18 00:00:00+08:00,162.2434257007883,164.84825134277344,161.49918980307825,164.84825134277344,99000,0.0,0.0
2021-05-19 00:00:00+08:00,164.84822623512963,164.84822623512963,163.73187255859375,163.73187255859375,9000,0.0,0.0
2021-05-20 00:00:00+08:00,162.9876574902567,164.4761292481586,162.24342161130576,162.61553955078125,36000,0.0,0.0
2021-05-21 00:00:00+08:00,163.73187436601296,164.47611015858575,163.35975646972656,163.35975646972656,26000,0.0,0.0
2021-05-24 00:00:00+08:00,164.4761199951172,164.4761199951172,163.35976623949423,164.4761199951172,16000,0.0,0.0
2021-05-25 00:00:00+08:00,164.4761315423089,165.22036743164062,164.10401359764305,165.22036743164062,25000,0.0,0.0
2021-05-26 00:00:00+08:00,165.22035881726956,174.8954248741367,165.22035881726956,170.05789184570312,260000,0.0,0.0
2021-05-27 00:00:00+08:00,170.05788570167744,170.05788570167744,167.82517823075824,168.19729614257812,69000,0.0,0.0
2021-05-28 00:00:00+08:00,170.43001161541855,170.43001161541855,168.56942196896202,169.68577575683594,37000,0.0,0.0
2021-05-31 00:00:00+08:00,169.68576230898006,169.68576230898006,168.5694086095789,169.3136444091797,29000,0.0,0.0
2021-06-01 00:00:00+08:00,169.68576230898006,169.68576230898006,168.5694086095789,169.3136444091797,22000,0.0,0.0
2021-06-02 00:00:00+08:00,169.68577209206126,171.17424377707934,168.94153624955223,170.4300079345703,49000,0.0,0.0
2021-06-03 00:00:00+08:00,170.05789001331578,170.4300079345703,169.68577209206126,170.4300079345703,14000,0.0,0.0
2021-06-04 00:00:00+08:00,170.42999993546945,170.42999993546945,168.9415283203125,168.9415283203125,23000,0.0,0.0
2021-06-07 00:00:00+08:00,168.94153196621784,169.68576778985758,167.82517823075824,168.19729614257812,25000,0.0,0.0
2021-06-08 00:00:00+08:00,168.19729614257812,169.68576778985758,167.45306031893838,168.19729614257812,28000,0.0,0.0
2021-06-09 00:00:00+08:00,168.19729796957284,169.68576963302039,167.82518005371094,167.82518005371094,27000,0.0,0.0
2021-06-10 00:00:00+08:00,168.94153196621784,169.68576778985758,168.19729614257812,168.19729614257812,17000,0.0,0.0
2021-06-11 00:00:00+08:00,169.68576778985758,169.68576778985758,168.19729614257812,168.19729614257812,26000,0.0,0.0
2021-06-15 00:00:00+08:00,168.19729251273404,168.9415283203125,168.19729251273404,168.9415283203125,7000,0.0,0.0
2021-06-16 00:00:00+08:00,168.94153624955223,170.4300079345703,168.94153624955223,170.4300079345703,38000,0.0,0.0
2021-06-17 00:00:00+08:00,170.4300061061751,171.1742419406999,170.05788818891273,170.8021240234375,49000,0.0,0.0
2021-06-18 00:00:00+08:00,171.17424377707934,171.17424377707934,170.4300079345703,170.4300079345703,13000,0.0,0.0
2021-06-21 00:00:00+08:00,168.94153989825332,170.43001161541855,168.94153989825332,169.68577575683594,20000,0.0,0.0
2021-06-22 00:00:00+08:00,170.43000977096725,170.43000977096725,169.685773920439,170.05789184570312,9000,0.0,0.0
2021-06-23 00:00:00+08:00,170.05789184570312,170.43000977096725,170.05789184570312,170.05789184570312,8000,0.0,0.0
2021-06-24 00:00:00+08:00,171.17422485351562,171.17422485351562,170.05787121316664,171.17422485351562,26000,0.0,0.0
2021-06-25 00:00:00+08:00,171.1742456214955,171.1742456214955,170.05789184570312,170.05789184570312,37000,0.0,0.0
2021-06-28 00:00:00+08:00,170.05789001331578,170.4300079345703,170.05789001331578,170.4300079345703,10000,0.0,0.0
2021-06-29 00:00:00+08:00,170.4300079345703,170.4300079345703,170.05789001331578,170.4300079345703,10000,0.0,0.0
2021-06-30 00:00:00+08:00,170.8021258558248,171.17424377707934,169.68577209206126,170.4300079345703,22000,0.0,0.0
2021-07-01 00:00:00+08:00,171.54636540329247,171.91848333258378,169.68577575683594,169.68577575683594,45000,0.0,0.0
2021-07-02 00:00:00+08:00,171.1742456214955,171.1742456214955,170.05789184570312,170.05789184570312,18000,0.0,0.0
2021-07-05 00:00:00+08:00,170.05787121316664,171.91846061374832,170.05787121316664,171.17422485351562,60000,0.0,0.0
2021-07-06 00:00:00+08:00,171.17423829184176,172.29059201983205,171.17423829184176,171.54635620117188,24000,0.0,0.0
2021-07-07 00:00:00+08:00,171.91848021413125,173.40695190429688,171.91848021413125,173.40695190429688,38000,0.0,0.0
2021-07-08 00:00:00+08:00,173.40695558745287,174.89542730923358,172.6627197265625,172.6627197265625,51000,0.0,0.0
2021-07-09 00:00:00+08:00,171.91847300428026,175.2675341667013,171.91847300428026,174.89541625976562,49000,0.0,0.0
2021-07-12 00:00:00+08:00,175.26755912409777,178.61662076341173,175.26755912409777,176.0117950439453,49000,0.0,0.0
2021-07-13 00:00:00+08:00,175.6396484375,177.87235583289194,175.6396484375,175.6396484375,29000,0.0,0.0
2021-07-14 00:00:00+08:00,175.63967708402154,176.38391300386908,175.63967708402154,176.0117950439453,27000,0.0,0.0
2021-07-15 00:00:00+08:00,176.01177795023858,178.24448549294775,175.26754210266887,176.38389587402344,41000,0.0,0.0
2021-07-16 00:00:00+08:00,176.01177795023858,177.50024964537803,175.26754210266887,176.38389587402344,34000,0.0,0.0
2021-07-19 00:00:00+08:00,176.75601196289062,177.50024780273438,176.75601196289062,176.75601196289062,23000,0.0,0.0
2021-07-20 00:00:00+08:00,176.011766336732,176.011766336732,174.895412639036,175.6396484375,14000,0.0,0.0
2021-07-21 00:00:00+08:00,175.26755912409777,176.0117950439453,175.26755912409777,176.0117950439453,15000,0.0,0.0
2021-07-22 00:00:00+08:00,175.63965207363697,177.12812370137965,174.89541625976562,174.89541625976562,27000,0.0,0.0
2021-07-23 00:00:00+08:00,174.52329835282995,175.2675341667013,174.52329835282995,174.89541625976562,40000,0.0,0.0
2021-07-26 00:00:00+08:00,175.26754210266887,176.7560137978083,175.26754210266887,176.38389587402344,16000,0.0,0.0
2021-07-27 00:00:00+08:00,175.6396655428941,175.6396655428941,175.26754760742188,175.26754760742188,12000,0.0,0.0
2021-07-28 00:00:00+08:00,175.2675341667013,175.2675341667013,174.15118044589428,174.89541625976562,23000,0.0,0.0
2021-07-29 00:00:00+08:00,175.63966002645373,176.38389587402344,175.63966002645373,176.38389587402344,5000,0.0,0.0
2021-07-30 00:00:00+08:00,175.26754210266887,176.38389587402344,175.26754210266887,176.38389587402344,18000,0.0,0.0
2021-08-02 00:00:00+08:00,176.38390741428407,177.12814331054688,176.01178946615266,177.12814331054688,17000,0.0,0.0
2021-08-03 00:00:00+08:00,177.12814331054688,177.12814331054688,176.75602536241547,177.12814331054688,9000,0.0,0.0
2021-08-04 00:00:00+08:00,176.75601196289062,177.1281298828125,176.38389404296873,176.75601196289062,12000,0.0,0.0
2021-08-05 00:00:00+08:00,177.1281359354655,178.61660766601562,177.1281359354655,178.61660766601562,51000,0.0,0.0
2021-08-06 00:00:00+08:00,177.8723602294922,178.24447813792207,177.8723602294922,177.8723602294922,6000,0.0,0.0
2021-08-09 00:00:00+08:00,177.8723675691629,177.8723675691629,176.38389587402344,176.38389587402344,25000,0.0,0.0
2021-08-10 00:00:00+08:00,176.383884235964,176.75600213519596,175.267530538268,175.6396484375,18000,0.0,0.0
2021-08-11 00:00:00+08:00,176.38391300386908,176.75603096379285,175.63967708402154,176.0117950439453,29000,0.0,0.0
2021-08-12 00:00:00+08:00,176.38390141383857,176.7560193493108,174.89542967194964,175.26754760742188,40000,0.0,0.0
2021-08-13 00:00:00+08:00,175.63967708402154,176.38391300386908,175.26755912409777,176.0117950439453,16000,0.0,0.0
2021-08-16 00:00:00+08:00,175.63965207363697,175.63965207363697,173.40694463202294,174.89541625976562,65000,0.0,0.0
2021-08-17 00:00:00+08:00,175.63965758623863,175.63965758623863,173.77906799316406,173.77906799316406,33000,0.0,0.0
2021-08-18 00:00:00+08:00,173.7790625389586,174.89541625976562,173.7790625389586,174.89541625976562,19000,0.0,0.0
2021-08-19 00:00:00+08:00,175.63965943954534,175.63965943954534,173.40695190429688,173.40695190429688,48000,0.0,0.0
2021-08-20 00:00:00+08:00,173.40694825262085,174.52330199673642,173.40694825262085,174.15118408203125,83000,0.0,0.0
2021-08-23 00:00:00+08:00,176.0631317945304,177.6246673315107,175.67274791028532,177.23428344726562,71000,10.9488,0.0
2021-08-24 00:00:00+08:00,177.23428042904362,177.62466430664062,176.4535126738496,177.62466430664062,26000,0.0,0.0
2021-08-25 00:00:00+08:00,177.6246674647778,179.1862030029297,177.6246674647778,179.1862030029297,12000,0.0,0.0
2021-08-26 00:00:00+08:00,179.57656860351562,179.96695244830588,179.18618475872537,179.57656860351562,20000,0.0,0.0
2021-08-27 00:00:00+08:00,179.18618475872537,179.57656860351562,178.79580091393512,179.57656860351562,10000,0.0,0.0
2021-08-30 00:00:00+08:00,179.5765929775113,179.5765929775113,178.4054412841797,178.4054412841797,28000,0.0,0.0
2021-08-31 00:00:00+08:00,178.7958251819569,178.7958251819569,178.0150573864025,178.4054412841797,17000,0.0,0.0
2021-09-01 00:00:00+08:00,178.40544432924503,178.40544432924503,177.62467652036432,178.0150604248047,23000,0.0,0.0
2021-09-02 00:00:00+08:00,177.62466430664062,178.01504818423766,177.62466430664062,177.62466430664062,20000,0.0,0.0
2021-09-03 00:00:00+08:00,178.0150512157558,178.40543510000086,177.23428344726562,177.23428344726562,17000,0.0,0.0
2021-09-06 00:00:00+08:00,177.23428042904362,178.40543206183466,177.23428042904362,177.62466430664062,22000,0.0,0.0
2021-09-07 00:00:00+08:00,177.62466430664062,178.01504818423766,176.84389655144662,177.62466430664062,8000,0.0,0.0
2021-09-08 00:00:00+08:00,176.45351869696813,176.84390258789062,176.45351869696813,176.84390258789062,11000,0.0,0.0
2021-09-09 00:00:00+08:00,176.84389956302056,177.23428344726562,176.84389956302056,177.23428344726562,5000,0.0,0.0
2021-09-10 00:00:00+08:00,177.23428344726562,177.6246673315107,177.23428344726562,177.23428344726562,7000,0.0,0.0
2021-09-13 00:00:00+08:00,178.4054412841797,178.4054412841797,177.6246734886253,178.4054412841797,12000,0.0,0.0
2021-09-14 00:00:00+08:00,179.57658688746767,179.57658688746767,178.01505134931577,179.1862030029297,18000,0.0,0.0
2021-09-15 00:00:00+08:00,177.6246704701253,178.7958221435547,177.6246704701253,178.7958221435547,17000,0.0,0.0
2021-09-16 00:00:00+08:00,178.7958221435547,179.57658992584095,178.7958221435547,178.7958221435547,11000,0.0,0.0
2021-09-17 00:00:00+08:00,179.57656860351562,179.57656860351562,178.79580091393512,179.57656860351562,14000,0.0,0.0
2021-09-22 00:00:00+08:00,178.79580091393512,179.57656860351562,178.40541706914487,179.57656860351562,25000,0.0,0.0
2021-09-23 00:00:00+08:00,180.35735478894463,181.13812255859375,180.35735478894463,181.13812255859375,15000,0.0,0.0
2021-09-24 00:00:00+08:00,181.13813172696484,182.69966734530075,181.13813172696484,181.9188995361328,21000,0.0,0.0
2021-09-27 00:00:00+08:00,181.9188995361328,182.69966734530075,181.9188995361328,181.9188995361328,18000,0.0,0.0
2021-09-28 00:00:00+08:00,179.57659610862896,181.9188995361328,179.57659610862896,181.9188995361328,24000,0.0,0.0
2021-09-29 00:00:00+08:00,181.13811953965055,181.52850341796875,181.13811953965055,181.52850341796875,24000,0.0,0.0
2021-09-30 00:00:00+08:00,180.7477447377655,180.7477447377655,180.35736083984375,180.35736083984375,18000,0.0,0.0
2021-10-01 00:00:00+08:00,179.18620603469782,179.57658992584095,178.01505436126843,178.7958221435547,38000,0.0,0.0
2021-10-04 00:00:00+08:00,178.01503322435462,179.57656860351562,178.01503322435462,179.57656860351562,27000,0.0,0.0
2021-10-05 00:00:00+08:00,179.18618475872537,180.35733629309613,178.79580091393512,179.57656860351562,30000,0.0,0.0
2021-10-06 00:00:00+08:00,180.35735780785973,180.74774169921875,179.57659002514174,180.74774169921875,12000,0.0,0.0
2021-10-07 00:00:00+08:00,178.79581310743885,180.74773246450695,178.79581310743885,179.9669647216797,15000,0.0,0.0
2021-10-08 00:00:00+08:00,179.96697090412007,181.13812255859375,179.96697090412007,181.13812255859375,9000,0.0,0.0
2021-10-12 00:00:00+08:00,178.40543523385375,181.9188901946955,178.40543523385375,179.1862030029297,28000,0.0,0.0
2021-10-13 00:00:00+08:00,180.3573517830141,181.52850341796875,179.57658402637767,181.52850341796875,34000,0.0,0.0
2021-10-14 00:00:00+08:00,181.9188995361328,182.3092834407168,181.9188995361328,181.9188995361328,19000,0.0,0.0
2021-10-15 00:00:00+08:00,181.52851563154883,181.9188995361328,181.13813172696484,181.9188995361328,19000,0.0,0.0
2021-10-18 00:00:00+08:00,181.9188995361328,181.9188995361328,181.52851563154883,181.9188995361328,25000,0.0,0.0
2021-10-19 00:00:00+08:00,181.52851563154883,182.69966734530075,181.13813172696484,181.9188995361328,24000,0.0,0.0
2021-10-20 00:00:00+08:00,181.91889032824287,181.91889032824287,181.13812255859375,181.13812255859375,12000,0.0,0.0
2021-10-21 00:00:00+08:00,181.91889347174228,183.48042903802335,181.91889347174228,182.6996612548828,16000,0.0,0.0
2021-10-22 00:00:00+08:00,182.6996550529234,182.6996550529234,181.52850341796875,181.52850341796875,8000,0.0,0.0
2021-10-25 00:00:00+08:00,181.52850341796875,181.91888729628695,181.52850341796875,181.52850341796875,20000,0.0,0.0
2021-10-26 00:00:00+08:00,181.52850958017203,182.6996612548828,181.52850958017203,182.6996612548828,3000,0.0,0.0
2021-10-27 00:00:00+08:00,181.52851563154883,181.9188995361328,180.7477478223809,181.9188995361328,12000,0.0,0.0
2021-10-28 00:00:00+08:00,181.91889032824287,181.91889032824287,180.7477386737692,181.13812255859375,14000,0.0,0.0
2021-10-29 00:00:00+08:00,181.13813172696484,181.9188995361328,180.7477478223809,181.9188995361328,11000,0.0,0.0
2021-11-01 00:00:00+08:00,180.7477356613323,181.52850341796875,180.7477356613323,181.52850341796875,16000,0.0,0.0
2021-11-02 00:00:00+08:00,181.13811953965055,181.91888729628695,181.13811953965055,181.52850341796875,8000,0.0,0.0
2021-11-03 00:00:00+08:00,182.3092834731829,184.26120299645038,182.3092834731829,183.87081909179688,39000,0.0,0.0
2021-11-04 00:00:00+08:00,183.0900390949655,183.4804229736328,183.0900390949655,183.4804229736328,3000,0.0,0.0
2021-11-05 00:00:00+08:00,182.6996612548828,183.48042903802335,182.30927736331256,182.6996612548828,15000,0.0,0.0
2021-11-08 00:00:00+08:00,182.6996612548828,184.26119682116388,182.6996612548828,182.6996612548828,26000,0.0,0.0
2021-11-09 00:00:00+08:00,182.6996552162982,183.4804229736328,182.3092713376309,183.4804229736328,18000,0.0,0.0
2021-11-10 00:00:00+08:00,183.0900451464531,183.8708129295936,182.6996612548828,182.6996612548828,32000,0.0,0.0
2021-11-11 00:00:00+08:00,184.2611846923828,184.2611846923828,182.69964922888803,184.2611846923828,35000,0.0,0.0
2021-11-12 00:00:00+08:00,184.26120299645038,184.26120299645038,183.87081909179688,183.87081909179688,14000,0.0,0.0
2021-11-15 00:00:00+08:00,183.87081909179688,184.65158690110385,183.48043518714337,183.87081909179688,49000,0.0,0.0
2021-11-16 00:00:00+08:00,183.48043518714337,184.26120299645038,183.48043518714337,183.87081909179688,38000,0.0,0.0
2021-11-17 00:00:00+08:00,184.26119389916272,185.04196166992188,182.3092744722648,185.04196166992188,43000,0.0,0.0
2021-11-18 00:00:00+08:00,185.04195865028782,185.43234252929688,184.26119089226972,185.43234252929688,15000,0.0,0.0
2021-11-19 00:00:00+08:00,185.8227264083059,186.21311028731495,185.43234252929688,185.43234252929688,13000,0.0,0.0
2021-11-22 00:00:00+08:00,184.26121214529928,184.65159606933594,184.26121214529928,184.65159606933594,10000,0.0,0.0
2021-11-23 00:00:00+08:00,184.26121214529928,184.65159606933594,184.26121214529928,184.65159606933594,9000,0.0,0.0
2021-11-24 00:00:00+08:00,184.65158690110385,184.65158690110385,183.48043518714337,183.87081909179688,26000,0.0,0.0
2021-11-25 00:00:00+08:00,185.04196166992188,186.21311332606064,185.04196166992188,185.04196166992188,7000,0.0,0.0
2021-11-26 00:00:00+08:00,184.65159606933594,184.65159606933594,183.87082822126263,184.65159606933594,8000,0.0,0.0
2021-11-29 00:00:00+08:00,182.6996673778364,184.26120299645038,182.6996673778364,183.87081909179688,9000,0.0,0.0
2021-11-30 00:00:00+08:00,183.8708159211394,185.8227354107481,180.35736083984375,180.35736083984375,58000,0.0,0.0
2021-12-01 00:00:00+08:00,181.91889347174228,183.48042903802335,181.91889347174228,182.6996612548828,23000,0.0,0.0
2021-12-02 00:00:00+08:00,182.699664293571,182.699664293571,182.3092803955078,182.3092803955078,7000,0.0,0.0
2021-12-03 00:00:00+08:00,183.48042903802335,183.8708129295936,182.30927736331256,182.6996612548828,20000,0.0,0.0
2021-12-06 00:00:00+08:00,182.30927736331256,182.6996612548828,182.30927736331256,182.6996612548828,11000,0.0,0.0
2021-12-07 00:00:00+08:00,182.3092834731829,183.87081909179688,182.3092834731829,183.87081909179688,20000,0.0,0.0
2021-12-08 00:00:00+08:00,183.87080685230012,183.87080685230012,182.6996552162982,183.4804229736328,17000,0.0,0.0
2021-12-09 00:00:00+08:00,183.87081598776055,183.87081598776055,182.3092803955078,182.3092803955078,11000,0.0,0.0
2021-12-10 00:00:00+08:00,182.3092834407168,182.3092834407168,181.9188995361328,181.9188995361328,20000,0.0,0.0
2021-12-13 00:00:00+08:00,182.3092713376309,183.4804229736328,182.3092713376309,183.4804229736328,20000,0.0,0.0
2021-12-14 00:00:00+08:00,182.69966734530075,182.69966734530075,181.9188995361328,181.9188995361328,31000,0.0,0.0
2021-12-15 00:00:00+08:00,181.91889347174228,182.6996612548828,181.91889347174228,182.6996612548828,7000,0.0,0.0
2021-12-16 00:00:00+08:00,182.30927736331256,183.48042903802335,182.30927736331256,182.6996612548828,21000,0.0,0.0
2021-12-17 00:00:00+08:00,182.6996552162982,183.4804229736328,182.6996552162982,183.4804229736328,6000,0.0,0.0
2021-12-20 00:00:00+08:00,183.48042599936284,183.87080988446786,183.0900421142578,183.0900421142578,8000,0.0,0.0
2021-12-21 00:00:00+08:00,182.699664293571,182.699664293571,181.91889649744462,182.3092803955078,18000,0.0,0.0
2021-12-22 00:00:00+08:00,182.30927736331256,182.6996612548828,181.91889347174228,182.6996612548828,10000,0.0,0.0
2021-12-23 00:00:00+08:00,182.6996612548828,182.6996612548828,182.30927736331256,182.6996612548828,9000,0.0,0.0
2021-12-24 00:00:00+08:00,182.6996612548828,183.0900451464531,182.6996612548828,182.6996612548828,4000,0.0,0.0
2021-12-27 00:00:00+08:00,181.91889956852938,185.43235471041086,181.91889956852938,183.87081909179688,17000,0.0,0.0
2021-12-28 00:00:00+08:00,182.6996612548828,183.8708129295936,182.30927736331256,182.6996612548828,15000,0.0,0.0
2021-12-29 00:00:00+08:00,182.6996612548828,182.6996612548828,182.30927736331256,182.6996612548828,12000,0.0,0.0
2021-12-30 00:00:00+08:00,183.0900421142578,184.26119376957288,182.6996582291528,183.0900421142578,20000,0.0,0.0
2022-01-03 00:00:00+08:00,183.0900481916342,183.0900481916342,181.91889649744462,182.3092803955078,14000,0.0,0.0
2022-01-04 00:00:00+08:00,182.30927736331256,182.6996612548828,181.91889347174228,182.6996612548828,27000,0.0,0.0
2022-01-05 00:00:00+08:00,182.699664293571,182.699664293571,182.3092803955078,182.3092803955078,15000,0.0,0.0
2022-01-06 00:00:00+08:00,181.13812870131827,182.3092803955078,181.13812870131827,182.3092803955078,15000,0.0,0.0
2022-01-07 00:00:00+08:00,182.30927736331256,183.0900451464531,182.30927736331256,182.6996612548828,18000,0.0,0.0
2022-01-10 00:00:00+08:00,183.48042903802335,183.48042903802335,181.91889347174228,182.6996612548828,13000,0.0,0.0
2022-01-11 00:00:00+08:00,183.0900421142578,183.48042599936284,183.0900421142578,183.0900421142578,17000,0.0,0.0
2022-01-12 00:00:00+08:00,183.0900421142578,183.0900421142578,182.6996582291528,183.0900421142578,10000,0.0,0.0
2022-01-13 00:00:00+08:00,182.699664293571,182.699664293571,182.3092803955078,182.3092803955078,14000,0.0,0.0
2022-01-14 00:00:00+08:00,182.3092834407168,182.3092834407168,181.9188995361328,181.9188995361328,16000,0.0,0.0
2022-01-17 00:00:00+08:00,182.30927736331256,183.48042903802335,181.91889347174228,182.6996612548828,21000,0.0,0.0
2022-01-18 00:00:00+08:00,183.48042903802335,183.48042903802335,182.6996612548828,182.6996612548828,12000,0.0,0.0
2022-01-19 00:00:00+08:00,182.3092803955078,183.0900481916342,181.91889649744462,182.3092803955078,15000,0.0,0.0
2022-01-20 00:00:00+08:00,182.30927736331256,183.0900451464531,182.30927736331256,182.6996612548828,16000,0.0,0.0
2022-01-21 00:00:00+08:00,182.30927736331256,182.6996612548828,181.91889347174228,182.6996612548828,19000,0.0,0.0
2022-01-24 00:00:00+08:00,181.91888745896358,183.4804229736328,181.52850358029627,183.4804229736328,30000,0.0,0.0
2022-01-25 00:00:00+08:00,184.26120299645038,184.26120299645038,182.3092834731829,183.87081909179688,16000,0.0,0.0
2022-01-26 00:00:00+08:00,183.8708008265091,184.2611846923828,182.69964922888803,184.2611846923828,17000,0.0,0.0
2022-02-07 00:00:00+08:00,184.2611846923828,185.0419524241302,183.8708008265091,184.2611846923828,22000,0.0,0.0
2022-02-08 00:00:00+08:00,185.43235471041086,185.43235471041086,183.87081909179688,183.87081909179688,18000,0.0,0.0
2022-02-09 00:00:00+08:00,184.26120299645038,184.65158690110385,183.87081909179688,183.87081909179688,7000,0.0,0.0
2022-02-10 00:00:00+08:00,184.26120299645038,184.26120299645038,183.87081909179688,183.87081909179688,11000,0.0,0.0
2022-02-11 00:00:00+08:00,184.26119389916272,185.04196166992188,184.26119389916272,185.04196166992188,25000,0.0,0.0
2022-02-14 00:00:00+08:00,184.26121214529928,185.04197999337256,183.48044429722597,184.65159606933594,32000,0.0,0.0
2022-02-15 00:00:00+08:00,184.2611907309674,184.6515746096347,183.0900390949655,183.4804229736328,68000,0.0,0.0
2022-02-16 00:00:00+08:00,184.26119376957288,184.26119376957288,183.0900421142578,183.0900421142578,45000,0.0,0.0
2022-02-17 00:00:00+08:00,183.0900421142578,183.48042599936284,183.0900421142578,183.0900421142578,28000,0.0,0.0
2022-02-18 00:00:00+08:00,183.87080685230012,184.2611907309674,183.4804229736328,183.4804229736328,15000,0.0,0.0
2022-02-21 00:00:00+08:00,183.4804229736328,184.2611907309674,183.4804229736328,183.4804229736328,5000,0.0,0.0
2022-02-22 00:00:00+08:00,184.2611846923828,185.0419524241302,183.48041696063544,184.2611846923828,19000,0.0,0.0
2022-02-23 00:00:00+08:00,184.2611846923828,184.2611846923828,183.8708008265091,184.2611846923828,8000,0.0,0.0
2022-02-24 00:00:00+08:00,184.26119682116388,185.04196460430438,182.6996612548828,182.6996612548828,31000,0.0,0.0
2022-02-25 00:00:00+08:00,183.0900481916342,183.4804320896974,182.3092803955078,182.3092803955078,29000,0.0,0.0
2022-03-01 00:00:00+08:00,182.30926536301436,184.2611846923828,182.30926536301436,184.2611846923828,22000,0.0,0.0
2022-03-02 00:00:00+08:00,184.2611846923828,184.6515685582565,183.09003309476174,184.2611846923828,24000,0.0,0.0
2022-03-03 00:00:00+08:00,182.6996673778364,184.26120299645038,182.6996673778364,183.87081909179688,35000,0.0,0.0
2022-03-04 00:00:00+08:00,184.26120299645038,184.26120299645038,183.48043518714337,183.87081909179688,12000,0.0,0.0
2022-03-07 00:00:00+08:00,183.48042903802335,183.48042903802335,182.30927736331256,182.6996612548828,43000,0.0,0.0
2022-03-08 00:00:00+08:00,183.0900421142578,183.87080988446786,182.6996582291528,183.0900421142578,56000,0.0,0.0
2022-03-09 00:00:00+08:00,183.48043518714337,184.26120299645038,183.48043518714337,183.87081909179688,34000,0.0,0.0
2022-03-10 00:00:00+08:00,184.26119389916272,185.04196166992188,183.87081001378314,185.04196166992188,42000,0.0,0.0
2022-03-11 00:00:00+08:00,185.04197083801782,185.82273864746094,185.04197083801782,185.82273864746094,36000,0.0,0.0
2022-03-14 00:00:00+08:00,186.21312561035157,187.38427734375,185.82274169921877,187.38427734375,47000,0.0,0.0
2022-03-15 00:00:00+08:00,187.38427126556016,188.1650390625,186.99388736709025,188.1650390625,64000,0.0,0.0
2022-03-16 00:00:00+08:00,188.94579175757187,191.67847882844583,188.94579175757187,190.116943359375,115000,0.0,0.0
2022-03-17 00:00:00+08:00,190.1169647216797,191.67850036621095,189.33619689941406,191.28811645507812,53000,0.0,0.0
2022-03-18 00:00:00+08:00,191.6784943363796,194.80156552719637,191.2881104375275,194.0207977294922,77000,0.0,0.0
2022-03-21 00:00:00+08:00,194.4111907299469,199.0957977354878,194.4111907299469,198.70541381835938,91000,0.0,0.0
2022-03-22 00:00:00+08:00,201.04770815349409,201.82847595214844,199.87655645551257,201.82847595214844,105000,0.0,0.0
2022-03-23 00:00:00+08:00,201.82848205566407,201.82848205566407,195.19195556640625,195.19195556640625,99000,0.0,0.0
2022-03-24 00:00:00+08:00,193.63041992187502,195.19195556640625,192.8496520996094,195.19195556640625,45000,0.0,0.0
2022-03-25 00:00:00+08:00,195.19193710819368,195.19193710819368,192.84963386289536,193.63040161132812,56000,0.0,0.0
2022-03-28 00:00:00+08:00,192.0688691110322,193.6304046322601,191.67848523072522,193.24002075195312,14000,0.0,0.0
2022-03-29 00:00:00+08:00,199.48617231342155,199.48617231342155,192.0688782352317,194.0207977294922,26000,0.0,0.0
2022-03-30 00:00:00+08:00,193.63041992187502,193.63041992187502,191.28811645507812,191.28811645507812,54000,0.0,0.0
2022-03-31 00:00:00+08:00,191.28811037637354,193.24002987001,190.89772647764624,192.06887817382812,61000,0.0,0.0
2022-04-01 00:00:00+08:00,192.84963386289536,193.63040161132812,192.0688661144626,193.63040161132812,26000,0.0,0.0
2022-04-06 00:00:00+08:00,193.63040161132812,193.63040161132812,192.84963386289536,193.63040161132812,21000,0.0,0.0
2022-04-07 00:00:00+08:00,193.6304137687373,193.6304137687373,191.28811037637354,192.06887817382812,37000,0.0,0.0
2022-04-08 00:00:00+08:00,192.06887817382812,192.45926207255542,191.67849427510083,192.06887817382812,17000,0.0,0.0
2022-04-11 00:00:00+08:00,192.45926818847656,192.45926818847656,191.28811645507812,191.28811645507812,19000,0.0,0.0
2022-04-12 00:00:00+08:00,191.28811951307677,191.67850343045038,190.89773559570312,190.89773559570312,28000,0.0,0.0
2022-04-13 00:00:00+08:00,191.2880981818236,191.67848205566406,191.2880981818236,191.67848205566406,13000,0.0,0.0
2022-04-14 00:00:00+08:00,191.67848523072522,193.24002075195312,191.67848523072522,193.24002075195312,34000,0.0,0.0
2022-04-15 00:00:00+08:00,191.67848823331147,193.63040766542258,191.67848823331147,192.84963989257812,25000,0.0,0.0
2022-04-18 00:00:00+08:00,192.45926818847656,192.8496520996094,191.28811645507812,191.28811645507812,25000,0.0,0.0
2022-04-19 00:00:00+08:00,191.28810434688924,193.24002377900035,191.28810434688924,192.84963989257812,19000,0.0,0.0
2022-04-20 00:00:00+08:00,192.45926207255542,192.8496459712827,192.06887817382812,192.06887817382812,19000,0.0,0.0
2022-04-21 00:00:00+08:00,192.84965518257127,192.84965518257127,190.89773559570312,190.89773559570312,41000,0.0,0.0
2022-04-22 00:00:00+08:00,190.89771430798316,191.67848205566406,190.50733043414272,191.67848205566406,21000,0.0,0.0
2022-04-25 00:00:00+08:00,190.5073486328125,191.28811645507812,190.5073486328125,191.28811645507812,41000,0.0,0.0
2022-04-26 00:00:00+08:00,191.28811645507812,191.67850036621095,191.28811645507812,191.28811645507812,4000,0.0,0.0
2022-04-27 00:00:00+08:00,190.5073272266427,190.5073272266427,189.33617562483957,190.116943359375,35000,0.0,0.0
2022-04-28 00:00:00+08:00,190.11695868019166,192.8496459712827,190.11695868019166,192.06887817382812,15000,0.0,0.0
2022-04-29 00:00:00+08:00,192.06886592950454,192.06886592950454,191.2880981818236,191.67848205566406,7000,0.0,0.0
2022-05-03 00:00:00+08:00,190.89773254394532,191.28811645507812,190.89773254394532,191.28811645507812,2000,0.0,0.0
2022-05-04 00:00:00+08:00,190.5073516783295,191.28811951307677,190.11696776095587,190.89773559570312,17000,0.0,0.0
2022-05-05 00:00:00+08:00,192.06886269571353,192.06886269571353,190.116943359375,190.116943359375,18000,0.0,0.0
2022-05-06 00:00:00+08:00,190.89773254394532,190.89773254394532,188.55542907714843,189.33619689941406,48000,0.0,0.0
2022-05-09 00:00:00+08:00,189.33619075790975,189.33619075790975,186.60350346862032,188.1650390625,61000,0.0,0.0
2022-05-10 00:00:00+08:00,186.99388736709025,188.1650390625,185.8227356716805,188.1650390625,31000,0.0,0.0
2022-05-11 00:00:00+08:00,187.77465516403007,188.1650390625,186.60350346862032,188.1650390625,24000,0.0,0.0
2022-05-12 00:00:00+08:00,188.16503275295852,188.16503275295852,184.26119389916272,185.04196166992188,78000,0.0,0.0
2022-05-13 00:00:00+08:00,184.65158100009705,189.72657159840838,183.87081321574146,188.555419921875,46000,0.0,0.0
2022-05-16 00:00:00+08:00,190.50733947753906,192.8496428317711,189.72657169279503,190.50733947753906,59000,0.0,0.0
2022-05-17 00:00:00+08:00,190.8977083279685,192.45924377441406,190.50732446635712,192.45924377441406,41000,0.0,0.0
2022-05-18 00:00:00+08:00,192.84963989257812,193.63040766542258,191.67848823331147,192.84963989257812,28000,0.0,0.0
2022-05-19 00:00:00+08:00,192.45926818847656,192.45926818847656,189.7265808105469,191.28811645507812,29000,0.0,0.0
2022-05-20 00:00:00+08:00,191.28811645507812,191.28811645507812,191.28811645507812,191.28811645507812,5000,0.0,0.0
2022-05-23 00:00:00+08:00,190.1169585548496,190.1169585548496,188.1650390625,188.1650390625,40000,0.0,0.0
2022-05-24 00:00:00+08:00,188.1650390625,188.1650390625,188.1650390625,188.1650390625,0,0.0,0.0
2022-05-25 00:00:00+08:00,187.774649123515,189.3361846671617,187.774649123515,188.94580078125,18000,0.0,0.0
2022-05-26 00:00:00+08:00,188.94580078125,189.72656855307335,188.94580078125,188.94580078125,10000,0.0,0.0
2022-05-27 00:00:00+08:00,189.7265625,189.7265625,189.3361786265432,189.7265625,5000,0.0,0.0
2022-05-30 00:00:00+08:00,190.50734257891895,192.06887817382812,190.11695868019166,192.06887817382812,26000,0.0,0.0
2022-05-31 00:00:00+08:00,192.06887817382812,192.06887817382812,192.06887817382812,192.06887817382812,0,0.0,0.0
2022-06-01 00:00:00+08:00,190.5073272266427,190.5073272266427,190.116943359375,190.116943359375,3000,0.0,0.0
2022-06-02 00:00:00+08:00,189.7265625,192.06886574074073,189.3361786265432,189.7265625,20000,0.0,0.0
2022-06-06 00:00:00+08:00,189.33617562483957,190.116943359375,188.55540789030414,190.116943359375,8000,0.0,0.0
2022-06-07 00:00:00+08:00,189.72655949210727,190.5073272266427,189.72655949210727,190.116943359375,16000,0.0,0.0
2022-06-08 00:00:00+08:00,190.50732446635712,192.84962763602545,190.50732446635712,192.45924377441406,19000,0.0,0.0
2022-06-09 00:00:00+08:00,190.8977083279685,193.24001149763683,190.8977083279685,192.45924377441406,37000,0.0,0.0
2022-06-10 00:00:00+08:00,190.11695868019166,192.06887817382812,190.11695868019166,192.06887817382812,5000,0.0,0.0
2022-06-13 00:00:00+08:00,193.24002377900035,193.63040766542258,191.28810434688924,192.84963989257812,37000,0.0,0.0
2022-06-14 00:00:00+08:00,192.84963989257812,192.84963989257812,190.50733657404479,192.84963989257812,37000,0.0,0.0
2022-06-15 00:00:00+08:00,193.24003903803703,194.80157470703125,191.28811945179422,194.80157470703125,51000,0.0,0.0
2022-06-16 00:00:00+08:00,196.7534912109375,196.7534912109375,195.19195556640625,195.19195556640625,28000,0.0,0.0
2022-06-17 00:00:00+08:00,195.19194637436465,195.19194637436465,192.84964301787227,194.4111785888672,18000,0.0,0.0
2022-06-20 00:00:00+08:00,192.84963367718544,193.2400175510259,191.67848205566406,191.67848205566406,26000,0.0,0.0
2022-06-21 00:00:00+08:00,191.67850336904277,194.80157470703125,191.67850336904277,194.80157470703125,39000,0.0,0.0
2022-06-22 00:00:00+08:00,194.8015469440824,195.19193080569377,192.45924377441406,192.45924377441406,40000,0.0,0.0
2022-06-23 00:00:00+08:00,192.06886592950454,194.41116917254726,191.67848205566406,191.67848205566406,34000,0.0,0.0
2022-06-24 00:00:00+08:00,191.67848523072522,194.0207885125671,191.67848523072522,193.24002075195312,36000,0.0,0.0
2022-06-27 00:00:00+08:00,194.801565588233,197.14386898207948,194.4111816892586,195.97271728515625,56000,0.0,0.0
2022-06-28 00:00:00+08:00,195.1919434562562,196.75347900390625,194.41117568243118,196.75347900390625,30000,0.0,0.0
2022-06-29 00:00:00+08:00,197.14386593039418,197.14386593039418,195.5823303586683,196.36309814453125,75000,0.0,0.0
2022-06-30 00:00:00+08:00,195.9727141598621,195.9727141598621,187.38426851939008,194.4111785888672,216000,0.0,0.0
2022-07-01 00:00:00+08:00,195.1848280596885,197.2350888586348,190.26420214221736,193.1345672607422,130000,11.943339,0.0
2022-07-04 00:00:00+08:00,191.90440098614073,194.77476595815565,191.90440098614073,192.314453125,32000,0.0,0.0
2022-07-05 00:00:00+08:00,192.72450526385927,192.72450526385927,192.314453125,192.314453125,7000,0.0,0.0
2022-07-06 00:00:00+08:00,192.7244907321477,193.13454284008841,189.8541259765625,189.8541259765625,38000,0.0,0.0
2022-07-07 00:00:00+08:00,191.49435862158515,193.54461942053146,191.0843064617959,193.1345672607422,35000,0.0,0.0
2022-07-08 00:00:00+08:00,194.36471195974372,199.28533757897773,194.36471195974372,197.23507690429688,31000,0.0,0.0
2022-07-11 00:00:00+08:00,197.2350964733006,198.87530517578125,197.2350964733006,198.87530517578125,18000,0.0,0.0
2022-07-12 00:00:00+08:00,197.23508402926862,198.46524047851562,196.82503187951963,198.46524047851562,13000,0.0,0.0
2022-07-13 00:00:00+08:00,198.46525300016108,199.28535735140142,198.46525300016108,198.87530517578125,13000,0.0,0.0
2022-07-14 00:00:00+08:00,198.87527918279295,200.92553979292484,198.87527918279295,200.51548767089844,17000,0.0,0.0
2022-07-15 00:00:00+08:00,200.92553979292484,200.92553979292484,200.10543554887207,200.51548767089844,12000,0.0,0.0
2022-07-18 00:00:00+08:00,201.3355919149512,201.3355919149512,199.6953834268457,200.51548767089844,14000,0.0,0.0
2022-07-19 00:00:00+08:00,199.6953762038745,200.51548041826413,199.2853240966797,199.2853240966797,9000,0.0,0.0
2022-07-20 00:00:00+08:00,200.1054578331428,201.74566650390625,200.1054578331428,201.74566650390625,28000,0.0,0.0
2022-07-21 00:00:00+08:00,201.745650325913,204.20596313476562,201.745650325913,204.20596313476562,29000,0.0,0.0
2022-07-22 00:00:00+08:00,203.3858642578125,203.3858642578125,201.3356035294071,203.3858642578125,24000,0.0,0.0
2022-07-25 00:00:00+08:00,204.6160206948557,204.6160206948557,203.3858642578125,203.3858642578125,9000,0.0,0.0
2022-07-26 00:00:00+08:00,201.74565666354434,201.74565666354434,200.51550022047394,200.92555236816406,25000,0.0,0.0
2022-07-27 00:00:00+08:00,200.92553979292484,201.74564403697758,199.28533130481932,200.51548767089844,41000,0.0,0.0
2022-07-28 00:00:00+08:00,200.51547773858607,200.51547773858607,198.87526933172646,199.69537353515625,46000,0.0,0.0
2022-07-29 00:00:00+08:00,198.87526933172646,199.69537353515625,198.87526933172646,199.69537353515625,30000,0.0,0.0
2022-08-01 00:00:00+08:00,199.69538610489641,201.33559461499823,198.0551775947946,200.10543823242188,73000,0.0,0.0
2022-08-02 00:00:00+08:00,198.46522972232006,200.10543823242188,198.0551775947946,200.10543823242188,28000,0.0,0.0
2022-08-03 00:00:00+08:00,199.28533130481932,200.51548767089844,198.46522706076655,200.51548767089844,24000,0.0,0.0
2022-08-04 00:00:00+08:00,199.2853240966797,199.2853240966797,198.87527198948487,199.2853240966797,11000,0.0,0.0
2022-08-05 00:00:00+08:00,200.10543554887207,200.51548767089844,200.10543554887207,200.51548767089844,11000,0.0,0.0
2022-08-08 00:00:00+08:00,201.74565666354434,201.74565666354434,199.6953959250937,200.92555236816406,24000,0.0,0.0
2022-08-09 00:00:00+08:00,200.51550022047394,201.74565666354434,200.51550022047394,200.92555236816406,32000,0.0,0.0
2022-08-10 00:00:00+08:00,201.74565666354434,202.15570881123446,200.92555236816406,200.92555236816406,16000,0.0,0.0
2022-08-11 00:00:00+08:00,203.38586697048612,203.7959191216363,201.74565836588542,202.97581481933594,26000,0.0,0.0
2022-08-12 00:00:00+08:00,203.38586697048612,203.38586697048612,202.56576266818578,202.97581481933594,15000,0.0,0.0
2022-08-15 00:00:00+08:00,203.79591640349355,203.79591640349355,202.56575996645034,203.3858642578125,26000,0.0,0.0
2022-08-16 00:00:00+08:00,205.02606740438316,205.02606740438316,203.38585886514807,204.20596313476562,19000,0.0,0.0
2022-08-17 00:00:00+08:00,204.20596313476562,204.20596313476562,203.38585886514807,204.20596313476562,6000,0.0,0.0
2022-08-18 00:00:00+08:00,202.97580673033931,204.20596313476562,202.97580673033931,204.20596313476562,13000,0.0,0.0
2022-08-19 00:00:00+08:00,204.2059604438369,204.6160125732422,204.2059604438369,204.6160125732422,15000,0.0,0.0
2022-08-22 00:00:00+08:00,204.20595776367188,205.43611413574217,204.20595776367188,205.02606201171875,20000,0.0,0.0
2022-08-23 00:00:00+08:00,204.20595610141754,210.76679003238678,204.20595610141754,209.94668579101562,66000,0.0,0.0
2022-08-24 00:00:00+08:00,210.35673627780594,215.6874138053137,210.35673627780594,214.8673095703125,78000,0.0,0.0
2022-08-25 00:00:00+08:00,216.097475842378,217.3276322513479,215.2773715697314,215.6874237060547,39000,0.0,0.0
2022-08-26 00:00:00+08:00,216.0974659228143,216.0974659228143,214.8673095703125,214.8673095703125,31000,0.0,0.0
2022-08-29 00:00:00+08:00,213.22710110031014,215.6874138053137,212.40699686530894,214.8673095703125,22000,0.0,0.0
2022-08-30 00:00:00+08:00,214.86731225445897,216.507520744951,214.45726013183594,214.45726013183594,9000,0.0,0.0
2022-08-31 00:00:00+08:00,214.4572717054835,217.32763671875,214.4572717054835,217.32763671875,59000,0.0,0.0
2022-09-01 00:00:00+08:00,217.32761912102245,225.52866135200443,217.32761912102245,224.70855712890625,123000,0.0,0.0
2022-09-02 00:00:00+08:00,226.3487690980245,226.3487690980245,221.42814368285005,221.83819580078125,29000,0.0,0.0
2022-09-05 00:00:00+08:00,221.42814905170164,221.42814905170164,220.1979926680811,221.01809692382812,17000,0.0,0.0
2022-09-06 00:00:00+08:00,221.0181084657327,225.1186299586034,221.0181084657327,223.8884735107422,58000,0.0,0.0
2022-09-07 00:00:00+08:00,223.88847251560378,227.16888969531956,222.24826392574587,226.34878540039062,42000,0.0,0.0
2022-09-08 00:00:00+08:00,226.3487682726091,227.1688725054809,223.06835134112202,224.2985076904297,38000,0.0,0.0
2022-09-12 00:00:00+08:00,224.2985139468163,224.2985139468163,219.78794054020756,221.01809692382812,58000,0.0,0.0
2022-09-13 00:00:00+08:00,221.4281544605447,221.4281544605447,219.37789377109522,220.197998046875,20000,0.0,0.0
2022-09-14 00:00:00+08:00,220.1979899936252,223.06835485387734,220.1979899936252,221.4281463623047,13000,0.0,0.0
2022-09-15 00:00:00+08:00,221.01809961822397,221.01809961822397,220.60804748535156,220.60804748535156,4000,0.0,0.0
2022-09-16 00:00:00+08:00,221.42816870252074,223.47842952384036,221.42816870252074,222.6583251953125,24000,0.0,0.0
2022-09-19 00:00:00+08:00,222.6583251953125,223.06837735957643,220.60806437399287,222.6583251953125,16000,0.0,0.0
2022-09-20 00:00:00+08:00,222.24827303104857,222.6583251953125,222.24827303104857,222.6583251953125,10000,0.0,0.0
2022-09-21 00:00:00+08:00,222.65830273098416,222.65830273098416,221.01809423941154,221.4281463623047,17000,0.0,0.0
2022-09-22 00:00:00+08:00,220.60803757852582,220.60803757852582,218.5577770062347,219.78793334960938,31000,0.0,0.0
2022-09-23 00:00:00+08:00,218.5577958797462,218.9678480296144,216.91758728027344,216.91758728027344,32000,0.0,0.0
2022-09-26 00:00:00+08:00,214.86731311200435,214.86731311200435,211.1768439936684,211.9969482421875,89000,0.0,0.0
2022-09-27 00:00:00+08:00,212.4070183805717,213.22712269864343,211.17686190346416,211.5869140625,24000,0.0,0.0
2022-09-28 00:00:00+08:00,209.9466831140351,210.7667873449493,205.436109844007,210.3567352294922,78000,0.0,0.0
2022-09-29 00:00:00+08:00,210.35675758539244,211.5869140625,209.1266011082849,211.5869140625,21000,0.0,0.0
2022-09-30 00:00:00+08:00,213.22710461496615,213.22710461496615,211.58689611792795,211.9969482421875,13000,0.0,0.0
2022-10-03 00:00:00+08:00,211.58690517155202,211.58690517155202,207.07633161169338,208.30648803710938,32000,0.0,0.0
2022-10-04 00:00:00+08:00,209.9466884784736,211.58689698221167,208.3064799747355,209.53663635253906,14000,0.0,0.0
2022-10-05 00:00:00+08:00,209.12659504004483,209.12659504004483,207.48638645149546,207.8964385986328,31000,0.0,0.0
2022-10-06 00:00:00+08:00,211.99694369132058,213.22710003769188,207.8964225367496,210.3567352294922,22000,0.0,0.0
2022-10-07 00:00:00+08:00,210.35674778682247,211.58690420662845,210.35674778682247,210.7667999267578,13000,0.0,0.0
2022-10-11 00:00:00+08:00,209.12658239070606,210.35673875771022,206.66626965669775,207.4863739013672,25000,0.0,0.0
2022-10-12 00:00:00+08:00,205.84617344759567,207.8964341393048,204.61601703257023,206.2562255859375,33000,0.0,0.0
2022-10-13 00:00:00+08:00,205.0260628765894,207.48637563110847,202.15569799631714,202.5657501220703,82000,0.0,0.0
2022-10-14 00:00:00+08:00,205.4361195391919,205.4361195391919,203.38585886514807,204.20596313476562,19000,0.0,0.0
2022-10-17 00:00:00+08:00,204.20597951005146,204.20597951005146,198.8753013300702,201.74566650390625,65000,0.0,0.0
2022-10-18 00:00:00+08:00,202.56575281479778,202.56575281479778,201.33559642118564,202.15570068359375,11000,0.0,0.0
2022-10-19 00:00:00+08:00,202.1556907700424,202.1556907700424,200.92553443675615,201.33558654785156,10000,0.0,0.0
2022-10-20 00:00:00+08:00,199.28533486014084,199.28533486014084,196.004917825406,197.64512634277344,69000,0.0,0.0
2022-10-21 00:00:00+08:00,197.64511448910363,197.64511448910363,194.3646976511102,194.77474975585938,93000,0.0,0.0
2022-10-24 00:00:00+08:00,195.59486389160156,200.92554152386742,195.18481176604266,195.59486389160156,49000,0.0,0.0
2022-10-25 00:00:00+08:00,196.82503669884557,196.82503669884557,191.0843064617959,193.1345672607422,78000,0.0,0.0
2022-10-26 00:00:00+08:00,194.36470568382134,194.36470568382134,191.49434083195055,193.5446014404297,51000,0.0,0.0
2022-10-27 00:00:00+08:00,196.0049231847127,196.8250274658203,195.59487104415894,196.8250274658203,22000,0.0,0.0
2022-10-28 00:00:00+08:00,195.59487104415894,196.8250274658203,195.59487104415894,196.8250274658203,13000,0.0,0.0
2022-10-31 00:00:00+08:00,197.64511302658175,200.10542563687116,196.82500882315196,199.69537353515625,21000,0.0,0.0
2022-11-01 00:00:00+08:00,197.64513617901764,199.69539692776263,197.64513617901764,198.46524047851562,9000,0.0,0.0
2022-11-02 00:00:00+08:00,198.8753013300702,201.74566650390625,198.46524916237934,201.74566650390625,11000,0.0,0.0
2022-11-03 00:00:00+08:00,200.51551000083367,202.565770839288,200.51551000083367,201.74566650390625,19000,0.0,0.0
2022-11-04 00:00:00+08:00,200.92553443675615,201.745638658947,200.92553443675615,201.33558654785156,20000,0.0,0.0
2022-11-07 00:00:00+08:00,201.33558654785156,202.1556907700424,200.92553443675615,201.33558654785156,13000,0.0,0.0
2022-11-08 00:00:00+08:00,201.3356143362154,201.74566650390625,200.92556216852452,201.74566650390625,6000,0.0,0.0
2022-11-09 00:00:00+08:00,207.48638571462322,209.5366464430286,202.15570782076927,203.3858642578125,23000,0.0,0.0
2022-11-10 00:00:00+08:00,202.56576266818578,202.97581481933594,202.56576266818578,202.97581481933594,3000,0.0,0.0
2022-11-11 00:00:00+08:00,205.02607557508682,205.02607557508682,202.97581481933594,202.97581481933594,12000,0.0,0.0
2022-11-14 00:00:00+08:00,202.97581211213142,205.02607284053678,202.56575996645034,203.3858642578125,14000,0.0,0.0
2022-11-15 00:00:00+08:00,200.92555406358508,203.38586697048612,200.92555406358508,202.97581481933594,32000,0.0,0.0
2022-11-16 00:00:00+08:00,202.97579499223326,202.97579499223326,200.51548232566074,201.33558654785156,36000,0.0,0.0
2022-11-17 00:00:00+08:00,201.74564403697758,201.74564403697758,200.51548767089844,200.51548767089844,29000,0.0,0.0
2022-11-18 00:00:00+08:00,200.92555236816406,201.33560451585421,200.92555236816406,200.92555236816406,9000,0.0,0.0
2022-11-21 00:00:00+08:00,201.33559642118564,202.15570068359375,201.33559642118564,202.15570068359375,6000,0.0,0.0
2022-11-22 00:00:00+08:00,202.15569799631714,202.5657501220703,201.33559374481078,202.5657501220703,9000,0.0,0.0
2022-11-23 00:00:00+08:00,201.7456556750882,203.3858642578125,201.7456556750882,203.3858642578125,15000,0.0,0.0
2022-11-24 00:00:00+08:00,203.38585707720588,203.38585707720588,201.33559642118564,202.15570068359375,25000,0.0,0.0
2022-11-25 00:00:00+08:00,202.565770839288,202.565770839288,201.74566650390625,201.74566650390625,5000,0.0,0.0
2022-11-28 00:00:00+08:00,202.15571867159713,202.15571867159713,201.74566650390625,201.74566650390625,8000,0.0,0.0
2022-11-29 00:00:00+08:00,201.33559642118564,202.15570068359375,201.33559642118564,202.15570068359375,12000,0.0,0.0
2022-11-30 00:00:00+08:00,201.3356143362154,202.15571867159713,201.3356143362154,201.74566650390625,19000,0.0,0.0
2022-12-01 00:00:00+08:00,202.56575281479778,202.97580494600183,201.7456485523897,202.15570068359375,21000,0.0,0.0
2022-12-02 00:00:00+08:00,202.97582300697886,204.6160316777423,201.74566650390625,201.74566650390625,24000,0.0,0.0
2022-12-05 00:00:00+08:00,204.2059604438369,204.6160125732422,204.2059604438369,204.6160125732422,14000,0.0,0.0
2022-12-06 00:00:00+08:00,204.20595862508304,204.20595862508304,202.5657501220703,202.5657501220703,14000,0.0,0.0
2022-12-07 00:00:00+08:00,205.0260647026475,205.0260647026475,203.38585618502628,204.6160125732422,14000,0.0,0.0
2022-12-08 00:00:00+08:00,204.61601526957438,204.61601526957438,203.38585886514807,204.20596313476562,6000,0.0,0.0
2022-12-09 00:00:00+08:00,204.2059604438369,204.6160125732422,203.79590831443159,204.6160125732422,9000,0.0,0.0
2022-12-12 00:00:00+08:00,204.2059604438369,204.6160125732422,201.7456476674051,204.6160125732422,19000,0.0,0.0
2022-12-13 00:00:00+08:00,204.2059604438369,204.6160125732422,204.2059604438369,204.6160125732422,7000,0.0,0.0
2022-12-14 00:00:00+08:00,203.38585618502628,205.0260647026475,202.975804055621,204.6160125732422,14000,0.0,0.0
2022-12-15 00:00:00+08:00,204.20596313476562,204.20596313476562,203.38585886514807,204.20596313476562,6000,0.0,0.0
2022-12-16 00:00:00+08:00,205.02608546788545,205.02608546788545,203.79592895507812,203.79592895507812,10000,0.0,0.0
2022-12-19 00:00:00+08:00,203.79591640349355,204.20596854917463,203.3858642578125,203.3858642578125,18000,0.0,0.0
2022-12-20 00:00:00+08:00,205.0260838454332,205.0260838454332,201.3356143362154,201.74566650390625,46000,0.0,0.0
2022-12-21 00:00:00+08:00,202.15570068359375,202.15570068359375,202.15570068359375,202.15570068359375,1000,0.0,0.0
2022-12-22 00:00:00+08:00,202.565770839288,202.565770839288,201.74566650390625,201.74566650390625,7000,0.0,0.0
2022-12-23 00:00:00+08:00,202.97580673033931,204.61601526957438,202.97580673033931,204.20596313476562,10000,0.0,0.0
2022-12-26 00:00:00+08:00,205.02607284053678,205.02607284053678,203.3858642578125,203.3858642578125,11000,0.0,0.0
2022-12-27 00:00:00+08:00,203.38586697048612,203.7959191216363,202.97581481933594,202.97581481933594,7000,0.0,0.0
2022-12-28 00:00:00+08:00,203.3858642578125,203.3858642578125,202.15570782076927,203.3858642578125,22000,0.0,0.0
2022-12-29 00:00:00+08:00,203.38585707720588,203.38585707720588,202.15570068359375,202.15570068359375,6000,0.0,0.0
2022-12-30 00:00:00+08:00,202.5657501220703,202.5657501220703,202.5657501220703,202.5657501220703,15000,0.0,0.0
2023-01-03 00:00:00+08:00,202.97581211213142,203.3858642578125,202.15570782076927,203.3858642578125,23000,0.0,0.0
2023-01-04 00:00:00+08:00,202.5657501220703,203.38585437357668,202.5657501220703,202.5657501220703,9000,0.0,0.0
2023-01-05 00:00:00+08:00,202.5657501220703,202.9758022478235,202.5657501220703,202.5657501220703,10000,0.0,0.0
2023-01-06 00:00:00+08:00,204.20597890318027,208.716552734375,204.20597890318027,208.716552734375,69000,0.0,0.0
2023-01-09 00:00:00+08:00,209.94669737475914,213.22711452123974,209.94669737475914,212.8170623779297,73000,0.0,0.0
2023-01-10 00:00:00+08:00,213.22712656556973,213.22712656556973,208.716552734375,208.716552734375,48000,0.0,0.0
2023-01-11 00:00:00+08:00,207.07632446289062,209.94668935643566,206.66627233524136,207.07632446289062,40000,0.0,0.0
2023-01-12 00:00:00+08:00,207.8964260237019,207.8964260237019,207.07632177903247,207.4863739013672,10000,0.0,0.0
2023-01-13 00:00:00+08:00,210.76679543887866,211.58689970128677,208.3064826516544,209.1265869140625,34000,0.0,0.0
2023-01-16 00:00:00+08:00,211.1768475700827,211.1768475700827,207.89643052045037,209.1265869140625,25000,0.0,0.0
2023-01-17 00:00:00+08:00,209.9466884784736,209.9466884784736,209.12658422660456,209.53663635253906,5000,0.0,0.0
2023-01-30 00:00:00+08:00,210.76680974442831,212.81707053960758,209.9467054263566,211.5869140625,32000,0.0,0.0
2023-01-31 00:00:00+08:00,211.17685649385785,212.40701293945312,210.76680434532608,212.40701293945312,17000,0.0,0.0
2023-02-01 00:00:00+08:00,211.58689611792795,211.9969482421875,211.58689611792795,211.9969482421875,9000,0.0,0.0
2023-02-02 00:00:00+08:00,213.22710110031014,215.2773616878131,213.22710110031014,214.8673095703125,36000,0.0,0.0
2023-02-03 00:00:00+08:00,213.6371505591983,215.68741112118676,213.6371505591983,215.27735900878906,22000,0.0,0.0
2023-02-06 00:00:00+08:00,215.27735900878906,215.68741112118676,214.45725478399368,215.27735900878906,28000,0.0,0.0
2023-02-07 00:00:00+08:00,215.68743083066886,217.73769158000982,215.68743083066886,216.91758728027344,43000,0.0,0.0
2023-02-08 00:00:00+08:00,218.14774100825474,218.14774100825474,213.63716741597878,217.32763671875,72000,0.0,0.0
2023-02-09 00:00:00+08:00,217.32763132654637,218.14773559570312,214.45726638449764,218.14773559570312,45000,0.0,0.0
2023-02-10 00:00:00+08:00,216.917574709112,217.32762683521617,215.27736620469526,216.5075225830078,87000,0.0,0.0
2023-02-13 00:00:00+08:00,217.32762683521617,217.32762683521617,216.5075225830078,216.5075225830078,17000,0.0,0.0
2023-02-14 00:00:00+08:00,216.50753513040524,217.73769158000982,216.50753513040524,216.91758728027344,16000,0.0,0.0
2023-02-15 00:00:00+08:00,217.73768886350237,218.14774100825474,216.91758457399766,217.32763671875,48000,0.0,0.0
2023-02-16 00:00:00+08:00,219.37789471584975,219.37789471584975,216.09747759860338,217.73768615722656,46000,0.0,0.0
2023-02-17 00:00:00+08:00,215.68742813974058,217.32763671875,215.68742813974058,217.32763671875,6000,0.0,0.0
2023-02-20 00:00:00+08:00,216.5075324292453,217.32763671875,216.09748028449295,217.32763671875,32000,0.0,0.0
2023-02-21 00:00:00+08:00,216.5075324292453,217.32763671875,216.5075324292453,217.32763671875,20000,0.0,0.0
2023-02-22 00:00:00+08:00,218.14774100825474,218.96784529775945,217.32763671875,217.32763671875,28000,0.0,0.0
2023-02-23 00:00:00+08:00,219.37790460926504,219.37790460926504,217.73769597667243,218.55780029296875,18000,0.0,0.0
2023-02-24 00:00:00+08:00,218.5577894953154,220.197998046875,217.73768521953562,220.197998046875,37000,0.0,0.0
2023-03-01 00:00:00+08:00,219.78793521112522,222.24824791871245,219.78793521112522,221.83819580078125,39000,0.0,0.0
2023-03-02 00:00:00+08:00,222.24827303104857,223.06837735957643,221.42816870252074,222.6583251953125,45000,0.0,0.0
2023-03-03 00:00:00+08:00,223.8884816881043,223.8884816881043,222.24827303104857,222.6583251953125,29000,0.0,0.0
2023-03-06 00:00:00+08:00,222.65832247453577,224.7085832708022,222.65832247453577,223.06837463378906,37000,0.0,0.0
2023-03-07 00:00:00+08:00,223.8884735107422,225.5286821078905,223.47842136145513,223.8884735107422,84000,0.0,0.0
2023-03-08 00:00:00+08:00,223.88845290580804,226.34876557510265,223.88845290580804,224.70855712890625,49000,0.0,0.0
2023-03-09 00:00:00+08:00,226.34878811429502,227.16889241905696,224.70857950477117,225.93873596191406,70000,0.0,0.0
2023-03-10 00:00:00+08:00,225.1186354300555,225.5286875893088,221.4281659967759,223.06837463378906,87000,0.0,0.0
2023-03-13 00:00:00+08:00,221.42814287537848,224.2985076904297,219.37788229319904,224.2985076904297,63000,0.0,0.0
2023-03-14 00:00:00+08:00,223.47840427250605,223.88845639043726,221.42814368285005,221.83819580078125,22000,0.0,0.0
2023-03-15 00:00:00+08:00,222.248250608091,222.65830273098416,221.4281463623047,221.4281463623047,54000,0.0,0.0
2023-03-16 00:00:00+08:00,221.42814905170164,222.2482533074487,220.6080447959546,221.01809692382812,32000,0.0,0.0
2023-03-17 00:00:00+08:00,223.88846906260812,223.88846906260812,221.42815621576628,222.24826049804688,33000,0.0,0.0
2023-03-20 00:00:00+08:00,222.24824791871245,222.24824791871245,221.42814368285005,221.83819580078125,15000,0.0,0.0
2023-03-21 00:00:00+08:00,222.24824791871245,222.24824791871245,221.42814368285005,221.83819580078125,36000,0.0,0.0
2023-03-22 00:00:00+08:00,221.83822086678464,223.47842952384036,221.83822086678464,222.6583251953125,20000,0.0,0.0
2023-03-23 00:00:00+08:00,222.65832247453577,223.88847895229563,222.24827031528247,223.06837463378906,30000,0.0,0.0
2023-03-24 00:00:00+08:00,223.47842679304233,223.47842679304233,223.06837463378906,223.06837463378906,5000,0.0,0.0
2023-03-27 00:00:00+08:00,222.65830273098416,222.65830273098416,221.4281463623047,221.4281463623047,45000,0.0,0.0
2023-03-28 00:00:00+08:00,222.24826049804688,223.0683647803275,221.8382083569066,222.24826049804688,28000,0.0,0.0
2023-03-29 00:00:00+08:00,222.2482587363245,222.2482587363245,219.7879459089851,220.197998046875,88000,0.0,0.0
2023-03-30 00:00:00+08:00,220.60804748535156,220.60804748535156,220.19799535247915,220.60804748535156,27000,0.0,0.0
2023-03-31 00:00:00+08:00,221.42814368285005,222.65830003664365,221.42814368285005,221.83819580078125,13000,0.0,0.0
2023-04-06 00:00:00+08:00,220.60805193348565,223.0683647803275,220.60805193348565,222.24826049804688,22000,0.0,0.0
2023-04-07 00:00:00+08:00,224.7085832708022,224.7085832708022,222.65832247453577,223.06837463378906,13000,0.0,0.0
2023-04-10 00:00:00+08:00,224.70857681053272,228.80909828517747,224.70857681053272,226.34878540039062,44000,0.0,0.0
2023-04-11 00:00:00+08:00,230.03925101019186,230.44930315103,228.39904244683936,229.21914672851562,49000,0.0,0.0
2023-04-12 00:00:00+08:00,228.39903975895473,230.44930043901715,227.98898762294223,229.6291961669922,51000,0.0,0.0
2023-04-13 00:00:00+08:00,230.44928625210363,236.19001580286778,230.44928625210363,234.13975524902344,149000,0.0,0.0
2023-04-14 00:00:00+08:00,234.13975524902344,235.36991158133003,234.13975524902344,234.13975524902344,37000,0.0,0.0
2023-04-17 00:00:00+08:00,234.95989558483052,234.95989558483052,232.90963471585295,233.31968688964844,46000,0.0,0.0
2023-04-18 00:00:00+08:00,232.9096050906139,232.9096050906139,230.4492923607835,230.85934448242188,59000,0.0,0.0
2023-04-19 00:00:00+08:00,230.8593641277764,232.49957275390625,229.21915550164655,232.49957275390625,38000,0.0,0.0
2023-04-20 00:00:00+08:00,231.67947387695312,232.089526043107,230.44931737849143,231.67947387695312,31000,0.0,0.0
2023-04-21 00:00:00+08:00,231.6794595735444,231.6794595735444,227.5789381651631,229.21914672851562,102000,0.0,0.0
2023-04-24 00:00:00+08:00,229.6292151025979,238.2403106689453,229.21916293277184,238.2403106689453,100000,0.0,0.0
2023-04-25 00:00:00+08:00,236.19003392269738,238.2402946338319,232.08951250042833,233.72972106933594,148000,0.0,0.0
2023-04-26 00:00:00+08:00,233.72973145996932,239.06040954589844,233.72973145996932,239.06040954589844,123000,0.0,0.0
2023-04-27 00:00:00+08:00,239.47044912646317,239.47044912646317,236.19003201514175,238.6503448486328,27000,0.0,0.0
2023-04-28 00:00:00+08:00,239.0604074430065,244.3910854820444,239.0604074430065,243.9810333251953,84000,0.0,0.0
2023-05-02 00:00:00+08:00,245.21116638183594,246.03127061722668,243.16090579335903,245.21116638183594,44000,0.0,0.0
2023-05-03 00:00:00+08:00,245.2111930910221,248.49161038989863,245.2111930910221,248.08155822753906,40000,0.0,0.0
2023-05-04 00:00:00+08:00,245.21117446001838,252.59211282169116,244.39107019761028,250.951904296875,86000,0.0,0.0
2023-05-05 00:00:00+08:00,251.77199057848185,253.41219898615924,250.95188637464315,251.3619384765625,80000,0.0,0.0
2023-05-08 00:00:00+08:00,251.7720138330779,260.3831087687369,251.3619616932846,257.1026916503906,101000,0.0,0.0
2023-05-09 00:00:00+08:00,258.74293647460934,263.6635628417969,255.05246669921874,256.2826232910156,125000,0.0,0.0
2023-05-10 00:00:00+08:00,252.59211628276606,262.0233154296875,252.59211628276606,262.0233154296875,111000,0.0,0.0
2023-05-11 00:00:00+08:00,262.0233118393842,267.7640416762408,257.5127383961397,257.92279052734375,160000,0.0,0.0
2023-05-12 00:00:00+08:00,257.51275424957277,263.66353659629823,253.00218052864074,262.4333801269531,86000,0.0,0.0
2023-05-15 00:00:00+08:00,262.433383935624,262.433383935624,258.7429144740293,259.5630187988281,35000,0.0,0.0
2023-05-16 00:00:00+08:00,262.4333549666928,267.3539803723183,261.6132507324219,261.6132507324219,75000,0.0,0.0
2023-05-17 00:00:00+08:00,260.3830871582031,262.02329558124694,259.15293084092025,260.3830871582031,43000,0.0,0.0
2023-05-18 00:00:00+08:00,259.97302974299697,261.20318603515625,257.5127171586784,261.20318603515625,57000,0.0,0.0
2023-05-19 00:00:00+08:00,263.2534736017263,264.89368215999247,262.8434214621597,264.0735778808594,43000,0.0,0.0
2023-05-22 00:00:00+08:00,266.1238583223319,266.1238583223319,264.89370181236734,265.71380615234375,17000,0.0,0.0
2023-05-23 00:00:00+08:00,264.89366075012583,268.5841297079449,264.89366075012583,267.3539733886719,41000,0.0,0.0
2023-05-24 00:00:00+08:00,267.3539733886719,270.63439024006664,266.12381706939885,267.3539733886719,36000,0.0,0.0
2023-05-25 00:00:00+08:00,267.3539733886719,268.5841297079449,264.89366075012583,267.3539733886719,18000,0.0,0.0
2023-05-26 00:00:00+08:00,268.5841297079449,268.5841297079449,266.5338691758232,267.3539733886719,33000,0.0,0.0
2023-05-29 00:00:00+08:00,267.35400220820856,267.35400220820856,265.3037414550781,265.3037414550781,27000,0.0,0.0
2023-05-30 00:00:00+08:00,265.303710453094,265.303710453094,258.33282470703125,258.33282470703125,81000,0.0,0.0
2023-05-31 00:00:00+08:00,258.3328337953382,261.6132507324219,257.5127295610673,261.6132507324219,78000,0.0,0.0
2023-06-01 00:00:00+08:00,262.4333603577044,262.4333603577044,259.97304760435094,260.79315185546875,12000,0.0,0.0
2023-06-02 00:00:00+08:00,261.2031986152864,262.4333549666928,260.793146498151,261.6132507324219,27000,0.0,0.0
2023-06-05 00:00:00+08:00,261.61326151465767,263.66352218483524,259.9730529785156,259.9730529785156,26000,0.0,0.0
2023-06-06 00:00:00+08:00,259.97305118336396,264.8936767578125,259.97305118336396,264.8936767578125,37000,0.0,0.0
2023-06-07 00:00:00+08:00,264.89368930445204,265.7137936057042,261.61327209944335,265.3037414550781,47000,0.0,0.0
2023-06-08 00:00:00+08:00,263.25348443984984,263.25348443984984,262.4333801269531,262.4333801269531,9000,0.0,0.0
2023-06-09 00:00:00+08:00,261.613243475486,262.8433997927688,259.9730350524422,260.3830871582031,34000,0.0,0.0
2023-06-12 00:00:00+08:00,260.79313806387097,260.79313806387097,255.0524086096348,255.8725128173828,71000,0.0,0.0
2023-06-13 00:00:00+08:00,255.87254437196603,256.28259652640827,251.77202282754348,253.4122314453125,127000,0.0,0.0
2023-06-14 00:00:00+08:00,253.41221797447145,255.4624786376953,253.41221797447145,255.4624786376953,10000,0.0,0.0
2023-06-15 00:00:00+08:00,259.1529704816044,259.1529704816044,255.46250096525247,256.6926574707031,13000,0.0,0.0
2023-06-16 00:00:00+08:00,257.10269534203314,257.10269534203314,254.2323303222656,254.23233032226562,22000,0.0,0.0
2023-06-19 00:00:00+08:00,256.6926359550686,256.6926359550686,253.00216674804688,253.00216674804688,44000,0.0,0.0
2023-06-20 00:00:00+08:00,253.00218795435114,257.51276180767024,253.00218795435114,256.6926574707031,28000,0.0,0.0
2023-06-21 00:00:00+08:00,257.92277333675287,257.92277333675287,255.4624607135088,255.8725128173828,39000,0.0,0.0
2023-06-26 00:00:00+08:00,255.8725307703401,255.8725307703401,253.41221797447145,255.4624786376953,18000,0.0,0.0
2023-06-27 00:00:00+08:00,254.64239662828535,259.1529704816044,254.64239662828535,256.6926574707031,23000,0.0,0.0
2023-06-28 00:00:00+08:00,257.102688040267,260.79315724658665,257.102688040267,259.9730529785156,34000,0.0,0.0
2023-06-29 00:00:00+08:00,261.2031986152864,261.6132507324219,260.793146498151,261.6132507324219,29000,0.0,0.0
2023-06-30 00:00:00+08:00,261.6132507324219,261.6132507324219,259.1529380296091,261.6132507324219,38000,0.0,0.0
2023-07-03 00:00:00+08:00,262.9030065291967,267.6129952455178,262.9030065291967,267.184814453125,41000,13.506092,0.0
2023-07-04 00:00:00+08:00,271.0384495480651,271.0384495480651,265.47209908341284,266.3284606933594,24000,0.0,0.0
2023-07-05 00:00:00+08:00,266.3284606933594,266.7566414983326,265.90027988838614,266.3284606933594,40000,0.0,0.0
2023-07-06 00:00:00+08:00,267.1848336551966,268.04119530152735,266.75665283203125,266.75665283203125,18000,0.0,0.0
2023-07-07 00:00:00+08:00,266.32848213292374,274.8920989217637,266.32848213292374,270.61029052734375,62000,0.0,0.0
2023-07-10 00:00:00+08:00,274.89210113952544,276.60482451111125,273.17937776793957,275.3202819824219,68000,0.0,0.0
2023-07-11 00:00:00+08:00,279.60205221849856,280.8865945717229,272.75115966796875,272.75115966796875,38000,0.0,0.0
2023-07-12 00:00:00+08:00,276.6048061922661,277.03298700680523,271.46663641779674,272.322998046875,48000,0.0,0.0
2023-07-13 00:00:00+08:00,274.0357213050314,274.0357213050314,271.03845560325766,272.322998046875,48000,0.0,0.0
2023-07-14 00:00:00+08:00,270.61027820569245,273.6075439453125,270.61027820569245,273.6075439453125,19000,0.0,0.0
2023-07-17 00:00:00+08:00,274.0357213050314,274.0357213050314,271.46663641779674,272.322998046875,29000,0.0,0.0
2023-07-18 00:00:00+08:00,272.7511525101216,272.7511525101216,269.7538870979225,270.18206787109375,49000,0.0,0.0
2023-07-19 00:00:00+08:00,271.46666352330794,273.6075678097693,270.18212095143105,271.0384826660156,24000,0.0,0.0
2023-07-20 00:00:00+08:00,272.3230138851117,272.3230138851117,270.18210968790174,270.61029052734375,14000,0.0,0.0
2023-07-21 00:00:00+08:00,270.1820742584938,276.60478600790333,270.1820742584938,276.1766052246094,63000,0.0,0.0
2023-07-24 00:00:00+08:00,278.3175319571399,278.3175319571399,274.89208540997515,277.0329895019531,27000,0.0,0.0
2023-07-25 00:00:00+08:00,274.89208540997515,277.46117032034874,274.89208540997515,277.0329895019531,25000,0.0,0.0
2023-07-26 00:00:00+08:00,277.88932835778525,277.88932835778525,276.1766052246094,276.1766052246094,11000,0.0,0.0
2023-07-27 00:00:00+08:00,276.17661656240927,278.317520566769,275.32025496066535,276.60479736328125,45000,0.0,0.0
2023-07-28 00:00:00+08:00,276.1766436682148,277.4611861969042,273.60755861083607,275.3202819824219,30000,0.0,0.0
2023-07-31 00:00:00+08:00,274.0357213050314,274.8920829341097,272.322998046875,272.322998046875,52000,0.0,0.0
2023-08-01 00:00:00+08:00,272.7511675016148,274.03570989173227,271.8948059082031,271.8948059082031,45000,0.0,0.0
2023-08-02 00:00:00+08:00,276.1766402721405,282.1711719989777,271.89483189582825,274.0357360839844,163000,0.0,0.0
2023-08-04 00:00:00+08:00,274.0357213050314,274.0357213050314,272.322998046875,272.322998046875,59000,0.0,0.0
2023-08-07 00:00:00+08:00,273.17938695247705,273.17938695247705,271.0384826660156,271.0384826660156,63000,0.0,0.0
2023-08-08 00:00:00+08:00,270.61029052734375,271.46665220622776,270.61029052734375,270.61029052734375,62000,0.0,0.0
2023-08-09 00:00:00+08:00,271.03847136678576,272.3230138851117,270.61029052734375,270.61029052734375,31000,0.0,0.0
2023-08-10 00:00:00+08:00,270.182122265625,270.182122265625,263.759409375,267.613037109375,142000,0.0,0.0
2023-08-11 00:00:00+08:00,265.9002877512286,268.89755347467235,264.6157452983241,265.47210693359375,100000,0.0,0.0
2023-08-14 00:00:00+08:00,265.0439453125,265.472126161147,264.187583615206,265.0439453125,42000,0.0,0.0
2023-08-15 00:00:00+08:00,264.615764463853,265.0439453125,264.187583615206,265.0439453125,36000,0.0,0.0
2023-08-16 00:00:00+08:00,264.61574576848074,277.0329895019531,264.1875649500851,277.0329895019531,51000,0.0,0.0
2023-08-17 00:00:00+08:00,272.32302523789247,273.17938695247705,270.18212095143105,271.0384826660156,39000,0.0,0.0
2023-08-18 00:00:00+08:00,269.75394140625,269.75394140625,267.18485625,267.613037109375,22000,0.0,0.0
2023-08-21 00:00:00+08:00,267.1848370731829,268.04119873046875,266.32847541589706,268.04119873046875,21000,0.0,0.0
2023-08-22 00:00:00+08:00,268.04121796875,268.469398828125,267.18485625,267.613037109375,6000,0.0,0.0
2023-08-23 00:00:00+08:00,267.6129952455178,267.6129952455178,266.7566336607322,267.184814453125,17000,0.0,0.0
2023-08-24 00:00:00+08:00,267.184814453125,268.04117603791065,267.184814453125,267.184814453125,11000,0.0,0.0
2023-08-25 00:00:00+08:00,265.90027207594653,267.184814453125,265.4720912835537,267.184814453125,8000,0.0,0.0
2023-08-28 00:00:00+08:00,267.18482230330585,267.18482230330585,265.47209908341284,266.3284606933594,20000,0.0,0.0
2023-08-29 00:00:00+08:00,266.3284606933594,266.7566414983326,266.3284606933594,266.3284606933594,9000,0.0,0.0
2023-08-30 00:00:00+08:00,267.18482230330585,267.18482230330585,266.3284606933594,266.3284606933594,9000,0.0,0.0
2023-08-31 00:00:00+08:00,266.32847200886584,267.1848336551966,266.32847200886584,266.75665283203125,23000,0.0,0.0
2023-09-01 00:00:00+08:00,267.18480245889464,271.894790963779,267.18480245889464,270.18206787109375,25000,0.0,0.0
2023-09-04 00:00:00+08:00,270.61029052734375,272.3230138851117,269.32574800901773,270.61029052734375,28000,0.0,0.0
2023-09-05 00:00:00+08:00,269.7539131596403,272.322998046875,269.7539131596403,272.322998046875,17000,0.0,0.0
2023-09-06 00:00:00+08:00,273.1793675949145,273.1793675949145,270.61028263320685,271.4666442871094,23000,0.0,0.0
2023-09-07 00:00:00+08:00,272.32298670490894,272.32298670490894,271.8948059082031,271.8948059082031,5000,0.0,0.0
2023-09-08 00:00:00+08:00,271.8948094000263,273.1793518066406,271.46662859782157,273.1793518066406,18000,0.0,0.0
2023-09-11 00:00:00+08:00,271.0384365303363,272.75115966796875,270.1820749615201,272.75115966796875,20000,0.0,0.0
2023-09-12 00:00:00+08:00,272.32300148547534,273.6075439453125,272.32300148547534,273.6075439453125,21000,0.0,0.0
2023-09-13 00:00:00+08:00,271.89482511406067,272.32300594101196,271.4666442871094,271.4666442871094,12000,0.0,0.0
2023-09-14 00:00:00+08:00,271.46666352330794,271.46666352330794,271.0384826660156,271.0384826660156,12000,0.0,0.0
2023-09-15 00:00:00+08:00,271.46665220622776,271.46665220622776,270.18210968790174,270.61029052734375,13000,0.0,0.0
2023-09-18 00:00:00+08:00,271.03845560325766,272.322998046875,271.03845560325766,272.322998046875,3000,0.0,0.0
2023-09-19 00:00:00+08:00,271.03847136678576,271.8948330456697,270.61029052734375,270.61029052734375,8000,0.0,0.0
2023-09-20 00:00:00+08:00,270.1820827213798,271.8948059082031,270.1820827213798,271.8948059082031,9000,0.0,0.0
2023-09-21 00:00:00+08:00,271.0384443147915,271.8948059082031,270.1820827213798,271.8948059082031,13000,0.0,0.0
2023-09-22 00:00:00+08:00,270.1820827213798,273.17934829832063,269.753901924674,271.8948059082031,11000,0.0,0.0
2023-09-25 00:00:00+08:00,271.89482511406067,272.32300594101196,271.4666442871094,271.4666442871094,7000,0.0,0.0
2023-09-26 00:00:00+08:00,273.17934829832063,273.17934829832063,271.0384443147915,271.8948059082031,10000,0.0,0.0
2023-09-27 00:00:00+08:00,271.8948059082031,271.8948059082031,271.8948059082031,271.8948059082031,0,0.0,0.0
2023-09-28 00:00:00+08:00,271.89482511406067,272.32300594101196,271.4666442871094,271.4666442871094,11000,0.0,0.0
2023-10-02 00:00:00+08:00,270.6102635180856,272.32298670490894,270.6102635180856,271.8948059082031,21000,0.0,0.0
2023-10-03 00:00:00+08:00,271.46665220622776,271.46665220622776,270.61029052734375,270.61029052734375,16000,0.0,0.0
2023-10-04 00:00:00+08:00,271.4666442871094,271.4666442871094,270.18210180625556,271.4666442871094,17000,0.0,0.0
2023-10-05 00:00:00+08:00,271.46666352330794,271.46666352330794,270.18212095143105,271.0384826660156,14000,0.0,0.0
2023-10-06 00:00:00+08:00,271.46666352330794,271.8948443806002,271.0384826660156,271.0384826660156,9000,0.0,0.0
2023-10-11 00:00:00+08:00,269.75392097930427,271.4666442871094,269.325740152353,271.4666442871094,31000,0.0,0.0
2023-10-12 00:00:00+08:00,270.61029052734375,271.03847136678576,269.75392884845974,270.61029052734375,8000,0.0,0.0
2023-10-13 00:00:00+08:00,270.61029052734375,271.03847136678576,270.18210968790174,270.61029052734375,13000,0.0,0.0
2023-10-16 00:00:00+08:00,270.61026785714284,270.61026785714284,269.75390625,269.75390625,9000,0.0,0.0
2023-10-17 00:00:00+08:00,269.75392546297445,269.75392546297445,269.32574462890625,269.32574462890625,13000,0.0,0.0
2023-10-18 00:00:00+08:00,268.4693795591117,268.4693795591117,268.04119873046875,268.04119873046875,26000,0.0,0.0
2023-10-19 00:00:00+08:00,268.04119873046875,268.4693795591117,268.04119873046875,268.04119873046875,13000,0.0,0.0
2023-10-20 00:00:00+08:00,268.04121796875,268.469398828125,266.32849453125,267.613037109375,17000,0.0,0.0
2023-10-23 00:00:00+08:00,266.75663012813254,266.75663012813254,265.9002685546875,265.9002685546875,20000,0.0,0.0
2023-10-24 00:00:00+08:00,265.9002877512286,265.9002877512286,265.0439261159589,265.47210693359375,10000,0.0,0.0
2023-10-25 00:00:00+08:00,265.472087767965,266.32844934141,265.04390698124246,265.9002685546875,12000,0.0,0.0
2023-10-26 00:00:00+08:00,265.9002685546875,265.9002685546875,265.472087767965,265.9002685546875,6000,0.0,0.0
2023-10-27 00:00:00+08:00,268.4693647182256,268.4693647182256,265.90027988838614,266.3284606933594,14000,0.0,0.0
2023-10-30 00:00:00+08:00,266.32847541589706,268.04119873046875,265.4721137586112,268.04119873046875,11000,0.0,0.0
2023-10-31 00:00:00+08:00,267.18482230330585,267.6130031082791,266.3284606933594,266.3284606933594,11000,0.0,0.0
2023-11-01 00:00:00+08:00,268.0411839132523,268.0411839132523,266.3284606933594,266.3284606933594,14000,0.0,0.0
2023-11-02 00:00:00+08:00,266.32847541589706,268.04119873046875,266.32847541589706,268.04119873046875,7000,0.0,0.0
2023-11-03 00:00:00+08:00,270.6102757545034,270.6102757545034,267.6130100420326,268.8975524902344,16000,0.0,0.0
2023-11-06 00:00:00+08:00,268.89756379483805,269.32574462890625,268.46938296076985,269.32574462890625,9000,0.0,0.0
2023-11-07 00:00:00+08:00,269.32572194758023,269.32572194758023,267.61299875554477,268.4693603515625,7000,0.0,0.0
2023-11-08 00:00:00+08:00,267.613037109375,268.04121796875,266.756675390625,267.613037109375,19000,0.0,0.0
2023-11-09 00:00:00+08:00,266.756675390625,269.325760546875,266.756675390625,267.613037109375,6000,0.0,0.0
2023-11-10 00:00:00+08:00,267.1848336551966,267.1848336551966,266.75665283203125,266.75665283203125,11000,0.0,0.0
2023-11-13 00:00:00+08:00,267.18482230330585,267.18482230330585,265.47209908341284,266.3284606933594,17000,0.0,0.0
2023-11-14 00:00:00+08:00,266.32845286833935,267.6129952455178,266.32845286833935,267.184814453125,7000,0.0,0.0
2023-11-15 00:00:00+08:00,268.8975603877546,268.8975603877546,267.1848370731829,268.04119873046875,14000,0.0,0.0
2023-11-16 00:00:00+08:00,268.89752555157986,270.18206787109375,268.04116400523725,270.18206787109375,15000,0.0,0.0
2023-11-17 00:00:00+08:00,270.1820870535714,270.1820870535714,269.75390625,269.75390625,6000,0.0,0.0
2023-11-20 00:00:00+08:00,268.89754114957134,268.89754114957134,268.0411795535536,268.4693603515625,11000,0.0,0.0
2023-11-21 00:00:00+08:00,267.61299875554477,269.32572194758023,267.61299875554477,268.4693603515625,8000,0.0,0.0
2023-11-22 00:00:00+08:00,268.4693603515625,268.89754114957134,268.0411795535536,268.4693603515625,13000,0.0,0.0
2023-11-23 00:00:00+08:00,268.04119873046875,268.04119873046875,267.61301790182586,268.04119873046875,9000,0.0,0.0
2023-11-24 00:00:00+08:00,268.04119085809987,269.32573330630163,268.04119085809987,268.8975524902344,13000,0.0,0.0
2023-11-27 00:00:00+08:00,268.04121796875,268.04121796875,267.613037109375,267.613037109375,29000,0.0,0.0
2023-11-28 00:00:00+08:00,267.18482922596536,268.8975524902344,267.18482922596536,268.8975524902344,6000,0.0,0.0
2023-11-29 00:00:00+08:00,268.8975524902344,269.32573330630163,268.04119085809987,268.8975524902344,10000,0.0,0.0
2023-11-30 00:00:00+08:00,268.0411918394027,268.4693726570375,265.47210693359375,265.47210693359375,115000,0.0,0.0
2023-12-01 00:00:00+08:00,265.472087767965,266.75663012813254,265.472087767965,265.9002685546875,48000,0.0,0.0
2023-12-04 00:00:00+08:00,265.9002877512286,265.9002877512286,265.47210693359375,265.47210693359375,42000,0.0,0.0
2023-12-05 00:00:00+08:00,265.4721034713077,265.4721034713077,264.18756103515625,264.18756103515625,53000,0.0,0.0
2023-12-06 00:00:00+08:00,265.0439261159589,266.7566493864982,264.6157452983241,265.47210693359375,9000,0.0,0.0
2023-12-07 00:00:00+08:00,265.47209908341284,266.7566414983326,265.47209908341284,266.3284606933594,8000,0.0,0.0
2023-12-08 00:00:00+08:00,265.9002685546875,266.75663012813254,265.472087767965,265.9002685546875,51000,0.0,0.0
2023-12-11 00:00:00+08:00,265.4720920711369,265.4720920711369,263.7593688964844,263.7593688964844,86000,0.0,0.0
2023-12-12 00:00:00+08:00,263.7593802231058,265.4721034713077,262.9030185990048,264.18756103515625,21000,0.0,0.0
2023-12-13 00:00:00+08:00,264.6157531738281,265.0439340042065,264.6157531738281,264.6157531738281,14000,0.0,0.0
2023-12-14 00:00:00+08:00,264.6157418472067,265.04392265925725,264.18756103515625,264.18756103515625,20000,0.0,0.0
2023-12-15 00:00:00+08:00,264.18756103515625,264.18756103515625,262.9030185990048,264.18756103515625,62000,0.0,0.0
2023-12-18 00:00:00+08:00,264.18756103515625,265.04392265925725,264.18756103515625,264.18756103515625,13000,0.0,0.0
2023-12-19 00:00:00+08:00,264.61574974990475,264.61574974990475,262.9030264505526,263.3312072753906,23000,0.0,0.0
2023-12-20 00:00:00+08:00,263.331221917912,265.0439453125,263.331221917912,265.0439453125,8000,0.0,0.0
2023-12-21 00:00:00+08:00,264.61573048381064,264.61573048381064,263.7593688964844,263.7593688964844,6000,0.0,0.0
2023-12-22 00:00:00+08:00,263.7593802231058,264.18756103515625,263.33119941105525,264.18756103515625,8000,0.0,0.0
2023-12-25 00:00:00+08:00,265.4721034713077,265.4721034713077,263.7593802231058,264.18756103515625,27000,0.0,0.0
2023-12-26 00:00:00+08:00,264.6157531738281,264.6157531738281,263.7593915130714,264.6157531738281,19000,0.0,0.0
2023-12-27 00:00:00+08:00,264.61573048381064,264.61573048381064,263.3311881028213,263.7593688964844,23000,0.0,0.0
2023-12-28 00:00:00+08:00,263.7593688964844,263.7593688964844,262.9030073091581,263.7593688964844,24000,0.0,0.0
2023-12-29 00:00:00+08:00,263.7593802231058,264.18756103515625,263.7593802231058,264.18756103515625,12000,0.0,0.0
2024-01-02 00:00:00+08:00,263.7593688964844,264.61573048381064,263.3311881028213,263.7593688964844,10000,0.0,0.0
2024-01-03 00:00:00+08:00,263.7593688964844,263.7593688964844,263.3311881028213,263.7593688964844,12000,0.0,0.0
2024-01-04 00:00:00+08:00,263.3312072753906,263.75938810022865,263.3312072753906,263.3312072753906,17000,0.0,0.0
2024-01-05 00:00:00+08:00,264.6157531738281,264.6157531738281,263.7593915130714,264.6157531738281,11000,0.0,0.0
2024-01-08 00:00:00+08:00,263.3311881028213,263.7593688964844,262.9030073091581,263.7593688964844,10000,0.0,0.0
2024-01-09 00:00:00+08:00,264.18755755595356,264.18755755595356,262.90301513671875,262.90301513671875,33000,0.0,0.0
2024-01-10 00:00:00+08:00,261.19030527360053,261.19030527360053,255.19577367715723,256.4803161621094,264000,0.0,0.0
2024-01-11 00:00:00+08:00,256.48030829151935,259.0493931825863,256.48030829151935,257.336669921875,39000,0.0,0.0
2024-01-12 00:00:00+08:00,256.9084969904267,256.9084969904267,255.62395450547461,256.4803161621094,52000,0.0,0.0
2024-01-15 00:00:00+08:00,256.9084969904267,257.7648586470615,256.05213533379197,256.4803161621094,30236,0.0,0.0
2024-01-16 00:00:00+08:00,256.90850492697865,256.90850492697865,254.7676007192538,255.62396240234375,49000,0.0,0.0
2024-01-17 00:00:00+08:00,255.6239481279927,255.6239481279927,250.48577831637473,252.19850158691406,170000,0.0,0.0
2024-01-18 00:00:00+08:00,251.77032470703125,256.4803137746798,249.20123976104114,251.77032470703125,93000,0.0,0.0
2024-01-19 00:00:00+08:00,250.48578671280353,251.34214837677894,248.34488255286504,249.62942504882812,138000,0.0,0.0
2024-01-22 00:00:00+08:00,249.62942058537283,251.77032470703125,249.62942058537283,251.77032470703125,37000,0.0,0.0
2024-01-23 00:00:00+08:00,254.76759790970107,254.76759790970107,250.9139703782938,252.62669372558594,37000,0.0,0.0
2024-01-24 00:00:00+08:00,253.05487735307395,255.62396240234375,253.05487735307395,255.62396240234375,25000,0.0,0.0
2024-01-25 00:00:00+08:00,256.05213533379197,256.9084969904267,255.62395450547461,256.4803161621094,24000,0.0,0.0
2024-01-26 00:00:00+08:00,256.9084777832031,257.76483937581384,256.9084777832031,256.9084777832031,35000,0.0,0.0
2024-01-29 00:00:00+08:00,256.908485642245,256.908485642245,255.62394321403377,256.0521240234375,17000,0.0,0.0
2024-01-30 00:00:00+08:00,255.6239510862619,256.05213190885195,255.19577026367188,255.19577026367188,22000,0.0,0.0
2024-01-31 00:00:00+08:00,255.19577421300554,255.19577421300554,254.33941255457262,254.76759338378906,26000,0.0,0.0
2024-02-01 00:00:00+08:00,254.33941255457262,255.19577421300554,254.33941255457262,254.76759338378906,26000,0.0,0.0
2024-02-02 00:00:00+08:00,254.3394012451172,255.6239436756481,253.48303962476325,254.3394012451172,22000,0.0,0.0
2024-02-05 00:00:00+08:00,254.3394012451172,254.3394012451172,253.48303962476325,254.3394012451172,26000,0.0,0.0
2024-02-15 00:00:00+08:00,256.05211306181167,256.4802938528849,253.0548475242988,253.9112091064453,91000,0.0,0.0
2024-02-16 00:00:00+08:00,253.4830322265625,254.7675746196025,253.4830322265625,253.4830322265625,59000,0.0,0.0
2024-02-19 00:00:00+08:00,253.4830322265625,253.9112130242425,251.77030903584247,253.4830322265625,84000,0.0,0.0
2024-02-20 00:00:00+08:00,254.33941255457262,256.4803167006549,253.05487006692326,254.76759338378906,63000,0.0,0.0
2024-02-21 00:00:00+08:00,255.62395450547461,256.4803161621094,255.19577367715723,256.4803161621094,20000,0.0,0.0
2024-02-22 00:00:00+08:00,256.9084935540321,257.7648551992122,254.7675894410818,255.19577026367188,46000,0.0,0.0
2024-02-23 00:00:00+08:00,255.19577026367188,255.6239510862619,253.9112277959017,255.19577026367188,26000,0.0,0.0
2024-02-26 00:00:00+08:00,255.19577026367188,256.05213190885195,253.9112277959017,255.19577026367188,50000,0.0,0.0
2024-02-27 00:00:00+08:00,256.0521432438887,256.0521432438887,254.7676007192538,255.62396240234375,49000,0.0,0.0
2024-02-29 00:00:00+08:00,255.6239510862619,256.48031273144204,254.33940861849175,255.19577026367188,66000,0.0,0.0
2024-03-01 00:00:00+08:00,255.19578156079876,256.90850492697865,254.7676007192538,255.62396240234375,18000,0.0,0.0
2024-03-04 00:00:00+08:00,256.0521486972241,261.6184997558594,256.0521486972241,261.6184997558594,77000,0.0,0.0
2024-03-05 00:00:00+08:00,262.04666819155796,264.6157531738281,262.04666819155796,264.6157531738281,53000,0.0,0.0
2024-03-06 00:00:00+08:00,263.75937674954196,264.18755755595356,262.90301513671875,262.90301513671875,29000,0.0,0.0
2024-03-07 00:00:00+08:00,262.9030309458248,262.9030309458248,260.76212678502816,261.1903076171875,28000,0.0,0.0
2024-03-08 00:00:00+08:00,261.19027353000797,262.9029966351228,259.9057312011719,259.9057312011719,92000,0.0,0.0
2024-03-11 00:00:00+08:00,260.33391197745055,260.33391197745055,259.04936964861446,259.9057312011719,26000,0.0,0.0
2024-03-12 00:00:00+08:00,260.7621111046608,264.18755755595356,260.7621111046608,262.90301513671875,28000,0.0,0.0
2024-03-13 00:00:00+08:00,261.6184997558594,262.04668060652364,260.33395720386665,261.6184997558594,33000,0.0,0.0
2024-03-14 00:00:00+08:00,264.615764463853,268.0412112530291,264.187583615206,265.0439453125,86000,0.0,0.0
2024-03-15 00:00:00+08:00,265.04391127747374,265.04391127747374,262.474826515495,263.7593688964844,28000,0.0,0.0
2024-03-18 00:00:00+08:00,263.7593688964844,263.7593688964844,263.7593688964844,263.7593688964844,0,0.0,0.0
2024-03-19 00:00:00+08:00,264.187583615206,265.0439453125,263.759402766559,265.0439453125,32000,0.0,0.0
2024-03-20 00:00:00+08:00,265.0439453125,265.0439453125,265.0439453125,265.0439453125,0,0.0,0.0
2024-03-21 00:00:00+08:00,265.472087767965,266.75663012813254,265.04390698124246,265.9002685546875,36000,0.0,0.0
2024-03-22 00:00:00+08:00,265.472087767965,265.9002685546875,265.04390698124246,265.9002685546875,24000,0.0,0.0
2024-03-25 00:00:00+08:00,265.9002685546875,265.9002685546875,265.9002685546875,265.9002685546875,0,0.0,0.0
2024-03-26 00:00:00+08:00,264.1875723434498,264.6157531738281,263.33121068269304,264.6157531738281,24000,0.0,0.0
2024-03-27 00:00:00+08:00,264.6157418472067,265.04392265925725,263.7593802231058,264.18756103515625,24000,0.0,0.0
2024-03-28 00:00:00+08:00,262.9030264505526,264.18756892506667,262.9030264505526,263.3312072753906,23000,0.0,0.0
2024-03-29 00:00:00+08:00,264.6157531738281,265.4721148345849,262.9030298523147,264.6157531738281,25000,0.0,0.0
2024-04-01 00:00:00+08:00,264.18754969014753,264.18754969014753,262.9030073091581,263.7593688964844,22000,0.0,0.0
2024-04-02 00:00:00+08:00,263.75938810022865,264.61574974990475,263.3312072753906,263.3312072753906,24000,0.0,0.0
2024-04-03 00:00:00+08:00,264.6157452983241,265.47210693359375,263.3312028454196,265.47210693359375,8000,0.0,0.0
2024-04-08 00:00:00+08:00,265.47209908341284,267.18482230330585,265.47209908341284,266.3284606933594,31000,0.0,0.0
2024-04-09 00:00:00+08:00,268.04119530152735,268.04119530152735,266.32847200886584,266.75665283203125,24000,0.0,0.0
2024-04-10 00:00:00+08:00,265.47210693359375,266.3284685688634,265.47210693359375,265.47210693359375,22000,0.0,0.0
2024-04-11 00:00:00+08:00,265.4721148345849,266.3284764953416,264.6157531738281,264.6157531738281,13000,0.0,0.0
2024-04-12 00:00:00+08:00,265.47210693359375,266.3284685688634,265.0439261159589,265.47210693359375,22000,0.0,0.0
2024-04-15 00:00:00+08:00,264.1875723434498,264.6157531738281,264.1875723434498,264.6157531738281,21000,0.0,0.0
2024-04-16 00:00:00+08:00,262.9030230154399,263.33120383468327,261.19029973846636,262.0466613769531,70000,0.0,0.0
2024-04-17 00:00:00+08:00,262.0466569749038,264.6157418472067,262.0466569749038,264.18756103515625,30000,0.0,0.0
2024-04-18 00:00:00+08:00,264.1875454077974,265.9002685546875,263.75936462107484,265.9002685546875,23000,0.0,0.0
2024-04-19 00:00:00+08:00,265.4720920711369,265.4720920711369,260.76210334084254,263.7593688964844,60000,0.0,0.0
2024-04-22 00:00:00+08:00,262.04664221012183,264.187546149747,262.04664221012183,262.4748229980469,37000,0.0,0.0
2024-04-23 00:00:00+08:00,262.4748229980469,262.9030037859719,262.4748229980469,262.4748229980469,22000,0.0,0.0
2024-04-24 00:00:00+08:00,262.90301513671875,263.75937674954196,262.90301513671875,262.90301513671875,41000,0.0,0.0
2024-04-25 00:00:00+08:00,262.90301513671875,263.33119594313035,262.90301513671875,262.90301513671875,32000,0.0,0.0
2024-04-26 00:00:00+08:00,262.9030264505526,264.61574974990475,262.9030264505526,263.3312072753906,51000,0.0,0.0
2024-04-29 00:00:00+08:00,263.33121068269304,265.4721148345849,263.33121068269304,264.6157531738281,34000,0.0,0.0
2024-04-30 00:00:00+08:00,264.61573048381064,264.61573048381064,263.3311881028213,263.7593688964844,15000,0.0,0.0
2024-05-02 00:00:00+08:00,264.6157418472067,264.6157418472067,264.18756103515625,264.18756103515625,9000,0.0,0.0
2024-05-03 00:00:00+08:00,264.61572619451994,266.32844934141,264.1875454077974,265.9002685546875,25000,0.0,0.0
2024-05-06 00:00:00+08:00,269.753899207482,269.753899207482,266.32845286833935,267.184814453125,38000,0.0,0.0
2024-05-07 00:00:00+08:00,266.32847200886584,267.1848336551966,265.9002911857005,266.75665283203125,25000,0.0,0.0
2024-05-08 00:00:00+08:00,266.756659624497,269.32574462890625,265.47211712229233,269.32574462890625,39000,0.0,0.0
2024-05-09 00:00:00+08:00,269.32573330630163,269.32573330630163,268.4693716741671,268.8975524902344,15000,0.0,0.0
2024-05-10 00:00:00+08:00,268.8975524902344,269.32573330630163,268.04119085809987,268.8975524902344,41000,0.0,0.0
2024-05-13 00:00:00+08:00,268.89752555157986,270.6102486442651,268.04116400523725,270.18206787109375,57000,0.0,0.0
2024-05-14 00:00:00+08:00,270.1821062970427,270.1821062970427,267.6130212926334,269.32574462890625,27000,0.0,0.0
2024-05-15 00:00:00+08:00,269.75392546297445,269.75392546297445,267.6130212926334,269.32574462890625,16000,0.0,0.0
2024-05-16 00:00:00+08:00,269.32572194758023,269.75390274558913,267.61299875554477,268.4693603515625,29000,0.0,0.0
2024-05-17 00:00:00+08:00,268.4693795591117,268.8975603877546,267.61301790182586,268.04119873046875,27000,0.0,0.0
2024-05-20 00:00:00+08:00,268.04121796875,269.325760546875,267.613037109375,267.613037109375,34000,0.0,0.0
2024-05-21 00:00:00+08:00,267.613014478362,268.46937612469276,266.75665283203125,266.75665283203125,28000,0.0,0.0
2024-05-22 00:00:00+08:00,266.75665283203125,267.613014478362,266.75665283203125,266.75665283203125,24000,0.0,0.0
2024-05-23 00:00:00+08:00,266.75663012813254,266.75663012813254,265.472087767965,265.9002685546875,31000,0.0,0.0
2024-05-24 00:00:00+08:00,262.9030073091581,265.4720920711369,262.9030073091581,263.7593688964844,49000,0.0,0.0
2024-05-27 00:00:00+08:00,264.1875723434498,266.75665732571997,264.1875723434498,264.6157531738281,32000,0.0,0.0
2024-05-28 00:00:00+08:00,264.615764463853,268.89757295032314,264.187583615206,265.0439453125,50000,0.0,0.0
2024-05-29 00:00:00+08:00,265.04392265925725,265.04392265925725,264.18756103515625,264.18756103515625,30000,0.0,0.0
2024-05-30 00:00:00+08:00,263.75938810022865,263.75938810022865,262.4748456257146,263.3312072753906,42000,0.0,0.0
2024-05-31 00:00:00+08:00,262.9030037859719,264.187546149747,262.04664221012183,262.4748229980469,108000,0.0,0.0
2024-06-03 00:00:00+08:00,263.33119941105525,264.6157418472067,263.33119941105525,264.18756103515625,12000,0.0,0.0
2024-06-04 00:00:00+08:00,264.18756892506667,264.18756892506667,262.4748456257146,263.3312072753906,32000,0.0,0.0
2024-06-05 00:00:00+08:00,265.04391127747374,265.04391127747374,263.7593688964844,263.7593688964844,11000,0.0,0.0
2024-06-06 00:00:00+08:00,263.3312072753906,263.75938810022865,263.3312072753906,263.3312072753906,19000,0.0,0.0
2024-06-07 00:00:00+08:00,266.32848785844106,266.32848785844106,264.615764463853,265.0439453125,29000,0.0,0.0
2024-06-11 00:00:00+08:00,265.0439340042065,265.0439340042065,264.1875723434498,264.6157531738281,21000,0.0,0.0
2024-06-12 00:00:00+08:00,264.6157452983241,266.7566493864982,264.1875644806893,265.47210693359375,37000,0.0,0.0
2024-06-13 00:00:00+08:00,265.9002685546875,266.32844934141,264.61572619451994,265.9002685546875,51000,0.0,0.0
2024-06-14 00:00:00+08:00,265.90027988838614,266.3284606933594,265.0439182784396,266.3284606933594,24000,0.0,0.0
2024-06-17 00:00:00+08:00,265.0439261159589,266.3284685688634,265.0439261159589,265.47210693359375,20000,0.0,0.0
2024-06-18 00:00:00+08:00,266.32849453125,267.613037109375,265.4721328125,267.613037109375,39000,0.0,0.0
2024-06-19 00:00:00+08:00,268.469398828125,269.325760546875,267.613037109375,267.613037109375,65000,0.0,0.0
2024-06-20 00:00:00+08:00,267.6130100420326,269.32573330630163,267.6130100420326,268.8975524902344,21000,0.0,0.0
2024-06-21 00:00:00+08:00,268.4693716741671,268.8975524902344,266.7566484098981,268.8975524902344,26000,0.0,0.0
2024-06-24 00:00:00+08:00,268.46935683030347,268.46935683030347,267.184814453125,267.184814453125,24000,0.0,0.0
2024-06-25 00:00:00+08:00,267.61299875554477,268.89754114957134,267.61299875554477,268.4693603515625,10000,0.0,0.0
2024-06-26 00:00:00+08:00,269.32573330630163,269.32573330630163,268.4693716741671,268.8975524902344,29000,0.0,0.0
2024-06-27 00:00:00+08:00,268.8975524902344,269.32573330630163,268.4693716741671,268.8975524902344,53000,0.0,0.0
2024-06-28 00:00:00+08:00,268.8975603877546,269.32574121639755,268.04119873046875,268.04119873046875,43000,0.0,0.0
2024-07-01 00:00:00+08:00,268.04121796875,268.469398828125,266.756675390625,267.613037109375,57000,0.0,0.0
2024-07-02 00:00:00+08:00,267.6130031082791,267.6130031082791,266.3284606933594,266.3284606933594,114000,0.0,0.0
2024-07-03 00:00:00+08:00,267.18482922596536,269.32573330630163,266.32846759383085,268.8975524902344,169000,0.0,0.0
2024-07-04 00:00:00+08:00,268.88515533447264,270.680715637207,268.43626525878904,269.33404541015625,314000,14.486197,0.0
2024-07-05 00:00:00+08:00,269.33405244091716,270.2318326157202,268.4362722661141,268.8851623535156,141000,0.0,0.0
2024-07-08 00:00:00+08:00,268.88514584233013,270.6807060816779,267.08958560298237,267.98736572265625,163000,0.0,0.0
2024-07-09 00:00:00+08:00,267.9873751831055,269.33404541015625,265.2940347290039,269.33404541015625,149000,0.0,0.0
2024-07-10 00:00:00+08:00,269.3340429523647,269.3340429523647,267.0895925944284,267.5384826660156,33000,0.0,0.0
2024-07-11 00:00:00+08:00,267.9873727376029,267.9873727376029,267.0895925944284,267.5384826660156,98000,0.0,0.0
2024-07-12 00:00:00+08:00,267.9873797761292,267.9873797761292,265.7429293592437,267.089599609375,100000,0.0,0.0
2024-07-15 00:00:00+08:00,267.0896207964098,267.0896207964098,264.39628008249645,265.7429504394531,130000,0.0,0.0
2024-07-16 00:00:00+08:00,266.1918240821968,267.5384943557998,264.84515380859375,264.84515380859375,47000,0.0,0.0
2024-07-17 00:00:00+08:00,265.2940509582416,265.2940509582416,264.3962707519531,264.3962707519531,61000,0.0,0.0
2024-07-18 00:00:00+08:00,264.39628008249645,265.7429504394531,263.0496097255397,265.7429504394531,88000,0.0,0.0
2024-07-19 00:00:00+08:00,264.84515380859375,265.29404389979476,263.94737362619173,264.84515380859375,72000,0.0,0.0
2024-07-22 00:00:00+08:00,264.39626132587523,264.39626132587523,262.1518108901717,263.0495910644531,128000,0.0,0.0
2024-07-23 00:00:00+08:00,262.60070097731244,263.0495910644531,262.1518108901717,263.0495910644531,69000,0.0,0.0
2024-07-26 00:00:00+08:00,261.702920803031,264.84515141301597,261.702920803031,263.0495910644531,151000,0.0,0.0
2024-07-29 00:00:00+08:00,263.0495934437897,265.74293399099577,263.0495934437897,264.84515380859375,70000,0.0,0.0
2024-07-30 00:00:00+08:00,264.84517502013017,264.84517502013017,261.7029441300608,263.4985046386719,117000,0.0,0.0
2024-07-31 00:00:00+08:00,263.94737830528845,263.94737830528845,262.6007080078125,262.6007080078125,45000,0.0,0.0
2024-08-01 00:00:00+08:00,263.04960044252044,264.8451608550974,263.04960044252044,264.3962707519531,75000,0.0,0.0
2024-08-02 00:00:00+08:00,263.94736881846006,263.94736881846006,260.8051382372879,261.2540283203125,150000,0.0,0.0
2024-08-05 00:00:00+08:00,260.35625268381534,260.35625268381534,251.82734095796624,253.17401123046875,369000,0.0,0.0
2024-08-06 00:00:00+08:00,254.9695881011208,256.7651485807061,251.82735726184643,254.07180786132812,137000,0.0,0.0
2024-08-07 00:00:00+08:00,257.6629333496094,259.45849386075645,257.2140432218226,257.6629333496094,83000,0.0,0.0
2024-08-08 00:00:00+08:00,258.11179533961734,259.4584655761719,257.66290526076585,259.4584655761719,79000,0.0,0.0
2024-08-09 00:00:00+08:00,260.3562575120192,262.6007080078125,260.3562575120192,262.6007080078125,63000,0.0,0.0
2024-08-12 00:00:00+08:00,262.6007265972002,265.2940673828125,262.6007265972002,265.2940673828125,99000,0.0,0.0
2024-08-13 00:00:00+08:00,264.39627781044055,264.84516792556866,263.04960746505634,263.9473876953125,50000,0.0,0.0
2024-08-14 00:00:00+08:00,263.04960044252044,264.3962707519531,262.60071033937623,264.3962707519531,53000,0.0,0.0
2024-08-15 00:00:00+08:00,264.39626840444714,264.39626840444714,261.7029278094952,262.6007080078125,48000,0.0,0.0
2024-08-16 00:00:00+08:00,263.49849054566465,264.3962707519531,262.60071033937623,264.3962707519531,68000,0.0,0.0
2024-08-19 00:00:00+08:00,264.39626371739274,264.84515380859375,263.0495934437897,264.84515380859375,31000,0.0,0.0
2024-08-20 00:00:00+08:00,263.4984835349907,265.74293399099577,263.4984835349907,264.84515380859375,71000,0.0,0.0
2024-08-21 00:00:00+08:00,264.8451608550974,265.74294106138586,261.2540400299435,264.3962707519531,68000,0.0,0.0
2024-08-22 00:00:00+08:00,264.39626132587523,264.39626132587523,263.0495910644531,263.0495910644531,21000,0.0,0.0
2024-08-23 00:00:00+08:00,262.6007080078125,262.6007080078125,260.8051476111779,262.6007080078125,51000,0.0,0.0
2024-08-26 00:00:00+08:00,263.0496051736074,263.49849528482514,262.1518249511719,262.1518249511719,25000,0.0,0.0
2024-08-27 00:00:00+08:00,262.1518342572136,263.4985046386719,261.7029441300608,263.4985046386719,35000,0.0,0.0
2024-08-28 00:00:00+08:00,263.04960746505634,263.9473876953125,263.04960746505634,263.9473876953125,25000,0.0,0.0
2024-08-29 00:00:00+08:00,263.94739476582464,263.94739476582464,263.0496145115191,263.4985046386719,12000,0.0,0.0
2024-08-30 00:00:00+08:00,263.04960274656145,266.19183349609375,261.2540423182573,266.19183349609375,148000,0.0,0.0
2024-09-02 00:00:00+08:00,266.1918240821968,266.6407141733978,263.4984835349907,264.84515380859375,86000,0.0,0.0
2024-09-03 00:00:00+08:00,266.1918382709529,266.1918382709529,263.04960746505634,263.9473876953125,44000,0.0,0.0
2024-09-04 00:00:00+08:00,263.0495910644531,263.0495910644531,260.8051406287496,263.0495910644531,107000,0.0,0.0
2024-09-05 00:00:00+08:00,262.15180604928094,262.6006961281324,258.5606854184689,259.4584655761719,93000,0.0,0.0
2024-09-06 00:00:00+08:00,259.458479669359,260.35625987582733,257.66291925642224,258.5606994628906,80000,0.0,0.0
2024-09-09 00:00:00+08:00,258.5606784326425,259.9073486328125,257.66289829919583,259.9073486328125,32000,0.0,0.0
2024-09-10 00:00:00+08:00,259.4584655761719,260.3562457338749,257.66290526076585,259.4584655761719,57000,0.0,0.0
2024-09-11 00:00:00+08:00,259.458472610553,261.7029230656616,257.6629122464661,259.00958251953125,90000,0.0,0.0
2024-09-12 00:00:00+08:00,260.8051523142847,260.8051523142847,258.56070177801723,260.35626220703125,45000,0.0,0.0
2024-09-13 00:00:00+08:00,260.35626220703125,260.35626220703125,258.56070177801723,260.35626220703125,32000,0.0,0.0
2024-09-16 00:00:00+08:00,259.0095684993658,259.9073486328125,259.0095684993658,259.9073486328125,31000,0.0,0.0
2024-09-18 00:00:00+08:00,259.90737686820654,260.35626698369566,258.11181640625,258.11181640625,88000,0.0,0.0
2024-09-19 00:00:00+08:00,259.4584773137019,259.4584773137019,256.76513671875,256.76513671875,90000,0.0,0.0
2024-09-20 00:00:00+08:00,257.6629262907609,259.00959663722824,256.76514605978264,258.11181640625,85000,0.0,0.0
2024-09-23 00:00:00+08:00,257.6629122464661,259.458472610553,257.6629122464661,259.00958251953125,32000,0.0,0.0
2024-09-24 00:00:00+08:00,259.0095895661248,259.0095895661248,257.66291925642224,258.5606994628906,36000,0.0,0.0
2024-09-25 00:00:00+08:00,258.5606854184689,259.4584655761719,257.66290526076585,259.4584655761719,59000,0.0,0.0
2024-09-26 00:00:00+08:00,259.458479669359,259.458479669359,258.11180935965643,258.5606994628906,47000,0.0,0.0
2024-09-27 00:00:00+08:00,259.00959663722824,259.90737686820654,258.11181640625,258.11181640625,63000,0.0,0.0
2024-09-30 00:00:00+08:00,258.1118141080786,258.1118141080786,255.41847343912474,256.3162536621094,99000,0.0,0.0
2024-10-01 00:00:00+08:00,255.8673565204327,256.76513671875,254.9695763221154,256.76513671875,108000,0.0,0.0
2024-10-04 00:00:00+08:00,258.5607113486842,258.5607113486842,255.86737060546875,255.86737060546875,35000,0.0,0.0
2024-10-07 00:00:00+08:00,255.867347113906,257.2140173618739,255.41845703125,255.41845703125,57000,0.0,0.0
2024-10-08 00:00:00+08:00,256.7651601528414,257.21405029296875,255.86737987258672,257.21405029296875,46000,0.0,0.0
2024-10-09 00:00:00+08:00,257.6629239965863,258.1118141080786,255.41847343912474,256.3162536621094,98000,0.0,0.0
2024-10-11 00:00:00+08:00,256.3162536621094,257.6629239965863,256.3162536621094,256.3162536621094,95000,0.0,0.0
2024-10-14 00:00:00+08:00,257.2140173618739,257.2140173618739,254.96956694859404,255.41845703125,106000,0.0,0.0
2024-10-15 00:00:00+08:00,256.76514377360166,256.76514377360166,255.41847343912474,256.3162536621094,31000,0.0,0.0
2024-10-16 00:00:00+08:00,255.41847343912474,256.76514377360166,255.41847343912474,256.3162536621094,59000,0.0,0.0
2024-10-17 00:00:00+08:00,256.316260729338,256.7651508532072,254.96959035773025,255.86737060546875,48000,0.0,0.0
2024-10-18 00:00:00+08:00,255.867347113906,255.867347113906,254.96956694859404,255.41845703125,58000,0.0,0.0
2024-10-21 00:00:00+08:00,255.867347113906,257.2140173618739,254.96956694859404,255.41845703125,72000,0.0,0.0
2024-10-22 00:00:00+08:00,255.41848048159952,256.316260729338,254.96959035773025,255.86737060546875,31000,0.0,0.0
2024-10-23 00:00:00+08:00,255.867347113906,256.316237196562,255.41845703125,255.41845703125,39000,0.0,0.0
2024-10-24 00:00:00+08:00,255.41848048159952,255.86737060546875,255.41848048159952,255.86737060546875,19000,0.0,0.0
2024-10-25 00:00:00+08:00,255.867347113906,255.867347113906,254.52067686593804,255.41845703125,47000,0.0,0.0
2024-10-28 00:00:00+08:00,255.41847113284697,255.41847113284697,254.07180081052968,254.52069091796875,86000,0.0,0.0
2024-10-29 00:00:00+08:00,253.62291431427002,253.62291431427002,247.78734283447267,251.3784637451172,244000,0.0,0.0
2024-10-30 00:00:00+08:00,253.17400053020882,253.17400053020882,250.92955017089844,250.92955017089844,48000,0.0,0.0
2024-11-01 00:00:00+08:00,250.92955381680378,253.62289428710938,250.92955381680378,253.62289428710938,40000,0.0,0.0
2024-11-04 00:00:00+08:00,253.17402762153543,254.07180786132812,251.82735726184643,254.07180786132812,29000,0.0,0.0
2024-11-05 00:00:00+08:00,252.27623340445507,254.96957397460938,252.27623340445507,254.96957397460938,36000,0.0,0.0
2024-11-06 00:00:00+08:00,254.07178436549364,254.96956452226217,253.62289428710938,253.62289428710938,37000,0.0,0.0
2024-11-07 00:00:00+08:00,254.52068387958366,254.96957397460938,254.07179378455794,254.96957397460938,61000,0.0,0.0
2024-11-08 00:00:00+08:00,255.86736355061706,256.76514377360166,254.96958332763242,256.3162536621094,119000,0.0,0.0
2024-11-11 00:00:00+08:00,253.1740042087251,256.316234757415,252.72511413034084,253.62289428710938,98000,0.0,0.0
2024-11-12 00:00:00+08:00,253.62291431427002,254.0718044281006,251.3784637451172,251.3784637451172,99000,0.0,0.0
2024-11-13 00:00:00+08:00,251.8273444458227,251.8273444458227,250.0317840576172,250.0317840576172,106000,0.0,0.0
2024-11-14 00:00:00+08:00,252.27624048997347,252.27624048997347,246.8895591983726,248.68511962890625,156000,0.0,0.0
2024-11-15 00:00:00+08:00,248.68511962890622,249.58289984417306,247.78733941363942,248.68511962890625,75000,0.0,0.0
2024-11-18 00:00:00+08:00,248.68511729847302,248.68511729847302,245.99177667791193,246.88955688476562,102000,0.0,0.0
2024-11-19 00:00:00+08:00,245.99176966949295,247.33843994140625,245.99176966949295,247.33843994140625,58000,0.0,0.0
2024-11-20 00:00:00+08:00,247.78733709161932,247.78733709161932,245.99177667791193,246.88955688476562,80401,0.0,0.0
2024-11-21 00:00:00+08:00,246.88954040081833,246.88954040081833,245.99176025390625,245.99176025390625,42000,0.0,0.0
2024-11-22 00:00:00+08:00,246.8895591983726,250.03178995180645,246.8895591983726,248.68511962890625,95000,0.0,0.0
2024-11-25 00:00:00+08:00,249.13400734720182,252.72512817382815,249.13400734720182,252.72512817382812,76000,0.0,0.0
2024-11-26 00:00:00+08:00,250.0317700271743,252.27622038648465,250.0317700271743,250.92955017089844,26000,0.0,0.0
2024-11-27 00:00:00+08:00,251.3784614398325,251.3784614398325,249.1340108912626,249.58290100097656,51000,0.0,0.0
2024-11-28 00:00:00+08:00,249.1339874267578,249.1339874267578,247.33842715701542,249.1339874267578,60000,0.0,0.0
2024-11-29 00:00:00+08:00,248.6850998115881,250.92955017089844,247.33842959600187,250.92955017089844,51000,0.0,0.0
2024-12-02 00:00:00+08:00,251.37844024276052,251.37844024276052,248.6850998115881,250.92955017089844,56000,0.0,0.0
2024-12-03 00:00:00+08:00,250.92955719869198,251.8273373675603,249.5828869453895,250.4806671142578,78000,0.0,0.0
2024-12-04 00:00:00+08:00,251.37845786384327,253.62290838048472,250.48067765718667,252.72512817382812,51000,0.0,0.0
2024-12-05 00:00:00+08:00,252.72511994711445,252.72511994711445,251.3784496809664,252.27622985839844,30000,0.0,0.0
2024-12-06 00:00:00+08:00,250.9295607762979,253.17401123046872,250.9295607762979,253.17401123046875,53000,0.0,0.0
2024-12-09 00:00:00+08:00,252.2762496145148,255.86737060546875,252.2762496145148,255.86737060546875,69000,0.0,0.0
2024-12-10 00:00:00+08:00,255.86737060546875,256.316260729338,254.96959035773025,255.86737060546875,57000,0.0,0.0
2024-12-11 00:00:00+08:00,256.316260729338,256.316260729338,254.96959035773025,255.86737060546875,43000,0.0,0.0
2024-12-12 00:00:00+08:00,256.76513435471225,256.76513435471225,254.96957397460938,254.96957397460938,31000,0.0,0.0
2024-12-13 00:00:00+08:00,256.76512727921795,256.76512727921795,254.96956694859404,255.41845703125,23000,0.0,0.0
2024-12-16 00:00:00+08:00,254.9695881011208,254.9695881011208,253.62291774143176,254.07180786132812,78000,0.0,0.0
2024-12-17 00:00:00+08:00,253.17401827715642,253.62290838048472,251.37845786384327,252.72512817382812,33000,0.0,0.0
2024-12-18 00:00:00+08:00,252.27622405195658,254.07178436549364,252.27622405195658,253.62289428710938,15000,0.0,0.0
2024-12-19 00:00:00+08:00,254.96958102540788,254.96958102540788,252.72513048821236,254.52069091796875,25000,0.0,0.0
2024-12-20 00:00:00+08:00,254.52069091796878,254.96958102540788,253.62291070309058,254.52069091796875,14000,0.0,0.0
2024-12-23 00:00:00+08:00,254.96957397460938,254.96957397460938,253.62290368953222,254.96957397460938,37000,0.0,0.0
2024-12-24 00:00:00+08:00,254.52068387958366,255.86735416466084,254.52068387958366,254.96957397460938,15000,0.0,0.0
2024-12-25 00:00:00+08:00,255.86737060546875,256.316260729338,254.96959035773025,255.86737060546875,40000,0.0,0.0
2024-12-26 00:00:00+08:00,254.0718031046478,256.3162536621094,254.0718031046478,256.3162536621094,17000,0.0,0.0
2024-12-27 00:00:00+08:00,256.316237196562,256.76512727921795,254.07178678328208,255.41845703125,34000,0.0,0.0
2024-12-30 00:00:00+08:00,254.52067686593804,255.867347113906,254.52067686593804,255.41845703125,14000,0.0,0.0
2024-12-31 00:00:00+08:00,255.41846642127405,256.76513671875,254.52068622295673,256.76513671875,38000,0.0,0.0
2025-01-02 00:00:00+08:00,257.21402681790863,258.11180701622595,256.76513671875,256.76513671875,71000,0.0,0.0
2025-01-03 00:00:00+08:00,256.7651508532072,257.2140409770765,255.86737060546875,255.86737060546875,17000,0.0,0.0
2025-01-06 00:00:00+08:00,256.3162700127141,257.6629404330961,256.3162700127141,257.21405029296875,39000,0.0,0.0
2025-01-07 00:00:00+08:00,257.6629404330961,257.6629404330961,256.3162700127141,257.21405029296875,16000,0.0,0.0
2025-01-08 00:00:00+08:00,256.76513671875,257.6629169170673,256.76513671875,256.76513671875,15000,0.0,0.0
2025-01-09 00:00:00+08:00,258.5606854184689,261.2540258915779,257.66290526076585,259.4584655761719,129000,0.0,0.0
2025-01-10 00:00:00+08:00,259.9073697725932,259.9073697725932,255.8673588434855,258.5606994628906,43000,0.0,0.0
2025-01-13 00:00:00+08:00,257.2140387006025,257.66292882049885,254.07180786132812,254.07180786132812,54000,0.0,0.0
2025-01-14 00:00:00+08:00,254.96956694859404,256.316237196562,254.96956694859404,255.41845703125,25000,0.0,0.0
2025-01-15 00:00:00+08:00,255.4184640696351,255.86735416466084,254.96957397460938,254.96957397460938,19000,0.0,0.0
2025-01-16 00:00:00+08:00,256.316260729338,256.316260729338,254.96959035773025,255.86737060546875,23000,0.0,0.0
2025-01-17 00:00:00+08:00,254.9695763221154,258.11180701622595,254.9695763221154,256.76513671875,29000,0.0,0.0
2025-01-20 00:00:00+08:00,256.3162700127141,258.5607207133508,255.86737987258672,257.21405029296875,33000,0.0,0.0
2025-01-21 00:00:00+08:00,257.6629333496094,259.0096037329697,257.2140432218226,257.6629333496094,27000,0.0,0.0
2025-01-22 00:00:00+08:00,258.11181640625,258.5607065217391,257.21403617527176,258.11181640625,31000,0.0,0.0
2025-02-03 00:00:00+08:00,256.31624894671967,258.5606994628906,255.8673588434855,258.5606994628906,73055,0.0,0.0
2025-02-04 00:00:00+08:00,258.5607065217391,259.4584867527174,258.11181640625,258.11181640625,30160,0.0,0.0
2025-02-05 00:00:00+08:00,257.6629333496094,258.5607136051829,257.6629333496094,257.6629333496094,28080,0.0,0.0
2025-02-06 00:00:00+08:00,258.11180935965643,259.0095895661248,257.66291925642224,258.5606994628906,36115,0.0,0.0
2025-02-07 00:00:00+08:00,260.3562457338749,260.8051358127264,258.5606854184689,259.4584655761719,22001,0.0,0.0
2025-02-10 00:00:00+08:00,258.56068782216494,261.2540283203125,258.56068782216494,261.2540283203125,38215,0.0,0.0
2025-02-11 00:00:00+08:00,261.70293483995414,262.1518249511719,261.25404472873635,262.1518249511719,27209,0.0,0.0
2025-02-12 00:00:00+08:00,261.25404242153826,261.25404242153826,260.35626220703125,260.35626220703125,13412,0.0,0.0
2025-02-13 00:00:00+08:00,261.70293483995414,262.60071506238967,260.8051546175186,262.1518249511719,54012,0.0,0.0
2025-02-14 00:00:00+08:00,261.25402130598064,262.1518014479256,261.25402130598064,261.7029113769531,15040,0.0,0.0
2025-02-17 00:00:00+08:00,262.1518249511719,263.0496051736074,261.25404472873635,262.1518249511719,49215,0.0,0.0
2025-02-18 00:00:00+08:00,263.0496051736074,263.0496051736074,259.00959417264755,262.1518249511719,46396,0.0,0.0
2025-02-19 00:00:00+08:00,263.04959810697113,263.04959810697113,261.25403771033655,262.6007080078125,20002,0.0,0.0
2025-02-20 00:00:00+08:00,263.04960746505634,263.9473876953125,262.1518272348002,263.9473876953125,41075,0.0,0.0
2025-02-21 00:00:00+08:00,263.94736902573527,267.089599609375,263.94736902573527,267.089599609375,79440,0.0,0.0
2025-02-24 00:00:00+08:00,267.5385014226666,270.68073214407383,266.64072121655033,270.2318420410156,133169,0.0,0.0
2025-02-25 00:00:00+08:00,270.2318420410156,270.2318420410156,269.33406183489933,270.2318420410156,34307,0.0,0.0
2025-02-26 00:00:00+08:00,270.2318326157202,270.6807227031217,268.4362722661141,268.8851623535156,47127,0.0,0.0
2025-02-27 00:00:00+08:00,269.7829472700493,276.9651887947095,269.7829472700493,272.4762878417969,270716,0.0,0.0
2025-03-03 00:00:00+08:00,272.92518730788936,274.7207477507044,271.1296268650743,273.8229675292969,105257,0.0,0.0
2025-03-04 00:00:00+08:00,274.72075483951664,274.72075483951664,272.02741410579586,273.37408447265625,35046,0.0,0.0
2025-03-05 00:00:00+08:00,274.7207477507044,274.7207477507044,272.92518730788936,273.8229675292969,35120,0.0,0.0
2025-03-06 00:00:00+08:00,273.3740494321146,276.06738982060835,273.3740494321146,275.6184997558594,84268,0.0,0.0
2025-03-07 00:00:00+08:00,275.61854221946317,276.516322487279,272.9252014160156,272.9252014160156,70115,0.0,0.0
2025-03-10 00:00:00+08:00,274.27185764000063,274.27185764000063,270.23184664366676,273.8229675292969,74056,0.0,0.0
2025-03-11 00:00:00+08:00,273.8229723213133,273.8229723213133,269.334071135718,271.5785217285156,56012,0.0,0.0
2025-03-12 00:00:00+08:00,272.02741184707514,272.4763019656347,271.5785217285156,271.5785217285156,18933,0.0,0.0
2025-03-13 00:00:00+08:00,271.57849823402256,272.0273883137482,271.1296081542969,271.1296081542969,46250,0.0,0.0
2025-03-14 00:00:00+08:00,269.7829449149111,270.68072509765625,268.43627464079344,270.68072509765625,51073,0.0,0.0
2025-03-17 00:00:00+08:00,270.23182799484556,271.1296081542969,269.33404783539424,271.1296081542969,62271,0.0,0.0
2025-03-18 00:00:00+08:00,271.129622247132,271.129622247132,269.7829519379575,270.2318420410156,24141,0.0,0.0
2025-03-19 00:00:00+08:00,269.3340429523647,269.3340429523647,267.0895925944284,267.5384826660156,87371,0.0,0.0
2025-03-20 00:00:00+08:00,267.98738919771637,268.88516939603363,267.5384990985577,268.436279296875,19012,0.0,0.0
2025-03-21 00:00:00+08:00,268.4362698595063,268.4362698595063,267.089599609375,267.089599609375,14001,0.0,0.0
2025-03-24 00:00:00+08:00,267.5384826660156,267.5384826660156,266.6407025228411,267.5384826660156,23501,0.0,0.0
2025-03-25 00:00:00+08:00,267.5385038173219,267.9873939243979,265.74294338901774,266.19183349609375,68050,0.0,0.0
2025-03-26 00:00:00+08:00,266.1918405584387,266.64073067742424,265.29406032046757,265.7429504394531,27997,0.0,0.0
2025-03-27 00:00:00+08:00,264.84515380859375,265.29404389979476,264.39626371739274,264.84515380859375,39013,0.0,0.0
2025-03-28 00:00:00+08:00,264.84517502013017,264.84517502013017,263.4985046386719,263.4985046386719,40625,0.0,0.0
2025-03-31 00:00:00+08:00,263.0495886524109,263.0495886524109,260.3562481542633,261.2540283203125,104190,0.0,0.0
2025-04-01 00:00:00+08:00,260.8051546175186,263.49849528482514,260.8051546175186,262.1518249511719,38050,0.0,0.0
2025-04-02 00:00:00+08:00,264.3962848929774,264.3962848929774,263.0496145115191,263.4985046386719,16622,0.0,0.0
2025-04-07 00:00:00+08:00,237.46285120646158,249.13399323173192,237.46285120646158,247.78732299804688,450093,0.0,0.0
2025-04-08 00:00:00+08:00,247.33842959600187,251.37844024276052,245.0939792366915,250.92955017089844,215630,0.0,0.0
2025-04-09 00:00:00+08:00,250.92956781560724,253.17401833274147,245.5428865744851,246.88955688476562,177186,0.0,0.0
2025-04-10 00:00:00+08:00,260.3562527925964,263.49848342974843,257.6629122464661,259.00958251953125,191034,0.0,0.0
2025-04-11 00:00:00+08:00,258.5606876098418,258.5606876098418,253.17400661797012,255.41845703125,99004,0.0,0.0
2025-04-14 00:00:00+08:00,256.7651508532072,259.00960147255347,255.86737060546875,255.86737060546875,73242,0.0,0.0
2025-04-15 00:00:00+08:00,255.86737987258672,257.6629404330961,254.5207094522047,257.21405029296875,58131,0.0,0.0
2025-04-16 00:00:00+08:00,258.1118234773961,258.5607136051829,256.76515309403584,257.6629333496094,34142,0.0,0.0
2025-04-17 00:00:00+08:00,256.7651601528414,258.1118305732235,256.7651601528414,257.21405029296875,57000,0.0,0.0
2025-04-18 00:00:00+08:00,253.1740135945065,256.3162442596865,251.82734330942935,254.96957397460938,112434,0.0,0.0
2025-04-21 00:00:00+08:00,254.52068150297123,255.8673517754737,253.17401123046872,253.17401123046875,90138,0.0,0.0
2025-04-22 00:00:00+08:00,252.7251175364286,252.7251175364286,250.03177702982367,250.4806671142578,88024,0.0,0.0
2025-04-23 00:00:00+08:00,250.48066009903638,252.72511045834673,250.48066009903638,250.92955017089844,105124,0.0,0.0
2025-04-24 00:00:00+08:00,252.27624397277833,252.7251340866089,251.3784637451172,251.3784637451172,32000,0.0,0.0
2025-04-25 00:00:00+08:00,252.72512113963458,253.17401123046872,251.82734095796624,253.17401123046875,26008,0.0,0.0
2025-04-28 00:00:00+08:00,253.62291774143176,254.9695881011208,253.17402762153543,254.07180786132812,38050,0.0,0.0
2025-04-29 00:00:00+08:00,254.52068622295673,256.76513671875,254.52068622295673,256.76513671875,31050,0.0,0.0
2025-04-30 00:00:00+08:00,259.45850099360547,259.45850099360547,256.3162700127141,257.21405029296875,44008,0.0,0.0
2025-05-02 00:00:00+08:00,257.21402681790863,258.11180701622595,256.31624661959137,256.76513671875,43421,0.0,0.0
2025-05-05 00:00:00+08:00,258.111813950212,263.0496051736074,258.111813950212,262.1518249511719,140096,0.0,0.0
2025-05-06 00:00:00+08:00,260.35625289658367,265.74293399099577,260.35625289658367,264.84515380859375,80122,0.0,0.0
2025-05-07 00:00:00+08:00,264.84516792556866,265.7429481558248,263.04960746505634,263.9473876953125,57109,0.0,0.0
2025-05-08 00:00:00+08:00,263.04961672813556,265.74295751374785,262.6007265972002,265.2940673828125,48716,0.0,0.0
2025-05-09 00:00:00+08:00,265.7429387019231,268.436279296875,265.7429387019231,268.436279296875,94156,0.0,0.0
2025-05-12 00:00:00+08:00,268.4362698595063,268.4362698595063,266.1918194426208,267.089599609375,50129,0.0,0.0
2025-05-13 00:00:00+08:00,267.98736572265625,268.43625578249316,267.08958560298237,267.98736572265625,88025,0.0,0.0
2025-05-14 00:00:00+08:00,267.9873727376029,268.43626280919017,267.0895925944284,267.5384826660156,64118,0.0,0.0
2025-05-15 00:00:00+08:00,267.5384756628193,267.98736572265625,265.7429154234715,267.98736572265625,81055,0.0,0.0
2025-05-16 00:00:00+08:00,267.98738919771637,268.436279296875,267.5384990985577,268.436279296875,47067,0.0,0.0
2025-05-19 00:00:00+08:00,267.5384990985577,268.436279296875,266.6407189002404,268.436279296875,43565,0.0,0.0
2025-05-20 00:00:00+08:00,267.98738919771637,268.436279296875,267.08960899939905,268.436279296875,39018,0.0,0.0
2025-05-21 00:00:00+08:00,267.9873751831055,269.33404541015625,267.9873751831055,269.33404541015625,51173,0.0,0.0
2025-05-22 00:00:00+08:00,268.43626525878904,269.33404541015625,268.43626525878904,269.33404541015625,31063,0.0,0.0
2025-05-23 00:00:00+08:00,268.8851623535156,270.2318326157202,268.8851623535156,268.8851623535156,13846,0.0,0.0
2025-05-26 00:00:00+08:00,267.98738217871255,269.33405244091716,267.98738217871255,268.8851623535156,26142,0.0,0.0
2025-05-27 00:00:00+08:00,268.8851623535156,268.8851623535156,267.98738217871255,268.8851623535156,23325,0.0,0.0
2025-05-28 00:00:00+08:00,268.88514584233013,268.88514584233013,267.08958560298237,267.98736572265625,48072,0.0,0.0
2025-05-29 00:00:00+08:00,267.0896137102458,267.9873939243979,265.2940532819417,266.19183349609375,40549,0.0,0.0
2025-06-02 00:00:00+08:00,264.84515380859375,265.74293399099577,263.94737362619173,264.84515380859375,46069,0.0,0.0
2025-06-03 00:00:00+08:00,266.6407095259979,268.4362698595063,265.7429293592437,267.089599609375,41021,0.0,0.0
2025-06-04 00:00:00+08:00,267.5384826660156,268.43626280919017,266.6407025228411,267.5384826660156,27329,0.0,0.0
2025-06-05 00:00:00+08:00,268.43627693356086,268.43627693356086,266.6407165527344,266.6407165527344,18200,0.0,0.0
2025-06-06 00:00:00+08:00,265.74294338901774,267.0896137102458,264.3962730677896,266.19183349609375,72284,0.0,0.0
2025-06-09 00:00:00+08:00,265.7429504394531,266.1918405584387,264.845170201482,265.7429504394531,35105,0.0,0.0
2025-06-10 00:00:00+08:00,265.74292237966654,267.9873727376029,265.74292237966654,267.5384826660156,45071,0.0,0.0
2025-06-11 00:00:00+08:00,266.6407025228411,267.9873727376029,266.6407025228411,267.5384826660156,46120,0.0,0.0
2025-06-12 00:00:00+08:00,267.0895925944284,267.9873727376029,267.0895925944284,267.5384826660156,25449,0.0,0.0
2025-06-13 00:00:00+08:00,267.5384967431476,268.43627693356086,266.1918264575278,266.6407165527344,37345,0.0,0.0
2025-06-16 00:00:00+08:00,266.19181245125384,267.9873727376029,266.19181245125384,267.5384826660156,48100,0.0,0.0
2025-06-17 00:00:00+08:00,267.5384756628193,268.43625578249316,267.08958560298237,267.98736572265625,39143,0.0,0.0
2025-06-18 00:00:00+08:00,267.5384756628193,267.98736572265625,267.5384756628193,267.98736572265625,20014,0.0,0.0
2025-06-19 00:00:00+08:00,268.436279296875,268.436279296875,267.08960899939905,268.436279296875,50052,0.0,0.0
2025-06-20 00:00:00+08:00,267.5384896927521,267.9873797761292,265.7429293592437,267.089599609375,66316,0.0,0.0
2025-06-23 00:00:00+08:00,266.19181245125384,267.5384826660156,266.19181245125384,267.5384826660156,48039,0.0,0.0
2025-06-24 00:00:00+08:00,267.5384756628193,268.43625578249316,267.5384756628193,267.98736572265625,44579,0.0,0.0
2025-06-25 00:00:00+08:00,267.5384875164916,272.4762783934739,267.5384875164916,271.1296081542969,197200,0.0,0.0
2025-06-26 00:00:00+08:00,270.2318255615234,271.1296057128906,269.33404541015625,269.33404541015625,39018,0.0,0.0
2025-06-27 00:00:00+08:00,269.3340594951923,269.3340594951923,268.436279296875,268.436279296875,51314,0.0,0.0
2025-06-30 00:00:00+08:00,268.43626525878904,269.78293548583986,268.43626525878904,269.33404541015625,90194,0.0,0.0
2025-07-01 00:00:00+08:00,269.3340594951923,269.3340594951923,266.1918288010817,268.436279296875,185435,0.0,0.0
2025-07-02 00:00:00+08:00,268.43628864002704,270.23184909915767,267.9873985252444,269.782958984375,219694,0.0,0.0
2025-07-03 00:00:00+08:00,271.4323508427061,274.7425014627391,270.9594721827014,274.2696228027344,152088,15.243981,0.0
2025-07-04 00:00:00+08:00,274.2696010345828,274.2696010345828,273.32384378963593,273.7967224121094,54999,0.0,0.0
2025-07-07 00:00:00+08:00,273.7967269234035,273.7967269234035,271.90521240234375,271.90521240234375,63118,0.0,0.0
2025-07-08 00:00:00+08:00,271.4323508427061,274.2696228027344,270.9594721827014,274.2696228027344,110185,0.0,0.0
2025-07-09 00:00:00+08:00,274.2696228027344,274.7425014627391,273.79674414272966,274.2696228027344,30117,0.0,0.0
2025-07-10 00:00:00+08:00,275.2153625488281,275.2153625488281,273.7967266594012,275.2153625488281,36100,0.0,0.0
2025-07-11 00:00:00+08:00,275.6882541604238,276.1611328125,274.7424968562714,276.1611328125,39100,0.0,0.0
2025-07-14 00:00:00+08:00,276.1611198084461,276.1611198084461,275.2153625488281,275.2153625488281,22194,0.0,0.0
2025-07-15 00:00:00+08:00,276.6340026855469,277.5797599596855,276.1611240484776,276.6340026855469,24200,0.0,0.0
2025-07-16 00:00:00+08:00,277.57974688103025,277.57974688103025,275.21535380708616,275.688232421875,45000,0.0,0.0
2025-07-17 00:00:00+08:00,275.6882454114082,277.5797599596855,275.6882454114082,276.6340026855469,24202,0.0,0.0
2025-07-18 00:00:00+08:00,277.10689429002076,278.05265160841674,277.10689429002076,277.57977294921875,36200,0.0,0.0
2025-07-21 00:00:00+08:00,277.57976417801007,278.0526428222656,277.1068855337545,278.0526428222656,20020,0.0,0.0
2025-07-22 00:00:00+08:00,277.10687255859375,278.05262980282106,276.6339939364801,277.10687255859375,18008,0.0,0.0
2025-07-23 00:00:00+08:00,274.7424751922974,278.05262549581903,274.7424751922974,275.688232421875,27085,0.0,0.0
2025-07-24 00:00:00+08:00,276.1611369716248,278.05265160841674,275.6882583124268,277.57977294921875,22336,0.0,0.0
2025-07-25 00:00:00+08:00,277.57976417801007,278.0526428222656,277.1068855337545,278.0526428222656,18029,0.0,0.0
2025-07-28 00:00:00+08:00,278.05262980282106,278.05262980282106,276.6339939364801,277.10687255859375,15439,0.0,0.0
2025-07-29 00:00:00+08:00,278.05262980282106,278.05262980282106,276.6339939364801,277.10687255859375,16191,0.0,0.0
2025-07-30 00:00:00+08:00,277.57976417801007,278.0526428222656,276.1611282452434,278.0526428222656,24050,0.0,0.0
2025-07-31 00:00:00+08:00,276.6340114645762,278.05264742080476,276.1611328125,276.1611328125,32396,0.0,0.0
2025-08-04 00:00:00+08:00,278.5255084249347,278.5255084249347,276.6339939364801,277.10687255859375,32497,0.0,0.0
2025-08-05 00:00:00+08:00,278.05263828586885,279.94415283203125,278.05263828586885,279.94415283203125,41051,0.0,0.0
2025-08-06 00:00:00+08:00,278.99840430761554,279.9441616103532,278.0526470048778,279.4712829589844,27130,0.0,0.0
2025-08-07 00:00:00+08:00,278.0526428222656,279.9441573992878,278.0526428222656,278.0526428222656,40025,0.0,0.0
2025-08-08 00:00:00+08:00,278.05265160841674,279.9441662452087,277.57977294921875,277.57977294921875,22110,0.0,0.0
2025-08-11 00:00:00+08:00,277.5797511807074,278.05262980282106,277.10687255859375,277.10687255859375,23240,0.0,0.0
2025-08-12 00:00:00+08:00,277.57976417801007,278.99840011077674,277.1068855337545,278.0526428222656,44020,0.0,0.0
2025-08-13 00:00:00+08:00,279.9441573992878,279.9441573992878,277.1068855337545,278.0526428222656,18144,0.0,0.0
2025-08-14 00:00:00+08:00,278.05265160841674,279.9441662452087,277.57977294921875,277.57977294921875,34090,0.0,0.0
2025-08-15 00:00:00+08:00,278.0526340659486,279.94414858340406,278.0526340659486,278.5255126953125,48005,0.0,0.0
2025-08-18 00:00:00+08:00,278.0526340659486,279.4712699540402,278.0526340659486,278.5255126953125,54033,0.0,0.0
2025-08-19 00:00:00+08:00,277.57977294921875,278.5255302676147,277.57977294921875,277.57977294921875,32011,0.0,0.0
2025-08-20 00:00:00+08:00,277.57976454506644,277.57976454506644,274.74249267578125,274.74249267578125,55641,0.0,0.0
2025-08-21 00:00:00+08:00,276.6339896514526,278.05262549581903,275.688232421875,275.688232421875,29540,0.0,0.0
2025-08-22 00:00:00+08:00,276.6339984382551,277.57975569787305,274.74248391901915,275.2153625488281,36012,0.0,0.0
2025-08-25 00:00:00+08:00,275.21536708950583,276.1611243647275,272.85097390145165,273.3238525390625,116120,0.0,0.0
2025-08-26 00:00:00+08:00,274.74247987120305,274.74247987120305,270.486572265625,270.486572265625,144037,0.0,0.0
2025-08-27 00:00:00+08:00,270.48659399541884,272.37810863874347,270.48659399541884,270.95947265625,73100,0.0,0.0
2025-08-28 00:00:00+08:00,272.3780822753906,273.79671812057495,271.9052036603292,272.3780822753906,55080,0.0,0.0
2025-08-29 00:00:00+08:00,272.85096966287364,275.2153628141984,271.4323337720788,271.90521240234375,92135,0.0,0.0
2025-09-01 00:00:00+08:00,271.9052169452407,272.3780955834063,270.0137023925781,270.0137023925781,106315,0.0,0.0
2025-09-02 00:00:00+08:00,270.4865898266173,270.95946848016035,269.54083251953125,269.54083251953125,69036,0.0,0.0
2025-09-03 00:00:00+08:00,270.48658103074376,270.9594596689094,270.0137023925781,270.0137023925781,27068,0.0,0.0
2025-09-04 00:00:00+08:00,270.9594596689094,270.9594596689094,269.5408237544125,270.0137023925781,71207,0.0,0.0
2025-09-05 00:00:00+08:00,270.01369364278304,270.486572265625,268.595057774257,270.486572265625,95036,0.0,0.0
2025-09-08 00:00:00+08:00,274.2696010345828,275.21535827952965,272.3780865446891,273.7967224121094,56328,0.0,0.0
2025-09-09 00:00:00+08:00,273.7967446212369,273.7967446212369,270.95947265625,270.95947265625,66016,0.0,0.0
2025-09-10 00:00:00+08:00,270.95946388377547,272.3780998203397,270.95946388377547,271.4323425292969,54017,0.0,0.0
2025-09-11 00:00:00+08:00,271.4323425292969,272.3780998203397,270.95946388377547,271.4323425292969,36062,0.0,0.0
2025-09-12 00:00:00+08:00,271.90521240234375,271.90521240234375,270.95945514181386,271.90521240234375,33406,0.0,0.0
2025-09-15 00:00:00+08:00,271.9052036603292,272.3780822753906,270.9594464302063,272.3780822753906,35375,0.0,0.0
2025-09-16 00:00:00+08:00,271.4323425292969,271.9052211748183,270.95946388377547,271.4323425292969,35119,0.0,0.0
2025-09-17 00:00:00+08:00,271.4323337720788,272.37809103260867,270.4865765115489,271.90521240234375,57083,0.0,0.0
2025-09-18 00:00:00+08:00,271.9052211748183,271.9052211748183,270.95946388377547,271.4323425292969,27095,0.0,0.0
2025-09-19 00:00:00+08:00,271.4323340402523,271.90521267098444,268.5950622558594,268.5950622558594,126658,0.0,0.0
2025-09-22 00:00:00+08:00,270.01368935958783,270.4865679749286,269.06793212890625,269.06793212890625,55544,0.0,0.0
2025-09-23 00:00:00+08:00,269.06794088659154,270.0136981480558,268.5950622558594,268.5950622558594,81692,0.0,0.0
2025-09-24 00:00:00+08:00,270.01368935958783,270.4865679749286,268.59505351356546,269.06793212890625,20010,0.0,0.0
2025-09-25 00:00:00+08:00,270.4865898266173,270.4865898266173,269.54083251953125,269.54083251953125,9100,0.0,0.0
2025-09-26 00:00:00+08:00,269.54081074424704,269.54081074424704,268.12217489822467,269.06793212890625,53084,0.0,0.0
2025-09-30 00:00:00+08:00,269.06793212890625,269.06793212890625,268.59505351356546,269.06793212890625,27800,0.0,0.0
2025-10-01 00:00:00+08:00,269.0679538659882,269.54083251953125,267.6493179053591,269.54083251953125,87053,0.0,0.0
2025-10-02 00:00:00+08:00,269.06793212890625,269.54081074424704,267.6492962828839,269.06793212890625,62345,0.0,0.0
2025-10-03 00:00:00+08:00,269.0679496751681,269.0679496751681,268.1221923828125,268.1221923828125,63101,0.0,0.0
2025-10-07 00:00:00+08:00,268.59507102899033,269.0679496751681,267.6493137366347,268.1221923828125,66333,0.0,0.0
2025-10-08 00:00:00+08:00,267.6493225097656,268.1222011714437,267.1764438480876,267.6493225097656,59360,0.0,0.0
2025-10-09 00:00:00+08:00,267.6493225097656,268.1222011714437,267.1764438480876,267.6493225097656,50300,0.0,0.0
2025-10-13 00:00:00+08:00,268.59505351356546,269.06793212890625,266.70353905220236,269.06793212890625,71386,0.0,0.0
2025-10-14 00:00:00+08:00,269.540815019941,271.43232951130904,269.540815019941,270.486572265625,82042,0.0,0.0
2025-10-15 00:00:00+08:00,269.5408237544125,270.48658103074376,269.5408237544125,270.0137023925781,58133,0.0,0.0
2025-10-16 00:00:00+08:00,270.01368935958783,270.4865679749286,269.06793212890625,269.06793212890625,43100,0.0,0.0
2025-10-17 00:00:00+08:00,270.0137065927326,271.4323425292969,269.5408279472112,271.4323425292969,50552,0.0,0.0
2025-10-20 00:00:00+08:00,271.43232504526776,272.8509608904521,271.43232504526776,272.3780822753906,43028,0.0,0.0
2025-10-21 00:00:00+08:00,272.3780998203397,272.3780998203397,270.0137065927326,271.4323425292969,48238,0.0,0.0
2025-10-22 00:00:00+08:00,273.32386548272495,279.47128806278624,272.37810816271553,274.2696228027344,200146,0.0,0.0
2025-10-23 00:00:00+08:00,274.26960981428414,274.742488451895,273.3238525390625,273.3238525390625,36001,0.0,0.0
2025-10-27 00:00:00+08:00,273.79671812057495,273.79671812057495,271.9052036603292,272.3780822753906,37000,0.0,0.0
2025-10-28 00:00:00+08:00,271.4323425292969,272.3780998203397,271.4323425292969,271.4323425292969,25050,0.0,0.0
2025-10-29 00:00:00+08:00,270.95947265625,272.37810863874347,270.48659399541884,270.95947265625,46006,0.0,0.0
2025-10-30 00:00:00+08:00,271.43235131708116,271.43235131708116,270.95947265625,270.95947265625,41011,0.0,0.0
2025-10-31 00:00:00+08:00,271.43233798861917,274.26960981428414,270.9594593510083,273.3238525390625,101228,0.0,0.0
2025-11-03 00:00:00+08:00,274.2696182041952,277.1068901166524,274.2696182041952,276.1611328125,80208,0.0,0.0
2025-11-04 00:00:00+08:00,276.6340114645762,277.57976876872857,274.7424968562714,276.1611328125,36056,0.0,0.0
2025-11-05 00:00:00+08:00,277.10688101278765,280.88991010511245,276.1611237397065,279.94415283203125,146091,0.0,0.0
2025-11-06 00:00:00+08:00,279.471261182882,279.94413979740466,278.0526253393141,278.9983825683594,33032,0.0,0.0
2025-11-07 00:00:00+08:00,278.5255082180287,281.36277994860285,277.1068723527416,280.4170227050781,137117,0.0,0.0
2025-11-10 00:00:00+08:00,278.52551692240945,280.88991010511245,278.05263828586885,279.94415283203125,96282,0.0,0.0
2025-11-11 00:00:00+08:00,278.99839555895005,279.94415283203125,278.05263828586885,279.94415283203125,75150,0.0,0.0
2025-11-12 00:00:00+08:00,279.94415283203125,279.94415283203125,278.52551692240945,279.94415283203125,55099,0.0,0.0
2025-11-13 00:00:00+08:00,278.52551692240945,279.94415283203125,277.57975964932825,279.94415283203125,58012,0.0,0.0
2025-11-14 00:00:00+08:00,278.99839106822174,282.7814200996553,278.99839106822174,281.8356628417969,98092,0.0,0.0
2025-11-17 00:00:00+08:00,281.8356673781936,281.8356673781936,278.05263828586885,279.94415283203125,92115,0.0,0.0
2025-11-18 00:00:00+08:00,278.9983870470483,279.471265669162,277.10687255859375,277.10687255859375,92110,0.0,0.0
2025-11-19 00:00:00+08:00,277.1068682662414,278.05262549581903,275.688232421875,275.688232421875,43075,0.0,0.0
2025-11-20 00:00:00+08:00,275.6882541604238,277.57976876872857,274.2696182041952,276.1611328125,55772,0.0,0.0
2025-11-21 00:00:00+08:00,274.7424881372696,278.0526385967548,274.7424881372696,276.6340026855469,33060,0.0,0.0
2025-11-24 00:00:00+08:00,274.7425009940308,278.05265160841674,274.7425009940308,277.57977294921875,66350,0.0,0.0
2025-11-25 00:00:00+08:00,278.5255256562467,279.4712829589844,278.5255256562467,279.4712829589844,24010,0.0,0.0
2025-11-26 00:00:00+08:00,280.41703146857185,280.88991010511245,278.52551692240945,279.94415283203125,38102,0.0,0.0
2025-11-27 00:00:00+08:00,278.9983825683594,279.471261182882,277.1068681102688,278.9983825683594,32139,0.0,0.0
2025-11-28 00:00:00+08:00,278.99839555895005,280.41703146857185,278.05263828586885,279.94415283203125,72106,0.0,0.0
2025-12-01 00:00:00+08:00,279.94413979740466,279.94413979740466,277.57974672479145,278.9983825683594,30057,0.0,0.0
2025-12-02 00:00:00+08:00,278.0526338103634,281.8356628417969,277.57975518143417,281.8356628417969,60198,0.0,0.0
2025-12-03 00:00:00+08:00,280.8899055839385,281.8356628417969,279.94414832608015,281.8356628417969,60257,0.0,0.0
2025-12-04 00:00:00+08:00,281.83565410058105,282.30853271484375,279.47126102926745,282.30853271484375,66327,0.0,0.0
2025-12-05 00:00:00+08:00,279.47126969715094,281.8356628417969,279.47126969715094,281.8356628417969,27135,0.0,0.0
2025-12-08 00:00:00+08:00,281.8356585703652,281.8356585703652,280.4170227050781,280.4170227050781,15241,0.0,0.0
2025-12-09 00:00:00+08:00,280.8899230957031,280.8899230957031,279.4712871204723,280.8899230957031,35030,0.0,0.0
2025-12-10 00:00:00+08:00,280.88989702644994,280.88989702644994,278.9983825683594,278.9983825683594,29214,0.0,0.0
2025-12-11 00:00:00+08:00,278.99839132467633,279.4712699540402,277.5797554365848,278.5255126953125,60730,0.0,0.0
2025-12-12 00:00:00+08:00,278.52552980365175,280.8899230957031,278.05265114524144,280.8899230957031,41016,0.0,0.0
2025-12-15 00:00:00+08:00,279.94414858340406,279.94414858340406,278.0526340659486,278.5255126953125,18008,0.0,0.0
2025-12-16 00:00:00+08:00,278.5255214665212,279.9441573992878,277.1068855337545,278.0526428222656,37074,0.0,0.0
2025-12-17 00:00:00+08:00,276.63399817785705,279.94414858340406,276.63399817785705,278.5255126953125,32001,0.0,0.0
2025-12-18 00:00:00+08:00,278.52551723382413,278.52551723382413,276.1611240484776,276.6340026855469,43146,0.0,0.0
2025-12-19 00:00:00+08:00,276.6340026855469,278.0526385967548,276.6340026855469,276.6340026855469,11187,0.0,0.0
2025-12-22 00:00:00+08:00,277.5797599596855,277.5797599596855,276.6340026855469,276.6340026855469,15133,0.0,0.0
2025-12-23 00:00:00+08:00,277.10687255859375,278.05262980282106,277.10687255859375,277.10687255859375,28010,0.0,0.0
2025-12-24 00:00:00+08:00,277.5797599596855,277.5797599596855,276.6340026855469,276.6340026855469,14085,0.0,0.0
2025-12-26 00:00:00+08:00,276.634016102758,277.1068947627627,274.2696228027344,274.2696228027344,96245,0.0,0.0
2025-12-29 00:00:00+08:00,276.1611195484932,285.1458135064065,276.1611195484932,278.5255126953125,333028,0.0,0.0
2025-12-30 00:00:00+08:00,278.99840430761554,281.36279756445975,278.99840430761554,279.4712829589844,106748,0.0,0.0
2025-12-31 00:00:00+08:00,279.4712654615534,281.8356585703652,278.99838683979107,280.4170227050781,140159,0.0,0.0
2026-01-02 00:00:00+08:00,280.4170311623702,283.2543029785156,279.47127389032175,283.2543029785156,122686,0.0,0.0
2026-01-05 00:00:00+08:00,283.2543117561468,283.2543117561468,281.36279715343466,282.78143310546875,67262,0.0,0.0
2026-01-06 00:00:00+08:00,281.36277974446614,285.6186873372396,281.36277974446614,283.7271728515625,232142,0.0,0.0
2026-01-07 00:00:00+08:00,285.1458214069235,288.45597190418465,284.6729427644576,287.98309326171875,199822,0.0,0.0
2026-01-08 00:00:00+08:00,288.4559811609557,288.4559811609557,284.2000732421875,284.2000732421875,84224,0.0,0.0
2026-01-09 00:00:00+08:00,283.7271858291372,287.03733633047716,283.7271858291372,284.6729431152344,63058,0.0,0.0
2026-01-12 00:00:00+08:00,287.0373272504963,289.4017203909452,285.6186913662269,288.4559631347656,187317,0.0,0.0
2026-01-13 00:00:00+08:00,289.4017114731872,293.1847403813334,287.9830756326324,292.2389831542969,232531,0.0,0.0
2026-01-14 00:00:00+08:00,292.239000691996,295.549151185271,290.8203647663067,291.2932434082031,210084,0.0,0.0
2026-01-15 00:00:00+08:00,292.7118835449219,293.1847621936212,289.87461165272555,292.7118835449219,109371,0.0,0.0
2026-01-16 00:00:00+08:00,293.18474486907064,293.18474486907064,287.9830800407484,290.34747314453125,130268,0.0,0.0
2026-01-19 00:00:00+08:00,290.3474906971252,290.3474906971252,288.45597609974976,289.4017333984375,71098,0.0,0.0
2026-01-20 00:00:00+08:00,289.4017333984375,289.4017333984375,286.5644615023744,289.4017333984375,88050,0.0,0.0
2026-01-21 00:00:00+08:00,288.9288505466505,291.2932437589799,287.98309326171875,287.98309326171875,67103,0.0,0.0
2026-01-22 00:00:00+08:00,288.4559631347656,288.4559631347656,286.56444862240653,288.4559631347656,58003,0.0,0.0
2026-01-23 00:00:00+08:00,287.03731855276953,288.9288330078125,286.09156132524805,288.9288330078125,44006,0.0,0.0
2026-01-26 00:00:00+08:00,285.6186958539604,287.5102103960396,284.6729385829208,286.564453125,60030,0.0,0.0
2026-01-27 00:00:00+08:00,285.6186828613281,286.09156147533696,284.6729256333105,285.6186828613281,55094,0.0,0.0
2026-01-28 00:00:00+08:00,284.67293435977666,285.14581298828125,283.7271771027674,285.14581298828125,76034,0.0,0.0
2026-01-29 00:00:00+08:00,284.2000514729818,284.67293009440107,283.7271728515625,283.7271728515625,54046,0.0,0.0
2026-01-30 00:00:00+08:00,283.7271908213039,283.7271908213039,278.99840430761554,279.4712829589844,140437,0.0,0.0
2026-02-02 00:00:00+08:00,279.9441440833158,280.4170227050781,278.05262959626634,280.4170227050781,90093,0.0,0.0
2026-02-03 00:00:00+08:00,280.8899185027566,282.78143310546875,279.9441612014005,282.78143310546875,52100,0.0,0.0
2026-02-04 00:00:00+08:00,282.781415608724,283.7271728515625,280.88990112304685,283.7271728515625,37017,0.0,0.0
2026-02-05 00:00:00+08:00,283.7271728515625,284.2000514729818,281.8356583658854,283.7271728515625,28400,0.0,0.0
2026-02-06 00:00:00+08:00,283.72719458454657,284.2000732421875,281.362801296342,284.2000732421875,32064,0.0,0.0
2026-02-09 00:00:00+08:00,282.30854570646716,284.6729388865883,281.3627884344187,283.2543029785156,52046,0.0,0.0
2026-02-10 00:00:00+08:00,281.36277974446614,283.7271728515625,280.4170225016276,283.7271728515625,55112,0.0,0.0
2026-02-11 00:00:00+08:00,280.88990112304685,283.7271728515625,280.88990112304685,283.7271728515625,48300,0.0,0.0
2026-02-23 00:00:00+08:00,283.7271685576319,283.7271685576319,281.3627754863183,282.30853271484375,51612,0.0,0.0
2026-02-24 00:00:00+08:00,280.4170269550093,282.3085414707261,280.4170269550093,281.8356628417969,33500,0.0,0.0
2026-02-25 00:00:00+08:00,281.3627842128677,281.8356628417969,280.4170269550093,281.8356628417969,50030,0.0,0.0
2026-02-26 00:00:00+08:00,282.30854570646716,283.2543029785156,280.88990979839446,283.2543029785156,59600,0.0,0.0
2026-03-02 00:00:00+08:00,281.83565410058105,282.7814113291065,280.8898968720556,282.30853271484375,47310,0.0,0.0
2026-03-03 00:00:00+08:00,282.30855445479074,282.78143310546875,281.36279715343466,282.78143310546875,53065,0.0,0.0
2026-03-04 00:00:00+08:00,280.4170184119273,280.4170184119273,275.6882322667009,278.9983825683594,118228,0.0,0.0
2026-03-05 00:00:00+08:00,280.41703146857185,281.8356673781936,279.47127419549065,279.94415283203125,28383,0.0,0.0
2026-03-06 00:00:00+08:00,278.0526253393141,279.471261182882,278.0526253393141,278.9983825683594,42162,0.0,0.0
2026-03-09 00:00:00+08:00,277.1068947627627,277.1068947627627,273.32386548272495,274.2696228027344,175032,0.0,0.0
2026-03-10 00:00:00+08:00,276.1611369716248,278.5255302676147,276.1611369716248,277.57977294921875,73155,0.0,0.0
2026-03-11 00:00:00+08:00,278.52551692240945,279.94415283203125,278.05263828586885,279.94415283203125,33032,0.0,0.0
2026-03-12 00:00:00+08:00,278.99839555895005,279.94415283203125,278.05263828586885,279.94415283203125,41125,0.0,0.0
2026-03-13 00:00:00+08:00,278.05263828586885,279.94415283203125,278.05263828586885,279.94415283203125,52153,0.0,0.0
2026-03-16 00:00:00+08:00,279.94415283203125,281.8356673781936,278.99839555895005,279.94415283203125,66234,0.0,0.0
2026-03-17 00:00:00+08:00,279.4712829589844,280.41704026172204,278.5255256562467,279.4712829589844,79225,0.0,0.0
2026-03-18 00:00:00+08:00,278.52550395383673,279.94413979740466,278.52550395383673,278.9983825683594,63649,0.0,0.0
2026-03-19 00:00:00+08:00,278.525526072881,278.525526072881,275.6882541604238,276.1611328125,134688,0.0,0.0
2026-03-20 00:00:00+08:00,278.0526340659486,278.5255126953125,276.63399817785705,278.5255126953125,65065,0.0,0.0
2026-03-23 00:00:00+08:00,275.2153755083476,277.1068901166524,274.7424968562714,276.1611328125,84205,0.0,0.0
2026-03-24 00:00:00+08:00,276.6340114645762,277.1068901166524,276.1611328125,276.1611328125,65041,0.0,0.0
2026-03-25 00:00:00+08:00,277.10689429002076,277.57977294921875,276.6340156308228,277.57977294921875,37043,0.0,0.0
2026-03-26 00:00:00+08:00,277.57976876872857,277.57976876872857,275.2153755083476,276.1611328125,72051,0.0,0.0
2026-03-27 00:00:00+08:00,276.1611328125,276.1611328125,275.2153755083476,276.1611328125,46064,0.0,0.0
2026-03-30 00:00:00+08:00,275.2153713206621,276.1611286104238,274.26961403090036,274.74249267578125,68025,0.0,0.0
2026-03-31 00:00:00+08:00,274.2696186244178,275.2153759300192,272.3781040132149,272.8509826660156,124052,0.0,0.0
2026-04-01 00:00:00+08:00,274.26960981428414,276.1611243647275,273.3238525390625,273.3238525390625,73100,0.0,0.0
2026-04-02 00:00:00+08:00,272.8509826660156,274.7424972772185,272.8509826660156,272.8509826660156,54857,0.0,0.0
2026-04-07 00:00:00+08:00,273.32386548272495,274.2696228027344,271.9052295027108,274.2696228027344,74062,0.0,0.0
2026-04-08 00:00:00+08:00,274.74248391901915,275.6882411786371,274.2696052892102,275.2153625488281,59200,0.0,0.0
2026-04-09 00:00:00+08:00,276.1611240484776,276.6340026855469,274.7424881372696,276.6340026855469,48238,0.0,0.0
2026-04-10 00:00:00+08:00,276.6340072553047,276.6340072553047,274.74249267578125,274.74249267578125,53000,0.0,0.0
2026-04-13 00:00:00+08:00,274.7425014627391,275.2153801227438,273.79674414272966,274.2696228027344,59003,0.0,0.0
2026-04-14 00:00:00+08:00,274.2696228027344,274.2696228027344,273.32386548272495,274.2696228027344,58442,0.0,0.0
2026-04-15 00:00:00+08:00,274.742488451895,275.21536708950583,273.3238525390625,273.3238525390625,78078,0.0,0.0
2026-04-16 00:00:00+08:00,274.7425014627391,275.2153801227438,273.79674414272966,274.2696228027344,30000,0.0,0.0
2026-04-17 00:00:00+08:00,274.2696010345828,274.2696010345828,273.7967224121094,273.7967224121094,40123,0.0,0.0
2026-04-20 00:00:00+08:00,274.2696228027344,275.2153801227438,273.79674414272966,274.2696228027344,70006,0.0,0.0
2026-04-21 00:00:00+08:00,274.2696186244178,274.7424972772185,272.3781040132149,272.8509826660156,113500,0.0,0.0
2026-04-22 00:00:00+08:00,272.85097390145165,273.79673117667335,272.3780952638408,273.3238525390625,50000,0.0,0.0
2026-04-23 00:00:00+08:00,273.32384378963593,273.7967224121094,271.9052079222157,273.7967224121094,116101,0.0,0.0
2026-04-24 00:00:00+08:00,273.79671812057495,273.79671812057495,271.43232504526776,272.3780822753906,43020,0.0,0.0
2026-04-27 00:00:00+08:00,271.43232504526776,272.3780822753906,269.540810585022,272.3780822753906,97104,0.0,0.0
2026-04-28 00:00:00+08:00,272.8509693997832,275.2153625488281,271.4323335103563,275.2153625488281,50204,0.0,0.0
2026-04-29 00:00:00+08:00,276.1611243647275,276.1611243647275,272.3780952638408,273.3238525390625,29030,0.0,0.0
2026-04-30 00:00:00+08:00,272.8509826660156,273.79673997161706,272.3781040132149,272.8509826660156,28030,0.0,0.0
2026-05-04 00:00:00+08:00,273.3238567411387,274.74249267578125,273.3238567411387,274.74249267578125,37502,0.0,0.0
2026-05-05 00:00:00+08:00,273.3238525390625,275.6882457271167,273.3238525390625,273.3238525390625,47320,0.0,0.0
2026-05-06 00:00:00+08:00,273.32384802959217,275.6882411786371,273.32384802959217,275.2153625488281,50191,0.0,0.0
2026-05-07 00:00:00+08:00,274.26961403090036,274.74249267578125,273.3238567411387,274.74249267578125,57091,0.0,0.0
2026-05-08 00:00:00+08:00,272.3780865446891,274.2696010345828,271.43232929974226,273.7967224121094,122324,0.0,0.0
2026-05-11 00:00:00+08:00,273.32385711138255,273.32385711138255,271.4323425292969,271.4323425292969,112016,0.0,0.0
2026-05-12 00:00:00+08:00,271.43235131708116,272.8509872995746,269.54083667375653,270.95947265625,145026,0.0,0.0
2026-05-13 00:00:00+08:00,270.48658103074376,270.9594596689094,269.06794511624685,270.0137023925781,135010,0.0,0.0
2026-05-14 00:00:00+08:00,270.48659399541884,271.9052299779123,270.48659399541884,270.95947265625,43009,0.0,0.0
2026-05-15 00:00:00+08:00,270.95946388377547,271.9052211748183,270.486585238254,271.4323425292969,39107,0.0,0.0
2026-05-18 00:00:00+08:00,273.32383950551355,273.32383950551355,270.4865678151449,272.3780822753906,53200,0.0,0.0
2026-05-19 00:00:00+08:00,273.32383950551355,273.32383950551355,270.9594464302063,272.3780822753906,39102,0.0,0.0
2026-05-20 00:00:00+08:00,272.3780822753906,272.3780822753906,269.540810585022,272.3780822753906,82000,0.0,0.0
2026-05-21 00:00:00+08:00,272.3780822753906,272.3780822753906,270.9594464302063,272.3780822753906,78788,0.0,0.0
2026-05-22 00:00:00+08:00,272.3780822753906,272.3780822753906,270.9594464302063,272.3780822753906,66433,0.0,0.0
2026-05-25 00:00:00+08:00,271.9052211748183,271.9052211748183,270.486585238254,271.4323425292969,84319,0.0,0.0
2026-05-26 00:00:00+08:00,270.959450888467,271.43232951130904,270.486572265625,270.486572265625,53258,0.0,0.0
2026-05-27 00:00:00+08:00,270.48659399541884,270.95947265625,269.54083667375653,270.95947265625,83390,0.0,0.0
2026-05-28 00:00:00+08:00,270.9594596689094,271.43233830707504,270.0137023925781,270.0137023925781,103154,0.0,0.0
2026-05-29 00:00:00+08:00,270.95946388377547,271.4323425292969,269.5408279472112,271.4323425292969,157307,0.0,0.0
2026-06-01 00:00:00+08:00,270.48659399541884,270.95947265625,269.54083667375653,270.95947265625,173101,0.0,0.0
2026-06-02 00:00:00+08:00,270.48659399541884,270.95947265625,269.54083667375653,270.95947265625,101205,0.0,0.0
2026-06-03 00:00:00+08:00,270.95945514181386,271.90521240234375,270.013697881284,271.90521240234375,124182,0.0,0.0
2026-06-04 00:00:00+08:00,270.95945514181386,272.85096966287364,270.95945514181386,271.90521240234375,58046,0.0,0.0
2026-06-05 00:00:00+08:00,272.3780952638408,273.3238525390625,272.3780952638408,273.3238525390625,96240,0.0,0.0
2026-06-08 00:00:00+08:00,271.9052299779123,271.9052299779123,267.1764433696008,270.95947265625,149318,0.0,0.0
2026-06-09 00:00:00+08:00,271.43232504526776,272.8509608904521,271.43232504526776,272.3780822753906,56060,0.0,0.0
2026-06-10 00:00:00+08:00,270.486572265625,272.378086756993,270.486572265625,270.486572265625,63197,0.0,0.0
2026-06-11 00:00:00+08:00,272.37809103260867,272.37809103260867,268.5950619904891,271.90521240234375,61047,0.0,0.0
2026-06-12 00:00:00+08:00,271.9052253604142,273.32386131881634,271.4323467076135,272.8509826660156,38030,0.0,0.0
2026-06-15 00:00:00+08:00,271.9052253604142,272.8509826660156,270.48658940201204,272.8509826660156,189062,0.0,0.0
2026-06-16 00:00:00+08:00,272.8509872995746,272.8509872995746,270.95947265625,270.95947265625,67052,0.0,0.0
2026-06-17 00:00:00+08:00,271.905208134151,272.378086756993,270.01369364278304,270.486572265625,91291,0.0,0.0
2026-06-18 00:00:00+08:00,270.95947265625,272.37810863874347,270.95947265625,270.95947265625,29060,0.0,0.0
2026-06-22 00:00:00+08:00,270.9594464302063,272.8509608904521,270.01368920008343,272.3780822753906,145024,0.0,0.0
2026-06-23 00:00:00+08:00,272.37810863874347,272.37810863874347,270.48659399541884,270.95947265625,105035,0.0,0.0
2026-06-24 00:00:00+08:00,270.486572265625,271.43232951130904,270.01369364278304,270.486572265625,55065,0.0,0.0
2026-06-25 00:00:00+08:00,271.9052036603292,273.32383950551355,271.43232504526776,272.3780822753906,98061,0.0,0.0
2026-06-26 00:00:00+08:00,272.3780822753906,272.3780822753906,269.540810585022,272.3780822753906,133140,0.0,0.0
2026-06-29 00:00:00+08:00,271.9052253604142,272.8509826660156,271.4323467076135,272.8509826660156,92050,0.0,0.0
2026-06-30 00:00:00+08:00,272.85097390145165,273.3238525390625,272.3780952638408,273.3238525390625,63043,0.0,0.0
2026-07-01 00:00:00+08:00,273.79671812057495,273.79671812057495,271.43232504526776,272.3780822753906,126012,0.0,0.0
2026-07-02 00:00:00+08:00,272.3780907699742,275.2153625488281,270.9594548805473,275.2153625488281,241426,0.0,0.0
2026-07-03 00:00:00+08:00,277.5,280.0,277.5,279.0,265665,15.784633,0.0
2026-07-06 00:00:00+08:00,280.0,280.5,277.0,279.5,160261,0.0,0.0
2026-07-07 00:00:00+08:00,278.5,278.5,274.0,276.0,270127,0.0,0.0
2026-07-08 00:00:00+08:00,274.5,274.5,272.5,273.5,134069,0.0,0.0
2026-07-09 00:00:00+08:00,273.5,275.0,273.5,274.0,24216,0.0,0.0
2026-07-10 00:00:00+08:00,274.0,274.0,274.0,274.0,0,0.0,0.0
2026-07-13 00:00:00+08:00,274.0,275.0,271.5,274.0,159024,0.0,0.0
2026-07-14 00:00:00+08:00,272.5,273.5,269.0,270.5,180315,0.0,0.0
2026-07-15 00:00:00+08:00,271.5,271.5,270.0,270.5,41010,0.0,0.0
2026-07-16 00:00:00+08:00,270.5,272.0,270.0,272.0,59139,0.0,0.0
2026-07-17 00:00:00+08:00,271.0,271.5,267.5,270.0,165176,0.0,0.0
2026-07-20 00:00:00+08:00,268.0,269.0,266.5,268.0,82027,0.0,0.0
2026-07-21 00:00:00+08:00,266.5,271.5,266.5,271.5,52109,0.0,0.0
2026-07-22 00:00:00+08:00,271.5,271.5,270.0,270.0,51005,0.0,0.0
2026-07-23 00:00:00+08:00,270.0,271.0,268.5,271.0,34057,0.0,0.0
2026-07-24 00:00:00+08:00,271.0,274.0,271.0,274.0,63057,0.0,0.0
2026-07-27 00:00:00+08:00,273.5,274.0,271.5,273.5,26013,0.0,0.0
2026-07-28 00:00:00+08:00,273.0,273.0,270.0,271.0,53025,0.0,0.0
2026-07-29 00:00:00+08:00,272.0,273.0,268.5,270.0,114181,0.0,0.0
2026-07-30 00:00:00+08:00,270.0,271.5,269.0,270.5,49035,0.0,0.0
2026-07-31 00:00:00+08:00,273.0,273.0,270.0,270.5,32185,0.0,0.0
2026-08-03 00:00:00+08:00,268.5,271.5,268.5,270.5,37009,0.0,0.0
2026-08-04 00:00:00+08:00,271.0,271.5,270.5,271.5,36006,0.0,0.0
2026-08-05 00:00:00+08:00,272.0,273.0,270.0,270.0,54100,0.0,0.0
2026-08-06 00:00:00+08:00,270.0,271.0,269.5,269.5,38017,0.0,0.0
2026-08-07 00:00:00+08:00,270.0,270.5,269.0,270.0,43013,0.0,0.0
