Date,Open,High,Low,Close,Volume,Dividends,Stock Splits
2000-04-04 00:00:00+09:00,93.31273286020009,93.31273286020009,93.00578308105469,93.00578308105469,6800,0.0,0.0
2000-04-05 00:00:00+09:00,88.95401725227403,90.79571533203125,85.94591038867055,90.79571533203125,39600,0.0,0.0
2000-04-06 00:00:00+09:00,85.94596051155253,87.17375994743185,85.94596051155253,86.55986022949219,14400,0.0,0.0
2000-04-07 00:00:00+09:00,86.55981461661203,87.17371401105608,85.94591522216797,85.94591522216797,72800,0.0,0.0
2000-04-10 00:00:00+09:00,85.94593075539568,85.94593075539568,84.71813174460432,85.33203125,18000,0.0,0.0
2000-04-11 00:00:00+09:00,84.10423223920864,85.94593075539568,83.49033273381295,85.33203125,50000,0.0,0.0
2000-04-12 00:00:00+09:00,81.64862060546875,85.33201702376057,80.48221173967634,81.64862060546875,23200,0.0,0.0
2000-04-13 00:00:00+09:00,81.64865193840201,81.64865193840201,79.86834298636167,80.42085266113281,16000,0.0,0.0
2000-04-14 00:00:00+09:00,81.64862060546875,81.64862060546875,81.03472120242012,81.64862060546875,10800,0.0,0.0
2000-04-17 00:00:00+09:00,81.64862993028429,81.64862993028429,73.66793677920387,77.35133361816406,29200,0.0,0.0
2000-04-18 00:00:00+09:00,82.26255199725811,82.26255199725811,78.02664446904109,79.80695343017578,14000,0.0,0.0
2000-04-19 00:00:00+09:00,80.42085107873987,82.87644958496094,77.9652525725188,82.87644958496094,13200,0.0,0.0
2000-04-20 00:00:00+09:00,82.26253509521484,82.87643461085078,82.26253509521484,82.26253509521484,8800,0.0,0.0
2000-04-21 00:00:00+09:00,81.03475271371694,81.03475271371694,77.96525450486403,79.80695343017578,27200,0.0,0.0
2000-04-24 00:00:00+09:00,78.57914733886719,79.80694651603699,78.57914733886719,78.57914733886719,10800,0.0,0.0
2000-04-25 00:00:00+09:00,79.80695343017578,79.80695343017578,79.80695343017578,79.80695343017578,92800,0.0,0.0
2000-04-26 00:00:00+09:00,79.80694615563681,79.80694615563681,79.19304656982422,79.19304656982422,32800,0.0,0.0
2000-04-27 00:00:00+09:00,79.1930537884052,79.80695343017578,79.1930537884052,79.80695343017578,12000,0.0,0.0
2000-04-28 00:00:00+09:00,79.80695343017578,79.80695343017578,79.1930537884052,79.80695343017578,18000,0.0,0.0
2000-05-01 00:00:00+09:00,79.80695343017578,79.80695343017578,79.80695343017578,79.80695343017578,30000,0.0,0.0
2000-05-02 00:00:00+09:00,79.80694615563681,79.80694615563681,79.19304656982422,79.19304656982422,20800,0.0,0.0
2000-05-03 00:00:00+09:00,79.19304656982422,79.19304656982422,79.19304656982422,79.19304656982422,0,0.0,0.0
2000-05-04 00:00:00+09:00,79.19304656982422,79.19304656982422,79.19304656982422,79.19304656982422,0,0.0,0.0
2000-05-05 00:00:00+09:00,79.19304656982422,79.19304656982422,79.19304656982422,79.19304656982422,0,0.0,0.0
2000-05-08 00:00:00+09:00,79.80692662498502,80.42082606056184,79.80692662498502,80.11387634277344,20400,0.0,0.0
2000-05-09 00:00:00+09:00,80.11387634277344,80.11387634277344,80.11387634277344,80.11387634277344,0,0.0,0.0
2000-05-10 00:00:00+09:00,82.81504465928718,85.63898243121247,82.26253509521484,82.26253509521484,14000,0.0,0.0
2000-05-11 00:00:00+09:00,82.26254320791944,82.26254320791944,81.34169384365168,81.40308380126953,7200,0.0,0.0
2000-05-12 00:00:00+09:00,81.46448044388383,82.87644958496094,81.46448044388383,82.87644958496094,6400,0.0,0.0
2000-05-15 00:00:00+09:00,82.9991945109487,85.63896179199219,82.9991945109487,85.63896179199219,3200,0.0,0.0
2000-05-16 00:00:00+09:00,86.86680603027344,86.86680603027344,85.94595649638362,86.86680603027344,10000,0.0,0.0
2000-05-17 00:00:00+09:00,88.4015191525829,90.24321746826172,88.34012920872695,90.24321746826172,22000,0.0,0.0
2000-05-18 00:00:00+09:00,89.07684034334197,89.07684034334197,85.9459520886828,87.78765106201172,19200,0.0,0.0
2000-05-19 00:00:00+09:00,87.9104232788086,87.97181323919882,87.9104232788086,87.9104232788086,18000,0.0,0.0
2000-05-22 00:00:00+09:00,87.78761340550014,87.78761340550014,79.8069212777274,85.94591522216797,8800,0.0,0.0
2000-05-23 00:00:00+09:00,87.66484832763672,87.66484832763672,87.66484832763672,87.66484832763672,800,0.0,0.0
2000-05-24 00:00:00+09:00,87.17371401105608,87.17371401105608,81.0347200666155,85.94591522216797,10000,0.0,0.0
2000-05-25 00:00:00+09:00,82.87644958496094,83.4903492115162,82.87644958496094,82.87644958496094,5200,0.0,0.0
2000-05-26 00:00:00+09:00,83.49031881461467,83.49031881461467,81.03472120242012,81.64862060546875,11600,0.0,0.0
2000-05-29 00:00:00+09:00,81.64862060546875,81.64862060546875,81.64862060546875,81.64862060546875,2000,0.0,0.0
2000-05-30 00:00:00+09:00,81.64862060546875,81.64862060546875,81.64862060546875,81.64862060546875,0,0.0,0.0
2000-05-31 00:00:00+09:00,87.17374420166016,87.17374420166016,87.17374420166016,87.17374420166016,10000,0.0,0.0
2000-06-01 00:00:00+09:00,85.88452911376953,85.88452911376953,85.88452911376953,85.88452911376953,2400,0.0,0.0
2000-06-02 00:00:00+09:00,84.65674320619499,85.88454223746685,81.7100255311425,82.26253509521484,6400,0.0,0.0
2000-06-05 00:00:00+09:00,81.64863557957892,83.49033412648672,81.64863557957892,82.26253509521484,34000,0.0,0.0
2000-06-06 00:00:00+09:00,82.87644076656986,85.20925909925849,82.262541205336,85.08647918701172,5200,0.0,0.0
2000-06-07 00:00:00+09:00,85.02507411569789,85.02507411569789,84.71812438964844,84.71812438964844,2800,0.0,0.0
2000-06-08 00:00:00+09:00,84.71811643327985,85.94591522216797,84.71811643327985,85.94591522216797,10400,0.0,0.0
2000-06-09 00:00:00+09:00,85.94593850611267,85.94593850611267,85.20925903320312,85.20925903320312,1200,0.0,0.0
2000-06-12 00:00:00+09:00,85.33203125,85.33203125,85.33203125,85.33203125,2000,0.0,0.0
2000-06-13 00:00:00+09:00,85.94591522216797,85.94591522216797,85.94591522216797,85.94591522216797,4800,0.0,0.0
2000-06-14 00:00:00+09:00,85.88454080485612,85.88454080485612,85.33203125,85.33203125,4400,0.0,0.0
2000-06-15 00:00:00+09:00,85.33202384174733,85.33202384174733,84.71812438964844,84.71812438964844,2000,0.0,0.0
2000-06-16 00:00:00+09:00,85.33203125,85.33203125,85.33203125,85.33203125,7200,0.0,0.0
2000-06-19 00:00:00+09:00,85.88454080485612,85.94593075539568,85.33203125,85.33203125,5600,0.0,0.0
2000-06-20 00:00:00+09:00,84.71814846462674,84.71814846462674,81.6486503318504,82.87644958496094,15200,0.0,0.0
2000-06-21 00:00:00+09:00,81.6486503318504,82.87644958496094,81.6486503318504,82.87644958496094,2400,0.0,0.0
2000-06-22 00:00:00+09:00,85.94591522216797,85.94591522216797,85.94591522216797,85.94591522216797,6400,0.0,0.0
2000-06-23 00:00:00+09:00,84.71812438964844,84.71812438964844,84.71812438964844,84.71812438964844,2000,0.0,0.0
2000-06-26 00:00:00+09:00,85.94591522216797,85.94591522216797,85.94591522216797,85.94591522216797,3200,0.0,0.0
2000-06-27 00:00:00+09:00,82.87644958496094,82.87644958496094,81.6486503318504,82.87644958496094,14400,0.0,0.0
2000-06-28 00:00:00+09:00,83.4903335571289,83.4903335571289,83.4903335571289,83.4903335571289,2400,0.0,0.0
2000-06-29 00:00:00+09:00,85.82315170063693,85.82315170063693,83.4903335571289,83.4903335571289,6000,0.0,0.0
2000-06-30 00:00:00+09:00,84.1042251586914,84.1042251586914,82.87642625126526,84.1042251586914,31200,0.0,0.0
2000-07-03 00:00:00+09:00,84.10422493754953,84.71812438964844,84.10422493754953,84.71812438964844,19200,0.0,0.0
2000-07-04 00:00:00+09:00,84.77951433485832,84.77951433485832,84.71812438964844,84.71812438964844,12800,0.0,0.0
2000-07-05 00:00:00+09:00,83.79727521150008,87.17372219804405,83.79727521150008,84.71812438964844,9200,0.0,0.0
2000-07-06 00:00:00+09:00,84.77950637272426,85.94591522216797,84.77950637272426,85.94591522216797,6400,0.0,0.0
2000-07-07 00:00:00+09:00,87.17375140423542,92.08494866644587,87.17375140423542,87.78765106201172,14000,0.0,0.0
2000-07-10 00:00:00+09:00,91.47105548806387,91.47105548806387,89.62935638427734,89.62935638427734,15600,0.0,0.0
2000-07-11 00:00:00+09:00,91.4710464477539,91.4710464477539,89.62934752598706,91.4710464477539,26000,0.0,0.0
2000-07-12 00:00:00+09:00,91.47105597134293,91.47105597134293,89.01545715332031,89.01545715332031,16400,0.0,0.0
2000-07-13 00:00:00+09:00,87.9104202021782,87.9104202021782,86.62123107910156,86.62123107910156,20400,0.0,0.0
2000-07-14 00:00:00+09:00,86.62123107910156,87.17374070327726,86.62123107910156,86.62123107910156,8000,0.0,0.0
2000-07-17 00:00:00+09:00,86.62123172505697,92.0849380493164,86.62123172505697,92.0849380493164,6000,0.0,0.0
2000-07-18 00:00:00+09:00,87.78763993200829,87.78763993200829,87.2351303100586,87.2351303100586,1600,0.0,0.0
2000-07-19 00:00:00+09:00,87.78763993200829,87.78763993200829,87.2351303100586,87.2351303100586,1600,0.0,0.0
2000-07-20 00:00:00+09:00,87.2351303100586,87.2351303100586,87.2351303100586,87.2351303100586,0,0.0,0.0
2000-07-21 00:00:00+09:00,86.55986022949219,86.55986022949219,85.94596051155253,86.55986022949219,16800,0.0,0.0
2000-07-24 00:00:00+09:00,85.94592329384623,85.94592329384623,84.10422493754953,84.71812438964844,91600,0.0,0.0
2000-07-25 00:00:00+09:00,79.8069530224982,84.10425049294042,79.8069530224982,80.42085266113281,24400,0.0,0.0
2000-07-26 00:00:00+09:00,81.03475229976742,81.64865193840201,80.42085266113281,80.42085266113281,7600,0.0,0.0
2000-07-27 00:00:00+09:00,81.15750122070312,81.34167104193014,81.15750122070312,81.15750122070312,6000,0.0,0.0
2000-07-28 00:00:00+09:00,79.80695343017578,79.80695343017578,79.80695343017578,79.80695343017578,16800,0.0,0.0
2000-07-31 00:00:00+09:00,79.80695343017578,79.80695343017578,79.1930537884052,79.80695343017578,35200,0.0,0.0
2000-08-01 00:00:00+09:00,79.74555619705555,79.74555619705555,78.57914698401163,79.19304656982422,12400,0.0,0.0
2000-08-02 00:00:00+09:00,79.68416623847429,79.68416623847429,79.19304656982422,79.19304656982422,11600,0.0,0.0
2000-08-03 00:00:00+09:00,79.19304692745209,79.19304692745209,77.35134816169739,78.57914733886719,10800,0.0,0.0
2000-08-04 00:00:00+09:00,77.35134851650929,77.96524810791016,77.35134851650929,77.96524810791016,8000,0.0,0.0
2000-08-07 00:00:00+09:00,77.9652443262796,77.9652443262796,77.35134476465537,77.90385437011719,7200,0.0,0.0
2000-08-08 00:00:00+09:00,77.90385437011719,78.57914388790385,77.90385437011719,77.90385437011719,8000,0.0,0.0
2000-08-09 00:00:00+09:00,77.96524810791016,77.96524810791016,77.96524810791016,77.96524810791016,7600,0.0,0.0
2000-08-10 00:00:00+09:00,78.02663428244203,78.08802423860446,77.71968450162991,77.90385437011719,40000,0.0,0.0
2000-08-11 00:00:00+09:00,78.02663770914077,78.88609713315964,78.02663770914077,78.57914733886719,26800,0.0,0.0
2000-08-14 00:00:00+09:00,78.57915900735294,78.57915900735294,78.27220916748047,78.27220916748047,6400,0.0,0.0
2000-08-15 00:00:00+09:00,80.80731028602237,80.80731028602237,79.85663604736328,79.85663604736328,18400,10.0,0.0
2000-08-16 00:00:00+09:00,81.12420169890873,81.12420169890873,79.85663604736328,79.85663604736328,10400,0.0,0.0
2000-08-17 00:00:00+09:00,79.5397320101338,79.79324510020595,78.58905792236328,78.58905792236328,16800,0.0,0.0
2000-08-18 00:00:00+09:00,78.65243619488132,78.65243619488132,77.32149247200259,78.58905792236328,7600,0.0,0.0
2000-08-21 00:00:00+09:00,78.71581446739935,79.85662337272399,78.58905792236328,78.58905792236328,17200,0.0,0.0
2000-08-22 00:00:00+09:00,77.8918969246649,78.58905792236328,77.8918969246649,78.58905792236328,8000,0.0,0.0
2000-08-23 00:00:00+09:00,78.58907919124681,78.58907919124681,77.6384048461914,77.6384048461914,7200,0.0,0.0
2000-08-24 00:00:00+09:00,77.3215133978396,77.6384048461914,77.3215133978396,77.6384048461914,13600,0.0,0.0
2000-08-25 00:00:00+09:00,77.7017804124068,77.89191527475364,77.32151068771313,77.82853698730469,16400,0.0,0.0
2000-08-28 00:00:00+09:00,82.89881428044016,82.89881428044016,77.63841551493823,77.95530700683594,14000,0.0,0.0
2000-08-29 00:00:00+09:00,78.01869067275304,79.22287842481016,78.01869067275304,79.15950012207031,4800,0.0,0.0
2000-08-30 00:00:00+09:00,79.2228620879504,79.2228620879504,77.6384048461914,77.6384048461914,14000,0.0,0.0
2000-08-31 00:00:00+09:00,79.22287456324842,79.22287456324842,77.32152557373047,77.32152557373047,11200,0.0,0.0
2000-09-01 00:00:00+09:00,77.32152557373047,77.32152557373047,77.32152557373047,77.32152557373047,0,0.0,0.0
2000-09-04 00:00:00+09:00,77.38490387338106,77.38490387338106,77.32152557373047,77.32152557373047,3200,0.0,0.0
2000-09-05 00:00:00+09:00,77.32155202229818,77.32155202229818,76.05398559570312,76.05398559570312,24400,0.0,0.0
2000-09-06 00:00:00+09:00,75.92719848632814,75.92719848632814,72.88504028320312,72.88504028320312,28000,0.0,0.0
2000-09-07 00:00:00+09:00,72.88505627751664,72.88505627751664,72.31465148925781,72.31465148925781,15600,0.0,0.0
2000-09-08 00:00:00+09:00,72.31465148925781,72.88505627751664,72.31465148925781,72.31465148925781,16800,0.0,0.0
2000-09-11 00:00:00+09:00,72.25124151056463,72.31461979259144,69.71611022949219,69.71611022949219,8800,0.0,0.0
2000-09-12 00:00:00+09:00,69.7795181274414,69.7795181274414,69.7795181274414,69.7795181274414,3600,0.0,0.0
2000-09-13 00:00:00+09:00,69.71611022949219,69.71611022949219,68.44854458895595,69.71611022949219,26000,0.0,0.0
2000-09-14 00:00:00+09:00,69.716120599543,69.716120599543,63.69518291140065,65.2796401977539,31200,0.0,0.0
2000-09-15 00:00:00+09:00,65.2796401977539,65.2796401977539,65.2796401977539,65.2796401977539,0,0.0,0.0
2000-09-18 00:00:00+09:00,65.2796384252683,65.2796384252683,62.11072393860479,62.7445068359375,86400,0.0,0.0
2000-09-19 00:00:00+09:00,63.378276219152276,66.54719003010989,63.378276219152276,65.85002899169922,41200,0.0,0.0
2000-09-20 00:00:00+09:00,65.85003502585671,69.71611022949219,64.77260423140092,69.71611022949219,34800,0.0,0.0
2000-09-21 00:00:00+09:00,65.91340378095519,67.24434751114755,65.91340378095519,67.18096923828125,14800,0.0,0.0
2000-09-22 00:00:00+09:00,66.61058898925782,66.86410217285157,64.01207885742188,66.54721069335938,47200,0.0,0.0
2000-09-25 00:00:00+09:00,63.695184371050665,64.64585876464844,63.695184371050665,64.64585876464844,16800,0.0,0.0
2000-09-26 00:00:00+09:00,63.37829290651807,64.64585876464844,63.37829290651807,64.64585876464844,16800,0.0,0.0
2000-09-27 00:00:00+09:00,63.378303527832024,63.50506013488769,63.378303527832024,63.37830352783203,11600,0.0,0.0
2000-09-28 00:00:00+09:00,62.744520492553704,63.69519504547119,62.744520492553704,63.37830352783203,29600,0.0,0.0
2000-09-29 00:00:00+09:00,63.3782897332702,63.69518118193655,62.7445068359375,62.7445068359375,31600,0.0,0.0
2000-10-02 00:00:00+09:00,63.061405181884766,63.12478347854997,63.061405181884766,63.061405181884766,16000,0.0,0.0
2000-10-03 00:00:00+09:00,63.06139828460385,63.18815486407039,62.7445068359375,62.7445068359375,36800,0.0,0.0
2000-10-04 00:00:00+09:00,62.7445068359375,63.3782897332702,62.7445068359375,62.7445068359375,43600,0.0,0.0
2000-10-05 00:00:00+09:00,64.64587962133643,64.8360145613992,64.26560974121094,64.26560974121094,24000,0.0,0.0
2000-10-06 00:00:00+09:00,64.01208656311034,64.32897808074951,63.378303527832024,63.37830352783203,30800,0.0,0.0
2000-10-09 00:00:00+09:00,63.378303527832024,63.378303527832024,63.378303527832024,63.37830352783203,0,0.0,0.0
2000-10-10 00:00:00+09:00,63.06140673100041,63.06140673100041,62.427623748779304,62.4276237487793,22800,0.0,0.0
2000-10-11 00:00:00+09:00,62.42759899257385,62.42759899257385,61.47692489624024,61.476924896240234,28000,0.0,0.0
2000-10-12 00:00:00+09:00,62.047374304160705,62.11075262316393,60.272781372070305,60.27278137207031,30000,0.0,0.0
2000-10-13 00:00:00+09:00,60.90653364729173,64.01206970214844,60.90653364729173,64.01206970214844,112000,0.0,0.0
2000-10-16 00:00:00+09:00,64.01206970214844,64.01206970214844,64.01206970214844,64.01206970214844,0,0.0,0.0
2000-10-17 00:00:00+09:00,65.27964169371361,65.27964169371361,64.64585876464844,64.64585876464844,27200,0.0,0.0
2000-10-18 00:00:00+09:00,63.378303527832024,63.378303527832024,63.378303527832024,63.37830352783203,2800,0.0,0.0
2000-10-19 00:00:00+09:00,62.11073752657637,62.11073752657637,61.4769544905909,61.54033279418945,5600,0.0,0.0
2000-10-20 00:00:00+09:00,61.79384533239871,62.74451987597407,61.79384533239871,62.11073684692383,18400,0.0,0.0
2000-10-23 00:00:00+09:00,62.11072449290425,63.37829029888188,62.11072449290425,62.174102783203125,17600,0.0,0.0
2000-10-24 00:00:00+09:00,62.42763575997178,64.58249831412309,62.42763575997178,63.94871520996094,4000,0.0,0.0
2000-10-25 00:00:00+09:00,64.01208656311034,64.01208656311034,63.378303527832024,63.37830352783203,6000,0.0,0.0
2000-10-26 00:00:00+09:00,64.58249149420323,64.58249149420323,61.79384613037109,61.793846130371094,2400,0.0,0.0
2000-10-27 00:00:00+09:00,61.79384613037109,61.79384613037109,61.79384613037109,61.793846130371094,0,0.0,0.0
2000-10-30 00:00:00+09:00,67.18096923828125,67.18096923828125,67.18096923828125,67.18096923828125,400,0.0,0.0
2000-10-31 00:00:00+09:00,66.54721870422362,66.54721870422362,63.378303527832024,63.37830352783203,4400,0.0,0.0
2000-11-01 00:00:00+09:00,64.0120732018707,64.0120732018707,62.174102783203125,62.174102783203125,24000,0.0,0.0
2000-11-02 00:00:00+09:00,65.91342163085938,65.91342163085938,65.91342163085938,65.91342163085938,400,0.0,0.0
2000-11-03 00:00:00+09:00,65.91342163085938,65.91342163085938,65.91342163085938,65.91342163085938,0,0.0,0.0
2000-11-06 00:00:00+09:00,65.27963543882464,65.27963543882464,64.01206970214844,64.01206970214844,7200,0.0,0.0
2000-11-07 00:00:00+09:00,66.54720117550085,66.54720117550085,64.01206970214844,64.01206970214844,12400,0.0,0.0
2000-11-08 00:00:00+09:00,64.6458572832126,65.2796401977539,64.6458572832126,65.2796401977539,2800,0.0,0.0
2000-11-09 00:00:00+09:00,64.01207583558325,64.64585876464844,64.01207583558325,64.64585876464844,800,0.0,0.0
2000-11-10 00:00:00+09:00,64.01208656311034,64.01208656311034,63.378303527832024,63.37830352783203,14400,0.0,0.0
2000-11-13 00:00:00+09:00,63.378303527832024,63.378303527832024,63.378303527832024,63.37830352783203,6400,0.0,0.0
2000-11-14 00:00:00+09:00,63.378303527832024,63.378303527832024,63.378303527832024,63.37830352783203,800,0.0,0.0
2000-11-15 00:00:00+09:00,63.378303527832024,63.378303527832024,63.378303527832024,63.37830352783203,1200,0.0,0.0
2000-11-16 00:00:00+09:00,63.378303527832024,63.378303527832024,63.378303527832024,63.37830352783203,1600,0.0,0.0
2000-11-17 00:00:00+09:00,63.37829290651807,64.64585876464844,63.37829290651807,64.64585876464844,4400,0.0,0.0
2000-11-20 00:00:00+09:00,64.58248138427734,64.58248138427734,64.58248138427734,64.58248138427734,800,0.0,0.0
2000-11-21 00:00:00+09:00,64.51911235731475,64.51911235731475,62.11073684692383,62.11073684692383,32800,0.0,0.0
2000-11-22 00:00:00+09:00,62.110737457275384,63.378303527832024,62.110737457275384,63.37830352783203,2000,0.0,0.0
2000-11-23 00:00:00+09:00,63.378303527832024,63.378303527832024,63.378303527832024,63.37830352783203,0,0.0,0.0
2000-11-24 00:00:00+09:00,63.378303527832024,63.378303527832024,61.79384593963623,63.37830352783203,12800,0.0,0.0
2000-11-27 00:00:00+09:00,61.79384613037109,61.79384613037109,61.79384613037109,61.793846130371094,2400,0.0,0.0
2000-11-28 00:00:00+09:00,62.42762703217103,63.25154495239258,62.42762703217103,63.25154495239258,12800,0.0,0.0
2000-11-29 00:00:00+09:00,63.31492541973407,63.31492541973407,61.79384613037109,61.793846130371094,16000,0.0,0.0
2000-11-30 00:00:00+09:00,63.695195116540056,63.695195116540056,61.540332794189446,61.54033279418945,10400,0.0,0.0
2000-12-01 00:00:00+09:00,61.540314228271995,61.793827366184544,60.843153099012476,60.96990966796875,37600,0.0,0.0
2000-12-04 00:00:00+09:00,62.427615387271146,62.7445068359375,61.160049592605745,62.7445068359375,18800,0.0,0.0
2000-12-05 00:00:00+09:00,62.74451987597407,62.74451987597407,62.11073684692383,62.11073684692383,3600,0.0,0.0
2000-12-06 00:00:00+09:00,62.74451987597407,63.37830290502432,62.11073684692383,62.11073684692383,6400,0.0,0.0
2000-12-07 00:00:00+09:00,62.174102783203125,62.23748107350201,62.174102783203125,62.174102783203125,3200,0.0,0.0
2000-12-08 00:00:00+09:00,62.74450739589306,62.74450739589306,62.174102783203125,62.174102783203125,7600,0.0,0.0
2000-12-11 00:00:00+09:00,62.7445068359375,62.7445068359375,62.7445068359375,62.7445068359375,400,0.0,0.0
2000-12-12 00:00:00+09:00,62.74452197866073,62.74452197866073,62.427630453515974,62.49100875854492,8800,0.0,0.0
2000-12-13 00:00:00+09:00,62.49099367700442,62.7445068359375,62.49099367700442,62.7445068359375,4800,0.0,0.0
2000-12-14 00:00:00+09:00,63.06141201019287,63.378303527832024,63.06141201019287,63.37830352783203,4800,0.0,0.0
2000-12-15 00:00:00+09:00,63.378303527832024,63.378303527832024,63.378303527832024,63.37830352783203,4000,0.0,0.0
2000-12-18 00:00:00+09:00,63.06139828460385,63.06139828460385,62.7445068359375,62.7445068359375,9600,0.0,0.0
2000-12-19 00:00:00+09:00,62.744520492553704,63.378303527832024,62.744520492553704,63.37830352783203,11600,0.0,0.0
2000-12-20 00:00:00+09:00,62.8078686311073,62.8078686311073,61.47692489624024,61.476924896240234,18000,0.0,0.0
2000-12-21 00:00:00+09:00,62.11075329524214,62.11075329524214,58.94183731079101,58.941837310791016,35200,0.0,0.0
2000-12-22 00:00:00+09:00,59.575583046361025,60.20936584472656,57.040451852898855,60.20936584472656,40000,0.0,0.0
2000-12-25 00:00:00+09:00,61.350180285530215,62.74450256474681,60.20937114798936,60.906532287597656,25200,0.0,0.0
2000-12-26 00:00:00+09:00,63.37828541893617,63.37828541893617,60.906532287597656,60.906532287597656,11600,0.0,0.0
2000-12-27 00:00:00+09:00,61.540316057205196,62.11072063446045,60.84315490722656,60.84315490722656,19600,0.0,0.0
2000-12-28 00:00:00+09:00,60.272781372070305,60.84318624309936,60.272781372070305,60.27278137207031,4000,0.0,0.0
2000-12-29 00:00:00+09:00,63.124790313720695,63.378303527832024,63.124790313720695,63.37830352783203,41200,0.0,0.0
2001-01-01 00:00:00+09:00,63.378303527832024,63.378303527832024,63.378303527832024,63.37830352783203,0,0.0,0.0
2001-01-02 00:00:00+09:00,63.378303527832024,63.378303527832024,63.378303527832024,63.37830352783203,0,0.0,0.0
2001-01-03 00:00:00+09:00,63.378303527832024,63.378303527832024,63.378303527832024,63.37830352783203,0,0.0,0.0
2001-01-04 00:00:00+09:00,63.378303527832024,63.378303527832024,63.31492522430419,63.37830352783203,20800,0.0,0.0
2001-01-05 00:00:00+09:00,63.25154629921427,63.25154629921427,61.476953817873586,62.11073684692383,4400,0.0,0.0
2001-01-08 00:00:00+09:00,62.11073684692383,62.11073684692383,62.11073684692383,62.11073684692383,0,0.0,0.0
2001-01-09 00:00:00+09:00,62.11073684692383,62.11073684692383,62.11073684692383,62.11073684692383,800,0.0,0.0
2001-01-10 00:00:00+09:00,62.11070828610752,63.061382392527534,61.16003417968751,61.1600341796875,20800,0.0,0.0
2001-01-11 00:00:00+09:00,61.09666176243832,61.16004004227488,60.20936584472656,60.20936584472656,14400,0.0,0.0
2001-01-12 00:00:00+09:00,60.209403704571464,60.209403704571464,58.68832403203492,58.941837310791016,27600,0.0,0.0
2001-01-15 00:00:00+09:00,60.20940305306708,60.272781372070305,59.06859331100897,60.27278137207031,23600,0.0,0.0
2001-01-16 00:00:00+09:00,59.89249801635742,59.89249801635742,59.89249801635742,59.89249801635742,9600,0.0,0.0
2001-01-17 00:00:00+09:00,60.27276606267812,62.617763270164026,60.27276606267812,62.11073684692383,6800,0.0,0.0
2001-01-18 00:00:00+09:00,62.11073684692383,62.11073684692383,62.11073684692383,62.11073684692383,22000,0.0,0.0
2001-01-19 00:00:00+09:00,62.11073684692383,62.617763270164026,62.11073684692383,62.11073684692383,35600,0.0,0.0
2001-01-22 00:00:00+09:00,62.237498309580744,62.74452477238792,62.237498309580744,62.30087661743164,30400,0.0,0.0
2001-01-23 00:00:00+09:00,62.74452197866073,62.74452197866073,62.364252148487026,62.49100875854492,4000,0.0,0.0
2001-01-24 00:00:00+09:00,62.7445068359375,62.7445068359375,62.7445068359375,62.7445068359375,11600,0.0,0.0
2001-01-25 00:00:00+09:00,63.2515400718804,63.37829666521082,63.061405181884766,63.061405181884766,15200,0.0,0.0
2001-01-26 00:00:00+09:00,62.7445068359375,62.7445068359375,62.11072393860479,62.7445068359375,9200,0.0,0.0
2001-01-29 00:00:00+09:00,62.74451853994855,63.25154495239258,62.74451853994855,63.25154495239258,13200,0.0,0.0
2001-01-30 00:00:00+09:00,63.06141201019287,63.378303527832024,63.06141201019287,63.37830352783203,14800,0.0,0.0
2001-01-31 00:00:00+09:00,63.37828202681108,69.71611022949219,62.934634052623394,69.71611022949219,57200,0.0,0.0
2001-02-01 00:00:00+09:00,69.71611022949219,69.71611022949219,68.44854458895595,69.71611022949219,48800,0.0,0.0
2001-02-02 00:00:00+09:00,69.65273194746537,69.71611022949219,68.44854458895595,69.71611022949219,24400,0.0,0.0
2001-02-05 00:00:00+09:00,69.71612548828125,72.88504028320312,69.71612548828125,72.88504028320312,163200,0.0,0.0
2001-02-06 00:00:00+09:00,72.88501351566637,76.68770987300549,72.25123078944318,74.78636169433594,161200,0.0,0.0
2001-02-07 00:00:00+09:00,74.84973996695825,77.32149259922868,73.51879624188956,74.78636169433594,130000,0.0,0.0
2001-02-08 00:00:00+09:00,74.78637219857478,87.46202850341797,74.78637219857478,87.46202850341797,302800,0.0,0.0
2001-02-09 00:00:00+09:00,86.19447326660156,87.46203904993394,84.29312459160299,86.19447326660156,155200,0.0,0.0
2001-02-12 00:00:00+09:00,86.19447326660156,86.19447326660156,86.19447326660156,86.19447326660156,0,0.0,0.0
2001-02-13 00:00:00+09:00,86.19448713822798,86.19448713822798,83.65935516357422,83.65935516357422,87200,0.0,0.0
2001-02-14 00:00:00+09:00,81.12419965930451,84.2931137084961,78.58906841995125,84.2931137084961,82400,0.0,0.0
2001-02-15 00:00:00+09:00,86.84153332636907,86.90687684279222,83.63970102163462,84.94657135009766,46400,10.0,0.0
2001-02-16 00:00:00+09:00,84.2277633178711,84.29310681152344,81.02593212890625,81.67936706542969,24400,0.0,0.0
2001-02-19 00:00:00+09:00,81.67940620484391,81.67940620484391,75.79848895809515,80.3725357055664,19600,0.0,0.0
2001-02-20 00:00:00+09:00,80.37251527492816,81.54869842529297,80.37251527492816,81.54869842529297,63600,0.0,0.0
2001-02-21 00:00:00+09:00,81.02595633514657,81.02595633514657,78.21618526868585,79.0656509399414,4800,0.0,0.0
2001-02-22 00:00:00+09:00,79.00032861755727,79.00032861755727,76.12521326671153,78.34689331054688,9600,0.0,0.0
2001-02-23 00:00:00+09:00,75.79848345588235,77.7587890625,75.79848345588235,77.7587890625,34400,0.0,0.0
2001-02-26 00:00:00+09:00,77.7587890625,77.7587890625,75.86382697610294,77.7587890625,15600,0.0,0.0
2001-02-27 00:00:00+09:00,77.43206691986266,77.75878450180302,76.45191417404162,76.51725769042969,2800,0.0,0.0
2001-02-28 00:00:00+09:00,75.4717516776843,76.451904296875,74.81831659822383,76.451904296875,28400,0.0,0.0
2001-03-01 00:00:00+09:00,75.7984644594035,76.12518197862506,71.94319773258901,75.21037292480469,30000,0.0,0.0
2001-03-02 00:00:00+09:00,75.14503849829563,75.14503849829563,71.61648886446262,72.59664154052734,26000,0.0,0.0
2001-03-05 00:00:00+09:00,72.53130602155413,72.53130602155413,68.6106948852539,68.6106948852539,22000,0.0,0.0
2001-03-06 00:00:00+09:00,68.6106799199031,68.6106799199031,67.36915333087629,67.95724487304688,20400,0.0,0.0
2001-03-07 00:00:00+09:00,69.26411626986032,71.87785650645883,67.95724615156108,71.7471694946289,128000,0.0,0.0
2001-03-08 00:00:00+09:00,70.57099151611328,71.22442662274396,70.57099151611328,70.57099151611328,30400,0.0,0.0
2001-03-09 00:00:00+09:00,70.57099151611328,70.89770906942863,69.26412130285193,70.57099151611328,35200,0.0,0.0
2001-03-12 00:00:00+09:00,68.61068021903917,68.61068021903917,67.3038101196289,67.3038101196289,42000,0.0,0.0
2001-03-13 00:00:00+09:00,67.3038101196289,67.3038101196289,65.67022249536606,67.3038101196289,16800,0.0,0.0
2001-03-14 00:00:00+09:00,67.3038101196289,67.3038101196289,67.3038101196289,67.3038101196289,0,0.0,0.0
2001-03-15 00:00:00+09:00,65.99694494506222,65.99694494506222,64.6900747481303,65.01679229736328,47600,0.0,0.0
2001-03-16 00:00:00+09:00,64.10197837607375,71.22442041785972,64.10197837607375,67.3038101196289,73200,0.0,0.0
2001-03-19 00:00:00+09:00,66.65036796343209,67.30380294346574,65.3434980033648,65.99693298339844,24800,0.0,0.0
2001-03-20 00:00:00+09:00,65.99693298339844,65.99693298339844,65.99693298339844,65.99693298339844,0,0.0,0.0
2001-03-21 00:00:00+09:00,65.34351348876953,65.73557456970215,65.01679592132568,65.34351348876953,81200,0.0,0.0
2001-03-22 00:00:00+09:00,65.34350984659626,65.34350984659626,65.01679229736328,65.01679229736328,88000,0.0,0.0
2001-03-23 00:00:00+09:00,65.01679229736328,67.95725024046011,64.6900747481303,65.01679229736328,104000,0.0,0.0
2001-03-26 00:00:00+09:00,66.65038605193634,68.54534800831493,65.40885925292969,65.40885925292969,52400,0.0,0.0
2001-03-27 00:00:00+09:00,65.67021774608939,67.95724025465968,65.34350024486507,66.0622787475586,133600,0.0,0.0
2001-03-28 00:00:00+09:00,67.82655786367563,67.95724487304688,66.5196877699632,67.95724487304688,85200,0.0,0.0
2001-03-29 00:00:00+09:00,68.67602471662566,72.53129156560846,68.02258965747603,71.7471694946289,109600,0.0,0.0
2001-03-30 00:00:00+09:00,73.05405382738046,77.10535198238723,71.8778704920559,73.70748901367188,92400,0.0,0.0
2001-04-02 00:00:00+09:00,73.70748225911458,73.70748225911458,69.91755852593316,73.5114517211914,26800,0.0,0.0
2001-04-03 00:00:00+09:00,71.15908311208089,71.22442662274396,69.00274726019965,70.57099151611328,32400,0.0,0.0
2001-04-04 00:00:00+09:00,70.2442855834961,70.2442855834961,68.61069754667061,70.2442855834961,17200,0.0,0.0
2001-04-05 00:00:00+09:00,69.91756234850202,73.18473815917969,69.91756234850202,73.18473815917969,44800,0.0,0.0
2001-04-06 00:00:00+09:00,65.343528895024,66.7157430018195,62.729787739223035,64.2326889038086,309600,0.0,0.0
2001-04-09 00:00:00+09:00,65.53953936320978,69.26411936690167,65.01679129251619,66.97709655761719,72400,0.0,0.0
2001-04-10 00:00:00+09:00,67.95723792349939,67.95723792349939,65.99693298339844,65.99693298339844,9600,0.0,0.0
2001-04-11 00:00:00+09:00,65.99694494506222,66.25831898444861,65.01679229736328,65.01679229736328,57200,0.0,0.0
2001-04-12 00:00:00+09:00,65.4088570022583,65.99694862365723,65.01679592132568,65.34351348876953,26000,0.0,0.0
2001-04-13 00:00:00+09:00,65.4088368219102,66.5196762084961,65.4088368219102,66.5196762084961,9600,0.0,0.0
2001-04-16 00:00:00+09:00,67.8265618365744,68.61068393873133,67.30381376846978,67.63053131103516,89600,0.0,0.0
2001-04-17 00:00:00+09:00,69.19878655569893,69.19878655569893,67.30382450648716,68.6106948852539,41600,0.0,0.0
2001-04-18 00:00:00+09:00,68.61068052404067,68.61068052404067,66.65037536621094,66.65037536621094,15600,0.0,0.0
2001-04-19 00:00:00+09:00,66.97709812613542,68.28396833347465,65.47419738769531,65.47419738769531,42400,0.0,0.0
2001-04-20 00:00:00+09:00,65.47420051574707,65.53954402923584,65.08213943481445,65.34351348876953,106800,0.0,0.0
2001-04-23 00:00:00+09:00,65.34351348876953,66.32366619110107,65.34351348876953,65.34351348876953,42800,0.0,0.0
2001-04-24 00:00:00+09:00,65.99693298339844,65.99693298339844,65.3434980033648,65.99693298339844,15200,0.0,0.0
2001-04-25 00:00:00+09:00,65.9315863974952,66.97708231658332,65.34349494300812,66.12761688232422,23200,0.0,0.0
2001-04-26 00:00:00+09:00,65.9315863974952,66.97708231658332,65.34349494300812,66.12761688232422,23200,0.0,0.0
2001-04-27 00:00:00+09:00,66.97710281954924,67.17313336438694,66.65038524481973,66.71572875976562,22400,0.0,0.0
2001-04-30 00:00:00+09:00,66.71572875976562,66.71572875976562,66.71572875976562,66.71572875976562,0,0.0,0.0
2001-05-01 00:00:00+09:00,66.97710471794194,69.91756297385159,66.97710471794194,68.54534912109375,69600,0.0,0.0
2001-05-02 00:00:00+09:00,68.48000198305795,68.48000198305795,67.95725387631704,68.2186279296875,26800,0.0,0.0
2001-05-03 00:00:00+09:00,68.2186279296875,68.2186279296875,68.2186279296875,68.2186279296875,0,0.0,0.0
2001-05-04 00:00:00+09:00,68.2186279296875,68.2186279296875,68.2186279296875,68.2186279296875,0,0.0,0.0
2001-05-07 00:00:00+09:00,68.61069803019517,68.61069803019517,68.21863689859406,68.48001098632812,800,0.0,0.0
2001-05-08 00:00:00+09:00,68.54535136631557,69.06809951782226,68.54535136631557,68.6106948852539,300,0.0,0.0
2001-05-09 00:00:00+09:00,68.21861889178936,68.21861889178936,67.04243580744817,67.95724487304688,800,0.0,0.0
2001-05-10 00:00:00+09:00,68.48000384145439,68.93740844726562,67.95725572052726,68.93740844726562,240,0.0,0.0
2001-05-11 00:00:00+09:00,68.87206268310547,68.93740619608754,68.34931457924888,68.87206268310547,84,0.0,0.0
2001-05-14 00:00:00+09:00,68.87205423892122,68.87205423892122,66.97709259477634,67.3038101196289,256,0.0,0.0
2001-05-15 00:00:00+09:00,67.69587114945199,68.61068021903917,67.10777960471736,67.3038101196289,19200,0.0,0.0
2001-05-16 00:00:00+09:00,68.6106799199031,68.6106799199031,67.95724487304688,67.95724487304688,12000,0.0,0.0
2001-05-17 00:00:00+09:00,68.61068587002289,68.61068587002289,68.02259427685127,68.34931182861328,18800,0.0,0.0
2001-05-18 00:00:00+09:00,68.34931681122261,68.93740844726562,68.34931681122261,68.93740844726562,44400,0.0,0.0
2001-05-21 00:00:00+09:00,68.93741247994559,68.93741247994559,67.43451154436383,68.6106948852539,35200,0.0,0.0
2001-05-22 00:00:00+09:00,68.93739744333121,68.93739744333121,67.95724487304688,67.95724487304688,14800,0.0,0.0
2001-05-23 00:00:00+09:00,67.69587395875669,67.9572479894855,67.69587395875669,67.8265609741211,4800,0.0,0.0
2001-05-24 00:00:00+09:00,67.95724487304688,67.95724487304688,67.69587085430439,67.95724487304688,21600,0.0,0.0
2001-05-25 00:00:00+09:00,67.95724487304688,67.95724487304688,67.69587085430439,67.95724487304688,8000,0.0,0.0
2001-05-28 00:00:00+09:00,67.95724288599368,67.95724288599368,67.10777734991876,67.23846435546875,29200,0.0,0.0
2001-05-29 00:00:00+09:00,67.17311825172129,67.17311825172129,65.99693524731373,66.0622787475586,33600,0.0,0.0
2001-05-30 00:00:00+09:00,66.32367706298828,66.97711230498817,66.32367706298828,66.32367706298828,14400,0.0,0.0
2001-05-31 00:00:00+09:00,67.95723792349939,67.95723792349939,65.3434980033648,65.99693298339844,44400,0.0,0.0
2001-06-01 00:00:00+09:00,67.9572479894855,67.9572479894855,66.65037783584154,67.8265609741211,3600,0.0,0.0
2001-06-04 00:00:00+09:00,67.76124066660604,67.76124066660604,65.34353005458635,65.60490417480469,8000,0.0,0.0
2001-06-05 00:00:00+09:00,65.99695089456442,65.99695089456442,65.34351573719249,65.40885925292969,12000,0.0,0.0
2001-06-06 00:00:00+09:00,65.34351348876953,65.4088570022583,65.34351348876953,65.34351348876953,17600,0.0,0.0
2001-06-07 00:00:00+09:00,65.34351360129747,66.71572738692473,65.0821395468923,66.45435333251953,26400,0.0,0.0
2001-06-08 00:00:00+09:00,65.53954089806227,65.73557142916316,65.47419738769531,65.47419738769531,3600,0.0,0.0
2001-06-11 00:00:00+09:00,65.40884150136816,65.99693298339844,65.40884150136816,65.99693298339844,11200,0.0,0.0
2001-06-12 00:00:00+09:00,65.67023331587845,65.67023331587845,65.40885925292969,65.40885925292969,17600,0.0,0.0
2001-06-13 00:00:00+09:00,65.4088730445275,66.25833892822266,65.4088730445275,66.25833892822266,12800,0.0,0.0
2001-06-14 00:00:00+09:00,66.19297360075123,67.17312622070312,65.40885150478971,67.17312622070312,24000,0.0,0.0
2001-06-15 00:00:00+09:00,65.99694862365723,65.99694862365723,65.34351348876953,65.34351348876953,36400,0.0,0.0
2001-06-18 00:00:00+09:00,66.1929768819112,66.1929768819112,65.27816772460938,65.27816772460938,21200,0.0,0.0
2001-06-19 00:00:00+09:00,65.01680441103584,65.14749145507812,64.03665158071871,65.14749145507812,34800,0.0,0.0
2001-06-20 00:00:00+09:00,65.01679669594279,65.01679669594279,64.0366439819336,64.0366439819336,10400,0.0,0.0
2001-06-21 00:00:00+09:00,64.10199869998216,64.36337280273438,64.03665517429411,64.36337280273438,10000,0.0,0.0
2001-06-22 00:00:00+09:00,64.36337280273438,64.36337280273438,64.03665517429411,64.36337280273438,35200,0.0,0.0
2001-06-25 00:00:00+09:00,64.10199724018868,66.32367706298828,64.10199724018868,66.32367706298828,17600,0.0,0.0
2001-06-26 00:00:00+09:00,66.32367706298828,66.32367706298828,66.32367706298828,66.32367706298828,0,0.0,0.0
2001-06-27 00:00:00+09:00,66.32367706298828,66.32367706298828,66.32367706298828,66.32367706298828,0,0.0,0.0
2001-06-28 00:00:00+09:00,64.69007110595703,64.69007110595703,64.36335357511886,64.69007110595703,16400,0.0,0.0
2001-06-29 00:00:00+09:00,66.5850327848184,66.5850327848184,64.69007110595703,64.69007110595703,7600,0.0,0.0
2001-07-02 00:00:00+09:00,64.75543395686272,64.75543395686272,64.36337280273438,64.36337280273438,4400,0.0,0.0
2001-07-03 00:00:00+09:00,64.69007912460638,64.69007912460638,64.0366439819336,64.0366439819336,31600,0.0,0.0
2001-07-04 00:00:00+09:00,64.69007912460638,64.69007912460638,64.0366439819336,64.0366439819336,7200,0.0,0.0
2001-07-05 00:00:00+09:00,64.1019812086268,64.1019812086268,62.86045455932618,62.86045455932617,22400,0.0,0.0
2001-07-06 00:00:00+09:00,63.056484381357826,63.31785840988159,62.729766845703125,62.729766845703125,59200,0.0,0.0
2001-07-09 00:00:00+09:00,62.076353238633835,63.25253677368164,62.076353238633835,63.25253677368164,33600,0.0,0.0
2001-07-10 00:00:00+09:00,63.056488579197925,63.056488579197925,62.076335906982415,62.07633590698242,39200,0.0,0.0
2001-07-11 00:00:00+09:00,62.07633627221939,62.07633627221939,61.42290115356445,61.42290115356445,25600,0.0,0.0
2001-07-12 00:00:00+09:00,60.76946603490951,61.42290115356445,60.76946603490951,61.42290115356445,12800,0.0,0.0
2001-07-13 00:00:00+09:00,61.749620094137676,61.749620094137676,61.68427658081055,61.68427658081055,10000,0.0,0.0
2001-07-16 00:00:00+09:00,61.29219202580219,61.5535659790039,61.29219202580219,61.553565979003906,4800,0.0,0.0
2001-07-17 00:00:00+09:00,61.42289994482579,61.42289994482579,60.83480834960937,60.834808349609375,10000,0.0,0.0
2001-07-18 00:00:00+09:00,60.834816197339705,60.834816197339705,60.44275508328596,60.50809860229492,16400,0.0,0.0
2001-07-19 00:00:00+09:00,60.11602783203126,60.18137134054433,59.9853408150051,60.11602783203125,18800,0.0,0.0
2001-07-20 00:00:00+09:00,60.11602783203126,60.11602783203126,60.11602783203126,60.11602783203125,0,0.0,0.0
2001-07-23 00:00:00+09:00,60.18138122558594,60.18138122558594,60.11603770633992,60.18138122558594,29200,0.0,0.0
2001-07-24 00:00:00+09:00,60.11604745047433,60.11604745047433,59.46261215209962,59.46261215209961,14000,0.0,0.0
2001-07-25 00:00:00+09:00,60.1160192489624,60.63876724243164,60.1160192489624,60.63876724243164,6800,0.0,0.0
2001-07-26 00:00:00+09:00,60.7694969177246,60.7694969177246,60.7694969177246,60.76949691772461,7200,0.0,0.0
2001-07-27 00:00:00+09:00,61.42293236845283,61.42293236845283,60.7694969177246,60.76949691772461,4800,0.0,0.0
2001-07-30 00:00:00+09:00,60.769432854493814,60.769432854493814,58.809128568864985,58.939815521240234,42400,0.0,0.0
2001-07-31 00:00:00+09:00,59.593276570638025,59.593276570638025,58.80915451049805,58.80915451049805,31200,0.0,0.0
2001-08-01 00:00:00+09:00,59.462589560614695,59.462589560614695,58.743811005486386,58.80915451049805,17600,0.0,0.0
2001-08-02 00:00:00+09:00,58.80918027554635,59.005210876464844,58.80918027554635,59.005210876464844,5600,0.0,0.0
2001-08-03 00:00:00+09:00,59.07050247361549,59.91996766405465,58.939815521240234,58.939815521240234,3200,0.0,0.0
2001-08-06 00:00:00+09:00,60.11604745047433,60.11604745047433,58.93986391339984,59.46261215209961,5600,0.0,0.0
2001-08-07 00:00:00+09:00,59.46259708299162,59.46259708299162,59.135879516601555,59.13587951660156,3600,0.0,0.0
2001-08-08 00:00:00+09:00,59.13587813636704,59.13587813636704,58.80916057760258,58.87450408935547,33200,0.0,0.0
2001-08-09 00:00:00+09:00,58.80916732141949,60.18138122558594,58.80916732141949,60.18138122558594,10400,0.0,0.0
2001-08-10 00:00:00+09:00,59.527939309465125,61.42290115356445,59.527939309465125,61.42290115356445,23600,0.0,0.0
2001-08-13 00:00:00+09:00,61.48824430365311,62.72977102179276,61.48824430365311,62.07633590698242,18000,0.0,0.0
2001-08-14 00:00:00+09:00,62.07631388540733,62.07631388540733,61.5535659790039,61.553565979003906,10800,0.0,0.0
2001-08-15 00:00:00+09:00,64.1467551090512,64.21499633789062,64.1467551090512,64.21499633789062,2800,10.0,0.0
2001-08-16 00:00:00+09:00,64.21499633789062,64.21499633789062,64.1467551090512,64.21499633789062,4800,0.0,0.0
2001-08-17 00:00:00+09:00,66.46694414640729,66.46694414640729,64.82915496826172,64.82915496826172,5600,0.0,0.0
2001-08-20 00:00:00+09:00,64.82915496826172,64.82915496826172,64.82915496826172,64.82915496826172,2400,0.0,0.0
2001-08-21 00:00:00+09:00,61.485343511591964,61.75830841064454,61.485343511591964,61.75830841064453,800,0.0,0.0
2001-08-22 00:00:00+09:00,62.09952926635742,62.09952926635742,62.09952926635742,62.09952926635742,1600,0.0,0.0
2001-08-23 00:00:00+09:00,62.09951826015581,63.4643428373021,61.826553344726555,61.82655334472656,32400,0.0,0.0
2001-08-24 00:00:00+09:00,61.826553344726555,62.09951826015581,61.826553344726555,61.82655334472656,8000,0.0,0.0
2001-08-27 00:00:00+09:00,61.89479457358387,62.09951826015581,61.826553344726555,61.82655334472656,8800,0.0,0.0
2001-08-28 00:00:00+09:00,61.826553344726555,61.826553344726555,61.826553344726555,61.82655334472656,5200,0.0,0.0
2001-08-29 00:00:00+09:00,61.75830126868354,61.75830126868354,61.41709518432617,61.41709518432617,4800,0.0,0.0
2001-08-30 00:00:00+09:00,61.48533640119765,61.48533640119765,61.41709518432617,61.41709518432617,1600,0.0,0.0
2001-08-31 00:00:00+09:00,61.48533640119765,62.099507353040906,61.41709518432617,61.41709518432617,8000,0.0,0.0
2001-09-03 00:00:00+09:00,61.41708073991069,61.41708073991069,60.73466873168945,60.73466873168945,5600,0.0,0.0
2001-09-04 00:00:00+09:00,60.0522786316556,60.0522786316556,58.75569534301758,58.75569534301758,6000,0.0,0.0
2001-09-05 00:00:00+09:00,58.75570690687312,58.75570690687312,58.00505327623944,58.68746566772461,20400,0.0,0.0
2001-09-06 00:00:00+09:00,58.619194798189056,58.687436002843526,58.005023956298835,58.00502395629883,20000,0.0,0.0
2001-09-07 00:00:00+09:00,58.14153343547474,60.05228805541992,58.00505096262152,60.05228805541992,20800,0.0,0.0
2001-09-10 00:00:00+09:00,58.00503911198796,58.073280334472656,58.00503911198796,58.073280334472656,15200,0.0,0.0
2001-09-11 00:00:00+09:00,58.005023956298835,58.005023956298835,58.005023956298835,58.00502395629883,9600,0.0,0.0
2001-09-12 00:00:00+09:00,58.005052175581085,58.005052175581085,54.93419647216797,54.93419647216797,56400,0.0,0.0
2001-09-13 00:00:00+09:00,54.661216835975644,54.661216835975644,53.56935732364654,54.59297561645508,17600,0.0,0.0
2001-09-14 00:00:00+09:00,54.661216835975644,54.661216835975644,54.25176951885223,54.59297561645508,7200,0.0,0.0
2001-09-17 00:00:00+09:00,53.2281656007509,53.2281656007509,50.49851608276367,50.49851608276367,20800,0.0,0.0
2001-09-18 00:00:00+09:00,51.180914640426636,54.59297561645508,51.180914640426636,54.59297561645508,3200,0.0,0.0
2001-09-19 00:00:00+09:00,54.524734396934505,54.59297561645508,54.524734396934505,54.59297561645508,10400,0.0,0.0
2001-09-20 00:00:00+09:00,54.593004360320464,54.593004360320464,53.56938552856445,53.56938552856445,8800,0.0,0.0
2001-09-21 00:00:00+09:00,52.2727733463436,53.56935649723202,52.2727733463436,52.545738220214844,8800,0.0,0.0
2001-09-24 00:00:00+09:00,52.54573822021485,52.54573822021485,52.54573822021485,52.545738220214844,0,0.0,0.0
2001-09-25 00:00:00+09:00,52.54573554323431,54.45648956298828,52.54573554323431,54.45648956298828,9200,0.0,0.0
2001-09-26 00:00:00+09:00,52.54573822021485,52.61397943868266,52.54573822021485,52.545738220214844,8400,0.0,0.0
2001-09-27 00:00:00+09:00,52.5457475169605,52.5457475169605,51.5221290588379,51.52212905883789,5200,0.0,0.0
2001-09-28 00:00:00+09:00,51.5221290588379,51.5221290588379,51.5221290588379,51.52212905883789,0,0.0,0.0
2001-10-01 00:00:00+09:00,52.40927382912918,53.0916862487793,51.99982637733911,53.0916862487793,2400,0.0,0.0
2001-10-02 00:00:00+09:00,53.842341103611226,56.64023208618164,53.842341103611226,56.64023208618164,14800,0.0,0.0
2001-10-03 00:00:00+09:00,56.6402132154087,56.6402132154087,56.50373077392579,56.50373077392578,4800,0.0,0.0
2001-10-04 00:00:00+09:00,54.59297561645508,54.59297561645508,54.59297561645508,54.59297561645508,8800,0.0,0.0
2001-10-05 00:00:00+09:00,54.59299051895237,54.79771423339844,54.59299051895237,54.79771423339844,12000,0.0,0.0
2001-10-08 00:00:00+09:00,54.79771423339844,54.79771423339844,54.79771423339844,54.79771423339844,0,0.0,0.0
2001-10-09 00:00:00+09:00,54.59298435645768,54.59298435645768,53.91057205200195,53.91057205200195,10800,0.0,0.0
2001-10-10 00:00:00+09:00,53.9105847676595,53.9105847676595,53.228172302246094,53.228172302246094,1200,0.0,0.0
2001-10-11 00:00:00+09:00,53.22815974754623,53.91057205200195,51.86333513863479,53.91057205200195,26800,0.0,0.0
2001-10-12 00:00:00+09:00,60.05228678385417,60.802940368652344,59.36987443403765,60.802940368652344,68400,0.0,0.0
2001-10-15 00:00:00+09:00,60.666440889205056,60.666440889205056,57.390862528483076,59.36985778808594,16000,0.0,0.0
2001-10-16 00:00:00+09:00,59.36985778808594,59.36985778808594,59.09689292469244,59.36985778808594,11200,0.0,0.0
2001-10-17 00:00:00+09:00,58.75569255931957,59.3698635616818,58.073280334472656,58.073280334472656,13200,0.0,0.0
2001-10-18 00:00:00+09:00,58.073280334472656,58.34624522441142,58.00503911198796,58.073280334472656,15200,0.0,0.0
2001-10-19 00:00:00+09:00,58.073280334472656,58.073280334472656,58.073280334472656,58.073280334472656,12400,0.0,0.0
2001-10-22 00:00:00+09:00,58.005023956298835,58.005023956298835,57.936782751644365,58.00502395629883,6000,0.0,0.0
2001-10-23 00:00:00+09:00,58.00504740878675,58.00504740878675,57.663841247558594,57.663841247558594,6400,0.0,0.0
2001-10-24 00:00:00+09:00,57.663841247558594,57.663841247558594,57.663841247558594,57.663841247558594,14400,0.0,0.0
2001-10-25 00:00:00+09:00,57.663841247558594,57.663841247558594,57.52735878306733,57.663841247558594,4000,0.0,0.0
2001-10-26 00:00:00+09:00,58.005023956298835,58.005023956298835,58.005023956298835,58.00502395629883,6000,0.0,0.0
2001-10-29 00:00:00+09:00,58.27799833451194,59.36985778808594,58.20975711866357,59.36985778808594,8400,0.0,0.0
2001-10-30 00:00:00+09:00,58.34624099731445,58.34624099731445,58.34624099731445,58.34624099731445,1600,0.0,0.0
2001-10-31 00:00:00+09:00,59.36987646694841,59.36987646694841,57.3908805847168,57.3908805847168,16000,0.0,0.0
2001-11-01 00:00:00+09:00,57.39085311440861,58.005023956298835,57.32261190975414,58.00502395629883,16000,0.0,0.0
2001-11-02 00:00:00+09:00,56.64023208618164,56.64023208618164,56.64023208618164,56.64023208618164,8400,0.0,0.0
2001-11-05 00:00:00+09:00,56.6402100761683,56.6402100761683,56.02603912353515,56.026039123535156,17600,0.0,0.0
2001-11-06 00:00:00+09:00,55.95780499622261,56.36725234985351,55.95780499622261,56.367252349853516,13600,0.0,0.0
2001-11-07 00:00:00+09:00,56.36725627552379,56.36725627552379,56.299015045166016,56.299015045166016,17600,0.0,0.0
2001-11-08 00:00:00+09:00,56.299015045166016,56.299015045166016,56.299015045166016,56.299015045166016,12400,0.0,0.0
2001-11-09 00:00:00+09:00,56.299015045166016,56.299015045166016,56.299015045166016,56.299015045166016,0,0.0,0.0
2001-11-12 00:00:00+09:00,56.299015045166016,56.299015045166016,56.299015045166016,56.299015045166016,1600,0.0,0.0
2001-11-13 00:00:00+09:00,55.95781326293945,55.95781326293945,55.95781326293945,55.95781326293945,2800,0.0,0.0
2001-11-14 00:00:00+09:00,55.275407216635095,56.64023208618164,55.275407216635095,56.64023208618164,22000,0.0,0.0
2001-11-15 00:00:00+09:00,55.61659240722657,55.61659240722657,55.61659240722657,55.61659240722656,4400,0.0,0.0
2001-11-16 00:00:00+09:00,55.61659673996914,55.61659673996914,55.275390625,55.275390625,29200,0.0,0.0
2001-11-19 00:00:00+09:00,56.571990966796875,56.571990966796875,56.571990966796875,56.571990966796875,400,0.0,0.0
2001-11-20 00:00:00+09:00,56.50372823703509,56.50372823703509,55.27538631883868,55.61659240722656,4000,0.0,0.0
2001-11-21 00:00:00+09:00,55.61659673996914,55.61659673996914,55.275390625,55.275390625,6800,0.0,0.0
2001-11-22 00:00:00+09:00,55.275390625,55.61659673996914,55.275390625,55.275390625,6000,0.0,0.0
2001-11-23 00:00:00+09:00,55.275390625,55.275390625,55.275390625,55.275390625,0,0.0,0.0
2001-11-26 00:00:00+09:00,55.34365156253655,56.981441497802734,55.34365156253655,56.981441497802734,10400,0.0,0.0
2001-11-27 00:00:00+09:00,57.663841247558594,57.663841247558594,57.52735878306733,57.663841247558594,18000,0.0,0.0
2001-11-28 00:00:00+09:00,56.36725234985351,56.36725234985351,56.36725234985351,56.367252349853516,6400,0.0,0.0
2001-11-29 00:00:00+09:00,55.95781965140837,56.64023208618164,55.61661343402174,56.64023208618164,9600,0.0,0.0
2001-11-30 00:00:00+09:00,57.663836736305086,57.663836736305086,55.68484115600586,55.68484115600586,13600,0.0,0.0
2001-12-03 00:00:00+09:00,55.95780606363334,55.95780606363334,55.68484115600586,55.68484115600586,16800,0.0,0.0
2001-12-04 00:00:00+09:00,55.95780285493827,55.95780285493827,55.20714940200617,55.275390625,14800,0.0,0.0
2001-12-05 00:00:00+09:00,55.27540266143609,55.27540266143609,54.93419647216797,54.93419647216797,6800,0.0,0.0
2001-12-06 00:00:00+09:00,55.00242481534443,55.88956069946289,55.00242481534443,55.88956069946289,3600,0.0,0.0
2001-12-07 00:00:00+09:00,55.275390625,55.275390625,55.275390625,55.275390625,2000,0.0,0.0
2001-12-10 00:00:00+09:00,55.27540625249586,55.27540625249586,55.07068252563477,55.070682525634766,3200,0.0,0.0
2001-12-11 00:00:00+09:00,54.59299051895237,54.93419670969582,54.59299051895237,54.79771423339844,7600,0.0,0.0
2001-12-12 00:00:00+09:00,54.59297839506173,55.275390625,54.59297839506173,55.275390625,15200,0.0,0.0
2001-12-13 00:00:00+09:00,55.275390625,55.275390625,55.275390625,55.275390625,6800,0.0,0.0
2001-12-14 00:00:00+09:00,54.59297561645508,54.59297561645508,53.70583976268768,54.59297561645508,22800,0.0,0.0
2001-12-17 00:00:00+09:00,54.592997233072914,54.592997233072914,53.228172302246094,53.228172302246094,18000,0.0,0.0
2001-12-18 00:00:00+09:00,51.93158696925812,53.2281706123802,51.93158696925812,52.06806945800781,28000,0.0,0.0
2001-12-19 00:00:00+09:00,52.06806970864495,52.20455219805162,51.93158721923828,51.93158721923828,33600,0.0,0.0
2001-12-20 00:00:00+09:00,51.863340282071974,53.023441314697266,51.863340282071974,53.023441314697266,10400,0.0,0.0
2001-12-21 00:00:00+09:00,51.93156725400454,52.54573822021485,51.86332603553673,52.545738220214844,107600,0.0,0.0
2001-12-24 00:00:00+09:00,52.54573822021485,52.54573822021485,52.54573822021485,52.545738220214844,0,0.0,0.0
2001-12-25 00:00:00+09:00,53.02344713449165,53.02344713449165,51.863345974534944,51.93158721923828,46400,0.0,0.0
2001-12-26 00:00:00+09:00,51.93157677954816,51.93157677954816,51.180923238713696,51.317405700683594,26400,0.0,0.0
2001-12-27 00:00:00+09:00,50.976192679181196,51.180916344559435,50.49850412663198,50.8397102355957,37200,0.0,0.0
2001-12-28 00:00:00+09:00,53.9105847676595,53.9105847676595,53.228172302246094,53.228172302246094,12800,0.0,0.0
2001-12-31 00:00:00+09:00,53.228172302246094,53.228172302246094,53.228172302246094,53.228172302246094,0,0.0,0.0
2002-01-01 00:00:00+09:00,53.228172302246094,53.228172302246094,53.228172302246094,53.228172302246094,0,0.0,0.0
2002-01-02 00:00:00+09:00,53.228172302246094,53.228172302246094,53.228172302246094,53.228172302246094,0,0.0,0.0
2002-01-03 00:00:00+09:00,53.228172302246094,53.228172302246094,53.228172302246094,53.228172302246094,0,0.0,0.0
2002-01-04 00:00:00+09:00,52.54574744309051,53.91057205200195,52.54574744309051,53.91057205200195,15200,0.0,0.0
2002-01-07 00:00:00+09:00,53.91058331563501,53.91058331563501,51.93158721923828,51.93158721923828,21200,0.0,0.0
2002-01-08 00:00:00+09:00,52.27279485066732,54.18354975382487,52.27279485066732,53.228172302246094,7200,0.0,0.0
2002-01-09 00:00:00+09:00,53.228172302246094,53.228172302246094,53.228172302246094,53.228172302246094,12000,0.0,0.0
2002-01-10 00:00:00+09:00,53.228150404892965,53.228150404892965,52.54573822021485,52.545738220214844,5200,0.0,0.0
2002-01-11 00:00:00+09:00,52.54573822021485,52.61397943868266,52.54573822021485,52.545738220214844,4400,0.0,0.0
2002-01-14 00:00:00+09:00,52.54573822021485,52.54573822021485,52.54573822021485,52.545738220214844,0,0.0,0.0
2002-01-15 00:00:00+09:00,52.54573822021485,52.54573822021485,51.93156725400454,52.545738220214844,14800,0.0,0.0
2002-01-16 00:00:00+09:00,53.228172302246094,53.228172302246094,53.228172302246094,53.228172302246094,12000,0.0,0.0
2002-01-17 00:00:00+09:00,53.15993105570475,53.228172302246094,53.15993105570475,53.228172302246094,4800,0.0,0.0
2002-01-18 00:00:00+09:00,53.22816514477287,53.22816514477287,52.88695895794741,52.9552001953125,9600,0.0,0.0
2002-01-21 00:00:00+09:00,53.02344856262207,53.228172302246094,52.88696606953938,53.228172302246094,8800,0.0,0.0
2002-01-22 00:00:00+09:00,53.09167728665509,53.91057205200195,53.09167728665509,53.91057205200195,34400,0.0,0.0
2002-01-23 00:00:00+09:00,53.70583976268768,54.59297561645508,53.70583976268768,54.59297561645508,3600,0.0,0.0
2002-01-24 00:00:00+09:00,54.59298435645768,54.59298435645768,53.91057205200195,53.91057205200195,12800,0.0,0.0
2002-01-25 00:00:00+09:00,53.29642050676285,53.56938552856445,53.29642050676285,53.56938552856445,6000,0.0,0.0
2002-01-28 00:00:00+09:00,53.56938552856445,53.56938552856445,53.56938552856445,53.56938552856445,0,0.0,0.0
2002-01-29 00:00:00+09:00,54.592988549209224,55.95781326293945,54.592988549209224,55.95781326293945,6800,0.0,0.0
2002-01-30 00:00:00+09:00,53.910565265660175,55.88956069946289,53.22815304710751,55.88956069946289,9200,0.0,0.0
2002-01-31 00:00:00+09:00,55.88956069946289,55.88956069946289,55.88956069946289,55.88956069946289,0,0.0,0.0
2002-02-01 00:00:00+09:00,54.66122817993165,54.66122817993165,54.45650447888321,54.66122817993164,5200,0.0,0.0
2002-02-04 00:00:00+09:00,54.59299028289985,55.27540266143609,54.59299028289985,54.93419647216797,6400,0.0,0.0
2002-02-05 00:00:00+09:00,54.59297561645508,54.59297561645508,54.59297561645508,54.59297561645508,2000,0.0,0.0
2002-02-06 00:00:00+09:00,54.59297561645508,54.59297561645508,54.59297561645508,54.59297561645508,14000,0.0,0.0
2002-02-07 00:00:00+09:00,55.27539998180461,55.27539998180461,54.25178146362304,54.25178146362305,4800,0.0,0.0
2002-02-08 00:00:00+09:00,54.25178146362304,54.59298763635023,54.25178146362304,54.25178146362305,4800,0.0,0.0
2002-02-11 00:00:00+09:00,54.25178146362304,54.25178146362304,54.25178146362304,54.25178146362305,0,0.0,0.0
2002-02-12 00:00:00+09:00,54.25177987927412,55.27539836756231,54.25177987927412,55.207157135009766,13200,0.0,0.0
2002-02-13 00:00:00+09:00,55.00243596332829,55.95781326293945,55.00243596332829,55.95781326293945,4800,0.0,0.0
2002-02-14 00:00:00+09:00,56.299015045166016,56.299015045166016,56.23077381480824,56.299015045166016,86000,0.0,0.0
2002-02-15 00:00:00+09:00,59.16774141919482,59.16774141919482,58.45055667471973,58.737430572509766,18000,10.0,0.0
2002-02-18 00:00:00+09:00,58.45056533813477,58.45056533813477,58.45056533813477,58.450565338134766,6800,0.0,0.0
2002-02-19 00:00:00+09:00,58.45056533813477,58.45056533813477,58.45056533813477,58.450565338134766,4800,0.0,0.0
2002-02-20 00:00:00+09:00,59.52634261429676,59.52634261429676,58.45056533813477,58.450565338134766,8400,0.0,0.0
2002-02-21 00:00:00+09:00,58.45059043359405,58.45059043359405,58.37887191772462,58.37887191772461,5200,0.0,0.0
2002-02-22 00:00:00+09:00,58.450569687820064,58.809162139892585,57.733384783675035,58.80916213989258,33200,0.0,0.0
2002-02-25 00:00:00+09:00,59.31118560608276,59.88493347167969,59.31118560608276,59.88493347167969,13200,0.0,0.0
2002-02-26 00:00:00+09:00,59.95665518363515,60.10009215775868,57.518226623535156,57.518226623535156,8000,0.0,0.0
2002-02-27 00:00:00+09:00,57.518224476001876,58.09197235107422,57.518224476001876,58.09197235107422,800,0.0,0.0
2002-02-28 00:00:00+09:00,59.88493347167969,59.88493347167969,59.88493347167969,59.88493347167969,3200,0.0,0.0
2002-03-01 00:00:00+09:00,57.44652175903321,57.44652175903321,57.44652175903321,57.4465217590332,2000,0.0,0.0
2002-03-04 00:00:00+09:00,58.37885113097074,61.31930923461914,58.37885113097074,61.31930923461914,30400,0.0,0.0
2002-03-05 00:00:00+09:00,60.888998361913174,60.888998361913174,58.809162139892585,58.80916213989258,20800,0.0,0.0
2002-03-06 00:00:00+09:00,58.09197723574755,58.809162139892585,58.09197723574755,58.80916213989258,18800,0.0,0.0
2002-03-07 00:00:00+09:00,61.10416702306752,61.10416702306752,60.38698196411132,60.38698196411133,7600,0.0,0.0
2002-03-08 00:00:00+09:00,60.45868956702096,60.602126552945094,60.243534088134766,60.243534088134766,18000,0.0,0.0
2002-03-11 00:00:00+09:00,61.247595064030136,61.67790603637695,59.526351174642876,61.67790603637695,16400,0.0,0.0
2002-03-12 00:00:00+09:00,61.7496196342917,61.7496196342917,60.96071624755859,60.960716247558594,6400,0.0,0.0
2002-03-13 00:00:00+09:00,60.96071624755859,60.96071624755859,60.96071624755859,60.960716247558594,400,0.0,0.0
2002-03-14 00:00:00+09:00,60.243531350528485,60.96071624755859,60.243531350528485,60.960716247558594,8400,0.0,0.0
2002-03-15 00:00:00+09:00,59.59807424430388,59.59807424430388,59.167763238929844,59.5263557434082,14400,0.0,0.0
2002-03-18 00:00:00+09:00,60.60211491065222,60.60211491065222,59.16774532696814,59.239463806152344,13200,0.0,0.0
2002-03-19 00:00:00+09:00,59.16775018890943,59.16775018890943,58.45056533813477,58.450565338134766,23200,0.0,0.0
2002-03-20 00:00:00+09:00,59.45461029164931,59.45461029164931,58.52227020263672,58.52227020263672,4800,0.0,0.0
2002-03-21 00:00:00+09:00,58.52227020263672,58.52227020263672,58.52227020263672,58.52227020263672,0,0.0,0.0
2002-03-22 00:00:00+09:00,59.52635574340821,59.52635574340821,58.594015231764466,59.5263557434082,19200,0.0,0.0
2002-03-25 00:00:00+09:00,59.52634261429676,59.52634261429676,58.45056533813477,58.450565338134766,19200,0.0,0.0
2002-03-26 00:00:00+09:00,58.4505603387489,58.4505603387489,57.7333755493164,57.733375549316406,13600,0.0,0.0
2002-03-27 00:00:00+09:00,58.09197235107422,59.52634203875506,58.09197235107422,58.09197235107422,8000,0.0,0.0
2002-03-28 00:00:00+09:00,57.80511427937674,57.80511427937674,57.44652175903321,57.4465217590332,13600,0.0,0.0
2002-03-29 00:00:00+09:00,57.44651357382351,57.58995056152344,57.44651357382351,57.58995056152344,6800,0.0,0.0
2002-04-01 00:00:00+09:00,57.733371114730836,57.733371114730836,57.374778747558594,57.374778747558594,7600,0.0,0.0
2002-04-02 00:00:00+09:00,59.38291931152344,59.38291931152344,59.38291931152344,59.38291931152344,4800,0.0,0.0
2002-04-03 00:00:00+09:00,57.37478750723379,58.09197235107422,57.37478750723379,58.09197235107422,6800,0.0,0.0
2002-04-04 00:00:00+09:00,58.09197235107422,58.09197235107422,58.09197235107422,58.09197235107422,0,0.0,0.0
2002-04-05 00:00:00+09:00,57.446511970376065,57.446511970376065,55.29495721493127,57.01620101928711,64400,0.0,0.0
2002-04-08 00:00:00+09:00,56.72934136360314,56.72934136360314,56.29903030395508,56.29903030395508,5200,0.0,0.0
2002-04-09 00:00:00+09:00,56.29903030395508,56.72934136360314,56.29903030395508,56.29903030395508,18000,0.0,0.0
2002-04-10 00:00:00+09:00,56.29900889535063,56.29900889535063,54.36260986328124,54.36260986328125,222000,0.0,0.0
2002-04-11 00:00:00+09:00,55.5818364947954,55.5818364947954,53.215126037597656,53.215126037597656,96800,0.0,0.0
2002-04-12 00:00:00+09:00,53.78886952119716,55.581831838570395,53.78886952119716,54.864646911621094,44000,0.0,0.0
2002-04-15 00:00:00+09:00,55.940425872802734,55.940425872802734,55.29495942042424,55.940425872802734,8000,0.0,0.0
2002-04-16 00:00:00+09:00,55.94041990817634,57.518226623535156,55.94041990817634,57.518226623535156,32400,0.0,0.0
2002-04-17 00:00:00+09:00,57.5899519391793,60.17181777954101,57.5899519391793,60.171817779541016,44000,0.0,0.0
2002-04-18 00:00:00+09:00,58.809174834407706,60.38698196411132,58.809174834407706,60.38698196411133,12000,0.0,0.0
2002-04-19 00:00:00+09:00,60.1718155951727,60.3869710740589,59.884941623324444,60.243534088134766,38400,0.0,0.0
2002-04-22 00:00:00+09:00,59.884939441141086,60.81727981567382,59.884939441141086,60.81727981567383,16000,0.0,0.0
2002-04-23 00:00:00+09:00,58.95259853587431,60.96071624755859,58.95259853587431,60.960716247558594,19200,0.0,0.0
2002-04-24 00:00:00+09:00,60.96071624755859,61.53446416518267,59.454627963795375,60.960716247558594,9600,0.0,0.0
2002-04-25 00:00:00+09:00,60.243534088134766,60.243534088134766,60.243534088134766,60.243534088134766,2800,0.0,0.0
2002-04-26 00:00:00+09:00,60.24353189288445,60.81727981567382,57.37479227893757,60.81727981567383,16000,0.0,0.0
2002-04-29 00:00:00+09:00,60.81727981567382,60.81727981567382,60.81727981567382,60.81727981567383,0,0.0,0.0
2002-04-30 00:00:00+09:00,59.38291931152344,59.38291931152344,59.38291931152344,59.38291931152344,9200,0.0,0.0
2002-05-01 00:00:00+09:00,58.809170734451484,59.52635574340821,58.809170734451484,59.5263557434082,8800,0.0,0.0
2002-05-02 00:00:00+09:00,59.52634697629694,61.31930923461914,59.52634697629694,61.31930923461914,44000,0.0,0.0
2002-05-03 00:00:00+09:00,61.31930923461914,61.31930923461914,61.31930923461914,61.31930923461914,0,0.0,0.0
2002-05-06 00:00:00+09:00,61.31930923461914,61.31930923461914,61.31930923461914,61.31930923461914,0,0.0,0.0
2002-05-07 00:00:00+09:00,60.888992236474316,60.888992236474316,59.526341055681605,59.88493347167969,6000,0.0,0.0
2002-05-08 00:00:00+09:00,59.52634698939773,60.81727981567382,59.52634698939773,60.81727981567383,12000,0.0,0.0
2002-05-09 00:00:00+09:00,59.526341651096814,60.81727436160253,59.526341651096814,60.74555587768555,13600,0.0,0.0
2002-05-10 00:00:00+09:00,59.31120024072119,59.52635574340821,59.31120024072119,59.5263557434082,6000,0.0,0.0
2002-05-13 00:00:00+09:00,59.52634698939773,60.81727981567382,59.45462849904906,60.81727981567383,2800,0.0,0.0
2002-05-14 00:00:00+09:00,60.74555641490326,60.8172748994545,60.602119445800774,60.60211944580078,18400,0.0,0.0
2002-05-15 00:00:00+09:00,60.45868956702096,60.45868956702096,60.243534088134766,60.243534088134766,6000,0.0,0.0
2002-05-16 00:00:00+09:00,59.59807375821201,59.59807375821201,59.16776275634766,59.167762756347656,2000,0.0,0.0
2002-05-17 00:00:00+09:00,59.16774863968352,59.88493347167969,59.16774863968352,59.88493347167969,14000,0.0,0.0
2002-05-20 00:00:00+09:00,59.23948125665839,59.52635525790128,59.09604425603693,59.167762756347656,55600,0.0,0.0
2002-05-21 00:00:00+09:00,59.23948173982552,59.52635574340821,59.167763238929844,59.5263557434082,12400,0.0,0.0
2002-05-22 00:00:00+09:00,58.80915293104712,59.52633772288916,58.80915293104712,59.239463806152344,13200,0.0,0.0
2002-05-23 00:00:00+09:00,59.382910063208605,59.382910063208605,58.52228817823457,58.80916213989258,56000,0.0,0.0
2002-05-24 00:00:00+09:00,58.59402603073688,58.80918157307741,57.80512237548828,57.80512237548828,27200,0.0,0.0
2002-05-27 00:00:00+09:00,57.805101667131694,58.23541259765625,57.805101667131694,58.23541259765625,14800,0.0,0.0
2002-05-28 00:00:00+09:00,59.0243132187545,59.0243132187545,58.45056533813477,58.450565338134766,8800,0.0,0.0
2002-05-29 00:00:00+09:00,58.80915719491464,58.80915719491464,58.09197235107422,58.09197235107422,12400,0.0,0.0
2002-05-30 00:00:00+09:00,58.7374387105306,58.7374387105306,58.09197235107422,58.09197235107422,10800,0.0,0.0
2002-05-31 00:00:00+09:00,58.73744037973268,58.73744037973268,58.09197400193342,58.66572189331055,17200,0.0,0.0
2002-06-03 00:00:00+09:00,58.80915719491464,58.80915719491464,58.09197235107422,58.09197235107422,10000,0.0,0.0
2002-06-04 00:00:00+09:00,58.09196348190308,58.09196348190308,57.374778747558594,57.374778747558594,14800,0.0,0.0
2002-06-05 00:00:00+09:00,57.80509841353805,58.09197235107422,57.80509841353805,58.09197235107422,2800,0.0,0.0
2002-06-06 00:00:00+09:00,58.091982168379175,58.091982168379175,57.73338968585832,58.020263671875,3200,0.0,0.0
2002-06-07 00:00:00+09:00,57.80512237548828,57.80512237548828,57.80512237548828,57.80512237548828,1200,0.0,0.0
2002-06-10 00:00:00+09:00,57.80512237548828,57.80512237548828,57.80512237548828,57.80512237548828,1200,0.0,0.0
2002-06-11 00:00:00+09:00,57.80512237548828,57.80512237548828,57.80512237548828,57.80512237548828,0,0.0,0.0
2002-06-12 00:00:00+09:00,57.7333755493164,57.7333755493164,57.1596277177704,57.733375549316406,24000,0.0,0.0
2002-06-13 00:00:00+09:00,57.15963260674038,58.45056533813477,57.15963260674038,58.450565338134766,5600,0.0,0.0
2002-06-14 00:00:00+09:00,57.7333755493164,57.7333755493164,57.7333755493164,57.733375549316406,800,0.0,0.0
2002-06-17 00:00:00+09:00,57.73338770712576,57.73338770712576,54.147463004819805,55.58183288574219,18000,0.0,0.0
2002-06-18 00:00:00+09:00,55.94041357573515,57.7333755493164,55.94041357573515,57.733375549316406,3200,0.0,0.0
2002-06-19 00:00:00+09:00,55.58183288574219,55.58183288574219,55.58183288574219,55.58183288574219,1200,0.0,0.0
2002-06-20 00:00:00+09:00,54.649478912353516,55.223226722456964,54.649478912353516,54.649478912353516,5600,0.0,0.0
2002-06-21 00:00:00+09:00,54.8646469116211,54.8646469116211,54.8646469116211,54.864646911621094,4000,0.0,0.0
2002-06-24 00:00:00+09:00,58.09197235107422,58.09197235107422,58.09197235107422,58.09197235107422,800,0.0,0.0
2002-06-25 00:00:00+09:00,58.09197235107422,58.09197235107422,58.09197235107422,58.09197235107422,1600,0.0,0.0
2002-06-26 00:00:00+09:00,58.09197235107422,58.09197235107422,58.09197235107422,58.09197235107422,0,0.0,0.0
2002-06-27 00:00:00+09:00,57.30308216915854,57.37480066999604,56.65761566162109,56.657615661621094,6400,0.0,0.0
2002-06-28 00:00:00+09:00,57.37478750723379,58.09197235107422,57.37478750723379,58.09197235107422,7600,0.0,0.0
2002-07-01 00:00:00+09:00,58.09197235107422,58.09197235107422,58.09197235107422,58.09197235107422,4000,0.0,0.0
2002-07-02 00:00:00+09:00,58.09197562081473,58.09197562081473,56.72932434082031,56.72932434082031,486800,0.0,0.0
2002-07-03 00:00:00+09:00,57.37480066999604,57.37480066999604,56.65761566162109,56.657615661621094,4400,0.0,0.0
2002-07-04 00:00:00+09:00,56.65761566162109,56.65761566162109,56.65761566162109,56.657615661621094,3600,0.0,0.0
2002-07-05 00:00:00+09:00,56.65761566162109,56.65761566162109,56.65761566162109,56.657615661621094,0,0.0,0.0
2002-07-08 00:00:00+09:00,56.87276458740234,56.87276458740234,56.87276458740234,56.872764587402344,1200,0.0,0.0
2002-07-09 00:00:00+09:00,55.94040927886963,57.374778747558594,55.94040927886963,57.374778747558594,4800,0.0,0.0
2002-07-10 00:00:00+09:00,55.94040464042243,56.29899697786104,55.94040464042243,56.012123107910156,18800,0.0,0.0
2002-07-11 00:00:00+09:00,55.581832365556195,55.94042483243075,55.22323989868164,55.22323989868164,43200,0.0,0.0
2002-07-12 00:00:00+09:00,55.22324041551159,55.58183288574219,55.22324041551159,55.58183288574219,7200,0.0,0.0
2002-07-15 00:00:00+09:00,55.581832365556195,55.581832365556195,55.22323989868164,55.22323989868164,6400,0.0,0.0
2002-07-16 00:00:00+09:00,55.22323989868164,55.94042483243075,55.22323989868164,55.22323989868164,8400,0.0,0.0
2002-07-17 00:00:00+09:00,55.86869430541992,55.86869430541992,55.86869430541992,55.86869430541992,800,0.0,0.0
2002-07-18 00:00:00+09:00,55.86869430541992,55.86869430541992,55.86869430541992,55.86869430541992,0,0.0,0.0
2002-07-19 00:00:00+09:00,56.72932434082031,58.73744201660156,56.72932434082031,58.23541259765625,10400,0.0,0.0
2002-07-22 00:00:00+09:00,58.23541259765625,58.23541259765625,58.23541259765625,58.23541259765625,0,0.0,0.0
2002-07-23 00:00:00+09:00,58.23541259765625,58.23541259765625,58.23541259765625,58.23541259765625,0,0.0,0.0
2002-07-24 00:00:00+09:00,54.29090881347656,54.29090881347656,54.29090881347656,54.29090881347656,800,0.0,0.0
2002-07-25 00:00:00+09:00,54.29090881347656,54.29090881347656,54.29090881347656,54.29090881347656,0,0.0,0.0
2002-07-26 00:00:00+09:00,54.57777241656655,54.86464638459055,54.50605392456055,54.50605392456055,2400,0.0,0.0
2002-07-29 00:00:00+09:00,54.64949254200117,54.64949254200117,54.57777404785156,54.57777404785156,2400,0.0,0.0
2002-07-30 00:00:00+09:00,54.57777404785156,54.57777404785156,54.57777404785156,54.57777404785156,0,0.0,0.0
2002-07-31 00:00:00+09:00,57.01620223305442,57.01620223305442,55.22323989868164,55.22323989868164,12800,0.0,0.0
2002-08-01 00:00:00+09:00,55.94042483243075,55.94042483243075,55.22323989868164,55.22323989868164,5200,0.0,0.0
2002-08-02 00:00:00+09:00,55.58183348832491,55.58183348832491,54.93636703491211,54.93636703491211,3600,0.0,0.0
2002-08-05 00:00:00+09:00,55.223240495198034,55.223240495198034,54.57777404785156,54.57777404785156,4000,0.0,0.0
2002-08-06 00:00:00+09:00,53.93229728190104,53.93229728190104,53.78886032104492,53.78886032104492,12400,0.0,0.0
2002-08-07 00:00:00+09:00,55.22323989868164,55.22323989868164,55.22323989868164,55.22323989868164,4000,0.0,0.0
2002-08-08 00:00:00+09:00,53.78886032104492,53.78886032104492,53.78886032104492,53.78886032104492,17600,0.0,0.0
2002-08-09 00:00:00+09:00,55.86870686192666,55.86870686192666,55.58183288574219,55.58183288574219,1200,0.0,0.0
2002-08-12 00:00:00+09:00,54.864651362101235,55.94042883978949,54.21918487548828,54.21918487548828,6000,0.0,0.0
2002-08-13 00:00:00+09:00,55.22323989868164,55.22323989868164,55.22323989868164,55.22323989868164,800,0.0,0.0
2002-08-14 00:00:00+09:00,55.15152140530673,55.22323989868164,54.57777345830744,55.22323989868164,62400,0.0,0.0
2002-08-15 00:00:00+09:00,57.568330190088844,58.24916458129883,56.73619926749886,58.24916458129883,4000,10.0,0.0
2002-08-16 00:00:00+09:00,58.24916458129883,58.24916458129883,58.24916458129883,58.24916458129883,0,0.0,0.0
2002-08-19 00:00:00+09:00,58.17352294921875,58.17352294921875,58.17352294921875,58.17352294921875,1600,0.0,0.0
2002-08-20 00:00:00+09:00,58.17352294921875,58.17352294921875,58.17352294921875,58.17352294921875,0,0.0,0.0
2002-08-21 00:00:00+09:00,56.88749313354492,56.88749313354492,56.88749313354492,56.88749313354492,1200,0.0,0.0
2002-08-22 00:00:00+09:00,56.88749977243884,56.88749977243884,56.811851501464844,56.811851501464844,16400,0.0,0.0
2002-08-23 00:00:00+09:00,56.811851501464844,56.811851501464844,56.811851501464844,56.811851501464844,0,0.0,0.0
2002-08-26 00:00:00+09:00,57.11444358825684,57.11444358825684,56.73620223999024,56.736202239990234,10000,0.0,0.0
2002-08-27 00:00:00+09:00,55.979732513427734,55.979732513427734,54.54241505700189,55.979732513427734,24000,0.0,0.0
2002-08-28 00:00:00+09:00,54.6180633441822,56.35797394932927,54.6180633441822,55.979732513427734,37600,0.0,0.0
2002-08-29 00:00:00+09:00,55.979732513427734,55.979732513427734,55.979732513427734,55.979732513427734,0,0.0,0.0
2002-08-30 00:00:00+09:00,56.81186760625532,56.81186760625532,56.28232955932617,56.28232955932617,3600,0.0,0.0
2002-09-02 00:00:00+09:00,56.28232955932617,56.28232955932617,56.28232955932617,56.28232955932617,0,0.0,0.0
2002-09-03 00:00:00+09:00,55.979732513427734,55.979732513427734,55.979732513427734,55.979732513427734,2400,0.0,0.0
2002-09-04 00:00:00+09:00,55.22324752807617,55.22324752807617,54.46676468522581,55.22324752807617,16000,0.0,0.0
2002-09-05 00:00:00+09:00,53.7102838980185,55.979732513427734,53.7102838980185,55.979732513427734,39200,0.0,0.0
2002-09-06 00:00:00+09:00,55.601463397343956,55.601463397343956,54.466739654541016,54.466739654541016,4400,0.0,0.0
2002-09-09 00:00:00+09:00,55.22324752807617,55.22324752807617,54.84500610665099,55.22324752807617,3600,0.0,0.0
2002-09-10 00:00:00+09:00,55.22322214974298,55.601463397343956,54.466739654541016,54.466739654541016,6800,0.0,0.0
2002-09-11 00:00:00+09:00,54.542387904061215,54.542387904061215,53.78590540885926,54.466739654541016,20400,0.0,0.0
2002-09-12 00:00:00+09:00,54.0885124206543,54.0885124206543,54.0885124206543,54.0885124206543,1200,0.0,0.0
2002-09-13 00:00:00+09:00,55.14758818833144,55.14758818833144,54.0885124206543,54.0885124206543,3600,0.0,0.0
2002-09-16 00:00:00+09:00,54.0885124206543,54.0885124206543,54.0885124206543,54.0885124206543,0,0.0,0.0
2002-09-17 00:00:00+09:00,53.40767799857613,54.46675376625328,53.40767799857613,54.0885124206543,10800,0.0,0.0
2002-09-18 00:00:00+09:00,53.33203125,53.33203125,53.33203125,53.33203125,1200,0.0,0.0
2002-09-19 00:00:00+09:00,53.55897323132913,54.08851110226035,53.332028429501456,53.407676696777344,70800,0.0,0.0
2002-09-20 00:00:00+09:00,53.332028429501456,53.40767669677735,53.332028429501456,53.407676696777344,26400,0.0,0.0
2002-09-23 00:00:00+09:00,53.40767669677735,53.40767669677735,53.40767669677735,53.407676696777344,0,0.0,0.0
2002-09-24 00:00:00+09:00,49.625259584369076,51.0625765540383,49.625259584369076,49.927852630615234,141600,0.0,0.0
2002-09-25 00:00:00+09:00,50.00349426269531,50.00349426269531,50.00349426269531,50.00349426269531,9600,0.0,0.0
2002-09-26 00:00:00+09:00,50.30609170536761,51.062574287403216,50.30609170536761,50.911277770996094,66800,0.0,0.0
2002-09-27 00:00:00+09:00,50.75998125458897,50.911277770996094,50.75998125458897,50.911277770996094,9200,0.0,0.0
2002-09-30 00:00:00+09:00,49.77655389794269,51.062574287403216,49.549609123332004,50.911277770996094,87200,0.0,0.0
2002-10-01 00:00:00+09:00,50.911277770996094,50.911277770996094,50.911277770996094,50.911277770996094,0,0.0,0.0
2002-10-02 00:00:00+09:00,50.911277770996094,51.44081557842102,50.911277770996094,50.911277770996094,4800,0.0,0.0
2002-10-03 00:00:00+09:00,50.684336735652046,50.684336735652046,49.17137145996094,49.17137145996094,10000,0.0,0.0
2002-10-04 00:00:00+09:00,50.684322357177734,50.684322357177734,50.684322357177734,50.684322357177734,5600,0.0,0.0
2002-10-07 00:00:00+09:00,49.17137145996094,49.17137145996094,49.17137145996094,49.17137145996094,4000,0.0,0.0
2002-10-08 00:00:00+09:00,49.17137145996094,49.17137145996094,49.17137145996094,49.17137145996094,1600,0.0,0.0
2002-10-09 00:00:00+09:00,50.91128003091523,50.91128003091523,49.92785263061523,49.927852630615234,2400,0.0,0.0
2002-10-10 00:00:00+09:00,49.17137145996094,49.17137145996094,49.17137145996094,49.17137145996094,9200,0.0,0.0
2002-10-11 00:00:00+09:00,48.26359558105469,48.26359558105469,48.26359558105469,48.26359558105469,10800,0.0,0.0
2002-10-14 00:00:00+09:00,48.26359558105469,48.26359558105469,48.26359558105469,48.26359558105469,0,0.0,0.0
2002-10-15 00:00:00+09:00,48.26360025480977,48.26360025480977,46.977579558364994,48.03665542602539,8000,0.0,0.0
2002-10-16 00:00:00+09:00,48.112300872802734,49.1713766781789,48.112300872802734,48.112300872802734,10400,0.0,0.0
2002-10-17 00:00:00+09:00,48.1122924558578,48.18794071443619,46.90192031860351,46.901920318603516,19600,0.0,0.0
2002-10-18 00:00:00+09:00,47.2801628112793,47.2801628112793,44.25423239135742,47.2801628112793,169200,0.0,0.0
2002-10-21 00:00:00+09:00,47.20451335291708,47.20451335291708,46.90192031860351,46.901920318603516,2000,0.0,0.0
2002-10-22 00:00:00+09:00,46.59933754525533,46.59933754525533,45.54026169195408,46.52368927001953,6400,0.0,0.0
2002-10-23 00:00:00+09:00,46.59934997558594,46.59934997558594,46.59934997558594,46.59934997558594,12000,0.0,0.0
2002-10-24 00:00:00+09:00,45.76719688156904,45.76719688156904,44.63247299194337,44.63247299194336,15600,0.0,0.0
2002-10-25 00:00:00+09:00,45.01072800954183,45.38896942138672,44.102948621114095,45.38896942138672,16400,0.0,0.0
2002-10-28 00:00:00+09:00,45.38896218324319,45.38896218324319,44.25423812866211,44.25423812866211,3600,0.0,0.0
2002-10-29 00:00:00+09:00,43.87599563598633,44.25423697767586,43.87599563598633,43.87599563598633,12000,0.0,0.0
2002-10-30 00:00:00+09:00,43.49774646587817,43.875987739494505,41.98478137141284,42.136077880859375,400800,0.0,0.0
2002-10-31 00:00:00+09:00,42.8925666809082,42.8925666809082,42.8925666809082,42.8925666809082,22400,0.0,0.0
2002-11-01 00:00:00+09:00,42.96821294463842,42.96821294463842,42.741268157958984,42.741268157958984,2800,0.0,0.0
2002-11-04 00:00:00+09:00,42.741268157958984,42.741268157958984,42.741268157958984,42.741268157958984,0,0.0,0.0
2002-11-05 00:00:00+09:00,42.21173477172851,42.21173477172851,42.21173477172851,42.211734771728516,800,0.0,0.0
2002-11-06 00:00:00+09:00,42.741268157958984,42.741268157958984,42.741268157958984,42.741268157958984,800,0.0,0.0
2002-11-07 00:00:00+09:00,44.63247713835344,45.23766326904297,44.63247713835344,45.23766326904297,4000,0.0,0.0
2002-11-08 00:00:00+09:00,42.58997627339753,42.58997627339753,42.51432800292969,42.51432800292969,13600,0.0,0.0
2002-11-11 00:00:00+09:00,44.85942312437912,44.85942312437912,43.87599563598633,43.87599563598633,2000,0.0,0.0
2002-11-12 00:00:00+09:00,43.11951295260725,43.87599563598633,42.363030269228176,43.87599563598633,6400,0.0,0.0
2002-11-13 00:00:00+09:00,43.80034637451172,43.80034637451172,43.80034637451172,43.80034637451172,4000,0.0,0.0
2002-11-14 00:00:00+09:00,42.81691908155168,42.81691908155168,42.36302947998047,42.36302947998047,8800,0.0,0.0
2002-11-15 00:00:00+09:00,42.36302320117556,42.36302320117556,40.16922378540039,40.16922378540039,28800,0.0,0.0
2002-11-18 00:00:00+09:00,38.95885567332423,39.03450393676758,38.95885567332423,39.03450393676758,5200,0.0,0.0
2002-11-19 00:00:00+09:00,41.606535641652236,41.606535641652236,40.093570709228516,40.093570709228516,7200,0.0,0.0
2002-11-20 00:00:00+09:00,38.73190227004717,42.741259340970025,38.73190227004717,40.093570709228516,23600,0.0,0.0
2002-11-21 00:00:00+09:00,39.41275307581975,40.09358758192796,39.33710479736328,39.33710479736328,19200,0.0,0.0
2002-11-22 00:00:00+09:00,39.412742614746094,39.412742614746094,39.412742614746094,39.412742614746094,4000,0.0,0.0
2002-11-25 00:00:00+09:00,39.412755434397866,40.69877624511719,39.412755434397866,40.69877624511719,800,0.0,0.0
2002-11-26 00:00:00+09:00,42.96820902236272,42.96820902236272,39.790982298878156,39.86663055419922,8800,0.0,0.0
2002-11-27 00:00:00+09:00,40.093570709228516,40.093570709228516,40.093570709228516,40.093570709228516,800,0.0,0.0
2002-11-28 00:00:00+09:00,40.471824645996094,40.471824645996094,40.471824645996094,40.471824645996094,4000,0.0,0.0
2002-11-29 00:00:00+09:00,42.7412801915949,42.7412801915949,41.6065559387207,41.6065559387207,8800,0.0,0.0
2002-12-02 00:00:00+09:00,41.6065559387207,41.6065559387207,41.6065559387207,41.6065559387207,0,0.0,0.0
2002-12-03 00:00:00+09:00,44.70811756299889,44.70811756299889,43.497745513916016,43.497745513916016,5600,0.0,0.0
2002-12-04 00:00:00+09:00,42.06044387817383,42.06044387817383,42.06044387817383,42.06044387817383,400,0.0,0.0
2002-12-05 00:00:00+09:00,42.13607788085938,42.13607788085938,42.13607788085938,42.136077880859375,400,0.0,0.0
2002-12-06 00:00:00+09:00,42.36302947998047,42.36302947998047,42.36302947998047,42.36302947998047,800,0.0,0.0
2002-12-09 00:00:00+09:00,42.36302947998047,42.36302947998047,42.36302947998047,42.36302947998047,1200,0.0,0.0
2002-12-10 00:00:00+09:00,42.36302947998047,42.36302947998047,42.36302947998047,42.36302947998047,3200,0.0,0.0
2002-12-11 00:00:00+09:00,43.87599563598633,43.87599563598633,43.87599563598633,43.87599563598633,4000,0.0,0.0
2002-12-12 00:00:00+09:00,43.72469909931051,43.87599563598633,43.72469909931051,43.87599563598633,5600,0.0,0.0
2002-12-13 00:00:00+09:00,43.5734025626347,43.87599563598633,43.5734025626347,43.87599563598633,800,0.0,0.0
2002-12-16 00:00:00+09:00,43.87599563598633,43.87599563598633,43.87599563598633,43.87599563598633,0,0.0,0.0
2002-12-17 00:00:00+09:00,42.74127311037298,43.11951446533203,42.74127311037298,43.11951446533203,7600,0.0,0.0
2002-12-18 00:00:00+09:00,43.11951729450997,43.11951729450997,39.79099315247762,43.04386901855469,4400,0.0,0.0
2002-12-19 00:00:00+09:00,42.8925666809082,42.8925666809082,42.8925666809082,42.8925666809082,400,0.0,0.0
2002-12-20 00:00:00+09:00,39.79098892211914,39.79098892211914,38.95885797507862,39.79098892211914,5600,0.0,0.0
2002-12-23 00:00:00+09:00,39.79098892211914,39.79098892211914,39.79098892211914,39.79098892211914,0,0.0,0.0
2002-12-24 00:00:00+09:00,42.28738313478844,42.28738313478844,40.471824645996094,40.471824645996094,2800,0.0,0.0
2002-12-25 00:00:00+09:00,40.850074768066406,40.850074768066406,40.850074768066406,40.850074768066406,1200,0.0,0.0
2002-12-26 00:00:00+09:00,41.45525216075862,41.45525216075862,40.471824645996094,40.471824645996094,4400,0.0,0.0
2002-12-27 00:00:00+09:00,41.98478814533778,42.36302947998047,41.98478814533778,42.36302947998047,4000,0.0,0.0
2002-12-30 00:00:00+09:00,43.87599563598633,43.87599563598633,43.87599563598633,43.87599563598633,14800,0.0,0.0
2002-12-31 00:00:00+09:00,43.87599563598633,43.87599563598633,43.87599563598633,43.87599563598633,0,0.0,0.0
2003-01-01 00:00:00+09:00,43.87599563598633,43.87599563598633,43.87599563598633,43.87599563598633,0,0.0,0.0
2003-01-02 00:00:00+09:00,43.87599563598633,43.87599563598633,43.87599563598633,43.87599563598633,0,0.0,0.0
2003-01-03 00:00:00+09:00,43.87599563598633,43.87599563598633,43.87599563598633,43.87599563598633,0,0.0,0.0
2003-01-06 00:00:00+09:00,43.724700927734375,43.724700927734375,43.724700927734375,43.724700927734375,2000,0.0,0.0
2003-01-07 00:00:00+09:00,42.43867874145508,42.43867874145508,42.43867874145508,42.43867874145508,800,0.0,0.0
2003-01-08 00:00:00+09:00,42.36302947998047,42.36302947998047,42.36302947998047,42.36302947998047,800,0.0,0.0
2003-01-09 00:00:00+09:00,42.36302947998047,42.36302947998047,42.36302947998047,42.36302947998047,4000,0.0,0.0
2003-01-10 00:00:00+09:00,42.36302947998047,42.36302947998047,42.36302947998047,42.36302947998047,400,0.0,0.0
2003-01-13 00:00:00+09:00,42.36302947998047,42.36302947998047,42.36302947998047,42.36302947998047,0,0.0,0.0
2003-01-14 00:00:00+09:00,43.87600377400716,45.38896942138672,43.11952095031738,45.38896942138672,13600,0.0,0.0
2003-01-15 00:00:00+09:00,45.388952786805206,46.14543533325196,45.388952786805206,46.14543533325195,20000,0.0,0.0
2003-01-16 00:00:00+09:00,45.31332113901774,45.38896942138672,45.31332113901774,45.38896942138672,4000,0.0,0.0
2003-01-17 00:00:00+09:00,45.38896942138672,45.38896942138672,45.38896942138672,45.38896942138672,14400,0.0,0.0
2003-01-20 00:00:00+09:00,45.38896942138672,45.38896942138672,45.38896942138672,45.38896942138672,6000,0.0,0.0
2003-01-21 00:00:00+09:00,45.99415568033854,45.99415568033854,45.38896942138672,45.38896942138672,5600,0.0,0.0
2003-01-22 00:00:00+09:00,46.069801330566406,46.069801330566406,46.069801330566406,46.069801330566406,1200,0.0,0.0
2003-01-23 00:00:00+09:00,46.069801330566406,46.069801330566406,46.069801330566406,46.069801330566406,5200,0.0,0.0
2003-01-24 00:00:00+09:00,46.06979517308079,47.05322265625,46.06979517308079,47.05322265625,169200,0.0,0.0
2003-01-27 00:00:00+09:00,48.56618855627781,48.56618855627781,46.22109222412109,46.221092224121094,6000,0.0,0.0
2003-01-28 00:00:00+09:00,46.372398376464844,46.372398376464844,46.372398376464844,46.372398376464844,0,0.0,0.0
2003-01-29 00:00:00+09:00,46.296731842541305,46.296731842541305,46.14543533325196,46.14543533325195,2800,0.0,0.0
2003-01-30 00:00:00+09:00,46.52367764427549,47.65840148925781,46.52367764427549,47.65840148925781,6400,0.0,0.0
2003-01-31 00:00:00+09:00,48.414878845214844,48.414878845214844,48.414878845214844,48.414878845214844,6000,0.0,0.0
2003-02-03 00:00:00+09:00,48.339237231592975,48.339237231592975,46.90192031860351,46.901920318603516,12000,0.0,0.0
2003-02-04 00:00:00+09:00,46.90192031860351,46.90192031860351,46.90192031860351,46.901920318603516,2800,0.0,0.0
2003-02-05 00:00:00+09:00,46.90192031860351,46.90192031860351,46.90192031860351,46.901920318603516,0,0.0,0.0
2003-02-06 00:00:00+09:00,46.90192031860351,46.90192031860351,46.90192031860351,46.901920318603516,0,0.0,0.0
2003-02-07 00:00:00+09:00,46.14543533325196,46.14543533325196,46.14543533325196,46.14543533325195,1200,0.0,0.0
2003-02-10 00:00:00+09:00,46.14543533325196,46.14543533325196,46.14543533325196,46.14543533325195,800,0.0,0.0
2003-02-11 00:00:00+09:00,46.14543533325196,46.14543533325196,46.14543533325196,46.14543533325195,0,0.0,0.0
2003-02-12 00:00:00+09:00,46.52367766722692,49.24701489652801,46.52367766722692,49.09571838378906,18000,0.0,0.0
2003-02-13 00:00:00+09:00,49.02006149291992,49.02006149291992,49.02006149291992,49.02006149291992,0,0.0,0.0
2003-02-14 00:00:00+09:00,48.03665260099015,48.112300872802734,48.03665260099015,48.112300872802734,88800,0.0,0.0
2003-02-17 00:00:00+09:00,51.341309952735905,51.66421127319336,51.341309952735905,51.66421127319336,30000,10.0,0.0
2003-02-18 00:00:00+09:00,51.502765655517585,51.502765655517585,51.502765655517585,51.50276565551758,400,0.0,0.0
2003-02-19 00:00:00+09:00,51.01840591430664,51.01840591430664,51.01840591430664,51.01840591430664,400,0.0,0.0
2003-02-20 00:00:00+09:00,51.01840591430664,51.01840591430664,51.01840591430664,51.01840591430664,4000,0.0,0.0
2003-02-21 00:00:00+09:00,51.01840591430664,51.01840591430664,51.01840591430664,51.01840591430664,12000,0.0,0.0
2003-02-24 00:00:00+09:00,51.58348319500307,51.58348319500307,51.01840591430664,51.01840591430664,12800,0.0,0.0
2003-02-25 00:00:00+09:00,50.695515834547415,50.695515834547415,49.56536102294922,49.56536102294922,12400,0.0,0.0
2003-02-26 00:00:00+09:00,50.049704074081745,50.049704074081745,49.48462677001953,49.48462677001953,27600,0.0,0.0
2003-02-27 00:00:00+09:00,49.48462677001953,49.48462677001953,49.48462677001953,49.48462677001953,0,0.0,0.0
2003-02-28 00:00:00+09:00,51.58348196613299,51.58348196613299,51.17985534667969,51.17985534667969,4800,0.0,0.0
2003-03-03 00:00:00+09:00,51.17985534667969,51.17985534667969,51.17985534667969,51.17985534667969,0,0.0,0.0
2003-03-04 00:00:00+09:00,50.049705505371094,50.049705505371094,50.049705505371094,50.049705505371094,12400,0.0,0.0
2003-03-05 00:00:00+09:00,50.049705505371094,50.049705505371094,50.049705505371094,50.049705505371094,2000,0.0,0.0
2003-03-06 00:00:00+09:00,50.85694885253906,50.85694885253906,48.03156280517578,48.03156280517578,4400,0.0,0.0
2003-03-07 00:00:00+09:00,46.98214463858769,46.98214463858769,46.82069396972656,46.82069396972656,5200,0.0,0.0
2003-03-10 00:00:00+09:00,46.82069492340088,46.82069492340088,45.2061882019043,45.2061882019043,13200,0.0,0.0
2003-03-11 00:00:00+09:00,44.31820110824873,44.31820110824873,42.784420013427734,42.784420013427734,7200,0.0,0.0
2003-03-12 00:00:00+09:00,41.654273986816406,41.97717533555142,41.573548649632656,41.654273986816406,38800,0.0,0.0
2003-03-13 00:00:00+09:00,41.815728512802565,41.896453857421875,41.815728512802565,41.896453857421875,10000,0.0,0.0
2003-03-14 00:00:00+09:00,42.13863754272461,42.13863754272461,42.13863754272461,42.13863754272461,0,0.0,0.0
2003-03-17 00:00:00+09:00,42.78441395395517,43.349491119384766,42.78441395395517,43.349491119384766,2800,0.0,0.0
2003-03-18 00:00:00+09:00,42.78442884172712,42.78442884172712,42.380802154541016,42.380802154541016,4000,0.0,0.0
2003-03-19 00:00:00+09:00,44.31821823120117,44.31821823120117,44.31821823120117,44.31821823120117,4400,0.0,0.0
2003-03-20 00:00:00+09:00,44.39894358317058,44.39894358317058,44.31821823120117,44.31821823120117,3600,0.0,0.0
2003-03-21 00:00:00+09:00,44.31821823120117,44.31821823120117,44.31821823120117,44.31821823120117,0,0.0,0.0
2003-03-24 00:00:00+09:00,48.03156280517578,48.03156280517578,48.03156280517578,48.03156280517578,4000,0.0,0.0
2003-03-25 00:00:00+09:00,46.82069396972656,46.82069396972656,46.82069396972656,46.82069396972656,0,0.0,0.0
2003-03-26 00:00:00+09:00,46.82069396972656,46.82069396972656,46.82069396972656,46.82069396972656,400,0.0,0.0
2003-03-27 00:00:00+09:00,46.7399787902832,46.7399787902832,46.7399787902832,46.7399787902832,4000,0.0,0.0
2003-03-28 00:00:00+09:00,42.13863754272461,42.13863754272461,42.13863754272461,42.13863754272461,4000,0.0,0.0
2003-03-31 00:00:00+09:00,46.174889204237196,46.174889204237196,43.591678619384766,43.591678619384766,5200,0.0,0.0
2003-04-01 00:00:00+09:00,42.784428119659424,45.2061882019043,42.38080143928528,45.2061882019043,10400,0.0,0.0
2003-04-02 00:00:00+09:00,43.99531173706055,43.99531173706055,43.99531173706055,43.99531173706055,1200,0.0,0.0
2003-04-03 00:00:00+09:00,46.41706848144531,46.41706848144531,46.41706848144531,46.41706848144531,400,0.0,0.0
2003-04-04 00:00:00+09:00,43.99530527326796,43.99530527326796,42.300073326958554,43.591678619384766,77600,0.0,0.0
2003-04-07 00:00:00+09:00,45.2061882019043,45.2061882019043,45.2061882019043,45.2061882019043,1600,0.0,0.0
2003-04-08 00:00:00+09:00,45.286913537979125,45.286913537979125,45.2061882019043,45.2061882019043,13200,0.0,0.0
2003-04-09 00:00:00+09:00,43.18805694580078,43.18805694580078,43.18805694580078,43.18805694580078,800,0.0,0.0
2003-04-10 00:00:00+09:00,43.18805694580078,43.18805694580078,43.18805694580078,43.18805694580078,0,0.0,0.0
2003-04-11 00:00:00+09:00,43.349505472183225,45.2061882019043,43.349505472183225,45.2061882019043,22400,0.0,0.0
2003-04-14 00:00:00+09:00,45.2061882019043,45.2061882019043,45.2061882019043,45.2061882019043,0,0.0,0.0
2003-04-15 00:00:00+09:00,45.20619451349432,45.20619451349432,44.39894104003906,44.39894104003906,11600,0.0,0.0
2003-04-16 00:00:00+09:00,45.2061882019043,45.2061882019043,45.2061882019043,45.2061882019043,0,0.0,0.0
2003-04-17 00:00:00+09:00,46.01344299316406,46.01344299316406,46.01344299316406,46.01344299316406,400,0.0,0.0
2003-04-18 00:00:00+09:00,46.01344299316406,46.01344299316406,46.01344299316406,46.01344299316406,800,0.0,0.0
2003-04-21 00:00:00+09:00,46.01344299316406,46.01344299316406,45.93271765457957,46.01344299316406,8800,0.0,0.0
2003-04-22 00:00:00+09:00,46.01344156265259,46.01344156265259,45.2061882019043,45.2061882019043,4000,0.0,0.0
2003-04-23 00:00:00+09:00,45.2061882019043,45.2061882019043,45.2061882019043,45.2061882019043,400,0.0,0.0
2003-04-24 00:00:00+09:00,45.28690782204653,47.22431564331055,45.20618249616053,47.22431564331055,10800,0.0,0.0
2003-04-25 00:00:00+09:00,46.82069396972656,46.82069396972656,46.82069396972656,46.82069396972656,0,0.0,0.0
2003-04-28 00:00:00+09:00,46.65924835205078,46.65924835205078,46.65924835205078,46.65924835205078,0,0.0,0.0
2003-04-29 00:00:00+09:00,46.65924835205078,46.65924835205078,46.65924835205078,46.65924835205078,0,0.0,0.0
2003-04-30 00:00:00+09:00,48.03157521123472,48.03157521123472,46.41706848144531,46.41706848144531,6000,0.0,0.0
2003-05-01 00:00:00+09:00,46.41707357433107,46.497798919677734,46.41707357433107,46.497798919677734,2800,0.0,0.0
2003-05-02 00:00:00+09:00,47.95084536183767,47.95084536183767,44.398930890590435,44.47965621948242,12800,0.0,0.0
2003-05-05 00:00:00+09:00,44.47965621948242,44.47965621948242,44.47965621948242,44.47965621948242,0,0.0,0.0
2003-05-06 00:00:00+09:00,45.28691614201639,45.60981750488281,45.20619080129978,45.60981750488281,3200,0.0,0.0
2003-05-07 00:00:00+09:00,46.01344299316406,46.01344299316406,46.01344299316406,46.01344299316406,2000,0.0,0.0
2003-05-08 00:00:00+09:00,44.80255421938502,45.932708740234375,44.80255421938502,45.932708740234375,9200,0.0,0.0
2003-05-09 00:00:00+09:00,46.01344179899797,46.41706848144531,46.01344179899797,46.41706848144531,4400,0.0,0.0
2003-05-12 00:00:00+09:00,46.41706238445054,47.22431564331055,46.41706238445054,47.22431564331055,1200,0.0,0.0
2003-05-13 00:00:00+09:00,47.4665032196045,48.43520736694336,47.4665032196045,48.43520736694336,4800,0.0,0.0
2003-05-14 00:00:00+09:00,48.43519887616557,50.049705505371094,48.43519887616557,50.049705505371094,4800,0.0,0.0
2003-05-15 00:00:00+09:00,47.70867925643921,48.43520736694336,47.70867925643921,48.43520736694336,2400,0.0,0.0
2003-05-16 00:00:00+09:00,47.6279296875,47.6279296875,47.54720438294491,47.6279296875,4800,0.0,0.0
2003-05-19 00:00:00+09:00,48.35447692871094,48.35447692871094,48.35447692871094,48.35447692871094,1600,0.0,0.0
2003-05-20 00:00:00+09:00,48.43520736694336,48.43520736694336,48.43520736694336,48.43520736694336,4000,0.0,0.0
2003-05-21 00:00:00+09:00,48.59664665209516,48.677371978759766,48.59664665209516,48.677371978759766,2000,0.0,0.0
2003-05-22 00:00:00+09:00,48.75808395127118,49.24243577860169,47.6279296875,47.6279296875,14400,0.0,0.0
2003-05-23 00:00:00+09:00,47.6279296875,47.6279296875,47.6279296875,47.6279296875,2400,0.0,0.0
2003-05-26 00:00:00+09:00,48.435182733050844,48.435182733050844,47.6279296875,47.6279296875,4400,0.0,0.0
2003-05-27 00:00:00+09:00,47.6279296875,47.6279296875,47.6279296875,47.6279296875,4000,0.0,0.0
2003-05-28 00:00:00+09:00,47.4665032196045,48.43520736694336,46.82070045471192,48.43520736694336,9200,0.0,0.0
2003-05-29 00:00:00+09:00,48.43520736694336,48.43520736694336,48.43520736694336,48.43520736694336,14000,0.0,0.0
2003-05-30 00:00:00+09:00,48.435202265820635,49.24245563691765,48.35447692871094,48.35447692871094,112400,0.0,0.0
2003-06-02 00:00:00+09:00,48.4352011758773,49.24245452880859,48.4352011758773,49.242454528808594,2000,0.0,0.0
2003-06-03 00:00:00+09:00,48.515933990478516,48.838835381430115,48.515933990478516,48.515933990478516,2000,0.0,0.0
2003-06-04 00:00:00+09:00,48.515920112546816,49.080997385072315,48.515920112546816,48.83882141113281,4800,0.0,0.0
2003-06-05 00:00:00+09:00,49.081002224116965,49.081002224116965,47.627946237218765,47.70867156982422,16800,0.0,0.0
2003-06-06 00:00:00+09:00,48.11228812081473,48.11228812081473,48.03156280517578,48.03156280517578,2000,0.0,0.0
2003-06-09 00:00:00+09:00,48.838835381430115,48.838835381430115,48.515933990478516,48.515933990478516,3200,0.0,0.0
2003-06-10 00:00:00+09:00,48.43520736694336,48.43520736694336,48.43520736694336,48.43520736694336,9200,0.0,0.0
2003-06-11 00:00:00+09:00,48.83882141113281,49.24244803436532,48.83882141113281,48.83882141113281,6400,0.0,0.0
2003-06-12 00:00:00+09:00,49.000272142259696,49.080997467041016,49.000272142259696,49.080997467041016,1600,0.0,0.0
2003-06-13 00:00:00+09:00,49.56536610921224,50.04971822102865,49.56536610921224,49.888267517089844,10000,0.0,0.0
2003-06-16 00:00:00+09:00,47.6279296875,47.6279296875,47.6279296875,47.6279296875,8000,0.0,0.0
2003-06-17 00:00:00+09:00,49.88825736099761,50.1304333676044,49.88825736099761,49.9689826965332,10000,0.0,0.0
2003-06-18 00:00:00+09:00,50.453329843188094,50.856956481933594,50.453329843188094,50.856956481933594,4400,0.0,0.0
2003-06-19 00:00:00+09:00,52.229297541821104,52.47147357369972,51.26059341430665,51.26059341430664,10800,0.0,0.0
2003-06-20 00:00:00+09:00,50.049705505371094,50.049705505371094,50.049705505371094,50.049705505371094,400,0.0,0.0
2003-06-23 00:00:00+09:00,54.89322901483792,54.89322901483792,53.68234896304003,54.085975646972656,5200,0.0,0.0
2003-06-24 00:00:00+09:00,54.08597420201157,54.08597420201157,53.27872085571289,53.27872085571289,6800,0.0,0.0
2003-06-25 00:00:00+09:00,52.06783968703191,53.68234634399414,52.06783968703191,53.68234634399414,8000,0.0,0.0
2003-06-26 00:00:00+09:00,53.60163240872896,53.68235775874211,52.471477508544915,52.47147750854492,28000,0.0,0.0
2003-06-27 00:00:00+09:00,52.47146635127247,53.68234634399414,52.47146635127247,53.68234634399414,7200,0.0,0.0
2003-06-30 00:00:00+09:00,54.570309748415085,54.812485679251246,54.08595788674276,54.166683197021484,15600,0.0,0.0
2003-07-01 00:00:00+09:00,54.48959146325737,56.50772448041505,54.48959146325737,55.78119659423828,47600,0.0,0.0
2003-07-02 00:00:00+09:00,57.39572276308251,59.09095508097946,57.39572276308251,58.68732833862305,18800,0.0,0.0
2003-07-03 00:00:00+09:00,58.52588017781576,58.68733088175456,55.94266891479492,55.94266891479492,39600,0.0,0.0
2003-07-04 00:00:00+09:00,55.61976132843491,57.31499353147865,55.054683927420335,57.23426818847656,15600,0.0,0.0
2003-07-07 00:00:00+09:00,56.83063371930803,56.83063371930803,56.50773239135742,56.50773239135742,17600,0.0,0.0
2003-07-08 00:00:00+09:00,56.507746378580734,56.507746378580734,55.781218210856125,55.94266891479492,23200,0.0,0.0
2003-07-09 00:00:00+09:00,55.70047378540039,55.70047378540039,55.70047378540039,55.70047378540039,4800,0.0,0.0
2003-07-10 00:00:00+09:00,55.70049285888672,56.104119618733726,55.29686609903972,55.94266891479492,26800,0.0,0.0
2003-07-11 00:00:00+09:00,56.42702102661133,56.507746378580734,56.02339426676433,56.42702102661133,17600,0.0,0.0
2003-07-14 00:00:00+09:00,56.42701187694774,56.42701187694774,54.893230438232415,54.89323043823242,7200,0.0,0.0
2003-07-15 00:00:00+09:00,54.973972388373475,54.973972388373475,54.32816948219582,54.489620208740234,7200,0.0,0.0
2003-07-16 00:00:00+09:00,54.489599091666086,56.50773239135742,54.08597243172782,56.50773239135742,6800,0.0,0.0
2003-07-17 00:00:00+09:00,54.89321098952997,54.89321098952997,54.166683197021484,54.166683197021484,7600,0.0,0.0
2003-07-18 00:00:00+09:00,54.1666997444062,54.24742507934571,54.1666997444062,54.2474250793457,1200,0.0,0.0
2003-07-21 00:00:00+09:00,54.24742507934571,54.24742507934571,54.24742507934571,54.2474250793457,0,0.0,0.0
2003-07-22 00:00:00+09:00,54.24743156267008,55.61976242065429,54.24743156267008,55.6197624206543,4800,0.0,0.0
2003-07-23 00:00:00+09:00,55.21613816237202,55.29686351056262,54.3281593322754,54.32815933227539,8800,0.0,0.0
2003-07-24 00:00:00+09:00,54.408870697021484,54.408870697021484,54.408870697021484,54.408870697021484,2800,0.0,0.0
2003-07-25 00:00:00+09:00,54.489613832348454,55.29686737060547,54.489613832348454,55.29686737060547,37600,0.0,0.0
2003-07-28 00:00:00+09:00,55.70048917241457,58.12224957121521,55.37758778590782,57.63789749145508,74400,0.0,0.0
2003-07-29 00:00:00+09:00,57.799345899748324,60.14038085937501,57.71862055631292,60.140380859375,42000,0.0,0.0
2003-07-30 00:00:00+09:00,58.929517054752694,59.333143883894834,58.929517054752694,59.252418518066406,10800,0.0,0.0
2003-07-31 00:00:00+09:00,60.05963579313023,61.91631808243398,59.33310794079397,61.512691497802734,73200,0.0,0.0
2003-08-01 00:00:00+09:00,61.997069044237016,65.46825910791175,61.997069044237016,62.15851974487305,87200,0.0,0.0
2003-08-04 00:00:00+09:00,62.562138091141236,66.19477836740104,62.562138091141236,65.7104263305664,83600,0.0,0.0
2003-08-05 00:00:00+09:00,66.51767330988784,66.51767330988784,64.66099068109243,65.79114532470703,70800,0.0,0.0
2003-08-06 00:00:00+09:00,64.98389019543612,64.98389019543612,63.77301025390626,63.77301025390625,21200,0.0,0.0
2003-08-07 00:00:00+09:00,63.369389778528465,63.77301646501591,62.15850971906613,62.965763092041016,23600,0.0,0.0
2003-08-08 00:00:00+09:00,62.15850090643867,62.96575416496385,62.15850090643867,62.88502883911133,6800,0.0,0.0
2003-08-11 00:00:00+09:00,62.158522284710344,62.965775820875415,62.158522284710344,62.31997299194336,14000,0.0,0.0
2003-08-12 00:00:00+09:00,62.40067551151399,62.56212615966797,62.158499539283014,62.56212615966797,16400,0.0,0.0
2003-08-13 00:00:00+09:00,62.72359346496272,63.611572265625,62.2392413918742,63.611572265625,25200,0.0,0.0
2003-08-14 00:00:00+09:00,62.96577070670699,62.96577070670699,62.319967930227946,62.723594665527344,38800,0.0,0.0
2003-08-15 00:00:00+09:00,65.9576416015625,65.9576416015625,65.9576416015625,65.9576416015625,8400,10.0,0.0
2003-08-18 00:00:00+09:00,64.68105091179964,64.93637084960938,64.68105091179964,64.93637084960938,2400,0.0,0.0
2003-08-19 00:00:00+09:00,66.29805235021254,66.29805235021254,65.10655975341797,65.10655975341797,4400,0.0,0.0
2003-08-20 00:00:00+09:00,65.5321044921875,65.5321044921875,65.36189123376623,65.5321044921875,18400,0.0,0.0
2003-08-21 00:00:00+09:00,66.29805755615234,66.29805755615234,66.29805755615234,66.29805755615234,400,0.0,0.0
2003-08-22 00:00:00+09:00,66.3831787109375,66.3831787109375,66.3831787109375,66.3831787109375,4000,0.0,0.0
2003-08-25 00:00:00+09:00,66.38317034888665,66.72359686349633,66.29806372023423,66.46827697753906,21600,0.0,0.0
2003-08-26 00:00:00+09:00,66.46827697753906,66.46827697753906,66.46827697753906,66.46827697753906,0,0.0,0.0
2003-08-27 00:00:00+09:00,66.38318408951449,66.63850402832031,65.53211762682841,66.63850402832031,8800,0.0,0.0
2003-08-28 00:00:00+09:00,68.08530292193502,68.08530292193502,66.46827697753906,66.46827697753906,4000,0.0,0.0
2003-08-29 00:00:00+09:00,68.08530133755053,68.42572784423828,67.65976820419084,68.42572784423828,25200,0.0,0.0
2003-09-01 00:00:00+09:00,68.51083083559467,68.85125732421875,68.42572421343866,68.85125732421875,31600,0.0,0.0
2003-09-02 00:00:00+09:00,68.76616743387935,69.10659400533419,68.59595414815192,68.68106079101562,35600,0.0,0.0
2003-09-03 00:00:00+09:00,68.76618743394931,68.76618743394931,67.23426741685638,67.31937408447266,13600,0.0,0.0
2003-09-04 00:00:00+09:00,68.42575378417969,68.42575378417969,68.0853271484375,68.0853271484375,8000,0.0,0.0
2003-09-05 00:00:00+09:00,68.0853116964992,68.0853116964992,67.23424530029297,67.23424530029297,3200,0.0,0.0
2003-09-08 00:00:00+09:00,67.23424530029297,67.23424530029297,66.38317890408673,67.23424530029297,6000,0.0,0.0
2003-09-09 00:00:00+09:00,67.23424111643146,67.23424111643146,65.61721506426412,65.9576416015625,6400,0.0,0.0
2003-09-10 00:00:00+09:00,65.95762589398552,66.3831589642693,65.10655975341797,65.10655975341797,17600,0.0,0.0
2003-09-11 00:00:00+09:00,66.38316339183703,66.38316339183703,63.82996479984329,64.5959243774414,20000,0.0,0.0
2003-09-12 00:00:00+09:00,63.915077788077745,64.25550430093035,63.06401150594622,63.40443801879883,29600,0.0,0.0
2003-09-15 00:00:00+09:00,63.40443801879883,63.40443801879883,63.40443801879883,63.40443801879883,0,0.0,0.0
2003-09-16 00:00:00+09:00,62.97891616821289,62.97891616821289,61.617209872683965,62.97891616821289,20800,0.0,0.0
2003-09-17 00:00:00+09:00,62.978893737792966,64.34059954833984,62.55336067199706,63.829959869384766,34800,0.0,0.0
2003-09-18 00:00:00+09:00,63.82995986938476,66.38315826416014,63.82995986938476,63.829959869384766,17200,0.0,0.0
2003-09-19 00:00:00+09:00,64.34062882175219,64.42573547363281,64.25552216987157,64.42573547363281,8000,0.0,0.0
2003-09-22 00:00:00+09:00,64.76615142822266,65.5321111691609,64.76615142822266,64.76615142822266,7600,0.0,0.0
2003-09-23 00:00:00+09:00,64.76615142822266,64.76615142822266,64.76615142822266,64.76615142822266,0,0.0,0.0
2003-09-24 00:00:00+09:00,64.6810531616211,64.76615981051796,64.6810531616211,64.6810531616211,8000,0.0,0.0
2003-09-25 00:00:00+09:00,64.68104479034064,64.76615142822266,64.25551160093049,64.76615142822266,3600,0.0,0.0
2003-09-26 00:00:00+09:00,64.2554931640625,64.2554931640625,64.2554931640625,64.2554931640625,5600,0.0,0.0
2003-09-29 00:00:00+09:00,63.82998799890037,63.82998799890037,62.80870819091797,62.80870819091797,2400,0.0,0.0
2003-09-30 00:00:00+09:00,64.6810531616211,64.6810531616211,64.6810531616211,64.6810531616211,5200,0.0,0.0
2003-10-01 00:00:00+09:00,64.68102600097656,64.68102600097656,63.82995986938476,63.829959869384766,2800,0.0,0.0
2003-10-02 00:00:00+09:00,63.82998432296206,64.0853042602539,63.65977103143416,64.0853042602539,3600,0.0,0.0
2003-10-03 00:00:00+09:00,62.97891616821289,62.97891616821289,62.97891616821289,62.97891616821289,2400,0.0,0.0
2003-10-06 00:00:00+09:00,63.149105072021484,63.40442490384906,62.978891850803095,63.149105072021484,14400,0.0,0.0
2003-10-07 00:00:00+09:00,63.064005646524556,63.14911226683026,57.87250180787679,60.510807037353516,64000,0.0,0.0
2003-10-08 00:00:00+09:00,61.276771545410156,61.276771545410156,61.276771545410156,61.276771545410156,2000,0.0,0.0
2003-10-09 00:00:00+09:00,61.276771545410156,61.276771545410156,60.85123840967814,61.276771545410156,4400,0.0,0.0
2003-10-10 00:00:00+09:00,61.361878012277025,61.446984639201126,60.85123825073242,60.85123825073242,34400,0.0,0.0
2003-10-13 00:00:00+09:00,60.85123825073242,60.85123825073242,60.85123825073242,60.85123825073242,0,0.0,0.0
2003-10-14 00:00:00+09:00,64.25549421874496,64.25549421874496,61.61718915810775,61.87250900268555,29600,0.0,0.0
2003-10-15 00:00:00+09:00,63.65977241217527,63.65977241217527,62.12785275519779,63.06402587890625,19600,0.0,0.0
2003-10-16 00:00:00+09:00,63.659764828889266,69.36190953949833,63.574658191417484,66.55339050292969,83200,0.0,0.0
2003-10-17 00:00:00+09:00,67.91511460220859,67.91511460220859,65.70234144474315,67.14915466308594,28400,0.0,0.0
2003-10-20 00:00:00+09:00,67.40445838341347,67.40445838341347,66.3831787109375,66.3831787109375,11600,0.0,0.0
2003-10-21 00:00:00+09:00,66.4683006286621,68.0853271484375,66.4683006286621,68.0853271484375,16000,0.0,0.0
2003-10-22 00:00:00+09:00,68.00018463134765,68.0852912454044,64.68102668313419,65.10655975341797,10000,0.0,0.0
2003-10-23 00:00:00+09:00,65.10655975341797,65.19166636747472,65.10655975341797,65.10655975341797,24800,0.0,0.0
2003-10-24 00:00:00+09:00,65.10657930977736,67.23424530029297,65.10657930977736,67.23424530029297,14800,0.0,0.0
2003-10-27 00:00:00+09:00,66.21295928955078,66.21295928955078,66.21295928955078,66.21295928955078,400,0.0,0.0
2003-10-28 00:00:00+09:00,64.76614774300597,67.74487989938602,64.76614774300597,65.19168090820312,18800,0.0,0.0
2003-10-29 00:00:00+09:00,65.10657134613433,65.5321044921875,65.10657134613433,65.5321044921875,1600,0.0,0.0
2003-10-30 00:00:00+09:00,65.10658414148253,65.10658414148253,64.93637084960938,64.93637084960938,5200,0.0,0.0
2003-10-31 00:00:00+09:00,65.10655975341797,65.10655975341797,64.93634652530446,65.10655975341797,5200,0.0,0.0
2003-11-03 00:00:00+09:00,65.10655975341797,65.10655975341797,65.10655975341797,65.10655975341797,0,0.0,0.0
2003-11-04 00:00:00+09:00,65.02145313936121,65.10655975341797,64.93634652530446,65.10655975341797,12000,0.0,0.0
2003-11-05 00:00:00+09:00,64.93635304768881,64.93635304768881,64.34060668945312,64.34060668945312,8000,0.0,0.0
2003-11-06 00:00:00+09:00,66.8938155660824,66.8938155660824,66.63849565934161,66.72360229492188,12800,0.0,0.0
2003-11-07 00:00:00+09:00,64.42571331205822,64.42571331205822,63.82996695382255,64.34060668945312,8000,0.0,0.0
2003-11-10 00:00:00+09:00,64.6810615651598,64.6810615651598,63.74488830566406,63.74488830566406,25200,0.0,0.0
2003-11-11 00:00:00+09:00,63.74486453165144,63.82997115986459,61.27677231347001,63.40443801879883,15200,0.0,0.0
2003-11-12 00:00:00+09:00,63.40443801879883,63.40443801879883,63.40443801879883,63.40443801879883,7200,0.0,0.0
2003-11-13 00:00:00+09:00,62.12784957885742,62.12784957885742,62.12784957885742,62.12784957885742,8000,0.0,0.0
2003-11-14 00:00:00+09:00,62.12783859560154,63.40443801879883,62.12783859560154,63.40443801879883,3600,0.0,0.0
2003-11-17 00:00:00+09:00,60.42571236746652,60.42571236746652,58.72357962472098,59.57464599609375,8800,0.0,0.0
2003-11-18 00:00:00+09:00,59.574639002482094,61.276771545410156,59.574639002482094,61.276771545410156,16400,0.0,0.0
2003-11-19 00:00:00+09:00,61.10655838907703,61.10655838907703,57.95761317961206,59.489532470703125,26800,0.0,0.0
2003-11-20 00:00:00+09:00,59.57465373294455,61.27678669674296,59.57465373294455,60.42572021484375,8000,0.0,0.0
2003-11-21 00:00:00+09:00,59.7448592703683,59.7448592703683,59.57464599609375,59.57464599609375,13200,0.0,0.0
2003-11-24 00:00:00+09:00,59.57464599609375,59.57464599609375,59.57464599609375,59.57464599609375,0,0.0,0.0
2003-11-25 00:00:00+09:00,59.82995532859456,59.915061950683594,59.82995532859456,59.915061950683594,10400,0.0,0.0
2003-11-26 00:00:00+09:00,59.82995407490791,60.51080703735352,59.82995407490791,60.510807037353516,2800,0.0,0.0
2003-11-27 00:00:00+09:00,60.000152587890625,60.000152587890625,59.574619590813384,60.000152587890625,7600,0.0,0.0
2003-11-28 00:00:00+09:00,60.425685584967866,60.425685584967866,60.000152587890625,60.000152587890625,7200,0.0,0.0
2003-12-01 00:00:00+09:00,60.00018697389415,60.42572021484376,60.00018697389415,60.42572021484375,10000,0.0,0.0
2003-12-02 00:00:00+09:00,60.425705116111914,60.85123825073242,60.425705116111914,60.85123825073242,3200,0.0,0.0
2003-12-03 00:00:00+09:00,60.08527537831467,60.340595245361335,60.08527537831467,60.34059524536133,6800,0.0,0.0
2003-12-04 00:00:00+09:00,60.340592152654786,60.340592152654786,60.17037891668115,60.25548553466797,12400,0.0,0.0
2003-12-05 00:00:00+09:00,60.170400270273994,61.702319937692565,60.170400270273994,60.42572021484375,26400,0.0,0.0
2003-12-08 00:00:00+09:00,60.42572021484376,60.42572021484376,60.00018697389415,60.42572021484375,19600,0.0,0.0
2003-12-09 00:00:00+09:00,60.42572021484376,60.42572021484376,60.170400270273994,60.42572021484375,10800,0.0,0.0
2003-12-10 00:00:00+09:00,60.00018152416262,61.10656785014009,59.7448616027832,59.7448616027832,20000,0.0,0.0
2003-12-11 00:00:00+09:00,59.82996824324301,59.82996824324301,59.7448616027832,59.7448616027832,18400,0.0,0.0
2003-12-12 00:00:00+09:00,62.298049926757805,62.298049926757805,62.298049926757805,62.29804992675781,1200,0.0,0.0
2003-12-15 00:00:00+09:00,60.42570041704782,60.51080703735352,60.42570041704782,60.510807037353516,6800,0.0,0.0
2003-12-16 00:00:00+09:00,60.936360103983276,60.936360103983276,60.42572021484376,60.42572021484375,11600,0.0,0.0
2003-12-17 00:00:00+09:00,60.425685584967866,60.425685584967866,60.000152587890625,60.000152587890625,15600,0.0,0.0
2003-12-18 00:00:00+09:00,59.57464599609375,59.65975263323103,59.57464599609375,59.57464599609375,29600,0.0,0.0
2003-12-19 00:00:00+09:00,59.574643672739036,62.0427360534668,58.72357733455705,62.0427360534668,27200,0.0,0.0
2003-12-22 00:00:00+09:00,61.787426585882486,61.787426585882486,60.00018697389415,60.42572021484375,13200,0.0,0.0
2003-12-23 00:00:00+09:00,60.42572021484376,60.42572021484376,60.42572021484376,60.42572021484375,0,0.0,0.0
2003-12-24 00:00:00+09:00,60.34057898555242,60.425685584967866,60.000152587890625,60.000152587890625,11200,0.0,0.0
2003-12-25 00:00:00+09:00,59.91504598847518,60.000152587890625,59.91504598847518,60.000152587890625,3600,0.0,0.0
2003-12-26 00:00:00+09:00,59.91508032570423,60.42572021484376,59.91508032570423,60.42572021484375,6000,0.0,0.0
2003-12-29 00:00:00+09:00,60.595915112407994,60.595915112407994,60.340595245361335,60.34059524536133,14800,0.0,0.0
2003-12-30 00:00:00+09:00,63.74486033121745,63.74486033121745,62.553367614746094,62.553367614746094,15600,0.0,0.0
2003-12-31 00:00:00+09:00,62.553367614746094,62.553367614746094,62.553367614746094,62.553367614746094,0,0.0,0.0
2004-01-01 00:00:00+09:00,62.553367614746094,62.553367614746094,62.553367614746094,62.553367614746094,0,0.0,0.0
2004-01-02 00:00:00+09:00,62.553367614746094,62.553367614746094,62.553367614746094,62.553367614746094,0,0.0,0.0
2004-01-05 00:00:00+09:00,62.723594665527344,62.723594665527344,62.723594665527344,62.723594665527344,2800,0.0,0.0
2004-01-06 00:00:00+09:00,62.978919231296395,63.06402587890625,62.978919231296395,63.06402587890625,3600,0.0,0.0
2004-01-07 00:00:00+09:00,63.0640312317879,63.31935119628906,63.0640312317879,63.31935119628906,3200,0.0,0.0
2004-01-08 00:00:00+09:00,63.40443801879883,63.40443801879883,63.40443801879883,63.40443801879883,9600,0.0,0.0
2004-01-09 00:00:00+09:00,63.574638135200445,64.51081085205078,63.574638135200445,64.51081085205078,25200,0.0,0.0
2004-01-12 00:00:00+09:00,64.51081085205078,64.51081085205078,64.51081085205078,64.51081085205078,0,0.0,0.0
2004-01-13 00:00:00+09:00,64.6810531616211,65.70233294838353,64.6810531616211,64.6810531616211,30800,0.0,0.0
2004-01-14 00:00:00+09:00,65.44699786297686,65.5321044921875,65.44699786297686,65.5321044921875,9200,0.0,0.0
2004-01-15 00:00:00+09:00,65.5321044921875,65.5321044921875,65.5321044921875,65.5321044921875,11200,0.0,0.0
2004-01-16 00:00:00+09:00,64.68102600097656,64.68102600097656,63.82995986938476,63.829959869384766,16400,0.0,0.0
2004-01-19 00:00:00+09:00,64.6810531616211,64.76615981051796,64.6810531616211,64.6810531616211,18800,0.0,0.0
2004-01-20 00:00:00+09:00,65.44701300169292,65.53211965058979,64.6810531616211,64.6810531616211,2000,0.0,0.0
2004-01-21 00:00:00+09:00,65.53210990086563,65.78742980957031,64.76615017475163,65.78742980957031,21600,0.0,0.0
2004-01-22 00:00:00+09:00,65.78741438966361,68.51082611083984,65.78741438966361,68.51082611083984,39600,0.0,0.0
2004-01-23 00:00:00+09:00,68.93637581400732,68.93637581400732,67.31934971466642,67.48956298828125,84400,0.0,0.0
2004-01-26 00:00:00+09:00,68.34061027469492,68.34061027469492,67.91507720947266,67.91507720947266,7600,0.0,0.0
2004-01-27 00:00:00+09:00,67.91507720947266,67.91507720947266,67.57465075729485,67.91507720947266,14400,0.0,0.0
2004-01-28 00:00:00+09:00,67.65975118282452,67.74485778808594,67.31932476177886,67.74485778808594,14800,0.0,0.0
2004-01-29 00:00:00+09:00,67.23424530029297,67.23424530029297,67.23424530029297,67.23424530029297,2800,0.0,0.0
2004-01-30 00:00:00+09:00,68.00019331039137,68.00019331039137,66.80870056152344,66.80870056152344,3600,0.0,0.0
2004-02-02 00:00:00+09:00,66.89381506577978,67.65977478027344,66.80870843083603,67.65977478027344,6000,0.0,0.0
2004-02-03 00:00:00+09:00,65.10657134613433,65.5321044921875,64.68103820008116,65.5321044921875,14000,0.0,0.0
2004-02-04 00:00:00+09:00,66.0427442674513,66.0427442674513,65.5321044921875,65.5321044921875,27200,0.0,0.0
2004-02-05 00:00:00+09:00,65.87253496723791,65.9576416015625,65.53210842993953,65.9576416015625,5600,0.0,0.0
2004-02-06 00:00:00+09:00,66.89381874181048,67.23424530029297,66.80871210218984,67.23424530029297,12800,0.0,0.0
2004-02-09 00:00:00+09:00,67.23424530029297,67.23424530029297,67.23424530029297,67.23424530029297,6800,0.0,0.0
2004-02-10 00:00:00+09:00,67.65976820419084,68.51083447091023,67.65976820419084,68.42572784423828,25600,0.0,0.0
2004-02-11 00:00:00+09:00,68.42572784423828,68.42572784423828,68.42572784423828,68.42572784423828,0,0.0,0.0
2004-02-12 00:00:00+09:00,68.42572961064982,69.10658264160156,68.42572961064982,69.10658264160156,41200,0.0,0.0
2004-02-13 00:00:00+09:00,69.10656524845427,69.61720489314729,68.9363520335566,69.36188507080078,40400,0.0,0.0
2004-02-16 00:00:00+09:00,69.44703369140625,69.7023536682129,66.04276733398437,68.0853271484375,34400,0.0,0.0
2004-02-17 00:00:00+09:00,70.95205192565918,71.66873931884766,70.86246600151061,71.66873931884766,14800,10.0,0.0
2004-02-18 00:00:00+09:00,70.86247382973725,71.66874723614387,70.86247382973725,71.22081756591797,19200,0.0,0.0
2004-02-19 00:00:00+09:00,71.2208090004014,73.01252746582031,71.2208090004014,73.01252746582031,17200,0.0,0.0
2004-02-20 00:00:00+09:00,73.01254556931026,73.46047529672934,72.29585800543974,73.28130340576172,96400,0.0,0.0
2004-02-23 00:00:00+09:00,73.46047529672934,73.90840502414844,73.10213151479408,73.28130340576172,17200,0.0,0.0
2004-02-24 00:00:00+09:00,73.2812878966766,73.81880345582094,73.2812878966766,73.72921752929688,37200,0.0,0.0
2004-02-25 00:00:00+09:00,73.46048048984856,73.46048048984856,72.56462097167969,72.56462097167969,8400,0.0,0.0
2004-02-26 00:00:00+09:00,72.56461269099538,73.4604721069336,72.38544080780774,73.4604721069336,24400,0.0,0.0
2004-02-27 00:00:00+09:00,73.9083860006677,74.35631561279297,73.9083860006677,74.35631561279297,23200,0.0,0.0
2004-03-01 00:00:00+09:00,74.35633706485524,76.14805603027344,70.77289913401884,76.14805603027344,46400,0.0,0.0
2004-03-02 00:00:00+09:00,75.96887715657553,75.96887715657553,74.62508805592856,75.25218963623047,36800,0.0,0.0
2004-03-03 00:00:00+09:00,75.07300118624309,75.25217302678304,74.80424342543314,74.89382934570312,22400,0.0,0.0
2004-03-04 00:00:00+09:00,74.89383046528292,76.14803336781158,74.80424454367372,75.70010375976562,44000,0.0,0.0
2004-03-05 00:00:00+09:00,75.96887590275254,77.93976655117301,75.96887590275254,77.04390716552734,37600,0.0,0.0
2004-03-08 00:00:00+09:00,77.93975622239908,80.62733402317146,77.93975622239908,78.92520141601562,24000,0.0,0.0
2004-03-09 00:00:00+09:00,79.82107000350952,79.82107000350952,78.83562469482422,78.83562469482422,19600,0.0,0.0
2004-03-10 00:00:00+09:00,78.83562469482422,78.83562469482422,78.83562469482422,78.83562469482422,2400,0.0,0.0
2004-03-11 00:00:00+09:00,78.92519471578758,80.62732717844361,78.92519471578758,80.17939758300781,11200,0.0,0.0
2004-03-12 00:00:00+09:00,77.93975067138672,78.65643803388222,77.49182106982703,77.93975067138672,22800,0.0,0.0
2004-03-15 00:00:00+09:00,77.93975752491062,80.17940572964943,77.93975752491062,79.2835464477539,18000,0.0,0.0
2004-03-16 00:00:00+09:00,79.37314287821452,79.55231475830078,78.38769753774008,79.55231475830078,14000,0.0,0.0
2004-03-17 00:00:00+09:00,78.83562723795573,80.62734603881836,78.83562723795573,79.55231475830078,28800,0.0,0.0
2004-03-18 00:00:00+09:00,79.55231475830078,79.55231475830078,79.55231475830078,79.55231475830078,7200,0.0,0.0
2004-03-19 00:00:00+09:00,79.64189147949219,79.64189147949219,78.83561811243321,79.64189147949219,30400,0.0,0.0
2004-03-22 00:00:00+09:00,76.9542921560782,77.93973710801866,76.9542921560782,77.4022216796875,8000,0.0,0.0
2004-03-23 00:00:00+09:00,79.19395196259912,79.19395196259912,77.40223359240457,78.02933502197266,6000,0.0,0.0
2004-03-24 00:00:00+09:00,77.93975067138672,78.02933659169865,77.40223514951508,77.93975067138672,10400,0.0,0.0
2004-03-25 00:00:00+09:00,77.4918362918316,80.08982849121094,77.40225035392197,80.08982849121094,19200,0.0,0.0
2004-03-26 00:00:00+09:00,80.62734985351562,80.7169357977973,79.73149041069878,80.62734985351562,68800,0.0,0.0
2004-03-29 00:00:00+09:00,81.25441971645562,83.31489562988281,81.16483380717617,83.31489562988281,42800,0.0,0.0
2004-03-30 00:00:00+09:00,83.7628515625,89.5859375,83.7628515625,89.5859375,125200,0.0,0.0
2004-03-31 00:00:00+09:00,91.64642316818238,107.50313568115234,91.46725127538046,107.50313568115234,387200,0.0,0.0
2004-04-01 00:00:00+09:00,107.50309734423625,109.29481563330687,103.91966076609505,107.9510269165039,249200,0.0,0.0
2004-04-02 00:00:00+09:00,106.15932467741864,109.2948321573424,103.9196764774731,108.75731658935547,245600,0.0,0.0
2004-04-05 00:00:00+09:00,112.87827502979952,121.83686828613283,112.87827502979952,121.83686828613281,471200,0.0,0.0
2004-04-06 00:00:00+09:00,120.94101628949566,120.94101628949566,107.59271152865503,111.08656311035156,218000,0.0,0.0
2004-04-07 00:00:00+09:00,109.38440193591258,109.38440193591258,104.27800479394124,107.05516815185547,234000,0.0,0.0
2004-04-08 00:00:00+09:00,103.47176875253294,103.47176875253294,98.45495572210709,102.75508117675781,117600,0.0,0.0
2004-04-09 00:00:00+09:00,97.37990591484204,102.5758898551004,97.37990591484204,102.12796020507812,58000,0.0,0.0
2004-04-12 00:00:00+09:00,102.1279562027728,109.29483032226562,102.1279562027728,109.29483032226562,75200,0.0,0.0
2004-04-13 00:00:00+09:00,109.29480593223272,113.77410125732422,107.50308780219612,113.77410125732422,124800,0.0,0.0
2004-04-14 00:00:00+09:00,115.56581938736083,120.94097377747063,113.77410125732422,113.77410125732422,250400,0.0,0.0
2004-04-15 00:00:00+09:00,113.77414125011813,113.77414125011813,105.71140683081843,111.08656311035156,71200,0.0,0.0
2004-04-16 00:00:00+09:00,105.71139478800823,111.89282380527312,105.71139478800823,109.20524597167969,61600,0.0,0.0
2004-04-19 00:00:00+09:00,105.71140231605337,109.2052537485331,104.90512890855804,106.60726165771484,18400,0.0,0.0
2004-04-20 00:00:00+09:00,106.60724663092302,106.60724663092302,102.39670831860924,103.11339569091797,37200,0.0,0.0
2004-04-21 00:00:00+09:00,102.75505357161812,105.71138902747113,102.66546764871347,103.02381134033203,26000,0.0,0.0
2004-04-22 00:00:00+09:00,107.50310673526768,107.50310673526768,104.81552906688599,107.41352081298828,67600,0.0,0.0
2004-04-23 00:00:00+09:00,110.19069993039395,110.19069993039395,103.471754812687,105.26347351074219,32000,0.0,0.0
2004-04-26 00:00:00+09:00,105.26348702112834,107.50313568115234,105.26348702112834,107.50313568115234,32800,0.0,0.0
2004-04-27 00:00:00+09:00,107.41352359027,107.50310951486573,103.02381328507965,105.08428955078125,40400,0.0,0.0
2004-04-28 00:00:00+09:00,103.38216530597272,105.62181360116277,103.02382157874231,103.74050903320312,31600,0.0,0.0
2004-04-29 00:00:00+09:00,103.74050903320312,103.74050903320312,103.74050903320312,103.74050903320312,0,0.0,0.0
2004-04-30 00:00:00+09:00,103.83010229240278,104.81554761183025,103.38217260175395,104.18844604492188,32000,0.0,0.0
2004-05-03 00:00:00+09:00,104.18844604492188,104.18844604492188,104.18844604492188,104.18844604492188,0,0.0,0.0
2004-05-04 00:00:00+09:00,104.18844604492188,104.18844604492188,104.18844604492188,104.18844604492188,0,0.0,0.0
2004-05-05 00:00:00+09:00,104.18844604492188,104.18844604492188,104.18844604492188,104.18844604492188,0,0.0,0.0
2004-05-06 00:00:00+09:00,103.0238335708092,103.91969299316406,102.12797414845433,103.91969299316406,47200,0.0,0.0
2004-05-07 00:00:00+09:00,103.91969045003256,103.91969045003256,102.57590134938559,103.2030029296875,20400,0.0,0.0
2004-05-10 00:00:00+09:00,102.12797164916992,102.12797164916992,96.75281524658203,96.75281524658203,44000,0.0,0.0
2004-05-11 00:00:00+09:00,94.9610595703125,94.9610595703125,93.16934146521227,94.9610595703125,41200,0.0,0.0
2004-05-12 00:00:00+09:00,95.05067380038176,99.44038446599788,94.9610878684304,98.54452514648438,73600,0.0,0.0
2004-05-13 00:00:00+09:00,97.64866370485541,102.12796020507812,97.64866370485541,102.12796020507812,52800,0.0,0.0
2004-05-14 00:00:00+09:00,96.75280440481086,102.12796020507812,95.85694510476631,102.12796020507812,30800,0.0,0.0
2004-05-17 00:00:00+09:00,96.75281857981265,96.75281857981265,92.00476359395147,92.27352142333984,23600,0.0,0.0
2004-05-18 00:00:00+09:00,91.377624813873,93.16934294747834,88.69004761346497,90.48176574707031,82000,0.0,0.0
2004-05-19 00:00:00+09:00,90.57137720281428,99.52997039794923,90.57137720281428,98.54452514648438,43600,0.0,0.0
2004-05-20 00:00:00+09:00,95.85696411132812,95.85696411132812,95.85696411132812,95.85696411132812,4400,0.0,0.0
2004-05-21 00:00:00+09:00,98.544542544356,98.544542544356,90.48180724527234,95.85696411132812,19200,0.0,0.0
2004-05-24 00:00:00+09:00,95.85694665307398,99.44038391113281,94.06522802404456,99.44038391113281,48800,0.0,0.0
2004-05-25 00:00:00+09:00,98.09659604413794,98.09659604413794,97.64866638183594,97.64866638183594,2800,0.0,0.0
2004-05-26 00:00:00+09:00,97.64868306668005,97.64868306668005,95.85696411132812,95.85696411132812,12000,0.0,0.0
2004-05-27 00:00:00+09:00,95.85696092292444,99.44039871443564,95.85696092292444,96.0361328125,19200,0.0,0.0
2004-05-28 00:00:00+09:00,94.9610878684304,98.54452514648438,94.9610878684304,98.54452514648438,2800,0.0,0.0
2004-05-31 00:00:00+09:00,100.3362343405837,101.94878096391452,100.3362343405837,101.68002319335938,31600,0.0,0.0
2004-06-01 00:00:00+09:00,96.30486778225668,101.76960911687776,96.30486778225668,101.68002319335938,4400,0.0,0.0
2004-06-02 00:00:00+09:00,96.39446704418627,96.57363891601562,96.39446704418627,96.57363891601562,2400,0.0,0.0
2004-06-03 00:00:00+09:00,96.39446704418627,97.20074046741831,96.3048811082716,96.57363891601562,34400,0.0,0.0
2004-06-04 00:00:00+09:00,97.55906397955758,100.33622741699219,96.75279072352818,100.33622741699219,14000,0.0,0.0
2004-06-07 00:00:00+09:00,98.54450907026018,100.33622741699219,98.54450907026018,100.33622741699219,20000,0.0,0.0
2004-06-08 00:00:00+09:00,100.33624378551137,100.33624378551137,96.7528065074574,98.54452514648438,11200,0.0,0.0
2004-06-09 00:00:00+09:00,98.54452514648438,98.54452514648438,97.64866582697088,98.54452514648438,19200,0.0,0.0
2004-06-10 00:00:00+09:00,98.0965950089842,98.0965950089842,96.84239196777344,96.84239196777344,8000,0.0,0.0
2004-06-11 00:00:00+09:00,96.75279072352818,100.33622741699219,96.75279072352818,100.33622741699219,24400,0.0,0.0
2004-06-14 00:00:00+09:00,99.44038446599788,99.44038446599788,98.54452514648438,98.54452514648438,6400,0.0,0.0
2004-06-15 00:00:00+09:00,98.54451609923775,102.57588266693385,98.54451609923775,101.23209381103516,120000,0.0,0.0
2004-06-16 00:00:00+09:00,101.23210090503359,102.12796020507812,98.54452300489994,102.12796020507812,24800,0.0,0.0
2004-06-17 00:00:00+09:00,100.33622741699219,102.12794576372418,98.63409498759678,100.33622741699219,24400,0.0,0.0
2004-06-18 00:00:00+09:00,99.52995241344716,100.87374114990234,99.44036649768348,100.87374114990234,4800,0.0,0.0
2004-06-21 00:00:00+09:00,100.51539925166539,100.51539925166539,100.33622741699219,100.33622741699219,20400,0.0,0.0
2004-06-22 00:00:00+09:00,100.78416419240226,101.23209381103516,100.42582049749593,101.23209381103516,11200,0.0,0.0
2004-06-23 00:00:00+09:00,102.12796020507812,102.12796020507812,101.23210090503359,102.12796020507812,48400,0.0,0.0
2004-06-24 00:00:00+09:00,102.12794576372418,102.21753168106079,100.33622741699219,100.33622741699219,20800,0.0,0.0
2004-06-25 00:00:00+09:00,100.42581333432878,100.42581333432878,99.44036824362618,100.33622741699219,1600,0.0,0.0
2004-06-28 00:00:00+09:00,100.33622741699219,100.33622741699219,99.88829783030918,100.33622741699219,148800,0.0,0.0
2004-06-29 00:00:00+09:00,100.33622741699219,100.78415700367519,99.44036824362618,100.33622741699219,43200,0.0,0.0
2004-06-30 00:00:00+09:00,102.57588266693385,102.57588266693385,101.23209381103516,101.23209381103516,4800,0.0,0.0
2004-07-01 00:00:00+09:00,101.23209381103516,101.23209381103516,100.78416419240226,101.23209381103516,2800,0.0,0.0
2004-07-02 00:00:00+09:00,101.23209270167627,101.23209270167627,100.42581939697264,100.42581939697266,2000,0.0,0.0
2004-07-05 00:00:00+09:00,100.6049923449491,102.12795304830095,100.6049923449491,101.23209381103516,84800,0.0,0.0
2004-07-06 00:00:00+09:00,100.33623365319293,104.81552979842476,100.33623365319293,103.02381134033203,32000,0.0,0.0
2004-07-07 00:00:00+09:00,102.12795211128567,103.02381134033203,101.59043657385784,103.02381134033203,70400,0.0,0.0
2004-07-08 00:00:00+09:00,104.81553810521177,104.81553810521177,102.12796020507812,102.12796020507812,6800,0.0,0.0
2004-07-09 00:00:00+09:00,101.6800441624928,102.21755981445312,101.6800441624928,102.21755981445312,33200,0.0,0.0
2004-07-12 00:00:00+09:00,103.02381950512267,103.02381950512267,102.12796020507812,102.12796020507812,12400,0.0,0.0
2004-07-13 00:00:00+09:00,102.30713206508705,102.30713206508705,102.12796020507812,102.12796020507812,13200,0.0,0.0
2004-07-14 00:00:00+09:00,102.39671325683595,102.39671325683595,102.39671325683595,102.39671325683594,400,0.0,0.0
2004-07-15 00:00:00+09:00,103.0238335708092,103.91969299316406,102.12797414845433,103.91969299316406,40000,0.0,0.0
2004-07-16 00:00:00+09:00,103.91967033617424,103.91967033617424,103.02381110913825,103.47174072265625,48000,0.0,0.0
2004-07-19 00:00:00+09:00,103.47174072265625,103.47174072265625,103.47174072265625,103.47174072265625,0,0.0,0.0
2004-07-20 00:00:00+09:00,99.44038391113281,99.44038391113281,99.44038391113281,99.44038391113281,1200,0.0,0.0
2004-07-21 00:00:00+09:00,103.02381134033203,103.02381134033203,103.02381134033203,103.02381134033203,1200,0.0,0.0
2004-07-22 00:00:00+09:00,102.12796185467695,102.12796185467695,99.44038391113281,99.44038391113281,5600,0.0,0.0
2004-07-23 00:00:00+09:00,99.88829040527344,99.88829040527344,99.88829040527344,99.88829040527344,0,0.0,0.0
2004-07-26 00:00:00+09:00,98.54450907026018,100.33622741699219,98.54450907026018,100.33622741699219,14800,0.0,0.0
2004-07-27 00:00:00+09:00,99.44038391113281,99.5299698425843,99.44038391113281,99.44038391113281,10000,0.0,0.0
2004-07-28 00:00:00+09:00,98.90286672491777,102.12796020507812,98.90286672491777,102.12796020507812,12000,0.0,0.0
2004-07-29 00:00:00+09:00,98.63411080200748,98.9924545288086,98.63411080200748,98.9924545288086,800,0.0,0.0
2004-07-30 00:00:00+09:00,98.54452300489994,102.12796020507812,98.54452300489994,102.12796020507812,13600,0.0,0.0
2004-08-02 00:00:00+09:00,98.54450907026018,100.33622741699219,98.54450907026018,100.33622741699219,11200,0.0,0.0
2004-08-03 00:00:00+09:00,100.33622741699219,100.33622741699219,100.33622741699219,100.33622741699219,9600,0.0,0.0
2004-08-04 00:00:00+09:00,100.24665729419605,100.33624322564752,99.44038391113281,99.44038391113281,10000,0.0,0.0
2004-08-05 00:00:00+09:00,99.2612075805664,99.2612075805664,99.2612075805664,99.2612075805664,5600,0.0,0.0
2004-08-06 00:00:00+09:00,98.6340866088867,98.72367251861323,98.5445006991602,98.63408660888672,8400,0.0,0.0
2004-08-09 00:00:00+09:00,98.54452514648438,98.54452514648438,98.54452514648438,98.54452514648438,24400,0.0,0.0
2004-08-10 00:00:00+09:00,98.6341089349044,102.12796020507812,98.54452300489994,102.12796020507812,4800,0.0,0.0
2004-08-11 00:00:00+09:00,98.54452146900643,99.61955261230467,98.54452146900643,99.61955261230469,12000,0.0,0.0
2004-08-12 00:00:00+09:00,98.63411052806958,99.61955577403576,98.63411052806958,99.44038391113281,7200,0.0,0.0
2004-08-13 00:00:00+09:00,99.44040272523355,99.44040272523355,98.81330108642578,98.81330108642578,8800,0.0,0.0
2004-08-16 00:00:00+09:00,98.54452514648438,99.44038446599788,98.54452514648438,98.54452514648438,5600,0.0,0.0
2004-08-17 00:00:00+09:00,102.35613485162908,102.35613485162908,102.26316833496094,102.26316833496094,8800,10.0,0.0
2004-08-18 00:00:00+09:00,102.26316833496094,102.26316833496094,102.26316833496094,102.26316833496094,8000,0.0,0.0
2004-08-19 00:00:00+09:00,102.26319619526342,103.56472778320312,101.33353077530647,103.56472778320312,25600,0.0,0.0
2004-08-20 00:00:00+09:00,102.35615539550781,102.54208846616268,102.26318886018038,102.35615539550781,8800,0.0,0.0
2004-08-23 00:00:00+09:00,103.1928468552311,105.05217742919923,103.1928468552311,105.05217742919922,13200,0.0,0.0
2004-08-24 00:00:00+09:00,105.05216383500532,105.05216383500532,102.26316833496094,102.26316833496094,12400,0.0,0.0
2004-08-25 00:00:00+09:00,105.05217742919923,105.33107701529444,101.33351628126297,105.05217742919922,42400,0.0,0.0
2004-08-26 00:00:00+09:00,105.42404772949219,105.42404772949219,101.14758723958333,104.58734893798828,13200,0.0,0.0
2004-08-27 00:00:00+09:00,105.05217742919923,105.33107701529444,104.86624437180241,105.05217742919922,24400,0.0,0.0
2004-08-30 00:00:00+09:00,104.58734615429027,104.58734615429027,103.19284820556639,103.1928482055664,6800,0.0,0.0
2004-08-31 00:00:00+09:00,103.19285816616481,103.19285816616481,100.4038619995117,100.40386199951172,19200,0.0,0.0
2004-09-01 00:00:00+09:00,100.40384381069545,101.33350903116485,100.21791076660156,100.21791076660156,24000,0.0,0.0
2004-09-02 00:00:00+09:00,100.4038619995117,100.4038619995117,100.1249623828464,100.40386199951172,14400,0.0,0.0
2004-09-03 00:00:00+09:00,100.4038619995117,101.33352738839608,100.4038619995117,100.40386199951172,14400,0.0,0.0
2004-09-06 00:00:00+09:00,100.4038550831447,100.4038550831447,98.54452443345684,99.47418975830078,16800,0.0,0.0
2004-09-07 00:00:00+09:00,99.00938272476196,99.00938272476196,95.75555324554443,96.68521881103516,25200,0.0,0.0
2004-09-08 00:00:00+09:00,99.56715701121205,99.56715701121205,98.54452514648438,98.54452514648438,4000,0.0,0.0
2004-09-09 00:00:00+09:00,98.54452587309338,98.54452587309338,97.61486053466797,97.61486053466797,9200,0.0,0.0
2004-09-10 00:00:00+09:00,95.75552148012379,95.75552148012379,92.96652570885804,93.43135833740234,24400,0.0,0.0
2004-09-13 00:00:00+09:00,93.89619882609442,97.61486016574173,92.9665334911826,96.12739562988281,32000,0.0,0.0
2004-09-14 00:00:00+09:00,92.96652394078295,94.36102179989469,92.03685870137512,93.80322265625,41600,0.0,0.0
2004-09-15 00:00:00+09:00,94.36104583740234,94.82587857551762,92.96654762305648,94.36104583740234,7600,0.0,0.0
2004-09-16 00:00:00+09:00,94.36104583740234,94.36104583740234,92.96654762305648,94.36104583740234,8400,0.0,0.0
2004-09-17 00:00:00+09:00,95.66257750412512,95.66257750412512,94.36104583740234,94.36104583740234,6800,0.0,0.0
2004-09-20 00:00:00+09:00,94.36104583740234,94.36104583740234,94.36104583740234,94.36104583740234,0,0.0,0.0
2004-09-21 00:00:00+09:00,94.36104583740234,94.36104583740234,94.36104583740234,94.36104583740234,0,0.0,0.0
2004-09-22 00:00:00+09:00,92.9665298461914,93.05949637603759,92.9665298461914,92.9665298461914,10000,0.0,0.0
2004-09-23 00:00:00+09:00,92.9665298461914,92.9665298461914,92.9665298461914,92.9665298461914,0,0.0,0.0
2004-09-24 00:00:00+09:00,92.9665298461914,92.9665298461914,92.9665298461914,92.9665298461914,9200,0.0,0.0
2004-09-27 00:00:00+09:00,92.9665298461914,92.9665298461914,92.9665298461914,92.9665298461914,400,0.0,0.0
2004-09-28 00:00:00+09:00,92.9665298461914,92.9665298461914,92.9665298461914,92.9665298461914,3200,0.0,0.0
2004-09-29 00:00:00+09:00,92.9665298461914,93.05949637603759,92.9665298461914,92.9665298461914,6800,0.0,0.0
2004-09-30 00:00:00+09:00,92.96651623912695,93.15244927160519,90.17752075195312,90.17752075195312,22400,0.0,0.0
2004-10-01 00:00:00+09:00,90.17753395080565,92.9665298461914,89.24786865234374,92.9665298461914,19200,0.0,0.0
2004-10-04 00:00:00+09:00,92.96653053977273,92.96653053977273,92.036865234375,92.036865234375,3200,0.0,0.0
2004-10-05 00:00:00+09:00,92.96652570885804,93.89619096594663,92.96652570885804,93.43135833740234,14400,0.0,0.0
2004-10-06 00:00:00+09:00,92.96653672020035,94.63993438116395,92.96653672020035,93.89620208740234,15600,0.0,0.0
2004-10-07 00:00:00+09:00,93.98916862412256,94.36103477100335,93.89620208740234,93.89620208740234,14000,0.0,0.0
2004-10-08 00:00:00+09:00,93.05950325692055,93.89620208740234,93.05950325692055,93.89620208740234,2400,0.0,0.0
2004-10-11 00:00:00+09:00,93.89620208740234,93.89620208740234,93.89620208740234,93.89620208740234,0,0.0,0.0
2004-10-12 00:00:00+09:00,93.89620808721746,95.75553894042969,92.96654266061134,95.75553894042969,8000,0.0,0.0
2004-10-13 00:00:00+09:00,94.08213516084275,94.82586745460435,93.89620208740234,93.89620208740234,16400,0.0,0.0
2004-10-14 00:00:00+09:00,93.89620133942249,95.75553205901501,93.15246905158548,94.82586669921875,12400,0.0,0.0
2004-10-15 00:00:00+09:00,94.82586451939173,97.61486053466797,94.82586451939173,97.61486053466797,11200,0.0,0.0
2004-10-18 00:00:00+09:00,97.61486053466797,98.54452587309338,93.89619918096632,97.61486053466797,30400,0.0,0.0
2004-10-19 00:00:00+09:00,94.08214619453317,94.36104583740234,93.98917964691012,94.36104583740234,10000,0.0,0.0
2004-10-20 00:00:00+09:00,93.43136291804277,94.45399475097656,93.05949679697592,94.45399475097656,16400,0.0,0.0
2004-10-21 00:00:00+09:00,94.36104080052051,95.75553894042969,92.96654266061134,95.75553894042969,10400,0.0,0.0
2004-10-22 00:00:00+09:00,95.75553894042969,95.75553894042969,95.75553894042969,95.75553894042969,0,0.0,0.0
2004-10-25 00:00:00+09:00,95.75553205901501,95.75553205901501,94.82586669921875,94.82586669921875,7600,0.0,0.0
2004-10-26 00:00:00+09:00,94.82586044311523,94.82586044311523,92.9665298461914,92.9665298461914,34800,0.0,0.0
2004-10-27 00:00:00+09:00,92.9665298461914,92.9665298461914,92.9665298461914,92.9665298461914,4000,0.0,0.0
2004-10-28 00:00:00+09:00,92.96653124750877,92.96653124750877,91.1072006225586,91.1072006225586,17200,0.0,0.0
2004-10-29 00:00:00+09:00,91.66500520611754,93.89620208740234,91.57203866939734,93.89620208740234,7200,0.0,0.0
2004-11-01 00:00:00+09:00,93.89619514465332,93.89619514465332,92.9665298461914,92.9665298461914,2400,0.0,0.0
2004-11-02 00:00:00+09:00,92.9665298461914,92.9665298461914,92.9665298461914,92.9665298461914,3600,0.0,0.0
2004-11-03 00:00:00+09:00,92.9665298461914,92.9665298461914,92.9665298461914,92.9665298461914,0,0.0,0.0
2004-11-04 00:00:00+09:00,92.96653053977273,92.96653053977273,92.036865234375,92.036865234375,6000,0.0,0.0
2004-11-05 00:00:00+09:00,92.22279760742187,92.9665298461914,92.0368645477295,92.9665298461914,5600,0.0,0.0
2004-11-08 00:00:00+09:00,92.9665298461914,92.9665298461914,92.9665298461914,92.9665298461914,5600,0.0,0.0
2004-11-09 00:00:00+09:00,92.96653597962623,94.82586669921875,92.96653597962623,94.82586669921875,37200,0.0,0.0
2004-11-10 00:00:00+09:00,94.73290016323912,94.82586669921875,94.73290016323912,94.82586669921875,15600,0.0,0.0
2004-11-11 00:00:00+09:00,94.36104583740234,94.36104583740234,94.36104583740234,94.36104583740234,4000,0.0,0.0
2004-11-12 00:00:00+09:00,93.89620208740234,94.82586745460435,93.89620208740234,93.89620208740234,11200,0.0,0.0
2004-11-15 00:00:00+09:00,93.89620133942249,94.82586669921875,93.89620133942249,94.82586669921875,5600,0.0,0.0
2004-11-16 00:00:00+09:00,93.89619514465332,93.89619514465332,92.0368645477295,92.9665298461914,10400,0.0,0.0
2004-11-17 00:00:00+09:00,93.05949637603759,93.05949637603759,92.9665298461914,92.9665298461914,1200,0.0,0.0
2004-11-18 00:00:00+09:00,92.03687135299835,93.89620208740234,92.03687135299835,93.89620208740234,33600,0.0,0.0
2004-11-19 00:00:00+09:00,93.89619514465332,93.89619514465332,92.9665298461914,92.9665298461914,8000,0.0,0.0
2004-11-22 00:00:00+09:00,91.1072006225586,91.1072006225586,91.1072006225586,91.1072006225586,2000,0.0,0.0
2004-11-23 00:00:00+09:00,91.1072006225586,91.1072006225586,91.1072006225586,91.1072006225586,0,0.0,0.0
2004-11-24 00:00:00+09:00,91.7579574584961,91.7579574584961,91.7579574584961,91.7579574584961,0,0.0,0.0
2004-11-25 00:00:00+09:00,92.9665298461914,92.9665298461914,92.9665298461914,92.9665298461914,7200,0.0,0.0
2004-11-26 00:00:00+09:00,91.1072006225586,91.2931336850536,91.1072006225586,91.1072006225586,6000,0.0,0.0
2004-11-29 00:00:00+09:00,91.10718647638956,91.10718647638956,89.24785614013672,89.24785614013672,12400,0.0,0.0
2004-11-30 00:00:00+09:00,90.17754119419494,90.17754119419494,87.38854507478685,87.57447814941406,9200,0.0,0.0
2004-12-01 00:00:00+09:00,86.9237060546875,86.9237060546875,86.45887340198864,86.9237060546875,30400,0.0,0.0
2004-12-02 00:00:00+09:00,86.45887340198864,86.9237060546875,86.45887340198864,86.9237060546875,4800,0.0,0.0
2004-12-03 00:00:00+09:00,87.85337136008523,87.85337136008523,86.45887340198864,86.9237060546875,6800,0.0,0.0
2004-12-06 00:00:00+09:00,86.45886928477186,87.38853454589844,85.99403665420857,87.38853454589844,20400,0.0,0.0
2004-12-07 00:00:00+09:00,86.9237060546875,86.9237060546875,86.9237060546875,86.9237060546875,2800,0.0,0.0
2004-12-08 00:00:00+09:00,86.9237060546875,87.01667258522728,86.9237060546875,86.9237060546875,16000,0.0,0.0
2004-12-09 00:00:00+09:00,87.38855833648354,87.38855833648354,86.45889282226562,86.45889282226562,12400,0.0,0.0
2004-12-10 00:00:00+09:00,87.38855833648354,87.38855833648354,86.45889282226562,86.45889282226562,28800,0.0,0.0
2004-12-13 00:00:00+09:00,85.5292080965909,86.9237060546875,85.5292080965909,86.9237060546875,12800,0.0,0.0
2004-12-14 00:00:00+09:00,85.9940533016039,85.9940533016039,85.52922058105469,85.52922058105469,14400,0.0,0.0
2004-12-15 00:00:00+09:00,85.06435800908686,85.06435800908686,84.50655894017481,84.59952545166016,97600,0.0,0.0
2004-12-16 00:00:00+09:00,83.66989561965346,84.32066147447298,83.20506286621094,83.20506286621094,13200,0.0,0.0
2004-12-17 00:00:00+09:00,83.29802517361111,83.66989135742188,82.83319244384765,83.66989135742188,27600,0.0,0.0
2004-12-20 00:00:00+09:00,84.13472408718532,84.13472408718532,83.66989135742188,83.66989135742188,10400,0.0,0.0
2004-12-21 00:00:00+09:00,83.76285790337457,84.59955681694878,83.66989135742188,83.66989135742188,24000,0.0,0.0
2004-12-22 00:00:00+09:00,84.04172638274811,84.59952545166016,83.76282684829208,84.59952545166016,68400,0.0,0.0
2004-12-23 00:00:00+09:00,84.59952545166016,84.59952545166016,84.59952545166016,84.59952545166016,0,0.0,0.0
2004-12-24 00:00:00+09:00,84.59952545166016,84.59952545166016,84.22765940571878,84.59952545166016,89200,0.0,0.0
2004-12-27 00:00:00+09:00,84.69252232630514,84.69252232630514,83.11209106445312,83.11209106445312,52800,0.0,0.0
2004-12-28 00:00:00+09:00,83.66990515257848,84.32067108154297,83.66990515257848,84.32067108154297,10400,0.0,0.0
2004-12-29 00:00:00+09:00,84.41359242868947,85.25029103205753,84.32062591720413,84.59952545166016,42000,0.0,0.0
2004-12-30 00:00:00+09:00,89.24787983141447,90.17754524632504,87.85338170904862,88.3182144165039,21600,0.0,0.0
2004-12-31 00:00:00+09:00,88.3182144165039,88.3182144165039,88.3182144165039,88.3182144165039,0,0.0,0.0
2005-01-03 00:00:00+09:00,88.3182144165039,88.3182144165039,88.3182144165039,88.3182144165039,0,0.0,0.0
2005-01-04 00:00:00+09:00,88.13227025592137,88.69006943475632,87.8533706665039,87.8533706665039,14400,0.0,0.0
2005-01-05 00:00:00+09:00,88.50413707386365,92.59466441761364,88.50413707386365,92.036865234375,84400,0.0,0.0
2005-01-06 00:00:00+09:00,92.036865234375,92.96653053977273,91.10719992897728,92.036865234375,36000,0.0,0.0
2005-01-07 00:00:00+09:00,92.87356471626126,92.87356471626126,91.1072006225586,91.1072006225586,17200,0.0,0.0
2005-01-10 00:00:00+09:00,91.1072006225586,91.1072006225586,91.1072006225586,91.1072006225586,0,0.0,0.0
2005-01-11 00:00:00+09:00,91.57203189849854,92.9665298461914,91.57203189849854,92.9665298461914,16800,0.0,0.0
2005-01-12 00:00:00+09:00,92.9665298461914,92.9665298461914,92.0368645477295,92.9665298461914,79600,0.0,0.0
2005-01-13 00:00:00+09:00,92.78060278714486,92.96653585886258,92.03687050027395,92.12983703613281,18800,0.0,0.0
2005-01-14 00:00:00+09:00,92.50169719696045,92.9665298461914,92.0368645477295,92.9665298461914,92400,0.0,0.0
2005-01-17 00:00:00+09:00,92.96654266061134,95.75553894042969,92.96654266061134,95.75553894042969,49200,0.0,0.0
2005-01-18 00:00:00+09:00,95.01178038062119,95.29067993164062,94.36101476157585,95.29067993164062,31600,0.0,0.0
2005-01-19 00:00:00+09:00,95.29070098847295,95.66256713867188,95.29070098847295,95.66256713867188,39200,0.0,0.0
2005-01-20 00:00:00+09:00,94.91883323519838,95.011799771178,94.82586669921875,94.82586669921875,3200,0.0,0.0
2005-01-21 00:00:00+09:00,95.75551251667302,95.75551251667302,93.43134959151105,95.29067993164062,1600,0.0,0.0
2005-01-24 00:00:00+09:00,95.75555324554443,97.61488437652588,95.75555324554443,96.68521881103516,22400,0.0,0.0
2005-01-25 00:00:00+09:00,96.6852043670358,96.6852043670358,95.75553894042969,95.75553894042969,22800,0.0,0.0
2005-01-26 00:00:00+09:00,95.75553894042969,95.75553894042969,95.66257239776907,95.75553894042969,26000,0.0,0.0
2005-01-27 00:00:00+09:00,95.75553894042969,97.15003708033885,95.75553894042969,95.75553894042969,7600,0.0,0.0
2005-01-28 00:00:00+09:00,94.82585622303522,94.82585622303522,93.43135833740234,93.43135833740234,9600,0.0,0.0
2005-01-31 00:00:00+09:00,91.20016577911376,92.9665298461914,91.10719924926757,92.9665298461914,20400,0.0,0.0
2005-02-01 00:00:00+09:00,93.71026208496093,93.71026208496093,92.9665298461914,92.9665298461914,18400,0.0,0.0
2005-02-02 00:00:00+09:00,93.05949637603759,93.24542943572997,92.22279760742187,92.9665298461914,40400,0.0,0.0
2005-02-03 00:00:00+09:00,92.9665298461914,93.89619514465332,92.9665298461914,92.9665298461914,16800,0.0,0.0
2005-02-04 00:00:00+09:00,93.43136940380134,99.47419429061436,93.43136940380134,93.89620208740234,9200,0.0,0.0
2005-02-07 00:00:00+09:00,94.82586745460435,94.82586745460435,93.89620208740234,93.89620208740234,25200,0.0,0.0
2005-02-08 00:00:00+09:00,93.89620208740234,93.89620208740234,92.96653672020035,93.89620208740234,48400,0.0,0.0
2005-02-09 00:00:00+09:00,92.96653672020035,94.36103477100335,92.96653672020035,93.89620208740234,61600,0.0,0.0
2005-02-10 00:00:00+09:00,93.33839596557617,93.89619514465332,92.9665298461914,92.9665298461914,14800,0.0,0.0
2005-02-11 00:00:00+09:00,92.9665298461914,92.9665298461914,92.9665298461914,92.9665298461914,0,0.0,0.0
2005-02-14 00:00:00+09:00,92.96654266061134,95.75553894042969,92.96654266061134,95.75553894042969,23200,0.0,0.0
2005-02-15 00:00:00+09:00,98.17360997913839,98.65722382140017,96.91621398925781,96.91621398925781,17200,10.0,0.0
2005-02-16 00:00:00+09:00,96.91620094299317,96.91620094299317,95.85225063323975,96.7227554321289,24800,0.0,0.0
2005-02-17 00:00:00+09:00,97.68998593853124,98.65721352208105,97.68998593853124,98.4637680053711,40000,0.0,0.0
2005-02-18 00:00:00+09:00,97.59325900910392,97.59325900910392,97.49653625488281,97.49653625488281,6400,0.0,0.0
2005-02-21 00:00:00+09:00,98.6572036743164,99.04409466911764,97.68997618731329,98.6572036743164,21200,0.0,0.0
2005-02-22 00:00:00+09:00,100.3014832299103,100.3014832299103,97.59324645996094,97.59324645996094,31200,0.0,0.0
2005-02-23 00:00:00+09:00,97.59327290700124,97.59327290700124,96.62604522705078,96.62604522705078,6400,0.0,0.0
2005-02-24 00:00:00+09:00,96.7227554321289,96.7227554321289,95.27191410064698,96.7227554321289,63200,0.0,0.0
2005-02-25 00:00:00+09:00,96.7227554321289,96.7227554321289,96.7227554321289,96.7227554321289,1200,0.0,0.0
2005-02-28 00:00:00+09:00,98.65722107482362,98.65722107482362,96.81948852539062,96.81948852539062,4400,0.0,0.0
2005-03-01 00:00:00+09:00,97.78671581099185,98.1736068725586,95.27192391080808,98.1736068725586,25600,0.0,0.0
2005-03-02 00:00:00+09:00,98.0768841071669,98.56049793412532,96.72276539168334,98.1736068725586,13200,0.0,0.0
2005-03-03 00:00:00+09:00,98.17359413221045,100.01132643616316,98.17359413221045,99.62443542480469,31600,0.0,0.0
2005-03-04 00:00:00+09:00,96.8194762764314,98.56048583984375,96.23913975529395,98.56048583984375,78000,0.0,0.0
2005-03-07 00:00:00+09:00,98.65721054077149,98.65721054077149,93.82107276916504,96.7227554321289,110400,0.0,0.0
2005-03-08 00:00:00+09:00,96.72275393088577,96.81947668481666,95.85224914550781,95.85224914550781,13200,0.0,0.0
2005-03-09 00:00:00+09:00,96.04569565018298,96.62603217979132,96.04569565018298,96.43258666992188,4000,0.0,0.0
2005-03-10 00:00:00+09:00,96.72274948963567,96.72274948963567,95.75552199473933,96.2391357421875,4800,0.0,0.0
2005-03-11 00:00:00+09:00,96.72277159348538,96.72277159348538,94.78831616161567,95.65882110595703,16000,0.0,0.0
2005-03-14 00:00:00+09:00,95.27191410064698,96.7227554321289,95.27191410064698,96.7227554321289,41200,0.0,0.0
2005-03-15 00:00:00+09:00,96.72275000440334,97.68997750444737,96.52930450439453,96.52930450439453,126800,0.0,0.0
2005-03-16 00:00:00+09:00,97.68999304560018,98.65722069951701,95.36864667619977,98.1736068725586,32800,0.0,0.0
2005-03-17 00:00:00+09:00,99.04410282258064,99.04410282258064,98.46376628260458,98.94738006591797,28000,0.0,0.0
2005-03-18 00:00:00+09:00,97.20636079369521,99.14081573486328,96.7227470584032,99.14081573486328,27200,0.0,0.0
2005-03-21 00:00:00+09:00,99.14081573486328,99.14081573486328,99.14081573486328,99.14081573486328,0,0.0,0.0
2005-03-22 00:00:00+09:00,98.65721477848469,98.65721477848469,96.9162051059232,97.68998718261719,73600,0.0,0.0
2005-03-23 00:00:00+09:00,97.01293368785839,98.1736068725586,97.01293368785839,98.1736068725586,9600,0.0,0.0
2005-03-24 00:00:00+09:00,96.81948815707503,98.27032963795027,96.81948815707503,98.1736068725586,9600,0.0,0.0
2005-03-25 00:00:00+09:00,98.07688721068604,98.07688721068604,96.91621398925781,96.91621398925781,1200,0.0,0.0
2005-03-28 00:00:00+09:00,97.39981890385694,97.68998718261719,97.39981890385694,97.68998718261719,2400,0.0,0.0
2005-03-29 00:00:00+09:00,97.68998718261719,98.17360098055094,97.68998718261719,97.68998718261719,21200,0.0,0.0
2005-03-30 00:00:00+09:00,97.6899484371121,97.6899484371121,97.3997802734375,97.3997802734375,6000,0.0,0.0
2005-03-31 00:00:00+09:00,97.6899829864502,97.6899829864502,95.46535961151123,96.7227554321289,12000,0.0,0.0
2005-04-01 00:00:00+09:00,96.7227554321289,97.20636920928955,96.7227554321289,96.7227554321289,24800,0.0,0.0
2005-04-04 00:00:00+09:00,97.0129165649414,97.0129165649414,97.0129165649414,97.0129165649414,400,0.0,0.0
2005-04-05 00:00:00+09:00,97.20635535011829,103.00971984863281,97.20635535011829,103.00971984863281,33600,0.0,0.0
2005-04-06 00:00:00+09:00,102.33268311553273,103.49335626996222,98.75394088937516,99.7211685180664,28400,0.0,0.0
2005-04-07 00:00:00+09:00,100.1080507652782,103.49334716796875,99.62443699346525,103.49334716796875,20000,0.0,0.0
2005-04-08 00:00:00+09:00,97.68997951706439,102.42939436492198,97.68997951706439,102.0425033569336,18800,0.0,0.0
2005-04-11 00:00:00+09:00,99.43098991912547,100.59166295320085,98.94737615492738,99.62443542480469,14000,0.0,0.0
2005-04-12 00:00:00+09:00,98.6572274402827,101.07529674028963,98.6572274402827,100.88185119628906,14400,0.0,0.0
2005-04-13 00:00:00+09:00,101.07526722808925,102.5261083844733,99.72114881546413,101.462158203125,41200,0.0,0.0
2005-04-14 00:00:00+09:00,101.36544409295395,103.49334463689,99.62443455700627,102.0425033569336,60800,0.0,0.0
2005-04-15 00:00:00+09:00,101.55887499722567,107.36223928278143,101.55887499722567,106.39501190185547,80800,0.0,0.0
2005-04-18 00:00:00+09:00,120.9034154444565,123.80509741512344,107.45895564703294,109.68357849121094,309600,0.0,0.0
2005-04-19 00:00:00+09:00,111.23116302490234,113.16561803403107,109.97376726896866,111.23116302490234,80000,0.0,0.0
2005-04-20 00:00:00+09:00,111.23118098148774,112.19840864219633,108.81311182971626,111.3279037475586,64400,0.0,0.0
2005-04-21 00:00:00+09:00,108.42621906955345,108.42621906955345,104.46058572267415,105.5245361328125,78000,0.0,0.0
2005-04-22 00:00:00+09:00,110.26391478947231,110.26391478947231,106.87861915997097,108.32946014404297,23600,0.0,0.0
2005-04-25 00:00:00+09:00,106.39501885308161,109.29670118543838,106.39501885308161,108.8130874633789,12400,0.0,0.0
2005-04-26 00:00:00+09:00,106.78192458169985,108.32948870607231,106.78192458169985,107.16881561279297,8000,0.0,0.0
2005-04-27 00:00:00+09:00,107.3622328213283,108.32946014404297,106.87861915997097,108.32946014404297,11200,0.0,0.0
2005-04-28 00:00:00+09:00,108.32947209451052,109.29669952392578,107.16879917921219,109.29669952392578,17200,0.0,0.0
2005-04-29 00:00:00+09:00,109.29669952392578,109.29669952392578,109.29669952392578,109.29669952392578,0,0.0,0.0
2005-05-02 00:00:00+09:00,109.29671250290485,109.29671250290485,106.39502987008437,106.49175262451172,15200,0.0,0.0
2005-05-03 00:00:00+09:00,106.49175262451172,106.49175262451172,106.49175262451172,106.49175262451172,0,0.0,0.0
2005-05-04 00:00:00+09:00,106.49175262451172,106.49175262451172,106.49175262451172,106.49175262451172,0,0.0,0.0
2005-05-05 00:00:00+09:00,106.49175262451172,106.49175262451172,106.49175262451172,106.49175262451172,0,0.0,0.0
2005-05-06 00:00:00+09:00,106.49176342303936,107.36226830115685,106.49176342303936,106.87865447998047,3600,0.0,0.0
2005-05-09 00:00:00+09:00,106.87865447998047,106.87865447998047,106.78193171574519,106.87865447998047,9200,0.0,0.0
2005-05-10 00:00:00+09:00,106.78191156370085,106.97535705566406,106.78191156370085,106.97535705566406,5200,0.0,0.0
2005-05-11 00:00:00+09:00,109.29675981243311,111.23121573831688,108.03936346060866,108.71642303466797,36000,0.0,0.0
2005-05-12 00:00:00+09:00,108.71642303466797,108.71642303466797,108.71642303466797,108.71642303466797,0,0.0,0.0
2005-05-13 00:00:00+09:00,107.36225841491203,107.36225841491203,107.07209014892578,107.07209014892578,5600,0.0,0.0
2005-05-16 00:00:00+09:00,102.52613349810038,105.91143035888672,102.52613349810038,105.91143035888672,12000,0.0,0.0
2005-05-17 00:00:00+09:00,103.49334565790952,103.49334565790952,102.62284088134766,102.62284088134766,10400,0.0,0.0
2005-05-18 00:00:00+09:00,102.62284158615839,103.59006912231445,101.55889129638672,101.55889129638672,21200,0.0,0.0
2005-05-19 00:00:00+09:00,102.71957713801686,103.68680479468368,102.62285437235018,103.1064682006836,8800,0.0,0.0
2005-05-20 00:00:00+09:00,103.49334225267255,103.68678775221026,103.49334225267255,103.5900650024414,14000,0.0,0.0
2005-05-23 00:00:00+09:00,103.59008295856306,103.78352849163227,103.49336019202845,103.68680572509766,16000,0.0,0.0
2005-05-24 00:00:00+09:00,104.1703992916509,104.84745852567276,103.68678555306384,103.78350830078125,21200,0.0,0.0
2005-05-25 00:00:00+09:00,104.17037863313877,104.94416046142578,104.17037863313877,104.94416046142578,14000,0.0,0.0
2005-05-26 00:00:00+09:00,103.5900650024414,104.94418349920535,103.5900650024414,103.5900650024414,4400,0.0,0.0
2005-05-27 00:00:00+09:00,103.97693746956712,104.5572738647461,103.88021473703729,104.5572738647461,2800,0.0,0.0
2005-05-30 00:00:00+09:00,105.6212381830557,105.6212381830557,105.33106994628906,105.33106994628906,6400,0.0,0.0
2005-05-31 00:00:00+09:00,106.39504419614191,106.39504419614191,105.42781652163153,105.91143035888672,43600,0.0,0.0
2005-06-01 00:00:00+09:00,106.00813878139603,106.00813878139603,103.49334716796875,103.49334716796875,35600,0.0,0.0
2005-06-02 00:00:00+09:00,103.00972916944973,103.49334292141897,102.52611541748047,102.52611541748047,60000,0.0,0.0
2005-06-03 00:00:00+09:00,102.52611962434288,103.49334716796875,102.52611962434288,103.49334716796875,20000,0.0,0.0
2005-06-06 00:00:00+09:00,103.49334044850201,106.39502289098337,103.49334044850201,105.42779541015625,22400,0.0,0.0
2005-06-07 00:00:00+09:00,106.39504185429325,106.39504185429325,104.46058654785156,104.46058654785156,10800,0.0,0.0
2005-06-08 00:00:00+09:00,104.46057471159463,104.46057471159463,103.49334716796875,103.49334716796875,9200,0.0,0.0
2005-06-09 00:00:00+09:00,103.49334716796875,103.97696093978169,103.49334716796875,103.49334716796875,21600,0.0,0.0
2005-06-10 00:00:00+09:00,103.68680442527489,104.46058654785156,103.49335889463072,104.46058654785156,86400,0.0,0.0
2005-06-13 00:00:00+09:00,103.97694344954057,106.39501190185547,103.97694344954057,106.39501190185547,21200,0.0,0.0
2005-06-14 00:00:00+09:00,106.39502511304967,106.39502511304967,104.46057011099423,105.2343521118164,13600,0.0,0.0
2005-06-15 00:00:00+09:00,102.71957677205404,105.62125973171658,102.71957677205404,104.46058654785156,12400,0.0,0.0
2005-06-16 00:00:00+09:00,104.55730848723219,105.5245361328125,104.55730848723219,105.5245361328125,6400,0.0,0.0
2005-06-17 00:00:00+09:00,105.62123529214776,109.29669952392578,105.62123529214776,109.29669952392578,38400,0.0,0.0
2005-06-20 00:00:00+09:00,109.0065329522027,109.29670118543838,108.32947374131945,108.8130874633789,24800,0.0,0.0
2005-06-21 00:00:00+09:00,107.4589804511164,108.81309901665703,107.4589804511164,108.13603973388672,12000,0.0,0.0
2005-06-22 00:00:00+09:00,107.36230388654934,108.71642303466797,107.36230388654934,108.71642303466797,11600,0.0,0.0
2005-06-23 00:00:00+09:00,108.71637626197555,109.58688105410882,108.13603973388672,108.13603973388672,10800,0.0,0.0
2005-06-24 00:00:00+09:00,108.32946014404297,108.32946014404297,108.32946014404297,108.32946014404297,47200,0.0,0.0
2005-06-27 00:00:00+09:00,108.42621612548828,108.81310717321527,108.42621612548828,108.42621612548828,11600,0.0,0.0
2005-06-28 00:00:00+09:00,108.52293888742003,109.19999822094226,108.32949336355654,108.42621612548828,10400,0.0,0.0
2005-06-29 00:00:00+09:00,108.81310717321527,109.1032754590105,108.42621612548828,108.42621612548828,4000,0.0,0.0
2005-06-30 00:00:00+09:00,108.32946014404297,108.32946014404297,108.13601467950004,108.32946014404297,15200,0.0,0.0
2005-07-01 00:00:00+09:00,108.81310685615708,109.78033447265625,108.81310685615708,109.78033447265625,38800,0.0,0.0
2005-07-04 00:00:00+09:00,109.2967264945047,110.36067692940695,109.2967264945047,110.26395416259766,21600,0.0,0.0
2005-07-05 00:00:00+09:00,111.13444027444591,111.52133127627165,110.74754927262015,111.23116302490234,24800,0.0,0.0
2005-07-06 00:00:00+09:00,110.26395416259766,110.26395416259766,110.26395416259766,110.26395416259766,12000,0.0,0.0
2005-07-07 00:00:00+09:00,110.55410766601562,110.74755317374269,110.55410766601562,110.55410766601562,2000,0.0,0.0
2005-07-08 00:00:00+09:00,110.55409518216564,110.7475406680487,109.29669952392578,109.29669952392578,44400,0.0,0.0
2005-07-11 00:00:00+09:00,110.07050166952199,113.16563001172295,109.29671958397174,112.19840240478516,42400,0.0,0.0
2005-07-12 00:00:00+09:00,111.42461665898743,112.29512147663577,111.42461665898743,111.5213394165039,15600,0.0,0.0
2005-07-13 00:00:00+09:00,112.10167964409138,112.68201620825405,111.71478860131624,112.19840240478516,36800,0.0,0.0
2005-07-14 00:00:00+09:00,112.48856403488237,112.77873229980469,112.48856403488237,112.77873229980469,10800,0.0,0.0
2005-07-15 00:00:00+09:00,112.97216524910294,112.97216524910294,112.87544250488281,112.87544250488281,5200,0.0,0.0
2005-07-18 00:00:00+09:00,112.87544250488281,112.87544250488281,112.87544250488281,112.87544250488281,0,0.0,0.0
2005-07-19 00:00:00+09:00,113.16563828547197,117.51816283491321,112.39185614334909,115.77715301513672,49600,0.0,0.0
2005-07-20 00:00:00+09:00,114.71319484387415,114.71319484387415,113.16563066385561,114.13285827636719,31200,0.0,0.0
2005-07-21 00:00:00+09:00,114.3263141396286,116.06732399962293,114.13286859962922,114.2295913696289,55600,0.0,0.0
2005-07-22 00:00:00+09:00,114.42300958432226,115.58368254713872,114.42300958432226,114.616455078125,2800,0.0,0.0
2005-07-25 00:00:00+09:00,114.71321810404459,116.06733703613281,114.71321810404459,116.06733703613281,36800,0.0,0.0
2005-07-26 00:00:00+09:00,116.06730430971169,116.74436358485167,115.58369054175455,116.26074981689453,88000,0.0,0.0
2005-07-27 00:00:00+09:00,116.06733703613281,116.06733703613281,115.68044591267903,116.06733703613281,18000,0.0,0.0
2005-07-28 00:00:00+09:00,116.0673016016926,116.16402435302736,115.58368784501889,116.16402435302734,23200,0.0,0.0
2005-07-29 00:00:00+09:00,117.03456484476725,117.03456484476725,116.06733703613281,116.06733703613281,52000,0.0,0.0
2005-08-01 00:00:00+09:00,117.51817874908447,117.51817874908447,116.06733703613281,116.06733703613281,39600,0.0,0.0
2005-08-02 00:00:00+09:00,116.0673213184328,117.0345489960864,115.77715301513672,115.77715301513672,27600,0.0,0.0
2005-08-03 00:00:00+09:00,116.06733703613281,117.03456484476725,116.06733703613281,116.06733703613281,78400,0.0,0.0
2005-08-04 00:00:00+09:00,115.58369969513457,116.06731350139037,113.16563066385561,114.13285827636719,119600,0.0,0.0
2005-08-05 00:00:00+09:00,114.616455078125,114.71317782502638,114.616455078125,114.616455078125,7200,0.0,0.0
2005-08-08 00:00:00+09:00,114.13284674550468,114.80990600585938,111.71477795852365,114.80990600585938,20000,0.0,0.0
2005-08-09 00:00:00+09:00,114.80990600585938,114.80990600585938,114.13284674550468,114.80990600585938,1200,0.0,0.0
2005-08-10 00:00:00+09:00,115.00336108871855,116.06731144361838,114.9066383291822,115.97058868408203,32800,0.0,0.0
2005-08-11 00:00:00+09:00,116.06733703613281,116.06733703613281,115.58372313181559,116.06733703613281,57600,0.0,0.0
2005-08-12 00:00:00+09:00,116.06733703613281,117.51817874908447,115.10010922749836,116.06733703613281,60800,0.0,0.0
2005-08-15 00:00:00+09:00,116.06733703613281,116.26078259785969,115.58372313181559,116.06733703613281,46800,0.0,0.0
2005-08-16 00:00:00+09:00,119.96960594813028,120.06966400146484,119.96960594813028,120.06966400146484,42800,10.0,0.0
2005-08-17 00:00:00+09:00,120.87012842814127,120.87012842814127,120.06966400146484,120.06966400146484,20000,0.0,0.0
2005-08-18 00:00:00+09:00,120.06964580045519,120.06964580045519,119.8695297241211,119.8695297241211,9200,0.0,0.0
2005-08-19 00:00:00+09:00,120.06961744658801,122.57106781005861,119.36921134481625,122.5710678100586,14800,0.0,0.0
2005-08-22 00:00:00+09:00,120.06961744658801,122.67112582459742,120.06961744658801,122.5710678100586,55200,0.0,0.0
2005-08-23 00:00:00+09:00,122.07079930418921,122.6711474974885,121.97074127197266,121.97074127197266,46000,0.0,0.0
2005-08-24 00:00:00+09:00,122.07076263427734,122.07076263427734,120.06960259109246,122.07076263427734,35200,0.0,0.0
2005-08-25 00:00:00+09:00,121.87066985831773,121.87066985831773,120.87008964601627,121.07020568847656,58800,0.0,0.0
2005-08-26 00:00:00+09:00,121.0701874234029,121.57047745407812,120.87007141113281,120.87007141113281,28400,0.0,0.0
2005-08-29 00:00:00+09:00,120.06966400146484,120.56995426813761,119.66943178812662,120.06966400146484,20400,0.0,0.0
2005-08-30 00:00:00+09:00,120.1697220547994,120.1697220547994,119.56937373479207,120.06966400146484,76400,0.0,0.0
2005-08-31 00:00:00+09:00,120.0696493196888,120.0696493196888,119.0690689086914,119.0690689086914,29200,0.0,0.0
2005-09-01 00:00:00+09:00,120.06961806681146,120.56990814208984,119.56932799153307,120.56990814208984,87600,0.0,0.0
2005-09-02 00:00:00+09:00,120.06966400146484,120.06966400146484,120.06966400146484,120.06966400146484,10800,0.0,0.0
2005-09-05 00:00:00+09:00,120.06966400146484,120.06966400146484,120.06966400146484,120.06966400146484,14800,0.0,0.0
2005-09-06 00:00:00+09:00,120.06962547617509,121.07020568847655,119.96956745494495,121.07020568847656,13200,0.0,0.0
2005-09-07 00:00:00+09:00,121.07023814573127,121.07023814573127,118.06849670410156,118.06849670410156,28800,0.0,0.0
2005-09-08 00:00:00+09:00,120.06963963703477,120.06963963703477,119.9695816040039,119.9695816040039,3600,0.0,0.0
2005-09-09 00:00:00+09:00,119.96957120959391,120.06962923395554,119.2691650390625,119.2691650390625,5600,0.0,0.0
2005-09-12 00:00:00+09:00,118.06850293477376,120.06966400146484,117.7683287747701,120.06966400146484,22400,0.0,0.0
2005-09-13 00:00:00+09:00,119.0690379162547,120.56990814208984,119.0690379162547,120.56990814208984,29200,0.0,0.0
2005-09-14 00:00:00+09:00,120.46983648676559,120.46983648676559,120.06960447185939,120.16966247558594,28000,0.0,0.0
2005-09-15 00:00:00+09:00,120.16967608186714,120.56990814208984,120.16967608186714,120.56990814208984,25600,0.0,0.0
2005-09-16 00:00:00+09:00,118.56874784097631,121.07019821736822,118.56874784097631,120.56990814208984,41600,0.0,0.0
2005-09-19 00:00:00+09:00,120.56990814208984,120.56990814208984,120.56990814208984,120.56990814208984,0,0.0,0.0
2005-09-20 00:00:00+09:00,121.07020568847655,121.57049579462729,120.97014766724641,121.07020568847656,62000,0.0,0.0
2005-09-21 00:00:00+09:00,121.07020568847655,122.07078590077802,120.06962547617509,121.07020568847656,57200,0.0,0.0
2005-09-22 00:00:00+09:00,120.06962547617509,121.07020568847655,119.86950943371481,121.07020568847656,14400,0.0,0.0
2005-09-23 00:00:00+09:00,121.07020568847655,121.07020568847655,121.07020568847655,121.07020568847656,0,0.0,0.0
2005-09-26 00:00:00+09:00,122.47099464291432,122.57105264507356,121.0701826126849,122.07076263427734,22400,0.0,0.0
2005-09-27 00:00:00+09:00,122.07079906089633,122.57108922098197,122.07079906089633,122.47103118896484,14400,0.0,0.0
2005-09-28 00:00:00+09:00,121.57047262348112,122.47099464291432,121.57047262348112,122.07076263427734,12400,0.0,0.0
2005-09-29 00:00:00+09:00,122.67112582459742,122.67112582459742,120.06961744658801,122.5710678100586,42000,0.0,0.0
2005-09-30 00:00:00+09:00,122.07077773736448,123.07135788275272,122.07077773736448,122.5710678100586,44400,0.0,0.0
2005-10-03 00:00:00+09:00,122.07079764188191,125.47277069091797,120.06963702480188,125.47277069091797,168400,0.0,0.0
2005-10-04 00:00:00+09:00,124.6723129775498,127.47393798828125,122.57109421950119,127.47393798828125,75200,0.0,0.0
2005-10-05 00:00:00+09:00,122.07080429233464,127.47393825281503,122.07080429233464,126.97364807128906,40800,0.0,0.0
2005-10-06 00:00:00+09:00,122.17079772949218,127.57392883300781,122.17079772949218,127.57392883300781,40800,0.0,0.0
2005-10-07 00:00:00+09:00,127.47390087230785,129.5751190185547,127.47390087230785,129.5751190185547,23200,0.0,0.0
2005-10-10 00:00:00+09:00,129.5751190185547,129.5751190185547,129.5751190185547,129.5751190185547,0,0.0,0.0
2005-10-11 00:00:00+09:00,130.1755042451629,135.07834798691002,129.67521406743361,134.67811584472656,50400,0.0,0.0
2005-10-12 00:00:00+09:00,134.67809014165445,138.58035278320312,134.07774204295467,138.58035278320312,175200,0.0,0.0
2005-10-13 00:00:00+09:00,142.58266983032226,155.0899215698242,142.08237976074219,150.08702087402344,342400,0.0,0.0
2005-10-14 00:00:00+09:00,152.58845645006198,154.08932651350523,145.08410613284582,146.58497619628906,272000,0.0,0.0
2005-10-17 00:00:00+09:00,146.08469266081943,147.08527274753737,139.08063205379383,144.9840545654297,94000,0.0,0.0
2005-10-18 00:00:00+09:00,144.98411338312164,144.98411338312164,139.0806884765625,139.0806884765625,56000,0.0,0.0
2005-10-19 00:00:00+09:00,139.18067006792342,140.08119201660156,137.57974215916227,140.08119201660156,40800,0.0,0.0
2005-10-20 00:00:00+09:00,139.98118110155536,139.98118110155536,137.07949829101562,137.07949829101562,9600,0.0,0.0
2005-10-21 00:00:00+09:00,135.07833288819998,136.57920325362443,130.0754316701185,134.1778106689453,26400,0.0,0.0
2005-10-24 00:00:00+09:00,133.57743768377617,136.5791778564453,133.57743768377617,136.5791778564453,28400,0.0,0.0
2005-10-25 00:00:00+09:00,136.57916221618652,140.08119201660156,136.47910422188895,140.08119201660156,41600,0.0,0.0
2005-10-26 00:00:00+09:00,140.58151165088574,145.08412234433047,140.08122157383633,143.0829620361328,134400,0.0,0.0
2005-10-27 00:00:00+09:00,145.08412092823093,150.08702164989407,145.08412092823093,147.5855712890625,170000,0.0,0.0
2005-10-28 00:00:00+09:00,147.58557098080414,148.58615112304688,141.0818000562263,148.58615112304688,48800,0.0,0.0
2005-10-31 00:00:00+09:00,143.08297198305848,149.28656936973653,143.08297198305848,148.88633728027344,126000,0.0,0.0
2005-11-01 00:00:00+09:00,148.58618566594973,149.4867080033191,146.78514099121094,146.78514099121094,70400,0.0,0.0
2005-11-02 00:00:00+09:00,146.78511881059217,149.08645332500498,145.18419045273976,148.88633728027344,86000,0.0,0.0
2005-11-03 00:00:00+09:00,148.88633728027344,148.88633728027344,148.88633728027344,148.88633728027344,0,0.0,0.0
2005-11-04 00:00:00+09:00,146.88516518802967,148.88632547669494,146.68504915916316,147.5855712890625,35600,0.0,0.0
2005-11-07 00:00:00+09:00,148.0858610519255,148.58615112304688,145.58441069631866,148.58615112304688,38000,0.0,0.0
2005-11-08 00:00:00+09:00,148.58615159015267,148.58615159015267,147.0852813720703,147.0852813720703,14400,0.0,0.0
2005-11-09 00:00:00+09:00,147.08531267618395,147.08531267618395,145.08415195950118,145.58444213867188,12400,0.0,0.0
2005-11-10 00:00:00+09:00,145.08412606993073,145.08412606993073,141.1818633687395,141.28192138671875,22000,0.0,0.0
2005-11-11 00:00:00+09:00,141.28190824457332,145.08411257410148,140.68156019254255,144.9840545654297,60000,0.0,0.0
2005-11-14 00:00:00+09:00,143.0829760407748,146.084716796875,143.0829760407748,146.084716796875,41200,0.0,0.0
2005-11-15 00:00:00+09:00,143.0829777247469,143.2830937775088,141.78222338179467,142.0823974609375,16400,0.0,0.0
2005-11-16 00:00:00+09:00,141.68216535541373,142.18245548731844,141.5821073290328,142.0823974609375,10400,0.0,0.0
2005-11-17 00:00:00+09:00,113.06558173999451,114.16622014631304,113.06558173999451,114.066162109375,4000,0.0,0.0
2005-11-18 00:00:00+09:00,113.06558173999451,114.16622014631304,113.06558173999451,114.066162109375,4000,0.0,0.0
2005-11-21 00:00:00+09:00,141.7821922986261,145.0841064453125,141.68213429418103,145.0841064453125,32400,0.0,0.0
2005-11-22 00:00:00+09:00,145.2842224542026,146.08468648976293,143.58323637863685,145.0841064453125,43600,0.0,0.0
2005-11-23 00:00:00+09:00,113.06558173999451,114.16622014631304,113.06558173999451,114.066162109375,4000,0.0,0.0
2005-11-24 00:00:00+09:00,113.06558173999451,114.16622014631304,113.06558173999451,114.066162109375,4000,0.0,0.0
2005-11-25 00:00:00+09:00,145.0841064453125,145.2842224542026,143.88341039197198,145.0841064453125,38000,0.0,0.0
2005-11-28 00:00:00+09:00,147.08526653421336,148.0858465786638,144.08352640086207,145.0841064453125,49200,0.0,0.0
2005-11-29 00:00:00+09:00,113.06558173999451,114.16622014631304,113.06558173999451,114.066162109375,4000,0.0,0.0
2005-11-30 00:00:00+09:00,113.06558173999451,114.16622014631304,113.06558173999451,114.066162109375,4000,0.0,0.0
2005-12-01 00:00:00+09:00,113.06558173999451,114.16622014631304,113.06558173999451,114.066162109375,4000,0.0,0.0
2005-12-02 00:00:00+09:00,144.08355798855632,144.08355798855632,139.88112088055678,142.0823974609375,26800,0.0,0.0
2005-12-05 00:00:00+09:00,142.18242452409532,144.58381663428412,141.7821925057305,144.08352661132812,42800,0.0,0.0
2005-12-06 00:00:00+09:00,141.582076289736,145.0841064453125,140.58149624528556,145.0841064453125,64400,0.0,0.0
2005-12-07 00:00:00+09:00,113.06558173999451,114.16622014631304,113.06558173999451,114.066162109375,4000,0.0,0.0
2005-12-08 00:00:00+09:00,144.28370799562265,145.08417239504357,142.1824889471427,142.2825469970703,70000,0.0,0.0
2005-12-09 00:00:00+09:00,113.06558173999451,114.16622014631304,113.06558173999451,114.066162109375,4000,0.0,0.0
2005-12-12 00:00:00+09:00,113.06558173999451,114.16622014631304,113.06558173999451,114.066162109375,4000,0.0,0.0
2005-12-13 00:00:00+09:00,113.06558173999451,114.16622014631304,113.06558173999451,114.066162109375,4000,0.0,0.0
2005-12-14 00:00:00+09:00,113.06558173999451,114.16622014631304,113.06558173999451,114.066162109375,4000,0.0,0.0
2005-12-15 00:00:00+09:00,146.58497346698908,146.58497346698908,144.78392942439126,144.8839874267578,25600,0.0,0.0
2005-12-16 00:00:00+09:00,144.8839904364224,145.0841064453125,143.58323637863685,145.0841064453125,28800,0.0,0.0
2005-12-19 00:00:00+09:00,145.0841066572401,145.0841066572401,144.08352661132812,144.08352661132812,14000,0.0,0.0
2005-12-20 00:00:00+09:00,113.06558173999451,114.16622014631304,113.06558173999451,114.066162109375,4000,0.0,0.0
2005-12-21 00:00:00+09:00,113.06558173999451,114.16622014631304,113.06558173999451,114.066162109375,4000,0.0,0.0
2005-12-22 00:00:00+09:00,140.5814875323711,144.08351747089992,140.18125553939637,143.98345947265625,39200,0.0,0.0
2005-12-23 00:00:00+09:00,113.06558173999451,114.16622014631304,113.06558173999451,114.066162109375,4000,0.0,0.0
2005-12-26 00:00:00+09:00,143.5832274796815,143.98345947265625,142.0823575060263,143.98345947265625,48000,0.0,0.0
2005-12-27 00:00:00+09:00,144.0835457144275,144.5838358037137,141.78221130371094,141.78221130371094,43600,0.0,0.0
2005-12-28 00:00:00+09:00,113.06558173999451,114.16622014631304,113.06558173999451,114.066162109375,4000,0.0,0.0
2005-12-29 00:00:00+09:00,113.06558173999451,114.16622014631304,113.06558173999451,114.066162109375,4000,0.0,0.0
2005-12-30 00:00:00+09:00,147.08533331843117,147.08533331843117,144.08359182213664,146.9852752685547,75600,0.0,0.0
2006-01-02 00:00:00+09:00,146.9852752685547,146.9852752685547,146.9852752685547,146.9852752685547,0,0.0,0.0
2006-01-03 00:00:00+09:00,113.06558173999451,114.16622014631304,113.06558173999451,114.066162109375,4000,0.0,0.0
2006-01-04 00:00:00+09:00,113.06558173999451,114.16622014631304,113.06558173999451,114.066162109375,4000,0.0,0.0
2006-01-05 00:00:00+09:00,145.58439344332365,146.08468345515635,142.08236336049455,144.8839874267578,134000,0.0,0.0
2006-01-06 00:00:00+09:00,145.0841066572401,145.0841066572401,142.08236651950412,144.08352661132812,61200,0.0,0.0
2006-01-09 00:00:00+09:00,144.08352661132812,144.08352661132812,144.08352661132812,144.08352661132812,0,0.0,0.0
2006-01-10 00:00:00+09:00,144.5838324295847,144.5838324295847,142.0823820415296,142.58267211914062,166000,0.0,0.0
2006-01-11 00:00:00+09:00,143.48321004806897,143.48321004806897,141.0818174112812,141.5821075439453,128400,0.0,0.0
2006-01-12 00:00:00+09:00,141.68213513962766,142.0823671597961,140.0812070589539,141.081787109375,176400,0.0,0.0
2006-01-13 00:00:00+09:00,140.38140910765463,140.58152515770118,139.08065478235207,139.38082885742188,161600,0.0,0.0
2006-01-16 00:00:00+09:00,139.68099344337887,143.08296606306004,139.38081938870113,140.28134155273438,97600,0.0,0.0
2006-01-17 00:00:00+09:00,141.98236529943253,141.98236529943253,139.6810302734375,139.6810302734375,66000,0.0,0.0
2006-01-18 00:00:00+09:00,140.0812438645288,140.0812438645288,127.77410601071662,133.777587890625,174400,0.0,0.0
2006-01-19 00:00:00+09:00,134.17782753392268,139.5809615285773,134.17782753392268,136.87939453125,46400,0.0,0.0
2006-01-20 00:00:00+09:00,138.680419921875,138.680419921875,138.680419921875,138.680419921875,4000,0.0,0.0
2006-01-23 00:00:00+09:00,137.07950543968477,137.07950543968477,133.67753231198458,134.97828674316406,50400,0.0,0.0
2006-01-24 00:00:00+09:00,134.8782313974206,135.67869567871094,130.77585195580767,135.67869567871094,22800,0.0,0.0
2006-01-25 00:00:00+09:00,136.0788849281457,137.1795229680057,135.87876892089844,135.87876892089844,18800,0.0,0.0
2006-01-26 00:00:00+09:00,136.57916243179986,138.0800323486328,136.0788724595222,138.0800323486328,48800,0.0,0.0
2006-01-27 00:00:00+09:00,138.98055429873259,138.98055429873259,137.17951039853304,138.0800323486328,41600,0.0,0.0
2006-01-30 00:00:00+09:00,138.5803676044642,140.58152814748894,137.5797873329518,139.58094787597656,78000,0.0,0.0
2006-01-31 00:00:00+09:00,139.0806884765625,139.0806884765625,139.0806884765625,139.0806884765625,4000,0.0,0.0
2006-02-01 00:00:00+09:00,139.88109204638135,139.88109204638135,136.5791778564453,136.5791778564453,13200,0.0,0.0
2006-02-02 00:00:00+09:00,137.07949829101562,137.17955631896527,136.57920815126738,137.07949829101562,10400,0.0,0.0
2006-02-03 00:00:00+09:00,139.0806884765625,139.0806884765625,139.0806884765625,139.0806884765625,4000,0.0,0.0
2006-02-06 00:00:00+09:00,139.0806884765625,139.0806884765625,139.0806884765625,139.0806884765625,4000,0.0,0.0
2006-02-07 00:00:00+09:00,136.6792202104841,140.08119201660156,136.6792202104841,140.08119201660156,21200,0.0,0.0
2006-02-08 00:00:00+09:00,139.0806884765625,139.0806884765625,139.0806884765625,139.0806884765625,4000,0.0,0.0
2006-02-09 00:00:00+09:00,137.17955230690984,139.58094490746842,137.17955230690984,139.38082885742188,10800,0.0,0.0
2006-02-10 00:00:00+09:00,139.0806884765625,139.0806884765625,139.0806884765625,139.0806884765625,4000,0.0,0.0
2006-02-13 00:00:00+09:00,139.0806884765625,139.0806884765625,139.0806884765625,139.0806884765625,4000,0.0,0.0
2006-02-14 00:00:00+09:00,139.0806884765625,139.0806884765625,139.0806884765625,139.0806884765625,4000,0.0,0.0
2006-02-15 00:00:00+09:00,139.08065303679436,143.7166748046875,139.08065303679436,143.7166748046875,17200,10.0,0.0
2006-02-16 00:00:00+09:00,143.2015838623047,143.2015838623047,143.2015838623047,143.2015838623047,4000,0.0,0.0
2006-02-17 00:00:00+09:00,143.2015838623047,143.2015838623047,143.2015838623047,143.2015838623047,4000,0.0,0.0
2006-02-20 00:00:00+09:00,143.2015838623047,143.2015838623047,143.2015838623047,143.2015838623047,4000,0.0,0.0
2006-02-21 00:00:00+09:00,143.2015838623047,143.2015838623047,143.2015838623047,143.2015838623047,4000,0.0,0.0
2006-02-22 00:00:00+09:00,132.07513287614756,133.92954191809037,132.07513287614756,132.3842010498047,12000,0.0,0.0
2006-02-23 00:00:00+09:00,132.69320304594135,133.82645245083683,131.97204433373514,133.6204071044922,18000,0.0,0.0
2006-02-24 00:00:00+09:00,133.51743152742225,133.51743152742225,132.28115901327945,133.31138610839844,8000,0.0,0.0
2006-02-27 00:00:00+09:00,133.41440726771498,135.98997497558594,133.41440726771498,135.98997497558594,20400,0.0,0.0
2006-02-28 00:00:00+09:00,139.08062023430293,139.59573364257812,133.92948615155098,139.59573364257812,18000,0.0,0.0
2006-03-01 00:00:00+09:00,135.9899862012149,140.3169403076172,134.95975903302386,140.3169403076172,28000,0.0,0.0
2006-03-02 00:00:00+09:00,140.31693460690627,140.31693460690627,136.09300338893038,138.15345764160156,17200,0.0,0.0
2006-03-03 00:00:00+09:00,136.09302751981295,137.02023209791918,133.92955017089844,133.92955017089844,22800,0.0,0.0
2006-03-06 00:00:00+09:00,133.92953127961525,135.886962890625,130.8388497885472,135.886962890625,21600,0.0,0.0
2006-03-07 00:00:00+09:00,135.78393113668403,135.78393113668403,133.31138610839844,133.31138610839844,11200,0.0,0.0
2006-03-08 00:00:00+09:00,133.92955017089844,133.92955017089844,133.3114137854943,133.92955017089844,4400,0.0,0.0
2006-03-09 00:00:00+09:00,133.92948830774588,133.92948830774588,132.38414805804112,132.89926147460938,11600,0.0,0.0
2006-03-10 00:00:00+09:00,132.59021191780818,132.59021191780818,130.83882605719998,130.9418487548828,31600,0.0,0.0
2006-03-13 00:00:00+09:00,130.9418416717036,133.82647705078125,130.9418416717036,133.82647705078125,33600,0.0,0.0
2006-03-14 00:00:00+09:00,133.82652743999776,133.92955017089844,132.48723193828877,133.92955017089844,10000,0.0,0.0
2006-03-15 00:00:00+09:00,133.9295261861352,134.7537078857422,133.9295261861352,134.7537078857422,4800,0.0,0.0
2006-03-16 00:00:00+09:00,134.95972666399032,134.95972666399032,132.899272821792,133.82647705078125,6000,0.0,0.0
2006-03-17 00:00:00+09:00,132.89926147460938,132.89926147460938,131.97205732478653,132.89926147460938,5200,0.0,0.0
2006-03-20 00:00:00+09:00,132.89932388649848,137.02023315429688,132.89932388649848,137.02023315429688,14000,0.0,0.0
2006-03-21 00:00:00+09:00,137.02023315429688,137.02023315429688,137.02023315429688,137.02023315429688,0,0.0,0.0
2006-03-22 00:00:00+09:00,137.02020376699943,139.08065795898438,137.02020376699943,139.08065795898438,31600,0.0,0.0
2006-03-23 00:00:00+09:00,140.11085665053216,142.1713104248047,140.11085665053216,142.1713104248047,46800,0.0,0.0
2006-03-24 00:00:00+09:00,142.68643188476562,142.68643188476562,140.11086452222472,142.68643188476562,18000,0.0,0.0
2006-03-27 00:00:00+09:00,137.63835686333746,143.2015838623047,137.63835686333746,143.2015838623047,14400,0.0,0.0
2006-03-28 00:00:00+09:00,139.08067366656135,142.06833258236156,138.66858278162337,140.11090087890625,6400,0.0,0.0
2006-03-29 00:00:00+09:00,139.0806590727646,141.14111328125,139.0806590727646,141.14111328125,9600,0.0,0.0
2006-03-30 00:00:00+09:00,141.14110534444396,141.14110534444396,140.11087829813417,140.62599182128906,2800,0.0,0.0
2006-03-31 00:00:00+09:00,142.9955338318472,149.38294240358678,142.171352080655,146.49830627441406,155200,0.0,0.0
2006-04-03 00:00:00+09:00,149.89801053265273,152.47357772393542,148.35267021788312,152.2675323486328,357200,0.0,0.0
2006-04-04 00:00:00+09:00,150.41317054864933,151.44339774418802,148.5587615966797,148.5587615966797,88800,0.0,0.0
2006-04-05 00:00:00+09:00,149.38291867574057,149.38291867574057,146.39526030222575,148.35269165039062,36800,0.0,0.0
2006-04-06 00:00:00+09:00,147.32250332573,153.81293529042998,142.06834411621094,142.06834411621094,314000,0.0,0.0
2006-04-07 00:00:00+09:00,144.54083457568012,149.38290102262022,144.4378118853197,145.26199340820312,279200,0.0,0.0
2006-04-10 00:00:00+09:00,144.54083358332483,144.54083358332483,141.34713020407816,141.86224365234375,85600,0.0,0.0
2006-04-11 00:00:00+09:00,142.27437568265339,142.89251199988433,141.2441484872685,141.75926208496094,33600,0.0,0.0
2006-04-12 00:00:00+09:00,140.62598584948793,142.68643985460864,140.62598584948793,140.83203125,24800,0.0,0.0
2006-04-13 00:00:00+09:00,141.14110595703124,141.8622648925781,140.2139016113281,141.65621948242188,36800,0.0,0.0
2006-04-14 00:00:00+09:00,143.0985611401016,143.2015838623047,142.17135664027373,143.2015838623047,6800,0.0,0.0
2006-04-17 00:00:00+09:00,144.5408531315116,144.5408531315116,143.20155798489031,143.30458068847656,14800,0.0,0.0
2006-04-18 00:00:00+09:00,143.4075987564009,143.4075987564009,140.62598584948793,140.83203125,14000,0.0,0.0
2006-04-19 00:00:00+09:00,143.2015453572738,143.2015453572738,140.11086452222472,142.68643188476562,14400,0.0,0.0
2006-04-20 00:00:00+09:00,140.62596045912852,144.12873163539984,138.9775975526479,139.59573364257812,38800,0.0,0.0
2006-04-21 00:00:00+09:00,139.49274196130054,142.99551391601562,139.08065114309878,142.99551391601562,19600,0.0,0.0
2006-04-24 00:00:00+09:00,142.89247848813898,144.12875083266505,135.26879903022817,140.00784301757812,23600,0.0,0.0
2006-04-25 00:00:00+09:00,141.96529147297124,143.09854125976562,141.14110980984802,143.09854125976562,13200,0.0,0.0
2006-04-26 00:00:00+09:00,140.11090219621178,143.2015838623047,140.11090219621178,143.2015838623047,14800,0.0,0.0
2006-04-27 00:00:00+09:00,142.9955092734713,142.9955092734713,140.62598714574085,142.89248657226562,10000,0.0,0.0
2006-04-28 00:00:00+09:00,143.30453609725805,143.71662678337523,137.94735717773438,137.94735717773438,32800,0.0,0.0
2006-05-01 00:00:00+09:00,138.05044645421646,140.11090087890625,138.05044645421646,140.11090087890625,19600,0.0,0.0
2006-05-02 00:00:00+09:00,143.20156634295427,143.20156634295427,139.08065795898438,139.08065795898438,18800,0.0,0.0
2006-05-03 00:00:00+09:00,139.08065795898438,139.08065795898438,139.08065795898438,139.08065795898438,0,0.0,0.0
2006-05-04 00:00:00+09:00,139.08065795898438,139.08065795898438,139.08065795898438,139.08065795898438,0,0.0,0.0
2006-05-05 00:00:00+09:00,139.08065795898438,139.08065795898438,139.08065795898438,139.08065795898438,0,0.0,0.0
2006-05-08 00:00:00+09:00,141.03808710195764,143.09854125976562,139.18367835993044,143.09854125976562,13600,0.0,0.0
2006-05-09 00:00:00+09:00,139.38968827926806,139.90480168754326,139.08062023430293,139.59573364257812,25200,0.0,0.0
2006-05-10 00:00:00+09:00,140.11088505497685,140.11088505497685,139.08065795898438,139.08065795898438,7600,0.0,0.0
2006-05-11 00:00:00+09:00,139.08065795898438,139.18368066858363,138.56554441098814,139.08065795898438,26400,0.0,0.0
2006-05-12 00:00:00+09:00,137.02020486427918,141.14111328125,134.13556897239962,141.14111328125,15200,0.0,0.0
2006-05-15 00:00:00+09:00,134.95978952779691,138.97767639160156,134.95978952779691,138.97767639160156,10400,0.0,0.0
2006-05-16 00:00:00+09:00,134.95973603162832,138.66855320501656,134.03253173828125,134.03253173828125,10000,0.0,0.0
2006-05-17 00:00:00+09:00,134.03253045042564,136.71112060546875,134.03253045042564,136.71112060546875,7200,0.0,0.0
2006-05-18 00:00:00+09:00,134.03255809754816,135.6809216098931,134.03255809754816,134.9597625732422,5600,0.0,0.0
2006-05-19 00:00:00+09:00,134.95976580150958,135.47487941143902,134.0325613036366,135.37185668945312,2400,0.0,0.0
2006-05-22 00:00:00+09:00,134.95973603162832,135.26880412941068,134.03253173828125,134.03253173828125,2800,0.0,0.0
2006-05-23 00:00:00+09:00,134.54768655630258,134.54768655630258,133.92955017089844,133.92955017089844,14400,0.0,0.0
2006-05-24 00:00:00+09:00,138.05045940692608,138.05045940692608,133.92955017089844,133.92955017089844,22000,0.0,0.0
2006-05-25 00:00:00+09:00,135.98997497558594,137.0202020587343,135.47486143401173,135.98997497558594,28000,0.0,0.0
2006-05-26 00:00:00+09:00,137.02023315429688,137.02023315429688,135.47489217887247,137.02023315429688,8400,0.0,0.0
2006-05-29 00:00:00+09:00,138.05039978027344,138.05039978027344,135.98994605220966,138.05039978027344,11600,0.0,0.0
2006-05-30 00:00:00+09:00,138.0504291418827,138.0504291418827,135.98997497558594,135.98997497558594,2800,0.0,0.0
2006-05-31 00:00:00+09:00,138.46252747742395,138.46252747742395,135.47486877441406,135.47486877441406,22400,0.0,0.0
2006-06-01 00:00:00+09:00,135.47487202514927,135.98998560699394,133.92953127961525,135.886962890625,37200,0.0,0.0
2006-06-02 00:00:00+09:00,133.92950903902047,134.03253173828125,128.77837407598122,134.03253173828125,131600,0.0,0.0
2006-06-05 00:00:00+09:00,134.44463138129768,134.44463138129768,128.7783825491357,130.83883666992188,12400,0.0,0.0
2006-06-06 00:00:00+09:00,129.80860839843749,129.80860839843749,128.77838134765625,128.77838134765625,6800,0.0,0.0
2006-06-07 00:00:00+09:00,129.29349487304688,129.29349487304688,128.77838134765625,128.77838134765625,13200,0.0,0.0
2006-06-08 00:00:00+09:00,128.7783801071043,129.2934936275327,126.71792602539062,126.71792602539062,200000,0.0,0.0
2006-06-09 00:00:00+09:00,123.73026760690581,126.71792602539062,123.62724490282012,126.71792602539062,26400,0.0,0.0
2006-06-12 00:00:00+09:00,123.62726593017578,124.14237953821818,123.62726593017578,123.62726593017578,30800,0.0,0.0
2006-06-13 00:00:00+09:00,124.55448275779705,124.55448275779705,123.62727817151071,123.73030090332031,8000,0.0,0.0
2006-06-14 00:00:00+09:00,121.56681060791014,121.56681060791014,121.56681060791014,121.56681060791016,4000,0.0,0.0
2006-06-15 00:00:00+09:00,121.56681425008343,123.0091323852539,117.44590529245349,123.0091323852539,24400,0.0,0.0
2006-06-16 00:00:00+09:00,123.00912846991356,123.00912846991356,118.68217420212765,121.05169677734375,13200,0.0,0.0
2006-06-19 00:00:00+09:00,121.05169114454986,121.05169114454986,118.88821411132811,118.88821411132812,15200,0.0,0.0
2006-06-20 00:00:00+09:00,118.88820727763732,118.88820727763732,117.54891204833984,117.54891204833984,9200,0.0,0.0
2006-06-21 00:00:00+09:00,115.38544138699876,115.38544138699876,114.3552142317577,114.97335052490234,18000,0.0,0.0
2006-06-22 00:00:00+09:00,114.97332335880824,115.48843681471688,114.97332335880824,115.38541412353516,37600,0.0,0.0
2006-06-23 00:00:00+09:00,115.38546276263745,115.38546276263745,114.76732635498045,114.76732635498047,21200,0.0,0.0
2006-06-26 00:00:00+09:00,115.38544301696668,115.38544301696668,115.17939758300781,115.17939758300781,14000,0.0,0.0
2006-06-27 00:00:00+09:00,115.17939595595055,115.28241867147466,114.97335052490234,114.97335052490234,13600,0.0,0.0
2006-06-28 00:00:00+09:00,114.76732701535164,114.76732701535164,111.57362222408064,111.8826904296875,13600,0.0,0.0
2006-06-29 00:00:00+09:00,111.88268564012316,111.88268564012316,110.54339013982703,111.2645492553711,44400,0.0,0.0
2006-06-30 00:00:00+09:00,113.3249815082631,122.80307087077236,111.26452729902195,121.46377563476562,72000,0.0,0.0
2006-07-03 00:00:00+09:00,121.46379180664712,121.46379180664712,115.59149652846317,116.20963287353516,28400,0.0,0.0
2006-07-04 00:00:00+09:00,121.25773399333842,122.90609741210938,119.3003024335479,122.90609741210938,17600,0.0,0.0
2006-07-05 00:00:00+09:00,121.56680384148055,121.56680384148055,120.02146311468206,120.22750854492188,8400,0.0,0.0
2006-07-06 00:00:00+09:00,120.22750611678414,120.22750611678414,117.03380201256795,118.47611999511719,16800,0.0,0.0
2006-07-07 00:00:00+09:00,118.47612324785732,119.50635040653432,118.47612324785732,118.88821411132812,2400,0.0,0.0
2006-07-10 00:00:00+09:00,120.94866147655651,120.94866147655651,117.54891204833984,117.54891204833984,19600,0.0,0.0
2006-07-11 00:00:00+09:00,117.54889909862418,117.96098989301024,116.4156494140625,116.4156494140625,10000,0.0,0.0
2006-07-12 00:00:00+09:00,116.41566110656902,116.41566110656902,115.38543401713036,115.48845672607422,7200,0.0,0.0
2006-07-13 00:00:00+09:00,115.48845672607422,115.48845672607422,113.32497983825303,115.48845672607422,7600,0.0,0.0
2006-07-14 00:00:00+09:00,115.4884360579757,115.59145874848237,114.35518646240234,114.35518646240234,16800,0.0,0.0
2006-07-17 00:00:00+09:00,114.35518646240234,114.35518646240234,114.35518646240234,114.35518646240234,0,0.0,0.0
2006-07-18 00:00:00+09:00,111.26452492085679,111.26452492085679,108.68895721435547,108.68895721435547,10800,0.0,0.0
2006-07-19 00:00:00+09:00,108.68895267075872,108.68895267075872,106.2164077758789,106.2164077758789,10800,0.0,0.0
2006-07-20 00:00:00+09:00,112.39775507035264,112.39775507035264,107.76173400878906,107.76173400878906,8800,0.0,0.0
2006-07-21 00:00:00+09:00,106.11340503157857,110.23431396484375,106.11340503157857,110.23431396484375,3200,0.0,0.0
2006-07-24 00:00:00+09:00,107.14361659045468,108.68895721435547,106.21641221611421,108.68895721435547,7600,0.0,0.0
2006-07-25 00:00:00+09:00,109.20408673152745,110.23431396484375,107.14363226489486,110.23431396484375,8800,0.0,0.0
2006-07-26 00:00:00+09:00,108.68896641330343,115.17939758300781,108.17385282840625,115.17939758300781,6400,0.0,0.0
2006-07-27 00:00:00+09:00,108.17386494935863,112.91291046142578,108.17386494935863,112.91291046142578,10800,0.0,0.0
2006-07-28 00:00:00+09:00,112.29474601332461,114.14915466308594,108.68895141656648,114.14915466308594,4400,0.0,0.0
2006-07-31 00:00:00+09:00,114.149172946863,117.4458999633789,113.32499119273403,117.4458999633789,9600,0.0,0.0
2006-08-01 00:00:00+09:00,117.34286334625754,117.34286334625754,116.72472710387163,117.1368179321289,10400,0.0,0.0
2006-08-02 00:00:00+09:00,117.1368179321289,117.1368179321289,117.1368179321289,117.1368179321289,4000,0.0,0.0
2006-08-03 00:00:00+09:00,113.42798614501953,113.42798614501953,113.42798614501953,113.42798614501953,400,0.0,0.0
2006-08-04 00:00:00+09:00,115.38541336746903,115.38541336746903,114.35518646240234,114.35518646240234,2000,0.0,0.0
2006-08-07 00:00:00+09:00,111.26452608330305,113.32498027003088,110.7494125366211,110.7494125366211,5600,0.0,0.0
2006-08-08 00:00:00+09:00,110.23429202593967,111.77963256835938,110.23429202593967,111.77963256835938,8000,0.0,0.0
2006-08-09 00:00:00+09:00,110.74939619820073,110.74939619820073,108.1738288447542,109.20405578613281,33200,0.0,0.0
2006-08-10 00:00:00+09:00,109.41013196488501,109.71920013427734,109.41013196488501,109.71920013427734,19600,0.0,0.0
2006-08-11 00:00:00+09:00,108.1738592873157,109.71920013427734,108.1738592873157,109.71920013427734,19200,0.0,0.0
2006-08-14 00:00:00+09:00,108.17385041311886,110.02825927734375,108.17385041311886,110.02825927734375,27200,0.0,0.0
2006-08-15 00:00:00+09:00,113.23919074513088,114.52356719970703,113.02512800270152,114.52356719970703,6800,10.0,0.0
2006-08-16 00:00:00+09:00,113.02510492369186,115.80792000704034,113.02510492369186,115.05870056152344,20800,0.0,0.0
2006-08-17 00:00:00+09:00,116.55713945255724,120.94542477629906,115.05870056152344,115.05870056152344,22400,0.0,0.0
2006-08-18 00:00:00+09:00,117.09230535130506,119.7680892944336,116.77121127812963,119.7680892944336,3200,0.0,0.0
2006-08-21 00:00:00+09:00,117.73449086146826,119.87511796804041,117.73449086146826,117.84152221679688,18800,0.0,0.0
2006-08-22 00:00:00+09:00,120.94545529128608,120.94545529128608,117.73451400036697,120.19623565673828,13600,0.0,0.0
2006-08-23 00:00:00+09:00,120.73137185425884,121.05246592833932,120.73137185425884,120.9454345703125,8000,0.0,0.0
2006-08-24 00:00:00+09:00,120.9454345703125,120.9454345703125,120.83840321228567,120.9454345703125,26400,0.0,0.0
2006-08-25 00:00:00+09:00,120.41028899341978,121.80169677734375,120.41028899341978,121.80169677734375,52800,0.0,0.0
2006-08-28 00:00:00+09:00,120.94543315120457,121.05246450797556,120.8384017944336,120.8384017944336,14800,0.0,0.0
2006-08-29 00:00:00+09:00,120.8384017944336,120.94543315120457,120.8384017944336,120.8384017944336,5600,0.0,0.0
2006-08-30 00:00:00+09:00,118.3766860961914,118.3766860961914,118.3766860961914,118.3766860961914,2000,0.0,0.0
2006-08-31 00:00:00+09:00,120.73140716552734,121.48062689084533,120.73140716552734,120.73140716552734,8400,0.0,0.0
2006-09-01 00:00:00+09:00,120.73140716552734,120.73140716552734,118.59077937890451,120.73140716552734,5600,0.0,0.0
2006-09-04 00:00:00+09:00,120.83841446539638,121.90872814533789,120.83841446539638,121.80169677734375,8400,0.0,0.0
2006-09-05 00:00:00+09:00,122.0157484878687,122.1227798461914,122.0157484878687,122.1227798461914,7600,0.0,0.0
2006-09-06 00:00:00+09:00,122.55090350276923,122.55090350276923,120.8384017944336,120.8384017944336,21600,0.0,0.0
2006-09-07 00:00:00+09:00,120.83840321228567,120.9454345703125,120.73137185425884,120.9454345703125,12400,0.0,0.0
2006-09-08 00:00:00+09:00,120.83840321228567,121.3735600024198,120.83840321228567,120.9454345703125,3600,0.0,0.0
2006-09-11 00:00:00+09:00,120.8384017944336,120.8384017944336,120.8384017944336,120.8384017944336,4000,0.0,0.0
2006-09-12 00:00:00+09:00,118.3766860961914,118.3766860961914,118.3766860961914,118.3766860961914,4000,0.0,0.0
2006-09-13 00:00:00+09:00,117.7344970703125,117.7344970703125,116.66418346058238,117.7344970703125,6400,0.0,0.0
2006-09-14 00:00:00+09:00,112.38293977541345,116.45013188157127,112.38293977541345,114.52356719970703,15200,0.0,0.0
2006-09-15 00:00:00+09:00,113.4532713390532,113.4532713390532,112.3829574584961,112.3829574584961,12400,0.0,0.0
2006-09-18 00:00:00+09:00,112.3829574584961,112.3829574584961,112.3829574584961,112.3829574584961,0,0.0,0.0
2006-09-19 00:00:00+09:00,116.0220253684304,116.0220253684304,113.025146484375,113.025146484375,1600,0.0,0.0
2006-09-20 00:00:00+09:00,113.5602798461914,113.5602798461914,113.5602798461914,113.5602798461914,1600,0.0,0.0
2006-09-21 00:00:00+09:00,112.48997497558594,112.48997497558594,112.48997497558594,112.48997497558594,4000,0.0,0.0
2006-09-22 00:00:00+09:00,113.4532713390532,113.4532713390532,112.3829574584961,112.3829574584961,12800,0.0,0.0
2006-09-25 00:00:00+09:00,112.3829511495737,112.3829511495737,111.31263732910156,111.31263732910156,16400,0.0,0.0
2006-09-26 00:00:00+09:00,111.31263237110511,111.31263237110511,110.34934997558594,110.34934997558594,8800,0.0,0.0
2006-09-27 00:00:00+09:00,110.77747548470556,110.77747548470556,110.34934997558594,110.34934997558594,15200,0.0,0.0
2006-09-28 00:00:00+09:00,110.34934213675704,110.34934213675704,109.1719970703125,109.1719970703125,18400,0.0,0.0
2006-09-29 00:00:00+09:00,111.20559291602775,112.06184387207031,110.34934195998518,112.06184387207031,7600,0.0,0.0
2006-10-02 00:00:00+09:00,112.38295343187121,115.5938949584961,111.31263958966291,115.5938949584961,8000,0.0,0.0
2006-10-03 00:00:00+09:00,111.74076285729042,112.3829511495737,111.31263732910156,111.31263732910156,15200,0.0,0.0
2006-10-04 00:00:00+09:00,110.7774658203125,111.31262266002416,110.7774658203125,110.7774658203125,16000,0.0,0.0
2006-10-05 00:00:00+09:00,110.77746357899231,113.45324772341242,110.02824401855469,110.02824401855469,22000,0.0,0.0
2006-10-06 00:00:00+09:00,110.02826067124674,110.24232343519859,109.17200961543936,110.13529205322266,36400,0.0,0.0
2006-10-09 00:00:00+09:00,110.13529205322266,110.13529205322266,110.13529205322266,110.13529205322266,0,0.0,0.0
2006-10-10 00:00:00+09:00,109.27902503586934,109.49308776855469,109.27902503586934,109.49308776855469,5200,0.0,0.0
2006-10-11 00:00:00+09:00,109.38605980966605,109.38605980966605,109.1719970703125,109.1719970703125,10000,0.0,0.0
2006-10-12 00:00:00+09:00,108.63684001124886,109.70715370594097,107.0313694692107,107.9946517944336,31600,0.0,0.0
2006-10-13 00:00:00+09:00,107.88762944287593,108.10169219970703,107.03137841555152,108.10169219970703,15600,0.0,0.0
2006-10-16 00:00:00+09:00,108.20873813723108,108.6368637084961,107.45951838751732,108.6368637084961,6400,0.0,0.0
2006-10-17 00:00:00+09:00,108.20870971679688,108.31574108150191,108.20870971679688,108.20870971679688,1600,0.0,0.0
2006-10-18 00:00:00+09:00,108.52983231567984,108.6368637084961,108.52983231567984,108.6368637084961,9600,0.0,0.0
2006-10-19 00:00:00+09:00,109.1719970703125,109.1719970703125,109.1719970703125,109.1719970703125,8000,0.0,0.0
2006-10-20 00:00:00+09:00,109.60012894417476,110.24231719970703,109.38606619233066,110.24231719970703,4800,0.0,0.0
2006-10-23 00:00:00+09:00,109.1720137485238,110.45639038085938,109.1720137485238,110.45639038085938,8000,0.0,0.0
2006-10-24 00:00:00+09:00,110.24230448903113,110.24230448903113,109.27902221679688,109.27902221679688,6400,0.0,0.0
2006-10-25 00:00:00+09:00,107.56650066659846,107.88759469843906,107.56650066659846,107.78056335449219,9200,0.0,0.0
2006-10-26 00:00:00+09:00,107.03139010065806,107.24545288085938,107.03139010065806,107.24545288085938,18400,0.0,0.0
2006-10-27 00:00:00+09:00,107.03138321165055,107.99466566055541,107.03138321165055,107.88763427734375,11600,0.0,0.0
2006-10-30 00:00:00+09:00,110.02824460026805,110.02824460026805,108.31574273878527,109.49308776855469,36000,0.0,0.0
2006-10-31 00:00:00+09:00,112.27592029929279,112.27592029929279,108.20872776223547,108.42279052734375,55600,0.0,0.0
2006-11-01 00:00:00+09:00,109.17200598386255,109.17200598386255,108.10169219970703,108.10169219970703,2800,0.0,0.0
2006-11-02 00:00:00+09:00,108.10167751027576,108.10167751027576,107.4594893270464,107.56652069091797,18000,0.0,0.0
2006-11-03 00:00:00+09:00,107.56652069091797,107.56652069091797,107.56652069091797,107.56652069091797,0,0.0,0.0
2006-11-06 00:00:00+09:00,107.56650685790045,107.78056955811518,107.24541280757836,107.67353820800781,26400,0.0,0.0
2006-11-07 00:00:00+09:00,107.67356668604484,108.52981771336924,107.67356668604484,108.10169219970703,4400,0.0,0.0
2006-11-08 00:00:00+09:00,107.67355205478952,107.78058341866108,107.56652069091797,107.56652069091797,1600,0.0,0.0
2006-11-09 00:00:00+09:00,107.5665401277088,107.88763427734375,107.03138321165055,107.88763427734375,32000,0.0,0.0
2006-11-10 00:00:00+09:00,107.35248699470107,108.6368637084961,107.35248699470107,108.6368637084961,4800,0.0,0.0
2006-11-13 00:00:00+09:00,112.16890103675375,112.16890103675375,107.78061387787311,109.9212417602539,6000,0.0,0.0
2006-11-14 00:00:00+09:00,108.63686095216792,109.17201790267121,107.24545288085938,107.24545288085938,24400,0.0,0.0
2006-11-15 00:00:00+09:00,107.45947550779309,108.42275765875935,107.45947550779309,107.67353820800781,8400,0.0,0.0
2006-11-16 00:00:00+09:00,108.8509521484375,108.8509521484375,108.8509521484375,108.8509521484375,4000,0.0,0.0
2006-11-17 00:00:00+09:00,107.24544245910644,107.24544245910644,106.92434832000731,107.03137969970703,25200,0.0,0.0
2006-11-20 00:00:00+09:00,107.03137969970703,107.35247383880615,106.8173169403076,107.03137969970703,72000,0.0,0.0
2006-11-21 00:00:00+09:00,107.03137613111926,108.10168989243046,106.17512512207031,106.17512512207031,9600,0.0,0.0
2006-11-22 00:00:00+09:00,106.92433809974149,107.9946517944336,106.92433809974149,107.9946517944336,2400,0.0,0.0
2006-11-23 00:00:00+09:00,107.9946517944336,107.9946517944336,107.9946517944336,107.9946517944336,0,0.0,0.0
2006-11-24 00:00:00+09:00,106.38920804418699,106.38920804418699,105.9610824584961,105.9610824584961,22000,0.0,0.0
2006-11-27 00:00:00+09:00,107.03137969970703,107.56653659820556,107.03137969970703,107.03137969970703,23200,0.0,0.0
2006-11-28 00:00:00+09:00,106.17512512207031,106.17512512207031,106.17512512207031,106.17512512207031,400,0.0,0.0
2006-11-29 00:00:00+09:00,107.03138454643663,107.13841593098306,106.60325900825087,106.81732177734375,12000,0.0,0.0
2006-11-30 00:00:00+09:00,106.60323955593397,107.35245911104595,106.17511409586997,106.49620819091797,50400,0.0,0.0
2006-12-01 00:00:00+09:00,106.49623944060971,107.03139642272333,105.21186268353703,105.9610824584961,76400,0.0,0.0
2006-12-04 00:00:00+09:00,107.56654705116135,107.88764122146333,107.24545288085938,107.24545288085938,34800,0.0,0.0
2006-12-05 00:00:00+09:00,106.49622205277564,107.13841032646071,105.96106515803807,106.38919067382812,42800,0.0,0.0
2006-12-06 00:00:00+09:00,106.49623944060971,107.03139642272333,105.74701966565065,105.9610824584961,30000,0.0,0.0
2006-12-07 00:00:00+09:00,105.9610824584961,106.49623944060971,105.42592547638247,105.9610824584961,80800,0.0,0.0
2006-12-08 00:00:00+09:00,105.96105877946063,106.38918426947865,104.35558819189305,105.3188705444336,148400,0.0,0.0
2006-12-11 00:00:00+09:00,105.31889407995976,106.49623944060971,105.21186268353703,105.9610824584961,69600,0.0,0.0
2006-12-12 00:00:00+09:00,106.60323475308738,106.71026611328125,105.9610465919242,106.71026611328125,9600,0.0,0.0
2006-12-13 00:00:00+09:00,107.03139642272333,107.56655340483695,105.9610824584961,105.9610824584961,81200,0.0,0.0
2006-12-14 00:00:00+09:00,106.81730228596597,107.03136501599796,106.49620819091797,106.49620819091797,11600,0.0,0.0
2006-12-15 00:00:00+09:00,106.49622280120849,107.03137969970703,106.06809728240967,107.03137969970703,13200,0.0,0.0
2006-12-18 00:00:00+09:00,106.60323955593397,106.92433365098196,106.49620819091797,106.49620819091797,29200,0.0,0.0
2006-12-19 00:00:00+09:00,106.28215929488061,106.49622205277564,106.06809653698558,106.38919067382812,15200,0.0,0.0
2006-12-20 00:00:00+09:00,105.96108087588198,109.3860855102539,105.96108087588198,109.3860855102539,39600,0.0,0.0
2006-12-21 00:00:00+09:00,106.71027175339309,108.1016795094554,106.71027175339309,107.13839721679688,40400,0.0,0.0
2006-12-22 00:00:00+09:00,107.24544245910644,107.45950521850585,107.03137969970703,107.03137969970703,35600,0.0,0.0
2006-12-25 00:00:00+09:00,107.03137969970703,107.88763073730468,106.6032541809082,107.03137969970703,64800,0.0,0.0
2006-12-26 00:00:00+09:00,106.2821580195332,107.45950317382812,106.2821580195332,107.45950317382812,19600,0.0,0.0
2006-12-27 00:00:00+09:00,108.10167751027576,108.31574023801889,107.56652069091797,107.56652069091797,36000,0.0,0.0
2006-12-28 00:00:00+09:00,107.78058905549517,107.9946517944336,107.56652631655675,107.9946517944336,12400,0.0,0.0
2006-12-29 00:00:00+09:00,108.95798356647923,108.95798356647923,108.63688931235404,108.8509521484375,24800,0.0,0.0
2007-01-04 00:00:00+09:00,108.52978276212025,108.52978276212025,107.13837529081101,107.78056335449219,4400,0.0,0.0
2007-01-05 00:00:00+09:00,108.2087248764038,108.2087248764038,106.6032541809082,107.03137969970703,23200,0.0,0.0
2007-01-09 00:00:00+09:00,107.03137969970703,107.03137969970703,106.92434832000731,107.03137969970703,5600,0.0,0.0
2007-01-10 00:00:00+09:00,106.81732177734375,107.03138454643663,106.81732177734375,106.81732177734375,2800,0.0,0.0
2007-01-11 00:00:00+09:00,107.03137969970703,107.24544245910644,106.8173169403076,107.03137969970703,6800,0.0,0.0
2007-01-12 00:00:00+09:00,107.03136501599796,107.13839638101395,106.49620819091797,106.49620819091797,27600,0.0,0.0
2007-01-15 00:00:00+09:00,107.03137969970703,107.99466211700438,107.03137969970703,107.03137969970703,13200,0.0,0.0
2007-01-16 00:00:00+09:00,106.06810208551869,106.81732177734375,105.96107070097226,106.81732177734375,70000,0.0,0.0
2007-01-17 00:00:00+09:00,106.81729747347511,107.88761107541373,106.71026611328125,106.71026611328125,7200,0.0,0.0
2007-01-18 00:00:00+09:00,107.35245911104595,107.35245911104595,106.28214546088597,106.49620819091797,20000,0.0,0.0
2007-01-19 00:00:00+09:00,106.92434832000731,107.56653659820556,106.92434832000731,107.03137969970703,13600,0.0,0.0
2007-01-22 00:00:00+09:00,107.13837529081101,107.78056335449219,106.49618722712982,107.78056335449219,59200,0.0,0.0
2007-01-23 00:00:00+09:00,107.78058457110994,107.78058457110994,106.49620819091797,106.49620819091797,132400,0.0,0.0
2007-01-24 00:00:00+09:00,106.60325900825087,106.9243531618902,106.49622762370444,106.81732177734375,30000,0.0,0.0
2007-01-25 00:00:00+09:00,106.817315545526,107.8876293285473,106.49622141061961,106.92434692382812,131200,0.0,0.0
2007-01-26 00:00:00+09:00,107.031366432527,107.031366432527,106.49620960036435,106.60324096679688,68400,0.0,0.0
2007-01-29 00:00:00+09:00,107.03137969970703,107.24544245910644,106.49622280120849,107.03137969970703,111600,0.0,0.0
2007-01-30 00:00:00+09:00,107.88762944287593,108.10169219970703,107.56653530762928,108.10169219970703,35600,0.0,0.0
2007-01-31 00:00:00+09:00,108.10167751027576,108.10167751027576,107.35245796317484,107.56652069091797,33200,0.0,0.0
2007-02-01 00:00:00+09:00,107.45951566106069,107.99467261156398,107.24545288085938,107.24545288085938,4800,0.0,0.0
2007-02-02 00:00:00+09:00,107.99462604238592,107.99462604238592,107.24540663475787,107.78056335449219,8800,0.0,0.0
2007-02-05 00:00:00+09:00,108.1016831639028,108.1016831639028,107.67355768602596,107.9946517944336,9600,0.0,0.0
2007-02-06 00:00:00+09:00,108.20872357812259,108.31575495653814,108.10169219970703,108.10169219970703,29200,0.0,0.0
2007-02-07 00:00:00+09:00,108.42278633495368,108.42278633495368,108.10169219970703,108.10169219970703,23600,0.0,0.0
2007-02-08 00:00:00+09:00,108.10169219970703,109.17200598386255,108.10169219970703,108.10169219970703,18400,0.0,0.0
2007-02-09 00:00:00+09:00,108.10170674441483,108.6368637084961,107.56654978033356,108.6368637084961,28800,0.0,0.0
2007-02-13 00:00:00+09:00,108.63683432963356,108.95792842124824,107.56652069091797,107.56652069091797,26800,0.0,0.0
2007-02-14 00:00:00+09:00,108.10165738633279,108.10165738633279,107.56650066659846,107.78056335449219,38800,0.0,0.0
2007-02-15 00:00:00+09:00,113.1306062804328,113.1306062804328,111.57018412484062,112.35039520263672,18800,10.0,0.0
2007-02-16 00:00:00+09:00,112.01599708261652,112.2389144897461,111.68162097192214,112.2389144897461,16400,0.0,0.0
2007-02-19 00:00:00+09:00,112.350393404819,113.13060447013024,112.350393404819,112.57331085205078,22800,0.0,0.0
2007-02-20 00:00:00+09:00,113.13059199601412,114.13372039794922,113.13059199601412,114.13372039794922,18800,0.0,0.0
2007-02-21 00:00:00+09:00,114.80248307503794,117.58895111083984,114.80248307503794,117.58895111083984,36800,0.0,0.0
2007-02-22 00:00:00+09:00,119.1494110939198,119.81816363513919,118.03482352522083,118.59211730957031,31600,0.0,0.0
2007-02-23 00:00:00+09:00,118.25774477112968,119.14941485422962,114.8025231991174,118.14628601074219,45200,0.0,0.0
2007-02-26 00:00:00+09:00,118.14623183098392,118.25769054025844,115.3597640991211,115.3597640991211,31600,0.0,0.0
2007-02-27 00:00:00+09:00,116.02853435010883,116.92020416259766,115.91707562354772,116.92020416259766,7600,0.0,0.0
2007-02-28 00:00:00+09:00,112.57330906518578,114.80248350212015,112.57330906518578,114.69102478027344,58000,0.0,0.0
2007-03-01 00:00:00+09:00,116.36288567253422,116.8087204835401,115.24829864501953,115.24829864501953,30000,0.0,0.0
2007-03-02 00:00:00+09:00,115.24832200957508,115.24832200957508,113.79935858005432,114.24519348144531,6400,0.0,0.0
2007-03-05 00:00:00+09:00,114.24521798570755,114.24521798570755,113.13063049316406,113.13063049316406,29600,0.0,0.0
2007-03-06 00:00:00+09:00,112.57333674689232,113.13063049316406,112.57333674689232,113.13063049316406,45200,0.0,0.0
2007-03-07 00:00:00+09:00,114.8024817095811,114.9139404296875,113.35351834819804,114.9139404296875,11600,0.0,0.0
2007-03-08 00:00:00+09:00,114.24517700637597,115.3597640991211,114.24517700637597,115.3597640991211,12000,0.0,0.0
2007-03-09 00:00:00+09:00,115.91707603144218,117.81187438964844,115.91707603144218,117.81187438964844,12800,0.0,0.0
2007-03-12 00:00:00+09:00,118.1462551160457,118.1462551160457,117.03166780363017,117.25458526611328,15200,0.0,0.0
2007-03-13 00:00:00+09:00,117.03166330097528,118.14625057050837,115.91707603144218,117.81187438964844,17200,0.0,0.0
2007-03-14 00:00:00+09:00,117.03166520664458,117.03166520664458,115.69416046142578,115.69416046142578,7200,0.0,0.0
2007-03-15 00:00:00+09:00,116.5858207996075,117.25457311776968,115.47123360267052,115.91706848144531,47200,0.0,0.0
2007-03-16 00:00:00+09:00,115.91706848144531,115.91706848144531,114.80248128450835,115.91706848144531,35600,0.0,0.0
2007-03-19 00:00:00+09:00,117.0316556783823,117.0316556783823,115.13685744358943,115.91706848144531,24400,0.0,0.0
2007-03-20 00:00:00+09:00,116.80875670510616,117.36605039167632,115.9170868065939,116.47438049316406,14400,0.0,0.0
2007-03-22 00:00:00+09:00,116.47437467785376,116.47437467785376,116.02853975085719,116.25145721435547,10800,0.0,0.0
2007-03-23 00:00:00+09:00,117.25461954014901,117.25461954014901,116.5858669572204,116.80878448486328,28000,0.0,0.0
2007-03-26 00:00:00+09:00,116.80876343473649,116.80876343473649,116.58584594726562,116.58584594726562,7200,0.0,0.0
2007-03-27 00:00:00+09:00,116.58583250082316,116.80874996258382,116.3629150390625,116.3629150390625,12400,0.0,0.0
2007-03-28 00:00:00+09:00,115.91706848144531,116.3629033602201,115.35977488297682,115.91706848144531,17200,0.0,0.0
2007-03-29 00:00:00+09:00,115.47123946027058,115.80561563631385,114.24519348144531,114.24519348144531,11600,0.0,0.0
2007-03-30 00:00:00+09:00,116.5858669572204,116.80878448486328,115.9171143742918,116.80878448486328,12800,0.0,0.0
2007-04-02 00:00:00+09:00,116.92019695868859,116.92019695868859,114.91394000420203,115.91706848144531,3600,0.0,0.0
2007-04-03 00:00:00+09:00,114.24518900010192,115.58269365181043,114.0222715581505,114.80248260498047,38800,0.0,0.0
2007-04-04 00:00:00+09:00,114.80249495733352,117.03166961669922,114.80249495733352,117.03166961669922,20400,0.0,0.0
2007-04-05 00:00:00+09:00,117.03166288915875,117.58895652196428,116.92020416259766,116.92020416259766,15600,0.0,0.0
2007-04-06 00:00:00+09:00,116.92020055467837,120.93271458706009,116.92020055467837,119.26083374023438,51600,0.0,0.0
2007-04-09 00:00:00+09:00,119.14937135256254,119.14937135256254,115.91706848144531,115.91706848144531,42000,0.0,0.0
2007-04-10 00:00:00+09:00,115.91706981473756,117.5889506293732,114.80248260498047,114.80248260498047,37200,0.0,0.0
2007-04-11 00:00:00+09:00,114.91394000420203,115.91706848144531,114.91394000420203,115.91706848144531,3600,0.0,0.0
2007-04-12 00:00:00+09:00,114.80248260498047,116.13998725668898,114.80248260498047,114.80248260498047,20000,0.0,0.0
2007-04-13 00:00:00+09:00,114.80246854295918,115.24830337225222,113.68788146972656,113.68788146972656,21600,0.0,0.0
2007-04-16 00:00:00+09:00,113.7993421692779,115.80559893621916,113.7993421692779,115.3597640991211,14000,0.0,0.0
2007-04-17 00:00:00+09:00,115.35978646113955,116.47437376994283,115.35978646113955,116.3629150390625,1600,0.0,0.0
2007-04-18 00:00:00+09:00,115.91707692001806,117.7004165649414,115.47124200878721,117.7004165649414,16400,0.0,0.0
2007-04-19 00:00:00+09:00,117.03169840686725,118.14628601074219,116.47440460492979,118.14628601074219,26000,0.0,0.0
2007-04-20 00:00:00+09:00,117.92332727513606,118.14624471800022,116.02852901079078,117.58895111083984,6400,0.0,0.0
2007-04-23 00:00:00+09:00,118.14624966655651,118.14624966655651,116.02853387064654,117.92333221435547,26800,0.0,0.0
2007-04-24 00:00:00+09:00,115.91706848144531,117.92332543593187,115.91706848144531,115.91706848144531,26400,0.0,0.0
2007-04-25 00:00:00+09:00,115.91706848144531,116.4743620799138,115.91706848144531,115.91706848144531,21200,0.0,0.0
2007-04-26 00:00:00+09:00,116.47436341961611,116.47436341961611,114.35664772107764,114.80248260498047,10400,0.0,0.0
2007-04-27 00:00:00+09:00,116.47437649890851,116.47437649890851,115.91708283144962,116.0285415649414,3200,0.0,0.0
2007-05-01 00:00:00+09:00,115.91708283144962,117.92334003430163,115.91708283144962,116.0285415649414,9200,0.0,0.0
2007-05-02 00:00:00+09:00,116.02852720113901,117.0316556783823,115.91706848144531,115.91706848144531,2400,0.0,0.0
2007-05-07 00:00:00+09:00,117.81186671623817,117.81186671623817,115.91706848144531,115.91706848144531,18000,0.0,0.0
2007-05-08 00:00:00+09:00,116.02854101998466,117.03166961669922,116.02854101998466,117.03166961669922,5600,0.0,0.0
2007-05-09 00:00:00+09:00,117.03166780363017,117.25458526611328,116.0285392224562,117.25458526611328,11200,0.0,0.0
2007-05-10 00:00:00+09:00,117.1431283496675,117.2545870826358,116.25145848592122,117.03166961669922,7200,0.0,0.0
2007-05-11 00:00:00+09:00,116.80878448486328,117.03170201250614,116.14003190193466,116.80878448486328,15200,0.0,0.0
2007-05-14 00:00:00+09:00,117.70042201450893,117.70042201450893,116.25145848592122,117.03166961669922,20800,0.0,0.0
2007-05-15 00:00:00+09:00,117.03166961669922,117.03166961669922,117.03166961669922,117.03166961669922,2000,0.0,0.0
2007-05-16 00:00:00+09:00,117.0316846265445,117.0316846265445,115.91709715391075,116.1400146484375,2800,0.0,0.0
2007-05-17 00:00:00+09:00,117.0316610871668,117.14311981201172,115.91707383871758,117.14311981201172,13200,0.0,0.0
2007-05-18 00:00:00+09:00,117.1431283496675,117.1431283496675,116.02854101998466,117.03166961669922,10800,0.0,0.0
2007-05-21 00:00:00+09:00,117.03166961669922,117.70042201450893,117.03166961669922,117.03166961669922,16000,0.0,0.0
2007-05-22 00:00:00+09:00,117.03165750367945,117.58895111083984,117.03165750367945,117.58895111083984,12800,0.0,0.0
2007-05-23 00:00:00+09:00,117.70041476215441,118.48062584485808,117.70041476215441,117.92333221435547,12400,0.0,0.0
2007-05-24 00:00:00+09:00,117.92333270164758,117.92333270164758,116.80874543603655,116.92020416259766,15600,0.0,0.0
2007-05-25 00:00:00+09:00,117.03166240555126,117.92333221435547,117.03166240555126,117.92333221435547,10800,0.0,0.0
2007-05-28 00:00:00+09:00,117.47746363800135,117.47746363800135,117.36600494384766,117.36600494384766,1200,0.0,0.0
2007-05-29 00:00:00+09:00,117.03166961669922,117.2545870826358,116.80875215076264,117.03166961669922,25600,0.0,0.0
2007-05-30 00:00:00+09:00,117.03165750367945,117.70040983227192,117.03165750367945,117.58895111083984,55600,0.0,0.0
2007-05-31 00:00:00+09:00,117.92333088592616,118.146248335616,117.14311981201172,117.14311981201172,26000,0.0,0.0
2007-06-01 00:00:00+09:00,117.03166961669922,118.70355061122349,117.03166961669922,117.03166961669922,33600,0.0,0.0
2007-06-04 00:00:00+09:00,118.5920918782552,118.5920918782552,117.03166961669922,117.03166961669922,32000,0.0,0.0
2007-06-05 00:00:00+09:00,116.92021088373093,117.1431283496675,116.92021088373093,117.03166961669922,51600,0.0,0.0
2007-06-06 00:00:00+09:00,118.03479821341378,118.14625694638207,117.03166961669922,117.03166961669922,52400,0.0,0.0
2007-06-07 00:00:00+09:00,117.1431283496675,117.1431283496675,117.03166961669922,117.03166961669922,43200,0.0,0.0
2007-06-08 00:00:00+09:00,117.03166961669922,118.03479821341378,117.03166961669922,117.03166961669922,55600,0.0,0.0
2007-06-11 00:00:00+09:00,118.25771567935035,118.25771567935035,117.03166961669922,117.03166961669922,84400,0.0,0.0
2007-06-12 00:00:00+09:00,119.26083742038082,119.26083742038082,116.92020416259766,116.92020416259766,70800,0.0,0.0
2007-06-13 00:00:00+09:00,117.03170201250614,117.14316077632758,116.47440819339897,116.80878448486328,41600,0.0,0.0
2007-06-14 00:00:00+09:00,116.47436925635324,117.92333270164758,116.47436925635324,116.92020416259766,120400,0.0,0.0
2007-06-15 00:00:00+09:00,117.03166961669922,117.36604581560407,117.03166961669922,117.03166961669922,55600,0.0,0.0
2007-06-18 00:00:00+09:00,117.36604581560407,118.5920918782552,116.80875215076264,117.03166961669922,69600,0.0,0.0
2007-06-19 00:00:00+09:00,117.0316610871668,117.5889547113914,117.0316610871668,117.14311981201172,10800,0.0,0.0
2007-06-20 00:00:00+09:00,117.03166961669922,117.1431283496675,117.03166961669922,117.03166961669922,25200,0.0,0.0
2007-06-21 00:00:00+09:00,117.03166240555126,117.92333221435547,117.03166240555126,117.92333221435547,40000,0.0,0.0
2007-06-22 00:00:00+09:00,117.92329841461617,118.03475710876987,117.36600494384766,117.36600494384766,30400,0.0,0.0
2007-06-25 00:00:00+09:00,117.36606069491529,118.92648315429688,117.36606069491529,118.92648315429688,6800,0.0,0.0
2007-06-26 00:00:00+09:00,118.14627192460608,118.92648315429688,117.92335443040872,118.92648315429688,9600,0.0,0.0
2007-06-27 00:00:00+09:00,118.81499884774752,119.26083374023438,118.59208140150409,119.26083374023438,22000,0.0,0.0
2007-06-28 00:00:00+09:00,119.4837877061632,120.37545776367188,119.26087019178603,120.37545776367188,17600,0.0,0.0
2007-06-29 00:00:00+09:00,120.59837527804905,121.15566906399197,120.37545776367188,120.37545776367188,27600,0.0,0.0
2007-07-02 00:00:00+09:00,121.49004364013672,121.49004364013672,120.37545608380519,121.49004364013672,13200,0.0,0.0
2007-07-03 00:00:00+09:00,122.60460518501901,124.27648616481471,122.60460518501901,123.71919250488281,11600,0.0,0.0
2007-07-04 00:00:00+09:00,123.71921836955664,124.2765121459961,122.60463081667775,124.2765121459961,16400,0.0,0.0
2007-07-05 00:00:00+09:00,121.04418293720967,124.05356870084195,121.04418293720967,123.71919250488281,34000,0.0,0.0
2007-07-06 00:00:00+09:00,123.71919250488281,123.71919250488281,120.48688927727777,123.71919250488281,11200,0.0,0.0
2007-07-09 00:00:00+09:00,120.37542447176845,122.93897517811168,120.15250701904296,122.60459899902344,25200,0.0,0.0
2007-07-10 00:00:00+09:00,121.82438881121732,122.4931411743164,121.82438881121732,122.4931411743164,4000,0.0,0.0
2007-07-11 00:00:00+09:00,121.49004364013672,121.60150239576987,121.26712612887042,121.49004364013672,5200,0.0,0.0
2007-07-12 00:00:00+09:00,120.37546351744817,121.49005114260972,120.37546351744817,120.59838104248047,12000,0.0,0.0
2007-07-13 00:00:00+09:00,121.49004533555772,121.49004533555772,120.37545776367188,120.37545776367188,5600,0.0,0.0
2007-07-17 00:00:00+09:00,119.48378238991802,121.93587493896484,119.48378238991802,121.93587493896484,7600,0.0,0.0
2007-07-18 00:00:00+09:00,120.93274986197095,121.49004364013672,120.93274986197095,121.49004364013672,4000,0.0,0.0
2007-07-19 00:00:00+09:00,122.6045999014996,122.6045999014996,119.37229681318733,122.4931411743164,19600,0.0,0.0
2007-07-20 00:00:00+09:00,122.60463418481557,122.60463418481557,122.0473403930664,122.0473403930664,15600,0.0,0.0
2007-07-23 00:00:00+09:00,119.3723104917086,121.71294403076172,119.3723104917086,121.71294403076172,14000,0.0,0.0
2007-07-24 00:00:00+09:00,122.60460518501901,123.71919250488281,119.81813688535948,123.71919250488281,26000,0.0,0.0
2007-07-25 00:00:00+09:00,119.4837619231468,120.26397305510764,119.37230319000953,119.8181381225586,15200,0.0,0.0
2007-07-26 00:00:00+09:00,119.81814063066074,121.49002166271647,119.81814063066074,121.3785629272461,16000,0.0,0.0
2007-07-27 00:00:00+09:00,119.3723286076596,120.59837493322846,118.59211730957031,118.59211730957031,20000,0.0,0.0
2007-07-30 00:00:00+09:00,117.58896825928414,120.15251922607422,117.03167457085152,120.15251922607422,17200,0.0,0.0
2007-07-31 00:00:00+09:00,120.15253240670731,120.15253240670731,119.14940365748619,119.48377990722656,10000,0.0,0.0
2007-08-01 00:00:00+09:00,120.37544990653421,120.37544990653421,119.48377990722656,119.48377990722656,31600,0.0,0.0
2007-08-02 00:00:00+09:00,121.37858657836914,121.37858657836914,117.03169504801433,120.37545776367188,25600,0.0,0.0
2007-08-03 00:00:00+09:00,120.37543761696988,121.37856626377796,119.81814392429872,120.04106140136719,18400,0.0,0.0
2007-08-06 00:00:00+09:00,120.37546041861553,120.37546041861553,117.25461514850328,119.1494140625,6800,0.0,0.0
2007-08-07 00:00:00+09:00,118.03479094045599,118.36916711875756,117.92333221435547,117.92333221435547,6400,0.0,0.0
2007-08-08 00:00:00+09:00,117.92333311660175,117.92333311660175,117.81187438964844,117.81187438964844,2400,0.0,0.0
2007-08-09 00:00:00+09:00,118.14624471800022,118.14624471800022,117.03165750367945,117.58895111083984,34400,0.0,0.0
2007-08-10 00:00:00+09:00,117.03166961669922,118.14625694638207,117.03166961669922,117.03166961669922,33200,0.0,0.0
2007-08-13 00:00:00+09:00,115.91708465076847,115.91708465076847,113.79936868118712,115.80562591552734,27200,0.0,0.0
2007-08-14 00:00:00+09:00,115.80560071562982,115.80560071562982,114.80247231674564,115.13684844970703,21200,0.0,0.0
2007-08-15 00:00:00+09:00,119.65888214111328,119.65888214111328,119.42698508270027,119.65888214111328,19200,10.0,0.0
2007-08-16 00:00:00+09:00,119.42695632635379,119.77480183021694,117.10798630059934,118.26747131347656,41200,0.0,0.0
2007-08-17 00:00:00+09:00,118.15156198883057,118.15156198883057,114.78905433654785,115.94853973388672,32400,0.0,0.0
2007-08-20 00:00:00+09:00,115.94849100395413,115.94849100395413,112.4700362738355,113.5135726928711,9600,0.0,0.0
2007-08-21 00:00:00+09:00,111.89034033293771,117.10802459716797,111.89034033293771,117.10802459716797,7200,0.0,0.0
2007-08-22 00:00:00+09:00,117.10797268331109,119.77478790283203,117.10797268331109,119.77478790283203,15200,0.0,0.0
2007-08-23 00:00:00+09:00,119.42697869814359,120.58646392822266,118.84723608310405,120.58646392822266,9600,0.0,0.0
2007-08-24 00:00:00+09:00,121.1661913222161,121.74593386442766,119.19506667869679,120.00670623779297,11600,0.0,0.0
2007-08-27 00:00:00+09:00,120.81837277189678,121.74596104653706,120.81837277189678,121.63001251220703,9200,0.0,0.0
2007-08-28 00:00:00+09:00,118.84721374511719,121.62997777427115,118.84721374511719,118.84721374511719,12400,0.0,0.0
2007-08-29 00:00:00+09:00,114.78901356190175,116.87608653575451,114.78901356190175,115.83255004882812,8000,0.0,0.0
2007-08-30 00:00:00+09:00,115.83255481333867,116.2963488266053,114.55712127685547,114.55712127685547,20400,0.0,0.0
2007-08-31 00:00:00+09:00,114.78905433654785,115.94853973388672,114.78905433654785,115.94853973388672,3200,0.0,0.0
2007-09-03 00:00:00+09:00,116.52826337280872,118.15154266357422,116.52826337280872,118.15154266357422,6000,0.0,0.0
2007-09-04 00:00:00+09:00,120.00669875726467,120.00669875726467,118.84721374511719,118.84721374511719,7200,0.0,0.0
2007-09-05 00:00:00+09:00,116.52824997430733,117.33988952636719,116.52824997430733,117.33988952636719,4800,0.0,0.0
2007-09-06 00:00:00+09:00,117.687744140625,117.687744140625,117.687744140625,117.687744140625,14400,0.0,0.0
2007-09-07 00:00:00+09:00,117.22394392392022,118.03558349609375,116.52825286205719,118.03558349609375,2800,0.0,0.0
2007-09-10 00:00:00+09:00,113.39765103020983,115.71662139892578,113.39765103020983,115.71662139892578,17600,0.0,0.0
2007-09-11 00:00:00+09:00,115.60067288048998,115.71662139892578,115.36877584361838,115.71662139892578,4800,0.0,0.0
2007-09-12 00:00:00+09:00,114.78903556127426,118.15154266357422,114.78903556127426,118.15154266357422,1600,0.0,0.0
2007-09-13 00:00:00+09:00,114.90500287628174,120.58648132324218,114.90500287628174,115.94853973388672,9200,0.0,0.0
2007-09-14 00:00:00+09:00,115.60069358750145,117.3399216755782,115.60069358750145,117.10802459716797,11200,0.0,0.0
2007-09-18 00:00:00+09:00,116.87608476390334,118.38341522216797,115.94849678958664,118.38341522216797,16400,0.0,0.0
2007-09-19 00:00:00+09:00,116.06444819969467,119.07910919189453,116.06444819969467,119.07910919189453,5200,0.0,0.0
2007-09-20 00:00:00+09:00,117.68773796516224,118.03558349609375,117.68773796516224,118.03558349609375,2400,0.0,0.0
2007-09-21 00:00:00+09:00,118.3834363662779,119.19507598876953,118.0355908137815,119.19507598876953,10800,0.0,0.0
2007-09-25 00:00:00+09:00,119.31102787126386,119.31102787126386,118.03559414280525,118.15154266357422,30800,0.0,0.0
2007-09-26 00:00:00+09:00,120.00672131318312,120.58646392822266,120.00672131318312,120.58646392822266,10000,0.0,0.0
2007-09-27 00:00:00+09:00,120.58645367622375,120.58645367622375,118.73127746582031,118.73127746582031,28800,0.0,0.0
2007-09-28 00:00:00+09:00,118.73127264492754,120.35455176311991,118.73127264492754,120.00670623779297,4400,0.0,0.0
2007-10-01 00:00:00+09:00,119.42695632635379,119.42695632635379,118.26747131347656,118.26747131347656,1200,0.0,0.0
2007-10-02 00:00:00+09:00,118.26747131347656,118.26747131347656,118.26747131347656,118.26747131347656,4000,0.0,0.0
2007-10-03 00:00:00+09:00,118.26747123904345,118.96316224633193,118.26747123904345,118.84721374511719,4400,0.0,0.0
2007-10-04 00:00:00+09:00,118.26747131347656,118.26747131347656,118.03557431090111,118.26747131347656,18400,0.0,0.0
2007-10-05 00:00:00+09:00,118.26747116533298,119.42695617675781,118.26747116533298,119.42695617675781,12800,0.0,0.0
2007-10-09 00:00:00+09:00,118.26748051671476,118.38342902702527,118.03558349609375,118.03558349609375,19600,0.0,0.0
2007-10-10 00:00:00+09:00,116.52824541187945,117.4558334350586,116.52824541187945,117.4558334350586,3600,0.0,0.0
2007-10-11 00:00:00+09:00,117.10800155865148,118.84722930457205,116.99205304225677,117.687744140625,22800,0.0,0.0
2007-10-12 00:00:00+09:00,119.31101710950931,119.42696561981981,114.78902520739962,118.03558349609375,22000,0.0,0.0
2007-10-15 00:00:00+09:00,118.03558349609375,119.42696561981981,118.03558349609375,118.03558349609375,20800,0.0,0.0
2007-10-16 00:00:00+09:00,118.03558968980911,118.26748672259852,117.687744140625,117.687744140625,13200,0.0,0.0
2007-10-17 00:00:00+09:00,118.03557431090111,118.26747131347656,118.03557431090111,118.26747131347656,2000,0.0,0.0
2007-10-18 00:00:00+09:00,116.64419546608401,118.26747452823628,116.64419546608401,117.22393798828125,17600,0.0,0.0
2007-10-19 00:00:00+09:00,117.33988952636719,117.33988952636719,117.33988952636719,117.33988952636719,4400,0.0,0.0
2007-10-22 00:00:00+09:00,111.54245560257523,117.10798353284926,111.54245560257523,115.83255004882812,13600,0.0,0.0
2007-10-23 00:00:00+09:00,115.83255004882812,115.83255004882812,115.83255004882812,115.83255004882812,4000,0.0,0.0
2007-10-24 00:00:00+09:00,115.6006516149619,115.6006516149619,114.90496063232422,114.90496063232422,5600,0.0,0.0
2007-10-25 00:00:00+09:00,114.44117882468484,114.78902435302734,114.44117882468484,114.78902435302734,800,0.0,0.0
2007-10-26 00:00:00+09:00,114.78897685188869,114.78897685188869,113.62949223722315,113.86138916015625,8400,0.0,0.0
2007-10-29 00:00:00+09:00,113.8614471777742,113.97739569832183,113.74549865722656,113.74549865722656,7200,0.0,0.0
2007-10-30 00:00:00+09:00,114.09333038330078,114.09333038330078,114.09333038330078,114.09333038330078,800,0.0,0.0
2007-10-31 00:00:00+09:00,115.36878204345703,115.36878204345703,115.36878204345703,115.36878204345703,5600,0.0,0.0
2007-11-01 00:00:00+09:00,115.83256265323983,115.83256265323983,113.97738647460938,113.97738647460938,13200,0.0,0.0
2007-11-02 00:00:00+09:00,113.5135726928711,113.5135726928711,113.5135726928711,113.5135726928711,2000,0.0,0.0
2007-11-05 00:00:00+09:00,114.78903213733344,115.71662027581694,113.97739251616038,114.20928955078125,2000,0.0,0.0
2007-11-06 00:00:00+09:00,115.36879703521728,115.94853973388672,115.13689995574951,115.94853973388672,2800,0.0,0.0
2007-11-07 00:00:00+09:00,115.94852439579002,115.94852439579002,110.15109817600052,111.54248046875,26800,0.0,0.0
2007-11-08 00:00:00+09:00,112.47008459908622,113.62957000732422,111.42654773167202,113.62957000732422,8800,0.0,0.0
2007-11-09 00:00:00+09:00,110.15107410418975,111.19461059570312,110.15107410418975,111.19461059570312,13200,0.0,0.0
2007-11-12 00:00:00+09:00,110.0351363894814,110.15108489990234,110.0351363894814,110.15108489990234,2000,0.0,0.0
2007-11-13 00:00:00+09:00,109.57131958007812,110.15106201171875,108.9915771484375,108.9915771484375,6000,0.0,0.0
2007-11-14 00:00:00+09:00,110.03513688118227,110.03513688118227,107.83211517333984,107.83211517333984,24400,0.0,0.0
2007-11-15 00:00:00+09:00,109.80321655273438,109.80321655273438,104.3536376953125,104.3536376953125,3600,0.0,0.0
2007-11-16 00:00:00+09:00,104.35366796506807,104.35366796506807,99.83167568658179,99.94762420654297,22000,0.0,0.0
2007-11-19 00:00:00+09:00,99.7157461784746,101.5709228515625,99.7157461784746,101.5709228515625,7600,0.0,0.0
2007-11-20 00:00:00+09:00,100.87520901562836,100.99115753173828,100.87520901562836,100.99115753173828,2000,0.0,0.0
2007-11-21 00:00:00+09:00,100.99116559394606,104.23772430419922,100.99116559394606,104.23772430419922,2000,0.0,0.0
2007-11-22 00:00:00+09:00,99.71572099806944,103.7739189456653,99.13597843412718,100.29546356201172,8000,0.0,0.0
2007-11-26 00:00:00+09:00,100.87519222928076,101.22303771972656,100.87519222928076,101.22303771972656,1200,0.0,0.0
2007-11-27 00:00:00+09:00,101.22304370186545,102.03468322753906,101.22304370186545,102.03468322753906,3200,0.0,0.0
2007-11-28 00:00:00+09:00,104.23768453782046,104.35363301895262,102.1506118774414,102.1506118774414,18000,0.0,0.0
2007-11-29 00:00:00+09:00,103.1941605045297,103.77390297927425,100.87519060555151,102.61441802978516,12400,0.0,0.0
2007-11-30 00:00:00+09:00,103.77389526367188,104.3536376953125,103.77389526367188,104.3536376953125,8000,0.0,0.0
2007-12-03 00:00:00+09:00,104.3536376953125,104.3536376953125,104.3536376953125,104.3536376953125,5200,0.0,0.0
2007-12-04 00:00:00+09:00,104.3536376953125,104.3536376953125,104.3536376953125,104.3536376953125,4000,0.0,0.0
2007-12-05 00:00:00+09:00,104.3536376953125,104.3536376953125,104.3536376953125,104.3536376953125,1200,0.0,0.0
2007-12-06 00:00:00+09:00,104.3536603319776,105.51314544677734,104.3536603319776,105.51314544677734,3600,0.0,0.0
2007-12-07 00:00:00+09:00,104.46957858596717,105.28121793125216,104.46957858596717,104.9333724975586,4000,0.0,0.0
2007-12-10 00:00:00+09:00,104.70152720963415,106.67265230660401,104.70152720963415,105.16532135009766,7600,0.0,0.0
2007-12-11 00:00:00+09:00,104.35368372741358,104.35368372741358,103.19419835266454,103.77394104003906,16800,0.0,0.0
2007-12-12 00:00:00+09:00,103.19418476783949,103.54203033447266,103.19418476783949,103.54203033447266,1600,0.0,0.0
2007-12-13 00:00:00+09:00,102.38252873854204,103.77391078255393,102.03468322753906,102.03468322753906,17200,0.0,0.0
2007-12-14 00:00:00+09:00,100.8752106028953,100.8752106028953,100.52736504909221,100.75926208496094,17200,0.0,0.0
2007-12-17 00:00:00+09:00,100.87521362304688,102.03469883710488,100.75926510164108,100.87521362304688,5200,0.0,0.0
2007-12-18 00:00:00+09:00,100.87521362304688,100.87521362304688,99.94762545180046,100.87521362304688,11600,0.0,0.0
2007-12-19 00:00:00+09:00,100.87521362304688,100.87521362304688,100.87521362304688,100.87521362304688,17200,0.0,0.0
2007-12-20 00:00:00+09:00,100.99116214445267,102.03469883710488,100.87521362304688,100.87521362304688,19200,0.0,0.0
2007-12-21 00:00:00+09:00,100.87521362304688,101.68685327288748,100.64331658023526,100.87521362304688,12800,0.0,0.0
2007-12-25 00:00:00+09:00,100.8752296849301,100.8752296849301,99.13600158691406,99.13600158691406,15600,0.0,0.0
2007-12-26 00:00:00+09:00,99.36789729337737,99.36789729337737,98.78815460205078,98.78815460205078,19200,0.0,0.0
2007-12-27 00:00:00+09:00,99.59978505654972,99.59978505654972,98.5562483097407,99.0200424194336,28000,0.0,0.0
2007-12-28 00:00:00+09:00,97.74459628066575,100.29546356201172,97.3967507423004,100.29546356201172,20000,0.0,0.0
2008-01-04 00:00:00+09:00,97.0489026126929,98.4402847290039,96.58510857392255,98.4402847290039,18000,0.0,0.0
2008-01-07 00:00:00+09:00,98.78812117242076,98.78812117242076,97.51268768310547,97.51268768310547,2000,0.0,0.0
2008-01-08 00:00:00+09:00,98.55623323869649,98.55623323869649,98.4402847290039,98.4402847290039,2400,0.0,0.0
2008-01-09 00:00:00+09:00,98.44029537425322,98.55624389648438,97.97650128532858,98.55624389648438,1600,0.0,0.0
2008-01-10 00:00:00+09:00,98.78815460205078,98.9041031403161,98.78815460205078,98.78815460205078,30000,0.0,0.0
2008-01-11 00:00:00+09:00,98.78813025808167,98.78813025808167,98.4402847290039,98.4402847290039,20800,0.0,0.0
2008-01-15 00:00:00+09:00,100.75925492285559,100.75925492285559,98.32433621931132,98.4402847290039,17200,0.0,0.0
2008-01-16 00:00:00+09:00,98.44029139439552,98.44029139439552,96.35321807861328,96.35321807861328,30000,0.0,0.0
2008-01-17 00:00:00+09:00,96.3532105600574,96.3532105600574,95.19372547509883,95.77346801757812,4800,0.0,0.0
2008-01-18 00:00:00+09:00,96.58510442526944,96.81700143469385,96.23725891113281,96.23725891113281,6000,0.0,0.0
2008-01-21 00:00:00+09:00,97.28079545354268,97.28079545354268,95.19372236872293,96.23725891113281,5200,0.0,0.0
2008-01-22 00:00:00+09:00,93.33855281366367,93.33855281366367,86.8454360961914,86.8454360961914,26800,0.0,0.0
2008-01-23 00:00:00+09:00,86.84542425195654,88.70060020393424,81.51179339002063,82.9031753540039,16400,0.0,0.0
2008-01-24 00:00:00+09:00,84.0626743402374,85.5700050525451,82.55534362792969,82.55534362792969,14400,0.0,0.0
2008-01-25 00:00:00+09:00,83.13507067570922,86.96137099969583,83.13507067570922,84.87429809570312,23200,0.0,0.0
2008-01-28 00:00:00+09:00,85.8018798828125,88.120849609375,85.8018798828125,86.96136474609375,4400,0.0,0.0
2008-01-29 00:00:00+09:00,85.33811883634321,88.00493504997894,85.33811883634321,87.07734680175781,2000,0.0,0.0
2008-01-30 00:00:00+09:00,87.0773207221935,89.2803421519161,87.0773207221935,88.70059967041016,4000,0.0,0.0
2008-01-31 00:00:00+09:00,89.51225337576359,89.86009891996993,86.49759199264201,87.19328308105469,18000,0.0,0.0
2008-02-01 00:00:00+09:00,87.54113006591797,87.54113006591797,87.54113006591797,87.54113006591797,2400,0.0,0.0
2008-02-04 00:00:00+09:00,88.70062600998652,92.75882458560682,87.54114070266642,87.65708923339844,15600,0.0,0.0
2008-02-05 00:00:00+09:00,89.74414533376694,89.74414533376694,89.04845428466797,89.04845428466797,2400,0.0,0.0
2008-02-06 00:00:00+09:00,87.88896920283636,89.04845428466797,87.30922666192055,89.04845428466797,9200,0.0,0.0
2008-02-07 00:00:00+09:00,88.00492413249236,88.00492413249236,87.19328451598716,87.54113006591797,8800,0.0,0.0
2008-02-08 00:00:00+09:00,87.3092210592046,87.3092210592046,85.80189054955034,85.91783905029297,18000,0.0,0.0
2008-02-12 00:00:00+09:00,84.4105010861085,86.72947089616643,84.4105010861085,84.75834655761719,27200,0.0,0.0
2008-02-13 00:00:00+09:00,84.75834655761719,84.75834655761719,84.75834655761719,84.75834655761719,4000,0.0,0.0
2008-02-14 00:00:00+09:00,87.30924987792969,87.30924987792969,87.30924987792969,87.30924987792969,4000,0.0,0.0
2008-02-15 00:00:00+09:00,90.98283182176834,92.94208526611328,90.49301846068211,92.94208526611328,26000,10.0,0.0
2008-02-18 00:00:00+09:00,92.94208820973795,93.3094482421875,90.9828347033403,93.3094482421875,14000,0.0,0.0
2008-02-19 00:00:00+09:00,89.63585952447384,90.86039312453497,89.51340616446774,90.00321960449219,27600,0.0,0.0
2008-02-20 00:00:00+09:00,90.00321176889781,90.615478515625,90.00321176889781,90.615478515625,22400,0.0,0.0
2008-02-21 00:00:00+09:00,90.61546918853678,92.94208258662083,90.61546918853678,91.35018920898438,5600,0.0,0.0
2008-02-22 00:00:00+09:00,90.98282805687742,93.06453475535241,89.6358413696289,89.6358413696289,11200,0.0,0.0
2008-02-25 00:00:00+09:00,91.2277266319762,92.08489990234375,91.2277266319762,92.08489990234375,1600,0.0,0.0
2008-02-26 00:00:00+09:00,92.08492519403595,93.67681884765625,92.08492519403595,93.67681884765625,1200,0.0,0.0
2008-02-27 00:00:00+09:00,94.28908563751021,94.28908563751021,93.67681884765625,93.67681884765625,2000,0.0,0.0
2008-02-28 00:00:00+09:00,92.45226133437384,94.28906122843425,92.45226133437384,92.57471466064453,3600,0.0,0.0
2008-02-29 00:00:00+09:00,93.799241800944,93.799241800944,91.8399887084961,91.8399887084961,11200,0.0,0.0
2008-03-03 00:00:00+09:00,90.24809426972361,90.24809426972361,88.90110778808594,88.90110778808594,9200,0.0,0.0
2008-03-04 00:00:00+09:00,91.71754455566406,91.71754455566406,91.71754455566406,91.71754455566406,400,0.0,0.0
2008-03-05 00:00:00+09:00,91.71753539021809,91.8399887084961,91.71753539021809,91.8399887084961,2000,0.0,0.0
2008-03-06 00:00:00+09:00,91.8399887084961,91.8399887084961,91.8399887084961,91.8399887084961,2000,0.0,0.0
2008-03-07 00:00:00+09:00,91.1052642863339,91.1052642863339,90.9828109741211,90.9828109741211,4000,0.0,0.0
2008-03-10 00:00:00+09:00,94.5339702182346,94.5339702182346,88.16639709472656,88.16639709472656,6400,0.0,0.0
2008-03-11 00:00:00+09:00,88.41131802757315,91.22774505615234,88.41131802757315,91.22774505615234,3200,0.0,0.0
2008-03-12 00:00:00+09:00,91.22774505615234,91.22774505615234,91.22774505615234,91.22774505615234,3200,0.0,0.0
2008-03-13 00:00:00+09:00,90.61547119976723,90.61547119976723,89.39093780517578,89.39093780517578,2800,0.0,0.0
2008-03-14 00:00:00+09:00,89.39093780517578,89.39093780517578,89.39093780517578,89.39093780517578,800,0.0,0.0
2008-03-17 00:00:00+09:00,89.39093828534746,89.39093828534746,87.55413818359375,87.55413818359375,15600,0.0,0.0
2008-03-18 00:00:00+09:00,88.16639709472656,91.22773032718234,86.94186380174425,88.16639709472656,51200,0.0,0.0
2008-03-19 00:00:00+09:00,89.39093497321215,90.61546832900959,88.41130828857422,88.41130828857422,8400,0.0,0.0
2008-03-21 00:00:00+09:00,88.4112945641294,88.77865451384186,88.04393461441697,88.2888412475586,13600,0.0,0.0
2008-03-24 00:00:00+09:00,88.16638793098778,89.39092109669595,88.16638793098778,88.2888412475586,11600,0.0,0.0
2008-03-25 00:00:00+09:00,88.2888412475586,88.2888412475586,88.2888412475586,88.2888412475586,400,0.0,0.0
2008-03-26 00:00:00+09:00,88.41130801758479,89.6358413696289,88.41130801758479,89.6358413696289,2400,0.0,0.0
2008-03-27 00:00:00+09:00,90.00321176889781,90.615478515625,90.00321176889781,90.615478515625,2800,0.0,0.0
2008-03-28 00:00:00+09:00,89.3909578179067,89.3909578179067,89.02359771728516,89.02359771728516,11200,0.0,0.0
2008-03-31 00:00:00+09:00,89.390921054136,89.390921054136,88.90110778808594,88.90110778808594,5600,0.0,0.0
2008-04-01 00:00:00+09:00,88.90111851560476,88.90111851560476,88.65621185302734,88.65621185302734,1200,0.0,0.0
2008-04-02 00:00:00+09:00,89.88076624448607,90.00321960449219,89.88076624448607,90.00321960449219,4400,0.0,0.0
2008-04-03 00:00:00+09:00,91.105283203125,94.90133666992188,91.105283203125,94.90133666992188,8400,0.0,0.0
2008-04-04 00:00:00+09:00,95.26870884643712,98.57494938480961,94.90134878661796,95.14625549316406,29600,0.0,0.0
2008-04-07 00:00:00+09:00,95.26869046917624,98.08511705116987,94.53397049126484,95.39114379882812,13600,0.0,0.0
2008-04-08 00:00:00+09:00,95.14623268404155,95.39113933187691,94.53396606445312,94.53396606445312,13600,0.0,0.0
2008-04-09 00:00:00+09:00,93.79925509580632,95.14624178778264,93.79925509580632,95.02378845214844,2800,0.0,0.0
2008-04-10 00:00:00+09:00,92.57471336508696,92.57471336508696,89.63583357571913,90.86036682128906,15200,0.0,0.0
2008-04-11 00:00:00+09:00,91.8399887084961,91.8399887084961,91.8399887084961,91.8399887084961,5200,0.0,0.0
2008-04-14 00:00:00+09:00,92.45226562023163,94.04415893554688,92.45226562023163,94.04415893554688,1200,0.0,0.0
2008-04-15 00:00:00+09:00,94.90133511651422,95.14624178778264,94.90133511651422,95.02378845214844,1600,0.0,0.0
2008-04-16 00:00:00+09:00,92.69716193644206,94.28905507405598,91.8399887084961,91.8399887084961,14000,0.0,0.0
2008-04-17 00:00:00+09:00,92.45226409872424,94.41151737763761,92.45226409872424,94.16661071777344,4000,0.0,0.0
2008-04-18 00:00:00+09:00,94.53397214428111,96.7381321165571,94.53397214428111,94.65642547607422,11200,0.0,0.0
2008-04-21 00:00:00+09:00,97.35039795979415,99.43210458283377,95.5135979982886,98.94229125976562,11600,0.0,0.0
2008-04-22 00:00:00+09:00,99.18719491899384,99.18719491899384,98.5749282836914,98.5749282836914,4400,0.0,0.0
2008-04-23 00:00:00+09:00,98.45246922692587,98.45246922692587,94.77886962890625,94.77886962890625,13200,0.0,0.0
2008-04-24 00:00:00+09:00,97.2279436345003,97.2279436345003,94.77887704421063,96.00341033935547,15600,0.0,0.0
2008-04-25 00:00:00+09:00,96.00342942776238,96.12588278162433,93.67681570438549,93.92172241210938,12800,0.0,0.0
2008-04-28 00:00:00+09:00,97.59531122166545,97.71776456071397,94.5339777454526,96.61568450927734,5200,0.0,0.0
2008-04-30 00:00:00+09:00,96.7381509268794,96.7381509268794,94.41153717041016,94.41153717041016,17200,0.0,0.0
2008-05-01 00:00:00+09:00,94.65642942032724,97.35040283203125,94.65642942032724,97.35040283203125,6400,0.0,0.0
2008-05-02 00:00:00+09:00,96.73813614755306,97.35040283203125,96.61568281065743,97.35040283203125,3200,0.0,0.0
2008-05-07 00:00:00+09:00,97.22795059713356,99.06475067138672,96.12587055258167,99.06475067138672,6000,0.0,0.0
2008-05-08 00:00:00+09:00,97.84020687489027,98.2075668506408,97.7177535496401,98.08511352539062,3200,0.0,0.0
2008-05-09 00:00:00+09:00,98.5749282836914,99.30964824605432,98.5749282836914,98.5749282836914,19200,0.0,0.0
2008-05-12 00:00:00+09:00,99.30967842523306,101.2689322535977,99.30967842523306,99.79949188232422,6800,0.0,0.0
2008-05-13 00:00:00+09:00,100.04436326142094,102.49342968152916,99.79945661941012,101.39134979248047,8400,0.0,0.0
2008-05-14 00:00:00+09:00,103.84042086314005,103.84042086314005,101.63626098632812,101.63626098632812,4400,0.0,0.0
2008-05-15 00:00:00+09:00,104.08536529541016,104.08536529541016,103.96291192447438,104.08536529541016,13600,0.0,0.0
2008-05-16 00:00:00+09:00,104.08531938674133,107.14665230988078,104.08531938674133,105.922119140625,8000,0.0,0.0
2008-05-19 00:00:00+09:00,104.82004252019918,104.82004252019918,103.84041595458984,103.84041595458984,6800,0.0,0.0
2008-05-20 00:00:00+09:00,105.30989183698382,105.30989183698382,101.6362909589495,102.86082458496094,3200,0.0,0.0
2008-05-21 00:00:00+09:00,102.86079425122364,102.86079425122364,100.4117277214326,101.63626098632812,8400,0.0,0.0
2008-05-22 00:00:00+09:00,100.4117277214326,104.08532751611916,100.4117277214326,101.63626098632812,7600,0.0,0.0
2008-05-23 00:00:00+09:00,104.08534154421442,104.08534154421442,101.75872802734375,101.75872802734375,5600,0.0,0.0
2008-05-26 00:00:00+09:00,102.86082458496094,103.22818467276437,102.86082458496094,102.86082458496094,2800,0.0,0.0
2008-05-27 00:00:00+09:00,102.86080950891187,102.86080950891187,102.24854278564453,102.24854278564453,800,0.0,0.0
2008-05-28 00:00:00+09:00,100.65666543223375,101.63629234641607,99.79949188232422,99.79949188232422,16800,0.0,0.0
2008-05-29 00:00:00+09:00,101.02399143859418,101.51380473041766,100.65663146972656,100.65663146972656,4800,0.0,0.0
2008-05-30 00:00:00+09:00,103.59552817224164,103.59552817224164,101.75872802734375,101.75872802734375,12800,0.0,0.0
2008-06-02 00:00:00+09:00,102.61591785975865,102.86082458496094,102.61591785975865,102.86082458496094,4000,0.0,0.0
2008-06-03 00:00:00+09:00,100.41171874256575,102.86078505336005,100.41171874256575,100.53417205810547,31200,0.0,0.0
2008-06-04 00:00:00+09:00,101.51382271772374,102.24854278564453,101.51382271772374,102.24854278564453,2400,0.0,0.0
2008-06-05 00:00:00+09:00,103.4730762321792,103.4730762321792,102.24854278564453,102.24854278564453,800,0.0,0.0
2008-06-06 00:00:00+09:00,103.96286611335222,105.30985260009766,102.8607862605605,105.30985260009766,10000,0.0,0.0
2008-06-09 00:00:00+09:00,105.18743815302031,107.02423858642578,104.08535789297703,107.02423858642578,6000,0.0,0.0
2008-06-10 00:00:00+09:00,104.82006006806954,107.26912689208984,104.82006006806954,107.26912689208984,6000,0.0,0.0
2008-06-11 00:00:00+09:00,105.309889953469,105.309889953469,103.59554290771484,103.59554290771484,10000,0.0,0.0
2008-06-12 00:00:00+09:00,103.84044962853687,103.84044962853687,102.49346266401575,103.59554290771484,2400,0.0,0.0
2008-06-13 00:00:00+09:00,103.71800518260282,104.08536529541016,103.71800518260282,104.08536529541016,5200,0.0,0.0
2008-06-16 00:00:00+09:00,104.08536529541016,105.30989900476793,104.08536529541016,104.08536529541016,7200,0.0,0.0
2008-06-17 00:00:00+09:00,101.63624875016315,102.61587524414062,101.63624875016315,102.61587524414062,18400,0.0,0.0
2008-06-18 00:00:00+09:00,102.8608015613443,104.08533491326507,102.24853488538393,103.47306823730469,5600,0.0,0.0
2008-06-19 00:00:00+09:00,104.08535634935889,104.08535634935889,103.59554290771484,103.59554290771484,1600,0.0,0.0
2008-06-20 00:00:00+09:00,103.59552157249676,103.59552157249676,103.47306823730469,103.47306823730469,1200,0.0,0.0
2008-06-23 00:00:00+09:00,103.47309139796666,103.47309139796666,102.86082458496094,102.86082458496094,7200,0.0,0.0
2008-06-24 00:00:00+09:00,102.86082458496094,102.86082458496094,102.86082458496094,102.86082458496094,7200,0.0,0.0
2008-06-25 00:00:00+09:00,102.86082458496094,102.86082458496094,102.86082458496094,102.86082458496094,7200,0.0,0.0
2008-06-26 00:00:00+09:00,101.88118137033695,101.88118137033695,100.41174125441862,101.75872802734375,4800,0.0,0.0
2008-06-27 00:00:00+09:00,98.08511352539062,99.30964677789238,97.96266020014045,98.08511352539062,14800,0.0,0.0
2008-06-30 00:00:00+09:00,102.73837262487119,102.73837262487119,99.79949188232422,99.79949188232422,15600,0.0,0.0
2008-07-01 00:00:00+09:00,94.90135741294492,96.24834442138672,94.28909059092592,96.24834442138672,12400,0.0,0.0
2008-07-02 00:00:00+09:00,94.4114930559875,96.12583923339844,94.4114930559875,96.12583923339844,50400,0.0,0.0
2008-07-03 00:00:00+09:00,96.12583923339844,96.12583923339844,96.12583923339844,96.12583923339844,50400,0.0,0.0
2008-07-04 00:00:00+09:00,97.96267011088709,97.96267011088709,94.53397665700605,94.90133666992188,5200,0.0,0.0
2008-07-07 00:00:00+09:00,94.65642999464465,94.90133666992188,94.65642999464465,94.90133666992188,1200,0.0,0.0
2008-07-08 00:00:00+09:00,95.1462589784319,97.8402328491211,95.1462589784319,97.8402328491211,3600,0.0,0.0
2008-07-09 00:00:00+09:00,97.96266174316406,97.96266174316406,97.96266174316406,97.96266174316406,1200,0.0,0.0
2008-07-10 00:00:00+09:00,96.37075799920478,97.59529113769531,96.24830468535572,97.59529113769531,1200,0.0,0.0
2008-07-11 00:00:00+09:00,97.47285929002797,97.47285929002797,97.10549926757812,97.10549926757812,800,0.0,0.0
2008-07-14 00:00:00+09:00,97.96266028629475,97.96266028629475,97.47284698486328,97.47284698486328,2400,0.0,0.0
2008-07-15 00:00:00+09:00,100.90157226873112,100.90157226873112,96.24834442138672,96.24834442138672,11200,0.0,0.0
2008-07-16 00:00:00+09:00,96.24833567262156,96.24833567262156,94.90134878661796,95.14625549316406,2800,0.0,0.0
2008-07-17 00:00:00+09:00,96.49323722742781,96.73814392089844,95.5136104535453,96.73814392089844,8800,0.0,0.0
2008-07-18 00:00:00+09:00,96.73814663612156,97.96268013784461,96.49323993577694,97.7177734375,7600,0.0,0.0
2008-07-22 00:00:00+09:00,97.7177734375,97.7177734375,97.7177734375,97.7177734375,400,0.0,0.0
2008-07-23 00:00:00+09:00,97.71774767362155,97.71774767362155,95.51358795166016,95.51358795166016,8000,0.0,0.0
2008-07-24 00:00:00+09:00,95.51358954851018,95.51358954851018,94.77886962890625,94.77886962890625,9200,0.0,0.0
2008-07-25 00:00:00+09:00,95.02377468011319,95.51358795166016,95.02377468011319,95.51358795166016,800,0.0,0.0
2008-07-28 00:00:00+09:00,96.49321610798208,96.49321610798208,94.77886962890625,94.77886962890625,1200,0.0,0.0
2008-07-29 00:00:00+09:00,95.8809479053204,95.8809479053204,95.14622799799993,95.51358795166016,2800,0.0,0.0
2008-07-30 00:00:00+09:00,96.49323117022882,96.61568450927734,96.12587115308328,96.61568450927734,4000,0.0,0.0
2008-07-31 00:00:00+09:00,108.86104053404273,108.86104053404273,100.41175842285156,100.41175842285156,247600,0.0,0.0
2008-08-01 00:00:00+09:00,100.41175842285156,100.41175842285156,100.41175842285156,100.41175842285156,3200,0.0,0.0
2008-08-04 00:00:00+09:00,100.4117373925057,102.24853746675885,99.06475067138672,99.06475067138672,7200,0.0,0.0
2008-08-05 00:00:00+09:00,98.45250459996666,100.41175842285156,98.45250459996666,100.41175842285156,5200,0.0,0.0
2008-08-06 00:00:00+09:00,98.33004154766587,98.94230830699131,97.9626814920706,98.20758819580078,10800,0.0,0.0
2008-08-07 00:00:00+09:00,99.18721008300781,99.18721008300781,99.18721008300781,99.18721008300781,1600,0.0,0.0
2008-08-08 00:00:00+09:00,98.81984866878234,98.81984866878234,98.69739532470703,98.69739532470703,2000,0.0,0.0
2008-08-11 00:00:00+09:00,98.20760948779723,99.18723651510692,98.20760948779723,98.33006286621094,3600,0.0,0.0
2008-08-12 00:00:00+09:00,97.59530031022115,97.59530031022115,97.47284698486328,97.47284698486328,800,0.0,0.0
2008-08-13 00:00:00+09:00,99.92191314697266,99.92191314697266,99.92191314697266,99.92191314697266,1200,0.0,0.0
2008-08-14 00:00:00+09:00,98.2075712751634,99.92191790590192,97.96266461362933,98.94229125976562,3600,0.0,0.0
2008-08-15 00:00:00+09:00,102.16305962759047,103.06487730400048,102.16305962759047,102.54955291748047,18000,10.0,0.0
2008-08-18 00:00:00+09:00,101.90540646180412,101.90540646180412,96.108006599881,97.26748657226562,12800,0.0,0.0
2008-08-19 00:00:00+09:00,97.26748657226562,97.26748657226562,97.26748657226562,97.26748657226562,400,0.0,0.0
2008-08-20 00:00:00+09:00,97.26748657226562,97.26748657226562,97.26748657226562,97.26748657226562,400,0.0,0.0
2008-08-21 00:00:00+09:00,97.9116476480063,99.19995880126953,97.78281653267997,99.19995880126953,3200,0.0,0.0
2008-08-22 00:00:00+09:00,99.19995880126953,99.19995880126953,99.19995880126953,99.19995880126953,3200,0.0,0.0
2008-08-25 00:00:00+09:00,99.07110195637377,99.07110195637377,97.78279113769531,97.78279113769531,2000,0.0,0.0
2008-08-26 00:00:00+09:00,96.62334262924706,96.62334262924706,94.17555128263947,95.97918701171875,3600,0.0,0.0
2008-08-27 00:00:00+09:00,94.04670715332033,94.04670715332033,92.75839609642553,94.04670715332031,6000,0.0,0.0
2008-08-28 00:00:00+09:00,95.20618700154623,96.62332916259767,95.20618700154623,96.62332916259766,1200,0.0,0.0
2008-08-29 00:00:00+09:00,96.62333649474306,99.19995880126953,95.97918091811144,99.19995880126953,6000,0.0,0.0
2008-09-01 00:00:00+09:00,98.94229125976562,98.94229125976562,98.94229125976562,98.94229125976562,400,0.0,0.0
2008-09-02 00:00:00+09:00,95.46386718750001,98.94230769230771,95.46386718750001,95.4638671875,0,0.0,0.0
2008-09-03 00:00:00+09:00,95.59267425537111,95.59267425537111,95.59267425537111,95.5926742553711,3200,0.0,0.0
2008-09-04 00:00:00+09:00,95.46386718750001,98.81347656250001,95.46386718750001,95.4638671875,0,0.0,0.0
2008-09-05 00:00:00+09:00,95.59267425537111,95.59267425537111,95.59267425537111,95.5926742553711,3200,0.0,0.0
2008-09-08 00:00:00+09:00,94.30437177740791,98.04047393798828,94.30437177740791,98.04047393798828,4800,0.0,0.0
2008-09-09 00:00:00+09:00,98.04047393798828,98.04047393798828,98.04047393798828,98.04047393798828,4800,0.0,0.0
2008-09-10 00:00:00+09:00,98.04047393798828,98.04047393798828,98.04047393798828,98.04047393798828,4800,0.0,0.0
2008-09-11 00:00:00+09:00,98.04047393798828,98.04047393798828,98.04047393798828,98.04047393798828,4800,0.0,0.0
2008-09-12 00:00:00+09:00,97.91163864739652,97.91163864739652,97.65397644042969,97.65397644042969,1600,0.0,0.0
2008-09-16 00:00:00+09:00,93.27373341809984,95.97918701171875,93.14490229459417,95.97918701171875,7600,0.0,0.0
2008-09-17 00:00:00+09:00,97.78281984405112,97.78281984405112,96.1080152880924,97.13866424560547,4800,0.0,0.0
2008-09-18 00:00:00+09:00,95.85032465508644,95.85032465508644,90.82591247558594,90.82591247558594,6000,0.0,0.0
2008-09-19 00:00:00+09:00,93.40255162487293,94.04670715332033,92.50073388504656,94.04670715332031,8400,0.0,0.0
2008-09-22 00:00:00+09:00,94.04672535381766,94.304387615061,92.88724517822266,92.88724517822266,5200,0.0,0.0
2008-09-24 00:00:00+09:00,92.75840065696023,93.53138732910156,92.75840065696023,93.53138732910156,22000,0.0,0.0
2008-09-25 00:00:00+09:00,93.53138732910156,93.53138732910156,93.53138732910156,93.53138732910156,2000,0.0,0.0
2008-09-26 00:00:00+09:00,95.07735599883615,95.07735599883615,93.78904494194136,94.04670715332031,6000,0.0,0.0
2008-09-29 00:00:00+09:00,97.91166471398395,97.91166471398395,94.81971740722656,94.81971740722656,5200,0.0,0.0
2008-09-30 00:00:00+09:00,95.59268419420398,95.59268419420398,95.33502197265626,95.33502197265625,4400,0.0,0.0
2008-10-01 00:00:00+09:00,92.75839233398439,93.01605453491212,92.37189903259278,92.75839233398438,3600,0.0,0.0
2008-10-02 00:00:00+09:00,92.75839233398439,92.75839233398439,92.75839233398439,92.75839233398438,3600,0.0,0.0
2008-10-03 00:00:00+09:00,91.59891624987964,94.17553836661324,91.47008514404295,91.47008514404297,7600,0.0,0.0
2008-10-06 00:00:00+09:00,90.18177795410156,90.69710239955357,88.89346684047155,90.18177795410156,18400,0.0,0.0
2008-10-07 00:00:00+09:00,79.87526795358369,85.02851104736328,79.87526795358369,85.02851104736328,18000,0.0,0.0
2008-10-08 00:00:00+09:00,81.16360391220368,81.29243502952464,78.58698156578451,78.71581268310547,15200,0.0,0.0
2008-10-09 00:00:00+09:00,78.71580788920245,81.80775451660156,78.71580788920245,81.80775451660156,13600,0.0,0.0
2008-10-10 00:00:00+09:00,71.50126938535875,82.19425201416016,70.85711380531048,82.19425201416016,29600,0.0,0.0
2008-10-14 00:00:00+09:00,83.4825608253479,86.9610008597374,82.45191192626953,82.45191192626953,17200,0.0,0.0
2008-10-15 00:00:00+09:00,83.4825608253479,86.9610008597374,82.45191192626953,82.45191192626953,17200,0.0,0.0
2008-10-16 00:00:00+09:00,83.74020225123355,83.74020225123355,71.5012496145148,73.4337158203125,23200,0.0,0.0
2008-10-17 00:00:00+09:00,77.42749321289062,80.51943969726562,77.42749321289062,80.51943969726562,21600,0.0,0.0
2008-10-20 00:00:00+09:00,81.42126231264949,81.42126231264949,76.52568008499019,77.42749786376953,2800,0.0,0.0
2008-10-21 00:00:00+09:00,79.87529754638672,79.87529754638672,79.87529754638672,79.87529754638672,6400,0.0,0.0
2008-10-22 00:00:00+09:00,78.58697205093434,78.58697205093434,78.07164764404297,78.07164764404297,4400,0.0,0.0
2008-10-23 00:00:00+09:00,79.87528787447712,81.80775451660156,79.87528787447712,81.80775451660156,800,0.0,0.0
2008-10-24 00:00:00+09:00,81.16362053730766,81.16362053730766,73.56258305841695,76.13920593261719,7600,0.0,0.0
2008-10-27 00:00:00+09:00,73.43373409701364,73.43373409701364,69.6976318359375,69.6976318359375,20400,0.0,0.0
2008-10-28 00:00:00+09:00,69.69763417040181,75.36620330810547,69.43997193686982,75.36620330810547,11200,0.0,0.0
2008-10-29 00:00:00+09:00,76.01035703461746,77.29866817079741,74.7220458984375,74.7220458984375,12400,0.0,0.0
2008-10-30 00:00:00+09:00,79.8752706558978,79.8752706558978,76.01033820480596,78.58695983886719,10400,0.0,0.0
2008-10-31 00:00:00+09:00,78.58698156578451,78.71581268310548,76.65451480597015,78.71581268310547,6000,0.0,0.0
2008-11-04 00:00:00+09:00,81.16362533569335,81.16362533569335,77.29869079589844,77.29869079589844,2000,0.0,0.0
2008-11-05 00:00:00+09:00,78.58698629563854,80.90594654698525,77.29867504489037,79.87529754638672,12400,0.0,0.0
2008-11-06 00:00:00+09:00,79.87529754638672,79.87529754638672,79.87529754638672,79.87529754638672,8400,0.0,0.0
2008-11-07 00:00:00+09:00,79.87529754638672,79.87529754638672,79.87529754638672,79.87529754638672,1600,0.0,0.0
2008-11-10 00:00:00+09:00,80.26178050079102,81.0347671508789,80.00411828409507,81.0347671508789,2400,0.0,0.0
2008-11-11 00:00:00+09:00,81.55008927237968,81.55008927237968,80.00411601603125,81.29242706298828,1200,0.0,0.0
2008-11-12 00:00:00+09:00,81.29242706298828,81.29242706298828,81.29242706298828,81.29242706298828,1200,0.0,0.0
2008-11-13 00:00:00+09:00,81.29242706298828,81.29242706298828,81.29242706298828,81.29242706298828,1200,0.0,0.0
2008-11-14 00:00:00+09:00,81.80775451660156,81.80775451660156,81.80775451660156,81.80775451660156,2800,0.0,0.0
2008-11-17 00:00:00+09:00,94.69086546409788,94.69086546409788,81.80775451660156,81.80775451660156,7200,0.0,0.0
2008-11-18 00:00:00+09:00,94.69086195134133,94.69086195134133,80.51944043481406,81.29242706298828,12400,0.0,0.0
2008-11-19 00:00:00+09:00,81.29242706298828,81.29242706298828,81.29242706298828,81.29242706298828,400,0.0,0.0
2008-11-20 00:00:00+09:00,81.16359521484374,81.16359521484374,80.51943969726562,80.51943969726562,15600,0.0,0.0
2008-11-21 00:00:00+09:00,80.51943969726562,80.51943969726562,80.00411528320312,80.51943969726562,14000,0.0,0.0
2008-11-25 00:00:00+09:00,80.6482878427657,81.16361236572266,80.51945671202645,81.16361236572266,6800,0.0,0.0
2008-11-26 00:00:00+09:00,81.16361005916151,83.09607696533203,81.16361005916151,83.09607696533203,2000,0.0,0.0
2008-11-27 00:00:00+09:00,94.6908784023551,94.6908784023551,83.09607696533203,83.09607696533203,2000,0.0,0.0
2008-11-28 00:00:00+09:00,94.69086685180665,94.69086685180665,88.24931128365654,90.18177795410156,22000,0.0,0.0
2008-12-01 00:00:00+09:00,90.18177795410156,90.18177795410156,90.18177795410156,90.18177795410156,1600,0.0,0.0
2008-12-02 00:00:00+09:00,94.69086290442426,94.69086290442426,87.60515207484148,88.89346313476562,6400,0.0,0.0
2008-12-03 00:00:00+09:00,94.69086290442426,94.69086290442426,88.89346313476562,88.89346313476562,400,0.0,0.0
2008-12-04 00:00:00+09:00,94.69084184820001,94.69084184820001,85.02851104736328,85.02851104736328,16000,0.0,0.0
2008-12-05 00:00:00+09:00,94.69084184820001,94.69084184820001,85.02851104736328,85.02851104736328,16000,0.0,0.0
2008-12-08 00:00:00+09:00,87.60516357421875,87.60516357421875,87.47633245131549,87.60516357421875,5200,0.0,0.0
2008-12-09 00:00:00+09:00,90.18178603228401,90.18178603228401,87.60516357421875,87.60516357421875,16400,0.0,0.0
2008-12-10 00:00:00+09:00,91.4700852546139,91.4700852546139,88.89346313476562,88.89346313476562,6400,0.0,0.0
2008-12-11 00:00:00+09:00,93.01606240408762,93.01606240408762,89.53762239728655,90.18177795410156,41200,0.0,0.0
2008-12-12 00:00:00+09:00,90.18177795410156,90.18177795410156,89.53762239728655,90.18177795410156,5600,0.0,0.0
2008-12-15 00:00:00+09:00,93.01608356791006,93.01608356791006,90.18179847304299,90.43946075439453,10000,0.0,0.0
2008-12-16 00:00:00+09:00,90.31060906546458,90.31060906546458,90.18177795410156,90.18177795410156,4000,0.0,0.0
2008-12-17 00:00:00+09:00,90.18177795410156,90.18177795410156,89.53762239728655,90.18177795410156,20800,0.0,0.0
2008-12-18 00:00:00+09:00,90.18177795410156,90.18177795410156,88.89346684047155,90.18177795410156,82800,0.0,0.0
2008-12-19 00:00:00+09:00,90.82593351091657,91.47008906773159,90.18177795410156,90.18177795410156,7600,0.0,0.0
2008-12-22 00:00:00+09:00,88.89346684047155,90.18177795410156,88.89346684047155,90.18177795410156,5600,0.0,0.0
2008-12-24 00:00:00+09:00,90.18177795410156,90.18177795410156,89.53762239728655,90.18177795410156,28400,0.0,0.0
2008-12-25 00:00:00+09:00,90.18177550255096,93.01605987548827,90.18177550255096,93.01605987548828,50400,0.0,0.0
2008-12-26 00:00:00+09:00,91.72775104195097,91.72775104195097,86.96099993443384,88.50697326660156,95600,0.0,0.0
2008-12-29 00:00:00+09:00,89.5376387174549,90.05296325683594,87.99166509931179,90.05296325683594,4400,0.0,0.0
2008-12-30 00:00:00+09:00,90.18176840363647,90.18176840363647,89.53761291503906,89.53761291503906,9200,0.0,0.0
2009-01-05 00:00:00+09:00,89.53762239728655,90.18177795410156,89.53762239728655,90.18177795410156,6000,0.0,0.0
2009-01-06 00:00:00+09:00,90.18179847304299,91.47010987980075,89.66647391033989,90.43946075439453,86400,0.0,0.0
2009-01-07 00:00:00+09:00,90.43945430042741,90.43945430042741,90.18179203746323,90.31062316894531,18400,0.0,0.0
2009-01-08 00:00:00+09:00,90.18179847304299,90.69712303574609,89.5376427696641,90.43946075439453,17200,0.0,0.0
2009-01-09 00:00:00+09:00,90.43944017682757,90.43944017682757,89.92411573137557,90.18177795410156,77200,0.0,0.0
2009-01-13 00:00:00+09:00,90.18176840363647,90.18176840363647,89.02228852416114,89.53761291503906,43200,0.0,0.0
2009-01-14 00:00:00+09:00,89.53761291503906,89.66644401275855,89.53761291503906,89.53761291503906,34800,0.0,0.0
2009-01-15 00:00:00+09:00,92.24307189056839,92.24307189056839,88.89346313476562,88.89346313476562,9200,0.0,0.0
2009-01-16 00:00:00+09:00,92.2430846545161,92.2430846545161,87.60516419702647,88.3781509399414,8800,0.0,0.0
2009-01-19 00:00:00+09:00,88.24930760480356,88.89346313476562,88.24930760480356,88.89346313476562,6400,0.0,0.0
2009-01-20 00:00:00+09:00,88.2492904663086,88.2492904663086,88.2492904663086,88.2492904663086,5200,0.0,0.0
2009-01-21 00:00:00+09:00,92.24308399873621,92.24308399873621,87.60516357421875,87.60516357421875,8400,0.0,0.0
2009-01-22 00:00:00+09:00,87.60515407986111,87.60515407986111,86.96099853515625,86.96099853515625,8800,0.0,0.0
2009-01-23 00:00:00+09:00,92.24308333128072,92.24308333128072,86.31685172061184,86.8321762084961,18400,0.0,0.0
2009-01-26 00:00:00+09:00,92.24308831513817,92.24308831513817,86.31685638427733,86.31685638427734,4400,0.0,0.0
2009-01-27 00:00:00+09:00,92.24308333128072,92.24308333128072,86.8321762084961,86.8321762084961,21600,0.0,0.0
2009-01-28 00:00:00+09:00,87.99163932464688,87.99163932464688,86.83215945067643,87.86280822753906,4000,0.0,0.0
2009-01-29 00:00:00+09:00,92.24308333128072,92.24308333128072,86.31685172061184,86.8321762084961,16800,0.0,0.0
2009-01-30 00:00:00+09:00,86.3168438840742,86.3168438840742,85.02853278132683,85.15736389160156,12400,0.0,0.0
2009-02-02 00:00:00+09:00,84.38435789299591,86.83214842729654,83.86903356998523,84.7708511352539,109200,0.0,0.0
2009-02-03 00:00:00+09:00,92.24307998819802,92.24307998819802,83.99788848087306,84.64204406738281,3600,0.0,0.0
2009-02-04 00:00:00+09:00,92.243082651835,92.243082651835,83.86905978539745,86.05918884277344,4400,0.0,0.0
2009-02-05 00:00:00+09:00,92.24308636437165,92.24308636437165,83.99789428710939,83.99789428710938,8800,0.0,0.0
2009-02-06 00:00:00+09:00,92.24308636437165,92.24308636437165,83.86906316090216,83.99789428710938,8400,0.0,0.0
2009-02-09 00:00:00+09:00,92.24308053823617,92.24308053823617,83.74022674560547,83.74022674560547,3200,0.0,0.0
2009-02-10 00:00:00+09:00,92.24307086903563,92.24307086903563,83.74021796769995,83.86904907226562,2400,0.0,0.0
2009-02-12 00:00:00+09:00,92.24308053823617,92.24308053823617,83.74022674560547,83.74022674560547,6000,0.0,0.0
2009-02-13 00:00:00+09:00,92.24308636437165,92.24308636437165,83.35373865607326,83.99789428710938,5200,0.0,0.0
2009-02-16 00:00:00+09:00,92.24309414606715,92.24309414606715,83.22491455078125,83.22491455078125,3600,0.0,0.0
2009-02-17 00:00:00+09:00,98.33172714843751,98.33172714843751,85.83425903320312,85.83425903320312,7600,10.0,0.0
2009-02-18 00:00:00+09:00,98.33173148302527,98.33173148302527,84.46091461181639,84.4609146118164,2800,0.0,0.0
2009-02-19 00:00:00+09:00,85.14759826660156,85.14759826660156,85.14759826660156,85.14759826660156,4000,0.0,0.0
2009-02-20 00:00:00+09:00,98.33174251433343,98.33174251433343,85.14759826660156,85.14759826660156,1200,0.0,0.0
2009-02-23 00:00:00+09:00,98.33172714843751,98.33172714843751,84.46091088867188,85.83425903320312,11200,0.0,0.0
2009-02-24 00:00:00+09:00,98.33174251433343,98.33174251433343,85.01026343068769,85.14759826660156,2000,0.0,0.0
2009-02-25 00:00:00+09:00,98.33173148302527,98.33173148302527,84.46091461181639,84.4609146118164,800,0.0,0.0
2009-02-26 00:00:00+09:00,84.32358744569768,84.32358744569768,83.77424811380389,83.91158294677734,5200,0.0,0.0
2009-02-27 00:00:00+09:00,85.28493310251544,85.28493310251544,83.91158474337671,85.14759826660156,16800,0.0,0.0
2009-03-02 00:00:00+09:00,98.33173148302527,98.33173148302527,84.46091461181639,84.4609146118164,1200,0.0,0.0
2009-03-03 00:00:00+09:00,84.59823208167904,84.59823208167904,83.77422332763672,83.77422332763672,3200,0.0,0.0
2009-03-04 00:00:00+09:00,85.14759826660156,85.14759826660156,85.14759826660156,85.14759826660156,800,0.0,0.0
2009-03-05 00:00:00+09:00,85.14759826660156,85.14759826660156,84.59825892294607,85.14759826660156,8000,0.0,0.0
2009-03-06 00:00:00+09:00,84.59825892294607,85.14759826660156,84.4609240870322,85.14759826660156,6400,0.0,0.0
2009-03-09 00:00:00+09:00,85.14759831614307,85.14759831614307,84.59825897216797,84.59825897216797,9600,0.0,0.0
2009-03-10 00:00:00+09:00,84.59823208167904,84.59823208167904,83.77422332763672,83.77422332763672,1200,0.0,0.0
2009-03-11 00:00:00+09:00,89.26764334401777,89.26764334401777,85.01026343068769,85.14759826660156,88000,0.0,0.0
2009-03-12 00:00:00+09:00,75.5341512788602,84.46091461181639,75.5341512788602,84.4609146118164,2400,0.0,0.0
2009-03-13 00:00:00+09:00,75.5341512788602,85.14758871435149,75.5341512788602,84.4609146118164,90800,0.0,0.0
2009-03-16 00:00:00+09:00,75.53415975263042,85.14759826660156,75.53415975263042,85.14759826660156,400,0.0,0.0
2009-03-17 00:00:00+09:00,75.53414956754504,85.14758678523259,75.53414956754504,84.32357788085938,21600,0.0,0.0
2009-03-18 00:00:00+09:00,75.53415975263042,85.14759826660156,75.53415975263042,85.14759826660156,1200,0.0,0.0
2009-03-19 00:00:00+09:00,75.53415975263042,85.14759826660156,75.53415975263042,85.14759826660156,78800,0.0,0.0
2009-03-23 00:00:00+09:00,75.53415975263042,85.28493310251544,75.53415975263042,85.14759826660156,48400,0.0,0.0
2009-03-24 00:00:00+09:00,75.5341563149104,86.65827751765175,75.5341563149104,86.52094268798828,285600,0.0,0.0
2009-03-25 00:00:00+09:00,86.52094268798828,86.65827751765175,86.52094268798828,86.52094268798828,3200,0.0,0.0
2009-03-26 00:00:00+09:00,85.69693371000744,86.52094268798828,85.4222640506805,86.52094268798828,4800,0.0,0.0
2009-03-27 00:00:00+09:00,86.52092941164032,87.20760345458984,86.52092941164032,87.20760345458984,2400,0.0,0.0
2009-03-30 00:00:00+09:00,87.34493826317976,87.34493826317976,87.07026864599995,87.20760345458984,8800,0.0,0.0
2009-03-31 00:00:00+09:00,87.20760345458984,87.48227307176965,86.79559902882013,87.20760345458984,16400,0.0,0.0
2009-04-01 00:00:00+09:00,87.20760345458984,89.26762558343842,87.20760345458984,87.20760345458984,11600,0.0,0.0
2009-04-02 00:00:00+09:00,87.20760345458984,87.20760345458984,87.20760345458984,87.20760345458984,11600,0.0,0.0
2009-04-03 00:00:00+09:00,87.20760728725271,87.89428136038069,87.20760728725271,87.4822769165039,1600,0.0,0.0
2009-04-06 00:00:00+09:00,87.4822769165039,87.4822769165039,87.4822769165039,87.4822769165039,2000,0.0,0.0
2009-04-07 00:00:00+09:00,90.22897309570313,90.50364272460938,85.83425903320312,85.83425903320312,59600,0.0,0.0
2009-04-08 00:00:00+09:00,85.83423809502453,86.24624243788064,85.69690331407249,85.97157287597656,30000,0.0,0.0
2009-04-09 00:00:00+09:00,87.20758984802636,87.20758984802636,86.24624633789064,86.24624633789062,1200,0.0,0.0
2009-04-10 00:00:00+09:00,87.61961364746094,87.61961364746094,87.61961364746094,87.61961364746094,400,0.0,0.0
2009-04-13 00:00:00+09:00,86.52093136310577,87.89427947998047,86.52093136310577,87.89427947998047,3600,0.0,0.0
2009-04-14 00:00:00+09:00,96.13436818122862,96.13436818122862,87.89427947998047,87.89427947998047,1600,0.0,0.0
2009-04-15 00:00:00+09:00,96.13436818122862,96.13436818122862,87.89427947998047,87.89427947998047,400,0.0,0.0
2009-04-16 00:00:00+09:00,96.13438687583273,96.13438687583273,87.89429657218992,88.58097076416016,12400,0.0,0.0
2009-04-17 00:00:00+09:00,96.13436818122862,96.13436818122862,86.65826617479324,87.89427947998047,4000,0.0,0.0
2009-04-20 00:00:00+09:00,87.89427947998047,87.89427947998047,87.89427947998047,87.89427947998047,3600,0.0,0.0
2009-04-21 00:00:00+09:00,85.83425903320312,85.83425903320312,85.83425903320312,85.83425903320312,800,0.0,0.0
2009-04-22 00:00:00+09:00,90.91564533710479,90.91564533710479,87.89427947998047,87.89427947998047,7600,0.0,0.0
2009-04-23 00:00:00+09:00,89.26762759685515,89.26762759685515,87.89427947998047,87.89427947998047,5200,0.0,0.0
2009-04-24 00:00:00+09:00,87.89427947998047,87.89427947998047,87.89427947998047,87.89427947998047,400,0.0,0.0
2009-04-27 00:00:00+09:00,87.89429086538462,89.26763916015625,87.89429086538462,89.26763916015625,800,0.0,0.0
2009-04-28 00:00:00+09:00,88.30629535381611,89.40497398963342,88.30629535381611,89.26763916015625,3200,0.0,0.0
2009-04-30 00:00:00+09:00,89.26763725574652,89.26763725574652,88.58096312301001,89.13030242919922,4000,0.0,0.0
2009-05-01 00:00:00+09:00,87.89430673482718,87.89430673482718,85.14760964936383,85.42227935791016,16800,0.0,0.0
2009-05-07 00:00:00+09:00,86.52092941164032,87.89427749753938,86.52092941164032,87.20760345458984,8400,0.0,0.0
2009-05-08 00:00:00+09:00,87.89426393146756,87.89426393146756,86.52091605753839,86.79558563232422,15600,0.0,0.0
2009-05-11 00:00:00+09:00,87.20760542154312,87.89427947998047,87.20760542154312,87.89427947998047,1600,0.0,0.0
2009-05-12 00:00:00+09:00,86.65826617479324,87.89427947998047,86.65826617479324,87.89427947998047,33600,0.0,0.0
2009-05-13 00:00:00+09:00,84.46090918779373,88.5809535384178,84.46090918779373,87.89427947998047,7200,0.0,0.0
2009-05-14 00:00:00+09:00,87.89427947998047,89.67963203191756,87.89427947998047,87.89427947998047,31600,0.0,0.0
2009-05-15 00:00:00+09:00,87.8942755569795,87.8942755569795,86.93293191807503,87.07026672363281,53200,0.0,0.0
2009-05-18 00:00:00+09:00,87.89425046899683,87.89425046899683,86.93290710449219,86.93290710449219,6400,0.0,0.0
2009-05-19 00:00:00+09:00,86.93295093752303,87.89429478675315,86.93295093752303,87.34495544433594,10000,0.0,0.0
2009-05-20 00:00:00+09:00,87.89427749753938,87.89427749753938,87.20760345458984,87.20760345458984,8000,0.0,0.0
2009-05-21 00:00:00+09:00,87.8943004817097,87.8943004817097,87.75696563720703,87.75696563720703,1200,0.0,0.0
2009-05-22 00:00:00+09:00,87.6196212064303,89.26763916015625,87.6196212064303,89.26763916015625,81600,0.0,0.0
2009-05-25 00:00:00+09:00,87.8943004817097,88.30630501521772,87.75696563720703,87.75696563720703,6400,0.0,0.0
2009-05-26 00:00:00+09:00,87.89429478675315,87.89429478675315,87.34495544433594,87.34495544433594,40400,0.0,0.0
2009-05-27 00:00:00+09:00,87.89428328271944,87.89428328271944,87.61961364746094,87.61961364746094,7600,0.0,0.0
2009-05-28 00:00:00+09:00,87.89427947998047,87.89427947998047,87.61960985660552,87.89427947998047,10000,0.0,0.0
2009-05-29 00:00:00+09:00,89.2676527526189,89.2676527526189,87.89430424873245,88.0316390991211,23200,0.0,0.0
2009-06-01 00:00:00+09:00,88.16895294189453,88.85562703022704,88.16895294189453,88.16895294189453,7600,0.0,0.0
2009-06-02 00:00:00+09:00,89.26763148322655,89.26763148322655,88.16895294189453,88.16895294189453,3200,0.0,0.0
2009-06-03 00:00:00+09:00,89.26762558343842,89.26762558343842,87.20760345458984,87.20760345458984,65600,0.0,0.0
2009-06-04 00:00:00+09:00,89.26759813257492,89.26759813257492,86.93290710449219,86.93290710449219,11200,0.0,0.0
2009-06-05 00:00:00+09:00,89.2676236125573,89.2676236125573,87.07026672363281,87.07026672363281,27600,0.0,0.0
2009-06-08 00:00:00+09:00,87.20760728725271,88.03161617500628,87.20760728725271,87.4822769165039,29600,0.0,0.0
2009-06-09 00:00:00+09:00,87.75696563720703,88.58097470422307,87.4822959482017,87.75696563720703,54400,0.0,0.0
2009-06-10 00:00:00+09:00,89.26764304593483,89.26764304593483,87.89429469138199,88.44363403320312,6800,0.0,0.0
2009-06-11 00:00:00+09:00,88.85564044094825,89.2676449561304,88.03163141058397,88.58097076416016,44000,0.0,0.0
2009-06-12 00:00:00+09:00,89.67964364858774,89.67964364858774,88.7182998422476,89.26763916015625,11600,0.0,0.0
2009-06-15 00:00:00+09:00,88.85563277610461,89.13030242919922,88.71829794955731,89.13030242919922,11200,0.0,0.0
2009-06-16 00:00:00+09:00,88.99296760265192,89.13030242919922,88.99296760265192,89.13030242919922,2800,0.0,0.0
2009-06-17 00:00:00+09:00,88.71830749511719,88.99297717776462,88.58097265379348,88.71830749511719,36800,0.0,0.0
2009-06-18 00:00:00+09:00,88.71829972907678,92.01433563232422,88.71829972907678,92.01433563232422,40400,0.0,0.0
2009-06-19 00:00:00+09:00,92.0143393348245,93.52502251793356,92.0143393348245,93.38768768310547,10000,0.0,0.0
2009-06-22 00:00:00+09:00,93.38767264229911,96.13436889648438,92.01432451520648,96.13436889648438,21200,0.0,0.0
2009-06-23 00:00:00+09:00,94.76101716807192,97.50771331787111,94.76101716807192,97.5077133178711,9600,0.0,0.0
2009-06-24 00:00:00+09:00,97.37038221086775,97.37038221086775,96.13436889648438,96.13436889648438,8400,0.0,0.0
2009-06-25 00:00:00+09:00,96.13436524297151,97.50771331787111,96.13436524297151,97.5077133178711,5200,0.0,0.0
2009-06-26 00:00:00+09:00,97.50773044399449,98.19440460205078,97.50773044399449,98.19440460205078,9600,0.0,0.0
2009-06-29 00:00:00+09:00,98.1943873553209,98.1943873553209,97.50771331787111,97.5077133178711,7200,0.0,0.0
2009-06-30 00:00:00+09:00,102.72641307196758,102.72641307196758,100.80372619628905,100.80372619628906,17200,0.0,0.0
2009-07-01 00:00:00+09:00,101.76512544593032,101.76512544593032,100.94111633300781,100.94111633300781,3200,0.0,0.0
2009-07-02 00:00:00+09:00,102.31444549560545,102.31444549560545,102.31444549560545,102.31444549560547,400,0.0,0.0
2009-07-03 00:00:00+09:00,101.4904270275219,101.62776184082031,100.52908333443307,101.62776184082031,2800,0.0,0.0
2009-07-06 00:00:00+09:00,101.62777137498945,101.76510620117188,101.62777137498945,101.76510620117188,6400,0.0,0.0
2009-07-07 00:00:00+09:00,101.62776184082031,101.62776184082031,101.62776184082031,101.62776184082031,12400,0.0,0.0
2009-07-08 00:00:00+09:00,99.01841735839844,99.15575219523394,99.01841735839844,99.01841735839844,5600,0.0,0.0
2009-07-09 00:00:00+09:00,100.25443078395598,101.62777915085948,98.88108241705247,100.11709594726562,11200,0.0,0.0
2009-07-10 00:00:00+09:00,98.74374758036213,100.25443078395598,98.74374758036213,100.11709594726562,6800,0.0,0.0
2009-07-13 00:00:00+09:00,98.33171601878654,98.33171601878654,95.44768524169923,95.44768524169922,8000,0.0,0.0
2009-07-14 00:00:00+09:00,95.44769856549692,95.44769856549692,94.76102447509766,94.76102447509766,13600,0.0,0.0
2009-07-15 00:00:00+09:00,100.25441327776228,100.25441327776228,96.13436889648438,96.13436889648438,14400,0.0,0.0
2009-07-16 00:00:00+09:00,98.19439108712334,98.19439108712334,95.99703408377512,96.13436889648438,22800,0.0,0.0
2009-07-17 00:00:00+09:00,97.50772098976923,98.88106917272371,97.50772098976923,98.60639953613281,2400,0.0,0.0
2009-07-21 00:00:00+09:00,97.50772855528929,101.0784341080182,97.50772855528929,98.05706787109375,7200,0.0,0.0
2009-07-22 00:00:00+09:00,98.05705254783093,98.05705254783093,96.13436524297151,97.5077133178711,8000,0.0,0.0
2009-07-23 00:00:00+09:00,97.50771331787111,97.50771331787111,97.50771331787111,97.5077133178711,400,0.0,0.0
2009-07-24 00:00:00+09:00,97.50771723853217,99.56773943371242,97.50771723853217,98.88106536865234,2400,0.0,0.0
2009-07-27 00:00:00+09:00,98.88107489224137,99.5677490234375,98.88107489224137,99.5677490234375,1600,0.0,0.0
2009-07-28 00:00:00+09:00,99.56773562444545,99.56773562444545,98.88106158565617,99.15573120117188,4400,0.0,0.0
2009-07-29 00:00:00+09:00,99.15571237920405,99.97972106933594,99.15571237920405,99.97972106933594,4800,0.0,0.0
2009-07-30 00:00:00+09:00,100.25440427705303,101.49041748046875,99.70506507553493,101.49041748046875,3600,0.0,0.0
2009-07-31 00:00:00+09:00,100.3917769243928,101.90246029808408,100.3917769243928,100.94111633300781,7200,0.0,0.0
2009-08-03 00:00:00+09:00,102.31443590731234,102.31443590731234,100.80375296102987,101.62776184082031,10800,0.0,0.0
2009-08-04 00:00:00+09:00,100.94108777432828,101.62776184082031,100.94108777432828,101.62776184082031,1600,0.0,0.0
2009-08-05 00:00:00+09:00,103.0011391153141,103.0011391153141,100.94111633300781,100.94111633300781,5600,0.0,0.0
2009-08-06 00:00:00+09:00,99.97974203705297,100.94108571048616,99.84240722656251,99.8424072265625,1200,0.0,0.0
2009-08-07 00:00:00+09:00,102.45178037446121,102.45178037446121,99.5677490234375,99.5677490234375,13200,0.0,0.0
2009-08-10 00:00:00+09:00,99.5677490234375,99.5677490234375,99.5677490234375,99.5677490234375,12800,0.0,0.0
2009-08-11 00:00:00+09:00,100.94107827895066,101.49041748046875,100.94107827895066,101.49041748046875,9600,0.0,0.0
2009-08-12 00:00:00+09:00,101.21578603731533,101.35312088946907,100.94111633300781,100.94111633300781,4400,0.0,0.0
2009-08-13 00:00:00+09:00,100.2544023674032,101.35308074951173,100.2544023674032,101.35308074951172,2400,0.0,0.0
2009-08-14 00:00:00+09:00,101.07842258762669,101.62776184082031,97.91972188176335,101.62776184082031,15200,0.0,0.0
2009-08-17 00:00:00+09:00,105.83805018565694,106.99951026999885,105.83805018565694,106.27359771728516,4800,10.0,0.0
2009-08-18 00:00:00+09:00,105.98323822021483,105.98323822021483,101.62776267691834,105.98323822021484,12000,0.0,0.0
2009-08-19 00:00:00+09:00,107.28990689292038,107.28990689292038,105.83808135986328,105.83808135986328,2000,0.0,0.0
2009-08-20 00:00:00+09:00,105.83808736995775,106.70918273925781,105.83808736995775,106.70918273925781,800,0.0,0.0
2009-08-21 00:00:00+09:00,107.87063395800055,108.01581650706919,107.43508631079463,107.58026885986328,10400,0.0,0.0
2009-08-24 00:00:00+09:00,108.1609878540039,108.1609878540039,107.4350751838428,108.1609878540039,45200,0.0,0.0
2009-08-25 00:00:00+09:00,108.45132784118242,108.45132784118242,105.98322533341789,107.87059783935547,29200,0.0,0.0
2009-08-26 00:00:00+09:00,108.1609878540039,108.1609878540039,108.1609878540039,108.1609878540039,2800,0.0,0.0
2009-08-27 00:00:00+09:00,108.88687832896929,109.61279085116242,108.16096580677615,109.32242584228516,5200,0.0,0.0
2009-08-28 00:00:00+09:00,109.32243225295822,111.79053497314452,109.17724974000608,111.79053497314453,10400,0.0,0.0
2009-08-31 00:00:00+09:00,117.45266769166334,117.45266769166334,108.01580316761128,109.4676284790039,12000,0.0,0.0
2009-09-02 00:00:00+09:00,114.98455025809152,114.98455025809152,110.62907486952744,111.79053497314453,4400,0.0,0.0
2009-09-03 00:00:00+09:00,111.79056424408957,111.79056424408957,111.06465148925781,111.06465148925781,400,0.0,0.0
2009-09-04 00:00:00+09:00,110.9194600155479,110.9194600155479,110.33872985839842,110.33872985839844,9600,0.0,0.0
2009-09-07 00:00:00+09:00,110.33870034712,110.33870034712,107.72541533889873,107.87059783935547,7600,0.0,0.0
2009-09-08 00:00:00+09:00,109.46763462267423,110.33872985839842,109.46763462267423,110.33872985839844,2400,0.0,0.0
2009-09-09 00:00:00+09:00,110.33874108047081,110.33874108047081,109.03209809399155,109.75801086425781,8000,0.0,0.0
2009-09-10 00:00:00+09:00,110.33872985839842,111.7905552512721,110.33872985839842,110.33872985839844,2800,0.0,0.0
2009-09-11 00:00:00+09:00,110.33872985839842,110.33872985839842,110.33872985839842,110.33872985839844,5600,0.0,0.0
2009-09-14 00:00:00+09:00,109.1772806480448,110.33874108047081,109.1772806480448,109.75801086425781,3600,0.0,0.0
2009-09-15 00:00:00+09:00,109.03209809399155,109.7580108642578,108.8869155399383,109.75801086425781,9600,0.0,0.0
2009-09-16 00:00:00+09:00,110.33870984362316,111.79053497314452,110.33870984362316,111.79053497314453,5600,0.0,0.0
2009-09-17 00:00:00+09:00,111.79053706826323,112.08090209960938,111.79053706826323,112.08090209960938,2800,0.0,0.0
2009-09-18 00:00:00+09:00,112.51643963639131,112.51643963639131,109.61278958125862,110.19351959228516,21600,0.0,0.0
2009-09-21 00:00:00+09:00,110.19351959228516,110.19351959228516,110.19351959228516,110.19351959228516,0,0.0,0.0
2009-09-24 00:00:00+09:00,111.50016526442306,113.24235534667967,110.33870520958533,113.24235534667969,28000,0.0,0.0
2009-09-25 00:00:00+09:00,110.33870520958533,113.24235534667967,110.33870520958533,113.24235534667969,7600,0.0,0.0
2009-09-28 00:00:00+09:00,112.80682238705369,113.24236996383767,109.61280682397108,110.48390197753906,13200,0.0,0.0
2009-09-29 00:00:00+09:00,113.2423959080177,115.85568196743348,113.2423959080177,114.69422149658203,28400,0.0,0.0
2009-09-30 00:00:00+09:00,116.00082413473247,117.88819674268181,114.69418155999831,117.59783172607422,50000,0.0,0.0
2009-10-01 00:00:00+09:00,115.42010498046875,115.42010498046875,115.42010498046875,115.42010498046875,4000,0.0,0.0
2009-10-02 00:00:00+09:00,114.69421542420679,114.69421542420679,110.48392144028021,113.8231201171875,10400,0.0,0.0
2009-10-05 00:00:00+09:00,112.37128540842156,112.37128540842156,110.33872985839842,110.33872985839844,4000,0.0,0.0
2009-10-06 00:00:00+09:00,110.33870520958533,113.82308537409855,110.33870520958533,113.24235534667969,8000,0.0,0.0
2009-10-07 00:00:00+09:00,112.80684210085401,112.80684210085401,110.91946893829146,111.06465148925781,62800,0.0,0.0
2009-10-08 00:00:00+09:00,112.5164497248819,114.6941874614925,111.06462456714148,113.67790985107422,6400,0.0,0.0
2009-10-09 00:00:00+09:00,111.93575085465093,111.93575085465093,109.46764739871182,111.6453857421875,60000,0.0,0.0
2009-10-13 00:00:00+09:00,113.24235534667967,116.14600548377403,112.51644281240608,113.24235534667969,30800,0.0,0.0
2009-10-14 00:00:00+09:00,112.51646794770892,113.24238064414575,110.33872985839842,110.33872985839844,24400,0.0,0.0
2009-10-15 00:00:00+09:00,110.62908450313373,111.06463207991771,110.48390197753906,110.48390197753906,24000,0.0,0.0
2009-10-16 00:00:00+09:00,113.38753850242192,113.38753850242192,110.48388834871072,112.80680847167969,12000,0.0,0.0
2009-10-19 00:00:00+09:00,113.96827266742656,113.96827266742656,111.79053497314452,111.79053497314453,4400,0.0,0.0
2009-10-20 00:00:00+09:00,111.79056424408957,112.08092934602226,110.33873873442606,111.06465148925781,25600,0.0,0.0
2009-10-21 00:00:00+09:00,111.35497129745683,111.64533628128332,110.48387634597738,110.62905883789062,5200,0.0,0.0
2009-10-22 00:00:00+09:00,110.62909493697316,110.62909493697316,110.33872985839842,110.33872985839844,3600,0.0,0.0
2009-10-23 00:00:00+09:00,110.62910383635875,111.64538169312321,110.33873873442606,111.06465148925781,36400,0.0,0.0
2009-10-26 00:00:00+09:00,111.20983404022415,113.96830250858481,111.06465148925781,111.06465148925781,11600,0.0,0.0
2009-10-27 00:00:00+09:00,109.61280682397108,111.06463207991771,109.61280682397108,110.48390197753906,14000,0.0,0.0
2009-10-28 00:00:00+09:00,111.06463137721515,111.06463137721515,110.33871875383467,110.91944885253906,13600,0.0,0.0
2009-10-29 00:00:00+09:00,110.77424132980386,111.06460631363035,110.33869385406413,110.62905883789062,6400,0.0,0.0
2009-10-30 00:00:00+09:00,111.06465148925781,111.06465148925781,110.62910383635875,111.06465148925781,94000,0.0,0.0
2009-11-02 00:00:00+09:00,110.3387194519444,111.06463207991771,110.3387194519444,110.48390197753906,16000,0.0,0.0
2009-11-04 00:00:00+09:00,110.33873873442606,111.06465148925781,110.33873873442606,111.06465148925781,34000,0.0,0.0
2009-11-05 00:00:00+09:00,110.48390197753906,111.06463207991771,110.48390197753906,110.48390197753906,2400,0.0,0.0
2009-11-06 00:00:00+09:00,110.91944955432305,110.91944955432305,110.48390197753906,110.48390197753906,2800,0.0,0.0
2009-11-09 00:00:00+09:00,110.48387634597738,111.06460631363035,110.48387634597738,110.62905883789062,10400,0.0,0.0
2009-11-10 00:00:00+09:00,110.91944885253906,111.06463137721515,110.91944885253906,110.91944885253906,4400,0.0,0.0
2009-11-11 00:00:00+09:00,110.77424132980386,110.77424132980386,110.62905883789062,110.62905883789062,4400,0.0,0.0
2009-11-12 00:00:00+09:00,110.62906838223279,110.62906838223279,109.32242584228516,109.32242584228516,7600,0.0,0.0
2009-11-13 00:00:00+09:00,109.1772695440995,110.33872985839842,107.72544415122583,110.33872985839844,7600,0.0,0.0
2009-11-16 00:00:00+09:00,109.4676284790039,109.4676284790039,109.4676284790039,109.4676284790039,1200,0.0,0.0
2009-11-17 00:00:00+09:00,109.4676284790039,109.4676284790039,109.4676284790039,109.4676284790039,1200,0.0,0.0
2009-11-18 00:00:00+09:00,109.61282831020455,109.7580108642578,108.5965504318318,109.75801086425781,17200,0.0,0.0
2009-11-19 00:00:00+09:00,108.01580531997169,108.1609878540039,107.4350751838428,108.1609878540039,5200,0.0,0.0
2009-11-20 00:00:00+09:00,107.4350682603127,110.91944885253906,107.4350682603127,110.91944885253906,11200,0.0,0.0
2009-11-24 00:00:00+09:00,110.91946893829146,111.06465148925781,110.91946893829146,111.06465148925781,4000,0.0,0.0
2009-11-25 00:00:00+09:00,110.33872985839842,110.33872985839842,108.3061743083753,110.33872985839844,3600,0.0,0.0
2009-11-26 00:00:00+09:00,110.33872985839842,110.4839123976858,110.33872985839842,110.33872985839844,3200,0.0,0.0
2009-11-27 00:00:00+09:00,108.88688659667969,109.32243414306642,108.88688659667969,108.88688659667969,8400,0.0,0.0
2009-11-30 00:00:00+09:00,111.06465148925781,111.06465148925781,104.67661924673841,111.06465148925781,35200,0.0,0.0
2009-12-01 00:00:00+09:00,111.06464255483526,111.06464255483526,109.6128171619616,110.33872985839844,6000,0.0,0.0
2009-12-02 00:00:00+09:00,111.06464123252212,111.06464123252212,109.6128158569336,109.6128158569336,26800,0.0,0.0
2009-12-03 00:00:00+09:00,111.06465148925781,111.20983404022415,110.62910383635875,111.06465148925781,80400,0.0,0.0
2009-12-04 00:00:00+09:00,111.06465148925781,111.06465148925781,111.06465148925781,111.06465148925781,1600,0.0,0.0
2009-12-07 00:00:00+09:00,109.6128171619616,111.06464255483526,109.6128171619616,110.33872985839844,117600,0.0,0.0
2009-12-08 00:00:00+09:00,110.33869385406413,110.62905883789062,110.33869385406413,110.62905883789062,5200,0.0,0.0
2009-12-09 00:00:00+09:00,110.62905883789062,110.62905883789062,110.62905883789062,110.62905883789062,5200,0.0,0.0
2009-12-10 00:00:00+09:00,110.48388587779417,110.48388587779417,109.32242584228516,109.32242584228516,2000,0.0,0.0
2009-12-11 00:00:00+09:00,108.74170408121745,111.06462432861329,108.1609740193685,108.88688659667969,5600,0.0,0.0
2009-12-14 00:00:00+09:00,113.24235346212805,113.24235346212805,109.32242584228516,109.32242584228516,2000,0.0,0.0
2009-12-15 00:00:00+09:00,109.32242584228516,109.32242584228516,109.32242584228516,109.32242584228516,1200,0.0,0.0
2009-12-16 00:00:00+09:00,109.03210372405799,109.03210372405799,105.98326993150776,106.70918273925781,7200,0.0,0.0
2009-12-17 00:00:00+09:00,105.25732562966542,105.98323822021483,105.25732562966542,105.98323822021484,19600,0.0,0.0
2009-12-18 00:00:00+09:00,105.9832362874349,108.88688659667969,105.9832362874349,108.88688659667969,1200,0.0,0.0
2009-12-21 00:00:00+09:00,105.98323822021483,105.98323822021483,105.98323822021483,105.98323822021484,800,0.0,0.0
2009-12-22 00:00:00+09:00,106.27361491158504,108.1609878540039,106.27361491158504,108.1609878540039,3200,0.0,0.0
2009-12-24 00:00:00+09:00,108.1609740193685,108.88688659667969,108.1609740193685,108.88688659667969,10400,0.0,0.0
2009-12-25 00:00:00+09:00,108.886900524165,109.17726559222945,108.1609878540039,108.1609878540039,14800,0.0,0.0
2009-12-28 00:00:00+09:00,108.1609740193685,108.88688659667969,108.1609740193685,108.88688659667969,1600,0.0,0.0
2009-12-29 00:00:00+09:00,111.06464567405094,112.95201873779297,111.06464567405094,112.95201873779297,1600,0.0,0.0
2009-12-30 00:00:00+09:00,114.40381540151742,115.42009294950044,111.79053027813251,113.24235534667969,24800,0.0,0.0
2010-01-04 00:00:00+09:00,110.33871175130209,110.91944181315105,108.74170408121745,108.88688659667969,18800,0.0,0.0
2010-01-05 00:00:00+09:00,108.88688659667969,108.88688659667969,108.88688659667969,108.88688659667969,18800,0.0,0.0
2010-01-06 00:00:00+09:00,109.17724333784653,109.32242584228516,109.17724333784653,109.32242584228516,4000,0.0,0.0
2010-01-07 00:00:00+09:00,109.4676284790039,109.4676284790039,109.4676284790039,109.4676284790039,1600,0.0,0.0
2010-01-08 00:00:00+09:00,109.46762429837642,110.62908450313373,109.46762429837642,110.48390197753906,2000,0.0,0.0
2010-01-12 00:00:00+09:00,110.48388587779417,110.48388587779417,109.32242584228516,109.32242584228516,7200,0.0,0.0
2010-01-13 00:00:00+09:00,105.98324100391284,107.87061378891403,105.98324100391284,107.43506622314453,16000,0.0,0.0
2010-01-14 00:00:00+09:00,106.70918273925781,107.43509554700788,105.98326993150776,106.70918273925781,16000,0.0,0.0
2010-01-15 00:00:00+09:00,106.70915361352868,107.58024874506769,106.70915361352868,107.43506622314453,800,0.0,0.0
2010-01-18 00:00:00+09:00,106.85433613545185,107.43506622314452,106.85433613545185,107.43506622314453,4800,0.0,0.0
2010-01-19 00:00:00+09:00,107.4350927187049,107.4350927187049,106.85436248779297,106.85436248779297,5600,0.0,0.0
2010-01-20 00:00:00+09:00,106.85434504771392,108.1609878540039,106.85434504771392,108.1609878540039,5600,0.0,0.0
2010-01-21 00:00:00+09:00,108.1609878540039,108.1609878540039,108.1609878540039,108.1609878540039,5600,0.0,0.0
2010-01-22 00:00:00+09:00,108.1609878540039,108.1609878540039,108.1609878540039,108.1609878540039,5600,0.0,0.0
2010-01-25 00:00:00+09:00,108.74171886104892,108.74171886104892,106.12843322753906,106.12843322753906,4000,0.0,0.0
2010-01-26 00:00:00+09:00,107.43506622314452,107.43506622314452,106.70915361352868,107.43506622314453,3200,0.0,0.0
2010-01-27 00:00:00+09:00,107.43505372084847,107.43505372084847,107.2898712158203,107.28987121582031,800,0.0,0.0
2010-01-28 00:00:00+09:00,107.28988161578087,107.28988161578087,106.27360398207253,107.14469909667969,2800,0.0,0.0
2010-01-29 00:00:00+09:00,107.14469278054159,107.14469278054159,106.27359771728516,106.27359771728516,11200,0.0,0.0
2010-02-01 00:00:00+09:00,106.27359771728516,106.27359771728516,106.27359771728516,106.27359771728516,400,0.0,0.0
2010-02-02 00:00:00+09:00,106.70914524891337,107.14469278054159,106.27359771728516,106.27359771728516,5200,0.0,0.0
2010-02-03 00:00:00+09:00,106.27363505460778,106.70918273925781,106.27363505460778,106.70918273925781,400,0.0,0.0
2010-02-04 00:00:00+09:00,106.70918273925781,106.70918273925781,106.70918273925781,106.70918273925781,400,0.0,0.0
2010-02-05 00:00:00+09:00,106.70915430242366,106.70915430242366,105.40251159667969,105.40251159667969,5200,0.0,0.0
2010-02-08 00:00:00+09:00,105.40249845483801,105.69286346435547,105.40249845483801,105.69286346435547,400,0.0,0.0
2010-02-09 00:00:00+09:00,105.69286622437028,106.99950880131992,105.54768371582033,105.54768371582031,2400,0.0,0.0
2010-02-10 00:00:00+09:00,104.53141645951705,105.69287664240056,104.53141645951705,105.40251159667969,6000,0.0,0.0
2010-02-12 00:00:00+09:00,104.9669590349048,104.9669590349048,102.0633087158203,102.06330871582031,7600,0.0,0.0
2010-02-15 00:00:00+09:00,102.0633025519592,102.78921508789062,102.0633025519592,102.78921508789062,2800,0.0,0.0
2010-02-16 00:00:00+09:00,102.78921785044366,102.78921785044366,102.64403533935547,102.64403533935547,1200,0.0,0.0
2010-02-17 00:00:00+09:00,106.08048115700397,106.82752679895471,104.73579900149265,104.88520812988281,9600,5.0,0.0
2010-02-18 00:00:00+09:00,103.5405048204505,103.9887321140455,103.09227752685547,103.09227752685547,15200,0.0,0.0
2010-02-19 00:00:00+09:00,103.09227752685547,103.09227752685547,103.09227752685547,103.09227752685547,15200,0.0,0.0
2010-02-22 00:00:00+09:00,102.34519958496095,102.34519958496095,102.04638148398296,102.34519958496094,7600,0.0,0.0
2010-02-23 00:00:00+09:00,102.04637908935547,102.34519718332137,101.89697004237252,102.04637908935547,4400,0.0,0.0
2010-02-24 00:00:00+09:00,102.79344940185547,102.79344940185547,102.79344940185547,102.79344940185547,400,0.0,0.0
2010-02-25 00:00:00+09:00,103.68988902967347,103.83929809167587,101.89698028564453,101.89698028564453,12000,0.0,0.0
2010-02-26 00:00:00+09:00,103.24166451116665,103.24166451116665,101.74757385253906,101.74757385253906,8000,0.0,0.0
2010-03-01 00:00:00+09:00,103.8393325805664,103.8393325805664,103.8393325805664,103.8393325805664,800,0.0,0.0
2010-03-02 00:00:00+09:00,102.64402824771561,102.64402824771561,101.74757385253906,101.74757385253906,5200,0.0,0.0
2010-03-03 00:00:00+09:00,100.85114440227525,100.85114440227525,98.90882606563885,99.05823516845703,10000,0.0,0.0
2010-03-04 00:00:00+09:00,99.95467202421757,99.95467202421757,98.01235403271559,98.7593994140625,4800,0.0,0.0
2010-03-05 00:00:00+09:00,98.759407719037,98.759407719037,97.86295318603516,97.86295318603516,5200,0.0,0.0
2010-03-08 00:00:00+09:00,97.86294000799006,99.35703069513495,97.86294000799006,98.6099853515625,2000,0.0,0.0
2010-03-09 00:00:00+09:00,99.35705033378086,100.1040958250123,99.35705033378086,99.65586853027344,2400,0.0,0.0
2010-03-10 00:00:00+09:00,99.5064574872619,99.5064574872619,98.90882110595703,98.90882110595703,2800,0.0,0.0
2010-03-11 00:00:00+09:00,99.2076245749869,99.2076245749869,97.11589755081548,98.0123519897461,6000,0.0,0.0
2010-03-12 00:00:00+09:00,98.01236600654069,98.01236600654069,94.12772954896438,96.36886596679688,17600,0.0,0.0
2010-03-15 00:00:00+09:00,102.04640325099984,102.04640325099984,99.20763068618433,100.25349426269531,8800,0.0,0.0
2010-03-16 00:00:00+09:00,99.65588110506893,100.7017449247623,99.20765375377177,99.80529022216797,5600,0.0,0.0
2010-03-17 00:00:00+09:00,100.55231903300566,101.59818267822266,99.95468266431023,101.59818267822266,4800,0.0,0.0
2010-03-18 00:00:00+09:00,100.40291365438432,102.79345921758396,100.10409545898438,100.10409545898438,8000,0.0,0.0
2010-03-19 00:00:00+09:00,102.4946517944336,102.4946517944336,102.4946517944336,102.4946517944336,800,0.0,0.0
2010-03-23 00:00:00+09:00,101.89701635286832,105.0346077654933,101.89701635286832,104.13815307617188,16000,0.0,0.0
2010-03-24 00:00:00+09:00,105.03460531168051,107.42515109402316,104.58637797749125,106.8275146484375,11600,0.0,0.0
2010-03-25 00:00:00+09:00,106.82751733047957,106.82751733047957,106.67810821533203,106.67810821533203,400,0.0,0.0
2010-03-26 00:00:00+09:00,106.8274974017076,106.8274974017076,105.63222470350668,106.08045196533203,1600,0.0,0.0
2010-03-29 00:00:00+09:00,106.08045196533203,109.06863371083435,106.08045196533203,106.08045196533203,17200,0.0,0.0
2010-03-30 00:00:00+09:00,106.52868807894512,108.91923367398456,106.52868807894512,107.72396087646484,4800,0.0,0.0
2010-03-31 00:00:00+09:00,111.75800542962061,111.75800542962061,102.4946413432082,109.06864166259766,27600,0.0,0.0
2010-04-01 00:00:00+09:00,105.18400610734665,108.17218809903262,104.28755150984085,104.73577880859375,4400,0.0,0.0
2010-04-02 00:00:00+09:00,105.33341146219632,107.42513878201298,105.33341146219632,106.22986602783203,2400,0.0,0.0
2010-04-05 00:00:00+09:00,108.3216018676758,110.5627384580415,108.3216018676758,108.32160186767578,11600,0.0,0.0
2010-04-06 00:00:00+09:00,108.62041171761446,116.53909372728924,108.62041171761446,109.21804809570312,24000,0.0,0.0
2010-04-07 00:00:00+09:00,115.64266698037426,116.53912176316786,114.59680306711505,115.79207611083984,55600,0.0,0.0
2010-04-08 00:00:00+09:00,113.55091397724453,116.24027772933717,109.96509564112102,112.95327758789062,39600,0.0,0.0
2010-04-09 00:00:00+09:00,112.05681240542448,112.05681240542448,110.11449432373045,110.11449432373047,16000,0.0,0.0
2010-04-12 00:00:00+09:00,109.81567913643497,109.81567913643497,109.51686096191405,109.51686096191406,54000,0.0,0.0
2010-04-13 00:00:00+09:00,111.75801125340814,111.75801125340814,109.81569287600934,111.30978393554688,7200,0.0,0.0
2010-04-14 00:00:00+09:00,111.30978511727375,111.30978511727375,109.51687582679416,109.96510314941406,7200,0.0,0.0
2010-04-15 00:00:00+09:00,109.96507078736693,109.96507078736693,108.47098015166901,108.7697982788086,14800,0.0,0.0
2010-04-16 00:00:00+09:00,108.76982918574893,108.76982918574893,107.42514723152951,108.32160186767578,19200,0.0,0.0
2010-04-19 00:00:00+09:00,108.76981955634224,108.76981955634224,107.57454681396484,107.57454681396484,10400,0.0,0.0
2010-04-20 00:00:00+09:00,107.8733649995592,109.06863774193658,107.42513772116767,107.57454681396484,16000,0.0,0.0
2010-04-21 00:00:00+09:00,107.7239476353669,110.56272018054301,107.7239476353669,108.47099304199219,15200,0.0,0.0
2010-04-22 00:00:00+09:00,108.62042007972455,108.62042007972455,107.87337454960264,108.32160186767578,10800,0.0,0.0
2010-04-23 00:00:00+09:00,108.32159227795071,108.32159227795071,107.42513772116767,107.57454681396484,28800,0.0,0.0
2010-04-26 00:00:00+09:00,108.17217624203643,110.11449432373045,108.17217624203643,110.11449432373047,6400,0.0,0.0
2010-04-27 00:00:00+09:00,109.51684307337457,110.11447932479818,109.36743401051868,109.66625213623047,21200,0.0,0.0
2010-04-28 00:00:00+09:00,109.06864850417426,109.96510314941406,107.27573921369469,109.96510314941406,9600,0.0,0.0
2010-04-30 00:00:00+09:00,111.45919304150064,111.45919304150064,109.66628377005559,111.30978393554688,12800,0.0,0.0
2010-05-06 00:00:00+09:00,109.81567615731599,111.30976698938832,109.3674489076943,110.11449432373047,21600,0.0,0.0
2010-05-07 00:00:00+09:00,104.13813767962986,109.06863774193658,104.13813767962986,107.57454681396484,18800,0.0,0.0
2010-05-10 00:00:00+09:00,104.58636142239713,107.12631591408392,104.58636142239713,105.6322250366211,8400,0.0,0.0
2010-05-11 00:00:00+09:00,106.82749505770408,106.97690414170087,105.78163146972656,105.78163146972656,8800,0.0,0.0
2010-05-12 00:00:00+09:00,105.6322177106684,105.6322177106684,104.73576324636286,105.18399047851562,13200,0.0,0.0
2010-05-13 00:00:00+09:00,105.18400878906249,105.4828269958496,104.58637237548827,104.58637237548828,18800,0.0,0.0
2010-05-14 00:00:00+09:00,104.58637237548827,104.58637237548827,104.58637237548827,104.58637237548828,400,0.0,0.0
2010-05-17 00:00:00+09:00,104.58636242885645,106.37927149906541,104.28754425048828,104.28754425048828,6400,0.0,0.0
2010-05-18 00:00:00+09:00,101.29936449387493,102.34522813909193,101.29936449387493,101.59818267822266,16000,0.0,0.0
2010-05-19 00:00:00+09:00,100.85114131624373,101.1499595127363,98.908823039042,99.65586853027344,20400,0.0,0.0
2010-05-20 00:00:00+09:00,102.34519958496095,102.34519958496095,100.85110908007101,102.34519958496094,2000,0.0,0.0
2010-05-21 00:00:00+09:00,101.00053670247397,101.29935485839844,100.85112762451173,100.85112762451172,7600,0.0,0.0
2010-05-24 00:00:00+09:00,103.09227359996122,103.09227359996122,101.59818267822266,101.59818267822266,4400,0.0,0.0
2010-05-25 00:00:00+09:00,100.40289925302572,100.40289925302572,98.60999033779312,98.7593994140625,13600,0.0,0.0
2010-05-26 00:00:00+09:00,97.56412680390744,98.7593994140625,97.41471772763805,98.7593994140625,6800,0.0,0.0
2010-05-27 00:00:00+09:00,98.16175398454399,101.4487533569336,98.16175398454399,101.4487533569336,3200,0.0,0.0
2010-05-28 00:00:00+09:00,101.5981621616397,101.89698028564453,101.5981621616397,101.89698028564453,2000,0.0,0.0
2010-05-31 00:00:00+09:00,104.43695542952592,104.43695542952592,101.59818267822266,101.59818267822266,10800,0.0,0.0
2010-06-01 00:00:00+09:00,100.25350722924478,100.25350722924478,99.9546890258789,99.9546890258789,9600,0.0,0.0
2010-06-02 00:00:00+09:00,99.95468042970613,99.95468042970613,97.86295318603516,97.86295318603516,9600,0.0,0.0
2010-06-03 00:00:00+09:00,99.50644509915523,99.50644509915523,97.86294525517519,98.31117248535156,6800,0.0,0.0
2010-06-04 00:00:00+09:00,98.75941201063081,98.90882110595703,98.75941201063081,98.90882110595703,4800,0.0,0.0
2010-06-07 00:00:00+09:00,98.6099853515625,98.6099853515625,98.16175814541904,98.6099853515625,4000,0.0,0.0
2010-06-08 00:00:00+09:00,98.60999033779312,100.10408110048695,98.60999033779312,98.7593994140625,1600,0.0,0.0
2010-06-09 00:00:00+09:00,98.9088084903319,98.9088084903319,98.7593994140625,98.7593994140625,2800,0.0,0.0
2010-06-10 00:00:00+09:00,100.10409545898438,100.10409545898438,100.10409545898438,100.10409545898438,400,0.0,0.0
2010-06-11 00:00:00+09:00,101.4487533569336,101.4487533569336,101.4487533569336,101.4487533569336,2400,0.0,0.0
2010-06-14 00:00:00+09:00,102.94286215903132,103.24168033656116,101.29936218261717,101.29936218261719,2000,0.0,0.0
2010-06-15 00:00:00+09:00,100.55230946858725,100.85112762451173,100.55230946858725,100.85112762451172,800,0.0,0.0
2010-06-16 00:00:00+09:00,105.78164520263671,105.78164520263671,104.58637237548827,104.58637237548828,1600,0.0,0.0
2010-06-17 00:00:00+09:00,102.34520802599319,105.33338928222656,102.04638990036985,105.33338928222656,9600,0.0,0.0
2010-06-18 00:00:00+09:00,109.36743397814162,109.36743397814162,101.89698083755817,105.33338928222656,20000,0.0,0.0
2010-06-21 00:00:00+09:00,105.33339088140097,105.33339088140097,100.85111892900093,102.64402770996094,20400,0.0,0.0
2010-06-22 00:00:00+09:00,103.09227752685547,103.09227752685547,103.09227752685547,103.09227752685547,400,0.0,0.0
2010-06-23 00:00:00+09:00,103.68989739051231,104.1381246126615,101.00053405761717,101.00053405761719,8400,0.0,0.0
2010-06-24 00:00:00+09:00,103.9887321140455,104.43695940764053,102.49464113539543,103.09227752685547,14400,0.0,0.0
2010-06-25 00:00:00+09:00,102.64406090783656,103.83933381506027,102.34524268103063,102.4946517944336,3200,0.0,0.0
2010-06-28 00:00:00+09:00,101.89700086257037,101.89700086257037,100.85113721735337,101.59818267822266,5600,0.0,0.0
2010-06-29 00:00:00+09:00,103.54048831646259,103.54048831646259,101.00053405761717,101.00053405761719,10000,0.0,0.0
2010-06-30 00:00:00+09:00,102.19580816825832,102.19580816825832,97.26530865136867,98.7593994140625,30000,0.0,0.0
2010-07-01 00:00:00+09:00,98.75939370393753,98.75939370393753,92.78303099870682,95.6218032836914,6400,0.0,0.0
2010-07-02 00:00:00+09:00,97.11592102050781,97.11592102050781,97.11592102050781,97.11592102050781,6400,0.0,0.0
2010-07-05 00:00:00+09:00,95.62182992788462,97.26533012977013,95.62182992788462,97.11592102050781,9600,0.0,0.0
2010-07-06 00:00:00+09:00,98.6099853515625,98.6099853515625,98.6099853515625,98.6099853515625,2800,0.0,0.0
2010-07-07 00:00:00+09:00,98.610012113131,98.610012113131,96.66769369272085,97.11592102050781,4800,0.0,0.0
2010-07-08 00:00:00+09:00,97.11590311311174,98.60999393023654,97.11590311311174,97.26531219482422,3200,0.0,0.0
2010-07-09 00:00:00+09:00,97.86296656681941,97.86296656681941,96.36887547419622,97.11592102050781,9600,0.0,0.0
2010-07-12 00:00:00+09:00,95.62180769424316,95.62180769424316,91.13953545857551,92.78303527832031,122000,0.0,0.0
2010-07-13 00:00:00+09:00,92.03601611010026,92.78306169540953,91.58778875891471,91.73719787597656,60400,0.0,0.0
2010-07-14 00:00:00+09:00,91.88659858703613,93.08187141418456,91.73718948364257,92.6336441040039,34400,0.0,0.0
2010-07-15 00:00:00+09:00,92.48424346128583,92.63365257834768,91.73719787597656,91.73719787597656,29200,0.0,0.0
2010-07-16 00:00:00+09:00,91.58779058009627,92.63365442032575,91.58779058009627,92.48424530029297,4400,0.0,0.0
2010-07-21 00:00:00+09:00,91.13954694647538,91.13954694647538,90.24309238634612,90.84072875976562,22800,0.0,0.0
2010-07-22 00:00:00+09:00,90.54190528744557,92.63363247230404,90.54190528744557,91.13954162597656,18000,0.0,0.0
2010-07-23 00:00:00+09:00,92.4842254018396,92.63363448972625,90.84072543508638,91.88658905029297,10400,0.0,0.0
2010-07-26 00:00:00+09:00,92.63363448972625,92.63363448972625,91.88658905029297,91.88658905029297,5600,0.0,0.0
2010-07-27 00:00:00+09:00,92.63363181770622,92.63363181770622,92.03599548339844,92.03599548339844,2000,0.0,0.0
2010-07-28 00:00:00+09:00,92.03600769042968,92.6336441040039,91.73718948364257,92.6336441040039,7600,0.0,0.0
2010-07-29 00:00:00+09:00,92.48423500061034,92.6336441040039,92.33482589721679,92.6336441040039,2400,0.0,0.0
2010-07-30 00:00:00+09:00,92.63365442032575,92.63365442032575,90.84074497993235,92.48424530029297,40000,0.0,0.0
2010-08-02 00:00:00+09:00,91.58776092529297,92.63362442688685,91.28894278198044,91.58776092529297,30000,0.0,0.0
2010-08-03 00:00:00+09:00,91.88659896726934,92.48423538331662,91.88659896726934,92.18541717529297,2000,0.0,0.0
2010-08-04 00:00:00+09:00,91.58777087451966,91.88658905029297,91.1395436108597,91.88658905029297,14000,0.0,0.0
2010-08-05 00:00:00+09:00,91.88660472047096,91.88660472047096,91.4383773803711,91.4383773803711,4800,0.0,0.0
2010-08-06 00:00:00+09:00,91.43838006501893,91.43838006501893,91.28897094726562,91.28897094726562,2800,0.0,0.0
2010-08-09 00:00:00+09:00,91.43838006501893,91.43838006501893,91.28897094726562,91.28897094726562,4400,0.0,0.0
2010-08-10 00:00:00+09:00,91.4383773803711,91.58778649373771,91.4383773803711,91.4383773803711,5600,0.0,0.0
2010-08-11 00:00:00+09:00,91.43838006501893,91.43838006501893,91.28897094726562,91.28897094726562,6000,0.0,0.0
2010-08-12 00:00:00+09:00,91.28894365070673,91.28894365070673,89.79485291992593,90.24308013916016,20000,0.0,0.0
2010-08-13 00:00:00+09:00,89.94426894891457,91.13954162597656,89.94426894891457,91.13954162597656,800,0.0,0.0
2010-08-16 00:00:00+09:00,91.13954694647538,91.13954694647538,90.54191057305587,90.84072875976562,4400,0.0,0.0
2010-08-17 00:00:00+09:00,90.54192535849914,91.73719830052552,90.54192535849914,91.28897094726562,39200,0.0,0.0
2010-08-18 00:00:00+09:00,96.21062950134277,96.5281563313802,95.25804901123045,95.25804901123047,10000,9.0,0.0
2010-08-19 00:00:00+09:00,95.25804901123045,95.25804901123045,95.25804901123045,95.25804901123047,2000,0.0,0.0
2010-08-20 00:00:00+09:00,95.25803863025102,96.84567260742188,95.25803863025102,96.84567260742188,5600,0.0,0.0
2010-08-23 00:00:00+09:00,96.84568316141764,96.84568316141764,94.6229953511556,95.25804901123047,18000,0.0,0.0
2010-08-24 00:00:00+09:00,94.62298583984375,94.7817492389039,94.62298583984375,94.62298583984375,4000,0.0,0.0
2010-08-25 00:00:00+09:00,94.9405288696289,94.9405288696289,94.9405288696289,94.9405288696289,1200,0.0,0.0
2010-08-26 00:00:00+09:00,95.2580347409676,96.84566865331706,95.2580347409676,95.5755615234375,6800,0.0,0.0
2010-08-27 00:00:00+09:00,95.5755615234375,95.5755615234375,95.5755615234375,95.5755615234375,3200,0.0,0.0
2010-08-30 00:00:00+09:00,97.79825299372438,97.79825299372438,96.84567260742188,96.84567260742188,4800,0.0,0.0
2010-08-31 00:00:00+09:00,95.57557584126789,95.57557584126789,95.25804901123045,95.25804901123047,12000,0.0,0.0
2010-09-01 00:00:00+09:00,95.25801625417833,98.11575674180368,95.25801625417833,95.73430633544922,6800,0.0,0.0
2010-09-02 00:00:00+09:00,95.73430633544922,95.73430633544922,95.73430633544922,95.73430633544922,2000,0.0,0.0
2010-09-03 00:00:00+09:00,95.73430633544922,95.73430633544922,95.73430633544922,95.73430633544922,1600,0.0,0.0
2010-09-06 00:00:00+09:00,95.73433590093984,95.73433590093984,95.41680908203125,95.41680908203125,3600,0.0,0.0
2010-09-07 00:00:00+09:00,95.41680908203125,95.73433590093984,95.25804567257696,95.41680908203125,4400,0.0,0.0
2010-09-08 00:00:00+09:00,95.41681242624918,95.41681242624918,94.7817587661743,95.25804901123047,8000,0.0,0.0
2010-09-09 00:00:00+09:00,95.25801625417833,95.73430633544922,95.25801625417833,95.73430633544922,7200,0.0,0.0
2010-09-10 00:00:00+09:00,95.89308830590738,95.89308830590738,95.5755615234375,95.5755615234375,2000,0.0,0.0
2010-09-13 00:00:00+09:00,97.00443204455202,97.16319543578696,95.5755615234375,95.5755615234375,8400,0.0,0.0
2010-09-14 00:00:00+09:00,95.73433925628662,95.73433925628662,93.67041486104328,95.25804901123047,12800,0.0,0.0
2010-09-16 00:00:00+09:00,93.67039159268091,93.82915496826172,92.24152121245358,93.82915496826172,20000,0.0,0.0
2010-09-17 00:00:00+09:00,93.82916884454305,94.62298583984375,93.82916884454305,94.62298583984375,1200,0.0,0.0
2010-09-21 00:00:00+09:00,110.49932861328125,110.49932861328125,110.49932861328125,110.49932861328125,42000,0.0,0.0
2010-09-22 00:00:00+09:00,126.37565612792969,126.37565612792969,126.37565612792969,126.37565612792969,102800,0.0,0.0
2010-09-24 00:00:00+09:00,121.61276368006764,123.83545126690962,118.11996890074455,118.27873229980469,417200,0.0,0.0
2010-09-27 00:00:00+09:00,120.81894528198244,120.97770867919922,119.07254791259767,119.07254791259766,60000,0.0,0.0
2010-09-28 00:00:00+09:00,117.48487529702668,117.48487529702668,115.10342512208695,116.53229522705078,47200,0.0,0.0
2010-09-29 00:00:00+09:00,116.53230944357283,117.48488962976008,114.4683857068338,116.21478271484375,61200,0.0,0.0
2010-09-30 00:00:00+09:00,116.69111845404281,116.69111845404281,114.6271939099577,114.78595733642578,22000,0.0,0.0
2010-10-01 00:00:00+09:00,114.15087890625,114.78593247457407,113.83335212208797,114.15087890625,26800,0.0,0.0
2010-10-04 00:00:00+09:00,113.99210688592333,114.78592378624313,113.83334350585938,113.83334350585938,31600,0.0,0.0
2010-10-05 00:00:00+09:00,114.30966487400968,114.30966487400968,112.08697694590394,112.72203063964844,27200,0.0,0.0
2010-10-06 00:00:00+09:00,112.88079406308456,113.35708433339295,112.72203063964844,112.72203063964844,34400,0.0,0.0
2010-10-07 00:00:00+09:00,112.4044669942653,112.72199373718695,111.92817687988283,111.92817687988281,28800,0.0,0.0
2010-10-08 00:00:00+09:00,112.08694958820024,113.6745834350586,111.9281862035144,113.6745834350586,15600,0.0,0.0
2010-10-12 00:00:00+09:00,113.51580954886772,113.51580954886772,111.61064910888672,111.61064910888672,31600,0.0,0.0
2010-10-13 00:00:00+09:00,111.61065904889789,111.61065904889789,110.81684212820872,111.13436889648438,24800,0.0,0.0
2010-10-14 00:00:00+09:00,110.65806888889622,112.08693921888198,110.34054214889939,111.61064910888672,24000,0.0,0.0
2010-10-15 00:00:00+09:00,111.45192197873357,111.92821224359994,110.97563171386719,110.97563171386719,9600,0.0,0.0
2010-10-18 00:00:00+09:00,112.08697566522207,112.08697566522207,109.54676091926804,110.97563171386719,23200,0.0,0.0
2010-10-19 00:00:00+09:00,110.81685541964124,110.81685541964124,110.49932861328125,110.49932861328125,1200,0.0,0.0
2010-10-20 00:00:00+09:00,110.34056565239051,110.4993290562069,109.38798522949219,109.38798522949219,9600,0.0,0.0
2010-10-21 00:00:00+09:00,110.49931899936212,110.49931899936212,109.70550205252762,109.86426544189453,6000,0.0,0.0
2010-10-22 00:00:00+09:00,110.34057802737867,110.97563171386719,110.02305118413442,110.97563171386719,5200,0.0,0.0
2010-10-25 00:00:00+09:00,110.97561882282125,111.61067243554126,110.49932861328125,110.49932861328125,2800,0.0,0.0
2010-10-26 00:00:00+09:00,110.4993347951587,111.29315185546876,110.3405713830967,111.29315185546875,12800,0.0,0.0
2010-10-27 00:00:00+09:00,110.97563171386719,110.97563171386719,110.65810487062294,110.97563171386719,15600,0.0,0.0
2010-10-28 00:00:00+09:00,110.97560551234655,111.13436889648439,110.02302520751954,111.13436889648438,14000,0.0,0.0
2010-10-29 00:00:00+09:00,110.9756110646297,114.15087890625,110.49932088838665,114.15087890625,34400,0.0,0.0
2010-11-01 00:00:00+09:00,113.99210688592333,113.99210688592333,113.83334350585938,113.83334350585938,800,0.0,0.0
2010-11-02 00:00:00+09:00,111.45192872845116,113.5158533345336,110.65811157226562,110.65811157226562,12800,0.0,0.0
2010-11-04 00:00:00+09:00,110.65809104765528,111.13438125302538,109.86427403870509,110.18180084228516,22400,0.0,0.0
2010-11-05 00:00:00+09:00,110.02302520751954,112.40447596958707,110.02302520751954,111.13436889648438,16000,0.0,0.0
2010-11-08 00:00:00+09:00,111.2931471073307,113.03954456550565,111.2931471073307,112.2457275390625,26800,0.0,0.0
2010-11-09 00:00:00+09:00,112.2457317858111,114.94470977783203,112.2457317858111,114.94470977783203,30400,0.0,0.0
2010-11-10 00:00:00+09:00,114.94467579992742,116.21478271484375,114.30962234246925,116.21478271484375,52800,0.0,0.0
2010-11-11 00:00:00+09:00,116.2148022827315,116.37356567382812,115.89727550053824,116.37356567382812,27200,0.0,0.0
2010-11-12 00:00:00+09:00,116.37358047949016,116.37358047949016,114.78594636653668,114.94470977783203,19200,0.0,0.0
2010-11-15 00:00:00+09:00,115.73850913487242,116.21479929592128,115.42098236083984,115.42098236083984,13200,0.0,0.0
2010-11-16 00:00:00+09:00,115.57975240773169,116.37356938855402,114.62717203074489,115.10346221923828,23200,0.0,0.0
2010-11-17 00:00:00+09:00,113.03955161734804,116.05605650601322,113.03955161734804,115.89729309082031,15200,0.0,0.0
2010-11-18 00:00:00+09:00,116.69109968236975,117.80244348886852,115.89728267772779,117.48491668701172,52800,0.0,0.0
2010-11-19 00:00:00+09:00,119.07254360387418,119.39007038681785,117.64367308062769,118.91378021240234,30000,0.0,0.0
2010-11-22 00:00:00+09:00,119.07256026017038,122.56535536113537,119.07256026017038,120.66019439697266,84800,0.0,0.0
2010-11-24 00:00:00+09:00,119.5488634653042,123.67671266862148,118.91380974171693,122.56536865234375,117600,0.0,0.0
2010-11-25 00:00:00+09:00,128.5983675301793,131.7736358642578,127.96331386336361,131.7736358642578,204000,0.0,0.0
2010-11-26 00:00:00+09:00,131.7736119809358,131.7736119809358,127.645763894786,127.80452728271484,42400,0.0,0.0
2010-11-29 00:00:00+09:00,128.91584501378676,134.9488525390625,127.48697481043197,134.9488525390625,84800,0.0,0.0
2010-11-30 00:00:00+09:00,134.94890632673804,138.60046496852036,133.83756239228256,136.37777709960938,84400,0.0,0.0
2010-12-01 00:00:00+09:00,137.48911886559912,137.48911886559912,131.7736358642578,131.7736358642578,74000,0.0,0.0
2010-12-02 00:00:00+09:00,133.36123607197746,135.7426867161199,133.36123607197746,135.58392333984375,25600,0.0,0.0
2010-12-03 00:00:00+09:00,134.94887673643214,134.94887673643214,129.55092166697486,134.15505981445312,104800,0.0,0.0
2010-12-06 00:00:00+09:00,134.31383071407194,137.80662536621094,134.31383071407194,137.80662536621094,47200,0.0,0.0
2010-12-07 00:00:00+09:00,139.7117790474451,140.50559597385106,138.91796212103918,139.23548889160156,86000,0.0,0.0
2010-12-08 00:00:00+09:00,141.14063712410305,146.37982837842858,141.14063712410305,146.0623016357422,48800,0.0,0.0
2010-12-09 00:00:00+09:00,146.06233933885323,147.01491981280228,140.98191014445834,144.6334686279297,33600,0.0,0.0
2010-12-10 00:00:00+09:00,144.79217309170082,145.58598983014215,143.04577626712987,145.26846313476562,18000,0.0,0.0
2010-12-13 00:00:00+09:00,157.17577775472395,167.65416293837222,152.8891656341406,164.95518493652344,214000,0.0,0.0
2010-12-14 00:00:00+09:00,168.28921366237935,169.8768477535339,165.27270888918576,166.54281616210938,161600,0.0,0.0
2010-12-15 00:00:00+09:00,167.33664763005916,179.4026677627769,167.33664763005916,176.7036895751953,236800,0.0,0.0
2010-12-16 00:00:00+09:00,184.95935573422813,197.97795416359008,177.02118596022692,195.2789764404297,437200,0.0,0.0
2010-12-17 00:00:00+09:00,187.4995700619085,196.8666103952299,186.2294628980683,195.2789764404297,524800,0.0,0.0
2010-12-20 00:00:00+09:00,192.10371123767288,198.4542471463563,190.8336040559362,193.69134521484375,328800,0.0,0.0
2010-12-21 00:00:00+09:00,193.69135205078123,198.45425415039062,190.83361079101562,198.45425415039062,223600,0.0,0.0
2010-12-22 00:00:00+09:00,199.7243530988693,222.26875543594358,198.6130093216896,203.21714782714844,621200,0.0,0.0
2010-12-24 00:00:00+09:00,204.80479899782807,214.01307678222656,201.62953079631137,214.01307678222656,396000,0.0,0.0
2010-12-27 00:00:00+09:00,209.56769332145026,213.5367784222353,209.56769332145026,212.58419799804688,140400,0.0,0.0
2010-12-28 00:00:00+09:00,211.15530729658934,211.15530729658934,206.39240562824523,207.34498596191406,156800,0.0,0.0
2010-12-29 00:00:00+09:00,206.3924627788996,206.3924627788996,202.42337695622848,206.07493591308594,132800,0.0,0.0
2010-12-30 00:00:00+09:00,208.93255832556522,211.1552451162627,204.4871847441702,209.56761169433594,118000,0.0,0.0
2011-01-04 00:00:00+09:00,211.15535215767326,214.01309376582225,209.56771793092386,210.67906188964844,78400,0.0,0.0
2011-01-05 00:00:00+09:00,207.82127881933144,210.679019857336,204.32848421732587,205.75735473632812,122800,0.0,0.0
2011-01-06 00:00:00+09:00,208.61510531701774,209.56768570659315,203.21714977609034,203.85220336914062,118000,0.0,0.0
2011-01-07 00:00:00+09:00,203.85222906068313,206.3924437530281,203.21717538759688,204.8048095703125,64400,0.0,0.0
2011-01-11 00:00:00+09:00,206.07487196541558,209.40890302186682,204.16971136172916,208.7738494873047,127600,0.0,0.0
2011-01-12 00:00:00+09:00,207.97997392091713,211.15524069833572,207.1861572265625,207.1861572265625,165600,0.0,0.0
2011-01-13 00:00:00+09:00,208.13882648780609,218.9347381591797,206.55119241848644,218.9347381591797,223200,0.0,0.0
2011-01-14 00:00:00+09:00,208.1387974554534,237.03373348664527,206.55116360758572,234.65228271484375,311600,0.0,0.0
2011-01-17 00:00:00+09:00,237.82752543574728,237.82752543574728,220.68108167936498,225.92027282714844,209600,0.0,0.0
2011-01-18 00:00:00+09:00,227.98422440422902,229.73062166637843,225.12648342980276,228.61927795410156,96400,0.0,0.0
2011-01-19 00:00:00+09:00,228.61928459666206,230.0481551253912,225.1264899708797,228.3017578125,136000,0.0,0.0
2011-01-20 00:00:00+09:00,227.03167864384542,229.25436640679217,225.1265177041768,228.778076171875,161600,0.0,0.0
2011-01-21 00:00:00+09:00,228.61934098143828,228.61934098143828,211.1553635453562,221.31622314453125,235600,0.0,0.0
2011-01-24 00:00:00+09:00,214.96560317742305,223.69758853544243,214.96560317742305,222.10995483398438,149600,0.0,0.0
2011-01-25 00:00:00+09:00,214.96565348742016,223.85640429635333,214.96565348742016,222.90382385253906,97200,0.0,0.0
2011-01-26 00:00:00+09:00,222.26870531998065,222.26870531998065,215.9181708822669,220.52230834960938,58000,0.0,0.0
2011-01-27 00:00:00+09:00,218.61716173680998,219.8872687040536,216.55323791503906,216.55323791503906,88400,0.0,0.0
2011-01-28 00:00:00+09:00,217.50587501662608,222.26877738925293,212.90173605642013,221.47496032714844,117200,0.0,0.0
2011-01-31 00:00:00+09:00,216.71202087402344,219.88728857913733,215.91820394774498,216.71202087402344,63200,0.0,0.0
2011-02-01 00:00:00+09:00,215.60065768960635,219.8872687040536,215.60065768960635,216.55323791503906,42000,0.0,0.0
2011-02-02 00:00:00+09:00,219.09350347622356,220.0460839261202,217.0295791681142,219.56979370117188,50400,0.0,0.0
2011-02-03 00:00:00+09:00,217.5057961171505,221.3161166330714,217.0295060526604,217.98208618164062,30800,0.0,0.0
2011-02-04 00:00:00+09:00,217.9820731169986,219.88723326077425,216.87072969979613,217.5057830810547,45200,0.0,0.0
2011-02-07 00:00:00+09:00,219.4109793588625,225.4439874743739,217.82334564425423,223.85635375976562,146800,0.0,0.0
2011-02-08 00:00:00+09:00,225.12650766891872,227.03166852366274,221.63371276855466,221.6337127685547,156400,0.0,0.0
2011-02-09 00:00:00+09:00,224.65017061706976,224.96769735999143,222.10995667369656,223.85635375976562,62400,0.0,0.0
2011-02-10 00:00:00+09:00,223.6975883277687,223.8563516977671,220.52232092780037,223.22129821777344,49200,0.0,0.0
2011-02-14 00:00:00+09:00,223.5388846886201,223.5388846886201,220.68114326504397,221.47496032714844,69600,0.0,0.0
2011-02-15 00:00:00+09:00,223.5388641357422,224.49144452268428,221.63370336185804,223.5388641357422,66000,0.0,0.0
2011-02-16 00:00:00+09:00,237.8467196764265,238.18337462288994,234.81682515825545,235.65846252441406,44800,20.0,0.0
2011-02-17 00:00:00+09:00,235.65842008938756,235.65842008938756,229.76695958715285,230.6085968017578,92400,0.0,0.0
2011-02-18 00:00:00+09:00,230.94527448101863,231.45025685962145,230.10363718334727,230.77694702148438,31200,0.0,0.0
2011-02-21 00:00:00+09:00,230.77690454338946,230.77690454338946,224.04380740135036,225.05377197265625,120800,0.0,0.0
2011-02-22 00:00:00+09:00,222.19220862647643,225.2221023804738,219.83562459558954,220.0039520263672,152000,0.0,0.0
2011-02-23 00:00:00+09:00,215.4591796875,218.8257293701172,213.77590484619142,218.8257293701172,125600,0.0,0.0
2011-02-24 00:00:00+09:00,213.775877076146,218.6573734818218,212.26092991576388,216.13246154785156,85600,0.0,0.0
2011-02-25 00:00:00+09:00,213.60753619577002,213.77586364746094,207.5477479348971,213.77586364746094,168800,0.0,0.0
2011-02-28 00:00:00+09:00,212.09258190176104,213.60752891534506,207.8843957529166,213.2708740234375,72800,0.0,0.0
2011-03-01 00:00:00+09:00,213.60756056276085,225.05382858346042,213.60756056276085,221.1822967529297,144800,0.0,0.0
2011-03-02 00:00:00+09:00,218.82572845879594,221.0139857433839,217.1424536244975,219.835693359375,68400,0.0,0.0
2011-03-03 00:00:00+09:00,218.82571553075036,219.49902542469113,216.97411332241325,217.14244079589844,30000,0.0,0.0
2011-03-04 00:00:00+09:00,217.98407425829782,222.192261020041,217.8157467878281,221.85560607910156,44800,0.0,0.0
2011-03-07 00:00:00+09:00,218.99404561744547,221.3506302743588,213.43923892614978,214.112548828125,110400,0.0,0.0
2011-03-08 00:00:00+09:00,214.11248856556568,216.30074513109426,212.42921428438984,212.765869140625,50800,0.0,0.0
2011-03-09 00:00:00+09:00,212.42922179934536,215.12246074450346,211.0826023267663,212.9342041015625,76400,0.0,0.0
2011-03-10 00:00:00+09:00,212.26099091292548,215.4592136150235,212.26099091292548,215.12255859375,68800,0.0,0.0
2011-03-11 00:00:00+09:00,213.7758412719244,213.7758412719244,207.71605364531868,212.9342041015625,104400,0.0,0.0
2011-03-14 00:00:00+09:00,164.28759119042522,191.55663808883597,164.28759119042522,184.3185577392578,282800,0.0,0.0
2011-03-15 00:00:00+09:00,178.59541535868075,180.11036233156307,140.55341359519173,163.61427307128906,239600,0.0,0.0
2011-03-16 00:00:00+09:00,178.59542906548177,180.1103761546329,140.5534243823537,167.31748962402344,174000,0.0,0.0
2011-03-17 00:00:00+09:00,159.7427583058675,186.84347915649414,158.39613863627116,181.7936553955078,94800,0.0,0.0
2011-03-18 00:00:00+09:00,181.79365314421108,208.7260462026127,180.11037857806096,205.3594970703125,187200,0.0,0.0
2011-03-22 00:00:00+09:00,210.40931824714906,214.61750461209203,205.35949460921748,208.72604370117188,98800,0.0,0.0
2011-03-23 00:00:00+09:00,210.24097654761337,210.24097654761337,196.94310853539443,207.04275512695312,59600,0.0,0.0
2011-03-24 00:00:00+09:00,207.0427771084908,208.72605171912895,201.82462581551258,208.2210693359375,32000,0.0,0.0
2011-03-25 00:00:00+09:00,210.409300667899,212.0925750732422,207.8843890598842,212.0925750732422,48000,0.0,0.0
2011-03-28 00:00:00+09:00,209.2310087995423,212.09257529157145,209.2310087995423,211.75592041015625,42400,0.0,0.0
2011-03-29 00:00:00+09:00,210.40930088449548,212.09257529157145,207.04275207034357,211.75592041015625,94400,0.0,0.0
2011-03-30 00:00:00+09:00,211.75588124873224,213.9441375732422,208.72598787633385,213.9441375732422,62800,0.0,0.0
2011-03-31 00:00:00+09:00,215.4591663431677,217.81575097504611,212.09261686905572,216.8057861328125,70000,0.0,0.0
2011-04-01 00:00:00+09:00,216.6373761264852,217.14235835521825,213.27082793493142,213.9441375732422,43200,0.0,0.0
2011-04-04 00:00:00+09:00,216.8057350852273,216.8057350852273,211.2509297608387,212.9342041015625,65600,0.0,0.0
2011-04-05 00:00:00+09:00,212.93422638900637,213.77586364746094,202.32959693247878,213.77586364746094,61600,0.0,0.0
2011-04-06 00:00:00+09:00,212.93420985707064,213.94417448880378,187.68509406374213,191.89328002929688,146000,0.0,0.0
2011-04-07 00:00:00+09:00,188.1901173265013,198.96307574232966,185.3285502472969,196.6064910888672,203600,0.0,0.0
2011-04-08 00:00:00+09:00,201.65630064566082,205.3595048311404,198.62640631208663,205.19117736816406,40800,0.0,0.0
2011-04-11 00:00:00+09:00,201.99295557161352,205.52783229411676,198.62640631208663,205.19117736816406,38000,0.0,0.0
2011-04-12 00:00:00+09:00,205.19115034712394,206.20111499198262,196.43812342501528,199.80467224121094,24800,0.0,0.0
2011-04-13 00:00:00+09:00,194.92322751145866,201.48799942246632,194.92322751145866,200.98301696777344,23600,0.0,0.0
2011-04-14 00:00:00+09:00,198.79473101104375,201.99295276312657,198.6264035504078,198.9630584716797,34800,0.0,0.0
2011-04-15 00:00:00+09:00,198.96305719157996,200.6463317871094,197.9530924342623,200.64633178710938,3600,0.0,0.0
2011-04-18 00:00:00+09:00,200.64631745621966,201.82460958893236,198.9630429809158,199.29969787597656,26000,0.0,0.0
2011-04-19 00:00:00+09:00,198.96305977362414,199.13138723536156,196.94313023277516,197.27978515625,9600,0.0,0.0
2011-04-20 00:00:00+09:00,196.94313180857694,197.11145927166118,195.25985717773438,195.25985717773438,54800,0.0,0.0
2011-04-21 00:00:00+09:00,195.25985717773438,199.80469868100923,193.7449100099761,195.25985717773438,91600,0.0,0.0
2011-04-22 00:00:00+09:00,195.5964864352584,199.468017578125,194.58652178929324,199.468017578125,16800,0.0,0.0
2011-04-25 00:00:00+09:00,200.14134864616076,201.65629577636722,199.80469372833713,201.6562957763672,14800,0.0,0.0
2011-04-26 00:00:00+09:00,203.5078965496543,203.5078965496543,200.47800230822025,203.33956909179688,3200,0.0,0.0
2011-04-27 00:00:00+09:00,203.6762162453878,203.6762162453878,201.48795937663567,203.5078887939453,23200,0.0,0.0
2011-04-28 00:00:00+09:00,201.99293404571281,204.51784572128423,201.99293404571281,203.67620849609375,18800,0.0,0.0
2011-05-02 00:00:00+09:00,199.46803957023877,204.5178633568271,199.46803957023877,200.64633178710938,38000,0.0,0.0
2011-05-06 00:00:00+09:00,200.64631213305432,200.64631213305432,195.4281613980504,195.7648162841797,29200,0.0,0.0
2011-05-09 00:00:00+09:00,198.45804647936325,198.45804647936325,195.93313494654691,197.6164093017578,8400,0.0,0.0
2011-05-10 00:00:00+09:00,196.2698211669922,198.458078178288,195.7648387797701,196.2698211669922,37200,0.0,0.0
2011-05-11 00:00:00+09:00,196.26981935662738,199.97302349543168,196.26981935662738,198.62640380859375,16000,0.0,0.0
2011-05-12 00:00:00+09:00,198.62638125099565,199.2996910179482,197.11143427535248,198.12139892578125,12000,0.0,0.0
2011-05-13 00:00:00+09:00,198.79473126944848,200.1413509562864,197.6164390434653,198.62640380859375,32000,0.0,0.0
2011-05-16 00:00:00+09:00,198.62641103168914,199.29972089959318,196.94313636192908,199.1313934326172,38400,0.0,0.0
2011-05-17 00:00:00+09:00,199.1313626961366,199.468017578125,197.4480882861946,199.468017578125,34000,0.0,0.0
2011-05-18 00:00:00+09:00,200.30965959533188,204.51784572128423,200.30965959533188,203.67620849609375,45200,0.0,0.0
2011-05-19 00:00:00+09:00,203.67623204907937,207.0427813391468,202.83459472656253,202.8345947265625,6400,0.0,0.0
2011-05-20 00:00:00+09:00,197.7847736968091,201.9929603712093,197.7847736968091,199.1313934326172,28800,0.0,0.0
2011-05-23 00:00:00+09:00,199.1313624779718,201.99292897173808,199.1313624779718,199.80467224121094,10400,0.0,0.0
2011-05-24 00:00:00+09:00,200.14134940845057,201.99295146353293,199.29971211068585,200.64633178710938,12400,0.0,0.0
2011-05-25 00:00:00+09:00,199.9729996820207,200.9829643268794,196.10146854339573,199.80467224121094,14400,0.0,0.0
2011-05-26 00:00:00+09:00,197.11145438574792,201.65629577636722,197.11145438574792,201.6562957763672,17600,0.0,0.0
2011-05-27 00:00:00+09:00,201.65632598876954,201.99298095703125,201.65632598876954,201.99298095703125,2400,0.0,0.0
2011-05-30 00:00:00+09:00,201.9929429309581,201.9929429309581,196.2698095479143,201.82461547851562,10800,0.0,0.0
2011-05-31 00:00:00+09:00,204.51788580322264,210.4093475341797,201.9929736328125,210.4093475341797,60400,0.0,0.0
2011-06-01 00:00:00+09:00,210.409300667899,212.0925750732422,210.409300667899,212.0925750732422,4800,0.0,0.0
2011-06-02 00:00:00+09:00,207.7160895793479,207.7160895793479,204.85452270507812,204.85452270507812,5600,0.0,0.0
2011-06-03 00:00:00+09:00,209.73599651746514,209.73599651746514,198.62638514495094,203.67620849609375,16000,0.0,0.0
2011-06-06 00:00:00+09:00,203.67622763423594,203.67622763423594,197.44811158261055,198.62640380859375,8800,0.0,0.0
2011-06-07 00:00:00+09:00,197.95310224817152,197.95310224817152,196.26982756919048,197.78477478027344,31200,0.0,0.0
2011-06-08 00:00:00+09:00,197.78475247896634,197.78475247896634,194.08154860276443,196.943115234375,17600,0.0,0.0
2011-06-09 00:00:00+09:00,197.7847691239982,197.7847691239982,194.08156493614462,195.25985717773438,11200,0.0,0.0
2011-06-10 00:00:00+09:00,195.25987128688865,200.3096955443082,193.57659653441547,196.6064910888672,30000,0.0,0.0
2011-06-13 00:00:00+09:00,196.60646033653845,196.943115234375,194.41820350060095,196.943115234375,32800,0.0,0.0
2011-06-14 00:00:00+09:00,198.96304760499865,203.5078887939453,198.96304760499865,203.5078887939453,8000,0.0,0.0
2011-06-15 00:00:00+09:00,205.3595048311404,205.3595048311404,201.82462810863717,205.19117736816406,3200,0.0,0.0
2011-06-16 00:00:00+09:00,200.14131917232223,200.64630147469143,199.46800943583,200.3096466064453,6800,0.0,0.0
2011-06-17 00:00:00+09:00,206.2011353646961,206.2011353646961,199.4680370670734,204.01287841796875,23600,0.0,0.0
2011-06-20 00:00:00+09:00,199.8046643040761,201.6562660794298,199.8046643040761,200.3096466064453,11200,0.0,0.0
2011-06-21 00:00:00+09:00,201.99293472442122,206.87443064692806,201.99293472442122,202.66624450683594,13200,0.0,0.0
2011-06-22 00:00:00+09:00,203.67622788721454,208.2210693359375,202.83459058189547,208.2210693359375,15200,0.0,0.0
2011-06-23 00:00:00+09:00,206.53775999913762,206.53775999913762,202.3295741800843,203.0028839111328,15200,0.0,0.0
2011-06-24 00:00:00+09:00,202.16128486854902,202.83459472656253,201.99295740404565,202.8345947265625,17600,0.0,0.0
2011-06-27 00:00:00+09:00,201.99298095703125,201.99298095703125,200.30970611572266,201.99298095703125,8800,0.0,0.0
2011-06-28 00:00:00+09:00,206.70608620729743,206.70608620729743,202.83455527670475,205.02281188964844,6000,0.0,0.0
2011-06-29 00:00:00+09:00,205.02284290998733,205.02284290998733,202.32960359425678,204.3495330810547,5600,0.0,0.0
2011-06-30 00:00:00+09:00,203.00291267770237,205.3594970703125,202.49793030785733,205.3594970703125,13200,0.0,0.0
2011-07-01 00:00:00+09:00,205.3595066941131,205.3595066941131,198.7947355784816,202.8345947265625,17600,0.0,0.0
2011-07-04 00:00:00+09:00,203.00291367332534,204.51786079029043,201.99294892868193,204.01287841796875,18800,0.0,0.0
2011-07-05 00:00:00+09:00,204.01290087287808,204.51788330078125,203.84457339691036,204.51788330078125,8400,0.0,0.0
2011-07-06 00:00:00+09:00,205.3594970703125,205.3594970703125,205.1911696136975,205.3594970703125,4000,0.0,0.0
2011-07-07 00:00:00+09:00,204.51786544738027,207.88441467285156,204.51786544738027,207.88441467285156,27600,0.0,0.0
2011-07-08 00:00:00+09:00,209.23101532054682,213.77585636129882,205.3594840636099,213.2708740234375,26000,0.0,0.0
2011-07-11 00:00:00+09:00,213.2708832346842,213.2708832346842,210.40931652987786,211.08262634277344,11200,0.0,0.0
2011-07-12 00:00:00+09:00,208.72607275390624,210.4093475341797,207.8844353637695,210.4093475341797,17200,0.0,0.0
2011-07-13 00:00:00+09:00,212.9342358957724,212.9342358957724,210.24099654847407,211.25096130371094,16000,0.0,0.0
2011-07-14 00:00:00+09:00,210.40930996936967,210.40930996936967,208.7260354896147,209.5676727294922,3600,0.0,0.0
2011-07-15 00:00:00+09:00,207.8844353637695,210.4093475341797,205.35952319335937,210.4093475341797,5200,0.0,0.0
2011-07-19 00:00:00+09:00,207.04279797363282,210.4093475341797,207.04279797363282,210.4093475341797,17600,0.0,0.0
2011-07-20 00:00:00+09:00,210.40932400768023,211.25096130371094,208.89437687482493,211.25096130371094,4800,0.0,0.0
2011-07-21 00:00:00+09:00,211.75595786244926,212.76592268532264,211.75595786244926,212.59759521484375,8800,0.0,0.0
2011-07-22 00:00:00+09:00,211.75594368132937,212.59758097736008,211.25096130371094,211.25096130371094,9200,0.0,0.0
2011-07-25 00:00:00+09:00,206.20117837732488,212.09264061667702,206.20117837732488,207.3794708251953,7600,0.0,0.0
2011-07-26 00:00:00+09:00,207.04275512695312,207.04275512695312,207.04275512695312,207.04275512695312,4000,0.0,0.0
2011-07-27 00:00:00+09:00,206.20111658953238,211.2509398529495,206.20111658953238,209.06268310546875,4400,0.0,0.0
2011-07-28 00:00:00+09:00,207.0427691551947,211.25095552013767,207.0427691551947,208.72604370117188,10800,0.0,0.0
2011-07-29 00:00:00+09:00,210.24098907665393,211.08262634277344,208.72604199763882,211.08262634277344,29600,0.0,0.0
2011-08-01 00:00:00+09:00,210.40930744222325,215.12247592892905,210.40930744222325,213.2708740234375,34000,0.0,0.0
2011-08-02 00:00:00+09:00,213.27085896970726,213.27085896970726,212.9342041015625,212.9342041015625,800,0.0,0.0
2011-08-03 00:00:00+09:00,212.93427874288653,213.43926122211866,206.70616149902344,206.70616149902344,47600,0.0,0.0
2011-08-04 00:00:00+09:00,206.70609718892837,211.75592041015625,206.70609718892837,211.75592041015625,2000,0.0,0.0
2011-08-05 00:00:00+09:00,207.71608773176504,207.71608773176504,202.66626388091174,207.2111053466797,23600,0.0,0.0
2011-08-08 00:00:00+09:00,203.5078678547835,203.67619528890657,200.3096466064453,200.3096466064453,30400,0.0,0.0
2011-08-09 00:00:00+09:00,189.87340209960936,201.99298095703125,186.8435073852539,201.99298095703125,32400,0.0,0.0
2011-08-10 00:00:00+09:00,203.67625579833984,208.22109786987306,201.99298095703125,201.99298095703125,3200,0.0,0.0
2011-08-11 00:00:00+09:00,201.99295146353293,201.99295146353293,200.6463317871094,200.64633178710938,5200,0.0,0.0
2011-08-12 00:00:00+09:00,209.39935159483377,209.39935159483377,200.8146514892578,200.8146514892578,2400,0.0,0.0
2011-08-15 00:00:00+09:00,201.99295873921287,203.67623339537298,201.1513214111328,201.1513214111328,3200,0.0,0.0
2011-08-16 00:00:00+09:00,196.10147706114375,201.99293774538413,196.10147706114375,198.28973388671875,7600,0.0,0.0
2011-08-17 00:00:00+09:00,203.86556969586934,203.86556969586934,199.8579559326172,199.8579559326172,3600,10.0,0.0
2011-08-18 00:00:00+09:00,205.0852369709588,206.65343334541814,200.9033799724006,202.9943084716797,10000,0.0,0.0
2011-08-19 00:00:00+09:00,200.20642326618065,202.2973519686995,198.6382267392915,202.12310791015625,13600,0.0,0.0
2011-08-22 00:00:00+09:00,197.2442917304622,208.04742431640625,197.07004765649538,208.04742431640625,8800,0.0,0.0
2011-08-23 00:00:00+09:00,205.6079864501953,207.52467106964627,198.98671231027376,205.6079864501953,17600,0.0,0.0
2011-08-24 00:00:00+09:00,204.03981535447033,204.73679166652659,202.2973745743297,202.47161865234375,5600,0.0,0.0
2011-08-25 00:00:00+09:00,197.76702251699237,202.47161247995166,197.76702251699237,200.7291717529297,6800,0.0,0.0
2011-08-26 00:00:00+09:00,200.7291650390625,209.09288024902344,200.7291650390625,209.09288024902344,20800,0.0,0.0
2011-08-29 00:00:00+09:00,207.3504180908203,210.486810969505,205.25948950503053,207.3504180908203,3600,0.0,0.0
2011-08-30 00:00:00+09:00,208.04740564912868,217.63082885742188,207.8731615907961,217.63082885742188,10400,0.0,0.0
2011-08-31 00:00:00+09:00,218.50208658567615,222.68394470214844,217.8051102329308,222.68394470214844,20400,0.0,0.0
2011-09-01 00:00:00+09:00,218.1535273504334,222.85811619904499,216.4110870361328,216.4110870361328,14000,0.0,0.0
2011-09-02 00:00:00+09:00,220.41875546843974,221.11573177031622,210.835331317638,219.373291015625,12400,0.0,0.0
2011-09-05 00:00:00+09:00,220.24448920247656,221.11570949204332,214.66867934924932,218.3278045654297,9200,0.0,0.0
2011-09-06 00:00:00+09:00,218.32784018176778,220.7672573905026,212.5777853326071,212.7520294189453,14000,0.0,0.0
2011-09-07 00:00:00+09:00,216.75960856575887,217.63082885742188,216.75960856575887,217.63082885742188,11200,0.0,0.0
2011-09-08 00:00:00+09:00,220.5929491308671,220.5929491308671,219.54748491697674,220.2444610595703,15200,0.0,0.0
2011-09-09 00:00:00+09:00,220.41875148954844,220.41875148954844,218.15357854933964,219.5475311279297,11200,0.0,0.0
2011-09-12 00:00:00+09:00,220.24450117187502,220.24450117187502,215.19142321777343,217.80508422851562,30000,0.0,0.0
2011-09-13 00:00:00+09:00,217.10802415841687,219.19895215994254,217.10802415841687,218.1534881591797,20400,0.0,0.0
2011-09-14 00:00:00+09:00,218.3278423902048,220.76725962361493,217.10813377349976,218.67633056640625,12400,0.0,0.0
2011-09-15 00:00:00+09:00,219.54753509109412,219.54753509109412,218.67631471374852,219.373291015625,15600,0.0,0.0
2011-09-16 00:00:00+09:00,219.373291015625,219.373291015625,219.373291015625,219.373291015625,400,0.0,0.0
2011-09-20 00:00:00+09:00,219.37327451398295,219.37327451398295,216.06263732910156,216.06263732910156,7600,0.0,0.0
2011-09-21 00:00:00+09:00,215.5398957466965,218.50204467773438,215.5398957466965,218.50204467773438,10400,0.0,0.0
2011-09-22 00:00:00+09:00,213.6232369197355,217.97933881450987,209.96411132812503,209.964111328125,11200,0.0,0.0
2011-09-26 00:00:00+09:00,191.6684678021599,195.15334903492646,191.6684678021599,192.53968811035156,37200,0.0,0.0
2011-09-27 00:00:00+09:00,195.15334326044385,200.2064208984375,195.15334326044385,200.2064208984375,22400,0.0,0.0
2011-09-28 00:00:00+09:00,195.15339886209242,206.82775397259257,195.15339886209242,200.38072204589844,4000,0.0,0.0
2011-09-29 00:00:00+09:00,200.38068180420538,207.52468872070312,195.15335967018262,207.52468872070312,20400,0.0,0.0
2011-09-30 00:00:00+09:00,206.65346331278482,209.09288024902344,202.12311757405598,209.09288024902344,30000,0.0,0.0
2011-10-03 00:00:00+09:00,209.09286757646979,209.09286757646979,205.6079864501953,205.6079864501953,800,0.0,0.0
2011-10-04 00:00:00+09:00,204.21406937974672,204.21406937974672,199.33523495770498,200.03221130371094,6400,0.0,0.0
2011-10-05 00:00:00+09:00,199.68370848435623,202.9943458850567,198.11551182086652,199.33522033691406,10000,0.0,0.0
2011-10-06 00:00:00+09:00,201.77463164201768,201.77463164201768,201.4261435044667,201.6003875732422,2400,0.0,0.0
2011-10-07 00:00:00+09:00,201.77462768554688,201.77462768554688,196.5473057247814,201.77462768554688,4000,0.0,0.0
2011-10-11 00:00:00+09:00,201.77459027773207,206.82766723632812,201.77459027773207,206.82766723632812,1200,0.0,0.0
2011-10-12 00:00:00+09:00,197.07008473660935,199.68374633789062,197.07008473660935,199.68374633789062,2800,0.0,0.0
2011-10-13 00:00:00+09:00,199.50948696008464,207.69895935058594,199.50948696008464,207.69895935058594,5200,0.0,0.0
2011-10-14 00:00:00+09:00,200.03218311642243,205.2595049748655,200.03218311642243,201.94886779785156,4400,0.0,0.0
2011-10-17 00:00:00+09:00,202.1231304963156,206.6534765246813,201.42615418425936,202.47161865234375,3200,0.0,0.0
2011-10-18 00:00:00+09:00,205.25952942517338,205.25952942517338,204.91104125976562,204.91104125976562,800,0.0,0.0
2011-10-19 00:00:00+09:00,202.29734802246097,202.29734802246097,202.29734802246097,202.29734802246094,800,0.0,0.0
2011-10-20 00:00:00+09:00,202.47161865234375,202.47161865234375,202.47161865234375,202.47161865234375,1200,0.0,0.0
2011-10-21 00:00:00+09:00,203.51703968357043,204.3882598876953,203.51703968357043,204.3882598876953,800,0.0,0.0
2011-10-24 00:00:00+09:00,205.60800566928077,206.3049819596851,205.4337615966797,205.4337615966797,8400,0.0,0.0
2011-10-25 00:00:00+09:00,205.43374239388157,205.6079864501953,205.43374239388157,205.6079864501953,1200,0.0,0.0
2011-10-26 00:00:00+09:00,200.72915596615485,205.2595015001132,200.72915596615485,201.42613220214844,7200,0.0,0.0
2011-10-27 00:00:00+09:00,201.25186582154868,206.47918701171875,200.903377742204,206.47918701171875,15600,0.0,0.0
2011-10-28 00:00:00+09:00,207.69889394302814,208.744358174285,207.35040586594252,208.5701141357422,12800,0.0,0.0
2011-10-31 00:00:00+09:00,208.0474621061497,208.39595031738278,207.35048568368356,208.3959503173828,14400,0.0,0.0
2011-11-01 00:00:00+09:00,208.39595031738278,208.39595031738278,208.39595031738278,208.3959503173828,14400,0.0,0.0
2011-11-02 00:00:00+09:00,208.39594726562498,208.39594726562498,203.8656005859375,203.8656005859375,1200,0.0,0.0
2011-11-04 00:00:00+09:00,203.86556947048518,205.4337661587197,203.86556947048518,204.5625457763672,10400,0.0,0.0
2011-11-07 00:00:00+09:00,204.5625142776825,206.47919882372554,204.5625142776825,205.9564666748047,3200,0.0,0.0
2011-11-08 00:00:00+09:00,205.95652982271633,205.95652982271633,203.8656005859375,203.8656005859375,2800,0.0,0.0
2011-11-09 00:00:00+09:00,205.2595062255859,205.2595062255859,205.2595062255859,205.25950622558594,800,0.0,0.0
2011-11-10 00:00:00+09:00,202.12311471510506,203.1685791015625,201.2518943930572,203.1685791015625,2800,0.0,0.0
2011-11-11 00:00:00+09:00,200.38069947671391,202.12314034172883,200.03221130371094,200.03221130371094,3600,0.0,0.0
2011-11-14 00:00:00+09:00,200.5549275638493,205.4337615966797,200.5549275638493,205.4337615966797,1600,0.0,0.0
2011-11-15 00:00:00+09:00,204.5625769981971,204.5625769981971,203.8656005859375,203.8656005859375,1600,0.0,0.0
2011-11-16 00:00:00+09:00,203.8656005859375,203.8656005859375,203.8656005859375,203.8656005859375,1600,0.0,0.0
2011-11-17 00:00:00+09:00,203.86554902812603,203.86554902812603,201.42613220214847,201.42613220214844,1600,0.0,0.0
2011-11-18 00:00:00+09:00,201.77462032014526,203.34281685113083,200.38066784815805,201.42613220214844,4000,0.0,0.0
2011-11-21 00:00:00+09:00,200.38068477924054,200.38068477924054,199.33522033691406,199.33522033691406,3200,0.0,0.0
2011-11-22 00:00:00+09:00,197.76700172357275,198.46397794110075,197.76700172357275,198.28973388671875,2800,0.0,0.0
2011-11-24 00:00:00+09:00,196.0245864731925,198.46400354930333,194.45638978140695,195.1533660888672,4400,0.0,0.0
2011-11-25 00:00:00+09:00,195.15339886209242,200.38072204589847,195.15339886209242,200.38072204589844,2000,0.0,0.0
2011-11-28 00:00:00+09:00,200.3806836075253,200.7291717529297,199.33521917131213,200.7291717529297,2800,0.0,0.0
2011-11-29 00:00:00+09:00,200.729139354131,203.5170440673828,200.729139354131,203.5170440673828,8800,0.0,0.0
2011-11-30 00:00:00+09:00,203.517031936015,210.8352813720703,202.47156773086422,210.8352813720703,34400,0.0,0.0
2011-12-01 00:00:00+09:00,209.61557972582082,212.22924032090586,206.47918701171875,206.47918701171875,11600,0.0,0.0
2011-12-02 00:00:00+09:00,208.91865562026902,213.44900178050838,208.91865562026902,212.92626953125,55200,0.0,0.0
2011-12-05 00:00:00+09:00,215.36563991527962,215.5398839605185,212.40349114621833,213.62319946289062,8800,0.0,0.0
2011-12-06 00:00:00+09:00,212.57777404785156,214.3202148187356,212.57777404785156,212.57777404785156,2400,0.0,0.0
2011-12-07 00:00:00+09:00,214.3202017343306,214.49444580078128,214.3202017343306,214.49444580078125,6800,0.0,0.0
2011-12-08 00:00:00+09:00,214.32021302062196,215.19143339875455,214.32021302062196,214.668701171875,10000,0.0,0.0
2011-12-09 00:00:00+09:00,214.6687045325152,215.19143676757812,214.6687045325152,215.19143676757812,4000,0.0,0.0
2011-12-12 00:00:00+09:00,216.0626571593497,221.98695582339639,212.22928743555477,215.19143676757812,41600,0.0,0.0
2011-12-13 00:00:00+09:00,215.01720254134193,215.01720254134193,212.7520294189453,212.7520294189453,10800,0.0,0.0
2011-12-14 00:00:00+09:00,213.44895541765172,215.1913958700407,213.44895541765172,213.62319946289062,3200,0.0,0.0
2011-12-15 00:00:00+09:00,212.5777530195701,212.5777530195701,209.9640921217885,210.13833618164062,4400,0.0,0.0
2011-12-16 00:00:00+09:00,210.13835696861392,212.57777404785156,210.13835696861392,212.57777404785156,800,0.0,0.0
2011-12-19 00:00:00+09:00,213.7974299533308,213.7974299533308,210.8352813720703,210.8352813720703,16400,0.0,0.0
2011-12-20 00:00:00+09:00,210.8353069202151,212.40350341796875,210.8353069202151,212.40350341796875,400,0.0,0.0
2011-12-21 00:00:00+09:00,212.57773472235453,214.32017517089844,212.57773472235453,214.32017517089844,10000,0.0,0.0
2011-12-22 00:00:00+09:00,214.3201967054798,216.06263732910156,212.75200014422018,216.06263732910156,29600,0.0,0.0
2011-12-26 00:00:00+09:00,216.0626435546875,217.80508422851562,212.40351813964844,217.80508422851562,23200,0.0,0.0
2011-12-27 00:00:00+09:00,216.93387004307337,219.5475311279297,216.06264968145462,219.5475311279297,47600,0.0,0.0
2011-12-28 00:00:00+09:00,221.28998804875332,223.03242889953088,221.28998804875332,222.85818481445312,22400,0.0,0.0
2011-12-29 00:00:00+09:00,222.85815035104753,223.0323944091797,222.85815035104753,223.0323944091797,23200,0.0,0.0
2011-12-30 00:00:00+09:00,227.9112012557401,230.00212970762763,226.16876087916717,228.2596893310547,18000,0.0,0.0
2012-01-04 00:00:00+09:00,228.25975963885966,228.25975963885966,226.5173187255859,226.51731872558594,29200,0.0,0.0
2012-01-05 00:00:00+09:00,226.5173187255859,226.5173187255859,226.5173187255859,226.51731872558594,13600,0.0,0.0
2012-01-06 00:00:00+09:00,226.5173187255859,228.25975963885966,226.5173187255859,226.51731872558594,24400,0.0,0.0
2012-01-10 00:00:00+09:00,226.51724895448174,228.2596893310547,226.51724895448174,228.2596893310547,10800,0.0,0.0
2012-01-11 00:00:00+09:00,228.2596893310547,228.78242144402657,228.2596893310547,228.2596893310547,8800,0.0,0.0
2012-01-12 00:00:00+09:00,228.25966235797821,228.7823944091797,228.25966235797821,228.7823944091797,13200,0.0,0.0
2012-01-13 00:00:00+09:00,228.78242793227687,230.69911240086412,228.25969580448034,230.00213623046875,38400,0.0,0.0
2012-01-16 00:00:00+09:00,230.00220323146735,232.0931323517534,230.00220323146735,231.74464416503906,14000,0.0,0.0
2012-01-17 00:00:00+09:00,231.74463182337144,236.97195434570312,231.74463182337144,236.97195434570312,30400,0.0,0.0
2012-01-18 00:00:00+09:00,236.97195434570312,238.71439518648035,236.97195434570312,236.97195434570312,28400,0.0,0.0
2012-01-19 00:00:00+09:00,236.97190070467374,238.19160901712428,236.97190070467374,237.3203887939453,16400,0.0,0.0
2012-01-20 00:00:00+09:00,238.36588374687838,242.02500915527344,238.36588374687838,242.02500915527344,41600,0.0,0.0
2012-01-23 00:00:00+09:00,243.0704952191703,247.77508544921875,243.0704952191703,247.77508544921875,57600,0.0,0.0
2012-01-24 00:00:00+09:00,248.1235326201632,251.78265775009538,247.7750445125506,251.60841369628906,57600,0.0,0.0
2012-01-25 00:00:00+09:00,251.7827630159494,253.87369253580502,249.16910111612987,249.69183349609375,47200,0.0,0.0
2012-01-26 00:00:00+09:00,249.1690293144934,253.52513122558594,249.1690293144934,253.52513122558594,25200,0.0,0.0
2012-01-27 00:00:00+09:00,253.87353503417967,261.8887598876953,253.87353503417967,261.36602783203125,100800,0.0,0.0
2012-01-30 00:00:00+09:00,261.88886369404037,265.19950135883533,261.88886369404037,264.85101318359375,70800,0.0,0.0
2012-01-31 00:00:00+09:00,266.41919063691006,266.76767878686024,264.8509939621343,265.0252380371094,87600,0.0,0.0
2012-02-01 00:00:00+09:00,265.72223233926985,266.5934527731691,263.28281512435194,266.2449645996094,63200,0.0,0.0
2012-02-02 00:00:00+09:00,264.8510224803394,264.8510224803394,254.04788866864135,263.10858154296875,47200,0.0,0.0
2012-02-03 00:00:00+09:00,265.89641201331966,266.24490010245904,263.1085073002049,265.72216796875,49200,0.0,0.0
2012-02-06 00:00:00+09:00,265.72224028301116,266.7677048349443,264.3282875471003,265.896484375,58800,0.0,0.0
2012-02-07 00:00:00+09:00,266.59338819159836,266.59338819159836,265.54792392418034,265.72216796875,72400,0.0,0.0
2012-02-08 00:00:00+09:00,265.7222336216977,265.7222336216977,263.2828163950067,264.85101318359375,18800,0.0,0.0
2012-02-09 00:00:00+09:00,263.1085073002049,266.9418762807377,263.1085073002049,265.72216796875,82800,0.0,0.0
2012-02-10 00:00:00+09:00,265.7221973914378,267.98737022165994,265.7221973914378,267.11614990234375,39600,0.0,0.0
2012-02-13 00:00:00+09:00,266.5933837890625,266.5933837890625,266.5933837890625,266.5933837890625,33600,0.0,0.0
2012-02-14 00:00:00+09:00,267.46457999231245,275.30556116472553,267.46457999231245,275.1313171386719,111600,0.0,0.0
2012-02-15 00:00:00+09:00,278.2677638062643,284.8890380859375,271.99497764657394,284.8890380859375,90800,0.0,0.0
2012-02-16 00:00:00+09:00,297.7136249900804,302.2938346053124,294.9654992209412,302.1106262207031,62400,20.0,0.0
2012-02-17 00:00:00+09:00,299.9121748860677,302.29388427734375,294.9655476888021,302.29388427734375,62400,0.0,0.0
2012-02-20 00:00:00+09:00,301.9274597167969,302.11066812681923,296.7976242361717,301.9274597167969,43200,0.0,0.0
2012-02-21 00:00:00+09:00,298.26328606042983,298.26328606042983,293.1334506736411,296.6144104003906,28000,0.0,0.0
2012-02-22 00:00:00+09:00,293.3165857060207,300.4617117788095,293.3165857060207,300.27850341796875,26800,0.0,0.0
2012-02-23 00:00:00+09:00,300.4617458800523,300.4617458800523,297.1639950106371,299.7289123535156,10800,0.0,0.0
2012-02-24 00:00:00+09:00,300.4617021526546,300.4617021526546,296.79753505323197,296.9807434082031,6400,0.0,0.0
2012-02-27 00:00:00+09:00,293.316650390625,296.43119321176215,293.316650390625,293.316650390625,22800,0.0,0.0
2012-02-28 00:00:00+09:00,293.13346476313325,293.6830900095641,284.8890860666701,292.95025634765625,92000,0.0,0.0
2012-02-29 00:00:00+09:00,293.1334950502829,297.71370591044354,291.484619140625,291.484619140625,19200,0.0,0.0
2012-03-01 00:00:00+09:00,288.73644142003974,289.4692750277048,285.2554817836306,285.4386901855469,44400,0.0,0.0
2012-03-02 00:00:00+09:00,285.4386412599216,287.45393333556933,285.4386412599216,286.7210998535156,12800,0.0,0.0
2012-03-05 00:00:00+09:00,286.7211339659941,286.90434235830463,286.1715087890625,286.1715087890625,14000,0.0,0.0
2012-03-06 00:00:00+09:00,286.3546831124888,286.7210998535156,286.3546831124888,286.7210998535156,6400,0.0,0.0
2012-03-07 00:00:00+09:00,285.8051452636719,286.171562116574,285.8051452636719,285.8051452636719,18400,0.0,0.0
2012-03-08 00:00:00+09:00,285.8050713911465,290.9349060058594,285.8050713911465,290.9349060058594,5200,0.0,0.0
2012-03-09 00:00:00+09:00,291.11820227181215,296.614455304005,291.11820227181215,291.484619140625,15200,0.0,0.0
2012-03-12 00:00:00+09:00,301.0114172214415,301.5610424506955,299.54574994343085,300.4617919921875,39200,0.0,0.0
2012-03-13 00:00:00+09:00,298.99607609394485,300.2785347536615,293.6830330751186,293.8662414550781,17200,0.0,0.0
2012-03-14 00:00:00+09:00,290.56858091426074,300.46183650654956,290.3853724773665,292.4006652832031,34400,0.0,0.0
2012-03-15 00:00:00+09:00,291.8509641265869,293.499839630127,291.30133895874025,293.1334228515625,27600,0.0,0.0
2012-03-16 00:00:00+09:00,291.30133895874025,293.1334228515625,289.469255065918,293.1334228515625,28000,0.0,0.0
2012-03-19 00:00:00+09:00,290.56852437197455,294.96552600181525,290.56852437197455,293.316650390625,20000,0.0,0.0
2012-03-21 00:00:00+09:00,293.86626476974965,294.96551513671875,293.86626476974965,294.96551513671875,11200,0.0,0.0
2012-03-22 00:00:00+09:00,294.96546276704765,296.79754638671875,294.96546276704765,296.79754638671875,26800,0.0,0.0
2012-03-23 00:00:00+09:00,296.79753505323197,299.545660377799,295.6982849234052,296.9807434082031,14000,0.0,0.0
2012-03-26 00:00:00+09:00,298.6297298859433,299.3625635789149,297.1640625,297.1640625,10400,0.0,0.0
2012-03-27 00:00:00+09:00,299.3624721410084,302.11059765025885,297.7135968354582,298.629638671875,54800,0.0,0.0
2012-03-28 00:00:00+09:00,301.1946907205784,301.74431606860867,300.4618569232048,301.3778991699219,74400,0.0,0.0
2012-03-29 00:00:00+09:00,301.3778991699219,302.47714986598237,300.0954400245179,301.3778991699219,55600,0.0,0.0
2012-03-30 00:00:00+09:00,301.377842203776,302.29388427734375,300.64500854492184,302.29388427734375,28400,0.0,0.0
2012-04-02 00:00:00+09:00,303.0267525018882,307.7901718277946,303.0267525018882,303.2099609375,50000,0.0,0.0
2012-04-03 00:00:00+09:00,305.9580618525344,310.5382723593089,305.9580618525344,308.5229797363281,62400,0.0,0.0
2012-04-04 00:00:00+09:00,308.7061771724045,314.2024295849696,308.7061771724045,310.1718444824219,120800,0.0,0.0
2012-04-05 00:00:00+09:00,307.7900477302145,309.62213134765625,306.50758919800523,309.62213134765625,50800,0.0,0.0
2012-04-06 00:00:00+09:00,308.70613425508304,316.9505117277707,306.8740503722635,307.4236755371094,68800,0.0,0.0
2012-04-09 00:00:00+09:00,308.15649059080584,311.08782462734143,306.5076151952546,308.70611572265625,97200,0.0,0.0
2012-04-10 00:00:00+09:00,310.17184489506405,316.76734779891655,307.7901355131173,311.63751220703125,135600,0.0,0.0
2012-04-11 00:00:00+09:00,311.45432597458966,311.45432597458966,308.33978271484375,308.33978271484375,35600,0.0,0.0
2012-04-12 00:00:00+09:00,311.2710523141519,311.2710523141519,308.33971809577264,308.88934326171875,19600,0.0,0.0
2012-04-13 00:00:00+09:00,308.7061366923371,313.2863464355469,308.7061366923371,313.2863464355469,64800,0.0,0.0
2012-04-16 00:00:00+09:00,313.2863428546752,317.866552545533,313.2863428546752,313.8359680175781,93200,0.0,0.0
2012-04-17 00:00:00+09:00,316.9506077357701,323.7293201555525,316.2177739606585,320.6147766113281,111200,0.0,0.0
2012-04-18 00:00:00+09:00,322.9964323793551,335.0881876471018,322.9964323793551,333.256103515625,109200,0.0,0.0
2012-04-19 00:00:00+09:00,337.10341901320186,350.66083912568934,337.10341901320186,342.59967041015625,143600,0.0,0.0
2012-04-20 00:00:00+09:00,342.5996449977492,347.1798541554731,338.38585257264316,344.9813537597656,52400,0.0,0.0
2012-04-23 00:00:00+09:00,349.01199668966314,360.92054250847053,348.4623714980259,357.8059997558594,107600,0.0,0.0
2012-04-24 00:00:00+09:00,360.9205024186955,366.2335453477017,357.25633488144985,362.38616943359375,71200,0.0,0.0
2012-04-25 00:00:00+09:00,358.538862205557,362.3862388567153,347.3631490760021,351.943359375,95200,0.0,0.0
2012-04-26 00:00:00+09:00,348.0959612257937,351.76012923869683,340.76762519998755,344.4317932128906,54000,0.0,0.0
2012-04-27 00:00:00+09:00,344.43185551961267,352.1266097386678,344.43185551961267,351.76019287109375,34000,0.0,0.0
2012-05-01 00:00:00+09:00,355.4242453580117,355.4242453580117,344.79815967205053,350.66082763671875,36000,0.0,0.0
2012-05-02 00:00:00+09:00,350.66088994412036,350.66088994412036,342.7829284667969,342.7829284667969,10000,0.0,0.0
2012-05-07 00:00:00+09:00,340.76754235273955,340.76754235273955,330.87429112314385,331.9735412597656,38800,0.0,0.0
2012-05-08 00:00:00+09:00,331.9736046780733,343.1493165353374,331.9736046780733,337.8362731933594,44000,0.0,0.0
2012-05-09 00:00:00+09:00,337.8362547113469,342.5996726194245,331.79037813571,339.11871337890625,33200,0.0,0.0
2012-05-10 00:00:00+09:00,345.3478172121073,352.3097360736777,340.7676074347584,347.1799011230469,31600,0.0,0.0
2012-05-11 00:00:00+09:00,342.599757953879,347.1799686217116,341.6837158203125,341.6837158203125,76800,0.0,0.0
2012-05-14 00:00:00+09:00,343.14935606714727,343.14935606714727,321.5307634265048,327.3934326171875,97600,0.0,0.0
2012-05-15 00:00:00+09:00,322.08039306640626,322.08039306640626,313.10318074544267,316.0345153808594,84400,0.0,0.0
2012-05-16 00:00:00+09:00,315.1184089275779,322.44674401891695,304.1259062905694,308.70611572265625,62000,0.0,0.0
2012-05-17 00:00:00+09:00,306.69082031249997,342.2332451276882,304.3091114331317,340.767578125,74000,0.0,0.0
2012-05-18 00:00:00+09:00,318.9658642796595,329.7751612311242,318.9658642796595,327.57666015625,37200,0.0,0.0
2012-05-21 00:00:00+09:00,316.2176807236766,322.8131827549932,316.2176807236766,322.6299743652344,4800,0.0,0.0
2012-05-22 00:00:00+09:00,320.6147766113281,322.63006949288507,320.6147766113281,320.6147766113281,6400,0.0,0.0
2012-05-23 00:00:00+09:00,320.6147766113281,321.53081883021764,317.5002330671038,320.6147766113281,25600,0.0,0.0
2012-05-24 00:00:00+09:00,320.6147766113281,327.9431143624442,320.43156816755027,320.6147766113281,28400,0.0,0.0
2012-05-25 00:00:00+09:00,329.4087219238281,329.5919303342418,324.2788864322446,329.4087219238281,17600,0.0,0.0
2012-05-28 00:00:00+09:00,329.7751387446555,329.7751387446555,327.0270125884501,329.4087219238281,32000,0.0,0.0
2012-05-29 00:00:00+09:00,329.408660172617,329.408660172617,327.75978478799317,327.9429931640625,1600,0.0,0.0
2012-05-30 00:00:00+09:00,327.75986085146303,327.75986085146303,327.2102355957031,327.2102355957031,2800,0.0,0.0
2012-05-31 00:00:00+09:00,327.026984743887,327.026984743887,322.62998326833895,325.927734375,14000,0.0,0.0
2012-06-01 00:00:00+09:00,323.36290326799667,323.36290326799667,314.2024810791016,320.6147766113281,15200,0.0,0.0
2012-06-04 00:00:00+09:00,322.08028657034544,326.1108703613281,313.2862855718377,326.1108703613281,44800,0.0,0.0
2012-06-05 00:00:00+09:00,326.1108860306676,327.02692784536043,324.4620107642204,326.8437194824219,23200,0.0,0.0
2012-06-06 00:00:00+09:00,327.9430345281465,327.9430345281465,325.3781169396582,326.2941589355469,24800,0.0,0.0
2012-06-07 00:00:00+09:00,327.9429704802377,332.15676283836365,325.0116366658892,328.30938720703125,71600,0.0,0.0
2012-06-08 00:00:00+09:00,329.9583488922953,335.2713928222656,329.775140480917,335.2713928222656,68400,0.0,0.0
2012-06-11 00:00:00+09:00,338.7523786042866,349.9280925549959,338.7523786042866,348.09600830078125,76800,0.0,0.0
2012-06-12 00:00:00+09:00,346.8135335404994,348.0959924600892,344.43182411840405,345.8974914550781,18800,0.0,0.0
2012-06-13 00:00:00+09:00,346.2638380081258,346.2638380081258,339.11871119208513,342.59967041015625,26800,0.0,0.0
2012-06-14 00:00:00+09:00,345.7142169144902,351.3936767578125,343.698924712021,351.3936767578125,66000,0.0,0.0
2012-06-15 00:00:00+09:00,359.0884138008513,384.7375862151978,359.0884138008513,367.8824157714844,231600,0.0,0.0
2012-06-18 00:00:00+09:00,384.73764247193475,386.5697264837059,367.8824695636405,368.9817199707031,131600,0.0,0.0
2012-06-19 00:00:00+09:00,366.41681728078356,369.16494341038947,362.75264910797574,368.2489013671875,80000,0.0,0.0
2012-06-20 00:00:00+09:00,368.24891642820563,370.08100058954,365.867207018471,367.5160827636719,80400,0.0,0.0
2012-06-21 00:00:00+09:00,372.82911746980625,375.5772436428024,368.2489071814794,375.0276184082031,61200,0.0,0.0
2012-06-22 00:00:00+09:00,368.24883676906524,384.5543822777453,360.9205017089844,360.9205017089844,246000,0.0,0.0
2012-06-25 00:00:00+09:00,346.26389233034047,350.84410254635026,338.93555598472483,343.698974609375,350800,0.0,0.0
2012-06-26 00:00:00+09:00,339.3019269898417,355.4242647733763,339.3019269898417,350.84405517578125,113600,0.0,0.0
2012-06-27 00:00:00+09:00,352.49298227298436,359.08848505979694,350.4776897547916,356.8899841308594,50000,0.0,0.0
2012-06-28 00:00:00+09:00,357.4395619309295,357.4395619309295,353.04256065653567,353.22576904296875,58400,0.0,0.0
2012-06-29 00:00:00+09:00,358.90527881031306,364.21832275390625,354.50827692596005,364.21832275390625,34000,0.0,0.0
2012-07-02 00:00:00+09:00,371.72983205189513,381.80629373886126,368.2488725600341,372.6458740234375,60800,0.0,0.0
2012-07-03 00:00:00+09:00,368.9817500927394,375.3940446574096,367.33287434753845,367.5160827636719,37200,0.0,0.0
2012-07-04 00:00:00+09:00,368.24894241602055,368.24894241602055,363.11910640226506,363.6687316894531,28400,0.0,0.0
2012-07-05 00:00:00+09:00,368.0656920407218,368.0656920407218,362.9358566115828,365.31756591796875,28400,0.0,0.0
2012-07-06 00:00:00+09:00,365.31755090313146,365.31755090313146,354.14183846326637,355.2410888671875,32400,0.0,0.0
2012-07-09 00:00:00+09:00,361.836602887133,361.836602887133,350.84409849562513,355.0578918457031,32400,0.0,0.0
2012-07-10 00:00:00+09:00,353.5922245935021,355.0578918457031,351.02730690215026,355.0578918457031,17600,0.0,0.0
2012-07-11 00:00:00+09:00,348.27913380946205,348.4623421912661,339.66833986467265,342.050048828125,64000,0.0,0.0
2012-07-12 00:00:00+09:00,342.0501007144056,350.4776875557889,339.66839138966685,349.5616455078125,54400,0.0,0.0
2012-07-13 00:00:00+09:00,349.56159583473305,349.56159583473305,345.89742816350946,349.3783874511719,16800,0.0,0.0
2012-07-17 00:00:00+09:00,349.56159583473305,349.74480421829423,347.91272038268244,349.3783874511719,11200,0.0,0.0
2012-07-18 00:00:00+09:00,349.37840300539534,350.47765335570074,348.0959442633724,350.1112365722656,28400,0.0,0.0
2012-07-19 00:00:00+09:00,348.2792167262027,351.2105515329461,347.3631745990954,348.09600830078125,17600,0.0,0.0
2012-07-20 00:00:00+09:00,349.7447850326426,349.7447850326426,348.09590967104293,349.1951599121094,18000,0.0,0.0
2012-07-23 00:00:00+09:00,348.64554544065777,348.82875381976476,346.2638365122665,347.5462951660156,20000,0.0,0.0
2012-07-24 00:00:00+09:00,342.05009121726897,348.27917697055614,342.05009121726897,343.3325500488281,15200,0.0,0.0
2012-07-25 00:00:00+09:00,343.3325485641892,344.24859058277025,338.935546875,338.935546875,58400,0.0,0.0
2012-07-26 00:00:00+09:00,338.9355536899276,342.59972183792684,329.7751333199295,336.3706359863281,60800,0.0,0.0
2012-07-27 00:00:00+09:00,343.1493225097656,343.1493225097656,339.3019462296241,343.1493225097656,10800,0.0,0.0
2012-07-30 00:00:00+09:00,343.1493079831322,343.33251636966884,334.35530542937335,336.0041809082031,23600,0.0,0.0
2012-07-31 00:00:00+09:00,333.6225207599709,336.0042301338751,333.4393123465936,334.7217712402344,38800,0.0,0.0
2012-08-01 00:00:00+09:00,334.7217251541715,335.6377670949328,333.9888916015625,333.9888916015625,22000,0.0,0.0
2012-08-02 00:00:00+09:00,333.43927664350167,333.9889018247822,330.32473394957884,330.8743591308594,45600,0.0,0.0
2012-08-03 00:00:00+09:00,330.8743705094356,331.4239957096174,330.14153690919323,330.691162109375,6800,0.0,0.0
2012-08-06 00:00:00+09:00,330.32468468617583,330.32468468617583,324.27880859375,324.27880859375,41200,0.0,0.0
2012-08-07 00:00:00+09:00,324.27886707013784,327.75982666015625,320.61469908064475,327.75982666015625,35200,0.0,0.0
2012-08-08 00:00:00+09:00,327.57662134892144,336.5538330078125,327.21020454651773,336.5538330078125,20400,0.0,0.0
2012-08-09 00:00:00+09:00,338.3858517903646,346.2638115234375,338.3858517903646,343.51568603515625,19200,0.0,0.0
2012-08-10 00:00:00+09:00,340.7676309121622,345.53104940878376,338.2027132601351,338.935546875,8000,0.0,0.0
2012-08-13 00:00:00+09:00,338.93550144430117,339.6683349609375,337.6530427901876,339.6683349609375,1600,0.0,0.0
2012-08-14 00:00:00+09:00,339.3019373315364,341.8668547843666,339.3019373315364,339.8515625,11200,0.0,0.0
2012-08-15 00:00:00+09:00,340.76762519998755,345.53104361676156,340.76762519998755,344.4317932128906,15200,0.0,0.0
2012-08-16 00:00:00+09:00,356.29554447814496,367.0111999511719,356.29554447814496,367.0111999511719,20800,20.0,0.0
2012-08-17 00:00:00+09:00,371.2209717432658,371.9863758087158,359.7399107615153,367.3939514160156,39200,0.0,0.0
2012-08-20 00:00:00+09:00,365.48040771484375,368.54202369570106,363.5668977268079,365.48040771484375,27600,0.0,0.0
2012-08-21 00:00:00+09:00,363.56683349609375,367.0111508660567,359.73981419613483,363.56683349609375,44400,0.0,0.0
2012-08-22 00:00:00+09:00,358.01774264542513,361.6534118652344,355.9128815181672,361.6534118652344,18000,0.0,0.0
2012-08-23 00:00:00+09:00,357.8263152305443,359.73982493765953,355.9128055234291,356.1041564941406,29200,0.0,0.0
2012-08-24 00:00:00+09:00,354.9560682150808,363.56686232272426,354.9560682150808,362.610107421875,23200,0.0,0.0
2012-08-27 00:00:00+09:00,369.30746157964074,373.13448190689087,367.20260039965314,367.3939514160156,82800,0.0,0.0
2012-08-28 00:00:00+09:00,359.7398681640625,363.75823903185255,355.91284828997675,359.7398681640625,29600,0.0,0.0
2012-08-29 00:00:00+09:00,359.73987775073624,365.48040771484375,359.5485267519327,365.48040771484375,4000,0.0,0.0
2012-08-30 00:00:00+09:00,359.93122332887435,361.8447332880922,357.06095839004763,358.5917663574219,6800,0.0,0.0
2012-08-31 00:00:00+09:00,358.59172486436347,368.92467744850205,358.59172486436347,366.0544128417969,16400,0.0,0.0
2012-09-03 00:00:00+09:00,367.01121409659,367.01121409659,364.14094912711715,364.5236511230469,6000,0.0,0.0
2012-09-04 00:00:00+09:00,359.9312527611142,361.6534118652344,359.7399017495453,361.6534118652344,10400,0.0,0.0
2012-09-05 00:00:00+09:00,357.25229459151325,359.739857435482,357.0609436035156,357.0609436035156,6400,0.0,0.0
2012-09-06 00:00:00+09:00,357.0609171221333,363.5668502315398,355.9128112792969,355.9128112792969,13600,0.0,0.0
2012-09-07 00:00:00+09:00,362.9927984518551,362.9927984518551,355.91281239876145,359.9311828613281,7600,0.0,0.0
2012-09-10 00:00:00+09:00,357.82638394353216,359.931245025553,356.2955758838807,356.86962890625,6000,0.0,0.0
2012-09-11 00:00:00+09:00,356.295513226909,356.295513226909,355.9128112792969,355.9128112792969,24400,0.0,0.0
2012-09-12 00:00:00+09:00,356.10423252973607,361.6534118652344,355.9128815181672,361.6534118652344,18000,0.0,0.0
2012-09-13 00:00:00+09:00,361.6533781011054,361.8447290948097,359.7398681640625,359.7398681640625,3600,0.0,0.0
2012-09-14 00:00:00+09:00,363.5668961332226,366.62851210066026,362.6101411433983,364.5236511230469,13200,0.0,0.0
2012-09-18 00:00:00+09:00,365.2890732343331,365.2890732343331,356.86962890625,356.86962890625,18000,0.0,0.0
2012-09-19 00:00:00+09:00,360.8880062841926,363.56692043476454,357.8263901121104,360.6966552734375,9200,0.0,0.0
2012-09-20 00:00:00+09:00,360.696599021498,360.696599021498,356.48687744140625,356.48687744140625,10800,0.0,0.0
2012-09-21 00:00:00+09:00,356.1041353113511,359.7398035386029,355.9127843520221,357.8262939453125,67600,0.0,0.0
2012-09-24 00:00:00+09:00,355.14740738407255,359.7398307554183,354.9560564102665,355.9128112792969,51600,0.0,0.0
2012-09-25 00:00:00+09:00,353.9993185525412,353.9993185525412,344.4317694024725,348.2587890625,148800,0.0,0.0
2012-09-26 00:00:00+09:00,348.25884429914885,355.72153381984486,344.8145260588276,348.4501953125,43600,0.0,0.0
2012-09-27 00:00:00+09:00,353.2339146205357,353.2339146205357,346.34527923248623,348.2587890625,16800,0.0,0.0
2012-09-28 00:00:00+09:00,346.53664170738364,347.8760986328125,346.34529071803667,347.8760986328125,26800,0.0,0.0
2012-10-01 00:00:00+09:00,361.653430505701,361.653430505701,352.08587943412164,353.9993896484375,51200,0.0,0.0
2012-10-02 00:00:00+09:00,354.19074066986906,355.3388467984586,352.65993249841637,353.9993896484375,36000,0.0,0.0
2012-10-03 00:00:00+09:00,354.95611155886024,354.95611155886024,345.005859375,345.005859375,54800,0.0,0.0
2012-10-04 00:00:00+09:00,345.3885498046875,350.17232473273026,344.43179481907896,345.3885498046875,37200,0.0,0.0
2012-10-05 00:00:00+09:00,349.78966124487704,353.42533059042006,346.536693935707,350.17236328125,23200,0.0,0.0
2012-10-09 00:00:00+09:00,353.0426607469772,355.1475221389646,351.129150390625,351.129150390625,39600,0.0,0.0
2012-10-10 00:00:00+09:00,353.4252417025359,355.91280431332797,351.12903006180477,352.0857849121094,106800,0.0,0.0
2012-10-11 00:00:00+09:00,353.4253628182476,353.4253628182476,345.5799703572037,351.129150390625,20000,0.0,0.0
2012-10-12 00:00:00+09:00,353.04260833144446,353.80801236034733,350.36369423028447,352.85125732421875,30000,0.0,0.0
2012-10-15 00:00:00+09:00,353.4253365841427,356.8696549699113,352.851283519848,353.9993896484375,27200,0.0,0.0
2012-10-16 00:00:00+09:00,353.4252283784703,355.91279089548175,351.51171875,351.51171875,34400,0.0,0.0
2012-10-17 00:00:00+09:00,353.4252822967546,356.86960015346364,350.7463684082031,350.7463684082031,60800,0.0,0.0
2012-10-18 00:00:00+09:00,354.19069696001964,355.9128559403763,350.1723260058541,353.42529296875,32400,0.0,0.0
2012-10-19 00:00:00+09:00,352.08582447437806,355.91284430562126,350.9377185250051,353.8079833984375,88000,0.0,0.0
2012-10-22 00:00:00+09:00,352.0858334314451,355.5301513671875,350.555025460004,355.5301513671875,6800,0.0,0.0
2012-10-23 00:00:00+09:00,355.53014720867634,356.8696041680201,355.53014720867634,356.6782531738281,23200,0.0,0.0
2012-10-24 00:00:00+09:00,355.53014720867634,356.8696041680201,350.1723193713012,356.6782531738281,27600,0.0,0.0
2012-10-25 00:00:00+09:00,356.6782081935717,356.6782081935717,352.0857849121094,352.0857849121094,41600,0.0,0.0
2012-10-26 00:00:00+09:00,356.67824991466927,356.67824991466927,354.1906870129039,354.7647399902344,18000,0.0,0.0
2012-10-29 00:00:00+09:00,354.7647284474866,356.8695892958806,352.0858146404398,355.1474304199219,64000,0.0,0.0
2012-10-30 00:00:00+09:00,351.89454142807875,353.8080517131689,350.5550842285156,350.5550842285156,29600,0.0,0.0
2012-10-31 00:00:00+09:00,352.08589245658777,352.08589245658777,348.4502229149165,350.5550842285156,80000,0.0,0.0
2012-11-01 00:00:00+09:00,350.93770375995126,353.61661752911124,346.7279821227,352.27716064453125,37200,0.0,0.0
2012-11-02 00:00:00+09:00,352.6598626115541,353.80796851262267,348.8328429413256,352.27716064453125,57200,0.0,0.0
2012-11-05 00:00:00+09:00,354.9560564102665,355.9128112792969,353.9993015412361,355.9128112792969,20800,0.0,0.0
2012-11-06 00:00:00+09:00,356.6782376192951,369.30740268521436,356.6782376192951,365.2890319824219,100400,0.0,0.0
2012-11-07 00:00:00+09:00,363.566856545235,365.28901533939666,357.8263272313629,362.80145263671875,54800,0.0,0.0
2012-11-08 00:00:00+09:00,360.6965976201765,363.18416036238455,359.93119369949704,362.610107421875,18000,0.0,0.0
2012-11-09 00:00:00+09:00,360.69665680738984,361.6534118652344,353.04261634463353,361.6534118652344,28000,0.0,0.0
2012-11-12 00:00:00+09:00,361.0793135315655,361.0793135315655,355.53013489223565,360.12255859375,5200,0.0,0.0
2012-11-13 00:00:00+09:00,359.3571217744247,359.3571217744247,352.0857849121094,352.0857849121094,17200,0.0,0.0
2012-11-14 00:00:00+09:00,352.0858146404398,355.53013239235713,352.0858146404398,355.1474304199219,33200,0.0,0.0
2012-11-15 00:00:00+09:00,355.14743699193764,359.3571587666265,354.1906820431447,358.9744567871094,11600,0.0,0.0
2012-11-16 00:00:00+09:00,357.06093279383356,359.35714458028906,353.9993170785595,354.38201904296875,152000,0.0,0.0
2012-11-19 00:00:00+09:00,354.3820232891745,362.9928175915573,354.3820232891745,360.31390380859375,19200,0.0,0.0
2012-11-20 00:00:00+09:00,361.462059316458,361.462059316458,360.3139532519272,360.6966552734375,19600,0.0,0.0
2012-11-21 00:00:00+09:00,358.0177050981896,361.46202294520583,357.8263541066887,360.8879699707031,5600,0.0,0.0
2012-11-22 00:00:00+09:00,363.37549403746334,363.5668450085205,359.73982558737816,363.18414306640625,40800,0.0,0.0
2012-11-26 00:00:00+09:00,368.92473667428544,388.2511881286956,368.92473667428544,383.27606201171875,167200,0.0,0.0
2012-11-27 00:00:00+09:00,383.2760705477949,397.0533431785694,383.2760705477949,396.0965881347656,163600,0.0,0.0
2012-11-28 00:00:00+09:00,394.1829680341243,417.1450826768889,392.2694584805606,415.04022216796875,207600,0.0,0.0
2012-11-29 00:00:00+09:00,420.9721858326982,432.4532454463172,420.78083483913787,431.4964904785156,195600,0.0,0.0
2012-11-30 00:00:00+09:00,440.107310410087,442.0208204553482,418.4846468986349,431.6878662109375,143600,0.0,0.0
2012-12-03 00:00:00+09:00,430.53975706780415,431.6878630866516,418.2932928667644,418.6759948730469,65200,0.0,0.0
2012-12-04 00:00:00+09:00,413.700921921503,423.2684733072917,402.79391334170384,421.92901611328125,90800,0.0,0.0
2012-12-05 00:00:00+09:00,416.37974667460503,423.84243514901203,411.4046210250004,411.7873229980469,40000,0.0,0.0
2012-12-06 00:00:00+09:00,412.17005607931503,418.10193710924017,409.8738440677311,415.80572509765625,42400,0.0,0.0
2012-12-07 00:00:00+09:00,417.5278744667742,430.34839123546067,410.4478875945145,428.2435302734375,68800,0.0,0.0
2012-12-10 00:00:00+09:00,428.62624226103765,433.79271928829127,426.9040832519531,426.9040832519531,67200,0.0,0.0
2012-12-11 00:00:00+09:00,421.16355737579,425.94733244820924,416.37978230337075,425.7559814453125,51200,0.0,0.0
2012-12-12 00:00:00+09:00,420.97220637289325,425.7559814453125,411.7873582338483,425.7559814453125,54800,0.0,0.0
2012-12-13 00:00:00+09:00,426.33003128086204,426.71273328380715,420.9722032396304,423.84246826171875,41600,0.0,0.0
2012-12-14 00:00:00+09:00,434.940816457648,439.1505383943257,432.26190249794405,436.2802734375,143600,0.0,0.0
2012-12-17 00:00:00+09:00,452.5451401141511,463.06944569820115,449.6748749548647,455.4154052734375,178000,0.0,0.0
2012-12-18 00:00:00+09:00,464.98297248088136,491.7721149283396,459.24244195642603,489.09320068359375,201200,0.0,0.0
2012-12-19 00:00:00+09:00,497.51251099119145,498.85196775155237,474.5503950992903,480.2909240722656,127600,0.0,0.0
2012-12-20 00:00:00+09:00,485.8402037096194,485.8402037096194,469.0013151997941,482.01318359375,89600,0.0,0.0
2012-12-21 00:00:00+09:00,472.63687530121246,554.5350868918679,469.76661087630634,530.4248657226562,316000,0.0,0.0
2012-12-25 00:00:00+09:00,545.3503384616206,545.3503384616206,518.943901020321,525.2584838867188,260400,0.0,0.0
2012-12-26 00:00:00+09:00,516.6477082312326,526.2152583836629,505.1666480483164,518.5612182617188,142800,0.0,0.0
2012-12-27 00:00:00+09:00,526.2152775347938,537.6963381355529,526.2152775347938,534.0606689453125,154400,0.0,0.0
2012-12-28 00:00:00+09:00,537.6962758854304,547.8378782419883,536.1654679825538,544.2022094726562,128000,0.0,0.0
2013-01-04 00:00:00+09:00,551.0908564814815,564.4854259098508,548.0292406121399,557.9794921875,172800,0.0,0.0
2013-01-07 00:00:00+09:00,574.0530220566282,600.8421630859375,568.3124918360619,600.8421630859375,215600,0.0,0.0
2013-01-08 00:00:00+09:00,600.8420339731069,600.8420339731069,584.5772018432617,597.0150146484375,124400,0.0,0.0
2013-01-09 00:00:00+09:00,594.14501953125,597.9720405910326,581.7072010869565,594.14501953125,96800,0.0,0.0
2013-01-10 00:00:00+09:00,597.0151240361201,604.6691640878653,585.5340639585024,589.361083984375,97600,0.0,0.0
2013-01-11 00:00:00+09:00,585.5340607981728,587.4475708007812,555.1092517566991,587.4475708007812,138800,0.0,0.0
2013-01-15 00:00:00+09:00,591.2745811060855,591.2745811060855,571.1827264083059,581.70703125,104400,0.0,0.0
2013-01-16 00:00:00+09:00,583.6205963741075,589.3611268302462,571.1827803858068,577.8800659179688,78000,0.0,0.0
2013-01-17 00:00:00+09:00,582.6637135847391,582.6637135847391,563.528616258475,571.9480590820312,56400,0.0,0.0
2013-01-18 00:00:00+09:00,577.8799472720709,581.7069667904291,574.0529277537129,579.79345703125,69200,0.0,0.0
2013-01-21 00:00:00+09:00,580.7502365948076,614.2366588037338,575.0097070732774,611.3663940429688,104400,0.0,0.0
2013-01-22 00:00:00+09:00,621.8907149069482,621.8907149069482,602.7556159867345,620.9339599609375,76000,0.0,0.0
2013-01-23 00:00:00+09:00,614.2367644133392,619.977294921875,602.7557033962673,619.977294921875,63600,0.0,0.0
2013-01-24 00:00:00+09:00,620.9340511031215,640.0691528320312,619.9772960166761,640.0691528320312,117200,0.0,0.0
2013-01-25 00:00:00+09:00,647.7230631204476,665.9014061031485,636.2420043945312,636.2420043945312,87600,0.0,0.0
2013-01-28 00:00:00+09:00,652.5068328686933,685.0364990234375,650.5933230948848,685.0364990234375,143200,0.0,0.0
2013-01-29 00:00:00+09:00,685.0365369313123,687.906801750857,669.728457893741,671.6419677734375,91600,0.0,0.0
2013-01-30 00:00:00+09:00,679.2961145619877,706.0852571080942,672.598828925461,700.3447265625,84800,0.0,0.0
2013-01-31 00:00:00+09:00,709.9121559836648,755.8363924893466,704.1716264204546,736.7012939453125,118000,0.0,0.0
2013-02-01 00:00:00+09:00,736.701345393795,736.701345393795,721.3932654895083,730.9608154296875,125600,0.0,0.0
2013-02-04 00:00:00+09:00,734.7878289473684,734.7878289473684,704.1716694078947,708.9554443359375,112800,0.0,0.0
2013-02-05 00:00:00+09:00,680.2528072827483,712.7824773919093,680.2528072827483,698.43115234375,111200,0.0,0.0
2013-02-06 00:00:00+09:00,711.825668031001,730.9607666339848,707.9986483104042,720.4364624023438,66400,0.0,0.0
2013-02-07 00:00:00+09:00,724.2633810604319,730.0039098403033,708.9553043141084,715.652587890625,45600,0.0,0.0
2013-02-08 00:00:00+09:00,723.3066809869581,723.3066809869581,708.9553579515026,711.8256225585938,36400,0.0,0.0
2013-02-12 00:00:00+09:00,713.7390782973346,736.7011934168198,706.0850399241727,715.652587890625,77600,0.0,0.0
2013-02-13 00:00:00+09:00,732.874264895261,732.874264895261,685.0365191449176,696.517578125,110000,0.0,0.0
2013-02-14 00:00:00+09:00,703.2148768949193,723.3067305204885,701.3013670258175,722.3499755859375,73200,0.0,0.0
2013-02-15 00:00:00+09:00,724.2635108354473,725.2202658035258,685.0365571442276,701.3013916015625,126000,0.0,0.0
2013-02-18 00:00:00+09:00,740.3180722682896,740.3180722682896,727.3124845122251,733.3150634765625,45200,40.0,0.0
2013-02-19 00:00:00+09:00,732.3146657636088,746.3206839612735,723.310796922253,744.31982421875,50400,0.0,0.0
2013-02-20 00:00:00+09:00,749.3220645141602,816.3508740234374,749.3220645141602,800.343994140625,296000,0.0,0.0
2013-02-21 00:00:00+09:00,791.3401825529704,848.3646963399734,791.3401825529704,844.3629760742188,203600,0.0,0.0
2013-02-22 00:00:00+09:00,835.3589451255981,846.3636737440191,809.3477683911483,836.359375,194000,0.0,0.0
2013-02-25 00:00:00+09:00,837.3599684094195,844.3629788979092,831.357387990714,843.362548828125,96400,0.0,0.0
2013-02-26 00:00:00+09:00,820.3525755805188,840.3611749849216,820.3525755805188,829.3564453125,109200,0.0,0.0
2013-02-27 00:00:00+09:00,827.3554661700115,828.3558959960938,800.343860865791,828.3558959960938,126000,0.0,0.0
2013-02-28 00:00:00+09:00,836.3594606115855,840.361180518818,823.35387091308,827.3555908203125,62800,0.0,0.0
2013-03-01 00:00:00+09:00,822.3534491085312,833.3581789627816,820.3525891350312,824.3543090820312,38800,0.0,0.0
2013-03-04 00:00:00+09:00,836.3595355427096,846.363836207096,810.3483538153048,844.3629760742188,153200,0.0,0.0
2013-03-05 00:00:00+09:00,886.380783414216,936.4022723202102,873.3751962986576,916.3936767578125,305600,0.0,0.0
2013-03-06 00:00:00+09:00,944.4057540443885,1040.4470171675466,930.3997365055945,1018.4375610351562,262400,0.0,0.0
2013-03-07 00:00:00+09:00,1034.4443309887035,1040.4469093116554,962.4133911132812,1036.4451904296875,226000,0.0,0.0
2013-03-08 00:00:00+09:00,1020.4386709618756,1034.444691935862,1000.4300695704662,1016.4369506835938,175200,0.0,0.0
2013-03-11 00:00:00+09:00,1040.4471168154762,1080.4643136160714,1030.4428176153274,1050.451416015625,177200,0.0,0.0
2013-03-12 00:00:00+09:00,1060.4557098272635,1070.4600089765775,1038.4462516987733,1052.4522705078125,117200,0.0,0.0
2013-03-13 00:00:00+09:00,1066.4582678452978,1092.4694451098171,1042.4479503703567,1060.4556884765625,148800,0.0,0.0
2013-03-14 00:00:00+09:00,1060.4556884765625,1078.4634265827683,1058.454828686984,1060.4556884765625,98000,0.0,0.0
2013-03-15 00:00:00+09:00,1096.4714530174886,1096.4714530174886,1070.460268913059,1090.4688720703125,188000,0.0,0.0
2013-03-18 00:00:00+09:00,1090.4684463999972,1222.5251756888042,1088.4675868653183,1162.4993896484375,335200,0.0,0.0
2013-03-19 00:00:00+09:00,1162.4995189337685,1256.5399275222144,1162.4995189337685,1252.5382080078125,340000,0.0,0.0
2013-03-21 00:00:00+09:00,1312.5638881041375,1452.6240590908596,1312.5638881041375,1438.6180419921875,472400,0.0,0.0
2013-03-22 00:00:00+09:00,1432.6156498423795,1432.6156498423795,1356.5829756887335,1368.588134765625,303200,0.0,0.0
2013-03-25 00:00:00+09:00,1340.5760935513254,1340.5760935513254,1252.5382605419845,1278.5494384765625,316800,0.0,0.0
2013-03-26 00:00:00+09:00,1258.5410193810096,1372.5900465745192,1256.5401592548076,1300.55908203125,225600,0.0,0.0
2013-03-27 00:00:00+09:00,1314.5648216696345,1362.5854544246897,1314.5648216696345,1360.5845947265625,152400,0.0,0.0
2013-03-28 00:00:00+09:00,1360.584544505443,1360.584544505443,1278.5492999102619,1332.572509765625,212800,0.0,0.0
2013-03-29 00:00:00+09:00,1330.5719098881143,1330.5719098881143,1258.540949352818,1282.55126953125,151600,0.0,0.0
2013-04-01 00:00:00+09:00,1266.5444416902503,1276.5487421775351,1148.49369594029,1176.5057373046875,323200,0.0,0.0
2013-04-02 00:00:00+09:00,1120.4816723477309,1256.5401611328125,1060.4558684719595,1256.5401611328125,406800,0.0,0.0
2013-04-03 00:00:00+09:00,1288.5539212740384,1324.569403545673,1270.546180138221,1300.55908203125,267200,0.0,0.0
2013-04-04 00:00:00+09:00,1250.5374737639927,1356.5830515391792,1246.535753847948,1340.576171875,260000,0.0,0.0
2013-04-05 00:00:00+09:00,1378.5928694262395,1378.5928694262395,1140.4904725296904,1142.4913330078125,353600,0.0,0.0
2013-04-08 00:00:00+09:00,1290.5544536110033,1340.575944061042,1270.5458574309876,1286.552734375,498000,0.0,0.0
2013-04-09 00:00:00+09:00,1336.5747382143204,1336.5747382143204,1246.5360208196432,1284.5523681640625,196000,0.0,0.0
2013-04-10 00:00:00+09:00,1264.543607331539,1280.5504884370016,1250.5375863642594,1254.539306640625,116800,0.0,0.0
2013-04-11 00:00:00+09:00,1254.5392456054688,1294.55644642223,1246.5358054421165,1276.5487060546875,153600,0.0,0.0
2013-04-12 00:00:00+09:00,1272.5468276557976,1390.597555378584,1270.545967863886,1382.5941162109375,373600,0.0,0.0
2013-04-15 00:00:00+09:00,1362.5854544246897,1386.5957708022174,1354.5820156321806,1360.5845947265625,205600,0.0,0.0
2013-04-16 00:00:00+09:00,1328.5709852430555,1356.5830240885416,1312.5641059027778,1350.5804443359375,154800,0.0,0.0
2013-04-17 00:00:00+09:00,1356.5832007795443,1386.596103451658,1350.5806202451215,1374.5909423828125,170000,0.0,0.0
2013-04-18 00:00:00+09:00,1370.589046177255,1440.619143427188,1360.584746570122,1394.599365234375,314000,0.0,0.0
2013-04-19 00:00:00+09:00,1426.6131500699628,1496.6432486007463,1420.6105701958957,1474.6337890625,371600,0.0,0.0
2013-04-22 00:00:00+09:00,1558.6701834767134,1574.6770659771162,1474.6340503495992,1552.6676025390625,438400,0.0,0.0
2013-04-23 00:00:00+09:00,1550.6663552308694,1588.6826916816908,1512.6500187800482,1560.670654296875,323200,0.0,0.0
2013-04-24 00:00:00+09:00,1558.6697461001245,1566.6731851044897,1516.6516913272071,1532.6585693359375,194000,0.0,0.0
2013-04-25 00:00:00+09:00,1510.6491953466102,1546.6646728515625,1490.6405967327478,1546.6646728515625,244000,0.0,0.0
2013-04-26 00:00:00+09:00,1522.6544244063527,1528.6570042660362,1500.644964920847,1520.653564453125,142800,0.0,0.0
2013-04-30 00:00:00+09:00,1482.6370553152901,1562.671444266183,1478.6353358677454,1540.6619873046875,160000,0.0,0.0
2013-05-01 00:00:00+09:00,1514.6509415308635,1586.681897799174,1514.6509415308635,1536.660400390625,217200,0.0,0.0
2013-05-02 00:00:00+09:00,1530.6577728153657,1554.6680908203125,1518.6526138128922,1554.6680908203125,100400,0.0,0.0
2013-05-07 00:00:00+09:00,1624.6982367821724,1660.7137149374423,1588.6827586269026,1626.6990966796875,194000,0.0,0.0
2013-05-08 00:00:00+09:00,1628.6999367202259,1660.7136946901567,1562.6715609072437,1588.6827392578125,216800,0.0,0.0
2013-05-09 00:00:00+09:00,1630.7009105586526,1630.7009105586526,1580.6794102347676,1592.6845703125,122400,0.0,0.0
2013-05-10 00:00:00+09:00,1620.6965471984474,1620.6965471984474,1562.6716090888733,1570.675048828125,107200,0.0,0.0
2013-05-13 00:00:00+09:00,1560.6708101052134,1604.6897303902324,1560.6708101052134,1592.6845703125,116400,0.0,0.0
2013-05-14 00:00:00+09:00,1592.6845136369977,1606.690533229283,1568.6741943359375,1568.6741943359375,111600,0.0,0.0
2013-05-15 00:00:00+09:00,1580.6791146219327,1582.6799742606947,1450.6232381024065,1518.6524658203125,178000,0.0,0.0
2013-05-16 00:00:00+09:00,1526.655763703633,1550.666077156377,1410.6059153487042,1476.63427734375,212400,0.0,0.0
2013-05-17 00:00:00+09:00,1470.6320762131018,1534.6595951774818,1454.6251964720068,1516.65185546875,142400,0.0,0.0
2013-05-20 00:00:00+09:00,1550.6662859235491,1554.6680053710936,1530.6576886858259,1540.6619873046875,105200,0.0,0.0
2013-05-21 00:00:00+09:00,1560.6707635176808,1560.6707635176808,1498.6441049676191,1520.653564453125,79600,0.0,0.0
2013-05-22 00:00:00+09:00,1514.6508737577062,1514.6508737577062,1444.620780519239,1470.6319580078125,77200,0.0,0.0
2013-05-23 00:00:00+09:00,1432.6156510022693,1450.623389632186,1320.5674995272313,1322.568359375,235200,0.0,0.0
2013-05-24 00:00:00+09:00,1332.5727024898147,1398.6010796402109,1320.5675430079245,1396.6002197265625,154800,0.0,0.0
2013-05-27 00:00:00+09:00,1356.5829333660313,1392.598409473094,1320.5674572589685,1338.5751953125,79600,0.0,0.0
2013-05-28 00:00:00+09:00,1324.5693256166865,1394.5994259136412,1318.566745591233,1372.5899658203125,75600,0.0,0.0
2013-05-29 00:00:00+09:00,1378.592464517765,1424.6122419980386,1372.5898848464249,1402.602783203125,70400,0.0,0.0
2013-05-30 00:00:00+09:00,1364.5864637586806,1380.5933430989583,1320.5675455729167,1350.5804443359375,64000,0.0,0.0
2013-05-31 00:00:00+09:00,1356.5830132218196,1370.5890325323694,1300.5589359796206,1354.5821533203125,186000,0.0,0.0
2013-06-03 00:00:00+09:00,1348.579723176502,1400.6020863850913,1324.5694016956147,1344.5780029296875,121600,0.0,0.0
2013-06-04 00:00:00+09:00,1338.5749788506087,1380.5930275140806,1284.5517734261446,1376.59130859375,111200,0.0,0.0
2013-06-05 00:00:00+09:00,1374.5906444515601,1410.6061198520376,1340.5760287955536,1348.5794677734375,81600,0.0,0.0
2013-06-06 00:00:00+09:00,1320.567644254429,1328.5710845226379,1242.5341016393947,1270.546142578125,142000,0.0,0.0
2013-06-07 00:00:00+09:00,1130.4858820549796,1190.5116811021467,1070.4600830078125,1070.4600830078125,368400,0.0,0.0
2013-06-10 00:00:00+09:00,1190.5116589234608,1250.5374568523746,1176.5056394067142,1212.5211181640625,204800,0.0,0.0
2013-06-11 00:00:00+09:00,1250.5376033293896,1280.550505809295,1240.5333025027544,1248.5367431640625,114800,0.0,0.0
2013-06-12 00:00:00+09:00,1192.5126968952593,1256.5402242453404,1190.5118366655693,1234.53076171875,101600,0.0,0.0
2013-06-13 00:00:00+09:00,1202.5168630292337,1270.5461032006049,1200.5160030241934,1240.533203125,90800,0.0,0.0
2013-06-14 00:00:00+09:00,1300.5587311026854,1308.5621694479328,1272.5466968943201,1294.55615234375,144000,0.0,0.0
2013-06-17 00:00:00+09:00,1334.573641820324,1376.5917025073206,1334.573641820324,1366.58740234375,202400,0.0,0.0
2013-06-18 00:00:00+09:00,1380.5932353726394,1420.610430600832,1372.589796327001,1390.5975341796875,200000,0.0,0.0
2013-06-19 00:00:00+09:00,1500.6451332405823,1500.6451332405823,1400.6021243578766,1460.6279296875,274800,0.0,0.0
2013-06-20 00:00:00+09:00,1440.618901577712,1474.6335145316302,1426.6128844790398,1438.6180419921875,132400,0.0,0.0
2013-06-21 00:00:00+09:00,1344.5777506510417,1454.625036790636,1332.572592163086,1440.6190185546875,389600,0.0,0.0
2013-06-24 00:00:00+09:00,1500.6449100889008,1510.6492094894936,1418.609655004041,1450.6234130859375,444800,0.0,0.0
2013-06-25 00:00:00+09:00,1426.6133070144765,1426.6133070144765,1344.5780397106987,1374.5909423828125,275200,0.0,0.0
2013-06-26 00:00:00+09:00,1398.601150393672,1406.6045904531493,1282.55126953125,1282.55126953125,212400,0.0,0.0
2013-06-27 00:00:00+09:00,1282.5511938662928,1336.5744110806297,1248.536575620229,1310.563232421875,156400,0.0,0.0
2013-06-28 00:00:00+09:00,1360.5847221902613,1370.589021618131,1340.5761233345222,1358.5838623046875,104000,0.0,0.0
2013-07-01 00:00:00+09:00,1346.5786399565281,1388.5966955866725,1346.5786399565281,1382.5941162109375,126000,0.0,0.0
2013-07-02 00:00:00+09:00,1400.6018329867356,1416.6087110780127,1372.589796327001,1390.5975341796875,160800,0.0,0.0
2013-07-03 00:00:00+09:00,1388.5965576171875,1402.6025747689457,1364.5862424998872,1388.5965576171875,103600,0.0,0.0
2013-07-04 00:00:00+09:00,1386.5957708022174,1388.5966305003446,1344.577717141544,1360.5845947265625,58800,0.0,0.0
2013-07-05 00:00:00+09:00,1378.5924339963678,1384.5950135348137,1360.5846953810308,1368.588134765625,69600,0.0,0.0
2013-07-08 00:00:00+09:00,1394.5994428017477,1396.600302834462,1358.5839622128935,1366.58740234375,78800,0.0,0.0
2013-07-09 00:00:00+09:00,1368.588134765625,1384.5950135348137,1332.5726575349506,1368.588134765625,58800,0.0,0.0
2013-07-10 00:00:00+09:00,1366.5873236762152,1366.5873236762152,1344.5778645833334,1350.5804443359375,41200,0.0,0.0
2013-07-11 00:00:00+09:00,1352.5812826479657,1380.5933210460005,1338.5752634489484,1358.5838623046875,115200,0.0,0.0
2013-07-12 00:00:00+09:00,1360.5846900661495,1370.5889892578125,1360.5846900661495,1370.5889892578125,44000,0.0,0.0
2013-07-16 00:00:00+09:00,1370.5889410482257,1376.5915203520865,1320.5674468493853,1342.576904296875,142000,0.0,0.0
2013-07-17 00:00:00+09:00,1340.5759900681517,1340.5759900681517,1306.5613753947805,1316.565673828125,96800,0.0,0.0
2013-07-18 00:00:00+09:00,1334.573641820324,1372.5899824418923,1334.573641820324,1366.58740234375,632800,0.0,0.0
2013-07-19 00:00:00+09:00,1370.5889518521114,1376.5915312032885,1300.5588594217115,1338.5751953125,104000,0.0,0.0
2013-07-22 00:00:00+09:00,1350.5807651853993,1350.5807651853993,1320.5678592923905,1324.569580078125,23200,0.0,0.0
2013-07-23 00:00:00+09:00,1332.5725885206652,1332.5725885206652,1302.5596923828125,1302.5596923828125,68000,0.0,0.0
2013-07-24 00:00:00+09:00,1300.5590096650742,1308.5624497245515,1254.539229323079,1282.55126953125,108000,0.0,0.0
2013-07-25 00:00:00+09:00,1286.55297301867,1290.554692996955,1268.545233116387,1288.5538330078125,77600,0.0,0.0
2013-07-26 00:00:00+09:00,1268.5452658913352,1294.55644642223,1268.5452658913352,1276.5487060546875,61200,0.0,0.0
2013-07-29 00:00:00+09:00,1252.5382944576074,1252.5382944576074,1204.517656970415,1220.5245361328125,93200,0.0,0.0
2013-07-30 00:00:00+09:00,1210.5203030493951,1240.533203125,1210.5203030493951,1240.533203125,48400,0.0,0.0
2013-07-31 00:00:00+09:00,1234.5306959576426,1234.5306959576426,1210.5203744803464,1214.5220947265625,52800,0.0,0.0
2013-08-01 00:00:00+09:00,1216.522533626618,1236.5311279296875,1186.509642172014,1236.5311279296875,72400,0.0,0.0
2013-08-02 00:00:00+09:00,1258.5406797901373,1310.5630290342447,1244.5346626859546,1294.55615234375,110800,0.0,0.0
2013-08-05 00:00:00+09:00,1282.5515118279125,1326.5704404709923,1282.5515118279125,1324.569580078125,74800,0.0,0.0
2013-08-06 00:00:00+09:00,1310.563227025474,1326.570106134182,1310.563227025474,1312.5640869140625,43600,0.0,0.0
2013-08-07 00:00:00+09:00,1292.555809710256,1292.555809710256,1274.5480662313207,1284.5523681640625,40800,0.0,0.0
2013-08-08 00:00:00+09:00,1276.5487453261192,1284.5521857356873,1260.5418645069828,1262.542724609375,38000,0.0,0.0
2013-08-09 00:00:00+09:00,1248.5363820475523,1258.5406799806256,1228.5277861814054,1246.5355224609375,40000,0.0,0.0
2013-08-12 00:00:00+09:00,1226.5271158187115,1236.53141529521,1204.517656970415,1220.5245361328125,59600,0.0,0.0
2013-08-13 00:00:00+09:00,1226.5273207999899,1246.5359230968902,1226.5273207999899,1234.53076171875,18800,0.0,0.0
2013-08-14 00:00:00+09:00,1250.5374007008631,1280.5502983176839,1242.5339613363776,1278.5494384765625,46800,0.0,0.0
2013-08-15 00:00:00+09:00,1268.5448533046392,1314.5646192762586,1268.5448533046392,1296.556884765625,65200,0.0,0.0
2013-08-16 00:00:00+09:00,1310.8274191949602,1359.7541035817083,1310.8274191949602,1355.6768798828125,105600,30.0,0.0
2013-08-19 00:00:00+09:00,1355.6770482556572,1359.7542724609375,1349.561211947737,1359.7542724609375,60000,0.0,0.0
2013-08-20 00:00:00+09:00,1345.484176589643,1359.7544633110485,1345.484176589643,1349.5614013671875,53200,0.0,0.0
2013-08-21 00:00:00+09:00,1337.3296580981182,1345.484107232863,1312.8663106938843,1327.1365966796875,42400,0.0,0.0
2013-08-22 00:00:00+09:00,1321.0205631460567,1335.2908470072023,1310.8275032452382,1331.213623046875,35600,0.0,0.0
2013-08-23 00:00:00+09:00,1329.1749462512112,1341.4066175357316,1310.8274393244308,1314.9046630859375,38400,0.0,0.0
2013-08-26 00:00:00+09:00,1323.0590350521034,1323.0590350521034,1312.8659762304385,1318.9818115234375,23200,0.0,0.0
2013-08-27 00:00:00+09:00,1310.827467991298,1314.9046918419706,1306.750244140625,1306.750244140625,16800,0.0,0.0
2013-08-28 00:00:00+09:00,1274.1324372613544,1284.3254967594453,1257.8235420644091,1268.0166015625,45200,0.0,0.0
2013-08-29 00:00:00+09:00,1268.01640217433,1276.1708484905637,1245.5916748046875,1245.5916748046875,37600,0.0,0.0
2013-08-30 00:00:00+09:00,1259.862107406124,1280.2482256489416,1255.7848837575605,1263.9393310546875,47600,0.0,0.0
2013-09-02 00:00:00+09:00,1268.0166432542067,1355.676957820012,1268.0166432542067,1325.0977783203125,82800,0.0,0.0
2013-09-03 00:00:00+09:00,1329.1751708984375,1339.3682320249593,1316.9434975466115,1329.1751708984375,81200,0.0,0.0
2013-09-04 00:00:00+09:00,1337.329400037092,1384.2174735140022,1331.2135643661907,1374.0244140625,225600,0.0,0.0
2013-09-05 00:00:00+09:00,1394.4108125113885,1414.796935501321,1392.3722002123952,1398.488037109375,177600,0.0,0.0
2013-09-06 00:00:00+09:00,1398.487923366065,1422.9512689643052,1394.4106990996916,1404.603759765625,120000,0.0,0.0
2013-09-09 00:00:00+09:00,1427.0281896456866,1451.4915300396126,1412.7579077492298,1447.414306640625,272000,0.0,0.0
2013-09-10 00:00:00+09:00,1459.64592919646,1463.723152462372,1435.1825896009886,1443.3370361328125,130400,0.0,0.0
2013-09-11 00:00:00+09:00,1437.2212946159134,1443.3371299121513,1414.7965651963743,1424.9896240234375,76000,0.0,0.0
2013-09-12 00:00:00+09:00,1439.2597756110058,1459.6458914128614,1431.1053292902636,1445.3756103515625,144000,0.0,0.0
2013-09-13 00:00:00+09:00,1447.4144574130223,1449.4530693248716,1427.028338294529,1439.260009765625,110400,0.0,0.0
2013-09-17 00:00:00+09:00,1459.646080538485,1465.7619160714676,1449.4530213168475,1461.6846923828125,168400,0.0,0.0
2013-09-18 00:00:00+09:00,1492.2638122820547,1492.2638122820547,1404.6035063693112,1424.9896240234375,293200,0.0,0.0
2013-09-19 00:00:00+09:00,1447.4143536171216,1477.9935301019905,1443.3371300858057,1451.4915771484375,248000,0.0,0.0
2013-09-20 00:00:00+09:00,1447.4144003304446,1463.7232949820552,1427.0282820159314,1455.56884765625,128000,0.0,0.0
2013-09-24 00:00:00+09:00,1467.800630179558,1477.9936901113606,1453.5303462750346,1475.955078125,188800,0.0,0.0
2013-09-25 00:00:00+09:00,1386.256103515625,1418.8738941865809,1302.6730149213006,1386.256103515625,551600,0.0,0.0
2013-09-26 00:00:00+09:00,1365.8699665012982,1386.2560854043027,1347.5224594885942,1374.0244140625,188400,0.0,0.0
2013-09-27 00:00:00+09:00,1388.2947911625413,1402.5650753595132,1376.0631189937085,1382.178955078125,99200,0.0,0.0
2013-09-30 00:00:00+09:00,1390.33328853904,1414.796630859375,1376.0630055188446,1414.796630859375,153200,0.0,0.0
2013-10-01 00:00:00+09:00,1424.989709845797,1431.1055455103713,1392.3719196347345,1400.5263671875,118400,0.0,0.0
2013-10-02 00:00:00+09:00,1386.2560096153845,1400.5262920673076,1365.869891826923,1378.1015625,131200,0.0,0.0
2013-10-03 00:00:00+09:00,1361.79296875,1374.024642122006,1345.4840709206587,1361.79296875,96000,0.0,0.0
2013-10-04 00:00:00+09:00,1361.7925749279204,1371.9856331234887,1337.3292352585565,1369.947021484375,103600,0.0,0.0
2013-10-07 00:00:00+09:00,1363.8312707138628,1371.9857177734375,1339.3679295351387,1371.9857177734375,135600,0.0,0.0
2013-10-08 00:00:00+09:00,1369.947078804348,1412.7579250169838,1363.8312436311141,1406.64208984375,246400,0.0,0.0
2013-10-09 00:00:00+09:00,1390.3332054501489,1420.9123815230994,1386.2559819737555,1412.7579345703125,196800,0.0,0.0
2013-10-10 00:00:00+09:00,1400.5262641411323,1412.7579345703125,1384.2173702355587,1412.7579345703125,189200,0.0,0.0
2013-10-11 00:00:00+09:00,1418.8738360737646,1418.8738360737646,1390.333270405614,1402.56494140625,169600,0.0,0.0
2013-10-15 00:00:00+09:00,1384.2175671062637,1404.603687387652,1380.140343049986,1382.178955078125,136000,0.0,0.0
2013-10-16 00:00:00+09:00,1390.3333091849036,1390.3333091849036,1371.9858021721996,1374.0244140625,73200,0.0,0.0
2013-10-17 00:00:00+09:00,1386.2559145972843,1386.2559145972843,1367.9084098452613,1369.947021484375,104400,0.0,0.0
2013-10-18 00:00:00+09:00,1371.985521195023,1390.3330244502315,1369.9469097222222,1376.062744140625,92000,0.0,0.0
2013-10-21 00:00:00+09:00,1376.0628951223273,1400.5262354800575,1374.0242834258497,1394.410400390625,136400,0.0,0.0
2013-10-22 00:00:00+09:00,1380.139940219705,1394.4102202515187,1376.0627173534724,1384.2171630859375,103200,0.0,0.0
2013-10-23 00:00:00+09:00,1392.371825807486,1392.371825807486,1365.869873046875,1365.869873046875,82400,0.0,0.0
2013-10-24 00:00:00+09:00,1361.79296875,1365.8701932073354,1347.5226831493264,1361.79296875,72800,0.0,0.0
2013-10-25 00:00:00+09:00,1369.947478693182,1369.947478693182,1337.3296815814394,1345.484130859375,72000,0.0,0.0
2013-10-28 00:00:00+09:00,1345.4838399684174,1353.6382874833776,1339.3680043321974,1341.4066162109375,52000,0.0,0.0
2013-10-29 00:00:00+09:00,1323.0591395433162,1323.0591395433162,1300.6344083646159,1306.750244140625,118000,0.0,0.0
2013-10-30 00:00:00+09:00,1294.5187527383862,1298.5959771564599,1286.3643039022388,1290.4415283203125,100800,0.0,0.0
2013-10-31 00:00:00+09:00,1292.47991437121,1312.8660328944152,1292.47991437121,1302.6729736328125,77200,0.0,0.0
2013-11-01 00:00:00+09:00,1312.866371361643,1312.866371361643,1253.746612402811,1278.2099609375,80000,0.0,0.0
2013-11-05 00:00:00+09:00,1290.4413127080436,1290.4413127080436,1272.0938058922893,1282.286865234375,48400,0.0,0.0
2013-11-06 00:00:00+09:00,1280.2485733153908,1282.2871856932816,1268.0168990480463,1278.2099609375,44400,0.0,0.0
2013-11-07 00:00:00+09:00,1278.2094526060537,1278.2094526060537,1257.8233369345057,1265.977783203125,84400,0.0,0.0
2013-11-08 00:00:00+09:00,1247.6307150204461,1270.055450094343,1245.592102741001,1261.9010009765625,118000,0.0,0.0
2013-11-11 00:00:00+09:00,1278.209687972031,1294.518583512344,1268.0166282593354,1286.3641357421875,178000,0.0,0.0
2013-11-12 00:00:00+09:00,1280.24828203125,1280.24828203125,1270.0552224609376,1274.1324462890625,47600,0.0,0.0
2013-11-13 00:00:00+09:00,1268.0165833312194,1274.1324189421418,1239.4760171469156,1255.784912109375,119200,0.0,0.0
2013-11-14 00:00:00+09:00,1261.9006911057693,1274.1323617788462,1259.862079326923,1272.09375,96000,0.0,0.0
2013-11-15 00:00:00+09:00,1272.093640136719,1318.9817070007325,1259.8619705200197,1304.71142578125,330800,0.0,0.0
2013-11-18 00:00:00+09:00,1325.0974573206017,1378.1013556134258,1316.943011429398,1376.062744140625,585600,0.0,0.0
2013-11-19 00:00:00+09:00,1386.2559829733136,1467.800452559979,1380.1401477543136,1465.7618408203125,555200,0.0,0.0
2013-11-20 00:00:00+09:00,1451.4913871071556,1453.5299986059015,1404.6033226359973,1435.1824951171875,258400,0.0,0.0
2013-11-21 00:00:00+09:00,1439.2601147460937,1447.4145629882812,1412.7581579589844,1427.0284423828125,162400,0.0,0.0
2013-11-22 00:00:00+09:00,1427.0282167376895,1437.221275428673,1406.6420993557224,1412.7579345703125,134400,0.0,0.0
2013-11-25 00:00:00+09:00,1396.4491721023403,1412.7580675429515,1392.3719482421875,1392.3719482421875,93200,0.0,0.0
2013-11-26 00:00:00+09:00,1392.371983370335,1422.9511630929633,1392.371983370335,1416.8353271484375,84800,0.0,0.0
2013-11-27 00:00:00+09:00,1420.9123143105612,1422.9509259523265,1394.4103629676094,1396.448974609375,84400,0.0,0.0
2013-11-28 00:00:00+09:00,1406.6421650731286,1414.796612406886,1394.4104940724928,1402.56494140625,100400,0.0,0.0
2013-11-29 00:00:00+09:00,1422.9512097045372,1445.3759422356977,1404.6037012699514,1420.91259765625,125600,0.0,0.0
2013-12-02 00:00:00+09:00,1427.0284718480602,1433.1443081559805,1408.6809629242996,1418.8740234375,58800,0.0,0.0
2013-12-03 00:00:00+09:00,1422.9513156741814,1422.9513156741814,1392.3721326725872,1408.6810302734375,90800,0.0,0.0
2013-12-04 00:00:00+09:00,1396.4490120871026,1404.6034588730126,1390.3331769976699,1394.410400390625,48000,0.0,0.0
2013-12-05 00:00:00+09:00,1394.410551183364,1406.6422226849725,1386.256103515625,1386.256103515625,54800,0.0,0.0
2013-12-06 00:00:00+09:00,1386.2558015046295,1394.4102473958333,1365.8696867766203,1376.062744140625,61200,0.0,0.0
2013-12-09 00:00:00+09:00,1390.3330244502315,1396.4488588686343,1374.024132667824,1376.062744140625,125600,0.0,0.0
2013-12-10 00:00:00+09:00,1371.9856717293724,1394.410400390625,1371.9856717293724,1394.410400390625,90800,0.0,0.0
2013-12-11 00:00:00+09:00,1392.3722002123952,1398.488037109375,1386.2563633154155,1398.488037109375,82800,0.0,0.0
2013-12-12 00:00:00+09:00,1398.488037109375,1400.5266494083683,1388.2949756144087,1398.488037109375,71200,0.0,0.0
2013-12-13 00:00:00+09:00,1398.4876237835801,1402.564847176535,1390.3331769976699,1394.410400390625,97200,0.0,0.0
2013-12-16 00:00:00+09:00,1386.2560868948563,1386.2560868948563,1345.4838490450074,1347.5224609375,131200,0.0,0.0
2013-12-17 00:00:00+09:00,1347.522743178859,1359.7544170957624,1325.098007664536,1345.484130859375,165200,0.0,0.0
2013-12-18 00:00:00+09:00,1337.3294088118537,1400.5263778258284,1337.3294088118537,1380.1402587890625,489200,0.0,0.0
2013-12-19 00:00:00+09:00,1406.6422317527222,1412.7580675429515,1382.1788885918054,1392.3719482421875,159200,0.0,0.0
2013-12-20 00:00:00+09:00,1380.1401089347582,1392.3717790287146,1361.7926037938234,1388.2945556640625,132400,0.0,0.0
2013-12-24 00:00:00+09:00,1406.6419162326388,1414.7963621238425,1376.062744140625,1376.062744140625,222000,0.0,0.0
2013-12-25 00:00:00+09:00,1263.9393402638443,1294.518517850873,1247.6304455507625,1270.05517578125,1334800,0.0,0.0
2013-12-26 00:00:00+09:00,1274.1324002625513,1276.1710121029714,1221.1284924116292,1243.55322265625,600400,0.0,0.0
2013-12-27 00:00:00+09:00,1255.7849225840553,1257.823534471367,1223.1671323870669,1235.3988037109375,404400,0.0,0.0
2013-12-30 00:00:00+09:00,1243.5532935109425,1308.7888761213526,1243.5532935109425,1292.47998046875,407600,0.0,0.0
2014-01-06 00:00:00+09:00,1298.5959771564599,1304.7118137835703,1278.2098550660914,1290.4415283203125,242000,0.0,0.0
2014-01-07 00:00:00+09:00,1292.48018516824,1294.5187974476853,1255.785164138227,1261.9010009765625,254400,0.0,0.0
2014-01-08 00:00:00+09:00,1274.1322369115053,1278.209460069622,1235.3986169093955,1245.5916748046875,340400,0.0,0.0
2014-01-09 00:00:00+09:00,1247.6304555273755,1249.6690673828125,1241.514619961065,1249.6690673828125,148400,0.0,0.0
2014-01-10 00:00:00+09:00,1253.7462810681682,1272.0937876203852,1249.6690573898977,1270.05517578125,206800,0.0,0.0
2014-01-14 00:00:00+09:00,1261.900792431718,1286.3641357421875,1253.7463446615616,1286.3641357421875,256400,0.0,0.0
2014-01-15 00:00:00+09:00,1284.3254586551966,1284.3254586551966,1263.9393402638443,1270.05517578125,119600,0.0,0.0
2014-01-16 00:00:00+09:00,1276.171107587286,1278.209719580237,1249.669151678924,1251.707763671875,108000,0.0,0.0
2014-01-17 00:00:00+09:00,1251.707763671875,1255.7849876577768,1245.5919276930222,1251.707763671875,81200,0.0,0.0
2014-01-20 00:00:00+09:00,1255.7847326999795,1257.8233442790379,1245.5916748046875,1245.5916748046875,93200,0.0,0.0
2014-01-21 00:00:00+09:00,1245.5918812471277,1255.7849408318016,1241.5146574132584,1247.6304931640625,142000,0.0,0.0
2014-01-22 00:00:00+09:00,1245.5917874386437,1245.5917874386437,1235.3987286216334,1239.4759521484375,73200,0.0,0.0
2014-01-23 00:00:00+09:00,1239.4760274855612,1245.5918631474965,1235.3988037109375,1235.3988037109375,93200,0.0,0.0
2014-01-24 00:00:00+09:00,1233.360450283793,1233.360450283793,1204.8198778805315,1215.012939453125,170800,0.0,0.0
2014-01-27 00:00:00+09:00,1174.2404225043783,1186.4720935721323,1162.0087514366244,1164.04736328125,185600,0.0,0.0
2014-01-28 00:00:00+09:00,1162.008685421986,1164.0472971507966,1147.7384033203125,1147.7384033203125,158400,0.0,0.0
2014-01-29 00:00:00+09:00,1162.0089652683425,1178.3178630264947,1159.9703530485733,1172.2020263671875,108400,0.0,0.0
2014-01-30 00:00:00+09:00,1153.8544287459397,1159.9702649407063,1131.429696031796,1137.5455322265625,138000,0.0,0.0
2014-01-31 00:00:00+09:00,1151.8159018091737,1190.5495339054114,1139.584228515625,1139.584228515625,164000,0.0,0.0
2014-02-03 00:00:00+09:00,1133.4682854040345,1133.4682854040345,1090.657432897767,1092.696044921875,122800,0.0,0.0
2014-02-04 00:00:00+09:00,982.611118331155,1145.7001006267824,982.611118331155,1072.31005859375,342800,0.0,0.0
2014-02-05 00:00:00+09:00,1131.429814675915,1131.429814675915,1049.8853235281013,1072.31005859375,193600,0.0,0.0
2014-02-06 00:00:00+09:00,1072.3099246807953,1096.773268970091,1072.3099246807953,1092.696044921875,63600,0.0,0.0
2014-02-07 00:00:00+09:00,1113.082003930534,1162.008685421986,1113.082003930534,1147.7384033203125,110000,0.0,0.0
2014-02-10 00:00:00+09:00,1186.4721018386658,1206.8582204269592,1170.1632069680313,1196.6651611328125,190400,0.0,0.0
2014-02-12 00:00:00+09:00,1233.3601634541496,1243.55322265625,1225.2057160924694,1243.55322265625,219200,0.0,0.0
2014-02-13 00:00:00+09:00,1241.5148359026227,1241.5148359026227,1188.510918442084,1198.7039794921875,132000,0.0,0.0
2014-02-14 00:00:00+09:00,1196.665047313353,1215.0125522977146,1159.97003734463,1176.2789306640625,101600,0.0,0.0
2014-02-17 00:00:00+09:00,1155.8930877685548,1155.8930877685548,1111.0436205182757,1141.622802734375,190400,0.0,0.0
2014-02-18 00:00:00+09:00,1171.0023863336755,1189.889521597122,1158.4109628247113,1181.4952392578125,100400,40.0,0.0
2014-02-19 00:00:00+09:00,1158.4111867662293,1177.298325680896,1135.3269058705255,1139.5240478515625,119600,0.0,0.0
2014-02-20 00:00:00+09:00,1135.326956315474,1141.6226695667613,1108.0455322265625,1108.0455322265625,118000,0.0,0.0
2014-02-21 00:00:00+09:00,1120.6369135288592,1162.6083335112135,1120.6369135288592,1152.115478515625,85600,0.0,0.0
2014-02-24 00:00:00+09:00,1156.312810803136,1189.8899523146608,1156.312810803136,1183.59423828125,94000,0.0,0.0
2014-02-25 00:00:00+09:00,1196.185546875,1200.3826891447368,1185.692691200658,1196.185546875,65200,0.0,0.0
2014-02-26 00:00:00+09:00,1175.199951171875,1198.284235927037,1160.5099517822266,1175.199951171875,28000,0.0,0.0
2014-02-27 00:00:00+09:00,1171.0026206487341,1191.9883306962024,1154.2140526107594,1160.509765625,45200,0.0,0.0
2014-02-28 00:00:00+09:00,1150.0169595746852,1154.214101762914,1116.439822068855,1124.8341064453125,86800,0.0,0.0
2014-03-03 00:00:00+09:00,1103.8483332478306,1120.6369010538813,1103.8483332478306,1118.538330078125,31200,0.0,0.0
2014-03-04 00:00:00+09:00,1097.5524462164556,1131.1295765022362,1097.5524462164556,1129.031005859375,41600,0.0,0.0
2014-03-05 00:00:00+09:00,1152.1157259318397,1173.1014404296875,1141.6228686829159,1173.1014404296875,107600,0.0,0.0
2014-03-06 00:00:00+09:00,1164.706798735119,1191.9882192460318,1164.706798735119,1189.8896484375,41200,0.0,0.0
2014-03-07 00:00:00+09:00,1202.4813880527142,1225.5656729891537,1196.18567397914,1221.3685302734375,106000,0.0,0.0
2014-03-10 00:00:00+09:00,1229.762511268029,1229.762511268029,1187.791094501202,1227.6639404296875,125600,0.0,0.0
2014-03-11 00:00:00+09:00,1206.6783576952466,1248.6497788324725,1206.6783576952466,1244.45263671875,87200,0.0,0.0
2014-03-12 00:00:00+09:00,1233.9597184520655,1257.0439988992982,1225.5654346530719,1238.1568603515625,88400,0.0,0.0
2014-03-13 00:00:00+09:00,1227.6640072384396,1248.6497167638831,1225.5654362858954,1242.35400390625,70400,0.0,0.0
2014-03-14 00:00:00+09:00,1217.1712087082092,1252.8469165496567,1200.382640312234,1231.8612060546875,204800,0.0,0.0
2014-03-17 00:00:00+09:00,1210.8755549408063,1248.6498356841937,1198.2841280263438,1229.7626953125,80800,0.0,0.0
2014-03-18 00:00:00+09:00,1229.76263645347,1248.6497759211852,1229.76263645347,1236.058349609375,39200,0.0,0.0
2014-03-19 00:00:00+09:00,1242.354195530583,1280.1284785027965,1238.1570529781147,1278.0299072265625,110000,0.0,0.0
2014-03-20 00:00:00+09:00,1263.3397762305017,1278.0297736285306,1238.156923548166,1244.45263671875,284000,0.0,0.0
2014-03-24 00:00:00+09:00,1240.2554329537056,1259.1425715266048,1238.1568620011615,1242.35400390625,110800,0.0,0.0
2014-03-25 00:00:00+09:00,1244.452520150772,1271.7339413345157,1244.452520150772,1257.0439453125,94400,0.0,0.0
2014-03-26 00:00:00+09:00,1269.635495203307,1271.7340662697586,1259.1426398710482,1261.2412109375,40400,0.0,0.0
2014-03-27 00:00:00+09:00,1261.2412808901304,1292.7198486328125,1257.0441385244394,1292.7198486328125,94400,0.0,0.0
2014-03-28 00:00:00+09:00,1301.1140726296596,1301.1140726296596,1290.621217205227,1294.818359375,72800,0.0,0.0
2014-03-31 00:00:00+09:00,1305.3112757298852,1305.3112757298852,1284.3255639014305,1292.7198486328125,80000,0.0,0.0
2014-04-01 00:00:00+09:00,1299.0154379182995,1301.1140089003968,1286.424012025715,1288.5225830078125,82800,0.0,0.0
2014-04-02 00:00:00+09:00,1286.424129070622,1294.8184137627632,1269.6355596863398,1271.734130859375,78000,0.0,0.0
2014-04-03 00:00:00+09:00,1263.339844962619,1275.9312719888246,1248.6498467653792,1267.5369873046875,101200,0.0,0.0
2014-04-04 00:00:00+09:00,1267.5369873046875,1267.5369873046875,1259.1427026205506,1267.5369873046875,46400,0.0,0.0
2014-04-07 00:00:00+09:00,1257.0440005740604,1267.536855336782,1238.1568620011615,1242.35400390625,83200,0.0,0.0
2014-04-08 00:00:00+09:00,1179.3970298423424,1208.777027027027,1156.3127463400901,1164.70703125,365200,0.0,0.0
2014-04-09 00:00:00+09:00,1160.5100123767547,1194.0871555919955,1160.5100123767547,1177.298583984375,138000,0.0,0.0
2014-04-10 00:00:00+09:00,1185.6928608261537,1194.0871465665157,1101.7500034225322,1122.7357177734375,304800,0.0,0.0
2014-04-11 00:00:00+09:00,1095.4543479976799,1135.3272074075571,1066.074346327244,1116.4400634765625,404400,0.0,0.0
2014-04-14 00:00:00+09:00,1087.059745863519,1087.059745863519,1055.5811817941121,1068.172607421875,243200,0.0,0.0
2014-04-15 00:00:00+09:00,1074.468281835206,1129.03112427215,1072.3697109722466,1120.6368408203125,130400,0.0,0.0
2014-04-16 00:00:00+09:00,1126.9325534091906,1135.3268368610281,1105.9468447795966,1120.6368408203125,54000,0.0,0.0
2014-04-17 00:00:00+09:00,1114.3412440775012,1114.3412440775012,1095.454104347374,1103.848388671875,65600,0.0,0.0
2014-04-18 00:00:00+09:00,1118.5383862397516,1118.5383862397516,1095.454104347374,1103.848388671875,37200,0.0,0.0
2014-04-21 00:00:00+09:00,1116.4400634765625,1124.8343496681157,1112.242920380786,1116.4400634765625,41600,0.0,0.0
2014-04-22 00:00:00+09:00,1110.144161538002,1112.2427327318355,1093.3555919873327,1097.552734375,57600,0.0,0.0
2014-04-23 00:00:00+09:00,1101.7498244100543,1133.22839082177,1097.5526822218255,1124.8341064453125,50800,0.0,0.0
2014-04-24 00:00:00+09:00,1133.2282732861509,1145.8196985448858,1129.031131533239,1137.4254150390625,101600,0.0,0.0
2014-04-25 00:00:00+09:00,1139.5240525209188,1160.509762512096,1139.5240525209188,1152.115478515625,64400,0.0,0.0
2014-04-28 00:00:00+09:00,1129.031203538768,1173.1011947549653,1129.031203538768,1168.904052734375,57600,0.0,0.0
2014-04-30 00:00:00+09:00,1189.8898321877064,1194.0869744529186,1175.199834259463,1191.9884033203125,68400,0.0,0.0
2014-05-01 00:00:00+09:00,1196.1856723244216,1215.0728145190176,1185.692815549646,1212.9742431640625,90400,0.0,0.0
2014-05-02 00:00:00+09:00,1202.48126910484,1236.0584075091638,1202.48126910484,1225.5655517578125,80800,0.0,0.0
2014-05-07 00:00:00+09:00,1206.6785356412431,1248.649962967895,1202.4813929085778,1246.5513916015625,114800,0.0,0.0
2014-05-08 00:00:00+09:00,1238.1569132697807,1238.1569132697807,1189.8897793626538,1215.0726318359375,109200,0.0,0.0
2014-05-09 00:00:00+09:00,1233.9597785574067,1236.058349609375,1215.0726390896912,1236.058349609375,48400,0.0,0.0
2014-05-12 00:00:00+09:00,1215.072698476363,1244.4526946398676,1215.072698476363,1233.9598388671875,80400,0.0,0.0
2014-05-13 00:00:00+09:00,1240.2555523307956,1244.4526946398676,1229.7626965581153,1233.9598388671875,48800,0.0,0.0
2014-05-14 00:00:00+09:00,1212.974124856191,1238.156978659434,1212.974124856191,1225.5655517578125,39200,0.0,0.0
2014-05-15 00:00:00+09:00,1225.565494349533,1236.058349609375,1221.3683522455965,1236.058349609375,22400,0.0,0.0
2014-05-16 00:00:00+09:00,1215.0728161998632,1221.3685302734375,1198.2842453369979,1221.3685302734375,29600,0.0,0.0
2014-05-19 00:00:00+09:00,1200.382869944853,1206.6785842977106,1168.9042981805649,1177.298583984375,47200,0.0,0.0
2014-05-20 00:00:00+09:00,1164.7070944649834,1183.5942365373885,1158.4113804408482,1175.199951171875,40400,0.0,0.0
2014-05-21 00:00:00+09:00,1154.2138216550566,1183.5938098426398,1154.2138216550566,1181.4952392578125,38400,0.0,0.0
2014-05-22 00:00:00+09:00,1191.9882863539851,1217.1711374741399,1191.9882863539851,1204.5797119140625,38800,0.0,0.0
2014-05-23 00:00:00+09:00,1204.579776638736,1225.5654870331389,1196.1854924809747,1215.0726318359375,28800,0.0,0.0
2014-05-26 00:00:00+09:00,1204.5799594105724,1225.5656729891537,1204.5799594105724,1221.3685302734375,15600,0.0,0.0
2014-05-27 00:00:00+09:00,1221.3682943808067,1250.7482877164275,1221.3682943808067,1242.35400390625,55200,0.0,0.0
2014-05-28 00:00:00+09:00,1233.9597785574067,1242.35406276528,1227.6640654015016,1236.058349609375,43200,0.0,0.0
2014-05-29 00:00:00+09:00,1236.058656218868,1257.044371944146,1236.058656218868,1250.7486572265625,54400,0.0,0.0
2014-05-30 00:00:00+09:00,1265.4384795691578,1290.621334883967,1259.1427657404556,1278.0299072265625,96000,0.0,0.0
2014-06-02 00:00:00+09:00,1278.0299072265625,1290.621334883967,1269.635622121626,1278.0299072265625,60400,0.0,0.0
2014-06-03 00:00:00+09:00,1278.029844378481,1286.424129070622,1263.339846167234,1271.734130859375,63600,0.0,0.0
2014-06-04 00:00:00+09:00,1275.9312209713248,1301.1140740168114,1275.9312209713248,1299.0155029296875,99600,0.0,0.0
2014-06-05 00:00:00+09:00,1296.9169909985035,1299.015562181349,1263.3398520729759,1292.7198486328125,63600,0.0,0.0
2014-06-06 00:00:00+09:00,1299.0155029296875,1299.0155029296875,1290.621218581192,1299.0155029296875,62400,0.0,0.0
2014-06-09 00:00:00+09:00,1299.0155597761566,1299.0155597761566,1275.9312768075981,1284.3255615234375,44800,0.0,0.0
2014-06-10 00:00:00+09:00,1280.1284167641088,1288.5227014642014,1269.6355608889933,1275.9312744140625,43200,0.0,0.0
2014-06-11 00:00:00+09:00,1261.2412206634274,1296.9169290682166,1252.8469363328888,1290.6212158203125,64000,0.0,0.0
2014-06-12 00:00:00+09:00,1280.1282958984375,1286.4240088290856,1263.339728083376,1280.1282958984375,50800,0.0,0.0
2014-06-13 00:00:00+09:00,1271.7341933978603,1282.2270497790307,1261.2413370166898,1278.0299072265625,73600,0.0,0.0
2014-06-16 00:00:00+09:00,1269.6355632707184,1290.621275060317,1267.5369920917585,1284.3255615234375,48400,0.0,0.0
2014-06-17 00:00:00+09:00,1273.8327032390393,1284.325559114155,1271.7341320640164,1275.9312744140625,38400,0.0,0.0
2014-06-18 00:00:00+09:00,1275.9312168637846,1288.522643345993,1273.8326457834166,1286.424072265625,26000,0.0,0.0
2014-06-19 00:00:00+09:00,1284.325377518924,1290.6210901538204,1282.226806640625,1282.226806640625,24000,0.0,0.0
2014-06-20 00:00:00+09:00,1288.5227074484224,1296.9169921875,1282.226993894114,1296.9169921875,69200,0.0,0.0
2014-06-23 00:00:00+09:00,1296.9169921875,1296.9169921875,1286.4241362636528,1296.9169921875,67200,0.0,0.0
2014-06-24 00:00:00+09:00,1168.904238869958,1194.0870950036015,1156.312810803136,1183.59423828125,784000,0.0,0.0
2014-06-25 00:00:00+09:00,1194.0869757401315,1210.8755448190789,1191.9884046052632,1196.185546875,203600,0.0,0.0
2014-06-26 00:00:00+09:00,1198.2840576171875,1208.776912762697,1196.1854865880857,1198.2840576171875,104800,0.0,0.0
2014-06-27 00:00:00+09:00,1196.1855455855248,1204.5798301159496,1181.4955476572816,1191.9884033203125,93600,0.0,0.0
2014-06-30 00:00:00+09:00,1196.1853666455333,1206.6782207389153,1196.1853666455333,1202.4810791015625,56800,0.0,0.0
2014-07-01 00:00:00+09:00,1217.1713230298913,1221.3684655230977,1202.4813243036683,1206.678466796875,110000,0.0,0.0
2014-07-02 00:00:00+09:00,1215.072507861582,1215.072507861582,1206.678224560293,1210.8753662109375,44400,0.0,0.0
2014-07-03 00:00:00+09:00,1210.8753662109375,1212.9739370362597,1206.678224560293,1210.8753662109375,53200,0.0,0.0
2014-07-04 00:00:00+09:00,1210.8754297716864,1221.368284449084,1206.6782879007274,1217.171142578125,52400,0.0,0.0
2014-07-07 00:00:00+09:00,1221.3685302734375,1223.4671016312957,1215.0728161998632,1221.3685302734375,38000,0.0,0.0
2014-07-08 00:00:00+09:00,1217.1713858739727,1219.269957228928,1210.8756718091074,1212.9742431640625,23200,0.0,0.0
2014-07-09 00:00:00+09:00,1212.9742431640625,1219.269957228928,1210.8756718091074,1212.9742431640625,18800,0.0,0.0
2014-07-10 00:00:00+09:00,1215.072751783288,1217.1713230298913,1204.5798955502717,1206.678466796875,28400,0.0,0.0
2014-07-11 00:00:00+09:00,1208.7767915575917,1208.7767915575917,1200.3825082828862,1202.4810791015625,16000,0.0,0.0
2014-07-14 00:00:00+09:00,1200.3827530570652,1206.678466796875,1196.1856105638587,1206.678466796875,13600,0.0,0.0
2014-07-15 00:00:00+09:00,1210.8753662109375,1212.9739370362597,1206.678224560293,1210.8753662109375,16800,0.0,0.0
2014-07-16 00:00:00+09:00,1217.1710786869044,1217.1710786869044,1208.7767953856153,1210.8753662109375,39200,0.0,0.0
2014-07-17 00:00:00+09:00,1204.5797119140625,1206.678282840742,1202.4811409873828,1204.5797119140625,24000,0.0,0.0
2014-07-18 00:00:00+09:00,1196.1856663480717,1198.284237692542,1183.59423828125,1183.59423828125,48800,0.0,0.0
2014-07-22 00:00:00+09:00,1177.298583329257,1181.4957262288265,1162.6085831807636,1173.1014404296875,109200,0.0,0.0
2014-07-23 00:00:00+09:00,1158.4113153641108,1166.8056002580536,1156.312744140625,1156.312744140625,75200,0.0,0.0
2014-07-24 00:00:00+09:00,1156.312560147372,1158.411131036932,1139.5239930308949,1154.2139892578125,110800,0.0,0.0
2014-07-25 00:00:00+09:00,1147.9183365173897,1156.3126205138603,1147.9183365173897,1152.115478515625,59200,0.0,0.0
2014-07-28 00:00:00+09:00,1152.1154753798737,1152.1154753798737,1143.72119140625,1143.72119140625,68400,0.0,0.0
2014-07-29 00:00:00+09:00,1143.7214341930453,1143.7214341930453,1135.3271484375,1135.3271484375,86400,0.0,0.0
2014-07-30 00:00:00+09:00,1133.2281471450976,1133.2281471450976,1124.8338645736524,1129.031005859375,109200,0.0,0.0
2014-07-31 00:00:00+09:00,1137.4255357530383,1141.6226779513888,1129.031251356337,1133.2283935546875,65200,0.0,0.0
2014-08-01 00:00:00+09:00,1122.735535351198,1129.0312486335413,1116.439822068855,1124.8341064453125,108000,0.0,0.0
2014-08-04 00:00:00+09:00,1120.63672328793,1129.031005859375,1116.4395820022073,1129.031005859375,61600,0.0,0.0
2014-08-05 00:00:00+09:00,1116.4398797963747,1129.0313070121233,1114.34130859375,1114.34130859375,101600,0.0,0.0
2014-08-06 00:00:00+09:00,1112.2428557236685,1112.2428557236685,1091.2571414647314,1093.355712890625,101200,0.0,0.0
2014-08-07 00:00:00+09:00,1089.158389724848,1101.7498161956555,1078.6655343325083,1099.6512451171875,52800,0.0,0.0
2014-08-08 00:00:00+09:00,1084.9613037109375,1095.4541596462464,1078.6655901497522,1084.9613037109375,45200,0.0,0.0
2014-08-11 00:00:00+09:00,1105.947021484375,1118.5384486739506,1101.7498790878499,1105.947021484375,29600,0.0,0.0
2014-08-12 00:00:00+09:00,1110.144100509527,1112.2426715879951,1093.3555318817837,1099.6512451171875,30800,0.0,0.0
2014-08-13 00:00:00+09:00,1097.5526754284992,1108.0455308341254,1091.2569621851235,1103.848388671875,23200,0.0,0.0
2014-08-14 00:00:00+09:00,1101.7497030536779,1133.2282659980688,1101.7497030536779,1120.6368408203125,48800,0.0,0.0
2014-08-15 00:00:00+09:00,1133.228334880007,1141.622618842081,1124.8340509179327,1139.5240478515625,78800,0.0,0.0
2014-08-18 00:00:00+09:00,1189.2564536881273,1189.2564536881273,1165.4713246143647,1184.931884765625,36400,40.0,0.0
2014-08-19 00:00:00+09:00,1178.445228492202,1189.2566526068092,1171.9583740234375,1171.9583740234375,31600,0.0,0.0
2014-08-20 00:00:00+09:00,1178.4450523980634,1189.256474897128,1171.9581988986245,1174.1204833984375,30000,0.0,0.0
2014-08-21 00:00:00+09:00,1174.1207425458715,1182.7698824541285,1171.9584575688073,1178.4453125,26400,0.0,0.0
2014-08-22 00:00:00+09:00,1171.9584122978026,1178.4452669784177,1165.4715576171875,1165.4715576171875,38400,0.0,0.0
2014-08-25 00:00:00+09:00,1167.6337580894356,1178.4451817754489,1158.984619140625,1158.984619140625,26000,0.0,0.0
2014-08-26 00:00:00+09:00,1158.9848339109492,1169.796259600417,1150.335693359375,1150.335693359375,22800,0.0,0.0
2014-08-27 00:00:00+09:00,1180.0463818359376,1188.9356201171875,1166.7125244140625,1166.7125244140625,31200,35.9235,0.0
2014-08-28 00:00:00+09:00,1168.9348290357057,1168.9348290357057,1153.378662109375,1153.378662109375,66400,0.0,0.0
2014-08-29 00:00:00+09:00,1153.3787057559305,1182.2687311409536,1148.9340864659268,1162.2679443359375,51200,0.0,0.0
2014-09-01 00:00:00+09:00,1162.2677832210766,1211.1585886338178,1162.2677832210766,1208.936279296875,55600,0.0,0.0
2014-09-02 00:00:00+09:00,1204.4916798853303,1213.380917375259,1204.4916798853303,1206.7139892578125,28400,0.0,0.0
2014-09-03 00:00:00+09:00,1211.1586332669224,1222.2701803611144,1208.936323848084,1217.8255615234375,53200,0.0,0.0
2014-09-04 00:00:00+09:00,1222.2703583386478,1231.1595973083836,1197.824951171875,1197.824951171875,35600,0.0,0.0
2014-09-05 00:00:00+09:00,1197.8250533492478,1215.6035328052662,1193.380433485243,1200.04736328125,22800,0.0,0.0
2014-09-08 00:00:00+09:00,1200.0471136543188,1208.9363515332398,1186.7132568359375,1186.7132568359375,18400,0.0,0.0
2014-09-09 00:00:00+09:00,1186.7134811258761,1204.4919602438667,1186.7134811258761,1188.935791015625,22400,0.0,0.0
2014-09-10 00:00:00+09:00,1186.7133442220652,1204.4918212890625,1186.7133442220652,1204.4918212890625,42400,0.0,0.0
2014-09-11 00:00:00+09:00,1215.6035328052662,1217.8258427372684,1197.8250533492478,1200.04736328125,28400,0.0,0.0
2014-09-12 00:00:00+09:00,1195.602294921875,1197.8246040202428,1188.9353676267715,1195.602294921875,23200,0.0,0.0
2014-09-16 00:00:00+09:00,1186.7135409018151,1204.4920209153254,1180.0466108967487,1182.2689208984375,44000,0.0,0.0
2014-09-17 00:00:00+09:00,1182.268895828335,1184.4912057828994,1157.823486328125,1157.823486328125,50400,0.0,0.0
2014-09-18 00:00:00+09:00,1164.4902478883187,1217.8256790893104,1164.4902478883187,1204.4918212890625,72400,0.0,0.0
2014-09-19 00:00:00+09:00,1204.4918212890625,1217.8256790893104,1182.268724955316,1204.4918212890625,63600,0.0,0.0
2014-09-22 00:00:00+09:00,1202.269364397841,1202.269364397841,1188.935508230767,1193.380126953125,29200,0.0,0.0
2014-09-24 00:00:00+09:00,1175.6018262920957,1184.4910650542288,1166.7125875299628,1173.3795166015625,68000,0.0,0.0
2014-09-25 00:00:00+09:00,1162.267795896619,1204.49167375902,1162.267795896619,1193.380126953125,109200,0.0,0.0
2014-09-26 00:00:00+09:00,1186.7132038374389,1251.1601755814195,1184.4908944669567,1248.9378662109375,140000,0.0,0.0
2014-09-29 00:00:00+09:00,1248.9378662109375,1260.0494130633479,1228.9370818765985,1248.9378662109375,83200,0.0,0.0
2014-09-30 00:00:00+09:00,1202.269562752016,1244.4934475806451,1202.269562752016,1240.048828125,114400,0.0,0.0
2014-10-01 00:00:00+09:00,1240.0486754813185,1240.0486754813185,1215.603271484375,1215.603271484375,28400,0.0,0.0
2014-10-02 00:00:00+09:00,1180.0464153219411,1204.4918212890625,1180.0464153219411,1204.4918212890625,48000,0.0,0.0
2014-10-03 00:00:00+09:00,1188.9359567299512,1224.492919921875,1188.9359567299512,1224.492919921875,30800,0.0,0.0
2014-10-06 00:00:00+09:00,1220.0479541015625,1240.0487402343751,1215.6033349609374,1222.270263671875,20800,0.0,0.0
2014-10-07 00:00:00+09:00,1200.047041949104,1220.0478259815889,1200.047041949104,1208.936279296875,30000,0.0,0.0
2014-10-08 00:00:00+09:00,1195.6025782343168,1197.8248878592874,1182.2687204844915,1191.157958984375,23600,0.0,0.0
2014-10-09 00:00:00+09:00,1200.047260914309,1200.047260914309,1180.0464732324037,1197.824951171875,31600,0.0,0.0
2014-10-10 00:00:00+09:00,1175.601990893371,1186.7135409018151,1168.9350608883046,1182.2689208984375,32800,0.0,0.0
2014-10-14 00:00:00+09:00,1162.2681112951454,1184.4912109375,1162.2681112951454,1184.4912109375,46800,0.0,0.0
2014-10-15 00:00:00+09:00,1173.3794969872401,1175.601806640625,1166.7125680270854,1175.601806640625,21200,0.0,0.0
2014-10-16 00:00:00+09:00,1162.2679639794362,1166.7125833445582,1155.601034931753,1160.045654296875,34000,0.0,0.0
2014-10-17 00:00:00+09:00,1160.0455857661732,1160.0455857661732,1135.600180702135,1140.0447998046875,37600,0.0,0.0
2014-10-20 00:00:00+09:00,1151.1563961109287,1166.7125636259411,1151.1563961109287,1162.2679443359375,15200,0.0,0.0
2014-10-21 00:00:00+09:00,1166.7124997652495,1168.9348092886119,1151.1563331017128,1155.6009521484375,10400,0.0,0.0
2014-10-22 00:00:00+09:00,1157.8233250459339,1166.7125636259411,1157.8233250459339,1162.2679443359375,7600,0.0,0.0
2014-10-23 00:00:00+09:00,1173.3795362903227,1180.0464654737902,1162.2679876512098,1171.1572265625,15200,0.0,0.0
2014-10-24 00:00:00+09:00,1175.6016652233197,1186.7132121535967,1168.9347370651533,1177.823974609375,12800,0.0,0.0
2014-10-27 00:00:00+09:00,1166.7125636259411,1175.6018022059484,1162.2679443359375,1162.2679443359375,10000,0.0,0.0
2014-10-28 00:00:00+09:00,1157.8234636173693,1157.8234636173693,1140.0449843295785,1146.7119140625,19200,0.0,0.0
2014-10-29 00:00:00+09:00,1146.7117334266618,1164.490209913897,1142.267114304853,1153.378662109375,18400,0.0,0.0
2014-10-30 00:00:00+09:00,1155.6009765625001,1171.1571435546875,1155.6009765625001,1166.7125244140625,12800,0.0,0.0
2014-10-31 00:00:00+09:00,1173.379556053945,1173.379556053945,1155.6010779319154,1168.9349365234375,32400,0.0,0.0
2014-11-04 00:00:00+09:00,1173.3795166015625,1177.824135982629,1162.2679681488962,1173.3795166015625,62800,0.0,0.0
2014-11-05 00:00:00+09:00,1173.3793558372643,1177.823974609375,1171.1570464512088,1177.823974609375,18400,0.0,0.0
2014-11-06 00:00:00+09:00,1164.4904161918187,1182.268895828335,1157.823486328125,1157.823486328125,43200,0.0,0.0
2014-11-07 00:00:00+09:00,1160.0456974624228,1173.379556053945,1160.0456974624228,1168.9349365234375,23200,0.0,0.0
2014-11-10 00:00:00+09:00,1177.824135982629,1177.824135982629,1166.7125875299628,1173.3795166015625,33600,0.0,0.0
2014-11-11 00:00:00+09:00,1168.9349168346773,1173.3795362903227,1166.7126071068549,1171.1572265625,7600,0.0,0.0
2014-11-12 00:00:00+09:00,1168.934873270943,1171.1571829159448,1157.8233250459339,1162.2679443359375,25600,0.0,0.0
2014-11-13 00:00:00+09:00,1146.711776820925,1168.934873270943,1146.711776820925,1162.2679443359375,33600,0.0,0.0
2014-11-14 00:00:00+09:00,1166.7125636259411,1166.7125636259411,1148.9340864659268,1162.2679443359375,26800,0.0,0.0
2014-11-17 00:00:00+09:00,1166.7127261463831,1166.7127261463831,1155.6011763735605,1157.823486328125,11200,0.0,0.0
2014-11-18 00:00:00+09:00,1157.8232812311837,1157.8232812311837,1151.1563525484705,1153.378662109375,19600,0.0,0.0
2014-11-19 00:00:00+09:00,1155.6011763735605,1162.2681062372542,1153.378866418996,1157.823486328125,19600,0.0,0.0
2014-11-20 00:00:00+09:00,1155.601034931753,1162.2679639794362,1153.3787252491918,1160.045654296875,27200,0.0,0.0
2014-11-21 00:00:00+09:00,1155.6009716702793,1157.8232812311837,1153.378662109375,1153.378662109375,8400,0.0,0.0
2014-11-25 00:00:00+09:00,1153.3786669921876,1175.6017626953126,1148.9340478515626,1166.7125244140625,82400,0.0,0.0
2014-11-26 00:00:00+09:00,1173.3793558372643,1177.823974609375,1171.1570464512088,1177.823974609375,60400,0.0,0.0
2014-11-27 00:00:00+09:00,1177.824135982629,1177.824135982629,1171.1572069110293,1173.3795166015625,18400,0.0,0.0
2014-11-28 00:00:00+09:00,1173.3795166015625,1177.824135982629,1166.7125875299628,1173.3795166015625,45200,0.0,0.0
2014-12-01 00:00:00+09:00,1177.8241162940099,1184.4910452541646,1168.9348776804702,1175.601806640625,31200,0.0,0.0
2014-12-02 00:00:00+09:00,1175.601767559734,1180.04638671875,1166.712529241702,1180.04638671875,86000,0.0,0.0
2014-12-03 00:00:00+09:00,1180.0464259473947,1182.2687356007798,1173.3794969872401,1175.601806640625,56400,0.0,0.0
2014-12-04 00:00:00+09:00,1175.6019540292245,1211.1589129412616,1175.6019540292245,1200.04736328125,96000,0.0,0.0
2014-12-05 00:00:00+09:00,1208.9364536830358,1246.7157178606305,1206.7141440255302,1244.493408203125,112400,0.0,0.0
2014-12-08 00:00:00+09:00,1266.7163532536204,1284.4948283870046,1248.9378781202363,1275.6055908203125,143200,0.0,0.0
2014-12-09 00:00:00+09:00,1253.3828546228544,1271.1613348302708,1244.4936145191461,1262.2720947265625,63200,0.0,0.0
2014-12-10 00:00:00+09:00,1244.493471081261,1262.2719492395647,1240.048851541685,1251.160400390625,53600,0.0,0.0
2014-12-11 00:00:00+09:00,1228.937279485887,1240.048828125,1200.0472530241937,1240.048828125,52000,0.0,0.0
2014-12-12 00:00:00+09:00,1208.9366030092592,1226.7150824652779,1195.6027434172454,1200.04736328125,91200,0.0,0.0
2014-12-15 00:00:00+09:00,1200.0472452352335,1215.6034132290235,1186.713386954842,1213.381103515625,32800,0.0,0.0
2014-12-16 00:00:00+09:00,1191.1576767251395,1204.4915313153463,1186.7130585284037,1195.602294921875,26800,0.0,0.0
2014-12-17 00:00:00+09:00,1166.712427679098,1193.380140311763,1166.712427679098,1177.823974609375,46000,0.0,0.0
2014-12-18 00:00:00+09:00,1208.936512298004,1208.936512298004,1168.9349365234375,1168.9349365234375,66000,0.0,0.0
2014-12-19 00:00:00+09:00,1168.934873270943,1177.8241118509502,1160.0456346909357,1162.2679443359375,80000,0.0,0.0
2014-12-22 00:00:00+09:00,1164.4904161918187,1171.1573460555123,1155.6011763735605,1157.823486328125,74000,0.0,0.0
2014-12-24 00:00:00+09:00,1160.0455711951622,1171.1571188119742,1153.3786426250751,1155.6009521484375,102000,0.0,0.0
2014-12-25 00:00:00+09:00,1042.263190810955,1107.8213232820065,1034.4851072974404,1090.0428466796875,397200,0.0,0.0
2014-12-26 00:00:00+09:00,1105.599177940219,1142.2672913794424,1100.0434031767004,1133.3780517578125,67200,0.0,0.0
2014-12-29 00:00:00+09:00,1146.7115020751953,1148.9338111877441,1133.3776473999023,1137.822265625,47600,0.0,0.0
2014-12-30 00:00:00+09:00,1146.711776820925,1171.1571829159448,1124.488680370907,1162.2679443359375,73600,0.0,0.0
2015-01-05 00:00:00+09:00,1140.044902163257,1160.0456899205071,1135.600282661646,1142.2672119140625,45600,0.0,0.0
2015-01-06 00:00:00+09:00,1124.4885190429686,1126.7108283691405,1106.7100444335938,1111.1546630859375,38400,0.0,0.0
2015-01-07 00:00:00+09:00,1113.37722042521,1135.60031863729,1113.37722042521,1124.48876953125,24400,0.0,0.0
2015-01-08 00:00:00+09:00,1126.7109375,1135.6001756656804,1124.4886279585799,1126.7109375,38400,0.0,0.0
2015-01-09 00:00:00+09:00,1120.044149888834,1131.155698994874,1117.821840067626,1124.48876953125,31600,0.0,0.0
2015-01-13 00:00:00+09:00,1111.15476168119,1155.6009521484375,1110.0436069195089,1155.6009521484375,62400,0.0,0.0
2015-01-14 00:00:00+09:00,1133.3778465451217,1153.3786320723887,1122.2662990299734,1128.9332275390625,26400,0.0,0.0
2015-01-15 00:00:00+09:00,1122.2662547278026,1128.9331829737102,1111.1547076512898,1120.0439453125,33200,0.0,0.0
2015-01-16 00:00:00+09:00,1113.3770433030686,1120.043971706081,1108.9324243677272,1110.0435791015625,39200,0.0,0.0
2015-01-19 00:00:00+09:00,1117.82177734375,1117.82177734375,1104.4879191646994,1117.82177734375,19600,0.0,0.0
2015-01-20 00:00:00+09:00,1095.5986840152452,1104.4879228307846,1091.1540646074754,1096.7098388671875,58400,0.0,0.0
2015-01-21 00:00:00+09:00,1097.820917848681,1101.1543821741323,1084.487060546875,1084.487060546875,58400,0.0,0.0
2015-01-22 00:00:00+09:00,1091.1540286217207,1091.1540286217207,1074.4867063922648,1080.04248046875,82400,0.0,0.0
2015-01-23 00:00:00+09:00,1068.9308568853246,1086.709332675517,1067.8197021484375,1067.8197021484375,108400,0.0,0.0
2015-01-26 00:00:00+09:00,1062.2639868291885,1063.375141627127,1048.9301292539267,1061.15283203125,66800,0.0,0.0
2015-01-27 00:00:00+09:00,1061.1529029190415,1073.3756065128734,1057.819438302542,1060.041748046875,68000,0.0,0.0
2015-01-28 00:00:00+09:00,1047.81884765625,1057.8192396275185,1047.81884765625,1047.81884765625,80000,0.0,0.0
2015-01-29 00:00:00+09:00,1044.4854612299466,1048.9300802139037,1038.9296875,1038.9296875,95200,0.0,0.0
2015-01-30 00:00:00+09:00,1041.1520679808787,1048.930151733137,1037.818603515625,1037.818603515625,110000,0.0,0.0
2015-02-02 00:00:00+09:00,1037.8186231621346,1042.2632425332786,1035.5963134765625,1035.5963134765625,56800,0.0,0.0
2015-02-03 00:00:00+09:00,1034.4850575753808,1036.7073670438563,1004.4838797509605,1012.261962890625,148400,0.0,0.0
2015-02-04 00:00:00+09:00,1004.4840599102209,1014.4844543119821,1004.4840599102209,1005.59521484375,96000,0.0,0.0
2015-02-05 00:00:00+09:00,1001.1502644725088,1031.1514377696872,1001.1502644725088,1030.040283203125,82400,0.0,0.0
2015-02-06 00:00:00+09:00,1037.8185327540107,1043.3743064839573,1031.151604278075,1038.9296875,66000,0.0,0.0
2015-02-09 00:00:00+09:00,1053.3747117062833,1053.3747117062833,1042.2631641144449,1044.4854736328125,49200,0.0,0.0
2015-02-10 00:00:00+09:00,1042.263270352282,1045.5967349696134,1025.595947265625,1025.595947265625,88800,0.0,0.0
2015-02-12 00:00:00+09:00,1026.7071931258492,1032.2629679804263,1022.2625732421875,1022.2625732421875,72800,0.0,0.0
2015-02-13 00:00:00+09:00,1018.928955078125,1028.9293483122615,1018.928955078125,1018.928955078125,83600,0.0,0.0
2015-02-16 00:00:00+09:00,1025.595876454275,1035.5962696158008,1024.4847216585497,1026.70703125,29200,0.0,0.0
2015-02-17 00:00:00+09:00,1023.3735668628246,1033.3739600243507,1022.2624120670995,1026.70703125,70400,0.0,0.0
2015-02-18 00:00:00+09:00,1040.2759959235432,1043.6682002580765,1038.0145263671875,1038.0145263671875,75200,20.0,0.0
2015-02-19 00:00:00+09:00,1039.145005507855,1040.2757400078638,1033.4913330078125,1033.4913330078125,90000,0.0,0.0
2015-02-20 00:00:00+09:00,1031.229958863385,1032.360693467402,1022.18408203125,1022.18408203125,95200,0.0,0.0
2015-02-23 00:00:00+09:00,1023.3148644843011,1031.2300070825222,1016.5304565429688,1016.5304565429688,140800,0.0,0.0
2015-02-24 00:00:00+09:00,1015.39972188608,1021.0533951705237,1015.39972188608,1016.5304565429688,94800,0.0,0.0
2015-02-25 00:00:00+09:00,1015.3999799022358,1026.7073293443543,1015.3999799022358,1023.3151245117188,52800,0.0,0.0
2015-02-26 00:00:00+09:00,1021.0535961429015,1038.014619334644,1021.0535961429015,1024.44580078125,57600,0.0,0.0
2015-02-27 00:00:00+09:00,1022.184331022351,1031.230210057947,1021.0535961429015,1024.44580078125,55600,0.0,0.0
2015-03-02 00:00:00+09:00,1022.1842576174042,1032.3608708016484,1018.7920532226562,1018.7920532226562,43200,0.0,0.0
2015-03-03 00:00:00+09:00,1018.7919818448648,1022.1841860019509,1013.1383082497213,1014.26904296875,68000,0.0,0.0
2015-03-04 00:00:00+09:00,1012.0077171073054,1028.968740299048,1010.8769822278559,1024.44580078125,69200,0.0,0.0
2015-03-05 00:00:00+09:00,1025.5765944001423,1030.09953417699,1022.1843895675069,1023.3151245117188,24000,0.0,0.0
2015-03-06 00:00:00+09:00,1023.3151245117188,1027.838064288566,1021.0536546232951,1023.3151245117188,36400,0.0,0.0
2015-03-09 00:00:00+09:00,1028.968740299048,1028.968740299048,1017.661391504553,1024.44580078125,29200,0.0,0.0
2015-03-10 00:00:00+09:00,1021.0535228191549,1026.7071968104017,1013.1383792314095,1018.7920532226562,91600,0.0,0.0
2015-03-11 00:00:00+09:00,1015.3998413085938,1016.5305760984696,1012.0076369389659,1015.3998413085938,36800,0.0,0.0
2015-03-12 00:00:00+09:00,1016.5305201551649,1017.6612548828125,1012.0075812445747,1017.6612548828125,28800,0.0,0.0
2015-03-13 00:00:00+09:00,1013.1382630813953,1023.314875098954,1012.0075284127777,1021.0534057617188,56800,0.0,0.0
2015-03-16 00:00:00+09:00,1021.0533767450052,1034.6221923828125,1018.7919074720372,1034.6221923828125,58400,0.0,0.0
2015-03-17 00:00:00+09:00,1040.2760009765625,1043.6682053275729,1036.883796625552,1040.2760009765625,47600,0.0,0.0
2015-03-18 00:00:00+09:00,1043.6678261569493,1043.6678261569493,1033.4912168011394,1035.752685546875,38000,0.0,0.0
2015-03-19 00:00:00+09:00,1031.22998046875,1034.6221843518708,1024.4455727025081,1031.22998046875,47200,0.0,0.0
2015-03-20 00:00:00+09:00,1031.229958863385,1031.229958863385,1014.268939803132,1022.18408203125,86000,0.0,0.0
2015-03-23 00:00:00+09:00,1016.5305760984696,1022.1842500478493,1015.3998413085938,1015.3998413085938,58800,0.0,0.0
2015-03-24 00:00:00+09:00,1016.5305760984696,1025.5764544174772,1015.3998413085938,1015.3998413085938,48400,0.0,0.0
2015-03-25 00:00:00+09:00,1013.13818359375,1024.4455293927874,1013.13818359375,1013.13818359375,62000,0.0,0.0
2015-03-26 00:00:00+09:00,1014.2692801456324,1018.7922200793921,1010.8770751953125,1010.8770751953125,41600,0.0,0.0
2015-03-27 00:00:00+09:00,1010.8770751953125,1017.6614850959522,1009.7463402118726,1010.8770751953125,30000,0.0,0.0
2015-03-30 00:00:00+09:00,1031.2300070825222,1033.4914763962997,1010.876783258525,1016.5304565429688,221200,0.0,0.0
2015-03-31 00:00:00+09:00,1026.7070552114571,1042.5373402037044,1026.7070552114571,1036.8836669921875,148800,0.0,0.0
2015-04-01 00:00:00+09:00,1033.4914630652775,1041.406605561401,1033.4914630652775,1036.8836669921875,72800,0.0,0.0
2015-04-02 00:00:00+09:00,1033.4914630652775,1044.798809488311,1031.2299937806706,1036.8836669921875,92400,0.0,0.0
2015-04-03 00:00:00+09:00,1038.0141542926106,1040.275623038346,1034.621951174007,1035.752685546875,109200,0.0,0.0
2015-04-06 00:00:00+09:00,1035.7530441367744,1035.7530441367744,1030.099370315067,1032.36083984375,108800,0.0,0.0
2015-04-07 00:00:00+09:00,996.1772706626883,996.1772706626883,973.5625766635354,980.3469848632812,510800,0.0,0.0
2015-04-08 00:00:00+09:00,974.6934693379886,974.6934693379886,963.3861205057614,969.039794921875,303600,0.0,0.0
2015-04-09 00:00:00+09:00,964.516766992303,965.6475017718953,938.5098670616782,956.6016235351562,337600,0.0,0.0
2015-04-10 00:00:00+09:00,940.7713988366788,941.9021336910498,923.8103760211137,929.4640502929688,398400,0.0,0.0
2015-04-13 00:00:00+09:00,920.4180571404885,920.4180571404885,905.718505859375,905.718505859375,315200,0.0,0.0
2015-04-14 00:00:00+09:00,904.5878295898438,907.9800339508057,896.6726860809326,904.5878295898438,360400,0.0,0.0
2015-04-15 00:00:00+09:00,906.8492353723404,911.3721742021277,903.45703125,903.45703125,194400,0.0,0.0
2015-04-16 00:00:00+09:00,906.8492353723404,906.8492353723404,897.803357712766,903.45703125,183200,0.0,0.0
2015-04-17 00:00:00+09:00,902.3262861143868,902.3262861143868,897.8033473368711,898.93408203125,105200,0.0,0.0
2015-04-20 00:00:00+09:00,896.6726684570312,905.718546575135,895.5419336922682,896.6726684570312,183200,0.0,0.0
2015-04-21 00:00:00+09:00,897.8032836914062,900.0647529198482,895.5418144629645,897.8032836914062,170000,0.0,0.0
2015-04-22 00:00:00+09:00,902.326416015625,904.5878857299499,893.2805371583255,902.326416015625,211200,0.0,0.0
2015-04-23 00:00:00+09:00,902.3262965425532,903.45703125,900.0648271276596,903.45703125,94800,0.0,0.0
2015-04-24 00:00:00+09:00,900.0648167256289,901.1955514200079,898.93408203125,898.93408203125,78000,0.0,0.0
2015-04-27 00:00:00+09:00,896.6726684570312,900.0648727513201,895.5419336922682,896.6726684570312,72800,0.0,0.0
2015-04-28 00:00:00+09:00,896.6726684570312,898.9341379865572,896.6726684570312,896.6726684570312,59600,0.0,0.0
2015-04-30 00:00:00+09:00,894.4111275521824,896.6725969012398,892.149658203125,892.149658203125,170800,0.0,0.0
2015-05-01 00:00:00+09:00,894.4111301856705,894.4111301856705,887.6267221185225,893.2803955078125,182400,0.0,0.0
2015-05-07 00:00:00+09:00,889.8883031791706,893.2805076385577,887.6268335395794,888.757568359375,99600,0.0,0.0
2015-05-08 00:00:00+09:00,887.6268077850342,906.8492991638184,887.6268077850342,904.5878295898438,114800,0.0,0.0
2015-05-11 00:00:00+09:00,918.1565129206731,927.2023898952609,912.5028398115556,926.0716552734375,228000,0.0,0.0
2015-05-12 00:00:00+09:00,926.0716375111107,947.5555949136883,918.156495310161,944.1633911132812,176800,0.0,0.0
2015-05-13 00:00:00+09:00,933.9868696544179,943.0327473266157,929.463930818319,930.5946655273438,121600,0.0,0.0
2015-05-14 00:00:00+09:00,930.5947703193216,937.3791793374454,922.6796264648438,922.6796264648438,60800,0.0,0.0
2015-05-15 00:00:00+09:00,922.6794752038044,924.9409445057745,910.2413940429688,910.2413940429688,75600,0.0,0.0
2015-05-18 00:00:00+09:00,901.1955747082459,914.7643913914316,901.1955747082459,909.1107177734375,46000,0.0,0.0
2015-05-19 00:00:00+09:00,905.7185084469004,913.6336514670356,905.7185084469004,906.8492431640625,116400,0.0,0.0
2015-05-20 00:00:00+09:00,906.8491953645349,921.5487459128378,906.8491953645349,912.5028686523438,61200,0.0,0.0
2015-05-21 00:00:00+09:00,907.9800263408437,911.3722306733748,901.1956176757812,901.1956176757812,118400,0.0,0.0
2015-05-22 00:00:00+09:00,905.7185643768311,905.7185643768311,900.0648904418945,904.5878295898438,25600,0.0,0.0
2015-05-25 00:00:00+09:00,903.4571508727875,905.7186205871122,900.0649463013001,902.326416015625,71600,0.0,0.0
2015-05-26 00:00:00+09:00,904.5877581265703,906.8492275218867,900.0648193359375,900.0648193359375,89600,0.0,0.0
2015-05-27 00:00:00+09:00,901.195594671414,901.195594671414,891.0189819335938,891.0189819335938,118800,0.0,0.0
2015-05-28 00:00:00+09:00,891.0189076468711,891.0189076468711,885.365234375,885.365234375,112000,0.0,0.0
2015-05-29 00:00:00+09:00,885.3652902522557,893.2804333324164,883.1038208007812,883.1038208007812,225600,0.0,0.0
2015-06-01 00:00:00+09:00,880.8423817503497,898.9341379865572,880.8423817503497,896.6726684570312,151600,0.0,0.0
2015-06-02 00:00:00+09:00,898.9340527616026,913.6336033099055,897.8033181040408,912.5028686523438,153200,0.0,0.0
2015-06-03 00:00:00+09:00,913.6336797547663,923.810292524312,912.5029450025946,919.287353515625,133600,0.0,0.0
2015-06-04 00:00:00+09:00,919.2873286439833,936.248349467673,919.2873286439833,935.1176147460938,139200,0.0,0.0
2015-06-05 00:00:00+09:00,931.725543775525,973.5627344547659,930.5948088923024,969.039794921875,460800,0.0,0.0
2015-06-08 00:00:00+09:00,983.7391490667638,984.8698837208636,957.7322520224701,963.3859252929688,233600,0.0,0.0
2015-06-09 00:00:00+09:00,958.863093094341,961.1245626535258,941.9020714004553,956.6016235351562,136400,0.0,0.0
2015-06-10 00:00:00+09:00,949.8170504282756,956.6014579313347,935.1175008383142,938.5097045898438,78000,0.0,0.0
2015-06-11 00:00:00+09:00,935.1176907286352,952.0787129304847,935.1176907286352,941.902099609375,54800,0.0,0.0
2015-06-12 00:00:00+09:00,948.6863721764606,962.2551879882812,946.4249028744905,962.2551879882812,92800,0.0,0.0
2015-06-15 00:00:00+09:00,962.2552974331182,962.2552974331182,953.2094191963791,956.6016235351562,36400,0.0,0.0
2015-06-16 00:00:00+09:00,958.8630677688953,975.8240890148074,958.8630677688953,972.431884765625,90000,0.0,0.0
2015-06-17 00:00:00+09:00,981.4777361169174,1033.491533192238,979.21626667886,1014.26904296875,339600,0.0,0.0
2015-06-18 00:00:00+09:00,1030.09953417699,1031.2302691212017,1015.3999799022358,1023.3151245117188,153200,0.0,0.0
2015-06-19 00:00:00+09:00,1028.968740299048,1039.1453542140935,1024.44580078125,1024.44580078125,170000,0.0,0.0
2015-06-22 00:00:00+09:00,1021.053690046272,1023.315160013152,990.5238454933934,1010.8770751953125,115600,0.0,0.0
2015-06-23 00:00:00+09:00,998.4384967246751,1021.0531852122103,995.0462934515449,1006.3536376953125,102400,0.0,0.0
2015-06-24 00:00:00+09:00,1010.8768665434548,1022.1842140439409,999.5695190429688,999.5695190429688,120400,0.0,0.0
2015-06-25 00:00:00+09:00,952.078709254755,971.3012010093047,948.6865048274816,967.9089965820312,170400,0.0,0.0
2015-06-26 00:00:00+09:00,966.7782617729401,981.4778142911251,962.2553225365755,967.9089965820312,88400,0.0,0.0
2015-06-29 00:00:00+09:00,949.817074945061,959.9936864623296,943.0326672668821,948.6863403320312,83600,0.0,0.0
2015-06-30 00:00:00+09:00,952.0786184880407,958.8630266957939,949.8171490854562,954.340087890625,46800,0.0,0.0
2015-07-01 00:00:00+09:00,952.0785450238362,988.2620526731982,952.0785450238362,974.6932373046875,46800,0.0,0.0
2015-07-02 00:00:00+09:00,979.21630859375,983.7392476634672,970.1704304543158,979.21630859375,63200,0.0,0.0
2015-07-03 00:00:00+09:00,980.3470408180546,982.6085103470466,971.3011627020863,978.0855712890625,48400,0.0,0.0
2015-07-06 00:00:00+09:00,971.3011500158975,979.2162932639899,962.2552720180778,972.431884765625,61600,0.0,0.0
2015-07-07 00:00:00+09:00,974.6933669955744,980.3470408180546,972.4318974665823,978.0855712890625,31600,0.0,0.0
2015-07-08 00:00:00+09:00,967.90904296875,971.3012475585938,945.294345703125,961.1246337890625,124000,0.0,0.0
2015-07-09 00:00:00+09:00,929.4639642759812,972.431884765625,919.2873515284339,972.431884765625,126400,0.0,0.0
2015-07-10 00:00:00+09:00,957.7323797961551,993.9158935546875,957.7323797961551,993.9158935546875,119600,0.0,0.0
2015-07-13 00:00:00+09:00,993.9157872086864,1005.2231340483756,992.7850525247175,1000.7001953125,91200,0.0,0.0
2015-07-14 00:00:00+09:00,1001.8309888125516,1032.3608270720763,1001.8309888125516,1026.7071533203125,230000,0.0,0.0
2015-07-15 00:00:00+09:00,1027.8378880706653,1034.6222965727818,1023.3149490692542,1026.7071533203125,134000,0.0,0.0
2015-07-16 00:00:00+09:00,1022.1841034470942,1032.360715096457,1022.1841034470942,1031.22998046875,84000,0.0,0.0
2015-07-17 00:00:00+09:00,1031.2299884733607,1034.6221923828125,1028.9685192003928,1034.6221923828125,47200,0.0,0.0
2015-07-21 00:00:00+09:00,1019.9226681271115,1045.9295654296875,1019.9226681271115,1045.9295654296875,100000,0.0,0.0
2015-07-22 00:00:00+09:00,1040.2762428590859,1043.6684479988437,1032.361097532984,1039.1455078125,50000,0.0,0.0
2015-07-23 00:00:00+09:00,1026.70717858541,1050.452608927143,1025.5764438072322,1038.0145263671875,86800,0.0,0.0
2015-07-24 00:00:00+09:00,1025.576307330215,1040.2758574904058,1016.5304303085595,1031.22998046875,47200,0.0,0.0
2015-07-27 00:00:00+09:00,1034.622301709521,1040.2759754893543,1024.4456889058208,1028.9686279296875,82400,0.0,0.0
2015-07-28 00:00:00+09:00,1028.968622821018,1030.0993575713708,1013.1383363160793,1026.7071533203125,52800,0.0,0.0
2015-07-29 00:00:00+09:00,1026.707158417754,1031.230097441621,1024.4456889058208,1028.9686279296875,37200,0.0,0.0
2015-07-30 00:00:00+09:00,1024.44571400518,1044.7989401112432,1024.44571400518,1040.2760009765625,86000,0.0,0.0
2015-07-31 00:00:00+09:00,1050.4524961128152,1051.5832307695566,1040.2758842021422,1042.537353515625,88800,0.0,0.0
2015-08-03 00:00:00+09:00,1040.276030839257,1054.9755834489422,1040.276030839257,1053.8448486328125,64400,0.0,0.0
2015-08-04 00:00:00+09:00,1054.9754716922075,1062.89061456664,1053.84473699586,1058.36767578125,89600,0.0,0.0
2015-08-05 00:00:00+09:00,1058.3675509692514,1062.8904892212565,1052.7138781542446,1057.23681640625,52800,0.0,0.0
2015-08-06 00:00:00+09:00,1053.844612717246,1060.629020095254,1053.844612717246,1057.23681640625,28000,0.0,0.0
2015-08-07 00:00:00+09:00,1052.713886317922,1062.8904974638526,1052.713886317922,1060.6290283203125,80800,0.0,0.0
2015-08-10 00:00:00+09:00,1054.9753445414965,1060.629017341826,1051.5831408612987,1056.1060791015625,55200,0.0,0.0
2015-08-11 00:00:00+09:00,1053.84473699586,1058.36767578125,1047.0603288177751,1058.36767578125,69600,0.0,0.0
2015-08-12 00:00:00+09:00,1058.3677903938906,1060.6292600314844,1053.844851118703,1054.9755859375,38400,0.0,0.0
2015-08-13 00:00:00+09:00,1052.714043112362,1083.2438810973608,1048.1911041516216,1076.45947265625,105600,0.0,0.0
2015-08-14 00:00:00+09:00,1067.4135563548018,1112.6429443359375,1061.75988285716,1112.6429443359375,129600,0.0,0.0
2015-08-17 00:00:00+09:00,1097.9433855062596,1119.4273446459288,1096.812650814698,1109.250732421875,156000,0.0,0.0
2015-08-18 00:00:00+09:00,1110.389646597244,1150.2497877571452,1110.389646597244,1133.1668701171875,96800,8.75,0.0
2015-08-19 00:00:00+09:00,1127.4725228768807,1127.4725228768807,1100.139855655623,1106.9730224609375,44400,0.0,0.0
2015-08-20 00:00:00+09:00,1091.0289434449285,1102.4175545456062,1065.9739990234375,1065.9739990234375,43600,0.0,0.0
2015-08-21 00:00:00+09:00,1021.5583743443234,1059.1407894539807,1021.5583743443234,1039.7801513671875,70000,0.0,0.0
2015-08-24 00:00:00+09:00,976.004150390625,1035.2249389790877,949.8103400534203,976.004150390625,174000,0.0,0.0
2015-08-25 00:00:00+09:00,939.5603759320654,1006.7531785744799,920.1997378825562,937.2826538085938,114000,0.0,0.0
2015-08-26 00:00:00+09:00,945.2548804244732,989.6704711914062,945.2548804244732,989.6704711914062,46800,0.0,0.0
2015-08-27 00:00:00+09:00,1002.1977414443155,1012.4474910727233,979.4205200478538,981.6982421875,32000,0.0,0.0
2015-08-28 00:00:00+09:00,978.2816468698006,999.9200069286205,978.2816468698006,983.9759521484375,45600,0.0,0.0
2015-08-31 00:00:00+09:00,983.9762663118132,1036.3638916015625,983.9762663118132,1036.3638916015625,63200,0.0,0.0
2015-09-01 00:00:00+09:00,1043.1967592185742,1043.1967592185742,1007.8920654022252,1012.447509765625,55600,0.0,0.0
2015-09-02 00:00:00+09:00,999.9200191587349,1007.892046646333,969.1707702779994,970.3096313476562,62400,0.0,0.0
2015-09-03 00:00:00+09:00,990.8090389476104,1002.1976485906863,979.4204293045343,987.3924560546875,39600,0.0,0.0
2015-09-04 00:00:00+09:00,987.3926843261719,998.781296602137,956.6434311810661,968.0320434570312,45200,0.0,0.0
2015-09-07 00:00:00+09:00,936.1438471293277,960.0599308151135,935.0049860014332,949.8101806640625,28800,0.0,0.0
2015-09-08 00:00:00+09:00,950.9490781069371,972.5874403632627,950.9490781069371,954.3656616210938,38400,0.0,0.0
2015-09-09 00:00:00+09:00,979.4204540624105,995.3645079657521,956.6432342004939,994.2256469726562,22800,0.0,0.0
2015-09-10 00:00:00+09:00,968.0321211575626,982.8373183046783,968.0321211575626,976.004150390625,20000,0.0,0.0
2015-09-11 00:00:00+09:00,986.2535578616111,987.3924187829293,957.7820348286546,982.8369750976562,24000,0.0,0.0
2015-09-14 00:00:00+09:00,950.9490413575377,969.1708193955263,950.9490413575377,961.1987915039062,72400,0.0,0.0
2015-09-15 00:00:00+09:00,958.9210023056121,965.7541685928254,956.6432802098742,962.3375854492188,18400,0.0,0.0
2015-09-16 00:00:00+09:00,978.2818181403329,982.8372631607768,958.9211768034462,974.865234375,26400,0.0,0.0
2015-09-17 00:00:00+09:00,966.8931746532692,988.5315378080538,966.8931746532692,980.5595092773438,25200,0.0,0.0
2015-09-18 00:00:00+09:00,979.4205994433935,995.3646557134022,971.4485713083891,978.28173828125,38800,0.0,0.0
2015-09-24 00:00:00+09:00,983.9759453587278,983.9759453587278,961.1987244013499,962.3375854492188,62800,0.0,0.0
2015-09-25 00:00:00+09:00,946.3935373094347,995.364562705711,946.3935373094347,983.9759521484375,45600,0.0,0.0
2015-09-28 00:00:00+09:00,977.1428100585938,1023.8361145019531,977.1428100585938,1002.19775390625,83200,0.0,0.0
2015-09-29 00:00:00+09:00,1013.5864327249539,1036.363655932256,1001.0589599609375,1001.0589599609375,308800,0.0,0.0
2015-09-30 00:00:00+09:00,1009.0309571141032,1022.6972906190346,993.0869013583499,1006.7532348632812,29600,0.0,0.0
2015-10-01 00:00:00+09:00,1013.5864202388976,1013.5864202388976,996.5035030438601,1003.336669921875,11200,0.0,0.0
2015-10-02 00:00:00+09:00,1006.7532405362017,1019.2807129863128,994.2257680860906,1017.0029907226562,21200,0.0,0.0
2015-10-05 00:00:00+09:00,1017.003066485861,1063.6963763693104,1005.614454319166,1047.7523193359375,60800,0.0,0.0
2015-10-06 00:00:00+09:00,1050.0301768982333,1061.418790530535,1043.1970087188522,1045.4747314453125,26800,0.0,0.0
2015-10-07 00:00:00+09:00,1029.5305398692255,1050.0300417692765,1029.5305398692255,1047.7523193359375,22000,0.0,0.0
2015-10-08 00:00:00+09:00,1047.7521850850733,1068.2516843584767,1043.1967408020946,1050.0299072265625,48000,0.0,0.0
2015-10-09 00:00:00+09:00,1050.0297732662843,1054.5852169680904,1045.4743295644785,1052.3074951171875,27600,0.0,0.0
2015-10-13 00:00:00+09:00,1054.5853820603256,1058.0019653715362,1053.4465209565888,1055.7242431640625,18400,0.0,0.0
2015-10-14 00:00:00+09:00,1048.8910887352195,1058.0019776710303,1046.613366501267,1053.446533203125,24000,0.0,0.0
2015-10-15 00:00:00+09:00,1053.4466848065777,1064.8352976152973,1051.1689622448337,1059.1409912109375,43600,0.0,0.0
2015-10-16 00:00:00+09:00,1065.9741588961695,1067.1130201770413,1059.1409912109375,1059.1409912109375,14800,0.0,0.0
2015-10-19 00:00:00+09:00,1059.1407700947352,1065.9739363534109,1020.4194946289061,1020.4194946289062,50000,0.0,0.0
2015-10-20 00:00:00+09:00,1021.5583556720188,1027.252660887582,1015.8640504564557,1020.4194946289062,35200,0.0,0.0
2015-10-21 00:00:00+09:00,1020.4195191241686,1034.0858519695814,1020.4195191241686,1027.252685546875,10800,0.0,0.0
2015-10-22 00:00:00+09:00,1020.4194474835886,1042.057806302995,1020.4194474835886,1040.9189453125,19600,0.0,0.0
2015-10-23 00:00:00+09:00,1042.0580083216846,1056.8632040683315,1037.5025634765625,1037.5025634765625,10800,0.0,0.0
2015-10-26 00:00:00+09:00,1052.3075552174507,1054.585277198441,1040.9189453125,1040.9189453125,7600,0.0,0.0
2015-10-27 00:00:00+09:00,1040.9192489197799,1045.4746942104573,1017.0031611437238,1019.2808837890625,15600,0.0,0.0
2015-10-28 00:00:00+09:00,1019.2806763107249,1026.1138428558247,1012.447509765625,1012.447509765625,17200,0.0,0.0
2015-10-29 00:00:00+09:00,1013.5864078094032,1027.2527413978446,1001.058935353332,1005.6143798828125,21200,0.0,0.0
2015-10-30 00:00:00+09:00,1059.1407894539807,1063.6962337096968,1032.9469849836134,1039.7801513671875,172000,0.0,0.0
2015-11-02 00:00:00+09:00,1047.752221786299,1050.0299440075737,1040.9190551224754,1043.19677734375,32000,0.0,0.0
2015-11-04 00:00:00+09:00,1053.4463560426389,1053.4463560426389,1037.5023030863179,1052.3074951171875,25200,0.0,0.0
2015-11-05 00:00:00+09:00,1052.3076843724607,1052.3076843724607,1042.0579342000017,1051.1688232421875,22000,0.0,0.0
2015-11-06 00:00:00+09:00,1051.169093151736,1052.3079545744354,1039.7804789247398,1046.6136474609375,10400,0.0,0.0
2015-11-09 00:00:00+09:00,1052.3076293680517,1052.3076293680517,1043.1967408020946,1050.0299072265625,14800,0.0,0.0
2015-11-10 00:00:00+09:00,1047.7522521376222,1053.4465578557615,1044.3356687067387,1048.89111328125,24000,0.0,0.0
2015-11-11 00:00:00+09:00,1047.7523143780872,1047.7523143780872,1037.5025634765625,1037.5025634765625,24400,0.0,0.0
2015-11-12 00:00:00+09:00,1036.363617111965,1045.4745060536084,1028.3915892880266,1030.6693115234375,16800,0.0,0.0
2015-11-13 00:00:00+09:00,1027.2525679976852,1030.6691508180766,1014.72509765625,1014.72509765625,32000,0.0,0.0
2015-11-16 00:00:00+09:00,1004.4755480114229,1024.9750489912478,990.809214024873,1022.6973266601562,30800,0.0,0.0
2015-11-17 00:00:00+09:00,1017.0029849919798,1037.502485249377,1004.4755126124594,1006.7532348632812,17200,0.0,0.0
2015-11-18 00:00:00+09:00,1001.0590381493149,1012.4476506424811,997.642454401365,1009.0310668945312,40000,0.0,0.0
2015-11-19 00:00:00+09:00,1005.6144046023979,1007.8921269231282,999.9200988005724,1001.0589599609375,28800,0.0,0.0
2015-11-20 00:00:00+09:00,1001.0587590016476,1009.030785523845,1001.0587590016476,1004.475341796875,14000,0.0,0.0
2015-11-24 00:00:00+09:00,1004.4755310682109,1004.4755310682109,999.9200864828675,1003.336669921875,14400,0.0,0.0
2015-11-25 00:00:00+09:00,1005.6141554928898,1019.2804860318645,1005.6141554928898,1013.586181640625,13600,0.0,0.0
2015-11-26 00:00:00+09:00,1015.8639718502329,1023.8359985351562,1015.8639718502329,1023.8359985351562,16800,0.0,0.0
2015-11-27 00:00:00+09:00,1019.280694020367,1043.19677734375,1019.280694020367,1043.19677734375,12800,0.0,0.0
2015-11-30 00:00:00+09:00,1047.752160881817,1054.5853271484375,1036.3635504374492,1054.5853271484375,61200,0.0,0.0
2015-12-01 00:00:00+09:00,1042.057946419483,1055.724280143017,1040.9190852758552,1048.89111328125,31600,0.0,0.0
2015-12-02 00:00:00+09:00,1043.1967831503378,1053.446533203125,1040.919060916385,1053.446533203125,16800,0.0,0.0
2015-12-03 00:00:00+09:00,1047.7520514153814,1056.8629388189934,1047.7520514153814,1052.3074951171875,25200,0.0,0.0
2015-12-04 00:00:00+09:00,1051.168902985946,1053.446625419285,1043.1968744692595,1047.7523193359375,22800,0.0,0.0
2015-12-07 00:00:00+09:00,1047.7523269905116,1047.7523269905116,1021.5585188157488,1035.224853515625,24400,0.0,0.0
2015-12-08 00:00:00+09:00,1024.974853515625,1032.94688015408,1024.974853515625,1024.974853515625,26000,0.0,0.0
2015-12-09 00:00:00+09:00,1020.4195741181411,1037.5024910955653,1017.0029907226562,1017.0029907226562,24400,0.0,0.0
2015-12-10 00:00:00+09:00,1012.4475461953432,1018.1418518544846,1011.3086850635149,1017.0029907226562,9600,0.0,0.0
2015-12-11 00:00:00+09:00,1017.0027642753687,1026.1136513013519,1011.3084598841292,1013.586181640625,15200,0.0,0.0
2015-12-14 00:00:00+09:00,1001.0590381493149,1009.0310668945312,998.7813156506816,1009.0310668945312,28800,0.0,0.0
2015-12-15 00:00:00+09:00,999.9200317382813,1009.0309204101563,957.7821716308595,1002.19775390625,58800,0.0,0.0
2015-12-16 00:00:00+09:00,1004.4753777490903,1013.5862655291274,991.9479070515392,997.6422119140625,9600,0.0,0.0
2015-12-17 00:00:00+09:00,998.7812069854047,1012.447540490336,998.7812069854047,1006.7532348632812,74000,0.0,0.0
2015-12-18 00:00:00+09:00,1006.7532657627631,1006.7532657627631,997.6423764798421,1001.0589599609375,47200,0.0,0.0
2015-12-21 00:00:00+09:00,1003.3366398271733,1003.3366398271733,983.976000920179,986.2537231445312,31200,0.0,0.0
2015-12-22 00:00:00+09:00,974.8651680794347,978.2817516124235,964.6154174804688,964.6154174804688,86800,0.0,0.0
2015-12-24 00:00:00+09:00,957.7823443779579,958.921205667349,933.8662573007437,947.5325927734375,183600,0.0,0.0
2015-12-25 00:00:00+09:00,947.5325927734375,947.5325927734375,947.5325927734375,947.5325927734375,0,0.0,0.0
2015-12-28 00:00:00+09:00,1043.1967230322527,1067.1128051105031,1012.4474746459308,1064.8350830078125,85200,0.0,0.0
2015-12-29 00:00:00+09:00,1042.0581257919494,1063.6964912455526,1029.5306510556525,1060.2799072265625,24000,0.0,0.0
2015-12-30 00:00:00+09:00,1069.3904121528237,1075.084716796875,1058.0018028647214,1075.084716796875,46000,0.0,0.0
2016-01-04 00:00:00+09:00,1072.8069949392545,1080.7790214409263,1068.2515512240136,1075.084716796875,42800,0.0,0.0
2016-01-05 00:00:00+09:00,1078.5013668509328,1078.5013668509328,1067.112756852507,1073.9459228515625,47600,0.0,0.0
2016-01-06 00:00:00+09:00,1073.9459280906317,1076.2236501014283,1056.8630130096567,1061.41845703125,28000,0.0,0.0
2016-01-07 00:00:00+09:00,1061.4184554250617,1064.8350384360865,1038.6412353515625,1038.6412353515625,25200,0.0,0.0
2016-01-08 00:00:00+09:00,1038.6415632659314,1047.7524541717728,1029.53067236009,1045.4747314453125,24000,0.0,0.0
2016-01-12 00:00:00+09:00,1045.4745190183633,1046.6133801501917,1009.0309627998583,1017.0029907226562,14400,0.0,0.0
2016-01-13 00:00:00+09:00,1037.5024351809348,1037.5024351809348,1027.252685546875,1027.252685546875,4000,0.0,0.0
2016-01-14 00:00:00+09:00,1020.4194796580189,1020.4194796580189,957.7821232057967,965.754150390625,61200,0.0,0.0
2016-01-15 00:00:00+09:00,981.6984569856694,981.6984569856694,963.4766758815271,976.004150390625,9200,0.0,0.0
2016-01-18 00:00:00+09:00,953.2266791001805,978.2816216810694,932.7271806249079,965.754150390625,42800,0.0,0.0
2016-01-19 00:00:00+09:00,978.2816588352543,978.2816588352543,963.476464929715,970.3096313476562,6400,0.0,0.0
2016-01-20 00:00:00+09:00,970.3096750710228,971.4485361919981,938.4215636837121,939.5604248046875,56800,0.0,0.0
2016-01-21 00:00:00+09:00,929.3105245960077,933.8659683440272,898.561279296875,898.561279296875,43600,0.0,0.0
2016-01-22 00:00:00+09:00,922.4774540280832,938.4215087890625,908.8111213758153,938.4215087890625,19600,0.0,0.0
2016-01-25 00:00:00+09:00,938.4216358418367,953.2268315529336,938.4216358418367,948.67138671875,10000,0.0,0.0
2016-01-26 00:00:00+09:00,948.6714540628286,955.5046217991755,942.9771476158729,947.5325927734375,11600,0.0,0.0
2016-01-27 00:00:00+09:00,947.5325059101655,968.0320072399527,947.5325059101655,963.4765625,6800,0.0,0.0
2016-01-28 00:00:00+09:00,954.3656193773675,956.6433416193182,939.5604248046875,939.5604248046875,12400,0.0,0.0
2016-01-29 00:00:00+09:00,952.087989163686,952.087989163686,928.1719033114881,945.2548217773438,12800,0.0,0.0
2016-02-01 00:00:00+09:00,961.1987957203779,1017.0029912065136,961.1987957203779,1005.6143798828125,33600,0.0,0.0
2016-02-02 00:00:00+09:00,1010.1697994009269,1032.947021484375,1010.1697994009269,1032.947021484375,17600,0.0,0.0
2016-02-03 00:00:00+09:00,1017.0029114995683,1026.1137998444692,1001.0588568959917,1020.4194946289062,10800,0.0,0.0
2016-02-04 00:00:00+09:00,988.5313360358266,1002.1976678704233,963.476394339066,995.364501953125,34400,0.0,0.0
2016-02-05 00:00:00+09:00,979.4205564714745,986.2537231445312,969.1708064618894,986.2537231445312,8800,0.0,0.0
2016-02-08 00:00:00+09:00,969.1706973216573,973.7261412573642,947.5323386270492,972.5872802734375,8800,0.0,0.0
2016-02-09 00:00:00+09:00,962.3376970394924,962.3376970394924,941.8381958007812,941.8381958007812,18000,0.0,0.0
2016-02-10 00:00:00+09:00,941.8382041306413,941.8382041306413,898.5614789106119,917.922119140625,22400,0.0,0.0
2016-02-12 00:00:00+09:00,881.4785457116495,889.4505739028402,855.2847387977375,887.1728515625,73600,0.0,0.0
2016-02-15 00:00:00+09:00,887.1729032897949,922.4776016235351,887.1729032897949,911.0889892578125,29600,0.0,0.0
2016-02-16 00:00:00+09:00,903.1169309220224,954.3656848835495,903.1169309220224,905.3946533203125,142800,0.0,0.0
2016-02-17 00:00:00+09:00,885.9852493640989,907.6781871706941,883.7017822265625,883.7017822265625,66000,2.5,0.0
2016-02-18 00:00:00+09:00,905.3946533203125,905.3946533203125,893.9773184739025,905.3946533203125,6400,0.0,0.0
2016-02-19 00:00:00+09:00,896.2607952079388,904.2529296875,896.2607952079388,904.2529296875,3600,0.0,0.0
2016-02-22 00:00:00+09:00,889.4102456146816,911.1031784345519,889.4102456146816,907.677978515625,3600,0.0,0.0
2016-02-23 00:00:00+09:00,908.8198046385495,917.9536720218515,908.8198046385495,911.103271484375,12400,0.0,0.0
2016-02-24 00:00:00+09:00,911.1033046761739,911.1033046761739,885.9851684570312,885.9851684570312,18000,0.0,0.0
2016-02-25 00:00:00+09:00,880.2765051362479,901.9694410604875,880.2765051362479,899.6859741210938,12800,0.0,0.0
2016-02-26 00:00:00+09:00,890.5520311745897,895.1189646677927,881.4181641881837,887.1268310546875,34000,0.0,0.0
2016-02-29 00:00:00+09:00,901.9693353114984,903.1110686473357,890.552001953125,890.552001953125,43200,0.0,0.0
2016-03-01 00:00:00+09:00,890.552001953125,890.552001953125,883.701601938101,890.552001953125,5200,0.0,0.0
2016-03-02 00:00:00+09:00,903.1111844170654,908.8198518280456,896.2607835238891,898.5442504882812,22400,0.0,0.0
2016-03-03 00:00:00+09:00,898.5442287401221,899.685962194684,893.977294921875,893.977294921875,8400,0.0,0.0
2016-03-04 00:00:00+09:00,893.9774057736435,897.4026065620482,888.2687377929688,888.2687377929688,11600,0.0,0.0
2016-03-07 00:00:00+09:00,891.6937645478905,897.4024314143943,885.9850976813867,887.1268310546875,8400,0.0,0.0
2016-03-08 00:00:00+09:00,888.2685227129537,888.2685227129537,882.5598561145414,884.8433227539062,8400,0.0,0.0
2016-03-09 00:00:00+09:00,888.2686849908297,888.2686849908297,880.2765502929688,880.2765502929688,56400,0.0,0.0
2016-03-10 00:00:00+09:00,880.2765011344989,889.4103688505508,880.2765011344989,885.9851684570312,3200,0.0,0.0
2016-03-11 00:00:00+09:00,884.8434329342532,885.9851663961039,879.134765625,879.134765625,8000,0.0,0.0
2016-03-14 00:00:00+09:00,890.5521836391715,895.1191179142442,882.5600486577944,883.7017822265625,32400,0.0,0.0
2016-03-15 00:00:00+09:00,887.1270041968339,890.5522049852386,882.5600698122942,888.2687377929688,14800,0.0,0.0
2016-03-16 00:00:00+09:00,888.2686849908297,890.5521520473613,879.1348167647029,880.2765502929688,33200,0.0,0.0
2016-03-17 00:00:00+09:00,875.7095848719279,880.2765188217163,872.2843844095866,876.851318359375,18400,0.0,0.0
2016-03-18 00:00:00+09:00,872.2844636615954,873.4261972527755,864.2923285233347,867.717529296875,23200,0.0,0.0
2016-03-22 00:00:00+09:00,868.8592628880551,872.2844636615954,863.1505949321546,867.717529296875,29200,0.0,0.0
2016-03-23 00:00:00+09:00,859.725322071606,865.433989548841,859.725322071606,862.0087890625,11600,0.0,0.0
2016-03-24 00:00:00+09:00,857.4418631160961,858.5835966222427,850.5914620792165,854.0166625976562,42400,0.0,0.0
2016-03-25 00:00:00+09:00,851.7331661625645,862.0087673629172,851.7331661625645,857.4418334960938,32800,0.0,0.0
2016-03-28 00:00:00+09:00,855.1583546492752,858.5835550016756,849.4496873952747,851.733154296875,23200,0.0,0.0
2016-03-29 00:00:00+09:00,867.7174485574557,873.4261159821758,860.8670476477917,870.0009155273438,22000,0.0,0.0
2016-03-30 00:00:00+09:00,864.2923285233347,872.2844636615954,864.2923285233347,867.717529296875,50800,0.0,0.0
2016-03-31 00:00:00+09:00,867.7173585580066,874.5677587571487,867.7173585580066,873.426025390625,34000,0.0,0.0
2016-04-01 00:00:00+09:00,873.4261440565862,873.4261440565862,857.4418747535898,859.725341796875,30000,0.0,0.0
2016-04-04 00:00:00+09:00,859.7253044398396,871.1426391601562,858.583570967808,871.1426391601562,16000,0.0,0.0
2016-04-05 00:00:00+09:00,863.150522557947,873.4261240169702,859.725322071606,862.0087890625,49200,0.0,0.0
2016-04-06 00:00:00+09:00,973.8986788525993,973.8986788525993,919.0954706639419,924.8041381835938,326000,0.0,0.0
2016-04-07 00:00:00+09:00,933.9378759227739,943.0717426799648,930.5126758888273,932.796142578125,124000,0.0,0.0
2016-04-08 00:00:00+09:00,931.6543927556818,948.7803926225142,928.2291927823153,941.9299926757812,76800,0.0,0.0
2016-04-11 00:00:00+09:00,947.638671875,956.7725385918675,941.9300051769578,947.638671875,62400,0.0,0.0
2016-04-12 00:00:00+09:00,952.205698294943,955.6308986485219,948.780497941364,951.06396484375,33200,0.0,0.0
2016-04-13 00:00:00+09:00,954.4891380618134,969.3316725053583,954.4891380618134,961.3395385742188,66000,0.0,0.0
2016-04-14 00:00:00+09:00,972.7568578987477,980.7489917077751,967.0481908922998,977.3237915039062,78400,0.0,0.0
2016-04-15 00:00:00+09:00,976.1820730177636,976.1820730177636,961.3395385742188,961.3395385742188,12000,0.0,0.0
2016-04-18 00:00:00+09:00,959.0560785337937,989.8828810580941,959.0560785337937,981.8907470703125,112400,0.0,0.0
2016-04-19 00:00:00+09:00,1010.4340940325449,1024.1348953075624,984.1742249220945,1016.1427612304688,112400,0.0,0.0
2016-04-20 00:00:00+09:00,1020.709742627453,1032.1270775561718,1003.583740234375,1003.583740234375,78000,0.0,0.0
2016-04-21 00:00:00+09:00,1003.5836356707981,1025.2765697751727,1003.5836356707981,1022.9931030273438,39600,0.0,0.0
2016-04-22 00:00:00+09:00,1027.5601806640625,1036.6940489366318,1016.1428453233507,1027.5601806640625,170000,0.0,0.0
2016-04-25 00:00:00+09:00,1016.1427270757218,1021.8513940817652,984.1741918418788,1005.8671264648438,38400,0.0,0.0
2016-04-26 00:00:00+09:00,1013.8594076609533,1024.135009765625,997.8751377203527,1024.135009765625,67200,0.0,0.0
2016-04-27 00:00:00+09:00,1011.5758846343786,1015.0010851466845,1002.4420166015625,1002.4420166015625,26800,0.0,0.0
2016-04-28 00:00:00+09:00,1018.4263419296963,1024.135009765625,1001.3003384219099,1024.135009765625,38800,0.0,0.0
2016-05-02 00:00:00+09:00,1013.8592194413716,1032.126953125,1000.1584191786504,1032.126953125,36400,0.0,0.0
2016-05-06 00:00:00+09:00,1036.6939674329658,1094.922373092747,1036.6939674329658,1093.7806396484375,191600,0.0,0.0
2016-05-09 00:00:00+09:00,1085.788501183024,1098.3475690200517,1080.079833984375,1080.079833984375,48000,0.0,0.0
2016-05-10 00:00:00+09:00,1089.2135650634766,1106.3395645141602,1081.2214319864909,1096.06396484375,74800,0.0,0.0
2016-05-11 00:00:00+09:00,1096.0639939263324,1096.0639939263324,1084.6466606562662,1092.6387939453125,43600,0.0,0.0
2016-05-12 00:00:00+09:00,1089.2136670807765,1089.2136670807765,1050.3947313567237,1069.80419921875,39600,0.0,0.0
2016-05-13 00:00:00+09:00,1068.6623979988744,1082.363197973219,1059.5285313493114,1077.7962646484375,27200,0.0,0.0
2016-05-16 00:00:00+09:00,1085.7885643454158,1091.4972318761488,1078.9381633085363,1086.9302978515625,43200,0.0,0.0
2016-05-17 00:00:00+09:00,1085.7884229744006,1094.9222898343326,1084.646689616909,1089.213623046875,26800,0.0,0.0
2016-05-18 00:00:00+09:00,1092.638985139778,1092.638985139778,1038.977509380562,1042.4027099609375,37200,0.0,0.0
2016-05-19 00:00:00+09:00,1073.229604269062,1077.7965387553136,1051.5366654593684,1074.371337890625,32000,0.0,0.0
2016-05-20 00:00:00+09:00,1082.36326171875,1084.646728515625,1073.22939453125,1084.646728515625,20000,0.0,0.0
2016-05-23 00:00:00+09:00,1088.0721010561342,1088.0721010561342,1068.6626302083332,1078.938232421875,10800,0.0,0.0
2016-05-24 00:00:00+09:00,1080.0796504180153,1081.2213836637002,1050.3945860302051,1058.38671875,18800,0.0,0.0
2016-05-25 00:00:00+09:00,1074.3711034896526,1074.3711034896526,1054.961636157746,1073.2293701171875,14000,0.0,0.0
2016-05-26 00:00:00+09:00,1078.9381995567908,1084.6468672793135,1057.2452622112046,1068.66259765625,36000,0.0,0.0
2016-05-27 00:00:00+09:00,1081.2216666457998,1081.2216666457998,1059.5287293002136,1068.66259765625,8800,0.0,0.0
2016-05-30 00:00:00+09:00,1078.9382723768763,1078.9382723768763,1066.3792025396851,1074.371337890625,5600,0.0,0.0
2016-05-31 00:00:00+09:00,1084.6466606562662,1094.9222605993257,1078.9379940212334,1092.6387939453125,75600,0.0,0.0
2016-06-01 00:00:00+09:00,1091.49712890625,1091.49712890625,1081.2215283203125,1084.646728515625,10400,0.0,0.0
2016-06-02 00:00:00+09:00,1088.0718896893836,1089.213623046875,1057.2450890371135,1089.213623046875,23200,0.0,0.0
2016-06-03 00:00:00+09:00,1075.5128227569774,1089.213623046875,1073.2293560419944,1089.213623046875,26400,0.0,0.0
2016-06-06 00:00:00+09:00,1053.8200053939902,1061.8121397794268,1008.1506660486385,1046.9696044921875,34400,0.0,0.0
2016-06-07 00:00:00+09:00,1056.103535463079,1064.0956703260429,1042.4027328408552,1053.820068359375,18400,0.0,0.0
2016-06-08 00:00:00+09:00,1074.3713154695472,1074.3713154695472,1051.5366435148278,1062.9539794921875,22800,0.0,0.0
2016-06-09 00:00:00+09:00,1065.237380496774,1065.237380496774,1026.418440585852,1042.4027099609375,11600,0.0,0.0
2016-06-10 00:00:00+09:00,1054.9616301780522,1054.9616301780522,1024.1348292962261,1030.9852294921875,19200,0.0,0.0
2016-06-13 00:00:00+09:00,1013.8593139648438,1037.8357166599583,1001.3002458864504,1013.8593139648438,24800,0.0,0.0
2016-06-14 00:00:00+09:00,1002.4420010060522,1002.4420010060522,964.7647959568498,983.0325317382812,24400,0.0,0.0
2016-06-15 00:00:00+09:00,967.0482199915967,991.0246221401487,967.0482199915967,973.8986206054688,14000,0.0,0.0
2016-06-16 00:00:00+09:00,964.764838218689,968.1900388277494,943.0719010279729,949.9223022460938,34800,0.0,0.0
2016-06-17 00:00:00+09:00,967.0482079847803,977.323808778007,955.630873770084,968.18994140625,18800,0.0,0.0
2016-06-20 00:00:00+09:00,986.4576282184386,1050.394696714078,986.4576282184386,1030.9852294921875,38000,0.0,0.0
2016-06-21 00:00:00+09:00,1030.9853454323315,1048.111347848151,996.7333406006925,1045.827880859375,32800,0.0,0.0
2016-06-22 00:00:00+09:00,1046.9694727147587,1049.2529393946163,1028.701739275897,1048.1112060546875,28400,0.0,0.0
2016-06-23 00:00:00+09:00,1045.8279404189561,1045.8279404189561,1029.8436705872252,1038.9775390625,20400,0.0,0.0
2016-06-24 00:00:00+09:00,1043.5443521189136,1054.961686387173,959.0560785337937,981.8907470703125,58400,0.0,0.0
2016-06-27 00:00:00+09:00,991.0246736515713,1016.1428105413577,988.7412066615907,1010.4341430664062,71600,0.0,0.0
2016-06-28 00:00:00+09:00,1007.0087999666927,1007.0087999666927,980.7489333008946,984.1741333007812,25600,0.0,0.0
2016-06-29 00:00:00+09:00,993.30810546875,1007.0089069234914,986.4577047413793,993.30810546875,36000,0.0,0.0
2016-06-30 00:00:00+09:00,1018.4263057621646,1018.4263057621646,993.3081681761023,1000.1585693359375,20800,0.0,0.0
2016-07-01 00:00:00+09:00,1011.5758207828626,1011.5758207828626,988.7411521421659,995.591552734375,26800,0.0,0.0
2016-07-04 00:00:00+09:00,1008.1506445921468,1019.5679791854893,997.8750434581385,1007.0089111328125,19600,0.0,0.0
2016-07-05 00:00:00+09:00,992.1663501906891,992.1663501906891,978.4655490373079,988.7411499023438,20400,0.0,0.0
2016-07-06 00:00:00+09:00,979.60749449911,992.1665649414062,976.1822934693928,992.1665649414062,18400,0.0,0.0
2016-07-07 00:00:00+09:00,991.0245501408812,992.166283493578,975.040283203125,975.040283203125,11600,0.0,0.0
2016-07-08 00:00:00+09:00,985.3160998634863,987.599567070586,973.8987638279882,978.4656982421875,12800,0.0,0.0
2016-07-11 00:00:00+09:00,978.4656982421875,978.4656982421875,978.4656982421875,978.4656982421875,0,0.0,0.0
2016-07-12 00:00:00+09:00,989.8829326563181,991.0246661426576,983.0325317382812,983.0325317382812,14800,0.0,0.0
2016-07-13 00:00:00+09:00,984.174117737175,991.024517628617,970.4733179542909,971.6150512695312,21200,0.0,0.0
2016-07-14 00:00:00+09:00,972.7569877705388,981.8908562003091,969.331787109375,969.331787109375,12800,0.0,0.0
2016-07-15 00:00:00+09:00,973.8985739743184,978.4655074982309,955.6308398786689,957.914306640625,29200,0.0,0.0
2016-07-19 00:00:00+09:00,960.19775390625,963.6229539796374,956.7725538328627,960.19775390625,26000,0.0,0.0
2016-07-20 00:00:00+09:00,970.4732474027105,977.3236467961414,964.764581241518,972.7567138671875,20400,0.0,0.0
2016-07-21 00:00:00+09:00,972.7568750921286,972.7568750921286,967.0482079847803,968.18994140625,12000,0.0,0.0
2016-07-22 00:00:00+09:00,973.8985613999034,973.8985613999034,951.0638940751695,952.2056274414062,22000,0.0,0.0
2016-07-25 00:00:00+09:00,965.9065117665292,965.9065117665292,952.2057101811885,956.7726440429688,9600,0.0,0.0
2016-07-26 00:00:00+09:00,964.7648145392574,964.7648145392574,930.5128092893428,938.5049438476562,20400,0.0,0.0
2016-07-27 00:00:00+09:00,943.0718580820028,946.4970585350851,936.2214571758382,940.7883911132812,19600,0.0,0.0
2016-07-28 00:00:00+09:00,947.6387841033018,953.347451477418,937.3631828298924,948.780517578125,17200,0.0,0.0
2016-07-29 00:00:00+09:00,959.0560400216032,959.0560400216032,943.0717726879097,957.914306640625,14800,0.0,0.0
2016-08-01 00:00:00+09:00,957.9143014744087,957.9143014744087,944.2135009765625,944.2135009765625,8800,0.0,0.0
2016-08-02 00:00:00+09:00,944.2135401339897,949.922207244836,938.5048730231432,939.6466064453125,10800,0.0,0.0
2016-08-03 00:00:00+09:00,937.3630874231739,937.3630874231739,904.2528200233297,909.9614868164062,32000,0.0,0.0
2016-08-04 00:00:00+09:00,896.2607324032383,916.8119339105738,890.5520653178675,897.4024658203125,49200,0.0,0.0
2016-08-05 00:00:00+09:00,911.1031784345519,911.1031784345519,897.4023787588443,907.677978515625,17200,0.0,0.0
2016-08-08 00:00:00+09:00,913.3867817540322,920.2371826171875,912.2450482768396,920.2371826171875,5200,0.0,0.0
2016-08-09 00:00:00+09:00,920.2371691687632,956.772639904992,915.6702353267347,943.0718383789062,14000,0.0,0.0
2016-08-10 00:00:00+09:00,929.371034798971,941.930102836795,927.087567883003,936.221435546875,10800,0.0,0.0
2016-08-12 00:00:00+09:00,933.9379566777703,948.780491441598,925.9458225741707,930.5127563476562,17200,0.0,0.0
2016-08-15 00:00:00+09:00,935.0796582452183,935.0796582452183,925.9457910096118,927.0875244140625,4400,0.0,0.0
2016-08-16 00:00:00+09:00,943.0718220073007,943.0718220073007,920.2371531935646,923.662353515625,84400,0.0,0.0
2016-08-17 00:00:00+09:00,923.6623514505258,931.7343070811795,914.4372593012071,920.2029418945312,39600,10.0,0.0
2016-08-18 00:00:00+09:00,922.50927977301,936.3469189696051,922.50927977301,927.121826171875,17600,0.0,0.0
2016-08-19 00:00:00+09:00,925.9686299742896,936.3468587037647,925.9686299742896,929.4280395507812,9200,0.0,0.0
2016-08-22 00:00:00+09:00,922.5092230902778,940.9594075520833,922.5092230902778,934.0405883789062,10400,0.0,0.0
2016-08-23 00:00:00+09:00,934.0405883789062,938.6531344943577,930.5811787923178,934.0405883789062,14400,0.0,0.0
2016-08-24 00:00:00+09:00,927.121826171875,935.1937823698889,927.121826171875,927.121826171875,19200,0.0,0.0
2016-08-25 00:00:00+09:00,928.27490234375,932.8874484423525,928.27490234375,928.27490234375,5600,0.0,0.0
2016-08-26 00:00:00+09:00,928.2749090838287,939.8062744140625,928.2749090838287,939.8062744140625,17200,0.0,0.0
2016-08-29 00:00:00+09:00,939.8062723845684,940.9594089151017,934.0405897319024,936.3468627929688,11600,0.0,0.0
2016-08-30 00:00:00+09:00,937.5000704591611,958.2565295837181,937.5000704591611,955.9502563476562,16400,0.0,0.0
2016-08-31 00:00:00+09:00,962.8689640280195,977.8597383182761,957.1032816086899,973.2471923828125,36800,0.0,0.0
2016-09-01 00:00:00+09:00,965.1753626004071,988.238095279031,965.1753626004071,982.472412109375,32400,0.0,0.0
2016-09-02 00:00:00+09:00,991.6975069101791,1012.4539663571363,985.9318237304688,985.9318237304688,48800,0.0,0.0
2016-09-05 00:00:00+09:00,985.9317059134772,998.6162073930658,983.6254329171884,992.8505249023438,18000,0.0,0.0
2016-09-06 00:00:00+09:00,992.8505977977406,1020.5258757851341,992.8505977977406,1014.7601928710938,47600,0.0,0.0
2016-09-07 00:00:00+09:00,999.7694085453729,1007.8413645543898,998.6162719726562,998.6162719726562,24800,0.0,0.0
2016-09-08 00:00:00+09:00,999.769411073882,1010.1476402545798,997.4631379226158,1003.2288208007812,23200,0.0,0.0
2016-09-09 00:00:00+09:00,988.2379071124187,1000.9224076704545,976.70654296875,976.70654296875,36400,0.0,0.0
2016-09-12 00:00:00+09:00,968.6346999737395,969.7878365213273,959.4096075930372,960.562744140625,11200,0.0,0.0
2016-09-13 00:00:00+09:00,962.8690016004775,962.8690016004775,934.0405883789062,934.0405883789062,25600,0.0,0.0
2016-09-14 00:00:00+09:00,934.0405924179975,945.5719577564913,934.0405924179975,940.9594116210938,4000,0.0,0.0
2016-09-15 00:00:00+09:00,940.9594075520833,943.2656806098091,934.0405883789062,934.0405883789062,3200,0.0,0.0
2016-09-16 00:00:00+09:00,934.0405917489456,951.3376397442964,934.0405917489456,939.8062744140625,9200,0.0,0.0
2016-09-20 00:00:00+09:00,955.9501913077631,955.9501913077631,943.2656893724369,949.0313720703125,3200,0.0,0.0
2016-09-21 00:00:00+09:00,959.4095377207674,960.562674184374,943.2656272302737,946.7250366210938,16400,0.0,0.0
2016-09-23 00:00:00+09:00,954.797113774897,954.797113774897,940.959474444826,944.4188842773438,22400,0.0,0.0
2016-09-26 00:00:00+09:00,944.4187636938804,950.1844460119138,942.112490766667,946.7250366210938,7200,0.0,0.0
2016-09-27 00:00:00+09:00,939.8062200453675,958.2564035063808,935.1936741801142,950.1844482421875,18000,0.0,0.0
2016-09-28 00:00:00+09:00,944.4188278974112,955.9501933174041,944.4188278974112,952.4907836914062,4800,0.0,0.0
2016-09-29 00:00:00+09:00,953.6439842839246,962.8690772395128,952.4908476644762,958.2565307617188,16800,0.0,0.0
2016-09-30 00:00:00+09:00,958.2564042524858,958.2564042524858,951.3375854492188,951.3375854492188,34000,0.0,0.0
2016-10-03 00:00:00+09:00,962.8690760558419,977.8598520902442,954.7971197296253,955.9502563476562,42400,0.0,0.0
2016-10-04 00:00:00+09:00,907.5184395094886,925.9686237943067,895.9870743314774,919.0498046875,214000,0.0,0.0
2016-10-05 00:00:00+09:00,908.6715103342564,914.437192506428,907.518373899822,910.977783203125,45200,0.0,0.0
2016-10-06 00:00:00+09:00,922.5092661045396,923.6624026871704,901.7528076171875,901.7528076171875,59200,0.0,0.0
2016-10-07 00:00:00+09:00,901.7528113350651,913.284177208915,901.7528113350651,908.671630859375,24000,0.0,0.0
2016-10-11 00:00:00+09:00,908.6715103342564,910.977783203125,908.6715103342564,910.977783203125,11600,0.0,0.0
2016-10-12 00:00:00+09:00,910.9779034121366,913.2841765853319,907.5184936523438,907.5184936523438,25600,0.0,0.0
2016-10-13 00:00:00+09:00,908.6716302389414,914.4373131719295,905.2122204791484,907.5184936523438,22400,0.0,0.0
2016-10-14 00:00:00+09:00,906.365306369087,930.5811733331466,906.365306369087,924.8154907226562,36000,0.0,0.0
2016-10-17 00:00:00+09:00,923.6623472733932,923.6623472733932,909.824709111994,913.2841186523438,10800,0.0,0.0
2016-10-18 00:00:00+09:00,912.13104062153,913.284177208915,908.671630859375,908.671630859375,26800,0.0,0.0
2016-10-19 00:00:00+09:00,909.8246459960938,914.4371917299143,909.8246459960938,909.8246459960938,17200,0.0,0.0
2016-10-20 00:00:00+09:00,909.824709111994,917.8966647061435,909.824709111994,913.2841186523438,16000,0.0,0.0
2016-10-21 00:00:00+09:00,913.2840552964591,915.5903281633693,908.6715095626386,909.8246459960938,42800,0.0,0.0
2016-10-24 00:00:00+09:00,916.7434645968245,916.7434645968245,909.8246459960938,909.8246459960938,16800,0.0,0.0
2016-10-25 00:00:00+09:00,906.3653036705533,923.6623514505258,906.3653036705533,920.2029418945312,60400,0.0,0.0
2016-10-26 00:00:00+09:00,912.1310424804688,920.2029986086145,912.1310424804688,912.1310424804688,24000,0.0,0.0
2016-10-27 00:00:00+09:00,914.4371363194144,917.8965454101562,913.2839999558338,917.8965454101562,12400,0.0,0.0
2016-10-28 00:00:00+09:00,914.4372586162955,919.0498046875,912.1309855806932,919.0498046875,20800,0.0,0.0
2016-10-31 00:00:00+09:00,915.5903930664062,921.3560756423911,914.4372565512093,915.5903930664062,25200,0.0,0.0
2016-11-01 00:00:00+09:00,915.5903937573703,919.049803305572,914.4372572413031,916.7435302734375,10400,0.0,0.0
2016-11-02 00:00:00+09:00,916.7435281926936,916.7435281926936,909.824709111994,913.2841186523438,24800,0.0,0.0
2016-11-04 00:00:00+09:00,906.3653539477102,906.3653539477102,899.4465344519261,901.7528076171875,36800,0.0,0.0
2016-11-07 00:00:00+09:00,900.5996704101562,910.977899646637,897.1402606646627,900.5996704101562,88400,0.0,0.0
2016-11-08 00:00:00+09:00,901.7528063651844,904.0590795272436,892.5277137169471,899.446533203125,52800,0.0,0.0
2016-11-09 00:00:00+09:00,893.680830891927,893.680830891927,863.6992804361979,864.8524169921875,134800,0.0,0.0
2016-11-10 00:00:00+09:00,864.8524830935029,894.8340358407444,864.8524830935029,875.230712890625,100800,0.0,0.0
2016-11-11 00:00:00+09:00,878.6901233873868,889.0683531911749,870.6181668733295,876.3838500976562,66000,0.0,0.0
2016-11-14 00:00:00+09:00,880.9963391655107,892.5277048613943,876.3837928871573,883.3026123046875,21600,0.0,0.0
2016-11-15 00:00:00+09:00,884.455747594384,891.3745670019019,878.6900647547857,880.996337890625,25600,0.0,0.0
2016-11-16 00:00:00+09:00,889.0682957933965,889.0682957933965,877.536930089202,884.4557495117188,40800,0.0,0.0
2016-11-17 00:00:00+09:00,880.9962818427772,891.3745102938047,880.9962818427772,889.0682373046875,52000,0.0,0.0
2016-11-18 00:00:00+09:00,909.8247636956022,909.8247636956022,890.2214417908808,901.7528076171875,84000,0.0,0.0
2016-11-21 00:00:00+09:00,901.7526917276504,910.977783203125,899.4464188587816,910.977783203125,40400,0.0,0.0
2016-11-22 00:00:00+09:00,910.9778511047363,924.8154893493652,908.6715780639648,922.5092163085938,86000,0.0,0.0
2016-11-24 00:00:00+09:00,928.2748539314363,952.4907196861694,928.2748539314363,947.878173828125,85200,0.0,0.0
2016-11-25 00:00:00+09:00,935.1937289518469,952.4907769595875,935.1937289518469,940.9594116210938,47200,0.0,0.0
2016-11-28 00:00:00+09:00,940.9594116210938,944.4188212226419,927.1217732149012,940.9594116210938,38400,0.0,0.0
2016-11-29 00:00:00+09:00,944.418717956543,973.2471281505767,943.2655815487817,968.6345825195312,61200,0.0,0.0
2016-11-30 00:00:00+09:00,968.6347725022007,982.472412109375,959.4096794307512,982.472412109375,46800,0.0,0.0
2016-12-01 00:00:00+09:00,982.472412109375,989.3912319129621,975.5535923057879,982.472412109375,41600,0.0,0.0
2016-12-02 00:00:00+09:00,982.4723484831037,985.931758160861,973.2472560090839,977.8598022460938,20800,0.0,0.0
2016-12-05 00:00:00+09:00,968.6347110523898,985.9317594640396,957.1033454446232,980.1660766601562,48800,0.0,0.0
2016-12-06 00:00:00+09:00,980.1660740629155,984.7786202937999,968.6347084857048,975.5535278320312,35200,0.0,0.0
2016-12-07 00:00:00+09:00,984.7785572214714,984.7785572214714,967.481509963483,973.2471923828125,40000,0.0,0.0
2016-12-08 00:00:00+09:00,969.7878975501427,974.4004440307617,958.2565313485952,959.40966796875,29200,0.0,0.0
2016-12-09 00:00:00+09:00,959.4096673811673,960.5628040006158,947.878301186682,958.2565307617188,19200,0.0,0.0
2016-12-12 00:00:00+09:00,959.409499853114,988.2379103054311,957.1032270169286,981.319091796875,52800,0.0,0.0
2016-12-13 00:00:00+09:00,970.9408608969155,982.4722250405844,970.9408608969155,976.70654296875,8400,0.0,0.0
2016-12-14 00:00:00+09:00,976.7065461245043,982.4722282149677,966.3283183616701,981.319091796875,21200,0.0,0.0
2016-12-15 00:00:00+09:00,979.0129400993796,991.6974422679228,975.5535304170496,980.1660766601562,52800,0.0,0.0
2016-12-16 00:00:00+09:00,988.2379173811092,1002.0755544972974,984.7785081020621,991.6973266601562,52000,0.0,0.0
2016-12-19 00:00:00+09:00,991.6974612149326,1020.5258757851341,990.5443246321245,1014.7601928710938,100400,0.0,0.0
2016-12-20 00:00:00+09:00,1005.5349637763445,1008.9943730553915,979.0128259703171,991.6973266601562,93600,0.0,0.0
2016-12-21 00:00:00+09:00,991.6973826865658,991.6973826865658,980.1660177716057,983.6254272460938,18400,0.0,0.0
2016-12-22 00:00:00+09:00,989.3910467235238,990.5441831416165,976.7065461245043,981.319091796875,46400,0.0,0.0
2016-12-26 00:00:00+09:00,866.0055074135154,904.0590117339494,860.2398249407223,889.0682373046875,437200,0.0,0.0
2016-12-27 00:00:00+09:00,890.2214448533791,907.5184936523438,890.2214448533791,907.5184936523438,146000,0.0,0.0
2016-12-28 00:00:00+09:00,912.1309765407018,917.8966590725646,895.9870654514858,904.0590209960938,92800,0.0,0.0
2016-12-29 00:00:00+09:00,904.0590339936176,925.9686279296875,897.1402148559114,925.9686279296875,57600,0.0,0.0
2016-12-30 00:00:00+09:00,925.9686432254227,973.2472414473933,908.6715950954335,952.4907836914062,98800,0.0,0.0
2017-01-04 00:00:00+09:00,947.8782375234091,957.1033298594034,937.5000086454156,952.4907836914062,48800,0.0,0.0
2017-01-05 00:00:00+09:00,959.4095377207674,961.7158106479808,942.112490766667,946.7250366210938,32000,0.0,0.0
2017-01-06 00:00:00+09:00,945.5719509077428,954.7970431117208,927.1217664997868,929.4280395507812,53200,0.0,0.0
2017-01-10 00:00:00+09:00,930.5811239303179,945.5718979217604,921.3560322432762,943.265625,72000,0.0,0.0
2017-01-11 00:00:00+09:00,945.5719624515872,952.4907816890378,944.418825912012,949.0313720703125,30800,0.0,0.0
2017-01-12 00:00:00+09:00,950.1845045708384,950.1845045708384,939.8062757587783,942.112548828125,16000,0.0,0.0
2017-01-13 00:00:00+09:00,936.346928001469,949.0314307207008,936.346928001469,944.4188842773438,34000,0.0,0.0
2017-01-16 00:00:00+09:00,932.8874518500435,945.5719536675348,929.4280422634549,934.0405883789062,8400,0.0,0.0
2017-01-17 00:00:00+09:00,938.6531296821489,938.6531296821489,925.9686279296875,925.9686279296875,14800,0.0,0.0
2017-01-18 00:00:00+09:00,925.9686326768664,937.4999979654948,921.3560865614149,934.0405883789062,22800,0.0,0.0
2017-01-19 00:00:00+09:00,934.0405924179975,943.2656846887925,934.0405924179975,940.9594116210938,15200,0.0,0.0
2017-01-20 00:00:00+09:00,943.2657428558011,943.2657428558011,932.8875134111773,935.1937866210938,11200,0.0,0.0
2017-01-23 00:00:00+09:00,935.1937249077691,944.4188171386719,929.4280422634549,934.0405883789062,8400,0.0,0.0
2017-01-24 00:00:00+09:00,934.0406623253456,962.8690778292142,934.0406623253456,959.40966796875,51200,0.0,0.0
2017-01-25 00:00:00+09:00,959.4094325267221,980.1658865958099,959.4094325267221,970.9407958984375,48000,0.0,0.0
2017-01-26 00:00:00+09:00,977.8598028931095,980.1660760131404,969.7878469730013,979.012939453125,24800,0.0,0.0
2017-01-27 00:00:00+09:00,979.0127502586383,979.0127502586383,955.9500235152075,970.9407958984375,9200,0.0,0.0
2017-01-30 00:00:00+09:00,961.7157648655805,973.2471289526977,939.8061731000575,969.7877197265625,20000,0.0,0.0
2017-01-31 00:00:00+09:00,965.1752923116729,972.0941116113981,960.5627461118561,964.0221557617188,11200,0.0,0.0
2017-02-01 00:00:00+09:00,964.0221012273485,974.4003295898438,964.0221012273485,974.4003295898438,12800,0.0,0.0
2017-02-02 00:00:00+09:00,964.0222173802457,973.2473103695304,964.0222173802457,965.1753540039062,13200,0.0,0.0
2017-02-03 00:00:00+09:00,964.0220376830039,969.7877197265625,961.7157648655805,969.7877197265625,11200,0.0,0.0
2017-02-06 00:00:00+09:00,962.8690256970993,975.5535278320312,962.8690256970993,975.5535278320312,16800,0.0,0.0
2017-02-07 00:00:00+09:00,975.5535806509165,975.5535806509165,959.40966796875,959.40966796875,8000,0.0,0.0
2017-02-08 00:00:00+09:00,959.4096714647972,966.3284912109375,955.950261591727,966.3284912109375,6400,0.0,0.0
2017-02-09 00:00:00+09:00,964.0220903143826,969.7877726727221,957.103271484375,957.103271484375,6800,0.0,0.0
2017-02-10 00:00:00+09:00,955.9501999120392,966.3284288616271,955.9501999120392,964.0221557617188,12400,0.0,0.0
2017-02-13 00:00:00+09:00,962.8690178960347,967.4815640895487,957.1033351541423,961.7158813476562,9200,0.0,0.0
2017-02-14 00:00:00+09:00,966.3283698681,967.4815063476562,965.1752333885438,967.4815063476562,3200,0.0,0.0
2017-02-15 00:00:00+09:00,967.4813868869229,970.9407958984375,967.4813868869229,970.9407958984375,94800,0.0,0.0
2017-02-16 00:00:00+09:00,987.1811761957415,987.1811761957415,982.5410766601564,982.5410766601562,15200,6.25,0.0
2017-02-17 00:00:00+09:00,977.900991698059,983.7011162039787,975.5809418956911,976.740966796875,8400,0.0,0.0
2017-02-20 00:00:00+09:00,976.7410705566407,976.7410705566407,970.9409454345704,974.4210205078125,13200,0.0,0.0
2017-02-21 00:00:00+09:00,973.2609771510013,973.2609771510013,965.1408021330549,972.1009521484375,2400,0.0,0.0
2017-02-22 00:00:00+09:00,972.1009521484375,973.2609771510013,963.9807771304911,972.1009521484375,10400,0.0,0.0
2017-02-23 00:00:00+09:00,963.9809140208818,974.4211405265231,962.8208888535883,966.3009643554688,12400,0.0,0.0
2017-02-24 00:00:00+09:00,957.0206056601751,967.4608304491952,957.0206056601751,961.6607055664062,5200,0.0,0.0
2017-02-27 00:00:00+09:00,955.8606140284504,959.3406890795249,954.7005890114256,958.1806640625,5600,0.0,0.0
2017-02-28 00:00:00+09:00,961.6607055664062,961.6607055664062,952.380505753944,961.6607055664062,4000,0.0,0.0
2017-03-01 00:00:00+09:00,961.6607055664062,961.6607055664062,961.6607055664062,961.6607055664062,800,0.0,0.0
2017-03-02 00:00:00+09:00,962.8207084841844,962.8207084841844,950.060434034394,951.220458984375,19600,0.0,0.0
2017-03-03 00:00:00+09:00,950.0605223274463,954.7006225585938,950.0605223274463,954.7006225585938,3200,0.0,0.0
2017-03-06 00:00:00+09:00,954.7006197162702,954.7006197162702,946.5804443359375,946.5804443359375,6000,0.0,0.0
2017-03-07 00:00:00+09:00,951.220458984375,954.7005338343178,948.9004090844131,951.220458984375,6000,0.0,0.0
2017-03-08 00:00:00+09:00,951.2205016642154,953.5405516682745,948.9004516601562,948.9004516601562,8800,0.0,0.0
2017-03-09 00:00:00+09:00,945.4203766540677,948.9004516601562,941.9403016479791,948.9004516601562,11200,0.0,0.0
2017-03-10 00:00:00+09:00,950.060434034394,954.7005338343178,950.060434034394,951.220458984375,6800,0.0,0.0
2017-03-13 00:00:00+09:00,954.7005430865084,960.5006678926234,952.3804931640625,952.3804931640625,6000,0.0,0.0
2017-03-14 00:00:00+09:00,955.8605772886253,955.8605772886253,953.54052734375,953.54052734375,3600,0.0,0.0
2017-03-15 00:00:00+09:00,952.38057244302,958.1806977319544,952.38057244302,954.7006225585938,7200,0.0,0.0
2017-03-16 00:00:00+09:00,970.9409053788686,970.9409053788686,958.1806306367329,961.6607055664062,23600,0.0,0.0
2017-03-17 00:00:00+09:00,954.7006702902788,968.6209716796875,954.7006702902788,968.6209716796875,9600,0.0,0.0
2017-03-21 00:00:00+09:00,967.4608118871391,968.6208368414403,957.0205872984291,959.3406372070312,16800,0.0,0.0
2017-03-22 00:00:00+09:00,950.0604641384548,954.700564085407,936.1401642975983,939.6202392578125,32000,0.0,0.0
2017-03-23 00:00:00+09:00,934.9801393108603,946.5803891782407,932.6600893373842,939.6202392578125,12000,0.0,0.0
2017-03-24 00:00:00+09:00,945.4203826453298,945.4203826453298,941.9403076171875,941.9403076171875,1200,0.0,0.0
2017-03-27 00:00:00+09:00,944.2603759765625,947.7404510722992,941.940325912738,944.2603759765625,5200,0.0,0.0
2017-03-28 00:00:00+09:00,954.7005338343178,954.7005338343178,944.2603092844893,951.220458984375,4400,0.0,0.0
2017-03-29 00:00:00+09:00,951.2204682028395,959.3406429314003,951.2204682028395,952.3804931640625,19600,0.0,0.0
2017-03-30 00:00:00+09:00,955.8606016723335,957.020626674363,947.7404266581268,948.9004516601562,6400,0.0,0.0
2017-03-31 00:00:00+09:00,947.7404693902707,948.900494444604,946.5804443359375,946.5804443359375,5600,0.0,0.0
2017-04-03 00:00:00+09:00,939.6202208264039,944.2603206823368,937.3001708984375,937.3001708984375,13600,0.0,0.0
2017-04-04 00:00:00+09:00,937.300100560525,941.9402000682504,925.6998517912116,936.1400756835938,16000,0.0,0.0
2017-04-05 00:00:00+09:00,939.6203315734864,940.7803566741944,924.5400052642823,928.0200805664062,12000,0.0,0.0
2017-04-06 00:00:00+09:00,924.5398575919014,928.0199323381696,909.4595336914062,909.4595336914062,61200,0.0,0.0
2017-04-07 00:00:00+09:00,909.459557792468,921.0598072541065,903.6594330616487,904.8194580078125,48400,0.0,0.0
2017-04-10 00:00:00+09:00,881.6190096227134,919.8998350405418,881.6190096227134,903.6594848632812,58000,0.0,0.0
2017-04-11 00:00:00+09:00,903.6594480059224,904.8194729712702,894.3792482831402,899.0193481445312,12800,0.0,0.0
2017-04-12 00:00:00+09:00,902.4995155484069,902.4995155484069,887.419189453125,887.419189453125,33600,0.0,0.0
2017-04-13 00:00:00+09:00,887.4191526444712,918.7398286201584,887.4191526444712,905.9795532226562,73200,0.0,0.0
2017-04-14 00:00:00+09:00,908.2996668936638,916.4198427151908,901.3395161894978,914.0997924804688,22800,0.0,0.0
2017-04-17 00:00:00+09:00,914.099633353097,915.2596582685197,896.6992596217564,909.4595336914062,24800,0.0,0.0
2017-04-18 00:00:00+09:00,918.7397573617789,918.7397573617789,902.4994081154848,904.8194580078125,22400,0.0,0.0
2017-04-19 00:00:00+09:00,900.1793731098791,914.0996726940525,899.0193481445312,899.0193481445312,17600,0.0,0.0
2017-04-20 00:00:00+09:00,900.1794129194498,914.099713119235,900.1794129194498,911.7796630859375,21600,0.0,0.0
2017-04-21 00:00:00+09:00,915.2597535117487,915.2597535117487,904.8195281865196,905.9795532226562,8000,0.0,0.0
2017-04-24 00:00:00+09:00,908.2996124501728,915.2597627371474,905.9795623545147,907.1395874023438,11600,0.0,0.0
2017-04-25 00:00:00+09:00,907.1395079001402,912.9396326309595,896.6992833846655,904.8194580078125,16400,0.0,0.0
2017-04-26 00:00:00+09:00,904.8195281865196,910.6196533672025,900.1794280419734,905.9795532226562,15200,0.0,0.0
2017-04-27 00:00:00+09:00,903.6593959847676,907.1394706804728,900.1793212890625,900.1793212890625,15200,0.0,0.0
2017-04-28 00:00:00+09:00,901.3395545445576,904.8196300447296,895.5394287109375,895.5394287109375,23600,0.0,0.0
2017-05-01 00:00:00+09:00,896.6993809245644,896.6993809245644,885.0991302010901,886.2591552734375,62800,0.0,0.0
2017-05-02 00:00:00+09:00,890.8991514360313,900.1793509301566,886.2590516889686,888.5791015625,28000,0.0,0.0
2017-05-08 00:00:00+09:00,904.8195314407349,904.8195314407349,890.8992309570312,890.8992309570312,44000,0.0,0.0
2017-05-09 00:00:00+09:00,900.1793509301566,900.1793509301566,888.5791015625,888.5791015625,69600,0.0,0.0
2017-05-10 00:00:00+09:00,890.8992829204694,894.3793582443775,886.2591824885919,889.7392578125,26400,0.0,0.0
2017-05-11 00:00:00+09:00,893.2192013095627,895.5392511830939,887.4190766257343,888.5791015625,46000,0.0,0.0
2017-05-12 00:00:00+09:00,888.5791015625,890.8991514360313,888.5791015625,888.5791015625,23600,0.0,0.0
2017-05-15 00:00:00+09:00,889.7391321282637,894.3792319046823,879.2989076313219,881.6189575195312,66800,0.0,0.0
2017-05-16 00:00:00+09:00,886.2591489321226,896.6993745085481,886.2591489321226,893.2192993164062,15200,0.0,0.0
2017-05-17 00:00:00+09:00,893.2191356714221,893.2191356714221,879.2988374531661,880.4588623046875,71200,0.0,0.0
2017-05-18 00:00:00+09:00,876.9789001947971,904.8195002009811,873.4988251940241,879.2989501953125,55200,0.0,0.0
2017-05-19 00:00:00+09:00,881.6190396669782,893.219290188912,881.6190396669782,892.0592651367188,30000,0.0,0.0
2017-05-22 00:00:00+09:00,901.3394655542659,901.3394655542659,892.0592651367188,892.0592651367188,13600,0.0,0.0
2017-05-23 00:00:00+09:00,896.6993653454923,896.6993653454923,889.7392150323319,892.0592651367188,7200,0.0,0.0
2017-05-24 00:00:00+09:00,892.0593532107655,896.6994538776615,889.7393028773174,895.5394287109375,6800,0.0,0.0
2017-05-25 00:00:00+09:00,895.5393494445009,896.6993745085481,893.2192993164062,893.2192993164062,8000,0.0,0.0
2017-05-26 00:00:00+09:00,893.2192780623768,893.2192780623768,881.6190276979303,882.779052734375,38000,0.0,0.0
2017-05-29 00:00:00+09:00,890.8992309570312,896.6993561585745,888.579180876414,890.8992309570312,18000,0.0,0.0
2017-05-30 00:00:00+09:00,890.8992829204694,890.8992829204694,886.2591824885919,889.7392578125,5600,0.0,0.0
2017-05-31 00:00:00+09:00,893.219290188912,893.219290188912,888.5791899801385,892.0592651367188,16000,0.0,0.0
2017-06-01 00:00:00+09:00,900.1794578658344,926.86003458093,895.5393575675569,917.579833984375,82800,0.0,0.0
2017-06-02 00:00:00+09:00,933.8200960064878,939.6202208264039,922.2198463666557,937.3001708984375,64800,0.0,0.0
2017-06-05 00:00:00+09:00,928.0199711865718,948.9004205382696,928.0199711865718,937.3001708984375,36000,0.0,0.0
2017-06-06 00:00:00+09:00,932.6602241688205,932.6602241688205,911.7797713889215,925.7000732421875,26400,0.0,0.0
2017-06-07 00:00:00+09:00,910.6196145893615,944.2603392047646,909.4595896026234,939.6202392578125,31200,0.0,0.0
2017-06-08 00:00:00+09:00,943.1002249451817,945.4202746990444,934.9800508066623,936.1400756835938,23600,0.0,0.0
2017-06-09 00:00:00+09:00,932.6601442883361,933.8201693434212,923.3799438476562,923.3799438476562,6800,0.0,0.0
2017-06-12 00:00:00+09:00,909.4596070568971,926.8599821919142,909.4596070568971,918.7398071289062,16800,0.0,0.0
2017-06-13 00:00:00+09:00,921.0598571469085,926.8599821919142,918.7398071289062,918.7398071289062,6000,0.0,0.0
2017-06-14 00:00:00+09:00,918.7398838300111,918.7398838300111,912.9397583007812,912.9397583007812,6400,0.0,0.0
2017-06-15 00:00:00+09:00,904.8195581641119,926.86003458093,897.8594077166956,917.579833984375,50400,0.0,0.0
2017-06-16 00:00:00+09:00,911.7795702747462,923.37981926043,900.1793212890625,900.1793212890625,18800,0.0,0.0
2017-06-19 00:00:00+09:00,900.1794371153693,910.619662545831,900.1794371153693,907.1395874023438,8800,0.0,0.0
2017-06-20 00:00:00+09:00,901.3393831693209,916.4197074694512,901.3393831693209,904.8194580078125,22400,0.0,0.0
2017-06-21 00:00:00+09:00,904.8195098759427,904.8195098759427,901.3394348379583,903.6594848632812,8000,0.0,0.0
2017-06-22 00:00:00+09:00,912.9396792962684,938.4602294163674,911.7796542908094,933.8201293945312,44400,0.0,0.0
2017-06-23 00:00:00+09:00,928.0199769131858,937.3001766823177,928.0199769131858,930.3400268554688,14400,0.0,0.0
2017-06-26 00:00:00+09:00,934.9802744776981,934.9802744776981,923.3800229333098,925.7000732421875,13600,0.0,0.0
2017-06-27 00:00:00+09:00,876.9789599734897,909.4596621947302,875.8189348941597,902.49951171875,129600,0.0,0.0
2017-06-28 00:00:00+09:00,904.8194340297154,916.4196831839424,903.6594091142927,909.4595336914062,50000,0.0,0.0
2017-06-29 00:00:00+09:00,909.459557792468,912.9396326309595,902.4994081154848,904.8194580078125,25600,0.0,0.0
2017-06-30 00:00:00+09:00,912.9397673631078,921.0599431846348,908.2996668936638,914.0997924804688,32400,0.0,0.0
2017-07-03 00:00:00+09:00,914.0997834066272,914.0997834066272,910.6197080890893,912.9397583007812,7200,0.0,0.0
2017-07-04 00:00:00+09:00,912.9396881025863,912.9396881025863,904.8195129860449,911.7796630859375,10800,0.0,0.0
2017-07-05 00:00:00+09:00,911.7796296674488,916.4197295639754,905.9795047967908,915.2597045898438,8800,0.0,0.0
2017-07-06 00:00:00+09:00,917.5797670524722,924.5399169921875,917.5797670524722,924.5399169921875,3600,0.0,0.0
2017-07-07 00:00:00+09:00,922.2199096679688,922.2199096679688,918.7398345371462,922.2199096679688,3200,0.0,0.0
2017-07-10 00:00:00+09:00,916.419820582613,928.0200714760638,911.7797202252327,926.8600463867188,10000,0.0,0.0
2017-07-11 00:00:00+09:00,923.3799438476562,923.3799438476562,918.7398436273162,923.3799438476562,8400,0.0,0.0
2017-07-12 00:00:00+09:00,923.3798551042323,923.3798551042323,916.4197054426426,919.8997802734375,12000,0.0,0.0
2017-07-13 00:00:00+09:00,919.8998595807537,928.0200348860062,918.7398345371462,922.2199096679688,7200,0.0,0.0
2017-07-14 00:00:00+09:00,917.5797670524722,926.8599669720927,917.5797670524722,924.5399169921875,6400,0.0,0.0
2017-07-17 00:00:00+09:00,924.5399169921875,924.5399169921875,924.5399169921875,924.5399169921875,0,0.0,0.0
2017-07-18 00:00:00+09:00,926.8600006487868,926.8600006487868,921.0598754882812,921.0598754882812,6400,0.0,0.0
2017-07-19 00:00:00+09:00,921.0598754882812,921.0598754882812,918.7398254240791,921.0598754882812,6000,0.0,0.0
2017-07-20 00:00:00+09:00,921.0598571469085,925.6999571829131,917.5797821199051,918.7398071289062,11200,0.0,0.0
2017-07-21 00:00:00+09:00,918.7398071289062,923.3799071649108,918.7398071289062,918.7398071289062,6800,0.0,0.0
2017-07-24 00:00:00+09:00,917.579833984375,917.579833984375,917.579833984375,917.579833984375,3200,0.0,0.0
2017-07-25 00:00:00+09:00,917.579833984375,917.579833984375,911.7797086115281,917.579833984375,3600,0.0,0.0
2017-07-26 00:00:00+09:00,917.579800391978,921.0598754882812,917.579800391978,921.0598754882812,1600,0.0,0.0
2017-07-27 00:00:00+09:00,921.0599092080831,921.0599092080831,917.579833984375,917.579833984375,2400,0.0,0.0
2017-07-28 00:00:00+09:00,918.7398254240791,921.0598754882812,916.4197753598768,921.0598754882812,7200,0.0,0.0
2017-07-31 00:00:00+09:00,916.4198126707103,921.0599129880303,902.49951171875,902.49951171875,15600,0.0,0.0
2017-08-01 00:00:00+09:00,903.6593959847676,908.2994955790411,899.0192963904941,900.1793212890625,12400,0.0,0.0
2017-08-02 00:00:00+09:00,904.8194580078125,904.8194580078125,904.8194580078125,904.8194580078125,1200,0.0,0.0
2017-08-03 00:00:00+09:00,904.8195281865196,907.1395782587928,904.8195281865196,905.9795532226562,2800,0.0,0.0
2017-08-04 00:00:00+09:00,904.8194580078125,904.8194580078125,903.6594330616487,904.8194580078125,2800,0.0,0.0
2017-08-07 00:00:00+09:00,904.8194580078125,909.459557792468,904.8194580078125,904.8194580078125,10400,0.0,0.0
2017-08-08 00:00:00+09:00,909.4596374980019,909.4596374980019,907.1395874023438,907.1395874023438,5200,0.0,0.0
2017-08-09 00:00:00+09:00,910.6195827386318,910.6195827386318,901.3393831693209,904.8194580078125,10400,0.0,0.0
2017-08-10 00:00:00+09:00,901.3395072423215,914.0997834066272,894.3793566072457,912.9397583007812,22800,0.0,0.0
2017-08-11 00:00:00+09:00,912.9397583007812,912.9397583007812,912.9397583007812,912.9397583007812,0,0.0,0.0
2017-08-14 00:00:00+09:00,914.099633353097,914.099633353097,900.1793343680245,909.4595336914062,8400,0.0,0.0
2017-08-15 00:00:00+09:00,909.4595797191856,916.4197295639754,907.1395297709224,915.2597045898438,47600,0.0,0.0
2017-08-16 00:00:00+09:00,916.4256405192576,921.0893842369128,910.5959608721885,915.2597045898438,9200,5.0,0.0
2017-08-17 00:00:00+09:00,914.0938481532284,916.4257202148438,912.9279121224207,916.4257202148438,16800,0.0,0.0
2017-08-18 00:00:00+09:00,904.766328350072,912.9278802810649,904.766328350072,910.5960083007812,6400,0.0,0.0
2017-08-21 00:00:00+09:00,910.5960878338046,912.927960017758,909.4301517418279,911.7620239257812,9200,0.0,0.0
2017-08-22 00:00:00+09:00,916.425728617086,916.425728617086,881.447647372159,897.770751953125,47600,0.0,0.0
2017-08-23 00:00:00+09:00,896.6047787666321,901.2685227394104,889.6091628074646,895.4388427734375,11200,0.0,0.0
2017-08-24 00:00:00+09:00,895.4388798701299,898.9366879946225,894.2729438286323,897.770751953125,6800,0.0,0.0
2017-08-25 00:00:00+09:00,891.9410400390625,895.4388480392157,888.4432320389093,891.9410400390625,10000,0.0,0.0
2017-08-28 00:00:00+09:00,891.9411689876893,908.2642753482482,891.9411689876893,900.1027221679688,4800,0.0,0.0
2017-08-29 00:00:00+09:00,904.7664240631065,907.0982962900732,900.1026796091729,901.2686157226562,8000,0.0,0.0
2017-08-30 00:00:00+09:00,900.1025711118484,905.9322509765625,900.1025711118484,905.9322509765625,7200,0.0,0.0
2017-08-31 00:00:00+09:00,898.9365980972782,908.2640854964717,898.9365980972782,903.600341796875,12000,0.0,0.0
2017-09-01 00:00:00+09:00,905.9322323356707,905.9322323356707,904.7662963867188,904.7662963867188,2000,0.0,0.0
2017-09-04 00:00:00+09:00,904.7663682021104,904.7663682021104,897.770751953125,897.770751953125,11200,0.0,0.0
2017-09-05 00:00:00+09:00,902.4344693882258,902.4344693882258,888.4432373046875,888.4432373046875,17200,0.0,0.0
2017-09-06 00:00:00+09:00,881.4475842927632,889.6091359991776,881.4475842927632,886.111328125,14800,0.0,0.0
2017-09-07 00:00:00+09:00,891.9410131094163,891.9410131094163,882.613525390625,882.613525390625,12400,0.0,0.0
2017-09-08 00:00:00+09:00,882.6135918493296,886.111400007253,879.1157836914062,879.1157836914062,8800,0.0,0.0
2017-09-11 00:00:00+09:00,880.2816534609273,886.1113332851718,879.1157174960783,882.613525390625,44000,0.0,0.0
2017-09-12 00:00:00+09:00,886.1112391695062,886.1112391695062,876.7837524414062,876.7837524414062,24400,0.0,0.0
2017-09-13 00:00:00+09:00,883.7794717720124,886.1113437291945,874.451983943284,875.617919921875,64000,0.0,0.0
2017-09-14 00:00:00+09:00,876.7838984375,879.1157705078125,873.2860903320313,874.4520263671875,23200,0.0,0.0
2017-09-15 00:00:00+09:00,875.6179251441343,880.2816690863135,872.1201171875,872.1201171875,28800,0.0,0.0
2017-09-18 00:00:00+09:00,872.1201171875,872.1201171875,872.1201171875,872.1201171875,0,0.0,0.0
2017-09-19 00:00:00+09:00,872.1201171875,876.7838611296792,870.9541812019552,872.1201171875,33600,0.0,0.0
2017-09-20 00:00:00+09:00,875.6178166003937,877.9496882824187,872.1200090773561,876.7837524414062,14800,0.0,0.0
2017-09-21 00:00:00+09:00,876.7838984375,876.7838984375,874.4520263671875,874.4520263671875,19600,0.0,0.0
2017-09-22 00:00:00+09:00,874.4520263671875,875.6179624023438,872.1201542968751,874.4520263671875,13600,0.0,0.0
2017-09-25 00:00:00+09:00,873.2860903320313,877.9498344726563,873.2860903320313,874.4520263671875,10400,0.0,0.0
2017-09-26 00:00:00+09:00,874.4520210174926,877.9498291015625,873.2860849894693,877.9498291015625,14400,0.0,0.0
2017-09-27 00:00:00+09:00,879.1156802954264,880.2816162109375,876.7838084644039,880.2816162109375,7600,0.0,0.0
2017-09-28 00:00:00+09:00,880.2816162109375,886.1112957884934,880.2816162109375,880.2816162109375,24000,0.0,0.0
2017-09-29 00:00:00+09:00,877.9497443799152,882.6134880419598,877.9497443799152,880.2816162109375,20000,0.0,0.0
2017-10-02 00:00:00+09:00,881.4476080016285,886.111351959309,880.2816720122083,883.7794799804688,38800,0.0,0.0
2017-10-03 00:00:00+09:00,888.4433094811818,891.9411177862258,874.4520762610057,881.4476928710938,89200,0.0,0.0
2017-10-04 00:00:00+09:00,881.4476928710938,881.4476928710938,875.6180123626871,881.4476928710938,16800,0.0,0.0
2017-10-05 00:00:00+09:00,881.4476080016285,883.7794799804688,879.1157360227882,883.7794799804688,20400,0.0,0.0
2017-10-06 00:00:00+09:00,882.613628972775,882.613628972775,880.2817567694124,881.4476928710938,7200,0.0,0.0
2017-10-09 00:00:00+09:00,881.4476928710938,881.4476928710938,881.4476928710938,881.4476928710938,0,0.0,0.0
2017-10-10 00:00:00+09:00,881.4476371856325,884.9454452697025,874.4520210174926,877.9498291015625,16400,0.0,0.0
2017-10-11 00:00:00+09:00,873.2860007178705,880.2816162109375,873.2860007178705,880.2816162109375,24800,0.0,0.0
2017-10-12 00:00:00+09:00,880.2817011576092,881.4476371856325,875.6179570455159,877.9498291015625,16400,0.0,0.0
2017-10-13 00:00:00+09:00,876.783911586124,882.6135918493296,875.6179755334829,879.1157836914062,14800,0.0,0.0
2017-10-16 00:00:00+09:00,881.4476557966885,881.4476557966885,876.783911586124,879.1157836914062,14400,0.0,0.0
2017-10-17 00:00:00+09:00,881.4476557966885,881.4476557966885,875.6179755334829,879.1157836914062,17200,0.0,0.0
2017-10-18 00:00:00+09:00,879.1157836914062,880.2817197440473,876.783911586124,879.1157836914062,10800,0.0,0.0
2017-10-19 00:00:00+09:00,877.9498291015625,886.1113812977259,874.4520210174926,877.9498291015625,84000,0.0,0.0
2017-10-20 00:00:00+09:00,877.9498552480289,894.2729601264783,877.9498552480289,887.27734375,48800,0.0,0.0
2017-10-23 00:00:00+09:00,888.4431813356905,890.7750532027134,884.9453735351562,884.9453735351562,10800,0.0,0.0
2017-10-24 00:00:00+09:00,879.1157123766446,886.111328125,879.1157123766446,886.111328125,14400,0.0,0.0
2017-10-25 00:00:00+09:00,886.111328125,886.111328125,886.111328125,886.111328125,0,0.0,0.0
2017-10-26 00:00:00+09:00,886.111328125,886.111328125,874.4519685444078,886.111328125,24800,0.0,0.0
2017-10-27 00:00:00+09:00,888.4432743731593,890.775146484375,884.9454662063358,890.775146484375,12400,0.0,0.0
2017-10-30 00:00:00+09:00,890.7751040390115,893.1069760391135,887.2772960388583,891.9410400390625,15600,0.0,0.0
2017-10-31 00:00:00+09:00,886.1114022619437,893.1070185955906,884.9454662063358,890.775146484375,20400,0.0,0.0
2017-11-01 00:00:00+09:00,890.7751093186105,893.1069813325336,884.9454292838028,888.4432373046875,11600,0.0,0.0
2017-11-02 00:00:00+09:00,888.44322681427,895.4388427734375,886.1113548278809,895.4388427734375,39200,0.0,0.0
2017-11-03 00:00:00+09:00,895.4388427734375,895.4388427734375,895.4388427734375,895.4388427734375,0,0.0,0.0
2017-11-06 00:00:00+09:00,895.4388427734375,895.4388427734375,895.4388427734375,895.4388427734375,0,0.0,0.0
2017-11-07 00:00:00+09:00,894.2729067802429,896.6047787666321,893.1069707870483,895.4388427734375,16400,0.0,0.0
2017-11-08 00:00:00+09:00,895.4388613459038,896.6047973632812,891.9410532937713,896.6047973632812,9600,0.0,0.0
2017-11-09 00:00:00+09:00,897.770662172379,905.9322136466734,897.770662172379,903.600341796875,55200,0.0,0.0
2017-11-10 00:00:00+09:00,898.9365980972782,905.9322136466734,898.9365980972782,903.600341796875,13600,0.0,0.0
2017-11-13 00:00:00+09:00,893.1069760391135,911.7619520399306,888.4432320389093,891.9410400390625,26800,0.0,0.0
2017-11-14 00:00:00+09:00,890.7750649992953,926.919079416806,890.7750649992953,904.7662963867188,34000,0.0,0.0
2017-11-15 00:00:00+09:00,898.9366613673412,898.9366613673412,888.4432373046875,888.4432373046875,22000,0.0,0.0
2017-11-16 00:00:00+09:00,888.4433168183773,900.1026779314793,887.2773807070671,889.6092529296875,10800,0.0,0.0
2017-11-17 00:00:00+09:00,893.1069438733552,893.1069438733552,886.111328125,886.111328125,23200,0.0,0.0
2017-11-20 00:00:00+09:00,886.111328125,886.111328125,886.111328125,886.111328125,0,0.0,0.0
2017-11-21 00:00:00+09:00,886.111351959309,890.7750959169896,881.4476080016285,883.7794799804688,16400,0.0,0.0
2017-11-22 00:00:00+09:00,890.7751890409977,893.1070612636181,882.6136362618263,889.6092529296875,19600,0.0,0.0
2017-11-23 00:00:00+09:00,889.6092529296875,889.6092529296875,889.6092529296875,889.6092529296875,0,0.0,0.0
2017-11-24 00:00:00+09:00,884.9453921669408,894.2728798314145,884.9453921669408,886.111328125,11600,0.0,0.0
2017-11-27 00:00:00+09:00,891.9410131094163,891.9410131094163,882.613525390625,882.613525390625,7600,0.0,0.0
2017-11-28 00:00:00+09:00,882.613628972775,888.4433094811818,881.4476928710938,881.4476928710938,7200,0.0,0.0
2017-11-29 00:00:00+09:00,880.2816534609273,889.6091411797186,880.2816534609273,882.613525390625,10800,0.0,0.0
2017-11-30 00:00:00+09:00,882.6135202508224,886.111328125,882.6135202508224,886.111328125,8800,0.0,0.0
2017-12-01 00:00:00+09:00,883.7794239574711,886.1112957884934,880.2816162109375,880.2816162109375,18000,0.0,0.0
2017-12-04 00:00:00+09:00,880.2817011576092,880.2817011576092,877.9498291015625,877.9498291015625,6800,0.0,0.0
2017-12-05 00:00:00+09:00,877.9496882824187,879.1156241234312,875.6178166003937,876.7837524414062,12000,0.0,0.0
2017-12-06 00:00:00+09:00,876.7838984375,881.447642578125,874.4520263671875,874.4520263671875,4800,0.0,0.0
2017-12-07 00:00:00+09:00,874.4520210174926,882.6135732136559,874.4520210174926,877.9498291015625,28000,0.0,0.0
2017-12-08 00:00:00+09:00,877.9498000333681,883.7794799804688,876.7838640439479,883.7794799804688,9200,0.0,0.0
2017-12-11 00:00:00+09:00,880.2817197440473,881.4476557966885,877.9498476387652,879.1157836914062,12400,0.0,0.0
2017-12-12 00:00:00+09:00,879.115820667731,881.4476928710938,877.9498845660497,881.4476928710938,9200,0.0,0.0
2017-12-13 00:00:00+09:00,877.9497815312294,882.613525390625,877.9497815312294,882.613525390625,4800,0.0,0.0
2017-12-14 00:00:00+09:00,879.1156802954264,881.4475521264487,877.9497443799152,880.2816162109375,10800,0.0,0.0
2017-12-15 00:00:00+09:00,877.9498210852415,896.6047973632812,876.783885067864,896.6047973632812,43200,0.0,0.0
2017-12-18 00:00:00+09:00,883.7794799804688,887.2772879487292,882.6135439910486,883.7794799804688,26400,0.0,0.0
2017-12-19 00:00:00+09:00,883.7794239574711,886.1112957884934,880.2816162109375,880.2816162109375,20000,0.0,0.0
2017-12-20 00:00:00+09:00,880.2816638362392,880.2816638362392,874.451983943284,875.617919921875,13600,0.0,0.0
2017-12-21 00:00:00+09:00,875.6179304084523,877.9498023935613,867.4563784605705,868.622314453125,42400,0.0,0.0
2017-12-22 00:00:00+09:00,869.7882504456795,872.1201224307887,867.4563784605705,868.622314453125,46800,0.0,0.0
2017-12-25 00:00:00+09:00,865.1244931034391,867.456365052505,863.9585571289062,863.9585571289062,35200,0.0,0.0
2017-12-26 00:00:00+09:00,863.958575719129,865.12451171875,860.4607677202662,865.12451171875,71200,0.0,0.0
2017-12-27 00:00:00+09:00,852.2992469552689,873.2860957175054,851.1333109129225,870.9542236328125,64800,0.0,0.0
2017-12-28 00:00:00+09:00,874.4519685444078,886.111328125,874.4519685444078,886.111328125,48000,0.0,0.0
2017-12-29 00:00:00+09:00,886.1114462473722,901.2686157226562,883.7795740204054,901.2686157226562,48800,0.0,0.0
2018-01-01 00:00:00+09:00,901.2686157226562,901.2686157226562,901.2686157226562,901.2686157226562,0,0.0,0.0
2018-01-02 00:00:00+09:00,901.2686157226562,901.2686157226562,901.2686157226562,901.2686157226562,0,0.0,0.0
2018-01-03 00:00:00+09:00,901.2686157226562,901.2686157226562,901.2686157226562,901.2686157226562,0,0.0,0.0
2018-01-04 00:00:00+09:00,886.1113652907644,896.6047893534181,886.1113652907644,888.4432373046875,28000,0.0,0.0
2018-01-05 00:00:00+09:00,886.1113812977259,886.1113812977259,877.9498291015625,877.9498291015625,10400,0.0,0.0
2018-01-08 00:00:00+09:00,877.9498291015625,877.9498291015625,877.9498291015625,877.9498291015625,0,0.0,0.0
2018-01-09 00:00:00+09:00,894.2729120391647,894.2729120391647,884.9454240387562,891.9410400390625,18400,0.0,0.0
2018-01-10 00:00:00+09:00,891.9410400390625,895.4388480392157,880.2816800385519,891.9410400390625,9200,0.0,0.0
2018-01-11 00:00:00+09:00,891.9410825399827,895.4388907068062,883.7795301507281,890.775146484375,9200,0.0,0.0
2018-01-12 00:00:00+09:00,890.7750532027134,890.7750532027134,880.2816298011106,884.9453735351562,15200,0.0,0.0
2018-01-15 00:00:00+09:00,883.7795092416792,883.7795092416792,877.9498291015625,877.9498291015625,5600,0.0,0.0
2018-01-16 00:00:00+09:00,879.1157651295858,880.2817011576092,874.4520210174926,877.9498291015625,10400,0.0,0.0
2018-01-17 00:00:00+09:00,877.9497971152239,877.9497971152239,872.1201171875,872.1201171875,13200,0.0,0.0
2018-01-18 00:00:00+09:00,877.9498845660497,882.613628972775,874.4520762610057,881.4476928710938,19600,0.0,0.0
2018-01-19 00:00:00+09:00,877.9498344726563,881.447642578125,874.4520263671875,874.4520263671875,17600,0.0,0.0
2018-01-22 00:00:00+09:00,874.4519891585895,875.6179251441343,869.7882452164105,872.1201171875,23600,0.0,0.0
2018-01-23 00:00:00+09:00,870.9542236328125,873.2860957175054,868.6223515481196,870.9542236328125,13600,0.0,0.0
2018-01-24 00:00:00+09:00,870.9541812019552,876.7838611296792,870.9541812019552,872.1201171875,8400,0.0,0.0
2018-01-25 00:00:00+09:00,869.7882504456795,874.4519944158977,868.622314453125,868.622314453125,16000,0.0,0.0
2018-01-26 00:00:00+09:00,870.9541864382342,876.7838664010068,868.622314453125,868.622314453125,12000,0.0,0.0
2018-01-29 00:00:00+09:00,867.4563784605705,874.4519944158977,867.4563784605705,868.622314453125,11600,0.0,0.0
2018-01-30 00:00:00+09:00,866.290447718371,872.1201277164757,865.12451171875,865.12451171875,18800,0.0,0.0
2018-01-31 00:00:00+09:00,870.9542236328125,870.9542236328125,865.1245434210801,870.9542236328125,7600,0.0,0.0
2018-02-01 00:00:00+09:00,870.9542661774254,879.1158188725285,868.6223939788246,869.788330078125,8800,0.0,0.0
2018-02-02 00:00:00+09:00,877.9497971152239,877.9497971152239,870.9541812019552,872.1201171875,5600,0.0,0.0
2018-02-05 00:00:00+09:00,863.9586663627883,866.2905386066825,858.1289857530529,859.294921875,24400,0.0,0.0
2018-02-06 00:00:00+09:00,853.4650330761864,853.4650330761864,782.3429469865041,789.3385620117188,84000,0.0,0.0
2018-02-07 00:00:00+09:00,856.9629674615765,856.9629674615765,816.1552071062633,819.6530151367188,11600,0.0,0.0
2018-02-08 00:00:00+09:00,820.818932514245,825.482676448985,818.487060546875,818.487060546875,15200,0.0,0.0
2018-02-09 00:00:00+09:00,805.6617935158772,821.9848978707574,805.6617935158772,812.6574096679688,13200,0.0,0.0
2018-02-12 00:00:00+09:00,812.6574096679688,812.6574096679688,812.6574096679688,812.6574096679688,0,0.0,0.0
2018-02-13 00:00:00+09:00,812.6574070915211,825.4827033296942,795.1683667667394,800.998046875,22400,0.0,0.0
2018-02-14 00:00:00+09:00,800.9980200878474,819.6529958104175,791.6705322265625,791.6705322265625,14800,0.0,0.0
2018-02-15 00:00:00+09:00,787.0068359375,792.8365162037037,784.6749638310185,787.0068359375,201600,0.0,0.0
2018-02-16 00:00:00+09:00,799.9084991950933,799.9084991950933,794.0440673828125,794.0440673828125,3600,5.0,0.0
2018-02-19 00:00:00+09:00,794.0441541685675,811.6374515282847,794.0441541685675,803.42724609375,14000,0.0,0.0
2018-02-20 00:00:00+09:00,811.6374515282847,811.6374515282847,802.2543596031022,803.42724609375,3200,0.0,0.0
2018-02-21 00:00:00+09:00,805.7730270670339,817.5018920898438,805.7730270670339,817.5018920898438,17600,0.0,0.0
2018-02-22 00:00:00+09:00,804.6001325843978,808.1187920563412,796.3899271498632,803.42724609375,24800,0.0,0.0
2018-02-23 00:00:00+09:00,801.0814468689839,818.6747436523438,801.0814468689839,818.6747436523438,15200,0.0,0.0
2018-02-26 00:00:00+09:00,818.674786950788,823.3663330078125,818.674786950788,823.3663330078125,9600,0.0,0.0
2018-02-27 00:00:00+09:00,824.5391584861766,831.5764770507812,824.5391584861766,831.5764770507812,6000,0.0,0.0
2018-02-28 00:00:00+09:00,830.4035657799762,865.5901575503142,829.2306793876317,863.244384765625,36000,0.0,0.0
2018-03-01 00:00:00+09:00,863.244483181577,863.244483181577,829.2307739257812,829.2307739257812,10800,0.0,0.0
2018-03-02 00:00:00+09:00,826.8849845554518,828.0578710583673,806.9459140058876,809.2916870117188,25600,0.0,0.0
2018-03-05 00:00:00+09:00,804.6001151971453,805.7730016624473,792.8712505441258,799.9085693359375,19600,0.0,0.0
2018-03-06 00:00:00+09:00,811.637468914653,811.637468914653,799.9086037569268,806.9459228515625,4400,0.0,0.0
2018-03-07 00:00:00+09:00,795.2170498639168,805.7730284019335,792.8712768554688,792.8712768554688,10400,0.0,0.0
2018-03-08 00:00:00+09:00,795.2170322193818,797.5628051757812,790.5254863065832,797.5628051757812,4000,0.0,0.0
2018-03-09 00:00:00+09:00,790.5254603794643,796.389892578125,778.7965959821429,788.1796875,31200,0.0,0.0
2018-03-12 00:00:00+09:00,799.9086311848959,801.0815177408854,789.3526521809896,791.6984252929688,5200,0.0,0.0
2018-03-13 00:00:00+09:00,791.6983118383172,791.6983118383172,789.3525390625,789.3525390625,8400,0.0,0.0
2018-03-14 00:00:00+09:00,789.3525390625,797.5627437778603,789.3525390625,789.3525390625,2800,0.0,0.0
2018-03-15 00:00:00+09:00,788.1796436424027,788.1796436424027,783.4880981445312,783.4880981445312,6000,0.0,0.0
2018-03-16 00:00:00+09:00,751.8202673265637,772.9322249113969,751.8202673265637,771.7593383789062,58000,0.0,0.0
2018-03-19 00:00:00+09:00,738.918544086148,762.3762756444384,738.918544086148,740.0914306640625,38000,0.0,0.0
2018-03-20 00:00:00+09:00,742.4370809701772,755.3388311924078,731.881103515625,731.881103515625,54000,0.0,0.0
2018-03-21 00:00:00+09:00,731.881103515625,731.881103515625,731.881103515625,731.881103515625,0,0.0,0.0
2018-03-22 00:00:00+09:00,731.8813070325244,735.3999671624886,715.4608930926922,718.9795532226562,39200,0.0,0.0
2018-03-23 00:00:00+09:00,704.904864389493,709.5964109078924,696.6946579822943,700.2133178710938,34400,0.0,0.0
2018-03-26 00:00:00+09:00,700.2132219295438,703.7318813362249,692.2375939410666,701.3861083984375,12400,0.0,0.0
2018-03-27 00:00:00+09:00,709.5962960379464,716.6336146763393,703.2627092633928,706.07763671875,20800,0.0,0.0
2018-03-28 00:00:00+09:00,699.2749338364946,706.0776755611703,696.6945835271348,697.3983154296875,24000,0.0,0.0
2018-03-29 00:00:00+09:00,699.0403267415364,706.0776454671224,699.0403267415364,703.7318725585938,22400,0.0,0.0
2018-03-30 00:00:00+09:00,699.744076128454,704.9047766563876,692.0030253365536,699.0403442382812,46400,0.0,0.0
2018-04-02 00:00:00+09:00,696.9291311238607,709.5963048299153,680.5087207641601,703.7318725585938,30400,0.0,0.0
2018-04-03 00:00:00+09:00,699.0403839712108,707.2505898232216,699.0403839712108,703.0281982421875,9600,0.0,0.0
2018-04-04 00:00:00+09:00,709.5963222826298,710.7692087657416,702.5590033839591,707.2505493164062,10800,0.0,0.0
2018-04-05 00:00:00+09:00,708.4234260559082,750.6473388671875,708.4234260559082,750.6473388671875,29600,0.0,0.0
2018-04-06 00:00:00+09:00,843.3053590598681,855.0342235808678,813.9831977573692,826.8849487304688,260000,0.0,0.0
2018-04-09 00:00:00+09:00,801.0814467842698,838.6138132514684,801.0814467842698,826.8849487304688,46000,0.0,0.0
2018-04-10 00:00:00+09:00,804.6000890498539,823.3662718848359,804.6000890498539,815.1560668945312,29600,0.0,0.0
2018-04-11 00:00:00+09:00,831.5764768751405,831.5764768751405,811.6374076129721,815.1560668945312,9600,0.0,0.0
2018-04-12 00:00:00+09:00,815.1560756138393,824.5391671316964,810.4645298549107,821.0205078125,18800,0.0,0.0
2018-04-13 00:00:00+09:00,829.2307302555568,844.4782542913732,826.8849573269696,832.7493896484375,48000,0.0,0.0
2018-04-16 00:00:00+09:00,833.9223022460938,840.9596212523899,830.4036427429456,833.9223022460938,28800,0.0,0.0
2018-04-17 00:00:00+09:00,833.9222499056494,837.4409091879518,830.4035906233471,831.5764770507812,24400,0.0,0.0
2018-04-18 00:00:00+09:00,839.7867347513405,839.7867347513405,831.5765292439951,833.9223022460938,23600,0.0,0.0
2018-04-19 00:00:00+09:00,844.4783071453652,849.1698532961728,833.9223283060481,835.09521484375,50000,0.0,0.0
2018-04-20 00:00:00+09:00,840.9596035190395,842.1324899953562,836.268057613773,838.6138305664062,7200,0.0,0.0
2018-04-23 00:00:00+09:00,855.0342145647321,858.5528738839286,845.651123046875,853.861328125,53200,0.0,0.0
2018-04-24 00:00:00+09:00,859.725838265768,865.5902709960938,851.5156324433118,865.5902709960938,35200,0.0,0.0
2018-04-25 00:00:00+09:00,863.2444283150338,869.1088605726087,856.2071096059439,867.9359741210938,19200,0.0,0.0
2018-04-26 00:00:00+09:00,870.2816350409325,884.3562706480635,870.2816350409325,882.010498046875,41200,0.0,0.0
2018-04-27 00:00:00+09:00,882.0106374172185,885.529296875,874.9733185016556,885.529296875,17200,0.0,0.0
2018-04-30 00:00:00+09:00,885.529296875,885.529296875,885.529296875,885.529296875,0,0.0,0.0
2018-05-01 00:00:00+09:00,883.1834711793994,883.1834711793994,836.2680145430435,858.5528564453125,18400,0.0,0.0
2018-05-02 00:00:00+09:00,846.8240855376993,873.8004760742188,846.8240855376993,873.8004760742188,8000,0.0,0.0
2018-05-03 00:00:00+09:00,873.8004760742188,873.8004760742188,873.8004760742188,873.8004760742188,0,0.0,0.0
2018-05-04 00:00:00+09:00,873.8004760742188,873.8004760742188,873.8004760742188,873.8004760742188,0,0.0,0.0
2018-05-07 00:00:00+09:00,862.0715765636894,872.6275550522244,851.5155980751543,866.7631225585938,12000,0.0,0.0
2018-05-08 00:00:00+09:00,852.6885115358127,852.6885115358127,835.0952134986226,851.515625,4800,0.0,0.0
2018-05-09 00:00:00+09:00,850.3427124023438,857.3800314015356,850.3427124023438,850.3427124023438,2400,0.0,0.0
2018-05-10 00:00:00+09:00,843.3054361644269,862.0716211138438,843.3054361644269,855.0343017578125,2800,0.0,0.0
2018-05-11 00:00:00+09:00,851.5155730771347,853.8613460057218,832.7493896484375,832.7493896484375,13600,0.0,0.0
2018-05-14 00:00:00+09:00,845.6512019584368,845.6512019584368,840.9596557617188,840.9596557617188,2400,0.0,0.0
2018-05-15 00:00:00+09:00,833.9222851806293,833.9222851806293,822.1934204101562,822.1934204101562,8800,0.0,0.0
2018-05-16 00:00:00+09:00,821.0205165567917,846.8240185057194,818.6747436523438,818.6747436523438,9600,0.0,0.0
2018-05-17 00:00:00+09:00,829.230668605059,832.7493277363394,816.3289184570312,816.3289184570312,10400,0.0,0.0
2018-05-18 00:00:00+09:00,810.4645730761579,822.1934380989677,810.4645730761579,817.5018920898438,5200,0.0,0.0
2018-05-21 00:00:00+09:00,816.3290221391001,830.4036604518432,816.3290221391001,829.2307739257812,2800,0.0,0.0
2018-05-22 00:00:00+09:00,832.749398441638,837.4409443483514,830.4036254882812,830.4036254882812,8400,0.0,0.0
2018-05-23 00:00:00+09:00,830.4035817926581,832.7493546225808,823.3662633028898,825.7120361328125,6800,0.0,0.0
2018-05-24 00:00:00+09:00,825.7121060363248,825.7121060363248,822.1934464935564,823.3663330078125,2400,0.0,0.0
2018-05-25 00:00:00+09:00,819.8476213727679,821.0205078125,819.8476213727679,821.0205078125,1200,0.0,0.0
2018-05-28 00:00:00+09:00,818.6747261760904,818.6747261760904,815.1560668945312,815.1560668945312,1200,0.0,0.0
2018-05-29 00:00:00+09:00,815.1560668945312,815.1560668945312,815.1560668945312,815.1560668945312,0,0.0,0.0
2018-05-30 00:00:00+09:00,810.4645475236551,810.4645475236551,799.9085693359375,799.9085693359375,4000,0.0,0.0
2018-05-31 00:00:00+09:00,803.4272287318435,804.6001151971453,799.9085693359375,799.9085693359375,8000,0.0,0.0
2018-06-01 00:00:00+09:00,797.562813640511,803.42724609375,797.562813640511,803.42724609375,2400,0.0,0.0
2018-06-04 00:00:00+09:00,808.1188005088032,812.8103465204654,805.7730275029721,809.2916870117188,15200,0.0,0.0
2018-06-05 00:00:00+09:00,809.2916610583533,812.8103204542591,799.9085693359375,799.9085693359375,4000,0.0,0.0
2018-06-06 00:00:00+09:00,799.9085693359375,799.9085693359375,799.9085693359375,799.9085693359375,0,0.0,0.0
2018-06-07 00:00:00+09:00,802.2543596031022,811.6374515282847,802.2543596031022,803.42724609375,22000,0.0,0.0
2018-06-08 00:00:00+09:00,802.2543334960938,806.9458793060124,797.562787686175,802.2543334960938,10000,0.0,0.0
2018-06-11 00:00:00+09:00,802.2543334960938,802.2543334960938,802.2543334960938,802.2543334960938,0,0.0,0.0
2018-06-12 00:00:00+09:00,801.081447043614,809.2916522109717,801.081447043614,802.2543334960938,8400,0.0,0.0
2018-06-13 00:00:00+09:00,798.7356654575893,798.7356654575893,787.0068010602679,788.1796875,11200,0.0,0.0
2018-06-14 00:00:00+09:00,771.7593824546756,776.4509288525763,768.24072265625,768.24072265625,24400,0.0,0.0
2018-06-15 00:00:00+09:00,774.1050502232143,794.0441196986607,774.1050502232143,788.1796875,19600,0.0,0.0
2018-06-18 00:00:00+09:00,787.0067590296953,828.0577822279656,787.0067590296953,816.3289184570312,38400,0.0,0.0
2018-06-19 00:00:00+09:00,817.5018925321275,817.5018925321275,809.2916870117188,809.2916870117188,10800,0.0,0.0
2018-06-20 00:00:00+09:00,813.9831719831988,830.4035817926581,812.8102855682373,825.7120361328125,35200,0.0,0.0
2018-06-21 00:00:00+09:00,821.0205599793002,823.3663330078125,817.5019004365317,823.3663330078125,22400,0.0,0.0
2018-06-22 00:00:00+09:00,821.020490472967,825.7120361328125,813.9831719831988,825.7120361328125,12800,0.0,0.0
2018-06-25 00:00:00+09:00,832.7493896484375,840.9595948984925,830.4036167198503,832.7493896484375,35200,0.0,0.0
2018-06-26 00:00:00+09:00,831.5765104980469,879.6648559570312,801.0814621582032,879.6648559570312,178800,0.0,0.0
2018-06-27 00:00:00+09:00,764.7220191839618,796.3899555612118,735.3998558716933,771.7593383789062,268400,0.0,0.0
2018-06-28 00:00:00+09:00,775.2780069490759,775.2780069490759,762.3762549423591,769.41357421875,34000,0.0,0.0
2018-06-29 00:00:00+09:00,771.7593744365986,771.7593744365986,755.3389622145432,762.3762817382812,33600,0.0,0.0
2018-07-02 00:00:00+09:00,755.3388759339709,756.5117623872845,748.3015572140893,752.9931030273438,19200,0.0,0.0
2018-07-03 00:00:00+09:00,762.3761858258929,772.9321637834821,755.3388671875,755.3388671875,11200,0.0,0.0
2018-07-04 00:00:00+09:00,754.1659543019421,757.684613497752,745.9557495117188,745.9557495117188,14000,0.0,0.0
2018-07-05 00:00:00+09:00,747.1287238226996,747.1287238226996,738.9185180664062,738.9185180664062,7600,0.0,0.0
2018-07-06 00:00:00+09:00,735.399868140474,736.5727546925322,727.1896622760668,728.362548828125,17200,0.0,0.0
2018-07-09 00:00:00+09:00,729.5354409549483,758.8576049804688,718.979461905761,758.8576049804688,16000,0.0,0.0
2018-07-10 00:00:00+09:00,751.8202603478946,755.3389199127054,742.4371681750661,749.4744873046875,10800,0.0,0.0
2018-07-11 00:00:00+09:00,750.6473038249212,751.8201902371476,742.4370989393361,743.6099853515625,12000,0.0,0.0
2018-07-12 00:00:00+09:00,737.7455792284387,745.9557844026821,737.7455792284387,744.7828979492188,10000,0.0,0.0
2018-07-13 00:00:00+09:00,744.7828979492188,752.9931031234621,744.7828979492188,744.7828979492188,4000,0.0,0.0
2018-07-16 00:00:00+09:00,744.7828979492188,744.7828979492188,744.7828979492188,744.7828979492188,0,0.0,0.0
2018-07-17 00:00:00+09:00,752.9931558222747,752.9931558222747,744.7829500734338,747.1287231445312,12000,0.0,0.0
2018-07-18 00:00:00+09:00,755.3389109880801,755.3389109880801,748.3015919416073,751.8202514648438,8400,0.0,0.0
2018-07-19 00:00:00+09:00,750.6473388671875,755.3388847351074,750.6473388671875,750.6473388671875,10000,0.0,0.0
2018-07-20 00:00:00+09:00,750.6474701214734,754.1661301376678,748.3016967773438,748.3016967773438,2000,0.0,0.0
2018-07-23 00:00:00+09:00,755.3388759339709,758.8575352939118,752.9931030273438,752.9931030273438,8400,0.0,0.0
2018-07-24 00:00:00+09:00,750.6472868217054,756.51171875,750.6472868217054,756.51171875,9600,0.0,0.0
2018-07-25 00:00:00+09:00,751.8201732073643,757.6846051356589,751.8201732073643,756.51171875,4000,0.0,0.0
2018-07-26 00:00:00+09:00,757.6846051356589,757.6846051356589,756.51171875,756.51171875,1200,0.0,0.0
2018-07-27 00:00:00+09:00,754.1659894806573,756.5117623872845,750.6473301207164,752.9931030273438,13200,0.0,0.0
2018-07-30 00:00:00+09:00,764.721923828125,771.7592421455618,755.3388327382094,764.721923828125,17200,0.0,0.0
2018-07-31 00:00:00+09:00,777.6236917001229,777.6236917001229,760.0303955078125,760.0303955078125,11200,0.0,0.0
2018-08-01 00:00:00+09:00,760.030404293884,767.0677228521606,760.030404293884,765.8948364257812,6000,0.0,0.0
2018-08-02 00:00:00+09:00,771.7592685576785,771.7592685576785,763.5490635730223,765.8948364257812,10800,0.0,0.0
2018-08-03 00:00:00+09:00,765.8949494572996,776.4509288525763,760.0305164599237,768.24072265625,8800,0.0,0.0
2018-08-06 00:00:00+09:00,761.2033525207233,775.2779907799663,740.0913951318589,749.4744873046875,19600,0.0,0.0
2018-08-07 00:00:00+09:00,738.9184656819021,756.5117624838522,738.9184656819021,744.7828979492188,8000,0.0,0.0
2018-08-08 00:00:00+09:00,742.4371250422921,754.1659895769254,742.4371250422921,744.7828979492188,13600,0.0,0.0
2018-08-09 00:00:00+09:00,744.7829412182732,750.6473738262911,744.7829412182732,749.4744873046875,4400,0.0,0.0
2018-08-10 00:00:00+09:00,748.3016967773438,754.1661301376678,748.3016967773438,748.3016967773438,3600,0.0,0.0
2018-08-13 00:00:00+09:00,742.4371783653003,742.4371783653003,728.3625399128775,730.7083129882812,12800,0.0,0.0
2018-08-14 00:00:00+09:00,747.1287064012348,750.647365929027,731.8811817808014,735.3998413085938,6800,0.0,0.0
2018-08-15 00:00:00+09:00,735.3997355869839,735.3997355869839,722.4979858398438,722.4979858398438,63200,0.0,0.0
2018-08-16 00:00:00+09:00,721.3156337364047,734.3229648365694,721.3156337364047,723.6806030273438,16800,6.25,0.0
2018-08-17 00:00:00+09:00,721.3156337364047,727.2280569637524,721.3156337364047,723.6806030273438,8400,0.0,0.0
2018-08-20 00:00:00+09:00,723.6804702683868,724.8629546969299,722.4979858398438,722.4979858398438,3200,0.0,0.0
2018-08-21 00:00:00+09:00,722.4981288194267,730.7755214572925,721.3156441568744,724.8630981445312,6000,0.0,0.0
2018-08-22 00:00:00+09:00,735.5054827458232,735.5054827458232,727.2280898531853,734.322998046875,6000,0.0,0.0
2018-08-23 00:00:00+09:00,734.3228840022892,744.9652446400036,728.4104614257812,728.4104614257812,9600,0.0,0.0
2018-08-24 00:00:00+09:00,728.4104614257812,728.4104614257812,728.4104614257812,728.4104614257812,0,0.0,0.0
2018-08-27 00:00:00+09:00,727.2280026390439,748.5127246675037,727.2280026390439,744.9652709960938,5200,0.0,0.0
2018-08-28 00:00:00+09:00,733.1404544520036,748.5127543034166,733.1404544520036,741.4178466796875,9600,0.0,0.0
2018-08-29 00:00:00+09:00,733.1403624705779,739.0527847485664,733.1403624705779,737.8703002929688,9600,0.0,0.0
2018-08-30 00:00:00+09:00,736.6879102758134,748.5127563476562,735.5054256686291,748.5127563476562,7600,0.0,0.0
2018-08-31 00:00:00+09:00,741.4178590985127,753.2427053361286,739.0528898509896,749.6952514648438,7200,0.0,0.0
2018-09-03 00:00:00+09:00,749.6952533721924,756.7901611328125,746.1477994918823,756.7901611328125,12000,0.0,0.0
2018-09-04 00:00:00+09:00,765.0675384707567,778.074869109363,757.9726308496987,775.7098999023438,13200,0.0,0.0
2018-09-05 00:00:00+09:00,775.7098999023438,778.074869109363,768.6149922812857,775.7098999023438,13200,0.0,0.0
2018-09-06 00:00:00+09:00,775.7098999023438,775.7098999023438,770.9799614883051,775.7098999023438,11200,0.0,0.0
2018-09-07 00:00:00+09:00,775.7098999023438,775.7098999023438,768.6149922812857,775.7098999023438,12000,0.0,0.0
2018-09-10 00:00:00+09:00,779.2573537128727,779.2573537128727,772.1624460918147,775.7098999023438,6400,0.0,0.0
2018-09-11 00:00:00+09:00,773.3449900465746,775.7099594350962,757.9726890211839,768.6150512695312,6000,0.0,0.0
2018-09-12 00:00:00+09:00,759.1550610919331,762.7025146484375,756.7900920542636,762.7025146484375,4000,0.0,0.0
2018-09-13 00:00:00+09:00,755.6077270507812,759.1551811683905,748.5128188155627,755.6077270507812,12800,0.0,0.0
2018-09-14 00:00:00+09:00,747.3303030721796,757.9726649830176,747.3303030721796,752.0602416992188,10800,0.0,0.0
2018-09-17 00:00:00+09:00,752.0602416992188,752.0602416992188,752.0602416992188,752.0602416992188,0,0.0,0.0
2018-09-18 00:00:00+09:00,747.3303341096929,761.5201505801301,747.3303341096929,755.6077270507812,14000,0.0,0.0
2018-09-19 00:00:00+09:00,756.790211756651,762.7026352859999,754.4252423449115,755.6077270507812,13600,0.0,0.0
2018-09-20 00:00:00+09:00,752.060253754374,766.2500698629472,752.060253754374,760.337646484375,12800,0.0,0.0
2018-09-21 00:00:00+09:00,760.3375917265687,762.7025609076778,747.3302612304688,747.3302612304688,21200,0.0,0.0
2018-09-24 00:00:00+09:00,747.3302612304688,747.3302612304688,747.3302612304688,747.3302612304688,0,0.0,0.0
2018-09-25 00:00:00+09:00,750.8777150021324,754.425168773796,741.4178382776961,747.3302612304688,17600,0.0,0.0
2018-09-26 00:00:00+09:00,740.2353536871416,747.3302612304688,733.1404461438143,747.3302612304688,16800,0.0,0.0
2018-09-27 00:00:00+09:00,742.6002807617188,747.3302188557424,733.1404045736714,742.6002807617188,29200,0.0,0.0
2018-09-28 00:00:00+09:00,730.7755439500302,744.9653603374094,730.7755439500302,734.322998046875,53200,0.0,0.0
2018-10-01 00:00:00+09:00,743.7828074588051,753.2426841832415,737.8703845060325,747.3302612304688,34800,0.0,0.0
2018-10-02 00:00:00+09:00,759.1550749034305,762.7025285244746,740.2353222578622,743.7827758789062,84000,0.0,0.0
2018-10-03 00:00:00+09:00,713.0382412181181,741.4178727093865,713.0382412181181,723.6806030273438,102000,0.0,0.0
2018-10-04 00:00:00+09:00,724.8630981445312,734.3229754449493,722.4981288194267,724.8630981445312,52400,0.0,0.0
2018-10-05 00:00:00+09:00,717.7681901692177,728.410552132188,716.5857055066655,724.8630981445312,30000,0.0,0.0
2018-10-08 00:00:00+09:00,724.8630981445312,724.8630981445312,724.8630981445312,724.8630981445312,0,0.0,0.0
2018-10-09 00:00:00+09:00,718.9505827356558,731.9579123575179,718.9505827356558,721.3155517578125,14400,0.0,0.0
2018-10-10 00:00:00+09:00,723.680613481979,724.8630981445312,721.3156441568744,724.8630981445312,7600,0.0,0.0
2018-10-11 00:00:00+09:00,713.0382412181181,723.6806030273438,711.8557565726486,723.6806030273438,23200,0.0,0.0
2018-10-12 00:00:00+09:00,713.0381601802638,733.1403968685963,713.0381601802638,721.3155517578125,14400,0.0,0.0
2018-10-15 00:00:00+09:00,717.7681274414062,723.680550237464,714.2206737637716,717.7681274414062,10400,0.0,0.0
2018-10-16 00:00:00+09:00,718.9505325542144,724.8629546969299,718.9505325542144,722.4979858398438,6000,0.0,0.0
2018-10-17 00:00:00+09:00,722.4980362688909,722.4980362688909,721.3155517578125,721.3155517578125,1200,0.0,0.0
2018-10-18 00:00:00+09:00,721.3156529476769,723.6806223016036,717.7681989167867,718.95068359375,5200,0.0,0.0
2018-10-19 00:00:00+09:00,716.5856638941272,724.8630560513201,715.4031793002424,720.1331176757812,6800,0.0,0.0
2018-10-22 00:00:00+09:00,727.228016806736,727.228016806736,726.0455322265625,726.0455322265625,8000,0.0,0.0
2018-10-23 00:00:00+09:00,728.4104720104842,729.5929565429688,720.1330802830923,729.5929565429688,9200,0.0,0.0
2018-10-24 00:00:00+09:00,726.0455322265625,726.0455322265625,721.3155939058682,726.0455322265625,2400,0.0,0.0
2018-10-25 00:00:00+09:00,721.3157026700292,721.3157026700292,710.67333984375,710.67333984375,17200,0.0,0.0
2018-10-26 00:00:00+09:00,711.8558246022255,713.038309360701,697.66600750052,710.67333984375,24000,0.0,0.0
2018-10-29 00:00:00+09:00,698.848337744321,709.254201318179,698.848337744321,704.05126953125,12800,0.0,0.0
2018-10-30 00:00:00+09:00,696.9564342788259,703.8148450674537,688.2060481002319,701.21337890625,10000,0.0,0.0
2018-10-31 00:00:00+09:00,709.4907646937086,718.9506415562913,709.4907646937086,714.220703125,8400,0.0,0.0
2018-11-01 00:00:00+09:00,714.2206925982069,714.2206925982069,713.0382080078125,713.0382080078125,2000,0.0,0.0
2018-11-02 00:00:00+09:00,721.3155811190409,721.3155811190409,714.2206737637716,717.7681274414062,6000,0.0,0.0
2018-11-05 00:00:00+09:00,717.7681274414062,717.7681274414062,711.8557046453485,717.7681274414062,10000,0.0,0.0
2018-11-06 00:00:00+09:00,716.5856617789957,716.5856617789957,711.8557234174182,713.0382080078125,2800,0.0,0.0
2018-11-07 00:00:00+09:00,716.585613713499,721.3155517578125,714.2206446913423,721.3155517578125,6000,0.0,0.0
2018-11-08 00:00:00+09:00,721.3156319294038,721.3156319294038,709.4907855043316,716.585693359375,15600,0.0,0.0
2018-11-09 00:00:00+09:00,716.5856489143115,716.5856489143115,702.3958340843252,704.7608032226562,14400,0.0,0.0
2018-11-12 00:00:00+09:00,702.3958730426248,711.85575012064,702.3958730426248,706.4163208007812,6400,0.0,0.0
2018-11-13 00:00:00+09:00,705.9432741277207,705.9432741277207,691.043968844623,700.5038452148438,11600,0.0,0.0
2018-11-14 00:00:00+09:00,700.5038192085598,708.3082169242527,697.4293595023777,707.125732421875,5200,0.0,0.0
2018-11-15 00:00:00+09:00,703.5783884529333,707.1258425123599,696.7199772713752,698.8484497070312,7200,0.0,0.0
2018-11-16 00:00:00+09:00,698.8483924568407,705.9432999944736,697.9024047851562,697.9024047851562,4000,0.0,0.0
2018-11-19 00:00:00+09:00,698.84843925864,698.84843925864,696.4834699210473,697.6659545898438,3200,0.0,0.0
2018-11-20 00:00:00+09:00,702.8688678779987,702.8688678779987,698.6119231869476,702.3958740234375,2400,0.0,0.0
2018-11-21 00:00:00+09:00,696.7199096679688,709.490743042738,695.3009281818834,696.7199096679688,12800,0.0,0.0
2018-11-22 00:00:00+09:00,693.1724559527551,703.1053263553534,691.9899713810172,696.7199096679688,8800,0.0,0.0
2018-11-23 00:00:00+09:00,696.7199096679688,696.7199096679688,696.7199096679688,696.7199096679688,0,0.0,0.0
2018-11-26 00:00:00+09:00,696.719913443767,701.9228455876105,694.5914412031038,695.77392578125,8000,0.0,0.0
2018-11-27 00:00:00+09:00,695.7738822555026,702.8687892805417,695.7738822555026,699.0848388671875,17200,0.0,0.0
2018-11-28 00:00:00+09:00,697.9023912171638,698.1388881304871,693.6454467773438,693.6454467773438,26800,0.0,0.0
2018-11-29 00:00:00+09:00,693.8820359373675,700.2674534459936,693.8820359373675,697.1929931640625,11200,0.0,0.0
2018-11-30 00:00:00+09:00,697.1929931640625,697.1929931640625,697.1929931640625,697.1929931640625,0,0.0,0.0
2018-12-03 00:00:00+09:00,700.503928268097,706.4163517004745,698.8484497070312,698.8484497070312,10000,0.0,0.0
2018-12-04 00:00:00+09:00,696.2469729872881,704.5243656688625,696.2469729872881,697.6659545898438,10400,0.0,0.0
2018-12-05 00:00:00+09:00,697.6658574621797,703.1052861813763,696.7198698588411,699.0848388671875,5200,0.0,0.0
2018-12-06 00:00:00+09:00,699.0848038521717,703.5782447429672,688.4424438476562,688.4424438476562,13200,0.0,0.0
2018-12-07 00:00:00+09:00,700.0308634370738,700.9768510903672,690.0979930774937,693.6454467773438,21200,0.0,0.0
2018-12-10 00:00:00+09:00,697.6658943038404,706.6527770101272,693.6454467773438,693.6454467773438,25200,0.0,0.0
2018-12-11 00:00:00+09:00,700.7404332387105,720.1331823192284,699.7944454786852,708.0718383789062,48000,0.0,0.0
2018-12-12 00:00:00+09:00,708.0717630281202,708.0717630281202,707.125775368764,707.8352661132812,9600,0.0,0.0
2018-12-13 00:00:00+09:00,709.0177119130757,710.6731902264152,698.1388544254168,702.1593017578125,14800,0.0,0.0
2018-12-14 00:00:00+09:00,700.2674208611957,704.7608626026218,697.6659545898438,697.6659545898438,5200,0.0,0.0
2018-12-17 00:00:00+09:00,696.2469521470792,696.2469521470792,680.1651611328125,680.1651611328125,22000,0.0,0.0
2018-12-18 00:00:00+09:00,680.1650551519967,680.1650551519967,660.0628195164197,660.29931640625,29200,0.0,0.0
2018-12-19 00:00:00+09:00,665.0292542028564,671.6511671181053,660.29931640625,660.29931640625,10800,0.0,0.0
2018-12-20 00:00:00+09:00,650.366533971126,650.366533971126,617.7299588118477,634.521240234375,43600,0.0,0.0
2018-12-21 00:00:00+09:00,634.521231369965,636.1767097969459,618.4394409364363,625.2978515625,54400,0.0,0.0
2018-12-24 00:00:00+09:00,625.2978515625,625.2978515625,625.2978515625,625.2978515625,0,0.0,0.0
2018-12-25 00:00:00+09:00,542.5239486895994,570.4305859805204,522.6582068892827,536.8480224609375,91200,0.0,0.0
2018-12-26 00:00:00+09:00,538.739952898455,551.7472827533344,525.0231323242188,525.0231323242188,69600,0.0,0.0
2018-12-27 00:00:00+09:00,595.9722438003078,595.9722438003078,557.4232454910021,561.9166870117188,79600,0.0,0.0
2018-12-28 00:00:00+09:00,572.5590320351243,608.0335693359375,549.855328162604,608.0335693359375,65600,0.0,0.0
2018-12-31 00:00:00+09:00,608.0335693359375,608.0335693359375,608.0335693359375,608.0335693359375,0,0.0,0.0
2019-01-04 00:00:00+09:00,591.2422741115596,591.2422741115596,561.9166573156263,588.6408081054688,22800,0.0,0.0
2019-01-07 00:00:00+09:00,591.2423304827564,598.1007415163564,591.2423304827564,593.6072998046875,12800,0.0,0.0
2019-01-08 00:00:00+09:00,593.843870500975,604.4862337716017,593.6073735394056,597.8643188476562,9600,0.0,0.0
2019-01-09 00:00:00+09:00,602.8307025465925,602.8307025465925,591.9518432617188,591.9518432617188,6000,0.0,0.0
2019-01-10 00:00:00+09:00,592.1883402026942,598.3372606680578,591.9518432617188,591.9518432617188,4400,0.0,0.0
2019-01-11 00:00:00+09:00,598.3372125319194,605.4321201904006,593.6072740929319,596.208740234375,10800,0.0,0.0
2019-01-15 00:00:00+09:00,597.3912808277962,603.0672074864926,597.3912808277962,601.1752319335938,8800,0.0,0.0
2019-01-16 00:00:00+09:00,606.141595596115,606.141595596115,599.99267578125,599.99267578125,1600,0.0,0.0
2019-01-17 00:00:00+09:00,599.0467448536644,603.0671928057025,589.8233642578125,589.8233642578125,26400,0.0,0.0
2019-01-18 00:00:00+09:00,592.1883237355025,593.8438022762967,573.5050659179688,573.5050659179688,27200,0.0,0.0
2019-01-21 00:00:00+09:00,573.505038216227,584.8568905190637,569.0115966796875,569.0115966796875,20400,0.0,0.0
2019-01-22 00:00:00+09:00,576.3429974441212,579.4174574222802,569.4845867236126,569.9575805664062,39200,0.0,0.0
2019-01-23 00:00:00+09:00,572.0860097177504,574.4509787533756,569.248046875,569.248046875,5600,0.0,0.0
2019-01-24 00:00:00+09:00,573.2684542837841,573.2684542837841,569.4845040904918,571.6129760742188,3200,0.0,0.0
2019-01-25 00:00:00+09:00,574.9239624755859,591.2422485351562,574.9239624755859,591.2422485351562,15600,0.0,0.0
2019-01-28 00:00:00+09:00,596.681755026731,606.1416322368258,584.6204115838601,598.57373046875,24400,0.0,0.0
2019-01-29 00:00:00+09:00,597.8642110888691,598.1007080078125,592.4247819531713,598.1007080078125,6000,0.0,0.0
2019-01-30 00:00:00+09:00,593.1342110612273,593.1342110612273,558.1326706955728,574.9239501953125,25600,0.0,0.0
2019-01-31 00:00:00+09:00,575.1605332121786,576.5795147908271,559.3152389172708,561.2072143554688,16800,0.0,0.0
2019-02-01 00:00:00+09:00,561.2072000487458,566.6466292948988,559.3152246587795,560.970703125,10400,0.0,0.0
2019-02-04 00:00:00+09:00,560.9707097899058,564.0451698351286,560.9707097899058,563.0991821289062,20400,0.0,0.0
2019-02-05 00:00:00+09:00,571.3766701691574,571.3766701691574,566.646730846565,569.72119140625,9200,0.0,0.0
2019-02-06 00:00:00+09:00,569.9576441709335,577.0525526045966,569.9576441709335,573.0321044921875,7200,0.0,0.0
2019-02-07 00:00:00+09:00,573.0321162637958,575.6335827429134,569.9576558793842,570.1941528320312,8400,0.0,0.0
2019-02-08 00:00:00+09:00,569.4845867236126,574.6875189943432,567.5926113524378,569.9575805664062,27600,0.0,0.0
2019-02-12 00:00:00+09:00,569.9574978646533,578.9443795737226,569.9574978646533,571.6129760742188,15600,0.0,0.0
2019-02-13 00:00:00+09:00,573.0319607456034,577.0524078494727,573.0319607456034,574.6874389648438,11200,0.0,0.0
2019-02-14 00:00:00+09:00,577.0524509992807,579.4174200607532,575.39697265625,575.39697265625,11600,0.0,0.0
2019-02-15 00:00:00+09:00,579.4175670175644,581.7825366788605,566.646730846565,569.72119140625,214000,0.0,0.0
2019-02-18 00:00:00+09:00,562.0738234842278,586.2104970267052,562.0738234842278,583.3427734375,54400,6.25,0.0
2019-02-19 00:00:00+09:00,585.4935189007355,590.2730578305375,585.4935189007355,587.4053344726562,7200,0.0,0.0
2019-02-20 00:00:00+09:00,587.4054093391665,592.6629028320312,587.4054093391665,592.6629028320312,16000,0.0,0.0
2019-02-21 00:00:00+09:00,589.3171649526063,593.8577270507812,589.3171649526063,593.8577270507812,13200,0.0,0.0
2019-02-22 00:00:00+09:00,595.0526401071786,606.2845574104065,595.0526401071786,604.3727416992188,9600,0.0,0.0
2019-02-25 00:00:00+09:00,609.1522432418991,633.2889151004443,609.1522432418991,631.1381225585938,19600,0.0,0.0
2019-02-26 00:00:00+09:00,626.5976292700083,626.5976292700083,616.5605963068731,618.472412109375,6800,0.0,0.0
2019-02-27 00:00:00+09:00,620.145263671875,620.145263671875,617.2775399092305,620.145263671875,4400,0.0,0.0
2019-02-28 00:00:00+09:00,620.3841547551923,620.3841547551923,619.1892700195312,619.1892700195312,3600,0.0,0.0
2019-03-01 00:00:00+09:00,612.9759525046738,614.1708374023438,611.3031136479359,614.1708374023438,6000,0.0,0.0
2019-03-04 00:00:00+09:00,600.3101586309232,609.3912836420598,600.3101586309232,607.7184448242188,4400,0.0,0.0
2019-03-05 00:00:00+09:00,600.5492078405665,607.0015869140625,600.5492078405665,607.0015869140625,2800,0.0,0.0
2019-03-06 00:00:00+09:00,607.0015869140625,607.0015869140625,607.0015869140625,607.0015869140625,0,0.0,0.0
2019-03-07 00:00:00+09:00,599.832215443224,607.0015247911509,599.832215443224,603.4168701171875,36400,0.0,0.0
2019-03-08 00:00:00+09:00,598.1593265419326,608.6743127056741,598.1593265419326,599.115234375,12000,0.0,0.0
2019-03-11 00:00:00+09:00,599.115234375,599.115234375,599.115234375,599.115234375,0,0.0,0.0
2019-03-12 00:00:00+09:00,597.4423828125,598.87624453125,596.247498046875,597.4423828125,50800,0.0,0.0
2019-03-13 00:00:00+09:00,597.4424071386368,597.4424071386368,596.9644532129258,597.2034301757812,2800,0.0,0.0
2019-03-14 00:00:00+09:00,595.2916053181387,605.3286376037115,595.2916053181387,605.0896606445312,2800,0.0,0.0
2019-03-15 00:00:00+09:00,605.0896573935598,605.3286343514561,596.7254638671875,596.7254638671875,4800,0.0,0.0
2019-03-18 00:00:00+09:00,610.5861685119461,610.8251454859234,606.7625369283097,607.7184448242188,3600,0.0,0.0
2019-03-19 00:00:00+09:00,607.7184448242188,607.7184448242188,607.7184448242188,607.7184448242188,0,0.0,0.0
2019-03-20 00:00:00+09:00,607.9574341539784,612.4979967518265,606.7625492598079,608.1964111328125,3600,0.0,0.0
2019-03-22 00:00:00+09:00,598.3983553538603,610.1082273236443,598.3983553538603,609.3912963867188,7600,0.0,0.0
2019-03-25 00:00:00+09:00,607.4794117802136,620.3841671838845,607.4794117802136,619.667236328125,6000,0.0,0.0
2019-03-26 00:00:00+09:00,631.6161487875464,631.6161487875464,621.818092752628,628.031494140625,20000,0.0,0.0
2019-03-27 00:00:00+09:00,622.0570192304087,627.7924661998785,620.3841805309801,622.5349731445312,6000,0.0,0.0
2019-03-28 00:00:00+09:00,619.1893900839935,619.4283670774648,610.8251953125,610.8251953125,23200,0.0,0.0
2019-03-29 00:00:00+09:00,612.975893469851,618.9503173828125,606.0455617308156,618.9503173828125,8000,0.0,0.0
2019-04-01 00:00:00+09:00,618.9503173828125,625.402695208811,618.9503173828125,618.9503173828125,5600,0.0,0.0
2019-04-02 00:00:00+09:00,619.1893322491591,622.7739868164062,619.1893322491591,622.7739868164062,7200,0.0,0.0
2019-04-03 00:00:00+09:00,624.9248296458546,628.5094845004198,621.3401747912895,627.0756225585938,12400,0.0,0.0
2019-04-04 00:00:00+09:00,633.2889225416226,649.0614013671875,633.2889225416226,649.0614013671875,38000,0.0,0.0
2019-04-05 00:00:00+09:00,769.505859375,769.505859375,769.505859375,769.505859375,84400,0.0,0.0
2019-04-08 00:00:00+09:00,764.7263221153846,795.7933289513221,764.7263221153846,776.6751708984375,418400,0.0,0.0
2019-04-09 00:00:00+09:00,791.0137961381924,822.0808032372755,786.2342565844873,798.18310546875,118800,0.0,0.0
2019-04-10 00:00:00+09:00,788.6239682972697,810.1318947053771,785.0393138959186,804.157470703125,38800,0.0,0.0
2019-04-11 00:00:00+09:00,800.5728126468515,807.7421214168234,789.8188494918938,794.598388671875,30400,0.0,0.0
2019-04-12 00:00:00+09:00,805.3523536761958,805.3523536761958,792.2086209010649,799.3779296875,23200,0.0,0.0
2019-04-15 00:00:00+09:00,799.3778691989272,800.57275390625,793.4034456623134,800.57275390625,40800,0.0,0.0
2019-04-16 00:00:00+09:00,796.9881693522135,824.4705200195312,795.793284540591,824.4705200195312,32800,0.0,0.0
2019-04-17 00:00:00+09:00,824.4705213406386,832.8347150353986,819.69098208649,828.05517578125,19200,0.0,0.0
2019-04-18 00:00:00+09:00,834.0296084710292,851.952880859375,832.8347236451394,851.952880859375,75200,0.0,0.0
2019-04-19 00:00:00+09:00,855.5375383165148,867.4863866170248,848.3682293362087,860.3170776367188,38800,0.0,0.0
2019-04-22 00:00:00+09:00,855.5375331727798,855.5375331727798,838.8091456526417,845.9784545898438,37600,0.0,0.0
2019-04-23 00:00:00+09:00,844.7835062170775,844.7835062170775,825.6653504893926,840.0039672851562,26400,0.0,0.0
2019-04-24 00:00:00+09:00,840.004026573956,844.7835658432247,832.8347176700531,835.2244873046875,18800,0.0,0.0
2019-04-25 00:00:00+09:00,835.2244945504813,855.5375366210938,828.0551855843827,855.5375366210938,26000,0.0,0.0
2019-04-26 00:00:00+09:00,850.7579381356485,859.1221313476562,848.3681686465034,859.1221313476562,26000,0.0,0.0
2019-05-07 00:00:00+09:00,862.7067809198943,865.0965503961268,848.3681640625,848.3681640625,24800,0.0,0.0
2019-05-08 00:00:00+09:00,837.6142560611326,844.7835649575188,824.4705230844244,832.834716796875,41200,0.0,0.0
2019-05-09 00:00:00+09:00,831.6398911669075,831.6398911669075,824.4705817602962,826.8603515625,10800,0.0,0.0
2019-05-10 00:00:00+09:00,830.4450062658057,832.8347760680094,816.1063874525831,826.8603515625,20400,0.0,0.0
2019-05-13 00:00:00+09:00,826.8602909677129,835.224484662473,823.2756365271014,828.05517578125,10000,0.0,0.0
2019-05-14 00:00:00+09:00,813.7166176503794,836.419430771315,813.7166176503794,826.8603515625,10400,0.0,0.0
2019-05-15 00:00:00+09:00,831.6398319808106,837.6142560611326,826.8602927165531,832.834716796875,5600,0.0,0.0
2019-05-16 00:00:00+09:00,831.639831103867,831.639831103867,829.2500614742581,830.4449462890625,8000,0.0,0.0
2019-05-17 00:00:00+09:00,836.4193136041814,841.1988525390625,832.8346594030206,841.1988525390625,18000,0.0,0.0
2019-05-20 00:00:00+09:00,841.1989113912732,841.1989113912732,834.0296024873703,835.2244873046875,3200,0.0,0.0
2019-05-21 00:00:00+09:00,835.2244828754308,835.2244828754308,816.1063258997415,823.275634765625,5200,0.0,0.0
2019-05-22 00:00:00+09:00,828.055177967323,834.0296020507812,828.055177967323,834.0296020507812,6400,0.0,0.0
2019-05-23 00:00:00+09:00,832.8347154776714,832.8347154776714,824.4705217784694,829.2500610351562,6400,0.0,0.0
2019-05-24 00:00:00+09:00,825.6654070298449,832.8347159186713,825.6654070298449,830.4449462890625,3600,0.0,0.0
2019-05-27 00:00:00+09:00,832.8347757121415,832.8347757121415,825.6654663085938,825.6654663085938,1200,0.0,0.0
2019-05-28 00:00:00+09:00,825.6654070298449,830.4449462890625,825.6654070298449,830.4449462890625,1200,0.0,0.0
2019-05-29 00:00:00+09:00,826.860288753066,826.860288753066,818.4960950807084,822.0807495117188,5600,0.0,0.0
2019-05-30 00:00:00+09:00,817.3012084960938,822.080747727065,817.3012084960938,817.3012084960938,3600,0.0,0.0
2019-05-31 00:00:00+09:00,824.4705200195312,824.4705200195312,814.9114415265511,824.4705200195312,12000,0.0,0.0
2019-06-03 00:00:00+09:00,813.7166134105009,820.8859227797565,808.9370738309973,812.521728515625,12800,0.0,0.0
2019-06-04 00:00:00+09:00,812.5216719033061,824.4705200195312,810.1319022800611,824.4705200195312,16400,0.0,0.0
2019-06-05 00:00:00+09:00,824.470583159348,831.639892578125,823.2756982562186,831.639892578125,7600,0.0,0.0
2019-06-06 00:00:00+09:00,826.860288753066,826.860288753066,816.1063254600348,822.0807495117188,4000,0.0,0.0
2019-06-07 00:00:00+09:00,822.0808713155022,822.0808713155022,817.3013313659935,820.885986328125,12800,0.0,0.0
2019-06-10 00:00:00+09:00,818.4961537112239,825.6654630867966,814.9114990234375,814.9114990234375,12800,0.0,0.0
2019-06-11 00:00:00+09:00,813.7164938376767,820.8858021534272,811.3267243990932,818.4960327148438,8000,0.0,0.0
2019-06-12 00:00:00+09:00,813.7166764038619,820.885986328125,811.3269064291076,820.885986328125,5200,0.0,0.0
2019-06-13 00:00:00+09:00,813.7165518354773,819.6909758577642,811.3267822265625,811.3267822265625,9600,0.0,0.0
2019-06-14 00:00:00+09:00,811.3267243990932,818.4960327148438,810.1318396798015,818.4960327148438,1600,0.0,0.0
2019-06-17 00:00:00+09:00,818.4961529900046,818.4961529900046,810.1319587258732,812.521728515625,3600,0.0,0.0
2019-06-18 00:00:00+09:00,812.5217267071758,816.1063813838252,804.1575324616608,806.5473022460938,8800,0.0,0.0
2019-06-19 00:00:00+09:00,807.7421269156204,811.3267813250093,805.3523573093612,808.93701171875,3600,0.0,0.0
2019-06-20 00:00:00+09:00,805.3523568599181,807.7421264648438,801.7677024525298,807.7421264648438,7200,0.0,0.0
2019-06-21 00:00:00+09:00,812.521728515625,812.521728515625,807.7421889361214,812.521728515625,18000,0.0,0.0
2019-06-24 00:00:00+09:00,806.5472403040259,806.5472403040259,799.3779315013234,804.157470703125,14400,0.0,0.0
2019-06-25 00:00:00+09:00,796.9881710525204,829.2500610351562,795.7932862383487,829.2500610351562,20400,0.0,0.0
2019-06-26 00:00:00+09:00,831.6398425326784,862.7068481445312,831.6398425326784,862.7068481445312,130400,0.0,0.0
2019-06-27 00:00:00+09:00,745.6080573694029,810.131831564832,727.6847867595616,800.57275390625,489600,0.0,0.0
2019-06-28 00:00:00+09:00,817.3012213186056,860.3170750722163,817.3012213186056,853.1477661132812,125600,0.0,0.0
2019-07-01 00:00:00+09:00,853.1477591178478,853.1477591178478,826.8602931506313,834.0296020507812,29600,0.0,0.0
2019-07-02 00:00:00+09:00,831.6398404811716,860.3170763598326,818.4961073701186,856.732421875,45600,0.0,0.0
2019-07-03 00:00:00+09:00,842.3937903757345,847.1733296119089,819.6909790039062,819.6909790039062,20400,0.0,0.0
2019-07-04 00:00:00+09:00,819.6910386071527,832.8347724623694,811.3268443356511,814.9114990234375,18000,0.0,0.0
2019-07-05 00:00:00+09:00,814.9113747925885,822.0806830752213,808.9369512237279,810.1318359375,11200,0.0,0.0
2019-07-08 00:00:00+09:00,813.7166134105009,826.8603472541361,812.521728515625,812.521728515625,6000,0.0,0.0
2019-07-09 00:00:00+09:00,820.8859235030815,820.8859235030815,805.3524198560071,814.9114990234375,5600,0.0,0.0
2019-07-10 00:00:00+09:00,810.1318359375,810.1318359375,808.9369512237279,810.1318359375,2800,0.0,0.0
2019-07-11 00:00:00+09:00,806.5472478451936,826.8602896427763,804.1574782219485,824.4705200195312,9200,0.0,0.0
2019-07-12 00:00:00+09:00,830.4450026705118,830.4450026705118,812.5217292315799,814.9114990234375,6400,0.0,0.0
2019-07-16 00:00:00+09:00,811.3267866558191,837.614252497392,811.3267866558191,823.275634765625,10000,0.0,0.0
2019-07-17 00:00:00+09:00,823.275634765625,823.275634765625,823.275634765625,823.275634765625,0,0.0,0.0
2019-07-18 00:00:00+09:00,822.080752150126,834.029600291843,822.080752150126,829.2500610351562,14800,0.0,0.0
2019-07-19 00:00:00+09:00,812.5216719033061,824.4705200195312,812.5216719033061,824.4705200195312,3600,0.0,0.0
2019-07-22 00:00:00+09:00,805.3524173538773,813.7166115993923,801.767762677228,806.5473022460938,3600,0.0,0.0
2019-07-23 00:00:00+09:00,812.5216670310199,812.5216670310199,806.547243008733,811.3267822265625,4800,0.0,0.0
2019-07-24 00:00:00+09:00,804.1575342514935,812.521728515625,804.1575342514935,812.521728515625,2000,0.0,0.0
2019-07-25 00:00:00+09:00,807.7421326568161,824.4705200195312,807.7421326568161,824.4705200195312,5200,0.0,0.0
2019-07-26 00:00:00+09:00,807.7421255592776,810.131895161524,801.7677015536617,805.3523559570312,6000,0.0,0.0
2019-07-29 00:00:00+09:00,805.3524144299921,805.3524144299921,796.9882202148438,796.9882202148438,10400,0.0,0.0
2019-07-30 00:00:00+09:00,796.9882202148438,796.9882202148438,781.4547166724255,796.9882202148438,11200,0.0,0.0
2019-07-31 00:00:00+09:00,802.9626446542354,802.9626446542354,779.0649468966689,796.9882202148438,7600,0.0,0.0
2019-08-01 00:00:00+09:00,787.4290172213325,792.208556020855,783.8443631216905,789.8187866210938,6800,0.0,0.0
2019-08-02 00:00:00+09:00,782.649658203125,785.0394281518369,782.649658203125,782.649658203125,5600,0.0,0.0
2019-08-05 00:00:00+09:00,777.8701183057013,782.649658203125,776.6752333313455,782.649658203125,5200,0.0,0.0
2019-08-06 00:00:00+09:00,768.311038510854,782.649658203125,768.311038510854,782.649658203125,4400,0.0,0.0
2019-08-07 00:00:00+09:00,782.649658203125,783.8445431774809,782.649658203125,782.649658203125,3600,0.0,0.0
2019-08-08 00:00:00+09:00,782.649597911167,785.0393676757812,776.6751734996313,785.0393676757812,9200,0.0,0.0
2019-08-09 00:00:00+09:00,779.0648813043531,781.4546508789062,779.0648813043531,781.4546508789062,2000,0.0,0.0
2019-08-13 00:00:00+09:00,769.5057978652313,780.2597608788759,767.1160283066437,768.3109130859375,15600,0.0,0.0
2019-08-14 00:00:00+09:00,773.0904522031128,773.0904522031128,764.726258748056,768.3109130859375,2800,0.0,0.0
2019-08-15 00:00:00+09:00,757.5570087462711,767.1160877209874,757.5570087462711,763.5314331054688,10000,0.0,0.0
2019-08-16 00:00:00+09:00,755.1671767347441,758.7518310546875,753.9722919614296,758.7518310546875,122000,0.0,0.0
2019-08-19 00:00:00+09:00,758.7518663301242,765.9895629882812,744.2764730138102,765.9895629882812,15600,7.5,0.0
2019-08-20 00:00:00+09:00,759.9581331559912,764.7832641601562,753.9267194007849,764.7832641601562,7200,0.0,0.0
2019-08-21 00:00:00+09:00,752.7204558341734,752.7204558341734,747.8953247070312,747.8953247070312,3600,0.0,0.0
2019-08-22 00:00:00+09:00,747.8953624906994,759.9581909179688,747.8953624906994,759.9581909179688,3200,0.0,0.0
2019-08-23 00:00:00+09:00,756.3393423897879,759.9581909179688,756.3393423897879,759.9581909179688,3200,0.0,0.0
2019-08-26 00:00:00+09:00,747.8953496803416,772.021006121643,747.8953496803416,763.5770263671875,4400,0.0,0.0
2019-08-27 00:00:00+09:00,772.0209930227987,772.0209930227987,751.5141853956306,767.1958618164062,6000,0.0,0.0
2019-08-28 00:00:00+09:00,755.1329725565362,755.1329725565362,744.2764282226562,744.2764282226562,21200,0.0,0.0
2019-08-29 00:00:00+09:00,753.926725678421,753.926725678421,746.6890291119081,751.51416015625,4400,0.0,0.0
2019-08-30 00:00:00+09:00,765.9896137558411,775.6398766063083,765.9896137558411,774.43359375,11200,0.0,0.0
2019-09-02 00:00:00+09:00,775.6399006850846,808.2095388164958,775.6399006850846,790.1152954101562,15600,0.0,0.0
2019-09-03 00:00:00+09:00,797.352914979334,797.352914979334,782.8775216665472,788.908935546875,4800,0.0,0.0
2019-09-04 00:00:00+09:00,788.9089615433304,796.1466584382233,781.6712646484375,781.6712646484375,2000,0.0,0.0
2019-09-05 00:00:00+09:00,794.9403237082741,804.590585604581,788.9089100230823,796.1466064453125,14800,0.0,0.0
2019-09-06 00:00:00+09:00,779.2587280273438,779.2587280273438,779.2587280273438,779.2587280273438,400,0.0,0.0
2019-09-09 00:00:00+09:00,794.9403332276512,794.9403332276512,784.0837884642993,787.70263671875,4800,0.0,0.0
2019-09-10 00:00:00+09:00,796.1465845819729,808.2094116210938,784.0837575428521,808.2094116210938,10800,0.0,0.0
2019-09-11 00:00:00+09:00,802.1780332305727,819.0659918249006,792.5277711766711,815.4471435546875,16400,0.0,0.0
2019-09-12 00:00:00+09:00,810.6219643852154,811.8282470703125,810.6219643852154,811.8282470703125,1200,0.0,0.0
2019-09-13 00:00:00+09:00,797.3528513544878,811.8282435122092,796.1465686746777,807.0031127929688,11600,0.0,0.0
2019-09-17 00:00:00+09:00,815.4471274594907,817.8596929253473,807.0031483289931,814.2408447265625,10400,0.0,0.0
2019-09-18 00:00:00+09:00,810.6219965277778,814.2408447265625,808.2094310619214,814.2408447265625,5200,0.0,0.0
2019-09-19 00:00:00+09:00,814.2408124405066,816.6533778107007,811.8282470703125,811.8282470703125,2400,0.0,0.0
2019-09-20 00:00:00+09:00,811.8282470703125,811.8282470703125,811.8282470703125,811.8282470703125,0,0.0,0.0
2019-09-24 00:00:00+09:00,808.2094116210938,808.2094116210938,808.2094116210938,808.2094116210938,1600,0.0,0.0
2019-09-25 00:00:00+09:00,808.2093954727789,808.2093954727789,803.3842647535383,807.0031127929688,23200,0.0,0.0
2019-09-26 00:00:00+09:00,807.00319293557,813.0346069335938,798.5592133383368,813.0346069335938,5600,0.0,0.0
2019-09-27 00:00:00+09:00,813.0346107309252,813.0346107309252,762.3707329108972,794.9403686523438,14400,0.0,0.0
2019-09-30 00:00:00+09:00,793.7340668445497,793.7340668445497,757.5455835537647,765.9895629882812,12000,0.0,0.0
2019-10-01 00:00:00+09:00,768.4021794684579,782.8775737441589,768.4021794684579,774.43359375,4400,0.0,0.0
2019-10-02 00:00:00+09:00,772.0209245621019,774.4334899513585,757.5455322265625,757.5455322265625,30000,0.0,0.0
2019-10-03 00:00:00+09:00,858.8733399921637,863.6984711157152,778.0523936726764,793.7340698242188,129600,0.0,0.0
2019-10-04 00:00:00+09:00,810.622093915219,829.9226199608195,788.9090021139185,798.5592651367188,20800,0.0,0.0
2019-10-07 00:00:00+09:00,798.5591625573932,809.4157070634604,794.9403143887041,804.590576171875,12400,0.0,0.0
2019-10-08 00:00:00+09:00,808.209440494012,815.447136976048,805.796875,805.796875,6400,0.0,0.0
2019-10-09 00:00:00+09:00,805.7968301131586,807.0031127929688,797.3528513544878,807.0031127929688,10400,0.0,0.0
2019-10-10 00:00:00+09:00,808.2093990150213,813.0345297554095,805.7968336448273,811.8282470703125,4000,0.0,0.0
2019-10-11 00:00:00+09:00,813.034659670919,814.2409425487691,798.5592651367188,798.5592651367188,9200,0.0,0.0
2019-10-15 00:00:00+09:00,799.7654551982178,819.0659790039062,799.7654551982178,819.0659790039062,15200,0.0,0.0
2019-10-16 00:00:00+09:00,813.0346069335938,821.4785865308269,811.828324133989,813.0346069335938,16000,0.0,0.0
2019-10-17 00:00:00+09:00,816.6534230368478,817.8597057887486,809.4157265254429,810.6220092773438,3200,0.0,0.0
2019-10-18 00:00:00+09:00,810.6220543032787,813.034619941086,798.5592261142418,809.415771484375,3200,0.0,0.0
2019-10-21 00:00:00+09:00,809.4156407719165,817.859619140625,809.4156407719165,817.859619140625,1200,0.0,0.0
2019-10-23 00:00:00+09:00,817.859619140625,817.859619140625,804.5905102755116,817.859619140625,9600,0.0,0.0
2019-10-24 00:00:00+09:00,817.859619140625,817.859619140625,807.0030755237141,817.859619140625,9200,0.0,0.0
2019-10-25 00:00:00+09:00,817.859619140625,817.859619140625,817.859619140625,817.859619140625,2000,0.0,0.0
2019-10-28 00:00:00+09:00,805.7969101359653,816.6534553324079,805.7969101359653,813.0346069335938,4000,0.0,0.0
2019-10-29 00:00:00+09:00,808.2094795099702,808.2094795099702,794.9403686523438,794.9403686523438,1200,0.0,0.0
2019-10-30 00:00:00+09:00,811.8282435122092,811.8282435122092,807.0031127929688,807.0031127929688,1600,0.0,0.0
2019-10-31 00:00:00+09:00,805.7968301131586,807.0031127929688,796.1465686746777,807.0031127929688,6400,0.0,0.0
2019-11-01 00:00:00+09:00,804.590592252994,805.796875,804.590592252994,805.796875,800,0.0,0.0
2019-11-05 00:00:00+09:00,804.5905102755116,817.859619140625,804.5905102755116,817.859619140625,8400,0.0,0.0
2019-11-06 00:00:00+09:00,816.6533365165238,817.859619140625,794.9402492827019,817.859619140625,15600,0.0,0.0
2019-11-07 00:00:00+09:00,817.8596962660507,819.0659790039062,817.8596962660507,819.0659790039062,2800,0.0,0.0
2019-11-08 00:00:00+09:00,819.0660560159122,820.2723388671875,813.0346417595358,820.2723388671875,6000,0.0,0.0
2019-11-11 00:00:00+09:00,820.2722654858885,846.8104858398438,817.8596999991653,846.8104858398438,29600,0.0,0.0
2019-11-12 00:00:00+09:00,845.6042191354852,870.9361572265625,841.9853708367599,870.9361572265625,37200,0.0,0.0
2019-11-13 00:00:00+09:00,863.6985323112509,890.2367553710938,863.6985323112509,890.2367553710938,40000,0.0,0.0
2019-11-14 00:00:00+09:00,886.6178172343486,895.0617964461043,869.7298588108372,892.6492309570312,26800,0.0,0.0
2019-11-15 00:00:00+09:00,884.2052676552221,897.4743780838816,873.348722759046,893.8555297851562,19600,0.0,0.0
2019-11-18 00:00:00+09:00,895.061812551398,916.77490234375,895.061812551398,916.77490234375,52800,0.0,0.0
2019-11-19 00:00:00+09:00,915.5686195775082,917.9811851099918,905.9183574475741,916.77490234375,13600,0.0,0.0
2019-11-20 00:00:00+09:00,916.7749183845269,917.981201171875,915.5686355971789,917.981201171875,5200,0.0,0.0
2019-11-21 00:00:00+09:00,917.98117554825,925.2188720703125,909.5371962725105,925.2188720703125,17200,0.0,0.0
2019-11-22 00:00:00+09:00,926.4252129750982,927.6314958044929,895.0618594108372,920.393798828125,10400,0.0,0.0
2019-11-25 00:00:00+09:00,920.3937283602627,934.869121204723,916.7748801491476,928.8377075195312,33600,0.0,0.0
2019-11-26 00:00:00+09:00,934.869140625,934.869140625,920.3937474798387,934.869140625,4400,0.0,0.0
2019-11-27 00:00:00+09:00,934.869140625,934.869140625,920.3937474798387,934.869140625,4400,0.0,0.0
2019-11-28 00:00:00+09:00,934.8690957138219,936.0753784179688,926.4251167847939,936.0753784179688,7200,0.0,0.0
2019-11-29 00:00:00+09:00,936.075452402369,944.5194319987821,926.4251900064684,932.4566040039062,25600,0.0,0.0
2019-12-02 00:00:00+09:00,932.4565942226312,944.5194220909706,927.6314630752955,940.9005737304688,14800,0.0,0.0
2019-12-03 00:00:00+09:00,938.4879599709922,938.4879599709922,925.2188499971093,937.2816772460938,4400,0.0,0.0
2019-12-04 00:00:00+09:00,938.4879599709922,938.4879599709922,925.2188499971093,937.2816772460938,4400,0.0,0.0
2019-12-05 00:00:00+09:00,938.4880180013442,939.6943008008318,932.4566040039062,932.4566040039062,2000,0.0,0.0
2019-12-06 00:00:00+09:00,937.2816966025116,943.3131103515625,931.2502828534607,943.3131103515625,28000,0.0,0.0
2019-12-09 00:00:00+09:00,942.106791938703,944.5193573469968,936.0753784179688,936.0753784179688,5200,0.0,0.0
2019-12-10 00:00:00+09:00,936.0754201372001,939.6942684109264,930.0440063476562,930.0440063476562,4400,0.0,0.0
2019-12-11 00:00:00+09:00,919.1875030278537,926.4251999020887,915.5686545907362,924.0126342773438,6400,0.0,0.0
2019-12-12 00:00:00+09:00,919.1875030278537,926.4251999020887,915.5686545907362,924.0126342773438,6400,0.0,0.0
2019-12-13 00:00:00+09:00,922.8063416080056,938.4880180013442,922.8063416080056,932.4566040039062,30400,0.0,0.0
2019-12-16 00:00:00+09:00,932.4566040039062,932.4566040039062,905.9183824151793,932.4566040039062,3200,0.0,0.0
2019-12-17 00:00:00+09:00,939.6942780983097,944.5194091796875,932.4565814762432,944.5194091796875,13600,0.0,0.0
2019-12-18 00:00:00+09:00,944.5194776465856,944.5194776465856,928.8378004953652,931.2503662109375,10000,0.0,0.0
2019-12-19 00:00:00+09:00,939.6942555035732,942.1068209862525,925.2188626074976,933.662841796875,11200,0.0,0.0
2019-12-20 00:00:00+09:00,938.4880085567921,939.6942913441401,917.981201171875,917.981201171875,26000,0.0,0.0
2019-12-23 00:00:00+09:00,901.093150504493,915.5685424804688,857.6669745765656,915.5685424804688,43200,0.0,0.0
2019-12-24 00:00:00+09:00,881.7926834611703,910.7434692382812,880.5864007204574,910.7434692382812,20800,0.0,0.0
2019-12-25 00:00:00+09:00,909.5372589069466,909.5372589069466,867.3173596208152,879.3801879882812,29600,0.0,0.0
2019-12-26 00:00:00+09:00,887.824084762533,916.7748701352243,868.5235611807389,914.3623046875,38000,0.0,0.0
2019-12-27 00:00:00+09:00,897.4743934044471,940.9005737304688,868.5236065204327,940.9005737304688,56000,0.0,0.0
2019-12-30 00:00:00+09:00,940.9004910625989,958.9947312753411,932.4565122966525,952.9633178710938,22000,0.0,0.0
2020-01-06 00:00:00+09:00,956.582200844469,957.7884835693674,933.6628290713984,937.2816772460938,12400,0.0,0.0
2020-01-07 00:00:00+09:00,949.3445304741965,949.3445304741965,927.6314408318387,930.0440063476562,2400,0.0,0.0
2020-01-08 00:00:00+09:00,928.8377462580075,928.8377462580075,907.1246560857425,917.981201171875,4000,0.0,0.0
2020-01-09 00:00:00+09:00,933.6628967763238,934.8691795886963,924.0126342773438,924.0126342773438,3600,0.0,0.0
2020-01-10 00:00:00+09:00,933.6628967763238,934.8691795886963,924.0126342773438,924.0126342773438,3600,0.0,0.0
2020-01-14 00:00:00+09:00,924.0125664783972,930.0439800977078,914.3623046875,914.3623046875,2000,0.0,0.0
2020-01-15 00:00:00+09:00,914.3623303352518,914.3623303352518,897.4743717274768,907.1246337890625,3200,0.0,0.0
2020-01-16 00:00:00+09:00,920.39369289538,922.806258276495,905.9183006086898,921.5999755859375,3600,0.0,0.0
2020-01-17 00:00:00+09:00,920.39369289538,922.806258276495,905.9183006086898,921.5999755859375,3600,0.0,0.0
2020-01-20 00:00:00+09:00,922.8062384684566,924.0125211331213,907.1245638278162,915.5685424804688,1600,0.0,0.0
2020-01-21 00:00:00+09:00,922.8062384684566,924.0125211331213,907.1245638278162,915.5685424804688,1600,0.0,0.0
2020-01-22 00:00:00+09:00,962.6135793178896,1001.2146251050732,940.9004910625989,952.9633178710938,114400,0.0,0.0
2020-01-23 00:00:00+09:00,948.1382313121449,948.1382313121449,926.4251420454545,928.8377075195312,17200,0.0,0.0
2020-01-24 00:00:00+09:00,928.8376981718046,939.6942426958907,922.8062845473124,937.2816772460938,11600,0.0,0.0
2020-01-27 00:00:00+09:00,944.5193391051473,963.819861998739,942.1067737434483,952.9633178710938,16800,0.0,0.0
2020-01-28 00:00:00+09:00,945.7256919500319,945.7256919500319,932.4565814762432,944.5194091796875,21600,0.0,0.0
2020-01-29 00:00:00+09:00,940.9005387102972,956.5822143554688,938.4879732264246,956.5822143554688,9200,0.0,0.0
2020-01-30 00:00:00+09:00,956.5822049713134,991.5644041442871,945.7256604003906,965.0261840820312,95600,0.0,0.0
2020-01-31 00:00:00+09:00,977.0890775639959,1022.9278244126773,972.2639463167664,1020.5152587890625,134400,0.0,0.0
2020-02-03 00:00:00+09:00,1032.577945585029,1037.403076171875,980.7077917764353,1037.403076171875,94000,0.0,0.0
2020-02-04 00:00:00+09:00,1033.7843990282872,1069.9728844085073,1021.7215705682139,1068.7666015625,80800,0.0,0.0
2020-02-05 00:00:00+09:00,1073.591712782118,1089.2733894856772,1061.5288845486111,1085.654541015625,146800,0.0,0.0
2020-02-06 00:00:00+09:00,1089.2733894856772,1092.8922379557291,1073.591712782118,1085.654541015625,62000,0.0,0.0
2020-02-07 00:00:00+09:00,1085.6544672056687,1089.2733154296875,1079.6230534989704,1089.2733154296875,111600,0.0,0.0
2020-02-10 00:00:00+09:00,1073.591712782118,1086.8608238389756,1072.3854299587674,1085.654541015625,33600,0.0,0.0
2020-02-12 00:00:00+09:00,1078.4168440755209,1086.8608238389756,1072.3854299587674,1085.654541015625,38000,0.0,0.0
2020-02-13 00:00:00+09:00,1079.6232217616066,1092.892333984375,1076.004372973579,1092.892333984375,49200,0.0,0.0
2020-02-14 00:00:00+09:00,1092.8921636537063,1092.8921636537063,1078.4167707576307,1089.2733154296875,33200,0.0,0.0
2020-02-17 00:00:00+09:00,1085.6545672320678,1085.6545672320678,1049.4660816576657,1078.4168701171875,47200,0.0,0.0
2020-02-18 00:00:00+09:00,1067.5602867160987,1076.0042663850397,1033.784368040335,1066.35400390625,141600,0.0,0.0
2020-02-19 00:00:00+09:00,1062.714649822695,1062.714649822695,1017.8283004580378,1026.3203125,44400,6.25,0.0
2020-02-20 00:00:00+09:00,1025.107114153056,1031.1728367220092,1011.7625245013595,1017.8282470703125,23200,0.0,0.0
2020-02-21 00:00:00+09:00,1017.8282690082156,1036.0254371072897,1014.1888353884008,1022.6808471679688,6000,0.0,0.0
2020-02-25 00:00:00+09:00,971.7287624799288,1011.7625317206749,971.7287624799288,1009.3362426757812,10800,0.0,0.0
2020-02-26 00:00:00+09:00,994.7784892203424,1019.0413792013264,994.7784892203424,1011.7625122070312,10800,0.0,0.0
2020-02-27 00:00:00+09:00,1009.3362151501226,1011.7625041288488,989.9259033203125,989.9259033203125,23600,0.0,0.0
2020-02-28 00:00:00+09:00,955.9578714346945,976.5813280519405,905.0058021450282,972.94189453125,60800,0.0,0.0
2020-03-02 00:00:00+09:00,966.8762314045732,1011.762580917709,949.8922072644679,1003.2705688476562,28000,0.0,0.0
2020-03-03 00:00:00+09:00,1022.6808777229917,1022.6808777229917,983.8602512851082,988.7128295898438,7200,0.0,0.0
2020-03-04 00:00:00+09:00,988.7127615007461,1011.7625068608862,982.6470390375514,997.2047729492188,11600,0.0,0.0
2020-03-05 00:00:00+09:00,992.3521534989519,994.7784423828125,979.007564637719,994.7784423828125,6800,0.0,0.0
2020-03-06 00:00:00+09:00,994.7784327182933,995.9915771484375,994.7784327182933,995.9915771484375,1600,0.0,0.0
2020-03-09 00:00:00+09:00,982.6469987162044,982.6469987162044,946.252665430419,971.7286987304688,48800,0.0,0.0
2020-03-10 00:00:00+09:00,958.3840931573753,1028.7464696170307,946.2526489401934,1027.5333251953125,57600,0.0,0.0
2020-03-11 00:00:00+09:00,1029.959654206211,1029.959654206211,976.5812975689046,999.6310424804688,19200,0.0,0.0
2020-03-12 00:00:00+09:00,994.7785558652638,1005.6968570881753,937.7607605900597,965.6630859375,27200,0.0,0.0
2020-03-13 00:00:00+09:00,931.6949366059818,935.3343699520989,897.726892042222,932.9080810546875,54000,0.0,0.0
2020-03-16 00:00:00+09:00,932.9081780569893,989.9259730747767,919.5635877336774,951.1053466796875,82800,0.0,0.0
2020-03-17 00:00:00+09:00,921.9897821292666,999.6310269401522,921.9897821292666,986.2864379882812,64400,0.0,0.0
2020-03-18 00:00:00+09:00,1003.2704534763243,1003.2704534763243,953.5315313571837,994.7784423828125,62400,0.0,0.0
2020-03-19 00:00:00+09:00,983.8602468982284,983.8602468982284,955.9579217704118,974.1550903320312,42800,0.0,0.0
2020-03-23 00:00:00+09:00,957.1710184682714,991.1390647510491,957.1710184682714,980.2207641601562,23600,0.0,0.0
2020-03-24 00:00:00+09:00,963.2366934350496,1002.0573158404924,963.2366934350496,986.2864379882812,14800,0.0,0.0
2020-03-25 00:00:00+09:00,993.565339471302,1006.9099288903304,970.5155941111618,997.2047729492188,35200,0.0,0.0
2020-03-26 00:00:00+09:00,997.2047467283394,1014.1887691787003,979.0075798172383,1008.123046875,21600,0.0,0.0
2020-03-27 00:00:00+09:00,1008.1231471734008,1021.4677375691979,986.2865447075509,1003.2705688476562,21600,0.0,0.0
2020-03-30 00:00:00+09:00,1006.9099047205036,1023.8939272097651,951.1052593986443,962.0235595703125,189200,0.0,0.0
2020-03-31 00:00:00+09:00,946.2526883423783,969.3024333148209,946.2526883423783,953.5315551757812,126000,0.0,0.0
2020-04-01 00:00:00+09:00,969.3024044680905,969.3024044680905,934.1212158203125,934.1212158203125,12000,0.0,0.0
2020-04-02 00:00:00+09:00,934.121231294014,963.2366982434379,934.121231294014,947.4658203125,14800,0.0,0.0
2020-04-03 00:00:00+09:00,969.3024234602078,969.3024234602078,932.9080896632038,954.7446899414062,23600,0.0,0.0
2020-04-06 00:00:00+09:00,886.8086168279694,979.0075975104944,875.8903164839862,975.3681640625,90400,0.0,0.0
2020-04-07 00:00:00+09:00,976.5813209335647,981.4338989257812,937.760696995833,981.4338989257812,38000,0.0,0.0
2020-04-08 00:00:00+09:00,989.9259043363555,1020.2545166015625,972.9418814678397,1020.2545166015625,32800,0.0,0.0
2020-04-09 00:00:00+09:00,1029.9595947265625,1029.9595947265625,1011.7624287419942,1029.9595947265625,10000,0.0,0.0
2020-04-10 00:00:00+09:00,1019.041386993838,1033.59912109375,1012.9756644522081,1033.59912109375,14400,0.0,0.0
2020-04-13 00:00:00+09:00,1016.6150793004919,1016.6150793004919,981.4338892053674,982.6470336914062,22400,0.0,0.0
2020-04-14 00:00:00+09:00,970.5155764751553,995.9916103576281,970.5155764751553,976.581298828125,9200,0.0,0.0
2020-04-15 00:00:00+09:00,972.9418453188842,1006.9098897938578,972.9418453188842,1002.0573120117188,6800,0.0,0.0
2020-04-16 00:00:00+09:00,985.0733280228293,1012.9756513535252,985.0733280228293,997.2047729492188,4400,0.0,0.0
2020-04-17 00:00:00+09:00,997.2048241950182,1010.5494142998177,994.7785350850547,998.41796875,2800,0.0,0.0
2020-04-20 00:00:00+09:00,987.4995882161458,1015.4019107333096,983.8601548443419,1000.8441772460938,8000,0.0,0.0
2020-04-21 00:00:00+09:00,983.8601587605594,1005.696759078303,983.8601587605594,985.0733032226562,4800,0.0,0.0
2020-04-22 00:00:00+09:00,976.5813794735806,976.5813794735806,960.8105000535103,974.1550903320312,11200,0.0,0.0
2020-04-23 00:00:00+09:00,974.1550070675502,993.5653185408762,969.3024291992188,969.3024291992188,10400,0.0,0.0
2020-04-24 00:00:00+09:00,985.0733968676122,1031.1728908096927,969.3025173611111,1026.3203125,33600,0.0,0.0
2020-04-27 00:00:00+09:00,1038.4517430505086,1046.9437549679778,1019.0414300962937,1043.3043212890625,37600,0.0,0.0
2020-04-28 00:00:00+09:00,1055.435791015625,1055.435791015625,1036.0254776176364,1055.435791015625,11600,0.0,0.0
2020-04-30 00:00:00+09:00,1063.9277394555418,1078.4854736328125,1046.9437162487259,1078.4854736328125,32000,0.0,0.0
2020-05-01 00:00:00+09:00,1077.27222628644,1077.27222628644,1029.9595947265625,1029.9595947265625,29200,0.0,0.0
2020-05-07 00:00:00+09:00,1053.0094434485588,1062.714599609375,1037.2385646872324,1062.714599609375,4800,0.0,0.0
2020-05-08 00:00:00+09:00,1067.5671059744698,1089.4037058694023,1060.2882393428258,1086.9774169921875,16000,0.0,0.0
2020-05-11 00:00:00+09:00,1079.6987206044823,1089.4038776436237,1072.4198528251263,1080.911865234375,12000,0.0,0.0
2020-05-12 00:00:00+09:00,1088.1906395989495,1088.1906395989495,1077.2723388671875,1077.2723388671875,2400,0.0,0.0
2020-05-13 00:00:00+09:00,1078.485390183616,1079.6985346045196,1073.6328125,1073.6328125,10400,0.0,0.0
2020-05-14 00:00:00+09:00,1073.6328028556186,1086.9773913656884,1073.6328028556186,1074.845947265625,5200,0.0,0.0
2020-05-15 00:00:00+09:00,1074.8460153139222,1074.8460153139222,1063.9277149326294,1066.35400390625,7200,0.0,0.0
2020-05-18 00:00:00+09:00,1065.140708871439,1069.9932861328125,1048.1566884566325,1069.9932861328125,8000,0.0,0.0
2020-05-19 00:00:00+09:00,1079.6986083984375,1082.1248974060743,1067.5671633602528,1079.6986083984375,16400,0.0,0.0
2020-05-20 00:00:00+09:00,1079.6987206044823,1086.9775883838383,1061.501551156092,1080.911865234375,14000,0.0,0.0
2020-05-21 00:00:00+09:00,1067.5671096404303,1076.059120739843,1063.9276763121106,1071.20654296875,9200,0.0,0.0
2020-05-22 00:00:00+09:00,1078.4854783707012,1078.4854783707012,1062.714599609375,1062.714599609375,3200,0.0,0.0
2020-05-25 00:00:00+09:00,1045.7305060795375,1086.9774169921875,1038.4516394478935,1086.9774169921875,25600,0.0,0.0
2020-05-26 00:00:00+09:00,1088.1905848733684,1088.1905848733684,1066.3539845080163,1068.7802734375,13600,0.0,0.0
2020-05-27 00:00:00+09:00,1076.059120739843,1076.059120739843,1067.5671096404303,1071.20654296875,2800,0.0,0.0
2020-05-28 00:00:00+09:00,1071.206514035606,1074.845947265625,1069.9933696255996,1074.845947265625,5200,0.0,0.0
2020-05-29 00:00:00+09:00,1074.8461582788448,1074.8461582788448,1063.9278564453125,1063.9278564453125,4800,0.0,0.0
2020-06-01 00:00:00+09:00,1063.9277441294769,1063.9277441294769,1054.2225879686607,1062.714599609375,18400,0.0,0.0
2020-06-02 00:00:00+09:00,1062.7145853449788,1079.6986083984375,1060.288296337342,1079.6986083984375,24000,0.0,0.0
2020-06-03 00:00:00+09:00,1073.6328955737222,1079.6986181475852,1062.714594940769,1078.4854736328125,19600,0.0,0.0
2020-06-04 00:00:00+09:00,1062.7145853449788,1079.6986083984375,1062.7145853449788,1079.6986083984375,8400,0.0,0.0
2020-06-05 00:00:00+09:00,1077.2723193908005,1079.6986083984375,1074.8460303831637,1079.6986083984375,12800,0.0,0.0
2020-06-08 00:00:00+09:00,1079.6986279186901,1079.6986279186901,1065.140893609674,1077.2723388671875,10400,0.0,0.0
2020-06-09 00:00:00+09:00,1063.9277587340139,1077.2723486383172,1063.9277587340139,1076.0592041015625,5200,0.0,0.0
2020-06-10 00:00:00+09:00,1073.6328028556186,1074.845947265625,1068.7802252155932,1074.845947265625,9200,0.0,0.0
2020-06-11 00:00:00+09:00,1073.6328159997222,1073.6328159997222,1057.8619384765625,1057.8619384765625,26400,0.0,0.0
2020-06-12 00:00:00+09:00,1050.5830078125,1050.5830078125,1050.5830078125,1050.5830078125,1600,0.0,0.0
2020-06-15 00:00:00+09:00,1050.5830078125,1050.5830078125,1050.5830078125,1050.5830078125,1200,0.0,0.0
2020-06-16 00:00:00+09:00,1055.4356939142401,1068.7802831476386,1055.4356939142401,1067.567138671875,35200,0.0,0.0
2020-06-17 00:00:00+09:00,1067.5671289727582,1068.7802734375,1067.5671289727582,1068.7802734375,8400,0.0,0.0
2020-06-18 00:00:00+09:00,1067.5669975021258,1069.9932861328125,1067.5669975021258,1069.9932861328125,5200,0.0,0.0
2020-06-19 00:00:00+09:00,1071.20662109375,1091.830078125,1067.5671875,1091.830078125,44000,0.0,0.0
2020-06-22 00:00:00+09:00,1086.9773976893096,1089.4036865234375,1083.3379644381178,1089.4036865234375,3200,0.0,0.0
2020-06-23 00:00:00+09:00,1083.3381009339207,1085.7643900737503,1067.5672215250283,1072.4197998046875,8000,0.0,0.0
2020-06-24 00:00:00+09:00,1072.4197998046875,1072.4197998046875,1072.4197998046875,1072.4197998046875,0,0.0,0.0
2020-06-25 00:00:00+09:00,1067.5672903898233,1067.5672903898233,1061.501567148972,1063.9278564453125,8400,0.0,0.0
2020-06-26 00:00:00+09:00,1069.9934471321542,1071.2065916300364,1060.288291149096,1065.140869140625,12800,0.0,0.0
2020-06-29 00:00:00+09:00,1181.6027279993532,1225.2759294449145,1127.0112261924014,1142.7821044921875,286000,0.0,0.0
2020-06-30 00:00:00+09:00,1142.7819364314566,1211.9311618843155,1116.0927616952656,1210.718017578125,123200,0.0,0.0
2020-07-01 00:00:00+09:00,1208.2918878797407,1208.2918878797407,1157.3398203185468,1175.5369873046875,48400,0.0,0.0
2020-07-02 00:00:00+09:00,1202.2262255711112,1202.2262255711112,1179.1764795712613,1198.5867919921875,48400,0.0,0.0
2020-07-03 00:00:00+09:00,1198.5866536791518,1201.0129424517816,1182.8157766570575,1185.2420654296875,26000,0.0,0.0
2020-07-06 00:00:00+09:00,1185.24220703125,1191.3079296875,1176.7501953125,1182.81591796875,16400,0.0,0.0
2020-07-07 00:00:00+09:00,1182.8158152189187,1190.094681774112,1179.176381941322,1180.3895263671875,14400,0.0,0.0
2020-07-08 00:00:00+09:00,1182.8159927448053,1182.8159927448053,1156.1268113700507,1158.5531005859375,15200,0.0,0.0
2020-07-09 00:00:00+09:00,1167.0449703459706,1167.0449703459706,1140.3557922299503,1160.979248046875,14000,0.0,0.0
2020-07-10 00:00:00+09:00,1158.5530025401015,1158.5530025401015,1140.3558349609375,1140.3558349609375,9200,0.0,0.0
2020-07-13 00:00:00+09:00,1140.355859375,1160.97931640625,1140.355859375,1152.4873046875,13600,0.0,0.0
2020-07-14 00:00:00+09:00,1180.3897035289185,1180.3897035289185,1158.5531005859375,1158.5531005859375,14800,0.0,0.0
2020-07-15 00:00:00+09:00,1152.4871922644725,1164.6186363935722,1148.8477590257426,1151.2740478515625,12400,0.0,0.0
2020-07-16 00:00:00+09:00,1151.2741212984802,1174.3238666142558,1151.2741212984802,1157.33984375,13600,0.0,0.0
2020-07-17 00:00:00+09:00,1157.339824341331,1168.2581245709662,1153.7003909314526,1159.76611328125,10400,0.0,0.0
2020-07-20 00:00:00+09:00,1159.7661620580311,1164.6187401419559,1150.0610058901814,1153.700439453125,8000,0.0,0.0
2020-07-21 00:00:00+09:00,1153.7003716646009,1173.1106828597992,1153.7003716646009,1162.1923828125,7200,0.0,0.0
2020-07-22 00:00:00+09:00,1163.405494893601,1181.6026611328125,1163.405494893601,1181.6026611328125,16800,0.0,0.0
2020-07-27 00:00:00+09:00,1181.6026611328125,1182.81580554876,1175.5369390530752,1181.6026611328125,10000,0.0,0.0
2020-07-28 00:00:00+09:00,1181.6027636918866,1184.029052734375,1181.6027636918866,1184.029052734375,2400,0.0,0.0
2020-07-29 00:00:00+09:00,1177.9633250889442,1177.9633250889442,1154.9135792839081,1169.4713134765625,14400,0.0,0.0
2020-07-30 00:00:00+09:00,1177.963285966353,1177.963285966353,1163.405552257191,1174.3238525390625,4400,0.0,0.0
2020-07-31 00:00:00+09:00,1152.4871537968095,1170.6843193830748,1152.4871537968095,1156.1265869140625,16000,0.0,0.0
2020-08-03 00:00:00+09:00,1156.1266387449866,1171.8975162934491,1114.879728233623,1134.2900390625,26000,0.0,0.0
2020-08-04 00:00:00+09:00,1134.2901175362724,1170.6844528582917,1134.2901175362724,1154.91357421875,3600,0.0,0.0
2020-08-05 00:00:00+09:00,1165.831968233598,1165.831968233598,1157.3399559779941,1158.5531005859375,4800,0.0,0.0
2020-08-06 00:00:00+09:00,1152.4872368281412,1168.2581148057895,1152.4872368281412,1160.979248046875,6400,0.0,0.0
2020-08-07 00:00:00+09:00,1164.6187303046217,1167.04501932609,1154.91357421875,1154.91357421875,7200,0.0,0.0
2020-08-11 00:00:00+09:00,1154.9135792839081,1169.4713134765625,1154.9135792839081,1169.4713134765625,9600,0.0,0.0
2020-08-12 00:00:00+09:00,1156.1266702075986,1169.4712592656088,1154.9135257477794,1160.979248046875,8400,0.0,0.0
2020-08-13 00:00:00+09:00,1168.258085632324,1168.258085632324,1160.9792190551757,1164.61865234375,17200,0.0,0.0
2020-08-14 00:00:00+09:00,1164.6186620177268,1164.6186620177268,1151.274073182107,1163.405517578125,20800,0.0,0.0
2020-08-17 00:00:00+09:00,1146.4215106767479,1176.7501220703125,1146.4215106767479,1176.7501220703125,28400,0.0,0.0
2020-08-18 00:00:00+09:00,1184.0289730513555,1186.4552619305591,1163.405517578125,1163.405517578125,225600,0.0,0.0
2020-08-19 00:00:00+09:00,1166.5862657563025,1182.2451418067228,1159.7355074842437,1164.62890625,18100,10.0,4.0
2020-08-20 00:00:00+09:00,1155.8208432036001,1174.4157593940054,1091.2279764369298,1126.46044921875,27800,0.0,0.0
2020-08-21 00:00:00+09:00,1125.4816911097196,1153.8634033203125,1125.4816911097196,1153.8634033203125,17600,0.0,0.0
2020-08-24 00:00:00+09:00,1124.5030097231659,1148.9700029721466,1124.5030097231659,1125.481689453125,23600,0.0,0.0
2020-08-25 00:00:00+09:00,1145.055306031532,1145.055306031532,1125.481711056634,1139.1832275390625,17300,0.0,0.0
2020-08-26 00:00:00+09:00,1128.4178003626027,1143.0979972450302,1124.5030811939553,1132.33251953125,18800,0.0,0.0
2020-08-27 00:00:00+09:00,1121.566974563399,1123.524334030351,1091.2279028256457,1122.545654296875,15900,0.0,0.0
2020-08-28 00:00:00+09:00,1120.588438411277,1123.5244779879004,1054.0382080078125,1054.0382080078125,51700,0.0,0.0
2020-08-31 00:00:00+09:00,1043.2726921329943,1056.9742096656976,1033.485893895349,1052.080810546875,20600,0.0,0.0
2020-09-01 00:00:00+09:00,1055.016807811411,1061.867566303693,1043.2726503960705,1053.0594482421875,8000,0.0,0.0
2020-09-02 00:00:00+09:00,1054.0381364768912,1062.84625460901,1017.826984155958,1047.1873779296875,24400,0.0,0.0
2020-09-03 00:00:00+09:00,1046.208630255933,1047.1873099848908,1015.86955865824,1037.4005126953125,27500,0.0,0.0
2020-09-04 00:00:00+09:00,1030.5497545926075,1048.1659897138488,1020.7629573030291,1037.4005126953125,15300,0.0,0.0
2020-09-07 00:00:00+09:00,1032.5070854635799,1039.3578433766083,998.2532958984375,998.2532958984375,22000,0.0,0.0
2020-09-08 00:00:00+09:00,1008.0401569968387,1012.9335558172116,1002.1680784123911,1010.9761962890625,6500,0.0,0.0
2020-09-09 00:00:00+09:00,1010.9762444962925,1019.7843627929688,1007.0615252533253,1019.7843627929688,9400,0.0,0.0
2020-09-10 00:00:00+09:00,1019.7843183498939,1019.7843183498939,1005.1041218285422,1008.0401611328125,4600,0.0,0.0
2020-09-11 00:00:00+09:00,1009.9974626228427,1025.6563380123441,1009.9974626228427,1020.762939453125,2200,0.0,0.0
2020-09-14 00:00:00+09:00,1026.6350356767762,1037.4005126953125,1018.8055978451134,1037.4005126953125,10300,0.0,0.0
2020-09-15 00:00:00+09:00,1032.5071193024473,1032.5071193024473,1018.8056030273436,1018.8056030273438,6300,0.0,0.0
2020-09-16 00:00:00+09:00,1017.8269245426828,1017.8269245426828,998.2533298399389,1003.146728515625,9000,0.0,0.0
2020-09-17 00:00:00+09:00,1003.1467023920966,1012.9334994886049,988.4665067473342,992.3812255859375,26500,0.0,0.0
2020-09-18 00:00:00+09:00,981.6157743426066,1012.9335258669969,981.6157743426066,1003.146728515625,22000,0.0,0.0
2020-09-23 00:00:00+09:00,996.296134905134,1027.6138916015625,983.5732962472098,1027.6138916015625,28200,0.0,0.0
2020-09-24 00:00:00+09:00,1025.6564054489136,1025.6564054489136,978.6797761917114,1002.1680908203125,13900,0.0,0.0
2020-09-25 00:00:00+09:00,995.3172615348518,999.2319803609475,978.6797065239448,979.6583862304688,13600,0.0,0.0
2020-09-28 00:00:00+09:00,978.6797716526804,983.5731705109438,963.9995750778902,976.722412109375,18500,0.0,0.0
2020-09-29 00:00:00+09:00,975.7437092895508,978.6797485351562,969.8716307983399,978.6797485351562,14600,0.0,0.0
2020-09-30 00:00:00+09:00,978.6797657594334,1000.210720606141,974.7650466963956,995.3173217773438,30700,0.0,0.0
2020-10-02 00:00:00+09:00,978.6798225040993,1005.10417771171,969.8717041015625,969.8717041015625,26600,0.0,0.0
2020-10-05 00:00:00+09:00,959.1061927532327,968.8929906384698,936.5965576171875,936.5965576171875,41400,0.0,0.0
2020-10-06 00:00:00+09:00,937.5752458863203,940.5112852784487,930.7244873046875,930.7244873046875,27800,0.0,0.0
2020-10-07 00:00:00+09:00,930.7244559279075,946.38333215803,930.7244559279075,938.5538940429688,14600,0.0,0.0
2020-10-08 00:00:00+09:00,962.0421752929688,966.9355739465444,951.2766982551024,962.0421752929688,9600,0.0,0.0
2020-10-09 00:00:00+09:00,947.3620416114594,954.2128001768315,939.5326032510341,946.3833618164062,13400,0.0,0.0
2020-10-12 00:00:00+09:00,943.447292864882,949.319371451178,935.6178547498207,938.5538940429688,18800,0.0,0.0
2020-10-13 00:00:00+09:00,938.5539318961978,945.4046905231774,938.5539318961978,940.5112915039062,8600,0.0,0.0
2020-10-14 00:00:00+09:00,940.5112114588419,943.4472506205241,938.5538520177205,939.5325317382812,6300,0.0,0.0
2020-10-15 00:00:00+09:00,934.6392022538735,935.6178820468094,931.7031628750655,933.6605224609375,6400,0.0,0.0
2020-10-16 00:00:00+09:00,938.5538520177205,941.4898911794027,929.7457345326742,939.5325317382812,14100,0.0,0.0
2020-10-19 00:00:00+09:00,940.511264208681,957.1488203913528,924.8523878014606,945.4046630859375,28900,0.0,0.0
2020-10-20 00:00:00+09:00,946.3832777907112,948.3406372070312,940.5111995417514,948.3406372070312,4900,0.0,0.0
2020-10-21 00:00:00+09:00,954.2127917016276,956.1701512743489,934.6391959744147,952.2554321289062,11500,0.0,0.0
2020-10-22 00:00:00+09:00,958.1274982770931,963.9995769182193,950.2980600889249,961.0635375976562,12200,0.0,0.0
2020-10-23 00:00:00+09:00,951.2766903220582,967.9142456054688,935.6178147612013,967.9142456054688,11800,0.0,0.0
2020-10-26 00:00:00+09:00,982.5945949787265,1052.0808661375806,959.1062779672828,1042.2940673828125,33000,0.0,0.0
2020-10-27 00:00:00+09:00,1037.4005715735434,1037.4005715735434,1012.93357696096,1024.677734375,21600,0.0,0.0
2020-10-28 00:00:00+09:00,1010.9761400693033,1010.9761400693033,960.0847951674602,992.3812255859375,10200,0.0,0.0
2020-10-29 00:00:00+09:00,968.8929316682635,1050.1233491717644,963.9995330234743,1037.4005126953125,17700,0.0,0.0
2020-10-30 00:00:00+09:00,1046.208713308818,1046.208713308818,1008.0402008494692,1022.7203979492188,20000,0.0,0.0
2020-11-02 00:00:00+09:00,1037.4005086760642,1040.3365478515625,1025.6563519740712,1040.3365478515625,19700,0.0,0.0
2020-11-04 00:00:00+09:00,1069.6970131562136,1069.6970131562136,1042.2939789673992,1047.1873779296875,12900,0.0,0.0
2020-11-05 00:00:00+09:00,1047.1872675946925,1055.0167051094193,1037.4004707012841,1038.379150390625,8200,0.0,0.0
2020-11-06 00:00:00+09:00,1056.9741130006905,1062.84619140625,1050.1233548608714,1062.84619140625,8800,0.0,0.0
2020-11-09 00:00:00+09:00,1056.9741925166743,1063.824951171875,1052.0807934772454,1063.824951171875,15000,0.0,0.0
2020-11-10 00:00:00+09:00,1064.8035806101464,1112.7588889280664,1052.0807437094736,1070.6756591796875,14700,0.0,0.0
2020-11-11 00:00:00+09:00,1070.6756716679868,1076.5477503060197,1061.8675537109375,1061.8675537109375,4300,0.0,0.0
2020-11-12 00:00:00+09:00,1065.782384394256,1066.761064269733,1042.2940673828125,1042.2940673828125,8000,0.0,0.0
2020-11-13 00:00:00+09:00,1050.1234885723145,1054.0382080078125,1042.2940497013187,1054.0382080078125,5800,0.0,0.0
2020-11-16 00:00:00+09:00,1053.059510678518,1084.377265642935,1037.4006331963096,1065.7823486328125,10900,0.0,0.0
2020-11-17 00:00:00+09:00,1076.54782249814,1076.54782249814,1041.3153483072917,1068.7183837890625,12200,0.0,0.0
2020-11-18 00:00:00+09:00,1068.7184058909297,1075.569164903051,1047.187448995691,1054.0382080078125,26500,0.0,0.0
2020-11-19 00:00:00+09:00,1066.760952575965,1066.760952575965,1039.3579189318116,1061.8675537109375,6500,0.0,0.0
2020-11-20 00:00:00+09:00,1074.5903523199447,1074.5903523199447,1059.91015625,1059.91015625,9000,0.0,0.0
2020-11-24 00:00:00+09:00,1076.5478515625,1081.441250887784,1052.0808549360795,1076.5478515625,17500,0.0,0.0
2020-11-25 00:00:00+09:00,1091.2279175246172,1091.2279175246172,1074.5903618314167,1082.4197998046875,4300,0.0,0.0
2020-11-26 00:00:00+09:00,1054.038020558601,1075.5689736247932,1054.038020558601,1072.6329345703125,2000,0.0,0.0
2020-11-27 00:00:00+09:00,1060.8888159579917,1078.5050509093237,1060.8888159579917,1074.59033203125,6900,0.0,0.0
2020-11-30 00:00:00+09:00,1076.5476572328168,1085.355774428358,1060.8887822185213,1069.6968994140625,8100,0.0,0.0
2020-12-01 00:00:00+09:00,1067.7397215666595,1075.5691604049118,1055.0168834544995,1056.9742431640625,2300,0.0,0.0
2020-12-02 00:00:00+09:00,1048.1659736063943,1065.782208456922,1047.1872938924762,1049.1446533203125,1800,0.0,0.0
2020-12-03 00:00:00+09:00,1048.1661288545656,1056.974247584436,1048.1661288545656,1054.0382080078125,800,0.0,0.0
2020-12-04 00:00:00+09:00,1066.7609484055463,1068.718307943905,1047.1873530219582,1064.8035888671875,3900,0.0,0.0
2020-12-07 00:00:00+09:00,1075.569091796875,1075.569091796875,1053.0594565727365,1075.569091796875,3000,0.0,0.0
2020-12-08 00:00:00+09:00,1061.8675537109375,1065.7822728029594,1061.8675537109375,1061.8675537109375,600,0.0,0.0
2020-12-09 00:00:00+09:00,1063.824840991528,1068.7182395241477,1053.0593642197646,1055.0167236328125,1900,0.0,0.0
2020-12-10 00:00:00+09:00,1055.0168660481772,1068.7183837890625,1038.3793087913878,1068.7183837890625,3700,0.0,0.0
2020-12-11 00:00:00+09:00,1040.3367302594866,1043.2727699497768,1026.635211704799,1027.6138916015625,6600,0.0,0.0
2020-12-14 00:00:00+09:00,1027.6138073591223,1049.1447633228374,1027.6138073591223,1029.5711669921875,3000,0.0,0.0
2020-12-15 00:00:00+09:00,1029.5710331865575,1038.379150390625,1029.5710331865575,1038.379150390625,2400,0.0,0.0
2020-12-16 00:00:00+09:00,1039.3579226762822,1049.1447204415956,1028.5924451344374,1030.5498046875,3300,0.0,0.0
2020-12-17 00:00:00+09:00,1030.5497848197513,1031.5284645774148,971.8289993599363,1001.1893920898438,11300,0.0,0.0
2020-12-18 00:00:00+09:00,1008.0400977196631,1008.0400977196631,979.6583862304688,979.6583862304688,4700,0.0,0.0
2020-12-21 00:00:00+09:00,979.6584282836915,980.6371080322266,967.9142713012695,978.6797485351562,20900,0.0,0.0
2020-12-22 00:00:00+09:00,978.6797144904209,978.6797144904209,968.8929173455167,973.7863159179688,7100,0.0,0.0
2020-12-23 00:00:00+09:00,979.6584282836915,979.6584282836915,975.7437092895508,978.6797485351562,2500,0.0,0.0
2020-12-24 00:00:00+09:00,978.6797485351562,980.6371080322266,978.6797485351562,978.6797485351562,9300,0.0,0.0
2020-12-25 00:00:00+09:00,981.6158026585066,982.594482421875,976.7224038416646,982.594482421875,5500,0.0,0.0
2020-12-28 00:00:00+09:00,977.7010530383382,1034.4644775390625,974.7650138400248,1034.4644775390625,25200,0.0,0.0
2020-12-29 00:00:00+09:00,1005.1040998186385,1096.1213162579115,998.2533415920265,1082.4197998046875,25500,0.0,0.0
2020-12-30 00:00:00+09:00,1096.1211969988988,1110.8013916015625,1078.5049634757022,1110.8013916015625,21600,0.0,0.0
2021-01-04 00:00:00+09:00,1080.4624266229282,1112.7588578535049,1050.1233548608714,1062.84619140625,12900,0.0,0.0
2021-01-05 00:00:00+09:00,1060.8889407641268,1072.6330987799658,1060.8889407641268,1071.6544189453125,4800,0.0,0.0
2021-01-06 00:00:00+09:00,1042.2940281459264,1092.2066999162946,1042.2940281459264,1068.7183837890625,9000,0.0,0.0
2021-01-07 00:00:00+09:00,1081.4411159890315,1087.3131944468905,1069.6969590733136,1085.3558349609375,4700,0.0,0.0
2021-01-08 00:00:00+09:00,1085.3557704730626,1085.3557704730626,1054.038020558601,1072.6329345703125,8300,0.0,0.0
2021-01-12 00:00:00+09:00,1072.6331481358875,1072.6331481358875,1039.3580322265625,1039.3580322265625,7500,0.0,0.0
2021-01-13 00:00:00+09:00,1039.3578601405372,1055.0167356228806,1039.3578601405372,1046.2086181640625,4200,0.0,0.0
2021-01-14 00:00:00+09:00,1064.8035127421585,1064.8035127421585,1038.379160863447,1060.8887939453125,9800,0.0,0.0
2021-01-15 00:00:00+09:00,1042.2939073018947,1051.1020248283896,1034.4644695005659,1040.3365478515625,7800,0.0,0.0
2021-01-18 00:00:00+09:00,1029.571037076146,1058.931427867291,1019.7842401457644,1035.443115234375,9100,0.0,0.0
2021-01-19 00:00:00+09:00,1056.974175854264,1060.8888950240946,1027.6137820805345,1047.1873779296875,3700,0.0,0.0
2021-01-20 00:00:00+09:00,1058.9314424589081,1064.803520698052,1037.4004889153814,1055.0167236328125,900,0.0,0.0
2021-01-21 00:00:00+09:00,1066.7609567695097,1069.696996100068,1042.2939623481905,1058.9315185546875,2900,0.0,0.0
2021-01-22 00:00:00+09:00,1051.101986352056,1061.867462934805,1038.379150390625,1038.379150390625,3100,0.0,0.0
2021-01-25 00:00:00+09:00,1067.7397327769886,1076.5478515625,1047.1874556107955,1076.5478515625,4200,0.0,0.0
2021-01-26 00:00:00+09:00,1075.569066328161,1075.569066328161,1041.3152744068818,1064.8035888671875,3000,0.0,0.0
2021-01-27 00:00:00+09:00,1066.7608761147808,1066.7608761147808,1041.3152038404833,1057.9527587890625,10800,0.0,0.0
2021-01-28 00:00:00+09:00,1045.2300849066842,1056.9742431640625,1028.5925273753978,1056.9742431640625,5400,0.0,0.0
2021-01-29 00:00:00+09:00,1074.590298896236,1074.590298896236,1027.6136738078758,1038.379150390625,5700,0.0,0.0
2021-02-01 00:00:00+09:00,1034.4646151807276,1071.6544499743584,1034.4646151807276,1051.1021728515625,6300,0.0,0.0
2021-02-02 00:00:00+09:00,1049.1448310234227,1062.8463493390273,1028.5925535500162,1039.3580322265625,15600,0.0,0.0
2021-02-03 00:00:00+09:00,1042.293916986792,1068.7182698118095,1042.293916986792,1062.84619140625,4200,0.0,0.0
2021-02-04 00:00:00+09:00,1060.8887978976352,1075.5689934404993,1057.9527587890625,1057.9527587890625,6300,0.0,0.0
2021-02-05 00:00:00+09:00,1067.7396534580441,1078.5051311739364,1054.0381363650904,1075.569091796875,24000,0.0,0.0
2021-02-08 00:00:00+09:00,1075.5691382839257,1076.5478181185788,1066.7610197720462,1071.6544189453125,5400,0.0,0.0
2021-02-09 00:00:00+09:00,1071.6544522372158,1076.5478515625,1066.7610529119318,1076.5478515625,5800,0.0,0.0
2021-02-10 00:00:00+09:00,1070.6756468951864,1079.4837646484375,1067.7396076441028,1079.4837646484375,7400,0.0,0.0
2021-02-12 00:00:00+09:00,1079.483828098048,1085.355906945363,1063.824951171875,1063.824951171875,11200,0.0,0.0
2021-02-15 00:00:00+09:00,1066.7608261108398,1112.7587699890137,1022.7202415466309,1096.1212158203125,25000,0.0,0.0
2021-02-16 00:00:00+09:00,1083.3984673880675,1096.1213039517938,1071.6543105600126,1091.2279052734375,3600,0.0,0.0
2021-02-17 00:00:00+09:00,1096.1213039517938,1109.8228202511912,1072.6329902956838,1091.2279052734375,30700,0.0,0.0
2021-02-18 00:00:00+09:00,1067.8532160686816,1083.6003602687729,1067.8532160686816,1079.66357421875,2500,6.25,0.0
2021-02-19 00:00:00+09:00,1078.6794715811354,1080.6478647774513,1063.9165226087657,1072.7742919921875,13900,0.0,0.0
2021-02-22 00:00:00+09:00,1072.7743014167338,1083.6004640915814,1056.04295910106,1070.805908203125,22100,0.0,0.0
2021-02-24 00:00:00+09:00,1068.8375251050265,1068.8375251050265,1040.295823237581,1043.2484130859375,9600,0.0,0.0
2021-02-25 00:00:00+09:00,1056.042940579928,1056.042940579928,1035.3748121995193,1049.153564453125,2300,0.0,0.0
2021-02-26 00:00:00+09:00,1055.0587535680304,1055.0587535680304,1034.390625,1034.390625,3400,0.0,0.0
2021-03-01 00:00:00+09:00,1034.390539913598,1042.2641120537587,1025.5327712559174,1026.5169677734375,3600,0.0,0.0
2021-03-02 00:00:00+09:00,1038.3273542030797,1040.2957472916164,1020.61181640625,1020.61181640625,2300,0.0,0.0
2021-03-03 00:00:00+09:00,1021.5960129505182,1021.5960129505182,1020.61181640625,1020.61181640625,1500,0.0,0.0
2021-03-04 00:00:00+09:00,1016.6750674510565,1016.6750674510565,999.9437255859375,999.9437255859375,5800,0.0,0.0
2021-03-05 00:00:00+09:00,999.9437065541211,1003.8804928003973,991.0859375,991.0859375,2800,0.0,0.0
2021-03-08 00:00:00+09:00,993.0543212890625,995.0227143936988,993.0543212890625,993.0543212890625,1400,0.0,0.0
2021-03-09 00:00:00+09:00,1021.5960076457698,1024.5485972632432,994.0385045493522,1008.8014526367188,2600,0.0,0.0
2021-03-10 00:00:00+09:00,1008.8014387435023,1027.5011727299673,1000.927866538675,1011.7540283203125,700,0.0,0.0
2021-03-11 00:00:00+09:00,1010.7698457150343,1010.7698457150343,1003.8804699409299,1008.8014526367188,1200,0.0,0.0
2021-03-12 00:00:00+09:00,1028.4853692555707,1028.4853692555707,1009.7856352691057,1011.7540283203125,1000,0.0,0.0
2021-03-15 00:00:00+09:00,1011.7540422541921,1023.5644007240853,1002.8962734017721,1008.8014526367188,5700,0.0,0.0
2021-03-16 00:00:00+09:00,1008.801527530099,1018.6434936523438,1006.8331343056499,1018.6434936523438,1600,0.0,0.0
2021-03-17 00:00:00+09:00,1161.351936299678,1222.3721227832204,1067.8532634619921,1108.205322265625,237200,0.0,0.0
2021-03-18 00:00:00+09:00,1107.2211534639512,1107.2211534639512,1053.0903415168248,1063.91650390625,40600,0.0,0.0
2021-03-19 00:00:00+09:00,1064.9007098858174,1079.6636587289663,1050.1377610426682,1061.9481201171875,25200,0.0,0.0
2021-03-22 00:00:00+09:00,1057.0271086003895,1057.0271086003895,1033.4063910897662,1042.26416015625,14900,0.0,0.0
2021-03-23 00:00:00+09:00,1042.264085327838,1058.9954256966514,1031.4379239127236,1045.2166748046875,23800,0.0,0.0
2021-03-24 00:00:00+09:00,1048.1694431251103,1048.1694431251103,1035.3748865423624,1046.2010498046875,12600,0.0,0.0
2021-03-25 00:00:00+09:00,1045.2168157970523,1054.074585422451,1028.485473171299,1041.280029296875,12800,0.0,0.0
2021-03-26 00:00:00+09:00,1050.1377515458382,1050.1377515458382,1035.3748028361967,1038.327392578125,5700,0.0,0.0
2021-03-29 00:00:00+09:00,1052.1061257856763,1052.1061257856763,1034.390587652709,1042.26416015625,15800,0.0,0.0
2021-03-30 00:00:00+09:00,1042.26416015625,1045.2167498450779,1035.3747842156515,1042.26416015625,7200,0.0,0.0
2021-03-31 00:00:00+09:00,1042.2641789006962,1054.0745378684094,1038.327392578125,1038.327392578125,10800,0.0,0.0
2021-04-01 00:00:00+09:00,1038.3274019681492,1049.153564453125,1038.3274019681492,1049.153564453125,3900,0.0,0.0
2021-04-02 00:00:00+09:00,1053.0902942066461,1055.0586872799295,1037.3431496203784,1048.1693115234375,8600,0.0,0.0
2021-04-05 00:00:00+09:00,1043.248366534655,1068.83747741192,1042.2641699624523,1065.8848876953125,22900,0.0,0.0
2021-04-06 00:00:00+09:00,1060.964007338144,1078.679547349356,1058.0114173362754,1069.82177734375,14600,0.0,0.0
2021-04-07 00:00:00+09:00,1050.1378073419087,1064.9007568359375,1047.185217443103,1064.9007568359375,5400,0.0,0.0
2021-04-08 00:00:00+09:00,1062.9322509765625,1062.9322509765625,1049.1534995750146,1062.9322509765625,8900,0.0,0.0
2021-04-09 00:00:00+09:00,1065.8848592198028,1077.6952177707146,1053.0903041229815,1058.9954833984375,6400,0.0,0.0
2021-04-12 00:00:00+09:00,1065.8848783572148,1067.853271484375,1053.090323030674,1067.853271484375,3200,0.0,0.0
2021-04-13 00:00:00+09:00,1067.853271484375,1067.853271484375,1055.0587161578342,1067.853271484375,3300,0.0,0.0
2021-04-14 00:00:00+09:00,1064.9006626738935,1070.8058419493493,1055.0586972148,1058.9954833984375,13500,0.0,0.0
2021-04-15 00:00:00+09:00,1058.995446462033,1070.8058046010149,1058.995446462033,1066.8690185546875,9300,0.0,0.0
2021-04-16 00:00:00+09:00,1068.8374683817879,1089.5055962234246,1065.8848786901256,1080.6478271484375,21600,0.0,0.0
2021-04-19 00:00:00+09:00,1082.6161255329957,1089.5055008772965,1072.774160755423,1074.7425537109375,7700,0.0,0.0
2021-04-20 00:00:00+09:00,1081.6321373512249,1082.6163340185144,1065.8849906745918,1069.82177734375,15200,0.0,0.0
2021-04-21 00:00:00+09:00,1082.616229649008,1082.616229649008,1062.9322982008441,1078.679443359375,11300,0.0,0.0
2021-04-22 00:00:00+09:00,1082.6162766933007,1082.6162766933007,1072.7743105415434,1081.632080078125,9400,0.0,0.0
2021-04-23 00:00:00+09:00,1082.6161647487331,1092.4581298828125,1073.7583961280618,1092.4581298828125,14100,0.0,0.0
2021-04-26 00:00:00+09:00,1090.4897740081954,1090.4897740081954,1070.8058430694193,1084.5845947265625,7200,0.0,0.0
2021-04-27 00:00:00+09:00,1065.8849623000415,1084.5846984807438,1059.9797824535037,1075.7269287109375,11900,0.0,0.0
2021-04-28 00:00:00+09:00,1082.616267260587,1083.6004638671875,1078.679480834185,1083.6004638671875,8700,0.0,0.0
2021-04-30 00:00:00+09:00,1082.616238826223,1087.5372217299787,1051.1219482421875,1051.1219482421875,7200,0.0,0.0
2021-05-06 00:00:00+09:00,1051.121976289971,1086.5530541424419,1051.121976289971,1058.0113525390625,12300,0.0,0.0
2021-05-07 00:00:00+09:00,1055.0586872799295,1069.8216353295554,1047.1851149867957,1048.1693115234375,2400,0.0,0.0
2021-05-10 00:00:00+09:00,1058.0113148912092,1058.0113148912092,1048.1693491712908,1053.09033203125,2900,0.0,0.0
2021-05-11 00:00:00+09:00,1058.0113151176924,1065.8848876953125,1050.1377425400724,1065.8848876953125,4700,0.0,0.0
2021-05-12 00:00:00+09:00,1046.200984065694,1058.0113432461158,1043.2483942705887,1047.1851806640625,6800,0.0,0.0
2021-05-13 00:00:00+09:00,1044.232516144857,1092.458146013941,1043.2483196169167,1050.1376953125,20900,0.0,0.0
2021-05-14 00:00:00+09:00,1050.1377150410353,1078.6794148875115,1050.1377150410353,1071.7900390625,6800,0.0,0.0
2021-05-17 00:00:00+09:00,1059.9796799443468,1070.8058419493493,1055.0586972148,1058.9954833984375,4300,0.0,0.0
2021-05-18 00:00:00+09:00,1063.9165319554945,1072.7743014167338,1063.9165319554945,1070.805908203125,4500,0.0,0.0
2021-05-19 00:00:00+09:00,1069.8216739841225,1072.77426370073,1050.1377425400724,1065.8848876953125,7300,0.0,0.0
2021-05-20 00:00:00+09:00,1056.0429593250365,1065.884925395167,1055.0587627180232,1058.0113525390625,5300,0.0,0.0
2021-05-21 00:00:00+09:00,1056.0429312593951,1071.7900765531047,1056.0429312593951,1063.91650390625,7800,0.0,0.0
2021-05-24 00:00:00+09:00,1058.9954373129603,1069.821598846829,1055.0586513006444,1068.83740234375,6200,0.0,0.0
2021-05-25 00:00:00+09:00,1062.9322883264342,1069.8216642692907,1055.0587158203125,1055.0587158203125,5400,0.0,0.0
2021-05-26 00:00:00+09:00,1054.0746053646208,1060.963981870272,1004.8647731813986,1024.5487060546875,14200,0.0,0.0
2021-05-27 00:00:00+09:00,1019.6276204427083,1037.343158249628,1003.8804757254464,1033.4063720703125,28600,0.0,0.0
2021-05-28 00:00:00+09:00,1033.4064281750523,1063.916522721173,1032.4222315767902,1059.979736328125,27100,0.0,0.0
2021-05-31 00:00:00+09:00,1069.8217217211452,1069.8217217211452,1039.3116266214622,1043.2484130859375,10900,0.0,0.0
2021-06-01 00:00:00+09:00,1065.8849064753606,1089.5056246243992,1050.1377610426682,1061.9481201171875,20600,0.0,0.0
2021-06-02 00:00:00+09:00,1058.9955303485578,1062.9323167067307,1044.2325815054087,1061.9481201171875,23700,0.0,0.0
2021-06-03 00:00:00+09:00,1054.0744914265422,1070.805832560297,1049.1535087401437,1060.9638671875,7200,0.0,0.0
2021-06-04 00:00:00+09:00,1039.3115234375,1060.963846842448,1039.3115234375,1039.3115234375,8300,0.0,0.0
2021-06-07 00:00:00+09:00,1038.3273269190934,1046.2008990663471,1038.3273269190934,1039.3115234375,11300,0.0,0.0
2021-06-08 00:00:00+09:00,1039.3115234375,1059.9796503240411,1039.3115234375,1039.3115234375,6300,0.0,0.0
2021-06-09 00:00:00+09:00,1039.3115611745993,1044.2325439453125,1036.3589715121716,1044.2325439453125,11200,0.0,0.0
2021-06-10 00:00:00+09:00,1044.2325626542913,1057.0271180873788,1038.3273832236355,1040.2957763671875,6000,0.0,0.0
2021-06-11 00:00:00+09:00,1040.2957763671875,1053.090331800275,1040.2957763671875,1040.2957763671875,4400,0.0,0.0
2021-06-14 00:00:00+09:00,1040.2958326718306,1047.185209047141,1039.3116360467864,1041.280029296875,6400,0.0,0.0
2021-06-15 00:00:00+09:00,1040.2958326718306,1046.2010124220965,1040.2958326718306,1041.280029296875,5200,0.0,0.0
2021-06-16 00:00:00+09:00,1041.2800665036307,1058.011409727224,1041.2800665036307,1046.2010498046875,5200,0.0,0.0
2021-06-17 00:00:00+09:00,1045.2168157970523,1045.2168157970523,1036.3590461716535,1041.280029296875,5300,0.0,0.0
2021-06-18 00:00:00+09:00,1041.2799257571603,1049.1534979746057,1036.3589431212567,1037.3431396484375,7700,0.0,0.0
2021-06-21 00:00:00+09:00,1034.3906529215649,1046.2010124220965,1034.3906529215649,1041.280029296875,6700,0.0,0.0
2021-06-22 00:00:00+09:00,1046.2009746844953,1071.7900860126203,1040.2957951472356,1061.9481201171875,8700,0.0,0.0
2021-06-23 00:00:00+09:00,1059.9797080351927,1059.9797080351927,1048.1693491712908,1053.09033203125,5300,0.0,0.0
2021-06-24 00:00:00+09:00,1053.090312932596,1060.9638853657368,1044.2325439453125,1044.2325439453125,11400,0.0,0.0
2021-06-25 00:00:00+09:00,1057.0270443068025,1099.3474939391976,1053.0902582944866,1068.83740234375,43000,0.0,0.0
2021-06-28 00:00:00+09:00,1003.8805395950012,1055.0587631821973,949.7497261854668,1032.4222412109375,54900,0.0,0.0
2021-06-29 00:00:00+09:00,1029.469594220126,1039.311559748043,996.0069114252079,1005.848876953125,14200,0.0,0.0
2021-06-30 00:00:00+09:00,1010.7699117688821,1010.7699117688821,980.2598170611554,995.0227661132812,23100,0.0,0.0
2021-07-01 00:00:00+09:00,989.1175493384484,1003.8804978360372,989.1175493384484,1002.8963012695312,7000,0.0,0.0
2021-07-02 00:00:00+09:00,983.2123506138533,993.0543160854635,979.2755644252093,981.2439575195312,12600,0.0,0.0
2021-07-05 00:00:00+09:00,988.1333663786301,994.0385458589805,974.3546142578125,974.3546142578125,5200,0.0,0.0
2021-07-06 00:00:00+09:00,971.4020385131836,984.1965942382812,971.4020385131836,984.1965942382812,7200,0.0,0.0
2021-07-07 00:00:00+09:00,992.0701387378851,992.0701387378851,973.3704039799289,990.1017456054688,7500,0.0,0.0
2021-07-08 00:00:00+09:00,976.323021484375,990.1017738037109,976.323021484375,984.1965942382812,1700,0.0,0.0
2021-07-09 00:00:00+09:00,984.1965339261476,996.9910888671875,974.3545685868861,996.9910888671875,6100,0.0,0.0
2021-07-12 00:00:00+09:00,990.1017316321079,996.0069109460171,986.1649454228351,993.0543212890625,4500,0.0,0.0
2021-07-13 00:00:00+09:00,999.9437065541211,999.9437065541211,987.149151253724,991.0859375,2800,0.0,0.0
2021-07-14 00:00:00+09:00,991.0859609516319,991.0859609516319,984.1965848576285,986.1649780273438,1300,0.0,0.0
2021-07-15 00:00:00+09:00,976.3229701590682,984.1965424990607,976.3229701590682,982.2281494140625,2000,0.0,0.0
2021-07-16 00:00:00+09:00,978.2913771739558,984.1965565130339,978.2913771739558,979.2755737304688,1700,0.0,0.0
2021-07-19 00:00:00+09:00,978.2913914315143,989.1175537109375,978.2913914315143,989.1175537109375,1000,0.0,0.0
2021-07-20 00:00:00+09:00,979.2755783971406,988.1333474479691,978.2913818359375,978.2913818359375,2100,0.0,0.0
2021-07-21 00:00:00+09:00,988.1333427390861,988.1333427390861,979.2755737304688,979.2755737304688,700,0.0,0.0
2021-07-26 00:00:00+09:00,979.2755877587102,984.1965706117692,976.322998046875,976.322998046875,1400,0.0,0.0
2021-07-27 00:00:00+09:00,982.2281680807502,983.2123646419533,975.3387921523281,978.2913818359375,3600,0.0,0.0
2021-07-28 00:00:00+09:00,976.3230543491944,985.1808239955077,975.3388577218262,977.3072509765625,3100,0.0,0.0
2021-07-29 00:00:00+09:00,986.164924762577,986.164924762577,955.6548322799025,958.607421875,11500,0.0,0.0
2021-07-30 00:00:00+09:00,966.4810180664062,970.4178042907092,964.5126249542546,966.4810180664062,4300,0.0,0.0
2021-08-02 00:00:00+09:00,968.4494254819808,982.2281774705456,966.4810323407573,976.322998046875,1600,0.0,0.0
2021-08-03 00:00:00+09:00,965.4968496228828,969.433635961814,959.591670114486,960.5758666992188,2300,0.0,0.0
2021-08-04 00:00:00+09:00,975.3388202373799,975.3388202373799,959.5916748046875,959.5916748046875,2700,0.0,0.0
2021-08-05 00:00:00+09:00,971.4020149456954,971.4020149456954,959.591656101371,963.5284423828125,1300,0.0,0.0
2021-08-06 00:00:00+09:00,959.5916464309062,960.575842991348,937.9393221011832,952.7022705078125,4300,0.0,0.0
2021-08-10 00:00:00+09:00,944.8286887886597,954.670654296875,943.8444922378383,954.670654296875,3400,0.0,0.0
2021-08-11 00:00:00+09:00,954.6707059130257,959.5916889331959,949.7497228928554,956.6390991210938,1400,0.0,0.0
2021-08-12 00:00:00+09:00,956.6391132933437,958.6075065305728,953.6865234375,953.6865234375,1100,0.0,0.0
2021-08-13 00:00:00+09:00,953.6865234375,953.6865234375,938.9235741582818,953.6865234375,900,0.0,0.0
2021-08-16 00:00:00+09:00,953.6864858287004,956.6390755681081,948.7655029296875,948.7655029296875,1500,0.0,0.0
2021-08-17 00:00:00+09:00,953.6865093089916,963.5284753493321,947.7813296847874,956.6390991210938,1900,0.0,0.0
2021-08-18 00:00:00+09:00,946.7970860692747,946.7970860692747,937.9393170727845,940.8919067382812,11600,0.0,0.0
2021-08-19 00:00:00+09:00,941.0900468585871,948.024394572282,941.0900468585871,943.0712890625,2500,6.2,0.0
2021-08-20 00:00:00+09:00,932.1744191782012,940.0993876728087,924.2494506835938,924.2494506835938,4800,0.0,0.0
2021-08-23 00:00:00+09:00,936.1369038243447,936.1369038243447,921.277587890625,921.277587890625,6000,0.0,0.0
2021-08-24 00:00:00+09:00,921.2776074740975,931.1838183071524,897.502701474766,926.230712890625,8500,0.0,0.0
2021-08-25 00:00:00+09:00,928.2119349308974,933.1650402400271,924.2494506835938,924.2494506835938,5600,0.0,0.0
2021-08-26 00:00:00+09:00,945.0525134734291,945.0525134734291,926.230712890625,926.230712890625,2000,0.0,0.0
2021-08-27 00:00:00+09:00,930.1931802982544,937.127527755217,893.5402008828813,900.4745483398438,10700,0.0,0.0
2021-08-30 00:00:00+09:00,897.5027228937922,916.3245239257812,897.5027228937922,916.3245239257812,6400,0.0,0.0
2021-08-31 00:00:00+09:00,918.3057465263034,921.2776097836702,908.3995356684145,911.3713989257812,3000,0.0,0.0
2021-09-01 00:00:00+09:00,908.3995356684145,914.3432621831479,905.4276724110479,911.3713989257812,2300,0.0,0.0
2021-09-02 00:00:00+09:00,911.3714178677263,919.29638671875,911.3714178677263,919.29638671875,1200,0.0,0.0
2021-09-03 00:00:00+09:00,920.2869837181515,944.0618896484375,907.40890967258,944.0618896484375,6900,0.0,0.0
2021-09-06 00:00:00+09:00,952.9774618825604,952.9774618825604,921.277587890625,921.277587890625,4400,0.0,0.0
2021-09-07 00:00:00+09:00,921.2776079300647,931.1838187680224,921.2776079300647,923.2588500976562,4700,0.0,0.0
2021-09-08 00:00:00+09:00,927.2213123139882,939.1087650359623,927.2213123139882,936.1369018554688,10400,0.0,0.0
2021-09-09 00:00:00+09:00,932.174458994764,936.1369434113199,931.183837890625,931.183837890625,4500,0.0,0.0
2021-09-10 00:00:00+09:00,939.1087833599453,950.9962363138686,939.1087833599453,950.005615234375,8700,0.0,0.0
2021-09-13 00:00:00+09:00,950.9962376644737,950.9962376644737,941.0900268554688,941.0900268554688,2800,0.0,0.0
2021-09-14 00:00:00+09:00,938.11817812847,975.7617797851562,938.11817812847,975.7617797851562,4100,0.0,0.0
2021-09-15 00:00:00+09:00,973.7805580821464,974.7711791992188,965.8555891455674,974.7711791992188,2900,0.0,0.0
2021-09-16 00:00:00+09:00,1030.2458898317768,1035.1989950713528,990.62104791517,1034.2083740234375,60100,0.0,0.0
2021-09-17 00:00:00+09:00,1007.4616161346436,1007.4616161346436,950.9962158203125,950.9962158203125,64500,0.0,0.0
2021-09-21 00:00:00+09:00,965.8555511600715,966.8461722381844,941.0900242072493,958.9212036132812,27400,0.0,0.0
2021-09-22 00:00:00+09:00,947.0337519958941,960.9024471088047,947.0337519958941,950.005615234375,8900,0.0,0.0
2021-09-24 00:00:00+09:00,967.8367738087973,967.8367738087973,946.0431105295817,950.9962158203125,13000,0.0,0.0
2021-09-27 00:00:00+09:00,950.0055947621663,955.9493211110433,947.0337315877279,950.9962158203125,10900,0.0,0.0
2021-09-28 00:00:00+09:00,950.9962762850467,959.911866375219,947.0337918005257,953.9681396484375,1800,0.0,0.0
2021-09-29 00:00:00+09:00,950.9962372114376,950.9962372114376,944.0618896484375,944.0618896484375,7200,0.0,0.0
2021-09-30 00:00:00+09:00,956.9399627908302,956.9399627908302,944.0618887574133,950.005615234375,3300,0.0,0.0
2021-10-01 00:00:00+09:00,948.0243961338274,948.0243961338274,931.1838373728294,934.1557006835938,8600,0.0,0.0
2021-10-04 00:00:00+09:00,978.7336256274288,980.7148677845693,950.9962354274612,955.9493408203125,36700,0.0,0.0
2021-10-05 00:00:00+09:00,946.0431116788044,946.0431116788044,936.1369010853091,942.0806274414062,17700,0.0,0.0
2021-10-06 00:00:00+09:00,952.977501651768,952.977501651768,928.2119740620651,934.1557006835938,12500,0.0,0.0
2021-10-07 00:00:00+09:00,931.1837969413482,941.0900075471072,927.2213126990446,933.1650390625,6600,0.0,0.0
2021-10-08 00:00:00+09:00,932.1744584764175,939.1088062015343,932.1744584764175,934.1557006835938,4800,0.0,0.0
2021-10-11 00:00:00+09:00,939.1087860529025,946.0431336292426,929.2025752295597,932.1744384765625,6500,0.0,0.0
2021-10-12 00:00:00+09:00,929.2025972524083,935.1463238872851,922.2682495117188,922.2682495117188,7900,0.0,0.0
2021-10-13 00:00:00+09:00,917.3151254405145,926.2307152126147,911.3713989257812,911.3713989257812,5800,0.0,0.0
2021-10-14 00:00:00+09:00,908.3995156547862,919.2963473583877,908.3995156547862,909.39013671875,4100,0.0,0.0
2021-10-15 00:00:00+09:00,911.3714194479394,929.2025993936599,906.4183139074614,910.3807983398438,5800,0.0,0.0
2021-10-18 00:00:00+09:00,910.3807577827138,918.305726294424,905.4276524628948,909.39013671875,6800,0.0,0.0
2021-10-19 00:00:00+09:00,906.4183144381993,910.3807988729019,906.4183144381993,907.408935546875,8500,0.0,0.0
2021-10-20 00:00:00+09:00,907.4088962041253,907.4088962041253,895.521443415425,897.502685546875,14600,0.0,0.0
2021-10-21 00:00:00+09:00,897.502685546875,905.4276540726753,897.502685546875,897.502685546875,8400,0.0,0.0
2021-10-22 00:00:00+09:00,897.5027055782368,901.4651899295757,897.5027055782368,899.4839477539062,12600,0.0,0.0
2021-10-25 00:00:00+09:00,899.4839677412432,903.4464521806319,896.5121044117016,901.4652099609375,8900,0.0,0.0
2021-10-26 00:00:00+09:00,901.4652094261278,906.4183149724253,901.4652094261278,904.4370727539062,6500,0.0,0.0
2021-10-27 00:00:00+09:00,904.4370738306013,906.4183160514789,897.5027260575299,898.4933471679688,9500,0.0,0.0
2021-10-28 00:00:00+09:00,896.5120648862516,896.5120648862516,892.549580621561,894.5308227539062,9200,0.0,0.0
2021-10-29 00:00:00+09:00,895.5214888139204,895.5214888139204,866.793476451527,871.74658203125,47200,0.0,0.0
2021-11-01 00:00:00+09:00,874.7184055324,879.6715108864905,863.8215737534007,864.8121948242188,13400,0.0,0.0
2021-11-02 00:00:00+09:00,865.8028154765091,879.6715104612585,862.8309522654913,867.7840576171875,13600,0.0,0.0
2021-11-04 00:00:00+09:00,864.812234771972,871.7465825880131,864.812234771972,868.7747192382812,2200,0.0,0.0
2021-11-05 00:00:00+09:00,867.784079109429,872.7371845837979,860.8497314453125,860.8497314453125,5000,0.0,0.0
2021-11-08 00:00:00+09:00,868.774722070539,879.6715543884136,849.9529207942104,853.9154052734375,19000,0.0,0.0
2021-11-09 00:00:00+09:00,846.9810602937989,851.9341659095521,837.0748490622925,839.0560913085938,31900,0.0,0.0
2021-11-10 00:00:00+09:00,839.0560907341453,852.9247864487593,839.0560907341453,842.0279541015625,5700,0.0,0.0
2021-11-11 00:00:00+09:00,837.0748081813853,841.0372924804688,837.0748081813853,841.0372924804688,1700,0.0,0.0
2021-11-12 00:00:00+09:00,843.0185517375845,881.6527744376618,833.1123407888467,860.8497314453125,23700,0.0,0.0
2021-11-15 00:00:00+09:00,856.8872275175871,879.6715121799045,847.9716378671152,855.8966064453125,12400,0.0,0.0
2021-11-16 00:00:00+09:00,850.9435424804688,859.8591325646646,844.0091946372053,850.9435424804688,4500,0.0,0.0
2021-11-17 00:00:00+09:00,850.9435036661495,850.9435036661495,838.0654296875,838.0654296875,22900,0.0,0.0
2021-11-18 00:00:00+09:00,838.0654713452642,838.0654713452642,830.1405023490915,833.1123657226562,7500,0.0,0.0
2021-11-19 00:00:00+09:00,831.1311030082069,835.0935874087227,825.187376407433,834.1029663085938,23600,0.0,0.0
2021-11-22 00:00:00+09:00,832.1217221119365,848.9622807737256,823.2061322321657,845.9904174804688,4900,0.0,0.0
2021-11-24 00:00:00+09:00,838.0654679144081,857.8778903237321,838.0654679144081,850.9435424804688,10000,0.0,0.0
2021-11-25 00:00:00+09:00,840.0467084893432,864.8122364518829,840.0467084893432,859.859130859375,15100,0.0,0.0
2021-11-26 00:00:00+09:00,849.9529039106573,863.8215993124629,832.1217241083358,834.1029663085938,7600,0.0,0.0
2021-11-29 00:00:00+09:00,828.1592589539367,839.0560913085938,822.2155322150329,839.0560913085938,39900,0.0,0.0
2021-11-30 00:00:00+09:00,853.9154069907221,853.9154069907221,833.1123634329434,844.9998168945312,3600,0.0,0.0
2021-12-01 00:00:00+09:00,834.1029449570726,841.0372924804688,834.1029449570726,841.0372924804688,6100,0.0,0.0
2021-12-02 00:00:00+09:00,838.0654701854431,839.0560913085938,834.1029856928405,839.0560913085938,2800,0.0,0.0
2021-12-03 00:00:00+09:00,834.1029432697717,852.9247436523438,832.1217011242378,852.9247436523438,8000,0.0,0.0
2021-12-06 00:00:00+09:00,844.9998135309405,864.8122358880553,844.9998135309405,862.8309936523438,5000,0.0,0.0
2021-12-07 00:00:00+09:00,855.8966068706446,873.7277861804497,852.9247436523438,852.9247436523438,10400,0.0,0.0
2021-12-08 00:00:00+09:00,855.8966056034483,870.7559216729526,855.8966056034483,861.84033203125,7400,0.0,0.0
2021-12-09 00:00:00+09:00,861.8403501208551,875.7090454101562,860.8497290287622,875.7090454101562,11700,0.0,0.0
2021-12-10 00:00:00+09:00,875.7090241060781,884.6246137180178,870.7559187661117,882.6433715820312,14700,0.0,0.0
2021-12-13 00:00:00+09:00,886.6058740773911,900.474569314356,883.6340108123273,896.5120849609375,17900,0.0,0.0
2021-12-14 00:00:00+09:00,897.5027046454031,908.399536600259,895.5214624717929,905.4276733398438,19100,0.0,0.0
2021-12-15 00:00:00+09:00,901.4651871551448,917.3151245117188,899.4839449855731,917.3151245117188,21100,0.0,0.0
2021-12-16 00:00:00+09:00,919.2963648554105,933.1650600148671,913.3526383585005,929.2025756835938,18900,0.0,0.0
2021-12-17 00:00:00+09:00,915.3338623046875,931.1837993142925,896.5120621057816,915.3338623046875,15000,0.0,0.0
2021-12-20 00:00:00+09:00,902.4557888764124,912.3619995117188,901.4651678128818,912.3619995117188,13400,0.0,0.0
2021-12-21 00:00:00+09:00,921.2776253220907,940.0994262695312,914.3432776046126,940.0994262695312,14900,0.0,0.0
2021-12-22 00:00:00+09:00,941.0900268554688,945.0525111790707,938.1181636127673,941.0900268554688,13600,0.0,0.0
2021-12-23 00:00:00+09:00,942.0806664378536,951.9868774414062,937.1275609360773,951.9868774414062,17700,0.0,0.0
2021-12-24 00:00:00+09:00,957.9305640006714,961.893048236455,937.1275217628079,945.052490234375,28200,0.0,0.0
2021-12-27 00:00:00+09:00,900.4745625385485,941.0900268554688,892.5495938913446,941.0900268554688,52400,0.0,0.0
2021-12-28 00:00:00+09:00,934.1556762318164,962.8836874839084,934.1556762318164,961.89306640625,18100,0.0,0.0
2021-12-29 00:00:00+09:00,960.9024830115723,982.6961475747213,948.0244084969842,977.7430419921875,21900,0.0,0.0
2021-12-30 00:00:00+09:00,987.6492104692784,1003.499147648324,963.87430470071,988.6398315429688,26900,0.0,0.0
2022-01-04 00:00:00+09:00,985.667970929827,1000.5272870744978,969.818033708845,970.8086547851562,6500,0.0,0.0
2022-01-05 00:00:00+09:00,976.7523661360573,976.7523661360573,929.2025552085413,930.1931762695312,11400,0.0,0.0
2022-01-06 00:00:00+09:00,921.2776310683338,931.18384215509,906.4183144381993,907.408935546875,11400,0.0,0.0
2022-01-07 00:00:00+09:00,907.4089164565838,918.3057484227655,899.4839477539062,899.4839477539062,3900,0.0,0.0
2022-01-11 00:00:00+09:00,901.4651686037824,918.3057266985784,899.4839264749829,906.4182739257812,3800,0.0,0.0
2022-01-12 00:00:00+09:00,900.4745899301715,922.2682543729259,893.5402421529315,895.521484375,5600,0.0,0.0
2022-01-13 00:00:00+09:00,894.5308643502487,894.5308643502487,869.7653365443172,889.5777587890625,8600,0.0,0.0
2022-01-14 00:00:00+09:00,875.7090253419076,879.6715096194729,872.7371621337337,873.727783203125,4400,0.0,0.0
2022-01-17 00:00:00+09:00,872.7371617204052,880.6621302717823,872.7371617204052,876.6996459960938,700,0.0,0.0
2022-01-18 00:00:00+09:00,873.7278204609895,897.5027271402001,873.7278204609895,892.5496215820312,1700,0.0,0.0
2022-01-19 00:00:00+09:00,890.5683832341974,890.5683832341974,871.74658203125,871.74658203125,2800,0.0,0.0
2022-01-20 00:00:00+09:00,877.6902915777162,877.6902915777162,851.9341430664062,851.9341430664062,8000,0.0,0.0
2022-01-21 00:00:00+09:00,862.8309953516984,862.8309953516984,845.9904363149833,853.9154052734375,8200,0.0,0.0
2022-01-24 00:00:00+09:00,843.0185546875,848.9622812775411,837.0748280974589,843.0185546875,2200,0.0,0.0
2022-01-25 00:00:00+09:00,847.9716250970497,847.9716250970497,797.449951171875,797.449951171875,10800,0.0,0.0
2022-01-26 00:00:00+09:00,812.3092865328067,820.2342551819073,800.4218335591559,805.3749389648438,5000,0.0,0.0
2022-01-27 00:00:00+09:00,801.4124845687726,804.3843479231685,753.8626708984375,753.8626708984375,20900,0.0,0.0
2022-01-28 00:00:00+09:00,754.8532677570372,785.5625214321923,754.8532677570372,778.628173828125,2300,0.0,0.0
2022-01-31 00:00:00+09:00,823.2061444130672,823.2061444130672,777.6375732421875,777.6375732421875,13200,0.0,0.0
2022-02-01 00:00:00+09:00,780.6094160007157,787.543763604783,777.6375527418297,778.628173828125,3000,0.0,0.0
2022-02-02 00:00:00+09:00,778.6281729033499,786.5531415843001,778.6281729033499,784.5718994140625,900,0.0,0.0
2022-02-03 00:00:00+09:00,784.5718789407314,796.4593316519546,784.5718789407314,785.5625,6600,0.0,0.0
2022-02-04 00:00:00+09:00,785.562498111536,800.4218139648438,785.562498111536,800.4218139648438,1900,0.0,0.0
2022-02-07 00:00:00+09:00,800.4218401680042,800.4218401680042,762.7782387739644,763.7688598632812,7100,0.0,0.0
2022-02-08 00:00:00+09:00,769.712565763009,782.5906395788637,764.7594604492188,764.7594604492188,4700,0.0,0.0
2022-02-09 00:00:00+09:00,769.7125653666834,775.6562917401714,767.7313232421875,767.7313232421875,1600,0.0,0.0
2022-02-10 00:00:00+09:00,767.7313209331652,785.5625,767.7313209331652,785.5625,7300,0.0,0.0
2022-02-14 00:00:00+09:00,770.703222808838,825.1873838043213,770.703222808838,792.4968872070312,22300,0.0,0.0
2022-02-15 00:00:00+09:00,795.46875,828.1592465753424,795.46875,795.46875,15800,0.0,0.0
2022-02-16 00:00:00+09:00,807.3561617454386,812.3092670322204,788.5343616556677,797.449951171875,42700,0.0,0.0
2022-02-17 00:00:00+09:00,800.0,817.0,794.0,806.0,25300,7.55,0.0
2022-02-18 00:00:00+09:00,799.0,805.0,769.0,779.0,27200,0.0,0.0
2022-02-21 00:00:00+09:00,760.0,765.0,725.0,725.0,45700,0.0,0.0
2022-02-22 00:00:00+09:00,706.0,738.0,705.0,717.0,25000,0.0,0.0
2022-02-24 00:00:00+09:00,724.0,724.0,701.0,702.0,40700,0.0,0.0
2022-02-25 00:00:00+09:00,700.0,712.0,690.0,692.0,25800,0.0,0.0
2022-02-28 00:00:00+09:00,709.0,715.0,693.0,710.0,29300,0.0,0.0
2022-03-01 00:00:00+09:00,710.0,728.0,700.0,728.0,25300,0.0,0.0
2022-03-02 00:00:00+09:00,713.0,728.0,707.0,728.0,11200,0.0,0.0
2022-03-03 00:00:00+09:00,719.0,721.0,705.0,712.0,28300,0.0,0.0
2022-03-04 00:00:00+09:00,705.0,707.0,691.0,693.0,24400,0.0,0.0
2022-03-07 00:00:00+09:00,690.0,702.0,674.0,676.0,34600,0.0,0.0
2022-03-08 00:00:00+09:00,666.0,699.0,648.0,656.0,38000,0.0,0.0
2022-03-09 00:00:00+09:00,696.0,710.0,683.0,694.0,18700,0.0,0.0
2022-03-10 00:00:00+09:00,697.0,699.0,675.0,683.0,27400,0.0,0.0
2022-03-11 00:00:00+09:00,682.0,693.0,657.0,667.0,34000,0.0,0.0
2022-03-14 00:00:00+09:00,663.0,684.0,661.0,682.0,34200,0.0,0.0
2022-03-15 00:00:00+09:00,685.0,696.0,672.0,684.0,33600,0.0,0.0
2022-03-16 00:00:00+09:00,686.0,692.0,676.0,688.0,21400,0.0,0.0
2022-03-17 00:00:00+09:00,688.0,708.0,682.0,707.0,26500,0.0,0.0
2022-03-18 00:00:00+09:00,707.0,750.0,699.0,735.0,551300,0.0,0.0
2022-03-22 00:00:00+09:00,746.0,773.0,737.0,773.0,62000,0.0,0.0
2022-03-23 00:00:00+09:00,758.0,775.0,751.0,751.0,17400,0.0,0.0
2022-03-24 00:00:00+09:00,740.0,742.0,721.0,727.0,11600,0.0,0.0
2022-03-25 00:00:00+09:00,725.0,756.0,725.0,748.0,9500,0.0,0.0
2022-03-28 00:00:00+09:00,754.0,772.0,748.0,767.0,6700,0.0,0.0
2022-03-29 00:00:00+09:00,767.0,785.0,765.0,785.0,6200,0.0,0.0
2022-03-30 00:00:00+09:00,788.0,798.0,785.0,787.0,6300,0.0,0.0
2022-03-31 00:00:00+09:00,809.0,870.0,796.0,827.0,108000,0.0,0.0
2022-04-01 00:00:00+09:00,822.0,830.0,797.0,810.0,16300,0.0,0.0
2022-04-04 00:00:00+09:00,840.0,841.0,810.0,825.0,19800,0.0,0.0
2022-04-05 00:00:00+09:00,833.0,849.0,804.0,815.0,27400,0.0,0.0
2022-04-06 00:00:00+09:00,785.0,785.0,740.0,751.0,43500,0.0,0.0
2022-04-07 00:00:00+09:00,751.0,793.0,744.0,780.0,24200,0.0,0.0
2022-04-08 00:00:00+09:00,782.0,803.0,775.0,776.0,18600,0.0,0.0
2022-04-11 00:00:00+09:00,775.0,781.0,761.0,762.0,9500,0.0,0.0
2022-04-12 00:00:00+09:00,754.0,796.0,754.0,788.0,19000,0.0,0.0
2022-04-13 00:00:00+09:00,785.0,800.0,783.0,796.0,25500,0.0,0.0
2022-04-14 00:00:00+09:00,796.0,816.0,796.0,800.0,10500,0.0,0.0
2022-04-15 00:00:00+09:00,800.0,815.0,798.0,800.0,5500,0.0,0.0
2022-04-18 00:00:00+09:00,801.0,816.0,786.0,812.0,30500,0.0,0.0
2022-04-19 00:00:00+09:00,821.0,821.0,801.0,801.0,9300,0.0,0.0
2022-04-20 00:00:00+09:00,801.0,809.0,785.0,785.0,6900,0.0,0.0
2022-04-21 00:00:00+09:00,785.0,805.0,785.0,790.0,3100,0.0,0.0
2022-04-22 00:00:00+09:00,788.0,810.0,788.0,808.0,8200,0.0,0.0
2022-04-25 00:00:00+09:00,796.0,804.0,779.0,779.0,3200,0.0,0.0
2022-04-26 00:00:00+09:00,780.0,815.0,780.0,810.0,4800,0.0,0.0
2022-04-27 00:00:00+09:00,798.0,809.0,772.0,772.0,7200,0.0,0.0
2022-04-28 00:00:00+09:00,787.0,794.0,779.0,783.0,3700,0.0,0.0
2022-05-02 00:00:00+09:00,783.0,793.0,771.0,771.0,6900,0.0,0.0
2022-05-06 00:00:00+09:00,771.0,800.0,771.0,797.0,7200,0.0,0.0
2022-05-09 00:00:00+09:00,791.0,800.0,791.0,800.0,200,0.0,0.0
2022-05-10 00:00:00+09:00,788.0,791.0,773.0,773.0,2700,0.0,0.0
2022-05-11 00:00:00+09:00,768.0,776.0,766.0,767.0,3100,0.0,0.0
2022-05-12 00:00:00+09:00,761.0,779.0,760.0,776.0,2900,0.0,0.0
2022-05-13 00:00:00+09:00,775.0,775.0,760.0,762.0,3100,0.0,0.0
2022-05-16 00:00:00+09:00,765.0,765.0,759.0,759.0,900,0.0,0.0
2022-05-17 00:00:00+09:00,765.0,765.0,757.0,757.0,900,0.0,0.0
2022-05-18 00:00:00+09:00,766.0,773.0,757.0,767.0,1700,0.0,0.0
2022-05-19 00:00:00+09:00,771.0,771.0,749.0,751.0,8500,0.0,0.0
2022-05-20 00:00:00+09:00,757.0,775.0,757.0,775.0,5400,0.0,0.0
2022-05-23 00:00:00+09:00,777.0,792.0,755.0,772.0,4900,0.0,0.0
2022-05-24 00:00:00+09:00,778.0,790.0,769.0,782.0,12300,0.0,0.0
2022-05-25 00:00:00+09:00,753.0,792.0,753.0,792.0,6900,0.0,0.0
2022-05-26 00:00:00+09:00,798.0,799.0,784.0,799.0,2800,0.0,0.0
2022-05-27 00:00:00+09:00,799.0,799.0,781.0,784.0,3000,0.0,0.0
2022-05-30 00:00:00+09:00,790.0,793.0,786.0,791.0,2600,0.0,0.0
2022-05-31 00:00:00+09:00,800.0,800.0,777.0,795.0,7400,0.0,0.0
2022-06-01 00:00:00+09:00,785.0,799.0,782.0,799.0,4600,0.0,0.0
2022-06-02 00:00:00+09:00,799.0,808.0,796.0,807.0,4200,0.0,0.0
2022-06-03 00:00:00+09:00,798.0,806.0,794.0,794.0,1000,0.0,0.0
2022-06-06 00:00:00+09:00,777.0,803.0,777.0,786.0,5500,0.0,0.0
2022-06-07 00:00:00+09:00,783.0,805.0,783.0,796.0,1800,0.0,0.0
2022-06-08 00:00:00+09:00,799.0,806.0,791.0,791.0,4300,0.0,0.0
2022-06-09 00:00:00+09:00,796.0,804.0,788.0,793.0,3700,0.0,0.0
2022-06-10 00:00:00+09:00,791.0,798.0,791.0,797.0,1500,0.0,0.0
2022-06-13 00:00:00+09:00,794.0,803.0,789.0,803.0,1500,0.0,0.0
2022-06-14 00:00:00+09:00,787.0,799.0,787.0,793.0,1400,0.0,0.0
2022-06-15 00:00:00+09:00,794.0,804.0,794.0,799.0,1600,0.0,0.0
2022-06-16 00:00:00+09:00,805.0,809.0,789.0,789.0,5300,0.0,0.0
2022-06-17 00:00:00+09:00,787.0,793.0,772.0,780.0,11200,0.0,0.0
2022-06-20 00:00:00+09:00,781.0,796.0,773.0,780.0,3200,0.0,0.0
2022-06-21 00:00:00+09:00,783.0,800.0,783.0,783.0,2500,0.0,0.0
2022-06-22 00:00:00+09:00,792.0,800.0,792.0,796.0,2900,0.0,0.0
2022-06-23 00:00:00+09:00,801.0,812.0,797.0,804.0,8000,0.0,0.0
2022-06-24 00:00:00+09:00,800.0,801.0,791.0,800.0,4800,0.0,0.0
2022-06-27 00:00:00+09:00,800.0,802.0,793.0,793.0,2300,0.0,0.0
2022-06-28 00:00:00+09:00,797.0,800.0,791.0,799.0,3400,0.0,0.0
2022-06-29 00:00:00+09:00,798.0,800.0,787.0,800.0,5100,0.0,0.0
2022-06-30 00:00:00+09:00,807.0,807.0,792.0,803.0,5100,0.0,0.0
2022-07-01 00:00:00+09:00,803.0,803.0,793.0,800.0,2600,0.0,0.0
2022-07-04 00:00:00+09:00,811.0,818.0,805.0,811.0,10500,0.0,0.0
2022-07-05 00:00:00+09:00,766.0,786.0,766.0,781.0,23600,0.0,0.0
2022-07-06 00:00:00+09:00,779.0,782.0,774.0,780.0,2200,0.0,0.0
2022-07-07 00:00:00+09:00,776.0,791.0,776.0,778.0,1400,0.0,0.0
2022-07-08 00:00:00+09:00,783.0,783.0,777.0,783.0,2500,0.0,0.0
2022-07-11 00:00:00+09:00,789.0,789.0,785.0,787.0,800,0.0,0.0
2022-07-12 00:00:00+09:00,788.0,788.0,775.0,785.0,2800,0.0,0.0
2022-07-13 00:00:00+09:00,785.0,785.0,785.0,785.0,0,0.0,0.0
2022-07-14 00:00:00+09:00,773.0,777.0,770.0,771.0,10900,0.0,0.0
2022-07-15 00:00:00+09:00,768.0,771.0,762.0,771.0,4200,0.0,0.0
2022-07-19 00:00:00+09:00,769.0,772.0,768.0,768.0,1200,0.0,0.0
2022-07-20 00:00:00+09:00,765.0,780.0,765.0,772.0,2700,0.0,0.0
2022-07-21 00:00:00+09:00,772.0,780.0,768.0,774.0,2100,0.0,0.0
2022-07-22 00:00:00+09:00,770.0,770.0,762.0,770.0,4200,0.0,0.0
2022-07-25 00:00:00+09:00,769.0,774.0,768.0,770.0,2000,0.0,0.0
2022-07-26 00:00:00+09:00,770.0,770.0,762.0,764.0,6200,0.0,0.0
2022-07-27 00:00:00+09:00,769.0,769.0,764.0,768.0,1000,0.0,0.0
2022-07-28 00:00:00+09:00,769.0,770.0,767.0,768.0,1200,0.0,0.0
2022-07-29 00:00:00+09:00,794.0,794.0,778.0,780.0,9700,0.0,0.0
2022-08-01 00:00:00+09:00,780.0,780.0,778.0,780.0,600,0.0,0.0
2022-08-02 00:00:00+09:00,779.0,779.0,771.0,776.0,1500,0.0,0.0
2022-08-03 00:00:00+09:00,787.0,787.0,787.0,787.0,100,0.0,0.0
2022-08-04 00:00:00+09:00,772.0,778.0,772.0,775.0,600,0.0,0.0
2022-08-05 00:00:00+09:00,774.0,777.0,772.0,772.0,1300,0.0,0.0
2022-08-08 00:00:00+09:00,767.0,785.0,767.0,776.0,3900,0.0,0.0
2022-08-09 00:00:00+09:00,771.0,775.0,768.0,775.0,800,0.0,0.0
2022-08-10 00:00:00+09:00,770.0,772.0,768.0,768.0,3300,0.0,0.0
2022-08-12 00:00:00+09:00,771.0,778.0,771.0,777.0,400,0.0,0.0
2022-08-15 00:00:00+09:00,777.0,780.0,775.0,776.0,1100,0.0,0.0
2022-08-16 00:00:00+09:00,775.0,775.0,773.0,773.0,400,0.0,0.0
2022-08-17 00:00:00+09:00,775.0,784.0,775.0,782.0,22900,0.0,0.0
2022-08-18 00:00:00+09:00,774.0,775.0,771.0,771.0,2500,0.0,0.0
2022-08-19 00:00:00+09:00,771.0,780.0,770.0,770.0,3800,0.0,0.0
2022-08-22 00:00:00+09:00,769.0,769.0,761.0,762.0,5500,0.0,0.0
2022-08-23 00:00:00+09:00,763.0,763.0,761.0,762.0,400,0.0,0.0
2022-08-24 00:00:00+09:00,762.0,769.0,762.0,769.0,200,0.0,0.0
2022-08-25 00:00:00+09:00,767.0,767.0,767.0,767.0,200,0.0,0.0
2022-08-26 00:00:00+09:00,760.0,760.0,758.0,758.0,7400,0.0,0.0
2022-08-29 00:00:00+09:00,759.0,761.0,752.0,760.0,5800,0.0,0.0
2022-08-30 00:00:00+09:00,760.0,760.0,760.0,760.0,800,0.0,0.0
2022-08-31 00:00:00+09:00,760.0,760.0,755.0,759.0,2200,0.0,0.0
2022-09-01 00:00:00+09:00,756.0,761.0,756.0,761.0,900,0.0,0.0
2022-09-02 00:00:00+09:00,761.0,761.0,753.0,753.0,700,0.0,0.0
2022-09-05 00:00:00+09:00,750.0,750.0,725.0,738.0,6400,0.0,0.0
2022-09-06 00:00:00+09:00,740.0,740.0,734.0,736.0,2500,0.0,0.0
2022-09-07 00:00:00+09:00,737.0,739.0,705.0,713.0,6500,0.0,0.0
2022-09-08 00:00:00+09:00,721.0,730.0,710.0,711.0,2700,0.0,0.0
2022-09-09 00:00:00+09:00,696.0,711.0,696.0,709.0,6900,0.0,0.0
2022-09-12 00:00:00+09:00,710.0,725.0,710.0,725.0,500,0.0,0.0
2022-09-13 00:00:00+09:00,725.0,725.0,704.0,706.0,9100,0.0,0.0
2022-09-14 00:00:00+09:00,704.0,706.0,701.0,706.0,3100,0.0,0.0
2022-09-15 00:00:00+09:00,709.0,724.0,707.0,707.0,2800,0.0,0.0
2022-09-16 00:00:00+09:00,707.0,714.0,698.0,710.0,3200,0.0,0.0
2022-09-20 00:00:00+09:00,709.0,709.0,702.0,702.0,6500,0.0,0.0
2022-09-21 00:00:00+09:00,702.0,725.0,702.0,717.0,5700,0.0,0.0
2022-09-22 00:00:00+09:00,707.0,718.0,698.0,703.0,2700,0.0,0.0
2022-09-26 00:00:00+09:00,703.0,703.0,689.0,690.0,3700,0.0,0.0
2022-09-27 00:00:00+09:00,696.0,698.0,691.0,696.0,2000,0.0,0.0
2022-09-28 00:00:00+09:00,696.0,696.0,684.0,693.0,3700,0.0,0.0
2022-09-29 00:00:00+09:00,693.0,693.0,676.0,678.0,4400,0.0,0.0
2022-09-30 00:00:00+09:00,682.0,682.0,675.0,680.0,3700,0.0,0.0
2022-10-03 00:00:00+09:00,680.0,700.0,675.0,675.0,16900,0.0,0.0
2022-10-04 00:00:00+09:00,655.0,675.0,653.0,658.0,22000,0.0,0.0
2022-10-05 00:00:00+09:00,675.0,680.0,654.0,672.0,12500,0.0,0.0
2022-10-06 00:00:00+09:00,672.0,672.0,660.0,670.0,9000,0.0,0.0
2022-10-07 00:00:00+09:00,670.0,670.0,663.0,665.0,1300,0.0,0.0
2022-10-11 00:00:00+09:00,655.0,665.0,655.0,659.0,4500,0.0,0.0
2022-10-12 00:00:00+09:00,660.0,668.0,656.0,656.0,3300,0.0,0.0
2022-10-13 00:00:00+09:00,666.0,667.0,661.0,665.0,4900,0.0,0.0
2022-10-14 00:00:00+09:00,666.0,671.0,662.0,669.0,2700,0.0,0.0
2022-10-17 00:00:00+09:00,670.0,685.0,669.0,679.0,10700,0.0,0.0
2022-10-18 00:00:00+09:00,677.0,679.0,666.0,673.0,5800,0.0,0.0
2022-10-19 00:00:00+09:00,669.0,669.0,666.0,667.0,2100,0.0,0.0
2022-10-20 00:00:00+09:00,669.0,673.0,668.0,669.0,1900,0.0,0.0
2022-10-21 00:00:00+09:00,661.0,681.0,661.0,667.0,6000,0.0,0.0
2022-10-24 00:00:00+09:00,666.0,678.0,665.0,665.0,2000,0.0,0.0
2022-10-25 00:00:00+09:00,675.0,675.0,666.0,670.0,1200,0.0,0.0
2022-10-26 00:00:00+09:00,674.0,674.0,663.0,670.0,2200,0.0,0.0
2022-10-27 00:00:00+09:00,670.0,670.0,662.0,663.0,1900,0.0,0.0
2022-10-28 00:00:00+09:00,663.0,670.0,663.0,669.0,2400,0.0,0.0
2022-10-31 00:00:00+09:00,676.0,676.0,665.0,670.0,3400,0.0,0.0
2022-11-01 00:00:00+09:00,670.0,670.0,663.0,663.0,2100,0.0,0.0
2022-11-02 00:00:00+09:00,665.0,671.0,663.0,666.0,3100,0.0,0.0
2022-11-04 00:00:00+09:00,670.0,674.0,665.0,670.0,5200,0.0,0.0
2022-11-07 00:00:00+09:00,664.0,669.0,661.0,666.0,2900,0.0,0.0
2022-11-08 00:00:00+09:00,672.0,672.0,667.0,668.0,2700,0.0,0.0
2022-11-09 00:00:00+09:00,669.0,675.0,667.0,669.0,5800,0.0,0.0
2022-11-10 00:00:00+09:00,668.0,668.0,666.0,666.0,1000,0.0,0.0
2022-11-11 00:00:00+09:00,666.0,667.0,661.0,664.0,8700,0.0,0.0
2022-11-14 00:00:00+09:00,669.0,670.0,666.0,670.0,4000,0.0,0.0
2022-11-15 00:00:00+09:00,670.0,671.0,666.0,670.0,2000,0.0,0.0
2022-11-16 00:00:00+09:00,669.0,670.0,663.0,670.0,4900,0.0,0.0
2022-11-17 00:00:00+09:00,670.0,670.0,665.0,670.0,1400,0.0,0.0
2022-11-18 00:00:00+09:00,669.0,671.0,669.0,670.0,3100,0.0,0.0
2022-11-21 00:00:00+09:00,671.0,671.0,666.0,670.0,4400,0.0,0.0
2022-11-22 00:00:00+09:00,673.0,673.0,668.0,668.0,2400,0.0,0.0
2022-11-24 00:00:00+09:00,668.0,673.0,667.0,668.0,3500,0.0,0.0
2022-11-25 00:00:00+09:00,670.0,674.0,670.0,671.0,7900,0.0,0.0
2022-11-28 00:00:00+09:00,674.0,675.0,670.0,675.0,5400,0.0,0.0
2022-11-29 00:00:00+09:00,671.0,671.0,665.0,670.0,8600,0.0,0.0
2022-11-30 00:00:00+09:00,679.0,679.0,667.0,670.0,11000,0.0,0.0
2022-12-01 00:00:00+09:00,670.0,671.0,666.0,667.0,5700,0.0,0.0
2022-12-02 00:00:00+09:00,667.0,669.0,665.0,667.0,4500,0.0,0.0
2022-12-05 00:00:00+09:00,667.0,667.0,665.0,666.0,1700,0.0,0.0
2022-12-06 00:00:00+09:00,664.0,666.0,657.0,659.0,12600,0.0,0.0
2022-12-07 00:00:00+09:00,665.0,665.0,657.0,660.0,10300,0.0,0.0
2022-12-08 00:00:00+09:00,658.0,659.0,656.0,659.0,4000,0.0,0.0
2022-12-09 00:00:00+09:00,660.0,660.0,657.0,657.0,3400,0.0,0.0
2022-12-12 00:00:00+09:00,657.0,661.0,648.0,650.0,31800,0.0,0.0
2022-12-13 00:00:00+09:00,654.0,663.0,646.0,648.0,16800,0.0,0.0
2022-12-14 00:00:00+09:00,650.0,650.0,645.0,647.0,11100,0.0,0.0
2022-12-15 00:00:00+09:00,647.0,650.0,645.0,650.0,9400,0.0,0.0
2022-12-16 00:00:00+09:00,647.0,656.0,646.0,650.0,8800,0.0,0.0
2022-12-19 00:00:00+09:00,650.0,650.0,640.0,640.0,24300,0.0,0.0
2022-12-20 00:00:00+09:00,657.0,666.0,640.0,643.0,20900,0.0,0.0
2022-12-21 00:00:00+09:00,646.0,650.0,646.0,650.0,3500,0.0,0.0
2022-12-22 00:00:00+09:00,650.0,650.0,646.0,649.0,7700,0.0,0.0
2022-12-23 00:00:00+09:00,646.0,649.0,644.0,644.0,6500,0.0,0.0
2022-12-26 00:00:00+09:00,643.0,644.0,635.0,641.0,23000,0.0,0.0
2022-12-27 00:00:00+09:00,731.0,740.0,718.0,740.0,561700,0.0,0.0
2022-12-28 00:00:00+09:00,759.0,760.0,717.0,729.0,346200,0.0,0.0
2022-12-29 00:00:00+09:00,731.0,758.0,727.0,753.0,86000,0.0,0.0
2022-12-30 00:00:00+09:00,758.0,768.0,742.0,746.0,83000,0.0,0.0
2023-01-04 00:00:00+09:00,751.0,763.0,748.0,756.0,55800,0.0,0.0
2023-01-05 00:00:00+09:00,761.0,772.0,760.0,772.0,45000,0.0,0.0
2023-01-06 00:00:00+09:00,772.0,796.0,770.0,785.0,55600,0.0,0.0
2023-01-10 00:00:00+09:00,792.0,794.0,774.0,779.0,35600,0.0,0.0
2023-01-11 00:00:00+09:00,781.0,781.0,774.0,779.0,19900,0.0,0.0
2023-01-12 00:00:00+09:00,781.0,786.0,778.0,786.0,22500,0.0,0.0
2023-01-13 00:00:00+09:00,786.0,792.0,786.0,792.0,12400,0.0,0.0
2023-01-16 00:00:00+09:00,800.0,831.0,800.0,802.0,50500,0.0,0.0
2023-01-17 00:00:00+09:00,811.0,818.0,809.0,813.0,19300,0.0,0.0
2023-01-18 00:00:00+09:00,817.0,818.0,808.0,818.0,40300,0.0,0.0
2023-01-19 00:00:00+09:00,814.0,820.0,811.0,820.0,20700,0.0,0.0
2023-01-20 00:00:00+09:00,820.0,836.0,820.0,821.0,31800,0.0,0.0
2023-01-23 00:00:00+09:00,840.0,842.0,826.0,833.0,40800,0.0,0.0
2023-01-24 00:00:00+09:00,844.0,844.0,836.0,842.0,21500,0.0,0.0
2023-01-25 00:00:00+09:00,842.0,845.0,841.0,843.0,19800,0.0,0.0
2023-01-26 00:00:00+09:00,846.0,850.0,845.0,850.0,29400,0.0,0.0
2023-01-27 00:00:00+09:00,850.0,868.0,850.0,865.0,37400,0.0,0.0
2023-01-30 00:00:00+09:00,893.0,910.0,878.0,889.0,113200,0.0,0.0
2023-01-31 00:00:00+09:00,896.0,908.0,886.0,888.0,68500,0.0,0.0
2023-02-01 00:00:00+09:00,897.0,906.0,895.0,903.0,33100,0.0,0.0
2023-02-02 00:00:00+09:00,906.0,907.0,891.0,905.0,46100,0.0,0.0
2023-02-03 00:00:00+09:00,906.0,906.0,890.0,894.0,38700,0.0,0.0
2023-02-06 00:00:00+09:00,899.0,900.0,877.0,881.0,80900,0.0,0.0
2023-02-07 00:00:00+09:00,877.0,882.0,857.0,859.0,64500,0.0,0.0
2023-02-08 00:00:00+09:00,863.0,886.0,862.0,878.0,51000,0.0,0.0
2023-02-09 00:00:00+09:00,878.0,892.0,875.0,882.0,28900,0.0,0.0
2023-02-10 00:00:00+09:00,887.0,918.0,885.0,908.0,62000,0.0,0.0
2023-02-13 00:00:00+09:00,908.0,908.0,885.0,891.0,58400,0.0,0.0
2023-02-14 00:00:00+09:00,896.0,896.0,882.0,888.0,27600,0.0,0.0
2023-02-15 00:00:00+09:00,888.0,898.0,876.0,890.0,51300,0.0,0.0
2023-02-16 00:00:00+09:00,890.0,897.0,888.0,888.0,72000,0.0,0.0
2023-02-17 00:00:00+09:00,850.0,856.0,840.0,849.0,106200,0.0,0.0
2023-02-20 00:00:00+09:00,905.0,992.0,898.0,960.0,686700,0.0,0.0
2023-02-21 00:00:00+09:00,945.0,958.0,912.0,914.0,183000,0.0,0.0
2023-02-22 00:00:00+09:00,909.0,941.0,909.0,919.0,52400,0.0,0.0
2023-02-24 00:00:00+09:00,924.0,942.0,914.0,928.0,88800,0.0,0.0
2023-02-27 00:00:00+09:00,923.0,932.0,914.0,932.0,55500,0.0,0.0
2023-02-28 00:00:00+09:00,931.0,962.0,929.0,952.0,74900,0.0,0.0
2023-03-01 00:00:00+09:00,955.0,981.0,955.0,970.0,59500,0.0,0.0
2023-03-02 00:00:00+09:00,970.0,974.0,942.0,957.0,41800,0.0,0.0
2023-03-03 00:00:00+09:00,957.0,962.0,948.0,960.0,20000,0.0,0.0
2023-03-06 00:00:00+09:00,969.0,980.0,960.0,962.0,46700,0.0,0.0
2023-03-07 00:00:00+09:00,963.0,967.0,955.0,961.0,18700,0.0,0.0
2023-03-08 00:00:00+09:00,958.0,965.0,958.0,963.0,15100,0.0,0.0
2023-03-09 00:00:00+09:00,964.0,997.0,958.0,997.0,47800,0.0,0.0
2023-03-10 00:00:00+09:00,983.0,992.0,979.0,986.0,24600,0.0,0.0
2023-03-13 00:00:00+09:00,976.0,976.0,944.0,953.0,39800,0.0,0.0
2023-03-14 00:00:00+09:00,953.0,954.0,941.0,946.0,22400,0.0,0.0
2023-03-15 00:00:00+09:00,946.0,966.0,946.0,963.0,14900,0.0,0.0
2023-03-16 00:00:00+09:00,960.0,960.0,942.0,948.0,11300,0.0,0.0
2023-03-17 00:00:00+09:00,950.0,967.0,950.0,966.0,10300,0.0,0.0
2023-03-20 00:00:00+09:00,964.0,968.0,951.0,951.0,40700,0.0,0.0
2023-03-22 00:00:00+09:00,976.0,988.0,969.0,983.0,103900,0.0,0.0
2023-03-23 00:00:00+09:00,968.0,978.0,960.0,975.0,100400,0.0,0.0
2023-03-24 00:00:00+09:00,960.0,967.0,946.0,956.0,103500,0.0,0.0
2023-03-27 00:00:00+09:00,971.0,983.0,961.0,967.0,127000,0.0,0.0
2023-03-28 00:00:00+09:00,970.0,981.0,964.0,979.0,108900,0.0,0.0
2023-03-29 00:00:00+09:00,978.0,1030.0,978.0,1030.0,81600,0.0,0.0
2023-03-30 00:00:00+09:00,1030.0,1053.0,1026.0,1033.0,58300,0.0,0.0
2023-03-31 00:00:00+09:00,1048.0,1059.0,1028.0,1046.0,53500,0.0,0.0
2023-04-03 00:00:00+09:00,1066.0,1066.0,1044.0,1050.0,55100,0.0,0.0
2023-04-04 00:00:00+09:00,1045.0,1045.0,1026.0,1028.0,68300,0.0,0.0
2023-04-05 00:00:00+09:00,1026.0,1026.0,998.0,1000.0,112700,0.0,0.0
2023-04-06 00:00:00+09:00,995.0,1015.0,988.0,1004.0,183200,0.0,0.0
2023-04-07 00:00:00+09:00,1011.0,1042.0,1000.0,1015.0,63000,0.0,0.0
2023-04-10 00:00:00+09:00,1021.0,1029.0,1014.0,1021.0,81900,0.0,0.0
2023-04-11 00:00:00+09:00,1025.0,1053.0,1025.0,1039.0,51400,0.0,0.0
2023-04-12 00:00:00+09:00,1040.0,1047.0,1037.0,1037.0,59100,0.0,0.0
2023-04-13 00:00:00+09:00,1037.0,1040.0,1031.0,1035.0,52400,0.0,0.0
2023-04-14 00:00:00+09:00,1038.0,1039.0,1030.0,1030.0,49900,0.0,0.0
2023-04-17 00:00:00+09:00,1039.0,1042.0,1028.0,1029.0,58600,0.0,0.0
2023-04-18 00:00:00+09:00,1034.0,1035.0,1026.0,1026.0,58100,0.0,0.0
2023-04-19 00:00:00+09:00,1025.0,1027.0,1016.0,1020.0,54100,0.0,0.0
2023-04-20 00:00:00+09:00,1021.0,1035.0,1021.0,1031.0,43700,0.0,0.0
2023-04-21 00:00:00+09:00,1030.0,1061.0,1030.0,1050.0,51500,0.0,0.0
2023-04-24 00:00:00+09:00,1052.0,1080.0,1052.0,1080.0,136700,0.0,0.0
2023-04-25 00:00:00+09:00,1071.0,1095.0,1071.0,1088.0,116100,0.0,0.0
2023-04-26 00:00:00+09:00,1090.0,1095.0,1077.0,1085.0,107200,0.0,0.0
2023-04-27 00:00:00+09:00,1080.0,1084.0,1050.0,1050.0,199400,0.0,0.0
2023-04-28 00:00:00+09:00,1072.0,1082.0,1067.0,1077.0,128600,0.0,0.0
2023-05-01 00:00:00+09:00,1097.0,1108.0,1088.0,1097.0,183900,0.0,0.0
2023-05-02 00:00:00+09:00,1100.0,1135.0,1097.0,1133.0,133600,0.0,0.0
2023-05-08 00:00:00+09:00,1159.0,1177.0,1153.0,1177.0,108700,0.0,0.0
2023-05-09 00:00:00+09:00,1179.0,1190.0,1174.0,1190.0,78000,0.0,0.0
2023-05-10 00:00:00+09:00,1200.0,1200.0,1165.0,1165.0,99400,0.0,0.0
2023-05-11 00:00:00+09:00,1208.0,1211.0,1180.0,1197.0,234600,0.0,0.0
2023-05-12 00:00:00+09:00,1200.0,1206.0,1188.0,1199.0,88700,0.0,0.0
2023-05-15 00:00:00+09:00,1200.0,1206.0,1189.0,1197.0,109400,0.0,0.0
2023-05-16 00:00:00+09:00,1200.0,1207.0,1174.0,1185.0,144900,0.0,0.0
2023-05-17 00:00:00+09:00,1198.0,1233.0,1189.0,1197.0,316700,0.0,0.0
2023-05-18 00:00:00+09:00,1176.0,1176.0,1146.0,1164.0,214700,0.0,0.0
2023-05-19 00:00:00+09:00,1178.0,1184.0,1145.0,1163.0,199200,0.0,0.0
2023-05-22 00:00:00+09:00,1150.0,1156.0,1122.0,1126.0,139800,0.0,0.0
2023-05-23 00:00:00+09:00,1135.0,1135.0,1105.0,1115.0,161400,0.0,0.0
2023-05-24 00:00:00+09:00,1115.0,1120.0,1093.0,1100.0,105700,0.0,0.0
2023-05-25 00:00:00+09:00,1099.0,1104.0,1073.0,1082.0,227200,0.0,0.0
2023-05-26 00:00:00+09:00,1090.0,1109.0,1086.0,1108.0,116800,0.0,0.0
2023-05-29 00:00:00+09:00,1100.0,1105.0,1083.0,1089.0,72900,0.0,0.0
2023-05-30 00:00:00+09:00,1075.0,1080.0,1063.0,1066.0,98200,0.0,0.0
2023-05-31 00:00:00+09:00,1066.0,1066.0,1036.0,1036.0,129900,0.0,0.0
2023-06-01 00:00:00+09:00,1036.0,1047.0,1033.0,1033.0,43300,0.0,0.0
2023-06-02 00:00:00+09:00,1045.0,1062.0,1033.0,1057.0,81700,0.0,0.0
2023-06-05 00:00:00+09:00,1080.0,1084.0,1058.0,1060.0,77200,0.0,0.0
2023-06-06 00:00:00+09:00,1046.0,1046.0,1027.0,1039.0,48400,0.0,0.0
2023-06-07 00:00:00+09:00,1039.0,1066.0,1032.0,1060.0,84000,0.0,0.0
2023-06-08 00:00:00+09:00,1080.0,1118.0,1078.0,1103.0,312800,0.0,0.0
2023-06-09 00:00:00+09:00,1105.0,1120.0,1088.0,1118.0,177400,0.0,0.0
2023-06-12 00:00:00+09:00,1118.0,1153.0,1116.0,1146.0,200200,0.0,0.0
2023-06-13 00:00:00+09:00,1156.0,1174.0,1149.0,1154.0,166100,0.0,0.0
2023-06-14 00:00:00+09:00,1159.0,1186.0,1148.0,1180.0,112200,0.0,0.0
2023-06-15 00:00:00+09:00,1180.0,1225.0,1180.0,1211.0,152500,0.0,0.0
2023-06-16 00:00:00+09:00,1215.0,1245.0,1215.0,1245.0,119400,0.0,0.0
2023-06-19 00:00:00+09:00,1245.0,1264.0,1238.0,1259.0,118600,0.0,0.0
2023-06-20 00:00:00+09:00,1267.0,1308.0,1267.0,1308.0,173700,0.0,0.0
2023-06-21 00:00:00+09:00,1314.0,1339.0,1305.0,1332.0,177100,0.0,0.0
2023-06-22 00:00:00+09:00,1342.0,1354.0,1315.0,1324.0,170400,0.0,0.0
2023-06-23 00:00:00+09:00,1306.0,1348.0,1303.0,1317.0,150800,0.0,0.0
2023-06-26 00:00:00+09:00,1308.0,1325.0,1291.0,1296.0,189500,0.0,0.0
2023-06-27 00:00:00+09:00,1176.0,1230.0,1116.0,1230.0,556500,0.0,0.0
2023-06-28 00:00:00+09:00,1223.0,1257.0,1204.0,1231.0,388500,0.0,0.0
2023-06-29 00:00:00+09:00,1223.0,1304.0,1217.0,1272.0,1847600,0.0,0.0
2023-06-30 00:00:00+09:00,1258.0,1278.0,1234.0,1276.0,333000,0.0,0.0
2023-07-03 00:00:00+09:00,1276.0,1326.0,1247.0,1250.0,263700,0.0,0.0
2023-07-04 00:00:00+09:00,1229.0,1233.0,1196.0,1207.0,223800,0.0,0.0
2023-07-05 00:00:00+09:00,1192.0,1205.0,1176.0,1201.0,139200,0.0,0.0
2023-07-06 00:00:00+09:00,1190.0,1205.0,1173.0,1196.0,139500,0.0,0.0
2023-07-07 00:00:00+09:00,1190.0,1190.0,1167.0,1170.0,123600,0.0,0.0
2023-07-10 00:00:00+09:00,1160.0,1188.0,1158.0,1169.0,120900,0.0,0.0
2023-07-11 00:00:00+09:00,1166.0,1179.0,1144.0,1152.0,142500,0.0,0.0
2023-07-12 00:00:00+09:00,1153.0,1162.0,1143.0,1152.0,129300,0.0,0.0
2023-07-13 00:00:00+09:00,1152.0,1177.0,1151.0,1177.0,117400,0.0,0.0
2023-07-14 00:00:00+09:00,1170.0,1191.0,1168.0,1186.0,124000,0.0,0.0
2023-07-18 00:00:00+09:00,1207.0,1228.0,1203.0,1228.0,75900,0.0,0.0
2023-07-19 00:00:00+09:00,1238.0,1255.0,1238.0,1254.0,77600,0.0,0.0
2023-07-20 00:00:00+09:00,1252.0,1252.0,1223.0,1229.0,58700,0.0,0.0
2023-07-21 00:00:00+09:00,1236.0,1237.0,1217.0,1220.0,33900,0.0,0.0
2023-07-24 00:00:00+09:00,1221.0,1246.0,1218.0,1226.0,46000,0.0,0.0
2023-07-25 00:00:00+09:00,1218.0,1230.0,1204.0,1209.0,33700,0.0,0.0
2023-07-26 00:00:00+09:00,1225.0,1239.0,1218.0,1234.0,41400,0.0,0.0
2023-07-27 00:00:00+09:00,1233.0,1233.0,1208.0,1221.0,57400,0.0,0.0
2023-07-28 00:00:00+09:00,1203.0,1258.0,1193.0,1258.0,255000,0.0,0.0
2023-07-31 00:00:00+09:00,1259.0,1270.0,1240.0,1270.0,80100,0.0,0.0
2023-08-01 00:00:00+09:00,1276.0,1310.0,1267.0,1307.0,60400,0.0,0.0
2023-08-02 00:00:00+09:00,1281.0,1290.0,1242.0,1242.0,95300,0.0,0.0
2023-08-03 00:00:00+09:00,1240.0,1245.0,1202.0,1219.0,74600,0.0,0.0
2023-08-04 00:00:00+09:00,1218.0,1222.0,1201.0,1209.0,96500,0.0,0.0
2023-08-07 00:00:00+09:00,1200.0,1233.0,1190.0,1233.0,64900,0.0,0.0
2023-08-08 00:00:00+09:00,1230.0,1235.0,1212.0,1226.0,60400,0.0,0.0
2023-08-09 00:00:00+09:00,1223.0,1295.0,1210.0,1292.0,78300,0.0,0.0
2023-08-10 00:00:00+09:00,1297.0,1467.0,1288.0,1462.0,193600,0.0,0.0
2023-08-14 00:00:00+09:00,1415.0,1450.0,1353.0,1388.0,81600,0.0,0.0
2023-08-15 00:00:00+09:00,1410.0,1420.0,1374.0,1409.0,46500,0.0,0.0
2023-08-16 00:00:00+09:00,1390.0,1418.0,1386.0,1414.0,27100,0.0,0.0
2023-08-17 00:00:00+09:00,1374.0,1410.0,1374.0,1401.0,19600,0.0,0.0
2023-08-18 00:00:00+09:00,1385.0,1385.0,1338.0,1338.0,23600,0.0,0.0
2023-08-21 00:00:00+09:00,1344.0,1346.0,1303.0,1318.0,43700,0.0,0.0
2023-08-22 00:00:00+09:00,1319.0,1323.0,1300.0,1311.0,27300,0.0,0.0
2023-08-23 00:00:00+09:00,1320.0,1365.0,1313.0,1362.0,40800,0.0,0.0
2023-08-24 00:00:00+09:00,1368.0,1385.0,1357.0,1370.0,23100,0.0,0.0
2023-08-25 00:00:00+09:00,1385.0,1394.0,1354.0,1358.0,20300,0.0,0.0
2023-08-28 00:00:00+09:00,1388.0,1395.0,1376.0,1393.0,25800,0.0,0.0
2023-08-29 00:00:00+09:00,1395.0,1395.0,1378.0,1392.0,8600,0.0,0.0
2023-08-30 00:00:00+09:00,1392.0,1395.0,1379.0,1395.0,15600,0.0,0.0
2023-08-31 00:00:00+09:00,1395.0,1410.0,1381.0,1381.0,25300,0.0,0.0
2023-09-01 00:00:00+09:00,1369.0,1369.0,1340.0,1349.0,39000,0.0,0.0
2023-09-04 00:00:00+09:00,1339.0,1357.0,1332.0,1337.0,23600,0.0,0.0
2023-09-05 00:00:00+09:00,1343.0,1365.0,1334.0,1363.0,29200,0.0,0.0
2023-09-06 00:00:00+09:00,1363.0,1363.0,1327.0,1330.0,27400,0.0,0.0
2023-09-07 00:00:00+09:00,1335.0,1345.0,1323.0,1323.0,24300,0.0,0.0
2023-09-08 00:00:00+09:00,1342.0,1342.0,1297.0,1301.0,37100,0.0,0.0
2023-09-11 00:00:00+09:00,1308.0,1323.0,1308.0,1316.0,17300,0.0,0.0
2023-09-12 00:00:00+09:00,1319.0,1330.0,1308.0,1330.0,20700,0.0,0.0
2023-09-13 00:00:00+09:00,1329.0,1360.0,1329.0,1353.0,42400,0.0,0.0
2023-09-14 00:00:00+09:00,1360.0,1360.0,1330.0,1347.0,27600,0.0,0.0
2023-09-15 00:00:00+09:00,1343.0,1351.0,1326.0,1345.0,33300,0.0,0.0
2023-09-19 00:00:00+09:00,1346.0,1367.0,1338.0,1365.0,39900,0.0,0.0
2023-09-20 00:00:00+09:00,1368.0,1377.0,1353.0,1357.0,41900,0.0,0.0
2023-09-21 00:00:00+09:00,1354.0,1356.0,1308.0,1310.0,37400,0.0,0.0
2023-09-22 00:00:00+09:00,1293.0,1303.0,1286.0,1291.0,37600,0.0,0.0
2023-09-25 00:00:00+09:00,1290.0,1296.0,1262.0,1289.0,30700,0.0,0.0
2023-09-26 00:00:00+09:00,1285.0,1300.0,1275.0,1280.0,39300,0.0,0.0
2023-09-27 00:00:00+09:00,1277.0,1308.0,1258.0,1305.0,50600,0.0,0.0
2023-09-28 00:00:00+09:00,1300.0,1302.0,1262.0,1278.0,66200,0.0,0.0
2023-09-29 00:00:00+09:00,1302.0,1302.0,1223.0,1227.0,82800,0.0,0.0
2023-10-02 00:00:00+09:00,1215.0,1248.0,1207.0,1229.0,140700,0.0,0.0
2023-10-03 00:00:00+09:00,1131.0,1156.0,1114.0,1123.0,290900,0.0,0.0
2023-10-04 00:00:00+09:00,1119.0,1159.0,1113.0,1123.0,144300,0.0,0.0
2023-10-05 00:00:00+09:00,1125.0,1182.0,1125.0,1176.0,132300,0.0,0.0
2023-10-06 00:00:00+09:00,1186.0,1239.0,1179.0,1189.0,86000,0.0,0.0
2023-10-10 00:00:00+09:00,1192.0,1205.0,1154.0,1176.0,102800,0.0,0.0
2023-10-11 00:00:00+09:00,1183.0,1183.0,1152.0,1158.0,59300,0.0,0.0
2023-10-12 00:00:00+09:00,1168.0,1176.0,1155.0,1175.0,142000,0.0,0.0
2023-10-13 00:00:00+09:00,1175.0,1181.0,1148.0,1149.0,50500,0.0,0.0
2023-10-16 00:00:00+09:00,1140.0,1140.0,1094.0,1112.0,68700,0.0,0.0
2023-10-17 00:00:00+09:00,1134.0,1134.0,1111.0,1121.0,41800,0.0,0.0
2023-10-18 00:00:00+09:00,1121.0,1155.0,1112.0,1153.0,39100,0.0,0.0
2023-10-19 00:00:00+09:00,1131.0,1152.0,1131.0,1147.0,27300,0.0,0.0
2023-10-20 00:00:00+09:00,1155.0,1159.0,1143.0,1152.0,25400,0.0,0.0
2023-10-23 00:00:00+09:00,1152.0,1191.0,1152.0,1185.0,45600,0.0,0.0
2023-10-24 00:00:00+09:00,1184.0,1191.0,1145.0,1178.0,39800,0.0,0.0
2023-10-25 00:00:00+09:00,1170.0,1230.0,1170.0,1208.0,36900,0.0,0.0
2023-10-26 00:00:00+09:00,1202.0,1214.0,1185.0,1193.0,39900,0.0,0.0
2023-10-27 00:00:00+09:00,1212.0,1260.0,1208.0,1255.0,34600,0.0,0.0
2023-10-30 00:00:00+09:00,1249.0,1270.0,1236.0,1263.0,72300,0.0,0.0
2023-10-31 00:00:00+09:00,1280.0,1304.0,1270.0,1304.0,63100,0.0,0.0
2023-11-01 00:00:00+09:00,1319.0,1335.0,1291.0,1335.0,77700,0.0,0.0
2023-11-02 00:00:00+09:00,1343.0,1363.0,1329.0,1362.0,48700,0.0,0.0
2023-11-06 00:00:00+09:00,1381.0,1410.0,1372.0,1388.0,82900,0.0,0.0
2023-11-07 00:00:00+09:00,1388.0,1415.0,1385.0,1396.0,60000,0.0,0.0
2023-11-08 00:00:00+09:00,1395.0,1406.0,1342.0,1360.0,35300,0.0,0.0
2023-11-09 00:00:00+09:00,1360.0,1391.0,1354.0,1390.0,27300,0.0,0.0
2023-11-10 00:00:00+09:00,1390.0,1400.0,1362.0,1376.0,30500,0.0,0.0
2023-11-13 00:00:00+09:00,1390.0,1437.0,1380.0,1436.0,64200,0.0,0.0
2023-11-14 00:00:00+09:00,1443.0,1443.0,1420.0,1430.0,35000,0.0,0.0
2023-11-15 00:00:00+09:00,1434.0,1449.0,1419.0,1443.0,37400,0.0,0.0
2023-11-16 00:00:00+09:00,1429.0,1432.0,1383.0,1384.0,36500,0.0,0.0
2023-11-17 00:00:00+09:00,1385.0,1408.0,1382.0,1389.0,23600,0.0,0.0
2023-11-20 00:00:00+09:00,1383.0,1385.0,1351.0,1360.0,29100,0.0,0.0
2023-11-21 00:00:00+09:00,1373.0,1406.0,1371.0,1405.0,25800,0.0,0.0
2023-11-22 00:00:00+09:00,1404.0,1435.0,1400.0,1425.0,18700,0.0,0.0
2023-11-24 00:00:00+09:00,1420.0,1439.0,1417.0,1420.0,20000,0.0,0.0
2023-11-27 00:00:00+09:00,1430.0,1450.0,1428.0,1444.0,25700,0.0,0.0
2023-11-28 00:00:00+09:00,1447.0,1475.0,1447.0,1463.0,41900,0.0,0.0
2023-11-29 00:00:00+09:00,1461.0,1465.0,1420.0,1435.0,25600,0.0,0.0
2023-11-30 00:00:00+09:00,1442.0,1448.0,1421.0,1433.0,21100,0.0,0.0
2023-12-01 00:00:00+09:00,1438.0,1438.0,1402.0,1411.0,29700,0.0,0.0
2023-12-04 00:00:00+09:00,1415.0,1430.0,1408.0,1426.0,24300,0.0,0.0
2023-12-05 00:00:00+09:00,1417.0,1440.0,1394.0,1394.0,32700,0.0,0.0
2023-12-06 00:00:00+09:00,1395.0,1422.0,1393.0,1410.0,28100,0.0,0.0
2023-12-07 00:00:00+09:00,1399.0,1432.0,1390.0,1421.0,29500,0.0,0.0
2023-12-08 00:00:00+09:00,1422.0,1431.0,1399.0,1419.0,32600,0.0,0.0
2023-12-11 00:00:00+09:00,1417.0,1461.0,1411.0,1461.0,35500,0.0,0.0
2023-12-12 00:00:00+09:00,1460.0,1475.0,1442.0,1453.0,41100,0.0,0.0
2023-12-13 00:00:00+09:00,1455.0,1482.0,1443.0,1469.0,35800,0.0,0.0
2023-12-14 00:00:00+09:00,1469.0,1469.0,1407.0,1417.0,32600,0.0,0.0
2023-12-15 00:00:00+09:00,1409.0,1429.0,1342.0,1350.0,46200,0.0,0.0
2023-12-18 00:00:00+09:00,1340.0,1352.0,1317.0,1348.0,21500,0.0,0.0
2023-12-19 00:00:00+09:00,1365.0,1403.0,1362.0,1403.0,38300,0.0,0.0
2023-12-20 00:00:00+09:00,1423.0,1457.0,1410.0,1410.0,39800,0.0,0.0
2023-12-21 00:00:00+09:00,1410.0,1419.0,1386.0,1408.0,28500,0.0,0.0
2023-12-22 00:00:00+09:00,1408.0,1440.0,1404.0,1440.0,17200,0.0,0.0
2023-12-25 00:00:00+09:00,1380.0,1479.0,1380.0,1479.0,63000,0.0,0.0
2023-12-26 00:00:00+09:00,1484.0,1513.0,1471.0,1512.0,75600,0.0,0.0
2023-12-27 00:00:00+09:00,1473.0,1521.0,1472.0,1521.0,60700,0.0,0.0
2023-12-28 00:00:00+09:00,1627.0,1830.0,1627.0,1787.0,664700,0.0,0.0
2023-12-29 00:00:00+09:00,1827.0,1900.0,1718.0,1804.0,379300,0.0,0.0
2024-01-04 00:00:00+09:00,1800.0,1826.0,1727.0,1824.0,131600,0.0,0.0
2024-01-05 00:00:00+09:00,1823.0,1879.0,1784.0,1877.0,103400,0.0,0.0
2024-01-09 00:00:00+09:00,1850.0,1950.0,1850.0,1950.0,157600,0.0,0.0
2024-01-10 00:00:00+09:00,1875.0,1891.0,1841.0,1854.0,86700,0.0,0.0
2024-01-11 00:00:00+09:00,1867.0,1909.0,1857.0,1888.0,83300,0.0,0.0
2024-01-12 00:00:00+09:00,1880.0,1910.0,1846.0,1851.0,51400,0.0,0.0
2024-01-15 00:00:00+09:00,1836.0,1836.0,1818.0,1819.0,5600,0.0,0.0
2024-01-16 00:00:00+09:00,1836.0,1836.0,1750.0,1750.0,72900,0.0,0.0
2024-01-17 00:00:00+09:00,1750.0,1772.0,1692.0,1730.0,80900,0.0,0.0
2024-01-18 00:00:00+09:00,1747.0,1765.0,1730.0,1757.0,38400,0.0,0.0
2024-01-19 00:00:00+09:00,1780.0,1826.0,1766.0,1766.0,66600,0.0,0.0
2024-01-22 00:00:00+09:00,1804.0,1829.0,1787.0,1821.0,68000,0.0,0.0
2024-01-23 00:00:00+09:00,1825.0,1840.0,1795.0,1807.0,38400,0.0,0.0
2024-01-24 00:00:00+09:00,1796.0,1806.0,1780.0,1788.0,33400,0.0,0.0
2024-01-25 00:00:00+09:00,1775.0,1785.0,1756.0,1766.0,35700,0.0,0.0
2024-01-26 00:00:00+09:00,1746.0,1752.0,1727.0,1727.0,121000,0.0,0.0
2024-01-29 00:00:00+09:00,1748.0,1811.0,1747.0,1811.0,50500,0.0,0.0
2024-01-30 00:00:00+09:00,1837.0,1860.0,1826.0,1853.0,49400,0.0,0.0
2024-01-31 00:00:00+09:00,1876.0,1896.0,1827.0,1861.0,39900,0.0,0.0
2024-02-01 00:00:00+09:00,1855.0,1861.0,1831.0,1831.0,36400,0.0,0.0
2024-02-02 00:00:00+09:00,1810.0,1810.0,1752.0,1788.0,180300,0.0,0.0
2024-02-05 00:00:00+09:00,1828.0,1855.0,1777.0,1845.0,100800,0.0,0.0
2024-02-06 00:00:00+09:00,1835.0,1895.0,1821.0,1895.0,58200,0.0,0.0
2024-02-07 00:00:00+09:00,1870.0,1897.0,1848.0,1864.0,80400,0.0,0.0
2024-02-08 00:00:00+09:00,1845.0,1860.0,1805.0,1845.0,71500,0.0,0.0
2024-02-09 00:00:00+09:00,1843.0,1885.0,1840.0,1845.0,52100,0.0,0.0
2024-02-13 00:00:00+09:00,1872.0,1897.0,1867.0,1897.0,52100,0.0,0.0
2024-02-14 00:00:00+09:00,1880.0,1915.0,1859.0,1906.0,89300,0.0,0.0
2024-02-15 00:00:00+09:00,1939.0,1960.0,1874.0,1939.0,55000,0.0,0.0
2024-02-16 00:00:00+09:00,1921.0,1950.0,1852.0,1852.0,192000,0.0,0.0
2024-02-19 00:00:00+09:00,1860.0,1891.0,1813.0,1827.0,199900,0.0,0.0
2024-02-20 00:00:00+09:00,1827.0,1827.0,1761.0,1762.0,48500,0.0,0.0
2024-02-21 00:00:00+09:00,1749.0,1749.0,1701.0,1723.0,41900,0.0,0.0
2024-02-22 00:00:00+09:00,1712.0,1767.0,1698.0,1767.0,39900,0.0,0.0
2024-02-26 00:00:00+09:00,1741.0,1835.0,1704.0,1819.0,59700,0.0,0.0
2024-02-27 00:00:00+09:00,1779.0,1803.0,1743.0,1750.0,59900,0.0,0.0
2024-02-28 00:00:00+09:00,1710.0,1739.0,1705.0,1713.0,54800,0.0,0.0
2024-02-29 00:00:00+09:00,1686.0,1686.0,1617.0,1619.0,58700,0.0,0.0
2024-03-01 00:00:00+09:00,1619.0,1639.0,1590.0,1594.0,70200,0.0,0.0
2024-03-04 00:00:00+09:00,1599.0,1612.0,1567.0,1592.0,61200,0.0,0.0
2024-03-05 00:00:00+09:00,1569.0,1610.0,1559.0,1602.0,36000,0.0,0.0
2024-03-06 00:00:00+09:00,1573.0,1626.0,1553.0,1585.0,34800,0.0,0.0
2024-03-07 00:00:00+09:00,1599.0,1609.0,1558.0,1571.0,36200,0.0,0.0
2024-03-08 00:00:00+09:00,1539.0,1550.0,1465.0,1470.0,128200,0.0,0.0
2024-03-11 00:00:00+09:00,1463.0,1500.0,1441.0,1471.0,72100,0.0,0.0
2024-03-12 00:00:00+09:00,1443.0,1529.0,1438.0,1529.0,74000,0.0,0.0
2024-03-13 00:00:00+09:00,1527.0,1547.0,1481.0,1508.0,53300,0.0,0.0
2024-03-14 00:00:00+09:00,1510.0,1528.0,1494.0,1528.0,24600,0.0,0.0
2024-03-15 00:00:00+09:00,1515.0,1526.0,1500.0,1522.0,40100,0.0,0.0
2024-03-18 00:00:00+09:00,1518.0,1541.0,1503.0,1508.0,30600,0.0,0.0
2024-03-19 00:00:00+09:00,1498.0,1518.0,1488.0,1514.0,32200,0.0,0.0
2024-03-21 00:00:00+09:00,1514.0,1521.0,1485.0,1490.0,37200,0.0,0.0
2024-03-22 00:00:00+09:00,1490.0,1500.0,1473.0,1492.0,37100,0.0,0.0
2024-03-25 00:00:00+09:00,1478.0,1486.0,1444.0,1446.0,33400,0.0,0.0
2024-03-26 00:00:00+09:00,1430.0,1452.0,1414.0,1438.0,56700,0.0,0.0
2024-03-27 00:00:00+09:00,1434.0,1470.0,1428.0,1455.0,59200,0.0,0.0
2024-03-28 00:00:00+09:00,1455.0,1455.0,1380.0,1391.0,66900,0.0,0.0
2024-03-29 00:00:00+09:00,1385.0,1423.0,1384.0,1408.0,43600,0.0,0.0
2024-04-01 00:00:00+09:00,1396.0,1396.0,1334.0,1341.0,64700,0.0,0.0
2024-04-02 00:00:00+09:00,1369.0,1369.0,1331.0,1346.0,63400,0.0,0.0
2024-04-03 00:00:00+09:00,1331.0,1387.0,1313.0,1373.0,79400,0.0,0.0
2024-04-04 00:00:00+09:00,1373.0,1373.0,1332.0,1337.0,50300,0.0,0.0
2024-04-05 00:00:00+09:00,1316.0,1347.0,1314.0,1339.0,105300,0.0,0.0
2024-04-08 00:00:00+09:00,1287.0,1292.0,1200.0,1206.0,278700,0.0,0.0
2024-04-09 00:00:00+09:00,1203.0,1204.0,1175.0,1179.0,141400,0.0,0.0
2024-04-10 00:00:00+09:00,1179.0,1179.0,1131.0,1131.0,150000,0.0,0.0
2024-04-11 00:00:00+09:00,1130.0,1142.0,1085.0,1087.0,162400,0.0,0.0
2024-04-12 00:00:00+09:00,1087.0,1087.0,1048.0,1057.0,126600,0.0,0.0
2024-04-15 00:00:00+09:00,1060.0,1079.0,1048.0,1060.0,76500,0.0,0.0
2024-04-16 00:00:00+09:00,1045.0,1051.0,1026.0,1029.0,71300,0.0,0.0
2024-04-17 00:00:00+09:00,1026.0,1059.0,1025.0,1025.0,60600,0.0,0.0
2024-04-18 00:00:00+09:00,1027.0,1071.0,1025.0,1065.0,67300,0.0,0.0
2024-04-19 00:00:00+09:00,1056.0,1057.0,992.0,996.0,165100,0.0,0.0
2024-04-22 00:00:00+09:00,1011.0,1025.0,1004.0,1005.0,73500,0.0,0.0
2024-04-23 00:00:00+09:00,1010.0,1024.0,1007.0,1021.0,39800,0.0,0.0
2024-04-24 00:00:00+09:00,1016.0,1016.0,1002.0,1004.0,58900,0.0,0.0
2024-04-25 00:00:00+09:00,1000.0,1005.0,992.0,992.0,56000,0.0,0.0
2024-04-26 00:00:00+09:00,991.0,1010.0,985.0,1009.0,69800,0.0,0.0
2024-04-30 00:00:00+09:00,1013.0,1015.0,1001.0,1013.0,61800,0.0,0.0
2024-05-01 00:00:00+09:00,1009.0,1013.0,999.0,1000.0,46100,0.0,0.0
2024-05-02 00:00:00+09:00,1005.0,1029.0,1005.0,1020.0,42600,0.0,0.0
2024-05-07 00:00:00+09:00,1023.0,1053.0,1023.0,1050.0,52500,0.0,0.0
2024-05-08 00:00:00+09:00,1055.0,1084.0,1055.0,1077.0,84600,0.0,0.0
2024-05-09 00:00:00+09:00,1083.0,1086.0,1042.0,1047.0,51500,0.0,0.0
2024-05-10 00:00:00+09:00,1049.0,1051.0,1029.0,1029.0,28200,0.0,0.0
2024-05-13 00:00:00+09:00,1028.0,1065.0,1028.0,1065.0,24500,0.0,0.0
2024-05-14 00:00:00+09:00,1060.0,1064.0,1049.0,1064.0,25100,0.0,0.0
2024-05-15 00:00:00+09:00,1075.0,1084.0,1064.0,1076.0,26700,0.0,0.0
2024-05-16 00:00:00+09:00,1076.0,1098.0,1062.0,1089.0,38800,0.0,0.0
2024-05-17 00:00:00+09:00,1087.0,1110.0,1080.0,1093.0,41100,0.0,0.0
2024-05-20 00:00:00+09:00,1093.0,1114.0,1092.0,1104.0,42300,0.0,0.0
2024-05-21 00:00:00+09:00,1110.0,1111.0,1089.0,1092.0,25200,0.0,0.0
2024-05-22 00:00:00+09:00,1100.0,1103.0,1073.0,1080.0,50300,0.0,0.0
2024-05-23 00:00:00+09:00,1080.0,1089.0,1063.0,1086.0,23600,0.0,0.0
2024-05-24 00:00:00+09:00,1078.0,1096.0,1075.0,1096.0,19700,0.0,0.0
2024-05-27 00:00:00+09:00,1095.0,1095.0,1077.0,1088.0,16800,0.0,0.0
2024-05-28 00:00:00+09:00,1078.0,1088.0,1071.0,1074.0,26800,0.0,0.0
2024-05-29 00:00:00+09:00,1074.0,1079.0,1045.0,1048.0,27600,0.0,0.0
2024-05-30 00:00:00+09:00,1042.0,1068.0,1038.0,1053.0,37900,0.0,0.0
2024-05-31 00:00:00+09:00,1060.0,1065.0,1050.0,1059.0,39200,0.0,0.0
2024-06-03 00:00:00+09:00,1059.0,1060.0,1038.0,1042.0,41400,0.0,0.0
2024-06-04 00:00:00+09:00,1050.0,1068.0,1046.0,1046.0,40500,0.0,0.0
2024-06-05 00:00:00+09:00,1042.0,1045.0,1018.0,1029.0,55500,0.0,0.0
2024-06-06 00:00:00+09:00,1044.0,1044.0,1010.0,1011.0,38600,0.0,0.0
2024-06-07 00:00:00+09:00,1021.0,1032.0,1015.0,1029.0,29000,0.0,0.0
2024-06-10 00:00:00+09:00,1032.0,1070.0,1029.0,1070.0,39000,0.0,0.0
2024-06-11 00:00:00+09:00,1070.0,1074.0,1057.0,1057.0,26400,0.0,0.0
2024-06-12 00:00:00+09:00,1051.0,1063.0,1046.0,1053.0,17400,0.0,0.0
2024-06-13 00:00:00+09:00,1052.0,1059.0,1045.0,1045.0,24300,0.0,0.0
2024-06-14 00:00:00+09:00,1031.0,1075.0,1031.0,1063.0,56600,0.0,0.0
2024-06-17 00:00:00+09:00,1050.0,1058.0,1042.0,1055.0,34900,0.0,0.0
2024-06-18 00:00:00+09:00,1066.0,1071.0,1056.0,1071.0,32000,0.0,0.0
2024-06-19 00:00:00+09:00,1078.0,1103.0,1078.0,1095.0,73600,0.0,0.0
2024-06-20 00:00:00+09:00,1097.0,1114.0,1075.0,1099.0,65400,0.0,0.0
2024-06-21 00:00:00+09:00,1093.0,1100.0,1080.0,1094.0,99200,0.0,0.0
2024-06-24 00:00:00+09:00,1103.0,1103.0,1075.0,1081.0,57600,0.0,0.0
2024-06-25 00:00:00+09:00,1082.0,1108.0,1073.0,1083.0,93000,0.0,0.0
2024-06-26 00:00:00+09:00,1096.0,1096.0,1052.0,1073.0,145200,0.0,0.0
2024-06-27 00:00:00+09:00,1086.0,1123.0,1053.0,1105.0,135500,0.0,0.0
2024-06-28 00:00:00+09:00,1118.0,1135.0,1099.0,1101.0,43600,0.0,0.0
2024-07-01 00:00:00+09:00,1128.0,1157.0,1079.0,1097.0,70900,0.0,0.0
2024-07-02 00:00:00+09:00,1106.0,1116.0,1075.0,1075.0,41700,0.0,0.0
2024-07-03 00:00:00+09:00,1076.0,1085.0,1065.0,1072.0,21400,0.0,0.0
2024-07-04 00:00:00+09:00,1079.0,1087.0,1059.0,1072.0,22800,0.0,0.0
2024-07-05 00:00:00+09:00,1072.0,1072.0,1062.0,1065.0,24600,0.0,0.0
2024-07-08 00:00:00+09:00,1065.0,1065.0,1048.0,1061.0,27500,0.0,0.0
2024-07-09 00:00:00+09:00,1068.0,1071.0,1047.0,1057.0,51300,0.0,0.0
2024-07-10 00:00:00+09:00,1067.0,1067.0,1045.0,1049.0,30300,0.0,0.0
2024-07-11 00:00:00+09:00,1065.0,1071.0,1045.0,1064.0,38900,0.0,0.0
2024-07-12 00:00:00+09:00,1061.0,1098.0,1061.0,1085.0,49800,0.0,0.0
2024-07-16 00:00:00+09:00,1085.0,1089.0,1068.0,1068.0,33300,0.0,0.0
2024-07-17 00:00:00+09:00,1078.0,1079.0,1054.0,1060.0,40300,0.0,0.0
2024-07-18 00:00:00+09:00,1055.0,1058.0,1027.0,1034.0,72400,0.0,0.0
2024-07-19 00:00:00+09:00,1029.0,1029.0,1010.0,1010.0,66400,0.0,0.0
2024-07-22 00:00:00+09:00,1011.0,1023.0,996.0,1003.0,59100,0.0,0.0
2024-07-23 00:00:00+09:00,1033.0,1217.0,1010.0,1170.0,524700,0.0,0.0
2024-07-24 00:00:00+09:00,1110.0,1131.0,1054.0,1062.0,128500,0.0,0.0
2024-07-25 00:00:00+09:00,1065.0,1065.0,1028.0,1028.0,66200,0.0,0.0
2024-07-26 00:00:00+09:00,1027.0,1053.0,1021.0,1041.0,56100,0.0,0.0
2024-07-29 00:00:00+09:00,1053.0,1063.0,1042.0,1054.0,26900,0.0,0.0
2024-07-30 00:00:00+09:00,1057.0,1084.0,1048.0,1074.0,46000,0.0,0.0
2024-07-31 00:00:00+09:00,1088.0,1110.0,1066.0,1110.0,51800,0.0,0.0
2024-08-01 00:00:00+09:00,1109.0,1114.0,1049.0,1069.0,27100,0.0,0.0
2024-08-02 00:00:00+09:00,1066.0,1072.0,1018.0,1018.0,51600,0.0,0.0
2024-08-05 00:00:00+09:00,999.0,1016.0,939.0,944.0,50400,0.0,0.0
2024-08-06 00:00:00+09:00,959.0,1025.0,959.0,1016.0,47400,0.0,0.0
2024-08-07 00:00:00+09:00,989.0,1045.0,988.0,1028.0,24700,0.0,0.0
2024-08-08 00:00:00+09:00,1037.0,1066.0,1023.0,1030.0,28300,0.0,0.0
2024-08-09 00:00:00+09:00,1060.0,1075.0,1042.0,1063.0,31600,0.0,0.0
2024-08-13 00:00:00+09:00,1064.0,1069.0,1059.0,1060.0,8900,0.0,0.0
2024-08-14 00:00:00+09:00,1062.0,1120.0,1047.0,1120.0,54900,0.0,0.0
2024-08-15 00:00:00+09:00,1120.0,1154.0,1104.0,1150.0,63000,0.0,0.0
2024-08-16 00:00:00+09:00,1150.0,1216.0,1150.0,1216.0,87200,0.0,0.0
2024-08-19 00:00:00+09:00,1204.0,1227.0,1126.0,1166.0,66700,0.0,0.0
2024-08-20 00:00:00+09:00,1172.0,1179.0,1131.0,1131.0,23600,0.0,0.0
2024-08-21 00:00:00+09:00,1159.0,1168.0,1141.0,1150.0,18600,0.0,0.0
2024-08-22 00:00:00+09:00,1155.0,1210.0,1155.0,1157.0,18400,0.0,0.0
2024-08-23 00:00:00+09:00,1174.0,1199.0,1167.0,1191.0,23100,0.0,0.0
