Date,Open,High,Low,Close,Volume,Dividends,Stock Splits,Capital Gains
2023-07-31 00:00:00+09:00,25000.0,25000.0,25000.0,25000.0,0,0.0,0.0,0.0
2023-08-01 00:00:00+09:00,25000.0,25000.0,25000.0,25000.0,0,0.0,0.0,0.0
2023-08-02 00:00:00+09:00,25000.0,25000.0,25000.0,25000.0,0,0.0,0.0,0.0
2023-08-03 00:00:00+09:00,25000.0,25000.0,25000.0,25000.0,0,0.0,0.0,0.0
2023-08-04 00:00:00+09:00,25000.0,25000.0,25000.0,25000.0,0,0.0,0.0,0.0
2023-08-07 00:00:00+09:00,25000.0,25000.0,25000.0,25000.0,0,0.0,0.0,0.0
2023-08-08 00:00:00+09:00,25000.0,25000.0,25000.0,25000.0,0,0.0,0.0,0.0
2023-08-09 00:00:00+09:00,25000.0,25000.0,25000.0,25000.0,0,0.0,0.0,0.0
2023-08-10 00:00:00+09:00,25000.0,25000.0,25000.0,25000.0,0,0.0,0.0,0.0
2023-08-11 00:00:00+09:00,25000.0,25000.0,25000.0,25000.0,0,0.0,0.0,0.0
2023-08-14 00:00:00+09:00,25000.0,25000.0,25000.0,25000.0,0,0.0,0.0,0.0
2023-08-16 00:00:00+09:00,25000.0,25000.0,25000.0,25000.0,0,0.0,0.0,0.0
2023-08-17 00:00:00+09:00,25000.0,25000.0,25000.0,25000.0,0,0.0,0.0,0.0
2023-08-18 00:00:00+09:00,25000.0,25000.0,25000.0,25000.0,0,0.0,0.0,0.0
2023-08-21 00:00:00+09:00,25000.0,25000.0,25000.0,25000.0,0,0.0,0.0,0.0
2023-08-22 00:00:00+09:00,25000.0,25000.0,25000.0,25000.0,0,0.0,0.0,0.0
2023-08-23 00:00:00+09:00,25000.0,25000.0,25000.0,25000.0,0,0.0,0.0,0.0
2023-08-24 00:00:00+09:00,25000.0,25000.0,25000.0,25000.0,0,0.0,0.0,0.0
2023-08-25 00:00:00+09:00,25000.0,25000.0,25000.0,25000.0,0,0.0,0.0,0.0
2023-08-28 00:00:00+09:00,25000.0,25000.0,25000.0,25000.0,0,0.0,0.0,0.0
2023-08-29 00:00:00+09:00,25000.0,25000.0,25000.0,25000.0,0,0.0,0.0,0.0
2023-08-30 00:00:00+09:00,25000.0,25000.0,25000.0,25000.0,0,0.0,0.0,0.0
2023-08-31 00:00:00+09:00,25000.0,25000.0,25000.0,25000.0,0,0.0,0.0,0.0
2023-09-01 00:00:00+09:00,25000.0,25000.0,25000.0,25000.0,0,0.0,0.0,0.0
2023-09-04 00:00:00+09:00,25000.0,25000.0,25000.0,25000.0,0,0.0,0.0,0.0
2023-09-05 00:00:00+09:00,25000.0,25000.0,25000.0,25000.0,0,0.0,0.0,0.0
2023-09-06 00:00:00+09:00,25000.0,25000.0,25000.0,25000.0,0,0.0,0.0,0.0
2023-09-07 00:00:00+09:00,25000.0,25000.0,25000.0,25000.0,0,0.0,0.0,0.0
2023-09-08 00:00:00+09:00,25000.0,25000.0,25000.0,25000.0,0,0.0,0.0,0.0
2023-09-11 00:00:00+09:00,25000.0,25000.0,25000.0,25000.0,0,0.0,0.0,0.0
2023-09-12 00:00:00+09:00,25000.0,25000.0,25000.0,25000.0,0,0.0,0.0,0.0
2023-09-13 00:00:00+09:00,25000.0,25000.0,25000.0,25000.0,0,0.0,0.0,0.0
2023-09-14 00:00:00+09:00,25000.0,25000.0,25000.0,25000.0,0,0.0,0.0,0.0
2023-09-15 00:00:00+09:00,25000.0,25000.0,25000.0,25000.0,0,0.0,0.0,0.0
2023-09-18 00:00:00+09:00,25000.0,25000.0,25000.0,25000.0,0,0.0,0.0,0.0
2023-09-19 00:00:00+09:00,25000.0,25000.0,25000.0,25000.0,0,0.0,0.0,0.0
2023-09-20 00:00:00+09:00,25000.0,25000.0,25000.0,25000.0,0,0.0,0.0,0.0
2023-09-21 00:00:00+09:00,25000.0,25000.0,25000.0,25000.0,0,0.0,0.0,0.0
2023-09-22 00:00:00+09:00,25000.0,25000.0,25000.0,25000.0,0,0.0,0.0,0.0
2023-09-25 00:00:00+09:00,25000.0,25000.0,25000.0,25000.0,0,0.0,0.0,0.0
2023-09-26 00:00:00+09:00,25000.0,25000.0,25000.0,25000.0,0,0.0,0.0,0.0
2023-09-27 00:00:00+09:00,25000.0,25000.0,25000.0,25000.0,0,0.0,0.0,0.0
2023-10-04 00:00:00+09:00,25000.0,25000.0,25000.0,25000.0,0,0.0,0.0,0.0
2023-10-05 00:00:00+09:00,25000.0,25000.0,25000.0,25000.0,0,0.0,0.0,0.0
2023-10-06 00:00:00+09:00,25000.0,25000.0,25000.0,25000.0,0,0.0,0.0,0.0
2023-10-10 00:00:00+09:00,25000.0,25000.0,25000.0,25000.0,0,0.0,0.0,0.0
2023-10-11 00:00:00+09:00,25000.0,25000.0,25000.0,25000.0,0,0.0,0.0,0.0
2023-10-12 00:00:00+09:00,25000.0,25000.0,25000.0,25000.0,0,0.0,0.0,0.0
2023-10-13 00:00:00+09:00,25000.0,25000.0,25000.0,25000.0,0,0.0,0.0,0.0
2023-10-16 00:00:00+09:00,25000.0,25000.0,25000.0,25000.0,0,0.0,0.0,0.0
2023-10-17 00:00:00+09:00,25000.0,25000.0,25000.0,25000.0,0,0.0,0.0,0.0
2023-10-18 00:00:00+09:00,25000.0,25000.0,25000.0,25000.0,0,0.0,0.0,0.0
2023-10-19 00:00:00+09:00,25000.0,25000.0,25000.0,25000.0,0,0.0,0.0,0.0
2023-10-20 00:00:00+09:00,25000.0,25000.0,25000.0,25000.0,0,0.0,0.0,0.0
2023-10-23 00:00:00+09:00,25000.0,25000.0,25000.0,25000.0,0,0.0,0.0,0.0
2023-10-24 00:00:00+09:00,25000.0,25000.0,25000.0,25000.0,0,0.0,0.0,0.0
2023-10-25 00:00:00+09:00,25000.0,25000.0,25000.0,25000.0,0,0.0,0.0,0.0
2023-10-26 00:00:00+09:00,25000.0,25000.0,25000.0,25000.0,0,0.0,0.0,0.0
2023-10-27 00:00:00+09:00,25000.0,25000.0,25000.0,25000.0,0,0.0,0.0,0.0
2023-10-30 00:00:00+09:00,25000.0,25000.0,25000.0,25000.0,0,0.0,0.0,0.0
2023-10-31 00:00:00+09:00,25000.0,25000.0,25000.0,25000.0,0,0.0,0.0,0.0
2023-11-01 00:00:00+09:00,25000.0,25000.0,25000.0,25000.0,0,0.0,0.0,0.0
2023-11-02 00:00:00+09:00,25000.0,25000.0,25000.0,25000.0,0,0.0,0.0,0.0
2023-11-03 00:00:00+09:00,25000.0,25000.0,25000.0,25000.0,0,0.0,0.0,0.0
2023-11-06 00:00:00+09:00,25000.0,25000.0,25000.0,25000.0,0,0.0,0.0,0.0
2023-11-07 00:00:00+09:00,25000.0,25000.0,25000.0,25000.0,0,0.0,0.0,0.0
2023-11-08 00:00:00+09:00,25000.0,25000.0,25000.0,25000.0,0,0.0,0.0,0.0
2023-11-09 00:00:00+09:00,25000.0,25000.0,25000.0,25000.0,0,0.0,0.0,0.0
2023-11-10 00:00:00+09:00,25000.0,25000.0,25000.0,25000.0,0,0.0,0.0,0.0
2023-11-13 00:00:00+09:00,25000.0,25000.0,25000.0,25000.0,0,0.0,0.0,0.0
2023-11-14 00:00:00+09:00,25000.0,25000.0,25000.0,25000.0,0,0.0,0.0,0.0
2023-11-15 00:00:00+09:00,25000.0,25000.0,25000.0,25000.0,0,0.0,0.0,0.0
2023-11-16 00:00:00+09:00,25000.0,25000.0,25000.0,25000.0,0,0.0,0.0,0.0
2023-11-17 00:00:00+09:00,25000.0,25000.0,25000.0,25000.0,0,0.0,0.0,0.0
2023-11-20 00:00:00+09:00,25000.0,25000.0,25000.0,25000.0,0,0.0,0.0,0.0
2023-11-21 00:00:00+09:00,25000.0,25000.0,25000.0,25000.0,0,0.0,0.0,0.0
2023-11-22 00:00:00+09:00,25000.0,25000.0,25000.0,25000.0,0,0.0,0.0,0.0
2023-11-23 00:00:00+09:00,25000.0,25000.0,25000.0,25000.0,0,0.0,0.0,0.0
2023-11-24 00:00:00+09:00,25000.0,25000.0,25000.0,25000.0,0,0.0,0.0,0.0
2023-11-27 00:00:00+09:00,25000.0,25000.0,25000.0,25000.0,0,0.0,0.0,0.0
2023-11-28 00:00:00+09:00,25000.0,25000.0,25000.0,25000.0,0,0.0,0.0,0.0
2023-11-29 00:00:00+09:00,25000.0,25000.0,25000.0,25000.0,0,0.0,0.0,0.0
2023-11-30 00:00:00+09:00,25000.0,25000.0,25000.0,25000.0,0,0.0,0.0,0.0
2023-12-01 00:00:00+09:00,25000.0,25000.0,25000.0,25000.0,0,0.0,0.0,0.0
2023-12-04 00:00:00+09:00,25000.0,25000.0,25000.0,25000.0,0,0.0,0.0,0.0
2023-12-05 00:00:00+09:00,25000.0,25000.0,25000.0,25000.0,0,0.0,0.0,0.0
2023-12-06 00:00:00+09:00,25000.0,25000.0,25000.0,25000.0,0,0.0,0.0,0.0
2023-12-07 00:00:00+09:00,25000.0,25000.0,25000.0,25000.0,0,0.0,0.0,0.0
2023-12-08 00:00:00+09:00,25000.0,25000.0,25000.0,25000.0,0,0.0,0.0,0.0
2023-12-11 00:00:00+09:00,25000.0,25000.0,25000.0,25000.0,0,0.0,0.0,0.0
2023-12-12 00:00:00+09:00,25000.0,25000.0,25000.0,25000.0,0,0.0,0.0,0.0
2023-12-13 00:00:00+09:00,25000.0,25000.0,25000.0,25000.0,0,0.0,0.0,0.0
2023-12-14 00:00:00+09:00,25000.0,25000.0,25000.0,25000.0,0,0.0,0.0,0.0
2023-12-15 00:00:00+09:00,25000.0,25000.0,25000.0,25000.0,0,0.0,0.0,0.0
2023-12-18 00:00:00+09:00,25000.0,25000.0,25000.0,25000.0,0,0.0,0.0,0.0
2023-12-19 00:00:00+09:00,25000.0,25000.0,25000.0,25000.0,0,0.0,0.0,0.0
2023-12-20 00:00:00+09:00,25000.0,25000.0,25000.0,25000.0,0,0.0,0.0,0.0
2023-12-21 00:00:00+09:00,25000.0,25000.0,25000.0,25000.0,0,0.0,0.0,0.0
2023-12-22 00:00:00+09:00,25000.0,25000.0,25000.0,25000.0,0,0.0,0.0,0.0
2023-12-26 00:00:00+09:00,25000.0,25000.0,25000.0,25000.0,0,0.0,0.0,0.0
2023-12-27 00:00:00+09:00,25000.0,25000.0,25000.0,25000.0,0,0.0,0.0,0.0
2023-12-28 00:00:00+09:00,25000.0,25000.0,25000.0,25000.0,0,0.0,0.0,0.0
2024-01-02 00:00:00+09:00,25000.0,25000.0,25000.0,25000.0,0,0.0,0.0,0.0
2024-01-03 00:00:00+09:00,25000.0,25000.0,25000.0,25000.0,0,0.0,0.0,0.0
2024-01-04 00:00:00+09:00,25000.0,25000.0,25000.0,25000.0,0,0.0,0.0,0.0
2024-01-05 00:00:00+09:00,25000.0,25000.0,25000.0,25000.0,0,0.0,0.0,0.0
2024-01-08 00:00:00+09:00,25000.0,25000.0,25000.0,25000.0,0,0.0,0.0,0.0
2024-01-09 00:00:00+09:00,25000.0,25000.0,25000.0,25000.0,0,0.0,0.0,0.0
2024-01-10 00:00:00+09:00,25000.0,25000.0,25000.0,25000.0,0,0.0,0.0,0.0
2024-01-11 00:00:00+09:00,25000.0,25000.0,25000.0,25000.0,0,0.0,0.0,0.0
2024-01-12 00:00:00+09:00,25000.0,25000.0,25000.0,25000.0,0,0.0,0.0,0.0
2024-01-15 00:00:00+09:00,25000.0,25000.0,25000.0,25000.0,0,0.0,0.0,0.0
2024-01-16 00:00:00+09:00,25000.0,25000.0,25000.0,25000.0,0,0.0,0.0,0.0
2024-01-17 00:00:00+09:00,25000.0,25000.0,25000.0,25000.0,0,0.0,0.0,0.0
2024-01-18 00:00:00+09:00,25000.0,25000.0,25000.0,25000.0,0,0.0,0.0,0.0
2024-01-19 00:00:00+09:00,25000.0,25000.0,25000.0,25000.0,0,0.0,0.0,0.0
2024-01-22 00:00:00+09:00,25000.0,25000.0,25000.0,25000.0,0,0.0,0.0,0.0
2024-01-23 00:00:00+09:00,25000.0,25000.0,25000.0,25000.0,0,0.0,0.0,0.0
2024-01-24 00:00:00+09:00,25000.0,25000.0,25000.0,25000.0,0,0.0,0.0,0.0
2024-01-25 00:00:00+09:00,25000.0,25000.0,25000.0,25000.0,0,0.0,0.0,0.0
2024-01-26 00:00:00+09:00,25000.0,25000.0,25000.0,25000.0,0,0.0,0.0,0.0
2024-01-29 00:00:00+09:00,25000.0,25000.0,25000.0,25000.0,0,0.0,0.0,0.0
2024-01-30 00:00:00+09:00,25000.0,25000.0,25000.0,25000.0,0,0.0,0.0,0.0
2024-01-31 00:00:00+09:00,25000.0,25000.0,25000.0,25000.0,0,0.0,0.0,0.0
2024-02-01 00:00:00+09:00,25000.0,25000.0,25000.0,25000.0,0,0.0,0.0,0.0
2024-02-02 00:00:00+09:00,25000.0,25000.0,25000.0,25000.0,0,0.0,0.0,0.0
2024-02-05 00:00:00+09:00,25000.0,25000.0,25000.0,25000.0,0,0.0,0.0,0.0
2024-02-06 00:00:00+09:00,25000.0,25000.0,25000.0,25000.0,0,0.0,0.0,0.0
2024-02-07 00:00:00+09:00,25000.0,25000.0,25000.0,25000.0,0,0.0,0.0,0.0
2024-02-08 00:00:00+09:00,25000.0,25000.0,25000.0,25000.0,0,0.0,0.0,0.0
2024-02-13 00:00:00+09:00,25000.0,25000.0,25000.0,25000.0,0,0.0,0.0,0.0
2024-02-14 00:00:00+09:00,25000.0,25000.0,25000.0,25000.0,0,0.0,0.0,0.0
2024-02-15 00:00:00+09:00,25000.0,25000.0,25000.0,25000.0,0,0.0,0.0,0.0
2024-02-16 00:00:00+09:00,25000.0,25000.0,25000.0,25000.0,0,0.0,0.0,0.0
2024-02-19 00:00:00+09:00,25000.0,25000.0,25000.0,25000.0,0,0.0,0.0,0.0
2024-02-20 00:00:00+09:00,25000.0,25000.0,25000.0,25000.0,0,0.0,0.0,0.0
2024-02-21 00:00:00+09:00,25000.0,25000.0,25000.0,25000.0,0,0.0,0.0,0.0
2024-02-22 00:00:00+09:00,25000.0,25000.0,25000.0,25000.0,0,0.0,0.0,0.0
2024-02-23 00:00:00+09:00,25000.0,25000.0,25000.0,25000.0,0,0.0,0.0,0.0
2024-02-26 00:00:00+09:00,25000.0,25000.0,25000.0,25000.0,0,0.0,0.0,0.0
2024-02-27 00:00:00+09:00,25000.0,25000.0,25000.0,25000.0,0,0.0,0.0,0.0
2024-02-28 00:00:00+09:00,25000.0,25000.0,25000.0,25000.0,0,0.0,0.0,0.0
2024-02-29 00:00:00+09:00,25000.0,25000.0,25000.0,25000.0,0,0.0,0.0,0.0
2024-03-04 00:00:00+09:00,25000.0,25000.0,25000.0,25000.0,0,0.0,0.0,0.0
2024-03-05 00:00:00+09:00,25000.0,25000.0,25000.0,25000.0,0,0.0,0.0,0.0
2024-03-06 00:00:00+09:00,25000.0,25000.0,25000.0,25000.0,0,0.0,0.0,0.0
2024-03-07 00:00:00+09:00,25000.0,25000.0,25000.0,25000.0,0,0.0,0.0,0.0
2024-03-08 00:00:00+09:00,25000.0,25000.0,25000.0,25000.0,0,0.0,0.0,0.0
2024-03-11 00:00:00+09:00,25000.0,25000.0,25000.0,25000.0,0,0.0,0.0,0.0
2024-03-12 00:00:00+09:00,25000.0,25000.0,25000.0,25000.0,0,0.0,0.0,0.0
2024-03-13 00:00:00+09:00,25000.0,25000.0,25000.0,25000.0,0,0.0,0.0,0.0
2024-03-14 00:00:00+09:00,25000.0,25000.0,25000.0,25000.0,0,0.0,0.0,0.0
2024-03-15 00:00:00+09:00,25000.0,25000.0,25000.0,25000.0,0,0.0,0.0,0.0
2024-03-18 00:00:00+09:00,25000.0,25000.0,25000.0,25000.0,0,0.0,0.0,0.0
2024-03-19 00:00:00+09:00,25000.0,25000.0,25000.0,25000.0,0,0.0,0.0,0.0
2024-03-20 00:00:00+09:00,25000.0,25000.0,25000.0,25000.0,0,0.0,0.0,0.0
2024-03-21 00:00:00+09:00,25000.0,25000.0,25000.0,25000.0,0,0.0,0.0,0.0
2024-03-22 00:00:00+09:00,25000.0,25000.0,25000.0,25000.0,0,0.0,0.0,0.0
2024-03-25 00:00:00+09:00,25000.0,25000.0,25000.0,25000.0,0,0.0,0.0,0.0
2024-03-26 00:00:00+09:00,25000.0,25000.0,25000.0,25000.0,0,0.0,0.0,0.0
2024-03-27 00:00:00+09:00,25000.0,25000.0,25000.0,25000.0,0,0.0,0.0,0.0
2024-03-28 00:00:00+09:00,25000.0,25000.0,25000.0,25000.0,0,0.0,0.0,0.0
2024-03-29 00:00:00+09:00,25000.0,25000.0,25000.0,25000.0,0,0.0,0.0,0.0
2024-04-01 00:00:00+09:00,25000.0,25000.0,25000.0,25000.0,0,0.0,0.0,0.0
2024-04-02 00:00:00+09:00,25000.0,25000.0,25000.0,25000.0,0,0.0,0.0,0.0
2024-04-03 00:00:00+09:00,25000.0,25000.0,25000.0,25000.0,0,0.0,0.0,0.0
2024-04-04 00:00:00+09:00,25000.0,25000.0,25000.0,25000.0,0,0.0,0.0,0.0
2024-04-05 00:00:00+09:00,24250.0,24250.0,24250.0,24250.0,100,0.0,0.0,0.0
2024-04-08 00:00:00+09:00,23550.0,23550.0,23550.0,23550.0,100,0.0,0.0,0.0
2024-04-09 00:00:00+09:00,23550.0,23550.0,23550.0,23550.0,0,0.0,0.0,0.0
2024-04-11 00:00:00+09:00,23550.0,23550.0,23550.0,23550.0,0,0.0,0.0,0.0
2024-04-12 00:00:00+09:00,23550.0,23550.0,23550.0,23550.0,0,0.0,0.0,0.0
2024-04-15 00:00:00+09:00,23550.0,23550.0,23550.0,23550.0,0,0.0,0.0,0.0
2024-04-16 00:00:00+09:00,23550.0,23550.0,23550.0,23550.0,0,0.0,0.0,0.0
2024-04-17 00:00:00+09:00,23550.0,23550.0,23550.0,23550.0,0,0.0,0.0,0.0
2024-04-18 00:00:00+09:00,23550.0,23550.0,23550.0,23550.0,0,0.0,0.0,0.0
2024-04-19 00:00:00+09:00,23550.0,23550.0,23550.0,23550.0,0,0.0,0.0,0.0
2024-04-22 00:00:00+09:00,23550.0,23550.0,23550.0,23550.0,0,0.0,0.0,0.0
2024-04-23 00:00:00+09:00,23550.0,23550.0,23550.0,23550.0,0,0.0,0.0,0.0
2024-04-24 00:00:00+09:00,23550.0,23550.0,23550.0,23550.0,0,0.0,0.0,0.0
2024-04-25 00:00:00+09:00,23550.0,23550.0,23550.0,23550.0,0,0.0,0.0,0.0
2024-04-26 00:00:00+09:00,23550.0,23550.0,23550.0,23550.0,0,0.0,0.0,0.0
2024-04-29 00:00:00+09:00,23550.0,23550.0,23550.0,23550.0,0,0.0,0.0,0.0
2024-04-30 00:00:00+09:00,23550.0,23550.0,23550.0,23550.0,0,0.0,0.0,0.0
2024-05-02 00:00:00+09:00,23550.0,23550.0,23550.0,23550.0,0,0.0,0.0,0.0
2024-05-03 00:00:00+09:00,23550.0,23550.0,23550.0,23550.0,0,0.0,0.0,0.0
2024-05-07 00:00:00+09:00,23550.0,23550.0,23550.0,23550.0,0,0.0,0.0,0.0
2024-05-08 00:00:00+09:00,23550.0,23550.0,23550.0,23550.0,0,0.0,0.0,0.0
2024-05-09 00:00:00+09:00,23550.0,23550.0,23550.0,23550.0,0,0.0,0.0,0.0
2024-05-10 00:00:00+09:00,23550.0,23550.0,23550.0,23550.0,0,0.0,0.0,0.0
2024-05-13 00:00:00+09:00,23550.0,23550.0,23550.0,23550.0,0,0.0,0.0,0.0
2024-05-14 00:00:00+09:00,23550.0,23550.0,23550.0,23550.0,0,0.0,0.0,0.0
2024-05-16 00:00:00+09:00,23550.0,23550.0,23550.0,23550.0,0,0.0,0.0,0.0
2024-05-17 00:00:00+09:00,23550.0,23550.0,23550.0,23550.0,0,0.0,0.0,0.0
2024-05-20 00:00:00+09:00,23550.0,23550.0,23550.0,23550.0,0,0.0,0.0,0.0
2024-05-21 00:00:00+09:00,23550.0,23550.0,23550.0,23550.0,0,0.0,0.0,0.0
2024-05-22 00:00:00+09:00,23550.0,23550.0,23550.0,23550.0,0,0.0,0.0,0.0
2024-05-23 00:00:00+09:00,23550.0,23550.0,23550.0,23550.0,0,0.0,0.0,0.0
2024-05-24 00:00:00+09:00,23550.0,23550.0,23550.0,23550.0,0,0.0,0.0,0.0
2024-05-27 00:00:00+09:00,23550.0,23550.0,23550.0,23550.0,0,0.0,0.0,0.0
2024-05-28 00:00:00+09:00,23550.0,23550.0,23550.0,23550.0,0,0.0,0.0,0.0
2024-05-29 00:00:00+09:00,23550.0,23550.0,23550.0,23550.0,0,0.0,0.0,0.0
2024-05-30 00:00:00+09:00,23550.0,23550.0,23550.0,23550.0,0,0.0,0.0,0.0
2024-05-31 00:00:00+09:00,23550.0,23550.0,23550.0,23550.0,0,0.0,0.0,0.0
2024-06-03 00:00:00+09:00,23550.0,23550.0,23550.0,23550.0,0,0.0,0.0,0.0
2024-06-04 00:00:00+09:00,23550.0,23550.0,23550.0,23550.0,0,0.0,0.0,0.0
2024-06-05 00:00:00+09:00,23550.0,23550.0,23550.0,23550.0,0,0.0,0.0,0.0
2024-06-07 00:00:00+09:00,23550.0,23550.0,23550.0,23550.0,0,0.0,0.0,0.0
2024-06-10 00:00:00+09:00,23550.0,23550.0,23550.0,23550.0,0,0.0,0.0,0.0
2024-06-11 00:00:00+09:00,23550.0,23550.0,23550.0,23550.0,0,0.0,0.0,0.0
2024-06-12 00:00:00+09:00,23550.0,23550.0,23550.0,23550.0,0,0.0,0.0,0.0
2024-06-13 00:00:00+09:00,23550.0,23550.0,23550.0,23550.0,0,0.0,0.0,0.0
2024-06-14 00:00:00+09:00,23550.0,23550.0,23550.0,23550.0,0,0.0,0.0,0.0
2024-06-17 00:00:00+09:00,23550.0,23550.0,23550.0,23550.0,0,0.0,0.0,0.0
2024-06-18 00:00:00+09:00,23550.0,23550.0,23550.0,23550.0,0,0.0,0.0,0.0
2024-06-19 00:00:00+09:00,23550.0,23550.0,23550.0,23550.0,0,0.0,0.0,0.0
2024-06-20 00:00:00+09:00,23550.0,23550.0,23550.0,23550.0,0,0.0,0.0,0.0
2024-06-21 00:00:00+09:00,22850.0,22900.0,22850.0,22900.0,100,0.0,0.0,0.0
2024-06-24 00:00:00+09:00,22900.0,22900.0,22900.0,22900.0,0,0.0,0.0,0.0
2024-06-25 00:00:00+09:00,22300.0,22300.0,22300.0,22300.0,100,0.0,0.0,0.0
2024-06-26 00:00:00+09:00,21700.0,21700.0,21700.0,21700.0,100,0.0,0.0,0.0
2024-06-27 00:00:00+09:00,21100.0,21100.0,21100.0,21100.0,100,0.0,0.0,0.0
2024-06-28 00:00:00+09:00,21100.0,21100.0,21100.0,21100.0,0,0.0,0.0,0.0
2024-07-01 00:00:00+09:00,20500.0,20500.0,20500.0,20500.0,100,0.0,0.0,0.0
2024-07-02 00:00:00+09:00,20500.0,20500.0,20500.0,20500.0,0,0.0,0.0,0.0
2024-07-03 00:00:00+09:00,20500.0,20500.0,20500.0,20500.0,0,0.0,0.0,0.0
2024-07-04 00:00:00+09:00,20500.0,20500.0,20500.0,20500.0,0,0.0,0.0,0.0
2024-07-05 00:00:00+09:00,20500.0,20500.0,20500.0,20500.0,0,0.0,0.0,0.0
2024-07-08 00:00:00+09:00,19950.0,19950.0,19950.0,19950.0,50,0.0,0.0,0.0
2024-07-09 00:00:00+09:00,19950.0,19950.0,19950.0,19950.0,0,0.0,0.0,0.0
2024-07-10 00:00:00+09:00,19400.0,19400.0,19400.0,19400.0,30,0.0,0.0,0.0
2024-07-11 00:00:00+09:00,19400.0,19400.0,19400.0,19400.0,0,0.0,0.0,0.0
2024-07-12 00:00:00+09:00,19400.0,19400.0,19400.0,19400.0,0,0.0,0.0,0.0
2024-07-15 00:00:00+09:00,19400.0,19400.0,19400.0,19400.0,0,0.0,0.0,0.0
2024-07-16 00:00:00+09:00,19400.0,19400.0,19400.0,19400.0,0,0.0,0.0,0.0
2024-07-17 00:00:00+09:00,19400.0,19400.0,19400.0,19400.0,0,0.0,0.0,0.0
2024-07-18 00:00:00+09:00,19400.0,19400.0,19400.0,19400.0,0,0.0,0.0,0.0
2024-07-19 00:00:00+09:00,19400.0,19400.0,19400.0,19400.0,0,0.0,0.0,0.0
2024-07-22 00:00:00+09:00,19400.0,19400.0,19400.0,19400.0,0,0.0,0.0,0.0
2024-07-23 00:00:00+09:00,19400.0,19400.0,19400.0,19400.0,0,0.0,0.0,0.0
2024-07-24 00:00:00+09:00,19400.0,19400.0,19400.0,19400.0,0,0.0,0.0,0.0
2024-07-25 00:00:00+09:00,19400.0,19400.0,19400.0,19400.0,0,0.0,0.0,0.0
2024-07-26 00:00:00+09:00,19400.0,19400.0,19400.0,19400.0,0,0.0,0.0,0.0
2024-07-29 00:00:00+09:00,19400.0,19400.0,19400.0,19400.0,0,0.0,0.0,0.0
2024-07-30 00:00:00+09:00,19400.0,19400.0,19400.0,19400.0,0,0.0,0.0,0.0
2024-07-31 00:00:00+09:00,19400.0,19400.0,19400.0,19400.0,0,0.0,0.0,0.0
2024-08-01 00:00:00+09:00,19400.0,19400.0,19400.0,19400.0,0,0.0,0.0,0.0
2024-08-02 00:00:00+09:00,19400.0,19400.0,19400.0,19400.0,0,0.0,0.0,0.0
2024-08-05 00:00:00+09:00,19400.0,19400.0,19400.0,19400.0,0,0.0,0.0,0.0
2024-08-06 00:00:00+09:00,19400.0,19400.0,19400.0,19400.0,0,0.0,0.0,0.0
2024-08-07 00:00:00+09:00,19400.0,19400.0,19400.0,19400.0,0,0.0,0.0,0.0
2024-08-08 00:00:00+09:00,19400.0,19400.0,19400.0,19400.0,0,0.0,0.0,0.0
2024-08-09 00:00:00+09:00,19400.0,19400.0,19400.0,19400.0,0,0.0,0.0,0.0
2024-08-12 00:00:00+09:00,19400.0,19400.0,19400.0,19400.0,0,0.0,0.0,0.0
2024-08-13 00:00:00+09:00,19400.0,19400.0,19400.0,19400.0,0,0.0,0.0,0.0
2024-08-14 00:00:00+09:00,19400.0,19400.0,19400.0,19400.0,0,0.0,0.0,0.0
2024-08-16 00:00:00+09:00,19400.0,19400.0,19400.0,19400.0,0,0.0,0.0,0.0
2024-08-19 00:00:00+09:00,19400.0,19400.0,19400.0,19400.0,0,0.0,0.0,0.0
2024-08-20 00:00:00+09:00,19400.0,19400.0,19400.0,19400.0,0,0.0,0.0,0.0
2024-08-21 00:00:00+09:00,19400.0,19400.0,19400.0,19400.0,0,0.0,0.0,0.0
2024-08-22 00:00:00+09:00,19400.0,19400.0,19400.0,19400.0,0,0.0,0.0,0.0
2024-08-23 00:00:00+09:00,19400.0,19400.0,19400.0,19400.0,0,0.0,0.0,0.0
2024-08-26 00:00:00+09:00,19400.0,19400.0,19400.0,19400.0,0,0.0,0.0,0.0
2024-08-27 00:00:00+09:00,19400.0,19400.0,19400.0,19400.0,0,0.0,0.0,0.0
2024-08-28 00:00:00+09:00,19950.0,19950.0,19950.0,19950.0,1,0.0,0.0,0.0
2024-08-29 00:00:00+09:00,19950.0,19950.0,19950.0,19950.0,0,0.0,0.0,0.0
2024-08-30 00:00:00+09:00,19950.0,19950.0,19950.0,19950.0,0,0.0,0.0,0.0
2024-09-02 00:00:00+09:00,19950.0,19950.0,19950.0,19950.0,0,0.0,0.0,0.0
2024-09-03 00:00:00+09:00,19950.0,19950.0,19950.0,19950.0,0,0.0,0.0,0.0
2024-09-04 00:00:00+09:00,19950.0,19950.0,19950.0,19950.0,0,0.0,0.0,0.0
2024-09-05 00:00:00+09:00,19950.0,19950.0,19950.0,19950.0,0,0.0,0.0,0.0
2024-09-06 00:00:00+09:00,19950.0,19950.0,19950.0,19950.0,0,0.0,0.0,0.0
2024-09-09 00:00:00+09:00,19950.0,19950.0,19950.0,19950.0,0,0.0,0.0,0.0
2024-09-10 00:00:00+09:00,19950.0,19950.0,19950.0,19950.0,0,0.0,0.0,0.0
2024-09-11 00:00:00+09:00,19950.0,19950.0,19950.0,19950.0,0,0.0,0.0,0.0
2024-09-12 00:00:00+09:00,19950.0,19950.0,19950.0,19950.0,0,0.0,0.0,0.0
2024-09-13 00:00:00+09:00,19950.0,19950.0,19950.0,19950.0,0,0.0,0.0,0.0
2024-09-19 00:00:00+09:00,19950.0,19950.0,19950.0,19950.0,0,0.0,0.0,0.0
2024-09-20 00:00:00+09:00,19950.0,19950.0,19950.0,19950.0,0,0.0,0.0,0.0
2024-09-23 00:00:00+09:00,19950.0,19950.0,19950.0,19950.0,0,0.0,0.0,0.0
2024-09-24 00:00:00+09:00,19950.0,19950.0,19950.0,19950.0,0,0.0,0.0,0.0
2024-09-25 00:00:00+09:00,19800.0,19800.0,19800.0,19800.0,10,0.0,0.0,0.0
2024-09-26 00:00:00+09:00,19800.0,19800.0,19800.0,19800.0,0,0.0,0.0,0.0
2024-09-27 00:00:00+09:00,19800.0,19800.0,19800.0,19800.0,0,0.0,0.0,0.0
2024-09-30 00:00:00+09:00,19800.0,19800.0,19800.0,19800.0,0,0.0,0.0,0.0
2024-10-02 00:00:00+09:00,19800.0,19800.0,19800.0,19800.0,0,0.0,0.0,0.0
2024-10-04 00:00:00+09:00,19800.0,19800.0,19800.0,19800.0,0,0.0,0.0,0.0
2024-10-07 00:00:00+09:00,19800.0,19800.0,19800.0,19800.0,0,0.0,0.0,0.0
2024-10-08 00:00:00+09:00,19800.0,19800.0,19800.0,19800.0,0,0.0,0.0,0.0
2024-10-10 00:00:00+09:00,19800.0,19800.0,19800.0,19800.0,0,0.0,0.0,0.0
2024-10-11 00:00:00+09:00,19800.0,19800.0,19800.0,19800.0,0,0.0,0.0,0.0
