Date,Open,High,Low,Close,Volume,Dividends,Stock Splits
2002-04-16 00:00:00+09:00,1230.582169596354,1245.8689046223958,1146.505126953125,1146.505126953125,1258000,0.0,0.0
2002-04-17 00:00:00+09:00,1062.4281719368948,1085.3582763671875,993.6378586460166,1085.3582763671875,321000,0.0,0.0
2002-04-18 00:00:00+09:00,1069.3073325396476,1069.3073325396476,1017.3324228808227,1020.3897705078125,34000,0.0,0.0
2002-04-19 00:00:00+09:00,959.242342805374,969.9430541992188,924.8471990394443,969.9430541992188,77000,0.0,0.0
2002-04-22 00:00:00+09:00,970.7076698110885,985.2300680208607,891.2166480312828,909.5607299804688,43000,0.0,0.0
2002-04-23 00:00:00+09:00,894.2737488827463,955.420671883276,894.2737488827463,901.9171142578125,41000,0.0,0.0
2002-04-24 00:00:00+09:00,901.9173065185547,917.2040405273438,886.6305725097657,917.2040405273438,33000,0.0,0.0
2002-04-25 00:00:00+09:00,947.77763664106,970.7077407533437,940.1342686036321,960.7713623046875,22000,0.0,0.0
2002-04-26 00:00:00+09:00,932.4905757580774,932.4905757580774,901.9171142578125,901.9171142578125,20000,0.0,0.0
2002-04-29 00:00:00+09:00,901.9171142578125,901.9171142578125,901.9171142578125,901.9171142578125,0,0.0,0.0
2002-04-30 00:00:00+09:00,878.9872055053711,917.2040405273438,878.9872055053711,917.2040405273438,15000,0.0,0.0
2002-05-01 00:00:00+09:00,901.9174300264721,924.8475341796875,901.9174300264721,924.8475341796875,13000,0.0,0.0
2002-05-02 00:00:00+09:00,924.8474075317383,924.8474075317383,917.2040405273438,917.2040405273438,7000,0.0,0.0
2002-05-03 00:00:00+09:00,917.2040405273438,917.2040405273438,917.2040405273438,917.2040405273438,0,0.0,0.0
2002-05-06 00:00:00+09:00,917.2040405273438,917.2040405273438,917.2040405273438,917.2040405273438,0,0.0,0.0
2002-05-07 00:00:00+09:00,917.2040405273438,917.2040405273438,913.3823570251465,917.2040405273438,16000,0.0,0.0
2002-05-08 00:00:00+09:00,943.9558715820312,943.9558715820312,917.2040857477226,943.9558715820312,20000,0.0,0.0
2002-05-09 00:00:00+09:00,943.9559403604536,1024.2113037109375,943.9559403604536,1024.2113037109375,36000,0.0,0.0
2002-05-10 00:00:00+09:00,1008.924404296875,1008.924404296875,955.4208374023438,955.4208374023438,15000,0.0,0.0
2002-05-13 00:00:00+09:00,955.4210785896547,955.4210785896547,947.7777099609375,947.7777099609375,6000,0.0,0.0
2002-05-14 00:00:00+09:00,947.7775839208587,947.7775839208587,940.1342163085938,940.1342163085938,4000,0.0,0.0
2002-05-15 00:00:00+09:00,917.9684477799165,947.0132446289062,901.9173758370536,947.0132446289062,26000,0.0,0.0
2002-05-16 00:00:00+09:00,955.4207205373706,955.4207205373706,914.1465454101562,914.1465454101562,8000,0.0,0.0
2002-05-17 00:00:00+09:00,914.9108353954251,917.2038450079449,901.9171142578125,901.9171142578125,62000,0.0,0.0
2002-05-20 00:00:00+09:00,917.2040405273438,921.025724029541,901.9173065185547,917.2040405273438,27000,0.0,0.0
2002-05-21 00:00:00+09:00,917.2040405273438,928.6690910339355,913.3823570251465,917.2040405273438,20000,0.0,0.0
2002-05-22 00:00:00+09:00,917.2038450079449,917.2038450079449,895.038085420253,901.9171142578125,6000,0.0,0.0
2002-05-23 00:00:00+09:00,916.4397432751485,916.4397432751485,900.3886718749999,900.388671875,3000,0.0,0.0
2002-05-24 00:00:00+09:00,894.273854131284,894.273854131284,878.9871215820312,878.9871215820312,7000,0.0,0.0
2002-05-27 00:00:00+09:00,878.9871920072115,894.27392578125,878.9871920072115,894.27392578125,14000,0.0,0.0
2002-05-28 00:00:00+09:00,878.9872350101978,878.9872350101978,863.7005004882812,863.7005004882812,5000,0.0,0.0
2002-05-29 00:00:00+09:00,862.1718270360897,863.7005004882812,840.7703987054066,863.7005004882812,8000,0.0,0.0
2002-05-30 00:00:00+09:00,863.700677214522,863.700677214522,856.0573083896147,862.9363403320312,14000,0.0,0.0
2002-05-31 00:00:00+09:00,856.0570227581521,878.9871215820312,856.0570227581521,878.9871215820312,8000,0.0,0.0
2002-06-03 00:00:00+09:00,856.0570227581521,878.9871215820312,840.7702902088995,878.9871215820312,16000,0.0,0.0
2002-06-04 00:00:00+09:00,893.509589092548,894.27392578125,878.9871920072115,894.27392578125,13000,0.0,0.0
2002-06-05 00:00:00+09:00,917.2040405273438,917.2040405273438,901.9173065185547,917.2040405273438,12000,0.0,0.0
2002-06-06 00:00:00+09:00,924.8474075317383,940.1341415405274,917.2040405273438,917.2040405273438,3000,0.0,0.0
2002-06-07 00:00:00+09:00,917.2040405273438,917.2040405273438,917.2040405273438,917.2040405273438,1000,0.0,0.0
2002-06-10 00:00:00+09:00,917.2040405273438,917.2040405273438,917.2040405273438,917.2040405273438,0,0.0,0.0
2002-06-11 00:00:00+09:00,909.5605921252021,909.5605921252021,879.7514634757207,886.6304931640625,6000,0.0,0.0
2002-06-12 00:00:00+09:00,886.6304598721591,886.6304598721591,833.1268976384944,840.770263671875,9000,0.0,0.0
2002-06-13 00:00:00+09:00,840.770263671875,840.770263671875,840.770263671875,840.770263671875,1000,0.0,0.0
2002-06-14 00:00:00+09:00,806.375211297898,806.375211297898,802.5535278320312,802.5535278320312,9000,0.0,0.0
2002-06-17 00:00:00+09:00,764.3367919921875,764.3367919921875,764.3367919921875,764.3367919921875,3000,0.0,0.0
2002-06-18 00:00:00+09:00,764.3367919921875,764.3367919921875,764.3367919921875,764.3367919921875,4000,0.0,0.0
2002-06-19 00:00:00+09:00,764.336780666076,764.336780666076,741.4066772460938,741.4066772460938,4000,0.0,0.0
2002-06-20 00:00:00+09:00,741.4066772460938,741.4066772460938,741.4066772460938,741.4066772460938,2000,0.0,0.0
2002-06-21 00:00:00+09:00,741.4066772460938,741.4066772460938,741.4066772460938,741.4066772460938,1000,0.0,0.0
2002-06-24 00:00:00+09:00,741.4066772460938,756.6934128594153,741.4066772460938,741.4066772460938,7000,0.0,0.0
2002-06-25 00:00:00+09:00,733.7632446289062,733.7632446289062,733.7632446289062,733.7632446289062,3000,0.0,0.0
2002-06-26 00:00:00+09:00,734.5275150981703,734.5275150981703,726.1198120117188,726.1198120117188,4000,0.0,0.0
2002-06-27 00:00:00+09:00,726.1198685017039,726.1198685017039,718.4765014648438,718.4765014648438,3000,0.0,0.0
2002-06-28 00:00:00+09:00,726.1198120117188,726.1198120117188,726.1198120117188,726.1198120117188,2000,0.0,0.0
2002-07-01 00:00:00+09:00,763.572378645936,763.572378645936,726.8842163085938,726.8842163085938,2000,0.0,0.0
2002-07-02 00:00:00+09:00,726.1198120117188,726.1198120117188,726.1198120117188,726.1198120117188,1000,0.0,0.0
2002-07-03 00:00:00+09:00,733.7632446289062,733.7632446289062,733.7632446289062,733.7632446289062,2000,0.0,0.0
2002-07-04 00:00:00+09:00,726.1198120117188,726.1198120117188,726.1198120117188,726.1198120117188,1000,0.0,0.0
2002-07-05 00:00:00+09:00,726.1198774973551,733.7632446289062,726.1198774973551,733.7632446289062,3000,0.0,0.0
2002-07-08 00:00:00+09:00,733.7632938508065,733.7632938508065,710.8331909179688,710.8331909179688,2000,0.0,0.0
2002-07-09 00:00:00+09:00,703.1897536057692,703.1897536057692,695.54638671875,695.54638671875,3000,0.0,0.0
2002-07-10 00:00:00+09:00,726.1198120117188,726.1198120117188,726.1198120117188,726.1198120117188,3000,0.0,0.0
2002-07-11 00:00:00+09:00,741.4066772460938,741.4066772460938,741.4066772460938,741.4066772460938,1000,0.0,0.0
2002-07-12 00:00:00+09:00,726.1199416327722,741.4066772460938,726.1199416327722,741.4066772460938,3000,0.0,0.0
2002-07-15 00:00:00+09:00,802.5535278320312,802.5535278320312,802.5535278320312,802.5535278320312,5000,0.0,0.0
2002-07-16 00:00:00+09:00,802.5535278320312,802.5535278320312,802.5535278320312,802.5535278320312,0,0.0,0.0
2002-07-17 00:00:00+09:00,802.5535278320312,802.5535278320312,802.5535278320312,802.5535278320312,0,0.0,0.0
2002-07-18 00:00:00+09:00,802.5535278320312,802.5535278320312,802.5535278320312,802.5535278320312,0,0.0,0.0
2002-07-19 00:00:00+09:00,749.0499113384046,749.0499113384046,726.1198120117188,726.1198120117188,5000,0.0,0.0
2002-07-22 00:00:00+09:00,779.6233520507812,779.6233520507812,779.6233520507812,779.6233520507812,3000,0.0,0.0
2002-07-23 00:00:00+09:00,764.3367919921875,764.3367919921875,764.3367919921875,764.3367919921875,2000,0.0,0.0
2002-07-24 00:00:00+09:00,764.3367919921875,764.3367919921875,764.3367919921875,764.3367919921875,4000,0.0,0.0
2002-07-25 00:00:00+09:00,764.3367919921875,764.3367919921875,764.3367919921875,764.3367919921875,0,0.0,0.0
2002-07-26 00:00:00+09:00,779.6235278320313,779.6235278320313,764.3367919921875,764.3367919921875,2000,0.0,0.0
2002-07-29 00:00:00+09:00,710.8331909179688,710.8331909179688,710.8331909179688,710.8331909179688,1000,0.0,0.0
2002-07-30 00:00:00+09:00,726.1198120117188,726.1198120117188,726.1198120117188,726.1198120117188,1000,0.0,0.0
2002-07-31 00:00:00+09:00,726.1198120117188,726.1198120117188,726.1198120117188,726.1198120117188,1000,0.0,0.0
2002-08-01 00:00:00+09:00,771.9800316396386,771.9800316396386,742.1709017050387,756.6932983398438,4900,0.0,0.0
2002-08-02 00:00:00+09:00,771.9801599121093,771.9801599121093,764.3367919921875,764.3367919921875,1700,0.0,0.0
2002-08-05 00:00:00+09:00,764.3367919921875,764.3367919921875,742.9353618164063,764.3367919921875,500,0.0,0.0
2002-08-06 00:00:00+09:00,733.7632938508065,733.7632938508065,710.8331909179688,710.8331909179688,4000,0.0,0.0
2002-08-07 00:00:00+09:00,726.1198120117188,726.1198120117188,726.1198120117188,726.1198120117188,3100,0.0,0.0
2002-08-08 00:00:00+09:00,726.1198120117188,726.1198120117188,726.1198120117188,726.1198120117188,1100,0.0,0.0
2002-08-09 00:00:00+09:00,726.1198120117188,726.1198120117188,726.1198120117188,726.1198120117188,0,0.0,0.0
2002-08-12 00:00:00+09:00,726.1198120117188,726.1198120117188,726.1198120117188,726.1198120117188,800,0.0,0.0
2002-08-13 00:00:00+09:00,726.1198120117188,726.1198120117188,726.1198120117188,726.1198120117188,300,0.0,0.0
2002-08-14 00:00:00+09:00,726.1198120117188,726.1198120117188,726.1198120117188,726.1198120117188,1000,0.0,0.0
2002-08-15 00:00:00+09:00,771.2156740208676,771.2156740208676,718.4764455694901,726.1198120117188,8000,0.0,0.0
2002-08-16 00:00:00+09:00,726.1198120117188,726.1198120117188,726.1198120117188,726.1198120117188,0,0.0,0.0
2002-08-19 00:00:00+09:00,703.189697265625,703.189697265625,703.189697265625,703.189697265625,500,0.0,0.0
2002-08-20 00:00:00+09:00,703.189697265625,703.189697265625,703.189697265625,703.189697265625,1000,0.0,0.0
2002-08-21 00:00:00+09:00,749.0499385297924,749.0499385297924,729.1771850585938,729.1771850585938,1200,0.0,0.0
2002-08-22 00:00:00+09:00,703.1897555233768,703.1897555233768,688.6673583984375,688.6673583984375,1000,0.0,0.0
2002-08-23 00:00:00+09:00,688.6673583984375,688.6673583984375,688.6673583984375,688.6673583984375,0,0.0,0.0
2002-08-26 00:00:00+09:00,695.54638671875,695.54638671875,695.54638671875,695.54638671875,1000,0.0,0.0
2002-08-27 00:00:00+09:00,726.1198120117188,726.1198120117188,726.1198120117188,726.1198120117188,100,0.0,0.0
2002-08-28 00:00:00+09:00,726.1198120117188,726.1198120117188,726.1198120117188,726.1198120117188,500,0.0,0.0
2002-08-29 00:00:00+09:00,726.1199262065272,726.1199262065272,710.8331909179688,710.8331909179688,400,0.0,0.0
2002-08-30 00:00:00+09:00,714.6548747401084,714.6548747401084,710.8331909179688,710.8331909179688,800,0.0,0.0
2002-09-02 00:00:00+09:00,719.240782213713,726.1198120117188,719.240782213713,726.1198120117188,200,0.0,0.0
2002-09-03 00:00:00+09:00,726.1198664867212,726.1198664867212,718.4764994710715,725.3555297851562,4100,0.0,0.0
2002-09-04 00:00:00+09:00,679.495279876026,680.2596165238056,648.9218139648438,648.9218139648438,9200,0.0,0.0
2002-09-05 00:00:00+09:00,651.979228443819,654.2722386259192,649.6862182617188,649.6862182617188,1100,0.0,0.0
2002-09-06 00:00:00+09:00,653.5078798380491,725.3555297851562,649.6861963302242,725.3555297851562,2100,0.0,0.0
2002-09-09 00:00:00+09:00,724.5913045247396,724.5913045247396,687.9031372070312,687.9031372070312,500,0.0,0.0
2002-09-10 00:00:00+09:00,680.2596626061236,680.2596626061236,661.1512451171875,661.1512451171875,1000,0.0,0.0
2002-09-11 00:00:00+09:00,661.9157331599746,661.9157331599746,657.3297119140625,657.3297119140625,3100,0.0,0.0
2002-09-12 00:00:00+09:00,661.9157331599746,664.9730806572493,653.5080275424691,657.3297119140625,4700,0.0,0.0
2002-09-13 00:00:00+09:00,649.6862571930217,654.2722778320312,649.6862571930217,654.2722778320312,5700,0.0,0.0
2002-09-16 00:00:00+09:00,654.2722778320312,654.2722778320312,654.2722778320312,654.2722778320312,0,0.0,0.0
2002-09-17 00:00:00+09:00,661.1512691722197,661.1512691722197,649.6862182617188,649.6862182617188,800,0.0,0.0
2002-09-18 00:00:00+09:00,650.4505549890855,653.5079018985524,649.6862182617188,649.6862182617188,2100,0.0,0.0
2002-09-19 00:00:00+09:00,649.6862182617188,649.6862182617188,642.0428509880516,649.6862182617188,4400,0.0,0.0
2002-09-20 00:00:00+09:00,649.686180617281,649.686180617281,638.2211303710938,638.2211303710938,2100,0.0,0.0
2002-09-23 00:00:00+09:00,638.2211303710938,638.2211303710938,638.2211303710938,638.2211303710938,0,0.0,0.0
2002-09-24 00:00:00+09:00,644.3359144095915,649.6862719432418,626.7561682275979,634.3995361328125,1900,0.0,0.0
2002-09-25 00:00:00+09:00,604.5905110931396,611.4695434570312,604.5905110931396,611.4695434570312,2200,0.0,0.0
2002-09-26 00:00:00+09:00,604.5903826591295,604.5903826591295,596.1826782226562,596.1826782226562,2700,0.0,0.0
2002-09-27 00:00:00+09:00,596.1828048706054,611.4695434570312,596.1828048706054,611.4695434570312,2400,0.0,0.0
2002-09-30 00:00:00+09:00,611.4694135616987,611.4694135616987,596.1826782226562,596.1826782226562,3100,0.0,0.0
2002-10-01 00:00:00+09:00,596.1826782226562,596.1826782226562,596.1826782226562,596.1826782226562,600,0.0,0.0
2002-10-02 00:00:00+09:00,596.1826701917146,596.1826701917146,580.8959350585938,580.8959350585938,1900,0.0,0.0
2002-10-03 00:00:00+09:00,580.8957900679061,580.8957900679061,543.4432983398438,543.4432983398438,1300,0.0,0.0
2002-10-04 00:00:00+09:00,535.8000422886439,535.8000422886439,527.392338344029,535.0357055664062,11200,0.0,0.0
2002-10-07 00:00:00+09:00,528.921002728803,528.921002728803,509.0482482910156,509.0482482910156,3600,0.0,0.0
2002-10-08 00:00:00+09:00,522.0418556224294,534.271240234375,504.46211524275753,534.271240234375,1200,0.0,0.0
2002-10-09 00:00:00+09:00,533.5070950331403,533.5070950331403,499.1119384765625,499.1119384765625,1200,0.0,0.0
2002-10-10 00:00:00+09:00,496.8188428878784,496.8188428878784,458.6020088195801,489.17547607421875,10500,0.0,0.0
2002-10-11 00:00:00+09:00,488.41117427034203,488.41117427034203,466.2454089278695,486.1181640625,3500,0.0,0.0
2002-10-14 00:00:00+09:00,486.11816406250006,486.11816406250006,486.11816406250006,486.1181640625,0,0.0,0.0
2002-10-15 00:00:00+09:00,467.0097702001229,481.5321689461169,463.95242309570307,463.9524230957031,7200,0.0,0.0
2002-10-16 00:00:00+09:00,479.2391334389741,486.11816406250006,470.0670926076062,486.1181640625,2900,0.0,0.0
2002-10-17 00:00:00+09:00,486.11816406250006,486.11816406250006,486.11816406250006,486.1181640625,1100,0.0,0.0
2002-10-18 00:00:00+09:00,486.1180937267485,486.1180937267485,477.7103908478268,481.5320739746094,2200,0.0,0.0
2002-10-21 00:00:00+09:00,486.11816406250006,486.11816406250006,482.2964803827634,486.1181640625,4800,0.0,0.0
2002-10-22 00:00:00+09:00,482.2964105999659,483.0607472253224,477.7103908478268,481.5320739746094,10900,0.0,0.0
2002-10-23 00:00:00+09:00,481.5320739746094,481.5320739746094,477.7103908478268,481.5320739746094,2400,0.0,0.0
2002-10-24 00:00:00+09:00,481.5320739746094,481.5320739746094,481.5320739746094,481.5320739746094,800,0.0,0.0
2002-10-25 00:00:00+09:00,481.5320739746094,481.5320739746094,481.5320739746094,481.5320739746094,400,0.0,0.0
2002-10-28 00:00:00+09:00,481.53215957269435,481.53215957269435,470.0671081542969,470.0671081542969,3800,0.0,0.0
2002-10-29 00:00:00+09:00,473.88885498046875,481.53222360918596,466.2454863517515,473.88885498046875,3800,0.0,0.0
2002-10-30 00:00:00+09:00,466.2453872680664,466.2453872680664,458.6020202636719,458.6020202636719,7800,0.0,0.0
2002-10-31 00:00:00+09:00,466.24534554317086,466.24534554317086,443.3152465820313,443.31524658203125,2200,0.0,0.0
2002-11-01 00:00:00+09:00,443.31519175384005,450.95855712890625,443.31519175384005,450.95855712890625,3800,0.0,0.0
2002-11-04 00:00:00+09:00,450.95855712890625,450.95855712890625,450.95855712890625,450.95855712890625,0,0.0,0.0
2002-11-05 00:00:00+09:00,458.6020202636719,458.6020202636719,450.95865325927736,458.6020202636719,1500,0.0,0.0
2002-11-06 00:00:00+09:00,473.88871186355067,473.88871186355067,443.3152465820313,443.31524658203125,2200,0.0,0.0
2002-11-07 00:00:00+09:00,460.8950047227203,466.245361328125,458.60199474897536,466.245361328125,800,0.0,0.0
2002-11-08 00:00:00+09:00,451.72308988828917,454.01610049685917,451.72308988828917,452.4874267578125,1300,0.0,0.0
2002-11-11 00:00:00+09:00,450.9586463341346,450.9586463341346,447.136962890625,447.136962890625,1000,0.0,0.0
2002-11-12 00:00:00+09:00,447.13692434210526,447.13692434210526,435.671875,435.671875,3800,0.0,0.0
2002-11-13 00:00:00+09:00,442.55089333274145,442.55089333274145,420.3851318359375,420.3851318359375,4400,0.0,0.0
2002-11-14 00:00:00+09:00,443.31526729038785,443.31526729038785,428.0285339355469,428.0285339355469,200,0.0,0.0
2002-11-15 00:00:00+09:00,421.14949238539174,421.14949238539174,419.6208190917969,419.6208190917969,8400,0.0,0.0
2002-11-18 00:00:00+09:00,343.1872317843967,352.3592736138238,343.1872317843967,343.9515686035156,8800,0.0,0.0
2002-11-19 00:00:00+09:00,343.9515934434048,344.71593031772346,328.66485595703125,328.66485595703125,3900,0.0,0.0
2002-11-20 00:00:00+09:00,324.8431431562051,332.48651123046875,324.8431431562051,332.48651123046875,2800,0.0,0.0
2002-11-21 00:00:00+09:00,337.0724863255278,359.2382507324219,337.0724863255278,359.2382507324219,5200,0.0,0.0
2002-11-22 00:00:00+09:00,382.1683611188616,382.1683611188616,374.5249938964844,374.5249938964844,1800,0.0,0.0
2002-11-25 00:00:00+09:00,370.70331028529574,378.346677507673,370.70331028529574,374.5249938964844,1700,0.0,0.0
2002-11-26 00:00:00+09:00,378.346677507673,378.346677507673,374.5249938964844,374.5249938964844,800,0.0,0.0
2002-11-27 00:00:00+09:00,382.1684230457653,403.5698547363281,382.1684230457653,403.5698547363281,4000,0.0,0.0
2002-11-28 00:00:00+09:00,393.6334249056303,397.4551086425781,393.6334249056303,397.4551086425781,5700,0.0,0.0
2002-11-29 00:00:00+09:00,435.671875,435.671875,435.671875,435.671875,100,0.0,0.0
2002-12-02 00:00:00+09:00,435.671875,435.671875,435.671875,435.671875,0,0.0,0.0
2002-12-03 00:00:00+09:00,431.8502983784379,481.5321911122405,430.3216247558594,430.3216247558594,25200,0.0,0.0
2002-12-04 00:00:00+09:00,428.0284861438679,435.67185196786556,405.098388671875,405.098388671875,12000,0.0,0.0
2002-12-05 00:00:00+09:00,405.098388671875,405.8627252542747,405.098388671875,405.098388671875,20300,0.0,0.0
2002-12-06 00:00:00+09:00,405.8627252542747,408.9200715838738,401.27670575987617,405.098388671875,38400,0.0,0.0
2002-12-09 00:00:00+09:00,420.3851318359375,420.3851318359375,420.3851318359375,420.3851318359375,3400,0.0,0.0
2002-12-10 00:00:00+09:00,420.385190457274,420.385190457274,405.86279296875,405.86279296875,3100,0.0,0.0
2002-12-11 00:00:00+09:00,436.43621162280704,436.43621162280704,435.671875,435.671875,1200,0.0,0.0
2002-12-12 00:00:00+09:00,435.671875,435.671875,428.0285087719298,435.671875,2200,0.0,0.0
2002-12-13 00:00:00+09:00,435.671875,443.3152412280702,398.21938048245613,435.671875,15000,0.0,0.0
2002-12-16 00:00:00+09:00,405.098388671875,405.098388671875,405.098388671875,405.098388671875,1000,0.0,0.0
2002-12-17 00:00:00+09:00,405.8627909342448,412.7418212890625,405.8627909342448,412.7418212890625,1700,0.0,0.0
2002-12-18 00:00:00+09:00,424.2068148526279,428.0284978693182,420.3851318359375,420.3851318359375,2100,0.0,0.0
2002-12-19 00:00:00+09:00,424.2068786621094,424.2068786621094,420.38519507055884,424.2068786621094,400,0.0,0.0
2002-12-20 00:00:00+09:00,447.136962890625,450.9586463341346,443.31527944711536,447.136962890625,6300,0.0,0.0
2002-12-23 00:00:00+09:00,447.136962890625,447.136962890625,447.136962890625,447.136962890625,0,0.0,0.0
2002-12-24 00:00:00+09:00,450.95858009363894,457.0732727050781,450.95858009363894,457.0732727050781,800,0.0,0.0
2002-12-25 00:00:00+09:00,457.0732727050781,457.0732727050781,457.0732727050781,457.0732727050781,200,0.0,0.0
2002-12-26 00:00:00+09:00,456.3089904785156,456.3089904785156,456.3089904785156,456.3089904785156,400,0.0,0.0
2002-12-27 00:00:00+09:00,457.07337523388264,457.07337523388264,453.2516914944689,454.7803649902344,700,0.0,0.0
2002-12-30 00:00:00+09:00,454.7803649902344,454.7803649902344,454.7803649902344,454.7803649902344,200,0.0,0.0
2002-12-31 00:00:00+09:00,454.7803649902344,454.7803649902344,454.7803649902344,454.7803649902344,0,0.0,0.0
2003-01-01 00:00:00+09:00,454.7803649902344,454.7803649902344,454.7803649902344,454.7803649902344,0,0.0,0.0
2003-01-02 00:00:00+09:00,454.7803649902344,454.7803649902344,454.7803649902344,454.7803649902344,0,0.0,0.0
2003-01-03 00:00:00+09:00,454.7803649902344,454.7803649902344,454.7803649902344,454.7803649902344,0,0.0,0.0
2003-01-06 00:00:00+09:00,454.7802629757884,457.0732727050781,454.7802629757884,457.0732727050781,2300,0.0,0.0
2003-01-07 00:00:00+09:00,441.7866516113281,441.7866516113281,441.7866516113281,441.7866516113281,3000,0.0,0.0
2003-01-08 00:00:00+09:00,458.6020202636719,458.6020202636719,458.6020202636719,458.6020202636719,200,0.0,0.0
2003-01-09 00:00:00+09:00,458.6020202636719,458.6020202636719,458.6020202636719,458.6020202636719,500,0.0,0.0
2003-01-10 00:00:00+09:00,460.1306936645508,460.1306936645508,450.95865325927736,458.6020202636719,1700,0.0,0.0
2003-01-13 00:00:00+09:00,458.6020202636719,458.6020202636719,458.6020202636719,458.6020202636719,0,0.0,0.0
2003-01-14 00:00:00+09:00,460.130615234375,460.130615234375,460.130615234375,460.130615234375,300,0.0,0.0
2003-01-15 00:00:00+09:00,475.4175287062122,475.4175287062122,473.88885498046875,473.88885498046875,2700,0.0,0.0
2003-01-16 00:00:00+09:00,476.94610107421875,476.94610107421875,458.6020202636719,458.6020202636719,12300,0.0,0.0
2003-01-17 00:00:00+09:00,454.7803623236499,472.360107421875,454.7803623236499,472.360107421875,400,0.0,0.0
2003-01-20 00:00:00+09:00,473.8887542724609,473.8887542724609,458.6020202636719,458.6020202636719,600,0.0,0.0
2003-01-21 00:00:00+09:00,458.60199474897536,466.245361328125,458.60199474897536,466.245361328125,1400,0.0,0.0
2003-01-22 00:00:00+09:00,466.2452878790387,466.2452878790387,450.95855712890625,450.95855712890625,2300,0.0,0.0
2003-01-23 00:00:00+09:00,444.84391984610727,444.84391984610727,443.3152465820313,443.31524658203125,2000,0.0,0.0
2003-01-24 00:00:00+09:00,444.0796813964844,465.4811118252306,444.0796813964844,444.0796813964844,700,0.0,0.0
2003-01-27 00:00:00+09:00,444.0796813964844,444.0796813964844,444.0796813964844,444.0796813964844,0,0.0,0.0
2003-01-28 00:00:00+09:00,444.0796813964844,444.0796813964844,444.0796813964844,444.0796813964844,0,0.0,0.0
2003-01-29 00:00:00+09:00,450.95855712890625,450.95855712890625,450.95855712890625,450.95855712890625,0,0.0,0.0
2003-01-30 00:00:00+09:00,463.18804046630856,463.18804046630856,458.6020202636719,458.6020202636719,6300,0.0,0.0
2003-01-31 00:00:00+09:00,463.9522943276383,463.9522943276383,463.1879577636719,463.1879577636719,45800,0.0,0.0
2003-02-03 00:00:00+09:00,462.42370376586916,462.42370376586916,458.6020202636719,458.6020202636719,1500,0.0,0.0
2003-02-04 00:00:00+09:00,458.6020202636719,458.6020202636719,443.31528625488284,458.6020202636719,1800,0.0,0.0
2003-02-05 00:00:00+09:00,458.6020202636719,460.89503036499025,458.6020202636719,458.6020202636719,400,0.0,0.0
2003-02-06 00:00:00+09:00,458.6020487296481,458.6020487296481,454.7803649902344,454.7803649902344,900,0.0,0.0
2003-02-07 00:00:00+09:00,454.78043093092344,454.78043093092344,451.72308349609375,451.72308349609375,1100,0.0,0.0
2003-02-10 00:00:00+09:00,458.601979222791,458.601979222791,443.3152465820313,443.31524658203125,2500,0.0,0.0
2003-02-11 00:00:00+09:00,443.3152465820313,443.3152465820313,443.3152465820313,443.31524658203125,0,0.0,0.0
2003-02-12 00:00:00+09:00,444.84391984610727,444.84391984610727,443.3152465820313,443.31524658203125,3000,0.0,0.0
2003-02-13 00:00:00+09:00,435.67191925048826,458.6020202636719,435.67191925048826,458.6020202636719,2200,0.0,0.0
2003-02-14 00:00:00+09:00,457.8376835632324,460.1306936645508,451.7229899597168,458.6020202636719,31600,0.0,0.0
2003-02-17 00:00:00+09:00,458.6020202636719,462.42370376586916,458.6020202636719,458.6020202636719,10600,0.0,0.0
2003-02-18 00:00:00+09:00,465.48105056762694,465.48105056762694,458.6020202636719,458.6020202636719,800,0.0,0.0
2003-02-19 00:00:00+09:00,458.60192250397245,458.60192250397245,450.95855712890625,450.95855712890625,12100,0.0,0.0
2003-02-20 00:00:00+09:00,457.8376835632324,458.6020202636719,447.13696975708007,458.6020202636719,10700,0.0,0.0
2003-02-21 00:00:00+09:00,447.13687444137315,456.3089128914526,447.13687444137315,450.95855712890625,1600,0.0,0.0
2003-02-24 00:00:00+09:00,458.60192250397245,458.60192250397245,450.95855712890625,450.95855712890625,7100,0.0,0.0
2003-02-25 00:00:00+09:00,450.9586129024111,450.9586129024111,443.3152465820313,443.31524658203125,14100,0.0,0.0
2003-02-26 00:00:00+09:00,450.9586129024111,457.837642590753,443.3152465820313,443.31524658203125,4800,0.0,0.0
2003-02-27 00:00:00+09:00,450.9586129024111,457.837642590753,443.3152465820313,443.31524658203125,2500,0.0,0.0
2003-02-28 00:00:00+09:00,443.3152465820313,450.9586129024111,443.3152465820313,443.31524658203125,5000,0.0,0.0
2003-03-03 00:00:00+09:00,450.19433593749994,450.19433593749994,443.3153053374363,450.1943359375,2600,0.0,0.0
2003-03-04 00:00:00+09:00,448.66566247081914,450.9586726708404,443.3153053374363,450.1943359375,4700,0.0,0.0
2003-03-05 00:00:00+09:00,449.42999920415957,450.19433593749994,443.3153053374363,450.1943359375,4900,0.0,0.0
2003-03-06 00:00:00+09:00,449.43001017391475,449.43001017391475,447.9013366699219,447.9013366699219,1200,0.0,0.0
2003-03-07 00:00:00+09:00,447.1369297422212,447.1369297422212,443.3152465820313,443.31524658203125,4100,0.0,0.0
2003-03-10 00:00:00+09:00,435.6718639026989,435.6718639026989,420.3851318359375,420.3851318359375,7400,0.0,0.0
2003-03-11 00:00:00+09:00,420.3852103574432,420.3852103574432,418.8565368652344,418.8565368652344,5500,0.0,0.0
2003-03-12 00:00:00+09:00,420.3851318359375,420.3851318359375,418.85645862926134,420.3851318359375,2000,0.0,0.0
2003-03-13 00:00:00+09:00,420.3851672581264,428.0285339355469,420.3851672581264,428.0285339355469,4100,0.0,0.0
2003-03-14 00:00:00+09:00,428.7929382324219,428.7929382324219,420.38523356119794,428.7929382324219,7600,0.0,0.0
2003-03-17 00:00:00+09:00,424.20685059683666,428.0285339355469,420.3851672581264,428.0285339355469,5500,0.0,0.0
2003-03-18 00:00:00+09:00,428.0284861438679,428.0284861438679,384.4613009470813,405.098388671875,13500,0.0,0.0
2003-03-19 00:00:00+09:00,419.6208516438802,419.6208516438802,412.7418212890625,412.7418212890625,2000,0.0,0.0
2003-03-20 00:00:00+09:00,412.7417658025568,423.44247824928976,412.7417658025568,420.3851318359375,2500,0.0,0.0
2003-03-21 00:00:00+09:00,420.3851318359375,420.3851318359375,420.3851318359375,420.3851318359375,0,0.0,0.0
2003-03-24 00:00:00+09:00,443.3153445954577,444.0796813964844,442.5510077944311,444.0796813964844,6700,0.0,0.0
2003-03-25 00:00:00+09:00,444.84397016626684,452.48733735125427,442.5509600107706,445.6083068847656,5600,0.0,0.0
2003-03-26 00:00:00+09:00,414.50129903913876,419.9450309214539,406.72453920725997,418.3896789550781,1600,10.0,0.0
2003-03-27 00:00:00+09:00,426.1663751602173,427.72172689437866,398.1700439453125,398.1700439453125,3900,0.0,0.0
2003-03-28 00:00:00+09:00,404.3914418443341,416.05657958984375,404.3914418443341,416.05657958984375,300,0.0,0.0
2003-03-31 00:00:00+09:00,408.2798934028611,412.1682733400312,405.169189453125,405.169189453125,600,0.0,0.0
2003-04-01 00:00:00+09:00,404.391450881958,404.391450881958,398.1700439453125,398.1700439453125,2100,0.0,0.0
2003-04-02 00:00:00+09:00,401.2807312011719,401.2807312011719,401.2807312011719,401.2807312011719,100,0.0,0.0
2003-04-03 00:00:00+09:00,401.28074741363525,401.28074741363525,398.1700439453125,398.1700439453125,600,0.0,0.0
2003-04-04 00:00:00+09:00,399.7254239595854,404.3914794921875,396.6147202711839,404.3914794921875,1300,0.0,0.0
2003-04-07 00:00:00+09:00,400.50312322078986,404.3915030578849,400.50312322078986,402.8361511230469,500,0.0,0.0
2003-04-08 00:00:00+09:00,400.5030822753906,400.5030822753906,400.5030822753906,400.5030822753906,100,0.0,0.0
2003-04-09 00:00:00+09:00,400.5030822753906,400.5030822753906,400.5030822753906,400.5030822753906,300,0.0,0.0
2003-04-10 00:00:00+09:00,402.836126458155,402.836126458155,397.39239501953125,397.39239501953125,300,0.0,0.0
2003-04-11 00:00:00+09:00,400.50312322078986,402.8361511230469,397.39241935111386,402.8361511230469,300,0.0,0.0
2003-04-14 00:00:00+09:00,402.8361276479868,404.3914794921875,402.8361276479868,404.3914794921875,1500,0.0,0.0
2003-04-15 00:00:00+09:00,419.94499793419476,419.94499793419476,404.3914794921875,404.3914794921875,1800,0.0,0.0
2003-04-16 00:00:00+09:00,395.83702903010203,395.83702903010203,394.28167724609375,394.28167724609375,1100,0.0,0.0
2003-04-17 00:00:00+09:00,394.28167724609375,394.28167724609375,394.28167724609375,394.28167724609375,1000,0.0,0.0
2003-04-18 00:00:00+09:00,388.83795166015625,394.2816829833984,388.0602757568359,388.83795166015625,5100,0.0,0.0
2003-04-21 00:00:00+09:00,391.17095228488336,396.61468323119385,389.6156005859375,389.6156005859375,1600,0.0,0.0
2003-04-22 00:00:00+09:00,397.39236273898547,399.7253903088817,390.3932800292969,390.3932800292969,800,0.0,0.0
2003-04-23 00:00:00+09:00,395.05933516908925,395.05933516908925,390.3932800292969,390.3932800292969,500,0.0,0.0
2003-04-24 00:00:00+09:00,390.3932764354104,390.3932764354104,389.6156005859375,389.6156005859375,1500,0.0,0.0
2003-04-25 00:00:00+09:00,396.6147155761719,396.6147155761719,396.6147155761719,396.6147155761719,300,0.0,0.0
2003-04-28 00:00:00+09:00,404.39145652846537,404.39145652846537,392.726318359375,392.726318359375,400,0.0,0.0
2003-04-29 00:00:00+09:00,392.726318359375,392.726318359375,392.726318359375,392.726318359375,0,0.0,0.0
2003-04-30 00:00:00+09:00,390.39329072555694,392.726318359375,390.39329072555694,392.726318359375,200,0.0,0.0
2003-05-01 00:00:00+09:00,392.7263311767578,392.7263311767578,388.0602757568359,388.83795166015625,7000,0.0,0.0
2003-05-02 00:00:00+09:00,388.83795166015625,388.83795166015625,388.83795166015625,388.83795166015625,1100,0.0,0.0
2003-05-05 00:00:00+09:00,388.83795166015625,388.83795166015625,388.83795166015625,388.83795166015625,0,0.0,0.0
2003-05-06 00:00:00+09:00,388.06027439218434,388.83795029276985,381.8388671875,381.8388671875,2400,0.0,0.0
2003-05-07 00:00:00+09:00,382.61655717329546,384.9495849609375,382.61655717329546,384.9495849609375,600,0.0,0.0
2003-05-08 00:00:00+09:00,388.83795166015625,388.83795166015625,388.83795166015625,388.83795166015625,700,0.0,0.0
2003-05-09 00:00:00+09:00,388.83795166015625,388.83795166015625,387.2825998535156,388.83795166015625,1000,0.0,0.0
2003-05-12 00:00:00+09:00,388.8379786917585,388.8379786917585,388.060302734375,388.060302734375,800,0.0,0.0
2003-05-13 00:00:00+09:00,388.83795166015625,388.83795166015625,388.83795166015625,388.83795166015625,1800,0.0,0.0
2003-05-14 00:00:00+09:00,388.83795166015625,388.83795166015625,388.83795166015625,388.83795166015625,900,0.0,0.0
2003-05-15 00:00:00+09:00,396.61471069335937,396.61471069335937,388.83795166015625,388.83795166015625,4500,0.0,0.0
2003-05-16 00:00:00+09:00,396.6147697628952,396.6147697628952,395.0594177246094,395.0594177246094,4800,0.0,0.0
2003-05-19 00:00:00+09:00,388.83795166015625,388.83795166015625,381.0611926269531,388.83795166015625,3700,0.0,0.0
2003-05-20 00:00:00+09:00,388.83795166015625,388.83795166015625,388.83795166015625,388.83795166015625,300,0.0,0.0
2003-05-21 00:00:00+09:00,388.83796460700756,388.83796460700756,384.9495849609375,384.9495849609375,1800,0.0,0.0
2003-05-22 00:00:00+09:00,383.3941991396761,384.171875,383.3941991396761,384.171875,300,0.0,0.0
2003-05-23 00:00:00+09:00,384.1719090317235,388.83796460700756,384.1719090317235,384.9495849609375,400,0.0,0.0
2003-05-26 00:00:00+09:00,388.83795166015625,388.83795166015625,388.0602757568359,388.83795166015625,2100,0.0,0.0
2003-05-27 00:00:00+09:00,395.83704796993374,395.83704796993374,384.9495849609375,384.9495849609375,1900,0.0,0.0
2003-05-28 00:00:00+09:00,388.83795166015625,388.83795166015625,388.83795166015625,388.83795166015625,1200,0.0,0.0
2003-05-29 00:00:00+09:00,389.61562756347655,389.61562756347655,388.83795166015625,388.83795166015625,2400,0.0,0.0
2003-05-30 00:00:00+09:00,388.83795166015625,388.83795166015625,388.83795166015625,388.83795166015625,1200,0.0,0.0
2003-06-02 00:00:00+09:00,384.94957214355463,388.83795166015625,384.94957214355463,388.83795166015625,3000,0.0,0.0
2003-06-03 00:00:00+09:00,388.83795166015625,388.83795166015625,388.83795166015625,388.83795166015625,800,0.0,0.0
2003-06-04 00:00:00+09:00,391.94865527343745,391.94865527343745,387.2825998535156,388.83795166015625,1100,0.0,0.0
2003-06-05 00:00:00+09:00,388.83795166015625,388.83795166015625,388.0602757568359,388.83795166015625,1500,0.0,0.0
2003-06-06 00:00:00+09:00,388.83795166015625,388.83795166015625,387.2825998535156,388.83795166015625,2400,0.0,0.0
2003-06-09 00:00:00+09:00,388.8379247364646,389.6156005859375,388.8379247364646,389.6156005859375,1300,0.0,0.0
2003-06-10 00:00:00+09:00,388.83797519178273,388.83797519178273,373.28445618411143,387.2826232910156,7400,0.0,0.0
2003-06-11 00:00:00+09:00,391.94865527343745,392.7263311767578,388.83795166015625,388.83795166015625,2900,0.0,0.0
2003-06-12 00:00:00+09:00,391.94865527343745,392.7263311767578,388.83795166015625,388.83795166015625,7900,0.0,0.0
2003-06-13 00:00:00+09:00,400.50309020996093,400.50309020996093,388.83795166015625,388.83795166015625,4000,0.0,0.0
2003-06-16 00:00:00+09:00,394.28168783748856,400.5030951406442,394.28168783748856,396.6147155761719,2000,0.0,0.0
2003-06-17 00:00:00+09:00,400.50311975829607,402.8361476403832,398.94776783690463,402.0584716796875,1800,0.0,0.0
2003-06-18 00:00:00+09:00,404.3915412601844,458.8288641221323,402.0585131375295,453.3851318359375,18300,0.0,0.0
2003-06-19 00:00:00+09:00,447.1636699329723,447.1636699329723,427.7217712402344,427.7217712402344,7400,0.0,0.0
2003-06-20 00:00:00+09:00,423.83335622151696,423.83335622151696,419.9449768066406,419.9449768066406,3100,0.0,0.0
2003-06-23 00:00:00+09:00,422.2780930429135,422.2780930429135,412.1683044433594,412.1683044433594,3400,0.0,0.0
2003-06-24 00:00:00+09:00,419.9449768066406,419.9449768066406,412.16821797688806,419.9449768066406,300,0.0,0.0
2003-06-25 00:00:00+09:00,419.94501176313923,427.7217712402344,419.94501176313923,427.7217712402344,8200,0.0,0.0
2003-06-26 00:00:00+09:00,427.7217712402344,427.7217712402344,426.9440952925249,427.7217712402344,1900,0.0,0.0
2003-06-27 00:00:00+09:00,427.7218047983092,427.7218047983092,421.5003967285156,421.5003967285156,3800,0.0,0.0
2003-06-30 00:00:00+09:00,419.94497525489936,419.94497525489936,412.9458923339844,412.9458923339844,6900,0.0,0.0
2003-07-01 00:00:00+09:00,416.05657958984375,419.94495883834696,416.05657958984375,416.05657958984375,8500,0.0,0.0
2003-07-02 00:00:00+09:00,419.94501176313923,441.7199382990057,419.94501176313923,427.7217712402344,13700,0.0,0.0
2003-07-03 00:00:00+09:00,427.7217173353534,431.6100965838566,416.05657958984375,416.05657958984375,9500,0.0,0.0
2003-07-04 00:00:00+09:00,426.94411886173447,426.94411886173447,423.8334148991717,426.16644287109375,1600,0.0,0.0
2003-07-07 00:00:00+09:00,425.388671875,425.388671875,423.05564442413163,425.388671875,1300,0.0,0.0
2003-07-08 00:00:00+09:00,428.49949122437647,428.49949122437647,417.6120268375502,423.83343505859375,5500,0.0,0.0
2003-07-09 00:00:00+09:00,424.61106744939633,439.38691045587717,424.61106744939633,427.7217712402344,6000,0.0,0.0
2003-07-10 00:00:00+09:00,433.9431528363909,435.4985046386719,427.721745627267,435.4985046386719,3500,0.0,0.0
2003-07-11 00:00:00+09:00,435.49855828068075,435.49855828068075,417.6120103512957,426.9441223144531,3300,0.0,0.0
2003-07-14 00:00:00+09:00,427.7217948523751,427.7217948523751,423.8334148991717,426.16644287109375,3400,0.0,0.0
2003-07-15 00:00:00+09:00,420.72267156387494,430.83245849609375,420.72267156387494,430.83245849609375,5200,0.0,0.0
2003-07-16 00:00:00+09:00,431.6101500111014,435.49852974093113,420.7226867675781,420.7226867675781,6300,0.0,0.0
2003-07-17 00:00:00+09:00,427.7217712402344,427.7217712402344,420.72268771084873,427.7217712402344,3100,0.0,0.0
2003-07-18 00:00:00+09:00,427.72174426734773,431.61012376068726,427.72174426734773,428.4994201660156,2600,0.0,0.0
2003-07-21 00:00:00+09:00,428.4994201660156,428.4994201660156,428.4994201660156,428.4994201660156,0,0.0,0.0
2003-07-22 00:00:00+09:00,435.4985032540268,438.6092068486984,428.4994201660156,428.4994201660156,3700,0.0,0.0
2003-07-23 00:00:00+09:00,438.60924165145207,438.60924165145207,429.2771301269531,429.2771301269531,7000,0.0,0.0
2003-07-24 00:00:00+09:00,431.6101251329694,435.4985046386719,431.6101251329694,435.4985046386719,800,0.0,0.0
2003-07-25 00:00:00+09:00,435.4985046386719,438.6092082432338,435.4985046386719,435.4985046386719,1000,0.0,0.0
2003-07-28 00:00:00+09:00,435.49846884645063,440.94219970703125,435.49846884645063,440.94219970703125,1000,0.0,0.0
2003-07-29 00:00:00+09:00,440.9422359466553,440.9422359466553,435.4985046386719,435.4985046386719,2000,0.0,0.0
2003-07-30 00:00:00+09:00,435.4985175605293,439.3868971816055,431.6101379394531,431.6101379394531,1800,0.0,0.0
2003-07-31 00:00:00+09:00,441.7199382990057,441.7199382990057,427.7217712402344,427.7217712402344,4600,0.0,0.0
2003-08-01 00:00:00+09:00,441.71992495425116,441.71992495425116,427.721758318377,431.6101379394531,13000,0.0,0.0
2003-08-04 00:00:00+09:00,431.6101379394531,431.6101379394531,431.6101379394531,431.6101379394531,700,0.0,0.0
2003-08-05 00:00:00+09:00,431.6101251329694,435.4985046386719,431.6101251329694,435.4985046386719,1200,0.0,0.0
2003-08-06 00:00:00+09:00,434.72084163631405,434.72084163631405,427.721758318377,431.6101379394531,3500,0.0,0.0
2003-08-07 00:00:00+09:00,427.7217712402344,430.8324750310725,424.61106744939633,427.7217712402344,3900,0.0,0.0
2003-08-08 00:00:00+09:00,427.7217712402344,427.7217712402344,427.7217712402344,427.7217712402344,400,0.0,0.0
2003-08-11 00:00:00+09:00,427.72181519674604,427.72181519674604,423.83343505859375,423.83343505859375,2200,0.0,0.0
2003-08-12 00:00:00+09:00,426.94411886173447,426.94411886173447,426.16644287109375,426.16644287109375,300,0.0,0.0
2003-08-13 00:00:00+09:00,427.7217878963485,427.7217878963485,422.2780560503949,424.611083984375,2400,0.0,0.0
2003-08-14 00:00:00+09:00,424.61111108622424,426.94413916911554,422.2780830033329,423.83343505859375,1200,0.0,0.0
2003-08-15 00:00:00+09:00,420.7226867675781,420.7226867675781,420.7226867675781,420.7226867675781,6700,0.0,0.0
2003-08-18 00:00:00+09:00,421.5004100221576,422.2780860554088,410.6129455566406,410.6129455566406,6600,0.0,0.0
2003-08-19 00:00:00+09:00,412.9459804894789,419.94506490455484,412.1683044433594,412.1683044433594,6600,0.0,0.0
2003-08-20 00:00:00+09:00,416.0566846739571,416.0566846739571,409.8352763050007,412.1683044433594,1700,0.0,0.0
2003-08-21 00:00:00+09:00,412.1682351173004,412.1682351173004,403.6138000488281,403.6138000488281,6400,0.0,0.0
2003-08-22 00:00:00+09:00,405.1691872408842,418.3896789550781,404.3915112576963,418.3896789550781,4400,0.0,0.0
2003-08-25 00:00:00+09:00,412.1682733400312,412.1682733400312,405.169189453125,405.169189453125,8100,0.0,0.0
2003-08-26 00:00:00+09:00,408.2798934028611,412.1682733400312,405.169189453125,405.169189453125,7500,0.0,0.0
2003-08-27 00:00:00+09:00,412.16820034134054,416.05657958984375,409.8351727922386,416.05657958984375,2400,0.0,0.0
2003-08-28 00:00:00+09:00,408.27982998074566,416.0565886470456,408.27982998074566,411.3905334472656,3100,0.0,0.0
2003-08-29 00:00:00+09:00,411.3906283972398,416.0566846739571,409.05760025888117,412.1683044433594,1700,0.0,0.0
2003-09-01 00:00:00+09:00,412.9458761910412,417.61193128924504,412.16820034134054,416.05657958984375,3300,0.0,0.0
2003-09-02 00:00:00+09:00,422.27808254176796,423.8334345953288,409.83526611328125,409.83526611328125,10700,0.0,0.0
2003-09-03 00:00:00+09:00,417.61202008157807,422.278076171875,417.61202008157807,422.278076171875,400,0.0,0.0
2003-09-04 00:00:00+09:00,426.1663476919561,426.1663476919561,419.94494115630715,425.388671875,3100,0.0,0.0
2003-09-05 00:00:00+09:00,426.9440952925249,433.165502874201,426.9440952925249,427.7217712402344,5500,0.0,0.0
2003-09-08 00:00:00+09:00,441.71996033254976,441.71996033254976,431.6101725080372,439.3869323730469,4200,0.0,0.0
2003-09-09 00:00:00+09:00,440.16456004551475,441.71991184779574,435.4985046386719,435.4985046386719,7500,0.0,0.0
2003-09-10 00:00:00+09:00,435.4985046386719,435.4985046386719,433.9431528363909,435.4985046386719,2300,0.0,0.0
2003-09-11 00:00:00+09:00,431.61012376068726,431.61012376068726,428.4994201660156,428.4994201660156,2600,0.0,0.0
2003-09-12 00:00:00+09:00,435.4985307173296,435.4985307173296,423.83339150168683,427.7217712402344,5900,0.0,0.0
2003-09-15 00:00:00+09:00,427.7217712402344,427.7217712402344,427.7217712402344,427.7217712402344,0,0.0,0.0
2003-09-16 00:00:00+09:00,427.7217712402344,431.610150978782,427.7217712402344,427.7217712402344,6800,0.0,0.0
2003-09-17 00:00:00+09:00,427.7217712402344,435.4985307173296,427.7217712402344,427.7217712402344,7400,0.0,0.0
2003-09-18 00:00:00+09:00,427.7217712402344,430.8324750310725,426.9440952925249,427.7217712402344,4500,0.0,0.0
2003-09-19 00:00:00+09:00,427.7217712402344,431.610150978782,427.7217712402344,427.7217712402344,7900,0.0,0.0
2003-09-22 00:00:00+09:00,431.6101344139567,435.4985140032716,430.83245849609375,430.83245849609375,3600,0.0,0.0
2003-09-23 00:00:00+09:00,430.83245849609375,430.83245849609375,430.83245849609375,430.83245849609375,0,0.0,0.0
2003-09-24 00:00:00+09:00,438.6092563865459,440.16460835954786,433.16552448103914,439.3869323730469,3000,0.0,0.0
2003-09-25 00:00:00+09:00,438.6092082432338,438.6092082432338,432.38780103410994,435.4985046386719,2000,0.0,0.0
2003-09-26 00:00:00+09:00,431.6101251329694,439.3868841443743,431.6101251329694,435.4985046386719,4000,0.0,0.0
2003-09-29 00:00:00+09:00,439.38690075771416,439.38690075771416,431.6101414522679,432.3878173828125,1700,0.0,0.0
2003-09-30 00:00:00+09:00,433.1654769352504,435.4985046386719,433.1654769352504,435.4985046386719,900,0.0,0.0
2003-10-01 00:00:00+09:00,434.7208557128906,435.4985316622876,433.9431797634937,434.7208557128906,2200,0.0,0.0
2003-10-02 00:00:00+09:00,435.498521104991,437.8315488966249,432.3878173828125,432.3878173828125,5400,0.0,0.0
2003-10-03 00:00:00+09:00,435.4985046386719,435.4985046386719,435.4985046386719,435.4985046386719,2000,0.0,0.0
2003-10-06 00:00:00+09:00,435.4985587827621,437.05391077841483,433.9432067871094,433.9432067871094,6000,0.0,0.0
2003-10-07 00:00:00+09:00,435.4985046386719,435.4985046386719,433.9431528363909,435.4985046386719,2200,0.0,0.0
2003-10-08 00:00:00+09:00,437.05391077841483,437.05391077841483,433.9432067871094,433.9432067871094,4100,0.0,0.0
2003-10-09 00:00:00+09:00,433.9432004675401,440.94228434604884,433.16552448103914,439.3869323730469,2700,0.0,0.0
2003-10-10 00:00:00+09:00,439.3869323730469,439.3869323730469,437.053904413544,439.3869323730469,3900,0.0,0.0
2003-10-13 00:00:00+09:00,439.3869323730469,439.3869323730469,439.3869323730469,439.3869323730469,0,0.0,0.0
2003-10-14 00:00:00+09:00,437.05389136598825,443.2752990722657,437.05389136598825,443.2752990722656,4800,0.0,0.0
2003-10-15 00:00:00+09:00,439.38687388102215,466.6055297851563,439.38687388102215,466.60552978515625,16200,0.0,0.0
2003-10-16 00:00:00+09:00,465.8278974260603,474.3823329380581,458.82881382533486,462.7171936035156,9600,0.0,0.0
2003-10-17 00:00:00+09:00,462.7171936035157,465.8278974260603,454.94043404715404,462.7171936035156,4700,0.0,0.0
2003-10-20 00:00:00+09:00,482.15907170222357,489.15815500112683,482.15907170222357,485.269775390625,15900,0.0,0.0
2003-10-21 00:00:00+09:00,489.93576049804693,496.1571669805618,482.1590023949033,489.9357604980469,31400,0.0,0.0
2003-10-22 00:00:00+09:00,489.93576049804693,493.04646373930433,475.9375959123884,489.9357604980469,18700,0.0,0.0
2003-10-23 00:00:00+09:00,486.04748113368584,489.9358609827553,475.93769352610514,478.2707214355469,5900,0.0,0.0
2003-10-24 00:00:00+09:00,465.8277989622023,474.3822326660156,465.8277989622023,474.3822326660156,3200,0.0,0.0
2003-10-27 00:00:00+09:00,505.48927748498835,505.48927748498835,470.4938659667968,470.4938659667969,5200,0.0,0.0
2003-10-28 00:00:00+09:00,474.3822326660156,474.3822326660156,470.4938537097368,474.3822326660156,1600,0.0,0.0
2003-10-29 00:00:00+09:00,474.3822326660156,474.3822326660156,474.3822326660156,474.3822326660156,1700,0.0,0.0
2003-10-30 00:00:00+09:00,478.27061162229444,478.27061162229444,474.3822326660156,474.3822326660156,3000,0.0,0.0
2003-10-31 00:00:00+09:00,482.1589905785733,482.1589905785733,474.3822326660156,474.3822326660156,1100,0.0,0.0
2003-11-03 00:00:00+09:00,474.3822326660156,474.3822326660156,474.3822326660156,474.3822326660156,0,0.0,0.0
2003-11-04 00:00:00+09:00,474.3823078167943,477.4930114746094,466.6055486722567,477.4930114746094,2100,0.0,0.0
2003-11-05 00:00:00+09:00,486.04736328125,490.71341796875004,466.60546875,486.04736328125,18300,0.0,0.0
2003-11-06 00:00:00+09:00,472.04927092521416,482.15905761718744,471.27159502583163,482.1590576171875,1700,0.0,0.0
2003-11-07 00:00:00+09:00,482.1591012846163,482.1591012846163,472.82698964684954,478.2707214355469,700,0.0,0.0
2003-11-10 00:00:00+09:00,482.15905761718744,482.15905761718744,474.38229862336186,482.1590576171875,8000,0.0,0.0
2003-11-11 00:00:00+09:00,496.93489970545613,496.93489970545613,474.38229862336186,482.1590576171875,3700,0.0,0.0
2003-11-12 00:00:00+09:00,472.82688108350413,474.3822326660156,472.82688108350413,474.3822326660156,1600,0.0,0.0
2003-11-13 00:00:00+09:00,474.3822886149089,474.3822886149089,466.6055297851563,466.60552978515625,2700,0.0,0.0
2003-11-14 00:00:00+09:00,452.60740702041727,469.7162780761719,452.60740702041727,469.7162780761719,2300,0.0,0.0
2003-11-17 00:00:00+09:00,467.3831931912169,467.3831931912169,454.94037939577686,457.2734069824219,2400,0.0,0.0
2003-11-18 00:00:00+09:00,462.7171936035157,462.7171936035157,461.9395176478795,462.7171936035156,300,0.0,0.0
2003-11-19 00:00:00+09:00,455.71807861328125,462.71716173191527,454.94040271121077,455.71807861328125,600,0.0,0.0
2003-11-20 00:00:00+09:00,463.49485437976534,463.49485437976534,452.6073913574219,452.6073913574219,900,0.0,0.0
2003-11-21 00:00:00+09:00,451.0520454738451,451.82972141431725,446.38598983101224,447.1636657714844,2100,0.0,0.0
2003-11-24 00:00:00+09:00,447.1636657714844,447.1636657714844,447.1636657714844,447.1636657714844,0,0.0,0.0
2003-11-25 00:00:00+09:00,447.16368239314255,447.16368239314255,444.052978515625,444.052978515625,1300,0.0,0.0
2003-11-26 00:00:00+09:00,447.9413548519737,451.0520587051124,443.2752990722657,443.2752990722656,2100,0.0,0.0
2003-11-27 00:00:00+09:00,443.2752990722657,443.2752990722657,443.2752990722657,443.2752990722656,1200,0.0,0.0
2003-11-28 00:00:00+09:00,447.1636226259429,451.052001953125,428.49940185546876,451.052001953125,3700,0.0,0.0
2003-12-01 00:00:00+09:00,454.1627502441406,454.1627502441406,451.05204647534515,454.1627502441406,700,0.0,0.0
2003-12-02 00:00:00+09:00,447.1636527712164,447.1636527712164,430.83245849609375,430.83245849609375,1100,0.0,0.0
2003-12-03 00:00:00+09:00,446.386007882136,458.0511474609375,446.386007882136,458.0511474609375,2200,0.0,0.0
2003-12-04 00:00:00+09:00,454.9404527085999,458.05115665874416,446.3860168457031,446.3860168457031,2200,0.0,0.0
2003-12-05 00:00:00+09:00,451.0520587051124,451.0520587051124,443.2752990722657,443.2752990722656,1600,0.0,0.0
2003-12-08 00:00:00+09:00,452.6074106316818,454.9404385215358,436.27621540270354,443.2752990722656,1900,0.0,0.0
2003-12-09 00:00:00+09:00,451.05202266148154,451.05202266148154,435.4985046386719,435.4985046386719,2600,0.0,0.0
2003-12-10 00:00:00+09:00,451.05202266148154,451.05202266148154,433.9431528363909,435.4985046386719,3500,0.0,0.0
2003-12-11 00:00:00+09:00,443.2752850535902,443.2752850535902,435.4985256666851,440.1645812988281,500,0.0,0.0
2003-12-12 00:00:00+09:00,435.4985307173296,435.4985307173296,427.7217712402344,427.7217712402344,7000,0.0,0.0
2003-12-15 00:00:00+09:00,419.94498661586215,435.4985046386719,419.94498661586215,435.4985046386719,7300,0.0,0.0
2003-12-16 00:00:00+09:00,435.4985175605293,435.4985175605293,431.6101379394531,431.6101379394531,2300,0.0,0.0
2003-12-17 00:00:00+09:00,439.3869323730469,439.3869323730469,435.498552440542,439.3869323730469,600,0.0,0.0
2003-12-18 00:00:00+09:00,435.4985175605293,435.4985175605293,427.721758318377,431.6101379394531,6800,0.0,0.0
2003-12-19 00:00:00+09:00,424.6110321044922,427.72173563639325,419.9449768066406,419.9449768066406,16200,0.0,0.0
2003-12-22 00:00:00+09:00,426.16644116976533,447.94136882077527,423.83341320715715,446.3860168457031,10800,0.0,0.0
2003-12-23 00:00:00+09:00,446.3860168457031,446.3860168457031,446.3860168457031,446.3860168457031,0,0.0,0.0
2003-12-24 00:00:00+09:00,445.60827089507006,461.93946406923493,443.27524329876076,451.052001953125,6300,0.0,0.0
2003-12-25 00:00:00+09:00,465.0502312082184,465.0502312082184,447.16368385405616,458.0511474609375,2100,0.0,0.0
2003-12-26 00:00:00+09:00,459.6064488694475,461.1618006422713,453.3850417781521,460.3841247558594,4800,0.0,0.0
2003-12-29 00:00:00+09:00,466.6056281308399,468.9386562714941,466.6056281308399,468.1609802246094,2700,0.0,0.0
2003-12-30 00:00:00+09:00,473.60454955853913,474.3822253377814,472.8268737792969,472.8268737792969,1100,0.0,0.0
2003-12-31 00:00:00+09:00,472.8268737792969,472.8268737792969,472.8268737792969,472.8268737792969,0,0.0,0.0
2004-01-01 00:00:00+09:00,472.8268737792969,472.8268737792969,472.8268737792969,472.8268737792969,0,0.0,0.0
2004-01-02 00:00:00+09:00,472.8268737792969,472.8268737792969,472.8268737792969,472.8268737792969,0,0.0,0.0
2004-01-05 00:00:00+09:00,475.15997452274445,482.15905761718744,474.38229862336186,482.1590576171875,2900,0.0,0.0
2004-01-06 00:00:00+09:00,482.15907170222357,486.0474513127254,482.15907170222357,485.269775390625,5600,0.0,0.0
2004-01-07 00:00:00+09:00,486.04736328125,486.04736328125,480.6036328125,486.04736328125,5600,0.0,0.0
2004-01-08 00:00:00+09:00,486.04743711410026,486.04743711410026,474.38229862336186,482.1590576171875,4600,0.0,0.0
2004-01-09 00:00:00+09:00,478.2707153025931,483.7144470214844,474.382335503385,483.7144470214844,2100,0.0,0.0
2004-01-12 00:00:00+09:00,483.7144470214844,483.7144470214844,483.7144470214844,483.7144470214844,0,0.0,0.0
2004-01-13 00:00:00+09:00,483.71433593750004,486.04736328125,480.6036328125,486.04736328125,6800,0.0,0.0
2004-01-14 00:00:00+09:00,486.8250572567895,489.93576049804693,486.8250572567895,489.9357604980469,2400,0.0,0.0
2004-01-15 00:00:00+09:00,482.15893928171545,489.1580206583855,482.15893928171545,482.9366149902344,6200,0.0,0.0
2004-01-16 00:00:00+09:00,482.1590253501941,488.38043212890625,482.1590253501941,488.38043212890625,2900,0.0,0.0
2004-01-19 00:00:00+09:00,488.38043212890625,488.38043212890625,486.04740458688923,488.38043212890625,2900,0.0,0.0
2004-01-20 00:00:00+09:00,493.824166690602,497.7125459558823,489.15811157226557,489.1581115722656,4600,0.0,0.0
2004-01-21 00:00:00+09:00,489.9357662200928,497.7125244140625,489.15809040069576,497.7125244140625,2600,0.0,0.0
2004-01-22 00:00:00+09:00,500.82322184244794,501.6008976527623,489.93576049804693,489.9357604980469,4300,0.0,0.0
2004-01-23 00:00:00+09:00,491.4912213182825,493.8242492675781,491.4912213182825,493.8242492675781,2700,0.0,0.0
2004-01-26 00:00:00+09:00,497.71254239341084,501.6009216308594,496.9348665459211,501.6009216308594,2300,0.0,0.0
2004-01-27 00:00:00+09:00,501.6010402892687,501.6010402892687,497.71266013198755,500.8233642578125,2600,0.0,0.0
2004-01-28 00:00:00+09:00,497.7125477566614,497.7125477566614,493.8241684773125,496.1571960449219,4100,0.0,0.0
2004-01-29 00:00:00+09:00,501.6009216308594,502.37859747834904,497.71254239341084,501.6009216308594,2500,0.0,0.0
2004-01-30 00:00:00+09:00,502.37870633638823,505.4894104003906,497.7126502403846,505.4894104003906,3200,0.0,0.0
2004-02-02 00:00:00+09:00,505.489286753182,512.4883691851492,505.489286753182,511.710693359375,1700,0.0,0.0
2004-02-03 00:00:00+09:00,513.266102690675,515.5991304301781,505.4893435589981,510.9330749511719,5300,0.0,0.0
2004-02-04 00:00:00+09:00,511.7108222730232,513.2661743164062,505.489414099491,513.2661743164062,4100,0.0,0.0
2004-02-05 00:00:00+09:00,512.488518608941,512.488518608941,503.93408203125006,503.93408203125,2600,0.0,0.0
2004-02-06 00:00:00+09:00,506.2670765388303,511.7108085446242,506.2670765388303,510.15545654296875,1200,0.0,0.0
2004-02-09 00:00:00+09:00,512.4884982947148,513.2661743164062,511.7108222730232,513.2661743164062,2600,0.0,0.0
2004-02-10 00:00:00+09:00,513.2661743164062,513.2661743164062,505.489414099491,513.2661743164062,5900,0.0,0.0
2004-02-11 00:00:00+09:00,513.2661743164062,513.2661743164062,513.2661743164062,513.2661743164062,0,0.0,0.0
2004-02-12 00:00:00+09:00,517.1545209142263,519.487548828125,513.2661410577283,519.487548828125,1600,0.0,0.0
2004-02-13 00:00:00+09:00,517.1545209142263,520.2652247994246,517.1545209142263,519.487548828125,3500,0.0,0.0
2004-02-16 00:00:00+09:00,520.2651805048404,543.5954576575238,520.2651805048404,536.5963745117188,5300,0.0,0.0
2004-02-17 00:00:00+09:00,536.5964628290652,542.81787109375,524.9313223327812,542.81787109375,7300,0.0,0.0
2004-02-18 00:00:00+09:00,542.8177817524344,542.8177817524344,536.5963745117188,536.5963745117188,3000,0.0,0.0
2004-02-19 00:00:00+09:00,536.5963745117188,542.0401058473449,536.5963745117188,536.5963745117188,2200,0.0,0.0
2004-02-20 00:00:00+09:00,543.5955471268356,544.3732231599212,535.041110762894,542.81787109375,4600,0.0,0.0
2004-02-23 00:00:00+09:00,544.3731150396189,545.928466796875,542.0400874037349,545.928466796875,2900,0.0,0.0
2004-02-24 00:00:00+09:00,552.1498538619237,552.1498538619237,545.9284470578457,548.261474609375,5600,0.0,0.0
2004-02-25 00:00:00+09:00,548.2615227497799,552.14990234375,546.706170912192,552.14990234375,3500,0.0,0.0
2004-02-26 00:00:00+09:00,552.1499780273438,598.8105395507812,552.1499780273438,583.2570190429688,10000,0.0,0.0
2004-02-27 00:00:00+09:00,583.2569239454689,583.2569239454689,578.5908685539052,582.479248046875,6400,0.0,0.0
2004-03-01 00:00:00+09:00,582.4793905713284,583.2570666602086,579.3686862158072,580.1463623046875,5200,0.0,0.0
2004-03-02 00:00:00+09:00,579.3685014535808,579.3685014535808,567.7033638404215,573.1470947265625,6600,0.0,0.0
2004-03-03 00:00:00+09:00,573.1471232369443,582.4792337916841,573.1471232369443,579.3685302734375,3400,0.0,0.0
2004-03-04 00:00:00+09:00,573.924838715219,575.480190581656,573.1471627820006,574.7025146484375,7400,0.0,0.0
2004-03-05 00:00:00+09:00,574.7025146484375,575.480190581656,572.3694868487821,574.7025146484375,5000,0.0,0.0
2004-03-08 00:00:00+09:00,575.4800974732262,580.923828125,574.70242166583,580.923828125,6700,0.0,0.0
2004-03-09 00:00:00+09:00,579.368535897273,579.368535897273,573.9248046875,573.9248046875,10400,0.0,0.0
2004-03-10 00:00:00+09:00,575.4801564617209,575.4801564617209,573.9248046875,573.9248046875,5700,0.0,0.0
2004-03-11 00:00:00+09:00,576.2578408581234,582.479248046875,573.1471372637475,582.479248046875,6800,0.0,0.0
2004-03-12 00:00:00+09:00,582.4793701996675,582.4793701996675,575.4802856445312,575.4802856445312,5700,0.0,0.0
2004-03-15 00:00:00+09:00,575.4802856445312,575.4802856445312,574.7026095828495,575.4802856445312,9600,0.0,0.0
2004-03-16 00:00:00+09:00,575.4802856445312,576.2579617062131,574.7026095828495,575.4802856445312,7200,0.0,0.0
2004-03-17 00:00:00+09:00,575.480190581656,575.480190581656,573.1471627820006,574.7025146484375,7300,0.0,0.0
2004-03-18 00:00:00+09:00,575.4802856445312,575.4802856445312,574.7026095828495,575.4802856445312,6600,0.0,0.0
2004-03-19 00:00:00+09:00,575.4802856445312,575.4802856445312,573.1472574594859,575.4802856445312,8900,0.0,0.0
2004-03-22 00:00:00+09:00,575.480190581656,575.480190581656,574.7025146484375,574.7025146484375,9800,0.0,0.0
2004-03-23 00:00:00+09:00,575.4802856445312,576.2579617062131,574.7026095828495,575.4802856445312,14400,0.0,0.0
2004-03-24 00:00:00+09:00,583.2570462613493,583.2570462613493,574.7026095828495,575.4802856445312,19800,0.0,0.0
2004-03-25 00:00:00+09:00,577.0356108398437,583.2570190429688,576.257934814453,583.2570190429688,9800,0.0,0.0
2004-03-26 00:00:00+09:00,543.8477626255581,555.6705400739397,543.8477626255581,551.7296142578125,12600,10.0,0.0
2004-03-29 00:00:00+09:00,558.8231500720301,563.5522599457004,554.09404019836,555.67041015625,7000,0.0,0.0
2004-03-30 00:00:00+09:00,554.8822938735876,560.3995894092625,552.5177386440126,558.0350341796875,4500,0.0,0.0
2004-03-31 00:00:00+09:00,560.3996510532924,560.3996510532924,547.7886884416853,551.7296142578125,9100,0.0,0.0
2004-04-01 00:00:00+09:00,552.5177386440126,559.6114043327375,551.7295535674876,558.0350341796875,9800,0.0,0.0
2004-04-02 00:00:00+09:00,553.305885216989,555.670440282019,552.5177001953125,552.5177001953125,3100,0.0,0.0
2004-04-05 00:00:00+09:00,552.5177994210379,553.3059845842633,551.7296142578125,551.7296142578125,4600,0.0,0.0
2004-04-06 00:00:00+09:00,551.7296142578125,553.3059845842633,550.9414290945871,551.7296142578125,5100,0.0,0.0
2004-04-07 00:00:00+09:00,551.7296217244177,554.0941772460938,551.7296217244177,554.0941772460938,3800,0.0,0.0
2004-04-08 00:00:00+09:00,551.7294163717504,553.3057861328125,551.7294163717504,553.3057861328125,5200,0.0,0.0
2004-04-09 00:00:00+09:00,552.5177001953125,554.0940702386657,551.7295151736358,552.5177001953125,3400,0.0,0.0
2004-04-12 00:00:00+09:00,553.3058711184731,560.3995361328125,552.5176861168799,560.3995361328125,4800,0.0,0.0
2004-04-13 00:00:00+09:00,561.1878051757812,567.4932861328125,561.1878051757812,567.4932861328125,4200,0.0,0.0
2004-04-14 00:00:00+09:00,567.4931506849315,575.375,566.7049657534246,575.375,6800,0.0,0.0
2004-04-15 00:00:00+09:00,654.1936817658253,654.1936817658253,606.902572240585,614.784423828125,39000,0.0,0.0
2004-04-16 00:00:00+09:00,650.2526459870514,658.1344962414399,629.7598353256413,638.4298706054688,20300,0.0,0.0
2004-04-19 00:00:00+09:00,638.429818937462,662.0753677869975,637.6416339758107,647.099853515625,26600,0.0,0.0
2004-04-20 00:00:00+09:00,647.0999441158757,647.0999441158757,622.6662068837293,631.3362426757812,8600,0.0,0.0
2004-04-21 00:00:00+09:00,638.4298666421469,638.4298666421469,567.4932147930194,606.9024658203125,11400,0.0,0.0
2004-04-22 00:00:00+09:00,606.9025031060654,618.7252791405991,593.5033569335938,593.5033569335938,6700,0.0,0.0
2004-04-23 00:00:00+09:00,606.9024970403412,616.3607177734375,606.9024970403412,616.3607177734375,5700,0.0,0.0
2004-04-26 00:00:00+09:00,618.7251858181423,621.0897406684028,602.9614868164062,602.9614868164062,4400,0.0,0.0
2004-04-27 00:00:00+09:00,618.725349621895,618.725349621895,591.1388690655048,614.784423828125,6300,0.0,0.0
2004-04-28 00:00:00+09:00,615.5725631125482,617.9371184125963,603.7497866123072,613.2080078125,2000,0.0,0.0
2004-04-29 00:00:00+09:00,613.2080078125,613.2080078125,613.2080078125,613.2080078125,0,0.0,0.0
2004-04-30 00:00:00+09:00,621.0899430193774,621.0899430193774,613.2080909506036,620.3017578125,5400,0.0,0.0
2004-05-03 00:00:00+09:00,620.3017578125,620.3017578125,620.3017578125,620.3017578125,0,0.0,0.0
2004-05-04 00:00:00+09:00,620.3017578125,620.3017578125,620.3017578125,620.3017578125,0,0.0,0.0
2004-05-05 00:00:00+09:00,620.3017578125,620.3017578125,620.3017578125,620.3017578125,0,0.0,0.0
2004-05-06 00:00:00+09:00,632.1244351947727,632.1244351947727,620.3016589754191,627.3953247070312,6300,0.0,0.0
2004-05-07 00:00:00+09:00,627.3953784335191,627.3953784335191,618.725341796875,618.725341796875,4000,0.0,0.0
2004-05-10 00:00:00+09:00,616.3608263517681,622.6663079512747,599.020751953125,599.020751953125,6400,0.0,0.0
2004-05-11 00:00:00+09:00,590.3504814379143,590.3504814379143,568.2813045617306,572.2222290039062,5700,0.0,0.0
2004-05-12 00:00:00+09:00,572.2223438101167,587.9860447415249,572.2223438101167,576.1632690429688,2000,0.0,0.0
2004-05-13 00:00:00+09:00,587.1978435647899,587.1978435647899,571.4341430664062,571.4341430664062,2700,0.0,0.0
2004-05-14 00:00:00+09:00,544.6359477887835,570.6460581752232,543.8477626255581,551.7296142578125,11900,0.0,0.0
2004-05-17 00:00:00+09:00,558.8231714221015,558.8231714221015,537.5421761775362,543.84765625,6100,0.0,0.0
2004-05-18 00:00:00+09:00,535.9657834610849,543.0594482421875,535.9657834610849,543.0594482421875,1500,0.0,0.0
2004-05-19 00:00:00+09:00,543.84765625,543.84765625,538.3303611865942,543.84765625,6600,0.0,0.0
2004-05-20 00:00:00+09:00,543.84765625,551.7295063405797,542.2712862318841,543.84765625,6700,0.0,0.0
2004-05-21 00:00:00+09:00,543.84765625,551.7295063405797,543.84765625,543.84765625,5500,0.0,0.0
2004-05-24 00:00:00+09:00,549.3649513134059,551.7295063405797,543.84765625,543.84765625,7600,0.0,0.0
2004-05-25 00:00:00+09:00,543.8477017586691,544.6358868336818,537.5422211585686,539.1185913085938,7400,0.0,0.0
2004-05-26 00:00:00+09:00,543.0594712409421,551.7295063405797,539.1185461956522,543.84765625,4700,0.0,0.0
2004-05-27 00:00:00+09:00,543.84765625,544.635841259058,542.2712862318841,543.84765625,6700,0.0,0.0
2004-05-28 00:00:00+09:00,545.4240876555784,550.1531982421875,544.6359025578103,550.1531982421875,6800,0.0,0.0
2004-05-31 00:00:00+09:00,553.3059237205376,563.5523297153624,553.3059237205376,558.0350341796875,4300,0.0,0.0
2004-06-01 00:00:00+09:00,563.5522992423412,563.5522992423412,555.6704489032874,561.187744140625,3600,0.0,0.0
2004-06-02 00:00:00+09:00,562.7641830337631,563.5523681640625,558.8232573822662,563.5523681640625,4200,0.0,0.0
2004-06-03 00:00:00+09:00,562.7640911375923,563.5522761391856,559.6113511312193,560.3995361328125,3000,0.0,0.0
2004-06-04 00:00:00+09:00,561.9760360076648,562.7642211914062,557.2469249052159,562.7642211914062,2800,0.0,0.0
2004-06-07 00:00:00+09:00,562.764214158906,562.764214158906,554.0941772460938,554.0941772460938,3900,0.0,0.0
2004-06-08 00:00:00+09:00,552.5177994210379,560.3996510532924,551.7296142578125,551.7296142578125,7700,0.0,0.0
2004-06-09 00:00:00+09:00,555.67041015625,555.67041015625,552.5176702404699,555.67041015625,1000,0.0,0.0
2004-06-10 00:00:00+09:00,553.3059845842633,557.2469104003906,551.7296142578125,551.7296142578125,1300,0.0,0.0
2004-06-11 00:00:00+09:00,551.7295912940904,557.2468872070312,551.7295912940904,557.2468872070312,2800,0.0,0.0
2004-06-14 00:00:00+09:00,558.0350570786319,559.6114272963681,557.2468719697638,558.8232421875,1100,0.0,0.0
2004-06-15 00:00:00+09:00,563.5524519595355,565.9170077020229,559.6115257220562,564.3406372070312,3200,0.0,0.0
2004-06-16 00:00:00+09:00,564.3405456542969,567.4932861328125,564.3405456542969,567.4932861328125,2000,0.0,0.0
2004-06-17 00:00:00+09:00,568.281494140625,573.0106050488687,568.281494140625,568.281494140625,1100,0.0,0.0
2004-06-18 00:00:00+09:00,571.4340441154711,575.3749685576468,571.4340441154711,572.2222290039062,1200,0.0,0.0
2004-06-21 00:00:00+09:00,575.375068945579,577.7396240234375,574.5868839196261,577.7396240234375,4500,0.0,0.0
2004-06-22 00:00:00+09:00,579.3159940753432,581.6805491532017,574.5868839196261,577.7396240234375,3800,0.0,0.0
2004-06-23 00:00:00+09:00,581.6805340202487,581.6805340202487,574.5868689712213,579.3159790039062,4400,0.0,0.0
2004-06-24 00:00:00+09:00,581.6806640625,581.6806640625,576.1633677909044,581.6806640625,1700,0.0,0.0
2004-06-25 00:00:00+09:00,581.6806334626642,584.8333740234375,580.1042631822776,584.8333740234375,2500,0.0,0.0
2004-06-28 00:00:00+09:00,584.8332530924479,591.1387329101562,583.2568831380208,591.1387329101562,3700,0.0,0.0
2004-06-29 00:00:00+09:00,594.2914523654514,602.9614868164062,593.5032674153646,602.9614868164062,5500,0.0,0.0
2004-06-30 00:00:00+09:00,602.9615087182037,614.7842833989529,591.1387340374547,597.4442138671875,10500,0.0,0.0
2004-07-01 00:00:00+09:00,591.1388999537418,599.8089371530633,591.1388999537418,599.020751953125,2500,0.0,0.0
2004-07-02 00:00:00+09:00,599.0205838246208,599.0205838246208,595.0796589310377,597.4442138671875,2200,0.0,0.0
2004-07-05 00:00:00+09:00,598.2323988459041,599.0205838246208,595.8678439097542,597.4442138671875,1500,0.0,0.0
2004-07-06 00:00:00+09:00,576.1632416213769,598.232421875,576.1632416213769,598.232421875,7900,0.0,0.0
2004-07-07 00:00:00+09:00,575.375,583.2568493150685,571.4340753424658,575.375,7800,0.0,0.0
2004-07-08 00:00:00+09:00,598.2325997017525,598.2325997017525,576.9515981313344,583.257080078125,1700,0.0,0.0
2004-07-09 00:00:00+09:00,584.0451508184461,591.9270017066842,576.9514850190318,585.6215209960938,1600,0.0,0.0
2004-07-12 00:00:00+09:00,587.1978080240885,591.1387329101562,583.2568831380208,591.1387329101562,1300,0.0,0.0
2004-07-13 00:00:00+09:00,594.2915030880844,594.2915030880844,587.1978379318606,587.9860229492188,800,0.0,0.0
2004-07-14 00:00:00+09:00,591.1387329101562,591.1387329101562,591.1387329101562,591.1387329101562,2300,0.0,0.0
2004-07-15 00:00:00+09:00,595.079657796224,595.079657796224,587.9859930013021,591.1387329101562,2500,0.0,0.0
2004-07-16 00:00:00+09:00,591.1389325116131,591.1389325116131,583.257080078125,583.257080078125,3200,0.0,0.0
2004-07-19 00:00:00+09:00,583.257080078125,583.257080078125,583.257080078125,583.257080078125,0,0.0,0.0
2004-07-20 00:00:00+09:00,584.8333207712877,587.1978759765625,583.2569506344379,587.1978759765625,2000,0.0,0.0
2004-07-21 00:00:00+09:00,584.0451357028628,587.1978759765625,584.0451357028628,587.1978759765625,600,0.0,0.0
2004-07-22 00:00:00+09:00,586.4098210515202,591.1389325116131,583.257080078125,583.257080078125,2900,0.0,0.0
2004-07-23 00:00:00+09:00,591.1387329101562,591.1387329101562,591.1387329101562,591.1387329101562,1300,0.0,0.0
2004-07-26 00:00:00+09:00,591.1389325116131,591.1389325116131,583.257080078125,583.257080078125,3200,0.0,0.0
2004-07-27 00:00:00+09:00,595.0798587283573,595.0798587283573,583.257080078125,583.257080078125,3700,0.0,0.0
2004-07-28 00:00:00+09:00,583.257080078125,591.1389325116131,580.8925243480785,583.257080078125,2900,0.0,0.0
2004-07-29 00:00:00+09:00,591.1388474646376,591.1388474646376,579.3160705153449,582.4688110351562,2600,0.0,0.0
2004-07-30 00:00:00+09:00,583.2569809876711,595.079757629313,583.2569809876711,590.3506469726562,4100,0.0,0.0
2004-08-02 00:00:00+09:00,591.1388013186871,591.1388013186871,583.2569506344379,587.1978759765625,2100,0.0,0.0
2004-08-03 00:00:00+09:00,587.1979218148733,591.1388474646376,582.4688110351562,582.4688110351562,800,0.0,0.0
2004-08-04 00:00:00+09:00,579.3159790039062,583.2569040311437,575.3750539766688,579.3159790039062,4000,0.0,0.0
2004-08-05 00:00:00+09:00,571.4343014278927,583.257080078125,571.4343014278927,583.257080078125,1500,0.0,0.0
2004-08-06 00:00:00+09:00,575.3749768920396,575.3749768920396,568.2813127933706,574.5867919921875,600,0.0,0.0
2004-08-09 00:00:00+09:00,567.4932179418104,575.3750681910022,565.1286628670529,571.4341430664062,1600,0.0,0.0
2004-08-10 00:00:00+09:00,567.4932402289345,567.4932402289345,559.6113896701993,565.9168701171875,2200,0.0,0.0
2004-08-11 00:00:00+09:00,561.1877377424569,575.3750681910022,561.1877377424569,571.4341430664062,1600,0.0,0.0
2004-08-12 00:00:00+09:00,571.4341430664062,575.3750681910022,571.4341430664062,571.4341430664062,800,0.0,0.0
2004-08-13 00:00:00+09:00,568.2814712524414,573.7987670898438,568.2814712524414,573.7987670898438,1300,0.0,0.0
2004-08-16 00:00:00+09:00,561.1876712328767,575.375,561.1876712328767,575.375,1100,0.0,0.0
2004-08-17 00:00:00+09:00,581.6806182861328,581.6806182861328,567.4932861328125,567.4932861328125,300,0.0,0.0
2004-08-18 00:00:00+09:00,581.6804560908565,581.6804560908565,574.5867919921875,574.5867919921875,400,0.0,0.0
2004-08-19 00:00:00+09:00,582.4688948347762,583.257080078125,582.4688948347762,583.257080078125,500,0.0,0.0
2004-08-20 00:00:00+09:00,575.375,579.3159246575342,575.375,575.375,600,0.0,0.0
2004-08-23 00:00:00+09:00,579.3159790039062,579.3159790039062,579.3159790039062,579.3159790039062,400,0.0,0.0
2004-08-24 00:00:00+09:00,579.3160160670374,581.6805712346579,565.9168701171875,565.9168701171875,1000,0.0,0.0
2004-08-25 00:00:00+09:00,567.4932179418104,571.4341430664062,559.6113676926186,571.4341430664062,2700,0.0,0.0
2004-08-26 00:00:00+09:00,583.2569040311437,583.2569040311437,579.3159790039062,579.3159790039062,300,0.0,0.0
2004-08-27 00:00:00+09:00,583.2570037430509,584.8333740234375,582.4688186028576,584.8333740234375,1000,0.0,0.0
2004-08-30 00:00:00+09:00,584.8334505648227,587.1980062948691,579.3161538613809,583.257080078125,1200,0.0,0.0
2004-08-31 00:00:00+09:00,583.2570120167302,584.8333823194781,567.493308989251,568.281494140625,1800,0.0,0.0
2004-09-01 00:00:00+09:00,569.0695205479452,580.8922945205479,569.0695205479452,575.375,700,0.0,0.0
2004-09-02 00:00:00+09:00,582.4688110351562,582.4688110351562,580.1042556452977,582.4688110351562,600,0.0,0.0
2004-09-03 00:00:00+09:00,582.4687421218209,583.2569271585215,580.1041870117188,580.1041870117188,1000,0.0,0.0
2004-09-06 00:00:00+09:00,586.4095890410958,586.4095890410958,575.375,575.375,3000,0.0,0.0
2004-09-07 00:00:00+09:00,577.7396010101819,577.7396010101819,576.951416015625,576.951416015625,400,0.0,0.0
2004-09-08 00:00:00+09:00,577.7395547945206,579.3159246575342,575.375,575.375,1700,0.0,0.0
2004-09-09 00:00:00+09:00,576.1632846123166,583.2569502231386,576.1632846123166,580.8923950195312,1300,0.0,0.0
2004-09-10 00:00:00+09:00,586.4096909081376,587.1978759765625,576.9514700870386,587.1978759765625,2800,0.0,0.0
2004-09-13 00:00:00+09:00,587.1977739726027,587.1977739726027,567.4931506849315,575.375,5700,0.0,0.0
2004-09-14 00:00:00+09:00,576.1631849315069,576.9513698630137,575.375,575.375,1200,0.0,0.0
2004-09-15 00:00:00+09:00,575.3750530594481,575.3750530594481,573.010498046875,573.010498046875,2300,0.0,0.0
2004-09-16 00:00:00+09:00,578.5278082906789,578.5278082906789,571.4341430664062,571.4341430664062,500,0.0,0.0
2004-09-17 00:00:00+09:00,571.4341964087658,571.4341964087658,568.2814560147864,569.0696411132812,2200,0.0,0.0
2004-09-20 00:00:00+09:00,569.0696411132812,569.0696411132812,569.0696411132812,569.0696411132812,0,0.0,0.0
2004-09-21 00:00:00+09:00,558.8232498168945,567.4932861328125,547.7886581420898,567.4932861328125,7100,0.0,0.0
2004-09-22 00:00:00+09:00,567.4932861328125,567.4932861328125,559.6114349365234,567.4932861328125,2800,0.0,0.0
2004-09-23 00:00:00+09:00,567.4932861328125,567.4932861328125,567.4932861328125,567.4932861328125,0,0.0,0.0
2004-09-24 00:00:00+09:00,566.7051010131836,567.4932861328125,563.552360534668,567.4932861328125,1500,0.0,0.0
2004-09-27 00:00:00+09:00,571.4342422906865,571.4342422906865,570.6460571289062,570.6460571289062,700,0.0,0.0
2004-09-28 00:00:00+09:00,567.4932402289345,570.6459804524286,565.9168701171875,565.9168701171875,1600,0.0,0.0
2004-09-29 00:00:00+09:00,565.1287384246613,565.9169235549606,563.5523681640625,563.5523681640625,2500,0.0,0.0
2004-09-30 00:00:00+09:00,563.552360534668,567.4932861328125,561.1878051757812,567.4932861328125,2400,0.0,0.0
2004-10-01 00:00:00+09:00,567.4932709162915,569.0696411132812,563.5523454238173,569.0696411132812,2300,0.0,0.0
2004-10-04 00:00:00+09:00,567.4932861328125,569.0696563720703,563.552360534668,567.4932861328125,2100,0.0,0.0
2004-10-05 00:00:00+09:00,567.4932709162915,570.646011310271,567.4932709162915,569.0696411132812,700,0.0,0.0
2004-10-06 00:00:00+09:00,572.2223130426839,575.3750530594481,572.2223130426839,573.010498046875,1100,0.0,0.0
2004-10-07 00:00:00+09:00,574.5869522094727,575.3751373291016,567.4932861328125,567.4932861328125,2000,0.0,0.0
2004-10-08 00:00:00+09:00,567.4932938155595,572.2224045973558,563.5523681640625,563.5523681640625,2900,0.0,0.0
2004-10-11 00:00:00+09:00,563.5523681640625,563.5523681640625,563.5523681640625,563.5523681640625,0,0.0,0.0
2004-10-12 00:00:00+09:00,559.6114425125655,563.5523681640625,555.6705168610686,563.5523681640625,5500,0.0,0.0
2004-10-13 00:00:00+09:00,559.6112354483888,563.5521596416874,556.45849609375,556.45849609375,1700,0.0,0.0
2004-10-14 00:00:00+09:00,556.4586944580078,571.434211730957,556.4586944580078,567.4932861328125,900,0.0,0.0
2004-10-15 00:00:00+09:00,567.4932402289345,570.6459804524286,565.9168701171875,565.9168701171875,2300,0.0,0.0
2004-10-18 00:00:00+09:00,565.1287384246613,565.1287384246613,559.6114425125655,563.5523681640625,1600,0.0,0.0
2004-10-19 00:00:00+09:00,568.2813258907228,568.2813258907228,560.3994767105463,566.7049560546875,600,0.0,0.0
2004-10-20 00:00:00+09:00,567.493293902493,567.493293902493,557.2468872070312,557.2468872070312,2000,0.0,0.0
2004-10-21 00:00:00+09:00,558.0348657710695,559.6112354483888,556.45849609375,556.45849609375,1600,0.0,0.0
2004-10-22 00:00:00+09:00,557.2468103253722,557.2468103253722,551.7295151736358,552.5177001953125,5400,0.0,0.0
2004-10-25 00:00:00+09:00,555.67041015625,559.6113350509752,555.67041015625,555.67041015625,500,0.0,0.0
2004-10-26 00:00:00+09:00,560.3995200299203,560.3995200299203,555.67041015625,555.67041015625,1600,0.0,0.0
2004-10-27 00:00:00+09:00,559.6114272963681,559.6114272963681,558.8232421875,558.8232421875,300,0.0,0.0
2004-10-28 00:00:00+09:00,560.3996277287117,561.9759979895521,551.7295912940904,557.2468872070312,3100,0.0,0.0
2004-10-29 00:00:00+09:00,551.7296142578125,562.7642065429687,549.3650587681361,551.7296142578125,2400,0.0,0.0
2004-11-01 00:00:00+09:00,551.7295762076868,558.8232421875,551.7295762076868,558.8232421875,300,0.0,0.0
2004-11-02 00:00:00+09:00,551.7296142578125,567.4933175223214,551.7296142578125,551.7296142578125,3300,0.0,0.0
2004-11-03 00:00:00+09:00,551.7296142578125,551.7296142578125,551.7296142578125,551.7296142578125,0,0.0,0.0
2004-11-04 00:00:00+09:00,556.4585882482394,568.2813627860916,556.4585882482394,559.611328125,800,0.0,0.0
2004-11-05 00:00:00+09:00,558.0349581866196,559.611328125,558.0349581866196,559.611328125,700,0.0,0.0
2004-11-08 00:00:00+09:00,556.4586868608956,559.6114272963681,552.517761316555,558.8232421875,2500,0.0,0.0
2004-11-09 00:00:00+09:00,558.8232192562125,559.6114043327375,553.3059237205376,558.0350341796875,1400,0.0,0.0
2004-11-10 00:00:00+09:00,558.8231431558098,559.611328125,557.2467732174296,559.611328125,1300,0.0,0.0
2004-11-11 00:00:00+09:00,559.6112354483888,559.6112354483888,556.45849609375,556.45849609375,700,0.0,0.0
2004-11-12 00:00:00+09:00,556.4585882482394,559.611328125,551.7294784330986,559.611328125,2900,0.0,0.0
2004-11-15 00:00:00+09:00,551.7295762076868,558.8232421875,549.3650208810825,558.8232421875,8600,0.0,0.0
2004-11-16 00:00:00+09:00,555.6703112550903,557.2466809324097,555.6703112550903,556.45849609375,300,0.0,0.0
2004-11-17 00:00:00+09:00,556.4585951351951,559.6113350509752,555.67041015625,555.67041015625,1000,0.0,0.0
2004-11-18 00:00:00+09:00,553.3058931177312,555.670448216525,553.3058931177312,554.8822631835938,500,0.0,0.0
2004-11-19 00:00:00+09:00,554.8822183098591,559.611328125,554.8822183098591,559.611328125,300,0.0,0.0
2004-11-22 00:00:00+09:00,554.0939710133435,560.3994500575922,553.3057861328125,553.3057861328125,3700,0.0,0.0
2004-11-23 00:00:00+09:00,553.3057861328125,553.3057861328125,553.3057861328125,553.3057861328125,0,0.0,0.0
2004-11-24 00:00:00+09:00,561.1878127731643,563.5523681640625,559.6114425125655,563.5523681640625,500,0.0,0.0
2004-11-25 00:00:00+09:00,563.5522599457004,563.5522599457004,551.7294852615248,555.67041015625,3100,0.0,0.0
2004-11-26 00:00:00+09:00,560.399627642865,563.5523681640625,554.0941466004698,563.5523681640625,1900,0.0,0.0
2004-11-29 00:00:00+09:00,562.7640680017605,565.1286229093309,559.611328125,559.611328125,1900,0.0,0.0
2004-11-30 00:00:00+09:00,565.1287841796875,565.1287841796875,559.61148782089,565.1287841796875,1300,0.0,0.0
2004-12-01 00:00:00+09:00,565.1287384246613,565.9169235549606,561.1878127731643,563.5523681640625,1900,0.0,0.0
2004-12-02 00:00:00+09:00,567.4932938155595,567.4932938155595,562.7641830337631,563.5523681640625,1500,0.0,0.0
2004-12-03 00:00:00+09:00,565.9169693738015,565.9169693738015,564.3405989855736,565.1287841796875,1400,0.0,0.0
2004-12-06 00:00:00+09:00,567.4932861328125,567.4932861328125,563.552360534668,567.4932861328125,3900,0.0,0.0
2004-12-07 00:00:00+09:00,567.4932938155595,567.4932938155595,563.5523681640625,563.5523681640625,3100,0.0,0.0
2004-12-08 00:00:00+09:00,561.1876980633803,567.4931778169014,559.611328125,559.611328125,2700,0.0,0.0
2004-12-09 00:00:00+09:00,567.4932861328125,567.4932861328125,565.1287307739258,567.4932861328125,1300,0.0,0.0
2004-12-10 00:00:00+09:00,567.4931778169014,567.4931778169014,559.611328125,559.611328125,4100,0.0,0.0
2004-12-13 00:00:00+09:00,563.5522163826168,566.7049560546875,559.6112917925286,566.7049560546875,1600,0.0,0.0
2004-12-14 00:00:00+09:00,566.705055173061,566.705055173061,565.128685061314,565.9168701171875,1800,0.0,0.0
2004-12-15 00:00:00+09:00,565.9169158935547,567.4932861328125,559.6114349365234,567.4932861328125,3300,0.0,0.0
2004-12-16 00:00:00+09:00,567.4932861328125,567.4932861328125,559.6114349365234,567.4932861328125,2800,0.0,0.0
2004-12-17 00:00:00+09:00,567.4932861328125,568.2814712524414,562.7641754150391,567.4932861328125,2600,0.0,0.0
2004-12-20 00:00:00+09:00,566.7051238378771,568.281494140625,566.7051238378771,568.281494140625,1500,0.0,0.0
2004-12-21 00:00:00+09:00,567.4933781970146,570.6461191869981,564.3406372070312,564.3406372070312,3500,0.0,0.0
2004-12-22 00:00:00+09:00,563.552360534668,567.4932861328125,563.552360534668,567.4932861328125,2000,0.0,0.0
2004-12-23 00:00:00+09:00,567.4932861328125,567.4932861328125,567.4932861328125,567.4932861328125,0,0.0,0.0
2004-12-24 00:00:00+09:00,567.4932861328125,569.8578414916992,563.552360534668,567.4932861328125,4800,0.0,0.0
2004-12-27 00:00:00+09:00,558.823106874511,567.4931409727051,558.823106874511,566.7049560546875,9100,0.0,0.0
2004-12-28 00:00:00+09:00,566.7051086003685,569.8578491210938,566.7051086003685,569.8578491210938,1400,0.0,0.0
2004-12-29 00:00:00+09:00,569.8578414916992,569.8578414916992,567.4932861328125,567.4932861328125,2500,0.0,0.0
2004-12-30 00:00:00+09:00,567.4932709162915,569.0696411132812,563.5523454238173,569.0696411132812,2600,0.0,0.0
2004-12-31 00:00:00+09:00,569.0696411132812,569.0696411132812,569.0696411132812,569.0696411132812,0,0.0,0.0
2005-01-03 00:00:00+09:00,569.0696411132812,569.0696411132812,569.0696411132812,569.0696411132812,0,0.0,0.0
2005-01-04 00:00:00+09:00,571.4341964087658,571.4341964087658,569.0696411132812,569.0696411132812,2100,0.0,0.0
2005-01-05 00:00:00+09:00,575.375,575.375,569.0695205479452,575.375,4500,0.0,0.0
2005-01-06 00:00:00+09:00,575.375068945579,577.7396240234375,571.4341438158148,577.7396240234375,1700,0.0,0.0
2005-01-07 00:00:00+09:00,578.5277709960938,579.3159559702029,576.9514010478755,578.5277709960938,2200,0.0,0.0
2005-01-10 00:00:00+09:00,578.5277709960938,578.5277709960938,578.5277709960938,578.5277709960938,0,0.0,0.0
2005-01-11 00:00:00+09:00,587.1979294440174,587.1979294440174,583.2570037430509,584.8333740234375,2800,0.0,0.0
2005-01-12 00:00:00+09:00,587.1979141235352,587.1979141235352,583.2569885253906,586.4097290039062,3700,0.0,0.0
2005-01-13 00:00:00+09:00,587.9861296791444,590.3506851604278,586.4097593582887,589.5625,1900,0.0,0.0
2005-01-14 00:00:00+09:00,587.9860916443279,592.7152023009846,587.1979065348851,590.3506469726562,4800,0.0,0.0
2005-01-17 00:00:00+09:00,598.2324754804841,602.1734008789062,595.0797351617464,602.1734008789062,4100,0.0,0.0
2005-01-18 00:00:00+09:00,599.0206605601685,602.1734008789062,599.0206605601685,602.1734008789062,2800,0.0,0.0
2005-01-19 00:00:00+09:00,602.9614868164062,603.7496717664931,602.1733018663194,602.9614868164062,3700,0.0,0.0
2005-01-20 00:00:00+09:00,603.7497407595316,605.3261108398438,599.0206305185953,605.3261108398438,4300,0.0,0.0
2005-01-21 00:00:00+09:00,606.9024809201558,606.9024809201558,599.0206305185953,605.3261108398438,2600,0.0,0.0
2005-01-24 00:00:00+09:00,606.1142807997667,611.6315759435877,605.3260957792207,606.9024658203125,4600,0.0,0.0
2005-01-25 00:00:00+09:00,610.8433837890625,610.8433837890625,607.6906437436996,610.8433837890625,1700,0.0,0.0
2005-01-26 00:00:00+09:00,612.4198532695918,612.4198532695918,609.2671127122194,610.0552978515625,2300,0.0,0.0
2005-01-27 00:00:00+09:00,613.2080230712891,613.996208190918,610.8434677124023,611.6316528320312,2100,0.0,0.0
2005-01-28 00:00:00+09:00,613.9960788233485,615.5724487304688,612.4197089162283,615.5724487304688,5300,0.0,0.0
2005-01-31 00:00:00+09:00,613.9961547851562,613.9961547851562,599.0206388147866,613.9961547851562,7600,0.0,0.0
2005-02-01 00:00:00+09:00,610.8433363172743,610.8433363172743,599.0205620659722,602.9614868164062,5600,0.0,0.0
2005-02-02 00:00:00+09:00,601.3852235080366,606.9025191365507,601.3852235080366,604.5379638671875,3500,0.0,0.0
2005-02-03 00:00:00+09:00,599.0206909179688,599.0206909179688,584.0451736450195,586.4097290039062,53800,0.0,0.0
2005-02-04 00:00:00+09:00,587.1979065348851,590.3506469726562,586.4097214254423,590.3506469726562,14500,0.0,0.0
2005-02-07 00:00:00+09:00,591.1388703208556,591.9270554812834,589.5625,589.5625,8300,0.0,0.0
2005-02-08 00:00:00+09:00,590.3506469726562,591.138832082099,587.9860916443279,590.3506469726562,9100,0.0,0.0
2005-02-09 00:00:00+09:00,590.3505780012933,591.1387630186516,587.9860229492188,587.9860229492188,5600,0.0,0.0
2005-02-10 00:00:00+09:00,590.3506851604278,590.3506851604278,587.1979445187166,589.5625,8300,0.0,0.0
2005-02-11 00:00:00+09:00,589.5625,589.5625,589.5625,589.5625,0,0.0,0.0
2005-02-14 00:00:00+09:00,590.3506851604278,591.1388703208556,588.7743148395722,589.5625,8100,0.0,0.0
2005-02-15 00:00:00+09:00,590.3506469726562,591.138832082099,589.5624618632135,590.3506469726562,7400,0.0,0.0
2005-02-16 00:00:00+09:00,589.5625,590.3506851604278,588.7743148395722,589.5625,5700,0.0,0.0
2005-02-17 00:00:00+09:00,590.3506162502622,591.1388013186871,587.1978759765625,587.1978759765625,9400,0.0,0.0
2005-02-18 00:00:00+09:00,589.5624160051665,589.5624160051665,587.986045908896,588.7742309570312,5100,0.0,0.0
2005-02-21 00:00:00+09:00,590.350533018721,592.715087890625,589.5623480614196,592.715087890625,9400,0.0,0.0
2005-02-22 00:00:00+09:00,593.5032728479264,593.5032728479264,591.9269029333236,592.715087890625,4500,0.0,0.0
2005-02-23 00:00:00+09:00,593.5033569335938,594.2915420025627,592.7151718646248,593.5033569335938,6800,0.0,0.0
2005-02-24 00:00:00+09:00,594.2915268651698,595.0797119140625,593.5033418162769,595.0797119140625,7600,0.0,0.0
2005-02-25 00:00:00+09:00,596.6560288884709,599.0205838246208,595.8678439097542,597.4442138671875,8400,0.0,0.0
2005-02-28 00:00:00+09:00,601.3851928710938,602.1733779207282,598.232452672556,601.3851928710938,6900,0.0,0.0
2005-03-01 00:00:00+09:00,602.9615178498863,606.9024428031535,601.3851478685793,606.1142578125,12500,0.0,0.0
2005-03-02 00:00:00+09:00,606.9025421142578,611.6316528320312,605.326171875,611.6316528320312,13700,0.0,0.0
2005-03-03 00:00:00+09:00,612.419868351863,614.784423828125,611.631683193109,614.784423828125,9700,0.0,0.0
2005-03-04 00:00:00+09:00,614.784423828125,615.572608986879,612.419868351863,614.784423828125,8900,0.0,0.0
2005-03-07 00:00:00+09:00,614.7844160529459,619.5135269456608,614.7844160529459,618.725341796875,12400,0.0,0.0
2005-03-08 00:00:00+09:00,622.6663127395342,627.3954239755307,620.301757121536,626.6072387695312,7900,0.0,0.0
2005-03-09 00:00:00+09:00,628.9717943875295,629.7599795935289,623.4544979455336,626.6072387695312,8900,0.0,0.0
2005-03-10 00:00:00+09:00,629.7599487304688,629.7599487304688,627.3953932283518,629.7599487304688,6800,0.0,0.0
2005-03-11 00:00:00+09:00,629.7597425264822,630.547927435777,628.1833727078928,628.9715576171875,9900,0.0,0.0
2005-03-14 00:00:00+09:00,629.7597886657715,631.3361585998535,628.1834187316895,630.5479736328125,9800,0.0,0.0
2005-03-15 00:00:00+09:00,632.124390401958,640.7944256817852,631.336205376519,638.4298706054688,12500,0.0,0.0
2005-03-16 00:00:00+09:00,638.4298416471829,647.8880615234375,638.4298416471829,647.8880615234375,13500,0.0,0.0
2005-03-17 00:00:00+09:00,650.2527312318722,658.1345825195312,648.6763609743405,658.1345825195312,18600,0.0,0.0
2005-03-18 00:00:00+09:00,658.9226998383144,669.1691054578098,658.9226998383144,668.3809204101562,19000,0.0,0.0
2005-03-21 00:00:00+09:00,668.3809204101562,668.3809204101562,668.3809204101562,668.3809204101562,0,0.0,0.0
2005-03-22 00:00:00+09:00,665.2281802195423,669.9572905054632,655.7699596477005,668.3809204101562,27100,0.0,0.0
2005-03-23 00:00:00+09:00,669.1690975753513,669.9572826137204,666.016357421875,666.016357421875,13900,0.0,0.0
2005-03-24 00:00:00+09:00,668.380958311606,668.380958311606,654.1936266493313,661.2872924804688,25900,0.0,0.0
2005-03-25 00:00:00+09:00,661.2872776709962,669.1691284179688,658.9227224469045,669.1691284179688,20800,0.0,0.0
2005-03-28 00:00:00+09:00,613.2719189578006,629.2425418473266,613.2719189578006,624.4513549804688,24900,11.0,0.0
2005-03-29 00:00:00+09:00,620.4586343876008,626.8468828755041,618.861572265625,618.861572265625,10700,0.0,0.0
2005-03-30 00:00:00+09:00,618.063232421875,620.4588263459908,618.063232421875,618.063232421875,7900,0.0,0.0
2005-03-31 00:00:00+09:00,618.063090191706,618.8616213159846,610.8763100731977,614.0704345703125,5600,0.0,0.0
2005-04-01 00:00:00+09:00,614.8690739384404,614.8690739384404,603.6896362304688,603.6896362304688,7400,0.0,0.0
2005-04-04 00:00:00+09:00,606.8838500976562,606.8838500976562,603.6897245708265,606.8838500976562,2600,0.0,0.0
2005-04-05 00:00:00+09:00,606.8838500976562,606.8838500976562,603.6897245708265,606.8838500976562,3800,0.0,0.0
2005-04-06 00:00:00+09:00,606.8837446147345,606.8837446147345,604.4881508859921,605.2866821289062,3200,0.0,0.0
2005-04-07 00:00:00+09:00,606.8836951130972,610.0778198242188,606.8836951130972,610.0778198242188,2600,0.0,0.0
2005-04-08 00:00:00+09:00,614.8690600426369,614.8690600426369,607.6822788213593,610.8764038085938,4800,0.0,0.0
2005-04-11 00:00:00+09:00,614.0705038706461,615.6675662994385,611.6749102274576,613.27197265625,3700,0.0,0.0
2005-04-12 00:00:00+09:00,614.8690318685324,614.8690318685324,606.8837197663436,607.6822509765625,6800,0.0,0.0
2005-04-13 00:00:00+09:00,606.8837475745506,610.8764038085938,603.6896225873162,610.8764038085938,3700,0.0,0.0
2005-04-14 00:00:00+09:00,610.8765070061935,610.8765070061935,602.891193189119,606.8838500976562,5500,0.0,0.0
2005-04-15 00:00:00+09:00,598.898456901904,602.89111328125,598.0999256260347,602.89111328125,7800,0.0,0.0
2005-04-18 00:00:00+09:00,598.8982786615211,602.0924028143825,596.502685546875,596.502685546875,3100,0.0,0.0
2005-04-19 00:00:00+09:00,595.7041545086596,598.8982786615211,594.9056234704443,596.502685546875,2800,0.0,0.0
2005-04-20 00:00:00+09:00,598.8983481563129,598.8983481563129,595.7042236328125,595.7042236328125,2000,0.0,0.0
2005-04-21 00:00:00+09:00,598.0998252510224,598.0998252510224,594.9057006835938,594.9057006835938,1300,0.0,0.0
2005-04-22 00:00:00+09:00,598.8983481563129,598.8983481563129,594.9056925019374,595.7042236328125,2100,0.0,0.0
2005-04-25 00:00:00+09:00,598.099845296224,598.8983764648438,594.9057206217448,598.8983764648438,2700,0.0,0.0
2005-04-26 00:00:00+09:00,598.898456901904,602.89111328125,598.898456901904,602.89111328125,4600,0.0,0.0
2005-04-27 00:00:00+09:00,600.4954388020833,602.8910323079427,598.8983764648438,598.8983764648438,900,0.0,0.0
2005-04-28 00:00:00+09:00,599.6969076334635,599.6969076334635,595.7042517903645,598.8983764648438,1900,0.0,0.0
2005-04-29 00:00:00+09:00,598.8983764648438,598.8983764648438,598.8983764648438,598.8983764648438,0,0.0,0.0
2005-05-02 00:00:00+09:00,598.8983764648438,598.8983764648438,594.9057206217448,598.8983764648438,3100,0.0,0.0
2005-05-03 00:00:00+09:00,598.8983764648438,598.8983764648438,598.8983764648438,598.8983764648438,0,0.0,0.0
2005-05-04 00:00:00+09:00,598.8983764648438,598.8983764648438,598.8983764648438,598.8983764648438,0,0.0,0.0
2005-05-05 00:00:00+09:00,598.8983764648438,598.8983764648438,598.8983764648438,598.8983764648438,0,0.0,0.0
2005-05-06 00:00:00+09:00,595.7042354827231,602.8910158035603,595.7042354827231,600.4954223632812,2500,0.0,0.0
2005-05-09 00:00:00+09:00,599.6969854181464,600.4955166903409,595.7043290571733,597.3013916015625,2900,0.0,0.0
2005-05-10 00:00:00+09:00,598.8983682563874,599.6968994140625,596.5027747833618,599.6968994140625,1600,0.0,0.0
2005-05-11 00:00:00+09:00,598.8983235785735,600.495385774783,598.0997924804688,598.0997924804688,2000,0.0,0.0
2005-05-12 00:00:00+09:00,600.4954388020833,600.4954388020833,596.5027829589844,598.8983764648438,1200,0.0,0.0
2005-05-13 00:00:00+09:00,594.9057006835938,598.0998252510224,594.9057006835938,594.9057006835938,3900,0.0,0.0
2005-05-16 00:00:00+09:00,597.3012165850903,603.6894648908133,594.9056234704443,596.502685546875,5900,0.0,0.0
2005-05-17 00:00:00+09:00,596.5027629673081,600.4954186765939,594.9057006835938,594.9057006835938,2500,0.0,0.0
2005-05-18 00:00:00+09:00,594.9057700044366,595.7043012393418,593.308707534626,594.1072387695312,3400,0.0,0.0
2005-05-19 00:00:00+09:00,594.1071859490663,595.7042482768863,592.5101236212462,593.3086547851562,2900,0.0,0.0
2005-05-20 00:00:00+09:00,591.711576116165,595.7042318254508,591.711576116165,594.9057006835938,2500,0.0,0.0
2005-05-23 00:00:00+09:00,598.8985216295397,598.8985216295397,590.9132080078125,590.9132080078125,5100,0.0,0.0
2005-05-24 00:00:00+09:00,592.5102039683949,598.0999228737571,592.5102039683949,597.3013916015625,700,0.0,0.0
2005-05-25 00:00:00+09:00,598.0998252510224,598.8983563928796,594.9057006835938,594.9057006835938,1700,0.0,0.0
2005-05-26 00:00:00+09:00,594.9057006835938,595.7042318254508,593.3086383998793,594.9057006835938,2200,0.0,0.0
2005-05-27 00:00:00+09:00,593.308707534626,594.9057700044366,590.9131138299101,594.1072387695312,2300,0.0,0.0
2005-05-30 00:00:00+09:00,594.9057006835938,594.9057006835938,591.711576116165,594.9057006835938,1700,0.0,0.0
2005-05-31 00:00:00+09:00,598.0999116717644,598.0999116717644,590.9131303566164,592.5101928710938,3400,0.0,0.0
2005-06-01 00:00:00+09:00,597.3012941091653,597.3012941091653,590.9130449743078,594.9057006835938,3200,0.0,0.0
2005-06-02 00:00:00+09:00,596.5027629673081,596.5027629673081,593.3086383998793,594.9057006835938,1400,0.0,0.0
2005-06-03 00:00:00+09:00,593.308707534626,594.1072387695312,591.7116450648155,594.1072387695312,800,0.0,0.0
2005-06-06 00:00:00+09:00,594.1071695417365,598.0998252510224,594.1071695417365,594.9057006835938,2400,0.0,0.0
2005-06-07 00:00:00+09:00,594.9057006835938,594.9057006835938,594.9057006835938,594.9057006835938,1000,0.0,0.0
2005-06-08 00:00:00+09:00,594.9057700044366,595.7043012393418,592.5101762997207,594.1072387695312,3600,0.0,0.0
2005-06-09 00:00:00+09:00,596.5027794407964,596.5027794407964,593.3086547851562,593.3086547851562,700,0.0,0.0
2005-06-10 00:00:00+09:00,592.5101400728007,595.7042648171284,591.7116088867188,591.7116088867188,2100,0.0,0.0
2005-06-13 00:00:00+09:00,594.9057006835938,594.9057006835938,592.5101072580222,594.9057006835938,1300,0.0,0.0
2005-06-14 00:00:00+09:00,594.9057700044366,596.5028324742472,594.1072387695312,594.1072387695312,1100,0.0,0.0
2005-06-15 00:00:00+09:00,594.1071695417365,594.9057006835938,592.5101072580222,594.9057006835938,2600,0.0,0.0
2005-06-16 00:00:00+09:00,594.9057336310465,594.9057336310465,591.7116088867188,591.7116088867188,1900,0.0,0.0
2005-06-17 00:00:00+09:00,591.7116616138551,598.8984429290031,590.9131303566164,592.5101928710938,5900,0.0,0.0
2005-06-20 00:00:00+09:00,597.3013637091524,598.0998949440577,591.7116450648155,594.1072387695312,2500,0.0,0.0
2005-06-21 00:00:00+09:00,598.0997476233057,598.0997476233057,594.9056234704443,596.502685546875,600,0.0,0.0
2005-06-22 00:00:00+09:00,598.0999228737571,598.8984541459517,596.5028603293679,597.3013916015625,1600,0.0,0.0
2005-06-23 00:00:00+09:00,598.8982786615211,598.8982786615211,596.502685546875,596.502685546875,2800,0.0,0.0
2005-06-24 00:00:00+09:00,598.0997476233057,599.6968096997364,596.502685546875,596.502685546875,3100,0.0,0.0
2005-06-27 00:00:00+09:00,600.4955111710483,603.6896362304688,600.4955111710483,603.6896362304688,3300,0.0,0.0
2005-06-28 00:00:00+09:00,605.2867873342414,608.4809128610711,603.6897245708265,606.8838500976562,4900,0.0,0.0
2005-06-29 00:00:00+09:00,610.8763985183539,618.0631796773934,610.8763985183539,617.2646484375,5200,0.0,0.0
2005-06-30 00:00:00+09:00,620.4586343876008,621.2571654485887,614.8689169606855,618.861572265625,6000,0.0,0.0
2005-07-01 00:00:00+09:00,620.458613725142,620.458613725142,614.868896484375,614.868896484375,2600,0.0,0.0
2005-07-04 00:00:00+09:00,618.8616579678392,618.8616579678392,614.0704709384107,616.466064453125,3200,0.0,0.0
2005-07-05 00:00:00+09:00,618.8616911570231,618.8616911570231,613.27197265625,613.27197265625,4800,0.0,0.0
2005-07-06 00:00:00+09:00,614.868896484375,617.2644895875609,613.2718344155844,614.868896484375,1600,0.0,0.0
2005-07-07 00:00:00+09:00,615.6674275187703,615.6674275187703,614.868896484375,614.868896484375,1700,0.0,0.0
2005-07-08 00:00:00+09:00,614.8689656945912,614.8689656945912,610.0777789489191,614.0704345703125,5400,0.0,0.0
2005-07-11 00:00:00+09:00,614.0704923214249,614.0704923214249,608.4807739257812,608.4807739257812,4000,0.0,0.0
2005-07-12 00:00:00+09:00,614.8690068909011,614.8690068909011,610.0778198242188,610.0778198242188,2500,0.0,0.0
2005-07-13 00:00:00+09:00,610.8763510019992,614.8690068909011,608.480757468658,610.0778198242188,2200,0.0,0.0
2005-07-14 00:00:00+09:00,614.0704757131207,614.8690068909011,610.0778198242188,610.0778198242188,1900,0.0,0.0
2005-07-15 00:00:00+09:00,614.0705287958283,614.8690600426369,610.8764038085938,610.8764038085938,4000,0.0,0.0
2005-07-18 00:00:00+09:00,610.8764038085938,610.8764038085938,610.8764038085938,610.8764038085938,0,0.0,0.0
2005-07-19 00:00:00+09:00,610.8764038085938,613.2719975490196,610.8764038085938,610.8764038085938,2500,0.0,0.0
2005-07-20 00:00:00+09:00,614.8691639147306,614.8691639147306,606.8838500976562,606.8838500976562,8500,0.0,0.0
2005-07-21 00:00:00+09:00,610.8763309523993,610.8763309523993,606.0851440429688,606.0851440429688,3900,0.0,0.0
2005-07-22 00:00:00+09:00,606.8838500976562,608.4809128610711,606.0853187159488,606.8838500976562,1200,0.0,0.0
2005-07-25 00:00:00+09:00,611.6750383879009,611.6750383879009,606.0853187159488,606.8838500976562,3600,0.0,0.0
2005-07-26 00:00:00+09:00,608.480757468658,614.8690068909011,606.8836951130972,610.0778198242188,3000,0.0,0.0
2005-07-27 00:00:00+09:00,615.6674275187703,615.6674275187703,609.2791792436079,614.868896484375,3200,0.0,0.0
2005-07-28 00:00:00+09:00,617.2645426748946,617.2645426748946,615.66748046875,615.66748046875,2400,0.0,0.0
2005-07-29 00:00:00+09:00,614.8690021099821,618.0631267962677,614.8690021099821,616.466064453125,2900,0.0,0.0
2005-08-01 00:00:00+09:00,623.6528149750598,642.817562170196,623.6528149750598,637.2278442382812,16600,0.0,0.0
2005-08-02 00:00:00+09:00,629.2425950246449,629.2425950246449,624.4514077528836,625.2499389648438,5100,0.0,0.0
2005-08-03 00:00:00+09:00,626.0484337439904,627.64549607497,622.8543090820312,622.8543090820312,2700,0.0,0.0
2005-08-04 00:00:00+09:00,622.8543090820312,622.8543090820312,615.6675285926232,622.8543090820312,4500,0.0,0.0
2005-08-05 00:00:00+09:00,622.8543895551353,626.8470458984375,618.8617332118332,626.8470458984375,3200,0.0,0.0
2005-08-08 00:00:00+09:00,626.0483970298424,626.0483970298424,614.8689613685951,620.4586791992188,3400,0.0,0.0
2005-08-09 00:00:00+09:00,614.869090601341,622.8544034662935,614.869090601341,619.6602783203125,2000,0.0,0.0
2005-08-10 00:00:00+09:00,614.8689974271334,622.8543090820312,614.8689974271334,622.8543090820312,4800,0.0,0.0
2005-08-11 00:00:00+09:00,622.8542725552003,624.4513347925213,614.8689613685951,620.4586791992188,7300,0.0,0.0
2005-08-12 00:00:00+09:00,620.4586343876008,622.8542275705646,618.861572265625,618.861572265625,1600,0.0,0.0
2005-08-15 00:00:00+09:00,622.8544034662935,622.8544034662935,618.8617470338172,619.6602783203125,2600,0.0,0.0
2005-08-16 00:00:00+09:00,621.2572103178793,622.8542725552003,617.2645547245767,620.4586791992188,4900,0.0,0.0
2005-08-17 00:00:00+09:00,620.4587237807385,622.0557861328125,619.6601926047016,622.0557861328125,1400,0.0,0.0
2005-08-18 00:00:00+09:00,622.8543090820312,622.8543090820312,621.2572467510516,622.8543090820312,2600,0.0,0.0
2005-08-19 00:00:00+09:00,622.8543453289632,625.2499389648438,620.4587516930825,625.2499389648438,3100,0.0,0.0
2005-08-22 00:00:00+09:00,625.2499389648438,626.8470013887642,622.8543453289632,625.2499389648438,3600,0.0,0.0
2005-08-23 00:00:00+09:00,626.8469484138977,626.8469484138977,624.4513549804688,624.4513549804688,2000,0.0,0.0
2005-08-24 00:00:00+09:00,623.65283203125,626.8469566511284,623.65283203125,623.65283203125,4100,0.0,0.0
2005-08-25 00:00:00+09:00,623.65283203125,626.0484254961588,623.65283203125,623.65283203125,1500,0.0,0.0
2005-08-26 00:00:00+09:00,623.6528765409233,627.6455326007244,623.6528765409233,625.2499389648438,4100,0.0,0.0
2005-08-29 00:00:00+09:00,628.4440835091063,633.235270931031,626.8470210351315,629.2426147460938,4800,0.0,0.0
2005-08-30 00:00:00+09:00,631.638155441575,633.2352177815031,628.4440307617188,628.4440307617188,3200,0.0,0.0
2005-08-31 00:00:00+09:00,630.041015625,630.041015625,628.4439534814638,630.041015625,3700,0.0,0.0
2005-09-01 00:00:00+09:00,630.839546696768,631.6380777685362,630.041015625,630.041015625,2800,0.0,0.0
2005-09-02 00:00:00+09:00,631.6381753478387,633.2352377380987,630.8396441527087,632.4367065429688,3200,0.0,0.0
2005-09-05 00:00:00+09:00,634.832242695948,638.0263671875,633.2351804501722,638.0263671875,4900,0.0,0.0
2005-09-06 00:00:00+09:00,638.0263872288946,642.01904296875,634.8322626370102,642.01904296875,6400,0.0,0.0
2005-09-07 00:00:00+09:00,642.817626953125,644.4146893803378,642.0190957395187,642.817626953125,3100,0.0,0.0
2005-09-08 00:00:00+09:00,643.6160522308919,644.4145833130642,641.220458984375,641.220458984375,2800,0.0,0.0
2005-09-09 00:00:00+09:00,642.0189900665473,642.8175211487196,641.220458984375,641.220458984375,2800,0.0,0.0
2005-09-12 00:00:00+09:00,642.8175211487196,642.8175211487196,639.6233968200303,641.220458984375,3300,0.0,0.0
2005-09-13 00:00:00+09:00,643.6160806989138,645.2131429338987,641.2204873464365,644.4146118164062,3700,0.0,0.0
2005-09-14 00:00:00+09:00,646.0117105366271,646.8102416992188,641.2205235610774,646.8102416992188,2800,0.0,0.0
2005-09-15 00:00:00+09:00,646.8102051688836,646.8102051688836,641.2204873464365,644.4146118164062,4600,0.0,0.0
2005-09-16 00:00:00+09:00,646.8102830211568,646.8102830211568,642.817626953125,642.817626953125,3300,0.0,0.0
2005-09-19 00:00:00+09:00,642.817626953125,642.817626953125,642.817626953125,642.817626953125,0,0.0,0.0
2005-09-20 00:00:00+09:00,649.2058434409765,649.2058434409765,638.0264070225587,646.01171875,10500,0.0,0.0
2005-09-21 00:00:00+09:00,650.0043862933762,650.8029174804688,646.8102615450058,650.8029174804688,7300,0.0,0.0
2005-09-22 00:00:00+09:00,653.9972028142755,658.7883911132812,650.803077281605,658.7883911132812,10600,0.0,0.0
2005-09-23 00:00:00+09:00,658.7883911132812,658.7883911132812,658.7883911132812,658.7883911132812,0,0.0,0.0
2005-09-26 00:00:00+09:00,659.5867786887163,670.7662156156438,659.5867786887163,666.7735595703125,11700,0.0,0.0
2005-09-27 00:00:00+09:00,634.8322384064968,648.4072674038684,630.8395828190346,644.4146118164062,10600,0.0,0.0
2005-09-28 00:00:00+09:00,648.4072875976562,650.8028810247412,646.810225312933,648.4072875976562,3400,0.0,0.0
2005-09-29 00:00:00+09:00,650.0044027893892,654.795590033537,649.2058715820312,649.2058715820312,4700,0.0,0.0
2005-09-30 00:00:00+09:00,650.8029174804688,651.6014486675614,648.407323919191,650.8029174804688,3600,0.0,0.0
2005-10-03 00:00:00+09:00,651.6014486675614,651.6014486675614,646.8102615450058,650.8029174804688,3700,0.0,0.0
2005-10-04 00:00:00+09:00,650.8028279221014,650.8028279221014,646.8101725360763,647.6087036132812,3000,0.0,0.0
2005-10-05 00:00:00+09:00,647.6087610045475,650.0043544484607,638.8249183768656,642.01904296875,7200,0.0,0.0
2005-10-06 00:00:00+09:00,646.0117518075505,647.6088142347633,642.817626953125,642.817626953125,1400,0.0,0.0
2005-10-07 00:00:00+09:00,642.01904296875,645.2131675606342,642.01904296875,642.01904296875,2100,0.0,0.0
2005-10-10 00:00:00+09:00,642.01904296875,642.01904296875,642.01904296875,642.01904296875,0,0.0,0.0
2005-10-11 00:00:00+09:00,642.817626953125,646.0117518075505,642.0190957395187,642.817626953125,3900,0.0,0.0
2005-10-12 00:00:00+09:00,642.817602252016,646.8102581666247,642.817602252016,645.2131958007812,2200,0.0,0.0
2005-10-13 00:00:00+09:00,646.810225312933,648.4072875976562,646.810225312933,648.4072875976562,1900,0.0,0.0
2005-10-14 00:00:00+09:00,650.0043862933762,650.8029174804688,649.2058551062836,650.8029174804688,3400,0.0,0.0
2005-10-17 00:00:00+09:00,654.7956181389611,654.7956181389611,649.205899447531,652.4000244140625,4500,0.0,0.0
2005-10-18 00:00:00+09:00,654.7955850097062,656.3926474121689,654.7955850097062,655.5941162109375,3300,0.0,0.0
2005-10-19 00:00:00+09:00,655.5939860471553,656.3925170898438,654.795455004467,656.3925170898438,3400,0.0,0.0
2005-10-20 00:00:00+09:00,657.191328346946,658.7883911132812,653.9972028142755,658.7883911132812,3000,0.0,0.0
2005-10-21 00:00:00+09:00,659.5868085842689,659.5868085842689,651.6014961316747,657.98974609375,3100,0.0,0.0
2005-10-24 00:00:00+09:00,654.7956264720243,654.7956264720243,651.6015014648438,651.6015014648438,2100,0.0,0.0
2005-10-25 00:00:00+09:00,654.7955322265625,656.3925945002858,650.8028765422541,654.7955322265625,3600,0.0,0.0
2005-10-26 00:00:00+09:00,656.3926474121689,658.7882410158629,654.7955850097062,655.5941162109375,3200,0.0,0.0
2005-10-27 00:00:00+09:00,658.7883911132812,658.7883911132812,655.5942655806108,658.7883911132812,2200,0.0,0.0
2005-10-28 00:00:00+09:00,658.7882773390094,661.1838710747876,656.3926836032311,657.98974609375,3300,0.0,0.0
2005-10-31 00:00:00+09:00,658.7881834610648,662.7808391184046,658.7881834610648,661.1837768554688,4700,0.0,0.0
2005-11-01 00:00:00+09:00,661.9824052757878,663.5794677734375,661.1838740269629,663.5794677734375,3000,0.0,0.0
2005-11-02 00:00:00+09:00,666.7735927687368,666.7735927687368,659.5868115293133,663.5794677734375,10700,0.0,0.0
2005-11-03 00:00:00+09:00,663.5794677734375,663.5794677734375,663.5794677734375,663.5794677734375,0,0.0,0.0
2005-11-04 00:00:00+09:00,664.3779427399757,666.7735362835092,657.191162109375,657.191162109375,9500,0.0,0.0
2005-11-07 00:00:00+09:00,661.1838296446208,661.9823608398438,659.5867672541749,661.9823608398438,4400,0.0,0.0
2005-11-08 00:00:00+09:00,662.7809365246127,665.1765302710871,661.9824052757878,663.5794677734375,4400,0.0,0.0
2005-11-09 00:00:00+09:00,663.5793985220103,665.1764608529897,662.7808673565204,664.3779296875,3400,0.0,0.0
2005-11-10 00:00:00+09:00,663.5794429641833,666.7735678400638,663.5794429641833,665.9750366210938,2800,0.0,0.0
2005-11-11 00:00:00+09:00,666.7735595703125,667.5720907793788,665.9750283612462,666.7735595703125,4500,0.0,0.0
2005-11-14 00:00:00+09:00,668.3704915023876,669.1690225555566,666.7734293960498,667.5719604492188,6100,0.0,0.0
2005-11-15 00:00:00+09:00,666.7735678400638,667.572099059034,665.9750366210938,665.9750366210938,9700,0.0,0.0
2005-11-16 00:00:00+09:00,666.7735678400638,666.7735678400638,664.3779741831535,665.9750366210938,5800,0.0,0.0
2005-11-17 00:00:00+09:00,666.7734783126647,666.7734783126647,662.7808227539062,662.7808227539062,11400,0.0,0.0
2005-11-18 00:00:00+09:00,662.7808435951791,666.7734992794874,654.7955322265625,654.7955322265625,18600,0.0,0.0
2005-11-21 00:00:00+09:00,662.7810480291193,665.9751735617898,657.9898597301136,658.7883911132812,9400,0.0,0.0
2005-11-22 00:00:00+09:00,658.7883911132812,658.7883911132812,655.5942655806108,658.7883911132812,9400,0.0,0.0
2005-11-23 00:00:00+09:00,658.7883911132812,658.7883911132812,658.7883911132812,658.7883911132812,0,0.0,0.0
2005-11-24 00:00:00+09:00,665.17649715218,666.7735595703125,662.7809035249813,666.7735595703125,11400,0.0,0.0
2005-11-25 00:00:00+09:00,666.7735595703125,666.7735595703125,664.3779659431137,666.7735595703125,4200,0.0,0.0
2005-11-28 00:00:00+09:00,668.3704915023876,668.3704915023876,666.7734293960498,667.5719604492188,5100,0.0,0.0
2005-11-29 00:00:00+09:00,669.1692197909765,677.9530639648438,669.1692197909765,677.9530639648438,9900,0.0,0.0
2005-11-30 00:00:00+09:00,678.7515393051891,678.7515393051891,671.5647583007812,671.5647583007812,8800,0.0,0.0
2005-12-01 00:00:00+09:00,677.1544552364865,681.9456424197635,675.5573928420608,679.550048828125,8200,0.0,0.0
2005-12-02 00:00:00+09:00,682.7441395726697,702.707418507543,679.55001494309,694.7221069335938,11900,0.0,0.0
2005-12-05 00:00:00+09:00,694.7221352737376,734.6486947722284,694.7221352737376,727.4619140625,22800,0.0,0.0
2005-12-06 00:00:00+09:00,718.678051272765,725.0663006174117,715.4839266004415,723.46923828125,10600,0.0,0.0
2005-12-07 00:00:00+09:00,724.267785941605,726.6633795003975,717.8795364514916,721.8721923828125,13300,0.0,0.0
2005-12-08 00:00:00+09:00,713.8869350476211,718.6781225311622,706.7001538223095,710.6928100585938,12200,0.0,0.0
2005-12-09 00:00:00+09:00,718.6780791230254,726.6633911132812,714.6854231278975,726.6633911132812,12200,0.0,0.0
2005-12-12 00:00:00+09:00,730.6560094341022,737.044258696914,730.6560094341022,736.2457275390625,7700,0.0,0.0
2005-12-13 00:00:00+09:00,736.2457655015883,736.2457655015883,725.8648599142557,726.6633911132812,13000,0.0,0.0
2005-12-14 00:00:00+09:00,727.461897617102,729.0589599609375,725.0663041013486,729.0589599609375,9400,0.0,0.0
2005-12-15 00:00:00+09:00,726.6632160652589,726.6632160652589,718.6779059986077,725.8646850585938,13900,0.0,0.0
2005-12-16 00:00:00+09:00,725.8647583007812,725.8647583007812,718.677978515625,718.677978515625,4800,0.0,0.0
2005-12-19 00:00:00+09:00,721.0736922467341,734.64872299778,721.0736922467341,730.6560668945312,8400,0.0,0.0
2005-12-20 00:00:00+09:00,730.6560503877496,735.447237603407,730.6560503877496,732.2531127929688,7000,0.0,0.0
2005-12-21 00:00:00+09:00,734.6487704190341,738.6414267800071,726.6634576970881,737.8428955078125,11700,0.0,0.0
2005-12-22 00:00:00+09:00,739.4398673807236,750.619303820605,739.4398673807236,746.6266479492188,17200,0.0,0.0
2005-12-23 00:00:00+09:00,746.6266479492188,746.6266479492188,746.6266479492188,746.6266479492188,0,0.0,0.0
2005-12-26 00:00:00+09:00,758.6047305941332,764.9929809570312,754.612074117322,764.9929809570312,11400,0.0,0.0
2005-12-27 00:00:00+09:00,766.589936277034,779.3664352149846,766.589936277034,775.373779296875,12300,0.0,0.0
2005-12-28 00:00:00+09:00,779.3664013178661,790.5458374023438,779.3664013178661,790.5458374023438,9300,0.0,0.0
2005-12-29 00:00:00+09:00,797.732667629679,821.6886035945342,796.9341364308506,815.3003540039062,23400,0.0,0.0
2005-12-30 00:00:00+09:00,820.8900415808561,838.4577272956215,820.8900415808561,836.0621337890625,8500,0.0,0.0
2006-01-02 00:00:00+09:00,836.0621337890625,836.0621337890625,836.0621337890625,836.0621337890625,0,0.0,0.0
2006-01-03 00:00:00+09:00,836.0621337890625,836.0621337890625,836.0621337890625,836.0621337890625,0,0.0,0.0
2006-01-04 00:00:00+09:00,853.6298964014593,853.6298964014593,837.6592715857164,846.443115234375,8600,0.0,0.0
2006-01-05 00:00:00+09:00,852.8312214788989,854.4282836914061,847.2415037351234,854.4282836914062,15500,0.0,0.0
2006-01-06 00:00:00+09:00,854.4283088713091,856.0253711308816,840.0547485351562,840.0547485351562,19500,0.0,0.0
2006-01-09 00:00:00+09:00,840.0547485351562,840.0547485351562,840.0547485351562,840.0547485351562,0,0.0,0.0
2006-01-10 00:00:00+09:00,839.2563753679465,852.0328758492853,838.4578440878629,842.4505004882812,12600,0.0,0.0
2006-01-11 00:00:00+09:00,842.4505004882812,850.4358132891181,842.4505004882812,842.4505004882812,10300,0.0,0.0
2006-01-12 00:00:00+09:00,846.4430706983253,848.0401330958692,842.4504147044652,844.8460083007812,6500,0.0,0.0
2006-01-13 00:00:00+09:00,848.8384928882571,850.4355549633054,843.2487756255874,849.6370239257812,8300,0.0,0.0
2006-01-16 00:00:00+09:00,878.3841552734375,878.3841552734375,862.4135342684659,878.3841552734375,15400,0.0,0.0
2006-01-17 00:00:00+09:00,878.38439667706,902.3403347682525,878.38439667706,890.3623657226562,21600,0.0,0.0
2006-01-18 00:00:00+09:00,894.3549479166667,902.3402599516369,758.6046433221726,838.457763671875,49200,0.0,0.0
2006-01-19 00:00:00+09:00,800.1281931368339,898.3475222344692,800.1281931368339,893.5563354492188,18900,0.0,0.0
2006-01-20 00:00:00+09:00,914.3181635230211,934.2814422025631,914.3181635230211,921.5049438476562,21500,0.0,0.0
2006-01-23 00:00:00+09:00,939.0726763947102,942.2668011443521,930.2888333331952,940.6697387695312,20400,0.0,0.0
2006-01-24 00:00:00+09:00,950.2522139115767,951.8492764559659,940.6698386452415,948.6551513671875,20200,0.0,0.0
2006-01-25 00:00:00+09:00,949.4536235838594,949.4536235838594,934.2815303558583,936.6771240234375,17200,0.0,0.0
2006-01-26 00:00:00+09:00,938.2743719068625,942.2670288085938,938.2743719068625,942.2670288085938,5900,0.0,0.0
2006-01-27 00:00:00+09:00,946.2595380974944,947.0580693532729,942.266881818602,944.6624755859375,9600,0.0,0.0
2006-01-30 00:00:00+09:00,950.2523193359375,951.8493820575105,947.0581938927915,950.2523193359375,13100,0.0,0.0
2006-01-31 00:00:00+09:00,950.2523193359375,954.24497613987,950.2523193359375,950.2523193359375,11900,0.0,0.0
2006-02-01 00:00:00+09:00,950.2520596383483,950.2520596383483,930.2887810745175,939.8711547851562,16800,0.0,0.0
2006-02-02 00:00:00+09:00,950.2521197427839,954.2447757080897,948.6550573566616,951.8491821289062,15700,0.0,0.0
2006-02-03 00:00:00+09:00,951.8490519239836,954.2446451754702,944.662272169524,952.6475830078125,9000,0.0,0.0
2006-02-06 00:00:00+09:00,954.2447757080897,954.2447757080897,950.2521197427839,951.8491821289062,6700,0.0,0.0
2006-02-07 00:00:00+09:00,951.8490519239836,952.6475830078125,947.8563965048394,952.6475830078125,9100,0.0,0.0
2006-02-08 00:00:00+09:00,952.647913418297,953.4464447790835,942.2670057280725,950.2523193359375,11900,0.0,0.0
2006-02-09 00:00:00+09:00,942.2667036385373,942.2667036385373,922.3034260190767,926.2960815429688,77600,0.0,0.0
2006-02-10 00:00:00+09:00,929.4903952280681,930.2889264954462,919.9080200195312,919.9080200195312,28000,0.0,0.0
2006-02-13 00:00:00+09:00,918.3107503255209,918.3107503255209,837.659110514323,862.41357421875,34600,0.0,0.0
2006-02-14 00:00:00+09:00,862.4135947539427,873.5930302414938,839.2561926725868,854.4282836914062,19400,0.0,0.0
2006-02-15 00:00:00+09:00,846.4431107547305,874.3917040343679,846.4431107547305,870.3990478515625,10100,0.0,0.0
2006-02-16 00:00:00+09:00,870.3990478515625,874.3917040343679,862.4137354859519,870.3990478515625,7100,0.0,0.0
2006-02-17 00:00:00+09:00,870.3991035546512,870.3991035546512,856.0255403766845,859.2196655273438,8900,0.0,0.0
2006-02-20 00:00:00+09:00,854.4282894172593,854.4282894172593,799.3296427165201,800.128173828125,18600,0.0,0.0
2006-02-21 00:00:00+09:00,798.5311068021334,830.4723510742188,794.5384512681228,830.4723510742188,14100,0.0,0.0
2006-02-22 00:00:00+09:00,830.4725365777011,853.6299438476562,830.4725365777011,853.6299438476562,5500,0.0,0.0
2006-02-23 00:00:00+09:00,858.4209108004605,877.5856567160057,858.4209108004605,875.1900634765625,5100,0.0,0.0
2006-02-24 00:00:00+09:00,878.3843939054744,890.3623629132763,874.3917375695404,884.7726440429688,8400,0.0,0.0
2006-02-27 00:00:00+09:00,898.3477867370823,900.7433808350479,890.3624730771971,897.5492553710938,4500,0.0,0.0
2006-02-28 00:00:00+09:00,898.3477783203125,902.3404351128472,894.3551215277778,898.3477783203125,7500,0.0,0.0
2006-03-01 00:00:00+09:00,894.3549857379721,894.3549857379721,878.3843609926512,887.9667358398438,8400,0.0,0.0
2006-03-02 00:00:00+09:00,887.9668052254444,893.5565243230867,887.1682739257812,887.1682739257812,2900,0.0,0.0
2006-03-03 00:00:00+09:00,887.9668052254444,890.362399124434,886.3697426261182,887.1682739257812,3300,0.0,0.0
2006-03-06 00:00:00+09:00,887.9667719135371,890.3623657226562,887.1682406438306,890.3623657226562,5700,0.0,0.0
2006-03-07 00:00:00+09:00,887.9667719135371,890.3623657226562,886.3697093741242,890.3623657226562,3200,0.0,0.0
2006-03-08 00:00:00+09:00,889.563720703125,890.362251870722,882.3769401947515,889.563720703125,7500,0.0,0.0
2006-03-09 00:00:00+09:00,882.3769401947515,890.362251870722,882.3769401947515,889.563720703125,3700,0.0,0.0
2006-03-10 00:00:00+09:00,890.3623657226562,893.5564908014819,888.7653031832434,890.3623657226562,8600,0.0,0.0
2006-03-13 00:00:00+09:00,898.3475096682284,900.7431030273438,891.1607295908826,900.7431030273438,5200,0.0,0.0
2006-03-14 00:00:00+09:00,902.3402298578607,906.3328857421875,900.7431675041299,906.3328857421875,5200,0.0,0.0
2006-03-15 00:00:00+09:00,909.5270551079286,910.3255863240023,906.3329302436339,907.9299926757812,7600,0.0,0.0
2006-03-16 00:00:00+09:00,910.3255863240023,914.3182424043707,905.5343990275602,907.9299926757812,7700,0.0,0.0
2006-03-17 00:00:00+09:00,911.1240680257374,913.5196615437718,907.929943335025,912.7211303710938,4800,0.0,0.0
2006-03-20 00:00:00+09:00,914.3181479718996,916.7137413726994,911.1240234375,911.1240234375,8000,0.0,0.0
2006-03-21 00:00:00+09:00,911.1240234375,911.1240234375,911.1240234375,911.1240234375,0,0.0,0.0
2006-03-22 00:00:00+09:00,914.31819271645,914.31819271645,911.9225991984156,912.7211303710938,8400,0.0,0.0
2006-03-23 00:00:00+09:00,913.5196451112173,914.3181762695312,913.5196451112173,914.3181762695312,7700,0.0,0.0
2006-03-24 00:00:00+09:00,914.3182734579159,916.7138671875,913.5197422147212,916.7138671875,11400,0.0,0.0
2006-03-27 00:00:00+09:00,916.7137896993885,918.3108520507812,914.3181961722995,918.3108520507812,25400,0.0,0.0
2006-03-28 00:00:00+09:00,836.0017290141436,887.6466234706159,819.8626994964961,885.2257690429688,31000,12.0,0.0
2006-03-29 00:00:00+09:00,869.0867651503961,879.5771346461762,861.0172501536422,864.2450561523438,10100,0.0,0.0
2006-03-30 00:00:00+09:00,864.2451287208037,870.700741260268,861.8242740185045,862.6312255859375,11300,0.0,0.0
2006-03-31 00:00:00+09:00,862.631325203203,865.8591318456846,848.1061953120359,848.9131469726562,10100,0.0,0.0
2006-04-03 00:00:00+09:00,848.9130364118304,852.1408426339285,845.6852301897321,847.2991333007812,14500,0.0,0.0
2006-04-04 00:00:00+09:00,847.2991769470041,852.1408865295584,847.2991769470041,849.7200317382812,7500,0.0,0.0
2006-04-05 00:00:00+09:00,851.333891078404,851.333891078404,847.2991333007812,847.2991333007812,6900,0.0,0.0
2006-04-06 00:00:00+09:00,848.1060848563058,848.9130364118304,847.2991333007812,847.2991333007812,5300,0.0,0.0
2006-04-07 00:00:00+09:00,848.9130364118304,850.5269395228795,847.2991333007812,847.2991333007812,7100,0.0,0.0
2006-04-10 00:00:00+09:00,849.7200317382812,850.5269833353736,847.2991769470041,849.7200317382812,6100,0.0,0.0
2006-04-11 00:00:00+09:00,851.3339785373572,852.9478818142053,851.3339785373572,852.1409301757812,5800,0.0,0.0
2006-04-12 00:00:00+09:00,854.5617296842603,854.5617296842603,849.7200201676355,851.3339233398438,6600,0.0,0.0
2006-04-13 00:00:00+09:00,847.2991333007812,849.7199879673549,847.2991333007812,847.2991333007812,8600,0.0,0.0
2006-04-14 00:00:00+09:00,832.7739696557971,839.2295818236715,832.7739696557971,835.19482421875,7400,0.0,0.0
2006-04-17 00:00:00+09:00,833.5808786958252,833.5808786958252,823.0905094576395,823.8974609375,6800,0.0,0.0
2006-04-18 00:00:00+09:00,824.7045081829202,827.1253629036137,819.0558471679688,819.0558471679688,7800,0.0,0.0
2006-04-19 00:00:00+09:00,819.0558907559438,821.4767456054688,819.0558907559438,821.4767456054688,2900,0.0,0.0
2006-04-20 00:00:00+09:00,821.4766579126651,821.4766579126651,815.8279972001027,816.6349487304688,3500,0.0,0.0
2006-04-21 00:00:00+09:00,815.021047677908,815.021047677908,806.9515323543643,807.7584838867188,8800,0.0,0.0
2006-04-24 00:00:00+09:00,806.9514612997731,806.9514612997731,800.495849609375,800.495849609375,7800,0.0,0.0
2006-04-25 00:00:00+09:00,798.0750847442534,798.8820362960677,794.8472785369966,796.461181640625,7100,0.0,0.0
2006-04-26 00:00:00+09:00,796.4611377250858,797.268089232406,794.040283203125,794.040283203125,5000,0.0,0.0
2006-04-27 00:00:00+09:00,794.0403098366477,798.8820190429688,792.426406767874,798.8820190429688,6700,0.0,0.0
2006-04-28 00:00:00+09:00,798.8820569903799,802.10986328125,798.8820569903799,802.10986328125,2000,0.0,0.0
2006-05-01 00:00:00+09:00,804.5306777573013,807.7584838867188,803.7237262249469,807.7584838867188,5100,0.0,0.0
2006-05-02 00:00:00+09:00,808.5654354190731,809.3723869514274,807.7584838867188,807.7584838867188,5100,0.0,0.0
2006-05-03 00:00:00+09:00,807.7584838867188,807.7584838867188,807.7584838867188,807.7584838867188,0,0.0,0.0
2006-05-04 00:00:00+09:00,807.7584838867188,807.7584838867188,807.7584838867188,807.7584838867188,0,0.0,0.0
2006-05-05 00:00:00+09:00,807.7584838867188,807.7584838867188,807.7584838867188,807.7584838867188,0,0.0,0.0
2006-05-08 00:00:00+09:00,815.0210859763681,815.0210859763681,807.7585218439054,810.986328125,4000,0.0,0.0
2006-05-09 00:00:00+09:00,811.7932739257812,814.2141286193969,811.7932739257812,811.7932739257812,1400,0.0,0.0
2006-05-10 00:00:00+09:00,813.4072323811445,814.2141840005702,810.9863775228672,812.6002807617188,1300,0.0,0.0
2006-05-11 00:00:00+09:00,814.2141344060946,814.2141344060946,810.986328125,810.986328125,1700,0.0,0.0
2006-05-12 00:00:00+09:00,810.9864857533315,810.9864857533315,806.144775390625,806.144775390625,4800,0.0,0.0
2006-05-15 00:00:00+09:00,849.719990264922,849.719990264922,815.0210732835434,838.4226684570312,10500,0.0,0.0
2006-05-16 00:00:00+09:00,838.4227501548208,838.4227501548208,827.1254272460938,827.1254272460938,5400,0.0,0.0
2006-05-17 00:00:00+09:00,827.1253595304727,827.1253595304727,806.1446187033582,810.986328125,5000,0.0,0.0
2006-05-18 00:00:00+09:00,810.1794230347292,810.1794230347292,803.7238101021816,804.53076171875,3800,0.0,0.0
2006-05-19 00:00:00+09:00,805.3377568359375,810.9864184570313,803.723853515625,806.95166015625,1900,0.0,0.0
2006-05-22 00:00:00+09:00,806.95166015625,810.9864184570313,806.95166015625,806.95166015625,2700,0.0,0.0
2006-05-23 00:00:00+09:00,806.9515323543643,810.1793384837817,806.9515323543643,807.7584838867188,4200,0.0,0.0
2006-05-24 00:00:00+09:00,806.9515323543643,808.5654354190731,805.3376292896556,807.7584838867188,3000,0.0,0.0
2006-05-25 00:00:00+09:00,804.5308051757812,806.95166015625,803.723853515625,806.95166015625,2500,0.0,0.0
2006-05-26 00:00:00+09:00,805.3378236635073,806.9517271177427,804.5308719363895,806.144775390625,700,0.0,0.0
2006-05-29 00:00:00+09:00,810.179466796875,810.179466796875,805.3377568359375,806.95166015625,3300,0.0,0.0
2006-05-30 00:00:00+09:00,806.95166015625,806.95166015625,805.3377568359375,806.95166015625,1700,0.0,0.0
2006-05-31 00:00:00+09:00,803.7237224867558,805.3376255439582,799.68896484375,799.68896484375,4100,0.0,0.0
2006-06-01 00:00:00+09:00,806.9515286011605,806.9515286011605,799.68896484375,799.68896484375,3600,0.0,0.0
2006-06-02 00:00:00+09:00,798.8820037531027,799.6889552720453,790.8124885636774,792.4263916015625,6300,0.0,0.0
2006-06-05 00:00:00+09:00,805.3376313180634,805.3376313180634,798.8820190429688,798.8820190429688,2000,0.0,0.0
2006-06-06 00:00:00+09:00,799.6891140546956,799.6891140546956,785.1639838296859,787.5848388671875,5400,0.0,0.0
2006-06-07 00:00:00+09:00,786.7778554144406,798.0751784665455,782.7430971815461,783.550048828125,3600,0.0,0.0
2006-06-08 00:00:00+09:00,773.8665974934896,785.1639200846355,762.5692749023438,762.5692749023438,8700,0.0,0.0
2006-06-09 00:00:00+09:00,746.4302454444125,773.8666004120992,746.4302454444125,770.6387939453125,5300,0.0,0.0
2006-06-12 00:00:00+09:00,766.6038675840736,794.84716796875,765.7969161445114,794.84716796875,2500,0.0,0.0
2006-06-13 00:00:00+09:00,778.7081909179688,794.8472207815536,778.7081909179688,778.7081909179688,1300,0.0,0.0
2006-06-14 00:00:00+09:00,780.3221846180954,791.6195068359375,780.3221846180954,791.6195068359375,1400,0.0,0.0
2006-06-15 00:00:00+09:00,790.8125036991004,801.3028736461292,790.8125036991004,798.8820190429688,4100,0.0,0.0
2006-06-16 00:00:00+09:00,803.7239202092718,806.9517271177427,803.7239202092718,806.144775390625,4000,0.0,0.0
2006-06-19 00:00:00+09:00,806.1446187033582,811.7932796952737,806.1446187033582,810.986328125,3800,0.0,0.0
2006-06-20 00:00:00+09:00,810.1793765547263,815.0210859763681,806.1446187033582,810.986328125,4400,0.0,0.0
2006-06-21 00:00:00+09:00,815.0210859763681,815.0210859763681,806.1446187033582,810.986328125,1800,0.0,0.0
2006-06-22 00:00:00+09:00,806.1446187033582,810.986328125,805.3376671330846,810.986328125,3000,0.0,0.0
2006-06-23 00:00:00+09:00,806.9515849619015,817.4419555664062,806.9515849619015,817.4419555664062,4500,0.0,0.0
2006-06-26 00:00:00+09:00,819.0559023759497,827.9323702834723,819.0559023759497,819.8628540039062,6100,0.0,0.0
2006-06-27 00:00:00+09:00,831.1600341796875,831.1600341796875,819.0557618372649,831.1600341796875,5400,0.0,0.0
2006-06-28 00:00:00+09:00,819.0559108827172,827.1254272460938,819.0559108827172,827.1254272460938,1600,0.0,0.0
2006-06-29 00:00:00+09:00,822.2837030491412,831.1601708936363,820.6697998046875,820.6697998046875,3100,0.0,0.0
2006-06-30 00:00:00+09:00,820.6697215360754,823.090576171875,819.8627699908088,823.090576171875,800,0.0,0.0
2006-07-03 00:00:00+09:00,831.9671538984786,841.6505737304688,831.9671538984786,841.6505737304688,6200,0.0,0.0
2006-07-04 00:00:00+09:00,842.4574558926985,852.947826512052,842.4574558926985,851.3339233398438,11500,0.0,0.0
2006-07-05 00:00:00+09:00,851.3338394813429,854.5616455078125,849.7199364681081,854.5616455078125,6400,0.0,0.0
2006-07-06 00:00:00+09:00,855.3686638815867,855.3686638815867,852.1408576027883,853.7547607421875,4900,0.0,0.0
2006-07-07 00:00:00+09:00,852.9477919309797,856.1755981445311,852.1408403775919,856.1755981445312,3200,0.0,0.0
2006-07-10 00:00:00+09:00,855.3687133789062,855.3687133789062,852.1409069133255,855.3687133789062,3400,0.0,0.0
2006-07-11 00:00:00+09:00,855.3686638815867,855.3686638815867,850.5269544633891,853.7547607421875,1600,0.0,0.0
2006-07-12 00:00:00+09:00,853.7547780981562,855.3686812703644,851.3339233398438,851.3339233398438,2500,0.0,0.0
2006-07-13 00:00:00+09:00,847.2991333007812,855.3686488560268,847.2991333007812,847.2991333007812,4200,0.0,0.0
2006-07-14 00:00:00+09:00,847.2991225298713,852.1408318014705,815.0210607192096,823.090576171875,4900,0.0,0.0
2006-07-17 00:00:00+09:00,823.090576171875,823.090576171875,823.090576171875,823.090576171875,0,0.0,0.0
2006-07-18 00:00:00+09:00,823.090519284739,831.1600341796875,823.090519284739,831.1600341796875,2800,0.0,0.0
2006-07-19 00:00:00+09:00,823.090693359375,823.090693359375,806.95166015625,806.95166015625,3200,0.0,0.0
2006-07-20 00:00:00+09:00,819.0558263990614,825.5114388238816,806.9515531025236,813.4071655273438,2900,0.0,0.0
2006-07-21 00:00:00+09:00,822.2836972219771,822.2836972219771,810.9863745908606,821.4767456054688,1100,0.0,0.0
2006-07-24 00:00:00+09:00,820.66984910001,823.0907041121044,812.6003323930286,822.2837524414062,1000,0.0,0.0
2006-07-25 00:00:00+09:00,812.60020608341,823.090576171875,812.60020608341,823.090576171875,1900,0.0,0.0
2006-07-26 00:00:00+09:00,826.3184347181009,826.3184347181009,815.0211123684394,815.8280639648438,1400,0.0,0.0
2006-07-27 00:00:00+09:00,810.9862842674027,810.9862842674027,808.5654296875,808.5654296875,1700,0.0,0.0
2006-07-28 00:00:00+09:00,810.986305138519,815.0210628755266,810.986305138519,814.214111328125,600,0.0,0.0
2006-07-31 00:00:00+09:00,813.4071655273438,814.2141170804463,811.7932624211387,813.4071655273438,800,0.0,0.0
2006-08-01 00:00:00+09:00,806.1446187033582,811.7932796952737,806.1446187033582,810.986328125,4200,0.0,0.0
2006-08-02 00:00:00+09:00,808.5654296875,810.9862842674027,806.9515266342315,808.5654296875,700,0.0,0.0
2006-08-03 00:00:00+09:00,807.7584838867188,810.9862900161362,807.7584838867188,807.7584838867188,1500,0.0,0.0
2006-08-04 00:00:00+09:00,809.3724249844528,810.986328125,806.9515702736319,810.986328125,3600,0.0,0.0
2006-08-07 00:00:00+09:00,815.0210686335488,815.0210686335488,810.9863108680362,813.4071655273438,2000,0.0,0.0
2006-08-08 00:00:00+09:00,812.600389207567,813.4073409346847,806.144775390625,806.144775390625,3400,0.0,0.0
2006-08-09 00:00:00+09:00,807.7584781608657,808.5654296875,807.7584781608657,808.5654296875,1100,0.0,0.0
2006-08-10 00:00:00+09:00,810.1793384837817,810.1793384837817,806.9515323543643,807.7584838867188,600,0.0,0.0
2006-08-11 00:00:00+09:00,809.3724307481987,810.1793823242188,808.5654791721785,810.1793823242188,900,0.0,0.0
2006-08-14 00:00:00+09:00,810.1794492012244,810.9864008438551,808.5655459159631,809.3724975585938,1400,0.0,0.0
2006-08-15 00:00:00+09:00,809.3724975585938,812.6003041291166,808.5655459159631,809.3724975585938,2000,0.0,0.0
2006-08-16 00:00:00+09:00,813.4072323811445,813.4072323811445,809.3724742840158,812.6002807617188,1300,0.0,0.0
2006-08-17 00:00:00+09:00,813.4072557717473,813.4072557717473,809.3724975585938,809.3724975585938,2700,0.0,0.0
2006-08-18 00:00:00+09:00,812.6002254903199,812.6002254903199,809.3724192321656,811.7932739257812,1500,0.0,0.0
2006-08-21 00:00:00+09:00,807.7584838867188,810.9862900161362,807.7584838867188,807.7584838867188,3700,0.0,0.0
2006-08-22 00:00:00+09:00,810.9862842674027,810.9862842674027,806.9515266342315,808.5654296875,1700,0.0,0.0
2006-08-23 00:00:00+09:00,809.3724975585938,809.3724975585938,808.5655459159631,809.3724975585938,1500,0.0,0.0
2006-08-24 00:00:00+09:00,807.7584781608657,809.3723812141342,806.9515266342315,808.5654296875,1900,0.0,0.0
2006-08-25 00:00:00+09:00,808.5654296875,809.3723812141342,807.7584781608657,808.5654296875,800,0.0,0.0
2006-08-28 00:00:00+09:00,808.5654354190731,808.5654354190731,806.9515323543643,807.7584838867188,3000,0.0,0.0
2006-08-29 00:00:00+09:00,806.95166015625,808.5655634765625,806.95166015625,806.95166015625,1100,0.0,0.0
2006-08-30 00:00:00+09:00,808.5656305719782,808.5656305719782,806.144775390625,806.144775390625,1100,0.0,0.0
2006-08-31 00:00:00+09:00,806.9516426307016,809.3724975585938,806.9516426307016,809.3724975585938,900,0.0,0.0
2006-09-01 00:00:00+09:00,807.7586118164062,809.3725151367187,806.95166015625,806.95166015625,1400,0.0,0.0
2006-09-04 00:00:00+09:00,806.9515702736319,810.986328125,806.9515702736319,810.986328125,2300,0.0,0.0
2006-09-05 00:00:00+09:00,810.986328125,812.6002312655472,809.3724249844528,810.986328125,2000,0.0,0.0
2006-09-06 00:00:00+09:00,810.9864008438551,810.9864008438551,809.3724975585938,809.3724975585938,1100,0.0,0.0
2006-09-07 00:00:00+09:00,807.7585218439054,810.986328125,806.9515702736319,810.986328125,2200,0.0,0.0
2006-09-08 00:00:00+09:00,810.1793327407685,810.1793327407685,806.9515266342315,808.5654296875,2000,0.0,0.0
2006-09-11 00:00:00+09:00,810.986328125,810.986328125,806.9515702736319,810.986328125,2800,0.0,0.0
2006-09-12 00:00:00+09:00,806.9515760201382,811.793285476259,806.9515760201382,810.1793823242188,1000,0.0,0.0
2006-09-13 00:00:00+09:00,806.9515760201382,810.1793823242188,806.9515760201382,810.1793823242188,1000,0.0,0.0
2006-09-14 00:00:00+09:00,807.7586118164062,807.7586118164062,806.95166015625,806.95166015625,1500,0.0,0.0
2006-09-15 00:00:00+09:00,808.5655634765625,808.5655634765625,806.95166015625,806.95166015625,2300,0.0,0.0
2006-09-18 00:00:00+09:00,806.95166015625,806.95166015625,806.95166015625,806.95166015625,0,0.0,0.0
2006-09-19 00:00:00+09:00,806.1447084960937,806.95166015625,806.1447084960937,806.95166015625,2700,0.0,0.0
2006-09-20 00:00:00+09:00,806.1447084960937,806.95166015625,806.1447084960937,806.95166015625,1000,0.0,0.0
2006-09-21 00:00:00+09:00,807.7584781608657,808.5654296875,806.9515266342315,808.5654296875,1900,0.0,0.0
2006-09-22 00:00:00+09:00,807.7586118164062,809.3725151367187,806.95166015625,806.95166015625,2100,0.0,0.0
2006-09-25 00:00:00+09:00,807.7584781608657,808.5654296875,807.7584781608657,808.5654296875,1000,0.0,0.0
2006-09-26 00:00:00+09:00,806.95166015625,808.5655634765625,806.95166015625,806.95166015625,2600,0.0,0.0
2006-09-27 00:00:00+09:00,805.3378236635073,806.9517271177427,805.3378236635073,806.144775390625,1900,0.0,0.0
2006-09-28 00:00:00+09:00,806.95166015625,806.95166015625,806.95166015625,806.95166015625,1100,0.0,0.0
2006-09-29 00:00:00+09:00,806.95166015625,807.7586118164062,806.1447084960937,806.95166015625,1200,0.0,0.0
2006-10-02 00:00:00+09:00,806.9515323543643,807.7584838867188,806.14458082201,807.7584838867188,2500,0.0,0.0
2006-10-03 00:00:00+09:00,798.8820340877066,805.337646484375,798.0750825381232,805.337646484375,13100,0.0,0.0
2006-10-04 00:00:00+09:00,805.3377191627839,805.3377191627839,802.1099126731535,803.7238159179688,2300,0.0,0.0
2006-10-05 00:00:00+09:00,806.9516282584799,806.9516282584799,802.9168701171875,802.9168701171875,2700,0.0,0.0
2006-10-06 00:00:00+09:00,806.1446766302214,806.1446766302214,802.9168701171875,802.9168701171875,2800,0.0,0.0
2006-10-09 00:00:00+09:00,802.9168701171875,802.9168701171875,802.9168701171875,802.9168701171875,0,0.0,0.0
2006-10-10 00:00:00+09:00,803.723821745446,803.723821745446,802.9168701171875,802.9168701171875,1100,0.0,0.0
2006-10-11 00:00:00+09:00,803.7237664266852,803.7237664266852,802.10986328125,802.10986328125,1900,0.0,0.0
2006-10-12 00:00:00+09:00,801.3029117085325,802.10986328125,799.6890085630973,802.10986328125,2400,0.0,0.0
2006-10-13 00:00:00+09:00,806.9515727175553,806.9515727175553,802.10986328125,802.10986328125,4800,0.0,0.0
2006-10-16 00:00:00+09:00,802.1097468657556,804.5306012325536,800.4958439545569,801.3027954101562,2200,0.0,0.0
2006-10-17 00:00:00+09:00,806.9517271177427,806.9517271177427,802.9169684821541,806.144775390625,2300,0.0,0.0
2006-10-18 00:00:00+09:00,805.337646484375,806.1445980339586,802.9167918356244,805.337646484375,800,0.0,0.0
2006-10-19 00:00:00+09:00,802.9168701171875,803.723821745446,802.9168701171875,802.9168701171875,1100,0.0,0.0
2006-10-20 00:00:00+09:00,802.9168584856131,804.53076171875,798.8821004027708,804.53076171875,9500,0.0,0.0
2006-10-23 00:00:00+09:00,804.5307675403764,806.1446707851915,803.7238159179688,803.7238159179688,1600,0.0,0.0
2006-10-24 00:00:00+09:00,804.5307675403764,805.3377191627839,802.9168642955611,803.7238159179688,2500,0.0,0.0
2006-10-25 00:00:00+09:00,802.9168701171875,804.5307733737044,802.9168701171875,802.9168701171875,1200,0.0,0.0
2006-10-26 00:00:00+09:00,804.5307675403764,804.5307675403764,802.9168642955611,803.7238159179688,900,0.0,0.0
2006-10-27 00:00:00+09:00,803.7238101021816,804.53076171875,803.7238101021816,804.53076171875,700,0.0,0.0
2006-10-30 00:00:00+09:00,803.723821745446,804.5307733737044,802.9168701171875,802.9168701171875,1900,0.0,0.0
2006-10-31 00:00:00+09:00,802.9167918356244,805.337646484375,801.3028887364572,805.337646484375,1800,0.0,0.0
2006-11-01 00:00:00+09:00,802.1099068690446,805.3377133353184,802.1099068690446,804.53076171875,1100,0.0,0.0
2006-11-02 00:00:00+09:00,805.3377191627839,805.3377191627839,802.9168642955611,803.7238159179688,1600,0.0,0.0
2006-11-03 00:00:00+09:00,803.7238159179688,803.7238159179688,803.7238159179688,803.7238159179688,0,0.0,0.0
2006-11-06 00:00:00+09:00,806.144664951887,806.144664951887,803.7238101021816,804.53076171875,1900,0.0,0.0
2006-11-07 00:00:00+09:00,806.1445980339586,806.1445980339586,805.337646484375,805.337646484375,1400,0.0,0.0
2006-11-08 00:00:00+09:00,804.5306949347914,805.337646484375,803.723743385208,805.337646484375,900,0.0,0.0
2006-11-09 00:00:00+09:00,805.3377250019629,805.3377250019629,802.9168701171875,802.9168701171875,800,0.0,0.0
2006-11-10 00:00:00+09:00,805.3377250019629,805.3377250019629,802.9168701171875,802.9168701171875,800,0.0,0.0
2006-11-13 00:00:00+09:00,802.9168701171875,805.3377250019629,802.9168701171875,802.9168701171875,3300,0.0,0.0
2006-11-14 00:00:00+09:00,802.9168701171875,803.723821745446,802.9168701171875,802.9168701171875,900,0.0,0.0
2006-11-15 00:00:00+09:00,802.1097525319744,802.9167039932743,799.6888981480752,800.495849609375,2700,0.0,0.0
2006-11-16 00:00:00+09:00,799.68896484375,800.4959163723512,799.68896484375,799.68896484375,1400,0.0,0.0
2006-11-17 00:00:00+09:00,799.6890636041536,802.9168701171875,798.8821119758951,802.9168701171875,3000,0.0,0.0
2006-11-20 00:00:00+09:00,802.9167709581546,803.7237224867558,798.8820133151489,799.68896484375,1500,0.0,0.0
2006-11-21 00:00:00+09:00,802.109825180516,802.109825180516,798.8820190429688,798.8820190429688,1500,0.0,0.0
2006-11-22 00:00:00+09:00,798.8819466867754,801.3028010706747,798.0749952254756,800.495849609375,2000,0.0,0.0
2006-11-23 00:00:00+09:00,800.495849609375,800.495849609375,800.495849609375,800.495849609375,0,0.0,0.0
2006-11-24 00:00:00+09:00,802.9167039932743,802.9167039932743,799.6888981480752,800.495849609375,900,0.0,0.0
2006-11-27 00:00:00+09:00,801.3029668606705,804.5307733737044,801.3029668606705,802.9168701171875,2200,0.0,0.0
2006-11-28 00:00:00+09:00,802.9168148539676,806.1446211448377,802.10986328125,802.10986328125,2100,0.0,0.0
2006-11-29 00:00:00+09:00,802.9167918356244,806.1445980339586,802.9167918356244,805.337646484375,1500,0.0,0.0
2006-11-30 00:00:00+09:00,805.3378236635073,806.144775390625,803.7239202092718,806.144775390625,2800,0.0,0.0
2006-12-01 00:00:00+09:00,806.1445980339586,806.1445980339586,805.337646484375,805.337646484375,1200,0.0,0.0
2006-12-04 00:00:00+09:00,806.1447084960937,806.95166015625,805.3377568359375,806.95166015625,2300,0.0,0.0
2006-12-05 00:00:00+09:00,806.9517271177427,807.7586788448605,806.144775390625,806.144775390625,3200,0.0,0.0
2006-12-06 00:00:00+09:00,807.7584838867188,807.7584838867188,806.14458082201,807.7584838867188,2400,0.0,0.0
2006-12-07 00:00:00+09:00,806.95166015625,807.7586118164062,806.1447084960937,806.95166015625,1500,0.0,0.0
2006-12-08 00:00:00+09:00,806.144775390625,806.9517271177427,806.144775390625,806.144775390625,1400,0.0,0.0
2006-12-11 00:00:00+09:00,806.1447084960937,806.95166015625,805.3377568359375,806.95166015625,4900,0.0,0.0
2006-12-12 00:00:00+09:00,806.144775390625,807.7586788448605,805.3378236635073,806.144775390625,2500,0.0,0.0
2006-12-13 00:00:00+09:00,806.14458082201,807.7584838867188,806.14458082201,807.7584838867188,600,0.0,0.0
2006-12-14 00:00:00+09:00,807.7585011331256,807.7585011331256,802.9167918356244,805.337646484375,6400,0.0,0.0
2006-12-15 00:00:00+09:00,807.7586118164062,807.7586118164062,805.3377568359375,806.95166015625,2100,0.0,0.0
2006-12-18 00:00:00+09:00,807.7584781608657,808.5654296875,806.1445751075973,808.5654296875,2200,0.0,0.0
2006-12-19 00:00:00+09:00,809.3724975585938,809.3724975585938,806.1446909880709,809.3724975585938,2100,0.0,0.0
2006-12-20 00:00:00+09:00,806.144775390625,806.9517271177427,806.144775390625,806.144775390625,1300,0.0,0.0
2006-12-21 00:00:00+09:00,806.14458082201,808.5654354190731,806.14458082201,807.7584838867188,1900,0.0,0.0
2006-12-22 00:00:00+09:00,808.5655634765625,809.3725151367187,806.1447084960937,806.95166015625,3200,0.0,0.0
2006-12-25 00:00:00+09:00,807.7586118164062,807.7586118164062,805.3377568359375,806.95166015625,3200,0.0,0.0
2006-12-26 00:00:00+09:00,806.1447084960937,806.95166015625,806.1447084960937,806.95166015625,1200,0.0,0.0
2006-12-27 00:00:00+09:00,807.7586118164062,809.3725151367187,805.3377568359375,806.95166015625,3100,0.0,0.0
2006-12-28 00:00:00+09:00,806.9516426307016,809.3724975585938,806.9516426307016,809.3724975585938,1800,0.0,0.0
2006-12-29 00:00:00+09:00,810.1793384837817,810.1793384837817,807.7584838867188,807.7584838867188,1600,0.0,0.0
2007-01-04 00:00:00+09:00,806.9515702736319,810.986328125,806.9515702736319,810.986328125,2200,0.0,0.0
2007-01-05 00:00:00+09:00,819.0558263990614,819.0558263990614,807.7585046556261,813.4071655273438,4300,0.0,0.0
2007-01-09 00:00:00+09:00,810.986305138519,814.214111328125,810.986305138519,814.214111328125,2600,0.0,0.0
2007-01-10 00:00:00+09:00,813.4071828358209,814.2141344060946,807.7585218439054,810.986328125,2900,0.0,0.0
2007-01-11 00:00:00+09:00,815.0210917803396,815.0210917803396,808.5654791721785,810.1793823242188,1700,0.0,0.0
2007-01-12 00:00:00+09:00,813.4071655273438,815.0210686335488,812.6002139742412,813.4071655273438,2600,0.0,0.0
2007-01-15 00:00:00+09:00,813.4071540454827,818.2488632957535,813.4071540454827,815.0210571289062,3500,0.0,0.0
2007-01-16 00:00:00+09:00,819.05585873633,819.05585873633,815.0211008115206,817.4419555664062,1100,0.0,0.0
2007-01-17 00:00:00+09:00,817.4419440208397,819.0558471679688,817.4419440208397,819.0558471679688,1700,0.0,0.0
2007-01-18 00:00:00+09:00,819.8627699908088,823.090576171875,819.8627699908088,823.090576171875,1800,0.0,0.0
2007-01-19 00:00:00+09:00,824.7044222637287,831.1600341796875,824.7044222637287,831.1600341796875,3300,0.0,0.0
2007-01-22 00:00:00+09:00,832.7739371586771,835.1947916271616,829.5461312006978,831.1600341796875,5100,0.0,0.0
2007-01-23 00:00:00+09:00,831.9670698675263,831.9670698675263,827.9323120117188,827.9323120117188,5700,0.0,0.0
2007-01-24 00:00:00+09:00,830.3531400792739,830.3531400792739,823.090576171875,823.090576171875,5400,0.0,0.0
2007-01-25 00:00:00+09:00,825.5114193074625,829.5461769775869,823.8975162394127,824.7044677734375,1200,0.0,0.0
2007-01-26 00:00:00+09:00,828.7391698166625,828.7391698166625,823.8974609375,823.8974609375,800,0.0,0.0
2007-01-29 00:00:00+09:00,823.0905094576395,827.9322183368022,823.0905094576395,823.8974609375,4100,0.0,0.0
2007-01-30 00:00:00+09:00,827.125377785542,827.125377785542,824.7045230212916,825.511474609375,1800,0.0,0.0
2007-01-31 00:00:00+09:00,826.3184814453125,831.1601912975311,826.3184814453125,826.3184814453125,1600,0.0,0.0
2007-02-01 00:00:00+09:00,831.1600341796875,831.1600341796875,826.3183252427184,831.1600341796875,2000,0.0,0.0
2007-02-02 00:00:00+09:00,828.7392809617089,833.5809904902096,825.511474609375,825.511474609375,2500,0.0,0.0
2007-02-05 00:00:00+09:00,834.3878401376668,834.3878401376668,831.1600341796875,831.1600341796875,2400,0.0,0.0
2007-02-06 00:00:00+09:00,835.1947246444214,835.1947246444214,829.5460646709809,831.9669189453125,2300,0.0,0.0
2007-02-07 00:00:00+09:00,835.1949026418287,835.1949026418287,832.7740478515625,832.7740478515625,1100,0.0,0.0
2007-02-08 00:00:00+09:00,836.0018310546875,836.0018310546875,832.7740247571791,836.0018310546875,1100,0.0,0.0
2007-02-09 00:00:00+09:00,836.8087942097588,836.8087942097588,831.9670846964912,834.387939453125,2200,0.0,0.0
2007-02-13 00:00:00+09:00,836.001726000953,836.001726000953,832.7739201090574,833.5808715820312,6100,0.0,0.0
2007-02-14 00:00:00+09:00,834.3878726977657,835.19482421875,832.7739696557971,835.19482421875,1700,0.0,0.0
2007-02-15 00:00:00+09:00,835.1947462489838,837.6156005859375,835.1947462489838,837.6156005859375,2000,0.0,0.0
2007-02-16 00:00:00+09:00,838.4226627056415,840.8435173621544,837.6157111534706,839.2296142578125,2800,0.0,0.0
2007-02-19 00:00:00+09:00,840.036606848353,851.3339291306555,840.036606848353,850.5269775390625,2800,0.0,0.0
2007-02-20 00:00:00+09:00,854.561761762511,855.3687133789062,851.3339552969302,855.3687133789062,3600,0.0,0.0
2007-02-21 00:00:00+09:00,851.333893380335,852.9477964957479,838.4226684570312,838.4226684570312,9500,0.0,0.0
2007-02-22 00:00:00+09:00,851.3339465692087,851.3339465692087,846.4922369204738,848.1061401367188,1500,0.0,0.0
2007-02-23 00:00:00+09:00,853.7547607421875,854.5617123118872,850.5269544633891,853.7547607421875,3000,0.0,0.0
2007-02-26 00:00:00+09:00,856.1756360264451,860.2103939719043,856.1756360264451,859.4034423828125,3200,0.0,0.0
2007-02-27 00:00:00+09:00,861.0173224510714,862.6312255859375,860.2103708836383,862.6312255859375,2600,0.0,0.0
2007-02-28 00:00:00+09:00,847.2991972149542,855.3687133789062,843.2644391329783,855.3687133789062,10500,0.0,0.0
2007-03-01 00:00:00+09:00,844.0714080146494,854.5617792423649,844.0714080146494,852.9478759765625,4900,0.0,0.0
2007-03-02 00:00:00+09:00,852.9478759765625,852.9478759765625,848.9131178120565,852.9478759765625,2300,0.0,0.0
2007-03-05 00:00:00+09:00,852.9478232935855,852.9478232935855,843.264404296875,843.264404296875,5800,0.0,0.0
2007-03-06 00:00:00+09:00,839.2296521417026,842.4574584960938,831.1601362557246,842.4574584960938,5600,0.0,0.0
2007-03-07 00:00:00+09:00,848.9130743558765,852.1408807222485,841.650510031539,850.5269775390625,2400,0.0,0.0
2007-03-08 00:00:00+09:00,850.5270210778589,852.9478759765625,849.7200694449577,852.9478759765625,2200,0.0,0.0
2007-03-09 00:00:00+09:00,852.947826512052,855.3686812703644,848.9130685815314,851.3339233398438,2400,0.0,0.0
2007-03-12 00:00:00+09:00,851.3339785373572,855.3687367294774,851.3339785373572,852.1409301757812,2100,0.0,0.0
2007-03-13 00:00:00+09:00,852.9477424945777,854.5616455078125,851.3338394813429,854.5616455078125,2000,0.0,0.0
2007-03-14 00:00:00+09:00,852.1408981773311,852.1408981773311,848.1061401367188,848.1061401367188,5400,0.0,0.0
2007-03-15 00:00:00+09:00,847.2991711726903,852.1408807222485,847.2991711726903,850.5269775390625,3800,0.0,0.0
2007-03-16 00:00:00+09:00,853.7547780981562,853.7547780981562,839.229649548282,851.3339233398438,5000,0.0,0.0
2007-03-19 00:00:00+09:00,851.3339291306555,852.1408807222485,847.2991711726903,850.5269775390625,2600,0.0,0.0
2007-03-20 00:00:00+09:00,850.5269775390625,851.3339291306555,849.7200259474695,850.5269775390625,3900,0.0,0.0
2007-03-22 00:00:00+09:00,849.7200317382812,850.5269833353736,849.7200317382812,849.7200317382812,6000,0.0,0.0
2007-03-23 00:00:00+09:00,849.7200259474695,851.3339291306555,849.7200259474695,850.5269775390625,6200,0.0,0.0
2007-03-26 00:00:00+09:00,851.3338394813429,854.5616455078125,850.5268879747256,854.5616455078125,14900,0.0,0.0
2007-03-27 00:00:00+09:00,817.7623786548577,834.1176262279548,816.126853897548,825.9400024414062,8400,14.0,0.0
2007-03-28 00:00:00+09:00,819.3979149169921,821.8512020874023,817.7623901367188,817.7623901367188,7400,0.0,0.0
2007-03-29 00:00:00+09:00,817.7623901367188,819.3979149169921,816.1268653564453,817.7623901367188,3900,0.0,0.0
2007-03-30 00:00:00+09:00,817.7624646130506,817.7624646130506,816.9447021484375,816.9447021484375,1800,0.0,0.0
2007-04-02 00:00:00+09:00,816.9447561292792,816.9447561292792,813.6737060546875,813.6737060546875,2900,0.0,0.0
2007-04-03 00:00:00+09:00,816.9447561292792,816.9447561292792,813.6737060546875,813.6737060546875,2500,0.0,0.0
2007-04-04 00:00:00+09:00,812.8558274394334,812.8558274394334,801.4071538135258,809.5847778320312,5800,0.0,0.0
2007-04-05 00:00:00+09:00,816.1269054967637,816.1269054967637,809.5848060539039,815.3091430664062,2300,0.0,0.0
2007-04-06 00:00:00+09:00,812.8559300679279,815.3092175832236,812.8559300679279,814.491455078125,700,0.0,0.0
2007-04-09 00:00:00+09:00,811.2203369140625,811.2203369140625,809.5848120412519,811.2203369140625,1500,0.0,0.0
2007-04-10 00:00:00+09:00,810.4025402338818,811.2203026357323,809.5847778320312,809.5847778320312,1700,0.0,0.0
2007-04-11 00:00:00+09:00,809.5847223736913,809.5847223736913,805.4959106445312,805.4959106445312,3700,0.0,0.0
2007-04-12 00:00:00+09:00,805.4959658227785,809.5847778320312,805.4959658227785,809.5847778320312,1500,0.0,0.0
2007-04-13 00:00:00+09:00,805.4960254354214,809.5848377472764,801.4072131235665,802.2249755859375,5000,0.0,0.0
2007-04-16 00:00:00+09:00,803.8605481553709,807.1315981987295,803.0427856445312,803.0427856445312,1300,0.0,0.0
2007-04-17 00:00:00+09:00,804.6782360678408,807.949285807954,803.0427111977842,803.8604736328125,700,0.0,0.0
2007-04-18 00:00:00+09:00,806.3137282246291,809.5847778320312,806.3137282246291,809.5847778320312,700,0.0,0.0
2007-04-19 00:00:00+09:00,806.3137817382812,807.1315441944054,806.3137817382812,806.3137817382812,800,0.0,0.0
2007-04-20 00:00:00+09:00,806.3136729903633,808.7669600278593,805.4959106445312,805.4959106445312,800,0.0,0.0
2007-04-23 00:00:00+09:00,805.4960731770502,805.4960731770502,802.2250231336917,803.0427856445312,2800,0.0,0.0
2007-04-24 00:00:00+09:00,802.2249162153764,809.5847778320312,802.2249162153764,809.5847778320312,1700,0.0,0.0
2007-04-25 00:00:00+09:00,807.9493128225345,807.9493128225345,802.2249755859375,802.2249755859375,3200,0.0,0.0
2007-04-26 00:00:00+09:00,803.8605481553709,805.4960731770502,803.0427856445312,803.0427856445312,600,0.0,0.0
2007-04-27 00:00:00+09:00,803.0427111977842,803.8604736328125,803.0427111977842,803.8604736328125,700,0.0,0.0
2007-05-01 00:00:00+09:00,804.6783106662106,807.1315981987295,802.2250231336917,803.0427856445312,2300,0.0,0.0
2007-05-02 00:00:00+09:00,803.8603859528673,807.1314353361953,802.2248612612033,805.4959106445312,700,0.0,0.0
2007-05-07 00:00:00+09:00,802.2249755859375,802.2249755859375,802.2249755859375,802.2249755859375,3500,0.0,0.0
2007-05-08 00:00:00+09:00,804.6782629730504,804.6782629730504,802.2249755859375,802.2249755859375,1100,0.0,0.0
2007-05-09 00:00:00+09:00,807.9493336251111,807.9493336251111,804.6782836914062,804.6782836914062,1600,0.0,0.0
2007-05-10 00:00:00+09:00,804.6783106662106,804.6783106662106,803.0427856445312,803.0427856445312,700,0.0,0.0
2007-05-11 00:00:00+09:00,802.2250231336917,809.5848857312485,802.2250231336917,803.0427856445312,5800,0.0,0.0
2007-05-14 00:00:00+09:00,803.0426236070352,805.4959106445312,803.0426236070352,805.4959106445312,1800,0.0,0.0
2007-05-15 00:00:00+09:00,803.0427856445312,803.0427856445312,803.0427856445312,803.0427856445312,1000,0.0,0.0
2007-05-16 00:00:00+09:00,802.2249755859375,804.6782629730504,802.2249755859375,802.2249755859375,1500,0.0,0.0
2007-05-17 00:00:00+09:00,808.7670154301807,809.5847778320312,806.3137282246291,809.5847778320312,4000,0.0,0.0
2007-05-18 00:00:00+09:00,807.1315441944054,807.9493066505294,806.3137817382812,806.3137817382812,1200,0.0,0.0
2007-05-21 00:00:00+09:00,805.495998502869,807.1315233729257,803.8604736328125,803.8604736328125,2600,0.0,0.0
2007-05-22 00:00:00+09:00,807.9493336251111,807.9493336251111,804.6782836914062,804.6782836914062,1200,0.0,0.0
2007-05-23 00:00:00+09:00,807.1315307617188,807.1315307617188,805.4960058766899,807.1315307617188,1100,0.0,0.0
2007-05-24 00:00:00+09:00,807.1315307617188,807.1315307617188,807.1315307617188,807.1315307617188,1300,0.0,0.0
2007-05-25 00:00:00+09:00,807.9493336251111,807.9493336251111,804.6782836914062,804.6782836914062,2000,0.0,0.0
2007-05-28 00:00:00+09:00,807.9492797851562,807.9492797851562,807.9492797851562,807.9492797851562,2000,0.0,0.0
2007-05-29 00:00:00+09:00,809.584804643021,809.584804643021,807.9492797851562,807.9492797851562,1200,0.0,0.0
2007-05-30 00:00:00+09:00,805.4959924983592,808.7670422140886,805.4959924983592,807.9492797851562,1800,0.0,0.0
2007-05-31 00:00:00+09:00,807.1314353361953,808.7669600278593,805.4959106445312,805.4959106445312,3000,0.0,0.0
2007-06-01 00:00:00+09:00,805.4959658227785,809.5847778320312,805.4959658227785,809.5847778320312,2600,0.0,0.0
2007-06-04 00:00:00+09:00,805.4960058766899,807.1315307617188,805.4960058766899,807.1315307617188,1000,0.0,0.0
2007-06-05 00:00:00+09:00,807.131517356224,807.9492797851562,807.131517356224,807.9492797851562,2100,0.0,0.0
2007-06-06 00:00:00+09:00,805.4959106445312,806.3136729903633,805.4959106445312,805.4959106445312,1500,0.0,0.0
2007-06-07 00:00:00+09:00,803.86052120798,804.6782836914062,803.86052120798,804.6782836914062,1500,0.0,0.0
2007-06-08 00:00:00+09:00,803.8604736328125,803.8604736328125,803.8604736328125,803.8604736328125,700,0.0,0.0
2007-06-11 00:00:00+09:00,803.0427111977842,805.495998502869,802.224948762756,803.8604736328125,2500,0.0,0.0
2007-06-12 00:00:00+09:00,807.1315233729257,807.1315233729257,803.8604736328125,803.8604736328125,1000,0.0,0.0
2007-06-13 00:00:00+09:00,804.6781482986993,805.4959106445312,804.6781482986993,805.4959106445312,1900,0.0,0.0
2007-06-14 00:00:00+09:00,803.8603859528673,805.4959106445312,803.8603859528673,805.4959106445312,1800,0.0,0.0
2007-06-15 00:00:00+09:00,805.4959106445312,806.3136729903633,805.4959106445312,805.4959106445312,1900,0.0,0.0
2007-06-18 00:00:00+09:00,805.4959106445312,807.1314353361953,805.4959106445312,805.4959106445312,1900,0.0,0.0
2007-06-19 00:00:00+09:00,807.1314353361953,807.1314353361953,805.4959106445312,805.4959106445312,1400,0.0,0.0
2007-06-20 00:00:00+09:00,807.9491976820274,807.9491976820274,805.4959106445312,805.4959106445312,2200,0.0,0.0
2007-06-21 00:00:00+09:00,803.8604410190775,809.5847778320312,803.0426786172269,809.5847778320312,5900,0.0,0.0
2007-06-22 00:00:00+09:00,807.9492530283302,809.5847778320312,807.9492530283302,809.5847778320312,1500,0.0,0.0
2007-06-25 00:00:00+09:00,809.5848120412519,811.2203369140625,809.5848120412519,811.2203369140625,1500,0.0,0.0
2007-06-26 00:00:00+09:00,809.5848120412519,811.2203369140625,809.5848120412519,811.2203369140625,1700,0.0,0.0
2007-06-27 00:00:00+09:00,809.5847778320312,809.5847778320312,809.5847778320312,809.5847778320312,1400,0.0,0.0
2007-06-28 00:00:00+09:00,812.0381054168051,812.0381054168051,807.1315307617188,807.1315307617188,1300,0.0,0.0
2007-06-29 00:00:00+09:00,807.949273823011,812.0380859375,807.949273823011,812.0380859375,1000,0.0,0.0
2007-07-02 00:00:00+09:00,812.0380859375,812.0380859375,812.0380859375,812.0380859375,700,0.0,0.0
2007-07-03 00:00:00+09:00,812.8557739257812,813.6735362737951,812.8557739257812,812.8557739257812,1400,0.0,0.0
2007-07-04 00:00:00+09:00,812.0381810173917,814.4914685733354,812.0381810173917,813.6737060546875,1700,0.0,0.0
2007-07-05 00:00:00+09:00,815.3091772192114,816.9447021484375,815.3091772192114,816.9447021484375,2600,0.0,0.0
2007-07-06 00:00:00+09:00,816.9447021484375,816.9447021484375,813.6736522899853,816.9447021484375,2300,0.0,0.0
2007-07-09 00:00:00+09:00,816.9446679271211,816.9446679271211,815.3091430664062,815.3091430664062,1600,0.0,0.0
2007-07-10 00:00:00+09:00,815.3091906469189,816.126953125,815.3091906469189,816.126953125,1300,0.0,0.0
2007-07-11 00:00:00+09:00,815.3091772192114,817.7624646130506,813.6736522899853,816.9447021484375,1600,0.0,0.0
2007-07-12 00:00:00+09:00,816.9447156030811,822.6690529496493,815.3091906469189,816.126953125,6400,0.0,0.0
2007-07-13 00:00:00+09:00,825.9399255687844,825.9399255687844,819.3978271484375,819.3978271484375,2100,0.0,0.0
2007-07-17 00:00:00+09:00,821.0335144715028,824.3045643299549,816.9447021484375,816.9447021484375,4500,0.0,0.0
2007-07-18 00:00:00+09:00,813.6735781860351,817.7623901367188,813.6735781860351,817.7623901367188,2000,0.0,0.0
2007-07-19 00:00:00+09:00,816.1269396838245,816.9447021484375,816.1269396838245,816.9447021484375,1000,0.0,0.0
2007-07-20 00:00:00+09:00,817.762437757555,818.5802001953125,817.762437757555,818.5802001953125,1100,0.0,0.0
2007-07-23 00:00:00+09:00,816.1269054967637,817.7624303574786,815.3091430664062,815.3091430664062,1400,0.0,0.0
2007-07-24 00:00:00+09:00,817.7624780811623,817.7624780811623,816.126953125,816.126953125,500,0.0,0.0
2007-07-25 00:00:00+09:00,815.3091430664062,815.3091430664062,815.3091430664062,815.3091430664062,900,0.0,0.0
2007-07-26 00:00:00+09:00,816.9447021484375,816.9447021484375,816.9447021484375,816.9447021484375,200,0.0,0.0
2007-07-27 00:00:00+09:00,816.1269396838245,816.9447021484375,812.8558898253723,816.9447021484375,2500,0.0,0.0
2007-07-30 00:00:00+09:00,812.8558752404452,813.6736376903852,810.402587890625,810.402587890625,1700,0.0,0.0
2007-07-31 00:00:00+09:00,812.8558752404452,812.8558752404452,810.402587890625,810.402587890625,500,0.0,0.0
2007-08-01 00:00:00+09:00,813.6735362737951,813.6735362737951,810.4024868817396,812.8557739257812,1200,0.0,0.0
2007-08-02 00:00:00+09:00,809.584669030231,811.2201936141305,807.9491444463315,808.7669067382812,5600,0.0,0.0
2007-08-03 00:00:00+09:00,809.5847986688066,812.0380859375,808.7670362459088,812.0380859375,1000,0.0,0.0
2007-08-06 00:00:00+09:00,817.7624228977844,817.7624228977844,812.0380859375,812.0380859375,1600,0.0,0.0
2007-08-07 00:00:00+09:00,805.4959865543177,812.0380859375,805.4959865543177,812.0380859375,3200,0.0,0.0
2007-08-08 00:00:00+09:00,807.1314906264796,809.5847778320312,807.1314906264796,809.5847778320312,600,0.0,0.0
2007-08-09 00:00:00+09:00,812.0380650375829,812.8558274394334,809.5847778320312,809.5847778320312,1300,0.0,0.0
2007-08-10 00:00:00+09:00,810.4024313221807,810.4024313221807,808.7669067382812,808.7669067382812,900,0.0,0.0
2007-08-13 00:00:00+09:00,807.9492530283302,809.5847778320312,807.9492530283302,809.5847778320312,700,0.0,0.0
2007-08-14 00:00:00+09:00,804.6781482986993,809.5847223736913,804.6781482986993,805.4959106445312,1500,0.0,0.0
2007-08-15 00:00:00+09:00,809.5847778320312,809.5847778320312,808.7670154301807,809.5847778320312,1800,0.0,0.0
2007-08-16 00:00:00+09:00,807.9493607095692,807.9493607095692,803.0427856445312,803.0427856445312,2500,0.0,0.0
2007-08-17 00:00:00+09:00,801.4071923628419,803.042717245215,799.7716674804688,799.7716674804688,4700,0.0,0.0
2007-08-20 00:00:00+09:00,799.7717356011727,803.0427856445312,799.7717356011727,803.0427856445312,1700,0.0,0.0
2007-08-21 00:00:00+09:00,804.6782836914062,805.4960461748325,804.6782836914062,804.6782836914062,1700,0.0,0.0
2007-08-22 00:00:00+09:00,804.6782836914062,804.6782836914062,804.6782836914062,804.6782836914062,1500,0.0,0.0
2007-08-23 00:00:00+09:00,807.9492797851562,807.9492797851562,807.9492797851562,807.9492797851562,500,0.0,0.0
2007-08-24 00:00:00+09:00,808.7670556467475,808.7670556467475,807.1315307617188,807.1315307617188,900,0.0,0.0
2007-08-27 00:00:00+09:00,805.4960058766899,807.1315307617188,805.4960058766899,807.1315307617188,600,0.0,0.0
2007-08-28 00:00:00+09:00,805.4960461748325,808.7670961085373,804.6782836914062,804.6782836914062,700,0.0,0.0
2007-08-29 00:00:00+09:00,805.4959106445312,805.4959106445312,805.4959106445312,805.4959106445312,500,0.0,0.0
2007-08-30 00:00:00+09:00,803.0427380483085,803.8605005106795,802.2249755859375,802.2249755859375,600,0.0,0.0
2007-08-31 00:00:00+09:00,808.7669067382812,808.7669067382812,808.7669067382812,808.7669067382812,1700,0.0,0.0
2007-09-03 00:00:00+09:00,809.5848315627774,809.5848315627774,806.3137817382812,806.3137817382812,500,0.0,0.0
2007-09-04 00:00:00+09:00,806.3136198624321,809.584669030231,806.3136198624321,808.7669067382812,300,0.0,0.0
2007-09-05 00:00:00+09:00,810.4024847195234,810.4024847195234,805.4959106445312,805.4959106445312,1300,0.0,0.0
2007-09-06 00:00:00+09:00,804.6782360678408,804.6782360678408,803.0427111977842,803.8604736328125,500,0.0,0.0
2007-09-07 00:00:00+09:00,805.4960254354214,805.4960254354214,802.2249755859375,802.2249755859375,500,0.0,0.0
2007-09-10 00:00:00+09:00,801.4071655273438,802.2249279411471,801.4071655273438,801.4071655273438,1900,0.0,0.0
2007-09-11 00:00:00+09:00,801.4071789313872,802.2249413588683,800.5894165039062,800.5894165039062,1400,0.0,0.0
2007-09-12 00:00:00+09:00,801.4071923628419,801.4071923628419,799.7716674804688,799.7716674804688,2600,0.0,0.0
2007-09-13 00:00:00+09:00,798.9537353515625,798.9537353515625,798.1359730840584,798.9537353515625,1700,0.0,0.0
2007-09-14 00:00:00+09:00,803.0426348407452,803.0426348407452,795.6827736253005,797.3182983398438,2500,0.0,0.0
2007-09-18 00:00:00+09:00,801.4071101262019,801.4071101262019,797.3182983398438,797.3182983398438,600,0.0,0.0
2007-09-19 00:00:00+09:00,801.4071936641179,807.1315307617188,801.4071936641179,807.1315307617188,1400,0.0,0.0
2007-09-20 00:00:00+09:00,801.4071863277276,803.8604736328125,801.4071863277276,803.8604736328125,600,0.0,0.0
2007-09-21 00:00:00+09:00,803.8603329865829,850.4727836277174,801.4070461107337,846.3839721679688,12600,0.0,0.0
2007-09-25 00:00:00+09:00,834.1177330947503,834.1177330947503,804.6782836914062,804.6782836914062,5900,0.0,0.0
2007-09-26 00:00:00+09:00,812.8558393205915,812.8558393205915,801.4071655273438,801.4071655273438,3500,0.0,0.0
2007-09-27 00:00:00+09:00,799.7715215268342,808.7669067382812,799.7715215268342,808.7669067382812,2900,0.0,0.0
2007-09-28 00:00:00+09:00,807.949315037694,816.9447021484375,802.2249777854026,816.9447021484375,1700,0.0,0.0
2007-10-01 00:00:00+09:00,803.0426236070352,809.5847223736913,803.0426236070352,805.4959106445312,2000,0.0,0.0
2007-10-02 00:00:00+09:00,811.2202470653554,811.2202470653554,805.4959106445312,805.4959106445312,1200,0.0,0.0
2007-10-03 00:00:00+09:00,807.9493066505294,808.7670691066534,806.3137817382812,806.3137817382812,500,0.0,0.0
2007-10-04 00:00:00+09:00,805.4960058766899,809.584818089262,804.6782434341756,807.1315307617188,800,0.0,0.0
2007-10-05 00:00:00+09:00,806.3137817382812,806.3137817382812,806.3137817382812,806.3137817382812,1400,0.0,0.0
2007-10-09 00:00:00+09:00,811.2201936141305,811.2201936141305,808.7669067382812,808.7669067382812,500,0.0,0.0
2007-10-10 00:00:00+09:00,811.2203026357323,812.0380650375829,809.5847778320312,809.5847778320312,500,0.0,0.0
2007-10-11 00:00:00+09:00,812.8558617868732,813.6736242232785,809.5848120412519,811.2203369140625,900,0.0,0.0
2007-10-12 00:00:00+09:00,810.4025744776573,813.6736242232785,809.5848120412519,811.2203369140625,1200,0.0,0.0
2007-10-15 00:00:00+09:00,812.8558752404452,813.6736376903852,810.402587890625,810.402587890625,2000,0.0,0.0
2007-10-16 00:00:00+09:00,810.402587890625,810.402587890625,810.402587890625,810.402587890625,200,0.0,0.0
2007-10-17 00:00:00+09:00,811.220350340565,811.220350340565,810.402587890625,810.402587890625,300,0.0,0.0
2007-10-18 00:00:00+09:00,809.5847778320312,810.4025402338818,809.5847778320312,809.5847778320312,500,0.0,0.0
2007-10-19 00:00:00+09:00,810.4025402338818,810.4025402338818,809.5847778320312,809.5847778320312,1100,0.0,0.0
2007-10-22 00:00:00+09:00,802.2248084026834,808.7669067382812,801.4070461107337,808.7669067382812,3200,0.0,0.0
2007-10-23 00:00:00+09:00,803.0427111977842,803.8604736328125,803.0427111977842,803.8604736328125,800,0.0,0.0
2007-10-24 00:00:00+09:00,803.0426236070352,805.4959106445312,803.0426236070352,805.4959106445312,400,0.0,0.0
2007-10-25 00:00:00+09:00,807.1315441944054,807.1315441944054,803.0427319137852,806.3137817382812,400,0.0,0.0
2007-10-26 00:00:00+09:00,806.3138356878899,807.1315981987295,803.0427856445312,803.0427856445312,900,0.0,0.0
2007-10-29 00:00:00+09:00,803.86052120798,812.0381460422423,803.86052120798,804.6782836914062,2300,0.0,0.0
2007-10-30 00:00:00+09:00,808.7669067382812,808.7669067382812,805.4958575704824,808.7669067382812,400,0.0,0.0
2007-10-31 00:00:00+09:00,804.6782034209281,809.5847778320312,804.6782034209281,809.5847778320312,1600,0.0,0.0
2007-11-01 00:00:00+09:00,805.4959106445312,810.4024847195234,805.4959106445312,805.4959106445312,500,0.0,0.0
2007-11-02 00:00:00+09:00,805.4960254354214,808.7670752849054,801.4072131235665,802.2249755859375,2400,0.0,0.0
2007-11-05 00:00:00+09:00,812.8558875967603,812.8558875967603,802.2249755859375,802.2249755859375,1600,0.0,0.0
2007-11-06 00:00:00+09:00,802.2249755859375,806.3137878977925,802.2249755859375,802.2249755859375,900,0.0,0.0
2007-11-07 00:00:00+09:00,802.2249279411471,802.2249279411471,801.4071655273438,801.4071655273438,1000,0.0,0.0
2007-11-08 00:00:00+09:00,807.9493607095692,807.9493607095692,803.0427856445312,803.0427856445312,2000,0.0,0.0
2007-11-09 00:00:00+09:00,803.0427380483085,803.0427380483085,802.2249755859375,802.2249755859375,1000,0.0,0.0
2007-11-12 00:00:00+09:00,801.407260622852,803.0427856445312,798.1362105794934,803.0427856445312,4500,0.0,0.0
2007-11-13 00:00:00+09:00,801.4071101262019,805.4959219125601,797.3182983398438,797.3182983398438,1100,0.0,0.0
2007-11-14 00:00:00+09:00,800.5894299216553,800.5894299216553,797.318380156909,799.7716674804688,900,0.0,0.0
2007-11-15 00:00:00+09:00,801.4071655273438,801.4071655273438,801.4071655273438,801.4071655273438,700,0.0,0.0
2007-11-16 00:00:00+09:00,797.3184069649118,798.1361694335938,797.3184069649118,798.1361694335938,400,0.0,0.0
2007-11-19 00:00:00+09:00,799.7716674804688,799.7716674804688,799.7716674804688,799.7716674804688,400,0.0,0.0
2007-11-20 00:00:00+09:00,801.4072193083216,801.4072193083216,798.1361694335938,798.1361694335938,1200,0.0,0.0
2007-11-21 00:00:00+09:00,798.9537353515625,798.9537353515625,798.9537353515625,798.9537353515625,400,0.0,0.0
2007-11-22 00:00:00+09:00,797.3183534583267,801.4071655273438,797.3183534583267,801.4071655273438,1000,0.0,0.0
2007-11-26 00:00:00+09:00,801.407022154075,804.6780712240916,798.9537353515625,798.9537353515625,1500,0.0,0.0
2007-11-27 00:00:00+09:00,798.9537353515625,798.9537353515625,798.9537353515625,798.9537353515625,400,0.0,0.0
2007-11-28 00:00:00+09:00,804.6782151825573,804.6782151825573,801.4071655273438,801.4071655273438,700,0.0,0.0
2007-11-29 00:00:00+09:00,804.6782836914062,805.4960461748325,804.6782836914062,804.6782836914062,600,0.0,0.0
2007-11-30 00:00:00+09:00,803.0425466890833,803.0425466890833,798.9537353515625,798.9537353515625,1700,0.0,0.0
2007-12-03 00:00:00+09:00,799.7714976190666,799.7714976190666,798.1359730840584,798.9537353515625,1500,0.0,0.0
2007-12-04 00:00:00+09:00,799.7716674804688,799.7716674804688,799.7716674804688,799.7716674804688,600,0.0,0.0
2007-12-05 00:00:00+09:00,803.0427380483085,803.0427380483085,802.2249755859375,802.2249755859375,1800,0.0,0.0
2007-12-06 00:00:00+09:00,805.4959106445312,805.4959106445312,804.6781482986993,805.4959106445312,1000,0.0,0.0
2007-12-07 00:00:00+09:00,806.3136729903633,806.3136729903633,805.4959106445312,805.4959106445312,2200,0.0,0.0
2007-12-10 00:00:00+09:00,805.4960254354214,805.4960254354214,802.2249755859375,802.2249755859375,900,0.0,0.0
2007-12-11 00:00:00+09:00,803.8604736328125,803.8604736328125,803.8604736328125,803.8604736328125,400,0.0,0.0
2007-12-12 00:00:00+09:00,804.6782360678408,805.495998502869,803.8604736328125,803.8604736328125,2800,0.0,0.0
2007-12-13 00:00:00+09:00,805.4960461748325,805.4960461748325,803.86052120798,804.6782836914062,1700,0.0,0.0
2007-12-14 00:00:00+09:00,803.8604736328125,803.8604736328125,803.8604736328125,803.8604736328125,2100,0.0,0.0
2007-12-17 00:00:00+09:00,805.495998502869,805.495998502869,803.8604736328125,803.8604736328125,1200,0.0,0.0
2007-12-18 00:00:00+09:00,803.0426236070352,805.4959106445312,803.0426236070352,805.4959106445312,900,0.0,0.0
2007-12-19 00:00:00+09:00,805.4959106445312,805.4959106445312,805.4959106445312,805.4959106445312,1200,0.0,0.0
2007-12-20 00:00:00+09:00,805.495998502869,805.495998502869,803.8604736328125,803.8604736328125,1300,0.0,0.0
2007-12-21 00:00:00+09:00,804.6781482986993,805.4959106445312,804.6781482986993,805.4959106445312,1800,0.0,0.0
2007-12-25 00:00:00+09:00,806.3137817382812,806.3137817382812,805.4960192821572,806.3137817382812,1800,0.0,0.0
2007-12-26 00:00:00+09:00,805.4959998592254,811.2203369140625,805.4959998592254,811.2203369140625,1500,0.0,0.0
2007-12-27 00:00:00+09:00,811.2203235146021,812.0380859375,811.2203235146021,812.0380859375,4300,0.0,0.0
2007-12-28 00:00:00+09:00,811.2203369140625,812.0380993504679,811.2203369140625,811.2203369140625,300,0.0,0.0
2008-01-04 00:00:00+09:00,812.0381189311494,812.8558813872735,805.4960192821572,806.3137817382812,1400,0.0,0.0
2008-01-07 00:00:00+09:00,814.4913927443483,814.4913927443483,807.1315307617188,807.1315307617188,2300,0.0,0.0
2008-01-08 00:00:00+09:00,807.9493066505294,807.9493066505294,806.3137817382812,806.3137817382812,2300,0.0,0.0
2008-01-09 00:00:00+09:00,809.5847778320312,809.5847778320312,809.5847778320312,809.5847778320312,900,0.0,0.0
2008-01-10 00:00:00+09:00,810.4025402338818,810.4025402338818,809.5847778320312,809.5847778320312,700,0.0,0.0
2008-01-11 00:00:00+09:00,807.9493005408048,810.402587890625,806.3137756409245,810.402587890625,2000,0.0,0.0
2008-01-15 00:00:00+09:00,808.7669067382812,810.4024313221807,808.7669067382812,808.7669067382812,1900,0.0,0.0
2008-01-16 00:00:00+09:00,807.1315159237543,807.1315159237543,798.1361292214632,800.5894165039062,5200,0.0,0.0
2008-01-17 00:00:00+09:00,792.4117298244201,793.2294921875,788.3229180090207,793.2294921875,4100,0.0,0.0
2008-01-18 00:00:00+09:00,797.3182983398438,797.3182983398438,797.3182983398438,797.3182983398438,2000,0.0,0.0
2008-01-21 00:00:00+09:00,799.7715910921391,799.7715910921391,793.2294921875,793.2294921875,1200,0.0,0.0
2008-01-22 00:00:00+09:00,780.9630912618434,780.9630912618434,768.6966552734375,768.6966552734375,7100,0.0,0.0
2008-01-23 00:00:00+09:00,776.8742657619886,776.8742657619886,769.514404296875,769.514404296875,2900,0.0,0.0
2008-01-24 00:00:00+09:00,776.874219856222,776.874219856222,776.0564575195312,776.0564575195312,1800,0.0,0.0
2008-01-25 00:00:00+09:00,776.8741455078125,776.8741455078125,776.8741455078125,776.8741455078125,3700,0.0,0.0
2008-01-28 00:00:00+09:00,776.8741455078125,776.8741455078125,776.0563832493832,776.8741455078125,4200,0.0,0.0
2008-01-29 00:00:00+09:00,776.8742561340332,785.0518798828125,776.8742561340332,785.0518798828125,2100,0.0,0.0
2008-01-30 00:00:00+09:00,785.0519884885535,793.2296133686426,785.0519884885535,785.8697509765625,1200,0.0,0.0
2008-01-31 00:00:00+09:00,798.1360529576468,798.1360529576468,794.0472412109375,794.0472412109375,600,0.0,0.0
2008-02-01 00:00:00+09:00,801.407260622852,803.8605481553709,801.407260622852,803.0427856445312,900,0.0,0.0
2008-02-04 00:00:00+09:00,802.2250231336917,803.0427856445312,802.2250231336917,803.0427856445312,700,0.0,0.0
2008-02-05 00:00:00+09:00,803.8604527687539,803.8604527687539,801.4071655273438,801.4071655273438,2000,0.0,0.0
2008-02-06 00:00:00+09:00,799.7714976190666,799.7714976190666,798.9537353515625,798.9537353515625,1100,0.0,0.0
2008-02-07 00:00:00+09:00,793.2293994790334,798.9537353515625,793.2293994790334,798.9537353515625,2700,0.0,0.0
2008-02-08 00:00:00+09:00,795.6826862815459,798.9537353515625,793.2293994790334,798.9537353515625,1000,0.0,0.0
2008-02-12 00:00:00+09:00,794.0472278987429,794.864990234375,794.0472278987429,794.864990234375,1000,0.0,0.0
2008-02-13 00:00:00+09:00,798.1361694335938,798.1361694335938,798.1361694335938,798.1361694335938,600,0.0,0.0
2008-02-14 00:00:00+09:00,799.7716406997368,801.4071655273438,798.1361158721301,801.4071655273438,1300,0.0,0.0
2008-02-15 00:00:00+09:00,800.5894031135404,801.4071655273438,800.5894031135404,801.4071655273438,1400,0.0,0.0
2008-02-18 00:00:00+09:00,802.2249755859375,802.2249755859375,802.2249755859375,802.2249755859375,400,0.0,0.0
2008-02-19 00:00:00+09:00,801.4071655273438,801.4071655273438,800.5894031135404,801.4071655273438,1000,0.0,0.0
2008-02-20 00:00:00+09:00,803.8604736328125,803.8604736328125,797.3183741525861,803.8604736328125,1700,0.0,0.0
2008-02-21 00:00:00+09:00,803.8604736328125,803.8604736328125,803.8604736328125,803.8604736328125,100,0.0,0.0
2008-02-22 00:00:00+09:00,801.4071863277276,803.8604736328125,801.4071863277276,803.8604736328125,600,0.0,0.0
2008-02-25 00:00:00+09:00,803.86052120798,804.6782836914062,803.86052120798,804.6782836914062,800,0.0,0.0
2008-02-26 00:00:00+09:00,803.86052120798,804.6782836914062,803.86052120798,804.6782836914062,800,0.0,0.0
2008-02-27 00:00:00+09:00,802.2249279411471,804.6782151825573,801.4071655273438,801.4071655273438,2700,0.0,0.0
2008-02-28 00:00:00+09:00,801.407260622852,803.0427856445312,801.407260622852,803.0427856445312,1600,0.0,0.0
2008-02-29 00:00:00+09:00,801.4072131235665,802.2249755859375,801.4072131235665,802.2249755859375,800,0.0,0.0
2008-03-03 00:00:00+09:00,801.407260622852,803.0427856445312,799.7717356011727,803.0427856445312,1200,0.0,0.0
2008-03-04 00:00:00+09:00,801.4071655273438,805.4959775963608,801.4071655273438,801.4071655273438,1600,0.0,0.0
2008-03-05 00:00:00+09:00,809.5847896653778,809.5847896653778,801.4071655273438,801.4071655273438,2500,0.0,0.0
2008-03-06 00:00:00+09:00,808.7670961085373,809.5848585919636,803.86052120798,804.6782836914062,800,0.0,0.0
2008-03-07 00:00:00+09:00,807.1314353361953,807.1314353361953,805.4959106445312,805.4959106445312,500,0.0,0.0
2008-03-10 00:00:00+09:00,804.6782836914062,804.6782836914062,803.0427587245538,804.6782836914062,1000,0.0,0.0
2008-03-11 00:00:00+09:00,801.4071655273438,801.4071655273438,801.4071655273438,801.4071655273438,2400,0.0,0.0
2008-03-12 00:00:00+09:00,802.2249962411275,804.6782836914062,802.2249962411275,804.6782836914062,600,0.0,0.0
2008-03-13 00:00:00+09:00,803.8603859528673,805.4959106445312,803.8603859528673,805.4959106445312,1200,0.0,0.0
2008-03-14 00:00:00+09:00,805.4959106445312,805.4959106445312,804.6781482986993,805.4959106445312,900,0.0,0.0
2008-03-17 00:00:00+09:00,802.2249755859375,804.6782629730504,801.4072131235665,802.2249755859375,2000,0.0,0.0
2008-03-18 00:00:00+09:00,803.8605481553709,805.4960731770502,801.407260622852,803.0427856445312,1500,0.0,0.0
2008-03-19 00:00:00+09:00,805.495998502869,806.3137609378974,803.0427111977842,803.8604736328125,2800,0.0,0.0
2008-03-21 00:00:00+09:00,807.1314353361953,807.1314353361953,805.4959106445312,805.4959106445312,2500,0.0,0.0
2008-03-24 00:00:00+09:00,809.584669030231,809.584669030231,807.9491444463315,808.7669067382812,5600,0.0,0.0
2008-03-25 00:00:00+09:00,811.2203235146021,812.0380859375,809.5847986688066,812.0380859375,6600,0.0,0.0
2008-03-26 00:00:00+09:00,786.2985053354791,795.4318565062187,784.6378960317084,785.4682006835938,5000,15.0,0.0
2008-03-27 00:00:00+09:00,781.3167549295629,781.3167549295629,780.4864501953125,780.4864501953125,4100,0.0,0.0
2008-03-28 00:00:00+09:00,781.3167289847274,782.9773383980851,781.3167289847274,782.1470336914062,1000,0.0,0.0
2008-03-31 00:00:00+09:00,778.8258841842635,782.9774080871647,778.8258841842635,779.6561889648438,3600,0.0,0.0
2008-04-01 00:00:00+09:00,778.825927734375,778.825927734375,778.825927734375,778.825927734375,900,0.0,0.0
2008-04-02 00:00:00+09:00,777.1653180803572,778.825927734375,777.1653180803572,778.825927734375,2200,0.0,0.0
2008-04-03 00:00:00+09:00,777.99560546875,777.99560546875,777.99560546875,777.99560546875,1000,0.0,0.0
2008-04-04 00:00:00+09:00,778.8258407268119,780.4864501953125,778.8258407268119,780.4864501953125,1000,0.0,0.0
2008-04-07 00:00:00+09:00,780.4864508398231,786.298583984375,780.4864508398231,786.298583984375,1800,0.0,0.0
2008-04-08 00:00:00+09:00,786.2985572248001,786.2985572248001,782.1470336914062,782.1470336914062,400,0.0,0.0
2008-04-09 00:00:00+09:00,781.3167814385954,784.6380004882812,781.3167814385954,784.6380004882812,500,0.0,0.0
2008-04-10 00:00:00+09:00,780.4864501953125,781.3167549295629,780.4864501953125,780.4864501953125,1200,0.0,0.0
2008-04-11 00:00:00+09:00,780.4864677080566,782.1470772138183,780.4864677080566,781.3167724609375,800,0.0,0.0
2008-04-14 00:00:00+09:00,781.3167724609375,781.3167724609375,781.3167724609375,781.3167724609375,800,0.0,0.0
2008-04-15 00:00:00+09:00,782.1470596638131,782.1470596638131,780.4864501953125,780.4864501953125,700,0.0,0.0
2008-04-16 00:00:00+09:00,781.3167549295629,781.3167549295629,780.4864501953125,780.4864501953125,700,0.0,0.0
2008-04-17 00:00:00+09:00,781.3168422154018,781.3168422154018,778.825927734375,778.825927734375,1100,0.0,0.0
2008-04-18 00:00:00+09:00,779.656232561384,780.4865373883929,778.825927734375,778.825927734375,700,0.0,0.0
2008-04-21 00:00:00+09:00,777.995631645325,779.6562413179938,776.3350219726562,776.3350219726562,900,0.0,0.0
2008-04-22 00:00:00+09:00,779.6561624335018,779.6561624335018,775.504638671875,775.504638671875,1500,0.0,0.0
2008-04-23 00:00:00+09:00,772.1834891183036,773.0137939453125,772.1834891183036,773.0137939453125,2100,0.0,0.0
2008-04-24 00:00:00+09:00,772.1833569070568,772.1833569070568,763.8803100585938,763.8803100585938,1600,0.0,0.0
2008-04-25 00:00:00+09:00,768.0318334828253,768.0318334828253,763.8803100585938,763.8803100585938,800,0.0,0.0
2008-04-28 00:00:00+09:00,763.8804235971102,772.1834716796875,763.8804235971102,772.1834716796875,1700,0.0,0.0
2008-04-30 00:00:00+09:00,772.1834022055867,774.67431640625,768.0318785378148,774.67431640625,1400,0.0,0.0
2008-05-01 00:00:00+09:00,773.0137939453125,773.0137939453125,773.0137939453125,773.0137939453125,500,0.0,0.0
2008-05-02 00:00:00+09:00,773.0137069391411,774.67431640625,773.0137069391411,774.67431640625,1600,0.0,0.0
2008-05-07 00:00:00+09:00,775.504638671875,775.504638671875,774.6743339195497,775.504638671875,2300,0.0,0.0
2008-05-08 00:00:00+09:00,772.1834716796875,772.1834716796875,772.1834716796875,772.1834716796875,700,0.0,0.0
2008-05-09 00:00:00+09:00,771.3530883789062,772.1833931026725,771.3530883789062,771.3530883789062,400,0.0,0.0
2008-05-12 00:00:00+09:00,771.3530883789062,771.3530883789062,771.3530883789062,771.3530883789062,400,0.0,0.0
2008-05-13 00:00:00+09:00,770.5228707355717,770.5228707355717,769.6925659179688,769.6925659179688,800,0.0,0.0
2008-05-14 00:00:00+09:00,770.5229144168466,770.5229144168466,768.8623046875,768.8623046875,1200,0.0,0.0
2008-05-15 00:00:00+09:00,771.3531668714297,772.1834716796875,771.3531668714297,772.1834716796875,1000,0.0,0.0
2008-05-16 00:00:00+09:00,771.3530792071368,771.3530792071368,768.0318603515625,768.0318603515625,800,0.0,0.0
2008-05-19 00:00:00+09:00,772.1833839210304,772.1833839210304,768.0318603515625,768.0318603515625,800,0.0,0.0
2008-05-20 00:00:00+09:00,772.1834891183036,773.0137939453125,772.1834891183036,773.0137939453125,800,0.0,0.0
2008-05-21 00:00:00+09:00,771.3531668714297,772.1834716796875,771.3531668714297,772.1834716796875,400,0.0,0.0
2008-05-22 00:00:00+09:00,772.1834891183036,773.0137939453125,763.8804408482143,773.0137939453125,1600,0.0,0.0
2008-05-23 00:00:00+09:00,773.8439933488175,773.8439933488175,768.0318603515625,768.0318603515625,1400,0.0,0.0
2008-05-26 00:00:00+09:00,772.1834716796875,772.1834716796875,772.1834716796875,772.1834716796875,300,0.0,0.0
2008-05-27 00:00:00+09:00,763.8803100585938,763.8803100585938,763.8803100585938,763.8803100585938,1900,0.0,0.0
2008-05-28 00:00:00+09:00,764.7106937539988,770.5228271484375,763.8803889833648,770.5228271484375,700,0.0,0.0
2008-05-29 00:00:00+09:00,772.1834716796875,772.1834716796875,772.1834716796875,772.1834716796875,300,0.0,0.0
2008-05-30 00:00:00+09:00,768.0318603515625,768.0318603515625,768.0318603515625,768.0318603515625,500,0.0,0.0
2008-06-02 00:00:00+09:00,768.0318603515625,768.0318603515625,768.0318603515625,768.0318603515625,500,0.0,0.0
2008-06-03 00:00:00+09:00,768.0318603515625,768.0318603515625,767.2015556376689,768.0318603515625,1500,0.0,0.0
2008-06-04 00:00:00+09:00,769.6924789313737,771.3530883789062,768.8621742076073,771.3530883789062,900,0.0,0.0
2008-06-05 00:00:00+09:00,771.3530883789062,771.3530883789062,771.3530883789062,771.3530883789062,3000,0.0,0.0
2008-06-06 00:00:00+09:00,767.2015647600747,771.3530883789062,767.2015647600747,771.3530883789062,500,0.0,0.0
2008-06-09 00:00:00+09:00,772.1834716796875,772.1834716796875,772.1834716796875,772.1834716796875,1000,0.0,0.0
2008-06-10 00:00:00+09:00,771.3531668714297,772.1834716796875,771.3531668714297,772.1834716796875,700,0.0,0.0
2008-06-11 00:00:00+09:00,768.0320260844705,768.0320260844705,767.2017211914062,767.2017211914062,2100,0.0,0.0
2008-06-12 00:00:00+09:00,767.2016080659012,770.5228271484375,767.2016080659012,770.5228271484375,2500,0.0,0.0
2008-06-13 00:00:00+09:00,765.541015625,765.541015625,765.541015625,765.541015625,1200,0.0,0.0
2008-06-16 00:00:00+09:00,769.6925395709056,769.6925395709056,765.541015625,765.541015625,1100,0.0,0.0
2008-06-17 00:00:00+09:00,768.8622611003658,769.6925659179688,768.8622611003658,769.6925659179688,600,0.0,0.0
2008-06-18 00:00:00+09:00,766.3713466475568,769.6925659179688,766.3713466475568,769.6925659179688,1000,0.0,0.0
2008-06-19 00:00:00+09:00,768.8622523149716,768.8622523149716,766.371337890625,766.371337890625,900,0.0,0.0
2008-06-20 00:00:00+09:00,764.7107108358189,765.541015625,764.7107108358189,765.541015625,1000,0.0,0.0
2008-06-23 00:00:00+09:00,764.7106147434401,764.7106147434401,763.8803100585938,763.8803100585938,400,0.0,0.0
2008-06-24 00:00:00+09:00,764.7106147434401,764.7106147434401,763.8803100585938,763.8803100585938,900,0.0,0.0
2008-06-25 00:00:00+09:00,766.3712241131327,766.3712241131327,763.8803100585938,763.8803100585938,1100,0.0,0.0
2008-06-26 00:00:00+09:00,767.2016252033623,767.2016252033623,765.541015625,765.541015625,1100,0.0,0.0
2008-06-27 00:00:00+09:00,764.7105712890625,766.3711805643916,764.7105712890625,764.7105712890625,800,0.0,0.0
2008-06-30 00:00:00+09:00,768.0320260844705,768.0320260844705,767.2017211914062,767.2017211914062,1500,0.0,0.0
2008-07-01 00:00:00+09:00,764.7105712890625,764.7105712890625,764.7105712890625,764.7105712890625,1400,0.0,0.0
2008-07-02 00:00:00+09:00,768.0318603515625,768.0318603515625,763.8803367820946,768.0318603515625,500,0.0,0.0
2008-07-03 00:00:00+09:00,765.540875926727,765.540875926727,763.880266651398,764.7105712890625,800,0.0,0.0
2008-07-04 00:00:00+09:00,765.5411114052777,767.2017211914062,764.7108065122134,767.2017211914062,900,0.0,0.0
2008-07-07 00:00:00+09:00,767.2014852020562,767.2014852020562,764.7105712890625,764.7105712890625,1200,0.0,0.0
2008-07-08 00:00:00+09:00,763.8803100585938,763.8803100585938,763.8803100585938,763.8803100585938,300,0.0,0.0
2008-07-09 00:00:00+09:00,763.8804060466377,765.541015625,763.8804060466377,765.541015625,400,0.0,0.0
2008-07-10 00:00:00+09:00,765.5409194282864,768.0318334828253,763.8803100585938,763.8803100585938,1400,0.0,0.0
2008-07-11 00:00:00+09:00,763.8803100585938,763.8803100585938,763.8803100585938,763.8803100585938,100,0.0,0.0
2008-07-14 00:00:00+09:00,763.8803100585938,763.8803100585938,763.8803100585938,763.8803100585938,1200,0.0,0.0
2008-07-15 00:00:00+09:00,762.2197875976562,762.2197875976562,762.2197875976562,762.2197875976562,2100,0.0,0.0
2008-07-16 00:00:00+09:00,763.8803100585938,763.8803100585938,763.8803100585938,763.8803100585938,300,0.0,0.0
2008-07-17 00:00:00+09:00,766.371337890625,766.371337890625,766.371337890625,766.371337890625,500,0.0,0.0
2008-07-18 00:00:00+09:00,767.2014852020562,767.2014852020562,764.7105712890625,764.7105712890625,400,0.0,0.0
2008-07-22 00:00:00+09:00,764.7106147434401,764.7106147434401,763.8803100585938,763.8803100585938,1700,0.0,0.0
2008-07-23 00:00:00+09:00,766.3712241131327,766.3712241131327,763.8803100585938,763.8803100585938,1100,0.0,0.0
2008-07-24 00:00:00+09:00,766.3713201470714,766.3713201470714,759.7288818359375,759.7288818359375,1400,0.0,0.0
2008-07-25 00:00:00+09:00,758.068272258154,759.7288818359375,758.068272258154,759.7288818359375,600,0.0,0.0
2008-07-28 00:00:00+09:00,761.3893867059567,761.3893867059567,760.55908203125,760.55908203125,300,0.0,0.0
2008-07-29 00:00:00+09:00,759.7288818359375,759.7288818359375,759.7288818359375,759.7288818359375,800,0.0,0.0
2008-07-30 00:00:00+09:00,759.7288818359375,759.7288818359375,758.8985770470458,759.7288818359375,400,0.0,0.0
2008-07-31 00:00:00+09:00,762.2197006889012,763.8803100585938,762.2197006889012,763.8803100585938,200,0.0,0.0
2008-08-01 00:00:00+09:00,763.880379142342,763.880379142342,755.5773315429688,755.5773315429688,2100,0.0,0.0
2008-08-04 00:00:00+09:00,754.746826171875,755.5771307111179,754.746826171875,754.746826171875,1600,0.0,0.0
2008-08-05 00:00:00+09:00,758.0683157689201,758.8986206054688,758.0683157689201,758.8986206054688,1900,0.0,0.0
2008-08-06 00:00:00+09:00,755.5772013836596,761.3893337019955,755.5772013836596,758.068115234375,900,0.0,0.0
2008-08-07 00:00:00+09:00,758.0682637000656,762.2197875976562,758.0682637000656,762.2197875976562,400,0.0,0.0
2008-08-08 00:00:00+09:00,753.9166870117188,753.9166870117188,753.9166870117188,753.9166870117188,700,0.0,0.0
2008-08-11 00:00:00+09:00,761.389404296875,761.389404296875,761.389404296875,761.389404296875,300,0.0,0.0
2008-08-12 00:00:00+09:00,761.3894648625301,761.3894648625301,755.5773315429688,755.5773315429688,400,0.0,0.0
2008-08-13 00:00:00+09:00,753.0862875329443,758.068115234375,753.0862875329443,758.068115234375,900,0.0,0.0
2008-08-14 00:00:00+09:00,753.9166353459943,757.2378540039062,753.9166353459943,757.2378540039062,600,0.0,0.0
2008-08-15 00:00:00+09:00,755.5772964544758,755.5772964544758,753.9166870117188,753.9166870117188,1200,0.0,0.0
2008-08-18 00:00:00+09:00,756.4075493394282,757.2378540039062,752.2560260170384,757.2378540039062,800,0.0,0.0
2008-08-19 00:00:00+09:00,756.4074352503609,757.2377397896039,754.746826171875,754.746826171875,800,0.0,0.0
2008-08-20 00:00:00+09:00,760.5591866248293,760.5591866248293,759.7288818359375,759.7288818359375,400,0.0,0.0
2008-08-21 00:00:00+09:00,755.5772013836596,758.068115234375,753.9165921498494,758.068115234375,500,0.0,0.0
2008-08-22 00:00:00+09:00,752.2561645507812,752.2561645507812,752.2561645507812,752.2561645507812,300,0.0,0.0
2008-08-25 00:00:00+09:00,751.4258334110103,751.4258334110103,748.1046142578125,748.1046142578125,1600,0.0,0.0
2008-08-26 00:00:00+09:00,748.1046142578125,748.1046142578125,748.1046142578125,748.1046142578125,600,0.0,0.0
2008-08-27 00:00:00+09:00,747.2742733712923,747.2742733712923,734.8197021484375,734.8197021484375,4500,0.0,0.0
2008-08-28 00:00:00+09:00,747.2743005656877,747.2743005656877,744.7833862304688,744.7833862304688,400,0.0,0.0
2008-08-29 00:00:00+09:00,746.443898243947,746.443898243947,737.310546875,737.310546875,900,0.0,0.0
2008-09-01 00:00:00+09:00,738.140869140625,739.801478520019,738.140869140625,738.140869140625,900,0.0,0.0
2008-09-02 00:00:00+09:00,745.61376953125,745.61376953125,745.61376953125,745.61376953125,100,0.0,0.0
2008-09-03 00:00:00+09:00,739.8015575600308,744.7833862304688,739.8015575600308,744.7833862304688,900,0.0,0.0
2008-09-04 00:00:00+09:00,742.2925500678591,745.61376953125,741.4622452020114,745.61376953125,900,0.0,0.0
2008-09-05 00:00:00+09:00,738.9713306044682,745.61376953125,738.9713306044682,745.61376953125,1900,0.0,0.0
2008-09-08 00:00:00+09:00,738.9713306044682,745.61376953125,738.9713306044682,745.61376953125,1100,0.0,0.0
2008-09-09 00:00:00+09:00,740.6317749023438,740.6317749023438,739.80147022196,740.6317749023438,500,0.0,0.0
2008-09-10 00:00:00+09:00,747.2742309570312,747.2742309570312,747.2742309570312,747.2742309570312,900,0.0,0.0
2008-09-11 00:00:00+09:00,740.6318353857698,740.6318353857698,734.8197021484375,734.8197021484375,1600,0.0,0.0
2008-09-12 00:00:00+09:00,734.8196484375,734.8196484375,726.5166015625,726.5166015625,2600,0.0,0.0
2008-09-16 00:00:00+09:00,718.2135620117188,718.2135620117188,715.7226479238169,718.2135620117188,1500,0.0,0.0
2008-09-17 00:00:00+09:00,690.8136160714286,697.4560546875,689.1530064174108,691.6439208984375,5700,0.0,0.0
2008-09-18 00:00:00+09:00,701.6074560256232,701.6074560256232,697.4559326171875,697.4559326171875,2300,0.0,0.0
2008-09-19 00:00:00+09:00,697.4559326171875,705.7589794340588,697.4559326171875,697.4559326171875,1100,0.0,0.0
2008-09-22 00:00:00+09:00,712.4013739531895,712.4013739531895,704.0983276367188,704.0983276367188,1500,0.0,0.0
2008-09-24 00:00:00+09:00,708.2500001419422,714.0621337890625,708.2500001419422,714.0621337890625,1400,0.0,0.0
2008-09-25 00:00:00+09:00,689.9832943938499,714.0621337890625,689.9832943938499,714.0621337890625,1500,0.0,0.0
2008-09-26 00:00:00+09:00,714.0621151333108,714.0621151333108,689.9832763671875,689.9832763671875,300,0.0,0.0
2008-09-29 00:00:00+09:00,689.9832763671875,689.9832763671875,689.9832763671875,689.9832763671875,700,0.0,0.0
2008-09-30 00:00:00+09:00,684.1711428719165,689.9832763671875,684.1711428719165,689.9832763671875,1400,0.0,0.0
2008-10-01 00:00:00+09:00,697.4560279242158,697.4560279242158,681.6802368164062,681.6802368164062,1000,0.0,0.0
2008-10-02 00:00:00+09:00,684.1711255176958,689.9832588655403,684.1711255176958,689.1529541015625,500,0.0,0.0
2008-10-03 00:00:00+09:00,687.4924140765513,692.4742431640625,683.3408898369586,692.4742431640625,1200,0.0,0.0
2008-10-06 00:00:00+09:00,682.5105237221806,682.5105237221806,675.0377807617188,675.0377807617188,2300,0.0,0.0
2008-10-07 00:00:00+09:00,646.8073410760788,672.5467859712759,631.0315522693453,662.5831298828125,4100,0.0,0.0
2008-10-08 00:00:00+09:00,623.55890689426,626.8801261054145,597.8194580078125,597.8194580078125,2900,0.0,0.0
2008-10-09 00:00:00+09:00,572.9102783203125,579.5527163298234,572.9102783203125,572.9102783203125,4000,0.0,0.0
2008-10-10 00:00:00+09:00,539.6980717497052,572.0799560546875,539.6980717497052,572.0799560546875,3300,0.0,0.0
2008-10-14 00:00:00+09:00,631.0314877993101,639.3345336914062,614.4253960151177,639.3345336914062,1900,0.0,0.0
2008-10-15 00:00:00+09:00,647.6376953125,647.6376953125,647.6376953125,647.6376953125,1900,0.0,0.0
2008-10-16 00:00:00+09:00,622.728646768106,631.0316953916807,581.2134036502323,614.4255981445312,2600,0.0,0.0
2008-10-17 00:00:00+09:00,622.7285331797187,623.558837890625,622.7285331797187,623.558837890625,700,0.0,0.0
2008-10-20 00:00:00+09:00,631.0315802887817,631.0315802887817,623.558837890625,623.558837890625,1400,0.0,0.0
2008-10-21 00:00:00+09:00,639.3345336914062,639.3345336914062,639.3345336914062,639.3345336914062,200,0.0,0.0
2008-10-22 00:00:00+09:00,635.1831665039062,635.1831665039062,635.1831665039062,635.1831665039062,600,0.0,0.0
2008-10-23 00:00:00+09:00,635.1830620429535,636.0133666992188,635.1830620429535,636.0133666992188,800,0.0,0.0
2008-10-24 00:00:00+09:00,631.8619473326439,635.1831665039062,631.0316425398285,635.1831665039062,1200,0.0,0.0
2008-10-27 00:00:00+09:00,647.6378366570724,647.6378366570724,631.03173828125,631.03173828125,1200,0.0,0.0
2008-10-28 00:00:00+09:00,618.5771644993832,631.03173828125,614.4256399054276,631.03173828125,2500,0.0,0.0
2008-10-29 00:00:00+09:00,640.16500429763,646.8074427339219,640.16500429763,644.3165283203125,2500,0.0,0.0
2008-10-30 00:00:00+09:00,655.9407348632812,655.9407348632812,655.9407348632812,655.9407348632812,500,0.0,0.0
2008-10-31 00:00:00+09:00,664.2436637831381,673.3770141601562,664.2436637831381,673.3770141601562,1800,0.0,0.0
2008-11-04 00:00:00+09:00,672.5467095804273,673.3770141601562,665.0739683628669,673.3770141601562,1200,0.0,0.0
2008-11-05 00:00:00+09:00,667.5649857132523,672.5468139648438,667.5649857132523,672.5468139648438,1900,0.0,0.0
2008-11-06 00:00:00+09:00,672.5468484629755,672.5468484629755,664.243800951087,668.3953247070312,500,0.0,0.0
2008-11-07 00:00:00+09:00,664.2437821400317,664.2437821400317,655.9407348632812,655.9407348632812,700,0.0,0.0
2008-11-10 00:00:00+09:00,650.128533188963,658.4315795898438,650.128533188963,658.4315795898438,2300,0.0,0.0
2008-11-11 00:00:00+09:00,670.886273803711,670.886273803711,664.2438354492188,664.2438354492188,200,0.0,0.0
2008-11-12 00:00:00+09:00,664.2438354492188,664.2438354492188,664.2438354492188,664.2438354492188,200,0.0,0.0
2008-11-13 00:00:00+09:00,662.5832084111487,663.4135131835938,662.5832084111487,663.4135131835938,400,0.0,0.0
2008-11-14 00:00:00+09:00,676.6984252929688,676.6984252929688,676.6984252929688,676.6984252929688,600,0.0,0.0
2008-11-17 00:00:00+09:00,672.546883392334,672.546883392334,664.2438354492188,664.2438354492188,600,0.0,0.0
2008-11-18 00:00:00+09:00,676.6984073638916,676.6984073638916,664.2438354492188,664.2438354492188,300,0.0,0.0
2008-11-19 00:00:00+09:00,655.9407426883013,655.9407426883013,647.6376953125,647.6376953125,1100,0.0,0.0
2008-11-20 00:00:00+09:00,647.6376592138862,647.6376592138862,640.1649169921875,640.1649169921875,400,0.0,0.0
2008-11-21 00:00:00+09:00,670.8861870123224,671.7164916992188,670.8861870123224,671.7164916992188,1200,0.0,0.0
2008-11-25 00:00:00+09:00,664.2438354492188,664.2438354492188,664.2438354492188,664.2438354492188,300,0.0,0.0
2008-11-26 00:00:00+09:00,664.2438354492188,672.546883392334,664.2438354492188,664.2438354492188,600,0.0,0.0
2008-11-27 00:00:00+09:00,647.6376953125,647.6376953125,647.6376953125,647.6376953125,1000,0.0,0.0
2008-11-28 00:00:00+09:00,631.0316512922626,638.50439453125,631.0316512922626,638.50439453125,3400,0.0,0.0
2008-12-01 00:00:00+09:00,634.3527221679688,634.3527221679688,634.3527221679688,634.3527221679688,1200,0.0,0.0
2008-12-02 00:00:00+09:00,631.0315736134847,637.6740112304688,631.0315736134847,637.6740112304688,1000,0.0,0.0
2008-12-03 00:00:00+09:00,636.0133666992188,636.0133666992188,636.0133666992188,636.0133666992188,800,0.0,0.0
2008-12-04 00:00:00+09:00,641.8255621494392,647.6376953125,640.1649526742789,647.6376953125,700,0.0,0.0
2008-12-05 00:00:00+09:00,645.9770858373398,647.6376953125,645.9770858373398,647.6376953125,1700,0.0,0.0
2008-12-08 00:00:00+09:00,648.4680347467238,648.4680347467238,643.4862060546875,643.4862060546875,800,0.0,0.0
2008-12-09 00:00:00+09:00,643.4862060546875,643.4862060546875,643.4862060546875,643.4862060546875,400,0.0,0.0
2008-12-10 00:00:00+09:00,647.6376953125,647.6376953125,647.6376953125,647.6376953125,400,0.0,0.0
2008-12-11 00:00:00+09:00,647.6377037961511,647.6377037961511,645.1467895507812,645.1467895507812,700,0.0,0.0
2008-12-12 00:00:00+09:00,642.6558837890625,642.6558837890625,642.6558837890625,642.6558837890625,400,0.0,0.0
2008-12-15 00:00:00+09:00,643.4862060546875,643.4862060546875,643.4862060546875,643.4862060546875,1600,0.0,0.0
2008-12-16 00:00:00+09:00,633.5225657052584,638.50439453125,633.5225657052584,638.50439453125,1000,0.0,0.0
2008-12-17 00:00:00+09:00,640.1650039793,640.1650039793,632.6922607421875,632.6922607421875,1000,0.0,0.0
2008-12-18 00:00:00+09:00,635.1831582346271,643.4862060546875,635.1831582346271,643.4862060546875,700,0.0,0.0
2008-12-19 00:00:00+09:00,635.1831665039062,635.1831665039062,635.1831665039062,635.1831665039062,700,0.0,0.0
2008-12-22 00:00:00+09:00,647.6375795835024,647.6375795835024,639.3345336914062,639.3345336914062,1000,0.0,0.0
2008-12-24 00:00:00+09:00,636.8437760895373,636.8437760895373,635.1831665039062,635.1831665039062,500,0.0,0.0
2008-12-25 00:00:00+09:00,636.8437337239584,647.6376953125,636.8437337239584,647.6376953125,600,0.0,0.0
2008-12-26 00:00:00+09:00,663.4135208228327,663.4135208228327,643.4862060546875,643.4862060546875,900,0.0,0.0
2008-12-29 00:00:00+09:00,651.7891845703125,651.7891845703125,651.7891845703125,651.7891845703125,900,0.0,0.0
2008-12-30 00:00:00+09:00,660.0922315075139,660.0922315075139,651.7891845703125,651.7891845703125,600,0.0,0.0
2009-01-05 00:00:00+09:00,672.546801913316,672.546801913316,651.7891845703125,651.7891845703125,1400,0.0,0.0
2009-01-06 00:00:00+09:00,652.6194892640326,652.6194892640326,651.7891845703125,651.7891845703125,200,0.0,0.0
2009-01-07 00:00:00+09:00,650.9589318581947,650.9589318581947,648.468017578125,648.468017578125,800,0.0,0.0
2009-01-08 00:00:00+09:00,655.9407348632812,655.9407348632812,655.9407348632812,655.9407348632812,200,0.0,0.0
2009-01-09 00:00:00+09:00,655.9407080389132,655.9407080389132,651.7891845703125,651.7891845703125,800,0.0,0.0
2009-01-13 00:00:00+09:00,657.601318359375,657.601318359375,657.601318359375,657.601318359375,1600,0.0,0.0
2009-01-14 00:00:00+09:00,652.6195678710938,652.6195678710938,652.6195678710938,652.6195678710938,200,0.0,0.0
2009-01-15 00:00:00+09:00,649.2982788085938,649.2982788085938,649.2982788085938,649.2982788085938,2200,0.0,0.0
2009-01-16 00:00:00+09:00,649.2983491516113,664.2438354492188,649.2983491516113,664.2438354492188,300,0.0,0.0
2009-01-19 00:00:00+09:00,649.2983223381482,656.771065178357,648.468017578125,648.468017578125,1400,0.0,0.0
2009-01-20 00:00:00+09:00,655.1104556583107,655.1104556583107,648.468017578125,648.468017578125,500,0.0,0.0
2009-01-21 00:00:00+09:00,651.7892105277926,651.7892105277926,650.1286010742188,650.1286010742188,1300,0.0,0.0
2009-01-22 00:00:00+09:00,648.468017578125,648.468017578125,647.6377128181018,648.468017578125,1000,0.0,0.0
2009-01-23 00:00:00+09:00,647.6376953125,655.9407426883013,647.6376953125,647.6376953125,1000,0.0,0.0
2009-01-26 00:00:00+09:00,654.2800903320312,654.2800903320312,654.2800903320312,654.2800903320312,300,0.0,0.0
2009-01-27 00:00:00+09:00,649.2983132930643,650.9589227899775,645.1467895507812,645.1467895507812,1500,0.0,0.0
2009-01-28 00:00:00+09:00,654.2800903320312,654.2800903320312,654.2800903320312,654.2800903320312,700,0.0,0.0
2009-01-29 00:00:00+09:00,648.4679657954318,651.7891845703125,648.4679657954318,651.7891845703125,500,0.0,0.0
2009-01-30 00:00:00+09:00,655.110403345193,655.110403345193,651.7891845703125,651.7891845703125,500,0.0,0.0
2009-02-02 00:00:00+09:00,649.2983232606132,660.09228515625,649.2983232606132,660.09228515625,700,0.0,0.0
2009-02-03 00:00:00+09:00,653.4498901367188,653.4498901367188,653.4498901367188,653.4498901367188,300,0.0,0.0
2009-02-04 00:00:00+09:00,655.9407613502358,660.09228515625,655.110456589033,660.09228515625,800,0.0,0.0
2009-02-05 00:00:00+09:00,662.5831298828125,662.5831298828125,662.5831298828125,662.5831298828125,1200,0.0,0.0
2009-02-06 00:00:00+09:00,655.9407348632812,655.9407348632812,655.9407348632812,655.9407348632812,1800,0.0,0.0
2009-02-09 00:00:00+09:00,656.7710571289062,656.7710571289062,656.7710571289062,656.7710571289062,100,0.0,0.0
2009-02-10 00:00:00+09:00,654.2801356551671,673.3771446907874,640.9952598043008,670.88623046875,100,0.0,0.0
2009-02-12 00:00:00+09:00,656.7710571289062,656.7710571289062,656.7710571289062,656.7710571289062,300,0.0,0.0
2009-02-13 00:00:00+09:00,655.9407348632812,655.9407348632812,655.9407348632812,655.9407348632812,1800,0.0,0.0
2009-02-16 00:00:00+09:00,655.9407348632812,655.9407348632812,655.9407348632812,655.9407348632812,500,0.0,0.0
2009-02-17 00:00:00+09:00,655.1104125976562,655.1104125976562,654.2801078922093,655.1104125976562,700,0.0,0.0
2009-02-18 00:00:00+09:00,655.1104556583107,655.1104556583107,648.468017578125,648.468017578125,1000,0.0,0.0
2009-02-19 00:00:00+09:00,649.2982622330563,654.2800903320312,649.2982622330563,654.2800903320312,400,0.0,0.0
2009-02-20 00:00:00+09:00,650.1285835129526,650.1285835129526,649.2982788085938,649.2982788085938,400,0.0,0.0
2009-02-23 00:00:00+09:00,649.2983223381482,649.2983223381482,648.468017578125,648.468017578125,600,0.0,0.0
2009-02-24 00:00:00+09:00,647.6376611017117,651.7891845703125,647.6376611017117,651.7891845703125,800,0.0,0.0
2009-02-25 00:00:00+09:00,654.2800903320312,654.2800903320312,654.2800903320312,654.2800903320312,500,0.0,0.0
2009-02-26 00:00:00+09:00,648.468017578125,648.468017578125,648.468017578125,648.468017578125,100,0.0,0.0
2009-02-27 00:00:00+09:00,651.7891845703125,651.7891845703125,651.7891845703125,651.7891845703125,800,0.0,0.0
2009-03-02 00:00:00+09:00,655.110403345193,655.110403345193,651.7891845703125,651.7891845703125,900,0.0,0.0
2009-03-03 00:00:00+09:00,651.7892366182178,651.7892366182178,648.468017578125,648.468017578125,900,0.0,0.0
2009-03-04 00:00:00+09:00,650.1285835129526,650.1285835129526,649.2982788085938,649.2982788085938,900,0.0,0.0
2009-03-05 00:00:00+09:00,647.6376953125,647.6376953125,647.6376953125,647.6376953125,1600,0.0,0.0
2009-03-06 00:00:00+09:00,653.4498901367188,653.4498901367188,653.4498901367188,653.4498901367188,800,0.0,0.0
2009-03-09 00:00:00+09:00,659.2620239257812,659.2620239257812,659.2620239257812,659.2620239257812,900,0.0,0.0
2009-03-10 00:00:00+09:00,655.9407348632812,655.9407348632812,655.9407348632812,655.9407348632812,700,0.0,0.0
2009-03-11 00:00:00+09:00,655.1104301356063,655.9407348632812,655.1104301356063,655.9407348632812,600,0.0,0.0
2009-03-12 00:00:00+09:00,655.1104125976562,655.1104125976562,655.1104125976562,655.1104125976562,400,0.0,0.0
2009-03-13 00:00:00+09:00,655.9407348632812,655.9407348632812,655.9407348632812,655.9407348632812,800,0.0,0.0
2009-03-16 00:00:00+09:00,655.9407173031033,655.9407173031033,655.1104125976562,655.1104125976562,2100,0.0,0.0
2009-03-17 00:00:00+09:00,652.6195159525811,655.9407348632812,652.6195159525811,655.9407348632812,1000,0.0,0.0
2009-03-18 00:00:00+09:00,655.9407348632812,655.9407348632812,655.1104301356063,655.9407348632812,1600,0.0,0.0
2009-03-19 00:00:00+09:00,662.5831298828125,662.5831298828125,662.5831298828125,662.5831298828125,2100,0.0,0.0
2009-03-23 00:00:00+09:00,672.5468489924087,674.2074584960938,672.5468489924087,674.2074584960938,2900,0.0,0.0
2009-03-24 00:00:00+09:00,678.3590013138888,705.7590588944988,678.3590013138888,698.2863159179688,5400,0.0,0.0
2009-03-25 00:00:00+09:00,697.4559418737041,701.607465337238,697.4559418737041,700.7771606445312,3500,0.0,0.0
2009-03-26 00:00:00+09:00,658.4597960028029,666.0769401725012,658.4597960028029,665.2305908203125,3600,16.0,0.0
2009-03-27 00:00:00+09:00,656.7670393754038,659.3060872080406,655.0743408203125,655.0743408203125,2100,0.0,0.0
2009-03-30 00:00:00+09:00,662.6915283203125,662.6915283203125,662.6915283203125,662.6915283203125,500,0.0,0.0
2009-03-31 00:00:00+09:00,656.7670829841155,662.6915283203125,655.9207336503731,662.6915283203125,700,0.0,0.0
2009-04-01 00:00:00+09:00,656.76708984375,656.76708984375,656.76708984375,656.76708984375,500,0.0,0.0
2009-04-02 00:00:00+09:00,658.4598173253676,661.84521484375,658.4598173253676,661.84521484375,400,0.0,0.0
2009-04-03 00:00:00+09:00,659.3061631054185,661.8452112303431,657.6134643554688,657.6134643554688,900,0.0,0.0
2009-04-06 00:00:00+09:00,660.1525124803934,660.9988618553682,657.6134643554688,657.6134643554688,2000,0.0,0.0
2009-04-07 00:00:00+09:00,656.7670393754038,656.7670393754038,652.5352929876757,655.0743408203125,1400,0.0,0.0
2009-04-08 00:00:00+09:00,654.2280632374818,654.2280632374818,653.3817138671875,653.3817138671875,900,0.0,0.0
2009-04-09 00:00:00+09:00,654.22802734375,654.22802734375,654.22802734375,654.22802734375,0,0.0,0.0
2009-04-10 00:00:00+09:00,655.9207259914699,655.9207259914699,654.22802734375,654.22802734375,800,0.0,0.0
2009-04-13 00:00:00+09:00,654.2279768373561,654.2279768373561,652.5352783203125,652.5352783203125,800,0.0,0.0
2009-04-14 00:00:00+09:00,660.1525268554688,660.1525268554688,660.1525268554688,660.1525268554688,500,0.0,0.0
2009-04-15 00:00:00+09:00,662.6915283203125,662.6915283203125,662.6915283203125,662.6915283203125,900,0.0,0.0
2009-04-16 00:00:00+09:00,652.5353431308392,656.76708984375,652.5353431308392,656.76708984375,500,0.0,0.0
2009-04-17 00:00:00+09:00,659.3061594592475,659.3061594592475,653.3817138671875,653.3817138671875,0,0.0,0.0
2009-04-20 00:00:00+09:00,652.5352783203125,652.5352783203125,652.5352783203125,652.5352783203125,700,0.0,0.0
2009-04-21 00:00:00+09:00,652.5352783203125,652.5352783203125,652.5352783203125,652.5352783203125,200,0.0,0.0
2009-04-22 00:00:00+09:00,653.3817138671875,653.3817138671875,653.3817138671875,653.3817138671875,300,0.0,0.0
2009-04-23 00:00:00+09:00,652.5352783203125,652.5352783203125,652.5352783203125,652.5352783203125,500,0.0,0.0
2009-04-24 00:00:00+09:00,654.2280418160036,656.76708984375,652.5353431308392,656.76708984375,1100,0.0,0.0
2009-04-27 00:00:00+09:00,656.7670821944354,657.6134315271602,648.3035888671875,648.3035888671875,1500,0.0,0.0
2009-04-28 00:00:00+09:00,657.6134643554688,657.6134643554688,657.6134643554688,657.6134643554688,100,0.0,0.0
2009-04-30 00:00:00+09:00,649.996319980695,657.6134643554688,649.996319980695,657.6134643554688,700,0.0,0.0
2009-05-01 00:00:00+09:00,651.68896484375,651.68896484375,651.68896484375,651.68896484375,200,0.0,0.0
2009-05-07 00:00:00+09:00,655.0743408203125,655.0743408203125,655.0743408203125,655.0743408203125,1300,0.0,0.0
2009-05-08 00:00:00+09:00,656.76708984375,656.76708984375,656.76708984375,656.76708984375,300,0.0,0.0
2009-05-11 00:00:00+09:00,657.6134391863322,658.4597885289144,656.76708984375,656.76708984375,900,0.0,0.0
2009-05-12 00:00:00+09:00,660.1524618825605,660.1524618825605,655.9207153320312,655.9207153320312,0,0.0,0.0
2009-05-13 00:00:00+09:00,659.3062133789062,659.3062133789062,659.3062133789062,659.3062133789062,600,0.0,0.0
2009-05-14 00:00:00+09:00,655.9207153320312,655.9207153320312,655.9207153320312,655.9207153320312,1000,0.0,0.0
2009-05-15 00:00:00+09:00,655.9207153320312,655.9207153320312,655.9207153320312,655.9207153320312,900,0.0,0.0
2009-05-18 00:00:00+09:00,660.1525268554688,660.1525268554688,660.1525268554688,660.1525268554688,1000,0.0,0.0
2009-05-19 00:00:00+09:00,651.68896484375,651.68896484375,650.8426155387581,651.68896484375,2900,0.0,0.0
2009-05-20 00:00:00+09:00,651.68896484375,651.68896484375,651.68896484375,651.68896484375,1400,0.0,0.0
2009-05-21 00:00:00+09:00,650.8426155387581,651.68896484375,650.8426155387581,651.68896484375,1400,0.0,0.0
2009-05-22 00:00:00+09:00,651.6889396042445,651.6889396042445,650.8425903320312,650.8425903320312,900,0.0,0.0
2009-05-25 00:00:00+09:00,659.3060660472565,659.3060660472565,658.459716796875,658.459716796875,1100,0.0,0.0
2009-05-26 00:00:00+09:00,657.6133738714433,657.6133738714433,652.5352783203125,652.5352783203125,600,0.0,0.0
2009-05-27 00:00:00+09:00,653.3817673023308,659.3062133789062,653.3817673023308,659.3062133789062,600,0.0,0.0
2009-05-28 00:00:00+09:00,659.3062133789062,659.3062133789062,659.3062133789062,659.3062133789062,200,0.0,0.0
2009-05-29 00:00:00+09:00,659.3060660472565,659.3060660472565,658.459716796875,658.459716796875,400,0.0,0.0
2009-06-01 00:00:00+09:00,659.3062133789062,659.3062133789062,656.7671650603739,659.3062133789062,500,0.0,0.0
2009-06-02 00:00:00+09:00,653.3816674017137,655.9207153320312,653.3816674017137,655.9207153320312,2300,0.0,0.0
2009-06-03 00:00:00+09:00,656.7670753153299,656.7670753153299,653.38167801989,654.22802734375,700,0.0,0.0
2009-06-04 00:00:00+09:00,656.76708984375,657.6134391863322,656.76708984375,656.76708984375,600,0.0,0.0
2009-06-05 00:00:00+09:00,655.0743408203125,655.0743408203125,655.0743408203125,655.0743408203125,1900,0.0,0.0
2009-06-08 00:00:00+09:00,655.9206690457302,658.459716796875,655.9206690457302,658.459716796875,600,0.0,0.0
2009-06-09 00:00:00+09:00,656.76708984375,656.76708984375,656.76708984375,656.76708984375,700,0.0,0.0
2009-06-10 00:00:00+09:00,655.9206900978581,655.9206900978581,655.0743408203125,655.0743408203125,1000,0.0,0.0
2009-06-11 00:00:00+09:00,659.3060660472565,659.3060660472565,658.459716796875,658.459716796875,500,0.0,0.0
2009-06-12 00:00:00+09:00,657.6134643554688,660.1525124803934,657.6134643554688,657.6134643554688,1400,0.0,0.0
2009-06-15 00:00:00+09:00,663.537806031051,664.3841552734375,663.537806031051,664.3841552734375,1500,0.0,0.0
2009-06-16 00:00:00+09:00,663.5379136029411,663.5379136029411,661.84521484375,661.84521484375,500,0.0,0.0
2009-06-17 00:00:00+09:00,660.9987583038913,664.3841552734375,660.9987583038913,664.3841552734375,700,0.0,0.0
2009-06-18 00:00:00+09:00,661.8451432208626,663.537841796875,660.1524446448501,663.537841796875,900,0.0,0.0
2009-06-19 00:00:00+09:00,661.84521484375,661.84521484375,661.84521484375,661.84521484375,500,0.0,0.0
2009-06-22 00:00:00+09:00,664.3841552734375,664.3841552734375,664.3841552734375,664.3841552734375,600,0.0,0.0
2009-06-23 00:00:00+09:00,664.3842414681238,665.2305908203125,664.3842414681238,665.2305908203125,400,0.0,0.0
2009-06-24 00:00:00+09:00,667.76953125,667.76953125,667.76953125,667.76953125,300,0.0,0.0
2009-06-25 00:00:00+09:00,665.2304836026616,667.76953125,665.2304836026616,667.76953125,300,0.0,0.0
2009-06-26 00:00:00+09:00,668.6158952809343,670.30859375,666.9231968118687,670.30859375,900,0.0,0.0
2009-06-29 00:00:00+09:00,672.0014073988971,676.233154296875,670.3087086397059,676.233154296875,600,0.0,0.0
2009-06-30 00:00:00+09:00,668.6158952809343,676.2330383917298,668.6158952809343,670.30859375,1100,0.0,0.0
2009-07-01 00:00:00+09:00,674.540477133697,674.540477133697,672.8477783203125,672.8477783203125,400,0.0,0.0
2009-07-02 00:00:00+09:00,672.8477783203125,672.8477783203125,672.8477783203125,672.8477783203125,400,0.0,0.0
2009-07-03 00:00:00+09:00,672.00146484375,677.0795615554156,672.00146484375,672.00146484375,1500,0.0,0.0
2009-07-06 00:00:00+09:00,671.155029296875,672.8477279836262,671.155029296875,671.155029296875,1700,0.0,0.0
2009-07-07 00:00:00+09:00,671.1549723919173,675.38671875,669.4622738486843,675.38671875,900,0.0,0.0
2009-07-08 00:00:00+09:00,674.5404052734375,674.5404052734375,674.5404052734375,674.5404052734375,100,0.0,0.0
2009-07-09 00:00:00+09:00,674.5405131995827,674.5405131995827,670.3087659398615,672.00146484375,600,0.0,0.0
2009-07-10 00:00:00+09:00,672.0012922190657,674.5403399226641,670.30859375,670.30859375,600,0.0,0.0
2009-07-13 00:00:00+09:00,670.3086336222126,673.6940307617188,670.3086336222126,673.6940307617188,300,0.0,0.0
2009-07-14 00:00:00+09:00,671.1550795069281,672.8477783203125,671.1550795069281,672.8477783203125,300,0.0,0.0
2009-07-15 00:00:00+09:00,689.7747077941895,689.7747077941895,677.0794677734375,677.0794677734375,2200,0.0,0.0
2009-07-16 00:00:00+09:00,688.9283220193508,688.9283220193508,677.92578125,677.92578125,800,0.0,0.0
2009-07-17 00:00:00+09:00,681.3112182617188,682.1575676011743,681.3112182617188,681.3112182617188,400,0.0,0.0
2009-07-21 00:00:00+09:00,682.1575462992024,684.6965942382812,682.1575462992024,684.6965942382812,1000,0.0,0.0
2009-07-22 00:00:00+09:00,694.0064111086401,694.0064111086401,681.311171881043,683.8502197265625,2400,0.0,0.0
2009-07-23 00:00:00+09:00,699.0844219911446,699.0844219911446,685.542835124488,697.3917236328125,1000,0.0,0.0
2009-07-24 00:00:00+09:00,683.0039672851562,688.0820636961984,683.0039672851562,683.0039672851562,1000,0.0,0.0
2009-07-27 00:00:00+09:00,688.082020540764,690.6210685870399,687.2356711920054,689.7747192382812,700,0.0,0.0
2009-07-28 00:00:00+09:00,685.5428719667559,690.6209673146578,685.5428719667559,686.3892211914062,500,0.0,0.0
2009-07-29 00:00:00+09:00,688.9283195017009,690.6210180754151,688.0819702148438,688.0819702148438,600,0.0,0.0
2009-07-30 00:00:00+09:00,689.7747192382812,692.3137672845571,688.9283698895226,689.7747192382812,1100,0.0,0.0
2009-07-31 00:00:00+09:00,693.1601203732374,694.0064697265625,693.1601203732374,694.0064697265625,500,0.0,0.0
2009-08-03 00:00:00+09:00,694.0064697265625,694.0064697265625,694.0064697265625,694.0064697265625,1100,0.0,0.0
2009-08-04 00:00:00+09:00,694.0065056471307,697.3919032356532,693.16015625,693.16015625,1500,0.0,0.0
2009-08-05 00:00:00+09:00,702.4699096679688,702.4699096679688,701.6235603792122,702.4699096679688,2400,0.0,0.0
2009-08-06 00:00:00+09:00,701.6236502213065,702.4699996184371,693.16015625,693.16015625,800,0.0,0.0
2009-08-07 00:00:00+09:00,693.16015625,693.16015625,693.16015625,693.16015625,100,0.0,0.0
2009-08-10 00:00:00+09:00,697.391910198658,702.4700066321434,697.391910198658,701.6236572265625,700,0.0,0.0
2009-08-11 00:00:00+09:00,702.4699670040246,702.4699670040246,698.2382202148438,698.2382202148438,300,0.0,0.0
2009-08-12 00:00:00+09:00,696.5453491210938,699.9307457146349,696.5453491210938,696.5453491210938,500,0.0,0.0
2009-08-13 00:00:00+09:00,696.5455214991714,710.9334605823864,696.5455214991714,698.2382202148438,1000,0.0,0.0
2009-08-14 00:00:00+09:00,710.0871112245502,710.9334605823864,698.2382202148438,698.2382202148438,1300,0.0,0.0
2009-08-17 00:00:00+09:00,699.9308471679688,699.9308471679688,699.9308471679688,699.9308471679688,400,0.0,0.0
2009-08-18 00:00:00+09:00,698.2381463761267,710.0870361328125,698.2381463761267,710.0870361328125,500,0.0,0.0
2009-08-19 00:00:00+09:00,708.3944379977395,708.3944379977395,699.0845947265625,699.0845947265625,300,0.0,0.0
2009-08-20 00:00:00+09:00,704.1626838235294,705.009033203125,698.2382381663602,705.009033203125,600,0.0,0.0
2009-08-21 00:00:00+09:00,706.7016561117517,710.9334025555347,702.4699096679688,702.4699096679688,700,0.0,0.0
2009-08-24 00:00:00+09:00,702.4699096679688,710.0870532667781,694.0064167804029,702.4699096679688,1500,0.0,0.0
2009-08-25 00:00:00+09:00,702.4699096679688,702.4699096679688,702.4699096679688,702.4699096679688,200,0.0,0.0
2009-08-26 00:00:00+09:00,704.1625514595809,706.7015991210938,704.1625514595809,706.7015991210938,500,0.0,0.0
2009-08-27 00:00:00+09:00,704.1626838235294,708.3944307215073,704.1626838235294,705.009033203125,800,0.0,0.0
2009-08-28 00:00:00+09:00,706.7015991210938,706.7015991210938,705.8552499005895,706.7015991210938,800,0.0,0.0
2009-08-31 00:00:00+09:00,706.7016390594737,710.0870361328125,705.855289791139,710.0870361328125,800,0.0,0.0
2009-09-02 00:00:00+09:00,716.0114704000539,717.704168911638,711.7797241210938,711.7797241210938,600,0.0,0.0
2009-09-03 00:00:00+09:00,712.6260671075785,717.7041625976562,712.6260671075785,717.7041625976562,600,0.0,0.0
2009-09-04 00:00:00+09:00,718.550537109375,718.550537109375,715.1651399969633,718.550537109375,600,0.0,0.0
2009-09-07 00:00:00+09:00,719.3968505859375,719.3968505859375,711.7797074620864,719.3968505859375,2100,0.0,0.0
2009-09-08 00:00:00+09:00,716.0115356445312,717.7042343103576,716.0115356445312,716.0115356445312,300,0.0,0.0
2009-09-09 00:00:00+09:00,719.3969329761838,719.3969329761838,710.9334396470523,716.0115356445312,1500,0.0,0.0
2009-09-10 00:00:00+09:00,718.5505118460026,719.3968610943489,717.7041625976562,717.7041625976562,900,0.0,0.0
2009-09-11 00:00:00+09:00,716.8578133493099,719.3968610943489,716.0114641009637,717.7041625976562,800,0.0,0.0
2009-09-14 00:00:00+09:00,719.3968505859375,719.3968505859375,716.0114536420037,719.3968505859375,1500,0.0,0.0
2009-09-15 00:00:00+09:00,720.2431893505401,721.0895385742188,719.3968401268614,721.0895385742188,1200,0.0,0.0
2009-09-16 00:00:00+09:00,718.5506268417627,723.6287231445312,718.5506268417627,723.6287231445312,1300,0.0,0.0
2009-09-17 00:00:00+09:00,717.7041625976562,723.6286073360803,716.8578133493099,717.7041625976562,1200,0.0,0.0
2009-09-18 00:00:00+09:00,716.857859739044,716.857859739044,715.1651611328125,715.1651611328125,1500,0.0,0.0
2009-09-21 00:00:00+09:00,715.1651611328125,715.1651611328125,715.1651611328125,715.1651611328125,0,0.0,0.0
2009-09-24 00:00:00+09:00,717.704164641896,717.704164641896,677.0794006055622,707.5479736328125,6100,0.0,0.0
2009-09-25 00:00:00+09:00,677.9257642957899,685.5429077148438,677.0794150270061,685.5429077148438,1800,0.0,0.0
2009-09-28 00:00:00+09:00,693.1601090140965,693.1601090140965,681.3112182617188,681.3112182617188,1100,0.0,0.0
2009-09-29 00:00:00+09:00,692.3137710199123,694.0064697265625,689.7747229599371,694.0064697265625,900,0.0,0.0
2009-09-30 00:00:00+09:00,685.5429135836088,719.3968846247747,685.5429135836088,704.16259765625,1600,0.0,0.0
2009-10-01 00:00:00+09:00,694.8528406479779,705.009033203125,694.8528406479779,705.009033203125,300,0.0,0.0
2009-10-02 00:00:00+09:00,702.4698949811536,702.4698949811536,695.6991008126606,699.9308471679688,900,0.0,0.0
2009-10-05 00:00:00+09:00,700.7772645531631,700.7772645531631,694.0064697265625,694.0064697265625,1400,0.0,0.0
2009-10-06 00:00:00+09:00,694.0064734256629,698.2382202148438,694.0064734256629,698.2382202148438,300,0.0,0.0
2009-10-07 00:00:00+09:00,695.6989999727084,696.5453491210938,694.0063016759378,696.5453491210938,500,0.0,0.0
2009-10-08 00:00:00+09:00,696.5454818223774,700.7772283705085,694.0064338934988,694.852783203125,900,0.0,0.0
2009-10-09 00:00:00+09:00,694.0064659820744,694.0064659820744,689.7747192382812,689.7747192382812,1200,0.0,0.0
2009-10-13 00:00:00+09:00,694.0064697265625,694.0064697265625,694.0064697265625,694.0064697265625,100,0.0,0.0
2009-10-14 00:00:00+09:00,692.3138068528693,693.16015625,685.5430116758242,693.16015625,300,0.0,0.0
2009-10-15 00:00:00+09:00,694.0063897494613,694.0063897494613,687.235595703125,687.235595703125,900,0.0,0.0
2009-10-16 00:00:00+09:00,688.0819702148438,689.7746687885581,688.0819702148438,688.0819702148438,500,0.0,0.0
2009-10-19 00:00:00+09:00,688.9283698895226,689.7747192382812,688.9283698895226,689.7747192382812,500,0.0,0.0
2009-10-20 00:00:00+09:00,689.7746605594014,694.0064069432013,679.6184692382812,679.6184692382812,1800,0.0,0.0
2009-10-21 00:00:00+09:00,680.4648121021412,685.5429077148438,680.4648121021412,685.5429077148438,300,0.0,0.0
2009-10-22 00:00:00+09:00,685.5429395988806,685.5429395988806,680.46484375,680.46484375,600,0.0,0.0
2009-10-23 00:00:00+09:00,682.1575317382812,682.1575317382812,682.1575317382812,682.1575317382812,0,0.0,0.0
2009-10-26 00:00:00+09:00,694.0064004026814,694.0064004026814,677.9257642957899,685.5429077148438,1200,0.0,0.0
2009-10-27 00:00:00+09:00,685.5429868068555,692.3137817382812,685.5429868068555,692.3137817382812,300,0.0,0.0
2009-10-28 00:00:00+09:00,687.235595703125,687.235595703125,687.235595703125,687.235595703125,200,0.0,0.0
2009-10-29 00:00:00+09:00,690.6210033275463,690.6210033275463,685.5429077148438,685.5429077148438,300,0.0,0.0
2009-10-30 00:00:00+09:00,693.1601166333157,693.1601166333157,685.5429724944881,689.7747192382812,600,0.0,0.0
2009-11-02 00:00:00+09:00,689.7746873453677,694.852783203125,685.5429407972366,694.852783203125,1200,0.0,0.0
2009-11-04 00:00:00+09:00,706.7017392211618,706.7017392211618,699.0845947265625,699.0845947265625,1300,0.0,0.0
2009-11-05 00:00:00+09:00,708.3943546892649,708.3943546892649,701.6235603792122,702.4699096679688,1100,0.0,0.0
2009-11-06 00:00:00+09:00,699.0845550759865,699.0845550759865,695.6991577148438,695.6991577148438,200,0.0,0.0
2009-11-09 00:00:00+09:00,703.3162231445312,703.3162231445312,703.3162231445312,703.3162231445312,100,0.0,0.0
2009-11-10 00:00:00+09:00,694.852808374558,695.6991577148438,694.852808374558,695.6991577148438,500,0.0,0.0
2009-11-11 00:00:00+09:00,701.6235330515894,701.6235330515894,687.235595703125,687.235595703125,1300,0.0,0.0
2009-11-12 00:00:00+09:00,695.6991137965579,695.6991137965579,688.0819702148438,688.0819702148438,300,0.0,0.0
2009-11-13 00:00:00+09:00,698.2381467466001,698.2381467466001,685.5429077148438,685.5429077148438,1000,0.0,0.0
2009-11-16 00:00:00+09:00,682.1575170685613,685.5429141756013,679.6184692382812,679.6184692382812,1000,0.0,0.0
2009-11-17 00:00:00+09:00,678.772166442871,694.0064544677734,677.0794677734375,677.0794677734375,1900,0.0,0.0
2009-11-18 00:00:00+09:00,677.9257997340709,684.6965942382812,677.9257997340709,684.6965942382812,200,0.0,0.0
2009-11-19 00:00:00+09:00,683.003913116455,683.003913116455,677.0794677734375,677.0794677734375,1200,0.0,0.0
2009-11-20 00:00:00+09:00,677.0794677734375,677.0794677734375,677.0794677734375,677.0794677734375,200,0.0,0.0
2009-11-24 00:00:00+09:00,681.3112144470215,681.3112144470215,677.0794677734375,677.0794677734375,500,0.0,0.0
2009-11-25 00:00:00+09:00,677.92578125,677.92578125,677.92578125,677.92578125,0,0.0,0.0
2009-11-26 00:00:00+09:00,683.8502662800854,688.0820129773632,681.3112182617188,681.3112182617188,500,0.0,0.0
2009-11-27 00:00:00+09:00,679.6184439718575,679.6184439718575,677.9257454812675,678.7720947265625,300,0.0,0.0
2009-11-30 00:00:00+09:00,677.9257997340709,684.6965942382812,677.9257997340709,684.6965942382812,500,0.0,0.0
2009-12-01 00:00:00+09:00,679.6184439718575,685.5428886889222,678.7720947265625,678.7720947265625,300,0.0,0.0
2009-12-02 00:00:00+09:00,681.3112182617188,681.3112182617188,680.4648689222632,681.3112182617188,500,0.0,0.0
2009-12-03 00:00:00+09:00,684.6965942382812,684.6965942382812,679.6184983601235,684.6965942382812,800,0.0,0.0
2009-12-04 00:00:00+09:00,684.6965942382812,688.0819914903865,683.850244925255,684.6965942382812,1100,0.0,0.0
2009-12-07 00:00:00+09:00,687.2356354956534,690.6210327148438,687.2356354956534,690.6210327148438,1300,0.0,0.0
2009-12-08 00:00:00+09:00,685.5429077148438,685.5429077148438,683.8502091772763,685.5429077148438,700,0.0,0.0
2009-12-09 00:00:00+09:00,689.7746940444084,689.7746940444084,685.5429474551788,688.9283447265625,400,0.0,0.0
2009-12-10 00:00:00+09:00,688.081955521195,690.6210033275463,685.5429077148438,685.5429077148438,600,0.0,0.0
2009-12-11 00:00:00+09:00,690.6210327148438,690.6210327148438,690.6210327148438,690.6210327148438,300,0.0,0.0
2009-12-14 00:00:00+09:00,687.2356354956534,690.6210327148438,682.1575396668677,690.6210327148438,400,0.0,0.0
2009-12-15 00:00:00+09:00,693.1600511338976,694.0064004026814,685.5429077148438,685.5429077148438,1600,0.0,0.0
2009-12-16 00:00:00+09:00,685.5429077148438,685.5429077148438,685.5429077148438,685.5429077148438,400,0.0,0.0
2009-12-17 00:00:00+09:00,684.6965942382812,685.5429435513076,684.6965942382812,684.6965942382812,800,0.0,0.0
2009-12-18 00:00:00+09:00,685.5429077148438,686.3892569836275,684.69655844606,685.5429077148438,600,0.0,0.0
2009-12-21 00:00:00+09:00,686.3892928643339,692.313738055518,684.6965942382812,684.6965942382812,1800,0.0,0.0
2009-12-22 00:00:00+09:00,685.5429223542724,688.0819702148438,684.6965730674152,688.0819702148438,1100,0.0,0.0
2009-12-24 00:00:00+09:00,685.5429077148438,689.7746540587625,685.5429077148438,685.5429077148438,1800,0.0,0.0
2009-12-25 00:00:00+09:00,685.5429223542724,688.0819702148438,685.5429223542724,688.0819702148438,1000,0.0,0.0
2009-12-28 00:00:00+09:00,693.1600806292365,693.1600806292365,686.3892861908557,690.6210327148438,1100,0.0,0.0
2009-12-29 00:00:00+09:00,689.7747192382812,689.7747192382812,689.7747192382812,689.7747192382812,200,0.0,0.0
2009-12-30 00:00:00+09:00,689.7747229599371,694.0064697265625,689.7747229599371,694.0064697265625,700,0.0,0.0
2010-01-04 00:00:00+09:00,693.1601490085408,702.4699922797178,693.1601490085408,699.0845947265625,1000,0.0,0.0
2010-01-05 00:00:00+09:00,694.0064697265625,701.6236139064882,692.3137710199123,694.0064697265625,2000,0.0,0.0
2010-01-06 00:00:00+09:00,694.0064804711377,694.0064804711377,691.4674323718531,692.3137817382812,1100,0.0,0.0
2010-01-07 00:00:00+09:00,691.4674574557388,693.16015625,691.4674574557388,693.16015625,400,0.0,0.0
2010-01-08 00:00:00+09:00,694.0064659820744,695.6991646795917,686.3893218432468,689.7747192382812,3000,0.0,0.0
2010-01-12 00:00:00+09:00,689.7747192382812,693.1601166333157,688.9283698895226,689.7747192382812,1100,0.0,0.0
2010-01-13 00:00:00+09:00,694.0064804711377,695.6991792039942,692.3137817382812,692.3137817382812,1700,0.0,0.0
2010-01-14 00:00:00+09:00,689.7746940444084,689.7746940444084,688.9283447265625,688.9283447265625,2100,0.0,0.0
2010-01-15 00:00:00+09:00,693.16015625,693.16015625,692.3138068528693,693.16015625,1200,0.0,0.0
2010-01-18 00:00:00+09:00,693.16015625,694.0065056471307,693.16015625,693.16015625,1300,0.0,0.0
2010-01-19 00:00:00+09:00,693.16015625,694.0065056471307,693.16015625,693.16015625,1400,0.0,0.0
2010-01-20 00:00:00+09:00,693.1601240678267,699.0845695726799,693.1601240678267,698.2382202148438,1500,0.0,0.0
2010-01-21 00:00:00+09:00,698.2381129610366,704.1625575558576,698.2381129610366,700.7771606445312,2000,0.0,0.0
2010-01-22 00:00:00+09:00,697.3918139354292,703.3162589567254,696.5454646466726,702.4699096679688,1300,0.0,0.0
2010-01-25 00:00:00+09:00,706.7016201271764,707.5479693728377,703.3162231445312,703.3162231445312,600,0.0,0.0
2010-01-26 00:00:00+09:00,704.1625912544696,710.0870361328125,703.3162419861349,710.0870361328125,600,0.0,0.0
2010-01-27 00:00:00+09:00,699.9308114166997,700.7771606445312,699.0844621888682,700.7771606445312,1700,0.0,0.0
2010-01-28 00:00:00+09:00,698.2382381663602,705.009033203125,698.2382381663602,705.009033203125,800,0.0,0.0
2010-01-29 00:00:00+09:00,698.2381129610366,703.3162083280259,698.2381129610366,700.7771606445312,600,0.0,0.0
2010-02-01 00:00:00+09:00,699.0845695726799,699.0845695726799,698.2382202148438,698.2382202148438,900,0.0,0.0
2010-02-02 00:00:00+09:00,702.4699850643382,707.5480813419117,702.4699850643382,705.009033203125,700,0.0,0.0
2010-02-03 00:00:00+09:00,706.7015991210938,706.7015991210938,704.1625514595809,706.7015991210938,1200,0.0,0.0
2010-02-04 00:00:00+09:00,707.5480598258289,710.0871078874048,706.7017104719702,708.3944091796875,700,0.0,0.0
2010-02-05 00:00:00+09:00,703.3162315631736,711.7797241210938,703.3162315631736,711.7797241210938,2400,0.0,0.0
2010-02-08 00:00:00+09:00,711.7797996195571,714.31884765625,710.9334502739929,714.31884765625,700,0.0,0.0
2010-02-09 00:00:00+09:00,710.9334572412635,712.6261559489808,708.3944091796875,708.3944091796875,700,0.0,0.0
2010-02-10 00:00:00+09:00,709.2407585335461,709.2407585335461,702.469963702677,708.3944091796875,1800,0.0,0.0
2010-02-12 00:00:00+09:00,708.3942975621025,710.9333452236153,706.7015991210938,706.7015991210938,300,0.0,0.0
2010-02-15 00:00:00+09:00,703.3162589567254,703.3162589567254,702.4699096679688,702.4699096679688,1100,0.0,0.0
2010-02-16 00:00:00+09:00,703.3162022390766,706.7015991210938,702.4698530185723,706.7015991210938,100,0.0,0.0
2010-02-17 00:00:00+09:00,708.3942975621025,709.2406467826067,706.7015991210938,706.7015991210938,600,0.0,0.0
2010-02-18 00:00:00+09:00,703.3163985295625,709.2408447265625,702.4700490728483,709.2408447265625,800,0.0,0.0
2010-02-19 00:00:00+09:00,706.7015991210938,706.7015991210938,706.7015991210938,706.7015991210938,200,0.0,0.0
2010-02-22 00:00:00+09:00,705.0090758262508,712.626220703125,705.0090758262508,712.626220703125,900,0.0,0.0
2010-02-23 00:00:00+09:00,707.5480174047707,715.1651611328125,707.5480174047707,715.1651611328125,300,0.0,0.0
2010-02-24 00:00:00+09:00,715.1652909235625,715.1652909235625,709.2408447265625,709.2408447265625,1500,0.0,0.0
2010-02-25 00:00:00+09:00,710.9334106445312,710.9334106445312,710.9334106445312,710.9334106445312,400,0.0,0.0
2010-02-26 00:00:00+09:00,710.9333854011472,714.3187824744859,710.0870361328125,710.0870361328125,800,0.0,0.0
2010-03-01 00:00:00+09:00,713.472462526581,715.1651611328125,712.6261132234652,715.1651611328125,700,0.0,0.0
2010-03-02 00:00:00+09:00,716.0115356445312,717.7042343103576,716.0115356445312,716.0115356445312,500,0.0,0.0
2010-03-03 00:00:00+09:00,718.5505013499541,719.3968505859375,718.5505013499541,719.3968505859375,2000,0.0,0.0
2010-03-04 00:00:00+09:00,719.3968401268614,722.7822370215761,719.3968401268614,721.0895385742188,1300,0.0,0.0
2010-03-05 00:00:00+09:00,722.7823379373996,724.4750366210938,722.7823379373996,724.4750366210938,2200,0.0,0.0
2010-03-08 00:00:00+09:00,726.167724609375,729.5531219269012,726.167724609375,726.167724609375,4500,0.0,0.0
2010-03-09 00:00:00+09:00,727.8603767988712,730.3994246249138,727.0140275235237,728.7067260742188,1100,0.0,0.0
2010-03-10 00:00:00+09:00,730.3995253369987,732.0922241210938,728.7068265529037,732.0922241210938,1400,0.0,0.0
2010-03-11 00:00:00+09:00,731.2458098655524,731.2458098655524,727.8604125976562,727.8604125976562,1100,0.0,0.0
2010-03-12 00:00:00+09:00,732.0921591825264,732.0921591825264,727.8604125976562,727.8604125976562,2100,0.0,0.0
2010-03-15 00:00:00+09:00,730.3995253369987,732.0922241210938,728.7068265529037,732.0922241210938,700,0.0,0.0
2010-03-16 00:00:00+09:00,732.0921272824047,733.7848258425952,731.2457780023094,732.9384765625,1300,0.0,0.0
2010-03-17 00:00:00+09:00,735.4775032832705,736.3238525390625,734.6311540274785,736.3238525390625,1000,0.0,0.0
2010-03-18 00:00:00+09:00,736.3238923445992,739.7092895507812,736.3238923445992,739.7092895507812,1500,0.0,0.0
2010-03-19 00:00:00+09:00,740.55559251844,742.248291015625,740.55559251844,742.248291015625,1000,0.0,0.0
2010-03-23 00:00:00+09:00,743.0947265625,744.7874252562643,732.0921850530325,743.0947265625,6900,0.0,0.0
2010-03-24 00:00:00+09:00,746.4801025390625,749.0191505068825,746.4801025390625,746.4801025390625,4300,0.0,0.0
2010-03-25 00:00:00+09:00,748.1728408159037,749.8655395507812,746.4801420810261,749.8655395507812,8300,0.0,0.0
2010-03-26 00:00:00+09:00,746.4800101615288,751.55810546875,745.6336609436586,751.55810546875,9300,0.0,0.0
2010-03-29 00:00:00+09:00,706.7405320137523,713.6355615943743,693.8123515500861,711.9118041992188,5100,16.0,0.0
2010-03-30 00:00:00+09:00,713.6355628551137,714.4974415542141,711.0499267578125,711.0499267578125,1900,0.0,0.0
2010-03-31 00:00:00+09:00,711.0499267578125,713.6355628551137,711.0499267578125,711.0499267578125,2200,0.0,0.0
2010-04-01 00:00:00+09:00,711.0499318130994,711.0499318130994,707.6024169921875,707.6024169921875,1600,0.0,0.0
2010-04-02 00:00:00+09:00,711.049925501641,711.9118041992188,706.7405320137523,711.9118041992188,2400,0.0,0.0
2010-04-05 00:00:00+09:00,711.0498069123538,711.911685466187,706.740414143188,709.3260498046875,1800,0.0,0.0
2010-04-06 00:00:00+09:00,714.4974390327426,715.3593177288014,710.1880455524486,712.773681640625,1400,0.0,0.0
2010-04-07 00:00:00+09:00,714.4973754882812,714.4973754882812,713.6354968688744,714.4973754882812,400,0.0,0.0
2010-04-08 00:00:00+09:00,717.9448899659087,717.9448899659087,714.4973754882812,714.4973754882812,400,0.0,0.0
2010-04-09 00:00:00+09:00,711.9118041992188,716.2211976871075,711.049925501641,711.9118041992188,2100,0.0,0.0
2010-04-12 00:00:00+09:00,715.3592541076881,719.6686472047224,714.4973754882812,714.4973754882812,1800,0.0,0.0
2010-04-13 00:00:00+09:00,718.8068237304688,718.8068237304688,715.3593089883561,718.8068237304688,300,0.0,0.0
2010-04-14 00:00:00+09:00,717.9448864276592,722.2542795034556,716.2211291973407,717.0830078125,800,0.0,0.0
2010-04-15 00:00:00+09:00,717.9449400981457,728.2874842532211,717.9449400981457,722.2543334960938,2300,0.0,0.0
2010-04-16 00:00:00+09:00,720.5305761369145,726.5637268940418,719.6686974573249,722.2543334960938,700,0.0,0.0
2010-04-19 00:00:00+09:00,725.7017277621767,725.7017277621767,720.5304565429688,720.5304565429688,800,0.0,0.0
2010-04-20 00:00:00+09:00,719.668754368985,724.8400268554688,717.0831181257431,724.8400268554688,800,0.0,0.0
2010-04-21 00:00:00+09:00,725.7019082252402,725.7019082252402,723.1162719726562,723.1162719726562,700,0.0,0.0
2010-04-22 00:00:00+09:00,719.6686436579778,722.2542795034556,717.0830078125,717.0830078125,1300,0.0,0.0
2010-04-23 00:00:00+09:00,717.0830089876655,717.0830089876655,716.2211303710938,716.2211303710938,300,0.0,0.0
2010-04-26 00:00:00+09:00,717.9448852539062,723.9780355501575,717.9448852539062,717.9448852539062,700,0.0,0.0
2010-04-27 00:00:00+09:00,717.9448876042371,718.8067662208089,716.2211303710938,716.2211303710938,1100,0.0,0.0
2010-04-28 00:00:00+09:00,718.8067662208089,718.8067662208089,715.359251754522,716.2211303710938,1800,0.0,0.0
2010-04-30 00:00:00+09:00,717.0830078125,717.9448864276592,717.0830078125,717.0830078125,600,0.0,0.0
2010-05-06 00:00:00+09:00,715.3592529296875,715.3592529296875,715.3592529296875,715.3592529296875,2300,0.0,0.0
2010-05-07 00:00:00+09:00,715.3591941059499,715.3591941059499,711.9116799174875,713.6354370117188,1200,0.0,0.0
2010-05-10 00:00:00+09:00,713.6355027874697,720.530531799909,710.18798828125,710.18798828125,1700,0.0,0.0
2010-05-11 00:00:00+09:00,712.773681640625,712.773681640625,712.773681640625,712.773681640625,300,0.0,0.0
2010-05-12 00:00:00+09:00,712.7736841560132,713.6355628551137,711.0499267578125,711.0499267578125,1000,0.0,0.0
2010-05-13 00:00:00+09:00,711.0498669078049,716.2211386671345,710.18798828125,710.18798828125,1000,0.0,0.0
2010-05-14 00:00:00+09:00,713.6355027874697,713.6355027874697,710.18798828125,710.18798828125,1000,0.0,0.0
2010-05-17 00:00:00+09:00,710.1880531078715,710.1880531078715,707.6024169921875,707.6024169921875,2200,0.0,0.0
2010-05-18 00:00:00+09:00,706.7405395507812,707.6024182575504,706.7405395507812,706.7405395507812,600,0.0,0.0
2010-05-19 00:00:00+09:00,706.7405395507812,706.7405395507812,706.7405395507812,706.7405395507812,1200,0.0,0.0
2010-05-20 00:00:00+09:00,705.0167248281155,710.1879966483706,704.1548461914062,704.1548461914062,600,0.0,0.0
2010-05-21 00:00:00+09:00,698.1217077319063,703.2929796410316,693.812314474302,695.5360717773438,2100,0.0,0.0
2010-05-24 00:00:00+09:00,704.1548607488596,704.1548607488596,693.8123168945312,693.8123168945312,2100,0.0,0.0
2010-05-25 00:00:00+09:00,693.8123168945312,694.6741955490586,693.8123168945312,693.8123168945312,1300,0.0,0.0
2010-05-26 00:00:00+09:00,694.6741955490586,698.1217101671681,693.8123168945312,693.8123168945312,1300,0.0,0.0
2010-05-27 00:00:00+09:00,694.6741895134066,698.1217041015625,694.6741895134066,698.1217041015625,700,0.0,0.0
2010-05-28 00:00:00+09:00,705.8786010742188,705.8786010742188,705.8786010742188,705.8786010742188,300,0.0,0.0
2010-05-31 00:00:00+09:00,702.4310913085938,702.4310913085938,698.9835767500239,702.4310913085938,700,0.0,0.0
2010-06-01 00:00:00+09:00,706.740484506806,706.740484506806,698.1216981103814,702.4310913085938,1700,0.0,0.0
2010-06-02 00:00:00+09:00,701.5693359375,701.5693359375,701.5693359375,701.5693359375,300,0.0,0.0
2010-06-03 00:00:00+09:00,700.7073364257812,701.5692150683714,700.7073364257812,700.7073364257812,400,0.0,0.0
2010-06-04 00:00:00+09:00,700.7074571464219,705.016851101812,700.7074571464219,701.5693359375,600,0.0,0.0
2010-06-07 00:00:00+09:00,711.9118814304361,711.9118814304361,700.7074571464219,701.5693359375,1100,0.0,0.0
2010-06-08 00:00:00+09:00,700.7074571464219,701.5693359375,700.7074571464219,701.5693359375,500,0.0,0.0
2010-06-09 00:00:00+09:00,703.2929133592787,703.2929133592787,698.9835205078125,698.9835205078125,600,0.0,0.0
2010-06-10 00:00:00+09:00,699.8453979492188,699.8453979492188,698.9835193803158,699.8453979492188,500,0.0,0.0
2010-06-11 00:00:00+09:00,698.9835205078125,699.8453990781057,698.9835205078125,698.9835205078125,800,0.0,0.0
2010-06-14 00:00:00+09:00,701.5692610677083,711.0499267578125,701.5692610677083,711.0499267578125,300,0.0,0.0
2010-06-15 00:00:00+09:00,723.1161123709458,723.1161123709458,703.2929054763906,705.0166625976562,1300,0.0,0.0
2010-06-16 00:00:00+09:00,712.773681640625,712.773681640625,705.8786520721546,712.773681640625,400,0.0,0.0
2010-06-17 00:00:00+09:00,710.1880543778582,710.1880543778582,706.7405395507812,706.7405395507812,1100,0.0,0.0
2010-06-18 00:00:00+09:00,705.8786058671635,705.8786058671635,702.4310913085938,702.4310913085938,700,0.0,0.0
2010-06-21 00:00:00+09:00,704.1549084981283,706.7405446370443,702.4311510721843,703.2930297851562,800,0.0,0.0
2010-06-22 00:00:00+09:00,702.4310213740223,710.1879283585207,702.4310213740223,709.3260498046875,900,0.0,0.0
2010-06-23 00:00:00+09:00,707.6022982795548,707.6022982795548,705.0166625976562,705.0166625976562,700,0.0,0.0
2010-06-24 00:00:00+09:00,706.7404821015339,707.6023607382431,704.1548461914062,704.1548461914062,1100,0.0,0.0
2010-06-25 00:00:00+09:00,712.7736301445408,712.7736301445408,705.8786010742188,705.8786010742188,700,0.0,0.0
2010-06-28 00:00:00+09:00,711.049925501641,711.9118041992188,711.049925501641,711.9118041992188,600,0.0,0.0
2010-06-29 00:00:00+09:00,707.6024182575504,707.6024182575504,706.7405395507812,706.7405395507812,700,0.0,0.0
2010-06-30 00:00:00+09:00,705.0167224404285,706.7404797080089,705.0167224404285,705.8786010742188,1000,0.0,0.0
2010-07-01 00:00:00+09:00,704.1548461914062,705.0167248281155,704.1548461914062,704.1548461914062,1100,0.0,0.0
2010-07-02 00:00:00+09:00,707.6024107113301,713.6355615943743,707.6024107113301,711.9118041992188,800,0.0,0.0
2010-07-05 00:00:00+09:00,709.3261744026435,718.8068401601515,706.7405382869595,707.6024169921875,800,0.0,0.0
2010-07-06 00:00:00+09:00,707.6024169921875,713.6355679287835,707.6024169921875,707.6024169921875,500,0.0,0.0
2010-07-07 00:00:00+09:00,706.7405395507812,707.6024182575504,706.7405395507812,706.7405395507812,700,0.0,0.0
2010-07-08 00:00:00+09:00,717.0830827496954,717.0830827496954,706.7405382869595,707.6024169921875,1100,0.0,0.0
2010-07-09 00:00:00+09:00,707.6024182575504,711.9118117913966,706.7405395507812,706.7405395507812,600,0.0,0.0
2010-07-12 00:00:00+09:00,707.602354768999,715.3592624339454,707.602354768999,708.4642333984375,700,0.0,0.0
2010-07-13 00:00:00+09:00,711.9118029445661,712.773681640625,711.9118029445661,712.773681640625,700,0.0,0.0
2010-07-14 00:00:00+09:00,711.0498692867529,711.0498692867529,708.4642333984375,708.4642333984375,900,0.0,0.0
2010-07-15 00:00:00+09:00,721.3924775658584,721.3924775658584,706.7405395507812,706.7405395507812,3000,0.0,0.0
2010-07-16 00:00:00+09:00,713.6355051750685,713.6355051750685,707.602354768999,708.4642333984375,1000,0.0,0.0
2010-07-21 00:00:00+09:00,705.8785411582891,706.7404197189219,705.0166625976562,705.0166625976562,1000,0.0,0.0
2010-07-22 00:00:00+09:00,705.0167821372427,706.7405395507812,704.1549034304735,706.7405395507812,400,0.0,0.0
2010-07-23 00:00:00+09:00,710.18798828125,710.18798828125,710.18798828125,710.18798828125,600,0.0,0.0
2010-07-26 00:00:00+09:00,711.0498669078049,711.0498669078049,702.4310806422558,710.18798828125,1600,0.0,0.0
2010-07-27 00:00:00+09:00,710.18798828125,710.18798828125,710.18798828125,710.18798828125,100,0.0,0.0
2010-07-28 00:00:00+09:00,706.7405332623107,712.7736841560132,706.7405332623107,711.0499267578125,1100,0.0,0.0
2010-07-29 00:00:00+09:00,712.7736904981659,712.7736904981659,706.7405395507812,706.7405395507812,400,0.0,0.0
2010-07-30 00:00:00+09:00,707.6023524015853,710.18798828125,707.6023524015853,710.18798828125,400,0.0,0.0
2010-08-02 00:00:00+09:00,710.1879906573145,710.1879906573145,708.4642333984375,708.4642333984375,300,0.0,0.0
2010-08-03 00:00:00+09:00,706.740414143188,711.0498069123538,706.740414143188,709.3260498046875,400,0.0,0.0
2010-08-04 00:00:00+09:00,711.0499267578125,711.0499267578125,711.0499267578125,711.0499267578125,400,0.0,0.0
2010-08-05 00:00:00+09:00,718.8068237304688,718.8068237304688,718.8068237304688,718.8068237304688,1700,0.0,0.0
2010-08-06 00:00:00+09:00,717.9448852539062,717.9448852539062,717.9448852539062,717.9448852539062,300,0.0,0.0
2010-08-09 00:00:00+09:00,715.3592529296875,715.3592529296875,715.3592529296875,715.3592529296875,200,0.0,0.0
2010-08-10 00:00:00+09:00,712.7736135714051,717.9448852539062,712.7736135714051,717.9448852539062,300,0.0,0.0
2010-08-11 00:00:00+09:00,715.3592529296875,715.3592529296875,715.3592529296875,715.3592529296875,200,0.0,0.0
2010-08-12 00:00:00+09:00,717.9448887836502,717.9448887836502,715.3592529296875,715.3592529296875,500,0.0,0.0
2010-08-13 00:00:00+09:00,717.9448852539062,717.9448852539062,717.9448852539062,717.9448852539062,900,0.0,0.0
2010-08-16 00:00:00+09:00,715.3592505821815,717.0830078125,715.3592505821815,717.0830078125,400,0.0,0.0
2010-08-17 00:00:00+09:00,711.9118041992188,711.9118041992188,711.9118041992188,711.9118041992188,400,0.0,0.0
2010-08-18 00:00:00+09:00,718.8068237304688,718.8068237304688,718.8068237304688,718.8068237304688,200,0.0,0.0
2010-08-19 00:00:00+09:00,715.3592529296875,715.3592529296875,712.7736170757247,715.3592529296875,400,0.0,0.0
2010-08-20 00:00:00+09:00,715.3593177288014,722.2543472972718,712.773681640625,712.773681640625,500,0.0,0.0
2010-08-23 00:00:00+09:00,722.2543334960938,722.2543334960938,722.2543334960938,722.2543334960938,700,0.0,0.0
2010-08-24 00:00:00+09:00,715.3593040593769,722.2543334960938,715.3593040593769,722.2543334960938,800,0.0,0.0
2010-08-25 00:00:00+09:00,721.3924548165041,722.2543334960938,721.3924548165041,722.2543334960938,500,0.0,0.0
2010-08-26 00:00:00+09:00,722.2543334960938,722.2543334960938,722.2543334960938,722.2543334960938,300,0.0,0.0
2010-08-27 00:00:00+09:00,723.1162719726562,723.1162719726562,723.1162719726562,723.1162719726562,900,0.0,0.0
2010-08-30 00:00:00+09:00,716.2211864357223,719.668701171875,716.2211864357223,719.668701171875,400,0.0,0.0
2010-08-31 00:00:00+09:00,719.668701171875,722.2543372239895,718.8068224878368,719.668701171875,600,0.0,0.0
2010-09-01 00:00:00+09:00,717.0830614185561,722.2543334960938,716.2211827389665,722.2543334960938,400,0.0,0.0
2010-09-02 00:00:00+09:00,722.2543472972718,722.2543472972718,711.0499242485074,712.773681640625,1200,0.0,0.0
2010-09-03 00:00:00+09:00,716.2211864357223,719.668701171875,716.2211864357223,719.668701171875,200,0.0,0.0
2010-09-06 00:00:00+09:00,723.11627066476,723.9781494140625,723.11627066476,723.9781494140625,1100,0.0,0.0
2010-09-07 00:00:00+09:00,723.9781494140625,723.9781494140625,723.9781494140625,723.9781494140625,100,0.0,0.0
2010-09-08 00:00:00+09:00,723.9781507235176,723.9781507235176,711.911848211459,723.1162719726562,600,0.0,0.0
2010-09-09 00:00:00+09:00,720.5305798559132,720.5305798559132,719.668701171875,719.668701171875,400,0.0,0.0
2010-09-10 00:00:00+09:00,720.5306344168526,723.9781494140625,719.6687556675502,723.9781494140625,600,0.0,0.0
2010-09-13 00:00:00+09:00,723.11627066476,723.9781494140625,723.11627066476,723.9781494140625,500,0.0,0.0
2010-09-14 00:00:00+09:00,723.978090855273,723.978090855273,722.2543334960938,722.2543334960938,900,0.0,0.0
2010-09-16 00:00:00+09:00,723.1162159080277,723.1162159080277,719.668701171875,719.668701171875,600,0.0,0.0
2010-09-17 00:00:00+09:00,715.359251754522,718.8067662208089,715.359251754522,716.2211303710938,500,0.0,0.0
2010-09-21 00:00:00+09:00,723.9781494140625,723.9781494140625,723.9781494140625,723.9781494140625,400,0.0,0.0
2010-09-22 00:00:00+09:00,723.9780945920659,723.9780945920659,716.2211864357223,719.668701171875,400,0.0,0.0
2010-09-24 00:00:00+09:00,719.668701171875,719.668701171875,717.9449438037987,719.668701171875,1100,0.0,0.0
2010-09-27 00:00:00+09:00,719.668701171875,719.668701171875,719.668701171875,719.668701171875,1700,0.0,0.0
2010-09-28 00:00:00+09:00,700.7073713343777,718.8068237304688,699.8454926488496,718.8068237304688,1000,0.0,0.0
2010-09-29 00:00:00+09:00,714.4973267646175,714.4973267646175,705.0166625976562,705.0166625976562,0,0.0,0.0
2010-09-30 00:00:00+09:00,705.8786010742188,705.8786010742188,705.8786010742188,705.8786010742188,300,0.0,0.0
2010-10-01 00:00:00+09:00,708.4641712508544,714.4973211276864,708.4641712508544,709.3260498046875,400,0.0,0.0
2010-10-04 00:00:00+09:00,713.6356390125922,713.6356390125922,701.5693359375,701.5693359375,2100,0.0,0.0
2010-10-05 00:00:00+09:00,701.5693359375,701.5693359375,699.845578355344,701.5693359375,1100,0.0,0.0
2010-10-06 00:00:00+09:00,702.4310937109615,702.4310937109615,700.7073364257812,700.7073364257812,600,0.0,0.0
2010-10-07 00:00:00+09:00,702.4310913085938,702.4310913085938,702.4310913085938,702.4310913085938,400,0.0,0.0
2010-10-08 00:00:00+09:00,711.0499267578125,711.0499267578125,711.0499267578125,711.0499267578125,100,0.0,0.0
2010-10-12 00:00:00+09:00,711.9118117913966,714.4974479117044,706.7405395507812,706.7405395507812,800,0.0,0.0
2010-10-13 00:00:00+09:00,706.7405395507812,706.7405395507812,706.7405395507812,706.7405395507812,600,0.0,0.0
2010-10-14 00:00:00+09:00,707.6024169921875,707.6024169921875,707.6024169921875,707.6024169921875,100,0.0,0.0
2010-10-15 00:00:00+09:00,703.2930297851562,703.2930297851562,703.2930297851562,703.2930297851562,800,0.0,0.0
2010-10-18 00:00:00+09:00,703.2930297851562,703.2930297851562,703.2930297851562,703.2930297851562,400,0.0,0.0
2010-10-19 00:00:00+09:00,700.7073364257812,700.7073364257812,700.7073364257812,700.7073364257812,200,0.0,0.0
2010-10-20 00:00:00+09:00,702.4310913085938,702.4310913085938,702.4310913085938,702.4310913085938,400,0.0,0.0
2010-10-21 00:00:00+09:00,702.4310913085938,702.4310913085938,702.4310913085938,702.4310913085938,100,0.0,0.0
2010-10-22 00:00:00+09:00,702.4310347889855,703.2929133592787,698.9835205078125,698.9835205078125,800,0.0,0.0
2010-10-25 00:00:00+09:00,698.1217041015625,698.1217041015625,698.1217041015625,698.1217041015625,200,0.0,0.0
2010-10-26 00:00:00+09:00,698.9835827486014,698.9835827486014,698.1217041015625,698.1217041015625,700,0.0,0.0
2010-10-27 00:00:00+09:00,698.9835720038967,705.8786010742188,698.9835720038967,705.8786010742188,300,0.0,0.0
2010-10-28 00:00:00+09:00,705.8786010742188,705.8786010742188,705.8786010742188,705.8786010742188,100,0.0,0.0
2010-10-29 00:00:00+09:00,698.9835071586897,709.3260498046875,698.9835071586897,709.3260498046875,500,0.0,0.0
2010-11-01 00:00:00+09:00,709.3261096546951,710.18798828125,709.3261096546951,710.18798828125,500,0.0,0.0
2010-11-02 00:00:00+09:00,708.4642969643197,708.4642969643197,706.7405395507812,706.7405395507812,200,0.0,0.0
2010-11-04 00:00:00+09:00,711.0499267578125,711.0499267578125,711.0499267578125,711.0499267578125,300,0.0,0.0
2010-11-05 00:00:00+09:00,714.4973754882812,714.4973754882812,714.4973754882812,714.4973754882812,1200,0.0,0.0
2010-11-08 00:00:00+09:00,714.4974479117044,715.3593266184737,706.7405395507812,706.7405395507812,600,0.0,0.0
2010-11-09 00:00:00+09:00,711.0499330846275,715.3593266184737,706.7405395507812,706.7405395507812,600,0.0,0.0
2010-11-10 00:00:00+09:00,705.8785858154297,717.0830078125,705.8785858154297,717.0830078125,500,0.0,0.0
2010-11-11 00:00:00+09:00,717.0830827496954,717.0830827496954,707.6024169921875,707.6024169921875,600,0.0,0.0
2010-11-12 00:00:00+09:00,714.4974466340115,714.4974466340115,707.6024169921875,707.6024169921875,300,0.0,0.0
2010-11-15 00:00:00+09:00,707.6024182575504,712.7736904981659,706.7405395507812,706.7405395507812,1300,0.0,0.0
2010-11-16 00:00:00+09:00,706.7405332623107,711.0499267578125,706.7405332623107,711.0499267578125,600,0.0,0.0
2010-11-17 00:00:00+09:00,707.6023631464484,707.6023631464484,702.4310913085938,702.4310913085938,600,0.0,0.0
2010-11-18 00:00:00+09:00,707.6024182575504,715.3593266184737,702.431146016935,706.7405395507812,500,0.0,0.0
2010-11-19 00:00:00+09:00,707.602411961411,711.0499267578125,707.602411961411,711.0499267578125,600,0.0,0.0
2010-11-22 00:00:00+09:00,711.0498598397496,715.3592529296875,711.0498598397496,715.3592529296875,600,0.0,0.0
2010-11-24 00:00:00+09:00,715.359251754522,716.2211303710938,714.4973731379503,716.2211303710938,1200,0.0,0.0
2010-11-25 00:00:00+09:00,715.3591941059499,715.3591941059499,713.6354370117188,713.6354370117188,0,0.0,0.0
2010-11-26 00:00:00+09:00,712.7736147367037,717.0830078125,711.9117361215444,717.0830078125,700,0.0,0.0
2010-11-29 00:00:00+09:00,713.6355503836078,719.668701171875,713.6355503836078,719.668701171875,900,0.0,0.0
2010-11-30 00:00:00+09:00,717.9448852539062,717.9448852539062,717.9448852539062,717.9448852539062,100,0.0,0.0
2010-12-01 00:00:00+09:00,719.668701171875,719.668701171875,715.3593077516841,719.668701171875,900,0.0,0.0
2010-12-02 00:00:00+09:00,718.8068224878368,719.668701171875,717.9449438037987,719.668701171875,1300,0.0,0.0
2010-12-03 00:00:00+09:00,717.9449450449406,720.5305811015251,717.9449450449406,718.8068237304688,700,0.0,0.0
2010-12-06 00:00:00+09:00,718.8068224878368,719.668701171875,718.8068224878368,719.668701171875,700,0.0,0.0
2010-12-07 00:00:00+09:00,721.3924560546875,721.3924560546875,717.9449413304118,721.3924560546875,500,0.0,0.0
2010-12-08 00:00:00+09:00,721.3925131661551,723.9781494140625,720.5306344168526,723.9781494140625,800,0.0,0.0
2010-12-09 00:00:00+09:00,723.9780859143037,725.7018432617188,723.1162072405963,725.7018432617188,1500,0.0,0.0
2010-12-10 00:00:00+09:00,726.5637856619699,726.5637856619699,723.9781494140625,723.9781494140625,1100,0.0,0.0
2010-12-13 00:00:00+09:00,728.2875431605747,730.8731794084821,723.9781494140625,723.9781494140625,1900,0.0,0.0
2010-12-14 00:00:00+09:00,727.425596916605,728.2874755859375,724.8399609086076,728.2874755859375,1000,0.0,0.0
2010-12-15 00:00:00+09:00,725.7018432617188,725.7018432617188,725.7018432617188,725.7018432617188,200,0.0,0.0
2010-12-16 00:00:00+09:00,725.7017764617308,730.0111694335938,725.7017764617308,730.0111694335938,600,0.0,0.0
2010-12-17 00:00:00+09:00,729.1492954674989,729.1492954674989,726.5636596679688,726.5636596679688,500,0.0,0.0
2010-12-20 00:00:00+09:00,726.5637219354263,726.5637219354263,725.7018432617188,725.7018432617188,400,0.0,0.0
2010-12-21 00:00:00+09:00,725.7018395779401,728.2874755859375,715.3592955459504,728.2874755859375,2000,0.0,0.0
2010-12-22 00:00:00+09:00,729.1492908392212,730.0111694335938,729.1492908392212,730.0111694335938,600,0.0,0.0
2010-12-24 00:00:00+09:00,728.2873502767311,730.8729858398438,728.2873502767311,730.8729858398438,1200,0.0,0.0
2010-12-27 00:00:00+09:00,728.2873502767311,730.8729858398438,728.2873502767311,730.8729858398438,1300,0.0,0.0
2010-12-28 00:00:00+09:00,732.5968627929688,734.3206201171876,731.7349841308594,732.5968627929688,1700,0.0,0.0
2010-12-29 00:00:00+09:00,731.7350361311032,738.6300659179688,731.7350361311032,738.6300659179688,800,0.0,0.0
2010-12-30 00:00:00+09:00,740.353759765625,740.353759765625,737.7681238176659,740.353759765625,800,0.0,0.0
2011-01-04 00:00:00+09:00,742.93945567996,743.8013343988463,741.2156982421875,741.2156982421875,1500,0.0,0.0
2011-01-05 00:00:00+09:00,741.2156384149447,742.0775170642644,739.4918811163053,740.353759765625,1800,0.0,0.0
2011-01-06 00:00:00+09:00,739.4918811163053,740.353759765625,736.9062451683462,740.353759765625,1700,0.0,0.0
2011-01-07 00:00:00+09:00,739.4918763126449,743.80126953125,738.6299976689238,743.80126953125,800,0.0,0.0
2011-01-11 00:00:00+09:00,744.6631481749711,745.525026818692,741.2156336000869,743.80126953125,1200,0.0,0.0
2011-01-12 00:00:00+09:00,744.6632042063148,748.1107190406034,741.2156893720263,747.2488403320312,1100,0.0,0.0
2011-01-13 00:00:00+09:00,745.5250125558035,754.143798828125,745.5250125558035,754.143798828125,1700,0.0,0.0
2011-01-14 00:00:00+09:00,750.6964111328125,754.1439262241228,750.6964111328125,750.6964111328125,1400,0.0,0.0
2011-01-17 00:00:00+09:00,750.6963513604526,750.6963513604526,749.83447265625,749.83447265625,2300,0.0,0.0
2011-01-18 00:00:00+09:00,754.143798828125,754.143798828125,749.8344056919642,754.143798828125,900,0.0,0.0
2011-01-19 00:00:00+09:00,749.8344764577475,749.8344764577475,747.2488403320312,747.2488403320312,800,0.0,0.0
2011-01-20 00:00:00+09:00,748.9725282437741,753.2819213867188,748.1106496151853,753.2819213867188,400,0.0,0.0
2011-01-21 00:00:00+09:00,754.1438293457031,754.1438293457031,723.978076171875,732.5968627929688,4400,0.0,0.0
2011-01-24 00:00:00+09:00,752.4199229249167,752.4199229249167,743.8011380116874,751.5580444335938,400,0.0,0.0
2011-01-25 00:00:00+09:00,746.3869018554688,746.3869018554688,746.3869018554688,746.3869018554688,100,0.0,0.0
2011-01-26 00:00:00+09:00,749.8344056919642,754.143798828125,749.8344056919642,754.143798828125,200,0.0,0.0
2011-01-27 00:00:00+09:00,751.5580444335938,754.1436799075625,751.5580444335938,751.5580444335938,800,0.0,0.0
2011-01-28 00:00:00+09:00,752.4200427581299,758.4531931582522,752.4200427581299,753.2819213867188,1300,0.0,0.0
2011-01-31 00:00:00+09:00,753.2820355502042,759.3151868646795,752.4201567909935,758.4533081054688,1000,0.0,0.0
2011-02-01 00:00:00+09:00,754.1438661772629,758.4532596982758,749.83447265625,749.83447265625,1500,0.0,0.0
2011-02-02 00:00:00+09:00,759.3151245117188,759.3151245117188,753.2819736926699,759.3151245117188,600,0.0,0.0
2011-02-03 00:00:00+09:00,759.3150658374218,759.3150658374218,756.7294299719141,757.59130859375,300,0.0,0.0
2011-02-04 00:00:00+09:00,758.4533081054688,759.3151868646795,757.591429346258,758.4533081054688,1300,0.0,0.0
2011-02-07 00:00:00+09:00,758.4533081054688,760.1770656238903,758.4533081054688,758.4533081054688,1800,0.0,0.0
2011-02-08 00:00:00+09:00,758.4531836823271,760.1769409179688,754.1437905932229,760.1769409179688,1800,0.0,0.0
2011-02-09 00:00:00+09:00,758.4531836823271,760.1769409179688,754.1437905932229,760.1769409179688,1600,0.0,0.0
2011-02-10 00:00:00+09:00,761.9007064732142,761.9007064732142,754.143798828125,754.143798828125,1400,0.0,0.0
2011-02-14 00:00:00+09:00,714.4973741734649,762.7625767714312,699.8454376705108,760.1769409179688,600,0.0,0.0
2011-02-15 00:00:00+09:00,765.3482055664062,765.3482055664062,762.7625697367899,765.3482055664062,1900,0.0,0.0
2011-02-16 00:00:00+09:00,765.3482690815463,765.3482690815463,763.62451171875,763.62451171875,900,0.0,0.0
2011-02-17 00:00:00+09:00,767.0719639585682,767.0719639585682,762.7625709026212,764.486328125,1500,0.0,0.0
2011-02-18 00:00:00+09:00,764.4863269565342,766.2100841762783,764.4863269565342,765.3482055664062,1000,0.0,0.0
2011-02-21 00:00:00+09:00,767.0720202513415,767.9338989257812,766.2101415769018,767.9338989257812,1700,0.0,0.0
2011-02-22 00:00:00+09:00,767.0719569634483,773.966985790086,767.0719569634483,769.6575927734375,800,0.0,0.0
2011-02-23 00:00:00+09:00,772.243343298109,775.690858223547,768.795828372671,774.8289794921875,1300,0.0,0.0
2011-02-24 00:00:00+09:00,773.9671046393258,773.9671046393258,767.0720747538976,772.2433471679688,1800,0.0,0.0
2011-02-25 00:00:00+09:00,774.8288505427745,781.7238792461585,773.9669719548515,780.0001220703125,2400,0.0,0.0
2011-02-28 00:00:00+09:00,780.0001186421264,782.5857543945312,775.6907257214517,782.5857543945312,1700,0.0,0.0
2011-03-01 00:00:00+09:00,775.6907958984375,781.7239465332032,774.8289172363282,775.6907958984375,1600,0.0,0.0
2011-03-02 00:00:00+09:00,775.6907958984375,775.6907958984375,773.1051599121093,775.6907958984375,1900,0.0,0.0
2011-03-03 00:00:00+09:00,775.6907958984375,775.6907958984375,773.9670385742188,775.6907958984375,1600,0.0,0.0
2011-03-04 00:00:00+09:00,780.0001220703125,780.0001220703125,774.8288505427745,780.0001220703125,2200,0.0,0.0
2011-03-07 00:00:00+09:00,780.0001255213025,780.0001255213025,777.4144897460938,777.4144897460938,2100,0.0,0.0
2011-03-08 00:00:00+09:00,778.2764892578125,778.2764892578125,775.6908530808762,778.2764892578125,2700,0.0,0.0
2011-03-09 00:00:00+09:00,775.6907983452811,775.6907983452811,773.967041015625,773.967041015625,2300,0.0,0.0
2011-03-10 00:00:00+09:00,771.3814086914062,775.690802036051,771.3814086914062,771.3814086914062,1400,0.0,0.0
2011-03-11 00:00:00+09:00,771.3814086914062,771.3814086914062,762.7626220021168,771.3814086914062,1800,0.0,0.0
2011-03-14 00:00:00+09:00,642.0996285638037,748.9725868750945,642.0996285638037,712.773681640625,7700,0.0,0.0
2011-03-15 00:00:00+09:00,708.4641370271381,712.7735295881305,663.646454392818,687.779052734375,6400,0.0,0.0
2011-03-16 00:00:00+09:00,679.1603834841733,739.4918896312445,679.1603834841733,734.3206176757812,2600,0.0,0.0
2011-03-17 00:00:00+09:00,734.3205624054567,734.3205624054567,708.4642045742787,730.0111694335938,1900,0.0,0.0
2011-03-18 00:00:00+09:00,741.2156856142241,749.83447265625,736.9062920932112,749.83447265625,1700,0.0,0.0
2011-03-22 00:00:00+09:00,771.3814645667495,774.8289794921875,758.4532835963571,774.8289794921875,2500,0.0,0.0
2011-03-23 00:00:00+09:00,773.9671046393258,773.9671046393258,768.7958322252546,772.2433471679688,1600,0.0,0.0
2011-03-24 00:00:00+09:00,768.795773909396,771.381409920302,758.4532298657717,770.51953125,2700,0.0,0.0
2011-03-25 00:00:00+09:00,769.6576575118504,771.3814148635007,762.7626281052493,767.072021484375,2800,0.0,0.0
2011-03-28 00:00:00+09:00,767.0719627861504,767.9338413960224,764.4863269565342,765.3482055664062,3700,0.0,0.0
2011-03-29 00:00:00+09:00,710.8060976327183,730.1597290039062,710.8060976327183,730.1597290039062,5500,18.0,0.0
2011-03-30 00:00:00+09:00,730.1598118583937,730.1598118583937,722.242416308122,728.400390625,800,0.0,0.0
2011-03-31 00:00:00+09:00,725.761247917884,729.2800903320312,720.482984296663,729.2800903320312,900,0.0,0.0
2011-04-01 00:00:00+09:00,729.2800837396418,729.2800837396418,724.0018201661342,724.8815307617188,900,0.0,0.0
2011-04-04 00:00:00+09:00,726.6409693916063,729.2801012416969,726.6409693916063,728.400390625,900,0.0,0.0
2011-04-05 00:00:00+09:00,730.1599061908145,730.1599061908145,725.7613525390625,725.7613525390625,2000,0.0,0.0
2011-04-06 00:00:00+09:00,726.640973835966,726.640973835966,721.3627101035014,723.1221313476562,500,0.0,0.0
2011-04-07 00:00:00+09:00,723.1221532309927,723.1221532309927,721.3627319335938,721.3627319335938,500,0.0,0.0
2011-04-08 00:00:00+09:00,722.242348950225,724.0017700195312,722.242348950225,724.0017700195312,400,0.0,0.0
2011-04-11 00:00:00+09:00,724.8816418087122,725.7613525390625,724.8816418087122,725.7613525390625,300,0.0,0.0
2011-04-12 00:00:00+09:00,728.4003950801209,730.1598163242758,723.1221313476562,723.1221313476562,800,0.0,0.0
2011-04-13 00:00:00+09:00,731.9192504882812,731.9192504882812,730.159829213069,731.9192504882812,900,0.0,0.0
2011-04-14 00:00:00+09:00,734.558356148856,738.9569091796875,734.558356148856,738.9569091796875,500,0.0,0.0
2011-04-15 00:00:00+09:00,743.3554017819002,743.3554017819002,723.1220594848782,724.0017700195312,1100,0.0,0.0
2011-04-18 00:00:00+09:00,730.1597290039062,730.1597290039062,722.2423343520567,730.1597290039062,600,0.0,0.0
2011-04-19 00:00:00+09:00,731.0394395207784,731.0394395207784,724.8814659026732,730.1597290039062,400,0.0,0.0
2011-04-20 00:00:00+09:00,724.0018201661342,724.8815307617188,724.0018201661342,724.8815307617188,1000,0.0,0.0
2011-04-21 00:00:00+09:00,724.0018419697336,726.640973835966,723.1221313476562,723.1221313476562,500,0.0,0.0
2011-04-22 00:00:00+09:00,723.1221313476562,727.5206844580434,722.2424207255788,723.1221313476562,600,0.0,0.0
2011-04-25 00:00:00+09:00,723.1221248481966,723.1221248481966,718.7235717773438,718.7235717773438,1600,0.0,0.0
2011-04-26 00:00:00+09:00,718.7235608835383,719.603271484375,718.7235608835383,719.603271484375,200,0.0,0.0
2011-04-27 00:00:00+09:00,719.6033106361947,721.3627319335938,719.6033106361947,721.3627319335938,500,0.0,0.0
2011-04-28 00:00:00+09:00,724.8815307617188,724.8815307617188,724.8815307617188,724.8815307617188,100,0.0,0.0
2011-05-02 00:00:00+09:00,725.7613355146401,727.5207569340696,722.2424926757812,722.2424926757812,700,0.0,0.0
2011-05-06 00:00:00+09:00,732.7989481905081,732.7989481905081,723.1221313476562,723.1221313476562,1500,0.0,0.0
2011-05-09 00:00:00+09:00,727.5206121581439,730.1597437621032,724.0017700195312,724.0017700195312,600,0.0,0.0
2011-05-10 00:00:00+09:00,724.0019140952107,724.0019140952107,721.3627819660666,722.2424926757812,1300,0.0,0.0
2011-05-11 00:00:00+09:00,729.280178353499,729.280178353499,722.2424926757812,722.2424926757812,600,0.0,0.0
2011-05-12 00:00:00+09:00,726.6409585214208,729.2800903320312,722.2424055037367,729.2800903320312,500,0.0,0.0
2011-05-13 00:00:00+09:00,730.1598384205888,730.1598384205888,721.3627319335938,721.3627319335938,1700,0.0,0.0
2011-05-16 00:00:00+09:00,727.5207569340696,727.5207569340696,722.2424926757812,722.2424926757812,700,0.0,0.0
2011-05-17 00:00:00+09:00,721.3627319335938,721.3627319335938,721.3627319335938,721.3627319335938,200,0.0,0.0
2011-05-18 00:00:00+09:00,721.3627056914252,730.1598118583937,721.3627056914252,728.400390625,700,0.0,0.0
2011-05-19 00:00:00+09:00,723.1221313476562,728.4003950801209,723.1221313476562,723.1221313476562,700,0.0,0.0
2011-05-20 00:00:00+09:00,722.2424926757812,722.2424926757812,722.2424926757812,722.2424926757812,700,0.0,0.0
2011-05-23 00:00:00+09:00,722.2425483233118,727.5208129882812,721.3628375458169,727.5208129882812,800,0.0,0.0
2011-05-24 00:00:00+09:00,722.2424926757812,722.2424926757812,722.2424926757812,722.2424926757812,400,0.0,0.0
2011-05-25 00:00:00+09:00,722.2424425822933,722.2424425822933,721.3627319335938,721.3627319335938,700,0.0,0.0
2011-05-26 00:00:00+09:00,728.4004676437843,728.4004676437843,722.2424926757812,722.2424926757812,0,0.0,0.0
2011-05-27 00:00:00+09:00,729.2801294797307,731.03955078125,729.2801294797307,731.03955078125,400,0.0,0.0
2011-05-30 00:00:00+09:00,733.6785710713949,733.6785710713949,730.1597290039062,730.1597290039062,700,0.0,0.0
2011-05-31 00:00:00+09:00,733.6786499023438,733.6786499023438,733.6786499023438,733.6786499023438,200,0.0,0.0
2011-06-01 00:00:00+09:00,731.0394395207784,734.558281588267,730.1597290039062,730.1597290039062,800,0.0,0.0
2011-06-02 00:00:00+09:00,733.6785710713949,733.6785710713949,730.1597290039062,730.1597290039062,300,0.0,0.0
2011-06-03 00:00:00+09:00,734.5584106445312,734.5584106445312,733.6786999731007,734.5584106445312,500,0.0,0.0
2011-06-06 00:00:00+09:00,738.956834172628,738.956834172628,730.1597290039062,730.1597290039062,2600,0.0,0.0
2011-06-07 00:00:00+09:00,729.2801012416969,729.2801012416969,728.400390625,728.400390625,400,0.0,0.0
2011-06-08 00:00:00+09:00,728.4003041828648,735.43798828125,725.7611726459704,735.43798828125,600,0.0,0.0
2011-06-09 00:00:00+09:00,735.43798828125,735.43798828125,735.43798828125,735.43798828125,500,0.0,0.0
2011-06-10 00:00:00+09:00,734.5583539532523,734.5583539532523,728.4003797284945,729.2800903320312,300,0.0,0.0
2011-06-13 00:00:00+09:00,734.5583824010995,734.5583824010995,722.242433474614,731.9192504882812,1500,0.0,0.0
2011-06-14 00:00:00+09:00,738.0772533302536,738.0772533302536,734.5584106445312,734.5584106445312,800,0.0,0.0
2011-06-15 00:00:00+09:00,732.7988605545228,737.1974131388836,730.1597290039062,730.1597290039062,1300,0.0,0.0
2011-06-16 00:00:00+09:00,730.1598118583937,730.1598118583937,728.400390625,728.400390625,200,0.0,0.0
2011-06-17 00:00:00+09:00,730.1597290039062,730.1597290039062,729.280018487034,730.1597290039062,400,0.0,0.0
2011-06-20 00:00:00+09:00,730.1597290039062,730.1597290039062,730.1597290039062,730.1597290039062,100,0.0,0.0
2011-06-21 00:00:00+09:00,737.197542658823,737.197542658823,730.1598572873784,734.5584106445312,300,0.0,0.0
2011-06-22 00:00:00+09:00,730.1598139002439,738.0772094726562,730.1598139002439,738.0772094726562,300,0.0,0.0
2011-06-23 00:00:00+09:00,738.9569200918131,738.9569200918131,731.9192351385577,738.0772094726562,1100,0.0,0.0
2011-06-24 00:00:00+09:00,738.0771985735212,738.9569091796875,730.1598031180246,738.9569091796875,1100,0.0,0.0
2011-06-27 00:00:00+09:00,738.9569200918131,738.9569200918131,730.1598139002439,738.0772094726562,1400,0.0,0.0
2011-06-28 00:00:00+09:00,738.9569200918131,738.9569200918131,734.5583669960286,738.0772094726562,500,0.0,0.0
2011-06-29 00:00:00+09:00,732.7989349365234,738.9569091796875,732.7989349365234,738.9569091796875,400,0.0,0.0
2011-06-30 00:00:00+09:00,738.9569932917403,747.7541003547373,738.9569932917403,746.8743896484375,1300,0.0,0.0
2011-07-01 00:00:00+09:00,743.3554578560182,745.9945896590574,743.3554578560182,744.2351684570312,700,0.0,0.0
2011-07-04 00:00:00+09:00,747.7541003547373,747.7541003547373,746.8743896484375,746.8743896484375,400,0.0,0.0
2011-07-05 00:00:00+09:00,744.2351858340993,747.7540283203125,744.2351858340993,747.7540283203125,1300,0.0,0.0
2011-07-06 00:00:00+09:00,747.7540347450657,752.152587890625,747.7540347450657,752.152587890625,300,0.0,0.0
2011-07-07 00:00:00+09:00,754.791713292739,754.791713292739,747.7540283203125,747.7540283203125,300,0.0,0.0
2011-07-08 00:00:00+09:00,745.9946070772058,747.7540283203125,745.9946070772058,747.7540283203125,600,0.0,0.0
2011-07-11 00:00:00+09:00,747.7540283203125,747.7540283203125,747.7540283203125,747.7540283203125,500,0.0,0.0
2011-07-12 00:00:00+09:00,747.7540283203125,750.3931601849724,747.7540283203125,747.7540283203125,900,0.0,0.0
2011-07-13 00:00:00+09:00,748.6337890625,750.393210423399,748.6337890625,748.6337890625,400,0.0,0.0
2011-07-14 00:00:00+09:00,751.2729602379927,755.6715138693627,749.5135387854448,750.3932495117188,1100,0.0,0.0
2011-07-15 00:00:00+09:00,756.5509966179259,756.5509966179259,748.6336024672731,753.911865234375,2500,0.0,0.0
2011-07-19 00:00:00+09:00,748.6337389418658,748.6337389418658,747.7540283203125,747.7540283203125,900,0.0,0.0
2011-07-20 00:00:00+09:00,747.7540283203125,749.5134495634192,747.7540283203125,747.7540283203125,400,0.0,0.0
2011-07-21 00:00:00+09:00,749.513427734375,749.513427734375,745.9945853506455,749.513427734375,900,0.0,0.0
2011-07-22 00:00:00+09:00,745.9945896590574,745.9945896590574,744.2351684570312,744.2351684570312,400,0.0,0.0
2011-07-25 00:00:00+09:00,747.7540108610834,747.7540108610834,744.2351684570312,744.2351684570312,600,0.0,0.0
2011-07-26 00:00:00+09:00,743.3555297851562,744.2352404712925,743.3555297851562,743.3555297851562,700,0.0,0.0
2011-07-27 00:00:00+09:00,752.152587890625,752.152587890625,745.994613486842,752.152587890625,1100,0.0,0.0
2011-07-28 00:00:00+09:00,753.9120026711856,753.9120026711856,745.9946070772058,747.7540283203125,400,0.0,0.0
2011-07-29 00:00:00+09:00,754.7916736242906,754.7916736242906,745.9945678710938,745.9945678710938,300,0.0,0.0
2011-08-01 00:00:00+09:00,744.2352185390072,753.9120358013347,744.2352185390072,745.1149291992188,900,0.0,0.0
2011-08-02 00:00:00+09:00,745.1148790580443,745.1148790580443,743.3554578560182,744.2351684570312,700,0.0,0.0
2011-08-03 00:00:00+09:00,743.3554622105189,743.3554622105189,738.9569091796875,738.9569091796875,1900,0.0,0.0
2011-08-04 00:00:00+09:00,740.7164306640625,741.5961413893167,740.7164306640625,740.7164306640625,700,0.0,0.0
2011-08-05 00:00:00+09:00,754.7917383517599,754.7917383517599,731.03955078125,731.03955078125,2800,0.0,0.0
2011-08-08 00:00:00+09:00,730.1599061908145,730.1599061908145,725.7613525390625,725.7613525390625,900,0.0,0.0
2011-08-09 00:00:00+09:00,723.1221532309927,747.7540513945788,721.3627319335938,721.3627319335938,1600,0.0,0.0
2011-08-10 00:00:00+09:00,755.6715138693627,755.6715138693627,750.3932495117188,750.3932495117188,400,0.0,0.0
2011-08-11 00:00:00+09:00,724.8815075205738,741.5960083007812,724.0017969531945,741.5960083007812,1600,0.0,0.0
2011-08-12 00:00:00+09:00,746.8743267195891,746.8743267195891,737.197509765625,737.197509765625,500,0.0,0.0
2011-08-15 00:00:00+09:00,747.7540152413504,750.3931470598493,737.1974879673548,738.9569091796875,1200,0.0,0.0
2011-08-16 00:00:00+09:00,738.0771985735212,738.9569091796875,738.0771985735212,738.9569091796875,300,0.0,0.0
2011-08-17 00:00:00+09:00,744.2352356602527,748.6337890625,744.2352356602527,748.6337890625,400,0.0,0.0
2011-08-18 00:00:00+09:00,738.9569221047794,747.7540283203125,738.9569221047794,747.7540283203125,400,0.0,0.0
2011-08-19 00:00:00+09:00,747.7541164660963,747.7541164660963,740.7164306640625,740.7164306640625,400,0.0,0.0
2011-08-22 00:00:00+09:00,747.7540283203125,747.7540283203125,747.7540283203125,747.7540283203125,200,0.0,0.0
2011-08-23 00:00:00+09:00,739.8366088867188,739.8366088867188,739.8366088867188,739.8366088867188,200,0.0,0.0
2011-08-24 00:00:00+09:00,740.7164306640625,747.7541164660963,740.7164306640625,740.7164306640625,500,0.0,0.0
2011-08-25 00:00:00+09:00,740.7163194799252,740.7163194799252,739.8366088867188,739.8366088867188,200,0.0,0.0
2011-08-26 00:00:00+09:00,745.9945830391647,745.9945830391647,739.8366088867188,739.8366088867188,0,0.0,0.0
2011-08-29 00:00:00+09:00,739.8366327263327,747.7540283203125,739.8366327263327,747.7540283203125,500,0.0,0.0
2011-08-30 00:00:00+09:00,751.2728489262397,751.2728489262397,745.1148747547131,749.513427734375,600,0.0,0.0
2011-08-31 00:00:00+09:00,743.3554535628484,749.513427734375,743.3554535628484,749.513427734375,600,0.0,0.0
2011-09-01 00:00:00+09:00,752.1526709642667,752.1526709642667,749.5135387854448,750.3932495117188,600,0.0,0.0
2011-09-02 00:00:00+09:00,750.3931666324013,754.7917197779605,750.3931666324013,752.152587890625,1100,0.0,0.0
2011-09-05 00:00:00+09:00,746.8743176987592,747.7540283203125,746.8743176987592,747.7540283203125,1300,0.0,0.0
2011-09-06 00:00:00+09:00,743.3554924064833,751.2728881835938,739.8366498388787,751.2728881835938,600,0.0,0.0
2011-09-07 00:00:00+09:00,751.2728489262397,751.2728489262397,741.5960323709837,749.513427734375,600,0.0,0.0
2011-09-08 00:00:00+09:00,750.3931775416926,751.2728881835938,750.3931775416926,751.2728881835938,200,0.0,0.0
2011-09-09 00:00:00+09:00,751.2728881835938,751.2728881835938,750.3931775416926,751.2728881835938,500,0.0,0.0
2011-09-12 00:00:00+09:00,751.2728881835938,752.1525988254949,751.2728881835938,751.2728881835938,600,0.0,0.0
2011-09-13 00:00:00+09:00,753.0322441633357,756.5510864257812,753.0322441633357,756.5510864257812,500,0.0,0.0
2011-09-14 00:00:00+09:00,756.5511345358456,756.5511345358456,746.8743176987592,747.7540283203125,1500,0.0,0.0
2011-09-15 00:00:00+09:00,756.55109477493,756.55109477493,745.1148572957741,745.9945678710938,1300,0.0,0.0
2011-09-16 00:00:00+09:00,747.7540347450657,752.152587890625,747.7540347450657,752.152587890625,200,0.0,0.0
2011-09-20 00:00:00+09:00,753.0322985197369,754.7917197779605,752.152587890625,752.152587890625,800,0.0,0.0
2011-09-21 00:00:00+09:00,752.1525552389505,754.7916870117188,751.2728446480278,754.7916870117188,700,0.0,0.0
2011-09-22 00:00:00+09:00,756.5511081935642,756.5511081935642,752.1525552389505,754.7916870117188,700,0.0,0.0
2011-09-26 00:00:00+09:00,752.1525335977243,758.3105075570039,750.3931124665016,756.5510864257812,1700,0.0,0.0
2011-09-27 00:00:00+09:00,757.4308427328882,762.7091064453125,757.4308427328882,762.7091064453125,1800,0.0,0.0
2011-09-28 00:00:00+09:00,726.6410053347753,745.9946398594303,726.6410053347753,745.1149291992188,1300,0.0,0.0
2011-09-29 00:00:00+09:00,744.2351684570312,744.2351684570312,738.956904850953,744.2351684570312,900,0.0,0.0
2011-09-30 00:00:00+09:00,744.2351641587808,749.513427734375,744.2351641587808,749.513427734375,1100,0.0,0.0
2011-10-03 00:00:00+09:00,753.0323094673961,753.0323094673961,746.8743349740879,751.2728881835938,900,0.0,0.0
2011-10-04 00:00:00+09:00,751.2729211038484,751.2729211038484,745.1149463407021,748.6337890625,800,0.0,0.0
2011-10-05 00:00:00+09:00,752.152587890625,752.152587890625,740.716349712171,752.152587890625,1900,0.0,0.0
2011-10-06 00:00:00+09:00,747.7540328039378,750.3931646844222,741.5960584161406,742.4757690429688,500,0.0,0.0
2011-10-07 00:00:00+09:00,741.5961254106394,746.8743896484375,741.5961254106394,746.8743896484375,300,0.0,0.0
2011-10-11 00:00:00+09:00,746.8743725297013,746.8743725297013,743.3555297851562,743.3555297851562,1000,0.0,0.0
2011-10-12 00:00:00+09:00,743.3554294355399,743.3554294355399,738.9568765986432,741.5960083007812,900,0.0,0.0
2011-10-13 00:00:00+09:00,744.2351902966251,745.1149009234532,738.9569265356561,742.4757690429688,1500,0.0,0.0
2011-10-14 00:00:00+09:00,742.47581909902,754.7917687049279,738.0772656683386,743.3555297851562,2700,0.0,0.0
2011-10-17 00:00:00+09:00,738.9568765986432,741.5960083007812,737.1974554638846,741.5960083007812,1200,0.0,0.0
2011-10-18 00:00:00+09:00,737.1974554638846,741.5960083007812,737.1974554638846,741.5960083007812,300,0.0,0.0
2011-10-19 00:00:00+09:00,742.4757516043527,742.4757516043527,738.9569091796875,738.9569091796875,200,0.0,0.0
2011-10-20 00:00:00+09:00,737.197509765625,737.197509765625,737.197509765625,737.197509765625,700,0.0,0.0
2011-10-21 00:00:00+09:00,737.1975877630456,740.7164306640625,734.5584555872829,740.7164306640625,600,0.0,0.0
2011-10-24 00:00:00+09:00,753.0322788783482,753.0322788783482,738.9569091796875,738.9569091796875,800,0.0,0.0
2011-10-25 00:00:00+09:00,737.1974093058462,737.1974093058462,735.43798828125,735.43798828125,200,0.0,0.0
2011-10-26 00:00:00+09:00,735.4381213159618,735.4381213159618,734.5584106445312,734.5584106445312,700,0.0,0.0
2011-10-27 00:00:00+09:00,749.513427734375,749.513427734375,749.513427734375,749.513427734375,100,0.0,0.0
2011-10-28 00:00:00+09:00,746.8742936323712,746.8742936323712,739.8366088867188,739.8366088867188,300,0.0,0.0
2011-10-31 00:00:00+09:00,739.8367199388083,746.8744057408421,738.957009213554,740.7164306640625,800,0.0,0.0
2011-11-01 00:00:00+09:00,740.71633039202,740.71633039202,738.9569091796875,738.9569091796875,600,0.0,0.0
2011-11-02 00:00:00+09:00,738.9569091796875,738.9569091796875,738.9569091796875,738.9569091796875,700,0.0,0.0
2011-11-04 00:00:00+09:00,740.7163194799252,740.7163194799252,739.8366088867188,739.8366088867188,400,0.0,0.0
2011-11-07 00:00:00+09:00,739.8366197858537,739.8366197858537,738.9569091796875,738.9569091796875,1300,0.0,0.0
2011-11-08 00:00:00+09:00,737.197520703825,737.197520703825,736.3178100585938,736.3178100585938,200,0.0,0.0
2011-11-09 00:00:00+09:00,736.3178770377914,740.7164306640625,736.3178770377914,740.7164306640625,200,0.0,0.0
2011-11-10 00:00:00+09:00,740.716341330127,740.716341330127,736.3177882343424,738.0772094726562,300,0.0,0.0
2011-11-11 00:00:00+09:00,737.1974879673548,738.9569091796875,736.3177773611886,738.9569091796875,400,0.0,0.0
2011-11-14 00:00:00+09:00,738.9569091796875,738.9569091796875,736.3177773611886,738.9569091796875,1000,0.0,0.0
2011-11-15 00:00:00+09:00,738.9569091796875,738.9569091796875,735.4380667550223,738.9569091796875,1200,0.0,0.0
2011-11-16 00:00:00+09:00,738.9568982935122,739.8366088867188,738.9568982935122,739.8366088867188,200,0.0,0.0
2011-11-17 00:00:00+09:00,739.8366307109701,739.8366307109701,738.0772094726562,738.0772094726562,400,0.0,0.0
2011-11-18 00:00:00+09:00,738.0771198181444,738.0771198181444,735.43798828125,735.43798828125,500,0.0,0.0
2011-11-21 00:00:00+09:00,734.5583669960286,738.0772094726562,734.5583669960286,738.0772094726562,400,0.0,0.0
2011-11-22 00:00:00+09:00,734.5583453274793,739.8366088867188,734.5583453274793,739.8366088867188,400,0.0,0.0
2011-11-24 00:00:00+09:00,735.4380667550223,740.71633039202,735.4380667550223,738.9569091796875,700,0.0,0.0
2011-11-25 00:00:00+09:00,738.0771985735212,738.9569091796875,738.0771985735212,738.9569091796875,200,0.0,0.0
2011-11-28 00:00:00+09:00,738.9569091796875,738.9569091796875,738.9569091796875,738.9569091796875,500,0.0,0.0
2011-11-29 00:00:00+09:00,737.197509765625,742.4757735586963,737.197509765625,737.197509765625,800,0.0,0.0
2011-11-30 00:00:00+09:00,738.9569265356561,742.4757690429688,738.9569265356561,742.4757690429688,600,0.0,0.0
2011-12-01 00:00:00+09:00,745.1149842903336,745.1149842903336,740.7164306640625,740.7164306640625,500,0.0,0.0
2011-12-02 00:00:00+09:00,743.3555078787956,746.8743505196419,743.3555078787956,745.1149291992188,800,0.0,0.0
2011-12-05 00:00:00+09:00,746.8743221771095,746.8743221771095,742.4757690429688,742.4757690429688,2000,0.0,0.0
2011-12-06 00:00:00+09:00,743.3554815995066,752.152587890625,743.3554815995066,752.152587890625,1600,0.0,0.0
2011-12-07 00:00:00+09:00,744.2351684570312,744.2351684570312,744.2351684570312,744.2351684570312,100,0.0,0.0
2011-12-08 00:00:00+09:00,747.7540328039378,747.7540328039378,742.4757690429688,742.4757690429688,1600,0.0,0.0
2011-12-09 00:00:00+09:00,742.4757429669161,750.3931383303074,742.4757429669161,749.513427734375,300,0.0,0.0
2011-12-12 00:00:00+09:00,749.513427734375,749.513427734375,745.1148747547131,749.513427734375,500,0.0,0.0
2011-12-13 00:00:00+09:00,749.5134495634192,749.5134495634192,745.9946070772058,747.7540283203125,600,0.0,0.0
2011-12-14 00:00:00+09:00,747.7541173328967,750.3932495117188,747.7541173328967,750.3932495117188,400,0.0,0.0
2011-12-15 00:00:00+09:00,750.3931601849724,751.2728708065257,745.9946070772058,747.7540283203125,2200,0.0,0.0
2011-12-16 00:00:00+09:00,746.8742784464134,747.7539890217331,745.9945678710938,745.9945678710938,900,0.0,0.0
2011-12-19 00:00:00+09:00,745.9946398594303,746.8743505196419,745.1149291992188,745.1149291992188,600,0.0,0.0
2011-12-20 00:00:00+09:00,745.1149291992188,745.9946398594303,743.3555078787956,745.1149291992188,1000,0.0,0.0
2011-12-21 00:00:00+09:00,745.9945896590574,745.9945896590574,744.2351684570312,744.2351684570312,300,0.0,0.0
2011-12-22 00:00:00+09:00,745.9946070772058,747.7540283203125,743.3554752125459,747.7540283203125,1400,0.0,0.0
2011-12-26 00:00:00+09:00,745.1148747547131,749.513427734375,745.1148747547131,749.513427734375,1000,0.0,0.0
2011-12-27 00:00:00+09:00,750.3931775416926,751.2728881835938,750.3931775416926,751.2728881835938,900,0.0,0.0
2011-12-28 00:00:00+09:00,752.1525988254949,752.1525988254949,748.6337562578902,751.2728881835938,700,0.0,0.0
2011-12-29 00:00:00+09:00,749.5134560032894,752.152587890625,749.5134560032894,752.152587890625,200,0.0,0.0
2011-12-30 00:00:00+09:00,752.1525988254949,752.1525988254949,750.3931775416926,751.2728881835938,1000,0.0,0.0
2012-01-04 00:00:00+09:00,753.9120654240164,757.430908203125,750.3932226449078,757.430908203125,1700,0.0,0.0
2012-01-05 00:00:00+09:00,751.272823032113,756.5510864257812,749.5134019008902,756.5510864257812,1900,0.0,0.0
2012-01-06 00:00:00+09:00,752.152587890625,752.152587890625,752.152587890625,752.152587890625,100,0.0,0.0
2012-01-10 00:00:00+09:00,756.5511410361842,760.0699835526316,752.152587890625,752.152587890625,1500,0.0,0.0
2012-01-11 00:00:00+09:00,756.5511410361842,756.5511410361842,752.152587890625,752.152587890625,1000,0.0,0.0
2012-01-12 00:00:00+09:00,752.1526440344621,757.430908203125,752.1526440344621,757.430908203125,500,0.0,0.0
2012-01-13 00:00:00+09:00,757.4308187844871,758.3105293754098,754.7916870117188,754.7916870117188,1300,0.0,0.0
2012-01-16 00:00:00+09:00,758.3106188979021,758.3106188979021,757.430908203125,757.430908203125,300,0.0,0.0
2012-01-17 00:00:00+09:00,757.4307969913926,757.4307969913926,756.5510864257812,756.5510864257812,500,0.0,0.0
2012-01-18 00:00:00+09:00,756.5510864257812,756.5510864257812,756.5510864257812,756.5510864257812,1100,0.0,0.0
2012-01-19 00:00:00+09:00,756.5510864257812,756.5510864257812,752.1525335977243,756.5510864257812,900,0.0,0.0
2012-01-20 00:00:00+09:00,755.6714304070723,755.6714304070723,752.152587890625,752.152587890625,1100,0.0,0.0
2012-01-23 00:00:00+09:00,755.6714477539062,756.5511584032123,754.7917371046002,755.6714477539062,800,0.0,0.0
2012-01-24 00:00:00+09:00,754.7917433844672,760.0700073242188,754.7917433844672,760.0700073242188,1000,0.0,0.0
2012-01-25 00:00:00+09:00,768.8671138904713,768.8671138904713,760.0700073242188,760.0700073242188,1100,0.0,0.0
2012-01-26 00:00:00+09:00,760.0700502429329,760.0700502429329,746.8743896484375,746.8743896484375,8000,0.0,0.0
2012-01-27 00:00:00+09:00,749.5134668997914,752.1525988254949,747.7540456159891,751.2728881835938,2000,0.0,0.0
2012-01-30 00:00:00+09:00,751.272823032113,757.4307969913926,751.272823032113,756.5510864257812,600,0.0,0.0
2012-01-31 00:00:00+09:00,758.3105075570039,758.3105075570039,752.1525335977243,756.5510864257812,1800,0.0,0.0
2012-02-01 00:00:00+09:00,757.4307070791095,757.4307070791095,752.1524443120077,753.911865234375,1600,0.0,0.0
2012-02-02 00:00:00+09:00,753.9119371075496,765.3481741931951,753.0322265625,753.0322265625,2200,0.0,0.0
2012-02-03 00:00:00+09:00,757.430851665296,757.430851665296,747.7540347450657,752.152587890625,4500,0.0,0.0
2012-02-06 00:00:00+09:00,753.911865234375,753.911865234375,750.3930233896405,753.911865234375,2000,0.0,0.0
2012-02-07 00:00:00+09:00,759.1902857433165,761.8294176752167,759.1902857433165,760.94970703125,1200,0.0,0.0
2012-02-08 00:00:00+09:00,760.9497116497425,760.9497116497425,747.7540519101517,755.6714477539062,5200,0.0,0.0
2012-02-09 00:00:00+09:00,755.6713581976489,755.6713581976489,752.1525160174504,753.0322265625,1400,0.0,0.0
2012-02-10 00:00:00+09:00,757.4308187844871,757.4308187844871,752.1525552389505,754.7916870117188,700,0.0,0.0
2012-02-13 00:00:00+09:00,757.430908203125,757.430908203125,752.1526440344621,757.430908203125,1800,0.0,0.0
2012-02-14 00:00:00+09:00,759.1902181226153,759.1902181226153,756.5510864257812,756.5510864257812,1200,0.0,0.0
2012-02-15 00:00:00+09:00,756.5510539632821,759.190185546875,754.7916329075537,759.190185546875,1900,0.0,0.0
2012-02-16 00:00:00+09:00,756.5510864257812,756.5510864257812,747.7539807696675,756.5510864257812,6400,0.0,0.0
2012-02-17 00:00:00+09:00,753.0322985197369,756.5511410361842,752.152587890625,752.152587890625,2900,0.0,0.0
2012-02-20 00:00:00+09:00,753.0322985197369,755.6714304070723,752.152587890625,752.152587890625,2400,0.0,0.0
2012-02-21 00:00:00+09:00,757.4307792877482,757.4307792877482,750.3930949273511,753.0322265625,3600,0.0,0.0
2012-02-22 00:00:00+09:00,752.1525013239608,760.0698960747393,752.1525013239608,759.190185546875,2700,0.0,0.0
2012-02-23 00:00:00+09:00,760.94970703125,760.94970703125,756.5511538114162,760.94970703125,2000,0.0,0.0
2012-02-24 00:00:00+09:00,761.8293849400111,763.5888061523438,760.9496743338448,763.5888061523438,1200,0.0,0.0
2012-02-27 00:00:00+09:00,764.4684949852955,766.227916147517,762.7090738230738,765.3482055664062,4200,0.0,0.0
2012-02-28 00:00:00+09:00,767.9874267578125,767.9874267578125,767.1077160742411,767.9874267578125,1300,0.0,0.0
2012-02-29 00:00:00+09:00,767.9874377469404,769.7468591392586,767.1077270507812,767.1077270507812,2100,0.0,0.0
2012-03-01 00:00:00+09:00,768.8671484430995,768.8671484430995,766.228016354622,767.1077270507812,1200,0.0,0.0
2012-03-02 00:00:00+09:00,767.9873939409647,773.2656578168477,767.9873939409647,770.6265258789062,1000,0.0,0.0
2012-03-05 00:00:00+09:00,773.2657412042333,774.14545194508,768.8671875,768.8671875,4000,0.0,0.0
2012-03-06 00:00:00+09:00,770.6266089816934,770.6266089816934,767.9874767591533,768.8671875,2400,0.0,0.0
2012-03-07 00:00:00+09:00,768.8670936854155,771.5062255859375,767.9873830519082,771.5062255859375,1700,0.0,0.0
2012-03-08 00:00:00+09:00,771.5062255859375,771.5062255859375,768.8670936854155,771.5062255859375,2200,0.0,0.0
2012-03-09 00:00:00+09:00,771.5062255859375,772.3859362194448,769.7468043189228,771.5062255859375,2600,0.0,0.0
2012-03-12 00:00:00+09:00,771.5062255859375,772.3859362194448,770.6265149524302,771.5062255859375,2900,0.0,0.0
2012-03-13 00:00:00+09:00,773.2656468529522,774.1453574864595,771.5062255859375,771.5062255859375,3400,0.0,0.0
2012-03-14 00:00:00+09:00,771.5063145724209,774.1454467773438,770.6266038374467,774.1454467773438,3800,0.0,0.0
2012-03-15 00:00:00+09:00,778.5440226839453,778.5440226839453,772.3860473632812,772.3860473632812,2400,0.0,0.0
2012-03-16 00:00:00+09:00,774.1454467773438,774.1454467773438,772.3860253073952,774.1454467773438,1000,0.0,0.0
2012-03-19 00:00:00+09:00,774.1454467773438,777.6642897172408,773.2657360423694,774.1454467773438,4100,0.0,0.0
2012-03-21 00:00:00+09:00,774.1454467773438,774.1454467773438,773.2657360423694,774.1454467773438,3800,0.0,0.0
2012-03-22 00:00:00+09:00,774.1454467773438,774.1454467773438,772.3860253073952,774.1454467773438,3200,0.0,0.0
2012-03-23 00:00:00+09:00,773.265581591078,776.784423828125,772.3858710318162,776.784423828125,4200,0.0,0.0
2012-03-26 00:00:00+09:00,776.7844522101616,779.423583984375,776.7844522101616,779.423583984375,3600,0.0,0.0
2012-03-27 00:00:00+09:00,779.4236959954413,789.980224609375,779.4236959954413,789.980224609375,7200,0.0,0.0
2012-03-28 00:00:00+09:00,749.583441147782,769.3329449864061,749.583441147782,764.8444213867188,7900,18.0,0.0
2012-03-29 00:00:00+09:00,764.844422457511,769.3329460634823,764.844422457511,767.5375366210938,2000,0.0,0.0
2012-03-30 00:00:00+09:00,767.537657830746,767.537657830746,763.0491335159463,763.9468383789062,1100,0.0,0.0
2012-04-02 00:00:00+09:00,767.537657830746,767.537657830746,763.9468383789062,763.9468383789062,2000,0.0,0.0
2012-04-03 00:00:00+09:00,765.7420028866039,766.6397074620864,763.0488891601562,763.0488891601562,1700,0.0,0.0
2012-04-04 00:00:00+09:00,763.0488891601562,766.6397074620864,763.0488891601562,763.0488891601562,1100,0.0,0.0
2012-04-05 00:00:00+09:00,764.8444213867188,764.8444213867188,763.0490119468438,764.8444213867188,1700,0.0,0.0
2012-04-06 00:00:00+09:00,764.8445423761253,764.8445423761253,760.3560180664062,760.3560180664062,1500,0.0,0.0
2012-04-09 00:00:00+09:00,759.4581311768441,762.1512451171875,758.560426530063,762.1512451171875,900,0.0,0.0
2012-04-10 00:00:00+09:00,763.0488891601562,763.0488891601562,760.3557754337087,763.0488891601562,500,0.0,0.0
2012-04-11 00:00:00+09:00,763.0488891601562,767.537412037569,763.0488891601562,763.0488891601562,1400,0.0,0.0
2012-04-12 00:00:00+09:00,763.0489514832759,765.7420654296875,763.0489514832759,765.7420654296875,900,0.0,0.0
2012-04-13 00:00:00+09:00,763.0489514832759,765.7420654296875,761.2535421856683,765.7420654296875,1200,0.0,0.0
2012-04-16 00:00:00+09:00,765.742187785879,766.639892578125,764.8444829936329,766.639892578125,400,0.0,0.0
2012-04-17 00:00:00+09:00,764.8444213867188,764.8444213867188,764.8444213867188,764.8444213867188,400,0.0,0.0
2012-04-18 00:00:00+09:00,764.8442983111213,764.8442983111213,763.0488891601562,763.0488891601562,300,0.0,0.0
2012-04-19 00:00:00+09:00,766.6398308265938,766.6398308265938,763.0490119468438,764.8444213867188,1000,0.0,0.0
2012-04-20 00:00:00+09:00,766.639893148547,768.435302734375,763.0490739768911,768.435302734375,800,0.0,0.0
2012-04-23 00:00:00+09:00,767.5375979414611,768.435302734375,765.7421883556331,768.435302734375,900,0.0,0.0
2012-04-24 00:00:00+09:00,763.9467787698051,769.333007527289,763.9467787698051,768.435302734375,400,0.0,0.0
2012-04-25 00:00:00+09:00,765.7421886395128,769.3330078125,765.7421886395128,769.3330078125,600,0.0,0.0
2012-04-26 00:00:00+09:00,769.3330078125,770.2307126057467,768.4353030192532,769.3330078125,500,0.0,0.0
2012-04-27 00:00:00+09:00,767.5374747272951,767.5374747272951,765.7420654296875,765.7420654296875,300,0.0,0.0
2012-05-01 00:00:00+09:00,766.639892578125,768.4353021626172,766.639892578125,766.639892578125,900,0.0,0.0
2012-05-02 00:00:00+09:00,766.6398308265938,768.4352402664687,764.8444213867188,764.8444213867188,1500,0.0,0.0
2012-05-07 00:00:00+09:00,763.9465937356388,765.7420028866039,761.2534800091912,763.0488891601562,2100,0.0,0.0
2012-05-08 00:00:00+09:00,763.0488891601562,768.4351166130515,763.0488891601562,763.0488891601562,700,0.0,0.0
2012-05-09 00:00:00+09:00,763.0489497639686,763.0489497639686,762.1512451171875,762.1512451171875,400,0.0,0.0
2012-05-10 00:00:00+09:00,762.1512451171875,762.1512451171875,762.1512451171875,762.1512451171875,0,0.0,0.0
2012-05-11 00:00:00+09:00,770.2305257640165,770.2305257640165,763.0488891601562,763.0488891601562,500,0.0,0.0
2012-05-14 00:00:00+09:00,763.0491335159463,763.9468383789062,762.1514286529863,763.9468383789062,1000,0.0,0.0
2012-05-15 00:00:00+09:00,763.9465937356388,763.9465937356388,763.0488891601562,763.0488891601562,900,0.0,0.0
2012-05-16 00:00:00+09:00,762.1511845846737,763.0488891601562,762.1511845846737,763.0488891601562,300,0.0,0.0
2012-05-17 00:00:00+09:00,763.0491335159463,763.9468383789062,761.2537237900264,763.9468383789062,400,0.0,0.0
2012-05-18 00:00:00+09:00,763.9468375141815,763.9468375141815,760.3560180664062,760.3560180664062,900,0.0,0.0
2012-05-21 00:00:00+09:00,764.8444213867188,764.8444213867188,764.8444213867188,764.8444213867188,100,0.0,0.0
2012-05-22 00:00:00+09:00,763.0490130151225,767.5375366210938,762.1513082939282,767.5375366210938,700,0.0,0.0
2012-05-23 00:00:00+09:00,760.3559598800321,769.3330078125,760.3559598800321,769.3330078125,900,0.0,0.0
2012-05-24 00:00:00+09:00,769.3330078125,769.3330078125,769.3330078125,769.3330078125,0,0.0,0.0
2012-05-25 00:00:00+09:00,762.1512468344721,765.7420654296875,762.1512468344721,765.7420654296875,500,0.0,0.0
2012-05-28 00:00:00+09:00,765.7420632704249,765.7420632704249,761.2535400390625,761.2535400390625,300,0.0,0.0
2012-05-29 00:00:00+09:00,765.7420654296875,765.7420654296875,765.7420654296875,765.7420654296875,100,0.0,0.0
2012-05-30 00:00:00+09:00,767.5375366210938,767.5375366210938,761.2536035727339,767.5375366210938,1000,0.0,0.0
2012-05-31 00:00:00+09:00,763.0490739768911,768.435302734375,761.2536643910631,768.435302734375,600,0.0,0.0
2012-06-01 00:00:00+09:00,764.8444829936329,766.639892578125,763.0490734091409,766.639892578125,600,0.0,0.0
2012-06-04 00:00:00+09:00,769.332821188534,769.332821188534,763.0488891601562,763.0488891601562,1000,0.0,0.0
2012-06-05 00:00:00+09:00,764.8443568803688,768.435175457272,757.6627197265625,757.6627197265625,2000,0.0,0.0
2012-06-06 00:00:00+09:00,759.4581298828125,759.4581298828125,759.4581298828125,759.4581298828125,400,0.0,0.0
2012-06-07 00:00:00+09:00,759.4582542401566,766.639892578125,759.4582542401566,766.639892578125,600,0.0,0.0
2012-06-08 00:00:00+09:00,767.5375366210938,767.5375366210938,759.4581941303454,767.5375366210938,900,0.0,0.0
2012-06-11 00:00:00+09:00,767.5375982260064,769.3330078125,760.3559598800321,769.3330078125,900,0.0,0.0
2012-06-12 00:00:00+09:00,771.128417113117,771.128417113117,767.5375979414611,768.435302734375,1000,0.0,0.0
2012-06-13 00:00:00+09:00,769.3329460634823,769.3329460634823,766.6398318998995,767.5375366210938,1000,0.0,0.0
2012-06-14 00:00:00+09:00,768.435241342288,768.435241342288,767.5375366210938,767.5375366210938,700,0.0,0.0
2012-06-15 00:00:00+09:00,768.4353626937059,768.4353626937059,763.9468383789062,763.9468383789062,600,0.0,0.0
2012-06-18 00:00:00+09:00,763.9465937356388,763.9465937356388,763.0488891601562,763.0488891601562,1100,0.0,0.0
2012-06-19 00:00:00+09:00,763.0491335159463,763.9468383789062,763.0491335159463,763.9468383789062,200,0.0,0.0
2012-06-20 00:00:00+09:00,764.8444829936329,766.639892578125,764.8444829936329,766.639892578125,1200,0.0,0.0
2012-06-21 00:00:00+09:00,768.4353030192532,769.3330078125,768.4353030192532,769.3330078125,600,0.0,0.0
2012-06-22 00:00:00+09:00,772.026121906031,772.026121906031,768.435302734375,768.435302734375,1100,0.0,0.0
2012-06-25 00:00:00+09:00,769.3329460634823,769.3329460634823,767.5375366210938,767.5375366210938,600,0.0,0.0
2012-06-26 00:00:00+09:00,766.639892578125,768.4353021626172,766.639892578125,766.639892578125,300,0.0,0.0
2012-06-27 00:00:00+09:00,768.435302734375,768.435302734375,768.435302734375,768.435302734375,200,0.0,0.0
2012-06-28 00:00:00+09:00,768.435241342288,768.435241342288,767.5375366210938,767.5375366210938,700,0.0,0.0
2012-06-29 00:00:00+09:00,775.6169405005855,775.6169405005855,766.639892578125,766.639892578125,1400,0.0,0.0
2012-07-02 00:00:00+09:00,779.2076969057182,779.2076969057182,764.8444213867188,764.8444213867188,2100,0.0,0.0
2012-07-03 00:00:00+09:00,765.7421271787052,767.5375366210938,764.844422457511,767.5375366210938,1400,0.0,0.0
2012-07-04 00:00:00+09:00,768.4353030192532,775.6169413652275,767.5375982260064,769.3330078125,1200,0.0,0.0
2012-07-05 00:00:00+09:00,771.1283569335938,771.1283569335938,765.7421285964557,771.1283569335938,1500,0.0,0.0
2012-07-06 00:00:00+09:00,771.1283572884493,773.8214714582576,771.1283572884493,772.0260620117188,900,0.0,0.0
2012-07-09 00:00:00+09:00,773.821533203125,773.821533203125,772.0261236133266,773.821533203125,1100,0.0,0.0
2012-07-10 00:00:00+09:00,773.821411980523,776.5145259433322,772.0260026719835,775.6168212890625,800,0.0,0.0
2012-07-11 00:00:00+09:00,778.309996852985,778.309996852985,776.5145874023438,776.5145874023438,400,0.0,0.0
2012-07-12 00:00:00+09:00,778.309996852985,778.309996852985,776.5145874023438,776.5145874023438,1200,0.0,0.0
2012-07-13 00:00:00+09:00,779.2076997978743,779.2076997978743,772.0260620117188,772.0260620117188,2500,0.0,0.0
2012-07-17 00:00:00+09:00,772.0260620117188,772.0260620117188,772.0260620117188,772.0260620117188,500,0.0,0.0
2012-07-18 00:00:00+09:00,772.0261236133266,773.821533203125,772.0261236133266,773.821533203125,700,0.0,0.0
2012-07-19 00:00:00+09:00,774.7191754676801,774.7191754676801,770.2306518554688,770.2306518554688,700,0.0,0.0
2012-07-20 00:00:00+09:00,770.2307126057467,770.2307126057467,769.3330078125,769.3330078125,300,0.0,0.0
2012-07-23 00:00:00+09:00,770.2307126057467,770.2307126057467,769.3330078125,769.3330078125,400,0.0,0.0
2012-07-24 00:00:00+09:00,769.3330078125,769.3330078125,769.3330078125,769.3330078125,100,0.0,0.0
2012-07-25 00:00:00+09:00,787.2870462375996,787.2870462375996,768.4352469548293,781.9008178710938,1000,0.0,0.0
2012-07-26 00:00:00+09:00,772.9238303725547,780.10546875,772.026125575374,780.10546875,500,0.0,0.0
2012-07-27 00:00:00+09:00,781.0031701247083,781.0031701247083,769.3330078125,769.3330078125,800,0.0,0.0
2012-07-30 00:00:00+09:00,769.3329478419104,772.0260620117188,769.3329478419104,772.0260620117188,400,0.0,0.0
2012-07-31 00:00:00+09:00,778.3100557449678,778.3100557449678,769.3330078125,769.3330078125,200,0.0,0.0
2012-08-01 00:00:00+09:00,771.1284207781933,780.10546875,768.4353063866513,780.10546875,1000,0.0,0.0
2012-08-02 00:00:00+09:00,767.5375383953715,779.2076997978743,767.5375383953715,772.0260620117188,500,0.0,0.0
2012-08-03 00:00:00+09:00,772.0259349149817,772.9236394904642,763.0488891601562,763.0488891601562,5400,0.0,0.0
2012-08-06 00:00:00+09:00,760.3558375368643,765.7420654296875,760.3558375368643,765.7420654296875,3200,0.0,0.0
2012-08-07 00:00:00+09:00,762.1512451171875,766.6397683510933,762.1512451171875,762.1512451171875,700,0.0,0.0
2012-08-08 00:00:00+09:00,758.560546875,763.0490708210059,758.560546875,758.560546875,3500,0.0,0.0
2012-08-09 00:00:00+09:00,767.5375366210938,767.5375366210938,763.0490130151225,767.5375366210938,500,0.0,0.0
2012-08-10 00:00:00+09:00,768.4353030192532,769.3330078125,768.4353030192532,769.3330078125,200,0.0,0.0
2012-08-13 00:00:00+09:00,770.2306522107374,771.1283569335938,767.5375380421684,771.1283569335938,500,0.0,0.0
2012-08-14 00:00:00+09:00,772.026060227065,772.026060227065,767.5375366210938,767.5375366210938,400,0.0,0.0
2012-08-15 00:00:00+09:00,768.4352402664687,772.0260591462185,764.8444213867188,764.8444213867188,1200,0.0,0.0
2012-08-16 00:00:00+09:00,772.0261247383805,781.9008774966621,768.4353055535508,777.412353515625,1900,0.0,0.0
2012-08-17 00:00:00+09:00,770.2307140235281,773.821533203125,770.2307140235281,773.821533203125,500,0.0,0.0
2012-08-20 00:00:00+09:00,773.8214714582576,773.8214714582576,769.3329478419104,772.0260620117188,900,0.0,0.0
2012-08-21 00:00:00+09:00,777.412353515625,777.412353515625,777.412353515625,777.412353515625,1100,0.0,0.0
2012-08-22 00:00:00+09:00,776.514647303281,776.514647303281,772.923828125,772.923828125,200,0.0,0.0
2012-08-23 00:00:00+09:00,772.0260620117188,772.0260620117188,772.0260620117188,772.0260620117188,200,0.0,0.0
2012-08-24 00:00:00+09:00,771.1283572884493,772.0260620117188,771.1283572884493,772.0260620117188,500,0.0,0.0
2012-08-27 00:00:00+09:00,776.5145874023438,776.5145874023438,776.5145874023438,776.5145874023438,200,0.0,0.0
2012-08-28 00:00:00+09:00,776.5145849125647,776.5145849125647,770.2306518554688,770.2306518554688,600,0.0,0.0
2012-08-29 00:00:00+09:00,772.0261236133266,773.821533203125,772.0261236133266,773.821533203125,600,0.0,0.0
2012-08-30 00:00:00+09:00,773.8214732263818,776.5145874023438,772.0260637757406,776.5145874023438,1200,0.0,0.0
2012-08-31 00:00:00+09:00,772.923828125,772.923828125,772.923828125,772.923828125,300,0.0,0.0
2012-09-03 00:00:00+09:00,776.5146475878227,776.5146475878227,772.9238284082257,773.821533203125,1000,0.0,0.0
2012-09-04 00:00:00+09:00,772.923828125,776.514647303281,772.923828125,772.923828125,900,0.0,0.0
2012-09-05 00:00:00+09:00,776.5145852707318,776.5145852707318,763.946719150743,771.1283569335938,2400,0.0,0.0
2012-09-06 00:00:00+09:00,772.0260613003533,772.0260613003533,763.0490140759306,770.2306518554688,1200,0.0,0.0
2012-09-07 00:00:00+09:00,772.0260620117188,772.0260620117188,767.5375383953715,772.0260620117188,1200,0.0,0.0
2012-09-10 00:00:00+09:00,772.0260637757406,776.5145874023438,772.0260637757406,776.5145874023438,1000,0.0,0.0
2012-09-11 00:00:00+09:00,776.5146478717048,776.5146478717048,774.71923828125,774.71923828125,300,0.0,0.0
2012-09-12 00:00:00+09:00,776.5145874023438,776.5145874023438,775.6168826770231,776.5145874023438,300,0.0,0.0
2012-09-13 00:00:00+09:00,776.5146478717048,776.5146478717048,774.71923828125,774.71923828125,600,0.0,0.0
2012-09-14 00:00:00+09:00,776.5145874023438,777.4122921276644,776.5145874023438,776.5145874023438,1700,0.0,0.0
2012-09-18 00:00:00+09:00,774.7192379980243,774.7192379980243,772.0261236133266,773.821533203125,1300,0.0,0.0
2012-09-19 00:00:00+09:00,774.71923828125,774.71923828125,774.71923828125,774.71923828125,1100,0.0,0.0
2012-09-20 00:00:00+09:00,774.7192379980243,774.7192379980243,773.821533203125,773.821533203125,300,0.0,0.0
2012-09-21 00:00:00+09:00,773.8215334860226,774.71923828125,772.9238286907952,774.71923828125,1200,0.0,0.0
2012-09-24 00:00:00+09:00,774.7191779517025,776.5145874023438,772.9237685010612,776.5145874023438,1500,0.0,0.0
2012-09-25 00:00:00+09:00,778.3101198398572,779.2078247070312,778.3101198398572,779.2078247070312,2000,0.0,0.0
2012-09-26 00:00:00+09:00,770.2306518554688,772.0260613003533,761.2536046310461,770.2306518554688,4300,0.0,0.0
2012-09-27 00:00:00+09:00,767.5375366210938,767.5375366210938,763.9467177363167,767.5375366210938,400,0.0,0.0
2012-09-28 00:00:00+09:00,764.8444213867188,764.8444213867188,764.8444213867188,764.8444213867188,200,0.0,0.0
2012-10-01 00:00:00+09:00,763.9465937356388,769.332821188534,763.0488891601562,763.0488891601562,900,0.0,0.0
2012-10-02 00:00:00+09:00,772.9237638661559,772.9237638661559,763.9467166667813,764.8444213867188,600,0.0,0.0
2012-10-03 00:00:00+09:00,769.3330675566658,769.3330675566658,763.9468383789062,763.9468383789062,400,0.0,0.0
2012-10-04 00:00:00+09:00,767.5374747272951,767.5374747272951,764.8443607808837,765.7420654296875,800,0.0,0.0
2012-10-05 00:00:00+09:00,765.7421271787052,772.026060227065,765.7421271787052,767.5375366210938,1100,0.0,0.0
2012-10-09 00:00:00+09:00,768.4351793760991,768.4351793760991,765.7420654296875,765.7420654296875,300,0.0,0.0
2012-10-10 00:00:00+09:00,765.7420654296875,765.7420654296875,765.7420654296875,765.7420654296875,200,0.0,0.0
2012-10-11 00:00:00+09:00,769.3328840249029,769.3328840249029,765.7420654296875,765.7420654296875,300,0.0,0.0
2012-10-12 00:00:00+09:00,769.3329449864061,769.3329449864061,764.8444213867188,764.8444213867188,300,0.0,0.0
2012-10-15 00:00:00+09:00,763.9467166667813,768.4352402664687,763.9467166667813,764.8444213867188,1000,0.0,0.0
2012-10-16 00:00:00+09:00,764.8445432418662,764.8445432418662,763.9468383789062,763.9468383789062,400,0.0,0.0
2012-10-17 00:00:00+09:00,763.9468383789062,763.9468383789062,763.9468383789062,763.9468383789062,100,0.0,0.0
2012-10-18 00:00:00+09:00,765.7421261066562,769.3329449864061,764.8444213867188,764.8444213867188,1200,0.0,0.0
2012-10-19 00:00:00+09:00,764.8444259731756,776.5145874023438,764.8444259731756,776.5145874023438,800,0.0,0.0
2012-10-22 00:00:00+09:00,766.6398318998995,767.5375366210938,766.6398318998995,767.5375366210938,200,0.0,0.0
2012-10-23 00:00:00+09:00,767.5375366210938,767.5375366210938,767.5375366210938,767.5375366210938,100,0.0,0.0
2012-10-24 00:00:00+09:00,775.6168791118421,775.6168791118421,767.5375366210938,767.5375366210938,700,0.0,0.0
2012-10-25 00:00:00+09:00,766.6398318998995,767.5375366210938,766.6398318998995,767.5375366210938,200,0.0,0.0
2012-10-26 00:00:00+09:00,768.435241342288,768.435241342288,767.5375366210938,767.5375366210938,400,0.0,0.0
2012-10-29 00:00:00+09:00,768.435241342288,768.435241342288,767.5375366210938,767.5375366210938,400,0.0,0.0
2012-10-30 00:00:00+09:00,775.6169427929234,775.6169427929234,764.8444852541328,773.821533203125,2000,0.0,0.0
2012-10-31 00:00:00+09:00,769.333007527289,773.821531491859,767.5375979414611,768.435302734375,500,0.0,0.0
2012-11-01 00:00:00+09:00,772.0259979713145,772.0259979713145,763.9466561320797,765.7420654296875,1200,0.0,0.0
2012-11-02 00:00:00+09:00,772.026121906031,772.026121906031,766.639893148547,768.435302734375,700,0.0,0.0
2012-11-05 00:00:00+09:00,769.333007527289,769.333007527289,768.435302734375,768.435302734375,900,0.0,0.0
2012-11-06 00:00:00+09:00,767.5375979414611,772.026121906031,767.5375979414611,768.435302734375,600,0.0,0.0
2012-11-07 00:00:00+09:00,767.5375383953715,772.0260620117188,767.5375383953715,772.0260620117188,500,0.0,0.0
2012-11-08 00:00:00+09:00,772.0260620117188,772.0260620117188,772.0260620117188,772.0260620117188,400,0.0,0.0
2012-11-09 00:00:00+09:00,773.8214072689221,773.8214072689221,765.7420654296875,765.7420654296875,1800,0.0,0.0
2012-11-12 00:00:00+09:00,771.1283555058708,772.026060227065,765.7421271787052,767.5375366210938,600,0.0,0.0
2012-11-13 00:00:00+09:00,768.435302734375,775.616941077687,768.435302734375,768.435302734375,900,0.0,0.0
2012-11-14 00:00:00+09:00,768.4352427650247,771.1283569335938,765.7421285964557,771.1283569335938,1600,0.0,0.0
2012-11-15 00:00:00+09:00,766.6397700784913,769.3328840249029,765.7420654296875,765.7420654296875,900,0.0,0.0
2012-11-16 00:00:00+09:00,766.6398318998995,768.435241342288,766.6398318998995,767.5375366210938,500,0.0,0.0
2012-11-19 00:00:00+09:00,770.2307117471092,770.2307117471092,766.639892578125,766.639892578125,800,0.0,0.0
2012-11-20 00:00:00+09:00,769.3329478419104,772.0260620117188,766.6398336721021,772.0260620117188,700,0.0,0.0
2012-11-21 00:00:00+09:00,766.6398329656997,770.2306518554688,766.6398329656997,770.2306518554688,900,0.0,0.0
2012-11-22 00:00:00+09:00,773.8214711021627,773.8214711021627,769.332947487881,771.1283569335938,900,0.0,0.0
2012-11-26 00:00:00+09:00,772.0261233304296,775.6169425087107,772.0261233304296,772.923828125,700,0.0,0.0
2012-11-27 00:00:00+09:00,772.0260613003533,775.6168801901224,770.2306518554688,770.2306518554688,500,0.0,0.0
2012-11-28 00:00:00+09:00,772.923828125,772.923828125,772.923828125,772.923828125,300,0.0,0.0
2012-11-29 00:00:00+09:00,776.5145856280659,776.5145856280659,772.0260620117188,772.0260620117188,600,0.0,0.0
2012-11-30 00:00:00+09:00,773.8214732263818,776.5145874023438,773.8214732263818,776.5145874023438,300,0.0,0.0
2012-12-03 00:00:00+09:00,776.5146487194176,777.412353515625,776.5146487194176,777.412353515625,1100,0.0,0.0
2012-12-04 00:00:00+09:00,778.3100583118324,778.3100583118324,775.6169439232101,777.412353515625,700,0.0,0.0
2012-12-05 00:00:00+09:00,776.5145874023438,776.5145874023438,775.6168826770231,776.5145874023438,1600,0.0,0.0
2012-12-06 00:00:00+09:00,777.412353515625,777.412353515625,777.412353515625,777.412353515625,700,0.0,0.0
2012-12-07 00:00:00+09:00,778.309996852985,781.0031110289469,776.5145874023438,776.5145874023438,2200,0.0,0.0
2012-12-10 00:00:00+09:00,781.0031110289469,781.0031110289469,776.5145874023438,776.5145874023438,800,0.0,0.0
2012-12-11 00:00:00+09:00,777.4122331290409,781.0030517578125,777.4122331290409,781.0030517578125,500,0.0,0.0
2012-12-12 00:00:00+09:00,781.0031735471806,782.7985831415419,780.10546875,780.10546875,1000,0.0,0.0
2012-12-13 00:00:00+09:00,782.7984610721983,782.7984610721983,781.0030517578125,781.0030517578125,500,0.0,0.0
2012-12-14 00:00:00+09:00,781.0031746670962,785.4916986594359,781.0031746670962,783.6962890625,1300,0.0,0.0
2012-12-17 00:00:00+09:00,785.49169921875,788.1848136160714,785.49169921875,785.49169921875,1500,0.0,0.0
2012-12-18 00:00:00+09:00,785.4915779835821,788.1846919652402,785.4915779835821,787.2869873046875,1500,0.0,0.0
2012-12-19 00:00:00+09:00,788.1846919652402,789.0823966257927,787.2869873046875,787.2869873046875,1800,0.0,0.0
2012-12-20 00:00:00+09:00,788.184814453125,788.184814453125,787.2871096530645,788.184814453125,1700,0.0,0.0
2012-12-21 00:00:00+09:00,788.1847509653505,789.0824556931016,781.9008178710938,781.9008178710938,2300,0.0,0.0
2012-12-25 00:00:00+09:00,789.0824560462881,789.0824560462881,781.900818221066,782.7985229492188,1200,0.0,0.0
2012-12-26 00:00:00+09:00,787.2870465899827,788.1847513181353,782.7985229492188,782.7985229492188,600,0.0,0.0
2012-12-27 00:00:00+09:00,789.980224609375,789.980224609375,783.6962910045277,789.980224609375,1900,0.0,0.0
2012-12-28 00:00:00+09:00,789.980224609375,789.980224609375,787.2871102072976,789.980224609375,1500,0.0,0.0
2013-01-04 00:00:00+09:00,798.9572129777,798.9572129777,792.6732798419204,795.3663940429688,2300,0.0,0.0
2013-01-07 00:00:00+09:00,799.8548583984375,803.4456770668928,798.9571537313236,799.8548583984375,3800,0.0,0.0
2013-01-08 00:00:00+09:00,799.8549201170782,803.4457390626094,799.8549201170782,801.6503295898438,1700,0.0,0.0
2013-01-09 00:00:00+09:00,802.5480350089473,803.4457397460938,801.6503302718008,803.4457397460938,1400,0.0,0.0
2013-01-10 00:00:00+09:00,805.2411495617457,806.1388542992728,804.3434448242188,804.3434448242188,1400,0.0,0.0
2013-01-11 00:00:00+09:00,807.03662109375,807.9343259003059,803.4458018675265,807.03662109375,1500,0.0,0.0
2013-01-15 00:00:00+09:00,807.9342065268005,813.3204345703125,807.9342065268005,813.3204345703125,2700,0.0,0.0
2013-01-16 00:00:00+09:00,814.2181392442312,815.1158439181498,812.4227298963939,813.3204345703125,1800,0.0,0.0
2013-01-17 00:00:00+09:00,813.320495941936,815.1159054252515,810.6273817169628,814.2182006835938,1900,0.0,0.0
2013-01-18 00:00:00+09:00,813.3205571783797,815.115966796875,813.3205571783797,815.115966796875,1000,0.0,0.0
2013-01-21 00:00:00+09:00,816.0136111752017,816.9113159179688,815.1159064324347,816.9113159179688,2100,0.0,0.0
2013-01-22 00:00:00+09:00,816.9113159179688,820.5021348890367,816.9113159179688,816.9113159179688,1600,0.0,0.0
2013-01-23 00:00:00+09:00,820.5020747942052,820.5020747942052,816.9112560861344,819.6043701171875,1200,0.0,0.0
2013-01-24 00:00:00+09:00,821.399779471223,821.399779471223,817.8089607631521,819.6043701171875,800,0.0,0.0
2013-01-25 00:00:00+09:00,819.6043709176486,821.3997802734375,818.7066662397541,821.3997802734375,700,0.0,0.0
2013-01-28 00:00:00+09:00,820.502075595543,824.0928943071209,820.502075595543,821.3997802734375,1200,0.0,0.0
2013-01-29 00:00:00+09:00,821.399902610279,823.195312233471,820.5021977986831,822.297607421875,1400,0.0,0.0
2013-01-30 00:00:00+09:00,823.1952504631727,825.8883646958766,820.5021362304688,820.5021362304688,4500,0.0,0.0
2013-01-31 00:00:00+09:00,824.0930186373034,827.683837890625,823.195313823973,827.683837890625,1900,0.0,0.0
2013-02-01 00:00:00+09:00,828.5814861721462,842.0470574533838,827.6837814200637,840.2516479492188,3100,0.0,0.0
2013-02-04 00:00:00+09:00,843.8425305886243,848.3310546875,839.3540064897487,848.3310546875,2900,0.0,0.0
2013-02-05 00:00:00+09:00,850.1264047723067,860.0011570980674,850.1264047723067,852.8195190429688,3900,0.0,0.0
2013-02-06 00:00:00+09:00,852.8194606864713,859.1033935546875,852.8194606864713,859.1033935546875,3400,0.0,0.0
2013-02-07 00:00:00+09:00,855.5126958237893,866.2851536935538,855.5126958237893,857.30810546875,3500,0.0,0.0
2013-02-08 00:00:00+09:00,857.3080460230509,861.7965698242188,857.3080460230509,861.7965698242188,1000,0.0,0.0
2013-02-12 00:00:00+09:00,861.7965095504157,866.2850330376575,861.7965095504157,863.5919189453125,1500,0.0,0.0
2013-02-13 00:00:00+09:00,869.8759145795929,869.8759145795929,863.5919812441366,867.1828002929688,4300,0.0,0.0
2013-02-14 00:00:00+09:00,868.9782095004857,870.7736190242471,866.2850952148438,866.2850952148438,2500,0.0,0.0
2013-02-15 00:00:00+09:00,866.2850330376575,866.2850330376575,863.5919189453125,863.5919189453125,2800,0.0,0.0
2013-02-18 00:00:00+09:00,864.489683785702,864.489683785702,860.0011599861916,860.8988647460938,3300,0.0,0.0
2013-02-19 00:00:00+09:00,861.7965691871085,861.7965691871085,852.8195215914095,860.0011596679688,2800,0.0,0.0
2013-02-20 00:00:00+09:00,855.5125766682773,863.5919189453125,855.5125766682773,863.5919189453125,2900,0.0,0.0
2013-02-21 00:00:00+09:00,867.1827377351059,867.1827377351059,860.0011001555191,863.5919189453125,2500,0.0,0.0
2013-02-22 00:00:00+09:00,861.7965714054403,866.2850952148438,861.7965714054403,866.2850952148438,1300,0.0,0.0
2013-02-25 00:00:00+09:00,866.2850952148438,868.0805047386051,864.4896856910824,866.2850952148438,2900,0.0,0.0
2013-02-26 00:00:00+09:00,866.2850360673727,870.7735595703125,864.4896266661968,870.7735595703125,2600,0.0,0.0
2013-02-27 00:00:00+09:00,875.2621453688054,875.2621453688054,870.7736215464013,873.4667358398438,2800,0.0,0.0
2013-02-28 00:00:00+09:00,878.8529056471222,879.7506103515625,877.0574962382414,879.7506103515625,1300,0.0,0.0
2013-03-01 00:00:00+09:00,884.2391357421875,884.2391357421875,879.7506122105012,884.2391357421875,2700,0.0,0.0
2013-03-04 00:00:00+09:00,888.727722475916,893.2162463268046,886.034608165383,889.6254272460938,6400,0.0,0.0
2013-03-05 00:00:00+09:00,893.2161879897476,896.8070068359375,892.3184832782001,896.8070068359375,4100,0.0,0.0
2013-03-06 00:00:00+09:00,897.7047119140625,897.7047119140625,895.0115977783204,897.7047119140625,3000,0.0,0.0
2013-03-07 00:00:00+09:00,897.7047744675062,902.1932983398438,896.8070696930387,902.1932983398438,4300,0.0,0.0
2013-03-08 00:00:00+09:00,898.6024177224186,902.1932365744563,897.7047130094093,900.3978271484375,3100,0.0,0.0
2013-03-11 00:00:00+09:00,902.1932983398438,902.1932983398438,900.3978887909087,902.1932983398438,4300,0.0,0.0
2013-03-12 00:00:00+09:00,904.8863525390625,904.8863525390625,903.0909431094215,904.8863525390625,2500,0.0,0.0
2013-03-13 00:00:00+09:00,904.8863532642326,906.6817626953125,903.9886485486928,906.6817626953125,3000,0.0,0.0
2013-03-14 00:00:00+09:00,906.6817619687035,906.6817619687035,904.8863525390625,904.8863525390625,2700,0.0,0.0
2013-03-15 00:00:00+09:00,906.6817637798464,909.3748779296875,904.886354346619,909.3748779296875,3500,0.0,0.0
2013-03-18 00:00:00+09:00,907.5795300112569,911.1703491210938,906.6818252337977,911.1703491210938,5600,0.0,0.0
2013-03-19 00:00:00+09:00,912.9657601749195,915.6588745117188,911.1703506170534,915.6588745117188,4900,0.0,0.0
2013-03-21 00:00:00+09:00,919.249633431085,920.1473381512326,915.6588145504949,918.3519287109375,4600,0.0,0.0
2013-03-22 00:00:00+09:00,918.3519909347043,921.9428100585938,918.3519909347043,921.9428100585938,4200,0.0,0.0
2013-03-25 00:00:00+09:00,921.9428112425929,925.5336303710938,921.0451064604678,925.5336303710938,7400,0.0,0.0
2013-03-26 00:00:00+09:00,925.5335140246524,938.1013793945312,925.5335140246524,938.1013793945312,12200,0.0,0.0
2013-03-27 00:00:00+09:00,890.6027274136596,904.3043078354083,876.9011469919111,903.390869140625,15000,18.0,0.0
2013-03-28 00:00:00+09:00,901.5639655926476,901.5639655926476,893.343017578125,893.343017578125,4500,0.0,0.0
2013-03-29 00:00:00+09:00,892.4295589619703,892.4295589619703,886.0354884269306,887.8623657226562,3300,0.0,0.0
2013-04-01 00:00:00+09:00,886.0355379598964,886.0355379598964,868.6802026802695,870.507080078125,5200,0.0,0.0
2013-04-02 00:00:00+09:00,868.6800673028,869.593505859375,867.766628746225,869.593505859375,2700,0.0,0.0
2013-04-03 00:00:00+09:00,870.507080078125,871.4205187770527,869.5936413791973,870.507080078125,1000,0.0,0.0
2013-04-04 00:00:00+09:00,875.0741439368654,875.0741439368654,864.1128811735643,865.9397583007812,3400,0.0,0.0
2013-04-05 00:00:00+09:00,864.1128745199252,875.9875757553998,863.1994359633502,869.593505859375,5100,0.0,0.0
2013-04-08 00:00:00+09:00,873.2473754882812,876.9011301974372,872.3339368109922,873.2473754882812,2300,0.0,0.0
2013-04-09 00:00:00+09:00,875.0742052291503,875.9876438567381,874.1607666015625,874.1607666015625,2200,0.0,0.0
2013-04-10 00:00:00+09:00,875.9876978275804,877.8145751953125,875.9876978275804,877.8145751953125,2000,0.0,0.0
2013-04-11 00:00:00+09:00,879.6414049430101,879.6414049430101,876.9010890397609,878.7279663085938,1900,0.0,0.0
2013-04-12 00:00:00+09:00,876.9010620117188,878.7279392242432,876.9010620117188,876.9010620117188,2900,0.0,0.0
2013-04-15 00:00:00+09:00,880.554857105481,880.554857105481,879.6414184570312,879.6414184570312,1600,0.0,0.0
2013-04-16 00:00:00+09:00,879.6413709711732,881.4682481694518,876.9010551737553,880.5548095703125,3100,0.0,0.0
2013-04-17 00:00:00+09:00,880.5548095703125,880.5548095703125,880.5548095703125,880.5548095703125,900,0.0,0.0
2013-04-18 00:00:00+09:00,880.55482310557,881.46826171875,879.6413844923899,881.46826171875,1500,0.0,0.0
2013-04-19 00:00:00+09:00,885.1220432979738,885.1220432979738,879.6414114509275,883.295166015625,1800,0.0,0.0
2013-04-22 00:00:00+09:00,884.2085299600478,886.0354070880645,881.468214268023,882.3816528320312,3300,0.0,0.0
2013-04-23 00:00:00+09:00,882.381706945675,886.0354614257812,882.381706945675,886.0354614257812,3700,0.0,0.0
2013-04-24 00:00:00+09:00,886.0354954743187,886.0354954743187,884.2086181640625,884.2086181640625,2300,0.0,0.0
2013-04-25 00:00:00+09:00,886.0354954743187,886.0354954743187,884.2086181640625,884.2086181640625,2000,0.0,0.0
2013-04-26 00:00:00+09:00,886.0354614257812,886.9489000458078,884.2085841857281,886.0354614257812,3300,0.0,0.0
2013-04-30 00:00:00+09:00,886.0354954743187,886.9489341294469,883.2951795089343,884.2086181640625,2300,0.0,0.0
2013-05-01 00:00:00+09:00,886.9490088117382,888.77588627582,885.1221313476562,885.1221313476562,1400,0.0,0.0
2013-05-02 00:00:00+09:00,888.77588627582,888.77588627582,884.2086926156154,885.1221313476562,2200,0.0,0.0
2013-05-07 00:00:00+09:00,888.775777285861,889.6892159058875,885.1220228057547,886.0354614257812,2500,0.0,0.0
2013-05-08 00:00:00+09:00,887.862413306192,888.7758520030092,886.948974609375,886.948974609375,2300,0.0,0.0
2013-05-09 00:00:00+09:00,886.9489270747933,889.6892430183818,886.9489270747933,887.8623657226562,1200,0.0,0.0
2013-05-10 00:00:00+09:00,889.6893444511218,890.602783203125,887.8624669471154,890.602783203125,2100,0.0,0.0
2013-05-13 00:00:00+09:00,895.1698608398438,895.1698608398438,889.6892290387834,895.1698608398438,3500,0.0,0.0
2013-05-14 00:00:00+09:00,895.1698743409945,899.7370675774281,895.1698743409945,896.0833129882812,2400,0.0,0.0
2013-05-15 00:00:00+09:00,897.91015625,899.7370334753306,896.0832790246693,897.91015625,2200,0.0,0.0
2013-05-16 00:00:00+09:00,904.3042471749442,904.3042471749442,895.1698608398438,895.1698608398438,3400,0.0,0.0
2013-05-17 00:00:00+09:00,895.169907542858,902.4774169921875,894.2564688616918,902.4774169921875,2300,0.0,0.0
2013-05-20 00:00:00+09:00,911.6118309560449,911.6118309560449,901.5640051639441,904.3043212890625,3400,0.0,0.0
2013-05-21 00:00:00+09:00,904.3042397859234,907.0445556640625,904.3042397859234,907.0445556640625,1900,0.0,0.0
2013-05-22 00:00:00+09:00,904.3042737419984,908.8714670437256,904.3042737419984,905.2177124023438,2300,0.0,0.0
2013-05-23 00:00:00+09:00,905.2176514914953,905.2176514914953,896.9967041015625,896.9967041015625,2600,0.0,0.0
2013-05-24 00:00:00+09:00,890.6026951945698,896.083327164998,888.7758178710938,888.7758178710938,5700,0.0,0.0
2013-05-27 00:00:00+09:00,887.862447543779,887.862447543779,884.2086926156154,885.1221313476562,2700,0.0,0.0
2013-05-28 00:00:00+09:00,881.46826171875,882.38170033193,881.46826171875,881.46826171875,1900,0.0,0.0
2013-05-29 00:00:00+09:00,880.5548297056217,890.6026545259141,880.5548297056217,886.0354614257812,700,0.0,0.0
2013-05-30 00:00:00+09:00,880.554857105481,880.554857105481,879.6414184570312,879.6414184570312,900,0.0,0.0
2013-05-31 00:00:00+09:00,877.814500617981,881.4682550430298,876.9010620117188,876.9010620117188,1900,0.0,0.0
2013-06-03 00:00:00+09:00,881.4682957539306,884.2086116992797,876.9011025116823,879.6414184570312,1900,0.0,0.0
2013-06-04 00:00:00+09:00,876.9010620117188,881.4682550430298,875.0741847991944,876.9010620117188,3200,0.0,0.0
2013-06-05 00:00:00+09:00,876.9011571959812,880.5549120176311,875.0742797851562,875.0742797851562,1200,0.0,0.0
2013-06-06 00:00:00+09:00,872.3339636689187,875.0742797851562,868.6802088472689,875.0742797851562,1800,0.0,0.0
2013-06-07 00:00:00+09:00,867.7667171740658,869.5935944733797,863.1995239257812,863.1995239257812,2900,0.0,0.0
2013-06-10 00:00:00+09:00,863.199442609956,867.766635427998,863.199442609956,865.9397583007812,1000,0.0,0.0
2013-06-11 00:00:00+09:00,865.9399132853403,872.333984375,865.9399132853403,872.333984375,500,0.0,0.0
2013-06-12 00:00:00+09:00,873.2474023743313,875.0742797851562,863.199576614794,875.0742797851562,500,0.0,0.0
2013-06-13 00:00:00+09:00,875.0742932141635,878.7280480918845,875.0742932141635,875.9877319335938,700,0.0,0.0
2013-06-14 00:00:00+09:00,876.9010620117188,876.9010620117188,876.9010620117188,876.9010620117188,1000,0.0,0.0
2013-06-17 00:00:00+09:00,876.9011365114465,878.7280138791787,876.9011365114465,877.8145751953125,600,0.0,0.0
2013-06-18 00:00:00+09:00,881.4682957539306,881.4682957539306,879.6414184570312,879.6414184570312,1200,0.0,0.0
2013-06-19 00:00:00+09:00,881.46826171875,881.46826171875,879.6413844923899,881.46826171875,800,0.0,0.0
2013-06-20 00:00:00+09:00,881.468282211843,881.468282211843,876.9010890397609,878.7279663085938,800,0.0,0.0
2013-06-21 00:00:00+09:00,879.6414941917538,879.6414941917538,870.5071069208115,872.333984375,2100,0.0,0.0
2013-06-24 00:00:00+09:00,881.46826171875,881.46826171875,876.9010686528497,881.46826171875,1300,0.0,0.0
2013-06-25 00:00:00+09:00,881.4682550430298,881.4682550430298,876.9010620117188,876.9010620117188,600,0.0,0.0
2013-06-26 00:00:00+09:00,881.4682481694518,881.4682481694518,880.5548095703125,880.5548095703125,600,0.0,0.0
2013-06-27 00:00:00+09:00,884.2085775582901,884.2085775582901,877.8145072660298,881.46826171875,800,0.0,0.0
2013-06-28 00:00:00+09:00,884.2086181640625,886.0354954743187,882.3817408538061,884.2086181640625,900,0.0,0.0
2013-07-01 00:00:00+09:00,896.9967041015625,896.9967041015625,896.9967041015625,896.9967041015625,1400,0.0,0.0
2013-07-02 00:00:00+09:00,896.0833595823591,904.3043078354083,895.1699208875759,903.390869140625,1900,0.0,0.0
2013-07-03 00:00:00+09:00,901.5640051639441,908.8715148309265,889.6893019550979,904.3043212890625,3500,0.0,0.0
2013-07-04 00:00:00+09:00,908.8714670437256,908.8714670437256,902.4773964213074,905.2177124023438,2000,0.0,0.0
2013-07-05 00:00:00+09:00,908.8714741839223,908.8714741839223,901.56396484375,901.56396484375,1700,0.0,0.0
2013-07-08 00:00:00+09:00,902.4774035112715,904.3042808463147,901.56396484375,901.56396484375,1500,0.0,0.0
2013-07-09 00:00:00+09:00,900.6505261762285,906.1311581813577,898.8236488411854,901.56396484375,1300,0.0,0.0
2013-07-10 00:00:00+09:00,906.1311581813577,907.0445968488792,901.56396484375,901.56396484375,1500,0.0,0.0
2013-07-11 00:00:00+09:00,904.3042471749442,907.0445630754743,895.1698608398438,895.1698608398438,2300,0.0,0.0
2013-07-12 00:00:00+09:00,907.0445897230347,907.0445897230347,904.3042737419984,905.2177124023438,2700,0.0,0.0
2013-07-16 00:00:00+09:00,907.9580154030087,907.9580154030087,896.0833129882812,896.0833129882812,2400,0.0,0.0
2013-07-17 00:00:00+09:00,905.21766490321,906.131103515625,904.3042262907951,906.131103515625,600,0.0,0.0
2013-07-18 00:00:00+09:00,907.0446374141809,907.0446374141809,904.3043212890625,904.3043212890625,1500,0.0,0.0
2013-07-19 00:00:00+09:00,906.1310831501256,908.8713989257812,903.39076737447,908.8713989257812,1500,0.0,0.0
2013-07-22 00:00:00+09:00,908.8715148309265,909.7849535392992,904.3043212890625,904.3043212890625,800,0.0,0.0
2013-07-23 00:00:00+09:00,909.7848375176665,909.7848375176665,904.3042059663552,908.8713989257812,1400,0.0,0.0
2013-07-24 00:00:00+09:00,908.8714464521504,909.7848850918008,905.2176918935488,907.9580078125,1800,0.0,0.0
2013-07-25 00:00:00+09:00,911.6117147014369,911.6117147014369,905.2176445582404,908.8713989257812,1400,0.0,0.0
2013-07-26 00:00:00+09:00,905.2176918935488,907.9580078125,905.2176918935488,907.9580078125,1100,0.0,0.0
2013-07-29 00:00:00+09:00,907.9580761225536,911.6118309560449,904.3043212890625,904.3043212890625,1300,0.0,0.0
2013-07-30 00:00:00+09:00,907.9579873654166,910.6983032226562,907.0445487463367,910.6983032226562,900,0.0,0.0
2013-07-31 00:00:00+09:00,908.8714670437256,912.5252216851073,905.2177124023438,905.2177124023438,2000,0.0,0.0
2013-08-01 00:00:00+09:00,907.0445352577302,911.6117282852111,907.0445352577302,909.7848510742188,700,0.0,0.0
2013-08-02 00:00:00+09:00,913.4385850694445,913.4385850694445,909.7848307291666,912.525146484375,1700,0.0,0.0
2013-08-05 00:00:00+09:00,913.4385511948988,914.3519897460938,912.5251126437039,914.3519897460938,4400,0.0,0.0
2013-08-06 00:00:00+09:00,914.3520983276368,914.3520983276368,913.4386596679688,913.4386596679688,500,0.0,0.0
2013-08-07 00:00:00+09:00,913.4386596679688,914.3520983276368,912.5252210083008,913.4386596679688,900,0.0,0.0
2013-08-08 00:00:00+09:00,915.2655369873047,915.2655369873047,913.4386596679688,913.4386596679688,900,0.0,0.0
2013-08-09 00:00:00+09:00,914.3520236545139,915.2654622395833,912.525146484375,912.525146484375,900,0.0,0.0
2013-08-12 00:00:00+09:00,912.525146484375,913.4385850694445,912.525146484375,912.525146484375,1100,0.0,0.0
2013-08-13 00:00:00+09:00,913.4385850694445,913.4385850694445,911.6117078993055,912.525146484375,600,0.0,0.0
2013-08-14 00:00:00+09:00,914.3520236545139,915.2654622395833,912.525146484375,912.525146484375,900,0.0,0.0
2013-08-15 00:00:00+09:00,912.525146484375,914.3520236545139,912.525146484375,912.525146484375,1000,0.0,0.0
2013-08-16 00:00:00+09:00,912.5252551000439,913.4386937938377,911.61181640625,911.61181640625,1300,0.0,0.0
2013-08-19 00:00:00+09:00,913.4386596679688,913.4386596679688,912.5252210083008,913.4386596679688,1700,0.0,0.0
2013-08-20 00:00:00+09:00,913.4386596679688,913.4386596679688,911.6117823486328,913.4386596679688,1000,0.0,0.0
2013-08-21 00:00:00+09:00,913.4385850694445,913.4385850694445,908.8713921440972,912.525146484375,1700,0.0,0.0
2013-08-22 00:00:00+09:00,912.525146484375,912.525146484375,911.6117078993055,912.525146484375,800,0.0,0.0
2013-08-23 00:00:00+09:00,912.5252551000439,913.4386937938377,911.61181640625,911.61181640625,800,0.0,0.0
2013-08-26 00:00:00+09:00,912.5252551000439,912.5252551000439,911.61181640625,911.61181640625,700,0.0,0.0
2013-08-27 00:00:00+09:00,912.5251668907074,913.4386054962035,909.7848510742188,909.7848510742188,1600,0.0,0.0
2013-08-28 00:00:00+09:00,912.5252551000439,913.4386937938377,910.6983777124561,911.61181640625,900,0.0,0.0
2013-08-29 00:00:00+09:00,913.4386054962035,913.4386054962035,909.7848510742188,909.7848510742188,800,0.0,0.0
2013-08-30 00:00:00+09:00,909.7849390186624,913.4386937938377,909.7849390186624,911.61181640625,1800,0.0,0.0
2013-09-02 00:00:00+09:00,910.6982693142361,913.4385850694445,910.6982693142361,912.525146484375,1000,0.0,0.0
2013-09-03 00:00:00+09:00,913.4385511948988,914.3519897460938,912.5251126437039,914.3519897460938,800,0.0,0.0
2013-09-04 00:00:00+09:00,918.0057983398438,918.0057983398438,913.4386053132773,918.0057983398438,1400,0.0,0.0
2013-09-05 00:00:00+09:00,918.0058458791787,918.0058458791787,913.4386526160981,917.0924072265625,2200,0.0,0.0
2013-09-06 00:00:00+09:00,914.3520983276368,918.0058529663086,913.4386596679688,913.4386596679688,1000,0.0,0.0
2013-09-09 00:00:00+09:00,913.4386391606431,918.0058323564463,913.4386391606431,916.178955078125,4000,0.0,0.0
2013-09-10 00:00:00+09:00,916.1788668484835,918.0057439508734,913.4385511948988,914.3519897460938,2100,0.0,0.0
2013-09-11 00:00:00+09:00,914.3520439185907,918.9192369451571,913.4386053132773,918.0057983398438,2600,0.0,0.0
2013-09-12 00:00:00+09:00,918.0057439508734,921.6594981556528,914.3519897460938,914.3519897460938,1500,0.0,0.0
2013-09-13 00:00:00+09:00,921.6595934307765,921.6595934307765,916.1789615570553,920.7461547851562,1900,0.0,0.0
2013-09-17 00:00:00+09:00,922.5730320763967,924.3999093676371,917.0924002026755,920.7461547851562,4600,0.0,0.0
2013-09-18 00:00:00+09:00,922.5730662412245,926.2268209590115,916.1789954850972,918.9193115234375,1200,0.0,0.0
2013-09-19 00:00:00+09:00,921.6594848632812,922.5729234013023,917.0922921731758,921.6594848632812,2100,0.0,0.0
2013-09-20 00:00:00+09:00,922.5730250663908,924.39990234375,918.9192705116724,924.39990234375,1600,0.0,0.0
2013-09-24 00:00:00+09:00,924.3999158401715,927.1402317962194,924.3999158401715,925.3133544921875,4400,0.0,0.0
2013-09-25 00:00:00+09:00,927.140238224172,931.7074315159166,925.3133609074741,929.8805541992188,4800,0.0,0.0
2013-09-26 00:00:00+09:00,905.217671508177,912.525180460816,896.083285317378,910.6983032226562,6300,0.0,0.0
2013-09-27 00:00:00+09:00,912.5252551000439,914.3521324876315,910.6983777124561,911.61181640625,2200,0.0,0.0
2013-09-30 00:00:00+09:00,911.6117484269741,915.2655029296875,911.6117484269741,915.2655029296875,1600,0.0,0.0
2013-10-01 00:00:00+09:00,913.4386256783308,915.2655029296875,912.5251870526524,915.2655029296875,1100,0.0,0.0
2013-10-02 00:00:00+09:00,915.2654622395833,915.2654622395833,912.525146484375,912.525146484375,700,0.0,0.0
2013-10-03 00:00:00+09:00,914.3520236545139,914.3520236545139,912.525146484375,912.525146484375,500,0.0,0.0
2013-10-04 00:00:00+09:00,912.525146484375,913.4385850694445,911.6117078993055,912.525146484375,700,0.0,0.0
2013-10-07 00:00:00+09:00,913.4386596679688,914.3520983276368,911.6117823486328,913.4386596679688,1800,0.0,0.0
2013-10-08 00:00:00+09:00,911.6117282852111,911.6117282852111,909.7848510742188,909.7848510742188,1100,0.0,0.0
2013-10-09 00:00:00+09:00,909.7848375176665,909.7848375176665,908.8713989257812,908.8713989257812,1100,0.0,0.0
2013-10-10 00:00:00+09:00,910.6983032226562,910.6983032226562,907.9579873654166,910.6983032226562,900,0.0,0.0
2013-10-11 00:00:00+09:00,910.6982693142361,912.525146484375,907.9579535590277,912.525146484375,1000,0.0,0.0
2013-10-15 00:00:00+09:00,908.8714259844965,910.6983032226562,908.8714259844965,910.6983032226562,1100,0.0,0.0
2013-10-16 00:00:00+09:00,910.6983032226562,910.6983032226562,910.6983032226562,910.6983032226562,600,0.0,0.0
2013-10-17 00:00:00+09:00,909.7848510742188,911.6117282852111,909.7848510742188,909.7848510742188,900,0.0,0.0
2013-10-18 00:00:00+09:00,909.7849390186624,911.61181640625,907.9580616310747,911.61181640625,2200,0.0,0.0
2013-10-21 00:00:00+09:00,908.8713989257812,909.7848375176665,907.0445217420108,908.8713989257812,1400,0.0,0.0
2013-10-22 00:00:00+09:00,910.6982761095517,910.6982761095517,908.8713989257812,908.8713989257812,800,0.0,0.0
2013-10-23 00:00:00+09:00,908.8714259844965,910.6983032226562,908.8714259844965,910.6983032226562,800,0.0,0.0
2013-10-24 00:00:00+09:00,908.8713989257812,910.6982761095517,908.8713989257812,908.8713989257812,800,0.0,0.0
2013-10-25 00:00:00+09:00,908.8714124687226,910.698289679715,908.8714124687226,909.7848510742188,1700,0.0,0.0
2013-10-28 00:00:00+09:00,912.5251668907074,913.4386054962035,909.7848510742188,909.7848510742188,1100,0.0,0.0
2013-10-29 00:00:00+09:00,909.7848510742188,909.7848510742188,909.7848510742188,909.7848510742188,0,0.0,0.0
2013-10-30 00:00:00+09:00,909.7848510742188,913.4386054962035,909.7848510742188,909.7848510742188,1200,0.0,0.0
2013-10-31 00:00:00+09:00,909.7848646035764,913.438619079896,909.7848646035764,910.6983032226562,2500,0.0,0.0
2013-11-01 00:00:00+09:00,909.7848646035764,913.438619079896,909.7848646035764,910.6983032226562,1900,0.0,0.0
2013-11-05 00:00:00+09:00,912.525180460816,912.525180460816,910.6983032226562,910.6983032226562,1300,0.0,0.0
2013-11-06 00:00:00+09:00,909.7848646035764,911.6117418417361,909.7848646035764,910.6983032226562,1100,0.0,0.0
2013-11-07 00:00:00+09:00,912.525180460816,912.525180460816,909.7848646035764,910.6983032226562,800,0.0,0.0
2013-11-08 00:00:00+09:00,912.5251532933221,912.5251532933221,907.957960333896,908.8713989257812,1600,0.0,0.0
2013-11-11 00:00:00+09:00,912.525201010752,912.525201010752,907.9580078125,907.9580078125,1600,0.0,0.0
2013-11-12 00:00:00+09:00,907.9579807404548,912.5251738025296,906.131103515625,906.131103515625,3300,0.0,0.0
2013-11-13 00:00:00+09:00,907.0445691728496,907.9580078125,907.0445691728496,907.9580078125,400,0.0,0.0
2013-11-14 00:00:00+09:00,910.698289679715,910.698289679715,907.0445352577302,909.7848510742188,900,0.0,0.0
2013-11-15 00:00:00+09:00,910.6982761095517,910.6982761095517,907.0445217420108,908.8713989257812,2100,0.0,0.0
2013-11-18 00:00:00+09:00,908.8714124687226,912.5251668907074,908.8714124687226,909.7848510742188,1100,0.0,0.0
2013-11-19 00:00:00+09:00,909.7849390186624,912.5252551000439,909.7849390186624,911.61181640625,700,0.0,0.0
2013-11-20 00:00:00+09:00,912.525180460816,912.525180460816,910.6983032226562,910.6983032226562,1400,0.0,0.0
2013-11-21 00:00:00+09:00,910.6983032226562,912.525180460816,910.6983032226562,910.6983032226562,1200,0.0,0.0
2013-11-22 00:00:00+09:00,910.6983032226562,913.438619079896,910.6983032226562,910.6983032226562,1500,0.0,0.0
2013-11-25 00:00:00+09:00,913.4386596679688,913.4386596679688,911.6117823486328,913.4386596679688,1500,0.0,0.0
2013-11-26 00:00:00+09:00,913.4386937938377,914.3521324876315,911.61181640625,911.61181640625,2300,0.0,0.0
2013-11-27 00:00:00+09:00,915.2654282972886,918.0057439508734,914.3519897460938,914.3519897460938,2500,0.0,0.0
2013-11-28 00:00:00+09:00,915.2655299213303,917.0924072265625,913.4386526160981,917.0924072265625,2200,0.0,0.0
2013-11-29 00:00:00+09:00,931.7074781272843,939.0149877596552,931.7074781272843,937.1881103515625,10300,0.0,0.0
2013-12-02 00:00:00+09:00,940.8417426215277,950.8895670572916,938.1014268663195,945.408935546875,8200,0.0,0.0
2013-12-03 00:00:00+09:00,945.4089423548702,945.4089423548702,940.8417493966341,941.7551879882812,2500,0.0,0.0
2013-12-04 00:00:00+09:00,941.755174418329,945.4089287322702,940.8417358398438,940.8417358398438,4000,0.0,0.0
2013-12-05 00:00:00+09:00,940.8418444456466,942.6687218135022,939.9284057617188,939.9284057617188,4200,0.0,0.0
2013-12-06 00:00:00+09:00,936.2744750976562,945.4088602205602,936.2744750976562,936.2744750976562,4400,0.0,0.0
2013-12-09 00:00:00+09:00,940.8418651677479,945.4090586879797,936.2746716475161,937.1881103515625,4400,0.0,0.0
2013-12-10 00:00:00+09:00,937.1881103515625,937.1881103515625,936.2746716475161,937.1881103515625,2800,0.0,0.0
2013-12-11 00:00:00+09:00,939.014892578125,939.014892578125,937.1880153552104,939.014892578125,2400,0.0,0.0
2013-12-12 00:00:00+09:00,939.0148586828732,940.8417358398438,937.1879815259026,940.8417358398438,1900,0.0,0.0
2013-12-13 00:00:00+09:00,940.8417829980281,959.1105554834267,938.1014671252183,948.1492919921875,9800,0.0,0.0
2013-12-16 00:00:00+09:00,949.9761692407274,950.8896078649973,945.4089761193777,948.1492919921875,4000,0.0,0.0
2013-12-17 00:00:00+09:00,950.88958068612,950.88958068612,942.6686333026665,946.3223876953125,2100,0.0,0.0
2013-12-18 00:00:00+09:00,946.3223876953125,947.235826293474,941.755194704505,946.3223876953125,2000,0.0,0.0
2013-12-19 00:00:00+09:00,946.3223809465173,946.3223809465173,939.9283108049868,941.7551879882812,3900,0.0,0.0
2013-12-20 00:00:00+09:00,941.7552015319352,942.6686401367188,939.9283243223679,942.6686401367188,4900,0.0,0.0
2013-12-24 00:00:00+09:00,940.8417629271515,942.6686401367188,939.9283243223679,942.6686401367188,6500,0.0,0.0
2013-12-25 00:00:00+09:00,940.8417358398438,943.5820515752996,940.8417358398438,940.8417358398438,5900,0.0,0.0
2013-12-26 00:00:00+09:00,943.5820787415024,945.4089559510697,940.8417629271515,942.6686401367188,2700,0.0,0.0
2013-12-27 00:00:00+09:00,945.4089086023723,951.802978515625,943.5820314843,951.802978515625,3400,0.0,0.0
2013-12-30 00:00:00+09:00,959.1104869879139,959.1104869879139,950.8895399565889,951.802978515625,4800,0.0,0.0
2014-01-06 00:00:00+09:00,959.1105673146802,1077.857589934593,955.456812772529,981.946533203125,11900,0.0,0.0
2014-01-07 00:00:00+09:00,1004.7824367512723,1004.7824367512723,985.6002265951116,998.3883666992188,6400,0.0,0.0
2014-01-08 00:00:00+09:00,1002.0422022839479,1004.7825182427918,1001.1287636309999,1003.8690795898438,3400,0.0,0.0
2014-01-09 00:00:00+09:00,1003.8690795898438,1004.7825182427918,1000.2153249780519,1003.8690795898438,2400,0.0,0.0
2014-01-10 00:00:00+09:00,1000.2151832649798,1006.6092529296875,999.3017447414502,1006.6092529296875,5100,0.0,0.0
2014-01-14 00:00:00+09:00,1002.9555800691656,1006.6093344592173,986.5136853139335,995.6480712890625,4400,0.0,0.0
2014-01-15 00:00:00+09:00,1000.2152907912796,1013.9168701171875,1000.2152907912796,1013.9168701171875,2500,0.0,0.0
2014-01-16 00:00:00+09:00,1013.9169570146981,1031.2722923149497,1013.9169570146981,1023.9647827148438,3700,0.0,0.0
2014-01-17 00:00:00+09:00,1027.6183149179517,1045.8870849609375,1027.6183149179517,1045.8870849609375,4700,0.0,0.0
2014-01-20 00:00:00+09:00,1045.8874110874904,1050.4546050223703,1041.3202171526104,1043.1470947265625,3600,0.0,0.0
2014-01-21 00:00:00+09:00,1055.0215385105298,1057.7618541949728,1050.454345703125,1050.454345703125,3000,0.0,0.0
2014-01-22 00:00:00+09:00,1048.627468580163,1051.367784264606,1047.714030018682,1050.454345703125,2700,0.0,0.0
2014-01-23 00:00:00+09:00,1050.454440764849,1050.454440764849,1044.0603702558458,1048.6275634765625,3100,0.0,0.0
2014-01-24 00:00:00+09:00,1045.8873425229058,1047.7142199770942,1041.3201488874345,1046.80078125,1700,0.0,0.0
2014-01-27 00:00:00+09:00,1037.6662058423913,1050.454345703125,1004.782417629076,1050.454345703125,6000,0.0,0.0
2014-01-28 00:00:00+09:00,1041.3199600883152,1050.454345703125,1023.0511888586956,1050.454345703125,2200,0.0,0.0
2014-01-29 00:00:00+09:00,1050.4543998625704,1059.5887859483319,1042.2334523853851,1054.108154296875,3400,0.0,0.0
2014-01-30 00:00:00+09:00,1054.1083331191749,1054.1083331191749,1037.6664353755482,1041.3201904296875,2600,0.0,0.0
2014-01-31 00:00:00+09:00,1041.3202171526104,1045.8874110874904,1041.3202171526104,1043.1470947265625,1300,0.0,0.0
2014-02-03 00:00:00+09:00,1033.099026174116,1034.9259033203125,1023.0512018700354,1034.9259033203125,3100,0.0,0.0
2014-02-04 00:00:00+09:00,1007.5227593315972,1027.618408203125,995.6480577256945,1027.618408203125,5900,0.0,0.0
2014-02-05 00:00:00+09:00,1023.0512152777777,1027.618408203125,1023.0512152777777,1027.618408203125,2000,0.0,0.0
2014-02-06 00:00:00+09:00,1027.6184757198907,1032.1856689453125,1023.0512824944691,1032.1856689453125,1700,0.0,0.0
2014-02-07 00:00:00+09:00,1024.8780584181784,1030.3586897466178,1018.483988534999,1021.2243041992188,1800,0.0,0.0
2014-02-10 00:00:00+09:00,1022.1378847169707,1026.705078125,1022.1378847169707,1026.705078125,1500,0.0,0.0
2014-02-12 00:00:00+09:00,1034.012722008653,1035.839599609375,1027.618650406126,1035.839599609375,1300,0.0,0.0
2014-02-13 00:00:00+09:00,1035.839396375291,1035.839396375291,1030.3587646484375,1030.3587646484375,700,0.0,0.0
2014-02-14 00:00:00+09:00,1023.9646607552024,1029.4452923025096,1004.7824503396278,1007.5227661132812,4500,0.0,0.0
2014-02-17 00:00:00+09:00,1006.6093614735893,1018.4840635599384,1005.6959228515625,1005.6959228515625,2300,0.0,0.0
2014-02-18 00:00:00+09:00,1005.6960230413473,1016.6572875976562,1005.6960230413473,1016.6572875976562,1900,0.0,0.0
2014-02-19 00:00:00+09:00,1017.5706246040962,1020.3109404692779,1013.9168701171875,1013.9168701171875,700,0.0,0.0
2014-02-20 00:00:00+09:00,1013.9169642107767,1021.2244738627462,1013.9169642107767,1020.31103515625,1300,0.0,0.0
2014-02-21 00:00:00+09:00,1020.31103515625,1021.2244738627462,1015.7438416237691,1020.31103515625,900,0.0,0.0
2014-02-24 00:00:00+09:00,1020.3108995225695,1027.618408203125,1017.5705837673611,1027.618408203125,2700,0.0,0.0
2014-02-25 00:00:00+09:00,1027.6184757198907,1032.1856689453125,1014.83033468871,1032.1856689453125,3800,0.0,0.0
2014-02-26 00:00:00+09:00,1032.185844407931,1036.753038409736,1032.185844407931,1035.839599609375,1100,0.0,0.0
2014-02-27 00:00:00+09:00,1035.8395578484785,1041.3201904296875,1035.8395578484785,1041.3201904296875,1200,0.0,0.0
2014-02-28 00:00:00+09:00,1039.493271433246,1046.80078125,1037.6663939790576,1046.80078125,2400,0.0,0.0
2014-03-03 00:00:00+09:00,1049.540907141644,1050.454345703125,1039.4930829653533,1050.454345703125,3900,0.0,0.0
2014-03-04 00:00:00+09:00,1050.4545764574495,1052.2814539817232,1045.8873826467648,1049.5411376953125,1600,0.0,0.0
2014-03-05 00:00:00+09:00,1051.3677159738331,1051.3677159738331,1045.8870849609375,1045.8870849609375,2500,0.0,0.0
2014-03-06 00:00:00+09:00,1044.060316285887,1050.4543864643658,1044.060316285887,1044.9737548828125,1500,0.0,0.0
2014-03-07 00:00:00+09:00,1048.6274956597222,1048.6274956597222,1042.233425564236,1044.060302734375,1300,0.0,0.0
2014-03-10 00:00:00+09:00,1043.1469316117023,1048.6275634765625,1042.233492967559,1048.6275634765625,1800,0.0,0.0
2014-03-11 00:00:00+09:00,1048.627468580163,1050.454345703125,1047.714030018682,1050.454345703125,2000,0.0,0.0
2014-03-12 00:00:00+09:00,1051.3678249547715,1053.1947021484375,1048.6275091642726,1053.1947021484375,2400,0.0,0.0
2014-03-13 00:00:00+09:00,1053.1946749981335,1054.108113571419,1050.454359278277,1051.3677978515625,1200,0.0,0.0
2014-03-14 00:00:00+09:00,1054.1081678250134,1055.0216064453125,1050.4544133438176,1055.0216064453125,3200,0.0,0.0
2014-03-17 00:00:00+09:00,1053.194932937622,1053.194932937622,1051.368055343628,1052.281494140625,1700,0.0,0.0
2014-03-18 00:00:00+09:00,1051.368055343628,1055.0218105316162,1050.4546165466309,1052.281494140625,2800,0.0,0.0
2014-03-19 00:00:00+09:00,1055.0216064453125,1055.9350450656113,1050.4544133438176,1055.0216064453125,3000,0.0,0.0
2014-03-20 00:00:00+09:00,1051.367784264606,1055.0215385105298,1050.454345703125,1050.454345703125,2700,0.0,0.0
2014-03-24 00:00:00+09:00,1050.454345703125,1054.108099949049,1050.454345703125,1050.454345703125,4800,0.0,0.0
2014-03-25 00:00:00+09:00,1054.1081678250134,1055.9350450656113,1050.4544133438176,1055.0216064453125,5900,0.0,0.0
2014-03-26 00:00:00+09:00,1055.0216199617485,1058.6753744897546,1054.108181329747,1055.93505859375,6600,0.0,0.0
2014-03-27 00:00:00+09:00,948.2055388548664,1021.5730585116092,947.2768360744013,993.7119750976562,10800,19.0,0.0
2014-03-28 00:00:00+09:00,984.4250164609966,991.85463922674,978.8527993866892,980.710205078125,3100,0.0,0.0
2014-03-31 00:00:00+09:00,984.425008330865,988.1398196830569,977.9240884645291,979.781494140625,3300,0.0,0.0
2014-04-01 00:00:00+09:00,980.7100912074267,984.42490215897,979.7813884695408,981.6387939453125,1500,0.0,0.0
2014-04-02 00:00:00+09:00,981.6389079238429,987.2111249981505,980.710205078125,980.710205078125,1200,0.0,0.0
2014-04-03 00:00:00+09:00,989.068513875592,993.7120280252426,980.7101884062208,992.7833251953125,1400,0.0,0.0
2014-04-04 00:00:00+09:00,993.7118364541273,998.3553497085858,990.9257285014521,991.8544311523438,1600,0.0,0.0
2014-04-07 00:00:00+09:00,997.4268350707554,999.2842407226562,992.7833209410032,999.2842407226562,1900,0.0,0.0
2014-04-08 00:00:00+09:00,999.2841505740171,999.2841505740171,989.0684204101562,989.0684204101562,2400,0.0,0.0
2014-04-09 00:00:00+09:00,989.0684204101562,997.4267450896788,989.0684204101562,989.0684204101562,2000,0.0,0.0
2014-04-10 00:00:00+09:00,992.783231378833,993.7119341210021,989.0684204101562,989.0684204101562,400,0.0,0.0
2014-04-11 00:00:00+09:00,989.0684611953308,994.6406778781214,984.4249472930053,993.7119750976562,1400,0.0,0.0
2014-04-14 00:00:00+09:00,993.7119708447357,993.7119708447357,986.2823486328125,986.2823486328125,300,0.0,0.0
2014-04-15 00:00:00+09:00,986.2822711296801,986.2822711296801,984.4248657226562,984.4248657226562,1300,0.0,0.0
2014-04-16 00:00:00+09:00,984.4248657226562,989.0683792402159,984.4248657226562,984.4248657226562,700,0.0,0.0
2014-04-17 00:00:00+09:00,993.7119750976564,993.7119750976564,992.7832723171912,993.7119750976562,400,0.0,0.0
2014-04-18 00:00:00+09:00,993.7120280252426,993.7120280252426,985.3537025558715,992.7833251953125,500,0.0,0.0
2014-04-21 00:00:00+09:00,979.7814855762906,992.7833251953125,979.7814855762906,992.7833251953125,2500,0.0,0.0
2014-04-22 00:00:00+09:00,991.854565291755,991.854565291755,986.2823486328125,986.2823486328125,200,0.0,0.0
2014-04-23 00:00:00+09:00,984.4249997259413,992.7833251953125,984.4249997259413,992.7833251953125,200,0.0,0.0
2014-04-24 00:00:00+09:00,991.8544311523438,991.8544311523438,980.7099993416433,991.8544311523438,1200,0.0,0.0
2014-04-25 00:00:00+09:00,984.4248657226562,984.4248657226562,982.5674603156324,984.4248657226562,500,0.0,0.0
2014-04-28 00:00:00+09:00,983.4962076284484,984.4249103740843,982.5675048828124,982.5675048828125,800,0.0,0.0
2014-04-30 00:00:00+09:00,984.4249430798317,986.2823486328125,979.7814291973796,986.2823486328125,1500,0.0,0.0
2014-05-01 00:00:00+09:00,979.7813966459047,982.5675048828124,979.7813966459047,982.5675048828125,1500,0.0,0.0
2014-05-02 00:00:00+09:00,982.5675048828124,982.5675048828124,979.7813966459047,982.5675048828125,900,0.0,0.0
2014-05-07 00:00:00+09:00,983.4963136152787,983.4963136152787,979.7815022324071,980.710205078125,1700,0.0,0.0
2014-05-08 00:00:00+09:00,980.710196978673,983.496305492817,979.781494140625,979.781494140625,1200,0.0,0.0
2014-05-09 00:00:00+09:00,979.7815022324071,983.4963136152787,979.7815022324071,980.710205078125,700,0.0,0.0
2014-05-12 00:00:00+09:00,979.7813966459047,982.5675048828124,979.7813966459047,982.5675048828125,1000,0.0,0.0
2014-05-13 00:00:00+09:00,982.5675003487722,982.5675003487722,975.1378784179688,975.1378784179688,2400,0.0,0.0
2014-05-14 00:00:00+09:00,982.5675003487722,982.5675003487722,975.1378784179688,975.1378784179688,1200,0.0,0.0
2014-05-15 00:00:00+09:00,975.1378386875368,984.4248657226562,975.1378386875368,984.4248657226562,1400,0.0,0.0
2014-05-16 00:00:00+09:00,984.4249305833779,984.4249305833779,975.1379029363649,977.9240112304688,1200,0.0,0.0
2014-05-19 00:00:00+09:00,978.8528842944037,983.4963989257812,976.0667755155771,983.4963989257812,700,0.0,0.0
2014-05-20 00:00:00+09:00,983.4962076284484,983.4962076284484,982.5675048828124,982.5675048828125,700,0.0,0.0
2014-05-21 00:00:00+09:00,982.5676959995058,983.4963989257812,979.7815872206792,983.4963989257812,700,0.0,0.0
2014-05-22 00:00:00+09:00,979.7813884695408,981.6387939453125,976.9952802558834,981.6387939453125,1000,0.0,0.0
2014-05-23 00:00:00+09:00,981.6389930732303,983.4963989257812,980.7102901469548,983.4963989257812,600,0.0,0.0
2014-05-26 00:00:00+09:00,983.4961630191443,984.4248657226562,983.4961630191443,984.4248657226562,800,0.0,0.0
2014-05-27 00:00:00+09:00,984.4249103740843,984.4249103740843,982.5675048828124,982.5675048828125,2100,0.0,0.0
2014-05-28 00:00:00+09:00,985.3535684261682,985.3535684261682,984.4248657226562,984.4248657226562,500,0.0,0.0
2014-05-29 00:00:00+09:00,985.3537149222976,987.2111206054688,984.425012080712,987.2111206054688,1100,0.0,0.0
2014-05-30 00:00:00+09:00,993.7120280252426,993.7120280252426,982.567594066081,992.7833251953125,2400,0.0,0.0
2014-06-02 00:00:00+09:00,992.7833213410661,993.7120241673907,984.4249959041441,985.3536987304688,2300,0.0,0.0
2014-06-03 00:00:00+09:00,992.7832231449902,992.7832231449902,984.4248985347891,988.1397094726562,1800,0.0,0.0
2014-06-04 00:00:00+09:00,988.1398234470544,988.1398234470544,984.425012080712,987.2111206054688,2700,0.0,0.0
2014-06-05 00:00:00+09:00,984.4248985347891,988.1397094726562,984.4248985347891,988.1397094726562,2600,0.0,0.0
2014-06-06 00:00:00+09:00,985.3537149222976,987.2111206054688,983.4963092391264,987.2111206054688,900,0.0,0.0
2014-06-09 00:00:00+09:00,987.2111206054688,989.0685262886399,987.2111206054688,987.2111206054688,1100,0.0,0.0
2014-06-10 00:00:00+09:00,987.211014925818,989.0684204101562,987.211014925818,989.0684204101562,900,0.0,0.0
2014-06-11 00:00:00+09:00,990.926012478248,997.4269328975055,990.926012478248,996.4982299804688,2600,0.0,0.0
2014-06-12 00:00:00+09:00,996.4980834390516,996.4980834390516,991.8545695367261,993.7119750976562,1700,0.0,0.0
2014-06-13 00:00:00+09:00,995.5694294188545,999.2842407226562,994.6407265929041,999.2842407226562,2600,0.0,0.0
2014-06-16 00:00:00+09:00,1002.0702432551057,1002.9989459828676,998.355432344058,1001.1415405273438,1800,0.0,0.0
2014-06-17 00:00:00+09:00,1002.9989178387824,1004.8563232421875,1002.9989178387824,1004.8563232421875,1300,0.0,0.0
2014-06-18 00:00:00+09:00,1005.7850751315847,1010.4285888671875,1005.7850751315847,1010.4285888671875,2400,0.0,0.0
2014-06-19 00:00:00+09:00,1016.0009523945921,1016.9296552761228,1013.21484375,1013.21484375,1900,0.0,0.0
2014-06-20 00:00:00+09:00,1012.2859231749578,1013.2146258567697,995.5692749023438,995.5692749023438,4300,0.0,0.0
2014-06-23 00:00:00+09:00,996.4980632267442,1010.4286046511628,996.4980632267442,998.35546875,3000,0.0,0.0
2014-06-24 00:00:00+09:00,999.284338731579,999.284338731579,995.5695270634319,996.4982299804688,1400,0.0,0.0
2014-06-25 00:00:00+09:00,996.4979940801582,1002.0702102632719,996.4979940801582,997.4266967773438,1300,0.0,0.0
2014-06-26 00:00:00+09:00,999.2841070319721,1007.6424313472953,998.3554043302695,1004.8563232421875,1100,0.0,0.0
2014-06-27 00:00:00+09:00,1010.4286172451568,1010.4286172451568,1002.9989950595307,1006.7138061523438,800,0.0,0.0
2014-06-30 00:00:00+09:00,1012.2859743332929,1016.9294879770235,1011.3572716045467,1015.0720825195312,3000,0.0,0.0
2014-07-01 00:00:00+09:00,1021.5729567993722,1021.5729567993722,1016.0007406713755,1016.929443359375,2200,0.0,0.0
2014-07-02 00:00:00+09:00,1021.5730672311394,1022.5017700195312,1010.428633770436,1022.5017700195312,2900,0.0,0.0
2014-07-03 00:00:00+09:00,1023.4304444464084,1031.7887693103082,1021.5730389210972,1026.216552734375,2400,0.0,0.0
2014-07-04 00:00:00+09:00,1026.2165127741382,1039.2183509450322,1026.2165127741382,1035.5035400390625,2400,0.0,0.0
2014-07-07 00:00:00+09:00,1039.218505859375,1040.1472087243076,1036.4323972645777,1039.218505859375,2200,0.0,0.0
2014-07-08 00:00:00+09:00,1039.2184896853319,1039.2184896853319,1035.5036782834181,1037.361083984375,1100,0.0,0.0
2014-07-09 00:00:00+09:00,1031.7887291330926,1035.5035400390625,1030.8600264066004,1035.5035400390625,1400,0.0,0.0
2014-07-10 00:00:00+09:00,1032.7175938197545,1040.147216796875,1032.7175938197545,1040.147216796875,3000,0.0,0.0
2014-07-11 00:00:00+09:00,1031.7887610836306,1041.0757886361384,1024.3591390416243,1025.287841796875,2100,0.0,0.0
2014-07-14 00:00:00+09:00,1028.0740313709746,1035.5036540005751,1024.3592200561743,1034.574951171875,2400,0.0,0.0
2014-07-15 00:00:00+09:00,1041.075887263035,1046.6481043224267,1034.5749673604112,1036.432373046875,3300,0.0,0.0
2014-07-16 00:00:00+09:00,1044.79052734375,1044.79052734375,1040.147013888889,1044.79052734375,800,0.0,0.0
2014-07-17 00:00:00+09:00,1044.7906412688014,1044.7906412688014,1040.1471273076068,1043.8619384765625,500,0.0,0.0
2014-07-18 00:00:00+09:00,1044.79052734375,1044.79052734375,1040.147013888889,1044.79052734375,1600,0.0,0.0
2014-07-22 00:00:00+09:00,1047.5767335916887,1055.93505859375,1044.7906252576684,1055.93505859375,1900,0.0,0.0
2014-07-23 00:00:00+09:00,1049.4341391477024,1055.93505859375,1049.4341391477024,1055.93505859375,900,0.0,0.0
2014-07-24 00:00:00+09:00,1049.4341472498352,1057.792472316427,1049.4341472498352,1056.86376953125,900,0.0,0.0
2014-07-25 00:00:00+09:00,1057.792414846513,1057.792414846513,1049.4340902340296,1050.36279296875,1000,0.0,0.0
2014-07-28 00:00:00+09:00,1058.7211832610842,1058.7211832610842,1049.4341553377415,1057.79248046875,1000,0.0,0.0
2014-07-29 00:00:00+09:00,1057.7926105700042,1058.7213134765625,1046.6481756913035,1058.7213134765625,1500,0.0,0.0
2014-07-30 00:00:00+09:00,1059.6500163831208,1059.6500163831208,1046.6481756913035,1058.7213134765625,1400,0.0,0.0
2014-07-31 00:00:00+09:00,1058.721027928827,1060.5784332409828,1054.0775146484375,1054.0775146484375,1400,0.0,0.0
2014-08-01 00:00:00+09:00,1062.4361411928087,1062.4361411928087,1048.5055973834624,1060.5787353515625,1500,0.0,0.0
2014-08-04 00:00:00+09:00,1060.5785888457528,1060.5785888457528,1042.0045329990671,1057.79248046875,1900,0.0,0.0
2014-08-05 00:00:00+09:00,1056.8636226166711,1056.8636226166711,1035.5034615268792,1054.0775146484375,3000,0.0,0.0
2014-08-06 00:00:00+09:00,1042.9332929494988,1049.4342128521225,1036.432373046875,1036.432373046875,1700,0.0,0.0
2014-08-07 00:00:00+09:00,1037.361075890107,1038.2897787333388,1036.432373046875,1036.432373046875,400,0.0,0.0
2014-08-08 00:00:00+09:00,1055.0064134032766,1055.0064134032766,1034.574951171875,1034.574951171875,800,0.0,0.0
2014-08-11 00:00:00+09:00,1040.147111046123,1042.0045166015625,1040.147111046123,1042.0045166015625,800,0.0,0.0
2014-08-12 00:00:00+09:00,1055.9349596354166,1055.9349596354166,1043.8618246527778,1044.79052734375,900,0.0,0.0
2014-08-13 00:00:00+09:00,1055.9349596354166,1055.9349596354166,1044.79052734375,1044.79052734375,400,0.0,0.0
2014-08-14 00:00:00+09:00,1055.9351239499792,1055.9351239499792,1049.4342041015625,1049.4342041015625,500,0.0,0.0
2014-08-15 00:00:00+09:00,1049.4340902340296,1055.006306642352,1049.4340902340296,1050.36279296875,1000,0.0,0.0
2014-08-18 00:00:00+09:00,1050.3627434895834,1050.3627434895834,1044.79052734375,1044.79052734375,1200,0.0,0.0
2014-08-19 00:00:00+09:00,1044.790657544856,1051.2915771918017,1044.790657544856,1045.7193603515625,800,0.0,0.0
2014-08-20 00:00:00+09:00,1044.7906412688014,1048.5054524377572,1043.8619384765625,1043.8619384765625,1200,0.0,0.0
2014-08-21 00:00:00+09:00,1043.8619384765625,1043.8619384765625,1043.8619384765625,1043.8619384765625,300,0.0,0.0
2014-08-22 00:00:00+09:00,1043.8619547381493,1045.7193603515625,1043.8619547381493,1045.7193603515625,900,0.0,0.0
2014-08-25 00:00:00+09:00,1051.291585358668,1051.291585358668,1046.6480712890625,1046.6480712890625,1100,0.0,0.0
2014-08-26 00:00:00+09:00,1051.2914792543181,1052.2201819745073,1045.719262933182,1048.50537109375,900,0.0,0.0
2014-08-27 00:00:00+09:00,1049.4341797308257,1049.4341797308257,1046.6480712890625,1046.6480712890625,1600,0.0,0.0
2014-08-28 00:00:00+09:00,1048.5054769169046,1049.4341797308257,1046.6480712890625,1046.6480712890625,1000,0.0,0.0
2014-08-29 00:00:00+09:00,1046.648095595098,1049.4342041015625,1046.648095595098,1049.4342041015625,1500,0.0,0.0
2014-09-01 00:00:00+09:00,1049.4342041015625,1049.4342041015625,1047.5767984305862,1049.4342041015625,1400,0.0,0.0
2014-09-02 00:00:00+09:00,1044.790689924122,1051.2916097725388,1044.790689924122,1049.4342041015625,1600,0.0,0.0
2014-09-03 00:00:00+09:00,1050.3630610067378,1053.149169921875,1050.3630610067378,1053.149169921875,1000,0.0,0.0
2014-09-04 00:00:00+09:00,1049.4342202769574,1053.1490316761679,1047.576814577352,1051.2916259765625,1200,0.0,0.0
2014-09-05 00:00:00+09:00,1049.4342041015625,1054.077718279003,1049.4342041015625,1049.4342041015625,1700,0.0,0.0
2014-09-08 00:00:00+09:00,1053.1488846946966,1053.1488846946966,1048.50537109375,1048.50537109375,2000,0.0,0.0
2014-09-09 00:00:00+09:00,1047.5767659649755,1047.5767659649755,1044.790657544856,1045.7193603515625,1500,0.0,0.0
2014-09-10 00:00:00+09:00,1047.57666015625,1047.57666015625,1044.7905520175366,1047.57666015625,800,0.0,0.0
2014-09-11 00:00:00+09:00,1044.790689924122,1049.4342041015625,1044.790689924122,1049.4342041015625,3100,0.0,0.0
2014-09-12 00:00:00+09:00,1049.4340738139394,1054.077587414886,1048.50537109375,1048.50537109375,1900,0.0,0.0
2014-09-16 00:00:00+09:00,1048.505468771682,1049.4341715783887,1045.7193603515625,1045.7193603515625,2300,0.0,0.0
2014-09-17 00:00:00+09:00,1048.50537109375,1054.077587414886,1045.719262933182,1048.50537109375,2300,0.0,0.0
2014-09-18 00:00:00+09:00,1054.077587414886,1059.649803736022,1048.50537109375,1048.50537109375,5000,0.0,0.0
2014-09-19 00:00:00+09:00,1048.5053874993093,1054.0776039076316,1048.5053874993093,1050.36279296875,1700,0.0,0.0
2014-09-22 00:00:00+09:00,1052.2202556053658,1056.86376953125,1052.2202556053658,1056.86376953125,2300,0.0,0.0
2014-09-24 00:00:00+09:00,1058.7213295103163,1060.5787353515625,1056.8639236690701,1060.5787353515625,3200,0.0,0.0
2014-09-25 00:00:00+09:00,1056.8639076634458,1066.1509367290296,1056.8639076634458,1058.7213134765625,6000,0.0,0.0
2014-09-26 00:00:00+09:00,1040.147013888889,1155.3061475694444,1040.147013888889,1044.79052734375,9600,0.0,0.0
2014-09-29 00:00:00+09:00,1045.719254730441,1048.5053628691544,1044.7905520175366,1047.57666015625,1300,0.0,0.0
2014-09-30 00:00:00+09:00,1047.5767659649755,1047.5767659649755,1045.7193603515625,1045.7193603515625,500,0.0,0.0
2014-10-01 00:00:00+09:00,1044.790689924122,1049.4342041015625,1044.790689924122,1049.4342041015625,1800,0.0,0.0
2014-10-02 00:00:00+09:00,1058.721027928827,1058.721027928827,1049.4340013680478,1054.0775146484375,800,0.0,0.0
2014-10-03 00:00:00+09:00,1057.79248046875,1058.7211832610842,1057.79248046875,1057.79248046875,1100,0.0,0.0
2014-10-06 00:00:00+09:00,1058.7211751016036,1058.7211751016036,1055.935066746073,1056.86376953125,2200,0.0,0.0
2014-10-07 00:00:00+09:00,1056.8638754831234,1060.578686996245,1054.0777668482822,1055.0064697265625,2500,0.0,0.0
2014-10-08 00:00:00+09:00,1054.0777668482822,1060.578686996245,1052.2203610917213,1055.0064697265625,1800,0.0,0.0
2014-10-09 00:00:00+09:00,1053.1488119923595,1055.0062173045153,1053.1488119923595,1054.0775146484375,900,0.0,0.0
2014-10-10 00:00:00+09:00,1054.0777345259703,1054.0777345259703,1050.3629231267598,1051.2916259765625,1100,0.0,0.0
2014-10-14 00:00:00+09:00,1051.2914957034704,1052.220198438191,1049.4340902340296,1050.36279296875,1800,0.0,0.0
2014-10-15 00:00:00+09:00,1049.4340902340296,1054.0776039076316,1049.4340902340296,1050.36279296875,3000,0.0,0.0
2014-10-16 00:00:00+09:00,1049.4341797308257,1049.4341797308257,1046.6480712890625,1046.6480712890625,1100,0.0,0.0
2014-10-17 00:00:00+09:00,1045.7193603515625,1046.648063158269,1044.790657544856,1045.7193603515625,700,0.0,0.0
2014-10-20 00:00:00+09:00,1049.4342202769574,1052.2203288263652,1049.4342202769574,1051.2916259765625,700,0.0,0.0
2014-10-21 00:00:00+09:00,1053.149169921875,1055.9352788370122,1053.149169921875,1053.149169921875,600,0.0,0.0
2014-10-22 00:00:00+09:00,1052.2203288263652,1055.9351402255757,1048.5055174271547,1051.2916259765625,2100,0.0,0.0
2014-10-23 00:00:00+09:00,1044.7906656612204,1057.7925050561155,1044.7906656612204,1046.6480712890625,800,0.0,0.0
2014-10-24 00:00:00+09:00,1046.6479975882926,1057.792430570599,1038.2896728515625,1038.2896728515625,2200,0.0,0.0
2014-10-27 00:00:00+09:00,1041.0757411659185,1048.5053628691544,1041.0757411659185,1047.57666015625,1900,0.0,0.0
2014-10-28 00:00:00+09:00,1045.719254730441,1049.434065582059,1045.719254730441,1047.57666015625,600,0.0,0.0
2014-10-29 00:00:00+09:00,1049.4342202769574,1051.2916259765625,1049.4342202769574,1051.2916259765625,500,0.0,0.0
2014-10-30 00:00:00+09:00,1048.5053008237094,1068.008056640625,1047.576598165761,1068.008056640625,1700,0.0,0.0
2014-10-31 00:00:00+09:00,1068.0081045700729,1068.0081045700729,1059.6497802734375,1059.6497802734375,600,0.0,0.0
2014-11-04 00:00:00+09:00,1059.6498778867806,1059.6498778867806,1055.0063639608964,1056.86376953125,4200,0.0,0.0
2014-11-05 00:00:00+09:00,1058.7211751016036,1058.7211751016036,1056.86376953125,1056.86376953125,2100,0.0,0.0
2014-11-06 00:00:00+09:00,1056.8639076634458,1059.6500163831208,1056.8639076634458,1058.7213134765625,1800,0.0,0.0
2014-11-07 00:00:00+09:00,1058.7211751016036,1062.4359862423112,1056.86376953125,1056.86376953125,2200,0.0,0.0
2014-11-10 00:00:00+09:00,1057.792391292275,1062.435904862478,1057.792391292275,1061.5072021484375,1200,0.0,0.0
2014-11-11 00:00:00+09:00,1060.578540336795,1068.0081623356516,1058.7211348370809,1066.1507568359375,3100,0.0,0.0
2014-11-12 00:00:00+09:00,1068.0082683995963,1068.0082683995963,1064.29345703125,1064.29345703125,1300,0.0,0.0
2014-11-13 00:00:00+09:00,1068.0082927069734,1068.0082927069734,1067.07958984375,1067.07958984375,1000,0.0,0.0
2014-11-14 00:00:00+09:00,1068.0083425421465,1068.0083425421465,1058.7213134765625,1058.7213134765625,3100,0.0,0.0
2014-11-17 00:00:00+09:00,1058.7213134765625,1058.7213134765625,1056.8639076634458,1058.7213134765625,2500,0.0,0.0
2014-11-18 00:00:00+09:00,1059.6497967203563,1061.5072021484375,1058.7210940063158,1061.5072021484375,1000,0.0,0.0
2014-11-19 00:00:00+09:00,1063.3648441134317,1067.079655795924,1059.6500324309393,1060.5787353515625,1300,0.0,0.0
2014-11-20 00:00:00+09:00,1060.578669801186,1067.07958984375,1059.6499669379623,1067.07958984375,700,0.0,0.0
2014-11-21 00:00:00+09:00,1068.008056640625,1068.008056640625,1067.0793539826766,1068.008056640625,1800,0.0,0.0
2014-11-25 00:00:00+09:00,1069.86572265625,1071.7231284247505,1068.0083168877495,1069.86572265625,1500,0.0,0.0
2014-11-26 00:00:00+09:00,1072.6517496463443,1076.3665609005307,1072.6517496463443,1074.5091552734375,2600,0.0,0.0
2014-11-27 00:00:00+09:00,1076.3664236737113,1086.5821533203125,1075.4377209785657,1086.5821533203125,3400,0.0,0.0
2014-11-28 00:00:00+09:00,1087.5107919697855,1142.3042477564784,1086.582089329333,1093.0830078125,13500,0.0,0.0
2014-12-01 00:00:00+09:00,1100.5127765202926,1101.4414792852888,1089.3683433403403,1095.8692626953125,4800,0.0,0.0
2014-12-02 00:00:00+09:00,1095.8692216589095,1097.7266271193484,1090.2970052775931,1091.2257080078125,3400,0.0,0.0
2014-12-03 00:00:00+09:00,1092.1543051720475,1101.4413315765719,1092.1543051720475,1093.0830078125,1700,0.0,0.0
2014-12-04 00:00:00+09:00,1093.0831544003245,1106.084993110269,1093.0831544003245,1095.8692626953125,3400,0.0,0.0
2014-12-05 00:00:00+09:00,1105.156307108918,1112.585929341583,1097.726684876253,1111.6572265625,3400,0.0,0.0
2014-12-08 00:00:00+09:00,1111.6572183972617,1112.5859211695235,1109.7998128527383,1110.728515625,1700,0.0,0.0
2014-12-09 00:00:00+09:00,1110.7284182945423,1113.5145263671875,1110.7284182945423,1113.5145263671875,2100,0.0,0.0
2014-12-10 00:00:00+09:00,1110.7285074529289,1112.5859129837866,1105.1562908603557,1109.7998046875,4100,0.0,0.0
2014-12-11 00:00:00+09:00,1109.7996743360357,1109.7996743360357,1106.084863710643,1108.8709716796875,1900,0.0,0.0
2014-12-12 00:00:00+09:00,1108.8711100804767,1110.728515625,1108.8711100804767,1110.728515625,1300,0.0,0.0
2014-12-15 00:00:00+09:00,1114.4433430717863,1120.0155597871453,1112.5859375,1112.5859375,3200,0.0,0.0
2014-12-16 00:00:00+09:00,1115.3720458576795,1117.2294514294658,1112.5859375,1112.5859375,1900,0.0,0.0
2014-12-17 00:00:00+09:00,1114.4435134837001,1118.1583251953125,1114.4435134837001,1118.1583251953125,2300,0.0,0.0
2014-12-18 00:00:00+09:00,1119.08688968906,1119.08688968906,1115.37207843698,1116.30078125,1900,0.0,0.0
2014-12-19 00:00:00+09:00,1117.2295245507974,1120.9443359375,1117.2295245507974,1120.9443359375,2600,0.0,0.0
2014-12-22 00:00:00+09:00,1123.7303385012794,1128.3738522967394,1121.8729329830956,1122.8016357421875,1900,0.0,0.0
2014-12-24 00:00:00+09:00,1133.0173257729184,1133.0173257729184,1129.3025148687448,1132.088623046875,3400,0.0,0.0
2014-12-25 00:00:00+09:00,1142.304451490785,1143.233154296875,1137.6609374603345,1143.233154296875,4700,0.0,0.0
2014-12-26 00:00:00+09:00,1151.59151171875,1160.8785400390625,1142.3044833984375,1160.8785400390625,5600,0.0,0.0
2014-12-29 00:00:00+09:00,1170.1656080831692,1179.45263671875,1169.2369052196111,1179.45263671875,4300,0.0,0.0
2014-12-30 00:00:00+09:00,1179.4525715253646,1187.8108968353868,1179.4525715253646,1185.9534912109375,4900,0.0,0.0
2015-01-05 00:00:00+09:00,1188.7394129672898,1200.8125476302387,1188.7394129672898,1192.4542236328125,4700,0.0,0.0
2015-01-06 00:00:00+09:00,1188.7396653543308,1188.7396653543308,1179.45263671875,1179.45263671875,4800,0.0,0.0
2015-01-07 00:00:00+09:00,1180.3811773300172,1188.739501953125,1180.3811773300172,1188.739501953125,2500,0.0,0.0
2015-01-08 00:00:00+09:00,1196.1690838481104,1198.0264892578125,1189.6681649141533,1198.0264892578125,2000,0.0,0.0
2015-01-09 00:00:00+09:00,1198.0266604993049,1198.0266604993049,1188.7396321233412,1189.6683349609375,2400,0.0,0.0
2015-01-13 00:00:00+09:00,1188.739396450858,1190.5968017578125,1179.4523699160857,1190.5968017578125,4700,0.0,0.0
2015-01-14 00:00:00+09:00,1190.5968676190043,1198.0264892578125,1189.6681649141533,1198.0264892578125,1900,0.0,0.0
2015-01-15 00:00:00+09:00,1198.0266604993049,1198.0266604993049,1188.7396321233412,1189.6683349609375,3700,0.0,0.0
2015-01-16 00:00:00+09:00,1189.6680991043352,1199.8838282925847,1181.30977522304,1190.5968017578125,2800,0.0,0.0
2015-01-19 00:00:00+09:00,1190.5970862091467,1195.2406005859375,1184.0961660816397,1195.2406005859375,2800,0.0,0.0
2015-01-20 00:00:00+09:00,1197.0979576617085,1197.0979576617085,1188.7396321233412,1189.6683349609375,1300,0.0,0.0
2015-01-21 00:00:00+09:00,1188.739396450858,1190.5968017578125,1188.739396450858,1190.5968017578125,1900,0.0,0.0
2015-01-22 00:00:00+09:00,1190.5970377985338,1190.5970377985338,1188.7396321233412,1189.6683349609375,1000,0.0,0.0
2015-01-23 00:00:00+09:00,1186.8819580078125,1189.66806589046,1183.1671474976158,1186.8819580078125,3100,0.0,0.0
2015-01-26 00:00:00+09:00,1184.096101786216,1187.8109130859375,1182.2386961363552,1187.8109130859375,3300,0.0,0.0
2015-01-27 00:00:00+09:00,1187.8106606353615,1187.8106606353615,1184.095850125165,1186.8819580078125,1700,0.0,0.0
2015-01-28 00:00:00+09:00,1182.2385418581496,1186.8820553768383,1181.3098391544117,1184.095947265625,1700,0.0,0.0
2015-01-29 00:00:00+09:00,1186.8819580078125,1186.8819580078125,1183.1671474976158,1186.8819580078125,2200,0.0,0.0
2015-01-30 00:00:00+09:00,1188.739501953125,1193.3830156326294,1185.0246910095216,1188.739501953125,3200,0.0,0.0
2015-02-02 00:00:00+09:00,1192.4544434737265,1197.0979576617085,1188.7396321233412,1189.6683349609375,4200,0.0,0.0
2015-02-03 00:00:00+09:00,1193.3830644200864,1193.3830644200864,1180.3812255859375,1180.3812255859375,5100,0.0,0.0
2015-02-04 00:00:00+09:00,1187.810758080576,1193.3829743030024,1184.095947265625,1184.095947265625,2600,0.0,0.0
2015-02-05 00:00:00+09:00,1188.7395265003897,1191.525634765625,1185.024715480076,1191.525634765625,2500,0.0,0.0
2015-02-06 00:00:00+09:00,1190.5970215607285,1191.525724385659,1187.8109130859375,1187.8109130859375,2000,0.0,0.0
2015-02-09 00:00:00+09:00,1188.7395996476116,1188.7395996476116,1184.096085586488,1185.9534912109375,5600,0.0,0.0
2015-02-10 00:00:00+09:00,1191.5257080842857,1191.5257080842857,1185.9534912109375,1185.9534912109375,900,0.0,0.0
2015-02-12 00:00:00+09:00,1193.3828764006564,1193.3828764006564,1186.8819580078125,1186.8819580078125,1900,0.0,0.0
2015-02-13 00:00:00+09:00,1186.8819580078125,1193.3828764006564,1185.9532553802633,1186.8819580078125,2400,0.0,0.0
2015-02-16 00:00:00+09:00,1189.6681156336704,1194.3116289655738,1187.810710300909,1192.4542236328125,2600,0.0,0.0
2015-02-17 00:00:00+09:00,1193.3829757335575,1198.0264892578125,1193.3829757335575,1198.0264892578125,1800,0.0,0.0
2015-02-18 00:00:00+09:00,1200.8126384720379,1203.5987466819497,1198.026530262126,1202.6700439453125,1600,0.0,0.0
2015-02-19 00:00:00+09:00,1206.3847573490466,1207.3134600105932,1203.5986493644068,1205.4560546875,5200,0.0,0.0
2015-02-20 00:00:00+09:00,1207.313550420168,1215.671875,1204.5274422268908,1215.671875,4100,0.0,0.0
2015-02-23 00:00:00+09:00,1216.6004886903204,1221.2440020059323,1215.6717860271979,1219.3865966796875,2600,0.0,0.0
2015-02-24 00:00:00+09:00,1221.2441732017628,1224.958984375,1219.386767615144,1224.958984375,3000,0.0,0.0
2015-02-25 00:00:00+09:00,1252.8201179245284,1252.8201179245284,1224.959033018868,1230.53125,5800,0.0,0.0
2015-02-26 00:00:00+09:00,1235.1747636937382,1244.4617919921875,1235.1747636937382,1244.4617919921875,4100,0.0,0.0
2015-02-27 00:00:00+09:00,1239.8179711424693,1253.7485101440702,1236.1031607420425,1250.96240234375,6500,0.0,0.0
2015-03-02 00:00:00+09:00,1260.2496988932292,1267.6793212890625,1260.2496988932292,1267.6793212890625,5600,0.0,0.0
2015-03-03 00:00:00+09:00,1292.7541750672044,1295.540283203125,1281.6097425235216,1295.540283203125,5400,0.0,0.0
2015-03-04 00:00:00+09:00,1295.5403315556514,1296.4690343022862,1287.1820068359375,1287.1820068359375,5100,0.0,0.0
2015-03-05 00:00:00+09:00,1287.1821612241456,1295.5404869463803,1287.1821612241456,1290.89697265625,4000,0.0,0.0
2015-03-06 00:00:00+09:00,1279.7524576822916,1282.5385660807292,1272.3228352864583,1281.60986328125,8900,0.0,0.0
2015-03-09 00:00:00+09:00,1282.5385415957471,1289.039461067992,1276.9663249052514,1278.82373046875,4800,0.0,0.0
2015-03-10 00:00:00+09:00,1287.1820068359375,1288.1107095825723,1284.3958985960328,1287.1820068359375,2700,0.0,0.0
2015-03-11 00:00:00+09:00,1288.1106122252409,1290.8967202545673,1285.3245041959144,1289.968017578125,5200,0.0,0.0
2015-03-12 00:00:00+09:00,1258.39227711376,1271.3941161392895,1255.6061687511465,1265.8218994140625,43000,0.0,0.0
2015-03-13 00:00:00+09:00,1266.7506590014825,1274.1802816349225,1265.8219561723026,1272.3228759765625,14600,0.0,0.0
2015-03-16 00:00:00+09:00,1272.3227947443183,1276.96630859375,1272.3227947443183,1276.96630859375,7700,0.0,0.0
2015-03-17 00:00:00+09:00,1276.037492086721,1281.6097082093704,1274.1800867125046,1277.8948974609375,7100,0.0,0.0
2015-03-18 00:00:00+09:00,1277.8948169351918,1282.538330078125,1276.9661143066053,1282.538330078125,6600,0.0,0.0
2015-03-19 00:00:00+09:00,1281.6097576400823,1284.3958658088652,1278.8236494712996,1283.4671630859375,6400,0.0,0.0
2015-03-20 00:00:00+09:00,1283.4671876762748,1288.1107013798794,1281.609782194833,1286.2532958984375,5200,0.0,0.0
2015-03-23 00:00:00+09:00,1289.9680587352605,1294.611572265625,1289.0393560291875,1294.611572265625,8300,0.0,0.0
2015-03-24 00:00:00+09:00,1298.3263913390458,1300.1837967629929,1293.682877779178,1295.540283203125,11200,0.0,0.0
2015-03-25 00:00:00+09:00,1295.5405674525668,1300.18408203125,1294.6118645368304,1300.18408203125,9700,0.0,0.0
2015-03-26 00:00:00+09:00,1300.1840164412313,1317.8293709500765,1298.326610703458,1306.6849365234375,15300,0.0,0.0
2015-03-27 00:00:00+09:00,1269.0280487107568,1279.3836188411858,1221.957275390625,1221.957275390625,23800,19.0,0.0
2015-03-30 00:00:00+09:00,1228.5473641983824,1256.789832340874,1228.5473641983824,1253.024169921875,9900,0.0,0.0
2015-03-31 00:00:00+09:00,1265.2624195685087,1265.2624195685087,1243.60986328125,1243.60986328125,3800,0.0,0.0
2015-04-01 00:00:00+09:00,1242.6685884488722,1242.6685884488722,1229.4887700865356,1241.7271728515625,3400,0.0,0.0
2015-04-02 00:00:00+09:00,1242.6684941346884,1244.5513251864077,1230.4300922985135,1238.90283203125,3800,0.0,0.0
2015-04-03 00:00:00+09:00,1242.6685884488722,1244.5514196434917,1237.0200948650138,1241.7271728515625,2500,0.0,0.0
2015-04-06 00:00:00+09:00,1240.7857292971705,1247.3756383298567,1240.7857292971705,1244.5513916015625,3500,0.0,0.0
2015-04-07 00:00:00+09:00,1244.5514480900817,1251.141357421875,1243.6100324712543,1251.141357421875,3200,0.0,0.0
2015-04-08 00:00:00+09:00,1248.3172041059613,1259.6141923784135,1248.3172041059613,1253.9656982421875,3100,0.0,0.0
2015-04-09 00:00:00+09:00,1263.3797227383018,1263.3797227383018,1248.3170732868764,1254.906982421875,3800,0.0,0.0
2015-04-10 00:00:00+09:00,1256.7900105976737,1262.4385050273263,1254.907179121123,1259.6142578125,1900,0.0,0.0
2015-04-13 00:00:00+09:00,1258.6726635503733,1259.6140791551231,1251.1413387123757,1253.024169921875,4600,0.0,0.0
2015-04-14 00:00:00+09:00,1252.0827356497327,1257.7312291940173,1252.0827356497327,1254.906982421875,2300,0.0,0.0
2015-04-15 00:00:00+09:00,1254.9070575987616,1255.8484732458726,1247.375732421875,1247.375732421875,2000,0.0,0.0
2015-04-16 00:00:00+09:00,1245.4929011276533,1247.375732421875,1243.6100698334315,1247.375732421875,3200,0.0,0.0
2015-04-17 00:00:00+09:00,1247.375732421875,1247.375732421875,1243.6100698334315,1247.375732421875,2400,0.0,0.0
2015-04-20 00:00:00+09:00,1242.6684201520015,1246.43408203125,1242.6684201520015,1246.43408203125,2500,0.0,0.0
2015-04-21 00:00:00+09:00,1246.4342227537586,1246.4342227537586,1244.5513916015625,1244.5513916015625,1700,0.0,0.0
2015-04-22 00:00:00+09:00,1244.5512787720004,1244.5512787720004,1242.6684477904996,1243.60986328125,5000,0.0,0.0
2015-04-23 00:00:00+09:00,1242.6686541863207,1252.0828106574293,1242.6686541863207,1247.375732421875,4200,0.0,0.0
2015-04-24 00:00:00+09:00,1242.6684864015508,1253.0240571215636,1242.6684864015508,1252.0826416015625,3500,0.0,0.0
2015-04-27 00:00:00+09:00,1252.0826026980033,1254.9068491702544,1242.6684477904996,1243.60986328125,3600,0.0,0.0
2015-04-28 00:00:00+09:00,1243.60986328125,1251.1411872072529,1243.60986328125,1243.60986328125,2500,0.0,0.0
2015-04-30 00:00:00+09:00,1243.609994691791,1248.3170726429332,1242.6685791015625,1242.6685791015625,2300,0.0,0.0
2015-05-01 00:00:00+09:00,1242.6685884488722,1245.4928352408015,1241.7271728515625,1241.7271728515625,2300,0.0,0.0
2015-05-07 00:00:00+09:00,1239.8442013182485,1243.60986328125,1238.902785827498,1243.60986328125,2900,0.0,0.0
2015-05-08 00:00:00+09:00,1243.6098356218135,1247.375497501062,1243.6098356218135,1246.43408203125,1500,0.0,0.0
2015-05-11 00:00:00+09:00,1246.4342227537586,1246.4342227537586,1244.5513916015625,1244.5513916015625,800,0.0,0.0
2015-05-12 00:00:00+09:00,1244.5515042605584,1245.492919921875,1243.6100885992419,1245.492919921875,1600,0.0,0.0
2015-05-13 00:00:00+09:00,1248.3169407350017,1248.3169407350017,1242.6684477904996,1243.60986328125,1000,0.0,0.0
2015-05-14 00:00:00+09:00,1243.6100885992419,1247.3757512445084,1243.6100885992419,1245.492919921875,1700,0.0,0.0
2015-05-15 00:00:00+09:00,1247.3755252442515,1247.3755252442515,1243.60986328125,1243.60986328125,1900,0.0,0.0
2015-05-18 00:00:00+09:00,1243.6100885992419,1247.3757512445084,1243.6100885992419,1245.492919921875,2000,0.0,0.0
2015-05-19 00:00:00+09:00,1245.4928071776606,1247.3756383298567,1244.5513916015625,1244.5513916015625,1300,0.0,0.0
2015-05-20 00:00:00+09:00,1247.375497501062,1247.375497501062,1244.5512510916258,1246.43408203125,1400,0.0,0.0
2015-05-21 00:00:00+09:00,1247.375732421875,1248.3171480689857,1246.434316774764,1247.375732421875,1400,0.0,0.0
2015-05-22 00:00:00+09:00,1247.375732421875,1249.2585637160967,1245.4929011276533,1247.375732421875,1500,0.0,0.0
2015-05-25 00:00:00+09:00,1247.3757512445084,1249.2585825671415,1245.492919921875,1245.492919921875,3400,0.0,0.0
2015-05-26 00:00:00+09:00,1247.375591769646,1252.0826694744371,1246.4341762286879,1249.2584228515625,3800,0.0,0.0
2015-05-27 00:00:00+09:00,1249.258395041559,1257.7311347215696,1249.258395041559,1252.0826416015625,2900,0.0,0.0
2015-05-28 00:00:00+09:00,1259.6141923784135,1259.6141923784135,1252.0828668634454,1253.9656982421875,4000,0.0,0.0
2015-05-29 00:00:00+09:00,1253.965557504451,1255.848388671875,1251.1413107533149,1255.848388671875,3000,0.0,0.0
2015-06-01 00:00:00+09:00,1254.9071139315586,1255.8485296209294,1253.9656982421875,1253.9656982421875,2200,0.0,0.0
2015-06-02 00:00:00+09:00,1255.8485948593984,1265.2627522421524,1255.8485948593984,1259.6142578125,3400,0.0,0.0
2015-06-03 00:00:00+09:00,1259.6140982660559,1265.2625919802533,1255.848435789924,1263.3797607421875,2800,0.0,0.0
2015-06-04 00:00:00+09:00,1260.5555793015117,1276.559645655601,1260.5555793015117,1269.0283203125,6400,0.0,0.0
2015-06-05 00:00:00+09:00,1266.2040733088372,1270.9111516482753,1266.2040733088372,1269.0283203125,2300,0.0,0.0
2015-06-08 00:00:00+09:00,1275.6181640625,1276.5595796817345,1272.793917204797,1275.6181640625,2300,0.0,0.0
2015-06-09 00:00:00+09:00,1278.4423921679256,1282.2080545896279,1275.6181453516488,1277.5009765625,5700,0.0,0.0
2015-06-10 00:00:00+09:00,1278.442410920203,1283.1494890163747,1275.6181640625,1275.6181640625,3500,0.0,0.0
2015-06-11 00:00:00+09:00,1276.5594947752822,1279.383741445139,1271.8524169921875,1271.8524169921875,2800,0.0,0.0
2015-06-12 00:00:00+09:00,1270.911114032452,1272.7939453125,1269.9696983924277,1272.7939453125,2200,0.0,0.0
2015-06-15 00:00:00+09:00,1273.7352399553572,1289.7393043154761,1271.8524088541667,1285.0322265625,8500,0.0,0.0
2015-06-16 00:00:00+09:00,1285.0324147017961,1285.9738303902222,1278.4425048828125,1278.4425048828125,2700,0.0,0.0
2015-06-17 00:00:00+09:00,1289.7393417638684,1289.7393417638684,1276.559523672851,1281.2666015625,5500,0.0,0.0
2015-06-18 00:00:00+09:00,1283.1493861811402,1287.856463900073,1281.266555093567,1285.9736328125,1600,0.0,0.0
2015-06-19 00:00:00+09:00,1289.7392281924976,1289.7392281924976,1275.6179957670324,1280.3250732421875,4600,0.0,0.0
2015-06-22 00:00:00+09:00,1285.032245190985,1286.91507631947,1282.2079984982577,1283.1494140625,2300,0.0,0.0
2015-06-23 00:00:00+09:00,1284.0908296267426,1287.8564918837124,1283.1494140625,1283.1494140625,3100,0.0,0.0
2015-06-24 00:00:00+09:00,1284.0908004636688,1284.0908004636688,1273.7352294921875,1273.7352294921875,3400,0.0,0.0
2015-06-25 00:00:00+09:00,1273.7352294921875,1280.325138292221,1273.7352294921875,1273.7352294921875,2400,0.0,0.0
2015-06-26 00:00:00+09:00,1273.7352584200753,1284.0908296267426,1273.7352584200753,1283.1494140625,2200,0.0,0.0
2015-06-29 00:00:00+09:00,1270.9110014355686,1279.383741445139,1270.9110014355686,1271.8524169921875,5600,0.0,0.0
2015-06-30 00:00:00+09:00,1270.9109828636017,1273.7352294921875,1269.0281517778778,1273.7352294921875,2400,0.0,0.0
2015-07-01 00:00:00+09:00,1273.7352399553572,1285.0322265625,1272.7938244047618,1285.0322265625,2900,0.0,0.0
2015-07-02 00:00:00+09:00,1285.0321507173426,1294.4463056676527,1280.3250732421875,1280.3250732421875,6100,0.0,0.0
2015-07-03 00:00:00+09:00,1289.7393794330324,1294.4464574601602,1276.5595609570744,1277.5009765625,3400,0.0,0.0
2015-07-06 00:00:00+09:00,1277.5008916636352,1294.4463714351498,1272.7938139493256,1273.7352294921875,4200,0.0,0.0
2015-07-07 00:00:00+09:00,1274.6765618905447,1292.5634560381964,1274.6765618905447,1282.2078857421875,3400,0.0,0.0
2015-07-08 00:00:00+09:00,1281.26647128578,1290.680626107865,1204.0704017446824,1232.3128662109375,16000,0.0,0.0
2015-07-09 00:00:00+09:00,1224.7816481300636,1270.9110107421875,1205.0119212962964,1270.9110107421875,11100,0.0,0.0
2015-07-10 00:00:00+09:00,1275.6180885597512,1280.3251663773149,1254.906946162471,1270.9110107421875,2900,0.0,0.0
2015-07-13 00:00:00+09:00,1275.6179957670324,1280.3250732421875,1275.6179957670324,1280.3250732421875,1800,0.0,0.0
2015-07-14 00:00:00+09:00,1281.2666394310277,1289.7393798828125,1275.6181457965042,1289.7393798828125,3100,0.0,0.0
2015-07-15 00:00:00+09:00,1294.4464204613298,1294.4464204613298,1285.9736802546738,1293.5050048828125,4400,0.0,0.0
2015-07-16 00:00:00+09:00,1293.5049769582313,1296.3292236328125,1288.7978991672624,1296.3292236328125,1700,0.0,0.0
2015-07-17 00:00:00+09:00,1297.270751953125,1297.270751953125,1285.9737642728364,1297.270751953125,1000,0.0,0.0
2015-07-21 00:00:00+09:00,1297.2705540445193,1297.2705540445193,1292.5634765625,1292.5634765625,1300,0.0,0.0
2015-07-22 00:00:00+09:00,1294.446392516425,1297.2706391910062,1289.739314725456,1296.3292236328125,1000,0.0,0.0
2015-07-23 00:00:00+09:00,1302.9191512784091,1307.6262291370738,1291.6221644176137,1294.4464111328125,4300,0.0,0.0
2015-07-24 00:00:00+09:00,1300.0948300971902,1301.9776611328125,1300.0948300971902,1301.9776611328125,1400,0.0,0.0
2015-07-27 00:00:00+09:00,1301.9776704073297,1302.919085931847,1300.0948393582953,1301.0362548828125,1500,0.0,0.0
2015-07-28 00:00:00+09:00,1299.153386896307,1304.8018798828125,1293.5048939098012,1304.8018798828125,2000,0.0,0.0
2015-07-29 00:00:00+09:00,1307.6261356505247,1309.5089666593806,1301.9776426239564,1303.8604736328125,1800,0.0,0.0
2015-07-30 00:00:00+09:00,1303.8606050524409,1313.2747610455992,1300.0949426551774,1302.919189453125,2400,0.0,0.0
2015-07-31 00:00:00+09:00,1312.3333832229393,1314.21621447577,1299.153564453125,1299.153564453125,1200,0.0,0.0
2015-08-03 00:00:00+09:00,1314.2160551908107,1315.157470703125,1304.8019000676672,1315.157470703125,2200,0.0,0.0
2015-08-04 00:00:00+09:00,1315.157547137257,1332.10302734375,1313.2747160032022,1332.10302734375,8200,0.0,0.0
2015-08-05 00:00:00+09:00,1336.8101162380642,1365.0525834825303,1333.044453938802,1355.638427734375,9700,0.0,0.0
2015-08-06 00:00:00+09:00,1359.4040986177463,1364.1111765215473,1342.4586181640625,1342.4586181640625,1700,0.0,0.0
2015-08-07 00:00:00+09:00,1341.5171362648548,1353.755538209727,1336.81005859375,1336.81005859375,2700,0.0,0.0
2015-08-10 00:00:00+09:00,1334.9272355015892,1347.1656375195869,1322.6888334835915,1323.6302490234375,5400,0.0,0.0
2015-08-11 00:00:00+09:00,1319.8644998439186,1325.5129927105831,1296.3291128994836,1307.6260986328125,8700,0.0,0.0
2015-08-12 00:00:00+09:00,1302.9191512784091,1309.5090602805399,1292.5635799893466,1294.4464111328125,4100,0.0,0.0
2015-08-13 00:00:00+09:00,1296.329142223519,1317.040283203125,1293.5048957263,1317.040283203125,2400,0.0,0.0
2015-08-14 00:00:00+09:00,1317.0405179268973,1336.8102469308035,1303.8606985909598,1317.98193359375,3800,0.0,0.0
2015-08-17 00:00:00+09:00,1331.161497019428,1332.1029125052976,1317.9816802172554,1318.923095703125,1700,0.0,0.0
2015-08-18 00:00:00+09:00,1329.2789864946706,1335.868896484375,1319.8648293665215,1335.868896484375,2300,0.0,0.0
2015-08-19 00:00:00+09:00,1335.8687364943485,1335.8687364943485,1327.39599609375,1327.39599609375,1000,0.0,0.0
2015-08-20 00:00:00+09:00,1334.9271589629059,1334.9271589629059,1318.923095703125,1318.923095703125,2700,0.0,0.0
2015-08-21 00:00:00+09:00,1315.1576012381672,1317.9818480554288,1289.7393798828125,1289.7393798828125,8900,0.0,0.0
2015-08-24 00:00:00+09:00,1275.6182018352004,1299.1535930129717,1228.547419479658,1247.375732421875,13000,0.0,0.0
2015-08-25 00:00:00+09:00,1223.8402945863688,1299.1535434839916,1181.4765920814561,1227.60595703125,10600,0.0,0.0
2015-08-26 00:00:00+09:00,1252.0827552160097,1280.3252233787766,1252.0827552160097,1277.5009765625,3400,0.0,0.0
2015-08-27 00:00:00+09:00,1299.153434501659,1316.0989140821152,1285.0322015179452,1312.333251953125,2600,0.0,0.0
2015-08-28 00:00:00+09:00,1317.9817061992328,1319.864537208089,1303.8604736328125,1303.8604736328125,3200,0.0,0.0
2015-08-31 00:00:00+09:00,1303.8605963143498,1317.0404146164442,1278.4423753031674,1316.0989990234375,2800,0.0,0.0
2015-09-01 00:00:00+09:00,1316.0988357898802,1316.0988357898802,1289.7392024550327,1295.3876953125,2200,0.0,0.0
2015-09-02 00:00:00+09:00,1275.6180813525498,1311.3918725639128,1274.676665794356,1296.3292236328125,2900,0.0,0.0
2015-09-03 00:00:00+09:00,1296.3291128994836,1307.6260986328125,1296.3291128994836,1307.6260986328125,2900,0.0,0.0
2015-09-04 00:00:00+09:00,1307.6261397464568,1307.6261397464568,1261.4967798849907,1266.203857421875,7600,0.0,0.0
2015-09-07 00:00:00+09:00,1261.4969864473999,1261.4969864473999,1212.5433720479484,1233.2545166015625,7800,0.0,0.0
2015-09-08 00:00:00+09:00,1224.7817090422739,1232.3130339249321,1182.418006577322,1190.8907470703125,8400,0.0,0.0
2015-09-09 00:00:00+09:00,1222.898907108394,1250.1999604618532,1201.2463475522022,1237.0201416015625,6700,0.0,0.0
2015-09-10 00:00:00+09:00,1237.0199621852883,1237.0199621852883,1226.6643917255942,1230.4300537109375,2100,0.0,0.0
2015-09-11 00:00:00+09:00,1250.199867356956,1258.672607421875,1246.4342051058807,1258.672607421875,2100,0.0,0.0
2015-09-14 00:00:00+09:00,1257.7313045400942,1257.7313045400942,1247.375732421875,1247.375732421875,2200,0.0,0.0
2015-09-15 00:00:00+09:00,1247.3756949465646,1254.9070198971854,1245.4928637089095,1251.141357421875,1400,0.0,0.0
2015-09-16 00:00:00+09:00,1257.731201171875,1261.4968634508327,1253.9655388929173,1257.731201171875,1300,0.0,0.0
2015-09-17 00:00:00+09:00,1261.4969482421875,1267.1454420402868,1259.6141169761545,1261.4969482421875,2200,0.0,0.0
2015-09-18 00:00:00+09:00,1261.4970224911406,1278.4425048828125,1261.4970224911406,1278.4425048828125,1900,0.0,0.0
2015-09-24 00:00:00+09:00,1270.9110673245211,1284.090885800479,1270.9110673245211,1277.5009765625,3300,0.0,0.0
2015-09-25 00:00:00+09:00,1277.500911410603,1284.0908203125,1271.8524180661198,1284.0908203125,4000,0.0,0.0
2015-09-28 00:00:00+09:00,1255.848388671875,1264.3211289252836,1254.9069730881629,1255.848388671875,3300,0.0,0.0
2015-09-29 00:00:00+09:00,1254.906888161566,1260.555381281573,1247.3755640015565,1252.0826416015625,2800,0.0,0.0
2015-09-30 00:00:00+09:00,1248.3169795215579,1257.7311347215696,1248.3169795215579,1252.0826416015625,900,0.0,0.0
2015-10-01 00:00:00+09:00,1252.082791912022,1261.4969482421875,1252.082791912022,1261.4969482421875,2200,0.0,0.0
2015-10-02 00:00:00+09:00,1261.496994969399,1269.0283203125,1261.496994969399,1269.0283203125,500,0.0,0.0
2015-10-05 00:00:00+09:00,1270.9109828636017,1274.6766450350494,1269.0281517778778,1273.7352294921875,2000,0.0,0.0
2015-10-06 00:00:00+09:00,1276.5594773746338,1285.9736328125,1275.6180618308474,1285.9736328125,3000,0.0,0.0
2015-10-07 00:00:00+09:00,1285.9735662123735,1286.9149817074046,1280.3250732421875,1280.3250732421875,1700,0.0,0.0
2015-10-08 00:00:00+09:00,1273.7353328240315,1287.8565671125461,1271.8525015855628,1275.6181640625,2900,0.0,0.0
2015-10-09 00:00:00+09:00,1280.3251580828446,1285.9736514273277,1280.3251580828446,1284.0908203125,1400,0.0,0.0
2015-10-13 00:00:00+09:00,1287.8564175328227,1290.6806640625,1285.0321710031455,1290.6806640625,1800,0.0,0.0
2015-10-14 00:00:00+09:00,1294.4463447030223,1294.4463447030223,1282.2079428985573,1288.7978515625,1500,0.0,0.0
2015-10-15 00:00:00+09:00,1297.2706391910062,1305.7433792147501,1289.739314725456,1296.3292236328125,2200,0.0,0.0
2015-10-16 00:00:00+09:00,1296.329083150154,1303.8604067995377,1296.329083150154,1298.2119140625,700,0.0,0.0
2015-10-19 00:00:00+09:00,1304.8018521994802,1307.6260986328125,1301.977605766148,1307.6260986328125,2000,0.0,0.0
2015-10-20 00:00:00+09:00,1307.626333376658,1308.5677490234375,1302.919255142761,1308.5677490234375,1500,0.0,0.0
2015-10-21 00:00:00+09:00,1299.1533111196597,1307.6260501052227,1299.1533111196597,1300.0947265625,900,0.0,0.0
2015-10-22 00:00:00+09:00,1294.4464863210485,1301.977811332371,1294.4464863210485,1299.153564453125,1000,0.0,0.0
2015-10-23 00:00:00+09:00,1299.1534898741445,1308.56764559787,1299.1534898741445,1306.684814453125,1300,0.0,0.0
2015-10-26 00:00:00+09:00,1306.684683155035,1308.5675141105899,1297.270528377261,1307.6260986328125,3300,0.0,0.0
2015-10-27 00:00:00+09:00,1309.5090898723902,1317.981830209451,1300.0949339423228,1316.0989990234375,2000,0.0,0.0
2015-10-28 00:00:00+09:00,1316.0989168408892,1336.81005859375,1316.0989168408892,1336.81005859375,4800,0.0,0.0
2015-10-29 00:00:00+09:00,1336.8100876174606,1364.111138702606,1325.5131009615384,1346.2242431640625,6500,0.0,0.0
2015-10-30 00:00:00+09:00,1256.7898794320913,1336.8102088341345,1256.7898794320913,1333.9859619140625,16700,0.0,0.0
2015-11-02 00:00:00+09:00,1333.9857809494117,1333.9857809494117,1313.2746396784964,1315.157470703125,2500,0.0,0.0
2015-11-04 00:00:00+09:00,1331.1617529296875,1331.1617529296875,1313.2748552594865,1317.98193359375,2200,0.0,0.0
2015-11-05 00:00:00+09:00,1318.9231142012711,1326.454438193855,1316.098867704052,1317.040283203125,4700,0.0,0.0
2015-11-06 00:00:00+09:00,1317.9818680037313,1324.57177734375,1317.0404523837287,1324.57177734375,2200,0.0,0.0
2015-11-09 00:00:00+09:00,1325.5130041042112,1327.3958350759501,1317.9816802172554,1318.923095703125,1700,0.0,0.0
2015-11-10 00:00:00+09:00,1311.391854998709,1311.391854998709,1308.5676083619567,1310.450439453125,1100,0.0,0.0
2015-11-11 00:00:00+09:00,1316.098867704052,1317.981698702198,1314.216036705906,1317.040283203125,900,0.0,0.0
2015-11-12 00:00:00+09:00,1317.9817835943068,1322.688861392858,1317.9817835943068,1320.8060302734375,1600,0.0,0.0
2015-11-13 00:00:00+09:00,1326.4544195900808,1326.4544195900808,1315.1574337596471,1318.923095703125,1500,0.0,0.0
2015-11-16 00:00:00+09:00,1313.274658203125,1321.7473979334677,1299.1534253192203,1313.274658203125,4400,0.0,0.0
2015-11-17 00:00:00+09:00,1313.274658203125,1316.0989047799058,1308.5675805751569,1313.274658203125,1300,0.0,0.0
2015-11-18 00:00:00+09:00,1307.626165049563,1317.0403203054996,1307.626165049563,1313.274658203125,1100,0.0,0.0
2015-11-19 00:00:00+09:00,1309.5090053563822,1314.2160830176201,1308.5675898241348,1312.333251953125,500,0.0,0.0
2015-11-20 00:00:00+09:00,1317.040329614363,1318.923160678858,1308.5675898241348,1312.333251953125,2800,0.0,0.0
2015-11-24 00:00:00+09:00,1317.9817358310931,1318.9231513566867,1312.3332426775312,1313.274658203125,3300,0.0,0.0
2015-11-25 00:00:00+09:00,1314.216064453125,1318.9231420478711,1314.216064453125,1314.216064453125,1300,0.0,0.0
2015-11-26 00:00:00+09:00,1315.1575184017738,1322.6888427734375,1315.1575184017738,1322.6888427734375,3300,0.0,0.0
2015-11-27 00:00:00+09:00,1326.4544677734375,1327.3958832935039,1318.923143612907,1326.4544677734375,2700,0.0,0.0
2015-11-30 00:00:00+09:00,1327.3958555226961,1332.1029330245497,1326.4544400223253,1329.2786865234375,2700,0.0,0.0
2015-12-01 00:00:00+09:00,1330.2201130041915,1344.3413456263168,1330.2201130041915,1340.57568359375,3200,0.0,0.0
2015-12-02 00:00:00+09:00,1347.1656505975698,1365.0525460282852,1347.1656505975698,1359.404052734375,4900,0.0,0.0
2015-12-03 00:00:00+09:00,1365.052659189825,1365.052659189825,1354.6970872925226,1360.3455810546875,5000,0.0,0.0
2015-12-04 00:00:00+09:00,1352.8141254092648,1361.286865234375,1346.2242166564013,1361.286865234375,2800,0.0,0.0
2015-12-07 00:00:00+09:00,1365.0525851594475,1383.8808966788881,1365.0525851594475,1380.115234375,5100,0.0,0.0
2015-12-08 00:00:00+09:00,1369.7597011443106,1412.1234032415573,1369.7597011443106,1400.826416015625,6300,0.0,0.0
2015-12-09 00:00:00+09:00,1393.2950911983366,1400.826416015625,1377.291025961599,1400.826416015625,5600,0.0,0.0
2015-12-10 00:00:00+09:00,1375.4080982762252,1387.646500245829,1360.3454496982515,1361.286865234375,6800,0.0,0.0
2015-12-11 00:00:00+09:00,1361.2868451586999,1361.2868451586999,1333.9857950137466,1350.9312744140625,4100,0.0,0.0
2015-12-14 00:00:00+09:00,1330.220224866365,1341.5172119140625,1328.337393691749,1341.5172119140625,3000,0.0,0.0
2015-12-15 00:00:00+09:00,1334.92748077156,1359.404289304748,1334.92748077156,1335.868896484375,3200,0.0,0.0
2015-12-16 00:00:00+09:00,1334.9272225157854,1374.4666748046875,1334.9272225157854,1374.4666748046875,3300,0.0,0.0
2015-12-17 00:00:00+09:00,1358.4627592548902,1371.642578125,1350.931434186256,1371.642578125,1400,0.0,0.0
2015-12-18 00:00:00+09:00,1577.8124165430268,1637.12159449184,1543.9214577151336,1586.28515625,73300,0.0,0.0
2015-12-21 00:00:00+09:00,1572.1638206060677,1586.2850525276792,1489.319259999281,1534.5072021484375,36300,0.0,0.0
2015-12-22 00:00:00+09:00,1539.2143801001484,1589.1094028189912,1539.2143801001484,1586.28515625,16600,0.0,0.0
2015-12-24 00:00:00+09:00,1590.9923403862224,1637.1217041015625,1567.4569507355386,1637.1217041015625,27000,0.0,0.0
2015-12-25 00:00:00+09:00,1637.1217041015625,1637.1217041015625,1637.1217041015625,1637.1217041015625,0,0.0,0.0
2015-12-28 00:00:00+09:00,1882.8311011904761,1984.5039806547618,1826.346168154762,1976.97265625,67100,0.0,0.0
2015-12-29 00:00:00+09:00,2014.6293239676475,2056.993024705285,1916.7221044851076,1947.788818359375,55800,0.0,0.0
2015-12-30 00:00:00+09:00,1989.2111865084596,2005.2152518992043,1807.5179735429447,1841.408935546875,39100,0.0,0.0
2016-01-04 00:00:00+09:00,1882.83095941311,1944.022965594036,1882.83095941311,1929.9017333984375,36700,0.0,0.0
2016-01-05 00:00:00+09:00,1939.3160799522673,1976.9727028639618,1863.061418556086,1972.265625,24200,0.0,0.0
2016-01-06 00:00:00+09:00,1976.9726389350622,1991.0938720703125,1920.4877063940603,1991.0938720703125,22200,0.0,0.0
2016-01-07 00:00:00+09:00,1997.6836845188698,2162.431396484375,1997.6836845188698,2162.431396484375,41700,0.0,0.0
2016-01-08 00:00:00+09:00,2158.6659595544256,2165.2558687200953,2043.813256952751,2164.314453125,44100,0.0,0.0
2016-01-12 00:00:00+09:00,2056.051625504032,2067.348612457351,1840.4674578115307,1896.952392578125,64300,0.0,0.0
2016-01-13 00:00:00+09:00,1915.7807299555564,1915.7807299555564,1717.1420400191325,1845.174560546875,43800,0.0,0.0
2016-01-14 00:00:00+09:00,1769.8612589407358,1769.8612589407358,1715.2591562712876,1727.49755859375,33600,0.0,0.0
2016-01-15 00:00:00+09:00,1741.618794026649,1793.3966500652791,1741.618794026649,1751.974365234375,20300,0.0,0.0
2016-01-18 00:00:00+09:00,1724.6733338859417,1774.568359375,1684.192464149536,1774.568359375,13500,0.0,0.0
2016-01-19 00:00:00+09:00,1774.5685076678242,1906.36669921875,1774.5685076678242,1906.36669921875,22800,0.0,0.0
2016-01-20 00:00:00+09:00,1864.9440723751509,1887.53804397384,1803.7520659620338,1804.6934814453125,17700,0.0,0.0
2016-01-21 00:00:00+09:00,1774.56815435617,1873.4167783388746,1772.6853234231662,1783.0408935546875,20700,0.0,0.0
2016-01-22 00:00:00+09:00,1763.271247369886,1948.7301025390625,1763.271247369886,1948.7301025390625,25000,0.0,0.0
2016-01-25 00:00:00+09:00,1901.6594311141787,2006.156558269463,1901.6594311141787,1987.3282470703125,16700,0.0,0.0
2016-01-26 00:00:00+09:00,1892.2451944746208,1910.1320893477641,1845.1744184926652,1909.190673828125,26300,0.0,0.0
2016-01-27 00:00:00+09:00,1929.9020076976103,2000.5081787109375,1912.0151110409008,2000.5081787109375,28800,0.0,0.0
2016-01-28 00:00:00+09:00,1976.0311678563098,2212.3264623450827,1976.0311678563098,2207.619384765625,111400,0.0,0.0
2016-01-29 00:00:00+09:00,2144.544635597899,2311.1751889345223,2119.1264155973968,2198.205322265625,106800,0.0,0.0
2016-02-01 00:00:00+09:00,1915.7807236998126,2028.750594384814,1893.1867495628123,1907.3079833984375,54800,0.0,0.0
2016-02-02 00:00:00+09:00,1876.2410703883731,1927.0775068163573,1874.358239409559,1878.1239013671875,19300,0.0,0.0
2016-02-03 00:00:00+09:00,1915.7806815809874,1916.722097149332,1818.8148780415077,1849.881591796875,14300,0.0,0.0
2016-02-04 00:00:00+09:00,1817.8734174409485,1818.8148329859723,1765.154146919616,1767.9783935546875,17800,0.0,0.0
2016-02-05 00:00:00+09:00,1730.3216583964822,1742.5600596800264,1679.4852222956063,1692.6650390625,21600,0.0,0.0
2016-02-08 00:00:00+09:00,1691.723905123197,1780.2169752854568,1660.6571890024038,1713.37646484375,12300,0.0,0.0
2016-02-09 00:00:00+09:00,1712.4348816516697,1712.4348816516697,1626.7660667916907,1631.47314453125,9500,0.0,0.0
2016-02-10 00:00:00+09:00,1673.83683594309,1673.83683594309,1629.5903054091611,1644.6529541015625,6600,0.0,0.0
2016-02-12 00:00:00+09:00,1633.3560682396785,1638.0631462461329,1597.582275390625,1597.582275390625,10700,0.0,0.0
2016-02-15 00:00:00+09:00,1705.8449370524318,1708.6691836369557,1647.4771743056046,1659.715576171875,5800,0.0,0.0
2016-02-16 00:00:00+09:00,1638.0628918340249,1693.6064036835694,1638.0628918340249,1672.895263671875,6400,0.0,0.0
2016-02-17 00:00:00+09:00,1741.6189623215375,1742.5603779768464,1686.07543865831,1735.029052734375,7000,0.0,0.0
2016-02-18 00:00:00+09:00,1735.0288562743747,1774.5683093202367,1735.0288562743747,1742.5601806640625,5000,0.0,0.0
2016-02-19 00:00:00+09:00,1774.5683472803237,1774.5683472803237,1736.9117245263644,1738.7945556640625,3600,0.0,0.0
2016-02-22 00:00:00+09:00,1732.2046559706798,1741.618811709651,1709.6106821971493,1737.8531494140625,4500,0.0,0.0
2016-02-23 00:00:00+09:00,1737.8531595318386,1768.9198736513135,1711.493523309254,1749.150146484375,4900,0.0,0.0
2016-02-24 00:00:00+09:00,1769.8612032893407,1779.275358625986,1729.3803353417652,1745.3843994140625,5900,0.0,0.0
2016-02-25 00:00:00+09:00,1745.3844113027624,1788.6895261463044,1745.3844113027624,1768.9197998046875,3100,0.0,0.0
2016-02-26 00:00:00+09:00,1788.689528738107,1794.3380219867536,1776.4511266993725,1793.3966064453125,4600,0.0,0.0
2016-02-29 00:00:00+09:00,1805.6349321546054,1805.6349321546054,1780.2167136101973,1788.689453125,6800,0.0,0.0
2016-03-01 00:00:00+09:00,1788.6895648503707,1800.9279671361892,1766.0955913996293,1777.392578125,2800,0.0,0.0
2016-03-02 00:00:00+09:00,1782.0998621712884,1805.63525390625,1768.9200427997098,1805.63525390625,7500,0.0,0.0
2016-03-03 00:00:00+09:00,1804.6936981153808,1832.9361660045104,1799.9866201338593,1819.75634765625,8800,0.0,0.0
2016-03-04 00:00:00+09:00,1802.810792091971,1818.8148565648503,1796.2208831913738,1815.0491943359375,3500,0.0,0.0
2016-03-07 00:00:00+09:00,1812.2250035947866,1817.8734971124848,1797.1623542142586,1809.4007568359375,2800,0.0,0.0
2016-03-08 00:00:00+09:00,1816.9320068359375,1816.9320068359375,1796.220864789103,1816.9320068359375,3900,0.0,0.0
2016-03-09 00:00:00+09:00,1798.1038630657117,1815.9907601328575,1798.1038630657117,1799.9866943359375,2000,0.0,0.0
2016-03-10 00:00:00+09:00,1807.5179094498217,1848.9401948747134,1807.5179094498217,1847.998779296875,4400,0.0,0.0
2016-03-11 00:00:00+09:00,1862.1199287584782,1862.1199287584782,1834.81887823573,1856.471435546875,3600,0.0,0.0
2016-03-14 00:00:00+09:00,1880.9481179648144,1880.9481179648144,1860.2369775267632,1868.709716796875,3600,0.0,0.0
2016-03-15 00:00:00+09:00,1882.8311767578125,1885.6554235229491,1874.3584364624023,1882.8311767578125,5600,0.0,0.0
2016-03-16 00:00:00+09:00,1882.831214186185,1884.714045400371,1878.1241361507196,1879.0655517578125,3700,0.0,0.0
2016-03-17 00:00:00+09:00,1883.7724516694243,1888.4795292598028,1882.8310361513488,1884.7138671875,4000,0.0,0.0
2016-03-18 00:00:00+09:00,1884.7140738429243,1892.2453988133257,1877.182748872523,1888.479736328125,4700,0.0,0.0
2016-03-22 00:00:00+09:00,1892.2454183177235,1960.02734375,1892.2454183177235,1960.02734375,6500,0.0,0.0
2016-03-23 00:00:00+09:00,1959.0856731322654,1959.0856731322654,1944.0230249966976,1948.7301025390625,2600,0.0,0.0
2016-03-24 00:00:00+09:00,1949.6716580059117,1949.6716580059117,1912.0150349637888,1934.6090087890625,4600,0.0,0.0
2016-03-25 00:00:00+09:00,1948.7301944346912,1948.7301944346912,1912.956403425745,1927.07763671875,4700,0.0,0.0
2016-03-28 00:00:00+09:00,1914.839217296049,1944.0230991722424,1914.839217296049,1941.1988525390625,8200,0.0,0.0
2016-03-29 00:00:00+09:00,1894.594836796059,1938.3455207782974,1894.594836796059,1912.665771484375,9300,21.0,0.0
2016-03-30 00:00:00+09:00,1916.4703596930317,1917.4214616085121,1854.648735186805,1860.3553466796875,5100,0.0,0.0
2016-03-31 00:00:00+09:00,1859.4040949087457,1877.4750298464778,1815.6534103226575,1825.1644287109375,4900,0.0,0.0
2016-04-01 00:00:00+09:00,1801.386924958032,1801.386924958032,1726.2498779296875,1726.2498779296875,8600,0.0,0.0
2016-04-04 00:00:00+09:00,1711.9832668743154,1758.5872558058938,1711.9832668743154,1736.7119140625,4500,0.0,0.0
2016-04-05 00:00:00+09:00,1745.2718665951588,1800.4357730052511,1721.49432072874,1740.516357421875,4500,0.0,0.0
2016-04-06 00:00:00+09:00,1740.5163896162433,1755.7340192522322,1723.3965562757555,1731.00537109375,1100,0.0,0.0
2016-04-07 00:00:00+09:00,1774.756096608491,1774.756096608491,1731.956512285135,1748.125244140625,1800,0.0,0.0
2016-04-08 00:00:00+09:00,1748.1251560637347,1751.9295633674642,1716.7387958079657,1745.2718505859375,3400,0.0,0.0
2016-04-11 00:00:00+09:00,1775.707305726058,1775.707305726058,1734.8099226804122,1752.880859375,1600,0.0,0.0
2016-04-12 00:00:00+09:00,1734.8097803776682,1750.027410030104,1731.0053729645592,1737.6630859375,2000,0.0,0.0
2016-04-13 00:00:00+09:00,1759.538446742371,1759.538446742371,1727.2009833968357,1739.5653076171875,1100,0.0,0.0
2016-04-14 00:00:00+09:00,1731.00537109375,1731.00537109375,1713.8855377532625,1731.00537109375,3800,0.0,0.0
2016-04-15 00:00:00+09:00,1731.0054034659875,1731.0054034659875,1721.494384765625,1721.494384765625,1300,0.0,0.0
2016-04-18 00:00:00+09:00,1716.7388556785943,1721.4943649741028,1711.9833463830857,1712.9344482421875,2500,0.0,0.0
2016-04-19 00:00:00+09:00,1712.934414205953,1725.2987381285946,1712.934414205953,1715.7877197265625,1400,0.0,0.0
2016-04-20 00:00:00+09:00,1715.7877017073042,1716.738803537519,1711.9832943864456,1713.885498046875,1500,0.0,0.0
2016-04-21 00:00:00+09:00,1721.494391672759,1748.125244140625,1721.494391672759,1748.125244140625,3100,0.0,0.0
2016-04-22 00:00:00+09:00,1718.6410348880802,1757.636210555159,1718.6410348880802,1749.0762939453125,1600,0.0,0.0
2016-04-25 00:00:00+09:00,1714.8367266380321,1757.636312161444,1714.8367266380321,1733.8587646484375,2400,0.0,0.0
2016-04-26 00:00:00+09:00,1719.592291779707,1754.783063237588,1719.592291779707,1752.880859375,1400,0.0,0.0
2016-04-27 00:00:00+09:00,1752.8807552347985,1754.782958984375,1728.1521064903031,1754.782958984375,2000,0.0,0.0
2016-04-28 00:00:00+09:00,1753.8318975601603,1800.4358904996657,1724.3477387616979,1778.560546875,5300,0.0,0.0
2016-05-02 00:00:00+09:00,1782.364743739957,1801.3867794255489,1763.3427080543652,1775.70703125,3100,0.0,0.0
2016-05-06 00:00:00+09:00,1759.5383233360578,1807.0934131559513,1759.5383233360578,1790.9246826171875,4200,0.0,0.0
2016-05-09 00:00:00+09:00,1754.7829739552624,1835.6266340019818,1754.7829739552624,1814.702392578125,3300,0.0,0.0
2016-05-10 00:00:00+09:00,1797.5824811483167,1848.941980609697,1797.5824811483167,1845.1375732421875,3200,0.0,0.0
2016-05-11 00:00:00+09:00,1854.6486647585605,1872.7196004664643,1781.4138200475813,1788.071533203125,3900,0.0,0.0
2016-05-12 00:00:00+09:00,1788.0715204754147,1811.8490672902474,1781.4138073672616,1806.1424560546875,2700,0.0,0.0
2016-05-13 00:00:00+09:00,1781.4138073672616,1828.9689009969268,1759.5384642976155,1806.1424560546875,2900,0.0,0.0
2016-05-16 00:00:00+09:00,1759.5384520211483,1828.9688882360367,1759.5384520211483,1824.21337890625,2400,0.0,0.0
2016-05-17 00:00:00+09:00,1811.849229951895,1858.453225892915,1806.142618204015,1836.577880859375,4000,0.0,0.0
2016-05-18 00:00:00+09:00,1813.7512744957405,1845.137636351199,1813.7512744957405,1819.4578857421875,800,0.0,0.0
2016-05-19 00:00:00+09:00,1843.235299561428,1866.0617428996502,1816.604449000169,1844.1864013671875,2100,0.0,0.0
2016-05-20 00:00:00+09:00,1854.6486585821954,1854.6486585821954,1824.2133985439234,1832.7733154296875,1400,0.0,0.0
2016-05-23 00:00:00+09:00,1831.8221902286305,1831.8221902286305,1808.995745490579,1810.89794921875,1700,0.0,0.0
2016-05-24 00:00:00+09:00,1807.093611589567,1811.84912109375,1797.5825925812007,1811.84912109375,2300,0.0,0.0
2016-05-25 00:00:00+09:00,1797.5824494813724,1810.8978750330862,1787.1203294050258,1796.63134765625,1600,0.0,0.0
2016-05-26 00:00:00+09:00,1793.7781997253448,1805.1914226292176,1793.7781997253448,1800.4359130859375,800,0.0,0.0
2016-05-27 00:00:00+09:00,1789.973634880393,1799.4846531316173,1788.0714312301482,1796.63134765625,700,0.0,0.0
2016-05-30 00:00:00+09:00,1796.631365666624,1798.5335693359375,1792.826958327997,1798.5335693359375,1300,0.0,0.0
2016-05-31 00:00:00+09:00,1788.0715170134283,1792.8270263671875,1788.0715170134283,1792.8270263671875,600,0.0,0.0
2016-06-01 00:00:00+09:00,1716.7389859858247,1758.5874709627644,1716.7389859858247,1752.880859375,8100,0.0,0.0
2016-06-02 00:00:00+09:00,1753.8317831070697,1753.8317831070697,1740.516357421875,1740.516357421875,2500,0.0,0.0
2016-06-03 00:00:00+09:00,1740.5164779520792,1799.4847957843356,1732.9076627479171,1733.8587646484375,3500,0.0,0.0
2016-06-06 00:00:00+09:00,1723.3965954204639,1795.6803378332427,1723.3965954204639,1748.125244140625,3100,0.0,0.0
2016-06-07 00:00:00+09:00,1748.1253497185296,1770.0006941382935,1739.5654323368828,1752.880859375,1600,0.0,0.0
2016-06-08 00:00:00+09:00,1778.5605110258407,1778.5605110258407,1750.9785565767768,1774.756103515625,700,0.0,0.0
2016-06-09 00:00:00+09:00,1738.6144143300514,1755.7342499197346,1735.7611083984375,1735.7611083984375,10500,0.0,0.0
2016-06-10 00:00:00+09:00,1757.6362393465909,1757.6362393465909,1726.2498779296875,1726.2498779296875,4300,0.0,0.0
2016-06-13 00:00:00+09:00,1728.152065537002,1731.00537109375,1702.4723155262707,1731.00537109375,11800,0.0,0.0
2016-06-14 00:00:00+09:00,1721.4944173177082,1721.4944173177082,1696.7657682291665,1711.9833984375,4400,0.0,0.0
2016-06-15 00:00:00+09:00,1635.895320307768,1635.895320307768,1570.269287109375,1570.269287109375,37000,0.0,0.0
2016-06-16 00:00:00+09:00,1616.8731762989457,1632.090806193524,1569.3180828783884,1578.8291015625,48800,0.0,0.0
2016-06-17 00:00:00+09:00,1635.8951235539143,1635.8951235539143,1594.9977454650666,1633.992919921875,15400,0.0,0.0
2016-06-20 00:00:00+09:00,1635.8952079665494,1688.205810546875,1635.8952079665494,1688.205810546875,9200,0.0,0.0
2016-06-21 00:00:00+09:00,1688.2057483548203,1688.2057483548203,1616.8731111003913,1655.8682861328125,7200,0.0,0.0
2016-06-22 00:00:00+09:00,1630.1884767005886,1681.5479736328125,1588.3399977187764,1681.5479736328125,9700,0.0,0.0
2016-06-23 00:00:00+09:00,1659.6727962361747,1688.2058529049914,1616.8732112329496,1647.3084716796875,7300,0.0,0.0
2016-06-24 00:00:00+09:00,1663.4772418108525,1663.4772418108525,1474.2079615819448,1501.7899169921875,23600,0.0,0.0
2016-06-27 00:00:00+09:00,1531.274020551255,1567.415891843769,1531.274020551255,1560.7581787109375,5000,0.0,0.0
2016-06-28 00:00:00+09:00,1540.7850862801113,1588.3401815356701,1532.2251691341105,1539.833984375,8500,0.0,0.0
2016-06-29 00:00:00+09:00,1588.3399345761254,1605.4597662062872,1541.735948471796,1597.8509521484375,10300,0.0,0.0
2016-06-30 00:00:00+09:00,1597.8512743930548,1605.4600899854026,1541.7362593994892,1547.44287109375,11500,0.0,0.0
2016-07-01 00:00:00+09:00,1595.9488439571496,1609.2642693536932,1564.5624840938683,1569.3179931640625,10100,0.0,0.0
2016-07-04 00:00:00+09:00,1572.1714145568237,1615.9221012293065,1572.1714145568237,1614.0198974609375,4400,0.0,0.0
2016-07-05 00:00:00+09:00,1635.8951768207282,1697.716796875,1635.8951768207282,1697.716796875,13500,0.0,0.0
2016-07-06 00:00:00+09:00,1697.7169396944134,1710.0812647454093,1620.67768360744,1628.2864990234375,11300,0.0,0.0
2016-07-07 00:00:00+09:00,1632.090852940907,1653.0150946452777,1607.3622036539236,1622.579833984375,5100,0.0,0.0
2016-07-08 00:00:00+09:00,1610.215432337088,1610.215432337088,1594.997802734375,1594.997802734375,2200,0.0,0.0
2016-07-11 00:00:00+09:00,1594.997802734375,1594.997802734375,1594.997802734375,1594.997802734375,0,0.0,0.0
2016-07-12 00:00:00+09:00,1625.4331150100454,1625.4331150100454,1593.0956510484646,1594.0467529296875,2300,0.0,0.0
2016-07-13 00:00:00+09:00,1597.851140354827,1667.2815768107214,1597.851140354827,1650.1617431640625,5200,0.0,0.0
2016-07-14 00:00:00+09:00,1649.2104917464717,1649.2104917464717,1599.7531990297377,1621.6285400390625,6000,0.0,0.0
2016-07-15 00:00:00+09:00,1610.215352623208,1610.215352623208,1521.7628849362864,1567.415771484375,15400,0.0,0.0
2016-07-19 00:00:00+09:00,1603.557642265389,1603.557642265389,1559.8069592617069,1574.073486328125,3500,0.0,0.0
2016-07-20 00:00:00+09:00,1556.0025974888051,1556.9536993210108,1539.8338663413053,1553.1492919921875,2800,0.0,0.0
2016-07-21 00:00:00+09:00,1553.1493279346987,1570.2691613105862,1547.4427168094028,1556.9537353515625,5500,0.0,0.0
2016-07-22 00:00:00+09:00,1573.122501368622,1573.122501368622,1552.1982601170441,1554.1004638671875,2400,0.0,0.0
2016-07-25 00:00:00+09:00,1577.8779761443143,1577.8779761443143,1555.0515316431306,1556.9537353515625,3200,0.0,0.0
2016-07-26 00:00:00+09:00,1556.9536748471467,1556.9536748471467,1521.7629076086955,1531.27392578125,4500,0.0,0.0
2016-07-27 00:00:00+09:00,1526.5184506200899,1541.736080034371,1526.5184506200899,1528.420654296875,4400,0.0,0.0
2016-07-28 00:00:00+09:00,1528.4206684555006,1537.9316869275324,1503.6920204282183,1517.0074462890625,9700,0.0,0.0
2016-07-29 00:00:00+09:00,1521.762862404943,1530.3227785059707,1500.838623046875,1500.838623046875,5500,0.0,0.0
2016-08-01 00:00:00+09:00,1497.985421582527,1515.1052549720416,1493.2299123076618,1498.9365234375,4600,0.0,0.0
2016-08-02 00:00:00+09:00,1508.4476124068644,1508.4476124068644,1494.1810839162572,1499.8876953125,3000,0.0,0.0
2016-08-03 00:00:00+09:00,1509.3986217792217,1509.3986217792217,1483.7188720703125,1483.7188720703125,4300,0.0,0.0
2016-08-04 00:00:00+09:00,1493.2298176558977,1493.2298176558977,1472.3055781728212,1476.1099853515625,4400,0.0,0.0
2016-08-05 00:00:00+09:00,1509.3985481655475,1509.3985481655475,1475.1588835568773,1476.1099853515625,4300,0.0,0.0
2016-08-08 00:00:00+09:00,1476.1099853515625,1476.1099853515625,1470.4033745834508,1476.1099853515625,2400,0.0,0.0
2016-08-09 00:00:00+09:00,1474.2078893324908,1510.3497601677389,1469.4523800120635,1487.5233154296875,5200,0.0,0.0
2016-08-10 00:00:00+09:00,1507.4965254811052,1507.4965254811052,1483.7189777605831,1488.4744873046875,2900,0.0,0.0
2016-08-12 00:00:00+09:00,1507.4964563866317,1507.4964563866317,1483.7189097559278,1494.1810302734375,2900,0.0,0.0
2016-08-15 00:00:00+09:00,1500.8387233914852,1500.8387233914852,1485.62109375,1485.62109375,3100,0.0,0.0
2016-08-16 00:00:00+09:00,1484.6699918974073,1502.740927096671,1484.6699918974073,1485.62109375,2300,0.0,0.0
2016-08-17 00:00:00+09:00,1485.6211474671657,1491.3277587890625,1483.7189436932,1491.3277587890625,2500,0.0,0.0
2016-08-18 00:00:00+09:00,1488.4744190820686,1497.034335869122,1483.7189097559278,1494.1810302734375,2200,0.0,0.0
2016-08-19 00:00:00+09:00,1494.1810808041425,1494.1810808041425,1483.7189599328215,1486.572265625,1200,0.0,0.0
2016-08-22 00:00:00+09:00,1485.6211117015166,1497.0343340705422,1483.7189079733455,1487.5233154296875,2800,0.0,0.0
2016-08-23 00:00:00+09:00,1487.5232794345955,1487.5232794345955,1469.452344454252,1483.7188720703125,3900,0.0,0.0
2016-08-24 00:00:00+09:00,1470.4035302513719,1490.376670054269,1469.4524283559958,1473.2568359375,2800,0.0,0.0
2016-08-25 00:00:00+09:00,1473.2567398413053,1473.2567398413053,1442.821481174474,1443.7725830078125,7600,0.0,0.0
2016-08-26 00:00:00+09:00,1440.9193636089208,1449.479280620459,1436.1638541580662,1439.96826171875,3800,0.0,0.0
2016-08-29 00:00:00+09:00,1455.1858050078743,1455.1858050078743,1439.9681756744585,1443.7725830078125,2300,0.0,0.0
2016-08-30 00:00:00+09:00,1455.1858231393915,1455.1858231393915,1445.6748046875,1445.6748046875,1700,0.0,0.0
2016-08-31 00:00:00+09:00,1445.6748388060316,1445.6748388060316,1436.1638201296762,1442.821533203125,2700,0.0,0.0
2016-09-01 00:00:00+09:00,1440.9193456740607,1444.7237531873916,1426.65281749907,1438.0660400390625,5400,0.0,0.0
2016-09-02 00:00:00+09:00,1438.0660400390625,1443.7726513090588,1438.0660400390625,1438.0660400390625,3400,0.0,0.0
2016-09-05 00:00:00+09:00,1437.114918437864,1440.9193258989833,1427.6038997850653,1429.506103515625,7500,0.0,0.0
2016-09-06 00:00:00+09:00,1435.2127344040643,1445.6748550657242,1435.2127344040643,1438.0660400390625,2800,0.0,0.0
2016-09-07 00:00:00+09:00,1438.066025621309,1455.185859259658,1438.066025621309,1449.479248046875,4000,0.0,0.0
2016-09-08 00:00:00+09:00,1445.6747748251464,1461.843505859375,1445.6747748251464,1461.843505859375,2500,0.0,0.0
2016-09-09 00:00:00+09:00,1482.7677702292417,1486.5721775935247,1464.6968352488982,1483.7188720703125,4300,0.0,0.0
2016-09-12 00:00:00+09:00,1478.9633724009357,1517.0074462890625,1478.9633724009357,1517.0074462890625,5100,0.0,0.0
2016-09-13 00:00:00+09:00,1520.8117629571668,1521.762864747634,1499.8875235668868,1507.496337890625,4100,0.0,0.0
2016-09-14 00:00:00+09:00,1517.0073581101308,1517.9584599020493,1507.496340190945,1514.154052734375,2600,0.0,0.0
2016-09-15 00:00:00+09:00,1514.1540480929184,1514.1540480929184,1496.0831141018596,1500.838623046875,2500,0.0,0.0
2016-09-16 00:00:00+09:00,1500.838834286937,1515.105363129969,1500.838834286937,1510.349853515625,2700,0.0,0.0
2016-09-20 00:00:00+09:00,1514.1542433056825,1515.1053452173066,1504.6432241894408,1508.4476318359375,3600,0.0,0.0
2016-09-21 00:00:00+09:00,1508.4476332918923,1515.1053466796875,1502.7410218166392,1515.1053466796875,3400,0.0,0.0
2016-09-23 00:00:00+09:00,1515.1051906499647,1520.8118015375353,1508.4474779477991,1517.95849609375,7300,0.0,0.0
2016-09-26 00:00:00+09:00,1518.9097543298562,1518.9097543298562,1508.4476332918923,1515.1053466796875,8600,0.0,0.0
2016-09-27 00:00:00+09:00,1518.909807826669,1520.81201171875,1507.496584474183,1520.81201171875,11000,0.0,0.0
2016-09-28 00:00:00+09:00,1519.8608699347799,1519.8608699347799,1432.3594931926025,1497.034423828125,9000,0.0,0.0
2016-09-29 00:00:00+09:00,1497.0343717447915,1501.7898811848956,1474.2079264322915,1497.9854736328125,4500,0.0,0.0
2016-09-30 00:00:00+09:00,1496.083366847521,1496.083366847521,1436.1639440176457,1456.1370849609375,8600,0.0,0.0
2016-10-03 00:00:00+09:00,1473.2566935749796,1474.2077953784496,1462.79457373681,1464.69677734375,2200,0.0,0.0
2016-10-04 00:00:00+09:00,1469.4523800120635,1488.474417293773,1468.501278147978,1487.5233154296875,2200,0.0,0.0
2016-10-05 00:00:00+09:00,1484.670182725764,1484.670182725764,1473.25695902768,1479.9146728515625,2800,0.0,0.0
2016-10-06 00:00:00+09:00,1479.9144627459957,1492.2787866635394,1465.64793514883,1477.0611572265625,5300,0.0,0.0
2016-10-07 00:00:00+09:00,1468.5011529737903,1476.1099672379032,1455.1857280115926,1474.207763671875,4300,0.0,0.0
2016-10-11 00:00:00+09:00,1478.9634473097562,1493.229975740397,1465.6480207744917,1473.2568359375,7500,0.0,0.0
2016-10-12 00:00:00+09:00,1473.2568359375,1476.1101416236281,1465.6480207744917,1473.2568359375,5100,0.0,0.0
2016-10-13 00:00:00+09:00,1474.2079586723744,1491.3277930311503,1467.550245310628,1488.4744873046875,4400,0.0,0.0
2016-10-14 00:00:00+09:00,1495.1321795311492,1495.1321795311492,1468.5013264606198,1473.2568359375,3700,0.0,0.0
2016-10-17 00:00:00+09:00,1497.9854304374849,1497.9854304374849,1467.5501708984375,1467.5501708984375,5100,0.0,0.0
2016-10-18 00:00:00+09:00,1466.5990690378424,1480.8655969467707,1464.6968653166518,1467.5501708984375,6900,0.0,0.0
2016-10-19 00:00:00+09:00,1482.7678368635616,1483.718938747374,1468.5013086063752,1471.3546142578125,2000,0.0,0.0
2016-10-20 00:00:00+09:00,1478.9632568359375,1482.7676639274769,1471.3544426528588,1478.9632568359375,4700,0.0,0.0
2016-10-21 00:00:00+09:00,1483.7188720703125,1490.3765849578076,1478.963362864959,1483.7188720703125,4500,0.0,0.0
2016-10-24 00:00:00+09:00,1493.2299789067497,1493.2299789067497,1467.5502276771433,1486.572265625,7500,0.0,0.0
2016-10-25 00:00:00+09:00,1486.572175624673,1493.2298885033504,1464.696833309019,1477.0611572265625,9300,0.0,0.0
2016-10-26 00:00:00+09:00,1474.2079199092498,1480.8656330959368,1462.7946973035007,1471.3546142578125,13000,0.0,0.0
2016-10-27 00:00:00+09:00,1483.7189747793761,1483.7189747793761,1472.3057518964579,1475.1590576171875,4800,0.0,0.0
2016-10-28 00:00:00+09:00,1475.158955500676,1505.594214414939,1459.9413260435447,1483.7188720703125,28700,0.0,0.0
2016-10-31 00:00:00+09:00,1493.2299266142004,1502.740945255055,1483.7189079733455,1487.5233154296875,6400,0.0,0.0
2016-11-01 00:00:00+09:00,1500.838797211874,1502.7410010106214,1488.4744725200144,1499.8876953125,5200,0.0,0.0
2016-11-02 00:00:00+09:00,1496.0831141018596,1506.5452337808936,1496.0831141018596,1500.838623046875,4900,0.0,0.0
2016-11-04 00:00:00+09:00,1501.7898975542396,1501.7898975542396,1490.3766747735867,1493.22998046875,5400,0.0,0.0
2016-11-07 00:00:00+09:00,1490.376621021944,1493.2299266142004,1484.670009837431,1487.5233154296875,6200,0.0,0.0
2016-11-08 00:00:00+09:00,1481.816562154592,1489.425376337671,1475.1588497443981,1478.9632568359375,5500,0.0,0.0
2016-11-09 00:00:00+09:00,1478.9634242626505,1478.9634242626505,1445.674858443234,1451.3814697265625,8400,0.0,0.0
2016-11-10 00:00:00+09:00,1489.4255862208354,1489.4255862208354,1464.696936641179,1475.1590576171875,4700,0.0,0.0
2016-11-11 00:00:00+09:00,1475.159145281582,1478.012451171875,1472.3058393912886,1478.012451171875,4300,0.0,0.0
2016-11-14 00:00:00+09:00,1469.452392578125,1479.9145131725325,1469.452392578125,1469.452392578125,6900,0.0,0.0
2016-11-15 00:00:00+09:00,1469.4523566145158,1469.4523566145158,1458.99023627616,1465.64794921875,4900,0.0,0.0
2016-11-16 00:00:00+09:00,1466.5991404549989,1477.061261431007,1459.9414271066298,1475.1590576171875,5300,0.0,0.0
2016-11-17 00:00:00+09:00,1469.4523585119912,1474.207867762839,1466.5990529614826,1472.3056640625,3100,0.0,0.0
2016-11-18 00:00:00+09:00,1471.3545963225627,1474.2079019392193,1466.5990869614684,1469.452392578125,3400,0.0,0.0
2016-11-21 00:00:00+09:00,1471.354649989548,1475.1590576171875,1467.5502423619087,1475.1590576171875,4300,0.0,0.0
2016-11-22 00:00:00+09:00,1474.207766023904,1481.8165803001566,1472.305562454841,1480.865478515625,2400,0.0,0.0
2016-11-24 00:00:00+09:00,1483.7187838692196,1490.3764963609406,1478.0121731620302,1480.865478515625,4900,0.0,0.0
2016-11-25 00:00:00+09:00,1493.2298764139034,1495.132080078125,1485.6210617570173,1495.132080078125,5500,0.0,0.0
2016-11-28 00:00:00+09:00,1502.7408289382886,1519.8606611666994,1498.9364217764196,1507.496337890625,7000,0.0,0.0
2016-11-29 00:00:00+09:00,1510.349674419218,1560.7580703538645,1510.349674419218,1549.3448486328125,16600,0.0,0.0
2016-11-30 00:00:00+09:00,1561.7092968630616,1568.3670100652794,1549.3449723446574,1556.002685546875,13700,0.0,0.0
2016-12-01 00:00:00+09:00,1560.7582443773856,1560.7582443773856,1523.6652696481242,1541.7362060546875,8800,0.0,0.0
2016-12-02 00:00:00+09:00,1541.7362060546875,1554.1005309644413,1536.980696474013,1541.7362060546875,7600,0.0,0.0
2016-12-05 00:00:00+09:00,1541.7360414586271,1541.7360414586271,1512.2518852061796,1517.95849609375,7900,0.0,0.0
2016-12-06 00:00:00+09:00,1519.860683843838,1530.3228036950784,1517.9584802345214,1522.7139892578125,4200,0.0,0.0
2016-12-07 00:00:00+09:00,1521.7628670697236,1523.6650706535606,1512.2518491505377,1514.154052734375,7600,0.0,0.0
2016-12-08 00:00:00+09:00,1521.7629843650543,1523.6651880955105,1494.1810302734375,1494.1810302734375,9700,0.0,0.0
2016-12-09 00:00:00+09:00,1497.034423828125,1508.4476468814523,1494.181118064793,1497.034423828125,8200,0.0,0.0
2016-12-12 00:00:00+09:00,1498.9364240636778,1521.7628670697236,1498.9364240636778,1514.154052734375,7600,0.0,0.0
2016-12-13 00:00:00+09:00,1520.8118716856802,1548.3938255811677,1515.1052605348896,1518.90966796875,6300,0.0,0.0
2016-12-14 00:00:00+09:00,1541.7362545316407,1541.7362545316407,1512.2520942043855,1520.81201171875,9900,0.0,0.0
2016-12-15 00:00:00+09:00,1538.8827745191934,1538.8827745191934,1528.420654296875,1528.420654296875,3700,0.0,0.0
2016-12-16 00:00:00+09:00,1518.9096359129492,1532.2250616504452,1512.2519230442012,1528.420654296875,10400,0.0,0.0
2016-12-19 00:00:00+09:00,1535.078387118802,1537.9316926710676,1529.3717760142713,1536.9805908203125,5600,0.0,0.0
2016-12-20 00:00:00+09:00,1536.0295069144004,1540.785016223733,1530.3228957432013,1538.8828125,9200,0.0,0.0
2016-12-21 00:00:00+09:00,1540.784998223333,1542.6872019248433,1536.0294889695574,1536.9805908203125,7400,0.0,0.0
2016-12-22 00:00:00+09:00,1518.909791332825,1533.1763203685123,1518.909791332825,1525.5675048828125,9400,0.0,0.0
2016-12-26 00:00:00+09:00,1533.176145407418,1533.176145407418,1521.7629234813082,1526.5184326171875,8700,0.0,0.0
2016-12-27 00:00:00+09:00,1521.762939453125,1521.762939453125,1517.007430267334,1521.762939453125,9500,0.0,0.0
2016-12-28 00:00:00+09:00,1521.7629234813082,1531.2739417530665,1519.8607198269567,1526.5184326171875,5700,0.0,0.0
2016-12-29 00:00:00+09:00,1526.51855620202,1536.0295752437771,1523.6652504894928,1533.17626953125,4300,0.0,0.0
2016-12-30 00:00:00+09:00,1521.7630304962893,1537.9317626953125,1521.7630304962893,1537.9317626953125,3900,0.0,0.0
2017-01-04 00:00:00+09:00,1537.931678565773,1554.100409880317,1537.931678565773,1548.393798828125,6000,0.0,0.0
2017-01-05 00:00:00+09:00,1549.3449870142445,1549.3449870142445,1538.8828661688442,1544.5894775390625,5300,0.0,0.0
2017-01-06 00:00:00+09:00,1554.1004477053461,1562.660364491973,1546.4916327839003,1558.85595703125,6300,0.0,0.0
2017-01-10 00:00:00+09:00,1569.318009118541,1569.318009118541,1560.7580927051672,1564.5625,7300,0.0,0.0
2017-01-11 00:00:00+09:00,1569.318009118541,1569.318009118541,1550.295972644377,1564.5625,9100,0.0,0.0
2017-01-12 00:00:00+09:00,1565.513776124829,1565.513776124829,1556.9538587584113,1563.611572265625,3800,0.0,0.0
2017-01-13 00:00:00+09:00,1562.660436114906,1568.3670475675472,1559.8071303885854,1566.46484375,4000,0.0,0.0
2017-01-16 00:00:00+09:00,1568.3668934851435,1580.7312170844805,1568.3668934851435,1575.9757080078125,4800,0.0,0.0
2017-01-17 00:00:00+09:00,1575.9758464083545,1575.9758464083545,1570.2692350152042,1571.2203369140625,3300,0.0,0.0
2017-01-18 00:00:00+09:00,1569.3180811167197,1578.8290997901543,1569.3180811167197,1572.17138671875,5400,0.0,0.0
2017-01-19 00:00:00+09:00,1578.8292058155532,1580.7314096779817,1575.9759000219108,1576.927001953125,2400,0.0,0.0
2017-01-20 00:00:00+09:00,1580.731341141921,1594.9978694915771,1575.0247298020583,1582.633544921875,6400,0.0,0.0
2017-01-23 00:00:00+09:00,1594.9978333254894,1594.9978333254894,1578.8291015625,1578.8291015625,3600,0.0,0.0
2017-01-24 00:00:00+09:00,1594.0466607331223,1594.0466607331223,1577.8779296875,1577.8779296875,5300,0.0,0.0
2017-01-25 00:00:00+09:00,1580.7312891504787,1586.4379003026465,1578.8290854330894,1583.5845947265625,4600,0.0,0.0
2017-01-26 00:00:00+09:00,1588.340049775844,1588.340049775844,1575.0246242088608,1577.8779296875,5800,0.0,0.0
2017-01-27 00:00:00+09:00,1590.242411000717,1590.242411000717,1574.0736783529826,1575.0247802734375,5400,0.0,0.0
2017-01-30 00:00:00+09:00,1583.5845043724037,1583.5845043724037,1571.2201809148414,1574.073486328125,7000,0.0,0.0
2017-01-31 00:00:00+09:00,1574.0735043771451,1581.6823188998142,1572.171300746478,1575.9757080078125,3900,0.0,0.0
2017-02-01 00:00:00+09:00,1570.2692350152042,1574.0736426106378,1569.3181331163457,1571.2203369140625,7200,0.0,0.0
2017-02-02 00:00:00+09:00,1569.3181119513104,1569.3181119513104,1555.051583660844,1556.002685546875,7200,0.0,0.0
2017-02-03 00:00:00+09:00,1559.8071645472173,1569.3181838432367,1556.9538587584113,1563.611572265625,3100,0.0,0.0
2017-02-06 00:00:00+09:00,1578.8290435046686,1578.8290435046686,1556.953701335628,1559.8070068359375,6700,0.0,0.0
2017-02-07 00:00:00+09:00,1557.9048011532168,1564.562513978658,1553.1492919921875,1553.1492919921875,3400,0.0,0.0
2017-02-08 00:00:00+09:00,1570.2691957434067,1570.2691957434067,1550.2960563669005,1554.1004638671875,5900,0.0,0.0
2017-02-09 00:00:00+09:00,1554.1004118286507,1566.4647357905676,1554.1004118286507,1555.051513671875,1400,0.0,0.0
2017-02-10 00:00:00+09:00,1555.0514976687548,1559.8070068359375,1554.1003958353183,1559.8070068359375,2600,0.0,0.0
2017-02-13 00:00:00+09:00,1568.3670654296875,1569.3181673492932,1562.6604539120538,1568.3670654296875,3500,0.0,0.0
2017-02-14 00:00:00+09:00,1574.073590453437,1574.073590453437,1566.4647755146893,1572.17138671875,2400,0.0,0.0
2017-02-15 00:00:00+09:00,1576.9269812859222,1576.9269812859222,1556.002739073443,1561.7093505859375,7900,0.0,0.0
2017-02-16 00:00:00+09:00,1573.1225750277156,1573.1225750277156,1559.8071481532368,1568.3670654296875,3200,0.0,0.0
2017-02-17 00:00:00+09:00,1563.6115217231954,1577.8780502060713,1562.660419824337,1571.2203369140625,5300,0.0,0.0
2017-02-20 00:00:00+09:00,1578.8289953502642,1578.8289953502642,1572.1712827192691,1574.073486328125,3000,0.0,0.0
2017-02-21 00:00:00+09:00,1577.8779116384796,1579.780115269147,1569.3179953004772,1575.9757080078125,3500,0.0,0.0
2017-02-22 00:00:00+09:00,1578.8291879552573,1578.8291879552573,1572.1714745120726,1575.0247802734375,4200,0.0,0.0
2017-02-23 00:00:00+09:00,1575.0247802734375,1575.0247802734375,1569.3181687507076,1575.0247802734375,3300,0.0,0.0
2017-02-24 00:00:00+09:00,1569.3179931640625,1576.926807676373,1567.415789535985,1569.3179931640625,7000,0.0,0.0
2017-02-27 00:00:00+09:00,1574.0735022342567,1574.0735022342567,1569.3179931640625,1569.3179931640625,5400,0.0,0.0
2017-02-28 00:00:00+09:00,1570.2691150777953,1579.7801333399261,1570.2691150777953,1577.8779296875,5100,0.0,0.0
2017-03-01 00:00:00+09:00,1578.8291015625,1578.8291015625,1568.3669810099773,1578.8291015625,5100,0.0,0.0
2017-03-02 00:00:00+09:00,1578.8291194837732,1581.6824251213945,1576.926915725359,1580.7313232421875,6100,0.0,0.0
2017-03-03 00:00:00+09:00,1582.633544921875,1586.4379524817834,1578.8291373619666,1582.633544921875,9300,0.0,0.0
2017-03-06 00:00:00+09:00,1582.6334408763505,1585.4867463586997,1582.6334408763505,1584.53564453125,5200,0.0,0.0
2017-03-07 00:00:00+09:00,1583.5845626603311,1593.0955810546875,1583.5845626603311,1593.0955810546875,5300,0.0,0.0
2017-03-08 00:00:00+09:00,1585.4866604924916,1595.948780027835,1585.4866604924916,1588.3399658203125,4000,0.0,0.0
2017-03-09 00:00:00+09:00,1593.0955630323522,1593.0955630323522,1588.3400538889719,1591.193359375,1900,0.0,0.0
2017-03-10 00:00:00+09:00,1596.9000423506284,1598.80224609375,1591.1934311212635,1598.80224609375,7900,0.0,0.0
2017-03-13 00:00:00+09:00,1601.655517578125,1611.1665360910592,1600.7044157268315,1601.655517578125,7300,0.0,0.0
2017-03-14 00:00:00+09:00,1604.508771023623,1604.508771023623,1597.8510582807862,1602.6065673828125,7900,0.0,0.0
2017-03-15 00:00:00+09:00,1602.6066553197202,1608.3132665552798,1599.7533497019401,1605.4599609375,3300,0.0,0.0
2017-03-16 00:00:00+09:00,1612.1176237430213,1614.019827428854,1605.4599108426078,1613.0687255859375,5700,0.0,0.0
2017-03-17 00:00:00+09:00,1613.0687776548673,1616.8731851493362,1611.1665739076327,1612.11767578125,5800,0.0,0.0
2017-03-21 00:00:00+09:00,1616.873031123992,1626.384048954133,1614.9708275579637,1621.6285400390625,6900,0.0,0.0
2017-03-22 00:00:00+09:00,1615.9220652797135,1622.5797783208893,1610.2154541015625,1610.2154541015625,10300,0.0,0.0
2017-03-23 00:00:00+09:00,1608.3133024030826,1615.9221175534224,1608.3133024030826,1609.264404296875,5200,0.0,0.0
2017-03-24 00:00:00+09:00,1608.3131984093677,1614.0198094031325,1607.3620965770735,1611.16650390625,7700,0.0,0.0
2017-03-27 00:00:00+09:00,1616.873028758558,1620.6774358850487,1612.1175198504445,1614.9708251953125,7400,0.0,0.0
2017-03-28 00:00:00+09:00,1613.0687939164202,1614.0198957996256,1599.753367551544,1607.3621826171875,23500,0.0,0.0
2017-03-29 00:00:00+09:00,1591.962248149671,1591.962248149671,1570.787417763158,1590.999755859375,15900,20.0,0.0
2017-03-30 00:00:00+09:00,1589.074951171875,1593.8874131681557,1578.4875347800576,1589.074951171875,6000,0.0,0.0
2017-03-31 00:00:00+09:00,1583.2998562266434,1587.149825481906,1577.52490234375,1577.52490234375,4900,0.0,0.0
2017-04-03 00:00:00+09:00,1570.7874306839187,1574.6373998767715,1560.2000154035736,1562.125,5300,0.0,0.0
2017-04-04 00:00:00+09:00,1561.1625530056087,1563.0875376578967,1547.6876604395925,1552.5001220703125,4000,0.0,0.0
2017-04-05 00:00:00+09:00,1559.237646545258,1570.7875550381857,1543.8377685546875,1543.8377685546875,4400,0.0,0.0
2017-04-06 00:00:00+09:00,1540.9501053980377,1556.349981529436,1540.9501053980377,1541.91259765625,3600,0.0,0.0
2017-04-07 00:00:00+09:00,1553.4625047547988,1556.349981529436,1540.9501053980377,1541.91259765625,4000,0.0,0.0
2017-04-10 00:00:00+09:00,1564.0499782562256,1564.0499782562256,1539.9876708984375,1539.9876708984375,2800,0.0,0.0
2017-04-11 00:00:00+09:00,1534.2127427953292,1539.9876966577958,1534.2127427953292,1537.1002197265625,4300,0.0,0.0
2017-04-12 00:00:00+09:00,1537.100213366339,1539.025197979196,1533.250244140625,1533.250244140625,3100,0.0,0.0
2017-04-13 00:00:00+09:00,1530.36279296875,1536.1377469044812,1525.5503313556408,1530.36279296875,3600,0.0,0.0
2017-04-14 00:00:00+09:00,1539.0251268700524,1539.0251268700524,1524.5877429406899,1527.4752197265625,4400,0.0,0.0
2017-04-17 00:00:00+09:00,1527.475309701465,1537.1002328879897,1526.5128173828125,1526.5128173828125,3700,0.0,0.0
2017-04-18 00:00:00+09:00,1530.3627866574222,1534.2127559320322,1525.55032506416,1526.5128173828125,3100,0.0,0.0
2017-04-19 00:00:00+09:00,1526.5128814927878,1536.1378050835367,1526.5128814927878,1528.4378662109375,3900,0.0,0.0
2017-04-20 00:00:00+09:00,1528.4377119885198,1530.362696512435,1526.512727464605,1527.4752197265625,2500,0.0,0.0
2017-04-21 00:00:00+09:00,1527.4753480116426,1533.2503020683973,1527.4753480116426,1531.3253173828125,1600,0.0,0.0
2017-04-24 00:00:00+09:00,1535.1752867539824,1539.0252561251523,1530.36282504002,1531.3253173828125,2500,0.0,0.0
2017-04-25 00:00:00+09:00,1539.9876131398253,1543.837582172675,1539.025120881613,1541.91259765625,3100,0.0,0.0
2017-04-26 00:00:00+09:00,1547.6876799891033,1549.6126646657067,1540.9502336209916,1545.7626953125,3300,0.0,0.0
2017-04-27 00:00:00+09:00,1552.5000124965864,1552.5000124965864,1539.9876131398253,1541.91259765625,4300,0.0,0.0
2017-04-28 00:00:00+09:00,1541.9125910867588,1544.8000678490937,1537.100129816201,1538.0626220703125,3400,0.0,0.0
2017-05-01 00:00:00+09:00,1549.6126450918805,1554.4251067226005,1544.8001834611603,1552.5001220703125,2900,0.0,0.0
2017-05-02 00:00:00+09:00,1554.4251388304,1559.2376005605252,1552.5001541383501,1553.462646484375,2000,0.0,0.0
2017-05-08 00:00:00+09:00,1553.462646484375,1559.2376005605252,1551.537661792325,1553.462646484375,5600,0.0,0.0
2017-05-09 00:00:00+09:00,1559.2374719440609,1573.6748559435428,1557.3124874107964,1567.89990234375,3100,0.0,0.0
2017-05-10 00:00:00+09:00,1568.8624909344842,1577.5249218660242,1565.0125216315776,1570.7874755859375,3500,0.0,0.0
2017-05-11 00:00:00+09:00,1571.7498779296875,1576.5623392828095,1564.049939764692,1571.7498779296875,3700,0.0,0.0
2017-05-12 00:00:00+09:00,1578.4873177241354,1588.112240393185,1578.4873177241354,1586.187255859375,4200,0.0,0.0
2017-05-15 00:00:00+09:00,1587.1498640297104,1587.1498640297104,1579.4499253321737,1582.33740234375,3500,0.0,0.0
2017-05-16 00:00:00+09:00,1583.2998110531298,1583.2998110531298,1568.8624267578125,1568.8624267578125,2700,0.0,0.0
2017-05-17 00:00:00+09:00,1584.262368146111,1584.262368146111,1564.0500293058508,1570.7874755859375,3900,0.0,0.0
2017-05-18 00:00:00+09:00,1569.8248413839458,1569.8248413839458,1559.2374267578125,1559.2374267578125,1800,0.0,0.0
2017-05-19 00:00:00+09:00,1560.2001389196687,1561.1626312940793,1543.8377685546875,1543.8377685546875,3200,0.0,0.0
2017-05-22 00:00:00+09:00,1546.7251618398948,1565.9750082846974,1546.7251618398948,1548.650146484375,1300,0.0,0.0
2017-05-23 00:00:00+09:00,1554.4250423874194,1556.3500269600354,1548.6500886695715,1550.5750732421875,1700,0.0,0.0
2017-05-24 00:00:00+09:00,1549.6125873766448,1554.425048828125,1548.6500950863488,1554.425048828125,2000,0.0,0.0
2017-05-25 00:00:00+09:00,1559.2375551421067,1563.0875244140625,1554.4250935521618,1563.0875244140625,1600,0.0,0.0
2017-05-26 00:00:00+09:00,1565.0125670709388,1565.975059424611,1560.2001053025779,1561.16259765625,1500,0.0,0.0
2017-05-29 00:00:00+09:00,1567.9000119133395,1567.9000119133395,1559.2375809082935,1560.2000732421875,3300,0.0,0.0
2017-05-30 00:00:00+09:00,1559.2375231053604,1566.937461491066,1554.4250616142945,1562.125,2300,0.0,0.0
2017-05-31 00:00:00+09:00,1565.0125411658653,1570.7874951923077,1560.2000794771634,1564.050048828125,3300,0.0,0.0
2017-06-01 00:00:00+09:00,1578.4874204901437,1578.4874204901437,1565.9750202057705,1574.637451171875,2100,0.0,0.0
2017-06-02 00:00:00+09:00,1578.4874329949819,1584.2623870181342,1577.5249406577898,1582.33740234375,5400,0.0,0.0
2017-06-05 00:00:00+09:00,1588.1124527727973,1592.9249147508965,1583.2999907946978,1585.2249755859375,4500,0.0,0.0
2017-06-06 00:00:00+09:00,1588.1121826171875,1590.037167080966,1585.22470592152,1588.1121826171875,2200,0.0,0.0
2017-06-07 00:00:00+09:00,1592.9249207688995,1596.774890365924,1589.074951171875,1589.074951171875,3100,0.0,0.0
2017-06-08 00:00:00+09:00,1588.1124084249084,1590.9998855311355,1570.787545787546,1576.5625,5500,0.0,0.0
2017-06-09 00:00:00+09:00,1576.5623327434391,1577.5248250100713,1567.89990234375,1567.89990234375,3100,0.0,0.0
2017-06-12 00:00:00+09:00,1576.5623392828095,1576.5623392828095,1568.8624011178142,1571.7498779296875,1300,0.0,0.0
2017-06-13 00:00:00+09:00,1579.449841907712,1580.4123341940665,1568.8624267578125,1568.8624267578125,2400,0.0,0.0
2017-06-14 00:00:00+09:00,1569.824919044167,1581.374826480421,1568.8624267578125,1568.8624267578125,2300,0.0,0.0
2017-06-15 00:00:00+09:00,1568.862510516827,1575.5999568810096,1564.050048828125,1564.050048828125,3500,0.0,0.0
2017-06-16 00:00:00+09:00,1562.1250641526442,1570.7874951923077,1561.1625718149037,1564.050048828125,1900,0.0,0.0
2017-06-19 00:00:00+09:00,1576.5623003985431,1576.5623003985431,1565.0123934359165,1566.9373779296875,2100,0.0,0.0
2017-06-20 00:00:00+09:00,1563.0875050295065,1571.7499357839804,1562.125012723454,1569.824951171875,3900,0.0,0.0
2017-06-21 00:00:00+09:00,1568.8624267578125,1573.674888189585,1568.8624267578125,1568.8624267578125,3100,0.0,0.0
2017-06-22 00:00:00+09:00,1567.8999986087574,1572.7124602373908,1567.8999986087574,1570.7874755859375,1700,0.0,0.0
2017-06-23 00:00:00+09:00,1571.7499357839804,1572.712428090033,1568.8624588658224,1569.824951171875,2300,0.0,0.0
2017-06-26 00:00:00+09:00,1570.7873791436464,1573.6748559435428,1567.89990234375,1567.89990234375,1900,0.0,0.0
2017-06-27 00:00:00+09:00,1566.9374100771179,1573.6748559435428,1566.9374100771179,1567.89990234375,3200,0.0,0.0
2017-06-28 00:00:00+09:00,1572.7125121019276,1573.675004459395,1565.0125732421875,1565.0125732421875,2500,0.0,0.0
2017-06-29 00:00:00+09:00,1570.7875595421021,1570.7875595421021,1563.087620524739,1565.97509765625,1900,0.0,0.0
2017-06-30 00:00:00+09:00,1571.7500519192724,1571.7500519192724,1563.087620524739,1565.97509765625,1500,0.0,0.0
2017-07-03 00:00:00+09:00,1565.9750272455515,1570.7874889150216,1559.2375809082935,1560.2000732421875,3500,0.0,0.0
2017-07-04 00:00:00+09:00,1561.1625397780847,1567.8999860040074,1561.1625397780847,1563.0875244140625,2400,0.0,0.0
2017-07-05 00:00:00+09:00,1572.7123314110008,1582.3372538798565,1559.2374399546031,1566.9373779296875,6200,0.0,0.0
2017-07-06 00:00:00+09:00,1583.299888424757,1586.1873654249237,1570.7874880907011,1578.4874267578125,1900,0.0,0.0
2017-07-07 00:00:00+09:00,1573.674888189585,1579.449841907712,1568.8624267578125,1568.8624267578125,3000,0.0,0.0
2017-07-10 00:00:00+09:00,1586.187261989054,1586.187261989054,1571.7498779296875,1571.7498779296875,2300,0.0,0.0
2017-07-11 00:00:00+09:00,1573.6748624709364,1574.6373547415608,1568.8624011178142,1571.7498779296875,2800,0.0,0.0
2017-07-12 00:00:00+09:00,1574.6374317060065,1585.2248472003623,1574.6374317060065,1581.3748779296875,2200,0.0,0.0
2017-07-13 00:00:00+09:00,1583.2998625650248,1583.2998625650248,1566.9374931646569,1581.3748779296875,3600,0.0,0.0
2017-07-14 00:00:00+09:00,1578.4873689193819,1585.224815006233,1578.4873689193819,1580.412353515625,2800,0.0,0.0
2017-07-17 00:00:00+09:00,1580.412353515625,1580.412353515625,1580.412353515625,1580.412353515625,0,0.0,0.0
2017-07-18 00:00:00+09:00,1587.1499160561661,1587.1499160561661,1569.8250534188035,1576.5625,3200,0.0,0.0
2017-07-19 00:00:00+09:00,1576.5624168659078,1579.4498938198747,1561.1625397780847,1563.0875244140625,6200,0.0,0.0
2017-07-20 00:00:00+09:00,1578.4874275861737,1578.4874275861737,1559.2375809082935,1560.2000732421875,5300,0.0,0.0
2017-07-21 00:00:00+09:00,1574.6373804759396,1576.5623650486484,1565.0124576123947,1568.8624267578125,2200,0.0,0.0
2017-07-24 00:00:00+09:00,1568.8624588658224,1572.712428090033,1565.0124896416119,1569.824951171875,1800,0.0,0.0
2017-07-25 00:00:00+09:00,1560.2000732421875,1566.9375195794455,1559.2375809082935,1560.2000732421875,4200,0.0,0.0
2017-07-26 00:00:00+09:00,1560.2000794771634,1566.937525841346,1559.2375871394229,1564.050048828125,2900,0.0,0.0
2017-07-27 00:00:00+09:00,1566.9375579571224,1570.7875273869925,1564.0500808847198,1565.0125732421875,1500,0.0,0.0
2017-07-28 00:00:00+09:00,1565.9749691928528,1568.8624460874923,1561.1625077017868,1562.125,2600,0.0,0.0
2017-07-31 00:00:00+09:00,1554.4250231767614,1578.4873300370828,1554.4250231767614,1557.3125,5400,0.0,0.0
2017-08-01 00:00:00+09:00,1561.1625204174013,1573.6749203960858,1560.2000281113485,1569.824951171875,3000,0.0,0.0
2017-08-02 00:00:00+09:00,1569.825047319055,1572.7125244140625,1565.0125854940427,1572.7125244140625,1500,0.0,0.0
2017-08-03 00:00:00+09:00,1573.674958842308,1576.5624358310095,1570.7874818536063,1574.637451171875,1200,0.0,0.0
2017-08-04 00:00:00+09:00,1574.6374190677561,1575.5999113776998,1568.8624652080944,1573.6749267578125,1400,0.0,0.0
2017-08-07 00:00:00+09:00,1584.262348540459,1584.262348540459,1575.5999177161189,1577.52490234375,2200,0.0,0.0
2017-08-08 00:00:00+09:00,1577.5248896202963,1577.5248896202963,1564.049997335559,1569.824951171875,2900,0.0,0.0
2017-08-09 00:00:00+09:00,1578.4873883075306,1578.4873883075306,1569.824957518038,1573.6749267578125,1000,0.0,0.0
2017-08-10 00:00:00+09:00,1578.4874267578125,1578.4874267578125,1569.8249957573123,1578.4874267578125,1600,0.0,0.0
2017-08-11 00:00:00+09:00,1578.4874267578125,1578.4874267578125,1578.4874267578125,1578.4874267578125,0,0.0,0.0
2017-08-14 00:00:00+09:00,1586.1873073043546,1586.1873073043546,1577.5248766212603,1580.412353515625,2700,0.0,0.0
2017-08-15 00:00:00+09:00,1584.262348540459,1584.262348540459,1572.7124407746721,1577.52490234375,2400,0.0,0.0
2017-08-16 00:00:00+09:00,1577.5249281605766,1577.5249281605766,1571.7499741831737,1574.637451171875,1600,0.0,0.0
2017-08-17 00:00:00+09:00,1583.2999465811965,1583.2999465811965,1571.7500381562882,1576.5625,1500,0.0,0.0
2017-08-18 00:00:00+09:00,1569.824951171875,1576.5623973142435,1566.937474253717,1569.824951171875,5900,0.0,0.0
2017-08-21 00:00:00+09:00,1582.3372538798565,1582.3372538798565,1566.9373779296875,1566.9373779296875,1700,0.0,0.0
2017-08-22 00:00:00+09:00,1568.8623624234588,1577.5247926454288,1566.9373779296875,1566.9373779296875,1200,0.0,0.0
2017-08-23 00:00:00+09:00,1567.8999088471899,1577.524831553434,1566.9374165765653,1571.7498779296875,1900,0.0,0.0
2017-08-24 00:00:00+09:00,1565.9750202057705,1577.5249281605766,1565.9750202057705,1574.637451171875,1200,0.0,0.0
2017-08-25 00:00:00+09:00,1574.6375152625153,1578.4874847374847,1574.6375152625153,1576.5625,1400,0.0,0.0
2017-08-28 00:00:00+09:00,1583.2998562266434,1583.2998562266434,1576.5624100299344,1577.52490234375,1800,0.0,0.0
2017-08-29 00:00:00+09:00,1577.5249344244235,1582.3373960913682,1577.5249344244235,1578.4874267578125,2600,0.0,0.0
2017-08-30 00:00:00+09:00,1578.4874204901437,1583.2998821379795,1573.674958842308,1574.637451171875,3600,0.0,0.0
2017-08-31 00:00:00+09:00,1572.7124665127408,1574.637451171875,1569.8249895240392,1574.637451171875,2200,0.0,0.0
2017-09-01 00:00:00+09:00,1580.412238119874,1586.187191486938,1572.7123002971218,1584.26220703125,3200,0.0,0.0
2017-09-04 00:00:00+09:00,1582.3373059372143,1586.187275051417,1579.4498291015625,1579.4498291015625,2800,0.0,0.0
2017-09-05 00:00:00+09:00,1579.4498160946828,1583.2997851771806,1568.8624011178142,1571.7498779296875,4600,0.0,0.0
2017-09-06 00:00:00+09:00,1568.8624909344842,1580.4123988432043,1567.8999986087574,1570.7874755859375,3900,0.0,0.0
2017-09-07 00:00:00+09:00,1583.2997982157651,1583.2997982157651,1570.7873985946069,1579.4498291015625,1500,0.0,0.0
2017-09-08 00:00:00+09:00,1578.4873496213575,1579.449841907712,1568.8624267578125,1568.8624267578125,6600,0.0,0.0
2017-09-11 00:00:00+09:00,1581.3748715990123,1581.3748715990123,1569.8249638332252,1577.52490234375,2900,0.0,0.0
2017-09-12 00:00:00+09:00,1581.3748779296875,1581.3748779296875,1569.824970117663,1581.3748779296875,3300,0.0,0.0
2017-09-13 00:00:00+09:00,1580.4123792851967,1582.3373639128279,1574.6374254023033,1577.52490234375,2800,0.0,0.0
2017-09-14 00:00:00+09:00,1577.5248509925912,1583.2998046875,1574.6373741451368,1583.2998046875,5200,0.0,0.0
2017-09-15 00:00:00+09:00,1578.4874009766813,1582.3373702473561,1577.5249086590127,1581.3748779296875,3900,0.0,0.0
2017-09-18 00:00:00+09:00,1581.3748779296875,1581.3748779296875,1581.3748779296875,1581.3748779296875,0,0.0,0.0
2017-09-19 00:00:00+09:00,1583.2999329020429,1588.1123947041767,1580.4124558207625,1587.14990234375,5100,0.0,0.0
2017-09-20 00:00:00+09:00,1588.1123947041767,1588.1123947041767,1582.3374405416162,1587.14990234375,4200,0.0,0.0
2017-09-21 00:00:00+09:00,1587.1499603771774,1588.1124527727973,1573.675066838499,1585.2249755859375,6200,0.0,0.0
2017-09-22 00:00:00+09:00,1585.2249176228963,1587.14990234375,1582.3374405416162,1587.14990234375,3600,0.0,0.0
2017-09-25 00:00:00+09:00,1587.14974812628,1591.9622094608048,1585.22476359247,1586.187255859375,5100,0.0,0.0
2017-09-26 00:00:00+09:00,1580.4123861378637,1581.3748784558527,1561.1625397780847,1563.0875244140625,31600,0.0,0.0
2017-09-27 00:00:00+09:00,1553.4626199213976,1574.637451171875,1551.5376352622632,1574.637451171875,10500,0.0,0.0
2017-09-28 00:00:00+09:00,1578.4873883075306,1578.4873883075306,1561.1625267285456,1573.6749267578125,4100,0.0,0.0
2017-09-29 00:00:00+09:00,1564.050048828125,1568.862510516827,1561.1625718149037,1564.050048828125,3400,0.0,0.0
2017-10-02 00:00:00+09:00,1565.0125411658653,1571.749987530048,1562.1250641526442,1564.050048828125,3500,0.0,0.0
2017-10-03 00:00:00+09:00,1564.049997335559,1572.712428090033,1561.1625204174013,1569.824951171875,3700,0.0,0.0
2017-10-04 00:00:00+09:00,1565.0124320353166,1572.7123702003119,1565.0124320353166,1571.7498779296875,2500,0.0,0.0
2017-10-05 00:00:00+09:00,1570.7875396840575,1573.6750167790651,1567.90006258905,1572.7125244140625,3200,0.0,0.0
2017-10-06 00:00:00+09:00,1572.7123702003119,1572.7123702003119,1568.8624011178142,1571.7498779296875,1000,0.0,0.0
2017-10-09 00:00:00+09:00,1571.7498779296875,1571.7498779296875,1571.7498779296875,1571.7498779296875,0,0.0,0.0
2017-10-10 00:00:00+09:00,1573.6750167790651,1573.6750167790651,1568.8625549540525,1572.7125244140625,2100,0.0,0.0
2017-10-11 00:00:00+09:00,1572.7124344478689,1573.6749267578125,1570.7874498279816,1573.6749267578125,1700,0.0,0.0
2017-10-12 00:00:00+09:00,1574.6374127021384,1574.6374127021384,1567.8999665597698,1569.824951171875,3200,0.0,0.0
2017-10-13 00:00:00+09:00,1566.9374100771179,1573.6748559435428,1565.9749178104857,1567.89990234375,2300,0.0,0.0
2017-10-16 00:00:00+09:00,1567.9000441319552,1568.8625364856273,1560.2001053025779,1561.16259765625,7900,0.0,0.0
2017-10-17 00:00:00+09:00,1559.2375871394229,1565.9750335036056,1559.2375871394229,1564.050048828125,2000,0.0,0.0
2017-10-18 00:00:00+09:00,1564.0501129019092,1572.712544296443,1559.2376510160573,1565.97509765625,2300,0.0,0.0
2017-10-19 00:00:00+09:00,1561.1625077017868,1566.937461491066,1559.2375231053604,1562.125,3700,0.0,0.0
2017-10-20 00:00:00+09:00,1562.1251281475684,1566.9375900334205,1559.2376510160573,1565.97509765625,4100,0.0,0.0
2017-10-23 00:00:00+09:00,1565.9749498987492,1570.7874113305215,1562.124980753331,1568.8624267578125,4300,0.0,0.0
2017-10-24 00:00:00+09:00,1568.8624783219962,1568.8624783219962,1559.2375551421067,1563.0875244140625,4000,0.0,0.0
2017-10-25 00:00:00+09:00,1560.199964210693,1568.8623946103821,1560.199964210693,1567.89990234375,3200,0.0,0.0
2017-10-26 00:00:00+09:00,1564.049997335559,1569.824951171875,1559.237535805296,1569.824951171875,3300,0.0,0.0
2017-10-27 00:00:00+09:00,1569.825047319055,1572.7125244140625,1565.0125854940427,1572.7125244140625,4100,0.0,0.0
2017-10-30 00:00:00+09:00,1578.4874066814225,1606.3996839946915,1575.5999297179808,1603.51220703125,22000,0.0,0.0
2017-10-31 00:00:00+09:00,1603.512162092873,1603.512162092873,1587.1497930919254,1594.8497314453125,7100,0.0,0.0
2017-11-01 00:00:00+09:00,1594.8495449100737,1600.6244979996695,1586.1871152756798,1592.924560546875,8700,0.0,0.0
2017-11-02 00:00:00+09:00,1589.0748796463013,1601.5872802734375,1585.2249102225671,1601.5872802734375,5800,0.0,0.0
2017-11-03 00:00:00+09:00,1601.5872802734375,1601.5872802734375,1601.5872802734375,1601.5872802734375,0,0.0,0.0
2017-11-06 00:00:00+09:00,1604.474667220932,1611.2121133340372,1597.7372211078266,1602.5496826171875,8700,0.0,0.0
2017-11-07 00:00:00+09:00,1602.5496633429277,1674.7365851151317,1585.2248021175988,1609.287109375,38800,0.0,0.0
2017-11-08 00:00:00+09:00,1614.099653902427,1636.2369777186202,1609.2871922032546,1622.7620849609375,10600,0.0,0.0
2017-11-09 00:00:00+09:00,1616.9870995273109,1625.6495304176358,1589.074822214042,1603.51220703125,12600,0.0,0.0
2017-11-10 00:00:00+09:00,1588.1123688261387,1596.7747999288267,1588.1123688261387,1590.037353515625,3200,0.0,0.0
2017-11-13 00:00:00+09:00,1593.8873103900548,1597.737279738823,1574.6374636462135,1582.33740234375,4500,0.0,0.0
2017-11-14 00:00:00+09:00,1586.1872815349545,1587.1497738174392,1576.5623587101063,1583.2998046875,2500,0.0,0.0
2017-11-15 00:00:00+09:00,1587.149819097023,1587.149819097023,1573.6749267578125,1573.6749267578125,3600,0.0,0.0
2017-11-16 00:00:00+09:00,1588.112311034566,1600.6247110608988,1583.2998494859762,1591.9622802734375,4400,0.0,0.0
2017-11-17 00:00:00+09:00,1593.8873291015625,1597.7372984955277,1587.1498826621237,1593.8873291015625,3600,0.0,0.0
2017-11-20 00:00:00+09:00,1593.8872519003378,1607.3621441265484,1592.9247595984657,1602.5496826171875,3300,0.0,0.0
2017-11-21 00:00:00+09:00,1607.362061269612,1628.5368908192718,1607.362061269612,1625.6494140625,7600,0.0,0.0
2017-11-22 00:00:00+09:00,1627.5744822450035,1627.5744822450035,1616.9870669258462,1620.8370361328125,4700,0.0,0.0
2017-11-23 00:00:00+09:00,1620.8370361328125,1620.8370361328125,1620.8370361328125,1620.8370361328125,0,0.0,0.0
2017-11-24 00:00:00+09:00,1624.6870053397788,1626.611989943262,1616.9870669258462,1620.8370361328125,3900,0.0,0.0
2017-11-27 00:00:00+09:00,1620.8371064857618,1628.5370452339127,1620.8371064857618,1626.612060546875,4900,0.0,0.0
2017-11-28 00:00:00+09:00,1626.612002686124,1628.5369873046875,1621.7995411397155,1628.5369873046875,2900,0.0,0.0
2017-11-29 00:00:00+09:00,1628.536961594303,1631.4244384765625,1622.7620078297844,1631.4244384765625,4300,0.0,0.0
2017-11-30 00:00:00+09:00,1626.6120090124743,1632.386962890625,1626.6120090124743,1632.386962890625,6800,0.0,0.0
2017-12-01 00:00:00+09:00,1635.274394814602,1642.0118408203125,1633.3494102415418,1642.0118408203125,12900,0.0,0.0
2017-12-04 00:00:00+09:00,1642.0118408203125,1645.861809966433,1636.236887101132,1642.0118408203125,7900,0.0,0.0
2017-12-05 00:00:00+09:00,1633.3494102415418,1642.0118408203125,1633.3494102415418,1642.0118408203125,4900,0.0,0.0
2017-12-06 00:00:00+09:00,1642.974326648107,1647.786788061839,1634.3118961033895,1638.161865234375,5700,0.0,0.0
2017-12-07 00:00:00+09:00,1638.161865234375,1641.0493420826142,1638.161865234375,1638.161865234375,2000,0.0,0.0
2017-12-08 00:00:00+09:00,1636.2368806688821,1642.0118343653605,1634.3118961033895,1638.161865234375,7300,0.0,0.0
2017-12-11 00:00:00+09:00,1641.0494063829592,1645.8618679852552,1632.3869754988264,1640.0869140625,7400,0.0,0.0
2017-12-12 00:00:00+09:00,1640.0869979813492,1641.0494903510566,1634.312043763105,1635.2745361328125,5600,0.0,0.0
2017-12-13 00:00:00+09:00,1634.3118961033895,1638.161865234375,1633.349403820643,1638.161865234375,3900,0.0,0.0
2017-12-14 00:00:00+09:00,1632.3868859970676,1642.011808673937,1632.3868859970676,1641.04931640625,4100,0.0,0.0
2017-12-15 00:00:00+09:00,1634.3118705324414,1641.04931640625,1632.3868859970676,1641.04931640625,7700,0.0,0.0
2017-12-18 00:00:00+09:00,1638.1618845351677,1638.1618845351677,1616.9870540652655,1631.4244384765625,4600,0.0,0.0
2017-12-19 00:00:00+09:00,1635.2745361328125,1641.0494903510566,1623.7246276963242,1635.2745361328125,4300,0.0,0.0
2017-12-20 00:00:00+09:00,1636.236964300512,1636.236964300512,1630.4620103088632,1633.3494873046875,4600,0.0,0.0
2017-12-21 00:00:00+09:00,1634.311979636629,1634.311979636629,1629.4995179769217,1633.3494873046875,2200,0.0,0.0
2017-12-22 00:00:00+09:00,1632.3869949727462,1636.236964300512,1630.4620103088632,1633.3494873046875,3500,0.0,0.0
2017-12-25 00:00:00+09:00,1631.4243551815257,1636.23681640625,1631.4243551815257,1636.23681640625,4600,0.0,0.0
2017-12-26 00:00:00+09:00,1641.0492441086542,1641.0492441086542,1562.1248816353934,1616.9869384765625,21100,0.0,0.0
2017-12-27 00:00:00+09:00,1611.2120171795991,1618.9119551350573,1605.4370637130055,1617.949462890625,3300,0.0,0.0
2017-12-28 00:00:00+09:00,1602.5498228124302,1616.9872086035332,1602.5498228124302,1614.0997314453125,2700,0.0,0.0
2017-12-29 00:00:00+09:00,1613.1371625089046,1613.1371625089046,1604.4747314453125,1604.4747314453125,3600,0.0,0.0
2018-01-01 00:00:00+09:00,1604.4747314453125,1604.4747314453125,1604.4747314453125,1604.4747314453125,0,0.0,0.0
2018-01-02 00:00:00+09:00,1604.4747314453125,1604.4747314453125,1604.4747314453125,1604.4747314453125,0,0.0,0.0
2018-01-03 00:00:00+09:00,1604.4747314453125,1604.4747314453125,1604.4747314453125,1604.4747314453125,0,0.0,0.0
2018-01-04 00:00:00+09:00,1602.549586979709,1617.949462890625,1595.812141268683,1617.949462890625,5500,0.0,0.0
2018-01-05 00:00:00+09:00,1621.7994515993014,1634.3118509291476,1613.1370212940233,1629.4993896484375,6500,0.0,0.0
2018-01-08 00:00:00+09:00,1629.4993896484375,1629.4993896484375,1629.4993896484375,1629.4993896484375,0,0.0,0.0
2018-01-09 00:00:00+09:00,1631.4245222644693,1634.3119992950258,1626.612060546875,1626.612060546875,4300,0.0,0.0
2018-01-10 00:00:00+09:00,1626.612060546875,1632.387014607988,1624.6870758598373,1626.612060546875,4600,0.0,0.0
2018-01-11 00:00:00+09:00,1621.7994384765625,1621.7994384765625,1616.9869772347922,1621.7994384765625,3500,0.0,0.0
2018-01-12 00:00:00+09:00,1621.7994962840723,1622.7619885667334,1616.9870348707664,1619.87451171875,4100,0.0,0.0
2018-01-15 00:00:00+09:00,1616.9869706461927,1620.8369396239218,1616.9869706461927,1617.949462890625,3500,0.0,0.0
2018-01-16 00:00:00+09:00,1616.9870219216418,1617.9495141965951,1612.174560546875,1612.174560546875,2400,0.0,0.0
2018-01-17 00:00:00+09:00,1608.3245849609375,1615.06203085844,1589.0747395395022,1608.3245849609375,8400,0.0,0.0
2018-01-18 00:00:00+09:00,1607.3622219804406,1607.3622219804406,1593.8873291015625,1593.8873291015625,4300,0.0,0.0
2018-01-19 00:00:00+09:00,1593.8873228945974,1605.4372310315148,1588.1123688261387,1590.037353515625,3200,0.0,0.0
2018-01-22 00:00:00+09:00,1590.9997879637197,1594.8497572025913,1590.0372956540016,1591.9622802734375,2700,0.0,0.0
2018-01-23 00:00:00+09:00,1589.0745918204777,1595.812037091673,1589.0745918204777,1592.924560546875,5100,0.0,0.0
2018-01-24 00:00:00+09:00,1595.8123003817207,1606.3997161261107,1592.9248233605233,1604.4747314453125,4900,0.0,0.0
2018-01-25 00:00:00+09:00,1603.5121105788203,1609.2870641583359,1596.774664736052,1600.6246337890625,6100,0.0,0.0
2018-01-26 00:00:00+09:00,1613.137014057822,1613.137014057822,1599.6621225322792,1607.362060546875,4200,0.0,0.0
2018-01-29 00:00:00+09:00,1606.3996839946915,1614.0996225638692,1601.5872223889555,1603.51220703125,5500,0.0,0.0
2018-01-30 00:00:00+09:00,1601.587126052315,1609.2870641583359,1598.6996492625574,1600.6246337890625,6500,0.0,0.0
2018-01-31 00:00:00+09:00,1616.9869384765625,1625.6493685041155,1611.2119851248606,1616.9869384765625,8600,0.0,0.0
2018-02-01 00:00:00+09:00,1621.7993996029809,1631.4243218558177,1609.2870006742933,1616.9869384765625,5200,0.0,0.0
2018-02-02 00:00:00+09:00,1626.6120543202753,1626.6120543202753,1620.8371002812685,1622.7620849609375,5200,0.0,0.0
2018-02-05 00:00:00+09:00,1616.9869830651198,1621.7994443242421,1601.587107035928,1607.362060546875,7600,0.0,0.0
2018-02-06 00:00:00+09:00,1592.9249147508965,1592.9249147508965,1584.2624831903177,1585.2249755859375,14400,0.0,0.0
2018-02-07 00:00:00+09:00,1621.7996197480422,1624.6870968158428,1601.5872802734375,1601.5872802734375,5800,0.0,0.0
2018-02-08 00:00:00+09:00,1601.587216080024,1614.0996162056492,1596.7747544932452,1599.6622314453125,3700,0.0,0.0
2018-02-09 00:00:00+09:00,1583.299996776338,1597.7373827651802,1583.299996776338,1589.074951171875,5800,0.0,0.0
2018-02-12 00:00:00+09:00,1589.074951171875,1589.074951171875,1589.074951171875,1589.074951171875,0,0.0,0.0
2018-02-13 00:00:00+09:00,1621.7994443242421,1621.7994443242421,1593.8871690213323,1607.362060546875,6700,0.0,0.0
2018-02-14 00:00:00+09:00,1619.874341631656,1619.874341631656,1589.0745918204777,1592.924560546875,5900,0.0,0.0
2018-02-15 00:00:00+09:00,1612.1746774447167,1612.1746774447167,1589.0748611708818,1590.037353515625,3900,0.0,0.0
2018-02-16 00:00:00+09:00,1592.9246437766335,1593.8871360085227,1585.22470592152,1588.1121826171875,5300,0.0,0.0
2018-02-19 00:00:00+09:00,1600.624627240384,1604.4745962776428,1588.1122278692924,1596.774658203125,3500,0.0,0.0
2018-02-20 00:00:00+09:00,1607.3622847427978,1618.91219337568,1589.0749294074008,1614.0997314453125,3800,0.0,0.0
2018-02-21 00:00:00+09:00,1614.099719304107,1619.8746735771092,1601.587318379269,1606.3997802734375,1900,0.0,0.0
2018-02-22 00:00:00+09:00,1610.2497497887723,1616.9871964406082,1602.5498107581027,1606.3997802734375,1900,0.0,0.0
2018-02-23 00:00:00+09:00,1616.9871628630704,1623.724609375,1610.249716351141,1623.724609375,3500,0.0,0.0
2018-02-26 00:00:00+09:00,1626.612086451541,1634.3120253223176,1609.287223992294,1623.724609375,5000,0.0,0.0
2018-02-27 00:00:00+09:00,1631.4244063376254,1634.3118831630018,1623.724468136622,1630.4619140625,3300,0.0,0.0
2018-02-28 00:00:00+09:00,1623.724525758279,1635.2744334696597,1623.724525758279,1628.5369873046875,4400,0.0,0.0
2018-03-01 00:00:00+09:00,1618.9121156015995,1630.4620236796134,1618.9121156015995,1622.7620849609375,4800,0.0,0.0
2018-03-02 00:00:00+09:00,1621.7994832964087,1621.7994832964087,1611.2120682719217,1612.174560546875,6300,0.0,0.0
2018-03-05 00:00:00+09:00,1607.3620991721082,1632.3868983208956,1607.3620991721082,1612.174560546875,5700,0.0,0.0
2018-03-06 00:00:00+09:00,1629.4994345453617,1629.4994345453617,1612.1745734574606,1619.87451171875,3400,0.0,0.0
2018-03-07 00:00:00+09:00,1615.0619540259952,1625.6493685041155,1614.0994618007114,1616.9869384765625,2900,0.0,0.0
2018-03-08 00:00:00+09:00,1625.649561980441,1625.649561980441,1614.099653902427,1622.7620849609375,1900,0.0,0.0
2018-03-09 00:00:00+09:00,1630.4618687117488,1630.4618687117488,1618.9119617315002,1621.7994384765625,3900,0.0,0.0
2018-03-12 00:00:00+09:00,1619.8744987465018,1621.7994832964087,1612.174560546875,1612.174560546875,4400,0.0,0.0
2018-03-13 00:00:00+09:00,1612.174515993022,1622.7619307249165,1612.174515993022,1621.7994384765625,2100,0.0,0.0
2018-03-14 00:00:00+09:00,1623.7244808493947,1623.7244808493947,1617.9495271534277,1619.87451171875,2200,0.0,0.0
2018-03-15 00:00:00+09:00,1621.7996246573057,1624.687101733847,1616.9871628630704,1623.724609375,7000,0.0,0.0
2018-03-16 00:00:00+09:00,1618.9120515293293,1624.6870053397788,1618.9120515293293,1620.8370361328125,6700,0.0,0.0
2018-03-19 00:00:00+09:00,1620.837004001411,1622.7619885667334,1617.9495271534277,1619.87451171875,8800,0.0,0.0
2018-03-20 00:00:00+09:00,1618.9120194360887,1620.837004001411,1616.9870348707664,1619.87451171875,7700,0.0,0.0
2018-03-21 00:00:00+09:00,1619.87451171875,1619.87451171875,1619.87451171875,1619.87451171875,0,0.0,0.0
2018-03-22 00:00:00+09:00,1617.9494694831462,1623.7244229732705,1616.9869772347922,1621.7994384765625,6900,0.0,0.0
2018-03-23 00:00:00+09:00,1616.0244908132954,1620.8369520724177,1607.362060546875,1607.362060546875,14500,0.0,0.0
2018-03-26 00:00:00+09:00,1608.3245914470615,1616.0245296466885,1608.3245914470615,1612.174560546875,11200,0.0,0.0
2018-03-27 00:00:00+09:00,1616.9870669258462,1626.611989943262,1616.0245746241046,1620.8370361328125,24800,0.0,0.0
2018-03-28 00:00:00+09:00,1620.8369117206234,1635.4478213815667,1609.148183991869,1624.733154296875,15200,20.0,0.0
2018-03-29 00:00:00+09:00,1610.122369539006,1622.785158894122,1610.122369539006,1618.888916015625,5000,0.0,0.0
2018-03-30 00:00:00+09:00,1623.7590936528122,1631.551578805315,1617.914729788435,1624.733154296875,4500,0.0,0.0
2018-04-02 00:00:00+09:00,1624.733282993441,1626.6814044358791,1610.1223721751546,1614.99267578125,2600,0.0,0.0
2018-04-03 00:00:00+09:00,1605.2520085244419,1616.9407367418528,1605.2520085244419,1614.0185546875,3600,0.0,0.0
2018-04-04 00:00:00+09:00,1624.733282993441,1624.733282993441,1605.252068569059,1614.99267578125,6700,0.0,0.0
2018-04-05 00:00:00+09:00,1622.7851602209619,1624.7332816618034,1605.2520672533885,1616.9407958984375,5000,0.0,0.0
2018-04-06 00:00:00+09:00,1616.94079855214,1617.9148592741594,1611.0964342200239,1613.0445556640625,1200,0.0,0.0
2018-04-09 00:00:00+09:00,1608.1742520539658,1623.7592236062756,1608.1742520539658,1613.0445556640625,2000,0.0,0.0
2018-04-10 00:00:00+09:00,1616.9406155589124,1616.9406155589124,1608.17407005287,1612.0703125,2000,0.0,0.0
2018-04-11 00:00:00+09:00,1612.0703125,1613.0443731117825,1608.17407005287,1612.0703125,1100,0.0,0.0
2018-04-12 00:00:00+09:00,1622.7851602209619,1622.7851602209619,1609.1483101350714,1616.9407958984375,1500,0.0,0.0
2018-04-13 00:00:00+09:00,1615.9667404950676,1619.8629833895704,1608.1742547060617,1609.1483154296875,2200,0.0,0.0
2018-04-16 00:00:00+09:00,1609.148377167247,1613.0446202112355,1597.4596480352816,1608.17431640625,4300,0.0,0.0
2018-04-17 00:00:00+09:00,1608.17407005287,1613.0443731117825,1608.17407005287,1612.0703125,1300,0.0,0.0
2018-04-18 00:00:00+09:00,1612.070440877897,1612.070440877897,1600.3817126056706,1602.329833984375,2300,0.0,0.0
2018-04-19 00:00:00+09:00,1602.3298956877995,1606.226138595247,1598.4336527803518,1601.3558349609375,3100,0.0,0.0
2018-04-20 00:00:00+09:00,1597.4595933883984,1606.2261399374809,1597.4595933883984,1599.40771484375,2700,0.0,0.0
2018-04-23 00:00:00+09:00,1599.40771484375,1599.40771484375,1599.40771484375,1599.40771484375,0,0.0,0.0
2018-04-24 00:00:00+09:00,1599.4076519163184,1604.2779553630794,1598.4335912269662,1602.329833984375,1900,0.0,0.0
2018-04-25 00:00:00+09:00,1606.226138595247,1606.226138595247,1589.667106238595,1601.3558349609375,3400,0.0,0.0
2018-04-26 00:00:00+09:00,1602.3299532416663,1606.2261962890625,1599.4077709561193,1606.2261962890625,2900,0.0,0.0
2018-04-27 00:00:00+09:00,1606.2261962890625,1607.2002570509117,1599.4077709561193,1606.2261962890625,2000,0.0,0.0
2018-04-30 00:00:00+09:00,1606.2261962890625,1606.2261962890625,1606.2261962890625,1606.2261962890625,0,0.0,0.0
2018-05-01 00:00:00+09:00,1606.2260767417838,1607.200137431136,1602.329833984375,1602.329833984375,1200,0.0,0.0
2018-05-02 00:00:00+09:00,1599.4075892179915,1605.251953125,1599.4075892179915,1605.251953125,2600,0.0,0.0
2018-05-03 00:00:00+09:00,1605.251953125,1605.251953125,1605.251953125,1605.251953125,0,0.0,0.0
2018-05-04 00:00:00+09:00,1605.251953125,1605.251953125,1605.251953125,1605.251953125,0,0.0,0.0
2018-05-07 00:00:00+09:00,1605.2521355272136,1606.2261962890625,1599.4077709561193,1606.2261962890625,2300,0.0,0.0
2018-05-08 00:00:00+09:00,1607.2002570509117,1607.2002570509117,1598.4337101942704,1606.2261962890625,6400,0.0,0.0
2018-05-09 00:00:00+09:00,1603.3038330078125,1604.2778936597006,1597.4594690964839,1603.3038330078125,3000,0.0,0.0
2018-05-10 00:00:00+09:00,1604.2778936597006,1607.200075615365,1601.3557117040364,1603.3038330078125,1700,0.0,0.0
2018-05-11 00:00:00+09:00,1603.3038318226638,1608.1741350785042,1603.3038318226638,1605.251953125,2600,0.0,0.0
2018-05-14 00:00:00+09:00,1609.1483799853902,1609.1483799853902,1602.329954646469,1604.278076171875,3700,0.0,0.0
2018-05-15 00:00:00+09:00,1607.200137431136,1608.1741981204882,1601.3557732950228,1602.329833984375,2700,0.0,0.0
2018-05-16 00:00:00+09:00,1602.3298970267776,1604.2780184821293,1597.4595933883984,1599.40771484375,5100,0.0,0.0
2018-05-17 00:00:00+09:00,1607.2001993221088,1607.2001993221088,1598.4336527803518,1601.3558349609375,1500,0.0,0.0
2018-05-18 00:00:00+09:00,1601.3558362991016,1601.3558362991016,1597.4595933883984,1599.40771484375,2500,0.0,0.0
2018-05-21 00:00:00+09:00,1602.3297711714956,1606.226013776168,1598.4335285668233,1605.251953125,2200,0.0,0.0
2018-05-22 00:00:00+09:00,1599.407588038589,1607.2000732421875,1599.407588038589,1607.2000732421875,1700,0.0,0.0
2018-05-23 00:00:00+09:00,1607.2002556452528,1608.17431640625,1602.329951840267,1608.17431640625,2300,0.0,0.0
2018-05-24 00:00:00+09:00,1609.1481945430871,1609.1481945430871,1602.3297699899385,1607.2000732421875,1800,0.0,0.0
2018-05-25 00:00:00+09:00,1607.200258459984,1607.200258459984,1604.278076171875,1604.278076171875,1100,0.0,0.0
2018-05-28 00:00:00+09:00,1611.096436876939,1611.096436876939,1604.2780118115588,1609.1483154296875,1100,0.0,0.0
2018-05-29 00:00:00+09:00,1609.148314101232,1611.096435546875,1603.3039497643026,1611.096435546875,1700,0.0,0.0
2018-05-30 00:00:00+09:00,1610.1224379282442,1610.1224379282442,1600.381830318273,1608.17431640625,1800,0.0,0.0
2018-05-31 00:00:00+09:00,1608.174200658897,1608.174200658897,1597.4595330591103,1598.43359375,2700,0.0,0.0
2018-06-01 00:00:00+09:00,1598.4335924869474,1607.2001386980276,1597.4595317968274,1600.3817138671875,2000,0.0,0.0
2018-06-04 00:00:00+09:00,1597.459586746179,1609.1483154296875,1597.459586746179,1609.1483154296875,5300,0.0,0.0
2018-06-05 00:00:00+09:00,1611.096436876939,1611.096436876939,1599.4077081934304,1609.1483154296875,2900,0.0,0.0
2018-06-06 00:00:00+09:00,1600.3817742340757,1607.2001993221088,1597.45959205349,1601.3558349609375,3700,0.0,0.0
2018-06-07 00:00:00+09:00,1601.3558910792701,1608.17431640625,1598.4337087962788,1608.17431640625,1300,0.0,0.0
2018-06-08 00:00:00+09:00,1598.4335912269662,1607.200137431136,1598.4335912269662,1602.329833984375,3800,0.0,0.0
2018-06-11 00:00:00+09:00,1603.304015409172,1606.2261976972811,1598.4337115956569,1604.278076171875,3200,0.0,0.0
2018-06-12 00:00:00+09:00,1602.329954646469,1605.252136934578,1602.329954646469,1604.278076171875,1800,0.0,0.0
2018-06-13 00:00:00+09:00,1606.2261976972811,1606.2261976972811,1603.304015409172,1604.278076171875,1100,0.0,0.0
2018-06-14 00:00:00+09:00,1605.2521355272136,1606.2261962890625,1601.3558924798174,1606.2261962890625,1700,0.0,0.0
2018-06-15 00:00:00+09:00,1600.3816498691594,1607.2000744273362,1598.4335285668233,1605.251953125,3100,0.0,0.0
2018-06-18 00:00:00+09:00,1600.3817742340757,1609.1483207758326,1598.4336527803518,1601.3558349609375,2300,0.0,0.0
2018-06-19 00:00:00+09:00,1608.1741338926372,1608.1741338926372,1603.3038306403882,1607.2000732421875,2200,0.0,0.0
2018-06-20 00:00:00+09:00,1607.200193982436,1610.1223761533133,1602.3298903643074,1609.1483154296875,1800,0.0,0.0
2018-06-21 00:00:00+09:00,1610.1222563808403,1610.1222563808403,1601.3557105203276,1605.251953125,2000,0.0,0.0
2018-06-22 00:00:00+09:00,1610.1223748240534,1611.096435546875,1600.3817675958378,1611.096435546875,1400,0.0,0.0
2018-06-25 00:00:00+09:00,1611.0963182229173,1611.0963182229173,1602.3297723559244,1603.3038330078125,1700,0.0,0.0
2018-06-26 00:00:00+09:00,1614.992558445786,1614.992558445786,1603.3038306403882,1607.2000732421875,1200,0.0,0.0
2018-06-27 00:00:00+09:00,1607.200137431136,1607.200137431136,1602.329833984375,1602.329833984375,1100,0.0,0.0
2018-06-28 00:00:00+09:00,1602.329951840267,1608.17431640625,1601.3558910792701,1608.17431640625,2300,0.0,0.0
2018-06-29 00:00:00+09:00,1601.3558349609375,1609.1483207758326,1601.3558349609375,1601.3558349609375,1600,0.0,0.0
2018-07-02 00:00:00+09:00,1614.9926878394149,1614.9926878394149,1597.4595947265625,1597.4595947265625,4900,0.0,0.0
2018-07-03 00:00:00+09:00,1603.3039564146613,1603.3039564146613,1597.45959205349,1601.3558349609375,2500,0.0,0.0
2018-07-04 00:00:00+09:00,1601.3556457703928,1612.0703125,1599.407524546828,1612.0703125,2500,0.0,0.0
2018-07-05 00:00:00+09:00,1610.1222563808403,1610.1222563808403,1604.2778924738318,1605.251953125,2000,0.0,0.0
2018-07-06 00:00:00+09:00,1604.2778936597006,1605.2519543115889,1597.4594690964839,1603.3038330078125,3900,0.0,0.0
2018-07-09 00:00:00+09:00,1606.2260792771176,1608.174200658897,1598.43359375,1598.43359375,2400,0.0,0.0
2018-07-10 00:00:00+09:00,1599.4076557077963,1601.3557770911189,1596.4854736328125,1596.4854736328125,3800,0.0,0.0
2018-07-11 00:00:00+09:00,1602.3297723559244,1603.3038330078125,1599.4075904002602,1603.3038330078125,1200,0.0,0.0
2018-07-12 00:00:00+09:00,1604.2778936597006,1604.2778936597006,1596.4854084445958,1603.3038330078125,1600,0.0,0.0
2018-07-13 00:00:00+09:00,1607.2001399680073,1607.2001399680073,1595.511411677331,1598.43359375,3700,0.0,0.0
2018-07-16 00:00:00+09:00,1598.43359375,1598.43359375,1598.43359375,1598.43359375,0,0.0,0.0
2018-07-17 00:00:00+09:00,1605.2519543115889,1605.2519543115889,1597.4594690964839,1603.3038330078125,1900,0.0,0.0
2018-07-18 00:00:00+09:00,1606.2260792771176,1607.2001399680073,1593.5632902955515,1598.43359375,2500,0.0,0.0
2018-07-19 00:00:00+09:00,1595.5114705997662,1603.3039564146613,1593.5633491460426,1601.3558349609375,1900,0.0,0.0
2018-07-20 00:00:00+09:00,1593.5632915578287,1600.3817163994577,1593.5632915578287,1596.4854736328125,1500,0.0,0.0
2018-07-23 00:00:00+09:00,1607.200075615365,1607.200075615365,1588.692923229491,1603.3038330078125,3700,0.0,0.0
2018-07-24 00:00:00+09:00,1599.40771484375,1605.252079209805,1599.40771484375,1599.40771484375,900,0.0,0.0
2018-07-25 00:00:00+09:00,1599.4076557077963,1599.4076557077963,1589.6670487911838,1596.4854736328125,1700,0.0,0.0
2018-07-26 00:00:00+09:00,1594.5374112053707,1605.252079209805,1589.6671075669915,1599.40771484375,1200,0.0,0.0
2018-07-27 00:00:00+09:00,1599.40777235836,1604.278076171875,1599.40777235836,1604.278076171875,800,0.0,0.0
2018-07-30 00:00:00+09:00,1597.459586746179,1609.1483154296875,1595.5114652989275,1609.1483154296875,4600,0.0,0.0
2018-07-31 00:00:00+09:00,1608.1741981204882,1608.1741981204882,1588.6929843334442,1602.329833984375,5400,0.0,0.0
2018-08-01 00:00:00+09:00,1606.226138595247,1606.226138595247,1589.667106238595,1601.3558349609375,3100,0.0,0.0
2018-08-02 00:00:00+09:00,1606.2260780079075,1606.2260780079075,1600.3817138671875,1600.3817138671875,1300,0.0,0.0
2018-08-03 00:00:00+09:00,1597.4595947265625,1601.3558376405297,1594.537412541087,1597.4595947265625,2400,0.0,0.0
2018-08-06 00:00:00+09:00,1597.4595947265625,1597.4595947265625,1597.4595947265625,1597.4595947265625,0,0.0,0.0
2018-08-07 00:00:00+09:00,1597.4595317968274,1603.3038959375476,1593.5632890363474,1600.3817138671875,1300,0.0,0.0
2018-08-08 00:00:00+09:00,1592.5892964531392,1597.4596001120174,1589.6671142578125,1589.6671142578125,3200,0.0,0.0
2018-08-09 00:00:00+09:00,1589.6671142578125,1596.4855393802418,1589.6671142578125,1589.6671142578125,1400,0.0,0.0
2018-08-10 00:00:00+09:00,1590.6411145535953,1594.537357332661,1588.6929931640625,1588.6929931640625,2200,0.0,0.0
2018-08-13 00:00:00+09:00,1588.6930535260367,1589.6671142578125,1587.718992794261,1589.6671142578125,2800,0.0,0.0
2018-08-14 00:00:00+09:00,1589.6670487911838,1605.252019857764,1588.6929880995224,1596.4854736328125,1800,0.0,0.0
2018-08-15 00:00:00+09:00,1598.433595016135,1598.433595016135,1592.5892308661676,1596.4854736328125,2600,0.0,0.0
2018-08-16 00:00:00+09:00,1592.5892321307556,1603.3038997475376,1592.5892321307556,1594.537353515625,1900,0.0,0.0
2018-08-17 00:00:00+09:00,1594.5372859621511,1606.226013776168,1590.6410433574788,1605.251953125,2200,0.0,0.0
2018-08-20 00:00:00+09:00,1606.226146697998,1607.2002074297736,1589.6671142578125,1589.6671142578125,2600,0.0,0.0
2018-08-21 00:00:00+09:00,1589.667053858829,1589.667053858829,1588.6929931640625,1588.6929931640625,1000,0.0,0.0
2018-08-22 00:00:00+09:00,1588.6929931640625,1596.485478722194,1587.718932469296,1588.6929931640625,1400,0.0,0.0
2018-08-23 00:00:00+09:00,1597.4595368644877,1597.4595368644877,1588.6929906255973,1592.5892333984375,1200,0.0,0.0
2018-08-24 00:00:00+09:00,1592.5892964531392,1602.3299037708955,1587.718992794261,1589.6671142578125,1700,0.0,0.0
2018-08-27 00:00:00+09:00,1590.6411057121486,1602.329833984375,1589.6670450227964,1602.329833984375,2200,0.0,0.0
2018-08-28 00:00:00+09:00,1602.3299010633548,1602.3299010633548,1589.6671115716688,1593.5633544921875,1900,0.0,0.0
2018-08-29 00:00:00+09:00,1593.5633571849148,1602.3299037708955,1587.718992794261,1589.6671142578125,3100,0.0,0.0
2018-08-30 00:00:00+09:00,1590.6411709628262,1601.3558389852335,1590.6411709628262,1595.511474609375,1800,0.0,0.0
2018-08-31 00:00:00+09:00,1591.6151147011599,1591.6151147011599,1587.7188720703125,1587.7188720703125,2500,0.0,0.0
2018-09-03 00:00:00+09:00,1588.693052182145,1594.537416567855,1588.693052182145,1591.615234375,1700,0.0,0.0
2018-09-04 00:00:00+09:00,1588.6929893610168,1594.537353515625,1588.6929893610168,1594.537353515625,2400,0.0,0.0
2018-09-05 00:00:00+09:00,1595.5114167511865,1595.5114167511865,1588.6929918932753,1590.64111328125,1700,0.0,0.0
2018-09-06 00:00:00+09:00,1590.6411145535953,1590.6411145535953,1588.6929931640625,1588.6929931640625,2000,0.0,0.0
2018-09-07 00:00:00+09:00,1587.7189311992881,1590.64111328125,1587.7189311992881,1590.64111328125,3700,0.0,0.0
2018-09-10 00:00:00+09:00,1589.666993385736,1590.641054043448,1586.7448114126007,1587.7188720703125,5500,0.0,0.0
2018-09-11 00:00:00+09:00,1590.6411145535953,1590.6411145535953,1587.718932469296,1588.6929931640625,1800,0.0,0.0
2018-09-12 00:00:00+09:00,1588.6930535260367,1591.6152357213637,1588.6930535260367,1589.6671142578125,2100,0.0,0.0
2018-09-13 00:00:00+09:00,1598.4335962853638,1598.4335962853638,1589.6670500534515,1594.537353515625,7700,0.0,0.0
2018-09-14 00:00:00+09:00,1596.4854749004944,1596.4854749004944,1594.537353515625,1594.537353515625,7300,0.0,0.0
2018-09-17 00:00:00+09:00,1594.537353515625,1594.537353515625,1594.537353515625,1594.537353515625,0,0.0,0.0
2018-09-18 00:00:00+09:00,1593.5632902955515,1599.4076544408897,1592.5892296046618,1598.43359375,5000,0.0,0.0
2018-09-19 00:00:00+09:00,1598.4337101942704,1606.2261962890625,1598.4337101942704,1606.2261962890625,4400,0.0,0.0
2018-09-20 00:00:00+09:00,1606.2260767417838,1607.200137431136,1596.4854698482618,1602.329833984375,8100,0.0,0.0
2018-09-21 00:00:00+09:00,1606.2259488293053,1612.0703125,1602.3297063821753,1612.0703125,6700,0.0,0.0
2018-09-24 00:00:00+09:00,1612.0703125,1612.0703125,1612.0703125,1612.0703125,0,0.0,0.0
2018-09-25 00:00:00+09:00,1612.0704909782546,1618.888916015625,1612.0704909782546,1618.888916015625,18600,0.0,0.0
2018-09-26 00:00:00+09:00,1603.3038896490282,1610.122314453125,1600.3817075901297,1610.122314453125,7000,0.0,0.0
2018-09-27 00:00:00+09:00,1608.1742547060617,1611.096436876939,1605.2520725351847,1609.1483154296875,3100,0.0,0.0
2018-09-28 00:00:00+09:00,1607.200075615365,1612.0703788748056,1603.3038330078125,1603.3038330078125,2400,0.0,0.0
2018-10-01 00:00:00+09:00,1621.8111034979124,1621.8111034979124,1609.148314101232,1611.096435546875,3900,0.0,0.0
2018-10-02 00:00:00+09:00,1613.0444915054936,1619.8629162884274,1612.0704308222173,1617.914794921875,1400,0.0,0.0
2018-10-03 00:00:00+09:00,1621.811102162237,1621.811102162237,1613.0445556640625,1613.0445556640625,3700,0.0,0.0
2018-10-04 00:00:00+09:00,1614.018615060031,1620.8370401085645,1614.018615060031,1614.99267578125,2700,0.0,0.0
2018-10-05 00:00:00+09:00,1614.9926784381614,1615.966739160983,1611.096435546875,1611.096435546875,2500,0.0,0.0
2018-10-08 00:00:00+09:00,1611.096435546875,1611.096435546875,1611.096435546875,1611.096435546875,0,0.0,0.0
2018-10-09 00:00:00+09:00,1607.200137431136,1608.1741981204882,1602.329833984375,1602.329833984375,1900,0.0,0.0
2018-10-10 00:00:00+09:00,1601.3557745573075,1604.2779566276674,1598.4335924869474,1600.3817138671875,1700,0.0,0.0
2018-10-11 00:00:00+09:00,1594.53735224949,1599.4076557077963,1587.7189274078612,1596.4854736328125,5800,0.0,0.0
2018-10-12 00:00:00+09:00,1595.5114154780676,1596.4854761712777,1590.6411120120174,1592.5892333984375,4100,0.0,0.0
2018-10-15 00:00:00+09:00,1602.3298416090975,1602.3298416090975,1590.64111328125,1590.64111328125,2700,0.0,0.0
2018-10-16 00:00:00+09:00,1590.6411723017984,1606.2261439838735,1590.6411723017984,1593.5633544921875,2500,0.0,0.0
2018-10-17 00:00:00+09:00,1594.5374112053707,1605.252079209805,1590.6411682946673,1599.40771484375,2700,0.0,0.0
2018-10-18 00:00:00+09:00,1602.3297711714956,1611.0963170320085,1602.3297711714956,1605.251953125,3300,0.0,0.0
2018-10-19 00:00:00+09:00,1602.3298983690215,1605.2520805544968,1597.4595947265625,1597.4595947265625,1600,0.0,0.0
2018-10-22 00:00:00+09:00,1595.5114719330466,1601.3558362991016,1593.563350477695,1599.40771484375,2400,0.0,0.0
2018-10-23 00:00:00+09:00,1600.3817823073443,1605.2520859662222,1589.6671142578125,1589.6671142578125,3900,0.0,0.0
2018-10-24 00:00:00+09:00,1605.2519519412879,1607.2000732421875,1597.4594667376894,1607.2000732421875,2600,0.0,0.0
2018-10-25 00:00:00+09:00,1592.5893032389122,1599.407728390394,1579.926513671875,1579.926513671875,7200,0.0,0.0
2018-10-26 00:00:00+09:00,1589.6671129130966,1602.329902415468,1589.6671129130966,1591.615234375,4600,0.0,0.0
2018-10-29 00:00:00+09:00,1605.252018586228,1605.252018586228,1590.6411082228824,1598.43359375,1300,0.0,0.0
2018-10-30 00:00:00+09:00,1596.4853427114804,1612.0703125,1589.666918429003,1612.0703125,7800,0.0,0.0
2018-10-31 00:00:00+09:00,1611.096382731566,1611.096382731566,1592.5892296046618,1598.43359375,2200,0.0,0.0
2018-11-01 00:00:00+09:00,1589.6670500534515,1599.4076569777988,1589.6670500534515,1594.537353515625,3200,0.0,0.0
2018-11-02 00:00:00+09:00,1602.329902415468,1602.329902415468,1591.615234375,1591.615234375,1900,0.0,0.0
2018-11-05 00:00:00+09:00,1610.1223841969559,1610.1223841969559,1590.6411696271198,1597.4595947265625,2400,0.0,0.0
2018-11-06 00:00:00+09:00,1592.589164659815,1607.2000744273362,1592.589164659815,1605.251953125,2000,0.0,0.0
2018-11-07 00:00:00+09:00,1605.252079209805,1608.1742613928327,1599.40771484375,1599.40771484375,1900,0.0,0.0
2018-11-08 00:00:00+09:00,1611.0963170320085,1611.0963170320085,1597.4594679156553,1605.251953125,1300,0.0,0.0
2018-11-09 00:00:00+09:00,1605.252136934578,1605.252136934578,1598.4337115956569,1604.278076171875,1400,0.0,0.0
2018-11-12 00:00:00+09:00,1597.4596494324212,1606.2261962890625,1597.4596494324212,1606.2261962890625,700,0.0,0.0
2018-11-13 00:00:00+09:00,1608.174136267253,1608.174136267253,1603.3038330078125,1603.3038330078125,3500,0.0,0.0
2018-11-14 00:00:00+09:00,1610.1223828481843,1610.1223828481843,1598.4336541160742,1599.40771484375,2200,0.0,0.0
2018-11-15 00:00:00+09:00,1602.3297711714956,1607.2000744273362,1598.4335285668233,1605.251953125,1700,0.0,0.0
2018-11-16 00:00:00+09:00,1606.2261948842556,1609.148377167247,1599.4077695572757,1608.17431640625,1900,0.0,0.0
2018-11-19 00:00:00+09:00,1608.174319222687,1609.1483799853902,1604.278076171875,1604.278076171875,500,0.0,0.0
2018-11-20 00:00:00+09:00,1604.278076171875,1604.278076171875,1604.278076171875,1604.278076171875,0,0.0,0.0
2018-11-21 00:00:00+09:00,1602.329833984375,1606.2260767417838,1602.329833984375,1602.329833984375,1700,0.0,0.0
2018-11-22 00:00:00+09:00,1612.0703788748056,1612.0703788748056,1603.3038330078125,1603.3038330078125,2600,0.0,0.0
2018-11-23 00:00:00+09:00,1603.3038330078125,1603.3038330078125,1603.3038330078125,1603.3038330078125,0,0.0,0.0
2018-11-26 00:00:00+09:00,1599.4076519163184,1605.2520160524316,1599.4076519163184,1602.329833984375,1500,0.0,0.0
2018-11-27 00:00:00+09:00,1606.2260125917378,1607.2000732421875,1599.407588038589,1607.2000732421875,3200,0.0,0.0
2018-11-28 00:00:00+09:00,1611.0965000983078,1612.0705608601568,1602.3299532416663,1606.2261962890625,2400,0.0,0.0
2018-11-29 00:00:00+09:00,1611.0963801885448,1611.0963801885448,1599.4076519163184,1602.329833984375,2400,0.0,0.0
2018-11-30 00:00:00+09:00,1602.3298352474276,1608.1741993881476,1598.4335924869474,1600.3817138671875,3100,0.0,0.0
2018-12-03 00:00:00+09:00,1607.2001913319464,1613.0445556640625,1597.4595841117527,1613.0445556640625,6900,0.0,0.0
2018-12-04 00:00:00+09:00,1610.122314453125,1610.122314453125,1607.2001323942263,1610.122314453125,2600,0.0,0.0
2018-12-05 00:00:00+09:00,1610.1224379282442,1612.0705594502383,1608.17431640625,1608.17431640625,3800,0.0,0.0
2018-12-06 00:00:00+09:00,1612.0705608601568,1612.0705608601568,1606.2261962890625,1606.2261962890625,4500,0.0,0.0
2018-12-07 00:00:00+09:00,1612.0703764944365,1612.0703764944365,1603.3038306403882,1607.2000732421875,3400,0.0,0.0
2018-12-10 00:00:00+09:00,1613.044621622006,1613.044621622006,1605.2521355272136,1606.2261962890625,4700,0.0,0.0
2018-12-11 00:00:00+09:00,1603.3038959375476,1606.2260780079075,1599.4076531770675,1600.3817138671875,4700,0.0,0.0
2018-12-12 00:00:00+09:00,1606.226013776168,1606.226013776168,1600.3816498691594,1605.251953125,4300,0.0,0.0
2018-12-13 00:00:00+09:00,1599.4075904002602,1606.226014963477,1599.4075904002602,1603.3038330078125,4100,0.0,0.0
2018-12-14 00:00:00+09:00,1605.2521355272136,1606.2261962890625,1599.4077709561193,1606.2261962890625,5200,0.0,0.0
2018-12-17 00:00:00+09:00,1605.252018586228,1605.252018586228,1598.43359375,1598.43359375,2000,0.0,0.0
2018-12-18 00:00:00+09:00,1598.4335285668233,1605.251953125,1598.4335285668233,1605.251953125,1700,0.0,0.0
2018-12-19 00:00:00+09:00,1605.2520160524316,1606.2260767417838,1601.3557732950228,1602.329833984375,2600,0.0,0.0
2018-12-20 00:00:00+09:00,1602.3299010633548,1604.2780225236143,1593.5633544921875,1593.5633544921875,6800,0.0,0.0
2018-12-21 00:00:00+09:00,1587.7189968432888,1593.5633612488468,1583.82275390625,1583.82275390625,6800,0.0,0.0
2018-12-24 00:00:00+09:00,1583.82275390625,1583.82275390625,1583.82275390625,1583.82275390625,0,0.0,0.0
2018-12-25 00:00:00+09:00,1582.8485747914256,1582.8485747914256,1563.3673615632233,1577.978271484375,8000,0.0,0.0
2018-12-26 00:00:00+09:00,1569.2118509852753,1586.7449442923732,1569.2118509852753,1572.134033203125,3100,0.0,0.0
2018-12-27 00:00:00+09:00,1590.6411145535953,1595.5114180274277,1584.7967503849968,1588.6929931640625,3300,0.0,0.0
2018-12-28 00:00:00+09:00,1578.952443540242,1593.5633544921875,1578.952443540242,1593.5633544921875,3700,0.0,0.0
2018-12-31 00:00:00+09:00,1593.5633544921875,1593.5633544921875,1593.5633544921875,1593.5633544921875,0,0.0,0.0
2019-01-04 00:00:00+09:00,1595.5114129411513,1599.4076557077963,1593.5632915578287,1596.4854736328125,4500,0.0,0.0
2019-01-07 00:00:00+09:00,1607.200075615365,1609.1481969191411,1596.4854084445958,1603.3038330078125,2800,0.0,0.0
2019-01-08 00:00:00+09:00,1603.3039590975134,1607.2002020114805,1597.4595947265625,1597.4595947265625,2400,0.0,0.0
2019-01-09 00:00:00+09:00,1600.3817138671875,1606.2260780079075,1600.3817138671875,1600.3817138671875,2100,0.0,0.0
2019-01-10 00:00:00+09:00,1607.200200665157,1607.200200665157,1598.4336541160742,1599.40771484375,1700,0.0,0.0
2019-01-11 00:00:00+09:00,1606.2260780079075,1606.2260780079075,1597.4595317968274,1600.3817138671875,1600,0.0,0.0
2019-01-15 00:00:00+09:00,1601.355775822669,1606.2260792771176,1597.4595330591103,1598.43359375,3300,0.0,0.0
2019-01-16 00:00:00+09:00,1598.433595016135,1600.3817163994577,1596.4854736328125,1596.4854736328125,1700,0.0,0.0
2019-01-17 00:00:00+09:00,1598.4335962853638,1602.3298390551029,1594.537353515625,1594.537353515625,1600,0.0,0.0
2019-01-18 00:00:00+09:00,1601.35584303912,1601.35584303912,1588.6930535260367,1589.6671142578125,2000,0.0,0.0
2019-01-21 00:00:00+09:00,1595.5114732695788,1605.2520805544968,1595.5114732695788,1597.4595947265625,2400,0.0,0.0
2019-01-22 00:00:00+09:00,1597.459530537614,1604.2779553630794,1597.459530537614,1602.329833984375,900,0.0,0.0
2019-01-23 00:00:00+09:00,1602.329840330538,1602.329840330538,1592.5892333984375,1592.5892333984375,2400,0.0,0.0
2019-01-24 00:00:00+09:00,1592.5892346692247,1597.4595381391612,1589.6670525872628,1590.64111328125,4000,0.0,0.0
2019-01-25 00:00:00+09:00,1590.6411120120174,1595.5114154780676,1590.6411120120174,1592.5892333984375,2100,0.0,0.0
2019-01-28 00:00:00+09:00,1592.5892359431282,1595.5114180274277,1588.6929931640625,1588.6929931640625,4300,0.0,0.0
2019-01-29 00:00:00+09:00,1588.6929931640625,1596.485478722194,1588.6929931640625,1588.6929931640625,2100,0.0,0.0
2019-01-30 00:00:00+09:00,1597.4595432692306,1597.4595432692306,1582.8486328125,1582.8486328125,4900,0.0,0.0
2019-01-31 00:00:00+09:00,1585.7708767294296,1595.5114840803476,1580.9005730539707,1581.8746337890625,4200,0.0,0.0
2019-02-01 00:00:00+09:00,1580.9004008925965,1580.9004008925965,1563.3673095703125,1563.3673095703125,9800,0.0,0.0
2019-02-04 00:00:00+09:00,1578.952396432977,1578.952396432977,1571.1599108244243,1573.1080322265625,2900,0.0,0.0
2019-02-05 00:00:00+09:00,1581.8746337890625,1584.796815994338,1579.9265123188788,1581.8746337890625,2000,0.0,0.0
2019-02-06 00:00:00+09:00,1581.8746284036074,1589.6671142578125,1581.8746284036074,1589.6671142578125,1700,0.0,0.0
2019-02-07 00:00:00+09:00,1594.5373547848576,1596.4854761712777,1584.796747852757,1592.5892333984375,1300,0.0,0.0
2019-02-08 00:00:00+09:00,1582.8485699777814,1597.4594798544995,1582.8485699777814,1585.770751953125,1700,0.0,0.0
2019-02-12 00:00:00+09:00,1594.537412541087,1600.3817769120378,1590.6411696271198,1597.4595947265625,1800,0.0,0.0
2019-02-13 00:00:00+09:00,1599.407720222613,1599.407720222613,1588.693052182145,1591.615234375,2300,0.0,0.0
2019-02-14 00:00:00+09:00,1597.4595947265625,1598.4336554550543,1590.6411696271198,1597.4595947265625,2000,0.0,0.0
2019-02-15 00:00:00+09:00,1599.4076582509078,1599.4076582509078,1590.6411120120174,1592.5892333984375,2700,0.0,0.0
2019-02-18 00:00:00+09:00,1600.3817755714258,1601.3558362991016,1593.563350477695,1599.40771484375,1800,0.0,0.0
2019-02-19 00:00:00+09:00,1602.329833984375,1602.329833984375,1599.4076519163184,1602.329833984375,1800,0.0,0.0
2019-02-20 00:00:00+09:00,1602.3298365135588,1602.3298365135588,1595.511411677331,1598.43359375,1700,0.0,0.0
2019-02-21 00:00:00+09:00,1602.3297723559244,1604.2778936597006,1597.4594690964839,1603.3038330078125,1800,0.0,0.0
2019-02-22 00:00:00+09:00,1604.2779578953382,1604.2779578953382,1598.43359375,1598.43359375,1600,0.0,0.0
2019-02-25 00:00:00+09:00,1600.3817138671875,1604.2779566276674,1595.5114104165873,1600.3817138671875,2900,0.0,0.0
2019-02-26 00:00:00+09:00,1600.3817769120378,1606.2261412829887,1593.563351812595,1597.4595947265625,3900,0.0,0.0
2019-02-27 00:00:00+09:00,1594.5373547848576,1600.381718944118,1592.5892333984375,1592.5892333984375,3300,0.0,0.0
2019-02-28 00:00:00+09:00,1592.5892910841035,1602.3298983690215,1592.5892910841035,1597.4595947265625,1600,0.0,0.0
2019-03-01 00:00:00+09:00,1593.563406385025,1606.2261962890625,1593.563406385025,1606.2261962890625,2400,0.0,0.0
2019-03-04 00:00:00+09:00,1605.252136934578,1607.200258459984,1604.278076171875,1604.278076171875,4600,0.0,0.0
2019-03-05 00:00:00+09:00,1604.2778912908382,1607.2000732421875,1604.2778912908382,1607.2000732421875,2100,0.0,0.0
2019-03-06 00:00:00+09:00,1602.3297699899385,1607.2000732421875,1602.3297699899385,1607.2000732421875,3500,0.0,0.0
2019-03-07 00:00:00+09:00,1603.303945812547,1616.9407958984375,1603.303945812547,1616.9407958984375,3900,0.0,0.0
2019-03-08 00:00:00+09:00,1608.17431640625,1614.0186809722327,1607.2002556452528,1608.17431640625,3800,0.0,0.0
2019-03-11 00:00:00+09:00,1608.1742547060617,1613.0445583241903,1607.200193982436,1609.1483154296875,4800,0.0,0.0
2019-03-12 00:00:00+09:00,1609.1483101350714,1616.9407958984375,1609.1483101350714,1616.9407958984375,4600,0.0,0.0
2019-03-13 00:00:00+09:00,1620.8369744744746,1621.81103515625,1612.0704283384948,1621.81103515625,2600,0.0,0.0
2019-03-14 00:00:00+09:00,1625.707214940938,1625.707214940938,1618.888790432498,1624.733154296875,1800,0.0,0.0
2019-03-15 00:00:00+09:00,1626.6812744140625,1627.6553350574243,1622.7850318406156,1626.6812744140625,4200,0.0,0.0
2019-03-18 00:00:00+09:00,1626.6813323519123,1631.5516357421875,1624.7332109958022,1631.5516357421875,10300,0.0,0.0
2019-03-19 00:00:00+09:00,1631.551638225964,1631.551638225964,1624.7332134691987,1627.6553955078125,5700,0.0,0.0
2019-03-20 00:00:00+09:00,1626.6813385651276,1627.6553992469032,1616.9407317473724,1621.81103515625,14100,0.0,0.0
2019-03-22 00:00:00+09:00,1621.8109711972538,1628.6293957007858,1616.9406679804454,1626.6812744140625,11500,0.0,0.0
2019-03-25 00:00:00+09:00,1626.6813410713614,1627.6554017546375,1616.9407342385987,1617.914794921875,12900,0.0,0.0
2019-03-26 00:00:00+09:00,1626.681392551322,1634.4738782641427,1616.940785410296,1632.5257568359375,22300,0.0,0.0
2019-03-27 00:00:00+09:00,1608.851657618749,1608.851657618749,1599.9738741003132,1603.9195556640625,1500,21.0,0.0
2019-03-28 00:00:00+09:00,1603.9195556640625,1603.9195556640625,1603.9195556640625,1603.9195556640625,0,0.0,0.0
2019-03-29 00:00:00+09:00,1612.797465106856,1612.797465106856,1598.001158087527,1599.9739990234375,3900,0.0,0.0
2019-04-01 00:00:00+09:00,1599.9738443509616,1612.7973091947117,1599.9738443509616,1602.93310546875,2400,0.0,0.0
2019-04-02 00:00:00+09:00,1611.8109487241663,1611.8109487241663,1600.9603242223513,1604.906005859375,1700,0.0,0.0
2019-04-03 00:00:00+09:00,1612.797333473383,1612.797333473383,1601.9467092114826,1611.8109130859375,1500,0.0,0.0
2019-04-04 00:00:00+09:00,1602.9331621255412,1611.810945792698,1602.9331621255412,1608.8516845703125,2100,0.0,0.0
2019-04-05 00:00:00+09:00,1610.8244984006237,1612.7973391824983,1602.9331352731251,1603.9195556640625,3900,0.0,0.0
2019-04-08 00:00:00+09:00,1602.9332244666973,1611.8110084791283,1602.9332244666973,1606.87890625,700,0.0,0.0
2019-04-09 00:00:00+09:00,1600.9602376302082,1601.9466579861112,1598.0009765625,1598.0009765625,1600,0.0,0.0
2019-04-10 00:00:00+09:00,1598.001158087527,1606.8789422991244,1598.001158087527,1599.9739990234375,1200,0.0,0.0
2019-04-11 00:00:00+09:00,1605.892495083971,1606.8789155354968,1595.0418701171875,1595.0418701171875,2400,0.0,0.0
2019-04-12 00:00:00+09:00,1605.8924292037316,1606.8788496147904,1595.0418046820848,1600.9603271484375,3100,0.0,0.0
2019-04-15 00:00:00+09:00,1600.9603330440934,1601.9467534587848,1593.0689697265625,1593.0689697265625,3900,0.0,0.0
2019-04-16 00:00:00+09:00,1593.0689638599672,1603.919588381614,1593.0689638599672,1600.9603271484375,1500,0.0,0.0
2019-04-17 00:00:00+09:00,1600.9602376302082,1602.933078342014,1598.0009765625,1598.0009765625,1300,0.0,0.0
2019-04-18 00:00:00+09:00,1598.001122237569,1607.8653266958256,1597.0147017917434,1606.87890625,4000,0.0,0.0
2019-04-19 00:00:00+09:00,1605.8924292037316,1605.8924292037316,1598.9874863263199,1600.9603271484375,900,0.0,0.0
2019-04-22 00:00:00+09:00,1598.9875785554823,1599.9739990234375,1598.001158087527,1599.9739990234375,800,0.0,0.0
2019-04-23 00:00:00+09:00,1598.9874863263199,1601.9467475594963,1596.0282250931436,1600.9603271484375,1200,0.0,0.0
2019-04-24 00:00:00+09:00,1604.9059462139423,1606.8787869591347,1600.9602647235577,1602.93310546875,1300,0.0,0.0
2019-04-25 00:00:00+09:00,1606.878799937855,1627.5936279296875,1601.9466980350378,1627.5936279296875,4100,0.0,0.0
2019-04-26 00:00:00+09:00,1606.8788408471903,1624.6344081493692,1606.8788408471903,1612.79736328125,1100,0.0,0.0
2019-05-07 00:00:00+09:00,1624.6344381393021,1624.6344381393021,1611.8109726287917,1613.7838134765625,2300,0.0,0.0
2019-05-08 00:00:00+09:00,1613.7837567101228,1613.7837567101228,1598.987450872316,1607.865234375,2700,0.0,0.0
2019-05-09 00:00:00+09:00,1618.715894547496,1618.715894547496,1598.001065915261,1600.9603271484375,2000,0.0,0.0
2019-05-10 00:00:00+09:00,1600.9603330440934,1600.9603330440934,1593.0689697265625,1593.0689697265625,2700,0.0,0.0
2019-05-13 00:00:00+09:00,1593.0690354275512,1599.9739786151627,1587.1505126953125,1587.1505126953125,2300,0.0,0.0
2019-05-14 00:00:00+09:00,1579.2590717435633,1588.136855407331,1565.449186044369,1568.408447265625,7300,0.0,0.0
2019-05-15 00:00:00+09:00,1570.3813805361076,1587.1505284438424,1567.422119140625,1567.422119140625,3900,0.0,0.0
2019-05-16 00:00:00+09:00,1568.408352364567,1582.2182372281545,1568.408352364567,1573.3404541015625,1700,0.0,0.0
2019-05-17 00:00:00+09:00,1573.3405908263555,1594.055419921875,1569.3949090938756,1594.055419921875,4000,0.0,0.0
2019-05-20 00:00:00+09:00,1594.0553304692344,1594.0553304692344,1578.2726044249846,1591.0960693359375,2200,0.0,0.0
2019-05-21 00:00:00+09:00,1593.068852973563,1593.068852973563,1577.286127495187,1585.177490234375,2400,0.0,0.0
2019-05-22 00:00:00+09:00,1585.1775255584716,1591.0960477447509,1573.340481185913,1578.2725830078125,2200,0.0,0.0
2019-05-23 00:00:00+09:00,1578.272675304878,1590.1097203696647,1577.2862548828125,1577.2862548828125,1000,0.0,0.0
2019-05-24 00:00:00+09:00,1574.3269015502929,1588.1367866516114,1574.3269015502929,1578.2725830078125,2000,0.0,0.0
2019-05-27 00:00:00+09:00,1577.2862548828125,1590.1097203696647,1577.2862548828125,1577.2862548828125,600,0.0,0.0
2019-05-28 00:00:00+09:00,1586.1640087218398,1586.1640087218398,1576.2998046875,1576.2998046875,1200,0.0,0.0
2019-05-29 00:00:00+09:00,1576.2998046875,1578.272645494368,1576.2998046875,1576.2998046875,1000,0.0,0.0
2019-05-30 00:00:00+09:00,1575.3133516710748,1579.259033203125,1568.4084089899868,1579.259033203125,2600,0.0,0.0
2019-05-31 00:00:00+09:00,1570.3813119283536,1577.2862548828125,1570.3813119283536,1577.2862548828125,1100,0.0,0.0
2019-06-03 00:00:00+09:00,1577.2862309293928,1577.2862309293928,1568.408447265625,1568.408447265625,1400,0.0,0.0
2019-06-04 00:00:00+09:00,1568.4083793640136,1578.2725830078125,1568.4083793640136,1578.2725830078125,1700,0.0,0.0
2019-06-05 00:00:00+09:00,1582.2182915328076,1583.2047119140625,1571.3676673390041,1583.2047119140625,1700,0.0,0.0
2019-06-06 00:00:00+09:00,1572.354205864716,1592.082614972178,1572.354205864716,1587.1505126953125,1100,0.0,0.0
2019-06-07 00:00:00+09:00,1578.2727285969547,1587.1505126953125,1578.2727285969547,1587.1505126953125,800,0.0,0.0
2019-06-10 00:00:00+09:00,1587.1504146920147,1597.0146186366512,1579.2590515363056,1596.0281982421875,2800,0.0,0.0
2019-06-11 00:00:00+09:00,1596.0282280246295,1597.0146484375,1585.1776034830527,1597.0146484375,1900,0.0,0.0
2019-06-12 00:00:00+09:00,1596.0282905687131,1596.0282905687131,1593.069029214136,1595.0418701171875,1400,0.0,0.0
2019-06-13 00:00:00+09:00,1597.0146484375,1598.0010688503705,1596.0282280246295,1597.0146484375,1900,0.0,0.0
2019-06-14 00:00:00+09:00,1598.0009765625,1598.0009765625,1593.068874782986,1598.0009765625,2300,0.0,0.0
2019-06-17 00:00:00+09:00,1598.0010448005628,1598.0010448005628,1588.1368408203125,1588.1368408203125,1200,0.0,0.0
2019-06-18 00:00:00+09:00,1588.1368705991038,1597.0146543477945,1588.1368705991038,1589.123291015625,1100,0.0,0.0
2019-06-19 00:00:00+09:00,1584.1910698919764,1597.0145343431568,1584.1910698919764,1585.177490234375,2100,0.0,0.0
2019-06-20 00:00:00+09:00,1594.055413908559,1601.94677734375,1585.1776300439694,1601.94677734375,1300,0.0,0.0
2019-06-21 00:00:00+09:00,1588.136813820337,1598.9874380141405,1583.2047119140625,1583.2047119140625,1200,0.0,0.0
2019-06-24 00:00:00+09:00,1584.191224666605,1590.1097472992324,1581.2319633502914,1582.2183837890625,1000,0.0,0.0
2019-06-25 00:00:00+09:00,1582.2182589858326,1593.0688829564335,1581.2318386248687,1586.1639404296875,1100,0.0,0.0
2019-06-26 00:00:00+09:00,1582.2183242016815,1590.1096874146574,1580.2454833984375,1580.2454833984375,1200,0.0,0.0
2019-06-27 00:00:00+09:00,1581.2318386248687,1589.1232015125786,1578.2725775419776,1586.1639404296875,1800,0.0,0.0
2019-06-28 00:00:00+09:00,1579.259033203125,1585.1775555012005,1579.259033203125,1579.259033203125,1400,0.0,0.0
2019-07-01 00:00:00+09:00,1578.2725830078125,1591.0960477447509,1578.2725830078125,1578.2725830078125,2000,0.0,0.0
2019-07-02 00:00:00+09:00,1580.2454237365723,1588.1367866516114,1578.2725830078125,1578.2725830078125,2300,0.0,0.0
2019-07-03 00:00:00+09:00,1578.2726723331255,1584.1911948543748,1578.2726723331255,1581.23193359375,1700,0.0,0.0
2019-07-04 00:00:00+09:00,1583.2046848297118,1584.1911051940917,1578.2725830078125,1578.2725830078125,2000,0.0,0.0
2019-07-05 00:00:00+09:00,1581.2318386248687,1586.1639404296875,1579.2589979029412,1586.1639404296875,3700,0.0,0.0
2019-07-08 00:00:00+09:00,1586.1640655441474,1587.1504859829188,1581.2319633502914,1582.2183837890625,1700,0.0,0.0
2019-07-09 00:00:00+09:00,1582.2182943521627,1584.191135118188,1579.259033203125,1579.259033203125,1800,0.0,0.0
2019-07-10 00:00:00+09:00,1585.1775255584716,1585.1775255584716,1578.2725830078125,1578.2725830078125,2500,0.0,0.0
2019-07-11 00:00:00+09:00,1585.1776152745829,1585.1776152745829,1579.2590927533336,1581.23193359375,1500,0.0,0.0
2019-07-12 00:00:00+09:00,1583.2047147351752,1586.163975884213,1578.2726128201125,1579.259033203125,3300,0.0,0.0
2019-07-16 00:00:00+09:00,1579.2590927533336,1583.2047744341664,1578.2726723331255,1581.23193359375,2200,0.0,0.0
2019-07-17 00:00:00+09:00,1581.231844100952,1583.2046848297118,1578.2725830078125,1578.2725830078125,3100,0.0,0.0
2019-07-18 00:00:00+09:00,1581.2319365710748,1583.2047774152059,1576.299834460747,1577.2862548828125,3500,0.0,0.0
2019-07-19 00:00:00+09:00,1577.2862876949453,1583.204810350461,1574.3270263671875,1574.3270263671875,3600,0.0,0.0
2019-07-22 00:00:00+09:00,1585.177651235633,1585.177651235633,1574.3270263671875,1574.3270263671875,1700,0.0,0.0
2019-07-23 00:00:00+09:00,1581.231876800862,1581.231876800862,1575.3133544921875,1575.3133544921875,1200,0.0,0.0
2019-07-24 00:00:00+09:00,1575.3133544921875,1581.231876800862,1574.3269341074085,1575.3133544921875,1900,0.0,0.0
2019-07-25 00:00:00+09:00,1588.136781151615,1590.1096218735424,1573.3404757371588,1586.1639404296875,3300,0.0,0.0
2019-07-26 00:00:00+09:00,1580.245456416083,1583.2047175704201,1575.3133544921875,1575.3133544921875,1700,0.0,0.0
2019-07-29 00:00:00+09:00,1574.3269341074085,1581.231876800862,1574.3269341074085,1575.3133544921875,1500,0.0,0.0
2019-07-30 00:00:00+09:00,1573.3405998401213,1582.2183837890625,1573.3405998401213,1582.2183837890625,3200,0.0,0.0
2019-07-31 00:00:00+09:00,1578.272648408093,1578.272648408093,1572.3541259765625,1572.3541259765625,3400,0.0,0.0
2019-08-01 00:00:00+09:00,1572.3540608215333,1578.2725830078125,1572.3540608215333,1578.2725830078125,1300,0.0,0.0
2019-08-02 00:00:00+09:00,1578.272651336478,1578.272651336478,1568.408447265625,1568.408447265625,2000,0.0,0.0
2019-08-05 00:00:00+09:00,1581.2318168807553,1581.2318168807553,1573.3404541015625,1573.3404541015625,3400,0.0,0.0
2019-08-06 00:00:00+09:00,1569.3948647607974,1577.2862280028378,1568.4084443555423,1572.3541259765625,3000,0.0,0.0
2019-08-07 00:00:00+09:00,1573.3405998401213,1582.2183837890625,1568.4084976462652,1582.2183837890625,4400,0.0,0.0
2019-08-08 00:00:00+09:00,1574.326907057259,1581.2318496320715,1570.3812255859375,1570.3812255859375,2600,0.0,0.0
2019-08-09 00:00:00+09:00,1579.2590927533336,1581.23193359375,1571.367729391668,1581.23193359375,1800,0.0,0.0
2019-08-13 00:00:00+09:00,1581.231876800862,1581.231876800862,1572.3540933378504,1575.3133544921875,1900,0.0,0.0
2019-08-14 00:00:00+09:00,1569.3949180850364,1582.2183837890625,1569.3949180850364,1582.2183837890625,3400,0.0,0.0
2019-08-15 00:00:00+09:00,1577.2861626434326,1578.2725830078125,1571.3676404571534,1578.2725830078125,2600,0.0,0.0
2019-08-16 00:00:00+09:00,1578.272648408093,1580.2454892186029,1572.3541259765625,1572.3541259765625,1800,0.0,0.0
2019-08-19 00:00:00+09:00,1576.2998075975827,1576.2998075975827,1572.3541259765625,1572.3541259765625,400,0.0,0.0
2019-08-20 00:00:00+09:00,1574.3269015502929,1578.2725830078125,1571.3676404571534,1578.2725830078125,2100,0.0,0.0
2019-08-21 00:00:00+09:00,1572.354123073764,1578.272645494368,1572.354123073764,1576.2998046875,600,0.0,0.0
2019-08-22 00:00:00+09:00,1572.3540608215333,1578.2725830078125,1572.3540608215333,1578.2725830078125,1400,0.0,0.0
2019-08-23 00:00:00+09:00,1577.2861952617457,1577.2861952617457,1573.3405137226293,1575.3133544921875,500,0.0,0.0
2019-08-26 00:00:00+09:00,1569.3947727119662,1577.286135491159,1569.3947727119662,1573.3404541015625,2600,0.0,0.0
2019-08-27 00:00:00+09:00,1569.3948676727102,1576.2998105223073,1568.408447265625,1568.408447265625,1600,0.0,0.0
2019-08-28 00:00:00+09:00,1568.408447265625,1571.367708486881,1568.408447265625,1568.408447265625,1000,0.0,0.0
2019-08-29 00:00:00+09:00,1570.3812880797957,1572.3541288939662,1568.408447265625,1568.408447265625,2000,0.0,0.0
2019-08-30 00:00:00+09:00,1568.4083793640136,1578.2725830078125,1568.4083793640136,1578.2725830078125,1800,0.0,0.0
2019-09-02 00:00:00+09:00,1578.2725830078125,1578.2725830078125,1575.3133219146728,1578.2725830078125,1500,0.0,0.0
2019-09-03 00:00:00+09:00,1578.2726723331255,1582.2183540139583,1573.3405702320845,1581.23193359375,2000,0.0,0.0
2019-09-04 00:00:00+09:00,1581.2319038000596,1585.1775854065475,1574.3269609887057,1580.2454833984375,4600,0.0,0.0
2019-09-05 00:00:00+09:00,1580.2454805100988,1584.191162109375,1576.2997989108226,1584.191162109375,2500,0.0,0.0
2019-09-06 00:00:00+09:00,1584.1911978372714,1584.1911978372714,1574.326993616616,1577.2862548828125,2900,0.0,0.0
2019-09-09 00:00:00+09:00,1582.2182915328076,1583.2047119140625,1578.2726100077882,1583.2047119140625,4100,0.0,0.0
2019-09-10 00:00:00+09:00,1584.1912513291932,1587.1505126953125,1583.2048308738201,1587.1505126953125,1900,0.0,0.0
2019-09-11 00:00:00+09:00,1588.1368408203125,1588.1368408203125,1583.2047388301874,1588.1368408203125,2800,0.0,0.0
2019-09-12 00:00:00+09:00,1588.1368705991038,1591.0961318486675,1583.204768516498,1589.123291015625,4600,0.0,0.0
2019-09-13 00:00:00+09:00,1592.082546373147,1597.0146484375,1583.2047626573117,1597.0146484375,9200,0.0,0.0
2019-09-17 00:00:00+09:00,1596.0282011162096,1598.9874623049295,1592.08251953125,1592.08251953125,4500,0.0,0.0
2019-09-18 00:00:00+09:00,1592.082570068959,1605.8924560546875,1589.1233087863031,1605.8924560546875,3300,0.0,0.0
2019-09-19 00:00:00+09:00,1598.9875426833946,1606.87890625,1598.9875426833946,1606.87890625,5300,0.0,0.0
2019-09-20 00:00:00+09:00,1603.9195258413463,1605.8923665865386,1601.946685096154,1602.93310546875,5800,0.0,0.0
2019-09-24 00:00:00+09:00,1588.1368560136132,1608.8516845703125,1588.1368560136132,1608.8516845703125,12600,0.0,0.0
2019-09-25 00:00:00+09:00,1607.865234375,1613.7837567101228,1601.9467120398774,1607.865234375,6700,0.0,0.0
2019-09-26 00:00:00+09:00,1613.7836887266576,1617.7293701171875,1609.838007336128,1617.7293701171875,15700,0.0,0.0
2019-09-27 00:00:00+09:00,1606.8788283827882,1606.8788283827882,1584.1911592282122,1588.1368408203125,6200,0.0,0.0
2019-09-30 00:00:00+09:00,1584.1912186009713,1591.096161645932,1583.2047981659769,1590.1097412109375,2500,0.0,0.0
2019-10-01 00:00:00+09:00,1589.1232015125786,1590.1096218735424,1586.1639404296875,1586.1639404296875,2900,0.0,0.0
2019-10-02 00:00:00+09:00,1588.1368408203125,1592.0825224124126,1587.1504204222874,1588.1368408203125,3100,0.0,0.0
2019-10-03 00:00:00+09:00,1587.1503607906511,1587.1503607906511,1584.19109970776,1586.1639404296875,2600,0.0,0.0
2019-10-04 00:00:00+09:00,1584.1912186009713,1590.1097412109375,1583.2047981659769,1590.1097412109375,2600,0.0,0.0
2019-10-07 00:00:00+09:00,1594.055422950915,1594.055422950915,1588.1369003409488,1590.1097412109375,1800,0.0,0.0
2019-10-08 00:00:00+09:00,1592.08246259547,1592.08246259547,1586.1639404296875,1586.1639404296875,1200,0.0,0.0
2019-10-09 00:00:00+09:00,1597.014651385328,1597.014651385328,1585.1776064090316,1593.0689697265625,1500,0.0,0.0
2019-10-10 00:00:00+09:00,1586.16405947096,1597.0146842558981,1585.1776390359657,1590.1097412109375,1300,0.0,0.0
2019-10-11 00:00:00+09:00,1596.0281140007585,1596.0281140007585,1584.1910698919764,1585.177490234375,1900,0.0,0.0
2019-10-15 00:00:00+09:00,1593.0688829564335,1593.0688829564335,1584.19109970776,1586.1639404296875,2200,0.0,0.0
2019-10-16 00:00:00+09:00,1594.0553901412538,1594.0553901412538,1587.1504472384142,1593.0689697265625,2000,0.0,0.0
2019-10-17 00:00:00+09:00,1587.150387824875,1592.0824897137031,1585.1775470693437,1591.0960693359375,1700,0.0,0.0
2019-10-18 00:00:00+09:00,1591.09609913501,1592.08251953125,1587.1504175500504,1592.08251953125,1700,0.0,0.0
2019-10-21 00:00:00+09:00,1589.123171603969,1598.0009546855554,1585.177490234375,1585.177490234375,2200,0.0,0.0
2019-10-23 00:00:00+09:00,1585.1776300439694,1601.94677734375,1585.1776300439694,1601.94677734375,1700,0.0,0.0
2019-10-24 00:00:00+09:00,1601.9466662051072,1601.9466662051072,1586.1639404296875,1586.1639404296875,3800,0.0,0.0
2019-10-25 00:00:00+09:00,1586.1639404296875,1593.0688829564335,1585.1775200687237,1586.1639404296875,2100,0.0,0.0
2019-10-28 00:00:00+09:00,1586.1640922399395,1594.0554558829242,1586.1640922399395,1587.1505126953125,1600,0.0,0.0
2019-10-29 00:00:00+09:00,1586.1639674471094,1592.0824897137031,1586.1639674471094,1591.0960693359375,1300,0.0,0.0
2019-10-30 00:00:00+09:00,1583.2047716159266,1625.620849609375,1583.2047716159266,1625.620849609375,10700,0.0,0.0
2019-10-31 00:00:00+09:00,1622.6616063611261,1624.634447219924,1593.0689934791603,1601.94677734375,4900,0.0,0.0
2019-11-01 00:00:00+09:00,1596.028248805626,1610.8245551913394,1596.028248805626,1609.838134765625,2100,0.0,0.0
2019-11-05 00:00:00+09:00,1618.715945440163,1618.715945440163,1610.824581903587,1614.770263671875,3600,0.0,0.0
2019-11-06 00:00:00+09:00,1607.865320577371,1614.770263671875,1601.946797924939,1614.770263671875,3500,0.0,0.0
2019-11-07 00:00:00+09:00,1606.8788437553887,1610.8245253852363,1603.9195825330032,1608.8516845703125,2100,0.0,0.0
2019-11-08 00:00:00+09:00,1612.797428924954,1614.7702698166054,1599.9739631292205,1606.87890625,3000,0.0,0.0
2019-11-11 00:00:00+09:00,1616.743015023165,1617.7294354106104,1607.8652315361555,1611.8109130859375,2500,0.0,0.0
2019-11-12 00:00:00+09:00,1611.8109428755733,1612.79736328125,1606.8788408471903,1612.79736328125,2200,0.0,0.0
2019-11-13 00:00:00+09:00,1616.742949769555,1617.7293701171875,1610.8244276837604,1617.7293701171875,2100,0.0,0.0
2019-11-14 00:00:00+09:00,1607.865320577371,1616.743104556019,1607.865320577371,1614.770263671875,1900,0.0,0.0
2019-11-15 00:00:00+09:00,1616.7429851057773,1616.7429851057773,1609.838042521433,1610.824462890625,2100,0.0,0.0
2019-11-18 00:00:00+09:00,1610.824489868313,1617.7294325682997,1609.8380694826008,1615.756591796875,1100,0.0,0.0
2019-11-19 00:00:00+09:00,1608.8516490968884,1616.7430121825873,1607.8652287111759,1615.756591796875,2100,0.0,0.0
2019-11-20 00:00:00+09:00,1615.7566810621859,1618.7159423828125,1608.8517379807236,1618.7159423828125,2900,0.0,0.0
2019-11-21 00:00:00+09:00,1618.715945440163,1619.702365882235,1612.797422787731,1614.770263671875,2200,0.0,0.0
2019-11-22 00:00:00+09:00,1606.8787814138566,1617.7294054749693,1606.8787814138566,1610.824462890625,3200,0.0,0.0
2019-11-25 00:00:00+09:00,1615.7566543243333,1616.7430747482188,1610.8245522049062,1613.7838134765625,900,0.0,0.0
2019-11-26 00:00:00+09:00,1615.7566573199106,1615.7566573199106,1609.838134765625,1609.838134765625,1600,0.0,0.0
2019-11-27 00:00:00+09:00,1615.756591796875,1615.756591796875,1608.8516490968884,1615.756591796875,1400,0.0,0.0
2019-11-28 00:00:00+09:00,1611.8109399726873,1616.7430419921875,1609.8380991648871,1616.7430419921875,1500,0.0,0.0
2019-11-29 00:00:00+09:00,1611.8109726287917,1615.7566543243333,1611.8109726287917,1613.7838134765625,1100,0.0,0.0
2019-12-02 00:00:00+09:00,1615.7565294219226,1617.7293701171875,1611.8108480313929,1617.7293701171875,2100,0.0,0.0
2019-12-03 00:00:00+09:00,1612.7973960427678,1616.7430777456248,1609.838134765625,1609.838134765625,1600,0.0,0.0
2019-12-04 00:00:00+09:00,1609.8380751533743,1614.7701770993099,1607.865234375,1607.865234375,3700,0.0,0.0
2019-12-05 00:00:00+09:00,1606.878813985813,1610.8244955425614,1605.8923935966259,1607.865234375,2300,0.0,0.0
2019-12-06 00:00:00+09:00,1605.8924858041744,1606.87890625,1603.919644912523,1606.87890625,1800,0.0,0.0
2019-12-09 00:00:00+09:00,1606.878813985813,1607.865234375,1605.8923935966259,1607.865234375,900,0.0,0.0
2019-12-10 00:00:00+09:00,1607.8652999201431,1607.8652999201431,1601.94677734375,1601.94677734375,3100,0.0,0.0
2019-12-11 00:00:00+09:00,1600.960419491393,1607.8653627670797,1599.9739990234375,1599.9739990234375,1400,0.0,0.0
2019-12-12 00:00:00+09:00,1603.9195528182515,1607.865234375,1598.001030483129,1607.865234375,1900,0.0,0.0
2019-12-13 00:00:00+09:00,1612.79736620016,1612.79736620016,1605.892423347927,1608.8516845703125,4700,0.0,0.0
2019-12-16 00:00:00+09:00,1608.8516816585436,1612.79736328125,1607.865261252867,1612.79736328125,2200,0.0,0.0
2019-12-17 00:00:00+09:00,1606.8788734884824,1613.783816468482,1606.8788734884824,1609.838134765625,1500,0.0,0.0
2019-12-18 00:00:00+09:00,1603.919638809083,1614.770263671875,1602.933218367011,1614.770263671875,2000,0.0,0.0
2019-12-19 00:00:00+09:00,1614.7702698166054,1615.756690262431,1606.87890625,1606.87890625,1800,0.0,0.0
2019-12-20 00:00:00+09:00,1600.9603155297866,1616.7430419921875,1600.9603155297866,1616.7430419921875,2000,0.0,0.0
2019-12-23 00:00:00+09:00,1602.9331888138227,1613.7838134765625,1602.9331888138227,1613.7838134765625,3100,0.0,0.0
2019-12-24 00:00:00+09:00,1613.7838134765625,1613.7838134765625,1608.8517113571354,1613.7838134765625,1400,0.0,0.0
2019-12-25 00:00:00+09:00,1613.7838493707795,1615.756690262431,1602.9332244666973,1606.87890625,3200,0.0,0.0
2019-12-26 00:00:00+09:00,1605.8923879397512,1615.756591796875,1605.8923879397512,1615.756591796875,1600,0.0,0.0
2019-12-27 00:00:00+09:00,1612.797422787731,1614.770263671875,1607.865320577371,1614.770263671875,2000,0.0,0.0
2019-12-30 00:00:00+09:00,1613.7837510254503,1617.7294325682997,1608.8516490968884,1615.756591796875,1900,0.0,0.0
2020-01-06 00:00:00+09:00,1616.7429851057773,1616.7429851057773,1607.8652017830489,1610.824462890625,2900,0.0,0.0
2020-01-07 00:00:00+09:00,1610.8244926984921,1617.7294354106104,1610.8244926984921,1611.8109130859375,1700,0.0,0.0
2020-01-08 00:00:00+09:00,1611.810945792698,1616.7430478300075,1607.8652641628505,1608.8516845703125,2000,0.0,0.0
2020-01-09 00:00:00+09:00,1609.838042521433,1615.7565647365852,1609.838042521433,1610.824462890625,1100,0.0,0.0
2020-01-10 00:00:00+09:00,1612.797422787731,1615.7566841139471,1612.797422787731,1614.770263671875,1000,0.0,0.0
2020-01-14 00:00:00+09:00,1616.7430449039564,1617.729465309633,1612.79736328125,1612.79736328125,1900,0.0,0.0
2020-01-15 00:00:00+09:00,1616.743015023165,1617.7294354106104,1607.8652315361555,1611.8109130859375,2600,0.0,0.0
2020-01-16 00:00:00+09:00,1611.8109399726873,1617.7294623960875,1610.824519568787,1616.7430419921875,2000,0.0,0.0
2020-01-17 00:00:00+09:00,1615.7565946357195,1617.7294354106104,1608.8516519236011,1611.8109130859375,2000,0.0,0.0
2020-01-20 00:00:00+09:00,1616.742949769555,1617.7293701171875,1611.8108480313929,1617.7293701171875,1900,0.0,0.0
2020-01-21 00:00:00+09:00,1611.8109428755733,1617.729465309633,1610.8245224698967,1612.79736328125,2000,0.0,0.0
2020-01-22 00:00:00+09:00,1611.8109102540254,1616.7430121825873,1611.8109102540254,1615.756591796875,1300,0.0,0.0
2020-01-23 00:00:00+09:00,1615.7566543243333,1615.7566543243333,1610.8245522049062,1613.7838134765625,1900,0.0,0.0
2020-01-24 00:00:00+09:00,1616.743015023165,1617.7294354106104,1611.8109130859375,1611.8109130859375,1700,0.0,0.0
2020-01-27 00:00:00+09:00,1616.7430449039564,1616.7430449039564,1609.8381020642203,1612.79736328125,2000,0.0,0.0
2020-01-28 00:00:00+09:00,1610.8245253852363,1613.7837866076218,1608.8516845703125,1608.8516845703125,1600,0.0,0.0
2020-01-29 00:00:00+09:00,1609.8381049777743,1614.7702070150838,1608.8516845703125,1608.8516845703125,1000,0.0,0.0
2020-01-30 00:00:00+09:00,1612.7973603765872,1616.7430419921875,1607.865258357087,1616.7430419921875,2500,0.0,0.0
2020-01-31 00:00:00+09:00,1616.7430121825873,1616.7430121825873,1609.8380694826008,1615.756591796875,1600,0.0,0.0
2020-02-03 00:00:00+09:00,1616.743015023165,1616.743015023165,1611.8109130859375,1611.8109130859375,1500,0.0,0.0
2020-02-04 00:00:00+09:00,1617.729465309633,1617.729465309633,1612.79736328125,1612.79736328125,1700,0.0,0.0
2020-02-05 00:00:00+09:00,1617.7295219426037,1618.7159423828125,1612.797419741559,1618.7159423828125,3200,0.0,0.0
2020-02-06 00:00:00+09:00,1612.797419741559,1620.6887832632303,1612.797419741559,1618.7159423828125,2200,0.0,0.0
2020-02-07 00:00:00+09:00,1618.7159721197947,1620.688813036455,1614.7702902864742,1619.702392578125,1300,0.0,0.0
2020-02-10 00:00:00+09:00,1619.7022379309935,1622.6614990234375,1617.7293972026976,1622.6614990234375,2300,0.0,0.0
2020-02-12 00:00:00+09:00,1625.620849609375,1626.6072700278273,1621.675167935566,1625.620849609375,2500,0.0,0.0
2020-02-13 00:00:00+09:00,1620.6887475171136,1625.620849609375,1618.715906680209,1625.620849609375,2700,0.0,0.0
2020-02-14 00:00:00+09:00,1625.620849609375,1625.620849609375,1618.715906680209,1625.620849609375,3200,0.0,0.0
2020-02-17 00:00:00+09:00,1625.6207328982468,1625.6207328982468,1617.7293701171875,1617.7293701171875,2900,0.0,0.0
2020-02-18 00:00:00+09:00,1617.7293701171875,1623.6478922029821,1617.7293701171875,1617.7293701171875,2400,0.0,0.0
2020-02-19 00:00:00+09:00,1625.620849609375,1625.620849609375,1619.7023270986613,1625.620849609375,2500,0.0,0.0
2020-02-20 00:00:00+09:00,1625.6208854642748,1625.6208854642748,1617.7295219426037,1618.7159423828125,2100,0.0,0.0
2020-02-21 00:00:00+09:00,1624.634458931668,1626.6072998046875,1622.6616180586484,1626.6072998046875,1800,0.0,0.0
2020-02-25 00:00:00+09:00,1612.7973363209358,1617.7294382668713,1607.865234375,1607.865234375,5900,0.0,0.0
2020-02-26 00:00:00+09:00,1602.933197773149,1607.8652999201431,1601.94677734375,1601.94677734375,3200,0.0,0.0
2020-02-27 00:00:00+09:00,1607.8651801215278,1610.824441189236,1598.0009765625,1598.0009765625,4600,0.0,0.0
2020-02-28 00:00:00+09:00,1588.1367870465735,1592.0824685050743,1533.8836669921875,1533.8836669921875,11300,0.0,0.0
2020-03-02 00:00:00+09:00,1494.4269167342277,1575.313390115222,1492.454075920057,1568.408447265625,6600,0.0,0.0
2020-03-03 00:00:00+09:00,1578.2726425951935,1593.0689486195236,1575.3133813903275,1580.2454833984375,4400,0.0,0.0
2020-03-04 00:00:00+09:00,1568.4085396057858,1586.1641079786814,1565.4492782103032,1567.422119140625,2600,0.0,0.0
2020-03-05 00:00:00+09:00,1567.4220268585398,1584.1911737789899,1567.4220268585398,1568.408447265625,3400,0.0,0.0
2020-03-06 00:00:00+09:00,1568.4085396057858,1577.2863237922336,1567.422119140625,1567.422119140625,3000,0.0,0.0
2020-03-09 00:00:00+09:00,1548.6799997182993,1555.5849423922025,1538.8157958984375,1538.8157958984375,4000,0.0,0.0
2020-03-10 00:00:00+09:00,1519.0874793913367,1537.8294677734375,1492.45412747993,1537.8294677734375,6300,0.0,0.0
2020-03-11 00:00:00+09:00,1556.5714469535726,1564.4628104362268,1548.6800834709181,1549.66650390625,2600,0.0,0.0
2020-03-12 00:00:00+09:00,1549.6664830649772,1549.6664830649772,1527.965233779535,1536.843017578125,5900,0.0,0.0
2020-03-13 00:00:00+09:00,1489.4947649040478,1489.4947649040478,1441.1601665727244,1469.766357421875,14000,0.0,0.0
2020-03-16 00:00:00+09:00,1479.6306100331867,1527.9652099609375,1471.7392467796765,1527.9652099609375,5000,0.0,0.0
2020-03-17 00:00:00+09:00,1504.2910908543786,1526.978759765625,1498.3725685297056,1526.978759765625,3900,0.0,0.0
2020-03-18 00:00:00+09:00,1556.5714111328125,1557.557831545444,1517.1145946275446,1556.5714111328125,4300,0.0,0.0
2020-03-19 00:00:00+09:00,1566.4355738484776,1577.2861981005767,1561.5034719157054,1571.36767578125,7300,0.0,0.0
2020-03-23 00:00:00+09:00,1578.2727133210558,1606.87890625,1566.435667971148,1606.87890625,6100,0.0,0.0
2020-03-24 00:00:00+09:00,1606.87890625,1607.8653266958256,1598.9875426833946,1606.87890625,3800,0.0,0.0
2020-03-25 00:00:00+09:00,1612.7973841694952,1625.620849609375,1602.9331799849724,1625.620849609375,6100,0.0,0.0
2020-03-26 00:00:00+09:00,1626.607207549124,1627.5936279296875,1608.851640698982,1627.5936279296875,4400,0.0,0.0
2020-03-27 00:00:00+09:00,1627.5936434898172,1648.3084716796875,1627.5936434898172,1648.3084716796875,13100,0.0,0.0
2020-03-30 00:00:00+09:00,1504.4561417453972,1583.375155821019,1499.4612674368136,1546.4130859375,9500,21.0,0.0
2020-03-31 00:00:00+09:00,1546.4130610509073,1548.4110107421875,1518.4417653729838,1548.4110107421875,5700,0.0,0.0
2020-04-01 00:00:00+09:00,1520.4397886602371,1543.41621122212,1520.4397886602371,1542.417236328125,4700,0.0,0.0
2020-04-02 00:00:00+09:00,1531.4284419056648,1542.4171652331027,1531.4284419056648,1533.4263916015625,2500,0.0,0.0
2020-04-03 00:00:00+09:00,1522.437741275872,1541.4182642970277,1522.437741275872,1532.427490234375,2600,0.0,0.0
2020-04-06 00:00:00+09:00,1528.4315892269738,1541.4182628609285,1528.4315892269738,1537.42236328125,4700,0.0,0.0
2020-04-07 00:00:00+09:00,1530.4295115172672,1549.4100341796875,1530.4295115172672,1549.4100341796875,3000,0.0,0.0
2020-04-08 00:00:00+09:00,1559.3997724474339,1589.3690185546875,1559.3997724474339,1589.3690185546875,2700,0.0,0.0
2020-04-09 00:00:00+09:00,1597.360835759613,1612.345458984375,1596.3618608779623,1612.345458984375,4000,0.0,0.0
2020-04-10 00:00:00+09:00,1609.3484394202071,1609.3484394202071,1579.3791947382665,1600.357666015625,2100,0.0,0.0
2020-04-13 00:00:00+09:00,1579.3792261986216,1587.3710249396645,1568.3905029296875,1568.3905029296875,2900,0.0,0.0
2020-04-14 00:00:00+09:00,1550.4090229704218,1588.3700686359346,1550.4090229704218,1587.37109375,1300,0.0,0.0
2020-04-15 00:00:00+09:00,1600.3576931935436,1608.3494919111145,1588.3699951171875,1588.3699951171875,2700,0.0,0.0
2020-04-16 00:00:00+09:00,1578.3802490234375,1587.3710225938244,1577.3812741822835,1578.3802490234375,1500,0.0,0.0
2020-04-17 00:00:00+09:00,1603.354592634805,1607.350491931091,1586.372020625589,1590.367919921875,3100,0.0,0.0
2020-04-20 00:00:00+09:00,1604.3535902404785,1608.349489593506,1598.3597412109375,1598.3597412109375,1100,0.0,0.0
2020-04-21 00:00:00+09:00,1583.375190107008,1605.35263754067,1583.375190107008,1602.355712890625,1200,0.0,0.0
2020-04-22 00:00:00+09:00,1584.374120601779,1602.3556679982682,1582.3761708910579,1586.3720703125,2000,0.0,0.0
2020-04-23 00:00:00+09:00,1598.3597400700935,1603.3546142578125,1595.362815557462,1603.3546142578125,1300,0.0,0.0
2020-04-24 00:00:00+09:00,1585.3730717511582,1597.3607698362332,1583.3751220703125,1583.3751220703125,2200,0.0,0.0
2020-04-27 00:00:00+09:00,1597.36083984375,1597.36083984375,1583.3751914648803,1597.36083984375,1600,0.0,0.0
2020-04-28 00:00:00+09:00,1597.3607629734665,1613.3443603515625,1582.3761404315017,1613.3443603515625,4400,0.0,0.0
2020-04-30 00:00:00+09:00,1611.3465090768213,1611.3465090768213,1598.3598354140818,1610.3475341796875,2500,0.0,0.0
2020-05-01 00:00:00+09:00,1596.3617677921493,1609.3484404963408,1588.3699692049545,1595.36279296875,1000,0.0,0.0
2020-05-07 00:00:00+09:00,1609.3485357024938,1609.3485357024938,1607.3505859375,1607.3505859375,1200,0.0,0.0
2020-05-08 00:00:00+09:00,1607.3504897747443,1608.3494645974758,1599.3586911928935,1600.357666015625,1000,0.0,0.0
2020-05-11 00:00:00+09:00,1608.3494873046875,1608.3494873046875,1593.3648647521593,1608.3494873046875,1800,0.0,0.0
2020-05-12 00:00:00+09:00,1600.3576863606772,1618.3392333984375,1600.3576863606772,1618.3392333984375,1300,0.0,0.0
2020-05-13 00:00:00+09:00,1617.3403570190505,1620.3372817077825,1611.3465076415864,1615.3424072265625,1800,0.0,0.0
2020-05-14 00:00:00+09:00,1619.3382845274627,1620.3372594099596,1607.3505859375,1607.3505859375,1100,0.0,0.0
2020-05-15 00:00:00+09:00,1617.340238002058,1617.340238002058,1597.360741547431,1600.357666015625,2300,0.0,0.0
2020-05-18 00:00:00+09:00,1608.3495621907148,1608.3495621907148,1598.359813357232,1602.355712890625,2200,0.0,0.0
2020-05-19 00:00:00+09:00,1617.3402834445496,1617.3402834445496,1598.3597612793571,1616.34130859375,1700,0.0,0.0
2020-05-20 00:00:00+09:00,1616.3413122490058,1616.3413122490058,1592.3659157755965,1601.356689453125,5400,0.0,0.0
2020-05-21 00:00:00+09:00,1594.3638916015625,1602.355690556959,1586.3720926461663,1594.3638916015625,3500,0.0,0.0
2020-05-22 00:00:00+09:00,1594.363915191135,1600.3577644963648,1589.3690407701101,1597.36083984375,1800,0.0,0.0
2020-05-25 00:00:00+09:00,1607.350488706635,1607.350488706635,1593.3648411976897,1605.3525390625,2300,0.0,0.0
2020-05-26 00:00:00+09:00,1607.3505385714773,1608.349513424536,1594.363865481714,1601.356689453125,2200,0.0,0.0
2020-05-27 00:00:00+09:00,1609.3485357024938,1609.3485357024938,1598.359811995028,1607.3505859375,2800,0.0,0.0
2020-05-28 00:00:00+09:00,1609.3485081817985,1619.3382568359375,1602.3556841239013,1619.3382568359375,4100,0.0,0.0
2020-05-29 00:00:00+09:00,1619.3383082538917,1633.3239568137649,1610.3475341796875,1610.3475341796875,5000,0.0,0.0
2020-06-01 00:00:00+09:00,1613.344384041351,1625.3320822509463,1613.344384041351,1616.34130859375,1500,0.0,0.0
2020-06-02 00:00:00+09:00,1614.3433564957002,1631.325928934083,1614.3433564957002,1626.3310546875,3100,0.0,0.0
2020-06-03 00:00:00+09:00,1614.343382508868,1623.3341562975932,1613.3444076434541,1619.3382568359375,1600,0.0,0.0
2020-06-04 00:00:00+09:00,1621.336157904731,1626.3310320818866,1616.3412837275753,1618.3392333984375,2200,0.0,0.0
2020-06-05 00:00:00+09:00,1622.3351552902334,1626.3310546875,1617.34028104365,1626.3310546875,2200,0.0,0.0
2020-06-08 00:00:00+09:00,1629.3280029296875,1629.3280029296875,1623.334153746623,1629.3280029296875,2000,0.0,0.0
2020-06-09 00:00:00+09:00,1628.3290280658434,1629.3280029296875,1628.3290280658434,1629.3280029296875,900,0.0,0.0
2020-06-10 00:00:00+09:00,1629.3280292379445,1629.3280292379445,1619.3382804382022,1622.335205078125,1600,0.0,0.0
2020-06-11 00:00:00+09:00,1622.3351327401622,1629.32795658818,1612.3453843858508,1618.3392333984375,2900,0.0,0.0
2020-06-12 00:00:00+09:00,1602.355640563965,1602.355640563965,1594.3638418579103,1598.3597412109375,3700,0.0,0.0
2020-06-15 00:00:00+09:00,1627.3301031092742,1628.329078003755,1610.3475299031002,1625.3321533203125,2300,0.0,0.0
2020-06-16 00:00:00+09:00,1628.3290055910159,1628.3290055910159,1612.3454079901226,1621.336181640625,1600,0.0,0.0
2020-06-17 00:00:00+09:00,1627.3300057842548,1632.3248799579326,1623.3341064453125,1623.3341064453125,2000,0.0,0.0
2020-06-18 00:00:00+09:00,1623.3341289457192,1631.325927734375,1623.3341289457192,1631.325927734375,1600,0.0,0.0
2020-06-19 00:00:00+09:00,1631.3260012607948,1631.3260012607948,1623.334202111936,1630.3270263671875,1400,0.0,0.0
2020-06-22 00:00:00+09:00,1624.3331770055433,1630.3270263671875,1624.3331770055433,1630.3270263671875,700,0.0,0.0
2020-06-23 00:00:00+09:00,1630.3270263671875,1630.3270263671875,1624.3331770055433,1630.3270263671875,2100,0.0,0.0
2020-06-24 00:00:00+09:00,1630.3269777935316,1630.3269777935316,1623.334153746623,1629.3280029296875,1200,0.0,0.0
2020-06-25 00:00:00+09:00,1628.3290293413188,1628.3290293413188,1624.3331298828125,1624.3331298828125,1000,0.0,0.0
2020-06-26 00:00:00+09:00,1628.3290293413188,1630.326979070572,1624.3331298828125,1624.3331298828125,2100,0.0,0.0
2020-06-29 00:00:00+09:00,1624.33315214533,1633.3239260501932,1623.3341772670117,1632.324951171875,3400,0.0,0.0
2020-06-30 00:00:00+09:00,1624.3331298828125,1632.324928799825,1624.3331298828125,1624.3331298828125,1600,0.0,0.0
2020-07-01 00:00:00+09:00,1624.3331049888666,1632.3249037833998,1624.3331049888666,1626.3310546875,1800,0.0,0.0
2020-07-02 00:00:00+09:00,1632.3248810944735,1633.3238559299045,1618.3392333984375,1618.3392333984375,4100,0.0,0.0
2020-07-03 00:00:00+09:00,1618.3392547028093,1631.325927734375,1618.3392547028093,1631.325927734375,1900,0.0,0.0
2020-07-06 00:00:00+09:00,1633.3239287578413,1633.3239287578413,1621.3362301981508,1622.335205078125,1800,0.0,0.0
2020-07-07 00:00:00+09:00,1633.3239011134963,1634.3228759765625,1623.3341524828327,1634.3228759765625,1700,0.0,0.0
2020-07-08 00:00:00+09:00,1626.3310546875,1636.3208031806664,1626.3310546875,1626.3310546875,1600,0.0,0.0
2020-07-09 00:00:00+09:00,1628.3290043861332,1637.3197780299831,1626.3310546875,1626.3310546875,1200,0.0,0.0
2020-07-10 00:00:00+09:00,1626.3310320818866,1631.3259062590423,1618.3392333984375,1618.3392333984375,2500,0.0,0.0
2020-07-13 00:00:00+09:00,1629.3280500576273,1635.3218994140625,1628.329075164888,1635.3218994140625,1400,0.0,0.0
2020-07-14 00:00:00+09:00,1635.3218259333983,1636.32080078125,1625.3320774548802,1636.32080078125,1700,0.0,0.0
2020-07-15 00:00:00+09:00,1640.316676372563,1640.316676372563,1624.3330790388475,1633.3238525390625,4100,0.0,0.0
2020-07-16 00:00:00+09:00,1636.3208031806664,1640.316702577933,1626.3310546875,1626.3310546875,1200,0.0,0.0
2020-07-17 00:00:00+09:00,1639.3177026666747,1639.3177026666747,1628.3289794921875,1628.3289794921875,1000,0.0,0.0
2020-07-20 00:00:00+09:00,1636.3207748088432,1643.3135986328125,1628.328976152878,1643.3135986328125,3700,0.0,0.0
2020-07-21 00:00:00+09:00,1640.3166741368257,1643.3135986328125,1640.3166741368257,1643.3135986328125,1700,0.0,0.0
2020-07-22 00:00:00+09:00,1633.3238998496772,1644.3126233349044,1633.3238998496772,1639.3177490234375,1200,0.0,0.0
2020-07-27 00:00:00+09:00,1646.3105220170455,1648.3084716796875,1639.3176981977983,1648.3084716796875,2300,0.0,0.0
2020-07-28 00:00:00+09:00,1647.3095479217845,1647.3095479217845,1639.3177490234375,1639.3177490234375,900,0.0,0.0
2020-07-29 00:00:00+09:00,1638.3187492867469,1647.3095229108812,1637.3197744396207,1641.315673828125,1700,0.0,0.0
2020-07-30 00:00:00+09:00,1640.3166719281062,1653.3033447265625,1640.3166719281062,1653.3033447265625,3500,0.0,0.0
2020-07-31 00:00:00+09:00,1637.3197943074813,1665.2910903664254,1637.3197943074813,1659.2972412109375,10600,0.0,0.0
2020-08-03 00:00:00+09:00,1630.327020751362,1652.3044683350201,1627.330096080863,1650.3065185546875,3200,0.0,0.0
2020-08-04 00:00:00+09:00,1650.3064936092428,1652.304443359375,1639.3177699835153,1652.304443359375,2600,0.0,0.0
2020-08-05 00:00:00+09:00,1658.298218879815,1658.298218879815,1642.3146215894071,1653.3033447265625,2000,0.0,0.0
2020-08-06 00:00:00+09:00,1653.3033707998331,1653.3033707998331,1640.3166977965716,1646.310546875,900,0.0,0.0
2020-08-07 00:00:00+09:00,1648.3084739126812,1648.3084739126812,1638.3187255859375,1638.3187255859375,1400,0.0,0.0
2020-08-11 00:00:00+09:00,1652.304443359375,1652.304443359375,1634.3228956081848,1652.304443359375,2100,0.0,0.0
2020-08-12 00:00:00+09:00,1652.304369895912,1653.3033447265625,1644.312571250708,1653.3033447265625,2100,0.0,0.0
2020-08-13 00:00:00+09:00,1653.3033436235173,1658.2982177734375,1648.3084694735974,1658.2982177734375,2100,0.0,0.0
2020-08-14 00:00:00+09:00,1658.2982926097718,1660.296242359904,1652.304443359375,1652.304443359375,2800,0.0,0.0
2020-08-17 00:00:00+09:00,1652.304392417224,1661.295166015625,1649.3074678844239,1661.295166015625,1800,0.0,0.0
2020-08-18 00:00:00+09:00,1661.295166015625,1661.295166015625,1651.3054175729574,1661.295166015625,1800,0.0,0.0
2020-08-19 00:00:00+09:00,1652.3044683350201,1661.2952423465165,1650.3065185546875,1650.3065185546875,2300,0.0,0.0
2020-08-20 00:00:00+09:00,1649.307517412127,1657.29931640625,1649.307517412127,1657.29931640625,1000,0.0,0.0
2020-08-21 00:00:00+09:00,1661.295166015625,1662.2941408598917,1653.3033672614908,1661.295166015625,1600,0.0,0.0
2020-08-24 00:00:00+09:00,1661.295166015625,1668.2879899254924,1661.295166015625,1661.295166015625,2100,0.0,0.0
2020-08-25 00:00:00+09:00,1660.2962383912522,1668.2880373726782,1658.2982886458958,1667.2890625,1800,0.0,0.0
2020-08-26 00:00:00+09:00,1660.2962632571143,1667.2890874705918,1660.2962632571143,1665.2911376953125,1300,0.0,0.0
2020-08-27 00:00:00+09:00,1667.2890625,1668.2880373726782,1659.297263518574,1667.2890625,2100,0.0,0.0
2020-08-28 00:00:00+09:00,1667.2889901375986,1673.2828391135276,1663.2930908203125,1663.2930908203125,5700,0.0,0.0
2020-08-31 00:00:00+09:00,1677.278759998417,1677.278759998417,1667.2890115767468,1676.27978515625,4600,0.0,0.0
2020-09-01 00:00:00+09:00,1676.2798600630326,1676.2798600630326,1668.2880609685724,1670.2860107421875,2500,0.0,0.0
2020-09-02 00:00:00+09:00,1677.27880859375,1677.27880859375,1670.2859844959796,1677.27880859375,2200,0.0,0.0
2020-09-03 00:00:00+09:00,1678.277708874258,1683.2725830078125,1673.2828347407037,1683.2725830078125,5400,0.0,0.0
2020-09-04 00:00:00+09:00,1681.2746322722126,1688.2674560546875,1675.2807833158054,1688.2674560546875,7200,0.0,0.0
2020-09-07 00:00:00+09:00,1688.2674560546875,1690.2654057068232,1683.2725819243483,1688.2674560546875,5400,0.0,0.0
2020-09-08 00:00:00+09:00,1691.2643794507053,1693.2623291015625,1685.2705304981332,1693.2623291015625,4100,0.0,0.0
2020-09-09 00:00:00+09:00,1694.2613028492647,1698.2572021484375,1688.2674539005056,1698.2572021484375,8700,0.0,0.0
2020-09-10 00:00:00+09:00,1698.2572021484375,1699.2561769732308,1693.2623280244716,1698.2572021484375,6400,0.0,0.0
2020-09-11 00:00:00+09:00,1698.257274359045,1702.253173828125,1688.2675256863445,1702.253173828125,10400,0.0,0.0
2020-09-14 00:00:00+09:00,1705.250142793877,1718.23681640625,1705.250142793877,1718.23681640625,7100,0.0,0.0
2020-09-15 00:00:00+09:00,1728.2264652958622,1728.2264652958622,1718.236716941551,1726.228515625,5700,0.0,0.0
2020-09-16 00:00:00+09:00,1726.2285864637306,1736.2183352279883,1723.2316618344532,1735.2193603515625,5500,0.0,0.0
2020-09-17 00:00:00+09:00,1748.2060546875,1748.2060546875,1738.2163058035715,1748.2060546875,13700,0.0,0.0
2020-09-18 00:00:00+09:00,1747.2070051814537,1757.196753638752,1741.2131561070748,1754.1998291015625,12200,0.0,0.0
2020-09-23 00:00:00+09:00,1758.1958135932946,1763.19068806373,1694.26142037172,1713.241943359375,20400,0.0,0.0
2020-09-24 00:00:00+09:00,1708.2470191835732,1739.215239999182,1705.2500945885145,1717.23779296875,9200,0.0,0.0
2020-09-25 00:00:00+09:00,1717.2378112582744,1740.2142333984375,1717.2378112582744,1740.2142333984375,12100,0.0,0.0
2020-09-28 00:00:00+09:00,1747.2070784087875,1753.200927734375,1740.2142541956018,1753.200927734375,35500,0.0,0.0
2020-09-29 00:00:00+09:00,1715.2398101180995,1754.1998291015625,1709.2459610437206,1754.1998291015625,14900,0.0,0.0
2020-09-30 00:00:00+09:00,1758.1957308669816,1758.1957308669816,1737.217259078228,1744.2100830078125,4100,0.0,0.0
2020-10-02 00:00:00+09:00,1744.210110463073,1744.210110463073,1729.2254875209505,1732.222412109375,3500,0.0,0.0
2020-10-05 00:00:00+09:00,1735.2193867413293,1735.2193867413293,1728.2265625,1728.2265625,2600,0.0,0.0
2020-10-06 00:00:00+09:00,1723.2316631643105,1732.222437059081,1723.2316631643105,1730.2244873046875,1400,0.0,0.0
2020-10-07 00:00:00+09:00,1733.221435546875,1733.221435546875,1722.2327117480188,1733.221435546875,2300,0.0,0.0
2020-10-08 00:00:00+09:00,1723.2316618344532,1735.2193603515625,1723.2316618344532,1735.2193603515625,1200,0.0,0.0
2020-10-09 00:00:00+09:00,1729.2254650695022,1729.2254650695022,1722.2326411206366,1724.2305908203125,1200,0.0,0.0
2020-10-12 00:00:00+09:00,1714.240801532452,1715.23977635852,1687.2684812286197,1688.2674560546875,4000,0.0,0.0
2020-10-13 00:00:00+09:00,1688.2675295570602,1698.2572782526643,1687.2685546875,1687.2685546875,1300,0.0,0.0
2020-10-14 00:00:00+09:00,1690.2655015629605,1696.259350859283,1686.2696020320786,1695.2603759765625,1600,0.0,0.0
2020-10-15 00:00:00+09:00,1695.26027875242,1699.2561780541344,1693.2623291015625,1693.2623291015625,2200,0.0,0.0
2020-10-16 00:00:00+09:00,1708.247026948268,1708.247026948268,1687.2685546875,1687.2685546875,2100,0.0,0.0
2020-10-19 00:00:00+09:00,1698.2572507325656,1702.253150146054,1689.2664770522167,1699.2562255859375,1200,0.0,0.0
2020-10-20 00:00:00+09:00,1692.2634526967438,1700.2552517649692,1690.2655029296875,1690.2655029296875,900,0.0,0.0
2020-10-21 00:00:00+09:00,1689.2664297998479,1701.2541277049918,1689.2664297998479,1693.2623291015625,1100,0.0,0.0
2020-10-22 00:00:00+09:00,1698.2572293394549,1698.2572293394549,1686.26953125,1686.26953125,1700,0.0,0.0
2020-10-23 00:00:00+09:00,1697.258254498667,1697.258254498667,1685.270556409212,1686.26953125,1700,0.0,0.0
2020-10-26 00:00:00+09:00,1673.2828629674386,1679.2767120288145,1664.2920893753746,1666.2900390625,1900,0.0,0.0
2020-10-27 00:00:00+09:00,1665.2910584541587,1691.264404296875,1665.2910584541587,1691.264404296875,2000,0.0,0.0
2020-10-28 00:00:00+09:00,1690.2655193949854,1718.23681640625,1671.2849964230559,1718.23681640625,4600,0.0,0.0
2020-10-29 00:00:00+09:00,1728.2264698752194,1728.2264698752194,1691.2644008663276,1706.2490234375,4800,0.0,0.0
2020-10-30 00:00:00+09:00,1689.2664287252987,1698.2572021484375,1689.2664287252987,1698.2572021484375,800,0.0,0.0
2020-11-02 00:00:00+09:00,1693.2624026031674,1703.2521512910916,1688.2675282592052,1692.263427734375,2700,0.0,0.0
2020-11-04 00:00:00+09:00,1692.263354276134,1698.2572032287057,1691.2643794507053,1693.2623291015625,1300,0.0,0.0
2020-11-05 00:00:00+09:00,1693.2623280244716,1698.2572021484375,1687.2684790757123,1698.2572021484375,1600,0.0,0.0
2020-11-06 00:00:00+09:00,1686.2695289494995,1698.2572270226,1685.2705541100745,1696.25927734375,2300,0.0,0.0
2020-11-09 00:00:00+09:00,1688.2674786283496,1697.258252183175,1688.2674786283496,1696.25927734375,2600,0.0,0.0
2020-11-10 00:00:00+09:00,1698.2572281776063,1702.2531275380243,1679.2767062156213,1691.264404296875,6600,0.0,0.0
2020-11-11 00:00:00+09:00,1697.2583203324068,1715.2398681640625,1680.2757473802874,1715.2398681640625,4700,0.0,0.0
2020-11-12 00:00:00+09:00,1715.2398681640625,1715.2398681640625,1705.2501193686983,1715.2398681640625,2500,0.0,0.0
2020-11-13 00:00:00+09:00,1718.2368178298107,1718.2368178298107,1700.2552697362428,1713.241943359375,5600,0.0,0.0
2020-11-16 00:00:00+09:00,1713.2419419399528,1718.23681640625,1705.250142793877,1718.23681640625,3500,0.0,0.0
2020-11-17 00:00:00+09:00,1722.2326923208177,1722.2326923208177,1709.246018886844,1715.2398681640625,2300,0.0,0.0
2020-11-18 00:00:00+09:00,1717.237770495256,1717.237770495256,1706.2490471238493,1709.2459716796875,2200,0.0,0.0
2020-11-19 00:00:00+09:00,1709.246042366915,1718.23681640625,1708.2470674736555,1718.23681640625,1400,0.0,0.0
2020-11-20 00:00:00+09:00,1718.2367441315196,1718.2367441315196,1712.242895024084,1714.2408447265625,1200,0.0,0.0
2020-11-24 00:00:00+09:00,1714.2408209966068,1718.2367203462493,1710.2449216469643,1711.243896484375,2300,0.0,0.0
2020-11-25 00:00:00+09:00,1711.2439213835796,1714.2408459394178,1708.2469968277414,1709.2459716796875,1300,0.0,0.0
2020-11-26 00:00:00+09:00,1707.2479744919585,1708.24694931612,1703.2520751953125,1703.2520751953125,1300,0.0,0.0
2020-11-27 00:00:00+09:00,1703.2521930073583,1718.23681640625,1703.2521930073583,1718.23681640625,4800,0.0,0.0
2020-11-30 00:00:00+09:00,1706.248999667797,1715.2397730852504,1703.2520751953125,1703.2520751953125,1900,0.0,0.0
2020-12-01 00:00:00+09:00,1703.252124999426,1715.2398232398912,1699.2562255859375,1699.2562255859375,2000,0.0,0.0
2020-12-02 00:00:00+09:00,1702.2531014476103,1704.2510510971968,1695.260277674058,1698.2572021484375,4400,0.0,0.0
2020-12-03 00:00:00+09:00,1692.2633521295363,1703.2520751953125,1692.2633521295363,1703.2520751953125,2000,0.0,0.0
2020-12-04 00:00:00+09:00,1692.263401612333,1702.253150146054,1692.263401612333,1699.2562255859375,1200,0.0,0.0
2020-12-07 00:00:00+09:00,1707.2480256422512,1707.2480256422512,1694.2613525390625,1694.2613525390625,2000,0.0,0.0
2020-12-08 00:00:00+09:00,1694.261303926991,1698.2572032287057,1693.2623291015625,1693.2623291015625,1200,0.0,0.0
2020-12-09 00:00:00+09:00,1697.2582284032771,1697.2582284032771,1693.2623291015625,1693.2623291015625,1500,0.0,0.0
2020-12-10 00:00:00+09:00,1693.2623528254749,1697.258252183175,1692.2633779860498,1696.25927734375,900,0.0,0.0
2020-12-11 00:00:00+09:00,1698.2572507325656,1700.2552004393096,1698.2572507325656,1699.2562255859375,2900,0.0,0.0
2020-12-14 00:00:00+09:00,1707.2480954175805,1708.2470703125,1699.2562962582238,1708.2470703125,2700,0.0,0.0
2020-12-15 00:00:00+09:00,1713.2418960740931,1713.2418960740931,1699.256247942876,1707.248046875,4400,0.0,0.0
2020-12-16 00:00:00+09:00,1698.257225874376,1712.242873616871,1698.257225874376,1701.254150390625,1600,0.0,0.0
2020-12-17 00:00:00+09:00,1702.2531489274986,1711.2439226014114,1699.2562243695277,1704.2510986328125,2700,0.0,0.0
2020-12-18 00:00:00+09:00,1708.2470688889396,1713.241943359375,1700.2552697362428,1713.241943359375,2500,0.0,0.0
2020-12-21 00:00:00+09:00,1716.23876953125,1717.2377443679968,1703.2520966535396,1716.23876953125,2600,0.0,0.0
2020-12-22 00:00:00+09:00,1717.2377942507019,1717.2377942507019,1702.253171264221,1712.242919921875,1300,0.0,0.0
2020-12-23 00:00:00+09:00,1715.2398445191711,1715.2398445191711,1702.253171264221,1712.242919921875,2400,0.0,0.0
2020-12-24 00:00:00+09:00,1711.243896484375,1716.238770671428,1703.25209778509,1711.243896484375,3500,0.0,0.0
2020-12-25 00:00:00+09:00,1718.236792802672,1718.236792802672,1707.248069127771,1715.2398681640625,1300,0.0,0.0
2020-12-28 00:00:00+09:00,1715.2398722521987,1715.2398722521987,1700.2552490234375,1700.2552490234375,3400,0.0,0.0
2020-12-29 00:00:00+09:00,1700.255247664717,1710.244996475908,1698.2572979024787,1705.2501220703125,2800,0.0,0.0
2020-12-30 00:00:00+09:00,1698.2572021484375,1704.2510510971968,1698.2572021484375,1698.2572021484375,2000,0.0,0.0
2021-01-04 00:00:00+09:00,1698.2572021484375,1704.2510510971968,1688.2674539005056,1698.2572021484375,5100,0.0,0.0
2021-01-05 00:00:00+09:00,1698.2572531855228,1698.2572531855228,1689.2664794921875,1689.2664794921875,2100,0.0,0.0
2021-01-06 00:00:00+09:00,1689.2664308807555,1698.2572043153662,1688.2674560546875,1688.2674560546875,2400,0.0,0.0
2021-01-07 00:00:00+09:00,1688.2675046373727,1696.2593034758927,1688.2675046373727,1689.2664794921875,3900,0.0,0.0
2021-01-08 00:00:00+09:00,1694.2613501062426,1706.2490483381264,1689.2664758429578,1704.2510986328125,4500,0.0,0.0
2021-01-12 00:00:00+09:00,1697.2582746642136,1711.2439226014114,1697.2582746642136,1704.2510986328125,1900,0.0,0.0
2021-01-13 00:00:00+09:00,1712.2429435254533,1715.2398681640625,1704.2511444891618,1715.2398681640625,2600,0.0,0.0
2021-01-14 00:00:00+09:00,1715.2397935616023,1721.233642578125,1713.2418438894279,1721.233642578125,3000,0.0,0.0
2021-01-15 00:00:00+09:00,1727.227540337016,1731.223439794129,1722.232666015625,1722.232666015625,3500,0.0,0.0
2021-01-18 00:00:00+09:00,1728.2265610928494,1733.221435546875,1720.2347619664085,1733.221435546875,4400,0.0,0.0
2021-01-19 00:00:00+09:00,1735.2193117625152,1747.2070099439488,1733.2213620656096,1734.2203369140625,5700,0.0,0.0
2021-01-20 00:00:00+09:00,1734.2203593122852,1742.212158203125,1734.2203593122852,1742.212158203125,1300,0.0,0.0
2021-01-21 00:00:00+09:00,1735.2193341736402,1748.206007371255,1735.2193341736402,1742.212158203125,2500,0.0,0.0
2021-01-22 00:00:00+09:00,1744.2101593457312,1744.2101593457312,1733.221435546875,1733.221435546875,3600,0.0,0.0
2021-01-25 00:00:00+09:00,1733.221359689894,1745.2090578548962,1733.221359689894,1744.2100830078125,2600,0.0,0.0
2021-01-26 00:00:00+09:00,1744.210106668096,1747.20703125,1737.2172826436536,1747.20703125,1500,0.0,0.0
2021-01-27 00:00:00+09:00,1747.2069860283377,1747.2069860283377,1731.223388671875,1731.223388671875,2200,0.0,0.0
2021-01-28 00:00:00+09:00,1729.2255318080358,1748.2060546875,1726.2286071428573,1748.2060546875,6200,0.0,0.0
2021-01-29 00:00:00+09:00,1748.2060589089517,1748.2060589089517,1733.221435546875,1733.221435546875,2100,0.0,0.0
2021-02-01 00:00:00+09:00,1765.1886277901788,1765.1886277901788,1747.2070797991073,1748.2060546875,5800,0.0,0.0
2021-02-02 00:00:00+09:00,1748.205956362753,1751.202880859375,1743.2110822017169,1751.202880859375,2900,0.0,0.0
2021-02-03 00:00:00+09:00,1737.2173061283756,1757.1968036111632,1737.2173061283756,1750.2039794921875,2000,0.0,0.0
2021-02-04 00:00:00+09:00,1745.2090340995678,1752.2018579339679,1739.2151850986534,1741.213134765625,1700,0.0,0.0
2021-02-05 00:00:00+09:00,1741.213158466562,1751.202906937397,1741.213158466562,1744.2100830078125,2800,0.0,0.0
2021-02-08 00:00:00+09:00,1748.2059552536618,1758.195703569397,1746.2080055905149,1756.19775390625,2900,0.0,0.0
2021-02-09 00:00:00+09:00,1749.2049300852354,1756.19775390625,1749.2049300852354,1756.19775390625,2300,0.0,0.0
2021-02-10 00:00:00+09:00,1757.1967512845722,1764.1895751953125,1757.1967512845722,1764.1895751953125,3100,0.0,0.0
2021-02-12 00:00:00+09:00,1768.185546875,1768.185546875,1763.1906724487994,1768.185546875,2700,0.0,0.0
2021-02-15 00:00:00+09:00,1768.1855454995598,1773.180419921875,1766.1875957306338,1773.180419921875,4900,0.0,0.0
2021-02-16 00:00:00+09:00,1777.1762707698438,1777.1762707698438,1763.1906227705308,1772.181396484375,3100,0.0,0.0
2021-02-17 00:00:00+09:00,1772.1814436666082,1778.17529296875,1764.1896445970856,1778.17529296875,2900,0.0,0.0
2021-02-18 00:00:00+09:00,1778.1752957274011,1778.1752957274011,1768.185546875,1768.185546875,3700,0.0,0.0
2021-02-19 00:00:00+09:00,1768.1854970559998,1773.1803713414688,1766.1875473418122,1772.181396484375,1400,0.0,0.0
2021-02-22 00:00:00+09:00,1777.1763180850596,1778.17529296875,1769.1845190155373,1778.17529296875,2400,0.0,0.0
2021-02-24 00:00:00+09:00,1778.1752443876476,1778.1752443876476,1774.1793449620573,1777.17626953125,2600,0.0,0.0
2021-02-25 00:00:00+09:00,1778.17529296875,1778.17529296875,1773.1804185502983,1778.17529296875,3800,0.0,0.0
2021-02-26 00:00:00+09:00,1773.1803962931408,1778.175270648896,1770.1834716796875,1770.1834716796875,3800,0.0,0.0
2021-03-01 00:00:00+09:00,1770.1834938992274,1778.17529296875,1770.1834938992274,1778.17529296875,4700,0.0,0.0
2021-03-02 00:00:00+09:00,1778.1752667376365,1785.1680908203125,1774.1793672618214,1785.1680908203125,6200,0.0,0.0
2021-03-03 00:00:00+09:00,1786.1670407699833,1788.1649904800167,1778.175241929849,1787.166015625,4400,0.0,0.0
2021-03-04 00:00:00+09:00,1795.1577634546197,1796.15673828125,1783.1700655350564,1796.15673828125,6800,0.0,0.0
2021-03-05 00:00:00+09:00,1796.156759716015,1809.1434326171875,1794.1588100389115,1809.1434326171875,10900,0.0,0.0
2021-03-08 00:00:00+09:00,1818.1342746755465,1828.1240234375,1812.1404254183742,1828.1240234375,9700,0.0,0.0
2021-03-09 00:00:00+09:00,1828.1239748496446,1828.1239748496446,1818.1342263531985,1827.125,5700,0.0,0.0
2021-03-10 00:00:00+09:00,1827.1250287660175,1827.1250287660175,1798.1547576702194,1810.1424560546875,4800,0.0,0.0
2021-03-11 00:00:00+09:00,1810.1424335894194,1810.1424335894194,1800.1526850596763,1802.150634765625,5400,0.0,0.0
2021-03-12 00:00:00+09:00,1808.1445076060547,1808.1445076060547,1799.1537338113285,1805.1475830078125,11600,0.0,0.0
2021-03-15 00:00:00+09:00,1838.1137115819586,1886.0645040580098,1838.1137115819586,1877.07373046875,23000,0.0,0.0
2021-03-16 00:00:00+09:00,1888.062498711659,1893.057373046875,1880.0706997753134,1893.057373046875,10000,0.0,0.0
2021-03-17 00:00:00+09:00,1896.0542963610196,1898.05224609375,1888.0624974300986,1898.05224609375,4900,0.0,0.0
2021-03-18 00:00:00+09:00,1898.0522904366192,1914.035888671875,1896.0543406572122,1914.035888671875,13000,0.0,0.0
2021-03-19 00:00:00+09:00,1917.032755909455,1948.0009765625,1908.0419821714745,1948.0009765625,45400,0.0,0.0
2021-03-22 00:00:00+09:00,1952.9958235403328,1965.9824965357416,1948.9999241571302,1959.9886474609375,18900,0.0,0.0
2021-03-23 00:00:00+09:00,1977.97019468535,1979.9681443769512,1957.9906977693363,1959.9886474609375,10100,0.0,0.0
2021-03-24 00:00:00+09:00,1948.0009540593219,1957.9907025416774,1938.0112055769664,1940.0091552734375,9200,0.0,0.0
2021-03-25 00:00:00+09:00,1937.0122059009693,1949.9988787615741,1937.0122059009693,1942.007080078125,11400,0.0,0.0
2021-03-26 00:00:00+09:00,1942.0071025910925,1961.98659953133,1942.0071025910925,1949.9989013671875,48700,0.0,0.0
2021-03-29 00:00:00+09:00,1943.0061506919528,1962.9856483854433,1926.023577652486,1949.0,55500,0.0,0.0
2021-03-30 00:00:00+09:00,1900.0,1900.0,1844.0,1860.0,27600,2.0,0.0
2021-03-31 00:00:00+09:00,1899.0,1899.0,1841.0,1841.0,11800,0.0,0.0
2021-04-01 00:00:00+09:00,1849.0,1849.0,1818.0,1818.0,6400,0.0,0.0
2021-04-02 00:00:00+09:00,1839.0,1839.0,1826.0,1828.0,6100,0.0,0.0
2021-04-05 00:00:00+09:00,1813.0,1826.0,1811.0,1816.0,4900,0.0,0.0
2021-04-06 00:00:00+09:00,1817.0,1825.0,1808.0,1808.0,3600,0.0,0.0
2021-04-07 00:00:00+09:00,1811.0,1817.0,1805.0,1817.0,3400,0.0,0.0
2021-04-08 00:00:00+09:00,1808.0,1810.0,1800.0,1800.0,4500,0.0,0.0
2021-04-09 00:00:00+09:00,1810.0,1819.0,1803.0,1803.0,1500,0.0,0.0
2021-04-12 00:00:00+09:00,1803.0,1817.0,1803.0,1817.0,1500,0.0,0.0
2021-04-13 00:00:00+09:00,1826.0,1826.0,1823.0,1823.0,1200,0.0,0.0
2021-04-14 00:00:00+09:00,1826.0,1833.0,1822.0,1833.0,2000,0.0,0.0
2021-04-15 00:00:00+09:00,1835.0,1847.0,1833.0,1847.0,3100,0.0,0.0
2021-04-16 00:00:00+09:00,1847.0,1848.0,1836.0,1843.0,1000,0.0,0.0
2021-04-19 00:00:00+09:00,1845.0,1847.0,1839.0,1847.0,1700,0.0,0.0
2021-04-20 00:00:00+09:00,1847.0,1847.0,1831.0,1842.0,3700,0.0,0.0
2021-04-21 00:00:00+09:00,1833.0,1846.0,1825.0,1833.0,2400,0.0,0.0
2021-04-22 00:00:00+09:00,1833.0,1833.0,1830.0,1830.0,1400,0.0,0.0
2021-04-23 00:00:00+09:00,1830.0,1830.0,1815.0,1824.0,1500,0.0,0.0
2021-04-26 00:00:00+09:00,1824.0,1826.0,1815.0,1826.0,1400,0.0,0.0
2021-04-27 00:00:00+09:00,1829.0,1829.0,1820.0,1820.0,1600,0.0,0.0
2021-04-28 00:00:00+09:00,1820.0,1825.0,1809.0,1809.0,3300,0.0,0.0
2021-04-30 00:00:00+09:00,1809.0,1809.0,1781.0,1781.0,5100,0.0,0.0
2021-05-06 00:00:00+09:00,1799.0,1799.0,1782.0,1783.0,3500,0.0,0.0
2021-05-07 00:00:00+09:00,1784.0,1788.0,1780.0,1780.0,2700,0.0,0.0
2021-05-10 00:00:00+09:00,1782.0,1782.0,1778.0,1780.0,1500,0.0,0.0
2021-05-11 00:00:00+09:00,1780.0,1782.0,1773.0,1773.0,4100,0.0,0.0
2021-05-12 00:00:00+09:00,1774.0,1774.0,1760.0,1766.0,2200,0.0,0.0
2021-05-13 00:00:00+09:00,1762.0,1766.0,1743.0,1750.0,3100,0.0,0.0
2021-05-14 00:00:00+09:00,1752.0,1799.0,1752.0,1764.0,3300,0.0,0.0
2021-05-17 00:00:00+09:00,1564.0,1635.0,1553.0,1616.0,79900,0.0,0.0
2021-05-18 00:00:00+09:00,1624.0,1650.0,1622.0,1646.0,18200,0.0,0.0
2021-05-19 00:00:00+09:00,1640.0,1665.0,1640.0,1646.0,21800,0.0,0.0
2021-05-20 00:00:00+09:00,1651.0,1657.0,1646.0,1646.0,6800,0.0,0.0
2021-05-21 00:00:00+09:00,1648.0,1666.0,1644.0,1650.0,13900,0.0,0.0
2021-05-24 00:00:00+09:00,1650.0,1659.0,1648.0,1648.0,7200,0.0,0.0
2021-05-25 00:00:00+09:00,1642.0,1654.0,1642.0,1647.0,42800,0.0,0.0
2021-05-26 00:00:00+09:00,1663.0,1675.0,1649.0,1652.0,129000,0.0,0.0
2021-05-27 00:00:00+09:00,1653.0,1655.0,1650.0,1652.0,17000,0.0,0.0
2021-05-28 00:00:00+09:00,1653.0,1678.0,1653.0,1675.0,12600,0.0,0.0
2021-05-31 00:00:00+09:00,1678.0,1679.0,1665.0,1665.0,11800,0.0,0.0
2021-06-01 00:00:00+09:00,1675.0,1675.0,1669.0,1669.0,7900,0.0,0.0
2021-06-02 00:00:00+09:00,1661.0,1669.0,1658.0,1661.0,4900,0.0,0.0
2021-06-03 00:00:00+09:00,1664.0,1669.0,1661.0,1667.0,3300,0.0,0.0
2021-06-04 00:00:00+09:00,1666.0,1673.0,1660.0,1669.0,4000,0.0,0.0
2021-06-07 00:00:00+09:00,1675.0,1678.0,1669.0,1669.0,4300,0.0,0.0
2021-06-08 00:00:00+09:00,1677.0,1680.0,1673.0,1678.0,5100,0.0,0.0
2021-06-09 00:00:00+09:00,1681.0,1684.0,1680.0,1683.0,2800,0.0,0.0
2021-06-10 00:00:00+09:00,1684.0,1687.0,1681.0,1684.0,4600,0.0,0.0
2021-06-11 00:00:00+09:00,1691.0,1696.0,1685.0,1691.0,6800,0.0,0.0
2021-06-14 00:00:00+09:00,1699.0,1717.0,1693.0,1717.0,7700,0.0,0.0
2021-06-15 00:00:00+09:00,1727.0,1729.0,1717.0,1727.0,4700,0.0,0.0
2021-06-16 00:00:00+09:00,1723.0,1740.0,1723.0,1737.0,2200,0.0,0.0
2021-06-17 00:00:00+09:00,1741.0,1742.0,1733.0,1741.0,2700,0.0,0.0
2021-06-18 00:00:00+09:00,1743.0,1749.0,1743.0,1749.0,2800,0.0,0.0
2021-06-21 00:00:00+09:00,1749.0,1749.0,1706.0,1710.0,8200,0.0,0.0
2021-06-22 00:00:00+09:00,1714.0,1734.0,1714.0,1733.0,3000,0.0,0.0
2021-06-23 00:00:00+09:00,1730.0,1732.0,1726.0,1730.0,1600,0.0,0.0
2021-06-24 00:00:00+09:00,1730.0,1730.0,1717.0,1717.0,1700,0.0,0.0
2021-06-25 00:00:00+09:00,1717.0,1726.0,1717.0,1718.0,1900,0.0,0.0
2021-06-28 00:00:00+09:00,1725.0,1732.0,1720.0,1727.0,3500,0.0,0.0
2021-06-29 00:00:00+09:00,1732.0,1733.0,1725.0,1730.0,2700,0.0,0.0
2021-06-30 00:00:00+09:00,1730.0,1731.0,1725.0,1725.0,1500,0.0,0.0
2021-07-01 00:00:00+09:00,1725.0,1729.0,1724.0,1724.0,1300,0.0,0.0
2021-07-02 00:00:00+09:00,1732.0,1732.0,1724.0,1724.0,2500,0.0,0.0
2021-07-05 00:00:00+09:00,1737.0,1737.0,1731.0,1734.0,3100,0.0,0.0
2021-07-06 00:00:00+09:00,1736.0,1737.0,1730.0,1737.0,1400,0.0,0.0
2021-07-07 00:00:00+09:00,1733.0,1738.0,1730.0,1730.0,2100,0.0,0.0
2021-07-08 00:00:00+09:00,1731.0,1737.0,1722.0,1722.0,3300,0.0,0.0
2021-07-09 00:00:00+09:00,1720.0,1720.0,1710.0,1715.0,5300,0.0,0.0
2021-07-12 00:00:00+09:00,1720.0,1735.0,1720.0,1721.0,2900,0.0,0.0
2021-07-13 00:00:00+09:00,1731.0,1732.0,1721.0,1732.0,2000,0.0,0.0
2021-07-14 00:00:00+09:00,1732.0,1736.0,1730.0,1736.0,1500,0.0,0.0
2021-07-15 00:00:00+09:00,1740.0,1748.0,1723.0,1723.0,4800,0.0,0.0
2021-07-16 00:00:00+09:00,1720.0,1740.0,1720.0,1724.0,2100,0.0,0.0
2021-07-19 00:00:00+09:00,1721.0,1729.0,1714.0,1714.0,3400,0.0,0.0
2021-07-20 00:00:00+09:00,1711.0,1713.0,1705.0,1706.0,4800,0.0,0.0
2021-07-21 00:00:00+09:00,1706.0,1724.0,1706.0,1715.0,2200,0.0,0.0
2021-07-26 00:00:00+09:00,1727.0,1734.0,1727.0,1734.0,1700,0.0,0.0
2021-07-27 00:00:00+09:00,1734.0,1736.0,1731.0,1733.0,1400,0.0,0.0
2021-07-28 00:00:00+09:00,1731.0,1737.0,1720.0,1721.0,2300,0.0,0.0
2021-07-29 00:00:00+09:00,1717.0,1725.0,1711.0,1711.0,2300,0.0,0.0
2021-07-30 00:00:00+09:00,1711.0,1716.0,1710.0,1711.0,2000,0.0,0.0
2021-08-02 00:00:00+09:00,1716.0,1736.0,1716.0,1735.0,1900,0.0,0.0
2021-08-03 00:00:00+09:00,1735.0,1736.0,1724.0,1726.0,900,0.0,0.0
2021-08-04 00:00:00+09:00,1722.0,1734.0,1722.0,1729.0,1700,0.0,0.0
2021-08-05 00:00:00+09:00,1737.0,1737.0,1730.0,1736.0,2900,0.0,0.0
2021-08-06 00:00:00+09:00,1736.0,1736.0,1731.0,1735.0,1700,0.0,0.0
2021-08-10 00:00:00+09:00,1738.0,1738.0,1733.0,1733.0,1600,0.0,0.0
2021-08-11 00:00:00+09:00,1739.0,1753.0,1739.0,1753.0,4100,0.0,0.0
2021-08-12 00:00:00+09:00,1753.0,1753.0,1740.0,1740.0,3200,0.0,0.0
2021-08-13 00:00:00+09:00,1750.0,1750.0,1742.0,1742.0,2000,0.0,0.0
2021-08-16 00:00:00+09:00,1742.0,1742.0,1737.0,1737.0,1200,0.0,0.0
2021-08-17 00:00:00+09:00,1737.0,1740.0,1733.0,1735.0,900,0.0,0.0
2021-08-18 00:00:00+09:00,1731.0,1747.0,1731.0,1747.0,2800,0.0,0.0
2021-08-19 00:00:00+09:00,1742.0,1746.0,1740.0,1740.0,1500,0.0,0.0
2021-08-20 00:00:00+09:00,1744.0,1744.0,1733.0,1733.0,3100,0.0,0.0
2021-08-23 00:00:00+09:00,1740.0,1744.0,1734.0,1744.0,3100,0.0,0.0
2021-08-24 00:00:00+09:00,1744.0,1746.0,1738.0,1745.0,1700,0.0,0.0
2021-08-25 00:00:00+09:00,1745.0,1750.0,1741.0,1750.0,2200,0.0,0.0
2021-08-26 00:00:00+09:00,1750.0,1750.0,1743.0,1743.0,3000,0.0,0.0
2021-08-27 00:00:00+09:00,1731.0,1751.0,1731.0,1749.0,4100,0.0,0.0
2021-08-30 00:00:00+09:00,1750.0,1755.0,1745.0,1750.0,5100,0.0,0.0
2021-08-31 00:00:00+09:00,1750.0,1760.0,1750.0,1750.0,3600,0.0,0.0
2021-09-01 00:00:00+09:00,1749.0,1765.0,1745.0,1765.0,2200,0.0,0.0
2021-09-02 00:00:00+09:00,1772.0,1777.0,1771.0,1775.0,3600,0.0,0.0
2021-09-03 00:00:00+09:00,1779.0,1785.0,1777.0,1785.0,10900,0.0,0.0
2021-09-06 00:00:00+09:00,1790.0,1800.0,1789.0,1800.0,9900,0.0,0.0
2021-09-07 00:00:00+09:00,1800.0,1819.0,1800.0,1819.0,6800,0.0,0.0
2021-09-08 00:00:00+09:00,1819.0,1820.0,1806.0,1820.0,6100,0.0,0.0
2021-09-09 00:00:00+09:00,1820.0,1820.0,1810.0,1812.0,3900,0.0,0.0
2021-09-10 00:00:00+09:00,1815.0,1820.0,1810.0,1820.0,13000,0.0,0.0
2021-09-13 00:00:00+09:00,1820.0,1828.0,1811.0,1828.0,8700,0.0,0.0
2021-09-14 00:00:00+09:00,1830.0,1830.0,1821.0,1828.0,5800,0.0,0.0
2021-09-15 00:00:00+09:00,1829.0,1830.0,1822.0,1830.0,4500,0.0,0.0
2021-09-16 00:00:00+09:00,1830.0,1830.0,1825.0,1830.0,3700,0.0,0.0
2021-09-17 00:00:00+09:00,1822.0,1833.0,1822.0,1833.0,5700,0.0,0.0
2021-09-21 00:00:00+09:00,1824.0,1829.0,1822.0,1823.0,4000,0.0,0.0
2021-09-22 00:00:00+09:00,1825.0,1827.0,1820.0,1820.0,4500,0.0,0.0
2021-09-24 00:00:00+09:00,1828.0,1828.0,1821.0,1825.0,5100,0.0,0.0
2021-09-27 00:00:00+09:00,1822.0,1826.0,1820.0,1824.0,4300,0.0,0.0
2021-09-28 00:00:00+09:00,1830.0,1838.0,1829.0,1838.0,7300,0.0,0.0
2021-09-29 00:00:00+09:00,1804.0,1808.0,1790.0,1791.0,7600,0.0,0.0
2021-09-30 00:00:00+09:00,1791.0,1795.0,1790.0,1790.0,1700,0.0,0.0
2021-10-01 00:00:00+09:00,1788.0,1788.0,1771.0,1780.0,2900,0.0,0.0
2021-10-04 00:00:00+09:00,1796.0,1796.0,1780.0,1780.0,2700,0.0,0.0
2021-10-05 00:00:00+09:00,1780.0,1780.0,1760.0,1762.0,3800,0.0,0.0
2021-10-06 00:00:00+09:00,1777.0,1779.0,1750.0,1750.0,2700,0.0,0.0
2021-10-07 00:00:00+09:00,1767.0,1767.0,1741.0,1744.0,3000,0.0,0.0
2021-10-08 00:00:00+09:00,1744.0,1755.0,1742.0,1755.0,1500,0.0,0.0
2021-10-11 00:00:00+09:00,1755.0,1767.0,1752.0,1765.0,1300,0.0,0.0
2021-10-12 00:00:00+09:00,1772.0,1789.0,1772.0,1781.0,1200,0.0,0.0
2021-10-13 00:00:00+09:00,1788.0,1788.0,1770.0,1783.0,2600,0.0,0.0
2021-10-14 00:00:00+09:00,1776.0,1795.0,1776.0,1782.0,2400,0.0,0.0
2021-10-15 00:00:00+09:00,1797.0,1800.0,1794.0,1800.0,2800,0.0,0.0
2021-10-18 00:00:00+09:00,1805.0,1806.0,1800.0,1800.0,2600,0.0,0.0
2021-10-19 00:00:00+09:00,1800.0,1807.0,1800.0,1807.0,1600,0.0,0.0
2021-10-20 00:00:00+09:00,1807.0,1807.0,1792.0,1801.0,1100,0.0,0.0
2021-10-21 00:00:00+09:00,1801.0,1804.0,1795.0,1795.0,800,0.0,0.0
2021-10-22 00:00:00+09:00,1794.0,1798.0,1792.0,1792.0,900,0.0,0.0
2021-10-25 00:00:00+09:00,1792.0,1800.0,1782.0,1782.0,1200,0.0,0.0
2021-10-26 00:00:00+09:00,1798.0,1798.0,1790.0,1790.0,700,0.0,0.0
2021-10-27 00:00:00+09:00,1781.0,1791.0,1780.0,1790.0,1100,0.0,0.0
2021-10-28 00:00:00+09:00,1783.0,1796.0,1770.0,1770.0,4300,0.0,0.0
2021-10-29 00:00:00+09:00,1770.0,1770.0,1762.0,1770.0,900,0.0,0.0
2021-11-01 00:00:00+09:00,1770.0,1791.0,1765.0,1780.0,3200,0.0,0.0
2021-11-02 00:00:00+09:00,1780.0,1780.0,1776.0,1780.0,1000,0.0,0.0
2021-11-04 00:00:00+09:00,1780.0,1780.0,1773.0,1778.0,2000,0.0,0.0
2021-11-05 00:00:00+09:00,1778.0,1778.0,1773.0,1775.0,1000,0.0,0.0
2021-11-08 00:00:00+09:00,1780.0,1780.0,1776.0,1779.0,1500,0.0,0.0
2021-11-09 00:00:00+09:00,1780.0,1787.0,1775.0,1779.0,2000,0.0,0.0
2021-11-10 00:00:00+09:00,1779.0,1785.0,1775.0,1785.0,1100,0.0,0.0
2021-11-11 00:00:00+09:00,1794.0,1798.0,1771.0,1771.0,1900,0.0,0.0
2021-11-12 00:00:00+09:00,1789.0,1792.0,1773.0,1792.0,1800,0.0,0.0
2021-11-15 00:00:00+09:00,1780.0,1800.0,1780.0,1786.0,3000,0.0,0.0
2021-11-16 00:00:00+09:00,1797.0,1797.0,1791.0,1794.0,1400,0.0,0.0
2021-11-17 00:00:00+09:00,1792.0,1795.0,1786.0,1787.0,1600,0.0,0.0
2021-11-18 00:00:00+09:00,1793.0,1795.0,1786.0,1795.0,1200,0.0,0.0
2021-11-19 00:00:00+09:00,1799.0,1799.0,1781.0,1781.0,3100,0.0,0.0
2021-11-22 00:00:00+09:00,1788.0,1788.0,1780.0,1786.0,1400,0.0,0.0
2021-11-24 00:00:00+09:00,1783.0,1789.0,1783.0,1788.0,800,0.0,0.0
2021-11-25 00:00:00+09:00,1780.0,1790.0,1780.0,1785.0,2700,0.0,0.0
2021-11-26 00:00:00+09:00,1786.0,1786.0,1776.0,1776.0,2500,0.0,0.0
2021-11-29 00:00:00+09:00,1775.0,1783.0,1773.0,1775.0,3300,0.0,0.0
2021-11-30 00:00:00+09:00,1784.0,1785.0,1770.0,1770.0,2300,0.0,0.0
2021-12-01 00:00:00+09:00,1770.0,1776.0,1766.0,1766.0,1700,0.0,0.0
2021-12-02 00:00:00+09:00,1762.0,1768.0,1750.0,1750.0,3400,0.0,0.0
2021-12-03 00:00:00+09:00,1750.0,1770.0,1750.0,1761.0,1500,0.0,0.0
2021-12-06 00:00:00+09:00,1775.0,1789.0,1775.0,1786.0,3100,0.0,0.0
2021-12-07 00:00:00+09:00,1789.0,1789.0,1779.0,1788.0,2600,0.0,0.0
2021-12-08 00:00:00+09:00,1790.0,1798.0,1788.0,1797.0,2600,0.0,0.0
2021-12-09 00:00:00+09:00,1800.0,1800.0,1781.0,1796.0,1900,0.0,0.0
2021-12-10 00:00:00+09:00,1799.0,1799.0,1787.0,1795.0,3300,0.0,0.0
2021-12-13 00:00:00+09:00,1795.0,1795.0,1783.0,1791.0,1800,0.0,0.0
2021-12-14 00:00:00+09:00,1791.0,1791.0,1778.0,1791.0,2000,0.0,0.0
2021-12-15 00:00:00+09:00,1766.0,1781.0,1766.0,1771.0,1900,0.0,0.0
2021-12-16 00:00:00+09:00,1772.0,1774.0,1768.0,1774.0,1300,0.0,0.0
2021-12-17 00:00:00+09:00,1777.0,1785.0,1771.0,1785.0,1900,0.0,0.0
2021-12-20 00:00:00+09:00,1800.0,1800.0,1782.0,1787.0,3400,0.0,0.0
2021-12-21 00:00:00+09:00,1785.0,1785.0,1778.0,1778.0,1900,0.0,0.0
2021-12-22 00:00:00+09:00,1778.0,1779.0,1770.0,1770.0,2300,0.0,0.0
2021-12-23 00:00:00+09:00,1770.0,1773.0,1760.0,1760.0,2400,0.0,0.0
2021-12-24 00:00:00+09:00,1777.0,1777.0,1751.0,1757.0,3900,0.0,0.0
2021-12-27 00:00:00+09:00,1760.0,1760.0,1750.0,1750.0,3500,0.0,0.0
2021-12-28 00:00:00+09:00,1751.0,1762.0,1750.0,1759.0,4900,0.0,0.0
2021-12-29 00:00:00+09:00,1750.0,1763.0,1750.0,1763.0,3900,0.0,0.0
2021-12-30 00:00:00+09:00,1763.0,1781.0,1763.0,1773.0,1800,0.0,0.0
2022-01-04 00:00:00+09:00,1782.0,1782.0,1762.0,1772.0,5300,0.0,0.0
2022-01-05 00:00:00+09:00,1780.0,1780.0,1758.0,1769.0,3600,0.0,0.0
2022-01-06 00:00:00+09:00,1761.0,1761.0,1750.0,1752.0,2600,0.0,0.0
2022-01-07 00:00:00+09:00,1752.0,1771.0,1750.0,1750.0,4300,0.0,0.0
2022-01-11 00:00:00+09:00,1750.0,1761.0,1750.0,1761.0,2800,0.0,0.0
2022-01-12 00:00:00+09:00,1777.0,1780.0,1763.0,1780.0,2400,0.0,0.0
2022-01-13 00:00:00+09:00,1780.0,1780.0,1775.0,1780.0,1000,0.0,0.0
2022-01-14 00:00:00+09:00,1761.0,1785.0,1761.0,1783.0,2600,0.0,0.0
2022-01-17 00:00:00+09:00,1783.0,1790.0,1782.0,1786.0,1700,0.0,0.0
2022-01-18 00:00:00+09:00,1790.0,1790.0,1780.0,1780.0,1900,0.0,0.0
2022-01-19 00:00:00+09:00,1780.0,1789.0,1770.0,1773.0,2700,0.0,0.0
2022-01-20 00:00:00+09:00,1799.0,1799.0,1786.0,1790.0,2100,0.0,0.0
2022-01-21 00:00:00+09:00,1785.0,1795.0,1784.0,1784.0,1300,0.0,0.0
2022-01-24 00:00:00+09:00,1798.0,1799.0,1777.0,1799.0,3400,0.0,0.0
2022-01-25 00:00:00+09:00,1790.0,1794.0,1784.0,1791.0,1000,0.0,0.0
2022-01-26 00:00:00+09:00,1784.0,1791.0,1784.0,1788.0,1700,0.0,0.0
2022-01-27 00:00:00+09:00,1788.0,1789.0,1775.0,1775.0,4000,0.0,0.0
2022-01-28 00:00:00+09:00,1798.0,1800.0,1785.0,1800.0,6600,0.0,0.0
2022-01-31 00:00:00+09:00,1800.0,1800.0,1787.0,1796.0,3000,0.0,0.0
2022-02-01 00:00:00+09:00,1794.0,1795.0,1780.0,1788.0,4200,0.0,0.0
2022-02-02 00:00:00+09:00,1788.0,1789.0,1781.0,1788.0,1600,0.0,0.0
2022-02-03 00:00:00+09:00,1789.0,1792.0,1784.0,1786.0,2100,0.0,0.0
2022-02-04 00:00:00+09:00,1786.0,1794.0,1779.0,1783.0,3200,0.0,0.0
2022-02-07 00:00:00+09:00,1799.0,1799.0,1782.0,1794.0,5000,0.0,0.0
2022-02-08 00:00:00+09:00,1799.0,1799.0,1782.0,1785.0,2700,0.0,0.0
2022-02-09 00:00:00+09:00,1780.0,1798.0,1779.0,1798.0,3500,0.0,0.0
2022-02-10 00:00:00+09:00,1800.0,1811.0,1800.0,1811.0,3100,0.0,0.0
2022-02-14 00:00:00+09:00,1809.0,1810.0,1801.0,1810.0,3300,0.0,0.0
2022-02-15 00:00:00+09:00,1810.0,1813.0,1788.0,1799.0,5100,0.0,0.0
2022-02-16 00:00:00+09:00,1809.0,1813.0,1803.0,1808.0,2000,0.0,0.0
2022-02-17 00:00:00+09:00,1797.0,1815.0,1797.0,1808.0,2600,0.0,0.0
2022-02-18 00:00:00+09:00,1820.0,1820.0,1802.0,1817.0,4200,0.0,0.0
2022-02-21 00:00:00+09:00,1803.0,1818.0,1803.0,1805.0,3000,0.0,0.0
2022-02-22 00:00:00+09:00,1815.0,1815.0,1784.0,1793.0,5900,0.0,0.0
2022-02-24 00:00:00+09:00,1796.0,1800.0,1791.0,1800.0,4000,0.0,0.0
2022-02-25 00:00:00+09:00,1790.0,1798.0,1790.0,1798.0,10900,0.0,0.0
2022-02-28 00:00:00+09:00,1798.0,1810.0,1794.0,1801.0,7200,0.0,0.0
2022-03-01 00:00:00+09:00,1796.0,1802.0,1795.0,1795.0,9400,0.0,0.0
2022-03-02 00:00:00+09:00,1803.0,1803.0,1794.0,1795.0,3500,0.0,0.0
2022-03-03 00:00:00+09:00,1792.0,1804.0,1790.0,1804.0,5600,0.0,0.0
2022-03-04 00:00:00+09:00,1791.0,1798.0,1785.0,1785.0,20000,0.0,0.0
2022-03-07 00:00:00+09:00,1788.0,1788.0,1773.0,1775.0,13500,0.0,0.0
2022-03-08 00:00:00+09:00,1770.0,1783.0,1769.0,1779.0,5300,0.0,0.0
2022-03-09 00:00:00+09:00,1766.0,1771.0,1761.0,1767.0,6600,0.0,0.0
2022-03-10 00:00:00+09:00,1760.0,1775.0,1760.0,1775.0,11400,0.0,0.0
2022-03-11 00:00:00+09:00,1757.0,1760.0,1751.0,1752.0,28600,0.0,0.0
2022-03-14 00:00:00+09:00,1750.0,1773.0,1750.0,1773.0,7200,0.0,0.0
2022-03-15 00:00:00+09:00,1758.0,1799.0,1758.0,1799.0,5500,0.0,0.0
2022-03-16 00:00:00+09:00,1800.0,1809.0,1792.0,1802.0,6000,0.0,0.0
2022-03-17 00:00:00+09:00,1810.0,1810.0,1802.0,1809.0,4500,0.0,0.0
2022-03-18 00:00:00+09:00,1810.0,1816.0,1802.0,1802.0,63700,0.0,0.0
2022-03-22 00:00:00+09:00,1802.0,1809.0,1793.0,1807.0,12500,0.0,0.0
2022-03-23 00:00:00+09:00,1807.0,1817.0,1806.0,1814.0,9600,0.0,0.0
2022-03-24 00:00:00+09:00,1813.0,1818.0,1810.0,1818.0,3700,0.0,0.0
2022-03-25 00:00:00+09:00,1826.0,1826.0,1817.0,1824.0,14400,0.0,0.0
2022-03-28 00:00:00+09:00,1830.0,1831.0,1812.0,1815.0,13200,0.0,0.0
2022-03-29 00:00:00+09:00,1815.0,1818.0,1799.0,1802.0,41200,0.0,0.0
2022-03-30 00:00:00+09:00,1764.0,1777.0,1757.0,1777.0,21400,0.0,0.0
2022-03-31 00:00:00+09:00,1775.0,1786.0,1761.0,1778.0,6600,0.0,0.0
2022-04-01 00:00:00+09:00,1770.0,1774.0,1762.0,1762.0,4600,0.0,0.0
2022-04-04 00:00:00+09:00,1774.0,1796.0,1774.0,1790.0,8300,0.0,0.0
2022-04-05 00:00:00+09:00,1798.0,1798.0,1776.0,1779.0,7300,0.0,0.0
2022-04-06 00:00:00+09:00,1770.0,1781.0,1770.0,1776.0,5900,0.0,0.0
2022-04-07 00:00:00+09:00,1776.0,1782.0,1761.0,1774.0,7000,0.0,0.0
2022-04-08 00:00:00+09:00,1774.0,1786.0,1765.0,1775.0,6000,0.0,0.0
2022-04-11 00:00:00+09:00,1787.0,1787.0,1772.0,1778.0,4600,0.0,0.0
2022-04-12 00:00:00+09:00,1773.0,1777.0,1762.0,1762.0,3800,0.0,0.0
2022-04-13 00:00:00+09:00,1760.0,1772.0,1760.0,1769.0,4200,0.0,0.0
2022-04-14 00:00:00+09:00,1769.0,1782.0,1769.0,1769.0,3800,0.0,0.0
2022-04-15 00:00:00+09:00,1760.0,1776.0,1751.0,1751.0,5900,0.0,0.0
2022-04-18 00:00:00+09:00,1760.0,1767.0,1755.0,1760.0,2000,0.0,0.0
2022-04-19 00:00:00+09:00,1770.0,1770.0,1762.0,1767.0,2300,0.0,0.0
2022-04-20 00:00:00+09:00,1785.0,1785.0,1769.0,1774.0,3400,0.0,0.0
2022-04-21 00:00:00+09:00,1767.0,1775.0,1764.0,1775.0,2700,0.0,0.0
2022-04-22 00:00:00+09:00,1761.0,1775.0,1761.0,1772.0,1900,0.0,0.0
2022-04-25 00:00:00+09:00,1769.0,1783.0,1760.0,1768.0,3200,0.0,0.0
2022-04-26 00:00:00+09:00,1780.0,1780.0,1760.0,1760.0,2700,0.0,0.0
2022-04-27 00:00:00+09:00,1760.0,1779.0,1751.0,1765.0,8000,0.0,0.0
2022-04-28 00:00:00+09:00,1777.0,1797.0,1765.0,1794.0,6100,0.0,0.0
2022-05-02 00:00:00+09:00,1794.0,1794.0,1771.0,1781.0,3100,0.0,0.0
2022-05-06 00:00:00+09:00,1798.0,1798.0,1768.0,1774.0,6500,0.0,0.0
2022-05-09 00:00:00+09:00,1774.0,1775.0,1755.0,1755.0,5100,0.0,0.0
2022-05-10 00:00:00+09:00,1753.0,1759.0,1751.0,1751.0,4800,0.0,0.0
2022-05-11 00:00:00+09:00,1751.0,1761.0,1750.0,1750.0,4100,0.0,0.0
2022-05-12 00:00:00+09:00,1750.0,1759.0,1750.0,1750.0,2200,0.0,0.0
2022-05-13 00:00:00+09:00,1750.0,1775.0,1750.0,1775.0,4400,0.0,0.0
2022-05-16 00:00:00+09:00,1774.0,1778.0,1757.0,1766.0,3000,0.0,0.0
2022-05-17 00:00:00+09:00,1776.0,1780.0,1767.0,1780.0,2800,0.0,0.0
2022-05-18 00:00:00+09:00,1775.0,1780.0,1767.0,1775.0,2700,0.0,0.0
2022-05-19 00:00:00+09:00,1767.0,1778.0,1767.0,1770.0,2300,0.0,0.0
2022-05-20 00:00:00+09:00,1784.0,1797.0,1773.0,1797.0,4400,0.0,0.0
2022-05-23 00:00:00+09:00,1790.0,1790.0,1775.0,1777.0,3100,0.0,0.0
2022-05-24 00:00:00+09:00,1786.0,1786.0,1778.0,1782.0,2300,0.0,0.0
2022-05-25 00:00:00+09:00,1782.0,1792.0,1781.0,1790.0,2500,0.0,0.0
2022-05-26 00:00:00+09:00,1792.0,1792.0,1781.0,1785.0,2200,0.0,0.0
2022-05-27 00:00:00+09:00,1785.0,1792.0,1785.0,1792.0,1800,0.0,0.0
2022-05-30 00:00:00+09:00,1782.0,1800.0,1778.0,1800.0,8200,0.0,0.0
2022-05-31 00:00:00+09:00,1800.0,1803.0,1795.0,1803.0,4300,0.0,0.0
2022-06-01 00:00:00+09:00,1804.0,1809.0,1789.0,1809.0,3400,0.0,0.0
2022-06-02 00:00:00+09:00,1809.0,1810.0,1798.0,1809.0,2700,0.0,0.0
2022-06-03 00:00:00+09:00,1810.0,1810.0,1801.0,1810.0,2900,0.0,0.0
2022-06-06 00:00:00+09:00,1813.0,1813.0,1800.0,1809.0,4300,0.0,0.0
2022-06-07 00:00:00+09:00,1809.0,1809.0,1797.0,1804.0,3000,0.0,0.0
2022-06-08 00:00:00+09:00,1795.0,1809.0,1794.0,1802.0,3100,0.0,0.0
2022-06-09 00:00:00+09:00,1806.0,1815.0,1803.0,1815.0,3500,0.0,0.0
2022-06-10 00:00:00+09:00,1816.0,1817.0,1800.0,1800.0,5300,0.0,0.0
2022-06-13 00:00:00+09:00,1818.0,1820.0,1801.0,1817.0,16900,0.0,0.0
2022-06-14 00:00:00+09:00,1822.0,1822.0,1806.0,1812.0,8700,0.0,0.0
2022-06-15 00:00:00+09:00,1801.0,1814.0,1800.0,1803.0,3600,0.0,0.0
2022-06-16 00:00:00+09:00,1803.0,1813.0,1801.0,1813.0,3600,0.0,0.0
2022-06-17 00:00:00+09:00,1809.0,1812.0,1790.0,1812.0,5100,0.0,0.0
2022-06-20 00:00:00+09:00,1824.0,1824.0,1812.0,1817.0,4400,0.0,0.0
2022-06-21 00:00:00+09:00,1815.0,1815.0,1802.0,1808.0,2500,0.0,0.0
2022-06-22 00:00:00+09:00,1816.0,1823.0,1801.0,1814.0,2100,0.0,0.0
2022-06-23 00:00:00+09:00,1819.0,1828.0,1817.0,1828.0,7100,0.0,0.0
2022-06-24 00:00:00+09:00,1806.0,1822.0,1806.0,1810.0,4000,0.0,0.0
2022-06-27 00:00:00+09:00,1812.0,1827.0,1812.0,1817.0,2600,0.0,0.0
2022-06-28 00:00:00+09:00,1817.0,1821.0,1811.0,1820.0,2500,0.0,0.0
2022-06-29 00:00:00+09:00,1819.0,1829.0,1808.0,1829.0,7000,0.0,0.0
2022-06-30 00:00:00+09:00,1828.0,1828.0,1816.0,1818.0,2500,0.0,0.0
2022-07-01 00:00:00+09:00,1827.0,1827.0,1817.0,1817.0,1900,0.0,0.0
2022-07-04 00:00:00+09:00,1827.0,1829.0,1819.0,1829.0,2600,0.0,0.0
2022-07-05 00:00:00+09:00,1834.0,1834.0,1829.0,1833.0,2600,0.0,0.0
2022-07-06 00:00:00+09:00,1833.0,1833.0,1824.0,1830.0,2300,0.0,0.0
2022-07-07 00:00:00+09:00,1834.0,1834.0,1823.0,1830.0,1800,0.0,0.0
2022-07-08 00:00:00+09:00,1834.0,1837.0,1826.0,1834.0,5300,0.0,0.0
2022-07-11 00:00:00+09:00,1834.0,1834.0,1811.0,1833.0,5700,0.0,0.0
2022-07-12 00:00:00+09:00,1828.0,1829.0,1820.0,1821.0,2000,0.0,0.0
2022-07-13 00:00:00+09:00,1818.0,1825.0,1817.0,1825.0,1600,0.0,0.0
2022-07-14 00:00:00+09:00,1822.0,1835.0,1820.0,1820.0,2900,0.0,0.0
2022-07-15 00:00:00+09:00,1806.0,1815.0,1804.0,1804.0,3700,0.0,0.0
2022-07-19 00:00:00+09:00,1810.0,1814.0,1798.0,1800.0,4100,0.0,0.0
2022-07-20 00:00:00+09:00,1830.0,1830.0,1805.0,1830.0,6300,0.0,0.0
2022-07-21 00:00:00+09:00,1823.0,1829.0,1822.0,1826.0,900,0.0,0.0
2022-07-22 00:00:00+09:00,1826.0,1826.0,1821.0,1824.0,1400,0.0,0.0
2022-07-25 00:00:00+09:00,1824.0,1825.0,1817.0,1820.0,2000,0.0,0.0
2022-07-26 00:00:00+09:00,1817.0,1828.0,1817.0,1823.0,1400,0.0,0.0
2022-07-27 00:00:00+09:00,1823.0,1823.0,1815.0,1815.0,2000,0.0,0.0
2022-07-28 00:00:00+09:00,1815.0,1824.0,1809.0,1809.0,4000,0.0,0.0
2022-07-29 00:00:00+09:00,1809.0,1824.0,1809.0,1824.0,2700,0.0,0.0
2022-08-01 00:00:00+09:00,1824.0,1825.0,1806.0,1825.0,3300,0.0,0.0
2022-08-02 00:00:00+09:00,1825.0,1825.0,1813.0,1816.0,1700,0.0,0.0
2022-08-03 00:00:00+09:00,1813.0,1817.0,1805.0,1805.0,3600,0.0,0.0
2022-08-04 00:00:00+09:00,1805.0,1806.0,1804.0,1806.0,1000,0.0,0.0
2022-08-05 00:00:00+09:00,1802.0,1814.0,1801.0,1812.0,4800,0.0,0.0
2022-08-08 00:00:00+09:00,1812.0,1813.0,1805.0,1806.0,1600,0.0,0.0
2022-08-09 00:00:00+09:00,1807.0,1815.0,1807.0,1810.0,1600,0.0,0.0
2022-08-10 00:00:00+09:00,1816.0,1822.0,1806.0,1822.0,5000,0.0,0.0
2022-08-12 00:00:00+09:00,1813.0,1817.0,1802.0,1813.0,9000,0.0,0.0
2022-08-15 00:00:00+09:00,1802.0,1810.0,1800.0,1800.0,8400,0.0,0.0
2022-08-16 00:00:00+09:00,1800.0,1805.0,1795.0,1795.0,3800,0.0,0.0
2022-08-17 00:00:00+09:00,1790.0,1795.0,1790.0,1792.0,3100,0.0,0.0
2022-08-18 00:00:00+09:00,1790.0,1791.0,1788.0,1788.0,4000,0.0,0.0
2022-08-19 00:00:00+09:00,1798.0,1798.0,1791.0,1791.0,4500,0.0,0.0
2022-08-22 00:00:00+09:00,1791.0,1791.0,1788.0,1788.0,3300,0.0,0.0
2022-08-23 00:00:00+09:00,1788.0,1793.0,1785.0,1785.0,4400,0.0,0.0
2022-08-24 00:00:00+09:00,1795.0,1797.0,1780.0,1780.0,4000,0.0,0.0
2022-08-25 00:00:00+09:00,1790.0,1790.0,1780.0,1784.0,3100,0.0,0.0
2022-08-26 00:00:00+09:00,1784.0,1790.0,1784.0,1784.0,4000,0.0,0.0
2022-08-29 00:00:00+09:00,1783.0,1791.0,1780.0,1784.0,4700,0.0,0.0
2022-08-30 00:00:00+09:00,1781.0,1790.0,1780.0,1787.0,8400,0.0,0.0
2022-08-31 00:00:00+09:00,1780.0,1786.0,1780.0,1782.0,6700,0.0,0.0
2022-09-01 00:00:00+09:00,1780.0,1780.0,1775.0,1776.0,8900,0.0,0.0
2022-09-02 00:00:00+09:00,1772.0,1777.0,1761.0,1761.0,25600,0.0,0.0
2022-09-05 00:00:00+09:00,1767.0,1768.0,1760.0,1760.0,7600,0.0,0.0
2022-09-06 00:00:00+09:00,1760.0,1775.0,1760.0,1760.0,5400,0.0,0.0
2022-09-07 00:00:00+09:00,1786.0,1786.0,1763.0,1772.0,4700,0.0,0.0
2022-09-08 00:00:00+09:00,1772.0,1792.0,1769.0,1792.0,5000,0.0,0.0
2022-09-09 00:00:00+09:00,1766.0,1781.0,1766.0,1770.0,43500,0.0,0.0
2022-09-12 00:00:00+09:00,1771.0,1781.0,1771.0,1781.0,4100,0.0,0.0
2022-09-13 00:00:00+09:00,1786.0,1786.0,1779.0,1786.0,2100,0.0,0.0
2022-09-14 00:00:00+09:00,1780.0,1785.0,1779.0,1785.0,4700,0.0,0.0
2022-09-15 00:00:00+09:00,1774.0,1785.0,1774.0,1783.0,2700,0.0,0.0
2022-09-16 00:00:00+09:00,1781.0,1781.0,1770.0,1771.0,17600,0.0,0.0
2022-09-20 00:00:00+09:00,1797.0,1797.0,1772.0,1781.0,6300,0.0,0.0
2022-09-21 00:00:00+09:00,1781.0,1787.0,1772.0,1787.0,4600,0.0,0.0
2022-09-22 00:00:00+09:00,1772.0,1780.0,1772.0,1780.0,9600,0.0,0.0
2022-09-26 00:00:00+09:00,1780.0,1783.0,1772.0,1772.0,8100,0.0,0.0
2022-09-27 00:00:00+09:00,1775.0,1779.0,1772.0,1772.0,4700,0.0,0.0
2022-09-28 00:00:00+09:00,1770.0,1773.0,1762.0,1762.0,25100,0.0,0.0
2022-09-29 00:00:00+09:00,1787.0,1787.0,1762.0,1767.0,10800,0.0,0.0
2022-09-30 00:00:00+09:00,1761.0,1773.0,1761.0,1765.0,3000,0.0,0.0
2022-10-03 00:00:00+09:00,1760.0,1768.0,1760.0,1760.0,2800,0.0,0.0
2022-10-04 00:00:00+09:00,1760.0,1765.0,1760.0,1760.0,3000,0.0,0.0
2022-10-05 00:00:00+09:00,1770.0,1770.0,1761.0,1761.0,2800,0.0,0.0
2022-10-06 00:00:00+09:00,1760.0,1768.0,1760.0,1768.0,3000,0.0,0.0
2022-10-07 00:00:00+09:00,1761.0,1772.0,1761.0,1765.0,4200,0.0,0.0
2022-10-11 00:00:00+09:00,1765.0,1784.0,1765.0,1779.0,3600,0.0,0.0
2022-10-12 00:00:00+09:00,1785.0,1785.0,1777.0,1784.0,2600,0.0,0.0
2022-10-13 00:00:00+09:00,1785.0,1790.0,1760.0,1760.0,6800,0.0,0.0
2022-10-14 00:00:00+09:00,1762.0,1772.0,1762.0,1772.0,3400,0.0,0.0
2022-10-17 00:00:00+09:00,1772.0,1775.0,1766.0,1766.0,1100,0.0,0.0
2022-10-18 00:00:00+09:00,1777.0,1780.0,1768.0,1780.0,2500,0.0,0.0
2022-10-19 00:00:00+09:00,1773.0,1781.0,1773.0,1781.0,1600,0.0,0.0
2022-10-20 00:00:00+09:00,1786.0,1786.0,1771.0,1780.0,3500,0.0,0.0
2022-10-21 00:00:00+09:00,1785.0,1785.0,1769.0,1771.0,1400,0.0,0.0
2022-10-24 00:00:00+09:00,1785.0,1786.0,1778.0,1786.0,2200,0.0,0.0
2022-10-25 00:00:00+09:00,1791.0,1793.0,1788.0,1793.0,2100,0.0,0.0
2022-10-26 00:00:00+09:00,1795.0,1796.0,1788.0,1793.0,2000,0.0,0.0
2022-10-27 00:00:00+09:00,1798.0,1798.0,1790.0,1791.0,2200,0.0,0.0
2022-10-28 00:00:00+09:00,1790.0,1791.0,1769.0,1769.0,13600,0.0,0.0
2022-10-31 00:00:00+09:00,1789.0,1790.0,1767.0,1770.0,3500,0.0,0.0
2022-11-01 00:00:00+09:00,1778.0,1787.0,1776.0,1781.0,2800,0.0,0.0
2022-11-02 00:00:00+09:00,1786.0,1787.0,1778.0,1781.0,2300,0.0,0.0
2022-11-04 00:00:00+09:00,1785.0,1788.0,1772.0,1774.0,3100,0.0,0.0
2022-11-07 00:00:00+09:00,1792.0,1792.0,1777.0,1777.0,2600,0.0,0.0
2022-11-08 00:00:00+09:00,1778.0,1792.0,1776.0,1792.0,3300,0.0,0.0
2022-11-09 00:00:00+09:00,1792.0,1795.0,1785.0,1788.0,1300,0.0,0.0
2022-11-10 00:00:00+09:00,1794.0,1796.0,1787.0,1796.0,1900,0.0,0.0
2022-11-11 00:00:00+09:00,1796.0,1797.0,1790.0,1797.0,2400,0.0,0.0
2022-11-14 00:00:00+09:00,1797.0,1797.0,1791.0,1794.0,1600,0.0,0.0
2022-11-15 00:00:00+09:00,1785.0,1798.0,1785.0,1791.0,2000,0.0,0.0
2022-11-16 00:00:00+09:00,1792.0,1796.0,1787.0,1794.0,1400,0.0,0.0
2022-11-17 00:00:00+09:00,1792.0,1796.0,1790.0,1795.0,1500,0.0,0.0
2022-11-18 00:00:00+09:00,1800.0,1809.0,1793.0,1808.0,6300,0.0,0.0
2022-11-21 00:00:00+09:00,1810.0,1810.0,1800.0,1800.0,2600,0.0,0.0
2022-11-22 00:00:00+09:00,1799.0,1799.0,1792.0,1798.0,1900,0.0,0.0
2022-11-24 00:00:00+09:00,1789.0,1806.0,1789.0,1806.0,4000,0.0,0.0
2022-11-25 00:00:00+09:00,1808.0,1819.0,1807.0,1816.0,3500,0.0,0.0
2022-11-28 00:00:00+09:00,1819.0,1826.0,1818.0,1826.0,3500,0.0,0.0
2022-11-29 00:00:00+09:00,1819.0,1827.0,1810.0,1821.0,4300,0.0,0.0
2022-11-30 00:00:00+09:00,1811.0,1822.0,1807.0,1807.0,1800,0.0,0.0
2022-12-01 00:00:00+09:00,1807.0,1821.0,1807.0,1821.0,2300,0.0,0.0
2022-12-02 00:00:00+09:00,1821.0,1821.0,1800.0,1800.0,3200,0.0,0.0
2022-12-05 00:00:00+09:00,1823.0,1823.0,1803.0,1812.0,2500,0.0,0.0
2022-12-06 00:00:00+09:00,1802.0,1810.0,1800.0,1807.0,4000,0.0,0.0
2022-12-07 00:00:00+09:00,1809.0,1809.0,1800.0,1800.0,1400,0.0,0.0
2022-12-08 00:00:00+09:00,1805.0,1812.0,1800.0,1800.0,3000,0.0,0.0
2022-12-09 00:00:00+09:00,1802.0,1810.0,1802.0,1810.0,2700,0.0,0.0
2022-12-12 00:00:00+09:00,1814.0,1815.0,1803.0,1803.0,1600,0.0,0.0
2022-12-13 00:00:00+09:00,1810.0,1810.0,1790.0,1805.0,5300,0.0,0.0
2022-12-14 00:00:00+09:00,1810.0,1817.0,1798.0,1817.0,4400,0.0,0.0
2022-12-15 00:00:00+09:00,1803.0,1818.0,1802.0,1817.0,5200,0.0,0.0
2022-12-16 00:00:00+09:00,1817.0,1817.0,1810.0,1810.0,2300,0.0,0.0
2022-12-19 00:00:00+09:00,1820.0,1823.0,1805.0,1820.0,4100,0.0,0.0
2022-12-20 00:00:00+09:00,1830.0,1833.0,1817.0,1817.0,7400,0.0,0.0
2022-12-21 00:00:00+09:00,1820.0,1824.0,1805.0,1805.0,2500,0.0,0.0
2022-12-22 00:00:00+09:00,1802.0,1811.0,1800.0,1811.0,2000,0.0,0.0
2022-12-23 00:00:00+09:00,1809.0,1810.0,1800.0,1800.0,1200,0.0,0.0
2022-12-26 00:00:00+09:00,1800.0,1808.0,1798.0,1807.0,1500,0.0,0.0
2022-12-27 00:00:00+09:00,1810.0,1815.0,1810.0,1815.0,1500,0.0,0.0
2022-12-28 00:00:00+09:00,1816.0,1819.0,1796.0,1814.0,3700,0.0,0.0
2022-12-29 00:00:00+09:00,1802.0,1822.0,1802.0,1822.0,2000,0.0,0.0
2022-12-30 00:00:00+09:00,1817.0,1822.0,1808.0,1811.0,2200,0.0,0.0
2023-01-04 00:00:00+09:00,1815.0,1815.0,1803.0,1808.0,1800,0.0,0.0
2023-01-05 00:00:00+09:00,1829.0,1829.0,1800.0,1800.0,3600,0.0,0.0
2023-01-06 00:00:00+09:00,1799.0,1812.0,1799.0,1812.0,1900,0.0,0.0
2023-01-10 00:00:00+09:00,1817.0,1818.0,1802.0,1802.0,4200,0.0,0.0
2023-01-11 00:00:00+09:00,1802.0,1815.0,1802.0,1803.0,2000,0.0,0.0
2023-01-12 00:00:00+09:00,1802.0,1810.0,1791.0,1797.0,6100,0.0,0.0
2023-01-13 00:00:00+09:00,1792.0,1807.0,1792.0,1800.0,4000,0.0,0.0
2023-01-16 00:00:00+09:00,1798.0,1803.0,1798.0,1802.0,1500,0.0,0.0
2023-01-17 00:00:00+09:00,1807.0,1808.0,1802.0,1808.0,4200,0.0,0.0
2023-01-18 00:00:00+09:00,1809.0,1827.0,1809.0,1823.0,3800,0.0,0.0
2023-01-19 00:00:00+09:00,1806.0,1824.0,1806.0,1823.0,2100,0.0,0.0
2023-01-20 00:00:00+09:00,1830.0,1830.0,1814.0,1823.0,3700,0.0,0.0
2023-01-23 00:00:00+09:00,1823.0,1828.0,1820.0,1825.0,2400,0.0,0.0
2023-01-24 00:00:00+09:00,1823.0,1827.0,1819.0,1826.0,2300,0.0,0.0
2023-01-25 00:00:00+09:00,1827.0,1827.0,1816.0,1826.0,2300,0.0,0.0
2023-01-26 00:00:00+09:00,1814.0,1824.0,1810.0,1818.0,4600,0.0,0.0
2023-01-27 00:00:00+09:00,1818.0,1818.0,1809.0,1810.0,2900,0.0,0.0
2023-01-30 00:00:00+09:00,1818.0,1820.0,1790.0,1790.0,25700,0.0,0.0
2023-01-31 00:00:00+09:00,1792.0,1809.0,1792.0,1809.0,2600,0.0,0.0
2023-02-01 00:00:00+09:00,1804.0,1819.0,1804.0,1818.0,1900,0.0,0.0
2023-02-02 00:00:00+09:00,1824.0,1824.0,1816.0,1822.0,1800,0.0,0.0
2023-02-03 00:00:00+09:00,1812.0,1822.0,1811.0,1817.0,2000,0.0,0.0
2023-02-06 00:00:00+09:00,1826.0,1827.0,1814.0,1818.0,4000,0.0,0.0
2023-02-07 00:00:00+09:00,1810.0,1816.0,1807.0,1808.0,3000,0.0,0.0
2023-02-08 00:00:00+09:00,1807.0,1816.0,1805.0,1805.0,3100,0.0,0.0
2023-02-09 00:00:00+09:00,1805.0,1819.0,1805.0,1814.0,1500,0.0,0.0
2023-02-10 00:00:00+09:00,1810.0,1824.0,1810.0,1824.0,2000,0.0,0.0
2023-02-13 00:00:00+09:00,1824.0,1826.0,1820.0,1824.0,3500,0.0,0.0
2023-02-14 00:00:00+09:00,1827.0,1827.0,1822.0,1826.0,1300,0.0,0.0
2023-02-15 00:00:00+09:00,1818.0,1830.0,1818.0,1823.0,3000,0.0,0.0
2023-02-16 00:00:00+09:00,1823.0,1827.0,1821.0,1827.0,2400,0.0,0.0
2023-02-17 00:00:00+09:00,1810.0,1827.0,1810.0,1821.0,2400,0.0,0.0
2023-02-20 00:00:00+09:00,1830.0,1830.0,1821.0,1828.0,2300,0.0,0.0
2023-02-21 00:00:00+09:00,1829.0,1830.0,1821.0,1827.0,3100,0.0,0.0
2023-02-22 00:00:00+09:00,1825.0,1828.0,1821.0,1821.0,1200,0.0,0.0
2023-02-24 00:00:00+09:00,1820.0,1828.0,1820.0,1828.0,1200,0.0,0.0
2023-02-27 00:00:00+09:00,1827.0,1831.0,1827.0,1831.0,1600,0.0,0.0
2023-02-28 00:00:00+09:00,1824.0,1833.0,1824.0,1830.0,1600,0.0,0.0
2023-03-01 00:00:00+09:00,1835.0,1840.0,1835.0,1835.0,3200,0.0,0.0
2023-03-02 00:00:00+09:00,1848.0,1848.0,1835.0,1840.0,2200,0.0,0.0
2023-03-03 00:00:00+09:00,1840.0,1850.0,1840.0,1849.0,4000,0.0,0.0
2023-03-06 00:00:00+09:00,1850.0,1852.0,1846.0,1852.0,4200,0.0,0.0
2023-03-07 00:00:00+09:00,1850.0,1855.0,1849.0,1854.0,4000,0.0,0.0
2023-03-08 00:00:00+09:00,1850.0,1855.0,1848.0,1853.0,3200,0.0,0.0
2023-03-09 00:00:00+09:00,1855.0,1855.0,1851.0,1854.0,3800,0.0,0.0
2023-03-10 00:00:00+09:00,1850.0,1858.0,1850.0,1854.0,5400,0.0,0.0
2023-03-13 00:00:00+09:00,1854.0,1854.0,1849.0,1853.0,2400,0.0,0.0
2023-03-14 00:00:00+09:00,1853.0,1853.0,1846.0,1846.0,2900,0.0,0.0
2023-03-15 00:00:00+09:00,1846.0,1853.0,1846.0,1851.0,2000,0.0,0.0
2023-03-16 00:00:00+09:00,1853.0,1858.0,1849.0,1858.0,3700,0.0,0.0
2023-03-17 00:00:00+09:00,1860.0,1866.0,1860.0,1866.0,2500,0.0,0.0
2023-03-20 00:00:00+09:00,1870.0,1875.0,1859.0,1859.0,6700,0.0,0.0
2023-03-22 00:00:00+09:00,1865.0,1878.0,1861.0,1878.0,5400,0.0,0.0
2023-03-23 00:00:00+09:00,1878.0,1890.0,1873.0,1890.0,6300,0.0,0.0
2023-03-24 00:00:00+09:00,1889.0,1890.0,1878.0,1889.0,4200,0.0,0.0
2023-03-27 00:00:00+09:00,1890.0,1890.0,1877.0,1877.0,6300,0.0,0.0
2023-03-28 00:00:00+09:00,1877.0,1883.0,1876.0,1877.0,5900,0.0,0.0
2023-03-29 00:00:00+09:00,1878.0,1905.0,1877.0,1905.0,34500,0.0,0.0
2023-03-30 00:00:00+09:00,1861.0,1864.0,1831.0,1839.0,13700,0.0,0.0
2023-03-31 00:00:00+09:00,1839.0,1850.0,1838.0,1839.0,5400,0.0,0.0
2023-04-03 00:00:00+09:00,1839.0,1841.0,1829.0,1829.0,5200,0.0,0.0
2023-04-04 00:00:00+09:00,1843.0,1843.0,1812.0,1813.0,4700,0.0,0.0
2023-04-05 00:00:00+09:00,1823.0,1823.0,1808.0,1808.0,5600,0.0,0.0
2023-04-06 00:00:00+09:00,1818.0,1819.0,1808.0,1810.0,3600,0.0,0.0
2023-04-07 00:00:00+09:00,1809.0,1815.0,1806.0,1806.0,6100,0.0,0.0
2023-04-10 00:00:00+09:00,1820.0,1820.0,1809.0,1814.0,3300,0.0,0.0
2023-04-11 00:00:00+09:00,1830.0,1831.0,1811.0,1819.0,3700,0.0,0.0
2023-04-12 00:00:00+09:00,1820.0,1820.0,1806.0,1813.0,4500,0.0,0.0
2023-04-13 00:00:00+09:00,1819.0,1819.0,1808.0,1814.0,2600,0.0,0.0
2023-04-14 00:00:00+09:00,1810.0,1817.0,1809.0,1809.0,4500,0.0,0.0
2023-04-17 00:00:00+09:00,1814.0,1819.0,1807.0,1815.0,3500,0.0,0.0
2023-04-18 00:00:00+09:00,1816.0,1821.0,1816.0,1816.0,2500,0.0,0.0
2023-04-19 00:00:00+09:00,1810.0,1825.0,1810.0,1819.0,4200,0.0,0.0
2023-04-20 00:00:00+09:00,1830.0,1830.0,1818.0,1824.0,3800,0.0,0.0
2023-04-21 00:00:00+09:00,1808.0,1832.0,1808.0,1815.0,5600,0.0,0.0
2023-04-24 00:00:00+09:00,1827.0,1831.0,1817.0,1830.0,4800,0.0,0.0
2023-04-25 00:00:00+09:00,1825.0,1825.0,1811.0,1817.0,6100,0.0,0.0
2023-04-26 00:00:00+09:00,1820.0,1820.0,1810.0,1810.0,4500,0.0,0.0
2023-04-27 00:00:00+09:00,1808.0,1814.0,1804.0,1804.0,23600,0.0,0.0
2023-04-28 00:00:00+09:00,1809.0,1809.0,1802.0,1803.0,3200,0.0,0.0
2023-05-01 00:00:00+09:00,1810.0,1818.0,1807.0,1814.0,3400,0.0,0.0
2023-05-02 00:00:00+09:00,1812.0,1819.0,1810.0,1817.0,3500,0.0,0.0
2023-05-08 00:00:00+09:00,1820.0,1836.0,1820.0,1831.0,7100,0.0,0.0
2023-05-09 00:00:00+09:00,1831.0,1835.0,1825.0,1835.0,4600,0.0,0.0
2023-05-10 00:00:00+09:00,1835.0,1835.0,1819.0,1819.0,3100,0.0,0.0
2023-05-11 00:00:00+09:00,1819.0,1831.0,1817.0,1817.0,1800,0.0,0.0
2023-05-12 00:00:00+09:00,1822.0,1827.0,1816.0,1827.0,2700,0.0,0.0
2023-05-15 00:00:00+09:00,1820.0,1829.0,1819.0,1828.0,3400,0.0,0.0
2023-05-16 00:00:00+09:00,1825.0,1828.0,1824.0,1828.0,2600,0.0,0.0
2023-05-17 00:00:00+09:00,1828.0,1828.0,1821.0,1825.0,2300,0.0,0.0
2023-05-18 00:00:00+09:00,1825.0,1827.0,1821.0,1821.0,1700,0.0,0.0
2023-05-19 00:00:00+09:00,1830.0,1830.0,1811.0,1811.0,6600,0.0,0.0
2023-05-22 00:00:00+09:00,1820.0,1820.0,1810.0,1810.0,3100,0.0,0.0
2023-05-23 00:00:00+09:00,1806.0,1811.0,1806.0,1808.0,2700,0.0,0.0
2023-05-24 00:00:00+09:00,1808.0,1812.0,1807.0,1809.0,2000,0.0,0.0
2023-05-25 00:00:00+09:00,1808.0,1811.0,1807.0,1809.0,1500,0.0,0.0
2023-05-26 00:00:00+09:00,1810.0,1811.0,1806.0,1807.0,2200,0.0,0.0
2023-05-29 00:00:00+09:00,1810.0,1814.0,1806.0,1806.0,2700,0.0,0.0
2023-05-30 00:00:00+09:00,1814.0,1814.0,1803.0,1803.0,4200,0.0,0.0
2023-05-31 00:00:00+09:00,1806.0,1806.0,1800.0,1800.0,4900,0.0,0.0
2023-06-01 00:00:00+09:00,1803.0,1803.0,1800.0,1800.0,3600,0.0,0.0
2023-06-02 00:00:00+09:00,1801.0,1803.0,1798.0,1798.0,3800,0.0,0.0
2023-06-05 00:00:00+09:00,1818.0,1818.0,1799.0,1804.0,3200,0.0,0.0
2023-06-06 00:00:00+09:00,1800.0,1812.0,1800.0,1812.0,1400,0.0,0.0
2023-06-07 00:00:00+09:00,1811.0,1817.0,1811.0,1812.0,2900,0.0,0.0
2023-06-08 00:00:00+09:00,1812.0,1816.0,1812.0,1813.0,1800,0.0,0.0
2023-06-09 00:00:00+09:00,1811.0,1820.0,1803.0,1811.0,5600,0.0,0.0
2023-06-12 00:00:00+09:00,1811.0,1823.0,1811.0,1822.0,2900,0.0,0.0
2023-06-13 00:00:00+09:00,1821.0,1822.0,1816.0,1817.0,3700,0.0,0.0
2023-06-14 00:00:00+09:00,1818.0,1822.0,1813.0,1818.0,3400,0.0,0.0
2023-06-15 00:00:00+09:00,1812.0,1819.0,1811.0,1811.0,1800,0.0,0.0
2023-06-16 00:00:00+09:00,1810.0,1816.0,1810.0,1810.0,2700,0.0,0.0
2023-06-19 00:00:00+09:00,1819.0,1819.0,1810.0,1817.0,2400,0.0,0.0
2023-06-20 00:00:00+09:00,1828.0,1828.0,1810.0,1811.0,3700,0.0,0.0
2023-06-21 00:00:00+09:00,1810.0,1821.0,1810.0,1821.0,2600,0.0,0.0
2023-06-22 00:00:00+09:00,1814.0,1820.0,1813.0,1816.0,2000,0.0,0.0
2023-06-23 00:00:00+09:00,1817.0,1817.0,1811.0,1815.0,2600,0.0,0.0
2023-06-26 00:00:00+09:00,1819.0,1819.0,1812.0,1816.0,2100,0.0,0.0
2023-06-27 00:00:00+09:00,1819.0,1824.0,1814.0,1817.0,2500,0.0,0.0
2023-06-28 00:00:00+09:00,1823.0,1823.0,1812.0,1823.0,3200,0.0,0.0
2023-06-29 00:00:00+09:00,1827.0,1828.0,1820.0,1828.0,2400,0.0,0.0
2023-06-30 00:00:00+09:00,1828.0,1833.0,1823.0,1832.0,3300,0.0,0.0
2023-07-03 00:00:00+09:00,1834.0,1840.0,1834.0,1836.0,2600,0.0,0.0
2023-07-04 00:00:00+09:00,1836.0,1839.0,1830.0,1830.0,4000,0.0,0.0
2023-07-05 00:00:00+09:00,1840.0,1840.0,1826.0,1826.0,4500,0.0,0.0
2023-07-06 00:00:00+09:00,1840.0,1843.0,1827.0,1828.0,3300,0.0,0.0
2023-07-07 00:00:00+09:00,1829.0,1834.0,1827.0,1827.0,2500,0.0,0.0
2023-07-10 00:00:00+09:00,1830.0,1830.0,1821.0,1821.0,3300,0.0,0.0
2023-07-11 00:00:00+09:00,1825.0,1825.0,1819.0,1819.0,2800,0.0,0.0
2023-07-12 00:00:00+09:00,1821.0,1823.0,1805.0,1808.0,8600,0.0,0.0
2023-07-13 00:00:00+09:00,1814.0,1814.0,1810.0,1810.0,1300,0.0,0.0
2023-07-14 00:00:00+09:00,1810.0,1816.0,1809.0,1810.0,3500,0.0,0.0
2023-07-18 00:00:00+09:00,1813.0,1815.0,1810.0,1810.0,2300,0.0,0.0
2023-07-19 00:00:00+09:00,1816.0,1816.0,1811.0,1811.0,2700,0.0,0.0
2023-07-20 00:00:00+09:00,1827.0,1827.0,1814.0,1825.0,5100,0.0,0.0
2023-07-21 00:00:00+09:00,1822.0,1822.0,1818.0,1818.0,2400,0.0,0.0
2023-07-24 00:00:00+09:00,1824.0,1825.0,1818.0,1823.0,1900,0.0,0.0
2023-07-25 00:00:00+09:00,1823.0,1823.0,1819.0,1819.0,1200,0.0,0.0
2023-07-26 00:00:00+09:00,1820.0,1820.0,1818.0,1818.0,900,0.0,0.0
2023-07-27 00:00:00+09:00,1822.0,1822.0,1816.0,1818.0,2300,0.0,0.0
2023-07-28 00:00:00+09:00,1816.0,1816.0,1806.0,1806.0,24800,0.0,0.0
2023-07-31 00:00:00+09:00,1812.0,1814.0,1809.0,1814.0,2300,0.0,0.0
2023-08-01 00:00:00+09:00,1814.0,1817.0,1810.0,1816.0,2600,0.0,0.0
2023-08-02 00:00:00+09:00,1818.0,1819.0,1812.0,1812.0,3400,0.0,0.0
2023-08-03 00:00:00+09:00,1812.0,1814.0,1810.0,1811.0,5000,0.0,0.0
2023-08-04 00:00:00+09:00,1810.0,1812.0,1808.0,1808.0,3300,0.0,0.0
2023-08-07 00:00:00+09:00,1820.0,1820.0,1814.0,1815.0,2500,0.0,0.0
2023-08-08 00:00:00+09:00,1818.0,1821.0,1817.0,1817.0,2400,0.0,0.0
2023-08-09 00:00:00+09:00,1818.0,1821.0,1817.0,1817.0,1800,0.0,0.0
2023-08-10 00:00:00+09:00,1817.0,1819.0,1811.0,1819.0,3500,0.0,0.0
2023-08-14 00:00:00+09:00,1819.0,1821.0,1815.0,1818.0,2800,0.0,0.0
2023-08-15 00:00:00+09:00,1821.0,1826.0,1819.0,1823.0,3500,0.0,0.0
2023-08-16 00:00:00+09:00,1823.0,1826.0,1821.0,1825.0,2400,0.0,0.0
2023-08-17 00:00:00+09:00,1822.0,1830.0,1821.0,1830.0,4100,0.0,0.0
2023-08-18 00:00:00+09:00,1840.0,1845.0,1831.0,1839.0,5800,0.0,0.0
2023-08-21 00:00:00+09:00,1843.0,1843.0,1831.0,1833.0,2200,0.0,0.0
2023-08-22 00:00:00+09:00,1831.0,1838.0,1830.0,1834.0,2700,0.0,0.0
2023-08-23 00:00:00+09:00,1830.0,1836.0,1830.0,1831.0,1200,0.0,0.0
2023-08-24 00:00:00+09:00,1831.0,1840.0,1831.0,1835.0,2000,0.0,0.0
2023-08-25 00:00:00+09:00,1836.0,1839.0,1831.0,1839.0,2000,0.0,0.0
2023-08-28 00:00:00+09:00,1836.0,1848.0,1836.0,1848.0,3500,0.0,0.0
2023-08-29 00:00:00+09:00,1844.0,1849.0,1844.0,1849.0,1200,0.0,0.0
2023-08-30 00:00:00+09:00,1848.0,1860.0,1848.0,1855.0,7000,0.0,0.0
2023-08-31 00:00:00+09:00,1855.0,1858.0,1852.0,1853.0,2800,0.0,0.0
2023-09-01 00:00:00+09:00,1857.0,1862.0,1851.0,1855.0,4200,0.0,0.0
2023-09-04 00:00:00+09:00,1860.0,1860.0,1855.0,1860.0,3900,0.0,0.0
2023-09-05 00:00:00+09:00,1867.0,1868.0,1860.0,1865.0,5400,0.0,0.0
2023-09-06 00:00:00+09:00,1864.0,1869.0,1862.0,1862.0,3700,0.0,0.0
2023-09-07 00:00:00+09:00,1863.0,1863.0,1855.0,1856.0,4700,0.0,0.0
2023-09-08 00:00:00+09:00,1854.0,1858.0,1853.0,1856.0,4900,0.0,0.0
2023-09-11 00:00:00+09:00,1862.0,1862.0,1857.0,1860.0,2900,0.0,0.0
2023-09-12 00:00:00+09:00,1861.0,1863.0,1855.0,1859.0,2000,0.0,0.0
2023-09-13 00:00:00+09:00,1861.0,1861.0,1855.0,1856.0,2400,0.0,0.0
2023-09-14 00:00:00+09:00,1860.0,1866.0,1858.0,1864.0,3600,0.0,0.0
2023-09-15 00:00:00+09:00,1866.0,1869.0,1861.0,1867.0,3400,0.0,0.0
2023-09-19 00:00:00+09:00,1867.0,1867.0,1860.0,1865.0,3800,0.0,0.0
2023-09-20 00:00:00+09:00,1865.0,1867.0,1865.0,1867.0,3100,0.0,0.0
2023-09-21 00:00:00+09:00,1867.0,1869.0,1865.0,1866.0,2900,0.0,0.0
2023-09-22 00:00:00+09:00,1865.0,1867.0,1855.0,1863.0,4800,0.0,0.0
2023-09-25 00:00:00+09:00,1867.0,1868.0,1857.0,1859.0,4900,0.0,0.0
2023-09-26 00:00:00+09:00,1861.0,1865.0,1860.0,1861.0,6100,0.0,0.0
2023-09-27 00:00:00+09:00,1861.0,1868.0,1860.0,1868.0,14200,0.0,0.0
2023-09-28 00:00:00+09:00,1861.0,1865.0,1843.0,1853.0,7500,0.0,0.0
2023-09-29 00:00:00+09:00,1853.0,1853.0,1838.0,1842.0,3200,0.0,0.0
2023-10-02 00:00:00+09:00,1842.0,1848.0,1842.0,1843.0,3800,0.0,0.0
2023-10-03 00:00:00+09:00,1843.0,1849.0,1838.0,1845.0,3600,0.0,0.0
2023-10-04 00:00:00+09:00,1842.0,1845.0,1838.0,1839.0,6000,0.0,0.0
2023-10-05 00:00:00+09:00,1847.0,1856.0,1847.0,1851.0,6800,0.0,0.0
2023-10-06 00:00:00+09:00,1859.0,1859.0,1843.0,1843.0,3600,0.0,0.0
2023-10-10 00:00:00+09:00,1843.0,1843.0,1834.0,1838.0,5700,0.0,0.0
2023-10-11 00:00:00+09:00,1831.0,1834.0,1820.0,1820.0,6400,0.0,0.0
2023-10-12 00:00:00+09:00,1819.0,1830.0,1818.0,1822.0,4300,0.0,0.0
2023-10-13 00:00:00+09:00,1820.0,1824.0,1815.0,1815.0,5000,0.0,0.0
2023-10-16 00:00:00+09:00,1815.0,1815.0,1802.0,1802.0,8000,0.0,0.0
2023-10-17 00:00:00+09:00,1809.0,1809.0,1800.0,1803.0,4200,0.0,0.0
2023-10-18 00:00:00+09:00,1806.0,1808.0,1800.0,1801.0,4100,0.0,0.0
2023-10-19 00:00:00+09:00,1801.0,1803.0,1795.0,1795.0,11500,0.0,0.0
2023-10-20 00:00:00+09:00,1802.0,1807.0,1796.0,1802.0,4100,0.0,0.0
2023-10-23 00:00:00+09:00,1800.0,1802.0,1798.0,1799.0,4100,0.0,0.0
2023-10-24 00:00:00+09:00,1799.0,1808.0,1798.0,1803.0,4700,0.0,0.0
2023-10-25 00:00:00+09:00,1808.0,1808.0,1800.0,1805.0,4200,0.0,0.0
2023-10-26 00:00:00+09:00,1804.0,1806.0,1799.0,1803.0,4200,0.0,0.0
2023-10-27 00:00:00+09:00,1803.0,1809.0,1803.0,1809.0,4700,0.0,0.0
2023-10-30 00:00:00+09:00,1805.0,1806.0,1795.0,1795.0,39700,0.0,0.0
2023-10-31 00:00:00+09:00,1810.0,1810.0,1795.0,1802.0,4100,0.0,0.0
2023-11-01 00:00:00+09:00,1808.0,1815.0,1803.0,1810.0,4300,0.0,0.0
2023-11-02 00:00:00+09:00,1810.0,1824.0,1810.0,1820.0,3700,0.0,0.0
2023-11-06 00:00:00+09:00,1827.0,1839.0,1822.0,1822.0,5200,0.0,0.0
2023-11-07 00:00:00+09:00,1827.0,1827.0,1815.0,1815.0,2900,0.0,0.0
2023-11-08 00:00:00+09:00,1814.0,1820.0,1814.0,1818.0,1300,0.0,0.0
2023-11-09 00:00:00+09:00,1818.0,1821.0,1811.0,1813.0,2500,0.0,0.0
2023-11-10 00:00:00+09:00,1814.0,1816.0,1811.0,1812.0,1400,0.0,0.0
2023-11-13 00:00:00+09:00,1812.0,1816.0,1811.0,1811.0,1800,0.0,0.0
2023-11-14 00:00:00+09:00,1814.0,1819.0,1811.0,1818.0,1800,0.0,0.0
2023-11-15 00:00:00+09:00,1818.0,1824.0,1812.0,1819.0,4000,0.0,0.0
2023-11-16 00:00:00+09:00,1826.0,1832.0,1815.0,1819.0,3400,0.0,0.0
2023-11-17 00:00:00+09:00,1822.0,1831.0,1822.0,1829.0,3300,0.0,0.0
2023-11-20 00:00:00+09:00,1840.0,1840.0,1826.0,1826.0,4300,0.0,0.0
2023-11-21 00:00:00+09:00,1834.0,1834.0,1816.0,1816.0,2600,0.0,0.0
2023-11-22 00:00:00+09:00,1816.0,1821.0,1816.0,1821.0,1800,0.0,0.0
2023-11-24 00:00:00+09:00,1819.0,1828.0,1818.0,1828.0,1900,0.0,0.0
2023-11-27 00:00:00+09:00,1837.0,1837.0,1820.0,1820.0,2800,0.0,0.0
2023-11-28 00:00:00+09:00,1826.0,1826.0,1820.0,1825.0,1200,0.0,0.0
2023-11-29 00:00:00+09:00,1823.0,1825.0,1822.0,1824.0,1000,0.0,0.0
2023-11-30 00:00:00+09:00,1826.0,1834.0,1822.0,1823.0,1700,0.0,0.0
2023-12-01 00:00:00+09:00,1824.0,1831.0,1823.0,1825.0,1800,0.0,0.0
2023-12-04 00:00:00+09:00,1829.0,1829.0,1823.0,1828.0,3800,0.0,0.0
2023-12-05 00:00:00+09:00,1832.0,1832.0,1824.0,1824.0,3200,0.0,0.0
2023-12-06 00:00:00+09:00,1828.0,1828.0,1824.0,1824.0,1300,0.0,0.0
2023-12-07 00:00:00+09:00,1824.0,1826.0,1822.0,1822.0,1600,0.0,0.0
2023-12-08 00:00:00+09:00,1822.0,1822.0,1821.0,1821.0,2700,0.0,0.0
2023-12-11 00:00:00+09:00,1825.0,1826.0,1821.0,1822.0,2000,0.0,0.0
2023-12-12 00:00:00+09:00,1822.0,1827.0,1821.0,1824.0,2500,0.0,0.0
2023-12-13 00:00:00+09:00,1814.0,1850.0,1810.0,1850.0,22200,0.0,0.0
2023-12-14 00:00:00+09:00,1840.0,1840.0,1821.0,1827.0,4700,0.0,0.0
2023-12-15 00:00:00+09:00,1830.0,1838.0,1822.0,1838.0,2700,0.0,0.0
2023-12-18 00:00:00+09:00,1838.0,1840.0,1833.0,1840.0,4100,0.0,0.0
2023-12-19 00:00:00+09:00,1838.0,1838.0,1830.0,1836.0,2500,0.0,0.0
2023-12-20 00:00:00+09:00,1820.0,1850.0,1817.0,1850.0,15300,0.0,0.0
2023-12-21 00:00:00+09:00,1821.0,1842.0,1821.0,1821.0,12700,0.0,0.0
2023-12-22 00:00:00+09:00,1838.0,1838.0,1824.0,1833.0,2200,0.0,0.0
2023-12-25 00:00:00+09:00,1833.0,1833.0,1822.0,1822.0,3400,0.0,0.0
2023-12-26 00:00:00+09:00,1812.0,1812.0,1812.0,1812.0,8100,0.0,0.0
2023-12-27 00:00:00+09:00,1810.0,1816.0,1800.0,1816.0,29000,0.0,0.0
2023-12-28 00:00:00+09:00,1803.0,1803.0,1790.0,1798.0,48400,0.0,0.0
2023-12-29 00:00:00+09:00,1800.0,1801.0,1793.0,1801.0,10800,0.0,0.0
2024-01-04 00:00:00+09:00,1802.0,1807.0,1791.0,1804.0,21800,0.0,0.0
2024-01-05 00:00:00+09:00,1825.0,1827.0,1804.0,1818.0,16300,0.0,0.0
2024-01-09 00:00:00+09:00,1818.0,1819.0,1804.0,1810.0,12000,0.0,0.0
2024-01-10 00:00:00+09:00,1818.0,1818.0,1809.0,1814.0,9400,0.0,0.0
2024-01-11 00:00:00+09:00,1815.0,1815.0,1804.0,1810.0,20200,0.0,0.0
2024-01-12 00:00:00+09:00,1809.0,1811.0,1800.0,1800.0,25200,0.0,0.0
2024-01-15 00:00:00+09:00,1800.0,1805.0,1800.0,1805.0,6800,0.0,0.0
2024-01-16 00:00:00+09:00,1810.0,1810.0,1800.0,1801.0,15200,0.0,0.0
2024-01-17 00:00:00+09:00,1804.0,1807.0,1801.0,1805.0,7100,0.0,0.0
2024-01-18 00:00:00+09:00,1805.0,1807.0,1802.0,1803.0,9000,0.0,0.0
2024-01-19 00:00:00+09:00,1807.0,1807.0,1803.0,1803.0,6400,0.0,0.0
2024-01-22 00:00:00+09:00,1804.0,1807.0,1804.0,1805.0,7700,0.0,0.0
2024-01-23 00:00:00+09:00,1807.0,1809.0,1804.0,1805.0,9800,0.0,0.0
2024-01-24 00:00:00+09:00,1807.0,1807.0,1803.0,1803.0,6900,0.0,0.0
2024-01-25 00:00:00+09:00,1807.0,1807.0,1802.0,1803.0,9200,0.0,0.0
2024-01-26 00:00:00+09:00,1804.0,1807.0,1803.0,1805.0,7200,0.0,0.0
2024-01-29 00:00:00+09:00,1806.0,1809.0,1805.0,1807.0,9600,0.0,0.0
2024-01-30 00:00:00+09:00,1809.0,1809.0,1800.0,1800.0,32400,0.0,0.0
2024-01-31 00:00:00+09:00,1808.0,1808.0,1802.0,1806.0,9300,0.0,0.0
2024-02-01 00:00:00+09:00,1808.0,1808.0,1802.0,1804.0,6100,0.0,0.0
2024-02-02 00:00:00+09:00,1807.0,1808.0,1805.0,1808.0,5300,0.0,0.0
2024-02-05 00:00:00+09:00,1809.0,1811.0,1805.0,1807.0,13100,0.0,0.0
2024-02-06 00:00:00+09:00,1807.0,1811.0,1806.0,1810.0,6100,0.0,0.0
2024-02-07 00:00:00+09:00,1812.0,1812.0,1808.0,1808.0,7000,0.0,0.0
2024-02-08 00:00:00+09:00,1808.0,1815.0,1807.0,1815.0,10900,0.0,0.0
2024-02-09 00:00:00+09:00,1815.0,1816.0,1811.0,1813.0,7300,0.0,0.0
2024-02-13 00:00:00+09:00,1815.0,1825.0,1815.0,1825.0,13800,0.0,0.0
2024-02-14 00:00:00+09:00,1825.0,1834.0,1823.0,1830.0,12100,0.0,0.0
2024-02-15 00:00:00+09:00,1811.0,1821.0,1807.0,1820.0,15100,0.0,0.0
2024-02-16 00:00:00+09:00,1812.0,1818.0,1811.0,1816.0,6500,0.0,0.0
2024-02-19 00:00:00+09:00,1821.0,1827.0,1815.0,1825.0,8500,0.0,0.0
2024-02-20 00:00:00+09:00,1830.0,1830.0,1820.0,1825.0,6900,0.0,0.0
2024-02-21 00:00:00+09:00,1825.0,1829.0,1820.0,1822.0,4700,0.0,0.0
2024-02-22 00:00:00+09:00,1822.0,1827.0,1820.0,1823.0,8100,0.0,0.0
2024-02-26 00:00:00+09:00,1825.0,1825.0,1820.0,1821.0,7100,0.0,0.0
2024-02-27 00:00:00+09:00,1826.0,1829.0,1820.0,1826.0,7400,0.0,0.0
2024-02-28 00:00:00+09:00,1828.0,1830.0,1821.0,1830.0,10700,0.0,0.0
2024-02-29 00:00:00+09:00,1826.0,1832.0,1825.0,1832.0,10000,0.0,0.0
2024-03-01 00:00:00+09:00,1830.0,1834.0,1827.0,1833.0,5500,0.0,0.0
2024-03-04 00:00:00+09:00,1835.0,1835.0,1823.0,1823.0,10400,0.0,0.0
2024-03-05 00:00:00+09:00,1835.0,1835.0,1825.0,1830.0,6700,0.0,0.0
2024-03-06 00:00:00+09:00,1835.0,1839.0,1830.0,1833.0,7000,0.0,0.0
2024-03-07 00:00:00+09:00,1838.0,1840.0,1830.0,1831.0,7300,0.0,0.0
2024-03-08 00:00:00+09:00,1831.0,1836.0,1831.0,1836.0,7000,0.0,0.0
2024-03-11 00:00:00+09:00,1836.0,1836.0,1825.0,1826.0,7700,0.0,0.0
2024-03-12 00:00:00+09:00,1827.0,1833.0,1827.0,1831.0,4200,0.0,0.0
2024-03-13 00:00:00+09:00,1835.0,1840.0,1832.0,1838.0,6000,0.0,0.0
2024-03-14 00:00:00+09:00,1839.0,1840.0,1831.0,1834.0,4000,0.0,0.0
2024-03-15 00:00:00+09:00,1836.0,1841.0,1834.0,1839.0,8400,0.0,0.0
2024-03-18 00:00:00+09:00,1841.0,1845.0,1840.0,1845.0,8400,0.0,0.0
2024-03-19 00:00:00+09:00,1840.0,1845.0,1833.0,1842.0,10200,0.0,0.0
2024-03-21 00:00:00+09:00,1842.0,1846.0,1838.0,1845.0,12300,0.0,0.0
2024-03-22 00:00:00+09:00,1846.0,1849.0,1845.0,1849.0,8300,0.0,0.0
2024-03-25 00:00:00+09:00,1849.0,1860.0,1848.0,1860.0,16400,0.0,0.0
2024-03-26 00:00:00+09:00,1860.0,1864.0,1857.0,1859.0,16300,0.0,0.0
2024-03-27 00:00:00+09:00,1860.0,1869.0,1854.0,1854.0,68600,0.0,0.0
2024-03-28 00:00:00+09:00,1796.0,1813.0,1789.0,1801.0,35800,0.0,0.0
2024-03-29 00:00:00+09:00,1805.0,1814.0,1804.0,1813.0,10300,0.0,0.0
2024-04-01 00:00:00+09:00,1817.0,1818.0,1804.0,1813.0,9200,0.0,0.0
2024-04-02 00:00:00+09:00,1815.0,1815.0,1803.0,1803.0,3600,0.0,0.0
2024-04-03 00:00:00+09:00,1801.0,1808.0,1800.0,1802.0,8700,0.0,0.0
2024-04-04 00:00:00+09:00,1801.0,1810.0,1801.0,1803.0,5600,0.0,0.0
2024-04-05 00:00:00+09:00,1802.0,1804.0,1800.0,1800.0,10400,0.0,0.0
2024-04-08 00:00:00+09:00,1801.0,1804.0,1800.0,1800.0,7200,0.0,0.0
2024-04-09 00:00:00+09:00,1805.0,1805.0,1800.0,1804.0,7900,0.0,0.0
2024-04-10 00:00:00+09:00,1805.0,1805.0,1800.0,1802.0,4900,0.0,0.0
2024-04-11 00:00:00+09:00,1802.0,1803.0,1800.0,1800.0,5900,0.0,0.0
2024-04-12 00:00:00+09:00,1803.0,1803.0,1800.0,1800.0,4000,0.0,0.0
2024-04-15 00:00:00+09:00,1804.0,1804.0,1800.0,1804.0,6900,0.0,0.0
2024-04-16 00:00:00+09:00,1804.0,1804.0,1799.0,1799.0,8900,0.0,0.0
2024-04-17 00:00:00+09:00,1800.0,1800.0,1794.0,1796.0,12300,0.0,0.0
2024-04-18 00:00:00+09:00,1800.0,1801.0,1796.0,1800.0,4100,0.0,0.0
2024-04-19 00:00:00+09:00,1801.0,1801.0,1790.0,1792.0,12100,0.0,0.0
2024-04-22 00:00:00+09:00,1793.0,1800.0,1793.0,1793.0,3400,0.0,0.0
2024-04-23 00:00:00+09:00,1793.0,1799.0,1793.0,1796.0,5100,0.0,0.0
2024-04-24 00:00:00+09:00,1796.0,1799.0,1794.0,1794.0,3800,0.0,0.0
2024-04-25 00:00:00+09:00,1794.0,1796.0,1792.0,1793.0,5100,0.0,0.0
2024-04-26 00:00:00+09:00,1793.0,1795.0,1786.0,1786.0,24100,0.0,0.0
2024-04-30 00:00:00+09:00,1787.0,1796.0,1787.0,1796.0,5200,0.0,0.0
2024-05-01 00:00:00+09:00,1799.0,1799.0,1796.0,1799.0,1800,0.0,0.0
2024-05-02 00:00:00+09:00,1798.0,1800.0,1789.0,1790.0,4600,0.0,0.0
2024-05-07 00:00:00+09:00,1798.0,1798.0,1790.0,1795.0,2700,0.0,0.0
2024-05-08 00:00:00+09:00,1793.0,1795.0,1791.0,1791.0,1900,0.0,0.0
2024-05-09 00:00:00+09:00,1791.0,1795.0,1789.0,1795.0,3900,0.0,0.0
2024-05-10 00:00:00+09:00,1790.0,1796.0,1789.0,1794.0,3500,0.0,0.0
2024-05-13 00:00:00+09:00,1797.0,1798.0,1791.0,1793.0,4400,0.0,0.0
2024-05-14 00:00:00+09:00,1797.0,1797.0,1792.0,1797.0,1800,0.0,0.0
2024-05-15 00:00:00+09:00,1797.0,1798.0,1793.0,1793.0,3400,0.0,0.0
2024-05-16 00:00:00+09:00,1796.0,1797.0,1791.0,1792.0,6000,0.0,0.0
2024-05-17 00:00:00+09:00,1792.0,1797.0,1791.0,1795.0,3800,0.0,0.0
2024-05-20 00:00:00+09:00,1798.0,1800.0,1791.0,1794.0,8100,0.0,0.0
2024-05-21 00:00:00+09:00,1792.0,1795.0,1790.0,1792.0,3100,0.0,0.0
2024-05-22 00:00:00+09:00,1791.0,1794.0,1790.0,1790.0,3700,0.0,0.0
2024-05-23 00:00:00+09:00,1791.0,1793.0,1790.0,1791.0,2700,0.0,0.0
2024-05-24 00:00:00+09:00,1791.0,1792.0,1789.0,1791.0,4400,0.0,0.0
2024-05-27 00:00:00+09:00,1791.0,1793.0,1789.0,1793.0,3400,0.0,0.0
2024-05-28 00:00:00+09:00,1793.0,1793.0,1791.0,1793.0,1900,0.0,0.0
2024-05-29 00:00:00+09:00,1790.0,1792.0,1786.0,1786.0,6800,0.0,0.0
2024-05-30 00:00:00+09:00,1785.0,1792.0,1785.0,1790.0,5300,0.0,0.0
2024-05-31 00:00:00+09:00,1789.0,1792.0,1787.0,1792.0,3000,0.0,0.0
2024-06-03 00:00:00+09:00,1793.0,1797.0,1789.0,1797.0,2500,0.0,0.0
2024-06-04 00:00:00+09:00,1797.0,1800.0,1793.0,1799.0,3500,0.0,0.0
2024-06-05 00:00:00+09:00,1800.0,1800.0,1795.0,1796.0,4000,0.0,0.0
2024-06-06 00:00:00+09:00,1796.0,1797.0,1795.0,1795.0,1500,0.0,0.0
2024-06-07 00:00:00+09:00,1797.0,1800.0,1792.0,1794.0,5900,0.0,0.0
2024-06-10 00:00:00+09:00,1797.0,1804.0,1797.0,1802.0,5600,0.0,0.0
2024-06-11 00:00:00+09:00,1802.0,1802.0,1797.0,1801.0,3400,0.0,0.0
2024-06-12 00:00:00+09:00,1803.0,1803.0,1799.0,1801.0,2400,0.0,0.0
2024-06-13 00:00:00+09:00,1802.0,1802.0,1795.0,1798.0,4500,0.0,0.0
2024-06-14 00:00:00+09:00,1796.0,1801.0,1796.0,1801.0,3400,0.0,0.0
2024-06-17 00:00:00+09:00,1801.0,1801.0,1792.0,1794.0,7000,0.0,0.0
2024-06-18 00:00:00+09:00,1798.0,1802.0,1796.0,1796.0,1900,0.0,0.0
2024-06-19 00:00:00+09:00,1800.0,1800.0,1798.0,1800.0,2500,0.0,0.0
2024-06-20 00:00:00+09:00,1801.0,1801.0,1795.0,1800.0,4000,0.0,0.0
2024-06-21 00:00:00+09:00,1800.0,1801.0,1796.0,1800.0,2800,0.0,0.0
2024-06-24 00:00:00+09:00,1800.0,1803.0,1800.0,1803.0,2400,0.0,0.0
2024-06-25 00:00:00+09:00,1804.0,1805.0,1801.0,1801.0,3700,0.0,0.0
2024-06-26 00:00:00+09:00,1805.0,1805.0,1799.0,1799.0,3800,0.0,0.0
2024-06-27 00:00:00+09:00,1801.0,1803.0,1800.0,1803.0,3500,0.0,0.0
2024-06-28 00:00:00+09:00,1801.0,1804.0,1800.0,1803.0,1900,0.0,0.0
2024-07-01 00:00:00+09:00,1804.0,1804.0,1799.0,1800.0,5800,0.0,0.0
2024-07-02 00:00:00+09:00,1800.0,1802.0,1800.0,1800.0,3600,0.0,0.0
2024-07-03 00:00:00+09:00,1799.0,1800.0,1798.0,1798.0,4700,0.0,0.0
2024-07-04 00:00:00+09:00,1798.0,1801.0,1797.0,1800.0,3800,0.0,0.0
2024-07-05 00:00:00+09:00,1805.0,1805.0,1799.0,1801.0,6600,0.0,0.0
2024-07-08 00:00:00+09:00,1804.0,1804.0,1800.0,1802.0,4600,0.0,0.0
2024-07-09 00:00:00+09:00,1802.0,1803.0,1798.0,1798.0,2600,0.0,0.0
2024-07-10 00:00:00+09:00,1800.0,1802.0,1796.0,1796.0,5500,0.0,0.0
2024-07-11 00:00:00+09:00,1799.0,1800.0,1795.0,1797.0,4400,0.0,0.0
2024-07-12 00:00:00+09:00,1799.0,1800.0,1796.0,1800.0,3500,0.0,0.0
2024-07-16 00:00:00+09:00,1800.0,1800.0,1797.0,1798.0,2800,0.0,0.0
2024-07-17 00:00:00+09:00,1800.0,1801.0,1797.0,1798.0,3100,0.0,0.0
2024-07-18 00:00:00+09:00,1797.0,1800.0,1797.0,1798.0,2700,0.0,0.0
2024-07-19 00:00:00+09:00,1805.0,1805.0,1798.0,1801.0,7500,0.0,0.0
2024-07-22 00:00:00+09:00,1800.0,1803.0,1798.0,1803.0,2400,0.0,0.0
2024-07-23 00:00:00+09:00,1803.0,1803.0,1799.0,1801.0,1900,0.0,0.0
2024-07-24 00:00:00+09:00,1800.0,1802.0,1798.0,1799.0,3000,0.0,0.0
2024-07-25 00:00:00+09:00,1798.0,1801.0,1798.0,1798.0,4600,0.0,0.0
2024-07-26 00:00:00+09:00,1798.0,1801.0,1797.0,1798.0,3300,0.0,0.0
2024-07-29 00:00:00+09:00,1800.0,1800.0,1798.0,1800.0,2000,0.0,0.0
2024-07-30 00:00:00+09:00,1800.0,1800.0,1789.0,1789.0,21700,0.0,0.0
2024-07-31 00:00:00+09:00,1790.0,1797.0,1790.0,1794.0,3600,0.0,0.0
2024-08-01 00:00:00+09:00,1795.0,1795.0,1789.0,1791.0,3500,0.0,0.0
2024-08-02 00:00:00+09:00,1789.0,1791.0,1786.0,1786.0,7500,0.0,0.0
2024-08-05 00:00:00+09:00,1785.0,1786.0,1750.0,1762.0,20500,0.0,0.0
2024-08-06 00:00:00+09:00,1762.0,1792.0,1762.0,1783.0,8500,0.0,0.0
2024-08-07 00:00:00+09:00,1783.0,1795.0,1780.0,1795.0,5700,0.0,0.0
2024-08-08 00:00:00+09:00,1793.0,1795.0,1786.0,1786.0,2500,0.0,0.0
2024-08-09 00:00:00+09:00,1786.0,1795.0,1783.0,1783.0,5100,0.0,0.0
2024-08-13 00:00:00+09:00,1781.0,1790.0,1780.0,1789.0,3300,0.0,0.0
2024-08-14 00:00:00+09:00,1793.0,1793.0,1785.0,1786.0,2100,0.0,0.0
2024-08-15 00:00:00+09:00,1786.0,1790.0,1784.0,1785.0,1900,0.0,0.0
2024-08-16 00:00:00+09:00,1790.0,1791.0,1784.0,1790.0,3300,0.0,0.0
2024-08-19 00:00:00+09:00,1790.0,1791.0,1785.0,1787.0,2300,0.0,0.0
2024-08-20 00:00:00+09:00,1792.0,1793.0,1785.0,1786.0,4000,0.0,0.0
2024-08-21 00:00:00+09:00,1786.0,1792.0,1786.0,1788.0,1400,0.0,0.0
2024-08-22 00:00:00+09:00,1790.0,1792.0,1786.0,1787.0,2100,0.0,0.0
2024-08-23 00:00:00+09:00,1787.0,1789.0,1786.0,1786.0,1800,0.0,0.0
2024-08-26 00:00:00+09:00,1790.0,1790.0,1785.0,1786.0,3300,0.0,0.0
2024-08-27 00:00:00+09:00,1790.0,1792.0,1787.0,1789.0,3600,0.0,0.0
2024-08-28 00:00:00+09:00,1790.0,1792.0,1787.0,1787.0,2000,0.0,0.0
2024-08-29 00:00:00+09:00,1791.0,1791.0,1788.0,1788.0,2800,0.0,0.0
2024-08-30 00:00:00+09:00,1791.0,1792.0,1789.0,1789.0,2100,0.0,0.0
2024-09-02 00:00:00+09:00,1790.0,1792.0,1788.0,1789.0,2200,0.0,0.0
2024-09-03 00:00:00+09:00,1790.0,1792.0,1788.0,1791.0,2800,0.0,0.0
2024-09-04 00:00:00+09:00,1790.0,1793.0,1787.0,1788.0,4300,0.0,0.0
2024-09-05 00:00:00+09:00,1790.0,1792.0,1790.0,1791.0,3800,0.0,0.0
2024-09-06 00:00:00+09:00,1791.0,1791.0,1785.0,1785.0,6000,0.0,0.0
2024-09-09 00:00:00+09:00,1792.0,1792.0,1761.0,1761.0,23800,0.0,0.0
2024-09-10 00:00:00+09:00,1772.0,1772.0,1758.0,1758.0,20000,0.0,0.0
2024-09-11 00:00:00+09:00,1759.0,1759.0,1750.0,1750.0,16300,0.0,0.0
2024-09-12 00:00:00+09:00,1754.0,1769.0,1754.0,1764.0,6300,0.0,0.0
2024-09-13 00:00:00+09:00,1765.0,1770.0,1765.0,1770.0,1800,0.0,0.0
2024-09-17 00:00:00+09:00,1770.0,1782.0,1770.0,1782.0,3900,0.0,0.0
2024-09-18 00:00:00+09:00,1782.0,1783.0,1771.0,1772.0,3700,0.0,0.0
2024-09-19 00:00:00+09:00,1780.0,1784.0,1772.0,1779.0,3800,0.0,0.0
2024-09-20 00:00:00+09:00,1784.0,1784.0,1775.0,1783.0,4600,0.0,0.0
2024-09-24 00:00:00+09:00,1786.0,1786.0,1783.0,1783.0,6500,0.0,0.0
2024-09-25 00:00:00+09:00,1785.0,1786.0,1781.0,1783.0,8300,0.0,0.0
2024-09-26 00:00:00+09:00,1783.0,1786.0,1779.0,1781.0,28100,0.0,0.0
2024-09-27 00:00:00+09:00,1775.0,1777.0,1771.0,1773.0,9100,0.0,0.0
2024-09-30 00:00:00+09:00,1766.0,1773.0,1763.0,1765.0,7300,0.0,0.0
2024-10-01 00:00:00+09:00,1766.0,1775.0,1766.0,1768.0,2400,0.0,0.0
2024-10-02 00:00:00+09:00,1768.0,1772.0,1765.0,1769.0,5100,0.0,0.0
2024-10-03 00:00:00+09:00,1772.0,1775.0,1770.0,1771.0,2700,0.0,0.0
2024-10-04 00:00:00+09:00,1775.0,1775.0,1766.0,1766.0,3200,0.0,0.0
2024-10-07 00:00:00+09:00,1774.0,1774.0,1768.0,1770.0,4900,0.0,0.0
2024-10-08 00:00:00+09:00,1769.0,1774.0,1765.0,1765.0,3500,0.0,0.0
2024-10-09 00:00:00+09:00,1768.0,1769.0,1766.0,1766.0,3100,0.0,0.0
2024-10-10 00:00:00+09:00,1769.0,1769.0,1763.0,1764.0,4600,0.0,0.0
2024-10-11 00:00:00+09:00,1764.0,1765.0,1762.0,1763.0,4400,0.0,0.0
2024-10-15 00:00:00+09:00,1762.0,1765.0,1761.0,1761.0,3800,0.0,0.0
2024-10-16 00:00:00+09:00,1761.0,1765.0,1760.0,1761.0,3600,0.0,0.0
2024-10-18 00:00:00+09:00,1765.0,1766.0,1761.0,1766.0,2600,0.0,0.0
