Date,Open,High,Low,Close,Volume,Dividends,Stock Splits
2014-03-20 00:00:00+09:00,751.2803065413136,861.6865972844687,637.4238192124349,661.5751953125,8830200,0.0,0.0
2014-03-24 00:00:00+09:00,700.3899357450181,708.152878382586,576.1828535439312,595.158935546875,2002300,0.0,0.0
2014-03-25 00:00:00+09:00,577.907914975339,602.9218396533761,519.2545743509762,528.7426147460938,728800,0.0,0.0
2014-03-26 00:00:00+09:00,524.4298797765545,560.6569438400664,494.2406597236278,499.41595458984375,647700,0.0,0.0
2014-03-27 00:00:00+09:00,508.19300720214846,523.1140454101562,450.26427062988284,482.7394714355469,438200,10.0,0.0
2014-03-28 00:00:00+09:00,473.96239811986374,522.2363460765165,469.57385739653165,507.3153076171875,412100,0.0,0.0
2014-03-31 00:00:00+09:00,533.6465760710095,590.6976080522851,504.6822059882079,560.8555297851562,1577200,0.0,0.0
2014-04-01 00:00:00+09:00,577.5319692142674,591.575299772669,529.2580204197618,535.4019775390625,613900,0.0,0.0
2014-04-02 00:00:00+09:00,531.0133731880062,547.6898262302741,526.6248329137251,528.3802490234375,339400,0.0,0.0
2014-04-03 00:00:00+09:00,539.790506794225,544.1790474998692,519.6032195482621,523.9917602539062,420500,0.0,0.0
2014-04-04 00:00:00+09:00,517.8477036395147,523.1139514731369,504.68208405545926,506.4375,225800,0.0,0.0
2014-04-07 00:00:00+09:00,499.4159781182563,512.5816014429906,485.37264657187296,502.0491027832031,124900,0.0,0.0
2014-04-08 00:00:00+09:00,502.0490502929688,502.0490502929688,469.5738494873047,482.7394714355469,141900,0.0,0.0
2014-04-09 00:00:00+09:00,482.7394460885345,493.27194309410254,469.5738248315745,476.5954895019531,80800,0.0,0.0
2014-04-10 00:00:00+09:00,484.4949255654978,486.25034196247424,452.01972222143365,452.8974304199219,134800,0.0,0.0
2014-04-11 00:00:00+09:00,430.07701258505546,447.6311763640373,419.5445143176663,435.34326171875,132800,0.0,0.0
2014-04-14 00:00:00+09:00,439.731761079676,459.04133941052004,435.34322054993874,447.6311340332031,71200,0.0,0.0
2014-04-15 00:00:00+09:00,447.6311218138911,449.3865379778672,431.83237633810677,436.2209167480469,79400,0.0,0.0
2014-04-16 00:00:00+09:00,438.854058267582,449.38655566600397,432.71010145183584,441.4871826171875,70100,0.0,0.0
2014-04-17 00:00:00+09:00,441.4871826171875,453.7750962486798,438.854058267582,441.4871826171875,70100,0.0,0.0
2014-04-18 00:00:00+09:00,446.75345501353996,467.8184509277344,439.7317897088085,467.8184509277344,111700,0.0,0.0
2014-04-21 00:00:00+09:00,485.3726386454568,495.9051371332425,467.8184744991473,470.45159912109375,131500,0.0,0.0
2014-04-22 00:00:00+09:00,470.4515518098188,470.4515518098188,444.1203082383737,444.9980163574219,77700,0.0,0.0
2014-04-23 00:00:00+09:00,446.7534338546126,455.5305150698309,445.87572573309075,448.50885009765625,28000,0.0,0.0
2014-04-24 00:00:00+09:00,450.2642583510455,452.8973826688879,444.1203016094133,447.6311340332031,20100,0.0,0.0
2014-04-25 00:00:00+09:00,447.63114988803864,450.26427429914474,443.2426092028618,449.3865661621094,39800,0.0,0.0
2014-04-28 00:00:00+09:00,444.99800839631456,447.63113270635193,436.2209273628567,444.12030029296875,46100,0.0,0.0
2014-04-30 00:00:00+09:00,450.2642570163893,454.65279753311825,443.242592189623,444.12030029296875,40100,0.0,0.0
2014-05-01 00:00:00+09:00,444.1203082383737,446.75343259551823,438.8540595240847,444.9980163574219,28900,0.0,0.0
2014-05-02 00:00:00+09:00,445.875732421875,447.63114869125246,443.24260801780883,445.875732421875,19100,0.0,0.0
2014-05-07 00:00:00+09:00,443.2426158852568,447.63115663659596,441.4871995847211,446.7534484863281,15500,0.0,0.0
2014-05-08 00:00:00+09:00,447.6311340332031,448.50884213915054,444.1203016094133,447.6311340332031,24300,0.0,0.0
2014-05-09 00:00:00+09:00,449.38658350305496,450.26429167395935,423.0553383759228,430.9547119140625,94700,0.0,0.0
2014-05-12 00:00:00+09:00,423.05534604418045,423.05534604418045,397.6018086265845,404.62347412109375,110100,0.0,0.0
2014-05-13 00:00:00+09:00,410.76740849482553,411.645116632635,398.4794945654931,405.50115966796875,28100,0.0,0.0
2014-05-14 00:00:00+09:00,405.5011686860111,416.9113747312885,403.7457523713531,409.88970947265625,16900,0.0,0.0
2014-05-15 00:00:00+09:00,407.2565612792969,410.7673937041184,401.1126045358592,407.2565612792969,21600,0.0,0.0
2014-05-16 00:00:00+09:00,403.7457342168695,406.3788585704578,395.8463611561047,401.11260986328125,34900,0.0,0.0
2014-05-19 00:00:00+09:00,403.74574545005646,403.74574545005646,387.9469988889673,388.82470703125,32000,0.0,0.0
2014-05-20 00:00:00+09:00,388.82469909115616,392.3355315885932,386.1915747180783,387.9469909667969,25500,0.0,0.0
2014-05-21 00:00:00+09:00,388.8247277044481,388.8247277044481,374.7813966812626,380.92535400390625,71500,0.0,0.0
2014-05-22 00:00:00+09:00,387.94697501442647,391.4578073674982,383.5584345730868,386.1915588378906,18800,0.0,0.0
2014-05-23 00:00:00+09:00,392.3355807254189,403.7457877711246,391.4578724911338,400.2349548339844,36600,0.0,0.0
2014-05-26 00:00:00+09:00,414.2782012939453,421.29986572265625,409.0119529724121,421.29986572265625,33600,0.0,0.0
2014-05-27 00:00:00+09:00,423.9330399899207,423.9330399899207,408.13429315799823,409.88970947265625,50000,0.0,0.0
2014-05-28 00:00:00+09:00,416.91137803621234,421.29991885764616,403.7457555719109,420.4222106933594,23000,0.0,0.0
2014-05-29 00:00:00+09:00,421.29990234375003,438.85406494140625,415.15594543457036,438.85406494140625,53400,0.0,0.0
2014-05-30 00:00:00+09:00,437.9763703751661,437.9763703751661,426.56616433332806,433.58782958984375,29400,0.0,0.0
2014-06-02 00:00:00+09:00,433.58782958984375,433.58782958984375,433.58782958984375,433.58782958984375,0,0.0,0.0
2014-06-03 00:00:00+09:00,444.12030029296875,444.12030029296875,437.09863546620244,444.12030029296875,26000,0.0,0.0
2014-06-04 00:00:00+09:00,438.8541042214573,445.87576988900065,435.34327138768566,443.2426452636719,17200,0.0,0.0
2014-06-05 00:00:00+09:00,444.12031372070317,445.87572998046875,437.9763568115235,438.85406494140625,12600,0.0,0.0
2014-06-06 00:00:00+09:00,437.9763568115235,439.73177307128907,433.5878161621094,438.85406494140625,18000,0.0,0.0
2014-06-09 00:00:00+09:00,441.4871963617456,461.67448367053316,438.85407193016465,459.9190673828125,68400,0.0,0.0
2014-06-10 00:00:00+09:00,456.4082472983037,459.0413718019478,446.7534574516088,451.1419982910156,44200,0.0,0.0
2014-06-11 00:00:00+09:00,452.01969853153935,452.89740668402777,439.7317843967014,450.2642822265625,28000,0.0,0.0
2014-06-12 00:00:00+09:00,445.875732421875,449.3865649606299,443.24260801780883,445.875732421875,15900,0.0,0.0
2014-06-13 00:00:00+09:00,445.8757336139679,449.3865661621094,444.12031733989716,449.3865661621094,20800,0.0,0.0
2014-06-16 00:00:00+09:00,453.7751657914142,481.86182982492534,452.01974928931975,473.0847473144531,74500,0.0,0.0
2014-06-17 00:00:00+09:00,473.96244236680326,482.7395246328552,465.1853601007513,481.86181640625,56000,0.0,0.0
2014-06-18 00:00:00+09:00,487.1280682405686,496.7828587822736,482.73952708524814,492.3943176269531,70800,0.0,0.0
2014-06-19 00:00:00+09:00,491.5165677035812,492.39427586019474,480.1063616676052,480.98406982421875,53200,0.0,0.0
2014-06-20 00:00:00+09:00,490.6388470502737,492.39426331878985,482.7394738419509,489.7611389160156,44100,0.0,0.0
2014-06-23 00:00:00+09:00,489.76118336553156,490.6388915794483,474.8401437289473,484.49493408203125,36700,0.0,0.0
2014-06-24 00:00:00+09:00,483.6172043202809,488.8834533691406,474.84012257218143,488.8834533691406,35800,0.0,0.0
2014-06-25 00:00:00+09:00,489.76113891601557,489.76113891601557,481.86176570769277,489.7611389160156,28500,0.0,0.0
2014-06-26 00:00:00+09:00,489.76114332349033,490.6388514656471,478.35093747545204,480.1063537597656,32400,0.0,0.0
2014-06-27 00:00:00+09:00,487.12803597476125,488.88345232061624,480.98407876426876,485.37261962890625,30300,0.0,0.0
2014-06-30 00:00:00+09:00,487.1280536007923,495.02742744296734,484.494928986734,494.14971923828125,23500,0.0,0.0
2014-07-01 00:00:00+09:00,498.53820670919214,498.53820670919214,488.88341749475353,495.0273742675781,20500,0.0,0.0
2014-07-02 00:00:00+09:00,498.53828316142125,498.53828316142125,491.51661720140123,493.27203369140625,19600,0.0,0.0
2014-07-03 00:00:00+09:00,495.9051505512095,495.9051505512095,489.76119293376087,492.3943176269531,12500,0.0,0.0
2014-07-04 00:00:00+09:00,492.394302828909,495.02742744296734,492.394302828909,494.14971923828125,15600,0.0,0.0
2014-07-07 00:00:00+09:00,494.149643673517,499.41589209632536,494.149643673517,495.9050598144531,19400,0.0,0.0
2014-07-08 00:00:00+09:00,495.9051443825305,498.53826904296875,493.2720197220923,498.53826904296875,21900,0.0,0.0
2014-07-09 00:00:00+09:00,498.53824329205,498.53824329205,488.8834533691406,488.8834533691406,25600,0.0,0.0
2014-07-10 00:00:00+09:00,489.76115139035414,491.5165677035812,479.22865351099165,480.98406982421875,20800,0.0,0.0
2014-07-11 00:00:00+09:00,478.35099530983325,480.1064118063831,465.18537158570945,466.0630798339844,32200,0.0,0.0
2014-07-14 00:00:00+09:00,466.94076629183184,473.9624319503556,463.4299334625699,470.45159912109375,21900,0.0,0.0
2014-07-15 00:00:00+09:00,477.4732439793578,480.98407665567663,472.2069949648796,478.3509521484375,16100,0.0,0.0
2014-07-16 00:00:00+09:00,479.2286603175172,480.1063684865969,472.2069949648796,478.3509521484375,12800,0.0,0.0
2014-07-17 00:00:00+09:00,479.2286979421918,481.86182265615986,475.7178649902343,475.7178649902344,11900,0.0,0.0
2014-07-18 00:00:00+09:00,473.0847473144531,476.595580318642,469.57391431026423,473.0847473144531,10200,0.0,0.0
2014-07-22 00:00:00+09:00,473.962411303039,480.1063684865969,473.962411303039,478.3509521484375,6300,0.0,0.0
2014-07-23 00:00:00+09:00,479.22864561760883,482.739478186236,479.22864561760883,480.1063537597656,10000,0.0,0.0
2014-07-24 00:00:00+09:00,482.7394726474363,486.25030517578125,480.98405638326375,486.25030517578125,8800,0.0,0.0
2014-07-25 00:00:00+09:00,484.494876942736,495.0273742675781,484.494876942736,495.0273742675781,13900,0.0,0.0
2014-07-28 00:00:00+09:00,495.9051443825305,499.4159772631148,494.14972794223837,498.53826904296875,16600,0.0,0.0
2014-07-29 00:00:00+09:00,515.214681124096,537.1573847494835,505.5598915289256,531.013427734375,120200,0.0,0.0
2014-07-30 00:00:00+09:00,542.4236267491391,562.6109138287995,532.768837276258,533.6465454101562,83800,0.0,0.0
2014-07-31 00:00:00+09:00,526.6248606132334,526.6248606132334,499.41590948154965,501.17132568359375,107000,0.0,0.0
2014-08-01 00:00:00+09:00,493.2719527743953,506.4375742897261,490.63882847132913,501.17132568359375,26800,0.0,0.0
2014-08-04 00:00:00+09:00,509.07076241027096,511.7038870434275,502.04909672185346,508.19305419921875,11100,0.0,0.0
2014-08-05 00:00:00+09:00,509.9484697159477,509.9484697159477,502.92680403999657,504.6822204589844,19700,0.0,0.0
2014-08-06 00:00:00+09:00,504.6821808396724,504.6821808396724,482.73947732490404,500.29364013671875,31200,0.0,0.0
2014-08-07 00:00:00+09:00,500.29366277014225,502.04907913073924,495.02741368835126,499.41595458984375,5800,0.0,0.0
2014-08-08 00:00:00+09:00,505.5598877815813,505.5598877815813,488.0057250113875,496.7828063964844,13100,0.0,0.0
2014-08-11 00:00:00+09:00,492.39431234506463,504.68222744815,488.8834794584688,502.0491027832031,16700,0.0,0.0
2014-08-12 00:00:00+09:00,508.1930011091561,509.0707092285156,504.68216863171807,509.0707092285156,9200,0.0,0.0
2014-08-13 00:00:00+09:00,509.07066423868395,513.4592044476382,500.2935838207756,510.8260803222656,10000,0.0,0.0
2014-08-14 00:00:00+09:00,514.3369977380476,516.9701222998464,510.8261649889824,513.4592895507812,4900,0.0,0.0
2014-08-15 00:00:00+09:00,516.9699931242028,517.8477010921556,509.0706214126276,516.09228515625,5200,0.0,0.0
2014-08-18 00:00:00+09:00,522.2363665279926,523.1140747070312,516.9701174537607,523.1140747070312,9400,0.0,0.0
2014-08-19 00:00:00+09:00,524.8694683950351,524.8694683950351,523.1140521127775,523.9917602539062,6100,0.0,0.0
2014-08-20 00:00:00+09:00,524.869384765625,525.7470927669053,522.236260761784,524.869384765625,9400,0.0,0.0
2014-08-21 00:00:00+09:00,526.6248071494223,526.6248071494223,521.358559077928,522.2362670898438,9300,0.0,0.0
2014-08-22 00:00:00+09:00,525.7470927669053,525.7470927669053,519.6031367579432,524.869384765625,14800,0.0,0.0
2014-08-25 00:00:00+09:00,526.6248007681857,531.0133407745872,523.9916767643447,524.869384765625,16500,0.0,0.0
2014-08-26 00:00:00+09:00,523.9916928100586,526.6248168945312,522.2362767537435,526.6248168945312,6500,0.0,0.0
2014-08-27 00:00:00+09:00,534.524169921875,534.524169921875,526.6247979525862,534.524169921875,16200,0.0,0.0
2014-08-28 00:00:00+09:00,532.7687892977185,533.6464973525748,526.6248329137251,528.3802490234375,12700,0.0,0.0
2014-08-29 00:00:00+09:00,529.2580047406648,534.5242535440545,526.62488033897,533.6465454101562,23700,0.0,0.0
2014-09-01 00:00:00+09:00,534.5242468401569,538.035079331718,534.5242468401569,536.2796630859375,12600,0.0,0.0
2014-09-02 00:00:00+09:00,535.4020777195451,543.3014526367188,535.4020777195451,543.3014526367188,19000,0.0,0.0
2014-09-03 00:00:00+09:00,544.1790545428241,546.8121790002893,543.3013463903357,545.0567626953125,7600,0.0,0.0
2014-09-04 00:00:00+09:00,546.8120854159808,546.8120854159808,541.5458374023438,541.5458374023438,13900,0.0,0.0
2014-09-05 00:00:00+09:00,543.3012534068895,543.3012534068895,540.6681294000709,541.5458374023438,8200,0.0,0.0
2014-09-08 00:00:00+09:00,544.1790545428241,545.0567626953125,542.4236382378472,545.0567626953125,8600,0.0,0.0
2014-09-09 00:00:00+09:00,546.8122017152848,546.8122017152848,542.4236607705393,544.1790771484375,14300,0.0,0.0
2014-09-10 00:00:00+09:00,546.8121790002893,546.8121790002893,540.6682219328703,545.0567626953125,9100,0.0,0.0
2014-09-11 00:00:00+09:00,545.0568692849796,545.0568692849796,539.7906193401972,543.3014526367188,19000,0.0,0.0
2014-09-12 00:00:00+09:00,542.4237060546875,543.301414316912,536.2797482191166,542.4237060546875,15800,0.0,0.0
2014-09-16 00:00:00+09:00,542.4237443125884,544.1791609608492,542.4237443125884,543.3014526367188,8600,0.0,0.0
2014-09-17 00:00:00+09:00,543.3014526367188,544.1791609608492,539.7906193401972,543.3014526367188,21600,0.0,0.0
2014-09-18 00:00:00+09:00,542.423651867378,542.423651867378,534.5242782964939,539.79052734375,13500,0.0,0.0
2014-09-19 00:00:00+09:00,539.7905023474442,539.7905023474442,533.6465454101562,533.6465454101562,12800,0.0,0.0
2014-09-22 00:00:00+09:00,535.4019843766089,535.4019843766089,531.8911516921721,532.7688598632812,22300,0.0,0.0
2014-09-24 00:00:00+09:00,532.768844024406,537.1573847494835,526.6248870092975,531.013427734375,29900,0.0,0.0
2014-09-25 00:00:00+09:00,531.013414348596,536.2796630859375,529.2579981028156,536.2796630859375,20400,0.0,0.0
2014-09-26 00:00:00+09:00,501.1712963990491,526.6248298413826,501.1712963990491,521.3585815429688,47700,0.0,0.0
2014-09-29 00:00:00+09:00,524.8694232819673,525.7471313476562,516.9700506907672,525.7471313476562,20100,0.0,0.0
2014-09-30 00:00:00+09:00,516.9700156216727,521.358555652417,514.3368916032261,515.214599609375,7400,0.0,0.0
2014-10-01 00:00:00+09:00,507.3153521130969,513.4593096646396,500.29368633990526,502.0491027832031,12100,0.0,0.0
2014-10-02 00:00:00+09:00,492.39433181350296,500.29370612067146,465.18537586658925,487.1280822753906,18300,0.0,0.0
2014-10-03 00:00:00+09:00,480.9840797958511,489.76116154395055,480.9840797958511,488.8834533691406,10400,0.0,0.0
2014-10-06 00:00:00+09:00,488.8834533691406,491.51657789357046,488.8834533691406,488.8834533691406,4200,0.0,0.0
2014-10-07 00:00:00+09:00,489.76116154395055,491.51657789357046,488.00574519433064,488.8834533691406,3200,0.0,0.0
2014-10-08 00:00:00+09:00,478.3509521484375,483.6172011629157,476.5955358102781,478.3509521484375,5000,0.0,0.0
2014-10-09 00:00:00+09:00,478.35097110632694,478.35097110632694,460.79680702903056,463.429931640625,13400,0.0,0.0
2014-10-10 00:00:00+09:00,448.5088835911359,459.0413818359375,446.75346721700225,459.0413818359375,17900,0.0,0.0
2014-10-14 00:00:00+09:00,421.29986572265625,425.6884059906006,415.1559093475342,421.29986572265625,42100,0.0,0.0
2014-10-15 00:00:00+09:00,421.2999097606804,425.68845048735415,413.40053645266767,416.0336608886719,17700,0.0,0.0
2014-10-16 00:00:00+09:00,405.5012042396947,405.5012042396947,386.1916230854235,400.2349548339844,22100,0.0,0.0
2014-10-17 00:00:00+09:00,401.11260986328125,410.76739915977157,395.8463611561047,401.11260986328125,12300,0.0,0.0
2014-10-20 00:00:00+09:00,410.76741650707004,415.1559572817182,404.6234594225626,406.3788757324219,4600,0.0,0.0
2014-10-21 00:00:00+09:00,427.44388192386947,427.44388192386947,406.3788856894283,414.27825927734375,7800,0.0,0.0
2014-10-22 00:00:00+09:00,414.2782524671053,421.2999177631579,414.2782524671053,416.911376953125,6000,0.0,0.0
2014-10-23 00:00:00+09:00,421.29991885764616,421.29991885764616,418.66679436478586,420.4222106933594,2300,0.0,0.0
2014-10-24 00:00:00+09:00,423.0553260513499,424.8107423420194,413.40053645266767,416.0336608886719,10600,0.0,0.0
2014-10-27 00:00:00+09:00,415.15595274333714,417.7890771793414,413.40053645266767,416.0336608886719,4900,0.0,0.0
2014-10-28 00:00:00+09:00,444.1203215393839,444.1203215393839,412.5228283073329,416.0336608886719,14200,0.0,0.0
2014-10-29 00:00:00+09:00,416.033617401123,423.055281829834,413.4004932403564,421.29986572265625,4000,0.0,0.0
2014-10-30 00:00:00+09:00,419.54450833595405,421.29992468882415,413.4005511009087,414.27825927734375,9500,0.0,0.0
2014-10-31 00:00:00+09:00,414.27825927734375,416.03367563021385,410.76742657160355,414.27825927734375,16200,0.0,0.0
2014-11-04 00:00:00+09:00,411.6451494582156,412.5228576660156,409.8897330426155,412.5228576660156,11500,0.0,0.0
2014-11-05 00:00:00+09:00,407.2565850006692,409.88970947265625,407.2565850006692,409.88970947265625,12300,0.0,0.0
2014-11-06 00:00:00+09:00,410.7673923658288,410.7673923658288,399.35718702233356,403.7457275390625,18300,0.0,0.0
2014-11-07 00:00:00+09:00,401.11260986328125,408.1342748061833,401.11260986328125,401.11260986328125,7800,0.0,0.0
2014-11-10 00:00:00+09:00,402.86802074827,408.13426938550225,402.86802074827,407.2565612792969,5400,0.0,0.0
2014-11-11 00:00:00+09:00,409.88970947265625,410.7674176299853,406.37887684334015,409.88970947265625,3900,0.0,0.0
2014-11-12 00:00:00+09:00,412.522819209963,412.522819209963,409.0119867060484,411.6451110839844,6300,0.0,0.0
2014-11-13 00:00:00+09:00,410.76741650707004,413.40054097185896,406.3788757324219,406.3788757324219,9500,0.0,0.0
2014-11-14 00:00:00+09:00,411.6451257873143,412.52283394464337,409.0120013153272,409.88970947265625,7800,0.0,0.0
2014-11-17 00:00:00+09:00,415.1559753417969,415.1559753417969,412.522850762462,415.1559753417969,7900,0.0,0.0
2014-11-18 00:00:00+09:00,421.2999177631579,421.2999177631579,416.911376953125,416.911376953125,11000,0.0,0.0
2014-11-19 00:00:00+09:00,416.91136903400667,419.5444934700109,416.0336608886719,416.0336608886719,8100,0.0,0.0
2014-11-20 00:00:00+09:00,415.15596062911186,416.911376953125,415.15596062911186,416.911376953125,4000,0.0,0.0
2014-11-21 00:00:00+09:00,417.7890930175781,419.5445093747948,416.91138483896975,417.7890930175781,2500,0.0,0.0
2014-11-25 00:00:00+09:00,421.2999177631579,421.2999177631579,415.15596062911186,416.911376953125,11000,0.0,0.0
2014-11-26 00:00:00+09:00,421.29986572265625,422.1775737762451,417.78903350830075,421.29986572265625,8700,0.0,0.0
2014-11-27 00:00:00+09:00,437.97639134987116,437.97639134987116,423.93306016430415,425.6884765625,12600,0.0,0.0
2014-11-28 00:00:00+09:00,425.6884221120494,425.6884221120494,422.1775897647335,423.0552978515625,5000,0.0,0.0
2014-12-01 00:00:00+09:00,423.05534512879416,437.0986760874263,421.29992875896517,428.32159423828125,13200,0.0,0.0
2014-12-02 00:00:00+09:00,435.3432447783801,435.3432447783801,425.6884550756338,430.0769958496094,10100,0.0,0.0
2014-12-03 00:00:00+09:00,430.9547040044045,433.5878284687899,426.5661632304289,430.0769958496094,7200,0.0,0.0
2014-12-04 00:00:00+09:00,430.0769879237762,430.0769879237762,428.3215716465363,429.19927978515625,8300,0.0,0.0
2014-12-05 00:00:00+09:00,430.0769958496094,430.9547040044045,428.3215795400192,430.0769958496094,7600,0.0,0.0
2014-12-08 00:00:00+09:00,431.83235575989903,432.71006380006145,421.2998592779503,423.9329833984375,9400,0.0,0.0
2014-12-09 00:00:00+09:00,425.6884448394458,426.5661529731354,421.29990417099793,422.1776123046875,6600,0.0,0.0
2014-12-10 00:00:00+09:00,422.1776123046875,423.93302857206663,421.29990417099793,422.1776123046875,4900,0.0,0.0
2014-12-11 00:00:00+09:00,422.1775737762451,423.055281829834,421.29986572265625,421.29986572265625,5100,0.0,0.0
2014-12-12 00:00:00+09:00,425.6883994787623,425.6883994787623,422.1775673181127,423.9329833984375,2200,0.0,0.0
2014-12-15 00:00:00+09:00,423.93298988342286,425.6884059906006,421.29986572265625,421.29986572265625,7900,0.0,0.0
2014-12-16 00:00:00+09:00,421.2999029579403,422.17761108910264,418.6667785644531,418.6667785644531,5900,0.0,0.0
2014-12-17 00:00:00+09:00,416.911376953125,420.42220960115134,416.911376953125,416.911376953125,6500,0.0,0.0
2014-12-18 00:00:00+09:00,416.91139172802013,417.7890999211317,415.1559753417969,415.1559753417969,6400,0.0,0.0
2014-12-19 00:00:00+09:00,415.15596640823236,416.9113827566815,410.7674255371094,410.7674255371094,17000,0.0,0.0
2014-12-22 00:00:00+09:00,409.0119922192066,409.0119922192066,403.7457433923499,405.50115966796875,18600,0.0,0.0
2014-12-24 00:00:00+09:00,403.7457798549107,403.7457798549107,396.7241141183036,399.35723876953125,26400,0.0,0.0
2014-12-25 00:00:00+09:00,397.6018135579427,398.4795217556424,394.0909807671441,394.96868896484375,30400,0.0,0.0
2014-12-26 00:00:00+09:00,396.724077116454,401.9903259277344,396.724077116454,401.9903259277344,8800,0.0,0.0
2014-12-29 00:00:00+09:00,437.0986801695874,437.0986801695874,408.1343097969039,415.1559753417969,21800,0.0,0.0
2014-12-30 00:00:00+09:00,415.15596848175306,423.9330502678366,415.15596848175306,417.7890930175781,7500,0.0,0.0
2015-01-05 00:00:00+09:00,423.055281829834,423.93298988342286,419.5444496154785,421.29986572265625,5900,0.0,0.0
2015-01-06 00:00:00+09:00,418.66680119618644,421.29992573201156,417.7890930175781,417.7890930175781,3800,0.0,0.0
2015-01-07 00:00:00+09:00,416.0336766603614,420.4222175534032,416.0336766603614,417.7890930175781,3900,0.0,0.0
2015-01-08 00:00:00+09:00,421.29992573201156,422.1776339106199,417.7890930175781,417.7890930175781,7500,0.0,0.0
2015-01-09 00:00:00+09:00,421.29991885764616,421.29991885764616,420.4222106933594,420.4222106933594,700,0.0,0.0
2015-01-13 00:00:00+09:00,422.1775737762451,422.1775737762451,420.42215766906736,421.29986572265625,3300,0.0,0.0
2015-01-14 00:00:00+09:00,423.93298988342286,423.93298988342286,418.66674156188964,421.29986572265625,4200,0.0,0.0
2015-01-15 00:00:00+09:00,419.5445093747948,421.29992573201156,417.7890930175781,417.7890930175781,8100,0.0,0.0
2015-01-16 00:00:00+09:00,418.66681693488084,419.5445251464844,416.9114005116738,419.5445251464844,3100,0.0,0.0
2015-01-19 00:00:00+09:00,421.2999415696914,421.2999415696914,419.5445251464844,419.5445251464844,2600,0.0,0.0
2015-01-20 00:00:00+09:00,419.5445251464844,421.2999415696914,417.7891087232773,419.5445251464844,2600,0.0,0.0
2015-01-21 00:00:00+09:00,421.29991885764616,422.1776270219329,420.4222106933594,420.4222106933594,2300,0.0,0.0
2015-01-22 00:00:00+09:00,420.4222106933594,421.29991885764616,420.4222106933594,420.4222106933594,3500,0.0,0.0
2015-01-23 00:00:00+09:00,421.29986572265625,421.29986572265625,420.42215766906736,421.29986572265625,2900,0.0,0.0
2015-01-26 00:00:00+09:00,421.2999355670103,425.6884765625,421.2999355670103,425.6884765625,8500,0.0,0.0
2015-01-27 00:00:00+09:00,430.07701755798973,430.07701755798973,423.93306016430415,425.6884765625,10800,0.0,0.0
2015-01-28 00:00:00+09:00,423.05534512879416,428.32159423828125,423.05534512879416,428.32159423828125,5200,0.0,0.0
2015-01-29 00:00:00+09:00,428.321547771187,429.19925586088203,425.68842350210184,426.5661315917969,3000,0.0,0.0
2015-01-30 00:00:00+09:00,421.2998975012913,424.81072998046875,418.66677314190827,424.81072998046875,11400,0.0,0.0
2015-02-02 00:00:00+09:00,424.81072998046875,425.6884381002631,423.05531374088,424.81072998046875,3500,0.0,0.0
2015-02-03 00:00:00+09:00,423.93302857206663,423.93302857206663,421.29990417099793,422.1776123046875,3700,0.0,0.0
2015-02-04 00:00:00+09:00,422.1775737762451,422.1775737762451,421.29986572265625,421.29986572265625,1800,0.0,0.0
2015-02-05 00:00:00+09:00,421.29990417099793,423.93302857206663,421.29990417099793,422.1776123046875,2000,0.0,0.0
2015-02-06 00:00:00+09:00,423.05532043837707,423.05532043837707,421.29990417099793,422.1776123046875,2200,0.0,0.0
2015-02-09 00:00:00+09:00,422.17760562108566,427.44385433985184,422.17760562108566,424.81072998046875,3000,0.0,0.0
2015-02-10 00:00:00+09:00,425.6884448394458,425.6884448394458,421.29990417099793,422.1776123046875,2400,0.0,0.0
2015-02-12 00:00:00+09:00,423.9330218606744,430.07697869923487,422.17760562108566,424.81072998046875,5900,0.0,0.0
2015-02-13 00:00:00+09:00,424.8107140252204,424.8107140252204,423.0552978515625,423.0552978515625,1800,0.0,0.0
2015-02-16 00:00:00+09:00,424.8107515147932,424.8107515147932,416.91137803621234,420.4222106933594,13400,0.0,0.0
2015-02-17 00:00:00+09:00,421.29986572265625,421.29986572265625,420.42215766906736,421.29986572265625,3300,0.0,0.0
2015-02-18 00:00:00+09:00,420.4221948267779,420.4221948267779,417.78907043329076,418.6667785644531,6700,0.0,0.0
2015-02-19 00:00:00+09:00,418.66679436478586,420.4222106933594,418.66679436478586,420.4222106933594,5700,0.0,0.0
2015-02-20 00:00:00+09:00,420.4222106933594,421.29991885764616,420.4222106933594,420.4222106933594,1700,0.0,0.0
2015-02-23 00:00:00+09:00,421.2999415696914,423.05535799289845,416.9114005116738,419.5445251464844,25500,0.0,0.0
2015-02-24 00:00:00+09:00,421.29990417099793,423.93302857206663,421.29990417099793,422.1776123046875,27300,0.0,0.0
2015-02-25 00:00:00+09:00,422.17760808681084,431.8323974609375,422.17760808681084,431.8323974609375,23700,0.0,0.0
2015-02-26 00:00:00+09:00,436.2209856270786,440.6095267299667,432.71015274476815,437.09869384765625,21100,0.0,0.0
2015-02-27 00:00:00+09:00,444.9980437307647,444.9980437307647,434.4655456542969,434.4655456542969,13200,0.0,0.0
2015-03-02 00:00:00+09:00,437.0986878045715,443.2426452636719,435.34327138768566,443.2426452636719,6700,0.0,0.0
2015-03-03 00:00:00+09:00,444.9980176115689,448.50885009765625,443.24260136852524,448.50885009765625,16100,0.0,0.0
2015-03-04 00:00:00+09:00,450.2642609585206,456.40821773573236,448.5088447364601,454.6528015136719,13000,0.0,0.0
2015-03-05 00:00:00+09:00,456.40821773573236,456.40821773573236,452.01967718058114,454.6528015136719,11000,0.0,0.0
2015-03-06 00:00:00+09:00,454.65282523654935,458.1636578638586,454.65282523654935,457.28594970703125,5900,0.0,0.0
2015-03-09 00:00:00+09:00,459.04139753069194,460.79681396484375,452.0197317940848,460.79681396484375,13600,0.0,0.0
2015-03-10 00:00:00+09:00,463.42986824499314,476.5954895019531,463.42986824499314,476.5954895019531,22100,0.0,0.0
2015-03-11 00:00:00+09:00,462.55224830188644,473.9624555655003,462.55224830188644,473.0847473144531,19100,0.0,0.0
2015-03-12 00:00:00+09:00,473.9624555655003,480.9841215738781,472.2070390634059,473.0847473144531,14700,0.0,0.0
2015-03-13 00:00:00+09:00,469.5738683377342,472.206992833086,467.81845200749973,471.32928466796875,6400,0.0,0.0
2015-03-16 00:00:00+09:00,472.20703044991365,473.08473868495065,468.6961975097656,468.6961975097656,7100,0.0,0.0
2015-03-17 00:00:00+09:00,473.084691900956,473.96240004919525,466.94073486328125,466.94073486328125,4300,0.0,0.0
2015-03-18 00:00:00+09:00,464.30760372554033,469.5738525390625,452.8973979629089,469.5738525390625,10800,0.0,0.0
2015-03-19 00:00:00+09:00,469.5738525390625,471.3292688102366,452.0196898273219,469.5738525390625,6100,0.0,0.0
2015-03-20 00:00:00+09:00,469.57386615370984,469.57386615370984,460.7967845433601,464.3076171875,2100,0.0,0.0
2015-03-23 00:00:00+09:00,460.79678233434055,462.55219864799517,456.40824155020397,457.28594970703125,5700,0.0,0.0
2015-03-24 00:00:00+09:00,456.40826600970644,463.429931640625,456.40826600970644,463.429931640625,5600,0.0,0.0
2015-03-25 00:00:00+09:00,465.1852906926227,473.0846635534408,452.01966925792584,453.77508544921875,11900,0.0,0.0
2015-03-26 00:00:00+09:00,452.0197173087828,473.96242203251006,452.0197173087828,462.5522155761719,7900,0.0,0.0
2015-03-27 00:00:00+09:00,483.1299565153302,483.1299565153302,467.02562463148587,474.18310546875,8600,10.0,0.0
2015-03-30 00:00:00+09:00,472.3937683105469,475.97250897956616,472.3937683105469,472.3937683105469,6000,0.0,0.0
2015-03-31 00:00:00+09:00,476.8671848760587,478.65655517578125,474.18312942647486,478.65655517578125,5800,0.0,0.0
2015-04-01 00:00:00+09:00,478.656523405616,479.55120849609375,478.656523405616,479.55120849609375,5100,0.0,0.0
2015-04-02 00:00:00+09:00,476.86719414682096,479.55124964858544,472.3937683105469,472.3937683105469,4000,0.0,0.0
2015-04-03 00:00:00+09:00,471.49905141675407,475.97247695201736,465.2362556673854,473.2884216308594,4300,0.0,0.0
2015-04-06 00:00:00+09:00,475.0778158809362,478.6565564902088,474.18313072861804,477.7618713378906,1700,0.0,0.0
2015-04-07 00:00:00+09:00,478.65653227317534,478.65653227317534,457.1840897039114,473.2884216308594,6000,0.0,0.0
2015-04-08 00:00:00+09:00,469.70967869300625,475.0777893066406,467.02562338618907,475.0777893066406,5300,0.0,0.0
2015-04-09 00:00:00+09:00,475.972475678066,476.86716078272406,474.18310546875,474.18310546875,1800,0.0,0.0
2015-04-10 00:00:00+09:00,474.1831042043682,476.8671595111854,474.1831042043682,475.0777893066406,1400,0.0,0.0
2015-04-13 00:00:00+09:00,474.18312942647486,478.65655517578125,474.18312942647486,478.65655517578125,6300,0.0,0.0
2015-04-14 00:00:00+09:00,478.65652717747787,478.65652717747787,476.8671569824219,476.8671569824219,2400,0.0,0.0
2015-04-15 00:00:00+09:00,477.76183706954873,483.12994759842,476.8671519814035,480.4458923339844,10700,0.0,0.0
2015-04-16 00:00:00+09:00,475.9724668932583,483.12994759842,474.18309671696784,480.4458923339844,7000,0.0,0.0
2015-04-17 00:00:00+09:00,482.23523068339404,483.12991571249125,474.1830654215192,481.3405456542969,2700,0.0,0.0
2015-04-20 00:00:00+09:00,482.2352637675271,482.2352637675271,460.76282159606023,479.55120849609375,7700,0.0,0.0
2015-04-21 00:00:00+09:00,474.18309795322705,479.55120849609375,474.18309795322705,479.55120849609375,2300,0.0,0.0
2015-04-22 00:00:00+09:00,474.18309671696784,480.4458923339844,474.18309671696784,480.4458923339844,3300,0.0,0.0
2015-04-23 00:00:00+09:00,480.4458923339844,480.4458923339844,478.6565221576939,480.4458923339844,2300,0.0,0.0
2015-04-24 00:00:00+09:00,479.55123510696893,482.23529052734375,478.656549966844,482.23529052734375,4300,0.0,0.0
2015-04-27 00:00:00+09:00,492.0768114702671,523.3907903820113,482.23527524086177,492.97149658203125,45200,0.0,0.0
2015-04-28 00:00:00+09:00,492.0768127441406,492.0768127441406,487.60338717373935,492.0768127441406,3600,0.0,0.0
2015-04-30 00:00:00+09:00,492.07681402265484,492.97149913905963,490.28744378984516,491.18212890625,12600,0.0,0.0
2015-05-01 00:00:00+09:00,491.182132762867,492.0768178862966,487.60339226914846,488.4980773925781,3100,0.0,0.0
2015-05-07 00:00:00+09:00,483.12991571249125,484.0246007415885,481.3405456542969,481.3405456542969,4300,0.0,0.0
2015-05-08 00:00:00+09:00,483.12994384765625,501.02364547164353,481.34057368525754,483.12994384765625,17200,0.0,0.0
2015-05-11 00:00:00+09:00,483.1299389109892,486.70867919921875,482.23525383893184,486.70867919921875,4100,0.0,0.0
2015-05-12 00:00:00+09:00,486.70870332422584,492.07681402265484,485.81401820782105,491.18212890625,2000,0.0,0.0
2015-05-13 00:00:00+09:00,491.18216076036435,491.18216076036435,490.2874755859375,490.2874755859375,1600,0.0,0.0
2015-05-14 00:00:00+09:00,490.2874755859375,491.18216076036435,490.2874755859375,490.2874755859375,1400,0.0,0.0
2015-05-15 00:00:00+09:00,491.18214727383906,491.18214727383906,474.18312942647486,478.65655517578125,10500,0.0,0.0
2015-05-18 00:00:00+09:00,478.6565135507023,488.49804934333355,478.6565135507023,486.70867919921875,3300,0.0,0.0
2015-05-19 00:00:00+09:00,496.55026377323304,498.33963409313657,486.70872701376356,495.65557861328125,15700,0.0,0.0
2015-05-20 00:00:00+09:00,495.6555519173236,499.2342923643801,492.97149658203125,492.97149658203125,3100,0.0,0.0
2015-05-21 00:00:00+09:00,492.07684060801625,495.6555812669837,486.7087296195652,493.8662109375,2300,0.0,0.0
2015-05-22 00:00:00+09:00,493.8661829723011,493.8661829723011,492.0768127441406,492.0768127441406,1200,0.0,0.0
2015-05-25 00:00:00+09:00,501.0236651867031,501.0236651867031,489.39275867344037,491.18212890625,4000,0.0,0.0
2015-05-26 00:00:00+09:00,492.0768127441406,492.0768127441406,491.18212763006034,492.0768127441406,2300,0.0,0.0
2015-05-27 00:00:00+09:00,492.07683535788556,497.4449462890625,486.7087244267086,497.4449462890625,11600,0.0,0.0
2015-05-28 00:00:00+09:00,493.86617662584456,500.12897234392597,492.97149152326153,496.55023193359375,4500,0.0,0.0
2015-05-29 00:00:00+09:00,492.0768064206785,496.55023193359375,492.0768064206785,496.55023193359375,2800,0.0,0.0
2015-06-01 00:00:00+09:00,496.55023193359375,496.55023193359375,495.65554683101067,496.55023193359375,2500,0.0,0.0
2015-06-02 00:00:00+09:00,495.6555799377331,495.6555799377331,494.7608947753906,494.7608947753906,3000,0.0,0.0
2015-06-03 00:00:00+09:00,494.7608668055595,494.7608668055595,492.0768114702671,492.97149658203125,3300,0.0,0.0
2015-06-04 00:00:00+09:00,493.8662109375,494.7608961022418,492.07684060801625,493.8662109375,3800,0.0,0.0
2015-06-05 00:00:00+09:00,493.8662109375,494.7608961022418,489.39278511379075,493.8662109375,4100,0.0,0.0
2015-06-08 00:00:00+09:00,495.6555519173236,496.5502370290877,492.97149658203125,492.97149658203125,5100,0.0,0.0
2015-06-09 00:00:00+09:00,498.3396367612092,498.3396367612092,493.8662109375,493.8662109375,3800,0.0,0.0
2015-06-10 00:00:00+09:00,494.7608668055595,494.7608668055595,492.97149658203125,492.97149658203125,1300,0.0,0.0
2015-06-11 00:00:00+09:00,494.7608961022418,494.7608961022418,492.07684060801625,493.8662109375,1200,0.0,0.0
2015-06-12 00:00:00+09:00,493.86620961304817,494.7608947753906,492.0768392883632,494.7608947753906,2800,0.0,0.0
2015-06-15 00:00:00+09:00,494.7608947753906,494.7608947753906,494.7608947753906,494.7608947753906,1600,0.0,0.0
2015-06-16 00:00:00+09:00,495.6555799377331,496.5502651000756,493.86620961304817,494.7608947753906,3500,0.0,0.0
2015-06-17 00:00:00+09:00,494.7608680863814,496.5502383145419,492.0768127441406,492.0768127441406,8700,0.0,0.0
2015-06-18 00:00:00+09:00,493.86620961304817,494.7608947753906,492.0768392883632,494.7608947753906,2700,0.0,0.0
2015-06-19 00:00:00+09:00,492.9715257727581,499.23432192595106,492.9715257727581,493.8662109375,6600,0.0,0.0
2015-06-22 00:00:00+09:00,499.234320587103,499.234320587103,493.86620961304817,494.7608947753906,3700,0.0,0.0
2015-06-23 00:00:00+09:00,496.5502651000756,498.33963542476056,493.86620961304817,494.7608947753906,2600,0.0,0.0
2015-06-24 00:00:00+09:00,499.2342872413429,500.12897234392597,496.55023193359375,496.55023193359375,4200,0.0,0.0
2015-06-25 00:00:00+09:00,497.44494235835475,500.1289978027344,496.5502572102282,500.1289978027344,3600,0.0,0.0
2015-06-26 00:00:00+09:00,501.0236829508609,501.0236829508609,498.3396275064813,500.1289978027344,4100,0.0,0.0
2015-06-29 00:00:00+09:00,553.8101009280813,553.8101009280813,496.55025204375625,503.7077331542969,61100,0.0,0.0
2015-06-30 00:00:00+09:00,505.49710736955916,508.18116280691964,492.0768301827567,501.023681640625,9700,0.0,0.0
2015-07-01 00:00:00+09:00,501.02367773784414,505.49710343193203,496.55025204375625,503.7077331542969,5900,0.0,0.0
2015-07-02 00:00:00+09:00,504.60238897248945,505.4970740593201,501.9183337119975,502.8130187988281,6400,0.0,0.0
2015-07-03 00:00:00+09:00,503.7077038856588,504.60238897248945,501.9183337119975,502.8130187988281,2900,0.0,0.0
2015-07-06 00:00:00+09:00,502.8130519321987,505.49710736955916,500.12899649483813,501.023681640625,6200,0.0,0.0
2015-07-07 00:00:00+09:00,501.0236725983796,509.0758387651393,501.0236725983796,507.2864685058594,3600,0.0,0.0
2015-07-08 00:00:00+09:00,499.23431527978425,505.49711134960233,498.3396301269531,498.3396301269531,7500,0.0,0.0
2015-07-09 00:00:00+09:00,493.8661842554645,495.6555544882741,484.02464797501136,491.18212890625,10300,0.0,0.0
2015-07-10 00:00:00+09:00,496.55026377323304,499.23431925308836,493.8662082933777,495.65557861328125,2700,0.0,0.0
2015-07-13 00:00:00+09:00,496.5502572102282,504.602423543367,496.5502572102282,500.1289978027344,2500,0.0,0.0
2015-07-14 00:00:00+09:00,503.70773839524054,503.70773839524054,499.23431265460783,500.1289978027344,4300,0.0,0.0
2015-07-15 00:00:00+09:00,500.1289296378077,505.4970397949219,500.1289296378077,505.4970397949219,3200,0.0,0.0
2015-07-16 00:00:00+09:00,508.18109487347897,508.18109487347897,501.9182996901791,505.4970397949219,2700,0.0,0.0
2015-07-17 00:00:00+09:00,505.49710736955916,505.49710736955916,501.023681640625,501.023681640625,3900,0.0,0.0
2015-07-21 00:00:00+09:00,505.49701041363653,505.49701041363653,504.6023254394531,504.6023254394531,2600,0.0,0.0
2015-07-22 00:00:00+09:00,505.4970397949219,507.28640984729327,503.7076697425505,505.4970397949219,3900,0.0,0.0
2015-07-23 00:00:00+09:00,506.3918151855469,508.18118555722725,504.6024448138665,506.3918151855469,5100,0.0,0.0
2015-07-24 00:00:00+09:00,508.18111570135255,512.654541015625,508.18111570135255,512.654541015625,5800,0.0,0.0
2015-07-27 00:00:00+09:00,538.6003624903012,538.6003624903012,514.443867827115,522.4960327148438,16100,0.0,0.0
2015-07-28 00:00:00+09:00,514.4439038423264,519.8120141432898,512.6545337420054,518.0226440429688,3400,0.0,0.0
2015-07-29 00:00:00+09:00,530.5482046793901,530.5482046793901,516.2332446880406,517.1279296875,6600,0.0,0.0
2015-07-30 00:00:00+09:00,516.2332763671875,520.7067016390002,514.4439062584624,516.2332763671875,5500,0.0,0.0
2015-07-31 00:00:00+09:00,520.7066967647376,520.7066967647376,516.2332715347999,519.81201171875,3100,0.0,0.0
2015-08-03 00:00:00+09:00,519.8119800475864,520.7066650390625,518.9172950561104,520.7066650390625,3100,0.0,0.0
2015-08-04 00:00:00+09:00,521.6013477273183,524.2854026898946,518.9172927647421,522.4960327148438,5200,0.0,0.0
2015-08-05 00:00:00+09:00,526.0747680664062,526.9694530461111,523.390713127292,526.0747680664062,1700,0.0,0.0
2015-08-06 00:00:00+09:00,526.9695166890532,527.8642017768105,524.2854614257812,524.2854614257812,2200,0.0,0.0
2015-08-07 00:00:00+09:00,527.864179594735,527.864179594735,507.2864234410419,518.0226440429688,12600,0.0,0.0
2015-08-10 00:00:00+09:00,518.0227103855299,523.390821373981,514.4439697265625,514.4439697265625,4600,0.0,0.0
2015-08-11 00:00:00+09:00,514.4438746891219,523.3907246837153,514.4438746891219,517.1279296875,5400,0.0,0.0
2015-08-12 00:00:00+09:00,518.9172996864187,518.9172996864187,515.3385596885813,517.1279296875,2500,0.0,0.0
2015-08-13 00:00:00+09:00,517.1279589928082,518.0226440429688,509.9704785915236,518.0226440429688,4100,0.0,0.0
2015-08-14 00:00:00+09:00,518.0226809405284,518.0226809405284,513.5492553710938,513.5492553710938,3800,0.0,0.0
2015-08-17 00:00:00+09:00,514.4439697265625,518.0227103855299,513.5492845618206,514.4439697265625,4100,0.0,0.0
2015-08-18 00:00:00+09:00,522.4961658053928,522.4961658053928,501.02372063530817,515.3386840820312,7600,0.0,0.0
2015-08-19 00:00:00+09:00,515.3386670439488,518.0227226014694,506.3918151855469,506.3918151855469,5300,0.0,0.0
2015-08-20 00:00:00+09:00,503.7077370779855,509.9705330984933,501.023681640625,501.023681640625,6200,0.0,0.0
2015-08-21 00:00:00+09:00,496.5502370290877,499.2342923643801,492.97149658203125,492.97149658203125,7700,0.0,0.0
2015-08-24 00:00:00+09:00,487.60340667439397,489.39277697411654,474.18312942647486,478.65655517578125,16400,0.0,0.0
2015-08-25 00:00:00+09:00,447.34257077707827,478.65655073147377,436.6063490784284,460.7628479003906,21000,0.0,0.0
2015-08-26 00:00:00+09:00,460.76282644630373,481.34058374390565,460.76282644630373,475.97247314453125,8000,0.0,0.0
2015-08-27 00:00:00+09:00,501.02368690984713,502.81305722023944,491.1821502026894,497.4449462890625,14800,0.0,0.0
2015-08-28 00:00:00+09:00,502.8130519321987,502.8130519321987,497.44494105747765,501.023681640625,8300,0.0,0.0
2015-08-31 00:00:00+09:00,497.44495026241805,501.023690911788,493.86620961304817,494.7608947753906,7500,0.0,0.0
2015-09-01 00:00:00+09:00,495.6555812669837,499.23432192595106,493.8662109375,493.8662109375,8100,0.0,0.0
2015-09-02 00:00:00+09:00,492.07684060801625,493.8662109375,484.9193592900815,493.8662109375,4600,0.0,0.0
2015-09-03 00:00:00+09:00,501.02369225543475,501.02369225543475,492.9715257727581,493.8662109375,5300,0.0,0.0
2015-09-04 00:00:00+09:00,500.1290125046333,500.1290125046333,490.2874755859375,490.2874755859375,5000,0.0,0.0
2015-09-07 00:00:00+09:00,479.5512261582818,488.4980773925781,474.183115417704,488.4980773925781,6600,0.0,0.0
2015-09-08 00:00:00+09:00,491.182132762867,491.182132762867,488.4980773925781,488.4980773925781,3500,0.0,0.0
2015-09-09 00:00:00+09:00,491.18212890625,492.07681402265484,484.9193330914162,491.18212890625,7400,0.0,0.0
2015-09-10 00:00:00+09:00,491.18212890625,494.7608693718693,489.39275867344037,491.18212890625,4400,0.0,0.0
2015-09-11 00:00:00+09:00,495.6555759786702,497.4449462890625,493.86620566827787,497.4449462890625,1800,0.0,0.0
2015-09-14 00:00:00+09:00,497.4449462890625,500.129001754651,495.6555759786702,497.4449462890625,4400,0.0,0.0
2015-09-15 00:00:00+09:00,501.02368690984713,501.02368690984713,494.760890823474,497.4449462890625,5300,0.0,0.0
2015-09-16 00:00:00+09:00,497.4449462890625,499.2343165994548,495.6555759786702,497.4449462890625,3700,0.0,0.0
2015-09-17 00:00:00+09:00,496.55023193359375,497.4449170361768,495.65554683101067,496.55023193359375,5800,0.0,0.0
2015-09-18 00:00:00+09:00,500.1289951916047,501.9183654785156,498.3396249046938,501.9183654785156,5600,0.0,0.0
2015-09-24 00:00:00+09:00,503.7076404652697,504.6023254394531,501.91827051690285,504.6023254394531,11400,0.0,0.0
2015-09-25 00:00:00+09:00,504.6023803067333,509.0758056640625,502.8130101638016,509.0758056640625,18400,0.0,0.0
2015-09-28 00:00:00+09:00,473.28843456701964,474.1831196985263,462.5522129889398,464.3415832519531,34100,0.0,0.0
2015-09-29 00:00:00+09:00,457.1840909322103,465.23625691731775,449.1319249471029,450.9212951660156,10700,0.0,0.0
2015-09-30 00:00:00+09:00,450.9212422975352,450.9212422975352,444.658447265625,444.658447265625,9900,0.0,0.0
2015-10-01 00:00:00+09:00,444.65848024927004,447.3425354620423,440.1850548946496,442.8691101074219,5900,0.0,0.0
2015-10-02 00:00:00+09:00,445.55316408218874,447.342534219065,441.9744238084362,443.7637939453125,4100,0.0,0.0
2015-10-05 00:00:00+09:00,443.7638168031001,449.1319274902344,443.7638168031001,449.1319274902344,6700,0.0,0.0
2015-10-06 00:00:00+09:00,449.1319249471029,451.81598027547204,449.1319249471029,450.9212951660156,4200,0.0,0.0
2015-10-07 00:00:00+09:00,450.92126223598075,452.71063232421875,450.02657719186175,452.71063232421875,1500,0.0,0.0
2015-10-08 00:00:00+09:00,455.39472071329754,456.2894058227539,448.2372398376465,450.9212951660156,4100,0.0,0.0
2015-10-09 00:00:00+09:00,451.8159828338015,451.8159828338015,447.3425572611896,449.1319274902344,6100,0.0,0.0
2015-10-13 00:00:00+09:00,448.2372143554688,449.1318994140625,447.342529296875,447.342529296875,4400,0.0,0.0
2015-10-14 00:00:00+09:00,448.2372143554688,448.2372143554688,446.4478442382813,447.342529296875,2400,0.0,0.0
2015-10-15 00:00:00+09:00,447.3425022793008,447.3425022793008,444.658447265625,444.658447265625,4400,0.0,0.0
2015-10-16 00:00:00+09:00,445.5531973278957,445.5531973278957,441.9744567871094,441.9744567871094,6300,0.0,0.0
2015-10-19 00:00:00+09:00,446.44788246309224,446.44788246309224,441.9744567871094,441.9744567871094,3900,0.0,0.0
2015-10-20 00:00:00+09:00,441.9744567871094,442.86914192230597,441.9744567871094,441.9744567871094,3700,0.0,0.0
2015-10-21 00:00:00+09:00,441.9744250364978,442.8691101074219,441.0797399655737,442.8691101074219,3400,0.0,0.0
2015-10-22 00:00:00+09:00,442.86907725650775,445.5531322701836,442.86907725650775,444.658447265625,1200,0.0,0.0
2015-10-23 00:00:00+09:00,445.5531322701836,445.5531322701836,441.97439225194915,444.658447265625,3100,0.0,0.0
2015-10-26 00:00:00+09:00,447.3425022793008,447.3425022793008,444.658447265625,444.658447265625,6300,0.0,0.0
2015-10-27 00:00:00+09:00,444.65847655759757,445.55316162109375,443.7637914941014,445.55316162109375,8600,0.0,0.0
2015-10-28 00:00:00+09:00,442.8691101074219,444.65848024927004,442.8691101074219,442.8691101074219,4100,0.0,0.0
2015-10-29 00:00:00+09:00,442.8691125834931,442.8691125834931,440.1850573557144,441.0797424316406,3600,0.0,0.0
2015-10-30 00:00:00+09:00,441.0797424316406,442.8691125834931,439.29037227978813,441.0797424316406,2600,0.0,0.0
2015-11-02 00:00:00+09:00,441.9744275075669,443.76379765941937,441.0797424316406,441.0797424316406,4400,0.0,0.0
2015-11-04 00:00:00+09:00,440.1850548946496,442.8691101074219,439.29036982372554,442.8691101074219,7900,0.0,0.0
2015-11-05 00:00:00+09:00,440.1850304428412,441.9744004852918,438.3956604003906,438.3956604003906,5900,0.0,0.0
2015-11-06 00:00:00+09:00,441.9744593922685,441.9744593922685,438.39571883038775,440.1850891113281,5400,0.0,0.0
2015-11-09 00:00:00+09:00,441.9744275075669,442.8691125834931,440.1850573557144,441.0797424316406,4600,0.0,0.0
2015-11-10 00:00:00+09:00,441.9744275075669,442.8691125834931,440.1850573557144,441.0797424316406,1900,0.0,0.0
2015-11-11 00:00:00+09:00,442.86914192230597,442.86914192230597,441.0797716519128,441.9744567871094,2600,0.0,0.0
2015-11-12 00:00:00+09:00,441.97442015378414,449.13190064210454,440.18505003170407,446.4478454589844,9900,0.0,0.0
2015-11-13 00:00:00+09:00,440.1850551611929,518.0226563787209,440.1850551611929,509.0758056640625,110600,0.0,0.0
2015-11-16 00:00:00+09:00,492.07680756191036,501.02365860849056,462.55219910819574,474.18310546875,54900,0.0,0.0
2015-11-17 00:00:00+09:00,465.2362168045193,466.1309018368357,457.1840515136719,457.1840515136719,14900,0.0,0.0
2015-11-18 00:00:00+09:00,452.71063112036956,461.65748153776815,451.8159460786297,453.6053161621094,24500,0.0,0.0
2015-11-19 00:00:00+09:00,461.6575151802289,461.6575151802289,451.81597900390625,451.81597900390625,6400,0.0,0.0
2015-11-20 00:00:00+09:00,451.81594728009975,452.71063232421875,447.3425220595047,452.71063232421875,13700,0.0,0.0
2015-11-24 00:00:00+09:00,452.7106396484375,452.7106396484375,442.8691040039063,447.342529296875,12900,0.0,0.0
2015-11-25 00:00:00+09:00,450.02664452588965,452.71070005984126,447.34258899193804,448.2372741699219,8000,0.0,0.0
2015-11-26 00:00:00+09:00,451.81597900390625,454.5000343247215,447.34255346921407,451.81597900390625,8700,0.0,0.0
2015-11-27 00:00:00+09:00,452.7106653849284,452.7106653849284,447.3425547281901,450.9212951660156,13000,0.0,0.0
2015-11-30 00:00:00+09:00,449.1319274902344,455.394723291891,449.1319274902344,449.1319274902344,4200,0.0,0.0
2015-12-01 00:00:00+09:00,453.60535306284623,453.60535306284623,448.23724237571196,449.1319274902344,2700,0.0,0.0
2015-12-02 00:00:00+09:00,452.7106679483239,453.60535306284623,446.44787214666724,449.1319274902344,9500,0.0,0.0
2015-12-03 00:00:00+09:00,451.81598027547204,452.7106653849284,448.2372398376465,450.9212951660156,8500,0.0,0.0
2015-12-04 00:00:00+09:00,447.3425547281901,450.9212951660156,447.3425547281901,450.9212951660156,2300,0.0,0.0
2015-12-07 00:00:00+09:00,452.7106666640781,454.50003688804674,448.23724110415634,450.026611328125,4900,0.0,0.0
2015-12-08 00:00:00+09:00,450.92129644010936,451.8159815520937,447.342555992172,450.026611328125,7200,0.0,0.0
2015-12-09 00:00:00+09:00,450.02664452588965,450.02664452588965,447.34258899193804,448.2372741699219,4400,0.0,0.0
2015-12-10 00:00:00+09:00,448.2372143554688,449.1318994140625,446.4478442382813,447.342529296875,4100,0.0,0.0
2015-12-11 00:00:00+09:00,447.342529296875,448.2372143554688,447.342529296875,447.342529296875,5200,0.0,0.0
2015-12-14 00:00:00+09:00,445.55321863597027,448.2372741699219,445.55321863597027,448.2372741699219,6000,0.0,0.0
2015-12-15 00:00:00+09:00,448.2372155810645,448.2372155810645,446.4478454589844,446.4478454589844,5900,0.0,0.0
2015-12-16 00:00:00+09:00,450.026611328125,450.026611328125,448.23724110415634,450.026611328125,2100,0.0,0.0
2015-12-17 00:00:00+09:00,450.9212938969678,453.6053492177831,448.2372385761525,451.81597900390625,5300,0.0,0.0
2015-12-18 00:00:00+09:00,450.0265844726563,450.0265844726563,446.4478442382813,447.342529296875,7400,0.0,0.0
2015-12-21 00:00:00+09:00,449.1319018750784,449.1319018750784,444.65847655759757,445.55316162109375,9100,0.0,0.0
2015-12-22 00:00:00+09:00,445.5531653201941,445.5531653201941,442.8691101074219,442.8691101074219,6100,0.0,0.0
2015-12-24 00:00:00+09:00,444.65848024927004,445.5531653201941,442.8691101074219,442.8691101074219,6300,0.0,0.0
2015-12-25 00:00:00+09:00,442.8691101074219,442.8691101074219,442.8691101074219,442.8691101074219,0,0.0,0.0
2015-12-28 00:00:00+09:00,463.4468893225924,463.4468893225924,447.3425572611896,449.1319274902344,13800,0.0,0.0
2015-12-29 00:00:00+09:00,447.342529296875,448.2372143554688,444.6584741210938,447.342529296875,2700,0.0,0.0
2015-12-30 00:00:00+09:00,447.3425572611896,449.1319274902344,446.44787214666724,449.1319274902344,2800,0.0,0.0
2016-01-04 00:00:00+09:00,449.13195934790576,449.13195934790576,444.6585334579864,448.2372741699219,4300,0.0,0.0
2016-01-05 00:00:00+09:00,447.34258899193804,449.13195934790576,444.6585334579864,448.2372741699219,4900,0.0,0.0
2016-01-06 00:00:00+09:00,449.131872288418,449.131872288418,444.658447265625,444.658447265625,4900,0.0,0.0
2016-01-07 00:00:00+09:00,446.44784668458993,446.44784668458993,442.8691064306052,445.55316162109375,5400,0.0,0.0
2016-01-08 00:00:00+09:00,443.7637914941014,448.23721681158224,443.7637914941014,445.55316162109375,2700,0.0,0.0
2016-01-12 00:00:00+09:00,445.55317412829794,445.55317412829794,433.9222679763544,436.6063232421875,11400,0.0,0.0
2016-01-13 00:00:00+09:00,440.1850573557144,441.0797424316406,439.29037227978813,441.0797424316406,1500,0.0,0.0
2016-01-14 00:00:00+09:00,438.39566880378175,441.0797239189069,429.4488184200311,432.13287353515625,9300,0.0,0.0
2016-01-15 00:00:00+09:00,436.60626674683624,436.60626674683624,433.02752685546875,433.02752685546875,2300,0.0,0.0
2016-01-18 00:00:00+09:00,432.1328747381313,433.02755977899704,429.44881961553426,431.2381896972656,4600,0.0,0.0
2016-01-19 00:00:00+09:00,435.71163690797147,446.4478579406114,426.7647860474382,437.5010070800781,4900,0.0,0.0
2016-01-20 00:00:00+09:00,442.8691662059111,442.8691662059111,425.8701477050781,425.8701477050781,3600,0.0,0.0
2016-01-21 00:00:00+09:00,424.9754359303771,425.8701210586516,421.3966954172792,423.1860656738281,3900,0.0,0.0
2016-01-22 00:00:00+09:00,421.39668780428383,428.5541687011719,421.39668780428383,428.5541687011719,3100,0.0,0.0
2016-01-25 00:00:00+09:00,434.8169203154895,440.1850304428412,431.23818023058834,438.3956604003906,3000,0.0,0.0
2016-01-26 00:00:00+09:00,438.3956835346837,443.7637939453125,437.50099846624556,443.7637939453125,2900,0.0,0.0
2016-01-27 00:00:00+09:00,450.9212757457386,450.9212757457386,442.8691101074219,442.8691101074219,5500,0.0,0.0
2016-01-28 00:00:00+09:00,443.76376226106635,446.4478172747422,442.86907725650775,444.658447265625,700,0.0,0.0
2016-01-29 00:00:00+09:00,445.5531653201941,445.5531653201941,440.1850548946496,442.8691101074219,1600,0.0,0.0
2016-02-01 00:00:00+09:00,447.3425022793008,450.9212422975352,439.29033723827337,444.658447265625,7400,0.0,0.0
2016-02-02 00:00:00+09:00,444.6584741210938,447.342529296875,442.8691040039063,447.342529296875,1400,0.0,0.0
2016-02-03 00:00:00+09:00,443.7638296732088,443.7638296732088,440.1850891113281,440.1850891113281,1100,0.0,0.0
2016-02-04 00:00:00+09:00,440.1850573557144,447.34253796312436,439.29037227978813,441.0797424316406,1600,0.0,0.0
2016-02-05 00:00:00+09:00,441.0797424316406,442.8691125834931,441.0797424316406,441.0797424316406,2600,0.0,0.0
2016-02-08 00:00:00+09:00,445.55316408218874,445.55316408218874,442.86910887687435,443.7637939453125,1100,0.0,0.0
2016-02-09 00:00:00+09:00,433.9222118283106,441.07969161104563,431.23815690978495,433.02752685546875,2600,0.0,0.0
2016-02-10 00:00:00+09:00,432.1328396267361,435.7115794994213,431.2381546585648,434.81689453125,4100,0.0,0.0
2016-02-12 00:00:00+09:00,421.39666995310836,425.87009532416045,412.4498192110041,419.6072998046875,6300,0.0,0.0
2016-02-15 00:00:00+09:00,417.81793212890625,417.81793212890625,403.50297085682377,417.81793212890625,7900,0.0,0.0
2016-02-16 00:00:00+09:00,418.71262605086616,422.29136644446334,411.5551452636719,411.5551452636719,2800,0.0,0.0
2016-02-17 00:00:00+09:00,409.7657775878906,414.2392031074091,409.7657775878906,409.7657775878906,1400,0.0,0.0
2016-02-18 00:00:00+09:00,411.55516921833,418.712650422127,411.55516921833,416.0285949707031,2100,0.0,0.0
2016-02-19 00:00:00+09:00,416.0285607362405,418.7126159667969,413.3445055056841,418.7126159667969,1800,0.0,0.0
2016-02-22 00:00:00+09:00,419.60735141529756,425.8701477050781,417.8179810467888,425.8701477050781,900,0.0,0.0
2016-02-23 00:00:00+09:00,424.0807746663752,427.6595153808594,422.2914043091331,427.6595153808594,1300,0.0,0.0
2016-02-24 00:00:00+09:00,422.2913562742054,422.2913562742054,418.7126159667969,418.7126159667969,1300,0.0,0.0
2016-02-25 00:00:00+09:00,418.7126110529495,423.1860363847118,418.7126110529495,422.2913513183594,1600,0.0,0.0
2016-02-26 00:00:00+09:00,422.2914043091331,427.6595153808594,422.2914043091331,427.6595153808594,2200,0.0,0.0
2016-02-29 00:00:00+09:00,444.6584779771708,444.6584779771708,420.5019811856544,422.2913513183594,7300,0.0,0.0
2016-03-01 00:00:00+09:00,421.39665660858157,429.4488220214844,421.39665660858157,429.4488220214844,1000,0.0,0.0
2016-03-02 00:00:00+09:00,429.4488220214844,431.2381921132406,429.4488220214844,429.4488220214844,900,0.0,0.0
2016-03-03 00:00:00+09:00,434.8170009251645,435.7116861122533,423.1860934930099,424.9754638671875,2500,0.0,0.0
2016-03-04 00:00:00+09:00,424.9754158753315,437.5010070800781,424.9754158753315,437.5010070800781,600,0.0,0.0
2016-03-07 00:00:00+09:00,434.81695182191817,437.5010070800781,433.9222667358648,437.5010070800781,1200,0.0,0.0
2016-03-08 00:00:00+09:00,437.50095171967814,437.50095171967814,425.8700470727337,433.02752685546875,2400,0.0,0.0
2016-03-09 00:00:00+09:00,431.2381896972656,431.2381896972656,431.2381896972656,431.2381896972656,300,0.0,0.0
2016-03-10 00:00:00+09:00,435.7116381535765,436.6063232421875,429.4488425332992,436.6063232421875,400,0.0,0.0
2016-03-11 00:00:00+09:00,436.60629631121134,438.3956663780605,433.9222412109375,433.9222412109375,900,0.0,0.0
2016-03-14 00:00:00+09:00,433.0275538011743,437.5009789437484,433.0275538011743,435.71160888671875,1400,0.0,0.0
2016-03-15 00:00:00+09:00,438.3956639722632,440.18503402929286,435.71160888671875,435.71160888671875,2200,0.0,0.0
2016-03-16 00:00:00+09:00,441.0797742517983,441.0797742517983,435.71166340897724,440.1850891113281,1600,0.0,0.0
2016-03-17 00:00:00+09:00,438.3956604003906,441.9744004852918,438.3956604003906,438.3956604003906,2200,0.0,0.0
2016-03-18 00:00:00+09:00,440.18506359663166,440.18506359663166,434.81695306496545,436.6063232421875,1900,0.0,0.0
2016-03-22 00:00:00+09:00,436.60629631121134,437.50098134463593,433.9222412109375,433.9222412109375,2300,0.0,0.0
2016-03-23 00:00:00+09:00,433.9222679763544,437.5010083307986,433.9222679763544,436.6063232421875,1500,0.0,0.0
2016-03-24 00:00:00+09:00,435.7116381535765,438.3956934194096,435.7116381535765,436.6063232421875,2200,0.0,0.0
2016-03-25 00:00:00+09:00,440.1850891113281,440.1850891113281,437.50103368991756,440.1850891113281,2800,0.0,0.0
2016-03-28 00:00:00+09:00,447.342529296875,450.0265844726563,446.4478442382813,447.342529296875,14800,0.0,0.0
2016-03-29 00:00:00+09:00,447.3425280588394,450.9943037980952,432.735425101816,450.08135986328125,2400,10.0,0.0
2016-03-30 00:00:00+09:00,442.7777815259193,450.08133256139837,440.0389498876146,441.8648376464844,1900,0.0,0.0
2016-03-31 00:00:00+09:00,446.4295654296875,447.34250932627174,446.4295654296875,446.4295654296875,600,0.0,0.0
2016-04-01 00:00:00+09:00,450.0813704700005,450.0813704700005,443.69076277570025,449.1684265136719,1500,0.0,0.0
2016-04-04 00:00:00+09:00,448.2554732342156,448.2554732342156,447.342529296875,447.342529296875,400,0.0,0.0
2016-04-05 00:00:00+09:00,446.4295570436588,449.16838868196345,440.9518937670495,441.8648376464844,2100,0.0,0.0
2016-04-06 00:00:00+09:00,441.8648694329846,441.8648694329846,439.12603759765625,439.12603759765625,1900,0.0,0.0
2016-04-07 00:00:00+09:00,439.12600600817973,442.7777815259193,438.21306212874487,441.8648376464844,1200,0.0,0.0
2016-04-08 00:00:00+09:00,438.21306212874487,441.8648376464844,438.21306212874487,441.8648376464844,800,0.0,0.0
2016-04-11 00:00:00+09:00,441.8648481981108,442.7777920993465,439.1260164944035,440.951904296875,1600,0.0,0.0
2016-04-12 00:00:00+09:00,440.95193614959715,440.95193614959715,438.2131042480469,438.2131042480469,600,0.0,0.0
2016-04-13 00:00:00+09:00,442.7777815259193,446.4295570436588,441.8648376464844,441.8648376464844,400,0.0,0.0
2016-04-14 00:00:00+09:00,440.9519136723784,442.7778015136719,440.9519136723784,442.7778015136719,300,0.0,0.0
2016-04-15 00:00:00+09:00,440.0389498876146,442.7777815259193,440.0389498876146,441.8648376464844,1400,0.0,0.0
2016-04-18 00:00:00+09:00,441.86485759302514,447.3425211169056,440.9519136723784,442.7778015136719,1300,0.0,0.0
2016-04-19 00:00:00+09:00,442.7778015136719,446.42957719625883,440.03896975173166,442.7778015136719,2100,0.0,0.0
2016-04-20 00:00:00+09:00,440.0389709472656,442.777802716647,440.0389709472656,440.0389709472656,3100,0.0,0.0
2016-04-21 00:00:00+09:00,440.03896039563926,440.951904296875,440.03896039563926,440.951904296875,1600,0.0,0.0
2016-04-22 00:00:00+09:00,441.86485759302514,444.60368935496535,440.9519136723784,442.7778015136719,1300,0.0,0.0
2016-04-25 00:00:00+09:00,442.77778045842285,449.16838759905994,442.77778045842285,444.6036682128906,4200,0.0,0.0
2016-04-26 00:00:00+09:00,444.603717252339,448.2554931640625,443.6907732744081,448.2554931640625,2200,0.0,0.0
2016-04-27 00:00:00+09:00,449.1683971194402,449.1683971194402,444.603677636519,446.4295654296875,5200,0.0,0.0
2016-04-28 00:00:00+09:00,449.1684265136719,449.1684265136719,447.34253860101467,449.1684265136719,600,0.0,0.0
2016-05-02 00:00:00+09:00,447.342529296875,447.342529296875,442.7778096101722,447.342529296875,1800,0.0,0.0
2016-05-06 00:00:00+09:00,444.60369748485334,447.342529296875,443.69075354751277,447.342529296875,1600,0.0,0.0
2016-05-09 00:00:00+09:00,447.34250932627174,447.34250932627174,445.51662153310326,446.4295654296875,900,0.0,0.0
2016-05-10 00:00:00+09:00,446.4295665599682,446.4295665599682,441.86484706549,443.69073486328125,2900,0.0,0.0
2016-05-11 00:00:00+09:00,443.6907442436843,446.42957599827497,441.8648564072906,445.5166320800781,2500,0.0,0.0
2016-05-12 00:00:00+09:00,443.6907466397741,445.5166344860283,438.2130831010114,440.0389709472656,3100,0.0,0.0
2016-05-13 00:00:00+09:00,440.0389921824137,446.42959995269774,438.2131042480469,438.2131042480469,1600,0.0,0.0
2016-05-16 00:00:00+09:00,439.1260695836534,441.8649016184787,436.3872375488281,436.3872375488281,3500,0.0,0.0
2016-05-17 00:00:00+09:00,440.9519576068703,440.9519576068703,435.4742935372197,436.3872375488281,2100,0.0,0.0
2016-05-18 00:00:00+09:00,438.213125572045,438.213125572045,435.4742935372197,436.3872375488281,2100,0.0,0.0
2016-05-19 00:00:00+09:00,436.38721900650216,437.3001629793191,429.0836672239666,432.7354431152344,3700,0.0,0.0
2016-05-20 00:00:00+09:00,428.1707059872482,428.1707059872482,425.4318741792274,426.3448181152344,8400,0.0,0.0
2016-05-23 00:00:00+09:00,426.3448287243495,426.3448287243495,424.5189408069005,425.431884765625,1900,0.0,0.0
2016-05-24 00:00:00+09:00,424.5189514160156,424.5189514160156,423.6060074344758,424.5189514160156,5700,0.0,0.0
2016-05-25 00:00:00+09:00,424.51896802514,424.51896802514,410.82480776626454,412.65069580078125,20300,0.0,0.0
2016-05-26 00:00:00+09:00,413.56361852973566,416.3024504405286,413.56361852973566,414.4765625,9600,0.0,0.0
2016-05-27 00:00:00+09:00,473.8178847413626,477.46966034630566,439.1260164944035,440.951904296875,113700,0.0,0.0
2016-05-30 00:00:00+09:00,440.95197155217454,440.95197155217454,428.1707549854449,429.99664306640625,15600,0.0,0.0
2016-05-31 00:00:00+09:00,429.0836592879631,429.9966032438949,426.3448274201676,428.17071533203125,7900,0.0,0.0
2016-06-01 00:00:00+09:00,425.43189678770125,425.43189678770125,420.8671768650864,421.7801208496094,12300,0.0,0.0
2016-06-02 00:00:00+09:00,419.95423427074826,429.08367414619926,418.12834629565805,419.0412902832031,18000,0.0,0.0
2016-06-03 00:00:00+09:00,419.0412703601554,419.95421430429514,417.21538247187584,418.1283264160156,10300,0.0,0.0
2016-06-06 00:00:00+09:00,418.1283476980109,422.69306765104596,412.65068375436886,416.3024597167969,11000,0.0,0.0
2016-06-07 00:00:00+09:00,410.8247879603485,413.56361988008416,410.8247879603485,411.73773193359375,11900,0.0,0.0
2016-06-08 00:00:00+09:00,416.3024718698147,417.2154158870731,411.73775178352287,412.65069580078125,4600,0.0,0.0
2016-06-09 00:00:00+09:00,412.650694325206,415.3895263671875,411.7377503112122,415.3895263671875,8800,0.0,0.0
2016-06-10 00:00:00+09:00,414.47658383529796,415.38952785255634,410.82480776626454,412.65069580078125,7600,0.0,0.0
2016-06-13 00:00:00+09:00,412.65067590683896,414.47656385332937,411.73773193359375,411.73773193359375,11000,0.0,0.0
2016-06-14 00:00:00+09:00,411.7377332959856,412.65067727225164,408.9989013671875,408.9989013671875,10500,0.0,0.0
2016-06-15 00:00:00+09:00,408.9989197317478,413.56363981803963,408.9989197317478,412.65069580078125,9400,0.0,0.0
2016-06-16 00:00:00+09:00,412.650686577691,412.650686577691,409.9118545871311,410.8247985839844,6200,0.0,0.0
2016-06-17 00:00:00+09:00,410.8247879603485,412.65067590683896,410.8247879603485,411.73773193359375,9500,0.0,0.0
2016-06-20 00:00:00+09:00,411.73773058920705,417.21539441079295,410.8247866189427,414.4765625,10200,0.0,0.0
2016-06-21 00:00:00+09:00,416.30246746203903,422.6930755151844,416.30246746203903,420.8671875,12200,0.0,0.0
2016-06-22 00:00:00+09:00,420.86716627611196,423.6059981607721,420.86716627611196,422.69305419921875,6600,0.0,0.0
2016-06-23 00:00:00+09:00,423.6059875488281,425.43187542619376,422.6930436101453,423.6059875488281,8500,0.0,0.0
2016-06-24 00:00:00+09:00,427.2577808925084,428.1707248687744,406.26006943838934,408.9989013671875,8500,0.0,0.0
2016-06-27 00:00:00+09:00,452.8202122279576,452.8202122279576,408.9989013671875,408.9989013671875,32800,0.0,0.0
2016-06-28 00:00:00+09:00,408.9989105902778,425.4319025336372,408.9989105902778,410.8247985839844,7600,0.0,0.0
2016-06-29 00:00:00+09:00,418.12830644937264,429.0836332559064,413.5635869466502,417.2153625488281,7700,0.0,0.0
2016-06-30 00:00:00+09:00,419.9542479388482,421.7801359733649,411.73775178352287,412.65069580078125,8100,0.0,0.0
2016-07-01 00:00:00+09:00,418.1283584091689,418.1283584091689,412.650694325206,415.3895263671875,6900,0.0,0.0
2016-07-04 00:00:00+09:00,415.3895129579486,421.7801208496094,415.3895129579486,421.7801208496094,4500,0.0,0.0
2016-07-05 00:00:00+09:00,421.7800984351997,426.3448181152344,421.7800984351997,426.3448181152344,4100,0.0,0.0
2016-07-06 00:00:00+09:00,428.1707259610168,429.0836699396117,425.431894025232,427.2577819824219,5800,0.0,0.0
2016-07-07 00:00:00+09:00,428.17073378452034,432.7354537609012,427.25778978924416,431.822509765625,4400,0.0,0.0
2016-07-08 00:00:00+09:00,432.73544866388494,433.6483926484079,421.7801208496094,421.7801208496094,7100,0.0,0.0
2016-07-11 00:00:00+09:00,421.7801208496094,421.7801208496094,421.7801208496094,421.7801208496094,0,0.0,0.0
2016-07-12 00:00:00+09:00,440.0389709472656,440.9519148703927,439.1260270241385,440.0389709472656,11100,0.0,0.0
2016-07-13 00:00:00+09:00,440.95189270395514,445.51661209012445,440.95189270395514,444.6036682128906,8400,0.0,0.0
2016-07-14 00:00:00+09:00,444.6036682128906,445.51661209012445,440.0389488267213,444.6036682128906,1100,0.0,0.0
2016-07-15 00:00:00+09:00,443.69075732320357,443.69075732320357,439.12603759765625,439.12603759765625,2600,0.0,0.0
2016-07-19 00:00:00+09:00,438.2130936525468,439.12603759765625,436.3872057623278,439.12603759765625,2600,0.0,0.0
2016-07-20 00:00:00+09:00,438.2130936525468,439.12603759765625,438.2130936525468,439.12603759765625,1400,0.0,0.0
2016-07-21 00:00:00+09:00,440.03895926769866,445.5166226610725,440.03895926769866,443.69073486328125,3200,0.0,0.0
2016-07-22 00:00:00+09:00,443.69072433565674,444.6036682128906,441.864836581189,444.6036682128906,2300,0.0,0.0
2016-07-25 00:00:00+09:00,444.603677636519,447.34250932627174,442.7777898433506,446.4295654296875,3900,0.0,0.0
2016-07-26 00:00:00+09:00,444.603717252339,448.2554931640625,444.603717252339,448.2554931640625,3900,0.0,0.0
2016-07-27 00:00:00+09:00,449.1683971194402,449.1683971194402,446.4295654296875,446.4295654296875,14200,0.0,0.0
2016-07-28 00:00:00+09:00,449.1683971194402,449.1683971194402,443.69073373993484,446.4295654296875,1500,0.0,0.0
2016-07-29 00:00:00+09:00,445.51661209012445,446.42955596735834,440.95189270395514,444.6036682128906,2400,0.0,0.0
2016-08-01 00:00:00+09:00,444.603717252339,450.0813811199243,444.603717252339,448.2554931640625,5400,0.0,0.0
2016-08-02 00:00:00+09:00,449.16841592846725,454.646079537351,449.16841592846725,450.08135986328125,4400,0.0,0.0
2016-08-03 00:00:00+09:00,450.0813797553058,451.9072677056316,449.16843578014294,450.99432373046875,5400,0.0,0.0
2016-08-04 00:00:00+09:00,450.0813704700005,454.6460902516435,449.1684265136719,449.1684265136719,7100,0.0,0.0
2016-08-05 00:00:00+09:00,449.1684042241731,455.55901160134636,449.1684042241731,453.7331237792969,5100,0.0,0.0
2016-08-08 00:00:00+09:00,453.73313313639,456.47196492594566,453.73313313639,455.55902099609375,4500,0.0,0.0
2016-08-09 00:00:00+09:00,455.55905011545616,458.2978820800781,455.55905011545616,458.2978820800781,4000,0.0,0.0
2016-08-10 00:00:00+09:00,458.2978820800781,460.1237700564928,457.38493809187077,458.2978820800781,4200,0.0,0.0
2016-08-12 00:00:00+09:00,458.2978820800781,460.1237700564928,458.2978820800781,458.2978820800781,5200,0.0,0.0
2016-08-15 00:00:00+09:00,458.29786088731555,460.1237487792969,458.29786088731555,460.1237487792969,3400,0.0,0.0
2016-08-16 00:00:00+09:00,460.1237487792969,461.9496366712782,459.2108048333062,460.1237487792969,6000,0.0,0.0
2016-08-17 00:00:00+09:00,460.12375939674456,460.12375939674456,457.38492749557344,459.2108154296875,3200,0.0,0.0
2016-08-18 00:00:00+09:00,459.2108048333062,461.03669272528754,457.3849169413249,460.1237487792969,4800,0.0,0.0
2016-08-19 00:00:00+09:00,460.1237382038985,462.8625699789217,460.1237382038985,461.03668212890625,4600,0.0,0.0
2016-08-22 00:00:00+09:00,461.0366809274268,463.7755126953125,461.0366809274268,463.7755126953125,4200,0.0,0.0
2016-08-23 00:00:00+09:00,463.77551390392944,463.77551390392944,461.03668212890625,461.03668212890625,4000,0.0,0.0
2016-08-24 00:00:00+09:00,462.86256877268397,464.6884566179411,459.2107930821697,463.7755126953125,8100,0.0,0.0
2016-08-25 00:00:00+09:00,464.688473955173,470.1661376953125,463.775529998483,470.1661376953125,5300,0.0,0.0
2016-08-26 00:00:00+09:00,470.1661483230294,470.1661483230294,467.42731639105057,469.2532043457031,7600,0.0,0.0
2016-08-29 00:00:00+09:00,473.8179122158919,473.8179122158919,471.99202430754553,472.90496826171875,11400,0.0,0.0
2016-08-30 00:00:00+09:00,474.7308561700651,474.7308561700651,470.1661363991991,472.90496826171875,7400,0.0,0.0
2016-08-31 00:00:00+09:00,474.73083614150147,474.73083614150147,465.6013969849341,471.99200439453125,8400,0.0,0.0
2016-09-01 00:00:00+09:00,471.99202430754553,473.8179122158919,471.99202430754553,472.90496826171875,7100,0.0,0.0
2016-09-02 00:00:00+09:00,472.9049708843231,472.9049708843231,467.42730712890625,467.42730712890625,8100,0.0,0.0
2016-09-05 00:00:00+09:00,467.4272848162476,472.904948310188,467.4272848162476,471.99200439453125,5900,0.0,0.0
2016-09-06 00:00:00+09:00,471.9920362776819,474.73086820966074,469.2532043457031,469.2532043457031,8100,0.0,0.0
2016-09-07 00:00:00+09:00,469.2531844170702,470.16612835562483,467.427296539961,468.3402404785156,7200,0.0,0.0
2016-09-08 00:00:00+09:00,468.3402404785156,469.2531844170702,466.51435260140636,468.3402404785156,8300,0.0,0.0
2016-09-09 00:00:00+09:00,469.2531937386226,470.1661376953125,469.2531937386226,470.1661376953125,2400,0.0,0.0
2016-09-12 00:00:00+09:00,472.904948310188,472.904948310188,470.1661165632178,471.99200439453125,5600,0.0,0.0
2016-09-13 00:00:00+09:00,472.9049576775876,474.73084554506863,472.9049576775876,473.8179016113281,4700,0.0,0.0
2016-09-14 00:00:00+09:00,473.8179122158919,474.7308561700651,472.90496826171875,472.90496826171875,7100,0.0,0.0
2016-09-15 00:00:00+09:00,472.9049471341646,475.6437788743239,472.9049471341646,474.7308349609375,5600,0.0,0.0
2016-09-16 00:00:00+09:00,474.73084554506863,474.73084554506863,473.8179016113281,473.8179016113281,5800,0.0,0.0
2016-09-20 00:00:00+09:00,474.7308349609375,474.7308349609375,473.8178910475511,474.7308349609375,2400,0.0,0.0
2016-09-21 00:00:00+09:00,474.7308349609375,474.7308349609375,473.8178910475511,474.7308349609375,2100,0.0,0.0
2016-09-23 00:00:00+09:00,474.73085487643954,475.643798828125,473.8179109247541,475.643798828125,4100,0.0,0.0
2016-09-26 00:00:00+09:00,475.64378947880914,475.64378947880914,473.8179016113281,473.8179016113281,14400,0.0,0.0
2016-09-27 00:00:00+09:00,473.8179122158919,474.7308561700651,471.99202430754553,472.90496826171875,9900,0.0,0.0
2016-09-28 00:00:00+09:00,440.0389488267213,450.08133147629377,440.0389488267213,444.6036682128906,12600,0.0,0.0
2016-09-29 00:00:00+09:00,443.6907360005823,449.1683994079969,440.951904296875,440.951904296875,5300,0.0,0.0
2016-09-30 00:00:00+09:00,440.9519148703927,442.777802716647,439.1260270241385,440.0389709472656,2300,0.0,0.0
2016-10-03 00:00:00+09:00,440.0389921824137,440.95193614959715,438.2131042480469,438.2131042480469,3100,0.0,0.0
2016-10-04 00:00:00+09:00,437.3001708984375,438.213114887787,437.3001708984375,437.3001708984375,3300,0.0,0.0
2016-10-05 00:00:00+09:00,439.1260695836534,439.1260695836534,436.3872375488281,436.3872375488281,2000,0.0,0.0
2016-10-06 00:00:00+09:00,436.3872297420058,436.3872297420058,431.822509765625,431.822509765625,3000,0.0,0.0
2016-10-07 00:00:00+09:00,431.8225083551487,437.30017230891383,431.8225083551487,434.56134033203125,1800,0.0,0.0
2016-10-11 00:00:00+09:00,437.30016028086345,438.2131042480469,434.5613283793131,438.2131042480469,2300,0.0,0.0
2016-10-12 00:00:00+09:00,433.6484069824219,435.47429501182154,433.6484069824219,433.6484069824219,3600,0.0,0.0
2016-10-13 00:00:00+09:00,438.21310559158803,438.21310559158803,433.64838574167567,435.4742736816406,700,0.0,0.0
2016-10-14 00:00:00+09:00,435.47429501182154,435.47429501182154,432.73546296772207,433.6484069824219,2300,0.0,0.0
2016-10-17 00:00:00+09:00,433.6483977561773,435.47428574672966,431.822509765625,431.822509765625,2600,0.0,0.0
2016-10-18 00:00:00+09:00,431.8224991424174,433.6483870880513,431.8224991424174,432.7354431152344,1300,0.0,0.0
2016-10-19 00:00:00+09:00,433.6483870880513,433.6483870880513,432.7354431152344,432.7354431152344,800,0.0,0.0
2016-10-20 00:00:00+09:00,434.56134033203125,434.56134033203125,433.6483963397371,434.56134033203125,800,0.0,0.0
2016-10-21 00:00:00+09:00,433.6483963397371,434.56134033203125,432.7354523474429,434.56134033203125,1200,0.0,0.0
2016-10-24 00:00:00+09:00,433.6484069824219,434.56135099712174,432.73546296772207,433.6484069824219,2700,0.0,0.0
2016-10-25 00:00:00+09:00,433.6483963397371,434.56134033203125,431.8225083551487,434.56134033203125,2400,0.0,0.0
2016-10-26 00:00:00+09:00,434.5613283793131,438.2131042480469,434.5613283793131,438.2131042480469,3900,0.0,0.0
2016-10-27 00:00:00+09:00,442.777824083964,442.777824083964,436.38721631367997,438.2131042480469,6200,0.0,0.0
2016-10-28 00:00:00+09:00,441.86489227038476,441.86489227038476,434.56134033203125,434.56134033203125,2800,0.0,0.0
2016-10-31 00:00:00+09:00,437.30018156043656,437.30018156043656,436.3872375488281,436.3872375488281,1600,0.0,0.0
2016-11-01 00:00:00+09:00,435.4742843243254,436.38722831661966,433.6483963397371,434.56134033203125,2800,0.0,0.0
2016-11-02 00:00:00+09:00,434.56135099712174,434.56135099712174,433.6484069824219,433.6484069824219,1600,0.0,0.0
2016-11-04 00:00:00+09:00,433.6483870880513,435.4742750336852,431.8224991424174,432.7354431152344,1400,0.0,0.0
2016-11-07 00:00:00+09:00,432.73546296772207,434.56135099712174,431.8225189530222,433.6484069824219,2000,0.0,0.0
2016-11-08 00:00:00+09:00,434.561343188996,434.561343188996,429.08367919921875,429.08367919921875,5600,0.0,0.0
2016-11-09 00:00:00+09:00,429.08366193009243,429.08366193009243,421.7801102376653,422.69305419921875,6100,0.0,0.0
2016-11-10 00:00:00+09:00,426.3448380038269,431.8225018753964,426.3448380038269,427.2577819824219,1200,0.0,0.0
2016-11-11 00:00:00+09:00,430.9095578968015,430.9095578968015,427.2577819824219,427.2577819824219,1300,0.0,0.0
2016-11-14 00:00:00+09:00,427.2577633035594,429.99659511960783,423.6059875488281,423.6059875488281,5300,0.0,0.0
2016-11-15 00:00:00+09:00,429.08367919921875,429.08367919921875,425.4319032060339,429.08367919921875,1000,0.0,0.0
2016-11-16 00:00:00+09:00,429.99660986174575,435.4742736816406,429.0836658917633,435.4742736816406,4200,0.0,0.0
2016-11-17 00:00:00+09:00,438.21312705592106,441.8649031147204,429.0836869089227,433.6484069824219,4100,0.0,0.0
2016-11-18 00:00:00+09:00,434.56133893038884,438.213114887787,431.8225069623401,437.3001708984375,2800,0.0,0.0
2016-11-21 00:00:00+09:00,440.951904296875,442.7777920993465,438.21307259316774,440.951904296875,3000,0.0,0.0
2016-11-22 00:00:00+09:00,442.7778133780941,442.7778133780941,439.12603759765625,439.12603759765625,4300,0.0,0.0
2016-11-24 00:00:00+09:00,446.4295570436588,446.4295570436588,439.12600600817973,441.8648376464844,6900,0.0,0.0
2016-11-25 00:00:00+09:00,442.7778015136719,447.3425211169056,439.12602583108486,442.7778015136719,9100,0.0,0.0
2016-11-28 00:00:00+09:00,438.2131042480469,439.1260482152303,435.47427234649655,438.2131042480469,10300,0.0,0.0
2016-11-29 00:00:00+09:00,442.7778015136719,442.7778015136719,439.12602583108486,442.7778015136719,1400,0.0,0.0
2016-11-30 00:00:00+09:00,442.7778015136719,444.60368935496535,440.03896975173166,442.7778015136719,1400,0.0,0.0
2016-12-01 00:00:00+09:00,445.51662380305385,445.51662380305385,440.951904296875,440.951904296875,2200,0.0,0.0
2016-12-02 00:00:00+09:00,442.7777815259193,443.69072540535416,439.12600600817973,441.8648376464844,6300,0.0,0.0
2016-12-05 00:00:00+09:00,441.86485759302514,442.7778015136719,441.86485759302514,442.7778015136719,800,0.0,0.0
2016-12-06 00:00:00+09:00,442.7777909643856,443.69073486328125,440.03895926769866,443.69073486328125,1800,0.0,0.0
2016-12-07 00:00:00+09:00,443.69073486328125,443.69073486328125,443.69073486328125,443.69073486328125,800,0.0,0.0
2016-12-08 00:00:00+09:00,441.86485759302514,443.6907454343186,438.2130819104381,442.7778015136719,6600,0.0,0.0
2016-12-09 00:00:00+09:00,442.7778003254875,445.5166320800781,440.9519124890937,445.5166320800781,4100,0.0,0.0
2016-12-12 00:00:00+09:00,447.3425373115925,455.5590328948667,444.60370545050114,451.9072570800781,7300,0.0,0.0
2016-12-13 00:00:00+09:00,451.9072677056316,451.9072677056316,450.0813797553058,450.99432373046875,3100,0.0,0.0
2016-12-14 00:00:00+09:00,450.99432373046875,450.99432373046875,447.34254782981714,450.99432373046875,4200,0.0,0.0
2016-12-15 00:00:00+09:00,447.34249984459217,453.7331069852292,444.6036682128906,444.6036682128906,13300,0.0,0.0
2016-12-16 00:00:00+09:00,445.51664142219386,447.342529296875,445.51664142219386,447.342529296875,1200,0.0,0.0
2016-12-19 00:00:00+09:00,447.3425280588394,450.08135986328125,446.4295841240254,450.08135986328125,1600,0.0,0.0
2016-12-20 00:00:00+09:00,450.0813704700005,450.9943144263291,447.34253860101467,449.1684265136719,2400,0.0,0.0
2016-12-21 00:00:00+09:00,450.0813811199243,455.55904498750954,448.2554931640625,448.2554931640625,7100,0.0,0.0
2016-12-22 00:00:00+09:00,451.9072583826577,451.9072583826577,448.25548255734327,449.1684265136719,2700,0.0,0.0
2016-12-26 00:00:00+09:00,449.16843578014294,452.8202116807945,449.16843578014294,450.99432373046875,7500,0.0,0.0
2016-12-27 00:00:00+09:00,456.47196492594566,456.47196492594566,449.1684134871305,455.55902099609375,14700,0.0,0.0
2016-12-28 00:00:00+09:00,456.47197684856377,456.47197684856377,446.4295933578954,451.9072570800781,3700,0.0,0.0
2016-12-29 00:00:00+09:00,458.29785278564947,458.29785278564947,452.8201892065381,455.55902099609375,9800,0.0,0.0
2016-12-30 00:00:00+09:00,451.90723480224614,456.4719543457031,450.9942908935547,456.4719543457031,5400,0.0,0.0
2017-01-04 00:00:00+09:00,456.47198352851643,465.60142319908675,456.47198352851643,459.2108154296875,3800,0.0,0.0
2017-01-05 00:00:00+09:00,461.0367140447001,461.9496580329074,457.38493809187077,458.2978820800781,2000,0.0,0.0
2017-01-06 00:00:00+09:00,463.7754927114152,463.7754927114152,461.03666106154463,462.862548828125,2600,0.0,0.0
2017-01-10 00:00:00+09:00,462.862548828125,463.7754927114152,461.9496049448348,462.862548828125,3000,0.0,0.0
2017-01-11 00:00:00+09:00,462.862548828125,463.7754927114152,462.862548828125,462.862548828125,3800,0.0,0.0
2017-01-12 00:00:00+09:00,464.6884460449219,465.6013899467783,462.862558241209,464.6884460449219,8500,0.0,0.0
2017-01-13 00:00:00+09:00,464.6884578289372,464.6884578289372,461.03668212890625,461.03668212890625,2600,0.0,0.0
2017-01-16 00:00:00+09:00,465.60137939453125,465.60137939453125,462.862547751034,465.60137939453125,1900,0.0,0.0
2017-01-17 00:00:00+09:00,464.6884471908389,465.60139109494656,461.0366715744079,461.9496154785156,3600,0.0,0.0
2017-01-18 00:00:00+09:00,460.1237700564928,460.1237700564928,457.38493809187077,458.2978820800781,1500,0.0,0.0
2017-01-19 00:00:00+09:00,465.6013804779956,465.6013804779956,462.862548828125,462.862548828125,2200,0.0,0.0
2017-01-20 00:00:00+09:00,463.77549163219976,466.514323275697,461.94960386986827,465.60137939453125,3300,0.0,0.0
2017-01-23 00:00:00+09:00,465.6013899467783,465.6013899467783,462.862558241209,464.6884460449219,1200,0.0,0.0
2017-01-24 00:00:00+09:00,464.6884355133655,465.60137939453125,462.862547751034,465.60137939453125,1800,0.0,0.0
2017-01-25 00:00:00+09:00,465.60137939453125,466.514323275697,463.77549163219976,465.60137939453125,3000,0.0,0.0
2017-01-26 00:00:00+09:00,466.51434326171875,466.51434326171875,464.68845542116406,466.51434326171875,1700,0.0,0.0
2017-01-27 00:00:00+09:00,467.4273328343313,467.4273328343313,457.38494873046875,457.38494873046875,7300,0.0,0.0
2017-01-30 00:00:00+09:00,461.949668777679,461.949668777679,454.64611670214254,457.38494873046875,4700,0.0,0.0
2017-01-31 00:00:00+09:00,457.38490885579756,461.94962850505703,453.73313313639,455.55902099609375,5600,0.0,0.0
2017-02-01 00:00:00+09:00,456.47196492594566,456.47196492594566,453.73313313639,455.55902099609375,7300,0.0,0.0
2017-02-02 00:00:00+09:00,457.38489825439456,460.1237299804688,456.4719543457031,456.4719543457031,3300,0.0,0.0
2017-02-03 00:00:00+09:00,460.1237487792969,461.03669272528754,457.3849169413249,460.1237487792969,1600,0.0,0.0
2017-02-06 00:00:00+09:00,460.12375939674456,460.12375939674456,456.47198352851643,459.2108154296875,10200,0.0,0.0
2017-02-07 00:00:00+09:00,461.03669272528754,461.03669272528754,458.29786088731555,460.1237487792969,1000,0.0,0.0
2017-02-08 00:00:00+09:00,460.12375939674456,461.03670336380156,459.2108154296875,459.2108154296875,2700,0.0,0.0
2017-02-09 00:00:00+09:00,461.94962605391396,461.94962605391396,459.2107942788908,461.03668212890625,900,0.0,0.0
2017-02-10 00:00:00+09:00,462.862548828125,464.68843659470537,461.9496049448348,462.862548828125,1900,0.0,0.0
2017-02-13 00:00:00+09:00,464.6884566179411,465.60140054056967,461.9496248500554,463.7755126953125,1800,0.0,0.0
2017-02-14 00:00:00+09:00,467.42727890316206,467.42727890316206,461.9496154785156,461.9496154785156,800,0.0,0.0
2017-02-15 00:00:00+09:00,465.60140054056967,465.60140054056967,463.7755126953125,463.7755126953125,1500,0.0,0.0
2017-02-16 00:00:00+09:00,463.7755126953125,465.60140054056967,463.7755126953125,463.7755126953125,1000,0.0,0.0
2017-02-17 00:00:00+09:00,464.6884460449219,465.6013899467783,463.77550214306547,464.6884460449219,1400,0.0,0.0
2017-02-20 00:00:00+09:00,464.6884566179411,465.60140054056967,463.7755126953125,463.7755126953125,2000,0.0,0.0
2017-02-21 00:00:00+09:00,464.6884355133655,465.60137939453125,463.77549163219976,465.60137939453125,3900,0.0,0.0
2017-02-22 00:00:00+09:00,467.42730712890625,468.3402510881424,466.5143631696701,467.42730712890625,3600,0.0,0.0
2017-02-23 00:00:00+09:00,465.601428436398,469.2532043457031,465.601428436398,469.2532043457031,1100,0.0,0.0
2017-02-24 00:00:00+09:00,467.42731639105057,469.2532043457031,466.5143724137243,469.2532043457031,3600,0.0,0.0
2017-02-27 00:00:00+09:00,472.904948310188,472.904948310188,466.51434090059087,471.99200439453125,5100,0.0,0.0
2017-02-28 00:00:00+09:00,467.4272953003876,472.904958917189,467.4272953003876,471.0790710449219,1700,0.0,0.0
2017-03-01 00:00:00+09:00,471.07906047887457,472.904948310188,471.07906047887457,471.99200439453125,1000,0.0,0.0
2017-03-02 00:00:00+09:00,472.904948310188,472.904948310188,471.07906047887457,471.99200439453125,1400,0.0,0.0
2017-03-03 00:00:00+09:00,471.99200439453125,472.904948310188,471.07906047887457,471.99200439453125,2400,0.0,0.0
2017-03-06 00:00:00+09:00,471.99202560869236,473.8179135220722,468.34024978193264,470.1661376953125,3900,0.0,0.0
2017-03-07 00:00:00+09:00,471.07906047887457,471.99200439453125,471.07906047887457,471.99200439453125,700,0.0,0.0
2017-03-08 00:00:00+09:00,471.99202302138315,475.643798828125,471.99202302138315,475.643798828125,5900,0.0,0.0
2017-03-09 00:00:00+09:00,472.90496826171875,475.64380012423834,471.99202430754553,472.90496826171875,900,0.0,0.0
2017-03-10 00:00:00+09:00,474.730862809678,480.2085266113281,474.730862809678,480.2085266113281,5600,0.0,0.0
2017-03-13 00:00:00+09:00,480.20850545709783,482.9473372372714,480.20850545709783,482.0343933105469,3000,0.0,0.0
2017-03-14 00:00:00+09:00,479.29559326171875,482.03442522321427,479.29559326171875,479.29559326171875,1500,0.0,0.0
2017-03-15 00:00:00+09:00,479.29559326171875,482.94736921037946,479.29559326171875,479.29559326171875,500,0.0,0.0
2017-03-16 00:00:00+09:00,479.2955839839082,479.2955839839082,477.4696960449219,477.4696960449219,1200,0.0,0.0
2017-03-17 00:00:00+09:00,481.12143770375644,487.5120450356849,481.12143770375644,485.6861572265625,6800,0.0,0.0
2017-03-21 00:00:00+09:00,485.68616780139183,486.59911172583054,484.7732238769531,484.7732238769531,4500,0.0,0.0
2017-03-22 00:00:00+09:00,485.6861572265625,486.5991011311237,484.77321332200125,485.6861572265625,3200,0.0,0.0
2017-03-23 00:00:00+09:00,486.5991409816099,487.5120849609375,484.7732530229547,487.5120849609375,3900,0.0,0.0
2017-03-24 00:00:00+09:00,487.5120822482639,492.98974609375,487.5120822482639,492.98974609375,2800,0.0,0.0
2017-03-27 00:00:00+09:00,497.5544659649884,497.5544659649884,488.4250262225116,492.98974609375,9400,0.0,0.0
2017-03-28 00:00:00+09:00,499.38032180477023,500.29326572031823,492.9897143959341,495.7285461425781,5800,0.0,0.0
2017-03-29 00:00:00+09:00,482.70757371313056,492.0082976767747,482.70757371313056,484.5677185058594,3400,10.0,0.0
2017-03-30 00:00:00+09:00,484.5677303153436,486.4278751534064,484.5677303153436,485.497802734375,1500,0.0,0.0
2017-03-31 00:00:00+09:00,490.14814597835505,490.14814597835505,486.4278564453125,486.4278564453125,900,0.0,0.0
2017-04-03 00:00:00+09:00,486.42782070453353,486.42782070453353,483.6376037597656,483.6376037597656,1500,0.0,0.0
2017-04-04 00:00:00+09:00,483.6376510503638,491.07823029729246,483.6376510503638,487.3579406738281,1600,0.0,0.0
2017-04-05 00:00:00+09:00,483.63765789631225,485.497802734375,483.63765789631225,485.497802734375,800,0.0,0.0
2017-04-06 00:00:00+09:00,487.3578960343903,487.3578960343903,465.0361603381587,474.3368835449219,7500,0.0,0.0
2017-04-07 00:00:00+09:00,465.96626089151624,487.3579255631826,465.03618851448726,478.9872741699219,2200,0.0,0.0
2017-04-10 00:00:00+09:00,478.98728902103335,487.3579406738281,478.98728902103335,487.3579406738281,800,0.0,0.0
2017-04-11 00:00:00+09:00,487.3578930194561,487.3578930194561,483.6376037597656,483.6376037597656,1100,0.0,0.0
2017-04-12 00:00:00+09:00,481.7774758320081,481.7774758320081,470.6166076660156,470.6166076660156,1000,0.0,0.0
2017-04-13 00:00:00+09:00,469.6865404050336,473.4068298339844,466.89632333332054,473.4068298339844,1000,0.0,0.0
2017-04-14 00:00:00+09:00,482.7075636780378,488.2879979402116,478.9872741699219,478.9872741699219,900,0.0,0.0
2017-04-17 00:00:00+09:00,478.0572086207815,478.0572086207815,474.3369190595303,477.12713623046875,1600,0.0,0.0
2017-04-18 00:00:00+09:00,481.77747769805967,482.7075500488281,477.1271159442174,482.7075500488281,700,0.0,0.0
2017-04-19 00:00:00+09:00,486.4278496442522,489.21806675502233,486.4278496442522,488.2879943847656,1400,0.0,0.0
2017-04-20 00:00:00+09:00,488.2879943847656,488.2879943847656,488.2879943847656,488.2879943847656,400,0.0,0.0
2017-04-21 00:00:00+09:00,489.2181021950462,493.868464383212,489.2181021950462,491.0782470703125,800,0.0,0.0
2017-04-24 00:00:00+09:00,493.8684286063058,493.8684286063058,483.63763253348213,488.2879943847656,1500,0.0,0.0
2017-04-25 00:00:00+09:00,487.3579220145089,488.2879943847656,485.49777727399555,488.2879943847656,1000,0.0,0.0
2017-04-26 00:00:00+09:00,492.0082821252211,492.9383544921875,491.07820975825473,492.9383544921875,1700,0.0,0.0
2017-04-27 00:00:00+09:00,497.5887145996094,497.5887145996094,492.93835278092143,497.5887145996094,5600,0.0,0.0
2017-04-28 00:00:00+09:00,488.28798088549667,492.0082702636719,487.35790854095285,492.0082702636719,2200,0.0,0.0
2017-05-01 00:00:00+09:00,492.0082838657924,492.0082838657924,488.2879943847656,488.2879943847656,600,0.0,0.0
2017-05-02 00:00:00+09:00,488.28798088549667,492.0082702636719,488.28798088549667,492.0082702636719,1000,0.0,0.0
2017-05-08 00:00:00+09:00,492.00829579168396,492.00829579168396,488.2880062204803,489.21807861328125,2200,0.0,0.0
2017-05-09 00:00:00+09:00,489.21806675502233,491.0782114955357,488.2879943847656,488.2879943847656,1600,0.0,0.0
2017-05-10 00:00:00+09:00,490.14813232421875,490.14813232421875,488.2879876095159,490.14813232421875,800,0.0,0.0
2017-05-11 00:00:00+09:00,490.148139125279,490.148139125279,487.3579220145089,488.2879943847656,1200,0.0,0.0
2017-05-12 00:00:00+09:00,488.2879943847656,488.2879943847656,487.3579220145089,488.2879943847656,800,0.0,0.0
2017-05-15 00:00:00+09:00,487.35792882857316,487.35792882857316,484.5677116787912,486.4278564453125,1000,0.0,0.0
2017-05-16 00:00:00+09:00,484.56770490373884,488.2879943847656,483.63763253348213,488.2879943847656,1700,0.0,0.0
2017-05-17 00:00:00+09:00,488.2879943847656,488.2879943847656,488.2879943847656,488.2879943847656,0,0.0,0.0
2017-05-18 00:00:00+09:00,484.5677234562299,487.3579406738281,484.5677234562299,487.3579406738281,1500,0.0,0.0
2017-05-19 00:00:00+09:00,484.5677166492767,489.21807861328125,484.5677166492767,489.21807861328125,2400,0.0,0.0
2017-05-22 00:00:00+09:00,485.49777555645636,492.9383544921875,485.49777555645636,492.9383544921875,4200,0.0,0.0
2017-05-23 00:00:00+09:00,494.7985009765625,496.6586457170759,487.3579220145089,488.2879943847656,2200,0.0,0.0
2017-05-24 00:00:00+09:00,492.9383426082157,492.9383426082157,492.0082702636719,492.0082702636719,2300,0.0,0.0
2017-05-25 00:00:00+09:00,495.7286071777344,495.7286071777344,490.1481725753584,495.7286071777344,900,0.0,0.0
2017-05-26 00:00:00+09:00,494.79851609133607,496.6586608886719,493.8684436926681,496.6586608886719,1600,0.0,0.0
2017-05-29 00:00:00+09:00,502.2390902244438,502.2390902244438,490.148149163485,493.8684387207031,6900,0.0,0.0
2017-05-30 00:00:00+09:00,492.00831744281703,496.6586796114637,488.28802770789974,495.7286071777344,4200,0.0,0.0
2017-05-31 00:00:00+09:00,492.93838105378325,502.2391052246094,490.1481638025354,502.2391052246094,1200,0.0,0.0
2017-06-01 00:00:00+09:00,492.9383694395727,501.30902099609375,492.9383694395727,501.30902099609375,600,0.0,0.0
2017-06-02 00:00:00+09:00,501.30900405455975,502.2390764182973,497.5887145996094,497.5887145996094,600,0.0,0.0
2017-06-05 00:00:00+09:00,497.5887145996094,502.2390764182973,497.5887145996094,497.5887145996094,2100,0.0,0.0
2017-06-06 00:00:00+09:00,497.5887145996094,502.2390764182973,497.5887145996094,497.5887145996094,2800,0.0,0.0
2017-06-07 00:00:00+09:00,498.51878018796555,499.4488525390625,497.5887078368686,499.4488525390625,500,0.0,0.0
2017-06-08 00:00:00+09:00,497.5887264422516,500.3789435998717,497.5887264422516,498.518798828125,900,0.0,0.0
2017-06-09 00:00:00+09:00,497.58873328733983,499.4488780846757,494.79851609133607,496.6586608886719,1400,0.0,0.0
2017-06-12 00:00:00+09:00,497.58871964805627,500.3789367675781,497.58871964805627,500.3789367675781,1600,0.0,0.0
2017-06-13 00:00:00+09:00,500.37894178803,503.1691589355469,500.37894178803,503.1691589355469,2600,0.0,0.0
2017-06-14 00:00:00+09:00,506.88944337979564,506.88944337979564,500.3789367675781,500.3789367675781,2200,0.0,0.0
2017-06-15 00:00:00+09:00,510.60973799559196,511.53981037809757,503.1691589355469,503.1691589355469,2700,0.0,0.0
2017-06-16 00:00:00+09:00,504.09922626027384,506.88944337979564,500.3789367675781,500.3789367675781,1600,0.0,0.0
2017-06-19 00:00:00+09:00,501.30903280752676,504.09925005877454,500.37896039044415,502.2391052246094,1000,0.0,0.0
2017-06-20 00:00:00+09:00,504.0992043639359,510.6097106933594,504.0992043639359,510.6097106933594,3800,0.0,0.0
2017-06-21 00:00:00+09:00,510.60977870236803,510.60977870236803,508.7496337890625,508.7496337890625,1000,0.0,0.0
2017-06-22 00:00:00+09:00,511.539794921875,511.539794921875,506.88943314985795,511.539794921875,6700,0.0,0.0
2017-06-23 00:00:00+09:00,511.5397682326669,523.6307082090754,508.7495513150342,518.9803466796875,15600,0.0,0.0
2017-06-26 00:00:00+09:00,518.9803805401806,526.4209594726562,518.050308173621,526.4209594726562,7600,0.0,0.0
2017-06-27 00:00:00+09:00,535.7216867131295,535.7216867131295,516.1901668850467,517.1202392578125,25700,0.0,0.0
2017-06-28 00:00:00+09:00,518.0503100540976,526.4209613835175,505.029296875,505.029296875,5100,0.0,0.0
2017-06-29 00:00:00+09:00,505.9594350961538,519.9105224609375,505.9594350961538,519.9105224609375,2800,0.0,0.0
2017-06-30 00:00:00+09:00,518.0503014026989,518.0503014026989,511.539794921875,511.539794921875,2600,0.0,0.0
2017-07-03 00:00:00+09:00,511.5398235149211,516.190185546875,511.5398235149211,516.190185546875,3100,0.0,0.0
2017-07-04 00:00:00+09:00,522.7007113570342,522.7007113570342,515.2601318359375,515.2601318359375,2600,0.0,0.0
2017-07-05 00:00:00+09:00,516.1901668850467,517.1202392578125,514.330022139515,517.1202392578125,2100,0.0,0.0
2017-07-06 00:00:00+09:00,519.9104850347454,522.700702306846,515.2601229145778,521.7706298828125,2400,0.0,0.0
2017-07-07 00:00:00+09:00,520.8405574587789,525.4909195789467,516.1901953386113,521.7706298828125,1300,0.0,0.0
2017-07-10 00:00:00+09:00,521.7706486293248,524.5608660016741,518.0503587995256,520.840576171875,2100,0.0,0.0
2017-07-11 00:00:00+09:00,522.7007210867745,522.7007210867745,520.840576171875,520.840576171875,1000,0.0,0.0
2017-07-12 00:00:00+09:00,520.8405388122776,523.6307559844862,520.8405388122776,522.70068359375,1000,0.0,0.0
2017-07-13 00:00:00+09:00,520.8404912914426,520.8404912914426,518.0502743738099,518.9803466796875,2000,0.0,0.0
2017-07-14 00:00:00+09:00,520.840576171875,520.840576171875,517.1202863420758,520.840576171875,1800,0.0,0.0
2017-07-17 00:00:00+09:00,520.840576171875,520.840576171875,520.840576171875,520.840576171875,0,0.0,0.0
2017-07-18 00:00:00+09:00,524.5608660016741,529.2112282889229,520.840576171875,520.840576171875,3400,0.0,0.0
2017-07-19 00:00:00+09:00,523.6307935442243,523.6307935442243,520.840576171875,520.840576171875,300,0.0,0.0
2017-07-20 00:00:00+09:00,520.840520232016,525.4908820198019,520.840520232016,523.6307373046875,1000,0.0,0.0
2017-07-21 00:00:00+09:00,526.421001777447,528.2811466600529,526.421001777447,527.35107421875,1100,0.0,0.0
2017-07-24 00:00:00+09:00,529.211228721845,532.9315185546875,529.211228721845,532.9315185546875,4600,0.0,0.0
2017-07-25 00:00:00+09:00,533.861572265625,533.861572265625,531.0713549889754,533.861572265625,1900,0.0,0.0
2017-07-26 00:00:00+09:00,532.9314308363477,540.3720092773438,532.9314308363477,540.3720092773438,7300,0.0,0.0
2017-07-27 00:00:00+09:00,541.3020762935229,541.3020762935229,536.651714813338,537.581787109375,11200,0.0,0.0
2017-07-28 00:00:00+09:00,539.4419742248219,539.4419742248219,535.7216847474093,538.5119018554688,1100,0.0,0.0
2017-07-31 00:00:00+09:00,533.861541541847,602.6868970716322,530.1412520537506,550.6028442382812,53100,0.0,0.0
2017-08-01 00:00:00+09:00,543.1622637022344,548.7426979183533,537.5818294861156,538.5119018554688,6400,0.0,0.0
2017-08-02 00:00:00+09:00,538.511859405412,542.2321485895599,537.581787109375,537.581787109375,2800,0.0,0.0
2017-08-03 00:00:00+09:00,533.8615573579231,534.7916297575014,521.7706161634057,525.4909057617188,9300,0.0,0.0
2017-08-04 00:00:00+09:00,521.7705925895732,525.4908820198019,519.9104478744588,523.6307373046875,3400,0.0,0.0
2017-08-07 00:00:00+09:00,520.840520232016,523.6307373046875,520.840520232016,523.6307373046875,2900,0.0,0.0
2017-08-08 00:00:00+09:00,525.4909057617188,525.4909057617188,523.6307609625622,525.4909057617188,4400,0.0,0.0
2017-08-09 00:00:00+09:00,525.4909286774454,528.2811459978566,513.3999869556634,515.2601318359375,6700,0.0,0.0
2017-08-10 00:00:00+09:00,518.9803805401806,526.4209594726562,512.4698739742643,526.4209594726562,4000,0.0,0.0
2017-08-11 00:00:00+09:00,526.4209594726562,526.4209594726562,526.4209594726562,526.4209594726562,0,0.0,0.0
2017-08-14 00:00:00+09:00,520.8405623199246,529.211214214352,518.9804174544963,524.5608520507812,4100,0.0,0.0
2017-08-15 00:00:00+09:00,530.1412825634255,533.861572265625,530.1412825634255,533.861572265625,4300,0.0,0.0
2017-08-16 00:00:00+09:00,534.7915887419438,539.4419503831781,532.0013717572032,536.6517333984375,4000,0.0,0.0
2017-08-17 00:00:00+09:00,536.6517520480686,536.6517520480686,533.8615349663628,535.7216796875,1800,0.0,0.0
2017-08-18 00:00:00+09:00,534.7916259765625,537.5818431555706,532.9314811905571,534.7916259765625,2200,0.0,0.0
2017-08-21 00:00:00+09:00,536.6517333984375,538.5118780549312,532.93144408545,536.6517333984375,3700,0.0,0.0
2017-08-22 00:00:00+09:00,536.6517707625679,536.6517707625679,534.7916259765625,534.7916259765625,2600,0.0,0.0
2017-08-23 00:00:00+09:00,536.6517333984375,537.5818057266844,534.7915887419438,536.6517333984375,2700,0.0,0.0
2017-08-24 00:00:00+09:00,536.6517520480686,538.5118967692057,534.7916073269314,535.7216796875,2700,0.0,0.0
2017-08-25 00:00:00+09:00,536.6517520480686,538.5118967692057,535.7216796875,535.7216796875,2700,0.0,0.0
2017-08-28 00:00:00+09:00,539.4419555664062,543.16224491514,535.7216662176725,539.4419555664062,5300,0.0,0.0
2017-08-29 00:00:00+09:00,535.7216662176725,539.4419555664062,535.7216662176725,539.4419555664062,2300,0.0,0.0
2017-08-30 00:00:00+09:00,535.721642517301,539.441931701449,535.721642517301,537.581787109375,1800,0.0,0.0
2017-08-31 00:00:00+09:00,546.882559742647,558.9735006893383,540.3720530790441,553.39306640625,14300,0.0,0.0
2017-09-01 00:00:00+09:00,545.9524639058877,552.4629702897739,545.9524639058877,551.5328979492188,3000,0.0,0.0
2017-09-04 00:00:00+09:00,546.8825446119081,548.7426893214723,544.0923275475616,545.0223999023438,7300,0.0,0.0
2017-09-05 00:00:00+09:00,545.9524431080908,546.8825154132153,540.3720092773438,540.3720092773438,4500,0.0,0.0
2017-09-06 00:00:00+09:00,543.1622314453125,543.1622314453125,528.2810744194135,543.1622314453125,9000,0.0,0.0
2017-09-07 00:00:00+09:00,543.1622687795318,545.0224135356261,530.1412554868718,541.3021240234375,5000,0.0,0.0
2017-09-08 00:00:00+09:00,540.3720516453903,541.3021240234375,539.4419792673432,541.3021240234375,2300,0.0,0.0
2017-09-11 00:00:00+09:00,541.3021240234375,548.7427030478146,540.3720516453903,541.3021240234375,4000,0.0,0.0
2017-09-12 00:00:00+09:00,545.0224135356261,546.8825582917203,541.3021240234375,541.3021240234375,3500,0.0,0.0
2017-09-13 00:00:00+09:00,544.092341157579,544.092341157579,537.581834511249,541.3021240234375,6200,0.0,0.0
2017-09-14 00:00:00+09:00,542.2321538875927,542.2321538875927,540.3720092773438,540.3720092773438,2300,0.0,0.0
2017-09-15 00:00:00+09:00,542.2321198738662,558.043348069159,542.2321198738662,554.3230590820312,13900,0.0,0.0
2017-09-18 00:00:00+09:00,554.3230590820312,554.3230590820312,554.3230590820312,554.3230590820312,0,0.0,0.0
2017-09-19 00:00:00+09:00,554.3230590820312,558.043348069159,546.8824811077758,554.3230590820312,20200,0.0,0.0
2017-09-20 00:00:00+09:00,554.3231387867647,554.3231387867647,548.7427045036765,553.39306640625,5500,0.0,0.0
2017-09-21 00:00:00+09:00,552.4629651085805,553.3930374404132,548.74267578125,548.74267578125,8900,0.0,0.0
2017-09-22 00:00:00+09:00,554.3231149708843,554.3231149708843,546.8825362464429,551.5328979492188,5800,0.0,0.0
2017-09-25 00:00:00+09:00,556.1832835477941,556.1832835477941,549.6727768841912,553.39306640625,7200,0.0,0.0
2017-09-26 00:00:00+09:00,556.1832615817734,563.6238403320312,554.323116894209,563.6238403320312,13300,0.0,0.0
2017-09-27 00:00:00+09:00,539.441899975209,547.8125501472381,529.2111053205068,542.2321166992188,20900,0.0,0.0
2017-09-28 00:00:00+09:00,544.0922611818919,544.0922611818919,535.7216110098627,542.2321166992188,4400,0.0,0.0
2017-09-29 00:00:00+09:00,542.23218621148,542.23218621148,534.7916073269314,535.7216796875,4000,0.0,0.0
2017-10-02 00:00:00+09:00,535.7216796875,538.5118967692057,531.0713178846571,535.7216796875,4100,0.0,0.0
2017-10-03 00:00:00+09:00,536.6517571167625,544.0923360715876,532.9314676393499,538.5119018554688,4800,0.0,0.0
2017-10-04 00:00:00+09:00,537.5817952331436,537.5817952331436,531.0712890625,531.0712890625,1600,0.0,0.0
2017-10-05 00:00:00+09:00,530.1412438075877,530.1412438075877,521.7705925895732,523.6307373046875,7200,0.0,0.0
2017-10-06 00:00:00+09:00,523.6307796180671,524.5608520507812,523.6307796180671,524.5608520507812,2100,0.0,0.0
2017-10-09 00:00:00+09:00,524.5608520507812,524.5608520507812,524.5608520507812,524.5608520507812,0,0.0,0.0
2017-10-10 00:00:00+09:00,533.8615384051319,533.8615384051319,526.4209594726562,526.4209594726562,2200,0.0,0.0
2017-10-11 00:00:00+09:00,521.7706112030138,524.5608283752224,521.7706112030138,522.70068359375,3200,0.0,0.0
2017-10-12 00:00:00+09:00,522.7007113570342,523.6307837971711,511.53984207538923,515.2601318359375,8600,0.0,0.0
2017-10-13 00:00:00+09:00,518.980378908016,519.9104512716503,514.3300170898438,514.3300170898438,2300,0.0,0.0
2017-10-16 00:00:00+09:00,511.5397999989404,518.980378908016,511.5397999989404,514.3300170898438,4700,0.0,0.0
2017-10-17 00:00:00+09:00,511.5397966564443,523.6307373046875,510.6097242988871,523.6307373046875,6900,0.0,0.0
2017-10-18 00:00:00+09:00,519.9104271973542,522.7006441590574,510.60970399167707,512.4698486328125,4000,0.0,0.0
2017-10-19 00:00:00+09:00,512.4697805749987,603.6168558859785,512.4697805749987,549.6726684570312,132700,0.0,0.0
2017-10-20 00:00:00+09:00,526.420937787722,542.2321673679186,522.7006484747346,536.6517333984375,36600,0.0,0.0
2017-10-23 00:00:00+09:00,531.0713549889754,536.6517895422746,528.2811377123257,533.861572265625,6300,0.0,0.0
2017-10-24 00:00:00+09:00,538.5118888398943,576.6448550617175,524.5608036367881,575.7147827148438,36600,0.0,0.0
2017-10-25 00:00:00+09:00,604.5470991944956,668.722098955142,569.204345703125,569.204345703125,439200,0.0,0.0
2017-10-26 00:00:00+09:00,567.3441162109375,585.0154903224258,557.1133206727075,567.3441162109375,38800,0.0,0.0
2017-10-27 00:00:00+09:00,576.6448583743843,576.6448583743843,559.9035560344828,566.4140625,23300,0.0,0.0
2017-10-30 00:00:00+09:00,591.5260317904277,591.5260317904277,572.9245842498483,574.7847290039062,18100,0.0,0.0
2017-10-31 00:00:00+09:00,576.644865234375,598.966601953125,566.4140692382813,581.2952270507812,44200,0.0,0.0
2017-11-01 00:00:00+09:00,585.9456412399871,604.5470901682407,581.2952790079238,587.8057861328125,22800,0.0,0.0
2017-11-02 00:00:00+09:00,576.6448974609375,581.2952595372354,563.6238836473034,576.6448974609375,27600,0.0,0.0
2017-11-03 00:00:00+09:00,576.6448974609375,576.6448974609375,576.6448974609375,576.6448974609375,0,0.0,0.0
2017-11-06 00:00:00+09:00,568.2741780060016,570.1343226148592,558.9734549617136,561.763671875,12600,0.0,0.0
2017-11-07 00:00:00+09:00,558.9733904275395,558.9733904275395,540.3719464865231,549.6726684570312,12000,0.0,0.0
2017-11-08 00:00:00+09:00,553.3929572452346,553.3929572452346,544.0922352747264,549.6726684570312,6400,0.0,0.0
2017-11-09 00:00:00+09:00,553.393026900618,553.393026900618,541.3020868170751,543.1622314453125,10300,0.0,0.0
2017-11-10 00:00:00+09:00,544.0922931816339,548.7426546618187,530.1412087410791,537.581787109375,14200,0.0,0.0
2017-11-13 00:00:00+09:00,534.7915806182443,544.0923037594312,534.7915806182443,543.1622314453125,4500,0.0,0.0
2017-11-14 00:00:00+09:00,535.7216610701906,558.0433969481152,535.7216610701906,536.6517333984375,9500,0.0,0.0
2017-11-15 00:00:00+09:00,537.5817554925359,550.6027668712478,537.5817554925359,542.2321166992188,5100,0.0,0.0
2017-11-16 00:00:00+09:00,531.0713045317551,539.4419555664062,531.0713045317551,539.4419555664062,6700,0.0,0.0
2017-11-17 00:00:00+09:00,543.1622687795318,543.1622687795318,538.511906889296,541.3021240234375,2600,0.0,0.0
2017-11-20 00:00:00+09:00,541.3021002407731,542.2321725779566,539.4419555664062,539.4419555664062,2400,0.0,0.0
2017-11-21 00:00:00+09:00,543.1621921206481,565.4839260434145,543.1621921206481,554.3230590820312,15100,0.0,0.0
2017-11-22 00:00:00+09:00,564.5539540505971,564.5539540505971,549.6727954594776,552.4630126953125,4400,0.0,0.0
2017-11-23 00:00:00+09:00,552.4630126953125,552.4630126953125,552.4630126953125,552.4630126953125,0,0.0,0.0
2017-11-24 00:00:00+09:00,558.0433182304886,558.9733904275395,549.6726684570312,549.6726684570312,8800,0.0,0.0
2017-11-27 00:00:00+09:00,564.553955078125,567.3441723190383,558.0434481826607,564.553955078125,12700,0.0,0.0
2017-11-28 00:00:00+09:00,564.5538970078256,564.5538970078256,553.3930291921848,555.253173828125,2400,0.0,0.0
2017-11-29 00:00:00+09:00,556.1832249290065,565.4839477539062,555.2531526465165,565.4839477539062,3100,0.0,0.0
2017-11-30 00:00:00+09:00,569.204345703125,571.0644906237235,562.6938384810304,569.204345703125,8100,0.0,0.0
2017-12-01 00:00:00+09:00,569.2042608542521,571.9944778192239,562.6937546026511,567.3441162109375,4200,0.0,0.0
2017-12-04 00:00:00+09:00,568.2741827101934,585.945556640625,565.4839657738095,585.945556640625,13300,0.0,0.0
2017-12-05 00:00:00+09:00,579.4350688794838,585.9455752713881,574.7847071709807,585.0155029296875,6300,0.0,0.0
2017-12-06 00:00:00+09:00,575.7147455630095,598.966552734375,575.7147455630095,598.966552734375,26500,0.0,0.0
2017-12-07 00:00:00+09:00,604.5470671958112,691.9738738364362,604.5470671958112,655.7010498046875,343800,0.0,0.0
2017-12-08 00:00:00+09:00,669.6521693638392,701.2746329171316,628.7289812360491,651.0507202148438,162600,0.0,0.0
2017-12-11 00:00:00+09:00,669.6521139705882,669.6521139705882,629.6590016084559,632.44921875,23100,0.0,0.0
2017-12-12 00:00:00+09:00,649.1905541549637,649.1905541549637,608.2673673600949,615.7079467773438,22600,0.0,0.0
2017-12-13 00:00:00+09:00,608.2673721657659,620.3583138143209,600.8267926897321,618.4981689453125,12200,0.0,0.0
2017-12-14 00:00:00+09:00,619.4281835192032,621.2883282144561,595.246302480916,609.1973876953125,10800,0.0,0.0
2017-12-15 00:00:00+09:00,632.4492504661537,632.4492504661537,611.0575846415632,615.7079467773438,18700,0.0,0.0
2017-12-18 00:00:00+09:00,623.1484623278602,623.1484623278602,595.2462923728814,603.616943359375,12400,0.0,0.0
2017-12-19 00:00:00+09:00,598.9666364287125,603.6169985127864,588.73583984375,588.73583984375,6400,0.0,0.0
2017-12-20 00:00:00+09:00,588.7358310699462,599.8966999053955,588.7358310699462,595.246337890625,9300,0.0,0.0
2017-12-21 00:00:00+09:00,600.8268009629361,600.8268009629361,589.6659315952035,599.896728515625,3000,0.0,0.0
2017-12-22 00:00:00+09:00,596.1764065317006,604.5470581054688,590.5959721491887,604.5470581054688,7200,0.0,0.0
2017-12-25 00:00:00+09:00,611.9876492408014,634.3093872070312,610.1275044102823,634.3093872070312,28000,0.0,0.0
2017-12-26 00:00:00+09:00,643.6100411601959,643.6100411601959,625.0085948838897,640.81982421875,22000,0.0,0.0
2017-12-27 00:00:00+09:00,659.4212750628278,702.2046017946897,639.8897563374126,665.001708984375,57000,0.0,0.0
2017-12-28 00:00:00+09:00,661.2815172467913,668.7220969063894,638.0297058105468,651.0507202148438,12900,0.0,0.0
2017-12-29 00:00:00+09:00,655.7010678237496,655.7010678237496,633.3793293446431,642.6800537109375,11000,0.0,0.0
2018-01-01 00:00:00+09:00,642.6800537109375,642.6800537109375,642.6800537109375,642.6800537109375,0,0.0,0.0
2018-01-02 00:00:00+09:00,642.6800537109375,642.6800537109375,642.6800537109375,642.6800537109375,0,0.0,0.0
2018-01-03 00:00:00+09:00,642.6800537109375,642.6800537109375,642.6800537109375,642.6800537109375,0,0.0,0.0
2018-01-04 00:00:00+09:00,642.6800389443674,649.1905458511845,613.8477940713205,634.3093872070312,17900,0.0,0.0
2018-01-05 00:00:00+09:00,634.3093671656367,634.3093671656367,618.4981366057893,623.1484985351562,15100,0.0,0.0
2018-01-08 00:00:00+09:00,623.1484985351562,623.1484985351562,623.1484985351562,623.1484985351562,0,0.0,0.0
2018-01-09 00:00:00+09:00,627.7988842555454,631.5191739400228,623.1485221499488,625.0086669921875,7400,0.0,0.0
2018-01-10 00:00:00+09:00,635.2394422333816,647.3303833007812,633.3792974537816,647.3303833007812,17800,0.0,0.0
2018-01-11 00:00:00+09:00,649.1905093747198,653.8408711897249,644.5401475597147,648.2604370117188,6100,0.0,0.0
2018-01-12 00:00:00+09:00,648.2604370117188,648.2604370117188,648.2604370117188,648.2604370117188,0,0.0,0.0
2018-01-15 00:00:00+09:00,646.4003256939827,655.7010498046875,634.3093843500666,655.7010498046875,10800,0.0,0.0
2018-01-16 00:00:00+09:00,660.3514118600399,665.9318463264628,647.3303981050532,655.7010498046875,12600,0.0,0.0
2018-01-17 00:00:00+09:00,657.5611437490385,665.0017224618989,651.9807097143932,661.2814331054688,8700,0.0,0.0
2018-01-18 00:00:00+09:00,661.2815172467913,662.2115897042411,651.0507202148438,651.0507202148438,8800,0.0,0.0
2018-01-19 00:00:00+09:00,658.4912998744419,658.4912998744419,651.0507202148438,651.0507202148438,8600,0.0,0.0
2018-01-22 00:00:00+09:00,657.5612085100247,664.0717155249755,651.9807739257812,651.9807739257812,8900,0.0,0.0
2018-01-23 00:00:00+09:00,657.5610884124158,664.0715942382812,651.9806548473882,664.0715942382812,10400,0.0,0.0
2018-01-24 00:00:00+09:00,662.2114629181337,662.2114629181337,658.4911738006161,660.351318359375,4600,0.0,0.0
2018-01-25 00:00:00+09:00,660.351318359375,662.2114629181337,654.7708846830985,660.351318359375,9400,0.0,0.0
2018-01-26 00:00:00+09:00,662.2115023079924,675.2325149938237,660.351357638588,670.5821533203125,8900,0.0,0.0
2018-01-29 00:00:00+09:00,698.4843240625718,810.0930043388815,698.4843240625718,758.9390258789062,204600,0.0,0.0
2018-01-30 00:00:00+09:00,731.0369556840644,773.8202889683735,728.2467382959572,771.9601440429688,72000,0.0,0.0
2018-01-31 00:00:00+09:00,762.659382609578,851.016262302151,699.414458198052,716.15576171875,333600,0.0,0.0
2018-02-01 00:00:00+09:00,743.127822800438,764.5194872865583,723.5963030522413,751.4984741210938,62800,0.0,0.0
2018-02-02 00:00:00+09:00,761.7292493503896,761.7292493503896,718.9459215480479,740.3375854492188,25500,0.0,0.0
2018-02-05 00:00:00+09:00,711.5053541700096,737.5473802049903,701.2745582276957,724.5263671875,19000,0.0,0.0
2018-02-06 00:00:00+09:00,640.8198618149062,664.0716710244455,593.3861710274458,605.4771118164062,92000,0.0,0.0
2018-02-07 00:00:00+09:00,665.9317573879076,684.533203125,642.6799502165421,684.533203125,37500,0.0,0.0
2018-02-08 00:00:00+09:00,695.6941188502956,698.484335904508,688.2535400390625,688.2535400390625,9500,0.0,0.0
2018-02-09 00:00:00+09:00,621.2883384846889,658.4912330047301,620.3582661216878,648.2604370117188,20100,0.0,0.0
2018-02-12 00:00:00+09:00,648.2604370117188,648.2604370117188,648.2604370117188,648.2604370117188,0,0.0,0.0
2018-02-13 00:00:00+09:00,651.0506196707184,657.5611258674256,639.8897519049347,640.81982421875,3600,0.0,0.0
2018-02-14 00:00:00+09:00,639.8897875324554,660.3513795756445,605.477110005274,626.8687744140625,10000,0.0,0.0
2018-02-15 00:00:00+09:00,626.8688029990105,642.6800339351873,626.8688029990105,631.5191650390625,4600,0.0,0.0
2018-02-16 00:00:00+09:00,630.5890739889705,648.26044921875,623.1484949448529,632.44921875,3000,0.0,0.0
2018-02-19 00:00:00+09:00,653.840895056554,653.840895056554,641.749953896191,650.12060546875,5800,0.0,0.0
2018-02-20 00:00:00+09:00,653.8408492783369,664.0716449284957,648.2604152873412,658.4912109375,5200,0.0,0.0
2018-02-21 00:00:00+09:00,658.4912594288793,674.302490234375,657.561187028556,674.302490234375,8700,0.0,0.0
2018-02-22 00:00:00+09:00,660.3513051949295,673.3723168466605,645.4701490215227,664.0715942382812,6500,0.0,0.0
2018-02-23 00:00:00+09:00,665.0017378065321,677.0926784939236,665.0017378065321,669.652099609375,3000,0.0,0.0
2018-02-26 00:00:00+09:00,676.16258324742,703.1346807909897,674.3024385892428,701.2745361328125,13100,0.0,0.0
2018-02-27 00:00:00+09:00,720.8060948988971,722.6662396599264,705.9249368106617,711.50537109375,5800,0.0,0.0
2018-02-28 00:00:00+09:00,724.5264175415039,724.5264175415039,701.2746069657175,706.8550415039062,7900,0.0,0.0
2018-03-01 00:00:00+09:00,694.7640298291922,716.1556933982303,680.812944892863,701.2745361328125,4500,0.0,0.0
2018-03-02 00:00:00+09:00,697.554236427348,697.554236427348,669.652066970254,695.694091796875,6400,0.0,0.0
2018-03-05 00:00:00+09:00,696.6242301930758,709.6452438415446,696.6242301930758,698.484375,5300,0.0,0.0
2018-03-06 00:00:00+09:00,699.4143914746353,706.8549701073441,697.554246816458,701.2745361328125,3800,0.0,0.0
2018-03-07 00:00:00+09:00,693.833984375,702.2046356610255,693.833984375,693.833984375,1700,0.0,0.0
2018-03-08 00:00:00+09:00,693.833984375,693.833984375,693.833984375,693.833984375,0,0.0,0.0
2018-03-09 00:00:00+09:00,692.9039190623386,692.9039190623386,673.3723991961518,675.2325439453125,4100,0.0,0.0
2018-03-12 00:00:00+09:00,679.8829058182141,680.8129781927944,672.4423268215716,675.2325439453125,1500,0.0,0.0
2018-03-13 00:00:00+09:00,661.2814248597722,674.3024374449153,651.0506292571596,667.7919311523438,2300,0.0,0.0
2018-03-14 00:00:00+09:00,667.7919311523438,667.7919311523438,667.7919311523438,667.7919311523438,0,0.0,0.0
2018-03-15 00:00:00+09:00,663.1415862170132,663.1415862170132,635.2394156889482,654.7709350585938,7900,0.0,0.0
2018-03-16 00:00:00+09:00,652.91077896097,670.5821533203125,652.91077896097,670.5821533203125,1600,0.0,0.0
2018-03-19 00:00:00+09:00,670.5821533203125,670.5821533203125,670.5821533203125,670.5821533203125,0,0.0,0.0
2018-03-20 00:00:00+09:00,651.9807926722935,655.7010825020926,651.0507202148438,651.0507202148438,2800,0.0,0.0
2018-03-21 00:00:00+09:00,651.0507202148438,651.0507202148438,651.0507202148438,651.0507202148438,0,0.0,0.0
2018-03-22 00:00:00+09:00,642.6800213517814,647.3303833007812,632.4492250639817,647.3303833007812,2900,0.0,0.0
2018-03-23 00:00:00+09:00,646.4003095724572,646.4003095724572,635.2394409179688,635.2394409179688,2400,0.0,0.0
2018-03-26 00:00:00+09:00,635.2394409179688,635.2394409179688,623.1484998756063,635.2394409179688,3900,0.0,0.0
2018-03-27 00:00:00+09:00,653.8409322102864,653.8409322102864,635.2394832142612,636.1695556640625,3700,0.0,0.0
2018-03-28 00:00:00+09:00,624.8430870533684,651.2714955692209,616.3482414589872,648.4398803710938,1600,10.0,0.0
2018-03-29 00:00:00+09:00,655.9908241396673,667.3172844125824,629.5624168361986,635.2256469726562,5400,0.0,0.0
2018-03-30 00:00:00+09:00,637.113340007725,638.0572116225513,632.3939819335938,632.3939819335938,3900,0.0,0.0
2018-04-02 00:00:00+09:00,644.6643284582141,644.6643284582141,637.1133553576786,639.0010986328125,700,0.0,0.0
2018-04-03 00:00:00+09:00,638.0573104653735,638.0573104653735,631.4502081380693,633.3379516601562,2300,0.0,0.0
2018-04-04 00:00:00+09:00,634.2817752832466,636.1695186620658,629.5624168361986,635.2256469726562,2700,0.0,0.0
2018-04-05 00:00:00+09:00,627.6746238594625,638.0572116225513,622.9552657853312,632.3939819335938,2200,0.0,0.0
2018-04-06 00:00:00+09:00,639.0011561907035,640.8888996358754,625.7869520744998,629.5624389648438,4000,0.0,0.0
2018-04-09 00:00:00+09:00,629.562426023555,635.2256562426575,627.6746826171875,627.6746826171875,1300,0.0,0.0
2018-04-10 00:00:00+09:00,637.1133903514755,637.1133903514755,630.5062885256083,635.2256469726562,1000,0.0,0.0
2018-04-11 00:00:00+09:00,642.776620487933,642.776620487933,633.337903593837,635.2256469726562,2000,0.0,0.0
2018-04-12 00:00:00+09:00,632.3940080138979,637.1133662826583,632.3940080138979,636.1694946289062,1300,0.0,0.0
2018-04-13 00:00:00+09:00,636.1694607396977,693.7456285514507,632.3939743258122,666.3733520507812,39000,0.0,0.0
2018-04-16 00:00:00+09:00,656.9346277573529,687.1385186887255,654.1030129825367,673.92431640625,6600,0.0,0.0
2018-04-17 00:00:00+09:00,684.3069259729763,685.250797595008,664.4856219103108,668.2611083984375,4000,0.0,0.0
2018-04-18 00:00:00+09:00,668.2611788504464,670.1489222935268,660.710205078125,660.710205078125,3600,0.0,0.0
2018-04-19 00:00:00+09:00,666.3733506274649,695.6333702725801,660.7101210187328,688.0823974609375,23500,0.0,0.0
2018-04-20 00:00:00+09:00,689.0262908724499,694.6895206604427,678.6437029277965,682.419189453125,6400,0.0,0.0
2018-04-23 00:00:00+09:00,690.9140865466826,690.9140865466826,677.6998827056259,689.97021484375,6200,0.0,0.0
2018-04-24 00:00:00+09:00,691.8579432872119,691.8579432872119,681.4753547794911,683.3630981445312,3700,0.0,0.0
2018-04-25 00:00:00+09:00,679.5875637590393,689.0262799223593,679.5875637590393,685.2507934570312,3900,0.0,0.0
2018-04-26 00:00:00+09:00,685.2508335113525,685.2508335113525,648.4398383227261,664.4856567382812,6900,0.0,0.0
2018-04-27 00:00:00+09:00,687.1385162310472,687.1385162310472,667.3172128782286,669.2049560546875,5000,0.0,0.0
2018-04-30 00:00:00+09:00,669.2049560546875,669.2049560546875,669.2049560546875,669.2049560546875,0,0.0,0.0
2018-05-01 00:00:00+09:00,670.1488538744741,672.98046875,658.8223943723702,672.98046875,2200,0.0,0.0
2018-05-02 00:00:00+09:00,672.98046875,672.98046875,672.98046875,672.98046875,0,0.0,0.0
2018-05-03 00:00:00+09:00,672.98046875,672.98046875,672.98046875,672.98046875,0,0.0,0.0
2018-05-04 00:00:00+09:00,672.98046875,672.98046875,672.98046875,672.98046875,0,0.0,0.0
2018-05-07 00:00:00+09:00,655.9908116947521,665.4295284097844,655.9908116947521,664.4856567382812,3400,0.0,0.0
2018-05-08 00:00:00+09:00,679.5875833151224,682.419198245602,667.3172519497105,674.8682250976562,15300,0.0,0.0
2018-05-09 00:00:00+09:00,681.4753438117907,816.4489922398877,674.8682421404852,686.1947021484375,222800,0.0,0.0
2018-05-10 00:00:00+09:00,686.194695976343,686.194695976343,656.9346745523173,672.03662109375,21000,0.0,0.0
2018-05-11 00:00:00+09:00,664.4856789487823,664.4856789487823,627.6746825297446,658.8224487304688,25800,0.0,0.0
2018-05-14 00:00:00+09:00,658.8224808542352,658.8224808542352,642.776661119963,645.6082763671875,5000,0.0,0.0
2018-05-15 00:00:00+09:00,653.1592223668981,653.1592223668981,635.2256599030671,637.1134033203125,8500,0.0,0.0
2018-05-16 00:00:00+09:00,638.0573007754971,640.888916015625,638.0573007754971,640.888916015625,1100,0.0,0.0
2018-05-17 00:00:00+09:00,650.3275847357975,650.3275847357975,635.2256379204524,642.776611328125,5000,0.0,0.0
2018-05-18 00:00:00+09:00,646.5521110657543,655.0469563206328,639.9450092008487,644.6643676757812,2800,0.0,0.0
2018-05-21 00:00:00+09:00,647.4960103117662,654.1031124578046,647.4960103117662,653.1592407226562,2200,0.0,0.0
2018-05-22 00:00:00+09:00,653.1591906720564,653.1591906720564,641.8327307182057,650.3275756835938,2700,0.0,0.0
2018-05-23 00:00:00+09:00,653.1591906720564,654.1030623348773,641.8327307182057,650.3275756835938,3500,0.0,0.0
2018-05-24 00:00:00+09:00,644.6643676757812,645.6082393707678,643.7204959807948,644.6643676757812,1000,0.0,0.0
2018-05-25 00:00:00+09:00,641.8327428939494,643.7204862554023,620.1236942372424,621.0675659179688,16600,0.0,0.0
2018-05-28 00:00:00+09:00,623.8992111850793,633.3379284496039,593.6953159386003,603.134033203125,18800,0.0,0.0
2018-05-29 00:00:00+09:00,607.8533656803642,612.5727241095595,593.695290392778,599.3585205078125,3700,0.0,0.0
2018-05-30 00:00:00+09:00,592.7513559492808,594.6390991210938,588.9758696056548,594.6390991210938,3400,0.0,0.0
2018-05-31 00:00:00+09:00,594.6391253065235,601.2462266988183,594.6391253065235,598.4146118164062,1500,0.0,0.0
2018-06-01 00:00:00+09:00,596.5268815718357,601.2462398121193,594.6391382757223,600.3023681640625,3200,0.0,0.0
2018-06-04 00:00:00+09:00,609.7410757882254,609.7410757882254,602.1901027134486,607.8533325195312,1200,0.0,0.0
2018-06-05 00:00:00+09:00,603.1339852129241,605.9656001669755,603.1339852129241,605.021728515625,800,0.0,0.0
2018-06-06 00:00:00+09:00,608.7972635618397,608.7972635618397,603.134033203125,603.134033203125,900,0.0,0.0
2018-06-07 00:00:00+09:00,607.853367614746,608.7972393035889,600.3023941040038,604.077880859375,3900,0.0,0.0
2018-06-08 00:00:00+09:00,604.0778306514914,605.9655738722773,601.2462158203125,601.2462158203125,2600,0.0,0.0
2018-06-11 00:00:00+09:00,604.0778678487461,605.0217395172598,601.2462528432051,602.1901245117188,1600,0.0,0.0
2018-06-12 00:00:00+09:00,602.1901614766725,604.0779049295775,602.1901614766725,603.134033203125,1200,0.0,0.0
2018-06-13 00:00:00+09:00,606.9094718183259,606.9094718183259,604.0778568642746,605.021728515625,1600,0.0,0.0
2018-06-14 00:00:00+09:00,605.9656242370605,609.7411109924316,603.1340091705322,604.077880859375,3400,0.0,0.0
2018-06-15 00:00:00+09:00,604.0778637539809,608.7972220645589,588.9759171601314,592.7514038085938,9700,0.0,0.0
2018-06-18 00:00:00+09:00,589.9197714669364,589.9197714669364,581.4249267578125,581.4249267578125,8900,0.0,0.0
2018-06-19 00:00:00+09:00,581.4249245601472,589.9197692371624,576.70556640625,576.70556640625,5300,0.0,0.0
2018-06-20 00:00:00+09:00,573.8739203831658,573.8739203831658,558.7719751099246,563.4913330078125,10800,0.0,0.0
2018-06-21 00:00:00+09:00,563.4913091244905,572.9300245202106,561.6035660453465,564.4351806640625,4200,0.0,0.0
2018-06-22 00:00:00+09:00,564.4352786871348,571.0423806115662,559.7159201696838,565.379150390625,11400,0.0,0.0
2018-06-25 00:00:00+09:00,573.8739624023438,574.8178340510318,568.2107325102154,573.8739624023438,3400,0.0,0.0
2018-06-26 00:00:00+09:00,581.4249355918482,588.9759087813528,571.0423474562796,573.8739624023438,10700,0.0,0.0
2018-06-27 00:00:00+09:00,575.761722687752,585.200439453125,575.761722687752,585.200439453125,26400,0.0,0.0
2018-06-28 00:00:00+09:00,588.9758596951845,591.8074744052574,575.7616577148438,575.7616577148438,2300,0.0,0.0
2018-06-29 00:00:00+09:00,566.3229632851304,577.649422550833,566.3229632851304,570.0984497070312,2800,0.0,0.0
2018-07-02 00:00:00+09:00,579.5371596276084,582.3687744140625,573.8739300547002,582.3687744140625,2300,0.0,0.0
2018-07-03 00:00:00+09:00,572.9300996907552,577.6494580078125,566.322998046875,566.322998046875,3200,0.0,0.0
2018-07-04 00:00:00+09:00,566.3229762917698,571.9862060546875,563.491361410311,571.9862060546875,2200,0.0,0.0
2018-07-05 00:00:00+09:00,567.2668787982013,571.9862371908652,558.7720336914062,558.7720336914062,4400,0.0,0.0
2018-07-06 00:00:00+09:00,557.8281677346646,572.9301147460938,554.9965526700216,572.9301147460938,3600,0.0,0.0
2018-07-09 00:00:00+09:00,575.761707797525,588.0320392751771,575.761707797525,578.5933227539062,1600,0.0,0.0
2018-07-10 00:00:00+09:00,584.2565438336604,591.8075169365187,584.2565438336604,586.144287109375,1800,0.0,0.0
2018-07-11 00:00:00+09:00,588.9759041783147,592.7513907435604,585.2004176130691,590.8636474609375,3000,0.0,0.0
2018-07-12 00:00:00+09:00,591.8075059744028,591.8075059744028,586.1442762521598,588.9758911132812,800,0.0,0.0
2018-07-13 00:00:00+09:00,593.6952784010201,594.6391500677944,571.0423583984375,571.0423583984375,7200,0.0,0.0
2018-07-16 00:00:00+09:00,571.0423583984375,571.0423583984375,571.0423583984375,571.0423583984375,0,0.0,0.0
2018-07-17 00:00:00+09:00,585.2003953946347,588.9758818165355,570.0984497070312,570.0984497070312,2600,0.0,0.0
2018-07-18 00:00:00+09:00,573.8739145747951,581.4248871349897,573.8739145747951,575.7616577148438,1300,0.0,0.0
2018-07-19 00:00:00+09:00,575.7616577148438,575.7616577148438,575.7616577148438,575.7616577148438,0,0.0,0.0
2018-07-20 00:00:00+09:00,576.705553277177,576.705553277177,574.8178100585938,574.8178100585938,700,0.0,0.0
2018-07-23 00:00:00+09:00,576.705529284868,582.3687587050141,575.7616577148438,575.7616577148438,1500,0.0,0.0
2018-07-24 00:00:00+09:00,577.6494750976562,583.3127052456725,577.6494750976562,577.6494750976562,2100,0.0,0.0
2018-07-25 00:00:00+09:00,584.2565438336604,589.9197736608041,580.4810572822313,586.144287109375,4000,0.0,0.0
2018-07-26 00:00:00+09:00,589.9198036494217,599.3585205078125,586.1443169060655,599.3585205078125,4300,0.0,0.0
2018-07-27 00:00:00+09:00,596.5269165039062,599.3585316138932,589.9198145806035,596.5269165039062,11500,0.0,0.0
2018-07-30 00:00:00+09:00,605.9655643011802,605.9655643011802,582.3687744140625,582.3687744140625,10400,0.0,0.0
2018-07-31 00:00:00+09:00,554.9965380859375,566.322998046875,546.5016931152344,566.322998046875,16200,0.0,0.0
2018-08-01 00:00:00+09:00,569.1545933600144,576.70556640625,568.2107217292348,576.70556640625,2400,0.0,0.0
2018-08-02 00:00:00+09:00,576.70556640625,576.70556640625,576.70556640625,576.70556640625,0,0.0,0.0
2018-08-03 00:00:00+09:00,572.9300798831322,576.70556640625,566.322978467676,576.70556640625,3300,0.0,0.0
2018-08-06 00:00:00+09:00,576.7055471733069,588.9758779642283,576.7055471733069,587.088134765625,5100,0.0,0.0
2018-08-07 00:00:00+09:00,588.0320346548137,632.3940019562203,586.1442913653923,595.5830078125,43900,0.0,0.0
2018-08-08 00:00:00+09:00,614.4604206976489,618.2359071535485,601.2462181020006,605.965576171875,10700,0.0,0.0
2018-08-09 00:00:00+09:00,609.7410888671875,616.3481904493397,609.7410888671875,609.7410888671875,14500,0.0,0.0
2018-08-10 00:00:00+09:00,609.7410430401267,609.7410430401267,566.3229501920681,568.210693359375,22800,0.0,0.0
2018-08-13 00:00:00+09:00,572.9301240185465,576.7056108325073,558.7720484661936,565.379150390625,7300,0.0,0.0
2018-08-14 00:00:00+09:00,565.3791024561929,575.7616903143199,565.3791024561929,567.266845703125,3200,0.0,0.0
2018-08-15 00:00:00+09:00,571.0423563639323,571.0423563639323,566.322998046875,566.322998046875,2900,0.0,0.0
2018-08-16 00:00:00+09:00,566.3229762917698,571.9862060546875,564.435233037464,571.9862060546875,1900,0.0,0.0
2018-08-17 00:00:00+09:00,571.0423453411653,571.0423453411653,562.5475005344372,569.1546020507812,4500,0.0,0.0
2018-08-20 00:00:00+09:00,567.266830187454,570.098444980403,555.9403710156579,560.6597290039062,3800,0.0,0.0
2018-08-21 00:00:00+09:00,560.6596945057745,565.3790522036345,559.7158229662025,564.4351806640625,1400,0.0,0.0
2018-08-22 00:00:00+09:00,556.8842533840948,564.4352263113367,553.1087669204738,557.828125,3800,0.0,0.0
2018-08-23 00:00:00+09:00,559.7158550268928,561.6035982141673,553.108753871432,555.9403686523438,3200,0.0,0.0
2018-08-24 00:00:00+09:00,565.3790761669677,565.3790761669677,558.7719751099246,563.4913330078125,1600,0.0,0.0
2018-08-27 00:00:00+09:00,566.3229828138175,575.7616991940478,559.7158813476562,559.7158813476562,22900,0.0,0.0
2018-08-28 00:00:00+09:00,566.3229585898043,571.0423165780527,560.6597290039062,560.6597290039062,3100,0.0,0.0
2018-08-29 00:00:00+09:00,561.6036487270046,566.3230071196685,556.8842903343407,558.7720336914062,4600,0.0,0.0
2018-08-30 00:00:00+09:00,559.7158704924103,564.4352285909973,559.7158704924103,562.5474853515625,1900,0.0,0.0
2018-08-31 00:00:00+09:00,562.5474375849185,569.1545383619225,562.5474375849185,564.4351806640625,3500,0.0,0.0
2018-09-03 00:00:00+09:00,557.828151055344,561.6036376953125,556.8842793953519,561.6036376953125,4000,0.0,0.0
2018-09-04 00:00:00+09:00,561.6035898486574,566.3229477465452,561.6035898486574,563.4913330078125,3300,0.0,0.0
2018-09-05 00:00:00+09:00,563.4914069836447,565.379150390625,563.4914069836447,565.379150390625,1700,0.0,0.0
2018-09-06 00:00:00+09:00,564.4352045873901,565.3790761669677,561.6035898486574,563.4913330078125,900,0.0,0.0
2018-09-07 00:00:00+09:00,563.4913091244905,565.3790522036345,561.6035660453465,564.4351806640625,2300,0.0,0.0
2018-09-10 00:00:00+09:00,561.6035898486574,563.4913330078125,560.6597182690798,563.4913330078125,1500,0.0,0.0
2018-09-11 00:00:00+09:00,563.4913810152967,564.4352526752889,561.6036376953125,561.6036376953125,1400,0.0,0.0
2018-09-12 00:00:00+09:00,561.603611463621,561.603611463621,557.828125,557.828125,1900,0.0,0.0
2018-09-13 00:00:00+09:00,563.4913171800516,563.4913171800516,554.9964732024629,556.8842163085938,3700,0.0,0.0
2018-09-14 00:00:00+09:00,557.8281118396183,557.8281118396183,554.9964970587065,555.9403686523438,1000,0.0,0.0
2018-09-17 00:00:00+09:00,555.9403686523438,555.9403686523438,555.9403686523438,555.9403686523438,0,0.0,0.0
2018-09-18 00:00:00+09:00,556.884275257078,558.7720185630342,552.1649169921875,552.1649169921875,10100,0.0,0.0
2018-09-19 00:00:00+09:00,554.9965209960938,554.9965209960938,550.2771628243582,554.9965209960938,6700,0.0,0.0
2018-09-20 00:00:00+09:00,551.2210583142568,557.8281600406264,551.2210583142568,554.0526733398438,4600,0.0,0.0
2018-09-21 00:00:00+09:00,554.9965078724936,557.8281227085778,553.1087646484375,553.1087646484375,5300,0.0,0.0
2018-09-24 00:00:00+09:00,553.1087646484375,553.1087646484375,553.1087646484375,553.1087646484375,0,0.0,0.0
2018-09-25 00:00:00+09:00,552.1648975346712,562.5474853515625,547.4455394360843,562.5474853515625,18500,0.0,0.0
2018-09-26 00:00:00+09:00,548.3893803861953,551.2209950869845,547.4455088192655,549.333251953125,6100,0.0,0.0
2018-09-27 00:00:00+09:00,551.221078660753,551.221078660753,543.6701049804688,543.6701049804688,6300,0.0,0.0
2018-09-28 00:00:00+09:00,549.3332999393858,551.2210432381465,547.445556640625,547.445556640625,1000,0.0,0.0
2018-10-01 00:00:00+09:00,547.4455062892656,547.4455062892656,542.7261484764272,544.6138916015625,2000,0.0,0.0
2018-10-02 00:00:00+09:00,546.5017201105753,546.5017201105753,543.6701049804688,543.6701049804688,1000,0.0,0.0
2018-10-03 00:00:00+09:00,545.5578725798233,547.4456160835598,539.8946420686141,542.7262573242188,4300,0.0,0.0
2018-10-04 00:00:00+09:00,544.6139766905043,544.6139766905043,539.8946181403267,543.6701049804688,3000,0.0,0.0
2018-10-05 00:00:00+09:00,540.8385009765625,543.6701161649215,539.8946292471095,540.8385009765625,1200,0.0,0.0
2018-10-08 00:00:00+09:00,540.8385009765625,540.8385009765625,540.8385009765625,540.8385009765625,0,0.0,0.0
2018-10-09 00:00:00+09:00,539.894616335787,540.8384880426678,538.9507446289062,538.9507446289062,1500,0.0,0.0
2018-10-10 00:00:00+09:00,538.9506622261563,544.6138916015625,538.9506622261563,544.6138916015625,1300,0.0,0.0
2018-10-11 00:00:00+09:00,538.0068359375,540.8384508634869,538.0068359375,538.0068359375,2400,0.0,0.0
2018-10-12 00:00:00+09:00,537.0629621387583,538.0068337769635,531.3997323095272,533.2874755859375,2100,0.0,0.0
2018-10-15 00:00:00+09:00,551.2210615442154,551.2210615442154,532.3436279296875,532.3436279296875,4800,0.0,0.0
2018-10-16 00:00:00+09:00,532.3436039477323,533.2874755859375,532.3436039477323,533.2874755859375,800,0.0,0.0
2018-10-17 00:00:00+09:00,534.2314211998457,535.17529296875,534.2314211998457,535.17529296875,1000,0.0,0.0
2018-10-18 00:00:00+09:00,535.1752688985475,536.119140625,525.7365516340228,536.119140625,2600,0.0,0.0
2018-10-19 00:00:00+09:00,529.511999924412,530.4558715820312,528.5681282667928,530.4558715820312,1200,0.0,0.0
2018-10-22 00:00:00+09:00,530.4558453303512,530.4558453303512,521.0171292212701,526.6803588867188,2800,0.0,0.0
2018-10-23 00:00:00+09:00,521.0172119140625,521.9610836747764,517.241724871207,521.0172119140625,2400,0.0,0.0
2018-10-24 00:00:00+09:00,523.8487955369714,536.1191276846841,523.8487955369714,534.2313842773438,2900,0.0,0.0
2018-10-25 00:00:00+09:00,533.2874996104139,536.1191146525931,528.5681412067819,532.3436279296875,2500,0.0,0.0
2018-10-26 00:00:00+09:00,535.1752210115131,541.7823225054824,533.287477727522,538.0068359375,1900,0.0,0.0
2018-10-29 00:00:00+09:00,554.0526581862877,554.0526581862877,544.6139416924839,547.445556640625,6400,0.0,0.0
2018-10-30 00:00:00+09:00,547.445556640625,547.445556640625,547.445556640625,547.445556640625,0,0.0,0.0
2018-10-31 00:00:00+09:00,546.5016849912446,547.445556640625,546.5016849912446,547.445556640625,1100,0.0,0.0
2018-11-01 00:00:00+09:00,550.2771736862313,552.1649169921875,550.2771736862313,552.1649169921875,2500,0.0,0.0
2018-11-02 00:00:00+09:00,551.2210583142568,554.0526733398438,550.2771866390611,554.0526733398438,2100,0.0,0.0
2018-11-05 00:00:00+09:00,553.1088016646481,554.0526733398438,550.2771866390611,554.0526733398438,3600,0.0,0.0
2018-11-06 00:00:00+09:00,553.1087646484375,554.0526362604655,553.1087646484375,553.1087646484375,4500,0.0,0.0
2018-11-07 00:00:00+09:00,553.1087646484375,553.1087646484375,553.1087646484375,553.1087646484375,0,0.0,0.0
2018-11-08 00:00:00+09:00,553.1088016646481,554.9965450150394,551.2210583142568,554.0526733398438,3500,0.0,0.0
2018-11-09 00:00:00+09:00,544.6138677366051,554.9964544698854,544.6138677366051,545.5577392578125,1600,0.0,0.0
2018-11-12 00:00:00+09:00,542.7262573242188,542.7262573242188,541.7823855723506,542.7262573242188,400,0.0,0.0
2018-11-13 00:00:00+09:00,542.7262573242188,542.7262573242188,542.7262573242188,542.7262573242188,0,0.0,0.0
2018-11-14 00:00:00+09:00,538.0068729220255,538.9507446289062,538.0068729220255,538.9507446289062,700,0.0,0.0
2018-11-15 00:00:00+09:00,546.5016807154606,546.5016807154606,533.287477727522,538.0068359375,800,0.0,0.0
2018-11-16 00:00:00+09:00,539.8946420686141,568.2107946246603,538.0068985648777,542.7262573242188,26600,0.0,0.0
2018-11-19 00:00:00+09:00,546.5016741220987,556.8842620587881,546.5016741220987,550.2771606445312,1900,0.0,0.0
2018-11-20 00:00:00+09:00,550.2771606445312,556.8842620587881,550.2771606445312,550.2771606445312,1800,0.0,0.0
2018-11-21 00:00:00+09:00,550.277167283443,550.277167283443,533.287477727522,538.0068359375,2300,0.0,0.0
2018-11-22 00:00:00+09:00,546.5017557210856,546.5017557210856,539.8946533203125,539.8946533203125,800,0.0,0.0
2018-11-23 00:00:00+09:00,539.8946533203125,539.8946533203125,539.8946533203125,539.8946533203125,0,0.0,0.0
2018-11-26 00:00:00+09:00,548.389372331005,556.8842163085938,542.7261430126125,556.8842163085938,1500,0.0,0.0
2018-11-27 00:00:00+09:00,559.715905369939,559.715905369939,552.1649319416769,558.7720336914062,3800,0.0,0.0
2018-11-28 00:00:00+09:00,557.8281600406264,557.8281600406264,554.0526733398438,554.0526733398438,600,0.0,0.0
2018-11-29 00:00:00+09:00,556.8842731344289,556.8842731344289,547.445556640625,547.445556640625,600,0.0,0.0
2018-11-30 00:00:00+09:00,547.445556640625,547.445556640625,547.445556640625,547.445556640625,0,0.0,0.0
2018-12-03 00:00:00+09:00,547.4455479213169,558.7720075334821,547.4455479213169,554.9965209960938,2500,0.0,0.0
2018-12-04 00:00:00+09:00,555.9403710156579,561.603600601556,546.5016550391612,560.6597290039062,2300,0.0,0.0
2018-12-05 00:00:00+09:00,553.1087562227088,560.6597290039062,548.3893982344605,560.6597290039062,2500,0.0,0.0
2018-12-06 00:00:00+09:00,560.6597290039062,561.603600601556,551.2210130274095,560.6597290039062,1800,0.0,0.0
2018-12-07 00:00:00+09:00,560.6597375446619,561.6036091566899,552.1648930364095,553.1087646484375,2300,0.0,0.0
2018-12-10 00:00:00+09:00,545.5577787634445,551.2210083007812,545.5577787634445,551.2210083007812,1900,0.0,0.0
2018-12-11 00:00:00+09:00,552.1649060930524,562.5474940708705,552.1649060930524,554.9965209960938,1900,0.0,0.0
2018-12-12 00:00:00+09:00,556.8842319507695,563.4913330078125,544.613901416261,563.4913330078125,4600,0.0,0.0
2018-12-13 00:00:00+09:00,563.4913810152967,563.4913810152967,553.1087927553834,561.6036376953125,900,0.0,0.0
2018-12-14 00:00:00+09:00,562.5475184166045,562.5475184166045,553.1088016646481,554.0526733398438,1200,0.0,0.0
2018-12-17 00:00:00+09:00,554.0526644153755,564.4352526752889,550.277177775407,561.6036376953125,8200,0.0,0.0
2018-12-18 00:00:00+09:00,560.65972662053,564.435212995079,551.2210106841575,555.9403686523438,3100,0.0,0.0
2018-12-19 00:00:00+09:00,555.9404334617587,556.884305165429,527.6242823516523,534.2313842773438,11500,0.0,0.0
2018-12-20 00:00:00+09:00,534.2313900690009,534.2313900690009,509.69072550752736,517.24169921875,5200,0.0,0.0
2018-12-21 00:00:00+09:00,517.2416870576099,517.2416870576099,495.5326381482576,502.1397399902344,5700,0.0,0.0
2018-12-24 00:00:00+09:00,502.1397399902344,502.1397399902344,502.1397399902344,502.1397399902344,0,0.0,0.0
2018-12-25 00:00:00+09:00,473.82355372891107,478.5429118337807,461.55322265625,461.55322265625,10700,0.0,0.0
2018-12-26 00:00:00+09:00,467.2164838067416,501.19586444723194,461.55325369999326,492.7010192871094,8000,0.0,0.0
2018-12-27 00:00:00+09:00,566.3229318392479,566.3229318392479,538.9506568003509,556.8842163085938,12000,0.0,0.0
2018-12-28 00:00:00+09:00,528.5681107954546,546.5016716974432,519.12939453125,519.12939453125,2000,0.0,0.0
2018-12-31 00:00:00+09:00,519.12939453125,519.12939453125,519.12939453125,519.12939453125,0,0.0,0.0
2019-01-04 00:00:00+09:00,521.0171550058385,542.7262031310818,521.0171550058385,530.4558715820312,2600,0.0,0.0
2019-01-07 00:00:00+09:00,541.7823314734626,541.7823314734626,509.6906951144073,530.4558715820312,3300,0.0,0.0
2019-01-08 00:00:00+09:00,530.4559197562081,532.3436632428851,521.0172023228237,528.5681762695312,2200,0.0,0.0
2019-01-09 00:00:00+09:00,528.5681762695312,528.5681762695312,528.5681762695312,528.5681762695312,0,0.0,0.0
2019-01-10 00:00:00+09:00,537.062919101021,546.501634726698,535.1751759758855,544.6138916015625,2200,0.0,0.0
2019-01-11 00:00:00+09:00,544.6139351392878,563.4913678997484,540.8384485871957,559.7158813476562,5400,0.0,0.0
2019-01-15 00:00:00+09:00,557.8280690335072,557.8280690335072,542.7261246941906,545.5577392578125,2000,0.0,0.0
2019-01-16 00:00:00+09:00,554.9964970587065,555.9403686523438,545.557781122334,555.9403686523438,1800,0.0,0.0
2019-01-17 00:00:00+09:00,555.9404186558079,558.7720336914062,555.9404186558079,558.7720336914062,700,0.0,0.0
2019-01-18 00:00:00+09:00,544.6139565878873,557.8281600406264,544.6139565878873,554.0526733398438,1200,0.0,0.0
2019-01-21 00:00:00+09:00,554.0526493617466,560.6597508021763,539.8945748465402,554.9965209960938,4200,0.0,0.0
2019-01-22 00:00:00+09:00,553.1088108201101,554.0526825109295,546.501708984375,546.501708984375,800,0.0,0.0
2019-01-23 00:00:00+09:00,546.501708984375,546.501708984375,546.501708984375,546.501708984375,0,0.0,0.0
2019-01-24 00:00:00+09:00,546.5016292248743,560.6597025208554,539.8945283534164,556.8842163085938,3700,0.0,0.0
2019-01-25 00:00:00+09:00,553.1088036202096,558.7720336914062,542.726215156349,558.7720336914062,3800,0.0,0.0
2019-01-28 00:00:00+09:00,559.7158902160123,560.6597618689904,550.2771736862313,552.1649169921875,6100,0.0,0.0
2019-01-29 00:00:00+09:00,552.1649391292908,552.1649391292908,543.6700939119171,546.501708984375,500,0.0,0.0
2019-01-30 00:00:00+09:00,549.3333240568329,559.7159126558453,546.501708984375,546.501708984375,1500,0.0,0.0
2019-01-31 00:00:00+09:00,546.5016845903899,632.3940046210038,543.6700696443256,573.8739624023438,65100,0.0,0.0
2019-02-01 00:00:00+09:00,572.9300842799787,591.8075170404393,556.8842664335872,559.7158813476562,8600,0.0,0.0
2019-02-04 00:00:00+09:00,562.5475373009249,568.2107675422094,537.0630012151447,538.9507446289062,6700,0.0,0.0
2019-02-05 00:00:00+09:00,538.9507427956949,543.670101314046,534.2313842773438,534.2313842773438,4200,0.0,0.0
2019-02-06 00:00:00+09:00,522.9048787808199,525.7364936478641,506.8590612009031,514.4100341796875,22600,0.0,0.0
2019-02-07 00:00:00+09:00,514.4100653294565,514.4100653294565,499.3081184573991,501.19586181640625,6800,0.0,0.0
2019-02-08 00:00:00+09:00,498.3642532233905,504.9713550653673,497.42038153167954,502.1397399902344,2000,0.0,0.0
2019-02-12 00:00:00+09:00,498.3642542678086,520.0733032226562,496.4765108804305,520.0733032226562,6900,0.0,0.0
2019-02-13 00:00:00+09:00,520.073290215164,520.073290215164,510.6345735143443,518.185546875,1700,0.0,0.0
2019-02-14 00:00:00+09:00,519.1294190593969,519.1294190593969,503.08360065210644,504.9713439941406,2700,0.0,0.0
2019-02-15 00:00:00+09:00,504.9713330463849,509.6906912991549,502.1397180947229,507.8029479980469,1600,0.0,0.0
2019-02-18 00:00:00+09:00,508.74685202470357,512.5223388671875,504.9713651822197,512.5223388671875,1000,0.0,0.0
2019-02-19 00:00:00+09:00,512.5223148570341,513.4661865234375,512.5223148570341,513.4661865234375,500,0.0,0.0
2019-02-20 00:00:00+09:00,509.69071272965317,516.2978145613339,506.85909765893285,515.3539428710938,1900,0.0,0.0
2019-02-21 00:00:00+09:00,514.4100870051057,514.4100870051057,508.7468566894531,508.7468566894531,1400,0.0,0.0
2019-02-22 00:00:00+09:00,516.2977928530328,516.2977928530328,507.8029479980469,507.8029479980469,1500,0.0,0.0
2019-02-25 00:00:00+09:00,517.2417233203839,517.2417233203839,510.6346210151965,516.2978515625,1400,0.0,0.0
2019-02-26 00:00:00+09:00,516.2977946913221,525.7365112304688,516.2977946913221,525.7365112304688,2500,0.0,0.0
2019-02-27 00:00:00+09:00,521.0171377840909,524.7926242897727,519.12939453125,519.12939453125,5300,0.0,0.0
2019-02-28 00:00:00+09:00,519.1294205317859,523.8487789002567,518.1855488580917,522.9049072265625,1100,0.0,0.0
2019-03-01 00:00:00+09:00,522.9049072265625,522.9049072265625,522.9049072265625,522.9049072265625,0,0.0,0.0
2019-03-04 00:00:00+09:00,523.8487918771428,526.6804069683706,519.1294333917632,524.7926635742188,2200,0.0,0.0
2019-03-05 00:00:00+09:00,524.7926876583615,524.7926876583615,520.0733289563977,523.8488159179688,1500,0.0,0.0
2019-03-06 00:00:00+09:00,523.8487899974124,525.7365333847905,518.1855598352782,520.0733032226562,1500,0.0,0.0
2019-03-07 00:00:00+09:00,520.0733032226562,520.0733032226562,520.0733032226562,520.0733032226562,0,0.0,0.0
2019-03-08 00:00:00+09:00,520.0732794552488,520.0732794552488,506.8590763474929,507.8029479980469,2800,0.0,0.0
2019-03-11 00:00:00+09:00,508.74685202470357,514.4100822884294,508.74685202470357,512.5223388671875,400,0.0,0.0
2019-03-12 00:00:00+09:00,520.0733032226562,520.0733032226562,520.0733032226562,520.0733032226562,600,0.0,0.0
2019-03-13 00:00:00+09:00,520.0733032226562,520.0733032226562,520.0733032226562,520.0733032226562,0,0.0,0.0
2019-03-14 00:00:00+09:00,523.8488159179688,523.8488159179688,521.0172006967905,523.8488159179688,600,0.0,0.0
2019-03-15 00:00:00+09:00,523.8487918771428,524.7926635742188,521.017176785915,524.7926635742188,800,0.0,0.0
2019-03-18 00:00:00+09:00,524.792639576554,525.7365112304688,524.792639576554,525.7365112304688,700,0.0,0.0
2019-03-19 00:00:00+09:00,516.2978183005354,524.7926635742188,516.2978183005354,524.7926635742188,300,0.0,0.0
2019-03-20 00:00:00+09:00,523.8487918771428,524.7926635742188,519.1294333917632,524.7926635742188,1200,0.0,0.0
2019-03-22 00:00:00+09:00,524.7926616911014,525.7365333847905,520.0733032226562,520.0733032226562,2400,0.0,0.0
2019-03-25 00:00:00+09:00,520.0733032226562,520.0733032226562,520.0733032226562,520.0733032226562,0,0.0,0.0
2019-03-26 00:00:00+09:00,521.0172006967905,523.8488159179688,521.0172006967905,523.8488159179688,1700,0.0,0.0
2019-03-27 00:00:00+09:00,531.5382867700913,531.5382867700913,521.9263828501981,522.8875732421875,3700,10.0,0.0
2019-03-28 00:00:00+09:00,523.8487717578827,536.3442470475202,523.8487717578827,535.383056640625,2700,0.0,0.0
2019-03-29 00:00:00+09:00,529.6159055429547,538.26661906362,524.8099535870296,536.34423828125,1900,0.0,0.0
2019-04-01 00:00:00+09:00,531.5383389237999,538.2666723278985,530.5771484375,530.5771484375,1000,0.0,0.0
2019-04-02 00:00:00+09:00,530.5771484375,530.5771484375,530.5771484375,530.5771484375,0,0.0,0.0
2019-04-03 00:00:00+09:00,528.6547241210938,528.6547241210938,528.6547241210938,528.6547241210938,200,0.0,0.0
2019-04-04 00:00:00+09:00,528.6547241210938,528.6547241210938,528.6547241210938,528.6547241210938,0,0.0,0.0
2019-04-05 00:00:00+09:00,528.6547241210938,529.6159145285867,528.6547241210938,528.6547241210938,900,0.0,0.0
2019-04-08 00:00:00+09:00,533.460693359375,533.460693359375,533.460693359375,533.460693359375,100,0.0,0.0
2019-04-09 00:00:00+09:00,528.6547241210938,528.6547241210938,528.6547241210938,528.6547241210938,300,0.0,0.0
2019-04-10 00:00:00+09:00,528.6547241210938,528.6547241210938,528.6547241210938,528.6547241210938,300,0.0,0.0
2019-04-11 00:00:00+09:00,534.421909502879,537.3054809570312,534.421909502879,537.3054809570312,2500,0.0,0.0
2019-04-12 00:00:00+09:00,532.4994767165098,536.34423828125,530.5770959341397,536.34423828125,900,0.0,0.0
2019-04-15 00:00:00+09:00,536.344264674831,536.344264674831,527.6935507284628,533.460693359375,1800,0.0,0.0
2019-04-16 00:00:00+09:00,536.3442470475202,536.3442470475202,528.6547237923586,535.383056640625,600,0.0,0.0
2019-04-17 00:00:00+09:00,534.4218843557538,534.4218843557538,526.7323608398438,526.7323608398438,2800,0.0,0.0
2019-04-18 00:00:00+09:00,529.6159145285867,529.6159145285867,523.8487720836292,528.6547241210938,2300,0.0,0.0
2019-04-19 00:00:00+09:00,526.7323260106078,526.7323260106078,523.8487548828125,523.8487548828125,200,0.0,0.0
2019-04-22 00:00:00+09:00,519.0428378797944,525.7711709634214,518.0816474392763,520.0040283203125,2300,0.0,0.0
2019-04-23 00:00:00+09:00,523.8488078780873,523.8488078780873,518.0816650390625,518.0816650390625,800,0.0,0.0
2019-04-24 00:00:00+09:00,520.0040195366553,521.9264003852196,517.1204482638088,520.9652099609375,1300,0.0,0.0
2019-04-25 00:00:00+09:00,518.0816303082366,520.965201534442,515.1980590820312,515.1980590820312,4100,0.0,0.0
2019-04-26 00:00:00+09:00,514.2368943956163,522.8876085069444,512.3145134819879,519.0428466796875,2500,0.0,0.0
2019-05-07 00:00:00+09:00,535.3830747952426,536.3442652347314,526.7323608398438,526.7323608398438,6000,0.0,0.0
2019-05-08 00:00:00+09:00,522.8875730206443,529.6159057617188,522.8875730206443,529.6159057617188,1000,0.0,0.0
2019-05-09 00:00:00+09:00,529.6159499171889,533.4607118040651,523.8488070868747,524.8099975585938,3400,0.0,0.0
2019-05-10 00:00:00+09:00,528.6547241210938,528.6547241210938,521.9263912686434,528.6547241210938,1500,0.0,0.0
2019-05-13 00:00:00+09:00,527.6935252021341,527.6935252021341,520.0040020662195,522.8875732421875,1200,0.0,0.0
2019-05-14 00:00:00+09:00,516.1592404982623,522.8875732421875,516.1592404982623,522.8875732421875,1100,0.0,0.0
2019-05-15 00:00:00+09:00,520.965183867841,520.965183867841,514.2368512348614,517.1204223632812,2700,0.0,0.0
2019-05-16 00:00:00+09:00,517.1204664505892,520.004037824849,512.3145141601562,512.3145141601562,1900,0.0,0.0
2019-05-17 00:00:00+09:00,518.0816650390625,519.0428555122334,508.4697603073545,518.0816650390625,6300,0.0,0.0
2019-05-20 00:00:00+09:00,514.2368774414062,524.8099721177716,514.2368774414062,514.2368774414062,900,0.0,0.0
2019-05-21 00:00:00+09:00,516.1592319871413,517.1204223632812,516.1592319871413,517.1204223632812,500,0.0,0.0
2019-05-22 00:00:00+09:00,520.9652008611506,528.6547241210938,517.120439231179,528.6547241210938,6100,0.0,0.0
2019-05-23 00:00:00+09:00,532.4994769364649,533.460667328047,520.9651922374801,529.6159057617188,2200,0.0,0.0
2019-05-24 00:00:00+09:00,528.6547674649004,540.1890533004982,528.6547674649004,530.5771484375,7000,0.0,0.0
2019-05-27 00:00:00+09:00,549.8009398973376,549.8009398973376,531.538321264384,532.49951171875,4200,0.0,0.0
2019-05-28 00:00:00+09:00,533.460711018733,533.460711018733,531.538330078125,531.538330078125,1000,0.0,0.0
2019-05-29 00:00:00+09:00,528.6547153701366,529.6159057617188,528.6547153701366,529.6159057617188,1000,0.0,0.0
2019-05-30 00:00:00+09:00,529.6159057617188,529.6159057617188,529.6159057617188,529.6159057617188,0,0.0,0.0
2019-05-31 00:00:00+09:00,537.305428672435,538.26661906362,529.6159055429547,536.34423828125,1200,0.0,0.0
2019-06-03 00:00:00+09:00,528.6547499012861,533.4607021731159,519.0428453576263,532.49951171875,2900,0.0,0.0
2019-06-04 00:00:00+09:00,529.6159141992538,536.3442470475202,526.7323429785682,535.383056640625,1700,0.0,0.0
2019-06-05 00:00:00+09:00,532.49951171875,532.49951171875,532.49951171875,532.49951171875,100,0.0,0.0
2019-06-06 00:00:00+09:00,536.344264674831,543.0725977442286,532.4995029208897,533.460693359375,2300,0.0,0.0
2019-06-07 00:00:00+09:00,534.4218837978603,539.2278359902872,533.460693359375,533.460693359375,1700,0.0,0.0
2019-06-10 00:00:00+09:00,533.4607021731159,533.4607021731159,530.577130810018,532.49951171875,900,0.0,0.0
2019-06-11 00:00:00+09:00,527.6935416131842,583.4425860823366,527.6935416131842,541.1502075195312,23200,0.0,0.0
2019-06-12 00:00:00+09:00,560.3740041632401,637.2692362954172,559.4128137615879,602.6663818359375,370900,0.0,0.0
2019-06-13 00:00:00+09:00,625.7349771189135,631.5021197651707,583.4425977130269,619.9678344726562,158300,0.0,0.0
2019-06-14 00:00:00+09:00,594.0156243865813,601.7051470323623,569.9858661185158,573.8306274414062,47900,0.0,0.0
2019-06-17 00:00:00+09:00,583.4426130234988,593.0545176861593,548.8397562379206,551.7233276367188,20700,0.0,0.0
2019-06-18 00:00:00+09:00,553.6457085692508,577.6754702259024,551.7233276367188,551.7233276367188,14200,0.0,0.0
2019-06-19 00:00:00+09:00,557.4904621822733,561.3352239904269,544.9949863057741,545.9561767578125,6400,0.0,0.0
2019-06-20 00:00:00+09:00,545.9561504624562,552.6844833026626,543.0725792452249,548.8397216796875,4200,0.0,0.0
2019-06-21 00:00:00+09:00,555.5681073382184,562.2964408180931,549.8009643554688,549.8009643554688,5400,0.0,0.0
2019-06-24 00:00:00+09:00,556.5292010822591,567.1022947124919,554.6068204222167,560.3739624023438,8400,0.0,0.0
2019-06-25 00:00:00+09:00,560.3740059094551,562.29638671875,556.5292442908653,562.29638671875,1900,0.0,0.0
2019-06-26 00:00:00+09:00,569.9859176257424,581.5202026367188,550.7621092741155,581.5202026367188,8600,0.0,0.0
2019-06-27 00:00:00+09:00,595.9380139802631,595.9380139802631,559.4127808653437,566.14111328125,24800,0.0,0.0
2019-06-28 00:00:00+09:00,567.1023387419872,567.1023387419872,561.3351963141025,562.29638671875,700,0.0,0.0
2019-07-01 00:00:00+09:00,564.21875,574.7918441226576,564.21875,564.21875,1500,0.0,0.0
2019-07-02 00:00:00+09:00,564.2187675280449,564.2187675280449,560.3740059094551,562.29638671875,1200,0.0,0.0
2019-07-03 00:00:00+09:00,560.3739798409598,560.3739798409598,558.4515991210938,558.4515991210938,1800,0.0,0.0
2019-07-04 00:00:00+09:00,557.4904087611607,558.4515991210938,554.6068376813616,558.4515991210938,1900,0.0,0.0
2019-07-05 00:00:00+09:00,558.4516609005811,558.4516609005811,549.8009467041866,551.7233276367188,4800,0.0,0.0
2019-07-08 00:00:00+09:00,560.3740053001748,587.2873366010408,552.6844820713559,575.7530517578125,13200,0.0,0.0
2019-07-09 00:00:00+09:00,582.4813581194196,582.4813581194196,570.9470738002232,578.6365966796875,3600,0.0,0.0
2019-07-10 00:00:00+09:00,572.8694718424479,576.7142333984375,572.8694718424479,576.7142333984375,1100,0.0,0.0
2019-07-11 00:00:00+09:00,575.7530169384199,579.5977783203125,573.8306362474735,579.5977783203125,2400,0.0,0.0
2019-07-12 00:00:00+09:00,576.7142421614149,576.7142421614149,575.7530517578125,575.7530517578125,1600,0.0,0.0
2019-07-16 00:00:00+09:00,575.7530430094401,576.7142333984375,575.7530430094401,576.7142333984375,2200,0.0,0.0
2019-07-17 00:00:00+09:00,579.5977603505711,579.5977603505711,561.3351443527919,568.0634765625,4200,0.0,0.0
2019-07-18 00:00:00+09:00,575.7530083056317,581.5201502919987,571.9082469813872,580.5589599609375,4000,0.0,0.0
2019-07-19 00:00:00+09:00,576.714242471231,578.6366232794685,569.0247192382812,569.0247192382812,1000,0.0,0.0
2019-07-22 00:00:00+09:00,573.8306184565355,573.8306184565355,564.2187152998097,568.0634765625,2400,0.0,0.0
2019-07-23 00:00:00+09:00,568.063519897461,576.7142333984375,568.063519897461,576.7142333984375,2400,0.0,0.0
2019-07-24 00:00:00+09:00,577.6754149386758,584.4037475585938,577.6754149386758,584.4037475585938,1800,0.0,0.0
2019-07-25 00:00:00+09:00,584.4037734885621,588.24853515625,580.5590118208742,588.24853515625,3000,0.0,0.0
2019-07-26 00:00:00+09:00,588.2484916303687,593.054443359375,584.4037302471637,593.054443359375,3000,0.0,0.0
2019-07-29 00:00:00+09:00,602.6663914100797,602.6663914100797,582.4813926547182,588.24853515625,9400,0.0,0.0
2019-07-30 00:00:00+09:00,590.1708897040143,594.9768415745681,590.1708897040143,591.132080078125,2100,0.0,0.0
2019-07-31 00:00:00+09:00,591.1320890272665,592.0932794159287,583.4425659179688,583.4425659179688,2800,0.0,0.0
2019-08-01 00:00:00+09:00,599.782775678791,599.782775678791,583.4425398029265,586.3261108398438,3000,0.0,0.0
2019-08-02 00:00:00+09:00,583.4425398029265,586.3261108398438,582.4813494572874,586.3261108398438,800,0.0,0.0
2019-08-05 00:00:00+09:00,581.5201853434245,589.2097084554036,576.7142333984375,576.7142333984375,1100,0.0,0.0
2019-08-06 00:00:00+09:00,571.9082641601562,571.9082641601562,570.9470738002232,571.9082641601562,1400,0.0,0.0
2019-08-07 00:00:00+09:00,575.7530168366912,579.5977782179045,572.8694458007812,572.8694458007812,1400,0.0,0.0
2019-08-08 00:00:00+09:00,572.8694373124482,580.5589599609375,572.8694373124482,580.5589599609375,200,0.0,0.0
2019-08-09 00:00:00+09:00,587.2872924804688,591.1320538060364,581.5201504921172,587.2872924804688,5200,0.0,0.0
2019-08-13 00:00:00+09:00,595.9380318497539,602.6663644674123,591.1320799799978,597.8604125976562,6000,0.0,0.0
2019-08-14 00:00:00+09:00,602.666373088861,603.6275634765625,600.7439923134579,603.6275634765625,2800,0.0,0.0
2019-08-15 00:00:00+09:00,586.3261452951739,595.9380493164062,586.3261452951739,595.9380493164062,3500,0.0,0.0
2019-08-16 00:00:00+09:00,593.054452078683,599.7827845982142,591.1320713588169,598.8215942382812,3600,0.0,0.0
2019-08-19 00:00:00+09:00,598.8215942382812,610.3558785574777,598.8215942382812,605.5499267578125,9800,0.0,0.0
2019-08-20 00:00:00+09:00,623.8125785815845,627.657340236941,609.3947223739978,621.8901977539062,13800,0.0,0.0
2019-08-21 00:00:00+09:00,622.8513620237169,628.6185042646773,617.0842197827566,618.04541015625,6100,0.0,0.0
2019-08-22 00:00:00+09:00,621.8901539362743,624.7737249746186,599.7827759756339,606.5111083984375,8700,0.0,0.0
2019-08-23 00:00:00+09:00,599.7828271713615,619.9678261627054,599.7828271713615,614.20068359375,3500,0.0,0.0
2019-08-26 00:00:00+09:00,614.2006311673558,614.2006311673558,595.9380145911747,606.5111083984375,4100,0.0,0.0
2019-08-27 00:00:00+09:00,616.1230383204662,616.1230383204662,606.5111344465121,610.3558959960938,5900,0.0,0.0
2019-08-28 00:00:00+09:00,610.3558785574777,612.2782592773438,605.5499267578125,605.5499267578125,1600,0.0,0.0
2019-08-29 00:00:00+09:00,600.7440105762357,601.7052009931577,583.4425830716401,588.24853515625,10700,0.0,0.0
2019-08-30 00:00:00+09:00,588.2485178612799,591.1320890272665,583.4425659179688,583.4425659179688,3100,0.0,0.0
2019-09-02 00:00:00+09:00,585.3649204942046,590.1708722224001,583.4425398029265,586.3261108398438,2200,0.0,0.0
2019-09-03 00:00:00+09:00,586.3261370839554,588.2485178612799,581.5201851406442,583.4425659179688,3100,0.0,0.0
2019-09-04 00:00:00+09:00,583.4425571843198,585.3649379328677,577.6754149386758,584.4037475585938,3300,0.0,0.0
2019-09-05 00:00:00+09:00,581.5201764357718,586.3261283071417,580.5589860614978,584.4037475585938,2500,0.0,0.0
2019-09-06 00:00:00+09:00,584.403756306631,587.2873274726176,581.5201851406442,583.4425659179688,1600,0.0,0.0
2019-09-09 00:00:00+09:00,583.4425572857086,591.132080281237,576.7142246646214,577.6754150390625,7800,0.0,0.0
2019-09-10 00:00:00+09:00,578.6365879748394,582.4813493567319,577.6753976293662,579.5977783203125,1900,0.0,0.0
2019-09-11 00:00:00+09:00,579.5977783203125,583.4425397022052,579.5977783203125,579.5977783203125,2000,0.0,0.0
2019-09-12 00:00:00+09:00,579.597821801556,583.4425834718814,578.6366313839746,581.5202026367188,2900,0.0,0.0
2019-09-13 00:00:00+09:00,583.4425659179688,583.4425659179688,580.558994751982,583.4425659179688,800,0.0,0.0
2019-09-17 00:00:00+09:00,581.5201938742458,585.3649554866375,581.5201938742458,582.4813842773438,2600,0.0,0.0
2019-09-18 00:00:00+09:00,583.4425659179688,585.3649466952932,583.4425659179688,583.4425659179688,1100,0.0,0.0
2019-09-19 00:00:00+09:00,584.4037388392857,586.3261195591517,581.5201677594866,585.3649291992188,3900,0.0,0.0
2019-09-20 00:00:00+09:00,587.2873010840977,588.2484914295709,578.6365879748394,579.5977783203125,6800,0.0,0.0
2019-09-24 00:00:00+09:00,582.4813755293065,584.403756306631,580.558994751982,583.4425659179688,2700,0.0,0.0
2019-09-25 00:00:00+09:00,586.3261283071417,595.9380320498818,584.4037475585938,584.4037475585938,12100,0.0,0.0
2019-09-26 00:00:00+09:00,585.3649380345908,589.2096995323549,577.6754150390625,577.6754150390625,11400,0.0,0.0
2019-09-27 00:00:00+09:00,575.7530255998884,575.7530255998884,565.179931640625,571.9082641601562,9100,0.0,0.0
2019-09-30 00:00:00+09:00,570.9470738002232,570.9470738002232,558.4515991210938,558.4515991210938,3500,0.0,0.0
2019-10-01 00:00:00+09:00,558.4516430960762,558.4516430960762,551.7233100467258,553.6456909179688,1200,0.0,0.0
2019-10-02 00:00:00+09:00,553.6456212088389,563.2575243548256,553.6456212088389,554.6068115234375,3200,0.0,0.0
2019-10-03 00:00:00+09:00,552.6844742796376,558.4516166199469,552.6844742796376,556.5292358398438,600,0.0,0.0
2019-10-04 00:00:00+09:00,554.6068028644708,555.5679931640625,554.6068028644708,555.5679931640625,300,0.0,0.0
2019-10-07 00:00:00+09:00,554.6069079227681,564.2188127394538,550.7621459960938,550.7621459960938,1900,0.0,0.0
2019-10-08 00:00:00+09:00,550.7621468587814,556.5292897578263,544.0338134765625,544.0338134765625,2900,0.0,0.0
2019-10-09 00:00:00+09:00,544.0338134765625,544.9950039597367,544.0338134765625,544.0338134765625,800,0.0,0.0
2019-10-10 00:00:00+09:00,544.0337881827139,545.9561690596847,527.6935507284628,533.460693359375,7600,0.0,0.0
2019-10-11 00:00:00+09:00,533.4606939162651,533.4606939162651,506.5473616105796,526.7323608398438,7000,0.0,0.0
2019-10-15 00:00:00+09:00,528.6547417188212,528.6547417188212,524.8099799608661,526.7323608398438,1200,0.0,0.0
2019-10-16 00:00:00+09:00,526.7323260106078,526.7323260106078,523.8487548828125,523.8487548828125,2100,0.0,0.0
2019-10-17 00:00:00+09:00,524.8099874404662,541.1502251446566,524.8099874404662,539.2278442382812,7900,0.0,0.0
2019-10-18 00:00:00+09:00,548.8397562379206,557.4904704343151,544.9949943728564,551.7233276367188,8700,0.0,0.0
2019-10-21 00:00:00+09:00,551.7233283902392,551.7233283902392,536.3442809089781,544.9949951171875,6000,0.0,0.0
2019-10-23 00:00:00+09:00,554.6068729869106,554.6068729869106,541.1502070912144,547.8785400390625,700,0.0,0.0
2019-10-24 00:00:00+09:00,552.6844921446683,552.6844921446683,545.9561591968202,547.8785400390625,3300,0.0,0.0
2019-10-25 00:00:00+09:00,547.878574551088,550.7621459960938,533.4607173260594,550.7621459960938,6700,0.0,0.0
2019-10-28 00:00:00+09:00,564.2187587490668,564.2187587490668,556.5292356315326,563.257568359375,4700,0.0,0.0
2019-10-29 00:00:00+09:00,564.2187325909911,567.1023036263795,557.4904001750849,566.14111328125,2600,0.0,0.0
2019-10-30 00:00:00+09:00,566.1411480259251,569.0247192382812,560.3740056012128,569.0247192382812,2200,0.0,0.0
2019-10-31 00:00:00+09:00,575.7530255998884,613.2394496372767,572.8694545200892,592.09326171875,31800,0.0,0.0
2019-11-01 00:00:00+09:00,584.4037210793551,584.4037210793551,573.8306274414062,573.8306274414062,4900,0.0,0.0
2019-11-05 00:00:00+09:00,573.8306448800223,573.8306448800223,563.257550920759,565.179931640625,2100,0.0,0.0
2019-11-06 00:00:00+09:00,565.1799403747871,569.9858922487223,564.21875,564.21875,1600,0.0,0.0
2019-11-07 00:00:00+09:00,561.3351440429688,561.3351440429688,561.3351440429688,561.3351440429688,700,0.0,0.0
2019-11-08 00:00:00+09:00,567.1023387419872,569.9859099559295,562.29638671875,562.29638671875,2900,0.0,0.0
2019-11-11 00:00:00+09:00,568.0635114991483,568.0635114991483,564.21875,564.21875,1000,0.0,0.0
2019-11-12 00:00:00+09:00,575.7530078952595,575.7530078952595,567.102294921875,567.102294921875,3000,0.0,0.0
2019-11-13 00:00:00+09:00,569.9859096424,569.9859096424,561.3351960053316,569.0247192382812,1600,0.0,0.0
2019-11-14 00:00:00+09:00,566.1411483373397,566.1411483373397,562.29638671875,562.29638671875,500,0.0,0.0
2019-11-15 00:00:00+09:00,562.2963605608259,567.102312360491,558.4515991210938,558.4515991210938,2500,0.0,0.0
2019-11-18 00:00:00+09:00,558.4516166199469,558.4516166199469,556.5292358398438,556.5292358398438,1100,0.0,0.0
2019-11-19 00:00:00+09:00,556.5292542696423,558.4516351134062,540.1890170976493,541.1502075195312,6500,0.0,0.0
2019-11-20 00:00:00+09:00,544.9950031060823,550.7621459960938,544.0338126244137,550.7621459960938,1300,0.0,0.0
2019-11-21 00:00:00+09:00,557.4904793677738,563.2576222577852,550.7621459960938,550.7621459960938,3800,0.0,0.0
2019-11-22 00:00:00+09:00,550.7621196111044,553.6456909179688,550.7621196111044,553.6456909179688,1300,0.0,0.0
2019-11-25 00:00:00+09:00,557.4904087611607,559.4127894810267,557.4904087611607,558.4515991210938,1700,0.0,0.0
2019-11-26 00:00:00+09:00,557.4904000718159,560.3739711066702,553.6456386920103,559.4127807617188,2500,0.0,0.0
2019-11-27 00:00:00+09:00,562.2963430623861,562.2963430623861,560.3739624023438,560.3739624023438,500,0.0,0.0
2019-11-28 00:00:00+09:00,560.3739624023438,564.2187237224284,560.3739624023438,560.3739624023438,1000,0.0,0.0
2019-11-29 00:00:00+09:00,560.3739624023438,564.2187237224284,560.3739624023438,560.3739624023438,1000,0.0,0.0
2019-12-02 00:00:00+09:00,560.3739537278267,561.3351440429688,560.3739537278267,561.3351440429688,700,0.0,0.0
2019-12-03 00:00:00+09:00,561.3351702008929,561.3351702008929,558.4515991210938,558.4515991210938,900,0.0,0.0
2019-12-04 00:00:00+09:00,557.4904615319293,557.4904615319293,552.6845092773438,552.6845092773438,1400,0.0,0.0
2019-12-05 00:00:00+09:00,557.4904615319293,557.4904615319293,552.6845092773438,552.6845092773438,1400,0.0,0.0
2019-12-06 00:00:00+09:00,557.4904704343151,557.4904704343151,549.8009467041866,551.7233276367188,2700,0.0,0.0
2019-12-09 00:00:00+09:00,555.5680107522379,562.2963430623861,551.7232494321532,560.3739624023438,2700,0.0,0.0
2019-12-10 00:00:00+09:00,564.2187239307468,571.9082465737553,561.3351529396186,567.102294921875,4600,0.0,0.0
2019-12-11 00:00:00+09:00,558.4516251001603,562.29638671875,558.4516251001603,562.29638671875,2000,0.0,0.0
2019-12-12 00:00:00+09:00,556.5292354281395,575.7530432149491,556.5292354281395,569.9859008789062,12400,0.0,0.0
2019-12-13 00:00:00+09:00,566.1411306464712,570.9470825195312,566.1411306464712,570.9470825195312,3800,0.0,0.0
2019-12-16 00:00:00+09:00,565.1799142611228,568.063485252251,565.1799142611228,567.102294921875,1000,0.0,0.0
2019-12-17 00:00:00+09:00,567.102312360491,572.8694545200892,567.102312360491,571.9082641601562,4100,0.0,0.0
2019-12-18 00:00:00+09:00,576.7142331973332,583.4425659179688,572.8694716426843,583.4425659179688,11300,0.0,0.0
2019-12-19 00:00:00+09:00,578.6365792988151,580.5589599609375,577.6753889677541,580.5589599609375,1400,0.0,0.0
2019-12-20 00:00:00+09:00,582.4813842773438,582.4813842773438,578.636622664952,582.4813842773438,3300,0.0,0.0
2019-12-23 00:00:00+09:00,582.4813669112676,582.4813669112676,572.8694631668573,577.6754150390625,2200,0.0,0.0
2019-12-24 00:00:00+09:00,579.5977696298763,594.0156245957937,579.5977696298763,580.5589599609375,18200,0.0,0.0
2019-12-25 00:00:00+09:00,583.4425484793527,594.015642438616,583.4425484793527,592.09326171875,5900,0.0,0.0
2019-12-26 00:00:00+09:00,588.24853515625,592.093296823938,586.3261543224061,588.24853515625,6200,0.0,0.0
2019-12-27 00:00:00+09:00,578.6365792988151,583.442530954121,571.9082469813872,580.5589599609375,9700,0.0,0.0
2019-12-30 00:00:00+09:00,579.5978133722219,579.5978133722219,573.8306709506078,575.7530517578125,1900,0.0,0.0
2020-01-06 00:00:00+09:00,574.7918528256087,577.6754239936301,569.9859008789062,569.9859008789062,1800,0.0,0.0
2020-01-07 00:00:00+09:00,573.8306448800223,573.8306448800223,569.0246930803571,571.9082641601562,1800,0.0,0.0
2020-01-08 00:00:00+09:00,571.9082555565273,584.4037300476783,569.985874865581,579.5977783203125,17800,0.0,0.0
2020-01-09 00:00:00+09:00,571.9082555565273,584.4037300476783,569.985874865581,579.5977783203125,17800,0.0,0.0
2020-01-10 00:00:00+09:00,579.5977870396205,579.5977870396205,569.9858834402902,571.9082641601562,2000,0.0,0.0
2020-01-14 00:00:00+09:00,578.636570346794,578.636570346794,574.7918090820312,574.7918090820312,300,0.0,0.0
2020-01-15 00:00:00+09:00,578.636570346794,578.636570346794,574.7918090820312,574.7918090820312,300,0.0,0.0
2020-01-16 00:00:00+09:00,577.6754063197544,577.6754063197544,569.9858834402902,571.9082641601562,1600,0.0,0.0
2020-01-17 00:00:00+09:00,577.6754151418153,577.6754151418153,570.9470825195312,570.9470825195312,500,0.0,0.0
2020-01-20 00:00:00+09:00,570.9470738002232,574.7918352399554,570.9470738002232,571.9082641601562,1000,0.0,0.0
2020-01-21 00:00:00+09:00,571.9082901434031,576.7142421614149,571.9082901434031,575.7530517578125,1600,0.0,0.0
2020-01-22 00:00:00+09:00,575.7530083056317,580.5589599609375,575.7530083056317,580.5589599609375,1900,0.0,0.0
2020-01-23 00:00:00+09:00,580.5589949544271,580.5589949544271,575.7530430094401,576.7142333984375,900,0.0,0.0
2020-01-24 00:00:00+09:00,576.7141986366929,580.5589599609375,576.7141986366929,580.5589599609375,2500,0.0,0.0
2020-01-27 00:00:00+09:00,583.4425746804417,584.4037650835396,582.4813842773438,582.4813842773438,600,0.0,0.0
2020-01-28 00:00:00+09:00,583.4425746804417,584.4037650835396,582.4813842773438,582.4813842773438,600,0.0,0.0
2020-01-29 00:00:00+09:00,579.5977783203125,582.4813493567319,579.5977783203125,579.5977783203125,800,0.0,0.0
2020-01-30 00:00:00+09:00,579.5977606629847,582.4813316115568,574.7918090820312,574.7918090820312,2500,0.0,0.0
2020-01-31 00:00:00+09:00,573.8306448800223,590.170880998884,573.8306448800223,578.6365966796875,9900,0.0,0.0
2020-02-03 00:00:00+09:00,573.8306178154111,576.7141887592071,541.150147119056,554.6068115234375,7300,0.0,0.0
2020-02-04 00:00:00+09:00,554.6068291396965,568.0634939715089,554.6068291396965,566.14111328125,2200,0.0,0.0
2020-02-05 00:00:00+09:00,560.3739969855014,569.9859008789062,560.3739969855014,569.9859008789062,1800,0.0,0.0
2020-02-06 00:00:00+09:00,569.0246930803571,569.0246930803571,565.179931640625,565.179931640625,800,0.0,0.0
2020-02-07 00:00:00+09:00,564.2187587490668,567.102329918142,563.257568359375,563.257568359375,600,0.0,0.0
2020-02-10 00:00:00+09:00,563.2575333924073,564.2187237224284,560.3739624023438,560.3739624023438,500,0.0,0.0
2020-02-12 00:00:00+09:00,552.6844833026626,554.6068641141501,548.8397216796875,548.8397216796875,2100,0.0,0.0
2020-02-13 00:00:00+09:00,552.6844833026626,554.6068641141501,548.8397216796875,548.8397216796875,2100,0.0,0.0
2020-02-14 00:00:00+09:00,547.8785665199239,557.4904711957121,544.9949951171875,544.9949951171875,2100,0.0,0.0
2020-02-17 00:00:00+09:00,544.9949083774508,556.5291921526349,544.9949083774508,554.6068115234375,2700,0.0,0.0
2020-02-18 00:00:00+09:00,548.8397481139277,551.7233194700428,540.189034045582,545.9561767578125,2600,0.0,0.0
2020-02-19 00:00:00+09:00,547.8785488349902,547.8785488349902,546.9173583984375,546.9173583984375,200,0.0,0.0
2020-02-20 00:00:00+09:00,547.8785488349902,547.8785488349902,546.9173583984375,546.9173583984375,200,0.0,0.0
2020-02-21 00:00:00+09:00,544.995011869844,549.8009643554688,544.995011869844,549.8009643554688,500,0.0,0.0
2020-02-25 00:00:00+09:00,544.994995880127,549.8009482247489,538.2666625976562,538.2666625976562,2200,0.0,0.0
2020-02-26 00:00:00+09:00,538.2666705775176,545.9561944429108,535.3830991279953,544.0338134765625,4000,0.0,0.0
2020-02-27 00:00:00+09:00,554.606883585018,554.606883585018,526.7323608398438,526.7323608398438,6300,0.0,0.0
2020-02-28 00:00:00+09:00,509.43089995185136,509.43089995185136,478.6728078792868,483.478759765625,9100,0.0,0.0
2020-03-02 00:00:00+09:00,466.17735275995165,508.4697311546689,466.17735275995165,504.6249694824219,3500,0.0,0.0
2020-03-03 00:00:00+09:00,504.62496563068873,504.62496563068873,492.12949029126213,495.0130615234375,2000,0.0,0.0
2020-03-04 00:00:00+09:00,480.59519709678904,489.24591064453125,480.59519709678904,489.24591064453125,800,0.0,0.0
2020-03-05 00:00:00+09:00,489.245906182897,495.9742388808936,489.245906182897,493.0906677246094,600,0.0,0.0
2020-03-06 00:00:00+09:00,492.1294731610338,492.1294731610338,483.478759765625,483.478759765625,1000,0.0,0.0
2020-03-09 00:00:00+09:00,467.1385592536447,479.63403511845416,458.48784519339205,459.44903564453125,6400,0.0,0.0
2020-03-10 00:00:00+09:00,413.31185477120533,429.652090890067,392.16566685267856,410.42828369140625,32000,0.0,0.0
2020-03-11 00:00:00+09:00,418.11782385059263,447.9147262399452,413.31187185230993,421.96258544921875,6400,0.0,0.0
2020-03-12 00:00:00+09:00,421.9625680106027,421.9625680106027,403.699951171875,403.699951171875,5000,0.0,0.0
2020-03-13 00:00:00+09:00,349.8733119511667,372.94188196992496,349.8733119511667,364.2911682128906,8900,0.0,0.0
2020-03-16 00:00:00+09:00,371.9806737223948,389.2821004071574,366.2135314941406,366.2135314941406,8300,0.0,0.0
2020-03-17 00:00:00+09:00,365.2523623272815,378.7090283077603,365.2523623272815,373.903076171875,6200,0.0,0.0
2020-03-18 00:00:00+09:00,384.47615578266084,435.4192464238634,384.47615578266084,425.8073425292969,4400,0.0,0.0
2020-03-19 00:00:00+09:00,424.8461346194805,425.8073249692983,414.2730407714844,414.2730407714844,1700,0.0,0.0
2020-03-23 00:00:00+09:00,403.6999597683759,421.001386615592,403.6999597683759,409.46710205078125,1400,0.0,0.0
2020-03-24 00:00:00+09:00,419.0790055708452,430.6132901278409,419.0790055708452,422.92376708984375,2000,0.0,0.0
2020-03-25 00:00:00+09:00,428.69091743800954,442.1475830078125,428.69091743800954,442.1475830078125,1900,0.0,0.0
2020-03-26 00:00:00+09:00,437.34164294074566,457.5266418457031,433.49688124456327,457.5266418457031,2600,0.0,0.0
2020-03-27 00:00:00+09:00,501.7413817615044,501.7413817615044,457.526623981755,472.9056701660156,4400,0.0,0.0
2020-03-30 00:00:00+09:00,434.6415274204352,459.1698303222656,434.6415274204352,459.1698303222656,2200,10.0,0.0
2020-03-31 00:00:00+09:00,452.301908864495,454.26417311119565,437.5849270142403,448.37738037109375,1300,0.0,0.0
2020-04-01 00:00:00+09:00,458.1887016045969,458.1887016045969,448.37738037109375,448.37738037109375,400,0.0,0.0
2020-04-02 00:00:00+09:00,439.547186622191,440.52831873518693,436.6037902832031,436.6037902832031,2300,0.0,0.0
2020-04-03 00:00:00+09:00,457.20755956354645,457.20755956354645,424.8302001953125,424.8302001953125,3100,0.0,0.0
2020-04-06 00:00:00+09:00,424.83020180150083,430.71699443616365,424.83020180150083,428.7547302246094,1300,0.0,0.0
2020-04-07 00:00:00+09:00,442.49057647160123,442.49057647160123,431.69812338692805,439.54718017578125,1200,0.0,0.0
2020-04-08 00:00:00+09:00,438.5660383168515,445.4339628542519,432.6792458562227,434.6415100097656,2200,0.0,0.0
2020-04-09 00:00:00+09:00,446.41510812859786,447.396240234375,445.43397602282073,447.396240234375,1000,0.0,0.0
2020-04-10 00:00:00+09:00,452.301908864495,452.301908864495,444.45285187769247,448.37738037109375,800,0.0,0.0
2020-04-13 00:00:00+09:00,442.4905733927143,450.3396301269531,441.50944130093444,450.3396301269531,1300,0.0,0.0
2020-04-14 00:00:00+09:00,450.3396237856382,453.28302001953125,450.3396237856382,453.28302001953125,500,0.0,0.0
2020-04-15 00:00:00+09:00,456.2264081247458,468.981124911029,451.32074782232917,452.3018798828125,6700,0.0,0.0
2020-04-16 00:00:00+09:00,452.3018943105128,453.28302640229265,446.4151017598337,450.3396301269531,1200,0.0,0.0
2020-04-17 00:00:00+09:00,447.3962258418054,450.33962206444886,445.43396169337643,449.3584899902344,1100,0.0,0.0
2020-04-20 00:00:00+09:00,451.32074782232917,452.3018798828125,451.32074782232917,452.3018798828125,1600,0.0,0.0
2020-04-21 00:00:00+09:00,452.3019007632607,456.2264291863693,447.396240234375,447.396240234375,1500,0.0,0.0
2020-04-22 00:00:00+09:00,448.377362574812,450.3396267436296,442.4905700683594,442.4905700683594,2500,0.0,0.0
2020-04-23 00:00:00+09:00,441.5094475997122,450.3396365517064,441.5094475997122,447.396240234375,2100,0.0,0.0
2020-04-24 00:00:00+09:00,447.3962308843085,461.132080078125,447.3962308843085,461.132080078125,2500,0.0,0.0
2020-04-27 00:00:00+09:00,468.9811449314126,468.9811449314126,462.11322021484375,462.11322021484375,3900,0.0,0.0
2020-04-28 00:00:00+09:00,466.0377454955548,482.7169911238168,461.13208501665423,472.9056701660156,3000,0.0,0.0
2020-04-30 00:00:00+09:00,475.849048390108,477.8113125071806,451.32074692670034,467.01885986328125,2600,0.0,0.0
2020-05-01 00:00:00+09:00,481.7358508199267,481.7358508199267,462.113209238667,471.9245300292969,1900,0.0,0.0
2020-05-07 00:00:00+09:00,479.77359483647643,492.5283120816179,472.9056701660156,472.9056701660156,8000,0.0,0.0
2020-05-08 00:00:00+09:00,480.7547123176007,480.7547123176007,468.98112752614924,474.867919921875,2000,0.0,0.0
2020-05-11 00:00:00+09:00,474.8679406998005,507.24530029296875,474.8679406998005,507.24530029296875,8800,0.0,0.0
2020-05-12 00:00:00+09:00,505.2830119448413,505.2830119448413,495.47169132455315,504.3018798828125,1200,0.0,0.0
2020-05-13 00:00:00+09:00,504.3018798828125,504.3018798828125,504.3018798828125,504.3018798828125,400,0.0,0.0
2020-05-14 00:00:00+09:00,491.54717381795246,503.3207588195801,491.54717381795246,494.4905700683594,1100,0.0,0.0
2020-05-15 00:00:00+09:00,495.4716969311722,495.4716969311722,482.71697998046875,482.71697998046875,1000,0.0,0.0
2020-05-18 00:00:00+09:00,482.716996042352,484.67926025390625,482.716996042352,484.67926025390625,500,0.0,0.0
2020-05-19 00:00:00+09:00,490.56605608814743,493.5094524246763,490.56605608814743,492.5283203125,900,0.0,0.0
2020-05-20 00:00:00+09:00,492.5283075768178,501.3584963580755,492.5283075768178,498.41510009765625,600,0.0,0.0
2020-05-21 00:00:00+09:00,496.45284392651035,500.3773723369966,496.45284392651035,499.396240234375,600,0.0,0.0
2020-05-22 00:00:00+09:00,499.3962466876968,499.3962466876968,496.4528503417969,496.4528503417969,900,0.0,0.0
2020-05-25 00:00:00+09:00,496.45285189759494,505.2830409629672,492.5283234240962,500.37738037109375,1800,0.0,0.0
2020-05-26 00:00:00+09:00,500.3773507188534,519.0188598632812,500.3773507188534,519.0188598632812,4700,0.0,0.0
2020-05-27 00:00:00+09:00,527.8490647712895,527.8490647712895,515.094347592801,520.9811401367188,6700,0.0,0.0
2020-05-28 00:00:00+09:00,515.0943571640398,519.0188855995754,507.24530029296875,507.24530029296875,3000,0.0,0.0
2020-05-29 00:00:00+09:00,517.0565985013159,517.0565985013159,498.41508925743545,508.2264099121094,1500,0.0,0.0
2020-06-01 00:00:00+09:00,509.2075628983347,509.2075628983347,502.33963815789474,503.3207702636719,1000,0.0,0.0
2020-06-02 00:00:00+09:00,508.22642434290213,508.22642434290213,500.3773675962936,506.26416015625,1000,0.0,0.0
2020-06-03 00:00:00+09:00,507.2452824363037,507.2452824363037,500.3773579158895,501.3584899902344,900,0.0,0.0
2020-06-04 00:00:00+09:00,502.33961575875486,510.1886722549854,502.33961575875486,504.3018798828125,800,0.0,0.0
2020-06-05 00:00:00+09:00,510.18869995599675,510.18869995599675,496.4528503417969,496.4528503417969,700,0.0,0.0
2020-06-08 00:00:00+09:00,509.2075500488281,510.18868212984705,500.3773613196577,509.2075500488281,4300,0.0,0.0
2020-06-09 00:00:00+09:00,509.2075597166105,518.0377486134304,509.2075597166105,514.1132202148438,700,0.0,0.0
2020-06-10 00:00:00+09:00,514.1132202148438,515.0943523144904,511.1698239159038,514.1132202148438,2400,0.0,0.0
2020-06-11 00:00:00+09:00,515.094336147966,515.094336147966,512.1509399414062,512.1509399414062,900,0.0,0.0
2020-06-12 00:00:00+09:00,490.5660354644354,497.4339599609375,483.6981109679333,497.4339599609375,3900,0.0,0.0
2020-06-15 00:00:00+09:00,492.52829856434084,513.1320720102595,492.52829856434084,512.1509399414062,2500,0.0,0.0
2020-06-16 00:00:00+09:00,514.113199562116,519.0188598632812,513.132067501883,519.0188598632812,5100,0.0,0.0
2020-06-17 00:00:00+09:00,523.9245444849918,539.622658177426,503.3207702636719,503.3207702636719,27700,0.0,0.0
2020-06-18 00:00:00+09:00,506.2641503619588,506.2641503619588,501.3584899902344,501.3584899902344,1400,0.0,0.0
2020-06-19 00:00:00+09:00,500.3773608398438,500.3773608398438,488.6037758789063,490.5660400390625,12400,0.0,0.0
2020-06-22 00:00:00+09:00,488.6037855091662,497.43397440391016,488.6037855091662,495.4717102050781,3000,0.0,0.0
2020-06-23 00:00:00+09:00,504.3019072641968,504.3019072641968,490.5660576499969,496.4528503417969,4800,0.0,0.0
2020-06-24 00:00:00+09:00,502.339617519305,510.18867404304416,501.3584854538376,508.2264099121094,5500,0.0,0.0
2020-06-25 00:00:00+09:00,511.1698222820575,514.1132185715895,505.28302970299353,510.1886901855469,3900,0.0,0.0
2020-06-26 00:00:00+09:00,515.0943187366832,539.6226196289062,515.0943187366832,539.6226196289062,8400,0.0,0.0
2020-06-29 00:00:00+09:00,531.7735883861669,531.7735883861669,517.0566071577675,527.8490600585938,21400,0.0,0.0
2020-06-30 00:00:00+09:00,525.8868120014096,535.6981331208389,511.1698303222656,511.1698303222656,2800,0.0,0.0
2020-07-01 00:00:00+09:00,520.9811367523602,530.7924575951541,513.132080078125,513.132080078125,900,0.0,0.0
2020-07-02 00:00:00+09:00,527.8490401759292,527.8490401759292,510.1886633670691,518.0377197265625,2300,0.0,0.0
2020-07-03 00:00:00+09:00,521.9622722273717,526.8679326806365,512.1509513208422,520.9811401367188,1200,0.0,0.0
2020-07-06 00:00:00+09:00,515.0943587700374,517.0566229939232,511.1698303222656,511.1698303222656,6200,0.0,0.0
2020-07-07 00:00:00+09:00,526.8679457310268,526.8679457310268,515.0943603515625,515.0943603515625,300,0.0,0.0
2020-07-08 00:00:00+09:00,515.0943634433996,523.9245525310008,515.0943634433996,522.9434204101562,1800,0.0,0.0
2020-07-09 00:00:00+09:00,520.0000290091047,525.8868217903398,516.0755004882812,516.0755004882812,1600,0.0,0.0
2020-07-10 00:00:00+09:00,523.9245076117114,525.8867716851636,518.0377153913552,524.9056396484375,1200,0.0,0.0
2020-07-13 00:00:00+09:00,524.9056522246796,524.9056522246796,519.0188598632812,519.0188598632812,400,0.0,0.0
2020-07-14 00:00:00+09:00,517.0565957428151,520.9811239837474,517.0565957428151,519.0188598632812,1900,0.0,0.0
2020-07-15 00:00:00+09:00,520.9811561684671,524.9056846518454,511.1698349600214,522.9434204101562,900,0.0,0.0
2020-07-16 00:00:00+09:00,522.9434204101562,522.9434204101562,517.0566276850888,522.9434204101562,900,0.0,0.0
2020-07-17 00:00:00+09:00,525.8867924528302,525.8867924528302,520.0,520.0,700,0.0,0.0
2020-07-20 00:00:00+09:00,520.0000080460658,524.9056684993305,520.0000080460658,520.9811401367188,1000,0.0,0.0
2020-07-21 00:00:00+09:00,527.8490519887687,538.6415047245985,526.867919921875,526.867919921875,4500,0.0,0.0
2020-07-22 00:00:00+09:00,526.8679103244741,555.3207397460938,526.8679103244741,555.3207397460938,4200,0.0,0.0
2020-07-27 00:00:00+09:00,569.0565806995738,569.0565806995738,539.6226196289062,539.6226196289062,8300,0.0,0.0
2020-07-28 00:00:00+09:00,531.7735837603927,534.7169799804688,531.7735837603927,534.7169799804688,300,0.0,0.0
2020-07-29 00:00:00+09:00,534.7170119989114,538.6415405273438,534.7170119989114,538.6415405273438,700,0.0,0.0
2020-07-30 00:00:00+09:00,519.9999831394596,532.7546997070312,519.9999831394596,532.7546997070312,1400,0.0,0.0
2020-07-31 00:00:00+09:00,532.7547169811321,626.9433962264151,495.47169811320754,520.0,23500,0.0,0.0
2020-08-03 00:00:00+09:00,520.0000160618832,520.0000160618832,500.37737394634047,503.3207702636719,3500,0.0,0.0
2020-08-04 00:00:00+09:00,503.3207558641156,509.20754833036256,503.3207558641156,505.28302001953125,1000,0.0,0.0
2020-08-05 00:00:00+09:00,496.4528278900086,497.4339599609375,496.4528278900086,497.4339599609375,1100,0.0,0.0
2020-08-06 00:00:00+09:00,497.43396169285484,501.3584899902344,497.43396169285484,501.3584899902344,900,0.0,0.0
2020-08-07 00:00:00+09:00,501.3585013169508,510.1886901855469,501.3585013169508,510.1886901855469,400,0.0,0.0
2020-08-11 00:00:00+09:00,510.1886901855469,513.1320864750788,508.2264259925255,510.1886901855469,900,0.0,0.0
2020-08-12 00:00:00+09:00,514.1132023049138,514.1132023049138,508.2264099121094,508.2264099121094,1000,0.0,0.0
2020-08-13 00:00:00+09:00,508.22641509433964,530.7924528301887,508.22641509433964,520.0,4100,0.0,0.0
2020-08-14 00:00:00+09:00,535.6980995136684,550.4150802695383,527.8490431105377,540.603759765625,11900,0.0,0.0
2020-08-17 00:00:00+09:00,545.5094124196846,545.5094124196846,519.9999794648072,524.9056396484375,3300,0.0,0.0
2020-08-18 00:00:00+09:00,525.8867833754596,535.6981039608226,525.8867833754596,533.73583984375,800,0.0,0.0
2020-08-19 00:00:00+09:00,531.7736206054688,531.7736206054688,531.7736206054688,531.7736206054688,200,0.0,0.0
2020-08-20 00:00:00+09:00,536.6792783129974,537.660410448853,517.056635595886,523.924560546875,2400,0.0,0.0
2020-08-21 00:00:00+09:00,536.6792602539062,536.6792602539062,528.83020343118,536.6792602539062,1000,0.0,0.0
2020-08-24 00:00:00+09:00,537.6603680778952,537.6603680778952,528.8301795510685,533.73583984375,1900,0.0,0.0
2020-08-25 00:00:00+09:00,536.6792602539062,539.6226565624286,535.6981281510655,536.6792602539062,2500,0.0,0.0
2020-08-26 00:00:00+09:00,533.7358317506906,533.7358317506906,528.8301715323938,532.7546997070312,2300,0.0,0.0
2020-08-27 00:00:00+09:00,517.0566165137838,525.8868054106035,514.1132202148438,514.1132202148438,11700,0.0,0.0
2020-08-28 00:00:00+09:00,517.056611774107,523.9245364086777,517.056611774107,520.9811401367188,1400,0.0,0.0
2020-08-31 00:00:00+09:00,517.0565913186144,532.754704148022,515.0943272149385,525.8867797851562,4300,0.0,0.0
2020-09-01 00:00:00+09:00,533.7358719206204,537.660400390625,529.8113434506158,537.660400390625,1400,0.0,0.0
2020-09-02 00:00:00+09:00,537.6604083952357,538.6415405273438,537.6604083952357,538.6415405273438,400,0.0,0.0
2020-09-03 00:00:00+09:00,531.7735676633719,539.6226240126467,531.7735676633719,532.7546997070312,600,0.0,0.0
2020-09-04 00:00:00+09:00,529.8113403320312,533.7358687789352,526.8679439968533,529.8113403320312,1200,0.0,0.0
2020-09-07 00:00:00+09:00,529.8113196136754,537.6603762005448,529.8113196136754,534.7169799804688,1300,0.0,0.0
2020-09-08 00:00:00+09:00,534.7169799804688,534.7169799804688,534.7169799804688,534.7169799804688,400,0.0,0.0
2020-09-09 00:00:00+09:00,538.6414919689873,539.6226240126467,526.867907445075,532.7546997070312,2700,0.0,0.0
2020-09-10 00:00:00+09:00,532.754704148022,534.7169682516981,516.0754592667764,525.8867797851562,2800,0.0,0.0
2020-09-11 00:00:00+09:00,525.8867754014158,532.7546997070312,521.9622472267783,532.7546997070312,1100,0.0,0.0
2020-09-14 00:00:00+09:00,532.7547447218692,532.7547447218692,523.9245555828327,530.79248046875,1100,0.0,0.0
2020-09-15 00:00:00+09:00,530.7924834704789,538.6415405273438,530.7924834704789,538.6415405273438,2100,0.0,0.0
2020-09-16 00:00:00+09:00,540.6038017343461,540.6038017343461,527.8490840890712,530.79248046875,2900,0.0,0.0
2020-09-17 00:00:00+09:00,530.7924676368616,536.6792602539062,530.7924676368616,536.6792602539062,1500,0.0,0.0
2020-09-18 00:00:00+09:00,536.6792682731239,548.4528536831375,532.7547398031193,537.660400390625,2000,0.0,0.0
2020-09-23 00:00:00+09:00,540.6037678373033,541.5848999023438,535.6981075121008,541.5848999023438,3300,0.0,0.0
2020-09-24 00:00:00+09:00,543.5471882038288,545.5094524211712,536.6792634431306,544.5283203125,3200,0.0,0.0
2020-09-25 00:00:00+09:00,545.5094429646309,558.26416015625,543.547178781305,558.26416015625,4500,0.0,0.0
2020-09-28 00:00:00+09:00,561.2075550654163,572.9811401367188,559.2452908868659,572.9811401367188,7500,0.0,0.0
2020-09-29 00:00:00+09:00,538.6415001364315,544.5282924876493,526.8679154339959,533.73583984375,6600,0.0,0.0
2020-09-30 00:00:00+09:00,533.7358606794991,541.5849174541976,528.8302001953125,528.8302001953125,1000,0.0,0.0
2020-10-02 00:00:00+09:00,528.8302212261528,528.8302212261528,523.924560546875,523.924560546875,800,0.0,0.0
2020-10-05 00:00:00+09:00,515.0943713241749,525.8868248185861,511.16984278075256,523.924560546875,2800,0.0,0.0
2020-10-06 00:00:00+09:00,518.0377628234751,530.79248046875,518.0377628234751,530.79248046875,1100,0.0,0.0
2020-10-07 00:00:00+09:00,532.7547285826618,532.7547285826618,527.8490680984752,528.8302001953125,1100,0.0,0.0
2020-10-08 00:00:00+09:00,528.8301715323938,532.7546997070312,522.9433792704376,532.7546997070312,800,0.0,0.0
2020-10-09 00:00:00+09:00,532.754741618602,532.754741618602,511.1698349600214,522.9434204101562,2000,0.0,0.0
2020-10-12 00:00:00+09:00,520.0000370611954,523.9245656427894,517.056640625,517.056640625,600,0.0,0.0
2020-10-13 00:00:00+09:00,518.037764748693,521.9622932695164,516.0755004882812,516.0755004882812,1800,0.0,0.0
2020-10-14 00:00:00+09:00,519.9999919235144,519.9999919235144,515.094331622349,519.0188598632812,1000,0.0,0.0
2020-10-15 00:00:00+09:00,512.1509479938456,517.0566084152426,512.1509479938456,513.132080078125,300,0.0,0.0
2020-10-16 00:00:00+09:00,515.0943603515625,515.0943603515625,515.0943603515625,515.0943603515625,900,0.0,0.0
2020-10-19 00:00:00+09:00,515.0943506681002,523.9245395366962,510.1886901855469,510.1886901855469,3000,0.0,0.0
2020-10-20 00:00:00+09:00,516.0754924665179,516.0754924665179,511.16983189174107,515.0943603515625,1600,0.0,0.0
2020-10-21 00:00:00+09:00,510.1886997767857,515.0943603515625,510.1886997767857,515.0943603515625,600,0.0,0.0
2020-10-22 00:00:00+09:00,511.16980787255295,512.1509399414062,511.16980787255295,512.1509399414062,1600,0.0,0.0
2020-10-23 00:00:00+09:00,503.3207718574332,511.1698287285043,502.3396397485493,507.24530029296875,3500,0.0,0.0
2020-10-26 00:00:00+09:00,512.1509798980076,517.056640625,512.1509798980076,517.056640625,1600,0.0,0.0
2020-10-27 00:00:00+09:00,517.0565876816258,518.0377197265625,517.0565876816258,518.0377197265625,3900,0.0,0.0
2020-10-28 00:00:00+09:00,508.2264162526547,510.18868040807035,505.28302001953125,505.28302001953125,500,0.0,0.0
2020-10-29 00:00:00+09:00,512.1509624342085,512.1509624342085,502.33964131477927,511.1698303222656,1100,0.0,0.0
2020-10-30 00:00:00+09:00,511.1698206228803,512.1509527162063,506.26416015625,506.26416015625,900,0.0,0.0
2020-11-02 00:00:00+09:00,496.4528216193704,516.0754627900965,447.3962186925551,467.01885986328125,14900,0.0,0.0
2020-11-04 00:00:00+09:00,476.83020340768917,484.67926025390625,476.83020340768917,484.67926025390625,1500,0.0,0.0
2020-11-05 00:00:00+09:00,483.69811843216786,483.69811843216786,479.7735900878906,479.7735900878906,1200,0.0,0.0
2020-11-06 00:00:00+09:00,479.77357926301823,489.58489990234375,476.8301830712206,489.58489990234375,1400,0.0,0.0
2020-11-09 00:00:00+09:00,484.6792441267308,489.584904492386,482.71697998046875,482.71697998046875,900,0.0,0.0
2020-11-10 00:00:00+09:00,490.56603017479483,490.56603017479483,483.6981057523477,485.6603698730469,700,0.0,0.0
2020-11-11 00:00:00+09:00,490.56603017479483,490.56603017479483,485.6603698730469,485.6603698730469,1800,0.0,0.0
2020-11-12 00:00:00+09:00,495.47169869945895,495.47169869945895,486.6415100097656,486.6415100097656,600,0.0,0.0
2020-11-13 00:00:00+09:00,485.6603813171387,494.4905700683594,485.6603813171387,494.4905700683594,800,0.0,0.0
2020-11-16 00:00:00+09:00,492.5283059014214,494.4905700683594,491.54717381795246,494.4905700683594,1100,0.0,0.0
2020-11-17 00:00:00+09:00,493.5094362792969,494.490568359375,490.5660400390625,490.5660400390625,2200,0.0,0.0
2020-11-18 00:00:00+09:00,490.5660576499969,496.4528503417969,490.5660576499969,496.4528503417969,1300,0.0,0.0
2020-11-19 00:00:00+09:00,491.54718017578125,491.54718017578125,491.54718017578125,491.54718017578125,200,0.0,0.0
2020-11-20 00:00:00+09:00,492.5283122719405,492.5283122719405,491.54718017578125,491.54718017578125,200,0.0,0.0
2020-11-24 00:00:00+09:00,492.5283218805969,497.4339824570968,492.5283218805969,496.4528503417969,1600,0.0,0.0
2020-11-25 00:00:00+09:00,496.4528359240434,498.41510009765625,496.4528359240434,498.41510009765625,2200,0.0,0.0
2020-11-26 00:00:00+09:00,498.41510813175347,500.3773723369966,495.47171182388877,499.396240234375,2800,0.0,0.0
2020-11-27 00:00:00+09:00,507.2452986867804,507.2452986867804,499.39624184056333,503.3207702636719,3600,0.0,0.0
2020-11-30 00:00:00+09:00,495.4717182264969,496.4528503417969,495.4717182264969,496.4528503417969,1000,0.0,0.0
2020-12-01 00:00:00+09:00,496.4528503417969,504.3019072641968,496.4528503417969,496.4528503417969,1700,0.0,0.0
2020-12-02 00:00:00+09:00,494.49056374815086,500.3773561737241,494.49056374815086,497.4339599609375,800,0.0,0.0
2020-12-03 00:00:00+09:00,499.396233856678,503.32076221704483,499.396233856678,502.3396301269531,900,0.0,0.0
2020-12-04 00:00:00+09:00,502.3396446078431,507.2453051997166,498.4151161343444,500.37738037109375,2900,0.0,0.0
2020-12-07 00:00:00+09:00,507.2453051997166,507.2453051997166,499.39624825271903,500.37738037109375,2900,0.0,0.0
2020-12-08 00:00:00+09:00,497.43398401596966,503.32077672621784,497.43398401596966,500.37738037109375,500,0.0,0.0
2020-12-09 00:00:00+09:00,500.3773561737241,501.35848824465296,497.4339599609375,497.4339599609375,1500,0.0,0.0
2020-12-10 00:00:00+09:00,496.4528375864029,502.3396301269531,496.4528375864029,502.3396301269531,700,0.0,0.0
2020-12-11 00:00:00+09:00,499.3962258415446,501.3584899902344,495.47169754416507,501.3584899902344,1600,0.0,0.0
2020-12-14 00:00:00+09:00,500.3773613196577,510.18868212984705,500.3773613196577,509.2075500488281,9300,0.0,0.0
2020-12-15 00:00:00+09:00,518.0377287512159,518.0377287512159,504.3018798828125,504.3018798828125,2800,0.0,0.0
2020-12-16 00:00:00+09:00,509.2075564362282,510.18868852955427,503.32076387627177,506.26416015625,3200,0.0,0.0
2020-12-17 00:00:00+09:00,508.22643398643686,517.0566229939232,508.22643398643686,511.1698303222656,2400,0.0,0.0
2020-12-18 00:00:00+09:00,511.1698043170142,511.1698043170142,503.32074782078365,504.3018798828125,2000,0.0,0.0
2020-12-21 00:00:00+09:00,504.30189596959787,510.18868852955427,502.33963178294573,506.26416015625,2200,0.0,0.0
2020-12-22 00:00:00+09:00,505.2830311992381,505.2830311992381,495.4717102050781,495.4717102050781,3100,0.0,0.0
2020-12-23 00:00:00+09:00,498.4151145723968,500.3773788029968,495.4717182264969,496.4528503417969,5600,0.0,0.0
2020-12-24 00:00:00+09:00,498.4151145723968,499.3962466876968,496.4528503417969,496.4528503417969,1600,0.0,0.0
2020-12-25 00:00:00+09:00,499.3962371239295,510.1886901855469,498.41510502741886,510.1886901855469,5800,0.0,0.0
2020-12-28 00:00:00+09:00,500.37738037109375,500.37738037109375,494.49058766084556,500.37738037109375,11800,0.0,0.0
2020-12-29 00:00:00+09:00,499.396240234375,505.2830328501044,498.41510813175347,499.396240234375,1100,0.0,0.0
2020-12-30 00:00:00+09:00,499.396233856678,503.32076221704483,499.396233856678,502.3396301269531,1000,0.0,0.0
2021-01-04 00:00:00+09:00,502.33964143426294,504.3019056586155,492.5283203125,492.5283203125,1900,0.0,0.0
2021-01-05 00:00:00+09:00,504.3018990998221,504.3018990998221,495.4717102050781,495.4717102050781,800,0.0,0.0
2021-01-06 00:00:00+09:00,495.4717102050781,496.45284230449414,495.4717102050781,495.4717102050781,600,0.0,0.0
2021-01-07 00:00:00+09:00,505.2830311992381,508.2264274974861,494.49057810566217,495.4717102050781,2000,0.0,0.0
2021-01-08 00:00:00+09:00,497.43397762900906,503.3207702636719,497.43397762900906,503.3207702636719,700,0.0,0.0
2021-01-12 00:00:00+09:00,503.3207751488968,503.3207751488968,495.4717182264969,496.4528503417969,2800,0.0,0.0
2021-01-13 00:00:00+09:00,497.4339760291319,501.3585044396181,494.4905797212672,499.396240234375,1900,0.0,0.0
2021-01-14 00:00:00+09:00,501.3585124894684,501.3585124894684,499.39624825271903,500.37738037109375,600,0.0,0.0
2021-01-15 00:00:00+09:00,497.4339824570968,497.4339824570968,495.4717182264969,496.4528503417969,1800,0.0,0.0
2021-01-18 00:00:00+09:00,496.45282961850995,501.3584899902344,496.45282961850995,501.3584899902344,900,0.0,0.0
2021-01-19 00:00:00+09:00,499.3962466876968,500.3773788029968,495.4717182264969,496.4528503417969,3600,0.0,0.0
2021-01-20 00:00:00+09:00,499.39624825271903,500.37738037109375,496.45285189759494,500.37738037109375,900,0.0,0.0
2021-01-21 00:00:00+09:00,500.3773723369966,500.3773723369966,495.47171182388877,499.396240234375,2200,0.0,0.0
2021-01-22 00:00:00+09:00,500.37737394634047,503.3207702636719,498.4151097347862,503.3207702636719,2100,0.0,0.0
2021-01-25 00:00:00+09:00,504.30189430713654,504.30189430713654,498.4151017665863,502.3396301269531,2400,0.0,0.0
2021-01-26 00:00:00+09:00,502.33962378640774,506.26415209723905,502.33962378640774,505.28302001953125,1500,0.0,0.0
2021-01-27 00:00:00+09:00,507.2452970553475,507.2452970553475,496.45284392651035,499.396240234375,4900,0.0,0.0
2021-01-28 00:00:00+09:00,497.4339696764946,502.3396301269531,497.4339696764946,502.3396301269531,700,0.0,0.0
2021-01-29 00:00:00+09:00,507.24529224957604,538.6415192360101,502.33963178294573,506.26416015625,20300,0.0,0.0
2021-02-01 00:00:00+09:00,510.1886966196204,510.1886966196204,500.37737553078153,507.24530029296875,2600,0.0,0.0
2021-02-02 00:00:00+09:00,507.2452986867804,507.2452986867804,503.3207702636719,503.3207702636719,1600,0.0,0.0
2021-02-03 00:00:00+09:00,505.28302001953125,508.2264162526547,505.28302001953125,505.28302001953125,2800,0.0,0.0
2021-02-04 00:00:00+09:00,505.2830280629239,508.22642434290213,504.30189596959787,506.26416015625,1900,0.0,0.0
2021-02-05 00:00:00+09:00,508.2264162526547,510.18868040807035,503.3207558641156,505.28302001953125,3100,0.0,0.0
2021-02-08 00:00:00+09:00,506.264169762551,511.1698303222656,505.28303765060804,511.1698303222656,3600,0.0,0.0
2021-02-09 00:00:00+09:00,515.0943235917525,518.0377197265625,510.1886633670691,518.0377197265625,2100,0.0,0.0
2021-02-10 00:00:00+09:00,519.0188792269394,528.8302001953125,514.1132187427528,528.8302001953125,9500,0.0,0.0
2021-02-12 00:00:00+09:00,521.9622991920837,541.5849420188538,521.9622991920837,531.7736206054688,11500,0.0,0.0
2021-02-15 00:00:00+09:00,533.7358525499535,534.7169846318468,520.0000034034474,527.8490600585938,5800,0.0,0.0
2021-02-16 00:00:00+09:00,527.8490566037735,527.8490566037735,519.0188679245283,520.0,3500,0.0,0.0
2021-02-17 00:00:00+09:00,520.000019329752,523.9245477775237,505.28303765060804,511.1698303222656,6500,0.0,0.0
2021-02-18 00:00:00+09:00,513.1320945461515,513.1320945461515,507.2453018744939,511.1698303222656,2400,0.0,0.0
2021-02-19 00:00:00+09:00,511.1698061085116,511.1698061085116,507.245277846642,508.2264099121094,2300,0.0,0.0
2021-02-22 00:00:00+09:00,508.22642434290213,511.1698206228803,502.33963178294573,506.26416015625,3100,0.0,0.0
2021-02-24 00:00:00+09:00,507.2452875724486,514.1132121624044,507.2452875724486,513.132080078125,1600,0.0,0.0
2021-02-25 00:00:00+09:00,522.9434253997223,522.9434253997223,516.0755004882812,516.0755004882812,1800,0.0,0.0
2021-02-26 00:00:00+09:00,516.0754716981132,520.0,510.188679245283,520.0,2400,0.0,0.0
2021-03-01 00:00:00+09:00,528.8301840556622,528.8301840556622,526.867919921875,526.867919921875,3600,0.0,0.0
2021-03-02 00:00:00+09:00,521.9623013519924,527.8490942243833,517.056640625,517.056640625,2000,0.0,0.0
2021-03-03 00:00:00+09:00,516.0755084796015,519.018904915797,510.1887156072106,517.056640625,2600,0.0,0.0
2021-03-04 00:00:00+09:00,528.8301804656118,528.8301804656118,519.0188598632812,519.0188598632812,1400,0.0,0.0
2021-03-05 00:00:00+09:00,525.8867842849126,525.8867842849126,515.094331622349,519.0188598632812,3000,0.0,0.0
2021-03-08 00:00:00+09:00,520.9811561684671,522.9434204101562,520.9811561684671,522.9434204101562,2200,0.0,0.0
2021-03-09 00:00:00+09:00,521.9622962751638,527.8490890902973,520.9811641393082,523.924560546875,3200,0.0,0.0
2021-03-10 00:00:00+09:00,523.9245156814802,529.8113079925081,522.9433836296423,525.8867797851562,4400,0.0,0.0
2021-03-11 00:00:00+09:00,532.7547447218692,532.7547447218692,525.8868198359519,530.79248046875,4300,0.0,0.0
2021-03-12 00:00:00+09:00,527.8490474925321,533.73583984375,524.9056513169232,533.73583984375,2700,0.0,0.0
2021-03-15 00:00:00+09:00,533.7358848881457,533.7358848881457,523.9245634747607,531.7736206054688,2300,0.0,0.0
2021-03-16 00:00:00+09:00,531.7735837603927,534.7169799804688,530.7924516870341,534.7169799804688,1400,0.0,0.0
2021-03-17 00:00:00+09:00,529.8113483421904,532.7547447218692,529.8113483421904,530.79248046875,1600,0.0,0.0
2021-03-18 00:00:00+09:00,534.7169637943499,534.7169637943499,529.8113035760532,532.7546997070312,1600,0.0,0.0
2021-03-19 00:00:00+09:00,532.754704148022,532.754704148022,523.9245156814802,525.8867797851562,3900,0.0,0.0
2021-03-22 00:00:00+09:00,527.8490680984752,532.7547285826618,525.8868039048006,528.8302001953125,2500,0.0,0.0
2021-03-23 00:00:00+09:00,528.8302050138775,528.8302050138775,521.9622802734375,521.9622802734375,2400,0.0,0.0
2021-03-24 00:00:00+09:00,520.9811401367188,526.8679326806365,520.0000080460658,520.9811401367188,3200,0.0,0.0
2021-03-25 00:00:00+09:00,522.9434284110195,523.924560546875,520.0000320034527,523.924560546875,1400,0.0,0.0
2021-03-26 00:00:00+09:00,528.8302082203053,529.8113403320312,525.8868118851274,529.8113403320312,1700,0.0,0.0
2021-03-29 00:00:00+09:00,529.811320754717,529.811320754717,517.0566037735849,520.0,6400,0.0,0.0
2021-03-30 00:00:00+09:00,530.0,531.0,526.0,526.0,1600,10.0,0.0
2021-03-31 00:00:00+09:00,526.0,528.0,526.0,527.0,400,0.0,0.0
2021-04-01 00:00:00+09:00,525.0,528.0,525.0,528.0,1000,0.0,0.0
2021-04-02 00:00:00+09:00,522.0,523.0,522.0,523.0,1000,0.0,0.0
2021-04-05 00:00:00+09:00,523.0,525.0,520.0,520.0,2400,0.0,0.0
2021-04-06 00:00:00+09:00,529.0,529.0,529.0,529.0,400,0.0,0.0
2021-04-07 00:00:00+09:00,528.0,528.0,523.0,525.0,1500,0.0,0.0
2021-04-08 00:00:00+09:00,529.0,529.0,523.0,523.0,1400,0.0,0.0
2021-04-09 00:00:00+09:00,523.0,524.0,523.0,524.0,400,0.0,0.0
2021-04-12 00:00:00+09:00,522.0,523.0,520.0,522.0,2500,0.0,0.0
2021-04-13 00:00:00+09:00,528.0,528.0,522.0,523.0,700,0.0,0.0
2021-04-14 00:00:00+09:00,520.0,522.0,520.0,521.0,2300,0.0,0.0
2021-04-15 00:00:00+09:00,524.0,524.0,519.0,519.0,1300,0.0,0.0
2021-04-16 00:00:00+09:00,520.0,521.0,518.0,520.0,800,0.0,0.0
2021-04-19 00:00:00+09:00,518.0,518.0,514.0,515.0,4800,0.0,0.0
2021-04-20 00:00:00+09:00,516.0,522.0,511.0,521.0,2400,0.0,0.0
2021-04-21 00:00:00+09:00,522.0,522.0,510.0,512.0,5600,0.0,0.0
2021-04-22 00:00:00+09:00,516.0,524.0,516.0,516.0,1500,0.0,0.0
2021-04-23 00:00:00+09:00,524.0,524.0,515.0,523.0,3000,0.0,0.0
2021-04-26 00:00:00+09:00,523.0,529.0,516.0,529.0,3100,0.0,0.0
2021-04-27 00:00:00+09:00,530.0,530.0,520.0,526.0,4800,0.0,0.0
2021-04-28 00:00:00+09:00,525.0,527.0,523.0,523.0,600,0.0,0.0
2021-04-30 00:00:00+09:00,519.0,526.0,518.0,526.0,1400,0.0,0.0
2021-05-06 00:00:00+09:00,526.0,539.0,526.0,528.0,1900,0.0,0.0
2021-05-07 00:00:00+09:00,531.0,533.0,527.0,533.0,2400,0.0,0.0
2021-05-10 00:00:00+09:00,533.0,543.0,517.0,521.0,18200,0.0,0.0
2021-05-11 00:00:00+09:00,516.0,521.0,516.0,516.0,3100,0.0,0.0
2021-05-12 00:00:00+09:00,515.0,518.0,506.0,511.0,7400,0.0,0.0
2021-05-13 00:00:00+09:00,510.0,522.0,506.0,515.0,2000,0.0,0.0
2021-05-14 00:00:00+09:00,515.0,518.0,513.0,513.0,600,0.0,0.0
2021-05-17 00:00:00+09:00,513.0,522.0,513.0,515.0,1100,0.0,0.0
2021-05-18 00:00:00+09:00,515.0,522.0,515.0,522.0,900,0.0,0.0
2021-05-19 00:00:00+09:00,522.0,522.0,517.0,517.0,1700,0.0,0.0
2021-05-20 00:00:00+09:00,520.0,523.0,518.0,523.0,500,0.0,0.0
2021-05-21 00:00:00+09:00,525.0,526.0,521.0,523.0,1100,0.0,0.0
2021-05-24 00:00:00+09:00,533.0,533.0,524.0,525.0,1400,0.0,0.0
2021-05-25 00:00:00+09:00,526.0,534.0,524.0,524.0,3500,0.0,0.0
2021-05-26 00:00:00+09:00,530.0,530.0,520.0,520.0,3800,0.0,0.0
2021-05-27 00:00:00+09:00,520.0,520.0,520.0,520.0,4100,0.0,0.0
2021-05-28 00:00:00+09:00,519.0,522.0,516.0,522.0,700,0.0,0.0
2021-05-31 00:00:00+09:00,520.0,527.0,520.0,527.0,800,0.0,0.0
2021-06-01 00:00:00+09:00,527.0,527.0,524.0,524.0,500,0.0,0.0
2021-06-02 00:00:00+09:00,523.0,523.0,523.0,523.0,600,0.0,0.0
2021-06-03 00:00:00+09:00,523.0,523.0,522.0,522.0,300,0.0,0.0
2021-06-04 00:00:00+09:00,524.0,530.0,524.0,525.0,1600,0.0,0.0
2021-06-07 00:00:00+09:00,532.0,533.0,532.0,533.0,800,0.0,0.0
2021-06-08 00:00:00+09:00,529.0,532.0,526.0,532.0,700,0.0,0.0
2021-06-09 00:00:00+09:00,532.0,544.0,532.0,540.0,3800,0.0,0.0
2021-06-10 00:00:00+09:00,540.0,540.0,537.0,537.0,1200,0.0,0.0
2021-06-11 00:00:00+09:00,537.0,541.0,537.0,541.0,1900,0.0,0.0
2021-06-14 00:00:00+09:00,542.0,542.0,536.0,537.0,2400,0.0,0.0
2021-06-15 00:00:00+09:00,541.0,542.0,539.0,542.0,1400,0.0,0.0
2021-06-16 00:00:00+09:00,543.0,543.0,542.0,542.0,400,0.0,0.0
2021-06-17 00:00:00+09:00,542.0,545.0,542.0,544.0,2200,0.0,0.0
2021-06-18 00:00:00+09:00,545.0,545.0,538.0,538.0,2300,0.0,0.0
2021-06-21 00:00:00+09:00,538.0,551.0,538.0,551.0,5600,0.0,0.0
2021-06-22 00:00:00+09:00,559.0,562.0,544.0,557.0,5400,0.0,0.0
2021-06-23 00:00:00+09:00,558.0,574.0,556.0,560.0,6100,0.0,0.0
2021-06-24 00:00:00+09:00,560.0,562.0,557.0,560.0,2100,0.0,0.0
2021-06-25 00:00:00+09:00,557.0,570.0,553.0,570.0,7100,0.0,0.0
2021-06-28 00:00:00+09:00,599.0,599.0,573.0,577.0,21500,0.0,0.0
2021-06-29 00:00:00+09:00,587.0,595.0,577.0,577.0,4800,0.0,0.0
2021-06-30 00:00:00+09:00,577.0,585.0,573.0,574.0,2700,0.0,0.0
2021-07-01 00:00:00+09:00,574.0,580.0,573.0,573.0,1500,0.0,0.0
2021-07-02 00:00:00+09:00,578.0,581.0,571.0,581.0,1300,0.0,0.0
2021-07-05 00:00:00+09:00,579.0,579.0,575.0,575.0,1000,0.0,0.0
2021-07-06 00:00:00+09:00,570.0,570.0,564.0,566.0,800,0.0,0.0
2021-07-07 00:00:00+09:00,566.0,566.0,565.0,566.0,500,0.0,0.0
2021-07-08 00:00:00+09:00,566.0,568.0,566.0,568.0,300,0.0,0.0
2021-07-09 00:00:00+09:00,568.0,568.0,567.0,567.0,500,0.0,0.0
2021-07-12 00:00:00+09:00,568.0,568.0,557.0,564.0,2900,0.0,0.0
2021-07-13 00:00:00+09:00,568.0,568.0,559.0,560.0,2400,0.0,0.0
2021-07-14 00:00:00+09:00,560.0,565.0,560.0,565.0,400,0.0,0.0
2021-07-15 00:00:00+09:00,565.0,574.0,565.0,574.0,1400,0.0,0.0
2021-07-16 00:00:00+09:00,573.0,573.0,559.0,567.0,2400,0.0,0.0
2021-07-19 00:00:00+09:00,567.0,574.0,567.0,572.0,2300,0.0,0.0
2021-07-20 00:00:00+09:00,561.0,576.0,561.0,574.0,1000,0.0,0.0
2021-07-21 00:00:00+09:00,579.0,581.0,574.0,581.0,2400,0.0,0.0
2021-07-26 00:00:00+09:00,583.0,592.0,583.0,590.0,5500,0.0,0.0
2021-07-27 00:00:00+09:00,600.0,600.0,580.0,581.0,10500,0.0,0.0
2021-07-28 00:00:00+09:00,573.0,585.0,571.0,575.0,1600,0.0,0.0
2021-07-29 00:00:00+09:00,573.0,579.0,573.0,578.0,700,0.0,0.0
2021-07-30 00:00:00+09:00,575.0,583.0,575.0,577.0,700,0.0,0.0
2021-08-02 00:00:00+09:00,560.0,575.0,560.0,565.0,3100,0.0,0.0
2021-08-03 00:00:00+09:00,560.0,579.0,560.0,576.0,5900,0.0,0.0
2021-08-04 00:00:00+09:00,572.0,572.0,561.0,565.0,1100,0.0,0.0
2021-08-05 00:00:00+09:00,572.0,572.0,565.0,565.0,500,0.0,0.0
2021-08-06 00:00:00+09:00,565.0,568.0,562.0,568.0,800,0.0,0.0
2021-08-10 00:00:00+09:00,567.0,572.0,566.0,566.0,600,0.0,0.0
2021-08-11 00:00:00+09:00,566.0,569.0,565.0,569.0,400,0.0,0.0
2021-08-12 00:00:00+09:00,569.0,572.0,565.0,570.0,1500,0.0,0.0
2021-08-13 00:00:00+09:00,570.0,570.0,570.0,570.0,700,0.0,0.0
2021-08-16 00:00:00+09:00,570.0,570.0,565.0,570.0,700,0.0,0.0
2021-08-17 00:00:00+09:00,570.0,570.0,561.0,568.0,1000,0.0,0.0
2021-08-18 00:00:00+09:00,580.0,668.0,569.0,668.0,45300,0.0,0.0
2021-08-19 00:00:00+09:00,768.0,768.0,640.0,645.0,445100,0.0,0.0
2021-08-20 00:00:00+09:00,688.0,688.0,584.0,584.0,112300,0.0,0.0
2021-08-23 00:00:00+09:00,590.0,604.0,579.0,604.0,24200,0.0,0.0
2021-08-24 00:00:00+09:00,594.0,612.0,588.0,612.0,16200,0.0,0.0
2021-08-25 00:00:00+09:00,606.0,607.0,596.0,602.0,6000,0.0,0.0
2021-08-26 00:00:00+09:00,602.0,602.0,588.0,599.0,5700,0.0,0.0
2021-08-27 00:00:00+09:00,606.0,606.0,596.0,596.0,6300,0.0,0.0
2021-08-30 00:00:00+09:00,597.0,602.0,595.0,597.0,2700,0.0,0.0
2021-08-31 00:00:00+09:00,590.0,594.0,590.0,592.0,6800,0.0,0.0
2021-09-01 00:00:00+09:00,591.0,600.0,591.0,594.0,2900,0.0,0.0
2021-09-02 00:00:00+09:00,596.0,598.0,590.0,593.0,7300,0.0,0.0
2021-09-03 00:00:00+09:00,594.0,596.0,590.0,591.0,5900,0.0,0.0
2021-09-06 00:00:00+09:00,591.0,600.0,590.0,595.0,7000,0.0,0.0
2021-09-07 00:00:00+09:00,593.0,602.0,592.0,602.0,4800,0.0,0.0
2021-09-08 00:00:00+09:00,605.0,605.0,594.0,598.0,3500,0.0,0.0
2021-09-09 00:00:00+09:00,600.0,605.0,597.0,605.0,3900,0.0,0.0
2021-09-10 00:00:00+09:00,605.0,605.0,598.0,601.0,2800,0.0,0.0
2021-09-13 00:00:00+09:00,600.0,605.0,599.0,605.0,4400,0.0,0.0
2021-09-14 00:00:00+09:00,604.0,605.0,600.0,605.0,4400,0.0,0.0
2021-09-15 00:00:00+09:00,604.0,606.0,602.0,606.0,3500,0.0,0.0
2021-09-16 00:00:00+09:00,606.0,613.0,606.0,610.0,3400,0.0,0.0
2021-09-17 00:00:00+09:00,610.0,613.0,605.0,613.0,3300,0.0,0.0
2021-09-21 00:00:00+09:00,606.0,610.0,602.0,610.0,2400,0.0,0.0
2021-09-22 00:00:00+09:00,610.0,613.0,608.0,608.0,2000,0.0,0.0
2021-09-24 00:00:00+09:00,610.0,613.0,606.0,609.0,3900,0.0,0.0
2021-09-27 00:00:00+09:00,609.0,615.0,609.0,615.0,6400,0.0,0.0
2021-09-28 00:00:00+09:00,612.0,634.0,610.0,632.0,8400,0.0,0.0
2021-09-29 00:00:00+09:00,610.0,610.0,599.0,599.0,7600,0.0,0.0
2021-09-30 00:00:00+09:00,598.0,600.0,562.0,573.0,8000,0.0,0.0
2021-10-01 00:00:00+09:00,574.0,579.0,563.0,563.0,2600,0.0,0.0
2021-10-04 00:00:00+09:00,555.0,562.0,552.0,552.0,3800,0.0,0.0
2021-10-05 00:00:00+09:00,557.0,558.0,549.0,558.0,5300,0.0,0.0
2021-10-06 00:00:00+09:00,564.0,565.0,557.0,557.0,2600,0.0,0.0
2021-10-07 00:00:00+09:00,560.0,560.0,555.0,558.0,1300,0.0,0.0
2021-10-08 00:00:00+09:00,557.0,557.0,551.0,557.0,1600,0.0,0.0
2021-10-11 00:00:00+09:00,557.0,565.0,557.0,562.0,900,0.0,0.0
2021-10-12 00:00:00+09:00,562.0,562.0,556.0,560.0,1000,0.0,0.0
2021-10-13 00:00:00+09:00,560.0,560.0,543.0,553.0,3600,0.0,0.0
2021-10-14 00:00:00+09:00,550.0,554.0,546.0,547.0,1600,0.0,0.0
2021-10-15 00:00:00+09:00,553.0,553.0,551.0,551.0,500,0.0,0.0
2021-10-18 00:00:00+09:00,559.0,559.0,551.0,554.0,2100,0.0,0.0
2021-10-19 00:00:00+09:00,552.0,553.0,549.0,550.0,2000,0.0,0.0
2021-10-20 00:00:00+09:00,550.0,553.0,550.0,550.0,700,0.0,0.0
2021-10-21 00:00:00+09:00,551.0,551.0,551.0,551.0,300,0.0,0.0
2021-10-22 00:00:00+09:00,551.0,554.0,551.0,553.0,1100,0.0,0.0
2021-10-25 00:00:00+09:00,555.0,557.0,553.0,553.0,800,0.0,0.0
2021-10-26 00:00:00+09:00,558.0,564.0,558.0,564.0,1700,0.0,0.0
2021-10-27 00:00:00+09:00,565.0,565.0,560.0,560.0,3600,0.0,0.0
2021-10-28 00:00:00+09:00,555.0,558.0,551.0,551.0,1900,0.0,0.0
2021-10-29 00:00:00+09:00,551.0,553.0,544.0,547.0,3400,0.0,0.0
2021-11-01 00:00:00+09:00,548.0,550.0,545.0,547.0,2200,0.0,0.0
2021-11-02 00:00:00+09:00,549.0,549.0,547.0,549.0,800,0.0,0.0
2021-11-04 00:00:00+09:00,549.0,549.0,549.0,549.0,500,0.0,0.0
2021-11-05 00:00:00+09:00,549.0,549.0,549.0,549.0,0,0.0,0.0
2021-11-08 00:00:00+09:00,549.0,549.0,539.0,539.0,3200,0.0,0.0
2021-11-09 00:00:00+09:00,540.0,540.0,539.0,540.0,700,0.0,0.0
2021-11-10 00:00:00+09:00,544.0,544.0,538.0,538.0,800,0.0,0.0
2021-11-11 00:00:00+09:00,541.0,541.0,537.0,539.0,900,0.0,0.0
2021-11-12 00:00:00+09:00,536.0,538.0,536.0,538.0,500,0.0,0.0
2021-11-15 00:00:00+09:00,539.0,541.0,537.0,540.0,2100,0.0,0.0
2021-11-16 00:00:00+09:00,539.0,540.0,536.0,537.0,1900,0.0,0.0
2021-11-17 00:00:00+09:00,537.0,539.0,536.0,539.0,700,0.0,0.0
2021-11-18 00:00:00+09:00,539.0,539.0,537.0,538.0,700,0.0,0.0
2021-11-19 00:00:00+09:00,538.0,538.0,535.0,537.0,700,0.0,0.0
2021-11-22 00:00:00+09:00,537.0,541.0,537.0,541.0,1100,0.0,0.0
2021-11-24 00:00:00+09:00,545.0,552.0,545.0,545.0,2700,0.0,0.0
2021-11-25 00:00:00+09:00,545.0,546.0,545.0,546.0,600,0.0,0.0
2021-11-26 00:00:00+09:00,546.0,550.0,546.0,550.0,2400,0.0,0.0
2021-11-29 00:00:00+09:00,558.0,559.0,545.0,545.0,4600,0.0,0.0
2021-11-30 00:00:00+09:00,548.0,551.0,546.0,546.0,800,0.0,0.0
2021-12-01 00:00:00+09:00,546.0,549.0,541.0,541.0,1000,0.0,0.0
2021-12-02 00:00:00+09:00,548.0,548.0,541.0,543.0,500,0.0,0.0
2021-12-03 00:00:00+09:00,542.0,544.0,541.0,543.0,900,0.0,0.0
2021-12-06 00:00:00+09:00,546.0,546.0,542.0,542.0,500,0.0,0.0
2021-12-07 00:00:00+09:00,545.0,545.0,538.0,543.0,4900,0.0,0.0
2021-12-08 00:00:00+09:00,541.0,541.0,533.0,537.0,2800,0.0,0.0
2021-12-09 00:00:00+09:00,537.0,537.0,537.0,537.0,200,0.0,0.0
2021-12-10 00:00:00+09:00,537.0,539.0,536.0,538.0,1000,0.0,0.0
2021-12-13 00:00:00+09:00,537.0,539.0,537.0,539.0,800,0.0,0.0
2021-12-14 00:00:00+09:00,536.0,537.0,536.0,537.0,300,0.0,0.0
2021-12-15 00:00:00+09:00,538.0,540.0,538.0,540.0,900,0.0,0.0
2021-12-16 00:00:00+09:00,540.0,540.0,539.0,540.0,800,0.0,0.0
2021-12-17 00:00:00+09:00,543.0,543.0,537.0,537.0,700,0.0,0.0
2021-12-20 00:00:00+09:00,535.0,537.0,532.0,536.0,900,0.0,0.0
2021-12-21 00:00:00+09:00,536.0,545.0,536.0,541.0,1700,0.0,0.0
2021-12-22 00:00:00+09:00,545.0,547.0,542.0,546.0,2400,0.0,0.0
2021-12-23 00:00:00+09:00,545.0,546.0,543.0,546.0,1600,0.0,0.0
2021-12-24 00:00:00+09:00,550.0,567.0,550.0,565.0,3800,0.0,0.0
2021-12-27 00:00:00+09:00,569.0,570.0,561.0,565.0,8400,0.0,0.0
2021-12-28 00:00:00+09:00,565.0,566.0,557.0,565.0,5000,0.0,0.0
2021-12-29 00:00:00+09:00,570.0,570.0,560.0,561.0,500,0.0,0.0
2021-12-30 00:00:00+09:00,562.0,563.0,562.0,562.0,700,0.0,0.0
2022-01-04 00:00:00+09:00,564.0,564.0,552.0,552.0,400,0.0,0.0
2022-01-05 00:00:00+09:00,553.0,556.0,553.0,555.0,600,0.0,0.0
2022-01-06 00:00:00+09:00,555.0,555.0,550.0,550.0,800,0.0,0.0
2022-01-07 00:00:00+09:00,546.0,546.0,546.0,546.0,100,0.0,0.0
2022-01-11 00:00:00+09:00,555.0,555.0,545.0,545.0,1200,0.0,0.0
2022-01-12 00:00:00+09:00,542.0,558.0,542.0,545.0,800,0.0,0.0
2022-01-13 00:00:00+09:00,546.0,550.0,546.0,546.0,600,0.0,0.0
2022-01-14 00:00:00+09:00,556.0,556.0,554.0,554.0,1300,0.0,0.0
2022-01-17 00:00:00+09:00,550.0,550.0,545.0,548.0,900,0.0,0.0
2022-01-18 00:00:00+09:00,548.0,569.0,546.0,569.0,1600,0.0,0.0
2022-01-19 00:00:00+09:00,565.0,569.0,555.0,569.0,1400,0.0,0.0
2022-01-20 00:00:00+09:00,559.0,559.0,550.0,551.0,2200,0.0,0.0
2022-01-21 00:00:00+09:00,551.0,551.0,545.0,545.0,400,0.0,0.0
2022-01-24 00:00:00+09:00,551.0,561.0,551.0,556.0,800,0.0,0.0
2022-01-25 00:00:00+09:00,556.0,556.0,552.0,556.0,400,0.0,0.0
2022-01-26 00:00:00+09:00,556.0,563.0,550.0,562.0,3300,0.0,0.0
2022-01-27 00:00:00+09:00,565.0,565.0,553.0,553.0,3900,0.0,0.0
2022-01-28 00:00:00+09:00,554.0,555.0,550.0,550.0,1500,0.0,0.0
2022-01-31 00:00:00+09:00,550.0,561.0,550.0,553.0,1300,0.0,0.0
2022-02-01 00:00:00+09:00,559.0,559.0,552.0,552.0,700,0.0,0.0
2022-02-02 00:00:00+09:00,560.0,560.0,552.0,560.0,2100,0.0,0.0
2022-02-03 00:00:00+09:00,555.0,556.0,551.0,555.0,1200,0.0,0.0
2022-02-04 00:00:00+09:00,553.0,553.0,553.0,553.0,200,0.0,0.0
2022-02-07 00:00:00+09:00,558.0,565.0,558.0,565.0,8800,0.0,0.0
2022-02-08 00:00:00+09:00,560.0,570.0,560.0,570.0,2300,0.0,0.0
2022-02-09 00:00:00+09:00,570.0,570.0,570.0,570.0,0,0.0,0.0
2022-02-10 00:00:00+09:00,564.0,564.0,564.0,564.0,500,0.0,0.0
2022-02-14 00:00:00+09:00,565.0,590.0,558.0,590.0,3700,0.0,0.0
2022-02-15 00:00:00+09:00,565.0,578.0,558.0,562.0,1500,0.0,0.0
2022-02-16 00:00:00+09:00,562.0,575.0,562.0,568.0,600,0.0,0.0
2022-02-17 00:00:00+09:00,568.0,568.0,561.0,561.0,300,0.0,0.0
2022-02-18 00:00:00+09:00,550.0,570.0,550.0,570.0,3300,0.0,0.0
2022-02-21 00:00:00+09:00,564.0,580.0,563.0,572.0,4200,0.0,0.0
2022-02-22 00:00:00+09:00,565.0,565.0,565.0,565.0,600,0.0,0.0
2022-02-24 00:00:00+09:00,575.0,577.0,565.0,577.0,3200,0.0,0.0
2022-02-25 00:00:00+09:00,577.0,579.0,573.0,579.0,2700,0.0,0.0
2022-02-28 00:00:00+09:00,580.0,580.0,563.0,570.0,3900,0.0,0.0
2022-03-01 00:00:00+09:00,580.0,580.0,574.0,574.0,1500,0.0,0.0
2022-03-02 00:00:00+09:00,574.0,574.0,574.0,574.0,0,0.0,0.0
2022-03-03 00:00:00+09:00,572.0,573.0,570.0,571.0,1500,0.0,0.0
2022-03-04 00:00:00+09:00,567.0,568.0,567.0,568.0,200,0.0,0.0
2022-03-07 00:00:00+09:00,565.0,565.0,565.0,565.0,1500,0.0,0.0
2022-03-08 00:00:00+09:00,570.0,577.0,567.0,567.0,1000,0.0,0.0
2022-03-09 00:00:00+09:00,564.0,564.0,561.0,561.0,1400,0.0,0.0
2022-03-10 00:00:00+09:00,561.0,564.0,560.0,561.0,600,0.0,0.0
2022-03-11 00:00:00+09:00,560.0,560.0,560.0,560.0,200,0.0,0.0
2022-03-14 00:00:00+09:00,560.0,575.0,560.0,575.0,1800,0.0,0.0
2022-03-15 00:00:00+09:00,571.0,576.0,571.0,575.0,800,0.0,0.0
2022-03-16 00:00:00+09:00,576.0,576.0,572.0,576.0,1400,0.0,0.0
2022-03-17 00:00:00+09:00,577.0,577.0,577.0,577.0,200,0.0,0.0
2022-03-18 00:00:00+09:00,575.0,581.0,575.0,581.0,400,0.0,0.0
2022-03-22 00:00:00+09:00,574.0,578.0,565.0,566.0,2600,0.0,0.0
2022-03-23 00:00:00+09:00,576.0,576.0,570.0,576.0,600,0.0,0.0
2022-03-24 00:00:00+09:00,578.0,581.0,571.0,579.0,800,0.0,0.0
2022-03-25 00:00:00+09:00,579.0,582.0,579.0,582.0,1200,0.0,0.0
2022-03-28 00:00:00+09:00,583.0,588.0,583.0,586.0,3800,0.0,0.0
2022-03-29 00:00:00+09:00,577.0,587.0,577.0,587.0,800,0.0,0.0
2022-03-30 00:00:00+09:00,571.0,576.0,556.0,559.0,2300,0.0,0.0
2022-03-31 00:00:00+09:00,561.0,577.0,561.0,577.0,700,0.0,0.0
2022-04-01 00:00:00+09:00,581.0,581.0,581.0,581.0,200,0.0,0.0
2022-04-04 00:00:00+09:00,581.0,582.0,576.0,576.0,1200,0.0,0.0
2022-04-05 00:00:00+09:00,579.0,579.0,579.0,579.0,100,0.0,0.0
2022-04-06 00:00:00+09:00,579.0,579.0,570.0,571.0,900,0.0,0.0
2022-04-07 00:00:00+09:00,571.0,571.0,570.0,570.0,200,0.0,0.0
2022-04-08 00:00:00+09:00,563.0,565.0,563.0,565.0,200,0.0,0.0
2022-04-11 00:00:00+09:00,565.0,570.0,565.0,570.0,900,0.0,0.0
2022-04-12 00:00:00+09:00,562.0,562.0,562.0,562.0,100,0.0,0.0
2022-04-13 00:00:00+09:00,572.0,572.0,570.0,570.0,300,0.0,0.0
2022-04-14 00:00:00+09:00,567.0,567.0,567.0,567.0,400,0.0,0.0
2022-04-15 00:00:00+09:00,566.0,566.0,566.0,566.0,300,0.0,0.0
2022-04-18 00:00:00+09:00,565.0,565.0,563.0,563.0,700,0.0,0.0
2022-04-19 00:00:00+09:00,563.0,563.0,563.0,563.0,600,0.0,0.0
2022-04-20 00:00:00+09:00,565.0,565.0,564.0,564.0,200,0.0,0.0
2022-04-21 00:00:00+09:00,563.0,567.0,563.0,563.0,300,0.0,0.0
2022-04-22 00:00:00+09:00,566.0,570.0,566.0,570.0,600,0.0,0.0
2022-04-25 00:00:00+09:00,572.0,573.0,572.0,573.0,300,0.0,0.0
2022-04-26 00:00:00+09:00,577.0,584.0,577.0,584.0,2000,0.0,0.0
2022-04-27 00:00:00+09:00,583.0,583.0,564.0,571.0,3200,0.0,0.0
2022-04-28 00:00:00+09:00,570.0,575.0,570.0,575.0,700,0.0,0.0
2022-05-02 00:00:00+09:00,573.0,573.0,573.0,573.0,900,0.0,0.0
2022-05-06 00:00:00+09:00,573.0,579.0,573.0,579.0,400,0.0,0.0
2022-05-09 00:00:00+09:00,579.0,579.0,578.0,579.0,400,0.0,0.0
2022-05-10 00:00:00+09:00,579.0,579.0,570.0,579.0,1800,0.0,0.0
2022-05-11 00:00:00+09:00,573.0,573.0,572.0,572.0,300,0.0,0.0
2022-05-12 00:00:00+09:00,572.0,572.0,560.0,560.0,1900,0.0,0.0
2022-05-13 00:00:00+09:00,560.0,569.0,556.0,556.0,2100,0.0,0.0
2022-05-16 00:00:00+09:00,555.0,556.0,555.0,556.0,1500,0.0,0.0
2022-05-17 00:00:00+09:00,552.0,555.0,551.0,553.0,600,0.0,0.0
2022-05-18 00:00:00+09:00,552.0,555.0,550.0,555.0,1400,0.0,0.0
2022-05-19 00:00:00+09:00,560.0,560.0,555.0,555.0,400,0.0,0.0
2022-05-20 00:00:00+09:00,555.0,555.0,553.0,555.0,1000,0.0,0.0
2022-05-23 00:00:00+09:00,545.0,555.0,545.0,552.0,4600,0.0,0.0
2022-05-24 00:00:00+09:00,551.0,560.0,550.0,560.0,1400,0.0,0.0
2022-05-25 00:00:00+09:00,565.0,565.0,556.0,556.0,600,0.0,0.0
2022-05-26 00:00:00+09:00,559.0,559.0,556.0,559.0,1100,0.0,0.0
2022-05-27 00:00:00+09:00,559.0,559.0,552.0,552.0,3100,0.0,0.0
2022-05-30 00:00:00+09:00,553.0,554.0,552.0,552.0,5400,0.0,0.0
2022-05-31 00:00:00+09:00,553.0,558.0,553.0,558.0,1000,0.0,0.0
2022-06-01 00:00:00+09:00,556.0,559.0,556.0,559.0,700,0.0,0.0
2022-06-02 00:00:00+09:00,556.0,560.0,556.0,560.0,400,0.0,0.0
2022-06-03 00:00:00+09:00,560.0,560.0,550.0,554.0,5400,0.0,0.0
2022-06-06 00:00:00+09:00,552.0,555.0,550.0,554.0,1200,0.0,0.0
2022-06-07 00:00:00+09:00,552.0,554.0,552.0,553.0,600,0.0,0.0
2022-06-08 00:00:00+09:00,553.0,555.0,553.0,555.0,300,0.0,0.0
2022-06-09 00:00:00+09:00,555.0,557.0,554.0,554.0,500,0.0,0.0
2022-06-10 00:00:00+09:00,555.0,556.0,539.0,555.0,6600,0.0,0.0
2022-06-13 00:00:00+09:00,550.0,555.0,550.0,553.0,1100,0.0,0.0
2022-06-14 00:00:00+09:00,545.0,545.0,545.0,545.0,400,0.0,0.0
2022-06-15 00:00:00+09:00,546.0,550.0,546.0,547.0,1000,0.0,0.0
2022-06-16 00:00:00+09:00,547.0,553.0,547.0,553.0,200,0.0,0.0
2022-06-17 00:00:00+09:00,553.0,553.0,553.0,553.0,200,0.0,0.0
2022-06-20 00:00:00+09:00,555.0,559.0,552.0,559.0,4200,0.0,0.0
2022-06-21 00:00:00+09:00,559.0,579.0,550.0,577.0,5500,0.0,0.0
2022-06-22 00:00:00+09:00,576.0,576.0,568.0,571.0,1200,0.0,0.0
2022-06-23 00:00:00+09:00,570.0,574.0,563.0,568.0,900,0.0,0.0
2022-06-24 00:00:00+09:00,572.0,588.0,571.0,588.0,12500,0.0,0.0
2022-06-27 00:00:00+09:00,558.0,582.0,550.0,561.0,20400,0.0,0.0
2022-06-28 00:00:00+09:00,561.0,561.0,561.0,561.0,600,0.0,0.0
2022-06-29 00:00:00+09:00,565.0,565.0,555.0,555.0,1200,0.0,0.0
2022-06-30 00:00:00+09:00,560.0,562.0,560.0,562.0,300,0.0,0.0
2022-07-01 00:00:00+09:00,562.0,563.0,562.0,563.0,300,0.0,0.0
2022-07-04 00:00:00+09:00,566.0,566.0,564.0,564.0,600,0.0,0.0
2022-07-05 00:00:00+09:00,566.0,568.0,565.0,568.0,800,0.0,0.0
2022-07-06 00:00:00+09:00,569.0,569.0,569.0,569.0,200,0.0,0.0
2022-07-07 00:00:00+09:00,569.0,575.0,569.0,573.0,500,0.0,0.0
2022-07-08 00:00:00+09:00,568.0,568.0,568.0,568.0,200,0.0,0.0
2022-07-11 00:00:00+09:00,586.0,586.0,569.0,570.0,400,0.0,0.0
2022-07-12 00:00:00+09:00,570.0,570.0,570.0,570.0,100,0.0,0.0
2022-07-13 00:00:00+09:00,570.0,580.0,565.0,570.0,2600,0.0,0.0
2022-07-14 00:00:00+09:00,569.0,570.0,567.0,570.0,900,0.0,0.0
2022-07-15 00:00:00+09:00,579.0,580.0,579.0,580.0,1200,0.0,0.0
2022-07-19 00:00:00+09:00,580.0,582.0,580.0,580.0,2400,0.0,0.0
2022-07-20 00:00:00+09:00,580.0,580.0,574.0,574.0,500,0.0,0.0
2022-07-21 00:00:00+09:00,582.0,587.0,576.0,586.0,2200,0.0,0.0
2022-07-22 00:00:00+09:00,586.0,586.0,585.0,586.0,900,0.0,0.0
2022-07-25 00:00:00+09:00,586.0,590.0,583.0,590.0,3800,0.0,0.0
2022-07-26 00:00:00+09:00,598.0,600.0,593.0,600.0,5100,0.0,0.0
2022-07-27 00:00:00+09:00,600.0,600.0,575.0,575.0,11900,0.0,0.0
2022-07-28 00:00:00+09:00,575.0,575.0,575.0,575.0,0,0.0,0.0
2022-07-29 00:00:00+09:00,585.0,606.0,581.0,583.0,10800,0.0,0.0
2022-08-01 00:00:00+09:00,583.0,585.0,580.0,580.0,2500,0.0,0.0
2022-08-02 00:00:00+09:00,588.0,588.0,580.0,580.0,200,0.0,0.0
2022-08-03 00:00:00+09:00,579.0,582.0,578.0,578.0,400,0.0,0.0
2022-08-04 00:00:00+09:00,579.0,579.0,576.0,576.0,1600,0.0,0.0
2022-08-05 00:00:00+09:00,576.0,576.0,576.0,576.0,200,0.0,0.0
2022-08-08 00:00:00+09:00,576.0,582.0,576.0,576.0,1100,0.0,0.0
2022-08-09 00:00:00+09:00,580.0,581.0,573.0,573.0,2800,0.0,0.0
2022-08-10 00:00:00+09:00,578.0,578.0,578.0,578.0,100,0.0,0.0
2022-08-12 00:00:00+09:00,576.0,579.0,575.0,579.0,600,0.0,0.0
2022-08-15 00:00:00+09:00,583.0,584.0,583.0,584.0,600,0.0,0.0
2022-08-16 00:00:00+09:00,584.0,599.0,583.0,599.0,4600,0.0,0.0
2022-08-17 00:00:00+09:00,594.0,594.0,587.0,594.0,800,0.0,0.0
2022-08-18 00:00:00+09:00,590.0,590.0,589.0,589.0,500,0.0,0.0
2022-08-19 00:00:00+09:00,588.0,588.0,579.0,580.0,5400,0.0,0.0
2022-08-22 00:00:00+09:00,580.0,580.0,579.0,580.0,500,0.0,0.0
2022-08-23 00:00:00+09:00,579.0,582.0,579.0,582.0,700,0.0,0.0
2022-08-24 00:00:00+09:00,583.0,584.0,582.0,583.0,600,0.0,0.0
2022-08-25 00:00:00+09:00,582.0,586.0,580.0,586.0,700,0.0,0.0
2022-08-26 00:00:00+09:00,591.0,596.0,590.0,596.0,1700,0.0,0.0
2022-08-29 00:00:00+09:00,600.0,600.0,590.0,590.0,4600,0.0,0.0
2022-08-30 00:00:00+09:00,581.0,585.0,580.0,585.0,1900,0.0,0.0
2022-08-31 00:00:00+09:00,585.0,588.0,585.0,585.0,700,0.0,0.0
2022-09-01 00:00:00+09:00,590.0,590.0,587.0,587.0,900,0.0,0.0
2022-09-02 00:00:00+09:00,587.0,595.0,585.0,595.0,1700,0.0,0.0
2022-09-05 00:00:00+09:00,590.0,593.0,590.0,590.0,800,0.0,0.0
2022-09-06 00:00:00+09:00,596.0,598.0,587.0,587.0,1600,0.0,0.0
2022-09-07 00:00:00+09:00,596.0,596.0,584.0,584.0,800,0.0,0.0
2022-09-08 00:00:00+09:00,584.0,584.0,584.0,584.0,0,0.0,0.0
2022-09-09 00:00:00+09:00,587.0,592.0,587.0,592.0,500,0.0,0.0
2022-09-12 00:00:00+09:00,587.0,590.0,586.0,586.0,3800,0.0,0.0
2022-09-13 00:00:00+09:00,592.0,592.0,586.0,590.0,1600,0.0,0.0
2022-09-14 00:00:00+09:00,590.0,591.0,590.0,591.0,500,0.0,0.0
2022-09-15 00:00:00+09:00,590.0,590.0,589.0,590.0,1300,0.0,0.0
2022-09-16 00:00:00+09:00,592.0,592.0,590.0,592.0,700,0.0,0.0
2022-09-20 00:00:00+09:00,592.0,595.0,592.0,595.0,1700,0.0,0.0
2022-09-21 00:00:00+09:00,590.0,595.0,590.0,595.0,1300,0.0,0.0
2022-09-22 00:00:00+09:00,591.0,595.0,591.0,591.0,1200,0.0,0.0
2022-09-26 00:00:00+09:00,594.0,595.0,592.0,595.0,2000,0.0,0.0
2022-09-27 00:00:00+09:00,594.0,600.0,591.0,591.0,8600,0.0,0.0
2022-09-28 00:00:00+09:00,590.0,592.0,582.0,592.0,5800,0.0,0.0
2022-09-29 00:00:00+09:00,565.0,570.0,565.0,566.0,2500,0.0,0.0
2022-09-30 00:00:00+09:00,565.0,565.0,559.0,560.0,2500,0.0,0.0
2022-10-03 00:00:00+09:00,557.0,557.0,550.0,553.0,1300,0.0,0.0
2022-10-04 00:00:00+09:00,553.0,564.0,550.0,555.0,1100,0.0,0.0
2022-10-05 00:00:00+09:00,555.0,560.0,555.0,555.0,700,0.0,0.0
2022-10-06 00:00:00+09:00,555.0,563.0,555.0,563.0,1000,0.0,0.0
2022-10-07 00:00:00+09:00,562.0,580.0,562.0,565.0,1200,0.0,0.0
2022-10-11 00:00:00+09:00,565.0,565.0,564.0,564.0,600,0.0,0.0
2022-10-12 00:00:00+09:00,561.0,564.0,551.0,551.0,1700,0.0,0.0
2022-10-13 00:00:00+09:00,552.0,552.0,551.0,551.0,200,0.0,0.0
2022-10-14 00:00:00+09:00,551.0,557.0,550.0,557.0,900,0.0,0.0
2022-10-17 00:00:00+09:00,557.0,557.0,555.0,555.0,300,0.0,0.0
2022-10-18 00:00:00+09:00,559.0,559.0,559.0,559.0,100,0.0,0.0
2022-10-19 00:00:00+09:00,555.0,555.0,555.0,555.0,200,0.0,0.0
2022-10-20 00:00:00+09:00,555.0,555.0,555.0,555.0,0,0.0,0.0
2022-10-21 00:00:00+09:00,555.0,556.0,551.0,556.0,1600,0.0,0.0
2022-10-24 00:00:00+09:00,558.0,558.0,558.0,558.0,200,0.0,0.0
2022-10-25 00:00:00+09:00,562.0,565.0,561.0,565.0,1300,0.0,0.0
2022-10-26 00:00:00+09:00,566.0,570.0,565.0,567.0,2100,0.0,0.0
2022-10-27 00:00:00+09:00,579.0,579.0,568.0,574.0,3600,0.0,0.0
2022-10-28 00:00:00+09:00,574.0,574.0,574.0,574.0,100,0.0,0.0
2022-10-31 00:00:00+09:00,574.0,584.0,565.0,570.0,5600,0.0,0.0
2022-11-01 00:00:00+09:00,563.0,563.0,557.0,558.0,3600,0.0,0.0
2022-11-02 00:00:00+09:00,560.0,560.0,558.0,560.0,300,0.0,0.0
2022-11-04 00:00:00+09:00,559.0,559.0,557.0,557.0,500,0.0,0.0
2022-11-07 00:00:00+09:00,556.0,556.0,555.0,556.0,900,0.0,0.0
2022-11-08 00:00:00+09:00,554.0,568.0,554.0,564.0,500,0.0,0.0
2022-11-09 00:00:00+09:00,558.0,563.0,557.0,560.0,500,0.0,0.0
2022-11-10 00:00:00+09:00,560.0,560.0,560.0,560.0,200,0.0,0.0
2022-11-11 00:00:00+09:00,560.0,560.0,560.0,560.0,0,0.0,0.0
2022-11-14 00:00:00+09:00,561.0,561.0,561.0,561.0,200,0.0,0.0
2022-11-15 00:00:00+09:00,560.0,560.0,560.0,560.0,100,0.0,0.0
2022-11-16 00:00:00+09:00,560.0,560.0,560.0,560.0,400,0.0,0.0
2022-11-17 00:00:00+09:00,561.0,563.0,561.0,563.0,500,0.0,0.0
2022-11-18 00:00:00+09:00,565.0,565.0,564.0,565.0,400,0.0,0.0
2022-11-21 00:00:00+09:00,565.0,565.0,560.0,564.0,600,0.0,0.0
2022-11-22 00:00:00+09:00,565.0,575.0,565.0,575.0,4000,0.0,0.0
2022-11-24 00:00:00+09:00,566.0,568.0,566.0,567.0,2800,0.0,0.0
2022-11-25 00:00:00+09:00,568.0,571.0,568.0,571.0,1500,0.0,0.0
2022-11-28 00:00:00+09:00,567.0,570.0,565.0,568.0,3800,0.0,0.0
2022-11-29 00:00:00+09:00,571.0,571.0,566.0,566.0,300,0.0,0.0
2022-11-30 00:00:00+09:00,572.0,573.0,567.0,573.0,1100,0.0,0.0
2022-12-01 00:00:00+09:00,569.0,569.0,565.0,566.0,500,0.0,0.0
2022-12-02 00:00:00+09:00,570.0,570.0,567.0,567.0,200,0.0,0.0
2022-12-05 00:00:00+09:00,570.0,570.0,568.0,568.0,500,0.0,0.0
2022-12-06 00:00:00+09:00,569.0,569.0,567.0,568.0,300,0.0,0.0
2022-12-07 00:00:00+09:00,568.0,568.0,568.0,568.0,100,0.0,0.0
2022-12-08 00:00:00+09:00,568.0,568.0,567.0,567.0,300,0.0,0.0
2022-12-09 00:00:00+09:00,569.0,570.0,562.0,562.0,1800,0.0,0.0
2022-12-12 00:00:00+09:00,569.0,569.0,569.0,569.0,100,0.0,0.0
2022-12-13 00:00:00+09:00,565.0,569.0,565.0,569.0,700,0.0,0.0
2022-12-14 00:00:00+09:00,570.0,570.0,564.0,564.0,700,0.0,0.0
2022-12-15 00:00:00+09:00,570.0,570.0,570.0,570.0,100,0.0,0.0
2022-12-16 00:00:00+09:00,570.0,570.0,565.0,565.0,200,0.0,0.0
2022-12-19 00:00:00+09:00,562.0,572.0,562.0,570.0,1600,0.0,0.0
2022-12-20 00:00:00+09:00,569.0,569.0,563.0,565.0,2400,0.0,0.0
2022-12-21 00:00:00+09:00,565.0,570.0,562.0,570.0,1400,0.0,0.0
2022-12-22 00:00:00+09:00,571.0,574.0,571.0,574.0,1500,0.0,0.0
2022-12-23 00:00:00+09:00,575.0,580.0,570.0,575.0,4600,0.0,0.0
2022-12-26 00:00:00+09:00,575.0,584.0,575.0,583.0,2000,0.0,0.0
2022-12-27 00:00:00+09:00,565.0,568.0,564.0,566.0,11000,0.0,0.0
2022-12-28 00:00:00+09:00,565.0,569.0,560.0,565.0,1700,0.0,0.0
2022-12-29 00:00:00+09:00,561.0,568.0,558.0,558.0,600,0.0,0.0
2022-12-30 00:00:00+09:00,558.0,558.0,558.0,558.0,0,0.0,0.0
2023-01-04 00:00:00+09:00,559.0,560.0,557.0,557.0,600,0.0,0.0
2023-01-05 00:00:00+09:00,555.0,558.0,555.0,557.0,700,0.0,0.0
2023-01-06 00:00:00+09:00,556.0,556.0,556.0,556.0,300,0.0,0.0
2023-01-10 00:00:00+09:00,555.0,556.0,554.0,554.0,1100,0.0,0.0
2023-01-11 00:00:00+09:00,558.0,560.0,553.0,560.0,800,0.0,0.0
2023-01-12 00:00:00+09:00,556.0,556.0,556.0,556.0,500,0.0,0.0
2023-01-13 00:00:00+09:00,556.0,560.0,555.0,560.0,700,0.0,0.0
2023-01-16 00:00:00+09:00,556.0,559.0,556.0,559.0,400,0.0,0.0
2023-01-17 00:00:00+09:00,559.0,559.0,557.0,559.0,900,0.0,0.0
2023-01-18 00:00:00+09:00,557.0,557.0,556.0,556.0,1100,0.0,0.0
2023-01-19 00:00:00+09:00,557.0,558.0,557.0,557.0,500,0.0,0.0
2023-01-20 00:00:00+09:00,556.0,560.0,556.0,560.0,1300,0.0,0.0
2023-01-23 00:00:00+09:00,560.0,565.0,559.0,559.0,2900,0.0,0.0
2023-01-24 00:00:00+09:00,568.0,568.0,567.0,567.0,900,0.0,0.0
2023-01-25 00:00:00+09:00,567.0,567.0,567.0,567.0,0,0.0,0.0
2023-01-26 00:00:00+09:00,562.0,569.0,562.0,569.0,2200,0.0,0.0
2023-01-27 00:00:00+09:00,572.0,572.0,564.0,569.0,2900,0.0,0.0
2023-01-30 00:00:00+09:00,569.0,569.0,565.0,565.0,500,0.0,0.0
2023-01-31 00:00:00+09:00,562.0,580.0,557.0,559.0,4700,0.0,0.0
2023-02-01 00:00:00+09:00,564.0,573.0,562.0,562.0,1400,0.0,0.0
2023-02-02 00:00:00+09:00,562.0,570.0,562.0,562.0,400,0.0,0.0
2023-02-03 00:00:00+09:00,570.0,570.0,570.0,570.0,200,0.0,0.0
2023-02-06 00:00:00+09:00,573.0,573.0,564.0,566.0,600,0.0,0.0
2023-02-07 00:00:00+09:00,564.0,565.0,564.0,565.0,800,0.0,0.0
2023-02-08 00:00:00+09:00,565.0,565.0,565.0,565.0,0,0.0,0.0
2023-02-09 00:00:00+09:00,565.0,570.0,565.0,570.0,300,0.0,0.0
2023-02-10 00:00:00+09:00,570.0,570.0,570.0,570.0,300,0.0,0.0
2023-02-13 00:00:00+09:00,570.0,574.0,570.0,570.0,700,0.0,0.0
2023-02-14 00:00:00+09:00,570.0,570.0,569.0,570.0,500,0.0,0.0
2023-02-15 00:00:00+09:00,570.0,570.0,562.0,567.0,2100,0.0,0.0
2023-02-16 00:00:00+09:00,568.0,568.0,564.0,564.0,600,0.0,0.0
2023-02-17 00:00:00+09:00,566.0,568.0,566.0,566.0,400,0.0,0.0
2023-02-20 00:00:00+09:00,569.0,576.0,569.0,574.0,1900,0.0,0.0
2023-02-21 00:00:00+09:00,574.0,575.0,570.0,575.0,1000,0.0,0.0
2023-02-22 00:00:00+09:00,575.0,575.0,565.0,570.0,2200,0.0,0.0
2023-02-24 00:00:00+09:00,570.0,577.0,569.0,577.0,1600,0.0,0.0
2023-02-27 00:00:00+09:00,586.0,586.0,574.0,574.0,3300,0.0,0.0
2023-02-28 00:00:00+09:00,574.0,584.0,574.0,582.0,300,0.0,0.0
2023-03-01 00:00:00+09:00,582.0,582.0,582.0,582.0,0,0.0,0.0
2023-03-02 00:00:00+09:00,582.0,582.0,570.0,570.0,3000,0.0,0.0
2023-03-03 00:00:00+09:00,573.0,578.0,573.0,576.0,1200,0.0,0.0
2023-03-06 00:00:00+09:00,576.0,579.0,570.0,577.0,1600,0.0,0.0
2023-03-07 00:00:00+09:00,577.0,577.0,577.0,577.0,400,0.0,0.0
2023-03-08 00:00:00+09:00,573.0,577.0,573.0,577.0,900,0.0,0.0
2023-03-09 00:00:00+09:00,578.0,579.0,577.0,579.0,500,0.0,0.0
2023-03-10 00:00:00+09:00,579.0,579.0,574.0,574.0,700,0.0,0.0
2023-03-13 00:00:00+09:00,574.0,575.0,573.0,575.0,500,0.0,0.0
2023-03-14 00:00:00+09:00,571.0,571.0,570.0,570.0,200,0.0,0.0
2023-03-15 00:00:00+09:00,570.0,571.0,570.0,571.0,500,0.0,0.0
2023-03-16 00:00:00+09:00,571.0,571.0,568.0,568.0,500,0.0,0.0
2023-03-17 00:00:00+09:00,573.0,573.0,573.0,573.0,1100,0.0,0.0
2023-03-20 00:00:00+09:00,570.0,572.0,570.0,572.0,2400,0.0,0.0
2023-03-22 00:00:00+09:00,573.0,574.0,570.0,573.0,1100,0.0,0.0
2023-03-23 00:00:00+09:00,573.0,576.0,573.0,574.0,800,0.0,0.0
2023-03-24 00:00:00+09:00,575.0,579.0,573.0,579.0,1800,0.0,0.0
2023-03-27 00:00:00+09:00,579.0,579.0,570.0,572.0,3400,0.0,0.0
2023-03-28 00:00:00+09:00,573.0,577.0,573.0,577.0,600,0.0,0.0
2023-03-29 00:00:00+09:00,577.0,580.0,577.0,580.0,400,0.0,0.0
2023-03-30 00:00:00+09:00,570.0,572.0,570.0,572.0,1000,0.0,0.0
2023-03-31 00:00:00+09:00,575.0,578.0,571.0,578.0,300,0.0,0.0
2023-04-03 00:00:00+09:00,580.0,580.0,572.0,573.0,1200,0.0,0.0
2023-04-04 00:00:00+09:00,575.0,580.0,575.0,580.0,800,0.0,0.0
2023-04-05 00:00:00+09:00,578.0,584.0,575.0,584.0,2400,0.0,0.0
2023-04-06 00:00:00+09:00,576.0,582.0,576.0,582.0,400,0.0,0.0
2023-04-07 00:00:00+09:00,584.0,584.0,577.0,577.0,900,0.0,0.0
2023-04-10 00:00:00+09:00,578.0,578.0,578.0,578.0,100,0.0,0.0
2023-04-11 00:00:00+09:00,580.0,580.0,578.0,578.0,300,0.0,0.0
2023-04-12 00:00:00+09:00,577.0,577.0,576.0,576.0,400,0.0,0.0
2023-04-13 00:00:00+09:00,579.0,579.0,578.0,579.0,800,0.0,0.0
2023-04-14 00:00:00+09:00,578.0,583.0,578.0,579.0,1200,0.0,0.0
2023-04-17 00:00:00+09:00,579.0,580.0,579.0,579.0,500,0.0,0.0
2023-04-18 00:00:00+09:00,579.0,582.0,579.0,582.0,500,0.0,0.0
2023-04-19 00:00:00+09:00,582.0,582.0,579.0,581.0,500,0.0,0.0
2023-04-20 00:00:00+09:00,582.0,582.0,578.0,578.0,1900,0.0,0.0
2023-04-21 00:00:00+09:00,584.0,584.0,577.0,582.0,5300,0.0,0.0
2023-04-24 00:00:00+09:00,583.0,584.0,582.0,584.0,800,0.0,0.0
2023-04-25 00:00:00+09:00,584.0,588.0,583.0,588.0,3800,0.0,0.0
2023-04-26 00:00:00+09:00,588.0,588.0,583.0,588.0,3300,0.0,0.0
2023-04-27 00:00:00+09:00,590.0,590.0,581.0,581.0,3300,0.0,0.0
2023-04-28 00:00:00+09:00,581.0,588.0,581.0,583.0,500,0.0,0.0
2023-05-01 00:00:00+09:00,584.0,584.0,583.0,584.0,1500,0.0,0.0
2023-05-02 00:00:00+09:00,585.0,588.0,584.0,587.0,1800,0.0,0.0
2023-05-08 00:00:00+09:00,687.0,687.0,634.0,654.0,151300,0.0,0.0
2023-05-09 00:00:00+09:00,654.0,665.0,601.0,612.0,96600,0.0,0.0
2023-05-10 00:00:00+09:00,610.0,617.0,607.0,615.0,16000,0.0,0.0
2023-05-11 00:00:00+09:00,612.0,615.0,595.0,603.0,9000,0.0,0.0
2023-05-12 00:00:00+09:00,603.0,605.0,602.0,603.0,5600,0.0,0.0
2023-05-15 00:00:00+09:00,606.0,609.0,604.0,605.0,2600,0.0,0.0
2023-05-16 00:00:00+09:00,602.0,602.0,600.0,600.0,3000,0.0,0.0
2023-05-17 00:00:00+09:00,600.0,603.0,596.0,602.0,3600,0.0,0.0
2023-05-18 00:00:00+09:00,604.0,604.0,595.0,599.0,3400,0.0,0.0
2023-05-19 00:00:00+09:00,605.0,605.0,595.0,595.0,3000,0.0,0.0
2023-05-22 00:00:00+09:00,600.0,604.0,597.0,597.0,3000,0.0,0.0
2023-05-23 00:00:00+09:00,597.0,599.0,587.0,592.0,8300,0.0,0.0
2023-05-24 00:00:00+09:00,589.0,601.0,589.0,595.0,8100,0.0,0.0
2023-05-25 00:00:00+09:00,595.0,603.0,595.0,599.0,4200,0.0,0.0
2023-05-26 00:00:00+09:00,600.0,602.0,599.0,602.0,2100,0.0,0.0
2023-05-29 00:00:00+09:00,607.0,607.0,598.0,598.0,3500,0.0,0.0
2023-05-30 00:00:00+09:00,605.0,605.0,599.0,602.0,1300,0.0,0.0
2023-05-31 00:00:00+09:00,597.0,598.0,586.0,596.0,3300,0.0,0.0
2023-06-01 00:00:00+09:00,592.0,593.0,592.0,593.0,1300,0.0,0.0
2023-06-02 00:00:00+09:00,592.0,598.0,592.0,594.0,400,0.0,0.0
2023-06-05 00:00:00+09:00,599.0,599.0,593.0,599.0,5000,0.0,0.0
2023-06-06 00:00:00+09:00,599.0,599.0,593.0,597.0,1200,0.0,0.0
2023-06-07 00:00:00+09:00,597.0,597.0,593.0,593.0,2900,0.0,0.0
2023-06-08 00:00:00+09:00,593.0,596.0,593.0,596.0,1300,0.0,0.0
2023-06-09 00:00:00+09:00,596.0,596.0,592.0,596.0,1600,0.0,0.0
2023-06-12 00:00:00+09:00,595.0,596.0,594.0,596.0,700,0.0,0.0
2023-06-13 00:00:00+09:00,594.0,597.0,590.0,597.0,4900,0.0,0.0
2023-06-14 00:00:00+09:00,598.0,599.0,593.0,597.0,4500,0.0,0.0
2023-06-15 00:00:00+09:00,597.0,597.0,594.0,594.0,2200,0.0,0.0
2023-06-16 00:00:00+09:00,595.0,598.0,594.0,594.0,2100,0.0,0.0
2023-06-19 00:00:00+09:00,594.0,598.0,594.0,598.0,200,0.0,0.0
2023-06-20 00:00:00+09:00,596.0,598.0,595.0,595.0,700,0.0,0.0
2023-06-21 00:00:00+09:00,597.0,599.0,595.0,598.0,4100,0.0,0.0
2023-06-22 00:00:00+09:00,600.0,606.0,600.0,601.0,8100,0.0,0.0
2023-06-23 00:00:00+09:00,606.0,608.0,603.0,606.0,4300,0.0,0.0
2023-06-26 00:00:00+09:00,608.0,618.0,607.0,613.0,8800,0.0,0.0
2023-06-27 00:00:00+09:00,617.0,617.0,606.0,606.0,12900,0.0,0.0
2023-06-28 00:00:00+09:00,603.0,603.0,601.0,602.0,1200,0.0,0.0
2023-06-29 00:00:00+09:00,605.0,605.0,600.0,601.0,600,0.0,0.0
2023-06-30 00:00:00+09:00,601.0,603.0,599.0,603.0,1100,0.0,0.0
2023-07-03 00:00:00+09:00,605.0,607.0,605.0,607.0,1200,0.0,0.0
2023-07-04 00:00:00+09:00,607.0,607.0,605.0,606.0,500,0.0,0.0
2023-07-05 00:00:00+09:00,605.0,605.0,603.0,605.0,1800,0.0,0.0
2023-07-06 00:00:00+09:00,605.0,607.0,603.0,603.0,500,0.0,0.0
2023-07-07 00:00:00+09:00,601.0,605.0,598.0,605.0,3200,0.0,0.0
2023-07-10 00:00:00+09:00,605.0,605.0,600.0,604.0,2400,0.0,0.0
2023-07-11 00:00:00+09:00,604.0,604.0,601.0,601.0,800,0.0,0.0
2023-07-12 00:00:00+09:00,604.0,607.0,599.0,603.0,2400,0.0,0.0
2023-07-13 00:00:00+09:00,603.0,604.0,603.0,604.0,300,0.0,0.0
2023-07-14 00:00:00+09:00,597.0,604.0,597.0,600.0,1200,0.0,0.0
2023-07-18 00:00:00+09:00,603.0,609.0,603.0,609.0,3100,0.0,0.0
2023-07-19 00:00:00+09:00,607.0,612.0,607.0,612.0,2700,0.0,0.0
2023-07-20 00:00:00+09:00,612.0,612.0,607.0,609.0,2000,0.0,0.0
2023-07-21 00:00:00+09:00,610.0,612.0,609.0,609.0,1700,0.0,0.0
2023-07-24 00:00:00+09:00,612.0,615.0,608.0,612.0,3400,0.0,0.0
2023-07-25 00:00:00+09:00,615.0,618.0,612.0,618.0,3200,0.0,0.0
2023-07-26 00:00:00+09:00,620.0,630.0,620.0,627.0,6000,0.0,0.0
2023-07-27 00:00:00+09:00,617.0,620.0,612.0,618.0,9300,0.0,0.0
2023-07-28 00:00:00+09:00,616.0,619.0,615.0,619.0,1900,0.0,0.0
2023-07-31 00:00:00+09:00,619.0,653.0,616.0,629.0,15400,0.0,0.0
2023-08-01 00:00:00+09:00,630.0,639.0,625.0,638.0,2800,0.0,0.0
2023-08-02 00:00:00+09:00,638.0,642.0,626.0,629.0,1900,0.0,0.0
2023-08-03 00:00:00+09:00,629.0,639.0,627.0,630.0,700,0.0,0.0
2023-08-04 00:00:00+09:00,633.0,634.0,632.0,633.0,800,0.0,0.0
2023-08-07 00:00:00+09:00,633.0,634.0,626.0,626.0,3300,0.0,0.0
2023-08-08 00:00:00+09:00,643.0,643.0,621.0,624.0,2200,0.0,0.0
2023-08-09 00:00:00+09:00,625.0,638.0,624.0,628.0,2400,0.0,0.0
2023-08-10 00:00:00+09:00,627.0,627.0,615.0,618.0,2200,0.0,0.0
2023-08-14 00:00:00+09:00,634.0,635.0,621.0,629.0,3100,0.0,0.0
2023-08-15 00:00:00+09:00,633.0,635.0,624.0,635.0,3200,0.0,0.0
2023-08-16 00:00:00+09:00,637.0,637.0,631.0,635.0,1500,0.0,0.0
2023-08-17 00:00:00+09:00,621.0,632.0,620.0,620.0,2600,0.0,0.0
2023-08-18 00:00:00+09:00,615.0,620.0,615.0,620.0,1700,0.0,0.0
2023-08-21 00:00:00+09:00,620.0,627.0,620.0,627.0,800,0.0,0.0
2023-08-22 00:00:00+09:00,627.0,635.0,625.0,628.0,1400,0.0,0.0
2023-08-23 00:00:00+09:00,633.0,635.0,625.0,632.0,1700,0.0,0.0
2023-08-24 00:00:00+09:00,635.0,640.0,632.0,635.0,2600,0.0,0.0
2023-08-25 00:00:00+09:00,635.0,638.0,633.0,638.0,2000,0.0,0.0
2023-08-28 00:00:00+09:00,650.0,650.0,632.0,638.0,5400,0.0,0.0
2023-08-29 00:00:00+09:00,640.0,640.0,632.0,632.0,1500,0.0,0.0
2023-08-30 00:00:00+09:00,637.0,637.0,632.0,637.0,1600,0.0,0.0
2023-08-31 00:00:00+09:00,635.0,637.0,633.0,637.0,2200,0.0,0.0
2023-09-01 00:00:00+09:00,635.0,641.0,634.0,635.0,3200,0.0,0.0
2023-09-04 00:00:00+09:00,635.0,640.0,635.0,640.0,2900,0.0,0.0
2023-09-05 00:00:00+09:00,637.0,644.0,636.0,637.0,2900,0.0,0.0
2023-09-06 00:00:00+09:00,637.0,642.0,636.0,642.0,2300,0.0,0.0
2023-09-07 00:00:00+09:00,645.0,648.0,640.0,645.0,6900,0.0,0.0
2023-09-08 00:00:00+09:00,649.0,649.0,645.0,645.0,800,0.0,0.0
2023-09-11 00:00:00+09:00,640.0,645.0,640.0,644.0,3600,0.0,0.0
2023-09-12 00:00:00+09:00,644.0,644.0,643.0,643.0,1000,0.0,0.0
2023-09-13 00:00:00+09:00,645.0,645.0,640.0,640.0,1900,0.0,0.0
2023-09-14 00:00:00+09:00,640.0,644.0,640.0,640.0,1800,0.0,0.0
2023-09-15 00:00:00+09:00,640.0,640.0,638.0,639.0,1800,0.0,0.0
2023-09-19 00:00:00+09:00,638.0,639.0,636.0,636.0,1700,0.0,0.0
2023-09-20 00:00:00+09:00,636.0,639.0,625.0,630.0,5300,0.0,0.0
2023-09-21 00:00:00+09:00,636.0,636.0,626.0,635.0,1800,0.0,0.0
2023-09-22 00:00:00+09:00,633.0,633.0,626.0,630.0,2000,0.0,0.0
2023-09-25 00:00:00+09:00,630.0,633.0,628.0,633.0,3600,0.0,0.0
2023-09-26 00:00:00+09:00,631.0,635.0,627.0,632.0,6500,0.0,0.0
2023-09-27 00:00:00+09:00,648.0,649.0,638.0,649.0,8400,0.0,0.0
2023-09-28 00:00:00+09:00,625.0,629.0,623.0,625.0,4300,0.0,0.0
2023-09-29 00:00:00+09:00,625.0,625.0,610.0,614.0,2100,0.0,0.0
2023-10-02 00:00:00+09:00,614.0,617.0,611.0,615.0,1800,0.0,0.0
2023-10-03 00:00:00+09:00,615.0,615.0,610.0,611.0,1300,0.0,0.0
2023-10-04 00:00:00+09:00,611.0,611.0,595.0,598.0,2100,0.0,0.0
2023-10-05 00:00:00+09:00,598.0,620.0,598.0,615.0,2200,0.0,0.0
2023-10-06 00:00:00+09:00,605.0,614.0,605.0,610.0,1200,0.0,0.0
2023-10-10 00:00:00+09:00,610.0,616.0,610.0,611.0,1000,0.0,0.0
2023-10-11 00:00:00+09:00,611.0,614.0,610.0,610.0,700,0.0,0.0
2023-10-12 00:00:00+09:00,610.0,611.0,610.0,610.0,1100,0.0,0.0
2023-10-13 00:00:00+09:00,610.0,611.0,610.0,610.0,800,0.0,0.0
2023-10-16 00:00:00+09:00,611.0,613.0,610.0,612.0,1700,0.0,0.0
2023-10-17 00:00:00+09:00,613.0,615.0,610.0,614.0,1400,0.0,0.0
2023-10-18 00:00:00+09:00,610.0,612.0,610.0,612.0,400,0.0,0.0
2023-10-19 00:00:00+09:00,610.0,612.0,609.0,609.0,1300,0.0,0.0
2023-10-20 00:00:00+09:00,609.0,612.0,609.0,609.0,600,0.0,0.0
2023-10-23 00:00:00+09:00,609.0,610.0,606.0,609.0,1400,0.0,0.0
2023-10-24 00:00:00+09:00,610.0,610.0,609.0,609.0,500,0.0,0.0
2023-10-25 00:00:00+09:00,609.0,611.0,608.0,611.0,1200,0.0,0.0
2023-10-26 00:00:00+09:00,611.0,612.0,609.0,612.0,1300,0.0,0.0
2023-10-27 00:00:00+09:00,612.0,612.0,608.0,608.0,2600,0.0,0.0
2023-10-30 00:00:00+09:00,602.0,611.0,601.0,611.0,1000,0.0,0.0
2023-10-31 00:00:00+09:00,611.0,611.0,603.0,603.0,1600,0.0,0.0
2023-11-01 00:00:00+09:00,603.0,611.0,600.0,604.0,2100,0.0,0.0
2023-11-02 00:00:00+09:00,599.0,606.0,599.0,606.0,2500,0.0,0.0
2023-11-06 00:00:00+09:00,605.0,605.0,589.0,597.0,4100,0.0,0.0
2023-11-07 00:00:00+09:00,598.0,602.0,577.0,586.0,6400,0.0,0.0
2023-11-08 00:00:00+09:00,586.0,586.0,576.0,586.0,4300,0.0,0.0
2023-11-09 00:00:00+09:00,586.0,586.0,585.0,586.0,1700,0.0,0.0
2023-11-10 00:00:00+09:00,581.0,584.0,581.0,584.0,2200,0.0,0.0
2023-11-13 00:00:00+09:00,586.0,586.0,581.0,586.0,1800,0.0,0.0
2023-11-14 00:00:00+09:00,583.0,586.0,582.0,582.0,400,0.0,0.0
2023-11-15 00:00:00+09:00,581.0,587.0,581.0,587.0,2600,0.0,0.0
2023-11-16 00:00:00+09:00,582.0,590.0,582.0,589.0,2100,0.0,0.0
2023-11-17 00:00:00+09:00,589.0,600.0,589.0,600.0,3800,0.0,0.0
2023-11-20 00:00:00+09:00,600.0,603.0,593.0,601.0,800,0.0,0.0
2023-11-21 00:00:00+09:00,603.0,610.0,603.0,610.0,1100,0.0,0.0
2023-11-22 00:00:00+09:00,609.0,610.0,609.0,610.0,500,0.0,0.0
2023-11-24 00:00:00+09:00,610.0,612.0,609.0,612.0,2400,0.0,0.0
2023-11-27 00:00:00+09:00,612.0,612.0,608.0,608.0,2800,0.0,0.0
2023-11-28 00:00:00+09:00,608.0,608.0,597.0,600.0,1700,0.0,0.0
2023-11-29 00:00:00+09:00,596.0,600.0,596.0,600.0,600,0.0,0.0
2023-11-30 00:00:00+09:00,600.0,600.0,600.0,600.0,300,0.0,0.0
2023-12-01 00:00:00+09:00,597.0,603.0,596.0,600.0,600,0.0,0.0
2023-12-04 00:00:00+09:00,605.0,605.0,595.0,595.0,2300,0.0,0.0
2023-12-05 00:00:00+09:00,597.0,597.0,588.0,588.0,1500,0.0,0.0
2023-12-06 00:00:00+09:00,588.0,595.0,588.0,593.0,600,0.0,0.0
2023-12-07 00:00:00+09:00,593.0,596.0,592.0,596.0,400,0.0,0.0
2023-12-08 00:00:00+09:00,598.0,609.0,591.0,609.0,900,0.0,0.0
2023-12-11 00:00:00+09:00,608.0,608.0,603.0,603.0,700,0.0,0.0
2023-12-12 00:00:00+09:00,601.0,606.0,598.0,598.0,900,0.0,0.0
2023-12-13 00:00:00+09:00,604.0,605.0,603.0,605.0,800,0.0,0.0
2023-12-14 00:00:00+09:00,603.0,603.0,598.0,598.0,400,0.0,0.0
2023-12-15 00:00:00+09:00,598.0,600.0,598.0,599.0,500,0.0,0.0
2023-12-18 00:00:00+09:00,605.0,605.0,600.0,600.0,500,0.0,0.0
2023-12-19 00:00:00+09:00,602.0,602.0,597.0,599.0,700,0.0,0.0
2023-12-20 00:00:00+09:00,599.0,600.0,599.0,600.0,300,0.0,0.0
2023-12-21 00:00:00+09:00,600.0,601.0,600.0,601.0,800,0.0,0.0
2023-12-22 00:00:00+09:00,605.0,608.0,600.0,602.0,3100,0.0,0.0
2023-12-25 00:00:00+09:00,606.0,606.0,602.0,606.0,700,0.0,0.0
2023-12-26 00:00:00+09:00,609.0,624.0,608.0,624.0,4500,0.0,0.0
2023-12-27 00:00:00+09:00,604.0,608.0,600.0,601.0,10600,0.0,0.0
2023-12-28 00:00:00+09:00,603.0,609.0,600.0,601.0,2100,0.0,0.0
2023-12-29 00:00:00+09:00,601.0,601.0,600.0,600.0,700,0.0,0.0
2024-01-04 00:00:00+09:00,598.0,600.0,580.0,596.0,4000,0.0,0.0
2024-01-05 00:00:00+09:00,601.0,601.0,593.0,598.0,2300,0.0,0.0
2024-01-09 00:00:00+09:00,601.0,603.0,601.0,601.0,1400,0.0,0.0
2024-01-10 00:00:00+09:00,601.0,601.0,600.0,600.0,1300,0.0,0.0
2024-01-11 00:00:00+09:00,601.0,601.0,596.0,599.0,1600,0.0,0.0
2024-01-12 00:00:00+09:00,601.0,604.0,600.0,600.0,1500,0.0,0.0
2024-01-15 00:00:00+09:00,600.0,603.0,600.0,603.0,200,0.0,0.0
2024-01-16 00:00:00+09:00,605.0,605.0,598.0,598.0,2300,0.0,0.0
2024-01-17 00:00:00+09:00,598.0,604.0,598.0,600.0,1200,0.0,0.0
2024-01-18 00:00:00+09:00,600.0,605.0,600.0,605.0,1800,0.0,0.0
2024-01-19 00:00:00+09:00,603.0,606.0,603.0,606.0,1500,0.0,0.0
2024-01-22 00:00:00+09:00,607.0,607.0,604.0,604.0,700,0.0,0.0
2024-01-23 00:00:00+09:00,606.0,606.0,603.0,604.0,400,0.0,0.0
2024-01-24 00:00:00+09:00,606.0,606.0,600.0,600.0,2100,0.0,0.0
2024-01-25 00:00:00+09:00,606.0,606.0,599.0,602.0,4200,0.0,0.0
2024-01-26 00:00:00+09:00,602.0,606.0,600.0,604.0,2200,0.0,0.0
2024-01-29 00:00:00+09:00,604.0,604.0,601.0,604.0,3800,0.0,0.0
2024-01-30 00:00:00+09:00,604.0,605.0,603.0,603.0,1200,0.0,0.0
2024-01-31 00:00:00+09:00,599.0,607.0,599.0,599.0,5100,0.0,0.0
2024-02-01 00:00:00+09:00,599.0,605.0,599.0,603.0,1400,0.0,0.0
2024-02-02 00:00:00+09:00,602.0,602.0,602.0,602.0,100,0.0,0.0
2024-02-05 00:00:00+09:00,600.0,601.0,599.0,601.0,2700,0.0,0.0
2024-02-06 00:00:00+09:00,600.0,601.0,600.0,601.0,1400,0.0,0.0
2024-02-07 00:00:00+09:00,602.0,602.0,600.0,600.0,1500,0.0,0.0
2024-02-08 00:00:00+09:00,602.0,604.0,602.0,604.0,300,0.0,0.0
2024-02-09 00:00:00+09:00,602.0,603.0,602.0,603.0,500,0.0,0.0
2024-02-13 00:00:00+09:00,603.0,603.0,581.0,590.0,14300,0.0,0.0
2024-02-14 00:00:00+09:00,592.0,596.0,592.0,593.0,1000,0.0,0.0
2024-02-15 00:00:00+09:00,591.0,593.0,591.0,593.0,300,0.0,0.0
2024-02-16 00:00:00+09:00,592.0,596.0,592.0,593.0,2200,0.0,0.0
2024-02-19 00:00:00+09:00,594.0,597.0,594.0,596.0,1100,0.0,0.0
2024-02-20 00:00:00+09:00,597.0,599.0,594.0,599.0,800,0.0,0.0
2024-02-21 00:00:00+09:00,599.0,599.0,595.0,596.0,1100,0.0,0.0
2024-02-22 00:00:00+09:00,596.0,600.0,596.0,597.0,800,0.0,0.0
2024-02-26 00:00:00+09:00,597.0,600.0,597.0,600.0,2100,0.0,0.0
2024-02-27 00:00:00+09:00,602.0,602.0,597.0,597.0,2900,0.0,0.0
2024-02-28 00:00:00+09:00,599.0,602.0,597.0,602.0,1400,0.0,0.0
2024-02-29 00:00:00+09:00,602.0,603.0,596.0,603.0,500,0.0,0.0
2024-03-01 00:00:00+09:00,603.0,603.0,591.0,596.0,5300,0.0,0.0
2024-03-04 00:00:00+09:00,602.0,602.0,595.0,596.0,2600,0.0,0.0
2024-03-05 00:00:00+09:00,595.0,597.0,595.0,597.0,500,0.0,0.0
2024-03-06 00:00:00+09:00,595.0,599.0,595.0,599.0,1100,0.0,0.0
2024-03-07 00:00:00+09:00,596.0,596.0,593.0,596.0,2200,0.0,0.0
2024-03-08 00:00:00+09:00,597.0,599.0,593.0,599.0,1000,0.0,0.0
2024-03-11 00:00:00+09:00,595.0,598.0,595.0,596.0,500,0.0,0.0
2024-03-12 00:00:00+09:00,596.0,596.0,592.0,594.0,900,0.0,0.0
2024-03-13 00:00:00+09:00,594.0,596.0,594.0,596.0,500,0.0,0.0
2024-03-14 00:00:00+09:00,595.0,598.0,595.0,598.0,200,0.0,0.0
2024-03-15 00:00:00+09:00,598.0,598.0,597.0,597.0,400,0.0,0.0
2024-03-18 00:00:00+09:00,596.0,602.0,595.0,602.0,1800,0.0,0.0
2024-03-19 00:00:00+09:00,597.0,598.0,597.0,597.0,300,0.0,0.0
2024-03-21 00:00:00+09:00,601.0,601.0,600.0,600.0,400,0.0,0.0
2024-03-22 00:00:00+09:00,602.0,602.0,599.0,601.0,1400,0.0,0.0
2024-03-25 00:00:00+09:00,602.0,605.0,602.0,605.0,2500,0.0,0.0
2024-03-26 00:00:00+09:00,603.0,609.0,602.0,609.0,1900,0.0,0.0
2024-03-27 00:00:00+09:00,605.0,608.0,601.0,608.0,3300,0.0,0.0
2024-03-28 00:00:00+09:00,608.0,610.0,601.0,607.0,2000,0.0,0.0
2024-03-29 00:00:00+09:00,602.0,608.0,601.0,601.0,900,0.0,0.0
2024-04-01 00:00:00+09:00,601.0,609.0,601.0,608.0,1100,0.0,0.0
2024-04-02 00:00:00+09:00,608.0,608.0,603.0,608.0,2200,0.0,0.0
2024-04-03 00:00:00+09:00,608.0,608.0,601.0,601.0,400,0.0,0.0
2024-04-04 00:00:00+09:00,606.0,607.0,602.0,602.0,700,0.0,0.0
2024-04-05 00:00:00+09:00,602.0,602.0,601.0,602.0,800,0.0,0.0
2024-04-08 00:00:00+09:00,599.0,600.0,599.0,600.0,1800,0.0,0.0
2024-04-09 00:00:00+09:00,600.0,603.0,600.0,601.0,1400,0.0,0.0
2024-04-10 00:00:00+09:00,600.0,604.0,600.0,604.0,600,0.0,0.0
2024-04-11 00:00:00+09:00,599.0,602.0,599.0,602.0,1600,0.0,0.0
2024-04-12 00:00:00+09:00,600.0,604.0,600.0,604.0,300,0.0,0.0
2024-04-15 00:00:00+09:00,604.0,604.0,601.0,601.0,600,0.0,0.0
2024-04-16 00:00:00+09:00,600.0,600.0,600.0,600.0,500,0.0,0.0
2024-04-17 00:00:00+09:00,600.0,602.0,600.0,602.0,800,0.0,0.0
2024-04-18 00:00:00+09:00,599.0,599.0,599.0,599.0,600,0.0,0.0
2024-04-19 00:00:00+09:00,600.0,603.0,600.0,602.0,300,0.0,0.0
2024-04-22 00:00:00+09:00,602.0,602.0,595.0,602.0,800,0.0,0.0
2024-04-23 00:00:00+09:00,602.0,602.0,599.0,600.0,400,0.0,0.0
2024-04-24 00:00:00+09:00,602.0,604.0,600.0,604.0,1500,0.0,0.0
2024-04-25 00:00:00+09:00,603.0,603.0,603.0,603.0,200,0.0,0.0
2024-04-26 00:00:00+09:00,604.0,605.0,604.0,605.0,400,0.0,0.0
2024-04-30 00:00:00+09:00,608.0,608.0,605.0,605.0,3000,0.0,0.0
2024-05-01 00:00:00+09:00,603.0,607.0,599.0,606.0,2100,0.0,0.0
2024-05-02 00:00:00+09:00,602.0,602.0,602.0,602.0,100,0.0,0.0
2024-05-07 00:00:00+09:00,607.0,607.0,602.0,602.0,700,0.0,0.0
2024-05-08 00:00:00+09:00,602.0,602.0,602.0,602.0,200,0.0,0.0
2024-05-09 00:00:00+09:00,607.0,607.0,607.0,607.0,1000,0.0,0.0
2024-05-10 00:00:00+09:00,607.0,608.0,599.0,600.0,3700,0.0,0.0
2024-05-13 00:00:00+09:00,600.0,600.0,600.0,600.0,8000,0.0,0.0
2024-05-14 00:00:00+09:00,603.0,603.0,602.0,603.0,600,0.0,0.0
2024-05-15 00:00:00+09:00,603.0,603.0,601.0,601.0,300,0.0,0.0
2024-05-16 00:00:00+09:00,605.0,608.0,601.0,607.0,1800,0.0,0.0
2024-05-17 00:00:00+09:00,607.0,607.0,607.0,607.0,100,0.0,0.0
2024-05-20 00:00:00+09:00,607.0,607.0,601.0,601.0,1300,0.0,0.0
2024-05-21 00:00:00+09:00,601.0,603.0,601.0,602.0,1800,0.0,0.0
2024-05-22 00:00:00+09:00,603.0,603.0,603.0,603.0,900,0.0,0.0
2024-05-23 00:00:00+09:00,603.0,606.0,603.0,606.0,700,0.0,0.0
2024-05-24 00:00:00+09:00,606.0,607.0,606.0,607.0,1100,0.0,0.0
2024-05-27 00:00:00+09:00,607.0,607.0,604.0,607.0,2800,0.0,0.0
2024-05-28 00:00:00+09:00,606.0,606.0,603.0,604.0,400,0.0,0.0
2024-05-29 00:00:00+09:00,605.0,605.0,603.0,605.0,600,0.0,0.0
2024-05-30 00:00:00+09:00,603.0,603.0,602.0,603.0,1000,0.0,0.0
2024-05-31 00:00:00+09:00,602.0,606.0,602.0,606.0,300,0.0,0.0
2024-06-03 00:00:00+09:00,607.0,608.0,607.0,607.0,1900,0.0,0.0
2024-06-04 00:00:00+09:00,603.0,609.0,603.0,604.0,1800,0.0,0.0
2024-06-05 00:00:00+09:00,607.0,607.0,602.0,604.0,1300,0.0,0.0
2024-06-06 00:00:00+09:00,604.0,605.0,604.0,605.0,300,0.0,0.0
2024-06-07 00:00:00+09:00,605.0,605.0,605.0,605.0,0,0.0,0.0
2024-06-10 00:00:00+09:00,605.0,605.0,603.0,603.0,500,0.0,0.0
2024-06-11 00:00:00+09:00,603.0,604.0,603.0,603.0,600,0.0,0.0
2024-06-12 00:00:00+09:00,603.0,604.0,603.0,604.0,2000,0.0,0.0
2024-06-13 00:00:00+09:00,604.0,604.0,603.0,603.0,300,0.0,0.0
2024-06-14 00:00:00+09:00,603.0,604.0,603.0,603.0,1800,0.0,0.0
2024-06-17 00:00:00+09:00,604.0,604.0,603.0,604.0,700,0.0,0.0
2024-06-18 00:00:00+09:00,605.0,607.0,604.0,605.0,2500,0.0,0.0
2024-06-19 00:00:00+09:00,606.0,610.0,605.0,607.0,4700,0.0,0.0
2024-06-20 00:00:00+09:00,608.0,610.0,601.0,604.0,5900,0.0,0.0
2024-06-21 00:00:00+09:00,609.0,615.0,607.0,610.0,2600,0.0,0.0
2024-06-24 00:00:00+09:00,611.0,620.0,611.0,615.0,4100,0.0,0.0
2024-06-25 00:00:00+09:00,615.0,618.0,603.0,609.0,7200,0.0,0.0
2024-06-26 00:00:00+09:00,612.0,619.0,609.0,619.0,3000,0.0,0.0
2024-06-27 00:00:00+09:00,601.0,610.0,600.0,607.0,18400,0.0,0.0
2024-06-28 00:00:00+09:00,601.0,606.0,600.0,601.0,10400,0.0,0.0
2024-07-01 00:00:00+09:00,602.0,604.0,602.0,603.0,800,0.0,0.0
2024-07-02 00:00:00+09:00,601.0,605.0,601.0,602.0,2100,0.0,0.0
2024-07-03 00:00:00+09:00,603.0,605.0,602.0,604.0,700,0.0,0.0
2024-07-04 00:00:00+09:00,604.0,605.0,602.0,604.0,2600,0.0,0.0
2024-07-05 00:00:00+09:00,602.0,604.0,602.0,604.0,1400,0.0,0.0
2024-07-08 00:00:00+09:00,603.0,605.0,602.0,602.0,1700,0.0,0.0
2024-07-09 00:00:00+09:00,604.0,605.0,604.0,605.0,600,0.0,0.0
2024-07-10 00:00:00+09:00,605.0,607.0,605.0,607.0,2400,0.0,0.0
2024-07-11 00:00:00+09:00,607.0,609.0,607.0,608.0,1500,0.0,0.0
2024-07-12 00:00:00+09:00,607.0,607.0,604.0,604.0,800,0.0,0.0
2024-07-16 00:00:00+09:00,605.0,608.0,603.0,608.0,1200,0.0,0.0
2024-07-17 00:00:00+09:00,608.0,608.0,606.0,606.0,500,0.0,0.0
2024-07-18 00:00:00+09:00,606.0,609.0,606.0,609.0,400,0.0,0.0
2024-07-19 00:00:00+09:00,609.0,609.0,607.0,608.0,1100,0.0,0.0
2024-07-22 00:00:00+09:00,608.0,610.0,608.0,608.0,1300,0.0,0.0
2024-07-23 00:00:00+09:00,610.0,616.0,610.0,610.0,2500,0.0,0.0
2024-07-24 00:00:00+09:00,609.0,610.0,604.0,609.0,2900,0.0,0.0
2024-07-25 00:00:00+09:00,609.0,614.0,606.0,609.0,500,0.0,0.0
2024-07-26 00:00:00+09:00,610.0,614.0,610.0,613.0,1500,0.0,0.0
2024-07-29 00:00:00+09:00,618.0,618.0,605.0,607.0,9200,0.0,0.0
2024-07-30 00:00:00+09:00,608.0,616.0,608.0,616.0,300,0.0,0.0
2024-07-31 00:00:00+09:00,617.0,630.0,607.0,618.0,36500,0.0,0.0
2024-08-01 00:00:00+09:00,620.0,625.0,603.0,603.0,6000,0.0,0.0
2024-08-02 00:00:00+09:00,601.0,601.0,591.0,598.0,7700,0.0,0.0
2024-08-05 00:00:00+09:00,590.0,601.0,571.0,571.0,7500,0.0,0.0
2024-08-06 00:00:00+09:00,575.0,671.0,575.0,671.0,10800,0.0,0.0
2024-08-07 00:00:00+09:00,597.0,614.0,574.0,607.0,24100,0.0,0.0
2024-08-08 00:00:00+09:00,607.0,609.0,601.0,604.0,3000,0.0,0.0
2024-08-09 00:00:00+09:00,606.0,606.0,587.0,590.0,6600,0.0,0.0
2024-08-13 00:00:00+09:00,598.0,598.0,592.0,597.0,1200,0.0,0.0
2024-08-14 00:00:00+09:00,599.0,599.0,595.0,597.0,700,0.0,0.0
2024-08-15 00:00:00+09:00,600.0,600.0,595.0,600.0,2700,0.0,0.0
2024-08-16 00:00:00+09:00,600.0,600.0,598.0,599.0,3000,0.0,0.0
2024-08-19 00:00:00+09:00,599.0,600.0,598.0,600.0,3000,0.0,0.0
2024-08-20 00:00:00+09:00,600.0,600.0,595.0,598.0,1800,0.0,0.0
2024-08-21 00:00:00+09:00,598.0,600.0,598.0,600.0,3800,0.0,0.0
2024-08-22 00:00:00+09:00,600.0,601.0,595.0,595.0,3800,0.0,0.0
2024-08-23 00:00:00+09:00,603.0,603.0,601.0,602.0,500,0.0,0.0
2024-08-26 00:00:00+09:00,601.0,604.0,597.0,598.0,3600,0.0,0.0
2024-08-27 00:00:00+09:00,600.0,600.0,597.0,599.0,4000,0.0,0.0
2024-08-28 00:00:00+09:00,603.0,603.0,600.0,600.0,700,0.0,0.0
2024-08-29 00:00:00+09:00,602.0,603.0,598.0,602.0,4300,0.0,0.0
2024-08-30 00:00:00+09:00,603.0,603.0,603.0,603.0,1200,0.0,0.0
2024-09-02 00:00:00+09:00,605.0,605.0,603.0,603.0,1100,0.0,0.0
2024-09-03 00:00:00+09:00,605.0,605.0,599.0,602.0,4100,0.0,0.0
2024-09-04 00:00:00+09:00,600.0,601.0,600.0,601.0,1300,0.0,0.0
2024-09-05 00:00:00+09:00,600.0,600.0,599.0,600.0,600,0.0,0.0
2024-09-06 00:00:00+09:00,600.0,600.0,600.0,600.0,200,0.0,0.0
2024-09-09 00:00:00+09:00,603.0,603.0,599.0,599.0,1000,0.0,0.0
2024-09-10 00:00:00+09:00,604.0,604.0,598.0,599.0,1800,0.0,0.0
2024-09-11 00:00:00+09:00,600.0,600.0,596.0,597.0,1500,0.0,0.0
2024-09-12 00:00:00+09:00,600.0,600.0,598.0,600.0,600,0.0,0.0
2024-09-13 00:00:00+09:00,600.0,601.0,598.0,601.0,2200,0.0,0.0
2024-09-17 00:00:00+09:00,601.0,601.0,598.0,598.0,800,0.0,0.0
2024-09-18 00:00:00+09:00,599.0,601.0,597.0,597.0,2800,0.0,0.0
2024-09-19 00:00:00+09:00,597.0,600.0,597.0,597.0,1800,0.0,0.0
2024-09-20 00:00:00+09:00,598.0,600.0,597.0,598.0,1500,0.0,0.0
2024-09-24 00:00:00+09:00,598.0,598.0,590.0,590.0,11200,0.0,0.0
2024-09-25 00:00:00+09:00,590.0,596.0,588.0,595.0,9400,0.0,0.0
2024-09-26 00:00:00+09:00,599.0,599.0,588.0,596.0,9300,0.0,0.0
2024-09-27 00:00:00+09:00,594.0,594.0,586.0,593.0,4700,0.0,0.0
2024-09-30 00:00:00+09:00,584.0,600.0,583.0,592.0,2600,0.0,0.0
2024-10-01 00:00:00+09:00,594.0,594.0,583.0,587.0,2900,0.0,0.0
2024-10-02 00:00:00+09:00,588.0,589.0,587.0,587.0,300,0.0,0.0
2024-10-03 00:00:00+09:00,589.0,590.0,587.0,587.0,1000,0.0,0.0
2024-10-04 00:00:00+09:00,588.0,588.0,588.0,588.0,200,0.0,0.0
2024-10-07 00:00:00+09:00,588.0,589.0,587.0,587.0,500,0.0,0.0
2024-10-08 00:00:00+09:00,586.0,587.0,583.0,583.0,1600,0.0,0.0
2024-10-09 00:00:00+09:00,583.0,594.0,583.0,590.0,1800,0.0,0.0
2024-10-10 00:00:00+09:00,588.0,588.0,580.0,585.0,2000,0.0,0.0
2024-10-11 00:00:00+09:00,588.0,588.0,572.0,579.0,4200,0.0,0.0
2024-10-15 00:00:00+09:00,579.0,583.0,579.0,583.0,1600,0.0,0.0
2024-10-16 00:00:00+09:00,583.0,589.0,583.0,589.0,800,0.0,0.0
2024-10-18 00:00:00+09:00,583.0,584.0,582.0,582.0,300,0.0,0.0
