Date,Open,High,Low,Close,Volume,Dividends,Stock Splits
2001-01-01 00:00:00+09:00,739.6358032226562,739.6358032226562,739.6358032226562,739.6358032226562,0,0.0,0.0
2001-01-02 00:00:00+09:00,739.6358032226562,739.6358032226562,739.6358032226562,739.6358032226562,0,0.0,0.0
2001-01-03 00:00:00+09:00,739.6358032226562,739.6358032226562,739.6358032226562,739.6358032226562,0,0.0,0.0
2001-01-04 00:00:00+09:00,739.6360006893382,739.6360006893382,725.4122314453125,725.4122314453125,4400,0.0,0.0
2001-01-05 00:00:00+09:00,725.4122112206453,739.635980068109,717.5891383545403,721.1450805664062,6800,0.0,0.0
2001-01-08 00:00:00+09:00,721.1450805664062,721.1450805664062,721.1450805664062,721.1450805664062,0,0.0,0.0
2001-01-09 00:00:00+09:00,735.3687934300408,735.3687934300408,707.6324462890625,707.6324462890625,6400,0.0,0.0
2001-01-10 00:00:00+09:00,700.5204906122667,705.4988088196635,676.340087890625,676.340087890625,29600,0.0,0.0
2001-01-11 00:00:00+09:00,697.6757155645462,704.076410202753,668.5169955460483,672.0729370117188,15500,0.0,0.0
2001-01-12 00:00:00+09:00,682.7407648533951,691.2750244140625,672.7841286992831,691.2750244140625,15000,0.0,0.0
2001-01-15 00:00:00+09:00,689.8528456487576,718.3003856755105,677.0514526367188,677.0514526367188,16300,0.0,0.0
2001-01-16 00:00:00+09:00,689.8528316985636,704.7877899105944,672.0731195413841,678.4738159179688,23400,0.0,0.0
2001-01-17 00:00:00+09:00,696.9645934442077,704.0764770507812,696.2534050835503,704.0764770507812,18400,0.0,0.0
2001-01-18 00:00:00+09:00,725.4121978136958,732.524082105987,696.9646606445312,696.9646606445312,14000,0.0,0.0
2001-01-19 00:00:00+09:00,708.3435721261161,746.7477416992188,708.3435721261161,746.7477416992188,5000,0.0,0.0
2001-01-22 00:00:00+09:00,746.7478919122005,746.7478919122005,721.8562955151272,731.1017456054688,6700,0.0,0.0
2001-01-23 00:00:00+09:00,732.5239817543866,746.0365600585938,724.7009101045825,746.0365600585938,9400,0.0,0.0
2001-01-24 00:00:00+09:00,747.458985174338,773.0617667787872,747.458985174338,760.2603759765625,4400,0.0,0.0
2001-01-25 00:00:00+09:00,760.2603952944858,765.9499024622648,732.5240478515625,732.5240478515625,13000,0.0,0.0
2001-01-26 00:00:00+09:00,733.2353447019592,738.9248527112857,718.300386177477,733.946533203125,11300,0.0,0.0
2001-01-29 00:00:00+09:00,733.9463492027126,733.9463492027126,721.8561477139083,727.545654296875,3700,0.0,0.0
2001-01-30 00:00:00+09:00,728.9680376444777,746.7477458797089,725.4120959974315,726.83447265625,6500,0.0,0.0
2001-01-31 00:00:00+09:00,726.8344734850494,744.6141817405545,726.8344734850494,733.2351684570312,3400,0.0,0.0
2001-02-01 00:00:00+09:00,733.9463904308296,733.9463904308296,726.1233184398034,729.6792602539062,6000,0.0,0.0
2001-02-02 00:00:00+09:00,729.6793686684931,732.5241225424444,726.1234263260541,731.1017456054688,10000,0.0,0.0
2001-02-05 00:00:00+09:00,731.1015668553333,731.1015668553333,711.8994829009617,717.5889892578125,9100,0.0,0.0
2001-02-06 00:00:00+09:00,711.1885307075737,715.4556618918192,711.1885307075737,711.8997192382812,5900,0.0,0.0
2001-02-07 00:00:00+09:00,711.8996039428712,715.4555460205079,710.4772271118164,711.1884155273438,13800,0.0,0.0
2001-02-08 00:00:00+09:00,710.4772271118164,711.1884155273438,707.632473449707,711.1884155273438,16200,0.0,0.0
2001-02-09 00:00:00+09:00,710.4771184825706,711.18830678936,709.7659301757812,709.7659301757812,4100,0.0,0.0
2001-02-12 00:00:00+09:00,709.7659301757812,709.7659301757812,709.7659301757812,709.7659301757812,0,0.0,0.0
2001-02-13 00:00:00+09:00,711.8996107313368,721.1450602213541,711.8996107313368,716.8779296875,6800,0.0,0.0
2001-02-14 00:00:00+09:00,711.1884155273438,718.3002996826173,711.1884155273438,711.1884155273438,11400,0.0,0.0
2001-02-15 00:00:00+09:00,732.5240546134748,741.7695038464605,730.3904894058628,731.8128662109375,3000,0.0,0.0
2001-02-16 00:00:00+09:00,731.8130204975033,743.1920373371146,731.8130204975033,741.0584716796875,5200,0.0,0.0
2001-02-19 00:00:00+09:00,741.0583097519986,780.8848599881904,741.0583097519986,764.5275268554688,10100,0.0,0.0
2001-02-20 00:00:00+09:00,760.971435546875,760.971435546875,757.4154942592728,760.971435546875,10100,0.0,0.0
2001-02-21 00:00:00+09:00,746.7477625066583,753.8596459591027,746.7477625066583,751.014892578125,20100,0.0,0.0
2001-02-22 00:00:00+09:00,746.7478910778038,747.4590795454969,739.6360064008724,743.9031372070312,10700,0.0,0.0
2001-02-23 00:00:00+09:00,746.7477416992188,747.4589300246466,743.9029883975074,746.7477416992188,12300,0.0,0.0
2001-02-26 00:00:00+09:00,746.7477416992188,746.7477416992188,743.9029883975074,746.7477416992188,16000,0.0,0.0
2001-02-27 00:00:00+09:00,746.7477752831564,746.7477752831564,740.3470800664437,743.1918334960938,8800,0.0,0.0
2001-02-28 00:00:00+09:00,743.191948739338,746.0367026101106,742.480760271645,743.9031372070312,9900,0.0,0.0
2001-03-01 00:00:00+09:00,743.1921234280309,746.7480666023276,711.1886348593597,726.1235961914062,14100,0.0,0.0
2001-03-02 00:00:00+09:00,718.3005128423852,743.1921147725668,708.3438720703125,708.3438720703125,18800,0.0,0.0
2001-03-05 00:00:00+09:00,725.4123991081514,725.4123991081514,708.3438720703125,708.3438720703125,12500,0.0,0.0
2001-03-06 00:00:00+09:00,746.7477390143878,746.7477390143878,724.7009010053916,727.545654296875,1400,0.0,0.0
2001-03-07 00:00:00+09:00,727.5457290797558,734.6576130394797,727.5457290797558,732.5240478515625,3000,0.0,0.0
2001-03-08 00:00:00+09:00,732.5239751906622,746.7477416992188,731.1015985398066,746.7477416992188,2300,0.0,0.0
2001-03-09 00:00:00+09:00,757.4155665806362,758.8379432314919,746.7477416992188,746.7477416992188,23600,0.0,0.0
2001-03-12 00:00:00+09:00,747.4589300246466,750.3036833263579,736.0799168178014,746.7477416992188,8600,0.0,0.0
2001-03-13 00:00:00+09:00,733.9463687523182,733.9463687523182,712.6107184978904,719.0114135742188,7600,0.0,0.0
2001-03-14 00:00:00+09:00,719.0114135742188,719.0114135742188,719.0114135742188,719.0114135742188,0,0.0,0.0
2001-03-15 00:00:00+09:00,714.0332227712524,725.4122382735832,706.9213380822957,724.7010498046875,15600,0.0,0.0
2001-03-16 00:00:00+09:00,736.0799900675416,738.9247436523438,719.7226569549296,738.9247436523438,7200,0.0,0.0
2001-03-19 00:00:00+09:00,742.4805563119742,746.7476859459509,739.6358032226562,739.6358032226562,4200,0.0,0.0
2001-03-20 00:00:00+09:00,739.6358032226562,739.6358032226562,739.6358032226562,739.6358032226562,0,0.0,0.0
2001-03-21 00:00:00+09:00,733.2350914682413,780.8847045898438,726.1232089127783,780.8847045898438,16800,0.0,0.0
2001-03-22 00:00:00+09:00,766.6609655516239,778.0399780273439,765.238588992159,778.0399780273438,13000,0.0,0.0
2001-03-23 00:00:00+09:00,782.3074691907494,803.6431274414062,778.7515261489733,803.6431274414062,14200,0.0,0.0
2001-03-26 00:00:00+09:00,817.8667204720633,838.491185597011,775.1954133169992,796.5310668945312,47300,0.0,0.0
2001-03-27 00:00:00+09:00,809.0607705804708,811.9247025117292,796.8890598726231,808.3447875976562,20800,7.5,0.0
2001-03-28 00:00:00+09:00,822.6641767578125,822.6641767578125,801.9006770833333,805.4805908203125,11200,0.0,0.0
2001-03-29 00:00:00+09:00,812.6405778364702,812.6405778364702,787.5811767578125,787.5811767578125,8800,0.0,0.0
2001-03-30 00:00:00+09:00,805.4806709289551,805.4806709289551,787.5811004638672,801.9007568359375,4200,0.0,0.0
2001-04-02 00:00:00+09:00,823.380321155895,823.380321155895,787.5811767578125,787.5811767578125,8200,0.0,0.0
2001-04-03 00:00:00+09:00,787.5811004638672,805.4806709289551,784.0011863708496,801.9007568359375,6500,0.0,0.0
2001-04-04 00:00:00+09:00,801.9007553018401,809.0605834741781,787.5810989571645,797.6048583984375,5700,0.0,0.0
2001-04-05 00:00:00+09:00,801.9008184689447,809.0606472052747,801.9008184689447,804.0487670898438,36700,0.0,0.0
2001-04-06 00:00:00+09:00,809.060663396662,812.6405778364702,787.5811767578125,787.5811767578125,20800,0.0,0.0
2001-04-09 00:00:00+09:00,787.5811674748991,787.5811674748991,741.0422803059278,753.2139892578125,37500,0.0,0.0
2001-04-10 00:00:00+09:00,753.9298895915956,756.0778379949904,750.3499755859375,750.3499755859375,23700,0.0,0.0
2001-04-11 00:00:00+09:00,752.4982096354166,762.52197265625,751.7822265625,762.52197265625,50800,0.0,0.0
2001-04-12 00:00:00+09:00,791.1613571654716,794.7412728087543,784.0015258789062,784.0015258789062,14000,0.0,0.0
2001-04-13 00:00:00+09:00,794.7409836611176,794.7409836611176,766.8176518027541,782.5692749023438,10500,0.0,0.0
2001-04-16 00:00:00+09:00,778.2733992143111,787.5811767578125,778.2733992143111,787.5811767578125,11100,0.0,0.0
2001-04-17 00:00:00+09:00,794.0249213066654,794.7409041031548,773.2614202084749,790.4450073242188,13800,0.0,0.0
2001-04-18 00:00:00+09:00,801.9007568359375,802.616739654541,796.8888771057129,801.9007568359375,12900,0.0,0.0
2001-04-19 00:00:00+09:00,809.7768961948632,816.2207441751937,806.9129637591608,809.0609130859375,21200,0.0,0.0
2001-04-20 00:00:00+09:00,816.2206009516108,816.2206009516108,806.1968391855384,812.6406860351562,13900,0.0,0.0
2001-04-23 00:00:00+09:00,816.2205200195312,819.8004345810203,816.2205200195312,816.2205200195312,12900,0.0,0.0
2001-04-24 00:00:00+09:00,823.3802689077132,823.3802689077132,809.0606120571442,821.9483032226562,19900,0.0,0.0
2001-04-25 00:00:00+09:00,823.380295718697,844.8597816939673,823.380295718697,844.143798828125,22100,0.0,0.0
2001-04-26 00:00:00+09:00,823.380295718697,844.8597816939673,823.380295718697,844.143798828125,22100,0.0,0.0
2001-04-27 00:00:00+09:00,894.9784069526487,901.4222514827078,879.9427697158442,880.6587524414062,27400,0.0,0.0
2001-04-30 00:00:00+09:00,880.6587524414064,880.6587524414064,880.6587524414064,880.6587524414062,0,0.0,0.0
2001-05-01 00:00:00+09:00,910.014326547476,930.77783203125,880.6590256911059,930.77783203125,31000,0.0,0.0
2001-05-02 00:00:00+09:00,945.0973090690352,966.5767933660587,930.7776528710195,941.5173950195312,33600,0.0,0.0
2001-05-03 00:00:00+09:00,941.5173950195312,941.5173950195312,941.5173950195312,941.5173950195312,0,0.0,0.0
2001-05-04 00:00:00+09:00,941.5173950195312,941.5173950195312,941.5173950195312,941.5173950195312,0,0.0,0.0
2001-05-07 00:00:00+09:00,966.5767445283778,980.8964000028723,945.8132440903607,973.736572265625,200,0.0,0.0
2001-05-08 00:00:00+09:00,973.7366102430555,987.3402834743923,958.7009714084201,966.5767822265625,100,0.0,0.0
2001-05-09 00:00:00+09:00,945.8134739332933,955.8372352013222,928.629883188101,930.77783203125,200,0.0,0.0
2001-05-10 00:00:00+09:00,923.617963718094,945.0974512464218,923.617963718094,937.9376220703125,99,0.0,0.0
2001-05-11 00:00:00+09:00,930.7774842015564,936.5053456427968,927.1975708007812,927.1975708007812,100,0.0,0.0
2001-05-14 00:00:00+09:00,923.617688757228,923.617688757228,909.2980346679688,909.2980346679688,97,0.0,0.0
2001-05-15 00:00:00+09:00,909.2984210955983,909.2984210955983,894.9787609208645,907.866455078125,7300,0.0,0.0
2001-05-16 00:00:00+09:00,902.13834375,902.13834375,894.9785156249999,894.978515625,7500,0.0,0.0
2001-05-17 00:00:00+09:00,902.1382076233391,909.2980346679688,894.9783805787094,909.2980346679688,8800,0.0,0.0
2001-05-18 00:00:00+09:00,894.9787378504836,909.2983976560914,880.659078044876,881.3750610351562,30800,0.0,0.0
2001-05-21 00:00:00+09:00,930.777691482404,936.5055541992188,911.446154813154,936.5055541992188,8000,0.0,0.0
2001-05-22 00:00:00+09:00,937.9375815664331,956.5531366204234,924.3339067192863,938.653564453125,23500,0.0,0.0
2001-05-23 00:00:00+09:00,925.0498862565255,940.801509706714,923.6179204883266,925.765869140625,14600,0.0,0.0
2001-05-24 00:00:00+09:00,923.6176830762886,923.6176830762886,896.4103404740413,898.5582885742188,7900,0.0,0.0
2001-05-25 00:00:00+09:00,902.1382043098854,909.2980313282179,902.1382043098854,902.8541870117188,9900,0.0,0.0
2001-05-28 00:00:00+09:00,902.8540663417382,909.2979097969925,902.8540663417382,905.0020141601562,5000,0.0,0.0
2001-05-29 00:00:00+09:00,905.0020141601562,907.8659445847137,902.1380837355988,905.0020141601562,6100,0.0,0.0
2001-05-30 00:00:00+09:00,895.6946796070445,902.1385262229226,882.0910034179688,882.0910034179688,8300,0.0,0.0
2001-05-31 00:00:00+09:00,882.0910027209931,894.978695942566,877.0791220237146,877.7951049804688,15100,0.0,0.0
2001-06-01 00:00:00+09:00,877.7951049804688,877.7951049804688,872.7832242831903,877.7951049804688,4000,0.0,0.0
2001-06-04 00:00:00+09:00,887.8185588194162,894.9783859066696,873.4989046449095,879.9427490234375,7400,0.0,0.0
2001-06-05 00:00:00+09:00,880.6589920043946,880.6589920043946,855.5995897928874,859.1795043945312,13100,0.0,0.0
2001-06-06 00:00:00+09:00,873.4992887132762,887.1029661604501,860.6115942896377,884.9550170898438,11400,0.0,0.0
2001-06-07 00:00:00+09:00,894.9787805950831,902.1386108398438,892.8308315216549,902.1386108398438,14000,0.0,0.0
2001-06-08 00:00:00+09:00,894.9786187734437,909.2982766738188,894.9786187734437,900.7064819335938,34400,0.0,0.0
2001-06-11 00:00:00+09:00,902.1386108398438,909.2984410846044,902.1386108398438,902.1386108398438,9800,0.0,0.0
2001-06-12 00:00:00+09:00,905.7181178190517,909.2980313282179,898.5582908007192,902.8541870117188,16100,0.0,0.0
2001-06-13 00:00:00+09:00,902.1386108398438,909.2984410846044,897.1267296685112,902.1386108398438,16000,0.0,0.0
2001-06-14 00:00:00+09:00,905.7183555690434,905.7183555690434,874.2151084188158,874.9310913085938,12800,0.0,0.0
2001-06-15 00:00:00+09:00,880.6589871920072,880.6589871920072,823.3803538787059,837.7000122070312,14100,0.0,0.0
2001-06-18 00:00:00+09:00,844.8598459879557,909.2983088175456,838.4159997049968,859.1795043945312,8500,0.0,0.0
2001-06-19 00:00:00+09:00,859.1794029064322,867.0552140997412,859.1794029064322,859.8953857421875,10700,0.0,0.0
2001-06-20 00:00:00+09:00,866.3393335978191,873.4991628011069,859.1795043945312,859.1795043945312,6200,0.0,0.0
2001-06-21 00:00:00+09:00,894.9787805950831,902.1386108398438,880.6591201055617,902.1386108398438,14200,0.0,0.0
2001-06-22 00:00:00+09:00,910.0146032159979,945.0977783203125,909.2986200506037,945.0977783203125,34300,0.0,0.0
2001-06-25 00:00:00+09:00,945.0972449870789,951.5410898392635,932.2095552827096,935.073486328125,30900,0.0,0.0
2001-06-26 00:00:00+09:00,934.3577467698318,937.9376615084135,923.6180025540866,930.77783203125,28100,0.0,0.0
2001-06-27 00:00:00+09:00,930.7777470299083,932.2097127945696,916.4580893832942,917.174072265625,25800,0.0,0.0
2001-06-28 00:00:00+09:00,909.2984218597412,916.458251953125,907.150472831726,916.458251953125,15300,0.0,0.0
2001-06-29 00:00:00+09:00,930.77783203125,937.9376615084135,924.3339855018029,930.77783203125,13700,0.0,0.0
2001-07-02 00:00:00+09:00,922.9018453125,932.2096218749999,894.9785156249999,894.978515625,14900,0.0,0.0
2001-07-03 00:00:00+09:00,894.9787173924751,913.5942747142386,882.0910238620236,882.8070068359375,11200,0.0,0.0
2001-07-04 00:00:00+09:00,902.1379574634989,902.1379574634989,873.4986572265624,873.4986572265625,9400,0.0,0.0
2001-07-05 00:00:00+09:00,876.3630958727512,876.3630958727512,852.0196765429525,865.6233520507812,21200,0.0,0.0
2001-07-06 00:00:00+09:00,879.9430118554527,879.9430118554527,859.1795071005234,872.0671997070312,29700,0.0,0.0
2001-07-09 00:00:00+09:00,859.1796875,862.7596028645833,823.3805338541666,826.96044921875,12400,0.0,0.0
2001-07-10 00:00:00+09:00,859.1794838797956,859.1794838797956,841.2799112989666,858.4635009765625,12300,0.0,0.0
2001-07-11 00:00:00+09:00,854.8836461684283,854.8836461684283,831.9721916647518,852.0197143554688,13500,0.0,0.0
2001-07-12 00:00:00+09:00,859.1791602860258,865.6230039881709,852.0193339503089,862.0430908203125,7500,0.0,0.0
2001-07-13 00:00:00+09:00,859.1795438878677,866.3393734202665,837.7000552906709,852.0197143554688,12100,0.0,0.0
2001-07-16 00:00:00+09:00,862.7591843023533,887.8185796970275,859.8952534001048,880.6587524414062,15800,0.0,0.0
2001-07-17 00:00:00+09:00,893.5468957270408,894.2628788165657,866.3395383250956,877.0792846679688,33400,0.0,0.0
2001-07-18 00:00:00+09:00,905.7182994513466,929.3457333500774,893.5465910792732,896.4105224609375,74700,0.0,0.0
2001-07-19 00:00:00+09:00,908.5820211167501,927.1975708007812,887.8185233922538,927.1975708007812,100100,0.0,0.0
2001-07-20 00:00:00+09:00,927.1975708007812,927.1975708007812,927.1975708007812,927.1975708007812,0,0.0,0.0
2001-07-23 00:00:00+09:00,927.1976022795429,927.1976022795429,902.1382076233391,909.2980346679688,18800,0.0,0.0
2001-07-24 00:00:00+09:00,894.9786846454327,945.097490985577,894.9786846454327,930.77783203125,60300,0.0,0.0
2001-07-25 00:00:00+09:00,940.8016403030563,1015.2638705857944,940.8016403030563,977.3167724609375,227700,0.0,0.0
2001-07-26 00:00:00+09:00,1003.8080644880022,1029.5834498814174,995.2162693568638,1002.3760986328125,214900,0.0,0.0
2001-07-27 00:00:00+09:00,1016.6958392837141,1016.6958392837141,987.3405368818604,998.7962646484375,69700,0.0,0.0
2001-07-30 00:00:00+09:00,995.2161688983122,995.2161688983122,931.4936947746072,937.2215576171875,35200,0.0,0.0
2001-07-31 00:00:00+09:00,952.2572313353073,988.0563753704693,952.2572313353073,985.1924438476562,25600,0.0,0.0
2001-08-01 00:00:00+09:00,985.192373184419,1016.6956176757812,985.192373184419,1016.6956176757812,76100,0.0,0.0
2001-08-02 00:00:00+09:00,1023.8555185037766,1059.6546625074052,1017.4116725831235,1057.5067138671875,133100,0.0,0.0
2001-08-03 00:00:00+09:00,1048.9146302105628,1059.6543704516266,1041.754803383187,1045.334716796875,68300,0.0,0.0
2001-08-06 00:00:00+09:00,1059.6547084679423,1081.134195801752,1052.4948793566725,1080.418212890625,159300,0.0,0.0
2001-08-07 00:00:00+09:00,1088.2940713205646,1120.5133036951866,1080.4182589623235,1109.7735595703125,182200,0.0,0.0
2001-08-08 00:00:00+09:00,1127.6731331117692,1128.3891160534274,1096.1698836788055,1109.7735595703125,151800,0.0,0.0
2001-08-09 00:00:00+09:00,1088.2939427221486,1088.2939427221486,1070.3943712957973,1079.7021484375,116300,0.0,0.0
2001-08-10 00:00:00+09:00,1059.6544661458333,1080.4179658203125,1059.6544661458333,1073.97412109375,67000,0.0,0.0
2001-08-13 00:00:00+09:00,1061.0868738874603,1079.7024330784684,1060.3708908416525,1074.6905517578125,50400,0.0,0.0
2001-08-14 00:00:00+09:00,1077.5543687176553,1124.09326171875,1077.5543687176553,1124.09326171875,89100,0.0,0.0
2001-08-15 00:00:00+09:00,1124.0933451208268,1159.8924962393244,1116.9335148971272,1152.732666015625,169800,0.0,0.0
2001-08-16 00:00:00+09:00,1174.2120397876124,1213.5911020975627,1159.8923807658123,1195.6915283203125,196500,0.0,0.0
2001-08-17 00:00:00+09:00,1202.8513632015306,1227.9107666015625,1197.8394825215244,1227.9107666015625,200700,0.0,0.0
2001-08-20 00:00:00+09:00,1224.3309720998702,1224.3309720998702,1183.519939696541,1206.431396484375,95000,0.0,0.0
2001-08-21 00:00:00+09:00,1184.951498573124,1204.9990163737568,1167.051929108273,1187.8154296875,54100,0.0,0.0
2001-08-22 00:00:00+09:00,1154.880462210519,1210.0111476353236,1148.4366158621651,1202.851318359375,73500,0.0,0.0
2001-08-23 00:00:00+09:00,1181.3717027650262,1202.851188269845,1116.9332462505702,1177.0758056640625,53500,0.0,0.0
2001-08-24 00:00:00+09:00,1131.2529770670774,1158.4603271484375,1111.9214388513742,1158.4603271484375,91000,0.0,0.0
2001-08-27 00:00:00+09:00,1136.9807505580357,1152.732373046875,1121.2291280691963,1127.6729736328125,31100,0.0,0.0
2001-08-28 00:00:00+09:00,1111.2056058247886,1122.6613337198894,1099.7498779296875,1099.7498779296875,52500,0.0,0.0
2001-08-29 00:00:00+09:00,1099.03389564687,1106.1937255859375,1092.590048701709,1106.1937255859375,58600,0.0,0.0
2001-08-30 00:00:00+09:00,1086.1459128272454,1089.7258268444743,1052.4947210652938,1081.134033203125,54800,0.0,0.0
2001-08-31 00:00:00+09:00,1046.7667300662479,1070.3941596778664,1038.1749374802048,1059.6544189453125,43500,0.0,0.0
2001-09-03 00:00:00+09:00,1038.1754160248256,1070.3946530738717,1038.1754160248256,1063.9508056640625,31100,0.0,0.0
2001-09-04 00:00:00+09:00,1063.2343798828126,1073.97412109375,1053.2106214192709,1073.97412109375,29800,0.0,0.0
2001-09-05 00:00:00+09:00,1063.2346580339515,1066.8145727074666,1041.7551699928615,1053.9268798828125,33100,0.0,0.0
2001-09-06 00:00:00+09:00,1053.9265171336936,1070.3941189639074,1053.9265171336936,1060.370361328125,45600,0.0,0.0
2001-09-07 00:00:00+09:00,1048.914960970381,1063.234619140625,1048.914960970381,1063.234619140625,19500,0.0,0.0
2001-09-10 00:00:00+09:00,1061.802692996633,1061.802692996633,1045.335085485559,1058.2227783203125,15200,0.0,0.0
2001-09-11 00:00:00+09:00,1045.3347646352406,1059.6544189453125,1042.4708337732263,1059.6544189453125,30800,0.0,0.0
2001-09-12 00:00:00+09:00,988.0564400809151,1023.8555864606584,988.0564400809151,1002.3760986328125,52800,0.0,0.0
2001-09-13 00:00:00+09:00,1002.376118715911,1002.376118715911,973.7368010383136,1000.9441528320312,22700,0.0,0.0
2001-09-14 00:00:00+09:00,1016.695775128793,1016.695775128793,976.6007304758266,988.0564575195312,29900,0.0,0.0
2001-09-17 00:00:00+09:00,973.7366566809927,974.4526395167875,917.1740126531997,921.4699096679688,53700,0.0,0.0
2001-09-18 00:00:00+09:00,920.0379001193576,973.7366102430555,919.3219173177083,966.5767822265625,48100,0.0,0.0
2001-09-19 00:00:00+09:00,988.0562050285394,1016.6955153192216,984.4762912422041,1015.2635498046875,37100,0.0,0.0
2001-09-20 00:00:00+09:00,1013.1158906490467,1058.9388001907703,988.772469955006,1046.76708984375,62800,0.0,0.0
2001-09-21 00:00:00+09:00,1032.4474714006697,1058.2228590361926,1020.2757605727838,1052.4949951171875,54100,0.0,0.0
2001-09-24 00:00:00+09:00,1052.4949951171875,1052.4949951171875,1052.4949951171875,1052.4949951171875,0,0.0,0.0
2001-09-25 00:00:00+09:00,1058.6118887284379,1063.6494707958063,1026.9470871621215,1031.2650146484375,47300,7.5,0.0
2001-09-26 00:00:00+09:00,1028.3865123126523,1028.3865123126523,993.123433863863,1014.7130737304688,25300,0.0,0.0
2001-09-27 00:00:00+09:00,1043.4989580426898,1050.6955025809152,993.1231462751116,1007.5162353515625,41200,0.0,0.0
2001-09-28 00:00:00+09:00,1007.5162353515625,1007.5162353515625,1007.5162353515625,1007.5162353515625,0,0.0,0.0
2001-10-01 00:00:00+09:00,1014.7127967987498,1014.7127967987498,1004.6376342773438,1004.6376342773438,44100,0.0,0.0
2001-10-02 00:00:00+09:00,1004.6376521869298,1007.5162701015055,985.9266357421875,985.9266357421875,61800,0.0,0.0
2001-10-03 00:00:00+09:00,990.2445449610494,1015.4324512645645,990.2445449610494,1004.6376342773438,45000,0.0,0.0
2001-10-04 00:00:00+09:00,1033.4238488602311,1050.695556640625,1025.507649460884,1050.695556640625,62700,0.0,0.0
2001-10-05 00:00:00+09:00,1065.0887489318848,1115.4645681381226,1058.6118578910828,1105.389404296875,130200,0.0,0.0
2001-10-08 00:00:00+09:00,1105.389404296875,1105.389404296875,1105.389404296875,1105.389404296875,0,0.0,0.0
2001-10-09 00:00:00+09:00,1115.4645993020865,1144.2507825098824,1079.481870292342,1143.5311279296875,87100,0.0,0.0
2001-10-10 00:00:00+09:00,1147.1296377328727,1147.8492924616887,1116.1844843937802,1122.661376953125,55300,0.0,0.0
2001-10-11 00:00:00+09:00,1137.0539443297957,1150.727377837559,1126.9787827977595,1144.25048828125,36800,0.0,0.0
2001-10-12 00:00:00+09:00,1144.25048828125,1144.25048828125,1115.4643124754325,1144.25048828125,29600,0.0,0.0
2001-10-15 00:00:00+09:00,1144.25048828125,1151.4470322327045,1122.6608564268868,1144.25048828125,19700,0.0,0.0
2001-10-16 00:00:00+09:00,1144.2508756767197,1216.2163395557589,1137.054329288816,1185.9908447265625,152000,0.0,0.0
2001-10-17 00:00:00+09:00,1187.4304520456415,1237.8062894051536,1173.0373556572094,1230.6097412109375,190900,0.0,0.0
2001-10-18 00:00:00+09:00,1212.617963719749,1237.8058739453818,1198.94452674012,1215.49658203125,97200,0.0,0.0
2001-10-19 00:00:00+09:00,1208.29977681723,1208.29977681723,1183.8315264230753,1194.6263427734375,45000,0.0,0.0
2001-10-22 00:00:00+09:00,1209.0198780665887,1233.4881375036507,1205.421604619962,1232.048828125,74100,0.0,0.0
2001-10-23 00:00:00+09:00,1237.8062894051536,1252.1993857935856,1209.0200966282896,1230.6097412109375,106300,0.0,0.0
2001-10-24 00:00:00+09:00,1231.3291117350261,1259.3956432123293,1230.6094570817618,1252.1990966796875,135300,0.0,0.0
2001-10-25 00:00:00+09:00,1258.67584383035,1262.9937712534386,1232.7682792918179,1250.7596435546875,115000,0.0,0.0
2001-10-26 00:00:00+09:00,1249.3206868489583,1250.040341622489,1209.02001953125,1209.02001953125,48100,0.0,0.0
2001-10-29 00:00:00+09:00,1187.4300537109375,1208.3000364731297,1173.036962150805,1187.4300537109375,36000,0.0,0.0
2001-10-30 00:00:00+09:00,1160.0832777301084,1185.9908447265625,1151.4474220646237,1185.9908447265625,30600,0.0,0.0
2001-10-31 00:00:00+09:00,1187.430154004143,1199.6642828635797,1173.7567158671259,1185.9908447265625,20300,0.0,0.0
2001-11-01 00:00:00+09:00,1216.216530882282,1216.216530882282,1165.8406982421875,1165.8406982421875,82300,0.0,0.0
2001-11-02 00:00:00+09:00,1170.1583408185184,1201.823142169081,1169.4386862423692,1175.1959228515625,32600,0.0,0.0
2001-11-05 00:00:00+09:00,1174.4764996086762,1216.2164732467297,1173.0371901728813,1206.8609619140625,32200,0.0,0.0
2001-11-06 00:00:00+09:00,1216.2164739003006,1237.8061154488266,1209.7395814357428,1219.0950927734375,56900,0.0,0.0
2001-11-07 00:00:00+09:00,1197.5051513077858,1223.4127146774254,1174.4762060903283,1183.112060546875,42400,0.0,0.0
2001-11-08 00:00:00+09:00,1205.4212367861433,1209.0195091347587,1194.6264197402973,1207.5802001953125,23600,0.0,0.0
2001-11-09 00:00:00+09:00,1207.5802001953125,1207.5802001953125,1207.5802001953125,1207.5802001953125,0,0.0,0.0
2001-11-12 00:00:00+09:00,1193.1873159209645,1201.8231710422258,1173.0369873046875,1173.0369873046875,17900,0.0,0.0
2001-11-13 00:00:00+09:00,1180.2335079308712,1187.4300537109375,1166.5600709487453,1187.4300537109375,24800,0.0,0.0
2001-11-14 00:00:00+09:00,1180.2336409234442,1187.4301875144408,1162.2422744459527,1167.99951171875,20800,0.0,0.0
2001-11-15 00:00:00+09:00,1173.0368894967974,1173.0368894967974,1147.8489808266206,1158.643798828125,32000,0.0,0.0
2001-11-16 00:00:00+09:00,1161.5225276476517,1161.5225276476517,1137.0542711792377,1137.77392578125,35100,0.0,0.0
2001-11-19 00:00:00+09:00,1137.0541212293838,1194.6264817979602,1129.8575761583118,1139.9327392578125,40700,0.0,0.0
2001-11-20 00:00:00+09:00,1137.054507606908,1137.054507606908,1079.4821274749127,1080.2017822265625,76000,0.0,0.0
2001-11-21 00:00:00+09:00,1092.435560839975,1093.8748698792901,1065.088689092993,1069.4066162109375,28200,0.0,0.0
2001-11-22 00:00:00+09:00,1069.4067186231737,1111.146684760552,1069.4067186231737,1108.26806640625,46400,0.0,0.0
2001-11-23 00:00:00+09:00,1108.26806640625,1108.26806640625,1108.26806640625,1108.26806640625,0,0.0,0.0
2001-11-26 00:00:00+09:00,1108.2681295593454,1140.652587890625,1101.0715832635055,1140.652587890625,34800,0.0,0.0
2001-11-27 00:00:00+09:00,1144.250908045615,1144.250908045615,1115.4647216796875,1115.4647216796875,31800,0.0,0.0
2001-11-28 00:00:00+09:00,1115.4647216796875,1115.4647216796875,1096.0340458826865,1115.4647216796875,28500,0.0,0.0
2001-11-29 00:00:00+09:00,1097.4731884414343,1108.987661238197,1097.4731884414343,1100.351806640625,9800,0.0,0.0
2001-11-30 00:00:00+09:00,1078.7622789713541,1093.1553714192708,1075.164005859375,1079.48193359375,33000,0.0,0.0
2001-12-03 00:00:00+09:00,1079.4822225765306,1080.2018773915815,1034.1439692283163,1057.892578125,47000,0.0,0.0
2001-12-04 00:00:00+09:00,1034.1435267130535,1060.77074347602,1034.1435267130535,1036.302490234375,28400,0.0,0.0
2001-12-05 00:00:00+09:00,1049.976318359375,1054.2942470160963,1037.0225323892114,1049.976318359375,25900,0.0,0.0
2001-12-06 00:00:00+09:00,1065.0886828015734,1086.6783182637676,1029.10595703125,1029.10595703125,44000,0.0,0.0
2001-12-07 00:00:00+09:00,1037.7421016890291,1057.8924337606607,1037.7421016890291,1044.218994140625,36200,0.0,0.0
2001-12-10 00:00:00+09:00,1058.612032058281,1075.8837443420327,1053.5744493088534,1060.77099609375,29700,0.0,0.0
2001-12-11 00:00:00+09:00,1060.7708364441125,1072.2853095669795,1052.8546361721417,1054.2939453125,20700,0.0,0.0
2001-12-12 00:00:00+09:00,1068.6875034669904,1089.5574951171875,1066.5285388135217,1089.5574951171875,26200,0.0,0.0
2001-12-13 00:00:00+09:00,1101.0712946657275,1101.0712946657275,1072.2851170274078,1097.4730224609375,18600,0.0,0.0
2001-12-14 00:00:00+09:00,1061.4906372728374,1072.2854573129002,1052.8547812407871,1067.967529296875,36700,0.0,0.0
2001-12-17 00:00:00+09:00,1078.762200698592,1078.762200698592,1047.0973996107082,1054.2939453125,11300,0.0,0.0
2001-12-18 00:00:00+09:00,1068.6871975571362,1083.0802911269293,1049.2565212379156,1060.77099609375,28200,0.0,0.0
2001-12-19 00:00:00+09:00,1060.7706847734898,1072.28515625,1043.4989775587248,1072.28515625,26900,0.0,0.0
2001-12-20 00:00:00+09:00,1070.846306866861,1070.846306866861,1036.3028776130911,1049.976318359375,25400,0.0,0.0
2001-12-21 00:00:00+09:00,1016.8720448882004,1043.499267578125,1016.8720448882004,1043.499267578125,14800,0.0,0.0
2001-12-24 00:00:00+09:00,1043.499267578125,1043.499267578125,1043.499267578125,1043.499267578125,0,0.0,0.0
2001-12-25 00:00:00+09:00,1070.1264827214234,1070.1264827214234,1014.7130737304688,1014.7130737304688,15400,0.0,0.0
2001-12-26 00:00:00+09:00,1021.9096069335938,1039.900973252847,1021.9096069335938,1021.9096069335938,9800,0.0,0.0
2001-12-27 00:00:00+09:00,1021.9096069335938,1024.068570891904,1007.516513878191,1021.9096069335938,17800,0.0,0.0
2001-12-28 00:00:00+09:00,1020.4701284088703,1049.256309746215,1008.2360013404988,1042.7794189453125,11900,0.0,0.0
2001-12-31 00:00:00+09:00,1042.7794189453125,1042.7794189453125,1042.7794189453125,1042.7794189453125,0,0.0,0.0
2002-01-01 00:00:00+09:00,1042.7794189453125,1042.7794189453125,1042.7794189453125,1042.7794189453125,0,0.0,0.0
2002-01-02 00:00:00+09:00,1042.7794189453125,1042.7794189453125,1042.7794189453125,1042.7794189453125,0,0.0,0.0
2002-01-03 00:00:00+09:00,1042.7794189453125,1042.7794189453125,1042.7794189453125,1042.7794189453125,0,0.0,0.0
2002-01-04 00:00:00+09:00,1047.0971789508542,1047.0971789508542,1035.5827082544874,1039.900634765625,4600,0.0,0.0
2002-01-07 00:00:00+09:00,1036.3026999889964,1036.3026999889964,1016.8720243642027,1021.9096069335938,19900,0.0,0.0
2002-01-08 00:00:00+09:00,1016.8719250726596,1016.8719250726596,993.1233238501559,995.2822875976562,45300,0.0,0.0
2002-01-09 00:00:00+09:00,1000.3201041308952,1000.3201041308952,979.4501163468693,982.3287353515625,30800,0.0,0.0
2002-01-10 00:00:00+09:00,979.4497928475976,982.3284109015215,956.4208484162066,957.1405029296875,37900,0.0,0.0
2002-01-11 00:00:00+09:00,957.1409805561924,967.2161487725734,950.6640867028046,956.4213256835938,32400,0.0,0.0
2002-01-14 00:00:00+09:00,956.4213256835938,956.4213256835938,956.4213256835938,956.4213256835938,0,0.0,0.0
2002-01-15 00:00:00+09:00,970.8141518163318,970.8141518163318,942.7476196289062,942.7476196289062,23400,0.0,0.0
2002-01-16 00:00:00+09:00,942.7474785740972,944.1867877016912,919.7185325325926,925.4757690429688,60200,0.0,0.0
2002-01-17 00:00:00+09:00,899.5682153946315,901.7271791115786,883.7358148036859,898.12890625,49900,0.0,0.0
2002-01-18 00:00:00+09:00,921.1578321232339,924.7561049049654,908.9237046653473,916.8399047851562,38700,0.0,0.0
2002-01-21 00:00:00+09:00,930.5133589124571,953.542305150043,917.559576653815,942.02783203125,68300,0.0,0.0
2002-01-22 00:00:00+09:00,947.0655435199387,963.6176008914878,938.4296875,938.4296875,73600,0.0,0.0
2002-01-23 00:00:00+09:00,935.550932936127,942.7474785740972,924.7561144791716,925.4757690429688,33900,0.0,0.0
2002-01-24 00:00:00+09:00,925.4758255958558,928.3544440269471,914.6810064792634,921.1578979492188,26500,0.0,0.0
2002-01-25 00:00:00+09:00,934.1116141374669,934.1116141374669,908.9237046653473,916.8399047851562,23100,0.0,0.0
2002-01-28 00:00:00+09:00,917.5599107118411,930.5136976865965,913.9616365521869,924.0368041992188,20400,0.0,0.0
2002-01-29 00:00:00+09:00,924.7562213387687,926.1955306326812,916.1203655752938,920.4382934570312,12900,0.0,0.0
2002-01-30 00:00:00+09:00,923.3166951146619,923.3166951146619,911.0825689907731,918.2791137695312,13900,0.0,0.0
2002-01-31 00:00:00+09:00,918.2791137695312,918.2791137695312,918.2791137695312,918.2791137695312,0,0.0,0.0
2002-02-01 00:00:00+09:00,906.7646100444179,921.157699092742,892.3715209960938,892.3715209960938,42300,0.0,0.0
2002-02-04 00:00:00+09:00,892.3718943227883,899.5684418576495,876.5394897460938,876.5394897460938,20700,0.0,0.0
2002-02-05 00:00:00+09:00,849.1924310251445,856.3889770507812,840.5565757943803,856.3889770507812,22400,0.0,0.0
2002-02-06 00:00:00+09:00,855.6693702189127,877.2590095011393,855.6693702189127,863.5855712890625,23600,0.0,0.0
2002-02-07 00:00:00+09:00,859.2677508393596,883.7360117510331,859.2677508393596,870.7822265625,35100,0.0,0.0
2002-02-08 00:00:00+09:00,877.9783137118886,902.4465617989413,857.1083374023438,857.1083374023438,56600,0.0,0.0
2002-02-11 00:00:00+09:00,857.1083374023438,857.1083374023438,857.1083374023438,857.1083374023438,0,0.0,0.0
2002-02-12 00:00:00+09:00,906.764746689215,913.2416377369951,885.1751098632812,885.1751098632812,56400,0.0,0.0
2002-02-13 00:00:00+09:00,885.1750428975836,899.5681330259996,885.1750428975836,888.7733154296875,20400,0.0,0.0
2002-02-14 00:00:00+09:00,902.4467510516828,906.7646780902076,885.1750428975836,888.7733154296875,37300,0.0,0.0
2002-02-15 00:00:00+09:00,888.7735407403175,894.5307782511859,877.9787204074391,879.4180297851562,53900,0.0,0.0
2002-02-18 00:00:00+09:00,899.5682010805705,903.8861284457572,885.1751098632812,885.1751098632812,23700,0.0,0.0
2002-02-19 00:00:00+09:00,882.2960134037205,885.8942842577325,867.1832758168705,877.9780883789062,40300,0.0,0.0
2002-02-20 00:00:00+09:00,877.9785782251603,881.5768510867389,869.3427233573718,870.0623779296875,21700,0.0,0.0
2002-02-21 00:00:00+09:00,864.3049973518617,892.3715209960938,864.3049973518617,892.3715209960938,27000,0.0,0.0
2002-02-22 00:00:00+09:00,877.9785338595696,877.9785338595696,865.7444067484115,867.1837158203125,44400,0.0,0.0
2002-02-25 00:00:00+09:00,885.8947253536869,906.764706698331,881.5767981789329,886.6143798828125,24400,0.0,0.0
2002-02-26 00:00:00+09:00,895.9699456135745,913.961309983325,893.8109818892045,910.363037109375,44000,0.0,0.0
2002-02-27 00:00:00+09:00,921.1577772556392,957.1405029296876,921.1577772556392,957.1405029296875,73900,0.0,0.0
2002-02-28 00:00:00+09:00,964.3372802734375,970.0945177676073,957.8603880924965,964.3372802734375,41300,0.0,0.0
2002-03-01 00:00:00+09:00,970.0944765256486,970.0944765256486,946.3458728718308,953.5424194335938,39000,0.0,0.0
2002-03-04 00:00:00+09:00,968.6551672132961,992.4037708671138,953.5424194335938,953.5424194335938,55400,0.0,0.0
2002-03-05 00:00:00+09:00,967.9351467301665,978.7299624929564,954.9813678148186,957.8599853515625,36800,0.0,0.0
2002-03-06 00:00:00+09:00,960.7390028282978,964.3372762471304,950.6638372555666,960.0193481445312,39800,0.0,0.0
2002-03-07 00:00:00+09:00,961.4585941130345,971.5337590214045,957.1406662951615,967.9354858398438,33000,0.0,0.0
2002-03-08 00:00:00+09:00,957.8604594322392,971.5338994992659,956.4211499514995,965.0570068359375,71700,0.0,0.0
2002-03-11 00:00:00+09:00,971.5337812396841,1021.9096069335938,971.5337812396841,1021.9096069335938,62100,0.0,0.0
2002-03-12 00:00:00+09:00,1036.3024311823103,1036.3024311823103,996.7214355468749,996.721435546875,56800,0.0,0.0
2002-03-13 00:00:00+09:00,993.1231805286269,1018.3110872811645,985.9266357421875,985.9266357421875,28100,0.0,0.0
2002-03-14 00:00:00+09:00,985.9267211914063,985.9267211914063,970.8139758300781,971.5336303710938,21400,0.0,0.0
2002-03-15 00:00:00+09:00,972.25332414975,998.1608886718751,971.5336695796909,998.160888671875,10400,0.0,0.0
2002-03-18 00:00:00+09:00,1001.0393121892756,1015.4324007901279,993.1231134588069,997.4410400390625,19000,0.0,0.0
2002-03-19 00:00:00+09:00,1007.5164448131214,1013.273681640625,997.4412803649902,1013.273681640625,21900,0.0,0.0
2002-03-20 00:00:00+09:00,1014.7129437832327,1015.4325983532918,996.721579531757,998.160888671875,42000,0.0,0.0
2002-03-21 00:00:00+09:00,998.1608886718751,998.1608886718751,998.1608886718751,998.160888671875,0,0.0,0.0
2002-03-22 00:00:00+09:00,1003.9179630824498,1010.3948531668527,998.1607274518694,1007.5162353515625,39800,0.0,0.0
2002-03-25 00:00:00+09:00,1011.1145244696762,1014.7127967987498,1000.3197074824554,1004.6376342773438,25700,0.0,0.0
2002-03-26 00:00:00+09:00,1006.4468164983786,1006.4468164983786,973.1638879872892,997.040771484375,16100,7.5,0.0
2002-03-27 00:00:00+09:00,991.2522519411123,1001.3818369974448,991.2522519411123,999.9347534179688,10200,0.0,0.0
2002-03-28 00:00:00+09:00,997.7642848011363,997.7642848011363,986.91115625,994.8701171875,15000,0.0,0.0
2002-03-29 00:00:00+09:00,1005.7230423538773,1015.852626953125,976.7813720703125,976.7813720703125,24200,0.0,0.0
2002-04-01 00:00:00+09:00,1005.7231656275965,1006.4467074733717,977.5050336423618,979.6756591796875,14800,0.0,0.0
2002-04-02 00:00:00+09:00,976.781393859015,995.5934799629664,976.781393859015,989.0816040039062,7400,0.0,0.0
2002-04-03 00:00:00+09:00,991.2519786848488,1002.1051025390625,989.8048955042871,1002.1051025390625,14400,0.0,0.0
2002-04-04 00:00:00+09:00,998.4880339341357,1004.2763703627394,995.5938657198338,1001.3822021484375,11900,0.0,0.0
2002-04-05 00:00:00+09:00,998.4875461859104,1005.7229631872576,997.7640044857758,1002.8287963867188,14800,0.0,0.0
2002-04-08 00:00:00+09:00,1005.7233531080832,1027.4296125276821,1005.7233531080832,1010.7881469726562,28000,0.0,0.0
2002-04-09 00:00:00+09:00,1017.2999606517109,1034.6649670924228,1013.6822509765625,1013.6822509765625,27600,0.0,0.0
2002-04-10 00:00:00+09:00,1026.7057920964194,1026.7057920964194,1005.7230803481486,1010.0643310546875,21100,0.0,0.0
2002-04-11 00:00:00+09:00,1019.4703205053357,1020.1938622516135,998.4876098632812,998.4876098632812,14900,0.0,0.0
2002-04-12 00:00:00+09:00,998.4875401088169,1012.9583740234375,993.4227482386998,1012.9583740234375,13200,0.0,0.0
2002-04-15 00:00:00+09:00,1012.9588356154793,1012.9588356154793,999.2115371321264,1009.3411254882812,8400,0.0,0.0
2002-04-16 00:00:00+09:00,1002.1053476947334,1002.1053476947334,976.7813858396319,1000.6582641601562,19100,0.0,0.0
2002-04-17 00:00:00+09:00,1008.6170638579669,1019.470188648404,1005.7228972471836,1011.51123046875,22300,0.0,0.0
2002-04-18 00:00:00+09:00,1012.2350824369802,1012.9586243114883,998.4877868213242,1005.7232055664062,19500,0.0,0.0
2002-04-19 00:00:00+09:00,1005.7229631872576,1005.7229631872576,998.4875461859104,1002.8287963867188,14300,0.0,0.0
2002-04-22 00:00:00+09:00,1005.7227435671986,1016.5758666992188,1002.82857739866,1016.5758666992188,27400,0.0,0.0
2002-04-23 00:00:00+09:00,1016.5763562420649,1016.5763562420649,1009.3409373364275,1015.1292724609375,31900,0.0,0.0
2002-04-24 00:00:00+09:00,1013.6818185974768,1031.0468176312665,1009.3405688390293,1023.8114013671875,38800,0.0,0.0
2002-04-25 00:00:00+09:00,1034.665073327851,1034.665073327851,1024.5354851973684,1031.04736328125,30000,0.0,0.0
2002-04-26 00:00:00+09:00,1034.6644052525855,1038.282112963259,1016.5758666992188,1016.5758666992188,20900,0.0,0.0
2002-04-29 00:00:00+09:00,1016.5758666992188,1016.5758666992188,1016.5758666992188,1016.5758666992188,0,0.0,0.0
2002-04-30 00:00:00+09:00,1020.1939160366113,1023.811624958727,1007.8937057014181,1010.0643310546875,19500,0.0,0.0
2002-05-01 00:00:00+09:00,1009.3406078733246,1010.0641495277141,999.2110247118719,1007.1699829101562,16900,0.0,0.0
2002-05-02 00:00:00+09:00,1012.9588750056449,1012.9588750056449,985.4642769697774,1001.3822021484375,18100,0.0,0.0
2002-05-03 00:00:00+09:00,1001.3822021484375,1001.3822021484375,1001.3822021484375,1001.3822021484375,0,0.0,0.0
2002-05-06 00:00:00+09:00,1001.3822021484375,1001.3822021484375,1001.3822021484375,1001.3822021484375,0,0.0,0.0
2002-05-07 00:00:00+09:00,994.8696912769676,995.5932328706236,987.6342753404078,991.9755249023438,20400,0.0,0.0
2002-05-08 00:00:00+09:00,991.9758475042313,1010.7879350571927,991.2523056752713,1008.6173095703125,7100,0.0,0.0
2002-05-09 00:00:00+09:00,1011.5111432127144,1020.1936422960854,1002.1051025390625,1002.1051025390625,8200,0.0,0.0
2002-05-10 00:00:00+09:00,991.2522893756563,997.764165729219,987.6345802903437,990.5287475585938,23600,0.0,0.0
2002-05-13 00:00:00+09:00,987.6348971686183,988.3584392178261,978.952392578125,978.952392578125,11800,0.0,0.0
2002-05-14 00:00:00+09:00,981.1228949852974,991.2524823966501,980.3993530273438,980.3993530273438,10900,0.0,0.0
2002-05-15 00:00:00+09:00,988.358345572404,1012.9587729146161,984.0170936884842,1010.7881469726562,12600,0.0,0.0
2002-05-16 00:00:00+09:00,999.9350791575661,1009.3411254882811,999.9350791575661,1009.3411254882812,13400,0.0,0.0
2002-05-17 00:00:00+09:00,1008.6174133522727,1008.6174133522727,993.4230333806818,994.8701171875,15200,0.0,0.0
2002-05-20 00:00:00+09:00,1005.7230362633077,1041.9001238986784,984.0167836820852,985.4638671875,98200,0.0,0.0
2002-05-21 00:00:00+09:00,984.016833726415,991.2522516214622,947.8397442511791,958.69287109375,108200,0.0,0.0
2002-05-22 00:00:00+09:00,947.8399588844993,961.5872559980913,947.8399588844993,955.0753784179688,27300,0.0,0.0
2002-05-23 00:00:00+09:00,960.1397150593983,971.7163808023903,947.8395077074694,948.5630493164062,63800,0.0,0.0
2002-05-24 00:00:00+09:00,951.4574521488054,962.3105789794001,950.0103685713927,960.1399536132812,33800,0.0,0.0
2002-05-27 00:00:00+09:00,963.0342886562617,981.8463784421841,963.0342886562617,977.505126953125,40500,0.0,0.0
2002-05-28 00:00:00+09:00,984.016576150093,991.2519921511966,973.1634521484376,973.1634521484375,37200,0.0,0.0
2002-05-29 00:00:00+09:00,973.163663284867,986.9109566695602,973.163663284867,976.7813720703125,15200,0.0,0.0
2002-05-30 00:00:00+09:00,976.0578353198606,976.7813770806611,968.8224177118557,969.5459594726562,15200,0.0,0.0
2002-05-31 00:00:00+09:00,969.5460260147439,976.7814441193315,958.6928988578625,962.3106079101562,18000,0.0,0.0
2002-06-03 00:00:00+09:00,962.3106436256564,964.481269137594,955.7987670898438,955.7987670898438,12300,0.0,0.0
2002-06-04 00:00:00+09:00,953.6279296875,955.7985547171377,948.5631379516786,953.6279296875,32000,0.0,0.0
2002-06-05 00:00:00+09:00,958.6927846505035,958.6927846505035,950.7338256835938,950.7338256835938,12300,0.0,0.0
2002-06-06 00:00:00+09:00,951.457377808751,955.0750864696207,933.3688345044021,934.81591796875,43300,0.0,0.0
2002-06-07 00:00:00+09:00,918.8982142585725,936.2632198823565,914.5569628526264,929.7513427734375,42300,0.0,0.0
2002-06-10 00:00:00+09:00,929.7511970472036,933.3689059851305,919.6216120210084,920.3451538085938,23000,0.0,0.0
2002-06-11 00:00:00+09:00,923.2394656645184,936.2632198823565,921.0688399615455,929.7513427734375,13900,0.0,0.0
2002-06-12 00:00:00+09:00,926.1333873934934,935.5394296092086,922.5156788489876,934.0923461914062,14200,0.0,0.0
2002-06-13 00:00:00+09:00,947.1163483972215,947.1163483972215,929.7513427734375,929.7513427734375,15100,0.0,0.0
2002-06-14 00:00:00+09:00,931.1981793558016,939.1571381537144,929.7510959379993,934.0923461914062,57800,0.0,0.0
2002-06-17 00:00:00+09:00,934.0924477727159,934.8159895603012,904.4272344817156,920.3451538085938,25400,0.0,0.0
2002-06-18 00:00:00+09:00,904.4269033027238,926.133148981989,904.4269033027238,923.9625244140625,35800,0.0,0.0
2002-06-19 00:00:00+09:00,911.6624794921876,916.0037293945313,904.4270629882812,904.4270629882812,30200,0.0,0.0
2002-06-20 00:00:00+09:00,895.7447230578049,903.703682632632,875.4855532309724,892.1270141601562,23800,0.0,0.0
2002-06-21 00:00:00+09:00,897.1917896681954,897.1917896681954,868.2501190337375,872.5913696289062,13900,0.0,0.0
2002-06-24 00:00:00+09:00,868.2504078303425,887.0625,861.0149877650897,887.0625,12900,0.0,0.0
2002-06-25 00:00:00+09:00,887.0624320514765,899.3626452202165,881.2740964426578,894.2978515625,13000,0.0,0.0
2002-06-26 00:00:00+09:00,882.7209825460621,899.3624436924224,868.2501467666185,876.2091064453125,12900,0.0,0.0
2002-06-27 00:00:00+09:00,882.7209772583308,885.6151443968827,868.2501415655712,883.4445190429688,8900,0.0,0.0
2002-06-28 00:00:00+09:00,868.2502380875517,889.9564940397404,868.2502380875517,875.4856567382812,20100,0.0,0.0
2002-07-01 00:00:00+09:00,895.7446280202557,904.4271284534085,882.7208773705266,897.1917114257812,6400,0.0,0.0
2002-07-02 00:00:00+09:00,889.9562054220964,900.085788248039,889.9562054220964,893.5739135742188,5600,0.0,0.0
2002-07-03 00:00:00+09:00,889.9564588651882,918.8981323242188,889.9564588651882,918.8981323242188,8000,0.0,0.0
2002-07-04 00:00:00+09:00,939.1573343224454,939.1573343224454,918.8981622415298,919.6217041015625,6900,0.0,0.0
2002-07-05 00:00:00+09:00,922.5157332987576,942.77490234375,918.8980245407233,942.77490234375,15200,0.0,0.0
2002-07-08 00:00:00+09:00,943.4987224937404,950.734142144766,933.3691349823046,939.157470703125,15700,0.0,0.0
2002-07-09 00:00:00+09:00,940.6045462338978,947.8399658203124,933.3691266474832,947.8399658203125,14500,0.0,0.0
2002-07-10 00:00:00+09:00,947.839757052868,947.839757052868,940.604339060098,941.327880859375,8600,0.0,0.0
2002-07-11 00:00:00+09:00,940.6044778262868,940.6044778262868,920.3453044577207,922.5159301757812,5400,0.0,0.0
2002-07-12 00:00:00+09:00,922.5155727468806,936.9864052605573,905.1505737304688,905.1505737304688,4200,0.0,0.0
2002-07-15 00:00:00+09:00,911.6624794921876,917.4508126953125,904.4270629882812,904.4270629882812,5900,0.0,0.0
2002-07-16 00:00:00+09:00,904.4273300926284,913.1098324615176,868.9737787529973,876.9327392578125,13600,0.0,0.0
2002-07-17 00:00:00+09:00,876.2088676165337,876.2088676165337,864.6322021484375,864.6322021484375,32500,0.0,0.0
2002-07-18 00:00:00+09:00,879.1033624347888,879.826904296875,853.7793972617702,879.826904296875,51000,0.0,0.0
2002-07-19 00:00:00+09:00,871.8677808800522,873.314864333795,848.714445620167,850.8850708007812,26700,0.0,0.0
2002-07-22 00:00:00+09:00,849.4380105224404,874.761971653859,846.5438435359926,861.7382202148438,27300,0.0,0.0
2002-07-23 00:00:00+09:00,862.4619128356627,874.7621246797954,853.055868484267,863.9089965820312,6400,0.0,0.0
2002-07-24 00:00:00+09:00,878.3797871837878,878.3797871837878,845.0968627929688,845.0968627929688,8200,0.0,0.0
2002-07-25 00:00:00+09:00,854.5027775651317,861.0146530927238,853.7792358398438,853.7792358398438,9700,0.0,0.0
2002-07-26 00:00:00+09:00,863.9089504921274,863.9089504921274,845.0968627929688,845.0968627929688,9400,0.0,0.0
2002-07-29 00:00:00+09:00,845.0967088759608,858.1204595264464,845.0967088759608,847.267333984375,7400,0.0,0.0
2002-07-30 00:00:00+09:00,853.0556895023635,861.0146484375,853.0556895023635,861.0146484375,4200,0.0,0.0
2002-07-31 00:00:00+09:00,868.250210710581,871.867919921875,861.0147922879928,871.867919921875,5800,0.0,0.0
2002-08-01 00:00:00+09:00,868.9737548828125,871.8679222596079,861.0147945966252,868.9737548828125,17400,0.0,0.0
2002-08-02 00:00:00+09:00,874.0384409751924,874.0384409751924,845.8203125,845.8203125,15200,0.0,0.0
2002-08-05 00:00:00+09:00,845.820272288603,861.0146484375,845.820272288603,861.0146484375,6400,0.0,0.0
2002-08-06 00:00:00+09:00,846.5438895389952,861.7382670435412,832.7965956063107,839.3084716796875,21200,0.0,0.0
2002-08-07 00:00:00+09:00,840.0320134656183,853.7793073983029,839.3084716796875,839.3084716796875,3500,0.0,0.0
2002-08-08 00:00:00+09:00,839.3086145279256,851.608826982214,839.3086145279256,850.1617431640625,3400,0.0,0.0
2002-08-09 00:00:00+09:00,852.3324837857662,857.3972778320312,839.3087276667986,857.3972778320312,18600,0.0,0.0
2002-08-12 00:00:00+09:00,857.397101907169,857.397101907169,848.714599609375,848.714599609375,10000,0.0,0.0
2002-08-13 00:00:00+09:00,835.6909166499264,846.5440454375878,835.6909166499264,837.1380004882812,8500,0.0,0.0
2002-08-14 00:00:00+09:00,839.3086145279256,850.1617431640625,838.5850726188497,850.1617431640625,3800,0.0,0.0
2002-08-15 00:00:00+09:00,842.9262647441789,855.9500181908701,842.9262647441789,848.714599609375,5500,0.0,0.0
2002-08-16 00:00:00+09:00,850.1616265947727,853.7793356441122,842.9262084960938,842.9262084960938,10200,0.0,0.0
2002-08-19 00:00:00+09:00,853.0559227101846,853.0559227101846,837.1380004882812,837.1380004882812,6400,0.0,0.0
2002-08-20 00:00:00+09:00,837.8614326645098,839.308516313326,821.219970703125,821.219970703125,19800,0.0,0.0
2002-08-21 00:00:00+09:00,811.8138517296833,811.8138517296833,796.6194748256518,798.7901000976562,14900,0.0,0.0
2002-08-22 00:00:00+09:00,810.3667954686093,810.3667954686093,796.6195016169097,803.8549194335938,15200,0.0,0.0
2002-08-23 00:00:00+09:00,803.8549194335938,803.8549194335938,803.8549194335938,803.8549194335938,0,0.0,0.0
2002-08-26 00:00:00+09:00,806.7491624560632,829.9025016476273,806.7491624560632,823.390625,21800,0.0,0.0
2002-08-27 00:00:00+09:00,832.073356635224,832.073356635224,810.3670951577833,811.0906372070312,8500,0.0,0.0
2002-08-28 00:00:00+09:00,826.2849977785403,826.2849977785403,803.1316528320312,803.1316528320312,9000,0.0,0.0
2002-08-29 00:00:00+09:00,800.9606952407851,802.4077787010214,795.8959031299581,798.0665283203125,11000,0.0,0.0
2002-08-30 00:00:00+09:00,797.3430915960462,819.7728881835938,797.3430915960462,819.7728881835938,8800,0.0,0.0
2002-09-02 00:00:00+09:00,816.155095245416,819.7728040009364,808.919677734375,808.919677734375,8500,0.0,0.0
2002-09-03 00:00:00+09:00,808.1961429430091,808.919684700344,795.8959330683169,798.7901000976562,14100,0.0,0.0
2002-09-04 00:00:00+09:00,795.1725366531573,803.1314974385847,759.718984063526,771.295654296875,18400,0.0,0.0
2002-09-05 00:00:00+09:00,782.1487725728541,794.4489845374596,782.1487725728541,782.872314453125,8700,0.0,0.0
2002-09-06 00:00:00+09:00,760.4424737850522,767.6778921845295,753.207055385575,761.166015625,9500,0.0,0.0
2002-09-09 00:00:00+09:00,769.8484445923533,782.1486547033214,769.8484445923533,777.0838623046875,3800,0.0,0.0
2002-09-10 00:00:00+09:00,780.7015153845376,793.0017246167314,766.9542227132622,768.4013061523438,14300,0.0,0.0
2002-09-11 00:00:00+09:00,769.1250199494539,781.4252319335938,769.1250199494539,781.4252319335938,10700,0.0,0.0
2002-09-12 00:00:00+09:00,781.4251598011364,795.89599609375,772.0191162109375,795.89599609375,7900,0.0,0.0
2002-09-13 00:00:00+09:00,752.4834056115129,788.6604924197587,752.4834056115129,787.9369506835938,38500,0.0,0.0
2002-09-16 00:00:00+09:00,787.9369506835938,787.9369506835938,787.9369506835938,787.9369506835938,0,0.0,0.0
2002-09-17 00:00:00+09:00,795.896149375853,795.896149375853,783.5959361582262,795.172607421875,12700,0.0,0.0
2002-09-18 00:00:00+09:00,792.2782030237436,792.2782030237436,774.1896595757129,785.0427856445312,7100,0.0,0.0
2002-09-19 00:00:00+09:00,799.5136697836241,821.9434650445221,795.1724190879664,802.4078369140625,10100,0.0,0.0
2002-09-20 00:00:00+09:00,789.3838416978224,810.3665469308535,789.3838416978224,809.6430053710938,8000,0.0,0.0
2002-09-23 00:00:00+09:00,809.6430053710938,809.6430053710938,809.6430053710938,809.6430053710938,0,0.0,0.0
2002-09-24 00:00:00+09:00,809.6430988414498,809.6430988414498,759.7187254544435,806.025390625,9000,0.0,0.0
2002-09-25 00:00:00+09:00,811.4888572899071,830.4284536000845,807.8466272302576,808.5750732421875,7900,7.5,0.0
2002-09-26 00:00:00+09:00,808.5752245249587,808.5752245249587,794.006301560545,800.5623168945312,12900,0.0,0.0
2002-09-27 00:00:00+09:00,829.6999738644331,829.6999738644331,795.4630126953125,795.4630126953125,18800,0.0,0.0
2002-09-30 00:00:00+09:00,810.0320219152114,810.0320219152114,792.54931640625,792.54931640625,4400,0.0,0.0
2002-10-01 00:00:00+09:00,778.7087488477475,791.0923304477584,778.7087488477475,779.4371948242188,7900,0.0,0.0
2002-10-02 00:00:00+09:00,786.7217334348765,799.8337623254577,777.9803808411556,780.8941650390625,13900,0.0,0.0
2002-10-03 00:00:00+09:00,795.4630655845775,795.4630655845775,752.4847497700262,753.2131958007812,22300,0.0,0.0
2002-10-04 00:00:00+09:00,753.213275460854,753.9417215686498,741.5581377361212,749.571044921875,20800,0.0,0.0
2002-10-07 00:00:00+09:00,743.0151892358833,743.0151892358833,692.0239507589109,694.2092895507812,42200,0.0,0.0
2002-10-08 00:00:00+09:00,693.4806646911883,705.135801912889,670.170390247787,678.9117431640625,46300,0.0,0.0
2002-10-09 00:00:00+09:00,692.0237725384757,692.0237725384757,678.1832970877061,678.9117431640625,18900,0.0,0.0
2002-10-10 00:00:00+09:00,675.9981020720109,684.7394568401834,661.42917745839,670.1705322265625,24100,0.0,0.0
2002-10-11 00:00:00+09:00,684.010838630872,694.2090832962949,670.898809775328,681.8255004882812,16400,0.0,0.0
2002-10-14 00:00:00+09:00,681.8255004882812,681.8255004882812,681.8255004882812,681.8255004882812,0,0.0,0.0
2002-10-15 00:00:00+09:00,696.3944091796875,697.851301249101,689.8383948673264,696.3944091796875,10200,0.0,0.0
2002-10-16 00:00:00+09:00,692.0238265072006,725.5323486328125,692.0238265072006,725.5323486328125,38300,0.0,0.0
2002-10-17 00:00:00+09:00,703.6788566022778,718.9762230501534,703.6788566022778,716.0624389648438,8300,0.0,0.0
2002-10-18 00:00:00+09:00,716.0623951558534,721.8899629699397,716.0623951558534,717.519287109375,10100,0.0,0.0
2002-10-21 00:00:00+09:00,726.9890919189453,732.8166597900391,719.7046320800781,728.4459838867188,13800,0.0,0.0
2002-10-22 00:00:00+09:00,729.1745222981771,729.902968374399,709.5064782401843,710.2349243164062,16000,0.0,0.0
2002-10-23 00:00:00+09:00,710.2349684147771,712.4203067791303,702.9505072002667,708.778076171875,22800,0.0,0.0
2002-10-24 00:00:00+09:00,721.8900192118138,721.8900192118138,693.4806239047898,701.4935302734375,14300,0.0,0.0
2002-10-25 00:00:00+09:00,701.4936032556375,718.2478637695312,701.4936032556375,718.2478637695312,6100,0.0,0.0
2002-10-28 00:00:00+09:00,718.2477151889995,721.1614990234375,705.8641338926374,721.1614990234375,9800,0.0,0.0
2002-10-29 00:00:00+09:00,721.1615162511026,727.7175300352035,721.1615162511026,722.618408203125,2200,0.0,0.0
2002-10-30 00:00:00+09:00,716.7908481445313,728.4459838867188,709.5063883056641,728.4459838867188,9200,0.0,0.0
2002-10-31 00:00:00+09:00,728.4460300352515,728.4460300352515,695.6659586836653,716.7908935546875,5500,0.0,0.0
2002-11-01 00:00:00+09:00,710.2349582317535,713.8771887867881,699.3082665666496,713.1487426757812,12400,0.0,0.0
2002-11-04 00:00:00+09:00,713.1487426757812,713.1487426757812,713.1487426757812,713.1487426757812,0,0.0,0.0
2002-11-05 00:00:00+09:00,727.7175903320312,727.7175903320312,715.3340077137684,727.7175903320312,6500,0.0,0.0
2002-11-06 00:00:00+09:00,713.8771518441133,726.9891811636991,712.4202596974927,720.4331665039062,14000,0.0,0.0
2002-11-07 00:00:00+09:00,721.1617848765311,725.5324623606313,717.519553639781,724.8040161132812,5900,0.0,0.0
2002-11-08 00:00:00+09:00,724.8037288164852,725.5321747750947,712.4201475201231,721.1614990234375,11000,0.0,0.0
2002-11-11 00:00:00+09:00,706.5926336797218,706.5926336797218,662.1574268194506,663.6143188476562,16700,0.0,0.0
2002-11-12 00:00:00+09:00,661.429023309566,675.2694984669248,661.429023309566,667.256591796875,17700,0.0,0.0
2002-11-13 00:00:00+09:00,667.9849595084493,668.713405483922,661.4289457291951,665.7996215820312,6500,0.0,0.0
2002-11-14 00:00:00+09:00,661.4290446235716,665.7997211298948,648.3170151046021,653.4161376953125,8100,0.0,0.0
2002-11-15 00:00:00+09:00,649.773930895552,660.7006225585938,649.0454847846826,660.7006225585938,11200,0.0,0.0
2002-11-18 00:00:00+09:00,667.9849723122337,667.9849723122337,641.032470703125,641.032470703125,5400,0.0,0.0
2002-11-19 00:00:00+09:00,641.032507183908,648.3169674928162,619.179126257184,633.748046875,19000,0.0,0.0
2002-11-20 00:00:00+09:00,633.748136211374,651.9592895507812,628.6490132763399,651.9592895507812,14100,0.0,0.0
2002-11-21 00:00:00+09:00,656.3299918057924,657.0584379676189,643.2179608929131,654.1446533203125,24400,0.0,0.0
2002-11-22 00:00:00+09:00,675.9980636760753,677.4549560546875,665.0713708364835,677.4549560546875,7400,0.0,0.0
2002-11-25 00:00:00+09:00,678.1833713496353,711.69189453125,678.1833713496353,711.69189453125,12600,0.0,0.0
2002-11-26 00:00:00+09:00,711.6917053737722,721.1615028864221,681.825420910799,690.5667724609375,11100,0.0,0.0
2002-11-27 00:00:00+09:00,713.148515955996,718.9760829913871,702.9502736440614,714.6054077148438,9300,0.0,0.0
2002-11-28 00:00:00+09:00,721.1614832439245,721.1614832439245,693.4805374224405,704.4072265625,8800,0.0,0.0
2002-11-29 00:00:00+09:00,697.1229365134726,721.161658462213,697.1229365134726,713.877197265625,26400,0.0,0.0
2002-12-02 00:00:00+09:00,713.877197265625,713.877197265625,713.877197265625,713.877197265625,0,0.0,0.0
2002-12-03 00:00:00+09:00,743.0150492854683,794.0062781580004,743.0150492854683,793.27783203125,42900,0.0,0.0
2002-12-04 00:00:00+09:00,764.139919503682,790.3639777516634,751.0278903796913,761.2261352539062,15900,0.0,0.0
2002-12-05 00:00:00+09:00,768.5106455581175,783.0795677487927,761.9546305723136,770.6959838867188,9500,0.0,0.0
2002-12-06 00:00:00+09:00,757.5838719853119,769.9674545081488,749.5709656470058,753.2131958007812,18500,0.0,0.0
2002-12-09 00:00:00+09:00,786.7217722526658,786.7217722526658,757.5839288359005,768.5106201171875,15700,0.0,0.0
2002-12-10 00:00:00+09:00,768.5106660394322,775.7951273289054,757.5839741052222,761.9546508789062,13700,0.0,0.0
2002-12-11 00:00:00+09:00,761.9546068497286,764.1399451102919,750.2994694600579,763.4114990234375,4600,0.0,0.0
2002-12-12 00:00:00+09:00,763.411641266872,787.4503666121075,763.411641266872,775.7952270507812,16900,0.0,0.0
2002-12-13 00:00:00+09:00,775.7951254994101,777.2520177538692,764.8684335909677,767.0537719726562,34800,0.0,0.0
2002-12-16 00:00:00+09:00,767.0537037534576,782.3510710647802,761.2261352539062,761.2261352539062,10100,0.0,0.0
2002-12-17 00:00:00+09:00,761.225995454334,775.7949140276227,758.3122117396763,764.8682250976562,7800,0.0,0.0
2002-12-18 00:00:00+09:00,769.2391311689481,769.9675773158884,758.3124389648438,758.3124389648438,13500,0.0,0.0
2002-12-19 00:00:00+09:00,758.3124766223835,772.1529541015625,758.3124766223835,772.1529541015625,13600,0.0,0.0
2002-12-20 00:00:00+09:00,772.1529541015625,779.4374159327093,772.1529541015625,772.1529541015625,14400,0.0,0.0
2002-12-23 00:00:00+09:00,772.1529541015625,772.1529541015625,772.1529541015625,772.1529541015625,0,0.0,0.0
2002-12-24 00:00:00+09:00,772.1528124453416,793.277747880167,772.1528124453416,780.8941650390625,21500,0.0,0.0
2002-12-25 00:00:00+09:00,780.8940838812044,799.8336791992188,780.8940838812044,799.8336791992188,14100,0.0,0.0
2002-12-26 00:00:00+09:00,799.8339400967685,811.4890794788708,799.8339400967685,801.2908325195312,22700,0.0,0.0
2002-12-27 00:00:00+09:00,801.2909583707826,823.1443481445312,801.2909583707826,823.1443481445312,25800,0.0,0.0
2002-12-30 00:00:00+09:00,822.4155124436667,826.7861883291068,802.019024978279,805.6612548828125,3900,0.0,0.0
2002-12-31 00:00:00+09:00,805.6612548828125,805.6612548828125,805.6612548828125,805.6612548828125,0,0.0,0.0
2003-01-01 00:00:00+09:00,805.6612548828125,805.6612548828125,805.6612548828125,805.6612548828125,0,0.0,0.0
2003-01-02 00:00:00+09:00,805.6612548828125,805.6612548828125,805.6612548828125,805.6612548828125,0,0.0,0.0
2003-01-03 00:00:00+09:00,805.6612548828125,805.6612548828125,805.6612548828125,805.6612548828125,0,0.0,0.0
2003-01-06 00:00:00+09:00,823.1440670615749,830.4285278320312,823.1440670615749,830.4285278320312,7800,0.0,0.0
2003-01-07 00:00:00+09:00,844.9974493729441,852.2819101434005,830.4285278320312,830.4285278320312,16000,0.0,0.0
2003-01-08 00:00:00+09:00,830.4288114024475,831.1572577282391,821.6874554929481,823.1443481445312,11600,0.0,0.0
2003-01-09 00:00:00+09:00,794.006301560545,807.846778376738,794.006301560545,800.5623168945312,10500,0.0,0.0
2003-01-10 00:00:00+09:00,794.0061483462578,808.5750684994001,787.4501342773438,787.4501342773438,11500,0.0,0.0
2003-01-13 00:00:00+09:00,787.4501342773438,787.4501342773438,787.4501342773438,787.4501342773438,0,0.0,0.0
2003-01-14 00:00:00+09:00,786.7218400783382,801.2907630427519,786.7218400783382,800.5623168945312,7300,0.0,0.0
2003-01-15 00:00:00+09:00,786.7217702736142,815.8596136170814,786.7217702736142,804.9329223632812,10000,0.0,0.0
2003-01-16 00:00:00+09:00,801.2907862340792,807.8468017578125,793.2778783717383,807.8468017578125,3000,0.0,0.0
2003-01-17 00:00:00+09:00,793.2778415219713,815.859671721403,793.2778415219713,815.1312255859375,12500,0.0,0.0
2003-01-20 00:00:00+09:00,808.5749949100646,808.5749949100646,802.7474273791812,807.1181030273438,9500,0.0,0.0
2003-01-21 00:00:00+09:00,814.4027794504719,815.859671721403,807.846764231282,815.1312255859375,8400,0.0,0.0
2003-01-22 00:00:00+09:00,815.8598978419918,815.8598978419918,801.2909710948134,802.7478637695312,8600,0.0,0.0
2003-01-23 00:00:00+09:00,802.7476412830233,815.1312255859375,801.2907490120922,815.1312255859375,6800,0.0,0.0
2003-01-24 00:00:00+09:00,815.1311730521066,830.4285409109933,805.6613739013673,815.859619140625,23000,0.0,0.0
2003-01-27 00:00:00+09:00,815.1310873495567,815.1310873495567,802.7475051467484,808.5750732421875,6800,0.0,0.0
2003-01-28 00:00:00+09:00,802.0191324496489,802.747578528168,791.8208873503798,794.0062255859375,6300,0.0,0.0
2003-01-29 00:00:00+09:00,765.5968695362296,785.9933608273946,765.5968695362296,771.4244384765625,7900,0.0,0.0
2003-01-30 00:00:00+09:00,801.2906618471499,801.2906618471499,769.239035373264,786.7217407226562,7400,0.0,0.0
2003-01-31 00:00:00+09:00,772.1528432303612,794.0062255859375,772.1528432303612,794.0062255859375,10100,0.0,0.0
2003-02-03 00:00:00+09:00,764.8685992152915,790.3642191891346,764.8685992152915,781.6228637695312,5700,0.0,0.0
2003-02-04 00:00:00+09:00,793.2775962920002,799.1051635742188,767.0535435220168,799.1051635742188,9100,0.0,0.0
2003-02-05 00:00:00+09:00,769.9673776556976,800.5621078936723,769.9673776556976,798.3767700195312,11700,0.0,0.0
2003-02-06 00:00:00+09:00,798.3767700195314,815.1310270546127,794.0060942712493,798.3767700195312,18400,0.0,0.0
2003-02-07 00:00:00+09:00,801.2905805538862,801.2905805538862,795.4630126953125,795.4630126953125,7400,0.0,0.0
2003-02-10 00:00:00+09:00,801.2907358482547,806.3898587127436,798.3769513542611,803.47607421875,10500,0.0,0.0
2003-02-11 00:00:00+09:00,803.47607421875,803.47607421875,803.47607421875,803.47607421875,0,0.0,0.0
2003-02-12 00:00:00+09:00,812.2173023138499,815.1310863580252,794.0061520377546,813.6741943359375,14600,0.0,0.0
2003-02-13 00:00:00+09:00,812.2171369044901,815.8593662179632,808.5749075910171,810.0317993164062,22200,0.0,0.0
2003-02-14 00:00:00+09:00,801.2907424775681,815.8596650680694,793.2778350527924,809.3036499023438,16000,0.0,0.0
2003-02-17 00:00:00+09:00,810.0317993164062,823.1438248449093,798.3766655132926,810.0317993164062,14900,0.0,0.0
2003-02-18 00:00:00+09:00,808.5751074306413,815.131121815214,800.5622009606079,811.4888916015625,20000,0.0,0.0
2003-02-19 00:00:00+09:00,801.290698878313,815.8596206761006,797.6484684288662,810.760498046875,13300,0.0,0.0
2003-02-20 00:00:00+09:00,810.7603688057654,810.7603688057654,799.8336791992188,799.8336791992188,22900,0.0,0.0
2003-02-21 00:00:00+09:00,795.4629684572974,808.5749954098902,795.4629684572974,802.0189819335938,14900,0.0,0.0
2003-02-24 00:00:00+09:00,802.0191951475578,815.859671721403,802.0191951475578,815.1312255859375,12800,0.0,0.0
2003-02-25 00:00:00+09:00,815.8597567471592,815.8597567471592,790.3641393488105,801.2908325195312,24000,0.0,0.0
2003-02-26 00:00:00+09:00,802.7478510223659,823.1443481445312,802.7478510223659,823.1443481445312,13400,0.0,0.0
2003-02-27 00:00:00+09:00,808.5751582554409,826.7863104684012,808.5751582554409,815.859619140625,27100,0.0,0.0
2003-02-28 00:00:00+09:00,828.2432772008384,895.9887695312499,828.2432772008384,895.98876953125,41600,0.0,0.0
2003-03-03 00:00:00+09:00,844.9974841101696,859.56640625,844.9974841101696,859.56640625,14700,0.0,0.0
2003-03-04 00:00:00+09:00,859.5663736700706,859.5663736700706,843.5405599236793,851.553466796875,10400,0.0,0.0
2003-03-05 00:00:00+09:00,844.9974674037034,859.5663892554913,842.0836830333457,858.1094970703125,13700,0.0,0.0
2003-03-06 00:00:00+09:00,858.8376637436737,859.5661095992663,843.5403007762292,850.0963134765625,14800,0.0,0.0
2003-03-07 00:00:00+09:00,850.825032270491,850.825032270491,834.0707722172193,842.0836791992188,9200,0.0,0.0
2003-03-10 00:00:00+09:00,830.4286038470952,842.0837421467037,830.4286038470952,836.984619140625,14700,0.0,0.0
2003-03-11 00:00:00+09:00,812.2173618846092,840.6267583989587,812.2173618846092,818.7733764648438,11000,0.0,0.0
2003-03-12 00:00:00+09:00,817.3164956342409,840.6267700195312,815.8596034851604,840.6267700195312,8800,0.0,0.0
2003-03-13 00:00:00+09:00,840.6267758737026,840.6267758737026,819.501839564918,820.2302856445312,6300,0.0,0.0
2003-03-14 00:00:00+09:00,852.2819086688439,852.2819086688439,826.0578499405718,835.5276489257812,51800,0.0,0.0
2003-03-17 00:00:00+09:00,830.4284506071783,836.9844646909193,823.8724365234375,823.8724365234375,4200,0.0,0.0
2003-03-18 00:00:00+09:00,853.7388166275817,853.7388166275817,836.2561104850373,842.0836791992188,4400,0.0,0.0
2003-03-19 00:00:00+09:00,838.4414373680095,851.553466796875,837.712991288628,851.553466796875,7400,0.0,0.0
2003-03-20 00:00:00+09:00,852.2818761927481,859.566336673028,852.2818761927481,858.837890625,21500,0.0,0.0
2003-03-21 00:00:00+09:00,858.837890625,858.837890625,858.837890625,858.837890625,0,0.0,0.0
2003-03-24 00:00:00+09:00,866.850923367632,895.9887695312499,855.1957849021849,895.98876953125,22700,0.0,0.0
2003-03-25 00:00:00+09:00,894.53173828125,894.53173828125,861.7516664386961,894.53173828125,10800,0.0,0.0
2003-03-26 00:00:00+09:00,898.5630680065977,922.0165901731647,892.6996874649559,919.0848999023438,16900,7.5,0.0
2003-03-27 00:00:00+09:00,916.1531449855539,937.4078979492188,915.4202224695655,937.4078979492188,19300,0.0,0.0
2003-03-28 00:00:00+09:00,908.090947931463,951.3333740234374,908.090947931463,951.3333740234375,31900,0.0,0.0
2003-03-31 00:00:00+09:00,945.4697619744067,960.1282078964905,919.81748161076,932.2771606445312,39600,0.0,0.0
2003-04-01 00:00:00+09:00,923.4825340477197,952.7994398905043,916.1533075870235,949.1348266601562,10900,0.0,0.0
2003-04-02 00:00:00+09:00,945.4699216485945,949.1345337480077,934.476085350355,948.401611328125,14900,0.0,0.0
2003-04-03 00:00:00+09:00,945.4698242565427,949.1344359784672,937.4076784683085,946.9356689453125,8800,0.0,0.0
2003-04-04 00:00:00+09:00,949.1348266601562,949.1348266601562,938.140986969112,949.1348266601562,14500,0.0,0.0
2003-04-07 00:00:00+09:00,945.4702134298082,949.1348266601562,935.2092963848336,949.1348266601562,5500,0.0,0.0
2003-04-08 00:00:00+09:00,949.1343991774921,949.1343991774921,930.0784189623456,945.4697875976562,4400,0.0,0.0
2003-04-09 00:00:00+09:00,930.8113652578793,945.4698119548538,930.8113652578793,944.0039672851562,9200,0.0,0.0
2003-04-10 00:00:00+09:00,940.3396037333721,940.3396037333721,920.5506954708616,922.0165405273438,5200,0.0,0.0
2003-04-11 00:00:00+09:00,907.3579571951647,938.1406988770685,907.3579571951647,930.0785522460938,15200,0.0,0.0
2003-04-14 00:00:00+09:00,916.1530151367188,927.8797737304687,913.9542479003907,916.1530151367188,10300,0.0,0.0
2003-04-15 00:00:00+09:00,906.6253131881184,949.1348266601562,906.6253131881184,949.1348266601562,19900,0.0,0.0
2003-04-16 00:00:00+09:00,949.1346551602945,952.799267728481,936.6749724284606,952.0663452148438,18300,0.0,0.0
2003-04-17 00:00:00+09:00,951.3332395063786,974.7867554264126,946.2027828988711,970.3892211914062,28400,0.0,0.0
2003-04-18 00:00:00+09:00,970.3893926447088,970.3893926447088,953.532175098766,967.4577026367188,22000,0.0,0.0
2003-04-21 00:00:00+09:00,967.4576371464417,1004.1037597656251,952.7991880987684,1004.103759765625,25800,0.0,0.0
2003-04-22 00:00:00+09:00,996.7745629554372,996.7745629554372,974.7868887725967,980.6502685546875,12000,0.0,0.0
2003-04-23 00:00:00+09:00,989.4453143356438,991.6440817008341,953.5321140375353,974.786865234375,9300,0.0,0.0
2003-04-24 00:00:00+09:00,989.4454498519783,993.110062629208,977.7186889648438,977.7186889648438,16800,0.0,0.0
2003-04-25 00:00:00+09:00,977.7185532407407,989.4453125,960.1284143518518,989.4453125,16800,0.0,0.0
2003-04-28 00:00:00+09:00,960.1280581109143,985.7803344726562,960.1280581109143,985.7803344726562,7000,0.0,0.0
2003-04-29 00:00:00+09:00,985.7803344726562,985.7803344726562,985.7803344726562,985.7803344726562,0,0.0,0.0
2003-04-30 00:00:00+09:00,985.7807205595956,1017.29638671875,957.929666744529,1017.29638671875,34400,0.0,0.0
2003-05-01 00:00:00+09:00,990.9112387603185,1011.4330691488458,986.5137036770626,1009.9672241210938,15200,0.0,0.0
2003-05-02 00:00:00+09:00,980.650313659847,1006.3026013863752,979.1844686469026,999.706298828125,10200,0.0,0.0
2003-05-05 00:00:00+09:00,999.7062988281251,999.7062988281251,999.7062988281251,999.706298828125,0,0.0,0.0
2003-05-06 00:00:00+09:00,1011.4329842894617,1011.4329842894617,1002.6379148608577,1004.103759765625,34400,0.0,0.0
2003-05-07 00:00:00+09:00,989.4452263327206,1011.4328980290034,989.4452263327206,1009.234130859375,13500,0.0,0.0
2003-05-08 00:00:00+09:00,1007.7681395684789,1007.7681395684789,991.6438493353832,1007.0352172851562,7800,0.0,0.0
2003-05-09 00:00:00+09:00,992.3767002271569,1011.4326782226562,992.3767002271569,1011.4326782226562,14600,0.0,0.0
2003-05-12 00:00:00+09:00,1010.7000618370781,1011.4329842894617,996.7745352417884,1004.103759765625,9000,0.0,0.0
2003-05-13 00:00:00+09:00,1004.1038201349432,1018.7622700639205,989.4453702059659,1007.7684326171875,23800,0.0,0.0
2003-05-14 00:00:00+09:00,1007.768642135531,1007.768642135531,989.4455759148849,1002.63818359375,7900,0.0,0.0
2003-05-15 00:00:00+09:00,1003.3708373132414,1004.8366822180087,978.4514739321967,1004.103759765625,10400,0.0,0.0
2003-05-16 00:00:00+09:00,989.4454221916058,995.3088024712597,979.1845067022113,990.1783447265625,6700,0.0,0.0
2003-05-19 00:00:00+09:00,992.3772665101883,1002.63818359375,978.4517361824973,1002.63818359375,10200,0.0,0.0
2003-05-20 00:00:00+09:00,996.7745978436346,996.7745978436346,989.4453728594902,993.1099853515625,6900,0.0,0.0
2003-05-21 00:00:00+09:00,993.109777316889,993.109777316889,971.1221069703896,972.5879516601562,28700,0.0,0.0
2003-05-22 00:00:00+09:00,972.5877352009032,996.7741671991171,966.7243577467907,985.7803344726562,7800,0.0,0.0
2003-05-23 00:00:00+09:00,987.2466651467716,996.774658203125,985.7808200611788,996.774658203125,5700,0.0,0.0
2003-05-26 00:00:00+09:00,996.7746705987859,996.7746705987859,985.0479097682119,996.041748046875,9000,0.0,0.0
2003-05-27 00:00:00+09:00,979.1843016305612,992.3769044968412,978.4513792491011,984.3147583007812,8900,0.0,0.0
2003-05-28 00:00:00+09:00,989.4454098312107,990.9112548828125,979.917416995799,990.9112548828125,8600,0.0,0.0
2003-05-29 00:00:00+09:00,990.9112901834989,996.041748046875,982.1162195605684,996.041748046875,12200,0.0,0.0
2003-05-30 00:00:00+09:00,995.3087501775568,1007.7684326171875,985.7807577237216,1007.7684326171875,19900,0.0,0.0
2003-06-02 00:00:00+09:00,1007.0355101207386,1011.4330450994319,989.4453702059659,1007.7684326171875,19500,0.0,0.0
2003-06-03 00:00:00+09:00,1003.3708373132414,1004.1037597656251,994.5757678846373,1004.103759765625,8700,0.0,0.0
2003-06-04 00:00:00+09:00,1005.5691756810899,1005.5691756810899,993.8424214457418,1000.438720703125,6600,0.0,0.0
2003-06-05 00:00:00+09:00,990.1783553179573,1000.4392709171071,986.5137426039752,996.774658203125,19700,0.0,0.0
2003-06-06 00:00:00+09:00,996.774365555378,1003.3706665039064,989.4451422792356,1003.3706665039062,13900,0.0,0.0
2003-06-09 00:00:00+09:00,990.9109027397884,1007.7681148426103,990.9109027397884,1004.83642578125,10200,0.0,0.0
2003-06-10 00:00:00+09:00,995.3088254949641,1004.1038961178946,990.178367631588,996.041748046875,13600,0.0,0.0
2003-06-11 00:00:00+09:00,990.1781005405919,998.2402464369253,983.5817993526827,986.5134887695312,13500,0.0,0.0
2003-06-12 00:00:00+09:00,996.0413188934326,996.7742411295573,985.0474853515625,985.0474853515625,4500,0.0,0.0
2003-06-13 00:00:00+09:00,985.0476315231725,985.0476315231725,969.656262280623,972.5879516601562,49000,0.0,0.0
2003-06-16 00:00:00+09:00,973.3210578491396,978.4515152323805,968.9235229492188,968.9235229492188,17400,0.0,0.0
2003-06-17 00:00:00+09:00,969.656336084807,985.0477064988515,952.7991208694249,957.1966552734375,34300,0.0,0.0
2003-06-18 00:00:00+09:00,963.7930655659778,973.3210578491396,960.1284531493772,968.9235229492188,11900,0.0,0.0
2003-06-19 00:00:00+09:00,969.6562866210938,979.9171997070313,969.6562866210938,978.4513549804688,15400,0.0,0.0
2003-06-20 00:00:00+09:00,987.9793457031251,988.7122680664063,978.4513549804689,982.115966796875,11900,0.0,0.0
2003-06-23 00:00:00+09:00,989.4451904296876,992.3768798828125,978.4513549804689,978.4513549804688,11300,0.0,0.0
2003-06-24 00:00:00+09:00,978.4514775096923,987.979469425517,974.7868652343751,974.786865234375,6200,0.0,0.0
2003-06-25 00:00:00+09:00,975.5194962819417,990.1779410044352,975.5194962819417,985.0474853515625,16200,0.0,0.0
2003-06-26 00:00:00+09:00,996.7743155369066,996.7743155369066,985.0475588835312,987.979248046875,13800,0.0,0.0
2003-06-27 00:00:00+09:00,990.1782218490252,1003.3708258410921,990.1782218490252,997.5074462890625,48000,0.0,0.0
2003-06-30 00:00:00+09:00,1000.4389280793603,1000.4389280793603,993.1097051630279,998.9730834960938,18800,0.0,0.0
2003-07-01 00:00:00+09:00,993.109996269875,1001.1721438410696,993.109996269875,999.706298828125,23600,0.0,0.0
2003-07-02 00:00:00+09:00,989.4448886074863,1004.1033314016713,989.4448886074863,1000.438720703125,21800,0.0,0.0
2003-07-03 00:00:00+09:00,1011.4331090590533,1017.2964894014247,996.774658203125,996.774658203125,26100,0.0,0.0
2003-07-04 00:00:00+09:00,1002.6380385454963,1002.6380385454963,993.110045489143,996.774658203125,10500,0.0,0.0
2003-07-07 00:00:00+09:00,1001.9049072265626,1007.7682863471276,996.7744504960681,1001.9049072265625,17100,0.0,0.0
2003-07-08 00:00:00+09:00,1007.768443554123,1021.69397113778,1003.3709085277051,1014.36474609375,38700,0.0,0.0
2003-07-09 00:00:00+09:00,1007.7680670696756,1011.4326782226562,996.7742336107336,1011.4326782226562,14500,0.0,0.0
2003-07-10 00:00:00+09:00,1011.4326782226562,1015.0972893756369,1011.4326782226562,1011.4326782226562,18800,0.0,0.0
2003-07-11 00:00:00+09:00,1017.2961292516717,1017.2961292516717,994.5755384686732,1007.0352172851562,22300,0.0,0.0
2003-07-14 00:00:00+09:00,1006.3025876242898,1007.7684326171875,999.70628515625,1007.7684326171875,9200,0.0,0.0
2003-07-15 00:00:00+09:00,1007.7679421002175,1007.7679421002175,1000.4387207031251,1000.438720703125,12800,0.0,0.0
2003-07-16 00:00:00+09:00,1000.4387207031251,1004.8362535413805,991.643655026614,1000.438720703125,21700,0.0,0.0
2003-07-17 00:00:00+09:00,1001.1721438410696,1001.1721438410696,993.8429187763472,999.706298828125,10900,0.0,0.0
2003-07-18 00:00:00+09:00,999.7062268518519,1001.1720717592592,989.4453125,989.4453125,10400,0.0,0.0
2003-07-21 00:00:00+09:00,989.4453125,989.4453125,989.4453125,989.4453125,0,0.0,0.0
2003-07-22 00:00:00+09:00,989.4452401415795,989.4452401415795,964.5258785380137,971.8551025390625,16000,0.0,0.0
2003-07-23 00:00:00+09:00,971.8553085212765,985.0479145193029,970.3894634103847,977.7186889648438,9100,0.0,0.0
2003-07-24 00:00:00+09:00,971.1221069703896,982.1159421436392,971.1221069703896,972.5879516601562,3900,0.0,0.0
2003-07-25 00:00:00+09:00,972.5879883089094,974.0538330539115,963.0599974663955,970.3892211914062,17800,0.0,0.0
2003-07-28 00:00:00+09:00,965.9916869563998,973.3209106814104,960.1283079763913,970.3892211914062,15600,0.0,0.0
2003-07-29 00:00:00+09:00,973.3210217145912,973.3210217145912,963.7930297851562,963.7930297851562,12800,0.0,0.0
2003-07-30 00:00:00+09:00,970.3893305039944,974.7868652343751,965.9917957736138,974.786865234375,10600,0.0,0.0
2003-07-31 00:00:00+09:00,973.3210056369397,1002.6379033970885,968.1905485289136,997.5074462890625,34400,0.0,0.0
2003-08-01 00:00:00+09:00,996.7743406042589,1011.4327867896156,993.8426513671875,993.8426513671875,39500,0.0,0.0
2003-08-04 00:00:00+09:00,994.575879936303,1000.4392602159569,990.1783447265625,990.1783447265625,11700,0.0,0.0
2003-08-05 00:00:00+09:00,989.4454221916058,993.8429574013462,985.780809516822,990.1783447265625,21300,0.0,0.0
2003-08-06 00:00:00+09:00,989.445166230727,1004.1036131378488,987.9793215400148,998.240234375,18600,0.0,0.0
2003-08-07 00:00:00+09:00,996.7745978436346,996.7745978436346,971.1223103991293,993.1099853515625,13600,0.0,0.0
2003-08-08 00:00:00+09:00,996.0417250062164,996.7746475411732,983.5820419119517,990.1783447265625,31000,0.0,0.0
2003-08-11 00:00:00+09:00,985.0478746764053,996.7746350892196,985.0478746764053,990.9112548828125,10700,0.0,0.0
2003-08-12 00:00:00+09:00,991.6441403547336,1000.4392103357069,985.0478378690036,993.1099853515625,21300,0.0,0.0
2003-08-13 00:00:00+09:00,993.8429078499769,998.2404428404635,989.4453728594902,993.1099853515625,10000,0.0,0.0
2003-08-14 00:00:00+09:00,987.9792728930448,1004.1035636969373,985.7805059652413,993.8426513671875,18600,0.0,0.0
2003-08-15 00:00:00+09:00,1001.9049072265626,1001.9049072265626,1001.9049072265626,1001.9049072265625,7900,0.0,0.0
2003-08-18 00:00:00+09:00,1004.1035044875204,1012.1656494140625,1003.3705822214711,1012.1656494140625,24400,0.0,0.0
2003-08-19 00:00:00+09:00,1011.4329957028418,1011.4329957028418,1004.1037710962994,1010.7000732421875,18600,0.0,0.0
2003-08-20 00:00:00+09:00,1011.4329829577505,1015.0975952148438,1005.5696033464012,1015.0975952148438,19800,0.0,0.0
2003-08-21 00:00:00+09:00,1015.097374634767,1015.097374634767,1001.9047733759758,1006.3023071289062,17400,0.0,0.0
2003-08-22 00:00:00+09:00,1002.6379148608577,1014.3646740989964,996.7745352417884,1004.103759765625,18900,0.0,0.0
2003-08-25 00:00:00+09:00,1005.5693848367512,1026.091209017093,1004.103540252441,1006.3023071289062,24400,0.0,0.0
2003-08-26 00:00:00+09:00,1020.2281192795502,1053.9425542557422,1012.1659717852434,1051.0108642578125,47500,0.0,0.0
2003-08-27 00:00:00+09:00,1062.7376242495316,1083.9923767345222,1051.0108642578125,1051.0108642578125,48000,0.0,0.0
2003-08-28 00:00:00+09:00,1065.6690552177297,1068.6007445030605,1037.085084685755,1066.4019775390625,27400,0.0,0.0
2003-08-29 00:00:00+09:00,1066.4023096480746,1104.5142822265625,1066.4023096480746,1104.5142822265625,68700,0.0,0.0
2003-09-01 00:00:00+09:00,1110.377614467959,1119.905607199367,1099.3837767009493,1100.11669921875,39100,0.0,0.0
2003-09-02 00:00:00+09:00,1099.3839961545477,1136.7630520238022,1088.3901561930022,1130.166748046875,56100,0.0,0.0
2003-09-03 00:00:00+09:00,1136.0300365247226,1140.4275721499796,1114.0423583984375,1114.0423583984375,25400,0.0,0.0
2003-09-04 00:00:00+09:00,1117.7064352084935,1131.6319580078125,1117.7064352084935,1131.6319580078125,27500,0.0,0.0
2003-09-05 00:00:00+09:00,1131.6322636198424,1133.8310309714354,1122.1042717629396,1127.9676513671875,18300,0.0,0.0
2003-09-08 00:00:00+09:00,1128.700680463742,1150.6883560571916,1127.9677579439604,1143.359130859375,35500,0.0,0.0
2003-09-09 00:00:00+09:00,1142.625650396202,1161.6816266055034,1128.7001293201738,1155.0853271484375,39900,0.0,0.0
2003-09-10 00:00:00+09:00,1154.3525632747935,1154.3525632747935,1136.029506714876,1152.88671875,22900,0.0,0.0
2003-09-11 00:00:00+09:00,1150.6882078835679,1153.6198975851821,1128.7005351214616,1152.154052734375,34400,0.0,0.0
2003-09-12 00:00:00+09:00,1152.1542010967548,1152.1542010967548,1135.296983141777,1143.359130859375,71100,0.0,0.0
2003-09-15 00:00:00+09:00,1143.359130859375,1143.359130859375,1143.359130859375,1143.359130859375,0,0.0,0.0
2003-09-16 00:00:00+09:00,1150.6883560571916,1150.6883560571916,1143.359130859375,1143.359130859375,13400,0.0,0.0
2003-09-17 00:00:00+09:00,1146.2907100213113,1155.0857794076642,1143.3590202258604,1149.955322265625,35300,0.0,0.0
2003-09-18 00:00:00+09:00,1149.9552854581643,1161.6820442646213,1147.7565181819537,1152.154052734375,57400,0.0,0.0
2003-09-19 00:00:00+09:00,1158.750195466532,1169.0111080133577,1158.750195466532,1161.681884765625,36000,0.0,0.0
2003-09-22 00:00:00+09:00,1165.3464490512351,1179.27197265625,1147.7563139712165,1179.27197265625,42500,0.0,0.0
2003-09-23 00:00:00+09:00,1179.27197265625,1179.27197265625,1179.27197265625,1179.27197265625,0,0.0,0.0
2003-09-24 00:00:00+09:00,1201.2598761622892,1212.9866351730254,1194.66357421875,1194.66357421875,125000,0.0,0.0
2003-09-25 00:00:00+09:00,1201.6585160566299,1201.6585160566299,1181.778136195399,1199.4495849609375,40200,7.5,0.0
2003-09-26 00:00:00+09:00,1178.8329450120193,1200.9222569110577,1178.0966346153846,1196.50439453125,34100,0.0,0.0
2003-09-29 00:00:00+09:00,1211.2305018727372,1217.8572948921017,1193.5590538210984,1207.5489501953125,27400,0.0,0.0
2003-09-30 00:00:00+09:00,1208.2853160511363,1220.0662819602273,1207.5490056818182,1214.912109375,24600,0.0,0.0
2003-10-01 00:00:00+09:00,1214.9119657628676,1244.3643770540887,1212.7030349160261,1239.210205078125,53900,0.0,0.0
2003-10-02 00:00:00+09:00,1245.1006873363692,1250.2548593123329,1215.6482760451481,1239.210205078125,24000,0.0,0.0
2003-10-03 00:00:00+09:00,1217.1210095787737,1238.4740097468223,1217.1210095787737,1223.747802734375,22100,0.0,0.0
2003-10-06 00:00:00+09:00,1244.3642004103888,1251.727302187965,1237.0010986328125,1237.0010986328125,30400,0.0,0.0
2003-10-07 00:00:00+09:00,1248.0458415679477,1249.518462029975,1237.0011881027447,1240.6827392578125,30500,0.0,0.0
2003-10-08 00:00:00+09:00,1240.6830188545448,1247.3098124270616,1237.0014668698132,1242.1556396484375,21000,0.0,0.0
2003-10-09 00:00:00+09:00,1242.1556998309488,1266.4539441074287,1233.3199746395017,1264.9813232421875,48100,0.0,0.0
2003-10-10 00:00:00+09:00,1252.4638288781998,1264.2447937588884,1244.3644155227264,1245.8370361328125,28400,0.0,0.0
2003-10-13 00:00:00+09:00,1245.8370361328125,1245.8370361328125,1245.8370361328125,1245.8370361328125,0,0.0,0.0
2003-10-14 00:00:00+09:00,1251.7279526758166,1270.1357166857551,1214.9124246559397,1223.0118408203125,36700,0.0,0.0
2003-10-15 00:00:00+09:00,1245.1004199947527,1250.254590864039,1229.6379073868936,1233.3194580078125,29400,0.0,0.0
2003-10-16 00:00:00+09:00,1228.9018639197716,1251.727482722356,1226.6929330679088,1244.3643798828125,19800,0.0,0.0
2003-10-17 00:00:00+09:00,1237.7378106769283,1251.7277085965368,1229.638396091892,1238.47412109375,20500,0.0,0.0
2003-10-20 00:00:00+09:00,1250.991082492002,1250.991082492002,1239.9464290267988,1240.6827392578125,30100,0.0,0.0
2003-10-21 00:00:00+09:00,1244.364305215623,1250.9910973735762,1234.7922720985798,1236.264892578125,27600,0.0,0.0
2003-10-22 00:00:00+09:00,1236.2650786949553,1240.6829407986895,1223.0114923837525,1223.747802734375,19100,0.0,0.0
2003-10-23 00:00:00+09:00,1214.9121161734704,1214.9121161734704,1170.7334937671624,1189.8775634765625,37200,0.0,0.0
2003-10-24 00:00:00+09:00,1189.1409588095582,1192.822509765625,1167.0516530731577,1192.822509765625,20900,0.0,0.0
2003-10-27 00:00:00+09:00,1170.7332293232257,1192.8225355368716,1170.7332293232257,1178.8326416015625,10000,0.0,0.0
2003-10-28 00:00:00+09:00,1170.7331652081878,1212.7028447156513,1170.7331652081878,1186.1956787109375,14800,0.0,0.0
2003-10-29 00:00:00+09:00,1218.593661221591,1218.593661221591,1192.8227982954545,1214.912109375,13300,0.0,0.0
2003-10-30 00:00:00+09:00,1222.2751569050115,1222.2751569050115,1185.459640130764,1207.5489501953125,11000,0.0,0.0
2003-10-31 00:00:00+09:00,1185.459566219124,1229.63818359375,1184.7232559295471,1229.63818359375,18300,0.0,0.0
2003-11-03 00:00:00+09:00,1229.63818359375,1229.63818359375,1229.63818359375,1229.63818359375,0,0.0,0.0
2003-11-04 00:00:00+09:00,1214.9120024520985,1216.3846230611314,1192.0863830120893,1210.494140625,32400,0.0,0.0
2003-11-05 00:00:00+09:00,1211.2301425403377,1220.802174061933,1194.2950098482845,1217.85693359375,34100,0.0,0.0
2003-11-06 00:00:00+09:00,1210.4943060105845,1210.4943060105845,1185.459752236643,1186.932373046875,14200,0.0,0.0
2003-11-07 00:00:00+09:00,1192.8227233886719,1202.3947575887046,1178.0965169270835,1201.658447265625,15300,0.0,0.0
2003-11-10 00:00:00+09:00,1179.5690382050304,1180.3053484660823,1170.7333150724085,1177.360107421875,20200,0.0,0.0
2003-11-11 00:00:00+09:00,1167.7881920791253,1207.5489501953125,1153.7982957049114,1207.5489501953125,19400,0.0,0.0
2003-11-12 00:00:00+09:00,1153.0618953656547,1178.096444818038,1153.0618953656547,1163.3702392578125,16900,0.0,0.0
2003-11-13 00:00:00+09:00,1167.0516530731577,1192.822509765625,1163.370102117091,1192.822509765625,12700,0.0,0.0
2003-11-14 00:00:00+09:00,1170.7332942442351,1200.185704162329,1163.3701917647115,1171.4696044921875,16000,0.0,0.0
2003-11-17 00:00:00+09:00,1144.9623473367574,1192.822509765625,1122.8730416003568,1192.822509765625,18400,0.0,0.0
2003-11-18 00:00:00+09:00,1122.8736603565706,1148.64453125,1122.8736603565706,1148.64453125,24900,0.0,0.0
2003-11-19 00:00:00+09:00,1122.873103735113,1133.1814469825174,1122.873103735113,1130.2362060546875,17400,0.0,0.0
2003-11-20 00:00:00+09:00,1119.191576360887,1156.7433989887852,1119.191576360887,1141.2808837890625,23500,0.0,0.0
2003-11-21 00:00:00+09:00,1167.0520140431559,1167.0520140431559,1132.4454243522864,1152.3258056640625,16600,0.0,0.0
2003-11-24 00:00:00+09:00,1152.3258056640625,1152.3258056640625,1152.3258056640625,1152.3258056640625,0,0.0,0.0
2003-11-25 00:00:00+09:00,1174.4147916164445,1174.4147916164445,1153.798105619416,1169.2606201171875,21600,0.0,0.0
2003-11-26 00:00:00+09:00,1169.2606495503846,1169.2606495503846,1156.7433755942407,1160.4249267578125,4600,0.0,0.0
2003-11-27 00:00:00+09:00,1148.643898292824,1192.822509765625,1148.643898292824,1192.822509765625,19900,0.0,0.0
2003-11-28 00:00:00+09:00,1191.3499537799053,1243.6279801818666,1150.1165808431472,1240.6827392578125,39200,0.0,0.0
2003-12-01 00:00:00+09:00,1196.5044063941118,1228.9020641672446,1196.5044063941118,1227.429443359375,15300,0.0,0.0
2003-12-02 00:00:00+09:00,1205.3400745738636,1229.6383167613637,1205.3400745738636,1214.912109375,14800,0.0,0.0
2003-12-03 00:00:00+09:00,1197.9769182604734,1221.5388490437158,1179.5691598360654,1212.703125,20100,0.0,0.0
2003-12-04 00:00:00+09:00,1211.9672681609884,1228.9024122482926,1198.7136771361418,1216.3851318359375,19500,0.0,0.0
2003-12-05 00:00:00+09:00,1228.9021137624547,1228.9021137624547,1208.2854216202445,1219.330078125,30100,0.0,0.0
2003-12-08 00:00:00+09:00,1226.6926549982995,1227.4289651153454,1204.6033514869257,1217.85693359375,24100,0.0,0.0
2003-12-09 00:00:00+09:00,1214.912007772448,1226.6929726963021,1209.021525310521,1220.802490234375,19300,0.0,0.0
2003-12-10 00:00:00+09:00,1220.802343720281,1222.274964159027,1209.7576904296875,1209.7576904296875,22600,0.0,0.0
2003-12-11 00:00:00+09:00,1203.8675278039289,1228.165771484375,1203.8675278039289,1228.165771484375,25900,0.0,0.0
2003-12-12 00:00:00+09:00,1228.1656138041153,1228.1656138041153,1194.2953390828986,1226.6929931640625,30700,0.0,0.0
2003-12-15 00:00:00+09:00,1228.1657517766378,1234.0562349985883,1219.3300269437125,1222.2752685546875,7700,0.0,0.0
2003-12-16 00:00:00+09:00,1223.0117539837643,1226.6933065243536,1208.2855438214071,1224.484375,19300,0.0,0.0
2003-12-17 00:00:00+09:00,1207.5489501953125,1209.7578812017673,1206.8126398598274,1207.5489501953125,19900,0.0,0.0
2003-12-18 00:00:00+09:00,1200.1859564723738,1222.2752685546875,1200.1859564723738,1222.2752685546875,8500,0.0,0.0
2003-12-19 00:00:00+09:00,1222.2752685546875,1222.2752685546875,1211.2306125135308,1222.2752685546875,8000,0.0,0.0
2003-12-22 00:00:00+09:00,1222.2752152916603,1222.2752152916603,1214.9121115850842,1220.0662841796875,6200,0.0,0.0
2003-12-23 00:00:00+09:00,1220.0662841796875,1220.0662841796875,1220.0662841796875,1220.0662841796875,0,0.0,0.0
2003-12-24 00:00:00+09:00,1220.802553112511,1243.628173828125,1214.9120703471913,1243.628173828125,30700,0.0,0.0
2003-12-25 00:00:00+09:00,1237.0012770432693,1244.3643798828125,1185.4595571664663,1244.3643798828125,48500,0.0,0.0
2003-12-26 00:00:00+09:00,1222.2750216757674,1248.0458805665214,1222.2750216757674,1247.3095703125,28800,0.0,0.0
2003-12-29 00:00:00+09:00,1244.3647649290986,1251.7278700470224,1236.2653492993827,1250.2552490234375,21600,0.0,0.0
2003-12-30 00:00:00+09:00,1250.991409337161,1270.1354803452634,1242.1556842564983,1269.399169921875,36800,0.0,0.0
2003-12-31 00:00:00+09:00,1269.399169921875,1269.399169921875,1269.399169921875,1269.399169921875,0,0.0,0.0
2004-01-01 00:00:00+09:00,1269.399169921875,1269.399169921875,1269.399169921875,1269.399169921875,0,0.0,0.0
2004-01-02 00:00:00+09:00,1269.399169921875,1269.399169921875,1269.399169921875,1269.399169921875,0,0.0,0.0
2004-01-05 00:00:00+09:00,1281.1799825501332,1281.1799825501332,1270.8716378629483,1278.2347412109375,7600,0.0,0.0
2004-01-06 00:00:00+09:00,1280.4435078465663,1280.4435078465663,1253.9363391964935,1266.45361328125,18800,0.0,0.0
2004-01-07 00:00:00+09:00,1266.4536250091535,1276.7619684685303,1255.4089713026783,1256.881591796875,9700,0.0,0.0
2004-01-08 00:00:00+09:00,1246.5732779083703,1257.6179318768436,1246.5732779083703,1248.0458984375,12900,0.0,0.0
2004-01-09 00:00:00+09:00,1248.7822773529847,1252.4638288781998,1245.1007258277696,1245.8370361328125,8100,0.0,0.0
2004-01-12 00:00:00+09:00,1245.8370361328125,1245.8370361328125,1245.8370361328125,1245.8370361328125,0,0.0,0.0
2004-01-13 00:00:00+09:00,1250.9911365237847,1251.7274467866002,1228.1655183764997,1242.8917236328125,17100,0.0,0.0
2004-01-14 00:00:00+09:00,1226.6929424354416,1241.4191482269835,1226.6929424354416,1229.63818359375,9000,0.0,0.0
2004-01-15 00:00:00+09:00,1222.2756167358693,1225.9571697983267,1216.3851318359375,1216.3851318359375,11700,0.0,0.0
2004-01-16 00:00:00+09:00,1215.6487352163372,1223.0118408203125,1207.5493190519642,1223.0118408203125,11800,0.0,0.0
2004-01-19 00:00:00+09:00,1242.8914896222013,1242.8914896222013,1223.7474263934234,1233.3194580078125,6900,0.0,0.0
2004-01-20 00:00:00+09:00,1243.6283099554603,1244.3646203817216,1233.319963987801,1234.0562744140625,11000,0.0,0.0
2004-01-21 00:00:00+09:00,1222.2752705318312,1237.001478610528,1220.0663393200266,1227.429443359375,9100,0.0,0.0
2004-01-22 00:00:00+09:00,1223.0114900249007,1227.4293521201141,1207.548972691654,1218.5936279296875,9900,0.0,0.0
2004-01-23 00:00:00+09:00,1232.5833350929054,1232.5833350929054,1218.5934406085773,1225.95654296875,10100,0.0,0.0
2004-01-26 00:00:00+09:00,1243.6283081127829,1243.6283081127829,1225.9568579086936,1228.902099609375,6900,0.0,0.0
2004-01-27 00:00:00+09:00,1229.638174203726,1248.0459313025842,1206.0762451171875,1244.3643798828125,24300,0.0,0.0
2004-01-28 00:00:00+09:00,1222.2756167358693,1233.3202759232418,1206.813093873548,1216.3851318359375,20800,0.0,0.0
2004-01-29 00:00:00+09:00,1207.5490798767237,1237.0014964590828,1200.1859757311338,1228.165771484375,23400,0.0,0.0
2004-01-30 00:00:00+09:00,1225.2203125,1245.100690166767,1208.2851759690504,1244.3643798828125,25700,0.0,0.0
2004-02-02 00:00:00+09:00,1237.0012176385983,1237.0012176385983,1224.4839434124935,1231.8470458984375,5600,0.0,0.0
2004-02-03 00:00:00+09:00,1231.847105055589,1244.3643798828125,1218.5935199444111,1244.3643798828125,19400,0.0,0.0
2004-02-04 00:00:00+09:00,1240.6829633809446,1240.6829633809446,1214.912100640094,1234.79248046875,29200,0.0,0.0
2004-02-05 00:00:00+09:00,1212.7030749935625,1250.9912109375,1212.7030749935625,1250.9912109375,48400,0.0,0.0
2004-02-06 00:00:00+09:00,1251.727291316727,1251.727291316727,1242.1552590890108,1246.5731201171875,24500,0.0,0.0
2004-02-09 00:00:00+09:00,1250.2547879950946,1273.816715684048,1246.5732367936955,1266.45361328125,78300,0.0,0.0
2004-02-10 00:00:00+09:00,1269.3988542423692,1269.3988542423692,1251.727408475654,1266.45361328125,30100,0.0,0.0
2004-02-11 00:00:00+09:00,1266.45361328125,1266.45361328125,1266.45361328125,1266.45361328125,0,0.0,0.0
2004-02-12 00:00:00+09:00,1268.6628104174172,1277.49853515625,1245.1008777805296,1277.49853515625,60500,0.0,0.0
2004-02-13 00:00:00+09:00,1281.1803176749465,1304.0059440243278,1274.553522928352,1292.2249755859375,68500,0.0,0.0
2004-02-16 00:00:00+09:00,1303.2689643680449,1319.4677876539754,1295.1695527250797,1315.0499267578125,29500,0.0,0.0
2004-02-17 00:00:00+09:00,1310.6319356879585,1316.522416297792,1289.278943477312,1304.741455078125,32000,0.0,0.0
2004-02-18 00:00:00+09:00,1299.5877354508739,1309.896080094677,1290.7520114704714,1303.269287109375,23000,0.0,0.0
2004-02-19 00:00:00+09:00,1303.2691176777005,1314.3137712173418,1295.9060153179394,1311.3685302734375,26700,0.0,0.0
2004-02-20 00:00:00+09:00,1308.423725134585,1317.25945090927,1304.0058622472427,1314.314208984375,15700,0.0,0.0
2004-02-23 00:00:00+09:00,1310.6320658616496,1323.8856485501383,1309.8957557122892,1315.0499267578125,12800,0.0,0.0
2004-02-24 00:00:00+09:00,1312.8415880219277,1323.8862452402836,1300.324309841124,1314.314208984375,35800,0.0,0.0
2004-02-25 00:00:00+09:00,1314.3141499503715,1347.4481201171875,1312.8415290540686,1347.4481201171875,42300,0.0,0.0
2004-02-26 00:00:00+09:00,1351.129569799778,1354.8111217610854,1343.7664658771635,1353.3385009765625,31600,0.0,0.0
2004-02-27 00:00:00+09:00,1353.3385893997133,1358.4927624823022,1345.9754849960152,1357.0201416015625,53400,0.0,0.0
2004-03-01 00:00:00+09:00,1357.0201785126721,1376.900560943406,1340.8213483839263,1363.64697265625,52700,0.0,0.0
2004-03-02 00:00:00+09:00,1364.3832460052606,1364.3832460052606,1347.4481058767549,1357.0201416015625,25900,0.0,0.0
2004-03-03 00:00:00+09:00,1340.0847880045574,1361.4377873738608,1340.0847880045574,1343.030029296875,8800,0.0,0.0
2004-03-04 00:00:00+09:00,1348.184259732737,1361.4378461200606,1341.5574665390752,1355.54736328125,23100,0.0,0.0
2004-03-05 00:00:00+09:00,1356.2836176707144,1356.2836176707144,1345.9752731281574,1348.1842041015625,11300,0.0,0.0
2004-03-08 00:00:00+09:00,1347.4478196364184,1354.8109224759617,1340.084716796875,1340.084716796875,13500,0.0,0.0
2004-03-09 00:00:00+09:00,1326.8310009467066,1333.457792849326,1322.4131396782936,1324.6220703125,9700,0.0,0.0
2004-03-10 00:00:00+09:00,1296.6427574350053,1317.25945090927,1295.9064469537816,1314.314208984375,15600,0.0,0.0
2004-03-11 00:00:00+09:00,1309.159898341534,1330.5129000580157,1309.159898341534,1318.73193359375,11400,0.0,0.0
2004-03-12 00:00:00+09:00,1296.6422546421065,1318.731560513352,1296.6422546421065,1308.4232177734375,33300,0.0,0.0
2004-03-15 00:00:00+09:00,1347.447840317073,1362.1740462221776,1343.766288840797,1345.9752197265625,20800,0.0,0.0
2004-03-16 00:00:00+09:00,1345.974964439506,1347.4475847507092,1325.3582800826648,1330.512451171875,9600,0.0,0.0
2004-03-17 00:00:00+09:00,1332.7216722449987,1352.60205078125,1332.7216722449987,1352.60205078125,11600,0.0,0.0
2004-03-18 00:00:00+09:00,1352.6022932542478,1352.6022932542478,1332.7219111541583,1347.4481201171875,13900,0.0,0.0
2004-03-19 00:00:00+09:00,1337.8760100442578,1347.4480453390158,1331.249216378656,1334.1944580078125,15200,0.0,0.0
2004-03-22 00:00:00+09:00,1332.7219044540354,1335.6671462318345,1326.095110453988,1326.8314208984375,10100,0.0,0.0
2004-03-23 00:00:00+09:00,1332.7213134765625,1340.084414655991,1325.3582122971338,1332.7213134765625,20200,0.0,0.0
2004-03-24 00:00:00+09:00,1332.7218688964842,1332.7218688964842,1317.9956604003905,1325.3587646484375,14100,0.0,0.0
2004-03-25 00:00:00+09:00,1325.3582800826648,1334.1940019498825,1325.3582800826648,1330.512451171875,18200,0.0,0.0
2004-03-26 00:00:00+09:00,1336.7976134682858,1344.1914055781767,1333.8400966243294,1343.4520263671875,19500,7.5,0.0
2004-03-29 00:00:00+09:00,1344.1912841796875,1346.4094216123274,1338.2762510259815,1344.1912841796875,21200,0.0,0.0
2004-03-30 00:00:00+09:00,1345.6696682924724,1345.6696682924724,1330.8820895200276,1338.27587890625,25800,0.0,0.0
2004-03-31 00:00:00+09:00,1339.7550144477739,1349.366943359375,1337.5368770066352,1349.366943359375,24800,0.0,0.0
2004-04-01 00:00:00+09:00,1332.3610928720093,1349.3668115934613,1332.3610928720093,1340.4942626953125,17000,0.0,0.0
2004-04-02 00:00:00+09:00,1349.3671777829602,1349.3671777829602,1336.7977300995026,1337.537109375,12700,0.0,0.0
2004-04-05 00:00:00+09:00,1339.0155165524138,1355.2818563448782,1336.7973793079868,1351.5849609375,34300,0.0,0.0
2004-04-06 00:00:00+09:00,1367.8512132614053,1382.6387939453125,1353.0636325774983,1382.6387939453125,51900,0.0,0.0
2004-04-07 00:00:00+09:00,1382.6391522722686,1386.3360484013388,1372.2878431108718,1373.7666015625,27200,0.0,0.0
2004-04-08 00:00:00+09:00,1382.638939144737,1419.6078947368421,1371.5482524671052,1404.8203125,40900,0.0,0.0
2004-04-09 00:00:00+09:00,1397.426513671875,1403.341546533978,1370.069486684648,1397.426513671875,22800,0.0,0.0
2004-04-12 00:00:00+09:00,1377.4631423950195,1395.2082392374675,1377.4631423950195,1384.1175537109375,9500,0.0,0.0
2004-04-13 00:00:00+09:00,1390.0328517474356,1423.3049146881988,1390.0328517474356,1405.559814453125,32500,0.0,0.0
2004-04-14 00:00:00+09:00,1405.559689294054,1405.559689294054,1381.1601786434996,1402.6021728515625,12600,0.0,0.0
2004-04-15 00:00:00+09:00,1397.4263668726492,1397.4263668726492,1373.0268588796346,1375.984375,13200,0.0,0.0
2004-04-16 00:00:00+09:00,1375.9847405546454,1382.6391535933299,1353.8033637590304,1375.245361328125,11600,0.0,0.0
2004-04-19 00:00:00+09:00,1375.244994263549,1378.9418894094188,1340.4941798923733,1374.505615234375,14300,0.0,0.0
2004-04-20 00:00:00+09:00,1374.5057628542877,1398.9052734375,1347.1487358367467,1398.9052734375,24700,0.0,0.0
2004-04-21 00:00:00+09:00,1400.384020723093,1400.384020723093,1374.5057521247254,1388.553955078125,7600,0.0,0.0
2004-04-22 00:00:00+09:00,1395.9476131263398,1400.383887320597,1375.245000219805,1379.6812744140625,8300,0.0,0.0
2004-04-23 00:00:00+09:00,1384.1174288974719,1387.8143237396125,1379.6811550869031,1381.8992919921875,9600,0.0,0.0
2004-04-26 00:00:00+09:00,1383.3783013584516,1393.7296087977986,1382.638922255641,1388.553955078125,9000,0.0,0.0
2004-04-27 00:00:00+09:00,1389.2930816764688,1395.2081134238938,1377.4630181816185,1381.8992919921875,4700,0.0,0.0
2004-04-28 00:00:00+09:00,1382.6387845552883,1382.6387845552883,1370.0693410593312,1374.505615234375,3700,0.0,0.0
2004-04-29 00:00:00+09:00,1374.505615234375,1374.505615234375,1374.505615234375,1374.505615234375,0,0.0,0.0
2004-04-30 00:00:00+09:00,1367.1120612726984,1370.0695779006544,1308.701107870566,1367.8514404296875,23200,0.0,0.0
2004-05-03 00:00:00+09:00,1367.8514404296875,1367.8514404296875,1367.8514404296875,1367.8514404296875,0,0.0,0.0
2004-05-04 00:00:00+09:00,1367.8514404296875,1367.8514404296875,1367.8514404296875,1367.8514404296875,0,0.0,0.0
2004-05-05 00:00:00+09:00,1367.8514404296875,1367.8514404296875,1367.8514404296875,1367.8514404296875,0,0.0,0.0
2004-05-06 00:00:00+09:00,1345.6701726861338,1353.06396484375,1316.834383271431,1353.06396484375,24900,0.0,0.0
2004-05-07 00:00:00+09:00,1328.6641910626947,1341.9730143454597,1326.4460538489006,1334.5792236328125,15700,0.0,0.0
2004-05-10 00:00:00+09:00,1290.2167014904621,1367.1121381408966,1290.2167014904621,1319.052490234375,64900,0.0,0.0
2004-05-11 00:00:00+09:00,1301.30738946889,1321.2706278300607,1301.30738946889,1319.052490234375,20900,0.0,0.0
2004-05-12 00:00:00+09:00,1320.5309934524544,1327.924784009299,1302.7858961160273,1309.4403076171875,19400,0.0,0.0
2004-05-13 00:00:00+09:00,1301.307400173611,1345.670152452257,1265.0778191460504,1330.882568359375,31300,0.0,0.0
2004-05-14 00:00:00+09:00,1287.2587220900718,1330.1427001953125,1287.2587220900718,1330.1427001953125,18300,0.0,0.0
2004-05-17 00:00:00+09:00,1274.6894887720182,1325.7066434850515,1256.9443914805286,1306.4827880859375,29800,0.0,0.0
2004-05-18 00:00:00+09:00,1293.1737282367646,1315.3550957879954,1282.8224233795233,1310.179443359375,20400,0.0,0.0
2004-05-19 00:00:00+09:00,1320.5312594943578,1330.882568359375,1309.4405714246961,1330.882568359375,10400,0.0,0.0
2004-05-20 00:00:00+09:00,1330.8825649590879,1338.2763569866383,1316.0949809039869,1327.1856689453125,9400,0.0,0.0
2004-05-21 00:00:00+09:00,1330.8825903360269,1361.1971382270142,1323.4887981674935,1355.2821044921875,16500,0.0,0.0
2004-05-24 00:00:00+09:00,1367.8514077153845,1367.8514077153845,1331.6218298894096,1335.3187255859375,13300,0.0,0.0
2004-05-25 00:00:00+09:00,1336.0577420903833,1344.190910415228,1336.0577420903833,1338.27587890625,8600,0.0,0.0
2004-05-26 00:00:00+09:00,1357.4999984025694,1357.4999984025694,1341.2336585524297,1356.021240234375,14400,0.0,0.0
2004-05-27 00:00:00+09:00,1356.760869556578,1367.8515578635802,1349.36707735191,1362.6759033203125,33000,0.0,0.0
2004-05-28 00:00:00+09:00,1340.4943297697369,1404.8203125,1340.4943297697369,1404.8203125,35200,0.0,0.0
2004-05-31 00:00:00+09:00,1382.6394590159246,1464.7105712890625,1367.851871218963,1464.7105712890625,55200,0.0,0.0
2004-06-01 00:00:00+09:00,1449.1830941717546,1449.1830941717546,1405.559725520666,1438.0924072265625,25600,0.0,0.0
2004-06-02 00:00:00+09:00,1438.092410232912,1441.7893058890377,1412.2141406400317,1441.0499267578125,23500,0.0,0.0
2004-06-03 00:00:00+09:00,1427.0017232645348,1441.0499267578125,1419.6079319522833,1441.0499267578125,19700,0.0,0.0
2004-06-04 00:00:00+09:00,1433.6558916847807,1440.310302734375,1420.3470695855926,1440.310302734375,10800,0.0,0.0
2004-06-07 00:00:00+09:00,1439.5710570542456,1461.7524292738794,1435.8741616843065,1450.6617431640625,16800,0.0,0.0
2004-06-08 00:00:00+09:00,1471.364733700825,1472.8434922271574,1452.880252121669,1456.5771484375,30600,0.0,0.0
2004-06-09 00:00:00+09:00,1456.576876257962,1460.2737718829824,1419.60792000776,1429.2198486328125,23500,0.0,0.0
2004-06-10 00:00:00+09:00,1441.7892952852471,1454.3587404236314,1429.9592292726502,1430.6986083984375,16000,0.0,0.0
2004-06-11 00:00:00+09:00,1408.5171055149387,1434.395372545397,1408.5171055149387,1422.5653076171875,38900,0.0,0.0
2004-06-14 00:00:00+09:00,1422.565432726595,1434.3954986952153,1419.60791623444,1425.52294921875,11500,0.0,0.0
2004-06-15 00:00:00+09:00,1427.001564398729,1427.001564398729,1404.8201929313911,1407.038330078125,15500,0.0,0.0
2004-06-16 00:00:00+09:00,1418.868412327122,1429.9590981973183,1412.2140008050042,1422.5653076171875,11400,0.0,0.0
2004-06-17 00:00:00+09:00,1424.044419488987,1424.044419488987,1403.3418007217535,1407.778076171875,22500,0.0,0.0
2004-06-18 00:00:00+09:00,1408.517319737442,1408.517319737442,1390.0328404757956,1393.729736328125,22500,0.0,0.0
2004-06-21 00:00:00+09:00,1415.171869876377,1427.0019377541316,1404.820560483342,1409.2568359375,20400,0.0,0.0
2004-06-22 00:00:00+09:00,1401.1234123125246,1404.8203078595234,1397.426516765526,1400.384033203125,8200,0.0,0.0
2004-06-23 00:00:00+09:00,1408.517201069106,1408.517201069106,1398.1658935546875,1398.1658935546875,4000,0.0,0.0
2004-06-24 00:00:00+09:00,1409.2564796551176,1424.7834398192088,1404.8202053225202,1418.1290283203125,18100,0.0,0.0
2004-06-25 00:00:00+09:00,1427.0019537571611,1430.698850010418,1418.868781999996,1427.7413330078125,42400,0.0,0.0
2004-06-28 00:00:00+09:00,1429.2199892005142,1449.9226067367865,1429.2199892005142,1449.1832275390625,16000,0.0,0.0
2004-06-29 00:00:00+09:00,1455.0983830637442,1455.0983830637442,1442.5289356490675,1448.4439697265625,15400,0.0,0.0
2004-06-30 00:00:00+09:00,1448.4442022654637,1448.4442022654637,1412.2146127243673,1431.4384765625,24500,0.0,0.0
2004-07-01 00:00:00+09:00,1427.0019668829245,1444.7470690617795,1427.0019668829245,1443.268310546875,4900,0.0,0.0
2004-07-02 00:00:00+09:00,1431.4378678486198,1435.1347631684769,1415.9109075052206,1432.9166259765625,13900,0.0,0.0
2004-07-05 00:00:00+09:00,1432.9168783804087,1442.5288079051481,1415.9111569135616,1441.7894287109375,21100,0.0,0.0
2004-07-06 00:00:00+09:00,1427.0018448267228,1441.7894287109375,1419.6080528846153,1441.7894287109375,16900,0.0,0.0
2004-07-07 00:00:00+09:00,1441.7890510303062,1441.7890510303062,1419.6076810144552,1432.1771240234375,14100,0.0,0.0
2004-07-08 00:00:00+09:00,1432.177243632146,1432.177243632146,1413.6927670752004,1429.9591064453125,9100,0.0,0.0
2004-07-09 00:00:00+09:00,1418.1293989701703,1429.9594669490666,1418.1293989701703,1423.3050537109375,8600,0.0,0.0
2004-07-12 00:00:00+09:00,1429.959109720677,1434.3953841045054,1417.3896656331633,1432.9166259765625,4600,0.0,0.0
2004-07-13 00:00:00+09:00,1434.3955115781653,1438.0924072265625,1419.607928984576,1438.0924072265625,9100,0.0,0.0
2004-07-14 00:00:00+09:00,1437.353028096883,1438.0924072265625,1419.607928984576,1438.0924072265625,12800,0.0,0.0
2004-07-15 00:00:00+09:00,1419.6081523865414,1432.1775995691305,1417.3900146484375,1417.3900146484375,12300,0.0,0.0
2004-07-16 00:00:00+09:00,1418.129287688265,1434.3956298828125,1412.2142541629753,1434.3956298828125,20700,0.0,0.0
2004-07-19 00:00:00+09:00,1434.3956298828125,1434.3956298828125,1434.3956298828125,1434.3956298828125,0,0.0,0.0
2004-07-20 00:00:00+09:00,1415.1718819754465,1426.2625707056616,1407.7780894886364,1423.3050537109375,6400,0.0,0.0
2004-07-21 00:00:00+09:00,1425.5231914569804,1425.5231914569804,1413.6931234780843,1423.3050537109375,7300,0.0,0.0
2004-07-22 00:00:00+09:00,1422.5654258708148,1422.5654258708148,1408.5172226007808,1418.8685302734375,6800,0.0,0.0
2004-07-23 00:00:00+09:00,1419.6077995734229,1429.9591064453125,1412.2140089506447,1429.9591064453125,16800,0.0,0.0
2004-07-26 00:00:00+09:00,1407.7780926165804,1429.9594701262954,1407.7780926165804,1427.001953125,15100,0.0,0.0
2004-07-27 00:00:00+09:00,1427.0015860914011,1427.740965151552,1404.8202142868715,1426.26220703125,11800,0.0,0.0
2004-07-28 00:00:00+09:00,1426.2625707056616,1427.0019499543425,1412.2143649807224,1423.3050537109375,7900,0.0,0.0
2004-07-29 00:00:00+09:00,1412.2141120946576,1418.868524141177,1410.7353538620978,1412.9534912109375,11800,0.0,0.0
2004-07-30 00:00:00+09:00,1427.0016798065928,1515.7271728515625,1419.6078887195122,1515.7271728515625,33700,0.0,0.0
2004-08-02 00:00:00+09:00,1471.3641255645211,1471.3641255645211,1441.7889672617168,1463.23095703125,23500,0.0,0.0
2004-08-03 00:00:00+09:00,1463.2310756403283,1463.9704546578323,1438.831568062698,1460.2735595703125,13000,0.0,0.0
2004-08-04 00:00:00+09:00,1438.0924272827397,1458.7950432024911,1412.2141573830504,1458.0556640625,19900,0.0,0.0
2004-08-05 00:00:00+09:00,1435.8745290688453,1456.5771484375,1415.9112889633566,1456.5771484375,14800,0.0,0.0
2004-08-06 00:00:00+09:00,1421.8261972232742,1449.1832275390625,1419.6080596301022,1449.1832275390625,12400,0.0,0.0
2004-08-09 00:00:00+09:00,1423.3045856076344,1440.310302734375,1406.2988684808938,1440.310302734375,11800,0.0,0.0
2004-08-10 00:00:00+09:00,1418.8685468765095,1435.1348876953125,1417.3897886202546,1435.1348876953125,9900,0.0,0.0
2004-08-11 00:00:00+09:00,1434.3956367688302,1441.7894287109375,1414.4323985251401,1441.7894287109375,7900,0.0,0.0
2004-08-12 00:00:00+09:00,1441.0499214777371,1441.0499214777371,1419.6079267507723,1435.874267578125,12200,0.0,0.0
2004-08-13 00:00:00+09:00,1427.0016913171457,1430.6985868905062,1406.2990761063272,1409.9959716796875,12200,0.0,0.0
2004-08-16 00:00:00+09:00,1413.6931139561518,1413.6931139561518,1371.5484970651996,1412.21435546875,11600,0.0,0.0
2004-08-17 00:00:00+09:00,1427.0015885568307,1441.0497907239705,1412.2140073282626,1428.4803466796875,5000,0.0,0.0
2004-08-18 00:00:00+09:00,1428.4804565174843,1428.4804565174843,1404.8203247325157,1416.650390625,9800,0.0,0.0
2004-08-19 00:00:00+09:00,1426.2624469822542,1426.2624469822542,1411.4748632914068,1421.826171875,7200,0.0,0.0
2004-08-20 00:00:00+09:00,1418.1292745579287,1426.262445579898,1412.2142410874055,1420.347412109375,2200,0.0,0.0
2004-08-23 00:00:00+09:00,1412.2143618265789,1419.608154296875,1408.5174655914307,1419.608154296875,5800,0.0,0.0
2004-08-24 00:00:00+09:00,1419.608147905759,1419.608147905759,1405.5599422754417,1412.21435546875,4900,0.0,0.0
2004-08-25 00:00:00+09:00,1412.214359926195,1417.3900146484375,1406.2993259579175,1417.3900146484375,6600,0.0,0.0
2004-08-26 00:00:00+09:00,1419.6076615535248,1419.6076615535248,1408.5169766976378,1415.9107666015625,8100,0.0,0.0
2004-08-27 00:00:00+09:00,1415.9110115067197,1418.8685279798408,1405.5597038507958,1416.650390625,8900,0.0,0.0
2004-08-30 00:00:00+09:00,1405.5594607360679,1416.650145591955,1405.5594607360679,1415.9107666015625,19100,0.0,0.0
2004-08-31 00:00:00+09:00,1415.1715211289852,1426.26220703125,1406.2989724071733,1426.26220703125,46300,0.0,0.0
2004-09-01 00:00:00+09:00,1423.3050549778843,1424.7838134765625,1415.9112624844927,1424.7838134765625,7900,0.0,0.0
2004-09-02 00:00:00+09:00,1425.5230698946975,1425.5230698946975,1410.7354861820968,1424.0443115234375,24200,0.0,0.0
2004-09-03 00:00:00+09:00,1421.086906393161,1421.086906393161,1412.21435546875,1412.21435546875,13800,0.0,0.0
2004-09-06 00:00:00+09:00,1405.5595769627423,1412.2139884265323,1404.82019791121,1411.474609375,14300,0.0,0.0
2004-09-07 00:00:00+09:00,1405.559696991655,1415.9110045970644,1404.820317876983,1409.9959716796875,7300,0.0,0.0
2004-09-08 00:00:00+09:00,1410.7352244861495,1412.213982583095,1406.2989501953125,1406.2989501953125,6400,0.0,0.0
2004-09-09 00:00:00+09:00,1407.0385728060478,1409.9960895118936,1402.6022977472794,1405.559814453125,14900,0.0,0.0
2004-09-10 00:00:00+09:00,1418.8682762801773,1418.8682762801773,1403.3413175506912,1410.735107421875,42500,0.0,0.0
2004-09-13 00:00:00+09:00,1404.8204352766636,1409.9960895118936,1404.8204352766636,1405.559814453125,5600,0.0,0.0
2004-09-14 00:00:00+09:00,1404.820563031741,1412.21435546875,1401.1236668132362,1412.21435546875,20200,0.0,0.0
2004-09-15 00:00:00+09:00,1412.214103618421,1412.214103618421,1397.4265213815788,1404.8203125,11900,0.0,0.0
2004-09-16 00:00:00+09:00,1410.735345394737,1410.735345394737,1397.4265213815788,1404.8203125,12300,0.0,0.0
2004-09-17 00:00:00+09:00,1404.8203063061574,1404.8203063061574,1382.6389330486918,1398.9052734375,9100,0.0,0.0
2004-09-20 00:00:00+09:00,1398.9052734375,1398.9052734375,1398.9052734375,1398.9052734375,0,0.0,0.0
2004-09-21 00:00:00+09:00,1398.905262517472,1398.905262517472,1384.1176804612621,1388.553955078125,27300,0.0,0.0
2004-09-22 00:00:00+09:00,1397.426505880153,1397.426505880153,1369.3300999418218,1390.03271484375,20000,0.0,0.0
2004-09-23 00:00:00+09:00,1390.03271484375,1390.03271484375,1390.03271484375,1390.03271484375,0,0.0,0.0
2004-09-24 00:00:00+09:00,1390.0328361994411,1390.0328361994411,1379.6815278447643,1389.29345703125,16500,0.0,0.0
2004-09-27 00:00:00+09:00,1389.6644941880054,1394.1185470539926,1374.0753091570502,1377.044677734375,16900,7.5,0.0
2004-09-28 00:00:00+09:00,1394.1187436345308,1394.1187436345308,1366.652080421284,1383.7259521484375,13000,0.0,0.0
2004-09-29 00:00:00+09:00,1383.7259024209156,1391.149324644204,1374.81779575297,1390.406982421875,25700,0.0,0.0
2004-09-30 00:00:00+09:00,1393.3764024098716,1431.9781993865968,1393.3764024098716,1425.297119140625,25900,0.0,0.0
2004-10-01 00:00:00+09:00,1423.0700528289635,1423.0700528289635,1406.7385237928459,1417.8736572265625,9400,0.0,0.0
2004-10-04 00:00:00+09:00,1418.615934172435,1419.3582763671875,1401.5420636931224,1419.3582763671875,36600,0.0,0.0
2004-10-05 00:00:00+09:00,1417.8738537956688,1417.8738537956688,1403.0270071590649,1413.4197998046875,20900,0.0,0.0
2004-10-06 00:00:00+09:00,1391.8915355024253,1415.646484375,1391.8915355024253,1415.646484375,11700,0.0,0.0
2004-10-07 00:00:00+09:00,1411.9349605530267,1414.1619873046875,1407.480907049705,1414.1619873046875,11800,0.0,0.0
2004-10-08 00:00:00+09:00,1410.4500568637807,1416.3887939453125,1362.940160211527,1416.3887939453125,14100,0.0,0.0
2004-10-11 00:00:00+09:00,1416.3887939453125,1416.3887939453125,1416.3887939453125,1416.3887939453125,0,0.0,0.0
2004-10-12 00:00:00+09:00,1417.1314307077737,1417.1314307077737,1409.7080078125,1409.7080078125,6800,0.0,0.0
2004-10-13 00:00:00+09:00,1403.0267091396313,1403.0267091396313,1370.3636534771215,1400.7996826171875,6000,0.0,0.0
2004-10-14 00:00:00+09:00,1380.7565236646074,1408.9655279115188,1374.8177859284156,1404.511474609375,14600,0.0,0.0
2004-10-15 00:00:00+09:00,1400.7998238755908,1400.7998238755908,1374.0755029113507,1383.7259521484375,17200,0.0,0.0
2004-10-18 00:00:00+09:00,1373.3327961535374,1373.3327961535374,1365.9093756337886,1372.5904541015625,5600,0.0,0.0
2004-10-19 00:00:00+09:00,1365.909700627039,1365.909700627039,1356.2592516552177,1365.1673583984375,8000,0.0,0.0
2004-10-20 00:00:00+09:00,1351.8052084451192,1357.743946318574,1345.8664705716646,1351.0628662109375,6500,0.0,0.0
2004-10-21 00:00:00+09:00,1343.639013293572,1343.639013293572,1339.1849613158033,1341.4119873046875,7800,0.0,0.0
2004-10-22 00:00:00+09:00,1342.154614447489,1342.8969566014973,1335.4735350614117,1337.7005615234375,19600,0.0,0.0
2004-10-25 00:00:00+09:00,1336.2161083435744,1336.2161083435744,1313.9458398711815,1321.3692626953125,19500,0.0,0.0
2004-10-26 00:00:00+09:00,1321.3692626953125,1321.3692626953125,1308.74944389429,1321.3692626953125,9700,0.0,0.0
2004-10-27 00:00:00+09:00,1328.7927395539875,1336.2161626799875,1320.6269741153876,1333.9891357421875,7500,0.0,0.0
2004-10-28 00:00:00+09:00,1329.5349841308594,1343.6394870334202,1326.5656150987413,1336.216064453125,18800,0.0,0.0
2004-10-29 00:00:00+09:00,1336.2154965901243,1343.638916015625,1328.7920771646236,1343.638916015625,34600,0.0,0.0
2004-11-01 00:00:00+09:00,1342.1547765331816,1356.2592791626785,1342.1547765331816,1345.1241455078125,7400,0.0,0.0
2004-11-02 00:00:00+09:00,1345.1235999007251,1345.1235999007251,1333.988470762474,1343.638916015625,10800,0.0,0.0
2004-11-03 00:00:00+09:00,1343.638916015625,1343.638916015625,1343.638916015625,1343.638916015625,0,0.0,0.0
2004-11-04 00:00:00+09:00,1346.6088128058464,1351.0628662109375,1343.639443869119,1351.0628662109375,9700,0.0,0.0
2004-11-05 00:00:00+09:00,1354.7745204207922,1358.4862314356437,1345.1240717821784,1349.578125,5400,0.0,0.0
2004-11-08 00:00:00+09:00,1351.0626055743244,1351.0626055743244,1342.1545004826255,1345.8662109375,10500,0.0,0.0
2004-11-09 00:00:00+09:00,1323.595769937426,1336.2155837842774,1323.595769937426,1333.2462158203125,5500,0.0,0.0
2004-11-10 00:00:00+09:00,1321.369091223711,1328.0501708984375,1321.369091223711,1328.0501708984375,5000,0.0,0.0
2004-11-11 00:00:00+09:00,1322.8538904865898,1322.8538904865898,1306.5223609744096,1319.884521484375,7200,0.0,0.0
2004-11-12 00:00:00+09:00,1319.8841228174185,1320.62646484375,1299.0985460801364,1320.62646484375,4900,0.0,0.0
2004-11-15 00:00:00+09:00,1322.1109996816729,1343.638916015625,1320.6263157965727,1343.638916015625,21900,0.0,0.0
2004-11-16 00:00:00+09:00,1344.3819341743942,1344.3819341743942,1322.1116646960775,1342.1549072265625,8700,0.0,0.0
2004-11-17 00:00:00+09:00,1328.7928284845575,1336.2162521073762,1315.4306659634838,1334.7315673828125,15900,0.0,0.0
2004-11-18 00:00:00+09:00,1336.2162521073762,1343.639675730195,1328.0504861222755,1334.7315673828125,19600,0.0,0.0
2004-11-19 00:00:00+09:00,1333.9887857017818,1333.9887857017818,1310.2338379319115,1316.9149169921875,13500,0.0,0.0
2004-11-22 00:00:00+09:00,1306.5220535714286,1306.5220535714286,1284.9941333705358,1299.0986328125,12400,0.0,0.0
2004-11-23 00:00:00+09:00,1299.0986328125,1299.0986328125,1299.0986328125,1299.0986328125,0,0.0,0.0
2004-11-24 00:00:00+09:00,1302.8103431919644,1312.4607901785714,1293.1598962053572,1299.0986328125,9600,0.0,0.0
2004-11-25 00:00:00+09:00,1306.5222494137295,1327.3078306544023,1291.6754056703917,1305.7799072265625,14100,0.0,0.0
2004-11-26 00:00:00+09:00,1306.5224609375,1306.5224609375,1295.3873263272371,1306.5224609375,6900,0.0,0.0
2004-11-29 00:00:00+09:00,1306.5224581866196,1320.626961996589,1299.0990351287412,1317.6575927734375,8800,0.0,0.0
2004-11-30 00:00:00+09:00,1300.5837170478353,1328.792724609375,1300.5837170478353,1328.792724609375,18000,0.0,0.0
2004-12-01 00:00:00+09:00,1315.430404291342,1328.7925641543466,1292.4177956383896,1310.2340087890625,9200,0.0,0.0
2004-12-02 00:00:00+09:00,1296.1294347115693,1308.7492516589327,1288.706012977826,1303.5528564453125,23400,0.0,0.0
2004-12-03 00:00:00+09:00,1306.5221680801026,1306.5221680801026,1296.1293781067382,1302.068115234375,9500,0.0,0.0
2004-12-06 00:00:00+09:00,1306.5223628935053,1309.4917319000815,1306.5223628935053,1308.7493896484375,4800,0.0,0.0
2004-12-07 00:00:00+09:00,1308.7494878595526,1308.7494878595526,1297.6143532492897,1306.5224609375,8500,0.0,0.0
2004-12-08 00:00:00+09:00,1302.0681070408045,1313.9455812213364,1291.6753171328392,1305.0374755859375,8100,0.0,0.0
2004-12-09 00:00:00+09:00,1287.9637294345432,1305.0376001993816,1270.8898586697048,1282.767333984375,13100,0.0,0.0
2004-12-10 00:00:00+09:00,1282.7674648346867,1282.7674648346867,1271.63233059133,1279.798095703125,24400,0.0,0.0
2004-12-13 00:00:00+09:00,1281.2826253962862,1282.7673097826087,1262.7240705672555,1280.540283203125,20300,0.0,0.0
2004-12-14 00:00:00+09:00,1282.767333984375,1282.767333984375,1273.1168852912056,1282.767333984375,10000,0.0,0.0
2004-12-15 00:00:00+09:00,1282.7674166909196,1282.7674166909196,1270.889940610448,1275.343994140625,10700,0.0,0.0
2004-12-16 00:00:00+09:00,1275.3439700824526,1276.0863123234785,1269.4052321542456,1273.116943359375,9900,0.0,0.0
2004-12-17 00:00:00+09:00,1266.4357825920595,1273.1168623360973,1266.4357825920595,1269.4051513671875,21000,0.0,0.0
2004-12-20 00:00:00+09:00,1265.6935209491162,1273.116943359375,1261.981809743987,1273.116943359375,31100,0.0,0.0
2004-12-21 00:00:00+09:00,1261.9816564457678,1284.2519209712814,1261.9816564457678,1273.859130859375,33200,0.0,0.0
2004-12-22 00:00:00+09:00,1276.828320990276,1287.2211096494993,1276.828320990276,1283.5093994140625,15500,0.0,0.0
2004-12-23 00:00:00+09:00,1283.5093994140625,1283.5093994140625,1283.5093994140625,1283.5093994140625,0,0.0,0.0
2004-12-24 00:00:00+09:00,1284.251953125,1290.9330326499278,1284.251953125,1284.251953125,29600,0.0,0.0
2004-12-27 00:00:00+09:00,1284.2521557546831,1295.3872900531342,1283.5098134681198,1287.9638671875,13400,0.0,0.0
2004-12-28 00:00:00+09:00,1287.9638671875,1290.1908940471903,1279.0557597487393,1287.9638671875,8300,0.0,0.0
2004-12-29 00:00:00+09:00,1291.675578620317,1293.1602631934438,1285.73684032781,1287.9638671875,20600,0.0,0.0
2004-12-30 00:00:00+09:00,1287.963663972182,1291.6753748193642,1284.251953125,1284.251953125,14300,0.0,0.0
2004-12-31 00:00:00+09:00,1284.251953125,1284.251953125,1284.251953125,1284.251953125,0,0.0,0.0
2005-01-03 00:00:00+09:00,1284.251953125,1284.251953125,1284.251953125,1284.251953125,0,0.0,0.0
2005-01-04 00:00:00+09:00,1285.7364501953125,1287.9634763792537,1279.797713704803,1285.7364501953125,8200,0.0,0.0
2005-01-05 00:00:00+09:00,1279.7978841523689,1284.2519371134558,1276.828515511644,1279.0555419921875,15000,0.0,0.0
2005-01-06 00:00:00+09:00,1271.6318853621292,1280.5399896378708,1271.6318853621292,1276.0859375,13900,0.0,0.0
2005-01-07 00:00:00+09:00,1276.8282795229784,1276.8282795229784,1273.116569408086,1276.0859375,9200,0.0,0.0
2005-01-10 00:00:00+09:00,1276.0859375,1276.0859375,1276.0859375,1276.0859375,0,0.0,0.0
2005-01-11 00:00:00+09:00,1276.828418081909,1282.767154910197,1273.116707564229,1281.282470703125,22600,0.0,0.0
2005-01-12 00:00:00+09:00,1280.5403899258313,1282.7674166909196,1275.343994140625,1275.343994140625,27900,0.0,0.0
2005-01-13 00:00:00+09:00,1273.1169760491493,1276.8286873495842,1264.2088689281059,1272.3746337890625,20700,0.0,0.0
2005-01-14 00:00:00+09:00,1267.1781658810255,1272.3745614060208,1264.2087970095995,1265.6934814453125,19600,0.0,0.0
2005-01-17 00:00:00+09:00,1270.1475983554187,1283.509758945949,1265.6935448252418,1275.343994140625,48400,0.0,0.0
2005-01-18 00:00:00+09:00,1276.0862469059407,1283.5096689356437,1266.4357982673268,1274.6015625,34700,0.0,0.0
2005-01-19 00:00:00+09:00,1278.3129635689354,1279.7976476148924,1267.9201752472368,1276.0859375,33500,0.0,0.0
2005-01-20 00:00:00+09:00,1268.6629877536095,1272.3746992449894,1263.466591665678,1270.8900146484375,24400,0.0,0.0
2005-01-21 00:00:00+09:00,1263.4664942260385,1275.3439700824526,1260.4971252619353,1273.116943359375,29400,0.0,0.0
2005-01-24 00:00:00+09:00,1276.0863384038507,1276.0863384038507,1261.9818355360944,1264.2088623046875,27000,0.0,0.0
2005-01-25 00:00:00+09:00,1264.9511632986314,1267.9205322265625,1261.9817943707003,1267.9205322265625,20400,0.0,0.0
2005-01-26 00:00:00+09:00,1268.6629158418737,1268.6629158418737,1261.9818355360944,1264.2088623046875,20400,0.0,0.0
2005-01-27 00:00:00+09:00,1265.693546817083,1268.6629158418737,1263.4665200484897,1264.2088623046875,24000,0.0,0.0
2005-01-28 00:00:00+09:00,1264.208771658416,1279.7979579207922,1264.208771658416,1274.6015625,60200,0.0,0.0
2005-01-31 00:00:00+09:00,1284.2519992988216,1328.7925310664107,1282.0249727104422,1310.976318359375,142600,0.0,0.0
2005-02-01 00:00:00+09:00,1330.2768845826236,1330.2768845826236,1306.5219402150767,1307.2642822265625,50800,0.0,0.0
2005-02-02 00:00:00+09:00,1318.3996338303723,1321.3690023750353,1310.233870332549,1316.172607421875,30800,0.0,0.0
2005-02-03 00:00:00+09:00,1323.596083305837,1362.1978759765625,1313.9456351381557,1362.1978759765625,107700,0.0,0.0
2005-02-04 00:00:00+09:00,1361.4555338098178,1367.3942711437755,1354.7744543091153,1362.1978759765625,84400,0.0,0.0
2005-02-07 00:00:00+09:00,1365.9095133419337,1371.1059082296476,1365.9095133419337,1366.65185546875,53000,0.0,0.0
2005-02-08 00:00:00+09:00,1358.4862557274505,1362.9403090249175,1343.6394114025604,1351.80517578125,22100,0.0,0.0
2005-02-09 00:00:00+09:00,1350.3203781415832,1350.3203781415832,1336.958219369429,1337.7005615234375,16000,0.0,0.0
2005-02-10 00:00:00+09:00,1335.4738203673876,1338.4431896177875,1329.5350818665875,1333.9891357421875,11100,0.0,0.0
2005-02-11 00:00:00+09:00,1333.9891357421875,1333.9891357421875,1333.9891357421875,1333.9891357421875,0,0.0,0.0
2005-02-14 00:00:00+09:00,1351.062867901662,1351.062867901662,1337.7007076696675,1339.927734375,19300,0.0,0.0
2005-02-15 00:00:00+09:00,1347.3512049842973,1351.062916292794,1336.9584133205067,1344.3818359375,20600,0.0,0.0
2005-02-16 00:00:00+09:00,1344.3820180924768,1344.3820180924768,1330.2775132091213,1334.7315673828125,15200,0.0,0.0
2005-02-17 00:00:00+09:00,1330.2770345596432,1331.76171875,1263.4662459935898,1331.76171875,23500,0.0,0.0
2005-02-18 00:00:00+09:00,1321.3692626953125,1328.7926855194435,1314.6881821535947,1321.3692626953125,32300,0.0,0.0
2005-02-21 00:00:00+09:00,1331.7620938263792,1331.7620938263792,1319.8846169583626,1328.792724609375,10800,0.0,0.0
2005-02-22 00:00:00+09:00,1328.792724609375,1328.792724609375,1311.718851611601,1328.792724609375,17700,0.0,0.0
2005-02-23 00:00:00+09:00,1317.6574281995343,1332.5042724609375,1310.2340060688325,1332.5042724609375,18500,0.0,0.0
2005-02-24 00:00:00+09:00,1325.0808588024759,1329.534912109375,1315.4304099708613,1329.534912109375,10600,0.0,0.0
2005-02-25 00:00:00+09:00,1335.4738203673876,1339.9278742429874,1330.2774241791876,1333.9891357421875,9600,0.0,0.0
2005-02-28 00:00:00+09:00,1343.6389980683969,1347.3507080078125,1338.4426041532154,1347.3507080078125,10700,0.0,0.0
2005-03-01 00:00:00+09:00,1347.351001219892,1350.3203698176217,1333.2465003806756,1340.669921875,17000,0.0,0.0
2005-03-02 00:00:00+09:00,1326.5654210357834,1340.669921875,1326.5654210357834,1340.669921875,9700,0.0,0.0
2005-03-03 00:00:00+09:00,1342.8970146200522,1342.8970146200522,1322.8537755958723,1328.0501708984375,25800,0.0,0.0
2005-03-04 00:00:00+09:00,1321.3688068700815,1328.0498851070652,1319.141780791087,1320.62646484375,17200,0.0,0.0
2005-03-07 00:00:00+09:00,1321.3689778645833,1328.0500569661458,1308.0068196614584,1313.945556640625,34100,0.0,0.0
2005-03-08 00:00:00+09:00,1327.308045543324,1327.308045543324,1302.8107494007456,1306.5224609375,41200,0.0,0.0
2005-03-09 00:00:00+09:00,1304.2953709567964,1305.0377132282574,1296.1296059707265,1296.8719482421875,21200,0.0,0.0
2005-03-10 00:00:00+09:00,1296.8720137194439,1299.099040646266,1290.9332752479181,1295.3873291015625,29500,0.0,0.0
2005-03-11 00:00:00+09:00,1302.0681720985638,1318.399699912799,1301.3258299251895,1303.5528564453125,44500,0.0,0.0
2005-03-14 00:00:00+09:00,1303.5530552053315,1303.5530552053315,1287.9638671875,1287.9638671875,31200,0.0,0.0
2005-03-15 00:00:00+09:00,1291.6754803586198,1294.6448492789846,1287.221426978073,1290.1907958984375,38500,0.0,0.0
2005-03-16 00:00:00+09:00,1298.3565604294404,1298.3565604294404,1286.4790847479817,1290.1907958984375,34400,0.0,0.0
2005-03-17 00:00:00+09:00,1312.4608393389217,1313.9455235463186,1291.675260435364,1292.4176025390625,43400,0.0,0.0
2005-03-18 00:00:00+09:00,1292.4181194772748,1302.8109130859375,1290.1910922754184,1302.8109130859375,36800,0.0,0.0
2005-03-21 00:00:00+09:00,1302.8109130859375,1302.8109130859375,1302.8109130859375,1302.8109130859375,0,0.0,0.0
2005-03-22 00:00:00+09:00,1310.2337639508928,1312.4607901785714,1296.8716065848214,1299.0986328125,38400,0.0,0.0
2005-03-23 00:00:00+09:00,1299.841365207078,1303.5530767011016,1282.7674923345692,1301.3260498046875,85200,0.0,0.0
2005-03-24 00:00:00+09:00,1306.5221680801026,1310.2338787848755,1300.5834309524657,1302.068115234375,33400,0.0,0.0
2005-03-25 00:00:00+09:00,1302.810586642949,1310.2340087890625,1299.098875569892,1310.2340087890625,26600,0.0,0.0
2005-03-28 00:00:00+09:00,1312.84331565022,1312.84331565022,1282.277400862225,1287.4959716796875,53500,7.5,0.0
2005-03-29 00:00:00+09:00,1306.879207611084,1306.879207611084,1287.4959449768066,1288.241455078125,61400,0.0,0.0
2005-03-30 00:00:00+09:00,1302.4060858630257,1310.6066965925584,1289.7324147355664,1300.1695556640625,46200,0.0,0.0
2005-03-31 00:00:00+09:00,1296.44204370531,1319.5528564453125,1292.714493263374,1319.5528564453125,26900,0.0,0.0
2005-04-01 00:00:00+09:00,1298.6786078559028,1310.6067695813301,1297.1875876402244,1308.3702392578125,15000,0.0,0.0
2005-04-04 00:00:00+09:00,1297.9330940028099,1305.38819505969,1297.9330940028099,1301.66064453125,9600,0.0,0.0
2005-04-05 00:00:00+09:00,1299.423970285472,1317.3162108401773,1299.423970285472,1309.1156005859375,18600,0.0,0.0
2005-04-06 00:00:00+09:00,1311.3525414790502,1319.5531543023985,1309.8615209657141,1318.0621337890625,21300,0.0,0.0
2005-04-07 00:00:00+09:00,1315.8252640504518,1321.0438345027767,1315.8252640504518,1317.3162841796875,12100,0.0,0.0
2005-04-08 00:00:00+09:00,1319.552413158799,1340.426688621198,1317.3158836449707,1338.9356689453125,51700,0.0,0.0
2005-04-11 00:00:00+09:00,1341.9182944479392,1376.9572721363022,1341.9182944479392,1370.2476806640625,106200,0.0,0.0
2005-04-12 00:00:00+09:00,1370.2471453108099,1385.9028526293773,1370.2471453108099,1378.44775390625,85800,0.0,0.0
2005-04-13 00:00:00+09:00,1382.9209831848636,1392.6126127166176,1379.1934333649585,1387.39404296875,106700,0.0,0.0
2005-04-14 00:00:00+09:00,1379.1938264208236,1379.1938264208236,1349.373419363076,1362.7926025390625,46100,0.0,0.0
2005-04-15 00:00:00+09:00,1356.0827370444497,1356.8282470703125,1341.9180465530562,1356.8282470703125,42700,0.0,0.0
2005-04-18 00:00:00+09:00,1341.9182595242276,1341.9182595242276,1300.9152015943205,1327.008056640625,55100,0.0,0.0
2005-04-19 00:00:00+09:00,1341.9183349609375,1341.9183349609375,1327.0081312391494,1341.9183349609375,31800,0.0,0.0
2005-04-20 00:00:00+09:00,1347.8823288690478,1347.8823288690478,1314.3343726748512,1330.735595703125,24000,0.0,0.0
2005-04-21 00:00:00+09:00,1290.4774531586559,1341.172119140625,1290.4774531586559,1341.172119140625,37300,0.0,0.0
2005-04-22 00:00:00+09:00,1343.4090666047819,1356.8282470703125,1332.2264162168397,1356.8282470703125,39300,0.0,0.0
2005-04-25 00:00:00+09:00,1364.2832138270549,1364.2832138270549,1347.8819948630137,1360.5556640625,49900,0.0,0.0
2005-04-26 00:00:00+09:00,1359.8104248046875,1361.3014450073242,1343.4092025756836,1359.8104248046875,36400,0.0,0.0
2005-04-27 00:00:00+09:00,1363.5378197591676,1370.992919921875,1338.1904792059627,1370.992919921875,38900,0.0,0.0
2005-04-28 00:00:00+09:00,1372.484035458772,1374.7205656632132,1366.5199549135955,1371.738525390625,50800,0.0,0.0
2005-04-29 00:00:00+09:00,1371.738525390625,1371.738525390625,1371.738525390625,1371.738525390625,0,0.0,0.0
2005-05-02 00:00:00+09:00,1371.738525390625,1371.738525390625,1357.5738340958305,1371.738525390625,37500,0.0,0.0
2005-05-03 00:00:00+09:00,1371.738525390625,1371.738525390625,1371.738525390625,1371.738525390625,0,0.0,0.0
2005-05-04 00:00:00+09:00,1371.738525390625,1371.738525390625,1371.738525390625,1371.738525390625,0,0.0,0.0
2005-05-05 00:00:00+09:00,1371.738525390625,1371.738525390625,1371.738525390625,1371.738525390625,0,0.0,0.0
2005-05-06 00:00:00+09:00,1371.7383648508562,1394.1036642777724,1354.5916352902204,1393.358154296875,36000,0.0,0.0
2005-05-09 00:00:00+09:00,1393.3580640280516,1393.3580640280516,1373.9748057804704,1382.1754150390625,34500,0.0,0.0
2005-05-10 00:00:00+09:00,1382.175399070946,1382.175399070946,1374.720299831081,1379.193359375,20900,0.0,0.0
2005-05-11 00:00:00+09:00,1374.7204876910198,1374.7204876910198,1355.3372270185869,1356.8282470703125,32700,0.0,0.0
2005-05-12 00:00:00+09:00,1356.828461030198,1356.828461030198,1343.4092784485806,1350.8643798828125,31900,0.0,0.0
2005-05-13 00:00:00+09:00,1341.9182244516016,1342.663734576297,1335.954143454039,1338.190673828125,21200,0.0,0.0
2005-05-16 00:00:00+09:00,1324.0260044642857,1341.1727376302085,1316.5709030877977,1330.735595703125,44800,0.0,0.0
2005-05-17 00:00:00+09:00,1327.0081312391494,1341.9183349609375,1312.0979275173613,1341.9183349609375,41900,0.0,0.0
2005-05-18 00:00:00+09:00,1341.9179269130495,1349.373026507011,1318.0616082123731,1322.53466796875,32400,0.0,0.0
2005-05-19 00:00:00+09:00,1327.0078855649776,1339.6815563821713,1323.2803353246265,1335.20849609375,25200,0.0,0.0
2005-05-20 00:00:00+09:00,1339.68109955292,1341.172119140625,1315.079276355788,1341.172119140625,13700,0.0,0.0
2005-05-23 00:00:00+09:00,1327.0083051263557,1340.427490234375,1316.5711611534518,1340.427490234375,14000,0.0,0.0
2005-05-24 00:00:00+09:00,1340.427204202211,1341.1727143269063,1326.2625118329997,1338.190673828125,14700,0.0,0.0
2005-05-25 00:00:00+09:00,1338.1908643040051,1339.681884765625,1315.8255573797042,1339.681884765625,22200,0.0,0.0
2005-05-26 00:00:00+09:00,1326.2623755169075,1335.20849609375,1318.8072750362053,1335.20849609375,13900,0.0,0.0
2005-05-27 00:00:00+09:00,1333.7178976803655,1340.427490234375,1323.2807537074614,1340.427490234375,16600,0.0,0.0
2005-05-30 00:00:00+09:00,1341.9178631756758,1379.193359375,1341.9178631756758,1379.193359375,46500,0.0,0.0
2005-05-31 00:00:00+09:00,1359.8102786752827,1384.412109375,1359.8102786752827,1384.412109375,48200,0.0,0.0
2005-06-01 00:00:00+09:00,1359.0648150291568,1359.8103250757993,1336.6995136298838,1352.355224609375,41900,0.0,0.0
2005-06-02 00:00:00+09:00,1365.7746609157987,1366.520171101888,1332.9722127278646,1341.9183349609375,23000,0.0,0.0
2005-06-03 00:00:00+09:00,1337.444887344613,1349.373046875,1323.280197902279,1349.373046875,19400,0.0,0.0
2005-06-06 00:00:00+09:00,1334.4628318203643,1346.3909912109375,1329.9897720488996,1346.3909912109375,21400,0.0,0.0
2005-06-07 00:00:00+09:00,1347.1361974914448,1347.1361974914448,1330.7349820266902,1341.172119140625,16900,0.0,0.0
2005-06-08 00:00:00+09:00,1340.427204202211,1346.3912851997736,1334.4631232046484,1338.190673828125,15100,0.0,0.0
2005-06-09 00:00:00+09:00,1344.8999770028252,1344.8999770028252,1327.753247806004,1335.953857421875,14200,0.0,0.0
2005-06-10 00:00:00+09:00,1335.9543336115748,1340.4273949964352,1324.0261699186144,1339.681884765625,30100,0.0,0.0
2005-06-13 00:00:00+09:00,1327.7538154101346,1340.427490234375,1327.7538154101346,1340.427490234375,16400,0.0,0.0
2005-06-14 00:00:00+09:00,1328.4988481324885,1333.7174182429976,1324.7712980535534,1329.9898681640625,17400,0.0,0.0
2005-06-15 00:00:00+09:00,1332.226455901469,1335.20849609375,1323.2803353246265,1335.20849609375,14100,0.0,0.0
2005-06-16 00:00:00+09:00,1335.2083474567958,1336.6993673869542,1330.7352876663208,1335.953857421875,16400,0.0,0.0
2005-06-17 00:00:00+09:00,1337.4454490992596,1340.427490234375,1332.9723873965866,1340.427490234375,17800,0.0,0.0
2005-06-20 00:00:00+09:00,1344.899971287116,1349.3730310585806,1339.68140155374,1346.3909912109375,19700,0.0,0.0
2005-06-21 00:00:00+09:00,1344.1546897761168,1346.3912200419672,1327.753467826547,1343.4091796875,16300,0.0,0.0
2005-06-22 00:00:00+09:00,1340.4271127168695,1344.1546630859375,1334.4630321263605,1344.1546630859375,30600,0.0,0.0
2005-06-23 00:00:00+09:00,1341.9181133248953,1341.9181133248953,1332.971992569396,1334.4630126953125,17300,0.0,0.0
2005-06-24 00:00:00+09:00,1334.462672959099,1334.462672959099,1320.2979853690304,1333.7171630859375,34600,0.0,0.0
2005-06-27 00:00:00+09:00,1319.5525383226798,1328.4986572265625,1319.5525383226798,1328.4986572265625,14300,0.0,0.0
2005-06-28 00:00:00+09:00,1319.5523745454784,1327.7529825228798,1319.5523745454784,1326.261962890625,12600,0.0,0.0
2005-06-29 00:00:00+09:00,1323.280517578125,1326.262558181118,1312.0978653169013,1323.280517578125,22400,0.0,0.0
2005-06-30 00:00:00+09:00,1323.2801142868736,1328.498683751667,1316.5705249749965,1327.753173828125,23200,0.0,0.0
2005-07-01 00:00:00+09:00,1319.5528564453125,1324.0259169756357,1310.6067353846663,1319.5528564453125,26000,0.0,0.0
2005-07-04 00:00:00+09:00,1319.5528297704334,1324.7714002836497,1313.5887491839003,1320.29833984375,44100,0.0,0.0
2005-07-05 00:00:00+09:00,1327.0077750450553,1331.4808349609375,1319.5526751852515,1331.4808349609375,47100,0.0,0.0
2005-07-06 00:00:00+09:00,1333.7173275266375,1336.6993673869542,1332.2263075964793,1335.953857421875,56600,0.0,0.0
2005-07-07 00:00:00+09:00,1335.9537563131312,1335.9537563131312,1327.7531473179056,1328.4986572265625,23000,0.0,0.0
2005-07-08 00:00:00+09:00,1327.007976538401,1332.226547232653,1321.7894058441486,1329.2445068359375,25000,0.0,0.0
2005-07-11 00:00:00+09:00,1335.9537563131312,1335.9537563131312,1326.2621275005918,1328.4986572265625,14600,0.0,0.0
2005-07-12 00:00:00+09:00,1334.4630928231672,1335.9541130386121,1327.007991745943,1332.2265625,19000,0.0,0.0
2005-07-13 00:00:00+09:00,1323.2801142868736,1332.2262333693764,1321.7890944397898,1327.753173828125,22600,0.0,0.0
2005-07-14 00:00:00+09:00,1331.4812722267147,1341.9184154580553,1328.4992313034745,1339.681884765625,25100,0.0,0.0
2005-07-15 00:00:00+09:00,1353.1010689202055,1361.301681459116,1339.681884765625,1339.681884765625,27200,0.0,0.0
2005-07-18 00:00:00+09:00,1339.681884765625,1339.681884765625,1339.681884765625,1339.681884765625,0,0.0,0.0
2005-07-19 00:00:00+09:00,1347.1362771626837,1347.8817870006264,1338.1901591073697,1338.9356689453125,9200,0.0,0.0
2005-07-20 00:00:00+09:00,1334.463313149955,1348.6280075353454,1329.9902517650946,1339.681884765625,12900,0.0,0.0
2005-07-21 00:00:00+09:00,1339.6815563821713,1341.9180865263818,1334.4629860456798,1335.20849609375,27200,0.0,0.0
2005-07-22 00:00:00+09:00,1335.208943002176,1338.1909841925774,1324.7717988357715,1332.972412109375,21900,0.0,0.0
2005-07-25 00:00:00+09:00,1332.9717432929183,1332.9717432929183,1327.007663904583,1327.753173828125,23200,0.0,0.0
2005-07-26 00:00:00+09:00,1325.5170834628018,1326.2625936334784,1312.097900390625,1312.097900390625,54300,0.0,0.0
2005-07-27 00:00:00+09:00,1312.8434522675304,1326.262635766006,1311.3524318788109,1314.33447265625,52400,0.0,0.0
2005-07-28 00:00:00+09:00,1316.5708350808468,1318.807365378266,1305.38818359375,1305.38818359375,51900,0.0,0.0
2005-07-29 00:00:00+09:00,1306.1336861499644,1315.8253173828125,1300.9151154861233,1315.8253173828125,60200,0.0,0.0
2005-08-01 00:00:00+09:00,1327.0078838406944,1327.0078838406944,1309.8611527573596,1311.3521728515625,50000,0.0,0.0
2005-08-02 00:00:00+09:00,1312.097855138015,1314.3343855729092,1303.1517333984375,1303.1517333984375,33900,0.0,0.0
2005-08-03 00:00:00+09:00,1305.388202554785,1315.079833984375,1305.388202554785,1315.079833984375,39100,0.0,0.0
2005-08-04 00:00:00+09:00,1306.8788902670947,1314.3339894699873,1292.7142017815984,1303.8968505859375,55300,0.0,0.0
2005-08-05 00:00:00+09:00,1297.187491493358,1303.8970819665994,1278.5497401787982,1283.768310546875,46100,0.0,0.0
2005-08-08 00:00:00+09:00,1284.5140240755948,1313.588920731978,1272.585861344771,1312.097900390625,58400,0.0,0.0
2005-08-09 00:00:00+09:00,1303.8972885131836,1318.8074919267135,1297.1876969770951,1312.097900390625,55600,0.0,0.0
2005-08-10 00:00:00+09:00,1311.3523436128423,1327.008056640625,1305.3882624594014,1327.008056640625,89700,0.0,0.0
2005-08-11 00:00:00+09:00,1330.7355725811717,1340.427204202211,1330.7355725811717,1338.190673828125,63600,0.0,0.0
2005-08-12 00:00:00+09:00,1338.190673828125,1341.1727143269063,1334.4631232046484,1338.190673828125,35500,0.0,0.0
2005-08-15 00:00:00+09:00,1338.190536286031,1341.1725764783116,1334.4629860456798,1335.20849609375,30700,0.0,0.0
2005-08-16 00:00:00+09:00,1335.9540061418202,1338.936046334101,1332.9719659495393,1335.20849609375,47100,0.0,0.0
2005-08-17 00:00:00+09:00,1337.4448028341696,1337.4448028341696,1327.007663904583,1327.753173828125,32800,0.0,0.0
2005-08-18 00:00:00+09:00,1328.498683751667,1335.9537829870858,1321.7890944397898,1327.753173828125,65800,0.0,0.0
2005-08-19 00:00:00+09:00,1334.4634327045758,1334.4634327045758,1327.0083297285726,1332.972412109375,29500,0.0,0.0
2005-08-22 00:00:00+09:00,1340.426922244803,1349.3730418593402,1336.6993724054128,1342.6634521484375,55000,0.0,0.0
2005-08-23 00:00:00+09:00,1345.6453106900387,1345.6453106900387,1334.4626626787642,1337.4447021484375,27200,0.0,0.0
2005-08-24 00:00:00+09:00,1345.6453648927127,1359.0645430467673,1340.4267956105803,1353.1004638671875,74700,0.0,0.0
2005-08-25 00:00:00+09:00,1353.1009702452945,1362.7926025390625,1350.1189295395197,1362.7926025390625,78500,0.0,0.0
2005-08-26 00:00:00+09:00,1368.0109330344992,1370.2474631702505,1356.828282355743,1369.501953125,54400,0.0,0.0
2005-08-29 00:00:00+09:00,1370.2473676428037,1370.2473676428037,1362.7922677100355,1368.75634765625,66500,0.0,0.0
2005-08-30 00:00:00+09:00,1371.7385560403138,1382.175697227577,1370.247535870705,1377.70263671875,86800,0.0,0.0
2005-08-31 00:00:00+09:00,1373.9753565351964,1380.6849486181138,1371.7388258408905,1376.9573974609375,35800,0.0,0.0
2005-09-01 00:00:00+09:00,1382.9213631555797,1399.3225868695542,1382.9213631555797,1390.37646484375,78100,0.0,0.0
2005-09-02 00:00:00+09:00,1401.5587259821193,1416.468925194695,1394.1036263758313,1414.9779052734375,67900,0.0,0.0
2005-09-05 00:00:00+09:00,1416.4690584967645,1416.4690584967645,1409.0139581888868,1411.25048828125,78100,0.0,0.0
2005-09-06 00:00:00+09:00,1416.4690784242196,1434.3613194148413,1414.232548300392,1420.942138671875,74000,0.0,0.0
2005-09-07 00:00:00+09:00,1430.633903684019,1430.633903684019,1415.723701456984,1417.2147216796875,39600,0.0,0.0
2005-09-08 00:00:00+09:00,1412.7413969524837,1413.48690692449,1398.5767074843584,1407.5228271484375,37900,0.0,0.0
2005-09-09 00:00:00+09:00,1409.7595144997742,1438.8344066549785,1407.5229843339894,1420.1966552734375,104600,0.0,0.0
2005-09-12 00:00:00+09:00,1441.816442562055,1441.816442562055,1395.5948192741298,1413.487060546875,39700,0.0,0.0
2005-09-13 00:00:00+09:00,1423.9238486842105,1423.9238486842105,1409.0136513157895,1416.46875,42200,0.0,0.0
2005-09-14 00:00:00+09:00,1421.687782347798,1423.9243126818533,1411.2506407888734,1417.2147216796875,29700,0.0,0.0
2005-09-15 00:00:00+09:00,1417.214456784523,1417.214456784523,1406.0318072044242,1407.5228271484375,32000,0.0,0.0
2005-09-16 00:00:00+09:00,1405.2866129300166,1417.9602853012689,1405.2866129300166,1415.7237548828125,36800,0.0,0.0
2005-09-19 00:00:00+09:00,1415.7237548828125,1415.7237548828125,1415.7237548828125,1415.7237548828125,0,0.0,0.0
2005-09-20 00:00:00+09:00,1420.1967621250944,1420.1967621250944,1412.7416610115768,1417.2147216796875,20000,0.0,0.0
2005-09-21 00:00:00+09:00,1417.2146643182418,1420.1967046429515,1411.2505836688226,1411.99609375,27900,0.0,0.0
2005-09-22 00:00:00+09:00,1412.7414881929437,1417.960058334026,1397.0857777696974,1401.558837890625,68500,0.0,0.0
2005-09-23 00:00:00+09:00,1401.558837890625,1401.558837890625,1401.558837890625,1401.558837890625,0,0.0,0.0
2005-09-26 00:00:00+09:00,1416.469265022298,1422.4333461381814,1401.5590622325897,1415.7237548828125,47300,0.0,0.0
2005-09-27 00:00:00+09:00,1423.2178402610273,1430.7124049806746,1420.2200143731684,1422.4683837890625,28900,10.0,0.0
2005-09-28 00:00:00+09:00,1421.7195677363866,1429.2141358319923,1416.4733700694626,1426.21630859375,59400,0.0,0.0
2005-09-29 00:00:00+09:00,1423.9678097878993,1431.4623772078355,1416.473242367963,1419.4710693359375,35500,0.0,0.0
2005-09-30 00:00:00+09:00,1427.7147886131993,1427.7147886131993,1417.2223964659106,1426.96533203125,41900,0.0,0.0
2005-10-03 00:00:00+09:00,1423.9676513671875,1427.7149346602591,1417.971998098273,1423.9676513671875,21500,0.0,0.0
2005-10-04 00:00:00+09:00,1420.9698846726192,1426.9655381944444,1416.47314453125,1416.47314453125,37300,0.0,0.0
2005-10-05 00:00:00+09:00,1420.2202110650783,1437.4577123075567,1418.7212979135584,1428.4642333984375,48400,0.0,0.0
2005-10-06 00:00:00+09:00,1417.222416070167,1420.9696990317486,1393.989261708361,1408.9783935546875,42400,0.0,0.0
2005-10-07 00:00:00+09:00,1394.7389950387044,1408.229216377069,1376.002576513198,1389.4927978515625,31700,0.0,0.0
2005-10-10 00:00:00+09:00,1389.4927978515625,1389.4927978515625,1389.4927978515625,1389.4927978515625,0,0.0,0.0
2005-10-11 00:00:00+09:00,1386.4951708175358,1423.9680132720637,1386.4951708175358,1402.2337646484375,21100,0.0,0.0
2005-10-12 00:00:00+09:00,1420.2204486685741,1441.9546930017607,1408.9785981514085,1436.70849609375,79400,0.0,0.0
2005-10-13 00:00:00+09:00,1436.7085296910839,1472.682452187261,1434.4601595350728,1470.43408203125,156500,0.0,0.0
2005-10-14 00:00:00+09:00,1466.6867053830813,1468.9350753964432,1441.9546352361003,1459.192138671875,27100,0.0,0.0
2005-10-17 00:00:00+09:00,1468.1856619966948,1468.1856619966948,1457.693268291767,1461.4405517578125,29000,0.0,0.0
2005-10-18 00:00:00+09:00,1464.4386173112684,1468.1859013883186,1454.6956787109375,1454.6956787109375,35100,0.0,0.0
2005-10-19 00:00:00+09:00,1455.4449529838464,1468.1857172478656,1450.948212655369,1462.1900634765625,34300,0.0,0.0
2005-10-20 00:00:00+09:00,1439.7060195297295,1462.1897158263937,1439.7060195297295,1444.2027587890625,28100,0.0,0.0
2005-10-21 00:00:00+09:00,1457.6932253296336,1463.6888786985987,1444.2030052494622,1459.192138671875,38800,0.0,0.0
2005-10-24 00:00:00+09:00,1461.4405794865781,1465.1878630237231,1435.2095947265625,1435.2095947265625,14000,0.0,0.0
2005-10-25 00:00:00+09:00,1438.9569091796875,1455.4449570973716,1438.9569091796875,1438.9569091796875,12400,0.0,0.0
2005-10-26 00:00:00+09:00,1455.44463060749,1455.44463060749,1438.9565863884554,1441.2049560546875,15000,0.0,0.0
2005-10-27 00:00:00+09:00,1441.2048311440626,1453.1961349913352,1441.2048311440626,1449.4488525390625,16400,0.0,0.0
2005-10-28 00:00:00+09:00,1457.693388774133,1457.693388774133,1429.9634888334424,1431.46240234375,47100,0.0,0.0
2005-10-31 00:00:00+09:00,1408.9784486518142,1453.9458459492125,1397.7365993274645,1409.7279052734375,47700,0.0,0.0
2005-11-01 00:00:00+09:00,1409.7281216708097,1452.4471556608341,1409.7281216708097,1450.9482421875,29100,0.0,0.0
2005-11-02 00:00:00+09:00,1448.7000128805669,1450.9483833092486,1426.21630859375,1426.21630859375,28800,0.0,0.0
2005-11-03 00:00:00+09:00,1426.21630859375,1426.21630859375,1426.21630859375,1426.21630859375,0,0.0,0.0
2005-11-04 00:00:00+09:00,1431.4623026680972,1435.209586182935,1412.7258850939074,1413.475341796875,42600,0.0,0.0
2005-11-07 00:00:00+09:00,1423.9677560809266,1438.2074336417359,1420.9699292260193,1433.710693359375,26800,0.0,0.0
2005-11-08 00:00:00+09:00,1434.4601050967262,1435.9590184771826,1413.4753177703374,1416.47314453125,28200,0.0,0.0
2005-11-09 00:00:00+09:00,1427.714949016847,1427.714949016847,1398.4861390369745,1399.235595703125,57200,0.0,0.0
2005-11-10 00:00:00+09:00,1399.2357373021096,1420.2205260779313,1399.2357373021096,1419.4710693359375,58300,0.0,0.0
2005-11-11 00:00:00+09:00,1423.217851856087,1428.4640472025812,1412.7254611630983,1420.969482421875,122800,0.0,0.0
2005-11-14 00:00:00+09:00,1420.9699140625,1423.2182841796875,1402.2334964192708,1405.2313232421875,85500,0.0,0.0
2005-11-15 00:00:00+09:00,1403.7324203598262,1405.2313337825276,1387.993829421462,1388.7432861328125,56400,0.0,0.0
2005-11-16 00:00:00+09:00,1397.7367272755457,1416.47314453125,1389.4927036830359,1416.47314453125,90300,0.0,0.0
2005-11-17 00:00:00+09:00,1416.4730801425137,1442.7040631081159,1415.7236234863537,1432.211669921875,87100,0.0,0.0
2005-11-18 00:00:00+09:00,1438.2076596015463,1444.2033142533505,1431.4625481182666,1443.453857421875,48500,0.0,0.0
2005-11-21 00:00:00+09:00,1446.4512191280244,1460.690894342238,1440.45556640625,1440.45556640625,53300,0.0,0.0
2005-11-22 00:00:00+09:00,1449.4491972420687,1453.945937254195,1408.9785371329313,1429.2138671875,78200,0.0,0.0
2005-11-23 00:00:00+09:00,1429.2138671875,1429.2138671875,1429.2138671875,1429.2138671875,0,0.0,0.0
2005-11-24 00:00:00+09:00,1454.6954949416995,1457.6933218246295,1441.2052739685153,1447.200927734375,61200,0.0,0.0
2005-11-25 00:00:00+09:00,1456.1941428709922,1456.943599455074,1424.7169663395555,1441.9544677734375,44600,0.0,0.0
2005-11-28 00:00:00+09:00,1456.1939873469255,1457.6929003550026,1432.96083572173,1438.20703125,43600,0.0,0.0
2005-11-29 00:00:00+09:00,1445.70170356324,1450.9478994807841,1437.4576814070992,1447.9500732421875,32600,0.0,0.0
2005-11-30 00:00:00+09:00,1450.9477918186556,1450.9477918186556,1438.20703125,1438.20703125,21200,0.0,0.0
2005-12-01 00:00:00+09:00,1439.7060510860467,1450.198442921135,1439.7060510860467,1447.9500732421875,51800,0.0,0.0
2005-12-02 00:00:00+09:00,1460.6910950646034,1465.1878352238582,1450.1987013596756,1461.4405517578125,53100,0.0,0.0
2005-12-05 00:00:00+09:00,1495.1662219804748,1498.9135057448368,1461.4406681012158,1469.6846923828125,82300,0.0,0.0
2005-12-06 00:00:00+09:00,1491.4188021612727,1491.4188021612727,1471.1834716796875,1471.1834716796875,66600,0.0,0.0
2005-12-07 00:00:00+09:00,1483.9242631569691,1498.1639404296875,1476.4296961713278,1498.1639404296875,131600,0.0,0.0
2005-12-08 00:00:00+09:00,1498.16378274285,1510.15508865775,1491.4186731657185,1502.6605224609375,174200,0.0,0.0
2005-12-09 00:00:00+09:00,1495.166015625,1502.660582119361,1476.4295993890978,1495.166015625,134700,0.0,0.0
2005-12-12 00:00:00+09:00,1498.913604064792,1551.3755802070598,1498.913604064792,1532.63916015625,124900,0.0,0.0
2005-12-13 00:00:00+09:00,1581.3536106634251,1660.0465628528373,1581.3536106634251,1607.5845947265625,189800,0.0,0.0
2005-12-14 00:00:00+09:00,1618.8265072143272,1648.8047758664443,1607.584656469783,1615.0792236328125,173200,0.0,0.0
2005-12-15 00:00:00+09:00,1618.8264450393356,1618.8264450393356,1585.1008941010161,1607.5845947265625,161700,0.0,0.0
2005-12-16 00:00:00+09:00,1611.3314903329272,1633.815185546875,1596.3423601902953,1633.815185546875,109300,0.0,0.0
2005-12-19 00:00:00+09:00,1637.5630798339844,1675.0359191894531,1633.8157958984375,1663.7940673828125,108500,0.0,0.0
2005-12-20 00:00:00+09:00,1671.2886352539062,1675.0359191894531,1656.2994995117188,1663.7940673828125,71100,0.0,0.0
2005-12-21 00:00:00+09:00,1663.793796987597,1697.5193469265348,1663.793796987597,1690.0247802734375,94000,0.0,0.0
2005-12-22 00:00:00+09:00,1705.0137308891246,1705.0137308891246,1682.5300333389382,1697.5191650390625,38600,0.0,0.0
2005-12-23 00:00:00+09:00,1697.5191650390625,1697.5191650390625,1697.5191650390625,1697.5191650390625,0,0.0,0.0
2005-12-26 00:00:00+09:00,1686.277587890625,1690.0248714192708,1678.7830208333332,1686.277587890625,38600,0.0,0.0
2005-12-27 00:00:00+09:00,1682.5302136203404,1693.7720635999863,1682.5302136203404,1690.0247802734375,55000,0.0,0.0
2005-12-28 00:00:00+09:00,1686.277496946889,1693.7720635999863,1667.5410803141458,1690.0247802734375,26600,0.0,0.0
2005-12-29 00:00:00+09:00,1671.2884537760417,1693.7721549479168,1671.2884537760417,1686.277587890625,27500,0.0,0.0
2005-12-30 00:00:00+09:00,1693.7718821140315,1708.7610138141556,1675.0354674888763,1697.5191650390625,38100,0.0,0.0
2006-01-02 00:00:00+09:00,1697.5191650390625,1697.5191650390625,1697.5191650390625,1697.5191650390625,0,0.0,0.0
2006-01-03 00:00:00+09:00,1697.5191650390625,1697.5191650390625,1697.5191650390625,1697.5191650390625,0,0.0,0.0
2006-01-04 00:00:00+09:00,1697.5191650390625,1705.0137308891246,1686.2773162639694,1697.5191650390625,15800,0.0,0.0
2006-01-05 00:00:00+09:00,1686.2774345550877,1690.0247177429878,1656.299169051886,1682.5301513671875,103500,0.0,0.0
2006-01-06 00:00:00+09:00,1652.552034523455,1675.035735673434,1652.552034523455,1671.2884521484375,73000,0.0,0.0
2006-01-09 00:00:00+09:00,1671.2884521484375,1671.2884521484375,1671.2884521484375,1671.2884521484375,0,0.0,0.0
2006-01-10 00:00:00+09:00,1663.7940673828125,1671.2886352539062,1656.2994995117188,1663.7940673828125,65300,0.0,0.0
2006-01-11 00:00:00+09:00,1675.0355188787387,1682.5300849587331,1660.04638671875,1660.04638671875,34400,0.0,0.0
2006-01-12 00:00:00+09:00,1660.0470978492915,1675.0362364303235,1600.0905435251636,1611.3323974609375,131100,0.0,0.0
2006-01-13 00:00:00+09:00,1641.3100613555218,1675.0356105614571,1630.0682116202101,1656.2991943359375,141500,0.0,0.0
2006-01-16 00:00:00+09:00,1652.5518170402372,1652.5518170402372,1622.573552785539,1645.0572509765625,72800,0.0,0.0
2006-01-17 00:00:00+09:00,1626.320769206481,1641.3099007199048,1615.0789205714132,1622.573486328125,57300,0.0,0.0
2006-01-18 00:00:00+09:00,1618.8265357827242,1618.8265357827242,1566.3645647156914,1588.8482666015625,60100,0.0,0.0
2006-01-19 00:00:00+09:00,1536.3862421741226,1660.0465982515518,1528.8916751391268,1641.3101806640625,110500,0.0,0.0
2006-01-20 00:00:00+09:00,1656.299314734054,1663.7938817690497,1637.5628971465646,1641.3101806640625,39900,0.0,0.0
2006-01-23 00:00:00+09:00,1633.815334963193,1637.562617841549,1615.0789205714132,1622.573486328125,32200,0.0,0.0
2006-01-24 00:00:00+09:00,1592.5956726074219,1671.2886352539062,1588.848388671875,1663.7940673828125,67000,0.0,0.0
2006-01-25 00:00:00+09:00,1663.7935378502154,1667.5408205931215,1630.0679931640625,1630.0679931640625,69400,0.0,0.0
2006-01-26 00:00:00+09:00,1645.0574922849296,1660.0466266109881,1615.0792236328125,1615.0792236328125,47800,0.0,0.0
2006-01-27 00:00:00+09:00,1611.3317899220551,1626.3209228515625,1611.3317899220551,1626.3209228515625,37400,0.0,0.0
2006-01-30 00:00:00+09:00,1633.8154893163164,1641.31005578107,1618.8263563868088,1626.3209228515625,34700,0.0,0.0
2006-01-31 00:00:00+09:00,1626.3204922146267,1633.8150566948784,1615.0786454942493,1618.825927734375,27100,0.0,0.0
2006-02-01 00:00:00+09:00,1607.5847776890919,1611.332061553169,1596.3429260968605,1600.0902099609375,34000,0.0,0.0
2006-02-02 00:00:00+09:00,1600.0901793000844,1603.8374630923563,1588.848327923269,1596.3428955078125,44300,0.0,0.0
2006-02-03 00:00:00+09:00,1607.584777103688,1607.584777103688,1551.3755191629998,1570.1119384765625,52600,0.0,0.0
2006-02-06 00:00:00+09:00,1611.3317173549108,1611.3317173549108,1570.1116036551339,1573.85888671875,39600,0.0,0.0
2006-02-07 00:00:00+09:00,1581.3536685736185,1600.0900864477137,1577.6063849987995,1585.1009521484375,41700,0.0,0.0
2006-02-08 00:00:00+09:00,1588.8482955822842,1630.0684164582397,1555.1227421383205,1562.6173095703125,65800,0.0,0.0
2006-02-09 00:00:00+09:00,1592.595641652838,1600.0902093782631,1528.8918159867244,1570.1119384765625,47500,0.0,0.0
2006-02-10 00:00:00+09:00,1570.1118483633365,1588.8482666015625,1555.1227137727558,1588.8482666015625,38600,0.0,0.0
2006-02-13 00:00:00+09:00,1498.9133299528605,1521.3970299021535,1432.9611434349347,1460.6910400390625,268800,0.0,0.0
2006-02-14 00:00:00+09:00,1453.1964950284091,1513.9024857954546,1411.9763778409092,1442.7041015625,68700,0.0,0.0
2006-02-15 00:00:00+09:00,1482.425288181679,1486.172571518842,1325.788844688266,1376.00244140625,81600,0.0,0.0
2006-02-16 00:00:00+09:00,1385.745476697839,1388.7433035809063,1367.7585153994353,1379.0003662109375,55500,0.0,0.0
2006-02-17 00:00:00+09:00,1416.4732074737549,1467.436264673869,1380.4992847442627,1438.9569091796875,136400,0.0,0.0
2006-02-20 00:00:00+09:00,1416.473123916727,1419.470950634011,1349.0220227778352,1358.0155029296875,69000,0.0,0.0
2006-02-21 00:00:00+09:00,1349.7715325767742,1371.5057771324248,1330.2856581475703,1343.77587890625,69600,0.0,0.0
2006-02-22 00:00:00+09:00,1350.5209702580398,1358.0155372406039,1338.5296630859375,1338.5296630859375,64100,0.0,0.0
2006-02-23 00:00:00+09:00,1346.0242009647418,1362.5122479698778,1334.7823507339672,1349.771484375,44800,0.0,0.0
2006-02-24 00:00:00+09:00,1360.263734749572,1376.002323416096,1352.769168717894,1367.75830078125,40900,0.0,0.0
2006-02-27 00:00:00+09:00,1423.218408138708,1435.2097164747897,1414.9743836576517,1420.2205810546875,68100,0.0,0.0
2006-02-28 00:00:00+09:00,1442.7040678325452,1444.9524378083881,1422.4687380499588,1423.9676513671875,69200,0.0,0.0
2006-03-01 00:00:00+09:00,1423.9674541965346,1442.7038680675416,1386.4946264545206,1417.9718017578125,69100,0.0,0.0
2006-03-02 00:00:00+09:00,1423.2183837890625,1431.4624081290729,1420.9700135145142,1423.2183837890625,20000,0.0,0.0
2006-03-03 00:00:00+09:00,1423.9676513671875,1435.2095012464022,1407.4796048776727,1423.9676513671875,34700,0.0,0.0
2006-03-06 00:00:00+09:00,1423.967864909713,1428.4646055357437,1412.7260133446364,1420.2205810546875,33700,0.0,0.0
2006-03-07 00:00:00+09:00,1406.7303047220457,1427.7150934978674,1406.7303047220457,1419.4710693359375,19900,0.0,0.0
2006-03-08 00:00:00+09:00,1409.7281232136054,1411.2270366885798,1375.2531132891895,1382.7476806640625,50300,0.0,0.0
2006-03-09 00:00:00+09:00,1382.747443646904,1414.2246212258578,1379.749617210813,1412.7257080078125,19400,0.0,0.0
2006-03-10 00:00:00+09:00,1431.4622886379987,1432.9612020292425,1397.7367373350091,1399.985107421875,43200,0.0,0.0
2006-03-13 00:00:00+09:00,1423.9676585929315,1435.2095085291915,1423.9676585929315,1430.7127685546875,20600,0.0,0.0
2006-03-14 00:00:00+09:00,1441.954559843419,1443.4534731072895,1408.978468038268,1414.97412109375,24700,0.0,0.0
2006-03-15 00:00:00+09:00,1435.2095947265625,1441.2052483859948,1432.9612246042755,1435.2095947265625,26000,0.0,0.0
2006-03-16 00:00:00+09:00,1446.4513584654514,1448.6997284527033,1430.7127685546875,1430.7127685546875,27200,0.0,0.0
2006-03-17 00:00:00+09:00,1442.703845702618,1444.9522153322846,1431.461997554286,1444.2027587890625,20100,0.0,0.0
2006-03-20 00:00:00+09:00,1444.9525215176498,1456.9438287501614,1444.9525215176498,1451.6976318359375,18000,0.0,0.0
2006-03-21 00:00:00+09:00,1451.6976318359375,1451.6976318359375,1451.6976318359375,1451.6976318359375,0,0.0,0.0
2006-03-22 00:00:00+09:00,1453.9462218955275,1456.9440491571677,1447.950567372247,1454.6956787109375,15100,0.0,0.0
2006-03-23 00:00:00+09:00,1461.440156386335,1465.1874388386077,1448.699396048608,1449.4488525390625,14200,0.0,0.0
2006-03-24 00:00:00+09:00,1449.4494874311854,1461.4407965309263,1445.7022033375163,1446.45166015625,13100,0.0,0.0
2006-03-27 00:00:00+09:00,1459.941616502818,1479.427490234375,1459.192159820835,1479.427490234375,25800,0.0,0.0
2006-03-28 00:00:00+09:00,1483.9470912741938,1491.4798176258394,1479.4274554632063,1486.2069091796875,11900,10.0,0.0
2006-03-29 00:00:00+09:00,1492.2332287597658,1525.3772277832031,1491.4799560546876,1506.54541015625,49400,0.0,0.0
2006-03-30 00:00:00+09:00,1510.3118896484375,1521.6109810921914,1494.4931616271822,1510.3118896484375,38200,0.0,0.0
2006-03-31 00:00:00+09:00,1510.3117736816407,1514.0781372070314,1505.792137451172,1506.54541015625,19300,0.0,0.0
2006-04-03 00:00:00+09:00,1525.3770867056646,1532.9098130597665,1517.8443603515625,1517.8443603515625,20600,0.0,0.0
2006-04-04 00:00:00+09:00,1525.3771213367224,1578.10620701256,1525.3771213367224,1574.33984375,93600,0.0,0.0
2006-04-05 00:00:00+09:00,1566.8072448291368,1574.3399719677384,1563.040881259836,1570.5736083984375,35700,0.0,0.0
2006-04-06 00:00:00+09:00,1578.10625766488,1623.3026182662609,1574.3398942814317,1619.5362548828125,99200,0.0,0.0
2006-04-07 00:00:00+09:00,1604.471017582625,1638.3682926019765,1589.405562018469,1634.6019287109375,70800,0.0,0.0
2006-04-10 00:00:00+09:00,1642.1341552734375,1660.9659689807017,1630.835067049079,1642.1341552734375,67200,0.0,0.0
2006-04-11 00:00:00+09:00,1642.1346564930154,1642.1346564930154,1627.0692009288593,1634.6019287109375,33100,0.0,0.0
2006-04-12 00:00:00+09:00,1612.0035703402039,1612.0035703402039,1570.5735720370676,1593.1717529296875,78600,0.0,0.0
2006-04-13 00:00:00+09:00,1581.8725527946854,1596.9380056784441,1581.8725527946854,1585.638916015625,32000,0.0,0.0
2006-04-14 00:00:00+09:00,1589.4055303664434,1596.938257998512,1570.5737112862723,1581.872802734375,50100,0.0,0.0
2006-04-17 00:00:00+09:00,1566.8071828931204,1566.8071828931204,1517.8444584277104,1532.909912109375,45900,0.0,0.0
2006-04-18 00:00:00+09:00,1532.9097843544155,1547.975236780503,1514.077968821806,1536.6761474609375,22100,0.0,0.0
2006-04-19 00:00:00+09:00,1555.5079921220727,1555.5079921220727,1495.9994539246666,1517.8443603515625,44000,0.0,0.0
2006-04-20 00:00:00+09:00,1510.311627356325,1510.311627356325,1457.5825431094709,1474.154541015625,65000,0.0,0.0
2006-04-21 00:00:00+09:00,1474.907980685764,1506.5454348169192,1470.3883443813131,1491.47998046875,34000,0.0,0.0
2006-04-24 00:00:00+09:00,1498.259518169672,1498.259518169672,1434.9846063917673,1442.517333984375,53500,0.0,0.0
2006-04-25 00:00:00+09:00,1468.8818846139063,1480.1809760340134,1442.5173379669902,1454.5697021484375,32600,0.0,0.0
2006-04-26 00:00:00+09:00,1473.4012626624617,1486.9601699875764,1472.6479900332888,1477.9208984375,14700,0.0,0.0
2006-04-27 00:00:00+09:00,1525.377191252309,1532.909918122691,1517.8444643819273,1529.1435546875,58200,0.0,0.0
2006-04-28 00:00:00+09:00,1529.143455695157,1532.9098188865244,1480.180734207381,1514.0780029296875,33700,0.0,0.0
2006-05-01 00:00:00+09:00,1499.7657582852528,1521.610663855455,1492.2330322265625,1492.2330322265625,18600,0.0,0.0
2006-05-02 00:00:00+09:00,1514.0779857494213,1532.9098014925733,1499.7658057846256,1525.3770751953125,21600,0.0,0.0
2006-05-03 00:00:00+09:00,1525.3770751953125,1525.3770751953125,1525.3770751953125,1525.3770751953125,0,0.0,0.0
2006-05-04 00:00:00+09:00,1525.3770751953125,1525.3770751953125,1525.3770751953125,1525.3770751953125,0,0.0,0.0
2006-05-05 00:00:00+09:00,1525.3770751953125,1525.3770751953125,1525.3770751953125,1525.3770751953125,0,0.0,0.0
2006-05-08 00:00:00+09:00,1540.4428001651147,1540.4428001651147,1506.545525833853,1510.3118896484375,28500,0.0,0.0
2006-05-09 00:00:00+09:00,1510.3116040767657,1514.0779671792016,1483.947062359715,1489.219970703125,28800,0.0,0.0
2006-05-10 00:00:00+09:00,1483.946736128477,1485.4532810382518,1453.8158379329748,1459.0887451171875,42000,0.0,0.0
2006-05-11 00:00:00+09:00,1459.8425263375946,1494.4930713383837,1459.8425263375946,1491.47998046875,42200,0.0,0.0
2006-05-12 00:00:00+09:00,1492.2331782004956,1492.2331782004956,1468.1284524547025,1477.167724609375,45800,0.0,0.0
2006-05-15 00:00:00+09:00,1477.1677409427266,1514.0781026490977,1471.894832127531,1497.506103515625,36300,0.0,0.0
2006-05-16 00:00:00+09:00,1497.505987170244,1502.7788955757728,1480.9339893242955,1493.7396240234375,43700,0.0,0.0
2006-05-17 00:00:00+09:00,1495.2463195800783,1506.54541015625,1487.7135925292969,1506.54541015625,51800,0.0,0.0
2006-05-18 00:00:00+09:00,1499.0124223990329,1502.7787852693823,1492.986241806474,1502.0255126953125,41800,0.0,0.0
2006-05-19 00:00:00+09:00,1500.5191418021723,1502.778959786814,1487.7135065558687,1499.765869140625,51200,0.0,0.0
2006-05-22 00:00:00+09:00,1503.5322324483614,1517.8444130177595,1495.2462331713414,1499.765869140625,26700,0.0,0.0
2006-05-23 00:00:00+09:00,1487.7129937865034,1506.5448038344339,1457.5820977098147,1483.193359375,50100,0.0,0.0
2006-05-24 00:00:00+09:00,1468.8815861772698,1506.5452165920717,1431.2179557624681,1472.64794921875,18100,0.0,0.0
2006-05-25 00:00:00+09:00,1472.6478970988414,1489.2198938948386,1456.8291728844804,1474.90771484375,11600,0.0,0.0
2006-05-26 00:00:00+09:00,1491.4800666360293,1498.259521484375,1479.4277024611927,1498.259521484375,12100,0.0,0.0
2006-05-29 00:00:00+09:00,1502.0256167684768,1502.0256167684768,1468.8816212129036,1481.687255859375,18700,0.0,0.0
2006-05-30 00:00:00+09:00,1474.9078136477228,1495.2461747143666,1471.8947231193313,1474.154541015625,10000,0.0,0.0
2006-05-31 00:00:00+09:00,1467.3747421209507,1468.1280145758383,1436.490571470561,1459.0887451171875,20900,0.0,0.0
2006-06-01 00:00:00+09:00,1461.3491802334045,1476.4146356997283,1441.7640881271836,1455.322998046875,18500,0.0,0.0
2006-06-02 00:00:00+09:00,1455.3230146756482,1459.8426513671875,1395.8144649037142,1459.8426513671875,27700,0.0,0.0
2006-06-05 00:00:00+09:00,1459.8426033490077,1459.8426033490077,1407.8667831059315,1430.4649658203125,18800,0.0,0.0
2006-06-06 00:00:00+09:00,1407.866379722053,1425.9449207136684,1394.3074739783412,1409.3729248046875,16600,0.0,0.0
2006-06-07 00:00:00+09:00,1401.0873652962098,1409.3733658436604,1378.4891819849804,1379.9957275390625,18000,0.0,0.0
2006-06-08 00:00:00+09:00,1355.8910805106964,1367.9434456707913,1337.0592599480478,1346.851806640625,31200,0.0,0.0
2006-06-09 00:00:00+09:00,1346.8515557706553,1370.9562816010025,1333.292647491085,1366.4366455078125,39400,0.0,0.0
2006-06-12 00:00:00+09:00,1386.0215364725095,1393.554262214208,1368.6962672666032,1383.76171875,13500,0.0,0.0
2006-06-13 00:00:00+09:00,1383.761858445071,1383.761858445071,1338.5654994321674,1340.8253173828125,28800,0.0,0.0
2006-06-14 00:00:00+09:00,1340.8253980825843,1383.761941729049,1339.3188526914803,1351.3712158203125,32200,0.0,0.0
2006-06-15 00:00:00+09:00,1358.1506341633042,1373.9693603515625,1358.1506341633042,1373.9693603515625,7900,0.0,0.0
2006-06-16 00:00:00+09:00,1401.0872096832568,1416.1526635508185,1401.0872096832568,1414.6461181640625,23700,0.0,0.0
2006-06-19 00:00:00+09:00,1431.2183277027027,1438.7510557432433,1414.6463260135135,1421.42578125,31200,0.0,0.0
2006-06-20 00:00:00+09:00,1401.0872106598345,1423.6853914769285,1387.528302169578,1398.827392578125,91500,0.0,0.0
2006-06-21 00:00:00+09:00,1392.047909943954,1407.113363514776,1366.4366388735564,1386.021728515625,29200,0.0,0.0
2006-06-22 00:00:00+09:00,1406.360130620462,1408.619948720013,1393.5544947230076,1407.1134033203125,54400,0.0,0.0
2006-06-23 00:00:00+09:00,1407.1132346722602,1408.6197798913954,1389.7879646522056,1405.606689453125,41200,0.0,0.0
2006-06-26 00:00:00+09:00,1406.359932073714,1406.359932073714,1390.5412076101102,1392.801025390625,23500,0.0,0.0
2006-06-27 00:00:00+09:00,1388.2815411885579,1393.5544499179773,1364.176815568355,1373.9693603515625,24800,0.0,0.0
2006-06-28 00:00:00+09:00,1363.4235028334067,1368.6964114079005,1325.7598701584507,1337.0589599609375,49400,0.0,0.0
2006-06-29 00:00:00+09:00,1340.8252883705857,1361.1636494863192,1338.5654704688375,1343.83837890625,35600,0.0,0.0
2006-06-30 00:00:00+09:00,1366.436640212215,1374.7226396842846,1343.8384598338432,1354.38427734375,39300,0.0,0.0
2006-07-03 00:00:00+09:00,1373.2158073105297,1373.9690798323675,1360.410174439285,1364.9298095703125,19000,0.0,0.0
2006-07-04 00:00:00+09:00,1376.9823109508216,1376.9823109508216,1367.9430397629608,1369.4495849609375,16200,0.0,0.0
2006-07-05 00:00:00+09:00,1370.9563451907245,1397.320890290546,1370.2030724735866,1372.462890625,30800,0.0,0.0
2006-07-06 00:00:00+09:00,1376.2294031737486,1390.5415863485166,1372.4630391803885,1385.2686767578125,25000,0.0,0.0
2006-07-07 00:00:00+09:00,1396.5674117134713,1400.3337747439823,1391.294503470756,1393.5543212890625,15400,0.0,0.0
2006-07-10 00:00:00+09:00,1386.021728515625,1389.0348192297895,1333.292641017748,1386.021728515625,68800,0.0,0.0
2006-07-11 00:00:00+09:00,1394.3080431420196,1401.0874987812838,1379.995859014684,1388.2818603515625,27400,0.0,0.0
2006-07-12 00:00:00+09:00,1408.6200414152227,1419.9191326565212,1394.3078591762444,1410.1265869140625,44500,0.0,0.0
2006-07-13 00:00:00+09:00,1403.347040941603,1408.6199498447652,1378.4890418266953,1391.294677734375,47100,0.0,0.0
2006-07-14 00:00:00+09:00,1369.449631508628,1393.5543554955786,1369.449631508628,1370.9561767578125,27800,0.0,0.0
2006-07-17 00:00:00+09:00,1370.9561767578125,1370.9561767578125,1370.9561767578125,1370.9561767578125,0,0.0,0.0
2006-07-18 00:00:00+09:00,1371.7097259776506,1371.7097259776506,1341.5788149182843,1352.1246337890625,58500,0.0,0.0
2006-07-19 00:00:00+09:00,1361.1635909761703,1361.1635909761703,1348.3579567500524,1349.864501953125,17000,0.0,0.0
2006-07-20 00:00:00+09:00,1362.6701952964559,1382.2552837860676,1356.644014222729,1375.475830078125,33900,0.0,0.0
2006-07-21 00:00:00+09:00,1376.229213746126,1392.047940340909,1363.4235779313017,1367.18994140625,33400,0.0,0.0
2006-07-24 00:00:00+09:00,1377.735595703125,1378.4888683087581,1357.3972353510285,1377.735595703125,13300,0.0,0.0
2006-07-25 00:00:00+09:00,1378.4887874827666,1385.2682405359606,1374.7224246754365,1383.0084228515625,45800,0.0,0.0
2006-07-26 00:00:00+09:00,1389.7880919083307,1392.047909943954,1380.7488197658374,1386.021728515625,29500,0.0,0.0
2006-07-27 00:00:00+09:00,1393.55429798413,1393.55429798413,1379.995391301041,1392.801025390625,38000,0.0,0.0
2006-07-28 00:00:00+09:00,1393.553908046706,1393.553908046706,1378.4884603921469,1392.04736328125,32100,0.0,0.0
2006-07-31 00:00:00+09:00,1393.5545972014127,1393.5545972014127,1373.2162328098245,1374.7227783203125,42700,0.0,0.0
2006-08-01 00:00:00+09:00,1370.9564082244706,1379.2424084939591,1366.4367717138405,1378.4891357421875,8900,0.0,0.0
2006-08-02 00:00:00+09:00,1376.9824510540877,1385.2684504860324,1355.137543460779,1373.9693603515625,36800,0.0,0.0
2006-08-03 00:00:00+09:00,1378.489001730214,1391.2946372654128,1370.956274944803,1386.021728515625,34200,0.0,0.0
2006-08-04 00:00:00+09:00,1386.0216930113036,1453.816232343378,1382.255329715077,1424.4385986328125,102800,0.0,0.0
2006-08-07 00:00:00+09:00,1450.0499499549746,1467.3752220843069,1438.750859435845,1450.80322265625,94100,0.0,0.0
2006-08-08 00:00:00+09:00,1453.0631313744354,1471.141677332438,1453.0631313744354,1469.6351318359375,34200,0.0,0.0
2006-08-09 00:00:00+09:00,1468.8818846139063,1468.8818846139063,1437.244428637607,1454.5697021484375,50600,0.0,0.0
2006-08-10 00:00:00+09:00,1455.3229007481532,1459.0892643629259,1439.504173566108,1440.2574462890625,12200,0.0,0.0
2006-08-11 00:00:00+09:00,1441.0108217517513,1453.063186178321,1441.0108217517513,1451.556640625,11700,0.0,0.0
2006-08-14 00:00:00+09:00,1465.1152166845627,1476.414305759251,1447.0366741650619,1460.5955810546875,12900,0.0,0.0
2006-08-15 00:00:00+09:00,1450.0497142696527,1483.1937077386733,1450.0497142696527,1478.674072265625,23300,0.0,0.0
2006-08-16 00:00:00+09:00,1478.6738417914332,1490.7262011743485,1478.6738417914332,1486.9598388671875,12900,0.0,0.0
2006-08-17 00:00:00+09:00,1486.2068337124208,1497.5059226661392,1483.9470159216771,1487.71337890625,23700,0.0,0.0
2006-08-18 00:00:00+09:00,1499.0124223990329,1504.2853304175221,1490.7264240842644,1502.0255126953125,28000,0.0,0.0
2006-08-21 00:00:00+09:00,1502.7790466308595,1517.844500732422,1502.0257739257813,1506.54541015625,28400,0.0,0.0
2006-08-22 00:00:00+09:00,1506.5452765469527,1514.0780029296875,1505.0387312704058,1514.0780029296875,17400,0.0,0.0
2006-08-23 00:00:00+09:00,1506.545525833853,1517.8446172776069,1492.9866161013483,1510.3118896484375,17000,0.0,0.0
2006-08-24 00:00:00+09:00,1514.0780029296875,1525.3770925037895,1510.31163973832,1514.0780029296875,33200,0.0,0.0
2006-08-25 00:00:00+09:00,1517.8446172776069,1529.1437087213608,1491.4800705755144,1510.3118896484375,34900,0.0,0.0
2006-08-28 00:00:00+09:00,1510.3117736816407,1517.844500732422,1492.9865014648437,1506.54541015625,19200,0.0,0.0
2006-08-29 00:00:00+09:00,1506.5452880242547,1506.5452880242547,1462.102202027539,1490.7265625,23000,0.0,0.0
2006-08-30 00:00:00+09:00,1474.9080410736883,1490.7267687869403,1457.5827678639362,1469.6351318359375,20900,0.0,0.0
2006-08-31 00:00:00+09:00,1457.582684326172,1510.3117736816407,1457.582684326172,1506.54541015625,31500,0.0,0.0
2006-09-01 00:00:00+09:00,1506.5453230945504,1506.5453230945504,1477.1676892942066,1499.765869140625,11200,0.0,0.0
2006-09-04 00:00:00+09:00,1500.5189621177776,1517.8442312586956,1487.713328404925,1505.7918701171875,48400,0.0,0.0
2006-09-05 00:00:00+09:00,1505.7920039086791,1517.844366121055,1492.2330964197567,1514.0780029296875,35300,0.0,0.0
2006-09-06 00:00:00+09:00,1505.792253070936,1510.3118896484375,1500.5193437305174,1510.3118896484375,18200,0.0,0.0
2006-09-07 00:00:00+09:00,1499.0127076428346,1504.2856166646939,1484.7005260120739,1491.47998046875,16600,0.0,0.0
2006-09-08 00:00:00+09:00,1480.1806188398791,1502.7787962267475,1480.1806188398791,1494.4927978515625,31000,0.0,0.0
2006-09-11 00:00:00+09:00,1499.0128360271945,1504.285745500657,1456.8295602394946,1459.8426513671875,26100,0.0,0.0
2006-09-12 00:00:00+09:00,1456.8296063295345,1482.4408817251933,1456.8296063295345,1461.3492431640625,13800,0.0,0.0
2006-09-13 00:00:00+09:00,1462.8556279776985,1463.608900700653,1439.504173566108,1440.2574462890625,8600,0.0,0.0
2006-09-14 00:00:00+09:00,1440.2570696621358,1458.3356102855098,1440.2570696621358,1447.789794921875,5700,0.0,0.0
2006-09-15 00:00:00+09:00,1447.790091478309,1447.790091478309,1433.4779105531854,1445.5302734375,3800,0.0,0.0
2006-09-18 00:00:00+09:00,1445.5302734375,1445.5302734375,1445.5302734375,1445.5302734375,0,0.0,0.0
2006-09-19 00:00:00+09:00,1430.4649675227395,1473.401514731163,1430.4649675227395,1458.3360595703125,26400,0.0,0.0
2006-09-20 00:00:00+09:00,1443.270315869217,1453.0628597660334,1435.7375897947431,1441.010498046875,7600,0.0,0.0
2006-09-21 00:00:00+09:00,1446.2835461177697,1446.2835461177697,1421.4255476688706,1445.5302734375,11300,0.0,0.0
2006-09-22 00:00:00+09:00,1431.2179824053233,1431.2179824053233,1410.1263489804026,1422.1787109375,9800,0.0,0.0
2006-09-25 00:00:00+09:00,1427.451465796303,1427.451465796303,1342.3316686274468,1409.3729248046875,42600,0.0,0.0
2006-09-26 00:00:00+09:00,1416.188984375,1423.7621875,1410.8877421875,1419.9755859375,7200,10.0,0.0
2006-09-27 00:00:00+09:00,1430.5784037198384,1467.6871076808084,1427.549121763841,1462.3858642578125,32400,0.0,0.0
2006-09-28 00:00:00+09:00,1461.6282345854277,1522.2138608894868,1457.0843126126233,1497.2222900390625,27300,0.0,0.0
2006-09-29 00:00:00+09:00,1512.368982658764,1529.787353515625,1491.9213299137532,1529.787353515625,62500,0.0,0.0
2006-10-02 00:00:00+09:00,1526.0006671773976,1537.3604736328125,1511.6115790005388,1537.3604736328125,27200,0.0,0.0
2006-10-03 00:00:00+09:00,1522.2140924544108,1526.0006946744468,1500.251799578203,1518.427490234375,28400,0.0,0.0
2006-10-04 00:00:00+09:00,1518.4273869251217,1537.3603967371555,1497.979736328125,1497.979736328125,26600,0.0,0.0
2006-10-05 00:00:00+09:00,1505.5528390586228,1529.7870899891439,1501.766237350729,1526.00048828125,21000,0.0,0.0
2006-10-06 00:00:00+09:00,1529.787353515625,1537.3605582359994,1518.4275464350635,1529.787353515625,20800,0.0,0.0
2006-10-09 00:00:00+09:00,1529.787353515625,1529.787353515625,1529.787353515625,1529.787353515625,0,0.0,0.0
2006-10-10 00:00:00+09:00,1529.7872693292027,1537.3604736328125,1522.2140650255926,1537.3604736328125,25200,0.0,0.0
2006-10-11 00:00:00+09:00,1514.6407538864212,1522.2139576558534,1488.8918610703522,1491.921142578125,22600,0.0,0.0
2006-10-12 00:00:00+09:00,1493.4357173859125,1508.5821242559523,1469.9587867373511,1479.046630859375,23700,0.0,0.0
2006-10-13 00:00:00+09:00,1501.7663007202148,1518.4273489379882,1501.7663007202148,1514.6407470703125,19100,0.0,0.0
2006-10-16 00:00:00+09:00,1522.2138618020451,1544.9334716796875,1514.6406585094976,1544.9334716796875,21000,0.0,0.0
2006-10-17 00:00:00+09:00,1544.9334129050926,1544.9334129050926,1522.2138038917824,1533.5736083984375,15500,0.0,0.0
2006-10-18 00:00:00+09:00,1512.3688994308998,1537.3604736328125,1510.8542585701778,1537.3604736328125,19000,0.0,0.0
2006-10-19 00:00:00+09:00,1544.933388910061,1567.652997570503,1541.146787466654,1552.506591796875,22800,0.0,0.0
2006-10-20 00:00:00+09:00,1544.9335677398608,1575.2263827935835,1537.36036397643,1563.8665771484375,25300,0.0,0.0
2006-10-23 00:00:00+09:00,1567.652993422288,1586.586000589224,1556.2931891221267,1575.2261962890625,26600,0.0,0.0
2006-10-24 00:00:00+09:00,1586.5860400040185,1590.3726415314743,1575.2262354216507,1582.7994384765625,24000,0.0,0.0
2006-10-25 00:00:00+09:00,1582.7995670651926,1582.7995670651926,1552.5067523845191,1560.0799560546875,34700,0.0,0.0
2006-10-26 00:00:00+09:00,1552.506591796875,1560.079794683689,1544.933388910061,1552.506591796875,24400,0.0,0.0
2006-10-27 00:00:00+09:00,1552.5066696388133,1575.2262794384058,1544.9334663722825,1567.653076171875,59400,0.0,0.0
2006-10-30 00:00:00+09:00,1567.6534319196428,1594.1596493675595,1567.6534319196428,1590.373046875,59300,0.0,0.0
2006-10-31 00:00:00+09:00,1590.3727447729318,1609.3057536392762,1563.8665323600494,1579.012939453125,37500,0.0,0.0
2006-11-01 00:00:00+09:00,1582.799496757163,1594.1593017578125,1567.6530900896305,1594.1593017578125,23300,0.0,0.0
2006-11-02 00:00:00+09:00,1582.799399155837,1582.799399155837,1552.5065876887395,1575.2261962890625,51900,0.0,0.0
2006-11-03 00:00:00+09:00,1575.2261962890625,1575.2261962890625,1575.2261962890625,1575.2261962890625,0,0.0,0.0
2006-11-06 00:00:00+09:00,1586.586000589224,1605.51900775616,1454.8122707073505,1575.2261962890625,52900,0.0,0.0
2006-11-07 00:00:00+09:00,1579.0132393973215,1597.946251860119,1567.6534319196428,1590.373046875,19800,0.0,0.0
2006-11-08 00:00:00+09:00,1594.1596493675595,1594.1596493675595,1579.0132393973215,1590.373046875,13800,0.0,0.0
2006-11-09 00:00:00+09:00,1590.3727578217129,1609.3057668433999,1582.7995542130382,1605.5191650390625,16700,0.0,0.0
2006-11-10 00:00:00+09:00,1605.5193144950777,1605.5193144950777,1582.7997015541096,1586.5863037109375,19400,0.0,0.0
2006-11-13 00:00:00+09:00,1579.0130993972816,1597.9461101814215,1541.1470778290015,1586.5863037109375,36700,0.0,0.0
2006-11-14 00:00:00+09:00,1594.1594468390804,1666.1048850574712,1586.586242816092,1647.171875,69100,0.0,0.0
2006-11-15 00:00:00+09:00,1620.6658361426228,1662.3184627724565,1613.092631300835,1658.5318603515625,35600,0.0,0.0
2006-11-16 00:00:00+09:00,1635.8118030894886,1681.2510198419745,1635.8118030894886,1666.1046142578125,56500,0.0,0.0
2006-11-17 00:00:00+09:00,1643.3850058815697,1681.2510198419745,1635.8118030894886,1666.1046142578125,40000,0.0,0.0
2006-11-20 00:00:00+09:00,1666.1048267505787,1666.1048267505787,1628.2388079607927,1635.81201171875,37800,0.0,0.0
2006-11-21 00:00:00+09:00,1639.5986135977284,1647.1718173556856,1616.8790023238569,1635.81201171875,33500,0.0,0.0
2006-11-22 00:00:00+09:00,1544.9335914629685,1616.8790283203125,1544.9335914629685,1616.8790283203125,43400,0.0,0.0
2006-11-23 00:00:00+09:00,1616.8790283203125,1616.8790283203125,1616.8790283203125,1616.8790283203125,0,0.0,0.0
2006-11-24 00:00:00+09:00,1628.2387562564643,1632.0253580152003,1590.3727386691046,1601.7325439453125,23700,0.0,0.0
2006-11-27 00:00:00+09:00,1586.5858730423115,1620.665283203125,1563.866266268436,1620.665283203125,23000,0.0,0.0
2006-11-28 00:00:00+09:00,1590.3727386691046,1609.3057474627844,1567.6531281166888,1601.7325439453125,21700,0.0,0.0
2006-11-29 00:00:00+09:00,1605.5193350353638,1639.5987548828125,1586.5863240090034,1639.5987548828125,20600,0.0,0.0
2006-11-30 00:00:00+09:00,1609.305741459062,1624.4521484375,1575.2263257575758,1624.4521484375,38600,0.0,0.0
2006-12-01 00:00:00+09:00,1628.2384614357916,1662.31787109375,1620.6652592895787,1662.31787109375,20600,0.0,0.0
2006-12-04 00:00:00+09:00,1666.1045347441227,1666.1045347441227,1643.3849274521572,1650.9581298828125,10500,0.0,0.0
2006-12-05 00:00:00+09:00,1632.025466954023,1662.318283045977,1632.025466954023,1647.171875,43600,0.0,0.0
2006-12-06 00:00:00+09:00,1658.531784971738,1658.531784971738,1639.5987737277685,1643.3853759765625,16600,0.0,0.0
2006-12-07 00:00:00+09:00,1647.1720530888806,1658.5318603515627,1643.3854506679868,1658.5318603515625,12900,0.0,0.0
2006-12-08 00:00:00+09:00,1666.1049234839816,1666.1049234839816,1643.3853108910182,1654.7451171875,44300,0.0,0.0
2006-12-11 00:00:00+09:00,1666.1046142578125,1669.8912156538531,1662.318012861772,1666.1046142578125,15500,0.0,0.0
2006-12-12 00:00:00+09:00,1666.1050552505633,1681.2514648437502,1666.1050552505633,1681.25146484375,25900,0.0,0.0
2006-12-13 00:00:00+09:00,1677.4648724560325,1677.4648724560325,1650.9586555097746,1658.5318603515625,48400,0.0,0.0
2006-12-14 00:00:00+09:00,1647.1718438391943,1647.1718438391943,1616.8790283203125,1616.8790283203125,45800,0.0,0.0
2006-12-15 00:00:00+09:00,1620.6652430861209,1639.5982482623608,1601.7322379098812,1613.092041015625,101900,0.0,0.0
2006-12-18 00:00:00+09:00,1628.2384854610834,1628.2384854610834,1613.0920809451663,1620.665283203125,21500,0.0,0.0
2006-12-19 00:00:00+09:00,1613.0925103400734,1616.8791124770219,1605.5193060661763,1609.305908203125,16300,0.0,0.0
2006-12-20 00:00:00+09:00,1609.305741459062,1643.3851571605478,1601.7325379698427,1624.4521484375,38400,0.0,0.0
2006-12-21 00:00:00+09:00,1628.2384451566168,1639.5982482623608,1613.092041015625,1613.092041015625,11100,0.0,0.0
2006-12-22 00:00:00+09:00,1613.0925103400734,1624.452316750919,1605.5193060661763,1609.305908203125,11000,0.0,0.0
2006-12-25 00:00:00+09:00,1609.3059166519056,1613.0925188087338,1575.2264972404535,1586.5863037109375,19800,0.0,0.0
2006-12-26 00:00:00+09:00,1586.5863037109375,1590.3729058677657,1563.8666907699696,1586.5863037109375,13700,0.0,0.0
2006-12-27 00:00:00+09:00,1597.9461101814215,1597.9461101814215,1575.2264972404535,1586.5863037109375,8300,0.0,0.0
2006-12-28 00:00:00+09:00,1613.092041015625,1613.092041015625,1582.7992327336415,1613.092041015625,21200,0.0,0.0
2006-12-29 00:00:00+09:00,1613.0925103400734,1613.0925103400734,1582.7996932444853,1609.305908203125,9100,0.0,0.0
2007-01-04 00:00:00+09:00,1628.239031267596,1681.2514648437502,1624.4524288692992,1681.25146484375,57800,0.0,0.0
2007-01-05 00:00:00+09:00,1681.2513791408055,1685.0379813460775,1639.5987548828125,1639.5987548828125,56000,0.0,0.0
2007-01-09 00:00:00+09:00,1639.5987737277685,1654.7451827229443,1632.0255692301807,1643.3853759765625,43700,0.0,0.0
2007-01-10 00:00:00+09:00,1632.02521778987,1632.02521778987,1567.652993422288,1575.2261962890625,79200,0.0,0.0
2007-01-11 00:00:00+09:00,1579.013069542655,1579.013069542655,1544.9336507755474,1556.29345703125,44900,0.0,0.0
2007-01-12 00:00:00+09:00,1556.2933733850068,1567.6531790301528,1541.1469658581454,1563.8665771484375,28600,0.0,0.0
2007-01-15 00:00:00+09:00,1567.653076171875,1590.3726859714673,1560.0798729053442,1567.653076171875,37400,0.0,0.0
2007-01-16 00:00:00+09:00,1563.8665323600494,1582.799541226394,1560.0799305867806,1579.012939453125,26500,0.0,0.0
2007-01-17 00:00:00+09:00,1571.4398653721867,1575.2264674574208,1533.573844519845,1556.29345703125,51100,0.0,0.0
2007-01-18 00:00:00+09:00,1560.0799752667222,1579.0129846752989,1552.5067715032915,1563.8665771484375,59100,0.0,0.0
2007-01-19 00:00:00+09:00,1567.653076171875,1582.7994827049365,1567.653076171875,1567.653076171875,34400,0.0,0.0
2007-01-22 00:00:00+09:00,1597.9459034246959,1609.3057084253453,1590.3727000909294,1594.1593017578125,21300,0.0,0.0
2007-01-23 00:00:00+09:00,1597.946251860119,1609.3060593377977,1590.373046875,1590.373046875,18500,0.0,0.0
2007-01-24 00:00:00+09:00,1605.5192489262442,1620.6656569349823,1590.372840917506,1597.946044921875,20400,0.0,0.0
2007-01-25 00:00:00+09:00,1605.519456845238,1616.8792643229167,1590.373046875,1590.373046875,28000,0.0,0.0
2007-01-26 00:00:00+09:00,1586.5863037109375,1594.1595080245936,1575.2264972404535,1586.5863037109375,26500,0.0,0.0
2007-01-29 00:00:00+09:00,1613.0923100922284,1613.0923100922284,1590.3727000909294,1594.1593017578125,21000,0.0,0.0
2007-01-30 00:00:00+09:00,1594.1594429196905,1601.7326469240597,1590.372840917506,1597.946044921875,8300,0.0,0.0
2007-01-31 00:00:00+09:00,1605.519456845238,1605.519456845238,1590.373046875,1590.373046875,19900,0.0,0.0
2007-02-01 00:00:00+09:00,1597.9460186210115,1616.8790283203125,1597.9460186210115,1616.8790283203125,41900,0.0,0.0
2007-02-02 00:00:00+09:00,1597.946044921875,1613.0924529306133,1594.1594429196905,1597.946044921875,24000,0.0,0.0
2007-02-05 00:00:00+09:00,1613.092041015625,1628.2384451566168,1605.5188389451291,1613.092041015625,74400,0.0,0.0
2007-02-06 00:00:00+09:00,1613.0920809451663,1628.2384854610834,1613.0920809451663,1620.665283203125,36500,0.0,0.0
2007-02-07 00:00:00+09:00,1639.598264655111,1673.6776743130695,1632.0250625088981,1662.31787109375,78200,0.0,0.0
2007-02-08 00:00:00+09:00,1662.318387220532,1666.104989469326,1639.5987737277685,1643.3853759765625,76400,0.0,0.0
2007-02-09 00:00:00+09:00,1658.5314114657317,1681.2510198419745,1654.744810069691,1666.1046142578125,42400,0.0,0.0
2007-02-13 00:00:00+09:00,1666.1046142578125,1685.037621238015,1658.5314114657317,1666.1046142578125,41500,0.0,0.0
2007-02-14 00:00:00+09:00,1666.1050552505633,1688.8246696403437,1666.1050552505633,1681.25146484375,30500,0.0,0.0
2007-02-15 00:00:00+09:00,1681.2511181091995,1685.0377197265625,1666.1047116397472,1685.0377197265625,39000,0.0,0.0
2007-02-16 00:00:00+09:00,1685.0377197265625,1688.8243213439255,1666.1047116397472,1685.0377197265625,30700,0.0,0.0
2007-02-19 00:00:00+09:00,1696.3974372240618,1730.4768500254381,1696.3974372240618,1715.3304443359375,102300,0.0,0.0
2007-02-20 00:00:00+09:00,1734.2639531674592,1749.4103632387908,1722.9041456139605,1741.837158203125,46900,0.0,0.0
2007-02-21 00:00:00+09:00,1745.623106857826,1772.1293145541488,1741.8365057583514,1756.98291015625,37700,0.0,0.0
2007-02-22 00:00:00+09:00,1764.5562547253023,1764.5562547253023,1745.6232477003527,1760.7696533203125,26500,0.0,0.0
2007-02-23 00:00:00+09:00,1764.5570068359375,1768.3436098548987,1760.7704038169763,1764.5570068359375,21300,0.0,0.0
2007-02-26 00:00:00+09:00,1749.4105947600926,1772.13021287386,1707.757961551519,1764.5570068359375,24700,0.0,0.0
2007-02-27 00:00:00+09:00,1764.5561722095824,1772.1293746654176,1756.9829697537473,1768.3427734375,17400,0.0,0.0
2007-02-28 00:00:00+09:00,1662.3183162756134,1738.0503580193772,1662.3183162756134,1726.6905517578125,31600,0.0,0.0
2007-03-01 00:00:00+09:00,1722.9036471806878,1722.9036471806878,1711.5438429135625,1715.3304443359375,29700,0.0,0.0
2007-03-02 00:00:00+09:00,1711.5442740885417,1711.5442740885417,1688.8246598307292,1703.9710693359375,33600,0.0,0.0
2007-03-05 00:00:00+09:00,1658.5313323134674,1673.6777371747778,1647.1715286674848,1650.9581298828125,38600,0.0,0.0
2007-03-06 00:00:00+09:00,1620.665672060591,1677.4647026234622,1601.7326618729674,1673.6781005859375,21900,0.0,0.0
2007-03-07 00:00:00+09:00,1703.9706282182174,1703.9706282182174,1662.318012861772,1666.1046142578125,17200,0.0,0.0
2007-03-08 00:00:00+09:00,1658.5316848754883,1696.397705078125,1650.958480834961,1696.397705078125,18700,0.0,0.0
2007-03-09 00:00:00+09:00,1703.9710693359375,1719.1174788411458,1700.1844669596355,1703.9710693359375,38800,0.0,0.0
2007-03-12 00:00:00+09:00,1734.2638025874585,1734.2638025874585,1696.3977806969026,1711.544189453125,22000,0.0,0.0
2007-03-13 00:00:00+09:00,1722.9039192199707,1722.9039192199707,1685.037899017334,1696.397705078125,23300,0.0,0.0
2007-03-14 00:00:00+09:00,1696.3974254261366,1707.757229614258,1650.9582086736507,1666.1046142578125,30300,0.0,0.0
2007-03-15 00:00:00+09:00,1658.5313323134674,1681.250939605433,1643.3849274521572,1650.9581298828125,57300,0.0,0.0
2007-03-16 00:00:00+09:00,1650.9585804741503,1658.531784971738,1643.3853759765625,1643.3853759765625,55400,0.0,0.0
2007-03-19 00:00:00+09:00,1666.104755704365,1677.4645608568946,1650.9583488343253,1669.891357421875,21300,0.0,0.0
2007-03-20 00:00:00+09:00,1685.0378032193496,1685.0378032193496,1669.8913959994004,1677.464599609375,28400,0.0,0.0
2007-03-22 00:00:00+09:00,1688.8245763187915,1719.117393831236,1681.2513719406802,1711.544189453125,41000,0.0,0.0
2007-03-23 00:00:00+09:00,1711.543598515795,1738.0498046875,1707.756997634123,1738.0498046875,45300,0.0,0.0
2007-03-26 00:00:00+09:00,1753.1964940135238,1760.7696970114223,1722.9036820219294,1745.623291015625,43200,0.0,0.0
2007-03-27 00:00:00+09:00,1770.8112659994554,1774.6276695899714,1744.0964408658429,1751.729248046875,16000,18.0,0.0
2007-03-28 00:00:00+09:00,1770.8115170824294,1782.2607294773588,1736.463879897641,1759.3623046875,19300,0.0,0.0
2007-03-29 00:00:00+09:00,1759.3623068012716,1770.8115192099567,1755.5459026650433,1763.1787109375,13000,0.0,0.0
2007-03-30 00:00:00+09:00,1763.1793220800148,1770.81213299811,1747.9137002438242,1766.9957275390625,22900,0.0,0.0
2007-04-02 00:00:00+09:00,1770.8115170824294,1774.6279212140726,1755.5459005558566,1759.3623046875,37400,0.0,0.0
2007-04-03 00:00:00+09:00,1755.5461361533717,1755.5461361533717,1732.6477082905017,1740.280517578125,20200,0.0,0.0
2007-04-04 00:00:00+09:00,1751.7294964242135,1763.1787088191431,1747.9130922925704,1759.3623046875,24500,0.0,0.0
2007-04-05 00:00:00+09:00,1755.545651637391,1755.545651637391,1732.6472300942946,1751.729248046875,14600,0.0,0.0
2007-04-06 00:00:00+09:00,1755.545769155156,1755.545769155156,1740.280153771198,1744.0965576171875,13800,0.0,0.0
2007-04-09 00:00:00+09:00,1740.2800372753268,1751.729248046875,1732.6472300942946,1751.729248046875,24200,0.0,0.0
2007-04-10 00:00:00+09:00,1755.5459026650433,1770.8115192099567,1755.5459026650433,1763.1787109375,27000,0.0,0.0
2007-04-11 00:00:00+09:00,1744.0969254272995,1763.1789486814275,1736.4641161256482,1747.913330078125,11200,0.0,0.0
2007-04-12 00:00:00+09:00,1728.8309422332297,1755.545769155156,1713.5653268492717,1744.0965576171875,14600,0.0,0.0
2007-04-13 00:00:00+09:00,1740.2805011561097,1740.2805011561097,1702.116455078125,1702.116455078125,16800,0.0,0.0
2007-04-16 00:00:00+09:00,1728.8311767578125,1732.6475811215162,1717.381963666701,1728.8311767578125,16700,0.0,0.0
2007-04-17 00:00:00+09:00,1732.647450062639,1732.647450062639,1709.749025612472,1713.5654296875,35200,0.0,0.0
2007-04-18 00:00:00+09:00,1740.2801489526098,1755.5457642942995,1721.1981297754978,1736.4637451171875,19900,0.0,0.0
2007-04-19 00:00:00+09:00,1732.6476952689034,1732.6476952689034,1709.749267578125,1709.749267578125,20300,0.0,0.0
2007-04-20 00:00:00+09:00,1702.1164583478655,1717.3820768083845,1702.1164583478655,1709.749267578125,8100,0.0,0.0
2007-04-23 00:00:00+09:00,1686.850836646931,1728.8312873327143,1686.850836646931,1702.116455078125,15000,0.0,0.0
2007-04-24 00:00:00+09:00,1732.6477018373203,1732.6477018373203,1694.483655541344,1725.014892578125,8500,0.0,0.0
2007-04-25 00:00:00+09:00,1725.0146419125833,1725.0146419125833,1705.9326215374442,1713.5654296875,12000,0.0,0.0
2007-04-26 00:00:00+09:00,1740.2800372753268,1751.729248046875,1679.2175798270698,1751.729248046875,18100,0.0,0.0
2007-04-27 00:00:00+09:00,1725.0152697911078,1778.4449462890625,1725.0152697911078,1778.4449462890625,21600,0.0,0.0
2007-05-01 00:00:00+09:00,1778.4443274824134,1778.4443274824134,1759.3623068012716,1763.1787109375,11600,0.0,0.0
2007-05-02 00:00:00+09:00,1774.6278169871903,1808.9754521546843,1755.5457974496935,1789.8934326171875,30300,0.0,0.0
2007-05-07 00:00:00+09:00,1786.0770287096882,1789.8934326171875,1786.0770287096882,1789.8934326171875,11200,0.0,0.0
2007-05-08 00:00:00+09:00,1759.3623130880376,1774.6279296875,1759.3623130880376,1774.6279296875,10900,0.0,0.0
2007-05-09 00:00:00+09:00,1763.1787172379034,1782.2607379872313,1763.1787172379034,1774.6279296875,16400,0.0,0.0
2007-05-10 00:00:00+09:00,1778.4442091317012,1778.4442091317012,1770.8114013671875,1770.8114013671875,8400,0.0,0.0
2007-05-11 00:00:00+09:00,1751.7301033351732,1759.3629142429518,1751.7301033351732,1755.5465087890625,7600,0.0,0.0
2007-05-14 00:00:00+09:00,1763.1789486814275,1763.1789486814275,1660.1360231091362,1747.913330078125,39100,0.0,0.0
2007-05-15 00:00:00+09:00,1641.053820915942,1641.053820915942,1618.1553955078125,1618.1553955078125,28400,0.0,0.0
2007-05-16 00:00:00+09:00,1525.0352021337153,1526.561763897613,1504.4266183210975,1518.928955078125,61400,0.0,0.0
2007-05-17 00:00:00+09:00,1515.112449495796,1534.1944702703022,1511.2960453408948,1512.059326171875,49200,0.0,0.0
2007-05-18 00:00:00+09:00,1482.2914931804066,1482.2914931804066,1457.8665046213064,1459.39306640625,28400,0.0,0.0
2007-05-21 00:00:00+09:00,1450.233715125708,1454.0501196391967,1419.7024790177984,1448.7071533203125,48000,0.0,0.0
2007-05-22 00:00:00+09:00,1449.4707726471972,1450.9973348090161,1423.5192158962732,1432.6785888671875,55800,0.0,0.0
2007-05-23 00:00:00+09:00,1450.233739900112,1460.9196727204287,1438.7845261640584,1449.470458984375,52900,0.0,0.0
2007-05-24 00:00:00+09:00,1436.4946059937947,1444.8906956143749,1436.4946059937947,1439.5477294921875,32500,0.0,0.0
2007-05-25 00:00:00+09:00,1425.0455337263581,1446.4174003275032,1408.2533528254583,1428.8619384765625,73400,0.0,0.0
2007-05-28 00:00:00+09:00,1447.1808096177986,1460.1565869192239,1443.364404529144,1444.127685546875,46400,0.0,0.0
2007-05-29 00:00:00+09:00,1462.4463166819376,1474.6588120195738,1461.6830357233353,1470.8424072265625,55400,0.0,0.0
2007-05-30 00:00:00+09:00,1484.581444105004,1484.581444105004,1473.1322298831144,1481.5283203125,75800,0.0,0.0
2007-05-31 00:00:00+09:00,1483.8180674595533,1487.634471954048,1482.2915056617553,1486.10791015625,37200,0.0,0.0
2007-06-01 00:00:00+09:00,1492.2139643939515,1503.663176396974,1486.1077179923393,1491.45068359375,50600,0.0,0.0
2007-06-04 00:00:00+09:00,1476.1851997375488,1476.1851997375488,1457.8664588928223,1465.499267578125,80700,0.0,0.0
2007-06-05 00:00:00+09:00,1466.262791438887,1470.0791964140012,1454.8135765135444,1461.68310546875,32900,0.0,0.0
2007-06-06 00:00:00+09:00,1454.813534259304,1487.6346160920166,1450.2338484221814,1479.238525390625,88200,0.0,0.0
2007-06-07 00:00:00+09:00,1443.364018038409,1460.1561959320343,1443.364018038409,1450.996826171875,62900,0.0,0.0
2007-06-08 00:00:00+09:00,1420.466091572635,1439.5481185953734,1420.466091572635,1432.6785888671875,72800,0.0,0.0
2007-06-11 00:00:00+09:00,1454.05029296875,1460.9198219119094,1447.9440450192749,1454.05029296875,50700,0.0,0.0
2007-06-12 00:00:00+09:00,1434.2050053760258,1442.6010964133523,1434.2050053760258,1435.7315673828125,23600,0.0,0.0
2007-06-13 00:00:00+09:00,1427.3352317566048,1437.2578831003673,1427.3352317566048,1431.9149169921875,33000,0.0,0.0
2007-06-14 00:00:00+09:00,1444.1276101276374,1445.6541720833748,1434.2049574153439,1438.0213623046875,49000,0.0,0.0
2007-06-15 00:00:00+09:00,1457.103147426573,1457.8664282790753,1442.6008112290326,1453.2867431640625,60400,0.0,0.0
2007-06-18 00:00:00+09:00,1460.9193115234375,1463.9724344315323,1454.8130657072475,1460.9193115234375,30600,0.0,0.0
2007-06-19 00:00:00+09:00,1454.0500240165645,1457.8664282790753,1450.233619754054,1453.2867431640625,91800,0.0,0.0
2007-06-20 00:00:00+09:00,1449.470579701215,1450.9971416598262,1444.890893825382,1445.6541748046875,55300,0.0,0.0
2007-06-21 00:00:00+09:00,1453.2869162087911,1458.6298828125,1450.2337924352432,1458.6298828125,81300,0.0,0.0
2007-06-22 00:00:00+09:00,1451.7603774488316,1458.6299060487472,1451.7603774488316,1455.5767822265625,42200,0.0,0.0
2007-06-25 00:00:00+09:00,1463.9728524775508,1470.8423809823985,1459.3931668076523,1466.2626953125,72600,0.0,0.0
2007-06-26 00:00:00+09:00,1467.7890912187136,1477.7117423813986,1467.7890912187136,1476.1851806640625,59800,0.0,0.0
2007-06-27 00:00:00+09:00,1474.6585900936038,1475.4218709373376,1463.2093774375976,1467.7890625,78100,0.0,0.0
2007-06-28 00:00:00+09:00,1473.8953380880582,1476.1851806640625,1470.0789337947178,1476.1851806640625,46100,0.0,0.0
2007-06-29 00:00:00+09:00,1476.9484221429684,1495.267162262571,1471.6054562747508,1493.7406005859375,70900,0.0,0.0
2007-07-02 00:00:00+09:00,1499.8469716109996,1505.9532188236653,1494.5040052999173,1497.55712890625,96400,0.0,0.0
2007-07-03 00:00:00+09:00,1502.1368408203125,1502.9001217353637,1500.6102789902106,1502.1368408203125,43500,0.0,0.0
2007-07-04 00:00:00+09:00,1502.1368143157492,1503.6633761189157,1493.7407243983341,1497.55712890625,26800,0.0,0.0
2007-07-05 00:00:00+09:00,1493.7406996863647,1499.8469467980105,1492.2141379084533,1496.7938232421875,52600,0.0,0.0
2007-07-06 00:00:00+09:00,1488.3978970648704,1489.1611780377243,1467.7893107978184,1479.238525390625,47300,0.0,0.0
2007-07-09 00:00:00+09:00,1465.499250580196,1483.8179912124483,1465.499250580196,1480.0015869140625,43200,0.0,0.0
2007-07-10 00:00:00+09:00,1482.2916492820402,1488.3978970648704,1458.629939123573,1479.238525390625,75100,0.0,0.0
2007-07-11 00:00:00+09:00,1460.9198193230543,1465.499505277045,1434.9682655837732,1446.41748046875,77300,0.0,0.0
2007-07-12 00:00:00+09:00,1446.4172573635713,1447.9438191127676,1431.1516398716074,1439.5477294921875,50000,0.0,0.0
2007-07-13 00:00:00+09:00,1446.4171866745908,1463.9726459323824,1440.3109399762282,1444.890625,36500,0.0,0.0
2007-07-17 00:00:00+09:00,1436.494752464436,1449.4705286556662,1435.7314715120106,1440.3111572265625,33200,0.0,0.0
2007-07-18 00:00:00+09:00,1445.6541238935397,1445.6541238935397,1432.6783477023093,1440.3111572265625,42900,0.0,0.0
2007-07-19 00:00:00+09:00,1439.5476096166876,1443.364013671875,1437.2577671835752,1443.364013671875,21900,0.0,0.0
2007-07-20 00:00:00+09:00,1443.364183522887,1447.1805880271781,1441.0743408203125,1441.0743408203125,33000,0.0,0.0
2007-07-23 00:00:00+09:00,1416.649219590958,1421.992185397605,1415.122657931916,1418.17578125,42600,0.0,0.0
2007-07-24 00:00:00+09:00,1424.2821120002236,1439.5477294921875,1424.2821120002236,1439.5477294921875,47900,0.0,0.0
2007-07-25 00:00:00+09:00,1419.70241926874,1429.6250705862096,1419.70241926874,1424.2821044921875,35800,0.0,0.0
2007-07-26 00:00:00+09:00,1417.4124416775173,1417.4124416775173,1401.383544921875,1401.383544921875,41000,0.0,0.0
2007-07-27 00:00:00+09:00,1378.4853020306437,1385.3548301138528,1373.9056166418375,1376.958740234375,47500,0.0,0.0
2007-07-30 00:00:00+09:00,1359.4033073320206,1385.3548583984375,1359.4033073320206,1385.3548583984375,29500,0.0,0.0
2007-07-31 00:00:00+09:00,1402.147390157788,1419.7028555762033,1402.147390157788,1415.1231689453125,44600,0.0,0.0
2007-08-01 00:00:00+09:00,1392.2243079280547,1456.3399010563203,1390.6977461869055,1424.2821044921875,65400,0.0,0.0
2007-08-02 00:00:00+09:00,1425.0453702411955,1451.7602004278274,1425.0453702411955,1442.600830078125,63900,0.0,0.0
2007-08-03 00:00:00+09:00,1464.7359619140625,1466.262523625281,1440.310974534568,1464.7359619140625,67500,0.0,0.0
2007-08-06 00:00:00+09:00,1441.837478983572,1461.68278044126,1439.547636507685,1447.9437255859375,46600,0.0,0.0
2007-08-07 00:00:00+09:00,1452.5234105377117,1454.0499721883032,1444.8906022847548,1447.9437255859375,26200,0.0,0.0
2007-08-08 00:00:00+09:00,1454.8133469841514,1461.682874855535,1418.9391458780362,1439.5477294921875,41700,0.0,0.0
2007-08-09 00:00:00+09:00,1398.3306930368503,1438.7845831738334,1390.6978835770421,1409.7799072265625,77900,0.0,0.0
2007-08-10 00:00:00+09:00,1367.7992728531856,1387.6445748030644,1367.7992728531856,1377.721923828125,55300,0.0,0.0
2007-08-13 00:00:00+09:00,1377.7220193673134,1379.2485811616264,1371.6157721900622,1373.142333984375,56600,0.0,0.0
2007-08-14 00:00:00+09:00,1357.876494508882,1369.3257060983328,1357.876494508882,1366.2725830078125,26400,0.0,0.0
2007-08-15 00:00:00+09:00,1363.982977536304,1364.7462584414725,1347.1907976225946,1351.0072021484375,71700,0.0,0.0
2007-08-16 00:00:00+09:00,1334.9782979851095,1345.6642306162082,1329.6353316695602,1339.5579833984375,91300,0.0,0.0
2007-08-17 00:00:00+09:00,1330.3986333819666,1339.5580043518942,1275.442407562402,1276.2056884765625,77800,0.0,0.0
2007-08-20 00:00:00+09:00,1299.1037847101163,1315.895960540682,1292.2342582339759,1299.8670654296875,76600,0.0,0.0
2007-08-21 00:00:00+09:00,1326.5820109864678,1351.0069962290265,1326.5820109864678,1333.4515380859375,61700,0.0,0.0
2007-08-22 00:00:00+09:00,1323.5291485256619,1328.1088341606987,1316.6596200731065,1318.949462890625,49900,0.0,0.0
2007-08-23 00:00:00+09:00,1307.5000992487805,1312.843065211852,1302.9204141375765,1310.55322265625,89400,0.0,0.0
2007-08-24 00:00:00+09:00,1310.5531998877607,1319.7125699510414,1292.9977405998056,1313.6063232421875,83800,0.0,0.0
2007-08-27 00:00:00+09:00,1318.1860828797944,1328.1087343432787,1311.3165549435362,1315.896240234375,37000,0.0,0.0
2007-08-28 00:00:00+09:00,1322.0025103901708,1322.0025103901708,1309.7900160678598,1312.8431396484375,42700,0.0,0.0
2007-08-29 00:00:00+09:00,1312.079855186061,1312.079855186061,1297.577518217745,1305.2103271484375,114500,0.0,0.0
2007-08-30 00:00:00+09:00,1325.0558069740853,1325.0558069740853,1310.5534680728713,1314.369873046875,27500,0.0,0.0
2007-08-31 00:00:00+09:00,1341.8478102273925,1359.4032707707543,1335.7415630818755,1357.876708984375,48400,0.0,0.0
2007-09-03 00:00:00+09:00,1359.4030808065936,1371.6155733910437,1354.823396087425,1367.035888671875,50600,0.0,0.0
2007-09-04 00:00:00+09:00,1373.9053531568877,1386.8811259367028,1373.9053531568877,1383.8280029296875,32500,0.0,0.0
2007-09-05 00:00:00+09:00,1406.7269708622887,1414.3597813390238,1380.775415241389,1381.5386962890625,64600,0.0,0.0
2007-09-06 00:00:00+09:00,1382.3015822625134,1419.702342909042,1350.2437874226318,1418.17578125,81400,0.0,0.0
2007-09-07 00:00:00+09:00,1389.9343196745842,1434.204605529129,1388.407758093393,1419.7022705078125,36900,0.0,0.0
2007-09-10 00:00:00+09:00,1419.7027341648736,1426.572263523736,1396.804302968666,1418.939453125,45800,0.0,0.0
2007-09-11 00:00:00+09:00,1412.06958984375,1442.60082421875,1397.567253515625,1431.151611328125,42600,0.0,0.0
2007-09-12 00:00:00+09:00,1434.2049845914414,1458.6299763460588,1431.915141614446,1446.41748046875,39300,0.0,0.0
2007-09-13 00:00:00+09:00,1427.3352758435235,1430.3883994282155,1409.0165343353713,1421.9923095703125,49700,0.0,0.0
2007-09-14 00:00:00+09:00,1453.286838736499,1465.499333179663,1436.4946588771486,1448.7071533203125,61000,0.0,0.0
2007-09-18 00:00:00+09:00,1450.996988997292,1457.8665170882837,1427.3352811283198,1433.4415283203125,33900,0.0,0.0
2007-09-19 00:00:00+09:00,1464.7361610049293,1474.6588134765625,1450.9971037365142,1474.6588134765625,21800,0.0,0.0
2007-09-20 00:00:00+09:00,1462.446146002435,1469.315673828125,1447.180528612013,1469.315673828125,20200,0.0,0.0
2007-09-21 00:00:00+09:00,1433.4415842156661,1450.2337646484375,1427.3353367855675,1450.2337646484375,16800,0.0,0.0
2007-09-25 00:00:00+09:00,1457.9068364541997,1457.9068364541997,1425.679422174686,1450.233642578125,16500,10.0,0.0
2007-09-26 00:00:00+09:00,1451.0010092850132,1472.485952838678,1442.5604957460735,1465.580078125,18900,0.0,0.0
2007-09-27 00:00:00+09:00,1468.64895154037,1476.3221435546875,1454.8372059145984,1476.3221435546875,32000,0.0,0.0
2007-09-28 00:00:00+09:00,1475.555268747865,1479.3918659104959,1464.0454772599721,1474.0206298828125,58000,0.0,0.0
2007-10-01 00:00:00+09:00,1474.787990047973,1476.322628955411,1454.070364797559,1463.2781982421875,20300,0.0,0.0
2007-10-02 00:00:00+09:00,1463.2780907588935,1468.6493265403892,1457.9068549773979,1464.04541015625,23800,0.0,0.0
2007-10-03 00:00:00+09:00,1463.2783058382659,1463.2783058382659,1431.818205922498,1462.510986328125,20500,0.0,0.0
2007-10-04 00:00:00+09:00,1447.1646004919673,1462.5109907410867,1443.3280029296875,1443.3280029296875,35800,0.0,0.0
2007-10-05 00:00:00+09:00,1447.1643609954785,1448.6989997664175,1437.189208984375,1437.189208984375,10700,0.0,0.0
2007-10-09 00:00:00+09:00,1414.1696888256022,1436.4219519704434,1369.6651625359195,1401.892578125,60200,0.0,0.0
2007-10-10 00:00:00+09:00,1421.843182130765,1434.120295414139,1403.4275122057038,1411.1007080078125,33300,0.0,0.0
2007-10-11 00:00:00+09:00,1424.9122314453125,1426.446870359093,1403.4272866523836,1424.9122314453125,20300,0.0,0.0
2007-10-12 00:00:00+09:00,1426.4468734274785,1426.4468734274785,1405.729248046875,1405.729248046875,20300,0.0,0.0
2007-10-15 00:00:00+09:00,1418.7736088221088,1418.7736088221088,1414.93701171875,1414.93701171875,20300,0.0,0.0
2007-10-16 00:00:00+09:00,1415.704406939055,1415.704406939055,1399.5906982421875,1399.5906982421875,20300,0.0,0.0
2007-10-17 00:00:00+09:00,1379.640581748346,1391.1503752557016,1374.269344778247,1377.338623046875,23500,0.0,0.0
2007-10-18 00:00:00+09:00,1381.1747710864965,1411.8675437773074,1375.0362165483343,1404.961669921875,11200,0.0,0.0
2007-10-19 00:00:00+09:00,1378.8732621811891,1378.8732621811891,1377.338623046875,1377.338623046875,11200,0.0,0.0
2007-10-22 00:00:00+09:00,1343.576099294515,1365.828359077234,1337.437544871696,1358.9224853515625,38300,0.0,0.0
2007-10-23 00:00:00+09:00,1368.8980568432767,1368.8980568432767,1368.1307373046875,1368.1307373046875,38300,0.0,0.0
2007-10-24 00:00:00+09:00,1365.0609425582759,1366.5955810546875,1365.0609425582759,1366.5955810546875,38300,0.0,0.0
2007-10-25 00:00:00+09:00,1367.363202878808,1369.6651611328125,1367.363202878808,1369.6651611328125,38300,0.0,0.0
2007-10-26 00:00:00+09:00,1373.50146484375,1373.50146484375,1373.50146484375,1373.50146484375,38300,0.0,0.0
2007-10-29 00:00:00+09:00,1361.9920645563172,1394.9868018948646,1361.9920645563172,1394.219482421875,46700,0.0,0.0
2007-10-30 00:00:00+09:00,1400.3580340407711,1445.6298828125,1400.3580340407711,1445.6298828125,46700,0.0,0.0
2007-10-31 00:00:00+09:00,1407.264063788341,1456.3725153054913,1407.264063788341,1454.070556640625,23800,0.0,0.0
2007-11-01 00:00:00+09:00,1439.4910935746004,1452.5355224609375,1439.4910935746004,1452.5355224609375,23800,0.0,0.0
2007-11-02 00:00:00+09:00,1449.466571781271,1449.466571781271,1431.0509033203125,1431.0509033203125,23800,0.0,0.0
2007-11-05 00:00:00+09:00,1430.2832322998709,1430.2832322998709,1401.8924170664507,1412.6348876953125,27000,0.0,0.0
2007-11-06 00:00:00+09:00,1442.560604929671,1445.6298828125,1442.560604929671,1445.6298828125,27000,0.0,0.0
2007-11-07 00:00:00+09:00,1445.6296787665144,1445.6296787665144,1415.7042236328125,1415.7042236328125,27000,0.0,0.0
2007-11-08 00:00:00+09:00,1395.7541127837865,1395.7541127837865,1387.3135986328125,1387.3135986328125,27000,0.0,0.0
2007-11-09 00:00:00+09:00,1391.9173145178338,1391.9173145178338,1389.6153564453125,1389.6153564453125,27000,0.0,0.0
2007-11-12 00:00:00+09:00,1381.9423392256588,1381.9423392256588,1379.640380859375,1379.640380859375,27000,0.0,0.0
2007-11-13 00:00:00+09:00,1358.1553463358273,1361.991943359375,1358.1553463358273,1361.991943359375,27000,0.0,0.0
2007-11-14 00:00:00+09:00,1361.992024762328,1372.7344970703125,1361.992024762328,1372.7344970703125,27000,0.0,0.0
2007-11-15 00:00:00+09:00,1382.709758306243,1391.9175924348085,1369.6653266241087,1371.96728515625,27000,0.0,0.0
2007-11-16 00:00:00+09:00,1340.506933136506,1352.0167236328125,1340.506933136506,1352.0167236328125,27000,0.0,0.0
2007-11-19 00:00:00+09:00,1333.6010699629576,1333.6010699629576,1315.9527243880736,1320.556640625,25700,0.0,0.0
2007-11-20 00:00:00+09:00,1284.4927601207387,1308.2796630859375,1284.4927601207387,1308.2796630859375,25700,0.0,0.0
2007-11-21 00:00:00+09:00,1291.3984864590705,1291.3984864590705,1287.5618896484375,1287.5618896484375,25700,0.0,0.0
2007-11-22 00:00:00+09:00,1287.561608424987,1298.3040771484375,1287.561608424987,1298.3040771484375,25700,0.0,0.0
2007-11-26 00:00:00+09:00,1298.3046832761138,1338.9726195725877,1298.3046832761138,1330.5321044921875,23200,0.0,0.0
2007-11-27 00:00:00+09:00,1315.1857200083284,1324.3935546875,1315.1857200083284,1324.3935546875,25700,0.0,0.0
2007-11-28 00:00:00+09:00,1302.908047528334,1312.8831974799646,1296.0021744848978,1307.511962890625,60700,0.0,0.0
2007-11-29 00:00:00+09:00,1312.116234357967,1319.7894287109375,1312.116234357967,1319.7894287109375,60700,0.0,0.0
2007-11-30 00:00:00+09:00,1328.9973027209667,1341.2744140625,1328.9973027209667,1341.2744140625,60700,0.0,0.0
2007-12-03 00:00:00+09:00,1341.2741943637122,1348.9473876953125,1341.2741943637122,1348.9473876953125,60700,0.0,0.0
2007-12-04 00:00:00+09:00,1342.8089453739192,1342.8089453739192,1342.0416259765625,1342.0416259765625,60700,0.0,0.0
2007-12-05 00:00:00+09:00,1358.1553026461977,1365.8284964464588,1355.0860251260933,1359.68994140625,88200,0.0,0.0
2007-12-06 00:00:00+09:00,1359.6900066902624,1388.84814453125,1359.6900066902624,1388.84814453125,88200,0.0,0.0
2007-12-07 00:00:00+09:00,1399.5908058488753,1399.5908058488753,1398.823486328125,1398.823486328125,88200,0.0,0.0
2007-12-10 00:00:00+09:00,1394.2193061203254,1404.1944580078125,1394.2193061203254,1404.1944580078125,88200,0.0,0.0
2007-12-11 00:00:00+09:00,1418.006474346887,1418.006474346887,1398.823486328125,1398.823486328125,88200,0.0,0.0
2007-12-12 00:00:00+09:00,1401.892499879931,1412.6349711433786,1401.892499879931,1404.1944580078125,38100,0.0,0.0
2007-12-13 00:00:00+09:00,1385.0116668037376,1385.0116668037376,1375.8038330078125,1375.8038330078125,38100,0.0,0.0
2007-12-14 00:00:00+09:00,1374.2692436883913,1374.2692436883913,1371.96728515625,1371.96728515625,38100,0.0,0.0
2007-12-17 00:00:00+09:00,1368.1306920216562,1368.1306920216562,1352.7843017578125,1352.7843017578125,38100,0.0,0.0
2007-12-18 00:00:00+09:00,1352.0167965157666,1359.6899905936086,1339.7396859912194,1355.8533935546875,53800,0.0,0.0
2007-12-19 00:00:00+09:00,1341.2742627680234,1341.2742627680234,1339.7396240234375,1339.7396240234375,38100,0.0,0.0
2007-12-20 00:00:00+09:00,1335.902810918683,1335.902810918683,1322.091064453125,1322.091064453125,38100,0.0,0.0
2007-12-21 00:00:00+09:00,1322.0912109656754,1329.764404296875,1322.0912109656754,1329.764404296875,38100,0.0,0.0
2007-12-25 00:00:00+09:00,1348.9475647497316,1348.9475647497316,1338.972412109375,1338.972412109375,38100,0.0,0.0
2007-12-26 00:00:00+09:00,1345.8783076939958,1371.1998494008953,1345.8783076939958,1365.82861328125,34500,0.0,0.0
2007-12-27 00:00:00+09:00,1365.8286542017624,1365.8286542017624,1355.086181640625,1355.086181640625,34500,0.0,0.0
2007-12-28 00:00:00+09:00,1335.1354916705964,1354.3184728727601,1320.556425956952,1322.091064453125,10400,0.0,0.0
2008-01-04 00:00:00+09:00,1299.0718775440614,1304.4431138953953,1253.8000282971034,1259.1712646484375,37600,0.0,0.0
2008-01-07 00:00:00+09:00,1256.1018512638675,1309.814208984375,1256.1018512638675,1309.814208984375,34500,0.0,0.0
2008-01-08 00:00:00+09:00,1309.8141211454201,1309.8141211454201,1305.210205078125,1305.210205078125,34500,0.0,0.0
2008-01-09 00:00:00+09:00,1305.2105657725592,1324.3935546875,1305.2105657725592,1324.3935546875,34500,0.0,0.0
2008-01-10 00:00:00+09:00,1295.2351220211665,1309.0468709526717,1294.4678026360828,1296.00244140625,22300,0.0,0.0
2008-01-11 00:00:00+09:00,1296.7697219939566,1296.7697219939566,1287.5618896484375,1287.5618896484375,22300,0.0,0.0
2008-01-15 00:00:00+09:00,1252.2652587890625,1252.2652587890625,1252.2652587890625,1252.2652587890625,22300,0.0,0.0
2008-01-16 00:00:00+09:00,1226.943729287327,1249.9633114503163,1215.4339382058324,1239.9881591796875,37700,0.0,0.0
2008-01-17 00:00:00+09:00,1273.750244140625,1273.750244140625,1273.750244140625,1273.750244140625,37700,0.0,0.0
2008-01-18 00:00:00+09:00,1249.9634883613935,1262.2406005859375,1249.9634883613935,1262.2406005859375,37700,0.0,0.0
2008-01-21 00:00:00+09:00,1259.938552273187,1259.938552273187,1244.5921630859375,1244.5921630859375,37700,0.0,0.0
2008-01-22 00:00:00+09:00,1237.6861452339683,1237.6861452339683,1179.369873046875,1179.369873046875,37700,0.0,0.0
2008-01-23 00:00:00+09:00,1250.7306511347304,1250.7306511347304,1220.0378744197678,1234.616943359375,66500,0.0,0.0
2008-01-24 00:00:00+09:00,1234.616772581949,1238.453369140625,1234.616772581949,1238.453369140625,66500,0.0,0.0
2008-01-25 00:00:00+09:00,1245.3592869804945,1279.121337890625,1245.3592869804945,1279.121337890625,66500,0.0,0.0
2008-01-28 00:00:00+09:00,1303.6756568959338,1303.6756568959338,1271.4482421875,1271.4482421875,66500,0.0,0.0
2008-01-29 00:00:00+09:00,1288.3293318637582,1319.7894287109375,1287.5620124284612,1319.7894287109375,40800,0.0,0.0
2008-01-30 00:00:00+09:00,1320.556809612272,1320.556809612272,1303.67578125,1303.67578125,40800,0.0,0.0
2008-01-31 00:00:00+09:00,1378.105224609375,1378.105224609375,1378.105224609375,1378.105224609375,40800,0.0,0.0
2008-02-01 00:00:00+09:00,1378.1054473023923,1378.1054473023923,1345.1107177734375,1345.1107177734375,40800,0.0,0.0
2008-02-04 00:00:00+09:00,1345.1106770155166,1381.1746826171875,1345.1106770155166,1381.1746826171875,40800,0.0,0.0
2008-02-05 00:00:00+09:00,1371.1993889086175,1371.1993889086175,1367.36279296875,1367.36279296875,40800,0.0,0.0
2008-02-06 00:00:00+09:00,1328.9971293856845,1328.9971293856845,1312.8834228515625,1312.8834228515625,40800,0.0,0.0
2008-02-07 00:00:00+09:00,1331.2988954301636,1331.2988954301636,1322.091064453125,1322.091064453125,40800,0.0,0.0
2008-02-08 00:00:00+09:00,1308.2797438270343,1333.6012872559447,1308.2797438270343,1319.022216796875,68600,0.0,0.0
2008-02-12 00:00:00+09:00,1315.953039564926,1324.3935546875,1315.953039564926,1324.3935546875,68600,0.0,0.0
2008-02-13 00:00:00+09:00,1326.6951904296875,1326.6951904296875,1326.6951904296875,1326.6951904296875,68600,0.0,0.0
2008-02-14 00:00:00+09:00,1345.1110141311083,1354.31884765625,1345.1110141311083,1354.31884765625,68600,0.0,0.0
2008-02-15 00:00:00+09:00,1342.808963622356,1358.15535177804,1299.0717573786565,1355.8533935546875,61600,0.0,0.0
2008-02-18 00:00:00+09:00,1350.4820464065256,1350.4820464065256,1305.210205078125,1305.210205078125,61600,0.0,0.0
2008-02-19 00:00:00+09:00,1309.046826057724,1312.8834228515625,1309.046826057724,1312.8834228515625,61600,0.0,0.0
2008-02-20 00:00:00+09:00,1303.739565814895,1303.739565814895,1290.63134765625,1290.63134765625,61600,0.0,0.0
2008-02-21 00:00:00+09:00,1301.3737445835782,1319.0220913556432,1299.071786308961,1305.9776611328125,70200,0.0,0.0
2008-02-22 00:00:00+09:00,1289.8638280670439,1292.93310546875,1289.8638280670439,1292.93310546875,70200,0.0,0.0
2008-02-25 00:00:00+09:00,1304.4429732123242,1309.814208984375,1304.4429732123242,1309.814208984375,70200,0.0,0.0
2008-02-26 00:00:00+09:00,1280.656020478574,1281.42333984375,1280.656020478574,1281.42333984375,70200,0.0,0.0
2008-02-27 00:00:00+09:00,1282.1906299179407,1282.1906299179407,1279.888671875,1279.888671875,70200,0.0,0.0
2008-02-28 00:00:00+09:00,1283.6933855400844,1283.6933855400844,1249.196044921875,1249.196044921875,70200,0.0,0.0
2008-02-29 00:00:00+09:00,1229.2455037434895,1243.0572509765625,1229.2455037434895,1243.0572509765625,70200,0.0,0.0
2008-03-03 00:00:00+09:00,1243.8248140941857,1243.8248140941857,1210.830078125,1210.830078125,70200,0.0,0.0
2008-03-04 00:00:00+09:00,1220.0377145271277,1220.0377145271277,1206.9932861328125,1206.9932861328125,70200,0.0,0.0
2008-03-05 00:00:00+09:00,1203.1567432892627,1203.1567432892627,1197.0181884765625,1197.0181884765625,70200,0.0,0.0
2008-03-06 00:00:00+09:00,1213.1321956185593,1219.270751953125,1213.1321956185593,1219.270751953125,70200,0.0,0.0
2008-03-07 00:00:00+09:00,1219.2702888622446,1219.2702888622446,1182.43896484375,1182.43896484375,70200,0.0,0.0
2008-03-10 00:00:00+09:00,1172.464023745483,1175.5333012945548,1162.488871710999,1167.860107421875,17800,0.0,0.0
2008-03-11 00:00:00+09:00,1143.3059866827612,1143.3059866827612,1141.0040283203125,1141.0040283203125,17800,0.0,0.0
2008-03-12 00:00:00+09:00,1141.004064703607,1181.6719970703125,1141.004064703607,1181.6719970703125,17800,0.0,0.0
2008-03-13 00:00:00+09:00,1180.1371337731368,1180.1371337731368,1176.300537109375,1176.300537109375,17800,0.0,0.0
2008-03-14 00:00:00+09:00,1176.3005470946766,1176.3005470946766,1125.657470703125,1125.657470703125,17800,0.0,0.0
2008-03-17 00:00:00+09:00,1088.0588525149753,1088.826171875,1088.0588525149753,1088.826171875,17800,0.0,0.0
2008-03-18 00:00:00+09:00,1084.9893690224644,1084.9893690224644,1078.08349609375,1078.08349609375,17800,0.0,0.0
2008-03-19 00:00:00+09:00,1111.8457751786732,1134.8653564453125,1111.8457751786732,1134.8653564453125,17800,0.0,0.0
2008-03-21 00:00:00+09:00,1134.8655406371024,1164.023681640625,1134.8655406371024,1164.023681640625,17800,0.0,0.0
2008-03-24 00:00:00+09:00,1160.1870086942963,1160.1870086942963,1114.9151611328125,1114.9151611328125,17800,0.0,0.0
2008-03-25 00:00:00+09:00,1123.3555462966858,1140.236572265625,1123.3555462966858,1140.236572265625,17800,0.0,0.0
2008-03-26 00:00:00+09:00,1135.5858613603916,1149.5384521484375,1135.5858613603916,1149.5384521484375,17800,15.0,0.0
2008-03-27 00:00:00+09:00,1158.8400852759999,1158.8400852759999,1158.06494140625,1158.06494140625,17800,0.0,0.0
2008-03-28 00:00:00+09:00,1160.3900985867663,1183.6444091796875,1160.3900985867663,1183.6444091796875,17800,0.0,0.0
2008-03-31 00:00:00+09:00,1167.3666809774224,1167.3666809774224,1161.940673828125,1161.940673828125,17800,0.0,0.0
2008-04-01 00:00:00+09:00,1183.6446427403512,1183.6446427403512,1180.5440673828125,1180.5440673828125,17800,0.0,0.0
2008-04-02 00:00:00+09:00,1180.5442298355536,1230.1534423828125,1180.5442298355536,1230.1534423828125,17800,0.0,0.0
2008-04-03 00:00:00+09:00,1237.9047903474827,1239.455078125,1237.9047903474827,1239.455078125,17800,0.0,0.0
2008-04-04 00:00:00+09:00,1220.8515912858113,1229.378173828125,1220.8515912858113,1229.378173828125,17800,0.0,0.0
2008-04-07 00:00:00+09:00,1209.2243732005759,1211.5498046875,1209.2243732005759,1211.5498046875,17800,0.0,0.0
2008-04-08 00:00:00+09:00,1216.9757519721365,1216.9757519721365,1190.6208630759247,1194.49658203125,42200,0.0,0.0
2008-04-09 00:00:00+09:00,1194.496429243898,1194.496429243898,1185.9698486328125,1185.9698486328125,42200,0.0,0.0
2008-04-10 00:00:00+09:00,1162.7158203125,1162.7158203125,1162.7158203125,1162.7158203125,42200,0.0,0.0
2008-04-11 00:00:00+09:00,1165.8160961081037,1181.3189697265625,1165.8160961081037,1181.3189697265625,42200,0.0,0.0
2008-04-14 00:00:00+09:00,1182.869241260593,1182.869241260593,1143.3369140625,1143.3369140625,42200,0.0,0.0
2008-04-15 00:00:00+09:00,1147.9881566228094,1147.9881566228094,1147.2130126953125,1147.2130126953125,42200,0.0,0.0
2008-04-16 00:00:00+09:00,1147.9880318270896,1147.9880318270896,1146.437744140625,1146.437744140625,42200,0.0,0.0
2008-04-17 00:00:00+09:00,1158.8400852759999,1158.8400852759999,1158.06494140625,1158.06494140625,42200,0.0,0.0
2008-04-18 00:00:00+09:00,1158.0650660077863,1158.8402099609375,1158.0650660077863,1158.8402099609375,42200,0.0,0.0
2008-04-21 00:00:00+09:00,1168.1419727889177,1169.6922607421875,1168.1419727889177,1169.6922607421875,42200,0.0,0.0
2008-04-22 00:00:00+09:00,1164.2662176329952,1164.2662176329952,1158.8402099609375,1158.8402099609375,42200,0.0,0.0
2008-04-23 00:00:00+09:00,1169.6922481618028,1169.6922481618028,1165.8165283203125,1165.8165283203125,42200,0.0,0.0
2008-04-24 00:00:00+09:00,1171.2424082343334,1171.2424082343334,1164.26611328125,1164.26611328125,42200,0.0,0.0
2008-04-25 00:00:00+09:00,1180.5443040546618,1180.5443040546618,1178.2188720703125,1178.2188720703125,42200,0.0,0.0
2008-04-28 00:00:00+09:00,1182.0943417756453,1182.0943417756453,1176.6683349609375,1176.6683349609375,42200,0.0,0.0
2008-04-30 00:00:00+09:00,1172.0174184068342,1172.0174184068342,1161.1654052734375,1161.1654052734375,42200,0.0,0.0
2008-05-01 00:00:00+09:00,1132.4852294921875,1132.4852294921875,1132.4852294921875,1132.4852294921875,42200,0.0,0.0
2008-05-02 00:00:00+09:00,1134.8106689453125,1134.8106689453125,1134.8106689453125,1134.8106689453125,42200,0.0,0.0
2008-05-07 00:00:00+09:00,1150.313439360119,1150.313439360119,1139.46142578125,1139.46142578125,42200,0.0,0.0
2008-05-08 00:00:00+09:00,1155.3748127800447,1155.3748127800447,1151.088623046875,1151.088623046875,42200,0.0,0.0
2008-05-09 00:00:00+09:00,1148.7632945667613,1148.7632945667613,1108.455810546875,1108.455810546875,42200,0.0,0.0
2008-05-12 00:00:00+09:00,1115.4322036098426,1115.4322036098426,1100.7044677734375,1100.7044677734375,42200,0.0,0.0
2008-05-13 00:00:00+09:00,1038.6927384245182,1038.6927384245182,1035.5921630859375,1035.5921630859375,42200,0.0,0.0
2008-05-14 00:00:00+09:00,1038.6926781525938,1053.42041015625,1038.6926781525938,1053.42041015625,42200,0.0,0.0
2008-05-15 00:00:00+09:00,1092.177785629155,1107.6806640625,1092.177785629155,1107.6806640625,42200,0.0,0.0
2008-05-16 00:00:00+09:00,1131.7099582601525,1131.7099582601525,1130.934814453125,1130.934814453125,42200,0.0,0.0
2008-05-19 00:00:00+09:00,1145.6626160695496,1151.088623046875,1145.6626160695496,1151.088623046875,42200,0.0,0.0
2008-05-20 00:00:00+09:00,1148.7630723668299,1151.8636474609375,1148.7630723668299,1151.8636474609375,42200,0.0,0.0
2008-05-21 00:00:00+09:00,1120.0829271842647,1132.4852294921875,1120.0829271842647,1132.4852294921875,42200,0.0,0.0
2008-05-22 00:00:00+09:00,1141.0117214019008,1141.786865234375,1141.0117214019008,1141.786865234375,42200,0.0,0.0
2008-05-23 00:00:00+09:00,1156.514995564669,1156.514995564669,1150.3138427734375,1150.3138427734375,42200,0.0,0.0
2008-05-26 00:00:00+09:00,1140.2363393802966,1143.3369140625,1140.2363393802966,1143.3369140625,42200,0.0,0.0
2008-05-27 00:00:00+09:00,1138.6864894298797,1165.8165283203125,1138.6864894298797,1165.8165283203125,42200,0.0,0.0
2008-05-28 00:00:00+09:00,1194.4969085393186,1194.4969085393186,1182.0946044921875,1182.0946044921875,42200,0.0,0.0
2008-05-29 00:00:00+09:00,1219.301295749763,1227.052734375,1219.301295749763,1227.052734375,42200,0.0,0.0
2008-05-30 00:00:00+09:00,1226.2777516886765,1276.662109375,1226.2777516886765,1276.662109375,42200,0.0,0.0
2008-06-02 00:00:00+09:00,1254.9579455878645,1272.7862548828125,1254.9579455878645,1272.7862548828125,42200,0.0,0.0
2008-06-03 00:00:00+09:00,1254.957719808806,1254.957719808806,1242.555419921875,1242.555419921875,42200,0.0,0.0
2008-06-04 00:00:00+09:00,1254.9579223707565,1265.8099365234375,1254.9579223707565,1265.8099365234375,42200,0.0,0.0
2008-06-05 00:00:00+09:00,1275.2706452458556,1278.9873046875,1275.2706452458556,1278.9873046875,42200,0.0,0.0
2008-06-06 00:00:00+09:00,1260.3841577493567,1261.1593017578125,1260.3841577493567,1261.1593017578125,42200,0.0,0.0
2008-06-09 00:00:00+09:00,1247.2062658072264,1247.2062658072264,1237.904541015625,1237.904541015625,42200,0.0,0.0
2008-06-10 00:00:00+09:00,1237.9045656425124,1244.880859375,1237.9045656425124,1244.880859375,42200,0.0,0.0
2008-06-11 00:00:00+09:00,1244.8808511506745,1244.8808511506745,1242.555419921875,1242.555419921875,42200,0.0,0.0
2008-06-12 00:00:00+09:00,1265.034821224909,1274.3365478515625,1265.034821224909,1274.3365478515625,42200,0.0,0.0
2008-06-13 00:00:00+09:00,1235.579386949243,1247.981689453125,1235.579386949243,1247.981689453125,42200,0.0,0.0
2008-06-16 00:00:00+09:00,1254.1824867272155,1254.1824867272155,1251.8570556640625,1251.8570556640625,42200,0.0,0.0
2008-06-17 00:00:00+09:00,1251.08231360785,1262.70947265625,1251.08231360785,1262.70947265625,42200,0.0,0.0
2008-06-18 00:00:00+09:00,1267.36033627561,1267.36033627561,1262.70947265625,1262.70947265625,42200,0.0,0.0
2008-06-19 00:00:00+09:00,1262.70947265625,1262.70947265625,1262.70947265625,1262.70947265625,42200,0.0,0.0
2008-06-20 00:00:00+09:00,1262.70947265625,1262.70947265625,1262.70947265625,1262.70947265625,42200,0.0,0.0
2008-06-23 00:00:00+09:00,1252.63260148097,1268.13548021217,1252.63260148097,1262.70947265625,26600,0.0,0.0
2008-06-24 00:00:00+09:00,1262.7094853563437,1266.585205078125,1262.7094853563437,1266.585205078125,26600,0.0,0.0
2008-06-25 00:00:00+09:00,1261.9340874233128,1263.484375,1261.9340874233128,1263.484375,26600,0.0,0.0
2008-06-26 00:00:00+09:00,1275.8868304123687,1275.8868304123687,1272.7862548828125,1272.7862548828125,26600,0.0,0.0
2008-06-27 00:00:00+09:00,1264.2594104638524,1267.3599853515625,1264.2594104638524,1267.3599853515625,26600,0.0,0.0
2008-06-30 00:00:00+09:00,1256.5083628252519,1313.0938720703125,1256.5083628252519,1313.0938720703125,26600,0.0,0.0
2008-07-01 00:00:00+09:00,1313.0935330816278,1320.844970703125,1313.0935330816278,1320.844970703125,26600,0.0,0.0
2008-07-02 00:00:00+09:00,1332.472282142906,1332.472282142906,1330.1468505859375,1330.1468505859375,26600,0.0,0.0
2008-07-03 00:00:00+09:00,1330.921954586112,1330.921954586112,1318.5196533203125,1318.5196533203125,26600,0.0,0.0
2008-07-04 00:00:00+09:00,1320.0700657773941,1320.0700657773941,1319.294921875,1319.294921875,26600,0.0,0.0
2008-07-07 00:00:00+09:00,1330.1470972148916,1330.9222412109375,1330.1470972148916,1330.9222412109375,26600,0.0,0.0
2008-07-08 00:00:00+09:00,1321.62046578523,1321.62046578523,1316.1944580078125,1316.1944580078125,26600,0.0,0.0
2008-07-09 00:00:00+09:00,1327.0464735626472,1327.0464735626472,1316.1944580078125,1316.1944580078125,26600,0.0,0.0
2008-07-10 00:00:00+09:00,1320.8452096797885,1320.8452096797885,1319.294921875,1319.294921875,26600,0.0,0.0
2008-07-11 00:00:00+09:00,1320.0701092625163,1332.472412109375,1320.0701092625163,1332.472412109375,26600,0.0,0.0
2008-07-14 00:00:00+09:00,1355.726804126591,1360.3776679486377,1327.0464772239702,1354.95166015625,26600,0.0,0.0
2008-07-15 00:00:00+09:00,1340.2239716677504,1340.2239716677504,1331.6973876953125,1331.6973876953125,26600,0.0,0.0
2008-07-16 00:00:00+09:00,1322.3956793898917,1337.8985595703125,1322.3956793898917,1337.8985595703125,26600,0.0,0.0
2008-07-17 00:00:00+09:00,1343.3242532876486,1353.401123046875,1343.3242532876486,1353.401123046875,26600,0.0,0.0
2008-07-18 00:00:00+09:00,1353.4011795070544,1353.4011795070544,1334.0225830078125,1334.0225830078125,26600,0.0,0.0
2008-07-22 00:00:00+09:00,1356.5016085784184,1363.4779025653932,1337.1230141701553,1362.7027587890625,61300,0.0,0.0
2008-07-23 00:00:00+09:00,1354.1763967663442,1355.7266845703125,1354.1763967663442,1355.7266845703125,61300,0.0,0.0
2008-07-24 00:00:00+09:00,1363.478066565891,1375.8803684789407,1355.726627870235,1375.105224609375,36200,0.0,0.0
2008-07-25 00:00:00+09:00,1358.052074505013,1358.052074505013,1343.3243408203125,1343.3243408203125,36200,0.0,0.0
2008-07-28 00:00:00+09:00,1348.750244140625,1348.750244140625,1348.750244140625,1348.750244140625,36200,0.0,0.0
2008-07-29 00:00:00+09:00,1326.2713895968304,1334.7979736328125,1326.2713895968304,1334.7979736328125,36200,0.0,0.0
2008-07-30 00:00:00+09:00,1337.8984928087457,1354.95166015625,1337.8984928087457,1354.95166015625,36200,0.0,0.0
2008-07-31 00:00:00+09:00,1354.9515561008725,1360.3775634765625,1354.9515561008725,1360.3775634765625,36200,0.0,0.0
2008-08-01 00:00:00+09:00,1358.0522046619658,1358.0522046619658,1233.2540283203125,1233.2540283203125,36200,0.0,0.0
2008-08-04 00:00:00+09:00,1238.6799342362413,1239.455078125,1238.6799342362413,1239.455078125,36200,0.0,0.0
2008-08-05 00:00:00+09:00,1275.111638052021,1294.490234375,1275.111638052021,1294.490234375,36200,0.0,0.0
2008-08-06 00:00:00+09:00,1299.1412232084424,1332.472412109375,1299.1412232084424,1332.472412109375,36200,0.0,0.0
2008-08-07 00:00:00+09:00,1314.6441700714076,1316.1944580078125,1314.6441700714076,1316.1944580078125,36200,0.0,0.0
2008-08-08 00:00:00+09:00,1310.7685693618334,1315.41943359375,1310.7685693618334,1315.41943359375,36200,0.0,0.0
2008-08-11 00:00:00+09:00,1320.0697940618998,1320.0697940618998,1311.543212890625,1311.543212890625,36200,0.0,0.0
2008-08-12 00:00:00+09:00,1316.194192486825,1316.194192486825,1309.9930419921875,1309.9930419921875,36200,0.0,0.0
2008-08-13 00:00:00+09:00,1309.2178304036458,1309.2178304036458,1290.6143798828125,1290.6143798828125,36200,0.0,0.0
2008-08-14 00:00:00+09:00,1288.2892637490502,1288.2892637490502,1275.11181640625,1275.11181640625,36200,0.0,0.0
2008-08-15 00:00:00+09:00,1292.1649303347565,1333.24755859375,1292.1649303347565,1333.24755859375,36200,0.0,0.0
2008-08-18 00:00:00+09:00,1343.3244865984957,1343.3244865984957,1313.0938720703125,1313.0938720703125,36200,0.0,0.0
2008-08-19 00:00:00+09:00,1274.3366825064431,1278.21240234375,1274.3366825064431,1278.21240234375,36200,0.0,0.0
2008-08-20 00:00:00+09:00,1261.077901885298,1261.934326171875,1261.077901885298,1261.934326171875,36200,0.0,0.0
2008-08-21 00:00:00+09:00,1279.7624431721215,1284.4133060788645,1268.135285905264,1277.43701171875,16800,0.0,0.0
2008-08-22 00:00:00+09:00,1275.1117431200469,1289.8394775390625,1275.1117431200469,1289.8394775390625,12100,0.0,0.0
2008-08-25 00:00:00+09:00,1290.614652064649,1299.1412353515625,1290.614652064649,1299.1412353515625,12100,0.0,0.0
2008-08-26 00:00:00+09:00,1304.5670931094162,1327.0462646484375,1304.5670931094162,1327.0462646484375,12100,0.0,0.0
2008-08-27 00:00:00+09:00,1307.6676397127378,1318.5196533203125,1307.6676397127378,1318.5196533203125,12100,0.0,0.0
2008-08-28 00:00:00+09:00,1309.2178142708792,1320.844970703125,1309.2178142708792,1320.844970703125,12100,0.0,0.0
2008-08-29 00:00:00+09:00,1346.4247993403278,1346.4247993403278,1344.87451171875,1344.87451171875,12100,0.0,0.0
2008-09-01 00:00:00+09:00,1316.9693092709497,1316.9693092709497,1299.9161457606724,1302.2415771484375,13700,0.0,0.0
2008-09-02 00:00:00+09:00,1318.5197945720527,1318.5197945720527,1287.5140380859375,1287.5140380859375,13700,0.0,0.0
2008-09-03 00:00:00+09:00,1315.4191370436886,1315.4191370436886,1299.916259765625,1299.916259765625,13700,0.0,0.0
2008-09-04 00:00:00+09:00,1300.6914923741267,1300.6914923741267,1289.8394775390625,1289.8394775390625,13700,0.0,0.0
2008-09-05 00:00:00+09:00,1280.5376631680456,1299.916259765625,1280.5376631680456,1299.916259765625,13700,0.0,0.0
2008-09-08 00:00:00+09:00,1357.277084499239,1357.277084499239,1352.626220703125,1352.626220703125,13700,0.0,0.0
2008-09-09 00:00:00+09:00,1352.625895066695,1364.2530517578125,1352.625895066695,1364.2530517578125,13700,0.0,0.0
2008-09-10 00:00:00+09:00,1376.655493951613,1383.6317886844759,1368.904055359543,1369.67919921875,28400,0.0,0.0
2008-09-11 00:00:00+09:00,1369.679395592731,1369.679395592731,1354.95166015625,1354.95166015625,28400,0.0,0.0
2008-09-12 00:00:00+09:00,1358.8273214565047,1374.3302001953125,1358.8273214565047,1374.3302001953125,28400,0.0,0.0
2008-09-16 00:00:00+09:00,1375.105136685095,1375.105136685095,1349.525390625,1349.525390625,28400,0.0,0.0
2008-09-17 00:00:00+09:00,1363.4781673167868,1368.9041748046875,1363.4781673167868,1368.9041748046875,28400,0.0,0.0
2008-09-18 00:00:00+09:00,1406.110964537061,1406.8861083984375,1406.110964537061,1406.8861083984375,28400,0.0,0.0
2008-09-19 00:00:00+09:00,1403.7854101693758,1441.7674560546875,1403.7854101693758,1441.7674560546875,28400,0.0,0.0
2008-09-22 00:00:00+09:00,1423.9391220835093,1434.0159912109375,1423.9391220835093,1434.0159912109375,28400,0.0,0.0
2008-09-24 00:00:00+09:00,1422.3891271907378,1449.5191650390625,1422.3891271907378,1449.5191650390625,28400,0.0,0.0
2008-09-25 00:00:00+09:00,1449.5193484684971,1472.1802978515625,1449.5193484684971,1472.1802978515625,28400,15.0,0.0
2008-09-26 00:00:00+09:00,1476.0873363046326,1476.0873363046326,1448.7379150390625,1448.7379150390625,28400,0.0,0.0
2008-09-29 00:00:00+09:00,1449.519059338332,1449.519059338332,1427.6395263671875,1427.6395263671875,28400,0.0,0.0
2008-09-30 00:00:00+09:00,1418.2626357692407,1438.579345703125,1418.2626357692407,1438.579345703125,28400,0.0,0.0
2008-10-01 00:00:00+09:00,1438.579345703125,1438.579345703125,1438.579345703125,1438.579345703125,28400,0.0,0.0
2008-10-02 00:00:00+09:00,1434.6720279555723,1434.6720279555723,1426.85791015625,1426.85791015625,28400,0.0,0.0
2008-10-03 00:00:00+09:00,1407.322671576606,1407.322671576606,1406.541259765625,1406.541259765625,28400,0.0,0.0
2008-10-06 00:00:00+09:00,1399.508866993201,1399.508866993201,1354.9683837890625,1354.9683837890625,28400,0.0,0.0
2008-10-07 00:00:00+09:00,1311.209146261926,1311.209146261926,1310.427734375,1310.427734375,28400,0.0,0.0
2008-10-08 00:00:00+09:00,1310.4278479849938,1310.4278479849938,1183.839111328125,1183.839111328125,28400,0.0,0.0
2008-10-09 00:00:00+09:00,1179.150567890932,1192.4345703125,1179.150567890932,1192.4345703125,28400,0.0,0.0
2008-10-10 00:00:00+09:00,1138.5171896340964,1138.5171896340964,1117.4190673828125,1117.4190673828125,28400,0.0,0.0
2008-10-14 00:00:00+09:00,1229.942240244165,1247.13330078125,1229.942240244165,1247.13330078125,28400,0.0,0.0
2008-10-15 00:00:00+09:00,1198.685686406401,1212.7510986328125,1198.685686406401,1212.7510986328125,28400,0.0,0.0
2008-10-16 00:00:00+09:00,1168.992229285283,1168.992229285283,1132.265869140625,1132.265869140625,28400,0.0,0.0
2008-10-17 00:00:00+09:00,1182.2763154765937,1182.2763154765937,1171.3365478515625,1171.3365478515625,28400,0.0,0.0
2008-10-20 00:00:00+09:00,1136.9545185460454,1147.894287109375,1136.9545185460454,1147.894287109375,28400,0.0,0.0
2008-10-21 00:00:00+09:00,1152.5825892140977,1152.5825892140977,1141.642822265625,1141.642822265625,28400,0.0,0.0
2008-10-22 00:00:00+09:00,1137.7353577302633,1137.7353577302633,1113.5115966796875,1113.5115966796875,28400,0.0,0.0
2008-10-23 00:00:00+09:00,1058.813058073433,1083.8182373046875,1058.813058073433,1083.8182373046875,28400,0.0,0.0
2008-10-24 00:00:00+09:00,1064.2830162921935,1064.2830162921935,1023.6495971679686,1023.6495971679688,28400,0.0,0.0
2008-10-27 00:00:00+09:00,1024.4311901696694,1024.4311901696694,1021.3055419921875,1021.3055419921875,28400,0.0,0.0
2008-10-28 00:00:00+09:00,1027.556709798177,1054.9061279296875,1027.556709798177,1054.9061279296875,28400,0.0,0.0
2008-10-29 00:00:00+09:00,1055.6875999301087,1115.8563232421875,1055.6875999301087,1115.8563232421875,28400,0.0,0.0
2008-10-30 00:00:00+09:00,1133.8287353515625,1133.8287353515625,1133.8287353515625,1133.8287353515625,28400,0.0,0.0
2008-10-31 00:00:00+09:00,1132.2658402106665,1216.6583251953125,1132.2658402106665,1216.6583251953125,28400,0.0,0.0
2008-11-04 00:00:00+09:00,1218.221156718326,1223.6910400390625,1218.221156718326,1223.6910400390625,91200,0.0,0.0
2008-11-05 00:00:00+09:00,1226.0354830763981,1315.116455078125,1226.0354830763981,1315.116455078125,91200,0.0,0.0
2008-11-06 00:00:00+09:00,1281.5154550589766,1281.5154550589766,1275.26416015625,1275.26416015625,91200,0.0,0.0
2008-11-07 00:00:00+09:00,1249.4775571326288,1249.4775571326288,1229.9422607421875,1229.9422607421875,91200,0.0,0.0
2008-11-10 00:00:00+09:00,1240.8820981345168,1269.7943384562907,1233.8493910292204,1257.291748046875,28600,0.0,0.0
2008-11-11 00:00:00+09:00,1237.7564428710937,1250.259033203125,1237.7564428710937,1250.259033203125,28600,0.0,0.0
2008-11-12 00:00:00+09:00,1243.2264780430353,1247.133537999173,1233.0681221570771,1240.100830078125,12500,0.0,0.0
2008-11-13 00:00:00+09:00,1217.4399280894886,1217.4399280894886,1203.37451171875,1203.37451171875,12500,0.0,0.0
2008-11-14 00:00:00+09:00,1204.1557218994458,1204.9371337890625,1204.1557218994458,1204.9371337890625,12500,0.0,0.0
2008-11-17 00:00:00+09:00,1233.849365234375,1233.849365234375,1233.849365234375,1233.849365234375,12500,0.0,0.0
2008-11-18 00:00:00+09:00,1230.7233027331317,1230.7233027331317,1227.59765625,1227.59765625,12500,0.0,0.0
2008-11-19 00:00:00+09:00,1233.0676430452565,1244.788818359375,1233.0676430452565,1244.788818359375,12500,0.0,0.0
2008-11-20 00:00:00+09:00,1246.351966635695,1246.351966635695,1207.2813720703125,1207.2813720703125,12500,0.0,0.0
2008-11-21 00:00:00+09:00,1208.0627600628397,1222.128173828125,1208.0627600628397,1222.128173828125,12500,0.0,0.0
2008-11-25 00:00:00+09:00,1224.4720097668683,1227.59765625,1224.4720097668683,1227.59765625,22500,0.0,0.0
2008-11-26 00:00:00+09:00,1236.9750449847386,1236.9750449847386,1226.0352783203125,1226.0352783203125,22500,0.0,0.0
2008-11-27 00:00:00+09:00,1219.7838532276642,1219.7838532276642,1219.00244140625,1219.00244140625,22500,0.0,0.0
2008-11-28 00:00:00+09:00,1219.783969268799,1250.259033203125,1219.783969268799,1250.259033203125,22500,0.0,0.0
2008-12-01 00:00:00+09:00,1250.259067357513,1250.259067357513,1206.5,1206.5,22500,0.0,0.0
2008-12-02 00:00:00+09:00,1165.8667596281186,1165.8667596281186,1143.205810546875,1143.205810546875,22500,0.0,0.0
2008-12-03 00:00:00+09:00,1153.3643035477385,1159.6156005859375,1153.3643035477385,1159.6156005859375,22500,0.0,0.0
2008-12-04 00:00:00+09:00,1186.1830446780602,1186.1830446780602,1170.5548095703125,1170.5548095703125,22500,0.0,0.0
2008-12-05 00:00:00+09:00,1171.33643097228,1176.02490234375,1171.33643097228,1176.02490234375,22500,0.0,0.0
2008-12-08 00:00:00+09:00,1186.1833506979,1226.8167724609375,1186.1833506979,1226.8167724609375,22500,0.0,0.0
2008-12-09 00:00:00+09:00,1230.7234502810297,1246.3516845703125,1230.7234502810297,1246.3516845703125,22500,0.0,0.0
2008-12-10 00:00:00+09:00,1247.13330078125,1247.13330078125,1247.13330078125,1247.13330078125,22500,0.0,0.0
2008-12-11 00:00:00+09:00,1248.6960257824558,1265.8870849609375,1248.6960257824558,1265.8870849609375,22500,0.0,0.0
2008-12-12 00:00:00+09:00,1266.668345612396,1266.668345612396,1244.788818359375,1244.788818359375,22500,0.0,0.0
2008-12-15 00:00:00+09:00,1260.4175557644567,1260.4175557644567,1254.166259765625,1254.166259765625,22500,0.0,0.0
2008-12-16 00:00:00+09:00,1238.5379337697511,1248.6962890625,1238.5379337697511,1248.6962890625,12000,0.0,0.0
2008-12-17 00:00:00+09:00,1246.3829118488743,1261.9798583984375,1246.3829118488743,1261.9798583984375,21700,0.0,0.0
2008-12-18 00:00:00+09:00,1267.4498657679233,1267.4498657679233,1264.32421875,1264.32421875,21000,0.0,0.0
2008-12-19 00:00:00+09:00,1265.1058708960677,1265.1058708960677,1223.6910400390625,1223.6910400390625,7800,0.0,0.0
2008-12-22 00:00:00+09:00,1223.6912682766795,1295.5811767578125,1223.6912682766795,1295.5811767578125,21300,0.0,0.0
2008-12-24 00:00:00+09:00,1297.143556194541,1297.143556194541,1265.8870849609375,1265.8870849609375,7000,0.0,0.0
2008-12-25 00:00:00+09:00,1265.8869774319162,1266.6683891463804,1240.8818025690634,1246.3516845703125,5200,0.0,0.0
2008-12-26 00:00:00+09:00,1269.0128810054941,1273.701352240736,1247.9147604469051,1253.3846435546875,9100,0.0,0.0
2008-12-29 00:00:00+09:00,1275.2640695382881,1301.8320709870027,1246.3518326676285,1301.0506591796875,18100,0.0,0.0
2008-12-30 00:00:00+09:00,1300.2693824404762,1312.77197265625,1261.9801999046688,1312.77197265625,12900,0.0,0.0
2009-01-05 00:00:00+09:00,1328.4001354922616,1328.4001354922616,1319.023193359375,1319.023193359375,2900,0.0,0.0
2009-01-06 00:00:00+09:00,1318.241918530302,1333.0887451171875,1318.241918530302,1333.0887451171875,16200,0.0,0.0
2009-01-07 00:00:00+09:00,1367.4710271560355,1367.4710271560355,1365.908203125,1365.908203125,24100,0.0,0.0
2009-01-08 00:00:00+09:00,1317.4604762642684,1317.4604762642684,1304.9578857421875,1304.9578857421875,11300,0.0,0.0
2009-01-09 00:00:00+09:00,1267.449993716085,1269.0128173828125,1267.449993716085,1269.0128173828125,17900,0.0,0.0
2009-01-13 00:00:00+09:00,1226.816664033311,1226.816664033311,1202.5928955078125,1202.5928955078125,37400,0.0,0.0
2009-01-14 00:00:00+09:00,1202.5927511075647,1217.4395751953125,1202.5927511075647,1217.4395751953125,27300,0.0,0.0
2009-01-15 00:00:00+09:00,1212.7512798984271,1212.7512798984271,1192.4345703125,1192.4345703125,42700,0.0,0.0
2009-01-16 00:00:00+09:00,1211.9697880629815,1229.9422607421875,1211.9697880629815,1229.9422607421875,35900,0.0,0.0
2009-01-19 00:00:00+09:00,1234.6303608370465,1236.9745956993952,1225.253421387651,1227.59765625,6100,0.0,0.0
2009-01-20 00:00:00+09:00,1235.4124045632102,1235.4124045632102,1203.37451171875,1203.37451171875,8200,0.0,0.0
2009-01-21 00:00:00+09:00,1201.8116764856557,1201.8116764856557,1191.6533203125,1191.6533203125,60900,0.0,0.0
2009-01-22 00:00:00+09:00,1192.4342896305657,1195.5599365234375,1192.4342896305657,1195.5599365234375,22700,0.0,0.0
2009-01-23 00:00:00+09:00,1195.5602906482054,1195.5602906482054,1183.839111328125,1183.839111328125,42600,0.0,0.0
2009-01-26 00:00:00+09:00,1184.6204834764378,1222.90966796875,1184.6204834764378,1222.90966796875,17300,0.0,0.0
2009-01-27 00:00:00+09:00,1210.4069600347545,1261.19873046875,1210.4069600347545,1261.19873046875,13500,0.0,0.0
2009-01-28 00:00:00+09:00,1261.9802621129047,1297.143798828125,1261.9802621129047,1297.143798828125,24700,0.0,0.0
2009-01-29 00:00:00+09:00,1297.9256243337636,1305.73974609375,1297.9256243337636,1305.73974609375,15500,0.0,0.0
2009-01-30 00:00:00+09:00,1306.5207189126609,1306.5207189126609,1276.045654296875,1276.045654296875,31100,0.0,0.0
2009-02-02 00:00:00+09:00,1276.0455720190907,1276.0455720190907,1275.26416015625,1275.26416015625,13200,0.0,0.0
2009-02-03 00:00:00+09:00,1275.2645120460893,1275.2645120460893,1258.8548583984375,1258.8548583984375,12300,0.0,0.0
2009-02-04 00:00:00+09:00,1283.8595328407673,1311.9903564453125,1267.449885738116,1311.9903564453125,17900,0.0,0.0
2009-02-05 00:00:00+09:00,1291.6739153390909,1297.143798828125,1291.6739153390909,1297.143798828125,21200,0.0,0.0
2009-02-06 00:00:00+09:00,1297.9249546088063,1297.9249546088063,1287.7666015625,1287.7666015625,26900,0.0,0.0
2009-02-09 00:00:00+09:00,1281.5153205777392,1281.5153205777392,1265.8870849609375,1265.8870849609375,25300,0.0,0.0
2009-02-10 00:00:00+09:00,1223.6910204272774,1283.8597359910707,1219.0025490846442,1279.1712646484375,25900,0.0,0.0
2009-02-12 00:00:00+09:00,1247.1335167518027,1259.6361083984375,1247.1335167518027,1259.6361083984375,14600,0.0,0.0
2009-02-13 00:00:00+09:00,1233.0680032982016,1242.4449462890625,1233.0680032982016,1242.4449462890625,45500,0.0,0.0
2009-02-16 00:00:00+09:00,1242.4450797678153,1254.166259765625,1242.4450797678153,1254.166259765625,31200,0.0,0.0
2009-02-17 00:00:00+09:00,1236.9751399380175,1238.5379638671875,1236.9751399380175,1238.5379638671875,24500,0.0,0.0
2009-02-18 00:00:00+09:00,1240.100881086894,1251.0406494140625,1240.100881086894,1251.0406494140625,38400,0.0,0.0
2009-02-19 00:00:00+09:00,1240.100430324655,1245.5703125,1240.100430324655,1245.5703125,18300,0.0,0.0
2009-02-20 00:00:00+09:00,1242.4450236901123,1245.5706715484523,1219.784076717148,1238.5379638671875,29500,0.0,0.0
2009-02-23 00:00:00+09:00,1244.0076697064746,1261.19873046875,1244.0076697064746,1261.19873046875,17400,0.0,0.0
2009-02-24 00:00:00+09:00,1246.3516248578997,1261.9798583984375,1246.3516248578997,1261.9798583984375,10200,0.0,0.0
2009-02-25 00:00:00+09:00,1301.05104699599,1324.493408203125,1301.05104699599,1324.493408203125,24400,0.0,0.0
2009-02-26 00:00:00+09:00,1324.4931929168422,1324.4931929168422,1276.045654296875,1276.045654296875,31700,0.0,0.0
2009-02-27 00:00:00+09:00,1263.5428762943786,1320.5859375,1263.5428762943786,1320.5859375,19900,0.0,0.0
2009-03-02 00:00:00+09:00,1320.585787022465,1320.585787022465,1299.4876708984375,1299.4876708984375,5700,0.0,0.0
2009-03-03 00:00:00+09:00,1319.8049118097078,1319.8049118097078,1298.706787109375,1298.706787109375,8800,0.0,0.0
2009-03-04 00:00:00+09:00,1298.7068521368133,1326.0562744140625,1298.7068521368133,1326.0562744140625,19600,0.0,0.0
2009-03-05 00:00:00+09:00,1357.3122751486198,1357.3122751486198,1340.1212158203125,1340.1212158203125,19100,0.0,0.0
2009-03-06 00:00:00+09:00,1324.4931509835378,1324.4931509835378,1312.77197265625,1312.77197265625,15300,0.0,0.0
2009-03-09 00:00:00+09:00,1313.5533845447358,1313.5533845447358,1312.77197265625,1312.77197265625,8300,0.0,0.0
2009-03-10 00:00:00+09:00,1291.6740875791052,1308.083740234375,1291.6740875791052,1308.083740234375,8800,0.0,0.0
2009-03-11 00:00:00+09:00,1296.3623393430548,1296.3623393430548,1290.8924560546875,1290.8924560546875,21300,0.0,0.0
2009-03-12 00:00:00+09:00,1269.0125270228536,1269.0125270228536,1265.10546875,1265.10546875,20200,0.0,0.0
2009-03-13 00:00:00+09:00,1226.816784398413,1238.5379638671875,1226.816784398413,1238.5379638671875,46900,0.0,0.0
2009-03-16 00:00:00+09:00,1229.1608569783195,1236.9749755859375,1229.1608569783195,1236.9749755859375,34700,0.0,0.0
2009-03-17 00:00:00+09:00,1265.8870849609375,1265.8870849609375,1265.8870849609375,1265.8870849609375,33700,0.0,0.0
2009-03-18 00:00:00+09:00,1256.5102428923872,1256.5102428923872,1247.13330078125,1247.13330078125,33100,0.0,0.0
2009-03-19 00:00:00+09:00,1247.133148155355,1254.947265625,1247.133148155355,1254.947265625,37200,0.0,0.0
2009-03-23 00:00:00+09:00,1254.1658953324106,1287.7666015625,1254.1658953324106,1287.7666015625,17600,0.0,0.0
2009-03-24 00:00:00+09:00,1278.3899223656174,1306.520751953125,1278.3899223656174,1306.520751953125,19400,0.0,0.0
2009-03-25 00:00:00+09:00,1316.6793296332914,1326.0562744140625,1316.6793296332914,1326.0562744140625,33100,0.0,0.0
2009-03-26 00:00:00+09:00,1349.6374600510285,1349.6374600510285,1329.2003173828125,1329.2003173828125,17400,10.0,0.0
2009-03-27 00:00:00+09:00,1334.702413091716,1334.702413091716,1328.4140625,1328.4140625,14000,0.0,0.0
2009-03-30 00:00:00+09:00,1331.5584453682359,1331.5584453682359,1294.6143798828125,1294.6143798828125,19100,0.0,0.0
2009-03-31 00:00:00+09:00,1296.1860175679462,1296.1860175679462,1282.0372314453125,1282.0372314453125,9000,0.0,0.0
2009-04-01 00:00:00+09:00,1322.9119209448024,1324.4840087890625,1322.9119209448024,1324.4840087890625,9500,0.0,0.0
2009-04-02 00:00:00+09:00,1325.2701039033777,1389.7257080078125,1325.2701039033777,1389.7257080078125,18600,0.0,0.0
2009-04-03 00:00:00+09:00,1336.274737792686,1357.4979248046875,1336.274737792686,1357.4979248046875,10000,0.0,0.0
2009-04-06 00:00:00+09:00,1342.5628076603982,1342.5628076603982,1332.34423828125,1332.34423828125,9700,0.0,0.0
2009-04-07 00:00:00+09:00,1333.1303949123476,1333.1303949123476,1289.1119384765625,1289.1119384765625,18400,0.0,0.0
2009-04-08 00:00:00+09:00,1265.530358886719,1269.4605773925782,1256.8838781738282,1257.669921875,19700,0.0,0.0
2009-04-09 00:00:00+09:00,1279.679323746854,1288.3258056640625,1279.679323746854,1288.3258056640625,17300,0.0,0.0
2009-04-10 00:00:00+09:00,1273.3910593275207,1280.4654541015625,1273.3910593275207,1280.4654541015625,14500,0.0,0.0
2009-04-13 00:00:00+09:00,1296.9723522003287,1296.9723522003287,1278.1072998046875,1278.1072998046875,7700,0.0,0.0
2009-04-14 00:00:00+09:00,1274.9630662004029,1274.9630662004029,1267.888671875,1267.888671875,14900,0.0,0.0
2009-04-15 00:00:00+09:00,1270.2466149864551,1279.6791393551664,1267.1024401968848,1269.4605712890625,14500,0.0,0.0
2009-04-16 00:00:00+09:00,1315.8372969090308,1315.8372969090308,1263.17236328125,1263.17236328125,29900,0.0,0.0
2009-04-17 00:00:00+09:00,1264.7444839572552,1264.7444839572552,1262.3863525390625,1262.3863525390625,8800,0.0,0.0
2009-04-20 00:00:00+09:00,1274.9632802650806,1285.9678955078125,1274.9632802650806,1285.9678955078125,8900,0.0,0.0
2009-04-21 00:00:00+09:00,1253.7398681640625,1253.7398681640625,1253.7398681640625,1253.7398681640625,20200,0.0,0.0
2009-04-22 00:00:00+09:00,1245.879266357422,1257.669921875,1245.879266357422,1257.669921875,12700,0.0,0.0
2009-04-23 00:00:00+09:00,1250.5956954481,1262.3863525390625,1250.5956954481,1262.3863525390625,14800,0.0,0.0
2009-04-24 00:00:00+09:00,1260.8143037647442,1260.8143037647442,1241.1632080078125,1241.1632080078125,16600,0.0,0.0
2009-04-27 00:00:00+09:00,1274.1768334734181,1274.9628771708108,1251.3815662490326,1269.4605712890625,20900,0.0,0.0
2009-04-28 00:00:00+09:00,1277.3211161295571,1277.3211161295571,1226.228271484375,1226.228271484375,14600,0.0,0.0
2009-04-30 00:00:00+09:00,1289.111720682591,1289.111720682591,1264.7443649867616,1271.03271484375,15600,0.0,0.0
2009-05-01 00:00:00+09:00,1249.0234739149712,1256.8839111328125,1249.0234739149712,1256.8839111328125,5500,0.0,0.0
2009-05-07 00:00:00+09:00,1288.3256935236286,1288.3256935236286,1285.1815185546875,1285.1815185546875,8400,0.0,0.0
2009-05-08 00:00:00+09:00,1286.7539950826083,1287.5400390625,1286.7539950826083,1287.5400390625,4900,0.0,0.0
2009-05-11 00:00:00+09:00,1288.3260934280893,1288.3260934280893,1275.7493896484375,1275.7493896484375,9100,0.0,0.0
2009-05-12 00:00:00+09:00,1275.749170571679,1275.749170571679,1240.377197265625,1240.377197265625,20300,0.0,0.0
2009-05-13 00:00:00+09:00,1238.8052854721598,1238.8052854721598,1224.656494140625,1224.656494140625,13800,0.0,0.0
2009-05-14 00:00:00+09:00,1210.5073405910996,1210.5073405910996,1195.572509765625,1195.572509765625,14600,0.0,0.0
2009-05-15 00:00:00+09:00,1244.307550799734,1245.879638671875,1244.307550799734,1245.879638671875,11600,0.0,0.0
2009-05-18 00:00:00+09:00,1210.5075124832372,1210.5075124832372,1208.9354248046875,1208.9354248046875,13400,0.0,0.0
2009-05-19 00:00:00+09:00,1215.2238144406847,1234.0888671875,1214.437770576234,1234.0888671875,7500,0.0,0.0
2009-05-20 00:00:00+09:00,1234.8749474430144,1250.5958251953125,1234.8749474430144,1250.5958251953125,8900,0.0,0.0
2009-05-21 00:00:00+09:00,1217.581678532696,1223.083984375,1217.581678532696,1223.083984375,12200,0.0,0.0
2009-05-22 00:00:00+09:00,1218.3679382603282,1218.3679382603282,1203.43310546875,1203.43310546875,14900,0.0,0.0
2009-05-25 00:00:00+09:00,1206.5772705078125,1206.5772705078125,1206.5772705078125,1206.5772705078125,6600,0.0,0.0
2009-05-26 00:00:00+09:00,1222.2980698790357,1222.2980698790357,1211.29345703125,1211.29345703125,10300,0.0,0.0
2009-05-27 00:00:00+09:00,1220.7259823293518,1220.7259823293518,1211.29345703125,1211.29345703125,8700,0.0,0.0
2009-05-28 00:00:00+09:00,1212.0794122728578,1239.5909423828125,1212.0794122728578,1239.5909423828125,13800,0.0,0.0
2009-05-29 00:00:00+09:00,1195.572509765625,1195.572509765625,1195.572509765625,1195.572509765625,20900,0.0,0.0
2009-06-01 00:00:00+09:00,1208.9354351496293,1211.2935666876324,1205.005215919624,1205.791259765625,10700,0.0,0.0
2009-06-02 00:00:00+09:00,1206.5775050298284,1227.0146484375,1206.5775050298284,1227.0146484375,15400,0.0,0.0
2009-06-03 00:00:00+09:00,1229.372779737903,1229.372779737903,1218.3681640625,1218.3681640625,9200,0.0,0.0
2009-06-04 00:00:00+09:00,1231.7307564983296,1231.7307564983296,1227.800537109375,1227.800537109375,10200,0.0,0.0
2009-06-05 00:00:00+09:00,1235.6609011958715,1241.1632080078125,1235.6609011958715,1241.1632080078125,9800,0.0,0.0
2009-06-08 00:00:00+09:00,1257.6701640182505,1257.6701640182505,1249.023681640625,1249.023681640625,18900,0.0,0.0
2009-06-09 00:00:00+09:00,1267.1027590640645,1267.1027590640645,1256.09814453125,1256.09814453125,11000,0.0,0.0
2009-06-10 00:00:00+09:00,1261.6003338849105,1273.3909912109375,1261.6003338849105,1273.3909912109375,16100,0.0,0.0
2009-06-11 00:00:00+09:00,1263.9585834832603,1271.0329785400697,1255.312100636049,1256.09814453125,9400,0.0,0.0
2009-06-12 00:00:00+09:00,1282.0372704473443,1282.0372704473443,1261.6001343151365,1269.4605712890625,34100,0.0,0.0
2009-06-15 00:00:00+09:00,1266.3164722544573,1276.5350409318676,1259.2420785547117,1264.744384765625,23000,0.0,0.0
2009-06-16 00:00:00+09:00,1217.5818072299846,1234.088726501663,1204.2190630576736,1211.29345703125,20700,0.0,0.0
2009-06-17 00:00:00+09:00,1212.079372690392,1231.7304649843347,1212.079372690392,1223.083984375,8700,0.0,0.0
2009-06-18 00:00:00+09:00,1216.009479168764,1219.939697265625,1208.1490429750422,1219.939697265625,10200,0.0,0.0
2009-06-19 00:00:00+09:00,1215.2238193021751,1216.0098631697701,1197.9308542150807,1205.0052490234375,12100,0.0,0.0
2009-06-22 00:00:00+09:00,1207.3635019710907,1219.154161170027,1196.35888671875,1196.35888671875,11500,0.0,0.0
2009-06-23 00:00:00+09:00,1195.5728535407145,1199.503073309093,1189.284501911309,1193.2147216796875,12700,0.0,0.0
2009-06-24 00:00:00+09:00,1200.2890956973654,1208.149535092895,1197.9309638787065,1199.5030517578125,8100,0.0,0.0
2009-06-25 00:00:00+09:00,1211.2935886622072,1266.3166588804775,1211.2935886622072,1254.5260009765625,19800,0.0,0.0
2009-06-26 00:00:00+09:00,1265.5305712555141,1267.1026589216701,1254.5259575924226,1258.4561767578125,7700,0.0,0.0
2009-06-29 00:00:00+09:00,1258.4562640714616,1273.3910979361447,1234.0889035553996,1250.5958251953125,13100,0.0,0.0
2009-06-30 00:00:00+09:00,1255.3119992046236,1268.6747443433078,1245.879473224376,1249.8096923828125,17700,0.0,0.0
2009-07-01 00:00:00+09:00,1227.0144537703056,1261.6003832808074,1227.0144537703056,1249.023681640625,15700,0.0,0.0
2009-07-02 00:00:00+09:00,1249.0238914489746,1249.0238914489746,1231.730923788888,1232.5169677734375,15700,0.0,0.0
2009-07-03 00:00:00+09:00,1218.3678338466545,1227.800359011919,1204.2190460987579,1226.228271484375,19500,0.0,0.0
2009-07-06 00:00:00+09:00,1226.2281787487889,1227.800266157441,1206.5770861406352,1216.795654296875,6000,0.0,0.0
2009-07-07 00:00:00+09:00,1218.368153222279,1244.3076042263663,1218.368153222279,1221.5123291015625,9000,0.0,0.0
2009-07-08 00:00:00+09:00,1215.2239650090537,1226.2285804748535,1206.5774814287822,1207.363525390625,16900,0.0,0.0
2009-07-09 00:00:00+09:00,1203.4332822381118,1216.79602933024,1194.7867988255584,1196.35888671875,19400,0.0,0.0
2009-07-10 00:00:00+09:00,1219.1539903303565,1219.1539903303565,1188.4982807088968,1191.6424560546875,15500,0.0,0.0
2009-07-13 00:00:00+09:00,1188.49831843602,1191.6424938816178,1161.7728271484375,1161.7728271484375,21200,0.0,0.0
2009-07-14 00:00:00+09:00,1162.559093285377,1168.0614013671875,1147.62425706332,1168.0614013671875,15700,0.0,0.0
2009-07-15 00:00:00+09:00,1146.837893282313,1165.702944302721,1143.693718112245,1155.484375,13100,0.0,0.0
2009-07-16 00:00:00+09:00,1150.7683545557745,1163.3450578842528,1144.4800028915352,1146.838134765625,16500,0.0,0.0
2009-07-17 00:00:00+09:00,1139.7635971516595,1153.1263427734375,1134.2612901309274,1153.1263427734375,14300,0.0,0.0
2009-07-21 00:00:00+09:00,1158.6287772821534,1201.0751503983245,1158.6287772821534,1196.35888671875,11400,0.0,0.0
2009-07-22 00:00:00+09:00,1194.7866823251609,1231.7307442128467,1151.5542694778687,1222.2982177734375,25600,0.0,0.0
2009-07-23 00:00:00+09:00,1222.29816836036,1262.3864041072272,1222.29816836036,1246.66552734375,19300,0.0,0.0
2009-07-24 00:00:00+09:00,1252.1680803441288,1263.958740234375,1214.4379686953416,1263.958740234375,15000,0.0,0.0
2009-07-27 00:00:00+09:00,1263.1726732816421,1271.819157043993,1246.6657497353358,1252.9541015625,6700,0.0,0.0
2009-07-28 00:00:00+09:00,1229.3727453454749,1249.809888170911,1210.5076904296875,1210.5076904296875,8500,0.0,0.0
2009-07-29 00:00:00+09:00,1223.8704199862839,1257.6703095555904,1223.8704199862839,1251.3819580078125,8600,0.0,0.0
2009-07-30 00:00:00+09:00,1227.8005162718948,1254.5260076632164,1223.8702969496417,1234.0888671875,4500,0.0,0.0
2009-07-31 00:00:00+09:00,1256.8841181417836,1258.4562058442748,1234.08884645566,1240.377197265625,15000,0.0,0.0
2009-08-03 00:00:00+09:00,1256.8840230750204,1260.8142420339793,1234.8747969048513,1260.0281982421875,5400,0.0,0.0
2009-08-04 00:00:00+09:00,1267.8889371520154,1267.8889371520154,1234.089046081007,1252.9541015625,8000,0.0,0.0
2009-08-05 00:00:00+09:00,1252.9540783845925,1269.461001625544,1230.1588034328026,1241.949462890625,12900,0.0,0.0
2009-08-06 00:00:00+09:00,1242.7353059895834,1244.3073936631945,1238.01904296875,1238.01904296875,3700,0.0,0.0
2009-08-07 00:00:00+09:00,1238.8049055317776,1256.8839111328125,1219.1538124871745,1256.8839111328125,15600,0.0,0.0
2009-08-10 00:00:00+09:00,1273.3913688303153,1273.3913688303153,1244.307738801475,1261.6007080078125,7300,0.0,0.0
2009-08-11 00:00:00+09:00,1241.9491456759745,1263.9583710423842,1232.5166205189419,1255.3118896484375,11000,0.0,0.0
2009-08-12 00:00:00+09:00,1231.7304883250981,1238.0188379783215,1202.6468711789407,1225.442138671875,10700,0.0,0.0
2009-08-13 00:00:00+09:00,1227.8006397036452,1258.4563534990627,1223.0843760428118,1251.3819580078125,7100,0.0,0.0
2009-08-14 00:00:00+09:00,1240.3771360018727,1270.2468008739077,1240.3771360018727,1259.2421875,10700,0.0,0.0
2009-08-17 00:00:00+09:00,1235.6607996250398,1244.3072810473525,1218.3678367804146,1234.874755859375,9500,0.0,0.0
2009-08-18 00:00:00+09:00,1211.2935177934055,1236.4469198501147,1211.2935177934055,1230.1585693359375,2700,0.0,0.0
2009-08-19 00:00:00+09:00,1230.1583009042429,1249.0233483302504,1228.5862136187422,1248.2373046875,6000,0.0,0.0
2009-08-20 00:00:00+09:00,1247.4514875714647,1271.0328011361426,1243.5212686440184,1263.17236328125,17800,0.0,0.0
2009-08-21 00:00:00+09:00,1257.6701640182505,1257.6701640182505,1234.0888484429083,1249.023681640625,5900,0.0,0.0
2009-08-24 00:00:00+09:00,1267.102905799927,1281.2516975520352,1260.0285099238727,1275.7493896484375,12300,0.0,0.0
2009-08-25 00:00:00+09:00,1274.177412885149,1285.1820296528183,1255.3123555691443,1261.6007080078125,21500,0.0,0.0
2009-08-26 00:00:00+09:00,1262.3863474527993,1285.9676615397134,1258.4561284383137,1282.823486328125,12300,0.0,0.0
2009-08-27 00:00:00+09:00,1261.6003087329984,1267.8886591815117,1249.8096516420358,1262.3863525390625,9800,0.0,0.0
2009-08-28 00:00:00+09:00,1255.3120281599545,1281.251475203961,1251.3818089108627,1278.1072998046875,18400,0.0,0.0
2009-08-31 00:00:00+09:00,1278.1073329326923,1298.5444735576923,1259.242280048077,1277.3212890625,9700,0.0,0.0
2009-09-02 00:00:00+09:00,1260.028472469462,1260.028472469462,1222.2983622520358,1224.656494140625,30500,0.0,0.0
2009-09-03 00:00:00+09:00,1224.6565152391977,1226.2286031920078,1209.7216796875,1209.7216796875,16100,0.0,0.0
2009-09-04 00:00:00+09:00,1208.9354579233084,1218.3679842530091,1204.219194758458,1208.1494140625,13600,0.0,0.0
2009-09-07 00:00:00+09:00,1220.7262751018263,1233.302978515625,1219.940231138464,1233.302978515625,7600,0.0,0.0
2009-09-08 00:00:00+09:00,1222.2981311932158,1232.516700778754,1207.3632987220446,1230.1585693359375,28700,0.0,0.0
2009-09-09 00:00:00+09:00,1230.9446290652993,1230.9446290652993,1206.5772705078125,1206.5772705078125,5000,0.0,0.0
2009-09-10 00:00:00+09:00,1249.8097933696417,1256.09814453125,1222.2982570376057,1256.09814453125,20700,0.0,0.0
2009-09-11 00:00:00+09:00,1255.3122433253698,1255.3122433253698,1228.5867478506907,1232.5169677734375,24500,0.0,0.0
2009-09-14 00:00:00+09:00,1219.9398787733146,1232.516578554483,1163.3447297580578,1201.0748291015625,21100,0.0,0.0
2009-09-15 00:00:00+09:00,1201.0753062275621,1204.219482421875,1173.5637645273234,1204.219482421875,14700,0.0,0.0
2009-09-16 00:00:00+09:00,1205.7910782251602,1219.9398653229782,1183.7818538507765,1195.572509765625,10500,0.0,0.0
2009-09-17 00:00:00+09:00,1183.7821959656555,1215.2239541586343,1183.7821959656555,1210.5076904296875,7300,0.0,0.0
2009-09-18 00:00:00+09:00,1209.7216338108778,1209.7216338108778,1175.1357001606643,1196.35888671875,15800,0.0,0.0
2009-09-21 00:00:00+09:00,1196.35888671875,1196.35888671875,1196.35888671875,1196.35888671875,0,0.0,0.0
2009-09-24 00:00:00+09:00,1172.7773820288387,1273.3909912109375,1172.7773820288387,1273.3909912109375,26200,0.0,0.0
2009-09-25 00:00:00+09:00,1281.3005840891167,1281.3005840891167,1203.7898080145899,1253.6181640625,24200,10.0,0.0
2009-09-28 00:00:00+09:00,1229.8900084258476,1263.8998285945368,1229.8900084258476,1256.781494140625,9900,0.0,0.0
2009-09-29 00:00:00+09:00,1235.4267166809589,1249.663388192007,1226.7265285353183,1239.38134765625,5100,0.0,0.0
2009-09-30 00:00:00+09:00,1239.381169706546,1273.3909912109375,1239.381169706546,1273.3909912109375,9100,0.0,0.0
2009-10-01 00:00:00+09:00,1273.391321224369,1273.391321224369,1222.7720388899843,1253.6181640625,8500,0.0,0.0
2009-10-02 00:00:00+09:00,1230.6809239744832,1230.6809239744832,1196.671104096011,1224.353515625,10400,0.0,0.0
2009-10-05 00:00:00+09:00,1223.5623168945312,1224.3532427619486,1200.6254667394303,1210.1165771484375,8700,0.0,0.0
2009-10-06 00:00:00+09:00,1198.2528987513267,1217.2351228899618,1192.7164167108917,1210.90771484375,11800,0.0,0.0
2009-10-07 00:00:00+09:00,1210.90775843474,1249.6631341129257,1210.90775843474,1242.5447998046875,11400,0.0,0.0
2009-10-08 00:00:00+09:00,1221.9809740273768,1255.9908004889803,1215.653564453125,1215.653564453125,11600,0.0,0.0
2009-10-09 00:00:00+09:00,1216.4442406744809,1242.5447998046875,1204.5803501607504,1242.5447998046875,9700,0.0,0.0
2009-10-13 00:00:00+09:00,1251.2448751871184,1269.436172361141,1222.7715404799526,1263.1087646484375,13100,0.0,0.0
2009-10-14 00:00:00+09:00,1263.8999847586717,1263.8999847586717,1224.3536773507033,1244.1268310546875,13400,0.0,0.0
2009-10-15 00:00:00+09:00,1244.9175557887302,1271.8090404753991,1244.9175557887302,1263.8997802734375,9800,0.0,0.0
2009-10-16 00:00:00+09:00,1247.2905268070087,1259.1544189453125,1238.5903392389193,1259.1544189453125,6900,0.0,0.0
2009-10-19 00:00:00+09:00,1257.572574951787,1278.9275809415342,1237.0084951098079,1255.99072265625,9300,0.0,0.0
2009-10-20 00:00:00+09:00,1256.7818253656785,1280.5096131321798,1256.7818253656785,1269.4366455078125,6000,0.0,0.0
2009-10-21 00:00:00+09:00,1252.036139109477,1278.9276291472042,1252.036139109477,1272.6002197265625,8900,0.0,0.0
2009-10-22 00:00:00+09:00,1254.4085844980295,1254.4085844980295,1223.5624717644714,1248.0811767578125,13800,0.0,0.0
2009-10-23 00:00:00+09:00,1250.4542888812887,1267.8546648176507,1248.081510344512,1248.8724365234375,16400,0.0,0.0
2009-10-26 00:00:00+09:00,1248.872121810913,1281.3000869750977,1240.1719360351562,1265.4815673828125,21300,0.0,0.0
2009-10-27 00:00:00+09:00,1257.5725932459677,1273.3911164314516,1215.6535068044354,1225.935546875,22300,0.0,0.0
2009-10-28 00:00:00+09:00,1242.544713973999,1272.5999011993408,1242.544713973999,1265.4815673828125,23600,0.0,0.0
2009-10-29 00:00:00+09:00,1262.3181229824597,1275.7638674001926,1237.7994125736525,1271.018310546875,32400,0.0,0.0
2009-10-30 00:00:00+09:00,1271.809074155746,1281.3001866494455,1263.1088877031882,1274.9727783203125,16400,0.0,0.0
2009-11-02 00:00:00+09:00,1250.4542227235363,1276.5547852471775,1250.4542227235363,1274.1820068359375,9100,0.0,0.0
2009-11-04 00:00:00+09:00,1255.1999728479118,1278.1368343555296,1251.245341553495,1269.4366455078125,7400,0.0,0.0
2009-11-05 00:00:00+09:00,1246.4999162594577,1269.4367802007803,1246.4999162594577,1254.4091796875,6300,0.0,0.0
2009-11-06 00:00:00+09:00,1263.1091335079968,1263.1091335079968,1229.099307120493,1239.38134765625,10400,0.0,0.0
2009-11-09 00:00:00+09:00,1240.1725055170239,1256.7819587159127,1231.4723157461774,1254.4091796875,10600,0.0,0.0
2009-11-10 00:00:00+09:00,1263.1090992429326,1263.900025416535,1237.0085355140554,1252.0361328125,10900,0.0,0.0
2009-11-11 00:00:00+09:00,1259.1545737006993,1263.90013113927,1258.3636474609375,1258.3636474609375,2900,0.0,0.0
2009-11-12 00:00:00+09:00,1258.3631359281994,1258.3631359281994,1223.5623955254082,1229.098876953125,12400,0.0,0.0
2009-11-13 00:00:00+09:00,1229.099072827945,1240.9629634923074,1229.099072827945,1236.2174072265625,8300,0.0,0.0
2009-11-16 00:00:00+09:00,1219.608219612419,1227.517481737013,1210.9080312753654,1218.0263671875,8600,0.0,0.0
2009-11-17 00:00:00+09:00,1223.5629404353908,1232.2631294106911,1195.089594698045,1218.8173828125,10800,0.0,0.0
2009-11-18 00:00:00+09:00,1217.2355263285117,1229.099420347308,1198.2532958984375,1198.2532958984375,11800,0.0,0.0
2009-11-19 00:00:00+09:00,1199.0440673828125,1221.1900000257667,1186.3892487296957,1199.0440673828125,9100,0.0,0.0
2009-11-20 00:00:00+09:00,1178.479804171508,1212.4896240234375,1178.479804171508,1212.4896240234375,13500,0.0,0.0
2009-11-24 00:00:00+09:00,1212.4895701543521,1212.4895701543521,1168.1977137103577,1172.15234375,12700,0.0,0.0
2009-11-25 00:00:00+09:00,1187.971086004173,1187.971086004173,1161.079596707141,1181.6436767578125,16200,0.0,0.0
2009-11-26 00:00:00+09:00,1171.3616048452016,1171.3616048452016,1160.2886389655037,1170.5706787109375,6600,0.0,0.0
2009-11-27 00:00:00+09:00,1154.7519166148015,1156.33376855537,1107.296358397755,1131.8150634765625,15800,0.0,0.0
2009-11-30 00:00:00+09:00,1120.7423786558663,1175.3162841796875,1119.9514524888543,1175.3162841796875,19000,0.0,0.0
2009-12-01 00:00:00+09:00,1175.3160685274404,1214.8623696219036,1168.1977343304372,1213.280517578125,16600,0.0,0.0
2009-12-02 00:00:00+09:00,1195.089298919117,1237.0083808798802,1190.3437424707288,1205.371337890625,13300,0.0,0.0
2009-12-03 00:00:00+09:00,1217.235121274368,1261.5269775390625,1209.3258612271013,1261.5269775390625,23400,0.0,0.0
2009-12-04 00:00:00+09:00,1259.1541403031922,1259.1541403031922,1237.0082132124326,1248.0811767578125,11100,0.0,0.0
2009-12-07 00:00:00+09:00,1248.8723790921158,1265.4818280857412,1248.8723790921158,1259.1544189453125,6700,0.0,0.0
2009-12-08 00:00:00+09:00,1248.0813075858441,1269.4363109475792,1231.471860526717,1256.781494140625,15200,0.0,0.0
2009-12-09 00:00:00+09:00,1250.454231377223,1265.4818280857412,1250.454231377223,1259.1544189453125,7700,0.0,0.0
2009-12-10 00:00:00+09:00,1264.6906414031982,1265.4815673828125,1256.7813816070557,1265.4815673828125,16300,0.0,0.0
2009-12-11 00:00:00+09:00,1265.4818280857412,1266.2727542282948,1211.6988503920973,1259.1544189453125,50800,0.0,0.0
2009-12-14 00:00:00+09:00,1257.5722532930886,1257.5722532930886,1215.653178183319,1237.0081787109375,13700,0.0,0.0
2009-12-15 00:00:00+09:00,1236.217406280281,1236.217406280281,1221.980737493944,1224.353515625,9900,0.0,0.0
2009-12-16 00:00:00+09:00,1236.2177127476086,1258.3636474609375,1215.6536305138034,1258.3636474609375,10600,0.0,0.0
2009-12-17 00:00:00+09:00,1234.6357330708563,1257.5725916608978,1234.6357330708563,1249.663330078125,5100,0.0,0.0
2009-12-18 00:00:00+09:00,1225.9356548221058,1264.6910400390625,1225.9356548221058,1264.6910400390625,12700,0.0,0.0
2009-12-21 00:00:00+09:00,1264.6906942907785,1264.6906942907785,1231.4718017578125,1231.4718017578125,6600,0.0,0.0
2009-12-22 00:00:00+09:00,1241.7541081650452,1259.1544842030266,1237.0085510637775,1257.5726318359375,11600,0.0,0.0
2009-12-24 00:00:00+09:00,1257.572574951787,1258.3635010995554,1254.408870360713,1255.99072265625,2300,0.0,0.0
2009-12-25 00:00:00+09:00,1256.781356935734,1265.4815425407014,1255.9904309716462,1263.1087646484375,18900,0.0,0.0
2009-12-28 00:00:00+09:00,1271.809105194497,1273.3909573153858,1250.4541015625,1250.4541015625,12000,0.0,0.0
2009-12-29 00:00:00+09:00,1247.2905830948087,1264.6909590162327,1247.2905830948087,1260.736328125,6700,0.0,0.0
2009-12-30 00:00:00+09:00,1251.2453461371529,1262.3183138020834,1243.3360835193453,1245.7088623046875,9300,0.0,0.0
2010-01-04 00:00:00+09:00,1237.799477247322,1262.3181889372052,1237.799477247322,1257.5726318359375,6100,0.0,0.0
2010-01-05 00:00:00+09:00,1282.09143465379,1282.09143465379,1258.3636474609375,1258.3636474609375,8400,0.0,0.0
2010-01-06 00:00:00+09:00,1281.3001527177528,1281.3001527177528,1245.7084818089263,1263.8997802734375,17200,0.0,0.0
2010-01-07 00:00:00+09:00,1271.0184498704025,1273.391228557155,1262.3182613523102,1264.6910400390625,6800,0.0,0.0
2010-01-08 00:00:00+09:00,1263.108800683954,1289.2093582434848,1263.108800683954,1286.045654296875,16400,0.0,0.0
2010-01-12 00:00:00+09:00,1274.1819741237948,1300.2825359773549,1270.227343539922,1286.8367919921875,18200,0.0,0.0
2010-01-13 00:00:00+09:00,1287.6276109652626,1287.6276109652626,1265.4816815383417,1268.6453857421875,14000,0.0,0.0
2010-01-14 00:00:00+09:00,1262.3179773344957,1270.2272378441105,1249.6631605191124,1268.6453857421875,7500,0.0,0.0
2010-01-15 00:00:00+09:00,1262.3180260699728,1273.3909912109375,1252.0359870105056,1273.3909912109375,9600,0.0,0.0
2010-01-18 00:00:00+09:00,1263.1093694583465,1263.1093694583465,1252.0364006590873,1254.4091796875,8200,0.0,0.0
2010-01-19 00:00:00+09:00,1255.1996163526665,1255.1996163526665,1237.7992435991953,1242.5447998046875,5700,0.0,0.0
2010-01-20 00:00:00+09:00,1236.2178151200458,1238.5905940358232,1227.5176257621952,1232.26318359375,8200,0.0,0.0
2010-01-21 00:00:00+09:00,1226.7265285353183,1243.3359786315411,1224.3537499501435,1239.38134765625,12300,0.0,0.0
2010-01-22 00:00:00+09:00,1225.1444000521933,1225.935326069012,1203.789397598088,1216.4442138671875,12600,0.0,0.0
2010-01-25 00:00:00+09:00,1248.0812978909248,1248.0812978909248,1221.1898123850367,1236.2174072265625,11300,0.0,0.0
2010-01-26 00:00:00+09:00,1236.2178151200458,1239.3815203410823,1199.835205078125,1199.835205078125,12200,0.0,0.0
2010-01-27 00:00:00+09:00,1223.5625372992622,1223.5625372992622,1194.2982749333457,1195.880126953125,11600,0.0,0.0
2010-01-28 00:00:00+09:00,1199.044132691236,1204.5806161535306,1194.2985754378406,1197.4622802734375,9500,0.0,0.0
2010-01-29 00:00:00+09:00,1195.8801463393722,1225.1444091796875,1187.97088611226,1225.1444091796875,15500,0.0,0.0
2010-02-01 00:00:00+09:00,1186.3894519577939,1198.253346477372,1174.5255574382159,1191.135009765625,26700,0.0,0.0
2010-02-02 00:00:00+09:00,1194.2984861990356,1197.4621907982382,1183.2255201018259,1196.6712646484375,3700,0.0,0.0
2010-02-03 00:00:00+09:00,1192.7167452421263,1217.2354581748225,1191.925819018491,1211.698974609375,8900,0.0,0.0
2010-02-04 00:00:00+09:00,1222.7717610677082,1233.8447265625,1222.7717610677082,1233.8447265625,9000,0.0,0.0
2010-02-05 00:00:00+09:00,1229.8900218804679,1229.8900218804679,1203.789461930593,1214.8624267578125,11900,0.0,0.0
2010-02-08 00:00:00+09:00,1202.207763671875,1211.6988775956004,1186.389240465666,1202.207763671875,7600,0.0,0.0
2010-02-09 00:00:00+09:00,1181.643754598594,1210.9080242907946,1180.8528283906965,1209.326171875,6800,0.0,0.0
2010-02-10 00:00:00+09:00,1220.399073859947,1220.399073859947,1188.7620272271552,1199.0440673828125,10700,0.0,0.0
2010-02-12 00:00:00+09:00,1201.416724201316,1225.1445067727705,1199.8348720298857,1222.771728515625,12700,0.0,0.0
2010-02-15 00:00:00+09:00,1223.5626788864488,1224.3536049878621,1161.0795168747943,1201.416748046875,12200,0.0,0.0
2010-02-16 00:00:00+09:00,1215.6535168650282,1215.6535168650282,1190.3438795587947,1199.0440673828125,4500,0.0,0.0
2010-02-17 00:00:00+09:00,1211.698699853547,1242.544815580889,1210.116847764965,1236.2174072265625,8600,0.0,0.0
2010-02-18 00:00:00+09:00,1214.8625,1222.7717610677082,1202.2076822916665,1221.9808349609375,10100,0.0,0.0
2010-02-19 00:00:00+09:00,1210.1168029947053,1221.1897672051143,1191.134578634004,1192.7164306640625,10200,0.0,0.0
2010-02-22 00:00:00+09:00,1190.3439467120322,1241.754150390625,1190.3439467120322,1241.754150390625,23400,0.0,0.0
2010-02-23 00:00:00+09:00,1240.9632431059863,1240.9632431059863,1206.9534155383908,1223.5628662109375,14500,0.0,0.0
2010-02-24 00:00:00+09:00,1228.308086970832,1228.308086970832,1191.9254907051152,1210.90771484375,12200,0.0,0.0
2010-02-25 00:00:00+09:00,1212.4897946363303,1217.2353515625,1211.6988684819687,1217.2353515625,6500,0.0,0.0
2010-02-26 00:00:00+09:00,1219.6080728117952,1229.099186218891,1218.8171466945373,1227.517333984375,5800,0.0,0.0
2010-03-01 00:00:00+09:00,1218.8172918289038,1231.4721112119423,1218.0263656174639,1229.8902587890625,5300,0.0,0.0
2010-03-02 00:00:00+09:00,1229.0993310235867,1241.754150390625,1223.5628475505075,1241.754150390625,6900,0.0,0.0
2010-03-03 00:00:00+09:00,1225.935918012542,1234.6361083984375,1223.5631388163888,1234.6361083984375,6900,0.0,0.0
2010-03-04 00:00:00+09:00,1237.008356412252,1237.799282471339,1210.907796462377,1214.8624267578125,6200,0.0,0.0
2010-03-05 00:00:00+09:00,1224.3536773507033,1248.0814617954843,1223.562751202544,1244.1268310546875,10200,0.0,0.0
2010-03-08 00:00:00+09:00,1248.8721027253396,1252.8267325629752,1248.0811767578125,1248.0811767578125,7600,0.0,0.0
2010-03-09 00:00:00+09:00,1230.680869475234,1253.617723726379,1230.680869475234,1246.4993896484375,5400,0.0,0.0
2010-03-10 00:00:00+09:00,1255.2000131074858,1256.7818656759891,1233.0540771484375,1233.0540771484375,9400,0.0,0.0
2010-03-11 00:00:00+09:00,1240.9632701861792,1260.736426180223,1240.9632701861792,1258.3636474609375,11100,0.0,0.0
2010-03-12 00:00:00+09:00,1263.9000413042943,1263.9000413042943,1250.454296184036,1257.5726318359375,16500,0.0,0.0
2010-03-15 00:00:00+09:00,1262.3182613523102,1264.6910400390625,1262.3182613523102,1264.6910400390625,5600,0.0,0.0
2010-03-16 00:00:00+09:00,1263.8998294364187,1269.436311793149,1263.8998294364187,1268.6453857421875,16700,0.0,0.0
2010-03-17 00:00:00+09:00,1267.854557301833,1268.6454834136869,1258.363443959586,1266.272705078125,14200,0.0,0.0
2010-03-18 00:00:00+09:00,1267.8543453216553,1269.4361972808838,1261.5269374847412,1265.4815673828125,8000,0.0,0.0
2010-03-19 00:00:00+09:00,1259.1546041423287,1269.4366455078125,1252.0362678123784,1269.4366455078125,10500,0.0,0.0
2010-03-23 00:00:00+09:00,1267.854459691226,1274.1818680989177,1267.0635336402645,1268.6453857421875,4700,0.0,0.0
2010-03-24 00:00:00+09:00,1275.7639317642024,1290.791529224537,1269.4365223072193,1281.3004150390625,7300,0.0,0.0
2010-03-25 00:00:00+09:00,1281.3005064017746,1281.3005064017746,1265.4819816313823,1270.2275390625,30700,0.0,0.0
2010-03-26 00:00:00+09:00,1274.1821663630328,1296.328100973936,1274.1821663630328,1293.955322265625,18400,0.0,0.0
2010-03-29 00:00:00+09:00,1306.7270390655235,1306.7270390655235,1256.4376050636126,1289.1656494140625,11700,15.0,0.0
2010-03-30 00:00:00+09:00,1297.9463156579905,1305.9287653237836,1288.3673760590384,1304.332275390625,13200,0.0,0.0
2010-03-31 00:00:00+09:00,1293.1568458585143,1309.9199901566803,1293.1568458585143,1304.332275390625,13900,0.0,0.0
2010-04-01 00:00:00+09:00,1304.3325489964977,1304.3325489964977,1281.183440109779,1296.35009765625,13500,0.0,0.0
2010-04-02 00:00:00+09:00,1308.3234322491815,1308.3234322491815,1296.3497583725873,1302.7357177734375,10100,0.0,0.0
2010-04-05 00:00:00+09:00,1308.3236343393053,1315.5078397749696,1307.5253892908981,1314.7095947265625,8900,0.0,0.0
2010-04-06 00:00:00+09:00,1315.5078656061178,1323.4903162469316,1315.5078656061178,1321.0955810546875,11000,0.0,0.0
2010-04-07 00:00:00+09:00,1327.4811470650338,1333.0688608530406,1317.1039643158786,1329.07763671875,10600,0.0,0.0
2010-04-08 00:00:00+09:00,1305.9287367911402,1333.0690650618606,1305.9287367911402,1326.68310546875,13400,0.0,0.0
2010-04-09 00:00:00+09:00,1313.1129277074272,1331.4725613471055,1313.1129277074272,1330.67431640625,10700,0.0,0.0
2010-04-12 00:00:00+09:00,1333.0688608530406,1333.0688608530406,1329.07763671875,1329.07763671875,8000,0.0,0.0
2010-04-13 00:00:00+09:00,1329.078156667086,1329.078156667086,1305.9290476320436,1313.9114990234375,11400,0.0,0.0
2010-04-14 00:00:00+09:00,1317.1041942556965,1317.1041942556965,1308.3234996273252,1311.5164794921875,10000,0.0,0.0
2010-04-15 00:00:00+09:00,1311.5168034337808,1326.683461538006,1303.5343517999781,1316.3062744140625,16300,0.0,0.0
2010-04-16 00:00:00+09:00,1305.928794081366,1305.928794081366,1283.5779345249614,1289.1656494140625,7800,0.0,0.0
2010-04-19 00:00:00+09:00,1289.1659105576105,1289.1659105576105,1266.8150464736395,1277.990478515625,9400,0.0,0.0
2010-04-20 00:00:00+09:00,1276.39374523067,1276.39374523067,1263.6218253284244,1270.8060302734375,11200,0.0,0.0
2010-04-21 00:00:00+09:00,1270.8057337304203,1293.1565883437693,1269.209244115181,1286.7706298828125,12300,0.0,0.0
2010-04-22 00:00:00+09:00,1268.411092326484,1274.7970512557554,1246.8584809401939,1273.2005615234375,10200,0.0,0.0
2010-04-23 00:00:00+09:00,1273.9989414499767,1285.1743707609414,1273.9989414499767,1283.577880859375,8700,0.0,0.0
2010-04-26 00:00:00+09:00,1289.9639738305216,1305.1306294634298,1283.5780135640339,1301.139404296875,17000,0.0,0.0
2010-04-27 00:00:00+09:00,1301.1393107929857,1301.1393107929857,1280.3849414183737,1285.97265625,12100,0.0,0.0
2010-04-28 00:00:00+09:00,1261.2269559240644,1270.805894829817,1251.6480170183122,1253.2445068359375,20000,0.0,0.0
2010-04-30 00:00:00+09:00,1285.174534639318,1297.946455480454,1278.78857421875,1278.78857421875,19300,0.0,0.0
2010-05-06 00:00:00+09:00,1254.8410240760218,1266.814697969877,1238.8761255508814,1245.2620849609375,17900,0.0,0.0
2010-05-07 00:00:00+09:00,1206.9464798328488,1225.3061154387717,1201.3587646484375,1201.3587646484375,17000,0.0,0.0
2010-05-10 00:00:00+09:00,1205.3499842489919,1237.27978515625,1198.9640240675403,1237.27978515625,17700,0.0,0.0
2010-05-11 00:00:00+09:00,1238.0777828873543,1258.8321493316296,1162.2445208794247,1172.6217041015625,51500,0.0,0.0
2010-05-12 00:00:00+09:00,1179.8061809487824,1186.1921413328082,1167.0342601807306,1171.82373046875,20300,0.0,0.0
2010-05-13 00:00:00+09:00,1175.0163983050847,1185.3935811705508,1169.4286844544492,1177.4111328125,10600,0.0,0.0
2010-05-14 00:00:00+09:00,1175.814683219178,1175.814683219178,1165.4375,1165.4375,12000,0.0,0.0
2010-05-17 00:00:00+09:00,1159.849798287196,1160.6480431586945,1127.121758555761,1132.70947265625,24400,0.0,0.0
2010-05-18 00:00:00+09:00,1133.5080860760195,1135.902821469138,1124.7273896345855,1125.525634765625,11200,0.0,0.0
2010-05-19 00:00:00+09:00,1119.139309840777,1137.4989418852406,1118.3410649692785,1132.70947265625,12700,0.0,0.0
2010-05-20 00:00:00+09:00,1127.1221292429957,1127.1221292429957,1110.3589814284753,1111.1572265625,9900,0.0,0.0
2010-05-21 00:00:00+09:00,1101.5779899896916,1101.5779899896916,1047.2973354104893,1076.8323974609375,16400,0.0,0.0
2010-05-24 00:00:00+09:00,1076.0342735324236,1091.9991737332014,1076.0342735324236,1084.0167236328125,7100,0.0,0.0
2010-05-25 00:00:00+09:00,1086.411198598896,1090.4024226936751,1055.2796506596183,1066.455078125,20900,0.0,0.0
2010-05-26 00:00:00+09:00,1078.4286158130787,1090.4022866030093,1073.6391474971065,1077.63037109375,39600,0.0,0.0
2010-05-27 00:00:00+09:00,1074.4377295998966,1089.604384029613,1073.6394846299115,1085.6131591796875,17000,0.0,0.0
2010-05-28 00:00:00+09:00,1089.6046992468991,1091.201189648726,1069.6485692240622,1080.0257568359375,59100,0.0,0.0
2010-05-31 00:00:00+09:00,1073.6394577530882,1103.9727658531756,1073.6394577530882,1086.411376953125,17100,0.0,0.0
2010-06-01 00:00:00+09:00,1087.2094600588775,1106.3673360070518,1086.4112152277037,1098.3848876953125,7400,0.0,0.0
2010-06-02 00:00:00+09:00,1098.3849962418003,1098.3849962418003,1086.4113225909086,1095.1920166015625,14200,0.0,0.0
2010-06-03 00:00:00+09:00,1098.3852078158268,1139.8939511344481,1098.3852078158268,1124.727294921875,10200,0.0,0.0
2010-06-04 00:00:00+09:00,1099.183320590525,1128.718384397242,1099.183320590525,1121.5341796875,9800,0.0,0.0
2010-06-07 00:00:00+09:00,1109.5603700773859,1134.3059610647233,1093.5954726662005,1096.7884521484375,7700,0.0,0.0
2010-06-08 00:00:00+09:00,1099.1834041193183,1103.1746292613636,1096.788669034091,1097.5869140625,8100,0.0,0.0
2010-06-09 00:00:00+09:00,1097.5868849022318,1112.7535400390625,1097.5868849022318,1112.7535400390625,12600,0.0,0.0
2010-06-10 00:00:00+09:00,1136.700831088362,1158.2534451609645,1117.5429519127156,1157.4552001953125,23600,0.0,0.0
2010-06-11 00:00:00+09:00,1189.385189964658,1189.385189964658,1173.4202880859375,1173.4202880859375,22500,0.0,0.0
2010-06-14 00:00:00+09:00,1174.218085615957,1182.9987783024121,1171.025106457246,1175.8145751953125,12800,0.0,0.0
2010-06-15 00:00:00+09:00,1167.8321144196918,1186.1917443798102,1167.8321144196918,1179.8057861328125,3000,0.0,0.0
2010-06-16 00:00:00+09:00,1182.9991546247625,1207.7447509765625,1182.9991546247625,1207.7447509765625,14400,0.0,0.0
2010-06-17 00:00:00+09:00,1212.5344337084896,1228.4993373781208,1209.3414529745635,1222.91162109375,6600,0.0,0.0
2010-06-18 00:00:00+09:00,1233.2885884867087,1237.2798136921672,1223.7096479936079,1229.29736328125,7400,0.0,0.0
2010-06-21 00:00:00+09:00,1237.2798201871265,1269.209621998407,1237.2798201871265,1268.411376953125,14600,0.0,0.0
2010-06-22 00:00:00+09:00,1270.8058539836888,1276.3935681657779,1268.4111193342221,1272.40234375,15500,0.0,0.0
2010-06-23 00:00:00+09:00,1273.200531105395,1273.200531105395,1169.428700983952,1223.7093505859375,17500,0.0,0.0
2010-06-24 00:00:00+09:00,1221.3148738201999,1225.3060988980437,1216.5254037267873,1219.7183837890625,3200,0.0,0.0
2010-06-25 00:00:00+09:00,1213.3324792971325,1219.7184397144858,1206.9465188797792,1210.937744140625,8000,0.0,0.0
2010-06-28 00:00:00+09:00,1210.9375958658854,1210.9375958658854,1182.2007775065103,1197.367431640625,6900,0.0,0.0
2010-06-29 00:00:00+09:00,1203.7533912760416,1203.7533912760416,1197.367431640625,1197.367431640625,3100,0.0,0.0
2010-06-30 00:00:00+09:00,1197.3676052445787,1219.7184672091441,1197.3676052445787,1210.1395263671875,16300,0.0,0.0
2010-07-01 00:00:00+09:00,1210.1395624069942,1210.1395624069942,1167.8325724283854,1173.4202880859375,13000,0.0,0.0
2010-07-02 00:00:00+09:00,1157.4555540810318,1158.2537992907428,1126.3239909023005,1154.2625732421875,9100,0.0,0.0
2010-07-05 00:00:00+09:00,1129.516830598258,1195.7711747252229,1129.516830598258,1186.990478515625,6900,0.0,0.0
2010-07-06 00:00:00+09:00,1195.770992910691,1224.5078125,1195.770992910691,1224.5078125,6300,0.0,0.0
2010-07-07 00:00:00+09:00,1237.2797920104654,1247.6569773628112,1168.6307196795622,1194.174560546875,9600,0.0,0.0
2010-07-08 00:00:00+09:00,1175.0168474687705,1222.911555925378,1175.0168474687705,1214.130859375,6600,0.0,0.0
2010-07-09 00:00:00+09:00,1198.9639332059317,1233.288466580003,1198.9639332059317,1222.113037109375,11400,0.0,0.0
2010-07-12 00:00:00+09:00,1236.4813780132095,1237.2796229312296,1181.4024786698192,1213.332275390625,7200,0.0,0.0
2010-07-13 00:00:00+09:00,1213.3324001590756,1213.3324001590756,1175.0166401540523,1191.77978515625,8700,0.0,0.0
2010-07-14 00:00:00+09:00,1197.367673839774,1211.736085925851,1186.9904873331625,1204.5518798828125,6400,0.0,0.0
2010-07-15 00:00:00+09:00,1174.2182347649696,1198.16558149709,1174.2182347649696,1189.3848876953125,11800,0.0,0.0
2010-07-16 00:00:00+09:00,1184.5955419220993,1185.3937868964404,1151.8674979741168,1167.8323974609375,4800,0.0,0.0
2010-07-21 00:00:00+09:00,1163.0427093824858,1186.1918092946974,1145.4813232421875,1145.4813232421875,7100,0.0,0.0
2010-07-22 00:00:00+09:00,1135.1043693494498,1159.8499638992619,1135.1043693494498,1142.28857421875,6100,0.0,0.0
2010-07-23 00:00:00+09:00,1175.814955708766,1190.9816116208276,1166.2360151327273,1171.82373046875,7100,0.0,0.0
2010-07-26 00:00:00+09:00,1174.2181808872956,1218.121647881722,1174.2181808872956,1183.797119140625,4800,0.0,0.0
2010-07-27 00:00:00+09:00,1184.5956743641232,1207.744781208166,1183.7974293005354,1192.578125,4900,0.0,0.0
2010-07-28 00:00:00+09:00,1203.7535373192784,1229.2973789600057,1202.157047216733,1218.1219482421875,7300,0.0,0.0
2010-07-29 00:00:00+09:00,1218.1218408655238,1229.297270598235,1206.9464111328125,1206.9464111328125,6400,0.0,0.0
2010-07-30 00:00:00+09:00,1190.9816573293585,1192.5781474866367,1143.0869526110198,1152.6658935546875,7800,0.0,0.0
2010-08-02 00:00:00+09:00,1161.4464508243864,1198.963965043456,1146.2797961400818,1171.025390625,3500,0.0,0.0
2010-08-03 00:00:00+09:00,1163.0428195529514,1201.358574761285,1163.0428195529514,1185.3936767578125,5600,0.0,0.0
2010-08-04 00:00:00+09:00,1167.0341132430872,1167.0341132430872,1135.1043153431394,1143.885009765625,6100,0.0,0.0
2010-08-05 00:00:00+09:00,1146.2798505510602,1162.2447509765625,1146.2798505510602,1162.2447509765625,4100,0.0,0.0
2010-08-06 00:00:00+09:00,1150.271101404409,1169.42898234383,1150.271101404409,1168.6307373046875,7600,0.0,0.0
2010-08-09 00:00:00+09:00,1153.4641607375372,1184.5957194010418,1152.6659156436012,1173.4202880859375,7900,0.0,0.0
2010-08-10 00:00:00+09:00,1197.3672537076272,1197.3672537076272,1175.8146431408898,1177.4111328125,4900,0.0,0.0
2010-08-11 00:00:00+09:00,1155.8586014229911,1155.8586014229911,1098.3849693080358,1117.5428466796875,22500,0.0,0.0
2010-08-12 00:00:00+09:00,1077.6308721770563,1083.218587810567,1058.47299000502,1080.8238525390625,19600,0.0,0.0
2010-08-13 00:00:00+09:00,1065.6567003038194,1081.6215946903935,1062.4637214265047,1077.63037109375,5500,0.0,0.0
2010-08-16 00:00:00+09:00,1061.6657986723453,1076.8324529390932,1060.8675537109375,1060.8675537109375,5000,0.0,0.0
2010-08-17 00:00:00+09:00,1072.8408885122585,1076.832112055831,1068.849664968686,1074.4373779296875,4000,0.0,0.0
2010-08-18 00:00:00+09:00,1086.4116440372993,1122.3326756182535,1086.4116440372993,1099.9818115234375,6400,0.0,0.0
2010-08-19 00:00:00+09:00,1102.3763264455613,1129.516655988754,1102.3763264455613,1127.920166015625,9100,0.0,0.0
2010-08-20 00:00:00+09:00,1109.5607729978667,1111.157263318727,1068.0520246555004,1081.6221923828125,12000,0.0,0.0
2010-08-23 00:00:00+09:00,1070.4464111328125,1103.1744520399307,1049.6920437282986,1063.26220703125,7300,0.0,0.0
2010-08-24 00:00:00+09:00,1063.2620988491767,1078.4287504093377,1058.4726299354415,1066.455078125,6400,0.0,0.0
2010-08-25 00:00:00+09:00,1067.253511772043,1095.1920853786412,1067.253511772043,1082.420166015625,9500,0.0,0.0
2010-08-26 00:00:00+09:00,1094.3939339488636,1103.1746292613636,1086.4114836647727,1097.5869140625,7500,0.0,0.0
2010-08-27 00:00:00+09:00,1105.5690820142368,1154.2620163123368,1105.5690820142368,1145.4813232421875,11500,0.0,0.0
2010-08-30 00:00:00+09:00,1158.2532404351318,1183.7970748210203,1136.7006301720382,1145.4813232421875,18400,0.0,0.0
2010-08-31 00:00:00+09:00,1121.5340420162731,1121.5340420162731,1064.8586562631376,1068.0516357421875,23100,0.0,0.0
2010-09-01 00:00:00+09:00,1063.2621258339186,1068.849839708421,1043.3060048535522,1065.6568603515625,13500,0.0,0.0
2010-09-02 00:00:00+09:00,1076.0342063341168,1087.2096357767562,1068.8500016924202,1082.420166015625,9800,0.0,0.0
2010-09-03 00:00:00+09:00,1082.4201786774104,1099.9815680069848,1079.227198799306,1092.79736328125,3600,0.0,0.0
2010-09-06 00:00:00+09:00,1090.4024411974342,1123.9287241625088,1089.6041963649322,1119.9375,6300,0.0,0.0
2010-09-07 00:00:00+09:00,1119.937581351144,1119.937581351144,1101.5779488699777,1117.5428466796875,3900,0.0,0.0
2010-09-08 00:00:00+09:00,1105.569131892963,1105.569131892963,1086.411255239222,1093.595458984375,9600,0.0,0.0
2010-09-09 00:00:00+09:00,1093.5955132378474,1095.1920030381946,1089.6042887369792,1091.9990234375,13000,0.0,0.0
2010-09-10 00:00:00+09:00,1091.9991183117238,1096.7885881288805,1088.8061384336193,1092.79736328125,24300,0.0,0.0
2010-09-13 00:00:00+09:00,1087.2096491196576,1088.8061390596276,1083.2184242697324,1085.6131591796875,4400,0.0,0.0
2010-09-14 00:00:00+09:00,1085.613266941392,1089.6044921875,1084.8150218921703,1089.6044921875,8600,0.0,0.0
2010-09-16 00:00:00+09:00,1085.613146401726,1098.3850657711582,1065.6570223869885,1075.2359619140625,4000,0.0,0.0
2010-09-17 00:00:00+09:00,1067.2536860005366,1090.4027936250807,1067.2536860005366,1080.8238525390625,15000,0.0,0.0
2010-09-21 00:00:00+09:00,1084.814944727891,1101.578089569161,1048.0956750755859,1056.078125,15600,0.0,0.0
2010-09-22 00:00:00+09:00,1048.095729183916,1061.665894755985,1048.095729183916,1054.481689453125,7200,0.0,0.0
2010-09-24 00:00:00+09:00,1059.2711049697657,1065.657064909297,1054.481635015117,1056.078125,11700,0.0,0.0
2010-09-27 00:00:00+09:00,1060.8673651145737,1074.4375270460616,1060.8673651145737,1073.6392822265625,10900,0.0,0.0
2010-09-28 00:00:00+09:00,1088.115478515625,1101.78729162336,1085.70280561426,1088.115478515625,12200,10.0,0.0
2010-09-29 00:00:00+09:00,1087.311325962869,1092.136672084006,1083.2902041952548,1089.7239990234375,16700,0.0,0.0
2010-09-30 00:00:00+09:00,1093.745095026475,1099.374665368523,1055.9465513012954,1063.1845703125,11300,0.0,0.0
2010-10-01 00:00:00+09:00,1061.5763108473557,1061.5763108473557,1021.3650869516226,1045.4918212890625,10500,0.0,0.0
2010-10-04 00:00:00+09:00,1047.9043582898462,1051.1212557826777,1032.6240951988968,1034.2325439453125,6400,0.0,0.0
2010-10-05 00:00:00+09:00,1034.2324585709835,1055.1422905483128,997.2381404572469,1048.70849609375,12600,0.0,0.0
2010-10-06 00:00:00+09:00,1048.7087192007211,1048.7087192007211,1020.560862473708,1045.4918212890625,6800,0.0,0.0
2010-10-07 00:00:00+09:00,1055.9467729907115,1072.0312630591154,1044.6876299428288,1059.9678955078125,10400,0.0,0.0
2010-10-08 00:00:00+09:00,1058.3592531201248,1071.226842823713,1031.015625,1031.015625,16300,0.0,0.0
2010-10-12 00:00:00+09:00,1038.2536678520667,1038.2536678520667,957.0270059984193,965.8734741210938,28800,0.0,0.0
2010-10-13 00:00:00+09:00,982.7620949733326,982.7620949733326,961.0480388650839,970.69873046875,8400,0.0,0.0
2010-10-14 00:00:00+09:00,986.7835141372062,1000.4553313664911,977.937044165316,992.4130859375,11100,0.0,0.0
2010-10-15 00:00:00+09:00,984.3706913431924,984.3706913431924,934.5087772392072,946.5721435546875,15400,0.0,0.0
2010-10-18 00:00:00+09:00,967.4819373638682,981.1537519400824,946.5721033061287,963.4608154296875,5400,0.0,0.0
2010-10-19 00:00:00+09:00,963.4609688286765,983.5665817007274,963.4609688286765,968.2863159179688,7500,0.0,0.0
2010-10-20 00:00:00+09:00,948.9847230167488,959.4396394567639,926.4664414536395,928.0748901367188,16700,0.0,0.0
2010-10-21 00:00:00+09:00,928.8791871510439,950.5932460714579,900.7313329949517,916.0115966796875,9300,0.0,0.0
2010-10-22 00:00:00+09:00,923.2495761213631,937.7256147713497,923.2495761213631,932.9002685546875,10500,0.0,0.0
2010-10-25 00:00:00+09:00,934.5087890625,936.9214623561209,932.900340200086,934.5087890625,10700,0.0,0.0
2010-10-26 00:00:00+09:00,936.1170687451774,1005.2803573294432,936.1170687451774,977.1325073242188,27300,0.0,0.0
2010-10-27 00:00:00+09:00,977.9367316100823,991.6085444697627,977.1325073242188,977.1325073242188,8500,0.0,0.0
2010-10-28 00:00:00+09:00,987.5876725900877,997.2383664590462,937.7257542671354,940.138427734375,26700,0.0,0.0
2010-10-29 00:00:00+09:00,987.5877319543894,997.238426403455,937.7258106342166,944.1596069335938,15800,0.0,0.0
2010-11-01 00:00:00+09:00,928.8789863193158,952.2014890061212,920.8367440135208,936.1170043945312,30000,0.0,0.0
2010-11-02 00:00:00+09:00,936.1170481398651,953.8099820394158,903.9480774134092,942.5508422851562,12300,0.0,0.0
2010-11-04 00:00:00+09:00,944.9635767956759,990.0001387535975,941.7466795129673,956.2227172851562,12900,0.0,0.0
2010-11-05 00:00:00+09:00,1004.4762672881598,1061.5761992156692,1003.6720428948146,1019.7565307617188,29200,0.0,0.0
2010-11-08 00:00:00+09:00,1019.7565063970774,1019.7565063970774,987.5875314318699,993.2171020507812,13100,0.0,0.0
2010-11-09 00:00:00+09:00,994.0215156297177,1014.931353337139,994.0215156297177,998.8468627929688,9700,0.0,0.0
2010-11-10 00:00:00+09:00,998.8466189916973,1028.6029192354113,998.8466189916973,1012.5184326171875,12300,0.0,0.0
2010-11-11 00:00:00+09:00,1007.6928651426994,1011.7139859134204,984.3703646725171,998.0421752929688,17100,0.0,0.0
2010-11-12 00:00:00+09:00,984.3706929221082,988.3918150337182,969.8946533203126,969.8946533203125,12100,0.0,0.0
2010-11-15 00:00:00+09:00,985.1748442278838,988.3917416784238,969.8945813378186,981.9579467773438,8000,0.0,0.0
2010-11-16 00:00:00+09:00,969.8946136726821,979.5453063460421,963.4608185571087,973.1115112304688,6000,0.0,0.0
2010-11-17 00:00:00+09:00,972.3073187376324,991.6087047175357,971.503094321803,977.9368896484375,3800,0.0,0.0
2010-11-18 00:00:00+09:00,965.068984973056,1003.6717443719782,965.068984973056,998.0421752929688,11200,0.0,0.0
2010-11-19 00:00:00+09:00,998.8462730791929,1021.3645465463566,995.629376869598,1006.0842895507812,12900,0.0,0.0
2010-11-22 00:00:00+09:00,1006.0846055891641,1013.32262433441,987.587446573536,1007.6930541992188,4500,0.0,0.0
2010-11-24 00:00:00+09:00,1009.3013305664062,1027.7984864253922,1007.6928822308422,1009.3013305664062,11700,0.0,0.0
2010-11-25 00:00:00+09:00,1011.7141363831295,1021.3648276681831,976.3282683379325,1010.909912109375,16200,0.0,0.0
2010-11-26 00:00:00+09:00,1021.3649291992188,1025.3860509677195,1020.5607048455186,1021.3649291992188,9200,0.0,0.0
2010-11-29 00:00:00+09:00,1024.5815796745494,1051.925201110134,1024.5815796745494,1043.0787353515625,15400,0.0,0.0
2010-11-30 00:00:00+09:00,1045.4916598102238,1045.4916598102238,1021.3649291992188,1021.3649291992188,18900,0.0,0.0
2010-12-01 00:00:00+09:00,1045.491730220734,1045.491730220734,1007.6931830512152,1013.32275390625,14100,0.0,0.0
2010-12-02 00:00:00+09:00,1038.2535868295379,1042.2747083896832,1026.9944464611308,1040.666259765625,14700,0.0,0.0
2010-12-03 00:00:00+09:00,1041.4704339298203,1061.5760407624423,1041.4704339298203,1042.274658203125,14100,0.0,0.0
2010-12-06 00:00:00+09:00,1043.8830910162164,1071.2267158964562,1043.8830910162164,1062.3802490234375,9400,0.0,0.0
2010-12-07 00:00:00+09:00,1051.1211771218173,1077.6605794515954,1049.5127284957703,1068.0098876953125,25600,0.0,0.0
2010-12-08 00:00:00+09:00,1063.9888267999245,1081.6817626953125,1063.9888267999245,1081.6817626953125,25100,0.0,0.0
2010-12-09 00:00:00+09:00,1081.6819142120112,1082.4861386835441,1071.2269960820809,1076.8565673828125,16700,0.0,0.0
2010-12-10 00:00:00+09:00,1081.6817878541492,1081.6817878541492,1080.8775634765625,1080.8775634765625,5000,0.0,0.0
2010-12-13 00:00:00+09:00,1081.6819226092198,1092.1368408203125,1081.6819226092198,1092.1368408203125,12300,0.0,0.0
2010-12-14 00:00:00+09:00,1092.1367286787402,1108.221216582698,1092.1367286787402,1107.4169921875,12500,0.0,0.0
2010-12-15 00:00:00+09:00,1109.0255963506665,1121.8931884765625,1107.4171473349295,1121.8931884765625,25900,0.0,0.0
2010-12-16 00:00:00+09:00,1121.8930160751834,1130.7394843022996,1117.871894153767,1123.50146484375,27300,0.0,0.0
2010-12-17 00:00:00+09:00,1114.6548570968232,1129.1308942019768,1111.4379599623446,1116.2633056640625,16500,0.0,0.0
2010-12-20 00:00:00+09:00,1116.2633627958076,1116.2633627958076,1074.4436979072038,1106.6126708984375,19700,0.0,0.0
2010-12-21 00:00:00+09:00,1112.2422274614132,1125.9140408141566,1112.2422274614132,1122.6971435546875,7400,0.0,0.0
2010-12-22 00:00:00+09:00,1121.893039081074,1131.5437318903735,1089.7240630500753,1099.374755859375,18700,0.0,0.0
2010-12-24 00:00:00+09:00,1102.5917504718716,1102.5917504718716,1074.4438939682132,1076.8565673828125,11100,0.0,0.0
2010-12-27 00:00:00+09:00,1063.9886575201838,1095.3534025264476,1053.5337425180958,1083.2900390625,6100,0.0,0.0
2010-12-28 00:00:00+09:00,1063.1847763175565,1082.4861640873155,1063.1847763175565,1076.0523681640625,4600,0.0,0.0
2010-12-29 00:00:00+09:00,1065.5972930141882,1090.52824854886,1065.5972930141882,1088.9197998046875,7800,0.0,0.0
2010-12-30 00:00:00+09:00,1088.9198005445076,1088.9198005445076,1061.576171875,1061.576171875,7100,0.0,0.0
2011-01-04 00:00:00+09:00,1081.6819889501774,1099.3749285463884,1080.0735398959764,1097.7664794921875,7600,0.0,0.0
2011-01-05 00:00:00+09:00,1089.7240026403356,1100.1789192708334,1076.0521885850694,1085.702880859375,10600,0.0,0.0
2011-01-06 00:00:00+09:00,1107.4170213027387,1107.4170213027387,1090.5283085595597,1102.5916748046875,8300,0.0,0.0
2011-01-07 00:00:00+09:00,1107.4169566173427,1107.4169566173427,1084.0944499057211,1092.94091796875,12300,0.0,0.0
2011-01-11 00:00:00+09:00,1076.0520209841313,1092.1365056027282,1074.4435725222718,1083.2900390625,11300,0.0,0.0
2011-01-12 00:00:00+09:00,1077.660538706036,1088.9196786626662,1057.554931640625,1057.554931640625,11500,0.0,0.0
2011-01-13 00:00:00+09:00,1057.5552219975518,1067.2059160385943,1057.5552219975518,1059.9678955078125,8800,0.0,0.0
2011-01-14 00:00:00+09:00,1070.4224633660276,1092.1365178445271,1065.597117926361,1067.20556640625,7800,0.0,0.0
2011-01-17 00:00:00+09:00,1082.4857084119328,1082.4857084119328,1056.7505355522137,1059.1632080078125,4400,0.0,0.0
2011-01-18 00:00:00+09:00,1082.4857084119328,1082.4857084119328,1056.7505355522137,1059.1632080078125,6800,0.0,0.0
2011-01-19 00:00:00+09:00,1059.9675043090172,1060.771728515625,1057.5548316891939,1060.771728515625,6500,0.0,0.0
2011-01-20 00:00:00+09:00,1036.6452940964116,1058.3593537865615,1029.4072741996952,1055.1424560546875,8300,0.0,0.0
2011-01-21 00:00:00+09:00,1054.338153275509,1068.0099676200427,1034.2325439453125,1034.2325439453125,14200,0.0,0.0
2011-01-24 00:00:00+09:00,1044.6874065354916,1048.708528192672,1033.4282658953862,1039.862060546875,10800,0.0,0.0
2011-01-25 00:00:00+09:00,1043.0790186292343,1063.9888524645157,1043.0790186292343,1053.533935546875,9400,0.0,0.0
2011-01-26 00:00:00+09:00,1054.337843308755,1060.771636402935,1051.120946761665,1051.9251708984375,10400,0.0,0.0
2011-01-27 00:00:00+09:00,1048.7088025681514,1065.597517946933,1040.6665571496842,1058.3594970703125,7600,0.0,0.0
2011-01-28 00:00:00+09:00,1038.2536406269223,1039.0578649806225,1017.3438074307178,1021.3649291992188,12200,0.0,0.0
2011-01-31 00:00:00+09:00,973.1116969079214,998.0426577377938,966.6779005647286,992.4130859375,7000,0.0,0.0
2011-02-01 00:00:00+09:00,991.6085531682714,996.4338989257812,988.3916559965982,996.4338989257812,8700,0.0,0.0
2011-02-02 00:00:00+09:00,1003.6719474521508,1025.3860040076058,1003.6719474521508,1018.9522094726562,10800,0.0,0.0
2011-02-03 00:00:00+09:00,1019.7563967189377,1019.7563967189377,998.8465652404736,1004.4761352539062,8800,0.0,0.0
2011-02-04 00:00:00+09:00,1013.3227356149571,1025.3861015151351,1012.5185112216119,1019.7565307617188,7200,0.0,0.0
2011-02-07 00:00:00+09:00,1018.1481363416002,1018.1481363416002,1008.4974431061348,1014.1270141601562,9100,0.0,0.0
2011-02-08 00:00:00+09:00,1026.9946499659993,1031.819996794344,1026.9946499659993,1030.2115478515625,4300,0.0,0.0
2011-02-09 00:00:00+09:00,1030.2115478515625,1031.819996794344,1029.4073233801716,1030.2115478515625,7100,0.0,0.0
2011-02-10 00:00:00+09:00,1029.4071762870515,1037.4494198517941,1028.602951930577,1031.015625,7400,0.0,0.0
2011-02-14 00:00:00+09:00,1037.449246700679,1037.449246700679,1031.8196771449389,1032.6239013671875,2700,0.0,0.0
2011-02-15 00:00:00+09:00,1041.4702870318222,1045.4914078311729,1037.4491662324715,1043.0787353515625,9900,0.0,0.0
2011-02-16 00:00:00+09:00,1043.0791520873552,1043.0791520873552,1037.449580719112,1041.470703125,5000,0.0,0.0
2011-02-17 00:00:00+09:00,1043.8830201768621,1068.8139705817025,1043.8830201768621,1060.771728515625,12000,0.0,0.0
2011-02-18 00:00:00+09:00,1064.7931624422606,1071.2269579857184,1062.380489113464,1066.401611328125,5200,0.0,0.0
2011-02-21 00:00:00+09:00,1072.0311824286505,1093.7452423878206,1066.401611328125,1066.401611328125,3600,0.0,0.0
2011-02-22 00:00:00+09:00,1065.597193046639,1069.6183145298337,1061.576071563444,1064.79296875,9000,0.0,0.0
2011-02-23 00:00:00+09:00,1064.7933096255897,1082.486249815743,1064.7933096255897,1065.5975341796875,5900,0.0,0.0
2011-02-24 00:00:00+09:00,1065.5973868851927,1077.660753529176,1063.9889379993283,1066.401611328125,16100,0.0,0.0
2011-02-25 00:00:00+09:00,1069.6185302734375,1085.7030194504816,1066.4016324380286,1069.6185302734375,4400,0.0,0.0
2011-02-28 00:00:00+09:00,1073.6397797206664,1093.7453935731132,1065.5975341796875,1065.5975341796875,13500,0.0,0.0
2011-03-01 00:00:00+09:00,1072.0310668041088,1086.5071052155672,1072.0310668041088,1085.702880859375,5000,0.0,0.0
2011-03-02 00:00:00+09:00,1077.6605068108975,1077.6605068108975,1031.0154997996794,1035.03662109375,13600,0.0,0.0
2011-03-03 00:00:00+09:00,1040.6662096565153,1045.4915552963446,1040.6662096565153,1042.274658203125,3100,0.0,0.0
2011-03-04 00:00:00+09:00,1046.2961289426114,1069.618640656167,1046.2961289426114,1058.3594970703125,3300,0.0,0.0
2011-03-07 00:00:00+09:00,1059.9675922158324,1059.9675922158324,1036.6450882899908,1042.274658203125,8400,0.0,0.0
2011-03-08 00:00:00+09:00,1047.9040803107832,1053.5336494298742,1043.0787353515625,1043.0787353515625,3500,0.0,0.0
2011-03-09 00:00:00+09:00,1049.5125181854178,1068.009673678341,1047.0998457298192,1059.1632080078125,4700,0.0,0.0
2011-03-10 00:00:00+09:00,1064.7932087590143,1064.7932087590143,1043.0791478553185,1045.4918212890625,12600,0.0,0.0
2011-03-11 00:00:00+09:00,1045.491714477539,1046.295938873291,1029.4072265625,1029.4072265625,33200,0.0,0.0
2011-03-14 00:00:00+09:00,988.3918321989152,1044.68754273913,926.4665506046788,1014.1270141601562,9300,0.0,0.0
2011-03-15 00:00:00+09:00,968.2860494104232,968.2860494104232,804.2242935302518,906.3607788085938,12700,0.0,0.0
2011-03-16 00:00:00+09:00,882.2342156818017,955.4186401367188,807.4413423377657,955.4186401367188,27500,0.0,0.0
2011-03-17 00:00:00+09:00,931.2917610690338,997.2381552034558,931.2917610690338,987.5874633789062,16400,0.0,0.0
2011-03-18 00:00:00+09:00,1011.7141296480188,1052.729567336452,996.4338685484064,1050.31689453125,15000,0.0,0.0
2011-03-22 00:00:00+09:00,1098.570449077219,1137.977441760077,1050.31698864923,1109.82958984375,12900,0.0,0.0
2011-03-23 00:00:00+09:00,1125.9140949319649,1125.9140949319649,1089.7239990234375,1089.7239990234375,5500,0.0,0.0
2011-03-24 00:00:00+09:00,1076.0521173222483,1124.3055754981337,1073.639444413454,1084.0943603515625,7100,0.0,0.0
2011-03-25 00:00:00+09:00,1084.0944030115356,1084.0944030115356,1026.1902509218987,1063.1845703125,15200,0.0,0.0
2011-03-28 00:00:00+09:00,1069.6182797560052,1077.6605224609375,1061.5760370510727,1077.6605224609375,7600,0.0,0.0
2011-03-29 00:00:00+09:00,1089.0471784319197,1127.2736290564903,1084.9805347484548,1110.1937255859375,12100,15.0,0.0
2011-03-30 00:00:00+09:00,1130.5272273675514,1134.5938720703125,1105.3140302104334,1134.5938720703125,14700,0.0,0.0
2011-03-31 00:00:00+09:00,1138.6604654130026,1138.6604654130026,1125.6472029511397,1132.9671630859375,6600,0.0,0.0
2011-04-01 00:00:00+09:00,1122.393975261372,1122.393975261372,1108.5673828125,1108.5673828125,4900,0.0,0.0
2011-04-04 00:00:00+09:00,1108.5671194728134,1114.2604208934367,1103.6871468265647,1111.8204345703125,10200,0.0,0.0
2011-04-05 00:00:00+09:00,1106.1271983736763,1106.1271983736763,1069.5274013686649,1075.220703125,10100,0.0,0.0
2011-04-06 00:00:00+09:00,1097.180483033057,1097.180483033057,1069.5273055511266,1076.033935546875,16800,0.0,0.0
2011-04-07 00:00:00+09:00,1070.340698336305,1093.9272334820137,1035.3675600168056,1054.887451171875,11100,0.0,0.0
2011-04-08 00:00:00+09:00,1058.1407347622448,1093.9272008110834,1058.1407347622448,1080.9139404296875,10800,0.0,0.0
2011-04-11 00:00:00+09:00,1075.2205106153228,1080.100482675604,1075.2205106153228,1076.84716796875,6000,0.0,0.0
2011-04-12 00:00:00+09:00,1069.5274013686649,1077.6606895920008,1052.4474960996597,1075.220703125,8200,0.0,0.0
2011-04-13 00:00:00+09:00,1074.407259034859,1097.1804636169757,1074.407259034859,1079.2872314453125,8000,0.0,0.0
2011-04-14 00:00:00+09:00,1076.0340375744393,1104.50054650498,1074.4073799212656,1094.7406005859375,11400,0.0,0.0
2011-04-15 00:00:00+09:00,1083.354076533896,1089.0473787379028,1066.274169921875,1066.274169921875,5300,0.0,0.0
2011-04-18 00:00:00+09:00,1076.8474454436023,1076.8474454436023,1061.3941966041548,1066.274169921875,4800,0.0,0.0
2011-04-19 00:00:00+09:00,1060.5806694380735,1084.980531465023,1028.0475200688074,1063.833984375,5600,0.0,0.0
2011-04-20 00:00:00+09:00,1063.0208408240117,1075.2207739627722,1063.0208408240117,1073.5941162109375,4000,0.0,0.0
2011-04-21 00:00:00+09:00,1074.407445086855,1080.914076094194,1057.32753869259,1073.5941162109375,7100,0.0,0.0
2011-04-22 00:00:00+09:00,1073.594153538223,1085.7940871011574,1065.4608644962668,1082.540771484375,5900,0.0,0.0
2011-04-25 00:00:00+09:00,1082.5405136674394,1082.5405136674394,1069.5272542995363,1074.4072265625,7600,0.0,0.0
2011-04-26 00:00:00+09:00,1073.5940454803329,1078.4740184143343,1047.567523165658,1075.220703125,8500,0.0,0.0
2011-04-27 00:00:00+09:00,1084.9805584643261,1089.860530991152,1077.660599674087,1080.1005859375,10900,0.0,0.0
2011-04-28 00:00:00+09:00,1080.9141136759836,1087.4207449095486,1073.594153538223,1082.540771484375,14000,0.0,0.0
2011-05-02 00:00:00+09:00,1083.3539718696975,1085.7939582928275,1078.4739990234375,1078.4739990234375,5100,0.0,0.0
2011-05-06 00:00:00+09:00,1077.6606253343386,1081.7272692035249,1077.6606253343386,1080.9139404296875,2400,0.0,0.0
2011-05-09 00:00:00+09:00,1080.9140490886878,1137.8470689804922,1077.660733666299,1088.2340087890625,14400,0.0,0.0
2011-05-10 00:00:00+09:00,1112.6338089472567,1112.6338089472567,1077.6606702157276,1078.4739990234375,12400,0.0,0.0
2011-05-11 00:00:00+09:00,1080.9139596845519,1086.6072612028302,1077.66064453125,1077.66064453125,5400,0.0,0.0
2011-05-12 00:00:00+09:00,1077.660599674087,1091.4871885000941,1077.660599674087,1080.1005859375,6200,0.0,0.0
2011-05-13 00:00:00+09:00,1080.1006900840418,1081.727347749831,1049.1941944340467,1052.447509765625,10300,0.0,0.0
2011-05-16 00:00:00+09:00,1052.447509765625,1073.5940594208848,1049.1941944340467,1052.447509765625,5100,0.0,0.0
2011-05-17 00:00:00+09:00,1057.3272775233477,1071.967193673671,1053.2606341482579,1061.3939208984375,5700,0.0,0.0
2011-05-18 00:00:00+09:00,1050.8207757977098,1081.7272692035249,1050.0074470238726,1080.9139404296875,8300,0.0,0.0
2011-05-19 00:00:00+09:00,1081.7271236428173,1114.2602702185413,1080.1004663140313,1095.5537109375,10600,0.0,0.0
2011-05-20 00:00:00+09:00,1086.607330748301,1112.6338536404758,1086.607330748301,1106.9405517578125,3500,0.0,0.0
2011-05-23 00:00:00+09:00,1095.5539928367573,1095.5539928367573,1038.6209716796875,1038.6209716796875,15100,0.0,0.0
2011-05-24 00:00:00+09:00,1026.4210461203484,1063.8341745843231,1022.3544017220903,1027.234375,11300,0.0,0.0
2011-05-25 00:00:00+09:00,1027.234189107099,1036.1808051642472,1008.5276282603347,1032.927490234375,10900,0.0,0.0
2011-05-26 00:00:00+09:00,1039.4342484393112,1072.7807305879903,1039.4342484393112,1052.447509765625,9900,0.0,0.0
2011-05-27 00:00:00+09:00,1063.8341652199074,1069.5274673273534,1041.8742856626156,1054.07421875,5000,0.0,0.0
2011-05-30 00:00:00+09:00,1054.0740775240386,1059.76737886869,1044.3141323617788,1057.327392578125,3300,0.0,0.0
2011-05-31 00:00:00+09:00,1057.327424731408,1092.3005626263698,1057.327424731408,1062.2073974609375,9300,0.0,0.0
2011-06-01 00:00:00+09:00,1080.1006120178042,1101.247160144659,1049.194118601632,1096.3671875,5100,0.0,0.0
2011-06-02 00:00:00+09:00,1071.154208785917,1095.5540768676008,1046.7543407042333,1060.5809326171875,4900,0.0,0.0
2011-06-03 00:00:00+09:00,1053.2606822585758,1069.5272565019516,1031.3008070300186,1032.1141357421875,8700,0.0,0.0
2011-06-06 00:00:00+09:00,1036.9940871827341,1036.9940871827341,1011.7808976120166,1019.9141845703125,6700,0.0,0.0
2011-06-07 00:00:00+09:00,1006.9009254370391,1020.7275132661422,1006.9009254370391,1019.9141845703125,2300,0.0,0.0
2011-06-08 00:00:00+09:00,1006.0878241290578,1044.3142814726841,1006.0878241290578,1027.234375,3600,0.0,0.0
2011-06-09 00:00:00+09:00,1028.0475559627575,1046.754117503219,1024.7942409122425,1026.4208984375,3300,0.0,0.0
2011-06-10 00:00:00+09:00,1040.2474159530445,1066.27393456954,1019.1008695771422,1028.0474853515625,19400,0.0,0.0
2011-06-13 00:00:00+09:00,1027.2341634691747,1038.6207654395378,991.4477001337482,1032.1141357421875,4500,0.0,0.0
2011-06-14 00:00:00+09:00,1038.6207946915329,1087.4205187960683,1038.6207946915329,1079.2872314453125,7200,0.0,0.0
2011-06-15 00:00:00+09:00,1097.9938901312732,1097.9938901312732,1079.2873275586664,1093.92724609375,4000,0.0,0.0
2011-06-16 00:00:00+09:00,1094.7405749012546,1102.873862976301,1093.92724609375,1093.92724609375,5300,0.0,0.0
2011-06-17 00:00:00+09:00,1094.7404774117488,1095.5538061468244,1054.8873693930448,1079.2872314453125,9100,0.0,0.0
2011-06-20 00:00:00+09:00,1079.2872314453125,1080.1005601803881,1054.8873693930448,1079.2872314453125,3400,0.0,0.0
2011-06-21 00:00:00+09:00,1079.2871306599875,1091.487060546875,1054.0739422270865,1091.487060546875,5600,0.0,0.0
2011-06-22 00:00:00+09:00,1093.927171228612,1137.846923828125,1093.1138424767692,1137.846923828125,12400,0.0,0.0
2011-06-23 00:00:00+09:00,1115.0738132460433,1137.8470202269984,1115.0738132460433,1137.03369140625,3800,0.0,0.0
2011-06-24 00:00:00+09:00,1137.0335950762822,1137.846923828125,1120.7670200394255,1137.846923828125,13800,0.0,0.0
2011-06-27 00:00:00+09:00,1137.0335420517167,1137.0335420517167,1120.7669677734375,1120.7669677734375,6300,0.0,0.0
2011-06-28 00:00:00+09:00,1118.3270779585087,1135.406982421875,1117.513749174539,1135.406982421875,5200,0.0,0.0
2011-06-29 00:00:00+09:00,1135.4069375725965,1137.846923828125,1135.4069375725965,1137.846923828125,3500,0.0,0.0
2011-06-30 00:00:00+09:00,1138.6601972246503,1163.06005859375,1137.846868512347,1163.06005859375,13100,0.0,0.0
2011-07-01 00:00:00+09:00,1163.873534735318,1179.3267822265625,1163.0602059199891,1179.3267822265625,13100,0.0,0.0
2011-07-04 00:00:00+09:00,1180.1400917189649,1185.8333933330468,1180.1400917189649,1182.580078125,4400,0.0,0.0
2011-07-05 00:00:00+09:00,1182.5799371329517,1195.5931964136446,1182.5799371329517,1185.833251953125,8800,0.0,0.0
2011-07-06 00:00:00+09:00,1185.8333044458354,1202.9132080078125,1185.8333044458354,1202.9132080078125,5600,0.0,0.0
2011-07-07 00:00:00+09:00,1203.7265566170934,1217.5531454431004,1202.9132278626223,1215.1131591796875,9300,0.0,0.0
2011-07-08 00:00:00+09:00,1219.1800991609134,1219.9934281129888,1211.8601385922354,1216.7401123046875,9600,0.0,0.0
2011-07-11 00:00:00+09:00,1214.2996639437729,1217.552978515625,1198.8464197274757,1217.552978515625,6400,0.0,0.0
2011-07-12 00:00:00+09:00,1204.540152722617,1218.366744617475,1204.540152722617,1215.9267578125,5700,0.0,0.0
2011-07-13 00:00:00+09:00,1198.8465709429224,1217.5531320906073,1198.8465709429224,1206.9798583984375,4800,0.0,0.0
2011-07-14 00:00:00+09:00,1185.020013473376,1212.6731915503112,1185.020013473376,1196.4066162109375,2700,0.0,0.0
2011-07-15 00:00:00+09:00,1183.3931727015763,1202.0997314453125,1183.3931727015763,1202.0997314453125,2700,0.0,0.0
2011-07-19 00:00:00+09:00,1209.4197843993804,1215.1130853346835,1185.833251953125,1185.833251953125,7100,0.0,0.0
2011-07-20 00:00:00+09:00,1192.3399728659815,1211.85986328125,1192.3399728659815,1211.85986328125,3700,0.0,0.0
2011-07-21 00:00:00+09:00,1211.0469251761408,1211.0469251761408,1193.1536865234375,1193.1536865234375,2000,0.0,0.0
2011-07-22 00:00:00+09:00,1193.153352551152,1205.3532845813274,1171.1934748968363,1182.580078125,6300,0.0,0.0
2011-07-25 00:00:00+09:00,1182.5798440605442,1207.7930319325367,1182.5798440605442,1202.0997314453125,4400,0.0,0.0
2011-07-26 00:00:00+09:00,1211.860113137542,1219.1800735524666,1206.1668105926003,1215.9267578125,5000,0.0,0.0
2011-07-27 00:00:00+09:00,1215.9265071177642,1217.55316465237,1191.5266440986786,1211.85986328125,7500,0.0,0.0
2011-07-28 00:00:00+09:00,1214.300018892626,1214.300018892626,1176.886890380194,1193.966796875,6300,0.0,0.0
2011-07-29 00:00:00+09:00,1193.9669996529572,1193.9669996529572,1180.1404063327252,1180.9537353515625,3300,0.0,0.0
2011-08-01 00:00:00+09:00,1138.660405191143,1170.3802307643248,1137.847076330292,1158.1802978515625,7300,0.0,0.0
2011-08-02 00:00:00+09:00,1160.6203377295997,1160.6203377295997,1142.7271019692275,1144.353759765625,2900,0.0,0.0
2011-08-03 00:00:00+09:00,1145.166587581345,1145.166587581345,1115.073431515642,1124.8333740234375,8000,0.0,0.0
2011-08-04 00:00:00+09:00,1117.5135776389018,1138.6601227761737,1087.420417251246,1091.487060546875,5500,0.0,0.0
2011-08-05 00:00:00+09:00,1058.9542747450753,1060.5809326171875,1050.0076564484577,1060.5809326171875,6400,0.0,0.0
2011-08-08 00:00:00+09:00,1045.9406788245824,1060.580595013418,1006.0875736438635,1013.4075317382812,9500,0.0,0.0
2011-08-09 00:00:00+09:00,989.8211159481995,1028.047568248582,986.5678008588052,1003.647705078125,6700,0.0,0.0
2011-08-10 00:00:00+09:00,1052.4476805872887,1056.5143254118145,1000.394626833358,1034.554443359375,8900,0.0,0.0
2011-08-11 00:00:00+09:00,1023.1677215952932,1055.7008764949844,1023.1677215952932,1054.07421875,4500,0.0,0.0
2011-08-12 00:00:00+09:00,1060.580654594654,1060.580654594654,1031.3008205721023,1040.2474365234375,4900,0.0,0.0
2011-08-15 00:00:00+09:00,1064.6472025130508,1065.4605311627936,1038.620685721288,1056.513916015625,2800,0.0,0.0
2011-08-16 00:00:00+09:00,1065.4606683570219,1112.6337361163403,1062.2073533391379,1080.1005859375,6300,0.0,0.0
2011-08-17 00:00:00+09:00,1066.2741547884382,1104.5006119013722,1066.2741547884382,1089.04736328125,3800,0.0,0.0
2011-08-18 00:00:00+09:00,1099.6204112535113,1109.3803557320925,1081.7271797094452,1085.7938232421875,3000,0.0,0.0
2011-08-19 00:00:00+09:00,1064.6475470512328,1117.513926392967,1064.6475470512328,1090.674072265625,4900,0.0,0.0
2011-08-22 00:00:00+09:00,1090.6737318877492,1102.060333115511,1076.84714468261,1091.487060546875,3000,0.0,0.0
2011-08-23 00:00:00+09:00,1093.1138916015625,1093.9272203899566,1082.5406173524402,1093.1138916015625,6300,0.0,0.0
2011-08-24 00:00:00+09:00,1097.9938901312732,1106.1271782063197,1087.420615633713,1093.92724609375,4100,0.0,0.0
2011-08-25 00:00:00+09:00,1096.3673156151838,1121.5805105588565,1096.3673156151838,1100.4339599609375,6600,0.0,0.0
2011-08-26 00:00:00+09:00,1100.4336738281252,1118.326904296875,1100.4336738281252,1118.326904296875,6300,0.0,0.0
2011-08-29 00:00:00+09:00,1129.7136618477957,1154.9268537248884,1123.2070316859654,1138.6602783203125,7300,0.0,0.0
2011-08-30 00:00:00+09:00,1150.0468313063088,1178.5133370317126,1141.9135439561935,1167.9400634765625,13000,0.0,0.0
2011-08-31 00:00:00+09:00,1167.1271420313308,1180.9537353515625,1167.1271420313308,1180.9537353515625,11900,0.0,0.0
2011-09-01 00:00:00+09:00,1181.7666475154497,1194.7799072265625,1179.3266613196158,1194.7799072265625,4800,0.0,0.0
2011-09-02 00:00:00+09:00,1186.6467541838347,1195.5933712475921,1149.2336282808487,1187.4600830078125,10700,0.0,0.0
2011-09-05 00:00:00+09:00,1167.9401278838268,1182.5800459213679,1151.673552286559,1177.7000732421875,5600,0.0,0.0
2011-09-06 00:00:00+09:00,1177.7000350113753,1187.459980052906,1164.686774956001,1184.2066650390625,5500,0.0,0.0
2011-09-07 00:00:00+09:00,1176.8867372569302,1178.513394806698,1147.6069013611118,1168.57275390625,11800,0.0,0.0
2011-09-08 00:00:00+09:00,1158.9936267124133,1163.8735998775182,1115.88719708732,1158.1802978515625,8800,0.0,0.0
2011-09-09 00:00:00+09:00,1149.2335025712973,1174.4466933566548,1147.6068451012743,1167.9400634765625,21200,0.0,0.0
2011-09-12 00:00:00+09:00,1162.246852041661,1162.246852041661,1110.1938089831121,1132.1536865234375,15200,0.0,0.0
2011-09-13 00:00:00+09:00,1137.8472699405293,1141.1005859375,1102.0607939738507,1141.1005859375,6800,0.0,0.0
2011-09-14 00:00:00+09:00,1139.4735813318107,1154.1134988649817,1109.3804175136258,1137.846923828125,10000,0.0,0.0
2011-09-15 00:00:00+09:00,1151.6734566215036,1163.06005859375,1141.9135120738638,1163.06005859375,6700,0.0,0.0
2011-09-16 00:00:00+09:00,1164.6870174952157,1191.526871948667,1145.1671233472512,1168.753662109375,12800,0.0,0.0
2011-09-20 00:00:00+09:00,1167.126741429156,1177.7000150448907,1167.126741429156,1172.0067138671875,3900,0.0,0.0
2011-09-21 00:00:00+09:00,1172.006986144891,1191.5268804318287,1156.5537365010653,1157.3670654296875,8000,0.0,0.0
2011-09-22 00:00:00+09:00,1158.1800657022968,1158.1800657022968,1133.7802047675575,1150.860107421875,8800,0.0,0.0
2011-09-26 00:00:00+09:00,1132.9671734080594,1132.9671734080594,1106.1273193359375,1106.1273193359375,5400,0.0,0.0
2011-09-27 00:00:00+09:00,1106.127438970064,1150.8605339284122,1093.1141749821809,1141.1005859375,10400,0.0,0.0
2011-09-28 00:00:00+09:00,1136.1852493389936,1204.1761474609375,1136.1852493389936,1204.1761474609375,13300,10.0,0.0
2011-09-29 00:00:00+09:00,1204.176390217176,1228.7514185889552,1171.4096857214706,1227.9322509765625,19600,0.0,0.0
2011-09-30 00:00:00+09:00,1228.751220703125,1228.751220703125,1216.4637084960937,1228.751220703125,10900,0.0,0.0
2011-10-03 00:00:00+09:00,1217.2830179603154,1218.9213531123482,1199.2613312879555,1214.00634765625,19000,0.0,0.0
2011-10-04 00:00:00+09:00,1209.0910649565078,1211.5485671210536,1155.0260173365014,1191.8885498046875,19100,0.0,0.0
2011-10-05 00:00:00+09:00,1192.7077061662553,1196.8035430692987,1161.579345703125,1161.579345703125,7800,0.0,0.0
2011-10-06 00:00:00+09:00,1177.9628419009123,1178.7820093848488,1122.2594529932196,1153.3878173828125,10800,0.0,0.0
2011-10-07 00:00:00+09:00,1150.1111859671678,1188.6120590016812,1150.1111859671678,1164.856201171875,5200,0.0,0.0
2011-10-11 00:00:00+09:00,1178.781941225255,1195.98445739324,1173.8669366058307,1184.51611328125,13500,0.0,0.0
2011-10-12 00:00:00+09:00,1185.3353271484375,1198.442006646969,1177.1436524618555,1185.3353271484375,11000,0.0,0.0
2011-10-13 00:00:00+09:00,1185.3354323115045,1200.8996155968664,1173.0479191914822,1182.8779296875,6600,0.0,0.0
2011-10-14 00:00:00+09:00,1165.6754359778135,1176.324614240436,1138.642906541926,1150.930419921875,8000,0.0,0.0
2011-10-17 00:00:00+09:00,1157.4838022019535,1168.9521484375,1115.7062552010336,1168.9521484375,4700,0.0,0.0
2011-10-18 00:00:00+09:00,1167.3136748601257,1167.3136748601257,1114.8869554278112,1125.5361328125,7500,0.0,0.0
2011-10-19 00:00:00+09:00,1146.8342272763325,1150.9300638023194,1121.4400408152137,1129.6317138671875,4200,0.0,0.0
2011-10-20 00:00:00+09:00,1122.2594482421875,1123.0786157226562,1083.7585766601562,1105.8760986328125,6200,0.0,0.0
2011-10-21 00:00:00+09:00,1094.4077782474346,1118.9828032080807,1094.4077782474346,1097.6844482421875,3800,0.0,0.0
2011-10-24 00:00:00+09:00,1111.610445363898,1167.3138427734375,1111.610445363898,1167.3138427734375,6800,0.0,0.0
2011-10-25 00:00:00+09:00,1167.313713427411,1179.601226200331,1111.610322190173,1113.2486572265625,26800,0.0,0.0
2011-10-26 00:00:00+09:00,1091.1310501098633,1119.8019110361736,1074.7477010091147,1100.9610595703125,10300,0.0,0.0
2011-10-27 00:00:00+09:00,1094.407505996181,1114.0675210739569,1078.843327392942,1099.322509765625,11200,0.0,0.0
2011-10-28 00:00:00+09:00,1123.897827242846,1138.6428424690641,1019.0443856341841,1059.18359375,45700,0.0,0.0
2011-10-31 00:00:00+09:00,1069.013839058254,1159.122285262398,1061.6413298233695,1130.451416015625,22400,0.0,0.0
2011-11-01 00:00:00+09:00,1123.0786507104747,1178.7820411177047,1117.344478168554,1175.50537109375,19600,0.0,0.0
2011-11-02 00:00:00+09:00,1150.9303027758426,1168.951987232119,1132.9086183195661,1157.483642578125,14400,0.0,0.0
2011-11-04 00:00:00+09:00,1150.1111672380846,1165.6753497007082,1090.3119398816884,1138.642822265625,37600,0.0,0.0
2011-11-07 00:00:00+09:00,1138.6429316476253,1146.0154398381496,1104.2378934251792,1142.73876953125,6600,0.0,0.0
2011-11-08 00:00:00+09:00,1121.440196299639,1147.653553700361,1119.801861462094,1134.546875,7500,0.0,0.0
2011-11-09 00:00:00+09:00,1141.1006808617415,1158.303203688803,1135.3665065860544,1149.2923583984375,8700,0.0,0.0
2011-11-10 00:00:00+09:00,1132.908601541722,1155.026123046875,1098.503568089262,1155.026123046875,14300,0.0,0.0
2011-11-11 00:00:00+09:00,1155.0261956061515,1171.4095458984375,1145.1961854307801,1171.4095458984375,9000,0.0,0.0
2011-11-14 00:00:00+09:00,1170.5903919749935,1191.069580078125,1164.0370517819915,1191.069580078125,8400,0.0,0.0
2011-11-15 00:00:00+09:00,1182.8778466328017,1197.622861341521,1182.8778466328017,1194.34619140625,7800,0.0,0.0
2011-11-16 00:00:00+09:00,1195.16569254221,1199.2615311047261,1183.697344567165,1189.4315185546875,4200,0.0,0.0
2011-11-17 00:00:00+09:00,1184.5161937653238,1197.6228736410121,1173.0478488740966,1190.2503662109375,4600,0.0,0.0
2011-11-18 00:00:00+09:00,1177.9627619085436,1195.1652779030355,1177.9627619085436,1188.6119384765625,6900,0.0,0.0
2011-11-21 00:00:00+09:00,1172.2286476499062,1187.7928295544123,1172.2286476499062,1185.3353271484375,3300,0.0,0.0
2011-11-22 00:00:00+09:00,1168.9520569267431,1195.1654176987513,1168.9520569267431,1191.069580078125,16300,0.0,0.0
2011-11-24 00:00:00+09:00,1178.7820165508758,1189.4311939067907,1172.2286766395437,1183.697021484375,11000,0.0,0.0
2011-11-25 00:00:00+09:00,1183.6969166961164,1194.3460931092995,1183.6969166961164,1186.1544189453125,15500,0.0,0.0
2011-11-28 00:00:00+09:00,1191.888411574354,1212.3675939038103,1186.9734078152846,1206.6334228515625,24100,0.0,0.0
2011-11-29 00:00:00+09:00,1220.5597248014856,1252.5072612224642,1220.5597248014856,1249.2305908203125,32600,0.0,0.0
2011-11-30 00:00:00+09:00,1245.9535726991487,1245.9535726991487,1223.0168862852263,1234.4852294921875,35700,0.0,0.0
2011-12-01 00:00:00+09:00,1236.123651940373,1236.9428193704198,1219.7403033394405,1229.5703125,12100,0.0,0.0
2011-12-02 00:00:00+09:00,1230.3895782533368,1230.3895782533368,1191.8887059644508,1196.8037109375,19400,0.0,0.0
2011-12-05 00:00:00+09:00,1195.1653588900676,1204.1762012120628,1189.4311865033435,1194.34619140625,7700,0.0,0.0
2011-12-06 00:00:00+09:00,1194.3460519692333,1219.7402410028726,1179.6010389819587,1191.8885498046875,9900,0.0,0.0
2011-12-07 00:00:00+09:00,1206.633681333551,1206.633681333551,1177.1436524618555,1185.3353271484375,13200,0.0,0.0
2011-12-08 00:00:00+09:00,1185.3353687710232,1185.3353687710232,1175.5053588019475,1179.6011962890625,10200,0.0,0.0
2011-12-09 00:00:00+09:00,1155.026123046875,1167.3136349941822,1155.026123046875,1155.026123046875,24300,0.0,0.0
2011-12-12 00:00:00+09:00,1177.9628517065155,1177.9628517065155,1157.4836644376262,1166.4945068359375,19100,0.0,0.0
2011-12-13 00:00:00+09:00,1166.4945788608034,1182.8779296875,1166.4945788608034,1182.8779296875,27900,0.0,0.0
2011-12-14 00:00:00+09:00,1182.8779718217206,1187.7929772448026,1169.7712906935021,1177.143798828125,18300,0.0,0.0
2011-12-15 00:00:00+09:00,1179.6011154483601,1186.9736224199123,1172.228608476808,1173.866943359375,9600,0.0,0.0
2011-12-16 00:00:00+09:00,1165.6753393451818,1184.51619163256,1165.6753393451818,1166.4945068359375,7300,0.0,0.0
2011-12-19 00:00:00+09:00,1159.9412465605346,1180.4204352356853,1159.9412465605346,1172.228759765625,10600,0.0,0.0
2011-12-20 00:00:00+09:00,1172.2286476499062,1190.2503319603868,1165.6753079006405,1185.3353271484375,6200,0.0,0.0
2011-12-21 00:00:00+09:00,1202.538158560551,1202.538158560551,1191.0698109993468,1195.1656494140625,2000,0.0,0.0
2011-12-22 00:00:00+09:00,1197.6227627748942,1205.8144369388813,1185.335251528914,1186.1544189453125,10500,0.0,0.0
2011-12-26 00:00:00+09:00,1186.9737424574987,1200.8995903676282,1186.9737424574987,1191.069580078125,900,0.0,0.0
2011-12-27 00:00:00+09:00,1183.6969630186766,1196.8036421939698,1162.398609358825,1186.9736328125,3100,0.0,0.0
2011-12-28 00:00:00+09:00,1188.6120264178742,1188.6120264178742,1167.3136717060445,1183.697021484375,4600,0.0,0.0
2011-12-29 00:00:00+09:00,1163.2179376652437,1185.335461832118,1163.2179376652437,1181.2396240234375,1600,0.0,0.0
2011-12-30 00:00:00+09:00,1182.877851415949,1203.357038594203,1182.877851415949,1200.8995361328125,1900,0.0,0.0
2012-01-04 00:00:00+09:00,1211.5485430782649,1236.942731607965,1211.5485430782649,1234.4852294921875,17000,0.0,0.0
2012-01-05 00:00:00+09:00,1234.4856514717026,1234.4856514717026,1220.5598013887438,1224.6556396484375,1300,0.0,0.0
2012-01-06 00:00:00+09:00,1221.3789100774216,1228.7514185889552,1221.3789100774216,1227.9322509765625,5300,0.0,0.0
2012-01-10 00:00:00+09:00,1228.7510868718855,1265.613619478042,1228.7510868718855,1232.846923828125,8400,0.0,0.0
2012-01-11 00:00:00+09:00,1232.8468542464343,1249.230201146719,1232.8468542464343,1240.2193603515625,1000,0.0,0.0
2012-01-12 00:00:00+09:00,1238.5812402086083,1249.230417538444,1217.2828855489363,1241.85791015625,18300,0.0,0.0
2012-01-13 00:00:00+09:00,1240.2195358987497,1245.9537081254941,1229.570358906224,1230.3895263671875,24300,0.0,0.0
2012-01-16 00:00:00+09:00,1230.3898855248174,1252.5074134270612,1230.3898855248174,1247.5924072265625,6400,0.0,0.0
2012-01-17 00:00:00+09:00,1247.5922556192368,1249.2305908203125,1236.123909211706,1249.2305908203125,5300,0.0,0.0
2012-01-18 00:00:00+09:00,1249.2303587261,1259.0603681062398,1244.31535403603,1245.134521484375,10700,0.0,0.0
2012-01-19 00:00:00+09:00,1245.1345265972677,1257.4220383728987,1233.6661822733454,1251.6878662109375,12800,0.0,0.0
2012-01-20 00:00:00+09:00,1258.2410541586073,1277.9010706298357,1253.3260500408003,1270.528564453125,17000,0.0,0.0
2012-01-23 00:00:00+09:00,1293.4655675808742,1306.5722484429982,1239.4005090246121,1280.35888671875,9100,0.0,0.0
2012-01-24 00:00:00+09:00,1285.2736180755142,1285.2736180755142,1229.5702362851157,1264.79443359375,6300,0.0,0.0
2012-01-25 00:00:00+09:00,1269.7095534092505,1279.5395628549995,1266.432883594001,1275.4437255859375,6500,0.0,0.0
2012-01-26 00:00:00+09:00,1277.9010475056054,1282.816051534473,1275.4435454911716,1278.72021484375,7700,0.0,0.0
2012-01-27 00:00:00+09:00,1278.720371346148,1283.6353759765625,1276.262869030941,1283.6353759765625,3900,0.0,0.0
2012-01-30 00:00:00+09:00,1268.0712305442573,1283.6354123145036,1263.975393236298,1271.347900390625,8300,0.0,0.0
2012-01-31 00:00:00+09:00,1271.3481499530537,1283.63566428894,1246.7731212812807,1254.1456298828125,8900,0.0,0.0
2012-02-01 00:00:00+09:00,1262.336954964808,1264.7944571483865,1256.602783203125,1256.602783203125,2600,0.0,0.0
2012-02-02 00:00:00+09:00,1256.6029393580052,1277.9012942623783,1237.7620869425984,1261.5179443359375,5800,0.0,0.0
2012-02-03 00:00:00+09:00,1261.5180791301914,1262.337246714042,1245.1347274531759,1257.4222412109375,2200,0.0,0.0
2012-02-06 00:00:00+09:00,1271.3479125424208,1271.3479125424208,1212.367854744061,1267.2520751953125,6500,0.0,0.0
2012-02-07 00:00:00+09:00,1265.613740256469,1268.0712426647342,1265.613740256469,1267.2520751953125,3000,0.0,0.0
2012-02-08 00:00:00+09:00,1272.9866347894435,1276.2633056640625,1269.7099639148246,1276.2633056640625,5500,0.0,0.0
2012-02-09 00:00:00+09:00,1273.805554592994,1277.901392389113,1268.0713816784275,1269.709716796875,9200,0.0,0.0
2012-02-10 00:00:00+09:00,1269.7095654674413,1271.347900390625,1254.9645511587871,1271.347900390625,15300,0.0,0.0
2012-02-13 00:00:00+09:00,1271.3477609042125,1272.9860956476457,1241.038568150697,1268.8902587890625,7700,0.0,0.0
2012-02-14 00:00:00+09:00,1268.8904030041817,1278.7204125820062,1236.942871876252,1277.9012451171875,12200,0.0,0.0
2012-02-15 00:00:00+09:00,1277.901392389113,1277.901392389113,1268.0713816784275,1269.709716796875,11100,0.0,0.0
2012-02-16 00:00:00+09:00,1269.7093971001573,1272.9860665120286,1261.517723570479,1270.528564453125,9400,0.0,0.0
2012-02-17 00:00:00+09:00,1272.1671142578125,1277.9012866981245,1254.9645969368762,1272.1671142578125,11800,0.0,0.0
2012-02-20 00:00:00+09:00,1272.1668991590607,1285.2735768065463,1267.2518950412536,1270.528564453125,13000,0.0,0.0
2012-02-21 00:00:00+09:00,1272.9860434767377,1284.4543862107623,1254.1451946994114,1278.72021484375,14400,0.0,0.0
2012-02-22 00:00:00+09:00,1283.635815131955,1290.1891568811927,1275.4441379454076,1276.2633056640625,7600,0.0,0.0
2012-02-23 00:00:00+09:00,1273.8052513485864,1286.092761811756,1272.1669166201636,1272.986083984375,8600,0.0,0.0
2012-02-24 00:00:00+09:00,1279.5394228980656,1281.9969249906994,1270.5285818917412,1272.986083984375,10100,0.0,0.0
2012-02-27 00:00:00+09:00,1270.5285818917412,1280.3585902622767,1270.5285818917412,1272.986083984375,9500,0.0,0.0
2012-02-28 00:00:00+09:00,1262.3371043601346,1287.7312965958024,1262.3371043601346,1272.1671142578125,13900,0.0,0.0
2012-02-29 00:00:00+09:00,1272.9860665120286,1277.9010706298357,1266.432727688286,1270.528564453125,11700,0.0,0.0
2012-03-01 00:00:00+09:00,1272.9861768707824,1277.9011814146852,1269.7095071748474,1274.62451171875,11700,0.0,0.0
2012-03-02 00:00:00+09:00,1274.6245702369927,1281.1779099297278,1270.5287329290331,1271.347900390625,6200,0.0,0.0
2012-03-05 00:00:00+09:00,1271.3477492559523,1277.901088169643,1269.7094145275298,1272.986083984375,5900,0.0,0.0
2012-03-06 00:00:00+09:00,1272.1670557706877,1281.1778977626245,1271.3478883168755,1275.4437255859375,5200,0.0,0.0
2012-03-07 00:00:00+09:00,1272.1669396933657,1281.9969482421875,1269.7094375561603,1281.9969482421875,7300,0.0,0.0
2012-03-08 00:00:00+09:00,1276.2627765887082,1287.731119895667,1276.2627765887082,1281.9969482421875,3300,0.0,0.0
2012-03-09 00:00:00+09:00,1281.997018534604,1293.4653624703767,1272.1670094467986,1274.62451171875,23600,0.0,0.0
2012-03-12 00:00:00+09:00,1272.9863870337701,1272.9863870337701,1268.8905492376514,1269.709716796875,6900,0.0,0.0
2012-03-13 00:00:00+09:00,1272.1672194745465,1280.3588950667843,1258.2413709677421,1269.709716796875,12300,0.0,0.0
2012-03-14 00:00:00+09:00,1281.178062626008,1281.178062626008,1269.709716796875,1269.709716796875,8900,0.0,0.0
2012-03-15 00:00:00+09:00,1272.9862353138087,1281.1779099297278,1271.347900390625,1271.347900390625,6000,0.0,0.0
2012-03-16 00:00:00+09:00,1269.7095704690005,1282.8162499060998,1269.7095704690005,1277.9012451171875,5500,0.0,0.0
2012-03-19 00:00:00+09:00,1277.0821192066514,1281.9971241554904,1272.1671142578125,1272.1671142578125,3300,0.0,0.0
2012-03-21 00:00:00+09:00,1267.2519240456293,1281.9969367365286,1267.2519240456293,1268.8902587890625,15300,0.0,0.0
2012-03-22 00:00:00+09:00,1281.9969249906994,1282.8160923549108,1271.3477492559523,1272.986083984375,5600,0.0,0.0
2012-03-23 00:00:00+09:00,1273.8054297123647,1295.9229516430617,1272.98626223345,1286.912109375,10200,0.0,0.0
2012-03-26 00:00:00+09:00,1296.741919748096,1296.741919748096,1265.613560335318,1270.528564453125,9400,0.0,0.0
2012-03-27 00:00:00+09:00,1277.0820334501484,1318.0404052734375,1277.0820334501484,1318.0404052734375,12000,0.0,0.0
2012-03-28 00:00:00+09:00,1325.4824886067709,1329.6168694196429,1295.7149467540924,1302.3299560546875,6700,15.0,0.0
2012-03-29 00:00:00+09:00,1302.3301242198618,1323.0020309535105,1302.3301242198618,1307.2913818359375,6700,0.0,0.0
2012-03-30 00:00:00+09:00,1326.3094220013277,1326.3094220013277,1302.3300122519272,1303.9837646484375,3900,0.0,0.0
2012-04-02 00:00:00+09:00,1285.792330198153,1285.792330198153,1279.1773214254292,1284.9654541015625,5600,0.0,0.0
2012-04-03 00:00:00+09:00,1263.4665617054216,1276.696578058358,1260.1590576171875,1260.1590576171875,6200,0.0,0.0
2012-04-04 00:00:00+09:00,1260.1591224139538,1260.1591224139538,1241.1409729287038,1247.7559814453125,7300,0.0,0.0
2012-04-05 00:00:00+09:00,1238.6603065780835,1243.6215628127086,1233.699050343458,1239.4871826171875,1900,0.0,0.0
2012-04-06 00:00:00+09:00,1231.2184601537908,1247.7559814453125,1230.3915840892148,1247.7559814453125,5300,0.0,0.0
2012-04-09 00:00:00+09:00,1233.699050343458,1247.7559430082295,1232.0452982652498,1239.4871826171875,4500,0.0,0.0
2012-04-10 00:00:00+09:00,1225.4304012426594,1233.6991623846475,1224.6035251284604,1232.04541015625,7100,0.0,0.0
2012-04-11 00:00:00+09:00,1217.161518280298,1229.5646587519043,1212.2002620916553,1221.2958984375,6000,0.0,0.0
2012-04-12 00:00:00+09:00,1213.854031070248,1213.854031070248,1191.5283779102367,1203.9315185546875,6900,0.0,0.0
2012-04-13 00:00:00+09:00,1203.9315185546875,1205.5852706406142,1203.104642511724,1203.9315185546875,1000,0.0,0.0
2012-04-16 00:00:00+09:00,1198.970522421186,1218.8155517578125,1195.6630175317482,1218.8155517578125,6200,0.0,0.0
2012-04-17 00:00:00+09:00,1218.8155615566538,1218.8155615566538,1214.6811804116178,1215.508056640625,2100,0.0,0.0
2012-04-18 00:00:00+09:00,1217.161649590164,1275.0429780353484,1217.161649590164,1260.986083984375,8800,0.0,0.0
2012-04-19 00:00:00+09:00,1260.159303224612,1260.159303224612,1237.006770094501,1238.6605224609375,5000,0.0,0.0
2012-04-20 00:00:00+09:00,1236.1796095457719,1277.5234091961322,1236.1796095457719,1276.696533203125,5400,0.0,0.0
2012-04-23 00:00:00+09:00,1280.8307120025574,1302.3294844441757,1280.8307120025574,1295.7144775390625,2300,0.0,0.0
2012-04-24 00:00:00+09:00,1290.7538722004786,1290.7538722004786,1271.7357177734375,1271.7357177734375,3400,0.0,0.0
2012-04-25 00:00:00+09:00,1304.810453022334,1305.6373291015625,1272.5622859324285,1305.6373291015625,6800,0.0,0.0
2012-04-26 00:00:00+09:00,1305.6375787633356,1337.058875782339,1305.6375787633356,1334.5782470703125,8400,0.0,0.0
2012-04-27 00:00:00+09:00,1323.0017279984422,1330.4436127184335,1323.0017279984422,1327.1361083984375,3300,0.0,0.0
2012-05-01 00:00:00+09:00,1321.3480125465974,1323.001764752538,1303.15673828125,1303.15673828125,2100,0.0,0.0
2012-05-02 00:00:00+09:00,1332.9244579591061,1360.2113730413955,1281.6581326529865,1326.3094482421875,9700,0.0,0.0
2012-05-07 00:00:00+09:00,1294.0611752770599,1331.270602042215,1294.0611752770599,1319.6943359375,7600,0.0,0.0
2012-05-08 00:00:00+09:00,1318.8674036107898,1334.578049798003,1308.1180141142754,1328.7899169921875,5500,0.0,0.0
2012-05-09 00:00:00+09:00,1320.5211458861374,1320.5211458861374,1294.0611104018817,1299.8492431640625,4500,0.0,0.0
2012-05-10 00:00:00+09:00,1313.0792988667145,1313.0792988667145,1281.6580058207855,1297.36865234375,4900,0.0,0.0
2012-05-11 00:00:00+09:00,1277.5233154296875,1320.520863910169,1272.562059835786,1277.5233154296875,4000,0.0,0.0
2012-05-14 00:00:00+09:00,1257.678429551012,1275.8697020362995,1257.678429551012,1260.1590576171875,1900,0.0,0.0
2012-05-15 00:00:00+09:00,1227.0840037226117,1236.1796398688034,1143.5695263803045,1231.2183837890625,5600,0.0,0.0
2012-05-16 00:00:00+09:00,1226.2572471532928,1226.2572471532928,1166.7221683973676,1177.4715576171875,3800,0.0,0.0
2012-05-17 00:00:00+09:00,1162.5876877952712,1220.4690093782506,1160.1070597274293,1192.355224609375,8400,0.0,0.0
2012-05-18 00:00:00+09:00,1173.3372516156564,1194.836031419749,1157.6266048357427,1194.0091552734375,7000,0.0,0.0
2012-05-21 00:00:00+09:00,1169.2024795323202,1207.23876953125,1164.2412243150684,1207.23876953125,2500,0.0,0.0
2012-05-22 00:00:00+09:00,1204.7583077324762,1204.7583077324762,1190.701416015625,1190.701416015625,2100,0.0,0.0
2012-05-23 00:00:00+09:00,1171.6835665169224,1175.8179474855779,1157.6266712234942,1160.1072998046875,6900,0.0,0.0
2012-05-24 00:00:00+09:00,1160.1070772860007,1198.970250937064,1160.1070772860007,1185.740234375,3900,0.0,0.0
2012-05-25 00:00:00+09:00,1235.3530975782862,1235.3530975782862,1198.9705431650034,1201.451171875,7100,0.0,0.0
2012-05-28 00:00:00+09:00,1203.1045557657876,1218.815199449327,1183.2595321655274,1190.701416015625,1900,0.0,0.0
2012-05-29 00:00:00+09:00,1174.991003908279,1208.0660497607287,1171.6834993230339,1194.0091552734375,2700,0.0,0.0
2012-05-30 00:00:00+09:00,1193.182002356293,1203.1045138103993,1158.4532122669207,1171.6832275390625,7500,0.0,0.0
2012-05-31 00:00:00+09:00,1157.6266413840217,1192.3554406255423,1141.0891179356784,1191.528564453125,7000,0.0,0.0
2012-06-01 00:00:00+09:00,1168.3759671724758,1190.7016225961538,1162.5878342848557,1182.432861328125,3900,0.0,0.0
2012-06-04 00:00:00+09:00,1181.6057705078124,1240.31396484375,1160.1069951171876,1240.31396484375,12300,0.0,0.0
2012-06-05 00:00:00+09:00,1239.4873910461968,1239.4873910461968,1198.9704583168682,1209.7198486328125,4500,0.0,0.0
2012-06-06 00:00:00+09:00,1222.1226821633102,1279.1771240234375,1222.1226821633102,1279.1771240234375,5700,0.0,0.0
2012-06-07 00:00:00+09:00,1283.3117853226815,1319.6943359375,1279.1774045709979,1319.6943359375,8200,0.0,0.0
2012-06-08 00:00:00+09:00,1323.001697284345,1323.001697284345,1251.8903560553115,1294.06103515625,15300,0.0,0.0
2012-06-11 00:00:00+09:00,1331.2704578923722,1331.2704578923722,1276.696637879393,1294.06103515625,9500,0.0,0.0
2012-06-12 00:00:00+09:00,1273.3894055069895,1334.5782470703125,1273.3894055069895,1334.5782470703125,5100,0.0,0.0
2012-06-13 00:00:00+09:00,1302.3299091404756,1315.5599272650772,1285.7923864847235,1297.36865234375,3300,0.0,0.0
2012-06-14 00:00:00+09:00,1277.5235879933552,1309.7717562339642,1277.5235879933552,1289.099853515625,4500,0.0,0.0
2012-06-15 00:00:00+09:00,1323.001708984375,1323.001708984375,1316.386700439453,1323.001708984375,10100,0.0,0.0
2012-06-18 00:00:00+09:00,1314.7331552257551,1318.040660018776,1299.8493836571615,1303.9837646484375,3500,0.0,0.0
2012-06-19 00:00:00+09:00,1302.3298521299619,1302.3298521299619,1284.9654541015625,1284.9654541015625,3000,0.0,0.0
2012-06-20 00:00:00+09:00,1283.3115411471827,1283.3115411471827,1270.9084012520746,1276.696533203125,1400,0.0,0.0
2012-06-21 00:00:00+09:00,1275.8699477854082,1281.6580810546875,1270.081814516129,1281.6580810546875,3900,0.0,0.0
2012-06-22 00:00:00+09:00,1281.6580336260947,1303.156813544984,1275.0430244202828,1298.195556640625,2700,0.0,0.0
2012-06-25 00:00:00+09:00,1322.1747713668842,1322.1747713668842,1278.350341796875,1278.350341796875,7300,0.0,0.0
2012-06-26 00:00:00+09:00,1262.6398998039497,1316.3868503522513,1262.6398998039497,1313.079345703125,8100,0.0,0.0
2012-06-27 00:00:00+09:00,1313.0791298330319,1321.347890096464,1294.0609812271377,1313.906005859375,3000,0.0,0.0
2012-06-28 00:00:00+09:00,1314.732947538841,1320.5210800122825,1299.8491783214201,1312.2523193359375,5300,0.0,0.0
2012-06-29 00:00:00+09:00,1299.022441538135,1323.0018500706658,1299.022441538135,1316.3868408203125,11700,0.0,0.0
2012-07-02 00:00:00+09:00,1323.0018901209678,1323.0018901209678,1281.6580810546875,1281.6580810546875,15500,0.0,0.0
2012-07-03 00:00:00+09:00,1289.9266548522364,1303.9835478858827,1289.9266548522364,1294.06103515625,3900,0.0,0.0
2012-07-04 00:00:00+09:00,1285.7923583984375,1299.0223762340484,1277.5235972511805,1285.7923583984375,5400,0.0,0.0
2012-07-05 00:00:00+09:00,1274.216046556773,1303.983585606769,1274.216046556773,1291.5804443359375,2300,0.0,0.0
2012-07-06 00:00:00+09:00,1298.1956321930948,1311.4256513746805,1290.7537464034529,1293.234375,4700,0.0,0.0
2012-07-09 00:00:00+09:00,1280.831046724712,1308.9448334184758,1280.831046724712,1305.6373291015625,2500,0.0,0.0
2012-07-10 00:00:00+09:00,1320.521372189854,1321.3482484404426,1300.6763421757298,1317.2138671875,7100,0.0,0.0
2012-07-11 00:00:00+09:00,1302.3301242198618,1315.560144529397,1302.3301242198618,1307.2913818359375,2400,0.0,0.0
2012-07-12 00:00:00+09:00,1316.3868503522513,1316.3868503522513,1306.4643364048725,1313.079345703125,4900,0.0,0.0
2012-07-13 00:00:00+09:00,1299.022170846453,1314.732814542241,1299.022170846453,1304.810302734375,3100,0.0,0.0
2012-07-17 00:00:00+09:00,1304.810302734375,1304.810302734375,1291.5802869905538,1304.810302734375,1100,0.0,0.0
2012-07-18 00:00:00+09:00,1291.5800982233666,1308.1176154861498,1275.8694568237227,1295.7144775390625,3200,0.0,0.0
2012-07-19 00:00:00+09:00,1300.6759012858072,1303.9834051670173,1289.926513671875,1289.926513671875,3700,0.0,0.0
2012-07-20 00:00:00+09:00,1271.7353959070774,1289.099793380451,1232.872220609527,1233.6990966796875,7300,0.0,0.0
2012-07-23 00:00:00+09:00,1233.6991997092905,1275.0430066700576,1232.872323570075,1251.0635986328125,3900,0.0,0.0
2012-07-24 00:00:00+09:00,1273.389158866207,1273.389158866207,1248.5828765506317,1251.890380859375,3300,0.0,0.0
2012-07-25 00:00:00+09:00,1284.9655106707316,1284.9655106707316,1229.5648097602175,1254.37109375,7700,0.0,0.0
2012-07-26 00:00:00+09:00,1229.5649694627332,1257.6787616360573,1223.77683577999,1230.391845703125,2700,0.0,0.0
2012-07-27 00:00:00+09:00,1278.3503679605317,1296.5416409845495,1248.582830284866,1257.678466796875,1900,0.0,0.0
2012-07-30 00:00:00+09:00,1279.177245059256,1279.177245059256,1229.5646822256713,1268.4278564453125,4200,0.0,0.0
2012-07-31 00:00:00+09:00,1287.4460427506638,1287.4460427506638,1250.2366195497775,1255.1978759765625,1600,0.0,0.0
2012-08-01 00:00:00+09:00,1275.8695671862108,1276.6964431208746,1251.0632891462974,1252.717041015625,4600,0.0,0.0
2012-08-02 00:00:00+09:00,1310.5984856570578,1310.5984856570578,1263.466552734375,1263.466552734375,6300,0.0,0.0
2012-08-03 00:00:00+09:00,1260.9862329434698,1293.2344054580897,1260.9862329434698,1272.5625,1600,0.0,0.0
2012-08-06 00:00:00+09:00,1297.368689993789,1297.368689993789,1274.2161576038425,1294.8880615234375,2100,0.0,0.0
2012-08-07 00:00:00+09:00,1289.099937453497,1311.425593843006,1289.099937453497,1302.3299560546875,3000,0.0,0.0
2012-08-08 00:00:00+09:00,1312.252525703862,1314.733154296875,1308.118144715507,1314.733154296875,7100,0.0,0.0
2012-08-09 00:00:00+09:00,1323.001708984375,1323.001708984375,1318.8673286437988,1323.001708984375,7100,0.0,0.0
2012-08-10 00:00:00+09:00,1323.001708984375,1323.001708984375,1313.9060722351076,1323.001708984375,8400,0.0,0.0
2012-08-13 00:00:00+09:00,1299.849031315959,1323.001558591307,1299.849031315959,1322.1746826171875,2000,0.0,0.0
2012-08-14 00:00:00+09:00,1322.1749643885103,1323.001840538847,1319.6943359375,1319.6943359375,4200,0.0,0.0
2012-08-15 00:00:00+09:00,1324.6554611206054,1324.6554611206054,1311.4254440307618,1323.001708984375,1400,0.0,0.0
2012-08-16 00:00:00+09:00,1323.0018120792533,1351.9424767184871,1323.0018120792533,1351.1156005859375,5000,0.0,0.0
2012-08-17 00:00:00+09:00,1322.1746826171875,1323.001558591307,1321.347806643068,1322.1746826171875,3100,0.0,0.0
2012-08-20 00:00:00+09:00,1323.0017746792867,1347.8080579545233,1319.6942702425883,1321.3480224609375,2800,0.0,0.0
2012-08-21 00:00:00+09:00,1322.1747056832344,1347.807861328125,1322.1747056832344,1347.807861328125,4500,0.0,0.0
2012-08-22 00:00:00+09:00,1346.1540592508536,1346.9809352086245,1280.8308585869609,1332.09716796875,7400,0.0,0.0
2012-08-23 00:00:00+09:00,1308.9446670312745,1322.1746826171875,1308.9446670312745,1322.1746826171875,1300,0.0,0.0
2012-08-24 00:00:00+09:00,1331.2708079903653,1339.539570772914,1331.2708079903653,1332.924560546875,5700,0.0,0.0
2012-08-27 00:00:00+09:00,1339.539296628549,1339.539296628549,1310.5986328125,1310.5986328125,2000,0.0,0.0
2012-08-28 00:00:00+09:00,1299.84915749518,1313.9060504197462,1281.6578842986826,1286.619140625,11100,0.0,0.0
2012-08-29 00:00:00+09:00,1308.945020913178,1314.733154296875,1294.0612493551002,1314.733154296875,1600,0.0,0.0
2012-08-30 00:00:00+09:00,1294.8880615234375,1294.8880615234375,1294.8880615234375,1294.8880615234375,400,0.0,0.0
2012-08-31 00:00:00+09:00,1281.6578265368976,1286.6190826396212,1274.2159423828125,1274.2159423828125,3000,0.0,0.0
2012-09-03 00:00:00+09:00,1273.3889593827096,1273.3889593827096,1256.8514404296875,1256.8514404296875,5200,0.0,0.0
2012-09-04 00:00:00+09:00,1248.5831100069336,1248.5831100069336,1174.9911253773857,1183.2598876953125,11900,0.0,0.0
2012-09-05 00:00:00+09:00,1183.259746792749,1198.970393325986,1168.3759763928401,1189.874755859375,5600,0.0,0.0
2012-09-06 00:00:00+09:00,1170.856577060153,1189.0478515625,1170.856577060153,1189.0478515625,4000,0.0,0.0
2012-09-07 00:00:00+09:00,1210.5464063297736,1214.6807861328125,1179.9519957872863,1214.6807861328125,3900,0.0,0.0
2012-09-10 00:00:00+09:00,1239.4871221368962,1277.5234180797231,1214.6808421741832,1273.3890380859375,6600,0.0,0.0
2012-09-11 00:00:00+09:00,1273.3892079061513,1313.0792611395898,1266.7741990339116,1310.5986328125,5100,0.0,0.0
2012-09-12 00:00:00+09:00,1322.17483291626,1324.6554611206054,1289.9266662597656,1323.001708984375,3100,0.0,0.0
2012-09-13 00:00:00+09:00,1321.347956079917,1321.347956079917,1312.2523193359375,1312.2523193359375,1700,0.0,0.0
2012-09-14 00:00:00+09:00,1323.0016255822982,1331.2703857421875,1321.3478735503202,1331.2703857421875,12600,0.0,0.0
2012-09-18 00:00:00+09:00,1331.2706668053145,1339.5394287109375,1323.8287810902536,1339.5394287109375,5400,0.0,0.0
2012-09-19 00:00:00+09:00,1329.616717529297,1329.616717529297,1299.8491790771484,1323.001708984375,7300,0.0,0.0
2012-09-20 00:00:00+09:00,1323.0020009416196,1323.0020009416196,1317.2138671875,1317.2138671875,1100,0.0,0.0
2012-09-21 00:00:00+09:00,1317.2133678089488,1327.9627549913193,1309.771484375,1309.771484375,11100,0.0,0.0
2012-09-24 00:00:00+09:00,1310.5984277037617,1318.8671875,1308.9446757445141,1318.8671875,4200,0.0,0.0
2012-09-25 00:00:00+09:00,1323.0019048996915,1339.5394287109375,1322.175028709129,1339.5394287109375,12500,0.0,0.0
2012-09-26 00:00:00+09:00,1343.699353614365,1349.5234375,1322.8990540228112,1349.5234375,6200,10.0,0.0
2012-09-27 00:00:00+09:00,1333.7150951423266,1351.1873452970297,1333.7150951423266,1344.53125,4000,0.0,0.0
2012-09-28 00:00:00+09:00,1345.363441773592,1347.0274658203125,1338.7073455867096,1347.0274658203125,2900,0.0,0.0
2012-10-01 00:00:00+09:00,1345.3633391203703,1347.859375,1327.0590760030864,1347.859375,2800,0.0,0.0
2012-10-02 00:00:00+09:00,1353.6836075065305,1353.6836075065305,1332.0512941720685,1343.699462890625,2400,0.0,0.0
2012-10-03 00:00:00+09:00,1319.5706008587729,1343.6989409753583,1295.4422607421875,1295.4422607421875,5600,0.0,0.0
2012-10-04 00:00:00+09:00,1297.1064671908398,1314.5787159470985,1297.1064671908398,1313.7467041015625,2200,0.0,0.0
2012-10-05 00:00:00+09:00,1313.7468495076632,1313.7468495076632,1262.162109375,1262.162109375,7800,0.0,0.0
2012-10-09 00:00:00+09:00,1277.1382963689512,1289.61847516083,1234.7056884765625,1234.7056884765625,9800,0.0,0.0
2012-10-10 00:00:00+09:00,1231.3778854866514,1231.3778854866514,1173.9690516362602,1176.465087890625,5600,0.0,0.0
2012-10-11 00:00:00+09:00,1153.1684628693954,1190.608997378142,1148.1763916015625,1148.1763916015625,7000,0.0,0.0
2012-10-12 00:00:00+09:00,1155.664640677316,1187.281095929827,1155.664640677316,1164.8167724609375,3500,0.0,0.0
2012-10-15 00:00:00+09:00,1167.3126379591006,1192.2729937244412,1167.3126379591006,1188.9449462890625,2500,0.0,0.0
2012-10-16 00:00:00+09:00,1189.7770477230492,1189.7770477230492,1179.7929046652334,1182.2889404296875,1800,0.0,0.0
2012-10-17 00:00:00+09:00,1198.0971629692833,1218.8974609375,1183.1209484321673,1218.8974609375,6200,0.0,0.0
2012-10-18 00:00:00+09:00,1219.7295628994725,1248.0179702245625,1194.7692034949812,1212.241455078125,14300,0.0,0.0
2012-10-19 00:00:00+09:00,1223.0577063705373,1239.6979472735377,1223.0577063705373,1232.2098388671875,4300,0.0,0.0
2012-10-22 00:00:00+09:00,1224.7215405483764,1261.3300648582463,1224.7215405483764,1255.5059814453125,3900,0.0,0.0
2012-10-23 00:00:00+09:00,1269.6501840195804,1269.6501840195804,1251.3459218646453,1255.5059814453125,3200,0.0,0.0
2012-10-24 00:00:00+09:00,1258.8342423410434,1258.8342423410434,1235.537904743192,1248.85009765625,9200,0.0,0.0
2012-10-25 00:00:00+09:00,1249.6818980323785,1255.5059814453125,1248.0178742001117,1255.5059814453125,4800,0.0,0.0
2012-10-26 00:00:00+09:00,1256.338057271089,1256.338057271089,1221.3935550158667,1237.2017822265625,4800,0.0,0.0
2012-10-29 00:00:00+09:00,1216.4015535978197,1241.3619137947653,1189.7771693877442,1213.905517578125,5900,0.0,0.0
2012-10-30 00:00:00+09:00,1193.1052955993428,1218.065657431965,1127.3763427734375,1127.3763427734375,21900,0.0,0.0
2012-10-31 00:00:00+09:00,1129.0401564513895,1176.464835093784,1127.3761326393758,1149.8404541015625,17200,0.0,0.0
2012-11-01 00:00:00+09:00,1160.6569442146558,1172.305114264122,1147.344749872409,1158.992919921875,13500,0.0,0.0
2012-11-02 00:00:00+09:00,1164.817004946608,1168.1450535321699,1152.3368227507515,1158.992919921875,11800,0.0,0.0
2012-11-05 00:00:00+09:00,1159.824642186933,1171.4728093251088,1132.3682482183758,1146.512451171875,7000,0.0,0.0
2012-11-06 00:00:00+09:00,1146.5125800040998,1154.832700323433,1135.6964235889668,1141.5205078125,7800,0.0,0.0
2012-11-07 00:00:00+09:00,1159.8246359411692,1165.6487194788938,1147.3444569317592,1151.5045166015625,4400,0.0,0.0
2012-11-08 00:00:00+09:00,1143.1845772726492,1148.1766496624862,1138.1925048828125,1138.1925048828125,3000,0.0,0.0
2012-11-09 00:00:00+09:00,1135.6963209774858,1135.6963209774858,1126.544189453125,1126.544189453125,8800,0.0,0.0
2012-11-12 00:00:00+09:00,1132.368312251043,1132.368312251043,1095.7597848895107,1096.591796875,21400,0.0,0.0
2012-11-13 00:00:00+09:00,1081.6154758072505,1081.6154758072505,1049.9990234375,1049.9990234375,13800,0.0,0.0
2012-11-14 00:00:00+09:00,1053.3270650677123,1064.1432197643003,1053.3270650677123,1054.9910888671875,14700,0.0,0.0
2012-11-15 00:00:00+09:00,1054.1591971042265,1059.9832810661283,990.0942735233067,994.2543334960938,86500,0.0,0.0
2012-11-16 00:00:00+09:00,1009.2304825432557,1030.86279296875,996.7503034516243,1030.86279296875,35500,0.0,0.0
2012-11-19 00:00:00+09:00,1035.8548137337996,1042.5109089224504,1035.8548137337996,1039.182861328125,14900,0.0,0.0
2012-11-20 00:00:00+09:00,1042.51118225289,1065.8075215211109,1042.51118225289,1061.6474609375,18500,0.0,0.0
2012-11-21 00:00:00+09:00,1072.463442983944,1101.5838623046875,1072.463442983944,1101.5838623046875,16800,0.0,0.0
2012-11-22 00:00:00+09:00,1119.888085671303,1130.7042410306842,1059.1512132686248,1068.3033447265625,35800,0.0,0.0
2012-11-26 00:00:00+09:00,1079.1194159001993,1086.6075228725215,1064.9752138413687,1069.96728515625,21800,0.0,0.0
2012-11-27 00:00:00+09:00,1070.7995969640326,1076.623681796005,1043.343197041878,1045.8392333984375,14500,0.0,0.0
2012-11-28 00:00:00+09:00,1058.3191830252197,1059.1511949615603,1011.7265145901472,1017.5505981445312,29800,0.0,0.0
2012-11-29 00:00:00+09:00,1033.3588249350023,1047.5030278527922,1016.7185862081907,1017.5505981445312,18500,0.0,0.0
2012-11-30 00:00:00+09:00,1036.6867178169784,1054.1589658700736,998.4141744625796,1045.0068359375,189400,0.0,0.0
2012-12-03 00:00:00+09:00,1069.9673883116614,1105.7439028508538,1064.1433045494673,1100.7518310546875,54900,0.0,0.0
2012-12-04 00:00:00+09:00,1079.1196713065647,1093.2638767130502,1049.167236328125,1049.167236328125,53000,0.0,0.0
2012-12-05 00:00:00+09:00,1049.1671325683594,1081.6156005859375,1048.3351205679087,1081.6156005859375,17000,0.0,0.0
2012-12-06 00:00:00+09:00,1083.2795472321686,1084.9435711142457,1069.1353442345137,1078.2874755859375,20800,0.0,0.0
2012-12-07 00:00:00+09:00,1076.623266206878,1092.4314903629295,1064.975101039261,1080.7833251953125,21300,0.0,0.0
2012-12-10 00:00:00+09:00,1103.2478357556126,1125.712158203125,1082.447537193101,1125.712158203125,38800,0.0,0.0
2012-12-11 00:00:00+09:00,1161.4885341546474,1161.4885341546474,1130.7040959284855,1135.6961669921875,59600,0.0,0.0
2012-12-12 00:00:00+09:00,1138.1924405087527,1144.016524634163,1132.3683563833424,1140.6884765625,16400,0.0,0.0
2012-12-13 00:00:00+09:00,1133.200214657465,1143.1843575178832,1125.7121075121515,1134.0322265625,21400,0.0,0.0
2012-12-14 00:00:00+09:00,1134.0321183921646,1146.5122957772583,1134.0321183921646,1139.856201171875,27500,0.0,0.0
2012-12-17 00:00:00+09:00,1164.8166136919988,1184.7848984981474,1147.3443644866188,1178.9608154296875,34400,0.0,0.0
2012-12-18 00:00:00+09:00,1197.2651550164112,1197.2651550164112,1182.2889404296875,1182.2889404296875,13000,0.0,0.0
2012-12-19 00:00:00+09:00,1204.7531795845614,1206.4172033132693,1195.6010490766678,1199.7611083984375,29800,0.0,0.0
2012-12-20 00:00:00+09:00,1202.2572225629267,1231.3776397184301,1199.7611868067406,1218.8974609375,20600,0.0,0.0
2012-12-21 00:00:00+09:00,1243.8576969570584,1243.8576969570584,1193.93698671129,1198.0970458984375,24400,0.0,0.0
2012-12-25 00:00:00+09:00,1227.2177889076297,1227.2177889076297,1190.60925825547,1201.4254150390625,18700,0.0,0.0
2012-12-26 00:00:00+09:00,1201.4252993361788,1217.2335269590233,1173.1368920110888,1212.241455078125,11500,0.0,0.0
2012-12-27 00:00:00+09:00,1222.22543668452,1223.0574485542847,1192.2730093729865,1210.5772705078125,18100,0.0,0.0
2012-12-28 00:00:00+09:00,1207.2492735760436,1222.2254878588615,1200.5931783392355,1202.2572021484375,11300,0.0,0.0
2013-01-04 00:00:00+09:00,1224.7216736634682,1233.0417937291168,1206.4174095190413,1213.905517578125,16000,0.0,0.0
2013-01-07 00:00:00+09:00,1238.86558658327,1243.0256456382842,1218.0652913081983,1233.04150390625,14000,0.0,0.0
2013-01-08 00:00:00+09:00,1233.0416184146848,1238.033689744299,1218.8974163141115,1222.2254638671875,11900,0.0,0.0
2013-01-09 00:00:00+09:00,1172.3047489560884,1211.409307650862,1172.3047489560884,1206.417236328125,34300,0.0,0.0
2013-01-10 00:00:00+09:00,1190.6090806098832,1220.561510310761,1189.7770686737479,1214.7374267578125,13700,0.0,0.0
2013-01-11 00:00:00+09:00,1228.8817397407863,1229.7137517514436,1220.5616196342137,1224.7216796875,7300,0.0,0.0
2013-01-15 00:00:00+09:00,1229.7134871181381,1239.6976290974465,1223.057392465266,1223.889404296875,8100,0.0,0.0
2013-01-16 00:00:00+09:00,1235.5378035248305,1237.2018275026417,1208.0814078909452,1218.0655517578125,7800,0.0,0.0
2013-01-17 00:00:00+09:00,1235.5379782868986,1235.5379782868986,1204.75353034305,1225.5538330078125,6200,0.0,0.0
2013-01-18 00:00:00+09:00,1235.5378291603677,1243.8579492220535,1224.7216730801758,1229.7137451171875,9300,0.0,0.0
2013-01-21 00:00:00+09:00,1235.5378032743488,1242.1938991842444,1233.873779296875,1233.873779296875,8000,0.0,0.0
2013-01-22 00:00:00+09:00,1235.537841796875,1246.3539979876894,1223.8896735913827,1235.537841796875,12000,0.0,0.0
2013-01-23 00:00:00+09:00,1224.7217426915322,1238.865947600334,1214.737598050025,1238.033935546875,9100,0.0,0.0
2013-01-24 00:00:00+09:00,1232.2098252947349,1243.025981762548,1227.217753078821,1242.1939697265625,14900,0.0,0.0
2013-01-25 00:00:00+09:00,1248.0178535825219,1248.0178535825219,1235.5376750466967,1238.86572265625,16100,0.0,0.0
2013-01-28 00:00:00+09:00,1243.8578522301232,1248.0179119365785,1239.6977925236679,1241.36181640625,12500,0.0,0.0
2013-01-29 00:00:00+09:00,1248.0177165043015,1248.0177165043015,1231.3774802842443,1233.04150390625,9000,0.0,0.0
2013-01-30 00:00:00+09:00,1293.7785441743436,1338.707188152102,1277.1383056640625,1277.1383056640625,72600,0.0,0.0
2013-01-31 00:00:00+09:00,1289.6185166566704,1297.1066241727412,1265.490170215997,1267.9862060546875,17600,0.0,0.0
2013-02-01 00:00:00+09:00,1269.650198334436,1304.594699206026,1268.818186408922,1277.1383056640625,12900,0.0,0.0
2013-02-04 00:00:00+09:00,1290.4505997286496,1317.074983475469,1290.4505997286496,1307.9228515625,7900,0.0,0.0
2013-02-05 00:00:00+09:00,1289.61865234375,1308.7549291204637,1285.4585921748992,1289.61865234375,14300,0.0,0.0
2013-02-06 00:00:00+09:00,1305.4269828017877,1313.7471037884147,1302.9309465057997,1304.594970703125,10500,0.0,0.0
2013-02-07 00:00:00+09:00,1290.4505097504255,1297.106605223026,1281.2983784755997,1282.96240234375,7500,0.0,0.0
2013-02-08 00:00:00+09:00,1287.9545578201096,1287.9545578201096,1264.6582221489448,1281.2984619140625,13400,0.0,0.0
2013-02-12 00:00:00+09:00,1281.298553809691,1286.2906260972613,1258.834228515625,1258.834228515625,11100,0.0,0.0
2013-02-13 00:00:00+09:00,1252.178232553843,1252.178232553843,1226.3858569995775,1231.3779296875,7000,0.0,0.0
2013-02-14 00:00:00+09:00,1229.713835797991,1236.3699323381695,1216.4016427176339,1223.0577392578125,7800,0.0,0.0
2013-02-15 00:00:00+09:00,1213.9053449844973,1228.8815589733397,1213.0733330962282,1222.2254638671875,7700,0.0,0.0
2013-02-18 00:00:00+09:00,1222.2255734863281,1248.0179443359375,1222.2255734863281,1248.0179443359375,8000,0.0,0.0
2013-02-19 00:00:00+09:00,1243.8579420748347,1258.002146098428,1214.73752202626,1250.5140380859375,9200,0.0,0.0
2013-02-20 00:00:00+09:00,1243.0260823298415,1258.0023001892373,1243.0260823298415,1257.1702880859375,5500,0.0,0.0
2013-02-21 00:00:00+09:00,1248.8501430758654,1253.8422155998194,1245.5220947265625,1245.5220947265625,4300,0.0,0.0
2013-02-22 00:00:00+09:00,1220.5616196342137,1238.8658838686736,1214.7375355596128,1224.7216796875,11800,0.0,0.0
2013-02-25 00:00:00+09:00,1224.72183277027,1235.5379902607685,1220.5617721970016,1231.3779296875,19400,0.0,0.0
2013-02-26 00:00:00+09:00,1214.737632552619,1229.7138499402542,1208.9135480129833,1213.0736083984375,5500,0.0,0.0
2013-02-27 00:00:00+09:00,1206.4175258863352,1212.2416104940623,1198.9294171049717,1203.0894775390625,7400,0.0,0.0
2013-02-28 00:00:00+09:00,1198.929343855309,1243.025981762548,1198.0973318193235,1242.1939697265625,7500,0.0,0.0
2013-03-01 00:00:00+09:00,1241.361957690577,1248.018053978462,1230.5458012227634,1242.1939697265625,6700,0.0,0.0
2013-03-04 00:00:00+09:00,1227.2177909927625,1248.8501045967025,1227.2177909927625,1243.8580322265625,11000,0.0,0.0
2013-03-05 00:00:00+09:00,1243.8578216913652,1277.1382985259168,1243.8578216913652,1266.3221435546875,5500,0.0,0.0
2013-03-06 00:00:00+09:00,1266.3221884263835,1285.458463284338,1262.1621286746542,1262.994140625,7600,0.0,0.0
2013-03-07 00:00:00+09:00,1267.1541625578939,1287.1224487702311,1267.1541625578939,1277.1383056640625,6300,0.0,0.0
2013-03-08 00:00:00+09:00,1251.3460303368506,1281.2984619140625,1251.3460303368506,1281.2984619140625,35100,0.0,0.0
2013-03-11 00:00:00+09:00,1282.1303639037446,1284.6263996543685,1267.154149400002,1271.314208984375,10000,0.0,0.0
2013-03-12 00:00:00+09:00,1273.8105396476751,1287.9547455092102,1273.8105396476751,1278.8026123046875,9100,0.0,0.0
2013-03-13 00:00:00+09:00,1278.8021878437703,1287.1223061771716,1265.4899985103284,1276.30615234375,8600,0.0,0.0
2013-03-14 00:00:00+09:00,1281.2985717216038,1289.6186923171986,1274.642475245128,1275.4744873046875,5600,0.0,0.0
2013-03-15 00:00:00+09:00,1285.4586113167916,1300.4348281476668,1280.4665390398332,1290.45068359375,13100,0.0,0.0
2013-03-18 00:00:00+09:00,1306.258912470785,1307.9229365631045,1290.45068359375,1290.45068359375,5000,0.0,0.0
2013-03-19 00:00:00+09:00,1292.1145536102804,1303.7627208675526,1292.1145536102804,1299.6026611328125,6500,0.0,0.0
2013-03-21 00:00:00+09:00,1306.258878472634,1322.8991189627313,1306.258878472634,1315.4110107421875,15000,0.0,0.0
2013-03-22 00:00:00+09:00,1322.8991533939798,1322.8991533939798,1290.45068359375,1290.45068359375,7400,0.0,0.0
2013-03-25 00:00:00+09:00,1331.2191809653625,1331.2191809653625,1297.106689453125,1297.106689453125,21400,0.0,0.0
2013-03-26 00:00:00+09:00,1297.938613463785,1339.5392100491626,1297.938613463785,1335.379150390625,14800,0.0,0.0
2013-03-27 00:00:00+09:00,1279.9482837761238,1339.578420356245,1279.9482837761238,1331.1798095703125,12500,15.0,0.0
2013-03-28 00:00:00+09:00,1334.539584482111,1345.4577812085222,1331.1801393355229,1344.617919921875,7700,0.0,0.0
2013-03-29 00:00:00+09:00,1342.9381297984646,1343.7779910428662,1301.7849288227767,1312.703125,8800,0.0,0.0
2013-04-01 00:00:00+09:00,1312.7030914967888,1312.7030914967888,1278.2687813551584,1279.108642578125,7000,0.0,0.0
2013-04-02 00:00:00+09:00,1272.3896111957097,1272.3896111957097,1221.9979434255827,1238.795166015625,12000,0.0,0.0
2013-04-03 00:00:00+09:00,1238.795236592453,1309.3435754899215,1238.795236592453,1300.1051025390625,7300,0.0,0.0
2013-04-04 00:00:00+09:00,1237.9551778157552,1311.0230885823566,1237.9551778157552,1310.1832275390625,8000,0.0,0.0
2013-04-05 00:00:00+09:00,1343.7779017857142,1368.1338762555804,1315.222621372768,1340.41845703125,19400,0.0,0.0
2013-04-08 00:00:00+09:00,1343.777762014715,1365.6141506474542,1321.1015122807166,1341.2581787109375,19800,0.0,0.0
2013-04-09 00:00:00+09:00,1335.3791693456424,1368.9736138574824,1334.5393082328465,1352.1763916015625,19500,0.0,0.0
2013-04-10 00:00:00+09:00,1365.6140482484413,1368.133631363291,1352.1762716359106,1363.934326171875,13600,0.0,0.0
2013-04-11 00:00:00+09:00,1368.9737723428389,1370.6534947628913,1343.7779360420502,1368.1339111328125,8900,0.0,0.0
2013-04-12 00:00:00+09:00,1367.2938921662414,1368.97361439249,1356.3756976956265,1358.055419921875,5200,0.0,0.0
2013-04-15 00:00:00+09:00,1358.0553648675507,1362.2546702629359,1298.425228253082,1337.058837890625,16400,0.0,0.0
2013-04-16 00:00:00+09:00,1309.3436454018824,1322.781424957001,1293.3862821801788,1308.5037841796875,11300,0.0,0.0
2013-04-17 00:00:00+09:00,1324.4610944475446,1346.2974853515625,1320.2617885044642,1340.41845703125,8700,0.0,0.0
2013-04-18 00:00:00+09:00,1340.418474557718,1352.1765313520839,1318.5820833681812,1333.6995849609375,7000,0.0,0.0
2013-04-19 00:00:00+09:00,1322.781459152812,1344.6178514943822,1310.1835404942137,1324.461181640625,14600,0.0,0.0
2013-04-22 00:00:00+09:00,1343.7775207557418,1365.6139054680227,1343.7775207557418,1353.0159912109375,6200,0.0,0.0
2013-04-23 00:00:00+09:00,1347.1372249247863,1352.1763916015625,1345.4575026991945,1352.1763916015625,2200,0.0,0.0
2013-04-24 00:00:00+09:00,1358.055472709037,1367.2939453125,1347.977138959805,1367.2939453125,5600,0.0,0.0
2013-04-25 00:00:00+09:00,1365.6143275027337,1368.9737723428389,1347.1373808821554,1368.1339111328125,10100,0.0,0.0
2013-04-26 00:00:00+09:00,1364.7742366790771,1366.4539588165285,1334.539238204956,1343.7777099609375,12500,0.0,0.0
2013-04-30 00:00:00+09:00,1343.7777265232412,1353.8560594721655,1337.058837890625,1337.058837890625,6100,0.0,0.0
2013-05-01 00:00:00+09:00,1340.4182475052933,1347.1371359639663,1331.1797758746177,1338.738525390625,5600,0.0,0.0
2013-05-02 00:00:00+09:00,1342.9376598052695,1359.7348788147162,1342.0977988547972,1353.0159912109375,4200,0.0,0.0
2013-05-07 00:00:00+09:00,1369.8133394373433,1389.130143120396,1368.9734784076454,1382.4112548828125,14000,0.0,0.0
2013-05-08 00:00:00+09:00,1405.0875572706464,1441.201582950645,1378.2120032762286,1391.6497802734375,27800,0.0,0.0
2013-05-09 00:00:00+09:00,1385.7709079318577,1385.7709079318577,1358.8953509295427,1360.5750732421875,17000,0.0,0.0
2013-05-10 00:00:00+09:00,1362.2548128416756,1377.372313847317,1337.8988389992535,1353.856201171875,15400,0.0,0.0
2013-05-13 00:00:00+09:00,1379.0519477499806,1384.091114428726,1344.6176421118873,1358.055419921875,8500,0.0,0.0
2013-05-14 00:00:00+09:00,1361.4147430570256,1374.8525196695564,1361.4147430570256,1363.934326171875,3600,0.0,0.0
2013-05-15 00:00:00+09:00,1376.5323638726466,1376.5323638726466,1351.3365304887664,1352.1763916015625,5900,0.0,0.0
2013-05-16 00:00:00+09:00,1353.016392397077,1363.094726791096,1337.0590296065466,1345.4576416015625,8700,0.0,0.0
2013-05-17 00:00:00+09:00,1336.2191681829559,1375.6926445529111,1336.2191681829559,1363.0947265625,19900,0.0,0.0
2013-05-20 00:00:00+09:00,1383.2514303504872,1388.2905976741686,1367.2940671588303,1373.173095703125,6700,0.0,0.0
2013-05-21 00:00:00+09:00,1380.7317057090975,1380.7317057090975,1360.5750384724683,1362.2547607421875,6900,0.0,0.0
2013-05-22 00:00:00+09:00,1367.2936134854513,1372.3327791371175,1363.0943087757294,1365.6138916015625,10100,0.0,0.0
2013-05-23 00:00:00+09:00,1358.0553070068358,1362.2546122233073,1310.1832275390625,1310.1832275390625,14800,0.0,0.0
2013-05-24 00:00:00+09:00,1358.0554879034878,1358.0554879034878,1276.5889558523818,1313.5428466796875,15300,0.0,0.0
2013-05-27 00:00:00+09:00,1301.7847111420228,1301.7847111420228,1211.0797119140625,1211.0797119140625,33100,0.0,0.0
2013-05-28 00:00:00+09:00,1221.9978750356554,1257.272040500602,1213.599264210668,1242.154541015625,21900,0.0,0.0
2013-05-29 00:00:00+09:00,1259.7916237480983,1259.7916237480983,1242.154541015625,1242.154541015625,10900,0.0,0.0
2013-05-30 00:00:00+09:00,1242.1548207808514,1253.0730173123936,1228.7170404343378,1234.5960693359375,15500,0.0,0.0
2013-05-31 00:00:00+09:00,1238.7950093986701,1249.713202701845,1238.7950093986701,1240.4747314453125,5900,0.0,0.0
2013-06-03 00:00:00+09:00,1232.0764157671779,1254.7526688181076,1232.0764157671779,1237.9554443359375,12400,0.0,0.0
2013-06-04 00:00:00+09:00,1236.2755134381339,1251.393012923111,1217.7985696231617,1242.154541015625,17000,0.0,0.0
2013-06-05 00:00:00+09:00,1241.3146821289063,1279.9482919921875,1241.3146821289063,1259.7916259765625,10000,0.0,0.0
2013-06-06 00:00:00+09:00,1241.3148887388168,1284.14781115132,1241.3148887388168,1249.7135009765625,21700,0.0,0.0
2013-06-07 00:00:00+09:00,1238.7951843874112,1279.948380343332,1238.7951843874112,1255.5924072265625,17600,0.0,0.0
2013-06-10 00:00:00+09:00,1298.4250992139182,1298.4250992139182,1274.9089913368225,1290.0264892578125,6000,0.0,0.0
2013-06-11 00:00:00+09:00,1277.4288502727372,1278.2687114497737,1261.471487909041,1264.8309326171875,11200,0.0,0.0
2013-06-12 00:00:00+09:00,1244.6742127033747,1279.1085195325504,1244.6742127033747,1261.471435546875,7000,0.0,0.0
2013-06-13 00:00:00+09:00,1242.9942654733518,1280.7880100316631,1242.9942654733518,1254.7523193359375,4600,0.0,0.0
2013-06-14 00:00:00+09:00,1279.9482927328716,1292.5462089999276,1265.670654296875,1265.670654296875,33500,0.0,0.0
2013-06-17 00:00:00+09:00,1297.5854669272094,1317.7421343746223,1265.6707434688055,1302.6246337890625,26600,0.0,0.0
2013-06-18 00:00:00+09:00,1320.2618235153257,1336.2191865221903,1242.9945921136655,1315.22265625,26900,0.0,0.0
2013-06-19 00:00:00+09:00,1323.6210583177512,1334.5392523267176,1316.0623086192363,1319.4217529296875,3700,0.0,0.0
2013-06-20 00:00:00+09:00,1311.8632469128024,1316.9024143145161,1295.0660222404233,1301.784912109375,3100,0.0,0.0
2013-06-21 00:00:00+09:00,1290.026698236447,1290.8665593681112,1263.9910031548518,1285.827392578125,8600,0.0,0.0
2013-06-24 00:00:00+09:00,1300.1051199776784,1317.742204938616,1300.1051199776784,1316.90234375,10100,0.0,0.0
2013-06-25 00:00:00+09:00,1332.0196995785361,1332.0196995785361,1272.3895617033306,1276.5888671875,7200,0.0,0.0
2013-06-26 00:00:00+09:00,1345.4574661302836,1364.7742711995697,1311.0231614415559,1336.218994140625,34200,0.0,0.0
2013-06-27 00:00:00+09:00,1332.019793927228,1360.5750732421875,1318.5820154260705,1360.5750732421875,12800,0.0,0.0
2013-06-28 00:00:00+09:00,1339.578356061663,1376.5322417461225,1339.578356061663,1363.934326171875,15600,0.0,0.0
2013-07-01 00:00:00+09:00,1364.7744665943062,1364.7744665943062,1347.1373811798567,1356.3758544921875,7800,0.0,0.0
2013-07-02 00:00:00+09:00,1407.6071395596591,1407.6071395596591,1368.9735307173296,1385.770751953125,19000,0.0,0.0
2013-07-03 00:00:00+09:00,1364.7740000493634,1394.169132358119,1343.777476971681,1379.0516357421875,9100,0.0,0.0
2013-07-04 00:00:00+09:00,1389.1303347964702,1389.1303347964702,1361.4149169921875,1361.4149169921875,4800,0.0,0.0
2013-07-05 00:00:00+09:00,1389.9700399083417,1389.9700399083417,1356.3755978561762,1386.610595703125,12600,0.0,0.0
2013-07-08 00:00:00+09:00,1386.6106609594042,1386.6106609594042,1347.97705078125,1347.97705078125,6100,0.0,0.0
2013-07-09 00:00:00+09:00,1384.9308736005169,1386.610595703125,1368.9735136257382,1386.610595703125,12000,0.0,0.0
2013-07-10 00:00:00+09:00,1384.9307861328125,1386.610508129335,1374.8524541536774,1384.9307861328125,13900,0.0,0.0
2013-07-11 00:00:00+09:00,1377.3722961387941,1377.3722961387941,1353.8561837656928,1354.696044921875,6100,0.0,0.0
2013-07-12 00:00:00+09:00,1370.6534249655542,1377.3723143036207,1369.813563798296,1371.4932861328125,10800,0.0,0.0
2013-07-16 00:00:00+09:00,1385.7705231270459,1398.3684369736554,1371.4928874342218,1379.0516357421875,24500,0.0,0.0
2013-07-17 00:00:00+09:00,1383.2510641362899,1391.6496741189026,1376.5321761502,1384.9307861328125,15100,0.0,0.0
2013-07-18 00:00:00+09:00,1371.4930967796506,1386.610595703125,1368.133652574434,1386.610595703125,26700,0.0,0.0
2013-07-19 00:00:00+09:00,1388.2903148814944,1391.6497590796348,1359.7350391973016,1368.9735107421875,13800,0.0,0.0
2013-07-22 00:00:00+09:00,1371.4931660551833,1393.3295544920693,1371.4931660551833,1389.1302490234375,20700,0.0,0.0
2013-07-23 00:00:00+09:00,1341.257894202359,1384.9306622039385,1326.980258509535,1379.0516357421875,55300,0.0,0.0
2013-07-24 00:00:00+09:00,1384.0910298295455,1385.770751953125,1376.5322802734374,1385.770751953125,14900,0.0,0.0
2013-07-25 00:00:00+09:00,1391.649549588797,1394.169132358119,1373.1726092804363,1379.0516357421875,13400,0.0,0.0
2013-07-26 00:00:00+09:00,1357.2158385319497,1370.653619111474,1349.6570869559673,1350.4969482421875,10000,0.0,0.0
2013-07-29 00:00:00+09:00,1326.9805362615555,1338.7385916461515,1302.6245643934635,1305.9840087890625,7600,0.0,0.0
2013-07-30 00:00:00+09:00,1302.6247035435267,1340.41845703125,1301.7848423549106,1340.41845703125,9200,0.0,0.0
2013-07-31 00:00:00+09:00,1367.2940150669642,1367.2940150669642,1316.90234375,1316.90234375,21300,0.0,0.0
2013-08-01 00:00:00+09:00,1301.7847248338023,1353.0162527143584,1279.9483359011062,1352.1763916015625,15300,0.0,0.0
2013-08-02 00:00:00+09:00,1348.8170343202305,1374.012869332439,1307.6638371336232,1359.7352294921875,9600,0.0,0.0
2013-08-05 00:00:00+09:00,1337.0589779811999,1360.5750906592611,1335.3792556470526,1359.7352294921875,3100,0.0,0.0
2013-08-06 00:00:00+09:00,1368.9737720454675,1379.8919677734375,1347.1373805895275,1379.8919677734375,12400,0.0,0.0
2013-08-07 00:00:00+09:00,1374.8525695037843,1374.8525695037843,1343.7777099609375,1343.7777099609375,6100,0.0,0.0
2013-08-08 00:00:00+09:00,1326.9804534433779,1359.7350342562206,1326.9804534433779,1339.578369140625,25100,0.0,0.0
2013-08-09 00:00:00+09:00,1339.578684030943,1339.578684030943,1321.9415979089054,1324.461181640625,8100,0.0,0.0
2013-08-12 00:00:00+09:00,1339.578752201993,1348.81722635511,1335.379445768758,1344.617919921875,23000,0.0,0.0
2013-08-13 00:00:00+09:00,1342.937938829408,1381.5715505780965,1339.578494329522,1380.731689453125,16900,0.0,0.0
2013-08-14 00:00:00+09:00,1382.4113968622116,1410.9666748046875,1373.1729245867048,1410.9666748046875,21300,0.0,0.0
2013-08-15 00:00:00+09:00,1408.447035097335,1408.447035097335,1360.5749534035078,1378.2120361328125,28300,0.0,0.0
2013-08-16 00:00:00+09:00,1379.8917262737568,1399.2085307194636,1348.8168669480544,1397.52880859375,27900,0.0,0.0
2013-08-19 00:00:00+09:00,1393.3296583387587,1393.3296583387587,1360.5750732421875,1360.5750732421875,12500,0.0,0.0
2013-08-20 00:00:00+09:00,1360.5751431925912,1371.493338786112,1344.6177804020608,1345.4576416015625,9100,0.0,0.0
2013-08-21 00:00:00+09:00,1353.856481560453,1358.055788265045,1344.6180068103506,1346.2977294921875,6300,0.0,0.0
2013-08-22 00:00:00+09:00,1358.0554897732204,1360.5750732421875,1349.656878209997,1360.5750732421875,7700,0.0,0.0
2013-08-23 00:00:00+09:00,1377.3722790617321,1377.3722790617321,1343.7778332309583,1367.2939453125,12200,0.0,0.0
2013-08-26 00:00:00+09:00,1364.7743612712495,1364.7743612712495,1341.2582492001143,1355.535888671875,10500,0.0,0.0
2013-08-27 00:00:00+09:00,1355.5357320049022,1363.0944814398738,1343.7776773282797,1357.2154541015625,6000,0.0,0.0
2013-08-28 00:00:00+09:00,1348.8171036002805,1368.1339114351538,1329.5002957654071,1356.3758544921875,12800,0.0,0.0
2013-08-29 00:00:00+09:00,1356.3757501186815,1371.4932507391993,1351.3365832451755,1361.4149169921875,21600,0.0,0.0
2013-08-30 00:00:00+09:00,1367.2939973674213,1367.2939973674213,1344.61774556833,1347.1373291015625,16000,0.0,0.0
2013-09-02 00:00:00+09:00,1338.7386660614106,1366.4540838656933,1336.2190826246576,1361.4149169921875,13100,0.0,0.0
2013-09-03 00:00:00+09:00,1368.1339460957906,1368.1339460957906,1355.5360276234537,1366.4542236328125,15800,0.0,0.0
2013-09-04 00:00:00+09:00,1360.5751081730768,1366.4541364182692,1352.1764963942308,1364.7744140625,9800,0.0,0.0
2013-09-05 00:00:00+09:00,1368.1338588490207,1371.4933035607432,1360.575108247645,1370.6534423828125,12800,0.0,0.0
2013-09-06 00:00:00+09:00,1372.3327483573291,1379.8914966652949,1366.453721895578,1379.0516357421875,12800,0.0,0.0
2013-09-09 00:00:00+09:00,1405.087943254117,1406.7676658401947,1384.091410928144,1402.568359375,15900,0.0,0.0
2013-09-10 00:00:00+09:00,1402.5679947588053,1419.3652162529227,1381.5714678911586,1414.3260498046875,13800,0.0,0.0
2013-09-11 00:00:00+09:00,1414.3260289562274,1414.3260289562274,1369.813392652973,1391.6497802734375,14900,0.0,0.0
2013-09-12 00:00:00+09:00,1394.1691777840822,1394.1691777840822,1318.5816922415718,1353.0159912109375,12600,0.0,0.0
2013-09-13 00:00:00+09:00,1350.4969482421875,1353.8563933870687,1337.8990289488836,1350.4969482421875,27200,0.0,0.0
2013-09-17 00:00:00+09:00,1348.81689453125,1368.973560452016,1347.1371723711864,1348.81689453125,7600,0.0,0.0
2013-09-18 00:00:00+09:00,1358.8953681737553,1360.5750905077155,1348.8170341699945,1353.856201171875,7700,0.0,0.0
2013-09-19 00:00:00+09:00,1361.414779401933,1374.8525563732044,1348.8168634913661,1374.0126953125,7900,0.0,0.0
2013-09-20 00:00:00+09:00,1373.17302599122,1380.7317765930063,1353.016357719789,1376.532470703125,8300,0.0,0.0
2013-09-24 00:00:00+09:00,1356.3757504174985,1374.852695624424,1348.8170001055744,1367.2939453125,7400,0.0,0.0
2013-09-25 00:00:00+09:00,1377.3721048916361,1383.2511321686127,1364.774189298115,1375.6923828125,15300,0.0,0.0
2013-09-26 00:00:00+09:00,1382.4526837604803,1393.4379434725133,1353.7220045136244,1385.832763671875,10300,10.0,0.0
2013-09-27 00:00:00+09:00,1428.0839268459665,1457.6596294729538,1419.6337260953985,1441.604248046875,78600,0.0,0.0
2013-09-30 00:00:00+09:00,1457.659443446568,1465.2646231515066,1419.633544921875,1419.633544921875,32600,0.0,0.0
2013-10-01 00:00:00+09:00,1404.4232155033837,1436.5339749432926,1394.2829756802546,1408.6483154296875,26700,0.0,0.0
2013-10-02 00:00:00+09:00,1407.8033545159192,1408.648374536637,1386.6778539979732,1390.9029541015625,14100,0.0,0.0
2013-10-03 00:00:00+09:00,1385.8328623416512,1411.1834634820473,1376.537641923506,1384.142822265625,30000,0.0,0.0
2013-10-04 00:00:00+09:00,1377.3826485813254,1388.3679089687837,1365.5523681640625,1365.5523681640625,19600,0.0,0.0
2013-10-07 00:00:00+09:00,1366.3971011472927,1368.9321607041522,1346.961644544703,1349.4967041015625,22500,0.0,0.0
2013-10-08 00:00:00+09:00,1335.1317427540553,1337.6668030251074,1315.69628067599,1328.37158203125,19200,0.0,0.0
2013-10-09 00:00:00+09:00,1328.3716081725024,1328.3716081725024,1316.5413266747828,1325.8365478515625,13300,0.0,0.0
2013-10-10 00:00:00+09:00,1334.2866784191558,1334.2866784191558,1318.2312972348848,1320.766357421875,14700,0.0,0.0
2013-10-11 00:00:00+09:00,1343.581565135557,1360.4819621812871,1326.6811680898265,1349.4967041015625,22100,0.0,0.0
2013-10-15 00:00:00+09:00,1349.4970183774076,1366.3974193589656,1347.8069782792518,1354.567138671875,12900,0.0,0.0
2013-10-16 00:00:00+09:00,1352.0319331667706,1364.7072325402091,1340.2016537515615,1352.876953125,9400,0.0,0.0
2013-10-17 00:00:00+09:00,1352.8769295354275,1362.172148913872,1348.6518298179526,1351.1868896484375,7300,0.0,0.0
2013-10-18 00:00:00+09:00,1349.4970183774076,1360.4822790154203,1341.0468178866286,1354.567138671875,5100,0.0,0.0
2013-10-21 00:00:00+09:00,1355.4122230760695,1379.9178056628562,1355.4122230760695,1368.0875244140625,4300,0.0,0.0
2013-10-22 00:00:00+09:00,1368.0873719009699,1390.0578917709051,1368.0873719009699,1379.0726318359375,7800,0.0,0.0
2013-10-23 00:00:00+09:00,1385.8326710875076,1395.9729101442456,1372.3123523451904,1374.847412109375,8200,0.0,0.0
2013-10-24 00:00:00+09:00,1368.9324482832803,1368.9324482832803,1354.567107776604,1365.5523681640625,12800,0.0,0.0
2013-10-25 00:00:00+09:00,1375.6925947890527,1375.6925947890527,1341.0467739129156,1346.9619140625,17100,0.0,0.0
2013-10-28 00:00:00+09:00,1349.4968063787708,1349.4968063787708,1329.2163283868542,1339.3565673828125,9400,0.0,0.0
2013-10-29 00:00:00+09:00,1339.3565673828125,1339.3565673828125,1339.3565673828125,1339.3565673828125,0,0.0,0.0
2013-10-30 00:00:00+09:00,1336.8216059980555,1341.0467058905904,1335.1315660410414,1337.6666259765625,9200,0.0,0.0
2013-10-31 00:00:00+09:00,1354.5668200129073,1358.7919192643512,1341.8915222585758,1357.9468994140625,15000,0.0,0.0
2013-11-01 00:00:00+09:00,1341.8916785618865,1347.8068182029024,1333.441479074721,1334.2864990234375,10900,0.0,0.0
2013-11-05 00:00:00+09:00,1350.3419256541672,1350.3419256541672,1333.4415260840276,1337.6666259765625,5400,0.0,0.0
2013-11-06 00:00:00+09:00,1347.8070478042214,1363.0174094722315,1336.8217865995475,1359.6373291015625,8900,0.0,0.0
2013-11-07 00:00:00+09:00,1394.283133179602,1394.283133179602,1382.4528520495933,1389.2130126953125,30700,0.0,0.0
2013-11-08 00:00:00+09:00,1394.283133179602,1394.283133179602,1373.1576311617293,1389.2130126953125,17400,0.0,0.0
2013-11-11 00:00:00+09:00,1393.43794123409,1394.2829612105813,1375.6925217277735,1390.057861328125,15200,0.0,0.0
2013-11-12 00:00:00+09:00,1392.592968276228,1394.283008286272,1375.6925681757884,1393.43798828125,21700,0.0,0.0
2013-11-13 00:00:00+09:00,1384.9876254403518,1391.7477846859424,1364.7071477035804,1377.3824462890625,16500,0.0,0.0
2013-11-14 00:00:00+09:00,1376.5374027036626,1377.3824225948251,1363.0170844450631,1375.6923828125,18900,0.0,0.0
2013-11-15 00:00:00+09:00,1375.6927575056648,1426.3939647847433,1363.0174556858951,1398.50830078125,47800,0.0,0.0
2013-11-18 00:00:00+09:00,1419.633560505319,1431.4638401761968,1384.1427214926862,1390.057861328125,27900,0.0,0.0
2013-11-19 00:00:00+09:00,1390.0576883890208,1411.1831851730485,1369.7772114763543,1395.1278076171875,25600,0.0,0.0
2013-11-20 00:00:00+09:00,1386.6778491476307,1413.7184897160184,1385.8328291298685,1399.3531494140625,30800,0.0,0.0
2013-11-21 00:00:00+09:00,1387.522722737483,1406.1131611663652,1381.6075832373842,1401.8880615234375,33900,0.0,0.0
2013-11-22 00:00:00+09:00,1405.2681821475296,1423.0136011644256,1394.2829227561178,1417.9434814453125,39800,0.0,0.0
2013-11-25 00:00:00+09:00,1417.098414267263,1418.7884541173134,1408.6482150170111,1414.5633544921875,16500,0.0,0.0
2013-11-26 00:00:00+09:00,1412.8734153559913,1415.4084753117736,1395.1279956655153,1408.6483154296875,15800,0.0,0.0
2013-11-27 00:00:00+09:00,1387.5228529924877,1407.8033331823901,1379.9176729212743,1384.98779296875,17100,0.0,0.0
2013-11-28 00:00:00+09:00,1380.7627732872597,1394.2830942007213,1368.0874724308894,1373.1575927734375,13600,0.0,0.0
2013-11-29 00:00:00+09:00,1373.1575927734375,1378.2277131159856,1363.0173520883413,1373.1575927734375,16500,0.0,0.0
2013-12-02 00:00:00+09:00,1390.902635535038,1397.662794152462,1376.5372984730113,1394.28271484375,15600,0.0,0.0
2013-12-03 00:00:00+09:00,1397.6628672312709,1399.352906973993,1388.3676486462987,1395.1278076171875,10900,0.0,0.0
2013-12-04 00:00:00+09:00,1375.692406477665,1384.9876254403518,1373.1573467605685,1377.3824462890625,8100,0.0,0.0
2013-12-05 00:00:00+09:00,1363.8622998768471,1384.987800184729,1363.8622998768471,1372.3125,10700,0.0,0.0
2013-12-06 00:00:00+09:00,1372.3125417334402,1389.212942493704,1372.3125417334402,1384.142822265625,4700,0.0,0.0
2013-12-09 00:00:00+09:00,1390.0577844991074,1401.0430435863343,1390.0577844991074,1397.6629638671875,13300,0.0,0.0
2013-12-10 00:00:00+09:00,1397.6630344620671,1402.733154296875,1394.282954572195,1402.733154296875,15600,0.0,0.0
2013-12-11 00:00:00+09:00,1407.8033447265625,1411.1834247859301,1390.902944429725,1407.8033447265625,36200,0.0,0.0
2013-12-12 00:00:00+09:00,1408.648289699897,1415.408449458505,1389.2128303938996,1411.183349609375,11800,0.0,0.0
2013-12-13 00:00:00+09:00,1381.6077242664644,1419.6336249343487,1381.6077242664644,1407.8033447265625,44000,0.0,0.0
2013-12-16 00:00:00+09:00,1419.633768632322,1422.1688289334513,1403.5783867251707,1413.7186279296875,15600,0.0,0.0
2013-12-17 00:00:00+09:00,1417.9436243798684,1426.3938247635385,1415.4085642647672,1423.8587646484375,15200,0.0,0.0
2013-12-18 00:00:00+09:00,1425.5487690909963,1444.9842294876134,1421.3236690047754,1443.294189453125,36800,0.0,0.0
2013-12-19 00:00:00+09:00,1444.9842012845552,1450.8993412898137,1434.8439612755408,1450.0543212890625,14400,0.0,0.0
2013-12-20 00:00:00+09:00,1439.9139522429437,1439.9139522429437,1381.6075774162045,1414.5633544921875,30500,0.0,0.0
2013-12-24 00:00:00+09:00,1394.2829756802546,1435.688954958032,1390.0578757539508,1408.6483154296875,37200,0.0,0.0
2013-12-25 00:00:00+09:00,1413.7184008355675,1432.3088400575537,1411.1833409416604,1428.083740234375,36200,0.0,0.0
2013-12-26 00:00:00+09:00,1434.8440357814325,1451.744436674029,1419.6336749780958,1446.67431640625,16500,0.0,0.0
2013-12-27 00:00:00+09:00,1451.744527906365,1495.6855729885135,1451.744527906365,1493.1505126953125,40300,0.0,0.0
2013-12-30 00:00:00+09:00,1493.1502133731553,1523.5709307933214,1493.1502133731553,1506.6705322265625,22900,0.0,0.0
2014-01-06 00:00:00+09:00,1500.7554419861337,1569.202058428069,1500.7554419861337,1553.99169921875,41800,0.0,0.0
2014-01-07 00:00:00+09:00,1553.9914397433374,1553.9914397433374,1504.1352706596742,1526.9508056640625,19500,0.0,0.0
2014-01-08 00:00:00+09:00,1532.865944368904,1536.2460236288132,1499.9101715847873,1526.9508056640625,20000,0.0,0.0
2014-01-09 00:00:00+09:00,1528.6412664808515,1528.6412664808515,1504.1356850944808,1517.656005859375,19500,0.0,0.0
2014-01-10 00:00:00+09:00,1509.2056287887606,1532.0211674098673,1509.2056287887606,1531.1761474609375,23800,0.0,0.0
2014-01-14 00:00:00+09:00,1529.4861290159886,1529.4861290159886,1461.8845321534034,1488.9251708984375,36600,0.0,0.0
2014-01-15 00:00:00+09:00,1522.7259068741723,1522.7259068741723,1508.3605681300762,1515.1207275390625,10400,0.0,0.0
2014-01-16 00:00:00+09:00,1513.4306916532662,1525.2609706499975,1502.4454325848728,1506.6705322265625,11400,0.0,0.0
2014-01-17 00:00:00+09:00,1505.8257044733002,1521.0360651245458,1498.2205241476775,1511.7408447265625,6800,0.0,0.0
2014-01-20 00:00:00+09:00,1504.1355153011095,1520.1908943970202,1504.1355153011095,1518.5008544921875,6000,0.0,0.0
2014-01-21 00:00:00+09:00,1528.641237855222,1542.161558366932,1521.881077599367,1524.4161376953125,8200,0.0,0.0
2014-01-22 00:00:00+09:00,1521.0362548828125,1523.5713153076172,1512.5860534667968,1521.0362548828125,13500,0.0,0.0
2014-01-23 00:00:00+09:00,1520.1908014408675,1521.035821341613,1490.6151049147807,1507.5155029296875,10400,0.0,0.0
2014-01-24 00:00:00+09:00,1495.6855580357142,1506.6708191964285,1478.78515625,1478.78515625,17200,0.0,0.0
2014-01-27 00:00:00+09:00,1412.0283162459102,1458.5044128309044,1395.1279174877307,1420.478515625,31100,0.0,0.0
2014-01-28 00:00:00+09:00,1420.4785975193433,1436.533977265249,1404.4232177734375,1404.4232177734375,17300,0.0,0.0
2014-01-29 00:00:00+09:00,1407.8033096738084,1455.1244293267096,1407.8033096738084,1427.23876953125,19400,0.0,0.0
2014-01-30 00:00:00+09:00,1418.7885337737669,1418.7885337737669,1394.282954572195,1402.733154296875,14900,0.0,0.0
2014-01-31 00:00:00+09:00,1402.7332892854488,1434.8440513293326,1366.397426972633,1421.32373046875,21500,0.0,0.0
2014-02-03 00:00:00+09:00,1408.6484007971794,1411.1834609065925,1379.072699520694,1388.367919921875,9300,0.0,0.0
2014-02-04 00:00:00+09:00,1360.4824324077892,1366.397573418258,1305.556123024866,1312.3162841796875,36600,0.0,0.0
2014-02-05 00:00:00+09:00,1346.1167762062767,1356.257015575062,1330.9064171530983,1338.5115966796875,17900,0.0,0.0
2014-02-06 00:00:00+09:00,1279.360271505547,1281.8953314887153,1226.9690318534044,1247.24951171875,88600,0.0,0.0
2014-02-07 00:00:00+09:00,1290.3457604265182,1314.0063244683927,1259.9250352298222,1312.3162841796875,46900,0.0,0.0
2014-02-10 00:00:00+09:00,1338.511533215661,1343.5816526596598,1314.8509758103337,1316.541015625,20500,0.0,0.0
2014-02-12 00:00:00+09:00,1335.1314913407766,1343.58169065306,1327.5263119597216,1341.046630859375,10500,0.0,0.0
2014-02-13 00:00:00+09:00,1342.7367287900104,1343.5817487577824,1321.6112295957055,1323.30126953125,12600,0.0,0.0
2014-02-14 00:00:00+09:00,1325.836550739415,1336.821812154082,1317.3863496512097,1321.6114501953125,25500,0.0,0.0
2014-02-17 00:00:00+09:00,1335.1314755765775,1335.1314755765775,1309.7808779390475,1322.4561767578125,14600,0.0,0.0
2014-02-18 00:00:00+09:00,1322.456470304133,1323.3014904129534,1284.430565407209,1321.6114501953125,18800,0.0,0.0
2014-02-19 00:00:00+09:00,1307.2457565048994,1311.4708559118317,1291.190378758556,1296.260498046875,13000,0.0,0.0
2014-02-20 00:00:00+09:00,1292.880589023464,1298.7957289732444,1243.024409446742,1251.474609375,37200,0.0,0.0
2014-02-21 00:00:00+09:00,1269.2199644266027,1292.8805230177777,1269.2199644266027,1281.895263671875,70900,0.0,0.0
2014-02-24 00:00:00+09:00,1284.4302938623366,1303.0207323261336,1279.3601742813012,1292.8804931640625,28800,0.0,0.0
2014-02-25 00:00:00+09:00,1308.9359152205868,1308.9359152205868,1269.2199771861337,1304.7108154296875,24400,0.0,0.0
2014-02-26 00:00:00+09:00,1281.8954789158556,1303.866001296747,1281.8954789158556,1288.6556396484375,9300,0.0,0.0
2014-02-27 00:00:00+09:00,1285.2753434706142,1294.5705629171473,1276.825143973766,1281.895263671875,7800,0.0,0.0
2014-02-28 00:00:00+09:00,1281.895310702252,1289.5004905284352,1278.5152307795036,1285.275390625,12000,0.0,0.0
2014-03-03 00:00:00+09:00,1291.1904593389027,1291.1904593389027,1267.5299011834777,1280.2052001953125,9800,0.0,0.0
2014-03-04 00:00:00+09:00,1267.5299031844993,1283.5852819581696,1263.3048035072175,1275.9801025390625,23500,0.0,0.0
2014-03-05 00:00:00+09:00,1284.4303895038322,1304.7108693381033,1284.4303895038322,1295.4156494140625,8600,0.0,0.0
2014-03-06 00:00:00+09:00,1306.401096883322,1314.0062779130437,1300.4859560824273,1308.9361572265625,28600,0.0,0.0
2014-03-07 00:00:00+09:00,1314.0060498857558,1326.6813494023386,1314.0060498857558,1323.30126953125,12100,0.0,0.0
2014-03-10 00:00:00+09:00,1331.7516182321656,1331.7516182321656,1314.8512169855646,1320.766357421875,11900,0.0,0.0
2014-03-11 00:00:00+09:00,1326.681342900063,1335.9765625,1326.681342900063,1335.9765625,18800,0.0,0.0
2014-03-12 00:00:00+09:00,1335.1315014554657,1335.1315014554657,1319.076122640495,1319.921142578125,10000,0.0,0.0
2014-03-13 00:00:00+09:00,1317.3860889082196,1319.0761287913604,1305.5558097262342,1307.245849609375,12100,0.0,0.0
2014-03-14 00:00:00+09:00,1307.2460965998907,1309.781156903575,1297.9508754863814,1303.02099609375,43300,0.0,0.0
2014-03-17 00:00:00+09:00,1297.9506188118812,1303.0207384166151,1280.2052001953125,1280.2052001953125,12100,0.0,0.0
2014-03-18 00:00:00+09:00,1282.740344974026,1312.3160446275772,1280.2052850037214,1303.8658447265625,12000,0.0,0.0
2014-03-19 00:00:00+09:00,1324.9912944260038,1330.9064341332628,1297.105635806069,1304.7108154296875,13400,0.0,0.0
2014-03-20 00:00:00+09:00,1318.2310769086828,1318.2310769086828,1268.3749015640594,1270.06494140625,16000,0.0,0.0
2014-03-24 00:00:00+09:00,1295.4155317336604,1346.1167267134513,1295.4155317336604,1339.3565673828125,28300,0.0,0.0
2014-03-25 00:00:00+09:00,1379.0724368677193,1392.5927548762263,1363.0170592326172,1378.2274169921875,25600,0.0,0.0
2014-03-26 00:00:00+09:00,1406.9583083616017,1418.7885884319096,1384.9877882310302,1393.43798828125,29800,0.0,0.0
2014-03-27 00:00:00+09:00,1435.3524839150969,1435.3524839150969,1416.533798190346,1427.6539306640625,28700,20.0,0.0
2014-03-28 00:00:00+09:00,1428.509037575793,1436.2075892753032,1422.5212751428405,1432.7860107421875,19300,0.0,0.0
2014-03-31 00:00:00+09:00,1437.062788722826,1479.832514577672,1437.062788722826,1475.5555419921875,29800,0.0,0.0
2014-04-01 00:00:00+09:00,1454.1710541627117,1478.1221068195093,1443.9063173097986,1464.435791015625,16600,0.0,0.0
2014-04-02 00:00:00+09:00,1471.279068037859,1475.5560420728525,1457.5927511258787,1460.158935546875,13400,0.0,0.0
2014-04-03 00:00:00+09:00,1468.712616073876,1470.4234053762334,1458.4478802597314,1462.724853515625,28700,0.0,0.0
2014-04-04 00:00:00+09:00,1460.1586477944395,1468.712594178707,1460.1586477944395,1465.291015625,11000,0.0,0.0
2014-04-07 00:00:00+09:00,1459.3034630651548,1463.5804368724969,1449.894120689002,1455.0264892578125,14600,0.0,0.0
2014-04-08 00:00:00+09:00,1445.6170820857337,1447.327871531989,1406.2689248218617,1410.5458984375,13400,0.0,0.0
2014-04-09 00:00:00+09:00,1384.8837721771395,1389.1607449139435,1348.101806640625,1348.101806640625,21900,0.0,0.0
2014-04-10 00:00:00+09:00,1367.7761391087581,1368.631533817394,1330.9941666374157,1332.7049560546875,20900,0.0,0.0
2014-04-11 00:00:00+09:00,1305.332522880011,1336.1267370501816,1305.332522880011,1309.6094970703125,15200,0.0,0.0
2014-04-14 00:00:00+09:00,1323.2956504178574,1346.3913081820992,1315.5970978297767,1319.0186767578125,5100,0.0,0.0
2014-04-15 00:00:00+09:00,1334.4157015515104,1348.1020164392182,1319.0185973028392,1337.8372802734375,10900,0.0,0.0
2014-04-16 00:00:00+09:00,1354.089678724828,1385.7392795541512,1354.089678724828,1383.173095703125,6200,0.0,0.0
2014-04-17 00:00:00+09:00,1402.8474195075758,1431.0754468513258,1391.7272875236742,1411.4013671875,11900,0.0,0.0
2014-04-18 00:00:00+09:00,1411.4013635501246,1436.2078117579754,1386.5949153422741,1435.3524169921875,15800,0.0,0.0
2014-04-21 00:00:00+09:00,1427.6539754403047,1444.7618720902783,1412.2568684553285,1422.5216064453125,3500,0.0,0.0
2014-04-22 00:00:00+09:00,1431.0753453989498,1434.4969242283555,1407.1242935931095,1408.8350830078125,2400,0.0,0.0
2014-04-23 00:00:00+09:00,1425.943192504226,1435.3525357061137,1422.5216131580853,1431.0755615234375,8100,0.0,0.0
2014-04-24 00:00:00+09:00,1428.5092292753684,1435.352387259921,1408.8351500697795,1429.3646240234375,4500,0.0,0.0
2014-04-25 00:00:00+09:00,1442.195478602818,1444.7616627284458,1406.268900844029,1437.0631103515625,12300,0.0,0.0
2014-04-28 00:00:00+09:00,1420.81057702666,1431.9307079726843,1403.7026832635454,1426.79833984375,8200,0.0,0.0
2014-04-30 00:00:00+09:00,1437.0632251122754,1445.617172880801,1428.50927734375,1428.50927734375,9600,0.0,0.0
2014-05-01 00:00:00+09:00,1435.3523948437964,1458.4480531636907,1404.5581837506043,1437.9185791015625,28100,0.0,0.0
2014-05-02 00:00:00+09:00,1475.5556330830725,1493.5189190510405,1395.148543512169,1469.56787109375,42100,0.0,0.0
2014-05-07 00:00:00+09:00,1470.4234139375908,1474.7003872183866,1445.6169689089754,1471.27880859375,33900,0.0,0.0
2014-05-08 00:00:00+09:00,1470.4235513621363,1490.9530250286234,1463.5803934733074,1488.3868408203125,19500,0.0,0.0
2014-05-09 00:00:00+09:00,1482.3990786961763,1516.6148681640625,1481.543683959479,1516.6148681640625,45000,0.0,0.0
2014-05-12 00:00:00+09:00,1536.2890261445805,1536.2890261445805,1482.3991549602215,1493.519287109375,21100,0.0,0.0
2014-05-13 00:00:00+09:00,1501.2176513671875,1506.3500194060496,1489.2421259431758,1501.2176513671875,9400,0.0,0.0
2014-05-14 00:00:00+09:00,1501.2177540332596,1516.6148592028314,1479.8328857421875,1479.8328857421875,11500,0.0,0.0
2014-05-15 00:00:00+09:00,1484.1097241282116,1493.5190653186498,1455.881700556897,1467.0018310546875,6400,0.0,0.0
2014-05-16 00:00:00+09:00,1448.1833046206764,1463.5804100448775,1425.087646484375,1425.087646484375,16500,0.0,0.0
2014-05-19 00:00:00+09:00,1425.0876271435577,1428.509206080277,1403.7027587890625,1403.7027587890625,9000,0.0,0.0
2014-05-20 00:00:00+09:00,1425.0876087306701,1425.0876087306701,1401.9919512062233,1410.5458984375,9300,0.0,0.0
2014-05-21 00:00:00+09:00,1410.5458463442724,1419.9551879511778,1405.4134781950513,1407.124267578125,5300,0.0,0.0
2014-05-22 00:00:00+09:00,1433.641718474912,1457.5927734375,1425.0877702739876,1457.5927734375,11400,0.0,0.0
2014-05-23 00:00:00+09:00,1466.1464102634268,1466.1464102634268,1449.038517494892,1465.291015625,12500,0.0,0.0
2014-05-26 00:00:00+09:00,1475.5556811964227,1475.5556811964227,1460.1585784361123,1468.7125244140625,6100,0.0,0.0
2014-05-27 00:00:00+09:00,1472.13434365531,1473.8451331307956,1462.7250015401396,1464.435791015625,7800,0.0,0.0
2014-05-28 00:00:00+09:00,1473.8448920008327,1474.7002865986278,1464.4355514250874,1468.7125244140625,14100,0.0,0.0
2014-05-29 00:00:00+09:00,1468.712686339688,1469.5680810317904,1430.2199251950835,1459.3033447265625,12400,0.0,0.0
2014-05-30 00:00:00+09:00,1462.7249243951615,1529.4457104202038,1461.8695297025326,1511.482421875,27600,0.0,0.0
2014-06-02 00:00:00+09:00,1477.2666963617853,1544.8428799243684,1477.2666963617853,1527.7349853515625,40300,0.0,0.0
2014-06-03 00:00:00+09:00,1538.8551727889972,1539.7105675487464,1530.301225191504,1535.43359375,31700,0.0,0.0
2014-06-04 00:00:00+09:00,1538.855231762196,1586.7573401438985,1534.578257799544,1547.4091796875,73300,0.0,0.0
2014-06-05 00:00:00+09:00,1546.553586247653,1614.1297661777216,1546.553586247653,1594.4556884765625,53200,0.0,0.0
2014-06-06 00:00:00+09:00,1613.2744918726462,1624.3946235769647,1602.154360168328,1618.4068603515625,31600,0.0,0.0
2014-06-09 00:00:00+09:00,1614.9852215621672,1618.4068004214091,1594.4557484067159,1606.4312744140625,29900,0.0,0.0
2014-06-10 00:00:00+09:00,1612.4191015372005,1650.911865234375,1612.4191015372005,1650.911865234375,66800,0.0,0.0
2014-06-11 00:00:00+09:00,1650.056434121676,1675.7182760209243,1642.3578815519013,1664.59814453125,62100,0.0,0.0
2014-06-12 00:00:00+09:00,1638.0808762674958,1686.8383749344655,1638.0808762674958,1682.5614013671875,43200,0.0,0.0
2014-06-13 00:00:00+09:00,1708.223130575223,1750.9928634388991,1703.9461572888554,1743.2943115234375,68800,0.0,0.0
2014-06-16 00:00:00+09:00,1792.0518605739433,1792.0518605739433,1727.8972593600788,1746.7159423828125,53400,0.0,0.0
2014-06-17 00:00:00+09:00,1723.6203076267661,1747.5713590478827,1720.198728852321,1744.1497802734375,60900,0.0,0.0
2014-06-18 00:00:00+09:00,1751.8485294117647,1751.8485294117647,1732.1744492474725,1745.00537109375,27900,0.0,0.0
2014-06-19 00:00:00+09:00,1742.4391312704834,1742.4391312704834,1730.4636045950847,1737.3067626953125,14400,0.0,0.0
2014-06-20 00:00:00+09:00,1710.7894287109375,1724.475744140625,1702.2354815673827,1710.7894287109375,31700,0.0,0.0
2014-06-23 00:00:00+09:00,1710.7895322389243,1710.7895322389243,1679.1399258925042,1689.4046630859375,22400,0.0,0.0
2014-06-24 00:00:00+09:00,1692.826315090394,1722.76513319457,1681.7061826517001,1718.4881591796875,25800,0.0,0.0
2014-06-25 00:00:00+09:00,1710.789448302469,1739.0174741994597,1710.789448302469,1732.17431640625,27900,0.0,0.0
2014-06-26 00:00:00+09:00,1710.7893847753614,1733.0296467774413,1709.9339900829739,1715.9217529296875,12000,0.0,0.0
2014-06-27 00:00:00+09:00,1715.9218712177114,1724.4758187312593,1703.0909499473896,1711.6448974609375,12400,0.0,0.0
2014-06-30 00:00:00+09:00,1716.77725523542,1732.1743606635403,1715.0664657434065,1727.0419921875,9000,0.0,0.0
2014-07-01 00:00:00+09:00,1721.9095458984375,1741.5836241675204,1719.343361776383,1721.9095458984375,26600,0.0,0.0
2014-07-02 00:00:00+09:00,1752.7036441599828,1752.7036441599828,1733.0295671391534,1734.7403564453125,20400,0.0,0.0
2014-07-03 00:00:00+09:00,1716.7772956635372,1727.8974276234903,1716.7772956635372,1717.6326904296875,10600,0.0,0.0
2014-07-04 00:00:00+09:00,1723.6204239799047,1727.8973977366786,1705.657134201454,1711.6448974609375,18100,0.0,0.0
2014-07-07 00:00:00+09:00,1711.6446927017903,1723.6202177881596,1702.2353515625,1702.2353515625,10400,0.0,0.0
2014-07-08 00:00:00+09:00,1694.5369073465,1727.8973007773495,1684.2721709062382,1713.3555908203125,22900,0.0,0.0
2014-07-09 00:00:00+09:00,1708.223262679625,1708.223262679625,1679.9952368066015,1703.9462890625,8800,0.0,0.0
2014-07-10 00:00:00+09:00,1726.1865194351947,1727.8973088498976,1709.078625288166,1721.9095458984375,13200,0.0,0.0
2014-07-11 00:00:00+09:00,1702.2355445533062,1727.8973869335068,1702.2355445533062,1727.0419921875,9300,0.0,0.0
2014-07-14 00:00:00+09:00,1727.0419141425461,1727.0419141425461,1715.9217829469774,1721.9095458984375,6500,0.0,0.0
2014-07-15 00:00:00+09:00,1729.608217155791,1732.1744014542417,1712.500321832786,1717.6326904296875,6100,0.0,0.0
2014-07-16 00:00:00+09:00,1712.5001798736525,1718.4879427403437,1629.526894435219,1696.2476806640625,26500,0.0,0.0
2014-07-17 00:00:00+09:00,1674.00740110636,1674.862795792669,1619.2621411825955,1626.960693359375,35900,0.0,0.0
2014-07-18 00:00:00+09:00,1594.4557284639773,1605.5758596174278,1567.9384926365185,1585.04638671875,30500,0.0,0.0
2014-07-22 00:00:00+09:00,1617.5515510416667,1621.828525,1577.3479958333332,1603.865234375,30000,0.0,0.0
2014-07-23 00:00:00+09:00,1603.8652045798265,1628.6716530773276,1603.0098098040505,1626.10546875,14800,0.0,0.0
2014-07-24 00:00:00+09:00,1625.2501220703125,1629.5270960757607,1601.2990676398026,1625.2501220703125,17600,0.0,0.0
2014-07-25 00:00:00+09:00,1641.5024393350675,1641.5024393350675,1591.8895464317668,1613.2744140625,14900,0.0,0.0
2014-07-28 00:00:00+09:00,1606.4312925614138,1630.3823448466744,1596.1665558677305,1599.588134765625,11000,0.0,0.0
2014-07-29 00:00:00+09:00,1600.4436623166032,1624.394716589647,1591.8897143619447,1612.419189453125,15100,0.0,0.0
2014-07-30 00:00:00+09:00,1633.8038671773381,1653.4779451590548,1629.5268937030519,1644.068603515625,18900,0.0,0.0
2014-07-31 00:00:00+09:00,1662.8875181686046,1662.8875181686046,1644.924227077277,1655.18896484375,8200,0.0,0.0
2014-08-01 00:00:00+09:00,1620.972988556119,1650.0564089312684,1602.1543047839634,1610.708251953125,9900,0.0,0.0
2014-08-04 00:00:00+09:00,1618.406818704044,1633.8039237445687,1599.588134765625,1599.588134765625,9300,0.0,0.0
2014-08-05 00:00:00+09:00,1587.6125706263952,1587.6125706263952,1532.8673095703125,1532.8673095703125,26700,0.0,0.0
2014-08-06 00:00:00+09:00,1523.4581404858018,1563.6616961302896,1523.4581404858018,1536.2890625,11100,0.0,0.0
2014-08-07 00:00:00+09:00,1520.8918938568283,1555.9630792607259,1456.7372864106742,1548.2645263671875,56200,0.0,0.0
2014-08-08 00:00:00+09:00,1573.0710392038445,1644.0688076942845,1573.0710392038445,1625.2501220703125,64900,0.0,0.0
2014-08-11 00:00:00+09:00,1667.164280353703,1668.8750697640198,1550.830600452162,1561.0953369140625,36900,0.0,0.0
2014-08-12 00:00:00+09:00,1595.3112274776665,1615.840701718666,1588.4680693973335,1591.8896484375,16400,0.0,0.0
2014-08-13 00:00:00+09:00,1584.1908023433416,1642.3576352587559,1570.5044887161853,1636.369873046875,12400,0.0,0.0
2014-08-14 00:00:00+09:00,1650.9117404595843,1701.3800268259654,1650.0563457754083,1698.8138427734375,38500,0.0,0.0
2014-08-15 00:00:00+09:00,1705.6570384901165,1727.8973007773495,1702.2354596766959,1713.3555908203125,36300,0.0,0.0
2014-08-18 00:00:00+09:00,1727.8973388671875,1735.5958913670909,1715.0664180340152,1727.8973388671875,18300,0.0,0.0
2014-08-19 00:00:00+09:00,1685.1275319013687,1711.6447671749434,1685.1275319013687,1703.0908203125,13700,0.0,0.0
2014-08-20 00:00:00+09:00,1680.8505920928178,1721.0541431505087,1667.164276839136,1713.3555908203125,36400,0.0,0.0
2014-08-21 00:00:00+09:00,1715.9218230499969,1719.3434019593687,1702.2355074125094,1712.500244140625,23700,0.0,0.0
2014-08-22 00:00:00+09:00,1712.5002347937404,1712.5002347937404,1671.441288105379,1675.71826171875,12500,0.0,0.0
2014-08-25 00:00:00+09:00,1687.6937616394075,1687.6937616394075,1661.1765256481142,1674.0074462890625,9400,0.0,0.0
2014-08-26 00:00:00+09:00,1668.019627251909,1679.139758100255,1666.308837890625,1666.308837890625,15800,0.0,0.0
2014-08-27 00:00:00+09:00,1661.176469806773,1674.0073900164032,1654.333312361637,1666.308837890625,14500,0.0,0.0
2014-08-28 00:00:00+09:00,1671.4412361632833,1672.296630859375,1661.1764998101821,1672.296630859375,14600,0.0,0.0
2014-08-29 00:00:00+09:00,1672.2967059795672,1708.2232848292563,1672.2967059795672,1701.380126953125,10500,0.0,0.0
2014-09-01 00:00:00+09:00,1692.8262983876457,1705.6572203056926,1668.0198493460884,1668.875244140625,20300,0.0,0.0
2014-09-02 00:00:00+09:00,1682.5613437740944,1702.2354215101414,1674.862791616511,1698.8138427734375,9700,0.0,0.0
2014-09-03 00:00:00+09:00,1709.9340677128635,1726.1865676060825,1693.6815678196447,1721.05419921875,23900,0.0,0.0
2014-09-04 00:00:00+09:00,1717.6328349049252,1719.3436245811254,1685.1278310571229,1715.066650390625,16200,0.0,0.0
2014-09-05 00:00:00+09:00,1715.066388239626,1718.4879670690318,1668.019679335297,1669.73046875,17300,0.0,0.0
2014-09-08 00:00:00+09:00,1697.1030283422801,1705.656975057715,1665.4534254951711,1673.1519775390625,21700,0.0,0.0
2014-09-09 00:00:00+09:00,1673.1520918309993,1675.7182760209243,1660.321170881375,1664.59814453125,16600,0.0,0.0
2014-09-10 00:00:00+09:00,1685.1274326869418,1705.6569039481026,1680.8504595075335,1700.5245361328125,15900,0.0,0.0
2014-09-11 00:00:00+09:00,1700.5245626373758,1702.2353519358037,1678.2843017578125,1678.2843017578125,11600,0.0,0.0
2014-09-12 00:00:00+09:00,1672.2968361302426,1683.4169685444078,1616.696174059416,1625.2501220703125,57800,0.0,0.0
2014-09-16 00:00:00+09:00,1639.7916857790046,1657.7549749815914,1616.6960282328214,1651.7672119140625,32800,0.0,0.0
2014-09-17 00:00:00+09:00,1653.4778354479763,1686.83822633389,1653.4778354479763,1680.8504638671875,24800,0.0,0.0
2014-09-18 00:00:00+09:00,1664.597974498026,1672.2965262814184,1646.6346870034429,1665.453369140625,16300,0.0,0.0
2014-09-19 00:00:00+09:00,1665.4537216685385,1709.9342524989256,1648.3458251953125,1648.3458251953125,50000,0.0,0.0
2014-09-22 00:00:00+09:00,1659.4658198004065,1684.2722676221651,1627.8162139588524,1631.23779296875,24800,0.0,0.0
2014-09-24 00:00:00+09:00,1650.056394425959,1674.8628409984592,1640.647052622597,1674.0074462890625,28800,0.0,0.0
2014-09-25 00:00:00+09:00,1685.1275855075544,1692.8261379286548,1656.899559963519,1682.5614013671875,21800,0.0,0.0
2014-09-26 00:00:00+09:00,1682.5613535115303,1683.4233214180424,1642.9108298119759,1644.634765625,18800,15.0,0.0
2014-09-29 00:00:00+09:00,1669.6319469580626,1669.6319469580626,1607.5702535244125,1609.294189453125,19800,0.0,0.0
2014-09-30 00:00:00+09:00,1633.429295911287,1648.0827513363486,1626.533552181846,1637.7391357421875,23000,0.0,0.0
2014-10-01 00:00:00+09:00,1637.7390978894282,1648.0827132445193,1612.742027447958,1631.705322265625,27000,0.0,0.0
2014-10-02 00:00:00+09:00,1628.257402759594,1639.4629857325292,1566.1957124479525,1568.7816162109375,13700,0.0,0.0
2014-10-03 00:00:00+09:00,1566.195779589416,1586.0210426221934,1566.195779589416,1573.9534912109375,6200,0.0,0.0
2014-10-06 00:00:00+09:00,1601.5361524863524,1605.8459914327636,1577.4010543864506,1593.7784423828125,8400,0.0,0.0
2014-10-07 00:00:00+09:00,1593.7787077502173,1632.5672647262907,1593.7787077502173,1611.01806640625,12600,0.0,0.0
2014-10-08 00:00:00+09:00,1576.5390381391853,1589.4685545810046,1567.9193605113055,1580.848876953125,10300,0.0,0.0
2014-10-09 00:00:00+09:00,1580.8490320912788,1589.468710565059,1536.888671875,1536.888671875,12100,0.0,0.0
2014-10-10 00:00:00+09:00,1523.0972590827612,1536.8887452996962,1496.3762545374498,1498.962158203125,15100,0.0,0.0
2014-10-14 00:00:00+09:00,1482.5849904786576,1508.444031010262,1475.6892463368963,1481.7230224609375,16500,0.0,0.0
2014-10-15 00:00:00+09:00,1511.8916824375265,1539.4746549791462,1501.5480677344192,1527.4071044921875,11200,0.0,0.0
2014-10-16 00:00:00+09:00,1486.03271484375,1522.2353679895955,1483.4468110476182,1486.03271484375,11800,0.0,0.0
2014-10-17 00:00:00+09:00,1488.6186940639834,1524.821349044115,1486.8947581125485,1498.100341796875,23400,0.0,0.0
2014-10-20 00:00:00+09:00,1542.0605441159687,1567.9195806299313,1528.2690579751886,1563.6097412109375,12800,0.0,0.0
2014-10-21 00:00:00+09:00,1592.0547324982028,1592.0547324982028,1539.4746898980998,1554.9901123046875,12300,0.0,0.0
2014-10-22 00:00:00+09:00,1580.8490420954013,1590.3306884765625,1568.7814921557417,1590.3306884765625,6600,0.0,0.0
2014-10-23 00:00:00+09:00,1581.7110965347922,1586.882903934906,1552.4041879341476,1562.747802734375,8200,0.0,0.0
2014-10-24 00:00:00+09:00,1570.5056528766147,1587.7450124032514,1568.7817169239509,1576.5394287109375,7100,0.0,0.0
2014-10-27 00:00:00+09:00,1576.5392594679188,1577.4012273517176,1549.8182550701574,1563.6097412109375,10000,0.0,0.0
2014-10-28 00:00:00+09:00,1556.7141580581665,1577.4013893944875,1536.888894694192,1544.6466064453125,6100,0.0,0.0
2014-10-29 00:00:00+09:00,1567.919544361256,1589.4687409577546,1537.7506691261574,1582.572998046875,8300,0.0,0.0
2014-10-30 00:00:00+09:00,1561.8859271144192,1598.9505490051038,1561.8859271144192,1588.60693359375,16800,0.0,0.0
2014-10-31 00:00:00+09:00,1578.2633134598302,1665.322076244889,1578.2633134598302,1660.1502685546875,22200,0.0,0.0
2014-11-04 00:00:00+09:00,1680.8373921340008,1702.386589469052,1633.429157996888,1648.944580078125,22300,0.0,0.0
2014-11-05 00:00:00+09:00,1672.2177861948483,1698.9387920567247,1650.6685879191414,1682.5614013671875,19300,0.0,0.0
2014-11-06 00:00:00+09:00,1683.423407141319,1723.9359008103625,1654.1164968275427,1688.59521484375,54700,0.0,0.0
2014-11-07 00:00:00+09:00,1680.8375030456173,1723.0739326093278,1678.251599194778,1713.59228515625,24100,0.0,0.0
2014-11-10 00:00:00+09:00,1714.4542531065297,1721.3499967087682,1704.9726056534519,1713.59228515625,9400,0.0,0.0
2014-11-11 00:00:00+09:00,1701.5246418615534,1722.2118715498398,1686.8711874990172,1712.730224609375,11000,0.0,0.0
2014-11-12 00:00:00+09:00,1722.2117441613086,1722.2117441613086,1685.147127044724,1709.2822265625,6600,0.0,0.0
2014-11-13 00:00:00+09:00,1686.8712827996555,1719.6260649899402,1682.561443037776,1717.0401611328125,10700,0.0,0.0
2014-11-14 00:00:00+09:00,1723.0739367994438,1723.0739367994438,1695.4909623234146,1717.0401611328125,10700,0.0,0.0
2014-11-17 00:00:00+09:00,1703.2487609261482,1703.2487609261482,1657.564457115882,1661.0123291015625,7600,0.0,0.0
2014-11-18 00:00:00+09:00,1675.6658321795885,1710.144553006329,1663.5982798902294,1702.3868408203125,15200,0.0,0.0
2014-11-19 00:00:00+09:00,1693.7669844705551,1718.764054470375,1679.1135296430743,1682.5614013671875,11300,0.0,0.0
2014-11-20 00:00:00+09:00,1682.5614685744383,1706.6965716072682,1680.8375326435219,1687.7332763671875,5800,0.0,0.0
2014-11-21 00:00:00+09:00,1704.1105909936223,1709.2823985535422,1672.2177777074492,1675.6656494140625,12400,0.0,0.0
2014-11-25 00:00:00+09:00,1675.6655477834304,1688.5950658990432,1666.1839011653142,1667.9078369140625,10500,0.0,0.0
2014-11-26 00:00:00+09:00,1652.392338623174,1667.045791808669,1621.3614965833021,1655.8402099609375,20100,0.0,0.0
2014-11-27 00:00:00+09:00,1659.288408924364,1675.6658010124486,1648.9447928687314,1674.8038330078125,8400,0.0,0.0
2014-11-28 00:00:00+09:00,1674.8036226780296,1679.1134621599597,1663.5980400250114,1677.3895263671875,7800,0.0,0.0
2014-12-01 00:00:00+09:00,1674.8036555608114,1688.595142173767,1638.6010032018025,1654.9783935546875,12000,0.0,0.0
2014-12-02 00:00:00+09:00,1642.048929148707,1664.4600956357758,1633.4292497306035,1649.806640625,19000,0.0,0.0
2014-12-03 00:00:00+09:00,1648.082637251048,1650.6685409705842,1641.1868939989517,1644.634765625,5200,0.0,0.0
2014-12-04 00:00:00+09:00,1642.9107710753435,1654.1163534593832,1633.4291244426947,1646.358642578125,7800,0.0,0.0
2014-12-05 00:00:00+09:00,1646.3585637820877,1657.5641456298192,1646.3585637820877,1655.8402099609375,7000,0.0,0.0
2014-12-08 00:00:00+09:00,1685.1473689884335,1685.1473689884335,1638.6010989498782,1659.288330078125,8300,0.0,0.0
2014-12-09 00:00:00+09:00,1642.049070119611,1672.21795067299,1642.049070119611,1667.046142578125,12500,0.0,0.0
2014-12-10 00:00:00+09:00,1660.1504317142326,1685.147504673585,1654.978623515746,1669.632080078125,22300,0.0,0.0
2014-12-11 00:00:00+09:00,1680.8373550296753,1689.4570337734174,1648.0825758034562,1667.9078369140625,30500,0.0,0.0
2014-12-12 00:00:00+09:00,1638.6009902794156,1670.4938028203615,1638.6009902794156,1644.634765625,34400,0.0,0.0
2014-12-15 00:00:00+09:00,1617.0516788905175,1659.2881033391504,1616.1897110446268,1626.5333251953125,11600,0.0,0.0
2014-12-16 00:00:00+09:00,1596.364665892965,1621.3617367951765,1596.364665892965,1605.8463134765625,13300,0.0,0.0
2014-12-17 00:00:00+09:00,1597.2265878635706,1661.8741831629595,1596.3646199262455,1617.913818359375,14500,0.0,0.0
2014-12-18 00:00:00+09:00,1661.0123646759723,1663.5982687206158,1629.981516140251,1638.6011962890625,10200,0.0,0.0
2014-12-19 00:00:00+09:00,1657.5642765691825,1668.7698593020996,1648.0826296413297,1662.736083984375,9400,0.0,0.0
2014-12-22 00:00:00+09:00,1661.8741160818429,1675.6656025223563,1646.3586938362655,1662.736083984375,7300,0.0,0.0
2014-12-24 00:00:00+09:00,1661.874312938272,1678.2517050263566,1661.874312938272,1674.8038330078125,12200,0.0,0.0
2014-12-25 00:00:00+09:00,1679.1136730309927,1679.9756410356288,1647.2208568594594,1674.8038330078125,10800,0.0,0.0
2014-12-26 00:00:00+09:00,1674.803563989408,1680.8373390526742,1666.1838853275995,1679.1134033203125,5700,0.0,0.0
2014-12-29 00:00:00+09:00,1678.2514354541315,1695.4907927777488,1662.736013862876,1679.1134033203125,12800,0.0,0.0
2014-12-30 00:00:00+09:00,1684.285358297414,1693.7670056573277,1638.6010573814656,1649.806640625,11000,0.0,0.0
2015-01-05 00:00:00+09:00,1635.1532351853498,1678.2516335824334,1635.1532351853498,1666.18408203125,6900,0.0,0.0
2015-01-06 00:00:00+09:00,1649.8068153172592,1670.494048111206,1647.220911218016,1669.632080078125,21900,0.0,0.0
2015-01-07 00:00:00+09:00,1638.6011250867596,1650.668676770723,1626.533573402796,1629.9814453125,15900,0.0,0.0
2015-01-08 00:00:00+09:00,1627.395199666405,1655.8401369487096,1627.395199666405,1647.220458984375,17400,0.0,0.0
2015-01-09 00:00:00+09:00,1642.048929148707,1659.288287984914,1642.048929148707,1649.806640625,12700,0.0,0.0
2015-01-13 00:00:00+09:00,1652.3928411147174,1652.3928411147174,1623.0859258315143,1641.187255859375,14000,0.0,0.0
2015-01-14 00:00:00+09:00,1638.6009936380817,1641.1868973629182,1608.4321168483223,1623.0855712890625,13100,0.0,0.0
2015-01-15 00:00:00+09:00,1623.0855257942228,1639.4629155924652,1623.0855257942228,1635.153076171875,6400,0.0,0.0
2015-01-16 00:00:00+09:00,1606.708323084812,1639.4631064953392,1604.1224191313493,1615.3280029296875,10900,0.0,0.0
2015-01-19 00:00:00+09:00,1610.1560899507992,1617.0518333767127,1596.3646030989723,1604.122314453125,11100,0.0,0.0
2015-01-20 00:00:00+09:00,1606.708276780985,1627.3955078125,1598.0885971845205,1627.3955078125,11500,0.0,0.0
2015-01-21 00:00:00+09:00,1628.2574247940727,1628.2574247940727,1578.2632846998133,1586.02099609375,17200,0.0,0.0
2015-01-22 00:00:00+09:00,1586.0210846063553,1597.2266683562916,1568.7817249910688,1583.4351806640625,14200,0.0,0.0
2015-01-23 00:00:00+09:00,1595.5025250813449,1595.5025250813449,1576.5392319685466,1589.46875,9000,0.0,0.0
2015-01-26 00:00:00+09:00,1568.7817079286317,1594.6407470703125,1568.7817079286317,1594.6407470703125,5300,0.0,0.0
2015-01-27 00:00:00+09:00,1590.3308901579483,1605.8463134765625,1582.5731784986413,1605.8463134765625,11500,0.0,0.0
2015-01-28 00:00:00+09:00,1584.2971144229316,1607.5702494008528,1584.2971144229316,1605.8463134765625,9400,0.0,0.0
2015-01-29 00:00:00+09:00,1605.8461098275534,1605.8461098275534,1589.4687206237297,1590.3306884765625,6800,0.0,0.0
2015-01-30 00:00:00+09:00,1605.846364465457,1607.570300444486,1582.5732287485664,1597.2266845703125,9100,0.0,0.0
2015-02-02 00:00:00+09:00,1579.986986829089,1606.7079887885552,1572.2292765827922,1592.91650390625,8200,0.0,0.0
2015-02-03 00:00:00+09:00,1592.916709243067,1596.3645809080954,1551.5422492627276,1561.8858642578125,10400,0.0,0.0
2015-02-04 00:00:00+09:00,1561.8856102409486,1598.9502246120087,1561.8856102409486,1598.0882568359375,8500,0.0,0.0
2015-02-05 00:00:00+09:00,1565.3336317867888,1585.1588925417977,1551.542146044174,1575.67724609375,17500,0.0,0.0
2015-02-06 00:00:00+09:00,1581.711202832459,1586.0210426221934,1564.4718436735222,1573.9534912109375,6500,0.0,0.0
2015-02-09 00:00:00+09:00,1595.5026979308197,1611.0181212494338,1569.6436590664628,1605.8463134765625,10300,0.0,0.0
2015-02-10 00:00:00+09:00,1611.017946719089,1624.8094326193059,1568.7815211496745,1589.46875,7500,0.0,0.0
2015-02-12 00:00:00+09:00,1598.9506325402144,1623.085736427614,1592.054888572386,1607.5703125,14900,0.0,0.0
2015-02-13 00:00:00+09:00,1607.5702576303406,1617.9138732290344,1598.9505779647623,1612.7420654296875,8700,0.0,0.0
2015-02-16 00:00:00+09:00,1615.3279229525863,1615.3279229525863,1597.226596174569,1599.8125,12500,0.0,0.0
2015-02-17 00:00:00+09:00,1600.67472763315,1605.8465361230794,1553.2664831421305,1556.71435546875,37600,0.0,0.0
2015-02-18 00:00:00+09:00,1574.8154845889749,1586.0210682231602,1560.162029067348,1569.6436767578125,36300,0.0,0.0
2015-02-19 00:00:00+09:00,1570.5055269424229,1579.987173921768,1567.9196232207835,1573.0914306640625,19800,0.0,0.0
2015-02-20 00:00:00+09:00,1576.5392522910636,1591.1927062489356,1573.953348651439,1581.7110595703125,14600,0.0,0.0
2015-02-23 00:00:00+09:00,1592.9166420086854,1594.640577768435,1573.0913807715642,1581.7110595703125,16300,0.0,0.0
2015-02-24 00:00:00+09:00,1598.0883542163967,1611.8798394739276,1593.7785150734182,1602.398193359375,19000,0.0,0.0
2015-02-25 00:00:00+09:00,1615.3279700595056,1616.189938026453,1586.0210591832924,1587.7449951171875,31000,0.0,0.0
2015-02-26 00:00:00+09:00,1604.1221445069152,1616.189694223786,1586.020819931609,1591.192626953125,24500,0.0,0.0
2015-02-27 00:00:00+09:00,1592.9164745935304,1600.6741846970704,1582.5728611221439,1593.7784423828125,9100,0.0,0.0
2015-03-02 00:00:00+09:00,1583.434858049665,1607.5699565936993,1583.434858049665,1592.91650390625,5200,0.0,0.0
2015-03-03 00:00:00+09:00,1604.9840240478516,1604.9840240478516,1536.026600887901,1572.229248046875,20000,0.0,0.0
2015-03-04 00:00:00+09:00,1585.159057819514,1585.159057819514,1554.9901796119648,1560.1619873046875,10100,0.0,0.0
2015-03-05 00:00:00+09:00,1573.0912158363744,1579.9869581523694,1561.023666783383,1572.229248046875,6900,0.0,0.0
2015-03-06 00:00:00+09:00,1571.3676249019709,1580.849272666053,1565.3338490521005,1579.9873046875,6500,0.0,0.0
2015-03-09 00:00:00+09:00,1568.781755845324,1568.781755845324,1548.0945239001107,1557.576171875,19900,0.0,0.0
2015-03-10 00:00:00+09:00,1574.8154127014598,1574.8154127014598,1547.2324388610402,1561.02392578125,13000,0.0,0.0
2015-03-11 00:00:00+09:00,1551.5424174647178,1561.8860335811491,1548.9565134356098,1549.8184814453125,9600,0.0,0.0
2015-03-12 00:00:00+09:00,1564.4718353976511,1574.8154508382968,1548.9564122366826,1567.0577392578125,15400,0.0,0.0
2015-03-13 00:00:00+09:00,1585.1593661012903,1585.1593661012903,1555.8524501429197,1558.4383544921875,31500,0.0,0.0
2015-03-16 00:00:00+09:00,1554.1283588610197,1560.1621350740131,1553.2663908305922,1555.852294921875,6600,0.0,0.0
2015-03-17 00:00:00+09:00,1568.7819049255168,1568.7819049255168,1548.094671014411,1553.2664794921875,12700,0.0,0.0
2015-03-18 00:00:00+09:00,1559.3002597137147,1560.1622277953697,1553.2664831421305,1556.71435546875,7200,0.0,0.0
2015-03-19 00:00:00+09:00,1560.162290725033,1568.7819718892597,1557.576386375765,1558.4383544921875,9900,0.0,0.0
2015-03-20 00:00:00+09:00,1558.438026213843,1573.0914811063403,1558.438026213843,1564.4718017578125,35000,0.0,0.0
2015-03-23 00:00:00+09:00,1564.4715379413806,1573.0912158363744,1556.7138278358861,1572.229248046875,24600,0.0,0.0
2015-03-24 00:00:00+09:00,1568.78154137219,1581.7110595703125,1568.78154137219,1581.7110595703125,15100,0.0,0.0
2015-03-25 00:00:00+09:00,1590.3306344649006,1603.260151818274,1586.0207953471097,1595.50244140625,23300,0.0,0.0
2015-03-26 00:00:00+09:00,1594.6405911613429,1600.6743663711425,1589.4687838386574,1592.0546875,17600,0.0,0.0
2015-03-27 00:00:00+09:00,1603.3520438379223,1618.1254773041796,1565.1149219252566,1604.2210693359375,35400,15.0,0.0
2015-03-30 00:00:00+09:00,1604.221177402513,1612.0424074115176,1602.4831262894008,1605.959228515625,14800,0.0,0.0
2015-03-31 00:00:00+09:00,1605.959357657688,1616.3876651749458,1599.8761782726212,1605.09033203125,16000,0.0,0.0
2015-04-01 00:00:00+09:00,1602.4830183399072,1624.2086557902855,1596.3998398538013,1604.2210693359375,30600,0.0,0.0
2015-04-02 00:00:00+09:00,1618.1254493507179,1626.8157041807433,1605.09006710568,1607.6971435546875,22100,0.0,0.0
2015-04-03 00:00:00+09:00,1627.6846716907232,1633.7678498550772,1603.3519590333071,1630.291748046875,16500,0.0,0.0
2015-04-06 00:00:00+09:00,1618.9943312075225,1618.9943312075225,1602.4828484952611,1610.3040771484375,8800,0.0,0.0
2015-04-07 00:00:00+09:00,1608.5663051852932,1618.9946118639662,1604.221177402513,1605.959228515625,6300,0.0,0.0
2015-04-08 00:00:00+09:00,1616.3875802682894,1638.1132197880245,1612.0424523643426,1615.5185546875,38400,0.0,0.0
2015-04-09 00:00:00+09:00,1620.7326926058354,1655.4937155035477,1610.3043857365217,1647.6724853515625,40200,0.0,0.0
2015-04-10 00:00:00+09:00,1646.8036115675338,1669.3982785336318,1639.851406347196,1658.969970703125,33200,0.0,0.0
2015-04-13 00:00:00+09:00,1659.8387522756318,1698.9449008894555,1655.4936246518735,1689.3856201171875,38900,0.0,0.0
2015-04-14 00:00:00+09:00,1702.4210906559654,1702.4210906559654,1658.9698121808258,1693.7308349609375,12700,0.0,0.0
2015-04-15 00:00:00+09:00,1689.3857656289902,1715.4565336170917,1664.1840232404918,1701.5521240234375,29900,0.0,0.0
2015-04-16 00:00:00+09:00,1713.7185238897207,1755.4317536801398,1678.9574990643714,1741.52734375,41700,0.0,0.0
2015-04-17 00:00:00+09:00,1725.0156026912166,1785.8473871689926,1698.944837915027,1773.6810302734375,69100,0.0,0.0
2015-04-20 00:00:00+09:00,1766.7288179725454,1766.7288179725454,1712.8492376900574,1744.1341552734375,32300,0.0,0.0
2015-04-21 00:00:00+09:00,1725.8846675960162,1733.7058972074785,1703.290004274014,1707.6351318359375,16300,0.0,0.0
2015-04-22 00:00:00+09:00,1697.206836282575,1737.1820101018268,1697.206836282575,1721.53955078125,23200,0.0,0.0
2015-04-23 00:00:00+09:00,1721.53955078125,1738.0510356196367,1711.1112445675321,1721.53955078125,17800,0.0,0.0
2015-04-24 00:00:00+09:00,1730.2299004619608,1731.9679515925102,1707.6352357648182,1725.0157470703125,16000,0.0,0.0
2015-04-27 00:00:00+09:00,1742.3961529541016,1756.3005611572264,1729.3607702636718,1738.051025390625,20100,0.0,0.0
2015-04-28 00:00:00+09:00,1738.0509837674476,1745.8722131944012,1727.622677864843,1743.26513671875,16100,0.0,0.0
2015-04-30 00:00:00+09:00,1730.2298027065292,1740.6581089006418,1720.6705220285926,1737.1820068359375,15800,0.0,0.0
2015-05-01 00:00:00+09:00,1722.4083039259472,1755.4312683806322,1716.3251262632418,1740.6578369140625,48900,0.0,0.0
2015-05-07 00:00:00+09:00,1717.1942484199008,1780.6331047633487,1717.1942484199008,1774.5499267578125,61400,0.0,0.0
2015-05-08 00:00:00+09:00,1769.3360736138,1773.6812014959555,1748.4794597794526,1767.5980224609375,17900,0.0,0.0
2015-05-11 00:00:00+09:00,1771.9430455309755,1788.4545305064971,1761.5147392306462,1780.63330078125,23700,0.0,0.0
2015-05-12 00:00:00+09:00,1772.8121337890625,1776.2882360121785,1764.121878231273,1772.8121337890625,15700,0.0,0.0
2015-05-13 00:00:00+09:00,1769.3359305485242,1772.8120325731775,1758.038598968401,1770.2049560546875,9800,0.0,0.0
2015-05-14 00:00:00+09:00,1763.2527760702465,1763.2527760702465,1747.6103167458184,1751.9554443359375,9300,0.0,0.0
2015-05-15 00:00:00+09:00,1751.0865197977612,1760.6458010472775,1743.2652896845204,1754.5626220703125,9700,0.0,0.0
2015-05-18 00:00:00+09:00,1746.7412635123376,1755.4315185546875,1739.7890594784576,1755.4315185546875,18400,0.0,0.0
2015-05-19 00:00:00+09:00,1755.4315917246086,1761.5147705078125,1748.4793874009467,1761.5147705078125,17200,0.0,0.0
2015-05-20 00:00:00+09:00,1771.9430769933053,1771.9430769933053,1748.4793874009467,1761.5147705078125,8300,0.0,0.0
2015-05-21 00:00:00+09:00,1771.9428504697255,1781.5021301927109,1761.514545317378,1774.5499267578125,17800,0.0,0.0
2015-05-22 00:00:00+09:00,1780.6332971768118,1781.50232270008,1741.5271486297368,1765.85986328125,31800,0.0,0.0
2015-05-25 00:00:00+09:00,1783.2403601622914,1798.8828194619607,1778.8952325790501,1798.0137939453125,29200,0.0,0.0
2015-05-26 00:00:00+09:00,1805.8351558987185,1815.3944372822054,1802.3590535774506,1811.9183349609375,23700,0.0,0.0
2015-05-27 00:00:00+09:00,1802.358876920464,1824.0845142989651,1801.4898514253239,1818.870361328125,12500,0.0,0.0
2015-05-28 00:00:00+09:00,1824.9535778985507,1831.036756491546,1784.9784042874396,1798.8828125,39400,0.0,0.0
2015-05-29 00:00:00+09:00,1798.8828791815804,1807.5731346365637,1747.6103719971777,1775.419189453125,28100,0.0,0.0
2015-06-01 00:00:00+09:00,1775.4188216704667,1832.7744957919795,1767.5975933811694,1822.34619140625,30000,0.0,0.0
2015-06-02 00:00:00+09:00,1868.4049031902787,1979.6401718453278,1868.4049031902787,1944.879150390625,87100,0.0,0.0
2015-06-03 00:00:00+09:00,1917.9393450055804,1922.28447265625,1846.6792515345983,1885.785400390625,30600,0.0,0.0
2015-06-04 00:00:00+09:00,1870.1427465289817,1892.7374079647407,1855.3693140517546,1879.7020263671875,14800,0.0,0.0
2015-06-05 00:00:00+09:00,1859.7145748048713,1871.880931836305,1846.6791922711923,1847.5482177734375,12200,0.0,0.0
2015-06-08 00:00:00+09:00,1841.4648381749525,1851.024117655804,1826.6914062500002,1826.69140625,9200,0.0,0.0
2015-06-09 00:00:00+09:00,1807.5730670300982,1813.656245621065,1765.8598424063268,1768.4669189453125,17500,0.0,0.0
2015-06-10 00:00:00+09:00,1805.8349266615994,1805.8349266615994,1764.1217041015625,1764.1217041015625,20300,0.0,0.0
2015-06-11 00:00:00+09:00,1781.5019806931475,1782.3710060495832,1750.217067861463,1762.3834228515625,14700,0.0,0.0
2015-06-12 00:00:00+09:00,1801.4897323277485,1807.5729103915662,1764.1216385071536,1803.227783203125,45600,0.0,0.0
2015-06-15 00:00:00+09:00,1846.6791023115413,1858.8454587502997,1807.5729566155321,1812.787109375,22400,0.0,0.0
2015-06-16 00:00:00+09:00,1831.9057961912174,1836.2509237912916,1796.2757498706103,1797.144775390625,8900,0.0,0.0
2015-06-17 00:00:00+09:00,1797.144667146282,1814.5251764997276,1778.0261068574919,1795.4066162109375,9500,0.0,0.0
2015-06-18 00:00:00+09:00,1796.2757602317442,1796.2757602317442,1780.63330078125,1780.63330078125,5200,0.0,0.0
2015-06-19 00:00:00+09:00,1776.2882905100992,1805.8351603131048,1776.2882905100992,1796.27587890625,7400,0.0,0.0
2015-06-22 00:00:00+09:00,1784.1092988834823,1806.703961217126,1767.597814870435,1793.6685791015625,11300,0.0,0.0
2015-06-23 00:00:00+09:00,1815.39428015896,1822.3464841997795,1795.4066935416045,1816.2633056640625,11000,0.0,0.0
2015-06-24 00:00:00+09:00,1818.0017190144285,1868.4052083561287,1807.5734108747665,1861.4530029296875,41600,0.0,0.0
2015-06-25 00:00:00+09:00,1881.4402869001442,1890.1305422668886,1853.6314697265623,1853.6314697265625,16600,0.0,0.0
2015-06-26 00:00:00+09:00,1865.7977364318792,1881.4401953307026,1842.3340480836441,1864.9287109375,12100,0.0,0.0
2015-06-29 00:00:00+09:00,1828.4298913522568,1876.2263001090885,1828.4298913522568,1848.41748046875,16000,0.0,0.0
2015-06-30 00:00:00+09:00,1845.8101041190585,1910.98701457524,1845.8101041190585,1901.427734375,17300,0.0,0.0
2015-07-01 00:00:00+09:00,1900.5587084666793,1960.5214660726238,1895.3445556313798,1947.486083984375,26500,0.0,0.0
2015-07-02 00:00:00+09:00,1977.0332218009457,2024.8296293609687,1930.9748654249238,1959.6527099609375,39200,0.0,0.0
2015-07-03 00:00:00+09:00,1959.652436413231,1959.652436413231,1868.404761990442,1886.654296875,11800,0.0,0.0
2015-07-06 00:00:00+09:00,1865.7979049466894,1887.5235442683788,1830.1678564591189,1844.072265625,14400,0.0,0.0
2015-07-07 00:00:00+09:00,1855.3692779901744,1858.8453796819592,1835.3816932624115,1837.98876953125,5800,0.0,0.0
2015-07-08 00:00:00+09:00,1830.167762875557,1857.976579785347,1779.7642822265625,1779.7642822265625,11100,0.0,0.0
2015-07-09 00:00:00+09:00,1736.3130399056993,1775.419189453125,1728.4918099962142,1775.419189453125,17500,0.0,0.0
2015-07-10 00:00:00+09:00,1820.6086407103166,1820.6086407103166,1742.3963363361265,1760.6458740234375,13600,0.0,0.0
2015-07-13 00:00:00+09:00,1760.64571014164,1803.2279607817884,1742.3961741530052,1765.85986328125,12100,0.0,0.0
2015-07-14 00:00:00+09:00,1761.5143904022082,1787.585150990302,1759.7763396963353,1778.8948974609375,15100,0.0,0.0
2015-07-15 00:00:00+09:00,1798.0138749066523,1804.9660793528838,1760.6457760081573,1772.8121337890625,10600,0.0,0.0
2015-07-16 00:00:00+09:00,1791.0614427107096,1796.2755953823564,1758.038475790279,1785.8472900390625,28100,0.0,0.0
2015-07-17 00:00:00+09:00,1829.2987732740226,1829.2987732740226,1762.3838062706498,1775.419189453125,13300,0.0,0.0
2015-07-21 00:00:00+09:00,1764.121878231273,1792.7997215719786,1756.3006482292624,1772.8121337890625,18500,0.0,0.0
2015-07-22 00:00:00+09:00,1774.5501012969435,1789.3235350491707,1766.7288716634114,1783.2403564453125,8400,0.0,0.0
2015-07-23 00:00:00+09:00,1792.7995536271915,1796.2756555246751,1772.8119677166605,1793.6685791015625,19100,0.0,0.0
2015-07-24 00:00:00+09:00,1824.0842929083144,1824.0842929083144,1767.5976425800436,1769.335693359375,15000,0.0,0.0
2015-07-27 00:00:00+09:00,1758.0385049222696,1767.5977849786932,1702.4208755030777,1720.67041015625,22800,0.0,0.0
2015-07-28 00:00:00+09:00,1720.670247892054,1733.7056285579029,1706.7658418484818,1710.241943359375,11700,0.0,0.0
2015-07-29 00:00:00+09:00,1719.8013846965753,1729.360664752999,1711.1111300998264,1720.67041015625,10500,0.0,0.0
2015-07-30 00:00:00+09:00,1722.4084197291195,1760.6455390369304,1722.4084197291195,1725.884521484375,8100,0.0,0.0
2015-07-31 00:00:00+09:00,1757.1696737850414,1795.4067982393153,1737.1820860021255,1772.8121337890625,42100,0.0,0.0
2015-08-03 00:00:00+09:00,1761.5147283513984,1766.72888146936,1736.31298828125,1736.31298828125,7000,0.0,0.0
2015-08-04 00:00:00+09:00,1746.7413155691966,1753.6935198102678,1720.6705496651787,1733.7059326171875,8300,0.0,0.0
2015-08-05 00:00:00+09:00,1814.525461481213,1814.525461481213,1725.015824252973,1760.6458740234375,33500,0.0,0.0
2015-08-06 00:00:00+09:00,1765.8598008405806,1794.5376420943892,1751.955392959946,1773.6810302734375,15400,0.0,0.0
2015-08-07 00:00:00+09:00,1760.6455422410395,1785.8472800125055,1746.7411351947133,1756.3004150390625,18000,0.0,0.0
2015-08-10 00:00:00+09:00,1764.990862269238,1764.990862269238,1732.8369174617728,1747.6103515625,14100,0.0,0.0
2015-08-11 00:00:00+09:00,1759.7768484192798,1788.454693356483,1750.2175667735455,1760.6458740234375,11000,0.0,0.0
2015-08-12 00:00:00+09:00,1760.6458740234375,1764.1219764400682,1747.6104899610725,1760.6458740234375,7500,0.0,0.0
2015-08-13 00:00:00+09:00,1745.003184925426,1771.942975130948,1744.1341594349253,1758.9075927734375,17400,0.0,0.0
2015-08-14 00:00:00+09:00,1758.9076554745657,1771.074012775279,1749.3483747382909,1751.08642578125,18000,0.0,0.0
2015-08-17 00:00:00+09:00,1751.0864537038476,1752.8245047745213,1743.2652238858157,1747.6103515625,5900,0.0,0.0
2015-08-18 00:00:00+09:00,1743.2649831882911,1754.5623135878166,1713.7181190664558,1716.3251953125,16800,0.0,0.0
2015-08-19 00:00:00+09:00,1716.3253409347612,1716.3253409347612,1682.4333468606064,1698.0758056640625,16200,0.0,0.0
2015-08-20 00:00:00+09:00,1694.5996342873086,1694.5996342873086,1653.755437973717,1660.7076416015625,56000,0.0,0.0
2015-08-21 00:00:00+09:00,1641.5893312287867,1685.9096360952071,1582.4955914068928,1584.233642578125,29400,0.0,0.0
2015-08-24 00:00:00+09:00,1549.4723789790514,1581.6263206628569,1490.3786483169226,1492.11669921875,30600,0.0,0.0
2015-08-25 00:00:00+09:00,1506.8903157455832,1546.8654913651317,1464.3080634551948,1469.522216796875,31400,0.0,0.0
2015-08-26 00:00:00+09:00,1486.03341796875,1524.27053515625,1459.96265625,1520.79443359375,25900,0.0,0.0
2015-08-27 00:00:00+09:00,1545.9963935839128,1575.5432611397605,1538.1751639367767,1539.044189453125,17500,0.0,0.0
2015-08-28 00:00:00+09:00,1573.805217575961,1592.9237790263592,1553.81763060509,1568.591064453125,9600,0.0,0.0
2015-08-31 00:00:00+09:00,1583.3644562525883,1583.3644562525883,1556.424665833362,1573.80517578125,10200,0.0,0.0
2015-09-01 00:00:00+09:00,1569.4600830078125,1593.7927974730499,1539.9132154428814,1569.4600830078125,27700,0.0,0.0
2015-09-02 00:00:00+09:00,1546.8655036375428,1580.7575006273541,1515.5805833392553,1528.615966796875,13300,0.0,0.0
2015-09-03 00:00:00+09:00,1539.044265483548,1583.3645690067897,1530.3540098907556,1559.90087890625,11500,0.0,0.0
2015-09-04 00:00:00+09:00,1565.9838583076332,1582.4953418302998,1520.7945349824408,1523.401611328125,11300,0.0,0.0
2015-09-07 00:00:00+09:00,1507.7593643363864,1545.9964894261852,1504.2832620554957,1512.1044921875,7500,0.0,0.0
2015-09-08 00:00:00+09:00,1506.021350082842,1537.3062713771192,1428.6780724386567,1432.1541748046875,19800,0.0,0.0
2015-09-09 00:00:00+09:00,1479.0814763207597,1515.580549179439,1467.7841442454544,1502.545166015625,26000,0.0,0.0
2015-09-10 00:00:00+09:00,1517.3184724611658,1517.3184724611658,1462.569867784732,1487.7716064453125,13500,0.0,0.0
2015-09-11 00:00:00+09:00,1461.70097982348,1487.7717464077275,1461.70097982348,1470.3912353515625,23900,0.0,0.0
2015-09-14 00:00:00+09:00,1481.6884928385416,1481.6884928385416,1426.070860262784,1433.89208984375,19600,0.0,0.0
2015-09-15 00:00:00+09:00,1468.6528646020522,1595.5305676978508,1468.6528646020522,1511.235107421875,28300,0.0,0.0
2015-09-16 00:00:00+09:00,1520.794462274622,1572.0669612884521,1485.1644205870452,1501.6759033203125,11600,0.0,0.0
2015-09-17 00:00:00+09:00,1489.50951953125,1527.7466367187499,1489.50951953125,1520.79443359375,7200,0.0,0.0
2015-09-18 00:00:00+09:00,1509.4974154768317,1544.2584382857399,1489.5098273617098,1512.1044921875,12600,0.0,0.0
2015-09-24 00:00:00+09:00,1497.3308773294202,1528.6157940931228,1493.8547754667868,1504.2830810546875,18300,0.0,0.0
2015-09-25 00:00:00+09:00,1550.3415492118131,1572.0671875135483,1546.8654470835356,1565.9840087890625,19100,0.0,0.0
2015-09-28 00:00:00+09:00,1558.097299196057,1569.4894616761183,1536.1892944267088,1553.7156982421875,11100,15.0,0.0
2015-09-29 00:00:00+09:00,1548.4575424489233,1587.015625,1540.570661927112,1587.015625,56900,0.0,0.0
2015-09-30 00:00:00+09:00,1581.7577388897612,1581.7577388897612,1537.9417350423994,1569.4892578125,17700,0.0,0.0
2015-10-01 00:00:00+09:00,1586.1395127001126,1610.6764775374625,1577.3763109724878,1604.542236328125,16600,0.0,0.0
2015-10-02 00:00:00+09:00,1604.5421125661508,1604.5421125661508,1567.7366681490134,1580.8814697265625,10100,0.0,0.0
2015-10-05 00:00:00+09:00,1588.7682822151755,1611.5526039678477,1574.7471611366082,1578.25244140625,9500,0.0,0.0
2015-10-06 00:00:00+09:00,1613.3052751624066,1618.5631956680961,1587.8919927182405,1612.428955078125,16200,0.0,0.0
2015-10-07 00:00:00+09:00,1618.5629259738485,1647.4814839365647,1603.665487023358,1639.5946044921875,13400,0.0,0.0
2015-10-08 00:00:00+09:00,1646.6055335582387,1734.237547052557,1643.100253018466,1686.916259765625,33800,0.0,0.0
2015-10-09 00:00:00+09:00,1686.9159510178117,1726.3503498727734,1670.2658715012722,1721.96875,19700,0.0,0.0
2015-10-13 00:00:00+09:00,1742.1244431399227,1746.5060438520452,1693.9268353065747,1715.8348388671875,14900,0.0,0.0
2015-10-14 00:00:00+09:00,1680.7818103453462,1732.48469189403,1673.771250135355,1707.0714111328125,14300,0.0,0.0
2015-10-15 00:00:00+09:00,1700.9372693545854,1750.0111936636306,1700.9372693545854,1743.876953125,8700,0.0,0.0
2015-10-16 00:00:00+09:00,1743.8769392891068,1743.8769392891068,1697.431975579397,1700.937255859375,10400,0.0,0.0
2015-10-19 00:00:00+09:00,1705.318721883097,1739.4952019208363,1704.4424018821292,1733.3609619140625,2800,0.0,0.0
2015-10-20 00:00:00+09:00,1721.0924773653735,1721.0924773653735,1693.9265574069589,1709.7003173828125,6800,0.0,0.0
2015-10-21 00:00:00+09:00,1718.4637999719575,1739.4954833984375,1711.4532388297978,1739.4954833984375,8500,0.0,0.0
2015-10-22 00:00:00+09:00,1731.6085292403918,1739.49541019341,1719.3400477579196,1727.2269287109375,10700,0.0,0.0
2015-10-23 00:00:00+09:00,1730.7323450021931,1739.4955467490397,1726.3507441287697,1732.4849853515625,9400,0.0,0.0
2015-10-26 00:00:00+09:00,1732.484894773287,1737.7428155464988,1721.9690532268633,1728.9796142578125,5300,0.0,0.0
2015-10-27 00:00:00+09:00,1726.3506086050465,1735.9901297698464,1719.3400477579196,1727.2269287109375,6300,0.0,0.0
2015-10-28 00:00:00+09:00,1709.7003173828125,1728.1030373546419,1677.2764774324464,1709.7003173828125,16100,0.0,0.0
2015-10-29 00:00:00+09:00,1709.7004980003476,1714.9584185477602,1629.9553696979224,1655.36865234375,46100,0.0,0.0
2015-10-30 00:00:00+09:00,1641.3475516089431,1663.255554166457,1631.708030483637,1632.5843505859375,25100,0.0,0.0
2015-11-02 00:00:00+09:00,1632.5841828578057,1657.9974632136168,1577.3760220848364,1579.128662109375,17000,0.0,0.0
2015-11-04 00:00:00+09:00,1637.8423847450115,1716.7111994197312,1621.1923016470153,1660.626708984375,42300,0.0,0.0
2015-11-05 00:00:00+09:00,1643.976591163266,1714.9585228712747,1642.2239508741793,1701.813720703125,22400,0.0,0.0
2015-11-06 00:00:00+09:00,1684.2869910941474,1721.96875,1684.2869910941474,1721.96875,10800,0.0,0.0
2015-11-09 00:00:00+09:00,1719.3398418985798,1733.3609619140625,1703.5660818811616,1733.3609619140625,15600,0.0,0.0
2015-11-10 00:00:00+09:00,1724.5978381199393,1735.1136785962804,1712.329357564208,1731.6083984375,9400,0.0,0.0
2015-11-11 00:00:00+09:00,1726.3504411146203,1726.3504411146203,1643.976359152806,1725.47412109375,19700,0.0,0.0
2015-11-12 00:00:00+09:00,1724.5980409713477,1739.4954833984375,1708.8242784014876,1739.4954833984375,20100,0.0,0.0
2015-11-13 00:00:00+09:00,1745.6297376209268,1745.6297376209268,1698.3084495528897,1721.0927734375,18000,0.0,0.0
2015-11-16 00:00:00+09:00,1721.968988830504,1721.968988830504,1698.3083462358863,1712.3294677734375,5900,0.0,0.0
2015-11-17 00:00:00+09:00,1739.4952957603477,1739.4952957603477,1710.5767341683622,1722.84521484375,12900,0.0,0.0
2015-11-18 00:00:00+09:00,1727.2268235723564,1729.8557837300007,1709.7004225213936,1718.463623046875,4500,0.0,0.0
2015-11-19 00:00:00+09:00,1736.8664498757373,1736.8664498757373,1708.8242064872288,1727.2269287109375,10800,0.0,0.0
2015-11-20 00:00:00+09:00,1731.608282940677,1741.247802734375,1729.8556429781863,1741.247802734375,3600,0.0,0.0
2015-11-24 00:00:00+09:00,1741.2480960619732,1741.2480960619732,1705.3189707783592,1728.9796142578125,12900,0.0,0.0
2015-11-25 00:00:00+09:00,1733.3610385168902,1735.1136785962804,1717.5872778023786,1731.6083984375,9000,0.0,0.0
2015-11-26 00:00:00+09:00,1739.4953416033488,1740.3716616746856,1719.3399799626047,1724.597900390625,4800,0.0,0.0
2015-11-27 00:00:00+09:00,1726.3506538712065,1737.7428155464988,1724.5980136134692,1728.9796142578125,6200,0.0,0.0
2015-11-30 00:00:00+09:00,1728.9796416851975,1747.3823646833675,1728.9796416851975,1739.4954833984375,24400,0.0,0.0
2015-12-01 00:00:00+09:00,1748.2585359099728,1828.003662109375,1748.2585359099728,1828.003662109375,28700,0.0,0.0
2015-12-02 00:00:00+09:00,1835.0144585892665,1840.2723796740495,1817.4880549733232,1832.385498046875,24700,0.0,0.0
2015-12-03 00:00:00+09:00,1854.2933122783688,1856.0459524601065,1823.6221090979611,1853.4169921875,11000,0.0,0.0
2015-12-04 00:00:00+09:00,1813.982729000307,1814.8590491592443,1735.1139146959458,1783.3115234375,16000,0.0,0.0
2015-12-07 00:00:00+09:00,1796.4561735672041,1825.3747363612129,1792.0745731438697,1810.477294921875,9100,0.0,0.0
2015-12-08 00:00:00+09:00,1814.8588243624863,1824.498344916802,1798.2087434050325,1821.869384765625,6000,0.0,0.0
2015-12-09 00:00:00+09:00,1800.8378630202599,1804.3431435322213,1771.9192987965769,1790.322021484375,9300,0.0,0.0
2015-12-10 00:00:00+09:00,1783.3112852035028,1812.2298465851813,1783.3112852035028,1792.9508056640625,12800,0.0,0.0
2015-12-11 00:00:00+09:00,1835.8904074143993,1835.8904074143993,1798.2086472622184,1808.7244873046875,28200,0.0,0.0
2015-12-14 00:00:00+09:00,1778.9296647584633,1785.0639049817682,1756.1453439290447,1778.0533447265625,13300,0.0,0.0
2015-12-15 00:00:00+09:00,1798.2088391969805,1798.2088391969805,1728.979551528091,1735.9901123046875,11500,0.0,0.0
2015-12-16 00:00:00+09:00,1756.1453857421875,1764.908586269843,1745.6295451090007,1756.1453857421875,8000,0.0,0.0
2015-12-17 00:00:00+09:00,1800.837703022835,1800.837703022835,1755.2690604159313,1784.1876220703125,19300,0.0,0.0
2015-12-18 00:00:00+09:00,1799.9614349091396,1799.9614349091396,1744.7532701577884,1757.8980712890625,9100,0.0,0.0
2015-12-21 00:00:00+09:00,1725.4740773586661,1740.3715173358614,1708.823997384154,1709.7003173828125,10600,0.0,0.0
2015-12-22 00:00:00+09:00,1724.5979033923538,1724.5979033923538,1708.8241420808386,1710.5767822265625,4000,0.0,0.0
2015-12-24 00:00:00+09:00,1707.0715277833797,1717.5873688169527,1693.050406405282,1697.4320068359375,7900,0.0,0.0
2015-12-25 00:00:00+09:00,1697.4320068359375,1697.4320068359375,1697.4320068359375,1697.4320068359375,0,0.0,0.0
2015-12-28 00:00:00+09:00,1681.6583615121813,1699.184764446128,1676.4004406319973,1687.7926025390625,2900,0.0,0.0
2015-12-29 00:00:00+09:00,1710.5766338092537,1738.6188737077662,1693.926553869512,1737.7425537109375,5900,0.0,0.0
2015-12-30 00:00:00+09:00,1718.4637776036416,1748.2586620699974,1718.4637776036416,1738.619140625,2600,0.0,0.0
2016-01-04 00:00:00+09:00,1746.505941832236,1746.505941832236,1654.4923322525146,1655.36865234375,13200,0.0,0.0
2016-01-05 00:00:00+09:00,1654.4922364045383,1726.3504797229557,1654.4922364045383,1679.905517578125,9000,0.0,0.0
2016-01-06 00:00:00+09:00,1663.2555663296368,1686.9162092647794,1663.2555663296368,1675.5240478515625,5900,0.0,0.0
2016-01-07 00:00:00+09:00,1651.8634486034173,1670.2661713730045,1607.171121877277,1653.6160888671875,22500,0.0,0.0
2016-01-08 00:00:00+09:00,1645.7290748575738,1682.5345174262734,1624.6973933897452,1634.3369140625,6700,0.0,0.0
2016-01-12 00:00:00+09:00,1609.7999610255779,1620.315801816164,1554.591796875,1554.591796875,12500,0.0,0.0
2016-01-13 00:00:00+09:00,1577.3759229409318,1590.5207222987729,1563.3548036259012,1580.0048828125,7300,0.0,0.0
2016-01-14 00:00:00+09:00,1559.8497369660804,1587.8919794283918,1525.6732539651382,1569.4892578125,13300,0.0,0.0
2016-01-15 00:00:00+09:00,1615.057934688636,1643.9764978165388,1576.4998505180986,1627.326416015625,15100,0.0,0.0
2016-01-18 00:00:00+09:00,1603.6656922179382,1676.4002564005004,1591.397211512446,1619.439453125,14400,0.0,0.0
2016-01-19 00:00:00+09:00,1605.418236633688,1657.9974365234375,1604.5419166355255,1657.9974365234375,10200,0.0,0.0
2016-01-20 00:00:00+09:00,1647.4817267316769,1653.61596720355,1578.25244140625,1578.25244140625,7300,0.0,0.0
2016-01-21 00:00:00+09:00,1578.2524930044597,1580.0051331965801,1490.6204833984375,1490.6204833984375,13300,0.0,0.0
2016-01-22 00:00:00+09:00,1563.3550758259767,1645.7291661441614,1530.9312317645633,1637.84228515625,15800,0.0,0.0
2016-01-25 00:00:00+09:00,1707.947893937684,1707.947893937684,1613.3053220827483,1637.84228515625,10600,0.0,0.0
2016-01-26 00:00:00+09:00,1604.5419092440056,1604.5419092440056,1588.7681493497444,1596.655029296875,3600,0.0,0.0
2016-01-27 00:00:00+09:00,1653.6161705787486,1653.6161705787486,1581.7579162133763,1614.1817626953125,3900,0.0,0.0
2016-01-28 00:00:00+09:00,1625.5737692417451,1667.6371336210464,1597.531526322211,1655.36865234375,13300,0.0,0.0
2016-01-29 00:00:00+09:00,1652.7396053538603,1713.2056884765625,1652.7396053538603,1713.2056884765625,5600,0.0,0.0
2016-02-01 00:00:00+09:00,1732.484868377747,1743.0007097639548,1692.1741430639502,1742.1243896484375,7700,0.0,0.0
2016-02-02 00:00:00+09:00,1738.6191142446223,1751.763916015625,1726.3506325916865,1751.763916015625,6500,0.0,0.0
2016-02-03 00:00:00+09:00,1765.7850131867037,1820.9931798520945,1755.2691719171055,1788.5693359375,19900,0.0,0.0
2016-02-04 00:00:00+09:00,1761.4033056217331,1761.4033056217331,1710.5767425739418,1718.463623046875,6200,0.0,0.0
2016-02-05 00:00:00+09:00,1718.4635074143478,1739.4951872603162,1718.4635074143478,1728.10302734375,7300,0.0,0.0
2016-02-08 00:00:00+09:00,1698.3084495528897,1725.4743741845405,1698.3084495528897,1721.0927734375,5400,0.0,0.0
2016-02-09 00:00:00+09:00,1674.6477261247308,1686.916207634802,1603.6657973878896,1651.8634033203125,16100,0.0,0.0
2016-02-10 00:00:00+09:00,1672.018779231553,1677.2766999209605,1552.8392436049853,1572.1182861328125,12500,0.0,0.0
2016-02-12 00:00:00+09:00,1537.0652676764407,1537.9415876694147,1427.5252685546875,1427.5252685546875,18400,0.0,0.0
2016-02-15 00:00:00+09:00,1572.9945125136264,1629.0789965252543,1524.7969090661338,1544.9522705078125,9200,0.0,0.0
2016-02-16 00:00:00+09:00,1540.570792870548,1586.1394397586416,1540.570792870548,1568.613037109375,8100,0.0,0.0
2016-02-17 00:00:00+09:00,1567.7367347974455,1626.4501843398875,1535.3128895277387,1559.849853515625,9900,0.0,0.0
2016-02-18 00:00:00+09:00,1597.5316169367609,1638.718663561022,1573.8709731313345,1621.1922607421875,9900,0.0,0.0
2016-02-19 00:00:00+09:00,1588.76839910769,1664.1319304498088,1583.5104783163795,1653.6160888671875,14600,0.0,0.0
2016-02-22 00:00:00+09:00,1637.842271263095,1693.9267578125,1634.3369908537572,1693.9267578125,7000,0.0,0.0
2016-02-23 00:00:00+09:00,1717.5873788214665,1717.5873788214665,1631.708009880393,1655.36865234375,5400,0.0,0.0
2016-02-24 00:00:00+09:00,1657.9976885395665,1657.9976885395665,1622.9448832850303,1629.9554443359375,11500,0.0,0.0
2016-02-25 00:00:00+09:00,1664.1317117636258,1691.2976322821476,1647.4816314458224,1678.15283203125,7800,0.0,0.0
2016-02-26 00:00:00+09:00,1669.389695997362,1691.2976972571698,1612.4288927218613,1619.439453125,7600,0.0,0.0
2016-02-29 00:00:00+09:00,1619.4394343873448,1619.4394343873448,1552.839111328125,1552.839111328125,8600,0.0,0.0
2016-03-01 00:00:00+09:00,1562.4789001499269,1571.2421020576662,1549.3340972883177,1553.7156982421875,6900,0.0,0.0
2016-03-02 00:00:00+09:00,1597.531421175271,1622.9447021484375,1587.8919008061387,1622.9447021484375,6800,0.0,0.0
2016-03-03 00:00:00+09:00,1615.9340968664058,1672.8948974609375,1615.9340968664058,1672.8948974609375,6300,0.0,0.0
2016-03-04 00:00:00+09:00,1653.615927201283,1662.379127663399,1636.0895262770512,1661.5028076171875,3600,0.0,0.0
2016-03-07 00:00:00+09:00,1650.986922311393,1650.986922311393,1604.5419611211044,1608.0472412109375,7400,0.0,0.0
2016-03-08 00:00:00+09:00,1595.7790346005002,1636.0897625475748,1595.7790346005002,1604.542236328125,4400,0.0,0.0
2016-03-09 00:00:00+09:00,1604.5419814437307,1622.9447021484375,1578.2523804370064,1622.9447021484375,6600,0.0,0.0
2016-03-10 00:00:00+09:00,1622.944796089504,1629.9553567637568,1597.531513645338,1612.428955078125,13600,0.0,0.0
2016-03-11 00:00:00+09:00,1583.5104725632943,1631.7080796418672,1583.5104725632943,1620.31591796875,18200,0.0,0.0
2016-03-14 00:00:00+09:00,1639.5948592256907,1702.689904583387,1629.0790183327415,1696.5556640625,9600,0.0,0.0
2016-03-15 00:00:00+09:00,1672.8949689151946,1707.0714507316916,1672.0186488686177,1699.1845703125,6700,0.0,0.0
2016-03-16 00:00:00+09:00,1670.2660618301265,1707.0715049554492,1670.2660618301265,1696.5556640625,4900,0.0,0.0
2016-03-17 00:00:00+09:00,1703.566315641108,1703.566315641108,1691.2978339441042,1700.06103515625,3000,0.0,0.0
2016-03-18 00:00:00+09:00,1682.5346175275304,1693.0504588870774,1622.0685297101347,1671.1424560546875,12300,0.0,0.0
2016-03-22 00:00:00+09:00,1671.142515644109,1701.813720703125,1653.6161127532425,1701.813720703125,10600,0.0,0.0
2016-03-23 00:00:00+09:00,1700.0609670943309,1703.5662474388553,1665.0081636490868,1697.4320068359375,7900,0.0,0.0
2016-03-24 00:00:00+09:00,1697.4319846530598,1697.4319846530598,1658.8739013671875,1658.8739013671875,7200,0.0,0.0
2016-03-25 00:00:00+09:00,1681.6582763798176,1703.566278938179,1681.6582763798176,1693.9267578125,7900,0.0,0.0
2016-03-28 00:00:00+09:00,1694.8029700796158,1699.1845703125,1648.358007611043,1699.1845703125,9200,0.0,0.0
2016-03-29 00:00:00+09:00,1712.431735988495,1712.431735988495,1680.6382638401783,1711.548583984375,8700,15.0,0.0
2016-03-30 00:00:00+09:00,1711.5487192773744,1711.5487192773744,1687.70361328125,1687.70361328125,7700,0.0,0.0
2016-03-31 00:00:00+09:00,1700.9510869565217,1700.9510869565217,1664.741847826087,1665.625,6400,0.0,0.0
2016-04-01 00:00:00+09:00,1677.106004645063,1700.067961528039,1628.5326343156903,1686.8206787109375,21000,0.0,0.0
2016-04-04 00:00:00+09:00,1690.3532817930936,1720.3804560778194,1687.703825238559,1715.08154296875,17400,0.0,0.0
2016-04-05 00:00:00+09:00,1691.2364076800586,1703.6005380756308,1655.9103208355666,1673.5733642578125,14100,0.0,0.0
2016-04-06 00:00:00+09:00,1681.5214854183362,1681.5214854183362,1644.4290997105786,1653.2606201171875,8000,0.0,0.0
2016-04-07 00:00:00+09:00,1652.377539102349,1654.1438432595935,1599.38841438501,1623.2335205078125,7500,0.0,0.0
2016-04-08 00:00:00+09:00,1599.3883659976652,1637.3639042295258,1598.5052139457614,1613.518798828125,14200,0.0,0.0
2016-04-11 00:00:00+09:00,1629.4157720414557,1629.4157720414557,1524.3206626252318,1548.165771484375,20800,0.0,0.0
2016-04-12 00:00:00+09:00,1562.2961482605904,1588.7907126742805,1554.3477789364833,1574.6602783203125,8900,0.0,0.0
2016-04-13 00:00:00+09:00,1568.4781926416342,1624.1167771779085,1568.4781926416342,1586.1412353515625,6100,0.0,0.0
2016-04-14 00:00:00+09:00,1617.934621077003,1650.6112482494098,1606.4536439623735,1647.9617919921875,9600,0.0,0.0
2016-04-15 00:00:00+09:00,1646.1956034931998,1647.9619077887933,1609.103213285735,1615.2852783203125,10600,0.0,0.0
2016-04-18 00:00:00+09:00,1579.9591221058736,1594.9727079503677,1576.426513671875,1576.426513671875,4600,0.0,0.0
2016-04-19 00:00:00+09:00,1589.6736771588164,1645.312255859375,1589.6736771588164,1645.312255859375,7500,0.0,0.0
2016-04-20 00:00:00+09:00,1650.611295335887,1657.67651222336,1637.364013671875,1637.364013671875,6100,0.0,0.0
2016-04-21 00:00:00+09:00,1656.7932712610448,1718.6139157110838,1656.7932712610448,1699.1845703125,11400,0.0,0.0
2016-04-22 00:00:00+09:00,1699.1847984978765,1708.0163203195912,1677.9891461257616,1702.7174072265625,9800,0.0,0.0
2016-04-25 00:00:00+09:00,1720.3802235593078,1720.3802235593078,1634.7144732075353,1642.662841796875,17000,0.0,0.0
2016-04-26 00:00:00+09:00,1641.7799570442637,1647.9620225091962,1581.725606813489,1590.55712890625,9800,0.0,0.0
2016-04-27 00:00:00+09:00,1591.4400118314304,1620.5840298061457,1548.1655608992771,1561.412841796875,26800,0.0,0.0
2016-04-28 00:00:00+09:00,1589.6738420758927,1618.8178625139508,1545.5162353515625,1545.5162353515625,35500,0.0,0.0
2016-05-02 00:00:00+09:00,1545.5162353515625,1556.9972130998883,1529.6194969308035,1545.5162353515625,9900,0.0,0.0
2016-05-06 00:00:00+09:00,1545.5161682988555,1585.2580126265404,1541.9835599141725,1567.594970703125,23300,0.0,0.0
2016-05-09 00:00:00+09:00,1567.5948309371163,1626.7660161048834,1420.9915960438423,1437.771484375,36300,0.0,0.0
2016-05-10 00:00:00+09:00,1476.630280127892,1501.3585384075457,1443.9536531154924,1469.5650634765625,38300,0.0,0.0
2016-05-11 00:00:00+09:00,1499.5923697058493,1499.5923697058493,1468.6820440640915,1473.98095703125,19400,0.0,0.0
2016-05-12 00:00:00+09:00,1468.6817626953125,1479.2795865993075,1463.382850743315,1468.6817626953125,10300,0.0,0.0
2016-05-13 00:00:00+09:00,1480.1628590653584,1480.1628590653584,1448.369384765625,1448.369384765625,15400,0.0,0.0
2016-05-16 00:00:00+09:00,1460.7334814162482,1490.7606509254092,1460.7334814162482,1483.6954345703125,10000,0.0,0.0
2016-05-17 00:00:00+09:00,1483.6953960745166,1512.8394127831232,1467.798659688004,1506.6573486328125,14600,0.0,0.0
2016-05-18 00:00:00+09:00,1521.6710426255727,1543.7498447530475,1515.4889780298797,1530.5025634765625,14200,0.0,0.0
2016-05-19 00:00:00+09:00,1544.6330518494694,1561.4129420639576,1544.6330518494694,1552.5814208984375,7200,0.0,0.0
2016-05-20 00:00:00+09:00,1536.6847722846214,1580.8423806836047,1536.6847722846214,1579.959228515625,7400,0.0,0.0
2016-05-23 00:00:00+09:00,1568.4780806207816,1575.5432972001545,1547.282430882663,1570.244384765625,6700,0.0,0.0
2016-05-24 00:00:00+09:00,1569.3612730818797,1569.3612730818797,1527.853124609821,1547.282470703125,6300,0.0,0.0
2016-05-25 00:00:00+09:00,1575.5434038738074,1585.2580773281863,1510.190146089804,1573.777099609375,8900,0.0,0.0
2016-05-26 00:00:00+09:00,1580.8422899540726,1580.8422899540726,1572.8939208984375,1572.8939208984375,6300,0.0,0.0
2016-05-27 00:00:00+09:00,1557.880321136651,1557.880321136651,1521.6710846476471,1527.8531494140625,6700,0.0,0.0
2016-05-30 00:00:00+09:00,1523.4374261671496,1554.3477507560483,1522.5542740360384,1533.152099609375,4800,0.0,0.0
2016-05-31 00:00:00+09:00,1522.5543838698475,1569.3614501953125,1522.5543838698475,1569.3614501953125,12200,0.0,0.0
2016-06-01 00:00:00+09:00,1537.5677421671433,1569.3612164451542,1520.7878529648597,1525.20361328125,14900,0.0,0.0
2016-06-02 00:00:00+09:00,1519.0216713169643,1558.7635173688616,1519.0216713169643,1545.5162353515625,9300,0.0,0.0
2016-06-03 00:00:00+09:00,1545.5161354758523,1572.0106977982955,1521.6710293856534,1554.34765625,6900,0.0,0.0
2016-06-06 00:00:00+09:00,1524.3205207829085,1549.9319316187743,1524.3205207829085,1539.3341064453125,6200,0.0,0.0
2016-06-07 00:00:00+09:00,1524.320429250893,1564.0622712649663,1524.320429250893,1560.5296630859375,4000,0.0,0.0
2016-06-08 00:00:00+09:00,1560.5297384278167,1572.010715563958,1551.698217553862,1571.1275634765625,4600,0.0,0.0
2016-06-09 00:00:00+09:00,1554.347515246052,1569.3610992001331,1545.515995273063,1565.8284912109375,5100,0.0,0.0
2016-06-10 00:00:00+09:00,1530.5026166668542,1545.5162026353114,1519.904791277355,1532.2689208984375,27100,0.0,0.0
2016-06-13 00:00:00+09:00,1505.774417588809,1505.774417588809,1435.1222455025306,1436.8885498046875,19000,0.0,0.0
2016-06-14 00:00:00+09:00,1439.5378728036376,1469.5650431565969,1419.2253752119298,1432.47265625,14100,0.0,0.0
2016-06-15 00:00:00+09:00,1421.87485784788,1455.4346371014326,1421.87485784788,1433.3558349609375,7500,0.0,0.0
2016-06-16 00:00:00+09:00,1468.6820540590925,1468.6820540590925,1396.2635763484218,1397.146728515625,21600,0.0,0.0
2016-06-17 00:00:00+09:00,1425.4075513202235,1425.4075513202235,1309.7146211944805,1318.546142578125,31500,0.0,0.0
2016-06-20 00:00:00+09:00,1334.442804257075,1359.171062707901,1334.442804257075,1356.5216064453125,6700,0.0,0.0
2016-06-21 00:00:00+09:00,1358.288074495824,1398.0299232294471,1356.521770107663,1394.497314453125,5600,0.0,0.0
2016-06-22 00:00:00+09:00,1398.9128641585633,1408.6275368263312,1380.3666708837338,1407.744384765625,7200,0.0,0.0
2016-06-23 00:00:00+09:00,1408.6276759961415,1444.8369140625,1390.0814808889822,1444.8369140625,8500,0.0,0.0
2016-06-24 00:00:00+09:00,1480.1629411691295,1480.1629411691295,1371.5352312861921,1382.133056640625,21600,0.0,0.0
2016-06-27 00:00:00+09:00,1382.1331005191328,1443.9537503826084,1369.7689705464377,1420.108642578125,14000,0.0,0.0
2016-06-28 00:00:00+09:00,1386.5489081734459,1530.5027120156572,1386.5489081734459,1511.0733642578125,22700,0.0,0.0
2016-06-29 00:00:00+09:00,1501.358685018599,1527.853250048339,1493.410315509677,1498.709228515625,18600,0.0,0.0
2016-06-30 00:00:00+09:00,1498.709228515625,1507.540750192205,1486.345098168413,1498.709228515625,8900,0.0,0.0
2016-07-01 00:00:00+09:00,1553.4647560455232,1553.4647560455232,1491.6441006031205,1505.7745361328125,26500,0.0,0.0
2016-07-04 00:00:00+09:00,1479.2795721259517,1510.189891543509,1455.4344685752649,1500.4752197265625,9500,0.0,0.0
2016-07-05 00:00:00+09:00,1508.4239662421141,1510.1902706522337,1476.6304868599618,1504.891357421875,8900,0.0,0.0
2016-07-06 00:00:00+09:00,1494.293325966283,1511.9563676443715,1481.929196791621,1510.1900634765625,11200,0.0,0.0
2016-07-07 00:00:00+09:00,1492.5272528237263,1511.0734494564472,1492.5272528237263,1505.7745361328125,15500,0.0,0.0
2016-07-08 00:00:00+09:00,1488.9943510154847,1505.774239905932,1475.7470703125,1475.7470703125,12800,0.0,0.0
2016-07-11 00:00:00+09:00,1475.7470703125,1475.7470703125,1475.7470703125,1475.7470703125,0,0.0,0.0
2016-07-12 00:00:00+09:00,1534.9184123370069,1617.0515609833485,1534.9184123370069,1606.4537353515625,28000,0.0,0.0
2016-07-13 00:00:00+09:00,1609.9863971037762,1614.4021579296232,1595.8559624610662,1608.2200927734375,5200,0.0,0.0
2016-07-14 00:00:00+09:00,1608.2199878858485,1632.0650947902514,1587.0243373041567,1624.9998779296875,16900,0.0,0.0
2016-07-15 00:00:00+09:00,1632.0649961968854,1632.0649961968854,1590.556849648588,1605.5704345703125,7600,0.0,0.0
2016-07-19 00:00:00+09:00,1605.5703658889938,1609.9861259711968,1593.2062376588256,1607.336669921875,8600,0.0,0.0
2016-07-20 00:00:00+09:00,1589.673816133042,1655.9102251385855,1589.673816133042,1654.1439208984375,8600,0.0,0.0
2016-07-21 00:00:00+09:00,1646.1955773483928,1646.1955773483928,1625.883078271669,1634.714599609375,4900,0.0,0.0
2016-07-22 00:00:00+09:00,1625.0000211148647,1633.83154296875,1621.4674123733107,1633.83154296875,5600,0.0,0.0
2016-07-25 00:00:00+09:00,1669.1573259069564,1682.4046062712976,1611.7524443281459,1660.3258056640625,16400,0.0,0.0
2016-07-26 00:00:00+09:00,1651.4943780570195,1660.3258987952922,1632.9481845066464,1639.1302490234375,4800,0.0,0.0
2016-07-27 00:00:00+09:00,1629.4155828302557,1677.9889470880682,1629.4155828302557,1651.494384765625,5600,0.0,0.0
2016-07-28 00:00:00+09:00,1651.4943624516968,1651.4943624516968,1628.53240874916,1642.662841796875,9900,0.0,0.0
2016-07-29 00:00:00+09:00,1624.9999319286194,1647.0787353515625,1608.2200413271823,1647.0787353515625,18400,0.0,0.0
2016-08-01 00:00:00+09:00,1651.4946084393714,1651.4946084393714,1599.3886288148137,1622.3505859375,8100,0.0,0.0
2016-08-02 00:00:00+09:00,1587.9073396723322,1663.8584137612202,1587.9073396723322,1660.3258056640625,33300,0.0,0.0
2016-08-03 00:00:00+09:00,1626.7661582723003,1657.6764815836632,1587.0243140148336,1595.8558349609375,8800,0.0,0.0
2016-08-04 00:00:00+09:00,1621.4673057803072,1633.8314355629457,1591.4401334510421,1609.986328125,8300,0.0,0.0
2016-08-05 00:00:00+09:00,1600.2715954339892,1624.1167019884692,1587.0243140148336,1595.8558349609375,9400,0.0,0.0
2016-08-08 00:00:00+09:00,1591.4401214854631,1591.4401214854631,1575.5433833130223,1585.258056640625,5600,0.0,0.0
2016-08-09 00:00:00+09:00,1573.7771686674553,1593.206516428782,1556.9972774190367,1592.3233642578125,7300,0.0,0.0
2016-08-10 00:00:00+09:00,1556.9972071493826,1556.9972071493826,1523.4374261671496,1533.152099609375,11000,0.0,0.0
2016-08-12 00:00:00+09:00,1533.1520353618423,1541.1004042087643,1524.3205144208177,1526.969970703125,7800,0.0,0.0
2016-08-15 00:00:00+09:00,1542.8666288878026,1542.8666288878026,1496.0595703125,1496.0595703125,6700,0.0,0.0
2016-08-16 00:00:00+09:00,1491.6438358958176,1491.6438358958176,1448.369384765625,1448.369384765625,16900,0.0,0.0
2016-08-17 00:00:00+09:00,1429.8232266184582,1436.0052912177969,1420.1085536766404,1433.3558349609375,19300,0.0,0.0
2016-08-18 00:00:00+09:00,1430.7065323868035,1441.3043585526316,1426.290771484375,1426.290771484375,7000,0.0,0.0
2016-08-19 00:00:00+09:00,1417.4590819846583,1420.1085382126669,1388.3150634765625,1388.3150634765625,10400,0.0,0.0
2016-08-22 00:00:00+09:00,1389.1981467958326,1392.730754925002,1383.0160825697862,1390.081298828125,11400,0.0,0.0
2016-08-23 00:00:00+09:00,1393.614229888916,1415.693035812378,1393.614229888916,1413.0435791015625,11100,0.0,0.0
2016-08-24 00:00:00+09:00,1413.0433459890967,1436.8884524526627,1399.7960646204488,1417.4591064453125,11700,0.0,0.0
2016-08-25 00:00:00+09:00,1457.2009433083517,1457.2009433083517,1428.0569244421847,1453.6683349609375,16700,0.0,0.0
2016-08-26 00:00:00+09:00,1432.472847648912,1432.472847648912,1402.4456732838917,1410.39404296875,9200,0.0,0.0
2016-08-29 00:00:00+09:00,1410.393856485235,1415.6927689078468,1393.6139671469634,1404.2117919921875,9500,0.0,0.0
2016-08-30 00:00:00+09:00,1402.445641518845,1405.978250187658,1375.9510765027458,1397.146728515625,11800,0.0,0.0
2016-08-31 00:00:00+09:00,1405.0951086956522,1432.4728260869565,1396.2635869565217,1421.875,4600,0.0,0.0
2016-09-01 00:00:00+09:00,1426.2904551225688,1436.005126953125,1393.6138316925162,1436.005126953125,5800,0.0,0.0
2016-09-02 00:00:00+09:00,1435.12205093626,1449.2524834377862,1411.2769460899344,1446.60302734375,4200,0.0,0.0
2016-09-05 00:00:00+09:00,1455.4346391346446,1458.9672474820588,1449.2525745266698,1453.6683349609375,2600,0.0,0.0
2016-09-06 00:00:00+09:00,1461.6168004317249,1478.3966911919683,1461.6168004317249,1473.0977783203125,2600,0.0,0.0
2016-09-07 00:00:00+09:00,1473.0976518825469,1482.8123246467603,1461.6166749793856,1481.0460205078125,6700,0.0,0.0
2016-09-08 00:00:00+09:00,1481.0460581515988,1496.9427958061776,1478.3966018758356,1486.344970703125,6400,0.0,0.0
2016-09-09 00:00:00+09:00,1485.4616505433046,1488.994258511303,1466.0323067193137,1468.6817626953125,10600,0.0,0.0
2016-09-12 00:00:00+09:00,1466.03246212887,1466.03246212887,1415.6927932485414,1433.3558349609375,8600,0.0,0.0
2016-09-13 00:00:00+09:00,1453.66857004814,1453.66857004814,1419.225633090742,1428.9403076171875,6300,0.0,0.0
2016-09-14 00:00:00+09:00,1416.5760869565217,1428.0570652173913,1416.5760869565217,1421.875,2600,0.0,0.0
2016-09-15 00:00:00+09:00,1434.2389152231585,1434.2389152231585,1403.3285937743835,1414.8095703125,6600,0.0,0.0
2016-09-16 00:00:00+09:00,1414.8097297326842,1428.940163987193,1414.8097297326842,1420.108642578125,4900,0.0,0.0
2016-09-20 00:00:00+09:00,1425.4074259797483,1425.4074259797483,1401.5623203406817,1407.744384765625,11000,0.0,0.0
2016-09-21 00:00:00+09:00,1413.0433523780111,1435.1221547589175,1399.7960709494673,1429.8232421875,16700,0.0,0.0
2016-09-23 00:00:00+09:00,1430.7064052638164,1440.421078385978,1405.9781464074047,1434.239013671875,21800,0.0,0.0
2016-09-26 00:00:00+09:00,1430.7063521115906,1439.5378728036376,1420.9916793503392,1432.47265625,10500,0.0,0.0
2016-09-27 00:00:00+09:00,1421.8748425805986,1534.03515625,1421.8748425805986,1534.03515625,22400,0.0,0.0
2016-09-28 00:00:00+09:00,1534.035142571493,1603.52105495278,1511.7640168082598,1574.1231689453125,21600,15.0,0.0
2016-09-29 00:00:00+09:00,1572.3416286984943,1589.2676858912828,1560.7606421981657,1566.105712890625,7000,0.0,0.0
2016-09-30 00:00:00+09:00,1558.9787084990317,1558.9787084990317,1479.6935056096522,1480.5843505859375,12800,0.0,0.0
2016-10-03 00:00:00+09:00,1507.3099345812464,1515.327540616253,1486.8204969362293,1511.76416015625,6300,0.0,0.0
2016-10-04 00:00:00+09:00,1525.126724998202,1550.0703863883593,1517.1091195513657,1548.2886962890625,5800,0.0,0.0
2016-10-05 00:00:00+09:00,1550.0704054794398,1562.542236328125,1541.1619548732363,1562.542236328125,6100,0.0,0.0
2016-10-06 00:00:00+09:00,1562.5422880646836,1566.1056684251503,1541.1620059018828,1555.41552734375,5700,0.0,0.0
2016-10-07 00:00:00+09:00,1555.4154324704502,1559.869657649346,1509.9823356457118,1547.3978271484375,10100,0.0,0.0
2016-10-11 00:00:00+09:00,1548.2887409319196,1558.9788818359375,1542.0528254045757,1558.9788818359375,3900,0.0,0.0
2016-10-12 00:00:00+09:00,1532.2535472196691,1538.489462818819,1508.2007299086629,1514.4366455078125,5900,0.0,0.0
2016-10-13 00:00:00+09:00,1505.5282424227473,1518.0000740167818,1502.8557070811685,1516.2183837890625,3100,0.0,0.0
2016-10-14 00:00:00+09:00,1519.7814884990162,1542.0526123046875,1519.7814884990162,1542.0526123046875,3100,0.0,0.0
2016-10-17 00:00:00+09:00,1542.0528288742591,1553.6338148796697,1525.1267724048132,1550.0704345703125,2800,0.0,0.0
2016-10-18 00:00:00+09:00,1554.5246274779443,1574.12321876993,1526.0175855986927,1571.45068359375,5300,0.0,0.0
2016-10-19 00:00:00+09:00,1583.0316403091826,1591.0492456906022,1560.7605142496836,1583.9224853515625,5700,0.0,0.0
2016-10-20 00:00:00+09:00,1583.922722752109,1601.7396262701304,1583.922722752109,1597.285400390625,7000,0.0,0.0
2016-10-21 00:00:00+09:00,1601.7394007339603,1616.8837665918454,1601.7394007339603,1611.5386962890625,7300,0.0,0.0
2016-10-24 00:00:00+09:00,1623.1195513760026,1638.263916015625,1619.5561714607973,1638.263916015625,7100,0.0,0.0
2016-10-25 00:00:00+09:00,1644.4999292018754,1645.3907742339456,1618.6654232718352,1637.3731689453125,9300,0.0,0.0
2016-10-26 00:00:00+09:00,1620.447161002781,1640.0457522848378,1612.4295554783032,1639.1549072265625,8000,0.0,0.0
2016-10-27 00:00:00+09:00,1647.172540419874,1647.172540419874,1614.2112727100116,1631.1373291015625,5500,0.0,0.0
2016-10-28 00:00:00+09:00,1646.281764231121,1648.0634544521506,1623.1197913577396,1642.7183837890625,16800,0.0,0.0
2016-10-31 00:00:00+09:00,1642.7182120182222,1648.0632821224028,1638.2639869314048,1645.3907470703125,5800,0.0,0.0
2016-11-01 00:00:00+09:00,1623.1198190299303,1639.155031292575,1607.0846067672855,1634.7008056640625,7500,0.0,0.0
2016-11-02 00:00:00+09:00,1647.1726210824447,1647.1726210824447,1609.757126174136,1615.9930419921875,15300,0.0,0.0
2016-11-04 00:00:00+09:00,1595.5035176766019,1631.1373204164477,1577.6866163066788,1590.158447265625,9600,0.0,0.0
2016-11-07 00:00:00+09:00,1614.211260663301,1616.8837958630745,1592.8309790651115,1599.06689453125,3100,0.0,0.0
2016-11-08 00:00:00+09:00,1621.3380332959277,1640.0457798339578,1599.9577515381793,1631.1373291015625,5600,0.0,0.0
2016-11-09 00:00:00+09:00,1593.7218638434256,1594.6127089322144,1485.929608099963,1501.073974609375,19500,0.0,0.0
2016-11-10 00:00:00+09:00,1606.1936375081473,1606.1936375081473,1546.5070186989149,1580.359130859375,15900,0.0,0.0
2016-11-11 00:00:00+09:00,1596.3943610335195,1599.9577413036836,1558.9788681967964,1594.6126708984375,8800,0.0,0.0
2016-11-14 00:00:00+09:00,1609.757075964962,1622.228907212062,1519.7817219680273,1559.8697509765625,13700,0.0,0.0
2016-11-15 00:00:00+09:00,1577.686636671988,1606.1936792318434,1577.686636671988,1599.957763671875,5500,0.0,0.0
2016-11-16 00:00:00+09:00,1611.5387426704037,1617.774658203125,1570.559869169664,1617.774658203125,6500,0.0,0.0
2016-11-17 00:00:00+09:00,1603.521145767902,1603.521145767902,1587.485934310223,1595.5035400390625,4100,0.0,0.0
2016-11-18 00:00:00+09:00,1599.0669723741805,1599.0669723741805,1575.014154405321,1588.3768310546875,7900,0.0,0.0
2016-11-21 00:00:00+09:00,1603.5211680926543,1625.7922954272747,1585.7042662249582,1600.8486328125,6000,0.0,0.0
2016-11-22 00:00:00+09:00,1603.520990728022,1624.9012706043957,1597.2850757640797,1621.337890625,6500,0.0,0.0
2016-11-24 00:00:00+09:00,1628.4648456249142,1628.4648456249142,1612.4296337970977,1624.0106201171875,5200,0.0,0.0
2016-11-25 00:00:00+09:00,1630.2466342896714,1630.2466342896714,1604.4121247845346,1623.119873046875,9500,0.0,0.0
2016-11-28 00:00:00+09:00,1605.302918481045,1630.24658203125,1605.302918481045,1630.24658203125,5900,0.0,0.0
2016-11-29 00:00:00+09:00,1630.2465741131755,1648.954321684966,1619.556432643581,1648.0634765625,12100,0.0,0.0
2016-11-30 00:00:00+09:00,1648.0631840693486,1648.0631840693486,1620.4469901741325,1646.281494140625,4300,0.0,0.0
2016-12-01 00:00:00+09:00,1648.063376854206,1660.5352078141837,1642.7183064427868,1653.408447265625,17000,0.0,0.0
2016-12-02 00:00:00+09:00,1649.8449721571299,1651.6266621918567,1636.4822968966778,1645.3907470703125,5300,0.0,0.0
2016-12-05 00:00:00+09:00,1628.4647904395538,1648.0633820093954,1628.4647904395538,1640.0457763671875,3900,0.0,0.0
2016-12-06 00:00:00+09:00,1616.8838408089632,1629.3556720879305,1609.757080078125,1609.757080078125,16500,0.0,0.0
2016-12-07 00:00:00+09:00,1639.1550947339208,1655.1903076171875,1625.7924173311987,1655.1903076171875,7400,0.0,0.0
2016-12-08 00:00:00+09:00,1664.9893572771991,1669.4435824170525,1642.718231577932,1659.644287109375,10100,0.0,0.0
2016-12-09 00:00:00+09:00,1634.7006658321966,1683.6971435546875,1634.7006658321966,1683.6971435546875,15700,0.0,0.0
2016-12-12 00:00:00+09:00,1737.14798306379,1737.14798306379,1695.278262446355,1715.7677001953125,26600,0.0,0.0
2016-12-13 00:00:00+09:00,1696.1690106869487,1719.3309824715393,1685.4788698632915,1716.658447265625,10600,0.0,0.0
2016-12-14 00:00:00+09:00,1707.7498090843453,1716.658258792662,1686.3695297843847,1691.714599609375,8900,0.0,0.0
2016-12-15 00:00:00+09:00,1691.7146224855437,1697.0596923828125,1680.1336377081282,1697.0596923828125,8400,0.0,0.0
2016-12-16 00:00:00+09:00,1697.0597603689305,1714.8766607402576,1693.496380294665,1713.094970703125,8400,0.0,0.0
2016-12-19 00:00:00+09:00,1725.566897952006,1727.3485880892824,1710.4225317851583,1716.658447265625,7200,0.0,0.0
2016-12-20 00:00:00+09:00,1693.4965392127406,1737.14794921875,1693.4965392127406,1737.14794921875,17000,0.0,0.0
2016-12-21 00:00:00+09:00,1737.1476820957514,1737.1476820957514,1708.6406432100775,1731.8026123046875,5800,0.0,0.0
2016-12-22 00:00:00+09:00,1737.1477240296804,1763.873073630137,1718.4399793093608,1755.85546875,27500,0.0,0.0
2016-12-26 00:00:00+09:00,1754.9648251333404,1754.9648251333404,1693.4965139992285,1740.7113037109375,9100,0.0,0.0
2016-12-27 00:00:00+09:00,1737.1478821179883,1737.1478821179883,1705.077459678887,1721.1126708984375,5600,0.0,0.0
2016-12-28 00:00:00+09:00,1721.112804659641,1748.72900390625,1721.112804659641,1748.72900390625,3000,0.0,0.0
2016-12-29 00:00:00+09:00,1750.510372277462,1782.580791311553,1723.7850230823863,1763.873046875,17200,0.0,0.0
2016-12-30 00:00:00+09:00,1763.873369170398,1763.873369170398,1732.6937894123355,1753.1832275390625,5100,0.0,0.0
2017-01-04 00:00:00+09:00,1738.92962109375,1787.0352561035156,1736.2570858154297,1781.690185546875,8500,0.0,0.0
2017-01-05 00:00:00+09:00,1779.9085472750378,1779.9085472750378,1762.0916448999121,1774.5634765625,4700,0.0,0.0
2017-01-06 00:00:00+09:00,1774.5634008410457,1781.6901614869935,1750.5105836609712,1780.79931640625,12700,0.0,0.0
2017-01-10 00:00:00+09:00,1781.6899910412494,1781.6899910412494,1766.5456261173988,1779.0174560546875,9400,0.0,0.0
2017-01-11 00:00:00+09:00,1779.0177021562815,1779.0177021562815,1761.2007997811559,1774.5634765625,3800,0.0,0.0
2017-01-12 00:00:00+09:00,1773.6724129567442,1773.6724129567442,1746.9470626861755,1770.9998779296875,6800,0.0,0.0
2017-01-13 00:00:00+09:00,1770.9998779296875,1773.6724129567442,1756.7463577853841,1770.9998779296875,6000,0.0,0.0
2017-01-16 00:00:00+09:00,1771.0000817113587,1771.0000817113587,1742.4930381425643,1751.4014892578125,5600,0.0,0.0
2017-01-17 00:00:00+09:00,1715.7678050096124,1720.2220308793153,1697.0600563568596,1701.5142822265625,12100,0.0,0.0
2017-01-18 00:00:00+09:00,1692.605488882682,1711.3132337598065,1684.5878839353431,1706.8590087890625,3900,0.0,0.0
2017-01-19 00:00:00+09:00,1719.3310012856648,1733.5845225398466,1697.9507194043924,1730.9119873046875,6300,0.0,0.0
2017-01-20 00:00:00+09:00,1720.2216692827246,1756.746313736682,1720.2216692827246,1755.85546875,4900,0.0,0.0
2017-01-23 00:00:00+09:00,1742.49297332371,1742.49297332371,1718.4401562072785,1730.9119873046875,4400,0.0,0.0
2017-01-24 00:00:00+09:00,1746.0562502991004,1750.5104754274143,1712.2041393239138,1745.1654052734375,8600,0.0,0.0
2017-01-25 00:00:00+09:00,1761.2005670125473,1761.2005670125473,1719.330851964702,1743.3836669921875,6900,0.0,0.0
2017-01-26 00:00:00+09:00,1728.2395279308982,1742.4930498107406,1714.876851168546,1724.6761474609375,5600,0.0,0.0
2017-01-27 00:00:00+09:00,1742.4928219911696,1748.7287369982955,1732.693526979972,1743.3836669921875,6300,0.0,0.0
2017-01-30 00:00:00+09:00,1735.3660675033072,1736.256912507159,1719.3308574339749,1725.5667724609375,6500,0.0,0.0
2017-01-31 00:00:00+09:00,1712.2042028725552,1724.676033694728,1697.9506819329295,1702.4049072265625,7500,0.0,0.0
2017-02-01 00:00:00+09:00,1705.9682874614691,1705.9682874614691,1685.478851110757,1702.4049072265625,12900,0.0,0.0
2017-02-02 00:00:00+09:00,1705.968457018103,1705.968457018103,1647.1726772984189,1654.2994384765625,6800,0.0,0.0
2017-02-03 00:00:00+09:00,1640.0459309985165,1657.8628341055073,1612.4297311826804,1623.119873046875,12000,0.0,0.0
2017-02-06 00:00:00+09:00,1623.11970114512,1634.700686938142,1615.9929406571061,1625.792236328125,7200,0.0,0.0
2017-02-07 00:00:00+09:00,1625.792288058527,1630.2465135052628,1618.66552734375,1618.66552734375,6500,0.0,0.0
2017-02-08 00:00:00+09:00,1618.6655753934167,1628.4648716671247,1615.10219493025,1620.447265625,8300,0.0,0.0
2017-02-09 00:00:00+09:00,1632.0280776417967,1632.9189226623434,1619.556247354141,1627.5738525390625,4900,0.0,0.0
2017-02-10 00:00:00+09:00,1644.5001020467898,1648.0634825496,1627.5740446584427,1634.7008056640625,12500,0.0,0.0
2017-02-13 00:00:00+09:00,1634.7006083104302,1654.2991987097923,1634.7006083104302,1640.9365234375,9800,0.0,0.0
2017-02-14 00:00:00+09:00,1648.0631840693486,1651.6265639267958,1643.6089592475396,1646.281494140625,5500,0.0,0.0
2017-02-15 00:00:00+09:00,1665.8803285371273,1669.4437089190249,1646.2817364366904,1650.7359619140625,6400,0.0,0.0
2017-02-16 00:00:00+09:00,1650.7358128335627,1663.207643043854,1643.609052713396,1658.75341796875,10000,0.0,0.0
2017-02-17 00:00:00+09:00,1658.753517677044,1662.3168979513234,1644.4999965799266,1653.408447265625,8600,0.0,0.0
2017-02-20 00:00:00+09:00,1649.8452366560987,1668.5529850199098,1643.6093205348284,1655.1903076171875,5500,0.0,0.0
2017-02-21 00:00:00+09:00,1655.1901116483955,1656.9718017578125,1650.7358863748532,1656.9718017578125,7500,0.0,0.0
2017-02-22 00:00:00+09:00,1665.8801780889164,1666.7710231039373,1656.9717279387082,1658.75341796875,7300,0.0,0.0
2017-02-23 00:00:00+09:00,1646.281657858456,1665.8802490234375,1646.281657858456,1665.8802490234375,8100,0.0,0.0
2017-02-24 00:00:00+09:00,1648.0632749378171,1669.4435552613347,1648.0632749378171,1667.661865234375,12400,0.0,0.0
2017-02-27 00:00:00+09:00,1656.0810233574198,1673.007080078125,1656.0810233574198,1673.007080078125,7400,0.0,0.0
2017-02-28 00:00:00+09:00,1667.6620793428551,1687.2606721556451,1667.6620793428551,1680.1339111328125,5500,0.0,0.0
2017-03-01 00:00:00+09:00,1692.6056647828307,1692.6056647828307,1680.1338335686414,1690.823974609375,4200,0.0,0.0
2017-03-02 00:00:00+09:00,1690.823974609375,1702.4049607368365,1677.461298308458,1690.823974609375,9300,0.0,0.0
2017-03-03 00:00:00+09:00,1676.5706002095433,1699.732574495116,1675.6797550447136,1687.2607421875,4900,0.0,0.0
2017-03-06 00:00:00+09:00,1688.1514014666232,1688.1514014666232,1661.426049464513,1662.31689453125,4300,0.0,0.0
2017-03-07 00:00:00+09:00,1662.3167951534956,1671.2252452882947,1662.3167951534956,1667.661865234375,3000,0.0,0.0
2017-03-08 00:00:00+09:00,1658.753664212902,1661.426199654706,1650.7360578874907,1654.2994384765625,7800,0.0,0.0
2017-03-09 00:00:00+09:00,1666.7710473331404,1673.8978075569057,1659.644287109375,1659.644287109375,7400,0.0,0.0
2017-03-10 00:00:00+09:00,1676.57050278797,1696.1690952753959,1664.0986712050628,1688.1514892578125,20400,0.0,0.0
2017-03-13 00:00:00+09:00,1674.7887630482746,1692.6056647828307,1674.7887630482746,1690.823974609375,8000,0.0,0.0
2017-03-14 00:00:00+09:00,1675.679443359375,1679.242823355886,1648.9540933855412,1675.679443359375,11200,0.0,0.0
2017-03-15 00:00:00+09:00,1681.0245890256053,1681.0245890256053,1665.880223358708,1669.443603515625,3900,0.0,0.0
2017-03-16 00:00:00+09:00,1657.8626180056447,1669.443603515625,1652.5175477702692,1669.443603515625,9100,0.0,0.0
2017-03-17 00:00:00+09:00,1658.7534821686922,1683.6971435546875,1653.4084118716933,1683.6971435546875,7200,0.0,0.0
2017-03-21 00:00:00+09:00,1656.971881305531,1656.971881305531,1640.9366695509614,1641.8275146484375,16000,0.0,0.0
2017-03-22 00:00:00+09:00,1633.8096251968266,1634.700470139682,1598.17582748261,1608.865966796875,21600,0.0,0.0
2017-03-23 00:00:00+09:00,1606.1936483083678,1627.5739298166322,1606.1936483083678,1616.8837890625,6000,0.0,0.0
2017-03-24 00:00:00+09:00,1645.390902554276,1645.390902554276,1620.447239711006,1624.0106201171875,8300,0.0,0.0
2017-03-27 00:00:00+09:00,1612.4295654296875,1625.792241386287,1610.6478753021408,1612.4295654296875,10100,0.0,0.0
2017-03-28 00:00:00+09:00,1636.4824661081582,1647.172607421875,1617.7747188091537,1647.172607421875,14700,0.0,0.0
2017-03-29 00:00:00+09:00,1653.4662394073189,1661.5582438416125,1630.988449312059,1656.16357421875,11800,17.0,0.0
2017-03-30 00:00:00+09:00,1640.87879238832,1662.4574723978103,1640.87879238832,1657.9619140625,4800,0.0,0.0
2017-03-31 00:00:00+09:00,1654.3653428819443,1663.356458875868,1618.40087890625,1618.40087890625,11200,0.0,0.0
2017-04-03 00:00:00+09:00,1628.2909519625025,1653.4660743561801,1628.2909519625025,1629.1900634765625,8800,0.0,0.0
2017-04-04 00:00:00+09:00,1642.6768701603983,1642.6768701603983,1620.1990804756638,1625.59375,7400,0.0,0.0
2017-04-05 00:00:00+09:00,1626.4929107154549,1626.4929107154549,1609.4097900390625,1609.4097900390625,5900,0.0,0.0
2017-04-06 00:00:00+09:00,1609.4097503328296,1609.4097503328296,1561.7568359375,1561.7568359375,12500,0.0,0.0
2017-04-07 00:00:00+09:00,1560.8577243451352,1578.8399561924296,1550.9674968291235,1561.7568359375,14400,0.0,0.0
2017-04-10 00:00:00+09:00,1566.252505210951,1575.2436217735856,1555.4631653357894,1565.3533935546875,7100,0.0,0.0
2017-04-11 00:00:00+09:00,1563.5552284074295,1604.9143661341354,1563.5552284074295,1566.2525634765625,10400,0.0,0.0
2017-04-12 00:00:00+09:00,1566.2525556124856,1568.0507789828787,1549.16943359375,1549.16943359375,8700,0.0,0.0
2017-04-13 00:00:00+09:00,1545.5730619241804,1552.7659557551249,1539.2792798221042,1544.6739501953125,7700,0.0,0.0
2017-04-14 00:00:00+09:00,1546.471838822538,1546.471838822538,1530.2878312069533,1533.88427734375,10600,0.0,0.0
2017-04-17 00:00:00+09:00,1532.0862375895183,1582.4364895290798,1529.3889026641846,1553.6649169921875,12800,0.0,0.0
2017-04-18 00:00:00+09:00,1558.160400390625,1566.2524047781123,1556.3621771934056,1558.160400390625,6500,0.0,0.0
2017-04-19 00:00:00+09:00,1568.9497395739415,1573.44529756699,1558.160400390625,1558.160400390625,8100,0.0,0.0
2017-04-20 00:00:00+09:00,1558.1603366803408,1562.6558944895744,1558.1603366803408,1559.0594482421875,5800,0.0,0.0
2017-04-21 00:00:00+09:00,1560.8577771417026,1568.9497817467,1558.16044227337,1564.4542236328125,6100,0.0,0.0
2017-04-24 00:00:00+09:00,1595.9230535170611,1595.9230535170611,1572.5461524514592,1589.6292724609375,6200,0.0,0.0
2017-04-25 00:00:00+09:00,1609.4098704836038,1609.4098704836038,1598.6205305697472,1603.1160888671875,10500,0.0,0.0
2017-04-26 00:00:00+09:00,1608.5108207949586,1611.2081558773425,1582.436581665247,1583.335693359375,15300,0.0,0.0
2017-04-27 00:00:00+09:00,1586.9320844921217,1609.409876057166,1586.9320844921217,1601.31787109375,10500,0.0,0.0
2017-04-28 00:00:00+09:00,1600.4187481489625,1602.2169714614895,1565.3533935546875,1565.3533935546875,28400,0.0,0.0
2017-05-01 00:00:00+09:00,1546.4719733739048,1591.4275539952391,1546.4719733739048,1590.5284423828125,14900,0.0,0.0
2017-05-02 00:00:00+09:00,1580.6383492703667,1607.6116999405094,1578.8401258923573,1605.8134765625,11200,0.0,0.0
2017-05-08 00:00:00+09:00,1605.8133296800697,1655.2644680520762,1605.8133296800697,1654.3653564453125,44000,0.0,0.0
2017-05-09 00:00:00+09:00,1653.4662272788548,1702.0182535284787,1627.3919909596125,1680.4395751953125,31800,0.0,0.0
2017-05-10 00:00:00+09:00,1693.0271962864513,1696.623642800071,1674.1458520899482,1681.3387451171875,28100,0.0,0.0
2017-05-11 00:00:00+09:00,1672.3477839704992,1679.540677664996,1666.0540019878147,1670.549560546875,17500,0.0,0.0
2017-05-12 00:00:00+09:00,1666.0538330078125,1672.3476143521486,1657.0627168016183,1666.0538330078125,16900,0.0,0.0
2017-05-15 00:00:00+09:00,1666.053726997644,1670.549284814691,1657.0626113635499,1660.6590576171875,17900,0.0,0.0
2017-05-16 00:00:00+09:00,1660.659163284096,1666.0538330078125,1659.7600516634766,1666.0538330078125,18100,0.0,0.0
2017-05-17 00:00:00+09:00,1662.4572222907004,1667.851891481476,1654.3652185045369,1659.7598876953125,14700,0.0,0.0
2017-05-18 00:00:00+09:00,1654.3653549382716,1677.7422566928342,1644.4751272728797,1675.044921875,33200,0.0,0.0
2017-05-19 00:00:00+09:00,1675.0449437226248,1675.0449437226248,1649.8698184278135,1667.85205078125,12700,0.0,0.0
2017-05-22 00:00:00+09:00,1664.2556296109642,1683.1369738691112,1664.2556296109642,1679.54052734375,7000,0.0,0.0
2017-05-23 00:00:00+09:00,1681.3387250463275,1681.3387250463275,1663.356492692891,1667.85205078125,8400,0.0,0.0
2017-05-24 00:00:00+09:00,1684.9350426207197,1693.9261581096243,1670.5492578384724,1690.3297119140625,13400,0.0,0.0
2017-05-25 00:00:00+09:00,1690.3297271728516,1741.5790859222413,1690.3297271728516,1726.294189453125,26600,0.0,0.0
2017-05-26 00:00:00+09:00,1708.3122088349273,1728.9917776787186,1703.816650390625,1703.816650390625,16600,0.0,0.0
2017-05-29 00:00:00+09:00,1708.3121864531333,1730.789978380148,1703.8166280677303,1711.009521484375,5300,0.0,0.0
2017-05-30 00:00:00+09:00,1603.1160888671875,1641.7778902251735,1597.7214189102592,1603.1160888671875,266700,0.0,0.0
2017-05-31 00:00:00+09:00,1623.7954946664663,1672.3475194239354,1618.4008252489698,1636.383056640625,126600,0.0,0.0
2017-06-01 00:00:00+09:00,1655.2643672493348,1655.2643672493348,1636.383024657137,1647.17236328125,63400,0.0,0.0
2017-06-02 00:00:00+09:00,1639.0805332776313,1658.8609895212448,1639.0805332776313,1649.869873046875,95300,0.0,0.0
2017-06-05 00:00:00+09:00,1641.7779484922046,1655.26462386317,1641.7779484922046,1643.576171875,48000,0.0,0.0
2017-06-06 00:00:00+09:00,1650.7688510128557,1674.145751953125,1630.0892847964637,1674.145751953125,131200,0.0,0.0
2017-06-07 00:00:00+09:00,1677.7423483269777,1677.7423483269777,1650.7689986754185,1665.15478515625,131500,0.0,0.0
2017-06-08 00:00:00+09:00,1665.1548045096579,1682.2379261541953,1660.6592461821479,1678.6414794921875,49800,0.0,0.0
2017-06-09 00:00:00+09:00,1677.7421714587088,1702.0181835859248,1675.9439483381743,1683.1368408203125,77400,0.0,0.0
2017-06-12 00:00:00+09:00,1687.632532025813,1689.4307552884936,1666.053852873645,1679.54052734375,39000,0.0,0.0
2017-06-13 00:00:00+09:00,1672.3476143521486,1679.5405073171041,1660.659163284096,1666.0538330078125,43700,0.0,0.0
2017-06-14 00:00:00+09:00,1694.8253772057838,1694.8253772057838,1663.3564709977188,1675.044921875,272500,0.0,0.0
2017-06-15 00:00:00+09:00,1663.3564709977188,1683.1369263285023,1658.860912967995,1675.044921875,58900,0.0,0.0
2017-06-16 00:00:00+09:00,1688.531510181916,1688.531510181916,1667.851944295769,1683.1368408203125,35000,0.0,0.0
2017-06-19 00:00:00+09:00,1683.136756704635,1719.1012173179818,1683.136756704635,1711.9083251953125,64400,0.0,0.0
2017-06-20 00:00:00+09:00,1694.8253648546006,1704.7155924479166,1683.1369140625,1699.3209228515625,29600,0.0,0.0
2017-06-21 00:00:00+09:00,1685.8344798103178,1709.211384597021,1677.7424743072283,1702.9176025390625,51200,0.0,0.0
2017-06-22 00:00:00+09:00,1702.9173261196142,1713.7066650390625,1699.3208798131313,1713.7066650390625,29600,0.0,0.0
2017-06-23 00:00:00+09:00,1719.1014524366035,1764.9561459900904,1717.3032291599961,1755.06591796875,77100,0.0,0.0
2017-06-26 00:00:00+09:00,1744.2766472790533,1755.9650990391706,1737.982865562067,1752.36865234375,41800,0.0,0.0
2017-06-27 00:00:00+09:00,1749.6710523820739,1766.7541715985485,1749.6710523820739,1759.561279296875,38400,0.0,0.0
2017-06-28 00:00:00+09:00,1754.1666522676737,1770.3506603357505,1748.771982911648,1765.8551025390625,26100,0.0,0.0
2017-06-29 00:00:00+09:00,1771.24974510105,1799.1222030188837,1764.955964280894,1795.5257568359375,58500,0.0,0.0
2017-06-30 00:00:00+09:00,1773.048095703125,1785.6356582486846,1750.570305443197,1773.048095703125,26000,0.0,0.0
2017-07-03 00:00:00+09:00,1797.324320609996,1797.324320609996,1763.158075395799,1764.956298828125,20500,0.0,0.0
2017-07-04 00:00:00+09:00,1771.2499053332272,1787.4339146205357,1745.1756681481186,1762.2587890625,31300,0.0,0.0
2017-07-05 00:00:00+09:00,1762.2588888028774,1775.745563972287,1749.6713253114283,1769.4517822265625,24800,0.0,0.0
2017-07-06 00:00:00+09:00,1764.0568798601719,1769.4515492175424,1743.3773139902514,1745.175537109375,12200,0.0,0.0
2017-07-07 00:00:00+09:00,1748.7722863178667,1764.0571854784855,1741.5793925952225,1746.074951171875,38700,0.0,0.0
2017-07-10 00:00:00+09:00,1744.2764456480545,1809.911590252337,1721.7986564000128,1779.341796875,70500,0.0,0.0
2017-07-11 00:00:00+09:00,1779.3419386577702,1800.0215064137726,1767.653487317421,1792.82861328125,24000,0.0,0.0
2017-07-12 00:00:00+09:00,1778.4427220058633,1794.6267305984345,1778.4427220058633,1787.433837890625,20200,0.0,0.0
2017-07-13 00:00:00+09:00,1791.0303498892172,1826.095703125,1784.7365685392047,1826.095703125,58000,0.0,0.0
2017-07-14 00:00:00+09:00,1814.4072391925777,1814.4072391925777,1785.6356675106338,1790.1312255859375,15900,0.0,0.0
2017-07-17 00:00:00+09:00,1790.1312255859375,1790.1312255859375,1790.1312255859375,1790.1312255859375,0,0.0,0.0
2017-07-18 00:00:00+09:00,1807.2143517863876,1807.2143517863876,1762.258770896179,1788.3330078125,19500,0.0,0.0
2017-07-19 00:00:00+09:00,1788.3330605748188,1792.828618796475,1765.855269466538,1791.0303955078125,34600,0.0,0.0
2017-07-20 00:00:00+09:00,1793.7277084350585,1800.021489868164,1789.2321502685547,1798.2232666015625,16000,0.0,0.0
2017-07-21 00:00:00+09:00,1799.122341736545,1806.315234657031,1787.4338907407553,1790.1312255859375,30200,0.0,0.0
2017-07-24 00:00:00+09:00,1790.1313252498048,1843.178913491763,1770.3508686172104,1836.8851318359375,51100,0.0,0.0
2017-07-25 00:00:00+09:00,1827.8939263678606,1836.8850425821638,1805.4161358321023,1826.095703125,38700,0.0,0.0
2017-07-26 00:00:00+09:00,1826.0957160995392,1826.9948277273577,1798.2232556371632,1801.8197021484375,7000,0.0,0.0
2017-07-27 00:00:00+09:00,1792.8284221987278,1812.6088762049324,1791.0301991072547,1795.5257568359375,16000,0.0,0.0
2017-07-28 00:00:00+09:00,1782.0390677396047,1782.0390677396047,1755.9648331460382,1759.561279296875,17100,0.0,0.0
2017-07-31 00:00:00+09:00,1763.1579337932735,1764.956157081181,1741.5792543383839,1751.469482421875,22700,0.0,0.0
2017-08-01 00:00:00+09:00,1771.2497673034668,1773.0479904174806,1726.294189453125,1726.294189453125,27000,0.0,0.0
2017-08-02 00:00:00+09:00,1675.9439422607422,1732.587970352173,1673.2466075897219,1726.294189453125,47700,0.0,0.0
2017-08-03 00:00:00+09:00,1714.6057766156832,1739.780900761063,1703.8164376962347,1713.7066650390625,12700,0.0,0.0
2017-08-04 00:00:00+09:00,1698.4219417623158,1709.2112817840984,1671.4485917078587,1676.84326171875,32600,0.0,0.0
2017-08-07 00:00:00+09:00,1698.4218660568808,1703.8165358273104,1675.944075346758,1681.3387451171875,15300,0.0,0.0
2017-08-08 00:00:00+09:00,1681.33890108862,1684.0362362240564,1665.1548902760026,1670.549560546875,10100,0.0,0.0
2017-08-09 00:00:00+09:00,1665.154782222829,1669.6503404901694,1639.0805442722556,1646.2734375,21600,0.0,0.0
2017-08-10 00:00:00+09:00,1663.35647251295,1664.2555841197138,1644.4751287709112,1654.3653564453125,12200,0.0,0.0
2017-08-11 00:00:00+09:00,1654.3653564453125,1654.3653564453125,1654.3653564453125,1654.3653564453125,0,0.0,0.0
2017-08-14 00:00:00+09:00,1652.5672526220624,1662.4574810109864,1635.484130859375,1635.484130859375,21400,0.0,0.0
2017-08-15 00:00:00+09:00,1635.4841197438118,1658.8610230496606,1635.4841197438118,1639.08056640625,14600,0.0,0.0
2017-08-16 00:00:00+09:00,1639.9795505136988,1656.1635592358734,1639.0804389180223,1640.878662109375,19000,0.0,0.0
2017-08-17 00:00:00+09:00,1654.3654479479908,1657.9618945739646,1641.7778847570821,1644.4752197265625,13000,0.0,0.0
2017-08-18 00:00:00+09:00,1645.3742584110557,1657.9618210437086,1627.3920260786945,1628.2911376953125,17800,0.0,0.0
2017-08-21 00:00:00+09:00,1644.4751669141053,1654.3653948179078,1625.5938227341182,1641.77783203125,21400,0.0,0.0
2017-08-22 00:00:00+09:00,1653.4661069727408,1684.935010585599,1639.0803224640058,1659.7598876953125,24000,0.0,0.0
2017-08-23 00:00:00+09:00,1665.1547012080048,1700.2200539872229,1648.9706922329808,1652.567138671875,20900,0.0,0.0
2017-08-24 00:00:00+09:00,1650.768915452428,1670.549370866346,1646.2733574038102,1652.567138671875,20500,0.0,0.0
2017-08-25 00:00:00+09:00,1669.6503070369727,1671.4485303078795,1650.7689626924512,1657.062744140625,20000,0.0,0.0
2017-08-28 00:00:00+09:00,1654.3654423812125,1654.3654423812125,1637.2823209653195,1646.2734375,11600,0.0,0.0
2017-08-29 00:00:00+09:00,1646.2734765329396,1646.2734765329396,1631.8876897363657,1633.6859130859375,10800,0.0,0.0
2017-08-30 00:00:00+09:00,1636.3832425310954,1655.2645876372235,1628.2912374856119,1635.484130859375,30100,0.0,0.0
2017-08-31 00:00:00+09:00,1636.3831897349085,1647.1725294474463,1630.9885198786394,1632.7867431640625,15300,0.0,0.0
2017-09-01 00:00:00+09:00,1649.8698147406624,1654.3653728189747,1632.7866940430752,1648.970703125,16600,0.0,0.0
2017-09-04 00:00:00+09:00,1638.1813561575755,1638.1813561575755,1610.3088962009974,1611.2080078125,25600,0.0,0.0
2017-09-05 00:00:00+09:00,1608.5106472210512,1614.804428400787,1595.9230848615796,1599.51953125,17200,0.0,0.0
2017-09-06 00:00:00+09:00,1594.1248616673693,1611.2079820123665,1591.427526876054,1599.51953125,18000,0.0,0.0
2017-09-07 00:00:00+09:00,1599.5193881401485,1618.4007299900322,1598.6202766234874,1606.7122802734375,10500,0.0,0.0
2017-09-08 00:00:00+09:00,1606.7125882515047,1622.8965986535904,1602.217029806481,1605.8134765625,27100,0.0,0.0
2017-09-11 00:00:00+09:00,1635.4839504397219,1645.374177737598,1628.291057859448,1634.5848388671875,18900,0.0,0.0
2017-09-12 00:00:00+09:00,1631.8876061463316,1631.8876061463316,1613.0062619429857,1621.0982666015625,21400,0.0,0.0
2017-09-13 00:00:00+09:00,1621.0983942975474,1626.493064494877,1617.5019474993276,1619.3001708984375,7100,0.0,0.0
2017-09-14 00:00:00+09:00,1619.3000177990791,1620.199129413626,1607.6115668099685,1609.4097900390625,12700,0.0,0.0
2017-09-15 00:00:00+09:00,1606.712629532056,1615.7037466531085,1606.712629532056,1612.1072998046875,11700,0.0,0.0
2017-09-18 00:00:00+09:00,1612.1072998046875,1612.1072998046875,1612.1072998046875,1612.1072998046875,0,0.0,0.0
2017-09-19 00:00:00+09:00,1618.4009044918644,1635.4840251503897,1614.804458037438,1630.08935546875,30400,0.0,0.0
2017-09-20 00:00:00+09:00,1652.5670540792898,1652.5670540792898,1634.5848228053042,1639.9794921875,18900,0.0,0.0
2017-09-21 00:00:00+09:00,1639.0805831346527,1645.3743648581537,1627.3921313624362,1633.6859130859375,18300,0.0,0.0
2017-09-22 00:00:00+09:00,1647.172395475618,1647.172395475618,1627.3919409447974,1636.383056640625,10300,0.0,0.0
2017-09-25 00:00:00+09:00,1637.2823900352162,1645.3743952577954,1634.585054961023,1643.576171875,14400,0.0,0.0
2017-09-26 00:00:00+09:00,1639.9795815461603,1653.4662557365068,1639.9795815461603,1650.7689208984375,13100,0.0,0.0
2017-09-27 00:00:00+09:00,1659.8391544117646,1665.28125,1640.7918198529412,1665.28125,5600,16.0,0.0
2017-09-28 00:00:00+09:00,1664.374011953996,1668.0020751953125,1652.582806419717,1668.0020751953125,6900,0.0,0.0
2017-09-29 00:00:00+09:00,1667.0953611947148,1668.0023771692495,1655.3041535257641,1659.8392333984375,10700,0.0,0.0
2017-10-02 00:00:00+09:00,1660.7461798549411,1682.514562332559,1660.7461798549411,1671.63037109375,12500,0.0,0.0
2017-10-03 00:00:00+09:00,1683.4213880420054,1683.4213880420054,1661.653008024221,1673.4442138671875,12500,0.0,0.0
2017-10-04 00:00:00+09:00,1668.9092682730172,1683.4215227797392,1665.2812046463368,1669.8162841796875,7100,0.0,0.0
2017-10-05 00:00:00+09:00,1668.909232916217,1680.700439453125,1665.2811693663991,1680.700439453125,6800,0.0,0.0
2017-10-06 00:00:00+09:00,1680.7005494938912,1684.32861328125,1668.9093421849757,1684.32861328125,7500,0.0,0.0
2017-10-09 00:00:00+09:00,1684.32861328125,1684.32861328125,1684.32861328125,1684.32861328125,0,0.0,0.0
2017-10-10 00:00:00+09:00,1684.3284875728655,1704.2828369140625,1677.9793764188482,1704.2828369140625,40000,0.0,0.0
2017-10-11 00:00:00+09:00,1705.1899317605446,1708.8179954451414,1690.6776770221568,1698.8408203125,11400,0.0,0.0
2017-10-12 00:00:00+09:00,1698.8406998155965,1701.5617473860432,1688.863525390625,1688.863525390625,8500,0.0,0.0
2017-10-13 00:00:00+09:00,1690.677643701641,1705.1898981540155,1682.5145005721802,1699.747802734375,18600,0.0,0.0
2017-10-16 00:00:00+09:00,1699.7478530288872,1740.5635698839033,1699.7478530288872,1721.5162353515625,27900,0.0,0.0
2017-10-17 00:00:00+09:00,1711.538896819241,1717.8880077242409,1697.0266433220984,1706.0968017578125,9100,0.0,0.0
2017-10-18 00:00:00+09:00,1701.5618872549019,1701.5618872549019,1662.5602022058822,1665.28125,30800,0.0,0.0
2017-10-19 00:00:00+09:00,1665.2812380583389,1685.2355884054432,1665.2812380583389,1668.9093017578125,8900,0.0,0.0
2017-10-20 00:00:00+09:00,1668.9092348245792,1681.607457263462,1668.9092348245792,1670.7232666015625,9100,0.0,0.0
2017-10-23 00:00:00+09:00,1680.700546950804,1699.747881805616,1671.6303874961313,1694.3057861328125,11800,0.0,0.0
2017-10-24 00:00:00+09:00,1692.4917327308144,1695.2127805326325,1684.3285893253603,1691.584716796875,17700,0.0,0.0
2017-10-25 00:00:00+09:00,1696.1197391212813,1708.8179617671092,1691.5846596049143,1699.747802734375,35300,0.0,0.0
2017-10-26 00:00:00+09:00,1699.7477257954622,1704.2828051065494,1677.979345102244,1695.212646484375,14400,0.0,0.0
2017-10-27 00:00:00+09:00,1695.2127781198985,1704.2829374463827,1688.8636665913596,1701.5618896484375,10100,0.0,0.0
2017-10-30 00:00:00+09:00,1701.5616867963006,1733.3072406544404,1701.5616867963006,1726.9581298828125,26600,0.0,0.0
2017-10-31 00:00:00+09:00,1726.9583212833818,1728.7723531334693,1709.7250187075497,1715.1671142578125,14100,0.0,0.0
2017-11-01 00:00:00+09:00,1722.423291653068,1749.6337701941907,1722.423291653068,1736.935546875,25700,0.0,0.0
2017-11-02 00:00:00+09:00,1737.8426148980486,1753.2618865333652,1734.2145509838565,1748.726806640625,19100,0.0,0.0
2017-11-03 00:00:00+09:00,1748.726806640625,1748.726806640625,1748.726806640625,1748.726806640625,0,0.0,0.0
2017-11-06 00:00:00+09:00,1748.7266650543693,1755.9827922952586,1731.4933628572567,1736.0284423828125,14700,0.0,0.0
2017-11-07 00:00:00+09:00,1732.4004551269786,1741.470614577905,1696.1198173232722,1740.5635986328125,26400,0.0,0.0
2017-11-08 00:00:00+09:00,1728.7722584391659,1745.098544195674,1724.2371790623579,1744.1915283203125,13900,0.0,0.0
2017-11-09 00:00:00+09:00,1750.5406176249187,1757.7967445373536,1727.8652210235596,1741.470458984375,21200,0.0,0.0
2017-11-10 00:00:00+09:00,1739.656492115612,1756.8897941751516,1739.656492115612,1749.6336669921875,17100,0.0,0.0
2017-11-13 00:00:00+09:00,1758.7038498599973,1758.7038498599973,1736.9354680154177,1742.3775634765625,13800,0.0,0.0
2017-11-14 00:00:00+09:00,1742.3775319848494,1746.005595560039,1730.586325365483,1733.307373046875,6100,0.0,0.0
2017-11-15 00:00:00+09:00,1727.8654479175254,1739.65665569859,1715.1672241533022,1718.7952880859375,19600,0.0,0.0
2017-11-16 00:00:00+09:00,1718.7953216649412,1724.2374176702126,1711.5391936579124,1717.8883056640625,8700,0.0,0.0
2017-11-17 00:00:00+09:00,1699.7477475679837,1713.3529856755183,1696.1196840726411,1697.9337158203125,25900,0.0,0.0
2017-11-20 00:00:00+09:00,1701.5619392475328,1726.9583861019737,1701.5619392475328,1723.330322265625,8400,0.0,0.0
2017-11-21 00:00:00+09:00,1716.9811028032784,1724.237230020619,1709.7249755859375,1709.7249755859375,10900,0.0,0.0
2017-11-22 00:00:00+09:00,1719.7021505097812,1719.7021505097812,1699.7478006620938,1709.7249755859375,17300,0.0,0.0
2017-11-23 00:00:00+09:00,1709.7249755859375,1709.7249755859375,1709.7249755859375,1709.7249755859375,0,0.0,0.0
2017-11-24 00:00:00+09:00,1716.0740197630994,1719.702083229829,1699.7477341628164,1711.5389404296875,14900,0.0,0.0
2017-11-27 00:00:00+09:00,1711.5390032891773,1734.2144007890338,1711.5390032891773,1729.6793212890625,35600,0.0,0.0
2017-11-28 00:00:00+09:00,1725.1442967010707,1735.1214719185848,1716.0741374124216,1731.493408203125,17500,0.0,0.0
2017-11-29 00:00:00+09:00,1741.4704372065728,1754.1686591445373,1730.5862469740316,1738.7493896484375,36500,0.0,0.0
2017-11-30 00:00:00+09:00,1747.8195481755552,1751.4476115864022,1736.935357943014,1738.7493896484375,12700,0.0,0.0
2017-12-01 00:00:00+09:00,1738.7494782416986,1753.2617326245195,1732.4003669492147,1739.656494140625,14200,0.0,0.0
2017-12-04 00:00:00+09:00,1737.8424603198712,1757.796810073022,1734.2143967283891,1749.6336669921875,20300,0.0,0.0
2017-12-05 00:00:00+09:00,1743.2845675223214,1749.6336788504464,1731.4933607700893,1746.005615234375,5900,0.0,0.0
2017-12-06 00:00:00+09:00,1746.0056074889594,1755.982782388896,1728.7723053890684,1729.6793212890625,8000,0.0,0.0
2017-12-07 00:00:00+09:00,1732.400355185232,1752.354704826109,1727.8652757213963,1743.2845458984375,9000,0.0,0.0
2017-12-08 00:00:00+09:00,1724.2372431468766,1753.2617522371975,1724.2372431468766,1752.354736328125,27800,0.0,0.0
2017-12-11 00:00:00+09:00,1770.4950620993588,1770.4950620993588,1734.2144255809294,1768.6810302734375,30100,0.0,0.0
2017-12-12 00:00:00+09:00,1764.146043202939,1764.146043202939,1710.6321015325154,1713.3531494140625,41900,0.0,0.0
2017-12-13 00:00:00+09:00,1714.260165374578,1723.3303249797345,1709.725085572,1713.3531494140625,59800,0.0,0.0
2017-12-14 00:00:00+09:00,1718.794987462148,1727.8651457073308,1713.3528925150383,1726.9581298828125,13200,0.0,0.0
2017-12-15 00:00:00+09:00,1726.0514162679667,1755.075927734375,1714.2602084847383,1755.075927734375,37100,0.0,0.0
2017-12-18 00:00:00+09:00,1747.819723653052,1756.889883090795,1738.7495642153092,1750.540771484375,20200,0.0,0.0
2017-12-19 00:00:00+09:00,1745.0986090555448,1756.8898158734876,1736.0284499648196,1752.354736328125,12200,0.0,0.0
2017-12-20 00:00:00+09:00,1742.3775378040432,1759.61083984375,1732.4003629389497,1759.61083984375,9000,0.0,0.0
2017-12-21 00:00:00+09:00,1753.26164024475,1759.6107512026979,1734.2143073709065,1758.7037353515625,19400,0.0,0.0
2017-12-22 00:00:00+09:00,1763.2388146072394,1763.2388146072394,1746.0055134356667,1758.7037353515625,18700,0.0,0.0
2017-12-25 00:00:00+09:00,1768.6810302734375,1787.728364445613,1761.4249029697514,1768.6810302734375,18500,0.0,0.0
2017-12-26 00:00:00+09:00,1778.6580927190453,1786.8212354189288,1768.6809183080768,1775.030029296875,7300,0.0,0.0
2017-12-27 00:00:00+09:00,1775.0302278322304,1793.170546972059,1762.3320044343502,1779.5653076171875,6700,0.0,0.0
2017-12-28 00:00:00+09:00,1782.2861561412158,1783.1931719967583,1768.6809183080768,1775.030029296875,5100,0.0,0.0
2017-12-29 00:00:00+09:00,1772.3090367923287,1790.449354466764,1772.3090367923287,1776.8441162109375,7100,0.0,0.0
2018-01-01 00:00:00+09:00,1776.8441162109375,1776.8441162109375,1776.8441162109375,1776.8441162109375,0,0.0,0.0
2018-01-02 00:00:00+09:00,1776.8441162109375,1776.8441162109375,1776.8441162109375,1776.8441162109375,0,0.0,0.0
2018-01-03 00:00:00+09:00,1776.8441162109375,1776.8441162109375,1776.8441162109375,1776.8441162109375,0,0.0,0.0
2018-01-04 00:00:00+09:00,1783.1931673749607,1807.6825954111378,1777.7510722558102,1804.9615478515625,13300,0.0,0.0
2018-01-05 00:00:00+09:00,1790.4495328585144,1804.9617884439938,1768.6811494802953,1778.6583251953125,23400,0.0,0.0
2018-01-08 00:00:00+09:00,1778.6583251953125,1778.6583251953125,1778.6583251953125,1778.6583251953125,0,0.0,0.0
2018-01-09 00:00:00+09:00,1791.356356697121,1797.7054678347818,1777.751118544991,1790.4493408203125,16100,0.0,0.0
2018-01-10 00:00:00+09:00,1790.4493605922644,1809.4966942155863,1783.1932334976657,1803.1475830078125,18500,0.0,0.0
2018-01-11 00:00:00+09:00,1802.2406103197288,1810.4037534968186,1798.6125466854667,1808.5897216796875,15500,0.0,0.0
2018-01-12 00:00:00+09:00,1801.3336213965454,1888.4071499232666,1800.426605474392,1883.8720703125,51600,0.0,0.0
2018-01-15 00:00:00+09:00,1900.1983569112601,1904.733436522027,1875.7089270131198,1883.8720703125,19000,0.0,0.0
2018-01-16 00:00:00+09:00,1883.8720967076842,1883.8720967076842,1863.010730205866,1866.6387939453125,7700,0.0,0.0
2018-01-17 00:00:00+09:00,1859.3825401706902,1863.9176195369603,1826.7299687335465,1830.3580322265625,10200,0.0,0.0
2018-01-18 00:00:00+09:00,1830.3580019687734,1838.5211446931137,1811.3106689453125,1811.3106689453125,8900,0.0,0.0
2018-01-19 00:00:00+09:00,1811.3107554700139,1829.4510735017616,1810.4037395684263,1822.1949462890625,11400,0.0,0.0
2018-01-22 00:00:00+09:00,1822.1948893672763,1833.0790798463245,1813.1247306347366,1830.3580322265625,15600,0.0,0.0
2018-01-23 00:00:00+09:00,1833.0792116367668,1841.2423550829474,1823.1020363136572,1836.707275390625,16800,0.0,0.0
2018-01-24 00:00:00+09:00,1832.172217133953,1843.9634244719437,1823.1020576431908,1839.4283447265625,14300,0.0,0.0
2018-01-25 00:00:00+09:00,1839.4281589462464,1843.0562223761206,1821.287841796875,1821.287841796875,14900,0.0,0.0
2018-01-26 00:00:00+09:00,1816.7528156505134,1838.5211968664955,1816.7528156505134,1833.0791015625,9200,0.0,0.0
2018-01-29 00:00:00+09:00,1836.707394343228,1860.2898102705979,1820.3811063935104,1846.6845703125,14400,0.0,0.0
2018-01-30 00:00:00+09:00,1850.312492755471,1861.1966838893268,1833.9862060546875,1833.9862060546875,12400,0.0,0.0
2018-01-31 00:00:00+09:00,1833.9862569020206,1850.312544055451,1806.7757783129698,1809.496826171875,14100,0.0,0.0
2018-02-01 00:00:00+09:00,1792.2636528510552,1815.8460693359375,1790.4496208137566,1815.8460693359375,14700,0.0,0.0
2018-02-02 00:00:00+09:00,1815.8457380898633,1815.8457380898633,1789.542278347303,1804.9615478515625,12700,0.0,0.0
2018-02-05 00:00:00+09:00,1794.9844173405609,1797.7054649666456,1744.1915283203125,1744.1915283203125,32200,0.0,0.0
2018-02-06 00:00:00+09:00,1707.910983751085,1711.5390474446615,1632.628662109375,1632.628662109375,32300,0.0,0.0
2018-02-07 00:00:00+09:00,1585.4637030166812,1647.1407807084056,1570.04443359375,1570.04443359375,66600,0.0,0.0
2018-02-08 00:00:00+09:00,1579.114675133897,1629.9075653162622,1579.114675133897,1600.883056640625,24800,0.0,0.0
2018-02-09 00:00:00+09:00,1570.0445327349341,1578.207675886069,1508.367451148582,1521.065673828125,62800,0.0,0.0
2018-02-12 00:00:00+09:00,1521.065673828125,1521.065673828125,1521.065673828125,1521.065673828125,0,0.0,0.0
2018-02-13 00:00:00+09:00,1550.9971022495004,1590.9057996173237,1532.856785264126,1560.0672607421875,39000,0.0,0.0
2018-02-14 00:00:00+09:00,1560.067341525066,1574.5795958648341,1537.3919441191783,1544.6480712890625,25400,0.0,0.0
2018-02-15 00:00:00+09:00,1544.6479607863312,1556.4391665938604,1536.4848183041954,1541.0198974609375,34700,0.0,0.0
2018-02-16 00:00:00+09:00,1562.7885682763242,1562.7885682763242,1544.6482482731167,1546.4622802734375,12600,0.0,0.0
2018-02-19 00:00:00+09:00,1560.0675631712083,1560.0675631712083,1544.648290744516,1551.9044189453125,34700,0.0,0.0
2018-02-20 00:00:00+09:00,1567.3236113133373,1567.3236113133373,1550.99732369549,1557.346435546875,21300,0.0,0.0
2018-02-21 00:00:00+09:00,1560.067520275843,1561.8815522761638,1546.4622802734375,1546.4622802734375,20000,0.0,0.0
2018-02-22 00:00:00+09:00,1560.9742751096728,1574.5795128357886,1550.997100777188,1570.04443359375,35600,0.0,0.0
2018-02-23 00:00:00+09:00,1541.9270388760601,1614.488311293757,1541.9270388760601,1577.3006591796875,60200,0.0,0.0
2018-02-26 00:00:00+09:00,1613.5812101932693,1613.5812101932693,1597.254924761297,1612.6741943359375,25000,0.0,0.0
2018-02-27 00:00:00+09:00,1612.6744720682243,1623.5586642306644,1606.3253599734674,1611.7674560546875,63700,0.0,0.0
2018-02-28 00:00:00+09:00,1614.48828125,1624.4654560217698,1609.9532018082866,1614.48828125,35500,0.0,0.0
2018-03-01 00:00:00+09:00,1614.4882668804999,1614.4882668804999,1565.509409345923,1571.8585205078125,33100,0.0,0.0
2018-03-02 00:00:00+09:00,1547.3692840522601,1560.9745239472097,1544.6482360732703,1550.09033203125,36500,0.0,0.0
2018-03-05 00:00:00+09:00,1550.090156771102,1551.9041885519928,1526.507743619523,1538.2989501953125,38900,0.0,0.0
2018-03-06 00:00:00+09:00,1539.20609098259,1548.2762506230295,1521.9727876657548,1528.3218994140625,21000,0.0,0.0
2018-03-07 00:00:00+09:00,1528.321720560157,1550.9971170076371,1523.786641270661,1536.48486328125,18500,0.0,0.0
2018-03-08 00:00:00+09:00,1536.4850830365012,1544.6482269251248,1529.2289551355025,1543.7412109375,18600,0.0,0.0
2018-03-09 00:00:00+09:00,1569.1375352910634,1590.9059172835407,1563.6954397929442,1589.9989013671875,32100,0.0,0.0
2018-03-12 00:00:00+09:00,1604.5111083984375,1604.5111083984375,1584.5567588310178,1604.5111083984375,24200,0.0,0.0
2018-03-13 00:00:00+09:00,1600.883023185341,1605.4181025711353,1584.556737396482,1601.7900390625,16000,0.0,0.0
2018-03-14 00:00:00+09:00,1600.8831572343217,1600.8831572343217,1584.556870078391,1598.162109375,9200,0.0,0.0
2018-03-15 00:00:00+09:00,1586.370816127232,1595.4409751674107,1575.486625279018,1587.27783203125,19600,0.0,0.0
2018-03-16 00:00:00+09:00,1587.27781819892,1608.1391838095342,1571.8585479649876,1600.883056640625,34000,0.0,0.0
2018-03-19 00:00:00+09:00,1584.5567175460187,1591.8128444723886,1580.0216382170377,1589.091796875,12300,0.0,0.0
2018-03-20 00:00:00+09:00,1587.2779205688266,1589.998968432659,1575.486713158887,1588.1849365234375,18900,0.0,0.0
2018-03-21 00:00:00+09:00,1588.1849365234375,1588.1849365234375,1588.1849365234375,1588.1849365234375,0,0.0,0.0
2018-03-22 00:00:00+09:00,1591.812947818592,1626.2795529565442,1587.277868195177,1622.6514892578125,25600,0.0,0.0
2018-03-23 00:00:00+09:00,1629.0005758139139,1629.0005758139139,1572.7655893437231,1583.6497802734375,34100,0.0,0.0
2018-03-26 00:00:00+09:00,1575.4866135356908,1592.719915583577,1554.625247898776,1590.9058837890625,36100,0.0,0.0
2018-03-27 00:00:00+09:00,1591.812792645385,1643.5126953125,1586.3706976277938,1643.5126953125,23800,0.0,0.0
2018-03-28 00:00:00+09:00,1639.852508948238,1663.6450118682458,1628.871353754388,1661.8148193359375,26000,16.0,0.0
2018-03-29 00:00:00+09:00,1665.4750427719234,1670.0505236586596,1638.0221574515072,1652.6636962890625,14000,0.0,0.0
2018-03-30 00:00:00+09:00,1670.0505708835044,1670.0505708835044,1645.3429733964608,1663.6448974609375,9200,0.0,0.0
2018-04-02 00:00:00+09:00,1653.578808121655,1661.8146737957527,1639.8523653314917,1656.3240966796875,11700,0.0,0.0
2018-04-03 00:00:00+09:00,1650.8336270636391,1692.9280543612708,1649.9185308180386,1681.9468994140625,22100,0.0,0.0
2018-04-04 00:00:00+09:00,1681.9469038230711,1705.739406271058,1675.5412300870746,1697.5035400390625,24400,0.0,0.0
2018-04-05 00:00:00+09:00,1702.079005805561,1702.079005805561,1689.2676584500355,1693.8431396484375,25500,0.0,0.0
2018-04-06 00:00:00+09:00,1693.8429446530033,1698.4184253246754,1683.7768871753246,1691.09765625,28300,0.0,0.0
2018-04-09 00:00:00+09:00,1676.4563110945096,1702.079005805561,1673.7110223754685,1693.8431396484375,16600,0.0,0.0
2018-04-10 00:00:00+09:00,1702.078998043706,1702.078998043706,1686.5223620400807,1692.012939453125,15300,0.0,0.0
2018-04-11 00:00:00+09:00,1706.654403333956,1708.4845957235902,1689.2675756324304,1702.9940185546875,14800,0.0,0.0
2018-04-12 00:00:00+09:00,1704.8243598031688,1706.6545523526086,1679.2016641110117,1694.75830078125,10200,0.0,0.0
2018-04-13 00:00:00+09:00,1697.503547730084,1711.2299915122678,1692.0129702172103,1699.333740234375,8100,0.0,0.0
2018-04-16 00:00:00+09:00,1702.07902127906,1703.909213775059,1685.607288815069,1697.5035400390625,8600,0.0,0.0
2018-04-17 00:00:00+09:00,1689.2678267990937,1694.7584047843563,1671.8809965124292,1675.5413818359375,10600,0.0,0.0
2018-04-18 00:00:00+09:00,1537.361740772708,1627.9562719253852,1530.9560668528216,1606.9090576171875,78800,0.0,0.0
2018-04-19 00:00:00+09:00,1613.3147468566895,1648.0884056091309,1613.3147468566895,1639.8525390625,24000,0.0,0.0
2018-04-20 00:00:00+09:00,1649.0035746539868,1662.7300195040477,1636.1922261272632,1642.597900390625,14200,0.0,0.0
2018-04-23 00:00:00+09:00,1655.4090760838867,1655.4090760838867,1639.852440211346,1645.343017578125,16400,0.0,0.0
2018-04-24 00:00:00+09:00,1646.2581566379495,1670.0506591796875,1645.3430603863442,1670.0506591796875,11700,0.0,0.0
2018-04-25 00:00:00+09:00,1678.2865254441351,1678.2865254441351,1657.2393116572132,1670.0506591796875,11700,0.0,0.0
2018-04-26 00:00:00+09:00,1678.2865144316597,1688.3525731332675,1663.6449745020489,1681.9468994140625,11600,0.0,0.0
2018-04-27 00:00:00+09:00,1681.9469259104617,1681.9469259104617,1664.5600969701468,1673.7110595703125,10400,0.0,0.0
2018-04-30 00:00:00+09:00,1673.7110595703125,1673.7110595703125,1673.7110595703125,1673.7110595703125,0,0.0,0.0
2018-05-01 00:00:00+09:00,1666.3902587890625,1672.7959324911621,1656.3242001143346,1666.3902587890625,6600,0.0,0.0
2018-05-02 00:00:00+09:00,1674.6261249774764,1683.7770874090472,1666.3902587890625,1666.3902587890625,16300,0.0,0.0
2018-05-03 00:00:00+09:00,1666.3902587890625,1666.3902587890625,1666.3902587890625,1666.3902587890625,0,0.0,0.0
2018-05-04 00:00:00+09:00,1666.3902587890625,1666.3902587890625,1666.3902587890625,1666.3902587890625,0,0.0,0.0
2018-05-07 00:00:00+09:00,1668.2204404142456,1688.3525576326292,1648.088323195862,1678.2864990234375,31300,0.0,0.0
2018-05-08 00:00:00+09:00,1667.3052694169826,1695.6732514981716,1667.3052694169826,1689.267578125,18700,0.0,0.0
2018-05-09 00:00:00+09:00,1692.9280543612708,1697.5035355892742,1678.2865144316597,1681.9468994140625,19500,0.0,0.0
2018-05-10 00:00:00+09:00,1696.5884514779382,1700.2488364865205,1691.0978739650648,1699.333740234375,10100,0.0,0.0
2018-05-11 00:00:00+09:00,1702.0788975388791,1758.814860790175,1702.0788975388791,1754.2393798828125,27600,0.0,0.0
2018-05-14 00:00:00+09:00,1754.2396129612175,1762.475479688735,1714.8904719297452,1736.852783203125,24000,0.0,0.0
2018-05-15 00:00:00+09:00,1751.4940500567036,1751.4940500567036,1696.5882804624496,1702.078857421875,16000,0.0,0.0
2018-05-16 00:00:00+09:00,1702.0789611588054,1714.8903081782803,1702.0789611588054,1712.14501953125,7500,0.0,0.0
2018-05-17 00:00:00+09:00,1719.4656924074625,1724.9562693922655,1694.7580959758493,1703.9090576171875,9000,0.0,0.0
2018-05-18 00:00:00+09:00,1703.908978092554,1709.3995548211014,1683.7768634212134,1685.6070556640625,16700,0.0,0.0
2018-05-21 00:00:00+09:00,1685.6072658045734,1695.6733243951544,1679.201592156022,1692.012939453125,15500,0.0,0.0
2018-05-22 00:00:00+09:00,1692.0130002551955,1692.0130002551955,1674.626171155764,1677.3714599609375,8000,0.0,0.0
2018-05-23 00:00:00+09:00,1680.1165771484375,1688.3524427226946,1662.7297498250061,1680.1165771484375,6600,0.0,0.0
2018-05-24 00:00:00+09:00,1692.0131157917249,1695.6735011152334,1661.8149368727813,1675.5413818359375,9200,0.0,0.0
2018-05-25 00:00:00+09:00,1676.4563263350742,1699.3337325350615,1673.7110375910756,1697.5035400390625,17400,0.0,0.0
2018-05-28 00:00:00+09:00,1699.333651818661,1735.9375,1697.5034594095941,1735.9375,14600,0.0,0.0
2018-05-29 00:00:00+09:00,1735.9376179796584,1735.9376179796584,1702.0790561107879,1720.3809814453125,7000,0.0,0.0
2018-05-30 00:00:00+09:00,1711.2298269302582,1711.2298269302582,1667.3052110518345,1703.9090576171875,26000,0.0,0.0
2018-05-31 00:00:00+09:00,1709.3997835014166,1720.3809384275498,1690.1827623806832,1695.67333984375,14300,0.0,0.0
2018-06-01 00:00:00+09:00,1696.5883684449484,1718.5506774215821,1693.8430798228692,1708.484619140625,8800,0.0,0.0
2018-06-04 00:00:00+09:00,1712.145003970064,1726.7865432878198,1699.3336570670276,1708.484619140625,14400,0.0,0.0
2018-06-05 00:00:00+09:00,1708.4846716922577,1710.3148641632724,1690.1827469821103,1692.012939453125,15500,0.0,0.0
2018-06-06 00:00:00+09:00,1692.928043408757,1701.1639095658807,1691.0978509293961,1693.8431396484375,9600,0.0,0.0
2018-06-07 00:00:00+09:00,1695.6733213105426,1709.3997648181833,1695.6733213105426,1705.7393798828125,4800,0.0,0.0
2018-06-08 00:00:00+09:00,1662.7299385280169,1676.456382709591,1660.8997459704735,1667.305419921875,30300,0.0,0.0
2018-06-11 00:00:00+09:00,1665.4751855842912,1671.880859375,1661.8148005610292,1671.880859375,7400,0.0,0.0
2018-06-12 00:00:00+09:00,1672.7958779010446,1675.541166540926,1651.7486649952875,1653.578857421875,10000,0.0,0.0
2018-06-13 00:00:00+09:00,1653.5787730071504,1653.5787730071504,1616.0598301774364,1619.72021484375,23400,0.0,0.0
2018-06-14 00:00:00+09:00,1619.720271980109,1627.9561377698383,1605.9938289972265,1618.80517578125,24200,0.0,0.0
2018-06-15 00:00:00+09:00,1620.6354673042665,1624.2958523235873,1613.314697265625,1613.314697265625,16400,0.0,0.0
2018-06-18 00:00:00+09:00,1633.4467384875659,1633.4467384875659,1605.0787559143926,1624.2957763671875,27000,0.0,0.0
2018-06-19 00:00:00+09:00,1625.2109868609996,1625.2109868609996,1584.031654423643,1593.1826171875,19700,0.0,0.0
2018-06-20 00:00:00+09:00,1593.1825212650433,1593.1825212650433,1578.540981724411,1584.9466552734375,9200,0.0,0.0
2018-06-21 00:00:00+09:00,1586.77674913132,1598.6729992689827,1586.77674913132,1590.4371337890625,7300,0.0,0.0
2018-06-22 00:00:00+09:00,1594.0974518240314,1606.9087975906998,1584.9464905621253,1603.2484130859375,13200,0.0,0.0
2018-06-25 00:00:00+09:00,1616.9751827870246,1616.9751827870246,1569.3901745782382,1578.5411376953125,11500,0.0,0.0
2018-06-26 00:00:00+09:00,1578.5410957115923,1583.1165771484375,1564.8146514010568,1583.1165771484375,7800,0.0,0.0
2018-06-27 00:00:00+09:00,1595.927890669977,1598.673179472735,1583.116542923773,1589.522216796875,9100,0.0,0.0
2018-06-28 00:00:00+09:00,1573.9654438879472,1585.8616943359375,1570.3050591347194,1585.8616943359375,16000,0.0,0.0
2018-06-29 00:00:00+09:00,1574.8806877401755,1582.2014579330407,1557.49385853212,1577.6259765625,13900,0.0,0.0
2018-07-02 00:00:00+09:00,1605.9939061215048,1612.3995798211347,1557.4938052528782,1564.8145751953125,18600,0.0,0.0
2018-07-03 00:00:00+09:00,1559.3239435159935,1564.814520781895,1541.0220192963222,1552.003173828125,21200,0.0,0.0
2018-07-04 00:00:00+09:00,1541.9371309168198,1567.5598250804228,1535.531457375919,1555.66357421875,15500,0.0,0.0
2018-07-05 00:00:00+09:00,1543.7675208503038,1552.003387885071,1531.8712684667507,1544.6826171875,14800,0.0,0.0
2018-07-06 00:00:00+09:00,1544.682468717774,1558.4089124563798,1537.3616987238509,1552.9183349609375,22100,0.0,0.0
2018-07-09 00:00:00+09:00,1551.0879476968344,1552.9181399655033,1539.191697950487,1550.1728515625,14800,0.0,0.0
2018-07-10 00:00:00+09:00,1570.304966517857,1573.9653510551948,1550.1728515625,1550.1728515625,20600,0.0,0.0
2018-07-11 00:00:00+09:00,1534.6162815870437,1556.578589731402,1534.6162815870437,1551.0880126953125,18700,0.0,0.0
2018-07-12 00:00:00+09:00,1551.0882299718724,1562.984481883161,1551.0882299718724,1559.3240966796875,10200,0.0,0.0
2018-07-13 00:00:00+09:00,1559.3239513168066,1562.069239963491,1550.1729891611915,1553.8333740234375,13000,0.0,0.0
2018-07-16 00:00:00+09:00,1553.8333740234375,1553.8333740234375,1553.8333740234375,1553.8333740234375,0,0.0,0.0
2018-07-17 00:00:00+09:00,1553.8333768521613,1553.8333768521613,1536.4465487248403,1540.10693359375,18200,0.0,0.0
2018-07-18 00:00:00+09:00,1553.8332360998377,1556.578524502841,1543.7671786221592,1550.1728515625,6500,0.0,0.0
2018-07-19 00:00:00+09:00,1554.7485274594183,1557.4938162071394,1550.1730462132164,1552.9183349609375,5200,0.0,0.0
2018-07-20 00:00:00+09:00,1544.682544386102,1573.9656257962652,1544.682544386102,1571.2203369140625,29900,0.0,0.0
2018-07-23 00:00:00+09:00,1562.0693973696914,1564.8146862930125,1540.107085983123,1547.4278564453125,11000,0.0,0.0
2018-07-24 00:00:00+09:00,1565.7297288959292,1595.0128097402715,1562.984440066772,1593.1826171875,17500,0.0,0.0
2018-07-25 00:00:00+09:00,1611.4845081739622,1611.4845081739622,1593.1825830385396,1599.5882568359375,11200,0.0,0.0
2018-07-26 00:00:00+09:00,1612.3995410046462,1637.1071389655574,1605.9938674592247,1627.9561767578125,17600,0.0,0.0
2018-07-27 00:00:00+09:00,1627.956264585557,1643.512901177999,1619.720398154264,1634.3619384765625,8700,0.0,0.0
2018-07-30 00:00:00+09:00,1634.3619690980597,1634.3619690980597,1604.1637916175246,1612.399658203125,17200,0.0,0.0
2018-07-31 00:00:00+09:00,1612.3995933207784,1616.0599783226417,1595.0127645619277,1611.4844970703125,12000,0.0,0.0
2018-08-01 00:00:00+09:00,1601.4182877622895,1603.2484800911607,1587.6918452957557,1590.4371337890625,8500,0.0,0.0
2018-08-02 00:00:00+09:00,1591.3523707652132,1613.314680655015,1580.3712158203125,1580.3712158203125,12600,0.0,0.0
2018-08-03 00:00:00+09:00,1583.116500051398,1585.8617887798107,1564.8145751953125,1564.8145751953125,7000,0.0,0.0
2018-08-06 00:00:00+09:00,1558.4087820767652,1572.1352246669892,1546.5125318319044,1551.0880126953125,10500,0.0,0.0
2018-08-07 00:00:00+09:00,1551.0880569298508,1584.9466162846618,1551.0880569298508,1575.795654296875,13200,0.0,0.0
2018-08-08 00:00:00+09:00,1539.191885642635,1541.0220781344813,1508.07861328125,1508.07861328125,41700,0.0,0.0
2018-08-09 00:00:00+09:00,1508.0786286508778,1522.7201687348668,1507.1635323956284,1511.739013671875,24600,0.0,0.0
2018-08-10 00:00:00+09:00,1508.0786397956072,1511.7390248436548,1495.2672921274407,1499.8427734375,26000,0.0,0.0
2018-08-13 00:00:00+09:00,1499.8427525793318,1500.7578488286176,1449.512458868616,1451.3426513671875,28500,0.0,0.0
2018-08-14 00:00:00+09:00,1458.6634409820804,1489.776713876303,1458.6634409820804,1470.5596923828125,10000,0.0,0.0
2018-08-15 00:00:00+09:00,1485.2011699568618,1485.2011699568618,1452.257705928244,1455.9180908203125,9000,0.0,0.0
2018-08-16 00:00:00+09:00,1450.427569681934,1450.427569681934,1422.9746819277018,1425.719970703125,16500,0.0,0.0
2018-08-17 00:00:00+09:00,1427.5501400662451,1429.3803325535096,1415.6538888990265,1420.2293701171875,11800,0.0,0.0
2018-08-20 00:00:00+09:00,1423.8897111936476,1423.8897111936476,1393.691536084785,1395.521728515625,16400,0.0,0.0
2018-08-21 00:00:00+09:00,1400.0970458984375,1405.5876225490197,1397.3517575731464,1400.0970458984375,19500,0.0,0.0
2018-08-22 00:00:00+09:00,1403.7575605506995,1406.5028491306552,1399.1820795841068,1401.9273681640625,15100,0.0,0.0
2018-08-23 00:00:00+09:00,1413.8238374882128,1426.6351861774262,1407.418163143606,1410.1634521484375,17200,0.0,0.0
2018-08-24 00:00:00+09:00,1430.2954210244454,1430.2954210244454,1409.2482075352823,1418.399169921875,15500,0.0,0.0
2018-08-27 00:00:00+09:00,1418.3992499937199,1423.889827735631,1411.99357596149,1422.9747314453125,14600,0.0,0.0
2018-08-28 00:00:00+09:00,1427.5501521721833,1445.8520772000318,1423.8897671666136,1437.6162109375,10800,0.0,0.0
2018-08-29 00:00:00+09:00,1446.7672119140625,1446.7672119140625,1435.786056605417,1446.7672119140625,8200,0.0,0.0
2018-08-30 00:00:00+09:00,1455.0029945972954,1459.578475712381,1446.7671285901408,1455.9180908203125,8800,0.0,0.0
2018-08-31 00:00:00+09:00,1458.6634561644069,1488.8616331113487,1455.003071079929,1474.2200927734375,16000,0.0,0.0
2018-09-03 00:00:00+09:00,1473.3049470695864,1483.3710057141614,1460.493599703764,1476.96533203125,14800,0.0,0.0
2018-09-04 00:00:00+09:00,1478.7955245120818,1485.2011981949931,1476.0502357908342,1476.96533203125,10000,0.0,0.0
2018-09-05 00:00:00+09:00,1473.3051383972168,1480.62590927124,1461.4088857269287,1464.1541748046875,8400,0.0,0.0
2018-09-06 00:00:00+09:00,1467.8143542556288,1479.7106052564538,1463.2388731014655,1473.304931640625,9700,0.0,0.0
2018-09-07 00:00:00+09:00,1477.8804359813728,1485.2012059428905,1469.6445697746656,1478.7955322265625,21400,0.0,0.0
2018-09-10 00:00:00+09:00,1480.6255925917933,1504.4180928435774,1472.389727120022,1490.691650390625,34800,0.0,0.0
2018-09-11 00:00:00+09:00,1490.691769342353,1506.248405363728,1477.8804220306322,1504.418212890625,13500,0.0,0.0
2018-09-12 00:00:00+09:00,1503.5031308466846,1503.5031308466846,1462.3237998131478,1478.7955322265625,13600,0.0,0.0
2018-09-13 00:00:00+09:00,1477.8805159816472,1488.861671518353,1476.0503233921963,1483.37109375,8800,0.0,0.0
2018-09-14 00:00:00+09:00,1472.3898704785454,1504.4182393205274,1472.3898704785454,1496.182373046875,28900,0.0,0.0
2018-09-17 00:00:00+09:00,1496.182373046875,1496.182373046875,1496.182373046875,1496.182373046875,0,0.0,0.0
2018-09-18 00:00:00+09:00,1496.182554858443,1512.6542894073432,1495.267458494615,1510.8240966796875,17700,0.0,0.0
2018-09-19 00:00:00+09:00,1542.8524245131073,1545.5977135246965,1500.7579930020736,1544.6826171875,32200,0.0,0.0
2018-09-20 00:00:00+09:00,1544.6824224545624,1544.6824224545624,1520.8899206868973,1541.9371337890625,12500,0.0,0.0
2018-09-21 00:00:00+09:00,1551.0881424624567,1553.8334312101779,1537.3616987238509,1552.9183349609375,18700,0.0,0.0
2018-09-24 00:00:00+09:00,1552.9183349609375,1552.9183349609375,1552.9183349609375,1552.9183349609375,0,0.0,0.0
2018-09-25 00:00:00+09:00,1564.814533556168,1574.880591959161,1551.0880902793594,1569.3900146484375,32000,0.0,0.0
2018-09-26 00:00:00+09:00,1583.2457433682735,1585.0931713068596,1548.1446125351379,1581.3983154296875,13100,16.0,0.0
2018-09-27 00:00:00+09:00,1544.4496477567232,1565.6950675524197,1533.3650809067947,1537.0599365234375,15400,0.0,0.0
2018-09-28 00:00:00+09:00,1539.831240978968,1582.3220850611713,1537.060098973607,1574.932373046875,38000,0.0,0.0
2018-10-01 00:00:00+09:00,1573.0848589345328,1574.932286836981,1549.0682962027079,1556.4580078125,7900,0.0,0.0
2018-10-02 00:00:00+09:00,1570.3138161609525,1574.9323862084846,1559.229248046875,1559.229248046875,9800,0.0,0.0
2018-10-03 00:00:00+09:00,1560.1528240845387,1560.1528240845387,1532.44140625,1532.44140625,10100,0.0,0.0
2018-10-04 00:00:00+09:00,1545.3733857427646,1567.5425197880884,1542.6022439870992,1562.9239501953125,13200,0.0,0.0
2018-10-05 00:00:00+09:00,1560.1529033115933,1562.0003312610445,1547.2209076654344,1551.8394775390625,18900,0.0,0.0
2018-10-08 00:00:00+09:00,1551.8394775390625,1551.8394775390625,1551.8394775390625,1551.8394775390625,0,0.0,0.0
2018-10-09 00:00:00+09:00,1537.9837659931534,1537.9837659931534,1503.8063489710833,1509.3486328125,12700,0.0,0.0
2018-10-10 00:00:00+09:00,1527.8229686359577,1529.670396651237,1500.1115484067686,1502.8826904296875,12700,0.0,0.0
2018-10-11 00:00:00+09:00,1482.5608659575257,1482.5608659575257,1454.849447902245,1459.468017578125,25000,0.0,0.0
2018-10-12 00:00:00+09:00,1463.1629825943176,1484.4084046900684,1463.1629825943176,1475.1712646484375,12800,0.0,0.0
2018-10-15 00:00:00+09:00,1474.2476937764745,1486.2559769964585,1444.6888427734375,1444.6888427734375,19000,0.0,0.0
2018-10-16 00:00:00+09:00,1438.2226130874524,1446.5360385966285,1416.0534783963165,1428.9854736328125,22900,0.0,0.0
2018-10-17 00:00:00+09:00,1440.993789087083,1478.866061748987,1440.993789087083,1467.781494140625,10500,0.0,0.0
2018-10-18 00:00:00+09:00,1471.4762512437933,1486.2556737296068,1454.8494009472533,1465.01025390625,16600,0.0,0.0
2018-10-19 00:00:00+09:00,1455.7732091804319,1468.7052046934562,1443.7649276326238,1453.92578125,11200,0.0,0.0
2018-10-22 00:00:00+09:00,1453.9257221636035,1457.6205778743117,1432.6803018270325,1446.5360107421875,8600,0.0,0.0
2018-10-23 00:00:00+09:00,1446.5359946196934,1447.4597085370751,1417.9008631808617,1419.748291015625,14700,0.0,0.0
2018-10-24 00:00:00+09:00,1419.7483533810346,1447.4597721197665,1409.5874998434997,1440.9937744140625,13100,0.0,0.0
2018-10-25 00:00:00+09:00,1384.6474421829857,1395.732011433283,1358.783447265625,1358.783447265625,36900,0.0,0.0
2018-10-26 00:00:00+09:00,1364.3253219446096,1366.172749597886,1332.9190518389112,1334.7664794921875,19900,0.0,0.0
2018-10-29 00:00:00+09:00,1344.9273315852076,1364.3253219446096,1334.7664794921875,1334.7664794921875,13000,0.0,0.0
2018-10-30 00:00:00+09:00,1339.3851949014554,1373.5626102196304,1339.3851949014554,1360.630615234375,18600,0.0,0.0
2018-10-31 00:00:00+09:00,1373.562602277365,1373.562602277365,1357.859465600354,1361.5543212890625,21800,0.0,0.0
2018-11-01 00:00:00+09:00,1412.3585633295602,1430.8328414633672,1392.9605712890625,1392.9605712890625,26600,0.0,0.0
2018-11-02 00:00:00+09:00,1404.0451065951554,1411.4348176824983,1391.1131121923054,1396.6553955078125,15600,0.0,0.0
2018-11-05 00:00:00+09:00,1396.6554860137696,1409.5874812546379,1396.6554860137696,1400.350341796875,11600,0.0,0.0
2018-11-06 00:00:00+09:00,1400.3503925461066,1435.4515237576845,1391.113252753586,1408.663818359375,16500,0.0,0.0
2018-11-07 00:00:00+09:00,1445.6122264074902,1464.08650406126,1442.8410847594246,1454.849365234375,22000,0.0,0.0
2018-11-08 00:00:00+09:00,1462.2391831150671,1494.5691713709277,1456.6968994140625,1456.6968994140625,16500,0.0,0.0
2018-11-09 00:00:00+09:00,1443.7648141985856,1464.0865198366973,1443.7648141985856,1453.001953125,10900,0.0,0.0
2018-11-12 00:00:00+09:00,1453.0020238415948,1477.9423001567397,1444.688598403213,1473.32373046875,10600,0.0,0.0
2018-11-13 00:00:00+09:00,1472.400249374334,1532.4416648130614,1471.476535290661,1516.738525390625,42000,0.0,0.0
2018-11-14 00:00:00+09:00,1519.5095886002441,1520.4333026358674,1481.6373131396908,1483.4847412109375,24800,0.0,0.0
2018-11-15 00:00:00+09:00,1494.5691075088953,1502.8825327051748,1482.560826669825,1492.7216796875,23900,0.0,0.0
2018-11-16 00:00:00+09:00,1492.7218839161783,1499.1878821757161,1477.9424593229487,1497.3404541015625,7600,0.0,0.0
2018-11-19 00:00:00+09:00,1497.3403399432148,1507.501193576389,1490.8743421766494,1496.4166259765625,8700,0.0,0.0
2018-11-20 00:00:00+09:00,1496.4166450383686,1509.3486407362311,1495.49293105995,1508.4249267578125,7000,0.0,0.0
2018-11-21 00:00:00+09:00,1501.9589042640691,1549.068316390433,1500.1114763375451,1539.8311767578125,19300,0.0,0.0
2018-11-22 00:00:00+09:00,1551.8394650946523,1567.5426025390625,1532.441471780969,1567.5426025390625,20900,0.0,0.0
2018-11-23 00:00:00+09:00,1567.5426025390625,1567.5426025390625,1567.5426025390625,1567.5426025390625,0,0.0,0.0
2018-11-26 00:00:00+09:00,1553.6868026861932,1562.000227908652,1533.3650965868494,1535.2125244140625,7700,0.0,0.0
2018-11-27 00:00:00+09:00,1464.086553066359,1543.5259496365213,1464.086553066359,1535.2125244140625,26800,0.0,0.0
2018-11-28 00:00:00+09:00,1548.144515536539,1549.991943359375,1530.5939512195973,1549.991943359375,10300,0.0,0.0
2018-11-29 00:00:00+09:00,1555.5342822528614,1561.0765659188455,1540.7548591435705,1543.5260009765625,14000,0.0,0.0
2018-11-30 00:00:00+09:00,1554.6105715307858,1594.3302712193324,1548.1445739070691,1586.016845703125,28600,0.0,0.0
2018-12-03 00:00:00+09:00,1643.2872076066656,1672.8460556355658,1626.6603555904094,1646.058349609375,32900,0.0,0.0
2018-12-04 00:00:00+09:00,1638.6685487973941,1638.6685487973941,1580.4745698942172,1585.0931396484375,19200,0.0,0.0
2018-12-05 00:00:00+09:00,1571.2374854001337,1588.7880510806758,1569.3900574337606,1578.627197265625,16500,0.0,0.0
2018-12-06 00:00:00+09:00,1574.0084336331136,1574.0084336331136,1536.1361649834905,1558.3052978515625,16100,0.0,0.0
2018-12-07 00:00:00+09:00,1560.1527381641315,1575.855874072237,1546.2970300099207,1571.2373046875,13400,0.0,0.0
2018-12-10 00:00:00+09:00,1554.610606996607,1586.0168818854274,1554.610606996607,1567.5426025390625,32000,0.0,0.0
2018-12-11 00:00:00+09:00,1613.728467576788,1632.2027488312447,1580.474761318766,1619.270751953125,40700,0.0,0.0
2018-12-12 00:00:00+09:00,1629.431396484375,1646.9819614124947,1620.1942570485226,1629.431396484375,42700,0.0,0.0
2018-12-13 00:00:00+09:00,1637.744997370163,1654.3718501353424,1620.1944305624738,1651.6007080078125,53000,0.0,0.0
2018-12-14 00:00:00+09:00,1651.6007235054349,1653.44815160779,1585.0933118206522,1593.40673828125,39100,0.0,0.0
2018-12-17 00:00:00+09:00,1586.9404688811205,1602.6436050691175,1576.779616053593,1582.3218994140625,18500,0.0,0.0
2018-12-18 00:00:00+09:00,1570.313760312961,1581.398328032817,1562.9240484997235,1565.6951904296875,18300,0.0,0.0
2018-12-19 00:00:00+09:00,1574.932448561843,1580.474732838307,1529.6704603040541,1537.98388671875,27500,0.0,0.0
2018-12-20 00:00:00+09:00,1527.8230943946978,1548.144804235498,1513.043669055934,1516.738525390625,24800,0.0,0.0
2018-12-21 00:00:00+09:00,1516.7384346352621,1562.924136055337,1444.6887404199451,1555.534423828125,34400,0.0,0.0
2018-12-24 00:00:00+09:00,1555.534423828125,1555.534423828125,1555.534423828125,1555.534423828125,0,0.0,0.0
2018-12-25 00:00:00+09:00,1514.890824505937,1514.890824505937,1416.97714926348,1419.748291015625,24100,0.0,0.0
2018-12-26 00:00:00+09:00,1432.6803367097089,1456.6968994140625,1428.985480909039,1456.6968994140625,15800,0.0,0.0
2018-12-27 00:00:00+09:00,1509.348519398616,1541.678506044241,1502.8825220694907,1537.0599365234375,14300,0.0,0.0
2018-12-28 00:00:00+09:00,1525.9755174732436,1558.305507250219,1525.9755174732436,1548.1446533203125,13900,0.0,0.0
2018-12-31 00:00:00+09:00,1548.1446533203125,1548.1446533203125,1548.1446533203125,1548.1446533203125,0,0.0,0.0
2019-01-04 00:00:00+09:00,1532.441394302693,1548.1445309531725,1512.119688049131,1519.5093994140625,13600,0.0,0.0
2019-01-07 00:00:00+09:00,1556.45796851735,1597.1013813451027,1556.45796851735,1589.711669921875,16400,0.0,0.0
2019-01-08 00:00:00+09:00,1598.0251668769622,1598.0251668769622,1565.6951779517058,1581.3983154296875,15500,0.0,0.0
2019-01-09 00:00:00+09:00,1581.3982445707438,1598.9488092009099,1556.45796851735,1589.711669921875,18800,0.0,0.0
2019-01-10 00:00:00+09:00,1586.940673828125,1591.5592438916526,1573.0849636375417,1586.940673828125,20200,0.0,0.0
2019-01-11 00:00:00+09:00,1586.9404012091973,1586.9404012091973,1572.160979544851,1575.8558349609375,6000,0.0,0.0
2019-01-15 00:00:00+09:00,1578.6271308611283,1578.6271308611283,1535.2125754775864,1543.5260009765625,14400,0.0,0.0
2019-01-16 00:00:00+09:00,1539.831109540458,1539.831109540458,1491.7979855475944,1504.72998046875,13100,0.0,0.0
2019-01-17 00:00:00+09:00,1504.72998046875,1508.4248361605087,1489.0268437787754,1504.72998046875,9500,0.0,0.0
2019-01-18 00:00:00+09:00,1504.730035784212,1515.8146032669688,1489.0268985169735,1498.2640380859375,14000,0.0,0.0
2019-01-21 00:00:00+09:00,1499.1875881164885,1525.975289937424,1497.3401604046999,1517.661865234375,10500,0.0,0.0
2019-01-22 00:00:00+09:00,1517.6620460847591,1544.4497510978194,1508.4249064250832,1525.0517578125,17000,0.0,0.0
2019-01-23 00:00:00+09:00,1525.0517142993983,1561.076557944266,1525.0517142993983,1544.44970703125,9900,0.0,0.0
2019-01-24 00:00:00+09:00,1544.4498344089673,1544.4498344089673,1527.8229821246603,1529.67041015625,12600,0.0,0.0
2019-01-25 00:00:00+09:00,1542.6021838548756,1549.9918949152582,1523.2041923213712,1526.8990478515625,11700,0.0,0.0
2019-01-28 00:00:00+09:00,1526.8991305324798,1541.6785534535443,1506.577424016016,1531.5177001953125,7800,0.0,0.0
2019-01-29 00:00:00+09:00,1515.8147052299685,1522.280703363186,1506.5775650396579,1514.8909912109375,6500,0.0,0.0
2019-01-30 00:00:00+09:00,1519.509479779555,1519.509479779555,1479.7897790923084,1481.63720703125,16300,0.0,0.0
2019-01-31 00:00:00+09:00,1477.942456997198,1487.1795973534304,1435.4516113585285,1483.4847412109375,36100,0.0,0.0
2019-02-01 00:00:00+09:00,1487.1795495272274,1493.6455475686503,1477.0186954621347,1489.0269775390625,17500,0.0,0.0
2019-02-04 00:00:00+09:00,1503.8063921505177,1561.07666015625,1496.4166801497781,1561.07666015625,34300,0.0,0.0
2019-02-05 00:00:00+09:00,1560.152988496668,1570.3138427734375,1541.6787079934513,1570.3138427734375,11200,0.0,0.0
2019-02-06 00:00:00+09:00,1567.5425902180798,1611.880860300854,1564.7714483379066,1583.2457275390625,32200,0.0,0.0
2019-02-07 00:00:00+09:00,1567.5425946310918,1582.322018033624,1550.9157433032428,1568.46630859375,22400,0.0,0.0
2019-02-08 00:00:00+09:00,1548.1446562800304,1573.0849341556632,1537.0600883353045,1562.0003662109375,18100,0.0,0.0
2019-02-12 00:00:00+09:00,1569.3900574337606,1579.5509112488114,1538.9074959886082,1578.627197265625,32600,0.0,0.0
2019-02-13 00:00:00+09:00,1586.9406683320683,1586.9406683320683,1541.6786818662526,1559.229248046875,9900,0.0,0.0
2019-02-14 00:00:00+09:00,1570.313746615928,1613.7283031400154,1570.313746615928,1610.033447265625,16000,0.0,0.0
2019-02-15 00:00:00+09:00,1613.7282081126061,1613.7282081126061,1570.313654145066,1592.4827880859375,6900,0.0,0.0
2019-02-18 00:00:00+09:00,1613.728263593102,1614.6519775390625,1605.414838079457,1614.6519775390625,9400,0.0,0.0
2019-02-19 00:00:00+09:00,1608.1861094325764,1616.499535615743,1603.567539330817,1613.7283935546875,7400,0.0,0.0
2019-02-20 00:00:00+09:00,1611.8809997072533,1625.7367103064562,1585.0932925487948,1623.8892822265625,10800,0.0,0.0
2019-02-21 00:00:00+09:00,1618.3469502601135,1618.3469502601135,1571.2375356121306,1586.940673828125,16600,0.0,0.0
2019-02-22 00:00:00+09:00,1589.7117208668262,1598.025146484375,1565.6951579716854,1598.025146484375,11000,0.0,0.0
2019-02-25 00:00:00+09:00,1615.575592862979,1615.575592862979,1586.9404622862196,1611.8807373046875,16400,0.0,0.0
2019-02-26 00:00:00+09:00,1600.796375995878,1606.3386600443346,1581.3983818262798,1587.8643798828125,11100,0.0,0.0
2019-02-27 00:00:00+09:00,1587.8642185149226,1602.6436411421703,1579.5507932870958,1592.4827880859375,9100,0.0,0.0
2019-02-28 00:00:00+09:00,1580.4746126283223,1598.9488921447257,1579.5508986525022,1594.330322265625,10200,0.0,0.0
2019-03-01 00:00:00+09:00,1582.322064205442,1595.2540600600107,1582.322064205442,1591.5592041015625,5800,0.0,0.0
2019-03-04 00:00:00+09:00,1598.0250679103808,1613.7282044158585,1578.6270757565553,1607.26220703125,7600,0.0,0.0
2019-03-05 00:00:00+09:00,1589.7116816715825,1603.5673906925433,1588.7879677368517,1602.6436767578125,6400,0.0,0.0
2019-03-06 00:00:00+09:00,1594.3301120413705,1598.024967457457,1565.6949825666993,1575.8558349609375,11800,0.0,0.0
2019-03-07 00:00:00+09:00,1572.161164444383,1579.5508761456492,1557.3817410418508,1568.46630859375,13300,0.0,0.0
2019-03-08 00:00:00+09:00,1506.5774045254323,1548.1445309531725,1506.5774045254323,1519.5093994140625,25900,0.0,0.0
2019-03-11 00:00:00+09:00,1526.8990991916037,1553.6868026861932,1509.3485348330794,1535.2125244140625,8900,0.0,0.0
2019-03-12 00:00:00+09:00,1554.6104423735505,1577.7032891111255,1552.7630146345446,1558.3052978515625,9600,0.0,0.0
2019-03-13 00:00:00+09:00,1561.0765775686202,1574.932286836981,1540.7548706416915,1556.4580078125,5000,0.0,0.0
2019-03-14 00:00:00+09:00,1552.763172243481,1552.763172243481,1528.7466091986682,1539.8311767578125,6700,0.0,0.0
2019-03-15 00:00:00+09:00,1554.6106058756511,1596.177734375,1535.2126125759548,1596.177734375,16800,0.0,0.0
2019-03-18 00:00:00+09:00,1587.8642613397442,1634.049958295525,1582.3219777050506,1630.3551025390625,8400,0.0,0.0
2019-03-19 00:00:00+09:00,1629.4312488186742,1629.4312488186742,1574.9321310860769,1603.5672607421875,5900,0.0,0.0
2019-03-20 00:00:00+09:00,1624.8127689172725,1681.1593174698328,1615.5756298102954,1679.3118896484375,36500,0.0,0.0
2019-03-22 00:00:00+09:00,1681.1595087466033,1725.4977815047553,1679.3120807150135,1699.6337890625,15600,0.0,0.0
2019-03-25 00:00:00+09:00,1699.6336756343335,1699.6336756343335,1660.8376895600716,1670.0748291015625,11800,0.0,0.0
2019-03-26 00:00:00+09:00,1665.4562636784144,1674.6934032440186,1655.29541015625,1655.29541015625,13300,0.0,0.0
2019-03-27 00:00:00+09:00,1672.9245672429975,1694.265257784644,1645.0888839278061,1691.481689453125,9300,8.0,0.0
2019-03-28 00:00:00+09:00,1666.4296783603054,1666.4296783603054,1631.171143962927,1635.8104248046875,8700,0.0,0.0
2019-03-29 00:00:00+09:00,1610.758303299606,1630.2432827750047,1580.1390498382657,1619.1090087890625,11300,0.0,0.0
2019-04-01 00:00:00+09:00,1660.8625469111487,1664.5739715969837,1645.0889919963502,1654.3675537109375,7500,0.0,0.0
2019-04-02 00:00:00+09:00,1663.6461157007602,1663.6461157007602,1647.8725607833521,1655.29541015625,3200,0.0,0.0
2019-04-03 00:00:00+09:00,1655.2954076804579,1655.2954076804579,1625.6040102332747,1646.9447021484375,5800,0.0,0.0
2019-04-04 00:00:00+09:00,1659.0067059135977,1659.0067059135977,1632.0988790279746,1637.666015625,6800,0.0,0.0
2019-04-05 00:00:00+09:00,1654.3675539846377,1660.8625471859234,1633.0268620375562,1655.29541015625,8400,0.0,0.0
2019-04-08 00:00:00+09:00,1664.5739699381418,1670.1411069613464,1641.3775656747898,1648.8004150390625,4100,0.0,0.0
2019-04-09 00:00:00+09:00,1659.0068337429775,1660.8625460849719,1650.6561282040027,1651.583984375,6000,0.0,0.0
2019-04-10 00:00:00+09:00,1659.0068337429775,1660.8625460849719,1650.6561282040027,1651.583984375,6000,0.0,0.0
2019-04-11 00:00:00+09:00,1652.5119601978975,1654.3676726742567,1640.4498291015625,1640.4498291015625,1600,0.0,0.0
2019-04-12 00:00:00+09:00,1652.51171875,1654.3674309552218,1640.4495894160584,1652.51171875,3600,0.0,0.0
2019-04-15 00:00:00+09:00,1659.934819699122,1685.9147945183367,1652.5119697507748,1684.05908203125,17300,0.0,0.0
2019-04-16 00:00:00+09:00,1678.4918234388974,1686.8425290281457,1656.2232752009022,1685.9146728515625,6300,0.0,0.0
2019-04-17 00:00:00+09:00,1685.9146725826852,1685.9146725826852,1671.0689737597227,1684.98681640625,6300,0.0,0.0
2019-04-18 00:00:00+09:00,1684.9868059705427,1684.9868059705427,1642.3054221188659,1649.728271484375,5300,0.0,0.0
2019-04-19 00:00:00+09:00,1645.0889925403756,1672.924677693343,1645.0889925403756,1656.2232666015625,1800,0.0,0.0
2019-04-22 00:00:00+09:00,1656.2232644033352,1656.2232644033352,1637.6661409926535,1648.8004150390625,3200,0.0,0.0
2019-04-23 00:00:00+09:00,1648.8004144888864,1651.58398299956,1623.7482978928258,1646.9447021484375,7900,0.0,0.0
2019-04-24 00:00:00+09:00,1650.6559878455269,1650.6559878455269,1594.0567662274398,1603.3353271484375,13200,0.0,0.0
2019-04-25 00:00:00+09:00,1607.9747297489098,1613.541866724382,1581.066901034127,1602.4075927734375,14700,0.0,0.0
2019-04-26 00:00:00+09:00,1602.4076000154869,1634.8825658525118,1602.4076000154869,1626.5318603515625,8100,0.0,0.0
2019-05-07 00:00:00+09:00,1623.7482918512462,1668.285387856309,1623.7482918512462,1626.5318603515625,10900,0.0,0.0
2019-05-08 00:00:00+09:00,1650.6559632852432,1650.6559632852432,1519.828256245772,1543.024658203125,50400,0.0,0.0
2019-05-09 00:00:00+09:00,1531.8903485512246,1531.8903485512246,1451.1668716742067,1454.8782958984375,38400,0.0,0.0
2019-05-10 00:00:00+09:00,1529.1070374701433,1540.2413120148287,1451.1671156573448,1456.7342529296875,38100,0.0,0.0
2019-05-13 00:00:00+09:00,1471.5798097480456,1472.5076658702071,1401.9906005859375,1401.9906005859375,14000,0.0,0.0
2019-05-14 00:00:00+09:00,1396.4234880171482,1483.6419650095813,1383.433502082105,1475.291259765625,21600,0.0,0.0
2019-05-15 00:00:00+09:00,1491.992660434373,1491.992660434373,1438.177004771939,1446.5277099609375,12900,0.0,0.0
2019-05-16 00:00:00+09:00,1448.3833035060338,1460.4454322347835,1433.537606609111,1454.8782958984375,13700,0.0,0.0
2019-05-17 00:00:00+09:00,1469.7241164256693,1469.7241164256693,1440.9605762683486,1455.8062744140625,13200,0.0,0.0
2019-05-20 00:00:00+09:00,1465.0849555243565,1465.0849555243565,1438.177125435562,1443.7442626953125,7300,0.0,0.0
2019-05-21 00:00:00+09:00,1453.9505640035964,1471.5798305741569,1446.527714921255,1461.3734130859375,7800,0.0,0.0
2019-05-22 00:00:00+09:00,1481.786242338657,1481.786242338657,1444.6719970703125,1444.6719970703125,8600,0.0,0.0
2019-05-23 00:00:00+09:00,1455.8062712820467,1455.8062712820467,1435.3934363756064,1446.5277099609375,8400,0.0,0.0
2019-05-24 00:00:00+09:00,1447.4556908091163,1465.0849588382016,1428.8985665679736,1456.7342529296875,15700,0.0,0.0
2019-05-27 00:00:00+09:00,1459.5176005506544,1522.6118134161627,1459.5176005506544,1515.18896484375,10200,0.0,0.0
2019-05-28 00:00:00+09:00,1510.5499112841107,1510.5499112841107,1449.3114013671875,1449.3114013671875,11000,0.0,0.0
2019-05-29 00:00:00+09:00,1453.022716942903,1493.8483871507497,1448.383436237466,1489.2091064453125,8700,0.0,0.0
2019-05-30 00:00:00+09:00,1489.2091036918468,1491.9926721099623,1457.6619949532032,1480.8583984375,6400,0.0,0.0
2019-05-31 00:00:00+09:00,1480.8584035836757,1500.3433825781976,1480.8584035836757,1496.6319580078125,10900,0.0,0.0
2019-06-03 00:00:00+09:00,1466.9406733642734,1480.858516565073,1465.0849609375,1465.0849609375,6100,0.0,0.0
2019-06-04 00:00:00+09:00,1465.0848422452339,1475.291259765625,1442.816294928017,1475.291259765625,8500,0.0,0.0
2019-06-05 00:00:00+09:00,1476.2192452803492,1511.477781622683,1463.2292582068578,1504.9827880859375,10400,0.0,0.0
2019-06-06 00:00:00+09:00,1509.6219440041607,1515.1890808597384,1489.2091088670422,1496.6319580078125,6300,0.0,0.0
2019-06-07 00:00:00+09:00,1500.3432735630497,1530.9625240439282,1492.9204249616246,1530.03466796875,6500,0.0,0.0
2019-06-10 00:00:00+09:00,1544.8804952083021,1555.086912894363,1535.6019336755196,1551.37548828125,8200,0.0,0.0
2019-06-11 00:00:00+09:00,1551.375493195863,1567.1490478515625,1534.674082383946,1567.1490478515625,6200,0.0,0.0
2019-06-12 00:00:00+09:00,1556.9425012236304,1560.6539255412076,1547.6639404296875,1547.6639404296875,5500,0.0,0.0
2019-06-13 00:00:00+09:00,1543.9526473398003,1583.850462144855,1537.4576542320006,1578.2833251953125,11100,0.0,0.0
2019-06-14 00:00:00+09:00,1584.7783306657416,1619.1090087890625,1580.1390498382657,1619.1090087890625,17000,0.0,0.0
2019-06-17 00:00:00+09:00,1650.655992895536,1650.655992895536,1595.9124832941663,1616.3253173828125,31700,0.0,0.0
2019-06-18 00:00:00+09:00,1606.1189838069502,1607.0468399501083,1496.6319589142752,1499.41552734375,36800,0.0,0.0
2019-06-19 00:00:00+09:00,1531.8905087738676,1550.4476318359375,1523.5398033959364,1550.4476318359375,19600,0.0,0.0
2019-06-20 00:00:00+09:00,1553.2313194850447,1553.2313194850447,1517.044926737185,1537.457763671875,6800,0.0,0.0
2019-06-21 00:00:00+09:00,1552.3033502096262,1578.283322598072,1541.1690763288639,1569.9326171875,10100,0.0,0.0
2019-06-24 00:00:00+09:00,1567.1490449433954,1569.9326134068829,1486.4255595022614,1557.8704833984375,14000,0.0,0.0
2019-06-25 00:00:00+09:00,1571.7881984939393,1575.4996228115165,1543.024660032716,1547.6639404296875,7600,0.0,0.0
2019-06-26 00:00:00+09:00,1553.2311922616332,1570.8604590794175,1516.1169463294557,1525.3955078125,12100,0.0,0.0
2019-06-27 00:00:00+09:00,1520.7562210759506,1524.4676456545374,1505.9105227616033,1506.83837890625,9900,0.0,0.0
2019-06-28 00:00:00+09:00,1498.487669382036,1523.539785216906,1492.9205325298426,1493.848388671875,10400,0.0,0.0
2019-07-01 00:00:00+09:00,1496.6319729731633,1543.95263671875,1496.6319729731633,1543.95263671875,8100,0.0,0.0
2019-07-02 00:00:00+09:00,1581.0669038077506,1612.614013390769,1551.3755065531448,1611.6861572265625,23500,0.0,0.0
2019-07-03 00:00:00+09:00,1597.7683085538904,1607.0468701598943,1590.345459269087,1591.2733154296875,8100,0.0,0.0
2019-07-04 00:00:00+09:00,1602.4074710563377,1612.6138880694355,1575.4996443854438,1603.3353271484375,3900,0.0,0.0
2019-07-05 00:00:00+09:00,1575.4997679191645,1619.1090076672215,1569.932630930051,1615.3975830078125,16300,0.0,0.0
2019-07-08 00:00:00+09:00,1597.7683074077202,1604.2633005272637,1581.9947526888286,1587.5618896484375,10500,0.0,0.0
2019-07-09 00:00:00+09:00,1587.5617718289773,1605.1910375593984,1571.788218280706,1598.696044921875,9100,0.0,0.0
2019-07-10 00:00:00+09:00,1614.469584943561,1614.469584943561,1564.3653564453125,1564.3653564453125,19800,0.0,0.0
2019-07-11 00:00:00+09:00,1564.365489831529,1607.9747294650294,1563.437633669114,1601.479736328125,8400,0.0,0.0
2019-07-12 00:00:00+09:00,1620.036860718479,1620.036860718479,1593.1290319894779,1605.191162109375,8000,0.0,0.0
2019-07-16 00:00:00+09:00,1588.4897326117948,1588.4897326117948,1543.952637304922,1545.808349609375,8200,0.0,0.0
2019-07-17 00:00:00+09:00,1541.1689333227826,1541.1689333227826,1505.9104026386972,1511.4775390625,13400,0.0,0.0
2019-07-18 00:00:00+09:00,1510.5497976903232,1523.539783665547,1476.2191204700885,1489.2091064453125,15300,0.0,0.0
2019-07-19 00:00:00+09:00,1489.209236112435,1525.3956287656345,1489.209236112435,1520.75634765625,6100,0.0,0.0
2019-07-22 00:00:00+09:00,1528.1790674735148,1528.1790674735148,1498.4876708984375,1498.4876708984375,6400,0.0,0.0
2019-07-23 00:00:00+09:00,1510.5498082602896,1530.9626435070502,1510.5498082602896,1521.68408203125,4300,0.0,0.0
2019-07-24 00:00:00+09:00,1523.5398005072716,1552.3033411989436,1506.838389783075,1541.1690673828125,12100,0.0,0.0
2019-07-25 00:00:00+09:00,1567.1490501534188,1574.5718994140625,1544.8805023714874,1574.5718994140625,10100,0.0,0.0
2019-07-26 00:00:00+09:00,1571.788323357318,1571.788323357318,1542.096926458006,1550.4476318359375,4500,0.0,0.0
2019-07-29 00:00:00+09:00,1541.169069723286,1556.9426243200926,1536.5297889595192,1548.5919189453125,3000,0.0,0.0
2019-07-30 00:00:00+09:00,1548.5919255827055,1569.9326171875,1536.5297955452127,1569.9326171875,7400,0.0,0.0
2019-07-31 00:00:00+09:00,1543.9526381815458,1564.3654735421192,1543.9526381815458,1548.5919189453125,7400,0.0,0.0
2019-08-01 00:00:00+09:00,1530.962654059144,1556.0147702164752,1530.962654059144,1555.0869140625,5300,0.0,0.0
2019-08-02 00:00:00+09:00,1553.2313112686036,1553.2313112686036,1497.5599381048544,1504.054931640625,14900,0.0,0.0
2019-08-05 00:00:00+09:00,1490.136961671446,1491.0648178119636,1457.6619967533259,1486.425537109375,13300,0.0,0.0
2019-08-06 00:00:00+09:00,1456.734258669671,1504.9827818867554,1428.8985721982758,1479.9306640625,14400,0.0,0.0
2019-08-07 00:00:00+09:00,1517.0448176440732,1585.7061733050282,1509.6219683834295,1574.5718994140625,32900,0.0,0.0
2019-08-08 00:00:00+09:00,1573.6440296600547,1620.0368371382401,1531.8905029296875,1531.8905029296875,26100,0.0,0.0
2019-08-09 00:00:00+09:00,1550.44763445173,1562.5097644624257,1542.0969290597097,1558.79833984375,10100,0.0,0.0
2019-08-13 00:00:00+09:00,1544.8803721915046,1576.4274788909106,1541.1689478739274,1547.6639404296875,16200,0.0,0.0
2019-08-14 00:00:00+09:00,1555.0869220859008,1582.9226068487749,1544.8805043395137,1581.06689453125,6600,0.0,0.0
2019-08-15 00:00:00+09:00,1543.9526387642131,1579.2111725821458,1535.6019333862816,1550.4476318359375,8200,0.0,0.0
2019-08-16 00:00:00+09:00,1550.447626220112,1550.447626220112,1532.818359375,1532.818359375,4400,0.0,0.0
2019-08-19 00:00:00+09:00,1534.674072265625,1543.9526337666264,1532.8183599654246,1534.674072265625,3800,0.0,0.0
2019-08-20 00:00:00+09:00,1551.3753712791,1570.8603490284188,1549.5196591124982,1564.3653564453125,8800,0.0,0.0
2019-08-21 00:00:00+09:00,1556.014765210005,1558.7983336629745,1539.3133544921875,1539.3133544921875,4500,0.0,0.0
2019-08-22 00:00:00+09:00,1545.808469690612,1554.1591757093486,1535.602051223267,1537.457763671875,8000,0.0,0.0
2019-08-23 00:00:00+09:00,1549.5198948104362,1557.8706008303727,1532.8184827705632,1538.3856201171875,9700,0.0,0.0
2019-08-26 00:00:00+09:00,1530.9626283771506,1530.9626283771506,1470.651979380475,1476.2191162109375,20000,0.0,0.0
2019-08-27 00:00:00+09:00,1501.2713570239027,1501.2713570239027,1479.9306640625,1479.9306640625,5600,0.0,0.0
2019-08-28 00:00:00+09:00,1493.8484905837872,1493.8484905837872,1415.9085693359375,1415.9085693359375,29400,0.0,0.0
2019-08-29 00:00:00+09:00,1417.764285786617,1444.6721158179075,1401.0628740430575,1431.68212890625,14400,0.0,0.0
2019-08-30 00:00:00+09:00,1431.6820197746206,1484.5698195977918,1431.6820197746206,1470.6519775390625,15300,0.0,0.0
2019-09-02 00:00:00+09:00,1475.2912670263129,1500.3433828814766,1470.6519863123935,1497.559814453125,6900,0.0,0.0
2019-09-03 00:00:00+09:00,1489.2091091680704,1521.684074165505,1485.4976845969352,1497.559814453125,14300,0.0,0.0
2019-09-04 00:00:00+09:00,1478.0748294078871,1498.487664465623,1478.0748294078871,1479.002685546875,8800,0.0,0.0
2019-09-05 00:00:00+09:00,1479.9305483374264,1501.2712396300665,1470.6519869058438,1499.41552734375,14800,0.0,0.0
2019-09-06 00:00:00+09:00,1492.920771413161,1492.920771413161,1455.8065197931942,1463.2293701171875,11400,0.0,0.0
2019-09-09 00:00:00+09:00,1455.8062844722906,1486.425537109375,1447.4555792076312,1486.425537109375,16400,0.0,0.0
2019-09-10 00:00:00+09:00,1483.6419643911365,1492.9205257694427,1455.8062802562185,1473.435546875,22200,0.0,0.0
2019-09-11 00:00:00+09:00,1464.1569921268438,1499.4155255240682,1440.0327324340062,1493.848388671875,22700,0.0,0.0
2019-09-12 00:00:00+09:00,1510.5499191810345,1510.5499191810345,1461.3735397482367,1479.9306640625,26800,0.0,0.0
2019-09-13 00:00:00+09:00,1492.9205328327466,1504.0548065393923,1453.9505748594866,1494.7762451171875,53200,0.0,0.0
2019-09-17 00:00:00+09:00,1484.5698229949876,1491.9926721099623,1466.940556346922,1480.8583984375,18500,0.0,0.0
2019-09-18 00:00:00+09:00,1466.0125685711296,1474.3632730756487,1445.5997353378607,1454.8782958984375,36200,0.0,0.0
2019-09-19 00:00:00+09:00,1452.0949824798527,1512.4056367042556,1448.3835576045049,1500.343505859375,32800,0.0,0.0
2019-09-20 00:00:00+09:00,1501.2714925421894,1553.2314453125,1475.291516157034,1553.2314453125,42500,0.0,0.0
2019-09-24 00:00:00+09:00,1535.6019307674771,1547.664060737252,1529.1069377068293,1542.096923828125,17800,0.0,0.0
2019-09-25 00:00:00+09:00,1550.4475086678704,1553.2310769060532,1523.5396823654357,1547.6639404296875,23600,0.0,0.0
2019-09-26 00:00:00+09:00,1552.3032130210706,1566.2210541420006,1513.3332578824663,1528.178955078125,22200,0.0,0.0
2019-09-27 00:00:00+09:00,1554.5594288478387,1554.5594288478387,1484.8397938570872,1512.162353515625,27700,25.0,0.0
2019-09-30 00:00:00+09:00,1500.8565673828125,1507.4516684322034,1490.4928371623412,1500.8565673828125,15500,0.0,0.0
2019-10-01 00:00:00+09:00,1511.2202935212945,1533.8320684867003,1511.2202935212945,1531.94775390625,10400,0.0,0.0
2019-10-02 00:00:00+09:00,1537.6007303296622,1573.4027081192007,1535.7164157091602,1561.1546630859375,17600,0.0,0.0
2019-10-03 00:00:00+09:00,1536.658455158102,1536.658455158102,1509.3358952564558,1530.0633544921875,8700,0.0,0.0
2019-10-04 00:00:00+09:00,1522.526096588285,1530.0633544921875,1511.2202097324314,1530.0633544921875,6600,0.0,0.0
2019-10-07 00:00:00+09:00,1530.063325162137,1540.4270545813388,1519.6995957429353,1525.3525390625,8300,0.0,0.0
2019-10-08 00:00:00+09:00,1531.0056440669334,1547.9644758165978,1524.4105428309529,1535.7164306640625,7800,0.0,0.0
2019-10-09 00:00:00+09:00,1530.0634251644738,1557.385986328125,1507.4516504083485,1557.385986328125,13900,0.0,0.0
2019-10-10 00:00:00+09:00,1561.154559591542,1561.154559591542,1537.600628396739,1560.21240234375,13800,0.0,0.0
2019-10-11 00:00:00+09:00,1560.2123889212355,1560.2123889212355,1530.06335725126,1542.3114013671875,6900,0.0,0.0
2019-10-15 00:00:00+09:00,1563.9811183306217,1574.3448486328125,1558.3281745294266,1574.3448486328125,12400,0.0,0.0
2019-10-16 00:00:00+09:00,1580.9397527985075,1586.5926958955224,1551.732880130597,1578.11328125,13900,0.0,0.0
2019-10-17 00:00:00+09:00,1563.0388214257346,1579.0554940985721,1563.0388214257346,1575.286865234375,11500,0.0,0.0
2019-10-18 00:00:00+09:00,1575.2869524998148,1594.130097864645,1571.5183234268488,1589.4193115234375,10400,0.0,0.0
2019-10-21 00:00:00+09:00,1597.898644545053,1599.782958984375,1594.130015666409,1599.782958984375,4800,0.0,0.0
2019-10-23 00:00:00+09:00,1600.725282647244,1662.9076656105863,1593.188024106233,1646.8909912109375,35700,0.0,0.0
2019-10-24 00:00:00+09:00,1662.9075581411298,1677.0399169921875,1654.428142830495,1677.0399169921875,12100,0.0,0.0
2019-10-25 00:00:00+09:00,1694.9408914199769,1722.2634516485368,1681.7506899303273,1702.4781494140625,32100,0.0,0.0
2019-10-28 00:00:00+09:00,1699.651685655382,1699.651685655382,1682.6928550889756,1695.883056640625,6700,0.0,0.0
2019-10-29 00:00:00+09:00,1700.593851457409,1704.3624804911096,1642.1801014350494,1645.94873046875,28900,0.0,0.0
2019-10-30 00:00:00+09:00,1728.8585366574468,1767.4869835255422,1728.8585366574468,1759.007568359375,79000,0.0,0.0
2019-10-31 00:00:00+09:00,1751.470291954547,1771.2555938001874,1733.569304570396,1759.94970703125,19900,0.0,0.0
2019-11-01 00:00:00+09:00,1759.9497441887727,1759.9497441887727,1740.1644419254087,1758.0654296875,7300,0.0,0.0
2019-11-05 00:00:00+09:00,1766.5448892887055,1827.7851121173805,1759.0076310944069,1792.92529296875,42800,0.0,0.0
2019-11-06 00:00:00+09:00,1808.9420731707316,1808.9420731707316,1735.4538014481707,1738.2802734375,35400,0.0,0.0
2019-11-07 00:00:00+09:00,1742.9909574315227,1796.6939220658994,1742.9909574315227,1792.92529296875,29700,0.0,0.0
2019-11-08 00:00:00+09:00,1797.6361884520309,1797.6361884520309,1744.8753778894975,1762.7763671875,16500,0.0,0.0
2019-11-11 00:00:00+09:00,1766.544897345048,1786.3302001953125,1741.106650823279,1786.3302001953125,18100,0.0,0.0
2019-11-12 00:00:00+09:00,1778.7928652457604,1790.0987521011361,1751.4703053452695,1777.8507080078125,11800,0.0,0.0
2019-11-13 00:00:00+09:00,1779.735016836651,1779.735016836651,1745.8173563781443,1753.3546142578125,6400,0.0,0.0
2019-11-14 00:00:00+09:00,1751.470286150838,1757.123229516575,1731.6849843707587,1735.45361328125,11400,0.0,0.0
2019-11-15 00:00:00+09:00,1759.007568359375,1767.4869835255422,1744.875209749096,1759.007568359375,22000,0.0,0.0
2019-11-18 00:00:00+09:00,1759.9499037582987,1760.8920610943578,1751.4704877337672,1756.1812744140625,5800,0.0,0.0
2019-11-19 00:00:00+09:00,1749.586009149966,1777.8507265837295,1747.7016946543818,1776.9085693359375,7500,0.0,0.0
2019-11-20 00:00:00+09:00,1779.7350096508253,1814.5948272035414,1768.4291228769714,1803.2889404296875,27000,0.0,0.0
2019-11-21 00:00:00+09:00,1792.925311580943,1794.8096261490784,1764.66059305891,1791.983154296875,15500,0.0,0.0
2019-11-22 00:00:00+09:00,1807.999684861869,1826.8428290501115,1802.3467416053961,1824.016357421875,19400,0.0,0.0
2019-11-25 00:00:00+09:00,1825.9008165233145,1826.8429738073821,1789.1566824446718,1791.983154296875,14100,0.0,0.0
2019-11-26 00:00:00+09:00,1797.6361103651986,1797.6361103651986,1753.3547177094522,1754.296875,11800,0.0,0.0
2019-11-27 00:00:00+09:00,1755.2390446275047,1777.850819759582,1753.3547300331647,1772.1978759765625,14600,0.0,0.0
2019-11-28 00:00:00+09:00,1774.082124200238,1774.082124200238,1757.1232934856314,1769.371337890625,8600,0.0,0.0
2019-11-29 00:00:00+09:00,1755.239046606368,1788.2145520444908,1755.239046606368,1784.4459228515625,8000,0.0,0.0
2019-12-02 00:00:00+09:00,1800.4624952094127,1807.999753169473,1788.2144510243147,1795.751708984375,10900,0.0,0.0
2019-12-03 00:00:00+09:00,1793.867526640952,1807.0577290427236,1769.371436466233,1801.40478515625,14700,0.0,0.0
2019-12-04 00:00:00+09:00,1786.3302515332946,1819.30575723143,1786.3302515332946,1814.594970703125,15300,0.0,0.0
2019-12-05 00:00:00+09:00,1814.5948672128654,1831.5536977475651,1807.999766449371,1813.6527099609375,26200,0.0,0.0
2019-12-06 00:00:00+09:00,1820.2478053703408,1859.8184098349132,1820.2478053703408,1832.495849609375,25600,0.0,0.0
2019-12-09 00:00:00+09:00,1845.6861617899388,1845.6861617899388,1798.5782965068877,1814.594970703125,15100,0.0,0.0
2019-12-10 00:00:00+09:00,1825.9008676250157,1875.835205078125,1821.1900810728355,1875.835205078125,35100,0.0,0.0
2019-12-11 00:00:00+09:00,1894.6783369998047,1894.6783369998047,1832.4959549799205,1845.6861572265625,33400,0.0,0.0
2019-12-12 00:00:00+09:00,1863.587133537371,1863.587133537371,1824.9586843588916,1827.78515625,7600,0.0,0.0
2019-12-13 00:00:00+09:00,1862.6449971433547,1862.6449971433547,1831.5538059922517,1839.091064453125,21900,0.0,0.0
2019-12-16 00:00:00+09:00,1840.03310223729,1848.5125174549735,1805.1732841201474,1807.999755859375,13700,0.0,0.0
2019-12-17 00:00:00+09:00,1832.4958787184496,1837.2066650390625,1808.9419471153847,1837.2066650390625,10800,0.0,0.0
2019-12-18 00:00:00+09:00,1837.2066765430711,1837.2066765430711,1771.255667641525,1799.5203857421875,13600,0.0,0.0
2019-12-19 00:00:00+09:00,1799.5202728108288,1799.5202728108288,1760.8918271641041,1761.833984375,12400,0.0,0.0
2019-12-20 00:00:00+09:00,1758.0654111186898,1791.0409145426738,1747.701681471152,1759.007568359375,15700,0.0,0.0
2019-12-23 00:00:00+09:00,1762.7761571160677,1772.1977293080297,1748.643798828125,1748.643798828125,9900,0.0,0.0
2019-12-24 00:00:00+09:00,1748.643873177646,1751.4703449554115,1728.8585707332868,1744.875244140625,10100,0.0,0.0
2019-12-25 00:00:00+09:00,1753.354713456563,1753.354713456563,1725.0899948086874,1729.80078125,8600,0.0,0.0
2019-12-26 00:00:00+09:00,1726.032109353976,1753.3546700369811,1713.7840649098703,1750.5281982421875,12700,0.0,0.0
2019-12-27 00:00:00+09:00,1768.4291920459568,1785.3880228700523,1724.1478004497076,1731.68505859375,9300,0.0,0.0
2019-12-30 00:00:00+09:00,1723.2055325125407,1748.6437771149674,1698.709445117611,1737.337890625,8200,0.0,0.0
2020-01-06 00:00:00+09:00,1703.420282468785,1706.2467541764213,1678.9241943359375,1678.9241943359375,15300,0.0,0.0
2020-01-07 00:00:00+09:00,1685.5193557527916,1713.7840738481432,1679.8664121337213,1700.5938720703125,10600,0.0,0.0
2020-01-08 00:00:00+09:00,1700.593805683572,1711.8996924803603,1673.271245924667,1697.767333984375,19000,0.0,0.0
2020-01-09 00:00:00+09:00,1700.5938140521032,1737.337946322481,1700.5938140521032,1734.511474609375,8200,0.0,0.0
2020-01-10 00:00:00+09:00,1738.2802219863765,1742.048851193935,1707.1890310240185,1710.0155029296875,5800,0.0,0.0
2020-01-14 00:00:00+09:00,1727.9164540569534,1727.9164540569534,1684.5772191133221,1711.8997802734375,11600,0.0,0.0
2020-01-15 00:00:00+09:00,1715.6683026661292,1715.6683026661292,1683.6349570919126,1698.70947265625,10800,0.0,0.0
2020-01-16 00:00:00+09:00,1689.287961329771,1693.0565903567197,1673.2712879652388,1677.0399169921875,5500,0.0,0.0
2020-01-17 00:00:00+09:00,1680.8086290806953,1683.6351009905843,1661.965483014768,1666.67626953125,5500,0.0,0.0
2020-01-20 00:00:00+09:00,1666.6763051640892,1682.692979662557,1651.6017879890605,1652.5439453125,13500,0.0,0.0
2020-01-21 00:00:00+09:00,1650.6594579825128,1680.8084891785404,1636.527099609375,1636.527099609375,21400,0.0,0.0
2020-01-22 00:00:00+09:00,1630.8743002087251,1673.2713790703037,1630.8743002087251,1660.0811767578125,12800,0.0,0.0
2020-01-23 00:00:00+09:00,1659.1389001980633,1684.5771456866198,1650.6594850352112,1672.3291015625,8900,0.0,0.0
2020-01-24 00:00:00+09:00,1678.9241134643555,1692.1143141313032,1658.1966552734375,1658.1966552734375,14300,0.0,0.0
2020-01-27 00:00:00+09:00,1630.8741690652412,1634.6427979943346,1607.3202382584063,1611.0888671875,14200,0.0,0.0
2020-01-28 00:00:00+09:00,1604.4938429410267,1634.6428758089733,1590.361483784177,1619.568359375,14300,0.0,0.0
2020-01-29 00:00:00+09:00,1613.9154029038373,1626.163447409237,1601.6673583984375,1601.6673583984375,10300,0.0,0.0
2020-01-30 00:00:00+09:00,1601.6672890996142,1608.262389701789,1577.1712011486788,1586.5927734375,10700,0.0,0.0
2020-01-31 00:00:00+09:00,1609.2046352518944,1612.0311070936718,1592.2458042012304,1600.7252197265625,7700,0.0,0.0
2020-02-03 00:00:00+09:00,1579.9977445917066,1592.2457891234253,1569.6340146033294,1570.576171875,10900,0.0,0.0
2020-02-04 00:00:00+09:00,1574.344753480569,1677.9820502387151,1572.460438994057,1653.4859619140625,22200,0.0,0.0
2020-02-05 00:00:00+09:00,1659.1390156548143,1682.6929483018162,1613.9154649725706,1635.5850830078125,35200,0.0,0.0
2020-02-06 00:00:00+09:00,1658.1968892531356,1665.73414784065,1637.4694281374714,1652.5439453125,22500,0.0,0.0
2020-02-07 00:00:00+09:00,1666.6762113760926,1672.3291549986232,1642.1801223451268,1657.254638671875,12500,0.0,0.0
2020-02-10 00:00:00+09:00,1626.163464810172,1650.6595540830947,1620.5105211318053,1644.064453125,7600,0.0,0.0
2020-02-12 00:00:00+09:00,1635.584998107699,1672.3291311297037,1632.7585263367755,1633.70068359375,17200,0.0,0.0
2020-02-13 00:00:00+09:00,1632.7586614623885,1675.1557415349837,1628.9900321226023,1663.849853515625,20600,0.0,0.0
2020-02-14 00:00:00+09:00,1663.8495984164151,1666.676069987904,1643.122140225497,1658.1966552734375,13700,0.0,0.0
2020-02-17 00:00:00+09:00,1635.584947287238,1637.469261742638,1612.0310165947374,1617.6839599609375,5000,0.0,0.0
2020-02-18 00:00:00+09:00,1611.0888315624536,1611.0888315624536,1573.4025431048522,1581.8819580078125,12500,0.0,0.0
2020-02-19 00:00:00+09:00,1588.4771144384415,1604.4937875970736,1574.3447557690604,1579.0555419921875,9300,0.0,0.0
2020-02-20 00:00:00+09:00,1582.824170970689,1601.6673158631972,1579.0555419921875,1579.0555419921875,8100,0.0,0.0
2020-02-21 00:00:00+09:00,1574.3446520195632,1612.030939321049,1574.3446520195632,1609.2044677734375,15800,0.0,0.0
2020-02-25 00:00:00+09:00,1567.7495949074073,1588.4770534939234,1521.583891691985,1526.294677734375,37700,0.0,0.0
2020-02-26 00:00:00+09:00,1501.7987470968692,1524.4105224609375,1498.0301178695245,1524.4105224609375,13100,0.0,0.0
2020-02-27 00:00:00+09:00,1502.7408655400445,1540.4271568388544,1494.2614499978122,1514.0467529296875,38600,0.0,0.0
2020-02-28 00:00:00+09:00,1483.8975883814728,1501.7985751619478,1428.3103136421034,1433.9632568359375,29000,0.0,0.0
2020-03-02 00:00:00+09:00,1433.9633088524104,1577.1712082910217,1433.9633088524104,1536.658447265625,44600,0.0,0.0
2020-03-03 00:00:00+09:00,1539.4848309916836,1560.212288936492,1460.3436279296875,1460.3436279296875,25100,0.0,0.0
2020-03-04 00:00:00+09:00,1441.5007036052766,1474.4762098969006,1428.3105010886272,1436.7899169921875,15100,0.0,0.0
2020-03-05 00:00:00+09:00,1468.8233156513456,1473.5341024238003,1444.3272244345817,1452.806640625,18500,0.0,0.0
2020-03-06 00:00:00+09:00,1432.0789252852608,1434.9053968483238,1372.7230224609375,1372.7230224609375,26700,0.0,0.0
2020-03-09 00:00:00+09:00,1338.8055364274771,1338.8055364274771,1286.9868844193763,1302.0614013671875,27900,0.0,0.0
2020-03-10 00:00:00+09:00,1289.8132052374224,1328.441650390625,1249.3004456865026,1328.441650390625,26100,0.0,0.0
2020-03-11 00:00:00+09:00,1324.6730337411875,1355.764221588598,1299.2347891387608,1303.00341796875,15800,0.0,0.0
2020-03-12 00:00:00+09:00,1286.0447109681772,1304.887856916429,1253.069205558737,1259.664306640625,28400,0.0,0.0
2020-03-13 00:00:00+09:00,1203.1347579243027,1222.920059346707,1139.068067604136,1209.7298583984375,39300,0.0,0.0
2020-03-16 00:00:00+09:00,1215.3829327540743,1257.7800118036353,1188.0603706999132,1203.1348876953125,28300,0.0,0.0
2020-03-17 00:00:00+09:00,1187.1181152697322,1308.6563984997285,1177.6965429263216,1301.119140625,30400,0.0,0.0
2020-03-18 00:00:00+09:00,1329.3838027699403,1361.417147414999,1237.0523976165355,1241.76318359375,21800,0.0,0.0
2020-03-19 00:00:00+09:00,1298.2926735533508,1305.8299314549668,1208.787735971661,1238.936767578125,28600,0.0,0.0
2020-03-23 00:00:00+09:00,1238.9367905941754,1364.2437055364,1231.399532552538,1349.169189453125,37700,0.0,0.0
2020-03-24 00:00:00+09:00,1366.128003976487,1366.128003976487,1301.1191541320886,1362.359375,20500,0.0,0.0
2020-03-25 00:00:00+09:00,1418.8889244848128,1418.8889244848128,1359.5330133011853,1412.2938232421875,30100,0.0,0.0
2020-03-26 00:00:00+09:00,1370.8388109410062,1419.8309883766985,1325.6152625388288,1417.0045166015625,26600,0.0,0.0
2020-03-27 00:00:00+09:00,1435.8476233187077,1536.658447265625,1400.045648459055,1536.658447265625,40800,0.0,0.0
2020-03-30 00:00:00+09:00,1515.5951743703706,1515.5951743703706,1361.4506241027589,1438.044189453125,37000,26.0,0.0
2020-03-31 00:00:00+09:00,1424.640321391395,1449.5332302329111,1347.0893361543633,1379.6416015625,35600,0.0,0.0
2020-04-01 00:00:00+09:00,1355.706083785656,1412.193837276725,1312.622204004332,1317.4093017578125,21800,0.0,0.0
2020-04-02 00:00:00+09:00,1303.047982624599,1318.3666951315743,1273.367977142334,1286.7718505859375,10600,0.0,0.0
2020-04-03 00:00:00+09:00,1286.772005981083,1309.7500775164597,1255.1771576199405,1290.6016845703125,12900,0.0,0.0
2020-04-06 00:00:00+09:00,1286.7720170454545,1359.5359108664773,1284.857177734375,1358.5784912109375,16500,0.0,0.0
2020-04-07 00:00:00+09:00,1387.3009402042762,1435.1719181271292,1344.2170600737088,1422.7254638671875,20300,0.0,0.0
2020-04-08 00:00:00+09:00,1422.7254982680818,1465.8093794403992,1410.27904370719,1437.0867919921875,27000,0.0,0.0
2020-04-09 00:00:00+09:00,1434.2145446534175,1450.4906776701787,1394.0029219061255,1441.8739013671875,12500,0.0,0.0
2020-04-10 00:00:00+09:00,1436.1294615502452,1464.85205078125,1385.38622057547,1464.85205078125,13100,0.0,0.0
2020-04-13 00:00:00+09:00,1456.2352047147222,1465.8094006694541,1388.2584134361257,1415.066162109375,20700,0.0,0.0
2020-04-14 00:00:00+09:00,1440.9165928797436,1440.9165928797436,1393.0456097275926,1416.023681640625,14400,0.0,0.0
2020-04-15 00:00:00+09:00,1413.1512650281745,1436.129334378226,1383.4712587843578,1391.130615234375,13300,0.0,0.0
2020-04-16 00:00:00+09:00,1390.173274386954,1416.9810234798153,1361.450686073174,1414.1087646484375,30000,0.0,0.0
2020-04-17 00:00:00+09:00,1422.7255066168457,1448.5758354719296,1399.7474365234375,1399.7474365234375,9100,0.0,0.0
2020-04-20 00:00:00+09:00,1385.386274404077,1405.4920876469837,1380.5991760129089,1404.53466796875,8700,0.0,0.0
2020-04-21 00:00:00+09:00,1397.8326312706288,1440.9165137412988,1397.8326312706288,1414.1087646484375,17600,0.0,0.0
2020-04-22 00:00:00+09:00,1409.3217329545455,1474.42626953125,1401.6623757102273,1474.42626953125,18100,0.0,0.0
2020-04-23 00:00:00+09:00,1501.2341098699094,1501.2341098699094,1451.448284797693,1481.1282958984375,18100,0.0,0.0
2020-04-24 00:00:00+09:00,1481.128196094001,1491.6598122265375,1449.5333476963913,1490.702392578125,23000,0.0,0.0
2020-04-27 00:00:00+09:00,1493.5745723000246,1495.4894114952808,1435.171976844703,1467.7242431640625,29000,0.0,0.0
2020-04-28 00:00:00+09:00,1486.8726135056381,1492.6171310079137,1439.9590539037217,1479.2132568359375,15900,0.0,0.0
2020-04-30 00:00:00+09:00,1508.8933314367653,1508.8933314367653,1461.0223501094567,1465.8094482421875,11300,0.0,0.0
2020-05-01 00:00:00+09:00,1456.2352628714139,1469.6391377433401,1438.0442898309427,1460.06494140625,8500,0.0,0.0
2020-05-07 00:00:00+09:00,1460.0649636731475,1484.000454880904,1455.2778654315962,1469.63916015625,9200,0.0,0.0
2020-05-08 00:00:00+09:00,1484.0004113069765,1503.1488037109375,1470.596536624204,1503.1488037109375,19600,0.0,0.0
2020-05-11 00:00:00+09:00,1512.7230997797983,1525.1695556640625,1499.3192242121293,1525.1695556640625,16500,0.0,0.0
2020-05-12 00:00:00+09:00,1525.1695003826826,1555.8069291411546,1522.2972414365759,1553.89208984375,15300,0.0,0.0
2020-05-13 00:00:00+09:00,1553.892144950629,1577.827637017028,1551.977305585317,1567.2960205078125,10600,0.0,0.0
2020-05-14 00:00:00+09:00,1571.125552624854,1585.4868465245327,1533.786188485689,1536.658447265625,13000,0.0,0.0
2020-05-15 00:00:00+09:00,1561.5513676302817,1561.5513676302817,1494.531995628982,1530.9139404296875,10900,0.0,0.0
2020-05-18 00:00:00+09:00,1530.9138273101692,1545.2751202492889,1481.128011787887,1514.6376953125,17000,0.0,0.0
2020-05-19 00:00:00+09:00,1552.9345588377396,1552.9345588377396,1488.7874469745284,1548.1474609375,11500,0.0,0.0
2020-05-20 00:00:00+09:00,1541.4456124141298,1570.1682014653247,1519.4249608082137,1554.8494873046875,20700,0.0,0.0
2020-05-21 00:00:00+09:00,1561.5514356592982,1561.5514356592982,1524.2120696318839,1538.5733642578125,5100,0.0,0.0
2020-05-22 00:00:00+09:00,1536.6586497008457,1536.6586497008457,1464.8521707428622,1496.447021484375,16300,0.0,0.0
2020-05-25 00:00:00+09:00,1531.871381265863,1531.871381265863,1498.3616948006722,1508.893310546875,9000,0.0,0.0
2020-05-26 00:00:00+09:00,1507.935902581143,1524.2120361328125,1495.4894475122194,1524.2120361328125,8600,0.0,0.0
2020-05-27 00:00:00+09:00,1516.552745361328,1533.7862992858886,1499.3191914367676,1531.8714599609375,13900,0.0,0.0
2020-05-28 00:00:00+09:00,1546.232754821588,1549.1050138088726,1508.893387986887,1542.403076171875,24800,0.0,0.0
2020-05-29 00:00:00+09:00,1545.2751771367311,1545.2751771367311,1501.2338771687696,1517.510009765625,17500,0.0,0.0
2020-06-01 00:00:00+09:00,1516.5526458202141,1521.339743818384,1492.617155829365,1520.38232421875,9100,0.0,0.0
2020-06-02 00:00:00+09:00,1520.3823344754537,1539.5307265973108,1484.9578090500179,1504.106201171875,20700,0.0,0.0
2020-06-03 00:00:00+09:00,1529.9564939496415,1529.9564939496415,1452.4055077106423,1468.681640625,37800,0.0,0.0
2020-06-04 00:00:00+09:00,1494.5319402171235,1517.510009765625,1484.0003250073935,1517.510009765625,14600,0.0,0.0
2020-06-05 00:00:00+09:00,1515.5952815949581,1541.445611729553,1487.8301121911338,1523.254638671875,22700,0.0,0.0
2020-06-08 00:00:00+09:00,1541.445455348238,1541.445455348238,1511.7654496862533,1529.9564208984375,13500,0.0,0.0
2020-06-09 00:00:00+09:00,1538.573196735788,1538.573196735788,1511.7654496862533,1529.9564208984375,9800,0.0,0.0
2020-06-10 00:00:00+09:00,1512.7228692237368,1536.6583576608211,1509.8506106112866,1529.9564208984375,17300,0.0,0.0
2020-06-11 00:00:00+09:00,1531.8713581577267,1531.8713581577267,1491.6597350060863,1499.319091796875,12300,0.0,0.0
2020-06-12 00:00:00+09:00,1484.0003982333271,1488.7874962921444,1426.555221527521,1456.2352294921875,37000,0.0,0.0
2020-06-15 00:00:00+09:00,1455.2778317076707,1458.150090586041,1427.51266255009,1444.7462158203125,29900,0.0,0.0
2020-06-16 00:00:00+09:00,1494.5319497244698,1501.23388671875,1462.937103894292,1501.23388671875,35800,0.0,0.0
2020-06-17 00:00:00+09:00,1510.8082275390625,1519.4250045022131,1491.6598342876168,1510.8082275390625,11200,0.0,0.0
2020-06-18 00:00:00+09:00,1500.2766002308238,1526.1269309303977,1485.9153053977273,1516.552734375,25700,0.0,0.0
2020-06-19 00:00:00+09:00,1518.4675513222683,1518.4675513222683,1497.4043192106099,1506.978515625,19700,0.0,0.0
2020-06-22 00:00:00+09:00,1505.0636985085227,1512.7230557528408,1485.9153053977273,1495.489501953125,12400,0.0,0.0
2020-06-23 00:00:00+09:00,1504.106201171875,1523.2545932937321,1497.4042639292252,1504.106201171875,12900,0.0,0.0
2020-06-24 00:00:00+09:00,1502.1914285148828,1518.4675625395819,1484.0004551931602,1511.765625,16200,0.0,0.0
2020-06-25 00:00:00+09:00,1527.0842827257638,1527.0842827257638,1488.7874982059955,1498.3616943359375,25800,0.0,0.0
2020-06-26 00:00:00+09:00,1503.1488375138554,1539.5307838995411,1503.1488375138554,1538.5733642578125,20600,0.0,0.0
2020-06-29 00:00:00+09:00,1538.573353056604,1546.2327101346705,1508.8933443790966,1533.7862548828125,21000,0.0,0.0
2020-06-30 00:00:00+09:00,1538.5733411613344,1546.2326981801837,1507.9359130859375,1507.9359130859375,16500,0.0,0.0
2020-07-01 00:00:00+09:00,1509.8507967862215,1536.6585471413352,1509.8507967862215,1527.0843505859375,14900,0.0,0.0
2020-07-02 00:00:00+09:00,1551.977272872925,1551.977272872925,1515.5953256988525,1531.8714599609375,40400,0.0,0.0
2020-07-03 00:00:00+09:00,1531.871357516077,1539.5307143036575,1481.128118798357,1488.7874755859375,11000,0.0,0.0
2020-07-06 00:00:00+09:00,1504.106178337454,1504.106178337454,1485.915206097854,1494.531982421875,5800,0.0,0.0
2020-07-07 00:00:00+09:00,1494.5320370385728,1494.5320370385728,1450.4907342174488,1465.8094482421875,8700,0.0,0.0
2020-07-08 00:00:00+09:00,1465.8094340048633,1468.6816928566036,1384.4287665388845,1387.301025390625,36000,0.0,0.0
2020-07-09 00:00:00+09:00,1385.3862640402215,1398.7901394352202,1362.4081919345094,1368.1527099609375,16500,0.0,0.0
2020-07-10 00:00:00+09:00,1369.1100399414756,1369.1100399414756,1348.0468085577604,1350.9190673828125,29000,0.0,0.0
2020-07-13 00:00:00+09:00,1352.8339195774026,1397.8326416015625,1351.8764999598673,1397.8326416015625,15900,0.0,0.0
2020-07-14 00:00:00+09:00,1397.8325647363215,1413.1512777745277,1391.130627782106,1406.4493408203125,17500,0.0,0.0
2020-07-15 00:00:00+09:00,1433.257042608666,1488.7873755888284,1358.5783189456895,1487.8299560546875,30400,0.0,0.0
2020-07-16 00:00:00+09:00,1487.8300869552704,1487.8300869552704,1424.6403921424983,1429.427490234375,7100,0.0,0.0
2020-07-17 00:00:00+09:00,1429.427468091768,1435.1719857130342,1412.193915227969,1430.3848876953125,6300,0.0,0.0
2020-07-20 00:00:00+09:00,1432.2997828289583,1454.3204345703125,1422.7255864196736,1454.3204345703125,7400,0.0,0.0
2020-07-21 00:00:00+09:00,1453.3631242235476,1485.9153944630737,1439.001828529639,1481.1282958984375,10800,0.0,0.0
2020-07-22 00:00:00+09:00,1488.7875175992972,1488.7875175992972,1413.1513671875,1413.1513671875,15400,0.0,0.0
2020-07-27 00:00:00+09:00,1424.6405013360802,1472.5114859239861,1402.6198484256436,1466.7669677734375,20100,0.0,0.0
2020-07-28 00:00:00+09:00,1466.7668655164632,1466.7668655164632,1375.8120011404424,1392.088134765625,22700,0.0,0.0
2020-07-29 00:00:00+09:00,1392.0880783081054,1392.0880783081054,1359.5358123779297,1378.6842041015625,11900,0.0,0.0
2020-07-30 00:00:00+09:00,1366.2377708285462,1382.5139040479473,1366.2377708285462,1367.1951904296875,8200,0.0,0.0
2020-07-31 00:00:00+09:00,1367.1951985558019,1367.1951985558019,1308.7926025390625,1308.7926025390625,10800,0.0,0.0
2020-08-03 00:00:00+09:00,1317.4093805803573,1340.387451171875,1317.4093805803573,1340.387451171875,7600,0.0,0.0
2020-08-04 00:00:00+09:00,1346.1320465619556,1389.2159314092444,1346.1320465619556,1373.897216796875,10300,0.0,0.0
2020-08-05 00:00:00+09:00,1305.9203230384442,1337.515169563568,1302.0906446717627,1330.813232421875,18800,0.0,0.0
2020-08-06 00:00:00+09:00,1339.4301321464673,1339.4301321464673,1289.6443087929174,1309.7501220703125,12000,0.0,0.0
2020-08-07 00:00:00+09:00,1304.0055486993476,1306.8778076171875,1293.4739326672677,1306.8778076171875,9000,0.0,0.0
2020-08-11 00:00:00+09:00,1306.8778516858922,1326.0262451171875,1295.3888156271153,1326.0262451171875,19900,0.0,0.0
2020-08-12 00:00:00+09:00,1326.0262885585798,1359.5359781611432,1322.1966097468583,1345.1746826171875,16200,0.0,0.0
2020-08-13 00:00:00+09:00,1363.3654688584318,1381.5564407041552,1347.0893361543633,1379.6416015625,15200,0.0,0.0
2020-08-14 00:00:00+09:00,1398.790116743608,1401.6623757102273,1361.4507501775568,1390.17333984375,11800,0.0,0.0
2020-08-17 00:00:00+09:00,1389.2158303573374,1389.2158303573374,1361.4506621420633,1372.939697265625,5100,0.0,0.0
2020-08-18 00:00:00+09:00,1401.662297279095,1401.662297279095,1360.4932543945313,1388.2584228515625,7800,0.0,0.0
2020-08-19 00:00:00+09:00,1401.6624450900802,1401.6624450900802,1338.472744696675,1345.1746826171875,8600,0.0,0.0
2020-08-20 00:00:00+09:00,1341.3449485006074,1358.5785024427994,1341.3449485006074,1342.3023681640625,4500,0.0,0.0
2020-08-21 00:00:00+09:00,1348.0467750533048,1357.620970898854,1346.1319358841952,1347.08935546875,3800,0.0,0.0
2020-08-24 00:00:00+09:00,1345.1745283779592,1362.4080810546875,1324.1112973286247,1362.4080810546875,8900,0.0,0.0
2020-08-25 00:00:00+09:00,1391.1306909335412,1391.1306909335412,1341.3448712993059,1350.9190673828125,18400,0.0,0.0
2020-08-26 00:00:00+09:00,1362.4082144102583,1362.4082144102583,1348.0469191072689,1356.6636962890625,3100,0.0,0.0
2020-08-27 00:00:00+09:00,1358.5785478958558,1358.5785478958558,1324.1114388583287,1329.85595703125,12700,0.0,0.0
2020-08-28 00:00:00+09:00,1330.8132534961937,1343.2597083850071,1300.1758260775764,1308.7926025390625,25100,0.0,0.0
2020-08-31 00:00:00+09:00,1308.7925811170062,1348.0467843546048,1308.7925811170062,1320.2816162109375,9600,0.0,0.0
2020-09-01 00:00:00+09:00,1323.1539526708518,1327.9410509077215,1300.175881133876,1301.13330078125,13300,0.0,0.0
2020-09-02 00:00:00+09:00,1315.4946511331825,1318.366910196792,1305.920454254484,1314.5372314453125,5600,0.0,0.0
2020-09-03 00:00:00+09:00,1317.4094348768247,1334.6429885307366,1304.9629794601105,1311.6649169921875,10300,0.0,0.0
2020-09-04 00:00:00+09:00,1308.7926019989284,1318.3667980632952,1296.3461471152516,1298.260986328125,11200,0.0,0.0
2020-09-07 00:00:00+09:00,1292.51652377349,1310.7074970710428,1259.9642557673428,1280.070068359375,20900,0.0,0.0
2020-09-08 00:00:00+09:00,1290.6016956676135,1314.537187056108,1272.410722212358,1274.3255615234375,28900,0.0,0.0
2020-09-09 00:00:00+09:00,1275.2829703894845,1322.1965331140225,1266.6661935625284,1311.6649169921875,20500,0.0,0.0
2020-09-10 00:00:00+09:00,1329.8559450568157,1356.6636962890625,1311.6649710063625,1356.6636962890625,21300,0.0,0.0
2020-09-11 00:00:00+09:00,1368.1526985688172,1406.4494850927867,1344.217206991336,1405.4920654296875,28100,0.0,0.0
2020-09-14 00:00:00+09:00,1434.2146439985795,1463.8946533203125,1421.7681884765625,1463.8946533203125,35200,0.0,0.0
2020-09-15 00:00:00+09:00,1463.8945621569899,1463.8945621569899,1394.0029316550538,1425.5977783203125,12200,0.0,0.0
2020-09-16 00:00:00+09:00,1436.1294505635246,1463.8946199410861,1413.1513793545082,1460.06494140625,12100,0.0,0.0
2020-09-17 00:00:00+09:00,1460.0649188454001,1460.0649188454001,1433.2571695157797,1450.49072265625,9100,0.0,0.0
2020-09-18 00:00:00+09:00,1459.1074439967374,1461.9797027447626,1439.001632760562,1458.1500244140625,14800,0.0,0.0
2020-09-23 00:00:00+09:00,1434.2145784216286,1457.192649103951,1434.2145784216286,1456.2352294921875,11000,0.0,0.0
2020-09-24 00:00:00+09:00,1457.1925490529914,1459.1073881450452,1438.0441581324528,1455.2777099609375,14700,0.0,0.0
2020-09-25 00:00:00+09:00,1460.0649531944887,1512.7230334736341,1460.0649531944887,1506.978515625,30200,0.0,0.0
2020-09-28 00:00:00+09:00,1506.02099609375,1513.68035271724,1484.957765379152,1506.02099609375,33800,0.0,0.0
2020-09-29 00:00:00+09:00,1506.0211847694175,1540.0720513501215,1496.2923657463593,1503.1025390625,27500,25.0,0.0
2020-09-30 00:00:00+09:00,1516.7227491295857,1522.560040017833,1469.0515402088995,1476.8345947265625,28000,0.0,0.0
2020-10-02 00:00:00+09:00,1459.3226876325475,1506.021013636789,1456.4040422572823,1462.2413330078125,17700,0.0,0.0
2020-10-05 00:00:00+09:00,1498.238012929313,1522.56005859375,1488.5091946635382,1522.56005859375,15100,0.0,0.0
2020-10-06 00:00:00+09:00,1531.316118125816,1531.316118125816,1485.5906686010935,1490.455078125,5600,0.0,0.0
2020-10-07 00:00:00+09:00,1476.8346947763482,1500.183859911152,1473.9160491344976,1488.50927734375,7200,0.0,0.0
2020-10-08 00:00:00+09:00,1505.0481971997895,1505.0481971997895,1467.1058056737443,1471.97021484375,10000,0.0,0.0
2020-10-09 00:00:00+09:00,1478.7803925615624,1498.2380293057934,1457.3769921429082,1491.4278564453125,14400,0.0,0.0
2020-10-12 00:00:00+09:00,1491.4278057179552,1494.346451130319,1462.2413515943163,1463.2142333984375,7400,0.0,0.0
2020-10-13 00:00:00+09:00,1465.1599783830777,1470.0243873418528,1454.4582786737724,1462.2413330078125,4600,0.0,0.0
2020-10-14 00:00:00+09:00,1471.9701829492844,1471.9701829492844,1440.8379649358164,1444.7294921875,15200,0.0,0.0
2020-10-15 00:00:00+09:00,1458.3498968816207,1458.3498968816207,1428.1905594544492,1435.000732421875,13400,0.0,0.0
2020-10-16 00:00:00+09:00,1420.4074310364974,1444.7294760884922,1420.4074310364974,1431.109130859375,6500,0.0,0.0
2020-10-19 00:00:00+09:00,1426.2447482528842,1448.621030114969,1426.2447482528842,1438.8922119140625,5800,0.0,0.0
2020-10-20 00:00:00+09:00,1432.0819754084412,1439.8650296226174,1426.2446847478088,1429.163330078125,8300,0.0,0.0
2020-10-21 00:00:00+09:00,1429.163459757156,1457.3770338435806,1420.4075229717141,1435.9736328125,12500,0.0,0.0
2020-10-22 00:00:00+09:00,1436.94643759976,1436.94643759976,1390.2481105823,1399.9769287109375,20500,0.0,0.0
2020-10-23 00:00:00+09:00,1399.976965814891,1418.4617207492086,1384.4108563965183,1401.9227294921875,22000,0.0,0.0
2020-10-26 00:00:00+09:00,1415.543067325608,1415.543067325608,1389.2752578288441,1395.112548828125,12200,0.0,0.0
2020-10-27 00:00:00+09:00,1403.8684663907993,1439.865093734153,1394.139648189893,1438.8922119140625,17200,0.0,0.0
2020-10-28 00:00:00+09:00,1438.8921907912318,1476.8345812177754,1418.4616728692467,1450.5667724609375,17600,0.0,0.0
2020-10-29 00:00:00+09:00,1444.729478624132,1449.5938876430685,1418.461669921875,1418.461669921875,13100,0.0,0.0
2020-10-30 00:00:00+09:00,1430.1362889956122,1432.0820526541097,1412.6244160691353,1420.407470703125,20000,0.0,0.0
2020-11-02 00:00:00+09:00,1419.434659406472,1440.8380607134923,1405.8143131201866,1436.946533203125,15400,0.0,0.0
2020-11-04 00:00:00+09:00,1435.9735212053572,1435.9735212053572,1407.759949311756,1430.13623046875,14700,0.0,0.0
2020-11-05 00:00:00+09:00,1432.0821601941748,1519.641531401699,1409.7058764411408,1503.1025390625,24200,0.0,0.0
2020-11-06 00:00:00+09:00,1506.9939120147444,1506.9939120147444,1466.1328763113104,1475.8616943359375,10300,0.0,0.0
2020-11-09 00:00:00+09:00,1484.6177020414868,1492.4007568359375,1462.2414195074407,1492.4007568359375,15600,0.0,0.0
2020-11-10 00:00:00+09:00,1476.8345786561358,1502.1295055632895,1458.349824377831,1463.2142333984375,40300,0.0,0.0
2020-11-11 00:00:00+09:00,1491.4278564453125,1491.4278564453125,1469.051574189447,1491.4278564453125,15000,0.0,0.0
2020-11-12 00:00:00+09:00,1491.4278061995967,1507.966796875,1478.7803427419356,1507.966796875,12200,0.0,0.0
2020-11-13 00:00:00+09:00,1503.1024834896339,1537.1533488114055,1490.4550192272616,1500.183837890625,42400,0.0,0.0
2020-11-16 00:00:00+09:00,1528.3973388671875,1531.3159843265137,1509.9125842914543,1528.3973388671875,27000,0.0,0.0
2020-11-17 00:00:00+09:00,1526.4516671181343,1526.4516671181343,1494.3465651328581,1501.15673828125,36300,0.0,0.0
2020-11-18 00:00:00+09:00,1501.156704408336,1501.156704408336,1462.241430152773,1486.5634765625,18300,0.0,0.0
2020-11-19 00:00:00+09:00,1486.5633971774193,1514.7769695060483,1470.024406502016,1507.966796875,22800,0.0,0.0
2020-11-20 00:00:00+09:00,1514.777060342535,1567.3126809324494,1506.0211235775491,1557.5838623046875,22400,0.0,0.0
2020-11-24 00:00:00+09:00,1601.3636065782175,1663.6280481462647,1595.526315181213,1644.17041015625,34100,0.0,0.0
2020-11-25 00:00:00+09:00,1663.6279944048504,1679.1941042940186,1578.0143900144253,1596.4991455078125,43300,0.0,0.0
2020-11-26 00:00:00+09:00,1573.1499471629238,1654.8720223402186,1571.2041834682263,1581.9058837890625,44900,0.0,0.0
2020-11-27 00:00:00+09:00,1590.6618680767926,1637.3601981487718,1522.560136721823,1545.9093017578125,74800,0.0,0.0
2020-11-30 00:00:00+09:00,1563.4211011741595,1584.8245014391448,1497.26513671875,1497.26513671875,20900,0.0,0.0
2020-12-01 00:00:00+09:00,1513.8040793102496,1651.9532947742953,1507.966788515994,1648.061767578125,38500,0.0,0.0
2020-12-02 00:00:00+09:00,1648.0618526413807,1648.0618526413807,1558.5567225097354,1569.2584228515625,36500,0.0,0.0
2020-12-03 00:00:00+09:00,1573.1498996477185,1610.1194087303488,1564.393963286043,1585.79736328125,12700,0.0,0.0
2020-12-04 00:00:00+09:00,1573.1498478533274,1614.9837646484375,1556.61085749247,1614.9837646484375,11500,0.0,0.0
2020-12-07 00:00:00+09:00,1624.7127343870416,1624.7127343870416,1577.0415224199965,1578.014404296875,12200,0.0,0.0
2020-12-08 00:00:00+09:00,1591.6346225182988,1606.2278494973784,1586.770213525272,1603.3092041015625,8900,0.0,0.0
2020-12-09 00:00:00+09:00,1607.2009165433692,1613.0382080078125,1585.7975145070775,1613.0382080078125,9600,0.0,0.0
2020-12-10 00:00:00+09:00,1604.282166350692,1658.7635498046875,1594.553347876764,1658.7635498046875,28200,0.0,0.0
2020-12-11 00:00:00+09:00,1696.705933911219,1696.705933911219,1636.387259655201,1651.953369140625,35300,0.0,0.0
2020-12-14 00:00:00+09:00,1653.899142108386,1654.872023956685,1609.1465770866298,1614.010986328125,21700,0.0,0.0
2020-12-15 00:00:00+09:00,1614.0109440472045,1643.1973987316023,1578.0143166031137,1592.6075439453125,16000,0.0,0.0
2020-12-16 00:00:00+09:00,1609.1465923630828,1636.387284374066,1590.6618370699157,1627.63134765625,13000,0.0,0.0
2020-12-17 00:00:00+09:00,1622.7670085126547,1626.6585361110065,1595.5263153241929,1612.0653076171875,13700,0.0,0.0
2020-12-18 00:00:00+09:00,1610.1193781008665,1692.8143310546875,1602.3363237052129,1692.8143310546875,31100,0.0,0.0
2020-12-21 00:00:00+09:00,1711.299177508488,1717.1364686199438,1639.3059204671986,1665.57373046875,23600,0.0,0.0
2020-12-22 00:00:00+09:00,1665.5736747549738,1681.1397838648334,1634.4414565352547,1662.655029296875,22900,0.0,0.0
2020-12-23 00:00:00+09:00,1663.6279543188984,1663.6279543188984,1635.4143808246013,1639.305908203125,9500,0.0,0.0
2020-12-24 00:00:00+09:00,1658.763520536367,1663.6279296875,1648.0618204038744,1663.6279296875,12700,0.0,0.0
2020-12-25 00:00:00+09:00,1662.655029296875,1694.7601293359605,1639.3058656320857,1662.655029296875,23500,0.0,0.0
2020-12-28 00:00:00+09:00,1663.6279325648202,1670.438105388185,1629.5770684479965,1650.98046875,18600,0.0,0.0
2020-12-29 00:00:00+09:00,1657.7906908585603,1679.194091796875,1611.0923615386007,1679.194091796875,18700,0.0,0.0
2020-12-30 00:00:00+09:00,1669.465298445767,1669.465298445767,1632.4957871748236,1654.8720703125,14200,0.0,0.0
2021-01-04 00:00:00+09:00,1647.0890026476093,1647.0890026476093,1586.7703268270825,1596.4991455078125,19900,0.0,0.0
2021-01-05 00:00:00+09:00,1613.0380967257963,1619.8482696311526,1591.6346961661054,1607.2008056640625,15000,0.0,0.0
2021-01-06 00:00:00+09:00,1607.2007631288225,1630.5499267578125,1603.309235857324,1630.5499267578125,7800,0.0,0.0
2021-01-07 00:00:00+09:00,1649.034646141608,1649.034646141608,1607.2007288648592,1615.9566650390625,21000,0.0,0.0
2021-01-08 00:00:00+09:00,1618.8754046497938,1652.92626953125,1615.9567590885263,1652.92626953125,21200,0.0,0.0
2021-01-12 00:00:00+09:00,1642.2245489630257,1642.2245489630257,1619.8482666015625,1619.8482666015625,15200,0.0,0.0
2021-01-13 00:00:00+09:00,1615.956754610608,1635.4143916318073,1615.956754610608,1633.4686279296875,14100,0.0,0.0
2021-01-14 00:00:00+09:00,1639.3059637422245,1655.8449556612857,1624.712735578347,1642.224609375,23200,0.0,0.0
2021-01-15 00:00:00+09:00,1642.224569139935,1683.0856069976824,1636.3872780174,1652.92626953125,30700,0.0,0.0
2021-01-18 00:00:00+09:00,1640.2787744052964,1640.2787744052964,1611.0923193447038,1625.685546875,16200,0.0,0.0
2021-01-19 00:00:00+09:00,1622.7669747616285,1628.6042660377493,1592.60763650167,1597.4720458984375,17400,0.0,0.0
2021-01-20 00:00:00+09:00,1597.4719872278395,1618.8753877875304,1574.122822980904,1607.2008056640625,11100,0.0,0.0
2021-01-21 00:00:00+09:00,1594.5533204445474,1618.8753662109375,1594.5533204445474,1618.8753662109375,13400,0.0,0.0
2021-01-22 00:00:00+09:00,1613.0381518645,1613.0381518645,1578.014404296875,1578.014404296875,23700,0.0,0.0
2021-01-25 00:00:00+09:00,1603.3093371745586,1603.3093371745586,1580.933053949428,1597.4720458984375,11800,0.0,0.0
2021-01-26 00:00:00+09:00,1597.4720100726615,1627.63134765625,1585.79742778224,1627.63134765625,11800,0.0,0.0
2021-01-27 00:00:00+09:00,1619.8483112294186,1639.3059486015438,1610.119492543356,1628.604248046875,17700,0.0,0.0
2021-01-28 00:00:00+09:00,1628.6042747235679,1700.5975341796875,1614.9839283399779,1700.5975341796875,35600,0.0,0.0
2021-01-29 00:00:00+09:00,1683.085512343658,1683.085512343658,1635.4143041905716,1648.061767578125,20700,0.0,0.0
2021-02-01 00:00:00+09:00,1645.143210142407,1651.9533830998269,1629.5771005254476,1633.4686279296875,11800,0.0,0.0
2021-02-02 00:00:00+09:00,1640.2787107658721,1661.6821103132324,1634.4414199802286,1660.709228515625,17400,0.0,0.0
2021-02-03 00:00:00+09:00,1654.8720749057957,1771.6179002959755,1654.8720749057957,1706.434814453125,73400,0.0,0.0
2021-02-04 00:00:00+09:00,1703.516143747365,1735.621245257167,1685.0313883326305,1730.7568359375,22200,0.0,0.0
2021-02-05 00:00:00+09:00,1732.7025439288166,1738.5398349246464,1705.461852614944,1727.838134765625,16400,0.0,0.0
2021-02-08 00:00:00+09:00,1734.6483154296875,1749.241542985181,1708.3805058297987,1734.6483154296875,15300,0.0,0.0
2021-02-09 00:00:00+09:00,1734.6483785413327,1744.377197265625,1719.0822685824648,1744.377197265625,12400,0.0,0.0
2021-02-10 00:00:00+09:00,1743.404241196199,1749.241532182347,1724.9194864067304,1740.485595703125,14800,0.0,0.0
2021-02-12 00:00:00+09:00,1750.2144466596158,1750.2144466596158,1722.9737548828125,1722.9737548828125,8800,0.0,0.0
2021-02-15 00:00:00+09:00,1727.8381134647652,1747.2957498776566,1715.1906497963857,1739.5126953125,12000,0.0,0.0
2021-02-16 00:00:00+09:00,1738.5398644695572,1738.5398644695572,1712.2720545419254,1722.9737548828125,12000,0.0,0.0
2021-02-17 00:00:00+09:00,1716.1635527739654,1737.5669530920081,1715.1906709413272,1727.838134765625,7000,0.0,0.0
2021-02-18 00:00:00+09:00,1720.0550060401383,1723.946533203125,1709.3533063419247,1723.946533203125,11500,0.0,0.0
2021-02-19 00:00:00+09:00,1705.4618661931515,1720.0550937989115,1694.7601659489276,1709.3533935546875,11400,0.0,0.0
2021-02-22 00:00:00+09:00,1709.3534415332645,1716.163614607102,1697.678859120971,1705.4619140625,9500,0.0,0.0
2021-02-24 00:00:00+09:00,1705.4618291349493,1717.136410965879,1688.9228382077993,1707.4075927734375,17300,0.0,0.0
2021-02-25 00:00:00+09:00,1737.5669980687587,1753.1331077938987,1714.2178334810487,1736.5941162109375,30500,0.0,0.0
2021-02-26 00:00:00+09:00,1713.2449051927576,1738.539832810595,1693.7872685636519,1695.7330322265625,29100,0.0,0.0
2021-03-01 00:00:00+09:00,1722.97377020144,1739.5127617844012,1709.3534241919424,1736.5941162109375,21900,0.0,0.0
2021-03-02 00:00:00+09:00,1756.0516702840616,1770.6448974609375,1734.648270424644,1770.6448974609375,34300,0.0,0.0
2021-03-03 00:00:00+09:00,1756.0517873128256,1761.8890785725912,1732.702622273763,1751.1873779296875,15400,0.0,0.0
2021-03-04 00:00:00+09:00,1751.1872638307625,1758.9703183366769,1723.9465730600616,1757.9974365234375,15200,0.0,0.0
2021-03-05 00:00:00+09:00,1761.888961154812,1770.6448974609375,1731.7296249892686,1770.6448974609375,18900,0.0,0.0
2021-03-08 00:00:00+09:00,1799.831357209579,1814.424584430197,1757.99743917714,1790.1025390625,16500,0.0,0.0
2021-03-09 00:00:00+09:00,1799.8314654846356,1814.4246935831595,1781.3467098931717,1808.58740234375,19500,0.0,0.0
2021-03-10 00:00:00+09:00,1808.5873070873447,1808.5873070873447,1757.9974523436429,1771.6177978515625,16800,0.0,0.0
2021-03-11 00:00:00+09:00,1767.7262840821397,1767.7262840821397,1734.648301881373,1753.133056640625,35200,0.0,0.0
2021-03-12 00:00:00+09:00,1718.1093007324773,1727.8381189699205,1707.4076006712896,1714.2177734375,35100,0.0,0.0
2021-03-15 00:00:00+09:00,1746.322883834585,1757.9974657877965,1734.648301881373,1753.133056640625,22000,0.0,0.0
2021-03-16 00:00:00+09:00,1753.1331566386868,1764.8077392578125,1739.5128102497072,1764.8077392578125,22000,0.0,0.0
2021-03-17 00:00:00+09:00,1787.1840232686793,1829.0179443359375,1787.1840232686793,1829.0179443359375,34100,0.0,0.0
2021-03-18 00:00:00+09:00,1835.8280263456907,1858.2043085957973,1822.2076806282346,1856.258544921875,27300,0.0,0.0
2021-03-19 00:00:00+09:00,1869.8788532205044,1869.8788532205044,1831.9364623382985,1854.312744140625,37400,0.0,0.0
2021-03-22 00:00:00+09:00,1839.719600120883,1839.719600120883,1765.7805786459028,1820.261962890625,33800,0.0,0.0
2021-03-23 00:00:00+09:00,1820.2619190636185,1820.2619190636185,1761.8890087783072,1766.75341796875,26000,0.0,0.0
2021-03-24 00:00:00+09:00,1766.753484491347,1767.7263663660672,1741.4585557486296,1763.8348388671875,21800,0.0,0.0
2021-03-25 00:00:00+09:00,1778.4280450021404,1778.4280450021404,1755.0788802975171,1775.5093994140625,22700,0.0,0.0
2021-03-26 00:00:00+09:00,1775.5094179318482,1779.4009454232057,1752.1602529837035,1776.4822998046875,24300,0.0,0.0
2021-03-29 00:00:00+09:00,1786.2110857849784,1793.994140625,1761.8890394099105,1793.994140625,40400,0.0,0.0
2021-03-30 00:00:00+09:00,1821.609262939713,1863.0318883016341,1787.0904084714457,1852.18310546875,55700,25.0,0.0
2021-03-31 00:00:00+09:00,1815.6917631521683,1841.3343410130897,1805.82923320566,1823.581787109375,47200,0.0,0.0
2021-04-01 00:00:00+09:00,1823.5817501223319,1850.2105804378011,1814.7054733505086,1842.320556640625,19800,0.0,0.0
2021-04-02 00:00:00+09:00,1852.1830377770195,1864.018073162176,1801.8841373901037,1817.6641845703125,13000,0.0,0.0
2021-04-05 00:00:00+09:00,1821.6092624211155,1848.238093003341,1805.8292146686858,1826.54052734375,9500,0.0,0.0
2021-04-06 00:00:00+09:00,1813.7192469324384,1819.6367648669652,1756.516573565347,1767.3653564453125,29300,0.0,0.0
2021-04-07 00:00:00+09:00,1767.36533841296,1795.9666748046875,1750.5990377695334,1795.9666748046875,14400,0.0,0.0
2021-04-08 00:00:00+09:00,1777.227857945618,1788.0766406522782,1765.392822265625,1765.392822265625,16300,0.0,0.0
2021-04-09 00:00:00+09:00,1765.3928036112661,1789.0628747211379,1748.6265032417737,1768.3515625,29700,0.0,0.0
2021-04-12 00:00:00+09:00,1768.3515546826893,1801.8841552734375,1766.3790487655865,1801.8841552734375,13100,0.0,0.0
2021-04-13 00:00:00+09:00,1785.1178335526663,1795.9666159665223,1750.59898041767,1753.5577392578125,24000,0.0,0.0
2021-04-14 00:00:00+09:00,1760.461491237257,1762.4339971097918,1734.8189148943054,1756.5164794921875,26000,0.0,0.0
2021-04-15 00:00:00+09:00,1736.79142076684,1766.3790088548612,1736.79142076684,1756.5164794921875,15900,0.0,0.0
2021-04-16 00:00:00+09:00,1759.4752463600853,1759.4752463600853,1735.80517578125,1735.80517578125,5500,0.0,0.0
2021-04-19 00:00:00+09:00,1735.8052603871743,1759.4753321197268,1735.8052603871743,1741.7227783203125,5500,0.0,0.0
2021-04-20 00:00:00+09:00,1727.9152270549405,1749.612792691475,1693.3963726331808,1736.79150390625,35300,0.0,0.0
2021-04-21 00:00:00+09:00,1701.2863760909452,1730.8739652403528,1673.6712928848312,1675.643798828125,30000,0.0,0.0
2021-04-22 00:00:00+09:00,1698.327581563127,1723.9701582882383,1695.3688227102298,1720.025146484375,21700,0.0,0.0
2021-04-23 00:00:00+09:00,1720.025145779174,1722.9839046308582,1696.355074965699,1707.203857421875,16200,0.0,0.0
2021-04-26 00:00:00+09:00,1716.0801906970462,1739.7502622928675,1691.4238661180657,1711.14892578125,15200,0.0,0.0
2021-04-27 00:00:00+09:00,1699.3138801694681,1702.2726391018584,1683.5338325300534,1693.3963623046875,14100,0.0,0.0
2021-04-28 00:00:00+09:00,1703.25886365707,1706.2176225400874,1681.5612985149417,1691.423828125,15900,0.0,0.0
2021-04-30 00:00:00+09:00,1691.423809508922,1721.9976509636022,1691.423809508922,1694.382568359375,22200,0.0,0.0
2021-05-06 00:00:00+09:00,1718.0526603176288,1765.3928025077817,1710.16263661927,1742.708984375,27100,0.0,0.0
2021-05-07 00:00:00+09:00,1746.6540394261788,2090.856331780632,1740.736521506045,2044.50244140625,302900,0.0,0.0
2021-05-10 00:00:00+09:00,2041.5436080822842,2060.2824141468077,1993.2172134948291,2056.33740234375,150900,0.0,0.0
2021-05-11 00:00:00+09:00,2040.5574669471152,2065.2137920673076,2018.8599008413462,2051.40625,78800,0.0,0.0
2021-05-12 00:00:00+09:00,2056.3373803998725,2056.3373803998725,1982.3684098818917,2008.010986328125,75100,0.0,0.0
2021-05-13 00:00:00+09:00,1983.3547643432616,2005.0523301391602,1965.6022105102538,1972.5059814453125,36600,0.0,0.0
2021-05-14 00:00:00+09:00,1999.1347832129643,1999.1347832129643,1947.8496284388775,1957.712158203125,39100,0.0,0.0
2021-05-17 00:00:00+09:00,1976.4509265000947,1982.368444244107,1950.808349609375,1950.808349609375,35400,0.0,0.0
2021-05-18 00:00:00+09:00,1957.712132109471,2008.997286199996,1942.918337660281,2007.0247802734375,52800,0.0,0.0
2021-05-19 00:00:00+09:00,2020.8323228327988,2062.254947312534,2018.8598169051922,2032.6673583984375,74900,0.0,0.0
2021-05-20 00:00:00+09:00,2021.8186782763905,2066.2000638970917,2021.8186782763905,2061.268798828125,30400,0.0,0.0
2021-05-21 00:00:00+09:00,2069.1587859630145,2153.976543633567,2062.25501498983,2144.114013671875,69300,0.0,0.0
2021-05-24 00:00:00+09:00,2121.4300276131466,2156.9351326778014,2098.7462104885058,2145.10009765625,48500,0.0,0.0
2021-05-25 00:00:00+09:00,2168.77018225328,2178.6327115040904,2081.9799248461454,2090.856201171875,52200,0.0,0.0
2021-05-26 00:00:00+09:00,2106.636418269231,2117.4852013221152,2056.3375150240386,2077.048828125,27100,0.0,0.0
2021-05-27 00:00:00+09:00,2059.296236442354,2080.0075491651937,2055.351224495146,2057.32373046875,18700,0.0,0.0
2021-05-28 00:00:00+09:00,2059.296218073561,2094.801325281726,2057.3237121175516,2073.103759765625,25800,0.0,0.0
2021-05-31 00:00:00+09:00,2076.0624409184425,2080.993705623712,2024.77728798364,2033.653564453125,25600,0.0,0.0
2021-06-01 00:00:00+09:00,2046.4749478453282,2070.14501953125,2034.639912002367,2070.14501953125,15900,0.0,0.0
2021-06-02 00:00:00+09:00,2047.4611528554858,2060.2824413849276,2027.7360935794213,2032.6673583984375,25700,0.0,0.0
2021-06-03 00:00:00+09:00,2021.8186224780036,2047.461200128944,1997.1622978136377,2031.68115234375,34400,0.0,0.0
2021-06-04 00:00:00+09:00,2031.6810418908417,2089.869964935288,2031.6810418908417,2062.2548828125,29500,0.0,0.0
2021-06-07 00:00:00+09:00,2078.0350054709907,2084.9387762532865,2061.268704999701,2063.2412109375,16700,0.0,0.0
2021-06-08 00:00:00+09:00,2069.158737499434,2079.0212672301273,2042.5299072265625,2042.5299072265625,39500,0.0,0.0
2021-06-09 00:00:00+09:00,2051.406046645764,2084.938645485166,2050.419793738723,2083.952392578125,30700,0.0,0.0
2021-06-10 00:00:00+09:00,2062.254977352061,2096.7738315879874,2051.4061945921985,2085.925048828125,21300,0.0,0.0
2021-06-11 00:00:00+09:00,2084.938681528698,2099.7324753900652,2060.2823584264193,2065.213623046875,26300,0.0,0.0
2021-06-14 00:00:00+09:00,2075.07624463848,2075.07624463848,2007.0247898475795,2011.9560546875,41300,0.0,0.0
2021-06-15 00:00:00+09:00,2016.8873014338749,2033.6536017391932,1991.2447244963294,2027.736083984375,39100,0.0,0.0
2021-06-16 00:00:00+09:00,2032.6674060285404,2076.0625374527303,2032.6674060285404,2070.14501953125,39400,0.0,0.0
2021-06-17 00:00:00+09:00,2060.282472403269,2136.223951759445,2057.3237134673136,2124.388916015625,33600,0.0,0.0
2021-06-18 00:00:00+09:00,2137.2101666433177,2138.19641960439,2085.9250126675665,2117.485107421875,33600,0.0,0.0
2021-06-21 00:00:00+09:00,2075.076264655538,2082.966288475521,2025.7636157806442,2034.639892578125,30400,0.0,0.0
2021-06-22 00:00:00+09:00,2083.952618028003,2083.952618028003,2063.241304739509,2074.090087890625,23600,0.0,0.0
2021-06-23 00:00:00+09:00,2053.3787373550067,2081.980074234591,2053.3787373550067,2067.186279296875,30100,0.0,0.0
2021-06-24 00:00:00+09:00,2059.296141754518,2071.131177051958,2032.6673123352784,2046.474853515625,27200,0.0,0.0
2021-06-25 00:00:00+09:00,2074.0900691105767,2074.0900691105767,2047.4612379807693,2051.40625,29100,0.0,0.0
2021-06-28 00:00:00+09:00,2051.406137589928,2065.2136789006295,2046.474872836106,2056.33740234375,23700,0.0,0.0
2021-06-29 00:00:00+09:00,2051.4061556005317,2051.4061556005317,2007.0247724264818,2040.557373046875,43500,0.0,0.0
2021-06-30 00:00:00+09:00,2050.4198636101073,2050.4198636101073,2020.832275390625,2020.832275390625,31600,0.0,0.0
2021-07-01 00:00:00+09:00,2020.8323692541676,2027.7361401593796,2009.9835864031204,2018.85986328125,30600,0.0,0.0
2021-07-02 00:00:00+09:00,2035.6261735882674,2035.6261735882674,2013.9286077845165,2023.7911376953125,35200,0.0,0.0
2021-07-05 00:00:00+09:00,2012.942241268637,2012.942241268637,1997.1621943013179,2003.0797119140625,25600,0.0,0.0
2021-07-06 00:00:00+09:00,1996.17595020545,2004.0659737240485,1992.2309384461505,1995.189697265625,17300,0.0,0.0
2021-07-07 00:00:00+09:00,1993.2172668187363,2033.6536388818577,1989.272254910139,2008.997314453125,43200,0.0,0.0
2021-07-08 00:00:00+09:00,2004.0659737240485,2012.9422501824718,1995.189697265625,1995.189697265625,27000,0.0,0.0
2021-07-09 00:00:00+09:00,1987.2996745830903,2009.9834922086045,1978.4233981209327,2008.010986328125,56900,0.0,0.0
2021-07-12 00:00:00+09:00,2022.8047901921739,2027.736054917167,2006.0384901271973,2012.9422607421875,40600,0.0,0.0
2021-07-13 00:00:00+09:00,2040.557373046875,2048.4473967222616,2023.7910727366784,2040.557373046875,23900,0.0,0.0
2021-07-14 00:00:00+09:00,2028.722375755419,2076.062518699639,2021.818604909387,2073.103759765625,34900,0.0,0.0
2021-07-15 00:00:00+09:00,2073.1036730780115,2073.1036730780115,2038.5848202912703,2041.5435791015625,28300,0.0,0.0
2021-07-16 00:00:00+09:00,2037.5986045423406,2054.364904773328,2035.6260986328125,2035.6260986328125,15400,0.0,0.0
2021-07-19 00:00:00+09:00,2008.0109960171944,2033.6535725871586,2005.0522371821985,2012.9422607421875,22500,0.0,0.0
2021-07-20 00:00:00+09:00,1996.1759881080666,2022.8048179889547,1993.2172292324124,2002.093505859375,26200,0.0,0.0
2021-07-21 00:00:00+09:00,2018.859782858456,2018.859782858456,1917.2757292998722,1928.12451171875,100100,0.0,0.0
2021-07-26 00:00:00+09:00,1944.8908977050783,1986.3135233154296,1944.8908977050783,1972.5059814453125,53000,0.0,0.0
2021-07-27 00:00:00+09:00,1982.368426814742,1986.3134386093982,1970.5333914307735,1979.40966796875,19500,0.0,0.0
2021-07-28 00:00:00+09:00,1972.505962735584,1979.4097336051586,1963.6296859032739,1975.4647216796875,14700,0.0,0.0
2021-07-29 00:00:00+09:00,1972.505943654353,1977.4372085134887,1955.7396431332909,1965.6021728515625,10400,0.0,0.0
2021-07-30 00:00:00+09:00,1965.602105654054,1977.437140911379,1943.904541015625,1943.904541015625,16000,0.0,0.0
2021-08-02 00:00:00+09:00,1958.6984301574248,1972.505971961153,1950.8084062695802,1967.57470703125,26700,0.0,0.0
2021-08-03 00:00:00+09:00,1972.505962735584,1987.299757456101,1968.560950810113,1975.4647216796875,40500,0.0,0.0
2021-08-04 00:00:00+09:00,1977.4372158050537,1985.3272396087646,1893.605712890625,1893.605712890625,88600,0.0,0.0
2021-08-05 00:00:00+09:00,1893.6056846324295,1898.5369494361598,1874.8668783782546,1891.6331787109375,29100,0.0,0.0
2021-08-06 00:00:00+09:00,1891.6331982698593,1928.124558194773,1889.6606923279721,1914.3170166015625,32000,0.0,0.0
2021-08-10 00:00:00+09:00,1928.1245966826364,1965.6022103265955,1923.1933317294838,1959.6846923828125,43000,0.0,0.0
2021-08-11 00:00:00+09:00,1964.6158910120703,1966.588396926741,1937.9870611640151,1950.808349609375,20000,0.0,0.0
2021-08-12 00:00:00+09:00,1952.7808555240458,1957.7121203107226,1948.8358436947042,1950.808349609375,8100,0.0,0.0
2021-08-13 00:00:00+09:00,1957.7121203107226,1957.7121203107226,1948.8358436947042,1950.808349609375,10600,0.0,0.0
2021-08-16 00:00:00+09:00,1950.808311582398,1956.7258292110603,1924.1794822534166,1943.904541015625,33400,0.0,0.0
2021-08-17 00:00:00+09:00,1943.904643973286,1944.8908969636327,1919.2483192146192,1921.2208251953125,15000,0.0,0.0
2021-08-18 00:00:00+09:00,1918.2619911667991,1944.8908208642301,1911.358220504502,1920.2344970703125,12600,0.0,0.0
2021-08-19 00:00:00+09:00,1923.1932668039844,1979.409685372101,1914.316990187966,1950.808349609375,49400,0.0,0.0
2021-08-20 00:00:00+09:00,1952.7808255709133,1957.712090281951,1905.440684344952,1923.1932373046875,47100,0.0,0.0
2021-08-23 00:00:00+09:00,1950.8083413044412,1972.5059062734492,1947.849582445031,1971.5196533203125,12500,0.0,0.0
2021-08-24 00:00:00+09:00,1982.368408203125,1991.244684657766,1967.574614112057,1982.368408203125,43200,0.0,0.0
2021-08-25 00:00:00+09:00,1986.3134378722102,1986.3134378722102,1961.6571141647598,1966.58837890625,26000,0.0,0.0
2021-08-26 00:00:00+09:00,1982.3684746449387,2004.0660400390625,1968.5609330304965,2004.0660400390625,24200,0.0,0.0
2021-08-27 00:00:00+09:00,2004.0660875626193,2071.131291280266,2003.0798345667715,2067.186279296875,43100,0.0,0.0
2021-08-30 00:00:00+09:00,2084.938650449264,2139.182560465683,2084.938650449264,2135.237548828125,55100,0.0,0.0
2021-08-31 00:00:00+09:00,2135.2377739404697,2234.8493282905797,2135.2377739404697,2163.839111328125,70200,0.0,0.0
2021-09-01 00:00:00+09:00,2140.168848480353,2164.8251716195277,2096.773719755406,2103.677490234375,46800,0.0,0.0
2021-09-02 00:00:00+09:00,2137.2102425860785,2167.7840854657134,2121.4301946482024,2131.292724609375,40300,0.0,0.0
2021-09-03 00:00:00+09:00,2132.2789024070457,2151.0177086724175,2105.650072450991,2130.306396484375,33700,0.0,0.0
2021-09-06 00:00:00+09:00,2228.9317527829185,2228.9317527829185,2141.1552368547414,2198.35791015625,95300,0.0,0.0
2021-09-07 00:00:00+09:00,2194.4128600328204,2199.3441248868266,2173.7015476459937,2178.6328125,43800,0.0,0.0
2021-09-08 00:00:00+09:00,2178.632906307186,2189.481689453125,2164.8253641214455,2189.481689453125,35900,0.0,0.0
2021-09-09 00:00:00+09:00,2198.357764036104,2256.546686457876,2183.5639702000603,2247.67041015625,82600,0.0,0.0
2021-09-10 00:00:00+09:00,2266.4094050480767,2336.433368389423,2259.505634014423,2333.474609375,72300,0.0,0.0
2021-09-13 00:00:00+09:00,2345.3094959466525,2382.7871077405857,2333.4744606433055,2357.14453125,40800,0.0,0.0
2021-09-14 00:00:00+09:00,2347.282169851086,2396.59482047821,2336.433386713119,2394.622314453125,51300,0.0,0.0
2021-09-15 00:00:00+09:00,2401.5258625575475,2444.920991080148,2397.5808508736745,2430.127197265625,43100,0.0,0.0
2021-09-16 00:00:00+09:00,2445.9074322630854,2458.728721222529,2303.887000712326,2336.433349609375,64900,0.0,0.0
2021-09-17 00:00:00+09:00,2367.0070059856967,2379.828293934786,2337.4194184108756,2378.842041015625,41000,0.0,0.0
2021-09-21 00:00:00+09:00,2338.4057228805564,2353.1995169940983,2305.8593758307634,2318.6806640625,41800,0.0,0.0
2021-09-22 00:00:00+09:00,2547.4913541772185,2609.6252896449555,2409.4159420266915,2434.072265625,818000,0.0,0.0
2021-09-24 00:00:00+09:00,2505.082465488471,2563.2713888994235,2445.9072891383494,2539.601318359375,160600,0.0,0.0
2021-09-27 00:00:00+09:00,2546.5052395015723,2561.29903446382,2481.4125416676825,2528.752685546875,94100,0.0,0.0
2021-09-28 00:00:00+09:00,2528.752553024352,2528.752553024352,2476.4811468970934,2511.0,48600,0.0,0.0
2021-09-29 00:00:00+09:00,2488.0,2513.0,2423.0,2461.0,73100,35.0,0.0
2021-09-30 00:00:00+09:00,2474.0,2486.0,2418.0,2418.0,35700,0.0,0.0
2021-10-01 00:00:00+09:00,2400.0,2404.0,2356.0,2370.0,46500,0.0,0.0
2021-10-04 00:00:00+09:00,2370.0,2391.0,2332.0,2348.0,44200,0.0,0.0
2021-10-05 00:00:00+09:00,2301.0,2312.0,2248.0,2282.0,63300,0.0,0.0
2021-10-06 00:00:00+09:00,2306.0,2394.0,2302.0,2323.0,52000,0.0,0.0
2021-10-07 00:00:00+09:00,2330.0,2385.0,2322.0,2340.0,36100,0.0,0.0
2021-10-08 00:00:00+09:00,2366.0,2373.0,2322.0,2351.0,37800,0.0,0.0
2021-10-11 00:00:00+09:00,2346.0,2355.0,2305.0,2353.0,47000,0.0,0.0
2021-10-12 00:00:00+09:00,2337.0,2367.0,2306.0,2347.0,45500,0.0,0.0
2021-10-13 00:00:00+09:00,2336.0,2367.0,2315.0,2342.0,25600,0.0,0.0
2021-10-14 00:00:00+09:00,2323.0,2356.0,2319.0,2355.0,26900,0.0,0.0
2021-10-15 00:00:00+09:00,2355.0,2420.0,2355.0,2402.0,26700,0.0,0.0
2021-10-18 00:00:00+09:00,2411.0,2444.0,2378.0,2437.0,29200,0.0,0.0
2021-10-19 00:00:00+09:00,2453.0,2464.0,2428.0,2459.0,24400,0.0,0.0
2021-10-20 00:00:00+09:00,2463.0,2483.0,2417.0,2421.0,25600,0.0,0.0
2021-10-21 00:00:00+09:00,2414.0,2420.0,2381.0,2381.0,25800,0.0,0.0
2021-10-22 00:00:00+09:00,2371.0,2424.0,2366.0,2398.0,21000,0.0,0.0
2021-10-25 00:00:00+09:00,2396.0,2409.0,2376.0,2380.0,21400,0.0,0.0
2021-10-26 00:00:00+09:00,2380.0,2401.0,2373.0,2383.0,19500,0.0,0.0
2021-10-27 00:00:00+09:00,2386.0,2396.0,2380.0,2384.0,15900,0.0,0.0
2021-10-28 00:00:00+09:00,2375.0,2375.0,2330.0,2370.0,23200,0.0,0.0
2021-10-29 00:00:00+09:00,2371.0,2371.0,2346.0,2357.0,18800,0.0,0.0
2021-11-01 00:00:00+09:00,2400.0,2441.0,2378.0,2433.0,27100,0.0,0.0
2021-11-02 00:00:00+09:00,2450.0,2485.0,2407.0,2448.0,88300,0.0,0.0
2021-11-04 00:00:00+09:00,2422.0,2425.0,2330.0,2348.0,169700,0.0,0.0
2021-11-05 00:00:00+09:00,2363.0,2416.0,2348.0,2351.0,47900,0.0,0.0
2021-11-08 00:00:00+09:00,2340.0,2355.0,2320.0,2345.0,52800,0.0,0.0
2021-11-09 00:00:00+09:00,2345.0,2352.0,2310.0,2310.0,35700,0.0,0.0
2021-11-10 00:00:00+09:00,2323.0,2323.0,2281.0,2286.0,31600,0.0,0.0
2021-11-11 00:00:00+09:00,2293.0,2293.0,2238.0,2249.0,35500,0.0,0.0
2021-11-12 00:00:00+09:00,2259.0,2299.0,2259.0,2293.0,23000,0.0,0.0
2021-11-15 00:00:00+09:00,2305.0,2309.0,2278.0,2285.0,24700,0.0,0.0
2021-11-16 00:00:00+09:00,2305.0,2316.0,2252.0,2262.0,20000,0.0,0.0
2021-11-17 00:00:00+09:00,2250.0,2250.0,2226.0,2232.0,21200,0.0,0.0
2021-11-18 00:00:00+09:00,2205.0,2229.0,2193.0,2195.0,23700,0.0,0.0
2021-11-19 00:00:00+09:00,2195.0,2201.0,2165.0,2193.0,32500,0.0,0.0
2021-11-22 00:00:00+09:00,2180.0,2205.0,2163.0,2198.0,33500,0.0,0.0
2021-11-24 00:00:00+09:00,2201.0,2230.0,2200.0,2205.0,28200,0.0,0.0
2021-11-25 00:00:00+09:00,2212.0,2214.0,2196.0,2202.0,19400,0.0,0.0
2021-11-26 00:00:00+09:00,2200.0,2200.0,2163.0,2163.0,29100,0.0,0.0
2021-11-29 00:00:00+09:00,2110.0,2149.0,2085.0,2090.0,46800,0.0,0.0
2021-11-30 00:00:00+09:00,2122.0,2146.0,2077.0,2087.0,44100,0.0,0.0
2021-12-01 00:00:00+09:00,2087.0,2113.0,2065.0,2100.0,31000,0.0,0.0
2021-12-02 00:00:00+09:00,2094.0,2132.0,2080.0,2114.0,38800,0.0,0.0
2021-12-03 00:00:00+09:00,2156.0,2212.0,2133.0,2194.0,49600,0.0,0.0
2021-12-06 00:00:00+09:00,2235.0,2277.0,2198.0,2234.0,64900,0.0,0.0
2021-12-07 00:00:00+09:00,1984.0,2070.0,1952.0,2028.0,665000,0.0,0.0
2021-12-08 00:00:00+09:00,2029.0,2064.0,2019.0,2031.0,284600,0.0,0.0
2021-12-09 00:00:00+09:00,2030.0,2038.0,2003.0,2005.0,180000,0.0,0.0
2021-12-10 00:00:00+09:00,1999.0,2014.0,1968.0,1985.0,233400,0.0,0.0
2021-12-13 00:00:00+09:00,2000.0,2025.0,1974.0,2011.0,263400,0.0,0.0
2021-12-14 00:00:00+09:00,2007.0,2063.0,1996.0,2041.0,444900,0.0,0.0
2021-12-15 00:00:00+09:00,2060.0,2148.0,2054.0,2093.0,586100,0.0,0.0
2021-12-16 00:00:00+09:00,2113.0,2123.0,2095.0,2105.0,121700,0.0,0.0
2021-12-17 00:00:00+09:00,2090.0,2115.0,2088.0,2109.0,98200,0.0,0.0
2021-12-20 00:00:00+09:00,2095.0,2109.0,2061.0,2073.0,125700,0.0,0.0
2021-12-21 00:00:00+09:00,2094.0,2094.0,2042.0,2070.0,677800,0.0,0.0
2021-12-22 00:00:00+09:00,2084.0,2139.0,2077.0,2119.0,167200,0.0,0.0
2021-12-23 00:00:00+09:00,2119.0,2138.0,2103.0,2136.0,51700,0.0,0.0
2021-12-24 00:00:00+09:00,2144.0,2177.0,2125.0,2128.0,86100,0.0,0.0
2021-12-27 00:00:00+09:00,2130.0,2148.0,2100.0,2107.0,75900,0.0,0.0
2021-12-28 00:00:00+09:00,2121.0,2130.0,2099.0,2119.0,44800,0.0,0.0
2021-12-29 00:00:00+09:00,2126.0,2133.0,2103.0,2126.0,32800,0.0,0.0
2021-12-30 00:00:00+09:00,2125.0,2138.0,2108.0,2123.0,26200,0.0,0.0
2022-01-04 00:00:00+09:00,2137.0,2178.0,2128.0,2177.0,82800,0.0,0.0
2022-01-05 00:00:00+09:00,2180.0,2195.0,2165.0,2185.0,76400,0.0,0.0
2022-01-06 00:00:00+09:00,2181.0,2181.0,2130.0,2130.0,80900,0.0,0.0
2022-01-07 00:00:00+09:00,2159.0,2159.0,2107.0,2124.0,53400,0.0,0.0
2022-01-11 00:00:00+09:00,2129.0,2153.0,2103.0,2151.0,73000,0.0,0.0
2022-01-12 00:00:00+09:00,2158.0,2194.0,2158.0,2173.0,63700,0.0,0.0
2022-01-13 00:00:00+09:00,2173.0,2190.0,2147.0,2185.0,42500,0.0,0.0
2022-01-14 00:00:00+09:00,2190.0,2199.0,2170.0,2186.0,68400,0.0,0.0
2022-01-17 00:00:00+09:00,2186.0,2186.0,2122.0,2138.0,69400,0.0,0.0
2022-01-18 00:00:00+09:00,2140.0,2169.0,2138.0,2150.0,44000,0.0,0.0
2022-01-19 00:00:00+09:00,2128.0,2134.0,2056.0,2061.0,122100,0.0,0.0
2022-01-20 00:00:00+09:00,2061.0,2104.0,2056.0,2075.0,53300,0.0,0.0
2022-01-21 00:00:00+09:00,2070.0,2082.0,2036.0,2080.0,51200,0.0,0.0
2022-01-24 00:00:00+09:00,2101.0,2191.0,2099.0,2179.0,112700,0.0,0.0
2022-01-25 00:00:00+09:00,2200.0,2216.0,2136.0,2156.0,68900,0.0,0.0
2022-01-26 00:00:00+09:00,2190.0,2195.0,2160.0,2170.0,42400,0.0,0.0
2022-01-27 00:00:00+09:00,2174.0,2181.0,2075.0,2084.0,119200,0.0,0.0
2022-01-28 00:00:00+09:00,2100.0,2132.0,2091.0,2130.0,46300,0.0,0.0
2022-01-31 00:00:00+09:00,2140.0,2178.0,2131.0,2170.0,54500,0.0,0.0
2022-02-01 00:00:00+09:00,2194.0,2198.0,2123.0,2125.0,67500,0.0,0.0
2022-02-02 00:00:00+09:00,2130.0,2167.0,2130.0,2158.0,71900,0.0,0.0
2022-02-03 00:00:00+09:00,2168.0,2187.0,2157.0,2171.0,75800,0.0,0.0
2022-02-04 00:00:00+09:00,2102.0,2122.0,2025.0,2121.0,349900,0.0,0.0
2022-02-07 00:00:00+09:00,2138.0,2162.0,2113.0,2136.0,134000,0.0,0.0
2022-02-08 00:00:00+09:00,2139.0,2147.0,2112.0,2124.0,64800,0.0,0.0
2022-02-09 00:00:00+09:00,2134.0,2158.0,2116.0,2143.0,48700,0.0,0.0
2022-02-10 00:00:00+09:00,2158.0,2170.0,2149.0,2168.0,44200,0.0,0.0
2022-02-14 00:00:00+09:00,2156.0,2164.0,2128.0,2157.0,45400,0.0,0.0
2022-02-15 00:00:00+09:00,2175.0,2182.0,2122.0,2129.0,64700,0.0,0.0
2022-02-16 00:00:00+09:00,2148.0,2185.0,2144.0,2185.0,55100,0.0,0.0
2022-02-17 00:00:00+09:00,2178.0,2178.0,2150.0,2168.0,52000,0.0,0.0
2022-02-18 00:00:00+09:00,2144.0,2156.0,2130.0,2132.0,41800,0.0,0.0
2022-02-21 00:00:00+09:00,2108.0,2133.0,2106.0,2114.0,28300,0.0,0.0
2022-02-22 00:00:00+09:00,2103.0,2115.0,2074.0,2075.0,49800,0.0,0.0
2022-02-24 00:00:00+09:00,2073.0,2089.0,2058.0,2086.0,66900,0.0,0.0
2022-02-25 00:00:00+09:00,2099.0,2105.0,2074.0,2095.0,49100,0.0,0.0
2022-02-28 00:00:00+09:00,2104.0,2150.0,2097.0,2144.0,65900,0.0,0.0
2022-03-01 00:00:00+09:00,2158.0,2164.0,2112.0,2112.0,54200,0.0,0.0
2022-03-02 00:00:00+09:00,2102.0,2103.0,2068.0,2068.0,56900,0.0,0.0
2022-03-03 00:00:00+09:00,2100.0,2111.0,2078.0,2083.0,88300,0.0,0.0
2022-03-04 00:00:00+09:00,2091.0,2110.0,2081.0,2090.0,74400,0.0,0.0
2022-03-07 00:00:00+09:00,2080.0,2091.0,2046.0,2072.0,87600,0.0,0.0
2022-03-08 00:00:00+09:00,2050.0,2055.0,1979.0,1994.0,148000,0.0,0.0
2022-03-09 00:00:00+09:00,2012.0,2026.0,1999.0,2007.0,71100,0.0,0.0
2022-03-10 00:00:00+09:00,2017.0,2058.0,2004.0,2054.0,137100,0.0,0.0
2022-03-11 00:00:00+09:00,2050.0,2053.0,2018.0,2029.0,56000,0.0,0.0
2022-03-14 00:00:00+09:00,2039.0,2051.0,2029.0,2037.0,53400,0.0,0.0
2022-03-15 00:00:00+09:00,2054.0,2073.0,2033.0,2067.0,49500,0.0,0.0
2022-03-16 00:00:00+09:00,2078.0,2082.0,2051.0,2056.0,60400,0.0,0.0
2022-03-17 00:00:00+09:00,2090.0,2090.0,2059.0,2081.0,42000,0.0,0.0
2022-03-18 00:00:00+09:00,2090.0,2128.0,2070.0,2119.0,100900,0.0,0.0
2022-03-22 00:00:00+09:00,2134.0,2134.0,2089.0,2092.0,71700,0.0,0.0
2022-03-23 00:00:00+09:00,2100.0,2124.0,2096.0,2117.0,63200,0.0,0.0
2022-03-24 00:00:00+09:00,2087.0,2103.0,2079.0,2103.0,48300,0.0,0.0
2022-03-25 00:00:00+09:00,2116.0,2121.0,2096.0,2108.0,60200,0.0,0.0
2022-03-28 00:00:00+09:00,2124.0,2135.0,2102.0,2111.0,57500,0.0,0.0
2022-03-29 00:00:00+09:00,2128.0,2128.0,2094.0,2111.0,60200,0.0,0.0
2022-03-30 00:00:00+09:00,2052.0,2065.0,2035.0,2059.0,60900,0.0,0.0
2022-03-31 00:00:00+09:00,2050.0,2064.0,2042.0,2049.0,48900,0.0,0.0
2022-04-01 00:00:00+09:00,2040.0,2041.0,2018.0,2037.0,47500,0.0,0.0
2022-04-04 00:00:00+09:00,2030.0,2039.0,2014.0,2027.0,76900,0.0,0.0
2022-04-05 00:00:00+09:00,2046.0,2052.0,2025.0,2027.0,61700,0.0,0.0
2022-04-06 00:00:00+09:00,2019.0,2021.0,1999.0,1999.0,71400,0.0,0.0
2022-04-07 00:00:00+09:00,1989.0,1990.0,1943.0,1978.0,137300,0.0,0.0
2022-04-08 00:00:00+09:00,1990.0,2001.0,1981.0,2001.0,84200,0.0,0.0
2022-04-11 00:00:00+09:00,1983.0,1983.0,1942.0,1956.0,73700,0.0,0.0
2022-04-12 00:00:00+09:00,1952.0,1966.0,1951.0,1960.0,50700,0.0,0.0
2022-04-13 00:00:00+09:00,1956.0,1972.0,1950.0,1965.0,47900,0.0,0.0
2022-04-14 00:00:00+09:00,1967.0,1987.0,1961.0,1987.0,25600,0.0,0.0
2022-04-15 00:00:00+09:00,1997.0,2016.0,1986.0,2008.0,37400,0.0,0.0
2022-04-18 00:00:00+09:00,1999.0,2006.0,1952.0,1957.0,33900,0.0,0.0
2022-04-19 00:00:00+09:00,1966.0,1976.0,1964.0,1967.0,27600,0.0,0.0
2022-04-20 00:00:00+09:00,1976.0,1985.0,1968.0,1974.0,26600,0.0,0.0
2022-04-21 00:00:00+09:00,1974.0,2003.0,1974.0,2001.0,23200,0.0,0.0
2022-04-22 00:00:00+09:00,1980.0,2005.0,1971.0,2001.0,29000,0.0,0.0
2022-04-25 00:00:00+09:00,1995.0,1995.0,1969.0,1973.0,30500,0.0,0.0
2022-04-26 00:00:00+09:00,1990.0,1996.0,1970.0,1987.0,21000,0.0,0.0
2022-04-27 00:00:00+09:00,1978.0,1978.0,1954.0,1961.0,90400,0.0,0.0
2022-04-28 00:00:00+09:00,1955.0,1994.0,1953.0,1990.0,39900,0.0,0.0
2022-05-02 00:00:00+09:00,1989.0,2006.0,1976.0,1982.0,43500,0.0,0.0
2022-05-06 00:00:00+09:00,1982.0,2004.0,1979.0,1994.0,42600,0.0,0.0
2022-05-09 00:00:00+09:00,1992.0,2009.0,1980.0,2002.0,45700,0.0,0.0
2022-05-10 00:00:00+09:00,1990.0,1996.0,1684.0,1738.0,358100,0.0,0.0
2022-05-11 00:00:00+09:00,1730.0,1740.0,1675.0,1702.0,220400,0.0,0.0
2022-05-12 00:00:00+09:00,1701.0,1716.0,1655.0,1665.0,141500,0.0,0.0
2022-05-13 00:00:00+09:00,1669.0,1727.0,1664.0,1727.0,95700,0.0,0.0
2022-05-16 00:00:00+09:00,1734.0,1734.0,1680.0,1708.0,67500,0.0,0.0
2022-05-17 00:00:00+09:00,1717.0,1739.0,1705.0,1713.0,39600,0.0,0.0
2022-05-18 00:00:00+09:00,1708.0,1720.0,1697.0,1711.0,36500,0.0,0.0
2022-05-19 00:00:00+09:00,1679.0,1709.0,1663.0,1709.0,58800,0.0,0.0
2022-05-20 00:00:00+09:00,1707.0,1715.0,1692.0,1706.0,37900,0.0,0.0
2022-05-23 00:00:00+09:00,1711.0,1718.0,1698.0,1704.0,37600,0.0,0.0
2022-05-24 00:00:00+09:00,1705.0,1707.0,1683.0,1687.0,41300,0.0,0.0
2022-05-25 00:00:00+09:00,1694.0,1694.0,1678.0,1679.0,34300,0.0,0.0
2022-05-26 00:00:00+09:00,1675.0,1699.0,1670.0,1688.0,43800,0.0,0.0
2022-05-27 00:00:00+09:00,1710.0,1710.0,1685.0,1697.0,42300,0.0,0.0
2022-05-30 00:00:00+09:00,1700.0,1708.0,1687.0,1700.0,111200,0.0,0.0
2022-05-31 00:00:00+09:00,1700.0,1721.0,1696.0,1700.0,45500,0.0,0.0
2022-06-01 00:00:00+09:00,1715.0,1745.0,1707.0,1745.0,51200,0.0,0.0
2022-06-02 00:00:00+09:00,1746.0,1746.0,1722.0,1727.0,42900,0.0,0.0
2022-06-03 00:00:00+09:00,1740.0,1740.0,1710.0,1720.0,43100,0.0,0.0
2022-06-06 00:00:00+09:00,1729.0,1734.0,1713.0,1718.0,32600,0.0,0.0
2022-06-07 00:00:00+09:00,1736.0,1758.0,1732.0,1751.0,68000,0.0,0.0
2022-06-08 00:00:00+09:00,1760.0,1765.0,1746.0,1757.0,56600,0.0,0.0
2022-06-09 00:00:00+09:00,1746.0,1758.0,1739.0,1751.0,46700,0.0,0.0
2022-06-10 00:00:00+09:00,1734.0,1738.0,1723.0,1723.0,38000,0.0,0.0
2022-06-13 00:00:00+09:00,1720.0,1720.0,1697.0,1708.0,49500,0.0,0.0
2022-06-14 00:00:00+09:00,1708.0,1718.0,1695.0,1706.0,49200,0.0,0.0
2022-06-15 00:00:00+09:00,1716.0,1725.0,1700.0,1705.0,43000,0.0,0.0
2022-06-16 00:00:00+09:00,1724.0,1732.0,1695.0,1704.0,61600,0.0,0.0
2022-06-17 00:00:00+09:00,1682.0,1705.0,1676.0,1692.0,45100,0.0,0.0
2022-06-20 00:00:00+09:00,1709.0,1723.0,1681.0,1691.0,39500,0.0,0.0
2022-06-21 00:00:00+09:00,1694.0,1718.0,1694.0,1715.0,25000,0.0,0.0
2022-06-22 00:00:00+09:00,1729.0,1730.0,1691.0,1695.0,30700,0.0,0.0
2022-06-23 00:00:00+09:00,1698.0,1706.0,1692.0,1702.0,36800,0.0,0.0
2022-06-24 00:00:00+09:00,1717.0,1721.0,1698.0,1720.0,38200,0.0,0.0
2022-06-27 00:00:00+09:00,1731.0,1734.0,1718.0,1723.0,27600,0.0,0.0
2022-06-28 00:00:00+09:00,1708.0,1739.0,1705.0,1739.0,41600,0.0,0.0
2022-06-29 00:00:00+09:00,1729.0,1739.0,1714.0,1725.0,78100,0.0,0.0
2022-06-30 00:00:00+09:00,1725.0,1736.0,1710.0,1727.0,55400,0.0,0.0
2022-07-01 00:00:00+09:00,1722.0,1744.0,1720.0,1726.0,37400,0.0,0.0
2022-07-04 00:00:00+09:00,1745.0,1753.0,1722.0,1743.0,47400,0.0,0.0
2022-07-05 00:00:00+09:00,1746.0,1767.0,1740.0,1761.0,47500,0.0,0.0
2022-07-06 00:00:00+09:00,1746.0,1778.0,1746.0,1768.0,33500,0.0,0.0
2022-07-07 00:00:00+09:00,1774.0,1800.0,1767.0,1792.0,43800,0.0,0.0
2022-07-08 00:00:00+09:00,1785.0,1815.0,1779.0,1790.0,50300,0.0,0.0
2022-07-11 00:00:00+09:00,1821.0,1833.0,1807.0,1822.0,49300,0.0,0.0
2022-07-12 00:00:00+09:00,1820.0,1820.0,1789.0,1796.0,30200,0.0,0.0
2022-07-13 00:00:00+09:00,1788.0,1805.0,1786.0,1789.0,18500,0.0,0.0
2022-07-14 00:00:00+09:00,1790.0,1809.0,1777.0,1806.0,19000,0.0,0.0
2022-07-15 00:00:00+09:00,1813.0,1830.0,1803.0,1805.0,16800,0.0,0.0
2022-07-19 00:00:00+09:00,1808.0,1822.0,1791.0,1815.0,16000,0.0,0.0
2022-07-20 00:00:00+09:00,1831.0,1847.0,1825.0,1847.0,36900,0.0,0.0
2022-07-21 00:00:00+09:00,1848.0,1868.0,1837.0,1865.0,28300,0.0,0.0
2022-07-22 00:00:00+09:00,1856.0,1869.0,1846.0,1862.0,20100,0.0,0.0
2022-07-25 00:00:00+09:00,1869.0,1883.0,1854.0,1878.0,36600,0.0,0.0
2022-07-26 00:00:00+09:00,1871.0,1885.0,1868.0,1876.0,18200,0.0,0.0
2022-07-27 00:00:00+09:00,1880.0,1885.0,1863.0,1868.0,23300,0.0,0.0
2022-07-28 00:00:00+09:00,1865.0,1882.0,1857.0,1881.0,30500,0.0,0.0
2022-07-29 00:00:00+09:00,1880.0,1880.0,1858.0,1875.0,23200,0.0,0.0
2022-08-01 00:00:00+09:00,1878.0,1890.0,1870.0,1890.0,42000,0.0,0.0
2022-08-02 00:00:00+09:00,1880.0,1902.0,1854.0,1855.0,54700,0.0,0.0
2022-08-03 00:00:00+09:00,1935.0,1985.0,1913.0,1973.0,178400,0.0,0.0
2022-08-04 00:00:00+09:00,1975.0,1985.0,1936.0,1973.0,50500,0.0,0.0
2022-08-05 00:00:00+09:00,1973.0,2000.0,1966.0,1998.0,60100,0.0,0.0
2022-08-08 00:00:00+09:00,1991.0,2009.0,1978.0,2001.0,39700,0.0,0.0
2022-08-09 00:00:00+09:00,2005.0,2005.0,1980.0,2000.0,24600,0.0,0.0
2022-08-10 00:00:00+09:00,2000.0,2000.0,1975.0,1977.0,29000,0.0,0.0
2022-08-12 00:00:00+09:00,1980.0,2005.0,1980.0,2005.0,42000,0.0,0.0
2022-08-15 00:00:00+09:00,2004.0,2018.0,1985.0,2013.0,43700,0.0,0.0
2022-08-16 00:00:00+09:00,2016.0,2023.0,2003.0,2013.0,26000,0.0,0.0
2022-08-17 00:00:00+09:00,2024.0,2045.0,2023.0,2038.0,43600,0.0,0.0
2022-08-18 00:00:00+09:00,2039.0,2039.0,2023.0,2038.0,20500,0.0,0.0
2022-08-19 00:00:00+09:00,2038.0,2067.0,2038.0,2063.0,38600,0.0,0.0
2022-08-22 00:00:00+09:00,2044.0,2047.0,2028.0,2035.0,17100,0.0,0.0
2022-08-23 00:00:00+09:00,2026.0,2058.0,2012.0,2024.0,26000,0.0,0.0
2022-08-24 00:00:00+09:00,2024.0,2060.0,2024.0,2055.0,28300,0.0,0.0
2022-08-25 00:00:00+09:00,2048.0,2074.0,2045.0,2070.0,31800,0.0,0.0
2022-08-26 00:00:00+09:00,2074.0,2075.0,2050.0,2055.0,12900,0.0,0.0
2022-08-29 00:00:00+09:00,2067.0,2093.0,2059.0,2067.0,57700,0.0,0.0
2022-08-30 00:00:00+09:00,2074.0,2110.0,2071.0,2097.0,61500,0.0,0.0
2022-08-31 00:00:00+09:00,2088.0,2113.0,2085.0,2098.0,35500,0.0,0.0
2022-09-01 00:00:00+09:00,2068.0,2082.0,2023.0,2034.0,64600,0.0,0.0
2022-09-02 00:00:00+09:00,2056.0,2076.0,2014.0,2055.0,55800,0.0,0.0
2022-09-05 00:00:00+09:00,2044.0,2045.0,2020.0,2032.0,21000,0.0,0.0
2022-09-06 00:00:00+09:00,2021.0,2032.0,2013.0,2021.0,26600,0.0,0.0
2022-09-07 00:00:00+09:00,2021.0,2021.0,1986.0,1997.0,32300,0.0,0.0
2022-09-08 00:00:00+09:00,2001.0,2016.0,1995.0,2016.0,25800,0.0,0.0
2022-09-09 00:00:00+09:00,1999.0,2058.0,1999.0,2049.0,38800,0.0,0.0
2022-09-12 00:00:00+09:00,2064.0,2085.0,2056.0,2072.0,28700,0.0,0.0
2022-09-13 00:00:00+09:00,2075.0,2096.0,2070.0,2089.0,27600,0.0,0.0
2022-09-14 00:00:00+09:00,2030.0,2075.0,2030.0,2065.0,28100,0.0,0.0
2022-09-15 00:00:00+09:00,2065.0,2065.0,2043.0,2054.0,20000,0.0,0.0
2022-09-16 00:00:00+09:00,2033.0,2046.0,2022.0,2026.0,19200,0.0,0.0
2022-09-20 00:00:00+09:00,2024.0,2059.0,2019.0,2021.0,28100,0.0,0.0
2022-09-21 00:00:00+09:00,2015.0,2020.0,2001.0,2017.0,13400,0.0,0.0
2022-09-22 00:00:00+09:00,2000.0,2026.0,1991.0,2008.0,32800,0.0,0.0
2022-09-26 00:00:00+09:00,1983.0,1984.0,1963.0,1973.0,28600,0.0,0.0
2022-09-27 00:00:00+09:00,1978.0,1980.0,1948.0,1949.0,17800,0.0,0.0
2022-09-28 00:00:00+09:00,1959.0,1964.0,1931.0,1960.0,25800,0.0,0.0
2022-09-29 00:00:00+09:00,1953.0,1960.0,1907.0,1949.0,20800,0.0,0.0
2022-09-30 00:00:00+09:00,1940.0,1941.0,1886.0,1894.0,22400,0.0,0.0
2022-10-03 00:00:00+09:00,1888.0,1906.0,1870.0,1906.0,18300,0.0,0.0
2022-10-04 00:00:00+09:00,1930.0,1981.0,1930.0,1974.0,18700,0.0,0.0
2022-10-05 00:00:00+09:00,1981.0,1995.0,1977.0,1979.0,22100,0.0,0.0
2022-10-06 00:00:00+09:00,1994.0,2018.0,1993.0,2014.0,33000,0.0,0.0
2022-10-07 00:00:00+09:00,1998.0,2016.0,1987.0,1987.0,25900,0.0,0.0
2022-10-11 00:00:00+09:00,1976.0,1986.0,1966.0,1979.0,21900,0.0,0.0
2022-10-12 00:00:00+09:00,1979.0,1993.0,1963.0,1964.0,32100,0.0,0.0
2022-10-13 00:00:00+09:00,1969.0,1969.0,1944.0,1948.0,19900,0.0,0.0
2022-10-14 00:00:00+09:00,1978.0,2017.0,1962.0,1997.0,28700,0.0,0.0
2022-10-17 00:00:00+09:00,1970.0,2002.0,1965.0,1978.0,17400,0.0,0.0
2022-10-18 00:00:00+09:00,2014.0,2018.0,1992.0,2003.0,22200,0.0,0.0
2022-10-19 00:00:00+09:00,2012.0,2018.0,1990.0,2001.0,19200,0.0,0.0
2022-10-20 00:00:00+09:00,1997.0,2014.0,1987.0,1998.0,18300,0.0,0.0
2022-10-21 00:00:00+09:00,1991.0,2003.0,1978.0,1978.0,15800,0.0,0.0
2022-10-24 00:00:00+09:00,1980.0,2008.0,1968.0,1984.0,27200,0.0,0.0
2022-10-25 00:00:00+09:00,1998.0,2010.0,1982.0,1995.0,30700,0.0,0.0
2022-10-26 00:00:00+09:00,1995.0,2023.0,1995.0,2023.0,26300,0.0,0.0
2022-10-27 00:00:00+09:00,2022.0,2036.0,2006.0,2016.0,25800,0.0,0.0
2022-10-28 00:00:00+09:00,1992.0,2043.0,1982.0,1982.0,183200,0.0,0.0
2022-10-31 00:00:00+09:00,1982.0,2013.0,1982.0,2000.0,38400,0.0,0.0
2022-11-01 00:00:00+09:00,1991.0,2039.0,1831.0,1910.0,206000,0.0,0.0
2022-11-02 00:00:00+09:00,1905.0,1936.0,1881.0,1888.0,93900,0.0,0.0
2022-11-04 00:00:00+09:00,1886.0,1895.0,1864.0,1874.0,64500,0.0,0.0
2022-11-07 00:00:00+09:00,1872.0,1875.0,1835.0,1835.0,33700,0.0,0.0
2022-11-08 00:00:00+09:00,1834.0,1846.0,1824.0,1824.0,32100,0.0,0.0
2022-11-09 00:00:00+09:00,1828.0,1838.0,1818.0,1826.0,25600,0.0,0.0
2022-11-10 00:00:00+09:00,1829.0,1829.0,1813.0,1820.0,23000,0.0,0.0
2022-11-11 00:00:00+09:00,1839.0,1839.0,1805.0,1807.0,25700,0.0,0.0
2022-11-14 00:00:00+09:00,1806.0,1806.0,1770.0,1774.0,42300,0.0,0.0
2022-11-15 00:00:00+09:00,1781.0,1809.0,1781.0,1802.0,28500,0.0,0.0
2022-11-16 00:00:00+09:00,1793.0,1795.0,1783.0,1790.0,16900,0.0,0.0
2022-11-17 00:00:00+09:00,1790.0,1833.0,1790.0,1831.0,25700,0.0,0.0
2022-11-18 00:00:00+09:00,1836.0,1848.0,1825.0,1834.0,20800,0.0,0.0
2022-11-21 00:00:00+09:00,1834.0,1855.0,1834.0,1853.0,16600,0.0,0.0
2022-11-22 00:00:00+09:00,1862.0,1910.0,1862.0,1910.0,28700,0.0,0.0
2022-11-24 00:00:00+09:00,1921.0,1937.0,1892.0,1936.0,28600,0.0,0.0
2022-11-25 00:00:00+09:00,1936.0,1960.0,1927.0,1953.0,40500,0.0,0.0
2022-11-28 00:00:00+09:00,1947.0,1987.0,1928.0,1981.0,38100,0.0,0.0
2022-11-29 00:00:00+09:00,1953.0,1955.0,1930.0,1937.0,33000,0.0,0.0
2022-11-30 00:00:00+09:00,1935.0,1946.0,1916.0,1917.0,29500,0.0,0.0
2022-12-01 00:00:00+09:00,1918.0,1930.0,1907.0,1908.0,23800,0.0,0.0
2022-12-02 00:00:00+09:00,1900.0,1910.0,1873.0,1876.0,25400,0.0,0.0
2022-12-05 00:00:00+09:00,1865.0,1870.0,1851.0,1859.0,25900,0.0,0.0
2022-12-06 00:00:00+09:00,1850.0,1850.0,1834.0,1837.0,19900,0.0,0.0
2022-12-07 00:00:00+09:00,1818.0,1844.0,1812.0,1841.0,22100,0.0,0.0
2022-12-08 00:00:00+09:00,1841.0,1850.0,1825.0,1850.0,25000,0.0,0.0
2022-12-09 00:00:00+09:00,1821.0,1851.0,1821.0,1843.0,24400,0.0,0.0
2022-12-12 00:00:00+09:00,1883.0,1886.0,1863.0,1873.0,57800,0.0,0.0
2022-12-13 00:00:00+09:00,1880.0,1884.0,1868.0,1872.0,21300,0.0,0.0
2022-12-14 00:00:00+09:00,1871.0,1880.0,1867.0,1877.0,18300,0.0,0.0
2022-12-15 00:00:00+09:00,1874.0,1892.0,1874.0,1885.0,14500,0.0,0.0
2022-12-16 00:00:00+09:00,1883.0,1885.0,1854.0,1858.0,21900,0.0,0.0
2022-12-19 00:00:00+09:00,1850.0,1872.0,1850.0,1855.0,16000,0.0,0.0
2022-12-20 00:00:00+09:00,1864.0,1869.0,1823.0,1830.0,23200,0.0,0.0
2022-12-21 00:00:00+09:00,1823.0,1837.0,1811.0,1823.0,23100,0.0,0.0
2022-12-22 00:00:00+09:00,1826.0,1840.0,1826.0,1831.0,16900,0.0,0.0
2022-12-23 00:00:00+09:00,1827.0,1836.0,1820.0,1833.0,11900,0.0,0.0
2022-12-26 00:00:00+09:00,1832.0,1832.0,1820.0,1823.0,12800,0.0,0.0
2022-12-27 00:00:00+09:00,1824.0,1836.0,1820.0,1835.0,14900,0.0,0.0
2022-12-28 00:00:00+09:00,1832.0,1847.0,1831.0,1847.0,11700,0.0,0.0
2022-12-29 00:00:00+09:00,1847.0,1848.0,1820.0,1847.0,24000,0.0,0.0
2022-12-30 00:00:00+09:00,1847.0,1855.0,1845.0,1845.0,9900,0.0,0.0
2023-01-04 00:00:00+09:00,1840.0,1840.0,1805.0,1805.0,17700,0.0,0.0
2023-01-05 00:00:00+09:00,1800.0,1814.0,1783.0,1800.0,22700,0.0,0.0
2023-01-06 00:00:00+09:00,1795.0,1799.0,1789.0,1793.0,17400,0.0,0.0
2023-01-10 00:00:00+09:00,1810.0,1816.0,1792.0,1795.0,15200,0.0,0.0
2023-01-11 00:00:00+09:00,1795.0,1816.0,1795.0,1813.0,9400,0.0,0.0
2023-01-12 00:00:00+09:00,1815.0,1823.0,1809.0,1811.0,10800,0.0,0.0
2023-01-13 00:00:00+09:00,1808.0,1815.0,1794.0,1797.0,15700,0.0,0.0
2023-01-16 00:00:00+09:00,1801.0,1806.0,1786.0,1792.0,18300,0.0,0.0
2023-01-17 00:00:00+09:00,1803.0,1811.0,1801.0,1804.0,11800,0.0,0.0
2023-01-18 00:00:00+09:00,1808.0,1817.0,1803.0,1817.0,19000,0.0,0.0
2023-01-19 00:00:00+09:00,1817.0,1820.0,1809.0,1809.0,12400,0.0,0.0
2023-01-20 00:00:00+09:00,1815.0,1822.0,1806.0,1819.0,17400,0.0,0.0
2023-01-23 00:00:00+09:00,1828.0,1850.0,1827.0,1847.0,18900,0.0,0.0
2023-01-24 00:00:00+09:00,1854.0,1888.0,1844.0,1884.0,31300,0.0,0.0
2023-01-25 00:00:00+09:00,1887.0,1920.0,1875.0,1914.0,35400,0.0,0.0
2023-01-26 00:00:00+09:00,1914.0,1930.0,1885.0,1894.0,23400,0.0,0.0
2023-01-27 00:00:00+09:00,1894.0,1921.0,1894.0,1909.0,20800,0.0,0.0
2023-01-30 00:00:00+09:00,1917.0,1935.0,1901.0,1930.0,38000,0.0,0.0
2023-01-31 00:00:00+09:00,1930.0,1938.0,1909.0,1937.0,25400,0.0,0.0
2023-02-01 00:00:00+09:00,1930.0,1948.0,1920.0,1931.0,41800,0.0,0.0
2023-02-02 00:00:00+09:00,1929.0,1929.0,1883.0,1903.0,27100,0.0,0.0
2023-02-03 00:00:00+09:00,1894.0,1919.0,1890.0,1916.0,13700,0.0,0.0
2023-02-06 00:00:00+09:00,1926.0,1934.0,1912.0,1925.0,20000,0.0,0.0
2023-02-07 00:00:00+09:00,1935.0,1950.0,1935.0,1939.0,24400,0.0,0.0
2023-02-08 00:00:00+09:00,1939.0,1954.0,1912.0,1916.0,25100,0.0,0.0
2023-02-09 00:00:00+09:00,1911.0,1946.0,1907.0,1932.0,22100,0.0,0.0
2023-02-10 00:00:00+09:00,1916.0,1930.0,1913.0,1917.0,24900,0.0,0.0
2023-02-13 00:00:00+09:00,1931.0,1956.0,1918.0,1945.0,14800,0.0,0.0
2023-02-14 00:00:00+09:00,1965.0,1973.0,1952.0,1968.0,15000,0.0,0.0
2023-02-15 00:00:00+09:00,1983.0,1983.0,1948.0,1949.0,8900,0.0,0.0
2023-02-16 00:00:00+09:00,1964.0,1964.0,1944.0,1951.0,10300,0.0,0.0
2023-02-17 00:00:00+09:00,1941.0,1951.0,1930.0,1941.0,17900,0.0,0.0
2023-02-20 00:00:00+09:00,1941.0,1964.0,1940.0,1954.0,11000,0.0,0.0
2023-02-21 00:00:00+09:00,1955.0,1974.0,1952.0,1968.0,12600,0.0,0.0
2023-02-22 00:00:00+09:00,1967.0,1968.0,1950.0,1967.0,17300,0.0,0.0
2023-02-24 00:00:00+09:00,1975.0,1987.0,1972.0,1982.0,22500,0.0,0.0
2023-02-27 00:00:00+09:00,1982.0,2003.0,1972.0,1992.0,14600,0.0,0.0
2023-02-28 00:00:00+09:00,2001.0,2004.0,1992.0,1997.0,16700,0.0,0.0
2023-03-01 00:00:00+09:00,1993.0,2001.0,1982.0,1982.0,12200,0.0,0.0
2023-03-02 00:00:00+09:00,1993.0,2004.0,1977.0,2001.0,21100,0.0,0.0
2023-03-03 00:00:00+09:00,2001.0,2023.0,1995.0,2021.0,25600,0.0,0.0
2023-03-06 00:00:00+09:00,2026.0,2036.0,2014.0,2027.0,21300,0.0,0.0
2023-03-07 00:00:00+09:00,2036.0,2039.0,2014.0,2020.0,24300,0.0,0.0
2023-03-08 00:00:00+09:00,2018.0,2037.0,2013.0,2037.0,15800,0.0,0.0
2023-03-09 00:00:00+09:00,2042.0,2067.0,2034.0,2063.0,25500,0.0,0.0
2023-03-10 00:00:00+09:00,2029.0,2048.0,2019.0,2020.0,36900,0.0,0.0
2023-03-13 00:00:00+09:00,2011.0,2015.0,1991.0,2015.0,28600,0.0,0.0
2023-03-14 00:00:00+09:00,1993.0,1994.0,1948.0,1973.0,29400,0.0,0.0
2023-03-15 00:00:00+09:00,2010.0,2029.0,2004.0,2022.0,35500,0.0,0.0
2023-03-16 00:00:00+09:00,1983.0,2012.0,1980.0,2006.0,35100,0.0,0.0
2023-03-17 00:00:00+09:00,1994.0,2018.0,1994.0,2009.0,20400,0.0,0.0
2023-03-20 00:00:00+09:00,1998.0,2000.0,1975.0,1975.0,22900,0.0,0.0
2023-03-22 00:00:00+09:00,1999.0,2004.0,1989.0,1998.0,21200,0.0,0.0
2023-03-23 00:00:00+09:00,1986.0,2010.0,1972.0,2007.0,15700,0.0,0.0
2023-03-24 00:00:00+09:00,2007.0,2008.0,1994.0,2006.0,17100,0.0,0.0
2023-03-27 00:00:00+09:00,2003.0,2020.0,1995.0,2009.0,14000,0.0,0.0
2023-03-28 00:00:00+09:00,2009.0,2016.0,1994.0,1997.0,17200,0.0,0.0
2023-03-29 00:00:00+09:00,2017.0,2037.0,2011.0,2036.0,37900,0.0,0.0
2023-03-30 00:00:00+09:00,1996.0,2025.0,1993.0,2025.0,21600,0.0,0.0
2023-03-31 00:00:00+09:00,2038.0,2052.0,2032.0,2041.0,20000,0.0,0.0
2023-04-03 00:00:00+09:00,2055.0,2066.0,2034.0,2052.0,31100,0.0,0.0
2023-04-04 00:00:00+09:00,2052.0,2079.0,2052.0,2070.0,33600,0.0,0.0
2023-04-05 00:00:00+09:00,2042.0,2048.0,2009.0,2009.0,17600,0.0,0.0
2023-04-06 00:00:00+09:00,2006.0,2008.0,1994.0,2000.0,22400,0.0,0.0
2023-04-07 00:00:00+09:00,2008.0,2027.0,1999.0,2020.0,14300,0.0,0.0
2023-04-10 00:00:00+09:00,2033.0,2037.0,2004.0,2012.0,19900,0.0,0.0
2023-04-11 00:00:00+09:00,2020.0,2041.0,2018.0,2040.0,18400,0.0,0.0
2023-04-12 00:00:00+09:00,2040.0,2066.0,2040.0,2056.0,29500,0.0,0.0
2023-04-13 00:00:00+09:00,2056.0,2059.0,2031.0,2048.0,18700,0.0,0.0
2023-04-14 00:00:00+09:00,2060.0,2063.0,2049.0,2058.0,20700,0.0,0.0
2023-04-17 00:00:00+09:00,2067.0,2070.0,2050.0,2059.0,25600,0.0,0.0
2023-04-18 00:00:00+09:00,2068.0,2068.0,2049.0,2052.0,16900,0.0,0.0
2023-04-19 00:00:00+09:00,2045.0,2052.0,2033.0,2047.0,10500,0.0,0.0
2023-04-20 00:00:00+09:00,2047.0,2066.0,2042.0,2060.0,17100,0.0,0.0
2023-04-21 00:00:00+09:00,2067.0,2075.0,2060.0,2065.0,17900,0.0,0.0
2023-04-24 00:00:00+09:00,2071.0,2090.0,2066.0,2088.0,24500,0.0,0.0
2023-04-25 00:00:00+09:00,2095.0,2110.0,2089.0,2096.0,35200,0.0,0.0
2023-04-26 00:00:00+09:00,2096.0,2096.0,2068.0,2086.0,16000,0.0,0.0
2023-04-27 00:00:00+09:00,2086.0,2113.0,2073.0,2110.0,38400,0.0,0.0
2023-04-28 00:00:00+09:00,2130.0,2141.0,2113.0,2141.0,36300,0.0,0.0
2023-05-01 00:00:00+09:00,2145.0,2151.0,2134.0,2150.0,19900,0.0,0.0
2023-05-02 00:00:00+09:00,2158.0,2174.0,2148.0,2168.0,27400,0.0,0.0
2023-05-08 00:00:00+09:00,2168.0,2215.0,2168.0,2205.0,36000,0.0,0.0
2023-05-09 00:00:00+09:00,2205.0,2319.0,2163.0,2210.0,146200,0.0,0.0
2023-05-10 00:00:00+09:00,2207.0,2236.0,2182.0,2223.0,70300,0.0,0.0
2023-05-11 00:00:00+09:00,2211.0,2244.0,2198.0,2217.0,44500,0.0,0.0
2023-05-12 00:00:00+09:00,2216.0,2216.0,2184.0,2198.0,24300,0.0,0.0
2023-05-15 00:00:00+09:00,2201.0,2212.0,2185.0,2206.0,31000,0.0,0.0
2023-05-16 00:00:00+09:00,2213.0,2235.0,2203.0,2230.0,38900,0.0,0.0
2023-05-17 00:00:00+09:00,2230.0,2248.0,2218.0,2245.0,40600,0.0,0.0
2023-05-18 00:00:00+09:00,2260.0,2289.0,2249.0,2270.0,96900,0.0,0.0
2023-05-19 00:00:00+09:00,2278.0,2297.0,2267.0,2283.0,40600,0.0,0.0
2023-05-22 00:00:00+09:00,2280.0,2287.0,2247.0,2274.0,36200,0.0,0.0
2023-05-23 00:00:00+09:00,2288.0,2335.0,2282.0,2291.0,61100,0.0,0.0
2023-05-24 00:00:00+09:00,2271.0,2302.0,2271.0,2296.0,32100,0.0,0.0
2023-05-25 00:00:00+09:00,2300.0,2304.0,2253.0,2253.0,29500,0.0,0.0
2023-05-26 00:00:00+09:00,2264.0,2267.0,2226.0,2227.0,29700,0.0,0.0
2023-05-29 00:00:00+09:00,2245.0,2246.0,2207.0,2221.0,28700,0.0,0.0
2023-05-30 00:00:00+09:00,2221.0,2246.0,2189.0,2224.0,27100,0.0,0.0
2023-05-31 00:00:00+09:00,2204.0,2216.0,2190.0,2196.0,40500,0.0,0.0
2023-06-01 00:00:00+09:00,2195.0,2225.0,2195.0,2205.0,20500,0.0,0.0
2023-06-02 00:00:00+09:00,2211.0,2252.0,2202.0,2250.0,31900,0.0,0.0
2023-06-05 00:00:00+09:00,2250.0,2260.0,2215.0,2252.0,30400,0.0,0.0
2023-06-06 00:00:00+09:00,2216.0,2261.0,2213.0,2258.0,30200,0.0,0.0
2023-06-07 00:00:00+09:00,2269.0,2291.0,2259.0,2260.0,32800,0.0,0.0
2023-06-08 00:00:00+09:00,2275.0,2307.0,2275.0,2292.0,48200,0.0,0.0
2023-06-09 00:00:00+09:00,2324.0,2347.0,2323.0,2342.0,53800,0.0,0.0
2023-06-12 00:00:00+09:00,2348.0,2365.0,2335.0,2359.0,31000,0.0,0.0
2023-06-13 00:00:00+09:00,2373.0,2399.0,2360.0,2383.0,57400,0.0,0.0
2023-06-14 00:00:00+09:00,2395.0,2400.0,2352.0,2358.0,35300,0.0,0.0
2023-06-15 00:00:00+09:00,2363.0,2384.0,2361.0,2367.0,31300,0.0,0.0
2023-06-16 00:00:00+09:00,2399.0,2436.0,2382.0,2434.0,71300,0.0,0.0
2023-06-19 00:00:00+09:00,2468.0,2496.0,2468.0,2496.0,45900,0.0,0.0
2023-06-20 00:00:00+09:00,2484.0,2517.0,2484.0,2500.0,57100,0.0,0.0
2023-06-21 00:00:00+09:00,2486.0,2504.0,2473.0,2473.0,32700,0.0,0.0
2023-06-22 00:00:00+09:00,2478.0,2483.0,2413.0,2433.0,52000,0.0,0.0
2023-06-23 00:00:00+09:00,2451.0,2479.0,2393.0,2425.0,53800,0.0,0.0
2023-06-26 00:00:00+09:00,2391.0,2413.0,2377.0,2378.0,16200,0.0,0.0
2023-06-27 00:00:00+09:00,2389.0,2390.0,2343.0,2369.0,25900,0.0,0.0
2023-06-28 00:00:00+09:00,2400.0,2413.0,2388.0,2413.0,21100,0.0,0.0
2023-06-29 00:00:00+09:00,2416.0,2439.0,2416.0,2430.0,28500,0.0,0.0
2023-06-30 00:00:00+09:00,2422.0,2423.0,2398.0,2408.0,30500,0.0,0.0
2023-07-03 00:00:00+09:00,2406.0,2442.0,2406.0,2438.0,27900,0.0,0.0
2023-07-04 00:00:00+09:00,2444.0,2449.0,2428.0,2439.0,50200,0.0,0.0
2023-07-05 00:00:00+09:00,2407.0,2441.0,2380.0,2437.0,45100,0.0,0.0
2023-07-06 00:00:00+09:00,2414.0,2444.0,2410.0,2421.0,37600,0.0,0.0
2023-07-07 00:00:00+09:00,2397.0,2439.0,2375.0,2409.0,32600,0.0,0.0
2023-07-10 00:00:00+09:00,2421.0,2462.0,2413.0,2449.0,58300,0.0,0.0
2023-07-11 00:00:00+09:00,2460.0,2460.0,2413.0,2414.0,25600,0.0,0.0
2023-07-12 00:00:00+09:00,2414.0,2422.0,2392.0,2401.0,27900,0.0,0.0
2023-07-13 00:00:00+09:00,2401.0,2460.0,2387.0,2431.0,36400,0.0,0.0
2023-07-14 00:00:00+09:00,2460.0,2479.0,2429.0,2454.0,42100,0.0,0.0
2023-07-18 00:00:00+09:00,2452.0,2501.0,2446.0,2488.0,21800,0.0,0.0
2023-07-19 00:00:00+09:00,2514.0,2522.0,2461.0,2499.0,31900,0.0,0.0
2023-07-20 00:00:00+09:00,2502.0,2508.0,2456.0,2456.0,16900,0.0,0.0
2023-07-21 00:00:00+09:00,2437.0,2468.0,2421.0,2442.0,22100,0.0,0.0
2023-07-24 00:00:00+09:00,2456.0,2497.0,2449.0,2490.0,21800,0.0,0.0
2023-07-25 00:00:00+09:00,2502.0,2511.0,2476.0,2477.0,18700,0.0,0.0
2023-07-26 00:00:00+09:00,2465.0,2483.0,2461.0,2478.0,14300,0.0,0.0
2023-07-27 00:00:00+09:00,2456.0,2493.0,2456.0,2480.0,17600,0.0,0.0
2023-07-28 00:00:00+09:00,2462.0,2477.0,2450.0,2469.0,29900,0.0,0.0
2023-07-31 00:00:00+09:00,2500.0,2524.0,2497.0,2502.0,36100,0.0,0.0
2023-08-01 00:00:00+09:00,2517.0,2530.0,2504.0,2524.0,48100,0.0,0.0
2023-08-02 00:00:00+09:00,2925.0,2968.0,2831.0,2902.0,410100,0.0,0.0
2023-08-03 00:00:00+09:00,2875.0,2904.0,2711.0,2744.0,195200,0.0,0.0
2023-08-04 00:00:00+09:00,2735.0,2775.0,2733.0,2744.0,86600,0.0,0.0
2023-08-07 00:00:00+09:00,2750.0,2805.0,2750.0,2766.0,47800,0.0,0.0
2023-08-08 00:00:00+09:00,2754.0,2775.0,2750.0,2768.0,23000,0.0,0.0
2023-08-09 00:00:00+09:00,2780.0,2786.0,2720.0,2751.0,56000,0.0,0.0
2023-08-10 00:00:00+09:00,2745.0,2800.0,2743.0,2794.0,43300,0.0,0.0
2023-08-14 00:00:00+09:00,2798.0,2835.0,2790.0,2807.0,33700,0.0,0.0
2023-08-15 00:00:00+09:00,2807.0,2878.0,2807.0,2877.0,61100,0.0,0.0
2023-08-16 00:00:00+09:00,2870.0,2953.0,2870.0,2941.0,77900,0.0,0.0
2023-08-17 00:00:00+09:00,2950.0,2968.0,2890.0,2948.0,57200,0.0,0.0
2023-08-18 00:00:00+09:00,2950.0,2953.0,2900.0,2924.0,49300,0.0,0.0
2023-08-21 00:00:00+09:00,2909.0,2948.0,2883.0,2887.0,39400,0.0,0.0
2023-08-22 00:00:00+09:00,2915.0,2942.0,2891.0,2942.0,54300,0.0,0.0
2023-08-23 00:00:00+09:00,2931.0,2982.0,2931.0,2981.0,35800,0.0,0.0
2023-08-24 00:00:00+09:00,2985.0,3035.0,2982.0,3005.0,56400,0.0,0.0
2023-08-25 00:00:00+09:00,2975.0,2990.0,2929.0,2982.0,41000,0.0,0.0
2023-08-28 00:00:00+09:00,2986.0,3010.0,2982.0,3010.0,29300,0.0,0.0
2023-08-29 00:00:00+09:00,3035.0,3060.0,3015.0,3035.0,26500,0.0,0.0
2023-08-30 00:00:00+09:00,3060.0,3080.0,3030.0,3030.0,34900,0.0,0.0
2023-08-31 00:00:00+09:00,3040.0,3070.0,3025.0,3040.0,28800,0.0,0.0
2023-09-01 00:00:00+09:00,3040.0,3040.0,3010.0,3020.0,26400,0.0,0.0
2023-09-04 00:00:00+09:00,3040.0,3040.0,2997.0,3020.0,26800,0.0,0.0
2023-09-05 00:00:00+09:00,3020.0,3020.0,3000.0,3015.0,19800,0.0,0.0
2023-09-06 00:00:00+09:00,2999.0,3030.0,2991.0,3010.0,20200,0.0,0.0
2023-09-07 00:00:00+09:00,2971.0,3005.0,2964.0,2979.0,30200,0.0,0.0
2023-09-08 00:00:00+09:00,2944.0,2974.0,2903.0,2935.0,32400,0.0,0.0
2023-09-11 00:00:00+09:00,2945.0,2963.0,2899.0,2919.0,32700,0.0,0.0
2023-09-12 00:00:00+09:00,2917.0,2973.0,2917.0,2968.0,22800,0.0,0.0
2023-09-13 00:00:00+09:00,2970.0,2995.0,2938.0,2951.0,21900,0.0,0.0
2023-09-14 00:00:00+09:00,2945.0,3025.0,2945.0,3020.0,26800,0.0,0.0
2023-09-15 00:00:00+09:00,3085.0,3115.0,3050.0,3095.0,54900,0.0,0.0
2023-09-19 00:00:00+09:00,3120.0,3155.0,3085.0,3135.0,42500,0.0,0.0
2023-09-20 00:00:00+09:00,3105.0,3115.0,3065.0,3065.0,32100,0.0,0.0
2023-09-21 00:00:00+09:00,3060.0,3080.0,3030.0,3040.0,22300,0.0,0.0
2023-09-22 00:00:00+09:00,2990.0,3050.0,2962.0,3035.0,26700,0.0,0.0
2023-09-25 00:00:00+09:00,3070.0,3100.0,3040.0,3085.0,23800,0.0,0.0
2023-09-26 00:00:00+09:00,3055.0,3065.0,3025.0,3045.0,25400,0.0,0.0
2023-09-27 00:00:00+09:00,3015.0,3075.0,2990.0,3070.0,29000,0.0,0.0
2023-09-28 00:00:00+09:00,3030.0,3070.0,3025.0,3050.0,26400,0.0,0.0
2023-09-29 00:00:00+09:00,3075.0,3075.0,2987.0,2997.0,24400,0.0,0.0
2023-10-02 00:00:00+09:00,3005.0,3055.0,2996.0,3005.0,30400,0.0,0.0
2023-10-03 00:00:00+09:00,2972.0,2976.0,2917.0,2933.0,34100,0.0,0.0
2023-10-04 00:00:00+09:00,2910.0,2922.0,2876.0,2889.0,48300,0.0,0.0
2023-10-05 00:00:00+09:00,2889.0,2960.0,2889.0,2959.0,48300,0.0,0.0
2023-10-06 00:00:00+09:00,2985.0,3040.0,2976.0,3015.0,36700,0.0,0.0
2023-10-10 00:00:00+09:00,3045.0,3100.0,3045.0,3070.0,38700,0.0,0.0
2023-10-11 00:00:00+09:00,3095.0,3095.0,3020.0,3025.0,30600,0.0,0.0
2023-10-12 00:00:00+09:00,3025.0,3075.0,3020.0,3070.0,24600,0.0,0.0
2023-10-13 00:00:00+09:00,3060.0,3075.0,3005.0,3025.0,32800,0.0,0.0
2023-10-16 00:00:00+09:00,3020.0,3020.0,2950.0,2964.0,32600,0.0,0.0
2023-10-17 00:00:00+09:00,3015.0,3020.0,2962.0,2977.0,21300,0.0,0.0
2023-10-18 00:00:00+09:00,3000.0,3010.0,2965.0,2999.0,19700,0.0,0.0
2023-10-19 00:00:00+09:00,2964.0,2991.0,2858.0,2972.0,25000,0.0,0.0
2023-10-20 00:00:00+09:00,2984.0,2999.0,2953.0,2986.0,19400,0.0,0.0
2023-10-23 00:00:00+09:00,3000.0,3020.0,2984.0,2984.0,33400,0.0,0.0
2023-10-24 00:00:00+09:00,3000.0,3010.0,2891.0,2978.0,28600,0.0,0.0
2023-10-25 00:00:00+09:00,2987.0,3015.0,2957.0,2970.0,24900,0.0,0.0
2023-10-26 00:00:00+09:00,2972.0,2973.0,2894.0,2914.0,20000,0.0,0.0
2023-10-27 00:00:00+09:00,2929.0,2976.0,2922.0,2975.0,39900,0.0,0.0
2023-10-30 00:00:00+09:00,2971.0,2975.0,2917.0,2937.0,141800,0.0,0.0
2023-10-31 00:00:00+09:00,2974.0,2991.0,2922.0,2991.0,39600,0.0,0.0
2023-11-01 00:00:00+09:00,3020.0,3055.0,3005.0,3005.0,20100,0.0,0.0
2023-11-02 00:00:00+09:00,3005.0,3040.0,2968.0,2981.0,20200,0.0,0.0
2023-11-06 00:00:00+09:00,3050.0,3055.0,3010.0,3045.0,27700,0.0,0.0
2023-11-07 00:00:00+09:00,3010.0,3045.0,2991.0,2995.0,16800,0.0,0.0
2023-11-08 00:00:00+09:00,3015.0,3015.0,2884.0,2900.0,26600,0.0,0.0
2023-11-09 00:00:00+09:00,2912.0,2927.0,2874.0,2887.0,25400,0.0,0.0
2023-11-10 00:00:00+09:00,2872.0,2946.0,2748.0,2807.0,272700,0.0,0.0
2023-11-13 00:00:00+09:00,2807.0,2851.0,2740.0,2843.0,87500,0.0,0.0
2023-11-14 00:00:00+09:00,2803.0,2837.0,2795.0,2798.0,37200,0.0,0.0
2023-11-15 00:00:00+09:00,2811.0,2811.0,2753.0,2800.0,44200,0.0,0.0
2023-11-16 00:00:00+09:00,2790.0,2808.0,2758.0,2759.0,29600,0.0,0.0
2023-11-17 00:00:00+09:00,2758.0,2810.0,2758.0,2810.0,20300,0.0,0.0
2023-11-20 00:00:00+09:00,2811.0,2813.0,2769.0,2769.0,17000,0.0,0.0
2023-11-21 00:00:00+09:00,2798.0,2798.0,2770.0,2781.0,23400,0.0,0.0
2023-11-22 00:00:00+09:00,2759.0,2795.0,2759.0,2789.0,19200,0.0,0.0
2023-11-24 00:00:00+09:00,2810.0,2810.0,2782.0,2785.0,20400,0.0,0.0
2023-11-27 00:00:00+09:00,2808.0,2810.0,2775.0,2775.0,14800,0.0,0.0
2023-11-28 00:00:00+09:00,2750.0,2764.0,2728.0,2741.0,39400,0.0,0.0
2023-11-29 00:00:00+09:00,2720.0,2747.0,2687.0,2743.0,38800,0.0,0.0
2023-11-30 00:00:00+09:00,2743.0,2773.0,2732.0,2768.0,20800,0.0,0.0
2023-12-01 00:00:00+09:00,2773.0,2787.0,2740.0,2742.0,31700,0.0,0.0
2023-12-04 00:00:00+09:00,2742.0,2742.0,2706.0,2725.0,17700,0.0,0.0
2023-12-05 00:00:00+09:00,2707.0,2731.0,2675.0,2676.0,40000,0.0,0.0
2023-12-06 00:00:00+09:00,2676.0,2729.0,2676.0,2718.0,26900,0.0,0.0
2023-12-07 00:00:00+09:00,2700.0,2716.0,2690.0,2702.0,22700,0.0,0.0
2023-12-08 00:00:00+09:00,2676.0,2709.0,2640.0,2662.0,52200,0.0,0.0
2023-12-11 00:00:00+09:00,2677.0,2703.0,2663.0,2703.0,37700,0.0,0.0
2023-12-12 00:00:00+09:00,2702.0,2734.0,2702.0,2717.0,23400,0.0,0.0
2023-12-13 00:00:00+09:00,2728.0,2746.0,2703.0,2709.0,33600,0.0,0.0
2023-12-14 00:00:00+09:00,2709.0,2716.0,2641.0,2651.0,37100,0.0,0.0
2023-12-15 00:00:00+09:00,2640.0,2655.0,2624.0,2639.0,33200,0.0,0.0
2023-12-18 00:00:00+09:00,2600.0,2625.0,2583.0,2618.0,31500,0.0,0.0
2023-12-19 00:00:00+09:00,2622.0,2634.0,2603.0,2615.0,29100,0.0,0.0
2023-12-20 00:00:00+09:00,2608.0,2643.0,2608.0,2634.0,39300,0.0,0.0
2023-12-21 00:00:00+09:00,2608.0,2609.0,2586.0,2598.0,26500,0.0,0.0
2023-12-22 00:00:00+09:00,2586.0,2655.0,2586.0,2655.0,26800,0.0,0.0
2023-12-25 00:00:00+09:00,2695.0,2727.0,2656.0,2656.0,45600,0.0,0.0
2023-12-26 00:00:00+09:00,2656.0,2688.0,2655.0,2676.0,22900,0.0,0.0
2023-12-27 00:00:00+09:00,2676.0,2704.0,2676.0,2694.0,21100,0.0,0.0
2023-12-28 00:00:00+09:00,2694.0,2712.0,2693.0,2698.0,12300,0.0,0.0
2023-12-29 00:00:00+09:00,2714.0,2714.0,2687.0,2705.0,13400,0.0,0.0
2024-01-04 00:00:00+09:00,2705.0,2731.0,2675.0,2720.0,27400,0.0,0.0
2024-01-05 00:00:00+09:00,2741.0,2749.0,2694.0,2703.0,37600,0.0,0.0
2024-01-09 00:00:00+09:00,2709.0,2724.0,2700.0,2714.0,20700,0.0,0.0
2024-01-10 00:00:00+09:00,2729.0,2767.0,2728.0,2760.0,32500,0.0,0.0
2024-01-11 00:00:00+09:00,2788.0,2819.0,2788.0,2811.0,37300,0.0,0.0
2024-01-12 00:00:00+09:00,2811.0,2824.0,2768.0,2785.0,22400,0.0,0.0
2024-01-15 00:00:00+09:00,2807.0,2827.0,2799.0,2826.0,3200,0.0,0.0
2024-01-16 00:00:00+09:00,2807.0,2833.0,2799.0,2814.0,21100,0.0,0.0
2024-01-17 00:00:00+09:00,2827.0,2854.0,2808.0,2808.0,30800,0.0,0.0
2024-01-18 00:00:00+09:00,2817.0,2862.0,2812.0,2856.0,22700,0.0,0.0
2024-01-19 00:00:00+09:00,2865.0,2892.0,2856.0,2890.0,32600,0.0,0.0
2024-01-22 00:00:00+09:00,2920.0,2936.0,2910.0,2912.0,27700,0.0,0.0
2024-01-23 00:00:00+09:00,2933.0,2959.0,2919.0,2925.0,26400,0.0,0.0
2024-01-24 00:00:00+09:00,2946.0,2948.0,2908.0,2925.0,29900,0.0,0.0
2024-01-25 00:00:00+09:00,2905.0,2951.0,2900.0,2951.0,24300,0.0,0.0
2024-01-26 00:00:00+09:00,2951.0,2980.0,2934.0,2973.0,31700,0.0,0.0
2024-01-29 00:00:00+09:00,2990.0,3025.0,2990.0,3000.0,33100,0.0,0.0
2024-01-30 00:00:00+09:00,3010.0,3010.0,2966.0,2967.0,29800,0.0,0.0
2024-01-31 00:00:00+09:00,2940.0,2966.0,2922.0,2961.0,24500,0.0,0.0
2024-02-01 00:00:00+09:00,2948.0,2981.0,2934.0,2963.0,20400,0.0,0.0
2024-02-02 00:00:00+09:00,2940.0,2964.0,2930.0,2954.0,20600,0.0,0.0
2024-02-05 00:00:00+09:00,2981.0,3035.0,2981.0,3025.0,37700,0.0,0.0
2024-02-06 00:00:00+09:00,2982.0,3070.0,2982.0,3060.0,57700,0.0,0.0
2024-02-07 00:00:00+09:00,2890.0,2905.0,2820.0,2867.0,295200,0.0,0.0
2024-02-08 00:00:00+09:00,2867.0,2892.0,2823.0,2828.0,120900,0.0,0.0
2024-02-09 00:00:00+09:00,2821.0,2865.0,2807.0,2856.0,56700,0.0,0.0
2024-02-13 00:00:00+09:00,2878.0,2878.0,2812.0,2877.0,66500,0.0,0.0
2024-02-14 00:00:00+09:00,2873.0,2895.0,2840.0,2862.0,43000,0.0,0.0
2024-02-15 00:00:00+09:00,2889.0,2889.0,2781.0,2784.0,64500,0.0,0.0
2024-02-16 00:00:00+09:00,2780.0,2804.0,2776.0,2793.0,57800,0.0,0.0
2024-02-19 00:00:00+09:00,2789.0,2814.0,2785.0,2810.0,50500,0.0,0.0
2024-02-20 00:00:00+09:00,2821.0,2847.0,2807.0,2824.0,44500,0.0,0.0
2024-02-21 00:00:00+09:00,2836.0,2860.0,2828.0,2857.0,27500,0.0,0.0
2024-02-22 00:00:00+09:00,2870.0,2875.0,2836.0,2859.0,45000,0.0,0.0
2024-02-26 00:00:00+09:00,2836.0,2842.0,2812.0,2816.0,70400,0.0,0.0
2024-02-27 00:00:00+09:00,2811.0,2827.0,2789.0,2800.0,93700,0.0,0.0
2024-02-28 00:00:00+09:00,2796.0,2826.0,2793.0,2816.0,47900,0.0,0.0
2024-02-29 00:00:00+09:00,2822.0,2826.0,2802.0,2822.0,44100,0.0,0.0
2024-03-01 00:00:00+09:00,2829.0,2835.0,2811.0,2819.0,58100,0.0,0.0
2024-03-04 00:00:00+09:00,2840.0,2854.0,2820.0,2824.0,87600,0.0,0.0
2024-03-05 00:00:00+09:00,2850.0,2910.0,2828.0,2901.0,49100,0.0,0.0
2024-03-06 00:00:00+09:00,2904.0,2964.0,2892.0,2947.0,72100,0.0,0.0
2024-03-07 00:00:00+09:00,2970.0,2970.0,2905.0,2929.0,44100,0.0,0.0
2024-03-08 00:00:00+09:00,2906.0,2995.0,2906.0,2995.0,45700,0.0,0.0
2024-03-11 00:00:00+09:00,2993.0,2993.0,2921.0,2956.0,33400,0.0,0.0
2024-03-12 00:00:00+09:00,2942.0,2994.0,2937.0,2994.0,33100,0.0,0.0
2024-03-13 00:00:00+09:00,3030.0,3030.0,2939.0,2954.0,38800,0.0,0.0
2024-03-14 00:00:00+09:00,2951.0,2968.0,2931.0,2947.0,18100,0.0,0.0
2024-03-15 00:00:00+09:00,2948.0,3005.0,2948.0,2984.0,22000,0.0,0.0
2024-03-18 00:00:00+09:00,2984.0,2996.0,2968.0,2982.0,19900,0.0,0.0
2024-03-19 00:00:00+09:00,2982.0,3025.0,2975.0,3015.0,39100,0.0,0.0
2024-03-21 00:00:00+09:00,3020.0,3050.0,3015.0,3045.0,21600,0.0,0.0
2024-03-22 00:00:00+09:00,3040.0,3085.0,3020.0,3045.0,56900,0.0,0.0
2024-03-25 00:00:00+09:00,3060.0,3095.0,3050.0,3085.0,34200,0.0,0.0
2024-03-26 00:00:00+09:00,3055.0,3120.0,3055.0,3095.0,33500,0.0,0.0
2024-03-27 00:00:00+09:00,3095.0,3105.0,3065.0,3080.0,49400,0.0,0.0
2024-03-28 00:00:00+09:00,2971.0,3050.0,2959.0,3030.0,39900,0.0,0.0
2024-03-29 00:00:00+09:00,3035.0,3035.0,3010.0,3025.0,6700,0.0,0.0
2024-04-01 00:00:00+09:00,3040.0,3040.0,2980.0,2981.0,28400,0.0,0.0
2024-04-02 00:00:00+09:00,2981.0,3010.0,2978.0,2983.0,24900,0.0,0.0
2024-04-03 00:00:00+09:00,2981.0,2995.0,2955.0,2976.0,27800,0.0,0.0
2024-04-04 00:00:00+09:00,2980.0,2980.0,2910.0,2929.0,27100,0.0,0.0
2024-04-05 00:00:00+09:00,2895.0,2923.0,2877.0,2899.0,25800,0.0,0.0
2024-04-08 00:00:00+09:00,2900.0,2924.0,2900.0,2923.0,15000,0.0,0.0
2024-04-09 00:00:00+09:00,2915.0,2970.0,2915.0,2970.0,25300,0.0,0.0
2024-04-10 00:00:00+09:00,2977.0,3040.0,2967.0,3040.0,28500,0.0,0.0
2024-04-11 00:00:00+09:00,3030.0,3030.0,2976.0,2988.0,17900,0.0,0.0
2024-04-12 00:00:00+09:00,2988.0,3020.0,2983.0,3015.0,16300,0.0,0.0
2024-04-15 00:00:00+09:00,2980.0,2993.0,2956.0,2984.0,13500,0.0,0.0
2024-04-16 00:00:00+09:00,2954.0,2967.0,2901.0,2916.0,27000,0.0,0.0
2024-04-17 00:00:00+09:00,2911.0,2925.0,2866.0,2895.0,20700,0.0,0.0
2024-04-18 00:00:00+09:00,2883.0,2950.0,2877.0,2925.0,17900,0.0,0.0
2024-04-19 00:00:00+09:00,2913.0,2920.0,2843.0,2876.0,28100,0.0,0.0
2024-04-22 00:00:00+09:00,2883.0,2917.0,2872.0,2915.0,14700,0.0,0.0
2024-04-23 00:00:00+09:00,2908.0,2934.0,2908.0,2917.0,12400,0.0,0.0
2024-04-24 00:00:00+09:00,2905.0,2948.0,2900.0,2936.0,23600,0.0,0.0
2024-04-25 00:00:00+09:00,2929.0,2936.0,2890.0,2890.0,14900,0.0,0.0
2024-04-26 00:00:00+09:00,2893.0,2917.0,2867.0,2905.0,14200,0.0,0.0
2024-04-30 00:00:00+09:00,2920.0,3015.0,2920.0,3005.0,32200,0.0,0.0
2024-05-01 00:00:00+09:00,2997.0,3005.0,2946.0,2973.0,22900,0.0,0.0
2024-05-02 00:00:00+09:00,2975.0,3000.0,2975.0,2995.0,15300,0.0,0.0
2024-05-07 00:00:00+09:00,2980.0,2991.0,2957.0,2980.0,15700,0.0,0.0
2024-05-08 00:00:00+09:00,2957.0,3055.0,2869.0,2970.0,168200,0.0,0.0
2024-05-09 00:00:00+09:00,2965.0,3010.0,2919.0,2951.0,32000,0.0,0.0
2024-05-10 00:00:00+09:00,2951.0,2958.0,2930.0,2945.0,18700,0.0,0.0
2024-05-13 00:00:00+09:00,2942.0,2942.0,2906.0,2917.0,19100,0.0,0.0
2024-05-14 00:00:00+09:00,2917.0,2923.0,2885.0,2906.0,24900,0.0,0.0
2024-05-15 00:00:00+09:00,2927.0,2930.0,2902.0,2925.0,8200,0.0,0.0
2024-05-16 00:00:00+09:00,2925.0,2926.0,2888.0,2899.0,13400,0.0,0.0
2024-05-17 00:00:00+09:00,2890.0,2915.0,2881.0,2888.0,17200,0.0,0.0
2024-05-20 00:00:00+09:00,2915.0,2929.0,2900.0,2923.0,20300,0.0,0.0
2024-05-21 00:00:00+09:00,2943.0,2955.0,2904.0,2906.0,15200,0.0,0.0
2024-05-22 00:00:00+09:00,2929.0,2929.0,2906.0,2908.0,14100,0.0,0.0
2024-05-23 00:00:00+09:00,2926.0,2963.0,2909.0,2957.0,22100,0.0,0.0
2024-05-24 00:00:00+09:00,2934.0,2980.0,2928.0,2979.0,16600,0.0,0.0
2024-05-27 00:00:00+09:00,2978.0,2978.0,2926.0,2956.0,9100,0.0,0.0
2024-05-28 00:00:00+09:00,2939.0,2957.0,2917.0,2925.0,9100,0.0,0.0
2024-05-29 00:00:00+09:00,2949.0,2949.0,2902.0,2904.0,10600,0.0,0.0
2024-05-30 00:00:00+09:00,2871.0,2930.0,2871.0,2929.0,20400,0.0,0.0
2024-05-31 00:00:00+09:00,2928.0,2939.0,2914.0,2936.0,16100,0.0,0.0
2024-06-03 00:00:00+09:00,2946.0,2968.0,2941.0,2949.0,23500,0.0,0.0
2024-06-04 00:00:00+09:00,2962.0,2972.0,2951.0,2963.0,21000,0.0,0.0
2024-06-05 00:00:00+09:00,2951.0,2964.0,2932.0,2956.0,15200,0.0,0.0
2024-06-06 00:00:00+09:00,2944.0,2993.0,2944.0,2986.0,46100,0.0,0.0
2024-06-07 00:00:00+09:00,2986.0,3025.0,2986.0,3025.0,54600,0.0,0.0
2024-06-10 00:00:00+09:00,3045.0,3045.0,3000.0,3020.0,19100,0.0,0.0
2024-06-11 00:00:00+09:00,3015.0,3040.0,3000.0,3015.0,21200,0.0,0.0
2024-06-12 00:00:00+09:00,3000.0,3030.0,2981.0,2992.0,29700,0.0,0.0
2024-06-13 00:00:00+09:00,3000.0,3000.0,2930.0,2936.0,17300,0.0,0.0
2024-06-14 00:00:00+09:00,2936.0,3040.0,2936.0,3040.0,29600,0.0,0.0
2024-06-17 00:00:00+09:00,3045.0,3045.0,2965.0,2991.0,24300,0.0,0.0
2024-06-18 00:00:00+09:00,2947.0,2995.0,2947.0,2986.0,13500,0.0,0.0
2024-06-19 00:00:00+09:00,2987.0,3040.0,2987.0,3035.0,15800,0.0,0.0
2024-06-20 00:00:00+09:00,3035.0,3055.0,3010.0,3015.0,15500,0.0,0.0
2024-06-21 00:00:00+09:00,3010.0,3050.0,2997.0,3005.0,25600,0.0,0.0
2024-06-24 00:00:00+09:00,3005.0,3025.0,2978.0,3020.0,17400,0.0,0.0
2024-06-25 00:00:00+09:00,3030.0,3060.0,3010.0,3050.0,30100,0.0,0.0
2024-06-26 00:00:00+09:00,3060.0,3080.0,3040.0,3080.0,19300,0.0,0.0
2024-06-27 00:00:00+09:00,3080.0,3090.0,3050.0,3090.0,22700,0.0,0.0
2024-06-28 00:00:00+09:00,3095.0,3100.0,3070.0,3090.0,18600,0.0,0.0
2024-07-01 00:00:00+09:00,3105.0,3155.0,3105.0,3155.0,36400,0.0,0.0
2024-07-02 00:00:00+09:00,3150.0,3160.0,3130.0,3145.0,29200,0.0,0.0
2024-07-03 00:00:00+09:00,3125.0,3155.0,3125.0,3150.0,17100,0.0,0.0
2024-07-04 00:00:00+09:00,3215.0,3230.0,3155.0,3180.0,50200,0.0,0.0
2024-07-05 00:00:00+09:00,3175.0,3175.0,3145.0,3155.0,13100,0.0,0.0
2024-07-08 00:00:00+09:00,3140.0,3155.0,3110.0,3120.0,20200,0.0,0.0
2024-07-09 00:00:00+09:00,3110.0,3150.0,3110.0,3125.0,17300,0.0,0.0
2024-07-10 00:00:00+09:00,3150.0,3150.0,2978.0,3100.0,33500,0.0,0.0
2024-07-11 00:00:00+09:00,3110.0,3125.0,3090.0,3120.0,15700,0.0,0.0
2024-07-12 00:00:00+09:00,3100.0,3145.0,3070.0,3080.0,20500,0.0,0.0
2024-07-16 00:00:00+09:00,3140.0,3155.0,3120.0,3150.0,21200,0.0,0.0
2024-07-17 00:00:00+09:00,3165.0,3190.0,3140.0,3190.0,29800,0.0,0.0
2024-07-18 00:00:00+09:00,3165.0,3195.0,3135.0,3155.0,15200,0.0,0.0
2024-07-19 00:00:00+09:00,3155.0,3155.0,3080.0,3080.0,13400,0.0,0.0
2024-07-22 00:00:00+09:00,3075.0,3110.0,3015.0,3020.0,12200,0.0,0.0
2024-07-23 00:00:00+09:00,3055.0,3090.0,3045.0,3080.0,10100,0.0,0.0
2024-07-24 00:00:00+09:00,3080.0,3080.0,3025.0,3025.0,12700,0.0,0.0
2024-07-25 00:00:00+09:00,3020.0,3040.0,3000.0,3020.0,22200,0.0,0.0
2024-07-26 00:00:00+09:00,3000.0,3040.0,2992.0,2993.0,13200,0.0,0.0
2024-07-29 00:00:00+09:00,3035.0,3045.0,3010.0,3040.0,18700,0.0,0.0
2024-07-30 00:00:00+09:00,3030.0,3035.0,2995.0,3025.0,20100,0.0,0.0
2024-07-31 00:00:00+09:00,2993.0,3065.0,2983.0,3065.0,19700,0.0,0.0
2024-08-01 00:00:00+09:00,3040.0,3045.0,2978.0,2985.0,27100,0.0,0.0
2024-08-02 00:00:00+09:00,2945.0,2955.0,2850.0,2850.0,46800,0.0,0.0
2024-08-05 00:00:00+09:00,2729.0,2779.0,2350.0,2350.0,53000,0.0,0.0
2024-08-06 00:00:00+09:00,2467.0,2783.0,2467.0,2639.0,36700,0.0,0.0
2024-08-07 00:00:00+09:00,2689.0,2830.0,2650.0,2710.0,29100,0.0,0.0
2024-08-08 00:00:00+09:00,2710.0,2744.0,2685.0,2712.0,29600,0.0,0.0
2024-08-09 00:00:00+09:00,2762.0,2819.0,2696.0,2736.0,28100,0.0,0.0
2024-08-13 00:00:00+09:00,2806.0,2806.0,2737.0,2765.0,14200,0.0,0.0
2024-08-14 00:00:00+09:00,2765.0,2799.0,2741.0,2774.0,12200,0.0,0.0
2024-08-15 00:00:00+09:00,2814.0,2819.0,2771.0,2774.0,15000,0.0,0.0
2024-08-16 00:00:00+09:00,2817.0,2831.0,2799.0,2831.0,16200,0.0,0.0
2024-08-19 00:00:00+09:00,2830.0,2839.0,2804.0,2804.0,20700,0.0,0.0
2024-08-20 00:00:00+09:00,2825.0,2862.0,2811.0,2833.0,11000,0.0,0.0
2024-08-21 00:00:00+09:00,2833.0,2851.0,2806.0,2818.0,10200,0.0,0.0
2024-08-22 00:00:00+09:00,2841.0,2841.0,2801.0,2836.0,15800,0.0,0.0
2024-08-23 00:00:00+09:00,2848.0,2874.0,2839.0,2855.0,17600,0.0,0.0
2024-08-26 00:00:00+09:00,2883.0,2890.0,2858.0,2864.0,13600,0.0,0.0
2024-08-27 00:00:00+09:00,2900.0,2946.0,2900.0,2923.0,12000,0.0,0.0
2024-08-28 00:00:00+09:00,2947.0,2947.0,2873.0,2894.0,10400,0.0,0.0
2024-08-29 00:00:00+09:00,2890.0,2935.0,2890.0,2926.0,18400,0.0,0.0
2024-08-30 00:00:00+09:00,2930.0,2960.0,2926.0,2950.0,17800,0.0,0.0
2024-09-02 00:00:00+09:00,2987.0,2987.0,2919.0,2950.0,14200,0.0,0.0
2024-09-03 00:00:00+09:00,2950.0,2963.0,2936.0,2944.0,11400,0.0,0.0
2024-09-04 00:00:00+09:00,2894.0,2927.0,2859.0,2873.0,22400,0.0,0.0
2024-09-05 00:00:00+09:00,2882.0,2941.0,2860.0,2900.0,22100,0.0,0.0
2024-09-06 00:00:00+09:00,2930.0,2947.0,2858.0,2887.0,26400,0.0,0.0
2024-09-09 00:00:00+09:00,2811.0,2889.0,2783.0,2869.0,24200,0.0,0.0
2024-09-10 00:00:00+09:00,2885.0,2891.0,2848.0,2868.0,13800,0.0,0.0
2024-09-11 00:00:00+09:00,2864.0,2890.0,2796.0,2809.0,24200,0.0,0.0
2024-09-12 00:00:00+09:00,2829.0,2859.0,2820.0,2839.0,22100,0.0,0.0
2024-09-13 00:00:00+09:00,2834.0,2844.0,2797.0,2807.0,21700,0.0,0.0
2024-09-17 00:00:00+09:00,2807.0,2851.0,2787.0,2840.0,20800,0.0,0.0
2024-09-18 00:00:00+09:00,2860.0,2871.0,2830.0,2871.0,15400,0.0,0.0
2024-09-19 00:00:00+09:00,2890.0,2909.0,2861.0,2882.0,14700,0.0,0.0
2024-09-20 00:00:00+09:00,2884.0,2911.0,2872.0,2902.0,15700,0.0,0.0
2024-09-24 00:00:00+09:00,2915.0,2943.0,2905.0,2915.0,13600,0.0,0.0
2024-09-25 00:00:00+09:00,2923.0,2935.0,2882.0,2923.0,24600,0.0,0.0
2024-09-26 00:00:00+09:00,2932.0,2965.0,2923.0,2953.0,35100,0.0,0.0
2024-09-27 00:00:00+09:00,2895.0,2916.0,2861.0,2895.0,28300,0.0,0.0
2024-09-30 00:00:00+09:00,2840.0,2854.0,2812.0,2818.0,28800,0.0,0.0
2024-10-01 00:00:00+09:00,2850.0,2869.0,2831.0,2846.0,12200,0.0,0.0
2024-10-02 00:00:00+09:00,2833.0,2871.0,2828.0,2848.0,18700,0.0,0.0
2024-10-03 00:00:00+09:00,2898.0,2898.0,2853.0,2853.0,10400,0.0,0.0
2024-10-04 00:00:00+09:00,2878.0,2914.0,2878.0,2903.0,11600,0.0,0.0
2024-10-07 00:00:00+09:00,2946.0,2946.0,2917.0,2935.0,12500,0.0,0.0
2024-10-08 00:00:00+09:00,2902.0,2939.0,2890.0,2901.0,15000,0.0,0.0
2024-10-09 00:00:00+09:00,2940.0,2965.0,2913.0,2956.0,16500,0.0,0.0
2024-10-10 00:00:00+09:00,2967.0,2967.0,2941.0,2965.0,12600,0.0,0.0
2024-10-11 00:00:00+09:00,2965.0,3000.0,2954.0,2982.0,21800,0.0,0.0
2024-10-15 00:00:00+09:00,3010.0,3010.0,2980.0,2986.0,12800,0.0,0.0
2024-10-16 00:00:00+09:00,2958.0,3035.0,2936.0,2987.0,23000,0.0,0.0
2024-10-18 00:00:00+09:00,3005.0,3020.0,2995.0,3015.0,12200,0.0,0.0
