Date,Open,High,Low,Close,Volume,Dividends,Stock Splits
1997-02-07 00:00:00-05:00,8.93842642957514,8.98808435418389,8.590820957313884,8.739794731140137,1745820,0.0,0.0
1997-02-10 00:00:00-05:00,8.7397952065871,8.7397952065871,8.441847642726175,8.516334533691406,324260,0.0,0.0
1997-02-11 00:00:00-05:00,8.491505413386173,8.69013711896246,8.491505413386173,8.590821266174316,156260,0.0,0.0
1997-02-12 00:00:00-05:00,8.640476494504695,8.640476494504695,8.441844850952862,8.49150276184082,99380,0.0,0.0
1997-02-13 00:00:00-05:00,8.441848754882812,8.491506688735065,8.441848754882812,8.441848754882812,149400,0.0,0.0
1997-02-14 00:00:00-05:00,8.541164622587317,8.541164622587317,8.441848754882812,8.441848754882812,66820,0.0,0.0
1997-02-18 00:00:00-05:00,8.491506688735065,8.491506688735065,8.441848754882812,8.441848754882812,27040,0.0,0.0
1997-02-19 00:00:00-05:00,8.491506688735065,8.541164622587317,8.441848754882812,8.441848754882812,53320,0.0,0.0
1997-02-20 00:00:00-05:00,8.441843232112145,8.541159034842876,8.243211626650682,8.31769847869873,183460,0.0,0.0
1997-02-21 00:00:00-05:00,8.29287338256836,8.392189231461394,8.193557533675325,8.29287338256836,55660,0.0,0.0
1997-02-24 00:00:00-05:00,8.243217019473805,8.441848754882812,8.243217019473805,8.441848754882812,52820,0.0,0.0
1997-02-25 00:00:00-05:00,8.34253133427013,8.739794731140137,8.29287340966138,8.739794731140137,75000,0.0,0.0
1997-02-26 00:00:00-05:00,8.88877015955308,8.88877015955308,8.1439011517693,8.441848754882812,65540,0.0,0.0
1997-02-27 00:00:00-05:00,8.491502498758251,8.739792045505569,8.491502498758251,8.64047622680664,37780,0.0,0.0
1997-02-28 00:00:00-05:00,8.590818060319977,8.839107599635582,8.491502244593734,8.789449691772461,48200,0.0,0.0
1997-03-03 00:00:00-05:00,8.789452655748887,8.789452655748887,8.640478881922636,8.739794731140137,110020,0.0,0.0
1997-03-04 00:00:00-05:00,8.690132853690159,8.839106559753418,8.640474951669072,8.839106559753418,96700,0.0,0.0
1997-03-05 00:00:00-05:00,8.888764920442,9.335686061693274,8.78944911127505,9.137054443359375,119860,0.0,0.0
1997-03-06 00:00:00-05:00,9.335687546502976,9.534319196428571,9.18671380905878,9.385345458984375,87420,0.0,0.0
1997-03-07 00:00:00-05:00,9.48466291030248,9.633636673291525,9.435004989306133,9.534320831298828,140040,0.0,0.0
1997-03-10 00:00:00-05:00,9.583977202151683,9.683293028080717,9.286029724364585,9.335687637329102,138120,0.0,0.0
1997-03-11 00:00:00-05:00,9.435000966806882,9.435000966806882,9.037737768204487,9.087395668029785,67760,0.0,0.0
1997-03-12 00:00:00-05:00,9.186714172363281,9.186714172363281,9.087398343472868,9.186714172363281,26220,0.0,0.0
1997-03-13 00:00:00-05:00,9.186715384324392,9.732952515284222,9.087399542331696,9.534320831298828,87460,0.0,0.0
1997-03-14 00:00:00-05:00,9.58398077999734,9.58398077999734,9.385349053987033,9.484664916992188,53840,0.0,0.0
1997-03-17 00:00:00-05:00,9.583976745605469,9.633634656204462,9.484660924407486,9.583976745605469,62000,0.0,0.0
1997-03-18 00:00:00-05:00,9.633634656204462,9.633634656204462,9.534318835006477,9.583976745605469,22140,0.0,0.0
1997-03-19 00:00:00-05:00,9.633638711499918,9.633638711499918,9.484664916992188,9.484664916992188,46580,0.0,0.0
1997-03-20 00:00:00-05:00,9.583978752295177,9.633636673291525,9.48466291030248,9.534320831298828,53720,0.0,0.0
1997-03-21 00:00:00-05:00,9.633634656204462,9.633634656204462,9.484660924407486,9.583976745605469,19120,0.0,0.0
1997-03-24 00:00:00-05:00,9.583975918921729,9.583975918921729,9.484660106290415,9.509489059448242,17900,0.0,0.0
1997-03-25 00:00:00-05:00,9.583976745605469,9.583976745605469,9.534318835006477,9.583976745605469,15140,0.0,0.0
1997-03-26 00:00:00-05:00,9.53431950783243,9.7826090783489,9.53431950783243,9.732951164245605,61880,0.0,0.0
1997-03-27 00:00:00-05:00,9.732948225766874,9.88192192310004,9.732948225766874,9.78260612487793,22540,0.0,0.0
1997-03-31 00:00:00-05:00,9.832265234485114,9.832265234485114,9.583975708361754,9.633633613586426,23600,0.0,0.0
1997-04-01 00:00:00-05:00,9.633635336039019,9.732951164245605,9.53431950783243,9.732951164245605,32020,0.0,0.0
1997-04-02 00:00:00-05:00,9.683293250142313,9.7826090783489,9.633635336039019,9.732951164245605,81500,0.0,0.0
1997-04-03 00:00:00-05:00,9.782610436280569,9.782610436280569,9.534320831298828,9.534320831298828,9680,0.0,0.0
1997-04-04 00:00:00-05:00,9.633633613586426,9.633633613586426,9.53431780313708,9.633633613586426,4400,0.0,0.0
1997-04-07 00:00:00-04:00,9.534320831298828,9.683294594287872,9.534320831298828,9.534320831298828,7000,0.0,0.0
1997-04-08 00:00:00-04:00,9.53431780313708,9.633633613586426,9.484659897912408,9.633633613586426,3600,0.0,0.0
1997-04-09 00:00:00-04:00,9.484659275255705,9.633632981149775,9.435001373291016,9.435001373291016,8980,0.0,0.0
1997-04-10 00:00:00-04:00,9.534320831298828,9.534320831298828,9.385347068309784,9.534320831298828,3840,0.0,0.0
1997-04-11 00:00:00-04:00,9.385345458984375,9.435003371465774,9.286029634021578,9.385345458984375,23400,0.0,0.0
1997-04-14 00:00:00-04:00,9.385345458984375,9.385345458984375,9.286029634021578,9.385345458984375,18600,0.0,0.0
1997-04-15 00:00:00-04:00,9.385343471326326,9.435001373291016,9.335685569361637,9.435001373291016,2820,0.0,0.0
1997-04-16 00:00:00-04:00,9.385345550293618,9.48466137622265,9.335687637329102,9.335687637329102,3600,0.0,0.0
1997-04-17 00:00:00-04:00,9.484659031609803,9.53431693229886,8.888764223341125,8.988080024719238,54260,0.0,0.0
1997-04-18 00:00:00-04:00,9.037738167837764,9.037738167837764,8.094238029437118,8.839106559753418,353960,0.0,0.0
1997-04-21 00:00:00-04:00,8.93842887878418,9.137060631646051,8.888770940568712,8.93842887878418,31380,0.0,0.0
1997-04-22 00:00:00-04:00,8.938421968553888,9.236369367505684,8.938421968553888,9.087395668029785,17560,0.0,0.0
1997-04-23 00:00:00-04:00,9.005348371422809,9.205467224121094,9.005348371422809,9.205467224121094,12680,0.85,0.0
1997-04-24 00:00:00-04:00,9.205467140281593,9.255496853000516,9.005348289405907,9.10540771484375,10740,0.0,0.0
1997-04-25 00:00:00-04:00,9.15543738517972,9.15543738517972,9.055377960205078,9.055377960205078,11680,0.0,0.0
1997-04-28 00:00:00-04:00,9.15543738517972,9.15543738517972,8.905288822743115,9.055377960205078,27180,0.0,0.0
1997-04-29 00:00:00-04:00,9.055383671654596,9.055383671654596,8.905294439527724,9.005353927612305,27520,0.0,0.0
1997-04-30 00:00:00-04:00,9.10540771484375,9.10540771484375,8.955318576686984,9.10540771484375,5760,0.0,0.0
1997-05-01 00:00:00-04:00,9.105410413308578,9.105410413308578,8.755202320489015,8.805232048034668,59780,0.0,0.0
1997-05-02 00:00:00-04:00,8.80522743949677,9.055375946300655,8.705168036775216,8.955316543579102,73300,0.0,0.0
1997-05-05 00:00:00-04:00,8.955318535230436,9.055377960205078,8.955318535230436,9.055377960205078,22540,0.0,0.0
1997-05-06 00:00:00-04:00,9.055376861872299,9.055376861872299,8.905287742614746,8.905287742614746,25640,0.0,0.0
1997-05-07 00:00:00-04:00,8.905294439527724,9.055383671654596,8.905294439527724,9.005353927612305,24100,0.0,0.0
1997-05-08 00:00:00-04:00,9.005347155453114,9.005347155453114,8.905287742614746,8.905287742614746,7640,0.0,0.0
1997-05-09 00:00:00-04:00,9.005348247717757,9.055377960205078,8.855259110255794,9.055377960205078,49300,0.0,0.0
1997-05-12 00:00:00-04:00,9.055376157083147,9.155435562133789,9.005346454557825,9.155435562133789,9680,0.0,0.0
1997-05-13 00:00:00-04:00,9.155437510946523,9.205467224121094,9.105407797771951,9.205467224121094,16460,0.0,0.0
1997-05-14 00:00:00-04:00,9.205468249577349,9.305527687072754,9.155438530829645,9.305527687072754,35200,0.0,0.0
1997-05-15 00:00:00-04:00,9.305529645148743,9.40558910369873,9.25549991587375,9.40558910369873,15260,0.0,0.0
1997-05-16 00:00:00-04:00,9.455615066286757,9.50564477563219,9.355555647595892,9.480629920959473,11160,0.0,0.0
1997-05-19 00:00:00-04:00,9.405590136845905,9.65573881069819,9.405590136845905,9.605709075927734,62360,0.0,0.0
1997-05-20 00:00:00-04:00,9.605709075927734,9.65573881069819,9.555679341157276,9.605709075927734,68020,0.0,0.0
1997-05-21 00:00:00-04:00,9.655734106437448,9.755793527229546,9.605704396041398,9.705763816833496,31540,0.0,0.0
1997-05-22 00:00:00-04:00,9.705768604767629,9.805828074919873,9.705768604767629,9.75579833984375,19500,0.0,0.0
1997-05-23 00:00:00-04:00,9.755793615263334,9.905882747805848,9.755793615263334,9.80582332611084,24360,0.0,0.0
1997-05-27 00:00:00-04:00,9.905887545072115,9.905887545072115,9.75579833984375,9.75579833984375,46520,0.0,0.0
1997-05-28 00:00:00-04:00,9.755793658609923,9.855853080749512,9.755793658609923,9.855853080749512,51700,0.0,0.0
1997-05-29 00:00:00-04:00,9.855857809995994,9.855857809995994,9.705768604767629,9.75579833984375,6780,0.0,0.0
1997-05-30 00:00:00-04:00,9.705763947540127,9.855853080749512,9.705763947540127,9.855853080749512,6340,0.0,0.0
1997-06-02 00:00:00-04:00,9.905882747805848,9.905882747805848,9.80582332611084,9.80582332611084,3620,0.0,0.0
1997-06-03 00:00:00-04:00,9.905882791819305,9.905882791819305,9.805823369679716,9.855853080749512,8860,0.0,0.0
1997-06-04 00:00:00-04:00,9.90588665008545,9.955916380641435,9.805827188973474,9.90588665008545,10580,0.0,0.0
1997-06-05 00:00:00-04:00,9.955916380641435,9.955916380641435,9.90588665008545,9.90588665008545,22220,0.0,0.0
1997-06-06 00:00:00-04:00,9.955916380641435,9.955916380641435,9.805827188973474,9.90588665008545,16940,0.0,0.0
1997-06-09 00:00:00-04:00,9.955916380641435,9.955916380641435,9.855856919529462,9.90588665008545,16320,0.0,0.0
1997-06-10 00:00:00-04:00,9.955911636352539,10.055971049783219,9.855852222921861,9.955911636352539,21460,0.0,0.0
1997-06-11 00:00:00-04:00,9.955916380641435,10.005946111197423,9.855856919529462,9.90588665008545,8360,0.0,0.0
1997-06-12 00:00:00-04:00,10.005941343067878,10.055971049783219,9.955911636352539,9.955911636352539,4860,0.0,0.0
1997-06-13 00:00:00-04:00,9.955913581848145,10.055973014831544,9.955913581848145,10.005943298339844,4700,0.0,0.0
1997-06-16 00:00:00-04:00,9.955915507985585,10.055974960327148,9.955915507985585,10.055974960327148,7180,0.0,0.0
1997-06-17 00:00:00-04:00,10.055975902110264,10.055975902110264,9.955916440397724,10.030961036682129,22140,0.0,0.0
1997-06-18 00:00:00-04:00,10.106004686497931,10.156034412668712,10.055974960327148,10.055974960327148,15080,0.0,0.0
1997-06-19 00:00:00-04:00,10.206064196055747,10.206064196055747,10.106004743153239,10.156034469604492,11560,0.0,0.0
1997-06-20 00:00:00-04:00,10.106002882415174,10.25609203413421,10.106002882415174,10.206062316894531,4060,0.0,0.0
1997-06-23 00:00:00-04:00,10.15602964930015,10.256089054711975,10.105999946594238,10.105999946594238,4980,0.0,0.0
1997-06-24 00:00:00-04:00,10.106002731323242,10.20606216430664,9.955913581848145,10.005943298339844,48200,0.0,0.0
1997-06-25 00:00:00-04:00,10.156034469604492,10.206064196055747,10.055975016701986,10.156034469604492,4480,0.0,0.0
1997-06-26 00:00:00-04:00,10.206064138839494,10.206064138839494,10.005945234156366,10.055974960327148,5420,0.0,0.0
1997-06-27 00:00:00-04:00,10.15602964930015,10.15602964930015,10.005940541182415,10.105999946594238,420,0.0,0.0
1997-06-30 00:00:00-04:00,10.005940541182415,10.206059352006063,10.005940541182415,10.105999946594238,5420,0.0,0.0
1997-07-01 00:00:00-04:00,10.055970243888327,10.206059352006063,10.005940541182415,10.105999946594238,14200,0.0,0.0
1997-07-02 00:00:00-04:00,10.055974456386817,10.055974456386817,10.0059447327232,10.012198448181152,2700,0.0,0.0
1997-07-03 00:00:00-04:00,10.055974960327148,10.055974960327148,10.005945234156366,10.055974960327148,6860,0.0,0.0
1997-07-07 00:00:00-04:00,10.005940541182415,10.105999946594238,10.005940541182415,10.105999946594238,3080,0.0,0.0
1997-07-08 00:00:00-04:00,10.15602964930015,10.15602964930015,10.005940541182415,10.105999946594238,14980,0.0,0.0
1997-07-09 00:00:00-04:00,10.156034469604492,10.206064196055747,10.055975016701986,10.156034469604492,25300,0.0,0.0
1997-07-10 00:00:00-04:00,10.206059352006063,10.206059352006063,10.105999946594238,10.105999946594238,1940,0.0,0.0
1997-07-11 00:00:00-04:00,10.055973165175494,10.25609203413421,10.055973165175494,10.206062316894531,31800,0.0,0.0
1997-07-14 00:00:00-04:00,10.256093865010277,10.256093865010277,10.055974960327148,10.055974960327148,17780,0.0,0.0
1997-07-15 00:00:00-04:00,10.105999946594238,10.105999946594238,10.005940541182415,10.105999946594238,40180,0.0,0.0
1997-07-16 00:00:00-04:00,10.106000756498558,10.106000756498558,9.855852222921861,9.955911636352539,19280,0.0,0.0
1997-07-17 00:00:00-04:00,9.955916380641435,10.005946111197423,9.90588665008545,9.90588665008545,4760,0.0,0.0
1997-07-18 00:00:00-04:00,10.005943447935815,10.206062316894531,9.905884013456458,10.206062316894531,11880,0.0,0.0
1997-07-21 00:00:00-04:00,10.206064196055747,10.206064196055747,10.055975016701986,10.156034469604492,9480,0.0,0.0
1997-07-22 00:00:00-04:00,10.15602964930015,10.15602964930015,10.005940541182415,10.105999946594238,16660,0.0,0.0
1997-07-23 00:00:00-04:00,10.005946177177382,10.106005638949156,10.005946177177382,10.043468475341797,8020,0.0,0.0
1997-07-24 00:00:00-04:00,10.156038390758425,10.906484577267669,10.156038390758425,10.75639533996582,37040,0.0,0.0
1997-07-25 00:00:00-04:00,10.756390811081959,11.256688058109027,10.556271912271132,11.156628608703613,18880,0.0,0.0
1997-07-28 00:00:00-04:00,11.15663055843777,11.25669002532959,10.906481891208225,11.25669002532959,9160,0.0,0.0
1997-07-29 00:00:00-04:00,11.174140002046313,11.476143785885403,11.174140002046313,11.274807929992676,7040,0.85,0.0
1997-07-30 00:00:00-04:00,11.22447681427002,11.526480674743652,11.22447681427002,11.476146697998047,10140,0.0,0.0
1997-07-31 00:00:00-04:00,11.375472893002884,11.52647474556487,11.073469187878914,11.12380313873291,10320,0.0,0.0
1997-08-01 00:00:00-04:00,11.224475374071108,11.224475374071108,11.073473463209165,11.148974418640137,11180,0.0,0.0
1997-08-04 00:00:00-04:00,11.174140912836249,11.174140912836249,11.07347297668457,11.07347297668457,11280,0.0,0.0
1997-08-05 00:00:00-04:00,11.174138952832703,11.174138952832703,10.872135197350737,10.972803115844727,11300,0.0,0.0
1997-08-06 00:00:00-04:00,10.972803007881597,10.972803007881597,10.670799255371094,10.670799255371094,5660,0.0,0.0
1997-08-07 00:00:00-04:00,10.872137069702148,10.872137069702148,10.670801198040996,10.872137069702148,11720,0.0,0.0
1997-08-08 00:00:00-04:00,10.670791679704694,10.872127371774594,10.62045775668722,10.721125602722168,2020,0.0,0.0
1997-08-11 00:00:00-04:00,10.821803518088467,10.821803518088467,10.368797789424299,10.44429874420166,8500,0.0,0.0
1997-08-12 00:00:00-04:00,10.469465237219357,10.57013317219262,10.318463334759462,10.368797302246094,17820,0.0,0.0
1997-08-13 00:00:00-04:00,10.368788668004479,10.419122593577315,10.31845474243164,10.31845474243164,17860,0.0,0.0
1997-08-14 00:00:00-04:00,10.368788668004479,10.368788668004479,10.31845474243164,10.31845474243164,8000,0.0,0.0
1997-08-15 00:00:00-04:00,10.318463334759462,10.419131269732725,10.2177953997862,10.368797302246094,29260,0.0,0.0
1997-08-18 00:00:00-04:00,10.368796320522533,10.368796320522533,10.1674604696386,10.268128395080566,8920,0.0,0.0
1997-08-19 00:00:00-04:00,10.268127514765812,10.519797306794386,10.167459597954382,10.469463348388672,24540,0.0,0.0
1997-08-20 00:00:00-04:00,10.570128344107365,10.570128344107365,10.368792566124368,10.419126510620117,8460,0.0,0.0
1997-08-21 00:00:00-04:00,10.368795431577242,10.519797306794386,10.368795431577242,10.469463348388672,16100,0.0,0.0
1997-08-22 00:00:00-04:00,10.469462417529531,10.519796371459961,10.368794509668671,10.519796371459961,6160,0.0,0.0
1997-08-25 00:00:00-04:00,10.469462417529531,10.519796371459961,10.419128463599101,10.519796371459961,18180,0.0,0.0
1997-08-26 00:00:00-04:00,10.419129389982956,10.519797306794386,10.419129389982956,10.469463348388672,11620,0.0,0.0
1997-08-27 00:00:00-04:00,10.519796371459961,10.519796371459961,10.419128463599101,10.519796371459961,1100,0.0,0.0
1997-08-28 00:00:00-04:00,10.469465237219357,10.519799204705988,10.368797302246094,10.368797302246094,12940,0.0,0.0
1997-08-29 00:00:00-04:00,10.519796371459961,10.519796371459961,10.368794509668671,10.519796371459961,3200,0.0,0.0
1997-09-02 00:00:00-04:00,10.519796371459961,10.570130325390393,10.469462417529531,10.519796371459961,1960,0.0,0.0
1997-09-03 00:00:00-04:00,10.570127733292118,10.922465324401855,10.570127733292118,10.922465324401855,6820,0.0,0.0
1997-09-04 00:00:00-04:00,10.922469156597732,11.02313707509172,10.821801238103744,10.972803115844727,6780,0.0,0.0
1997-09-05 00:00:00-04:00,10.872137104381213,11.677480593594638,10.872137104381213,11.07347297668457,15240,0.0,0.0
1997-09-08 00:00:00-04:00,11.274808848987925,11.325142817063766,11.07347297668457,11.07347297668457,3140,0.0,0.0
1997-09-09 00:00:00-04:00,11.123806038073132,11.325141893965858,11.123806038073132,11.274807929992676,4880,0.0,0.0
1997-09-10 00:00:00-04:00,11.123803138732908,11.274804991294895,11.123803138732908,11.12380313873291,2360,0.0,0.0
1997-09-11 00:00:00-04:00,11.073471103702579,11.174139022827148,11.023137144140295,11.174139022827148,2080,0.0,0.0
1997-09-12 00:00:00-04:00,10.997973452745136,11.325144287723823,10.972806465439081,11.249643325805664,9500,0.0,0.0
1997-09-15 00:00:00-04:00,11.274807010076742,11.526476809408813,11.274807010076742,11.37547492980957,35040,0.0,0.0
1997-09-16 00:00:00-04:00,11.47613903499385,11.47613903499385,11.325137205586035,11.42580509185791,21280,0.0,0.0
1997-09-17 00:00:00-04:00,11.476142849542398,11.476142849542398,11.224473050210328,11.37547492980957,6900,0.0,0.0
1997-09-18 00:00:00-04:00,11.375471247797428,11.576807022094727,11.325137304223102,11.576807022094727,5620,0.0,0.0
1997-09-19 00:00:00-04:00,11.576810769275227,11.576810769275227,11.274807010076742,11.37547492980957,5300,0.0,0.0
1997-09-22 00:00:00-04:00,11.42580882063857,11.42580882063857,11.174139022827148,11.174139022827148,3040,0.0,0.0
1997-09-23 00:00:00-04:00,11.325136857098698,11.325136857098698,10.922465324401855,10.922465324401855,7560,0.0,0.0
1997-09-24 00:00:00-04:00,11.023138973448011,11.023138973448011,10.721135165956284,10.872137069702148,4100,0.0,0.0
1997-09-25 00:00:00-04:00,10.922468974040104,10.922468974040104,10.469463348388672,10.469463348388672,15200,0.0,0.0
1997-09-26 00:00:00-04:00,10.570130437334008,10.872134164114978,10.519796482870511,10.771466255187988,34780,0.0,0.0
1997-09-29 00:00:00-04:00,10.87213138281475,10.97279926598896,10.77146349964054,10.922465324401855,14820,0.0,0.0
1997-09-30 00:00:00-04:00,10.972801882173316,11.425807464464874,10.872133974997414,11.400640487670898,38220,0.0,0.0
1997-10-01 00:00:00-04:00,11.27480687132669,11.476142708314667,10.972803115844727,10.972803115844727,9280,0.0,0.0
1997-10-02 00:00:00-04:00,11.123801529925803,11.576807022094727,11.023133642777154,11.576807022094727,28060,0.0,0.0
1997-10-03 00:00:00-04:00,11.677473068237305,11.677473068237305,11.576805196959397,11.677473068237305,1580,0.0,0.0
1997-10-06 00:00:00-04:00,11.677482604980469,11.677482604980469,11.476146697998047,11.476146697998047,3660,0.0,0.0
1997-10-07 00:00:00-04:00,11.476146697998047,11.526480674743652,11.32514476776123,11.476146697998047,3040,0.0,0.0
1997-10-08 00:00:00-04:00,11.52647878390886,11.7278146578636,11.32514290995412,11.62714672088623,10420,0.0,0.0
1997-10-09 00:00:00-04:00,11.727813605751312,11.727813605751312,11.174140002046313,11.274807929992676,17380,0.0,0.0
1997-10-10 00:00:00-04:00,11.375478744506836,11.476146697998047,11.174142837524414,11.476146697998047,8260,0.0,0.0
1997-10-13 00:00:00-04:00,11.476146697998047,11.476146697998047,11.32514476776123,11.476146697998047,7940,0.0,0.0
1997-10-14 00:00:00-04:00,11.476144847464054,11.828482627868652,11.476144847464054,11.828482627868652,10360,0.0,0.0
1997-10-15 00:00:00-04:00,11.677483550503721,11.979487435430542,11.627149569682585,11.778151512145996,9140,0.0,0.0
1997-10-16 00:00:00-04:00,12.331815789103025,13.086824919048107,12.231147905110348,12.432483673095703,116200,0.0,0.0
1997-10-17 00:00:00-04:00,12.331819591983672,12.482821464538574,12.23115167694707,12.482821464538574,16120,0.0,0.0
1997-10-20 00:00:00-04:00,12.382149731099364,12.432483673095703,12.331815789103025,12.432483673095703,25820,0.0,0.0
1997-10-21 00:00:00-04:00,12.583489636428483,13.43916693170562,12.482821719337055,13.18749713897705,37840,0.0,0.0
1997-10-22 00:00:00-04:00,13.237831097522765,13.338499014614191,12.885493387702766,13.18749713897705,15240,0.0,0.0
1997-10-23 00:00:00-04:00,13.053920610148916,13.155113793173326,12.446761512002455,12.80093765258789,19160,0.85,0.0
1997-10-24 00:00:00-04:00,12.800937943085879,12.800937943085879,12.497358387123368,12.623849868774414,18140,0.0,0.0
1997-10-27 00:00:00-05:00,12.396171569824217,12.598558044433593,11.738415527343749,11.890205383300781,34380,0.0,0.0
1997-10-28 00:00:00-05:00,11.73840815226237,12.294970607757568,11.434828631083171,12.143180847167969,54340,0.0,0.0
1997-10-29 00:00:00-05:00,12.143184520580151,12.294974327087402,12.092587918411066,12.294974327087402,29740,0.0,0.0
1997-10-30 00:00:00-05:00,12.143180847167969,12.193777434031169,11.99139108657837,12.143180847167969,14240,0.0,0.0
1997-10-31 00:00:00-05:00,11.99139108657837,12.193777434031169,11.99139108657837,12.143180847167969,14260,0.0,0.0
1997-11-03 00:00:00-05:00,12.143191169289981,12.143191169289981,11.991401279673857,12.041997909545898,24460,0.0,0.0
1997-11-04 00:00:00-05:00,12.0925874710083,12.0925874710083,12.041990870711196,12.0925874710083,7800,0.0,0.0
1997-11-05 00:00:00-05:00,12.244376542657243,12.29497313994095,12.143183348089828,12.193779945373535,20300,0.0,0.0
1997-11-06 00:00:00-05:00,12.193780624841283,12.193780624841283,11.7384112239136,11.966095924377441,12660,0.0,0.0
1997-11-07 00:00:00-05:00,11.738410232413528,11.839603424072266,11.586620444925423,11.839603424072266,60320,0.0,0.0
1997-11-10 00:00:00-05:00,11.839602223758039,11.89019881445786,11.637215860958756,11.738409042358398,3600,0.0,0.0
1997-11-11 00:00:00-05:00,11.738410232413528,11.890200019901634,11.68781363658416,11.839603424072266,33300,0.0,0.0
1997-11-12 00:00:00-05:00,11.687816035229227,11.789009247655454,11.637219429016113,11.637219429016113,6040,0.0,0.0
1997-11-13 00:00:00-05:00,11.63722398455051,11.789013862609863,11.53603073251094,11.789013862609863,11440,0.0,0.0
1997-11-14 00:00:00-05:00,11.789008944721546,12.244378388938257,11.738412339808578,11.94079875946045,120900,0.0,0.0
1997-11-17 00:00:00-05:00,12.294981058906107,12.294981058906107,11.940804649801816,12.041997909545898,6580,0.0,0.0
1997-11-18 00:00:00-05:00,12.193782992769428,12.294976212626436,12.09258977291242,12.168484687805176,4740,0.0,0.0
1997-11-19 00:00:00-05:00,12.294970526444285,12.649146632144326,12.01668930053711,12.01668930053711,23820,0.0,0.0
1997-11-20 00:00:00-05:00,12.143184520580151,12.294974327087402,11.9913947140729,12.294974327087402,2320,0.0,0.0
1997-11-21 00:00:00-05:00,12.345568608179127,12.44676179349207,12.14318223755324,12.250699996948242,7440,0.0,0.0
1997-11-24 00:00:00-05:00,12.294970607757568,12.345567194620768,12.143180847167969,12.143180847167969,14600,0.0,0.0
1997-11-25 00:00:00-05:00,12.345567194620768,12.345567194620768,12.143180847167969,12.143180847167969,4140,0.0,0.0
1997-11-26 00:00:00-05:00,12.143184520580151,12.345570929256487,12.143184520580151,12.294974327087402,1280,0.0,0.0
1997-11-28 00:00:00-05:00,12.34557056427002,12.34557056427002,12.143184161577068,12.34557056427002,600,0.0,0.0
1997-12-01 00:00:00-05:00,12.294974327087402,12.345570929256487,12.193781122749234,12.294974327087402,9960,0.0,0.0
1997-12-02 00:00:00-05:00,12.396165027618409,12.649147987365723,12.294971843719484,12.649147987365723,7760,0.0,0.0
1997-12-03 00:00:00-05:00,12.649154856137418,12.750348094986517,12.49736499786377,12.49736499786377,7760,0.0,0.0
1997-12-04 00:00:00-05:00,12.497363293506057,12.69974974360332,12.497363293506057,12.598556518554688,9320,0.0,0.0
1997-12-05 00:00:00-05:00,12.69974974360332,12.69974974360332,12.547959906030373,12.598556518554688,8860,0.0,0.0
1997-12-08 00:00:00-05:00,12.623852584385636,12.800940696791848,12.573255980841004,12.775642395019531,21220,0.0,0.0
1997-12-09 00:00:00-05:00,12.649150483636744,12.77564198847311,12.598553881702196,12.699747085571289,7840,0.0,0.0
1997-12-10 00:00:00-05:00,12.775639467239381,12.800937763214112,12.59855139541626,12.649147987365723,3940,0.0,0.0
1997-12-11 00:00:00-05:00,12.446760368347167,12.750339889526368,11.890197912851969,12.143180847167969,8380,0.0,0.0
1997-12-12 00:00:00-05:00,12.143191169289981,12.244384429034065,12.041997909545898,12.041997909545898,4360,0.0,0.0
1997-12-15 00:00:00-05:00,12.041991316241983,12.39616753142557,12.041991316241983,12.294974327087402,14680,0.0,0.0
1997-12-16 00:00:00-05:00,12.244378089904785,12.294974693582079,12.143184882550202,12.244378089904785,11380,0.0,0.0
1997-12-17 00:00:00-05:00,12.143181767956964,12.244374949356605,11.637215860958756,11.738409042358398,14320,0.0,0.0
1997-12-18 00:00:00-05:00,11.586619732672709,11.687812918110899,11.207145287279497,11.536023139953613,15280,0.0,0.0
1997-12-19 00:00:00-05:00,11.333636316759833,11.738409042358398,11.333636316759833,11.738409042358398,6340,0.0,0.0
1997-12-22 00:00:00-05:00,11.536026768924371,11.738413203466903,11.283043725746204,11.561325073242188,3480,0.0,0.0
1997-12-23 00:00:00-05:00,11.536021933091426,11.586618520517264,11.434828758239746,11.434828758239746,16280,0.0,0.0
1997-12-24 00:00:00-05:00,11.384236117649506,11.58662253751883,11.232446302747512,11.283042907714844,6920,0.0,0.0
1997-12-26 00:00:00-05:00,11.333636769077234,11.738409510829992,11.333636769077234,11.536023139953613,7640,0.0,0.0
1997-12-29 00:00:00-05:00,11.637215107943105,11.738408282794785,11.434828758239746,11.434828758239746,11020,0.0,0.0
1997-12-30 00:00:00-05:00,11.536024587494985,11.536024587494985,11.232444993087222,11.333638191223145,11460,0.0,0.0
1997-12-31 00:00:00-05:00,11.48543090483474,11.48543090483474,11.333641069088024,11.460132598876953,18200,0.0,0.0
1998-01-02 00:00:00-05:00,11.485425345665586,11.485425345665586,11.283038995962228,11.434828758239746,4220,0.0,0.0
1998-01-05 00:00:00-05:00,11.333638962233783,11.687815179803588,11.28304235972381,11.35893726348877,105920,0.0,0.0
1998-01-06 00:00:00-05:00,11.232442855834961,11.384232624157056,11.080653087512866,11.232442855834961,25720,0.0,0.0
1998-01-07 00:00:00-05:00,11.181847332819412,11.333637115617865,11.030057550020958,11.08065414428711,8100,0.0,0.0
1998-01-08 00:00:00-05:00,11.030059882878188,11.333639512682174,11.030059882878188,11.283042907714844,20440,0.0,0.0
1998-01-09 00:00:00-05:00,11.131249528876097,11.283039295178954,10.979459762573242,10.979459762573242,20060,0.0,0.0
1998-01-12 00:00:00-05:00,10.979459712379857,11.232442655061421,10.422897238480417,10.574687004089355,26400,0.0,0.0
1998-01-13 00:00:00-05:00,10.574692006464357,10.979464906233328,10.574692006464357,10.928868293762207,16120,0.0,0.0
1998-01-14 00:00:00-05:00,11.030057550020958,11.13125073855326,10.878267767222505,11.08065414428711,8320,0.0,0.0
1998-01-15 00:00:00-05:00,10.928863173805624,11.080652940108479,10.903564879421815,10.979459762573242,32820,0.0,0.0
1998-01-16 00:00:00-05:00,11.131248218101142,11.333634549339346,10.97945846967249,11.30833625793457,43980,0.0,0.0
1998-01-20 00:00:00-05:00,11.333639512682174,11.333639512682174,11.257744605231178,11.283042907714844,35480,0.0,0.0
1998-01-21 00:00:00-05:00,11.283042907714844,11.333639512682174,11.232446302747512,11.283042907714844,7300,0.0,0.0
1998-01-22 00:00:00-05:00,11.35227168064851,11.35227168064851,10.537758914323954,10.588665962219238,53740,0.85,0.0
1998-01-23 00:00:00-05:00,10.537758497434243,11.046828956247492,10.537758497434243,10.894107818603516,30340,0.0,0.0
1998-01-26 00:00:00-05:00,10.894108168575743,11.199550453675997,10.894108168575743,11.097736358642578,65340,0.0,0.0
1998-01-27 00:00:00-05:00,11.097746965572306,11.505003734951105,11.046839869399955,11.250468254089355,38020,0.0,0.0
1998-01-28 00:00:00-05:00,11.352275779655388,11.454089912208351,11.148647514549461,11.301368713378906,12800,0.0,0.0
1998-01-29 00:00:00-05:00,11.301368849618095,11.403182983398438,11.14864764894758,11.403182983398438,9880,0.0,0.0
1998-01-30 00:00:00-05:00,11.403181957022491,11.403181957022491,11.250460770098083,11.352274894714355,36120,0.0,0.0
1998-02-02 00:00:00-05:00,11.352275916508265,11.403182983398438,11.19955471583775,11.403182983398438,5280,0.0,0.0
1998-02-03 00:00:00-05:00,11.250461782727923,11.403182983398438,11.250461782727923,11.403182983398438,3940,0.0,0.0
1998-02-04 00:00:00-05:00,11.250457501192706,11.403178643742834,10.99592226360916,11.097736358642578,19040,0.0,0.0
1998-02-05 00:00:00-05:00,11.097741061091973,11.199555199267127,10.995926922916818,11.046833992004395,14340,0.0,0.0
1998-02-06 00:00:00-05:00,11.046828956247492,11.046828956247492,10.894107818603516,10.894107818603516,6200,0.0,0.0
1998-02-09 00:00:00-05:00,11.02138039138582,11.046833925777012,10.945019788212246,10.995926856994629,37760,0.0,0.0
1998-02-10 00:00:00-05:00,11.046833925777012,11.046833925777012,10.995926856994629,10.995926856994629,24900,0.0,0.0
1998-02-11 00:00:00-05:00,11.046833925777012,11.046833925777012,10.995926856994629,10.995926856994629,33380,0.0,0.0
1998-02-12 00:00:00-05:00,11.02138039138582,11.02138039138582,10.995926856994629,10.995926856994629,17880,0.0,0.0
1998-02-13 00:00:00-05:00,11.021379364368526,11.021379364368526,10.945018768310547,10.945018768310547,8580,0.0,0.0
1998-02-17 00:00:00-05:00,11.046833925777012,11.046833925777012,10.945019788212246,10.995926856994629,7460,0.0,0.0
1998-02-18 00:00:00-05:00,11.046827243518278,11.046827243518278,10.894106129552588,11.008646965026855,10700,0.0,0.0
1998-02-19 00:00:00-05:00,11.046833958967177,11.046833958967177,10.995926890031845,11.021380424499512,3680,0.0,0.0
1998-02-20 00:00:00-05:00,10.995921910366166,10.995921910366166,10.894107818603516,10.894107818603516,5140,0.0,0.0
1998-02-23 00:00:00-05:00,10.995926856994629,11.02138039138582,10.894112719429865,10.995926856994629,11920,0.0,0.0
1998-02-24 00:00:00-05:00,11.02138039138582,11.02138039138582,10.894112719429865,10.995926856994629,6360,0.0,0.0
1998-02-25 00:00:00-05:00,10.894107818603516,10.995921910366166,10.894107818603516,10.894107818603516,7960,0.0,0.0
1998-02-26 00:00:00-05:00,10.995926856994629,11.046833925777012,10.894112719429865,10.995926856994629,9580,0.0,0.0
1998-02-27 00:00:00-05:00,11.021380457460605,11.046833992004395,10.995926922916818,11.046833992004395,1880,0.0,0.0
1998-03-02 00:00:00-05:00,10.945018768310547,11.046832896387853,10.894111704271893,10.945018768310547,11620,0.0,0.0
1998-03-03 00:00:00-05:00,10.945019788212246,10.995926856994629,10.945019788212246,10.995926856994629,2900,0.0,0.0
1998-03-04 00:00:00-05:00,10.995926856994629,10.995926856994629,10.894112719429865,10.995926856994629,4340,0.0,0.0
1998-03-05 00:00:00-05:00,10.894107818603516,10.995921910366166,10.792293726840867,10.894107818603516,8620,0.0,0.0
1998-03-06 00:00:00-05:00,11.046832896387853,11.046832896387853,10.894111704271893,10.945018768310547,10600,0.0,0.0
1998-03-09 00:00:00-05:00,10.995926856994629,11.046833925777012,10.894112719429865,10.995926856994629,53640,0.0,0.0
1998-03-10 00:00:00-05:00,11.046833925777012,11.046833925777012,10.741391513082716,10.995926856994629,12900,0.0,0.0
1998-03-11 00:00:00-05:00,10.995926922916818,11.14864813017955,10.843205715654083,11.046833992004395,30660,0.0,0.0
1998-03-12 00:00:00-05:00,10.995926856994629,11.199555132124159,10.995926856994629,10.995926856994629,9520,0.0,0.0
1998-03-13 00:00:00-05:00,10.995926922916818,11.097741061091973,10.995926922916818,11.046833992004395,4720,0.0,0.0
1998-03-16 00:00:00-05:00,11.097742202065207,11.352277573672207,11.097742202065207,11.199556350708008,8820,0.0,0.0
1998-03-17 00:00:00-05:00,11.19955471583775,11.403182983398438,11.097740582057408,11.403182983398438,10360,0.0,0.0
1998-03-18 00:00:00-05:00,11.55590652697014,11.810441913026752,11.352278218124852,11.75953483581543,13460,0.0,0.0
1998-03-19 00:00:00-05:00,11.810437084537266,11.810437084537266,11.606808858941797,11.734076499938965,5080,0.0,0.0
1998-03-20 00:00:00-05:00,11.708626991663223,11.963162361047207,11.657719917786427,11.91225528717041,3060,0.0,0.0
1998-03-23 00:00:00-05:00,11.60681019799184,12.014066696166992,11.60681019799184,12.014066696166992,8120,0.0,0.0
1998-03-24 00:00:00-05:00,11.912252580103853,11.912252580103853,11.352274894714355,11.352274894714355,11680,0.0,0.0
1998-03-25 00:00:00-05:00,11.352278048532051,11.708627583687766,11.352278048532051,11.606813430786133,8020,0.0,0.0
1998-03-26 00:00:00-05:00,11.45408821105957,11.657716445922851,11.45408821105957,11.45408821105957,2240,0.0,0.0
1998-03-27 00:00:00-05:00,11.657720507236949,11.657720507236949,11.403185124982867,11.606813430786133,720,0.0,0.0
1998-03-30 00:00:00-05:00,11.606813430786133,11.606813430786133,11.403185124982867,11.606813430786133,29540,0.0,0.0
1998-03-31 00:00:00-05:00,11.403185124982867,11.606813430786133,11.403185124982867,11.606813430786133,6920,0.0,0.0
1998-04-01 00:00:00-05:00,11.555899794965852,11.657713890075684,11.504992747410936,11.657713890075684,17520,0.0,0.0
1998-04-02 00:00:00-05:00,11.657715757774836,11.708622813485643,11.60680870206403,11.632262229919434,43500,0.0,0.0
1998-04-03 00:00:00-05:00,11.606811656122622,11.912254068125849,11.606811656122622,11.708625793457031,44580,0.0,0.0
1998-04-06 00:00:00-04:00,11.708626244138564,12.06497573852539,11.657719173511875,12.06497573852539,5280,0.0,0.0
1998-04-07 00:00:00-04:00,11.810440385391944,12.319511091658837,11.810440385391944,12.06497573852539,28900,0.0,0.0
1998-04-08 00:00:00-04:00,12.217696053641184,12.217696053641184,12.064974852970668,12.11588191986084,27900,0.0,0.0
1998-04-09 00:00:00-04:00,12.06497573852539,12.11588280915208,12.014068667898702,12.06497573852539,14120,0.0,0.0
1998-04-13 00:00:00-04:00,12.268603189220988,12.268603189220988,12.064974920520225,12.166789054870605,5120,0.0,0.0
1998-04-14 00:00:00-04:00,12.217696122045796,12.268603189220988,12.014067853345033,12.166789054870605,8140,0.0,0.0
1998-04-15 00:00:00-04:00,12.064974920520225,12.217696122045796,12.064974920520225,12.166789054870605,1700,0.0,0.0
1998-04-16 00:00:00-04:00,12.014067853345033,12.166789054870605,12.014067853345033,12.166789054870605,2800,0.0,0.0
1998-04-17 00:00:00-04:00,12.115876649142292,12.523133007096655,12.115876649142292,12.37041187286377,5580,0.0,0.0
1998-04-20 00:00:00-04:00,12.217696122045796,12.268603189220988,12.115881987695415,12.166789054870605,9740,0.0,0.0
1998-04-21 00:00:00-04:00,12.166791971524557,12.21769905090332,12.115884892145791,12.21769905090332,3360,0.0,0.0
1998-04-22 00:00:00-04:00,12.11588082071078,12.166787882982673,11.912252571623203,12.014066696166992,2760,0.0,0.0
1998-04-23 00:00:00-04:00,12.186104774475098,12.186104774475098,11.878892049068163,12.186104774475098,10520,0.85,0.0
1998-04-24 00:00:00-04:00,12.083704630533854,12.28851318359375,11.930098215738932,12.134906768798828,2760,0.0,0.0
1998-04-27 00:00:00-04:00,11.930098215738932,12.186108907063803,11.930098215738932,12.134906768798828,4700,0.0,0.0
1998-04-28 00:00:00-04:00,12.186105335219224,12.28850958173367,11.930094718933105,11.930094718933105,4300,0.0,0.0
1998-04-29 00:00:00-04:00,12.032505136675539,12.032505136675539,11.571685791015625,11.571685791015625,3500,0.0,0.0
1998-04-30 00:00:00-04:00,11.520479554715365,11.878894474195398,11.469277423361074,11.776490211486816,16440,0.0,0.0
1998-05-01 00:00:00-04:00,11.776495097113438,12.493325233459473,11.776495097113438,12.493325233459473,43100,0.0,0.0
1998-05-04 00:00:00-04:00,12.288513841300174,12.493322405321845,11.878896713256836,11.878896713256836,17540,0.0,0.0
1998-05-05 00:00:00-04:00,12.08370299961256,12.08370299961256,11.725288080132527,11.776490211486816,3740,0.0,0.0
1998-05-06 00:00:00-04:00,11.776492750489867,11.8276948928833,11.674088465702999,11.8276948928833,4920,0.0,0.0
1998-05-07 00:00:00-04:00,11.878897035276736,11.878897035276736,11.674088465702999,11.8276948928833,17500,0.0,0.0
1998-05-08 00:00:00-04:00,11.827694572251419,11.98130099526767,11.776492431246002,11.878896713256836,10300,0.0,0.0
1998-05-11 00:00:00-04:00,11.776492750489867,11.981301320063604,11.776492750489867,11.8276948928833,7540,0.0,0.0
1998-05-12 00:00:00-04:00,12.032503136273087,12.032503136273087,11.878896713256836,11.878896713256836,900,0.0,0.0
1998-05-13 00:00:00-04:00,12.032503136273087,12.032503136273087,11.827694572251419,11.878896713256836,3320,0.0,0.0
1998-05-14 00:00:00-04:00,11.878896713256836,11.930098854262253,11.827694572251419,11.878896713256836,1920,0.0,0.0
1998-05-15 00:00:00-04:00,11.930098215738932,12.28851318359375,11.878896077473959,12.134906768798828,7660,0.0,0.0
1998-05-18 00:00:00-04:00,12.390917460123697,12.390917460123697,12.186108907063803,12.28851318359375,1940,0.0,0.0
1998-05-19 00:00:00-04:00,12.28851318359375,12.28851318359375,12.186108907063803,12.28851318359375,2840,0.0,0.0
1998-05-20 00:00:00-04:00,12.237307504072026,12.237307504072026,12.032499010280027,12.083701133728027,5580,0.0,0.0
1998-05-21 00:00:00-04:00,12.032498965447553,12.237307458476447,11.930094718933105,11.930094718933105,9380,0.0,0.0
1998-05-22 00:00:00-04:00,11.930095366942577,12.083701745057718,11.930095366942577,11.981297492980957,4440,0.0,0.0
1998-05-26 00:00:00-04:00,11.981300987081324,12.23731169193349,11.981300987081324,12.032503128051758,20740,0.0,0.0
1998-05-27 00:00:00-04:00,11.776488988827436,11.981297492980957,11.776488988827436,11.981297492980957,2220,0.0,0.0
1998-05-28 00:00:00-04:00,11.878896077473959,11.878896077473959,11.571683247884115,11.674087524414062,5400,0.0,0.0
1998-05-29 00:00:00-04:00,11.674088465702999,11.8276948928833,11.674088465702999,11.8276948928833,7360,0.0,0.0
1998-06-01 00:00:00-04:00,11.674090090051163,11.930100837640003,11.213270744391247,11.571685791015625,5440,0.0,0.0
1998-06-02 00:00:00-04:00,11.469276428222656,11.571680682046074,11.36687217439924,11.469276428222656,24940,0.0,0.0
1998-06-03 00:00:00-04:00,11.26446400213679,11.26446400213679,11.059655565734303,11.162059783935547,7800,0.0,0.0
1998-06-04 00:00:00-04:00,11.110861539840698,11.571680682046074,11.110861539840698,11.469276428222656,3340,0.0,0.0
1998-06-05 00:00:00-04:00,11.315670321204445,11.366872449354693,11.11086180860346,11.2644681930542,1980,0.0,0.0
1998-06-08 00:00:00-04:00,11.366869990030924,11.520476341247559,11.21326363881429,11.520476341247559,16000,0.0,0.0
1998-06-09 00:00:00-04:00,11.264468897943912,12.03250086825827,11.264468897943912,11.776490211486816,11800,0.0,0.0
1998-06-10 00:00:00-04:00,11.571676345891827,11.776484776792568,11.366867914991087,11.725282669067383,6860,0.0,0.0
1998-06-11 00:00:00-04:00,11.776489189692906,11.776489189692906,11.469276428222656,11.469276428222656,5880,0.0,0.0
1998-06-12 00:00:00-04:00,11.469276084556236,11.469276084556236,11.264467583046303,11.36687183380127,2520,0.0,0.0
1998-06-15 00:00:00-04:00,11.26446400213679,11.366868220338034,11.162059783935547,11.162059783935547,1440,0.0,0.0
1998-06-16 00:00:00-04:00,11.213265793664116,11.469276428222656,11.162063666752406,11.469276428222656,1280,0.0,0.0
1998-06-17 00:00:00-04:00,11.26446400213679,11.366868220338034,11.162059783935547,11.162059783935547,3960,0.0,0.0
1998-06-18 00:00:00-04:00,11.162063332291337,11.36687183380127,11.05965908153637,11.36687183380127,2800,0.0,0.0
1998-06-19 00:00:00-04:00,11.059659680453214,11.2644681930542,11.059659680453214,11.2644681930542,400,0.0,0.0
1998-06-22 00:00:00-04:00,11.213261893036169,11.366868220338034,11.059655565734303,11.162059783935547,5100,0.0,0.0
1998-06-23 00:00:00-04:00,11.213267623253588,11.264469758519585,10.701246270593606,10.854852676391602,8340,0.0,0.0
1998-06-24 00:00:00-04:00,10.854847129331816,11.162059783935547,10.854847129331816,11.162059783935547,17560,0.0,0.0
1998-06-25 00:00:00-04:00,11.162066798639524,11.162066798639524,10.803651809692383,10.803651809692383,4000,0.0,0.0
1998-06-26 00:00:00-04:00,11.110862731933596,11.110862731933596,10.9060542023127,11.110862731933594,600,0.0,0.0
1998-06-29 00:00:00-04:00,10.854850504133436,11.264467504289415,10.854850504133436,11.059659004211426,23740,0.0,0.0
1998-06-30 00:00:00-04:00,10.957252502441406,11.059656731436185,10.906050387944017,10.957252502441406,13580,0.0,0.0
1998-07-01 00:00:00-04:00,10.957252502441406,10.957252502441406,10.906050387944017,10.957252502441406,4600,0.0,0.0
1998-07-02 00:00:00-04:00,10.957259867179907,11.059664165004017,10.701249122619629,10.701249122619629,10660,0.0,0.0
1998-07-06 00:00:00-04:00,10.650042191292476,10.70124431721215,10.240425183935074,10.547637939453125,18460,0.0,0.0
1998-07-07 00:00:00-04:00,10.240429782411129,10.701249122619629,10.240429782411129,10.701249122619629,16940,0.0,0.0
1998-07-08 00:00:00-04:00,10.75244323067043,10.75244323067043,10.59883689880371,10.598836898803711,27920,0.0,0.0
1998-07-09 00:00:00-04:00,10.59884200006161,10.854852676391602,10.445235594263616,10.854852676391602,25060,0.0,0.0
1998-07-10 00:00:00-04:00,10.752448405859605,11.008459082189596,10.752448405859605,10.854852676391602,17220,0.0,0.0
1998-07-13 00:00:00-04:00,10.957259867179907,10.957259867179907,10.701249122619629,10.701249122619629,2680,0.0,0.0
1998-07-14 00:00:00-04:00,10.70124431721215,10.70124431721215,10.547637939453125,10.547637939453125,5160,0.0,0.0
1998-07-15 00:00:00-04:00,10.49643581353345,10.547637939453125,10.419632624653937,10.547637939453125,4640,0.0,0.0
1998-07-16 00:00:00-04:00,10.650039530909337,11.059656435944312,10.598837417779967,11.008454322814941,22300,0.0,0.0
1998-07-17 00:00:00-04:00,10.80364837911394,11.059659004211426,10.752446254094442,11.059659004211426,43160,0.0,0.0
1998-07-20 00:00:00-04:00,11.059656731436185,11.059656731436185,10.906050387944017,10.957252502441406,2900,0.0,0.0
1998-07-21 00:00:00-04:00,11.05966088431222,11.05966088431222,10.752448081970215,10.752448081970215,20480,0.0,0.0
1998-07-22 00:00:00-04:00,10.854854640115072,10.854854640115072,10.394035339355469,10.394035339355469,3860,0.0,0.0
1998-07-23 00:00:00-04:00,10.515688693884647,10.515688693884647,9.897118770714963,10.206403732299805,413000,0.85,0.0
1998-07-24 00:00:00-04:00,10.154849327618804,10.361039161682129,10.154849327618804,10.361039161682129,5480,0.0,0.0
1998-07-27 00:00:00-04:00,10.361036934828395,10.361036934828395,10.103299697643608,10.154847145080566,5420,0.0,0.0
1998-07-28 00:00:00-04:00,10.361042561308707,10.361042561308707,9.948662757873535,9.948662757873535,13440,0.0,0.0
1998-07-29 00:00:00-04:00,10.000210233302932,10.000210233302932,9.897115282444139,9.948662757873535,17440,0.0,0.0
1998-07-30 00:00:00-04:00,9.948666264312436,10.206403732299805,9.794023783520014,10.206403732299805,37920,0.0,0.0
1998-07-31 00:00:00-04:00,10.309492811864736,10.309492811864736,9.897113099390147,10.103302955627441,8960,0.0,0.0
1998-08-03 00:00:00-04:00,10.309489487391438,10.309489487391438,9.974431079051216,10.154847145080566,2200,0.0,0.0
1998-08-04 00:00:00-04:00,10.25794694800126,10.25794694800126,9.690924754895661,9.79401969909668,7860,0.0,0.0
1998-08-05 00:00:00-04:00,9.897116921164773,9.897116921164773,8.969262209805574,9.072357177734375,48480,0.0,0.0
1998-08-06 00:00:00-04:00,9.278546846829927,9.278546846829927,8.969261951935596,9.04658317565918,13520,0.0,0.0
1998-08-07 00:00:00-04:00,9.072356916900373,9.17545188186515,8.969261951935596,9.04658317565918,38620,0.0,0.0
1998-08-10 00:00:00-04:00,9.072356486117874,9.278546406256917,8.969261526048353,9.098130226135254,10500,0.0,0.0
1998-08-11 00:00:00-04:00,9.12390422821045,9.27854667275639,9.072356746695135,9.12390422821045,16820,0.0,0.0
1998-08-12 00:00:00-04:00,9.278546167799265,9.355867385864258,9.123903731669277,9.355867385864258,23040,0.0,0.0
1998-08-13 00:00:00-04:00,9.48473193764028,9.48473193764028,9.072352288177658,9.330089569091797,16100,0.0,0.0
1998-08-14 00:00:00-04:00,9.330088059107462,10.206394672393799,9.226993163426716,9.897109985351562,27240,0.0,0.0
1998-08-17 00:00:00-04:00,9.639378547668457,9.897115941991144,9.639378547668457,9.639378547668457,17360,0.0,0.0
1998-08-18 00:00:00-04:00,9.897113556557514,9.897113556557514,9.690923690795898,9.690923690795898,12120,0.0,0.0
1998-08-19 00:00:00-04:00,9.845569610595703,9.897117095467932,9.742474640851245,9.845569610595703,15100,0.0,0.0
1998-08-20 00:00:00-04:00,9.742471523499221,9.897113928634129,9.072354434581285,9.17544937133789,15320,0.0,0.0
1998-08-21 00:00:00-04:00,9.278547113591975,9.278547113591975,8.556882338090377,9.072357177734375,14420,0.0,0.0
1998-08-24 00:00:00-04:00,9.175451374053956,9.43318877220154,9.175451374053956,9.278546333312988,10280,0.0,0.0
1998-08-25 00:00:00-04:00,9.330093674481235,9.639378547668457,9.304319935048966,9.639378547668457,13160,0.0,0.0
1998-08-26 00:00:00-04:00,9.38163785028724,9.63937515386656,9.201221737781717,9.226995468139648,15520,0.0,0.0
1998-08-27 00:00:00-04:00,9.175450154413575,9.22699762719118,8.685749163026333,8.788844108581543,29580,0.0,0.0
1998-08-28 00:00:00-04:00,9.175449635609088,9.175449635609088,8.402237587664501,8.556879997253418,15360,0.0,0.0
1998-08-31 00:00:00-04:00,8.453785057527474,8.866164816431253,8.376463852733014,8.556879997253418,1620,0.0,0.0
1998-09-01 00:00:00-04:00,8.866163794015874,8.91771125793457,8.479557814625647,8.91771125793457,23500,0.0,0.0
1998-09-02 00:00:00-04:00,8.917712743254913,9.587829885811642,8.763070325741824,8.969260215759277,17160,0.0,0.0
1998-09-03 00:00:00-04:00,8.969260744367327,9.17545064653669,8.969260744367327,9.020808219909668,13540,0.0,0.0
1998-09-04 00:00:00-04:00,8.917714725841176,9.072357177734375,8.917714725841176,9.072357177734375,4100,0.0,0.0
1998-09-08 00:00:00-04:00,8.866167241876775,9.072357177734375,8.866167241876775,9.072357177734375,17880,0.0,0.0
1998-09-09 00:00:00-04:00,9.020808547042137,9.175450979277144,8.866166114807129,8.866166114807129,16160,0.0,0.0
1998-09-10 00:00:00-04:00,9.175448577528055,9.175448577528055,8.91771125793457,8.91771125793457,17000,0.0,0.0
1998-09-11 00:00:00-04:00,9.020806966202983,9.17544937133789,8.96925949782468,9.17544937133789,6940,0.0,0.0
1998-09-14 00:00:00-04:00,9.072356280158548,9.639378547668457,9.072356280158548,9.639378547668457,4840,0.0,0.0
1998-09-15 00:00:00-04:00,9.433188632210308,9.742473505397532,9.433188632210308,9.639378547668457,2760,0.0,0.0
1998-09-16 00:00:00-04:00,9.690927155979017,9.845569610595703,9.587832186234559,9.845569610595703,18260,0.0,0.0
1998-09-17 00:00:00-04:00,9.742470483522156,9.742470483522156,9.484733169143263,9.536280632019043,2340,0.0,0.0
1998-09-18 00:00:00-04:00,9.819792356896908,9.819792356896908,9.484733825034283,9.690923690795898,3720,0.0,0.0
1998-09-21 00:00:00-04:00,9.27854359804929,9.587828384650932,9.27854359804929,9.381638526916504,4400,0.0,0.0
1998-09-22 00:00:00-04:00,9.587826994598888,9.587826994598888,9.330089709797843,9.433184623718262,3000,0.0,0.0
1998-09-23 00:00:00-04:00,9.27854211290897,9.48473193764028,9.098126016269072,9.330089569091797,4260,0.0,0.0
1998-09-24 00:00:00-04:00,9.433183236795779,9.433183236795779,9.098124815816695,9.304314613342285,7200,0.0,0.0
1998-09-25 00:00:00-04:00,9.072354434581285,9.433186713229404,9.072354434581285,9.17544937133789,30620,0.0,0.0
1998-09-28 00:00:00-04:00,9.226998926222155,9.226998926222155,8.969261526048353,9.098130226135254,9780,0.0,0.0
1998-09-29 00:00:00-04:00,9.072356486117874,9.098130226135254,8.917714046013591,9.098130226135254,2300,0.0,0.0
1998-09-30 00:00:00-04:00,8.917713592218798,8.969261069630468,8.840392376101294,8.866166114807129,8120,0.0,0.0
1998-10-01 00:00:00-04:00,8.917713592218798,8.917713592218798,8.76307115998379,8.866166114807129,4360,0.0,0.0
1998-10-02 00:00:00-04:00,8.917713592218798,8.917713592218798,8.737297421277956,8.866166114807129,10920,0.0,0.0
1998-10-05 00:00:00-04:00,8.76307115998379,8.866166114807129,8.65997620516045,8.866166114807129,2460,0.0,0.0
1998-10-06 00:00:00-04:00,8.763069876705307,8.763069876705307,8.350690117801529,8.556879997253418,8100,0.0,0.0
1998-10-07 00:00:00-04:00,8.76307201385498,8.76307201385498,8.556882084117216,8.76307201385498,9660,0.0,0.0
1998-10-08 00:00:00-04:00,8.350688524772785,8.8661631250674,8.350688524772785,8.402235984802246,7760,0.0,0.0
1998-10-09 00:00:00-04:00,8.711520744979016,8.711520744979016,8.402235984802246,8.402235984802246,6180,0.0,0.0
1998-10-12 00:00:00-04:00,8.350689308983938,8.711521563075838,8.247594379243397,8.659974098205566,6180,0.0,0.0
1998-10-13 00:00:00-04:00,8.659972264216496,8.659972264216496,7.835213000957782,8.041402816772461,13300,0.0,0.0
1998-10-14 00:00:00-04:00,7.9898576088893565,8.350689888000488,7.9898576088893565,8.350689888000488,2760,0.0,0.0
1998-10-15 00:00:00-04:00,8.350689062258091,8.659973842341724,8.350689062258091,8.453783988952637,4040,0.0,0.0
1998-10-16 00:00:00-04:00,8.659973842341724,8.659973842341724,8.04140428217446,8.453783988952637,7240,0.0,0.0
1998-10-19 00:00:00-04:00,8.453785057527474,8.659974936979363,8.402237587664501,8.556879997253418,1400,0.0,0.0
1998-10-20 00:00:00-04:00,8.763071489051955,8.866166447746684,8.556881571662498,8.71152400970459,9400,0.0,0.0
1998-10-21 00:00:00-04:00,8.866163882580432,9.484733455783719,8.866163882580432,9.381638526916504,6760,0.0,0.0
1998-10-22 00:00:00-04:00,9.394304275512695,9.552635246448302,9.077642333641482,9.394304275512695,7220,2.65,0.0
1998-10-23 00:00:00-04:00,9.28875293950925,9.499860960861731,9.183198928833008,9.183198928833008,2120,0.0,0.0
1998-10-26 00:00:00-05:00,9.07764353832053,9.499859516847065,9.07764353832053,9.44708251953125,9060,0.0,0.0
1998-10-27 00:00:00-05:00,9.183194493138512,9.28874845282976,8.972086573756018,9.077640533447266,8520,0.0,0.0
1998-10-28 00:00:00-05:00,8.972091953656827,9.024868965148926,8.866537930672628,9.024868965148926,2240,0.0,0.0
1998-10-29 00:00:00-05:00,9.077641929068216,9.077641929068216,8.444318073551829,8.655426025390625,15400,0.0,0.0
1998-10-30 00:00:00-05:00,8.602651870113679,9.183198928833008,8.602651870113679,9.183198928833008,13400,0.0,0.0
1998-11-02 00:00:00-05:00,9.077644918156766,9.235975934171128,8.972090907480524,9.183198928833008,7760,0.0,0.0
1998-11-03 00:00:00-05:00,9.235971472984136,9.235971472984136,9.051252043524453,9.077640533447266,18120,0.0,0.0
1998-11-04 00:00:00-05:00,9.235977011117322,9.235977011117322,9.024868965148926,9.024868965148926,8360,0.0,0.0
1998-11-05 00:00:00-05:00,9.02486355360164,9.183194493138512,9.02486355360164,9.077640533447266,10760,0.0,0.0
1998-11-06 00:00:00-05:00,9.130417513292889,9.130417513292889,9.077640533447266,9.077640533447266,7000,0.0,0.0
1998-11-09 00:00:00-05:00,9.130417513292889,9.28874845282976,9.077640533447266,9.077640533447266,18920,0.0,0.0
1998-11-10 00:00:00-05:00,9.183194493138512,9.183194493138512,8.972086573756018,9.077640533447266,36640,0.0,0.0
1998-11-11 00:00:00-05:00,9.130418453161585,9.183195438439975,9.077641467883195,9.156806945800781,100440,0.0,0.0
1998-11-12 00:00:00-05:00,9.183198928833008,9.183198928833008,9.077644918156766,9.183198928833008,12500,0.0,0.0
1998-11-13 00:00:00-05:00,9.183195438439975,9.183195438439975,9.077641467883195,9.156806945800781,10040,0.0,0.0
1998-11-16 00:00:00-05:00,9.183202399223786,9.288756449789577,9.130425373940891,9.209590911865234,27900,0.0,0.0
1998-11-17 00:00:00-05:00,9.23597468117069,9.23597468117069,9.077643686636335,9.130420684814453,17960,0.0,0.0
1998-11-18 00:00:00-05:00,9.183195438439975,9.183195438439975,9.10402996052239,9.156806945800781,11060,0.0,0.0
1998-11-19 00:00:00-05:00,9.183198928833008,9.183198928833008,9.130421923494886,9.183198928833008,9240,0.0,0.0
1998-11-20 00:00:00-05:00,9.183197682992573,9.183197682992573,9.077643686636335,9.130420684814453,11460,0.0,0.0
1998-11-23 00:00:00-05:00,9.183199714211856,9.183199714211856,8.972091674804688,8.972091674804688,19180,0.0,0.0
1998-11-24 00:00:00-05:00,9.183199714211856,9.183199714211856,8.866537655101103,8.972091674804688,18320,0.0,0.0
1998-11-25 00:00:00-05:00,9.077645226680872,9.077645226680872,8.655429169625947,8.708206176757812,16180,0.0,0.0
1998-11-27 00:00:00-05:00,8.86653719815341,8.86653719815341,8.549875155362216,8.708206176757812,5260,0.0,0.0
1998-11-30 00:00:00-05:00,8.866537655101103,9.02486868465648,8.708206625545726,8.972091674804688,21260,0.0,0.0
1998-12-01 00:00:00-05:00,8.866537655101103,9.02486868465648,8.81376064524931,8.972091674804688,29340,0.0,0.0
1998-12-02 00:00:00-05:00,8.972090907480524,9.183198928833008,8.866536896804282,9.183198928833008,27600,0.0,0.0
1998-12-03 00:00:00-05:00,9.077641929068216,9.183195904987615,8.655426025390625,8.655426025390625,20660,0.0,0.0
1998-12-04 00:00:00-05:00,8.919310609978366,9.024864581694086,8.760979652404785,8.760979652404785,6600,0.0,0.0
1998-12-07 00:00:00-05:00,9.024864941108518,9.024864941108518,8.602649037430925,8.655426025390625,19920,0.0,0.0
1998-12-08 00:00:00-05:00,8.760980001310022,8.760980001310022,8.602649037430925,8.655426025390625,33820,0.0,0.0
1998-12-09 00:00:00-05:00,8.760979652404785,8.760979652404785,8.655425680689065,8.760979652404785,44740,0.0,0.0
1998-12-10 00:00:00-05:00,8.760979065983932,8.760979065983932,8.49709415435791,8.49709415435791,12600,0.0,0.0
1998-12-11 00:00:00-05:00,8.54987565279007,8.54987565279007,8.365156117081643,8.444321632385254,40220,0.0,0.0
1998-12-14 00:00:00-05:00,8.497097099883646,8.629039601434634,8.23321209678167,8.338766098022461,15060,0.0,0.0
1998-12-15 00:00:00-05:00,8.391540189707502,8.549871136683114,8.3651516985449,8.49709415435791,19980,0.0,0.0
1998-12-16 00:00:00-05:00,8.497096885334361,8.602650883909945,7.9693268924564515,8.127657890319824,24000,0.0,0.0
1998-12-17 00:00:00-05:00,8.15404807627201,8.602652662992478,8.02210555076599,8.444321632385254,34700,0.0,0.0
1998-12-18 00:00:00-05:00,8.444320099263251,8.444320099263251,8.23321209678167,8.338766098022461,49540,0.0,0.0
1998-12-21 00:00:00-05:00,8.31237671452184,8.338765212028258,8.074880236964072,8.180434226989746,18040,0.0,0.0
1998-12-22 00:00:00-05:00,8.233211972066108,8.233211972066108,7.916549973140489,7.969326972961426,35620,0.0,0.0
1998-12-23 00:00:00-05:00,7.916546988007206,8.07487792776735,7.863770008087158,7.863770008087158,36720,0.0,0.0
1998-12-24 00:00:00-05:00,7.969326972961426,8.022103972782363,7.8901614732300205,7.969326972961426,14640,0.0,0.0
1998-12-28 00:00:00-05:00,8.022103972782363,8.022103972782363,7.810995973498616,7.969326972961426,36180,0.0,0.0
1998-12-29 00:00:00-05:00,7.916549644847907,8.074880637744865,7.916549644847907,7.995715141296387,56380,0.0,0.0
1998-12-30 00:00:00-05:00,7.96932441937296,8.127655368102225,7.942935927918083,8.022101402282715,40160,0.0,0.0
1998-12-31 00:00:00-05:00,8.127659050193992,8.919314152485615,8.022105036555109,8.787371635437012,24980,0.0,0.0
1999-01-04 00:00:00-05:00,8.655427011343148,8.866534987229567,8.576261520385742,8.576261520385742,7060,0.0,0.0
1999-01-05 00:00:00-05:00,8.760980001310022,8.760980001310022,8.602649037430925,8.655426025390625,13940,0.0,0.0
1999-01-06 00:00:00-05:00,8.760983746922658,8.813760757446289,8.602652715351766,8.813760757446289,12340,0.0,0.0
1999-01-07 00:00:00-05:00,8.813760703802108,8.813760703802108,8.444321632385254,8.444321632385254,8220,0.0,0.0
1999-01-08 00:00:00-05:00,8.444319804003285,8.549873801553327,7.9693268150281,8.285988807678223,24620,0.0,0.0
1999-01-11 00:00:00-05:00,8.233209333921733,8.391540282650997,7.916547436463206,8.022101402282715,17120,0.0,0.0
1999-01-12 00:00:00-05:00,8.022103891744242,8.180434889607616,7.9693268924564515,8.127657890319824,23280,0.0,0.0
1999-01-13 00:00:00-05:00,7.916548517015245,8.655426378603334,7.916548517015245,8.549872398376465,17220,0.0,0.0
1999-01-14 00:00:00-05:00,8.576260543451076,8.866533977229421,8.549872049471228,8.655426025390625,11320,0.0,0.0
1999-01-15 00:00:00-05:00,8.655429068065825,9.18319913319179,8.497098048528036,8.866537094116211,23280,0.0,0.0
1999-01-19 00:00:00-05:00,8.866537094116211,9.077645120166597,8.655429068065825,8.866537094116211,14380,0.0,0.0
1999-01-20 00:00:00-05:00,8.602652873212135,9.077645976641024,8.602652873212135,9.024868965148926,6260,0.0,0.0
1999-01-21 00:00:00-05:00,8.655429169625947,9.024868219549006,8.391544133966619,8.708206176757812,9640,0.0,0.0
1999-01-22 00:00:00-05:00,8.93121192034553,9.472497491275563,8.660569134880514,9.201854705810547,16300,2.575,0.0
1999-01-25 00:00:00-05:00,9.201858173717152,9.364243906194513,8.877086708762429,8.931215286254883,8560,0.0,0.0
1999-01-26 00:00:00-05:00,9.418372556387661,9.418372556387661,8.985343933105469,8.985343933105469,5820,0.0,0.0
1999-01-27 00:00:00-05:00,9.147723628253472,9.147723628253472,8.822952375179383,8.877080917358398,11700,0.0,0.0
1999-01-28 00:00:00-05:00,9.147723628253472,9.147723628253472,8.822952375179383,8.877080917358398,8280,0.0,0.0
1999-01-29 00:00:00-05:00,8.8770849719019,9.093599239509263,8.822956405000058,9.039470672607422,5100,0.0,0.0
1999-02-01 00:00:00-05:00,9.093601152008656,9.093601152008656,8.173415321150637,8.281672477722168,33040,0.0,0.0
1999-02-02 00:00:00-05:00,8.552315369150998,8.552315369150998,8.227543899436403,8.281672477722168,11480,0.0,0.0
1999-02-03 00:00:00-05:00,8.335801056007934,8.3899296342937,8.173415321150637,8.281672477722168,29120,0.0,0.0
1999-02-04 00:00:00-05:00,8.335800020318283,8.335800020318283,8.11928573407625,8.227542877197266,35400,0.0,0.0
1999-02-05 00:00:00-05:00,8.11928573407625,8.335800020318283,8.11928573407625,8.227542877197266,18640,0.0,0.0
1999-02-08 00:00:00-05:00,8.335800020318283,8.335800020318283,8.173414305636758,8.227542877197266,5500,0.0,0.0
1999-02-09 00:00:00-05:00,8.281671448757775,8.4440571634393,8.011028590955233,8.227542877197266,12060,0.0,0.0
1999-02-10 00:00:00-05:00,8.335797025667912,8.335797025667912,8.119282817209005,8.17341136932373,9480,0.0,0.0
1999-02-11 00:00:00-05:00,8.281668473553184,8.281668473553184,8.119282817209005,8.17341136932373,13760,0.0,0.0
1999-02-12 00:00:00-05:00,8.173413110259395,8.254605955725548,8.065155982971191,8.065155982971191,7060,0.0,0.0
1999-02-16 00:00:00-05:00,8.281670637533699,8.281670637533699,7.415613577399455,7.686256408691406,27980,0.0,0.0
1999-02-17 00:00:00-05:00,7.632130801677704,8.119288086891174,7.632130801677704,7.794516563415527,14080,0.0,0.0
1999-02-18 00:00:00-05:00,7.794511413574218,8.011025619506835,7.740382862091065,7.848639965057373,14680,0.0,0.0
1999-02-19 00:00:00-05:00,7.8486419405256,7.9568990707397464,7.577999114990234,7.577999114990234,13040,0.0,0.0
1999-02-22 00:00:00-05:00,7.632127680097308,7.740384810311454,7.577999114990234,7.577999114990234,15540,0.0,0.0
1999-02-23 00:00:00-05:00,7.740384810311454,7.740384810311454,7.550934832436698,7.577999114990234,16300,0.0,0.0
1999-02-24 00:00:00-05:00,7.632131353782041,7.84864571842834,7.361488397974167,7.415616989135742,40480,0.0,0.0
1999-02-25 00:00:00-05:00,7.577999432881674,7.577999432881674,7.3614851633707685,7.469742298126221,13000,0.0,0.0
1999-02-26 00:00:00-05:00,7.361488397974167,7.578002762620466,7.33442410239338,7.415616989135742,7000,0.0,0.0
1999-03-01 00:00:00-05:00,7.469742258245295,7.469742258245295,7.361485124067826,7.442677974700928,15160,0.0,0.0
1999-03-02 00:00:00-05:00,7.469741079542373,7.469741079542373,7.3073554039001465,7.3073554039001465,8520,0.0,0.0
1999-03-03 00:00:00-05:00,7.253229618072511,7.4156153557905515,7.253229618072511,7.25322961807251,19120,0.0,0.0
1999-03-04 00:00:00-05:00,7.361485921148884,7.361485921148884,7.253228775249636,7.334421634674072,11240,0.0,0.0
1999-03-05 00:00:00-05:00,7.253228811656728,7.415614531320684,7.253228811656728,7.361485958099365,16140,0.0,0.0
1999-03-08 00:00:00-05:00,7.415616989135742,7.578002762620466,7.036716851004718,7.415616989135742,39560,0.0,0.0
1999-03-09 00:00:00-05:00,7.4697455802973165,7.578002762620466,7.361488397974167,7.415616989135742,16740,0.0,0.0
1999-03-10 00:00:00-05:00,7.415614531320684,7.469743104542003,7.307357384878046,7.361485958099365,14940,0.0,0.0
1999-03-11 00:00:00-05:00,7.4156134196690155,7.6862562452043806,7.307356289454869,7.577999114990234,26900,0.0,0.0
1999-03-12 00:00:00-05:00,7.686256408691406,8.011027806241747,7.686256408691406,7.686256408691406,26640,0.0,0.0
1999-03-15 00:00:00-05:00,7.902768516540528,7.9568970680236815,7.740382862091065,7.848639965057373,10140,0.0,0.0
1999-03-16 00:00:00-05:00,7.875706390595772,7.875706390595772,7.632127842433016,7.686256408691406,7940,0.0,0.0
1999-03-17 00:00:00-05:00,7.686257399174204,7.794514545641447,7.578000252706962,7.713321685791016,12600,0.0,0.0
1999-03-18 00:00:00-05:00,7.7133191646413595,7.7133191646413595,7.361483553622631,7.632126331329346,18600,0.0,0.0
1999-03-19 00:00:00-05:00,7.632126146083255,7.7403832545383375,7.523869037628174,7.523869037628174,12500,0.0,0.0
1999-03-22 00:00:00-05:00,7.469742143657846,7.686256408691406,7.469742143657846,7.686256408691406,2360,0.0,0.0
1999-03-23 00:00:00-05:00,7.686254886870688,7.740383442412031,7.496804942475988,7.632126331329346,5360,0.0,0.0
1999-03-24 00:00:00-05:00,7.740385970648598,7.740385970648598,7.361485958099365,7.361485958099365,4080,0.0,0.0
1999-03-25 00:00:00-05:00,7.469740664705316,7.632126331329345,7.253226442539945,7.632126331329346,13980,0.0,0.0
1999-03-26 00:00:00-05:00,7.63212882420596,7.902771690312554,7.334421671488706,7.361485958099365,17220,0.0,0.0
1999-03-29 00:00:00-05:00,7.361483962447555,7.5238696380897805,7.253226845352739,7.3073554039001465,15500,0.0,0.0
1999-03-30 00:00:00-05:00,7.361484399958614,7.496805804369618,7.2532272764298105,7.280291557312012,10220,0.0,0.0
1999-03-31 00:00:00-05:00,7.3614851633707685,7.469742298126221,7.253228028615316,7.469742298126221,10560,0.0,0.0
1999-04-01 00:00:00-05:00,7.253229618072511,7.469743935029899,7.253229618072511,7.25322961807251,11240,0.0,0.0
1999-04-05 00:00:00-04:00,7.469743104542003,7.469743104542003,7.253228811656728,7.361485958099365,10820,0.0,0.0
1999-04-06 00:00:00-04:00,7.280293907692184,7.361486776551205,7.144972459593816,7.25322961807251,12900,0.0,0.0
1999-04-07 00:00:00-04:00,7.361485958099365,7.442678817931344,7.253228811656728,7.361485958099365,5620,0.0,0.0
1999-04-08 00:00:00-04:00,7.361484854561942,7.740384810311454,7.361484854561942,7.577999114990234,22560,0.0,0.0
1999-04-09 00:00:00-04:00,7.469743935029899,7.578001093508593,7.253229618072511,7.25322961807251,6540,0.0,0.0
1999-04-12 00:00:00-04:00,7.361485958099365,7.442678817931344,7.361485958099365,7.361485958099365,5480,0.0,0.0
1999-04-13 00:00:00-04:00,7.415612520994964,7.415612520994964,7.253226845352739,7.3073554039001465,5960,0.0,0.0
1999-04-14 00:00:00-04:00,7.361486776551205,7.388551066170878,7.253229618072511,7.25322961807251,13880,0.0,0.0
1999-04-15 00:00:00-04:00,7.469740483400633,7.523869037628174,7.280290543604241,7.523869037628174,9520,0.0,0.0
1999-04-16 00:00:00-04:00,7.578001022338867,8.22754396711077,7.469743864876884,7.9569010734558105,10400,0.0,0.0
1999-04-19 00:00:00-04:00,8.011026409122493,8.173412079577679,7.469740840938541,7.740383625030518,39600,0.0,0.0
1999-04-20 00:00:00-04:00,7.794516563415527,7.794516563415527,7.46974503993988,7.794516563415527,17540,0.0,0.0
1999-04-21 00:00:00-04:00,7.686254886870688,7.848640553494716,7.577997775788003,7.632126331329346,36140,0.0,0.0
1999-04-22 00:00:00-04:00,7.8897294998168945,7.973366208295519,7.861850596990687,7.8897294998168945,10500,2.575,0.0
1999-04-23 00:00:00-04:00,7.945486684920082,7.973365585568924,7.861849982973555,7.91760778427124,5580,0.0,0.0
1999-04-26 00:00:00-04:00,7.861849366802058,8.14063835144043,7.861849366802058,8.14063835144043,19880,0.0,0.0
1999-04-27 00:00:00-04:00,8.029122757585082,8.14063835144043,8.029122757585082,8.14063835144043,21920,0.0,0.0
1999-04-28 00:00:00-04:00,8.252154744466146,8.363670349121094,8.057002436319987,8.363670349121094,5360,0.0,0.0
1999-04-29 00:00:00-04:00,8.363670630743039,8.419428434947994,8.140639413923225,8.307912826538086,3720,0.0,0.0
1999-04-30 00:00:00-04:00,8.363668308701627,8.419426097426303,8.168516048165255,8.391547203063965,11580,0.0,0.0
1999-05-03 00:00:00-04:00,8.363668286070531,8.363668286070531,8.196394920349121,8.196394920349121,11080,0.0,0.0
1999-05-04 00:00:00-04:00,8.252152708922925,8.363668286070531,8.196394920349121,8.196394920349121,6540,0.0,0.0
1999-05-05 00:00:00-04:00,8.363671018587832,8.475186632169004,8.252155405006661,8.419428825378418,12100,0.0,0.0
1999-05-06 00:00:00-04:00,8.475184440612793,8.753973402475056,8.363668855867887,8.475184440612793,12000,0.0,0.0
1999-05-07 00:00:00-04:00,8.642462730407715,8.809736202609153,8.391552522105556,8.642462730407715,7240,0.0,0.0
1999-05-10 00:00:00-04:00,8.58670263352737,8.809733870761846,8.47518701491013,8.53094482421875,24220,0.0,0.0
1999-05-11 00:00:00-04:00,8.475182883347138,8.80972957611084,8.475182883347138,8.80972957611084,10080,0.0,0.0
1999-05-12 00:00:00-04:00,8.80972957611084,8.865487358238124,8.642456229728989,8.80972957611084,11380,0.0,0.0
1999-05-13 00:00:00-04:00,8.809731067755283,8.809731067755283,8.69821548461914,8.69821548461914,5120,0.0,0.0
1999-05-14 00:00:00-04:00,8.75397601142859,8.80973382041858,8.726097106933594,8.726097106933594,2640,0.0,0.0
1999-05-17 00:00:00-04:00,8.753971793983556,8.80972957611084,8.530940665474422,8.80972957611084,18980,0.0,0.0
1999-05-18 00:00:00-04:00,8.809731194847508,8.809731194847508,8.363668855867887,8.475184440612793,8980,0.0,0.0
1999-05-19 00:00:00-04:00,8.698217163085937,8.698217163085937,8.196396942138671,8.363670349121094,12340,0.0,0.0
1999-05-20 00:00:00-04:00,8.447307625332394,8.475186528386295,8.196397497847274,8.252155303955078,6680,0.0,0.0
1999-05-21 00:00:00-04:00,8.419428434947994,8.419428434947994,8.252155022333133,8.307912826538086,6800,0.0,0.0
1999-05-24 00:00:00-04:00,8.363667130470276,8.363667130470276,7.917604883511862,8.029120445251465,19360,0.0,0.0
1999-05-25 00:00:00-04:00,8.02912454671793,8.02912454671793,7.889730023337411,7.973366737365723,32700,0.0,0.0
1999-05-26 00:00:00-04:00,7.86184710264206,8.029120445251465,7.86184710264206,8.029120445251465,28340,0.0,0.0
1999-05-27 00:00:00-04:00,8.001247905862742,8.140642468682652,7.917611168170797,8.084884643554688,24700,0.0,0.0
1999-05-28 00:00:00-04:00,7.973362664381663,8.084878226121267,7.86184710264206,8.029120445251465,17400,0.0,0.0
1999-06-01 00:00:00-04:00,7.973362664381663,8.14063600699107,7.973362664381663,8.029120445251465,1600,0.0,0.0
1999-06-02 00:00:00-04:00,8.057004679140247,8.057004679140247,7.806094498821,7.833973407745361,11640,0.0,0.0
1999-06-03 00:00:00-04:00,7.917604883511862,8.056999335686367,7.806089321772258,8.029120445251465,6380,0.0,0.0
1999-06-04 00:00:00-04:00,8.057005730990706,8.140642468682652,8.029126818426723,8.084884643554688,12300,0.0,0.0
1999-06-07 00:00:00-04:00,8.140640165422345,8.252155784126762,7.973366737365723,7.973366737365723,9100,0.0,0.0
1999-06-08 00:00:00-04:00,7.917604883511862,8.19639378786087,7.86184710264206,8.029120445251465,12300,0.0,0.0
1999-06-09 00:00:00-04:00,8.057005730990706,8.224279206374597,8.029126818426723,8.084884643554688,27740,0.0,0.0
1999-06-10 00:00:00-04:00,8.19639378786087,8.19639378786087,7.973362664381663,8.029120445251465,7200,0.0,0.0
1999-06-11 00:00:00-04:00,8.029120445251465,8.084878226121267,7.917604883511862,8.029120445251465,6840,0.0,0.0
1999-06-14 00:00:00-04:00,8.084879053505235,8.084879053505235,7.917605693777539,8.057000160217285,5320,0.0,0.0
1999-06-15 00:00:00-04:00,8.084882356070139,8.084882356070139,7.973366737365723,7.973366737365723,10600,0.0,0.0
1999-06-16 00:00:00-04:00,8.057003307010238,8.057003307010238,7.889729881951202,8.001245498657227,20880,0.0,0.0
1999-06-17 00:00:00-04:00,8.001247905862742,8.084884643554688,7.973368993298761,8.084884643554688,42960,0.0,0.0
1999-06-18 00:00:00-04:00,8.084880856500156,8.084880856500156,7.694576263427734,7.694576263427734,20600,0.0,0.0
1999-06-21 00:00:00-04:00,7.72245534428379,7.945486545562744,7.638818643804182,7.945486545562744,38300,0.0,0.0
1999-06-22 00:00:00-04:00,7.861850977774696,8.140640019539756,7.861850977774696,8.001245498657227,7280,0.0,0.0
1999-06-23 00:00:00-04:00,8.14063600699107,8.14063600699107,7.86184710264206,8.029120445251465,4420,0.0,0.0
1999-06-24 00:00:00-04:00,7.917608928013515,8.02912454671793,7.917608928013515,7.973366737365723,12820,0.0,0.0
1999-06-25 00:00:00-04:00,8.098820638488716,8.098820638488716,7.861849982973555,7.91760778427124,15680,0.0,0.0
1999-06-28 00:00:00-04:00,8.029123184528757,8.029123184528757,7.861849784851074,7.861849784851074,10540,0.0,0.0
1999-06-29 00:00:00-04:00,7.861851024627685,7.973366641998291,7.75033540725708,7.806093215942383,6940,0.0,0.0
1999-06-30 00:00:00-04:00,7.75033540725708,7.973366641998291,7.75033540725708,7.806093215942383,2300,0.0,0.0
1999-07-01 00:00:00-04:00,7.973366208295519,7.973366208295519,7.80609279133827,7.8897294998168945,6260,0.0,0.0
1999-07-02 00:00:00-04:00,7.973365585568924,7.973365585568924,7.6666976784316585,7.91760778427124,5880,0.0,0.0
1999-07-06 00:00:00-04:00,7.8897294998168945,7.917608402643102,7.833971694164478,7.8897294998168945,2820,0.0,0.0
1999-07-07 00:00:00-04:00,7.86184710264206,8.029120445251465,7.86184710264206,8.029120445251465,3260,0.0,0.0
1999-07-08 00:00:00-04:00,8.029122757585082,8.252153945295778,7.917607163729733,8.14063835144043,21360,0.0,0.0
1999-07-09 00:00:00-04:00,8.140636840081132,8.168515733369082,8.029121266929335,8.057000160217285,11620,0.0,0.0
1999-07-12 00:00:00-04:00,8.098821808408191,8.16851907009845,7.861851118661307,7.973366737365723,40780,0.0,0.0
1999-07-13 00:00:00-04:00,7.973362664381663,8.029120445251465,7.86184710264206,8.029120445251465,6200,0.0,0.0
1999-07-14 00:00:00-04:00,8.196394920349121,8.196394920349121,7.9733637660539065,8.196394920349121,8340,0.0,0.0
1999-07-15 00:00:00-04:00,8.196394920349121,8.252152708922925,8.02912155462771,8.196394920349121,5200,0.0,0.0
1999-07-16 00:00:00-04:00,8.19639378786087,8.19639378786087,7.973362664381663,8.029120445251465,17700,0.0,0.0
1999-07-19 00:00:00-04:00,8.19639378786087,8.19639378786087,8.029120445251465,8.029120445251465,2660,0.0,0.0
1999-07-20 00:00:00-04:00,8.112757116556168,8.19639378786087,7.973362664381663,8.029120445251465,7620,0.0,0.0
1999-07-21 00:00:00-04:00,8.16851489742597,8.19639378786087,7.973362664381663,8.029120445251465,9200,0.0,0.0
1999-07-22 00:00:00-04:00,8.02912155462771,8.196394920349121,8.02912155462771,8.196394920349121,12460,0.0,0.0
1999-07-23 00:00:00-04:00,8.354330554450911,8.44016271768157,8.239887670143364,8.325719833374023,8340,2.35,0.0
1999-07-26 00:00:00-04:00,8.354327221850415,8.354327221850415,8.125441544539445,8.182662963867188,21560,0.0,0.0
1999-07-27 00:00:00-04:00,8.125441525080433,8.354327201843262,8.125441525080433,8.354327201843262,3460,0.0,0.0
1999-07-28 00:00:00-04:00,8.297106783154984,8.297106783154984,8.125442504882812,8.125442504882812,19200,0.0,0.0
1999-07-29 00:00:00-04:00,8.06822059046516,8.239884858347398,8.06822059046516,8.211274147033691,14560,0.0,0.0
1999-07-30 00:00:00-04:00,8.297107261523866,8.354328690913686,8.154053688049316,8.154053688049316,19700,0.0,0.0
1999-08-02 00:00:00-04:00,8.26849436884341,8.297105076002039,8.154051540208899,8.225578308105469,14520,0.0,0.0
1999-08-03 00:00:00-04:00,8.297109112297138,8.411551996604684,8.239887670143364,8.325719833374023,18560,0.0,0.0
1999-08-04 00:00:00-04:00,8.411548139292226,8.525990971119331,8.29710530746512,8.38293743133545,8860,0.0,0.0
1999-08-05 00:00:00-04:00,8.411553461798306,8.411553461798306,8.297110557556152,8.297110557556152,8320,0.0,0.0
1999-08-06 00:00:00-04:00,8.297105802522672,8.354327221850415,8.182662963867188,8.182662963867188,9120,0.0,0.0
1999-08-09 00:00:00-04:00,8.297106783154984,8.411549635336433,8.09683179183745,8.125442504882812,11800,0.0,0.0
1999-08-10 00:00:00-04:00,8.239882469177246,8.2971038752132,8.125439657105339,8.239882469177246,7080,0.0,0.0
1999-08-11 00:00:00-04:00,8.354332009677229,8.354332009677229,8.182667653313999,8.297110557556152,6400,0.0,0.0
1999-08-12 00:00:00-04:00,8.325714578231176,8.354325281249151,8.239882469177246,8.239882469177246,14700,0.0,0.0
1999-08-13 00:00:00-04:00,8.239887670143364,8.354330554450911,8.239887670143364,8.325719833374023,3960,0.0,0.0
1999-08-16 00:00:00-04:00,8.382935984267128,8.382935984267128,8.182661063141293,8.239882469177246,1980,0.0,0.0
1999-08-17 00:00:00-04:00,8.325716512186544,8.411548641178157,8.182662963867188,8.182662963867188,4120,0.0,0.0
1999-08-18 00:00:00-04:00,8.239882469177246,8.411546687285105,8.182661063141293,8.239882469177246,6260,0.0,0.0
1999-08-19 00:00:00-04:00,8.23988438319493,8.23988438319493,8.182662963867188,8.182662963867188,2620,0.0,0.0
1999-08-20 00:00:00-04:00,8.23988535706426,8.297106783154984,8.125442504882812,8.125442504882812,20460,0.0,0.0
1999-08-23 00:00:00-04:00,8.125441564832414,8.182662984303066,8.010998725891113,8.010998725891113,8000,0.0,0.0
1999-08-24 00:00:00-04:00,8.125442504882812,8.182663930973536,7.95377822661064,8.125442504882812,18100,0.0,0.0
1999-08-25 00:00:00-04:00,8.154053739322128,8.154053739322128,7.896557305448798,7.982389450073242,19700,0.0,0.0
1999-08-26 00:00:00-04:00,8.01099826128055,8.01099826128055,7.72489118052053,7.810723304748535,8920,0.0,0.0
1999-08-27 00:00:00-04:00,7.953777345139741,7.953777345139741,7.6962809562683105,7.6962809562683105,38780,0.0,0.0
1999-08-30 00:00:00-04:00,7.724891182254343,7.7821125984191895,7.581837641842226,7.7821125984191895,30640,0.0,0.0
1999-08-31 00:00:00-04:00,7.7248945236206055,7.839337405452022,7.667673082704897,7.7248945236206055,7620,0.0,0.0
1999-09-01 00:00:00-04:00,7.782115471758966,7.839336909051311,7.724894034466621,7.753504753112793,16620,0.0,0.0
1999-09-02 00:00:00-04:00,7.7821125984191895,7.810723306501614,7.724891182254343,7.7821125984191895,24440,0.0,0.0
1999-09-03 00:00:00-04:00,7.7248945236206055,7.89655884636773,7.7248945236206055,7.7248945236206055,8580,0.0,0.0
1999-09-07 00:00:00-04:00,7.810723306501614,7.896555430748884,7.753501890336766,7.7821125984191895,14460,0.0,0.0
1999-09-08 00:00:00-04:00,7.810726684994168,7.839337405452022,7.7248945236206055,7.7248945236206055,5340,0.0,0.0
1999-09-09 00:00:00-04:00,7.7248935912972065,7.81072574231162,7.610450723277989,7.667672157287598,26060,0.0,0.0
1999-09-10 00:00:00-04:00,7.63906529075221,7.667676022178249,7.610454559326172,7.610454559326172,8720,0.0,0.0
1999-09-13 00:00:00-04:00,7.7248945236206055,7.839337405452022,7.667673082704897,7.7248945236206055,39840,0.0,0.0
1999-09-14 00:00:00-04:00,7.624759925039191,7.696286753604287,7.553233096474096,7.610454559326172,21920,0.0,0.0
1999-09-15 00:00:00-04:00,7.667673082704897,7.7248945236206055,7.553230200873481,7.7248945236206055,13020,0.0,0.0
1999-09-16 00:00:00-04:00,7.767807242634532,7.810723304748536,7.753501888596531,7.810723304748535,9380,0.0,0.0
1999-09-17 00:00:00-04:00,7.796421324765241,7.810726684994168,7.667673082704897,7.7248945236206055,12340,0.0,0.0
1999-09-20 00:00:00-04:00,7.667669766089496,7.839334014584037,7.5532269337598015,7.7821125984191895,9660,0.0,0.0
1999-09-21 00:00:00-04:00,7.896557893326033,7.953779327335642,7.610450723277989,7.667672157287598,14340,0.0,0.0
1999-09-22 00:00:00-04:00,7.553233096474096,7.63906529075221,7.553233096474096,7.610454559326172,15360,0.0,0.0
1999-09-23 00:00:00-04:00,7.610450755425219,7.610450755425219,7.553229321173902,7.5818400382995605,18940,0.0,0.0
1999-09-24 00:00:00-04:00,7.610450285853762,7.610450285853762,7.5532288551330575,7.553228855133057,6260,0.0,0.0
1999-09-27 00:00:00-04:00,7.581842000247868,7.610452724777105,7.496009826660156,7.496009826660156,29860,0.0,0.0
1999-09-28 00:00:00-04:00,7.553228437900543,7.553228437900543,7.324342727661133,7.324342727661133,71880,0.0,0.0
1999-09-29 00:00:00-04:00,7.424480225890875,7.438785582780838,7.26712130010128,7.324342727661133,10520,0.0,0.0
1999-09-30 00:00:00-04:00,7.2957320138812065,7.352953441441059,7.26712130010128,7.324342727661133,44560,0.0,0.0
1999-10-01 00:00:00-04:00,7.31003737077117,7.324342727661133,7.26712130010128,7.324342727661133,10160,0.0,0.0
1999-10-04 00:00:00-04:00,7.267120866890413,7.324342291039157,7.095456594444183,7.124067306518555,14120,0.0,0.0
1999-10-05 00:00:00-04:00,7.095455169677734,7.267119407653809,7.095455169677734,7.209897994995117,23720,0.0,0.0
1999-10-06 00:00:00-04:00,7.267123767852784,7.267123767852784,7.15268087387085,7.15268087387085,9060,0.0,0.0
1999-10-07 00:00:00-04:00,7.267119407653809,7.267119407653809,7.152676582336426,7.209897994995117,7480,0.0,0.0
1999-10-08 00:00:00-04:00,7.166981935501099,7.267119407653809,7.152676582336426,7.209897994995117,12260,0.0,0.0
1999-10-11 00:00:00-04:00,7.181291597366333,7.267123767852784,7.15268087387085,7.15268087387085,20060,0.0,0.0
1999-10-12 00:00:00-04:00,7.181291597366333,7.209902320861817,6.981016532897949,7.15268087387085,28040,0.0,0.0
1999-10-13 00:00:00-04:00,7.095458113800936,7.095458113800936,6.809350931792833,6.895183086395264,26540,0.0,0.0
1999-10-14 00:00:00-04:00,6.923792436848516,6.952403149397477,6.523242461163065,6.580463886260986,94740,0.0,0.0
1999-10-15 00:00:00-04:00,6.60907706117208,6.637687784380617,6.40880199871232,6.4660234451293945,94360,0.0,0.0
1999-10-18 00:00:00-04:00,6.523245896611895,6.523245896611895,6.351581530911582,6.4088029861450195,61880,0.0,0.0
1999-10-19 00:00:00-04:00,6.423106388041848,6.694908217379922,6.423106388041848,6.5232439041137695,63360,0.0,0.0
1999-10-20 00:00:00-04:00,6.580463873928991,6.637685298919678,6.523242448938304,6.637685298919678,29960,0.0,0.0
1999-10-21 00:00:00-04:00,6.780740201965837,6.923793792724609,6.694908047510573,6.923793792724609,39360,0.0,0.0
1999-10-22 00:00:00-04:00,6.988666188716889,7.077130317687988,6.782249887784323,7.077130317687988,23080,2.25,0.0
1999-10-25 00:00:00-04:00,6.664295955657959,7.607913082122804,6.664295955657959,7.372008800506592,22580,0.0,0.0
1999-10-26 00:00:00-04:00,7.430986881256103,7.548939053974454,7.401498838076515,7.4309868812561035,21400,0.0,0.0
1999-10-27 00:00:00-04:00,7.489962967615279,7.548939053974454,7.430986881256103,7.4309868812561035,5880,0.0,0.0
1999-10-28 00:00:00-04:00,7.372012467888313,7.401500517759866,7.2540602684021,7.2540602684021,16580,0.0,0.0
1999-10-29 00:00:00-04:00,7.224572218530547,7.313036368145206,7.1361080689158864,7.2540602684021,9220,0.0,0.0
1999-11-01 00:00:00-05:00,7.195083302836265,7.313035488128663,7.136107210190066,7.313035488128662,15440,0.0,0.0
1999-11-02 00:00:00-05:00,7.195084629387692,7.254060732907263,6.6053235941919795,6.841228008270264,17180,0.0,0.0
1999-11-03 00:00:00-05:00,6.8117402980202115,7.106620830402039,6.634811978591116,6.723276138305664,44640,0.0,0.0
1999-11-04 00:00:00-05:00,6.988667449708712,7.077131594641734,6.782251111531661,6.959179401397705,23620,0.0,0.0
1999-11-05 00:00:00-05:00,6.9591806328814965,7.018156739939815,6.723276204648226,6.782252311706543,16020,0.0,0.0
1999-11-08 00:00:00-05:00,6.796992312490413,6.841224366584711,6.605320078081789,6.6642961502075195,15700,0.0,0.0
1999-11-09 00:00:00-05:00,6.723276104695996,6.78225221087754,6.487371679969821,6.693788051605225,19160,0.0,0.0
1999-11-10 00:00:00-05:00,6.6642961502075195,6.6642961502075195,6.605320078081789,6.6642961502075195,18860,0.0,0.0
1999-11-11 00:00:00-05:00,6.664296578301324,6.723272654215495,6.605320502387153,6.634808540344238,32000,0.0,0.0
1999-11-12 00:00:00-05:00,6.679040597279867,6.723272654215495,6.605320502387153,6.634808540344238,30220,0.0,0.0
1999-11-15 00:00:00-05:00,6.69378461625841,6.752760692172581,6.546344426472982,6.634808540344238,20460,0.0,0.0
1999-11-16 00:00:00-05:00,6.634809798244977,6.634809798244977,6.369417406315178,6.516857624053955,16780,0.0,0.0
1999-11-17 00:00:00-05:00,6.369418064010477,6.605322436751607,6.280953924232555,6.310441970825195,21140,0.0,0.0
1999-11-18 00:00:00-05:00,6.251462625902753,6.428390813428302,6.13351050088572,6.339926719665527,27380,0.0,0.0
1999-11-19 00:00:00-05:00,6.3104416602248445,6.428393840789795,6.251465569942369,6.428393840789795,57300,0.0,0.0
1999-11-22 00:00:00-05:00,6.42839415719576,6.487370250381042,6.192489784454631,6.310441970825195,35020,0.0,0.0
1999-11-23 00:00:00-05:00,6.280953924232555,6.42839415719576,6.16300173786199,6.310441970825195,31020,0.0,0.0
1999-11-24 00:00:00-05:00,6.369419925617722,6.369419925617722,6.192491594350563,6.251467704772949,20340,0.0,0.0
1999-11-26 00:00:00-05:00,6.280954003334045,6.428394238154093,6.221977909406026,6.369418144226074,3600,0.0,0.0
1999-11-29 00:00:00-05:00,6.339931805928548,6.369419860839844,6.19249153137207,6.19249153137207,16160,0.0,0.0
1999-11-30 00:00:00-05:00,6.266211288076051,6.369419473997303,6.074538942793725,6.2809553146362305,30420,0.0,0.0
1999-12-01 00:00:00-05:00,6.3104438151953355,6.369419925617722,6.07453937350579,6.251467704772949,17200,0.0,0.0
1999-12-02 00:00:00-05:00,6.251465877639913,6.369418064010477,6.104025644676708,6.310441970825195,24720,0.0,0.0
1999-12-03 00:00:00-05:00,6.251467641194662,6.310443751017252,6.133515421549479,6.19249153137207,43020,0.0,0.0
1999-12-06 00:00:00-05:00,6.192492512165088,6.310444750492041,6.192492512165088,6.221980571746826,25260,0.0,0.0
1999-12-07 00:00:00-05:00,6.310441370010376,6.310441370010376,5.897608757019043,5.897608757019043,50720,0.0,0.0
1999-12-08 00:00:00-05:00,6.133512369791666,6.133512369791666,5.661703725961538,5.7501678466796875,74020,0.0,0.0
1999-12-09 00:00:00-05:00,5.77965784072876,5.956586141975558,5.66170563989756,5.77965784072876,54400,0.0,0.0
1999-12-10 00:00:00-05:00,5.779656231403351,5.838632315397263,5.543751895427704,5.661704063415527,88600,0.0,0.0
1999-12-13 00:00:00-05:00,5.661704063415527,5.720680147409439,5.42579972743988,5.661704063415527,42520,0.0,0.0
1999-12-14 00:00:00-05:00,5.632216678215907,6.339929768672356,5.602728632780221,6.133513450622559,30540,0.0,0.0
1999-12-15 00:00:00-05:00,6.3104409873485565,7.018153995275497,6.133512735366821,6.605321407318115,36820,0.0,0.0
1999-12-16 00:00:00-05:00,6.502114992791956,6.516859017718922,6.369418768449263,6.48737096786499,5560,0.0,0.0
1999-12-17 00:00:00-05:00,6.369416727603061,6.546344970036479,6.015560242736224,6.074536323547363,23800,0.0,0.0
1999-12-20 00:00:00-05:00,5.92709634680497,6.045048512910541,5.573239848488256,5.602727890014648,42560,0.0,0.0
1999-12-21 00:00:00-05:00,5.602728632780221,6.133513450622559,5.602728632780221,6.133513450622559,27080,0.0,0.0
1999-12-22 00:00:00-05:00,6.1924899833789775,6.1924899833789775,5.956585603059778,6.104025840759277,14820,0.0,0.0
1999-12-23 00:00:00-05:00,6.045048440521087,6.133512564040908,5.779656069961624,5.868120193481445,34200,0.0,0.0
1999-12-27 00:00:00-05:00,6.0745366513729095,6.0745366513729095,5.6322160214185715,5.661704063415527,34620,0.0,0.0
1999-12-28 00:00:00-05:00,5.809144330959694,6.015560626983643,5.661704119514017,6.015560626983643,24720,0.0,0.0
1999-12-29 00:00:00-05:00,6.015560626983643,6.1335127961401845,5.779656288670559,6.015560626983643,44520,0.0,0.0
1999-12-30 00:00:00-05:00,5.956585178008446,6.192489541493929,5.927097132572761,6.133513450622559,53180,0.0,0.0
1999-12-31 00:00:00-05:00,6.074537674585978,6.428394238154093,6.074537674585978,6.369418144226074,26520,0.0,0.0
2000-01-03 00:00:00-05:00,6.428393840789795,6.457881885931032,6.133513389377419,6.428393840789795,5780,0.0,0.0
2000-01-04 00:00:00-05:00,6.192486563394236,6.369414750919786,6.162998532139977,6.339926719665527,6460,0.0,0.0
2000-01-05 00:00:00-05:00,6.310442050298055,6.6053225199381504,6.310442050298055,6.369418144226074,7080,0.0,0.0
2000-01-06 00:00:00-05:00,6.605321754697222,6.605321754697222,6.280953275671912,6.516857624053955,8560,0.0,0.0
2000-01-07 00:00:00-05:00,6.546347818876567,6.782252244782029,6.369419499447471,6.723276138305664,10900,0.0,0.0
2000-01-10 00:00:00-05:00,6.72327380180359,7.077130317687988,6.72327380180359,7.077130317687988,6800,0.0,0.0
2000-01-11 00:00:00-05:00,6.959181247613368,7.077133472149188,6.900205135345458,6.900205135345459,4660,0.0,0.0
2000-01-12 00:00:00-05:00,7.047643546330726,7.047643546330726,6.841227208153676,6.959179401397705,3960,0.0,0.0
2000-01-13 00:00:00-05:00,6.959179401397704,6.959179401397704,6.841227208153676,6.959179401397705,2780,0.0,0.0
2000-01-14 00:00:00-05:00,6.900201827287674,6.959177911281586,6.5463453233242035,6.605321407318115,13060,0.0,0.0
2000-01-18 00:00:00-05:00,6.369418768449263,6.634811217134649,6.310442668741399,6.48737096786499,11660,0.0,0.0
2000-01-19 00:00:00-05:00,6.369419860839844,6.428395970662435,6.19249153137207,6.19249153137207,12400,0.0,0.0
2000-01-20 00:00:00-05:00,6.192489862442017,6.428394238154093,6.133513768513997,6.369418144226074,34960,0.0,0.0
2000-01-21 00:00:00-05:00,6.339929866361188,6.546346187591552,6.339929866361188,6.546346187591553,42020,0.0,0.0
2000-01-24 00:00:00-05:00,6.487370095811448,6.6642983711517605,6.251465728691032,6.546346187591553,72180,0.0,0.0
2000-01-25 00:00:00-05:00,6.36941791225124,6.546346187591552,6.36941791225124,6.546346187591553,1760,0.0,0.0
2000-01-26 00:00:00-05:00,6.395296573638916,6.5780193328857415,6.2734814008076984,6.395296573638916,27560,2.2,0.0
2000-01-27 00:00:00-05:00,6.486654758453369,6.578016093079473,6.456200980244668,6.486654758453369,37380,0.0,0.0
2000-01-28 00:00:00-05:00,6.456204160054525,6.486657953262329,6.21257381439209,6.395296573638916,17120,0.0,0.0
2000-01-31 00:00:00-05:00,6.364842780431111,6.395296573638916,6.21257381439209,6.395296573638916,10140,0.0,0.0
2000-02-01 00:00:00-05:00,6.395296316880446,6.456203900850737,6.303934940925012,6.334388732910156,7540,0.0,0.0
2000-02-02 00:00:00-05:00,6.334388843481092,6.334388843481092,6.273481258447619,6.3039350509643555,24420,0.0,0.0
2000-02-03 00:00:00-05:00,6.243027607599894,6.395296573638916,5.816674502690633,6.395296573638916,35720,0.0,0.0
2000-02-04 00:00:00-05:00,6.3343871997303935,6.364840984344482,6.3343871997303935,6.364840984344482,3440,0.0,0.0
2000-02-07 00:00:00-05:00,6.3343871997303935,6.364840984344482,6.273479630502217,6.364840984344482,15780,0.0,0.0
2000-02-08 00:00:00-05:00,6.349615628902729,6.364842524895301,6.334388732910156,6.334388732910156,5440,0.0,0.0
2000-02-09 00:00:00-05:00,6.349614886404241,6.364841780616242,6.273480415344238,6.273480415344238,10220,0.0,0.0
2000-02-10 00:00:00-05:00,6.349614092037438,6.39529476895857,6.3343871997303935,6.364840984344482,12380,0.0,0.0
2000-02-11 00:00:00-05:00,6.395296573638916,6.42575036684672,6.334388987223307,6.395296573638916,5440,0.0,0.0
2000-02-14 00:00:00-05:00,6.395296573638916,6.42575036684672,6.334388987223307,6.395296573638916,2840,0.0,0.0
2000-02-15 00:00:00-05:00,6.380069677035014,6.395296573638916,6.303935194015502,6.395296573638916,6320,0.0,0.0
2000-02-16 00:00:00-05:00,6.334390530056424,6.882558941311306,6.334390530056424,6.852105140686035,11720,0.0,0.0
2000-02-17 00:00:00-05:00,6.852102694304093,7.0652792225713315,6.821648904551631,7.004371643066406,20040,0.0,0.0
2000-02-18 00:00:00-05:00,7.187095755719124,7.187095755719124,7.004372982268638,7.156641960144043,24480,0.0,0.0
2000-02-22 00:00:00-05:00,7.126185998384533,7.156639784702415,6.760740562569942,7.09573221206665,26540,0.0,0.0
2000-02-23 00:00:00-05:00,7.00437390959108,7.156642907625669,6.913012510770327,7.034827709197998,21560,0.0,0.0
2000-02-24 00:00:00-05:00,7.065279960632324,7.095733753566084,6.913010995963524,7.065279960632324,17220,0.0,0.0
2000-02-25 00:00:00-05:00,6.943464063561481,7.0652792225713315,6.943464063561481,7.004371643066406,5980,0.0,0.0
2000-02-28 00:00:00-05:00,7.019599991985875,7.126188278198242,6.973919297894861,7.126188278198242,7020,0.0,0.0
2000-02-29 00:00:00-05:00,7.126186113634545,7.552539128980201,7.065278540013737,7.339362621307373,24300,0.0,0.0
2000-03-01 00:00:00-05:00,7.369819005330404,8.222525336525658,7.369819005330404,8.039802551269531,45900,0.0,0.0
2000-03-02 00:00:00-05:00,8.039796735655587,8.161611837710975,8.039796735655587,8.070250511169434,32860,0.0,0.0
2000-03-03 00:00:00-05:00,8.10070862993598,8.10070862993598,7.674355544149876,7.796170711517334,10040,0.0,0.0
2000-03-06 00:00:00-05:00,7.8570751588736005,7.8570751588736005,7.6134449213891475,7.651512145996094,9400,0.0,0.0
2000-03-07 00:00:00-05:00,7.552537993779258,7.796168251643105,7.0348236958185835,7.674353122711182,29200,0.0,0.0
2000-03-08 00:00:00-05:00,7.491633929605559,7.796171894223671,7.339364947296503,7.735264301300049,18300,0.0,0.0
2000-03-09 00:00:00-05:00,7.552538362887537,7.796168632658103,7.552538362887537,7.704807281494141,9280,0.0,0.0
2000-03-10 00:00:00-05:00,7.79617041015625,7.79617041015625,7.461178712844848,7.613447666168213,16240,0.0,0.0
2000-03-13 00:00:00-05:00,7.430724356785293,7.430724356785293,7.308909203395371,7.369816780090332,13880,0.0,0.0
2000-03-14 00:00:00-05:00,7.415497619278577,7.522085880746648,7.415497619278577,7.461178302764893,2280,0.0,0.0
2000-03-15 00:00:00-05:00,7.735264575842655,8.161617741440281,7.613449385671905,8.039802551269531,11620,0.0,0.0
2000-03-16 00:00:00-05:00,8.03980115634292,8.405246663449415,7.796170818271921,8.161616325378418,22700,0.0,0.0
2000-03-17 00:00:00-05:00,8.039798240236191,8.19206714630127,7.978890677810159,8.19206714630127,20540,0.0,0.0
2000-03-20 00:00:00-05:00,8.192070117637293,8.222523909896166,8.100708740860668,8.161616325378418,4260,0.0,0.0
2000-03-21 00:00:00-05:00,8.161615159776476,8.222522735595703,8.100707583957249,8.222522735595703,7140,0.0,0.0
2000-03-22 00:00:00-05:00,8.039798240236191,8.19206714630127,8.009344459023175,8.19206714630127,8200,0.0,0.0
2000-03-23 00:00:00-05:00,8.192070340751705,8.222524133840002,8.039801375310224,8.100708961486816,11780,0.0,0.0
2000-03-24 00:00:00-05:00,8.039801375310224,8.192070340751705,8.009347582221928,8.100708961486816,9940,0.0,0.0
2000-03-27 00:00:00-05:00,8.100706444067113,8.344336713061614,8.100706444067113,8.283429145812988,15600,0.0,0.0
2000-03-28 00:00:00-05:00,8.222521841526031,8.831597533490923,8.222521841526031,8.770689964294434,29980,0.0,0.0
2000-03-29 00:00:00-05:00,8.831597328186035,9.136135167089002,8.770689760405443,8.831597328186035,50580,0.0,0.0
2000-03-30 00:00:00-05:00,8.953413537629336,8.953413537629336,8.770690812371594,8.80114459991455,37520,0.0,0.0
2000-03-31 00:00:00-05:00,8.86205163252981,8.892505418208607,8.527059990063048,8.679328918457031,30500,0.0,0.0
2000-04-03 00:00:00-04:00,8.527064443061855,8.587972046226582,8.4052492367324,8.496610641479492,8040,0.0,0.0
2000-04-04 00:00:00-04:00,8.527062064722964,8.527062064722964,7.674355858250668,8.100708961486816,23220,0.0,0.0
2000-04-05 00:00:00-04:00,7.857079766013406,8.070256348812219,7.796172170928031,8.039802551269531,35060,0.0,0.0
2000-04-06 00:00:00-04:00,8.161617741440281,8.161617741440281,7.857079766013406,8.039802551269531,1900,0.0,0.0
2000-04-07 00:00:00-04:00,7.917984696321709,8.039799845495889,7.857077121734619,7.857077121734619,51300,0.0,0.0
2000-04-10 00:00:00-04:00,7.8570784027896705,8.283431494413916,7.826624610530796,8.161616325378418,7720,0.0,0.0
2000-04-11 00:00:00-04:00,8.161615677993662,8.344338417053223,8.039800518620623,8.344338417053223,2220,0.0,0.0
2000-04-12 00:00:00-04:00,8.222525336525658,8.344340526696408,7.917987361098781,8.039802551269531,5660,0.0,0.0
2000-04-13 00:00:00-04:00,8.161614011315738,8.344336713061614,8.0702526604428,8.283429145812988,10340,0.0,0.0
2000-04-14 00:00:00-04:00,8.222521679867677,8.283429247866698,8.222521679867677,8.252975463867188,9940,0.0,0.0
2000-04-17 00:00:00-04:00,8.283428489940318,8.283428489940318,8.039798240236191,8.19206714630127,14680,0.0,0.0
2000-04-18 00:00:00-04:00,8.283430208478654,8.58796808379037,8.283430208478654,8.527060508728027,31100,0.0,0.0
2000-04-19 00:00:00-04:00,8.5270597608827,8.5270597608827,8.46615219116211,8.46615219116211,11280,0.0,0.0
2000-04-20 00:00:00-04:00,8.466154171870304,8.709784507751465,8.466154171870304,8.709784507751465,25760,0.0,0.0
2000-04-24 00:00:00-04:00,8.648874426541264,9.257950090382197,8.648874426541264,8.892504692077637,9000,0.0,0.0
2000-04-25 00:00:00-04:00,9.049783706665039,9.049783706665039,8.924959103814487,9.049783706665039,12160,2.2,0.0
2000-04-26 00:00:00-04:00,8.987372217951593,9.237021446228027,8.987372217951593,9.237021446228027,16260,0.0,0.0
2000-04-27 00:00:00-04:00,9.17461173157943,9.985971952739515,9.17461173157943,9.486673355102539,137920,0.0,0.0
2000-04-28 00:00:00-04:00,9.361848895181746,9.486673547117501,9.20581808026205,9.299436569213867,10060,0.0,0.0
2000-05-01 00:00:00-04:00,9.268226741515484,9.268226741515484,8.987371385711985,9.080989837646484,35900,0.0,0.0
2000-05-02 00:00:00-04:00,9.143404304558503,9.143404304558503,8.80013656616211,8.80013656616211,4740,0.0,0.0
2000-05-03 00:00:00-04:00,8.987370627267019,8.987370627267019,8.73772144317627,8.73772144317627,8060,0.0,0.0
2000-05-04 00:00:00-04:00,8.862548882234181,8.862548882234181,8.737724250090038,8.80013656616211,6500,0.0,0.0
2000-05-05 00:00:00-04:00,8.800135732988158,8.800135732988158,8.612898802499048,8.644104957580566,40660,0.0,0.0
2000-05-08 00:00:00-04:00,8.675313383116759,8.675313383116759,8.238427097636059,8.3008394241333,12420,0.0,0.0
2000-05-09 00:00:00-04:00,8.33204460144043,8.488075399220213,8.23842612277256,8.33204460144043,39240,0.0,0.0
2000-05-10 00:00:00-04:00,8.300836375843396,8.675310197310015,8.300836375843396,8.58169174194336,78080,0.0,0.0
2000-05-11 00:00:00-04:00,8.612898924771477,8.612898924771477,8.456868147148805,8.48807430267334,4020,0.0,0.0
2000-05-12 00:00:00-04:00,8.612898924771477,8.612898924771477,8.363249680575203,8.48807430267334,1380,0.0,0.0
2000-05-15 00:00:00-04:00,8.612898802499048,8.644104957580566,8.488074182172975,8.644104957580566,23260,0.0,0.0
2000-05-16 00:00:00-04:00,8.48807430267334,8.70651739134508,8.48807430267334,8.48807430267334,5400,0.0,0.0
2000-05-17 00:00:00-04:00,8.363250511280004,8.675312097521795,8.17601355953493,8.612899780273438,168960,0.0,0.0
2000-05-18 00:00:00-04:00,8.550485258233056,9.11219596862793,8.550485258233056,9.11219596862793,62820,0.0,0.0
2000-05-19 00:00:00-04:00,8.987377867406728,9.174614906311035,8.924965521105293,9.174614906311035,6980,0.0,0.0
2000-05-22 00:00:00-04:00,9.174614906311035,9.299439598913906,8.987377867406728,9.174614906311035,24240,0.0,0.0
2000-05-23 00:00:00-04:00,9.174608289580984,9.174608289580984,9.018577536356819,9.080989837646484,13080,0.0,0.0
2000-05-24 00:00:00-04:00,9.049783667472944,9.11219596862793,8.987371366317957,9.11219596862793,6900,0.0,0.0
2000-05-25 00:00:00-04:00,9.112196008090315,9.174608309515591,9.049783706665039,9.049783706665039,26300,0.0,0.0
2000-05-26 00:00:00-04:00,8.987370541221216,9.049782836646363,8.893752098083496,8.893752098083496,12060,0.0,0.0
2000-05-30 00:00:00-04:00,8.987374335631262,9.01858049651887,8.924962013856044,8.956168174743652,14920,0.0,0.0
2000-05-31 00:00:00-04:00,9.01857824199247,9.486670538289658,8.987372088905992,9.4242582321167,17020,0.0,0.0
2000-06-01 00:00:00-04:00,9.424259086060369,9.549083709716797,9.330640618318046,9.549083709716797,30040,0.0,0.0
2000-06-02 00:00:00-04:00,9.54908368486535,9.892351399027175,9.54908368486535,9.580289840698242,30280,0.0,0.0
2000-06-05 00:00:00-04:00,9.580289890727059,9.611496046722912,9.361846798756083,9.517877578735352,20740,0.0,0.0
2000-06-06 00:00:00-04:00,9.549083709716797,9.798732957029655,9.549083709716797,9.549083709716797,12920,0.0,0.0
2000-06-07 00:00:00-04:00,9.73632064520144,9.798732957029655,9.455465241974474,9.549083709716797,5040,0.0,0.0
2000-06-08 00:00:00-04:00,9.611492975277104,10.173203603702389,9.611492975277104,9.892348289489746,14200,0.0,0.0
2000-06-09 00:00:00-04:00,10.079586011392099,10.20441060596042,9.954761416823775,10.11079216003418,31660,0.0,0.0
2000-06-12 00:00:00-04:00,10.06398667587093,10.360445198105888,10.0483835957533,10.173208236694336,19740,0.0,0.0
2000-06-13 00:00:00-04:00,10.235620557164852,10.235620557164852,10.0483835957533,10.173208236694336,16260,0.0,0.0
2000-06-14 00:00:00-04:00,10.141999306886094,10.23561776202658,10.048380851745605,10.048380851745605,18880,0.0,0.0
2000-06-15 00:00:00-04:00,10.11079128109923,10.173203572957867,9.923554405523317,9.954760551452637,14880,0.0,0.0
2000-06-16 00:00:00-04:00,9.985968827429712,10.048381132601149,9.580288843815381,9.642701148986816,24500,0.0,0.0
2000-06-19 00:00:00-04:00,9.673908333373225,9.673908333373225,9.424259086060369,9.549083709716797,7300,0.0,0.0
2000-06-20 00:00:00-04:00,9.861148440043133,9.892354605992635,9.361849784851074,9.361849784851074,30040,0.0,0.0
2000-06-21 00:00:00-04:00,9.486673547117501,9.486673547117501,8.893756450422659,9.299436569213867,18500,0.0,0.0
2000-06-22 00:00:00-04:00,9.486672603722774,9.486672603722774,9.11219868515477,9.268229484558105,9100,0.0,0.0
2000-06-23 00:00:00-04:00,9.112196701251909,9.642701303722054,9.112196701251909,9.4242582321167,12960,0.0,0.0
2000-06-26 00:00:00-04:00,9.424261030397918,9.549085679807161,9.393054868045606,9.486673355102539,6620,0.0,0.0
2000-06-27 00:00:00-04:00,9.48667212808208,9.861146027874794,9.361847494817843,9.798733711242676,11920,0.0,0.0
2000-06-28 00:00:00-04:00,9.673909077978438,9.798733711242676,9.642702919662378,9.798733711242676,11560,0.0,0.0
2000-06-29 00:00:00-04:00,9.705113389553167,9.892350303821074,9.673907237175182,9.736319541931152,8000,0.0,0.0
2000-06-30 00:00:00-04:00,9.76752832531929,10.079589933156967,9.76752832531929,9.985971450805664,24420,0.0,0.0
2000-07-03 00:00:00-04:00,9.923554405523317,9.985966697381956,9.923554405523317,9.954760551452637,500,0.0,0.0
2000-07-05 00:00:00-04:00,9.923556244891623,10.048380851745605,9.923556244891623,10.048380851745605,2600,0.0,0.0
2000-07-06 00:00:00-04:00,9.985968548318615,10.048380851745605,9.923556244891623,10.048380851745605,4300,0.0,0.0
2000-07-07 00:00:00-04:00,9.923557210191388,10.079587983936536,9.923557210191388,10.017175674438477,12840,0.0,0.0
2000-07-10 00:00:00-04:00,9.985967582962461,10.173204475143008,9.985967582962461,10.079586029052734,8620,0.0,0.0
2000-07-11 00:00:00-04:00,10.110793155172598,10.204411610313084,9.985968548318615,10.048380851745605,10100,0.0,0.0
2000-07-12 00:00:00-04:00,10.142002807365166,10.485270594691372,10.110796644880965,10.39165210723877,8680,0.0,0.0
2000-07-13 00:00:00-04:00,10.485268491857191,10.610093116760254,10.36044386695413,10.610093116760254,7720,0.0,0.0
2000-07-14 00:00:00-04:00,10.48526680686257,10.516472958073471,10.110792992331765,10.298029899597168,20900,0.0,0.0
2000-07-17 00:00:00-04:00,10.360443115234375,10.485267731080572,10.235618499388178,10.360443115234375,13760,0.0,0.0
2000-07-18 00:00:00-04:00,10.485268592834473,10.610093218939644,10.485268592834473,10.485268592834473,7080,0.0,0.0
2000-07-19 00:00:00-04:00,10.3604444807226,11.234216906807639,10.329238322648134,10.984567642211914,16040,0.0,0.0
2000-07-20 00:00:00-04:00,11.137345675861134,11.233633967006908,10.784288608326632,10.912672996520996,5160,3.05,0.0
2000-07-21 00:00:00-04:00,10.784286269222397,11.105247170092111,10.655901908874512,10.655901908874512,5500,0.0,0.0
2000-07-24 00:00:00-04:00,10.655900498167775,10.655900498167775,9.885594438059261,10.046074867248535,67640,0.0,0.0
2000-07-25 00:00:00-04:00,10.030027956534655,10.206556448569666,10.0139799118042,10.0139799118042,12080,0.0,0.0
2000-07-26 00:00:00-04:00,10.030030227098308,10.030030227098308,9.660925114741092,9.78930950164795,9400,0.0,0.0
2000-07-27 00:00:00-04:00,9.757212422688802,9.88559679667155,9.564635861714681,9.628828048706055,9040,0.0,0.0
2000-07-28 00:00:00-04:00,9.757211640527016,9.757211640527016,9.436250731299154,9.596731185913086,3000,0.0,0.0
2000-07-31 00:00:00-04:00,9.628828048706055,9.693020235697428,9.500443674723307,9.628828048706055,22020,0.0,0.0
2000-08-01 00:00:00-04:00,9.500443674723307,9.693020235697428,9.436251487731933,9.628828048706055,13140,0.0,0.0
2000-08-02 00:00:00-04:00,9.693021397841605,9.82140578721699,9.56463700846622,9.757213592529297,3040,0.0,0.0
2000-08-03 00:00:00-04:00,9.757213592529297,9.757213592529297,9.693021397841605,9.757213592529297,6220,0.0,0.0
2000-08-04 00:00:00-04:00,9.757213254518147,10.27075079422963,9.436252292198471,10.142366409301758,10300,0.0,0.0
2000-08-07 00:00:00-04:00,9.821404236041946,9.821404236041946,9.628827682394066,9.69301986694336,4160,0.0,0.0
2000-08-08 00:00:00-04:00,9.660925300497759,10.013982371280068,9.644877251825836,9.757213592529297,4860,0.0,0.0
2000-08-09 00:00:00-04:00,9.885597791828094,9.885597791828094,9.72511730819452,9.78930950164795,3180,0.0,0.0
2000-08-10 00:00:00-04:00,9.821405429165463,10.142366390902897,9.757213236817977,9.98188591003418,11660,0.0,0.0
2000-08-11 00:00:00-04:00,9.821402266383553,10.367035725627083,9.821402266383553,10.046074867248535,3640,0.0,0.0
2000-08-14 00:00:00-04:00,10.270749678522904,10.334941864013672,10.206557493032136,10.334941864013672,2140,0.0,0.0
2000-08-15 00:00:00-04:00,10.527519991332637,10.559616088867188,10.270751211056231,10.559616088867188,23180,0.0,0.0
2000-08-16 00:00:00-04:00,10.784288608326632,11.169441772909725,10.655904220132266,10.912672996520996,49820,0.0,0.0
2000-08-17 00:00:00-04:00,10.784285888671874,11.297823311941965,10.784285888671874,11.233631134033203,11260,0.0,0.0
2000-08-18 00:00:00-04:00,10.976864467719222,11.201537132263184,10.848480087979818,11.201537132263184,14920,0.0,0.0
2000-08-21 00:00:00-04:00,10.880572139707386,11.265725135803223,10.880572139707386,11.265725135803223,14620,0.0,0.0
2000-08-22 00:00:00-04:00,10.91267225354217,11.169441012449044,10.88057615867881,11.041056632995605,5760,0.0,0.0
2000-08-23 00:00:00-04:00,11.008957509027011,11.169437939187755,11.008957509027011,11.073149681091309,6440,0.0,0.0
2000-08-24 00:00:00-04:00,11.169439315795898,11.362015855723413,11.073151045832141,11.169439315795898,26840,0.0,0.0
2000-08-25 00:00:00-04:00,11.169438956124441,11.362015489850725,11.04105460030692,11.233631134033203,13520,0.0,0.0
2000-08-28 00:00:00-04:00,11.233631724661047,11.490400449796155,11.073151271451602,11.297823905944824,25500,0.0,0.0
2000-08-29 00:00:00-04:00,11.362014086834797,12.453280976530793,11.29782191685268,12.356992721557617,61700,0.0,0.0
2000-08-30 00:00:00-04:00,12.324897525185033,12.356993612490202,12.068128826743678,12.196513175964355,75680,0.0,0.0
2000-08-31 00:00:00-04:00,12.196516245603561,12.32490062713623,11.939747482538223,12.32490062713623,21880,0.0,0.0
2000-09-01 00:00:00-04:00,12.324902148956948,12.324902148956948,12.068133354187012,12.068133354187012,24960,0.0,0.0
2000-09-05 00:00:00-04:00,12.356993253318427,12.356993253318427,12.068128475968125,12.26070499420166,7700,0.0,0.0
2000-09-06 00:00:00-04:00,12.292804531753063,12.32490062713623,12.068131864070892,12.32490062713623,5800,0.0,0.0
2000-09-07 00:00:00-04:00,12.324897766113281,12.838435173034668,12.260705590248108,12.838435173034668,39100,0.0,0.0
2000-09-08 00:00:00-04:00,12.517477199435234,12.581669390201569,12.260708436369896,12.32490062713623,66420,0.0,0.0
2000-09-11 00:00:00-04:00,12.32489483173077,12.517471313476562,12.260702671148838,12.517471313476562,7560,0.0,0.0
2000-09-12 00:00:00-04:00,12.228613266970385,12.710054734173942,11.811363995393966,12.00394058227539,12080,0.0,0.0
2000-09-13 00:00:00-04:00,12.068128475968125,12.26070499420166,11.811359784990081,12.26070499420166,12360,0.0,0.0
2000-09-14 00:00:00-04:00,12.132325201178315,12.774247169494629,12.132325201178315,12.774247169494629,17520,0.0,0.0
2000-09-15 00:00:00-04:00,12.742146909236908,12.838435173034668,12.324897766113281,12.838435173034668,21640,0.0,0.0
2000-09-18 00:00:00-04:00,12.902627348899841,12.902627348899841,12.710050821304321,12.838435173034668,110760,0.0,0.0
2000-09-19 00:00:00-04:00,12.870530839530886,12.966819100175757,12.389089536306539,12.742146492004395,20980,0.0,0.0
2000-09-20 00:00:00-04:00,12.517476450536668,12.74214910477707,12.45328426361084,12.45328426361084,8500,0.0,0.0
2000-09-21 00:00:00-04:00,12.3890960653931,12.58167268817123,12.3890960653931,12.421192169189453,10420,0.0,0.0
2000-09-22 00:00:00-04:00,12.389093756038237,12.51747814729252,12.00394058227539,12.00394058227539,9660,0.0,0.0
2000-09-25 00:00:00-04:00,12.003938601567196,12.068130786602314,10.78428708589994,11.682977676391602,45500,0.0,0.0
2000-09-26 00:00:00-04:00,11.747163315449866,11.747163315449866,11.618779016920358,11.650875091552734,8760,0.0,0.0
2000-09-27 00:00:00-04:00,11.554595947265625,11.682980346679688,11.554595947265625,11.554595947265625,3320,0.0,0.0
2000-09-28 00:00:00-04:00,11.682977676391602,11.747169861426721,11.618785491356483,11.682977676391602,5920,0.0,0.0
2000-09-29 00:00:00-04:00,11.650880290440151,11.931721068790981,11.169438956124441,11.233631134033203,57140,0.0,0.0
2000-10-02 00:00:00-04:00,11.554589620450649,11.843454360961914,11.297820962218411,11.843454360961914,23240,0.0,0.0
2000-10-03 00:00:00-04:00,11.875553860690424,11.875553860690424,11.747169494628906,11.747169494628906,4360,0.0,0.0
2000-10-04 00:00:00-04:00,11.779268460070833,12.324902148956948,11.490403565954654,12.068133354187012,25720,0.0,0.0
2000-10-05 00:00:00-04:00,11.939741818801217,11.939741818801217,11.618781017220538,11.811357498168945,10620,0.0,0.0
2000-10-06 00:00:00-04:00,11.682976855912022,11.682976855912022,11.297823772750087,11.490400314331055,13880,0.0,0.0
2000-10-09 00:00:00-04:00,11.6027400970459,11.618788146972657,11.329923248291015,11.554595947265625,12460,0.0,0.0
2000-10-10 00:00:00-04:00,11.522499665300897,12.068133354187012,11.522499665300897,12.068133354187012,24060,0.0,0.0
2000-10-11 00:00:00-04:00,12.196514446677856,12.196514446677856,11.971841812133789,11.971841812133789,35640,0.0,0.0
2000-10-12 00:00:00-04:00,12.068133154097305,12.100229252911394,11.779268264770508,11.779268264770508,32780,0.0,0.0
2000-10-13 00:00:00-04:00,11.682977676391602,11.875554231496958,11.394112843733568,11.682977676391602,27860,0.0,0.0
2000-10-16 00:00:00-04:00,11.859510453366441,11.97184681760672,11.618789672851562,11.618789672851562,11000,0.0,0.0
2000-10-17 00:00:00-04:00,11.650877867287736,11.875550443240945,11.618781785008707,11.843454360961914,32820,0.0,0.0
2000-10-18 00:00:00-04:00,11.74717216595642,11.93974875884095,11.426211177815533,11.779268264770508,31460,0.0,0.0
2000-10-19 00:00:00-04:00,11.859501618406048,11.875549658485081,11.779261418010877,11.811357498168945,55220,0.0,0.0
2000-10-20 00:00:00-04:00,11.811361677659665,11.875553860690424,11.747169494628906,11.747169494628906,27480,0.0,0.0
2000-10-23 00:00:00-04:00,11.811365707606486,11.811365707606486,11.71507740020752,11.71507740020752,17000,0.0,0.0
2000-10-24 00:00:00-04:00,12.314554214477539,12.314554214477539,10.961306498600887,11.434943199157715,30380,5.85,0.0
2000-10-25 00:00:00-04:00,11.333456213881329,11.637937127090082,10.995144088093827,11.096637725830078,55720,0.0,0.0
2000-10-26 00:00:00-04:00,11.367289971867834,11.43495241217657,10.995146550169778,11.062808990478516,22320,0.0,0.0
2000-10-27 00:00:00-04:00,11.367293662213264,11.367293662213264,10.927487657425251,11.130475044250488,19780,0.0,0.0
2000-10-30 00:00:00-05:00,11.231968436922346,11.908593041556223,11.198137206690653,11.367293357849121,18740,0.0,0.0
2000-10-31 00:00:00-05:00,11.333459771197775,11.773265672766644,11.333459771197775,11.671772003173828,17840,0.0,0.0
2000-11-01 00:00:00-05:00,11.671764933785727,11.705596136492352,11.3672841094261,11.637933731079102,21200,0.0,0.0
2000-11-02 00:00:00-05:00,11.637933731079102,11.705596136492352,11.43494651483935,11.637933731079102,12780,0.0,0.0
2000-11-03 00:00:00-05:00,11.705601494887778,11.773263931274414,11.299626876567972,11.773263931274414,34120,0.0,0.0
2000-11-06 00:00:00-05:00,11.63793542587862,11.705597841145357,11.519526199161831,11.536441802978516,11280,0.0,0.0
2000-11-07 00:00:00-05:00,11.604111969470978,11.705605660166059,11.231968436922346,11.367293357849121,13720,0.0,0.0
2000-11-08 00:00:00-05:00,11.50261503277403,11.570277474143289,11.164302825927734,11.164302825927734,9300,0.0,0.0
2000-11-09 00:00:00-05:00,11.502614185727875,11.908588804047683,11.231964440181338,11.773263931274414,13840,0.0,0.0
2000-11-10 00:00:00-05:00,11.536447110383406,11.705603226371434,11.43495344079059,11.671772003173828,15940,0.0,0.0
2000-11-13 00:00:00-05:00,11.688690045050212,11.773268120629448,11.09664351599557,11.367293357849121,13240,0.0,0.0
2000-11-14 00:00:00-05:00,11.570278333581012,11.705603226371434,11.36729099439538,11.671772003173828,6440,0.0,0.0
2000-11-15 00:00:00-05:00,11.654851657322475,11.942416937691824,11.654851657322475,11.840923309326172,17440,0.0,0.0
2000-11-16 00:00:00-05:00,11.671772595927202,12.382228319157553,11.570278921180009,12.246903419494629,17340,0.0,0.0
2000-11-17 00:00:00-05:00,12.145409846847707,12.314565972848373,11.908591270446777,11.908591270446777,6620,0.0,0.0
2000-11-20 00:00:00-05:00,12.077747294915973,12.31456586932609,11.840928720505856,12.246903419494629,7400,0.0,0.0
2000-11-21 00:00:00-05:00,11.976248424986135,12.449885368347168,11.976248424986135,12.449885368347168,4320,0.0,0.0
2000-11-22 00:00:00-05:00,12.145408254761936,12.449889241650117,11.840927267873752,12.111577033996582,9440,0.0,0.0
2000-11-24 00:00:00-05:00,12.314560527386872,12.449885368347168,12.179235686426578,12.449885368347168,7280,0.0,0.0
2000-11-27 00:00:00-05:00,12.568300219757916,12.585215832435921,12.179241128163795,12.348397254943848,10580,0.0,0.0
2000-11-28 00:00:00-05:00,12.348397254943848,12.382228480299858,12.179241128163795,12.348397254943848,6840,0.0,0.0
2000-11-29 00:00:00-05:00,12.043911364899964,12.382223481891536,12.043911364899964,12.077742576599121,13340,0.0,0.0
2000-11-30 00:00:00-05:00,12.162321127265509,12.2468991601394,10.995144273605813,11.028975486755371,35520,0.0,0.0
2000-12-01 00:00:00-05:00,11.384206689293705,11.671772088577498,11.096641290009911,11.333459854125977,23280,0.0,0.0
2000-12-04 00:00:00-05:00,11.282704558092005,11.908581722483914,11.096632968678193,11.502607345581055,14900,0.0,0.0
2000-12-05 00:00:00-05:00,11.637933731079102,11.739427339198977,11.5026089202526,11.637933731079102,11480,0.0,0.0
2000-12-06 00:00:00-05:00,11.671767056160082,11.773260682735387,11.299623758717297,11.739429473876953,7460,0.0,0.0
2000-12-07 00:00:00-05:00,11.80709146404546,11.80709146404546,11.09663610374473,11.536441802978516,10640,0.0,0.0
2000-12-08 00:00:00-05:00,11.434953524461433,11.976253099583868,11.333459854125977,11.333459854125977,15900,0.0,0.0
2000-12-11 00:00:00-05:00,11.502611862239341,11.908586398553672,11.299624594082177,11.375744819641113,4560,0.0,0.0
2000-12-12 00:00:00-05:00,11.637944450155336,11.637944450155336,11.367294579221491,11.570281982421875,16860,0.0,0.0
2000-12-13 00:00:00-05:00,11.840930581092834,11.840930581092834,11.333462127617427,11.367293357849121,5140,0.0,0.0
2000-12-14 00:00:00-05:00,11.43495098468801,11.50261341655007,10.893651529791535,11.003602981567383,13600,0.0,0.0
2000-12-15 00:00:00-05:00,11.367280813363882,11.434943199157715,11.096631270188553,11.434943199157715,6540,0.0,0.0
2000-12-18 00:00:00-05:00,11.367286864868895,11.637936552127679,11.096637177610111,11.2996244430542,6640,0.0,0.0
2000-12-19 00:00:00-05:00,11.367287426460079,11.367287426460079,10.893650450357576,11.096637725830078,61860,0.0,0.0
2000-12-20 00:00:00-05:00,10.92748279809209,11.130470094651075,10.284689692321967,10.859820365905762,23280,0.0,0.0
2000-12-21 00:00:00-05:00,10.876735973952343,10.893651581998926,10.555339421067282,10.859820365905762,17220,0.0,0.0
2000-12-22 00:00:00-05:00,10.792154702544213,10.893648320436478,9.878712141513825,10.8259859085083,35900,0.0,0.0
2000-12-26 00:00:00-05:00,10.825989149812596,10.893651581998926,10.62300185325361,10.859820365905762,21040,0.0,0.0
2000-12-27 00:00:00-05:00,10.859823128968207,11.367291499480741,10.825991904267372,11.198135375976562,10980,0.0,0.0
2000-12-28 00:00:00-05:00,11.299625586314374,11.299625586314374,10.961313443011548,11.231963157653809,41960,0.0,0.0
2000-12-29 00:00:00-05:00,11.164302173842731,11.874757766723633,11.164302173842731,11.874757766723633,53440,0.0,0.0
2001-01-02 00:00:00-05:00,13.126512410905626,13.261837281121148,12.145407101843093,12.179238319396973,61360,0.0,0.0
2001-01-03 00:00:00-05:00,12.7543702285383,12.7543702285383,11.299627735628096,12.111577033996582,69020,0.0,0.0
2001-01-04 00:00:00-05:00,12.111572984967912,12.111572984967912,11.468780005318777,11.840923309326172,34380,0.0,0.0
2001-01-05 00:00:00-05:00,12.026999846748684,12.043915458347486,11.570278333581012,11.671772003173828,44980,0.0,0.0
2001-01-08 00:00:00-05:00,12.229985145727793,12.517550494935778,11.739432491196526,12.179238319396973,96520,0.0,0.0
2001-01-09 00:00:00-05:00,12.331478798389435,12.449888059828016,12.145407101843093,12.179238319396973,54980,0.0,0.0
2001-01-10 00:00:00-05:00,12.229987966197811,12.449890931011879,12.043916226739752,12.348397254943848,44920,0.0,0.0
2001-01-11 00:00:00-05:00,12.44988689370636,12.517549322476503,12.314562036166073,12.416055679321289,54320,0.0,0.0
2001-01-12 00:00:00-05:00,12.48371597960755,12.48371597960755,12.052368069743062,12.314559936523438,29100,0.0,0.0
2001-01-16 00:00:00-05:00,12.585213422775269,13.4648251136144,12.517550985018413,12.991188049316406,100000,0.0,0.0
2001-01-17 00:00:00-05:00,12.991185748387897,13.058848174160751,12.432970735761854,12.788198471069336,58180,0.0,0.0
2001-01-18 00:00:00-05:00,12.65287418001679,13.05884875263765,12.314562036166073,12.416055679321289,65000,0.0,0.0
2001-01-19 00:00:00-05:00,12.720531695121826,12.991181305656333,12.585206889854573,12.822025299072266,53900,0.0,0.0
2001-01-22 00:00:00-05:00,12.92352372377657,13.464823146761976,12.822030081966806,13.329498291015625,54340,0.0,0.0
2001-01-23 00:00:00-05:00,13.498660002218184,13.633984914521122,13.194178949536571,13.228010177612305,87920,0.0,0.0
2001-01-24 00:00:00-05:00,13.441616815069448,13.732246367827706,12.787700321363367,13.368959426879883,67260,8.4,0.0
2001-01-25 00:00:00-05:00,13.514272064459128,13.69591550618573,12.933013050934004,13.296299934387207,51240,0.0,0.0
2001-01-26 00:00:00-05:00,13.223644650500754,13.514274203259012,13.078329874121625,13.368959426879883,26400,0.0,0.0
2001-01-29 00:00:00-05:00,13.47794399979294,14.095531730241673,13.368957929713751,13.514272689819336,29020,0.0,0.0
2001-01-30 00:00:00-05:00,13.732248911043493,13.804906312689225,13.332633201991962,13.405290603637695,29440,0.0,0.0
2001-01-31 00:00:00-05:00,13.550602134498389,13.804902978845544,13.368958674250422,13.44161605834961,47280,0.0,0.0
2001-02-01 00:00:00-05:00,13.623258759898524,13.65958744992492,13.223643169608167,13.514272689819336,35520,0.0,0.0
2001-02-02 00:00:00-05:00,13.623269081115723,13.623269081115723,13.441625493367514,13.623269081115723,23360,0.0,0.0
2001-02-05 00:00:00-05:00,13.623260589967291,13.623260589967291,12.03388018780444,12.061126708984375,74740,0.0,0.0
2001-02-06 00:00:00-05:00,12.497076329730806,12.497076329730806,11.806830834774743,12.206446647644043,60080,0.0,0.0
2001-02-07 00:00:00-05:00,12.206446647644043,12.279104068165735,11.91581696555728,12.206446647644043,58260,0.0,0.0
2001-02-08 00:00:00-05:00,12.188278867237603,12.31542931741743,12.061128417057777,12.170114517211914,83780,0.0,0.0
2001-02-09 00:00:00-05:00,12.133785817160534,12.206443217263292,12.024799717006399,12.170114517211914,17780,0.0,0.0
2001-02-12 00:00:00-05:00,12.20644150006665,12.279098889948,12.133784110185301,12.242770195007324,30160,0.0,0.0
2001-02-13 00:00:00-05:00,12.260934542477662,12.315427584888674,12.20644150006665,12.242770195007324,26640,0.0,0.0
2001-02-14 00:00:00-05:00,12.315427573330432,12.351756268237011,12.061126708984375,12.061126708984375,17860,0.0,0.0
2001-02-15 00:00:00-05:00,12.20644150006665,12.279098889948,11.625182381015858,12.242770195007324,27680,0.0,0.0
2001-02-16 00:00:00-05:00,12.206443217263292,12.279100617366051,12.061128417057777,12.170114517211914,20680,0.0,0.0
2001-02-20 00:00:00-05:00,12.26093897948394,12.35176074970234,12.09745979309082,12.09745979309082,43880,0.0,0.0
2001-02-21 00:00:00-05:00,12.206436382948295,12.315422422081761,12.097450343814828,12.279093742370605,39740,0.0,0.0
2001-02-22 00:00:00-05:00,12.242771196897145,12.35175729063807,12.170113801069864,12.215524673461914,10780,0.0,0.0
2001-02-23 00:00:00-05:00,12.279097759022433,12.424412525401396,12.20644037583295,12.351755142211914,19960,0.0,0.0
2001-02-26 00:00:00-05:00,12.715044206018606,13.296303369722313,12.642386810555642,13.150988578796387,30840,0.0,0.0
2001-02-27 00:00:00-05:00,13.150993488051675,13.150993488051675,12.75137766382911,12.78770637512207,20380,0.0,0.0
2001-02-28 00:00:00-05:00,13.042007682028782,13.07833639423499,12.787706696585323,12.933021545410156,14060,0.0,0.0
2001-03-01 00:00:00-05:00,13.078333321264235,13.150990728604592,12.787703691902808,12.860361099243164,16800,0.0,0.0
2001-03-02 00:00:00-05:00,12.878528153354472,13.042007354172794,12.78770637512207,12.78770637512207,11560,0.0,0.0
2001-03-05 00:00:00-05:00,12.878527302595899,13.40529358154552,12.86036294814936,13.042006492614746,38760,0.0,0.0
2001-03-06 00:00:00-05:00,13.150993488051675,13.187322199344635,12.78770637512207,12.78770637512207,36860,0.0,0.0
2001-03-07 00:00:00-05:00,13.223648135944948,13.259976839615128,12.860361099243164,12.860361099243164,19900,0.0,0.0
2001-03-08 00:00:00-05:00,13.296310623168946,13.768583951314291,13.078338317871095,13.623269081115723,90920,0.0,0.0
2001-03-09 00:00:00-05:00,13.65959224144407,14.02287926914205,13.368962619285686,13.695920944213867,55420,0.0,0.0
2001-03-12 00:00:00-05:00,13.968383110196966,14.059204846934268,13.65958920529014,13.804903984069824,64360,0.0,0.0
2001-03-13 00:00:00-05:00,13.823071407834174,13.913893164784465,13.223647811962259,13.359880447387695,66420,0.0,0.0
2001-03-14 00:00:00-05:00,13.477944488631946,13.550601871319989,12.424412439655324,13.005671501159668,39900,0.0,0.0
2001-03-15 00:00:00-05:00,13.368970457265075,13.586942801677004,12.424423631480042,12.896697044372559,44320,0.0,0.0
2001-03-16 00:00:00-05:00,13.205477052992517,13.659585617400788,12.787697173736907,13.223641395568848,31420,0.0,0.0
2001-03-19 00:00:00-05:00,13.350791793603165,13.368956136179495,13.078326654958202,13.223641395568848,29140,0.0,0.0
2001-03-20 00:00:00-05:00,13.169152452131357,13.441617675278902,13.078330711082176,13.241809844970703,39840,0.0,0.0
2001-03-21 00:00:00-05:00,13.368965101275155,13.514279939332495,13.087417602539062,13.087417602539062,82960,0.0,0.0
2001-03-22 00:00:00-05:00,13.223651243059823,13.441623516297073,12.497076998935656,12.933021545410156,44120,0.0,0.0
2001-03-23 00:00:00-05:00,12.933014118471624,13.223643649223796,12.642384587719453,13.005671501159668,14140,0.0,0.0
2001-03-26 00:00:00-05:00,13.132823132213792,13.804903984069824,13.132823132213792,13.804903984069824,20640,0.0,0.0
2001-03-27 00:00:00-05:00,13.76857902086698,14.168194770812988,13.441620680002066,14.168194770812988,15400,0.0,0.0
2001-03-28 00:00:00-05:00,14.022875785827637,14.095533173318971,13.659588848370962,14.022875785827637,9400,0.0,0.0
2001-03-29 00:00:00-05:00,13.986557006835938,14.095543165330763,13.695927250849737,13.986557006835938,13640,0.0,0.0
2001-03-30 00:00:00-05:00,13.95022684472906,14.240856570660915,13.877569413246096,14.204527854919434,11700,0.0,0.0
2001-04-02 00:00:00-04:00,14.495153959986435,14.531482666653067,13.913894653320312,13.913894653320312,26300,0.0,0.0
2001-04-03 00:00:00-04:00,13.932057663798332,14.240851640701294,13.804907202720642,13.95022201538086,41240,0.0,0.0
2001-04-04 00:00:00-04:00,13.968382745209135,14.204519254555974,13.950218398336302,14.022875785827637,37680,0.0,0.0
2001-04-05 00:00:00-04:00,14.53148314190395,14.822112804742028,13.986552524082551,14.31351089477539,39600,0.0,0.0
2001-04-06 00:00:00-04:00,14.36799705028534,14.422490085874285,14.022874491555351,14.240846633911133,16740,0.0,0.0
2001-04-09 00:00:00-04:00,14.746547759911756,14.851174607724248,14.560544967651367,14.560544967651367,34620,0.0,0.0
2001-04-10 00:00:00-04:00,15.08367225102016,15.258049964904785,14.82210568019322,15.258049964904785,125780,0.0,0.0
2001-04-11 00:00:00-04:00,15.351051155175863,16.159000842530013,15.066234588623047,15.066234588623047,74180,0.0,0.0
2001-04-12 00:00:00-04:00,15.461486854967509,15.461486854967509,15.170857402806465,15.391735076904297,47260,0.0,0.0
2001-04-16 00:00:00-04:00,15.752125213764332,15.833501151609084,15.525434467674522,15.693999290466309,60880,0.0,0.0
2001-04-17 00:00:00-04:00,15.833500317294757,15.839313264090737,14.531480058798842,15.118552207946777,51760,0.0,0.0
2001-04-18 00:00:00-04:00,15.403366138512142,15.432429093490468,15.04879773300418,15.16504955291748,50880,0.0,0.0
2001-04-19 00:00:00-04:00,15.18249048328263,15.502183032117077,15.141801631158804,15.4324312210083,26560,0.0,0.0
2001-04-20 00:00:00-04:00,15.403369972856277,15.409182920071352,14.979051434092382,15.199929237365723,27100,0.0,0.0
2001-04-23 00:00:00-04:00,15.670747569035782,15.740497605078678,15.199927286831839,15.40336799621582,42960,0.0,0.0
2001-04-24 00:00:00-04:00,15.403369673976192,15.723062252115321,15.008114105094595,15.693999290466309,96840,0.0,0.0
2001-04-25 00:00:00-04:00,16.0187826952818,16.02491114240431,14.707375427063228,15.853325843811035,63880,6.95,0.0
2001-04-26 00:00:00-04:00,15.90235309007103,16.000402654635092,15.461131919672644,15.749151229858398,36140,0.0,0.0
2001-04-27 00:00:00-04:00,15.853328544006558,15.93299275974938,15.50402757006382,15.65722942352295,24780,0.0,0.0
2001-04-30 00:00:00-04:00,15.816565428659425,15.926870054870323,15.289550488688556,15.381471633911133,48980,0.0,0.0
2001-05-01 00:00:00-04:00,15.320186422328756,15.528540583644439,15.099575363819234,15.166984558105469,84400,0.0,0.0
2001-05-02 00:00:00-04:00,15.013779559116415,15.013779559116415,13.97200709991242,14.407100677490234,81300,0.0,0.0
2001-05-03 00:00:00-04:00,14.327436663056746,14.584815574414801,13.788165984215674,14.155850410461426,55060,0.0,0.0
2001-05-04 00:00:00-04:00,14.08844437942649,14.584818840026855,14.002651701454356,14.584818840026855,45020,0.0,0.0
2001-05-07 00:00:00-04:00,14.658353868842518,15.289545722977419,14.572561200737558,14.615457534790039,29720,0.0,0.0
2001-05-08 00:00:00-04:00,14.885091670863895,15.38146604885902,14.492895301016567,15.375337600708008,45960,0.0,0.0
2001-05-09 00:00:00-04:00,15.430488064777531,15.52853667214086,14.989266993968215,15.289542198181152,23660,0.0,0.0
2001-05-10 00:00:00-04:00,15.197620493588325,15.595945224267052,15.16698012968996,15.356950759887695,17880,0.0,0.0
2001-05-11 00:00:00-04:00,15.62658713210812,15.62658713210812,15.320183462851098,15.332439422607422,10880,0.0,0.0
2001-05-14 00:00:00-04:00,15.473389673137856,15.779793429041575,15.185370329602371,15.350828170776367,24420,0.0,0.0
2001-05-15 00:00:00-04:00,15.51628071310416,15.595945849447308,15.075059642294844,15.289542198181152,15460,0.0,0.0
2001-05-16 00:00:00-04:00,15.442745966938526,15.528538626060243,15.289544122028422,15.49177074432373,23160,0.0,0.0
2001-05-17 00:00:00-04:00,15.59594426932697,15.932988251571757,15.350821373148944,15.602072715759277,22180,0.0,0.0
2001-05-18 00:00:00-04:00,15.381472508475238,15.706259825338995,15.326320192233922,15.424368858337402,22320,0.0,0.0
2001-05-21 00:00:00-04:00,15.657231397482287,15.871714019365607,15.614335060119629,15.614335060119629,17400,0.0,0.0
2001-05-22 00:00:00-04:00,15.571436433883541,15.626588725947164,15.013781324929628,15.185367584228516,34220,0.0,0.0
2001-05-23 00:00:00-04:00,15.019911253933172,15.166984670650885,14.7686598207146,14.799300193786621,25320,0.0,0.0
2001-05-24 00:00:00-04:00,14.891215827941894,15.626584510803223,14.780910338498769,15.320180892944336,29540,0.0,0.0
2001-05-25 00:00:00-04:00,15.320182563307768,15.504024754067462,15.258901833054537,15.289542198181152,28460,0.0,0.0
2001-05-29 00:00:00-04:00,15.51015329685462,15.534665215079315,15.320182657869147,15.448872566223145,36640,0.0,0.0
2001-05-30 00:00:00-04:00,15.44888084776912,15.534673542615428,15.289550488688556,15.381471633911133,33420,0.0,0.0
2001-05-31 00:00:00-04:00,15.45500455436888,15.461133003234863,15.148600812469933,15.461133003234863,20260,0.0,0.0
2001-06-01 00:00:00-04:00,15.454994696591143,15.932984416087656,15.4427387417465,15.516275405883789,24900,0.0,0.0
2001-06-04 00:00:00-04:00,15.528535098850156,15.773657995028184,15.522407587487491,15.602072715759277,24920,0.0,0.0
2001-06-05 00:00:00-04:00,15.779789651220002,15.804301571795905,15.602075889370116,15.66948413848877,22680,0.0,0.0
2001-06-06 00:00:00-04:00,15.724632731095179,15.853322613890894,15.540790575712473,15.663352012634277,22900,0.0,0.0
2001-06-07 00:00:00-04:00,15.74914333205188,15.926857026751522,15.473380121957586,15.76140022277832,20200,0.0,0.0
2001-06-08 00:00:00-04:00,15.841072414232336,15.841072414232336,15.5040283203125,15.5040283203125,22620,0.0,0.0
2001-06-11 00:00:00-04:00,15.718513666728985,15.724642116260629,14.89122347374325,14.909607887268066,36080,0.0,0.0
2001-06-12 00:00:00-04:00,14.762530079731786,14.829939268617094,14.100698827370081,14.652225494384766,48280,0.0,0.0
2001-06-13 00:00:00-04:00,14.701253881460692,14.713510781459725,14.253905083601593,14.462259292602539,18600,0.0,0.0
2001-06-14 00:00:00-04:00,14.517408003798863,14.676738313590246,14.462255707754897,14.49289608001709,16160,0.0,0.0
2001-06-15 00:00:00-04:00,14.46225461112476,14.707377570635348,14.40097387124711,14.701249122619629,18160,0.0,0.0
2001-06-18 00:00:00-04:00,14.572557507625639,14.707374924082453,14.247769457704877,14.284538269042969,46120,0.0,0.0
2001-06-19 00:00:00-04:00,14.223257540192625,14.400971279830735,14.217129093279704,14.284538269042969,28340,0.0,0.0
2001-06-20 00:00:00-04:00,14.358081500956526,14.388721879347354,14.125214438172197,14.131342887878418,26360,0.0,0.0
2001-06-21 00:00:00-04:00,14.14359621392775,14.155852175983872,12.501272051518225,13.475635528564453,88680,0.0,0.0
2001-06-22 00:00:00-04:00,13.29792348688299,13.481765747070312,12.868958213112572,13.481765747070312,57120,0.0,0.0
2001-06-25 00:00:00-04:00,13.659474003636992,13.665602450512639,13.02215480149747,13.389839172363281,26780,0.0,0.0
2001-06-26 00:00:00-04:00,13.114078952420142,13.297921180725098,13.022157838267665,13.297921180725098,14640,0.0,0.0
2001-06-27 00:00:00-04:00,13.120206407108338,13.29792017364991,12.960876113949105,13.01602840423584,52280,0.0,0.0
2001-06-28 00:00:00-04:00,12.997645598441787,13.114078632836202,12.286788625624572,12.623832702636719,30940,0.0,0.0
2001-06-29 00:00:00-04:00,12.642212279413506,13.38983685016632,12.256143569946289,12.256143569946289,32140,0.0,0.0
2001-07-02 00:00:00-04:00,12.715751647949219,12.715751647949219,12.348067262948279,12.715751647949219,29220,0.0,0.0
2001-07-03 00:00:00-04:00,13.052799662248887,13.788168657305162,12.807676663896796,13.677863121032715,16100,0.0,0.0
2001-07-05 00:00:00-04:00,13.800425824813235,13.898475406740586,13.561431254586722,13.788169860839844,32640,0.0,0.0
2001-07-06 00:00:00-04:00,13.818806792785375,13.843318714620457,13.481762724668659,13.610452651977539,18540,0.0,0.0
2001-07-09 00:00:00-04:00,13.818805403534807,13.831061363220215,13.48176136930225,13.831061363220215,18480,0.0,0.0
2001-07-10 00:00:00-04:00,13.690118769596266,13.904601388229592,12.930237866180489,13.046670913696289,37280,0.0,0.0
2001-07-11 00:00:00-04:00,12.856702841652982,13.175362586975098,12.605451367129124,13.175362586975098,50000,0.0,0.0
2001-07-12 00:00:00-04:00,13.359205903095498,13.63496932770068,12.991521336955255,13.371461868286133,19020,0.0,0.0
2001-07-13 00:00:00-04:00,13.634968258613764,13.634968258613764,13.028289146078777,13.175362586975098,21860,0.0,0.0
2001-07-16 00:00:00-04:00,13.175357417756443,13.665603275161335,13.175357417756443,13.518529891967773,13480,0.0,0.0
2001-07-17 00:00:00-04:00,13.592069814583894,13.7881680171471,12.86895681600396,13.261153221130371,25080,0.0,0.0
2001-07-18 00:00:00-04:00,12.795418606376197,13.634964551283975,12.789290158392612,13.205999374389648,24900,0.0,0.0
2001-07-19 00:00:00-04:00,13.628836881888711,13.634965330222402,12.89959641353625,13.0527982711792,14220,0.0,0.0
2001-07-20 00:00:00-04:00,13.052799202135928,13.543045181558872,13.052799202135928,13.536916732788086,11000,0.0,0.0
2001-07-23 00:00:00-04:00,13.549170530199595,13.598194368868946,13.17535768239218,13.181486129760742,18120,0.0,0.0
2001-07-24 00:00:00-04:00,13.244887088453675,13.251227775806097,12.078272207134265,12.490391731262207,119040,3.6,0.0
2001-07-25 00:00:00-04:00,12.458691290805215,12.522094299918727,11.98316872245387,12.046571731567383,78600,0.0,0.0
2001-07-26 00:00:00-04:00,12.09729354382191,12.10997395132745,11.856361931404361,11.989508628845215,35860,0.0,0.0
2001-07-27 00:00:00-04:00,12.040230215263202,12.173376912221858,11.970487490508775,12.109973907470703,28120,0.0,0.0
2001-07-30 00:00:00-04:00,12.109974793187035,12.116315481107135,11.888064260327587,11.926106452941895,36820,0.0,0.0
2001-07-31 00:00:00-04:00,11.951466020117415,12.078272025635902,11.85636151597855,11.919764518737793,38260,0.0,0.0
2001-08-01 00:00:00-04:00,11.970488980317954,12.033891992960049,11.571049807182124,11.634452819824219,37840,0.0,0.0
2001-08-02 00:00:00-04:00,11.564716267256975,11.729564589002857,11.444250855756842,11.66616153717041,64040,0.0,0.0
2001-08-03 00:00:00-04:00,11.792963819156592,11.983172913013956,11.634456240942121,11.932450294494629,13240,0.0,0.0
2001-08-06 00:00:00-04:00,11.88806819200962,12.141680313439158,11.666157585758773,11.70419979095459,35840,0.0,0.0
2001-08-07 00:00:00-04:00,11.729555744416908,11.818319563069107,11.260373901621458,11.317436218261719,130420,0.0,0.0
2001-08-08 00:00:00-04:00,11.355478656817153,11.615430398547018,11.254033461171835,11.444242477416992,32560,0.0,0.0
2001-08-09 00:00:00-04:00,11.520332085184782,11.983174467086792,11.406206420578949,11.41254711151123,15240,0.0,0.0
2001-08-10 00:00:00-04:00,11.412548232864548,11.6598197242618,11.412548232864548,11.53935432434082,18080,0.0,0.0
2001-08-13 00:00:00-04:00,11.704190912563261,12.426984523370015,11.539342771700728,11.697850227355957,17700,0.0,0.0
2001-08-14 00:00:00-04:00,12.109971201946255,12.167033506492606,11.888060734894884,12.052908897399902,15000,0.0,0.0
2001-08-15 00:00:00-04:00,12.122657133917512,12.205081252751429,11.888066155277365,12.027552604675293,15500,0.0,0.0
2001-08-16 00:00:00-04:00,12.046571377319134,12.090953288902844,11.983168370070086,12.05925178527832,17660,0.0,0.0
2001-08-17 00:00:00-04:00,12.065595454043336,12.065595454043336,11.97683064149159,12.02121353149414,7720,0.0,0.0
2001-08-20 00:00:00-04:00,11.951467336541448,12.109974860898761,11.80564022064209,11.80564022064209,16160,0.0,0.0
2001-08-21 00:00:00-04:00,11.90708596767586,12.04023171375234,11.571049807182124,11.634452819824219,14020,0.0,0.0
2001-08-22 00:00:00-04:00,11.818320629100043,11.818320629100043,11.463264355011553,11.80564022064209,17120,0.0,0.0
2001-08-23 00:00:00-04:00,11.818326428876068,12.046577762944896,11.735903249724084,11.786624908447266,20400,0.0,0.0
2001-08-24 00:00:00-04:00,11.875387817803965,11.91976974570686,11.602754592895508,11.602754592895508,12700,0.0,0.0
2001-08-27 00:00:00-04:00,11.571049326603793,11.723216163643622,11.482285499572752,11.482285499572754,10400,0.0,0.0
2001-08-28 00:00:00-04:00,11.583727176882537,11.666151265181472,11.46960159058039,11.590067863464355,8840,0.0,0.0
2001-08-29 00:00:00-04:00,11.577387221598812,11.710532930024632,11.444240545720069,11.564705848693848,49660,0.0,0.0
2001-08-30 00:00:00-04:00,11.723218978162386,11.723218978162386,11.412544541513649,11.418885231018066,16880,0.0,0.0
2001-08-31 00:00:00-04:00,11.52667031577011,11.697858292412294,11.380843162536621,11.380843162536621,26520,0.0,0.0
2001-09-04 00:00:00-04:00,11.36816243241785,11.539350404265177,11.361821743016575,11.475947380065918,23320,0.0,0.0
2001-09-05 00:00:00-04:00,11.564710403926592,11.564710403926592,11.33011942457537,11.33646011352539,26040,0.0,0.0
2001-09-06 00:00:00-04:00,11.380842458546885,11.406203280386823,11.254036414440513,11.30475902557373,13240,0.0,0.0
2001-09-07 00:00:00-04:00,11.298415747848736,11.380839851124664,10.461496241980889,10.702427864074707,40400,0.0,0.0
2001-09-10 00:00:00-04:00,10.683406242728232,10.696086650119195,9.827465683221817,10.14448070526123,43300,0.0,0.0
2001-09-17 00:00:00-04:00,10.176186621907245,11.158933616546264,10.087422764211569,10.524903297424316,44900,0.0,0.0
2001-09-18 00:00:00-04:00,10.594641779071946,10.99407990858154,10.360049903070424,10.778510093688965,27260,0.0,0.0
2001-09-19 00:00:00-04:00,11.032126565466724,11.05748738898069,9.954275119415378,10.239588737487793,29140,0.0,0.0
2001-09-20 00:00:00-04:00,10.448818042951702,10.467839142721724,9.345604898276903,10.017677307128906,48040,0.0,0.0
2001-09-21 00:00:00-04:00,9.345604235623203,10.778512794048613,9.079311760084417,10.531241416931152,32220,0.0,0.0
2001-09-24 00:00:00-04:00,10.271286483359548,10.905316513196556,10.214224167655436,10.746809005737305,32360,0.0,0.0
2001-09-25 00:00:00-04:00,10.639024061411943,11.032122485210442,10.639024061411943,10.968719482421875,20640,0.0,0.0
2001-09-26 00:00:00-04:00,11.380839000547553,11.412540501941836,10.822892382517566,10.968719482421875,30400,0.0,0.0
2001-09-27 00:00:00-04:00,10.930678715419154,10.937019403503903,10.797532972717967,10.816554069519043,13800,0.0,0.0
2001-09-28 00:00:00-04:00,10.835578908110461,11.190636311197894,10.810218079655757,11.101872444152832,17760,0.0,0.0
2001-10-01 00:00:00-04:00,11.222336039502162,11.368163198477905,11.00042543985099,11.063828468322754,13460,0.0,0.0
2001-10-02 00:00:00-04:00,11.2540347530325,11.380840778418781,11.063825714953078,11.228673934936523,10760,0.0,0.0
2001-10-03 00:00:00-04:00,11.412544675524188,11.571052240462024,10.924341569006334,11.380843162536621,19300,0.0,0.0
2001-10-04 00:00:00-04:00,11.564710040414814,11.634453746859586,11.273056739494113,11.349140167236328,39380,0.0,0.0
2001-10-05 00:00:00-04:00,11.602751322844775,11.640793517441939,11.228673934936522,11.228673934936523,22700,0.0,0.0
2001-10-08 00:00:00-04:00,11.406206420578949,11.571054710282219,11.25403951274024,11.41254711151123,5000,0.0,0.0
2001-10-09 00:00:00-04:00,11.4188838736811,11.475946202624442,11.311097969638583,11.349140167236328,9360,0.0,0.0
2001-10-10 00:00:00-04:00,11.355484762935117,11.539353190528022,10.778516716427273,11.41254711151123,15140,0.0,0.0
2001-10-11 00:00:00-04:00,11.552033604938979,11.552033604938979,11.25403951274024,11.41254711151123,14780,0.0,0.0
2001-10-12 00:00:00-04:00,11.526666810869045,11.526666810869045,11.177950274039665,11.368159294128418,8080,0.0,0.0
2001-10-15 00:00:00-04:00,11.418886191246312,11.659816933420164,11.412545501208696,11.602754592895508,47200,0.0,0.0
2001-10-16 00:00:00-04:00,11.729559044535824,11.983171131985246,11.412543935224043,11.507648468017578,33080,0.0,0.0
2001-10-17 00:00:00-04:00,11.53935432434082,11.621778477291137,11.444249755733615,11.53935432434082,27100,0.0,0.0
2001-10-18 00:00:00-04:00,11.72321878746168,11.729559476862953,11.412544355866657,11.475947380065918,12000,0.0,0.0
2001-10-19 00:00:00-04:00,11.450583946308425,11.590070374249246,11.38084024861144,11.50130558013916,38080,0.0,0.0
2001-10-22 00:00:00-04:00,11.456924075153513,11.72955722024996,11.254034630239827,11.571049690246582,32380,0.0,0.0
2001-10-23 00:00:00-04:00,11.538545366302762,11.636054200384194,11.246018864058467,11.395532608032227,9440,2.25,0.0
2001-10-24 00:00:00-04:00,11.441037510979104,11.50604340592785,10.758475614017282,10.98599624633789,12400,0.0,0.0
2001-10-25 00:00:00-04:00,10.888490148605479,11.343531527950187,10.758478325935563,11.148513793945312,21500,0.0,0.0
2001-10-26 00:00:00-04:00,11.051004206533435,11.2460219278252,10.797481565618707,10.907991409301758,9620,0.0,0.0
2001-10-29 00:00:00-05:00,10.92099125013439,10.9534942002836,10.621963711997134,10.628464698791504,21920,0.0,0.0
2001-10-30 00:00:00-05:00,10.608960583309289,10.862484138312558,10.530953717120251,10.784476280212402,14380,0.0,0.0
2001-10-31 00:00:00-05:00,10.660968073515335,10.849484795123926,10.478951347048653,10.777978897094727,11680,0.0,0.0
2001-11-01 00:00:00-05:00,10.784475775485467,10.933989507298513,10.439945383282412,10.634963035583496,20220,0.0,0.0
2001-11-02 00:00:00-05:00,10.478951522809131,10.725974156306341,10.472451527558196,10.563459396362305,7360,0.0,0.0
2001-11-05 00:00:00-05:00,10.595965171907963,10.680473067980355,10.43345036865784,10.478954315185547,9760,0.0,0.0
2001-11-06 00:00:00-05:00,10.465948894662525,10.576458715664916,10.179923358902075,10.2969331741333,18580,0.0,0.0
2001-11-07 00:00:00-05:00,10.218927409434542,10.225428396280382,9.900398892214962,9.945902824401855,20600,0.0,0.0
2001-11-08 00:00:00-05:00,9.971903515064513,10.478949675065177,9.919899594581329,10.4009428024292,9140,0.0,0.0
2001-11-09 00:00:00-05:00,10.40094769350268,10.56346250121366,10.257934861099352,10.348942756652832,12200,0.0,0.0
2001-11-12 00:00:00-05:00,10.296935501892436,10.563460123306596,10.283934518584502,10.309937477111816,5700,0.0,0.0
2001-11-13 00:00:00-05:00,10.309930027438456,10.56345249044484,10.3034290445262,10.36843490600586,9880,0.0,0.0
2001-11-14 00:00:00-05:00,10.283931859381122,10.465948554360942,10.140919096150975,10.205924987792969,9700,0.0,0.0
2001-11-15 00:00:00-05:00,10.140922300658536,10.673970582182646,10.0369124444,10.381443977355957,26780,0.0,0.0
2001-11-16 00:00:00-05:00,10.290437091750679,10.46595287322998,10.212430187972277,10.46595287322998,12280,0.0,0.0
2001-11-19 00:00:00-05:00,10.58295949985395,10.777977177399498,10.238428071141243,10.4009428024292,19180,0.0,0.0
2001-11-20 00:00:00-05:00,10.212427106741927,10.32943693115025,10.07591432238382,10.238429069519043,11440,0.0,0.0
2001-11-21 00:00:00-05:00,10.205924987792969,10.309934811184633,10.140919096150975,10.205924987792969,4980,0.0,0.0
2001-11-23 00:00:00-05:00,10.10841673765427,10.270931476201767,10.07591378994477,10.14091968536377,9680,0.0,0.0
2001-11-26 00:00:00-05:00,10.16692166790144,10.173422654221351,9.965403986830385,10.004406929016113,38740,0.0,0.0
2001-11-27 00:00:00-05:00,9.81589368855731,10.46595287322998,9.763888755401178,10.46595287322998,27580,0.0,0.0
2001-11-28 00:00:00-05:00,10.277431794000105,10.556956332590786,10.27093080811657,10.394441604614258,8180,0.0,0.0
2001-11-29 00:00:00-05:00,10.400938655648718,10.42044061401022,10.101911272534494,10.121413230895996,17020,0.0,0.0
2001-11-30 00:00:00-05:00,10.420450487108718,10.72597815121554,10.101920843834664,10.621968269348145,10740,0.0,0.0
2001-12-03 00:00:00-05:00,10.504955999577476,10.680471767331278,10.075916574480164,10.277435302734375,13920,0.0,0.0
2001-12-04 00:00:00-05:00,10.270935058593748,10.368443935732298,10.114921251936709,10.27093505859375,9980,0.0,0.0
2001-12-05 00:00:00-05:00,9.978404946816273,10.400943267039764,9.828891188970328,10.14091968536377,20160,0.0,0.0
2001-12-06 00:00:00-05:00,10.127918673615495,10.238428497106781,9.822391164465035,10.166921615600586,11360,0.0,0.0
2001-12-07 00:00:00-05:00,10.056415772026932,10.40094735142522,10.010911825746774,10.173426628112793,11260,0.0,0.0
2001-12-10 00:00:00-05:00,10.004407039189244,10.19942472799926,9.945902129310744,10.062912940979004,11880,0.0,0.0
2001-12-11 00:00:00-05:00,10.069411584338994,10.134417471886467,9.750883132120832,10.023907661437988,16640,0.0,0.0
2001-12-12 00:00:00-05:00,9.978403250552093,10.07591207710472,9.796386575938309,10.036908149719238,7400,0.0,0.0
2001-12-13 00:00:00-05:00,10.140921242006364,10.140921242006364,9.926401555812411,10.075915336608887,7140,0.0,0.0
2001-12-14 00:00:00-05:00,9.958903210906822,10.270931714540952,9.952403216360835,10.010908126831055,7760,0.0,0.0
2001-12-17 00:00:00-05:00,10.010906311830094,10.13441709683499,9.815888656404832,9.958901405334473,21020,0.0,0.0
2001-12-18 00:00:00-05:00,9.945906803739964,10.173427547616368,9.84839791350722,9.978409767150879,37720,0.0,0.0
2001-12-19 00:00:00-05:00,9.848393384512368,10.23192777961996,9.848393384512368,10.010908126831055,32000,0.0,0.0
2001-12-20 00:00:00-05:00,9.945903525813934,10.23843010010258,9.945903525813934,10.075915336608887,36580,0.0,0.0
2001-12-21 00:00:00-05:00,10.010910325139431,10.264432982063433,10.010910325139431,10.21242904663086,25860,0.0,0.0
2001-12-24 00:00:00-05:00,10.329439880548884,10.433449745178223,10.17342607551646,10.433449745178223,11760,0.0,0.0
2001-12-26 00:00:00-05:00,10.498454113254857,10.517956083983748,10.251431465148928,10.251431465148926,20720,0.0,0.0
2001-12-27 00:00:00-05:00,10.329440157544324,10.439951013643311,10.24493325616737,10.303438186645508,18560,0.0,0.0
2001-12-28 00:00:00-05:00,10.270934517000928,11.064006477526286,10.257933532450323,10.53095817565918,32200,0.0,0.0
2001-12-31 00:00:00-05:00,10.46595287322998,10.595964710164514,10.303438077061813,10.46595287322998,67720,0.0,0.0
2002-01-02 00:00:00-05:00,10.569959068830356,10.569959068830356,10.387942361950046,10.498452186584473,12920,0.0,0.0
2002-01-03 00:00:00-05:00,10.550459082085666,10.8234836976994,10.472452190754806,10.582962036132812,23000,0.0,0.0
2002-01-04 00:00:00-05:00,10.634965460627463,11.051002816972495,10.569959561704096,11.005498886108398,20280,0.0,0.0
2002-01-07 00:00:00-05:00,11.051004985067493,11.233021736145021,10.933994145666832,11.23302173614502,27660,0.0,0.0
2002-01-08 00:00:00-05:00,11.239517078465015,11.304522963226319,10.985994524660363,11.018497467041016,12800,0.0,0.0
2002-01-09 00:00:00-05:00,10.96649579329276,11.395535155943826,10.959995798047364,11.057504653930664,27640,0.0,0.0
2002-01-10 00:00:00-05:00,11.129011390182898,11.278525178832126,11.057505485636884,11.24602222442627,11360,0.0,0.0
2002-01-11 00:00:00-05:00,11.161516189575195,11.337031973997096,11.103011258738432,11.161516189575195,6300,0.0,0.0
2002-01-14 00:00:00-05:00,11.161516896329214,11.389037629185884,11.109511959008211,11.155016899108887,5620,0.0,0.0
2002-01-15 00:00:00-05:00,11.161516223236537,11.161516223236537,10.894992547395521,11.025004386901855,20440,0.0,0.0
2002-01-16 00:00:00-05:00,11.018499193812263,11.11600803623538,10.927491337648515,10.98599624633789,13220,0.0,0.0
2002-01-17 00:00:00-05:00,11.070505496598223,11.116009430387127,10.816981879354858,10.88848876953125,19680,0.0,0.0
2002-01-18 00:00:00-05:00,10.816980621827728,11.207015995094276,10.810480627420034,10.933991432189941,23560,0.0,0.0
2002-01-22 00:00:00-05:00,10.816980442945702,10.97299518481903,10.764976520899157,10.901488304138184,27420,0.0,0.0
2002-01-23 00:00:00-05:00,11.202271999328639,11.262426987747475,10.894810676574709,10.894810676574707,13600,2.3,0.0
2002-01-24 00:00:00-05:00,10.961643325483314,11.188896498666741,10.78117745032158,10.848016738891602,11280,0.0,0.0
2002-01-25 00:00:00-05:00,10.894806994742284,11.02180126954833,10.794548034667969,10.794548034667969,6740,0.0,0.0
2002-01-28 00:00:00-05:00,10.79455087969891,10.934913868752023,10.721027214978298,10.82128620147705,8880,0.0,0.0
2002-01-29 00:00:00-05:00,10.881442205308591,10.894809866197662,10.734395895754519,10.82128620147705,8520,0.0,0.0
2002-01-30 00:00:00-05:00,10.801229580822868,10.827964888642647,10.420244815128,10.741073608398438,13840,0.0,0.0
2002-01-31 00:00:00-05:00,10.687605235317628,10.727709229175861,10.293253715221699,10.426932334899902,38940,0.0,0.0
2002-02-01 00:00:00-05:00,10.360092849923044,10.654185400288673,10.326673195568452,10.547243118286133,37120,0.0,0.0
2002-02-04 00:00:00-05:00,10.467033530847965,10.687602378447886,10.360090255737305,10.360090255737305,9220,0.0,0.0
2002-02-05 00:00:00-05:00,10.460351076156764,10.533874718512601,10.360092120155262,10.393511772155762,11520,0.0,0.0
2002-02-06 00:00:00-05:00,10.366781252680145,10.627454250878852,10.326677243778507,10.386832237243652,13200,0.0,0.0
2002-02-07 00:00:00-05:00,10.386828170255335,10.594030435304383,10.340040858114655,10.533875465393066,7160,0.0,0.0
2002-02-08 00:00:00-05:00,10.620766748858076,10.620766748858076,10.446985141736075,10.527192115783691,5360,0.0,0.0
2002-02-11 00:00:00-05:00,10.754444312436831,10.761128651230868,10.527191071856285,10.594030380249023,11320,0.0,0.0
2002-02-12 00:00:00-05:00,10.687601189069417,10.687601189069417,10.533871650549914,10.587342262268066,7100,0.0,0.0
2002-02-13 00:00:00-05:00,10.560610726052653,10.69428934283813,10.527191071856285,10.594030380249023,6440,0.0,0.0
2002-02-14 00:00:00-05:00,10.553927476332515,10.69429044639627,10.44698518380076,10.507140159606934,6500,0.0,0.0
2002-02-15 00:00:00-05:00,10.694284439086914,10.794543355703354,10.527186244726181,10.694284439086914,17240,0.0,0.0
2002-02-19 00:00:00-05:00,10.654185349847724,10.687605004044093,10.527191071856285,10.594030380249023,7900,0.0,0.0
2002-02-20 00:00:00-05:00,10.694291223976823,10.694291223976823,10.480405603474702,10.614084243774414,5520,0.0,0.0
2002-02-21 00:00:00-05:00,10.614081502458733,10.687604123702517,10.527190204728056,10.540557861328125,17720,0.0,0.0
2002-02-22 00:00:00-05:00,10.527191121695996,10.614082426995314,10.473719470751268,10.547243118286133,10060,0.0,0.0
2002-02-25 00:00:00-05:00,10.520507728070156,10.634135378994007,10.42693309542499,10.560611724853516,16940,0.0,0.0
2002-02-26 00:00:00-05:00,10.560611724853516,10.560611724853516,10.540559726461836,10.560611724853516,5960,0.0,0.0
2002-02-27 00:00:00-05:00,10.547244065888064,10.600715721636876,10.527192067496385,10.560611724853516,6680,0.0,0.0
2002-02-28 00:00:00-05:00,10.594030430405176,10.594030430405176,10.540558779460449,10.547243118286133,7540,0.0,0.0
2002-03-01 00:00:00-05:00,10.594030380249023,10.734393335828537,10.553926387258617,10.594030380249023,14200,0.0,0.0
2002-03-04 00:00:00-05:00,10.674232422132565,10.787858990004912,10.64081278335326,10.727704048156738,26760,0.0,0.0
2002-03-05 00:00:00-05:00,10.781183358022385,10.787866678609644,10.667556709167354,10.700976371765137,8780,0.0,0.0
2002-03-06 00:00:00-05:00,10.714336396622304,10.72770404815674,10.614077480284392,10.727704048156738,12220,0.0,0.0
2002-03-07 00:00:00-05:00,10.747759698925579,11.021800218394551,10.700972392663733,10.834650993347168,28040,0.0,0.0
2002-03-08 00:00:00-05:00,10.921542167663574,11.215635725328381,10.794547894506481,10.921542167663574,36060,0.0,0.0
2002-03-11 00:00:00-05:00,10.961646332582191,11.529780441283096,10.961646332582191,11.469625473022461,45040,0.0,0.0
2002-03-12 00:00:00-05:00,11.49635699726904,11.663455209438649,11.40278240640868,11.489672660827637,49160,0.0,0.0
2002-03-13 00:00:00-05:00,11.630037984992107,11.997654128195881,11.496359387463462,11.837240219116211,34200,0.0,0.0
2002-03-14 00:00:00-05:00,11.93081961058402,11.990974595623692,11.696881971160803,11.877347946166992,41700,0.0,0.0
2002-03-15 00:00:00-05:00,11.797138122773505,11.997656051205917,11.529780884863625,11.863977432250977,33420,0.0,0.0
2002-03-18 00:00:00-05:00,11.830558305258279,12.191490184582557,11.676827682624987,12.164754867553711,56260,0.0,0.0
2002-03-19 00:00:00-05:00,12.351902795458283,12.766306249853123,12.325166463631238,12.49894905090332,53180,0.0,0.0
2002-03-20 00:00:00-05:00,12.498950091741419,12.619261045264965,12.231592870527699,12.432110786437988,25640,0.0,0.0
2002-03-21 00:00:00-05:00,12.432110786437988,12.512317748824733,12.064494607269124,12.432110786437988,34740,0.0,0.0
2002-03-22 00:00:00-05:00,12.398688352430188,12.478895296824378,12.251642117726403,12.36526870727539,22960,0.0,0.0
2002-03-25 00:00:00-05:00,12.365274959140354,12.365274959140354,11.797140704260931,12.031078338623047,20220,0.0,0.0
2002-03-26 00:00:00-05:00,12.031073615518402,12.097912913382393,11.696877126198446,11.970918655395508,16540,0.0,0.0
2002-03-27 00:00:00-05:00,12.097914695739748,12.124650010869496,11.877344776315178,12.097914695739746,21020,0.0,0.0
2002-03-28 00:00:00-05:00,12.124647072858002,12.265009992994065,12.124647072858002,12.138015747070312,7660,0.0,0.0
2002-04-01 00:00:00-05:00,12.398689042351922,12.632626571452901,12.27169479165178,12.599206924438477,26640,0.0,0.0
2002-04-02 00:00:00-05:00,12.532366933049381,12.666045513668575,12.104595883022617,12.36526870727539,19120,0.0,0.0
2002-04-03 00:00:00-05:00,12.432107279984026,12.432107279984026,12.097910847726391,12.104595184326172,12420,0.0,0.0
2002-04-04 00:00:00-05:00,12.031075568172518,12.064495222528553,11.897396950748378,11.96423625946045,21540,0.0,0.0
2002-04-05 00:00:00-05:00,11.97760391722548,12.05781088370258,11.863977296392344,11.96423625946045,22600,0.0,0.0
2002-04-08 00:00:00-04:00,12.057808876037598,12.064493213750605,11.877342976540561,12.057808876037598,17820,0.0,0.0
2002-04-09 00:00:00-04:00,12.051125489467085,12.291746347461626,11.937498888201322,12.07117748260498,20400,0.0,0.0
2002-04-10 00:00:00-04:00,12.285062204079738,12.285062204079738,11.95754905786862,11.990968704223633,15760,0.0,0.0
2002-04-11 00:00:00-04:00,11.964234275279242,12.037757910623924,11.763716382397467,12.017705917358398,27400,0.0,0.0
2002-04-12 00:00:00-04:00,11.890715500370467,11.964239165768602,11.86398017834596,11.94418716430664,11160,0.0,0.0
2002-04-15 00:00:00-04:00,11.98428580975743,12.024388774866502,11.36268016164314,11.623353004455566,18580,0.0,0.0
2002-04-16 00:00:00-04:00,11.396103478052849,11.656776404786635,11.396103478052849,11.636725425720215,22260,0.0,0.0
2002-04-17 00:00:00-04:00,11.536462511599204,11.930813936851383,11.529778174268143,11.823870658874512,7700,0.0,0.0
2002-04-18 00:00:00-04:00,11.723612791551776,11.92413069120126,11.636722517613089,11.696877479553223,7220,0.0,0.0
2002-04-19 00:00:00-04:00,11.750347276914512,11.763714930813112,11.630036352053873,11.656771659851074,21900,0.0,0.0
2002-04-22 00:00:00-04:00,11.823866976638145,12.124643704906473,11.630033493041992,11.630033493041992,31720,0.0,0.0
2002-04-23 00:00:00-04:00,11.5966148984605,11.83055237479832,11.529775619506836,11.529775619506836,9840,0.0,0.0
2002-04-24 00:00:00-04:00,11.589936303369212,11.623355959399559,11.529781330469376,11.556516647338867,16920,0.0,0.0
2002-04-25 00:00:00-04:00,11.536463335239784,11.569882984507702,11.081955901218757,11.122058868408203,19560,0.0,0.0
2002-04-26 00:00:00-04:00,11.128748329139196,11.23569166398071,10.861391011922638,10.894810676574707,17560,0.0,0.0
2002-04-29 00:00:00-04:00,10.868073030344824,10.995067320929634,10.426933143252418,10.527192115783691,21100,0.0,0.0
2002-04-30 00:00:00-04:00,10.527192373380073,11.021802908682481,10.460353056723692,11.008435249328613,10260,0.0,0.0
2002-05-01 00:00:00-04:00,11.021801912814562,11.355998465900353,10.734393693070336,11.028486251831055,13360,0.0,0.0
2002-05-02 00:00:00-04:00,11.16216487306537,11.19558452837395,10.727709354053845,11.028486251831055,24920,0.0,0.0
2002-05-03 00:00:00-04:00,11.048538336802457,11.229004272925659,10.868072400679257,10.975014686584473,7620,0.0,0.0
2002-05-06 00:00:00-04:00,11.008432432051029,11.028484425893645,10.727707577914728,10.961645126342773,9160,0.0,0.0
2002-05-07 00:00:00-04:00,10.894807681681048,11.028486303542165,10.894807681681048,10.981698989868164,8840,0.0,0.0
2002-05-08 00:00:00-04:00,11.035167167556294,11.035167167556294,10.634131428261261,10.674234390258789,33420,0.0,0.0
2002-05-09 00:00:00-04:00,10.827966005260395,10.827966005260395,10.620763778686525,10.620763778686523,21200,0.0,0.0
2002-05-10 00:00:00-04:00,10.861384641348565,10.861384641348565,10.62744712599644,10.654182434082031,18680,0.0,0.0
2002-05-13 00:00:00-04:00,10.741071729530631,10.747756065259637,10.660864800214767,10.694284439086914,12320,0.0,0.0
2002-05-14 00:00:00-04:00,10.694284409377435,10.741071699691174,10.66086477059813,10.727704048156738,23320,0.0,0.0
2002-05-15 00:00:00-04:00,10.734394151346342,10.894808095721185,10.63413518114032,10.707657814025879,53120,0.0,0.0
2002-05-16 00:00:00-04:00,10.700972502285047,10.794547115767323,10.694288164227688,10.787862777709961,36060,0.0,0.0
2002-05-17 00:00:00-04:00,10.827967426334833,11.175531608881789,10.807915430827212,10.995065689086914,40460,0.0,0.0
2002-05-20 00:00:00-04:00,11.142107963562012,11.202263928528012,10.981694096758993,11.142107963562012,18140,0.0,0.0
2002-05-21 00:00:00-04:00,11.128747940063477,11.462944574900217,11.048540951680097,11.128747940063477,35240,0.0,0.0
2002-05-22 00:00:00-04:00,11.162164780030768,11.215636432056206,11.041853817945265,11.095325469970703,5400,0.0,0.0
2002-05-23 00:00:00-04:00,11.162161935951346,11.162161935951346,10.72770653125863,11.088638305664062,17180,0.0,0.0
2002-05-24 00:00:00-04:00,11.09532268588385,11.09532268588385,10.901489143301998,11.015115737915039,12900,0.0,0.0
2002-05-28 00:00:00-04:00,10.975012782275593,11.095323725444516,10.861386177016469,10.961645126342773,12980,0.0,0.0
2002-05-29 00:00:00-04:00,10.86807067835176,10.894805990619425,10.714340083095724,10.827966690063477,16600,0.0,0.0
2002-05-30 00:00:00-04:00,10.714336396622304,10.888117906342826,10.527186215480912,10.727704048156738,24100,0.0,0.0
2002-05-31 00:00:00-04:00,10.781176799349272,10.834648430953967,10.56060695640899,10.587342262268066,17640,0.0,0.0
2002-06-03 00:00:00-04:00,10.607396123398116,10.841333660548804,10.52718917178094,10.620763778686523,23760,0.0,0.0
2002-06-04 00:00:00-04:00,10.493771644739004,10.627450264417208,10.293253715221699,10.426932334899902,24200,0.0,0.0
2002-06-05 00:00:00-04:00,10.420249969481269,10.56061295468189,10.29994000489459,10.366779327392578,17140,0.0,0.0
2002-06-06 00:00:00-04:00,10.393512391618016,10.4135643879908,9.624860349794174,9.952372550964355,34900,0.0,0.0
2002-06-07 00:00:00-04:00,9.838743974207757,10.092733498002374,9.69169772986983,9.992474555969238,41620,0.0,0.0
2002-06-10 00:00:00-04:00,9.939003031607639,10.139520918001418,9.892215728759766,9.892215728759766,28000,0.0,0.0
2002-06-11 00:00:00-04:00,9.939002916240893,10.025894203313618,9.798641009326522,9.992474555969238,12940,0.0,0.0
2002-06-12 00:00:00-04:00,9.992478319803874,10.02589797973633,9.925638999938966,10.025897979736328,9640,0.0,0.0
2002-06-13 00:00:00-04:00,10.059315597689176,10.25983351657999,9.798642711085868,10.112787246704102,15360,0.0,0.0
2002-06-14 00:00:00-04:00,10.092733304290904,10.527188711429254,10.032578348180266,10.186307907104492,11060,0.0,0.0
2002-06-17 00:00:00-04:00,10.199675731448057,10.38682492147444,9.925634243373347,10.086048126220703,17920,0.0,0.0
2002-06-18 00:00:00-04:00,9.725125054181634,10.092741465164444,9.71175738866885,9.858803749084473,30500,0.0,0.0
2002-06-19 00:00:00-04:00,9.81200977292852,9.999160023180155,9.745170470687707,9.832061767578125,17200,0.0,0.0
2002-06-20 00:00:00-04:00,9.798641312837525,9.952370879474051,9.751852989196777,9.751852989196777,14480,0.0,0.0
2002-06-21 00:00:00-04:00,9.872161897940646,9.918949192076697,9.731800015532492,9.852109909057617,6760,0.0,0.0
2002-06-24 00:00:00-04:00,9.838745244960409,10.00584350326438,9.711750976604124,9.738486289978027,25780,0.0,0.0
2002-06-25 00:00:00-04:00,9.76522067689028,9.939002218957159,9.691697049936113,9.745168685913086,11140,0.0,0.0
2002-06-26 00:00:00-04:00,9.705070504724903,9.832065843561752,9.624863512762662,9.691702842712402,12580,0.0,0.0
2002-06-27 00:00:00-04:00,9.691698159169565,9.791957105643734,9.558019563870674,9.598123550415039,12400,0.0,0.0
2002-06-28 00:00:00-04:00,9.611490249633789,9.65827754935576,9.464444013413313,9.611490249633789,37420,0.0,0.0
2002-07-01 00:00:00-04:00,9.471131181479022,9.825379771786137,9.471131181479022,9.558022499084473,20180,0.0,0.0
2002-07-02 00:00:00-04:00,9.558019643603497,9.68501390224213,9.45776069629297,9.53128433227539,20520,0.0,0.0
2002-07-03 00:00:00-04:00,9.524603492889677,9.765225462770161,9.297350203470318,9.731805801391602,21400,0.0,0.0
2002-07-05 00:00:00-04:00,9.558020333328358,9.858797196964565,9.558020333328358,9.771905899047852,9260,0.0,0.0
2002-07-08 00:00:00-04:00,9.437709592430878,9.75185411963707,9.437709592430878,9.60480785369873,13660,0.0,0.0
2002-07-09 00:00:00-04:00,9.437711522391313,9.725120794523013,9.431028202506006,9.558022499084473,15580,0.0,0.0
2002-07-10 00:00:00-04:00,9.524598928863567,9.691697155685734,9.524598928863567,9.671645164489746,17000,0.0,0.0
2002-07-11 00:00:00-04:00,9.497867520681423,9.751856113838357,9.497867520681423,9.558022499084473,12680,0.0,0.0
2002-07-12 00:00:00-04:00,9.751853271128088,9.751853271128088,9.444393109079467,9.517915725708008,5000,0.0,0.0
2002-07-15 00:00:00-04:00,9.511232451097378,9.517915769064912,9.457760807923286,9.471128463745117,15060,0.0,0.0
2002-07-16 00:00:00-04:00,9.477815628051758,9.685016904798152,9.471131288204072,9.477815628051758,7600,0.0,0.0
2002-07-17 00:00:00-04:00,9.524599836690864,9.691698079439826,9.477812532698502,9.664962768554688,5880,0.0,0.0
2002-07-18 00:00:00-04:00,9.678328580323472,9.725115875403086,9.471126390831058,9.624856948852539,10900,0.0,0.0
2002-07-19 00:00:00-04:00,9.53796854919159,9.664963839687266,9.42434193550682,9.60480785369873,12880,0.0,0.0
2002-07-22 00:00:00-04:00,9.451073832349259,9.591436729021234,8.79604970091065,9.237188339233398,22620,0.0,0.0
2002-07-23 00:00:00-04:00,9.251006077928055,9.285550538344834,8.629206317532672,8.774292945861816,35720,2.25,0.0
2002-07-24 00:00:00-04:00,8.80193255794111,8.843385823567708,7.945229450861612,8.290674209594727,36020,0.0,0.0
2002-07-25 00:00:00-04:00,8.23540283735468,8.421943323334684,8.048862878481547,8.290674209594727,21700,0.0,0.0
2002-07-26 00:00:00-04:00,7.993590594467436,8.3459446298701,7.986681805502187,8.22158432006836,24000,0.0,0.0
2002-07-29 00:00:00-04:00,8.200858345888927,8.567030000292565,8.11795181479336,8.359763145446777,22440,0.0,0.0
2002-07-30 00:00:00-04:00,8.42194434136856,8.491033301466567,8.152497291564941,8.152497291564941,14220,0.0,0.0
2002-07-31 00:00:00-04:00,8.14558506983203,8.290671719501972,8.138676282153789,8.28376293182373,11980,0.0,0.0
2002-08-01 00:00:00-04:00,8.29067185345818,9.112829723907407,8.221582921346029,8.808838844299316,9080,0.0,0.0
2002-08-02 00:00:00-04:00,9.292461641169703,9.292461641169703,7.627418433935365,8.484121322631836,26360,0.0,0.0
2002-08-05 00:00:00-04:00,8.532483298626177,8.801930245056772,8.048860763481374,8.131767272949219,6140,0.0,0.0
2002-08-06 00:00:00-04:00,8.028130968966954,8.463391304016113,8.028130968966954,8.463391304016113,7900,0.0,0.0
2002-08-07 00:00:00-04:00,8.463396084161452,8.601573979413068,8.290673715096933,8.394307136535645,10760,0.0,0.0
2002-08-08 00:00:00-04:00,8.484123904146783,8.601574917071261,8.359763574021065,8.532485961914062,13600,0.0,0.0
2002-08-09 00:00:00-04:00,8.56702825786611,8.56702825786611,8.463394851520956,8.511756896972656,10500,0.0,0.0
2002-08-12 00:00:00-04:00,8.525571427181214,8.525571427181214,8.3943023954119,8.463391304016113,17080,0.0,0.0
2002-08-13 00:00:00-04:00,8.428847013253149,8.497935923197847,8.221580283419057,8.339031219482422,11280,0.0,0.0
2002-08-14 00:00:00-04:00,8.235401151810354,8.421941599611017,8.235401151810354,8.304490089416504,10840,0.0,0.0
2002-08-15 00:00:00-04:00,8.269944474952593,8.428849220275879,8.269944474952593,8.428849220275879,13200,0.0,0.0
2002-08-16 00:00:00-04:00,8.428849717682484,8.884837091308059,8.421940929892612,8.808838844299316,24620,0.0,0.0
2002-08-19 00:00:00-04:00,8.670662783340042,8.94701856926323,8.670662783340042,8.940109252929688,8120,0.0,0.0
2002-08-20 00:00:00-04:00,8.974653298436674,8.981562614440918,8.808840256470901,8.981562614440918,6980,0.0,0.0
2002-08-21 00:00:00-04:00,9.11973832831003,9.340822683002147,9.023014252573905,9.237189292907715,25360,0.0,0.0
2002-08-22 00:00:00-04:00,9.188827941875365,9.361550271609865,8.981561146193966,9.285552024841309,6940,0.0,0.0
2002-08-23 00:00:00-04:00,9.154282791674841,9.499727425322948,9.154282791674841,9.237189292907715,7780,0.0,0.0
2002-08-26 00:00:00-04:00,9.36155054429341,9.499728412105858,9.22337267648096,9.444457054138184,12960,0.0,0.0
2002-08-27 00:00:00-04:00,9.541182462853612,9.568817615509033,9.499728679656982,9.534273147583008,3840,0.0,0.0
2002-08-28 00:00:00-04:00,9.465182786421343,9.603360637318005,9.465182786421343,9.499727249145508,6780,0.0,0.0
2002-08-29 00:00:00-04:00,9.499730164150021,9.520457058987263,9.119740957584021,9.154285430908203,9660,0.0,0.0
2002-08-30 00:00:00-04:00,9.154282791674841,9.347731997360453,9.154282791674841,9.237189292907715,13460,0.0,0.0
2002-09-03 00:00:00-04:00,9.271733509432512,9.32009554601304,8.912471310845737,9.016104698181152,12100,0.0,0.0
2002-09-04 00:00:00-04:00,8.919382987257157,9.036833979834046,8.808840256470901,8.981562614440918,7740,0.0,0.0
2002-09-05 00:00:00-04:00,8.774292521195239,8.871016583995567,8.491028064908683,8.573934555053711,10240,0.0,0.0
2002-09-06 00:00:00-04:00,8.981562047348303,8.981562047348303,8.463395006155132,8.6292085647583,14860,0.0,0.0
2002-09-09 00:00:00-04:00,8.677568321092345,8.788110488620237,8.51175480624719,8.636115074157715,17460,0.0,0.0
2002-09-10 00:00:00-04:00,8.70520725658044,8.974653726170086,8.601573836859245,8.940109252929688,8700,0.0,0.0
2002-09-11 00:00:00-04:00,9.2440985398306,9.251006799925152,8.553209277574403,8.75356674194336,15440,0.0,0.0
2002-09-12 00:00:00-04:00,8.829566322627523,8.829566322627523,8.463394747211584,8.470303535461426,3580,0.0,0.0
2002-09-13 00:00:00-04:00,8.518665789699382,8.636116766886342,8.463394431548615,8.484121322631836,6320,0.0,0.0
2002-09-16 00:00:00-04:00,8.332127701468982,8.636119202829974,8.297583224657663,8.449579238891602,9280,0.0,0.0
2002-09-17 00:00:00-04:00,8.567027668458877,8.567027668458877,8.408122912152836,8.435758590698242,23500,0.0,0.0
2002-09-18 00:00:00-04:00,8.442668018245929,8.442668018245929,8.32521703441228,8.380488395690918,5980,0.0,0.0
2002-09-19 00:00:00-04:00,8.387400863983133,8.387400863983133,8.318311895625953,8.33212947845459,9700,0.0,0.0
2002-09-20 00:00:00-04:00,8.30448835153395,8.38739537557541,8.30448835153395,8.352850914001465,3560,0.0,0.0
2002-09-23 00:00:00-04:00,8.297582153933273,8.34594473149252,8.256128892530217,8.26303768157959,10200,0.0,0.0
2002-09-24 00:00:00-04:00,8.235400732935037,8.484121317351969,8.235400732935037,8.276854515075684,11180,0.0,0.0
2002-09-25 00:00:00-04:00,8.2906718234138,8.2906718234138,7.979771630035784,8.25612735748291,19660,0.0,0.0
2002-09-26 00:00:00-04:00,8.200857525921597,8.359762309591266,8.200857525921597,8.26303768157959,10760,0.0,0.0
2002-09-27 00:00:00-04:00,8.25612735748291,8.332125077109527,8.200856001150798,8.25612735748291,20140,0.0,0.0
2002-09-30 00:00:00-04:00,8.117950435429183,8.263037103747411,8.117950435429183,8.187039375305176,24100,0.0,0.0
2002-10-01 00:00:00-04:00,8.359760650497822,8.428849581493672,8.152493857510272,8.28376293182373,18380,0.0,0.0
2002-10-02 00:00:00-04:00,8.290672991649478,8.290672991649478,7.979772754462623,8.269946098327637,5100,0.0,0.0
2002-10-03 00:00:00-04:00,8.28376293182373,8.290671719501972,8.187038323008197,8.28376293182373,1520,0.0,0.0
2002-10-04 00:00:00-04:00,8.290671928023613,8.290671928023613,8.214674207438074,8.22849178314209,1520,0.0,0.0
2002-10-07 00:00:00-04:00,8.200857664366898,8.221584558971742,7.952137564642899,8.028135299682617,10700,0.0,0.0
2002-10-08 00:00:00-04:00,8.014312820558029,8.07649293924228,7.952132701873778,7.952132701873779,6880,0.0,0.0
2002-10-09 00:00:00-04:00,7.9935898789973905,8.055770028332798,7.910683364621357,7.95904541015625,19720,0.0,0.0
2002-10-10 00:00:00-04:00,7.917588250061029,8.055766057312029,7.910679465119779,7.952132701873779,18120,0.0,0.0
2002-10-11 00:00:00-04:00,8.014316296685315,8.131767272949219,7.9590449389689315,8.131767272949219,8140,0.0,0.0
2002-10-14 00:00:00-04:00,8.187035781892078,8.23539780773574,8.035040391720667,8.069584846496582,8140,0.0,0.0
2002-10-15 00:00:00-04:00,8.228493568449304,8.4150340435669,8.187040305236563,8.325218200683594,9640,0.0,0.0
2002-10-16 00:00:00-04:00,8.428852113087972,8.428852113087972,8.014318402608236,8.290674209594727,13540,0.0,0.0
2002-10-17 00:00:00-04:00,8.401212835096919,8.601570814922056,8.269943777479993,8.311397552490234,15500,0.0,0.0
2002-10-18 00:00:00-04:00,8.290673489271636,8.525576010222364,8.249220227246644,8.518667221069336,9980,0.0,0.0
2002-10-21 00:00:00-04:00,8.601570613861083,8.636115074157715,8.51175480624719,8.636115074157715,28500,0.0,0.0
2002-10-22 00:00:00-04:00,8.774291132214817,8.912468945320562,8.6153864363006,8.746655464172363,15540,0.0,0.0
2002-10-23 00:00:00-04:00,8.70520726701052,8.877929633419459,8.636118320446945,8.871020317077637,17280,0.0,0.0
2002-10-24 00:00:00-04:00,8.912471723077985,9.050649579249738,8.746658190250546,8.974651336669922,19760,0.0,0.0
2002-10-25 00:00:00-04:00,9.327005917088323,9.706995047043774,9.023015034809344,9.299370765686035,27320,0.0,0.0
2002-10-28 00:00:00-05:00,9.67245059639346,9.67245059639346,9.465183797899314,9.644815444946289,25940,0.0,0.0
2002-10-29 00:00:00-05:00,9.630997657775879,9.651724550281704,9.299371594536856,9.630997657775879,17380,0.0,0.0
2002-10-30 00:00:00-05:00,9.637907042274616,9.665542196337652,9.320097499481932,9.361551284790039,57300,0.0,0.0
2002-10-31 00:00:00-05:00,9.520453483367131,9.658631324768066,9.3615487549134,9.658631324768066,15680,0.0,0.0
2002-11-01 00:00:00-05:00,9.50663535625301,9.637903876251439,9.333913064563918,9.548088073730469,18520,0.0,0.0
2002-11-04 00:00:00-05:00,9.610272088368783,9.672451713412432,9.513546938706513,9.582635879516602,14020,0.0,0.0
2002-11-05 00:00:00-05:00,9.637909180311574,9.637909180311574,9.47209611072291,9.513548851013184,19760,0.0,0.0
2002-11-06 00:00:00-05:00,9.513546255984693,9.624088975033374,9.465184211730957,9.534273147583008,12860,0.0,0.0
2002-11-07 00:00:00-05:00,9.6240893964163,9.637906973349002,9.548091141966124,9.630997657775879,20520,0.0,0.0
2002-11-08 00:00:00-05:00,9.56190877673128,9.637907031641111,9.465184683403814,9.568818092346191,7860,0.0,0.0
2002-11-11 00:00:00-05:00,9.617179659762769,9.637906551361084,9.499728679656982,9.534273147583008,17480,0.0,0.0
2002-11-12 00:00:00-05:00,9.561907130651024,9.561907130651024,9.465183053974588,9.520454406738281,15780,0.0,0.0
2002-11-13 00:00:00-05:00,9.465183053974588,9.534271981375863,9.361549662872678,9.520454406738281,22980,0.0,0.0
2002-11-14 00:00:00-05:00,9.479001788058667,9.582635191836744,9.465184211730957,9.534273147583008,3580,0.0,0.0
2002-11-15 00:00:00-05:00,9.534271711869673,9.534271711869673,9.465182786421343,9.499727249145508,8460,0.0,0.0
2002-11-18 00:00:00-05:00,9.637907031641111,9.741540440583488,9.175011349207868,9.568818092346191,17140,0.0,0.0
2002-11-19 00:00:00-05:00,9.672452034640411,9.672452034640411,9.499729676878975,9.610272407531738,12720,0.0,0.0
2002-11-20 00:00:00-05:00,9.624088557246923,9.727721956526223,9.603361666548373,9.71390438079834,33800,0.0,0.0
2002-11-21 00:00:00-05:00,9.741539223719744,9.983350481046122,9.713904073139242,9.893534660339355,57780,0.0,0.0
2002-11-22 00:00:00-05:00,9.914261344406341,10.017894738250309,9.845172415177029,9.948805809020996,20200,0.0,0.0
2002-11-25 00:00:00-05:00,9.934986386337979,9.983348416961588,9.865897469957622,9.955713272094727,18740,0.0,0.0
2002-11-26 00:00:00-05:00,9.948806232180027,9.990260013166154,9.9073524511939,9.976441383361816,8260,0.0,0.0
2002-11-27 00:00:00-05:00,9.948807649516791,10.086985533537858,9.948807649516791,10.080076217651367,8900,0.0,0.0
2002-11-29 00:00:00-05:00,10.086985521379122,10.294252347160885,10.08007620550096,10.218254089355469,1740,0.0,0.0
2002-12-02 00:00:00-05:00,10.22516340523363,10.301161663039046,10.12843930822091,10.218254089355469,9700,0.0,0.0
2002-12-03 00:00:00-05:00,10.204435881221968,10.259707242190956,10.169891412393044,10.176800727844238,15160,0.0,0.0
2002-12-04 00:00:00-05:00,10.225162024384066,10.225162024384066,10.121528625488281,10.121528625488281,4620,0.0,0.0
2002-12-05 00:00:00-05:00,10.017894757848207,10.259706010623853,10.017894757848207,10.156072616577148,7120,0.0,0.0
2002-12-06 00:00:00-05:00,10.190625190734862,10.259714175078827,10.024812049995042,10.190625190734863,8280,0.0,0.0
2002-12-09 00:00:00-05:00,10.30115746347237,10.30115746347237,10.19061477976927,10.266613006591797,8740,0.0,0.0
2002-12-10 00:00:00-05:00,10.183708977006566,10.681150170924077,10.114620039430637,10.660423278808594,14880,0.0,0.0
2002-12-11 00:00:00-05:00,10.536063249078023,10.639696658085347,10.480791886764738,10.542972564697266,12600,0.0,0.0
2002-12-12 00:00:00-05:00,10.508428973072318,10.688059597832797,10.370251082850269,10.67424201965332,29640,0.0,0.0
2002-12-13 00:00:00-05:00,10.570609599455818,10.694969923233339,10.570609599455818,10.68115234375,23620,0.0,0.0
2002-12-16 00:00:00-05:00,10.694964566447899,10.708782139010431,10.612058076859492,10.701872825622559,14140,0.0,0.0
2002-12-17 00:00:00-05:00,10.605153500672715,10.770966553916328,10.43243113095492,10.63278865814209,26060,0.0,0.0
2002-12-18 00:00:00-05:00,10.708785324269039,10.708785324269039,10.508427826984253,10.660423278808594,16620,0.0,0.0
2002-12-19 00:00:00-05:00,10.653516092601784,10.688060568293887,10.508429927223192,10.605154037475586,13660,0.0,0.0
2002-12-20 00:00:00-05:00,10.6120633542995,10.61897161690968,10.363342707630865,10.605154037475586,9080,0.0,0.0
2002-12-23 00:00:00-05:00,10.501516366933847,10.708783137333857,10.432427443467176,10.639694213867188,7380,0.0,0.0
2002-12-24 00:00:00-05:00,10.667333710052924,10.75714955801523,10.667333710052924,10.68115234375,13840,0.0,0.0
2002-12-26 00:00:00-05:00,10.688057740764298,10.708784631539002,10.563697450329542,10.612060546875,14600,0.0,0.0
2002-12-27 00:00:00-05:00,10.605150213397918,10.618967787849577,10.4324278972188,10.53606128692627,10640,0.0,0.0
2002-12-30 00:00:00-05:00,10.49460556533128,10.501514878383903,10.363337051036746,10.397881507873535,17460,0.0,0.0
2002-12-31 00:00:00-05:00,10.017895440904095,10.439338360448208,9.92807961576364,10.342613220214844,19340,0.0,0.0
2003-01-02 00:00:00-05:00,10.67424113130731,10.67424113130731,10.314978857471717,10.473883628845215,10380,0.0,0.0
2003-01-03 00:00:00-05:00,10.432426684374347,10.570604521253479,10.363337765934782,10.51533317565918,7360,0.0,0.0
2003-01-06 00:00:00-05:00,10.460064730737665,10.570607452580784,10.397885108584365,10.522245407104492,8080,0.0,0.0
2003-01-07 00:00:00-05:00,10.570606243628594,11.399673399991622,10.363339454537838,11.323675155639648,60340,0.0,0.0
2003-01-08 00:00:00-05:00,11.399676346340064,11.399676346340064,11.068049187240163,11.26149845123291,17540,0.0,0.0
2003-01-09 00:00:00-05:00,11.399671605655126,11.779660659176963,11.226949308599744,11.606938362121582,25640,0.0,0.0
2003-01-10 00:00:00-05:00,11.676030158996582,11.676030158996582,11.406583730858983,11.676030158996582,8340,0.0,0.0
2003-01-13 00:00:00-05:00,11.745119609872054,12.132018089294435,11.682939986564033,12.132018089294434,27040,0.0,0.0
2003-01-14 00:00:00-05:00,11.814206326220544,12.076744455423672,11.696755363059852,11.75893497467041,26880,0.0,0.0
2003-01-15 00:00:00-05:00,11.745122557105512,11.973116323468558,11.46876673223244,11.510220527648926,39620,0.0,0.0
2003-01-16 00:00:00-05:00,11.482581184345491,11.98693063817781,11.482581184345491,11.904024124145508,28160,0.0,0.0
2003-01-17 00:00:00-05:00,11.917841700781972,12.007657530239266,11.75202867271737,11.904024124145508,19580,0.0,0.0
2003-01-21 00:00:00-05:00,11.986931746483748,12.035293796289661,11.786574231196267,11.980022430419922,28820,0.0,0.0
2003-01-22 00:00:00-05:00,12.297827885138108,12.31855477219167,11.779660979865435,11.834932327270508,32680,0.0,0.0
2003-01-23 00:00:00-05:00,11.785266933605802,11.81364763600592,11.281501346095743,11.763980865478516,25060,2.25,0.0
2003-01-24 00:00:00-05:00,11.778174388395758,11.778174388395758,11.387933670707946,11.451790809631348,14220,0.0,0.0
2003-01-27 00:00:00-05:00,11.416309767536527,11.416309767536527,10.891259265331435,11.054450988769531,22140,0.0,0.0
2003-01-28 00:00:00-05:00,11.02606782475647,11.02606782475647,10.444254915713879,10.628732681274414,22980,0.0,0.0
2003-01-29 00:00:00-05:00,10.501019036965292,10.855783193619525,10.465542621299868,10.820306777954102,10140,0.0,0.0
2003-01-30 00:00:00-05:00,10.82030652749418,10.855782942338424,10.536495208740234,10.536495208740234,4400,0.0,0.0
2003-01-31 00:00:00-05:00,10.252689841169186,10.735169579637537,9.933401922240042,10.018545150756836,36020,0.0,0.0
2003-02-03 00:00:00-05:00,10.075303982533438,10.210113954871735,9.848255095232597,10.139161109924316,10760,0.0,0.0
2003-02-04 00:00:00-05:00,10.18882945465095,10.18882945465095,10.004351615905762,10.004351615905762,9120,0.0,0.0
2003-02-05 00:00:00-05:00,9.86244377462041,10.2172079391751,9.86244377462041,9.968873023986816,8480,0.0,0.0
2003-02-06 00:00:00-05:00,9.968875681380045,10.068209240872882,9.756017125905737,9.869542121887207,10260,0.0,0.0
2003-02-07 00:00:00-05:00,10.217210304753525,10.217210304753525,9.663777863381796,9.692159652709961,12860,0.0,0.0
2003-02-10 00:00:00-05:00,9.741823084157076,9.756013432619138,9.607012067132006,9.642488479614258,7720,0.0,0.0
2003-02-11 00:00:00-05:00,9.791494624279036,9.862447483875261,9.656684624108095,9.826971054077148,20860,0.0,0.0
2003-02-12 00:00:00-05:00,9.670872057346719,9.812777733660964,9.66377634046925,9.685062408447266,8480,0.0,0.0
2003-02-13 00:00:00-05:00,9.791495456104492,9.791495456104492,9.578636859232654,9.706352233886719,10960,0.0,0.0
2003-02-14 00:00:00-05:00,9.43672742843628,10.181732225418092,9.372870307471022,9.93339729309082,28300,0.0,0.0
2003-02-18 00:00:00-05:00,10.337826905731873,10.337826905731873,10.011444543914616,10.167540550231934,22580,0.0,0.0
2003-02-19 00:00:00-05:00,10.252683889986288,10.55068555814708,10.11787394663987,10.536495208740234,10280,0.0,0.0
2003-02-20 00:00:00-05:00,10.543592356245627,10.571973058912489,10.217208862304688,10.217208862304688,7120,0.0,0.0
2003-02-21 00:00:00-05:00,10.217209996403875,10.501021385192871,10.217209996403875,10.501021385192871,6940,0.0,0.0
2003-02-24 00:00:00-05:00,10.323638222133638,10.501020322170298,9.890825464982418,9.905016899108887,10700,0.0,0.0
2003-02-25 00:00:00-05:00,9.826969196681347,10.03982773523762,9.699253857016679,9.76311206817627,43100,0.0,0.0
2003-02-26 00:00:00-05:00,9.826971054077148,9.947590698859786,9.770208549869224,9.826971054077148,14100,0.0,0.0
2003-02-27 00:00:00-05:00,9.883730143593857,9.933396911621093,9.720538406372071,9.756014823913574,17060,0.0,0.0
2003-02-28 00:00:00-05:00,9.890824777509552,10.110778999328614,9.649585571289062,9.756014823913574,22340,0.0,0.0
2003-03-03 00:00:00-05:00,10.068210343642425,10.089496418052237,9.784398905257525,9.826971054077148,6580,0.0,0.0
2003-03-04 00:00:00-05:00,10.117872801205165,10.117872801205165,9.862442210181962,9.983061790466309,13600,0.0,0.0
2003-03-05 00:00:00-05:00,9.968875191735883,10.07530446424552,9.933398767566006,10.004351615905762,20540,0.0,0.0
2003-03-06 00:00:00-05:00,9.855348738440496,9.99015977986793,9.855348738440496,9.93339729309082,7700,0.0,0.0
2003-03-07 00:00:00-05:00,9.826969546355459,10.061114163629856,9.756016697645311,9.940494537353516,25940,0.0,0.0
2003-03-10 00:00:00-05:00,9.763110915413876,9.97596942883725,9.763110915413876,9.93339729309082,11380,0.0,0.0
2003-03-11 00:00:00-05:00,9.812779623896473,9.933399255467661,9.812779623896473,9.869542121887207,12760,0.0,0.0
2003-03-12 00:00:00-05:00,9.791493362041976,10.075304763840295,9.784397643935186,9.855350494384766,9620,0.0,0.0
2003-03-13 00:00:00-05:00,9.912112991275345,10.046924056722293,9.855350494384766,9.855350494384766,8960,0.0,0.0
2003-03-14 00:00:00-05:00,9.905015066884545,9.975967893774394,9.869538653439621,9.926300048828125,4100,0.0,0.0
2003-03-17 00:00:00-05:00,9.834064732611015,10.160447169439145,9.834064732611015,10.096590042114258,19460,0.0,0.0
2003-03-18 00:00:00-05:00,10.110781607811516,10.259783032988484,9.983066255181921,10.132067680358887,9300,0.0,0.0
2003-03-19 00:00:00-05:00,10.146252806621701,10.302348787115838,10.146252806621701,10.2243013381958,11320,0.0,0.0
2003-03-20 00:00:00-05:00,10.231398995352668,10.231398995352668,9.862444455283029,9.93339729309082,14660,0.0,0.0
2003-03-21 00:00:00-05:00,9.947586957582672,9.968873023986816,9.912110541127204,9.968873023986816,9620,0.0,0.0
2003-03-24 00:00:00-05:00,10.089493319737084,10.089493319737084,9.897920874186925,9.93339729309082,12100,0.0,0.0
2003-03-25 00:00:00-05:00,9.933399255467661,9.954685327546011,9.784397833573806,9.869542121887207,14100,0.0,0.0
2003-03-26 00:00:00-05:00,9.848256555268126,9.975971911638588,9.756017626630866,9.81987476348877,9780,0.0,0.0
2003-03-27 00:00:00-05:00,9.862443167404379,9.862443167404379,9.656680397692892,9.73472785949707,25560,0.0,0.0
2003-03-28 00:00:00-05:00,9.905016865306655,9.905016865306655,9.713443331797297,9.784396171569824,13860,0.0,0.0
2003-03-31 00:00:00-05:00,9.798585560659516,9.798585560659516,9.635393846710322,9.642488479614258,15640,0.0,0.0
2003-04-01 00:00:00-05:00,9.62830155962579,9.748921188485195,9.621206924195576,9.649587631225586,9000,0.0,0.0
2003-04-02 00:00:00-05:00,9.848256275400463,9.848256275400463,9.550254507441098,9.578635215759277,20420,0.0,0.0
2003-04-03 00:00:00-05:00,9.578634696220284,9.628301474410513,9.401252572216205,9.507681846618652,16480,0.0,0.0
2003-04-04 00:00:00-05:00,9.578630880852824,9.621203006718268,9.436725238173523,9.44382095336914,9380,0.0,0.0
2003-04-07 00:00:00-04:00,9.401257611548482,9.614116274451467,9.401257611548482,9.4793062210083,12660,0.0,0.0
2003-04-08 00:00:00-04:00,9.479302341137716,9.54315948080988,9.372873053247643,9.37996768951416,14980,0.0,0.0
2003-04-09 00:00:00-04:00,9.379967880266681,9.599922179441073,9.379967880266681,9.43673038482666,8260,0.0,0.0
2003-04-10 00:00:00-04:00,9.528967882700346,9.81277928005461,9.507681811367863,9.692159652709961,39780,0.0,0.0
2003-04-11 00:00:00-04:00,9.756018320354102,9.826971180865767,9.677969740729376,9.741827964782715,24480,0.0,0.0
2003-04-14 00:00:00-04:00,9.791494624279036,9.926304624449976,9.72054176468281,9.826971054077148,15580,0.0,0.0
2003-04-15 00:00:00-04:00,9.834063643756435,9.933397182519885,9.756015089974886,9.791491508483887,23820,0.0,0.0
2003-04-16 00:00:00-04:00,9.933398767566006,10.181733736755156,9.91211269653317,10.004351615905762,39920,0.0,0.0
2003-04-17 00:00:00-04:00,10.110780394558178,10.188828956981478,10.061113619677212,10.096590042114258,61640,0.0,0.0
2003-04-21 00:00:00-04:00,10.259781103907113,10.430067486958961,10.21720896681694,10.359114646911621,60240,0.0,0.0
2003-04-22 00:00:00-04:00,10.380397318689937,10.380397318689937,10.146252806621701,10.2243013381958,53860,0.0,0.0
2003-04-23 00:00:00-04:00,10.247508488344343,10.440857705105556,10.061893712297563,10.324848175048828,31260,5.95,0.0
2003-04-24 00:00:00-04:00,10.402186244498683,10.402186244498683,10.131497383117676,10.131497383117676,22100,0.0,0.0
2003-04-25 00:00:00-04:00,10.286176270705004,10.286176270705004,9.976817585871771,10.054157257080078,23520,0.0,0.0
2003-04-28 00:00:00-04:00,10.015489201532372,10.05415904400933,9.621056926278383,9.853075981140137,34380,0.0,0.0
2003-04-29 00:00:00-04:00,9.930413913942408,10.007753589845729,9.62878964996338,9.667459487915039,23180,0.0,0.0
2003-04-30 00:00:00-04:00,9.628788533506349,9.667458366974246,9.396769532698968,9.466375350952148,45040,0.0,0.0
2003-05-01 00:00:00-04:00,9.551449572453732,9.551449572453732,9.242090881847943,9.435440063476562,32140,0.0,0.0
2003-05-02 00:00:00-04:00,9.412238624594911,9.582386271095874,9.412238624594911,9.47411060333252,23360,0.0,0.0
2003-05-05 00:00:00-04:00,9.899478659989608,10.270709345761182,9.706129467411687,10.216571807861328,74440,0.0,0.0
2003-05-06 00:00:00-04:00,10.37124729156494,10.433118066012986,10.286173206534812,10.371247291564941,54000,0.0,0.0
2003-05-07 00:00:00-04:00,10.40218562211146,10.409920061160634,10.092826941899968,10.239771842956543,42380,0.0,0.0
2003-05-08 00:00:00-04:00,10.355781360553777,10.54139727697087,10.239771855334237,10.378983497619629,30640,0.0,0.0
2003-05-09 00:00:00-04:00,10.40218614295677,10.556865490807429,10.363516305994105,10.440855979919434,50220,0.0,0.0
2003-05-12 00:00:00-04:00,10.518195909637072,10.634205423346305,10.363516558024763,10.541398048400879,29900,0.0,0.0
2003-05-13 00:00:00-04:00,10.541399200931933,10.556866901762346,10.440857375369353,10.518197059631348,16900,0.0,0.0
2003-05-14 00:00:00-04:00,10.55686487874632,10.750214052349731,10.471790770316936,10.5491304397583,19320,0.0,0.0
2003-05-15 00:00:00-04:00,10.595537002676089,10.595537002676089,10.363517944223327,10.479527473449707,22400,0.0,0.0
2003-05-16 00:00:00-04:00,10.502728851385994,10.711545752782891,10.502728851385994,10.595536231994629,41260,0.0,0.0
2003-05-19 00:00:00-04:00,10.711543896814922,10.788883563939939,10.595534396127395,10.719278335571289,24040,0.0,0.0
2003-05-20 00:00:00-04:00,10.827554194736573,10.943563703965893,10.750214521917025,10.765682220458984,37600,0.0,0.0
2003-05-21 00:00:00-04:00,10.943563198869152,10.943563198869152,10.765681723572307,10.843021392822266,24480,0.0,0.0
2003-05-22 00:00:00-04:00,10.850754662007686,11.191048697977667,10.850754662007686,11.020901679992676,37520,0.0,0.0
2003-05-23 00:00:00-04:00,11.136914750896585,11.2142544366667,11.082777206879495,11.198786735534668,50820,0.0,0.0
2003-05-27 00:00:00-04:00,11.175582180420557,11.229719712746675,11.059572676817575,11.13691234588623,31380,0.0,0.0
2003-05-28 00:00:00-04:00,11.17558247461757,11.17558247461757,10.866223790199092,10.943563461303711,64400,0.0,0.0
2003-05-29 00:00:00-04:00,10.982229175852305,10.982229175852305,10.232034883664534,10.36351203918457,67560,0.0,0.0
2003-05-30 00:00:00-04:00,10.363517574094375,10.371252014477218,10.208838207316848,10.24750804901123,62820,0.0,0.0
2003-06-02 00:00:00-04:00,10.216573219103596,10.363518153716782,9.938149871288108,10.154701232910156,68380,0.0,0.0
2003-06-03 00:00:00-04:00,10.092827092684233,10.116029230068671,9.938147750267616,10.054157257080078,50760,0.0,0.0
2003-06-04 00:00:00-04:00,10.131496393590943,10.440855062097537,9.93041278701779,10.286175727844238,36120,0.0,0.0
2003-06-05 00:00:00-04:00,10.224300447412473,10.440851681268038,10.224300447412473,10.36351203918457,29120,0.0,0.0
2003-06-06 00:00:00-04:00,10.355778318540095,10.440852402754434,10.286173107898811,10.402182579040527,29480,0.0,0.0
2003-06-09 00:00:00-04:00,10.680604350411715,10.804347061646615,10.510456204786262,10.634200096130371,31440,0.0,0.0
2003-06-10 00:00:00-04:00,10.827556096070202,10.982235468871204,10.665142282585165,10.904895782470703,50240,0.0,0.0
2003-06-11 00:00:00-04:00,10.703809907537233,10.788884016991084,9.992285176130373,10.085092544555664,115480,0.0,0.0
2003-06-12 00:00:00-04:00,9.876276694962218,9.96135081324016,9.319431246543417,9.47411060333252,135560,0.0,0.0
2003-06-13 00:00:00-04:00,9.628787543566204,9.713861050438164,9.443172243992528,9.621053695678711,70140,0.0,0.0
2003-06-16 00:00:00-04:00,9.621054392047,9.74479773736769,9.520512592068107,9.590118408203125,38460,0.0,0.0
2003-06-17 00:00:00-04:00,9.744800195461368,9.744800195461368,9.512781143188477,9.512781143188477,36200,0.0,0.0
2003-06-18 00:00:00-04:00,9.58238385293238,9.58238385293238,9.280759065299204,9.327162742614746,57380,0.0,0.0
2003-06-19 00:00:00-04:00,9.342633386083751,9.651992099661955,9.33489894620036,9.47411060333252,39960,0.0,0.0
2003-06-20 00:00:00-04:00,9.474109310823126,10.038689122102276,9.373567506604699,9.682926177978516,38320,0.0,0.0
2003-06-23 00:00:00-04:00,9.70613114627791,9.783470836686499,9.396772384643555,9.396772384643555,51220,0.0,0.0
2003-06-24 00:00:00-04:00,9.257558909391955,9.273027198504948,4.230480303400987,7.037910461425781,417940,0.0,0.0
2003-06-25 00:00:00-04:00,6.705349382858524,7.076580047607421,6.612542011698738,7.076580047607422,178580,0.0,0.0
2003-06-26 00:00:00-04:00,7.0147073415911665,7.370470270713521,6.805890483240927,7.192588806152344,100860,0.0,0.0
2003-06-27 00:00:00-04:00,7.076579508847938,7.432341857948453,6.96057000870289,7.238992691040039,45400,0.0,0.0
2003-06-30 00:00:00-04:00,7.215793008860155,7.478747471732029,7.215793008860155,7.316334247589111,72700,0.0,0.0
2003-07-01 00:00:00-04:00,7.1693884404717565,7.5019493162879485,7.1693884404717565,7.432343482971191,55720,0.0,0.0
2003-07-02 00:00:00-04:00,7.424605126062067,7.641156344927385,7.38593530769716,7.548348426818848,30820,0.0,0.0
2003-07-03 00:00:00-04:00,7.501947788521484,7.73396679229019,7.424608120598582,7.672094821929932,26360,0.0,0.0
2003-07-07 00:00:00-04:00,7.749436055768141,7.764904346511276,7.509683154771654,7.571555137634277,39680,0.0,0.0
2003-07-08 00:00:00-04:00,7.579285909261588,7.733965213532233,7.424606604990943,7.602488040924072,48780,0.0,0.0
2003-07-09 00:00:00-04:00,7.3472683518021205,7.672094716596702,7.03790968435782,7.308598518371582,50860,0.0,0.0
2003-07-10 00:00:00-04:00,7.262195036489163,7.455544208972608,7.076579712894087,7.355002403259277,16860,0.0,0.0
2003-07-11 00:00:00-04:00,7.238993096850164,7.424608425498602,7.13071743930067,7.401406288146973,25120,0.0,0.0
2003-07-14 00:00:00-04:00,7.3936722377559665,7.432342072252656,7.347268554370909,7.355002403259277,14260,0.0,0.0
2003-07-15 00:00:00-04:00,7.385938388867598,7.432342072252656,7.231259050880842,7.355002403259277,19760,0.0,0.0
2003-07-16 00:00:00-04:00,7.269930265268734,7.440077333327507,7.269930265268734,7.432343482971191,14580,0.0,0.0
2003-07-17 00:00:00-04:00,7.409141484486554,7.6411605214948395,7.370471644985173,7.424609184265137,22960,0.0,0.0
2003-07-18 00:00:00-04:00,7.540619573279002,7.617959261210069,7.455546034565827,7.5174174308776855,23920,0.0,0.0
2003-07-21 00:00:00-04:00,7.617957842593291,7.617957842593291,7.540618169064425,7.579288005828857,65760,0.0,0.0
2003-07-22 00:00:00-04:00,7.703030861261122,7.710764710096812,7.571553660889861,7.656627178192139,42760,0.0,0.0
2003-07-23 00:00:00-04:00,7.946337267430216,8.111885960501679,7.449691188215827,7.598685264587402,47900,3.25,0.0
2003-07-24 00:00:00-04:00,7.656628311948573,8.037390242239121,7.656628311948573,7.780789852142334,32020,0.0,0.0
2003-07-25 00:00:00-04:00,7.904949012109163,7.904949012109163,7.366915833274508,7.640071392059326,46080,0.0,0.0
2003-07-28 00:00:00-04:00,7.648349471706742,7.648349471706742,7.044096511075219,7.300696849822998,64040,0.0,0.0
2003-07-29 00:00:00-04:00,7.259307985105395,7.4496891835134855,7.251030678982864,7.375192165374756,17960,0.0,0.0
2003-07-30 00:00:00-04:00,7.573855857963504,8.045669576835834,7.044099693507183,7.135151386260986,23700,0.0,0.0
2003-07-31 00:00:00-04:00,7.1351477830976355,7.466245139742873,6.621947132904753,7.2593092918396,64120,0.0,0.0
2003-08-01 00:00:00-04:00,7.035817412994024,7.40002455832319,7.035817412994024,7.209643363952637,18720,0.0,0.0
2003-08-04 00:00:00-04:00,7.20136936594931,7.4993569375470095,7.20136936594931,7.366918087005615,20700,0.0,0.0
2003-08-05 00:00:00-04:00,7.085482550357882,7.4496897301347405,7.085482550357882,7.391747951507568,14460,0.0,0.0
2003-08-06 00:00:00-04:00,7.226202530411852,7.532467437344928,7.118595600128174,7.118595600128174,7560,0.0,0.0
2003-08-07 00:00:00-04:00,7.12687437529311,7.449694600972262,7.12687437529311,7.284145832061768,15940,0.0,0.0
2003-08-08 00:00:00-04:00,7.284143160175344,7.466246486572446,7.1599816290359914,7.408304691314697,20380,0.0,0.0
2003-08-11 00:00:00-04:00,7.673184290981542,7.714571478379541,7.449693731639696,7.6152424812316895,26720,0.0,0.0
2003-08-12 00:00:00-04:00,7.714570885603037,7.7476807592809935,7.325531606562415,7.557300090789795,15260,0.0,0.0
2003-08-13 00:00:00-04:00,7.6566246009313295,7.6566246009313295,7.284140160886022,7.44141149520874,11180,0.0,0.0
2003-08-14 00:00:00-04:00,7.408305083683558,7.474524823072382,7.242756366729735,7.242756366729736,9820,0.0,0.0
2003-08-15 00:00:00-04:00,7.0772062431265255,7.4248582270237415,7.052373687911819,7.085483551025391,23020,0.0,0.0
2003-08-18 00:00:00-04:00,7.035822678696025,7.366920216517015,7.035822678696025,7.284145832061768,19680,0.0,0.0
2003-08-19 00:00:00-04:00,7.035820030059988,7.383472061290966,7.035820030059988,7.342084884643555,16260,0.0,0.0
2003-08-20 00:00:00-04:00,7.284142198233769,7.408303712976391,7.184813239046921,7.2013678550720215,34820,0.0,0.0
2003-08-21 00:00:00-04:00,7.325531019060898,7.4331379420046915,7.184814856612797,7.424860000610352,24000,0.0,0.0
2003-08-22 00:00:00-04:00,7.424862427775103,7.491082191467285,7.375197920765202,7.491082191467285,17920,0.0,0.0
2003-08-25 00:00:00-04:00,7.43313652737569,7.631794452667235,7.43313652737569,7.631794452667236,17860,0.0,0.0
2003-08-26 00:00:00-04:00,7.491077336082505,7.656626006493168,7.449690168479839,7.640071392059326,18920,0.0,0.0
2003-08-27 00:00:00-04:00,7.863564212271507,7.938061262691414,7.573853951819399,7.780789852142334,15220,0.0,0.0
2003-08-28 00:00:00-04:00,7.822177032206921,7.822177032206921,7.706292801722427,7.780789852142334,12320,0.0,0.0
2003-08-29 00:00:00-04:00,7.822178418221681,7.863565605619679,7.606965170055762,7.6152424812316895,13620,0.0,0.0
2003-09-02 00:00:00-04:00,7.532464503685171,7.863561844506497,7.45796747569676,7.640071392059326,21660,0.0,0.0
2003-09-03 00:00:00-04:00,7.582130324586077,7.6566273658002,7.491078665999115,7.573853015899658,19140,0.0,0.0
2003-09-04 00:00:00-04:00,7.4910801855833595,7.656628918966417,7.466247622968581,7.582131862640381,14200,0.0,0.0
2003-09-05 00:00:00-04:00,7.656631037361263,8.02911579053019,7.615243842564716,7.987728595733643,66560,0.0,0.0
2003-09-08 00:00:00-04:00,7.987726791546151,8.029113976994577,7.81390073896643,7.896675109863281,19000,0.0,0.0
2003-09-09 00:00:00-04:00,7.880116503683363,7.904949056993185,7.780787553480202,7.8470072746276855,24820,0.0,0.0
2003-09-10 00:00:00-04:00,7.698011175993847,7.822172646574393,7.532462548553119,7.681456565856934,34840,0.0,0.0
2003-09-11 00:00:00-04:00,7.5738546123941495,7.780790530765574,7.49108024504558,7.648351669311523,41540,0.0,0.0
2003-09-12 00:00:00-04:00,7.457970244184343,7.656628848725197,7.242757019064376,7.416583061218262,47540,0.0,0.0
2003-09-15 00:00:00-04:00,7.3669164305636885,7.4496907724801344,7.068928925968105,7.193090438842773,52720,0.0,0.0
2003-09-16 00:00:00-04:00,7.068929971221977,7.1517043253779295,6.828884217866074,6.9944329261779785,87320,0.0,0.0
2003-09-17 00:00:00-04:00,6.953048663903337,7.615243774751273,6.87855158762925,7.491082191467285,84280,0.0,0.0
2003-09-18 00:00:00-04:00,7.491080550033703,7.68973916606202,7.449693364674401,7.4745259284973145,53960,0.0,0.0
2003-09-19 00:00:00-04:00,7.40830440076445,7.698014628727306,7.40830440076445,7.689737319946289,26700,0.0,0.0
2003-09-22 00:00:00-04:00,7.739402093479948,7.739402093479948,7.507633649837973,7.565576076507568,27140,0.0,0.0
2003-09-23 00:00:00-04:00,7.5324664039407825,7.747679603464018,7.457969357158603,7.7394022941589355,37460,0.0,0.0
2003-09-24 00:00:00-04:00,7.7642339115524575,7.822175701176135,7.491078316999367,7.631794452667236,37000,0.0,0.0
2003-09-25 00:00:00-04:00,7.805620557176023,7.813897864917545,7.532464981079102,7.532464981079102,39700,0.0,0.0
2003-09-26 00:00:00-04:00,7.532465241513181,7.664904064510888,7.44969089819985,7.515910625457764,30760,0.0,0.0
2003-09-29 00:00:00-04:00,7.615240855883527,7.84700930845249,7.615240855883527,7.698015213012695,35300,0.0,0.0
2003-09-30 00:00:00-04:00,7.706291849436892,7.739401715700743,7.557298398526818,7.573853015899658,26140,0.0,0.0
2003-10-01 00:00:00-04:00,7.41658190494636,7.805621743085794,7.41658190494636,7.4496917724609375,48040,0.0,0.0
2003-10-02 00:00:00-04:00,7.433135509490967,7.656625960598512,7.433135509490967,7.433135509490967,30080,0.0,0.0
2003-10-03 00:00:00-04:00,7.590411205487087,7.590411205487087,7.449694997039289,7.491082191467285,21060,0.0,0.0
2003-10-06 00:00:00-04:00,7.590409335561451,7.65662908294015,7.4496931617796065,7.606964588165283,16360,0.0,0.0
2003-10-07 00:00:00-04:00,7.673180620927011,7.689735866878913,7.573851671287836,7.640071392059326,15620,0.0,0.0
2003-10-08 00:00:00-04:00,7.698014182109847,7.698014182109847,7.573852663043558,7.631794452667236,15320,0.0,0.0
2003-10-09 00:00:00-04:00,7.65662649175623,7.698013661981939,7.507632426336436,7.532464981079102,29680,0.0,0.0
2003-10-10 00:00:00-04:00,7.573853677318942,7.698015213012695,7.466246760443732,7.698015213012695,14820,0.0,0.0
2003-10-13 00:00:00-04:00,7.780788528154038,7.789065836454829,7.623517144366446,7.631794452667236,16760,0.0,0.0
2003-10-14 00:00:00-04:00,7.772511670792819,7.772511670792819,7.598685660318742,7.689737319946289,13560,0.0,0.0
2003-10-15 00:00:00-04:00,7.673182931367108,7.780789852142333,7.623518441593253,7.780789852142334,15420,0.0,0.0
2003-10-16 00:00:00-04:00,7.77251061723146,7.7807879248904905,7.664903723109779,7.731123447418213,23340,0.0,0.0
2003-10-17 00:00:00-04:00,7.797343034366254,7.797343034366254,7.615239728254382,7.623517036437988,41180,0.0,0.0
2003-10-20 00:00:00-04:00,7.631795378638208,7.91322831563854,7.631795378638208,7.7394022941589355,15420,0.0,0.0
2003-10-21 00:00:00-04:00,7.664906251805237,7.822177675283918,7.656628941415475,7.8056230545043945,20380,0.0,0.0
2003-10-22 00:00:00-04:00,7.780789279433154,7.8966735013879275,7.780789279433154,7.822176456451416,25000,0.0,0.0
2003-10-23 00:00:00-04:00,7.8743233449930665,8.18721023797473,7.822175640011797,7.830866813659668,42620,2.25,0.0
2003-10-24 00:00:00-04:00,7.909088929622128,7.996001994782811,7.735262799300763,7.856941223144531,12400,0.0,0.0
2003-10-27 00:00:00-05:00,7.987313226857149,7.987313226857149,7.691808583678882,7.770030498504639,22500,0.0,0.0
2003-10-28 00:00:00-05:00,7.578818220068613,7.770027341178148,7.431066290065149,7.50059700012207,44440,0.0,0.0
2003-10-29 00:00:00-05:00,7.387613792203914,7.778722757673533,7.387613792203914,7.69180965423584,16940,0.0,0.0
2003-10-30 00:00:00-05:00,7.691807237352644,7.865633389609201,7.561437623160226,7.604894161224365,11540,0.0,0.0
2003-10-31 00:00:00-05:00,7.717879682741066,7.822175085307568,7.648348972300733,7.700496673583984,32300,0.0,0.0
2003-11-03 00:00:00-05:00,7.822172978399308,7.822172978399308,7.613581566356563,7.81348180770874,11420,0.0,0.0
2003-11-04 00:00:00-05:00,7.8308683796677885,7.909090284329443,7.8134860288959445,7.839559555053711,16880,0.0,0.0
2003-11-05 00:00:00-05:00,7.909090162578382,8.30889019202395,7.75264635566334,8.256742477416992,53660,0.0,0.0
2003-11-06 00:00:00-05:00,8.30019549053529,8.526169266559359,8.30019549053529,8.482712745666504,61620,0.0,0.0
2003-11-07 00:00:00-05:00,8.534865166972786,8.865135173986452,8.439260900656489,8.77822208404541,35440,0.0,0.0
2003-11-10 00:00:00-05:00,8.700000242493045,9.247552978891639,8.700000242493045,9.125874519348145,58280,0.0,0.0
2003-11-11 00:00:00-05:00,9.48221250070766,9.708186271357894,8.995499610900879,8.995499610900879,50020,0.0,0.0
2003-11-12 00:00:00-05:00,8.995501645790755,9.438758116008017,8.691305937962083,8.847749710083008,23920,0.0,0.0
2003-11-13 00:00:00-05:00,8.856442882204496,9.212786373464967,8.743455614273389,9.108490943908691,40560,0.0,0.0
2003-11-14 00:00:00-05:00,9.204092412385883,9.38660969041403,9.05633982495817,9.1867094039917,13980,0.0,0.0
2003-11-17 00:00:00-05:00,9.221478786455798,9.221478786455798,9.056343781582074,9.125874519348145,23780,0.0,0.0
2003-11-18 00:00:00-05:00,9.065032980024588,9.343154523869591,9.065032980024588,9.264932632446289,24580,0.0,0.0
2003-11-19 00:00:00-05:00,9.291004218611526,9.299695390095643,9.099795130491549,9.169325828552246,23800,0.0,0.0
2003-11-20 00:00:00-05:00,9.264932661346085,9.29969802020867,9.03026764943826,9.056341171264648,12500,0.0,0.0
2003-11-21 00:00:00-05:00,9.395302238101323,9.395302238101323,8.734763073611228,8.856441497802734,16080,0.0,0.0
2003-11-24 00:00:00-05:00,8.786910377683641,9.038958388441689,8.786910377683641,8.986810684204102,24820,0.0,0.0
2003-11-25 00:00:00-05:00,9.186713156791747,9.186713156791747,8.908591539810955,8.925973892211914,11160,0.0,0.0
2003-11-26 00:00:00-05:00,9.056342281178832,9.186711895570625,8.865133778641864,8.908590316772461,15380,0.0,0.0
2003-11-28 00:00:00-05:00,9.038958639645104,9.038958639645104,8.760837100585954,8.804293632507324,9540,0.0,0.0
2003-12-01 00:00:00-05:00,8.821675072822272,9.108488419245221,8.786909718241613,8.795600891113281,13120,0.0,0.0
2003-12-02 00:00:00-05:00,8.952042787243354,8.978116963511697,8.83036440314749,8.882512092590332,20080,0.0,0.0
2003-12-03 00:00:00-05:00,9.038962713643954,9.178023545850374,8.830371133787146,9.11718463897705,35820,0.0,0.0
2003-12-04 00:00:00-05:00,9.047650807484882,9.72557304517987,9.047650807484882,9.682116508483887,45380,0.0,0.0
2003-12-05 00:00:00-05:00,9.560438472672022,9.97762150762628,9.560438472672022,9.847251892089844,74820,0.0,0.0
2003-12-08 00:00:00-05:00,9.986313329963997,10.134065305244045,9.7864129746141,9.942856788635254,47780,0.0,0.0
2003-12-09 00:00:00-05:00,9.951548676111708,10.446953017457737,9.86463558723737,10.386114120483398,51140,0.0,0.0
2003-12-10 00:00:00-05:00,10.490404929824168,10.951044362699092,10.438257232144391,10.855440139770508,69860,0.0,0.0
2003-12-11 00:00:00-05:00,11.064033425738344,11.081415773478724,10.516480851693535,10.794602394104004,109020,0.0,0.0
2003-12-12 00:00:00-05:00,10.777221171335096,11.177021842037348,10.777221171335096,11.029269218444824,55280,0.0,0.0
2003-12-15 00:00:00-05:00,11.185708151347809,11.185708151347809,10.168825833259419,10.264430046081543,64660,0.0,0.0
2003-12-16 00:00:00-05:00,10.307889799454282,10.84675122242754,10.255742090932763,10.75114631652832,24720,0.0,0.0
2003-12-17 00:00:00-05:00,10.603393561173235,11.211784995011044,10.603393561173235,11.107489585876465,41400,0.0,0.0
2003-12-18 00:00:00-05:00,11.220475520727456,11.724570160346158,11.124870633247813,11.55074405670166,72460,0.0,0.0
2003-12-19 00:00:00-05:00,11.585511484683447,11.72457158882891,10.872823975053159,11.507288932800293,45160,0.0,0.0
2003-12-22 00:00:00-05:00,11.342152485216284,11.611583457868969,11.211782916420693,11.263931274414062,21940,0.0,0.0
2003-12-23 00:00:00-05:00,11.298697843536004,11.559437024540681,11.21178478320111,11.489906311035156,11420,0.0,0.0
2003-12-24 00:00:00-05:00,11.637658248366861,11.637658248366861,11.385610903870896,11.489906311035156,5420,0.0,0.0
2003-12-26 00:00:00-05:00,11.298698113488056,11.646350363133843,11.298698113488056,11.507288932800293,5740,0.0,0.0
2003-12-29 00:00:00-05:00,11.60289383192812,11.72457158882891,11.376919339183123,11.507288932800293,20100,0.0,0.0
2003-12-30 00:00:00-05:00,11.368227163785793,11.620274477391598,11.133562194879028,11.211783409118652,26600,0.0,0.0
2003-12-31 00:00:00-05:00,11.168326925840212,11.298696500850019,10.881513595581055,10.881513595581055,25980,0.0,0.0
2004-01-02 00:00:00-05:00,11.08141753568725,11.63766070896406,10.881517189413655,11.620278358459473,26340,0.0,0.0
2004-01-05 00:00:00-05:00,11.689809918830898,12.167831885771939,11.220479790855066,12.124375343322754,58860,0.0,0.0
2004-01-06 00:00:00-05:00,12.159135034578535,12.376417657256408,12.03745729635408,12.098296165466309,39400,0.0,0.0
2004-01-07 00:00:00-05:00,12.037454808164217,12.367724591604079,11.907085261505399,11.967924118041992,31160,0.0,0.0
2004-01-08 00:00:00-05:00,12.219977609820848,12.315581186705973,11.967928922713211,12.150446891784668,27480,0.0,0.0
2004-01-09 00:00:00-05:00,12.15044561048145,12.280815195730847,11.994001842944572,12.046150207519531,25100,0.0,0.0
2004-01-12 00:00:00-05:00,12.15044591093214,12.472023963928223,11.915780916918136,12.472023963928223,34860,0.0,0.0
2004-01-13 00:00:00-05:00,12.48071717979293,13.010886102470256,12.48071717979293,12.93266487121582,55720,0.0,0.0
2004-01-14 00:00:00-05:00,12.932662456126643,13.880014196355036,12.863131749002557,13.210783958435059,94200,0.0,0.0
2004-01-15 00:00:00-05:00,13.271625078239252,13.297699263601592,12.819677394648593,12.906590461730957,74140,0.0,0.0
2004-01-16 00:00:00-05:00,13.036963468207999,13.471528917148266,13.036963468207999,13.306394577026367,111060,0.0,0.0
2004-01-20 00:00:00-05:00,14.775220369194708,14.949046491185234,13.906089759242077,14.82736873626709,158620,0.0,0.0
2004-01-21 00:00:00-05:00,14.931666016820149,14.983813064244286,14.079917647010276,14.462334632873535,101840,0.0,0.0
2004-01-22 00:00:00-05:00,14.775221874386483,14.922973827892708,14.531865013570712,14.76653003692627,73640,0.0,0.0
2004-01-23 00:00:00-05:00,14.593237768455731,14.7665319102683,14.319614560297186,14.520271301269531,71720,4.0,0.0
2004-01-26 00:00:00-05:00,14.593235631997244,14.675322025739467,14.45642404794727,14.61147689819336,42580,0.0,0.0
2004-01-27 00:00:00-05:00,14.456423805614921,14.629717919152208,14.228404502687242,14.283129692077637,32680,0.0,0.0
2004-01-28 00:00:00-05:00,14.01862785777598,14.29225104846147,12.376888713663048,12.851168632507324,145220,0.0,0.0
2004-01-29 00:00:00-05:00,12.358641824381845,12.933250541792821,12.039414913788956,12.440728187561035,95840,0.0,0.0
2004-01-30 00:00:00-05:00,12.31304223487254,12.732598304748535,12.31304223487254,12.732598304748535,33200,0.0,0.0
2004-02-02 00:00:00-05:00,12.769081849837006,13.316328214830019,12.759960520399332,12.978859901428223,46260,0.0,0.0
2004-02-03 00:00:00-05:00,13.307209468095587,13.307209468095587,12.860292073300009,12.997103691101074,22460,0.0,0.0
2004-02-04 00:00:00-05:00,13.261603134069336,14.118956614858366,13.088309007040221,13.471381187438965,83020,0.0,0.0
2004-02-05 00:00:00-05:00,13.416658058625975,14.045990858589228,13.361932862229363,13.55346965789795,40420,0.0,0.0
2004-02-06 00:00:00-05:00,13.817971572875978,13.817971572875978,13.52610710512614,13.681159973144531,25300,0.0,0.0
2004-02-09 00:00:00-05:00,13.817972690937614,13.945662970997683,13.726764950403371,13.7632474899292,28160,0.0,0.0
2004-02-10 00:00:00-05:00,13.909175976326592,14.082470071147231,13.726760553686242,13.863572120666504,24400,0.0,0.0
2004-02-11 00:00:00-05:00,13.836210474636912,14.356094186352314,13.836210474636912,14.274007797241211,37360,0.0,0.0
2004-02-12 00:00:00-05:00,14.502027822247538,14.912462571933789,14.182800794713787,14.894221305847168,66840,0.0,0.0
2004-02-13 00:00:00-05:00,14.93982953163703,15.040157220284165,14.58411847628865,14.720930099487305,46140,0.0,0.0
2004-02-17 00:00:00-05:00,14.930702644729898,14.930702644729898,14.13719580376562,14.456422805786133,40280,0.0,0.0
2004-02-18 00:00:00-05:00,14.456421567269638,14.53850794692609,14.328731334088676,14.419939041137695,19300,0.0,0.0
2004-02-19 00:00:00-05:00,14.702687619028332,14.702687619028332,14.173682441151149,14.565876007080078,32800,0.0,0.0
2004-02-20 00:00:00-05:00,14.456419987967708,14.593231533595164,14.319608442340254,14.574990272521973,31040,0.0,0.0
2004-02-23 00:00:00-05:00,14.730048179626465,14.730048179626465,13.954782485961914,13.954782485961914,29980,0.0,0.0
2004-02-24 00:00:00-05:00,14.18279729438091,14.502024243129034,13.96389937192696,14.109830856323242,33060,0.0,0.0
2004-02-25 00:00:00-05:00,14.091597517980903,14.730051774459003,14.091597517980903,14.702689170837402,28600,0.0,0.0
2004-02-26 00:00:00-05:00,15.815417540173456,15.815417540173456,15.322896426024673,15.550915718078613,212520,0.0,0.0
2004-02-27 00:00:00-05:00,15.715091660366898,16.280579290139908,15.660366467409734,16.244096755981445,104900,0.0,0.0
2004-03-01 00:00:00-05:00,16.326183865521404,16.99200058083909,16.289701329772296,16.873430252075195,107900,0.0,0.0
2004-03-02 00:00:00-05:00,17.01023501837953,17.10144271284805,16.371781157099868,16.7457332611084,67160,0.0,0.0
2004-03-03 00:00:00-05:00,17.010240637841267,17.010240637841267,16.189371116444104,16.307941436767578,61600,0.0,0.0
2004-03-04 00:00:00-05:00,16.335306448339058,16.946398015188112,16.2805812487981,16.85519027709961,51940,0.0,0.0
2004-03-05 00:00:00-05:00,16.9555135043142,17.3750695461047,16.72749421893225,17.247379302978516,58880,0.0,0.0
2004-03-08 00:00:00-05:00,17.56660713857579,17.876712824766663,17.393311638406143,17.584848403930664,71500,0.0,0.0
2004-03-09 00:00:00-05:00,17.75813873381726,17.75813873381726,16.326178136501444,17.13792610168457,69920,0.0,0.0
2004-03-10 00:00:00-05:00,17.329463853361855,17.411550230716447,16.44474939813931,16.508594512939453,58760,0.0,0.0
2004-03-11 00:00:00-05:00,16.244098431081518,16.873431256388713,16.234977100741574,16.33530616760254,65100,0.0,0.0
2004-03-12 00:00:00-05:00,16.5177222937599,16.96463966369629,16.417393222931892,16.96463966369629,41040,0.0,0.0
2004-03-15 00:00:00-05:00,16.964635020472343,17.329465881127664,16.864305977104415,17.037601470947266,46820,0.0,0.0
2004-03-16 00:00:00-05:00,17.001115663886978,17.384189138455486,17.001115663886978,17.329463958740234,46460,0.0,0.0
2004-03-17 00:00:00-05:00,17.42067360094734,17.785504461700164,17.32946588575913,17.448036193847656,47260,0.0,0.0
2004-03-18 00:00:00-05:00,17.712531242793194,17.785497665405273,17.511874624399038,17.785497665405273,56880,0.0,0.0
2004-03-19 00:00:00-05:00,17.785501321887047,17.904071609043434,17.101443578737545,17.13792610168457,62780,0.0,0.0
2004-03-22 00:00:00-05:00,17.32947267748557,17.420680428419704,16.64541454547956,16.79134750366211,51860,0.0,0.0
2004-03-23 00:00:00-05:00,16.809580318321853,17.557483221355238,16.745735203133478,17.329463958740234,57100,0.0,0.0
2004-03-24 00:00:00-05:00,17.42067895831611,17.62133571509413,17.119693127289217,17.220022201538086,36700,0.0,0.0
2004-03-25 00:00:00-05:00,17.16529213414072,17.685175844910365,17.110568338739313,17.676055908203125,45100,0.0,0.0
2004-03-26 00:00:00-05:00,17.694303170836914,18.059134164050047,17.55749154838199,17.958805084228516,40160,0.0,0.0
2004-03-29 00:00:00-05:00,18.068248753948513,19.244827711368146,17.785504283017957,19.18098258972168,122500,0.0,0.0
2004-03-30 00:00:00-05:00,19.153623580932617,19.244831312270392,18.697584924243746,19.153623580932617,43600,0.0,0.0
2004-03-31 00:00:00-05:00,19.244830412582026,19.41812453733455,18.907362100752678,19.399883270263672,57480,0.0,0.0
2004-04-01 00:00:00-05:00,19.445481404631106,19.54581043154046,18.925597791825965,19.22658348083496,48940,0.0,0.0
2004-04-02 00:00:00-05:00,19.545815792622072,19.609660921930985,18.651979807139007,19.290433883666992,51140,0.0,0.0
2004-04-05 00:00:00-04:00,19.290429179098236,19.290429179098236,18.998564807923785,19.12625503540039,38540,0.0,0.0
2004-04-06 00:00:00-04:00,19.336038947514346,19.336038947514346,18.241546176900325,18.542531967163086,67800,0.0,0.0
2004-04-07 00:00:00-04:00,18.506042057207278,18.506042057207278,18.241540279837267,18.39659309387207,46380,0.0,0.0
2004-04-08 00:00:00-04:00,18.396600479516742,19.071538575868153,18.2780301417518,18.60637855529785,30780,0.0,0.0
2004-04-12 00:00:00-04:00,19.16273737842368,19.16273737842368,18.387471966787523,18.825267791748047,40000,0.0,0.0
2004-04-13 00:00:00-04:00,18.59725254429144,18.952963468061697,18.405717177694484,18.44219970703125,26960,0.0,0.0
2004-04-14 00:00:00-04:00,18.37835332342514,18.37835332342514,18.241541760223466,18.287145614624023,37040,0.0,0.0
2004-04-15 00:00:00-04:00,18.323628779992955,19.15361951569406,18.287146251888853,18.715822219848633,44240,0.0,0.0
2004-04-16 00:00:00-04:00,19.135384007246493,19.135384007246493,18.551653639969818,19.007692337036133,22720,0.0,0.0
2004-04-19 00:00:00-04:00,18.861753864377448,19.153618245005127,18.779666094010224,19.14449691772461,30200,0.0,0.0
2004-04-20 00:00:00-04:00,18.998575601576363,19.19011105160822,18.770556214595658,18.98945426940918,32920,0.0,0.0
2004-04-21 00:00:00-04:00,18.998570163891166,18.998570163891166,18.423961194817803,18.843517303466797,23800,0.0,0.0
2004-04-22 00:00:00-04:00,18.670217125239738,19.153618245005127,18.45131918769877,19.14449691772461,20400,0.0,0.0
2004-04-23 00:00:00-04:00,19.02592563840936,19.13537459351746,18.469558145007948,18.743181228637695,27840,0.0,0.0
2004-04-26 00:00:00-04:00,18.64286017502393,19.108020172669338,18.423962171261127,18.971208572387695,23120,0.0,0.0
2004-04-27 00:00:00-04:00,19.15362341896588,19.32691755035443,18.63373963308071,18.952966690063477,27400,0.0,0.0
2004-04-28 00:00:00-04:00,19.07153648977212,19.07153648977212,16.025197538217157,16.326183319091797,208620,0.0,0.0
2004-04-29 00:00:00-04:00,15.851902300287538,16.098162870385824,15.186085653933368,15.359379768371582,191220,0.0,0.0
2004-04-30 00:00:00-04:00,15.596522212273674,16.234976337922305,15.359381551773508,15.879266738891602,89280,0.0,0.0
2004-05-03 00:00:00-04:00,16.371788254639014,16.380909584727757,15.277295446529443,16.280580520629883,64680,0.0,0.0
2004-05-04 00:00:00-04:00,16.408267219397516,17.55748497441026,15.961349976736601,17.247379302978516,53300,0.0,0.0
2004-05-05 00:00:00-04:00,17.575729436119975,17.575729436119975,16.800463724791783,17.046724319458008,38960,0.0,0.0
2004-05-06 00:00:00-04:00,17.238258993618818,17.238258993618818,16.700134005003115,16.846065521240234,31520,0.0,0.0
2004-05-07 00:00:00-04:00,16.490358582371123,17.092328791623558,16.262339247414992,16.399150848388672,25940,0.0,0.0
2004-05-10 00:00:00-04:00,16.399152166402992,16.681895329441165,15.031036046709522,15.778939247131348,99700,0.0,0.0
2004-05-11 00:00:00-04:00,15.778937008688118,16.462994971492517,15.058396511221947,16.152889251708984,85160,0.0,0.0
2004-05-12 00:00:00-04:00,16.36266683781319,16.92815589904785,15.870145633462524,16.92815589904785,46780,0.0,0.0
2004-05-13 00:00:00-04:00,16.964643070684534,17.730787684930696,16.955521738152104,17.347715377807617,55460,0.0,0.0
2004-05-14 00:00:00-04:00,16.982876044061094,17.730779019442913,16.973756107705753,17.30210304260254,32260,0.0,0.0
2004-05-17 00:00:00-04:00,20.06569543401145,20.147781813190196,18.697579836237942,19.618778228759766,260160,0.0,0.0
2004-05-18 00:00:00-04:00,20.275486171906604,21.36997933755101,20.020104154912236,21.11459732055664,273800,0.0,0.0
2004-05-19 00:00:00-04:00,21.525017738259486,21.844244696242146,20.403162721862312,20.950408935546875,132500,0.0,0.0
2004-05-20 00:00:00-04:00,20.580758523662922,21.719693094317172,20.111197833110857,21.190189361572266,82240,10.0,0.0
2004-05-21 00:00:00-04:00,21.78963602376368,21.859570357982378,21.23015830110582,21.58982276916504,47580,0.0,0.0
2004-05-24 00:00:00-04:00,22.149293210580623,22.149293210580623,21.729685789873812,22.02940559387207,72440,0.0,0.0
2004-05-25 00:00:00-04:00,22.089345074317244,22.14928810663173,21.729680782616708,21.83957862854004,66340,0.0,0.0
2004-05-26 00:00:00-04:00,21.82959610947939,21.909521709050207,20.980389853504217,21.380016326904297,67580,0.0,0.0
2004-05-27 00:00:00-04:00,21.489906582502368,21.489906582502368,20.980382400146002,21.30008316040039,40120,0.0,0.0
2004-05-28 00:00:00-04:00,21.469924518774782,21.529869079589844,21.100270458957908,21.529869079589844,38040,0.0,0.0
2004-06-01 00:00:00-04:00,21.62977152304216,22.1193130862997,21.529864957115866,21.97944450378418,61660,0.0,0.0
2004-06-02 00:00:00-04:00,22.179262494827064,22.56889757752234,22.029402613105262,22.2791690826416,60500,0.0,0.0
2004-06-03 00:00:00-04:00,22.279180788301012,22.628854029373,22.279180788301012,22.588891983032227,41080,0.0,0.0
2004-06-04 00:00:00-04:00,22.67880321124047,23.677869431999962,22.47898996708857,23.657888412475586,51160,0.0,0.0
2004-06-07 00:00:00-04:00,24.46712152989332,24.946673432458322,24.12743975798874,24.85675811767578,109540,0.0,0.0
2004-06-08 00:00:00-04:00,25.22642296777805,26.195518455806486,24.986647676083788,25.126516342163086,144060,0.0,0.0
2004-06-09 00:00:00-04:00,25.126520119129346,25.715968689080658,22.229227540780435,24.217369079589844,230580,0.0,0.0
2004-06-10 00:00:00-04:00,24.72688260958596,24.976649100591878,24.127443031171754,24.626976013183594,51800,0.0,0.0
2004-06-14 00:00:00-04:00,24.896727531193,24.976653126087268,24.63697125335405,24.67693328857422,41320,0.0,0.0
2004-06-15 00:00:00-04:00,24.976645609702437,25.186450042605323,24.587010547972465,24.646953582763672,56800,0.0,0.0
2004-06-16 00:00:00-04:00,24.97664505968548,25.226411510282336,24.58701000653576,25.046579360961914,60040,0.0,0.0
2004-06-17 00:00:00-04:00,25.20643547040329,25.536127555104546,25.08654785536294,25.396257400512695,59900,0.0,0.0
2004-06-18 00:00:00-04:00,25.41624024251548,25.476184816571305,23.77777249546655,24.666940689086914,105960,0.0,0.0
2004-06-21 00:00:00-04:00,24.966654466616113,25.3962530781435,24.247327374347694,25.24639320373535,62900,0.0,0.0
2004-06-22 00:00:00-04:00,25.416237514980825,25.426228784402532,24.477116118580042,24.626976013183594,71020,0.0,0.0
2004-06-23 00:00:00-04:00,24.42715805709723,24.856756642746674,23.977578460954337,24.716886520385742,69620,0.0,0.0
2004-06-24 00:00:00-04:00,24.577024459838867,25.82585700352987,24.487109126474632,25.775903701782227,72400,0.0,0.0
2004-06-25 00:00:00-04:00,25.86582315079037,27.604197718428427,25.855831879069562,27.33445167541504,135660,0.0,0.0
2004-06-28 00:00:00-04:00,27.973859072550873,29.642301172512916,27.534270468335382,29.072832107543945,207560,0.0,0.0
2004-06-29 00:00:00-04:00,29.022866660915124,29.272633155415257,28.273567177414733,28.64322280883789,81340,0.0,0.0
2004-06-30 00:00:00-04:00,28.9729065141322,29.192702196905532,28.373467069012225,28.912961959838867,63960,0.0,0.0
2004-07-01 00:00:00-04:00,29.27264227747642,29.422502220876474,28.902986530859625,29.112791061401367,50740,0.0,0.0
2004-07-02 00:00:00-04:00,29.42248784431596,29.482432402167248,28.83303963140985,29.39251708984375,43620,0.0,0.0
2004-07-06 00:00:00-04:00,29.87207127732129,31.10092115043749,29.69224062966286,30.931081771850586,143740,0.0,0.0
2004-07-07 00:00:00-04:00,32.01007858376311,33.019135997086515,30.53146191298775,32.06003189086914,187280,0.0,0.0
2004-07-08 00:00:00-04:00,33.16898978628763,33.178981055643284,32.08000850248315,32.76936340332031,143900,0.0,0.0
2004-07-09 00:00:00-04:00,33.228937153029534,33.228937153029534,32.269833143322636,32.62949752807617,118580,0.0,0.0
2004-07-12 00:00:00-04:00,32.959193581115485,32.96918485297377,28.263582405085888,28.753124237060547,522460,0.0,0.0
2004-07-13 00:00:00-04:00,28.373473186221638,28.62323967553697,25.486173179517877,27.314462661743164,363940,0.0,0.0
2004-07-14 00:00:00-04:00,26.874874681574347,30.471512185428164,26.475248292257255,30.201763153076172,232220,0.0,0.0
2004-07-15 00:00:00-04:00,30.621375443738337,30.971048572785918,30.32165561884041,30.65134620666504,126200,0.0,0.0
2004-07-16 00:00:00-04:00,30.911101155029005,30.911101155029005,27.973847750959724,28.97291374206543,139360,0.0,0.0
2004-07-19 00:00:00-04:00,28.84304274171727,30.161808311376326,28.82306019792669,30.031930923461914,72280,0.0,0.0
2004-07-20 00:00:00-04:00,30.31166184001253,30.721279509926376,30.081877879501274,30.431550979614258,72040,0.0,0.0
2004-07-21 00:00:00-04:00,30.591414603940443,30.761254063796525,29.622318969522432,29.872085571289062,61220,0.0,0.0
2004-07-22 00:00:00-04:00,29.77217586846163,29.87208249889271,28.293558957645015,29.262651443481445,68300,0.0,0.0
2004-07-23 00:00:00-04:00,29.772171794923477,30.571424729015384,28.7331435903856,30.25172233581543,68380,0.0,0.0
2004-07-26 00:00:00-04:00,30.09187115950201,30.471515045422898,29.012877977729314,29.67226219177246,42380,0.0,0.0
2004-07-27 00:00:00-04:00,30.161807915926943,30.971052146305574,29.62231277864388,30.761247634887695,61820,0.0,0.0
2004-07-28 00:00:00-04:00,30.871132183517982,31.470571643392116,30.62136574190376,31.130889892578125,77580,0.0,0.0
2004-07-29 00:00:00-04:00,31.17085110411352,31.970103696526685,31.17085110411352,31.82024383544922,55400,0.0,0.0
2004-07-30 00:00:00-04:00,32.169923107761726,32.75937139964423,31.53052151912804,32.359745025634766,70440,0.0,0.0
2004-08-02 00:00:00-04:00,32.08999783049084,32.619501536326226,32.070015292988415,32.53957748413086,52540,0.0,0.0
2004-08-03 00:00:00-04:00,29.44247726962203,31.070953687032066,28.573288599650066,29.971981048583984,252140,0.0,0.0
2004-08-04 00:00:00-04:00,29.512408480663876,29.512408480663876,26.26544404112605,27.49429702758789,308040,0.0,0.0
2004-08-05 00:00:00-04:00,26.744995604233644,28.453395869545208,26.365348729458812,27.28449058532715,135900,0.0,0.0
2004-08-06 00:00:00-04:00,26.75499264487764,26.974788436889646,24.477122840881346,24.976655960083008,259300,0.0,0.0
2004-08-09 00:00:00-04:00,25.146506141058996,27.873958277393843,24.966673847281655,27.024751663208008,175380,0.0,0.0
2004-08-10 00:00:00-04:00,27.674143630296022,27.674143630296022,26.625123745393104,27.48432159423828,81040,0.0,0.0
2004-08-11 00:00:00-04:00,27.854050397504032,28.552454505772186,26.826983688663304,28.16217041015625,73220,3.75,0.0
2004-08-12 00:00:00-04:00,28.49083865689091,28.49083865689091,27.217276172304118,27.24808692932129,47360,0.0,0.0
2004-08-13 00:00:00-04:00,27.47403921816098,27.730805939826034,26.570221611643742,26.765363693237305,41720,0.0,0.0
2004-08-16 00:00:00-04:00,27.217265465146017,27.474032120477585,26.775628071719158,26.960498809814453,45000,0.0,0.0
2004-08-17 00:00:00-04:00,27.45349451198806,27.45349451198806,25.24530244294155,25.728023529052734,98060,0.0,0.0
2004-08-18 00:00:00-04:00,25.717751642221394,27.217269773601043,25.471256240954936,27.05293846130371,104580,0.0,0.0
2004-08-19 00:00:00-04:00,27.145377598932754,28.141633770841384,26.70374007452102,28.03892707824707,68080,0.0,0.0
2004-08-20 00:00:00-04:00,27.730799212175256,28.244332530919245,27.658903293807647,27.93621253967285,48260,0.0,0.0
2004-08-23 00:00:00-04:00,27.9670175610523,28.43946874447204,27.31996696561,27.391862869262695,43000,0.0,0.0
2004-08-24 00:00:00-04:00,27.689717173547464,28.192979199044846,27.391868475547682,27.93621253967285,29580,0.0,0.0
2004-08-25 00:00:00-04:00,28.203248757219168,28.203248757219168,27.782150834883442,27.81296157836914,21140,0.0,0.0
2004-08-26 00:00:00-04:00,28.131351470947266,28.336764775787124,27.874584839897437,28.131351470947266,56860,0.0,0.0
2004-08-27 00:00:00-04:00,28.408672556781486,28.501107955711873,27.854057028839552,28.398401260375977,27760,0.0,0.0
2004-08-30 00:00:00-04:00,28.727059953856397,28.727059953856397,27.956759845701782,28.1210880279541,30400,0.0,0.0
2004-08-31 00:00:00-04:00,28.244333950231784,28.75786729478145,28.244333950231784,28.32649803161621,24620,0.0,0.0
2004-09-01 00:00:00-04:00,28.244332586015975,28.911925901685443,28.244332586015975,28.75786590576172,29380,0.0,0.0
2004-09-02 00:00:00-04:00,28.706504478702495,29.476804241100595,28.50109120872967,29.384368896484375,38260,0.0,0.0
2004-09-03 00:00:00-04:00,29.476821236629366,29.476821236629366,28.768145673491723,29.394657135009766,25120,0.0,0.0
2004-09-07 00:00:00-04:00,29.487090492929394,29.90818853690623,29.39465510141237,29.76439666748047,38080,0.0,0.0
2004-09-08 00:00:00-04:00,29.86709264404984,29.86709264404984,29.57951527704409,29.7027645111084,29760,0.0,0.0
2004-09-09 00:00:00-04:00,29.88763943524951,29.88763943524951,29.58979073441601,29.856828689575195,28540,0.0,0.0
2004-09-10 00:00:00-04:00,29.630873233897244,30.699021936774308,29.630873233897244,29.949264526367188,50300,0.0,0.0
2004-09-13 00:00:00-04:00,29.692497860562188,30.24711323182925,29.682226567058244,29.949264526367188,30640,0.0,0.0
2004-09-14 00:00:00-04:00,29.795203218022408,30.30873652707361,29.68222526315943,30.09305191040039,31860,0.0,0.0
2004-09-15 00:00:00-04:00,30.08278322231282,30.40117452836681,29.65141708597157,30.288196563720703,30880,0.0,0.0
2004-09-16 00:00:00-04:00,30.144401372151854,30.267650604248047,29.826010134535178,30.267650604248047,17820,0.0,0.0
2004-09-17 00:00:00-04:00,30.401189631937726,30.606603075396766,30.267672147433515,30.57579231262207,36100,0.0,0.0
2004-09-20 00:00:00-04:00,30.606594821236534,31.561765821980966,30.57578406677106,31.19202423095703,78000,0.0,0.0
2004-09-21 00:00:00-04:00,31.315272956826778,31.73637106383375,30.267666472228736,31.27419090270996,55600,0.0,0.0
2004-09-22 00:00:00-04:00,31.397436251778366,31.67474243297067,30.91471355710963,31.448789596557617,36900,0.0,0.0
2004-09-23 00:00:00-04:00,31.746633040798248,31.839068419013927,31.35634580536919,31.428241729736328,32280,0.0,0.0
2004-09-24 00:00:00-04:00,31.818532105145994,32.60937489169629,31.53095461968744,32.558021545410156,46540,0.0,0.0
2004-09-27 00:00:00-04:00,32.85586491765641,33.6158936906893,32.558016185106105,32.82505416870117,75380,0.0,0.0
2004-09-28 00:00:00-04:00,33.24613584854985,33.328299895010275,31.869864562656677,32.51691818237305,49580,0.0,0.0
2004-09-29 00:00:00-04:00,33.05100178641847,33.05100178641847,30.66820916569188,31.4898624420166,87200,0.0,0.0
2004-09-30 00:00:00-04:00,31.56175252625253,32.24988834011939,31.222821832472277,31.839061737060547,36500,0.0,0.0
2004-10-01 00:00:00-04:00,32.249888408732474,32.866128314631815,31.839061804799574,32.72233963012695,35320,0.0,0.0
2004-10-04 00:00:00-04:00,32.876417840308,33.59536479592828,32.86614654264143,33.34886932373047,50000,0.0,0.0
2004-10-05 00:00:00-04:00,33.63642632289801,35.177026001809374,33.34884896991112,34.98188400268555,192620,0.0,0.0
2004-10-06 00:00:00-04:00,35.36190089617403,36.81006539267637,35.022970180429375,35.793270111083984,166120,0.0,0.0
2004-10-07 00:00:00-04:00,36.358156834788055,36.97439678114039,33.472099125832905,34.078067779541016,213000,0.0,0.0
2004-10-08 00:00:00-04:00,33.89320193224503,35.485155356335326,33.89320193224503,34.76620864868164,83820,0.0,0.0
2004-10-11 00:00:00-04:00,34.601878626743364,34.601878626743364,31.952047631323207,32.701805114746094,205360,0.0,0.0
2004-10-12 00:00:00-04:00,31.86987654249097,31.952043754195383,30.349819171083702,31.9417724609375,215080,0.0,0.0
2004-10-13 00:00:00-04:00,31.993127555049856,32.33205831071778,30.40117417751126,30.95578956604004,99800,0.0,0.0
2004-10-14 00:00:00-04:00,30.257388935113468,33.318046783832806,29.84656220995065,32.886680603027344,131180,0.0,0.0
2004-10-15 00:00:00-04:00,33.49265438680762,33.82131393529884,32.86614291070046,33.17426300048828,49500,0.0,0.0
2004-10-18 00:00:00-04:00,33.92400594821819,34.00617315054544,33.08181328128219,33.533721923828125,52340,0.0,0.0
2004-10-19 00:00:00-04:00,33.769952235171694,33.769952235171694,32.03421011884801,32.20881271362305,66740,0.0,0.0
2004-10-20 00:00:00-04:00,32.00340035421783,33.266691194974754,31.952047017043014,33.15371322631836,36160,0.0,0.0
2004-10-21 00:00:00-04:00,33.38992953865026,34.273207276076434,33.38992953865026,33.759674072265625,39780,0.0,0.0
2004-10-22 00:00:00-04:00,34.09862092914003,34.51971898314889,33.89320755004883,33.89320755004883,45780,0.0,0.0
2004-10-25 00:00:00-04:00,34.49917173856045,35.63921646562962,33.55427220279604,35.454345703125,79300,0.0,0.0
2004-10-26 00:00:00-04:00,34.78674543991372,35.63920942604405,34.67376749209493,35.310546875,40760,0.0,0.0
2004-10-27 00:00:00-04:00,35.03326062020511,35.618687006847885,33.63644868899615,34.04727554321289,66220,0.0,0.0
2004-10-28 00:00:00-04:00,32.527208322558764,34.437550151919964,31.78771893842203,32.94830322265625,118940,0.0,0.0
2004-10-29 00:00:00-04:00,33.153713161332455,33.86239172044299,32.59909774780335,33.55427169799805,38040,0.0,0.0
2004-11-01 00:00:00-05:00,33.19480475290725,34.868922611280894,33.19480475290725,33.80077362060547,46400,0.0,0.0
2004-11-02 00:00:00-05:00,33.893195410015515,34.40672867380363,33.43101547260621,33.811031341552734,29000,0.0,0.0
2004-11-03 00:00:00-05:00,34.653241741979365,35.07433986058901,34.17052210767651,34.83811569213867,55580,0.0,0.0
2004-11-04 00:00:00-05:00,35.87542985894118,36.40950566689557,35.34135718534486,36.245174407958984,101640,0.0,0.0
2004-11-05 00:00:00-05:00,36.964137485707234,36.97440878168515,36.563582017444205,36.70737075805664,66280,0.0,0.0
2004-11-08 00:00:00-05:00,37.056560954895374,37.43657684326172,36.727901529890595,37.43657684326172,91200,0.0,0.0
2004-11-09 00:00:00-05:00,37.539279544746485,37.641986191927735,37.231159603202734,37.38521957397461,79060,0.0,0.0
2004-11-10 00:00:00-05:00,37.31131499544538,38.09281698080312,36.70935116971187,37.5330924987793,78860,5.0,0.0
2004-11-11 00:00:00-05:00,37.30074727062403,38.07168438934802,36.962800378007785,38.029441833496094,40240,0.0,0.0
2004-11-12 00:00:00-05:00,38.01886927773917,38.01886927773917,37.38522145644352,37.52251052856445,35340,0.0,0.0
2004-11-15 00:00:00-05:00,37.98720496869386,38.21954067213701,37.54365000854645,37.95552062988281,55960,0.0,0.0
2004-11-16 00:00:00-05:00,37.543650192341055,37.955520815693724,37.22682614008501,37.32187271118164,31240,0.0,0.0
2004-11-17 00:00:00-05:00,37.30073543078294,38.24064569747273,37.08951949566616,37.575313568115234,40560,0.0,0.0
2004-11-18 00:00:00-05:00,38.050570263187865,38.07169315742873,36.96280889070751,37.55421447753906,27940,0.0,0.0
2004-11-19 00:00:00-05:00,38.008323347222216,38.008323347222216,37.08953556512863,37.4908447265625,23700,0.0,0.0
2004-11-22 00:00:00-05:00,37.75486240995691,39.74029164753007,37.75486240995691,39.70861053466797,124660,0.0,0.0
2004-11-23 00:00:00-05:00,39.91981128893401,40.289439171238946,39.18055552432411,40.13102722167969,59900,0.0,0.0
2004-11-24 00:00:00-05:00,40.13103915879893,41.08151113887575,39.919823163226305,40.19440460205078,48420,0.0,0.0
2004-11-26 00:00:00-05:00,40.34226948758737,40.62741247207907,40.04656827788606,40.247222900390625,28860,0.0,0.0
2004-11-29 00:00:00-05:00,40.500663701275556,41.07094619616592,40.35281316154843,40.954776763916016,40200,0.0,0.0
2004-11-30 00:00:00-05:00,40.65908188326474,41.12375646020765,40.65908188326474,41.09207534790039,31400,0.0,0.0
2004-12-01 00:00:00-05:00,40.78581385150107,41.45114301066487,37.59645073069221,38.19841766357422,144900,0.0,0.0
2004-12-02 00:00:00-05:00,37.82878507854779,37.934393073493034,34.2275518063348,36.13905715942383,304420,0.0,0.0
2004-12-03 00:00:00-05:00,36.16018434255429,38.80038476509623,36.05457632565261,37.95552062988281,127640,0.0,0.0
2004-12-06 00:00:00-05:00,38.74757858836083,39.2122531921452,38.23009997908049,39.08552551269531,65760,0.0,0.0
2004-12-07 00:00:00-05:00,39.2228165710726,39.328424587269836,37.015609677130584,37.4063606262207,65360,0.0,0.0
2004-12-08 00:00:00-05:00,37.90270520145724,38.87429995337437,36.96279477880476,38.58915710449219,46120,0.0,0.0
2004-12-09 00:00:00-05:00,38.30402378805232,39.064399472156055,37.22682087361312,37.702056884765625,61000,0.0,0.0
2004-12-10 00:00:00-05:00,37.49083570176209,38.018875641223524,36.51924092399303,36.603729248046875,62620,0.0,0.0
2004-12-13 00:00:00-05:00,36.445321397417395,37.86046795100602,36.286909397622395,37.543643951416016,55240,0.0,0.0
2004-12-14 00:00:00-05:00,37.490844347526654,38.008322962954615,36.76214970760558,37.1845817565918,44320,0.0,0.0
2004-12-15 00:00:00-05:00,37.18458375090586,38.46244141220442,36.71990911667936,38.261783599853516,47840,0.0,0.0
2004-12-16 00:00:00-05:00,38.705319266849095,38.705319266849095,38.01886749267578,38.01886749267578,28200,0.0,0.0
2004-12-17 00:00:00-05:00,37.29017317697936,38.082232916410106,37.258488853662534,38.01886749267578,29380,0.0,0.0
2004-12-20 00:00:00-05:00,38.546913604392934,39.23336549049856,38.08223912607063,38.64196014404297,36380,0.0,0.0
2004-12-21 00:00:00-05:00,38.969351319330514,39.212248425927726,38.66308876926002,38.92710876464844,41600,0.0,0.0
2004-12-22 00:00:00-05:00,39.18057119138904,39.18057119138904,38.01888309676565,38.53636169433594,45600,0.0,0.0
2004-12-23 00:00:00-05:00,38.177275573401005,38.33568750524084,37.70203977788149,38.05054473876953,56420,0.0,0.0
2004-12-27 00:00:00-05:00,37.7759870360202,38.061126733581176,35.5370959010857,36.24467086791992,144540,0.0,0.0
2004-12-28 00:00:00-05:00,36.434754828941244,36.857186768986935,35.74830292636699,36.68821334838867,64220,0.0,0.0
2004-12-29 00:00:00-05:00,36.22354085362654,36.22354085362654,34.72390609472452,35.07241439819336,152600,0.0,0.0
2004-12-30 00:00:00-05:00,35.12522169341846,35.684942808223546,34.40708535459071,35.22026824951172,75280,0.0,0.0
2004-12-31 00:00:00-05:00,35.68493793046176,35.68493793046176,35.009047462640844,35.30474853515625,25020,0.0,0.0
2005-01-03 00:00:00-05:00,34.85063446354745,35.06185042999319,31.01706596171718,31.2071590423584,436160,0.0,0.0
2005-01-04 00:00:00-05:00,29.675846998604182,31.999222920203085,29.570239002167867,30.256690979003906,325260,0.0,0.0
2005-01-05 00:00:00-05:00,30.57352578185126,31.523998085950264,30.372871162232865,30.900911331176758,139380,0.0,0.0
2005-01-06 00:00:00-05:00,30.943139062602363,32.685670784557786,30.90089651392281,31.97809600830078,116080,0.0,0.0
2005-01-07 00:00:00-05:00,31.96753584268401,32.73847278358931,31.41837307457361,31.555662155151367,83720,0.0,0.0
2005-01-10 00:00:00-05:00,31.68240246920562,33.182037475241614,31.68240246920562,32.36885452270508,94860,0.0,0.0
2005-01-11 00:00:00-05:00,32.38998432245853,32.80185499783217,30.911471891854777,31.71409034729004,87640,0.0,0.0
2005-01-12 00:00:00-05:00,31.68238933632362,32.29491424099949,31.376126883985684,32.05201721191406,48840,0.0,0.0
2005-01-13 00:00:00-05:00,32.22100913868937,32.71736492347477,31.52399552766823,32.411102294921875,50740,0.0,0.0
2005-01-14 00:00:00-05:00,33.3826985595515,33.76288810794035,32.759611834001,33.26652908325195,81140,0.0,0.0
2005-01-18 00:00:00-05:00,33.69951482909902,33.762880276282424,33.224278809574315,33.50941848754883,75760,0.0,0.0
2005-01-19 00:00:00-05:00,33.667817190378265,34.005763959884646,33.51996668730644,33.79454803466797,47220,0.0,0.0
2005-01-20 00:00:00-05:00,33.26650854750877,33.39323939303994,32.50612992012029,33.0130500793457,43400,0.0,0.0
2005-01-21 00:00:00-05:00,32.53781004082545,33.53052412628368,32.53781004082545,33.16089630126953,31040,0.0,0.0
2005-01-24 00:00:00-05:00,33.47772879317331,33.61501787445862,32.86520381419311,32.89688491821289,34800,0.0,0.0
2005-01-25 00:00:00-05:00,32.87576674226808,33.38268703948666,32.21043767936261,33.08698272705078,44100,0.0,0.0
2005-01-26 00:00:00-05:00,33.42493507338733,34.74503519476914,32.31605097142661,34.639427185058594,76360,0.0,0.0
2005-01-27 00:00:00-05:00,35.262512616141514,36.11793811071218,34.85064203665211,35.74831008911133,109180,0.0,0.0
2005-01-28 00:00:00-05:00,35.74830295766114,35.896153492226574,35.38923645288796,35.6004524230957,43520,0.0,0.0
2005-01-31 00:00:00-05:00,35.75886722876516,36.645973729215115,35.473724357274016,36.28690719604492,103140,0.0,0.0
2005-02-01 00:00:00-05:00,36.70933303078857,38.01887128606189,36.64596760073187,37.807655334472656,131460,0.0,0.0
2005-02-02 00:00:00-05:00,38.31457852343263,39.01159192094296,38.018877432561666,38.853179931640625,103360,0.0,0.0
2005-02-03 00:00:00-05:00,39.02215536360608,39.07495936274493,37.23738083729321,38.11392593383789,85700,0.0,0.0
2005-02-04 00:00:00-05:00,38.28289015657041,38.59971407510755,36.1601692577917,37.015594482421875,120360,0.0,0.0
2005-02-07 00:00:00-05:00,37.07897031472354,38.715894353137735,36.70934230604937,37.702056884765625,63620,0.0,0.0
2005-02-08 00:00:00-05:00,38.37793728757261,38.536349249317865,37.279614997385366,37.712608337402344,38360,0.0,0.0
2005-02-09 00:00:00-05:00,38.01887221344731,38.705324072856776,37.82877914153997,37.99774932861328,41540,0.0,0.0
2005-02-10 00:00:00-05:00,38.208974657854434,39.71917105273988,37.913273535042165,39.55019760131836,82600,0.0,0.0
2005-02-11 00:00:00-05:00,39.81421378950683,40.141599215910404,39.085519274544176,39.94094467163086,66160,0.0,0.0
2005-02-14 00:00:00-05:00,40.1416015076372,40.82805350871552,40.10991717384719,40.56403350830078,58140,0.0,0.0
2005-02-15 00:00:00-05:00,41.9263773387527,42.94021481570566,41.45114132357792,41.662357330322266,164520,0.0,0.0
2005-02-16 00:00:00-05:00,41.472263095029014,42.65507076716025,39.87758164253292,42.591705322265625,139920,0.0,0.0
2005-02-17 00:00:00-05:00,42.50721791878642,42.7817993499226,42.02142049799167,42.35936737060547,89860,0.0,0.0
2005-02-18 00:00:00-05:00,42.34881403923035,42.71844209194183,41.76796995639801,42.24320602416992,76000,0.0,0.0
2005-02-22 00:00:00-05:00,43.02469787572414,43.19367131763481,42.24319933265018,42.792362213134766,173520,0.0,0.0
2005-02-23 00:00:00-05:00,42.88064889123622,43.67534952305687,42.21839948751057,43.189697265625,111460,8.75,0.0
2005-02-24 00:00:00-05:00,43.59810458011002,44.20516679578244,43.189715924034495,44.12790298461914,54200,0.0,0.0
2005-02-25 00:00:00-05:00,44.42590927255565,45.02193322017694,44.19412124615416,44.81222152709961,63420,0.0,0.0
2005-02-28 00:00:00-05:00,44.977767029564454,45.75039124847722,43.65326836857115,44.80116653442383,88140,0.0,0.0
2005-03-01 00:00:00-05:00,44.38177472097118,44.624597626341725,41.114675037596875,42.09701156616211,161960,0.0,0.0
2005-03-02 00:00:00-05:00,42.33981784749073,43.54290374105918,42.27359222516011,43.057254791259766,62160,0.0,0.0
2005-03-03 00:00:00-05:00,43.37735116996017,43.37735116996017,41.390602261412376,42.218414306640625,84860,0.0,0.0
2005-03-04 00:00:00-05:00,41.942474798946726,42.88066173523895,41.732763098627125,42.7150993347168,48480,0.0,0.0
2005-03-07 00:00:00-05:00,42.7702810372136,42.99103087482502,41.99765660557361,42.27359390258789,57600,0.0,0.0
2005-03-08 00:00:00-05:00,42.05285355627047,42.185304836081556,40.81665283928694,40.86080551147461,106120,0.0,0.0
2005-03-09 00:00:00-05:00,40.915989976553796,41.36852451783847,39.9115773888626,40.441375732421875,92980,0.0,0.0
2005-03-10 00:00:00-05:00,40.441388647501775,40.441388647501775,37.31777831966332,38.16766357421875,220540,0.0,0.0
2005-03-11 00:00:00-05:00,38.78574119486055,40.242691297659164,38.78574119486055,39.64666748046875,90460,0.0,0.0
2005-03-14 00:00:00-05:00,39.503186305780396,41.986622201387405,39.503186305780396,41.53408432006836,91660,0.0,0.0
2005-03-15 00:00:00-05:00,42.27359385588158,42.49434369324911,40.79457061919418,41.247108459472656,75980,0.0,0.0
2005-03-16 00:00:00-05:00,41.93144559832494,41.93144559832494,41.11467158810234,41.55617141723633,33160,0.0,0.0
2005-03-17 00:00:00-05:00,42.22944821167621,43.39942312451182,41.843135962896795,43.06829833984375,72920,0.0,0.0
2005-03-18 00:00:00-05:00,43.101408139271385,43.78573402045888,42.119071982115436,43.002071380615234,71440,0.0,0.0
2005-03-21 00:00:00-05:00,43.686402168880285,43.763665978235146,42.80340260311513,43.37735366821289,46740,0.0,0.0
2005-03-22 00:00:00-05:00,43.26696195307466,43.75261085234239,42.71508743836708,42.825462341308594,45860,0.0,0.0
2005-03-23 00:00:00-05:00,42.604725239593805,42.770287643374616,41.22503854142043,41.52305221557617,56540,0.0,0.0
2005-03-24 00:00:00-05:00,41.50097288363094,42.35086117567252,41.169848099984954,41.843135833740234,34580,0.0,0.0
2005-03-28 00:00:00-05:00,41.99765285011582,42.383965031391526,41.5009657599042,41.87623977661133,27860,0.0,0.0
2005-03-29 00:00:00-05:00,42.42812457333276,42.42812457333276,39.712900483746076,40.441375732421875,74360,0.0,0.0
2005-03-30 00:00:00-05:00,40.507595156941356,41.39059450641147,39.75704705724184,41.247108459472656,50540,0.0,0.0
2005-03-31 00:00:00-05:00,41.83209650392793,43.43253291370881,41.688610449021866,43.002071380615234,69840,0.0,0.0
2005-04-01 00:00:00-05:00,43.54290614668448,43.598093606946435,43.10140646458882,43.53186798095703,40800,0.0,0.0
2005-04-04 00:00:00-04:00,44.00648851007962,44.33761331943048,43.70847483431355,44.205162048339844,69200,0.0,0.0
2005-04-05 00:00:00-04:00,44.370706161621996,44.42589360709665,43.101394915704944,43.58704376220703,47440,0.0,0.0
2005-04-06 00:00:00-04:00,44.13893020343469,44.205155829663546,43.266969001818,43.87403106689453,35640,0.0,0.0
2005-04-07 00:00:00-04:00,43.984411868913845,44.37072414379765,43.65328706187058,43.77470016479492,39780,0.0,0.0
2005-04-08 00:00:00-04:00,44.18309171604041,44.18309171604041,43.24490462875881,43.36631774902344,32480,0.0,0.0
2005-04-11 00:00:00-04:00,43.333199545102254,43.8740360453191,42.94688727803655,43.74158477783203,41060,0.0,0.0
2005-04-12 00:00:00-04:00,44.05063774833304,44.06167591563752,43.04622515438882,43.719512939453125,36620,0.0,0.0
2005-04-13 00:00:00-04:00,43.8409021369462,43.87401325242866,42.05282779666747,42.406028747558594,52540,0.0,0.0
2005-04-14 00:00:00-04:00,43.222830147427146,43.255941284351806,41.832105134198116,42.72614288330078,61900,0.0,0.0
2005-04-15 00:00:00-04:00,43.266969001818,44.02855528251168,42.92480607328163,43.87403106689453,71820,0.0,0.0
2005-04-18 00:00:00-04:00,43.86299189289771,43.86299189289771,42.16321882342927,43.2117805480957,68400,0.0,0.0
2005-04-19 00:00:00-04:00,43.4877196539016,46.62236679284279,43.4877196539016,46.35746765136719,116740,0.0,0.0
2005-04-20 00:00:00-04:00,46.688597481550566,46.776896082155936,45.23164699293204,46.08153533935547,83180,0.0,0.0
2005-04-21 00:00:00-04:00,46.357459568920724,46.578209376391776,45.253710531565474,46.46783447265625,60900,0.0,0.0
2005-04-22 00:00:00-04:00,46.35747638348267,47.35085087741444,46.103615360161605,46.96453857421875,73040,0.0,0.0
2005-04-25 00:00:00-04:00,47.35085184754894,49.45901399042737,46.97557770471676,48.940250396728516,95140,0.0,0.0
2005-04-26 00:00:00-04:00,49.11683301313207,49.41484660573021,47.582622498306954,48.12345886230469,68500,0.0,0.0
2005-04-27 00:00:00-04:00,48.289026636934146,48.49873830751093,45.253716391184,46.71066665649414,103880,0.0,0.0
2005-04-28 00:00:00-04:00,46.90934628937207,47.008683054897965,45.805596964916255,45.81663513183594,47080,0.0,0.0
2005-04-29 00:00:00-04:00,46.88727439767231,46.9093507336032,45.386177868897754,46.19191360473633,32880,0.0,0.0
2005-05-02 00:00:00-04:00,46.798981398390644,47.27359236239171,46.247106617749246,46.77690505981445,32200,0.0,0.0
2005-05-03 00:00:00-04:00,47.295638754992204,47.67091269454251,46.688576880657415,46.80998992919922,46160,0.0,0.0
2005-05-04 00:00:00-04:00,47.48328715840146,47.560547573610215,46.63339901248084,47.25149917602539,30920,0.0,0.0
2005-05-05 00:00:00-04:00,47.792341405501915,48.89609062964745,47.32876538401066,48.57600402832031,48120,0.0,0.0
2005-05-06 00:00:00-04:00,48.8409136978269,49.55835084819046,48.70846241502475,49.282413482666016,58200,0.0,0.0
2005-05-09 00:00:00-04:00,49.00648221606564,50.849745394516,48.9623329057625,50.78351974487305,96680,0.0,0.0
2005-05-10 00:00:00-04:00,50.76143344599963,51.86518282890189,50.220596922052685,51.677547454833984,88980,0.0,0.0
2005-05-11 00:00:00-04:00,51.87623240315495,52.372919734674525,51.10360766523563,51.821044921875,62300,0.0,0.0
2005-05-12 00:00:00-04:00,51.821029393755225,52.428091505929146,46.52303277841923,47.85857009887695,215400,0.0,0.0
2005-05-13 00:00:00-04:00,47.869620871286116,48.99544342748909,47.5936834749065,48.2117805480957,85760,0.0,0.0
2005-05-16 00:00:00-04:00,48.28901873694526,50.27576693640815,47.36187025087084,49.668704986572266,97380,0.0,0.0
2005-05-17 00:00:00-04:00,49.451758781189895,49.5545209156768,47.739044924657286,48.50405502319336,86220,7.5,0.0
2005-05-18 00:00:00-04:00,48.287130137568205,49.086396904750316,44.8274482391477,46.083438873291016,192380,0.0,0.0
2005-05-19 00:00:00-04:00,46.01492038082767,46.07201085276418,43.38875867174817,43.95966339111328,182040,0.0,0.0
2005-05-20 00:00:00-04:00,43.95966430587198,45.15856424148667,43.95966430587198,44.72467803955078,71180,0.0,0.0
2005-05-23 00:00:00-04:00,44.81602208063658,45.29558345594678,44.08526471049446,44.096683502197266,56740,0.0,0.0
2005-05-24 00:00:00-04:00,43.74272190257686,44.61049780481515,41.67604604560208,42.46389389038086,153320,0.0,0.0
2005-05-25 00:00:00-04:00,42.4981555412766,43.86832708821264,41.676051219304405,43.845489501953125,117240,0.0,0.0
2005-05-26 00:00:00-04:00,44.519157564425946,45.10148118293368,43.959671532732834,44.66759490966797,53380,0.0,0.0
2005-05-27 00:00:00-04:00,45.6038646112726,45.67237386898119,44.54198331262902,44.75892639160156,34160,0.0,0.0
2005-05-31 00:00:00-04:00,45.432603511444796,45.432603511444796,43.67421741566701,44.97587966918945,40560,0.0,0.0
2005-06-01 00:00:00-04:00,45.38693871085099,45.50111968873993,43.160409642016795,43.502952575683594,90640,0.0,0.0
2005-06-02 00:00:00-04:00,43.29741388615099,44.336457653594465,42.66941871550787,43.67420959472656,67960,0.0,0.0
2005-06-03 00:00:00-04:00,44.07385799320903,44.30221995172307,42.85212012134815,43.11473846435547,46200,0.0,0.0
2005-06-06 00:00:00-04:00,43.58288065401661,43.674224042517,42.76077621940553,43.502952575683594,43160,0.0,0.0
2005-06-07 00:00:00-04:00,44.0738549860391,44.222288855134764,43.53720302633623,43.78840255737305,34400,0.0,0.0
2005-06-08 00:00:00-04:00,44.028185121310756,44.33647166634644,43.03480923452198,43.982513427734375,41600,0.0,0.0
2005-06-09 00:00:00-04:00,43.959660503517284,44.51914639483874,43.69704574367017,44.42780303955078,31080,0.0,0.0
2005-06-10 00:00:00-04:00,44.427811345949024,44.610501575207074,44.01675920124999,44.450645446777344,35560,0.0,0.0
2005-06-13 00:00:00-04:00,44.850298170753426,44.987316773010264,44.49633983655757,44.80462646484375,34380,0.0,0.0
2005-06-14 00:00:00-04:00,45.07864538507598,45.21566394234831,44.644759094591386,44.918792724609375,46780,0.0,0.0
2005-06-15 00:00:00-04:00,45.21565698515366,45.83223342895508,44.941623397300376,45.83223342895508,44080,0.0,0.0
2005-06-16 00:00:00-04:00,45.832247566760664,45.866503953638166,43.38877513750154,43.445865631103516,87440,0.0,0.0
2005-06-17 00:00:00-04:00,43.21750595777648,44.051025814934526,41.08231998956547,43.75415802001953,135860,0.0,0.0
2005-06-20 00:00:00-04:00,43.75414069428908,43.95966500700493,42.31546005170008,42.46389389038086,77380,0.0,0.0
2005-06-21 00:00:00-04:00,42.44106018948284,42.612331613194186,41.67604643642839,41.77880859375,61820,0.0,0.0
2005-06-22 00:00:00-04:00,42.509573997512334,43.16040692430862,41.96150673196671,42.932044982910156,39120,0.0,0.0
2005-06-23 00:00:00-04:00,43.38876565297445,44.31363214406156,42.93204180399577,43.845489501953125,55840,0.0,0.0
2005-06-24 00:00:00-04:00,44.336470968408754,44.804613660382614,43.38877027464177,44.519161224365234,42660,0.0,0.0
2005-06-27 00:00:00-04:00,44.75892138358874,44.930192766434104,43.52576882091219,44.53055953979492,36000,0.0,0.0
2005-06-28 00:00:00-04:00,44.816046375735105,44.816046375735105,43.40020255019708,43.468711853027344,47460,0.0,0.0
2005-06-29 00:00:00-04:00,43.354520099588264,43.69706304432709,43.274592018671726,43.49153518676758,34300,0.0,0.0
2005-06-30 00:00:00-04:00,43.25174320509685,43.67421412112471,43.17181862944707,43.34309005737305,33100,0.0,0.0
2005-07-01 00:00:00-04:00,43.67421912018262,44.80460997697616,43.43443839673513,44.66759490966797,55820,0.0,0.0
2005-07-05 00:00:00-04:00,45.44403270024723,45.63814177142096,44.827456069058854,45.54679489135742,56120,0.0,0.0
2005-07-06 00:00:00-04:00,45.649555135171994,45.67239272534548,45.10148781627866,45.44403076171875,31360,0.0,0.0
2005-07-07 00:00:00-04:00,45.375512567328656,45.66096496582031,44.57624585155201,45.66096496582031,28300,0.0,0.0
2005-07-08 00:00:00-04:00,45.672389707295515,46.585837501441425,45.54678993869509,46.41456604003906,53040,0.0,0.0
2005-07-11 00:00:00-04:00,46.81419671384328,46.81419671384328,46.41456332726169,46.64292526245117,34600,0.0,0.0
2005-07-12 00:00:00-04:00,46.75712007103945,47.716239785847556,46.711448367387185,47.36227798461914,42080,0.0,0.0
2005-07-13 00:00:00-04:00,47.38509466589951,47.68196583541036,46.71142775189194,46.81418991088867,39000,0.0,0.0
2005-07-14 00:00:00-04:00,46.81419191360474,47.190987674220814,45.59245429180505,45.67238235473633,39940,0.0,0.0
2005-07-15 00:00:00-04:00,45.78657955203122,46.677189930055256,45.56963635579742,46.1976318359375,30080,0.0,0.0
2005-07-18 00:00:00-04:00,47.68197585819303,47.887500219387846,46.745690469357015,47.773319244384766,69300,0.0,0.0
2005-07-19 00:00:00-04:00,48.00167925443333,48.526912415125906,47.15674077046353,48.46982192993164,54700,0.0,0.0
2005-07-20 00:00:00-04:00,48.41274468252592,49.1092494892508,47.68198696912917,48.869468688964844,42900,0.0,0.0
2005-07-21 00:00:00-04:00,48.69819904380923,49.31477577911134,47.91035079956055,47.91035079956055,35020,0.0,0.0
2005-07-22 00:00:00-04:00,48.58400531509687,48.64109580312871,47.84182897068293,48.48124313354492,18380,0.0,0.0
2005-07-25 00:00:00-04:00,49.097810093237264,49.269081523795066,47.910328871608385,47.99025344848633,29980,0.0,0.0
2005-07-26 00:00:00-04:00,48.05875608989942,48.1843558185591,47.67054159774508,48.013084411621094,16720,0.0,0.0
2005-07-27 00:00:00-04:00,48.52690505981445,48.52690505981445,47.53352937419132,48.52690505981445,27920,0.0,0.0
2005-07-28 00:00:00-04:00,47.956005649158904,48.52691047831556,47.956005649158904,48.070186614990234,21340,0.0,0.0
2005-07-29 00:00:00-04:00,48.09301685416753,48.18436021906625,47.71621763377676,48.12726974487305,17940,0.0,0.0
2005-08-01 00:00:00-04:00,48.172939049879545,48.60682872305009,47.95599595555719,48.4127197265625,21600,0.0,0.0
2005-08-02 00:00:00-04:00,48.504063086953224,48.58399114068949,47.978833537917794,48.4127197265625,20880,0.0,0.0
2005-08-03 00:00:00-04:00,48.53832921598012,48.53832921598012,46.81419593700464,47.27091979980469,44220,0.0,0.0
2005-08-04 00:00:00-04:00,47.042569080814694,48.64110298161908,46.825625891182426,48.572593688964844,33880,0.0,0.0
2005-08-05 00:00:00-04:00,48.572564445704295,49.09779739379883,47.97882573072701,49.09779739379883,28600,0.0,0.0
2005-08-08 00:00:00-04:00,49.154900301765,49.21199077830595,48.41272410673254,48.52690505981445,22620,0.0,0.0
2005-08-09 00:00:00-04:00,48.001668403340794,48.412720500723815,46.30037302604601,47.339420318603516,59000,0.0,0.0
2005-08-10 00:00:00-04:00,47.36224420067046,49.3261574175882,46.848430060903915,49.200557708740234,47680,0.0,0.0
2005-08-11 00:00:00-04:00,49.200580284131185,49.44036102294922,48.81236567508266,49.44036102294922,27360,0.0,0.0
2005-08-12 00:00:00-04:00,48.67533072628366,49.5202724247385,48.24144457128705,48.70958709716797,26880,0.0,0.0
2005-08-15 00:00:00-04:00,47.9560033377665,47.9560033377665,43.525783470850044,44.176612854003906,241660,0.0,0.0
2005-08-16 00:00:00-04:00,44.530574718849586,44.530574718849586,43.38876511067396,43.4344367980957,78460,0.0,0.0
2005-08-17 00:00:00-04:00,43.38876601554913,44.576247335911496,43.21749457075091,44.40497589111328,58440,0.0,0.0
2005-08-18 00:00:00-04:00,44.41638704599676,46.01492025587839,43.674210912837424,45.74088668823242,45560,0.0,0.0
2005-08-19 00:00:00-04:00,46.27753332088697,46.32320848424374,45.455432648350936,45.695213317871094,31140,0.0,0.0
2005-08-22 00:00:00-04:00,46.48307894076335,46.50591304667882,45.55821228027344,45.55821228027344,31820,0.0,0.0
2005-08-23 00:00:00-04:00,45.56962091976326,45.78656404251079,44.93020685967082,45.04438781738281,41960,0.0,0.0
2005-08-24 00:00:00-04:00,45.45229453893996,46.58277610782534,44.53159492499423,45.51056671142578,80160,4.0,0.0
2005-08-25 00:00:00-04:00,45.568854632692386,45.68539901794224,43.64587227606982,44.78800582885742,48500,0.0,0.0
2005-08-26 00:00:00-04:00,44.78800110910674,44.89289389009993,43.99550079558222,44.18197250366211,37260,0.0,0.0
2005-08-29 00:00:00-04:00,43.937222125291214,46.61774230800128,43.70413341375121,45.33575439453125,46280,0.0,0.0
2005-08-30 00:00:00-04:00,44.86957263636743,45.650421167245185,44.64813909312857,45.545528411865234,25380,0.0,0.0
2005-08-31 00:00:00-04:00,45.545533215970345,47.48017025023123,45.545533215970345,46.769248962402344,66200,0.0,0.0
2005-09-01 00:00:00-04:00,47.37527406928562,47.608362748593294,46.25644769727857,47.10722351074219,36000,0.0,0.0
2005-09-02 00:00:00-04:00,47.66666043742319,47.67831558895852,46.32639981387706,46.67603302001953,25440,0.0,0.0
2005-09-06 00:00:00-04:00,46.61772809853523,47.142177539643754,45.149268952101295,45.83687973022461,37560,0.0,0.0
2005-09-07 00:00:00-04:00,46.38464831565997,46.4429204869108,45.14927757381218,45.41733169555664,28440,0.0,0.0
2005-09-08 00:00:00-04:00,45.417340803278016,46.03502451974296,44.92785304395168,45.265830993652344,21900,0.0,0.0
2005-09-09 00:00:00-04:00,45.160924861957504,45.6737191684148,44.74136459061955,44.869564056396484,31440,0.0,0.0
2005-09-12 00:00:00-04:00,44.3218287312264,45.32411116573183,44.29852198793471,44.613189697265625,31880,0.0,0.0
2005-09-13 00:00:00-04:00,44.57820549199353,44.822949292299306,43.552616827517724,43.75074005126953,46440,0.0,0.0
2005-09-14 00:00:00-04:00,43.70413834429188,44.03046115460184,43.12141649970132,43.78572082519531,37420,0.0,0.0
2005-09-15 00:00:00-04:00,44.03045187924049,44.28685085950862,41.897691799982496,43.284568786621094,55140,0.0,0.0
2005-09-16 00:00:00-04:00,43.28455933616638,43.58757527669271,42.014226971250594,42.30558776855469,43640,0.0,0.0
2005-09-19 00:00:00-04:00,41.97927602891355,43.12140922907725,41.97927602891355,43.06313705444336,50040,0.0,0.0
2005-09-20 00:00:00-04:00,42.46876294581032,44.1470009739499,42.46876294581032,44.06542205810547,44520,0.0,0.0
2005-09-21 00:00:00-04:00,44.450005974750646,45.324088434492666,44.1936105872167,45.05603790283203,31800,0.0,0.0
2005-09-22 00:00:00-04:00,45.452301458898184,45.452301458898184,43.657518984415624,44.147003173828125,31880,0.0,0.0
2005-09-23 00:00:00-04:00,44.053752261745075,44.112024420821456,43.3311760665378,43.680809020996094,15940,0.0,0.0
2005-09-26 00:00:00-04:00,43.680813703375854,44.240228624466,43.459380186479024,43.94886779785156,12600,0.0,0.0
2005-09-27 00:00:00-04:00,44.49663167876542,44.49663167876542,43.30788143550492,43.43608093261719,25280,0.0,0.0
2005-09-28 00:00:00-04:00,43.715792593116035,43.92557103019195,43.30788731029479,43.58759307861328,19020,0.0,0.0
2005-09-29 00:00:00-04:00,43.45939242708461,44.3917473348543,42.993214973199755,43.01652526855469,29800,0.0,0.0
2005-09-30 00:00:00-04:00,42.99320497449806,43.704126137667636,42.62026523211384,42.86500549316406,28280,0.0,0.0
2005-10-03 00:00:00-04:00,42.293945689057345,43.17968349777795,40.2078024473236,40.51081848144531,136460,0.0,0.0
2005-10-04 00:00:00-04:00,39.648382716731554,40.35930028850044,36.793046615306665,37.25922393798828,198120,0.0,0.0
2005-10-05 00:00:00-04:00,36.16369905719596,37.29418032083124,35.07983836428188,35.417816162109375,155460,0.0,0.0
2005-10-06 00:00:00-04:00,35.079842440707736,35.1381146042305,33.15686104445631,34.007633209228516,214660,0.0,0.0
2005-10-07 00:00:00-04:00,33.68131976522458,36.76974528002891,33.68131976522458,36.59492874145508,145140,0.0,0.0
2005-10-10 00:00:00-04:00,37.70210417532916,38.31978792153775,36.61824294318141,37.03779983520508,72940,0.0,0.0
2005-10-11 00:00:00-04:00,37.142684937022565,37.87691290294218,36.79305189484156,37.620513916015625,44720,0.0,0.0
2005-10-12 00:00:00-04:00,38.26150707249432,38.4596338818187,36.61823465195572,36.80470275878906,40180,0.0,0.0
2005-10-13 00:00:00-04:00,36.420097646333105,36.59491411503551,34.39222732071531,34.97494888305664,63920,0.0,0.0
2005-10-14 00:00:00-04:00,34.963305793903686,36.02386011431571,34.497128383318305,35.75580596923828,28860,0.0,0.0
2005-10-17 00:00:00-04:00,36.86297485674471,36.86297485674471,34.96330345817752,35.70918655395508,29780,0.0,0.0
2005-10-18 00:00:00-04:00,35.720840037479334,36.21032768577566,33.797858436766745,34.147491455078125,61120,0.0,0.0
2005-10-19 00:00:00-04:00,33.79785919189453,34.485470098606314,32.970393652073106,34.38058090209961,52980,0.0,0.0
2005-10-20 00:00:00-04:00,34.252381915731696,35.16142993094415,32.6324162489872,32.970394134521484,55860,0.0,0.0
2005-10-21 00:00:00-04:00,32.64407410044162,32.97039686731877,31.75833630322328,32.329402923583984,61000,0.0,0.0
2005-10-24 00:00:00-04:00,32.28279125794847,33.599741247615526,32.00308547462516,33.27341842651367,47580,0.0,0.0
2005-10-25 00:00:00-04:00,34.96331176190854,34.96331176190854,33.599741180533314,34.299007415771484,54220,0.0,0.0
2005-10-26 00:00:00-04:00,34.380570869304485,34.8117862316812,34.08921009922563,34.333953857421875,33640,0.0,0.0
2005-10-27 00:00:00-04:00,34.96329821841255,34.96329821841255,33.09858898009721,33.389949798583984,28920,0.0,0.0
2005-10-28 00:00:00-04:00,32.65572117514909,33.80950927734375,32.632410887569186,33.80950927734375,23420,0.0,0.0
2005-10-31 00:00:00-05:00,32.51588060958134,33.71628624885129,32.34106404716423,33.06364059448242,61380,0.0,0.0
2005-11-01 00:00:00-05:00,32.853848155796165,32.993702783992376,32.50421514195658,32.57414245605469,30600,0.0,0.0
2005-11-02 00:00:00-05:00,32.574145204933515,33.168522089949484,32.527528177151154,33.02866744995117,27220,0.0,0.0
2005-11-03 00:00:00-05:00,33.21514665669058,34.56706210913541,33.21514665669058,34.159156799316406,43280,0.0,0.0
2005-11-04 00:00:00-05:00,34.71856315318915,34.788490478546684,33.6580087957792,34.135841369628906,19880,0.0,0.0
2005-11-07 00:00:00-05:00,34.019291808210575,34.87006761603688,33.564769597902504,34.765174865722656,43180,0.0,0.0
2005-11-08 00:00:00-05:00,34.96331173241298,36.68816702188456,34.78849517375092,35.87235641479492,48820,0.0,0.0
2005-11-09 00:00:00-05:00,36.12875194357306,38.15662311552715,35.953935401910606,37.92353439331055,63480,0.0,0.0
2005-11-10 00:00:00-05:00,37.92351908151204,38.04006339556503,36.43175328429388,37.375762939453125,44500,0.0,0.0
2005-11-11 00:00:00-05:00,37.29418896626446,37.37577142728857,35.25466300717187,36.95621109008789,51640,0.0,0.0
2005-11-14 00:00:00-05:00,37.17763979615454,38.401355212642386,36.187013030426286,38.063377380371094,44920,0.0,0.0
2005-11-15 00:00:00-05:00,38.16826220263202,38.21487921612963,36.07046458538812,36.385135650634766,37600,0.0,0.0
2005-11-16 00:00:00-05:00,36.4317652394202,37.294192735088856,35.31293874603726,35.82573318481445,38640,0.0,0.0
2005-11-17 00:00:00-05:00,36.13375344793821,36.548403077668645,35.565092544776746,35.94419860839844,25980,2.5,0.0
2005-11-18 00:00:00-05:00,35.89681757531623,36.21669165335889,35.34000080700745,35.51770782470703,36880,0.0,0.0
2005-11-21 00:00:00-05:00,35.30445341341904,36.07451699458422,35.25706560843889,35.60063171386719,34320,0.0,0.0
2005-11-22 00:00:00-05:00,35.2689074130426,35.588777753377045,34.771326507468366,34.90164566040039,38760,0.0,0.0
2005-11-23 00:00:00-05:00,34.65287800638052,34.81873721220804,33.61033132792792,33.75249481201172,58500,0.0,0.0
2005-11-25 00:00:00-05:00,33.7524812126047,35.22152498232682,33.5392342646698,35.091209411621094,18560,0.0,0.0
2005-11-28 00:00:00-05:00,35.09121542912687,35.55325297252223,33.3378372742083,33.50369644165039,40900,0.0,0.0
2005-11-29 00:00:00-05:00,33.480003948649546,34.3448433501185,33.27860120917717,33.491851806640625,38860,0.0,0.0
2005-11-30 00:00:00-05:00,33.32598514143699,34.27375582291926,33.2904451870647,34.14344024658203,29100,0.0,0.0
2005-12-01 00:00:00-05:00,34.14343720804542,35.43477392355307,34.072353690168555,34.487003326416016,34060,0.0,0.0
2005-12-02 00:00:00-05:00,34.35668112293686,34.94903769402198,34.024962889312235,34.17897415161133,27480,0.0,0.0
2005-12-05 00:00:00-05:00,34.510696692986485,34.74763935099657,34.00127142444801,34.10789489746094,29160,0.0,0.0
2005-12-06 00:00:00-05:00,34.06049975033464,34.48699716595202,33.95387630029461,34.3566780090332,32600,0.0,0.0
2005-12-07 00:00:00-05:00,34.35668720373225,34.88980821206603,33.78802624102618,34.14344024658203,40860,0.0,0.0
2005-12-08 00:00:00-05:00,33.88279724121094,34.23821119828658,33.764325922185726,33.88279724121094,34920,0.0,0.0
2005-12-09 00:00:00-05:00,33.85910283641416,34.226364662640975,33.37337330205321,33.42076110839844,34480,0.0,0.0
2005-12-12 00:00:00-05:00,33.42076630142867,33.76433247013839,33.053504418135475,33.207515716552734,49360,0.0,0.0
2005-12-13 00:00:00-05:00,32.9468843994397,33.23121492706076,32.401915445815035,32.461151123046875,65740,0.0,0.0
2005-12-14 00:00:00-05:00,32.28343858209158,33.29044492318434,32.22420291496847,33.160125732421875,43400,0.0,0.0
2005-12-15 00:00:00-05:00,33.148289163643355,33.31415198043462,32.342685262626176,32.745487213134766,35280,0.0,0.0
2005-12-16 00:00:00-05:00,32.41375471605214,33.33782958984375,32.4019068606532,33.33782958984375,77720,0.0,0.0
2005-12-19 00:00:00-05:00,33.05351627024462,33.337846869907466,32.603326455400094,32.63886642456055,42160,0.0,0.0
2005-12-20 00:00:00-05:00,32.69808864241597,32.99426698156828,31.99910848510814,32.10573196411133,34460,0.0,0.0
2005-12-21 00:00:00-05:00,32.01095264904339,32.17681177674385,31.465983844778037,31.6199951171875,50640,0.0,0.0
2005-12-22 00:00:00-05:00,31.48968352954016,31.631850596381533,30.056181272544,30.719619750976562,91680,0.0,0.0
2005-12-23 00:00:00-05:00,30.447128537845828,30.70776688201824,29.795536292872473,30.044326782226562,58260,0.0,0.0
2005-12-27 00:00:00-05:00,29.617836570131544,29.99694451668337,29.14395118500944,29.179492950439453,84300,0.0,0.0
2005-12-28 00:00:00-05:00,29.025473209974038,29.842924589530735,28.148786170805145,29.40458106994629,76360,0.0,0.0
2005-12-29 00:00:00-05:00,29.688917300142702,29.688917300142702,28.72929876270902,28.835922241210938,59200,0.0,0.0
2005-12-30 00:00:00-05:00,28.729291915893555,28.966234529632885,28.338336241677926,28.729291915893555,54740,0.0,0.0
2006-01-03 00:00:00-05:00,28.729299699885903,29.5230573094297,28.314650013495797,29.428279876708984,60440,0.0,0.0
2006-01-04 00:00:00-05:00,29.617833369516823,30.612991847640952,29.440126369299723,30.458980560302734,55560,0.0,0.0
2006-01-05 00:00:00-05:00,30.56561238588743,31.311980544475432,30.103574782215848,30.968414306640625,52480,0.0,0.0
2006-01-06 00:00:00-05:00,31.027642610886296,31.868789831386295,30.57745297394966,31.01579475402832,42920,0.0,0.0
2006-01-09 00:00:00-05:00,30.80254877474825,31.513376823396285,30.68407743330691,31.157962799072266,37080,0.0,0.0
2006-01-10 00:00:00-05:00,30.944714313773954,31.33566827518273,30.802547264829904,30.921018600463867,18660,0.0,0.0
2006-01-11 00:00:00-05:00,30.802541412109253,31.157955351479742,30.684070098985757,30.83808135986328,21320,0.0,0.0
2006-01-12 00:00:00-05:00,30.802547822746146,30.802547822746146,29.949554552277466,30.19834327697754,41180,0.0,0.0
2006-01-13 00:00:00-05:00,29.842921334642096,30.091711800969932,29.617826575757807,29.985088348388672,26400,0.0,0.0
2006-01-17 00:00:00-05:00,29.47566795349121,29.97324718955862,29.357196620726157,29.47566795349121,34360,0.0,0.0
2006-01-18 00:00:00-05:00,29.238716775299547,29.677060217363596,28.918844631508403,29.132091522216797,38640,0.0,0.0
2006-01-19 00:00:00-05:00,29.380885469463898,29.771841161853324,28.94254197521523,29.5704402923584,19860,0.0,0.0
2006-01-20 00:00:00-05:00,29.451969845062635,29.819229839581055,29.33349852920595,29.629676818847656,27160,0.0,0.0
2006-01-23 00:00:00-05:00,28.94256145480415,29.973262204643113,28.94256145480415,29.71262550354004,39020,0.0,0.0
2006-01-24 00:00:00-05:00,29.85477665237745,31.122421392927567,29.736305316455315,31.086877822875977,48040,0.0,0.0
2006-01-25 00:00:00-05:00,31.371219114316126,31.394914835847732,30.50637951030487,30.660390853881836,30920,0.0,0.0
2006-01-26 00:00:00-05:00,30.80254988536015,31.110576107305462,30.470831563547385,30.89732551574707,23860,0.0,0.0
2006-01-27 00:00:00-05:00,30.897318208402456,30.992097431832242,30.672223427875466,30.861778259277344,16200,0.0,0.0
2006-01-30 00:00:00-05:00,30.802557728408612,31.335678919861838,30.648546385950354,31.229055404663086,33260,0.0,0.0
2006-01-31 00:00:00-05:00,31.027645702752416,31.264588401689753,30.68407951238501,31.039493560791016,24100,0.0,0.0
2006-02-01 00:00:00-05:00,30.755160623491573,31.20535026984104,30.565605756175554,30.57745361328125,23300,0.0,0.0
2006-02-02 00:00:00-05:00,30.57745770193298,30.57745770193298,29.949559153684813,30.174654006958008,21760,0.0,0.0
2006-02-03 00:00:00-05:00,30.21018787747223,30.565601852501313,29.91400956494799,30.411590576171875,21600,0.0,0.0
2006-02-06 00:00:00-05:00,30.577456020954944,31.27643625972835,30.53006820425921,31.039493560791016,37640,0.0,0.0
2006-02-07 00:00:00-05:00,31.09873582944825,32.852110727172416,31.03950014215406,32.745487213134766,89220,0.0,0.0
2006-02-08 00:00:00-05:00,32.87579501912634,33.029806306366005,31.999107875041275,32.66254806518555,45540,0.0,0.0
2006-02-09 00:00:00-05:00,33.16013427317629,33.51554836745569,32.3545304389933,32.852108001708984,35320,0.0,0.0
2006-02-10 00:00:00-05:00,32.93503452177591,32.93503452177591,31.987263744170846,32.911338806152344,31040,0.0,0.0
2006-02-13 00:00:00-05:00,33.17196904376783,33.46814733880147,31.856936690726922,31.880632400512695,31060,0.0,0.0
2006-02-14 00:00:00-05:00,32.78103031630843,33.05351302770071,31.394913807672715,32.81657028198242,54000,0.0,0.0
2006-02-15 00:00:00-05:00,32.66254939474955,33.148278989104405,32.57961801180889,33.01796340942383,26540,0.0,0.0
2006-02-16 00:00:00-05:00,33.14827325967917,33.14827325967917,32.14126705882203,32.16496276855469,45320,0.0,0.0
2006-02-17 00:00:00-05:00,32.567769450097295,32.567769450097295,31.702930145955822,32.10573196411133,41440,0.0,0.0
2006-02-21 00:00:00-05:00,32.71611089285752,33.05791951648966,31.568606255881527,31.654056549072266,60460,4.0,0.0
2006-02-22 00:00:00-05:00,31.434315153668795,31.629635915244343,30.51875257637747,31.16575050354004,43500,0.0,0.0
2006-02-23 00:00:00-05:00,31.007051763608473,31.72729355948747,30.57978923930678,31.495351791381836,26920,0.0,0.0
2006-02-24 00:00:00-05:00,31.739506178685282,31.824960185493833,31.12913105986441,31.47093963623047,21720,0.0,0.0
2006-02-27 00:00:00-05:00,31.73950267943257,31.98365270004359,31.153542257422753,31.16575050354004,24860,0.0,0.0
2006-02-28 00:00:00-05:00,31.12912439164661,31.373274386875213,30.76289939880371,30.76289939880371,19040,0.0,0.0
2006-03-01 00:00:00-05:00,30.872773705103295,31.37328206286621,30.872773705103295,31.141340255737305,12000,0.0,0.0
2006-03-02 00:00:00-05:00,31.373279115192023,31.373279115192023,30.872770804454333,31.019262313842773,15940,0.0,0.0
2006-03-03 00:00:00-05:00,30.848356179689723,31.37327912118682,30.54316863960036,31.226789474487305,16980,0.0,0.0
2006-03-06 00:00:00-05:00,31.251206360076605,31.27562285521906,30.592001971005562,30.71407699584961,18320,0.0,0.0
2006-03-07 00:00:00-05:00,30.592005678003023,30.95823079691263,30.042667999638606,30.262401580810547,33620,0.0,0.0
2006-03-08 00:00:00-05:00,30.030450848248847,30.37226123044706,29.847338343076597,30.237977981567383,22200,0.0,0.0
2006-03-09 00:00:00-05:00,30.592008589431412,30.592008589431412,29.273597663340755,29.481124877929688,30400,0.0,0.0
2006-03-10 00:00:00-05:00,29.847335638459196,30.213560615618203,29.31020641704594,29.603185653686523,46920,0.0,0.0
2006-03-13 00:00:00-05:00,29.82293304001026,30.38447711382624,29.334632873535156,29.334632873535156,37640,0.0,0.0
2006-03-14 00:00:00-05:00,29.603185873435223,30.091485846605288,29.38345051296538,30.05486297607422,25840,0.0,0.0
2006-03-15 00:00:00-05:00,30.054886069113635,30.152546511329557,29.74969835138763,30.128131866455078,16100,0.0,0.0
2006-03-16 00:00:00-05:00,29.944995518250195,30.14031438526411,29.432280931103453,29.456695556640625,21460,0.0,0.0
2006-03-17 00:00:00-05:00,29.542168031027217,29.725280642789784,29.432301209056803,29.444507598876953,21120,0.0,0.0
2006-03-20 00:00:00-05:00,29.664231938693074,30.14032380496797,29.52994866219651,29.554365158081055,33700,0.0,0.0
2006-03-21 00:00:00-05:00,29.786303717115146,30.3356412856685,29.66422870188107,30.152528762817383,24220,0.0,0.0
2006-03-22 00:00:00-05:00,30.44550610765216,30.44550610765216,29.78630181262344,29.94499969482422,28160,0.0,0.0
2006-03-23 00:00:00-05:00,30.213568648902186,30.811735525551207,29.969418599214087,30.71407699584961,29080,0.0,0.0
2006-03-24 00:00:00-05:00,30.884976756665132,31.617426798325177,30.530959981616157,31.495351791381836,30600,0.0,0.0
2006-03-27 00:00:00-05:00,31.739501329252814,32.105726344590344,31.068088801134003,31.93482208251953,26900,0.0,0.0
2006-03-28 00:00:00-05:00,32.349892352276065,32.41092988501621,31.739517024874626,31.91042137145996,26320,0.0,0.0
2006-03-29 00:00:00-05:00,31.922607421875,31.99585315531002,31.739494951003824,31.922607421875,19600,0.0,0.0
2006-03-30 00:00:00-05:00,31.81276422830399,31.922631047049947,30.408900912659348,30.543182373046875,57680,0.0,0.0
2006-03-31 00:00:00-05:00,31.446520225128513,31.446520225128513,30.396674497400706,30.591995239257812,17160,0.0,0.0
2006-04-03 00:00:00-04:00,31.17797258780655,31.17797258780655,30.518767945275705,30.61642837524414,18140,0.0,0.0
2006-04-04 00:00:00-04:00,30.555368912038738,30.762896012596297,30.457708552153875,30.701858520507812,14440,0.0,0.0
2006-04-05 00:00:00-04:00,30.775108833411736,31.33665458923343,30.714071332244888,31.129125595092773,23420,0.0,0.0
2006-04-06 00:00:00-04:00,31.12912351434881,31.397689991704695,30.823936028914016,30.884973526000977,14320,0.0,0.0
2006-04-07 00:00:00-04:00,31.23899184862051,31.23899184862051,30.70186259209596,30.775108337402344,12520,0.0,0.0
2006-04-10 00:00:00-04:00,30.88497685923246,31.092503999181968,30.518751837186223,30.530960083007812,13000,0.0,0.0
2006-04-11 00:00:00-04:00,30.518755727378082,30.726282893780848,30.43330358388483,30.567584991455078,17120,0.0,0.0
2006-04-12 00:00:00-04:00,30.49434858198401,30.897196629031725,29.945010844023713,30.73849868774414,49640,0.0,0.0
2006-04-13 00:00:00-04:00,30.738496130600108,30.738496130600108,30.34785636642482,30.518760681152344,18620,0.0,0.0
2006-04-17 00:00:00-04:00,30.518745291958297,30.66523489681642,29.99382250039334,30.10369110107422,28680,0.0,0.0
2006-04-18 00:00:00-04:00,30.11591432534778,30.82394998466779,30.030462163280305,30.44551658630371,28600,0.0,0.0
2006-04-19 00:00:00-04:00,30.44550602481134,31.12912680963915,30.384468521263027,31.116918563842773,30040,0.0,0.0
2006-04-20 00:00:00-04:00,31.129126770551814,31.72729355948747,31.129126770551814,31.495351791381836,29740,0.0,0.0
2006-04-21 00:00:00-04:00,31.78833682983312,32.77714531054536,31.739507563284146,32.74052429199219,30980,0.0,0.0
2006-04-24 00:00:00-04:00,32.923630199987194,33.93685124704574,32.594026197702206,33.86360549926758,48520,0.0,0.0
2006-04-25 00:00:00-04:00,34.18101702779316,34.5350339590654,34.071150218148006,34.461788177490234,43880,0.0,0.0
2006-04-26 00:00:00-04:00,34.49841257713505,35.1576171536795,34.18101667718841,34.31529998779297,40580,0.0,0.0
2006-04-27 00:00:00-04:00,34.18100868024496,34.693725300622354,32.22780818423096,33.33869171142578,43840,0.0,0.0
2006-04-28 00:00:00-04:00,33.16778795892885,33.717125607472816,33.009088180755526,33.52180480957031,12640,0.0,0.0
2006-05-01 00:00:00-04:00,32.984670568964354,32.984670568964354,31.15354347981568,31.36107063293457,78340,0.0,0.0
2006-05-02 00:00:00-04:00,31.409907452419993,31.983661651611328,31.409907452419993,31.983661651611328,28440,0.0,0.0
2006-05-03 00:00:00-04:00,31.91040870331363,31.91040870331363,31.2634126032939,31.5075626373291,20940,0.0,0.0
2006-05-04 00:00:00-04:00,31.409899637434023,31.971445447375014,31.275620102272427,31.87378692626953,16960,0.0,0.0
2006-05-05 00:00:00-04:00,31.959232159380726,32.313252624768175,31.739498658838965,31.885990142822266,16900,0.0,0.0
2006-05-08 00:00:00-04:00,31.92261541265804,32.22780294050372,31.129127840259276,31.8249568939209,18880,0.0,0.0
2006-05-09 00:00:00-04:00,31.6052209242131,31.91040846447285,31.373279138702454,31.8493709564209,17660,0.0,0.0
2006-05-10 00:00:00-04:00,31.824954293176535,31.861575303351863,31.373275298702794,31.812746047973633,16860,0.0,0.0
2006-05-11 00:00:00-04:00,31.6784730473751,32.789356662331436,31.336664423742963,31.654056549072266,20780,0.0,0.0
2006-05-12 00:00:00-04:00,31.739507145312118,31.739507145312118,30.884981952938332,31.141340255737305,21240,0.0,0.0
2006-05-15 00:00:00-04:00,30.884990543141686,30.897198794372265,30.067088004068413,30.604217529296875,33400,0.0,0.0
2006-05-16 00:00:00-04:00,30.60420966956361,31.019265889480142,30.60420966956361,30.946020126342773,14040,0.0,0.0
2006-05-17 00:00:00-04:00,30.56758011833409,31.14133412471385,30.10369659540444,30.237977981567383,55680,0.0,0.0
2006-05-18 00:00:00-04:00,30.15253202201393,30.518757107301546,29.78630693672631,29.969419479370117,29720,0.0,0.0
2006-05-19 00:00:00-04:00,30.091490385740602,30.506544680457182,30.030452879887175,30.48213005065918,31120,0.0,0.0
2006-05-22 00:00:00-04:00,29.82293126446432,30.970435842275748,29.6764415957867,30.030458450317383,32260,0.0,0.0
2006-05-23 00:00:00-04:00,29.61539231284798,31.01925465014912,29.61539231284798,29.883956909179688,28780,0.0,0.0
2006-05-24 00:00:00-04:00,29.90942820325349,30.787619148146202,28.763960740150168,29.06941795349121,50600,5.0,0.0
2006-05-25 00:00:00-04:00,29.273048070074466,29.56577893918501,28.76395158189926,29.00577163696289,17400,0.0,0.0
2006-05-26 00:00:00-04:00,29.018507301414402,29.273055611075932,28.95487022399902,28.954870223999023,21800,0.0,0.0
2006-05-30 00:00:00-04:00,28.95486477430412,29.056684467414794,28.636679447113966,28.725770950317383,23060,0.0,0.0
2006-05-31 00:00:00-04:00,28.827587123363386,29.71850593070795,28.827587123363386,29.43850326538086,30360,0.0,0.0
2006-06-01 00:00:00-04:00,28.78940262642279,29.998506643402937,28.776676380946988,29.883960723876953,15560,0.0,0.0
2006-06-02 00:00:00-04:00,30.100337278458838,30.100337278458838,29.336692358075105,29.68033218383789,16860,0.0,0.0
2006-06-05 00:00:00-04:00,29.845776491119395,29.845776491119395,28.98031222151729,29.094860076904297,18380,0.0,0.0
2006-06-06 00:00:00-04:00,28.700316499184908,29.29850452561397,28.178491786016444,28.560314178466797,29120,0.0,0.0
2006-06-07 00:00:00-04:00,28.560315800559675,29.22214287203494,28.560315800559675,28.789409637451172,15600,0.0,0.0
2006-06-08 00:00:00-04:00,28.636680414787406,28.662134853412937,26.727568387134912,28.089401245117188,37660,0.0,0.0
2006-06-09 00:00:00-04:00,27.885759249608963,28.28030783912929,27.42757166082209,28.00030517578125,15020,0.0,0.0
2006-06-12 00:00:00-04:00,27.771215054333435,28.000308879026203,26.803932821923823,27.007570266723633,36280,0.0,0.0
2006-06-13 00:00:00-04:00,26.77846936291804,27.00756312704795,25.913007052725106,25.989370346069336,42280,0.0,0.0
2006-06-14 00:00:00-04:00,25.900277982064345,28.216666091313463,25.454818655591495,27.745752334594727,55020,0.0,0.0
2006-06-15 00:00:00-04:00,28.458494575029302,28.99304550125493,27.885761023634206,28.891225814819336,40060,0.0,0.0
2006-06-16 00:00:00-04:00,28.89122960210091,31.81853480407589,28.840320723234086,30.991252899169922,86220,0.0,0.0
2006-06-19 00:00:00-04:00,30.596703021833516,31.81853556432324,30.482157070621668,31.411258697509766,47600,0.0,0.0
2006-06-20 00:00:00-04:00,31.245794080739994,32.58217223897938,31.245794080739994,32.0858039855957,47960,0.0,0.0
2006-06-21 00:00:00-04:00,32.607637566473976,33.09127776478131,32.18763055669255,32.658546447753906,34460,0.0,0.0
2006-06-22 00:00:00-04:00,32.68400127597941,33.256734970423665,31.90763009985132,32.97673416137695,41360,0.0,0.0
2006-06-23 00:00:00-04:00,32.98946781980424,33.727656483539995,32.74764377924635,33.58765411376953,27740,0.0,0.0
2006-06-26 00:00:00-04:00,33.34581941938669,34.04582707895397,33.34581941938669,33.79127883911133,31880,0.0,0.0
2006-06-27 00:00:00-04:00,33.60037733775902,34.08401757913261,33.15491778972055,33.51128387451172,26920,0.0,0.0
2006-06-28 00:00:00-04:00,33.43491724251115,34.35128869568315,33.15491258831785,33.829463958740234,27640,0.0,0.0
2006-06-29 00:00:00-04:00,33.80401055712981,34.23674183322075,32.65854335824882,33.85491943359375,37060,0.0,0.0
2006-06-30 00:00:00-04:00,33.66400083784725,33.91854904834137,33.10399555157968,33.62582015991211,22720,0.0,0.0
2006-07-03 00:00:00-04:00,33.345818743254554,33.71491290672292,32.874902955454964,33.422183990478516,21540,0.0,0.0
2006-07-05 00:00:00-04:00,33.28219416957336,34.36402457279085,32.68400404003692,34.16038513183594,35560,0.0,0.0
2006-07-06 00:00:00-04:00,34.30038186799436,34.618567228550894,33.74037641023459,34.376747131347656,32220,0.0,0.0
2006-07-07 00:00:00-04:00,34.453107718571914,34.936747847336605,34.04582895869778,34.56765365600586,23240,0.0,0.0
2006-07-10 00:00:00-04:00,35.00038793414564,35.19129914105916,34.6185655203186,34.92402267456055,28120,0.0,0.0
2006-07-11 00:00:00-04:00,34.92402031488474,35.191296763324566,34.554926116609835,34.93674850463867,27460,0.0,0.0
2006-07-12 00:00:00-04:00,34.936756120103425,35.127667355732406,34.75857307700285,34.77130126953125,16840,0.0,0.0
2006-07-13 00:00:00-04:00,34.50402601889411,34.733117956349,33.53674161300838,34.351295471191406,29860,0.0,0.0
2006-07-14 00:00:00-04:00,34.27492315964124,34.35128841781245,33.473097659089476,34.22401428222656,20920,0.0,0.0
2006-07-17 00:00:00-04:00,33.82945241766149,34.236731069525156,33.35854060329728,33.663997650146484,21760,0.0,0.0
2006-07-18 00:00:00-04:00,33.307638186791046,34.16037244571759,33.307638186791046,33.91855239868164,16380,0.0,0.0
2006-07-19 00:00:00-04:00,33.98220307466255,35.305853653559865,33.98220307466255,34.89857864379883,30040,0.0,0.0
2006-07-20 00:00:00-04:00,35.38219975898881,35.38219975898881,34.13491513407344,34.50400924682617,14700,0.0,0.0
2006-07-21 00:00:00-04:00,34.5040163098852,34.75856456169683,33.3585491767329,34.631290435791016,16600,0.0,0.0
2006-07-24 00:00:00-04:00,34.63127636627443,35.20400970016839,34.63127636627443,35.10218811035156,19720,0.0,0.0
2006-07-25 00:00:00-04:00,35.318560656678464,35.50947179536322,34.69491838046103,35.344017028808594,19640,0.0,0.0
2006-07-26 00:00:00-04:00,35.38221155305527,36.120400024623464,35.191300339639504,35.82767105102539,27520,0.0,0.0
2006-07-27 00:00:00-04:00,35.63674727153399,36.642211864161396,35.420379752317935,35.75129318237305,28180,0.0,0.0
2006-07-28 00:00:00-04:00,35.82767050595308,36.59131534799826,35.82767050595308,36.120399475097656,20000,0.0,0.0
2006-07-31 00:00:00-04:00,36.24767070349387,36.78222360362177,35.78948694235362,36.591312408447266,17620,0.0,0.0
2006-08-01 00:00:00-04:00,36.782214923705524,37.01130675021425,36.27311852337742,36.28584671020508,22880,0.0,0.0
2006-08-02 00:00:00-04:00,36.90951383886175,37.41861058146674,36.285871105990616,37.0622444152832,21360,0.0,0.0
2006-08-03 00:00:00-04:00,37.16404902108797,37.5458714425375,36.947681428627156,37.278594970703125,18300,0.0,0.0
2006-08-04 00:00:00-04:00,37.54587586865092,37.711330717144364,36.87132439820966,36.985870361328125,18160,0.0,0.0
2006-08-07 00:00:00-04:00,37.22769214759193,38.093154890033034,37.22769214759193,37.762245178222656,21460,0.0,0.0
2006-08-08 00:00:00-04:00,38.16951519781439,39.633167861063114,37.90223871727098,39.17498016357422,92920,0.0,0.0
2006-08-09 00:00:00-04:00,39.49316187956401,40.02771479130663,38.18223986452143,38.2840576171875,41820,0.0,0.0
2006-08-10 00:00:00-04:00,38.18224092151443,38.2840586769991,37.18950421119441,37.3676872253418,29500,0.0,0.0
2006-08-11 00:00:00-04:00,36.87132464639081,38.38588633006027,36.87132464639081,37.91497039794922,17020,0.0,0.0
2006-08-14 00:00:00-04:00,38.373161234819484,38.373161234819484,34.77130387321745,35.35676193237305,79280,0.0,0.0
2006-08-15 00:00:00-04:00,35.57311424272603,36.69312487275777,35.38220307505487,36.57857894897461,44920,0.0,0.0
2006-08-16 00:00:00-04:00,37.03677455586268,38.080424052313326,36.909500416495455,37.17677688598633,36200,0.0,0.0
2006-08-17 00:00:00-04:00,37.16404336582313,37.80041397140229,36.90949512359146,36.99858856201172,32500,0.0,0.0
2006-08-18 00:00:00-04:00,36.998602298071766,37.78769981149063,36.998602298071766,37.482242584228516,22820,0.0,0.0
2006-08-21 00:00:00-04:00,37.800422079611145,38.42406463003076,37.4567803252479,37.927696228027344,45460,0.0,0.0
2006-08-22 00:00:00-04:00,38.18223958017734,39.034977817773935,38.10587432419733,38.84406661987305,54220,0.0,0.0
2006-08-23 00:00:00-04:00,38.89634606343639,38.89634606343639,36.98812402619256,37.641624450683594,33840,4.0,0.0
2006-08-24 00:00:00-04:00,37.550142275200315,37.90303418897185,36.674453878507805,37.81154251098633,22240,0.0,0.0
2006-08-25 00:00:00-04:00,37.66777274678188,37.90303134588222,36.6352387019562,37.77233123779297,24380,0.0,0.0
2006-08-28 00:00:00-04:00,37.88994929048933,38.00757855512367,36.97504880543402,37.09267807006836,39640,0.0,0.0
2006-08-29 00:00:00-04:00,37.06654419187654,37.06654419187654,35.94252268473307,36.661373138427734,27520,0.0,0.0
2006-08-30 00:00:00-04:00,36.85742013067477,36.85742013067477,35.82489036446026,35.916378021240234,33180,0.0,0.0
2006-08-31 00:00:00-04:00,35.641914208090355,35.641914208090355,34.1127216424515,35.02762222290039,46280,0.0,0.0
2006-09-01 00:00:00-04:00,34.635531410556894,35.654990739633604,34.4656228519278,35.380523681640625,27180,0.0,0.0
2006-09-05 00:00:00-04:00,34.54402891110691,35.51121267617962,34.54402891110691,35.132179260253906,25920,0.0,0.0
2006-09-06 00:00:00-04:00,34.89693168465418,35.11912348185211,33.58993049796301,34.243431091308594,48700,0.0,0.0
2006-09-07 00:00:00-04:00,34.04737137280978,34.12579221976697,33.48536261547482,33.98202133178711,24580,0.0,0.0
2006-09-08 00:00:00-04:00,34.2826398679161,34.6224609775212,32.93643022787225,32.949501037597656,34200,0.0,0.0
2006-09-11 00:00:00-04:00,32.949501562333595,32.949501562333595,31.145839479408473,32.361351013183594,53800,0.0,0.0
2006-09-12 00:00:00-04:00,32.701156504641496,33.655267396694285,32.26984588282862,33.040977478027344,17500,0.0,0.0
2006-09-13 00:00:00-04:00,33.171687343325196,33.83825668816713,32.96256637573242,32.96256637573242,16160,0.0,0.0
2006-09-14 00:00:00-04:00,32.7665162164862,33.524577231103315,32.68809734938293,32.96256637573242,18700,0.0,0.0
2006-09-15 00:00:00-04:00,33.420014273116294,33.73369570128261,33.08019521884262,33.459224700927734,18860,0.0,0.0
2006-09-18 00:00:00-04:00,33.52456812839926,33.877459914684366,33.52456812839926,33.75982666015625,15700,0.0,0.0
2006-09-19 00:00:00-04:00,33.851330979377806,34.30878139801805,33.75983930018931,33.90361022949219,23540,0.0,0.0
2006-09-20 00:00:00-04:00,33.90359742518962,34.32183924545032,33.32851791381836,33.32851791381836,15300,0.0,0.0
2006-09-21 00:00:00-04:00,33.328514401523975,33.825173020675244,33.276235176663185,33.51149368286133,20140,0.0,0.0
2006-09-22 00:00:00-04:00,33.328531829404156,33.40695270202713,32.387491329556696,32.478981018066406,25580,0.0,0.0
2006-09-25 00:00:00-04:00,32.53124520057031,32.53124520057031,31.694765586933695,32.060726165771484,32220,0.0,0.0
2006-09-26 00:00:00-04:00,31.956165972238498,33.30237704396257,31.956165972238498,33.18474578857422,23920,0.0,0.0
2006-09-27 00:00:00-04:00,33.19782691097117,34.08658603596209,33.19782691097117,33.746768951416016,14660,0.0,0.0
2006-09-28 00:00:00-04:00,34.07352501349141,34.07352501349141,33.341603497920815,33.393882751464844,11860,0.0,0.0
2006-09-29 00:00:00-04:00,33.4853568750717,33.916665476421976,33.276235981918816,33.72061538696289,9460,0.0,0.0
2006-10-02 00:00:00-04:00,33.720623697615224,33.96895307440249,33.158612903789944,33.406944274902344,9640,0.0,0.0
2006-10-03 00:00:00-04:00,33.26317107141801,33.302381495121615,31.8254701606691,32.17835998535156,30960,0.0,0.0
2006-10-04 00:00:00-04:00,31.799340498878443,33.11941055181096,31.655569565061,32.72731018066406,34180,0.0,0.0
2006-10-05 00:00:00-04:00,32.7403694047287,33.48536144173336,32.45282963317292,33.06711959838867,22160,0.0,0.0
2006-10-06 00:00:00-04:00,33.17169045347579,33.772909801605486,32.465908617420666,33.367740631103516,17460,0.0,0.0
2006-10-09 00:00:00-04:00,33.53764352390762,34.570173425853355,33.52457271732093,34.06044387817383,25440,0.0,0.0
2006-10-10 00:00:00-04:00,34.06044224906402,34.58324257832471,33.65527119615699,34.413330078125,17680,0.0,0.0
2006-10-11 00:00:00-04:00,34.12578636957486,34.62244500074483,33.32851520804472,33.72061538696289,17420,0.0,0.0
2006-10-12 00:00:00-04:00,33.707549178623616,34.3741203713881,33.53764067338847,33.92974090576172,21820,0.0,0.0
2006-10-13 00:00:00-04:00,34.03429878032128,34.37411977353101,33.94281112088196,34.33491134643555,11080,0.0,0.0
2006-10-16 00:00:00-04:00,34.165007621571846,34.622458002090426,34.165007621571846,34.38719940185547,16300,0.0,0.0
2006-10-17 00:00:00-04:00,34.19114299151699,34.55710163360515,33.74676350079564,34.09965133666992,17920,0.0,0.0
2006-10-18 00:00:00-04:00,34.1127312186008,34.269572957595045,33.78598091957206,33.90361022949219,11840,0.0,0.0
2006-10-19 00:00:00-04:00,33.9558820926596,34.11272379753364,33.589923432820484,34.08658218383789,17980,0.0,0.0
2006-10-20 00:00:00-04:00,33.995101908680674,34.3741314578238,33.78598091957206,33.90361022949219,11260,0.0,0.0
2006-10-23 00:00:00-04:00,34.17806263192618,34.23034185351865,33.576841611990424,33.58991241455078,13000,0.0,0.0
2006-10-24 00:00:00-04:00,33.60298397263735,34.37411347724886,33.60298397263735,34.13885498046875,20340,0.0,0.0
2006-10-25 00:00:00-04:00,33.83824759530017,35.26287757193883,33.83824759530017,34.71393966674805,20780,0.0,0.0
2006-10-26 00:00:00-04:00,34.72701749990737,35.824897521136094,34.72701749990737,35.64191818237305,29820,0.0,0.0
2006-10-27 00:00:00-04:00,35.877179384533726,35.877179384533726,35.28902890282006,35.49814987182617,10720,0.0,0.0
2006-10-30 00:00:00-05:00,35.498154653461505,35.55043390559242,35.22368359396014,35.367454528808594,12680,0.0,0.0
2006-10-31 00:00:00-05:00,35.79875424517795,36.02094599607049,35.22367464061229,35.99480438232422,15660,0.0,0.0
2006-11-01 00:00:00-05:00,36.00787311619936,36.07322315815254,35.092972528854915,35.210601806640625,15600,0.0,0.0
2006-11-02 00:00:00-05:00,35.28901895018154,35.28901895018154,34.687797829596676,34.87077713012695,16700,0.0,0.0
2006-11-03 00:00:00-05:00,34.87078787474251,35.576571662136544,34.1388704470982,35.27595901489258,16380,0.0,0.0
2006-11-06 00:00:00-05:00,35.550424233076384,35.57656584635489,35.001482263429104,35.01455307006836,15640,0.0,0.0
2006-11-07 00:00:00-05:00,35.15832046226218,35.35437057636402,35.0014787755208,35.28902053833008,16560,0.0,0.0
2006-11-08 00:00:00-05:00,35.28903100193177,35.48508117416472,35.040701581500215,35.32823944091797,15480,0.0,0.0
2006-11-09 00:00:00-05:00,35.01455879397651,35.34130907012159,34.63552927137839,35.27595901489258,16200,0.0,0.0
2006-11-10 00:00:00-05:00,35.94250936898733,35.99478858488525,34.557088210125755,35.040679931640625,14340,0.0,0.0
2006-11-13 00:00:00-05:00,34.936134858690075,35.393585205078125,34.85771799022965,35.393585205078125,11440,0.0,0.0
2006-11-14 00:00:00-05:00,35.537362108327336,35.537362108327336,35.158332555091896,35.40666198730469,10340,0.0,0.0
2006-11-15 00:00:00-05:00,36.00787161076266,36.02094241633683,35.51121290814312,35.83796310424805,31500,0.0,0.0
2006-11-16 00:00:00-05:00,35.968668258840665,36.59602712843946,35.8771765955594,36.413047790527344,25700,0.0,0.0
2006-11-17 00:00:00-05:00,36.5960153252285,37.38021565362625,36.46531527049554,37.341007232666016,42380,0.0,0.0
2006-11-20 00:00:00-05:00,37.82460659630433,37.8376774035002,37.1318976900769,37.24952697753906,38400,0.0,0.0
2006-11-21 00:00:00-05:00,37.51093463578251,37.51093463578251,37.040413403596474,37.06655502319336,31880,0.0,0.0
2006-11-22 00:00:00-05:00,36.944607604963124,37.01234615639545,36.24012501629372,36.2536735534668,32280,5.0,0.0
2006-11-24 00:00:00-05:00,36.14528800019459,36.917509110593,36.131743597975564,36.78203201293945,12920,0.0,0.0
2006-11-27 00:00:00-05:00,36.61946260538276,36.75493972065895,35.23759851022562,35.86079406738281,27820,0.0,0.0
2006-11-28 00:00:00-05:00,35.71177289296167,35.83370148511686,34.1944273577767,34.46538162231445,44120,0.0,0.0
2006-11-29 00:00:00-05:00,34.37054072903907,34.804067046600665,34.09958652216101,34.546661376953125,21620,0.0,0.0
2006-11-30 00:00:00-05:00,34.61441343822949,34.61441343822949,33.78800195782709,34.587318420410156,31200,0.0,0.0
2006-12-01 00:00:00-05:00,34.54666703939438,34.817621290683746,33.9370199739933,34.68214416503906,17800,0.0,0.0
2006-12-04 00:00:00-05:00,34.79053094279239,34.88536660286526,33.86928796394686,34.12669372558594,23020,0.0,0.0
2006-12-05 00:00:00-05:00,34.07250208070241,34.546672089777786,33.638975628705495,33.89638137817383,25440,0.0,0.0
2006-12-06 00:00:00-05:00,33.86928626066129,34.47893341335319,33.86928626066129,34.34345626831055,15780,0.0,0.0
2006-12-07 00:00:00-05:00,34.370535391129245,34.50601247352803,33.937009140896365,34.22151184082031,13460,0.0,0.0
2006-12-08 00:00:00-05:00,34.83116907150355,34.83116907150355,33.89637568458513,34.20797348022461,19540,0.0,0.0
2006-12-11 00:00:00-05:00,34.38410155444231,34.66860233300909,33.96412155680245,34.12669372558594,17000,0.0,0.0
2006-12-12 00:00:00-05:00,34.20797300288682,34.32990158472325,33.73380308007452,33.81509017944336,14300,0.0,0.0
2006-12-13 00:00:00-05:00,33.80154265858882,33.855732681655724,33.21899060814371,33.30027770996094,23580,0.0,0.0
2006-12-14 00:00:00-05:00,33.34092945348273,33.70671736710877,33.246093788987096,33.42221450805664,17780,0.0,0.0
2006-12-15 00:00:00-05:00,33.666073066630474,33.666073066630474,33.25964160103735,33.57123947143555,22480,0.0,0.0
2006-12-18 00:00:00-05:00,33.57123663138749,33.57123663138749,32.555158053362554,32.70418167114258,38100,0.0,0.0
2006-12-19 00:00:00-05:00,32.64998950759679,32.93449231774481,32.351940224290345,32.52806091308594,36980,0.0,0.0
2006-12-20 00:00:00-05:00,32.46032793928124,32.60935157300605,31.904870763642972,31.999704360961914,19100,0.0,0.0
2006-12-21 00:00:00-05:00,32.582243452560995,32.649982004437426,30.902328192912247,31.403593063354492,45240,0.0,0.0
2006-12-22 00:00:00-05:00,31.4306972861921,31.552625888432708,30.888788712292236,31.146194458007812,25860,0.0,0.0
2006-12-26 00:00:00-05:00,31.186835000291403,31.430694248420817,29.967540826861285,30.455259323120117,42100,0.0,0.0
2006-12-27 00:00:00-05:00,30.509451968130456,32.35194192640898,30.509451968130456,32.31129837036133,45140,0.0,0.0
2006-12-28 00:00:00-05:00,32.24355301498447,32.32484010997615,31.484880352451096,31.755834579467773,30620,0.0,0.0
2006-12-29 00:00:00-05:00,31.82357114664157,32.284194544102185,30.821041396243785,32.02678680419922,42620,0.0,0.0
2007-01-03 00:00:00-05:00,32.514519158782264,32.514519158782264,31.837133342974298,32.14873123168945,27100,0.0,0.0
2007-01-04 00:00:00-05:00,32.148727863606915,33.1241629227348,32.01325071463867,32.71773147583008,29320,0.0,0.0
2007-01-05 00:00:00-05:00,32.78546729672992,32.89384942024517,31.959055930545354,32.20291519165039,25020,0.0,0.0
2007-01-08 00:00:00-05:00,32.135176959785404,33.39511476602405,32.06743839028029,32.460323333740234,29240,0.0,0.0
2007-01-09 00:00:00-05:00,33.02932693264867,33.05642194703069,31.49843484706818,31.525529861450195,23660,0.0,0.0
2007-01-10 00:00:00-05:00,31.444237863804386,32.08097986343091,31.173283645476786,31.959049224853516,15680,0.0,0.0
2007-01-11 00:00:00-05:00,31.9319657818459,32.24356365922304,31.471344270743952,31.999704360961914,22120,0.0,0.0
2007-01-12 00:00:00-05:00,31.918408048582542,32.69062716469637,31.918408048582542,32.48741149902344,20400,0.0,0.0
2007-01-16 00:00:00-05:00,32.47386573292254,32.636437865894024,31.90486223391394,31.931957244873047,14020,0.0,0.0
2007-01-17 00:00:00-05:00,31.877758026123047,32.1351636567975,31.606803860269416,31.877758026123047,16680,0.0,0.0
2007-01-18 00:00:00-05:00,32.16227305361922,32.81256375613775,31.782938705432464,31.945510864257812,18160,0.0,0.0
2007-01-19 00:00:00-05:00,31.864217404450248,32.82610575900295,31.864217404450248,32.812557220458984,15680,0.0,0.0
2007-01-22 00:00:00-05:00,32.94804226667107,33.4628558469913,32.69063651011957,32.89385223388672,17040,0.0,0.0
2007-01-23 00:00:00-05:00,33.0564331423109,33.67962902024158,32.65000158728249,33.666080474853516,30060,0.0,0.0
2007-01-24 00:00:00-05:00,33.693154103784785,34.018300381675374,33.19188925098866,33.99120330810547,24400,0.0,0.0
2007-01-25 00:00:00-05:00,34.031864054001964,34.126697657784625,33.12416744542364,33.54414749145508,17620,0.0,0.0
2007-01-26 00:00:00-05:00,33.489944940209156,33.59832705382616,33.13770565497497,33.47639846801758,11800,0.0,0.0
2007-01-29 00:00:00-05:00,33.39510728736666,34.031849284676376,33.3138201952775,33.84218215942383,23340,0.0,0.0
2007-01-30 00:00:00-05:00,33.74734647862315,34.11313423563223,33.706702935129584,34.07249069213867,13360,0.0,0.0
2007-01-31 00:00:00-05:00,34.20797300288682,34.20797300288682,33.66606451967277,33.81509017944336,15760,0.0,0.0
2007-02-01 00:00:00-05:00,33.80154805827957,34.07250235133191,33.6796194532929,33.97766876220703,10000,0.0,0.0
2007-02-02 00:00:00-05:00,34.20797348022461,34.20797348022461,33.760898561891175,34.20797348022461,22100,0.0,0.0
2007-02-05 00:00:00-05:00,34.343450602918566,34.411189164265544,34.08604489668678,34.20797348022461,19660,0.0,0.0
2007-02-06 00:00:00-05:00,34.35699815774454,34.70923949354383,34.2350675104832,34.27571105957031,28760,0.0,0.0
2007-02-07 00:00:00-05:00,34.54666628695951,34.54666628695951,34.18087846912918,34.20797348022461,21180,0.0,0.0
2007-02-08 00:00:00-05:00,34.32990767059491,34.42474332574291,34.08605046369199,34.167335510253906,17260,0.0,0.0
2007-02-09 00:00:00-05:00,34.20798233210763,34.411198068734016,34.04541015625,34.04541015625,19420,0.0,0.0
2007-02-12 00:00:00-05:00,34.08604442105038,34.18087799216948,33.73380308007452,33.81509017944336,17980,0.0,0.0
2007-02-13 00:00:00-05:00,34.031858365433536,34.23507408266409,33.66607048786197,34.167335510253906,32120,0.0,0.0
2007-02-14 00:00:00-05:00,33.86928374508778,34.16733302860114,33.00223090810034,33.73380661010742,33960,0.0,0.0
2007-02-15 00:00:00-05:00,33.73380459979293,34.54666736123372,33.54413744901017,34.31635665893555,24640,0.0,0.0
2007-02-16 00:00:00-05:00,34.56021889182637,34.58731390610929,34.07250036586552,34.11314392089844,20360,0.0,0.0
2007-02-20 00:00:00-05:00,34.35700969119254,34.790534136264135,34.20798398358498,34.62796401977539,30940,0.0,0.0
2007-02-21 00:00:00-05:00,34.92599553777836,34.95309261218119,34.54666130273722,34.8176155090332,46560,0.0,0.0
2007-02-22 00:00:00-05:00,34.95746274368646,35.376952296610696,34.35619395776821,34.70576858520508,43960,4.0,0.0
2007-02-23 00:00:00-05:00,34.71975326538086,34.94347975218318,34.60788895516258,34.71975326538086,21300,0.0,0.0
2007-02-26 00:00:00-05:00,34.621872828212844,34.677803916560045,33.908739716797626,34.14645004272461,25520,0.0,0.0
2007-02-27 00:00:00-05:00,33.754913071079926,33.768896904618025,32.98584916641989,33.013816833496094,29500,0.0,0.0
2007-02-28 00:00:00-05:00,32.929920353321776,33.74093368047,32.77610670840909,33.53118896484375,23940,0.0,0.0
2007-03-01 00:00:00-05:00,33.40534121654106,33.54517102847072,32.92992070943368,33.27949523925781,12400,0.0,0.0
2007-03-02 00:00:00-05:00,33.27949401779597,33.461273193359375,32.99983440420104,33.461273193359375,11800,0.0,0.0
2007-03-05 00:00:00-05:00,33.20957570484796,33.22355953754542,32.24475099045517,32.2727165222168,17420,0.0,0.0
2007-03-06 00:00:00-05:00,32.314664155607325,33.125675201416016,32.314664155607325,33.125675201416016,14340,0.0,0.0
2007-03-07 00:00:00-05:00,33.321445136702685,33.685001373291016,33.01381997231759,33.685001373291016,11940,0.0,0.0
2007-03-08 00:00:00-05:00,33.9646656868387,34.0905138171066,33.12568668625511,33.64305877685547,17440,0.0,0.0
2007-03-09 00:00:00-05:00,33.64305583930547,33.88076610865498,33.32144682376966,33.76890182495117,10380,0.0,0.0
2007-03-12 00:00:00-04:00,34.21636369319595,34.719752004073904,33.86678906998464,34.35619354248047,18420,0.0,0.0
2007-03-13 00:00:00-04:00,34.76169745017969,34.76169745017969,33.55916002901958,33.671024322509766,14340,0.0,0.0
2007-03-14 00:00:00-04:00,33.615085570914104,33.90872902624429,33.349409784574284,33.53118896484375,22280,0.0,0.0
2007-03-15 00:00:00-04:00,33.796861155524255,34.45406076784011,33.60110029522025,34.188385009765625,11400,0.0,0.0
2007-03-16 00:00:00-04:00,34.95745972497468,34.95745972497468,33.99263469001899,34.17441177368164,13820,0.0,0.0
2007-03-19 00:00:00-04:00,34.244323794768775,34.92949122756765,34.244323794768775,34.761695861816406,25240,0.0,0.0
2007-03-20 00:00:00-04:00,35.069319214290466,36.24389098017858,34.95745493178202,36.21592330932617,53060,0.0,0.0
2007-03-21 00:00:00-04:00,36.31380684563407,36.915073379375976,36.00617952723225,36.8591423034668,45700,0.0,0.0
2007-03-22 00:00:00-04:00,36.91506427515333,37.68412811421902,36.83116554834741,37.40446853637695,23820,0.0,0.0
2007-03-23 00:00:00-04:00,37.60023444022894,37.963792793732836,37.13879778168709,37.19472885131836,23620,0.0,0.0
2007-03-26 00:00:00-04:00,38.04769107147729,38.98454821145062,37.53031908229672,38.49514389038086,42480,0.0,0.0
2007-03-27 00:00:00-04:00,38.5930292039694,38.5930292039694,37.47439067631811,37.57227325439453,18640,0.0,0.0
2007-03-28 00:00:00-04:00,38.41124939824476,38.774803479871544,37.75404760342645,38.439212799072266,24240,0.0,0.0
2007-03-29 00:00:00-04:00,38.998532045506025,38.998532045506025,38.117605974487255,38.49514389038086,29220,0.0,0.0
2007-03-30 00:00:00-04:00,38.90065388341174,39.068447090886906,38.6909091736175,39.012516021728516,30320,0.0,0.0
2007-04-02 00:00:00-04:00,39.026503288116665,39.432008909261974,38.94260454336688,39.23624801635742,29280,0.0,0.0
2007-04-03 00:00:00-04:00,38.94259666356272,39.585814553469845,38.94259666356272,39.515899658203125,27400,0.0,0.0
2007-04-04 00:00:00-04:00,39.3481090852143,40.592593585187075,39.3481090852143,40.075225830078125,40880,0.0,0.0
2007-04-05 00:00:00-04:00,40.10318599578273,40.69047287825192,39.99132385972525,40.536659240722656,23720,0.0,0.0
2007-04-09 00:00:00-04:00,40.57862090806257,40.816329073552765,39.85150403972873,40.17311096191406,21580,0.0,0.0
2007-04-10 00:00:00-04:00,40.32690150681213,40.34088533611832,38.9705554094233,39.26419448852539,29240,0.0,0.0
2007-04-11 00:00:00-04:00,39.26420447355212,39.26420447355212,38.17353378655715,38.78878402709961,24140,0.0,0.0
2007-04-12 00:00:00-04:00,38.35531454114348,38.74684056302228,37.75404807500395,38.67692565917969,21720,0.0,0.0
2007-04-13 00:00:00-04:00,38.35532087107429,39.11040537100263,38.32735746528259,38.88667678833008,21520,0.0,0.0
2007-04-16 00:00:00-04:00,39.48792736756181,39.669708634321296,38.97055976355262,39.55784225463867,15500,0.0,0.0
2007-04-17 00:00:00-04:00,39.55786301780285,39.837522712898334,39.43201700846354,39.641761779785156,15820,0.0,0.0
2007-04-18 00:00:00-04:00,39.865475099106646,40.48072533888683,39.641746575386584,39.75360870361328,23820,0.0,0.0
2007-04-19 00:00:00-04:00,40.25699646897338,40.25699646897338,39.432001545412746,39.97733688354492,15060,0.0,0.0
2007-04-20 00:00:00-04:00,39.85148563381473,40.25699112540735,38.87267721473858,39.55784225463867,23600,0.0,0.0
2007-04-23 00:00:00-04:00,39.43199485832161,40.103176042620724,38.66293112881534,39.99131393432617,22200,0.0,0.0
2007-04-24 00:00:00-04:00,40.3129327316232,40.32691656615139,39.73963392137182,40.284969329833984,17240,0.0,0.0
2007-04-25 00:00:00-04:00,40.55065029382734,40.90022486532585,39.851501150830316,40.704463958740234,31640,0.0,0.0
2007-04-26 00:00:00-04:00,40.87224457957529,41.10995692174363,40.480722887227145,41.026058197021484,23600,0.0,0.0
2007-04-27 00:00:00-04:00,40.690481002024455,41.37564632351907,40.550651170402375,40.8862419128418,14340,0.0,0.0
2007-04-30 00:00:00-04:00,41.04005555669514,41.62734255606604,40.69048097784765,40.77437973022461,17160,0.0,0.0
2007-05-01 00:00:00-04:00,40.97013719492946,41.17988192459633,40.42480175124907,40.5506477355957,18980,0.0,0.0
2007-05-02 00:00:00-04:00,40.55063841028053,40.88622904711921,40.27097883503721,40.52267074584961,21660,0.0,0.0
2007-05-03 00:00:00-04:00,40.64853712722043,41.221836070555135,40.4807396084646,40.59260177612305,22260,0.0,0.0
2007-05-04 00:00:00-04:00,40.55065114630865,41.17988538823413,40.41082131476966,40.77437973022461,23880,0.0,0.0
2007-05-07 00:00:00-04:00,40.81631670050835,41.66927931168409,40.81631670050835,41.64131164550781,32080,0.0,0.0
2007-05-08 00:00:00-04:00,41.80911289561879,41.83708056432872,40.99810171023604,41.52945327758789,19040,0.0,0.0
2007-05-09 00:00:00-04:00,41.89301165579381,41.89301165579381,41.20784644472298,41.585384368896484,18380,0.0,0.0
2007-05-10 00:00:00-04:00,41.87902212772433,41.87902212772433,41.207840842266755,41.27775573730469,17160,0.0,0.0
2007-05-11 00:00:00-04:00,41.739199332815595,41.92097638347204,41.41759246864888,41.83708190917969,16000,0.0,0.0
2007-05-14 00:00:00-04:00,41.934959370644144,41.934959370644144,41.71123082009649,41.823097229003906,24660,0.0,0.0
2007-05-15 00:00:00-04:00,41.795119920243025,42.57816753292242,41.66927397310634,42.01884841918945,36520,0.0,0.0
2007-05-16 00:00:00-04:00,42.1726774792436,44.52181691064311,42.1726774792436,43.165470123291016,82040,0.0,0.0
2007-05-17 00:00:00-04:00,43.31928010855895,44.73156226070911,43.29131670260881,44.368003845214844,91600,0.0,0.0
2007-05-18 00:00:00-04:00,44.82944194655423,45.44469231209525,44.549782301556725,44.95528793334961,52840,0.0,0.0
2007-05-21 00:00:00-04:00,45.612485617598566,46.9129011405183,44.95528380529548,46.88493347167969,52880,0.0,0.0
2007-05-22 00:00:00-04:00,47.29045264544176,47.54214464548124,45.03919141318744,45.71037292480469,55920,0.0,0.0
2007-05-23 00:00:00-04:00,45.99526195798851,45.99526195798851,43.7303985382832,44.4853515625,65400,3.0,0.0
2007-05-24 00:00:00-04:00,45.56792737936795,45.56792737936795,43.4455083334716,44.01528549194336,40740,0.0,0.0
2007-05-25 00:00:00-04:00,44.869947148253196,45.01239142491431,43.95830464703288,44.21470260620117,19780,0.0,0.0
2007-05-29 00:00:00-04:00,43.83010951536064,44.912682635382424,43.44550819578914,44.798728942871094,27180,0.0,0.0
2007-05-30 00:00:00-04:00,44.65629720227316,45.82434244048514,44.65629720227316,45.710384368896484,36020,0.0,0.0
2007-05-31 00:00:00-04:00,45.53945392788847,45.95254161446192,44.96967660928895,45.75312042236328,24700,0.0,0.0
2007-06-01 00:00:00-04:00,45.8670644969402,46.90690614578174,44.7417553988797,45.43973159790039,39840,0.0,0.0
2007-06-04 00:00:00-04:00,45.58217371848621,45.6106643158822,44.61355426579031,45.026641845703125,26260,0.0,0.0
2007-06-05 00:00:00-04:00,45.43971201171875,45.43971201171875,44.228935986328125,44.513824462890625,21920,0.0,0.0
2007-06-06 00:00:00-04:00,44.58505475147891,44.58505475147891,43.20334364815462,43.43125534057617,24240,0.0,0.0
2007-06-07 00:00:00-04:00,42.80450001779052,42.87572214760381,40.90999310357839,41.29458999633789,58280,0.0,0.0
2007-06-08 00:00:00-04:00,41.65070711209334,41.97833156833377,40.838777314393845,41.308841705322266,58800,0.0,0.0
2007-06-11 00:00:00-04:00,41.87862301855972,41.87862301855972,41.06668879264323,41.451290130615234,27680,0.0,0.0
2007-06-12 00:00:00-04:00,41.90709880052731,41.90709880052731,40.45416575637148,40.71056365966797,32700,0.0,0.0
2007-06-13 00:00:00-04:00,41.39429884272672,42.405653860831634,41.13789659116374,42.27745056152344,43800,0.0,0.0
2007-06-14 00:00:00-04:00,41.99256602203223,42.19199146326143,41.66494596353366,42.078033447265625,28880,0.0,0.0
2007-06-15 00:00:00-04:00,42.73328638788479,43.14637395355674,42.248976678233035,42.94695281982422,45080,0.0,0.0
2007-06-18 00:00:00-04:00,44.15772316993063,44.15772316993063,43.04665961608949,43.90132522583008,28860,0.0,0.0
2007-06-19 00:00:00-04:00,44.49957749928091,45.06935443101832,43.90131432918844,44.82720184326172,34160,0.0,0.0
2007-06-20 00:00:00-04:00,45.15483108230298,45.51094173752619,43.30305567514229,43.38852310180664,48360,0.0,0.0
2007-06-21 00:00:00-04:00,43.801609741851856,44.14347509481652,43.16061057489792,44.08649826049805,29720,0.0,0.0
2007-06-22 00:00:00-04:00,44.89843025025967,44.89843025025967,42.804497993931435,43.03240966796875,365980,0.0,0.0
2007-06-25 00:00:00-04:00,42.90420926408132,43.88707370650427,41.736164690906904,42.46263122558594,50580,0.0,0.0
2007-06-26 00:00:00-04:00,43.04665296915896,43.43124982592332,41.65069674723629,42.27745056152344,37440,0.0,0.0
2007-06-27 00:00:00-04:00,41.80738244170785,44.82720192418905,41.80738244170785,44.385623931884766,48020,0.0,0.0
2007-06-28 00:00:00-04:00,44.84145477455779,45.22605604510158,44.399881012075724,44.528079986572266,27800,0.0,0.0
2007-06-29 00:00:00-04:00,45.382760878721434,45.4254924355765,43.345804509869296,43.45976257324219,29080,0.0,0.0
2007-07-02 00:00:00-04:00,44.58506133799248,44.67052877865834,44.14348318376438,44.57081604003906,19680,0.0,0.0
2007-07-03 00:00:00-04:00,45.22604866463703,45.22604866463703,43.71613876894239,44.67051696777344,20640,0.0,0.0
2007-07-05 00:00:00-04:00,44.65626538664968,44.74173279268542,43.701887322180845,43.773109436035156,23960,0.0,0.0
2007-07-06 00:00:00-04:00,44.45685026250239,44.45685026250239,43.018162501485726,43.30305099487305,28820,0.0,0.0
2007-07-09 00:00:00-04:00,43.27456115956479,45.596405029296875,43.27456115956479,45.596405029296875,56920,0.0,0.0
2007-07-10 00:00:00-04:00,45.211810586368095,45.43972228857428,44.14347855763986,44.186214447021484,29120,0.0,0.0
2007-07-11 00:00:00-04:00,44.34288981356566,46.57926610225033,44.30015828073349,46.52228927612305,47960,0.0,0.0
2007-07-12 00:00:00-04:00,46.650509712250425,47.00662047341264,45.21182136774403,45.56793212890625,35420,0.0,0.0
2007-07-13 00:00:00-04:00,46.151943236729785,46.18043382940127,44.869944813487294,45.368499755859375,20680,0.0,0.0
2007-07-16 00:00:00-04:00,46.20893099937116,46.20893099937116,43.27457748971071,43.57371139526367,49560,0.0,0.0
2007-07-17 00:00:00-04:00,43.03242292340381,43.488242064832455,42.419909839063024,42.71904373168945,54680,0.0,0.0
2007-07-18 00:00:00-04:00,44.456872805712905,44.456872805712905,41.76467604745308,43.45976257324219,55540,0.0,0.0
2007-07-19 00:00:00-04:00,44.54232427624831,44.54232427624831,42.448391800937486,43.31730270385742,36740,0.0,0.0
2007-07-20 00:00:00-04:00,43.55945537330185,43.55945537330185,42.32019285113706,42.53385925292969,29320,0.0,0.0
2007-07-23 00:00:00-04:00,42.53386646144845,43.801619790862446,42.462644315447044,42.932708740234375,27200,0.0,0.0
2007-07-24 00:00:00-04:00,42.733277697497364,43.24607789927809,41.009701294287545,41.194881439208984,32500,0.0,0.0
2007-07-25 00:00:00-04:00,41.93559763803205,42.64781908007422,40.75331178306393,42.163509368896484,45500,0.0,0.0
2007-07-26 00:00:00-04:00,41.08090943576856,41.52248735769655,39.17215788461939,40.29746627807617,45220,0.0,0.0
2007-07-27 00:00:00-04:00,39.88440057335229,39.955622717233275,37.932912092191394,38.160823822021484,42920,0.0,0.0
2007-07-30 00:00:00-04:00,38.10384536856288,38.77333523161737,37.33464711651494,38.573909759521484,29780,0.0,0.0
2007-07-31 00:00:00-04:00,40.55387711071921,40.55387711071921,38.71634292602539,38.71634292602539,35640,0.0,0.0
2007-08-01 00:00:00-04:00,38.44570904142336,39.42857367177077,37.462844411075956,38.6451301574707,27380,0.0,0.0
2007-08-02 00:00:00-04:00,39.11520481435938,39.11520481435938,36.89307291238759,37.249183654785156,38420,0.0,0.0
2007-08-03 00:00:00-04:00,37.07824271216019,38.38873176926477,37.03551116886397,37.377376556396484,25980,0.0,0.0
2007-08-06 00:00:00-04:00,37.34890046610661,39.68498632105657,33.616857740805216,37.049766540527344,86820,0.0,0.0
2007-08-07 00:00:00-04:00,36.9073154757178,39.143688163969074,36.0384044592653,37.13522720336914,61500,0.0,0.0
2007-08-08 00:00:00-04:00,37.74772476196289,38.445700690037576,34.98430729030911,35.611061096191406,130380,0.0,0.0
2007-08-09 00:00:00-04:00,35.254949737139626,36.15234889242669,33.702308375702515,34.10115051269531,88860,0.0,0.0
2007-08-10 00:00:00-04:00,33.289222829070276,38.38872772609131,33.11829015330697,36.422996520996094,65300,0.0,0.0
2007-08-13 00:00:00-04:00,36.42299868391277,37.747730803417355,35.82473319645081,36.66515350341797,38780,0.0,0.0
2007-08-14 00:00:00-04:00,37.17794281610168,38.31749661889407,35.85321108565025,35.967166900634766,21980,0.0,0.0
2007-08-15 00:00:00-04:00,35.72502777151492,36.950047340989265,34.18662903043966,34.20087432861328,31000,0.0,0.0
2007-08-16 00:00:00-04:00,33.75929068283565,35.895954650103725,33.75929068283565,35.8389778137207,74240,0.0,0.0
2007-08-17 00:00:00-04:00,37.19219558133965,37.534060921460245,34.47150946107544,36.43724060058594,55120,0.0,0.0
2007-08-20 00:00:00-04:00,37.23492568056586,37.39161522329321,35.89595061436148,37.02125930786133,26420,0.0,0.0
2007-08-21 00:00:00-04:00,37.39160994883839,37.39160994883839,35.62530238638003,36.25205612182617,18420,0.0,0.0
2007-08-22 00:00:00-04:00,37.331593596838054,37.69630241363407,36.47088167960184,37.419124603271484,18060,3.0,0.0
2007-08-23 00:00:00-04:00,37.7692553096023,37.798433804351205,36.90854313866841,36.952308654785156,19400,0.0,0.0
2007-08-24 00:00:00-04:00,36.952305356573156,37.462895579006535,36.470889174271484,37.287837982177734,14720,0.0,0.0
2007-08-27 00:00:00-04:00,37.63796822949219,37.63796822949219,36.10619045271053,36.748077392578125,18760,0.0,0.0
2007-08-28 00:00:00-04:00,36.106185060656024,36.57301205866316,35.52265075664542,35.756065368652344,19700,0.0,0.0
2007-08-29 00:00:00-04:00,36.28124423854737,36.7626604756923,35.81441724913674,36.718894958496094,13380,0.0,0.0
2007-08-30 00:00:00-04:00,36.47088909339524,36.908539762515986,35.88735486790092,36.54383087158203,10720,0.0,0.0
2007-08-31 00:00:00-04:00,37.1565487907131,37.88596894439791,36.39795459112941,37.68172836303711,22920,0.0,0.0
2007-09-04 00:00:00-04:00,37.90055838522019,38.717507454721364,36.74807880868076,38.192325592041016,43960,0.0,0.0
2007-09-05 00:00:00-04:00,37.87136829688373,37.915131578567006,36.64594521160959,36.99606704711914,14840,0.0,0.0
2007-09-06 00:00:00-04:00,37.054427238077984,37.827608387830985,36.339598626643706,36.704307556152344,16460,0.0,0.0
2007-09-07 00:00:00-04:00,36.25206375883487,36.82100873828927,36.25206375883487,36.54383087158203,14280,0.0,0.0
2007-09-10 00:00:00-04:00,36.63136425287495,36.67512754179787,35.84359166216409,36.5730094909668,21660,0.0,0.0
2007-09-11 00:00:00-04:00,36.67513723305715,38.29444613129774,36.44172480176591,38.25068283081055,33040,0.0,0.0
2007-09-12 00:00:00-04:00,37.79843522450432,38.00267133938046,36.76266095018762,37.05442810058594,15540,0.0,0.0
2007-09-13 00:00:00-04:00,37.214888753643535,37.929717147952566,37.06900522615141,37.74007034301758,12800,0.0,0.0
2007-09-14 00:00:00-04:00,37.20030739341252,37.623368822386006,36.470889601384826,36.58759689331055,14960,0.0,0.0
2007-09-17 00:00:00-04:00,36.47089235884614,37.38995706548378,36.47089235884614,37.08360290527344,13160,0.0,0.0
2007-09-18 00:00:00-04:00,37.20031512942668,38.644561767578125,36.57301525263104,38.644561767578125,20780,0.0,0.0
2007-09-19 00:00:00-04:00,38.62997155253399,39.096800805645685,37.78384853978445,38.71750259399414,28700,0.0,0.0
2007-09-20 00:00:00-04:00,38.4840901605421,38.659152253438734,37.28784736579502,37.4045524597168,14560,0.0,0.0
2007-09-21 00:00:00-04:00,37.944325968241046,39.490693047898354,37.915147466883376,38.77585983276367,40840,0.0,0.0
2007-09-24 00:00:00-04:00,38.805040193299355,39.97210907129332,38.27985830779918,38.92174530029297,22840,0.0,0.0
2007-09-25 00:00:00-04:00,38.65914829342108,39.957511251363464,38.55702800768967,39.053035736083984,18060,0.0,0.0
2007-09-26 00:00:00-04:00,39.38857262552072,40.04504883594607,38.99468511845982,39.84081268310547,20500,0.0,0.0
2007-09-27 00:00:00-04:00,40.13256918231805,40.48268884408046,39.869976096986456,40.32221603393555,17660,0.0,0.0
2007-09-28 00:00:00-04:00,40.3368181136461,40.3368181136461,38.921745317641886,39.24269104003906,20240,0.0,0.0
2007-10-01 00:00:00-04:00,39.3885676848324,40.482694564966636,39.3885676848324,40.46810531616211,22260,0.0,0.0
2007-10-02 00:00:00-04:00,40.26387152292552,40.48269691163707,39.34480667114258,39.34480667114258,21220,0.0,0.0
2007-10-03 00:00:00-04:00,38.9509125855076,40.103391880219235,38.92173409115513,39.27185821533203,23520,0.0,0.0
2007-10-04 00:00:00-04:00,39.286441802978516,39.81162352108859,38.80502782505188,39.286441802978516,14020,0.0,0.0
2007-10-05 00:00:00-04:00,39.607381755626605,39.78244378728517,39.009258341474336,39.59279251098633,15100,0.0,0.0
2007-10-08 00:00:00-04:00,39.46149627828153,39.59279056958132,38.41113304385881,39.02384567260742,18460,0.0,0.0
2007-10-09 00:00:00-04:00,38.950910568237305,39.111383374838624,37.95890413981397,38.221492767333984,25460,0.0,0.0
2007-10-10 00:00:00-04:00,37.97349476885194,38.411145516639,37.054429979304565,37.65255355834961,40080,0.0,0.0
2007-10-11 00:00:00-04:00,37.69632130876423,38.95092115780807,37.565026959309286,38.586212158203125,23520,0.0,0.0
2007-10-12 00:00:00-04:00,38.36738097256453,39.09679886177679,38.36738097256453,38.86338424682617,17760,0.0,0.0
2007-10-15 00:00:00-04:00,38.95092196962727,39.28645247545132,37.97350004950882,39.096805572509766,29060,0.0,0.0
2007-10-16 00:00:00-04:00,38.659153977723776,39.09680477747159,38.06103032766559,38.74668502807617,14840,0.0,0.0
2007-10-17 00:00:00-04:00,38.84879706766456,39.09680094401042,37.404550460508716,38.29444122314453,22700,0.0,0.0
2007-10-18 00:00:00-04:00,37.20031908458956,38.33820941695952,37.20031908458956,38.0902099609375,20640,0.0,0.0
2007-10-19 00:00:00-04:00,38.017259085263866,38.294436976788454,36.98148485186999,37.08360290527344,24800,0.0,0.0
2007-10-22 00:00:00-04:00,36.5146654651652,37.01066881394686,35.91654181574579,36.79184341430664,28600,0.0,0.0
2007-10-23 00:00:00-04:00,36.470896243453765,36.748074164501276,36.10618728101923,36.660545349121094,24200,0.0,0.0
2007-10-24 00:00:00-04:00,36.32501649910381,36.762667300297835,35.74148209751178,36.208309173583984,24940,0.0,0.0
2007-10-25 00:00:00-04:00,36.47089971869953,36.77725616673943,35.94571787234742,36.193721771240234,18920,0.0,0.0
2007-10-26 00:00:00-04:00,36.54383329150096,36.675127610528875,36.03324081038218,36.441715240478516,19860,0.0,0.0
2007-10-29 00:00:00-04:00,36.485491330799306,36.68972749204198,36.01866200337511,36.222900390625,19280,0.0,0.0
2007-10-30 00:00:00-04:00,36.32500642168821,36.777246347862814,35.93112125508806,36.31041717529297,22320,0.0,0.0
2007-10-31 00:00:00-04:00,36.397959035182225,37.171142578125,36.397959035182225,37.171142578125,27560,0.0,0.0
2007-11-01 00:00:00-04:00,37.039836549798345,37.15654384790301,35.82900473173133,35.85818099975586,23060,0.0,0.0
2007-11-02 00:00:00-04:00,35.960309450450694,36.63137493911756,35.887367646291565,36.222900390625,17740,0.0,0.0
2007-11-05 00:00:00-05:00,35.88736260982914,36.325013373363646,35.362180803184984,35.5372428894043,19620,0.0,0.0
2007-11-06 00:00:00-05:00,35.59558774007987,35.989472896920454,35.42052791770699,35.960296630859375,15600,0.0,0.0
2007-11-07 00:00:00-05:00,35.31841183342747,35.97488787326064,35.01205545776937,35.099586486816406,23840,0.0,0.0
2007-11-08 00:00:00-05:00,35.46429633286938,35.97488882175722,35.012056380880374,35.61017990112305,18120,0.0,0.0
2007-11-09 00:00:00-05:00,36.325013339642396,36.325013339642396,35.01206105025773,35.37677001953125,33760,0.0,0.0
2007-11-12 00:00:00-05:00,35.478875622022535,35.741466432852874,34.98287248845885,35.58099365234375,18860,0.0,0.0
2007-11-13 00:00:00-05:00,35.72689300839965,36.01866021051318,35.20171338019954,35.62477493286133,21440,0.0,0.0
2007-11-14 00:00:00-05:00,36.383361474855185,36.470892507275295,35.30382394704249,35.785240173339844,26060,0.0,0.0
2007-11-15 00:00:00-05:00,35.610189485202135,35.697718314107775,35.17253866265237,35.46430587768555,19980,0.0,0.0
2007-11-16 00:00:00-05:00,35.53724756403075,35.68313117106535,35.17253854644426,35.43512725830078,24780,0.0,0.0
2007-11-19 00:00:00-05:00,35.24546991751504,35.887356708069774,35.23088067072703,35.36217498779297,21340,0.0,0.0
2007-11-20 00:00:00-05:00,35.260062759494545,35.87277338363418,34.00546523882899,35.08500289916992,28560,0.0,0.0
2007-11-21 00:00:00-05:00,35.51704195015142,36.45562197701385,35.17438773446727,35.36806106567383,25440,2.5,0.0
2007-11-23 00:00:00-05:00,35.755407714843756,37.54317810058594,35.62132584522013,37.245216369628906,27080,0.0,0.0
2007-11-26 00:00:00-05:00,37.36441394592721,37.379310673469895,34.28050945931548,34.861534118652344,41900,0.0,0.0
2007-11-27 00:00:00-05:00,34.846630865744764,36.64930062703203,34.42948617315724,35.3382682800293,32800,0.0,0.0
2007-11-28 00:00:00-05:00,35.90439509011512,37.52828590895005,35.606433305134914,37.21542739868164,27700,0.0,0.0
2007-11-29 00:00:00-05:00,37.349512053304714,38.660544458776194,36.96216306816035,38.52646255493164,33800,0.0,0.0
2007-11-30 00:00:00-05:00,38.58604195495044,38.73502281191936,37.33460366571849,37.558074951171875,20000,0.0,0.0
2007-12-03 00:00:00-05:00,37.40910051989808,37.54318240489413,36.2470491812835,36.306640625,15800,0.0,0.0
2007-12-04 00:00:00-05:00,35.949095465708524,36.500324399952085,35.755419820361226,35.82991027832031,14080,0.0,0.0
2007-12-05 00:00:00-05:00,35.680930229867606,36.217262449519545,35.07010755044559,35.85970687866211,23920,0.0,0.0
2007-12-06 00:00:00-05:00,35.963979163097704,36.97704947894571,35.60642600374784,36.753578186035156,16340,0.0,0.0
2007-12-07 00:00:00-05:00,37.558068979042076,38.913795471191406,35.81499141105948,38.913795471191406,49820,0.0,0.0
2007-12-10 00:00:00-05:00,39.46503954452718,40.29933349476109,39.3011596450379,39.68851089477539,41220,0.0,0.0
2007-12-11 00:00:00-05:00,39.85238344655407,40.46320593392049,37.975223541259766,37.975223541259766,26760,0.0,0.0
2007-12-12 00:00:00-05:00,39.04789571718874,40.075863042045455,38.005029392674544,38.52646255493164,18360,0.0,0.0
2007-12-13 00:00:00-05:00,38.12420383663203,38.97339661676181,37.63256878278975,38.392372131347656,13700,0.0,0.0
2007-12-14 00:00:00-05:00,37.26012502996682,38.73503507145735,37.26012502996682,38.273193359375,12660,0.0,0.0
2007-12-17 00:00:00-05:00,38.39238375492641,39.107490330934525,38.13911437988281,38.13911437988281,15920,0.0,0.0
2007-12-18 00:00:00-05:00,38.437065168108255,39.107479095458984,38.362574731735954,39.107479095458984,16160,0.0,0.0
2007-12-19 00:00:00-05:00,38.89891764818697,39.62892321923395,38.39238344867704,39.27136993408203,18600,0.0,0.0
2007-12-20 00:00:00-05:00,39.7629999449789,40.07586073361921,38.273190995773724,39.71830749511719,17860,0.0,0.0
2007-12-21 00:00:00-05:00,40.13545471700802,40.59729642973615,39.67361300427989,40.37382507324219,41400,0.0,0.0
2007-12-24 00:00:00-05:00,40.165258235752965,40.597302008369496,39.58423353833508,39.80770492553711,9100,0.0,0.0
2007-12-26 00:00:00-05:00,39.643821349763435,39.911985171106785,38.48176751535686,39.34585952758789,17340,0.0,0.0
2007-12-27 00:00:00-05:00,39.36076204620699,40.150359126934504,37.54319294986083,37.72196960449219,21320,0.0,0.0
2007-12-28 00:00:00-05:00,37.91563501147803,38.556250994629366,36.87276882255723,37.17073059082031,16480,0.0,0.0
2007-12-31 00:00:00-05:00,36.768492634824426,37.170740676469194,35.75542189319682,35.9788932800293,27740,0.0,0.0
2008-01-02 00:00:00-05:00,36.008685217047805,36.47052694382418,35.77031712683117,36.187461853027344,15740,0.0,0.0
2008-01-03 00:00:00-05:00,36.35134176208174,37.036654852149596,35.93419476261731,36.187461853027344,15220,0.0,0.0
2008-01-04 00:00:00-05:00,35.84479332273915,36.14275502193643,34.757232666015625,34.757232666015625,34500,0.0,0.0
2008-01-07 00:00:00-05:00,34.84663753117482,35.75542208514636,34.41459375695337,35.30847930908203,20420,0.0,0.0
2008-01-08 00:00:00-05:00,35.3382732797162,35.60643938665431,33.8931588303927,33.92295455932617,25220,0.0,0.0
2008-01-09 00:00:00-05:00,33.893159852677584,34.50398254394531,33.07376477931615,34.50398254394531,21220,0.0,0.0
2008-01-10 00:00:00-05:00,34.17620112413036,34.48906177306323,33.19292902069439,34.0570182800293,18580,0.0,0.0
2008-01-11 00:00:00-05:00,33.92293650311033,34.354982299119456,33.26742172241211,33.26742172241211,15000,0.0,0.0
2008-01-14 00:00:00-05:00,33.63988157676531,34.16131463224535,33.1482442412306,33.937843322753906,11460,0.0,0.0
2008-01-15 00:00:00-05:00,33.20784243022105,34.17621830149487,33.07376052658272,33.550498962402344,16020,0.0,0.0
2008-01-16 00:00:00-05:00,33.192944995454496,33.5653972456879,32.105383970119334,32.179874420166016,26400,0.0,0.0
2008-01-17 00:00:00-05:00,32.12028585626484,32.62682005280006,31.137010917969015,31.22640037536621,20900,0.0,0.0
2008-01-18 00:00:00-05:00,31.017811647974987,32.77578608346906,30.16862128137493,32.65660095214844,78980,0.0,0.0
2008-01-22 00:00:00-05:00,30.25801450380355,32.67150405521032,30.243115508039356,32.07558059692383,21940,0.0,0.0
2008-01-23 00:00:00-05:00,32.77579616477685,35.45745221462223,32.32885348980262,35.21908187866211,44540,0.0,0.0
2008-01-24 00:00:00-05:00,35.23398262638931,35.75541577308007,34.14642160863784,34.19111633300781,27040,0.0,0.0
2008-01-25 00:00:00-05:00,34.75723564303919,35.53193567265316,34.28049733814347,34.83172607421875,16540,0.0,0.0
2008-01-28 00:00:00-05:00,34.32518986557372,35.90438791990564,34.32518986557372,35.502140045166016,19260,0.0,0.0
2008-01-29 00:00:00-05:00,35.72561199640157,37.48358666370157,35.472344979741614,37.245216369628906,38680,0.0,0.0
2008-01-30 00:00:00-05:00,37.856051183251694,38.55625875162066,37.24522852611605,37.73686599731445,39220,0.0,0.0
2008-01-31 00:00:00-05:00,37.36440333900064,39.46503228073895,37.24521818615141,39.107479095458984,46280,0.0,0.0
2008-02-01 00:00:00-05:00,39.2862570153643,40.06095480706048,39.10747815376155,39.435237884521484,37640,0.0,0.0
2008-02-04 00:00:00-05:00,40.12055191079819,40.12055191079819,39.30115701472776,39.494834899902344,31560,0.0,0.0
2008-02-05 00:00:00-05:00,38.77971844470453,39.62891121798987,37.84114078710311,37.94542694091797,39800,0.0,0.0
2008-02-06 00:00:00-05:00,37.97523251867212,38.735036058354844,37.27502270611705,37.528289794921875,33840,0.0,0.0
2008-02-07 00:00:00-05:00,37.24523526309531,38.61586173939222,37.24523526309531,38.466880798339844,24860,0.0,0.0
2008-02-08 00:00:00-05:00,38.18379143777786,38.586041566154826,37.3197042946787,37.468685150146484,18000,0.0,0.0
2008-02-11 00:00:00-05:00,37.647478775887876,39.748108425581854,37.647478775887876,38.95851135253906,34100,0.0,0.0
2008-02-12 00:00:00-05:00,39.286250027024415,40.01625524673235,39.003182788750244,39.226654052734375,20000,0.0,0.0
2008-02-13 00:00:00-05:00,39.76300436543019,41.31240493554314,39.30116263052645,40.984649658203125,46700,0.0,0.0
2008-02-14 00:00:00-05:00,41.416690805469415,42.876701828198776,41.01444055097443,42.504249572753906,51200,0.0,0.0
2008-02-15 00:00:00-05:00,42.027499506618284,42.712812339171016,40.01625799274482,40.59728240966797,50340,0.0,0.0
2008-02-19 00:00:00-05:00,41.535874755148676,42.310577284608186,40.68668631925974,41.088932037353516,30900,0.0,0.0
2008-02-20 00:00:00-05:00,40.7164805087293,42.26588559566351,40.59729760044352,41.68485641479492,22720,0.0,0.0
2008-02-21 00:00:00-05:00,42.072208493412326,42.89160350656728,40.89526020200618,40.984649658203125,22420,0.0,0.0
2008-02-22 00:00:00-05:00,40.8927449869817,41.199057683513395,39.57559945710323,40.6170654296875,26900,3.75,0.0
2008-02-25 00:00:00-05:00,40.019757297718975,42.54683738291036,40.019757297718975,42.056739807128906,32980,0.0,0.0
2008-02-26 00:00:00-05:00,41.44411993590849,42.96036725725446,41.12249058314732,42.8837890625,26560,0.0,0.0
2008-02-27 00:00:00-05:00,42.43962993157017,42.63873133768325,40.58643696913079,41.04590606689453,30300,0.0,0.0
2008-02-28 00:00:00-05:00,40.693643603820426,41.68915986754845,39.57559945710323,40.6170654296875,28120,0.0,0.0
2008-02-29 00:00:00-05:00,40.43327237355707,40.63237373914572,39.13144352819633,39.269283294677734,21700,0.0,0.0
2008-03-03 00:00:00-05:00,39.37650711415142,40.28012884158471,38.39630485802315,38.91703796386719,23740,0.0,0.0
2008-03-04 00:00:00-05:00,38.93234658647609,39.11613375269384,38.04403922327958,38.472877502441406,33640,0.0,0.0
2008-03-05 00:00:00-05:00,38.56476263045347,38.90170607393406,37.95213733795057,38.70260238647461,26960,0.0,0.0
2008-03-06 00:00:00-05:00,38.68730338022394,38.93235219146645,37.523313931633936,37.73773193359375,20740,0.0,0.0
2008-03-07 00:00:00-05:00,37.52330935640492,38.50350915582079,36.75752753280482,37.15573501586914,23360,0.0,0.0
2008-03-10 00:00:00-04:00,37.40078215019516,37.86025122412134,36.298056840168435,36.619686126708984,27200,0.0,0.0
2008-03-11 00:00:00-04:00,36.89536908833227,37.400785583442456,36.35932178621132,37.171051025390625,36060,0.0,0.0
2008-03-12 00:00:00-04:00,37.216990948297784,37.462042029251535,36.46652581046991,36.71157455444336,22540,0.0,0.0
2008-03-13 00:00:00-04:00,36.37463512775647,39.560285513571316,36.20616219868832,38.58008575439453,28640,0.0,0.0
2008-03-14 00:00:00-04:00,38.84045433556407,38.94766332156124,36.40526677772793,36.89536666870117,28160,0.0,0.0
2008-03-17 00:00:00-04:00,36.71157455444336,38.2737687688277,36.71157455444336,36.71157455444336,24880,0.0,0.0
2008-03-18 00:00:00-04:00,37.52331143020094,38.97829697545363,37.52331143020094,38.94766616821289,25880,0.0,0.0
2008-03-19 00:00:00-04:00,39.391819162387534,40.831488066445765,38.30440803016563,38.65666580200195,38320,0.0,0.0
2008-03-20 00:00:00-04:00,38.7791990287863,40.448605148622654,38.28909902861624,40.43328857421875,85760,0.0,0.0
2008-03-24 00:00:00-04:00,40.2035488981057,41.64321790480743,40.019759376415394,40.34138870239258,36480,0.0,0.0
2008-03-25 00:00:00-04:00,40.63238978899728,40.98465230243886,39.28461538042341,40.739601135253906,27780,0.0,0.0
2008-03-26 00:00:00-04:00,40.46390914916992,40.601748928047805,39.820650615792026,40.46390914916992,11700,0.0,0.0
2008-03-27 00:00:00-04:00,41.03059712679042,41.153125046693205,40.08103028584557,40.295448303222656,16660,0.0,0.0
2008-03-28 00:00:00-04:00,40.295436446195204,41.65852702053069,39.958490608062455,41.21437454223633,22800,0.0,0.0
2008-03-31 00:00:00-04:00,41.35221616191795,41.47473937725773,40.754907307704684,40.86211395263672,20240,0.0,0.0
2008-04-01 00:00:00-04:00,41.459431078936404,41.87295047206691,41.0152738683704,41.75042724609375,15660,0.0,0.0
2008-04-02 00:00:00-04:00,41.26033228986408,42.85315787896334,41.26033228986408,42.807212829589844,26980,0.0,0.0
2008-04-03 00:00:00-04:00,42.500887160753685,42.80719986101137,41.73510541010947,41.964839935302734,15380,0.0,0.0
2008-04-04 00:00:00-04:00,42.0873703289805,42.77657402218844,41.5206945411643,41.82700729370117,21800,0.0,0.0
2008-04-07 00:00:00-04:00,41.81168330030935,42.82251613906504,41.3522142530532,41.367530822753906,15040,0.0,0.0
2008-04-08 00:00:00-04:00,41.35222830787839,42.730635918141004,40.98465387993418,41.87295913696289,15540,0.0,0.0
2008-04-09 00:00:00-04:00,42.34774592063107,42.34774592063107,40.32607950799965,40.647708892822266,16120,0.0,0.0
2008-04-10 00:00:00-04:00,41.06122125164294,41.581951943397854,40.67833034977003,41.1071662902832,19200,0.0,0.0
2008-04-11 00:00:00-04:00,40.938708956172626,41.26033837107779,39.82066896631886,40.0504035949707,16560,0.0,0.0
2008-04-14 00:00:00-04:00,39.91254542703048,40.77022191499431,39.89722885736025,40.310752868652344,11500,0.0,0.0
2008-04-15 00:00:00-04:00,40.50986498739428,41.980167260103464,40.18823563493257,41.38285827636719,16900,0.0,0.0
2008-04-16 00:00:00-04:00,41.67383865183917,42.730616402264396,41.35220942154619,42.02609634399414,21300,0.0,0.0
2008-04-17 00:00:00-04:00,42.209887640354765,42.71530168560495,42.209887640354765,42.25583267211914,15540,0.0,0.0
2008-04-18 00:00:00-04:00,42.88378200756214,43.63424725790221,42.56215270771316,43.297306060791016,28200,0.0,0.0
2008-04-21 00:00:00-04:00,43.26667634688745,44.24687622136973,43.067574927088216,43.909934997558594,24120,0.0,0.0
2008-04-22 00:00:00-04:00,43.81803987666445,44.26219242992325,43.26667599118795,44.093719482421875,21040,0.0,0.0
2008-04-23 00:00:00-04:00,44.29281590248229,44.33876093542179,43.741452137405126,44.32344436645508,16820,0.0,0.0
2008-04-24 00:00:00-04:00,43.971185655322294,44.52254940792669,43.86397434894125,44.04776382446289,23800,0.0,0.0
2008-04-25 00:00:00-04:00,44.047764265123234,44.40002197710981,43.64955684681631,44.33876037597656,18300,0.0,0.0
2008-04-28 00:00:00-04:00,44.200929439813216,45.93159455604544,44.001823353882166,45.48744201660156,27800,0.0,0.0
2008-04-29 00:00:00-04:00,45.334290075138256,45.77844265797391,44.03246079933192,44.56850814819336,19780,0.0,0.0
2008-04-30 00:00:00-04:00,44.73697501018422,44.73697501018422,43.95587661635567,44.200927734375,20400,0.0,0.0
2008-05-01 00:00:00-04:00,44.26218620874957,45.74780470886985,44.06308481857142,45.089229583740234,20240,0.0,0.0
2008-05-02 00:00:00-04:00,44.93606578742857,45.91626535373472,44.81354259437538,45.364906311035156,21120,0.0,0.0
2008-05-05 00:00:00-04:00,45.1811121776076,45.839682451629514,44.84416642059748,45.717159271240234,22300,0.0,0.0
2008-05-06 00:00:00-04:00,45.19643991933779,46.146006487052695,45.19643991933779,46.02348327636719,20300,0.0,0.0
2008-05-07 00:00:00-04:00,45.9469108581543,46.25322359720865,45.793754488627116,45.9469108581543,29100,0.0,0.0
2008-05-08 00:00:00-04:00,46.31448411903961,46.63611342226127,45.472124106486454,46.45232391357422,17880,0.0,0.0
2008-05-09 00:00:00-04:00,46.25323251356995,47.76947992938788,46.25323251356995,47.53974533081055,35580,0.0,0.0
2008-05-12 00:00:00-04:00,47.769472075515765,48.856883264790895,47.310002953903314,47.84605026245117,28800,0.0,0.0
2008-05-13 00:00:00-04:00,48.01451889699381,48.01451889699381,47.52441667503173,47.70820617675781,22460,0.0,0.0
2008-05-14 00:00:00-04:00,47.53972813310835,47.99919716404811,47.53972813310835,47.61630630493164,25160,0.0,0.0
2008-05-15 00:00:00-04:00,47.78478110398896,49.51544598592729,47.09557753037374,48.9028205871582,53100,0.0,0.0
2008-05-16 00:00:00-04:00,49.760510557288846,50.15871810913086,48.244263219469374,50.15871810913086,36960,0.0,0.0
2008-05-19 00:00:00-04:00,50.23527793819108,53.22182647415062,50.23527793819108,51.20016098022461,63260,0.0,0.0
2008-05-20 00:00:00-04:00,52.07314965349296,53.374978394830286,52.02720462632389,52.731719970703125,34880,0.0,0.0
2008-05-21 00:00:00-04:00,52.68579686086579,53.29842240575958,51.414600724795974,51.705596923828125,50600,0.0,0.0
2008-05-22 00:00:00-04:00,52.14417716228063,53.06832955830116,50.01392441168932,50.62480926513672,48660,3.75,0.0
2008-05-23 00:00:00-04:00,49.82595458796196,53.365932130228934,49.82595458796196,52.15983200073242,64460,0.0,0.0
2008-05-27 00:00:00-04:00,52.316490292376926,54.77568052057857,52.06587141877717,54.681697845458984,90960,0.0,0.0
2008-05-28 00:00:00-04:00,54.82264106808646,54.82264106808646,52.33212775845295,53.193626403808594,39580,0.0,0.0
2008-05-29 00:00:00-04:00,53.193649415661504,54.39974517282982,53.03701323056248,53.538246154785156,29740,0.0,0.0
2008-05-30 00:00:00-04:00,53.56955047850462,54.03945881603536,52.84902340492652,52.92734146118164,26720,0.0,0.0
2008-06-02 00:00:00-04:00,52.64540496637993,53.052659865960266,51.736912531907564,52.15983200073242,25200,0.0,0.0
2008-06-03 00:00:00-04:00,51.68993491580885,52.30081500878257,49.544017523908146,51.047725677490234,46780,0.0,0.0
2008-06-04 00:00:00-04:00,50.906737282577346,52.94300677388044,50.844083792722074,51.45496368408203,31340,0.0,0.0
2008-06-05 00:00:00-04:00,51.45497353777334,53.428589917171145,51.45497353777334,52.786380767822266,28140,0.0,0.0
2008-06-06 00:00:00-04:00,52.42611182561918,53.72618972318524,51.79956733905142,51.95620346069336,23420,0.0,0.0
2008-06-09 00:00:00-04:00,51.39231495285276,53.14663673201469,50.844088500585535,52.128501892089844,26140,0.0,0.0
2008-06-10 00:00:00-04:00,51.64291726139689,53.25626696625425,51.06336185587907,51.26698684692383,30280,0.0,0.0
2008-06-11 00:00:00-04:00,50.92241220562301,52.28514381268007,50.04524882880527,50.593475341796875,23920,0.0,0.0
2008-06-12 00:00:00-04:00,50.79709897038242,51.29833653715893,48.66685126197153,49.01144790649414,22440,0.0,0.0
2008-06-13 00:00:00-04:00,49.24640563778233,50.37418785351987,48.16561713612489,49.309059143066406,35280,0.0,0.0
2008-06-16 00:00:00-04:00,49.02711166853372,51.83089760984047,48.57286781996821,50.76577377319336,33800,0.0,0.0
2008-06-17 00:00:00-04:00,48.729486061919346,50.09221710710646,47.977630000293544,48.32223129272461,70600,0.0,0.0
2008-06-18 00:00:00-04:00,48.05596666349965,49.12109530184674,47.993313162457056,48.525875091552734,39120,0.0,0.0
2008-06-19 00:00:00-04:00,48.52587552171217,49.246402740478516,47.93066008629758,49.246402740478516,21640,0.0,0.0
2008-06-20 00:00:00-04:00,49.04279105909457,49.465705895498154,47.31979300373304,48.10297393798828,32960,0.0,0.0
2008-06-23 00:00:00-04:00,48.196925222773466,49.152401516282225,47.72701696820039,48.74515151977539,20280,0.0,0.0
2008-06-24 00:00:00-04:00,47.88368678141546,48.98014014774019,46.285995678422225,47.00652313232422,32460,0.0,0.0
2008-06-25 00:00:00-04:00,46.95951851597117,48.80782805868397,46.95951851597117,48.07163619995117,26660,0.0,0.0
2008-06-26 00:00:00-04:00,48.55719517650908,49.66931253819558,48.00896877935495,48.54153060913086,39140,0.0,0.0
2008-06-27 00:00:00-04:00,47.71136150956786,50.609129632484574,47.71136150956786,49.653648376464844,93120,0.0,0.0
2008-06-30 00:00:00-04:00,49.653661664001,51.67426712899694,49.5440144422704,50.45250701904297,43080,0.0,0.0
2008-07-01 00:00:00-04:00,49.46567364859012,51.68990796394889,48.58851539817354,51.627254486083984,51400,0.0,0.0
2008-07-02 00:00:00-04:00,51.689930391079294,52.990008546428875,50.12356886407689,50.71878433227539,71840,0.0,0.0
2008-07-03 00:00:00-04:00,50.248876783959346,51.28267636652967,49.55967865563117,50.656131744384766,43220,0.0,0.0
2008-07-07 00:00:00-04:00,50.045245067573084,51.501959209121004,46.12934169765344,46.27031326293945,100640,0.0,0.0
2008-07-08 00:00:00-04:00,46.051019502591124,48.5415328665982,45.722082692970176,48.369232177734375,67020,0.0,0.0
2008-07-09 00:00:00-04:00,48.4475452685543,48.55719245389912,46.473934173583984,46.473934173583984,49660,0.0,0.0
2008-07-10 00:00:00-04:00,46.36429709652593,48.24393076260131,46.019695679016536,46.646240234375,50880,0.0,0.0
2008-07-11 00:00:00-04:00,46.661909057601996,47.93066285388305,46.270318674808834,47.46075439453125,37520,0.0,0.0
2008-07-14 00:00:00-04:00,47.789696975668804,48.55721326151301,46.52094302796569,47.335453033447266,52960,0.0,0.0
2008-07-15 00:00:00-04:00,46.630581556376654,48.43189719597899,45.78474256235185,47.69570541381836,55640,0.0,0.0
2008-07-16 00:00:00-04:00,47.21013909617725,48.16562065711388,46.614923582233196,47.85234832763672,41860,0.0,0.0
2008-07-17 00:00:00-04:00,47.19445106133812,48.77647649473812,46.5835712785828,48.400550842285156,28780,0.0,0.0
2008-07-18 00:00:00-04:00,48.682504219765576,49.340377836311745,47.867999263259165,48.11861801147461,22740,0.0,0.0
2008-07-21 00:00:00-04:00,48.494532827972286,48.94877651802881,48.22824957165263,48.74515151977539,25440,0.0,0.0
2008-07-22 00:00:00-04:00,48.32225300140975,49.105433763183,47.727037534524484,48.77649688720703,26660,0.0,0.0
2008-07-23 00:00:00-04:00,49.434359359145844,49.95125663190732,48.165605858548226,48.57286071777344,31920,0.0,0.0
2008-07-24 00:00:00-04:00,48.47889154286626,49.152425119121446,47.601728090421275,47.868011474609375,24540,0.0,0.0
2008-07-25 00:00:00-04:00,48.32224142585572,49.66931296944702,47.63304347662328,49.074092864990234,15020,0.0,0.0
2008-07-28 00:00:00-04:00,48.79214791943949,49.59099303081278,48.228256971402196,48.557193756103516,15420,0.0,0.0
2008-07-29 00:00:00-04:00,48.44756416895129,50.26454464822783,48.431904376496725,49.59101104736328,24800,0.0,0.0
2008-07-30 00:00:00-04:00,49.55968465419621,51.58029034915076,49.55968465419621,50.48383712768555,28680,0.0,0.0
2008-07-31 00:00:00-04:00,50.04526431063872,50.98508148079156,49.10544714048588,50.29588317871094,19000,0.0,0.0
2008-08-01 00:00:00-04:00,50.98507457500037,51.20436426230237,49.10544048928607,49.95127487182617,20280,0.0,0.0
2008-08-04 00:00:00-04:00,50.029580263702954,50.12356290017187,46.59924988375354,46.661903381347656,33920,0.0,0.0
2008-08-05 00:00:00-04:00,47.06917022182039,48.463231212458616,45.72209817125444,46.458290100097656,48720,0.0,0.0
2008-08-06 00:00:00-04:00,46.176332721500515,46.74022378838927,44.0930739462277,46.583587646484375,46060,0.0,0.0
2008-08-07 00:00:00-04:00,45.51845702202346,45.53412158991475,41.50857142975913,43.12192153930664,72540,0.0,0.0
2008-08-08 00:00:00-04:00,42.9339726345771,44.40635159017785,42.354416927510506,43.49786376953125,23360,0.0,0.0
2008-08-11 00:00:00-04:00,43.732819690191754,44.59431860774086,43.59184331592219,44.01476287841797,18160,0.0,0.0
2008-08-12 00:00:00-04:00,43.70148528669112,44.20272287229258,42.90263997595699,43.10626983642578,28320,0.0,0.0
2008-08-13 00:00:00-04:00,43.01227937489764,45.487128151175376,42.29175226909684,44.71961212158203,31320,0.0,0.0
2008-08-14 00:00:00-04:00,44.32803126008675,46.78722077209037,44.32803126008675,46.44261932373047,28700,0.0,0.0
2008-08-15 00:00:00-04:00,46.89686702717962,46.89686702717962,45.032897612468716,45.33050537109375,25400,0.0,0.0
2008-08-18 00:00:00-04:00,45.23652015058419,46.72456363948704,45.23652015058419,45.89439392089844,13620,0.0,0.0
2008-08-19 00:00:00-04:00,46.23897945914968,46.23897945914968,44.71960734991054,45.2678337097168,19780,0.0,0.0
2008-08-20 00:00:00-04:00,45.36432463712935,46.16837149384021,44.46379117611067,45.55729293823242,27320,3.75,0.0
2008-08-21 00:00:00-04:00,45.428663278674705,45.637713571464666,44.56029335148784,45.05880355834961,17920,0.0,0.0
2008-08-22 00:00:00-04:00,45.17135770563654,46.023650436694275,45.02663023281941,45.428653717041016,23700,0.0,0.0
2008-08-25 00:00:00-04:00,45.39648719638397,45.83067449672656,44.31906726675817,44.64068603515625,13860,0.0,0.0
2008-08-26 00:00:00-04:00,44.52812363288114,44.93014714872064,43.91704985181053,44.38339614868164,32660,0.0,0.0
2008-08-27 00:00:00-04:00,43.77231878847599,46.4095918552383,43.46677701541033,46.1844596862793,28300,0.0,0.0
2008-08-28 00:00:00-04:00,46.023647793159604,46.6508034110197,45.50905579990811,46.31310272216797,22520,0.0,0.0
2008-08-29 00:00:00-04:00,46.313095621959434,47.13322433843407,45.66985818276555,46.6025505065918,17880,0.0,0.0
2008-09-02 00:00:00-04:00,47.068915680582904,47.13323846227467,45.76635849439149,46.827701568603516,27980,0.0,0.0
2008-09-03 00:00:00-04:00,46.538249778665055,48.41972214213377,46.538249778665055,47.80864334106445,33320,0.0,0.0
2008-09-04 00:00:00-04:00,47.744319172888176,47.76040109752154,46.05582014418792,46.81162643432617,28580,0.0,0.0
2008-09-05 00:00:00-04:00,46.473915756672056,46.71512985229492,45.026631182934864,46.71512985229492,24620,0.0,0.0
2008-09-08 00:00:00-04:00,47.88902992191438,48.17848974148193,46.956337509726254,47.42268371582031,29660,0.0,0.0
2008-09-09 00:00:00-04:00,47.213639498051954,48.53227359658112,43.6758327972206,44.045692443847656,46340,0.0,0.0
2008-09-10 00:00:00-04:00,43.65975173693366,47.43877260550803,43.48286041690197,47.00458526611328,50480,0.0,0.0
2008-09-11 00:00:00-04:00,45.380419194266906,46.53824404587862,44.68893576040907,46.21662521362305,35760,0.0,0.0
2008-09-12 00:00:00-04:00,45.68596041519267,46.90811307461192,45.573391850273566,46.81162643432617,27140,0.0,0.0
2008-09-15 00:00:00-04:00,44.43163551746559,46.6990490522605,44.22258525924544,44.3029899597168,27140,0.0,0.0
2008-09-16 00:00:00-04:00,43.53110689141841,46.10405731201172,42.96827398691363,46.10405731201172,38960,0.0,0.0
2008-09-17 00:00:00-04:00,45.38040796084378,45.557294348786925,41.311927795410156,41.311927795410156,41920,0.0,0.0
2008-09-18 00:00:00-04:00,42.03558210447328,42.678819795153856,37.46859548214396,40.684783935546875,53780,0.0,0.0
2008-09-19 00:00:00-04:00,43.12907636554458,45.7020263671875,41.87476029523605,45.7020263671875,80220,0.0,0.0
2008-09-22 00:00:00-04:00,45.25176462894919,45.46081979553826,43.43462035386607,43.547183990478516,21360,0.0,0.0
2008-09-23 00:00:00-04:00,43.45070459436131,43.756241492205625,41.50490974964833,42.01949691772461,21720,0.0,0.0
2008-09-24 00:00:00-04:00,42.260706362465,43.64366811869764,41.4245004664385,42.180301666259766,16440,0.0,0.0
2008-09-25 00:00:00-04:00,42.46976203398061,43.33813178206289,41.81044253557088,43.17732238769531,27200,0.0,0.0
2008-09-26 00:00:00-04:00,41.955171812343245,42.180303992631984,40.716939913241724,42.09989929199219,20260,0.0,0.0
2008-09-29 00:00:00-04:00,41.64964030918398,41.89085444224875,39.63952253364421,39.81641387939453,28460,0.0,0.0
2008-09-30 00:00:00-04:00,39.687753021681,42.77529243609121,39.687753021681,42.56624221801758,23560,0.0,0.0
2008-10-01 00:00:00-04:00,42.38935515520732,42.56624646141051,40.813422680759864,41.183284759521484,20840,0.0,0.0
2008-10-02 00:00:00-04:00,40.652616327308216,41.48882470661264,38.22439343468209,38.481689453125,22300,0.0,0.0
2008-10-03 00:00:00-04:00,38.85154952008996,40.55612757808861,37.50074917480567,37.581153869628906,17700,0.0,0.0
2008-10-06 00:00:00-04:00,36.55197629444412,36.55197629444412,31.02013158573156,33.96294403076172,56280,0.0,0.0
2008-10-07 00:00:00-04:00,34.0755088344777,35.7640074331931,29.830141910638748,29.846223831176758,53720,0.0,0.0
2008-10-08 00:00:00-04:00,28.849194207540222,28.849194207540222,23.365597263147357,26.533540725708008,106460,0.0,0.0
2008-10-09 00:00:00-04:00,26.93557004043303,27.996912886215306,21.918318081861845,22.23993682861328,99660,0.0,0.0
2008-10-10 00:00:00-04:00,21.307247482271002,21.725352942671172,16.097022192173945,21.33940887451172,154200,0.0,0.0
2008-10-13 00:00:00-04:00,24.137490096725344,28.17380425932879,22.529396218296114,28.077320098876953,79100,0.0,0.0
2008-10-14 00:00:00-04:00,28.961777934796178,29.444206201647262,26.179774438536857,26.95166015625,68660,0.0,0.0
2008-10-15 00:00:00-04:00,26.469229351875793,26.758684321231648,25.00586276787978,25.086267471313477,41920,0.0,0.0
2008-10-16 00:00:00-04:00,24.989777656883028,28.157724530931972,24.523431417978177,27.755701065063477,62200,0.0,0.0
2008-10-17 00:00:00-04:00,26.56570816073659,30.441215065367796,26.56570816073659,27.980831146240234,44460,0.0,0.0
2008-10-20 00:00:00-04:00,28.94569754477828,30.93973350524902,28.14165039075666,30.939733505249023,37660,0.0,0.0
2008-10-21 00:00:00-04:00,30.392974516327154,30.7789160683652,29.170822178612436,29.52460479736328,22980,0.0,0.0
2008-10-22 00:00:00-04:00,28.897455708988637,29.460288745711456,27.064229085165813,27.83611488342285,27680,0.0,0.0
2008-10-23 00:00:00-04:00,26.324501705850324,29.251232674953233,25.77775065639134,27.353683471679688,34020,0.0,0.0
2008-10-24 00:00:00-04:00,25.03802522300077,26.533553261201703,19.313210340505062,25.070186614990234,48000,0.0,0.0
2008-10-27 00:00:00-04:00,24.60384108513237,25.311401546600695,23.494257076521357,23.751550674438477,42000,0.0,0.0
2008-10-28 00:00:00-04:00,24.52343213446529,26.16368743237985,22.947499611466366,25.74558448791504,48420,0.0,0.0
2008-10-29 00:00:00-04:00,26.726515441150063,27.530562250172366,25.745579806396535,26.01895523071289,40260,0.0,0.0
2008-10-30 00:00:00-04:00,27.192868921315615,27.69137655972649,26.067203187556355,27.530567169189453,34940,0.0,0.0
2008-10-31 00:00:00-04:00,27.27326783956706,28.89744086770525,27.0320538048554,28.80095672607422,32740,0.0,0.0
2008-11-03 00:00:00-05:00,28.784881900262963,30.055275147878053,28.656233892638948,29.830142974853516,28000,0.0,0.0
2008-11-04 00:00:00-05:00,31.35782085301829,31.679439528433864,29.86229352158473,30.698501586914062,34160,0.0,0.0
2008-11-05 00:00:00-05:00,30.023108771487177,31.582959163669578,28.68839051492672,28.72055435180664,26380,0.0,0.0
2008-11-06 00:00:00-05:00,27.82002414812978,28.061238230338994,24.37870422344755,24.635997772216797,68300,0.0,0.0
2008-11-07 00:00:00-05:00,25.745583527724456,26.51746661295078,24.185730529751424,25.005859375,29660,0.0,0.0
2008-11-10 00:00:00-05:00,25.890310259395434,26.340577015527508,24.169650378870127,24.587753295898438,32380,0.0,0.0
2008-11-11 00:00:00-05:00,24.18573544540643,25.906398178145583,24.18573544540643,24.94154167175293,46740,0.0,0.0
2008-11-12 00:00:00-05:00,24.925457760958146,25.05410577563703,22.674126092226444,22.770612716674805,54060,0.0,0.0
2008-11-13 00:00:00-05:00,23.204013013493515,26.054507071365734,22.003805926231543,25.95448875427246,58300,2.5,0.0
2008-11-14 00:00:00-05:00,25.054335519006557,25.72111755520861,23.05398941040039,23.05398941040039,36940,0.0,0.0
2008-11-17 00:00:00-05:00,22.92062779432725,23.937471208449473,22.50388910715766,23.287357330322266,35400,0.0,0.0
2008-11-18 00:00:00-05:00,23.254022176049737,23.770779241834983,21.320354636556154,21.90378761291504,36840,0.0,0.0
2008-11-19 00:00:00-05:00,21.370366844019802,21.670419312444974,19.403360315654083,19.43669891357422,48180,0.0,0.0
2008-11-20 00:00:00-05:00,20.136825834450402,21.503729031621926,18.069800463875218,19.270008087158203,78840,0.0,0.0
2008-11-21 00:00:00-05:00,19.686745797306013,21.603746049567487,17.002947478997903,20.33685874938965,88600,0.0,0.0
2008-11-24 00:00:00-05:00,20.67024570431284,22.437219338400613,19.93678511851229,22.20384407043457,34100,0.0,0.0
2008-11-25 00:00:00-05:00,22.637252716156226,23.337373409733875,20.903619008504528,22.270523071289062,39880,0.0,0.0
2008-11-26 00:00:00-05:00,21.737088288484227,24.98764995616288,21.57039281834686,24.95431137084961,37760,0.0,0.0
2008-11-28 00:00:00-05:00,24.570921555964457,24.870974036402806,23.337375578528228,24.787626266479492,19540,0.0,0.0
2008-12-01 00:00:00-05:00,23.587422374918297,24.704282148267076,20.5368930360907,20.636911392211914,43140,0.0,0.0
2008-12-02 00:00:00-05:00,21.30368355547003,23.42071571259145,21.203665246742208,23.37070655822754,56020,0.0,0.0
2008-12-03 00:00:00-05:00,22.353873541059137,23.35404680833566,21.437048046055658,22.570575714111328,38560,0.0,0.0
2008-12-04 00:00:00-05:00,21.87045365451299,23.28736570014891,21.170332917148464,21.3703670501709,33300,0.0,0.0
2008-12-05 00:00:00-05:00,20.95362438091007,22.88729324813696,20.836938036619312,22.837284088134766,40280,0.0,0.0
2008-12-08 00:00:00-05:00,23.337381052416422,25.587771368185148,23.337381052416422,25.087684631347656,64980,0.0,0.0
2008-12-09 00:00:00-05:00,24.754278006143128,26.82130087609634,24.587582531354286,25.171016693115234,61100,0.0,0.0
2008-12-10 00:00:00-05:00,25.50441136886485,27.40473904166541,25.254368120150488,26.704618453979492,28000,0.0,0.0
2008-12-11 00:00:00-05:00,26.20453597635186,26.93799781123728,24.37088520449608,24.80429458618164,27140,0.0,0.0
2008-12-12 00:00:00-05:00,23.837459065554942,25.821134711623472,22.787276793812648,25.721118927001953,22480,0.0,0.0
2008-12-15 00:00:00-05:00,25.68779657281268,26.371247102327796,23.804135520452117,24.320890426635742,20400,0.0,0.0
2008-12-16 00:00:00-05:00,24.80429598330663,26.454580753501915,24.554252682151468,26.371232986450195,30520,0.0,0.0
2008-12-17 00:00:00-05:00,25.837808387780264,27.004677153680017,25.837808387780264,26.58793830871582,33560,0.0,0.0
2008-12-18 00:00:00-05:00,26.98800598699856,27.388076795480398,25.054339315171667,25.3210506439209,32440,0.0,0.0
2008-12-19 00:00:00-05:00,26.32122531660792,26.32122531660792,24.33754936522716,24.637601852416992,44520,0.0,0.0
2008-12-22 00:00:00-05:00,24.670942891240237,24.687613464676787,22.50390061025292,23.204021453857422,46600,0.0,0.0
2008-12-23 00:00:00-05:00,23.22068836383077,24.18752296845095,22.75394036054117,23.104001998901367,45660,0.0,0.0
2008-12-24 00:00:00-05:00,23.20401734637166,23.737442535475342,23.003983218404272,23.187349319458008,8900,0.0,0.0
2008-12-26 00:00:00-05:00,23.037320899680875,23.387382517381898,22.520566301612508,22.737268447875977,18960,0.0,0.0
2008-12-29 00:00:00-05:00,22.837290209784353,23.337376856713938,22.520569684157838,22.787281036376953,21280,0.0,0.0
2008-12-30 00:00:00-05:00,22.753943778596376,22.870630161054194,21.337031528647152,21.80377960205078,50560,0.0,0.0
2008-12-31 00:00:00-05:00,21.803778772366332,24.770960115125156,20.836944059300343,24.4208984375,47960,0.0,0.0
2009-01-02 00:00:00-05:00,24.454237742487756,25.8544819496816,24.38756053700953,25.70445442199707,18880,0.0,0.0
2009-01-05 00:00:00-05:00,25.73779167784156,26.104523919497225,25.2543756044914,25.554428100585938,25620,0.0,0.0
2009-01-06 00:00:00-05:00,26.037842913486987,27.004677556956644,25.837808773631355,26.53792953491211,29180,0.0,0.0
2009-01-07 00:00:00-05:00,25.58776890135322,26.104526163695514,25.171029994165057,25.57109832763672,22360,0.0,0.0
2009-01-08 00:00:00-05:00,25.58776651140449,26.40457367577289,23.003985528168204,24.887645721435547,45940,0.0,0.0
2009-01-09 00:00:00-05:00,25.02100004240473,25.704450188496093,24.25419958783479,24.304208755493164,20480,0.0,0.0
2009-01-12 00:00:00-05:00,24.187525475809878,24.55425517942098,23.337377147989915,23.387386322021484,15560,0.0,0.0
2009-01-13 00:00:00-05:00,23.42072717857263,24.154186656415657,23.370717999725947,23.73744773864746,17080,0.0,0.0
2009-01-14 00:00:00-05:00,23.33736982971423,24.63759522894117,22.920631082755047,24.120838165283203,30300,0.0,0.0
2009-01-15 00:00:00-05:00,24.120850653694824,24.704285201507076,22.920642949767032,24.58759880065918,21180,0.0,0.0
2009-01-16 00:00:00-05:00,25.204367612909817,25.204367612909817,23.454064271130353,24.2708740234375,14380,0.0,0.0
2009-01-20 00:00:00-05:00,23.754114735170482,24.15418301854451,22.53723676984733,22.58724594116211,26420,0.0,0.0
2009-01-21 00:00:00-05:00,22.887295967049447,24.58758980411088,22.587243514962875,24.437564849853516,21200,0.0,0.0
2009-01-22 00:00:00-05:00,23.687439731756616,24.67094250331102,23.437396395574407,23.987489700317383,20120,0.0,0.0
2009-01-23 00:00:00-05:00,23.270703410272997,24.48757907933868,23.254032835255945,24.10418128967285,28180,0.0,0.0
2009-01-26 00:00:00-05:00,24.104177905227544,25.204367025415237,23.637429849584763,24.4208984375,20420,0.0,0.0
2009-01-27 00:00:00-05:00,24.92097687738822,25.5377497094521,24.2708654545371,25.22102928161621,15180,0.0,0.0
2009-01-28 00:00:00-05:00,25.687784344845355,26.72129620881089,25.604436572855036,26.38790512084961,15240,0.0,0.0
2009-01-29 00:00:00-05:00,25.837805722680738,26.83797884742967,25.15435307000692,25.637771606445312,13140,0.0,0.0
2009-01-30 00:00:00-05:00,25.904475764757706,26.75462370360924,24.8709643297811,25.171016693115234,16740,0.0,0.0
2009-02-02 00:00:00-05:00,24.904313107951456,25.887818337841345,24.170853736145546,25.68778419494629,21380,0.0,0.0
2009-02-03 00:00:00-05:00,25.821148376043293,27.471436403125676,25.18770710751122,27.038026809692383,36260,0.0,0.0
2009-02-04 00:00:00-05:00,26.83797671263308,28.271559094835904,26.83797671263308,27.571435928344727,32500,0.0,0.0
2009-02-05 00:00:00-05:00,27.071357192431257,28.171548876024453,26.621279701351245,27.771480560302734,22920,0.0,0.0
2009-02-06 00:00:00-05:00,26.837986233502527,27.154706792742196,24.087509383485187,24.68761444091797,65380,0.0,0.0
2009-02-09 00:00:00-05:00,24.72094724987576,25.42106795702704,24.704276679688295,25.154354095458984,31680,0.0,0.0
2009-02-10 00:00:00-05:00,24.687600833656028,25.40438934039118,24.33753931917102,25.171016693115234,44460,0.0,0.0
2009-02-11 00:00:00-05:00,25.77113455180989,26.93800346992546,25.604438992079096,26.604612350463867,62500,0.0,0.0
2009-02-12 00:00:00-05:00,25.754459962832165,28.6049546072152,25.754459962832165,28.47159767150879,63420,0.0,0.0
2009-02-13 00:00:00-05:00,27.338141099857054,28.99602129133081,27.338141099857054,28.370086669921875,33940,1.25,0.0
2009-02-17 00:00:00-05:00,27.101306552264255,28.014835305634836,26.018608675701362,26.187780380249023,29460,0.0,0.0
2009-02-18 00:00:00-05:00,25.950937203246298,26.390784646564466,25.155830746191363,26.204694747924805,43720,0.0,0.0
2009-02-19 00:00:00-05:00,26.559959917333494,27.676494296719046,25.798687180849413,26.864469528198242,24980,0.0,0.0
2009-02-20 00:00:00-05:00,26.255443638255347,27.185887857648996,25.189661561587997,25.866348266601562,34180,0.0,0.0
2009-02-23 00:00:00-05:00,25.52800794138361,26.204694726643403,23.684037484092766,23.785541534423828,40740,0.0,0.0
2009-02-24 00:00:00-05:00,23.548695763982145,25.054325164046844,23.024265139887092,24.76673126220703,23220,0.0,0.0
2009-02-25 00:00:00-05:00,24.85132778796085,25.105085400151147,22.83818509712685,23.819381713867188,20640,0.0,0.0
2009-02-26 00:00:00-05:00,24.039303273711848,24.276142657338735,22.973520884679502,23.024272918701172,13840,0.0,0.0
2009-02-27 00:00:00-05:00,22.466006702511113,23.41336686034631,22.279916763305664,22.279916763305664,30220,0.0,0.0
2009-03-02 00:00:00-05:00,21.738563598820747,22.161492851716094,19.200988081448678,19.403993606567383,49760,0.0,0.0
2009-03-03 00:00:00-05:00,19.387077529993146,20.503610547613707,18.693473783492323,18.811893463134766,34460,0.0,0.0
2009-03-04 00:00:00-05:00,19.116404334002244,20.926541219269392,19.116404334002244,20.402109146118164,31420,0.0,0.0
2009-03-05 00:00:00-05:00,19.894590638806775,20.216017110413297,18.625802954052805,18.761140823364258,32160,0.0,0.0
2009-03-06 00:00:00-05:00,18.997981979668285,20.283686611308536,18.7103893220224,19.184070587158203,24520,0.0,0.0
2009-03-09 00:00:00-04:00,18.862646038369082,19.640835661637098,18.60888846834618,19.048734664916992,28580,0.0,0.0
2009-03-10 00:00:00-04:00,19.53933323086716,22.161494833277903,19.53933323086716,21.48480796813965,29240,0.0,0.0
2009-03-11 00:00:00-04:00,21.603226546699627,22.398333056238744,20.723534183350914,20.96037483215332,21880,0.0,0.0
2009-03-12 00:00:00-04:00,20.740452489086493,22.364500733180392,19.640836315701964,22.17841339111328,19920,0.0,0.0
2009-03-13 00:00:00-04:00,22.449084088432407,23.68403801551232,21.75548166679129,21.992321014404297,19440,0.0,0.0
2009-03-16 00:00:00-04:00,22.110742999313025,24.343809157913455,22.110742999313025,22.65209197998047,23900,0.0,0.0
2009-03-17 00:00:00-04:00,22.669010435185392,25.20658623016883,22.449086683349044,25.155834197998047,34020,0.0,0.0
2009-03-18 00:00:00-04:00,25.07124135407151,25.764846244025094,24.02237750059806,25.206579208374023,37500,0.0,0.0
2009-03-19 00:00:00-04:00,25.714100457484427,26.526125198728717,25.257337347208107,25.883272171020508,25820,0.0,0.0
2009-03-20 00:00:00-04:00,26.06935955368085,26.204694846266424,23.396446223431916,23.497947692871094,45700,0.0,0.0
2009-03-23 00:00:00-04:00,24.445319199712024,26.999813795684613,24.03930801025236,26.8983097076416,60120,0.0,0.0
2009-03-24 00:00:00-04:00,26.153945087507402,26.306198580511687,24.360724087419182,24.529895782470703,47580,0.0,0.0
2009-03-25 00:00:00-04:00,24.699064725417443,25.950934096766495,24.259217334751604,25.764846801757812,38740,0.0,0.0
2009-03-26 00:00:00-04:00,26.204700893448464,26.74605251413785,25.90019383350548,26.62763023376465,34100,0.0,0.0
2009-03-27 00:00:00-04:00,25.917106936493077,26.069363033005434,24.81749075866692,25.155834197998047,33920,0.0,0.0
2009-03-30 00:00:00-04:00,24.445313778009474,25.291172386245094,23.531787513657246,24.411479949951172,29960,0.0,0.0
2009-03-31 00:00:00-04:00,24.749816923150217,25.5787571099774,24.41147356830566,24.614479064941406,27160,0.0,0.0
2009-04-01 00:00:00-04:00,24.02237863910996,25.663343424242953,24.02237863910996,25.56184196472168,22160,0.0,0.0
2009-04-02 00:00:00-04:00,26.390781429935366,27.338143847141676,25.967852240353068,26.255443572998047,27620,0.0,0.0
2009-04-03 00:00:00-04:00,26.25544036844487,26.695287704467773,25.849429428542653,26.695287704467773,12720,0.0,0.0
2009-04-06 00:00:00-04:00,26.137026636244816,26.221612482964055,24.529895548579276,25.52800750732422,29140,0.0,0.0
2009-04-07 00:00:00-04:00,25.375755906651236,25.511093787757783,23.582534790039062,23.582534790039062,32340,0.0,0.0
2009-04-08 00:00:00-04:00,23.751707514575898,24.479146398030814,23.041186834993038,24.208473205566406,23680,0.0,0.0
2009-04-09 00:00:00-04:00,24.36072540283203,24.682150608243923,23.51486688190036,24.36072540283203,30620,0.0,0.0
2009-04-13 00:00:00-04:00,24.30997861931947,24.36073065779439,23.31186638185498,24.05622100830078,27040,0.0,0.0
2009-04-14 00:00:00-04:00,23.650198653368886,23.836285931099766,22.92275999697262,23.294937133789062,33060,0.0,0.0
2009-04-15 00:00:00-04:00,23.261113248815814,24.14080574268169,23.024273855552003,23.73479461669922,13860,0.0,0.0
2009-04-16 00:00:00-04:00,23.971628109993958,24.394557337697997,23.36261157091323,24.2423038482666,18420,0.0,0.0
2009-04-17 00:00:00-04:00,24.326894260941295,24.546818016906936,23.8701311255392,24.022384643554688,26960,0.0,0.0
2009-04-20 00:00:00-04:00,23.684044366852522,23.700962573942665,22.499842148509895,22.804351806640625,26980,0.0,0.0
2009-04-21 00:00:00-04:00,22.161495322306447,23.6502069747325,22.161495322306447,23.4641170501709,20100,0.0,0.0
2009-04-22 00:00:00-04:00,22.905848160692923,24.32689205236565,22.838180510241774,22.956600189208984,19300,0.0,0.0
2009-04-23 00:00:00-04:00,23.04118604295062,23.091938071466682,22.466003270049654,22.956600189208984,20820,0.0,0.0
2009-04-24 00:00:00-04:00,23.328777440458595,23.49794914802205,22.55058913447993,22.855098724365234,22280,0.0,0.0
2009-04-27 00:00:00-04:00,22.5505868573336,22.753592369639275,21.552473625362605,21.907733917236328,28020,0.0,0.0
2009-04-28 00:00:00-04:00,21.9415735967998,22.381421142017416,21.501727342260097,21.653982162475586,17340,0.0,0.0
2009-04-29 00:00:00-04:00,22.11074091510264,23.633286231723627,21.975403037354155,23.413362503051758,35000,0.0,0.0
2009-04-30 00:00:00-04:00,23.7517075596552,24.005465130084655,22.178412688076943,22.381418228149414,24160,0.0,0.0
2009-05-01 00:00:00-04:00,22.364500435827775,23.56562065717409,22.093827237868343,22.939685821533203,21660,0.0,0.0
2009-05-04 00:00:00-04:00,23.31186304753152,26.526125660695147,23.091939299833427,26.3231201171875,65540,0.0,0.0
2009-05-05 00:00:00-04:00,26.187776553162134,26.59378755219985,25.375751973731724,26.306196212768555,48120,0.0,0.0
2009-05-06 00:00:00-04:00,26.81371193275848,26.898297774817657,25.544924301870857,26.103191375732422,38380,0.0,0.0
2009-05-07 00:00:00-04:00,26.39078555167471,26.627624902288638,24.96974428528051,25.257335662841797,29080,0.0,0.0
2009-05-08 00:00:00-04:00,25.917105067887576,28.674604415893555,25.375756120259783,28.674604415893555,44960,0.0,0.0
2009-05-11 00:00:00-04:00,27.778000565632702,27.896420273218578,25.358844047709695,25.46034812927246,48200,0.0,0.0
2009-05-12 00:00:00-04:00,25.663350407781362,26.407707553600915,25.20658726225328,25.646434783935547,20960,0.0,0.0
2009-05-13 00:00:00-04:00,25.257338408041832,25.950940913858478,24.614485353333144,24.78365707397461,32280,0.0,0.0
2009-05-14 00:00:00-04:00,23.853211747424197,24.496064778874107,23.3287783998677,23.802459716796875,40440,0.0,0.0
2009-05-15 00:00:00-04:00,23.430286227234873,23.481038266019926,20.87579318550587,21.38330841064453,85620,0.0,0.0
2009-05-18 00:00:00-04:00,21.73856314007236,23.34569426715942,21.670895493579213,23.244190216064453,48120,0.0,0.0
2009-05-19 00:00:00-04:00,22.990434514102805,23.75170721432284,22.77051335467916,23.27802848815918,49320,0.0,0.0
2009-05-20 00:00:00-04:00,23.63328296569768,24.106964181678855,23.36260982896198,23.71786880493164,36400,0.0,0.0
2009-05-21 00:00:00-04:00,23.39644545119789,24.090047837548937,23.00735004446893,23.98854637145996,39160,0.0,0.0
2009-05-22 00:00:00-04:00,24.090047983415243,24.411475748031148,23.362611770629883,23.362611770629883,31180,0.0,0.0
2009-05-26 00:00:00-04:00,23.00735640852419,24.783659660652894,22.905852333003057,24.699073791503906,37520,0.0,0.0
2009-05-27 00:00:00-04:00,24.496065810774734,25.17275269736323,24.208474400245745,24.411479949951172,35380,0.0,0.0
2009-05-28 00:00:00-04:00,24.783665374299854,25.122008928897806,24.07314442591545,24.71599769592285,38980,0.0,0.0
2009-05-29 00:00:00-04:00,24.80056635183127,25.375748962437996,24.529890663690065,25.324996948242188,39100,0.0,0.0
2009-06-01 00:00:00-04:00,25.764855346340287,26.81371957036085,25.426511881730054,26.492294311523438,39220,0.0,0.0
2009-06-02 00:00:00-04:00,26.1877727389127,26.830625544886715,25.42650029058009,26.695287704467773,65280,0.0,0.0
2009-06-03 00:00:00-04:00,26.137023943551174,26.137023943551174,25.561841277659006,26.120105743408203,16660,0.0,0.0
2009-06-04 00:00:00-04:00,26.001691669986684,26.526125010774802,24.546816492698362,26.39078712463379,45260,0.0,0.0
2009-06-05 00:00:00-04:00,26.762964762354386,26.762964762354386,25.071247614527238,25.375757217407227,52280,0.0,0.0
2009-06-08 00:00:00-04:00,25.223501755671688,26.086275885516855,25.037411851262075,25.612594604492188,35900,0.0,0.0
2009-06-09 00:00:00-04:00,25.66334711317696,26.221614255533588,25.595679463769343,26.05244255065918,13060,0.0,0.0
2009-06-10 00:00:00-04:00,26.25544860972254,26.59379202629462,25.375756242906203,26.356952667236328,32060,0.0,0.0
2009-06-11 00:00:00-04:00,26.170862723638812,26.79679752726215,26.170862723638812,26.475372314453125,19200,0.0,0.0
2009-06-12 00:00:00-04:00,25.950938445069085,26.441537937070517,25.714099091244503,26.187780380249023,24180,0.0,0.0
2009-06-15 00:00:00-04:00,25.714101537502664,26.153949043712714,24.78365707397461,24.78365707397461,41760,0.0,0.0
2009-06-16 00:00:00-04:00,25.206579350044226,25.443418660388595,23.81937214369532,24.073129653930664,21480,0.0,0.0
2009-06-17 00:00:00-04:00,23.98854324099088,24.36072039745887,23.176518711471285,23.75170135498047,33820,0.0,0.0
2009-06-18 00:00:00-04:00,23.68403921168594,24.529897754960434,23.430281648703588,24.293058395385742,22040,0.0,0.0
2009-06-19 00:00:00-04:00,24.715985790647505,24.78365343643014,23.76862326155928,24.14080047607422,41680,0.0,0.0
2009-06-22 00:00:00-04:00,23.75170416581362,24.259219234154553,22.499834696448037,22.533668518066406,26740,0.0,0.0
2009-06-23 00:00:00-04:00,22.685931614283962,23.15961042637205,22.313751717134856,22.516759872436523,23280,0.0,0.0
2009-06-24 00:00:00-04:00,22.83818307770911,24.090052821278295,22.702845180236732,22.87201690673828,21940,0.0,0.0
2009-06-25 00:00:00-04:00,22.53366586614606,23.396442413330078,22.43216441323635,23.396442413330078,13640,0.0,0.0
2009-06-26 00:00:00-04:00,23.328772181413477,23.83628718969387,22.415246199050696,23.75170135498047,168260,0.0,0.0
2009-06-29 00:00:00-04:00,23.78554239824514,24.191553451604058,22.8889318589426,23.058103561401367,18040,0.0,0.0
2009-06-30 00:00:00-04:00,23.447197719348704,23.768622904013935,23.024268486181196,23.07501792907715,18140,0.0,0.0
2009-07-01 00:00:00-04:00,23.244189400057024,24.123884261716952,23.1426879338806,23.870126724243164,23040,0.0,0.0
2009-07-02 00:00:00-04:00,23.684041616915838,23.85321334275095,22.90585064553205,23.024272918701172,20720,0.0,0.0
2009-07-06 00:00:00-04:00,22.584422959721543,23.041186053871797,22.1614936908129,22.855098724365234,19860,0.0,0.0
2009-07-07 00:00:00-04:00,22.990436927357656,22.990436927357656,22.059992418310934,22.127662658691406,19180,0.0,0.0
2009-07-08 00:00:00-04:00,22.195332771910937,22.770518262643897,21.484811948164115,22.296836853027344,20320,0.0,0.0
2009-07-09 00:00:00-04:00,22.4659996651748,22.516751685547234,21.856980583415535,22.195323944091797,15880,0.0,0.0
2009-07-10 00:00:00-04:00,21.958485901287947,22.27991108008281,21.586307408491287,22.144573211669922,11340,0.0,0.0
2009-07-13 00:00:00-04:00,22.33066300700106,22.601338742658275,21.62014242759478,22.533668518066406,27440,0.0,0.0
2009-07-14 00:00:00-04:00,22.313751717134856,22.77051748520768,22.076912311090812,22.516759872436523,25360,0.0,0.0
2009-07-15 00:00:00-04:00,23.041189338219567,24.106971764059676,22.550592348896803,24.09005355834961,23600,0.0,0.0
2009-07-16 00:00:00-04:00,23.853210836600145,24.597565319526353,23.700957331887412,24.546815872192383,16540,0.0,0.0
2009-07-17 00:00:00-04:00,24.462228094621388,24.952824976878958,23.920876606310017,24.665233612060547,20520,0.0,0.0
2009-07-20 00:00:00-04:00,24.868237041895522,25.56184196472168,24.479141660343167,25.56184196472168,28560,0.0,0.0
2009-07-21 00:00:00-04:00,26.55995311551881,26.86446264840084,25.528004860017194,26.13702392578125,40500,0.0,0.0
2009-07-22 00:00:00-04:00,25.883274260791644,26.390789442375794,25.325007044777937,25.494178771972656,16980,0.0,0.0
2009-07-23 00:00:00-04:00,25.34192114818732,26.695294746687523,24.95282572234746,26.526123046875,28940,0.0,0.0
2009-07-24 00:00:00-04:00,26.509197851222407,26.81370734682637,25.781759217655882,26.695287704467773,16100,0.0,0.0
2009-07-27 00:00:00-04:00,26.390789410036607,26.982890454492555,26.255451512175537,26.94905662536621,17400,0.0,0.0
2009-07-28 00:00:00-04:00,26.949054291618292,26.982888117814674,25.849438161425216,26.39078712463379,15000,0.0,0.0
2009-07-29 00:00:00-04:00,26.035524347629593,26.373867757378413,25.798684993347564,26.05244255065918,13400,0.0,0.0
2009-07-30 00:00:00-04:00,26.47537596041676,26.93213911886206,26.137032497663828,26.847553253173828,18380,0.0,0.0
2009-07-31 00:00:00-04:00,26.898297675008752,27.405812725480615,26.610706329345703,26.610706329345703,25160,0.0,0.0
2009-08-03 00:00:00-04:00,26.949062822632097,27.321240191319998,26.55996724481263,27.219736099243164,17000,0.0,0.0
2009-08-04 00:00:00-04:00,26.898303315930978,27.236646753867216,26.847551283969427,26.98288917541504,11480,0.0,0.0
2009-08-05 00:00:00-04:00,27.067473824140677,27.30431318755972,26.475372834237596,26.779882431030273,9780,0.0,0.0
2009-08-06 00:00:00-04:00,27.01672473206838,27.08439497280002,25.79868879381201,26.0355281829834,20700,0.0,0.0
2009-08-07 00:00:00-04:00,26.593794966150366,27.15206218147997,25.95094188732705,26.94905662536621,53760,0.0,0.0
2009-08-10 00:00:00-04:00,26.543035387974975,27.084386825561523,25.917100692289864,27.084386825561523,30780,0.0,0.0
2009-08-11 00:00:00-04:00,26.86446882376622,27.067474365234375,25.375757217407227,25.375757217407227,31260,0.0,0.0
2009-08-12 00:00:00-04:00,25.477259737419917,26.712211115533563,25.37575568214918,26.187780380249023,28200,0.0,0.0
2009-08-13 00:00:00-04:00,26.509202286709318,26.864463854581636,25.40958634402028,26.610706329345703,22520,0.0,0.0
2009-08-14 00:00:00-04:00,26.475369743098668,26.475369743098668,23.413361091706214,23.870126724243164,54740,0.0,0.0
2009-08-17 00:00:00-04:00,23.34569919955658,23.34569919955658,21.89082126037523,22.279916763305664,44820,0.0,0.0
2009-08-18 00:00:00-04:00,22.27991409642214,22.905848918548653,21.992322700456498,22.618257522583008,35060,0.0,0.0
2009-08-19 00:00:00-04:00,22.415252663556146,22.702844068251412,22.043075399753118,22.432170867919922,19780,0.0,0.0
2009-08-20 00:00:00-04:00,22.296826626249675,23.09193295912059,22.16148877395456,22.990428924560547,24840,0.0,0.0
2009-08-21 00:00:00-04:00,23.311857861409763,24.191550075144008,23.007348323213883,23.345691680908203,30440,0.0,0.0
2009-08-24 00:00:00-04:00,23.49794580045871,23.85320736827287,23.32877411699578,23.379526138305664,16180,0.0,0.0
2009-08-25 00:00:00-04:00,23.43027558741115,23.684033084747732,23.193436289105573,23.481027603149414,18280,0.0,0.0
2009-08-26 00:00:00-04:00,23.294944166437006,23.667121415612232,22.905848713562946,23.142690658569336,18460,0.0,0.0
2009-08-27 00:00:00-04:00,23.007346459949716,23.54869527214817,22.44907944869469,23.328771591186523,17620,0.0,0.0
2009-08-28 00:00:00-04:00,23.447195177516857,23.447195177516857,22.432165127950842,22.669004440307617,19440,0.0,0.0
2009-08-31 00:00:00-04:00,22.330663123864863,22.482916612621885,21.823148052867932,21.924652099609375,25180,0.0,0.0
2009-09-01 00:00:00-04:00,21.823144874250524,22.432163903283143,21.63705630012495,22.093820571899414,47560,0.0,0.0
2009-09-02 00:00:00-04:00,21.9415689881,22.39833206212811,21.738563464238094,21.992321014404297,20000,0.0,0.0
2009-09-03 00:00:00-04:00,22.04307238148437,22.381415771587417,21.704728991381327,22.076906204223633,12960,0.0,0.0
2009-09-04 00:00:00-04:00,21.992317811223387,22.330661162165285,21.62014064145828,22.161489486694336,24480,0.0,0.0
2009-09-08 00:00:00-04:00,22.41525291444064,22.41525291444064,21.653980173950202,21.890819549560547,22760,0.0,0.0
2009-09-09 00:00:00-04:00,21.755480409277062,22.330663123864863,21.755480409277062,21.924652099609375,17100,0.0,0.0
2009-09-10 00:00:00-04:00,21.82315049360961,22.415251475994367,21.806232290142162,22.21224594116211,14100,0.0,0.0
2009-09-11 00:00:00-04:00,22.144571286605277,22.70283833193039,22.026151630046595,22.161489486694336,16320,0.0,0.0
2009-09-14 00:00:00-04:00,21.99232644016709,22.719765446382265,21.97540823343998,22.516759872436523,17320,0.0,0.0
2009-09-15 00:00:00-04:00,22.533672174032457,23.125773183162053,22.533672174032457,22.922767639160156,21760,0.0,0.0
2009-09-16 00:00:00-04:00,23.0581010357318,23.07501665531163,22.55058598394616,23.007349014282227,22340,0.0,0.0
2009-09-17 00:00:00-04:00,22.92276776099197,23.12577330607282,22.432170811933627,22.65209197998047,22300,0.0,0.0
2009-09-18 00:00:00-04:00,22.770517294430093,22.95660466008963,22.330669736769543,22.88893699645996,28960,0.0,0.0
2009-09-21 00:00:00-04:00,22.533669198223144,22.787426740053032,22.059987937202976,22.330663681030273,20900,0.0,0.0
2009-09-22 00:00:00-04:00,22.415246927916115,22.855094315270016,22.33066109045228,22.669004440307617,19920,0.0,0.0
2009-09-23 00:00:00-04:00,22.65208563575265,22.66900383533588,22.178407023680244,22.26299285888672,20420,0.0,0.0
2009-09-24 00:00:00-04:00,22.313744901847247,22.804344352174574,22.009237924612172,22.144573211669922,20960,0.0,0.0
2009-09-25 00:00:00-04:00,22.127658229010134,22.432167796373914,22.00923855874511,22.076906204223633,12180,0.0,0.0
2009-09-28 00:00:00-04:00,22.127660587191944,22.66900955277824,22.127660587191944,22.618257522583008,23280,0.0,0.0
2009-09-29 00:00:00-04:00,22.533668615348798,22.533668615348798,22.093823769700833,22.144573211669922,19080,0.0,0.0
2009-09-30 00:00:00-04:00,22.144579613438044,22.432173634964055,21.890822004813366,22.059993743896484,20560,0.0,0.0
2009-10-01 00:00:00-04:00,21.975399657266646,22.14457133309273,21.7893123626709,21.7893123626709,17520,0.0,0.0
2009-10-02 00:00:00-04:00,21.687812895590614,21.99232249252747,21.40022150234404,21.43405532836914,24620,0.0,0.0
2009-10-05 00:00:00-04:00,21.501721680586485,21.75548050791302,21.31563307851276,21.53555679321289,18220,0.0,0.0
2009-10-06 00:00:00-04:00,21.603225640685633,21.941569041734287,21.467889054672757,21.755481719970703,25820,0.0,0.0
2009-10-07 00:00:00-04:00,21.569387435913086,21.6539732689951,21.36638195278721,21.569387435913086,19280,0.0,0.0
2009-10-08 00:00:00-04:00,21.755477847647857,22.838175505748833,21.65397381285815,22.26299285888672,49480,0.0,0.0
2009-10-09 00:00:00-04:00,22.093827004928848,22.144576454329243,21.755483575030123,21.975404739379883,19040,0.0,0.0
2009-10-12 00:00:00-04:00,21.941568417886508,22.161492138586272,21.738562899300273,21.806230545043945,18760,0.0,0.0
2009-10-13 00:00:00-04:00,21.82315833972486,21.992330109800246,21.51864863731789,21.70473861694336,12420,0.0,0.0
2009-10-14 00:00:00-04:00,21.68781460214213,22.07691008543628,21.68781460214213,21.941572189331055,12760,0.0,0.0
2009-10-15 00:00:00-04:00,21.840067570232865,21.975402865568093,21.603225640685633,21.755481719970703,9540,0.0,0.0
2009-10-16 00:00:00-04:00,21.620148307939747,21.958491778857876,21.535562440210214,21.670900344848633,14700,0.0,0.0
2009-10-19 00:00:00-04:00,21.704731677491267,21.890819016264405,21.535559961503584,21.603227615356445,16440,0.0,0.0
2009-10-20 00:00:00-04:00,22.466002290985603,22.70284163859861,21.8908169617957,21.992321014404297,32860,0.0,0.0
2009-10-21 00:00:00-04:00,22.127656330192774,22.702839011468317,21.840064989555003,21.958484649658203,30480,0.0,0.0
2009-10-22 00:00:00-04:00,21.924650829822287,22.127656330192774,21.721642748096812,21.958484649658203,18520,0.0,0.0
2009-10-23 00:00:00-04:00,21.97540288600991,22.38141651645915,21.670895889867097,21.738563537597656,23760,0.0,0.0
2009-10-26 00:00:00-04:00,21.704732246716247,22.2291630312184,21.68781404213157,21.77239990234375,32420,0.0,0.0
2009-10-27 00:00:00-04:00,21.738562899300273,22.381415859286033,21.738562899300273,21.806230545043945,18700,0.0,0.0
2009-10-28 00:00:00-04:00,21.704727250129626,22.059986232424208,21.231046025715177,21.315631866455078,24520,0.0,0.0
2009-10-29 00:00:00-04:00,21.467891579986585,22.026157482980288,21.434056461495036,21.77239990234375,19880,0.0,0.0
2009-10-30 00:00:00-04:00,21.518645029608066,21.823154680962446,21.264887417038736,21.38330841064453,19860,0.0,0.0
2009-11-02 00:00:00-05:00,21.51864069289003,21.569392721446867,20.402107680738908,20.96037483215332,31040,0.0,0.0
2009-11-03 00:00:00-05:00,20.65586763966245,21.231051770463978,20.65586763966245,21.19721794128418,20280,0.0,0.0
2009-11-04 00:00:00-05:00,21.231052113364363,21.41714075821445,20.452862413559888,20.486696243286133,21560,0.0,0.0
2009-11-05 00:00:00-05:00,20.486695901466504,21.484809349871707,20.486695901466504,21.247968673706055,23240,0.0,0.0
2009-11-06 00:00:00-05:00,20.909631729125977,21.43406398847019,20.8081289193623,20.909631729125977,18740,0.0,0.0
2009-11-09 00:00:00-05:00,20.943460350402137,21.264885599643776,20.89270831595459,21.19721794128418,22920,0.0,0.0
2009-11-10 00:00:00-05:00,21.0111249598545,21.095710811207663,20.774285608607777,20.858871459960938,18400,0.0,0.0
2009-11-11 00:00:00-05:00,20.9265401939262,21.56939321382502,20.75736848244522,21.43405532836914,29260,0.0,0.0
2009-11-12 00:00:00-05:00,21.31563732386951,22.41525353502151,21.298720409525817,21.941572189331055,40820,0.0,0.0
2009-11-13 00:00:00-05:00,21.90773521790048,22.127658944853167,21.4171370282444,21.755481719970703,25460,0.0,0.0
2009-11-16 00:00:00-05:00,21.637058125790862,22.753590955431168,21.501720265547043,22.347579956054688,53080,0.0,0.0
2009-11-17 00:00:00-05:00,22.33066175551609,22.82125859487559,22.26299411607167,22.347579956054688,28040,0.0,0.0
2009-11-18 00:00:00-05:00,22.31374854439387,22.65209197998047,22.161495030922126,22.65209197998047,20760,0.0,0.0
2009-11-19 00:00:00-05:00,22.49983479404324,22.49983479404324,21.89081567685039,22.043071746826172,18260,0.0,0.0
2009-11-20 00:00:00-05:00,21.95848653395861,22.195325874488656,21.907734509172112,22.076906204223633,16640,0.0,0.0
2009-11-23 00:00:00-05:00,22.161490709704797,22.669005764125515,22.07690486730134,22.4829158782959,22220,0.0,0.0
2009-11-24 00:00:00-05:00,22.432170867919922,22.652092036515644,22.07690922712511,22.432170867919922,12160,0.0,0.0
2009-11-25 00:00:00-05:00,22.296831122153353,22.48291844789607,21.09571099020481,22.398332595825195,28740,0.0,0.0
2009-11-27 00:00:00-05:00,21.721647684776784,22.432170969586632,21.46789139698122,22.17841339111328,13140,0.0,0.0
2009-11-30 00:00:00-05:00,22.009234739053483,22.212240221612767,21.840063073361616,22.093820571899414,24240,0.0,0.0
2009-12-01 00:00:00-05:00,22.00924296472024,22.24608235266257,21.907738894827396,22.127662658691406,24440,0.0,0.0
2009-12-02 00:00:00-05:00,21.992319646871316,22.58442056044093,21.992319646871316,22.41524887084961,16920,0.0,0.0
2009-12-03 00:00:00-05:00,22.41524699990076,23.00734786404908,22.07690364895886,22.161489486694336,28360,0.0,0.0
2009-12-04 00:00:00-05:00,22.702838910062543,22.939680810566042,22.161490051040936,22.58441925048828,12660,0.0,0.0
2009-12-07 00:00:00-05:00,22.36449684770119,22.618254382088168,22.262995382759474,22.41524887084961,13120,0.0,0.0
2009-12-08 00:00:00-05:00,22.296829204406713,22.63517258358935,22.093823693168158,22.41524887084961,14200,0.0,0.0
2009-12-09 00:00:00-05:00,22.415252663556146,22.533672350035896,22.16149508623287,22.432170867919922,14760,0.0,0.0
2009-12-10 00:00:00-05:00,22.432163903283143,22.432163903283143,21.823144874250524,22.093820571899414,15560,0.0,0.0
2009-12-11 00:00:00-05:00,22.076902988890538,22.296826676698345,21.99231715368406,22.26299285888672,11080,0.0,0.0
2009-12-14 00:00:00-05:00,22.415253761455237,22.888935111930714,22.415253761455237,22.87201690673828,20040,0.0,0.0
2009-12-15 00:00:00-05:00,22.753589658808888,23.210352652417356,22.499832153320312,22.499832153320312,18820,0.0,0.0
2009-12-16 00:00:00-05:00,22.770515419650767,22.939687146152316,22.601343693149218,22.87201690673828,13980,0.0,0.0
2009-12-17 00:00:00-05:00,22.601336802878514,22.922761952699123,22.449080746630667,22.669004440307617,27760,0.0,0.0
2009-12-18 00:00:00-05:00,22.97351781661932,22.97351781661932,22.516754734135304,22.68592643737793,50140,0.0,0.0
2009-12-21 00:00:00-05:00,22.09382309986078,22.75359163900745,22.09382309986078,22.246076583862305,32540,0.0,0.0
2009-12-22 00:00:00-05:00,22.178408942384973,22.330662426386496,22.043071078075258,22.246076583862305,31200,0.0,0.0
2009-12-23 00:00:00-05:00,22.27991161157291,22.68592522649708,21.992320247681956,22.567502975463867,12340,0.0,0.0
2009-12-24 00:00:00-05:00,22.533672350035896,22.533672350035896,22.330666804448384,22.432170867919922,5040,0.0,0.0
2009-12-28 00:00:00-05:00,22.347585008812164,22.432170867919922,22.00924157238113,22.432170867919922,29660,0.0,0.0
2009-12-29 00:00:00-05:00,22.41524887084961,22.49983471564527,22.41524887084961,22.41524887084961,15720,0.0,0.0
2009-12-30 00:00:00-05:00,22.4152494832143,22.567502975463867,22.36449745867938,22.567502975463867,15440,0.0,0.0
2009-12-31 00:00:00-05:00,22.482920318300128,22.63517641350743,22.364500631820377,22.432170867919922,15920,0.0,0.0
2010-01-04 00:00:00-05:00,22.60134360411339,23.3795319941415,22.60134360411339,23.024272918701172,14960,0.0,0.0
2010-01-05 00:00:00-05:00,22.973520884679502,23.27803050745384,22.685929467030945,23.024272918701172,17080,0.0,0.0
2010-01-06 00:00:00-05:00,22.85509616302766,23.59945056034599,22.85509616302766,23.041183471679688,15540,0.0,0.0
2010-01-07 00:00:00-05:00,23.09194151609715,23.853214313331126,22.990437443923643,23.73479461669922,33940,0.0,0.0
2010-01-08 00:00:00-05:00,23.853214190856846,25.35884157177997,23.751710119204507,25.30809211730957,44520,0.0,0.0
2010-01-11 00:00:00-05:00,25.37575499116753,26.796796238130796,25.358836788631304,26.509204864501953,64240,0.0,0.0
2010-01-12 00:00:00-05:00,26.45845750747212,26.509209542681912,25.612598858494675,26.0355281829834,26720,0.0,0.0
2010-01-13 00:00:00-05:00,26.120108928089042,26.559956371885285,25.375754495431803,25.984773635864258,26980,0.0,0.0
2010-01-14 00:00:00-05:00,25.984779827072508,26.47537683166648,25.663351978066242,26.373872756958008,15740,0.0,0.0
2010-01-15 00:00:00-05:00,26.39078153664234,26.39078153664234,25.17274598199137,25.392669677734375,42760,0.0,0.0
2010-01-19 00:00:00-05:00,25.375757664841412,25.883272818138238,25.223504151394586,25.81560516357422,30340,0.0,0.0
2010-01-20 00:00:00-05:00,25.511101550684447,25.511101550684447,25.17275803563918,25.29117774963379,37680,0.0,0.0
2010-01-21 00:00:00-05:00,25.32499957202017,25.375751591474106,24.783650721006378,24.851318359375,29700,0.0,0.0
2010-01-22 00:00:00-05:00,24.699070623457747,25.088166087906615,24.445313048559207,24.63140296936035,35120,0.0,0.0
2010-01-25 00:00:00-05:00,24.715989418260264,24.969746999222462,24.58065152547597,24.78365707397461,35460,0.0,0.0
2010-01-26 00:00:00-05:00,24.715984433356773,24.783652075423408,24.225384993630907,24.326889038085938,24040,0.0,0.0
2010-01-27 00:00:00-05:00,24.123889550608045,25.08816788814458,24.106971345191937,24.986663818359375,22540,0.0,0.0
2010-01-28 00:00:00-05:00,24.98665041327705,24.98665041327705,24.293048246374376,24.49605369567871,19080,0.0,0.0
2010-01-29 00:00:00-05:00,24.631401141270274,24.86824049438898,24.360725382258593,24.377643585205078,20220,0.0,0.0
2010-02-01 00:00:00-05:00,24.360724130082342,24.52989582543014,24.123884789137517,24.39455795288086,17680,0.0,0.0
2010-02-02 00:00:00-05:00,24.39455668015257,24.4960607246076,24.191551172597592,24.326889038085938,19300,0.0,0.0
2010-02-03 00:00:00-05:00,24.32688716416601,24.42838861944722,23.95470999875848,24.073129653930664,23300,0.0,0.0
2010-02-04 00:00:00-05:00,23.870128163122303,23.954714014045692,23.34569485485517,23.413362503051758,26120,0.0,0.0
2010-02-05 00:00:00-05:00,23.2949441879188,23.413363869853466,22.821262878824676,23.12577247619629,32480,0.0,0.0
2010-02-08 00:00:00-05:00,23.227273361686823,23.54869853749358,23.00734965022978,23.041183471679688,26580,0.0,0.0
2010-02-09 00:00:00-05:00,24.039300748009403,24.63140172622288,23.734791157228532,24.546815872192383,38460,0.0,0.0
2010-02-10 00:00:00-05:00,24.394563216505848,25.426511813333452,24.36072938640699,25.30809211730957,43300,0.0,0.0
2010-02-11 00:00:00-05:00,25.13891845142928,25.511095716595257,24.90207649624688,25.426509857177734,25960,0.0,0.0
2010-02-12 00:00:00-05:00,25.071241943539235,25.46033731579918,24.665230952440556,25.392669677734375,18940,0.0,0.0
2010-02-16 00:00:00-05:00,25.612592585037987,26.03552180593594,25.47725729943473,26.018606185913086,27420,0.0,0.0
2010-02-17 00:00:00-05:00,26.277418874126806,26.898551280393093,26.122133798028468,26.846792221069336,34260,1.5,0.0
2010-02-18 00:00:00-05:00,26.65699851722443,26.89854955426461,26.536222998704343,26.691505432128906,28560,0.0,0.0
2010-02-19 00:00:00-05:00,26.674249984918546,26.7087568955461,26.24290702030284,26.501712799072266,29020,0.0,0.0
2010-02-22 00:00:00-05:00,26.467200240537192,26.639737406727676,26.260156167650255,26.58797836303711,8980,0.0,0.0
2010-02-23 00:00:00-05:00,26.6052250943229,27.329880518544208,26.29465773174014,26.36367416381836,45140,0.0,0.0
2010-02-24 00:00:00-05:00,26.622490707146472,27.071085851238468,26.398191818746092,26.708759307861328,25860,0.0,0.0
2010-02-25 00:00:00-05:00,26.260158882311266,27.036576210431097,25.91508451425801,26.622488021850586,16620,0.0,0.0
2010-02-26 00:00:00-05:00,26.674246946132353,26.72600598982292,26.053112094763314,26.58797836303711,25760,0.0,0.0
2010-03-01 00:00:00-05:00,26.570729440392952,27.071086279368778,26.398192236234557,26.967565536499023,24540,0.0,0.0
2010-03-02 00:00:00-05:00,27.174604466602908,27.26087305221117,26.950305617479763,27.12284278869629,22300,0.0,0.0
2010-03-03 00:00:00-05:00,27.002075960681697,27.67497009128276,26.898552571646544,27.08834457397461,26140,0.0,0.0
2010-03-04 00:00:00-05:00,27.226364182721866,27.450663015683226,26.984810580798822,27.174602508544922,25560,0.0,0.0
2010-03-05 00:00:00-05:00,27.243622145187327,27.65771299445059,26.98481635166354,27.6059513092041,18100,0.0,0.0
2010-03-08 00:00:00-05:00,27.519675995729063,27.864750302885543,27.347138842150827,27.58868980407715,12540,0.0,0.0
2010-03-09 00:00:00-05:00,27.39890614178572,27.79574220305704,27.36439923052486,27.640457153320312,9960,0.0,0.0
2010-03-10 00:00:00-05:00,27.830250251220118,28.744697916886437,27.761233793170412,28.572160720825195,20880,0.0,0.0
2010-03-11 00:00:00-05:00,28.6239180871772,29.331321602437033,28.227084665781636,28.899978637695312,17220,0.0,0.0
2010-03-12 00:00:00-05:00,28.882721268952075,30.10773623175135,28.882721268952075,29.296812057495117,25880,0.0,0.0
2010-03-15 00:00:00-04:00,29.469349480123746,29.779916916012294,29.262305400434155,29.624631881713867,25340,0.0,0.0
2010-03-16 00:00:00-04:00,29.883441216551947,29.883441216551947,29.314067954720333,29.34857749938965,27380,0.0,0.0
2010-03-17 00:00:00-04:00,29.365829639015683,29.745410936000553,29.314067954720333,29.34857749938965,26920,0.0,0.0
2010-03-18 00:00:00-04:00,29.4520895595539,29.55561289764968,29.296807185118084,29.331314086914062,23820,0.0,0.0
2010-03-19 00:00:00-04:00,29.503859406388532,29.55562108978356,29.245053622121965,29.538366317749023,39440,0.0,0.0
2010-03-22 00:00:00-04:00,29.434843630425405,29.676394626628554,29.331320270504968,29.590126037597656,14680,0.0,0.0
2010-03-23 00:00:00-04:00,29.693651199340824,29.917947438264815,29.417590644607124,29.69365119934082,15780,0.0,0.0
2010-03-24 00:00:00-04:00,29.572874357158508,29.883441836666613,29.417591933758796,29.452098846435547,8040,0.0,0.0
2010-03-25 00:00:00-04:00,29.572875849158585,29.710906139538118,29.17604238429205,29.193294525146484,12540,0.0,0.0
2010-03-26 00:00:00-04:00,29.158790720988684,29.572879003587726,28.89998488618701,29.055267333984375,12860,0.0,0.0
2010-03-29 00:00:00-04:00,29.003502002316736,29.27955992012632,28.899978637695312,28.899978637695312,11940,0.0,0.0
2010-03-30 00:00:00-04:00,28.84822419258778,29.503866190018925,28.503149734224984,29.07252311706543,17820,0.0,0.0
2010-03-31 00:00:00-04:00,28.86547948319373,29.60739010844211,27.88201778586878,29.227806091308594,30560,0.0,0.0
2010-04-01 00:00:00-04:00,29.24504793599092,29.365823418624494,28.520392407481435,29.089765548706055,16280,0.0,0.0
2010-04-05 00:00:00-04:00,29.107028096469644,29.590132832522013,28.95174565363914,29.555625915527344,10440,0.0,0.0
2010-04-06 00:00:00-04:00,29.40033298132631,29.76266209469285,29.331319165784258,29.676393508911133,12520,0.0,0.0
2010-04-07 00:00:00-04:00,29.46934084264256,30.245757888441474,29.331310619070134,29.659130096435547,13980,0.0,0.0
2010-04-08 00:00:00-04:00,29.469357371259797,29.572878122470634,29.296820153199388,29.503864288330078,8580,0.0,0.0
2010-04-09 00:00:00-04:00,29.52111502879144,30.694365845095664,29.50386025625987,30.590845108032227,23340,0.0,0.0
2010-04-12 00:00:00-04:00,30.763383925776484,31.488039654292415,30.694367464717143,30.71162223815918,15080,0.0,0.0
2010-04-13 00:00:00-04:00,30.71162559178511,30.71162559178511,30.021476702082076,30.504581451416016,10700,0.0,0.0
2010-04-14 00:00:00-04:00,30.62534952345823,31.643317834816564,30.62534952345823,31.419021606445312,21800,0.0,0.0
2010-04-15 00:00:00-04:00,31.436278937934688,32.14368254757342,31.436278937934688,31.608816146850586,28900,0.0,0.0
2010-04-16 00:00:00-04:00,31.60882041470943,31.60882041470943,30.815150726159448,30.95317840576172,22460,0.0,0.0
2010-04-19 00:00:00-04:00,30.797886809041678,31.31549835205078,29.762663723023472,31.31549835205078,22440,0.0,0.0
2010-04-20 00:00:00-04:00,31.488040210754892,31.919383227340575,31.488040210754892,31.833114624023438,17760,0.0,0.0
2010-04-21 00:00:00-04:00,31.919380969435704,32.07466339133868,31.384514613621157,32.00564956665039,13620,0.0,0.0
2010-04-22 00:00:00-04:00,31.62606794397578,31.729588679955953,31.3500073826114,31.643320083618164,7880,0.0,0.0
2010-04-23 00:00:00-04:00,31.557044982829055,32.33346218983619,31.142956858841817,32.1954345703125,10140,0.0,0.0
2010-04-26 00:00:00-04:00,32.31621939126828,32.66129380520022,31.798607770370364,32.26445770263672,13460,0.0,0.0
2010-04-27 00:00:00-04:00,32.333463788341625,32.78206147209569,32.29895688175474,32.36797332763672,21240,0.0,0.0
2010-04-28 00:00:00-04:00,32.41973703321907,32.60952899580188,32.35072321012092,32.40248489379883,14620,0.0,0.0
2010-04-29 00:00:00-04:00,32.55776984432104,33.161650057877054,32.45424910162243,32.989112854003906,14640,0.0,0.0
2010-04-30 00:00:00-04:00,32.92009673909102,33.610245506649704,32.60952926714789,32.67854309082031,17180,0.0,0.0
2010-05-03 00:00:00-04:00,32.920093131444105,34.265883607242785,32.5060023366631,34.17961502075195,21980,0.0,0.0
2010-05-04 00:00:00-04:00,33.83453357588201,33.88629261075016,32.678532653281565,33.24790573120117,29240,0.0,0.0
2010-05-05 00:00:00-04:00,32.764826662704245,33.161662911975604,32.022918504638874,32.88560485839844,17040,0.0,0.0
2010-05-06 00:00:00-04:00,32.69579440487625,32.85107680806938,30.29752874435653,31.470779418945312,41060,0.0,0.0
2010-05-07 00:00:00-04:00,31.246487265421994,31.59156165760685,29.3485781084053,29.452098846435547,44380,0.0,0.0
2010-05-10 00:00:00-04:00,32.07466100563689,32.31621463949655,30.659856643090333,31.21197509765625,35680,0.0,0.0
2010-05-11 00:00:00-04:00,30.832401533639413,31.95389349441825,30.78063983967703,31.194730758666992,23200,0.0,0.0
2010-05-12 00:00:00-04:00,31.57429295465463,33.04085847440635,31.384501069603754,32.85106658935547,31800,0.0,0.0
2010-05-13 00:00:00-04:00,32.5577643262662,32.97185512500483,31.919377306674388,32.436988830566406,18740,0.0,0.0
2010-05-14 00:00:00-04:00,32.04015148591667,32.47149440477044,31.05669015747171,31.55704689025879,30120,0.0,0.0
2010-05-17 00:00:00-04:00,31.74685044382427,31.988401513682728,29.96971644135096,30.7288818359375,29400,0.0,0.0
2010-05-18 00:00:00-04:00,31.039436371182095,31.4017654875837,29.866185700889584,30.004213333129883,50460,0.0,0.0
2010-05-19 00:00:00-04:00,30.12784212391042,30.498699042832154,28.326527080293523,29.527402877807617,50920,2.0,0.0
2010-05-20 00:00:00-04:00,28.69738317305042,29.492079937842583,27.319908241805763,27.372888565063477,26240,0.0,0.0
2010-05-21 00:00:00-04:00,26.825423954640318,28.273539904116536,26.48988647055618,27.937999725341797,27200,0.0,0.0
2010-05-24 00:00:00-04:00,27.832051260395204,28.503126456758558,27.03735439604664,27.09033203125,14780,0.0,0.0
2010-05-25 00:00:00-04:00,26.27797243802715,27.37288739488431,25.889454575231518,27.23160743713379,22540,0.0,0.0
2010-05-26 00:00:00-04:00,27.58480203776271,29.703993016766617,27.58480203776271,29.13887596130371,36920,0.0,0.0
2010-05-27 00:00:00-04:00,29.739321295385903,30.99317741394043,29.56272199388197,30.99317741394043,28680,0.0,0.0
2010-05-28 00:00:00-04:00,30.975516768942995,31.169777080750627,30.07486193753225,30.498699188232422,23660,0.0,0.0
2010-06-01 00:00:00-04:00,30.127826328460987,30.922522774109478,29.280149580831246,29.3331298828125,21900,0.0,0.0
2010-06-02 00:00:00-04:00,29.562715411110283,31.01083151674167,29.562715411110283,30.851890563964844,17080,0.0,0.0
2010-06-03 00:00:00-04:00,31.61125459405564,32.01743326464906,31.169756624864917,31.59359359741211,27460,0.0,0.0
2010-06-04 00:00:00-04:00,31.010834428159022,31.699570537447155,30.02187738922572,30.074857711791992,21540,0.0,0.0
2010-06-07 00:00:00-04:00,30.021877511694882,30.021877511694882,28.644402592808294,28.662063598632812,19300,0.0,0.0
2010-06-08 00:00:00-04:00,28.873987379233803,29.439104636096996,28.008651832289384,28.979948043823242,25360,0.0,0.0
2010-06-09 00:00:00-04:00,29.421434290121013,30.339749793821998,28.997594499780956,29.368453979492188,27440,0.0,0.0
2010-06-10 00:00:00-04:00,29.79230578839065,30.63998309301473,29.70400612529839,30.62232208251953,22860,0.0,0.0
2010-06-11 00:00:00-04:00,30.03953828343339,31.52297114163382,30.03953828343339,31.487651824951172,18540,0.0,0.0
2010-06-14 00:00:00-04:00,31.858517291111095,32.14107729022055,31.275741671822125,31.469999313354492,16820,0.0,0.0
2010-06-15 00:00:00-04:00,32.03510636500048,32.564904172765814,31.84084878563446,32.458946228027344,23760,0.0,0.0
2010-06-16 00:00:00-04:00,32.229368433315685,32.635547314153236,31.876169875142363,32.405967712402344,17720,0.0,0.0
2010-06-17 00:00:00-04:00,32.68852325767557,32.68852325767557,31.611266721685933,31.982126235961914,13500,0.0,0.0
2010-06-18 00:00:00-04:00,32.21171647350286,32.617895468407106,31.55829949632225,31.92915916442871,23860,0.0,0.0
2010-06-21 00:00:00-04:00,33.88940791878544,33.99536858706337,33.13003300999663,33.64216995239258,72720,0.0,0.0
2010-06-22 00:00:00-04:00,33.90705882499047,33.90705882499047,31.787867648428563,32.547245025634766,40820,0.0,0.0
2010-06-23 00:00:00-04:00,32.61788650964075,32.882785429905326,32.07043035790864,32.51192855834961,19500,0.0,0.0
2010-06-24 00:00:00-04:00,32.3706569526605,32.3706569526605,31.452340997592568,31.469999313354492,24960,0.0,0.0
2010-06-25 00:00:00-04:00,31.540638539068443,33.07705203099443,31.487658205962372,33.059391021728516,50780,0.0,0.0
2010-06-28 00:00:00-04:00,33.218324811157,33.87174159179952,32.776826622251086,33.41258239746094,32580,0.0,0.0
2010-06-29 00:00:00-04:00,33.27129914453775,33.27129914453775,31.364029313018264,31.664247512817383,26760,0.0,0.0
2010-06-30 00:00:00-04:00,31.575959539550972,32.28235683262955,30.94020089790352,31.063819885253906,18120,0.0,0.0
2010-07-01 00:00:00-04:00,31.364021994628008,31.54062121150161,30.233785389822827,30.675283432006836,25560,0.0,0.0
2010-07-02 00:00:00-04:00,30.79891008443088,31.16976961093593,29.827614147546193,29.986555099487305,26040,0.0,0.0
2010-07-06 00:00:00-04:00,30.569330151952567,31.081466880632195,29.70399224130242,29.898252487182617,23560,0.0,0.0
2010-07-07 00:00:00-04:00,30.110178758808917,31.57595339568333,29.898260151057613,31.558292388916016,22100,0.0,0.0
2010-07-08 00:00:00-04:00,32.03510993002927,32.72384877358514,30.887214552127467,31.558292388916016,20920,0.0,0.0
2010-07-09 00:00:00-04:00,31.593604179935898,31.840844742311706,30.9578485081638,31.611265182495117,15580,0.0,0.0
2010-07-12 00:00:00-04:00,31.57595564784171,31.929154250849578,30.887216755161475,30.99317741394043,11920,0.0,0.0
2010-07-13 00:00:00-04:00,31.434678053767424,32.423635295133415,31.169779081404215,32.24703598022461,18480,0.0,0.0
2010-07-14 00:00:00-04:00,32.211711110982485,32.51193207551339,31.487655600745153,32.282352447509766,21300,0.0,0.0
2010-07-15 00:00:00-04:00,32.317676278696204,32.317676278696204,31.187441683438205,32.088096618652344,37600,0.0,0.0
2010-07-16 00:00:00-04:00,31.73488329462743,31.823182915755883,30.9048673949581,31.010828018188477,24340,0.0,0.0
2010-07-19 00:00:00-04:00,31.611259411793352,31.699559019088866,30.657624730877888,31.540620803833008,21080,0.0,0.0
2010-07-20 00:00:00-04:00,31.081473384584694,31.946808781619957,31.081473384584694,31.840850830078125,47460,0.0,0.0
2010-07-21 00:00:00-04:00,32.03509156660283,32.564889129631695,31.48763570162019,31.59359359741211,26960,0.0,0.0
2010-07-22 00:00:00-04:00,32.15872635964995,32.77682377033752,31.999785408658624,32.63554382324219,30860,0.0,0.0
2010-07-23 00:00:00-04:00,32.49427109755479,34.083664792543885,31.85851254168257,33.995365142822266,30100,0.0,0.0
2010-07-26 00:00:00-04:00,34.33090618852719,34.701765832553306,33.571531280260324,34.56048583984375,23280,0.0,0.0
2010-07-27 00:00:00-04:00,35.01963609430589,35.07261641471969,34.26025868755083,34.29557800292969,18080,0.0,0.0
2010-07-28 00:00:00-04:00,34.171950512124624,34.525148967030304,33.39491498920827,33.712791442871094,14740,0.0,0.0
2010-07-29 00:00:00-04:00,33.9247267620609,34.59580194935769,32.61789031930658,33.447906494140625,20860,0.0,0.0
2010-07-30 00:00:00-04:00,32.82980091031275,33.889396455924015,32.40596376994457,32.95342254638672,27480,0.0,0.0
2010-08-02 00:00:00-04:00,33.50087120220072,34.242587380778666,33.37725228821943,33.748111724853516,22120,0.0,0.0
2010-08-03 00:00:00-04:00,33.6421529379429,33.85407147262967,33.006394639192244,33.147674560546875,21040,0.0,0.0
2010-08-04 00:00:00-04:00,33.253635175235445,33.730452551953256,32.8121371051837,33.147674560546875,22140,0.0,0.0
2010-08-05 00:00:00-04:00,32.84747419272512,33.55387148719233,32.81215486694013,33.006412506103516,15480,0.0,0.0
2010-08-06 00:00:00-04:00,32.58257889601266,33.0770575970586,31.964481193378276,32.88279724121094,38200,0.0,0.0
2010-08-09 00:00:00-04:00,33.05938455783495,33.28896415994522,32.4059677631297,33.20066452026367,19100,0.0,0.0
2010-08-10 00:00:00-04:00,32.67086638077456,32.77682702529137,31.964469269838897,32.158729553222656,18880,0.0,0.0
2010-08-11 00:00:00-04:00,31.717235999705576,31.717235999705576,30.30444157111631,30.498699188232422,33320,0.0,0.0
2010-08-12 00:00:00-04:00,30.09251319765126,31.02848982614517,29.70399535979272,30.851890563964844,45420,0.0,0.0
2010-08-13 00:00:00-04:00,31.11680412292481,31.752562844290363,31.081484792780532,31.116804122924805,45600,0.0,0.0
2010-08-16 00:00:00-04:00,31.010845202979137,32.24704058382034,30.9048845210302,32.17639923095703,45880,0.0,0.0
2010-08-17 00:00:00-04:00,32.70617568710607,33.37725327603855,32.67085638130758,33.2359733581543,40640,0.0,0.0
2010-08-18 00:00:00-04:00,33.200665587407116,34.048342694534476,32.882786335397945,34.013023376464844,79940,0.0,0.0
2010-08-19 00:00:00-04:00,33.97770650804296,34.26026648476302,33.00641029326875,33.48323059082031,67800,0.0,0.0
2010-08-20 00:00:00-04:00,33.28370372713046,33.97295809081928,32.648864691463125,33.95481872558594,36460,2.5,0.0
2010-08-23 00:00:00-04:00,34.29944324645213,34.916142844160824,34.00923004301379,34.26316452026367,47880,0.0,0.0
2010-08-24 00:00:00-04:00,33.77343480517568,34.027372069983585,32.64886339725052,32.83024597167969,30060,0.0,0.0
2010-08-25 00:00:00-04:00,32.648851341245,32.83023384869636,31.560556296536834,32.1409797668457,36220,0.0,0.0
2010-08-26 00:00:00-04:00,32.177272521347746,32.97535763158891,31.905198618063476,32.122859954833984,17260,0.0,0.0
2010-08-27 00:00:00-04:00,32.55818108231537,33.5013701757324,32.17727646397426,33.41067886352539,25840,0.0,0.0
2010-08-30 00:00:00-04:00,33.24743040330339,33.42881299931958,32.340517423222444,32.3586540222168,19300,0.0,0.0
2010-08-31 00:00:00-04:00,32.17726613318049,32.86652043819843,31.43359927245133,31.7419490814209,26420,0.0,0.0
2010-09-01 00:00:00-04:00,32.358647726759145,33.10231733281421,31.977746009837816,32.88465881347656,33800,0.0,0.0
2010-09-02 00:00:00-04:00,32.88466649837695,33.011633767022026,32.322379321647325,32.648868560791016,21700,0.0,0.0
2010-09-03 00:00:00-04:00,33.08418856788683,33.5557844839217,32.7577020681325,33.04791259765625,23980,0.0,0.0
2010-09-07 00:00:00-04:00,32.97534790280955,33.28369768202293,32.66699812359618,32.99348449707031,18720,0.0,0.0
2010-09-08 00:00:00-04:00,33.247417274560426,33.755288896393125,32.99348007980524,33.319969177246094,18840,0.0,0.0
2010-09-09 00:00:00-04:00,33.71901334698201,33.71901334698201,32.73954873026681,33.17486572265625,14840,0.0,0.0
2010-09-10 00:00:00-04:00,33.211158615212526,33.84599778112456,32.64887138976165,33.04791259765625,16720,0.0,0.0
2010-09-13 00:00:00-04:00,33.50135091229903,34.80730450361467,33.31996839218081,34.49895477294922,31360,0.0,0.0
2010-09-14 00:00:00-04:00,34.42640848942049,35.11566273187266,34.263162534070254,34.53523635864258,37540,0.0,0.0
2010-09-15 00:00:00-04:00,34.28129686960434,35.09751822364254,33.55576677712594,34.95241165161133,26500,0.0,0.0
2010-09-16 00:00:00-04:00,34.98870170958408,35.09753237440568,34.55338458565521,35.061256408691406,22580,0.0,0.0
2010-09-17 00:00:00-04:00,35.097529658342985,35.913751278304446,34.91614707612933,35.42401885986328,46260,0.0,0.0
2010-09-20 00:00:00-04:00,35.750506433125636,38.181031817018884,35.750506433125636,37.92709732055664,53860,0.0,0.0
2010-09-21 00:00:00-04:00,38.03592776619259,38.39869293853145,37.29226082350513,37.40108871459961,28560,0.0,0.0
2010-09-22 00:00:00-04:00,37.092733112464245,38.70703677165669,37.092733112464245,38.144752502441406,30860,0.0,0.0
2010-09-23 00:00:00-04:00,38.09034464023724,38.99725760786194,37.908962046712304,37.98151397705078,39260,0.0,0.0
2010-09-24 00:00:00-04:00,38.580069180741255,39.541397282897805,37.98150619127185,39.46884536743164,39260,0.0,0.0
2010-09-27 00:00:00-04:00,39.65024212135944,40.23066595595591,39.46885950006809,39.704654693603516,30120,0.0,0.0
2010-09-28 00:00:00-04:00,37.90895468796356,37.90895468796356,35.44215078779992,35.823055267333984,155120,0.0,0.0
2010-09-29 00:00:00-04:00,35.4058813404493,35.82306185482605,34.91614889647603,35.2244987487793,92840,0.0,0.0
2010-09-30 00:00:00-04:00,34.535241722428026,34.553381087288024,33.55577690891488,34.281307220458984,603000,0.0,0.0
2010-10-01 00:00:00-04:00,34.46269453333011,34.46269453333011,33.646472820698605,34.11806869506836,124200,0.0,0.0
2010-10-04 00:00:00-04:00,34.09992580642242,34.19061709846078,33.2837041780772,33.33811950683594,74600,0.0,0.0
2010-10-05 00:00:00-04:00,33.42880368458045,34.208749183658604,33.37438836740235,34.027366638183594,93200,0.0,0.0
2010-10-06 00:00:00-04:00,34.09992418543215,34.26316739626975,33.80971095763368,34.06364822387695,53540,0.0,0.0
2010-10-07 00:00:00-04:00,34.24502298355288,34.42640551761018,33.80970324120867,34.37199020385742,63900,0.0,0.0
2010-10-08 00:00:00-04:00,34.09992198471402,34.462687112210986,33.95481538017959,34.40827178955078,78620,0.0,0.0
2010-10-11 00:00:00-04:00,34.462684445827854,34.82544954525762,34.37199317097041,34.53523635864258,136440,0.0,0.0
2010-10-12 00:00:00-04:00,34.5896615473433,35.714233122939405,34.372002979111606,35.659820556640625,151700,0.0,0.0
2010-10-13 00:00:00-04:00,35.732366910234234,36.63927977597622,35.65981498804624,36.22209930419922,147280,0.0,0.0
2010-10-14 00:00:00-04:00,36.457896310819734,36.87507677238966,35.9318879686305,36.856937408447266,113300,0.0,0.0
2010-10-15 00:00:00-04:00,37.00204873565133,37.09274003157204,36.240242403453074,36.69369888305664,85740,0.0,0.0
2010-10-18 00:00:00-04:00,36.89320180593543,37.16527557373047,36.51230019162888,37.16527557373047,70600,0.0,0.0
2010-10-19 00:00:00-04:00,36.494176247221425,36.947632718403796,36.09513510611667,36.78438949584961,83080,0.0,0.0
2010-10-20 00:00:00-04:00,36.875082980697506,37.52805867738378,36.27651984964264,37.27412414550781,55400,0.0,0.0
2010-10-21 00:00:00-04:00,37.36480463539682,37.43735654703512,36.72996572168862,37.18342208862305,68700,0.0,0.0
2010-10-22 00:00:00-04:00,37.41921597936687,37.52804383526774,37.02017497237488,37.49176788330078,35020,0.0,0.0
2010-10-25 00:00:00-04:00,37.65502127759949,38.52565536797775,37.346668705605715,38.27172088623047,77440,0.0,0.0
2010-10-26 00:00:00-04:00,38.27172643132685,38.888426129309934,38.162895770422224,38.779598236083984,92440,0.0,0.0
2010-10-27 00:00:00-04:00,38.271728890841125,38.81587669497631,37.83641175460452,38.72518539428711,65040,0.0,0.0
2010-10-28 00:00:00-04:00,39.19676753584764,40.08554086422769,38.77958714526354,39.30559539794922,114340,0.0,0.0
2010-10-29 00:00:00-04:00,39.05166095203432,39.523253889830265,38.144748262798394,39.30559539794922,212480,0.0,0.0
2010-11-01 00:00:00-04:00,39.468845847290744,40.03113011818512,39.214908604715504,39.68650436401367,49860,0.0,0.0
2010-11-02 00:00:00-04:00,40.08553492299246,40.665958404541016,39.886013053861326,40.665958404541016,87400,0.0,0.0
2010-11-03 00:00:00-04:00,40.974326363634425,42.18959194233573,40.901774434015856,41.30081558227539,222000,0.0,0.0
2010-11-04 00:00:00-04:00,41.93565608018848,42.46166727469628,41.44592361940307,42.35283660888672,95820,0.0,0.0
2010-11-05 00:00:00-04:00,42.37096190150786,42.80627888479051,41.75425961289991,42.7155876159668,80740,0.0,0.0
2010-11-08 00:00:00-05:00,42.84257217078345,43.67693328857422,42.715604896601114,43.67693328857422,73640,0.0,0.0
2010-11-09 00:00:00-05:00,43.91272430858655,44.14851945157698,41.59102670019997,42.28028106689453,86440,0.0,0.0
2010-11-10 00:00:00-05:00,42.026339547780815,42.624902562837164,40.50272711643582,41.11942672729492,117940,0.0,0.0
2010-11-11 00:00:00-05:00,40.88362179856157,43.31414939943213,40.62968735963498,42.82441711425781,68700,0.0,0.0
2010-11-12 00:00:00-05:00,42.15331575432711,42.9151248997003,41.91752058499423,42.47980499267578,54200,0.0,0.0
2010-11-15 00:00:00-05:00,42.86069936691567,43.477398962195174,42.497934247885794,42.7700080871582,40520,0.0,0.0
2010-11-16 00:00:00-05:00,42.62490556884163,42.75187281912802,41.37336689538108,41.754268646240234,127220,0.0,0.0
2010-11-17 00:00:00-05:00,41.71718185693682,42.143624726188776,41.272199715447144,42.0880012512207,39360,2.5,0.0
2010-11-18 00:00:00-05:00,42.458830889493875,42.97797873257095,41.82843889876836,42.05093002319336,58460,0.0,0.0
2010-11-19 00:00:00-05:00,41.754257806121885,43.08920688629123,41.69863433838002,42.811092376708984,68900,0.0,0.0
2010-11-22 00:00:00-05:00,42.996518318832386,43.422961294041855,42.570078172751074,43.01506042480469,42840,0.0,0.0
2010-11-23 00:00:00-05:00,42.51444850717648,43.25608737226764,42.29195741347468,42.95943069458008,48580,0.0,0.0
2010-11-24 00:00:00-05:00,45.40684215565859,45.40684215565859,42.62569618052732,43.033599853515625,43060,0.0,0.0
2010-11-26 00:00:00-05:00,42.8481816852531,43.089212025671124,42.644229888916016,42.644229888916016,9420,0.0,0.0
2010-11-29 00:00:00-05:00,42.64423499808138,43.07067791388775,41.86551475089849,42.68131637573242,37800,0.0,0.0
2010-11-30 00:00:00-05:00,42.18070869796629,42.625690866865206,41.82843138334861,42.162166595458984,51220,0.0,0.0
2010-12-01 00:00:00-05:00,43.55272931532163,43.57127141353136,43.033584514972624,43.422943115234375,46740,0.0,0.0
2010-12-02 00:00:00-05:00,43.534195972989835,43.534195972989835,41.93967150019062,42.440277099609375,48600,0.0,0.0
2010-12-03 00:00:00-05:00,42.34759331136424,42.8667412696613,41.921153073708695,42.66279220581055,32840,0.0,0.0
2010-12-06 00:00:00-05:00,42.736939195330955,43.57128291064111,42.6627764411767,43.2190055847168,72600,0.0,0.0
2010-12-07 00:00:00-05:00,43.57128825034503,43.663993118962786,42.77402581440672,43.070682525634766,123420,0.0,0.0
2010-12-08 00:00:00-05:00,43.18192048576212,43.18192048576212,42.31049541139082,42.92234802246094,77560,0.0,0.0
2010-12-09 00:00:00-05:00,43.14484242866265,43.20046591197145,41.75426949158202,42.25487518310547,66640,0.0,0.0
2010-12-10 00:00:00-05:00,42.64423534375572,42.68131672170733,41.846972986720814,42.31049728393555,49620,0.0,0.0
2010-12-13 00:00:00-05:00,42.29194703551758,42.34756767344855,41.10532344507884,41.364898681640625,67920,0.0,0.0
2010-12-14 00:00:00-05:00,41.346361959567226,41.88404894308552,38.769168332303465,39.4181022644043,223300,0.0,0.0
2010-12-15 00:00:00-05:00,39.39956439826121,39.714760347621755,38.06461501741626,38.95458221435547,73720,0.0,0.0
2010-12-16 00:00:00-05:00,38.880410128185005,39.52934402150421,38.71354254441097,39.47372055053711,41820,0.0,0.0
2010-12-17 00:00:00-05:00,39.381015708634365,39.52934402150421,38.991657070119196,39.47372055053711,64540,0.0,0.0
2010-12-20 00:00:00-05:00,39.60350588621471,39.6776686211455,38.49104788749101,39.288307189941406,51900,0.0,0.0
2010-12-21 00:00:00-05:00,39.41810636457183,40.79013711779192,39.41810636457183,40.56764602661133,57320,0.0,0.0
2010-12-22 00:00:00-05:00,41.01263571761656,41.25366895599408,40.41932508946836,40.7530632019043,60860,0.0,0.0
2010-12-23 00:00:00-05:00,40.64181528451906,41.012634772204684,40.45640554067625,40.549110412597656,43400,0.0,0.0
2010-12-27 00:00:00-05:00,41.69863913042405,41.69863913042405,40.99408455514935,41.216575622558594,42280,0.0,0.0
2010-12-28 00:00:00-05:00,41.38344738158338,41.47615223809639,40.753055488945975,40.845760345458984,30880,0.0,0.0
2010-12-29 00:00:00-05:00,40.97554245406216,41.55031363823617,40.97554245406216,41.216575622558594,21440,0.0,0.0
2010-12-30 00:00:00-05:00,41.12387336302196,41.791346607249224,41.12387336302196,41.290740966796875,29300,0.0,0.0
2010-12-31 00:00:00-05:00,41.45761139969939,41.68010248110848,41.235117489162704,41.290740966796875,30300,0.0,0.0
2011-01-03 00:00:00-05:00,41.8840483157038,42.514442966349804,41.550313133210054,42.0694580078125,50060,0.0,0.0
2011-01-04 00:00:00-05:00,42.47737184572016,42.62569737190376,41.568862437641236,42.032386779785156,51000,0.0,0.0
2011-01-05 00:00:00-05:00,42.23633548858835,42.62569420962701,41.791350455665494,42.51445007324219,50920,0.0,0.0
2011-01-06 00:00:00-05:00,42.64423474274188,43.16338251413125,42.38466227161108,42.95943069458008,53340,0.0,0.0
2011-01-07 00:00:00-05:00,43.07067843088902,43.57128410800651,42.82964522957236,43.55274200439453,51400,0.0,0.0
2011-01-10 00:00:00-05:00,43.66399198442951,44.720826893386274,43.40441949069556,44.18313980102539,86920,0.0,0.0
2011-01-11 00:00:00-05:00,44.832079156995555,44.832079156995555,42.8111111375841,43.08922576904297,99300,0.0,0.0
2011-01-12 00:00:00-05:00,44.016274739400174,44.405636356852725,43.55275035154159,43.94211196899414,58880,0.0,0.0
2011-01-13 00:00:00-05:00,44.146042508509595,44.38707281047436,43.21899418056211,43.422943115234375,72280,0.0,0.0
2011-01-14 00:00:00-05:00,43.58983313583569,44.38709279349435,43.57129102927831,44.201683044433594,44660,0.0,0.0
2011-01-18 00:00:00-05:00,44.498330052201155,45.239968886404505,44.36854382204109,44.99893569946289,75720,0.0,0.0
2011-01-19 00:00:00-05:00,45.277050262289144,45.277050262289144,44.59103490647657,44.99893569946289,60240,0.0,0.0
2011-01-20 00:00:00-05:00,44.90623644596055,44.90623644596055,42.792566636511985,43.033599853515625,79520,0.0,0.0
2011-01-21 00:00:00-05:00,43.21900758685748,43.51566144634486,41.95822090393451,42.51445007324219,63500,0.0,0.0
2011-01-24 00:00:00-05:00,43.10776817370167,44.31293158500946,43.08922606649175,43.84940719604492,51660,0.0,0.0
2011-01-25 00:00:00-05:00,44.053341754056056,44.3685376489128,42.73693187485012,43.144832611083984,44720,0.0,0.0
2011-01-26 00:00:00-05:00,43.589824747621606,44.368544977998,43.23754459472029,43.70106887817383,44600,0.0,0.0
2011-01-27 00:00:00-05:00,44.01626351937818,44.31292018363936,43.21900403879053,43.66398620605469,48560,0.0,0.0
2011-01-28 00:00:00-05:00,43.66400029133369,44.92478727746118,43.3302621436634,43.53421401977539,89940,0.0,0.0
2011-01-31 00:00:00-05:00,43.88648912620151,44.86916140883219,43.60837448936991,44.535423278808594,60180,0.0,0.0
2011-02-01 00:00:00-05:00,44.66519915361765,46.35242868956905,44.59103639936543,46.07431411743164,57580,0.0,0.0
2011-02-02 00:00:00-05:00,46.12992750868519,46.556370325188176,45.258502605734726,46.018680572509766,39800,0.0,0.0
2011-02-03 00:00:00-05:00,46.01869536156276,46.630548048904814,45.51808964614764,46.48221969604492,52000,0.0,0.0
2011-02-04 00:00:00-05:00,46.42659364192865,46.53784060770179,45.05456281940851,45.184349060058594,44700,0.0,0.0
2011-02-07 00:00:00-05:00,45.87036341530675,46.81595411522579,45.20289012341783,46.29680633544922,74900,0.0,0.0
2011-02-08 00:00:00-05:00,46.25971827586907,46.426585867457725,43.60835910745871,44.88768768310547,87800,0.0,0.0
2011-02-09 00:00:00-05:00,44.03480323735986,44.4427040067857,43.44149277009251,43.515655517578125,84360,0.0,0.0
2011-02-10 00:00:00-05:00,43.404415727620155,44.44270844166604,43.404415727620155,44.3870849609375,51600,0.0,0.0
2011-02-11 00:00:00-05:00,46.315347143380066,46.352428520370815,45.51808480700414,46.25972366333008,73100,0.0,0.0
2011-02-14 00:00:00-05:00,46.35243066953803,46.81595497623341,46.25972580819895,46.79741287231445,53400,0.0,0.0
2011-02-15 00:00:00-05:00,47.76211216221767,47.85669060214285,46.55150928569729,47.081146240234375,87420,2.5,0.0
2011-02-16 00:00:00-05:00,46.85416170418619,47.27030629050685,46.72175245667122,47.17572784423828,48280,0.0,0.0
2011-02-17 00:00:00-05:00,46.96764995476339,48.21608352661133,46.83524072709379,48.21608352661133,64140,0.0,0.0
2011-02-18 00:00:00-05:00,48.12151196909341,48.216090414698,47.23247515767129,47.79994583129883,48200,0.0,0.0
2011-02-22 00:00:00-05:00,47.289217528933385,47.572952834106985,46.343433178354715,46.40018081665039,36900,0.0,0.0
2011-02-23 00:00:00-05:00,46.26776367437071,46.683908140215614,44.565352134392626,44.75450897216797,51840,0.0,0.0
2011-02-24 00:00:00-05:00,44.64102230431898,46.11644650011253,44.48969622772134,45.113914489746094,51480,0.0,0.0
2011-02-25 00:00:00-05:00,45.39764952808504,45.946203305360804,45.132831060359806,45.73813247680664,43200,0.0,0.0
2011-02-28 00:00:00-05:00,46.38126523285312,46.627169747932804,45.77596380932957,46.13536071777344,35080,0.0,0.0
2011-03-01 00:00:00-05:00,46.475858167840904,47.08115978017815,45.68139962125416,45.775978088378906,29240,0.0,0.0
2011-03-02 00:00:00-05:00,45.62464346300453,46.26777865140832,44.73560661493702,45.85163116455078,39520,0.0,0.0
2011-03-03 00:00:00-05:00,46.229951526497224,46.62718222533265,45.51115751726074,46.5704345703125,78360,0.0,0.0
2011-03-04 00:00:00-05:00,46.57042861650944,48.02693618218922,46.55151465812454,47.421634674072266,57460,0.0,0.0
2011-03-07 00:00:00-05:00,48.802470390676305,48.802470390676305,47.194637063851694,47.81885528564453,63520,0.0,0.0
2011-03-08 00:00:00-05:00,47.9891001076232,48.40524466834702,47.4027155086094,48.17825698852539,42260,0.0,0.0
2011-03-09 00:00:00-05:00,48.235006839347,48.61332061847913,46.91090861238453,47.9134407043457,55180,0.0,0.0
2011-03-10 00:00:00-05:00,47.156815364920504,47.19464616735274,42.560302154927314,44.83018493652344,173320,0.0,0.0
2011-03-11 00:00:00-05:00,44.641025023776585,46.3434369950223,44.584277380807386,45.321990966796875,38360,0.0,0.0
2011-03-14 00:00:00-04:00,44.811261454418116,45.30307047210273,44.300538481471655,45.1895751953125,43560,0.0,0.0
2011-03-15 00:00:00-04:00,42.78727566823127,44.603182445903826,42.78727566823127,44.22486877441406,49460,0.0,0.0
2011-03-16 00:00:00-04:00,48.67005358171318,48.67005358171318,43.31691721330463,44.43294143676758,38900,0.0,0.0
2011-03-17 00:00:00-04:00,45.24632847378962,45.24632847378962,43.50608562601024,43.8843994140625,25200,0.0,0.0
2011-03-18 00:00:00-04:00,44.37621195692758,44.88693503340263,44.16813820273516,44.50862121582031,33700,0.0,0.0
2011-03-21 00:00:00-04:00,45.17066463929062,47.51620885482376,44.92476011194319,47.4594612121582,43560,0.0,0.0
2011-03-22 00:00:00-04:00,47.25138562560773,47.2702995803935,46.00294915755867,46.532588958740234,34280,0.0,0.0
2011-03-23 00:00:00-04:00,46.40017805774157,47.062227063781854,46.40017805774157,46.83523941040039,21820,0.0,0.0
2011-03-24 00:00:00-04:00,47.25138493472097,47.49728943377813,46.91090200420372,47.194637298583984,31660,0.0,0.0
2011-03-25 00:00:00-04:00,47.667536951099734,47.78103224121964,47.0433186280505,47.25139236450195,43680,0.0,0.0
2011-03-28 00:00:00-04:00,47.17571944732028,47.25138392265051,46.816322569991684,46.83523941040039,19540,0.0,0.0
2011-03-29 00:00:00-04:00,46.62718510200748,47.232486724853516,46.343449695707235,47.232486724853516,24780,0.0,0.0
2011-03-30 00:00:00-04:00,47.17571896201491,48.00801086425781,46.910900516844876,48.00801086425781,26800,0.0,0.0
2011-03-31 00:00:00-04:00,47.83777178829284,48.0080147049256,47.28921801385406,47.3648796081543,24500,0.0,0.0
2011-04-01 00:00:00-04:00,47.59187502154151,47.74319822558811,46.551512119043075,46.72175216674805,27080,0.0,0.0
2011-04-04 00:00:00-04:00,47.005480072614795,47.17572009340623,46.62716634969636,46.74066162109375,17380,0.0,0.0
2011-04-05 00:00:00-04:00,46.85414952786008,46.96764478840957,46.04077452406703,46.267765045166016,24820,0.0,0.0
2011-04-06 00:00:00-04:00,46.646096613156274,46.91091514088099,46.248865935263716,46.456939697265625,16380,0.0,0.0
2011-04-07 00:00:00-04:00,46.66500878327635,47.081153405014796,46.34344261585597,46.68392562866211,13580,0.0,0.0
2011-04-08 00:00:00-04:00,47.10006100435605,47.10006100435605,46.62716882559746,46.854156494140625,13960,0.0,0.0
2011-04-11 00:00:00-04:00,46.797415965578075,47.28922506073179,46.36235740406354,46.38127136230469,24900,0.0,0.0
2011-04-12 00:00:00-04:00,46.362359600935704,46.53259966469904,45.47331981862276,45.60573196411133,21920,0.0,0.0
2011-04-13 00:00:00-04:00,45.68138266935327,46.34343169354679,45.58680423732562,46.00294876098633,16920,0.0,0.0
2011-04-14 00:00:00-04:00,46.04078600036094,46.248859734465434,45.397653727082634,45.62464141845703,16480,0.0,0.0
2011-04-15 00:00:00-04:00,45.454390663911546,46.173187255859375,45.43547382479276,46.173187255859375,26620,0.0,0.0
2011-04-18 00:00:00-04:00,45.700309514746316,46.154284933339,45.1328387983528,45.681392669677734,18980,0.0,0.0
2011-04-19 00:00:00-04:00,45.624637922949276,45.92729007913099,44.92475805887203,45.07608413696289,21780,0.0,0.0
2011-04-20 00:00:00-04:00,45.11391579075863,45.208494230571546,44.56536199436572,44.92475891113281,33640,0.0,0.0
2011-04-21 00:00:00-04:00,44.92476135678947,44.92476135678947,43.2601801482032,43.525001525878906,52860,0.0,0.0
2011-04-25 00:00:00-04:00,43.2412699107332,43.430426816928346,42.84403925320125,42.93861770629883,52380,0.0,0.0
2011-04-26 00:00:00-04:00,43.0142707824707,43.20342765114701,42.84403075518393,43.0142707824707,38280,0.0,0.0
2011-04-27 00:00:00-04:00,42.95753176422531,43.052110211186346,41.93608280526301,42.29548263549805,42700,0.0,0.0
2011-04-28 00:00:00-04:00,42.08739980348884,42.18197823001354,41.61450767086537,41.89824295043945,40420,0.0,0.0
2011-04-29 00:00:00-04:00,41.728003316240454,42.37113546792826,41.70908647624188,42.35221862792969,37700,0.0,0.0
2011-05-02 00:00:00-04:00,42.37114493859725,42.938615629739175,41.99283114450263,42.635963439941406,32460,0.0,0.0
2011-05-03 00:00:00-04:00,44.16813965858747,44.16813965858747,42.59813668660999,42.654884338378906,34020,0.0,0.0
2011-05-04 00:00:00-04:00,42.91970602389959,43.12777980026525,41.671272024622695,42.16307830810547,27820,0.0,0.0
2011-05-05 00:00:00-04:00,41.72800313333569,42.333304488677705,41.61450786645083,41.841495513916016,19200,0.0,0.0
2011-05-06 00:00:00-04:00,42.08740278699754,42.995356323258875,41.765836691279176,42.0495719909668,17400,0.0,0.0
2011-05-09 00:00:00-04:00,42.276564134870256,43.20343172424473,42.08740724836077,43.0331916809082,17280,0.0,0.0
2011-05-10 00:00:00-04:00,43.20342259624992,43.31691785869841,42.427881257199985,43.27908706665039,25280,0.0,0.0
2011-05-11 00:00:00-04:00,43.29800079738577,43.96004975689505,41.72800128816441,42.20089340209961,33060,0.0,0.0
2011-05-12 00:00:00-04:00,41.99282406403084,43.88439271556376,41.99282406403084,43.24126052856445,26000,0.0,0.0
2011-05-13 00:00:00-04:00,43.29801136326991,43.751989635213306,43.03319286936509,43.41150665283203,13320,0.0,0.0
2011-05-16 00:00:00-04:00,43.222351119771474,43.50608646629077,41.99283128485457,42.0684928894043,23940,0.0,0.0
2011-05-17 00:00:00-04:00,41.99282435376833,42.200898061394476,41.70908905408071,42.0495719909668,15200,0.0,0.0
2011-05-18 00:00:00-04:00,41.917168243840756,43.97897720336914,41.917168243840756,43.97897720336914,31200,0.0,0.0
2011-05-19 00:00:00-04:00,44.13030867742765,44.13030867742765,43.1088596085638,43.73307800292969,20460,0.0,0.0
2011-05-20 00:00:00-04:00,43.82764578486451,44.5464424612885,43.46824888980489,44.14921188354492,32120,0.0,0.0
2011-05-23 00:00:00-04:00,42.87344548904715,43.87859329173518,42.5641678807632,42.8541145324707,27060,2.5,0.0
2011-05-24 00:00:00-04:00,43.12473373947119,43.6273061726242,38.176309639335976,38.52424621582031,80060,0.0,0.0
2011-05-25 00:00:00-04:00,38.466257551757,38.5242474746476,36.43663089701606,37.325801849365234,117540,0.0,0.0
2011-05-26 00:00:00-04:00,37.2678179144658,37.2678179144658,36.262669904323694,36.707252502441406,60920,0.0,0.0
2011-05-27 00:00:00-04:00,36.726574017800345,38.98815719636695,36.726574017800345,38.640220642089844,44840,0.0,0.0
2011-05-31 00:00:00-04:00,39.54872286296284,41.17242286664007,39.14279638729866,40.689178466796875,43120,0.0,0.0
2011-06-01 00:00:00-04:00,41.92628295059956,42.46751726832188,40.592529586828235,40.689178466796875,56140,0.0,0.0
2011-06-02 00:00:00-04:00,41.46236522837748,41.4816961821725,39.742016522240576,40.263919830322266,19200,0.0,0.0
2011-06-03 00:00:00-04:00,39.76136329153087,40.109299977620445,38.94951299031575,39.1428108215332,28800,0.0,0.0
2011-06-06 00:00:00-04:00,39.1428108215332,39.62605539957683,39.04616190592448,39.1428108215332,21880,0.0,0.0
2011-06-07 00:00:00-04:00,39.29744511800429,41.92629354792753,39.142806281069866,41.655677795410156,26920,0.0,0.0
2011-06-08 00:00:00-04:00,41.40438508345932,41.55902390182927,39.25878143310547,39.25878143310547,29260,0.0,0.0
2011-06-09 00:00:00-04:00,39.58739451081483,39.626053485292594,38.949511108714425,39.162139892578125,25240,0.0,0.0
2011-06-10 00:00:00-04:00,39.18147163488624,40.089970894304706,39.16214362055281,39.49074935913086,30100,0.0,0.0
2011-06-13 00:00:00-04:00,40.263927438039374,40.51521513740729,39.41341545167796,39.93532180786133,18740,0.0,0.0
2011-06-14 00:00:00-04:00,40.45723542585552,41.94562809079193,40.41857645069303,41.55903244018555,32460,0.0,0.0
2011-06-15 00:00:00-04:00,41.53969381535045,41.73299160499748,40.1286223105193,40.20594024658203,31020,0.0,0.0
2011-06-16 00:00:00-04:00,40.97913301956557,43.10540878944869,40.302590729148214,42.7961311340332,55800,0.0,0.0
2011-06-17 00:00:00-04:00,42.7961300725409,43.14406668888071,41.23041972324711,42.77680206298828,48180,0.0,0.0
2011-06-20 00:00:00-04:00,42.81547025402298,43.16340694530825,40.824501972854215,41.539703369140625,32580,0.0,0.0
2011-06-21 00:00:00-04:00,42.02294532551295,42.834798537553986,41.675011605484734,42.71881866455078,27640,0.0,0.0
2011-06-22 00:00:00-04:00,42.7381517350416,42.7381517350416,41.42372589061757,41.71367263793945,26140,0.0,0.0
2011-06-23 00:00:00-04:00,41.037119228614976,41.77165138152346,40.90181137269526,41.48170471191406,25900,0.0,0.0
2011-06-24 00:00:00-04:00,41.674994171032466,42.54483400619279,40.592525640814955,42.17756652832031,106740,0.0,0.0
2011-06-27 00:00:00-04:00,42.138925198516155,42.71881866455078,42.02294532551295,42.71881866455078,33980,0.0,0.0
2011-06-28 00:00:00-04:00,42.85413671266515,42.85413671266515,42.04228625758929,42.56418991088867,25060,0.0,0.0
2011-06-29 00:00:00-04:00,42.718811267620744,42.718811267620744,41.55902453637312,41.79098129272461,24200,0.0,0.0
2011-06-30 00:00:00-04:00,41.88764175648933,42.64150510971375,41.5590360151053,42.58351516723633,21300,0.0,0.0
2011-07-01 00:00:00-04:00,42.60283068350267,43.453342708180934,42.35154592230399,43.22138595581055,22660,0.0,0.0
2011-07-05 00:00:00-04:00,43.22139196722591,43.31804087328009,42.11959207861582,42.60283660888672,18040,0.0,0.0
2011-07-06 00:00:00-04:00,42.68016158014318,42.77681049542906,42.022947186504695,42.69948959350586,14720,0.0,0.0
2011-07-07 00:00:00-04:00,43.00875226833323,43.4726657197463,42.64148769842204,42.83478546142578,17760,0.0,0.0
2011-07-08 00:00:00-04:00,42.52551274920925,43.279372931785545,42.52551274920925,43.22138595581055,14660,0.0,0.0
2011-07-11 00:00:00-04:00,42.622161580438664,43.06674707571088,41.94561933313011,42.19690704345703,17200,0.0,0.0
2011-07-12 00:00:00-04:00,42.17757772654248,43.56932124241149,41.94562096547935,42.77680206298828,26960,0.0,0.0
2011-07-13 00:00:00-04:00,43.047411140575846,43.54998650312538,42.04226336496656,42.4675178527832,16920,0.0,0.0
2011-07-14 00:00:00-04:00,42.6994858199868,42.93144555576639,42.00361546111971,42.370880126953125,14040,0.0,0.0
2011-07-15 00:00:00-04:00,42.37087685932334,43.87860027816268,42.37087685932334,43.260047912597656,26720,0.0,0.0
2011-07-18 00:00:00-04:00,42.98942759272177,43.06674847891323,42.21623642774843,42.35154724121094,19320,0.0,0.0
2011-07-19 00:00:00-04:00,42.873452581577986,43.04741942158578,42.23556925239883,42.660823822021484,21340,0.0,0.0
2011-07-20 00:00:00-04:00,42.79612214798288,42.98941990465758,42.08092103818443,42.680145263671875,15000,0.0,0.0
2011-07-21 00:00:00-04:00,42.81546075370874,43.762618750857,42.69948089918477,43.008758544921875,22960,0.0,0.0
2011-07-22 00:00:00-04:00,43.163397367790424,43.45334405461012,42.66082193084019,43.008758544921875,12240,0.0,0.0
2011-07-25 00:00:00-04:00,42.71881930062257,43.00876603795711,42.08093588858843,42.254905700683594,19300,0.0,0.0
2011-07-26 00:00:00-04:00,42.21624607542641,42.4095439108441,41.57836557814077,41.67501449584961,17360,0.0,0.0
2011-07-27 00:00:00-04:00,41.559034123838295,41.69434201713401,39.81935362563111,40.031982421875,34260,0.0,0.0
2011-07-28 00:00:00-04:00,39.83867695839632,40.302590489268034,39.20079364132999,39.99331283569336,23120,0.0,0.0
2011-07-29 00:00:00-04:00,39.43273852956255,39.857992963022696,39.162122876312296,39.80000305175781,14440,0.0,0.0
2011-08-01 00:00:00-04:00,40.59253085570365,40.59253085570365,39.877329711477316,40.147945404052734,25060,0.0,0.0
2011-08-02 00:00:00-04:00,39.916002762759604,40.205949514062944,37.17117410698617,37.557769775390625,43700,0.0,0.0
2011-08-03 00:00:00-04:00,37.63508912657028,38.253641629084505,36.93921866730089,37.34514236450195,39380,0.0,0.0
2011-08-04 00:00:00-04:00,37.712395724420915,37.712395724420915,34.44566167484918,35.450809478759766,55300,0.0,0.0
2011-08-05 00:00:00-04:00,36.050052840460644,36.185360759883125,33.45986255611688,34.17506408691406,65340,0.0,0.0
2011-08-08 00:00:00-04:00,33.03458591653527,33.981746707715494,31.101608321665104,31.140270233154297,77500,0.0,0.0
2011-08-09 00:00:00-04:00,31.73950292440813,35.31551276006383,31.73950292440813,33.90443801879883,89020,0.0,0.0
2011-08-10 00:00:00-04:00,33.61448758234084,34.58097662093018,32.24207491723828,32.55134963989258,40980,0.0,0.0
2011-08-11 00:00:00-04:00,32.860638159284754,35.72144724775607,32.763989223522145,35.02557373046875,41740,0.0,0.0
2011-08-12 00:00:00-04:00,35.37350905604512,36.55262720437649,34.793615464962414,35.23820114135742,21660,0.0,0.0
2011-08-15 00:00:00-04:00,35.70210774517679,38.11833056157331,35.70210774517679,37.96369171142578,35380,0.0,0.0
2011-08-16 00:00:00-04:00,37.69307173986371,37.7897206417608,34.600306879156946,35.0642204284668,41880,0.0,0.0
2011-08-17 00:00:00-04:00,34.94824373837972,36.455967207471154,34.32969135219849,36.18534851074219,33460,0.0,0.0
2011-08-18 00:00:00-04:00,35.21886074559259,35.79875418141297,33.47918043813147,33.86577606201172,37400,0.0,0.0
2011-08-19 00:00:00-04:00,33.749795344448174,34.94824105363858,33.4405177003712,33.537166595458984,31040,0.0,0.0
2011-08-22 00:00:00-04:00,34.658290399489246,35.83740501483998,34.38767175453918,35.450809478759766,21360,0.0,0.0
2011-08-23 00:00:00-04:00,35.837414878450744,38.041011810302734,35.43149122353718,38.041011810302734,40540,0.0,0.0
2011-08-24 00:00:00-04:00,37.88636754842692,38.582240785234944,36.97786850833718,38.485591888427734,22800,0.0,0.0
2011-08-25 00:00:00-04:00,38.659554214281414,38.91084190657222,37.42244965922037,37.59641647338867,22200,0.0,0.0
2011-08-26 00:00:00-04:00,37.132499941010565,37.693062251102894,36.4366268427328,37.190486907958984,33280,0.0,0.0
2011-08-29 00:00:00-04:00,37.666797112038566,38.50030833636389,36.059308800122174,37.84540557861328,46000,2.5,0.0
2011-08-30 00:00:00-04:00,37.32941130866928,37.984310817654546,36.01960623432878,36.436363220214844,56860,0.0,0.0
2011-08-31 00:00:00-04:00,36.53559738808837,36.972198149040025,35.38455681598998,35.60285568237305,42900,0.0,0.0
2011-09-01 00:00:00-04:00,35.523483573853014,36.575296821621116,34.88842748990184,35.166263580322266,26060,0.0,0.0
2011-09-02 00:00:00-04:00,34.729658384704294,35.40440482204704,33.75722916120693,33.8564567565918,28260,0.0,0.0
2011-09-06 00:00:00-04:00,33.12216248956987,33.67783750121267,32.308498211972534,32.66571807861328,40660,0.0,0.0
2011-09-07 00:00:00-04:00,33.36029926057789,34.094582431160134,32.88400526449829,33.657981872558594,46360,0.0,0.0
2011-09-08 00:00:00-04:00,33.26108069004405,34.233509606729335,32.78478656556119,32.88401412963867,23620,0.0,0.0
2011-09-09 00:00:00-04:00,32.48710798060092,32.9832458637139,31.75282451923077,32.24896240234375,28120,0.0,0.0
2011-09-12 00:00:00-04:00,31.752821303009952,32.84432453530092,31.752821303009952,32.725250244140625,33420,0.0,0.0
2011-09-13 00:00:00-04:00,32.6458756224124,33.32062199239167,32.3283461376071,33.14201354980469,26840,0.0,0.0
2011-09-14 00:00:00-04:00,33.53891887999418,34.59073173453043,32.62602401873211,33.935829162597656,37120,0.0,0.0
2011-09-15 00:00:00-04:00,34.312902379837915,35.721935491036525,34.05491304606255,35.44409942626953,31880,0.0,0.0
2011-09-16 00:00:00-04:00,35.503629554004874,35.92038663228353,34.35259196292221,34.53120040893555,28480,0.0,0.0
2011-09-19 00:00:00-04:00,33.717534766440444,34.45182137449554,33.360317855499474,33.558773040771484,21580,0.0,0.0
2011-09-20 00:00:00-04:00,33.5785953762458,34.689944917888994,33.2412223815918,33.2412223815918,20480,0.0,0.0
2011-09-21 00:00:00-04:00,33.16185712995212,34.173976588835416,32.56649167360242,32.60618209838867,20960,0.0,0.0
2011-09-22 00:00:00-04:00,31.772663286299554,33.638140048200256,31.772663286299554,32.5069465637207,35980,0.0,0.0
2011-09-23 00:00:00-04:00,32.46727353943664,33.221400914241094,32.07036311977696,33.12217330932617,26680,0.0,0.0
2011-09-26 00:00:00-04:00,33.241241681538135,34.11444323682369,32.64587615888372,34.07475280761719,21500,0.0,0.0
2011-09-27 00:00:00-04:00,34.76934051513672,35.602851511710014,33.91598279295101,34.76934051513672,33220,0.0,0.0
2011-09-28 00:00:00-04:00,34.68996717501749,35.067030817758166,32.7451057434082,32.7451057434082,24520,0.0,0.0
2011-09-29 00:00:00-04:00,33.41984361669105,34.76933914412238,32.82447821001709,34.451812744140625,24680,0.0,0.0
2011-09-30 00:00:00-04:00,33.91599045373891,35.067031150991504,32.84433364868164,32.84433364868164,20000,0.0,0.0
2011-10-03 00:00:00-04:00,32.46726503201817,33.955678715731985,30.8796237693901,30.89946746826172,47480,0.0,0.0
2011-10-04 00:00:00-04:00,30.58193644318276,33.16185310778246,29.86749677094271,32.96339797973633,60440,0.0,0.0
2011-10-05 00:00:00-04:00,32.903862357875845,33.677836181787164,32.42756821161996,32.9237060546875,14580,0.0,0.0
2011-10-06 00:00:00-04:00,32.983248020188576,33.26108706980841,31.772673323155626,32.56649398803711,22380,0.0,0.0
2011-10-07 00:00:00-04:00,32.60618351269344,32.80463867341807,30.56209475159269,31.455142974853516,25280,0.0,0.0
2011-10-10 00:00:00-04:00,32.12989104560528,32.66572243105416,31.852055016857086,32.40773010253906,28420,0.0,0.0
2011-10-11 00:00:00-04:00,32.030657278137284,32.96339882646121,31.931429711565375,32.725250244140625,21440,0.0,0.0
2011-10-12 00:00:00-04:00,33.042789555920294,33.71753599924129,32.407733545467714,33.41985321044922,27340,0.0,0.0
2011-10-13 00:00:00-04:00,33.24123422054189,34.19381944861829,32.98324194632756,34.15412902832031,11820,0.0,0.0
2011-10-14 00:00:00-04:00,34.39227709708487,34.590732241294035,33.67783736665781,34.49150466918945,18600,0.0,0.0
2011-10-17 00:00:00-04:00,34.0350554696646,34.451812462199804,32.328340106559004,32.44741439819336,22600,0.0,0.0
2011-10-18 00:00:00-04:00,32.30850344955197,34.094600044117286,32.24896629076265,33.89614486694336,21060,0.0,0.0
2011-10-19 00:00:00-04:00,33.75722546433588,34.03506148971237,32.88402090366516,33.04278564453125,16660,0.0,0.0
2011-10-20 00:00:00-04:00,32.96340066947466,33.79691166964402,32.387878934268656,33.67783737182617,12120,0.0,0.0
2011-10-21 00:00:00-04:00,34.35258783986094,34.67011426446184,33.578610934264105,34.431968688964844,17240,0.0,0.0
2011-10-24 00:00:00-04:00,34.47166419476224,35.483786825046536,34.094600563660265,34.82888412475586,25160,0.0,0.0
2011-10-25 00:00:00-04:00,34.65027746062962,34.90826678564197,33.300781560057644,33.40000915527344,28740,0.0,0.0
2011-10-26 00:00:00-04:00,34.17397065458225,34.9082539842694,33.14200464841235,34.57088088989258,24980,0.0,0.0
2011-10-27 00:00:00-04:00,35.325010351104474,35.70207385706147,34.61057072823521,35.186092376708984,50780,0.0,0.0
2011-10-28 00:00:00-04:00,34.86857641654132,35.66239717970987,34.84873271437365,35.424251556396484,24240,0.0,0.0
2011-10-31 00:00:00-04:00,34.88841546064646,34.88841546064646,33.43969228139412,33.499229431152344,36940,0.0,0.0
2011-11-01 00:00:00-04:00,32.7450971354811,33.87629079452436,32.546642001326674,33.26108169555664,24000,0.0,0.0
2011-11-02 00:00:00-04:00,33.75721797497768,34.35258334999891,33.30077058182442,34.2335090637207,22580,0.0,0.0
2011-11-03 00:00:00-04:00,34.967794960854675,34.967794960854675,33.91598211627097,34.6502685546875,27240,0.0,0.0
2011-11-04 00:00:00-04:00,34.39227559783622,34.70980199781797,34.03505574819483,34.451812744140625,12640,0.0,0.0
2011-11-07 00:00:00-05:00,34.55104182339161,34.55104182339161,33.558766102193516,33.67783737182617,28240,0.0,0.0
2011-11-08 00:00:00-05:00,33.757226348914635,35.30517428541136,33.57861487519034,35.26548385620117,29300,0.0,0.0
2011-11-09 00:00:00-05:00,34.59072655241788,35.067017608913794,34.332734301738974,34.35258102416992,32260,0.0,0.0
2011-11-10 00:00:00-05:00,34.84872522999131,35.067024076067575,34.13428548530388,34.61057662963867,23080,0.0,0.0
2011-11-11 00:00:00-05:00,34.92811066563613,35.42424860122755,34.789192649307665,35.26548385620117,18360,0.0,0.0
2011-11-14 00:00:00-05:00,35.26546775031794,35.88067972075574,34.987631844549796,35.78145217895508,31180,0.0,0.0
2011-11-15 00:00:00-05:00,35.70208225738142,35.92038414578467,35.06702634773392,35.38455581665039,37420,0.0,0.0
2011-11-16 00:00:00-05:00,35.03744900706661,35.58873689767545,34.32281574854122,34.38406753540039,28700,2.5,0.0
2011-11-17 00:00:00-05:00,33.83276973507219,34.60865766875062,33.68984374834131,33.7510986328125,29460,0.0,0.0
2011-11-18 00:00:00-05:00,33.71026994936036,34.424903144157376,33.68985061185906,33.8940315246582,19340,0.0,0.0
2011-11-21 00:00:00-05:00,33.36316616226598,33.71027627156621,32.5668616992275,32.628116607666016,36320,0.0,0.0
2011-11-22 00:00:00-05:00,32.48518609583161,32.58727655733258,31.3826072422889,31.403026580810547,36500,0.0,0.0
2011-11-23 00:00:00-05:00,31.1580129215129,31.525536123797973,29.95334349723809,30.239198684692383,48680,0.0,0.0
2011-11-25 00:00:00-05:00,30.137106371674776,30.810900945044775,29.912506103515625,29.912506103515625,8600,0.0,0.0
2011-11-28 00:00:00-05:00,30.606715015904996,31.484693490430868,30.4433727918052,31.300931930541992,27180,0.0,0.0
2011-11-29 00:00:00-05:00,31.423440907587416,31.4438602448769,30.259610339816298,30.38212013244629,25280,0.0,0.0
2011-11-30 00:00:00-05:00,31.096758557289917,31.852227430938562,30.74965157378151,31.83180809020996,32500,0.0,0.0
2011-12-01 00:00:00-05:00,31.566371620265226,31.566371620265226,30.627138137817386,30.627138137817383,17840,0.0,0.0
2011-12-02 00:00:00-05:00,31.17843040730935,31.995154206403523,31.117175499266477,31.85222816467285,25160,0.0,0.0
2011-12-05 00:00:00-05:00,32.30141635442406,32.566852136010006,31.484692789884626,31.790964126586914,35900,0.0,0.0
2011-12-06 00:00:00-05:00,31.933895854472766,32.342257709980366,31.58678890040205,32.13807678222656,19220,0.0,0.0
2011-12-07 00:00:00-05:00,31.77054751579627,31.913473514721012,31.096749960233222,31.688873291015625,23840,0.0,0.0
2011-12-08 00:00:00-05:00,31.239680512033303,31.464280768471962,30.667973317460543,30.872154235839844,26320,0.0,0.0
2011-12-09 00:00:00-05:00,30.892577972905443,31.893063369208583,30.892577972905443,31.750137329101562,28900,0.0,0.0
2011-12-12 00:00:00-05:00,31.443869717582132,31.750141175870272,30.892581715774362,31.56637954711914,23880,0.0,0.0
2011-12-13 00:00:00-05:00,31.709303545174116,32.158501031712596,30.688398750516573,30.81090545654297,25640,0.0,0.0
2011-12-14 00:00:00-05:00,30.54546980391901,30.872157437877558,29.60623623573617,29.81041717529297,43380,0.0,0.0
2011-12-15 00:00:00-05:00,30.096269244450937,30.28003395938439,29.60623623573617,29.81041717529297,35100,0.0,0.0
2011-12-16 00:00:00-05:00,29.810423005769895,30.17794939196563,29.299970557040957,29.463315963745117,44480,0.0,0.0
2011-12-19 00:00:00-05:00,29.524561803627,29.60623292409274,27.686933553166075,28.05445671081543,67660,0.0,0.0
2011-12-20 00:00:00-05:00,28.8099308013916,29.095782860465896,28.115713762055236,28.8099308013916,62780,0.0,0.0
2011-12-21 00:00:00-05:00,28.78950959892683,28.952854957350606,28.074876381932196,28.483238220214844,62660,0.0,0.0
2011-12-22 00:00:00-05:00,28.605753387305807,28.605753387305807,28.217807698786586,28.56491470336914,52340,0.0,0.0
2011-12-23 00:00:00-05:00,28.74867441635849,28.74867441635849,28.38114813395909,28.585329055786133,36540,0.0,0.0
2011-12-27 00:00:00-05:00,28.44239846235481,28.830340905254626,28.421979127232454,28.54448890686035,63160,0.0,0.0
2011-12-28 00:00:00-05:00,28.42198254840608,28.585327902387565,28.258637194424598,28.442401885986328,38180,0.0,0.0
2011-12-29 00:00:00-05:00,28.442397613972236,28.564904274392877,27.56441919430237,27.82985496520996,63920,0.0,0.0
2011-12-30 00:00:00-05:00,27.584841957073333,28.25863646200893,27.584841957073333,27.911529541015625,60720,0.0,0.0
2012-01-03 00:00:00-05:00,28.626165459720248,28.626165459720248,27.523589695618714,27.768606185913086,74140,0.0,0.0
2012-01-04 00:00:00-05:00,27.72776535081601,28.973266904451762,27.72776535081601,28.54448890686035,44320,0.0,0.0
2012-01-05 00:00:00-05:00,28.564911491920817,29.8920875662448,28.19738830224338,29.60623550415039,63220,0.0,0.0
2012-01-06 00:00:00-05:00,29.60623681326636,29.994179359770342,28.27906068025787,28.72825813293457,88400,0.0,0.0
2012-01-09 00:00:00-05:00,28.973272583736648,29.99417722890783,28.76909165470241,29.912506103515625,37520,0.0,0.0
2012-01-10 00:00:00-05:00,30.1371021595292,30.46378973099189,30.1371021595292,30.320863723754883,34240,0.0,0.0
2012-01-11 00:00:00-05:00,30.19835585376975,30.32086564806413,29.85124892400699,30.157520294189453,22000,0.0,0.0
2012-01-12 00:00:00-05:00,30.34128727102526,30.5250488607548,29.81041560983412,30.075851440429688,23760,0.0,0.0
2012-01-13 00:00:00-05:00,29.830835342407227,30.157522963519167,29.504144605741526,29.830835342407227,19780,0.0,0.0
2012-01-17 00:00:00-05:00,29.973752234150606,30.280023538078126,29.81040691561203,29.953332901000977,35360,0.0,0.0
2012-01-18 00:00:00-05:00,30.014595375061038,30.688393037203742,29.932924252914965,30.627138137817383,29740,0.0,0.0
2012-01-19 00:00:00-05:00,30.688395015423293,30.994666416544177,30.116687776886884,30.30044937133789,30660,0.0,0.0
2012-01-20 00:00:00-05:00,30.218778610229492,30.320869078507297,30.014597673673887,30.218778610229492,18780,0.0,0.0
2012-01-23 00:00:00-05:00,30.320864842748513,30.667971763292194,30.218774388732527,30.443374633789062,19360,0.0,0.0
2012-01-24 00:00:00-05:00,30.422956466674805,30.463792026740844,30.218775550791083,30.422956466674805,21920,0.0,0.0
2012-01-25 00:00:00-05:00,30.361695149991945,30.872147331785865,30.25960471363316,30.72922134399414,25720,0.0,0.0
2012-01-26 00:00:00-05:00,31.158004463981314,31.607201790274843,30.87214935411956,31.586782455444336,26640,0.0,0.0
2012-01-27 00:00:00-05:00,31.648037693064968,31.648037693064968,31.17842102676693,31.505111694335938,19900,0.0,0.0
2012-01-30 00:00:00-05:00,31.403025069181865,31.52553174775382,31.03549880235902,31.34177017211914,21340,0.0,0.0
2012-01-31 00:00:00-05:00,31.525538778805576,31.525538778805576,30.627143806697454,30.790489196777344,28240,0.0,0.0
2012-02-01 00:00:00-05:00,31.055918552135758,31.055918552135758,30.402537128865024,30.422956466674805,43280,0.0,0.0
2012-02-02 00:00:00-05:00,30.422953001699415,30.688388785227563,29.953336325542413,30.34128189086914,38340,0.0,0.0
2012-02-03 00:00:00-05:00,30.586307525634766,30.62714309331503,30.40254279774241,30.586307525634766,34680,0.0,0.0
2012-02-06 00:00:00-05:00,30.44337202865209,30.99465981005228,30.402533358097664,30.606714248657227,44100,0.0,0.0
2012-02-07 00:00:00-05:00,30.66797294262457,30.892573196318075,30.402537128865024,30.422956466674805,36380,0.0,0.0
2012-02-08 00:00:00-05:00,30.422957216898602,30.831319058736167,30.422957216898602,30.627138137817383,53680,0.0,0.0
2012-02-09 00:00:00-05:00,31.17842831657887,31.17842831657887,30.422959476187007,30.545469284057617,51820,0.0,0.0
2012-02-10 00:00:00-05:00,30.42296204016781,30.42296204016781,29.422476615269836,29.483728408813477,42480,0.0,0.0
2012-02-13 00:00:00-05:00,29.892087865518988,30.5250500150629,29.60623580056268,30.218778610229492,50740,0.0,0.0
2012-02-14 00:00:00-05:00,30.177940734906784,30.872154619809205,30.075850274447394,30.627138137817383,77800,0.0,0.0
2012-02-15 00:00:00-05:00,30.6271404122688,30.810902008520877,30.28003344404052,30.545469284057617,43500,0.0,0.0
2012-02-16 00:00:00-05:00,30.66796994071638,31.648038864135742,30.54546327250972,31.648038864135742,82800,0.0,0.0
2012-02-17 00:00:00-05:00,31.852219760033393,32.28100088763975,31.62761952832469,31.648038864135742,94340,0.0,0.0
2012-02-21 00:00:00-05:00,31.795728345746877,32.51308580867539,31.795728345746877,31.880125045776367,77960,2.5,0.0
2012-02-22 00:00:00-05:00,31.66913548429381,31.7957256946758,30.88848136628396,31.036174774169922,47240,0.0,0.0
2012-02-23 00:00:00-05:00,31.120566794817428,31.837920945037858,30.9728766132314,31.626934051513672,36320,0.0,0.0
2012-02-24 00:00:00-05:00,31.62693385264674,31.753527275727045,31.331553491332002,31.41594696044922,36160,0.0,0.0
2012-02-27 00:00:00-05:00,31.226064050600428,31.648037889122055,31.036177111027655,31.563644409179688,35020,0.0,0.0
2012-02-28 00:00:00-05:00,31.52145092818386,31.648044393520163,31.120576986961492,31.33156394958496,32700,0.0,0.0
2012-02-29 00:00:00-05:00,31.35265901763378,31.542545966459137,31.120572107376073,31.204965591430664,38660,0.0,0.0
2012-03-01 00:00:00-05:00,31.268262314174134,31.648039431229904,31.183868830119543,31.204965591430664,24320,0.0,0.0
2012-03-02 00:00:00-05:00,31.268265099763802,31.35266181074208,31.01508140563965,31.01508140563965,35920,0.0,0.0
2012-03-05 00:00:00-05:00,31.05727782439183,31.64804191739765,30.993981096675974,31.268264770507812,28640,0.0,0.0
2012-03-06 00:00:00-05:00,31.09947137352252,31.47924848138121,30.635300783653,30.76189422607422,32100,0.0,0.0
2012-03-07 00:00:00-05:00,30.740794990320303,31.22606557214684,30.59310478352224,31.204965591430664,30740,0.0,0.0
2012-03-08 00:00:00-05:00,31.331561828146178,31.331561828146178,30.614207491560183,31.01508140563965,30800,0.0,0.0
2012-03-09 00:00:00-05:00,31.141676564770087,31.711340712541567,30.88848963740008,31.4792537689209,38280,0.0,0.0
2012-03-12 00:00:00-04:00,31.415949331737774,31.563642742947586,31.141668926701787,31.37375259399414,18320,0.0,0.0
2012-03-13 00:00:00-04:00,31.479254179540277,31.479254179540277,31.226070468273228,31.33156394958496,35780,0.0,0.0
2012-03-14 00:00:00-04:00,30.12893632808656,30.27662654540259,29.453778749352367,29.495975494384766,146140,0.0,0.0
2012-03-15 00:00:00-04:00,29.939050900426594,30.445421579439014,29.55927691542452,30.361024856567383,96220,0.0,0.0
2012-03-16 00:00:00-04:00,30.403216430648595,31.204964150356933,30.403216430648595,31.16276741027832,99820,0.0,0.0
2012-03-19 00:00:00-04:00,31.09947451307604,32.091115733538814,31.09947451307604,31.774635314941406,126100,0.0,0.0
2012-03-20 00:00:00-04:00,31.47924122148535,31.626931390645765,30.719690400344255,30.888477325439453,66340,0.0,0.0
2012-03-21 00:00:00-04:00,31.099470690457952,31.500347769717028,30.63530011078341,31.16276741027832,37540,0.0,0.0
2012-03-22 00:00:00-04:00,30.888487660665277,30.93068762546333,30.276626803957186,30.593107223510742,38120,0.0,0.0
2012-03-23 00:00:00-04:00,30.52981117661597,30.740798127690585,30.023443781799042,30.25552749633789,43420,0.0,0.0
2012-03-26 00:00:00-04:00,30.318812886174943,30.57199648889165,29.66475551410713,29.896839141845703,73300,0.0,0.0
2012-03-27 00:00:00-04:00,29.896842592199786,30.27661964980649,29.685855695685454,30.044532775878906,63900,0.0,0.0
2012-03-28 00:00:00-04:00,30.213319450092634,30.804083336034402,29.854642411293618,29.896839141845703,69140,0.0,0.0
2012-03-29 00:00:00-04:00,29.770264254338315,30.213334982013095,29.64367077819933,30.10784149169922,42740,0.0,0.0
2012-03-30 00:00:00-04:00,30.12893880408502,30.614209460350366,30.002345339179087,30.33992576599121,42900,0.0,0.0
2012-04-02 00:00:00-04:00,30.12893295288086,30.38211661411752,29.791352591628694,30.12893295288086,42480,0.0,0.0
2012-04-03 00:00:00-04:00,30.00234591370033,30.276629613311805,29.601471966164368,29.791358947753906,42060,0.0,0.0
2012-04-04 00:00:00-04:00,29.622565729481956,29.74915918398443,29.2849885498175,29.495975494384766,51440,0.0,0.0
2012-04-05 00:00:00-04:00,29.49596699128502,29.538163724152938,29.11618995666504,29.11618995666504,29240,0.0,0.0
2012-04-09 00:00:00-04:00,28.905214774350597,28.905214774350597,27.91357666319926,27.97687339782715,64000,0.0,0.0
2012-04-10 00:00:00-04:00,27.95576898034274,28.14565593471131,26.921932673468795,27.13292121887207,80740,0.0,0.0
2012-04-11 00:00:00-04:00,27.36500307832964,27.660386700112113,27.132919396291552,27.238412857055664,42320,0.0,0.0
2012-04-12 00:00:00-04:00,27.238412391156473,27.82917318580689,27.238412391156473,27.280609130859375,38340,0.0,0.0
2012-04-13 00:00:00-04:00,27.259509446573496,27.259509446573496,26.71094377598162,27.02742576599121,30660,0.0,0.0
2012-04-16 00:00:00-04:00,27.132925927987348,27.470503152054345,27.006332456833658,27.111825942993164,35460,0.0,0.0
2012-04-17 00:00:00-04:00,27.132923952046895,27.744784839451313,26.9641337426026,27.006330490112305,35140,0.0,0.0
2012-04-18 00:00:00-04:00,26.710943545307295,26.753141894805296,25.191838376832948,25.634910583496094,98260,0.0,0.0
2012-04-19 00:00:00-04:00,25.529422923705155,25.592719657479762,24.896462024770315,24.959758758544922,55980,0.0,0.0
2012-04-20 00:00:00-04:00,25.17073683694839,25.318427017335285,24.959749945137265,24.98084831237793,47720,0.0,0.0
2012-04-23 00:00:00-04:00,25.065253256852838,25.2762402317095,24.685476058229693,25.149646759033203,39060,0.0,0.0
2012-04-24 00:00:00-04:00,25.086343594888003,25.888092876646073,24.917553425200854,25.698205947875977,49520,0.0,0.0
2012-04-25 00:00:00-04:00,25.866996512016808,26.225675247966578,25.71930630937439,25.803701400756836,48260,0.0,0.0
2012-04-26 00:00:00-04:00,25.69820975032635,26.457762406901455,25.65601139680948,26.373367309570312,50060,0.0,0.0
2012-04-27 00:00:00-04:00,26.43665902361827,26.584349208674432,25.951388513229805,26.394460678100586,49000,0.0,0.0
2012-04-30 00:00:00-04:00,26.394466617801413,27.175119283679322,26.310071517476416,26.710947036743164,61600,0.0,0.0
2012-05-01 00:00:00-04:00,26.66874974574632,26.71094649019408,26.204577508307874,26.225677490234375,58100,0.0,0.0
2012-05-02 00:00:00-04:00,26.120184019412356,26.39446607772803,26.01469054859034,26.225677490234375,28540,0.0,0.0
2012-05-03 00:00:00-04:00,26.26786995359098,26.415560144790472,25.592712494247095,25.698205947875977,32640,0.0,0.0
2012-05-04 00:00:00-04:00,25.592714442776497,25.61381281316815,24.833160231057185,24.87535858154297,47220,0.0,0.0
2012-05-07 00:00:00-04:00,24.98085573695382,25.107447587724494,24.622176948450413,24.66437530517578,47300,0.0,0.0
2012-05-08 00:00:00-04:00,24.601080946346453,25.2762402317095,24.601080946346453,25.149646759033203,39880,0.0,0.0
2012-05-09 00:00:00-04:00,25.00195041359536,25.19183896652519,24.68547002861314,24.87535858154297,34960,0.0,0.0
2012-05-10 00:00:00-04:00,24.980851488605328,25.21293677716595,24.685469480572518,24.812061309814453,41280,0.0,0.0
2012-05-11 00:00:00-04:00,24.98085300845922,24.98085300845922,23.10306899640033,23.356252670288086,89300,0.0,0.0
2012-05-14 00:00:00-04:00,23.16636934713571,23.314059578411953,21.6894605955621,22.259124755859375,105500,0.0,0.0
2012-05-15 00:00:00-04:00,22.238024270952913,23.567241055404367,22.238024270952913,22.976478576660156,87360,0.0,0.0
2012-05-16 00:00:00-04:00,23.208561718283377,23.588338826645376,22.259120557080877,22.406810760498047,52600,0.0,0.0
2012-05-17 00:00:00-04:00,22.596703447432997,22.70219692908273,22.027039290405533,22.048137664794922,45700,0.0,0.0
2012-05-18 00:00:00-04:00,22.090334413573704,22.364618109744132,21.85824907588484,22.048137664794922,67580,0.0,0.0
2012-05-21 00:00:00-04:00,22.048137431079766,22.528393223780753,21.873498052560564,22.310094833374023,58180,1.75,0.0
2012-05-22 00:00:00-04:00,22.462895934542757,22.812172889709473,21.19676509839403,21.61153221130371,53000,0.0,0.0
2012-05-23 00:00:00-04:00,21.415066595431348,21.61153543245963,20.25808640490329,21.240428924560547,99200,0.0,0.0
2012-05-24 00:00:00-04:00,21.24043240828074,21.262261912534406,20.563706118026097,20.91298484802246,60740,0.0,0.0
2012-05-25 00:00:00-04:00,20.891156789639723,21.69886189119368,20.891156789639723,21.39324378967285,46540,0.0,0.0
2012-05-29 00:00:00-04:00,21.502386263608823,21.873492771507905,20.825661749830655,21.240428924560547,40620,0.0,0.0
2012-05-30 00:00:00-04:00,21.0221359474584,21.131285144142016,20.65102767944336,20.65102767944336,66160,0.0,0.0
2012-05-31 00:00:00-04:00,20.585534676931726,20.716513351326324,20.039788812384057,20.258087158203125,59980,0.0,0.0
2012-06-01 00:00:00-04:00,19.865145857162897,20.017954005255206,19.6905065460712,19.755996704101562,52800,0.0,0.0
2012-06-04 00:00:00-04:00,19.75599827017131,19.97429659359862,18.468037828853394,18.904634475708008,84100,0.0,0.0
2012-06-05 00:00:00-04:00,18.75182498309941,19.101101942668567,18.729995485404576,18.970123291015625,66300,0.0,0.0
2012-06-06 00:00:00-04:00,19.013782286405302,19.34122974827962,18.75182498309941,18.970123291015625,75460,0.0,0.0
2012-06-07 00:00:00-04:00,19.10110226600025,19.406720235353042,18.97012361213018,19.035612106323242,69860,0.0,0.0
2012-06-08 00:00:00-04:00,19.14477012285097,19.210260312838624,18.555365074900944,18.926471710205078,40520,0.0,0.0
2012-06-11 00:00:00-04:00,19.013788109129933,19.101107792133714,18.40255365907231,18.42438316345215,51020,0.0,0.0
2012-06-12 00:00:00-04:00,18.599020210009517,18.642680882718455,18.075105461377202,18.33706283569336,46560,0.0,0.0
2012-06-13 00:00:00-04:00,18.18425303708091,18.446210388234938,17.987784190973283,18.096933364868164,46700,0.0,0.0
2012-06-14 00:00:00-04:00,18.118765843971378,18.249744541071863,17.68216907664677,17.965957641601562,36360,0.0,0.0
2012-06-15 00:00:00-04:00,17.944123522124798,18.27157104380944,17.900464518760533,18.096933364868164,51240,0.0,0.0
2012-06-18 00:00:00-04:00,18.227914586742827,18.315234271153454,17.90046701931631,17.92229652404785,35760,0.0,0.0
2012-06-19 00:00:00-04:00,17.900470464063442,18.22791809450363,17.813150762849105,18.16242790222168,44120,0.0,0.0
2012-06-20 00:00:00-04:00,18.118763825425944,18.337062184768424,18.118763825425944,18.24974250793457,31480,0.0,0.0
2012-06-21 00:00:00-04:00,18.337064769528087,18.424384458670367,17.725828611016667,17.769489288330078,43060,0.0,0.0
2012-06-22 00:00:00-04:00,17.83497227563459,18.053270598055988,17.769483778198587,17.813142776489258,84940,0.0,0.0
2012-06-25 00:00:00-04:00,17.81314282341257,18.053270645611846,17.245567516718634,17.529356002807617,54060,0.0,0.0
2012-06-26 00:00:00-04:00,17.507526471098004,17.638506809500004,17.0709297843825,17.223739624023438,49860,0.0,0.0
2012-06-27 00:00:00-04:00,17.201913091271287,17.50752949232417,17.070932730266367,17.092763900756836,45640,0.0,0.0
2012-06-28 00:00:00-04:00,17.049104880476218,17.48570168492111,16.96178518649031,17.35472297668457,43660,0.0,0.0
2012-06-29 00:00:00-04:00,17.66033955517522,17.944126454385163,17.463870676962493,17.703998565673828,59980,0.0,0.0
2012-07-02 00:00:00-04:00,17.791317016317016,18.42438261747916,17.791317016317016,18.3588924407959,59320,0.0,0.0
2012-07-03 00:00:00-04:00,18.29340317909365,18.97012775995848,18.162422831100717,18.24974250793457,50700,0.0,0.0
2012-07-05 00:00:00-04:00,18.249744629707557,18.664511893777288,18.009616739609662,18.555362701416016,45360,0.0,0.0
2012-07-06 00:00:00-04:00,18.44621237792644,19.406725544903512,18.293404184184713,19.232086181640625,56020,0.0,0.0
2012-07-09 00:00:00-04:00,19.297575248923195,19.406724428311353,18.686339178155787,18.795488357543945,41660,0.0,0.0
2012-07-10 00:00:00-04:00,18.904639986606977,19.166599050373954,18.468043212479866,18.599021911621094,41920,0.0,0.0
2012-07-11 00:00:00-04:00,18.555356765950158,18.839145241505335,18.358887949449187,18.51169776916504,22500,0.0,0.0
2012-07-12 00:00:00-04:00,18.424382515626867,18.533531699172663,18.162423475826344,18.33706283569336,42440,0.0,0.0
2012-07-13 00:00:00-04:00,18.315232681931036,18.599019549785677,18.14059332826333,18.24974250793457,36360,0.0,0.0
2012-07-16 00:00:00-04:00,18.35889401894809,18.9483006633104,18.031446438352756,18.599021911621094,63300,0.0,0.0
2012-07-17 00:00:00-04:00,18.59902192361295,19.122938386000186,18.59902192361295,18.860980987548828,59780,0.0,0.0
2012-07-18 00:00:00-04:00,18.882814552596777,19.515880344682547,18.882814552596777,19.188432693481445,30020,0.0,0.0
2012-07-19 00:00:00-04:00,19.188426173874756,19.341234359655374,18.817317962646484,18.817317962646484,22400,0.0,0.0
2012-07-20 00:00:00-04:00,18.773658854763173,18.99195721353949,18.773658854763173,18.795488357543945,20160,0.0,0.0
2012-07-23 00:00:00-04:00,18.70816868093656,18.94829820797795,18.57718999876763,18.795488357543945,33600,0.0,0.0
2012-07-24 00:00:00-04:00,18.751827344648795,18.948296179612868,18.620848676500785,18.773656845092773,57360,0.0,0.0
2012-07-25 00:00:00-04:00,18.77365895684754,19.057447490993614,18.599019602683143,18.817317962646484,33000,0.0,0.0
2012-07-26 00:00:00-04:00,18.88280803415133,19.101106392927647,18.5990195015484,18.795488357543945,42960,0.0,0.0
2012-07-27 00:00:00-04:00,18.79548984718895,19.40672596640015,18.664511154639246,19.0137882232666,37100,0.0,0.0
2012-07-30 00:00:00-04:00,18.839148325296893,19.057446675923813,18.57718930525404,18.94829750061035,73860,0.0,0.0
2012-07-31 00:00:00-04:00,18.555360495986857,19.035616219101033,18.555360495986857,18.795488357543945,68080,0.0,0.0
2012-08-01 00:00:00-04:00,18.88280803415133,18.94829820797795,18.511701490425317,18.795488357543945,61620,0.0,0.0
2012-08-02 00:00:00-04:00,18.795488357543945,18.88280803415133,18.5990195015484,18.795488357543945,86100,0.0,0.0
2012-08-03 00:00:00-04:00,18.948298311011943,19.363063862554846,18.795488459747013,18.817317962646484,40420,0.0,0.0
2012-08-06 00:00:00-04:00,18.94829513968389,19.319401623316697,18.839145977970237,18.904634475708008,70640,0.0,0.0
2012-08-07 00:00:00-04:00,18.926465684767017,19.101105025479356,18.24974115410401,18.315231323242188,79820,0.0,0.0
2012-08-08 00:00:00-04:00,18.227909293609862,18.642676425004364,18.227909293609862,18.51169776916504,35600,0.0,0.0
2012-08-09 00:00:00-04:00,18.511706220884367,18.948303050004426,18.446216030322468,18.642684936523438,47880,0.0,0.0
2012-08-10 00:00:00-04:00,18.555360495986857,18.817317860324717,18.555360495986857,18.795488357543945,29840,0.0,0.0
2012-08-13 00:00:00-04:00,18.904639783875183,18.948300460110392,18.555362701416016,18.555362701416016,38540,0.0,0.0
2012-08-14 00:00:00-04:00,18.555361202784947,18.62085137910617,18.33706283569336,18.33706283569336,55200,0.0,0.0
2012-08-15 00:00:00-04:00,18.009613037109375,18.075103205256163,16.830801668856292,16.918121337890625,127440,0.0,0.0
2012-08-16 00:00:00-04:00,16.612504152554262,16.677994323947637,15.346374717984409,15.390033721923828,164260,0.0,0.0
2012-08-17 00:00:00-04:00,15.346379097299094,16.154082559058114,15.280888907217134,15.892125129699707,117060,0.0,0.0
2012-08-20 00:00:00-04:00,15.870287870090072,15.979437034713756,15.695650205982625,15.717479705810547,60680,0.0,0.0
2012-08-21 00:00:00-04:00,15.739311108993475,15.91395045970414,15.49918325087952,15.56467342376709,50880,0.0,0.0
2012-08-22 00:00:00-04:00,15.564674445985077,15.564674445985077,15.324544906616211,15.324544906616211,43980,0.0,0.0
2012-08-23 00:00:00-04:00,15.302715268624102,15.368205445238912,14.84428902877356,14.887948036193848,52980,0.0,0.0
2012-08-24 00:00:00-04:00,14.800628390700382,14.866116894615649,14.407690705272014,14.495010375976562,73040,0.0,0.0
2012-08-27 00:00:00-04:00,14.473180978156755,14.800628496526961,14.407690808289033,14.516839981079102,56160,0.0,0.0
2012-08-28 00:00:00-04:00,14.797088012695312,14.797088012695312,13.967554119721752,14.012393951416016,88300,0.875,0.0
2012-08-29 00:00:00-04:00,13.989972875019443,14.07965167297877,13.250117874175789,13.58641529083252,93500,0.0,0.0
2012-08-30 00:00:00-04:00,13.451900501476855,14.012396355705057,13.451900501476855,13.720938682556152,56440,0.0,0.0
2012-08-31 00:00:00-04:00,13.743355837217628,14.393530404394296,13.720936348961025,14.371110916137695,56420,0.0,0.0
2012-09-04 00:00:00-04:00,14.281432107862631,14.52805075492853,13.407058381876665,14.371110916137695,165160,0.0,0.0
2012-09-05 00:00:00-04:00,14.326273971932814,15.110968145710851,14.236594295687242,14.864350318908691,90080,0.0,0.0
2012-09-06 00:00:00-04:00,14.86434557210664,15.64903949529936,14.662566792614824,15.267901420593262,66420,0.0,0.0
2012-09-07 00:00:00-04:00,15.245485897451815,16.254378346547888,14.931607904522433,16.11985969543457,76060,0.0,0.0
2012-09-10 00:00:00-04:00,16.05259949508988,16.25437832676298,15.581783361517616,15.895661354064941,69700,0.0,0.0
2012-09-11 00:00:00-04:00,15.82840255859628,16.187119562688167,15.447266062466952,16.14228057861328,47380,0.0,0.0
2012-09-12 00:00:00-04:00,16.142277810779586,16.70277356809832,15.94049899604538,16.45615577697754,58360,0.0,0.0
2012-09-13 00:00:00-04:00,16.45615819999044,17.083912514319895,16.254379355546217,16.433738708496094,59860,0.0,0.0
2012-09-14 00:00:00-04:00,16.500994354290704,17.083909585705033,16.478574866639626,16.657934188842773,53420,0.0,0.0
2012-09-17 00:00:00-04:00,16.568258761942328,16.702777432723785,15.850823000278389,15.918083190917969,45900,0.0,0.0
2012-09-18 00:00:00-04:00,15.850821626117325,15.962920793799901,14.81950962553713,14.864350318908691,68180,0.0,0.0
2012-09-19 00:00:00-04:00,14.819508991577736,15.155806480239095,14.640151357256832,14.841928482055664,72780,0.0,0.0
2012-09-20 00:00:00-04:00,14.729832105362703,15.469687404562647,14.707412610644058,15.290328025817871,59280,0.0,0.0
2012-09-21 00:00:00-04:00,15.44726805144271,15.581786731485467,15.290328165977977,15.424848556518555,38760,0.0,0.0
2012-09-24 00:00:00-04:00,15.424848556518555,15.918084286841268,15.312749371399953,15.424848556518555,65120,0.0,0.0
2012-09-25 00:00:00-04:00,15.559364150831717,15.783562476605958,14.819508991577736,14.841928482055664,62280,0.0,0.0
2012-09-26 00:00:00-04:00,14.841927702286965,15.26790484097743,14.797088723686871,14.976448059082031,72260,0.0,0.0
2012-09-27 00:00:00-04:00,14.976450366678577,15.133388526457594,14.797091003647425,14.90919017791748,30220,0.0,0.0
2012-09-28 00:00:00-04:00,14.864352164988873,14.998870840815018,14.640153801779373,14.684992790222168,35820,0.0,0.0
2012-10-01 00:00:00-04:00,14.684987387433743,14.931605154130914,14.348689966347475,14.393528938293457,26960,0.0,0.0
2012-10-02 00:00:00-04:00,14.393531875076633,14.6177302015451,14.124494567513466,14.348692893981934,41720,0.0,0.0
2012-10-03 00:00:00-04:00,14.281432069694128,14.348691389532833,14.012393935090657,14.146912574768066,26060,0.0,0.0
2012-10-04 00:00:00-04:00,14.124495074981187,14.39353239221038,13.810617064548762,14.326273918151855,35240,0.0,0.0
2012-10-05 00:00:00-04:00,14.32627104064143,14.774667619625529,14.124492237999144,14.595308303833008,37060,0.0,0.0
2012-10-08 00:00:00-04:00,14.59531119221138,14.59531119221138,14.169334871025917,14.236594200134277,34260,0.0,0.0
2012-10-09 00:00:00-04:00,14.236596599457755,14.550474661860328,14.057238073191536,14.124497413635254,39800,0.0,0.0
2012-10-10 00:00:00-04:00,14.169331039695203,14.684986897093037,14.012392077378852,14.057231903076172,30900,0.0,0.0
2012-10-11 00:00:00-04:00,14.236590825985386,14.460789106709564,14.079651858428747,14.393528938293457,18960,0.0,0.0
2012-10-12 00:00:00-04:00,14.303855939901474,14.595313651990196,14.07965756825647,14.124497413635254,20200,0.0,0.0
2012-10-15 00:00:00-04:00,14.07965756825647,14.236596599457755,13.90029904199025,14.124497413635254,24400,0.0,0.0
2012-10-16 00:00:00-04:00,14.146913062084776,14.214173239489035,13.900295262431433,14.0796537399292,29060,0.0,0.0
2012-10-17 00:00:00-04:00,14.124494109042855,14.572890747425168,13.945135624739674,14.46079158782959,27100,0.0,0.0
2012-10-18 00:00:00-04:00,14.393534775410126,14.572894156925262,14.07965756825647,14.124497413635254,22680,0.0,0.0
2012-10-19 00:00:00-04:00,14.012398227812751,14.191756754078972,13.945138887369033,14.124497413635254,27360,0.0,0.0
2012-10-22 00:00:00-04:00,14.102079189552423,15.088552455798164,14.079658837217888,14.998872756958008,44000,0.0,0.0
2012-10-23 00:00:00-04:00,14.864350263107792,15.066127395780914,14.14691456633403,14.326273918151855,40200,0.0,0.0
2012-10-24 00:00:00-04:00,14.326276290215324,14.438375476037825,14.012398227812751,14.124497413635254,35980,0.0,0.0
2012-10-25 00:00:00-04:00,14.146912574768066,14.281432069694128,14.012393935090657,14.146912574768066,29960,0.0,0.0
2012-10-26 00:00:00-04:00,14.191754383366362,14.326273897031419,14.057235724950079,14.281434059143066,16900,0.0,0.0
2012-10-31 00:00:00-04:00,14.326273897031419,14.50563153808728,14.012395887061727,14.281434059143066,24520,0.0,0.0
2012-11-01 00:00:00-04:00,14.259011297331293,14.34869095791773,14.079652831407047,14.303851127624512,25900,0.0,0.0
2012-11-02 00:00:00-04:00,14.281432639477703,14.281432639477703,14.102074161002443,14.214173316955566,17360,0.0,0.0
2012-11-05 00:00:00-05:00,14.169332945536938,14.25901175374526,14.012393962111558,14.191752433776855,17620,0.0,0.0
2012-11-06 00:00:00-05:00,14.191752900111524,14.281432566515335,13.922714756148778,14.259012222290039,34320,0.0,0.0
2012-11-07 00:00:00-05:00,14.012396335601807,14.34869384765625,13.631258984223678,13.676098823547363,47020,0.0,0.0
2012-11-08 00:00:00-05:00,13.519159793351589,13.676098803125742,13.16044278979535,13.182862281799316,53860,0.0,0.0
2012-11-09 00:00:00-05:00,13.07076165350393,13.07076165350393,11.994609907609286,12.308487892150879,71700,0.0,0.0
2012-11-12 00:00:00-05:00,12.286067973926816,12.330907809739251,11.68073232858078,11.927350997924805,45940,0.0,0.0
2012-11-13 00:00:00-05:00,11.792830464425908,11.792830464425908,11.075396574843824,11.29959487915039,86320,0.0,0.0
2012-11-14 00:00:00-05:00,11.277173201854747,11.88250872294108,11.165074062959077,11.77040958404541,74260,0.0,0.0
2012-11-15 00:00:00-05:00,11.74799099235672,12.017028261980506,11.097815595185779,11.680730819702148,55920,0.0,0.0
2012-11-16 00:00:00-05:00,11.613471061878045,11.658310890197754,11.25475414581755,11.658310890197754,38740,0.0,0.0
2012-11-19 00:00:00-05:00,11.635893821716309,11.725572641743286,11.568633637635116,11.635893821716309,33660,0.0,0.0
2012-11-20 00:00:00-05:00,11.52379363547491,11.61347244756597,11.38927413446528,11.501373291015625,36200,0.0,0.0
2012-11-21 00:00:00-05:00,11.434115409851074,12.465427438051847,11.434115409851074,12.33090877532959,39000,0.0,0.0
2012-11-23 00:00:00-05:00,12.398167683231623,13.429480531456733,12.398167683231623,13.38464069366455,31860,0.0,0.0
2012-11-26 00:00:00-05:00,14.042899519767772,14.042899519767772,12.703280974984569,13.534768104553223,44980,0.875,0.0
2012-11-27 00:00:00-05:00,13.511670168527399,13.511670168527399,12.86495792641987,13.072829246520996,34380,0.0,0.0
2012-11-28 00:00:00-05:00,12.957347064589303,13.165219300715163,12.287538190215999,13.003540992736816,29760,0.0,0.0
2012-11-29 00:00:00-05:00,13.14212090856424,13.44238007721682,12.911152181742905,13.326895713806152,38940,0.0,0.0
2012-11-30 00:00:00-05:00,13.257604480156626,13.373088836669922,12.957344448361484,13.373088836669922,28600,0.0,0.0
2012-12-03 00:00:00-05:00,13.003545006222986,13.742645441475561,12.957351063817919,13.627161026000977,29460,0.0,0.0
2012-12-04 00:00:00-05:00,13.71954344660013,14.27386789145645,13.39618685962708,14.204577445983887,39800,0.0,0.0
2012-12-05 00:00:00-05:00,14.320065661764586,14.435550062262688,13.67335319519043,13.67335319519043,37840,0.0,0.0
2012-12-06 00:00:00-05:00,13.719545986334506,13.858126902933448,13.049736166928996,13.095930099487305,23880,0.0,0.0
2012-12-07 00:00:00-05:00,13.049737461612528,13.373094140525389,13.003543524471253,13.234512329101562,19700,0.0,0.0
2012-12-10 00:00:00-05:00,13.16521818097006,13.34999299676851,12.8649589951631,12.957345962524414,21520,0.0,0.0
2012-12-11 00:00:00-05:00,12.957345873176658,13.511671197825464,12.957345873176658,13.396186828613281,28240,0.0,0.0
2012-12-12 00:00:00-05:00,13.51166991900149,13.696444716037645,12.957344646817289,12.98044204711914,28240,0.0,0.0
2012-12-13 00:00:00-05:00,13.072829246520996,13.373089288459981,12.86495792641987,13.072829246520996,40760,0.0,0.0
2012-12-14 00:00:00-05:00,13.026635891723727,13.165216768434856,12.541601061083323,12.657085418701172,33560,0.0,0.0
2012-12-17 00:00:00-05:00,12.587795605308221,12.610892125548203,11.964179866995229,12.07966423034668,57820,0.0,0.0
2012-12-18 00:00:00-05:00,12.079665708737863,12.310634463708285,12.079665708737863,12.264440536499023,28720,0.0,0.0
2012-12-19 00:00:00-05:00,12.19514918883432,12.426117926808741,12.079664819847109,12.102762222290039,28200,0.0,0.0
2012-12-20 00:00:00-05:00,12.033473014831543,12.07966694677519,11.825601642699086,12.033473014831543,26880,0.0,0.0
2012-12-21 00:00:00-05:00,11.964181752321343,12.05656960999137,11.848697370771761,11.917987823486328,55800,0.0,0.0
2012-12-24 00:00:00-05:00,11.825599259748811,12.218246280534423,11.825599259748811,12.010374069213867,20540,0.0,0.0
2012-12-26 00:00:00-05:00,11.871795574642732,12.125860878718836,11.871795574642732,12.033473014831543,34380,0.0,0.0
2012-12-27 00:00:00-05:00,12.010376489397704,12.148957404152675,12.010376489397704,12.033473014831543,36140,0.0,0.0
2012-12-28 00:00:00-05:00,11.825599259748811,12.218246280534423,11.825599259748811,12.010374069213867,42920,0.0,0.0
2012-12-31 00:00:00-05:00,11.987277421522109,12.125858306884766,11.941083499375964,12.125858306884766,47520,0.0,0.0
2013-01-02 00:00:00-05:00,12.264440748802587,13.927415989591724,12.264440748802587,13.811931610107422,94140,0.0,0.0
2013-01-03 00:00:00-05:00,13.811932344232295,13.973610660318942,13.557867048293236,13.719545364379883,30600,0.0,0.0
2013-01-04 00:00:00-05:00,13.811930205621103,14.781999070861552,13.673349316762096,14.758902549743652,59040,0.0,0.0
2013-01-07 00:00:00-05:00,14.75890497384879,14.874389360557855,14.366257882822781,14.620323181152344,31740,0.0,0.0
2013-01-08 00:00:00-05:00,14.551030809226498,14.712709105544182,14.435546437724701,14.458642959594727,25040,0.0,0.0
2013-01-09 00:00:00-05:00,14.551027840809263,14.64341567159387,14.366253060315705,14.412446975708008,21080,0.0,0.0
2013-01-10 00:00:00-05:00,14.435546052071356,14.504836496906137,14.273867760072996,14.320061683654785,26420,0.0,0.0
2013-01-11 00:00:00-05:00,14.204577867616935,14.273868315146238,13.881221271045725,14.019803047180176,11440,0.0,0.0
2013-01-14 00:00:00-05:00,13.996706158373305,14.181481866676958,13.950513112373267,14.042900085449219,11140,0.0,0.0
2013-01-15 00:00:00-05:00,14.042899152497363,14.22767396744947,13.858124337545256,14.204577445983887,20560,0.0,0.0
2013-01-16 00:00:00-05:00,14.204577315238215,14.574126941740918,14.204577315238215,14.320061683654785,18040,0.0,0.0
2013-01-17 00:00:00-05:00,14.435548630971757,14.782001798115079,14.320064241923983,14.551033020019531,16800,0.0,0.0
2013-01-18 00:00:00-05:00,14.551033384659712,16.029233953944427,14.551033384659712,15.705877304077148,54540,0.0,0.0
2013-01-22 00:00:00-05:00,15.775162244808447,15.821355277985857,15.313224864429298,15.521095275878906,50820,0.0,0.0
2013-01-23 00:00:00-05:00,15.5441976232397,16.052328169797047,15.197744497272858,15.890650749206543,32400,0.0,0.0
2013-01-24 00:00:00-05:00,15.82136133213527,16.075426636133333,15.498004689705038,15.567296028137207,38660,0.0,0.0
2013-01-25 00:00:00-05:00,15.659683228748968,16.029232906380855,15.544198844354511,15.8675537109375,32780,0.0,0.0
2013-01-28 00:00:00-05:00,15.959944081018268,16.791431427001953,15.936847552937191,16.791431427001953,53000,0.0,0.0
2013-01-29 00:00:00-05:00,16.814524553914598,17.09168633008232,16.629748861701717,16.65284538269043,66520,0.0,0.0
2013-01-30 00:00:00-05:00,16.560454725987537,16.62974603934533,15.590386911886247,15.613483428955078,42480,0.0,0.0
2013-01-31 00:00:00-05:00,15.636584271799963,15.705875604326826,15.19774503963579,15.42871379852295,36880,0.0,0.0
2013-02-01 00:00:00-05:00,15.451808311216345,15.567292675631785,15.10535521797002,15.267032623291016,32020,0.0,0.0
2013-02-04 00:00:00-05:00,15.15154961343225,15.267033988172056,14.805096489212831,14.920580863952637,29020,0.0,0.0
2013-02-05 00:00:00-05:00,14.966780217597698,15.128457686485499,14.851295807777198,14.989876747131348,16760,0.0,0.0
2013-02-06 00:00:00-05:00,14.82819373164061,15.313229538817701,14.458644066961902,14.666516304016113,40740,0.0,0.0
2013-02-07 00:00:00-05:00,14.735805627414209,14.758903030360067,14.34315858809293,14.458642959594727,50560,0.0,0.0
2013-02-08 00:00:00-05:00,14.551033049993022,15.7520699937031,14.551033049993022,15.567296028137207,46160,0.0,0.0
2013-02-11 00:00:00-05:00,15.613487191142035,15.890650749206543,15.15154968985291,15.890650749206543,32700,0.0,0.0
2013-02-12 00:00:00-05:00,15.913748301615946,16.075425732668563,15.72897258428281,15.936844825744629,33120,0.0,0.0
2013-02-13 00:00:00-05:00,15.936848069350868,16.26020475942031,15.867556720710203,16.23710823059082,31220,0.0,0.0
2013-02-14 00:00:00-05:00,16.260200659874606,16.56045898326079,16.190909328703775,16.46807289123535,43000,0.0,0.0
2013-02-15 00:00:00-05:00,16.76404863148808,16.76404863148808,15.509112119101909,15.603824615478516,39200,0.875,0.0
2013-02-19 00:00:00-05:00,15.722217454175055,16.101065697524508,15.485437076270284,15.840607643127441,35020,0.0,0.0
2013-02-20 00:00:00-05:00,15.793250483651935,15.98267550857212,15.769572807159642,15.840607643127441,42720,0.0,0.0
2013-02-21 00:00:00-05:00,15.745892051610982,16.05370720529133,15.745892051610982,15.935317039489746,33840,0.0,0.0
2013-02-22 00:00:00-05:00,16.1010644885077,16.385200198061522,16.006351983159497,16.337844848632812,33100,0.0,0.0
2013-02-25 00:00:00-05:00,16.36152233233588,16.74037054281507,16.36152233233588,16.57462501525879,48320,0.0,0.0
2013-02-26 00:00:00-05:00,16.59830078905732,16.621978460783968,16.077384785108865,16.314165115356445,41120,0.0,0.0
2013-02-27 00:00:00-05:00,16.266807804599956,16.693013117428386,16.124739969153993,16.550945281982422,32960,0.0,0.0
2013-02-28 00:00:00-05:00,16.45623483657837,16.74037054281507,16.21945447921753,16.57462501525879,30960,0.0,0.0
2013-03-01 00:00:00-05:00,16.43255858788937,16.550948776841757,15.769572807159642,15.840607643127441,37440,0.0,0.0
2013-03-04 00:00:00-05:00,15.745889887231543,16.12473800442326,15.50910958817543,15.651177406311035,61780,0.0,0.0
2013-03-05 00:00:00-05:00,15.698534200379314,16.12473764529374,15.698534200379314,15.982669830322266,33820,0.0,0.0
2013-03-06 00:00:00-05:00,16.10106453085573,16.243132386006298,16.006352025258423,16.0773868560791,32080,0.0,0.0
2013-03-07 00:00:00-05:00,16.124742163222052,16.550947534043573,16.03002965787385,16.337844848632812,48100,0.0,0.0
2013-03-08 00:00:00-05:00,16.503591237514758,16.5746260718476,16.361523375339956,16.456235885620117,42560,0.0,0.0
2013-03-11 00:00:00-04:00,16.36151711349731,17.758521137621578,16.36151711349731,17.6401309967041,94700,0.0,0.0
2013-03-12 00:00:00-04:00,17.6874925693333,18.20841045700618,17.332322021302588,17.450712203979492,45660,0.0,0.0
2013-03-13 00:00:00-04:00,17.521746839316364,17.90059505832775,17.40335665796963,17.68749237060547,23400,0.0,0.0
2013-03-14 00:00:00-04:00,17.71116964663854,17.758524990684137,17.2376089802203,17.379676818847656,26100,0.0,0.0
2013-03-15 00:00:00-04:00,17.427034332940817,17.782204876981016,17.332321826565273,17.68749237060547,58980,0.0,0.0
2013-03-18 00:00:00-04:00,17.545418920179014,17.75852153995654,17.166570821957986,17.190248489379883,37180,0.0,0.0
2013-03-19 00:00:00-04:00,17.16657023237282,17.474385317756262,16.764044480554627,17.355995178222656,45220,0.0,0.0
2013-03-20 00:00:00-04:00,17.4507131137336,17.4507131137336,16.81140681654583,17.308645248413086,23140,0.0,0.0
2013-03-21 00:00:00-04:00,17.166571269125495,18.090014774555815,17.09553645851921,17.498064041137695,94600,0.0,0.0
2013-03-22 00:00:00-04:00,17.75852809786903,18.65829424409075,17.75852809786903,18.066343307495117,123920,0.0,0.0
2013-03-25 00:00:00-04:00,18.397833574570843,18.753004120848203,18.20841036711741,18.49254608154297,77080,0.0,0.0
2013-03-26 00:00:00-04:00,18.563576927554095,18.75300009433592,18.279439467645716,18.46886444091797,43760,0.0,0.0
2013-03-27 00:00:00-04:00,18.374153212092374,19.36863168011351,18.350475540435085,19.155529022216797,89960,0.0,0.0
2013-03-28 00:00:00-04:00,19.321276419737487,19.723804103236834,19.2028862433831,19.41598892211914,66880,0.0,0.0
2013-04-01 00:00:00-04:00,19.534378974668442,19.534378974668442,18.113696867419826,18.35047721862793,66760,0.0,0.0
2013-04-02 00:00:00-04:00,18.563577344579812,19.037137981908426,18.27943987828836,18.77667999267578,49760,0.0,0.0
2013-04-03 00:00:00-04:00,18.824037917372625,18.824037917372625,17.49806831216402,17.569101333618164,73040,0.0,0.0
2013-04-04 00:00:00-04:00,17.64013811635221,17.995308682453263,16.929796984150112,17.82956314086914,30840,0.0,0.0
2013-04-05 00:00:00-04:00,17.805880309507476,18.1373731368288,17.42703213820764,17.900592803955078,31340,0.0,0.0
2013-04-08 00:00:00-04:00,18.042663824838574,18.184733494814243,17.782205774034676,18.066343307495117,35180,0.0,0.0
2013-04-09 00:00:00-04:00,18.06634066622196,18.350476351651277,17.924271017016675,18.232086181640625,26760,0.0,0.0
2013-04-10 00:00:00-04:00,18.32679818843886,18.705646361035125,18.25576336573743,18.681968688964844,31420,0.0,0.0
2013-04-11 00:00:00-04:00,18.61093754628554,18.871395603541323,18.11369910852615,18.13737678527832,30220,0.0,0.0
2013-04-12 00:00:00-04:00,17.97162250386761,18.090012636559113,17.450704836130978,17.474384307861328,32660,0.0,0.0
2013-04-15 00:00:00-04:00,17.42703852281676,17.45071620348062,16.19578106338339,16.385204315185547,88400,0.0,0.0
2013-04-16 00:00:00-04:00,16.408877439854724,17.09553894531236,16.408877439854724,16.811403274536133,43820,0.0,0.0
2013-04-17 00:00:00-04:00,16.71669157239054,16.835081741892584,15.461756859563243,15.485434532165527,147360,0.0,0.0
2013-04-18 00:00:00-04:00,15.485431624986782,15.65117710857694,14.727734501771945,14.846124649047852,65880,0.0,0.0
2013-04-19 00:00:00-04:00,14.964518135119366,15.461757406566377,14.869805634868886,15.438077926635742,31720,0.0,0.0
2013-04-22 00:00:00-04:00,15.509109470198982,15.816924579226534,15.011871207261656,15.248651504516602,35580,0.0,0.0
2013-04-23 00:00:00-04:00,15.50911748518387,16.432561483004516,15.41440495603717,16.385204315185547,51560,0.0,0.0
2013-04-24 00:00:00-04:00,16.148421944963047,16.290491624767824,16.00635407164929,16.10106658935547,51600,0.0,0.0
2013-04-25 00:00:00-04:00,16.195777099990515,16.882440510151362,16.14841994376068,16.621980667114258,35160,0.0,0.0
2013-04-26 00:00:00-04:00,16.5746260718476,16.645660906180442,16.10106532693767,16.456235885620117,26680,0.0,0.0
2013-04-29 00:00:00-04:00,16.432556279844295,16.882439295972944,16.243131281529916,16.716691970825195,35480,0.0,0.0
2013-04-30 00:00:00-04:00,16.47991183272416,16.88243950756452,16.10106363783788,16.219453811645508,34820,0.0,0.0
2013-05-01 00:00:00-04:00,16.243127328726324,16.243127328726324,15.532786467646542,15.674854278564453,57020,0.0,0.0
2013-05-02 00:00:00-04:00,15.958993471976648,16.69301208164449,15.84060331536924,16.669334411621094,25600,0.0,0.0
2013-05-03 00:00:00-04:00,16.78772272373696,17.2612832981358,16.62197543880323,17.190248489379883,57260,0.0,0.0
2013-05-06 00:00:00-04:00,17.237613057917837,17.521748802387172,17.000832668696386,17.42703628540039,23300,0.0,0.0
2013-05-07 00:00:00-04:00,17.427033484219155,17.900594186542996,17.284965634820146,17.569101333618164,29260,0.0,0.0
2013-05-08 00:00:00-04:00,17.61645621549864,18.824035489367514,17.49806605518815,18.800357818603516,78740,0.0,0.0
2013-05-09 00:00:00-04:00,18.824037917372625,18.824037917372625,17.403355810401106,17.569101333618164,42980,0.0,0.0
2013-05-10 00:00:00-04:00,17.8769188748642,18.421514477092202,17.616460815469004,18.161054611206055,32360,0.0,0.0
2013-05-13 00:00:00-04:00,18.137375731543354,18.255765914916992,17.829562338666392,18.255765914916992,53140,0.0,0.0
2013-05-14 00:00:00-04:00,18.350479248554315,18.350479248554315,17.616460439910327,17.82956314086914,36580,0.0,0.0
2013-05-15 00:00:00-04:00,17.711171658331008,18.25576540267437,17.711171658331008,17.924272537231445,23260,0.0,0.0
2013-05-16 00:00:00-04:00,17.947953758862106,18.98978599915178,17.900596598354692,18.966108322143555,75200,0.0,0.0
2013-05-17 00:00:00-04:00,19.10816995230695,19.463340410948273,18.82403430799004,18.895069122314453,73180,0.0,0.0
2013-05-20 00:00:00-04:00,18.68929100097585,19.488186334867624,18.640873885525554,19.17346954345703,59480,0.875,0.0
2013-05-21 00:00:00-04:00,19.29452113512249,20.093416757031473,19.149267889410467,19.87553596496582,91080,0.0,0.0
2013-05-22 00:00:00-04:00,20.020787305714048,20.020787305714048,17.91461082580282,17.963027954101562,83640,0.0,0.0
2013-05-23 00:00:00-04:00,17.89039613780621,18.447200310629,17.478843300160403,17.987232208251953,56760,0.0,0.0
2013-05-24 00:00:00-04:00,17.963024098764464,19.125053398482798,17.963024098764464,19.028217315673828,46480,0.0,0.0
2013-05-28 00:00:00-04:00,19.125055462357995,19.463980865267107,18.205115346889666,18.2535343170166,54600,0.0,0.0
2013-05-29 00:00:00-04:00,18.132488255075966,18.616666836802988,17.938816083587273,18.229324340820312,29340,0.0,0.0
2013-05-30 00:00:00-04:00,18.084069310858087,18.447203247598168,17.2367567917979,17.35780143737793,72460,0.0,0.0
2013-05-31 00:00:00-04:00,17.212546849670584,17.599889315018665,16.873621499868054,17.0430850982666,54180,0.0,0.0
2013-06-03 00:00:00-04:00,17.067296974982796,17.599892737531807,17.043088412502374,17.164133071899414,40740,0.0,0.0
2013-06-04 00:00:00-04:00,17.164134996937396,17.551477581051223,16.776792412823568,17.067298889160156,27440,0.0,0.0
2013-06-05 00:00:00-04:00,17.115713188212638,17.28517681053835,16.607326015225148,16.631534576416016,51260,0.0,0.0
2013-06-06 00:00:00-04:00,16.58311653506792,17.018878000334745,16.486280448675878,16.67995262145996,30320,0.0,0.0
2013-06-07 00:00:00-04:00,16.897833941222196,16.897833941222196,15.566342786303377,15.832640647888184,75900,0.0,0.0
2013-06-10 00:00:00-04:00,15.929477708359864,16.09893949051469,15.179000275756199,15.638969421386719,66640,0.0,0.0
2013-06-11 00:00:00-04:00,15.033745303762432,16.00210251298378,14.767447440625523,15.106372833251953,56280,0.0,0.0
2013-06-12 00:00:00-04:00,15.348462045118302,15.663177028063938,15.251625955367802,15.542132377624512,32600,0.0,0.0
2013-06-13 00:00:00-04:00,15.614758969607058,15.68738649431008,15.251625040081313,15.396878242492676,30700,0.0,0.0
2013-06-14 00:00:00-04:00,15.32425587195082,15.832644067739198,15.32425587195082,15.517927169799805,25640,0.0,0.0
2013-06-17 00:00:00-04:00,15.73580592886431,16.147357037436628,15.566344142274522,15.905267715454102,51680,0.0,0.0
2013-06-18 00:00:00-04:00,15.977896131305636,16.679955573140802,15.808434335377687,16.24419403076172,34140,0.0,0.0
2013-06-19 00:00:00-04:00,16.34103072337478,16.60732863243075,15.856852035274784,15.881060600280762,20400,0.0,0.0
2013-06-20 00:00:00-04:00,15.735806573794234,15.832642675955048,15.25162790998518,15.348464012145996,26120,0.0,0.0
2013-06-21 00:00:00-04:00,15.421089591403035,15.929477708359864,15.13058222792734,15.638969421386719,34360,0.0,0.0
2013-06-24 00:00:00-04:00,15.469508536127961,15.9536871954935,15.130583105173082,15.784223556518555,32360,0.0,0.0
2013-06-25 00:00:00-04:00,16.074729379378464,16.583116523849355,15.735804000732964,16.38944435119629,45920,0.0,0.0
2013-06-26 00:00:00-04:00,16.510492278382284,16.89783670066294,16.341030478880814,16.801000595092773,42140,0.0,0.0
2013-06-27 00:00:00-04:00,16.873623880629424,17.18834071706373,16.728370666503906,16.728370666503906,36500,0.0,0.0
2013-06-28 00:00:00-04:00,16.704163301595674,18.0356545792591,16.60732720291207,17.817773818969727,92160,0.0,0.0
2013-07-01 00:00:00-04:00,17.86618661706495,18.37457365070621,17.86618661706495,18.035648345947266,42240,0.0,0.0
2013-07-02 00:00:00-04:00,18.13249293073937,18.13249293073937,16.77679292172044,16.94625473022461,29980,0.0,0.0
2013-07-03 00:00:00-04:00,16.94625475096987,17.11571655968149,16.607329286551433,16.84941864013672,17480,0.0,0.0
2013-07-05 00:00:00-04:00,17.188344083513535,17.188344083513535,16.341031347002303,16.94625473022461,18360,0.0,0.0
2013-07-08 00:00:00-04:00,16.994671311745563,17.382015742060606,16.607328728425646,17.260971069335938,27280,0.0,0.0
2013-07-09 00:00:00-04:00,17.406224307206514,17.430432872352423,17.11571598447023,17.260971069335938,19300,0.0,0.0
2013-07-10 00:00:00-04:00,17.16413208868903,17.575683168266185,16.97045990594989,17.115713119506836,19940,0.0,0.0
2013-07-11 00:00:00-04:00,17.333590040740294,17.382008999244594,17.115709344956983,17.30938148498535,19180,0.0,0.0
2013-07-12 00:00:00-04:00,17.236757771970094,17.40622139361555,16.9462513448562,17.115713119506836,13500,0.0,0.0
2013-07-15 00:00:00-04:00,17.164128804087348,17.40621806268662,16.994665214871176,17.382009506225586,29660,0.0,0.0
2013-07-16 00:00:00-04:00,17.406218981392513,17.406218981392513,17.18833826775446,17.33359146118164,39820,0.0,0.0
2013-07-17 00:00:00-04:00,17.40622222630052,17.914609421567647,17.30938613029847,17.841981887817383,26000,0.0,0.0
2013-07-18 00:00:00-04:00,17.963026037239565,18.32616000171472,17.7693556977164,18.2535343170166,60140,0.0,0.0
2013-07-19 00:00:00-04:00,18.156696763843367,18.519830699120234,17.866190354419757,18.42299461364746,40400,0.0,0.0
2013-07-22 00:00:00-04:00,18.374579806420805,18.761922350055215,18.205116173771728,18.689294815063477,31060,0.0,0.0
2013-07-23 00:00:00-04:00,18.76192282627634,18.88296748967167,18.568250626045817,18.8587589263916,36060,0.0,0.0
2013-07-24 00:00:00-04:00,18.931384128081376,19.294518108903873,18.61666911956551,18.786130905151367,69360,0.0,0.0
2013-07-25 00:00:00-04:00,18.78613176291343,19.536608321480514,18.68929566087364,19.318729400634766,65400,0.0,0.0
2013-07-26 00:00:00-04:00,19.125057730705116,19.585027842994506,18.44720684448969,19.004013061523438,41380,0.0,0.0
2013-07-29 00:00:00-04:00,19.07663681009652,19.318726100341426,18.495622144109802,18.51983070373535,24140,0.0,0.0
2013-07-30 00:00:00-04:00,18.49562312864523,18.61666778021098,17.866191309902305,18.180906295776367,25540,0.0,0.0
2013-07-31 00:00:00-04:00,18.156700022858303,18.858759459807832,18.156700022858303,18.544042587280273,17900,0.0,0.0
2013-08-01 00:00:00-04:00,18.85875971219286,19.48819161867657,18.665087503892458,19.391355514526367,37940,0.0,0.0
2013-08-02 00:00:00-04:00,19.463985999650397,19.463985999650397,19.00401582058121,19.246105194091797,28760,0.0,0.0
2013-08-05 00:00:00-04:00,19.221889967244408,19.367143171632712,18.71350282838799,18.81033706665039,14520,0.0,0.0
2013-08-06 00:00:00-04:00,18.689292477278997,18.882964648367835,18.447203186915306,18.713502883911133,16680,0.0,0.0
2013-08-07 00:00:00-04:00,18.568247818359268,18.568247818359268,18.108279644604334,18.42299461364746,12380,0.0,0.0
2013-08-08 00:00:00-04:00,18.61666919507826,18.955594614619653,18.39878843630201,18.59246063232422,14460,0.0,0.0
2013-08-09 00:00:00-04:00,18.56825201541338,18.955596444857434,18.51983488523043,18.88296890258789,11340,0.0,0.0
2013-08-12 00:00:00-04:00,18.810340866616123,19.10084918107439,18.76192373770395,18.907176971435547,12080,0.0,0.0
2013-08-13 00:00:00-04:00,18.907172209092064,19.19768045037704,18.640874373160127,18.665082931518555,12580,0.0,0.0
2013-08-14 00:00:00-04:00,18.761927715172053,19.851329969601398,18.39879363036227,19.560823440551758,45560,0.0,0.0
2013-08-15 00:00:00-04:00,19.367145945051988,19.85132459367829,19.270309845927734,19.63344383239746,27800,0.0,0.0
2013-08-16 00:00:00-04:00,19.65765179236662,20.747053718354806,19.58502610549769,20.43233871459961,62980,0.0,0.0
2013-08-19 00:00:00-04:00,20.553384013092074,21.182815887198405,19.488190616222532,19.53660774230957,77680,0.0,0.0
2013-08-20 00:00:00-04:00,19.609237393965458,20.553386230481344,19.58502882831021,20.383922576904297,25340,0.0,0.0
2013-08-21 00:00:00-04:00,20.383921382635283,21.013355134764897,19.609236245084297,19.68186378479004,50680,0.0,0.0
2013-08-22 00:00:00-04:00,19.681858503413235,20.09340952599113,19.609230983196163,19.754484176635742,24320,0.0,0.0
2013-08-23 00:00:00-04:00,19.754485638765367,19.97236636854847,19.463979230384357,19.488187789916992,50060,0.0,0.0
2013-08-26 00:00:00-04:00,18.65916845891165,19.99550182907971,18.65916845891165,19.376829147338867,51440,0.875,0.0
2013-08-27 00:00:00-04:00,19.797528039406004,21.455570257490496,19.797528039406004,20.490442276000977,76800,0.0,0.0
2013-08-28 00:00:00-04:00,20.6636673150035,21.6287970642103,20.539932780183122,21.40607452392578,52440,0.0,0.0
2013-08-29 00:00:00-04:00,21.653543756949297,21.876266298914327,21.20809867301924,21.480316162109375,31920,0.0,0.0
2013-08-30 00:00:00-04:00,21.455567996332913,21.752532018451227,20.93588331767487,20.98537826538086,24840,0.0,0.0
2013-09-03 00:00:00-04:00,21.331832152705026,21.529808155325956,20.93588203550225,21.282339096069336,20420,0.0,0.0
2013-09-04 00:00:00-04:00,21.282340743324973,21.851520378885404,21.282340743324973,21.777278900146484,24300,0.0,0.0
2013-09-05 00:00:00-04:00,21.826776118263286,22.7176664806737,21.826776118263286,22.64342498779297,51360,0.0,0.0
2013-09-06 00:00:00-04:00,22.7176596921651,23.658040955424557,22.296961171620396,23.336332321166992,47700,0.0,0.0
2013-09-09 00:00:00-04:00,23.484813625800655,24.128232789239224,22.544430464440328,24.053991317749023,50040,0.0,0.0
2013-09-10 00:00:00-04:00,24.152985831765065,24.67267060825227,23.509566494779026,23.781782150268555,59800,0.0,0.0
2013-09-11 00:00:00-04:00,23.50956178480579,23.78177738575886,22.668166564373326,23.014623641967773,48340,0.0,0.0
2013-09-12 00:00:00-04:00,23.01462324163397,23.68278896762704,22.989876712530364,23.435319900512695,28440,0.0,0.0
2013-09-13 00:00:00-04:00,23.38582712538699,23.658042724900064,22.98987699081896,23.26209259033203,24640,0.0,0.0
2013-09-16 00:00:00-04:00,23.23734625253339,23.48481532468382,21.826771408452416,22.123735427856445,52080,0.0,0.0
2013-09-17 00:00:00-04:00,21.975252574992062,22.91563383986178,21.653542052144587,22.767152786254883,73980,0.0,0.0
2013-09-18 00:00:00-04:00,22.767156452969637,23.237348105149703,21.653545539509164,22.371206283569336,64240,0.0,0.0
2013-09-19 00:00:00-04:00,22.34644769425431,23.831261444356564,22.272206251533866,23.633285522460938,59080,0.0,0.0
2013-09-20 00:00:00-04:00,23.658043411904686,23.658043411904686,22.07424093960144,22.346458435058594,53640,0.0,0.0
2013-09-23 00:00:00-04:00,22.222722801125922,23.361080122974524,21.9752537360267,23.039369583129883,49600,0.0,0.0
2013-09-24 00:00:00-04:00,23.039373210954125,24.425199816116887,22.643423022056112,24.251972198486328,77120,0.0,0.0
2013-09-25 00:00:00-04:00,24.375706695483633,26.206978439046633,24.27671867647277,25.86052131652832,113500,0.0,0.0
2013-09-26 00:00:00-04:00,26.107985774290217,26.454442835158755,25.093363008063058,25.48931312561035,63260,0.0,0.0
2013-09-27 00:00:00-04:00,25.24184153193441,25.61304508387462,25.019119023162503,25.19234848022461,39060,0.0,0.0
2013-09-30 00:00:00-04:00,24.821147366976664,25.390325069717026,24.573678308035877,25.1676025390625,47540,0.0,0.0
2013-10-01 00:00:00-04:00,25.043868286000613,25.786275471016907,24.771652695769127,24.994375228881836,33480,0.0,0.0
2013-10-02 00:00:00-04:00,24.697413622177493,25.0191222761982,24.326210021972656,24.326210021972656,33660,0.0,0.0
2013-10-03 00:00:00-04:00,24.202473448439783,24.350954498397776,23.31158337261384,23.68278694152832,44100,0.0,0.0
2013-10-04 00:00:00-04:00,23.53430787537885,24.598425617848374,23.53430787537885,24.326210021972656,26580,0.0,0.0
2013-10-07 00:00:00-04:00,24.202470996956258,24.350952031874513,23.41056899732756,23.460063934326172,32700,0.0,0.0
2013-10-08 00:00:00-04:00,23.53430722750861,23.831271232320915,22.79190004753648,22.816646575927734,33060,0.0,0.0
2013-10-09 00:00:00-04:00,22.791898673994638,22.791898673994638,22.02474501186337,22.470190048217773,36140,0.0,0.0
2013-10-10 00:00:00-04:00,22.767152082220882,23.955004250421908,22.74240555539148,23.60854721069336,27220,0.0,0.0
2013-10-11 00:00:00-04:00,23.385830185630105,24.548934212133506,23.385830185630105,24.499441146850586,29860,0.0,0.0
2013-10-14 00:00:00-04:00,24.32621134007003,24.573680420282184,23.65804369067368,24.3509578704834,23640,0.0,0.0
2013-10-15 00:00:00-04:00,24.0787462282895,24.49944297876972,23.65804758976972,23.781782150268555,33080,0.0,0.0
2013-10-16 00:00:00-04:00,23.757033128004807,24.27671785007204,23.60855204856265,24.128236770629883,18740,0.0,0.0
2013-10-17 00:00:00-04:00,24.004500444118793,25.786277041456252,23.781777897441806,25.736783981323242,48360,0.0,0.0
2013-10-18 00:00:00-04:00,21.7525359285047,21.90101702223397,20.911140546652774,21.307090759277344,753000,0.0,0.0
2013-10-21 00:00:00-04:00,21.406080322284335,21.802030563354492,21.232852681828543,21.802030563354492,229760,0.0,0.0
2013-10-22 00:00:00-04:00,21.802030563354492,21.975260091849965,21.52981489062124,21.802030563354492,142140,0.0,0.0
2013-10-23 00:00:00-04:00,21.77727302845466,22.024742040141643,20.861638440428305,20.886384963989258,199600,0.0,0.0
2013-10-24 00:00:00-04:00,20.8121524172244,21.331837186693164,20.787405883066754,20.91114044189453,65300,0.0,0.0
2013-10-25 00:00:00-04:00,21.406074404035294,21.802024535635052,21.158605335780553,21.65354347229004,121800,0.0,0.0
2013-10-28 00:00:00-04:00,21.703040235681783,21.752535190605577,20.98538132566179,21.257596969604492,80400,0.0,0.0
2013-10-29 00:00:00-04:00,21.282340574576406,21.529809651024966,21.084364558201866,21.381328582763672,39100,0.0,0.0
2013-10-30 00:00:00-04:00,21.40607581819807,21.40607581819807,20.63892203353524,20.787403106689453,96340,0.0,0.0
2013-10-31 00:00:00-04:00,20.663670335442436,20.812151421322756,19.99550450496127,20.391454696655273,176560,0.0,0.0
2013-11-01 00:00:00-04:00,20.242970591100026,20.935882851191888,20.143982585932857,20.76265525817871,97420,0.0,0.0
2013-11-04 00:00:00-05:00,20.886389510463996,21.282339637744435,20.21822190064156,20.935882568359375,69660,0.0,0.0
2013-11-05 00:00:00-05:00,20.88638792543255,21.133856972207727,20.391449831882202,21.084362030029297,83140,0.0,0.0
2013-11-06 00:00:00-05:00,21.232847653765507,21.529809792235827,20.935883627255958,21.455568313598633,79800,0.0,0.0
2013-11-07 00:00:00-05:00,21.48031641420551,21.604050951411672,20.98537826538086,20.98537826538086,59400,0.0,0.0
2013-11-08 00:00:00-05:00,20.960627168964916,21.653541243988123,20.737906540886495,21.50506019592285,65000,0.0,0.0
2013-11-11 00:00:00-05:00,21.529808155325956,21.5545546836438,21.01012350849487,21.282339096069336,40920,0.0,0.0
2013-11-12 00:00:00-05:00,21.18335565986703,21.35658517150185,20.56468287839872,20.688417434692383,45480,0.0,0.0
2013-11-13 00:00:00-05:00,20.539931411927746,20.985376462823723,20.366703829934334,20.73790740966797,65740,0.0,0.0
2013-11-14 00:00:00-05:00,20.66366673243946,20.886389266444834,19.82227154177422,20.21822166442871,93100,0.0,0.0
2013-11-15 00:00:00-05:00,20.242969347672663,20.391450402283365,19.15410513379577,19.27783966064453,117640,0.0,0.0
2013-11-18 00:00:00-05:00,19.376828559589807,19.59954920782947,19.154106023311012,19.401575088500977,90480,0.0,0.0
2013-11-19 00:00:00-05:00,19.277841265949633,19.525310340254407,19.12936019897461,19.12936019897461,57960,0.0,0.0
2013-11-20 00:00:00-05:00,19.129358338343735,19.50056191369551,19.10460992288907,19.451066970825195,50720,0.0,0.0
2013-11-21 00:00:00-05:00,19.599548517453805,19.599548517453805,18.65916723567947,18.782901763916016,98940,0.0,0.0
2013-11-22 00:00:00-05:00,18.634416045711294,18.807643586689046,18.36219864126255,18.411693572998047,82500,0.0,0.0
2013-11-25 00:00:00-05:00,18.41170118842005,19.30258955972244,18.188978623584607,18.733409881591797,83460,0.0,0.0
2013-11-26 00:00:00-05:00,18.69540935184355,18.999398962150437,18.36608566341209,18.416749954223633,52660,0.875,0.0
2013-11-27 00:00:00-05:00,18.290093503997273,19.15140026924046,18.264761349991186,19.126068115234375,43880,0.0,0.0
2013-11-29 00:00:00-05:00,19.379391615363627,20.84867959589067,19.379391615363627,19.784711837768555,80940,0.0,0.0
2013-12-02 00:00:00-05:00,19.987372068533038,20.240697438393482,19.176729725348096,19.30339241027832,58980,0.0,0.0
2013-12-03 00:00:00-05:00,19.3287266784374,19.55671796731858,18.695413247724762,19.075401306152344,60580,0.0,0.0
2013-12-04 00:00:00-05:00,19.050061578646933,20.13936112982558,19.050061578646933,20.03803062438965,110960,0.0,0.0
2013-12-05 00:00:00-05:00,20.13936326049199,20.747344424710988,19.936702228179374,20.620681762695312,82160,0.0,0.0
2013-12-06 00:00:00-05:00,20.646011755947683,20.77267440475718,19.78470535749939,19.962034225463867,64100,0.0,0.0
2013-12-09 00:00:00-05:00,20.088698203427786,20.240693005512078,19.53138135216035,19.91136932373047,61500,0.0,0.0
2013-12-10 00:00:00-05:00,19.962035844459113,20.215361162623726,19.17672581197377,19.455385208129883,50740,0.0,0.0
2013-12-11 00:00:00-05:00,19.50605021000887,20.51935151961972,19.50605021000887,20.240694046020508,84980,0.0,0.0
2013-12-12 00:00:00-05:00,20.34202391208746,20.494018717117793,19.936701855048156,20.26602554321289,55160,0.0,0.0
2013-12-13 00:00:00-05:00,20.62068572539415,22.11530581094557,20.44335680486342,21.861980438232422,137180,0.0,0.0
2013-12-16 00:00:00-05:00,22.571287681286464,22.647286057296043,21.532654161229765,21.887310028076172,130300,0.0,0.0
2013-12-17 00:00:00-05:00,22.01396835315763,22.165963142447836,21.228660331226056,21.68464469909668,142980,0.0,0.0
2013-12-18 00:00:00-05:00,21.73531821327951,22.26730112072637,21.53265713771916,22.064640045166016,123200,0.0,0.0
2013-12-19 00:00:00-05:00,21.735318081096196,22.64728905013312,21.735318081096196,22.21663475036621,89280,0.0,0.0
2013-12-20 00:00:00-05:00,22.36862383344224,23.33125877380371,22.317957615916743,23.33125877380371,235460,0.0,0.0
2013-12-23 00:00:00-05:00,23.533920606270286,23.533920606270286,22.495287269446106,23.001937866210938,77920,0.0,0.0
2013-12-24 00:00:00-05:00,23.10327266200147,23.30593372837939,22.92594567846016,23.20460319519043,38040,0.0,0.0
2013-12-26 00:00:00-05:00,23.12860352390805,23.761916852243772,23.052605151420206,23.255266189575195,73900,0.0,0.0
2013-12-27 00:00:00-05:00,23.432591097342538,24.597887132936908,23.381926808597935,24.445892333984375,98740,0.0,0.0
2013-12-30 00:00:00-05:00,24.369896284643616,24.369896284643616,22.799279991640397,23.027273178100586,81240,0.0,0.0
2013-12-31 00:00:00-05:00,22.875273806200063,23.736578221404898,22.875273806200063,23.280593872070312,62260,0.0,0.0
2014-01-02 00:00:00-05:00,23.179265606656635,23.407258769659297,22.672614992303487,22.748613357543945,58940,0.0,0.0
2014-01-03 00:00:00-05:00,22.79927854952605,23.356593474315837,22.748614259170175,23.30592918395996,43360,0.0,0.0
2014-01-06 00:00:00-05:00,23.432588879224273,24.09123423415065,23.255261952685128,24.01523780822754,95580,0.0,0.0
2014-01-07 00:00:00-05:00,24.14190911134917,24.572561477558903,24.065910725444283,24.344568252563477,110320,0.0,0.0
2014-01-08 00:00:00-05:00,24.39523238184221,24.69922203378579,23.635256319264183,24.572559356689453,101000,0.0,0.0
2014-01-09 00:00:00-05:00,24.57255656811683,25.079207219005838,23.888578962504212,24.901880264282227,84560,0.0,0.0
2014-01-10 00:00:00-05:00,24.800549416139667,24.800549416139667,23.43259229047621,23.58458709716797,79600,0.0,0.0
2014-01-13 00:00:00-05:00,23.432590157946173,23.711247600307747,22.64728211757495,22.925939559936523,81940,0.0,0.0
2014-01-14 00:00:00-05:00,23.888585483297497,23.913917636213018,22.875283904921687,23.17927360534668,68860,0.0,0.0
2014-01-15 00:00:00-05:00,23.45792279553112,24.471224012899363,23.331260143360087,24.167234420776367,77800,0.0,0.0
2014-01-16 00:00:00-05:00,24.217896736543878,26.497824289972627,24.217896736543878,25.43385887145996,183600,0.0,0.0
2014-01-17 00:00:00-05:00,25.535189775460758,26.244499421451103,25.104535626702294,25.864511489868164,68360,0.0,0.0
2014-01-21 00:00:00-05:00,26.06717894993829,26.599161799382127,25.357867195533817,26.573829650878906,93280,0.0,0.0
2014-01-22 00:00:00-05:00,26.52316030488398,26.52316030488398,25.28186777959714,25.585857391357422,80060,0.0,0.0
2014-01-23 00:00:00-05:00,25.357859871188634,25.585853007302354,24.74987881912488,25.459190368652344,105200,0.0,0.0
2014-01-24 00:00:00-05:00,25.205874181500853,25.205874181500853,23.559259285221902,23.711254119873047,98400,0.0,0.0
2014-01-27 00:00:00-05:00,23.660585908576607,24.521892406200806,23.381928435653183,23.863245010375977,72800,0.0,0.0
2014-01-28 00:00:00-05:00,23.964576610444382,25.155206859778126,23.63525483037084,24.927213668823242,96780,0.0,0.0
2014-01-29 00:00:00-05:00,24.77521553774105,24.90187818991208,23.96457340421524,24.167234420776367,53740,0.0,0.0
2014-01-30 00:00:00-05:00,24.369898081218246,24.851216636402196,24.065908432006836,24.065908432006836,53560,0.0,0.0
2014-01-31 00:00:00-05:00,23.584587537452553,24.344563517817633,23.331262210664192,23.863245010375977,50100,0.0,0.0
2014-02-03 00:00:00-05:00,23.888577882530324,24.445892800225153,22.748613969566456,22.799278259277344,96440,0.0,0.0
2014-02-04 00:00:00-05:00,22.748617862915193,23.98991056774387,21.55798752374933,23.457927703857422,163900,0.0,0.0
2014-02-05 00:00:00-05:00,23.483255528819154,25.205868414667872,22.621951018613537,25.1805362701416,111940,0.0,0.0
2014-02-06 00:00:00-05:00,25.129878114458176,26.067183224532535,24.648561415811717,25.383203506469727,110400,0.0,0.0
2014-02-07 00:00:00-05:00,25.433864549981035,26.143174343114836,25.15520706222422,25.50986099243164,119240,0.0,0.0
2014-02-10 00:00:00-05:00,25.63652366256828,26.067177900664234,24.800551199297836,25.50986099243164,78020,0.0,0.0
2014-02-11 00:00:00-05:00,25.56052768632143,25.839185179160737,25.357866637318843,25.712522506713867,40620,0.0,0.0
2014-02-12 00:00:00-05:00,25.66185244694506,25.991174161706958,25.560521945203487,25.788515090942383,43300,0.0,0.0
2014-02-13 00:00:00-05:00,25.6618504799033,26.143166944024223,25.256528504005903,25.940507888793945,64360,0.0,0.0
2014-02-14 00:00:00-05:00,26.056489034277547,26.44308383290577,25.489484116151953,26.00494384765625,39540,0.875,0.0
2014-02-18 00:00:00-05:00,25.979173371756467,26.28844844933712,25.5152587890625,25.5152587890625,48300,0.0,0.0
2014-02-19 00:00:00-05:00,25.51525984037276,25.541032436845896,24.664750392497773,24.793615341186523,50340,0.0,0.0
2014-02-20 00:00:00-05:00,24.870933335064937,25.489485438217148,24.767840990152415,25.360620498657227,43780,0.0,0.0
2014-02-21 00:00:00-05:00,25.541021423414136,25.772978624297256,24.845151787086998,24.948244094848633,48920,0.0,0.0
2014-02-24 00:00:00-05:00,25.1028935740613,26.185358407237846,25.025573814695907,25.592580795288086,69960,0.0,0.0
2014-02-25 00:00:00-05:00,25.695663427258737,25.72143798348007,25.205978320214516,25.30906867980957,29980,0.0,0.0
2014-02-26 00:00:00-05:00,25.386395085397076,26.185357380099273,24.999800236380878,25.64412498474121,45920,0.0,0.0
2014-02-27 00:00:00-05:00,25.618345682377253,26.10803275621837,25.36061585049483,25.695663452148438,30400,0.0,0.0
2014-02-28 00:00:00-05:00,25.772993548374746,27.525557896193572,25.72144834780734,26.700820922851562,179980,0.0,0.0
2014-03-03 00:00:00-05:00,26.597724831894475,26.984319680999473,25.747217343657336,26.31422233581543,75900,0.0,0.0
2014-03-04 00:00:00-05:00,26.494633144826402,28.32451494751424,26.36576820144947,27.912147521972656,145400,0.0,0.0
2014-03-05 00:00:00-05:00,27.96369326605024,29.38120767124173,27.73173597011794,29.22657012939453,162540,0.0,0.0
2014-03-06 00:00:00-05:00,29.510076244382635,29.742033568825843,28.247199225812526,28.762659072875977,130900,0.0,0.0
2014-03-07 00:00:00-05:00,28.81419973928132,28.968837265262298,28.01523558345444,28.608015060424805,63360,0.0,0.0
2014-03-10 00:00:00-04:00,28.376066220519345,29.0203910755099,28.169883446716412,28.943073272705078,91080,0.0,0.0
2014-03-11 00:00:00-04:00,30.30903092635367,34.07188646222539,30.283258333802223,32.98942184448242,546660,0.0,0.0
2014-03-12 00:00:00-04:00,31.339952464366807,33.582203560783846,30.283260368188223,33.453338623046875,192920,0.0,0.0
2014-03-13 00:00:00-04:00,33.685292578697464,33.94302244377189,32.73169286445125,33.42756271362305,121440,0.0,0.0
2014-03-14 00:00:00-04:00,33.40180167420269,36.21105643681118,33.04097739994177,36.082191467285156,278080,0.0,0.0
2014-03-17 00:00:00-04:00,36.649181727862405,38.2728804738898,35.772901862461055,36.72650146484375,168260,0.0,0.0
2014-03-18 00:00:00-04:00,36.72651503688695,37.370839862095494,36.133735411165766,36.906925201416016,121900,0.0,0.0
2014-03-19 00:00:00-04:00,36.98423951247643,37.62856424265894,36.75228418266914,37.37083435058594,100800,0.0,0.0
2014-03-20 00:00:00-04:00,36.75228059998976,37.628560574558186,35.87599669277566,36.10795593261719,95760,0.0,0.0
2014-03-21 00:00:00-04:00,36.36568793350286,37.13887757972068,36.00486373901367,36.00486373901367,118060,0.0,0.0
2014-03-24 00:00:00-04:00,36.004871213034946,36.08219098023623,33.659531158907626,34.58735656738281,173920,0.0,0.0
2014-03-25 00:00:00-04:00,34.922396263332004,35.61826610345231,34.76775677324056,34.89662170410156,98940,0.0,0.0
2014-03-26 00:00:00-04:00,35.02549333127798,35.66981810876761,33.60797882080078,33.60797882080078,99360,0.0,0.0
2014-03-27 00:00:00-04:00,33.50488446453512,35.566723508506506,32.319327407516155,33.3244743347168,136340,0.0,0.0
2014-03-28 00:00:00-04:00,33.32447558236325,35.30899494995564,33.27293039086332,35.18013000488281,91140,0.0,0.0
2014-03-31 00:00:00-04:00,35.46363579094361,36.339915877338704,34.66467152838337,34.922401428222656,99680,0.0,0.0
2014-04-01 00:00:00-04:00,35.05127579237255,36.468790622211145,34.32963109247073,36.443016052246094,113920,0.0,0.0
2014-04-02 00:00:00-04:00,36.468781159724735,36.468781159724735,35.59250106534107,36.05641174316406,64960,0.0,0.0
2014-04-03 00:00:00-04:00,35.95331347268682,36.8811424902014,35.72135818463085,36.26258850097656,109020,0.0,0.0
2014-04-04 00:00:00-04:00,36.41723152774874,37.06155620469884,35.1801273614754,35.41208267211914,88560,0.0,0.0
2014-04-07 00:00:00-04:00,35.07704213329481,35.15435795975727,33.16983845007919,34.0976676940918,210020,0.0,0.0
2014-04-08 00:00:00-04:00,33.94302603125511,34.79353546242129,33.55643119278376,33.91725540161133,90700,0.0,0.0
2014-04-09 00:00:00-04:00,34.0718881971469,34.973942746639075,33.14406302011381,34.638893127441406,59820,0.0,0.0
2014-04-10 00:00:00-04:00,34.71621827679312,35.25745266375647,31.82964405583011,32.267784118652344,109860,0.0,0.0
2014-04-11 00:00:00-04:00,31.906965767296835,32.422425621590335,31.185321184756617,31.597688674926758,131060,0.0,0.0
2014-04-14 00:00:00-04:00,31.752321684612884,32.061598732632106,29.99975961112937,30.386354446411133,115740,0.0,0.0
2014-04-15 00:00:00-04:00,30.025534485251452,31.39150379342735,29.17502499656485,30.463674545288086,225740,0.0,0.0
2014-04-16 00:00:00-04:00,30.772942442222064,32.242001703256335,30.36057510283723,32.087364196777344,99040,0.0,0.0
2014-04-17 00:00:00-04:00,32.087374467947306,32.4739693410551,31.571914637136906,32.24201202392578,53820,0.0,0.0
2014-04-21 00:00:00-04:00,32.2162394256499,32.39664957990426,31.52036944058515,32.24201202392578,55140,0.0,0.0
2014-04-22 00:00:00-04:00,32.216231922606276,33.11828641643925,31.88118232408207,32.91210174560547,77520,0.0,0.0
2014-04-23 00:00:00-04:00,33.04097861355807,33.09252381673241,31.984286217896404,32.3193359375,49600,0.0,0.0
2014-04-24 00:00:00-04:00,34.87085994697965,37.113109527752016,33.65953007531151,34.071895599365234,293420,0.0,0.0
2014-04-25 00:00:00-04:00,34.04612495931009,34.84508537411562,32.91211091993783,34.35540008544922,156240,0.0,0.0
2014-04-28 00:00:00-04:00,33.53065218994862,33.68528772713432,30.38634710910925,30.566757202148438,296820,0.0,0.0
2014-04-29 00:00:00-04:00,30.566766605300803,30.979134063618844,29.07193432310751,29.32966423034668,178140,0.0,0.0
2014-04-30 00:00:00-04:00,29.32966538557684,30.850270325122658,28.685340592100395,30.798725128173828,167080,0.0,0.0
2014-05-01 00:00:00-04:00,29.89666527521638,31.881184511266245,29.89666527521638,31.5461368560791,109660,0.0,0.0
2014-05-02 00:00:00-04:00,31.70077739691995,32.65437723127368,31.28840995412707,31.77809715270996,89380,0.0,0.0
2014-05-05 00:00:00-04:00,31.44304730097453,31.75232238953686,30.901814912828925,30.927587509155273,49320,0.0,0.0
2014-05-06 00:00:00-04:00,31.056454812792776,31.288412129970393,30.540994981875052,30.618314743041992,48320,0.0,0.0
2014-05-07 00:00:00-04:00,30.618314064193406,30.90181657164789,29.793577173216637,30.463674545288086,78340,0.0,0.0
2014-05-08 00:00:00-04:00,30.927588514029615,31.906962936836468,30.540993657604243,30.87604331970215,171700,0.0,0.0
2014-05-09 00:00:00-04:00,31.056452900120714,34.56158110754966,31.056452900120714,33.298702239990234,190060,0.0,0.0
2014-05-12 00:00:00-04:00,33.6595291971459,35.876004154304944,33.6595291971459,34.97394943237305,130760,0.0,0.0
2014-05-13 00:00:00-04:00,34.97394185238134,35.20590109019289,33.504882410157414,34.20075225830078,149440,0.0,0.0
2014-05-14 00:00:00-04:00,34.27807160902699,35.540946358406586,34.04611630653542,34.89662170410156,88520,0.0,0.0
2014-05-15 00:00:00-04:00,34.922398918180214,35.36053892988651,34.04611889476763,34.664669036865234,89260,0.0,0.0
2014-05-16 00:00:00-04:00,34.58735554237152,35.28322556126717,33.96880528838573,35.205909729003906,43260,0.0,0.0
2014-05-19 00:00:00-04:00,35.180128902910525,36.597643254309844,34.63889457749969,36.00486373901367,129640,0.0,0.0
2014-05-20 00:00:00-04:00,35.97871473351837,36.00485966025387,34.30528382163118,35.11585235595703,106000,1.0,0.0
2014-05-21 00:00:00-04:00,35.560362565136096,35.76954196641347,34.540618469836076,35.19430160522461,70460,0.0,0.0
2014-05-22 00:00:00-04:00,35.19429637727619,35.95256710578322,34.9328231619614,35.48191452026367,53520,0.0,0.0
2014-05-23 00:00:00-04:00,35.455772025501076,36.50166495852748,35.40347418703782,36.10945510864258,52100,0.0,0.0
2014-05-27 00:00:00-04:00,36.26633252778847,37.338374258052866,36.26633252778847,37.312225341796875,92960,0.0,0.0
2014-05-28 00:00:00-04:00,37.024616025259405,37.15535265813141,35.534215218706166,36.240196228027344,74480,0.0,0.0
2014-05-29 00:00:00-04:00,36.42321634213232,36.52780402273538,34.95896487510382,35.16814422607422,84500,0.0,0.0
2014-05-30 00:00:00-04:00,35.429621468494865,36.004861757115265,34.2529919732312,34.61905288696289,117520,0.0,0.0
2014-06-02 00:00:00-04:00,34.880529551642084,36.71084228052392,34.51446860177176,36.60625457763672,126020,0.0,0.0
2014-06-03 00:00:00-04:00,36.606266685720186,38.90723281820446,36.475530018985474,38.305843353271484,186440,0.0,0.0
2014-06-04 00:00:00-04:00,38.2273943709891,40.659096776816156,38.2273943709891,40.24073791503906,213900,0.0,0.0
2014-06-05 00:00:00-04:00,40.37146961568092,42.48940461064051,40.37146961568092,40.76367950439453,218440,0.0,0.0
2014-06-06 00:00:00-04:00,40.97284953280611,42.41095212897187,40.58063973385181,41.155879974365234,148920,0.0,0.0
2014-06-09 00:00:00-04:00,41.155898239211744,42.67244426615917,40.789837193636856,42.25408935546875,129000,0.0,0.0
2014-06-10 00:00:00-04:00,42.123334722921726,42.62013221417504,41.15588067716876,41.286617279052734,84700,0.0,0.0
2014-06-11 00:00:00-04:00,40.423774447950755,40.99901491956093,38.959522347701224,39.74394226074219,138640,0.0,0.0
2014-06-12 00:00:00-04:00,39.4301616651307,40.26687515613645,38.959509079638515,39.35171890258789,87980,0.0,0.0
2014-06-13 00:00:00-04:00,39.32558042003148,40.136149198447114,38.462721772398595,39.77008819580078,75780,0.0,0.0
2014-06-16 00:00:00-04:00,39.79622581508562,39.79622581508562,39.22098549248221,39.665489196777344,108720,0.0,0.0
2014-06-17 00:00:00-04:00,39.74393286689485,40.397615973258254,38.67189097655285,40.13614273071289,95100,0.0,0.0
2014-06-18 00:00:00-04:00,40.08385517557464,40.50221003549341,39.61320246712106,39.87467575073242,57520,0.0,0.0
2014-06-19 00:00:00-04:00,40.47606831086695,40.84212934104634,39.03796513695852,39.74394226074219,71740,0.0,0.0
2014-06-20 00:00:00-04:00,39.74393910892674,40.554507884028226,39.09025589989834,39.87467575073242,111340,0.0,0.0
2014-06-23 00:00:00-04:00,39.95311988339363,40.13615039015126,39.24714279174805,39.24714279174805,66420,0.0,0.0
2014-06-24 00:00:00-04:00,39.27329051349103,40.188447101973416,38.044366749767896,38.09666061401367,101500,0.0,0.0
2014-06-25 00:00:00-04:00,37.99206565932908,38.88107315171391,37.913622882997394,38.776485443115234,68960,0.0,0.0
2014-06-26 00:00:00-04:00,38.82877656064398,39.0902498034766,37.4952614262916,38.253536224365234,56960,0.0,0.0
2014-06-27 00:00:00-04:00,37.93977653240345,38.724196413929924,37.88747868182235,38.358131408691406,106180,0.0,0.0
2014-06-30 00:00:00-04:00,38.305832640110424,38.305832640110424,36.86772970822914,37.10305404663086,89600,0.0,0.0
2014-07-01 00:00:00-04:00,37.25994374100312,38.43657354335058,37.25994374100312,37.78289031982422,93280,0.0,0.0
2014-07-02 00:00:00-04:00,37.62600528838496,37.83518472085816,36.52781825510794,36.6847038269043,61400,0.0,0.0
2014-07-03 00:00:00-04:00,36.84158185726175,36.84158185726175,35.194303461033236,35.69110107421875,109780,0.0,0.0
2014-07-07 00:00:00-04:00,36.50166402022631,36.972312636177904,35.61265265614758,35.63880157470703,114920,0.0,0.0
2014-07-08 00:00:00-04:00,35.66494089120774,35.76953255922201,33.44242081027998,33.49471664428711,205560,0.0,0.0
2014-07-09 00:00:00-04:00,34.12225359609508,34.357577887058895,33.33783397319634,33.573158264160156,116920,0.0,0.0
2014-07-10 00:00:00-04:00,33.36398089498318,33.70389486797661,32.18735146063508,33.573158264160156,108220,0.0,0.0
2014-07-11 00:00:00-04:00,33.49472792982124,33.756201203310034,32.867189679588805,33.59931564331055,58460,0.0,0.0
2014-07-14 00:00:00-04:00,33.99151725425555,34.33143322475102,33.782337888584145,33.9130744934082,76500,0.0,0.0
2014-07-15 00:00:00-04:00,34.09610719377743,34.122256112374835,32.16120691051421,32.762596130371094,99460,0.0,0.0
2014-07-16 00:00:00-04:00,32.9717744593872,34.331436475218275,32.42268106611497,34.226844787597656,108920,0.0,0.0
2014-07-17 00:00:00-04:00,33.6777500741141,34.51446354389191,33.18095057867254,33.468570709228516,82940,0.0,0.0
2014-07-18 00:00:00-04:00,33.311690462065584,34.331436475218275,33.311690462065584,34.226844787597656,64820,0.0,0.0
2014-07-21 00:00:00-04:00,34.14840996974251,34.279146602107886,33.703902227887916,34.12226104736328,89700,0.0,0.0
2014-07-22 00:00:00-04:00,34.56675649843062,34.619050340865606,34.06995901065161,34.43601989746094,92680,0.0,0.0
2014-07-23 00:00:00-04:00,34.04381494562959,34.06996386545539,31.821292412446393,32.03047180175781,170800,0.0,0.0
2014-07-24 00:00:00-04:00,32.26579719033245,32.26579719033245,30.435484568456506,31.559818267822266,136360,0.0,0.0
2014-07-25 00:00:00-04:00,31.193755588521302,31.82128971346509,30.723102999931125,31.455228805541992,61660,0.0,0.0
2014-07-28 00:00:00-04:00,31.376786772348105,31.45522953723193,30.513924338155583,30.64466094970703,58620,0.0,0.0
2014-07-29 00:00:00-04:00,30.644659490539926,31.559815727824265,30.540071802184684,31.376785278320312,66740,0.0,0.0
2014-07-30 00:00:00-04:00,31.42908383419704,31.664410158039907,30.2524542098653,30.513927459716797,53840,0.0,0.0
2014-07-31 00:00:00-04:00,29.964826857477245,30.487773231935424,29.65105983075518,29.80794334411621,80140,0.0,0.0
2014-08-01 00:00:00-04:00,29.75564900204662,29.9648263513676,29.049670211522887,29.572616577148438,59740,0.0,0.0
2014-08-04 00:00:00-04:00,29.67721345774913,30.0694233272348,29.07582419325141,29.337297439575195,57340,0.0,0.0
2014-08-05 00:00:00-04:00,29.180417518072513,29.70336407572572,29.154270589166412,29.389596939086914,79660,0.0,0.0
2014-08-06 00:00:00-04:00,29.258854901376882,29.755654438463832,28.343698594331293,29.232707977294922,74160,0.0,0.0
2014-08-07 00:00:00-04:00,29.311150107872542,29.755655817394775,27.06248061961531,27.219364166259766,163220,0.0,0.0
2014-08-08 00:00:00-04:00,27.036337429647475,29.598774365218517,26.565684729806467,29.389596939086914,159920,0.0,0.0
2014-08-11 00:00:00-04:00,29.703359838539633,30.409338787593207,28.762056568017385,29.101972579956055,138440,0.0,0.0
2014-08-12 00:00:00-04:00,29.101976020353586,30.98458278395739,28.683617188545846,30.147869110107422,216260,0.0,0.0
2014-08-13 00:00:00-04:00,30.38318825772263,33.520866989806166,29.93868456863043,33.20709991455078,186820,0.0,0.0
2014-08-14 00:00:00-04:00,33.18095484365132,34.22684581786808,31.925882482779173,32.318092346191406,278320,0.0,0.0
2014-08-15 00:00:00-04:00,32.684155567333775,33.337838678680455,31.978178605032383,33.10251235961914,166320,0.0,0.0
2014-08-18 00:00:00-04:00,33.651600893207515,34.46216942961524,32.422677620076854,33.12865447998047,145540,0.0,0.0
2014-08-19 00:00:00-04:00,33.363984131707724,33.41627997523701,31.612114268566785,31.952028274536133,135680,0.0,0.0
2014-08-20 00:00:00-04:00,32.422678469647316,32.762594445104604,31.664405751622652,32.65800476074219,125300,0.0,0.0
2014-08-21 00:00:00-04:00,32.788740092839696,33.2070968191438,32.03046740429225,32.841033935546875,91860,0.0,0.0
2014-08-22 00:00:00-04:00,32.94563002322893,32.94563002322893,31.638263752465875,32.082767486572266,107700,0.0,0.0
2014-08-25 00:00:00-04:00,32.29194946446046,32.422686101968395,31.507529639412834,31.76900291442871,112380,0.0,0.0
2014-08-26 00:00:00-04:00,31.476565487906097,34.02871900784017,31.476565487906097,32.59313201904297,246040,1.0,0.0
2014-08-27 00:00:00-04:00,32.83239488636952,33.629942940289425,32.300696183756244,33.3109245300293,158800,0.0,0.0
2014-08-28 00:00:00-04:00,33.04507309514519,33.04507309514519,32.0880138681707,32.53995895385742,106440,0.0,0.0
2014-08-29 00:00:00-04:00,32.56654748797204,32.885565917362655,32.034848753474535,32.59313201904297,65720,0.0,0.0
2014-09-02 00:00:00-04:00,32.53995776448005,32.83239161613589,31.370220329587326,32.0880126953125,99920,0.0,0.0
2014-09-03 00:00:00-04:00,32.752636978394655,32.832392589515024,30.91827820532071,31.077787399291992,292180,0.0,0.0
2014-09-04 00:00:00-04:00,31.210720062255863,31.689247766775,31.07779536184444,31.21072006225586,110980,0.0,0.0
2014-09-05 00:00:00-04:00,31.317058256302573,32.72605877498135,31.184133564261,32.672889709472656,109460,0.0,0.0
2014-09-08 00:00:00-04:00,32.699477065325446,33.8957993969837,32.48679672838931,33.789459228515625,121180,0.0,0.0
2014-09-09 00:00:00-04:00,33.81604504974235,35.490897189074104,33.23117714332781,35.06553649902344,187540,0.0,0.0
2014-09-10 00:00:00-04:00,35.14527797375722,35.33137167946574,33.975542632270624,34.82625961303711,134900,0.0,0.0
2014-09-11 00:00:00-04:00,34.48066804023003,34.799686524387276,33.92238467881981,34.08189392089844,101920,0.0,0.0
2014-09-12 00:00:00-04:00,34.13506153924017,34.42749750358544,32.699476393366865,32.779232025146484,99060,0.0,0.0
2014-09-15 00:00:00-04:00,30.89168843807985,31.901916608661836,29.110498905403926,30.599254608154297,229580,0.0,0.0
2014-09-16 00:00:00-04:00,30.49292512708078,30.732189990838954,30.040981961969745,30.30683135986328,93780,0.0,0.0
2014-09-17 00:00:00-04:00,30.38658631359489,30.519511009580395,29.908056596739105,30.04098129272461,75340,0.0,0.0
2014-09-18 00:00:00-04:00,30.067561443291634,30.067561443291634,28.1800314410984,28.419296264648438,218940,0.0,0.0
2014-09-19 00:00:00-04:00,28.49904664352623,28.578802251815794,26.132989289014656,26.584932327270508,331480,0.0,0.0
2014-09-22 00:00:00-04:00,26.345670768178376,26.58493559417992,24.298631538734373,24.963254928588867,297260,0.0,0.0
2014-09-23 00:00:00-04:00,24.910078417918783,25.362023441600513,24.19228612443551,24.378379821777344,155520,0.0,0.0
2014-09-24 00:00:00-04:00,24.458141068006977,25.016424317166248,23.953026879426815,24.3518009185791,124320,0.0,0.0
2014-09-25 00:00:00-04:00,24.24546196006831,24.45814226937074,23.022555252253724,23.368160247802734,157960,0.0,0.0
2014-09-26 00:00:00-04:00,23.341576308794476,24.458142890304817,23.155480526362883,24.325218200683594,172920,0.0,0.0
2014-09-29 00:00:00-04:00,23.979619498873213,24.37839367254585,23.39475152212814,23.79352569580078,115380,0.0,0.0
2014-09-30 00:00:00-04:00,23.820103816185732,23.820103816185732,23.128895840402375,23.52766990661621,164540,0.0,0.0
2014-10-01 00:00:00-04:00,23.421325313584223,23.58083450420211,23.0225513229048,23.288400650024414,137400,0.0,0.0
2014-10-02 00:00:00-04:00,23.36815813379097,24.511309115134,22.863043966095415,24.006196975708008,250820,0.0,0.0
2014-10-03 00:00:00-04:00,24.059375144915872,24.564489503888613,23.288411336828037,23.79352569580078,123740,0.0,0.0
2014-10-06 00:00:00-04:00,23.79352066267356,23.79352066267356,22.22500883903328,22.570613861083984,210960,0.0,0.0
2014-10-07 00:00:00-04:00,23.314990411972655,23.314990411972655,20.31089355797595,20.869176864624023,278860,0.0,0.0
2014-10-08 00:00:00-04:00,21.267948200901124,21.45404193635117,19.38041820372507,19.88553237915039,260740,0.0,0.0
2014-10-09 00:00:00-04:00,20.73624727387096,21.294530448667455,18.52969707316412,19.114566802978516,369000,0.0,0.0
2014-10-10 00:00:00-04:00,19.805775375441076,20.257718431760807,18.609453372897654,18.689208984375,270900,0.0,0.0
2014-10-13 00:00:00-04:00,18.68921102225476,19.593097233454376,17.22703952637698,17.280208587646484,249560,0.0,0.0
2014-10-14 00:00:00-04:00,17.944831748044365,18.157512046736453,16.61558495189293,16.828264236450195,272480,0.0,0.0
2014-10-15 00:00:00-04:00,16.402907854206948,17.439719884954204,15.392680357273099,16.961191177368164,263820,0.0,0.0
2014-10-16 00:00:00-04:00,16.721924949363515,19.51334319592871,16.615584800983296,19.274078369140625,273200,0.0,0.0
2014-10-17 00:00:00-04:00,19.672854295771245,20.70966729268883,18.370191916478372,18.503116607666016,244760,0.0,0.0
2014-10-20 00:00:00-04:00,18.875303586311993,20.4969841930032,18.875303586311993,20.4172306060791,243180,0.0,0.0
2014-10-21 00:00:00-04:00,20.922341571240118,22.27817478408431,20.762832378043576,21.374286651611328,356360,0.0,0.0
2014-10-22 00:00:00-04:00,21.64014049202844,22.33134849208176,20.523571850462435,20.869176864624023,175200,0.0,0.0
2014-10-23 00:00:00-04:00,20.975516332384206,21.427459463730806,20.523571172767813,20.60332679748535,125000,0.0,0.0
2014-10-24 00:00:00-04:00,20.78942346202594,21.21478414905804,19.539932021611854,21.002103805541992,177100,0.0,0.0
2014-10-27 00:00:00-04:00,20.68307872322041,21.64013590732084,20.39064283706883,21.321115493774414,127960,0.0,0.0
2014-10-28 00:00:00-04:00,21.6667195362594,23.44790916535581,21.480625823942823,23.075721740722656,210480,0.0,0.0
2014-10-29 00:00:00-04:00,23.022558109198187,23.84669086054236,22.41110569354864,23.766937255859375,213940,0.0,0.0
2014-10-30 00:00:00-04:00,22.863043016139045,23.89985583764111,22.59719367874208,23.63400650024414,164380,0.0,0.0
2014-10-31 00:00:00-04:00,24.245463844002433,24.245463844002433,22.67695404703139,23.341577529907227,210280,0.0,0.0
2014-11-03 00:00:00-05:00,23.23523582314491,23.23523582314491,22.0123291015625,22.0123291015625,121700,0.0,0.0
2014-11-04 00:00:00-05:00,21.77306022750703,21.799644754480568,20.045039606725034,20.550153732299805,202960,0.0,0.0
2014-11-05 00:00:00-05:00,20.443815944783772,20.86917451003502,19.194322750788054,19.274078369140625,162700,0.0,0.0
2014-11-06 00:00:00-05:00,19.433588787920105,20.736251123102274,19.19432394623036,19.752609252929688,151860,0.0,0.0
2014-11-07 00:00:00-05:00,19.752608954126305,21.161609394727563,19.752608954126305,21.055269241333008,104220,0.0,0.0
2014-11-10 00:00:00-05:00,21.02868335230187,22.3579301132346,20.257719825306967,20.576740264892578,145540,0.0,0.0
2014-11-11 00:00:00-05:00,20.57673954058244,20.869173412039924,19.80577604072579,20.310890197753906,128700,0.0,0.0
2014-11-12 00:00:00-05:00,20.23113568156312,20.443815978676145,19.912117264163214,20.018457412719727,74700,0.0,0.0
2014-11-13 00:00:00-05:00,19.858942411258383,19.858942411258383,17.971412738194438,18.02458381652832,243460,0.0,0.0
2014-11-14 00:00:00-05:00,18.34360628711934,19.566512967273354,18.02458785865123,19.539928436279297,128440,0.0,0.0
2014-11-17 00:00:00-05:00,19.539923261738295,19.593092309646245,18.343601429386972,18.396770477294922,187980,0.0,0.0
2014-11-18 00:00:00-05:00,18.529703523109127,19.11457345650902,18.3436097428233,18.71579933166504,135520,0.0,0.0
2014-11-19 00:00:00-05:00,18.74238029648276,18.87530497943654,18.05117235077705,18.077756881713867,133700,0.0,0.0
2014-11-20 00:00:00-05:00,18.68920604639718,19.00822438561737,18.23726103285459,18.981639862060547,136520,0.0,0.0
2014-11-21 00:00:00-05:00,18.981648485837642,19.008233021472403,16.881437718370595,17.04094696044922,315780,0.0,0.0
2014-11-24 00:00:00-05:00,17.333377648915988,17.94483199486366,17.040943755394366,17.280208587646484,146200,0.0,0.0
2014-11-25 00:00:00-05:00,17.41313326908992,17.94483199486366,17.14728390620305,17.280208587646484,118180,0.0,0.0
2014-11-26 00:00:00-05:00,17.147283670353506,17.147283670353506,16.61558495189293,16.828264236450195,132560,0.0,0.0
2014-11-28 00:00:00-05:00,15.950966975677195,16.19023188596642,14.7812289918068,15.18000316619873,165060,0.0,0.0
2014-12-01 00:00:00-05:00,14.884982668274773,15.287279497147063,13.222155570983887,13.222155570983887,268720,0.25,0.0
2014-12-02 00:00:00-05:00,13.168513811031737,13.651270751634602,12.122542826943903,12.203001976013184,435320,0.0,0.0
2014-12-03 00:00:00-05:00,12.363923650025546,13.141698023945587,12.256645096339454,12.417563438415527,231960,0.0,0.0
2014-12-04 00:00:00-05:00,12.444381557965306,13.570811791745898,12.39074177942964,13.195335388183594,191720,0.0,0.0
2014-12-05 00:00:00-05:00,13.088056139584763,13.329434637137474,12.551660387773145,12.712579727172852,159980,0.0,0.0
2014-12-08 00:00:00-05:00,12.471201283591135,12.712579782188447,11.10339251978959,11.264310836791992,203500,0.0,0.0
2014-12-09 00:00:00-05:00,11.398410337213077,12.068905062931494,11.13021244692571,11.612968444824219,163220,0.0,0.0
2014-12-10 00:00:00-05:00,11.425229718805051,11.907986739873405,10.701096233390036,10.754734992980957,202060,0.0,0.0
2014-12-11 00:00:00-05:00,10.754734801348626,11.210671411403693,10.218339030247074,10.352437973022461,287740,0.0,0.0
2014-12-12 00:00:00-05:00,10.298797051799008,11.049750769033752,9.574662708250191,10.54017448425293,373520,0.0,0.0
2014-12-15 00:00:00-05:00,10.727914509020353,11.103391926073527,10.003780075042748,10.191518783569336,216400,0.0,0.0
2014-12-16 00:00:00-05:00,10.05741867846301,10.674273486123369,9.896500388845016,10.084238052368164,211920,0.0,0.0
2014-12-17 00:00:00-05:00,10.084240379660478,11.022933006286621,9.896502672810266,11.022933006286621,156160,0.0,0.0
2014-12-18 00:00:00-05:00,12.471202684351393,12.498022065832899,11.264312101994806,11.639789581298828,221320,0.0,0.0
2014-12-19 00:00:00-05:00,11.693423109157676,12.819854019676786,11.210667296961875,12.632115364074707,412460,0.0,0.0
2014-12-22 00:00:00-05:00,12.605300333948778,12.76621865237872,11.666607755888762,12.256643295288086,212980,0.0,0.0
2014-12-23 00:00:00-05:00,12.256640566858028,12.256640566858028,11.022929982185723,11.344767570495605,189580,0.0,0.0
2014-12-24 00:00:00-05:00,11.29113008533657,11.3984096441662,10.486536463395426,10.701095581054688,117040,0.0,0.0
2014-12-26 00:00:00-05:00,10.727915028188157,11.076572061985532,10.540176310576124,10.83519458770752,102500,0.0,0.0
2014-12-29 00:00:00-05:00,10.83519517684711,11.666608227500443,10.674275828818436,11.612968444824219,184580,0.0,0.0
2014-12-30 00:00:00-05:00,11.50568751279543,11.827524095818719,11.022930592073404,11.693425178527832,120960,0.0,0.0
2014-12-31 00:00:00-05:00,11.66660571642079,12.256641152674572,11.639786342402065,12.149361610412598,130460,0.0,0.0
2015-01-02 00:00:00-05:00,12.229822464633898,12.25664286549421,11.371590098977519,11.452049255371094,104740,0.0,0.0
2015-01-05 00:00:00-05:00,11.291127137584782,11.398406668407162,10.593813256519597,10.996109962463379,158140,0.0,0.0
2015-01-06 00:00:00-05:00,11.452046849583578,11.854343570132695,10.835192082693624,11.532505989074707,206020,0.0,0.0
2015-01-07 00:00:00-05:00,11.639787205347668,11.639787205347668,10.969292574235327,11.130210876464844,135300,0.0,0.0
2015-01-08 00:00:00-05:00,11.854347917113728,15.260461604734443,11.693428556028985,14.724065780639648,622300,0.0,0.0
2015-01-09 00:00:00-05:00,14.160846309088841,14.214486083835242,11.827524803916033,12.310281753540039,562200,0.0,0.0
2015-01-12 00:00:00-05:00,12.52484252921121,14.134029979908313,12.095725261835687,13.6244535446167,370040,0.0,0.0
2015-01-13 00:00:00-05:00,14.643601664223961,14.992259674924087,13.302612463357535,14.160845756530762,371760,0.0,0.0
2015-01-14 00:00:00-05:00,13.597630588473363,13.919468198627097,12.953955368165897,13.731729507446289,302000,0.0,0.0
2015-01-15 00:00:00-05:00,13.731731281325708,14.026748531939358,12.927137663549908,13.034416198730469,186520,0.0,0.0
2015-01-16 00:00:00-05:00,12.980777004213358,13.490352331069028,12.363921099613545,12.953956604003906,155640,0.0,0.0
2015-01-20 00:00:00-05:00,12.712579782188447,13.651272351921113,12.712579782188447,13.141695976257324,130340,0.0,0.0
2015-01-21 00:00:00-05:00,13.222153607500069,13.409892304380108,12.14936222314966,12.498019218444824,153900,0.0,0.0
2015-01-22 00:00:00-05:00,12.44438092757065,13.007596015930176,12.390741151752213,13.007596015930176,92680,0.0,0.0
2015-01-23 00:00:00-05:00,12.980779066957858,12.980779066957858,11.77388848927725,11.934806823730469,138160,0.0,0.0
2015-01-26 00:00:00-05:00,11.934803153036198,12.310280515402829,11.827523614333302,11.907983779907227,78660,0.0,0.0
2015-01-27 00:00:00-05:00,11.827527252032443,12.176185348504118,11.666608917579223,11.934806823730469,83560,0.0,0.0
2015-01-28 00:00:00-05:00,12.068905064833684,12.068905064833684,10.727915613185496,10.754734992980957,166020,0.0,0.0
2015-01-29 00:00:00-05:00,10.915653801224316,11.291130215261157,10.781554862691078,11.264310836791992,71000,0.0,0.0
2015-01-30 00:00:00-05:00,11.022932883310595,11.237492014049312,10.40607794017118,10.754734992980957,144360,0.0,0.0
2015-02-02 00:00:00-05:00,10.888832046425861,11.317949210258888,10.78155352278779,11.183850288391113,92820,0.0,0.0
2015-02-03 00:00:00-05:00,11.264309914875927,12.203002407782254,11.264309914875927,11.988444328308105,145960,0.0,0.0
2015-02-04 00:00:00-05:00,12.015265280255267,12.283463170542635,11.478869499680535,11.612968444824219,79260,0.0,0.0
2015-02-05 00:00:00-05:00,11.693425800487887,12.337101046957914,11.55932687606443,12.176182746887207,93000,0.0,0.0
2015-02-06 00:00:00-05:00,12.229822980536829,12.256643382528534,11.693427217827429,11.961625099182129,107120,0.0,0.0
2015-02-09 00:00:00-05:00,11.934803548982186,12.417559442973994,11.827524006720212,12.149361610412598,88400,0.0,0.0
2015-02-10 00:00:00-05:00,12.310280515402829,12.71257725089843,11.88116338368475,11.907983779907227,107220,0.0,0.0
2015-02-11 00:00:00-05:00,11.96162543629844,12.712580343730858,11.612968385329822,12.337102890014648,156600,0.0,0.0
2015-02-12 00:00:00-05:00,12.042084930246494,12.17618386700606,11.264310687803535,11.291130065917969,173800,0.0,0.0
2015-02-13 00:00:00-05:00,11.45204850401749,11.532507655132248,10.78155387290515,11.130210876464844,138200,0.0,0.0
2015-02-17 00:00:00-05:00,11.371591329549252,12.12254524230957,11.210671976254604,12.12254524230957,142440,0.0,0.0
2015-02-18 00:00:00-05:00,12.042084316090794,12.095723069584047,11.371589666488715,11.666606903076172,67900,0.0,0.0
2015-02-19 00:00:00-05:00,11.612968499929536,12.685760066169562,11.612968499929536,12.605300903320312,127780,0.0,0.0
2015-02-20 00:00:00-05:00,12.658937994651271,12.92713582918586,12.015262782530842,12.28346061706543,124260,0.0,0.0
2015-02-23 00:00:00-05:00,12.283461272569811,12.658938670192928,11.907984898040295,12.176182746887207,70020,0.0,0.0
2015-02-24 00:00:00-05:00,12.20300366819948,12.337102609608266,11.82752622301739,12.095724105834961,42380,0.0,0.0
2015-02-25 00:00:00-05:00,12.068900420361835,12.658935756642641,12.068900420361835,12.632115364074707,59660,0.0,0.0
2015-02-26 00:00:00-05:00,12.712579140680798,12.953956604003908,12.471200654264031,12.953956604003906,79240,0.0,0.0
2015-02-27 00:00:00-05:00,12.739399580955887,13.81219112461533,12.685759799154166,13.222155570983887,171340,0.0,0.0
2015-03-02 00:00:00-05:00,13.114875872213293,13.543992042541504,12.819857609905704,13.543992042541504,98680,0.0,0.0
2015-03-03 00:00:00-05:00,13.490352339978818,13.999928690264698,13.222154476269125,13.678091049194336,65900,0.0,0.0
2015-03-04 00:00:00-05:00,13.570811713778705,13.570811713778705,13.061236378351694,13.356253623962402,68000,0.0,0.0
2015-03-05 00:00:00-05:00,13.356253399302748,13.517172731278476,12.873497449562871,12.953956604003906,72320,0.0,0.0
2015-03-06 00:00:00-05:00,12.685758342372498,12.980776596856376,11.988444328308105,11.988444328308105,99720,0.0,0.0
2015-03-09 00:00:00-04:00,12.095723300292837,12.578480275689152,11.961624367814673,12.068903923034668,53380,0.0,0.0
2015-03-10 00:00:00-04:00,12.042084295179878,12.095723048579986,10.915653081185688,10.942472457885742,165160,0.0,0.0
2015-03-11 00:00:00-04:00,10.915652040316381,11.344768165160444,10.781553123415918,10.808372497558594,113640,0.0,0.0
2015-03-12 00:00:00-04:00,10.888832681391992,11.237490717054548,10.808373528198189,10.942472457885742,84860,0.0,0.0
2015-03-13 00:00:00-04:00,10.969294603655495,11.21067210165682,10.888834414561249,11.1033935546875,61360,0.0,0.0
2015-03-16 00:00:00-04:00,11.10338949328576,11.157028235603521,10.674272393089668,10.996109962463379,93860,0.0,0.0
2015-03-17 00:00:00-04:00,10.942470635890437,11.74706408004552,10.91565126365599,11.371587753295898,122840,0.0,0.0
2015-03-18 00:00:00-04:00,11.210670550752585,12.524840498299127,11.157030773141646,12.363921165466309,113160,0.0,0.0
2015-03-19 00:00:00-04:00,12.337101288912148,13.141694851232504,12.149362586418674,12.578479766845703,90280,0.0,0.0
2015-03-20 00:00:00-04:00,12.739398732080401,13.383074024622985,12.3907417082422,13.356253623962402,152660,0.0,0.0
2015-03-23 00:00:00-04:00,13.543992042541504,14.187667321127472,12.953956541019975,13.543992042541504,149220,0.0,0.0
2015-03-24 00:00:00-04:00,13.409893907687037,13.597632627013398,12.605300273225815,13.570812225341797,119280,0.0,0.0
2015-03-25 00:00:00-04:00,13.517172961934927,13.543992339508366,13.034415980863649,13.061236381530762,61520,0.0,0.0
2015-03-26 00:00:00-04:00,13.222154689940503,13.409893402189896,13.03441597769111,13.356253623962402,49280,0.0,0.0
2015-03-27 00:00:00-04:00,13.11487451797878,13.141693892194821,11.9884434083148,12.28346061706543,136860,0.0,0.0
2015-03-30 00:00:00-04:00,12.578480076901034,13.624451119844162,12.551659676973069,13.409893035888672,176880,0.0,0.0
2015-03-31 00:00:00-04:00,12.819857537690842,13.892648980561937,12.390741369779864,13.409893035888672,759740,0.0,0.0
2015-04-01 00:00:00-04:00,13.409889996429634,13.543988896393929,12.498017067435052,12.98077392578125,65860,0.0,0.0
2015-04-02 00:00:00-04:00,12.92713582918586,12.980775600711485,11.693425176470626,12.28346061706543,144780,0.0,0.0
2015-04-06 00:00:00-04:00,12.149364341103004,12.76621929001979,11.934806231448524,12.739399909973145,154560,0.0,0.0
2015-04-07 00:00:00-04:00,12.363922441784423,13.65127314496454,12.363922441784423,13.597633361816406,151940,0.0,0.0
2015-04-08 00:00:00-04:00,13.356254422782978,13.543993146260787,12.953957596656421,13.517173767089844,107360,0.0,0.0
2015-04-09 00:00:00-04:00,13.436712488412626,13.839009281755443,13.275794180312959,13.543992042541504,96600,0.0,0.0
2015-04-10 00:00:00-04:00,13.517171088436076,13.785368919372559,13.302612005212065,13.785368919372559,38220,0.0,0.0
2015-04-13 00:00:00-04:00,13.812187714481551,13.812187714481551,13.409890984933545,13.436710357666016,68040,0.0,0.0
2015-04-14 00:00:00-04:00,13.436714265972224,13.785372351468665,13.195336771890597,13.275795936584473,60100,0.0,0.0
2015-04-15 00:00:00-04:00,13.409891174372879,13.812187909604065,13.222152493312958,13.70490837097168,93420,0.0,0.0
2015-04-16 00:00:00-04:00,13.5976307587941,14.482683430482659,13.5976307587941,13.999927520751953,124100,0.0,0.0
2015-04-17 00:00:00-04:00,14.107206316241003,15.823672943027146,14.026747166912125,14.69724178314209,136400,0.0,0.0
2015-04-20 00:00:00-04:00,14.616783030468778,15.528656142524461,14.509503479723303,15.36773681640625,149020,0.0,0.0
2015-04-21 00:00:00-04:00,15.501837756193476,15.501837756193476,14.777703252367235,15.206820487976074,63560,0.0,0.0
2015-04-22 00:00:00-04:00,15.153178925503848,15.153178925503848,14.348585354238157,14.455864906311035,86180,0.0,0.0
2015-04-23 00:00:00-04:00,14.34858571699223,14.56314380346871,14.107207230272657,14.402225494384766,55940,0.0,0.0
2015-04-24 00:00:00-04:00,14.42904129439324,14.697239091772644,14.026744598324136,14.214483261108398,76040,0.0,0.0
2015-04-27 00:00:00-04:00,13.973106967211182,14.884980026735079,13.973106967211182,14.616782188415527,107220,0.0,0.0
2015-04-28 00:00:00-04:00,14.455862512525021,14.482681884555332,14.134024932693988,14.241303443908691,34620,0.0,0.0
2015-04-29 00:00:00-04:00,14.107205106202867,14.214484644835252,13.5976298554328,13.70490837097168,69660,0.0,0.0
2015-04-30 00:00:00-04:00,13.46353318041739,13.543992336211796,12.766218109647312,13.356253623962402,134920,0.0,0.0
2015-05-01 00:00:00-04:00,13.329435134587328,13.329435134587328,12.685759799154166,13.222155570983887,86460,0.0,0.0
2015-05-04 00:00:00-04:00,13.14169374229427,13.409891573769665,12.873495910818878,12.900315284729004,78400,0.0,0.0
2015-05-05 00:00:00-04:00,12.87349879488032,12.980778360741828,12.39074279469106,12.605300903320312,100400,0.0,0.0
2015-05-06 00:00:00-04:00,12.712579946281627,12.819858484636738,12.20300356404026,12.685759544372559,80300,0.0,0.0
2015-05-07 00:00:00-04:00,12.36392071161446,12.578479814182236,11.988444328308105,11.988444328308105,52000,0.0,0.0
2015-05-08 00:00:00-04:00,12.310283893000523,13.114877584749738,12.310283893000523,12.8466796875,80180,0.0,0.0
2015-05-11 00:00:00-04:00,12.578480055061814,12.846677915313931,12.363920948385204,12.390741348266602,48860,0.0,0.0
2015-05-12 00:00:00-04:00,12.900317262434502,13.168515135026434,12.685759168979693,13.034416198730469,122260,0.0,0.0
2015-05-13 00:00:00-04:00,13.839005121263709,13.99992440407903,13.597627731680744,13.892644882202148,87820,0.0,0.0
2015-05-14 00:00:00-04:00,14.053569428388737,14.160847967350449,13.704911363255423,13.973109245300293,53920,0.0,0.0
2015-05-15 00:00:00-04:00,13.597631968336236,13.973108365706953,13.383073880825304,13.812190055847168,42060,0.0,0.0
2015-05-18 00:00:00-04:00,13.570811419526898,13.892649058819881,13.46353288849167,13.543992042541504,34100,0.0,0.0
2015-05-19 00:00:00-04:00,13.034417397099789,13.195336749305904,12.551661386669016,12.8466796875,67100,0.0,0.0
2015-05-20 00:00:00-04:00,12.739398070072326,12.90031637329895,12.524839991405623,12.578479766845703,42520,0.0,0.0
2015-05-21 00:00:00-04:00,12.63211585768353,12.9003136552827,12.47119758836139,12.551656723022461,53200,0.0,0.0
2015-05-22 00:00:00-04:00,12.47120183447133,12.632120158581845,12.283463107613226,12.337102890014648,52700,0.0,0.0
2015-05-26 00:00:00-04:00,12.283460863274575,12.337100635875355,11.7202458087003,11.800704956054688,71000,0.0,0.0
2015-05-27 00:00:00-04:00,11.66660712560018,12.149363077902834,11.559327570380184,12.068903923034668,84080,0.0,0.0
2015-05-28 00:00:00-04:00,11.478868334249066,11.612967265777895,10.862013453835182,11.210670471191406,144740,0.0,0.0
2015-05-29 00:00:00-04:00,11.049752805793489,11.398409843444822,10.862014086106242,11.398409843444824,82240,0.0,0.0
2015-06-01 00:00:00-04:00,11.103391787366993,11.130211164067049,10.888832681391992,10.942472457885742,50760,0.0,0.0
2015-06-02 00:00:00-04:00,10.888832902661346,11.21067054507019,10.888832902661346,11.049752235412598,51660,0.0,0.0
2015-06-03 00:00:00-04:00,11.103389952551614,11.45204690750559,10.996110417291867,11.076569557189941,63760,0.0,0.0
2015-06-04 00:00:00-04:00,11.022933098611158,11.264311613859954,10.808374986775439,10.862014770507812,55060,0.0,0.0
2015-06-05 00:00:00-04:00,10.754732543020925,10.808372313486304,10.486534713787549,10.54017448425293,78760,0.0,0.0
2015-06-08 00:00:00-04:00,10.486537983572644,10.808375683622927,10.486537983572644,10.620636940002441,43860,0.0,0.0
2015-06-09 00:00:00-04:00,10.647455432458216,10.67427480968886,10.298798412991523,10.325617790222168,39600,0.0,0.0
2015-06-10 00:00:00-04:00,10.432895966415694,10.674273398869618,10.298797051799008,10.54017448425293,49240,0.0,0.0
2015-06-11 00:00:00-04:00,10.32561633416041,10.459715247591063,10.084237880747825,10.406075477600098,74920,0.0,0.0
2015-06-12 00:00:00-04:00,10.245157917338094,10.5133557632208,10.245157917338094,10.432896614074707,60200,0.0,0.0
2015-06-15 00:00:00-04:00,9.950141352587925,10.03060153840923,9.547844515856438,9.601484298706055,195940,0.0,0.0
2015-06-16 00:00:00-04:00,9.60148335046682,10.084239302249037,9.413744640581053,10.030600547790527,164400,0.0,0.0
2015-06-17 00:00:00-04:00,10.08423842985462,10.513355590055106,9.816040588389406,10.164698600769043,140780,0.0,0.0
2015-06-18 00:00:00-04:00,10.513355725922676,10.620634250039014,9.976960036060229,10.003779411315918,111180,0.0,0.0
2015-06-19 00:00:00-04:00,9.950139016946254,10.996110956159843,9.950139016946254,10.245157241821289,306340,0.0,0.0
2015-06-22 00:00:00-04:00,10.379256104151374,10.513355017582029,10.24515719072072,10.406075477600098,48040,0.0,0.0
2015-06-23 00:00:00-04:00,10.459715658923939,10.888831789539806,10.406075886823565,10.781553268432617,50020,0.0,0.0
2015-06-24 00:00:00-04:00,10.888830431640999,11.371587297248281,10.888830431640999,10.996109962463379,72560,0.0,0.0
2015-06-25 00:00:00-04:00,10.99611106084955,11.237489517764148,10.701093856259291,10.969291687011719,43620,0.0,0.0
2015-06-26 00:00:00-04:00,11.022932049449224,11.53250841176467,10.888833114428705,11.452049255371094,256300,0.0,0.0
2015-06-29 00:00:00-04:00,11.076572759240708,11.291130868691873,10.566997377180916,10.593816757202148,78440,0.0,0.0
2015-06-30 00:00:00-04:00,10.593815654903265,10.727914587243813,9.976960770755477,10.325617790222168,77220,0.0,0.0
2015-07-01 00:00:00-04:00,10.245157748589893,10.5401749649642,10.057419054945528,10.164698600769043,88620,0.0,0.0
2015-07-02 00:00:00-04:00,10.29879948459352,10.647456540338382,10.111060755163589,10.593816757202148,50520,0.0,0.0
2015-07-06 00:00:00-04:00,10.21833751889367,10.593814912366893,10.137878369747575,10.432896614074707,69360,0.0,0.0
2015-07-07 00:00:00-04:00,10.191520431457702,10.35243876587477,9.681944000647288,9.950141906738281,93140,0.0,0.0
2015-07-08 00:00:00-04:00,9.574662711685056,9.869679914710193,9.252825111870843,9.494203567504883,94780,0.0,0.0
2015-07-09 00:00:00-04:00,9.62830404317694,9.97696107321339,9.413744926452637,9.413744926452637,57400,0.0,0.0
2015-07-10 00:00:00-04:00,9.574662493681071,10.003778601600526,9.574662493681071,9.976959228515625,45360,0.0,0.0
2015-07-13 00:00:00-04:00,9.97695941362227,10.540174443602803,9.92331964336376,10.245157241821289,52800,0.0,0.0
2015-07-14 00:00:00-04:00,10.245158274531775,10.432896977813828,10.05741957124972,10.379257202148438,81980,0.0,0.0
2015-07-15 00:00:00-04:00,10.593812453089047,11.130208020334061,10.513353322620965,10.674271583557129,59540,0.0,0.0
2015-07-16 00:00:00-04:00,10.808374186280828,11.02293228222585,10.674275248428476,10.83519458770752,49540,0.0,0.0
2015-07-17 00:00:00-04:00,10.915653308139879,11.907985613078717,10.888832907788544,11.773886680603027,200420,0.0,0.0
2015-07-20 00:00:00-04:00,11.586149795241994,11.827527297857017,11.317951888051642,11.639789581298828,106680,0.0,0.0
2015-07-21 00:00:00-04:00,11.827527252032443,12.417562850183948,11.827527252032443,11.934806823730469,58380,0.0,0.0
2015-07-22 00:00:00-04:00,11.693424630132862,11.961622452136767,11.317948293183493,11.478866577148438,52240,0.0,0.0
2015-07-23 00:00:00-04:00,11.425228632311534,11.425228632311534,10.80837374783255,11.049752235412598,58380,0.0,0.0
2015-07-24 00:00:00-04:00,10.862014558350316,10.969294123719674,10.513357505540538,10.754734992980957,63160,0.0,0.0
2015-07-27 00:00:00-04:00,10.513355616246068,10.727913685334034,10.325616922134008,10.459715843200684,56040,0.0,0.0
2015-07-28 00:00:00-04:00,10.459715128294848,10.727912952097281,10.191517304492416,10.566994667053223,112680,0.0,0.0
2015-07-29 00:00:00-04:00,10.727912645496254,11.103389997326014,10.566994365051201,10.915651321411133,67920,0.0,0.0
2015-07-30 00:00:00-04:00,10.674274061512987,10.835193382898765,10.352436441835023,10.432896614074707,46000,0.0,0.0
2015-07-31 00:00:00-04:00,10.62063428771773,10.727913835308247,10.164698768192,10.432896614074707,67760,0.0,0.0
2015-08-03 00:00:00-04:00,10.56699775055948,11.907987260879526,10.540177346496797,11.1033935546875,100580,0.0,0.0
2015-08-04 00:00:00-04:00,11.371587767607513,11.47886627977379,10.969291045023665,11.076569557189941,45740,0.0,0.0
2015-08-05 00:00:00-04:00,11.103391787366993,11.344769246948408,10.888832681391992,10.942472457885742,81720,0.0,0.0
2015-08-06 00:00:00-04:00,10.781553268432617,10.91565218713677,10.486535033427346,10.781553268432617,45220,0.0,0.0
2015-08-07 00:00:00-04:00,10.593815580355967,10.835194066107869,10.406076871781561,10.486536026000977,67760,0.0,0.0
2015-08-10 00:00:00-04:00,10.459715128294848,11.103390314658087,10.37925598577282,10.566994667053223,65240,0.0,0.0
2015-08-11 00:00:00-04:00,10.486535871538692,10.486535871538692,10.084239083273621,10.218338012695312,44920,0.0,0.0
2015-08-12 00:00:00-04:00,10.003780596421224,10.1110601563401,9.494205244540828,9.6819429397583,70820,0.0,0.0
2015-08-13 00:00:00-04:00,9.574662893924451,9.574662893924451,9.145545744973388,9.17236614227295,94060,0.0,0.0
2015-08-14 00:00:00-04:00,9.655123710632324,9.681943089479926,9.386925829781427,9.655123710632324,83320,0.0,0.0
2015-08-17 00:00:00-04:00,9.816041656966911,9.976960993219915,9.494205030648272,9.708763122558594,51320,0.0,0.0
2015-08-18 00:00:00-04:00,9.62830238754588,9.62830238754588,9.27964439436909,9.36010456085205,47640,0.0,0.0
2015-08-19 00:00:00-04:00,9.065087102432438,9.54784302659159,9.01144732794951,9.091907501220703,91680,0.0,0.0
2015-08-20 00:00:00-04:00,8.930989668790517,9.065088615838704,8.475053555754812,8.582332611083984,104140,0.0,0.0
2015-08-21 00:00:00-04:00,8.421413501005233,8.421413501005233,7.804558569075459,7.83137845993042,152500,0.0,0.0
2015-08-24 00:00:00-04:00,6.892684459686279,7.187701664478996,6.865864574283277,6.892684459686279,125200,0.0,0.0
2015-08-25 00:00:00-04:00,7.482719380818478,7.536359151624481,6.865864574283277,6.892684459686279,99720,0.0,0.0
2015-08-26 00:00:00-04:00,7.348620465350238,7.348620465350238,6.7317656588150365,6.892684459686279,88600,0.0,0.0
2015-08-27 00:00:00-04:00,7.107243328816184,7.724098205566406,7.107243328816184,7.724098205566406,98440,0.0,0.0
2015-08-28 00:00:00-04:00,7.804560263153557,8.528694404138744,7.804560263153557,8.421415328979492,65680,0.0,0.0
2015-08-31 00:00:00-04:00,8.072754655807167,8.609149795655613,7.938655742958365,8.180033683776855,58520,0.0,0.0
2015-09-01 00:00:00-04:00,8.045934377892719,8.260492423351165,7.9118354715945065,8.01911449432373,52920,0.0,0.0
2015-09-02 00:00:00-04:00,8.26049349124889,8.26049349124889,7.750917683748235,8.153214454650879,53400,0.0,0.0
2015-09-03 00:00:00-04:00,8.045935466371734,8.206854278008528,7.589998918658615,7.777737617492676,111280,0.0,0.0
2015-09-04 00:00:00-04:00,7.643639812253533,7.965477482651379,7.563180650427509,7.750918865203857,156120,0.0,0.0
2015-09-08 00:00:00-04:00,7.858197839238512,7.992296781966452,7.750918787365535,7.83137845993042,37020,0.0,0.0
2015-09-09 00:00:00-04:00,8.072755166106893,8.099575052681358,7.7777374368813454,7.8045573234558105,38360,0.0,0.0
2015-09-10 00:00:00-04:00,7.724097457838255,7.938656033167902,7.724097457838255,7.91183614730835,46560,0.0,0.0
2015-09-11 00:00:00-04:00,7.804557323455811,7.8313772100302765,7.589998742406873,7.8045573234558105,43440,0.0,0.0
2015-09-14 00:00:00-04:00,7.616816942149774,7.616816942149774,7.294979909171056,7.321799278259277,62740,0.0,0.0
2015-09-15 00:00:00-04:00,7.268163493572352,7.348622662288599,7.214523706730242,7.294983386993408,29080,0.0,0.0
2015-09-16 00:00:00-04:00,7.402259728195962,7.831376330556706,7.402259728195962,7.643637657165527,78240,0.0,0.0
2015-09-17 00:00:00-04:00,8.180034357950397,8.475052092841576,8.153214470860874,8.367773056030273,52880,0.0,0.0
2015-09-18 00:00:00-04:00,8.501872797505097,8.609151333085931,8.314134081371517,8.394593238830566,66540,0.0,0.0
2015-09-21 00:00:00-04:00,8.394592044452596,8.394592044452596,8.153214094871721,8.206853866577148,27440,0.0,0.0
2015-09-22 00:00:00-04:00,7.83137775938977,7.911836913210469,7.670458940201549,7.724098205566406,39860,0.0,0.0
2015-09-23 00:00:00-04:00,7.777740347838394,7.831380141062969,7.45590261158491,7.590001583099365,47500,0.0,0.0
2015-09-24 00:00:00-04:00,7.4827182921745,7.536358055176573,7.160881248802135,7.509538173675537,42920,0.0,0.0
2015-09-25 00:00:00-04:00,7.509541152874636,7.563180937156784,7.134064197540283,7.134064197540283,70200,0.0,0.0
2015-09-28 00:00:00-04:00,7.0536027490107545,7.0536027490107545,6.892684459686279,6.892684459686279,63120,0.0,0.0
2015-09-29 00:00:00-04:00,6.865865336684365,6.97314437866211,6.651306741182053,6.704946517944336,66000,0.0,0.0
2015-09-30 00:00:00-04:00,6.892685452944281,6.892685452944281,6.463568759299471,6.597667694091797,97160,0.0,0.0
2015-10-01 00:00:00-04:00,6.597667694091797,6.812225785140782,6.4367488700316375,6.597667694091797,73040,0.0,0.0
2015-10-02 00:00:00-04:00,6.5708479003806834,7.241342584092998,6.544028010722822,7.16088342666626,62440,0.0,0.0
2015-10-05 00:00:00-04:00,7.107242557034351,7.321800618288379,7.080422671490906,7.18770170211792,52680,0.0,0.0
2015-10-06 00:00:00-04:00,7.16088132753322,7.348619477011201,7.134061445737309,7.268160343170166,58180,0.0,0.0
2015-10-07 00:00:00-04:00,7.2949817423826,7.5095398182863455,7.160882817056058,7.402260780334473,43920,0.0,0.0
2015-10-08 00:00:00-04:00,7.375440795358947,7.616818755443154,7.134062835274741,7.5631794929504395,34900,0.0,0.0
2015-10-09 00:00:00-04:00,7.563177747414975,7.670456759187856,7.455898224095415,7.616816997528076,35140,0.0,0.0
2015-10-12 00:00:00-04:00,7.509538527277076,7.509538527277076,7.268160605495371,7.455898761749268,42800,0.0,0.0
2015-10-13 00:00:00-04:00,7.3754417212565135,7.3754417212565135,6.892685740483923,6.9195051193237305,43900,0.0,0.0
2015-10-14 00:00:00-04:00,6.999966334902638,7.160885201179693,6.839047468625582,6.973146438598633,58200,0.0,0.0
2015-10-15 00:00:00-04:00,6.946323868202753,7.294981362839921,6.839044835832384,7.241341590881348,61160,0.0,0.0
2015-10-16 00:00:00-04:00,7.214521828801449,7.214521828801449,6.758585805510623,6.999963760375977,48520,0.0,0.0
2015-10-19 00:00:00-04:00,6.865865755211157,6.865865755211157,6.570847988128662,6.570847988128662,37240,0.0,0.0
2015-10-20 00:00:00-04:00,6.758586734093009,6.865865783045134,6.7049469538435185,6.785406112670898,31740,0.0,0.0
2015-10-21 00:00:00-04:00,6.812225559922081,6.812225559922081,6.6244873643477336,6.704946517944336,24820,0.0,0.0
2015-10-22 00:00:00-04:00,6.704947036713913,6.704947036713913,6.490388936157812,6.62448787689209,95280,0.0,0.0
2015-10-23 00:00:00-04:00,6.4903887298782,6.4903887298782,6.0880919204612916,6.222190856933594,58200,0.0,0.0
2015-10-26 00:00:00-04:00,6.222191651434943,6.222191651434943,5.712615218535744,5.819894790649414,76580,0.0,0.0
2015-10-27 00:00:00-04:00,5.632154585574428,5.632154585574428,5.310316976065749,5.390776634216309,122500,0.0,0.0
2015-10-28 00:00:00-04:00,5.229859300762111,5.363958257191909,5.149400131523001,5.310318470001221,81300,0.0,0.0
2015-10-29 00:00:00-04:00,5.1493976501708145,5.4712346835898185,5.1493976501708145,5.3371357917785645,63720,0.0,0.0
2015-10-30 00:00:00-04:00,5.310316706669453,5.3639564760486405,5.229857564147424,5.283497333526611,40720,0.0,0.0
2015-11-02 00:00:00-05:00,5.2834974837046085,5.2834974837046085,4.908020110471242,5.042119026184082,76260,0.0,0.0
2015-11-03 00:00:00-05:00,4.9884796142578125,5.149398410500984,4.9884796142578125,4.9884796142578125,46000,0.0,0.0
2015-11-04 00:00:00-05:00,4.961660986354999,4.988480877779807,4.639823312351057,4.800742149353027,79200,0.0,0.0
2015-11-05 00:00:00-05:00,4.908019960362851,5.015299498889466,4.800740933382987,4.9884796142578125,61840,0.0,0.0
2015-11-06 00:00:00-05:00,4.9080206087819525,4.988480273306776,4.827561455803948,4.961660385131836,35020,0.0,0.0
2015-11-09 00:00:00-05:00,4.961660496343093,5.122579317452775,4.854381452785581,5.015300273895264,34340,0.0,0.0
2015-11-10 00:00:00-05:00,5.149398506039899,5.229857649880901,5.0421189655228815,5.1225786209106445,47380,0.0,0.0
2015-11-11 00:00:00-05:00,4.988480877779807,5.068940040507352,4.747102878050291,4.800742149353027,63920,0.0,0.0
2015-11-12 00:00:00-05:00,4.720282738679349,4.8543816772125865,4.69346284866333,4.69346284866333,43300,0.0,0.0
2015-11-13 00:00:00-05:00,4.666642958647312,4.80074189718055,4.639823068631293,4.69346284866333,49600,0.0,0.0
2015-11-16 00:00:00-05:00,4.720282738679349,4.747102628695367,4.613003690162129,4.69346284866333,54720,0.0,0.0
2015-11-17 00:00:00-05:00,4.639823484561503,4.747103054242497,4.505724534007159,4.559364318847656,88240,0.0,0.0
2015-11-18 00:00:00-05:00,4.639821904459405,4.639821904459405,4.31798483965948,4.505722999572754,93280,0.0,0.0
2015-11-19 00:00:00-05:00,4.505722999572754,4.505722999572754,4.371624094686104,4.505722999572754,46860,0.0,0.0
2015-11-20 00:00:00-05:00,4.37162459326735,4.37162459326735,4.076607122334166,4.130246639251709,102260,0.0,0.0
2015-11-23 00:00:00-05:00,4.237525928860188,4.37162459326735,4.103427008679633,4.130246639251709,132500,0.0,0.0
2015-11-24 00:00:00-05:00,4.157067045450096,4.183886935149466,3.9156890612494597,4.049787998199463,95660,0.0,0.0
2015-11-25 00:00:00-05:00,4.0497873266177375,4.130246470826351,3.94250804138395,3.969327926635742,85720,0.0,0.0
2015-11-27 00:00:00-05:00,4.425264693956588,4.747102330863068,4.425264693956588,4.666642665863037,72280,0.0,0.0
2015-11-30 00:00:00-05:00,4.639823187308563,4.720282859414614,4.532544136047363,4.532544136047363,74460,0.0,0.0
2015-12-01 00:00:00-05:00,4.6398234367370605,4.693463221024672,4.532544379708733,4.6398234367370605,50040,0.0,0.0
2015-12-02 00:00:00-05:00,4.317985872099468,4.317985872099468,4.049787998199463,4.049787998199463,75040,0.0,0.0
2015-12-03 00:00:00-05:00,4.049788000597342,4.076607634539168,3.9156890635679393,3.9425086975097656,28780,0.0,0.0
2015-12-04 00:00:00-05:00,3.9156880486752472,3.996147185420244,3.6474902441296373,3.727949380874634,103760,0.0,0.0
2015-12-07 00:00:00-05:00,3.6743103287034824,3.6743103287034824,3.3792928604270798,3.4329323768615723,68840,0.0,0.0
2015-12-08 00:00:00-05:00,3.379293045279785,3.593851122754422,3.3524731577087534,3.5133919715881348,44800,0.0,0.0
2015-12-09 00:00:00-05:00,3.4597520071921233,3.593850926165049,3.4061124907576312,3.4329323768615723,61700,0.0,0.0
2015-12-10 00:00:00-05:00,3.4061127799610404,3.4329326683421826,3.3256533705910263,3.352473258972168,68840,0.0,0.0
2015-12-11 00:00:00-05:00,3.137915249131647,3.245194558161055,3.084275722503662,3.084275722503662,70980,0.0,0.0
2015-12-14 00:00:00-05:00,2.896536664637813,2.923356294631958,2.7356178615793953,2.923356294631958,73860,0.0,0.0
2015-12-15 00:00:00-05:00,2.762438553608525,2.762438553608525,2.6015197035833832,2.6551592350006104,114980,0.0,0.0
2015-12-16 00:00:00-05:00,2.628339646949371,2.789258244248231,2.628339646949371,2.681979179382324,95900,0.0,0.0
2015-12-17 00:00:00-05:00,2.8428969383239746,3.0038154736909704,2.7624375427537924,2.8428969383239746,219300,0.0,0.0
2015-12-18 00:00:00-05:00,3.1110945814810163,3.2720131079741597,2.97699568151672,3.2451934814453125,192160,0.0,0.0
2015-12-21 00:00:00-05:00,3.2451944950762552,3.2988340206615168,3.137915188132298,3.1647350788116455,73980,0.0,0.0
2015-12-22 00:00:00-05:00,3.1647351492717504,3.298834094107219,3.1379152579952807,3.1915547847747803,42460,0.0,0.0
2015-12-23 00:00:00-05:00,3.1915537168409114,3.2988329902763605,3.1110945814810163,3.2451934814453125,45980,0.0,0.0
2015-12-24 00:00:00-05:00,3.191554545747986,3.3256534805403115,3.191554545747986,3.2988338470458984,31740,0.0,0.0
2015-12-28 00:00:00-05:00,3.1379150643365543,3.1379150643365543,2.9769964939292626,3.0038161277770996,45640,0.0,0.0
2015-12-29 00:00:00-05:00,2.9501760603010827,3.0574550874572264,2.9501760603010827,2.9769959449768066,39020,0.0,0.0
2015-12-30 00:00:00-05:00,2.9233561575332154,2.976995926552696,2.8697166442871094,2.8697166442871094,43860,0.0,0.0
2015-12-31 00:00:00-05:00,2.8697166442871094,2.9233561575332154,2.8160771310410033,2.8697166442871094,64880,0.0,0.0
2016-01-04 00:00:00-05:00,2.869717218885647,2.869717218885647,2.6819787570470393,2.70879864692688,63080,0.0,0.0
2016-01-05 00:00:00-05:00,2.7356174479736124,2.7356174479736124,2.5746989250183105,2.5746989250183105,43660,0.0,0.0
2016-01-06 00:00:00-05:00,2.54787930147318,2.54787930147318,2.3601408777824626,2.386960506439209,68100,0.0,0.0
2016-01-07 00:00:00-05:00,2.306501435359161,2.306501435359161,1.9310243207009774,1.984663963317871,71640,0.0,0.0
2016-01-08 00:00:00-05:00,1.9846643779508495,2.0383039038873383,1.9310247241276433,1.957844614982605,36960,0.0,0.0
2016-01-11 00:00:00-05:00,1.8773848656209577,1.8773848656209577,1.6896464302135399,1.7164661884307861,55920,0.0,0.0
2016-01-12 00:00:00-05:00,1.8237453491864655,1.8773848656209577,1.6360067858923528,1.7164661884307861,120040,0.0,0.0
2016-01-13 00:00:00-05:00,1.904204297033248,2.1187625817215037,1.7701054010747561,1.8773845434188843,130360,0.0,0.0
2016-01-14 00:00:00-05:00,1.957844285790768,2.118762964430094,1.957844285790768,2.0651233196258545,62620,0.0,0.0
2016-01-15 00:00:00-05:00,2.0114833890415698,2.0114833890415698,1.8773844964387987,1.904204249382019,37240,0.0,0.0
2016-01-19 00:00:00-05:00,1.9310240506476117,2.09194282810714,1.7701054010747561,1.8773845434188843,65280,0.0,0.0
2016-01-20 00:00:00-05:00,1.796926146484181,1.90420534803997,1.6091876396766076,1.7432866096496582,73880,0.0,0.0
2016-01-21 00:00:00-05:00,1.6628262587306282,1.9310240506476117,1.6628262587306282,1.8773845434188843,37960,0.0,0.0
2016-01-22 00:00:00-05:00,1.904204563335876,2.0114837206829725,1.850565048605673,1.984663963317871,37420,0.0,0.0
2016-01-25 00:00:00-05:00,1.9846643779508495,2.011484140919094,1.9042049611593987,1.957844614982605,30660,0.0,0.0
2016-01-26 00:00:00-05:00,1.904204563335876,2.038303478048074,1.904204563335876,1.984663963317871,42940,0.0,0.0
2016-01-27 00:00:00-05:00,1.9578438831551292,2.03830314198479,1.904204249382019,1.904204249382019,33140,0.0,0.0
2016-01-28 00:00:00-05:00,1.904204249382019,2.0651228949280105,1.904204249382019,1.904204249382019,23660,0.0,0.0
2016-01-29 00:00:00-05:00,1.850565048605673,1.984663963317871,1.7969254059887791,1.984663963317871,42820,0.0,0.0
2016-02-01 00:00:00-05:00,1.8505651227730093,1.8505651227730093,1.7701057195663452,1.7701057195663452,100160,0.0,0.0
2016-02-02 00:00:00-05:00,1.7701060093795118,1.7701060093795118,1.636007067337326,1.6896467208862305,126340,0.0,0.0
2016-02-03 00:00:00-05:00,1.743286246548418,1.743286246548418,1.636007067337326,1.6896467208862305,103560,0.0,0.0
2016-02-04 00:00:00-05:00,1.6896464442463772,1.82374536433302,1.6896464442463772,1.7701057195663452,42600,0.0,0.0
2016-02-05 00:00:00-05:00,1.6896467208862305,1.8505654257595103,1.6896467208862305,1.6896467208862305,39360,0.0,0.0
2016-02-08 00:00:00-05:00,1.6896469704309307,1.7432865040151644,1.609187542167844,1.636007308959961,37700,0.0,0.0
2016-02-09 00:00:00-05:00,1.6091869064819244,1.9042044804262737,1.6091869064819244,1.662826418876648,69240,0.0,0.0
2016-02-10 00:00:00-05:00,1.609187542167844,1.7969260375993983,1.609187542167844,1.636007308959961,66800,0.0,0.0
2016-02-11 00:00:00-05:00,1.609187542167844,1.662827075752078,1.609187542167844,1.636007308959961,31520,0.0,0.0
2016-02-12 00:00:00-05:00,1.743285910215973,1.8237453110729256,1.636006751702267,1.79692542552948,40300,0.0,0.0
2016-02-16 00:00:00-05:00,1.8773852586746216,2.2796820998191833,1.8773852586746216,2.145583152770996,82300,0.0,0.0
2016-02-17 00:00:00-05:00,2.1187627427060094,2.19922200966243,1.9846638365586249,2.1724023818969727,83420,0.0,0.0
2016-02-18 00:00:00-05:00,2.1455828917180932,2.1455828917180932,1.8505652696841965,1.9310245513916016,114480,0.0,0.0
2016-02-19 00:00:00-05:00,1.823746042788186,1.8773855796227088,1.6091876396766076,1.7432866096496582,121760,0.0,0.0
2016-02-22 00:00:00-05:00,1.7164668412323967,1.7701063780669195,1.6628271765111304,1.7432866096496582,89740,0.0,0.0
2016-02-23 00:00:00-05:00,1.7432859611263558,1.8773848812129987,1.7432859611263558,1.7701057195663452,66900,0.0,0.0
2016-02-24 00:00:00-05:00,1.609187039462003,1.609187039462003,1.3678089579653632,1.475088119506836,238940,0.0,0.0
2016-02-25 00:00:00-05:00,1.6091870977404013,1.6091870977404013,1.4214486541587013,1.4482684135437012,41720,0.0,0.0
2016-02-26 00:00:00-05:00,1.421448778684904,1.5287278256230983,1.421448778684904,1.5019080638885498,81440,0.0,0.0
2016-02-29 00:00:00-05:00,1.5555477142333984,1.6628267611018717,1.4750883011953322,1.5555477142333984,139900,0.0,0.0
2016-03-01 00:00:00-05:00,1.582367600745954,1.6628268922428333,1.5555478369136608,1.609187364578247,118780,0.0,0.0
2016-03-02 00:00:00-05:00,1.6360069993847532,1.6360069993847532,1.5555477142333984,1.5555477142333984,70940,0.0,0.0
2016-03-03 00:00:00-05:00,1.555547394087201,1.662826418876648,1.555547394087201,1.662826418876648,178360,0.0,0.0
2016-03-04 00:00:00-05:00,1.8237457310100353,2.2796820998191833,1.689646783961848,2.145583152770996,386080,0.0,0.0
2016-03-07 00:00:00-05:00,2.011484384536743,2.1455833435058596,1.9310249580005805,2.011484384536743,377520,0.0,0.0
2016-03-08 00:00:00-05:00,1.9846639849001386,1.9846639849001386,1.7701056678727265,1.79692542552948,169220,0.0,0.0
2016-03-09 00:00:00-05:00,1.8773849545715864,1.9310244735475228,1.796925548220981,1.8505651950836182,235400,0.0,0.0
2016-03-10 00:00:00-05:00,1.850565068729679,1.8773848263864326,1.7164661525592195,1.79692542552948,140060,0.0,0.0
2016-03-11 00:00:00-05:00,1.7701061877929711,1.8505656122826775,1.6628269977689392,1.823745846748352,97180,0.0,0.0
2016-03-14 00:00:00-04:00,1.931024908885654,1.931024908885654,1.7432864222586455,1.823745846748352,39120,0.0,0.0
2016-03-15 00:00:00-04:00,1.7969254630825244,1.7969254630825244,1.6628265441095988,1.7164661884307861,55000,0.0,0.0
2016-03-16 00:00:00-04:00,1.7164661884307861,1.7164661884307861,1.6360067858923528,1.7164661884307861,56480,0.0,0.0
2016-03-17 00:00:00-04:00,1.7164664837173242,1.7164664837173242,1.636007067337326,1.6896467208862305,65480,0.0,0.0
2016-03-18 00:00:00-04:00,1.7969259533272965,1.8773853778170029,1.6896468911899944,1.823745846748352,195240,0.0,0.0
2016-03-21 00:00:00-04:00,1.82374543559565,1.8505651950836182,1.7701057887330127,1.8505651950836182,65300,0.0,0.0
2016-03-22 00:00:00-04:00,1.850565068729679,1.8773848263864326,1.79692542552948,1.79692542552948,93240,0.0,0.0
2016-03-23 00:00:00-04:00,1.8237453491864655,1.8505651074037117,1.6360067858923528,1.7164661884307861,78540,0.0,0.0
2016-03-24 00:00:00-04:00,1.7164662026863664,1.7701057195663452,1.7164662026863664,1.7701057195663452,30860,0.0,0.0
2016-03-28 00:00:00-04:00,1.796926146484181,1.796926146484181,1.6628271765111304,1.7432866096496582,41300,0.0,0.0
2016-03-29 00:00:00-04:00,1.7432859611263558,1.7701057195663452,1.7164662026863664,1.7701057195663452,28480,0.0,0.0
2016-03-30 00:00:00-04:00,1.7969259533272965,1.8773853778170029,1.7432864222586455,1.823745846748352,108980,0.0,0.0
2016-03-31 00:00:00-04:00,1.8237450361901566,1.904204297033248,1.8237450361901566,1.8773845434188843,142220,0.0,0.0
2016-04-01 00:00:00-04:00,1.8505651950836182,1.9042047140595546,1.8505651950836182,1.8505651950836182,58900,0.0,0.0
2016-04-04 00:00:00-04:00,1.8773848812129987,1.9310243980929773,1.7701057195663452,1.7701057195663452,50260,0.0,0.0
2016-04-05 00:00:00-04:00,1.7969254780063346,1.82374536433302,1.7701057195663452,1.7701057195663452,35340,0.0,0.0
2016-04-06 00:00:00-04:00,1.79692542552948,1.8237453110729256,1.743285910215973,1.79692542552948,83220,0.0,0.0
2016-04-07 00:00:00-04:00,1.7969254780063346,1.8773848812129987,1.7701057195663452,1.7701057195663452,50300,0.0,0.0
2016-04-08 00:00:00-04:00,1.8237455091150616,2.0114839609857125,1.8237455091150616,1.9310245513916016,98940,0.0,0.0
2016-04-11 00:00:00-04:00,1.9578445709763623,2.467420439579482,1.9578445709763623,2.306501865386963,330860,0.0,0.0
2016-04-12 00:00:00-04:00,2.2260425090789795,2.2796820352236726,2.1187633289028747,2.2260425090789795,176100,0.0,0.0
2016-04-13 00:00:00-04:00,2.1724029829342864,2.3869610875130594,2.1187633289028747,2.2260425090789795,148060,0.0,0.0
2016-04-14 00:00:00-04:00,2.3601415157318115,2.4137810433175124,2.2260425688808385,2.3601415157318115,306160,0.0,0.0
2016-04-15 00:00:00-04:00,2.3333215122481255,2.4406008180525434,2.3333215122481255,2.413780927658081,184460,0.0,0.0
2016-04-18 00:00:00-04:00,2.2528620968381703,2.413780927658081,2.2528620968381703,2.413780927658081,76100,0.0,0.0
2016-04-19 00:00:00-04:00,2.3333209543829603,2.521059374938211,2.3333209543829603,2.4674198627471924,86100,0.0,0.0
2016-04-20 00:00:00-04:00,2.226042630356781,2.3869612175579227,2.226042630356781,2.279682159423828,132800,0.0,0.0
2016-04-21 00:00:00-04:00,2.1992219889863898,2.3065012663597275,2.172402361473077,2.252861499786377,116560,0.0,0.0
2016-04-22 00:00:00-04:00,2.2796814802654772,2.413780390869329,2.2528615958353573,2.386960506439209,119620,0.0,0.0
2016-04-25 00:00:00-04:00,2.3869612175579227,2.3869612175579227,2.279682159423828,2.279682159423828,58240,0.0,0.0
2016-04-26 00:00:00-04:00,2.279681987232632,2.467420452673575,2.279681987232632,2.413780927658081,86700,0.0,0.0
2016-04-27 00:00:00-04:00,2.3065018776270945,2.467420452673575,2.226042462217139,2.413780927658081,185600,0.0,0.0
2016-04-28 00:00:00-04:00,2.306501988146111,2.6283394094337575,2.2796820964665394,2.3601415157318115,535440,0.0,0.0
2016-04-29 00:00:00-04:00,2.5210597839446915,2.5210597839446915,2.306501700371586,2.3333213329315186,284900,0.0,0.0
2016-05-02 00:00:00-04:00,2.3333213329315186,2.386960853824795,2.2528619237048986,2.3333213329315186,166860,0.0,0.0
2016-05-03 00:00:00-04:00,2.2528617567239517,2.2528617567239517,2.038303561167083,2.0651233196258545,150080,0.0,0.0
2016-05-04 00:00:00-04:00,1.9578446149826052,2.0919435577105445,1.9310247241276433,1.957844614982605,72940,0.0,0.0
2016-05-05 00:00:00-04:00,1.9846636360983496,2.03830314198479,1.8773844964387987,1.904204249382019,66900,0.0,0.0
2016-05-06 00:00:00-04:00,1.904204563335876,2.0651232354131754,1.8773848059707745,1.984663963317871,55940,0.0,0.0
2016-05-09 00:00:00-04:00,1.9578448023067092,1.9578448023067092,1.7969259533272965,1.823745846748352,61480,0.0,0.0
2016-05-10 00:00:00-04:00,1.8505651950836182,1.8773849545715864,1.82374543559565,1.8505651950836182,44320,0.0,0.0
2016-05-11 00:00:00-04:00,1.8773844964387987,1.9846636360983496,1.8773844964387987,1.904204249382019,38200,0.0,0.0
2016-05-12 00:00:00-04:00,2.0383037215548474,2.0383037215548474,1.8773850302533317,1.9310245513916016,51300,0.0,0.0
2016-05-13 00:00:00-04:00,1.931024908885654,1.931024908885654,1.7969259533272965,1.823745846748352,29320,0.0,0.0
2016-05-16 00:00:00-04:00,1.7969257813997035,2.0383039038873383,1.7969257813997035,1.957844614982605,43580,0.0,0.0
2016-05-17 00:00:00-04:00,1.9042047908224666,1.9846642004165775,1.8505652696841965,1.9310245513916016,49920,0.0,0.0
2016-05-18 00:00:00-04:00,1.8773844964387987,1.9578438831551292,1.8773844964387987,1.904204249382019,29720,0.0,0.0
2016-05-19 00:00:00-04:00,1.8237458467483518,1.9042051433513285,1.7969259533272965,1.823745846748352,43800,0.0,0.0
2016-05-20 00:00:00-04:00,1.8505647434955783,1.9846636360983496,1.7969251097224679,1.904204249382019,26480,0.0,0.0
2016-05-23 00:00:00-04:00,1.9578438831551292,1.9846636360983496,1.8505647434955783,1.904204249382019,30080,0.0,0.0
2016-05-24 00:00:00-04:00,1.904204249382019,1.9310240023252392,1.7701053567792475,1.904204249382019,44500,0.0,0.0
2016-05-25 00:00:00-04:00,1.904204584043186,1.904204584043186,1.7701056678727265,1.79692542552948,61640,0.0,0.0
2016-05-26 00:00:00-04:00,1.8237458467483518,1.8773853778170029,1.7969259533272965,1.823745846748352,17040,0.0,0.0
2016-05-27 00:00:00-04:00,2.038303561167083,2.0651233196258545,1.8773848825277573,2.0651233196258545,119660,0.0,0.0
2016-05-31 00:00:00-04:00,2.145583152770996,2.172403044490011,2.118763388938703,2.145583152770996,50140,0.0,0.0
2016-06-01 00:00:00-04:00,2.0651233769180437,2.118763023210394,2.011483858512393,2.0919432640075684,27440,0.0,0.0
2016-06-02 00:00:00-04:00,2.145582782413219,2.145582782413219,2.0383036177152185,2.0919432640075684,21500,0.0,0.0
2016-06-03 00:00:00-04:00,2.0383035664972895,2.118762969970703,2.0383035664972895,2.118762969970703,19960,0.0,0.0
2016-06-06 00:00:00-04:00,2.1455830398555626,2.360141394995805,2.0919435150138597,2.1992225646972656,72300,0.0,0.0
2016-06-07 00:00:00-04:00,2.1455830398555626,2.226042455004832,2.0383038622854417,2.1992225646972656,48740,0.0,0.0
2016-06-08 00:00:00-04:00,2.145583152770996,2.226042572154597,2.118763388938703,2.145583152770996,18540,0.0,0.0
2016-06-09 00:00:00-04:00,2.145582728499609,2.1724026149152116,2.118762969970703,2.118762969970703,13800,0.0,0.0
2016-06-10 00:00:00-04:00,2.145582728499609,2.1724026149152116,2.118762969970703,2.118762969970703,19860,0.0,0.0
2016-06-13 00:00:00-04:00,2.011484140919094,2.0383039038873383,1.9578446149826052,1.957844614982605,46860,0.0,0.0
2016-06-14 00:00:00-04:00,1.9310240506476117,1.9310240506476117,1.8773845434188843,1.8773845434188843,25580,0.0,0.0
2016-06-15 00:00:00-04:00,1.8773845434188843,2.011483439377376,1.8773845434188843,1.8773845434188843,30900,0.0,0.0
2016-06-16 00:00:00-04:00,1.7969259533272965,1.9846645678410348,1.7701061877929711,1.823745846748352,138300,0.0,0.0
2016-06-17 00:00:00-04:00,1.823744990552358,1.904204249382019,1.823744990552358,1.904204249382019,47520,0.0,0.0
2016-06-20 00:00:00-04:00,2.0919435577105445,2.1724029745019955,1.9310247241276433,1.957844614982605,33520,0.0,0.0
2016-06-21 00:00:00-04:00,1.904204249382019,2.03830314198479,1.8505647434955783,1.904204249382019,18560,0.0,0.0
2016-06-22 00:00:00-04:00,1.85056543522291,2.011484140919094,1.8237456722546654,1.957844614982605,60620,0.0,0.0
2016-06-23 00:00:00-04:00,2.038303969555102,2.145583152770996,1.9578446780582226,2.145583152770996,43920,0.0,0.0
2016-06-24 00:00:00-04:00,1.9578444398474426,2.0383037215548474,1.7969256206592206,1.9310245513916016,1209980,0.0,0.0
2016-06-27 00:00:00-04:00,1.8237452118341886,1.9310242366236354,1.662826418876648,1.662826418876648,190180,0.0,0.0
2016-06-28 00:00:00-04:00,1.9578450127612366,1.9846647811784979,1.7164668412323967,1.7432866096496582,104280,0.0,0.0
2016-06-29 00:00:00-04:00,1.850565068729679,1.904204584043186,1.79692542552948,1.79692542552948,76480,0.0,0.0
2016-06-30 00:00:00-04:00,1.904204639652988,1.9310243980929773,1.6896464442463772,1.7701057195663452,62140,0.0,0.0
2016-07-01 00:00:00-04:00,1.796925548220981,1.8773849545715864,1.796925548220981,1.8505651950836182,54640,0.0,0.0
2016-07-05 00:00:00-04:00,1.8505656122826775,1.9042051433513285,1.7701061877929711,1.823745846748352,25980,0.0,0.0
2016-07-06 00:00:00-04:00,1.7969254780063346,1.7969254780063346,1.7432859611263558,1.7701057195663452,51120,0.0,0.0
2016-07-07 00:00:00-04:00,1.7701057195663452,1.8505651227730093,1.7701057195663452,1.7701057195663452,14420,0.0,0.0
2016-07-08 00:00:00-04:00,1.7432864222586455,1.8505656122826775,1.7432864222586455,1.823745846748352,18740,0.0,0.0
2016-07-11 00:00:00-04:00,1.79692515468912,1.904204297033248,1.79692515468912,1.8773845434188843,30740,0.0,0.0
2016-07-12 00:00:00-04:00,1.9310245513916016,1.9578444398474426,1.8773850302533317,1.9310245513916016,53060,0.0,0.0
2016-07-13 00:00:00-04:00,1.904204563335876,2.0114837206829725,1.904204563335876,1.984663963317871,77900,0.0,0.0
2016-07-14 00:00:00-04:00,2.011484384536743,2.0651239169696964,2.011484384536743,2.011484384536743,30560,0.0,0.0
2016-07-15 00:00:00-04:00,2.0114837206829725,2.0114837206829725,1.8773848059707745,1.984663963317871,32320,0.0,0.0
2016-07-18 00:00:00-04:00,2.0114837206829725,2.0114837206829725,1.9578442059527696,1.984663963317871,32060,0.0,0.0
2016-07-19 00:00:00-04:00,1.9846643779508495,1.9846643779508495,1.9310247241276433,1.957844614982605,15260,0.0,0.0
2016-07-20 00:00:00-04:00,1.9310245513916016,1.9578444398474426,1.9310245513916016,1.9310245513916016,18360,0.0,0.0
2016-07-21 00:00:00-04:00,1.8773854255676272,2.118763577289383,1.8773854255676272,2.011484384536743,106920,0.0,0.0
2016-07-22 00:00:00-04:00,1.9310244735475228,1.9578443609221918,1.8505651950836182,1.8505651950836182,32520,0.0,0.0
2016-07-25 00:00:00-04:00,1.8505656122826775,1.8773853778170029,1.8237458467483518,1.823745846748352,21120,0.0,0.0
2016-07-26 00:00:00-04:00,1.796925548220981,1.8773849545715864,1.796925548220981,1.8505651950836182,21340,0.0,0.0
2016-07-27 00:00:00-04:00,1.8237458467483518,1.8773853778170029,1.8237458467483518,1.823745846748352,8940,0.0,0.0
2016-07-28 00:00:00-04:00,1.850565068729679,1.8773848263864326,1.79692542552948,1.79692542552948,25100,0.0,0.0
2016-07-29 00:00:00-04:00,1.79692542552948,1.850565068729679,1.7701056678727265,1.79692542552948,19720,0.0,0.0
2016-08-01 00:00:00-04:00,1.727193863916459,1.8773846180109321,1.727193863916459,1.775469422340393,71900,0.0,0.2
2016-08-02 00:00:00-04:00,1.8022891054119927,1.8934763955875025,1.8022891054119927,1.8773845434188843,103600,0.0,0.0
2016-08-03 00:00:00-04:00,1.888112635664029,1.888112635664029,1.8344731230148692,1.8398370742797852,34300,0.0,0.0
2016-08-04 00:00:00-04:00,1.839836888358775,1.882748494141757,1.839836888358775,1.8773845434188843,31300,0.0,0.0
2016-08-05 00:00:00-04:00,1.8505655430709067,2.0222121639576787,1.818381825633398,1.9095690250396729,123400,0.0,0.0
2016-08-08 00:00:00-04:00,1.8720210781395046,1.9739362961889235,1.8559292217980237,1.9310245513916016,92100,0.0,0.0
2016-08-09 00:00:00-04:00,1.8773845434188843,1.9256600999247389,1.8559287405273932,1.8773845434188843,46900,0.0,0.0
2016-08-10 00:00:00-04:00,1.8934767669537287,1.9202965258282325,1.872020959854126,1.872020959854126,16600,0.0,0.0
2016-08-11 00:00:00-04:00,1.8881128811021848,1.9202965928752815,1.882748929140002,1.8988407850265503,27400,0.0,0.0
2016-08-12 00:00:00-04:00,1.9739364727635518,2.0007562357317963,1.9524806623889563,1.957844614982605,40000,0.0,0.0
2016-08-15 00:00:00-04:00,1.9846643435618976,2.000756201064015,1.96857248605978,1.9739364385604858,72700,0.0,0.0
2016-08-16 00:00:00-04:00,1.9578440974963203,2.0007557069033575,1.920296311378479,1.920296311378479,39000,0.0,0.0
2016-08-17 00:00:00-04:00,1.909568688950916,1.9202965928752815,1.8559291693290878,1.8988407850265503,70800,0.0,0.0
2016-08-18 00:00:00-04:00,1.89884111922717,1.957844729082661,1.888113213414667,1.9095690250396729,29600,0.0,0.0
2016-08-19 00:00:00-04:00,1.8881130107128183,1.9095688200343963,1.872021153721635,1.893476963043213,21200,0.0,0.0
2016-08-22 00:00:00-04:00,1.8827488634039273,1.9149325740533316,1.872020959854126,1.872020959854126,27100,0.0,0.0
2016-08-23 00:00:00-04:00,1.893476555499081,1.9685719998480795,1.893476555499081,1.920296311378479,26700,0.0,0.0
2016-08-24 00:00:00-04:00,1.9846644011926016,2.032939975100781,1.9310247467412387,1.947116732597351,63900,0.0,0.0
2016-08-25 00:00:00-04:00,1.947116447721226,1.963208303336273,1.8237454267858297,1.9149326086044312,33100,0.0,0.0
2016-08-26 00:00:00-04:00,1.9363880013704844,1.9792997350401393,1.8720205926960114,1.8773845434188843,35600,0.0,0.0
2016-08-29 00:00:00-04:00,1.8827490468268342,1.9793003160680516,1.8773850945293615,1.9524805545806885,88500,0.0,0.0
2016-08-30 00:00:00-04:00,1.9417528538514195,2.0061204203051295,1.9417528538514195,1.963208794593811,30700,0.0,0.0
2016-08-31 00:00:00-04:00,1.9846643779508495,1.9900283305444983,1.9310247241276433,1.957844614982605,44900,0.0,0.0
2016-09-01 00:00:00-04:00,1.9524802646208421,1.9953918766278855,1.9417522337323898,1.9793000221252441,30200,0.0,0.0
2016-09-02 00:00:00-04:00,1.990028432934162,2.0973076182135166,1.9846644800645303,2.0758516788482666,204400,0.0,0.0
2016-09-06 00:00:00-04:00,2.156311114682895,2.360141580911124,2.134855303056076,2.279682159423828,416000,0.0,0.0
2016-09-07 00:00:00-04:00,2.258225796878792,2.279681603271239,2.2260420872901223,2.26358962059021,94800,0.0,0.0
2016-09-08 00:00:00-04:00,2.2206787300076907,2.4137813061133286,2.2045869978667456,2.408417224884033,251900,0.0,0.0
2016-09-09 00:00:00-04:00,2.344048796033037,2.344048796033037,2.2367697744330624,2.252861499786377,86600,0.0,0.0
2016-09-12 00:00:00-04:00,2.204586860379784,2.247498484444123,2.15094733029936,2.2099506855010986,185400,0.0,0.0
2016-09-13 00:00:00-04:00,2.1777672641781094,2.1992230791336778,2.03830433908017,2.0812160968780518,91500,0.0,0.0
2016-09-14 00:00:00-04:00,2.091944004355836,2.118763773050296,2.0275764316023857,2.0812160968780518,87400,0.0,0.0
2016-09-15 00:00:00-04:00,2.0919434250009585,2.1670387565481137,2.0597595835940394,2.129491090774536,50400,0.0,0.0
2016-09-16 00:00:00-04:00,2.1724031423315293,2.231406497533268,2.161675236315445,2.2099506855010986,103700,0.0,0.0
2016-09-19 00:00:00-04:00,2.2796817253576562,2.3225933404406445,2.258225917816162,2.258225917816162,90500,0.0,0.0
2016-09-20 00:00:00-04:00,2.236770006820481,2.3333211362915605,2.236770006820481,2.3118653297424316,48800,0.0,0.0
2016-09-21 00:00:00-04:00,2.3601417726877267,2.408417224884033,2.3494138660026063,2.408417224884033,82000,0.0,0.0
2016-09-22 00:00:00-04:00,2.419144825236391,2.483512250390865,2.3923249368686546,2.440600633621216,296900,0.0,0.0
2016-09-23 00:00:00-04:00,2.349413295242934,2.3923249115585916,2.327957487085105,2.3440492153167725,73700,0.0,0.0
2016-09-26 00:00:00-04:00,2.317229392344714,2.344049022448578,2.26358962059021,2.26358962059021,54600,0.0,0.0
2016-09-27 00:00:00-04:00,2.1992226804355823,2.2045867610887626,2.1080354834057857,2.145583152770996,160900,0.0,0.0
2016-09-28 00:00:00-04:00,2.150947308858309,2.172403120676603,2.097307651425848,2.161675214767456,32600,0.0,0.0
2016-09-29 00:00:00-04:00,2.145582925357716,2.1938586230257577,2.14021897315979,2.14021897315979,110300,0.0,0.0
2016-09-30 00:00:00-04:00,2.1455824983581495,2.1938581864186846,2.102670889314725,2.1724023818969727,37800,0.0,0.0
2016-10-03 00:00:00-04:00,2.1402189952072144,2.1831307411193848,2.134855042954032,2.1831307411193848,17500,0.0,0.0
2016-10-04 00:00:00-04:00,2.23140623421792,2.2635899484683604,2.2153145049794123,2.2206783294677734,28600,0.0,0.0
2016-10-05 00:00:00-04:00,2.2528622670035796,2.3118658768640565,2.2474984419836,2.279682159423828,87000,0.0,0.0
2016-10-06 00:00:00-04:00,2.3118651716223826,2.349412958401971,2.306501348238654,2.3279571533203125,59400,0.0,0.0
2016-10-07 00:00:00-04:00,2.3279576327426654,2.3279576327426654,2.2099504247176265,2.2206783294677734,27500,0.0,0.0
2016-10-10 00:00:00-04:00,2.274317304106372,2.3118650895530446,2.24749767659306,2.252861499786377,55100,0.0,0.0
2016-10-11 00:00:00-04:00,2.215313968943259,2.2260418710975918,2.1187627216675846,2.124126672744751,69400,0.0,0.0
2016-10-12 00:00:00-04:00,2.1080353148590687,2.1241271718718293,2.0919434578463076,2.1133992671966553,31800,0.0,0.0
2016-10-13 00:00:00-04:00,2.0704873138652533,2.0704873138652533,2.032939651251384,2.0436675548553467,91500,0.0,0.0
2016-10-14 00:00:00-04:00,2.059759420982322,2.0865793080185244,2.0114838545132168,2.0383036136627197,55400,0.0,0.0
2016-10-17 00:00:00-04:00,2.0329397374914966,2.038303689521024,2.000756025314331,2.000756025314331,13900,0.0,0.0
2016-10-18 00:00:00-04:00,2.0436678272468014,2.081215622751949,2.016848064662207,2.027575969696045,22900,0.0,0.0
2016-10-19 00:00:00-04:00,2.0436678272468014,2.0758515423483144,2.027575969696045,2.027575969696045,30200,0.0,0.0
2016-10-20 00:00:00-04:00,1.99002787399917,2.0168476308145182,1.9685720685468913,2.006119728088379,30800,0.0,0.0
2016-10-21 00:00:00-04:00,1.9578448413798963,1.9846646074494703,1.9363889006375046,1.963208794593811,32800,0.0,0.0
2016-10-24 00:00:00-04:00,1.9578445068781611,1.9578445068781611,1.9202967129091424,1.9524805545806885,44500,0.0,0.0
2016-10-25 00:00:00-04:00,1.9256600999247389,1.9256600999247389,1.8773845434188843,1.8773845434188843,41800,0.0,0.0
2016-10-26 00:00:00-04:00,1.877385307602164,1.9471168232701581,1.877385307602164,1.9095690250396729,31400,0.0,0.0
2016-10-27 00:00:00-04:00,1.909568688950916,1.9417524007240128,1.877384977177819,1.8988407850265503,25700,0.0,0.0
2016-10-28 00:00:00-04:00,1.9793005944531399,2.027576171920267,1.9793005944531399,1.9900285005569458,39600,0.0,0.0
2016-10-31 00:00:00-04:00,2.01684798215036,2.01684798215036,1.9363885698015602,1.9524805545806885,35100,0.0,0.0
2016-11-01 00:00:00-04:00,2.0007553644494736,2.0007553644494736,1.9417517837273022,1.968571662902832,25300,0.0,0.0
2016-11-02 00:00:00-04:00,1.963208303336273,1.963208303336273,1.9042047048610662,1.9149326086044312,21500,0.0,0.0
2016-11-03 00:00:00-04:00,1.9417520761489868,1.9846638125602083,1.9417520761489868,1.9417520761489868,17600,0.0,0.0
2016-11-04 00:00:00-04:00,1.9578444398474426,1.9632083919612695,1.9256605992777744,1.9310245513916016,12000,0.0,0.0
2016-11-07 00:00:00-05:00,1.8988408387086395,1.9524804877336155,1.8988408387086395,1.9310245513916016,20700,0.0,0.0
2016-11-08 00:00:00-05:00,1.9471162630946126,2.0114836794514486,1.9471162630946126,2.006119728088379,26100,0.0,0.0
2016-11-09 00:00:00-05:00,1.9846643056864735,2.0543956868648925,1.9524805912964338,2.0490317344665527,57000,0.0,0.0
2016-11-10 00:00:00-05:00,2.097307403820236,2.349413418695306,2.091943451498924,2.2314062118530273,423600,0.0,0.0
2016-11-11 00:00:00-05:00,2.22067802402194,2.3386852158155373,2.2153142002713526,2.3118653297424316,424300,0.0,0.0
2016-11-14 00:00:00-05:00,2.3225933404406445,2.3225933404406445,2.1884944154196058,2.258225917816162,287300,0.0,0.0
2016-11-15 00:00:00-05:00,2.333320771367794,2.354776574561305,2.231405578311942,2.24749755859375,483800,0.0,0.0
2016-11-16 00:00:00-05:00,2.4406005552835643,2.724890135144157,2.3118654533333047,2.424508571624756,1568400,0.0,0.0
2016-11-17 00:00:00-05:00,2.451328665256065,2.4942402842566525,2.193858695479119,2.2206783294677734,872800,0.0,0.0
2016-11-18 00:00:00-05:00,2.2904096075406835,2.360141109280002,2.236770089192515,2.268953800201416,253600,0.0,0.0
2016-11-21 00:00:00-05:00,2.301137807640789,2.317229793104894,2.263590012073499,2.295773983001709,238200,0.0,0.0
2016-11-22 00:00:00-05:00,2.3225934301250812,2.333321334310075,2.1831306757201663,2.2153143882751465,346700,0.0,0.0
2016-11-23 00:00:00-05:00,2.1884948321231232,2.301137971050647,2.1831310071031433,2.279682159423828,170200,0.0,0.0
2016-11-25 00:00:00-05:00,2.1026713625214817,2.150947061446476,2.075851472946835,2.1133992671966553,200300,0.0,0.0
2016-11-28 00:00:00-05:00,2.1348551348872222,2.2153145500364917,2.1348551348872222,2.1992225646972656,140000,0.0,0.0
2016-11-29 00:00:00-05:00,2.209950330148723,2.231406138730873,2.183130697307743,2.2045865058898926,119200,0.0,0.0
2016-11-30 00:00:00-05:00,2.29577336419973,2.317229168519725,2.2421335976263794,2.252861499786377,184300,0.0,0.0
2016-12-01 00:00:00-05:00,2.3333214572310266,2.344049361981173,2.1777667104671865,2.2206783294677734,226400,0.0,0.0
2016-12-02 00:00:00-05:00,2.2635907430666538,2.3172305414202286,2.2421349260346295,2.2850468158721924,161100,0.0,0.0
2016-12-05 00:00:00-05:00,2.3065018653869633,2.333321499865668,2.2904098800809964,2.306501865386963,154500,0.0,0.0
2016-12-06 00:00:00-05:00,2.3601408777824626,2.386960506439209,2.3494129751650896,2.386960506439209,145500,0.0,0.0
2016-12-07 00:00:00-05:00,2.365505023474601,2.3762329275535157,2.3386853911640193,2.3440492153167725,117700,0.0,0.0
2016-12-08 00:00:00-05:00,2.263589741814835,2.274317645585582,2.226042206503921,2.258225917816162,82300,0.0,0.0
2016-12-09 00:00:00-05:00,2.2314070175186176,2.290410642243441,2.226043191147369,2.2850468158721924,126500,0.0,0.0
2016-12-12 00:00:00-05:00,2.2850456994427155,2.3333211362915605,2.252861733845633,2.3118653297424316,179300,0.0,0.0
2016-12-13 00:00:00-05:00,2.2582263477970095,2.306502051844077,2.2153147245433717,2.279682159423828,247000,0.0,0.0
2016-12-14 00:00:00-05:00,2.1831302624802613,2.193858164634594,2.1187627216675846,2.124126672744751,95400,0.0,0.0
2016-12-15 00:00:00-05:00,2.161674932106654,2.231406183511319,2.161674932106654,2.1831307411193848,80800,0.0,0.0
2016-12-16 00:00:00-05:00,2.268953361787261,2.2957732436658245,2.2421334799086976,2.24749755859375,156800,0.0,0.0
2016-12-19 00:00:00-05:00,2.2635899484683604,2.2635899484683604,2.1777667104671865,2.2206783294677734,126800,0.0,0.0
2016-12-20 00:00:00-05:00,2.2206782790049537,2.2206782790049537,2.1670387564731275,2.1831307411193848,133200,0.0,0.0
2016-12-21 00:00:00-05:00,2.274317645585582,2.3065016126712243,2.226042206503921,2.258225917816162,145800,0.0,0.0
2016-12-22 00:00:00-05:00,2.3118656125644272,2.344049326325314,2.2743178186233495,2.290409803390503,123500,0.0,0.0
2016-12-23 00:00:00-05:00,2.4030525074817692,2.440600294829729,2.4030525074817692,2.4352362155914307,93800,0.0,0.0
2016-12-27 00:00:00-05:00,2.4674201312464987,2.574699423075806,2.4674201312464987,2.563971519470215,86500,0.0,0.0
2016-12-28 00:00:00-05:00,2.5425154473157123,2.5425154473157123,2.4566922187805176,2.4566922187805176,62500,0.0,0.0
2016-12-29 00:00:00-05:00,2.531788324661019,2.57470020793788,2.5156965922339873,2.5425162315368652,66300,0.0,0.0
2016-12-30 00:00:00-05:00,2.5425156599311323,2.58542753356059,2.510331946539102,2.526423931121826,96400,0.0,0.0
2017-01-03 00:00:00-05:00,2.521059785738867,2.5586075782775874,2.494240153159847,2.558607578277588,69100,0.0,0.0
2017-01-04 00:00:00-05:00,2.5746998556698166,2.6068835718940093,2.5425158836721833,2.585427761077881,107900,0.0,0.0
2017-01-05 00:00:00-05:00,2.6497948521318815,2.86435318842333,2.6497948521318815,2.805349588394165,331400,0.0,0.0
2017-01-06 00:00:00-05:00,2.730254225895194,2.7785296655182563,2.7034343382808452,2.7678017616271973,159600,0.0,0.0
2017-01-09 00:00:00-05:00,2.6337029394436637,2.724890254017002,2.5854274979080367,2.7141623497009277,82000,0.0,0.0
2017-01-10 00:00:00-05:00,2.6873425721476725,2.6873425721476725,2.601519086465227,2.6122469902038574,85200,0.0,0.0
2017-01-11 00:00:00-05:00,2.553243532729804,2.6337026792652494,2.526423646702396,2.6068830490112305,109100,0.0,0.0
2017-01-12 00:00:00-05:00,2.6497949669671335,2.703434489421242,2.62833915798549,2.69270658493042,78700,0.0,0.0
2017-01-13 00:00:00-05:00,2.6658861068855133,2.7946211881094305,2.6658861068855133,2.6873421669006348,117400,0.0,0.0
2017-01-17 00:00:00-05:00,2.6337030156341124,2.6819787143397225,2.612247206381268,2.6229751110076904,104400,0.0,0.0
2017-01-18 00:00:00-05:00,2.660522108347838,2.799984826726818,2.6497942069340703,2.7248895168304443,240000,0.0,0.0
2017-01-19 00:00:00-05:00,2.714162200318298,2.79462160614722,2.7034342965926683,2.789257526397705,249700,0.0,0.0
2017-01-20 00:00:00-05:00,2.810714171457966,3.014544658760988,2.810714171457966,2.9394493103027344,666800,0.0,0.0
2017-01-23 00:00:00-05:00,3.014544218515712,3.266650378039519,2.998452488368582,3.1915547847747803,753500,0.0,0.0
2017-01-24 00:00:00-05:00,3.111095384169111,3.1593708266858367,3.068183510259304,3.1325511932373047,456600,0.0,0.0
2017-01-25 00:00:00-05:00,3.180826323810521,3.298833517886045,3.1432787895101773,3.223738193511963,400800,0.0,0.0
2017-01-26 00:00:00-05:00,3.105731375298809,3.1647349794773154,3.057455675900629,3.1593708992004395,400300,0.0,0.0
2017-01-27 00:00:00-05:00,3.035999568702718,3.052091552182326,2.9394484351452697,2.955540418624878,245700,0.0,0.0
2017-01-30 00:00:00-05:00,2.9769959449768066,2.982359768447926,2.9072644494386255,2.9769959449768066,122800,0.0,0.0
2017-01-31 00:00:00-05:00,2.90190082379377,2.9340845369712882,2.8321695731291885,2.928720712661743,182000,0.0,0.0
2017-02-01 00:00:00-05:00,2.9930885126299978,3.0574559470197196,2.9716327011667567,3.0306363105773926,134000,0.0,0.0
2017-02-02 00:00:00-05:00,2.9340849208666873,2.9823606248360615,2.9126291092743983,2.971632719039917,279600,0.0,0.0
2017-02-03 00:00:00-05:00,2.928720883184689,2.9716325032532156,2.9019009927551442,2.960904598236084,147100,0.0,0.0
2017-02-06 00:00:00-05:00,2.917992450289297,2.9555402389434056,2.885808741060083,2.934084177017212,109400,0.0,0.0
2017-02-07 00:00:00-05:00,2.9394487882018208,2.987724488665629,2.9233568027894075,2.960904598236084,90500,0.0,0.0
2017-02-08 00:00:00-05:00,2.885809276982307,2.907265087119664,2.853625561776271,2.9019010066986084,93100,0.0,0.0
2017-02-09 00:00:00-05:00,3.014544342224494,3.030636328805435,2.9555409882324253,2.971632719039917,167400,0.0,0.0
2017-02-10 00:00:00-05:00,3.100367708378777,3.159371059782841,3.068183736628548,3.084275722503662,327100,0.0,0.0
2017-02-13 00:00:00-05:00,3.1164590218594226,3.1271869257508693,3.03599961478687,3.052091598510742,182700,0.0,0.0
2017-02-14 00:00:00-05:00,3.046728187969127,3.4382971496850527,2.9984527377393966,3.229102849960327,1764600,0.0,0.0
2017-02-15 00:00:00-05:00,3.1271865979337607,3.1754622882713233,3.089639066136437,3.0950028896331787,570600,0.0,0.0
2017-02-16 00:00:00-05:00,3.213009532237513,3.213009532237513,3.084274710567639,3.1164584159851074,406500,0.0,0.0
2017-02-17 00:00:00-05:00,3.1218231461725576,3.170098586485209,3.0950032581751006,3.1486427783966064,181500,0.0,0.0
2017-02-21 00:00:00-05:00,3.486572643535337,3.5026646298150466,3.390021493177414,3.481208562850952,504100,0.0,0.0
2017-02-22 00:00:00-05:00,3.4114761157815257,3.4812073499694747,3.3739283313931256,3.42220401763916,275900,0.0,0.0
2017-02-23 00:00:00-05:00,3.5563041930684016,3.588487910173622,3.4543889610151464,3.5670320987701416,465300,0.0,0.0
2017-02-24 00:00:00-05:00,3.48657142878497,3.5026634094581,3.3900203120662558,3.42220401763916,209600,0.0,0.0
2017-02-27 00:00:00-05:00,3.314925499823971,3.4114768943510647,3.2720138826001133,3.3900210857391357,326900,0.0,0.0
2017-02-28 00:00:00-05:00,3.481208171430728,3.6689468819001063,3.481208171430728,3.6635828018188477,487300,0.0,0.0
2017-03-01 00:00:00-05:00,3.6689473646061477,3.803046314999373,3.6474915530051075,3.7118589878082275,485100,0.0,0.0
2017-03-02 00:00:00-05:00,3.6689452091232937,3.9049592538513775,3.6206695334958927,3.803044080734253,614600,0.0,0.0
2017-03-03 00:00:00-05:00,3.701130362064029,3.8352292863723387,3.674310474893007,3.770861864089966,509900,0.0,0.0
2017-03-06 00:00:00-05:00,3.733315229818382,3.749406962487632,3.668947787594422,3.685039520263672,278000,0.0,0.0
2017-03-07 00:00:00-05:00,3.7064941566717526,3.760133930588868,3.6689466218578493,3.6743104457855225,180600,0.0,0.0
2017-03-08 00:00:00-05:00,3.6743102731195827,3.6957660793688025,3.5509392592998763,3.583122968673706,235700,0.0,0.0
2017-03-09 00:00:00-05:00,3.5777595362171297,3.5777595362171297,3.4704802374669232,3.508028030395508,139000,0.0,0.0
2017-03-10 00:00:00-05:00,3.604578771424793,3.6474906396549738,3.5831229651963956,3.6421265602111816,160600,0.0,0.0
2017-03-13 00:00:00-04:00,3.6743110677436754,3.711858864686769,3.6528552568543193,3.658219337463379,247600,0.0,0.0
2017-03-14 00:00:00-04:00,3.8191376852544927,3.8835051139807826,3.7333144469527726,3.765498161315918,597200,0.0,0.0
2017-03-15 00:00:00-04:00,4.028332569581732,4.21607104790556,4.00151267734685,4.151703357696533,824200,0.0,0.0
2017-03-16 00:00:00-04:00,4.157067052938678,4.3179858798779325,4.108791353702217,4.275074005126953,600900,0.0,0.0
2017-03-17 00:00:00-04:00,4.350168862493353,4.452084330077133,4.3448052943679905,4.382352828979492,628300,0.0,0.0
2017-03-20 00:00:00-04:00,4.317986152101241,4.409173476064074,4.269710449821285,4.3716254234313965,363500,0.0,0.0
2017-03-21 00:00:00-04:00,4.291165556294862,4.307257283897864,4.012239805366632,4.0766072273254395,540400,0.0,0.0
2017-03-22 00:00:00-04:00,3.9693291425244928,4.071244379617344,3.9264175175956,4.065880298614502,420500,0.0,0.0
2017-03-23 00:00:00-04:00,3.899597716590961,4.028332850203515,3.8888698101043704,4.022968769073486,543900,0.0,0.0
2017-03-24 00:00:00-04:00,4.0444234952948435,4.124882900211261,4.0229676880869185,4.087335109710693,306700,0.0,0.0
2017-03-27 00:00:00-04:00,3.8888696713448123,4.044424437736728,3.8781417652410064,3.9800570011138916,398600,0.0,0.0
2017-03-28 00:00:00-04:00,4.25898258950577,4.430629333828561,4.194615156299765,4.350169658660889,1047300,0.0,0.0
2017-03-29 00:00:00-04:00,4.2160702605733835,4.258981875516884,4.146338758403494,4.173158645629883,771800,0.0,0.0
2017-03-30 00:00:00-04:00,4.183888008711672,4.194615916189456,4.108792400593693,4.1624321937561035,303500,0.0,0.0
2017-03-31 00:00:00-04:00,4.0497874173565345,4.157066449220615,4.0497874173565345,4.103426933288574,260700,0.0,0.0
2017-04-03 00:00:00-04:00,4.248253345489502,4.307256679451649,4.194613834717839,4.248253345489502,369400,0.0,0.0
2017-04-04 00:00:00-04:00,4.11951990324232,4.226799223251211,4.081972358646654,4.18925142288208,394900,0.0,0.0
2017-04-05 00:00:00-04:00,4.167794814388731,4.269710033843155,4.098063308060954,4.114155292510986,537300,0.0,0.0
2017-04-06 00:00:00-04:00,4.264346017599212,4.6398229321371405,4.258982193217857,4.4842681884765625,1592800,0.0,0.0
2017-04-07 00:00:00-04:00,4.5915475923858615,4.757829979268313,4.425264693956588,4.666642665863037,2127300,0.0,0.0
2017-04-10 00:00:00-04:00,4.6666425544362315,4.8543812567401226,4.6344590984421306,4.768558025360107,777000,0.0,0.0
2017-04-11 00:00:00-04:00,4.7310099940913695,4.7363740739576,4.570091690478943,4.650550842285156,425000,0.0,0.0
2017-04-12 00:00:00-04:00,4.639823024699973,4.645187104961759,4.403809120196746,4.441356658935547,545000,0.0,0.0
2017-04-13 00:00:00-04:00,4.414536144592871,4.494995802495457,4.344805157242784,4.387716770172119,383800,0.0,0.0
2017-04-17 00:00:00-04:00,4.360897135024031,4.446720365818872,4.360897135024031,4.43599271774292,237800,0.0,0.0
2017-04-18 00:00:00-04:00,4.323349411701648,4.360896945657233,4.060515395145599,4.130246639251709,1544700,0.0,0.0
2017-04-19 00:00:00-04:00,4.2428898280753735,4.275073538797909,3.974691982947506,4.028331756591797,978800,0.0,0.0
2017-04-20 00:00:00-04:00,4.087335283101103,4.157066787371665,3.894233010038112,4.001512050628662,1274400,0.0,0.0
2017-04-21 00:00:00-04:00,4.0015116354738645,4.044423247258027,3.94250804138395,3.969327926635742,506400,0.0,0.0
2017-04-24 00:00:00-04:00,4.167794428980685,4.21070604251472,4.04978749176209,4.130246639251709,630400,0.0,0.0
2017-04-25 00:00:00-04:00,4.081971189483657,4.162430592501681,4.033695496518163,4.0712432861328125,294000,0.0,0.0
2017-04-26 00:00:00-04:00,4.232161977425698,4.275073592259037,4.1946144423332274,4.242889881134033,411000,0.0,0.0
2017-04-27 00:00:00-04:00,4.114154733542819,4.194614133314556,4.0819710247888,4.157066345214844,414100,0.0,0.0
2017-04-28 00:00:00-04:00,4.135610803815224,4.232161936250886,4.081971285795411,4.087335109710693,500200,0.0,0.0
2017-05-01 00:00:00-04:00,4.092699030102167,4.1892501587798385,4.076607047435861,4.103426933288574,145600,0.0,0.0
2017-05-02 00:00:00-04:00,4.006876491984759,4.0712441820276,3.9800568555925686,3.9961485862731934,675200,0.0,0.0
2017-05-03 00:00:00-04:00,3.856685406702858,3.856685406702858,3.5938513607319833,3.631399154663086,799200,0.0,0.0
2017-05-04 00:00:00-04:00,3.513391752538581,3.513391752538581,3.2398298371540872,3.2666497230529785,914200,0.0,0.0
2017-05-05 00:00:00-04:00,3.4758439034448845,3.5563033039795138,3.4222043883462594,3.5348474979400635,475900,0.0,0.0
2017-05-08 00:00:00-04:00,3.6957662812907817,3.7279499924230013,3.5402115495983537,3.604578971862793,617300,0.0,0.0
2017-05-09 00:00:00-04:00,3.583123372495159,3.620671165549659,3.4704802491050746,3.5563037395477295,292700,0.0,0.0
2017-05-10 00:00:00-04:00,3.502663823125825,3.6313986606211435,3.4919359200012154,3.583122968673706,301400,0.0,0.0
2017-05-11 00:00:00-04:00,3.5616673749388696,3.5616673749388696,3.4490242575226846,3.475844144821167,328600,0.0,0.0
2017-05-12 00:00:00-04:00,3.449024431535233,3.4651164158808867,3.363201197087518,3.3900210857391357,384000,0.0,0.0
2017-05-15 00:00:00-04:00,3.406112499855518,3.4275683064866245,3.266649756753327,3.314925193786621,392000,0.0,0.0
2017-05-16 00:00:00-04:00,3.3256536521804594,3.341745637726366,3.245194491771226,3.3310177326202393,372900,0.0,0.0
2017-05-17 00:00:00-04:00,3.3041968132727884,3.3041968132727884,3.21300952037333,3.2451934814453125,308400,0.0,0.0
2017-05-18 00:00:00-04:00,3.3739296229011466,3.4329332335908345,3.3310179990444473,3.368565797805786,443500,0.0,0.0
2017-05-19 00:00:00-04:00,3.4651168383202244,3.540212177616999,3.43293312147875,3.529484272003174,362500,0.0,0.0
2017-05-22 00:00:00-04:00,3.5777591243516,3.615306657184363,3.540211335745453,3.59385085105896,335600,0.0,0.0
2017-05-23 00:00:00-04:00,3.5938516490218695,3.6957668786330315,3.5670320132968953,3.658219337463379,365100,0.0,0.0
2017-05-24 00:00:00-04:00,3.545575767310183,3.5563036714383798,3.2827417325092383,3.363201141357422,955300,0.0,0.0
2017-05-25 00:00:00-04:00,3.3578376462500863,3.4061130916712905,3.2773782295168328,3.3202898502349854,424300,0.0,0.0
2017-05-26 00:00:00-04:00,3.3363818454084804,3.4382970806045545,3.320290114246364,3.4168412685394287,331900,0.0,0.0
2017-05-30 00:00:00-04:00,3.3363812843487475,3.3578373485791877,3.272013858977665,3.2934696674346924,413500,0.0,0.0
2017-05-31 00:00:00-04:00,3.1700990850884567,3.1915548965516973,3.0199084048457725,3.0306363105773926,649200,0.0,0.0
2017-06-01 00:00:00-04:00,3.041363920115578,3.1325512378404916,3.009180206055036,3.111095428466797,636300,0.0,0.0
2017-06-02 00:00:00-04:00,3.1540069797369434,3.1754627886516094,3.0091801416762376,3.0359997749328613,571100,0.0,0.0
2017-06-05 00:00:00-04:00,3.0199082605756224,3.068183706174926,2.976996639699159,3.0467278957366943,221600,0.0,0.0
2017-06-06 00:00:00-04:00,3.0145439660181954,3.0413638550482367,2.912628745786822,3.0359997749328613,356300,0.0,0.0
2017-06-07 00:00:00-04:00,3.0681840676090975,3.0896401363483044,2.9501770962975216,2.993088722229004,361100,0.0,0.0
2017-06-08 00:00:00-04:00,2.9394484797638496,3.078911230352657,2.9126285921485304,3.052091598510742,575900,0.0,0.0
2017-06-09 00:00:00-04:00,3.137914919243267,3.3846569715654917,3.1325510950310855,3.352473258972168,755900,0.0,0.0
2017-06-12 00:00:00-04:00,3.4597523358411975,3.5026642088384694,3.3739291013934825,3.3900210857391357,435800,0.0,0.0
2017-06-13 00:00:00-04:00,3.4061131020814517,3.4758446138482886,3.3417456708074957,3.4275689125061035,327200,0.0,0.0
2017-06-14 00:00:00-04:00,3.5348480084399645,3.577759626716126,3.454388596285452,3.465116500854492,447400,0.0,0.0
2017-06-15 00:00:00-04:00,3.395384457272591,3.4114764394725765,3.250557640566242,3.2612855434417725,268500,0.0,0.0
2017-06-16 00:00:00-04:00,3.239830433501732,3.3417456605940616,3.223738703619142,3.3202898502349854,233900,0.0,0.0
2017-06-19 00:00:00-04:00,3.373929002137564,3.432932601971278,3.3363812102845807,3.3846569061279297,312600,0.0,0.0
2017-06-20 00:00:00-04:00,3.3471094852971133,3.384657281312214,3.298834039875909,3.3202898502349854,117700,0.0,0.0
2017-06-21 00:00:00-04:00,3.2934691303164616,3.37929260592139,3.2666495020057855,3.325652837753296,168100,0.0,0.0
2017-06-22 00:00:00-04:00,3.3846569278017378,3.4168406399789246,3.3578372955407865,3.373929023742676,131800,0.0,0.0
2017-06-23 00:00:00-04:00,3.3900208795009914,3.4490242217075116,3.368565072194366,3.438296318054199,181200,0.0,0.0
2017-06-26 00:00:00-04:00,3.3685651995998485,3.406112735919862,3.2934696154130045,3.373929023742676,343300,0.0,0.0
2017-06-27 00:00:00-04:00,3.540211300959981,3.583122912789145,3.4812077068081897,3.5455753803253174,384400,0.0,0.0
2017-06-28 00:00:00-04:00,3.5884884671716533,3.593852292968362,3.4543894971986027,3.4865732192993164,261000,0.0,0.0
2017-06-29 00:00:00-04:00,3.3846562525700556,3.4329319390916435,3.357836625659562,3.4114761352539062,265800,0.0,0.0
2017-06-30 00:00:00-04:00,3.4758441273339145,3.6206709553156027,3.4704800475918445,3.604578971862793,283700,0.0,0.0
2017-07-03 00:00:00-04:00,3.5777599187415734,3.7386785004117433,3.572395838132514,3.658219337463379,319500,0.0,0.0
2017-07-05 00:00:00-04:00,3.4490241131177313,3.4490241131177313,3.2988334666999863,3.314925193786621,446900,0.0,0.0
2017-07-06 00:00:00-04:00,3.395384596539965,3.4275683064866245,3.2934693871555147,3.314925193786621,267700,0.0,0.0
2017-07-07 00:00:00-04:00,3.2398303129395982,3.2559222979968,3.121823360356011,3.1593708992004395,377800,0.0,0.0
2017-07-10 00:00:00-04:00,3.272013858977665,3.2988337474356553,3.250558050520637,3.2934696674346924,199400,0.0,0.0
2017-07-11 00:00:00-04:00,3.4865719222527116,3.545575518707384,3.438296229174035,3.5402114391326904,366500,0.0,0.0
2017-07-12 00:00:00-04:00,3.588487048122704,3.615306678047536,3.5455754356242646,3.583122968673706,204500,0.0,0.0
2017-07-13 00:00:00-04:00,3.6099428303831522,3.6743102487030774,3.583122944863158,3.6528544425964355,153300,0.0,0.0
2017-07-14 00:00:00-04:00,3.647491139425964,3.6850386775836457,3.5992154409107497,3.631399154663086,73500,0.0,0.0
2017-07-17 00:00:00-04:00,3.808408594066496,3.8620481012952235,3.727949205336732,3.7547690868377686,314600,0.0,0.0
2017-07-18 00:00:00-04:00,3.8352294143059575,3.8513211425266305,3.7064943096735323,3.717222213745117,318900,0.0,0.0
2017-07-19 00:00:00-04:00,3.73331401615845,3.776225630357656,3.7118582090588474,3.744041919708252,203300,0.0,0.0
2017-07-20 00:00:00-04:00,3.808409369031515,3.808409369031515,3.652854638528035,3.6743104457855225,225400,0.0,0.0
2017-07-21 00:00:00-04:00,3.7011299739405192,3.7011299739405192,3.63139847922706,3.6689462661743164,137100,0.0,0.0
2017-07-24 00:00:00-04:00,3.6743102487030774,3.695766054809719,3.6099428303831522,3.6528544425964355,96000,0.0,0.0
2017-07-25 00:00:00-04:00,3.7762259662239868,3.9103249004102745,3.770862141858713,3.867413282394409,299400,0.0,0.0
2017-07-26 00:00:00-04:00,3.77086164638049,3.7869533731353324,3.7279497782296778,3.760133743286133,152700,0.0,0.0
2017-07-27 00:00:00-04:00,3.717222027197451,3.717222027197451,3.604578912212068,3.62603497505188,186300,0.0,0.0
2017-07-28 00:00:00-04:00,3.6904027462005615,3.7494060933416122,3.6743107614880985,3.6904027462005615,76800,0.0,0.0
2017-07-31 00:00:00-04:00,3.8352295908781704,3.87814120914014,3.8191376061432214,3.8566854000091553,172300,0.0,0.0
2017-08-01 00:00:00-04:00,4.044423337876637,4.12488273966139,4.039059514170127,4.103426933288574,309700,0.0,0.0
2017-08-02 00:00:00-04:00,4.162430678495733,4.232161923830141,4.108790904859948,4.2053422927856445,274600,0.0,0.0
2017-08-03 00:00:00-04:00,4.1892496248450035,4.20534160546033,3.974691332689677,4.006875038146973,228400,0.0,0.0
2017-08-04 00:00:00-04:00,4.237526078516673,4.275073613798321,4.194614463467131,4.232161998748779,289000,0.0,0.0
2017-08-07 00:00:00-04:00,4.3340771662613955,4.355532973557866,4.210706146419991,4.301893711090088,367200,0.0,0.0
2017-08-08 00:00:00-04:00,4.328713847020481,4.355533738739496,4.25898258894324,4.291166305541992,153000,0.0,0.0
2017-08-09 00:00:00-04:00,4.334077927673661,4.360897819392676,4.264346413822977,4.291166305541992,235600,0.0,0.0
2017-08-10 00:00:00-04:00,4.393080814589317,4.425264783550289,4.258982137527876,4.28043794631958,250100,0.0,0.0
2017-08-11 00:00:00-04:00,4.199978578875312,4.312621704082754,4.1624310409884435,4.258982181549072,208200,0.0,0.0
2017-08-14 00:00:00-04:00,4.484267656829183,4.511087542876493,4.419900237243705,4.446720123291016,235100,0.0,0.0
2017-08-15 00:00:00-04:00,4.516451868726382,4.516451868726382,4.419900478308782,4.43599271774292,349100,0.0,0.0
2017-08-16 00:00:00-04:00,4.661279248142725,4.698827301762812,4.607639975402009,4.6398234367370605,395500,0.0,0.0
2017-08-17 00:00:00-04:00,4.473540766108834,4.559364006741169,4.301894284844163,4.376989364624023,682400,0.0,0.0
2017-08-18 00:00:00-04:00,4.613003400743172,4.693462554196381,4.5754553524577615,4.666642665863037,343100,0.0,0.0
2017-08-21 00:00:00-04:00,4.682734298388916,4.720282345905719,4.618366874634583,4.650550842285156,250700,0.0,0.0
2017-08-22 00:00:00-04:00,4.553999544100451,4.666642665863037,4.553999544100451,4.666642665863037,174600,0.0,0.0
2017-08-23 00:00:00-04:00,4.688097853431562,4.806105039543899,4.6183663576173055,4.790013313293457,386400,0.0,0.0
2017-08-24 00:00:00-04:00,4.720281755564925,4.811469055699285,4.709553597174179,4.773921012878418,241300,0.0,0.0
2017-08-25 00:00:00-04:00,4.956296817069267,5.337137836155251,4.956296817069267,5.272770404815674,677200,0.0,0.0
2017-08-28 00:00:00-04:00,5.133305704290582,5.160125586474456,5.036754844594025,5.047482490539551,357700,0.0,0.0
2017-08-29 00:00:00-04:00,4.988479633022698,5.031391243976063,4.918748137336794,4.929475784301758,323800,0.0,0.0
2017-08-30 00:00:00-04:00,4.913384017683473,4.972387865919289,4.838288954905889,4.950931549072266,231600,0.0,0.0
2017-08-31 00:00:00-04:00,5.036756607859914,5.085031798835002,4.977752744090001,4.993844985961914,315400,0.0,0.0
2017-09-01 00:00:00-04:00,4.988480385119178,5.047483731189102,4.934840607567007,5.015300273895264,197300,0.0,0.0
2017-09-05 00:00:00-04:00,5.085031268547524,5.160126854811197,4.950932336213926,5.015300273895264,293300,0.0,0.0
2017-09-06 00:00:00-04:00,5.08503089408531,5.117214860555949,5.047483359491894,5.090394973754883,187500,0.0,0.0
2017-09-07 00:00:00-04:00,5.213765477984792,5.224493124191922,5.079666575342001,5.1011223793029785,153300,0.0,0.0
2017-09-08 00:00:00-04:00,5.181583171790385,5.208403063197266,5.133307469567376,5.170855522155762,134600,0.0,0.0
2017-09-11 00:00:00-04:00,5.181582972926024,5.213766943688466,5.138671352940675,5.16012716293335,171300,0.0,0.0
2017-09-12 00:00:00-04:00,4.967024351311215,5.020663614885723,4.865108880890079,4.908020496368408,192300,0.0,0.0
2017-09-13 00:00:00-04:00,4.800741993191228,4.800741993191228,4.65591540268329,4.709554672241211,408700,0.0,0.0
2017-09-14 00:00:00-04:00,4.768557992275678,4.865108871134916,4.747102184579535,4.849017143249512,171400,0.0,0.0
2017-09-15 00:00:00-04:00,4.806106798856417,4.838290774685249,4.75783109088664,4.816834449768066,218800,0.0,0.0
2017-09-18 00:00:00-04:00,4.682733461742863,4.741737306635786,4.629094207304512,4.704189777374268,185900,0.0,0.0
2017-09-19 00:00:00-04:00,4.741737544095158,4.752465190901365,4.677370128617677,4.7149176597595215,122200,0.0,0.0
2017-09-20 00:00:00-04:00,4.865109070956149,4.934840576719347,4.816833373770332,4.859745502471924,193100,0.0,0.0
2017-09-21 00:00:00-04:00,4.816832689660151,4.816832689660151,4.666642050949286,4.672006130218506,235100,0.0,0.0
2017-09-22 00:00:00-04:00,4.811469121937686,4.822196768929371,4.650550324688382,4.672006130218506,166000,0.0,0.0
2017-09-25 00:00:00-04:00,4.537907602735635,4.553999330361659,4.323349529232663,4.360897064208984,374500,0.0,0.0
2017-09-26 00:00:00-04:00,4.275074005126953,4.296530070389155,4.199978671916233,4.275074005126953,273100,0.0,0.0
2017-09-27 00:00:00-04:00,4.167794513495102,4.323349499370406,4.151702530206831,4.264345645904541,290900,0.0,0.0
2017-09-28 00:00:00-04:00,4.328713086550579,4.3823528605651525,4.269709744371984,4.301893711090088,183200,0.0,0.0
2017-09-29 00:00:00-04:00,4.242889827402618,4.253617730975096,4.199978213112707,4.2053422927856445,155300,0.0,0.0
2017-10-02 00:00:00-04:00,4.1248836056267235,4.1999789436968635,4.1248836056267235,4.146339416503906,141700,0.0,0.0
2017-10-03 00:00:00-04:00,4.317985638131714,4.39844479132334,4.312621558173119,4.393080711364746,231700,0.0,0.0
2017-10-04 00:00:00-04:00,4.452084445630251,4.484267901404913,4.409172830232831,4.43599271774292,178300,0.0,0.0
2017-10-05 00:00:00-04:00,4.543272296946917,4.60227564725386,4.511088325795123,4.532544136047363,246200,0.0,0.0
2017-10-06 00:00:00-04:00,4.446720250404977,4.446720250404977,4.366261101509819,4.382352828979492,147200,0.0,0.0
2017-10-09 00:00:00-04:00,4.382353877665087,4.398445608985469,4.317986440836647,4.339442253112793,106100,0.0,0.0
2017-10-10 00:00:00-04:00,4.414536580265202,4.4467205489118395,4.398444851715296,4.409173011779785,83200,0.0,0.0
2017-10-11 00:00:00-04:00,4.409172951240527,4.430628759528083,4.3716249030771905,4.393080711364746,67500,0.0,0.0
2017-10-12 00:00:00-04:00,4.3662618543811975,4.414537045114273,4.339441962942679,4.3716254234313965,66200,0.0,0.0
2017-10-13 00:00:00-04:00,4.473539002108144,4.564726287209852,4.462810845485984,4.548634052276611,148500,0.0,0.0
2017-10-16 00:00:00-04:00,4.602275942101294,4.607640022894724,4.554000238054227,4.559364318847656,164700,0.0,0.0
2017-10-17 00:00:00-04:00,4.5754544914994195,4.580818570466099,4.430627940226135,4.505722999572754,617800,0.0,0.0
2017-10-18 00:00:00-04:00,4.548635291171164,4.57009161025946,4.462812061005188,4.516451835632324,233200,0.0,0.0
2017-10-19 00:00:00-04:00,4.425264929697039,4.457448899720903,4.334077611434079,4.441356658935547,448900,0.0,0.0
2017-10-20 00:00:00-04:00,4.441356614420808,4.484268232991302,4.414536724927539,4.462812423706055,226100,0.0,0.0
2017-10-23 00:00:00-04:00,4.516451593757584,4.559363206542478,4.494995787365138,4.52717924118042,256300,0.0,0.0
2017-10-24 00:00:00-04:00,4.521814999066064,4.537906723574522,4.478903392679041,4.4949951171875,226400,0.0,0.0
2017-10-25 00:00:00-04:00,4.489632173516388,4.527179710710667,4.4199006676221355,4.468176364898682,202100,0.0,0.0
2017-10-26 00:00:00-04:00,4.462811850300691,4.494995815866818,4.430628396281341,4.446720123291016,53800,0.0,0.0
2017-10-27 00:00:00-04:00,4.414536501763539,4.516451974376555,4.4091729333735,4.511087894439697,166300,0.0,0.0
2017-10-30 00:00:00-04:00,4.409173156266361,4.478904664330123,4.409173156266361,4.462812423706055,93000,0.0,0.0
2017-10-31 00:00:00-04:00,4.3501694291502835,4.414536858960328,4.2965301600820105,4.398445129394531,256800,0.0,0.0
2017-11-01 00:00:00-04:00,4.334077019745545,4.376988632887836,4.296529486132736,4.3287129402160645,132600,0.0,0.0
2017-11-02 00:00:00-04:00,4.17852258682251,4.2053424748012205,4.124883066638495,4.17852258682251,257400,0.0,0.0
2017-11-03 00:00:00-04:00,4.194614423356652,4.194614423356652,4.044423516346035,4.0766072273254395,379000,0.0,0.0
2017-11-06 00:00:00-05:00,4.242890659905353,4.462812854179047,4.242890659905353,4.425265312194824,565800,0.0,0.0
2017-11-07 00:00:00-05:00,4.409172715793476,4.43599260260746,4.328713055351525,4.382352828979492,206200,0.0,0.0
2017-11-08 00:00:00-05:00,4.387716791946798,4.398444439458981,4.301893565662217,4.3287129402160645,285000,0.0,0.0
2017-11-09 00:00:00-05:00,4.216070629718137,4.291165962444355,4.210706549493839,4.2267985343933105,125600,0.0,0.0
2017-11-10 00:00:00-05:00,4.253618168194534,4.301894122892952,4.221434454169012,4.2267985343933105,138800,0.0,0.0
2017-11-13 00:00:00-05:00,4.16779424813285,4.2214337627228815,4.140974362951144,4.157066345214844,113300,0.0,0.0
2017-11-14 00:00:00-05:00,4.060515941729956,4.060515941729956,3.8674133990599553,3.872777223587036,441900,0.0,0.0
2017-11-15 00:00:00-05:00,3.845957825343865,3.85668573082958,3.760134581458142,3.8137741088867188,414000,0.0,0.0
2017-11-16 00:00:00-05:00,3.937145009147639,3.953236738914381,3.856685592993631,3.878141403198242,232400,0.0,0.0
2017-11-17 00:00:00-05:00,3.931780338287354,3.9425082417786856,3.856685013848031,3.9317803382873535,306400,0.0,0.0
2017-11-20 00:00:00-05:00,4.049788025234759,4.157067073201558,3.996148245477934,4.0980634689331055,496500,0.0,0.0
2017-11-21 00:00:00-05:00,4.199978266300695,4.3072573033840404,4.173158634916558,4.242889881134033,375500,0.0,0.0
2017-11-22 00:00:00-05:00,4.360896489298547,4.360896489298547,4.269709192194587,4.344804763793945,176800,0.0,0.0
2017-11-24 00:00:00-05:00,4.3501696125899585,4.387717665222636,4.3501696125899585,4.3716254234313965,77100,0.0,0.0
2017-11-27 00:00:00-05:00,4.376988749307337,4.409172715793476,4.3448052943679905,4.382352828979492,235600,0.0,0.0
2017-11-28 00:00:00-05:00,4.344805325683029,4.355532973557866,4.258981840723749,4.301893711090088,121300,0.0,0.0
2017-11-29 00:00:00-05:00,4.237526328736172,4.296529930800066,4.2214343442556865,4.28043794631958,214600,0.0,0.0
2017-11-30 00:00:00-05:00,4.25898258950577,4.425265253174672,4.25898258950577,4.350169658660889,401100,0.0,0.0
2017-12-01 00:00:00-05:00,4.50036040055873,4.586183636306504,4.484268160195895,4.543272018432617,288000,0.0,0.0
2017-12-04 00:00:00-05:00,4.548635660847042,4.548635660847042,4.414536724927539,4.462812423706055,322100,0.0,0.0
2017-12-05 00:00:00-05:00,4.366260985375653,4.376988632887836,4.323349372233363,4.3287129402160645,229900,0.0,0.0
2017-12-06 00:00:00-05:00,4.339442008899998,4.376989550383446,4.296530386762662,4.350169658660889,182800,0.0,0.0
2017-12-07 00:00:00-05:00,4.323349137068517,4.371624315567622,4.301893331664442,4.3179850578308105,120800,0.0,0.0
2017-12-08 00:00:00-05:00,4.409172830232831,4.45744852544163,4.409172830232831,4.43599271774292,134800,0.0,0.0
2017-12-11 00:00:00-05:00,4.494996792664006,4.731010715765056,4.494996792664006,4.661279201507568,820400,0.0,0.0
2017-12-12 00:00:00-05:00,4.655915396312973,4.693462936106831,4.586183885590906,4.591547966003418,400000,0.0,0.0
2017-12-13 00:00:00-05:00,4.4252642344439135,4.516451538380439,4.382352622185169,4.489631652832031,341100,0.0,0.0
2017-12-14 00:00:00-05:00,4.285801410675049,4.3716246386337465,4.264345603685375,4.285801410675049,262800,0.0,0.0
2017-12-15 00:00:00-05:00,4.317986014576009,4.473540766108834,4.317986014576009,4.376989364624023,309300,0.0,0.0
2017-12-18 00:00:00-05:00,4.382353399828736,4.457448990380549,4.355533509521169,4.398445129394531,272400,0.0,0.0
2017-12-19 00:00:00-05:00,4.376988632887836,4.403808518988462,4.307257133644919,4.3287129402160645,144300,0.0,0.0
2017-12-20 00:00:00-05:00,4.2321630485762505,4.237527129674754,4.183887597557041,4.18925142288208,275400,0.0,0.0
2017-12-21 00:00:00-05:00,4.291165562433819,4.371624712110734,4.269709755083522,4.360897064208984,322900,0.0,0.0
2017-12-22 00:00:00-05:00,4.285801909871342,4.312621799619025,4.242890290893787,4.275074005126953,122100,0.0,0.0
2017-12-26 00:00:00-05:00,4.28043794631958,4.3233498196764035,4.232162248651538,4.28043794631958,178300,0.0,0.0
2017-12-27 00:00:00-05:00,4.301894896319212,4.312622547149658,4.264346839545303,4.312622547149658,218000,0.0,0.0
2017-12-28 00:00:00-05:00,4.3287129187342,4.403808497133926,4.269709578843059,4.387716770172119,213600,0.0,0.0
2017-12-29 00:00:00-05:00,4.3716254234313965,4.430629286905513,4.360897773784118,4.3716254234313965,200100,0.0,0.0
2018-01-02 00:00:00-05:00,4.334076983648401,4.5486350475728665,4.328712904163596,4.52717924118042,321000,0.0,0.0
2018-01-03 00:00:00-05:00,4.725646868190158,4.763194407675376,4.6612789268628445,4.731010437011719,284900,0.0,0.0
2018-01-04 00:00:00-05:00,4.757830527692087,4.832926121372174,4.7417387974559535,4.800742149353027,177300,0.0,0.0
2018-01-05 00:00:00-05:00,4.763194091787357,4.843653245790277,4.752465931761993,4.822197437286377,322600,0.0,0.0
2018-01-08 00:00:00-05:00,4.908020746182198,4.983116332864975,4.886564937350952,4.956296443939209,225100,0.0,0.0
2018-01-09 00:00:00-05:00,4.934840029447675,4.934840029447675,4.784649386062078,4.843652725219727,126900,0.0,0.0
2018-01-10 00:00:00-05:00,4.881200769726204,4.913384223249732,4.806105192260021,4.843652725219727,155000,0.0,0.0
2018-01-11 00:00:00-05:00,4.68809905913876,4.7524664922416004,4.6559155983607825,4.720283031463623,162700,0.0,0.0
2018-01-12 00:00:00-05:00,4.747102544011815,4.795377731323242,4.731010303361161,4.795377731323242,173600,0.0,0.0
2018-01-16 00:00:00-05:00,4.816832623347911,4.89729227663827,4.741737560799672,4.773921012878418,215600,0.0,0.0
2018-01-17 00:00:00-05:00,4.720283124335908,4.757830666497931,4.677371501423055,4.736374855041504,99500,0.0,0.0
2018-01-18 00:00:00-05:00,4.720282345905719,4.720282345905719,4.629095034367045,4.650550842285156,125500,0.0,0.0
2018-01-19 00:00:00-05:00,4.752465269980085,4.816832686528609,4.731009464463911,4.790013313293457,100400,0.0,0.0
2018-01-22 00:00:00-05:00,4.886564910079419,5.015300273895264,4.886564910079419,5.015300273895264,302200,0.0,0.0
2018-01-23 00:00:00-05:00,4.983116332864975,4.983116332864975,4.838289751140775,4.956296443939209,367100,0.0,0.0
2018-01-24 00:00:00-05:00,4.95629619166823,4.977751999407394,4.881201120354558,4.908020496368408,138300,0.0,0.0
2018-01-25 00:00:00-05:00,4.988480264788749,5.015300152917895,4.891928872142554,4.9026570320129395,206100,0.0,0.0
2018-01-26 00:00:00-05:00,4.945569375494686,5.03675670161198,4.945569375494686,5.009936809539795,334300,0.0,0.0
2018-01-29 00:00:00-05:00,4.983115414352986,5.020662945000015,4.902656273953142,4.934839725494385,178200,0.0,0.0
2018-01-30 00:00:00-05:00,4.82219780332377,4.843653613456312,4.6827347816888185,4.709554672241211,175000,0.0,0.0
2018-01-31 00:00:00-05:00,4.741737544095158,4.800740880396162,4.6720060494412,4.7149176597595215,183900,0.0,0.0
2018-02-01 00:00:00-05:00,4.725646495819092,4.763194032345641,4.666642639509577,4.725646495819092,169900,0.0,0.0
2018-02-02 00:00:00-05:00,4.784649237138343,4.82756084819859,4.666642050949286,4.672006130218506,150600,0.0,0.0
2018-02-05 00:00:00-05:00,4.580819769629752,4.63982311906891,4.334077699584488,4.398445129394531,277700,0.0,0.0
2018-02-06 00:00:00-05:00,4.307257460760485,4.543271862514024,4.291165732496731,4.511087894439697,233000,0.0,0.0
2018-02-07 00:00:00-05:00,4.473539731687207,4.532543068091814,4.441355768118584,4.4574480056762695,241100,0.0,0.0
2018-02-08 00:00:00-05:00,4.4252644999491215,4.4252644999491215,4.237526057166566,4.242889881134033,234200,0.0,0.0
2018-02-09 00:00:00-05:00,4.3340778823456,4.414537045114273,4.210706842120609,4.3716254234313965,157900,0.0,0.0
2018-02-12 00:00:00-05:00,4.489632111211,4.629095121064092,4.489632111211,4.607639312744141,299600,0.0,0.0
2018-02-13 00:00:00-05:00,4.51108775586025,4.548635291171164,4.489631948318756,4.516451835632324,149500,0.0,0.0
2018-02-14 00:00:00-05:00,4.409172292428178,4.655914306640625,4.398444134113977,4.655914306640625,160300,0.0,0.0
2018-02-15 00:00:00-05:00,4.672006365072813,4.704190330759213,4.591547218176986,4.68273401260376,85200,0.0,0.0
2018-02-16 00:00:00-05:00,4.688098430633545,4.763194014959354,4.677370782328039,4.688098430633545,197300,0.0,0.0
2018-02-20 00:00:00-05:00,5.063575987886002,5.138671581980944,4.983116824713972,4.993844985961914,540900,0.0,0.0
2018-02-21 00:00:00-05:00,5.052848338184943,5.063575987886002,4.972389175012913,4.993844985961914,256200,0.0,0.0
2018-02-22 00:00:00-05:00,5.004571059319969,5.0367550213795855,4.9938434129979115,5.020662784576416,284200,0.0,0.0
2018-02-23 00:00:00-05:00,4.983116917467609,5.01530089026361,4.983116917467609,5.009936809539795,171400,0.0,0.0
2018-02-26 00:00:00-05:00,4.972387984888636,5.015299596515887,4.918748214581192,5.004571437835693,152800,0.0,0.0
2018-02-27 00:00:00-05:00,4.983116332864975,4.9992080616017,4.929476555013443,4.956296443939209,160000,0.0,0.0
2018-02-28 00:00:00-05:00,4.988480496609958,4.993844576794426,4.849017481094828,4.854381561279297,109100,0.0,0.0
2018-03-01 00:00:00-05:00,4.875837604548523,4.934840954769771,4.811470173885289,4.865109443664551,185800,0.0,0.0
2018-03-02 00:00:00-05:00,4.794599879400751,4.9410410069346815,4.745785997806233,4.908498764038086,100800,0.1,0.0
2018-03-05 00:00:00-05:00,4.913922636520764,4.973583759911606,4.903074877404452,4.924769878387451,261600,0.0,0.0
2018-03-06 00:00:00-05:00,5.000703049462784,5.01697417221845,4.968160286701783,4.9898552894592285,198300,0.0,0.0
2018-03-07 00:00:00-05:00,4.9030756852813795,4.984431823060224,4.881380680723707,4.919346809387207,235400,0.0,0.0
2018-03-08 00:00:00-05:00,4.930194377899171,4.984431628551989,4.88680437047704,4.93019437789917,124500,0.0,0.0
2018-03-09 00:00:00-05:00,5.027822066924427,5.071212073601796,5.000703183438652,5.011550426483154,199600,0.0,0.0
2018-03-12 00:00:00-04:00,5.011550503261711,5.060364390834015,4.924770488577477,4.946465492248535,338300,0.0,0.0
2018-03-13 00:00:00-04:00,4.827144011275367,4.92477181266852,4.816296765148254,4.8922295570373535,245800,0.0,0.0
2018-03-14 00:00:00-04:00,4.886803832448433,4.913922713413945,4.810871069194926,4.843413829803467,197900,0.0,0.0
2018-03-15 00:00:00-04:00,4.778330484780295,4.778330484780295,4.653583795929146,4.6807026863098145,206800,0.0,0.0
2018-03-16 00:00:00-04:00,4.664429983501912,4.7620572317475505,4.642734981975144,4.6915483474731445,274300,0.0,0.0
2018-03-19 00:00:00-04:00,4.566802988745001,4.6210407603404375,4.517989097759053,4.55053186416626,207000,0.0,0.0
2018-03-20 00:00:00-04:00,4.561377389417714,4.577648507865531,4.517987395390517,4.523411273956299,99800,0.0,0.0
2018-03-21 00:00:00-04:00,4.528836037728851,4.686124926133526,4.528836037728851,4.588497161865234,301500,0.0,0.0
2018-03-22 00:00:00-04:00,4.507141379324923,4.52341250219081,4.425784730496149,4.431208610534668,168200,0.0,0.0
2018-03-23 00:00:00-04:00,4.404089656677288,4.458327421689804,4.268495761395661,4.3010382652282715,282900,0.0,0.0
2018-03-26 00:00:00-04:00,4.436632701491932,4.44747994483498,4.30646241925233,4.387818813323975,190200,0.0,0.0
2018-03-27 00:00:00-04:00,4.501717437486199,4.550531322663406,4.3010382754381435,4.344428539276123,286200,0.0,0.0
2018-03-28 00:00:00-04:00,4.366122964094444,4.366122964094444,4.122053829131984,4.154596328735352,335700,0.0,0.0
2018-03-29 00:00:00-04:00,4.192563317826754,4.3390047166693515,4.1708683149333945,4.311885833740234,167300,0.0,0.0
2018-04-02 00:00:00-04:00,4.290191327111316,4.311886332514228,4.116631283888017,4.176292419433594,134700,0.0,0.0
2018-04-03 00:00:00-04:00,4.203410901737504,4.23052978519865,4.116630888461581,4.170868396759033,176200,0.0,0.0
2018-04-04 00:00:00-04:00,3.7966295008319353,4.019003431692136,3.7966295008319353,3.9864609241485596,242300,0.0,0.0
2018-04-05 00:00:00-04:00,4.122054310210056,4.181715695758278,4.111206809076273,4.1383256912231445,110700,0.0,0.0
2018-04-06 00:00:00-04:00,4.067817196751717,4.084088579333659,3.888833281474618,3.9484946727752686,141100,0.0,0.0
2018-04-09 00:00:00-04:00,4.029851786043199,4.062394300465664,3.986461766813246,4.008156776428223,136900,0.0,0.0
2018-04-10 00:00:00-04:00,4.192563400035994,4.252224788475013,4.176292018234502,4.23052978515625,152500,0.0,0.0
2018-04-11 00:00:00-04:00,4.181715763664913,4.23595327021459,4.1383257584251725,4.149173259735107,95100,0.0,0.0
2018-04-12 00:00:00-04:00,4.23595325756305,4.333580769060883,4.23595325756305,4.3010382652282715,132300,0.0,0.0
2018-04-13 00:00:00-04:00,4.355275974329011,4.371547614939915,4.263072338490813,4.33358097076416,254200,0.0,0.0
2018-04-16 00:00:00-04:00,4.279343884907197,4.311886393471621,4.219682748518188,4.246801376342773,128800,0.0,0.0
2018-04-17 00:00:00-04:00,4.393242762756586,4.420361130165816,4.301038606641185,4.339004993438721,255600,0.0,0.0
2018-04-18 00:00:00-04:00,4.604768771055006,4.604768771055006,4.480022629947948,4.572226524353027,324300,0.0,0.0
2018-04-19 00:00:00-04:00,4.572226787087254,4.577650150349437,4.463751245848162,4.5125651359558105,147400,0.0,0.0
2018-04-20 00:00:00-04:00,4.501717576238507,4.55053146292026,4.463750932569545,4.485446453094482,114100,0.0,0.0
2018-04-23 00:00:00-04:00,4.561379108135513,4.593921874542719,4.52883685897803,4.55053186416626,174900,0.0,0.0
2018-04-24 00:00:00-04:00,4.664429988838858,4.707819991942041,4.496293338876798,4.5396833419799805,285400,0.0,0.0
2018-04-25 00:00:00-04:00,4.528836663361807,4.53968390686253,4.431208885606795,4.458327770233154,173200,0.0,0.0
2018-04-26 00:00:00-04:00,4.463750999774328,4.501717644014905,4.4203609925705445,4.4366326332092285,138900,0.0,0.0
2018-04-27 00:00:00-04:00,4.463751193334467,4.469175073782555,4.3878189360600635,4.425785064697266,75300,0.0,0.0
2018-04-30 00:00:00-04:00,4.398666392367785,4.43663304009026,4.355276381184728,4.382395267486572,215700,0.0,0.0
2018-05-01 00:00:00-04:00,4.344429762443014,4.431209797302083,4.295615863522337,4.371548652648926,101900,0.0,0.0
2018-05-02 00:00:00-04:00,4.3823948566831605,4.501717634876178,4.3823948566831605,4.452903747558594,155700,0.0,0.0
2018-05-03 00:00:00-04:00,4.4962936873232096,4.528836450797361,4.447479800736821,4.501717567443848,110500,0.0,0.0
2018-05-04 00:00:00-04:00,4.474599006871957,4.5125651359558105,4.463751245848162,4.5125651359558105,106700,0.0,0.0
2018-05-07 00:00:00-04:00,4.577649252995024,4.659005892976039,4.577649252995024,4.599344253540039,174400,0.0,0.0
2018-05-08 00:00:00-04:00,4.637311307643517,4.6644301900653415,4.588497422734165,4.648158550262451,72100,0.0,0.0
2018-05-09 00:00:00-04:00,4.680700996344507,4.762057120863103,4.680700996344507,4.756633758544922,117900,0.0,0.0
2018-05-10 00:00:00-04:00,4.756633806224923,4.783752169836537,4.740362167358398,4.740362167358398,120200,0.0,0.0
2018-05-11 00:00:00-04:00,4.778328880536141,4.816295003972697,4.756633878965303,4.810871124267578,97400,0.0,0.0
2018-05-14 00:00:00-04:00,4.7512108109949756,4.810871946195354,4.740363049731419,4.789176940917969,162100,0.0,0.0
2018-05-15 00:00:00-04:00,4.621039922371208,4.621039922371208,4.528836037728851,4.588497161865234,171100,0.0,0.0
2018-05-16 00:00:00-04:00,4.496293338876798,4.555954463831265,4.452903335773615,4.5396833419799805,161200,0.0,0.0
2018-05-17 00:00:00-04:00,4.490870151079278,4.566802926833535,4.447480141291051,4.48002290725708,156500,0.0,0.0
2018-05-18 00:00:00-04:00,4.393242937305531,4.49629408240418,4.376971295513858,4.463751316070557,77200,0.0,0.0
2018-05-21 00:00:00-04:00,4.490869188558662,4.539683068420649,4.490869188558662,4.496293067932129,89300,0.0,0.0
2018-05-22 00:00:00-04:00,4.653581624649989,4.707819380104944,4.604767748190442,4.63731050491333,130300,0.0,0.0
2018-05-23 00:00:00-04:00,4.469174869547499,4.583073767503792,4.447479865996285,4.572226524353027,136200,0.0,0.0
2018-05-24 00:00:00-04:00,4.501717912151194,4.534260160867506,4.447480141291051,4.48002290725708,171700,0.0,0.0
2018-05-25 00:00:00-04:00,4.463751133358665,4.4800227744843015,4.4095138813556485,4.458327770233154,62200,0.0,0.0
2018-05-29 00:00:00-04:00,4.409513607630262,4.452903613439074,4.404089727591743,4.431208610534668,198200,0.0,0.0
2018-05-30 00:00:00-04:00,4.3498529270271815,4.4691751966677815,4.328157663263145,4.463751316070557,294100,0.0,0.0
2018-05-31 00:00:00-04:00,4.675277842595198,4.718667851374527,4.5396839358473695,4.696972846984863,212500,0.0,0.0
2018-06-01 00:00:00-04:00,4.648158913205965,4.702396682284677,4.561378896479787,4.593921661376953,209900,0.0,0.0
2018-06-04 00:00:00-04:00,4.653582021807676,4.745785903600454,4.631887021224058,4.734938144683838,283700,0.0,0.0
2018-06-05 00:00:00-04:00,4.745785903600454,4.78375202530938,4.718667023558528,4.734938144683838,110500,0.0,0.0
2018-06-06 00:00:00-04:00,4.7891760014525095,4.821718761609723,4.664429874890714,4.756633758544922,216900,0.0,0.0
2018-06-07 00:00:00-04:00,4.783752169836537,4.8000238087030604,4.729514925363679,4.740362167358398,84500,0.0,0.0
2018-06-08 00:00:00-04:00,4.696973312578668,4.772906094094285,4.659007180445737,4.713244438171387,98500,0.0,0.0
2018-06-11 00:00:00-04:00,4.664429727926409,4.794599729954686,4.637310848191449,4.767480850219727,179000,0.0,0.0
2018-06-12 00:00:00-04:00,4.718667851374527,4.740362855764192,4.675277842595198,4.696972846984863,83200,0.0,0.0
2018-06-13 00:00:00-04:00,4.729894905806535,4.850611629253237,4.729894905806535,4.812201976776123,190300,0.1,0.0
2018-06-14 00:00:00-04:00,4.949379999418752,4.987789652627827,4.899995860554353,4.938405513763428,251300,0.0,0.0
2018-06-15 00:00:00-04:00,5.048147956243454,5.097532097087742,5.01522554454213,5.042660713195801,336500,0.0,0.0
2018-06-18 00:00:00-04:00,4.949381167835043,5.042661701464935,4.92743219134283,5.0316877365112305,171400,0.0,0.0
2018-06-19 00:00:00-04:00,4.916456956259174,5.00973798908301,4.878047303905453,4.960353851318359,138200,0.0,0.0
2018-06-20 00:00:00-04:00,4.910969878888295,5.0316866060112835,4.910969878888295,4.976815223693848,221600,0.0,0.0
2018-06-21 00:00:00-04:00,4.954867022713347,4.954867022713347,4.878047711585771,4.8835344314575195,120000,0.0,0.0
2018-06-22 00:00:00-04:00,4.927431028108105,4.993276895455488,4.927431028108105,4.938405513763428,122100,0.0,0.0
2018-06-25 00:00:00-04:00,4.8560985296822725,4.872559733398975,4.768304222177989,4.83963680267334,93100,0.0,0.0
2018-06-26 00:00:00-04:00,4.812201577278028,4.839636742031351,4.768304162429818,4.80122709274292,75800,0.0,0.0
2018-06-27 00:00:00-04:00,4.845125027122337,4.867073477624327,4.724408287715221,4.790253639221191,293600,0.0,0.0
2018-06-28 00:00:00-04:00,4.713434631686788,4.79025395181045,4.653075996398343,4.773792743682861,281700,0.0,0.0
2018-06-29 00:00:00-04:00,4.7189221512350095,4.806715964102049,4.696973698018249,4.768305778503418,371900,0.0,0.0
2018-07-02 00:00:00-04:00,4.631125943661732,4.675023355648938,4.5982035387865645,4.669536113739014,262700,0.0,0.0
2018-07-03 00:00:00-04:00,4.751844127690168,4.795741030043103,4.740870163748111,4.757331371307373,84200,0.0,0.0
2018-07-05 00:00:00-04:00,4.86158632057685,4.883534771468913,4.801228211446764,4.817689418792725,116500,0.0,0.0
2018-07-06 00:00:00-04:00,4.762818468562957,4.839637783673755,4.713434324110394,4.790253639221191,102900,0.0,0.0
2018-07-09 00:00:00-04:00,4.762818336486816,4.80122799297709,4.735382643297054,4.762818336486816,84700,0.0,0.0
2018-07-10 00:00:00-04:00,4.790253724354559,4.8231766623388275,4.762818553208741,4.817689418792725,103700,0.0,0.0
2018-07-11 00:00:00-04:00,4.691486508570132,4.751844624796594,4.614666659769937,4.620153903961182,128800,0.0,0.0
2018-07-12 00:00:00-04:00,4.6914859095094235,4.724408323868175,4.63112727769781,4.642101764678955,126600,0.0,0.0
2018-07-13 00:00:00-04:00,4.65307438800924,4.724406962961688,4.6475876693915055,4.669536113739014,115800,0.0,0.0
2018-07-16 00:00:00-04:00,4.71892100677713,4.73538221187434,4.636613934706528,4.6640496253967285,160000,0.0,0.0
2018-07-17 00:00:00-04:00,4.658562382600233,4.7134337639806345,4.647588420299519,4.6640496253967285,95900,0.0,0.0
2018-07-18 00:00:00-04:00,4.685998853181306,4.768305415657915,4.685998853181306,4.746356964111328,133600,0.0,0.0
2018-07-19 00:00:00-04:00,4.735383114240666,4.762818810158965,4.685998966246204,4.7244086265563965,85400,0.0,0.0
2018-07-20 00:00:00-04:00,4.784767510885289,4.828664417318809,4.751844569413948,4.768305778503418,137600,0.0,0.0
2018-07-23 00:00:00-04:00,4.806715517277513,4.806715517277513,4.746356884072963,4.757331371307373,72000,0.0,0.0
2018-07-24 00:00:00-04:00,4.938405570047013,4.9877897094742485,4.938405570047013,4.976815223693848,121500,0.0,0.0
2018-07-25 00:00:00-04:00,4.927431194367164,4.982302577910668,4.889021539862087,4.954866886138916,373100,0.0,0.0
2018-07-26 00:00:00-04:00,4.927431226633803,4.954866918585215,4.883534328828465,4.943892955780029,70700,0.0,0.0
2018-07-27 00:00:00-04:00,4.92743121787611,4.938405703954089,4.872560357363111,4.905482769012451,76000,0.0,0.0
2018-07-30 00:00:00-04:00,4.938405570047013,4.9823024665840485,4.932918327156813,4.976815223693848,66400,0.0,0.0
2018-07-31 00:00:00-04:00,5.037173978721498,5.157890185663348,5.015225529887316,5.130455017089844,407200,0.0,0.0
2018-08-01 00:00:00-04:00,5.064609083023525,5.1139932230968075,5.031686671836197,5.053635120391846,59000,0.0,0.0
2018-08-02 00:00:00-04:00,5.026199428874212,5.08107081190948,5.004250980318563,5.053635120391846,71300,0.0,0.0
2018-08-03 00:00:00-04:00,5.064609759648318,5.152404088892404,4.960354745903734,5.0591230392456055,250100,0.0,0.0
2018-08-06 00:00:00-04:00,5.042659512791284,5.097530883621101,5.015224350668549,5.037172794342041,80300,0.0,0.0
2018-08-07 00:00:00-04:00,4.993276505199562,5.026198913007883,4.938405127796044,4.965840816497803,140000,0.0,0.0
2018-08-08 00:00:00-04:00,5.004250804017448,5.026199251799847,4.971328393989985,4.998763561248779,54400,0.0,0.0
2018-08-09 00:00:00-04:00,4.9823026016814085,5.004251050545069,4.8890215631877805,4.905482769012451,62000,0.0,0.0
2018-08-10 00:00:00-04:00,4.850613234526864,4.910971354579142,4.78476786993553,4.828664779663086,153200,0.0,0.0
2018-08-13 00:00:00-04:00,4.817689313732722,4.834151044012046,4.713434305092013,4.740869998931885,114400,0.0,0.0
2018-08-14 00:00:00-04:00,4.823177091388474,4.845125544232979,4.768305697631014,4.779280185699463,63100,0.0,0.0
2018-08-15 00:00:00-04:00,4.685998015607949,4.713433705960429,4.581743020219248,4.625639915466309,161300,0.0,0.0
2018-08-16 00:00:00-04:00,4.658562697648831,4.801227880252194,4.658562697648831,4.784766674041748,112700,0.0,0.0
2018-08-17 00:00:00-04:00,4.960354161633957,4.982302610536626,4.899996057974691,4.943892955780029,159600,0.0,0.0
2018-08-20 00:00:00-04:00,5.130454375374499,5.1414283367728215,4.982301971805398,5.026198863983154,798300,0.0,0.0
2018-08-21 00:00:00-04:00,5.16886443202748,5.366400462374647,5.16886443202748,5.322503566741943,365500,0.0,0.0
2018-08-22 00:00:00-04:00,5.3718878602402995,5.4541944111047735,5.344452168854712,5.426759243011475,127800,0.0,0.0
2018-08-23 00:00:00-04:00,5.311529305580943,5.338964471338302,5.190812587738037,5.190812587738037,170500,0.0,0.0
2018-08-24 00:00:00-04:00,5.273119648625685,5.311529826378157,5.267632928911585,5.27860689163208,102700,0.0,0.0
2018-08-27 00:00:00-04:00,5.251171985276733,5.311530620789948,5.218249568898956,5.262146472930908,102600,0.0,0.0
2018-08-28 00:00:00-04:00,5.284095239886716,5.311530937364987,5.245685577392578,5.245685577392578,102700,0.0,0.0
2018-08-29 00:00:00-04:00,5.256658166514355,5.306042304390804,5.223735756791567,5.284093856811523,101900,0.0,0.0
2018-08-30 00:00:00-04:00,5.229223479816221,5.2456852111292385,5.185326576232911,5.18532657623291,58400,0.0,0.0
2018-08-31 00:00:00-04:00,5.2017873922522995,5.2017873922522995,5.070096691426443,5.0755839347839355,81600,0.0,0.0
2018-09-04 00:00:00-04:00,5.092045700934043,5.130455885363589,5.00425189073917,5.064610004425049,170300,0.0,0.0
2018-09-05 00:00:00-04:00,5.031325526225603,5.053514372520056,4.948117484877362,4.981400489807129,87200,0.1,0.0
2018-09-06 00:00:00-04:00,5.009136742238888,5.047967620505059,4.909287197183754,4.998042583465576,180100,0.0,0.0
2018-09-07 00:00:00-04:00,4.89819270315733,4.942570398053806,4.8427203200248075,4.892645359039307,123900,0.0,0.0
2018-09-10 00:00:00-04:00,4.881551444818659,4.964759494669572,4.881551444818659,4.887098789215088,88400,0.0,0.0
2018-09-11 00:00:00-04:00,4.814984944404019,4.937023348129587,4.803890255506849,4.914834499359131,130100,0.0,0.0
2018-09-12 00:00:00-04:00,4.937023053935784,4.937023053935784,4.870456511591068,4.892645359039307,57800,0.0,0.0
2018-09-13 00:00:00-04:00,4.931476238841613,4.942570398053806,4.864909696496898,4.892645359039307,70700,0.0,0.0
2018-09-14 00:00:00-04:00,5.020232119060126,5.103440172863636,4.992495924784321,5.086798667907715,124800,0.0,0.0
2018-09-17 00:00:00-04:00,5.0812507332570895,5.1200810833202315,5.0424203831939485,5.070156574249268,60700,0.0,0.0
2018-09-18 00:00:00-04:00,5.120080354494421,5.203288915815927,5.120080354494421,5.186647415161133,126400,0.0,0.0
2018-09-19 00:00:00-04:00,5.108986492918877,5.147816839703254,5.092344991300401,5.1256279945373535,51200,0.0,0.0
2018-09-20 00:00:00-04:00,5.08679885485639,5.108987705287732,5.009137613834732,5.064610004425049,105300,0.0,0.0
2018-09-21 00:00:00-04:00,5.225477990922084,5.264308337176085,5.186647644668081,5.247666835784912,92600,0.0,0.0
2018-09-24 00:00:00-04:00,5.258761836393124,5.258761836393124,5.197742635498291,5.2310261726379395,81400,0.0,0.0
2018-09-25 00:00:00-04:00,5.203289622725191,5.292045010307259,5.186648119809514,5.219931125640869,92100,0.0,0.0
2018-09-26 00:00:00-04:00,5.336422196276478,5.4307249188643985,5.325328038396376,5.397441387176514,131100,0.0,0.0
2018-09-27 00:00:00-04:00,5.3586120210141095,5.3697067099469376,5.297592818955216,5.303140163421631,60400,0.0,0.0
2018-09-28 00:00:00-04:00,5.441820667013458,5.480651020702061,5.375253590656005,5.4695563316345215,145000,0.0,0.0
2018-10-01 00:00:00-04:00,5.4529154802012725,5.5194820355081005,5.4418213188287785,5.475104331970215,150800,0.0,0.0
2018-10-02 00:00:00-04:00,5.48065035628005,5.574953085826199,5.475103012418788,5.5194807052612305,116400,0.0,0.0
2018-10-03 00:00:00-04:00,5.425177277403033,5.425177277403033,5.364158089854831,5.402988433837891,126700,0.0,0.0
2018-10-04 00:00:00-04:00,5.308688038027095,5.314235383600288,5.170007572841234,5.20883846282959,179600,0.0,0.0
2018-10-05 00:00:00-04:00,5.1256279945373535,5.181100371964005,5.097891805824027,5.1256279945373535,135600,0.0,0.0
2018-10-08 00:00:00-04:00,5.042421071437963,5.1589126665512595,5.042421071437963,5.131176471710205,122000,0.0,0.0
2018-10-09 00:00:00-04:00,5.053515306446855,5.13672389219648,5.025779640220904,5.09234619140625,81300,0.0,0.0
2018-10-10 00:00:00-04:00,5.125629922694647,5.153366121841764,4.953666440225712,4.9592132568359375,115200,0.0,0.0
2018-10-11 00:00:00-04:00,4.853815078735351,4.920381622046572,4.776153847026996,4.853815078735352,106100,0.0,0.0
2018-10-12 00:00:00-04:00,5.03687363862134,5.06460983297757,4.975854434256757,5.0313262939453125,90800,0.0,0.0
2018-10-15 00:00:00-04:00,5.020231927786712,5.020231927786712,4.903740339485845,4.914834499359131,67400,0.0,0.0
2018-10-16 00:00:00-04:00,4.97030668891269,5.025779073153394,4.959212000455005,4.992495536804199,63500,0.0,0.0
2018-10-17 00:00:00-04:00,4.903739520267676,4.903739520267676,4.792795294949723,4.837172985076904,112400,0.0,0.0
2018-10-18 00:00:00-04:00,4.826079239444574,4.837173928652481,4.6652099490972185,4.670757293701172,89000,0.0,0.0
2018-10-19 00:00:00-04:00,4.7151338469582305,4.81498390947554,4.7151338469582305,4.748417377471924,99700,0.0,0.0
2018-10-22 00:00:00-04:00,4.659662537948888,4.731776429698732,4.593095990723778,4.681851387023926,94400,0.0,0.0
2018-10-23 00:00:00-04:00,4.287999113710378,4.360113004283398,4.182601950067951,4.321282386779785,382600,0.0,0.0
2018-10-24 00:00:00-04:00,4.304640443945465,4.304640443945465,4.11048764071958,4.116034984588623,99800,0.0,0.0
2018-10-25 00:00:00-04:00,4.199243146234977,4.2879985289837315,4.199243146234977,4.276904106140137,125100,0.0,0.0
2018-10-26 00:00:00-04:00,4.215885341262415,4.271357464599036,4.177054987182754,4.221432685852051,156900,0.0,0.0
2018-10-29 00:00:00-04:00,4.2436212462343,4.293546021581856,4.132676742603431,4.171507358551025,135800,0.0,0.0
2018-10-30 00:00:00-04:00,4.077204595833586,4.121582291184994,3.9718074371180276,4.032826900482178,235500,0.0,0.0
2018-10-31 00:00:00-04:00,4.16596056251543,4.249168615264387,4.099393749999536,4.221432685852051,276000,0.0,0.0
2018-11-01 00:00:00-04:00,4.193695802557227,4.3046402955050755,4.14931811118285,4.276904106140137,145400,0.0,0.0
2018-11-02 00:00:00-04:00,4.476604777439303,4.493246812413589,4.349019016780061,4.3545660972595215,314900,0.0,0.0
2018-11-05 00:00:00-05:00,4.410036958273724,4.426678723957366,4.349017767961452,4.360112190246582,130300,0.0,0.0
2018-11-06 00:00:00-05:00,4.337923564035858,4.371206832566641,4.260262339618793,4.276904106140137,255900,0.0,0.0
2018-11-07 00:00:00-05:00,4.188148757823532,4.271356797578617,4.165959911953922,4.243620872497559,394500,0.0,0.0
2018-11-08 00:00:00-05:00,4.099393477101811,4.116035245250924,4.021732509600453,4.027279853820801,110500,0.0,0.0
2018-11-09 00:00:00-05:00,3.9607131276943237,3.971807551852663,3.905241006902626,3.9329771995544434,90400,0.0,0.0
2018-11-12 00:00:00-05:00,3.988449847752163,3.9939969283088734,3.883052672054949,3.8996944427490234,87300,0.0,0.0
2018-11-13 00:00:00-05:00,3.8608632916515044,3.899693908274413,3.761013474707942,3.7665605545043945,124100,0.0,0.0
2018-11-14 00:00:00-05:00,3.6999944189446277,3.7166359246857956,3.5613139700457253,3.60569167137146,248900,0.0,0.0
2018-11-15 00:00:00-05:00,3.694445521119655,3.744370546381873,3.638973417779331,3.7055399417877197,208000,0.0,0.0
2018-11-16 00:00:00-05:00,3.7110879855680885,3.8608628251420516,3.7110879855680885,3.8220322132110596,194800,0.0,0.0
2018-11-19 00:00:00-05:00,3.8164857229585096,3.8608634208630597,3.722182982655369,3.7499191761016846,151100,0.0,0.0
2018-11-20 00:00:00-05:00,3.6223334416245923,3.6556167176188934,3.4614638775508584,3.60569167137146,372300,0.0,0.0
2018-11-21 00:00:00-05:00,3.638975047530084,3.766561074609412,3.638975047530084,3.7332777976989746,192800,0.0,0.0
2018-11-23 00:00:00-05:00,3.727729684483437,3.866410108622897,3.727729684483437,3.855315685272217,168600,0.0,0.0
2018-11-26 00:00:00-05:00,3.949618703535984,3.988449320346141,3.8941465827442867,3.9329771995544434,269000,0.0,0.0
2018-11-27 00:00:00-05:00,4.088299228586076,4.177054888336291,4.060563299830087,4.149318695068359,260400,0.0,0.0
2018-11-28 00:00:00-05:00,4.0993937895036305,4.204790957114851,4.027280160727069,4.188149452209473,262900,0.0,0.0
2018-11-29 00:00:00-05:00,4.038373469854322,4.038373469854322,3.9662595964880945,4.010637283325195,175800,0.0,0.0
2018-11-30 00:00:00-05:00,3.8608637872940044,3.9107888344309343,3.8109387401570745,3.9052414894104004,261900,0.0,0.0
2018-12-03 00:00:00-05:00,4.088298647929177,4.116034837257765,4.0439209566129595,4.104940414428711,163500,0.0,0.0
2018-12-04 00:00:00-05:00,4.127129640377653,4.15486556775004,3.993996289649636,4.005090713500977,238800,0.0,0.0
2018-12-06 00:00:00-05:00,3.9144523088874497,3.9201173479468303,3.778494612949468,3.880462884902954,202800,0.15,0.0
2018-12-07 00:00:00-05:00,3.9994255577957882,4.095729050071676,3.937111485713055,3.954106330871582,151100,0.0,0.0
2018-12-10 00:00:00-05:00,3.823813174204609,3.86346763029281,3.750169300093899,3.818148136138916,100600,0.0,0.0
2018-12-11 00:00:00-05:00,3.954106720325232,3.9711015671576404,3.874798065396487,3.908787488937378,110700,0.0,0.0
2018-12-12 00:00:00-05:00,3.9711006266908706,4.0334144200295725,3.937110941075754,3.9767653942108154,208800,0.0,0.0
2018-12-13 00:00:00-05:00,4.084399428835867,4.146713503748628,4.039080199853463,4.044744968414307,125500,0.0,0.0
2018-12-14 00:00:00-05:00,3.9994258815320984,4.056074919772851,3.9484416120534593,3.9654364585876465,70800,0.0,0.0
2018-12-17 00:00:00-05:00,3.9541066824470703,3.9597714512543236,3.8068189117235542,3.835143566131592,107600,0.0,0.0
2018-12-18 00:00:00-05:00,3.5915527096768307,3.642536711495922,3.5575632850894583,3.5858876705169678,203700,0.0,0.0
2018-12-19 00:00:00-05:00,3.4386007325236196,3.483919972800046,3.3309674018051165,3.3592917919158936,260000,0.0,0.0
2018-12-20 00:00:00-05:00,3.2686523657112487,3.3649558584991413,3.2573225589199613,3.2913119792938232,240600,0.0,0.0
2018-12-21 00:00:00-05:00,3.342296690475451,3.4725896210064517,3.342296690475451,3.421605348587036,142600,0.0,0.0
2018-12-24 00:00:00-05:00,3.4499299278505187,3.4952491600515216,3.415940503699766,3.4442648887634277,116000,0.0,0.0
2018-12-26 00:00:00-05:00,3.461259373959163,3.5009135629264625,3.347961035180256,3.495248794555664,144500,0.0,0.0
2018-12-27 00:00:00-05:00,3.291312094515624,3.347961130455222,3.2289980199201107,3.3422963619232178,149500,0.0,0.0
2018-12-28 00:00:00-05:00,3.398945348383312,3.4895838045672165,3.3932803098098643,3.4669241905212402,217100,0.0,0.0
2018-12-31 00:00:00-05:00,3.4839192003995523,3.5235733917879237,3.4329349313300233,3.489583969116211,76200,0.0,0.0
2019-01-02 00:00:00-05:00,3.3706211127959076,3.5405685092914743,3.34229672679594,3.529238700866699,150700,0.0,0.0
2019-01-03 00:00:00-05:00,3.4046104444952094,3.444264634683876,3.342296369753704,3.3762857913970947,166200,0.0,0.0
2019-01-04 00:00:00-05:00,3.5632277586594023,3.7161802916815865,3.557562990093202,3.676525831222534,90600,0.0,0.0
2019-01-07 00:00:00-05:00,3.7218454337068243,3.8691329321282573,3.7105156261359444,3.8294787406921387,132600,0.0,0.0
2019-01-08 00:00:00-05:00,3.937111804405309,3.9711014974736822,3.891792573812706,3.9654364585876465,100000,0.0,0.0
2019-01-09 00:00:00-05:00,3.993762097000578,4.005091907440869,3.9257829642348407,3.971102476119995,91400,0.0,0.0
2019-01-10 00:00:00-05:00,3.823813758393161,3.8521384128011986,3.761499680769833,3.835143566131592,164700,0.0,0.0
2019-01-11 00:00:00-05:00,3.7275110083845653,3.7841600584874957,3.699186618395089,3.7388408184051514,119700,0.0,0.0
2019-01-14 00:00:00-05:00,3.608548238406152,3.6708623349758738,3.5858886160397088,3.653867483139038,101600,0.0,0.0
2019-01-15 00:00:00-05:00,3.568892170170145,3.597216548271386,3.5349024842504715,3.5915517807006836,107200,0.0,0.0
2019-01-16 00:00:00-05:00,3.580223142120821,3.625542377950054,3.5745581025801902,3.619877338409424,85500,0.0,0.0
2019-01-17 00:00:00-05:00,3.6028819041069977,3.7048501604984065,3.591552097841286,3.6651957035064697,104200,0.0,0.0
2019-01-18 00:00:00-05:00,3.7218454826192846,3.8068189054556405,3.6991858671797333,3.801154136657715,146500,0.0,0.0
2019-01-22 00:00:00-05:00,3.500913611590205,3.523573225636181,3.4612594220717,3.4669241905212402,192800,0.0,0.0
2019-01-23 00:00:00-05:00,3.421605123772786,3.4952490079567897,3.3479612395887814,3.489583969116211,342500,0.0,0.0
2019-01-24 00:00:00-05:00,3.3253014341094627,3.3649558933516395,3.313971627200827,3.3309664726257324,230300,0.0,0.0
2019-01-25 00:00:00-05:00,3.421605020254949,3.4669242491128034,3.279982295012198,3.3762857913970947,468300,0.0,0.0
2019-01-28 00:00:00-05:00,3.0420562655614636,3.0533860734916694,3.0080668417708467,3.036391496658325,553600,0.0,0.0
2019-01-29 00:00:00-05:00,3.0987056324764612,3.115700481228613,3.0590514355947023,3.0817110538482666,174400,0.0,0.0
2019-01-30 00:00:00-05:00,2.832454925383365,2.923093396555968,2.809795307590214,2.9004337787628174,793400,0.0,0.0
2019-01-31 00:00:00-05:00,2.9174281647123195,2.9174281647123195,2.866443897697547,2.8721089363098145,307500,0.0,0.0
2019-02-01 00:00:00-05:00,3.0080671310424805,3.0363917886538077,2.9457530463719332,3.0080671310424805,333700,0.0,0.0
2019-02-04 00:00:00-05:00,2.9344227313995357,2.951417577060875,2.8664438890019963,2.934422731399536,223900,0.0,0.0
2019-02-05 00:00:00-05:00,2.8834390485301875,2.9514178983273314,2.866444201018933,2.9457528591156006,296100,0.0,0.0
2019-02-06 00:00:00-05:00,2.8381199099374164,2.9004337225999857,2.8324548705368486,2.8947689533233643,299100,0.0,0.0
2019-02-07 00:00:00-05:00,2.8494497737902034,2.9457530143491186,2.8494497737902034,2.9004337787628174,261700,0.0,0.0
2019-02-08 00:00:00-05:00,2.9004331718121357,2.928757823188274,2.8607789840342153,2.9174280166625977,179600,0.0,0.0
2019-02-11 00:00:00-05:00,2.9060988426208496,2.9174286516123478,2.8721094156463542,2.9060988426208496,120500,0.0,0.0
2019-02-12 00:00:00-05:00,2.9967374256076043,3.0477217030207275,2.9854076161962393,3.025062084197998,118100,0.0,0.0
2019-02-13 00:00:00-05:00,3.0420562655614636,3.0590511125187363,3.0137318807979137,3.036391496658325,118200,0.0,0.0
2019-02-14 00:00:00-05:00,3.01373201691056,3.0647160198371703,3.002402208468653,3.0533862113952637,104300,0.0,0.0
2019-02-15 00:00:00-05:00,3.0080669220794416,3.0647159632428713,3.0024021530250664,3.0477213859558105,214200,0.0,0.0
2019-02-19 00:00:00-05:00,2.8947687823030317,2.985407246365709,2.8777739352293144,2.968412399291992,385400,0.0,0.0
2019-02-20 00:00:00-05:00,2.9910715345341354,3.0533853278716134,2.9797417293706068,3.0307257175445557,261600,0.0,0.0
2019-02-21 00:00:00-05:00,2.985407534916108,2.9967373440190097,2.9570828770968762,2.9797427654266357,130700,0.0,0.0
2019-02-22 00:00:00-05:00,2.9910725525748476,3.0250619796340676,2.9797427435551076,3.0080671310424805,166000,0.0,0.0
2019-02-25 00:00:00-05:00,3.0024023615945876,3.0420565581017,2.9627478949635204,3.0080671310424805,505600,0.0,0.0
2019-02-26 00:00:00-05:00,2.99107139354863,3.019395770060439,2.9457519049068064,3.013731002807617,310000,0.0,0.0
2019-02-27 00:00:00-05:00,2.974077375451427,2.979742414397485,2.9174283366104707,2.928758144378662,131700,0.0,0.0
2019-02-28 00:00:00-05:00,2.8834384666810364,2.8834384666810364,2.8267891664907436,2.832454204559326,361400,0.0,0.0
2019-03-01 00:00:00-05:00,2.775806109113947,2.787135918942005,2.758811259309873,2.7644762992858887,326300,0.0,0.0
2019-03-04 00:00:00-05:00,2.832454973565881,2.838120013172512,2.775805928119355,2.8041303157806396,240000,0.0,0.0
2019-03-05 00:00:00-05:00,2.9287583793549326,2.9854074227408804,2.872109335968985,2.8947689533233643,631000,0.0,0.0
2019-03-06 00:00:00-05:00,2.8776064869201914,2.8890482508271176,2.8375601768493652,2.8375601768493652,252900,0.05,0.0
2019-03-07 00:00:00-05:00,2.774629754553208,2.7803507716982563,2.7288627085652717,2.740304470062256,202300,0.0,0.0
2019-03-08 00:00:00-05:00,2.6888170809851775,2.7117006097157863,2.6430500235239593,2.677375316619873,260200,0.0,0.0
2019-03-11 00:00:00-04:00,2.6544910999033093,2.7059791625991916,2.6373285942000884,2.694537401199341,218200,0.0,0.0
2019-03-12 00:00:00-04:00,2.763188197919005,2.8089552473001107,2.7460256907976563,2.797513484954834,140100,0.0,0.0
2019-03-13 00:00:00-04:00,2.8490018133949233,2.8718853401857936,2.803234759813183,2.814676523208618,131500,0.0,0.0
2019-03-14 00:00:00-04:00,2.9176525505648696,2.9405360785855215,2.8947690225442173,2.9290943145751953,209400,0.0,0.0
2019-03-15 00:00:00-04:00,2.9691405540086664,2.9805823177453927,2.8776064441148574,2.8947689533233643,480300,0.0,0.0
2019-03-18 00:00:00-04:00,2.831839370384969,2.831839370384969,2.7689098005849044,2.774630546569824,268800,0.0,0.0
2019-03-19 00:00:00-04:00,2.900489844164364,2.9233733706325005,2.8547225184349383,2.871885299682617,268800,0.0,0.0
2019-03-20 00:00:00-04:00,3.0778364321720835,3.0835571757596503,2.9748603196651255,3.043511152267456,409900,0.0,0.0
2019-03-21 00:00:00-04:00,3.0206284892869406,3.0320702525011916,2.9634194004225325,2.9920239448547363,194100,0.0,0.0
2019-03-22 00:00:00-04:00,3.0263494450595534,3.0320704634613023,2.8947690225442173,2.9290943145751953,412600,0.0,0.0
2019-03-25 00:00:00-04:00,2.871885700213684,2.8947692298732997,2.7917933464050293,2.7917933464050293,356500,0.0,0.0
2019-03-26 00:00:00-04:00,2.8318390319051923,2.8604435767903587,2.803234759813183,2.814676523208618,208000,0.0,0.0
2019-03-27 00:00:00-04:00,2.808954710703381,2.814675727179695,2.751745909905639,2.78035044670105,109600,0.0,0.0
2019-03-28 00:00:00-04:00,2.7345841643488336,2.80895548961214,2.728863146286111,2.768909454345703,103000,0.0,0.0
2019-03-29 00:00:00-04:00,2.7403052424288026,2.746026261186344,2.717421712985016,2.728863477706909,110500,0.0,0.0
2019-04-01 00:00:00-04:00,2.75746734611704,2.837559679425342,2.75746734611704,2.820396900177002,153700,0.0,0.0
2019-04-02 00:00:00-04:00,2.837560341726292,2.8490021062980437,2.780351518867533,2.8318393230438232,197600,0.0,0.0
2019-04-03 00:00:00-04:00,2.9519779168499256,2.957698935395581,2.9176526239555285,2.9348154067993164,159500,0.0,0.0
2019-04-04 00:00:00-04:00,2.923373642501184,2.9405361525517932,2.8890483496067874,2.9348154067993164,124800,0.0,0.0
2019-04-05 00:00:00-04:00,2.9290937834136432,2.9634190692200777,2.900489514971509,2.940535545349121,154400,0.0,0.0
2019-04-08 00:00:00-04:00,3.032070398330688,3.060674671345481,3.0091868708015874,3.0320703983306885,158300,0.0,0.0
2019-04-09 00:00:00-04:00,3.0320702712600194,3.0320702712600194,2.9805822000807667,3.0091867446899414,117900,0.0,0.0
2019-04-10 00:00:00-04:00,3.094999952082031,3.1750925709538524,3.094999952082031,3.1522090435028076,173600,0.0,0.0
2019-04-11 00:00:00-04:00,3.2036961736594307,3.2036961736594307,3.1522083840623827,3.1693708896636963,193000,0.0,0.0
2019-04-12 00:00:00-04:00,3.157929696314606,3.1693714597044247,3.1121626427553326,3.1293251514434814,162600,0.0,0.0
2019-04-15 00:00:00-04:00,3.140767211189858,3.140767211189858,3.100721171943407,3.1178836822509766,105400,0.0,0.0
2019-04-16 00:00:00-04:00,3.129325132647443,3.1865342220460704,3.0835580793630655,3.1750924587249756,331800,0.0,0.0
2019-04-17 00:00:00-04:00,3.2036964349183825,3.215138197183361,3.1693711481234472,3.1865339279174805,179700,0.0,0.0
2019-04-18 00:00:00-04:00,3.1865344733362924,3.2208597660064693,3.180813454828008,3.2208597660064697,111100,0.0,0.0
2019-04-22 00:00:00-04:00,3.209417748688259,3.2208595120093535,3.1579296773467567,3.1750924587249756,133800,0.0,0.0
2019-04-23 00:00:00-04:00,3.2036962509155273,3.2265797741311792,3.17509198329252,3.2036962509155273,197600,0.0,0.0
2019-04-24 00:00:00-04:00,3.180812518589846,3.180812518589846,3.1236037143116846,3.146487236022949,147400,0.0,0.0
2019-04-25 00:00:00-04:00,3.1178834474273645,3.1178834474273645,3.0778374111969837,3.0892791748046875,178300,0.0,0.0
2019-04-26 00:00:00-04:00,3.1922541421131627,3.2094169190548083,3.169370621386358,3.1979751586914062,111000,0.0,0.0
2019-04-29 00:00:00-04:00,3.363881514907797,3.363881514907797,3.3009516835192345,3.3295562267303467,407900,0.0,0.0
2019-04-30 00:00:00-04:00,3.541228820482317,3.5469495652013716,3.381043876451854,3.4096484184265137,565500,0.0,0.0
2019-05-01 00:00:00-04:00,3.4496949253602125,3.5183455027820214,3.432532144608188,3.466857433319092,183100,0.0,0.0
2019-05-02 00:00:00-04:00,3.3581595386617664,3.369601298121874,3.272346206314429,3.283787965774536,210200,0.0,0.0
2019-05-03 00:00:00-04:00,3.2666263953417847,3.3409979894561634,3.2609053775823056,3.3295562267303467,142500,0.0,0.0
2019-05-06 00:00:00-04:00,3.083557028941924,3.192253879861054,3.0606735100950613,3.180812120437622,207300,0.0,0.0
2019-05-07 00:00:00-04:00,3.1293245185574294,3.1293245185574294,3.0206279247339305,3.060673952102661,152000,0.0,0.0
2019-05-08 00:00:00-04:00,3.089278045050171,3.197974895969301,3.083557028941924,3.180812120437622,161200,0.0,0.0
2019-05-09 00:00:00-04:00,3.0835580855160925,3.0835580855160925,2.986302960696147,3.0549538135528564,132500,0.0,0.0
2019-05-10 00:00:00-04:00,3.0949998612740264,3.1464879329247877,3.0721163344943894,3.1293251514434814,87800,0.0,0.0
2019-05-13 00:00:00-04:00,2.9290934670782995,2.9576980052243322,2.8890474410255655,2.906209945678711,150400,0.0,0.0
2019-05-14 00:00:00-04:00,2.986302614212036,3.0206281730543654,2.9691401075839963,2.986302614212036,125200,0.0,0.0
2019-05-15 00:00:00-04:00,2.9519774744980722,3.043511847959945,2.934814967019254,3.0263490676879883,68800,0.0,0.0
2019-05-16 00:00:00-04:00,3.020628505202423,3.0835580668157982,3.020628505202423,3.0377910137176514,64300,0.0,0.0
2019-05-17 00:00:00-04:00,3.003465929983797,3.054954004648763,2.9748613834381104,2.9748613834381104,106800,0.0,0.0
2019-05-20 00:00:00-04:00,2.951977328162832,3.014907155649602,2.9348148215347916,2.986302614212036,106100,0.0,0.0
2019-05-21 00:00:00-04:00,2.986302265932368,3.032069581453452,2.9576980006239197,2.980581521987915,157400,0.0,0.0
2019-05-22 00:00:00-04:00,3.0892789169263724,3.1293249498139004,3.0663953916211737,3.0721161365509033,119100,0.0,0.0
2019-05-23 00:00:00-04:00,3.0492324201327254,3.0492324201327254,2.8661642291650744,2.940535545349121,299900,0.0,0.0
2019-05-24 00:00:00-04:00,2.9062105522763173,2.9176523153642893,2.8718852630124023,2.9004898071289062,163900,0.0,0.0
2019-05-28 00:00:00-04:00,2.9405356143552805,2.9634191387632494,2.8490015167234053,2.854722261428833,222200,0.0,0.0
2019-05-29 00:00:00-04:00,2.763188488663953,2.786072015762329,2.746025979736751,2.786072015762329,329100,0.0,0.0
2019-05-30 00:00:00-04:00,2.717421531677246,2.7803513698455435,2.6888169853844275,2.717421531677246,240700,0.0,0.0
2019-05-31 00:00:00-04:00,2.6316076406311666,2.643049402307224,2.597282355602996,2.6087241172790527,326100,0.0,0.0
2019-06-03 00:00:00-04:00,2.551515861948709,2.580120408735545,2.4771442585374763,2.494307041168213,392400,0.0,0.0
2019-06-04 00:00:00-04:00,2.7403046337705805,2.7517463959511064,2.6945375850484785,2.705979347229004,576800,0.0,0.0
2019-06-05 00:00:00-04:00,2.7893737291663494,2.795125146955451,2.7261095046997066,2.726109504699707,318300,0.025,0.0
2019-06-06 00:00:00-04:00,2.691601386661543,2.708855363003879,2.6398400061198357,2.6685962677001953,198800,0.0,0.0
2019-06-07 00:00:00-04:00,2.6973526236460854,2.7721193924058536,2.691601207167966,2.7491142749786377,179700,0.0,0.0
2019-06-10 00:00:00-04:00,2.7778710399436677,2.7778710399436677,2.7031042575836177,2.703104257583618,86500,0.0,0.0
2019-06-11 00:00:00-04:00,2.81237785859233,2.82388041586549,2.7663676294996895,2.7721190452575684,121900,0.0,0.0
2019-06-12 00:00:00-04:00,2.6340885526776674,2.6398399694594574,2.576575756072998,2.576575756072998,109600,0.0,0.0
2019-06-13 00:00:00-04:00,2.6743474230552207,2.720357656478882,2.657093448400036,2.720357656478882,154200,0.0,0.0
2019-06-14 00:00:00-04:00,2.7261095048115846,2.7261095048115846,2.6743481159210205,2.6743481159210205,117000,0.0,0.0
2019-06-17 00:00:00-04:00,2.7146069433641986,2.7491149016134178,2.708855799817792,2.726109504699707,69300,0.0,0.0
2019-06-18 00:00:00-04:00,2.7376110362543824,2.812377512199852,2.7376110362543824,2.795123815536499,127800,0.0,0.0
2019-06-19 00:00:00-04:00,2.94465796795974,2.9849170632426523,2.9101502895355225,2.9101502895355225,319000,0.0,0.0
2019-06-20 00:00:00-04:00,3.0711862197465303,3.0711862197465303,2.9964194503405537,3.0424296855926514,263000,0.0,0.0
2019-06-21 00:00:00-04:00,3.1114459037780757,3.134451027801955,3.088440779754197,3.111445903778076,240700,0.0,0.0
2019-06-24 00:00:00-04:00,3.1286992121914263,3.134450354841281,2.996419640332946,3.0481812953948975,273000,0.0,0.0
2019-06-25 00:00:00-04:00,3.030926518142613,3.0596830465219247,3.002169989763301,3.0194239616394043,194000,0.0,0.0
2019-06-26 00:00:00-04:00,3.128699358404494,3.168958455805507,3.1114453811632985,3.117196798324585,232100,0.0,0.0
2019-06-27 00:00:00-04:00,3.2724814414978027,3.3069891211572813,3.2149686420653385,3.2724814414978027,465600,0.0,0.0
2019-06-28 00:00:00-04:00,3.329993671253055,3.3529987870904505,3.301237139335004,3.341496229171753,103500,0.0,0.0
2019-07-01 00:00:00-04:00,3.4967813129297136,3.5657966686274367,3.4852787536467598,3.5542941093444824,229500,0.0,0.0
2019-07-02 00:00:00-04:00,3.525537035073338,3.583049818222458,3.4737753931178386,3.577298402786255,329400,0.0,0.0
2019-07-03 00:00:00-04:00,3.5888016223907466,3.6060555976441746,3.5427913873717833,3.588801622390747,172000,0.0,0.0
2019-07-05 00:00:00-04:00,3.5772993992472824,3.6693201521609478,3.5370405769500466,3.6635687351226807,678300,0.0,0.0
2019-07-08 00:00:00-04:00,3.6118062368778117,3.6578164619953193,3.5830497090580824,3.6463139057159424,234100,0.0,0.0
2019-07-09 00:00:00-04:00,3.6060554224700323,3.6750707716458657,3.59455286427406,3.6693196296691895,344800,0.0,0.0
2019-07-10 00:00:00-04:00,3.680821965892519,3.7498373109063694,3.646314293385594,3.721080780029297,237200,0.0,0.0
2019-07-11 00:00:00-04:00,3.738335371017456,3.7785944660480744,3.7038276928094893,3.738335371017456,254400,0.0,0.0
2019-07-12 00:00:00-04:00,3.7670919066454185,3.7785944660480744,3.7153302522121447,3.738335371017456,184900,0.0,0.0
2019-07-15 00:00:00-04:00,3.7900979151544405,3.8188541832901235,3.7095797061920166,3.7095797061920166,393400,0.0,0.0
2019-07-16 00:00:00-04:00,3.824603901286758,3.8763652706182534,3.8015987873077397,3.8015987873077393,301600,0.0,0.0
2019-07-17 00:00:00-04:00,3.8476094200780167,3.8476094200780167,3.755588954480345,3.7670915126800537,319600,0.0,0.0
2019-07-18 00:00:00-04:00,3.8303559477708173,3.84760992445348,3.795848268648148,3.8131022453308105,284900,0.0,0.0
2019-07-19 00:00:00-04:00,3.910873728820487,3.939629987944936,3.836106961460191,3.847609519958496,286000,0.0,0.0
2019-07-22 00:00:00-04:00,3.962634972126679,3.979888946417152,3.910873597740496,3.9223761558532715,315000,0.0,0.0
2019-07-23 00:00:00-04:00,3.7728422577126715,3.8073499286811985,3.732583171128094,3.8015987873077393,229200,0.0,0.0
2019-07-24 00:00:00-04:00,3.5945531960668067,3.669319968363231,3.577299220058922,3.6520659923553467,469800,0.0,0.0
2019-07-25 00:00:00-04:00,3.6520661752888044,3.7095789744581835,3.6233099128254445,3.6635687351226807,309100,0.0,0.0
2019-07-26 00:00:00-04:00,3.663567992517755,3.7498373109063694,3.6520654350154467,3.721080780029297,88300,0.0,0.0
2019-07-29 00:00:00-04:00,3.7095778281312284,3.7095778281312284,3.6348113494365655,3.6463139057159424,123400,0.0,0.0
2019-07-30 00:00:00-04:00,3.5888012947921477,3.6290603838800637,3.5542936216779086,3.600304126739502,158700,0.0,0.0
2019-07-31 00:00:00-04:00,3.554293903853221,3.5657964624711553,3.4737759935276817,3.49678111076355,227300,0.0,0.0
2019-08-01 00:00:00-04:00,3.4507712333478633,3.5025328896057317,3.3414967780493954,3.376004457473755,191500,0.0,0.0
2019-08-02 00:00:00-04:00,3.3012368763194138,3.341495962948647,3.272480620935039,3.295485734939575,207600,0.0,0.0
2019-08-05 00:00:00-04:00,3.1114452258894043,3.1229477853952883,3.0136733329680667,3.0539324283599854,278100,0.0,0.0
2019-08-06 00:00:00-04:00,3.134450097931594,3.1804606065725207,3.0711861627552506,3.1517040729522705,238700,0.0,0.0
2019-08-07 00:00:00-04:00,3.002170782982801,3.0539324380447526,2.984917080790585,3.0481812953948975,273900,0.0,0.0
2019-08-08 00:00:00-04:00,3.082688721354825,3.163206631551845,3.0711861627552506,3.1517040729522705,275800,0.0,0.0
2019-08-09 00:00:00-04:00,3.1574556114194157,3.1574556114194157,3.1056942283461337,3.122947931289673,177500,0.0,0.0
2019-08-12 00:00:00-04:00,3.0366785727430705,3.099942509706628,3.0251760138185473,3.082688808441162,197100,0.0,0.0
2019-08-13 00:00:00-04:00,3.1286987985940082,3.347247675250519,3.117196240572224,3.2839834690093994,255200,0.0,0.0
2019-08-14 00:00:00-04:00,3.1574557954845948,3.1804611911548624,3.111445552629419,3.134450674057007,198200,0.0,0.0
2019-08-15 00:00:00-04:00,3.025175482322255,3.0481805961295083,2.938906168423762,2.9964189529418945,517300,0.0,0.0
2019-08-16 00:00:00-04:00,3.088439757980075,3.1862116398562335,3.076937199773622,3.1747090816497803,252200,0.0,0.0
2019-08-19 00:00:00-04:00,3.1977139841706843,3.266729328793031,3.191962842573456,3.2207190990448,310300,0.0,0.0
2019-08-20 00:00:00-04:00,3.2092170450227964,3.2782324004712633,3.1804607840405907,3.2609786987304688,192000,0.0,0.0
2019-08-21 00:00:00-04:00,3.4105123210998354,3.422014881529208,3.370253496718366,3.387507200241089,285900,0.0,0.0
2019-08-22 00:00:00-04:00,3.473775949978748,3.479527366336927,3.4047605991363525,3.4047605991363525,268200,0.0,0.0
2019-08-23 00:00:00-04:00,3.364501778784161,3.4507711114181445,3.2552273273468018,3.2552273273468018,316600,0.0,0.0
2019-08-26 00:00:00-04:00,3.32424295858515,3.352999219973111,3.3012375655350734,3.347248077392578,161100,0.0,0.0
2019-08-27 00:00:00-04:00,3.4507709434904186,3.4795274777165592,3.3472479139130544,3.3817555904388428,197300,0.0,0.0
2019-08-28 00:00:00-04:00,3.3990092783156762,3.4967811652118352,3.387506719518636,3.485278606414795,174100,0.0,0.0
2019-08-29 00:00:00-04:00,3.4501915275561945,3.5496038688159532,3.4501915275561945,3.5379083156585693,251400,0.1,0.0
2019-08-30 00:00:00-04:00,3.584691540581705,3.660712796994604,3.5729959841215715,3.6256258487701416,266600,0.0,0.0
2019-09-03 00:00:00-04:00,3.6841038987862547,3.695799455211059,3.5963870861781895,3.67240834236145,209100,0.0,0.0
2019-09-04 00:00:00-04:00,3.6841036918123646,3.7308859148833458,3.649016745665084,3.7191903591156006,431300,0.0,0.0
2019-09-05 00:00:00-04:00,3.7367334713428315,3.8186026387644803,3.678255693787396,3.7016468048095703,337600,0.0,0.0
2019-09-06 00:00:00-04:00,3.736732482910156,3.789362608210457,3.701645825657944,3.7367324829101562,212900,0.0,0.0
2019-09-09 00:00:00-04:00,3.7893640223600147,3.8712329198344277,3.7718205477648916,3.859537363052368,384500,0.0,0.0
2019-09-10 00:00:00-04:00,3.8010590076446533,3.8536891446728987,3.771819980663622,3.8010590076446533,282200,0.0,0.0
2019-09-11 00:00:00-04:00,3.760124580745105,3.795211247263251,3.6957991648838573,3.783515691757202,275100,0.0,0.0
2019-09-12 00:00:00-04:00,3.7074938007561,3.812753774201086,3.6782547798216196,3.789362668991089,182800,0.0,0.0
2019-09-13 00:00:00-04:00,3.8244500844974607,3.900471330913092,3.80690689153633,3.8361456394195557,258800,0.0,0.0
2019-09-16 00:00:00-04:00,3.812753774201086,3.877079452950562,3.7893626689910893,3.789362668991089,260500,0.0,0.0
2019-09-17 00:00:00-04:00,3.6607115824923664,3.7074937928121208,3.6080814564606585,3.6665592193603516,166700,0.0,0.0
2019-09-18 00:00:00-04:00,3.6899509055060884,3.6899509055060884,3.613929662344895,3.6431686878204346,172300,0.0,0.0
2019-09-19 00:00:00-04:00,3.543756036675745,3.578842696978199,3.491125906800069,3.508669376373291,205200,0.0,0.0
2019-09-20 00:00:00-04:00,3.526213289437779,3.5496043992479773,3.4501920431326205,3.4618875980377197,321000,0.0,0.0
2019-09-23 00:00:00-04:00,3.496974265330473,3.5788431497265107,3.4852787104167535,3.5437564849853516,143700,0.0,0.0
2019-09-24 00:00:00-04:00,3.6548650100147664,3.6724084847542287,3.502822491752998,3.5262138843536377,198000,0.0,0.0
2019-09-25 00:00:00-04:00,3.4209527665586035,3.4618873451583285,3.4092572125078253,3.4560394287109375,170800,0.0,0.0
2019-09-26 00:00:00-04:00,3.4034101963043213,3.4326489473477206,3.3917146401181504,3.4034101963043213,181500,0.0,0.0
2019-09-27 00:00:00-04:00,3.3858668804168697,3.4852792520549167,3.380019241473256,3.38586688041687,220400,0.0,0.0
2019-09-30 00:00:00-04:00,3.3975622787892084,3.4326489473477206,3.38001908393198,3.4034101963043213,92200,0.0,0.0
2019-10-01 00:00:00-04:00,3.3800193741527367,3.403410488533524,3.303998112993138,3.3215413093566895,177600,0.0,0.0
2019-10-02 00:00:00-04:00,3.286453654199735,3.298149207889827,3.222128248326228,3.2747581005096436,199600,0.0,0.0
2019-10-03 00:00:00-04:00,3.1110215931363063,3.1811949433434745,3.0876304764005833,3.163651466369629,217800,0.0,0.0
2019-10-04 00:00:00-04:00,3.1753454696370187,3.30399682752161,3.151954364356906,3.2689101696014404,264700,0.0,0.0
2019-10-07 00:00:00-04:00,3.2455196060596316,3.31569293361322,3.2279761347492264,3.280606269836426,222700,0.0,0.0
2019-10-08 00:00:00-04:00,3.280606460364946,3.3449318749362345,3.274758543307174,3.309845209121704,179400,0.0,0.0
2019-10-09 00:00:00-04:00,3.4501920456755943,3.5612999567779435,3.438496490761875,3.5437564849853516,330500,0.0,0.0
2019-10-10 00:00:00-04:00,3.5320605360136152,3.6373205184936523,3.514517345022272,3.6373205184936523,343600,0.0,0.0
2019-10-11 00:00:00-04:00,3.537908480773055,3.625624994125184,3.526212927069838,3.60223388671875,356900,0.0,0.0
2019-10-14 00:00:00-04:00,3.4677347853105713,3.543756021734018,3.450191594655307,3.502821445465088,507400,0.0,0.0
2019-10-15 00:00:00-04:00,3.473583255410974,3.549604503958703,3.4326486726135736,3.4384965896606445,344100,0.0,0.0
2019-10-16 00:00:00-04:00,3.4618877878788825,3.5262134828063996,3.4443443151371818,3.491126537322998,290700,0.0,0.0
2019-10-17 00:00:00-04:00,3.420953183558132,3.567147766435352,3.420953183558132,3.5320611000061035,333900,0.0,0.0
2019-10-18 00:00:00-04:00,3.485278269504988,3.5262128459465125,3.485278269504988,3.508669376373291,290200,0.0,0.0
2019-10-21 00:00:00-04:00,3.5028222190274985,3.6022345841748247,3.4852790244979994,3.561300277709961,206600,0.0,0.0
2019-10-22 00:00:00-04:00,3.4384966902696177,3.532061135008152,3.4384966902696177,3.496974468231201,296000,0.0,0.0
2019-10-23 00:00:00-04:00,3.473582580541411,3.654863791119669,3.46773466463051,3.608081579208374,459500,0.0,0.0
2019-10-24 00:00:00-04:00,3.7308858330093075,3.7952112488982674,3.7016468048095703,3.7016468048095703,633700,0.0,0.0
2019-10-25 00:00:00-04:00,3.6197774568576233,3.678255226991833,3.578842878341675,3.578842878341675,380100,0.0,0.0
2019-10-28 00:00:00-04:00,3.5671478669646204,3.62562564599472,3.5671478669646204,3.59053897857666,210500,0.0,0.0
2019-10-29 00:00:00-04:00,3.6022340703754523,3.6197775412467132,3.5788429617764432,3.596386432647705,225000,0.0,0.0
2019-10-30 00:00:00-04:00,3.4852789126388846,3.520365579415835,3.4501922458619343,3.496974468231201,208600,0.0,0.0
2019-10-31 00:00:00-04:00,3.415105694075962,3.4326488886331186,3.3332365233290644,3.3449320793151855,211600,0.0,0.0
2019-11-01 00:00:00-04:00,3.4618877878788825,3.4969744545182446,3.4560398706836355,3.491126537322998,173600,0.0,0.0
2019-11-04 00:00:00-05:00,3.5203647732909946,3.5671469849476494,3.46773464575527,3.4794301986694336,245100,0.0,0.0
2019-11-05 00:00:00-05:00,3.385866471658189,3.444344248254939,3.3800188334205314,3.397562026977539,192400,0.0,0.0
2019-11-06 00:00:00-05:00,3.2747586336734154,3.2747586336734154,3.1870418272945478,3.198737382888794,464700,0.0,0.0
2019-11-07 00:00:00-05:00,3.2513672069304285,3.292301786959493,3.2162805435529505,3.2338240146636963,276000,0.0,0.0
2019-11-08 00:00:00-05:00,3.2396718228739303,3.2513673779482613,3.2045851576509383,3.2221286296844482,123900,0.0,0.0
2019-11-11 00:00:00-05:00,3.175346320487042,3.1928897935699734,3.1636507647131022,3.1694986820220947,84700,0.0,0.0
2019-11-12 00:00:00-05:00,3.181194047502277,3.24551973983311,3.175346130543097,3.2221286296844482,228300,0.0,0.0
2019-11-13 00:00:00-05:00,3.2045852319311234,3.22212870437128,3.151955093454689,3.187041759490967,151800,0.0,0.0
2019-11-14 00:00:00-05:00,3.111020871195564,3.1753462878694494,3.1051729539466426,3.1227164268493652,136400,0.0,0.0
2019-11-15 00:00:00-05:00,3.1694987359472813,3.1987374864575693,3.1461076240014307,3.1753463745117188,92800,0.0,0.0
2019-11-18 00:00:00-05:00,3.163650443885371,3.1928894697770946,3.134411696837664,3.1519548892974854,144800,0.0,0.0
2019-11-19 00:00:00-05:00,3.128564199986782,3.1578032298024934,3.099325449015125,3.1461076736450195,103800,0.0,0.0
2019-11-20 00:00:00-05:00,3.1461077406363347,3.2396721918884293,3.140259823011049,3.1578032970428467,262100,0.0,0.0
2019-11-21 00:00:00-05:00,3.163650862427167,3.257215590352614,3.1344121115112586,3.2279765605926514,311200,0.0,0.0
2019-11-22 00:00:00-05:00,3.391714513509348,3.4092577077117094,3.3156932617149972,3.3332364559173584,284400,0.0,0.0
2019-11-25 00:00:00-05:00,3.391714368660206,3.444344227863683,3.391714368660206,3.4384965896606445,223200,0.0,0.0
2019-11-26 00:00:00-05:00,3.44434438534288,3.461887858442167,3.4034100795179505,3.4209532737731934,241200,0.0,0.0
2019-11-27 00:00:00-05:00,3.380019216520164,3.4560401952903246,3.380019216520164,3.4268014430999756,227200,0.0,0.0
2019-11-29 00:00:00-05:00,3.420953593605007,3.5320615233707446,3.420953593605007,3.5262138843536377,322100,0.0,0.0
2019-12-02 00:00:00-05:00,3.478237681268475,3.4962284050989805,3.4302617504865283,3.454249858856201,428200,0.15,0.0
2019-12-03 00:00:00-05:00,3.274341024276657,3.322316670851677,3.244356102188564,3.268343925476074,444400,0.0,0.0
2019-12-04 00:00:00-05:00,3.3283132676347953,3.3523010873041654,3.3103222599040847,3.3223161697387695,152200,0.0,0.0
2019-12-05 00:00:00-05:00,3.280337654569654,3.3223164859653873,3.2503530201076103,3.286334753036499,186200,0.0,0.0
2019-12-06 00:00:00-05:00,3.3343104277075346,3.3463043387944995,3.3043257929688212,3.316319704055786,227900,0.0,0.0
2019-12-09 00:00:00-05:00,3.280337654569654,3.3163196734559364,3.2623469310839064,3.286334753036499,260900,0.0,0.0
2019-12-10 00:00:00-05:00,3.3103226601415034,3.418267861704876,3.3103226601415034,3.4002771377563477,249900,0.0,0.0
2019-12-11 00:00:00-05:00,3.2803376031674847,3.3283135322782913,3.2683436923791307,3.3103225231170654,209300,0.0,0.0
2019-12-12 00:00:00-05:00,3.202377262159379,3.2503529043560553,3.1783894410610407,3.1843862533569336,513100,0.0,0.0
2019-12-13 00:00:00-05:00,3.3283139082436293,3.3283139082436293,3.2323623251407434,3.2503533363342285,326100,0.0,0.0
2019-12-16 00:00:00-05:00,3.304326215291381,3.316320127911275,3.25635027885437,3.25635027885437,143500,0.0,0.0
2019-12-17 00:00:00-05:00,3.3163201561026354,3.3163201561026354,3.2323624810922347,3.244356393814087,236300,0.0,0.0
2019-12-18 00:00:00-05:00,3.256349837180058,3.3463043126070264,3.256349837180058,3.3283135890960693,215700,0.0,0.0
2019-12-19 00:00:00-05:00,3.29832849303118,3.424264694732597,3.286334582676634,3.4122707843780518,317400,0.0,0.0
2019-12-20 00:00:00-05:00,3.412270966287241,3.4542497977447435,3.388283144299352,3.394279956817627,227000,0.0,0.0
2019-12-23 00:00:00-05:00,3.442255793157493,3.520216361953511,3.4182679698290888,3.502225637435913,197800,0.0,0.0
2019-12-24 00:00:00-05:00,3.5202166757219415,3.5382076878005475,3.496228850255424,3.5322105884552,76600,0.0,0.0
2019-12-26 00:00:00-05:00,3.5561982562991026,3.5801860807023993,3.5202165196941575,3.538207530975342,186700,0.0,0.0
2019-12-27 00:00:00-05:00,3.544203996599326,3.544203996599326,3.478237628936768,3.4782376289367676,155800,0.0,0.0
2019-12-30 00:00:00-05:00,3.472241107297824,3.5082228463526137,3.4602471942795603,3.4962289333343506,89600,0.0,0.0
2019-12-31 00:00:00-05:00,3.4842348098754883,3.5202165467570556,3.4542501721195618,3.4842348098754883,115600,0.0,0.0
2020-01-02 00:00:00-05:00,3.472239973353072,3.478237070882426,3.3043252459340398,3.3523008823394775,279400,0.0,0.0
2020-01-03 00:00:00-05:00,3.2263656402833507,3.3103230286226113,3.220368540994687,3.25635027885437,299300,0.0,0.0
2020-01-06 00:00:00-05:00,3.154401833351635,3.2443560255769315,3.1364108233321337,3.238359212875366,222100,0.0,0.0
2020-01-07 00:00:00-05:00,3.256350149427109,3.2803379737134755,3.238359424191046,3.2503533363342285,180300,0.0,0.0
2020-01-08 00:00:00-05:00,3.3043257671098636,3.334310401613924,3.3043257671098636,3.3283135890960693,161000,0.0,0.0
2020-01-09 00:00:00-05:00,3.334310401613924,3.334310401613924,3.310322579627718,3.3283135890960693,129600,0.0,0.0
2020-01-10 00:00:00-05:00,3.3163198580085047,3.334310582495432,3.262347112632902,3.268343925476074,128600,0.0,0.0
2020-01-13 00:00:00-05:00,3.2383592392934606,3.2563499635023248,3.184386494752058,3.226365327835083,283300,0.0,0.0
2020-01-14 00:00:00-05:00,3.268343245390869,3.3343098886837197,3.2563493362428373,3.298328161239624,181000,0.0,0.0
2020-01-15 00:00:00-05:00,3.2503531242358994,3.256349936937464,3.196380380134799,3.238359212875366,247600,0.0,0.0
2020-01-16 00:00:00-05:00,3.196380406210436,3.2383592392934606,3.19038359345995,3.226365327835083,213500,0.0,0.0
2020-01-17 00:00:00-05:00,3.226365083257717,3.226365083257717,3.1783894410610407,3.1843862533569336,157400,0.0,0.0
2020-01-21 00:00:00-05:00,3.1244170926972896,3.136411004751587,3.070444345474243,3.070444345474243,287800,0.0,0.0
2020-01-22 00:00:00-05:00,3.0764409619541646,3.0764409619541646,3.0044775009155273,3.0044775009155273,220800,0.0,0.0
2020-01-23 00:00:00-05:00,2.758602588309166,2.8485570795930677,2.7226208489870944,2.812575340270996,603400,0.0,0.0
2020-01-24 00:00:00-05:00,2.7945844123780352,2.8125754255633777,2.746608758493727,2.7765936851501465,376200,0.0,0.0
2020-01-27 00:00:00-05:00,2.632665609496881,2.6806412482915833,2.6146748879275497,2.6446595191955566,420500,0.0,0.0
2020-01-28 00:00:00-05:00,2.734614372253418,2.7586021950484776,2.6926355393833616,2.734614372253418,331300,0.0,0.0
2020-01-29 00:00:00-05:00,2.8125749964380216,2.8125749964380216,2.7406115265913016,2.752605438232422,337200,0.0,0.0
2020-01-30 00:00:00-05:00,2.770596106446007,2.7885871165210037,2.686638726663299,2.734614372253418,423500,0.0,0.0
2020-01-31 00:00:00-05:00,2.7466083914332575,2.7586023033014517,2.668647821311286,2.686638832092285,259400,0.0,0.0
2020-02-03 00:00:00-05:00,2.6386630798643247,2.6866387254324646,2.6206720697975707,2.62666916847229,160000,0.0,0.0
2020-02-04 00:00:00-05:00,2.7046298711181236,2.734614508123036,2.686638860149242,2.7166237831115723,229400,0.0,0.0
2020-02-05 00:00:00-05:00,2.7705962388623697,2.78259015083313,2.746608414920849,2.78259015083313,286700,0.0,0.0
2020-02-06 00:00:00-05:00,2.7106270262707084,2.716624126003094,2.6746452857487575,2.692636013031006,173400,0.0,0.0
2020-02-07 00:00:00-05:00,2.500733319359179,2.548708971900587,2.470748393542076,2.524721145629883,360000,0.0,0.0
2020-02-10 00:00:00-05:00,2.5307179015034817,2.62067239094585,2.5307179015034817,2.5906877517700195,313500,0.0,0.0
2020-02-11 00:00:00-05:00,2.6806416279858323,2.7645992937259445,2.6626509038682395,2.734614372253418,298800,0.0,0.0
2020-02-12 00:00:00-05:00,2.782590251746084,2.9744931361951834,2.7765934385219335,2.9265174865722656,889500,0.0,0.0
2020-02-13 00:00:00-05:00,2.7945839562949795,2.7945839562949795,2.710626575699494,2.7226204872131348,435300,0.0,0.0
2020-02-14 00:00:00-05:00,2.740611418560179,2.7825899646706573,2.740611418560179,2.7586021423339844,234200,0.0,0.0
2020-02-18 00:00:00-05:00,2.7466079632498444,2.7945836032434426,2.686638413257846,2.704629421234131,409200,0.0,0.0
2020-02-19 00:00:00-05:00,2.7885873046056386,2.8245690412251236,2.752605567986153,2.800581216812134,182300,0.0,0.0
2020-02-20 00:00:00-05:00,2.7586017571942008,2.8485562213765094,2.7526049454259716,2.8305652141571045,384400,0.0,0.0
2020-02-21 00:00:00-05:00,2.7346144254344105,2.74660833706519,2.7046297893361664,2.7106266021728516,254200,0.0,0.0
2020-02-24 00:00:00-05:00,2.4947360378528023,2.518723862373893,2.4527574879196066,2.458754301071167,432300,0.0,0.0
2020-02-25 00:00:00-05:00,2.4347662635202836,2.446760174731422,2.3148270084302003,2.3388149738311768,407900,0.0,0.0
2020-02-26 00:00:00-05:00,2.368800007242265,2.42277261351124,2.314827257994574,2.3328182697296143,320300,0.0,0.0
2020-02-27 00:00:00-05:00,2.3088299890538786,2.4527572055696147,2.2728482564142927,2.3687996864318848,482700,0.0,0.0
2020-02-28 00:00:00-05:00,2.2968362464502694,2.4527573852693307,2.2968362464502694,2.440763473510742,412800,0.0,0.0
2020-03-02 00:00:00-05:00,2.416775751137971,2.458754301071167,2.3508090907262598,2.458754301071167,282900,0.0,0.0
2020-03-03 00:00:00-05:00,2.4707481217343696,2.524720867884619,2.374796827207183,2.3927876949310303,315200,0.0,0.0
2020-03-04 00:00:00-05:00,2.4287695352951517,2.470748083014225,2.3987846132466055,2.4527573585510254,142500,0.0,0.0
2020-03-05 00:00:00-05:00,2.3738320814789495,2.3799032573498113,2.2220525399591557,2.258479595184326,479900,0.05,0.0
2020-03-06 00:00:00-05:00,2.240265786980241,2.3556182588270596,2.240265786980241,2.313119888305664,403300,0.0,0.0
2020-03-09 00:00:00-04:00,2.003489607075977,2.100628550629006,1.9549202076735768,1.960991382598877,375100,0.0,0.0
2020-03-10 00:00:00-04:00,2.1127707825759585,2.1552690046814362,2.0156318444437904,2.130984306335449,359200,0.0,0.0
2020-03-11 00:00:00-04:00,2.094557555377362,2.1491981343921966,2.0338456561681943,2.0581305027008057,422500,0.0,0.0
2020-03-12 00:00:00-04:00,1.8274251814193039,1.9792046820180775,1.7970693102491917,1.8577810525894165,598600,0.0,0.0
2020-03-13 00:00:00-04:00,2.064201831817627,2.106700063104082,1.9124222896177498,2.064201831817627,379500,0.0,0.0
2020-03-16 00:00:00-04:00,1.8152831951055555,1.9609915505395488,1.7727849669888776,1.7970696687698364,538400,0.0,0.0
2020-03-17 00:00:00-04:00,1.9306352881458977,1.9549199850819876,1.8213540071852816,1.8577810525894165,384800,0.0,0.0
2020-03-18 00:00:00-04:00,1.7849270678898819,1.9306354029165707,1.7424287009771084,1.815282940864563,363100,0.0,0.0
2020-03-19 00:00:00-04:00,1.7545715074961294,1.8820661967032601,1.7181443086887034,1.8092120885849,387300,0.0,0.0
2020-03-20 00:00:00-04:00,1.8031406284460132,1.8334965020397394,1.6635034651666496,1.693859338760376,801500,0.0,0.0
2020-03-23 00:00:00-04:00,1.6817172651189312,1.6817172651189312,1.529937727510737,1.5481512546539307,454900,0.0,0.0
2020-03-24 00:00:00-04:00,1.760642382693711,1.760642382693711,1.6027916972951743,1.6695746183395386,391200,0.0,0.0
2020-03-25 00:00:00-04:00,1.6756461001592229,1.6999308031726794,1.5845783191105134,1.639219045639038,355300,0.0,0.0
2020-03-26 00:00:00-04:00,1.6392186589439157,1.7788558130788406,1.5967204386957863,1.7606422901153564,340300,0.0,0.0
2020-03-27 00:00:00-04:00,1.6270767279083873,1.6938596625817228,1.5906495278837718,1.6452902555465698,334400,0.0,0.0
2020-03-30 00:00:00-04:00,1.645289869136322,1.7545711540480329,1.6392186946827947,1.7424286603927612,429900,0.0,0.0
2020-03-31 00:00:00-04:00,1.9245643409523796,1.9245643409523796,1.833496571950583,1.9002796411514282,519600,0.0,0.0
2020-04-01 00:00:00-04:00,1.8759951611244692,1.9367070671719293,1.8092122236953454,1.8334969282150269,298000,0.0,0.0
2020-04-02 00:00:00-04:00,1.8699237956399501,1.906350993478992,1.8152832160037509,1.863852620124817,350100,0.0,0.0
2020-04-03 00:00:00-04:00,1.8517103170645206,1.8517103170645206,1.6999307805059822,1.7667138576507568,248700,0.0,0.0
2020-04-06 00:00:00-04:00,1.8942084590766215,1.9306356561728941,1.8699237575112657,1.9245644807815552,220300,0.0,0.0
2020-04-07 00:00:00-04:00,1.9974189713437265,2.0459883838571917,1.936707205701895,1.9488495588302612,200900,0.0,0.0
2020-04-08 00:00:00-04:00,1.9367069685818432,2.0217034300738947,1.9002799136566784,1.906351089477539,222800,0.0,0.0
2020-04-09 00:00:00-04:00,1.979204879109696,2.03991662749567,1.9549201797553062,1.9974184036254883,228400,0.0,0.0
2020-04-13 00:00:00-04:00,2.0338456561681943,2.070272853592991,2.0034897789377304,2.0581305027008057,267400,0.0,0.0
2020-04-14 00:00:00-04:00,2.130984815712584,2.2281237770642353,2.130984815712584,2.1795542240142822,531500,0.0,0.0
2020-04-15 00:00:00-04:00,2.106699959830516,2.1249134866318564,2.045988059077802,2.088486433029175,521600,0.0,0.0
2020-04-16 00:00:00-04:00,2.246337130243271,2.246337130243271,2.1370558253265055,2.1916964054107666,507200,0.0,0.0
2020-04-17 00:00:00-04:00,2.2706218133136087,2.325262392936095,2.2645506377999993,2.3191912174224854,247900,0.0,0.0
2020-04-20 00:00:00-04:00,2.2281235266473427,2.240265877358099,2.1734828037007015,2.20383882522583,335900,0.0,0.0
2020-04-21 00:00:00-04:00,2.0702728606191023,2.1006287379525883,2.015632136670587,2.0338456630706787,332800,0.0,0.0
2020-04-22 00:00:00-04:00,2.094557608629622,2.112771135430963,2.0520593794264927,2.088486433029175,216500,0.0,0.0
2020-04-23 00:00:00-04:00,2.088486180524633,2.1491979291888614,2.08241500565821,2.1066997051239014,119200,0.0,0.0
2020-04-24 00:00:00-04:00,2.1309845601697344,2.1491980860987465,2.082415157692369,2.1127710342407227,132700,0.0,0.0
2020-04-27 00:00:00-04:00,2.0945574246700396,2.161340350409584,2.0945574246700396,2.118842124938965,748400,0.0,0.0
2020-04-28 00:00:00-04:00,2.1916965495879603,2.2706219818721176,2.143127141873558,2.222052574157715,1086400,0.0,0.0
2020-04-29 00:00:00-04:00,2.20383882522583,2.240265877358099,2.1734828037007015,2.20383882522583,723900,0.0,0.0
2020-04-30 00:00:00-04:00,2.173482570926828,2.32526208330436,2.143126697400966,2.3070485591888428,724900,0.0,0.0
2020-05-01 00:00:00-04:00,2.2766928796896733,2.300977580579979,2.100628653486723,2.149198055267334,422700,0.0,0.0
2020-05-04 00:00:00-04:00,2.0217032747269323,2.100628699081771,1.997418573309517,2.094557523727417,342200,0.0,0.0
2020-05-05 00:00:00-04:00,2.039916993301472,2.039916993301472,1.9427781784646057,1.9549205303192139,405800,0.0,0.0
2020-05-06 00:00:00-04:00,1.8820661967032601,1.8820661967032601,1.7970697372318398,1.8092120885849,445200,0.0,0.0
2020-05-07 00:00:00-04:00,1.9002796411514282,1.9184931660021418,1.8395677469008207,1.9002796411514282,544700,0.0,0.0
2020-05-08 00:00:00-04:00,1.954920462849439,1.9974186928738353,1.9367069356961264,1.9852763414382935,311100,0.0,0.0
2020-05-11 00:00:00-04:00,1.9609913401071775,1.9609913401071775,1.9002795921697082,1.9124219417572021,169800,0.0,0.0
2020-05-12 00:00:00-04:00,1.833496725766346,1.8456390766854682,1.7302865982055662,1.7302865982055664,433700,0.0,0.0
2020-05-13 00:00:00-04:00,1.6817174668772235,1.6999309962055231,1.6331480553350917,1.6513615846633911,363900,0.0,0.0
2020-05-14 00:00:00-04:00,1.6877881717234964,1.7485000639354982,1.6513611232452294,1.736357569694519,586200,0.0,0.0
2020-05-15 00:00:00-04:00,1.8334967425491506,1.8942084977004834,1.8213543915188841,1.863852620124817,322600,0.0,0.0
2020-05-18 00:00:00-04:00,1.9731340072343833,2.015632237629922,1.9488493041512183,2.009561061859131,354000,0.0,0.0
2020-05-19 00:00:00-04:00,2.0095611306328847,2.0338458345471517,1.9731340747614843,1.9792052507400513,283600,0.0,0.0
2020-05-20 00:00:00-04:00,2.100628699081771,2.112771049790479,2.058130471601294,2.094557523727417,304300,0.0,0.0
2020-05-21 00:00:00-04:00,2.1067000457228326,2.137055924962708,2.0581306389390326,2.0824153423309326,271400,0.0,0.0
2020-05-22 00:00:00-04:00,2.088486535409887,2.088486535409887,2.0095611039867904,2.064201831817627,266300,0.0,0.0
2020-05-26 00:00:00-04:00,2.076343913986926,2.124913314864392,2.06420156376756,2.100628614425659,270100,0.0,0.0
2020-05-27 00:00:00-04:00,2.106699930023848,2.112771105538397,1.973133923955531,2.015632152557373,442600,0.0,0.0
2020-05-28 00:00:00-04:00,1.9852760904547584,1.9852760904547584,1.9002796411514282,1.9002796411514282,394200,0.0,0.0
2020-05-29 00:00:00-04:00,1.8759947664664807,1.882065941319192,1.827425367644791,1.8699235916137695,302900,0.0,0.0
2020-06-01 00:00:00-04:00,1.8759947688263305,1.948849011898736,1.8759947688263305,1.9367066621780396,452300,0.0,0.0
2020-06-02 00:00:00-04:00,2.00956096120389,2.039916838537376,1.9913474348037985,2.0338456630706787,161100,0.0,0.0
2020-06-03 00:00:00-04:00,2.2038385771105173,2.2402656251417103,2.130984336299909,2.1977672576904297,815800,0.0,0.0
2020-06-04 00:00:00-04:00,2.2159808519733017,2.2463367243123433,2.1795536604182346,2.209909677505493,416100,0.0,0.0
2020-06-05 00:00:00-04:00,2.3374048811825894,2.361689729410932,2.288835474222406,2.3434760570526123,438800,0.0,0.0
2020-06-08 00:00:00-04:00,2.3738318717642812,2.4224012744403423,2.3556183457607585,2.416330099105835,323900,0.0,0.0
2020-06-09 00:00:00-04:00,2.3191907988246725,2.361689164497522,2.300977275571258,2.3495466709136963,298900,0.0,0.0
2020-06-10 00:00:00-04:00,2.4891840008940274,2.513468700259124,2.4041875531161887,2.4648993015289307,432100,0.0,0.0
2020-06-11 00:00:00-04:00,2.3434756793438956,2.3495468542353994,2.191696162308072,2.2159810066223145,480700,0.0,0.0
2020-06-12 00:00:00-04:00,2.3495469389683756,2.3677606090479637,2.246336962090693,2.313119888305664,471900,0.0,0.0
2020-06-15 00:00:00-04:00,2.209910043024218,2.3616895745719506,2.1916963718600377,2.337404727935791,452700,0.0,0.0
2020-06-16 00:00:00-04:00,2.4770419319957697,2.495255603332423,2.398116650112655,2.4345438480377197,389800,0.0,0.0
2020-06-17 00:00:00-04:00,2.604536977591213,2.604536977591213,2.5134691923929275,2.5559675693511963,736800,0.0,0.0
2020-06-18 00:00:00-04:00,2.647034715765823,2.6713194140254366,2.586322970116789,2.65917706489563,893200,0.0,0.0
2020-06-19 00:00:00-04:00,2.5316826235691035,2.549896005172295,2.4163301452617953,2.470970869064331,649300,0.0,0.0
2020-06-22 00:00:00-04:00,2.507398196095167,2.5498962841498733,2.4891845230027836,2.519540548324585,397800,0.0,0.0
2020-06-23 00:00:00-04:00,2.5741807035857387,2.5802520237764646,2.5256113000458535,2.549896001815796,404400,0.0,0.0
2020-06-24 00:00:00-04:00,2.513468433578686,2.513468433578686,2.361689078650708,2.3799026012420654,610500,0.0,0.0
2020-06-25 00:00:00-04:00,2.410258668549411,2.4588282108306885,2.379902795091252,2.4588282108306885,260900,0.0,0.0
2020-06-26 00:00:00-04:00,2.3738318870736212,2.379903062447283,2.282764111720454,2.288835287094116,341900,0.0,0.0
2020-06-29 00:00:00-04:00,2.3556180574023045,2.416329803315469,2.349546738062768,2.3859739303588867,239800,0.0,0.0
2020-06-30 00:00:00-04:00,2.34954668083885,2.36776034891742,2.282763761960887,2.3556180000305176,240600,0.0,0.0
2020-07-01 00:00:00-04:00,2.294906650092429,2.3920456087610464,2.294906650092429,2.3434760570526123,253400,0.0,0.0
2020-07-02 00:00:00-04:00,2.4406143432132565,2.4709703589470626,2.373831427044946,2.3799026012420654,353400,0.0,0.0
2020-07-06 00:00:00-04:00,2.5256113000458535,2.5681096728914934,2.5195402693516082,2.549896001815796,254300,0.0,0.0
2020-07-07 00:00:00-04:00,2.4588282426235,2.4588282426235,2.3859740006336847,2.39811635017395,346100,0.0,0.0
2020-07-08 00:00:00-04:00,2.379902881211706,2.446685949984527,2.379902881211706,2.4284722805023193,156200,0.0,0.0
2020-07-09 00:00:00-04:00,2.398116484600223,2.404187659710675,2.313119888305664,2.313119888305664,267400,0.0,0.0
2020-07-10 00:00:00-04:00,2.288835187863856,2.319191063416116,2.2766928376429525,2.313119888305664,220600,0.0,0.0
2020-07-13 00:00:00-04:00,2.337404460719257,2.367760479357038,2.2706215381622314,2.2706215381622314,290000,0.0,0.0
2020-07-14 00:00:00-04:00,2.2645505020440932,2.3191910783909706,2.252408151744787,2.2949063777923584,332600,0.0,0.0
2020-07-15 00:00:00-04:00,2.2949063777923584,2.3131199032413177,2.276692852343399,2.2949063777923584,254600,0.0,0.0
2020-07-16 00:00:00-04:00,2.361689805984497,2.3920456863188466,2.331333780901892,2.361689805984497,306800,0.0,0.0
2020-07-17 00:00:00-04:00,2.398116534447396,2.4102588849206903,2.355618307790866,2.36776065826416,468500,0.0,0.0
2020-07-20 00:00:00-04:00,2.3009774120517883,2.3009774120517883,2.26455036338432,2.2706215381622314,293400,0.0,0.0
2020-07-21 00:00:00-04:00,2.3070486153718885,2.3131197902249108,2.2220521674295757,2.23419451713562,343000,0.0,0.0
2020-07-22 00:00:00-04:00,2.215980954141531,2.215980954141531,2.137055537672934,2.1613402366638184,460900,0.0,0.0
2020-07-23 00:00:00-04:00,2.13098415136361,2.167411196233502,2.112770628928664,2.124912977218628,441700,0.0,0.0
2020-07-24 00:00:00-04:00,2.1249131317489525,2.1552690046814362,2.076343735056978,2.130984306335449,252900,0.0,0.0
2020-07-27 00:00:00-04:00,2.185624973563215,2.2949062656658437,2.161340274151126,2.23419451713562,429700,0.0,0.0
2020-07-28 00:00:00-04:00,2.1977671711071554,2.2524078857495407,2.1856248222417847,2.228123188018799,323500,0.0,0.0
2020-07-29 00:00:00-04:00,2.4102587009566117,2.5195399916235526,2.4041875261833496,2.501326322555542,675100,0.0,0.0
2020-07-30 00:00:00-04:00,2.3252623081207275,2.355618329329763,2.282764081075609,2.3252623081207275,409200,0.0,0.0
2020-07-31 00:00:00-04:00,2.3556184847567727,2.3556184847567727,2.3009777587738265,2.331333637237549,153600,0.0,0.0
2020-08-03 00:00:00-04:00,2.355618307790866,2.3738318335008075,2.3313334620960418,2.36776065826416,179200,0.0,0.0
2020-08-04 00:00:00-04:00,2.434543855346624,2.446686206442018,2.385974306216805,2.4102590084075928,247200,0.0,0.0
2020-08-05 00:00:00-04:00,2.4466860201510516,2.4588283703219256,2.416329999975635,2.440614700317383,191900,0.0,0.0
2020-08-06 00:00:00-04:00,2.4527572298778884,2.464899580936829,2.410259001171596,2.4345438480377197,195200,0.0,0.0
2020-08-07 00:00:00-04:00,2.39811635017395,2.4224010492544803,2.3859740006336847,2.39811635017395,70600,0.0,0.0
2020-08-10 00:00:00-04:00,2.367760628331392,2.410258854450668,2.367760628331392,2.4041876792907715,201700,0.0,0.0
2020-08-11 00:00:00-04:00,2.4831131198644147,2.5438248719217356,2.4648994494989838,2.495255470275879,281800,0.0,0.0
2020-08-12 00:00:00-04:00,2.5073980182998574,2.5438250724051312,2.483113315563008,2.525611400604248,134500,0.0,0.0
2020-08-13 00:00:00-04:00,2.549896001815796,2.5741807035857387,2.507397918466637,2.549896001815796,265700,0.0,0.0
2020-08-14 00:00:00-04:00,2.4709704281305207,2.5377532014204376,2.458828079396315,2.5134685039520264,120400,0.0,0.0
2020-08-17 00:00:00-04:00,2.568109344393794,2.6106077118032878,2.555966995062002,2.580251693725586,339600,0.0,0.0
2020-08-18 00:00:00-04:00,2.647034598608444,2.653105628156425,2.543824490824932,2.5984652042388916,388900,0.0,0.0
2020-08-19 00:00:00-04:00,2.6409638339966226,2.689533238562627,2.6045367805721193,2.6106081008911133,390700,0.0,0.0
2020-08-20 00:00:00-04:00,2.519540548324585,2.5256115796910374,2.4891845230027836,2.519540548324585,204600,0.0,0.0
2020-08-21 00:00:00-04:00,2.4588282714358822,2.477041651211479,2.4345435720707855,2.4648993015289307,223800,0.0,0.0
2020-08-24 00:00:00-04:00,2.5256110037599693,2.5559670221594954,2.501326304838927,2.5438246726989746,252800,0.0,0.0
2020-08-25 00:00:00-04:00,2.5741810123910374,2.592394685651693,2.5256116030246427,2.5620386600494385,143600,0.0,0.0
2020-08-26 00:00:00-04:00,2.5438249711215506,2.5741807035857387,2.5256113000458535,2.549896001815796,133800,0.0,0.0
2020-08-27 00:00:00-04:00,2.5013263505765755,2.5013263505765755,2.4466859217533337,2.4648993015289307,279100,0.0,0.0
2020-08-28 00:00:00-04:00,2.47704182922492,2.5438249020265498,2.47704182922492,2.5377535820007324,166300,0.0,0.0
2020-08-31 00:00:00-04:00,2.5013262889238894,2.513468638307153,2.4406145420075704,2.4588282108306885,111800,0.0,0.0
2020-09-01 00:00:00-04:00,2.452757237241472,2.464899588336866,2.379903130669108,2.4102590084075928,256800,0.0,0.0
2020-09-02 00:00:00-04:00,2.294906462467778,2.3131199885887637,2.282764111720454,2.288835287094116,295600,0.0,0.0
2020-09-03 00:00:00-04:00,2.2281237770642353,2.2524084812150846,2.17348304797657,2.1795542240142822,305800,0.0,0.0
2020-09-04 00:00:00-04:00,2.185624973563215,2.240265691988643,2.1249132250329916,2.23419451713562,258700,0.0,0.0
2020-09-08 00:00:00-04:00,2.0945575394135743,2.1370557672123205,2.0763440132141113,2.0763440132141113,281800,0.0,0.0
2020-09-09 00:00:00-04:00,2.1066997895353423,2.118842139754709,2.0824150890966093,2.100628614425659,231700,0.0,0.0
2020-09-10 00:00:00-04:00,2.149198015303125,2.173482715741858,2.094557439315976,2.100628614425659,271800,0.0,0.0
2020-09-11 00:00:00-04:00,2.1795536763866377,2.185624850898926,2.1249131057760406,2.1674113273620605,146700,0.0,0.0
2020-09-14 00:00:00-04:00,2.1977672576904297,2.234194450469845,2.185624908346699,2.1977672576904297,286500,0.0,0.0
2020-09-15 00:00:00-04:00,2.173482841879201,2.209910039399573,2.143126964569092,2.143126964569092,222400,0.0,0.0
2020-09-16 00:00:00-04:00,2.137055537672934,2.17348258615926,2.124913188177492,2.1613402366638184,118600,0.0,0.0
2020-09-17 00:00:00-04:00,2.130984362925213,2.1795537609069813,2.130984362925213,2.1613402366638184,242800,0.0,0.0
2020-09-18 00:00:00-04:00,2.1066997895353423,2.143126840193442,2.094557439315976,2.100628614425659,251900,0.0,0.0
2020-09-21 00:00:00-04:00,2.033845764942296,2.0399169407130873,1.942778128380427,2.009561061859131,416600,0.0,0.0
2020-09-22 00:00:00-04:00,2.0702729471641463,2.076344122884641,2.015632220931447,2.0277745723724365,340600,0.0,0.0
2020-09-23 00:00:00-04:00,2.1431271008106827,2.149198276658658,2.0702729906349826,2.0824153423309326,705200,0.0,0.0
2020-09-24 00:00:00-04:00,2.179554138911866,2.2038389868627486,2.137055908307257,2.1856253147125244,246400,0.0,0.0
2020-09-25 00:00:00-04:00,2.1613401929611507,2.2463367824588234,2.1613401929611507,2.2402656078338623,507800,0.0,0.0
2020-09-28 00:00:00-04:00,2.1916964054107666,2.2099100768537636,2.1734828787160128,2.1916964054107666,190700,0.0,0.0
2020-09-29 00:00:00-04:00,2.2281233147168518,2.2766927129401426,2.2281233147168518,2.2706215381622314,267500,0.0,0.0
2020-09-30 00:00:00-04:00,2.25240828677278,2.3313335684497045,2.246337111259171,2.3191912174224854,221900,0.0,0.0
2020-10-01 00:00:00-04:00,2.3313334620960418,2.3799030087374544,2.325262286859395,2.36776065826416,245000,0.0,0.0
2020-10-02 00:00:00-04:00,2.4284725549823643,2.501326662152678,2.4284725549823643,2.4770419597625732,331100,0.0,0.0
2020-10-05 00:00:00-04:00,2.5195399916235526,2.549895720741638,2.489183973009018,2.501326322555542,814400,0.0,0.0
2020-10-06 00:00:00-04:00,2.501326522195034,2.501326522195034,2.4163300685855056,2.4527571201324463,847900,0.0,0.0
2020-10-07 00:00:00-04:00,2.4163300146816904,2.4345436847970836,2.392045314192143,2.422401189804077,327900,0.0,0.0
2020-10-08 00:00:00-04:00,2.4224013522305365,2.4527572298778884,2.410259001171596,2.4345438480377197,286400,0.0,0.0
2020-10-09 00:00:00-04:00,2.385974306216805,2.440614886146078,2.367760779573714,2.4102590084075928,421200,0.0,0.0
2020-10-12 00:00:00-04:00,2.392045359210749,2.392045359210749,2.3495469878059834,2.36776065826416,215300,0.0,0.0
2020-10-13 00:00:00-04:00,2.2888353719947365,2.3191912499890477,2.282764196395874,2.282764196395874,173900,0.0,0.0
2020-10-14 00:00:00-04:00,2.3009774120517883,2.3313332859413456,2.2584791886064086,2.2706215381622314,252300,0.0,0.0
2020-10-15 00:00:00-04:00,2.1795540980653376,2.252408351056143,2.161340571004698,2.2463371753692627,347800,0.0,0.0
2020-10-16 00:00:00-04:00,2.1916961104024235,2.203838604646089,2.1613402366638184,2.1613402366638184,205800,0.0,0.0
2020-10-19 00:00:00-04:00,2.1370557835000112,2.1370557835000112,2.052059327254713,2.0581305027008057,334800,0.0,0.0
2020-10-20 00:00:00-04:00,2.137055325508592,2.149197673798556,2.106699454783682,2.124912977218628,242200,0.0,0.0
2020-10-21 00:00:00-04:00,2.1613406115098908,2.2038389868627486,2.1613406115098908,2.1856253147125244,300000,0.0,0.0
2020-10-22 00:00:00-04:00,2.2645505169000897,2.3009775680369784,2.252408166521127,2.2766928672790527,220500,0.0,0.0
2020-10-23 00:00:00-04:00,2.2402656078338623,2.2463367824588234,2.2038385600840975,2.2402656078338623,198500,0.0,0.0
2020-10-26 00:00:00-04:00,2.1795540173412227,2.1795540173412227,2.118842262721004,2.143126964569092,279200,0.0,0.0
2020-10-27 00:00:00-04:00,2.1856251544114578,2.2281235266473427,2.1674116283453233,2.20383882522583,254500,0.0,0.0
2020-10-28 00:00:00-04:00,2.0642017885445,2.076344140086083,2.009561061859131,2.009561061859131,315000,0.0,0.0
2020-10-29 00:00:00-04:00,1.9609913545939037,2.009560753302683,1.9306354804009165,1.9974184036254883,314900,0.0,0.0
2020-10-30 00:00:00-04:00,1.9913471719584803,1.9974183466238205,1.9488489493010985,1.9670624732971191,227600,0.0,0.0
2020-11-02 00:00:00-05:00,1.9792048862004774,1.9792048862004774,1.924564312457343,1.9367066621780396,209300,0.0,0.0
2020-11-03 00:00:00-05:00,1.997418557436203,2.015632083354523,1.967062680905669,2.0034897327423096,293700,0.0,0.0
2020-11-04 00:00:00-05:00,1.9974187103175483,2.0520594370029177,1.9852763587759659,2.009561061859131,129600,0.0,0.0
2020-11-05 00:00:00-05:00,2.076344183613757,2.112771239002147,2.0581306559195616,2.064201831817627,112200,0.0,0.0
2020-11-06 00:00:00-05:00,2.1491978300949395,2.1674113538544297,2.1249131317489525,2.130984306335449,134400,0.0,0.0
2020-11-09 00:00:00-05:00,2.294906685729319,2.3191913895865204,2.1977677255522607,2.222052574157715,279700,0.0,0.0
2020-11-10 00:00:00-05:00,2.2341944332089017,2.2463367824588234,2.2038385600840975,2.2402656078338623,223100,0.0,0.0
2020-11-11 00:00:00-05:00,2.20383882522583,2.2099100005812082,2.161340452989945,2.20383882522583,182800,0.0,0.0
2020-11-12 00:00:00-05:00,2.1977677255522607,2.2341949260863156,2.149198317837858,2.222052574157715,359700,0.0,0.0
2020-11-13 00:00:00-05:00,2.2645507046173603,2.331333637237549,2.2645507046173603,2.331333637237549,195000,0.0,0.0
2020-11-16 00:00:00-05:00,2.2949065475935986,2.32526242558791,2.258479494000425,2.282764196395874,397000,0.0,0.0
2020-11-17 00:00:00-05:00,2.2584792724606633,2.276692797470641,2.228123397444034,2.2645504474639893,232300,0.0,0.0
2020-11-18 00:00:00-05:00,2.270621692089571,2.3434757943633486,2.270621692089571,2.2766928672790527,258600,0.0,0.0
2020-11-19 00:00:00-05:00,2.307048879348501,2.4224013595029867,2.307048879348501,2.4102590084075928,392500,0.0,0.0
2020-11-20 00:00:00-05:00,2.4466860002445676,2.5134687808927914,2.4466860002445676,2.4831130504608154,402800,0.0,0.0
2020-11-23 00:00:00-05:00,2.5377536072003095,2.683462104805599,2.5377536072003095,2.634892702102661,732900,0.0,0.0
2020-11-24 00:00:00-05:00,2.5013268983414454,2.5741810123910374,2.5013268983414454,2.5620386600494385,360800,0.0,0.0
2020-11-25 00:00:00-05:00,2.5863232905149993,2.653106074253884,2.5620382997504807,2.62882137298584,259600,0.0,0.0
2020-11-27 00:00:00-05:00,2.5863236266231375,2.6166793624048643,2.568109953556892,2.604537010192871,180700,0.0,0.0
2020-11-30 00:00:00-05:00,2.598465372219752,2.6470347697291303,2.5863230228424072,2.5863230228424072,417200,0.0,0.0
2020-12-01 00:00:00-05:00,2.592394329989353,2.6591774034541302,2.5681096286378837,2.634892702102661,408400,0.0,0.0
2020-12-02 00:00:00-05:00,2.5134690492358236,2.5741808060779463,2.483113315563008,2.525611400604248,603700,0.0,0.0
2020-12-03 00:00:00-05:00,2.5256110037599693,2.5681093716200167,2.5134686542994484,2.5438246726989746,163000,0.0,0.0
2020-12-04 00:00:00-05:00,2.5620383085517786,2.6470350527783957,2.5620383085517786,2.634892702102661,366400,0.0,0.0
2020-12-07 00:00:00-05:00,2.5863236266231375,2.6409640668288503,2.5620386327026394,2.604537010192871,318800,0.0,0.0
2020-12-08 00:00:00-05:00,2.5802517638787252,2.6166788128644978,2.5741804442995373,2.5923941135406494,250100,0.0,0.0
2020-12-09 00:00:00-05:00,2.671319484710694,2.683461834161797,2.653105815785816,2.6713194847106934,306300,0.0,0.0
2020-12-10 00:00:00-05:00,2.6834620138613823,2.7684584657109403,2.6652483437168155,2.744173765182495,222400,0.0,0.0
2020-12-11 00:00:00-05:00,2.725960115752043,2.732031435678522,2.689533064682572,2.7016754150390625,143100,0.0,0.0
2020-12-14 00:00:00-05:00,2.8716690901712,2.883811442560013,2.817028359673283,2.8352420330047607,350400,0.0,0.0
2020-12-15 00:00:00-05:00,2.7806011691106387,2.817028224529531,2.7563164654980437,2.810957193374634,245900,0.0,0.0
2020-12-16 00:00:00-05:00,2.8170274976753835,2.829169846348692,2.774529422067018,2.804885149002075,178700,0.0,0.0
2020-12-17 00:00:00-05:00,2.829170296261582,2.9020246893836346,2.8170279456573186,2.8413126468658447,290900,0.0,0.0
2020-12-18 00:00:00-05:00,2.944522478406508,2.987020846035827,2.9080954302227107,2.9202377796173096,627500,0.0,0.0
2020-12-21 00:00:00-05:00,2.7563158496043036,2.7988142161784135,2.744173500511192,2.7806005477905273,331600,0.0,0.0
2020-12-22 00:00:00-05:00,2.7988139370579863,2.8109562849401644,2.725959560268507,2.7381021976470947,208700,0.0,0.0
2020-12-23 00:00:00-05:00,2.7806005575911747,2.8170276049989025,2.7745295277714392,2.7866718769073486,112500,0.0,0.0
2020-12-24 00:00:00-05:00,2.792742800328767,2.8109564680869434,2.774529422067018,2.804885149002075,49500,0.0,0.0
2020-12-28 00:00:00-05:00,2.8291699441629743,2.8473836125508605,2.7745295179921903,2.7806005477905273,203600,0.0,0.0
2020-12-29 00:00:00-05:00,2.768458395232756,2.768458395232756,2.6956042955021076,2.7320313453674316,241700,0.0,0.0
2020-12-30 00:00:00-05:00,2.7745304314225696,2.8291708755820704,2.7745304314225696,2.817028522491455,272500,0.0,0.0
2020-12-31 00:00:00-05:00,2.810957193374634,2.8352418969872284,2.7866724897620387,2.810957193374634,115100,0.0,0.0
2021-01-04 00:00:00-05:00,2.968807530817901,2.987021201827499,2.871668724090659,2.902024745941162,338400,0.0,0.0
2021-01-05 00:00:00-05:00,2.956664978623023,2.993092028664994,2.895953228553071,2.950593948364258,517800,0.0,0.0
2021-01-06 00:00:00-05:00,2.950593770750607,2.9688071499269917,2.9263090721844653,2.956664800643921,195400,0.0,0.0
2021-01-07 00:00:00-05:00,3.023447585241661,3.041661252220456,2.9930915701091405,3.0355899333953857,517500,0.0,0.0
2021-01-08 00:00:00-05:00,3.2359397834303416,3.290580511093139,3.2359397834303416,3.2905805110931396,550000,0.0,0.0
2021-01-11 00:00:00-05:00,3.2055840487816214,3.3209362457418594,3.1873703763951884,3.2905805110931396,572000,0.0,0.0
2021-01-12 00:00:00-05:00,3.199512420202126,3.2845088743327677,3.163085368431851,3.272366523742676,744700,0.0,0.0
2021-01-13 00:00:00-05:00,3.1812985038814072,3.199512173108165,3.1509427744987466,3.1873698234558105,798900,0.0,0.0
2021-01-14 00:00:00-05:00,3.1084441588150646,3.260223662149743,3.0902307805329032,3.229867935180664,905000,0.0,0.0
2021-01-15 00:00:00-05:00,3.187370231685419,3.1934415520374198,3.1509431780628785,3.1752278804779053,587100,0.0,0.0
2021-01-19 00:00:00-05:00,3.2541527917135227,3.393789953190869,3.2480814723249045,3.339149236679077,631300,0.0,0.0
2021-01-20 00:00:00-05:00,3.345220864460861,3.3755765957130937,3.3148648437121597,3.3512918949127197,382900,0.0,0.0
2021-01-21 00:00:00-05:00,3.3270068873982837,3.363433935240664,3.284508520167285,3.339149236679077,290500,0.0,0.0
2021-01-22 00:00:00-05:00,3.2480821013193015,3.2480821013193015,3.193441663722776,3.242011070251465,274900,0.0,0.0
2021-01-25 00:00:00-05:00,3.011306049306291,3.108444860736657,3.011306049306291,3.0963025093078613,703500,0.0,0.0
2021-01-26 00:00:00-05:00,3.041661252220456,3.0477322815491106,2.9930915701091405,3.0355899333953857,462100,0.0,0.0
2021-01-27 00:00:00-05:00,2.8534550065558917,2.908095729197296,2.810956924053888,2.847383975982666,414300,0.0,0.0
2021-01-28 00:00:00-05:00,2.8534550065558917,2.8716686772685183,2.8170279546271138,2.847383975982666,312600,0.0,0.0
2021-01-29 00:00:00-05:00,2.8838109878778733,2.9688074411984195,2.8595262869291456,2.877739667892456,436900,0.0,0.0
2021-02-01 00:00:00-05:00,2.920237752794709,2.9688071499269917,2.8777393855557403,2.956664800643921,327200,0.0,0.0
2021-02-02 00:00:00-05:00,2.9263090721844653,2.9688071499269917,2.902024373618324,2.956664800643921,450300,0.0,0.0
2021-02-03 00:00:00-05:00,2.968806873801691,3.0659459485279057,2.956664525647966,3.0355899333953857,562000,0.0,0.0
2021-02-04 00:00:00-05:00,3.041662072626527,3.114516181199302,3.029519431701238,3.0963025093078613,452900,0.0,0.0
2021-02-05 00:00:00-05:00,3.1023732382572944,3.199512031166717,3.096301918952236,3.1630849838256836,647300,0.0,0.0
2021-02-08 00:00:00-05:00,3.096302339939738,3.1388007123641035,3.08415998917513,3.1084446907043457,420900,0.0,0.0
2021-02-09 00:00:00-05:00,3.1812989146664203,3.290580365145023,3.144871861005716,3.2602243423461914,487400,0.0,0.0
2021-02-10 00:00:00-05:00,3.3330785546054513,3.3573635473069925,3.296651499797886,3.3209362030029297,399500,0.0,0.0
2021-02-11 00:00:00-05:00,3.272366519074281,3.424146045982133,3.254153137963364,3.405932664871216,775400,0.0,0.0
2021-02-12 00:00:00-05:00,3.412003779207055,3.600210362455507,3.3998614283360737,3.5091428756713867,1988700,0.0,0.0
2021-02-16 00:00:00-05:00,3.9523385108474325,4.164829763264766,3.9462671915943828,4.079833030700684,1807800,0.0,0.0
2021-02-17 00:00:00-05:00,4.019122261265769,4.268040910631766,3.921983445608702,3.9584105014801025,2384300,0.0,0.0
2021-02-18 00:00:00-05:00,3.727704058934195,3.8066294603675823,3.6730636413618742,3.7337753772735596,1702600,0.0,0.0
2021-02-19 00:00:00-05:00,3.849128501279475,3.952338615338481,3.8187724832045524,3.9341249465942383,1158600,0.0,0.0
2021-02-22 00:00:00-05:00,3.7944889713211425,3.9219838239172553,3.7641329437519597,3.8976991176605225,1151200,0.0,0.0
2021-02-23 00:00:00-05:00,3.8005600251213516,3.8066310565099424,3.685207533772988,3.758061647415161,598900,0.0,0.0
2021-02-24 00:00:00-05:00,3.758061451819082,3.8430579133111333,3.7155630763248064,3.812702178955078,460700,0.0,0.0
2021-02-25 00:00:00-05:00,3.8552004656047245,3.8976988433109154,3.751990326530056,3.758061647415161,605500,0.0,0.0
2021-02-26 00:00:00-05:00,3.7155622727981688,3.727704621813989,3.6305658296874284,3.7034199237823486,620600,0.0,0.0
2021-03-01 00:00:00-05:00,3.758061451819082,3.849129233880243,3.7519901312499715,3.812702178955078,388000,0.0,0.0
2021-03-02 00:00:00-05:00,3.9159117982278877,4.043406627890794,3.8976984165597477,3.9887661933898926,739900,0.0,0.0
2021-03-03 00:00:00-05:00,4.006979738980916,4.098047519536583,3.976624005126689,4.055549144744873,572000,0.0,0.0
2021-03-04 00:00:00-05:00,3.9584101478340226,4.043406603940337,3.8248442882383857,3.891627073287964,811500,0.0,0.0
2021-03-05 00:00:00-05:00,4.025192909082727,4.104118328358025,3.946267489807428,4.091975688934326,887500,0.0,0.0
2021-03-08 00:00:00-05:00,4.049477944489507,4.091976028008146,4.013050891689324,4.067691326141357,644600,0.0,0.0
2021-03-09 00:00:00-05:00,4.04947836010067,4.098047768819084,4.025193655741463,4.061620712280273,1700700,0.0,0.0
2021-03-10 00:00:00-05:00,4.055548386304581,4.152687469162718,4.013050308957058,4.13447380065918,1431600,0.0,0.0
2021-03-11 00:00:00-05:00,4.170900849125227,4.298395660189879,4.110189103260258,4.261968612670898,2555500,0.0,0.0
2021-03-12 00:00:00-05:00,4.225541755180305,4.40160597085478,4.201257055742201,4.3408942222595215,1089800,0.0,0.0
2021-03-15 00:00:00-04:00,4.401606330348044,4.438033382480313,4.365179278215775,4.40767765045166,668400,0.0,0.0
2021-03-16 00:00:00-04:00,4.425891702969516,4.425891702969516,4.322681561527718,4.34696626663208,691700,0.0,0.0
2021-03-17 00:00:00-04:00,4.346965844756915,4.523030084424679,4.322681142009396,4.492674350738525,1064900,0.0,0.0
2021-03-18 00:00:00-04:00,4.571599713138855,4.7537349811047225,4.547314721246917,4.565528392791748,1123500,0.0,0.0
2021-03-19 00:00:00-04:00,4.608026533944574,4.686951667994413,4.523029790357864,4.650524616241455,792300,0.0,0.0
2021-03-22 00:00:00-04:00,4.693023237465887,4.753734993614274,4.626240160954418,4.6565961837768555,746400,0.0,0.0
2021-03-23 00:00:00-04:00,4.462318264027601,4.462318264027601,4.152688163656562,4.17697286605835,1200600,0.0,0.0
2021-03-24 00:00:00-04:00,4.268040644813298,4.316610049616874,4.1709015457096585,4.17697286605835,734600,0.0,0.0
2021-03-25 00:00:00-04:00,4.183043149517328,4.492673484062545,4.1041180255614815,4.46231746673584,1107000,0.0,0.0
2021-03-26 00:00:00-04:00,4.480531706327426,4.492674056907047,4.29839615813663,4.353036880493164,833500,0.0,0.0
2021-03-29 00:00:00-04:00,4.328752225353211,4.328752225353211,4.1648303460374185,4.189115047454834,672500,0.0,0.0
2021-03-30 00:00:00-04:00,4.146616706280162,4.183043758679088,4.122332004680879,4.152688026428223,446400,0.0,0.0
2021-03-31 00:00:00-04:00,4.15875886858464,4.164830188457518,4.019121695969554,4.0737624168396,688400,0.0,0.0
2021-04-01 00:00:00-04:00,4.09804760558589,4.207328770849441,4.09804760558589,4.164830684661865,431000,0.0,0.0
2021-04-05 00:00:00-04:00,4.189114372670553,4.189114372670553,4.019121200634739,4.110188961029053,528400,0.0,0.0
2021-04-06 00:00:00-04:00,4.237683716558971,4.304466778641997,4.176971973527324,4.183043003082275,683700,0.0,0.0
2021-04-07 00:00:00-04:00,4.243755934763248,4.334823719566446,4.231613582755922,4.316610336303711,635100,0.0,0.0
2021-04-08 00:00:00-04:00,4.280182838439941,4.292325189193816,4.207328444420212,4.280182838439941,422300,0.0,0.0
2021-04-09 00:00:00-04:00,4.304468177447706,4.353037587656431,4.2741121513189935,4.34696626663208,507900,0.0,0.0
2021-04-12 00:00:00-04:00,4.316610234248223,4.316610234248223,4.164830692996845,4.255898475646973,832800,0.0,0.0
2021-04-13 00:00:00-04:00,4.243755512677297,4.243755512677297,4.146616706280162,4.152688026428223,946200,0.0,0.0
2021-04-14 00:00:00-04:00,4.237684104899356,4.413748320573831,4.237684104899356,4.3408942222595215,858500,0.0,0.0
2021-04-15 00:00:00-04:00,4.365178786769754,4.4016058348009475,4.328751738738561,4.395534515380859,567000,0.0,0.0
2021-04-16 00:00:00-04:00,4.6748093174100935,4.699094018578733,4.589812863319858,4.650524616241455,755500,0.0,0.0
2021-04-19 00:00:00-04:00,4.765877437416495,4.93587064743042,4.765877437416495,4.93587064743042,1053200,0.0,0.0
2021-04-20 00:00:00-04:00,4.778019199219674,4.869087258217054,4.699093779685779,4.784090518951416,1213300,0.0,0.0
2021-04-21 00:00:00-04:00,4.9297985129147275,5.093720664876432,4.899442494515202,5.087649345397949,1327900,0.0,0.0
2021-04-22 00:00:00-04:00,4.92979883132157,4.960154851681737,4.808375328873833,4.844802379608154,1385500,0.0,0.0
2021-04-23 00:00:00-04:00,4.917656712990669,5.014795513811427,4.8933720127854805,4.996581554412842,565600,0.0,0.0
2021-04-26 00:00:00-04:00,5.045151267034348,5.124076104283065,5.045151267034348,5.087649345397949,849800,0.0,0.0
2021-04-27 00:00:00-04:00,5.184788105565715,5.245500141948882,5.111934009301646,5.1726460456848145,694100,0.0,0.0
2021-04-28 00:00:00-04:00,5.203001378813437,5.366923526310487,5.19085931918007,5.31835412979126,925900,0.0,0.0
2021-04-29 00:00:00-04:00,5.348710127599558,5.354780867897372,5.20300135958742,5.306211471557617,1075400,0.0,0.0
2021-04-30 00:00:00-04:00,5.306212766535508,5.330497470632053,5.2758567416665745,5.281928062438965,599200,0.0,0.0
2021-05-03 00:00:00-04:00,5.530845425764106,5.761550362531575,5.494418665691454,5.676554203033447,1667000,0.0,0.0
2021-05-04 00:00:00-04:00,5.627985164523171,5.700839268333422,5.464062996705394,5.555130481719971,1577100,0.0,0.0
2021-05-05 00:00:00-04:00,5.62798550894503,5.664412273582928,5.500490674726414,5.530846118927002,1355600,0.0,0.0
2021-05-06 00:00:00-04:00,5.209072972551668,5.372995128684487,5.124076234668771,5.366923809051514,1282500,0.0,0.0
2021-05-07 00:00:00-04:00,5.451920775301162,5.670483682511289,5.433707392697983,5.640127658843994,756500,0.0,0.0
2021-05-10 00:00:00-04:00,5.846547995449408,5.876904019482537,5.719053157704667,5.737266540527344,1321300,0.0,0.0
2021-05-11 00:00:00-04:00,5.561202605013688,5.779765527005356,5.524775837343765,5.6704840660095215,981500,0.0,0.0
2021-05-12 00:00:00-04:00,5.3426401121768325,5.421565545238855,5.25157203757003,5.281928062438965,1228500,0.0,0.0
2021-05-13 00:00:00-04:00,5.215144603086221,5.366924129001453,5.209073283091306,5.330496788024902,641400,0.0,0.0
2021-05-14 00:00:00-04:00,5.354781308930144,5.409422029060928,5.287998528210808,5.391208648681641,671800,0.0,0.0
2021-05-17 00:00:00-04:00,5.433707960449779,5.464063987288884,5.330497816592656,5.439779281616211,740400,0.0,0.0
2021-05-18 00:00:00-04:00,5.664411702703964,5.7554791841136,5.652269642046044,5.700839042663574,1013500,0.0,0.0
2021-05-19 00:00:00-04:00,5.658340164702979,5.931543756383496,5.621913405140846,5.864760398864746,1232700,0.0,0.0
2021-05-20 00:00:00-04:00,6.0286826451997095,6.326170361766262,5.9011878268150575,6.229031562805176,1751200,0.0,0.0
2021-05-21 00:00:00-04:00,6.192603620256295,6.514376005207813,6.192603620256295,6.459735870361328,1717500,0.0,0.0
2021-05-24 00:00:00-04:00,6.556874839011239,6.611515554343537,6.435451348824393,6.526518821716309,1561600,0.0,0.0
2021-05-25 00:00:00-04:00,6.125822114867444,6.180462840013809,6.010469344226676,6.040825366973877,2459600,0.0,0.0
2021-05-26 00:00:00-04:00,5.901187827069689,5.913329887443893,5.749408308938216,5.834404468536377,2825000,0.0,0.0
2021-05-27 00:00:00-04:00,5.8708322247233875,5.919401627656518,5.779764738972007,5.907258987426758,1154900,0.0,0.0
2021-05-28 00:00:00-04:00,5.92547225890737,6.077251770176558,5.913329620089249,6.052967071533203,1005300,0.0,0.0
2021-06-01 00:00:00-04:00,6.392954477616082,6.435453145289692,6.320100363166652,6.386883735656738,1315200,0.0,0.0
2021-06-02 00:00:00-04:00,6.274940692715295,6.28737832404796,6.138123189532876,6.268721580505371,1705600,0.25,0.0
2021-06-03 00:00:00-04:00,6.125686386919382,6.2065324842370035,6.007525611294062,6.100810527801514,1212900,0.0,0.0
2021-06-04 00:00:00-04:00,6.225188445482323,6.256283410768788,6.18165525684642,6.237626075744629,577800,0.0,0.0
2021-06-07 00:00:00-04:00,6.2873784885992405,6.449071851765961,6.256284112910194,6.3806633949279785,677600,0.0,0.0
2021-06-08 00:00:00-04:00,6.380664003172725,6.405539861947604,6.293598200917019,6.362006664276123,615400,0.0,0.0
2021-06-09 00:00:00-04:00,6.498822667278487,6.679172749575081,6.4739468143095475,6.616983413696289,1047600,0.0,0.0
2021-06-10 00:00:00-04:00,6.77867657141722,6.884399101200968,6.7662389407240955,6.809771537780762,1155400,0.0,0.0
2021-06-11 00:00:00-04:00,6.915495411216737,6.95280949672039,6.791116114683342,6.896838665008545,940200,0.0,0.0
2021-06-14 00:00:00-04:00,6.772459340041624,6.884400409908071,6.598327732538677,6.679174423217773,1416200,0.0,0.0
2021-06-15 00:00:00-04:00,6.853305816650391,6.890619307744591,6.691612440342862,6.853305816650391,1084300,0.0,0.0
2021-06-16 00:00:00-04:00,6.828428081157104,7.15181477296427,6.828428081157104,7.02121639251709,1201700,0.0,0.0
2021-06-17 00:00:00-04:00,6.722707259267935,6.778677494640602,6.424196371844203,6.573451519012451,1615300,0.0,0.0
2021-06-18 00:00:00-04:00,6.299816057771096,6.362005395764822,6.200312642511425,6.287377834320068,1540500,0.0,0.0
2021-06-21 00:00:00-04:00,6.368225106998172,6.579670180874085,6.337130138530444,6.536137580871582,983500,0.0,0.0
2021-06-22 00:00:00-04:00,6.3806633316201395,6.579670180874085,6.349568363152413,6.536137580871582,774300,0.0,0.0
2021-06-23 00:00:00-04:00,6.5299181450906545,6.592108078945431,6.480166435241698,6.480166435241699,537800,0.0,0.0
2021-06-24 00:00:00-04:00,6.554794474145201,6.685392870217116,6.4988236482447785,6.666736125946045,774600,0.0,0.0
2021-06-25 00:00:00-04:00,7.008780164201599,7.083407740372953,6.94037110789575,6.9528093338012695,1414100,0.0,0.0
2021-06-28 00:00:00-04:00,6.934151811023651,6.946590036599263,6.716488201235591,6.772459030151367,1229400,0.0,0.0
2021-06-29 00:00:00-04:00,6.760021113896871,6.815991945373728,6.679174423217773,6.679174423217773,560600,0.0,0.0
2021-06-30 00:00:00-04:00,6.803553220259551,6.934151619765102,6.766239730736378,6.865743160247803,1499600,0.0,0.0
2021-07-01 00:00:00-04:00,6.797334180226104,6.80355269927897,6.548575032408996,6.629421710968018,958500,0.0,0.0
2021-07-02 00:00:00-04:00,6.592108828463733,6.592108828463733,6.455291314279465,6.505043029785156,868700,0.0,0.0
2021-07-06 00:00:00-04:00,6.430415943515956,6.548576128518693,6.393101857517195,6.486386775970459,1290600,0.0,0.0
2021-07-07 00:00:00-04:00,6.592109327698461,6.666736906608707,6.455291803152704,6.486386775970459,1931000,0.0,0.0
2021-07-08 00:00:00-04:00,6.2189700695888686,6.343349352363205,6.200313325444519,6.262502670288086,1578600,0.0,0.0
2021-07-09 00:00:00-04:00,6.38688255275915,6.455291010084029,6.337130246510727,6.430415153503418,891600,0.0,0.0
2021-07-12 00:00:00-04:00,6.449071131942204,6.480166097247734,6.368224459382679,6.442852020263672,455000,0.0,0.0
2021-07-13 00:00:00-04:00,6.243845786832746,6.26872164283259,6.10080976310544,6.113247394561768,1049100,0.0,0.0
2021-07-14 00:00:00-04:00,6.455291137922869,6.511261964609474,6.274941025870038,6.306035995483398,1702300,0.0,0.0
2021-07-15 00:00:00-04:00,6.225188793048235,6.32469221305071,6.218969681026289,6.256283760070801,830000,0.0,0.0
2021-07-16 00:00:00-04:00,6.293597854573011,6.312254599355654,5.926678513020097,5.963992595672607,1129800,0.0,0.0
2021-07-19 00:00:00-04:00,5.802299009240711,5.852050722194058,5.72767143981069,5.820955753326416,1672900,0.0,0.0
2021-07-20 00:00:00-04:00,5.7276719386409765,5.814737740435606,5.653044362711544,5.783642768859863,825900,0.0,0.0
2021-07-21 00:00:00-04:00,5.814738399064024,6.032402038574219,5.814738399064024,6.032402038574219,586400,0.0,0.0
2021-07-22 00:00:00-04:00,6.013744957335802,6.013744957335802,5.864489796846005,5.908022403717041,532900,0.0,0.0
2021-07-23 00:00:00-04:00,5.9639920581384995,5.97021117020126,5.8707071564585975,5.932897090911865,386100,0.0,0.0
2021-07-26 00:00:00-04:00,6.00752528458039,6.138123686118539,6.00752528458039,6.063496112823486,399400,0.0,0.0
2021-07-27 00:00:00-04:00,5.995087609649671,5.995087609649671,5.808518381193897,5.845831871032715,675000,0.0,0.0
2021-07-28 00:00:00-04:00,5.914240880860743,6.001306085237894,5.876926798208234,5.963992595672607,296800,0.0,0.0
2021-07-29 00:00:00-04:00,6.082153647256523,6.150562709804314,6.051058672742737,6.119467735290527,625900,0.0,0.0
2021-07-30 00:00:00-04:00,6.156779054426279,6.187874017951079,6.038618904736561,6.07593297958374,494800,0.0,0.0
2021-08-02 00:00:00-04:00,6.18165659407103,6.287379143062779,6.125686356152393,6.138123989105225,471600,0.0,0.0
2021-08-03 00:00:00-04:00,6.044839152426487,6.088371753692627,5.945335724911188,6.088371753692627,476500,0.0,0.0
2021-08-04 00:00:00-04:00,6.1132475190742825,6.144342487979217,5.988868236541748,5.988868236541748,592300,0.0,0.0
2021-08-05 00:00:00-04:00,6.075934678021848,6.187875747680664,6.075934678021848,6.187875747680664,514000,0.0,0.0
2021-08-06 00:00:00-04:00,6.107027412933631,6.1381223767787585,5.876925629419057,6.026180744171143,745600,0.0,0.0
2021-08-09 00:00:00-04:00,5.957772630006812,5.957772630006812,5.79607928347613,5.858269214630127,845800,0.0,0.0
2021-08-10 00:00:00-04:00,5.783642006571408,6.019962929077622,5.777422894458492,5.982648849487305,953200,0.0,0.0
2021-08-11 00:00:00-04:00,6.299817313882553,6.3682257772416575,6.206532398661314,6.362006664276123,770400,0.0,0.0
2021-08-12 00:00:00-04:00,6.368225170182601,6.430415107735093,6.2873784885992405,6.3806633949279785,660500,0.0,0.0
2021-08-13 00:00:00-04:00,6.3806626315181445,6.430414338372752,6.330910924663538,6.393100261688232,364700,0.0,0.0
2021-08-16 00:00:00-04:00,6.25628449668476,6.337130590140202,6.18165632980903,6.281160354614258,518500,0.0,0.0
2021-08-17 00:00:00-04:00,6.343349254689637,6.517480247892476,6.281159910803649,6.3495683670043945,610300,0.0,0.0
2021-08-18 00:00:00-04:00,6.4428516080341005,6.648077535597751,6.411757237805198,6.473946571350098,1062000,0.0,0.0
2021-08-19 00:00:00-04:00,6.2687212051903085,6.287377947615899,6.063495259247369,6.162998676300049,1107500,0.0,0.0
2021-08-20 00:00:00-04:00,6.131904756642099,6.281160500779569,6.125686236830443,6.243846416473389,768900,0.0,0.0
2021-08-23 00:00:00-04:00,6.343349332423761,6.473947727198097,6.337130220032792,6.467728614807129,486200,0.0,0.0
2021-08-24 00:00:00-04:00,6.467729314414023,6.61698506250609,6.44907256831024,6.592109203338623,641000,0.0,0.0
2021-08-25 00:00:00-04:00,6.604546574437741,6.716488232795289,6.592108941890925,6.67295503616333,1418600,0.0,0.0
2021-08-26 00:00:00-04:00,6.784897013460815,7.158035496801393,6.778677900351442,7.133159637451172,2393400,0.0,0.0
2021-08-27 00:00:00-04:00,7.214005301070752,7.487639714947544,7.1766912208166875,7.4752020835876465,1988200,0.0,0.0
2021-08-30 00:00:00-04:00,7.500079341717416,7.5684878097054495,7.406794420183956,7.512516975402832,1464300,0.0,0.0
2021-08-31 00:00:00-04:00,7.164253087470944,7.220223314299533,7.077187301703455,7.139376640319824,1792000,0.0,0.0
2021-09-01 00:00:00-04:00,6.98390231535198,7.089624842051466,6.927932089235019,7.02121639251709,2671200,0.0,0.0
2021-09-02 00:00:00-04:00,7.245098171307886,7.344602166957398,7.226441431599191,7.294849872589111,1021200,0.0,0.0
2021-09-03 00:00:00-04:00,7.120721219878417,7.25753873917159,7.11450210693617,7.226443767547607,1170500,0.0,0.0
2021-09-07 00:00:00-04:00,7.251319629461653,7.512516442279933,7.251319629461653,7.48142147064209,1912300,0.0,0.0
2021-09-08 00:00:00-04:00,7.388136820626488,7.413012678214298,7.102064161823052,7.170472621917725,3563400,0.0,0.0
2021-09-09 00:00:00-04:00,7.196475614245947,7.404504243599868,7.17697314335952,7.326493740081787,1614800,0.5,0.0
2021-09-10 00:00:00-04:00,7.508518763416845,7.560525769330202,7.372000217901178,7.3850016593933105,1373500,0.0,0.0
2021-09-13 00:00:00-04:00,7.5280208862146045,7.65153798450487,7.502017384464925,7.573526859283447,2072000,0.0,0.0
2021-09-14 00:00:00-04:00,7.476014254798377,7.554024763930019,7.2484831381851125,7.417506217956543,2905500,0.0,0.0
2021-09-15 00:00:00-04:00,7.385000290678985,7.476012844145567,7.3134908257945765,7.450009346008301,1676800,0.0,0.0
2021-09-16 00:00:00-04:00,7.606030461515829,7.716545485432993,7.534520995440379,7.593029022216797,1970000,0.0,0.0
2021-09-17 00:00:00-04:00,7.632034020651175,7.632034020651175,7.274485447491934,7.287487506866455,1623800,0.0,0.0
2021-09-20 00:00:00-04:00,6.487880291521421,6.5528893630485605,6.039319681896008,6.045820713043213,5842700,0.0,0.0
2021-09-21 00:00:00-04:00,6.396868303771687,6.422871808259685,6.195340679010376,6.273351192474365,2651000,0.0,0.0
2021-09-22 00:00:00-04:00,6.578891204965803,6.715409724692177,6.53338523838111,6.682905197143555,2566500,0.0,0.0
2021-09-23 00:00:00-04:00,6.702410076854351,6.799923065587962,6.617898530631405,6.7284135818481445,1360300,0.0,0.0
2021-09-24 00:00:00-04:00,6.63089897681531,6.903936048211149,6.617897536258178,6.864931106567383,1155100,0.0,0.0
2021-09-27 00:00:00-04:00,6.643901915649581,6.864932014091697,6.630899853401243,6.812924385070801,1838400,0.0,0.0
2021-09-28 00:00:00-04:00,7.007951048248126,7.033954553029341,6.793421978809992,6.9234395027160645,2071600,0.0,0.0
2021-09-29 00:00:00-04:00,6.923438751171204,6.96244431409517,6.74141423746161,6.747915267944336,1357100,0.0,0.0
2021-09-30 00:00:00-04:00,6.77392033270004,7.059958920235061,6.760918268734909,7.00145149230957,1246800,0.0,0.0
2021-10-01 00:00:00-04:00,7.196475148029573,7.404503763906569,7.15096917891851,7.339494705200195,1734200,0.0,0.0
2021-10-04 00:00:00-04:00,7.222479211557079,7.254983743448707,6.780419685737033,6.806423187255859,2437100,0.0,0.0
2021-10-05 00:00:00-04:00,7.079461652976665,7.33299568756403,7.040456083054954,7.235482692718506,1993800,0.0,0.0
2021-10-06 00:00:00-04:00,7.079461000637452,7.22898099495269,6.981947394804848,7.183475017547607,1697400,0.0,0.0
2021-10-07 00:00:00-04:00,7.163971390340053,7.196475300409152,6.91693782998636,6.929939270019531,2339800,0.0,0.0
2021-10-08 00:00:00-04:00,6.838927808182871,6.84542821866792,6.611396701951649,6.7154107093811035,2340200,0.0,0.0
2021-10-11 00:00:00-04:00,6.6309002387843226,6.773919831965967,6.62439920728232,6.64390230178833,2083600,0.0,0.0
2021-10-12 00:00:00-04:00,6.617898201341518,6.624398612287175,6.455376148223877,6.455376148223877,1772900,0.0,0.0
2021-10-13 00:00:00-04:00,6.422872211871563,6.422872211871563,6.24734808056835,6.396868705749512,1863200,0.0,0.0
2021-10-14 00:00:00-04:00,6.377364770638487,6.383865180700941,6.143332649164417,6.149833679199219,2062000,0.0,0.0
2021-10-15 00:00:00-04:00,6.279851435285138,6.390366470479379,6.247346903762295,6.266849994659424,1244100,0.0,0.0
2021-10-18 00:00:00-04:00,6.3123547391925054,6.585391758928835,6.299352681123036,6.500880241394043,1336300,0.0,0.0
2021-10-19 00:00:00-04:00,6.6113977642508,6.721912819894912,6.598395701246792,6.64390230178833,876600,0.0,0.0
2021-10-20 00:00:00-04:00,6.487879637938426,6.572391174421113,6.357862127954444,6.546387672424316,1399000,0.0,0.0
2021-10-21 00:00:00-04:00,6.214842708835541,6.240846208873667,6.0653221186370585,6.10432767868042,2712700,0.0,0.0
2021-10-22 00:00:00-04:00,6.0718235979149995,6.130331632323082,5.987312061544702,6.084825038909912,1429600,0.0,0.0
2021-10-25 00:00:00-04:00,6.032818087058602,6.169336628531709,6.019816645951465,6.162835597991943,1419900,0.0,0.0
2021-10-26 00:00:00-04:00,6.104328048161598,6.104328048161598,5.857294472860846,5.961308479309082,1864500,0.0,0.0
2021-10-27 00:00:00-04:00,5.948306770699505,5.9808113046321765,5.746779776267291,5.772783279418945,1797800,0.0,0.0
2021-10-28 00:00:00-04:00,5.889800110020568,5.993814135985811,5.883299078404616,5.980812072753906,1056500,0.0,0.0
2021-10-29 00:00:00-04:00,5.98081044045285,5.987311470294522,5.870295413033755,5.915802001953125,844700,0.0,0.0
2021-11-01 00:00:00-04:00,5.948305501552672,6.013314555547505,5.9093005651336,6.0068135261535645,1112300,0.0,0.0
2021-11-02 00:00:00-04:00,5.733776893074848,5.746778952773734,5.460739839121538,5.532249927520752,3342400,0.0,0.0
2021-11-03 00:00:00-04:00,5.486743506748572,5.597258537687733,5.415234036129493,5.55175256729126,1092700,0.0,0.0
2021-11-04 00:00:00-04:00,5.720775343950818,5.740277813153875,5.519247762278172,5.603759288787842,1429900,0.0,0.0
2021-11-05 00:00:00-04:00,5.655766740350971,5.707773742379346,5.525749235280031,5.571255207061768,1125700,0.0,0.0
2021-11-08 00:00:00-05:00,5.694771936915351,5.805286964136509,5.694771936915351,5.7142744064331055,1281600,0.0,0.0
2021-11-09 00:00:00-05:00,5.922303608714037,5.9288046398695595,5.7272776338279785,5.811788558959961,1968900,0.0,0.0
2021-11-10 00:00:00-05:00,5.727277123419832,5.727277123419832,5.499746013033461,5.506247043609619,1640200,0.0,0.0
2021-11-11 00:00:00-05:00,5.811788970574138,6.006815579245217,5.805288558930685,5.980812072753906,2539100,0.0,0.0
2021-11-12 00:00:00-05:00,5.844291714758062,5.8832972725084005,5.7922847177391485,5.863794803619385,1028800,0.0,0.0
2021-11-15 00:00:00-05:00,5.590758268726538,5.603759709179833,5.486743645238355,5.525749206542969,2176000,0.0,0.0
2021-11-16 00:00:00-05:00,5.226708953136044,5.259213486197284,5.051185156574991,5.0836896896362305,3217800,0.0,0.0
2021-11-17 00:00:00-05:00,5.10969302323631,5.181202497630021,5.0641867404516105,5.070687770843506,1874200,0.0,0.0
2021-11-18 00:00:00-05:00,5.181202552775287,5.317721402582401,5.109693077620476,5.15519905090332,1843600,0.0,0.0
2021-11-19 00:00:00-05:00,5.330723016366138,5.330723016366138,5.155199218046395,5.161700248718262,1954500,0.0,0.0
2021-11-22 00:00:00-05:00,5.200705838372848,5.33072336033768,5.187704086176365,5.194204807281494,2292600,0.0,0.0
2021-11-23 00:00:00-05:00,5.207206869464201,5.272215320460393,5.116194294102595,5.194204807281494,1369700,0.0,0.0
2021-11-24 00:00:00-05:00,5.655766390178421,6.234345026887294,5.512746833469153,5.928803443908691,6368000,0.0,0.0
2021-11-26 00:00:00-05:00,5.623262041639675,5.772782632998081,5.577756071213023,5.753280162811279,2596500,0.0,0.0
2021-11-29 00:00:00-05:00,5.9678092341666815,6.2668497988846115,5.9548071739747765,6.22784423828125,4177600,0.0,0.0
2021-11-30 00:00:00-05:00,6.221342635876279,6.240845724370023,5.980810124204099,6.117328643798828,2692400,0.0,0.0
2021-12-01 00:00:00-05:00,6.136831636355995,6.175837196701947,5.7337770726521295,5.753280162811279,3878800,0.0,0.0
2021-12-02 00:00:00-05:00,5.824790339200982,6.188840006638979,5.80528786665129,6.110828876495361,3311900,0.0,0.0
2021-12-03 00:00:00-05:00,6.013315170755485,6.0653221712831495,5.850793139113445,5.967809200286865,3503300,0.0,0.0
2021-12-06 00:00:00-05:00,6.019817436840783,6.234346513058928,5.92230382585005,6.175838470458984,2876200,0.0,0.0
2021-12-07 00:00:00-05:00,6.338359858331773,6.455375931030608,6.318857386206105,6.383865833282471,2981800,0.0,0.0
2021-12-08 00:00:00-05:00,6.369631808007972,6.483502214608156,6.191709128014893,6.291346073150635,2716900,0.85,0.0
2021-12-09 00:00:00-05:00,5.907032546033656,6.049370540657857,5.842980278772491,5.935500144958496,2082400,0.0,0.0
2021-12-10 00:00:00-05:00,5.999553504030597,6.049371641534799,5.914150691714299,5.949734687805176,1098400,0.0,0.0
2021-12-13 00:00:00-05:00,5.828746784441833,5.8500979950371175,5.7077599846744125,5.721993446350098,1612600,0.0,0.0
2021-12-14 00:00:00-05:00,5.444434493355045,5.622357186998277,5.444434493355045,5.465785026550293,2455200,0.0,0.0
2021-12-15 00:00:00-05:00,5.444434413145061,5.629473835340419,5.401733008023055,5.608123302459717,1686500,0.0,0.0
2021-12-16 00:00:00-05:00,5.736227489600374,5.793162692781222,5.6152396738002,5.643707275390625,1529000,0.0,0.0
2021-12-17 00:00:00-05:00,5.615239872107806,5.835863961905438,5.572538468214129,5.778928756713867,2776900,0.0,0.0
2021-12-20 00:00:00-05:00,5.729111118719073,5.8643320730960395,5.643707964164383,5.850098609924316,2182300,0.0,0.0
2021-12-21 00:00:00-05:00,5.821630269630338,6.01378640986877,5.821630269630338,5.963968276977539,1889500,0.0,0.0
2021-12-22 00:00:00-05:00,5.9924358187568725,6.10630622350038,5.942617686361875,6.08495569229126,1301000,0.0,0.0
2021-12-23 00:00:00-05:00,6.106306530790084,6.227294011598842,6.056488395888072,6.149008274078369,1326700,0.0,0.0
2021-12-27 00:00:00-05:00,6.177474588671506,6.341163099917731,6.084954729771928,6.312695503234863,1826800,0.0,0.0
2021-12-28 00:00:00-05:00,6.29134577954601,6.41233325059275,6.277111640024685,6.334046840667725,1837900,0.0,0.0
2021-12-29 00:00:00-05:00,6.298463155840971,6.476385836189912,6.2699955541339865,6.398099422454834,1844300,0.0,0.0
2021-12-30 00:00:00-05:00,6.37674772553921,6.5190857080626445,6.334045991421661,6.433682918548584,2050500,0.0,0.0
2021-12-31 00:00:00-05:00,6.476386326842407,6.654309020670812,6.440801652332484,6.618724346160889,1349300,0.0,0.0
2022-01-03 00:00:00-05:00,6.76817903521215,7.010153993080774,6.761061964987502,6.974569320678711,3202600,0.0,0.0
2022-01-04 00:00:00-05:00,6.938984137633972,7.102672668427916,6.924749998232174,7.052854537963867,3854200,0.0,0.0
2022-01-05 00:00:00-05:00,6.967452405299049,7.06708935449493,6.682776377198234,6.689892768859863,2643100,0.0,0.0
2022-01-06 00:00:00-05:00,6.938984025558471,7.102672553708588,6.825113627067762,6.846464157104492,2676800,0.0,0.0
2022-01-07 00:00:00-05:00,7.059971754881411,7.131141095932202,6.981686022702451,7.031504154205322,2060500,0.0,0.0
2022-01-10 00:00:00-05:00,6.92475118126635,6.9461023940167195,6.761062622507624,6.867815971374512,2525400,0.0,0.0
2022-01-11 00:00:00-05:00,6.931867630517803,7.031504578253477,6.860698963896189,7.003036975860596,2254400,0.0,0.0
2022-01-12 00:00:00-05:00,7.067089356609312,7.109790421476616,6.953218945334918,7.059972286224365,1968200,0.0,0.0
2022-01-13 00:00:00-05:00,6.853582375947413,6.882049980343739,6.511970444470276,6.526204586029053,3241600,0.0,0.0
2022-01-14 00:00:00-05:00,6.462151844332862,6.647191599036952,6.447918382513182,6.632957458496094,1790300,0.0,0.0
2022-01-18 00:00:00-05:00,6.433683836627626,6.504853177405643,6.3482810349266865,6.362514495849609,2290700,0.0,0.0
2022-01-19 00:00:00-05:00,6.405216236060646,6.4835019679395565,6.341163965104658,6.362514495849609,1470200,0.0,0.0
2022-01-20 00:00:00-05:00,6.341164863437422,6.447918889727952,6.227294445037841,6.227294445037842,2186900,0.0,0.0
2022-01-21 00:00:00-05:00,6.106305831360111,6.113422900879818,5.8714479669786535,5.885682106018066,3321800,0.0,0.0
2022-01-24 00:00:00-05:00,5.714876584184854,5.857214599728953,5.423083482639151,5.835864067077637,3372400,0.0,0.0
2022-01-25 00:00:00-05:00,5.721993632418064,5.9212668534058235,5.665058426421561,5.878565788269043,1824800,0.0,0.0
2022-01-26 00:00:00-05:00,6.013786375845159,6.063605187175692,5.814513166686487,5.892798900604248,2153400,0.0,0.0
2022-01-27 00:00:00-05:00,6.156124456272045,6.4550346129581095,6.1063063230647545,6.291346073150635,3809100,0.0,0.0
2022-01-28 00:00:00-05:00,6.462152629170841,6.547555446624756,6.33404806362934,6.547555446624756,2281500,0.0,0.0
2022-01-31 00:00:00-05:00,6.483502686707183,6.497736827929252,6.305579993758588,6.440801620483398,2912500,0.0,0.0
2022-02-01 00:00:00-05:00,6.4692684310753235,6.839347234101786,6.46215136133684,6.825113773345947,3435500,0.0,0.0
2022-02-02 00:00:00-05:00,6.9603351178212565,7.173842471598102,6.9318675158990875,7.095556735992432,3807400,0.0,0.0
2022-02-03 00:00:00-05:00,7.003037603908558,7.024388137937688,6.853582508262171,6.867815971374512,2447500,0.0,0.0
2022-02-04 00:00:00-05:00,6.910516344177365,7.2307770058237555,6.903399274675619,7.195192337036133,2569600,0.0,0.0
2022-02-07 00:00:00-05:00,7.259245588149625,7.65779271084387,7.259245588149625,7.522571086883545,3713000,0.0,0.0
2022-02-08 00:00:00-05:00,7.664909993389973,7.785896801045624,7.536805436350653,7.750312805175781,2918800,0.0,0.0
2022-02-09 00:00:00-05:00,7.7787803708158245,8.063456408700626,7.736078625772499,8.049222946166992,3347600,0.0,0.0
2022-02-10 00:00:00-05:00,8.184443903946839,8.526055149803657,8.177326833311186,8.26272964477539,3828000,0.0,0.0
2022-02-11 00:00:00-05:00,8.241377620639222,8.419300282015236,8.020753900616777,8.084805488586426,3241500,0.0,0.0
2022-02-14 00:00:00-05:00,7.970936574454234,8.0919240609603,7.885533762577225,7.96381950378418,2530600,0.0,0.0
2022-02-15 00:00:00-05:00,8.070571710735997,8.291195422068744,8.049221182253714,8.212909698486328,2545000,0.0,0.0
2022-02-16 00:00:00-05:00,8.348131670916654,8.597223689962316,8.341015279671664,8.462002754211426,4812000,0.0,0.0
2022-02-17 00:00:00-05:00,8.312548220472321,8.76802986846235,8.248495944043427,8.447769165039062,6455800,0.0,0.0
2022-02-18 00:00:00-05:00,8.433535187273762,8.632808396085837,8.383716376029879,8.526054382324219,4554400,0.0,0.0
2022-02-22 00:00:00-05:00,8.53317330381663,9.251981239968861,8.504705696380963,9.180811882019043,7909300,0.0,0.0
2022-02-23 00:00:00-05:00,9.173692804365414,9.316030799886143,8.896133204059172,8.931717872619629,5928500,0.0,0.0
2022-02-24 00:00:00-05:00,8.198678106315873,8.675510304197463,8.08480701146047,8.618575096130371,6385300,0.0,0.0
2022-02-25 00:00:00-05:00,8.732446109215836,9.159460165720501,8.718211967971742,9.109642028808594,5391900,0.0,0.0
2022-02-28 00:00:00-05:00,8.95306893818392,9.237744946265625,8.753795732526726,8.810730934143066,6545500,0.0,0.0
2022-03-01 00:00:00-05:00,9.088290683015641,9.13810881547296,8.760912929607942,8.82496452331543,5173100,0.0,0.0
2022-03-02 00:00:00-05:00,8.801942308954258,9.354461251508264,8.686833647043395,9.323765754699707,4899400,0.9,0.0
2022-03-03 00:00:00-05:00,9.270050629774929,9.377485255518671,8.940073425720836,8.970768928527832,3685200,0.0,0.0
2022-03-04 00:00:00-05:00,8.771246315234636,8.840311362100786,8.587072612978789,8.809615135192871,3399700,0.0,0.0
2022-03-07 00:00:00-05:00,8.610096901320151,8.840313536896552,8.425923153755923,8.541031837463379,4968600,0.0,0.0
2022-03-08 00:00:00-05:00,8.817290300342135,9.23935395948535,8.679160921083906,9.08587646484375,4569300,0.0,0.0
2022-03-09 00:00:00-05:00,9.262377087647177,9.362137660292875,8.894031033421726,9.062856674194336,3550700,0.0,0.0
2022-03-10 00:00:00-05:00,9.001462394026923,9.224005653807398,8.963093573081109,9.154940605163574,2814700,0.0,0.0
2022-03-11 00:00:00-05:00,9.270049473062475,9.50026608130788,9.231679916381836,9.231679916381836,3486800,0.0,0.0
2022-03-14 00:00:00-04:00,9.070528699573032,9.085876815548824,8.487314197423503,8.56405258178711,4265200,0.0,0.0
2022-03-15 00:00:00-04:00,8.633118087901963,8.671487647993668,8.272445393981505,8.518010139465332,3605300,0.0,0.0
2022-03-16 00:00:00-04:00,8.771247775805088,9.016811777252599,8.679161275262272,8.901703834533691,2686200,0.0,0.0
2022-03-17 00:00:00-04:00,8.955420820373902,9.170289322683772,8.940072704289683,9.116572380065918,2250700,0.0,0.0
2022-03-18 00:00:00-04:00,9.131920052888896,9.208659172058105,9.009138047688944,9.208659172058105,2076900,0.0,0.0
2022-03-21 00:00:00-04:00,9.131920894741905,9.507941735129442,9.05518250033682,9.339116096496582,3837000,0.0,0.0
2022-03-22 00:00:00-04:00,9.154942156407028,9.170289541018196,8.917051474306918,8.924725532531738,3907300,0.0,0.0
2022-03-23 00:00:00-04:00,9.024486228193856,9.46957136611621,9.016812169854871,9.346789360046387,4177500,0.0,0.0
2022-03-24 00:00:00-04:00,9.323766314974483,9.323766314974483,9.047506827096761,9.21633243560791,2774900,0.0,0.0
2022-03-25 00:00:00-04:00,9.170288837278912,9.362135887145996,9.101223782232616,9.362135887145996,1988900,0.0,0.0
2022-03-28 00:00:00-04:00,9.308419105914101,9.753504210639429,9.19331043493025,9.369810104370117,5636800,0.0,0.0
2022-03-29 00:00:00-04:00,9.28539929210979,9.507941883482411,8.748226863699932,9.492593765258789,5828000,0.0,0.0
2022-03-30 00:00:00-04:00,9.56933174246623,9.853265308927414,9.523288125168364,9.607701301574707,4388800,0.0,0.0
2022-03-31 00:00:00-04:00,9.484917959736627,9.692113126574377,9.477244633876223,9.500266075134277,1849700,0.0,0.0
2022-04-01 00:00:00-04:00,9.6077006202725,9.883960108954154,9.569331063884889,9.776525497436523,2748200,0.0,0.0
2022-04-04 00:00:00-04:00,9.592354270395099,9.661419338236112,9.039834459505546,9.139595031738281,4865900,0.0,0.0
2022-04-05 00:00:00-04:00,9.131918622414423,9.323765658446982,8.847985096906841,8.963093757629395,3498600,0.0,0.0
2022-04-06 00:00:00-04:00,8.924725786732091,9.10889879834268,8.732878716678105,8.8019437789917,3644800,0.0,0.0
2022-04-07 00:00:00-04:00,8.83263987013573,9.10122534702505,8.824965811180409,9.055182456970215,2637300,0.0,0.0
2022-04-08 00:00:00-04:00,9.10122455482172,9.415854358056452,9.070529053510828,9.354462623596191,3575200,0.0,0.0
2022-04-11 00:00:00-04:00,9.162613998536145,9.162613998536145,8.53335596280424,8.679160118103027,5147200,0.0,0.0
2022-04-12 00:00:00-04:00,8.778921197077736,9.016811874936035,8.755899754652242,8.917051315307617,2644500,0.0,0.0
2022-04-13 00:00:00-04:00,9.055181461403357,9.546309471130371,9.055181461403357,9.546309471130371,3255400,0.0,0.0
2022-04-14 00:00:00-04:00,9.592352657846206,10.513218366631754,9.569331216382134,10.467175483703613,7287000,0.0,0.0
2022-04-18 00:00:00-04:00,10.436480439333435,10.95063062274968,10.029764141990848,10.712739944458008,6079300,0.0,0.0
2022-04-19 00:00:00-04:00,10.129523660734103,10.505543687023183,9.868611566790369,10.359740257263184,6445900,0.0,0.0
2022-04-20 00:00:00-04:00,10.252307128867358,10.390437253072086,9.999069055717682,10.329046249389648,3586700,0.0,0.0
2022-04-21 00:00:00-04:00,10.628327442071708,10.72808726949168,10.106503203439452,10.1602201461792,3622800,0.0,0.0
2022-04-22 00:00:00-04:00,10.290677600003338,10.444155122794427,9.937678931664557,10.045113563537598,2859700,0.0,0.0
2022-04-25 00:00:00-04:00,9.515615396466853,9.607702643928688,8.456620100880025,8.947748184204102,10196900,0.0,0.0
2022-04-26 00:00:00-04:00,8.963095125350234,9.239354635931045,8.878681948238352,8.993790626525879,3205000,0.0,0.0
2022-04-27 00:00:00-04:00,9.24702807606878,9.799547792135805,9.23167996058766,9.715134620666504,3781500,0.0,0.0
2022-04-28 00:00:00-04:00,9.699787528417122,9.860939086617924,9.454222796211148,9.807221412658691,3008700,0.0,0.0
2022-04-29 00:00:00-04:00,9.906983170467111,10.022091858457468,9.354463370893598,9.615375518798828,3499900,0.0,0.0
2022-05-02 00:00:00-04:00,9.523287276616609,9.653743326858349,9.354461670685227,9.623047828674316,2620900,0.0,0.0
2022-05-03 00:00:00-04:00,9.65374339948608,10.428805649261916,9.638396016197804,10.25230598449707,4432600,0.0,0.0
2022-05-04 00:00:00-04:00,10.520893791260221,10.689719424886682,10.336720771943275,10.643675804138184,2790200,0.0,0.0
2022-05-05 00:00:00-04:00,10.643674298301955,10.812499908043458,10.229284697546206,10.528566360473633,3298000,0.0,0.0
2022-05-06 00:00:00-04:00,10.659024465688832,10.751110980047272,10.321373181202661,10.612980842590332,3131900,0.0,0.0
2022-05-09 00:00:00-04:00,10.451826603727948,10.513217597700987,9.54630834486806,9.661417007446289,4820400,0.0,0.0
2022-05-10 00:00:00-04:00,9.96837352170335,10.375089834584927,9.853265573129917,10.114177703857422,3389300,0.0,0.0
2022-05-11 00:00:00-04:00,10.38276379561983,10.804827519245041,10.275329898876398,10.436481475830078,3667500,0.0,0.0
2022-05-12 00:00:00-04:00,10.428805387099876,10.482522325016108,9.768851090010655,10.229284286499023,4643700,0.0,0.0
2022-05-13 00:00:00-04:00,10.321373181202661,10.858544880879503,10.313699122046485,10.612980842590332,3606900,0.0,0.0
2022-05-16 00:00:00-04:00,10.643675179138496,11.403389388089153,10.643675179138496,11.288281440734863,4840500,0.0,0.0
2022-05-17 00:00:00-04:00,11.510825078259412,11.87917112948121,11.380369002158721,11.710346221923828,4727800,0.0,0.0
2022-05-18 00:00:00-04:00,11.618258793291291,11.733366742264906,11.173173650563532,11.295955657958984,4885100,0.0,0.0
2022-05-19 00:00:00-04:00,11.357345283831316,12.585165940670288,11.326649785706302,12.293559074401855,8470000,0.0,0.0
2022-05-20 00:00:00-04:00,12.017300638986907,12.285886836232423,11.679650109611709,11.94056224822998,5868300,0.0,0.0
2022-05-23 00:00:00-04:00,11.82545300060997,12.239842632826388,11.549193489745184,12.047995567321777,6554200,0.0,0.0
2022-05-24 00:00:00-04:00,11.694996490529173,11.94823454876925,11.549193048327304,11.802431106567383,4730100,0.0,0.0
2022-05-25 00:00:00-04:00,11.817778088210549,12.024973255262823,11.671974650974018,11.9175386428833,4139700,0.0,0.0
2022-05-26 00:00:00-04:00,11.894519030151267,12.216822184999224,11.848475408670758,12.117061614990234,3842300,0.0,0.0
2022-05-27 00:00:00-04:00,12.047995380689281,12.209146942490333,11.840800933709907,12.163104057312012,4832100,0.0,0.0
2022-05-31 00:00:00-04:00,11.988779879273086,12.155180686473345,11.49750148555729,11.695597648620605,5288200,0.5,0.0
2022-06-01 00:00:00-04:00,11.972931188270874,12.297809513226653,11.84614977154513,12.194799423217773,5043900,0.0,0.0
2022-06-02 00:00:00-04:00,12.17102734082406,12.535524291748995,12.020474597381453,12.194799423217773,3825600,0.0,0.0
2022-06-03 00:00:00-04:00,12.16310421181971,12.495905812469989,12.044246065486407,12.456286430358887,2537900,0.0,0.0
2022-06-06 00:00:00-04:00,12.598916089704831,13.042651086620495,12.448363333241959,12.72569751739502,5609000,0.0,0.0
2022-06-07 00:00:00-04:00,12.337428128214158,12.559296362963572,12.147256003294817,12.432514190673828,4751600,0.0,0.0
2022-06-08 00:00:00-04:00,11.8857695058676,11.917464860989504,11.259785675452314,11.473729133605957,6172100,0.0,0.0
2022-06-09 00:00:00-04:00,11.331099205850894,11.370718584450293,10.847744147156453,10.871516227722168,5910200,0.0,0.0
2022-06-10 00:00:00-04:00,10.665496855004488,10.895288361121057,10.51494411196681,10.610030174255371,3970200,0.0,0.0
2022-06-13 00:00:00-04:00,10.3247707957555,10.45155220678698,10.039512620934673,10.12667465209961,5601700,0.0,0.0
2022-06-14 00:00:00-04:00,10.071208128805797,10.641725242911177,10.071208128805797,10.269304275512695,4767800,0.0,0.0
2022-06-15 00:00:00-04:00,10.301000562718936,10.41985795924878,10.071209041931512,10.356467247009277,3311200,0.0,0.0
2022-06-16 00:00:00-04:00,9.873112730591407,10.071208892316212,9.738407280164388,9.881036758422852,4102400,0.0,0.0
2022-06-17 00:00:00-04:00,10.015742218282728,10.269305063712684,9.912732123407588,10.063284873962402,3627800,0.0,0.0
2022-06-21 00:00:00-04:00,10.356467187194866,10.483248610941638,10.134599695638013,10.166295051574707,3796400,0.0,0.0
2022-06-22 00:00:00-04:00,9.738406800371248,9.87311224416158,9.231280379297239,9.239204406738281,4799300,0.0,0.0
2022-06-23 00:00:00-04:00,9.45314770747391,9.548233760621606,9.183736845717052,9.278822898864746,3918600,0.0,0.0
2022-06-24 00:00:00-04:00,9.302596075495147,9.38183484673404,9.033185160095222,9.056957244873047,19669200,0.0,0.0
2022-06-27 00:00:00-04:00,9.286748093359384,9.714635764169486,9.270900038003477,9.611625671386719,5306700,0.0,0.0
2022-06-28 00:00:00-04:00,9.350138594776892,9.405605275931054,9.15204244130991,9.159966468811035,4013900,0.0,0.0
2022-06-29 00:00:00-04:00,9.405606193460681,9.429377522606124,9.001489819603494,9.12034797668457,3533700,0.0,0.0
2022-06-30 00:00:00-04:00,9.152042464287105,9.358062645772446,9.041108346023416,9.223357200622559,5177400,0.0,0.0
2022-07-01 00:00:00-04:00,8.953945781231088,8.985641133765416,8.21702789021194,8.518134117126465,4853200,0.0,0.0
2022-07-05 00:00:00-04:00,8.217029635967076,8.304191685035354,8.13779161563509,8.288344383239746,3848500,0.0,0.0
2022-07-06 00:00:00-04:00,8.201179796046686,8.28834181813981,7.75744414794365,7.939692974090576,4538600,0.0,0.0
2022-07-07 00:00:00-04:00,8.304190719193889,8.557754319524973,8.193257352496119,8.256648063659668,4732400,0.0,0.0
2022-07-08 00:00:00-04:00,8.320038774823217,8.399277541616097,8.185333324681453,8.256648063659668,2617900,0.0,0.0
2022-07-11 00:00:00-04:00,8.232876715144739,8.32003875385574,8.114018565254955,8.193257331848145,1938300,0.0,0.0
2022-07-12 00:00:00-04:00,8.08232265243949,8.10609397850755,7.85253115197669,7.971389293670654,2558400,0.0,0.0
2022-07-13 00:00:00-04:00,7.892151803663602,8.066476652819015,7.820837058296525,7.979313850402832,2225900,0.0,0.0
2022-07-14 00:00:00-04:00,7.8604556192785795,8.034780450116227,7.7336741989155176,8.026856422424316,2918700,0.0,0.0
2022-07-15 00:00:00-04:00,8.248724147090803,8.454744338989258,8.161562106984638,8.454744338989258,2048600,0.0,0.0
2022-07-18 00:00:00-04:00,8.65283954151831,8.819240330996616,8.573600782461282,8.60529613494873,3301300,0.0,0.0
2022-07-19 00:00:00-04:00,8.589449971239477,8.740002726524192,8.549830586477105,8.72415542602539,2689300,0.0,0.0
2022-07-20 00:00:00-04:00,8.565677668494068,8.644915673330308,8.407200147467941,8.629068374633789,2340400,0.0,0.0
2022-07-21 00:00:00-04:00,8.652841603191588,8.85886182128591,8.573602825254698,8.843013763427734,2352900,0.0,0.0
2022-07-22 00:00:00-04:00,8.795471978319547,8.874710008481314,8.494365650079875,8.581527709960938,1853000,0.0,0.0
2022-07-25 00:00:00-04:00,8.644915673330308,8.740001732539888,8.581524967190587,8.629068374633789,2216200,0.0,0.0
2022-07-26 00:00:00-04:00,8.652840510385461,8.692459894350195,8.557754442276234,8.636992454528809,1409600,0.0,0.0
2022-07-27 00:00:00-04:00,8.81924063175546,9.025260807788099,8.66868713554821,8.977717399597168,2156100,0.0,0.0
2022-07-28 00:00:00-04:00,8.977717242585586,9.033183921440916,8.747925744314731,8.835087776184082,2212800,0.0,0.0
2022-07-29 00:00:00-04:00,8.700382312191831,8.716230366492146,8.5260582489493,8.652839660644531,2855300,0.0,0.0
2022-08-01 00:00:00-04:00,8.755851829125332,9.009414712825143,8.69246110820038,8.953948020935059,2349200,0.0,0.0
2022-08-02 00:00:00-04:00,8.700383266729597,8.922251517214717,8.54190648472373,8.803393363952637,2678700,0.0,0.0
2022-08-03 00:00:00-04:00,8.581525775778582,8.597373831645195,8.27249548747167,8.33588695526123,3228600,0.0,0.0
2022-08-04 00:00:00-04:00,8.217029654112928,8.280420372789292,8.042704799914434,8.137791633605957,2957300,0.0,0.0
2022-08-05 00:00:00-04:00,8.13779079098993,8.478515679676278,8.13779079098993,8.33588695526123,1907300,0.0,0.0
2022-08-08 00:00:00-04:00,8.518135038700493,8.716231202391201,8.430972998720263,8.573601722717285,2227300,0.0,0.0
2022-08-09 00:00:00-04:00,8.803392580346667,8.914326695714779,8.732078601549492,8.85886001586914,2737800,0.0,0.0
2022-08-10 00:00:00-04:00,9.12034795959339,9.167890617795186,8.938099088014706,9.056957244873047,2952400,0.0,0.0
2022-08-11 00:00:00-04:00,8.914327725120213,9.255053382208091,8.890556396109432,9.11242389678955,2903200,0.0,0.0
2022-08-12 00:00:00-04:00,9.080727612909731,9.191661729768018,8.95394619688703,9.175813674926758,2154800,0.0,0.0
2022-08-15 00:00:00-04:00,8.351733430029947,8.652839660644531,8.248723344108367,8.652839660644531,4801400,0.0,0.0
2022-08-16 00:00:00-04:00,8.636992454528809,8.692459894350195,8.518135058311499,8.636992454528809,2151300,0.0,0.0
2022-08-17 00:00:00-04:00,8.45474425530591,8.541906294549362,8.407200843924189,8.502286911010742,2824600,0.0,0.0
2022-08-18 00:00:00-04:00,8.446819489610071,8.581524928468356,8.359657457980461,8.533982276916504,3138900,0.0,0.0
2022-08-19 00:00:00-04:00,8.224952676975116,8.335886798930272,8.153637938266579,8.312114715576172,2851600,0.0,0.0
2022-08-22 00:00:00-04:00,7.955542750653674,8.177410266020955,7.9238473913154905,8.137791633605957,3419700,0.0,0.0
2022-08-23 00:00:00-04:00,8.240799045281992,8.446819210333242,8.232875774069866,8.343809127807617,3178100,0.0,0.0
2022-08-24 00:00:00-04:00,8.304190687791472,8.391353482069409,8.161561966051279,8.312114715576172,3943100,0.0,0.0
2022-08-25 00:00:00-04:00,8.629068216071925,8.700382192411077,8.423048047065105,8.60529613494873,4746000,0.0,0.0
2022-08-26 00:00:00-04:00,8.232876642505238,8.423048773838724,8.003085128224724,8.27249526977539,6098400,0.0,0.0
2022-08-29 00:00:00-04:00,8.13779057558873,8.320038679169446,8.090247164924222,8.121942520141602,3893600,0.0,0.0
2022-08-30 00:00:00-04:00,7.844607663402622,7.860455718987471,7.464263397488817,7.488034725189209,6365900,0.0,0.0
2022-08-31 00:00:00-04:00,7.472186620702327,7.686130058322941,7.377100564462409,7.598968029022217,4926200,0.0,0.0
2022-09-01 00:00:00-04:00,7.781216197433203,7.971389067615189,7.694054167204198,7.789140224456787,4817500,0.0,0.0
2022-09-02 00:00:00-04:00,7.8921521896488,7.907999491796006,7.662360640936893,7.7812180519104,4629800,0.0,0.0
2022-09-06 00:00:00-04:00,7.393000098780504,7.553350199218948,7.36768102645874,7.36768102645874,3919300,0.6,0.0
2022-09-07 00:00:00-04:00,7.232649187448009,7.249528568981754,7.06385939637662,7.131375312805176,4241400,0.0,0.0
2022-09-08 00:00:00-04:00,7.0554203362119425,7.384561061859131,7.046981449544027,7.384561061859131,4754000,0.0,0.0
2022-09-09 00:00:00-04:00,7.50271567890797,7.646187241176708,7.485836292827682,7.578670501708984,2764600,0.0,0.0
2022-09-12 00:00:00-04:00,7.7474594389956986,7.781217398877572,7.6377458681662995,7.76433801651001,2766400,0.0,0.0
2022-09-13 00:00:00-04:00,7.722140716268067,7.933128176328433,7.71370182955415,7.789656639099121,3892500,0.0,0.0
2022-09-14 00:00:00-04:00,7.95844725433727,8.101918791626202,7.874051948336738,7.924689292907715,3750600,0.0,0.0
2022-09-15 00:00:00-04:00,7.730580655757348,7.857173618765414,7.578669422088993,7.739020347595215,4067000,0.0,0.0
2022-09-16 00:00:00-04:00,7.42675849256709,7.52803237323374,7.333923498316048,7.460516452789307,3404500,0.0,0.0
2022-09-19 00:00:00-04:00,7.063860389953066,7.291727243590257,6.9372682300568425,7.173573970794678,3554400,0.0,0.0
2022-09-20 00:00:00-04:00,7.443636917318972,7.713701398401381,7.409878957790326,7.705261707305908,3837200,0.0,0.0
2022-09-21 00:00:00-04:00,7.713701611192156,7.713701611192156,7.485834774447913,7.502714157104492,2567700,0.0,0.0
2022-09-22 00:00:00-04:00,7.333924293518066,7.536472881666546,7.325485406187445,7.333924293518066,2150500,0.0,0.0
2022-09-23 00:00:00-04:00,7.173573741429168,7.173573741429168,6.869752084480532,6.9879045486450195,3002100,0.0,0.0
2022-09-26 00:00:00-04:00,6.608126881443722,6.717840452222556,6.414018410999102,6.489974021911621,4728300,0.0,0.0
2022-09-27 00:00:00-04:00,6.591247848856938,6.776916626638467,6.523731929663654,6.751598358154297,3304900,0.0,0.0
2022-09-28 00:00:00-04:00,6.65876456530867,6.684083239250884,6.4393378016583815,6.565930366516113,3651700,0.0,0.0
2022-09-29 00:00:00-04:00,6.414018129906623,6.481534046680386,6.11019610199808,6.21990966796875,3165600,0.0,0.0
2022-09-30 00:00:00-04:00,6.228349865265298,6.44777661262371,6.203031193202931,6.304305076599121,2246200,0.0,0.0
2022-10-03 00:00:00-04:00,6.48997417557476,6.658763978902769,6.4393372345763575,6.549050807952881,2503600,0.0,0.0
2022-10-04 00:00:00-04:00,6.861312265396776,6.903509918180559,6.793796342884036,6.886630535125732,2654400,0.0,0.0
2022-10-05 00:00:00-04:00,7.10605774623447,7.224211014064607,7.0047838616029034,7.190453052520752,3056900,0.0,0.0
2022-10-06 00:00:00-04:00,7.089178585996412,7.232650128283416,7.038542044514712,7.114497661590576,2756700,0.0,0.0
2022-10-07 00:00:00-04:00,7.0554195856363995,7.224210178690813,7.030101318619517,7.156693458557129,1830100,0.0,0.0
2022-10-10 00:00:00-04:00,7.182012663832407,7.232649198806742,6.979464914228643,7.021661758422852,2907200,0.0,0.0
2022-10-11 00:00:00-04:00,6.819114246983856,7.106057304704251,6.73471934836804,6.971025466918945,2357400,0.0,0.0
2022-10-12 00:00:00-04:00,7.004784081909142,7.139815932331426,6.920388772968557,7.114497661590576,1272600,0.0,0.0
2022-10-13 00:00:00-04:00,6.9625861639777735,7.350803121678544,6.928828202649588,7.274847507476807,2258100,0.0,0.0
2022-10-14 00:00:00-04:00,7.376120567321777,7.460515863639331,7.317044342811406,7.376120567321777,1746300,0.0,0.0
2022-10-17 00:00:00-04:00,7.570230638596504,7.587109217649671,7.148255699174119,7.300166130065918,3406200,0.0,0.0
2022-10-18 00:00:00-04:00,7.502714157104492,7.60398803848418,7.401440275724806,7.502714157104492,2165300,0.0,0.0
2022-10-19 00:00:00-04:00,7.376121671297408,7.435198709502966,7.17357389564402,7.241089820861816,1526600,0.0,0.0
2022-10-20 00:00:00-04:00,7.249529126457967,7.291726778684043,7.013223400786521,7.063859939575195,1778500,0.0,0.0
2022-10-21 00:00:00-04:00,7.097617690711866,7.300165449589561,7.063859730898916,7.266407489776611,1634700,0.0,0.0
2022-10-24 00:00:00-04:00,7.376120273028371,7.376120273028371,7.156693155240018,7.283286094665527,2204800,0.0,0.0
2022-10-25 00:00:00-04:00,7.232649617649397,7.477395030473786,7.207331348696049,7.460516452789307,1776600,0.0,0.0
2022-10-26 00:00:00-04:00,7.443637495711759,7.536472495269021,7.325485030607321,7.418319225311279,2759900,0.0,0.0
2022-10-27 00:00:00-04:00,7.274846712724579,7.333922937381705,7.089177543276643,7.156693458557129,2627300,0.0,0.0
2022-10-28 00:00:00-04:00,7.072299784690614,7.1988919392667485,6.962586208459762,7.190453052520752,2349300,0.0,0.0
2022-10-31 00:00:00-04:00,6.785355905853906,7.046980680486189,6.743158257706352,7.030101299285889,2784800,0.0,0.0
2022-11-01 00:00:00-04:00,7.215770952483812,7.3423631005690595,7.1482550328579135,7.266407489776611,2238500,0.0,0.0
2022-11-02 00:00:00-04:00,7.350803400554064,7.460516980246311,7.232650128996263,7.241089820861816,2199300,0.0,0.0
2022-11-03 00:00:00-04:00,7.173573301504313,7.29172656327626,7.122935959358266,7.266407489776611,1772100,0.0,0.0
2022-11-04 00:00:00-04:00,8.000643853482494,8.068160579093588,7.772777822138124,7.975325584411621,4402100,0.0,0.0
2022-11-07 00:00:00-05:00,7.561791731107439,7.831855462801252,7.426759865260532,7.696823596954346,3112600,0.0,0.0
2022-11-08 00:00:00-05:00,7.696822965482992,7.907810439772065,7.663065001790874,7.831854820251465,1973500,0.0,0.0
2022-11-09 00:00:00-05:00,7.9162504556737785,7.933129035783481,7.544912035019833,7.56179141998291,1886200,0.0,0.0
2022-11-10 00:00:00-05:00,7.679944408561594,7.865612806985479,7.57866971233522,7.857173919677734,2855500,0.0,0.0
2022-11-11 00:00:00-05:00,8.059721148725341,8.262268917556481,8.059721148725341,8.177873611450195,3123800,0.0,0.0
2022-11-14 00:00:00-05:00,8.270708197190428,8.33822411677131,8.076599324755458,8.110357284545898,3102800,0.0,0.0
2022-11-15 00:00:00-05:00,8.228512371631197,8.228512371631197,8.051282842201926,8.160996437072754,2280000,0.0,0.0
2022-11-16 00:00:00-05:00,7.705261760126318,7.722140337579724,7.097617679591983,7.139815330505371,6389500,0.0,0.0
2022-11-17 00:00:00-05:00,7.122935627987508,7.36768102645874,7.03010144403401,7.36768102645874,3443500,0.0,0.0
2022-11-18 00:00:00-05:00,7.291727321430253,7.291727321430253,7.063860465360558,7.106058120727539,2677700,0.0,0.0
2022-11-21 00:00:00-05:00,7.030101573149611,7.241089017253388,6.996343614287135,7.232649326324463,2540900,0.0,0.0
2022-11-22 00:00:00-05:00,7.257969103899482,7.409879531105336,7.232650028654086,7.291727066040039,2479200,0.0,0.0
2022-11-23 00:00:00-05:00,7.333923515828937,7.485834739618297,7.274847286512302,7.350802898406982,2458700,0.0,0.0
2022-11-25 00:00:00-05:00,7.649759516085451,7.816823702905398,7.553038718512931,7.755273342132568,2255300,0.35,0.0
2022-11-28 00:00:00-05:00,7.517866345739504,7.56183064314543,7.333216967474,7.3859734535217285,2457300,0.0,0.0
2022-11-29 00:00:00-05:00,7.39476723128227,7.526660136887187,7.289253409927923,7.306839466094971,2053200,0.0,0.0
2022-11-30 00:00:00-05:00,7.394767193581176,7.465109740792109,7.271668155236696,7.421145439147949,2428100,0.0,0.0
2022-12-01 00:00:00-05:00,7.385974613492229,7.421145889230787,7.166153930488896,7.192533016204834,2216000,0.0,0.0
2022-12-02 00:00:00-05:00,7.104603144290057,7.280459491713235,7.060638847796961,7.2540812492370605,1685200,0.0,0.0
2022-12-05 00:00:00-05:00,7.553038350728399,7.825615511773354,7.333217680863425,7.350802898406982,2759700,0.0,0.0
2022-12-06 00:00:00-05:00,7.394766962393477,7.509073807674917,7.2540818723699445,7.31563138961792,2110300,0.0,0.0
2022-12-07 00:00:00-05:00,7.289252578567391,7.306838632728697,7.122189256781063,7.1309814453125,2221400,0.0,0.0
2022-12-08 00:00:00-05:00,7.31563138961792,7.438731262663151,7.262874900133736,7.31563138961792,1626300,0.0,0.0
2022-12-09 00:00:00-05:00,7.465109740792109,7.544245316041737,7.368388948014403,7.421145439147949,1742700,0.0,0.0
2022-12-12 00:00:00-05:00,7.500280405191654,7.667344570159912,7.482695189091923,7.667344570159912,2179100,0.0,0.0
2022-12-13 00:00:00-05:00,7.957509055183579,7.957509055183579,7.684931033722755,7.720102310180664,3055600,0.0,0.0
2022-12-14 00:00:00-05:00,7.913544044962099,7.9487153182866255,7.597002585041364,7.711309432983398,2206600,0.0,0.0
2022-12-15 00:00:00-05:00,7.975092261705534,8.194912893735337,7.88716451202311,7.983885288238525,4033100,0.0,0.0
2022-12-16 00:00:00-05:00,7.895958715071563,7.957509077961117,7.720102332278649,7.746481418609619,2207800,0.0,0.0
2022-12-19 00:00:00-05:00,7.693723860908958,7.728895136445424,7.412353656617223,7.473903179168701,2114700,0.0,0.0
2022-12-20 00:00:00-05:00,7.614588240736412,7.790444617481607,7.58820999386197,7.755273342132568,1697800,0.0,0.0
2022-12-21 00:00:00-05:00,8.142157461436064,8.344392066474787,8.063021889534209,8.23887825012207,3425300,0.0,0.0
2022-12-22 00:00:00-05:00,8.238878353273158,8.282842653607876,7.85199435513606,8.001472473144531,1949500,0.0,0.0
2022-12-23 00:00:00-05:00,8.05422871932013,8.142157317332497,7.9575079323459335,8.106986045837402,1006900,0.0,0.0
2022-12-27 00:00:00-05:00,8.106985391371031,8.133363633225558,8.036642854059503,8.089399337768555,877300,0.0,0.0
2022-12-28 00:00:00-05:00,8.063022884557306,8.098194161015215,7.720102310180664,7.720102310180664,2028800,0.0,0.0
2022-12-29 00:00:00-05:00,7.799237645956204,7.869580196654282,7.74648115220732,7.755273342132568,990500,0.0,0.0
2022-12-30 00:00:00-05:00,7.649758489024998,7.728894057572892,7.5706229204771045,7.640965461730957,1207700,0.0,0.0
2023-01-03 00:00:00-05:00,7.640965896095804,7.676137168722106,7.333217470252978,7.342010498046875,1768200,0.0,0.0
2023-01-04 00:00:00-05:00,7.183739253182861,7.227703552998585,6.999089864796243,7.060639381408691,2977400,0.0,0.0
2023-01-05 00:00:00-05:00,7.01667574675986,7.060639628841617,6.875990653258799,6.95512580871582,1874400,0.0,0.0
2023-01-06 00:00:00-05:00,7.19253182636302,7.403559445884623,7.09581020517037,7.3683881759643555,1895900,0.0,0.0
2023-01-09 00:00:00-05:00,7.535451914657916,7.640965730246617,7.517866698001098,7.561830997467041,1863300,0.0,0.0
2023-01-10 00:00:00-05:00,7.561832064067331,7.772859725010295,7.553039035224028,7.764066696166992,1940200,0.0,0.0
2023-01-11 00:00:00-05:00,7.825614956903556,7.9223365814577225,7.711308954601949,7.781651496887207,1470500,0.0,0.0
2023-01-12 00:00:00-05:00,7.799237179571212,7.966301356400923,7.7640659063253725,7.922337055206299,1315900,0.0,0.0
2023-01-13 00:00:00-05:00,7.922337139530056,8.001472714812822,7.869579809825109,7.966301441192627,1290200,0.0,0.0
2023-01-17 00:00:00-05:00,8.17732811342178,8.41473397257428,8.150949870971326,8.318013191223145,2382100,0.0,0.0
2023-01-18 00:00:00-05:00,8.414735536114684,8.49387111671942,8.142158356864329,8.150951385498047,1656500,0.0,0.0
2023-01-19 00:00:00-05:00,8.089399188327022,8.150949536249437,7.9750923576701656,8.09819221496582,1278500,0.0,0.0
2023-01-20 00:00:00-05:00,8.230085158665027,8.361978056995593,8.133364370728692,8.291635513305664,1208700,0.0,0.0
2023-01-23 00:00:00-05:00,8.142156280021002,8.256463107454675,8.04543466681989,8.203705787658691,1688600,0.0,0.0
2023-01-24 00:00:00-05:00,8.09819323755552,8.124571482253623,7.975093364715576,7.975093364715576,1426600,0.0,0.0
2023-01-25 00:00:00-05:00,7.825614164841334,8.02784958235432,7.772857682741713,7.983885288238525,1597300,0.0,0.0
2023-01-26 00:00:00-05:00,8.01905769014885,8.063021990483568,7.825615271805659,8.001472473144531,1383200,0.0,0.0
2023-01-27 00:00:00-05:00,8.001471211963912,8.24767008106382,7.992678185573057,8.203705787658691,1916700,0.0,0.0
2023-01-30 00:00:00-05:00,8.300427766690504,8.423527638376642,8.23887825012207,8.23887825012207,2445000,0.0,0.0
2023-01-31 00:00:00-05:00,8.28284262779706,8.423527717590332,8.221293110649823,8.423527717590332,1585800,0.0,0.0
2023-02-01 00:00:00-05:00,8.467492639730029,8.546628218188616,8.3004284544176,8.485077857971191,2139300,0.0,0.0
2023-02-02 00:00:00-05:00,8.45869826902451,8.537833834925078,8.203706355872233,8.318013191223145,2713100,0.0,0.0
2023-02-03 00:00:00-05:00,8.168535382665459,8.28284222216187,8.133364111939581,8.15974235534668,1975500,0.0,0.0
2023-02-06 00:00:00-05:00,8.133364111939581,8.238877924117213,8.080606786576146,8.15974235534668,1382300,0.0,0.0
2023-02-07 00:00:00-05:00,8.212500717796685,8.44990661553901,8.194914660938334,8.44111442565918,1518100,0.0,0.0
2023-02-08 00:00:00-05:00,8.537834317780378,8.634555104601537,8.42352747596487,8.529041290283203,1424400,0.0,0.0
2023-02-09 00:00:00-05:00,8.57300457333726,8.678518375152436,8.529040279610314,8.58179759979248,1771300,0.0,0.0
2023-02-10 00:00:00-05:00,8.713691069798458,8.722484097694048,8.344392283676587,8.555419921875,2452800,0.0,0.0
2023-02-13 00:00:00-05:00,8.458698747404314,8.555419534225473,8.291635417704267,8.529041290283203,2026500,0.0,0.0
2023-02-14 00:00:00-05:00,8.41473388671875,8.511455505632243,8.318013106354456,8.41473388671875,1314700,0.0,0.0
2023-02-15 00:00:00-05:00,8.309220402302296,8.405942024973946,8.194913563676222,8.353184700012207,1522900,0.0,0.0
2023-02-16 00:00:00-05:00,8.221293183646619,8.344392219034088,8.115778526815522,8.230085372924805,2296100,0.0,0.0
2023-02-17 00:00:00-05:00,8.318013822023925,8.335599038808075,8.159742678220214,8.23887825012207,2487900,0.0,0.0
2023-02-21 00:00:00-05:00,8.616970126968184,8.819204733712429,8.485077226503028,8.564212799072266,3657600,0.0,0.0
2023-02-22 00:00:00-05:00,8.634555420542497,8.801619594904729,8.590591958546497,8.748862266540527,2517800,0.0,0.0
2023-02-23 00:00:00-05:00,9.012646998656,9.144539058338578,8.915926210792064,9.091782569885254,2467800,0.0,0.0
2023-02-24 00:00:00-05:00,8.99506094347205,9.126953841703893,8.968682699245388,9.091782569885254,2445200,0.0,0.0
2023-02-27 00:00:00-05:00,9.163512724138137,9.208344169542928,9.002119862716368,9.037984848022461,2203100,0.2,0.0
2023-02-28 00:00:00-05:00,9.271107518979138,9.351803948287994,9.18144462972737,9.30697250366211,2237400,0.0,0.0
2023-03-01 00:00:00-05:00,9.405602909319178,9.486299355028404,9.271109403196373,9.315940856933594,2064700,0.0,0.0
2023-03-02 00:00:00-05:00,9.253176009578851,9.289040999728815,9.09178398144842,9.208345413208008,1525800,0.0,0.0
2023-03-03 00:00:00-05:00,9.369737594056096,9.459400498436832,9.324906141865727,9.387670516967773,1917000,0.0,0.0
2023-03-06 00:00:00-05:00,9.1545471994398,9.208345110440295,9.02901931049784,9.05591869354248,2175300,0.0,0.0
2023-03-07 00:00:00-05:00,9.037984172553847,9.064882695750937,8.912456305819703,8.984187126159668,1338200,0.0,0.0
2023-03-08 00:00:00-05:00,9.055917599256873,9.13661317337346,8.9752211700516,9.082816123962402,1752800,0.0,0.0
2023-03-09 00:00:00-05:00,9.04695311274845,9.07385164332139,8.625538810024352,8.634505271911621,2190100,0.0,0.0
2023-03-10 00:00:00-05:00,8.813830234212663,8.912458749706017,8.562775286991204,8.634505271911621,1950000,0.0,0.0
2023-03-13 00:00:00-04:00,8.535875363939661,8.697267376137882,8.401381022837624,8.508975982666016,2625400,0.0,0.0
2023-03-14 00:00:00-04:00,8.912456305819703,9.181444103056506,8.885557782622612,8.984187126159668,2569000,0.0,0.0
2023-03-15 00:00:00-04:00,8.473110996056551,8.607605337158589,8.356549575803612,8.508975982666016,2948900,0.0,0.0
2023-03-16 00:00:00-04:00,8.392415174025425,8.616571570442558,8.320685195579047,8.589673042297363,1467300,0.0,0.0
2023-03-17 00:00:00-04:00,8.535875364332849,8.589672416705158,8.23998815593023,8.284819602966309,2618500,0.0,0.0
2023-03-20 00:00:00-04:00,8.284819889007535,8.3924148525557,8.168258464724833,8.231022834777832,1651000,0.0,0.0
2023-03-21 00:00:00-04:00,8.419313444756476,8.562773382692866,8.383448460272378,8.410346984863281,1261000,0.0,0.0
2023-03-22 00:00:00-04:00,8.35654874114438,8.517941592311274,8.266886711120605,8.266886711120605,1636000,0.0,0.0
2023-03-23 00:00:00-04:00,8.526907305367413,8.661400766173406,8.392412989472849,8.428277969360352,1518600,0.0,0.0
2023-03-24 00:00:00-04:00,8.392414548125089,8.544840954727988,8.34758395625613,8.517942428588867,1319000,0.0,0.0
2023-03-27 00:00:00-04:00,8.500009046828085,8.50897550675113,8.21308917000007,8.392414093017578,1106100,0.0,0.0
2023-03-28 00:00:00-04:00,8.34758395625613,8.419313929352938,8.257921062340756,8.29378604888916,700700,0.0,0.0
2023-03-29 00:00:00-04:00,8.464143753051758,8.535874574727307,8.419313165251435,8.464143753051758,1094600,0.0,0.0
2023-03-30 00:00:00-04:00,8.517942124246167,8.526908584335082,8.320684277733525,8.356549263000488,942200,0.0,0.0
2023-03-31 00:00:00-04:00,8.383448914349044,8.553807386103541,8.374482453970195,8.53587532043457,1246800,0.0,0.0
2023-04-03 00:00:00-04:00,8.338616846153416,8.356548910486097,8.132392548251268,8.222055435180664,1954100,0.0,0.0
2023-04-04 00:00:00-04:00,8.257922042858743,8.35655055380549,8.204124129103988,8.275854110717773,1442700,0.0,0.0
2023-04-05 00:00:00-04:00,8.132393355187697,8.150326276388434,7.908236970710957,8.024798393249512,1755200,0.0,0.0
2023-04-06 00:00:00-04:00,8.024798388231996,8.033764848826758,7.899271360260306,7.917203426361084,1216600,0.0,0.0
2023-04-10 00:00:00-04:00,7.9172038560778235,8.222056692136071,7.9172038560778235,8.159293174743652,998100,0.0,0.0
2023-04-11 00:00:00-04:00,8.051696258531772,8.239987640228037,8.033764193892862,8.195157051086426,1574400,0.0,0.0
2023-04-12 00:00:00-04:00,8.311718969707727,8.320684575028281,8.204123154973786,8.29378604888916,903200,0.0,0.0
2023-04-13 00:00:00-04:00,8.374482343182317,8.625537244847743,8.374482343182317,8.544840812683105,1535700,0.0,0.0
2023-04-14 00:00:00-04:00,8.571740479350675,8.598639005939775,8.401381149079304,8.491044044494629,946600,0.0,0.0
2023-04-17 00:00:00-04:00,8.607605322504241,8.6524359143732,8.508975968179584,8.517942428588867,1630500,0.0,0.0
2023-04-18 00:00:00-04:00,8.517943191937821,8.670369612200655,8.48207820217532,8.571741104125977,1315900,0.0,0.0
2023-04-19 00:00:00-04:00,8.51794288902776,8.526909349921725,8.320685024804364,8.41931438446045,1142800,0.0,0.0
2023-04-20 00:00:00-04:00,8.482077900540666,8.571740799302784,8.401381462672516,8.41931438446045,917000,0.0,0.0
2023-04-21 00:00:00-04:00,8.347583305864088,8.36551537019677,8.19515691113731,8.222055435180664,874500,0.0,0.0
2023-04-24 00:00:00-04:00,8.186190645319613,8.491043441993721,8.186190645319613,8.392414093017578,1698500,0.0,0.0
2023-04-25 00:00:00-04:00,8.24895477772625,8.266887698926988,7.908236970710957,8.024798393249512,1735100,0.0,0.0
2023-04-26 00:00:00-04:00,8.150325435859955,8.186190419473993,7.997899041728134,8.006865501403809,1329200,0.0,0.0
2023-04-27 00:00:00-04:00,8.248955581384811,8.293787033665636,8.150327070438063,8.275854110717773,1169900,0.0,0.0
2023-04-28 00:00:00-04:00,8.1592929032713,8.293786394662758,8.096528532878358,8.204123497009277,1366700,0.0,0.0
2023-05-01 00:00:00-04:00,8.213088624166366,8.213088624166366,7.926168766406758,7.962033748626709,1451000,0.0,0.0
2023-05-02 00:00:00-04:00,7.863406702292088,7.872372308173587,7.567519475894294,7.621317386627197,1353400,0.0,0.0
2023-05-03 00:00:00-04:00,7.702013032409875,7.728911557463256,7.5764851570129395,7.5764851570129395,1536000,0.0,0.0
2023-05-04 00:00:00-04:00,7.53165350211363,7.53165350211363,7.3074971377044315,7.415092945098877,1443700,0.0,0.0
2023-05-05 00:00:00-04:00,7.585451768176655,7.728911711437602,7.585451768176655,7.657181739807129,968700,0.0,0.0
2023-05-08 00:00:00-04:00,7.719945877531602,7.791675854981537,7.684080888806635,7.737878799438477,824100,0.0,0.0
2023-05-09 00:00:00-04:00,7.70201319032639,7.8992710399692365,7.666148204490301,7.881338119506836,1015300,0.0,0.0
2023-05-10 00:00:00-04:00,7.935136842429979,7.944102448495141,7.710980444113751,7.800642490386963,1753500,0.0,0.0
2023-05-11 00:00:00-04:00,7.710979138269028,7.782709105175736,7.648214775909167,7.675114154815674,1262200,0.0,0.0
2023-05-12 00:00:00-04:00,7.73787766208688,7.91720257935365,7.612349792455813,7.675114154815674,1381700,0.0,0.0
2023-05-15 00:00:00-04:00,7.675114660259102,7.71097964607434,7.531653861909444,7.657181739807129,1205100,0.0,0.0
2023-05-16 00:00:00-04:00,7.612350142113679,7.92616940306167,7.450958136704699,7.5764851570129395,2091600,0.0,0.0
2023-05-17 00:00:00-04:00,7.567519490853105,7.621317401692351,7.42405953540016,7.612350940704346,1491900,0.0,0.0
2023-05-18 00:00:00-04:00,7.621317067061453,7.621317067061453,7.468890657313124,7.585452079772949,1287500,0.0,0.0
2023-05-19 00:00:00-04:00,7.477857430425119,7.5226888801815495,7.388194530912257,7.406127452850342,1633700,0.0,0.0
2023-05-22 00:00:00-04:00,7.3074973346389,7.343362319707374,7.181970314443589,7.235767364501953,1568600,0.0,0.0
2023-05-23 00:00:00-04:00,7.235767670505437,7.235767670505437,6.993679224827396,7.056442737579346,1594500,0.0,0.0
2023-05-24 00:00:00-04:00,6.975747123458878,6.984713156836746,6.859185696735871,6.966780662536621,2904700,0.0,0.0
2023-05-25 00:00:00-04:00,6.875948570056094,6.885031499938965,6.694285208094231,6.785116672515869,1792800,0.1,0.0
2023-05-26 00:00:00-04:00,6.785117285867511,6.821450308039135,6.712452107761514,6.776034355163574,1440100,0.0,0.0
2023-05-30 00:00:00-04:00,6.739702441285219,6.748785372899071,6.621621298474445,6.685203552246094,1570500,0.0,0.0
2023-05-31 00:00:00-04:00,6.4762905323609985,6.5217060538952305,6.349126032580407,6.412708282470703,2267100,0.0,0.0
2023-06-01 00:00:00-04:00,6.412707527807874,6.576204165703988,6.412707527807874,6.512622356414795,1895500,0.0,0.0
2023-06-02 00:00:00-04:00,6.712451406360321,6.957696573401079,6.712451406360321,6.94861364364624,2149200,0.0,0.0
2023-06-05 00:00:00-04:00,6.9576971435737445,6.984946801308488,6.857782742489789,6.939530849456787,1580700,0.0,0.0
2023-06-06 00:00:00-04:00,6.848699397560377,7.021279408701703,6.830533103393849,6.975863456726074,1451800,0.0,0.0
2023-06-07 00:00:00-04:00,6.9031982421875,6.994029712521819,6.866865654053772,6.9031982421875,1859200,0.0,0.0
2023-06-08 00:00:00-04:00,6.994029501711461,7.075778039107635,6.903198034114936,6.957696914672852,1214600,0.0,0.0
2023-06-09 00:00:00-04:00,6.994029202512275,7.084861099341683,6.957696617027945,7.0212788581848145,1401500,0.0,0.0
2023-06-12 00:00:00-04:00,6.930448018237529,6.939530948866814,6.83053318260366,6.85778284072876,1039100,0.0,0.0
2023-06-13 00:00:00-04:00,7.003112730177848,7.057611609686328,6.8668653148473515,6.894114971160889,2185800,0.0,0.0
2023-06-14 00:00:00-04:00,6.975863156829321,7.175692817188945,6.966780226695846,7.039445400238037,1453300,0.0,0.0
2023-06-15 00:00:00-04:00,7.057611999068542,7.202942352442647,6.994029752908062,7.166609764099121,1466800,0.0,0.0
2023-06-16 00:00:00-04:00,7.193859540525507,7.202942471201836,7.103028068169099,7.121194362640381,1401400,0.0,0.0
2023-06-20 00:00:00-04:00,7.003113669365202,7.075778851788301,6.912282191336329,7.048529624938965,1253800,0.0,0.0
2023-06-21 00:00:00-04:00,7.039446260576752,7.1211948073620635,7.012196600608764,7.048529624938965,1132400,0.0,0.0
2023-06-22 00:00:00-04:00,7.221108396213193,7.221108396213193,7.093944341420428,7.148443222045898,1224100,0.0,0.0
2023-06-23 00:00:00-04:00,6.94861400457181,7.057611766002923,6.9395306412265825,6.994029521942139,1794900,0.0,0.0
2023-06-26 00:00:00-04:00,6.9122813568123975,6.966780237050038,6.848699113309183,6.885031700134277,1164800,0.0,0.0
2023-06-27 00:00:00-04:00,6.785117533063309,6.875949442123624,6.739702011651793,6.794200897216797,1817600,0.0,0.0
2023-06-28 00:00:00-04:00,6.785116859688524,6.785116859688524,6.630703582471424,6.6942853927612305,1215100,0.0,0.0
2023-06-29 00:00:00-04:00,6.6761190993757715,6.757867636169635,6.6488698758568825,6.6942853927612305,771400,0.0,0.0
2023-06-30 00:00:00-04:00,6.83053318260366,6.921364654489622,6.7942005938492755,6.85778284072876,1140600,0.0,0.0
2023-07-03 00:00:00-04:00,6.875948406744092,6.948613576555518,6.830532459052662,6.839615821838379,502000,0.0,0.0
2023-07-05 00:00:00-04:00,6.721535110154902,6.885031752101883,6.648869935956244,6.803283214569092,2211000,0.0,0.0
2023-07-06 00:00:00-04:00,6.730618365707337,6.730618365707337,6.594371374058404,6.703369140625,1337800,0.0,0.0
2023-07-07 00:00:00-04:00,6.721534704335524,6.894114699196948,6.721534704335524,6.839615821838379,1338900,0.0,0.0
2023-07-10 00:00:00-04:00,6.84869909286499,6.903197972939946,6.812366506148353,6.84869909286499,817800,0.0,0.0
2023-07-11 00:00:00-04:00,6.966780226695846,7.066695056875658,6.957696863443773,7.039445400238037,1008300,0.0,0.0
2023-07-12 00:00:00-04:00,7.18477619512705,7.311940689870248,7.157526969909668,7.157526969909668,1782400,0.0,0.0
2023-07-13 00:00:00-04:00,7.093944341420428,7.148443222045898,7.04852882412517,7.148443222045898,954600,0.0,0.0
2023-07-14 00:00:00-04:00,7.1211941087446915,7.130277039097181,6.903198149743012,6.912281513214111,909200,0.0,0.0
2023-07-17 00:00:00-04:00,6.794200649690073,6.794200649690073,6.703369177057577,6.776034355163574,1270400,0.0,0.0
2023-07-18 00:00:00-04:00,6.766950723802449,6.8668655563072685,6.703368912032789,6.7215352058410645,1102900,0.0,0.0
2023-07-19 00:00:00-04:00,6.730617728834445,6.757867384456955,6.657952557999195,6.676118850708008,2256200,0.0,0.0
2023-07-20 00:00:00-04:00,6.6942854888822625,6.721535145911019,6.594371090386901,6.612537384033203,1482700,0.0,0.0
2023-07-21 00:00:00-04:00,6.585288354660064,6.603454650037828,6.430874627389741,6.5217061042785645,1516200,0.0,0.0
2023-07-24 00:00:00-04:00,6.512622377368052,6.585287550000113,6.476289791052022,6.548954963684082,1128400,0.0,0.0
2023-07-25 00:00:00-04:00,6.694284961600973,6.866864954206733,6.6670357398371305,6.7669501304626465,1406400,0.0,0.0
2023-07-26 00:00:00-04:00,6.83961631840133,6.903198130043141,6.803283297739227,6.875948905944824,1288900,0.0,0.0
2023-07-27 00:00:00-04:00,6.885032140733165,6.930448093730168,6.794200667857786,6.812366962432861,1218800,0.0,0.0
2023-07-28 00:00:00-04:00,6.848698860574955,7.030361787996605,6.821449638020999,7.0212788581848145,1534700,0.0,0.0
2023-07-31 00:00:00-04:00,7.130277293316709,7.193859540525507,7.066695479226536,7.121194362640381,1124700,0.0,0.0
2023-08-01 00:00:00-04:00,7.057612016093635,7.075778310309221,6.94861425080012,7.012196063995361,972100,0.0,0.0
2023-08-02 00:00:00-04:00,6.839616602565634,6.86686582779607,6.721535471584076,6.776034355163574,2530600,0.0,0.0
2023-08-03 00:00:00-04:00,6.785117114193577,6.948614193913967,6.785117114193577,6.9031982421875,770500,0.0,0.0
2023-08-04 00:00:00-04:00,6.94861364364624,7.048528469660943,6.912281058389727,6.94861364364624,1164300,0.0,0.0
2023-08-07 00:00:00-04:00,6.948613912971626,7.012195723075639,6.885031669749015,7.00311279296875,908600,0.0,0.0
2023-08-08 00:00:00-04:00,6.776033581694093,6.857782114291235,6.694285049096951,6.839615821838379,1118000,0.0,0.0
2023-08-09 00:00:00-04:00,6.912281906043949,7.04852933402321,6.894115611187957,7.030362606048584,2323400,0.0,0.0
2023-08-10 00:00:00-04:00,7.0576122648918895,7.066695628879202,6.994030016336599,7.030362606048584,1045200,0.0,0.0
2023-08-11 00:00:00-04:00,6.948614368014593,7.030362476804409,6.921364709672237,6.966780662536621,786500,0.0,0.0
2023-08-14 00:00:00-04:00,6.894115558723419,6.921364784240723,6.812367015934246,6.921364784240723,744500,0.0,0.0
2023-08-15 00:00:00-04:00,6.885031336411232,6.903197628864088,6.830532459052662,6.839615821838379,727500,0.0,0.0
2023-08-16 00:00:00-04:00,6.957696506222658,7.0757776237255126,6.839615821838379,6.839615821838379,2226800,0.0,0.0
2023-08-17 00:00:00-04:00,6.885031836271394,6.91228149348832,6.803283297739227,6.875948905944824,989700,0.0,0.0
2023-08-18 00:00:00-04:00,6.712452107761514,6.8305332387430715,6.676119518708515,6.776034355163574,1234500,0.0,0.0
2023-08-21 00:00:00-04:00,6.721535491815612,6.730618422546888,6.612537724328538,6.6216206550598145,1219600,0.0,0.0
2023-08-22 00:00:00-04:00,6.612537319986056,6.667036200397103,6.576204299926758,6.576204299926758,661700,0.0,0.0
2023-08-23 00:00:00-04:00,6.458123723299749,6.5671214860521525,6.385458548131479,6.530788898468018,1811100,0.0,0.0
2023-08-24 00:00:00-04:00,6.4308743110851925,6.503539489022192,6.358209133148193,6.358209133148193,1313000,0.0,0.0
2023-08-25 00:00:00-04:00,6.358209345939515,6.376375641031739,6.267377870478393,6.303710460662842,1310000,0.0,0.0
2023-08-28 00:00:00-04:00,6.330959669483697,6.41270821373518,6.258294489312884,6.267377853393555,1383000,0.0,0.0
2023-08-29 00:00:00-04:00,6.50353945083876,6.667036533355713,6.467206862083575,6.667036533355713,2080400,0.0,0.0
2023-08-30 00:00:00-04:00,6.594370934120575,6.6397864506008215,6.521705328138712,6.585287570953369,1931100,0.0,0.0
2023-08-31 00:00:00-04:00,6.6761193081831625,6.70336896567293,6.639786720275879,6.639786720275879,1146800,0.0,0.0
2023-09-01 00:00:00-04:00,6.71245166548053,6.721535028704593,6.61253726872742,6.657952785491943,1060400,0.0,0.0
2023-09-05 00:00:00-04:00,6.71245166548053,6.794200202022708,6.648869855386478,6.657952785491943,1424600,0.0,0.0
2023-09-06 00:00:00-04:00,6.803282714893483,6.875948316873727,6.748783838247228,6.7669501304626465,1043900,0.0,0.0
2023-09-07 00:00:00-04:00,6.794200897216797,6.866866077970136,6.7487849426866395,6.794200897216797,1962600,0.0,0.0
2023-09-08 00:00:00-04:00,6.656106647254399,6.840231136381286,6.64690020330435,6.803406238555908,1444400,0.1,0.0
2023-09-11 00:00:00-04:00,6.886263291594266,6.90467574268192,6.8034070422060955,6.812613487243652,1127100,0.0,0.0
2023-09-12 00:00:00-04:00,6.821818687468597,6.867850029244024,6.757375335767891,6.803406238555908,971000,0.0,0.0
2023-09-13 00:00:00-04:00,6.831025264352047,6.913881505565254,6.831025264352047,6.849437713623047,2793100,0.0,0.0
2023-09-14 00:00:00-04:00,6.97832482757463,7.0795935176097595,6.97832482757463,7.06118106842041,1389400,0.0,0.0
2023-09-15 00:00:00-04:00,7.107211348573511,7.171655134578003,7.015149110700936,7.0427680015563965,1644000,0.0,0.0
2023-09-18 00:00:00-04:00,6.978324599923934,7.01514949710131,6.8770559131924465,6.969118595123291,2005900,0.0,0.0
2023-09-19 00:00:00-04:00,7.125624571721297,7.217687258601615,7.033562323828404,7.051974773406982,1442500,0.0,0.0
2023-09-20 00:00:00-04:00,7.024355940889356,7.079593286655421,6.959912151335246,6.969118595123291,1007100,0.0,0.0
2023-09-21 00:00:00-04:00,6.923087321984796,6.959912219522954,6.840231083030238,6.858643531799316,1128700,0.0,0.0
2023-09-22 00:00:00-04:00,7.00594386022472,7.116418557558538,6.99673741595319,7.079593658447266,1074100,0.0,0.0
2023-09-25 00:00:00-04:00,6.987531410669084,7.088799663731372,6.932294062002175,7.079593658447266,958600,0.0,0.0
2023-09-26 00:00:00-04:00,7.051975191477116,7.162450334485434,7.042769185635769,7.107212543487549,988100,0.0,0.0
2023-09-27 00:00:00-04:00,7.208481057262436,7.3189557584571805,7.208481057262436,7.300543308258057,1291500,0.0,0.0
2023-09-28 00:00:00-04:00,7.171655733605572,7.282130428280293,7.125624391330731,7.272924423217773,1134700,0.0,0.0
2023-09-29 00:00:00-04:00,7.3005432154469805,7.346574559853319,7.236099860063028,7.254512310028076,1072600,0.0,0.0
2023-10-02 00:00:00-04:00,7.401811180787001,7.457048964229532,7.272924043725008,7.318954944610596,1801000,0.0,0.0
2023-10-03 00:00:00-04:00,7.282130144658695,7.346573933536058,7.190067902682032,7.2360992431640625,990700,0.0,0.0
2023-10-04 00:00:00-04:00,7.125624421089425,7.134830865177808,6.913881474905616,7.06118106842041,3374300,0.0,0.0
2023-10-05 00:00:00-04:00,7.0611811838117164,7.282130577694585,7.042768734321478,7.263718128204346,1321700,0.0,0.0
2023-10-06 00:00:00-04:00,7.31895503437076,7.411017715245781,7.254511684543122,7.392604827880859,1395300,0.0,0.0
2023-10-09 00:00:00-04:00,7.392605631884869,7.429430532644917,7.318955830364775,7.4018120765686035,863000,0.0,0.0
2023-10-10 00:00:00-04:00,7.411017940453613,7.447842838327706,7.355780154655062,7.383399486541748,942000,0.0,0.0
2023-10-11 00:00:00-04:00,7.383399635676506,7.383399635676506,7.318955404614041,7.37419319152832,2698800,0.0,0.0
2023-10-12 00:00:00-04:00,7.44784252065998,7.44784252065998,7.291336491876721,7.318954944610596,1184600,0.0,0.0
2023-10-13 00:00:00-04:00,7.355780311659352,7.401811654478182,7.272924509167844,7.346574306488037,965600,0.0,0.0
2023-10-16 00:00:00-04:00,7.346574569410011,7.346574569410011,7.190068525009793,7.226893424987793,1146100,0.0,0.0
2023-10-17 00:00:00-04:00,7.355780019557835,7.5030796083488855,7.346574014752095,7.466254711151123,1511400,0.0,0.0
2023-10-18 00:00:00-04:00,7.503080513643511,7.5122869585474685,7.4018122536247,7.420225143432617,960100,0.0,0.0
2023-10-19 00:00:00-04:00,7.328161529877283,7.411017767655794,7.272924184354076,7.337367534637451,778700,0.0,0.0
2023-10-20 00:00:00-04:00,7.364986472298074,7.374192916102399,7.245305336766253,7.309749126434326,883200,0.0,0.0
2023-10-23 00:00:00-04:00,7.190068076839496,7.190068076839496,7.0151495933532715,7.0151495933532715,1554500,0.0,0.0
2023-10-24 00:00:00-04:00,7.236099640711958,7.530699270209841,7.226893196514796,7.475461483001709,4070400,0.0,0.0
2023-10-25 00:00:00-04:00,7.236099728901608,7.291337077795522,7.116418586804413,7.2084808349609375,2000800,0.0,0.0
2023-10-26 00:00:00-04:00,6.895468235015869,6.96911846700405,6.766581097264492,6.895468235015869,2441900,0.0,0.0
2023-10-27 00:00:00-04:00,6.904675211956689,6.969119005303758,6.831025413267139,6.840231418609619,1134300,0.0,0.0
2023-10-30 00:00:00-04:00,6.8770559446693555,6.94149973451843,6.674519009266753,6.7297563552856445,1061800,0.0,0.0
2023-10-31 00:00:00-04:00,6.665312618139257,6.821818652590647,6.637694164405135,6.674519062042236,1160000,0.0,0.0
2023-11-01 00:00:00-04:00,6.619281917969865,6.628487923166909,6.527219671062323,6.6100754737854,1160300,0.0,0.0
2023-11-02 00:00:00-04:00,6.738962972715288,6.895468570973451,6.702138074420731,6.877056121826172,1534400,0.0,0.0
2023-11-03 00:00:00-04:00,6.969118790114451,6.987531239218307,6.867850100549536,6.932293891906738,980400,0.0,0.0
2023-11-06 00:00:00-05:00,7.005944122050103,7.024356572293847,6.923087876459532,6.9599127769470215,680100,0.0,0.0
2023-11-07 00:00:00-05:00,6.812612593807684,6.821818598650464,6.720550350442864,6.7297563552856445,1105700,0.0,0.0
2023-11-08 00:00:00-05:00,6.665312529284106,6.665312529284106,6.573250286418629,6.600869178771973,734400,0.0,0.0
2023-11-09 00:00:00-05:00,6.849437580331335,6.950706268844828,6.803406238555908,6.803406238555908,1167200,0.0,0.0
2023-11-10 00:00:00-05:00,6.858643585293975,6.877056034206663,6.757375335767891,6.803406238555908,857800,0.0,0.0
2023-11-13 00:00:00-05:00,6.812612437383681,6.904674678634664,6.75737509263309,6.895468235015869,834600,0.0,0.0
2023-11-14 00:00:00-05:00,6.941500213823535,7.07959380789972,6.895468869468996,7.070387363433838,1601900,0.0,0.0
2023-11-15 00:00:00-05:00,7.107211686902565,7.125624135353579,6.969118543013655,7.024355888366699,1245600,0.0,0.0
2023-11-16 00:00:00-05:00,7.051974591588096,7.088799489795808,6.913881442802882,6.932293891906738,1004500,0.0,0.0
2023-11-17 00:00:00-05:00,7.098006537646202,7.144037883815289,7.061181636305913,7.107212543487549,1402500,0.0,0.0
2023-11-20 00:00:00-05:00,7.272924628164217,7.318955532748766,7.171655935698328,7.2084808349609375,1717300,0.0,0.0
2023-11-21 00:00:00-05:00,7.650380001612024,8.147516547992874,7.585935773653999,8.129103660583496,4990800,0.0,0.0
2023-11-22 00:00:00-05:00,8.018629338898888,8.119897590384296,7.991010884489202,8.110692024230957,1798100,0.0,0.0
2023-11-24 00:00:00-05:00,8.368466982817662,8.571004379950434,8.368466982817662,8.414498329162598,1929800,0.0,0.0
2023-11-27 00:00:00-05:00,8.451322046000879,8.451322046000879,8.202753337365662,8.294816017150879,1818800,0.0,0.0
2023-11-28 00:00:00-05:00,8.331641776152837,8.368466676284926,8.267197542440526,8.350053787231445,1085500,0.0,0.0
2023-11-29 00:00:00-05:00,8.543385254614538,8.607829492265864,8.451323437644671,8.5341796875,1529100,0.0,0.0
2023-11-30 00:00:00-05:00,8.469734308350663,8.709096580567428,8.396084513510859,8.69989013671875,2265800,0.0,0.0
2023-12-01 00:00:00-05:00,8.755128650178925,8.976078053079211,8.74592220556436,8.9208402633667,2643900,0.0,0.0
2023-12-04 00:00:00-05:00,8.77353964532049,8.77353964532049,8.589415164228072,8.663064956665039,2504900,0.0,0.0
2023-12-05 00:00:00-05:00,8.28155538988988,8.290860721681588,8.132673630843678,8.225725173950195,2326500,0.1,0.0
2023-12-06 00:00:00-05:00,8.076843667758762,8.272251204475678,8.058233003592717,8.141979217529297,2061600,0.0,0.0
2023-12-07 00:00:00-05:00,7.927961545147066,8.048927307128906,7.881435774243521,8.048927307128906,1951000,0.0,0.0
2023-12-08 00:00:00-05:00,8.132673224160493,8.169893662060796,8.067537679686275,8.160589218139648,1175600,0.0,0.0
2023-12-11 00:00:00-05:00,8.141978808214784,8.179199247270413,8.0303174910479,8.07684326171875,1160200,0.0,0.0
2023-12-12 00:00:00-05:00,8.05823271580035,8.20711447419029,8.030317607953556,8.123368263244629,1260800,0.0,0.0
2023-12-13 00:00:00-05:00,8.011706827817452,8.07684326171875,7.834909964154533,8.07684326171875,1633600,0.0,0.0
2023-12-14 00:00:00-05:00,8.28155528247349,8.355996161031051,8.207114403915929,8.253640174865723,1569400,0.0,0.0
2023-12-15 00:00:00-05:00,8.374606296999174,8.570013812758697,8.328080528979246,8.52348804473877,2136700,0.0,0.0
2023-12-18 00:00:00-05:00,8.774727040836497,8.867777693513883,8.579319516587155,8.61653995513916,1619800,0.0,0.0
2023-12-19 00:00:00-05:00,8.560709843931656,8.635150729647165,8.495574290781926,8.588624954223633,1447200,0.0,0.0
2023-12-20 00:00:00-05:00,8.616539580778623,8.718895560498291,8.52348804473877,8.52348804473877,2333300,0.0,0.0
2023-12-21 00:00:00-05:00,8.635149560306244,8.784031311576229,8.579319347282617,8.774726867675781,1101200,0.0,0.0
2023-12-22 00:00:00-05:00,9.025965251334592,9.119016796284502,8.988744810835689,9.063185691833496,1555400,0.0,0.0
2023-12-26 00:00:00-05:00,8.672370870672003,9.016660176974932,8.644455761351582,8.979439735412598,1568500,0.0,0.0
2023-12-27 00:00:00-05:00,8.94221885714406,9.044575731995728,8.904998417399437,9.0166597366333,1705300,0.0,0.0
2023-12-28 00:00:00-05:00,9.00735496145226,9.137626052071532,8.998049630006525,9.025964736938477,1433000,0.0,0.0
2023-12-29 00:00:00-05:00,9.035269923367172,9.119016130224141,8.988744154290497,9.081795692443848,1050800,0.0,0.0
2024-01-02 00:00:00-05:00,9.174846517855771,9.230677619291699,8.904998116960167,8.923608779907227,3163600,0.0,0.0
2024-01-03 00:00:00-05:00,9.04457541252564,9.249287380187633,8.970134535665778,9.230677604675293,2184300,0.0,0.0
2024-01-04 00:00:00-05:00,9.398170293960387,9.630798262747474,9.379559630502888,9.556357383728027,1984000,0.0,0.0
2024-01-05 00:00:00-05:00,9.454000763349958,9.556357640303801,9.40747499086233,9.472611427307129,1648800,0.0,0.0
2024-01-08 00:00:00-05:00,9.277203630049343,9.277203630049343,9.119016540514503,9.146931648254395,1883400,0.0,0.0
2024-01-09 00:00:00-05:00,9.025964575555792,9.025964575555792,8.839862386994842,8.877082824707031,1827300,0.0,0.0
2024-01-10 00:00:00-05:00,9.33303358850629,9.398170021312605,9.193457166245363,9.230677604675293,2825100,0.0,0.0
2024-01-11 00:00:00-05:00,9.212066445576896,9.230677107492077,9.05387936891866,9.091100692749023,1751600,0.0,0.0
2024-01-12 00:00:00-05:00,9.323729739378942,9.360950180183824,9.137626647949219,9.137626647949219,1582400,0.0,0.0
2024-01-16 00:00:00-05:00,9.500525805506424,9.565661349538779,9.379559161299742,9.491220474243164,2073100,0.0,0.0
2024-01-17 00:00:00-05:00,9.342339260733574,9.444695248298078,9.267898381158428,9.426085472106934,1499900,0.0,0.0
2024-01-18 00:00:00-05:00,9.668018930905244,9.79829002856754,9.61218782661762,9.779680252075195,1764000,0.0,0.0
2024-01-19 00:00:00-05:00,9.695933964082885,9.770374844285014,9.565661980026512,9.705239295959473,1418000,0.0,0.0
2024-01-22 00:00:00-05:00,9.62149300804051,9.723848995660306,9.56566190462635,9.63079833984375,1736900,0.0,0.0
2024-01-23 00:00:00-05:00,9.491220122771129,9.649407198767747,9.435389912069498,9.60288143157959,2058800,0.0,0.0
2024-01-24 00:00:00-05:00,9.816900841442166,10.040223487171115,9.816900841442166,9.92856216430664,2007100,0.0,0.0
2024-01-25 00:00:00-05:00,9.844815800906343,9.882036241296326,9.677323375448767,9.779680252075195,1018500,0.0,0.0
2024-01-26 00:00:00-05:00,9.956476727527834,10.01230782960302,9.84481541078272,9.993697166442871,1236300,0.0,0.0
2024-01-29 00:00:00-05:00,9.854121577057898,9.87273135438913,9.630798924651087,9.742460250854492,1206900,0.0,0.0
2024-01-30 00:00:00-05:00,9.751764837746247,9.900647495589654,9.742460392647882,9.891342163085938,1166300,0.0,0.0
2024-01-31 00:00:00-05:00,9.947170608133488,10.003001705786863,9.835509300231934,9.835509300231934,1650100,0.0,0.0
2024-02-01 00:00:00-05:00,9.993697562466279,10.049528666753902,9.593578050125277,9.779680252075195,2238700,0.0,0.0
2024-02-02 00:00:00-05:00,9.686628341674805,9.816900321823923,9.621492795302878,9.686628341674805,1379800,0.0,0.0
2024-02-05 00:00:00-05:00,9.882035771705866,9.956476648948431,9.816900225969933,9.919256210327148,1523200,0.0,0.0
2024-02-06 00:00:00-05:00,10.151884517641593,10.300766277172809,10.077443637875986,10.114664077758789,1912100,0.0,0.0
2024-02-07 00:00:00-05:00,10.161188645034391,10.26354462072829,10.133273540282453,10.198409080505371,1799100,0.0,0.0
2024-02-08 00:00:00-05:00,10.21701893924913,10.282155367417285,10.170494060078546,10.272850036621094,1257200,0.0,0.0
2024-02-09 00:00:00-05:00,10.300766464164496,10.458953558389334,10.300766464164496,10.3659029006958,1926000,0.0,0.0
2024-02-12 00:00:00-05:00,10.356597823153788,10.514784921265088,10.33798715871466,10.486869812011719,1341200,0.0,0.0
2024-02-13 00:00:00-05:00,10.42173236986422,10.431037701187321,10.161189304654055,10.17979907989502,1343100,0.0,0.0
2024-02-14 00:00:00-05:00,10.282156577981429,10.300766354359636,10.123969485442846,10.189105033874512,1169900,0.0,0.0
2024-02-15 00:00:00-05:00,10.123969593363073,10.412427785839917,10.077443820813656,10.3659029006958,1540900,0.0,0.0
2024-02-16 00:00:00-05:00,10.38451208045008,10.421732518869407,10.254240989685059,10.254240989685059,937300,0.0,0.0
2024-02-20 00:00:00-05:00,10.31937649491742,10.31937649491742,10.12396897212492,10.151884078979492,1347200,0.0,0.0
2024-02-21 00:00:00-05:00,10.403123415985675,10.458953633521794,10.365902975159827,10.440343856811523,1103200,0.0,0.0
2024-02-22 00:00:00-05:00,10.682276062639847,10.756717830192745,10.626445846231787,10.700886726379395,2450200,0.0,0.0
2024-02-23 00:00:00-05:00,10.94281946347898,11.110310991428644,10.94281946347898,11.073090553283691,1497500,0.0,0.0
2024-02-26 00:00:00-05:00,10.998649689027408,11.007955020425138,10.626445307170654,10.766021728515625,2192900,0.0,0.0
2024-02-27 00:00:00-05:00,10.980040699070742,11.166142903311538,10.961430034944007,11.128922462463379,1830300,0.0,0.0
2024-02-28 00:00:00-05:00,11.696534700169837,12.22692710479556,11.650009813498478,11.836112022399902,3405100,0.0,0.0
2024-02-29 00:00:00-05:00,11.761669734152154,12.050127901647693,11.761669734152154,11.975687026977539,1984500,0.0,0.0
2024-03-01 00:00:00-05:00,12.245535599857181,12.4781635584788,12.226925824618174,12.3292818069458,3280400,0.0,0.0
2024-03-04 00:00:00-05:00,12.357197640922877,12.375808304662652,12.096654560403062,12.10595989227295,1816500,0.0,0.0
2024-03-05 00:00:00-05:00,12.096654678472792,12.394418201973195,12.078044014551367,12.357197761535645,1883100,0.0,0.0
2024-03-06 00:00:00-05:00,11.8826370026686,12.245536063931928,11.864026339319059,12.189705848693848,2420900,0.0,0.0
2024-03-07 00:00:00-05:00,12.496774499618159,12.673571361652266,12.468858505029676,12.654961585998535,2126000,0.0,0.0
2024-03-08 00:00:00-05:00,12.80384332458714,12.980640186396696,12.785232661551788,12.962030410766602,1823700,0.0,0.0
2024-03-11 00:00:00-04:00,12.673572101454093,12.701487210266825,12.450249456141627,12.50607967376709,1828700,0.0,0.0
2024-03-12 00:00:00-04:00,12.4775264018443,12.801123731489213,12.420421524651466,12.791605949401855,2340200,0.3,0.0
2024-03-13 00:00:00-04:00,12.763053159081121,12.79160559689069,12.448973620178972,12.525114059448242,1955000,0.0,0.0
2024-03-14 00:00:00-04:00,12.47752558539951,12.47752558539951,12.20151627658591,12.268139839172363,1798200,0.0,0.0
2024-03-15 00:00:00-04:00,12.22055294104566,12.258623162669934,12.087306711527862,12.182482719421387,4566800,0.0,0.0
2024-03-18 00:00:00-04:00,12.391868467183002,12.391868467183002,12.182481810046555,12.325244903564453,1896500,0.0,0.0
2024-03-19 00:00:00-04:00,12.153929217130173,12.220551872229377,12.068270999050853,12.191999435424805,2246800,0.0,0.0
2024-03-20 00:00:00-04:00,11.858885119083132,12.011166002206886,11.678051797290088,11.982613563537598,2282300,0.0,0.0
2024-03-21 00:00:00-04:00,12.039718668785488,12.306211126962365,12.030201794159346,12.258623123168945,2458200,0.0,0.0
2024-03-22 00:00:00-04:00,12.153929674680077,12.230070114135742,12.087306109407145,12.230070114135742,1455100,0.0,0.0
2024-03-25 00:00:00-04:00,12.058754079778014,12.192000307169309,12.049236297607422,12.049236297607422,1498100,0.0,0.0
2024-03-26 00:00:00-04:00,11.944542996985053,12.03020121817894,11.868402557627295,11.935025215148926,1837400,0.0,0.0
2024-03-27 00:00:00-04:00,12.020683330766092,12.172964208144135,11.954060673829604,12.163446426391602,1180900,0.0,0.0
2024-03-28 00:00:00-04:00,12.230070645036712,12.487044412438268,12.220552862775182,12.334763526916504,1419500,0.0,0.0
2024-04-01 00:00:00-04:00,12.372833514334317,12.544149961139649,12.239587288189542,12.277657508850098,1587500,0.0,0.0
2024-04-02 00:00:00-04:00,12.039717674255371,12.096823455623438,11.973095019047296,12.039717674255371,1657600,0.0,0.0
2024-04-03 00:00:00-04:00,12.20151618098403,12.506078831805045,12.20151618098403,12.496561050415039,1363800,0.0,0.0
2024-04-04 00:00:00-04:00,12.448974230676944,12.496562234470364,12.258623123168945,12.258623123168945,1451300,0.0,0.0
2024-04-05 00:00:00-04:00,12.277657508850098,12.391869078497423,12.211034849610538,12.277657508850098,1242600,0.0,0.0
2024-04-08 00:00:00-04:00,12.353797523114157,12.353797523114157,12.115858425294556,12.163446426391602,1333600,0.0,0.0
2024-04-09 00:00:00-04:00,12.049236529218252,12.134894755068775,11.982613868074814,12.106342315673828,2452800,0.0,0.0
2024-04-10 00:00:00-04:00,11.98261334205864,12.325245322754098,11.944543121981367,12.220552444458008,1327900,0.0,0.0
2024-04-11 00:00:00-04:00,12.63932457034876,12.915333886384275,12.515596131068618,12.610772132873535,1839700,0.0,0.0
2024-04-12 00:00:00-04:00,12.544149581457367,12.648842458188673,12.353797576250441,12.38235092163086,904900,0.0,0.0
2024-04-15 00:00:00-04:00,12.363316039380038,12.582220494365465,12.33476360009174,12.401386260986328,1364100,0.0,0.0
2024-04-16 00:00:00-04:00,12.401385923841806,12.468009490590843,12.27765748006863,12.429939270019531,868400,0.0,0.0
2024-04-17 00:00:00-04:00,12.667877985913902,12.744018424714872,12.420421105977933,12.458491325378418,1109000,0.0,0.0
2024-04-18 00:00:00-04:00,12.439456369693222,12.563184815707135,12.306211049113369,12.410903930664062,962100,0.0,0.0
2024-04-19 00:00:00-04:00,12.42993846054346,12.563183770032873,12.277656680509619,12.344280242919922,1197500,0.0,0.0
2024-04-22 00:00:00-04:00,12.306210447776477,12.496561544778904,12.220552227208978,12.458491325378418,1041600,0.0,0.0
2024-04-23 00:00:00-04:00,12.42042134206923,12.791605761363147,12.410903560121785,12.734500885009766,1283200,0.0,0.0
2024-04-24 00:00:00-04:00,12.848711816887796,13.06761536031081,12.820159378107764,12.934370040893555,1589500,0.0,0.0
2024-04-25 00:00:00-04:00,12.85822866493773,13.191342846947128,12.80112288386051,13.15327262878418,1246000,0.0,0.0
2024-04-26 00:00:00-04:00,13.32458912418964,13.448317560691274,13.267483342855963,13.372177124023438,1177400,0.0,0.0
2024-04-29 00:00:00-04:00,13.23893119634162,13.257966759758816,13.096168101375143,13.200860977172852,1580100,0.0,0.0
2024-04-30 00:00:00-04:00,13.39121223908112,13.48638824201613,13.305554017972737,13.410247802734375,1551400,0.0,0.0
2024-05-01 00:00:00-04:00,13.353141528336383,13.581563745446335,13.25796643656737,13.448317527770996,1418300,0.0,0.0
2024-05-02 00:00:00-04:00,13.72432698670788,14.019370954376951,13.70529142354698,13.95274829864502,1504900,0.0,0.0
2024-05-03 00:00:00-04:00,14.057442394860566,14.095512614367566,13.876608171453094,14.07647705078125,1299500,0.0,0.0
2024-05-06 00:00:00-04:00,13.37217815486885,13.762398149789506,13.30555458689936,13.733845710754395,2586200,0.0,0.0
2024-05-07 00:00:00-04:00,13.75287980586759,14.162135348540822,13.75287980586759,14.143099784851074,1813200,0.0,0.0
2024-05-08 00:00:00-04:00,13.990819705608061,14.162136157944444,13.848056600438202,14.009855270385742,2316700,0.0,0.0
2024-05-09 00:00:00-04:00,14.066959577884214,14.25731067959913,13.952748916855265,14.20020580291748,1340300,0.0,0.0
2024-05-10 00:00:00-04:00,14.257309913635254,14.38103835001914,14.238275258319211,14.257309913635254,1936100,0.0,0.0
2024-05-13 00:00:00-04:00,14.323933509583908,14.381038383329912,14.114546854628824,14.181169509887695,1476200,0.0,0.0
2024-05-14 00:00:00-04:00,14.000336232250278,14.124064669210442,13.91467801376512,14.105029106140137,1474800,0.0,0.0
2024-05-15 00:00:00-04:00,14.057442890001427,14.057442890001427,13.895644224481288,14.038407325744629,1115800,0.0,0.0
2024-05-16 00:00:00-04:00,14.276346625043072,14.447663074996605,14.247794185939375,14.390557289123535,1503600,0.0,0.0
2024-05-17 00:00:00-04:00,14.428626643740309,14.59042530171796,14.33345154989003,14.533320426940918,1234500,0.0,0.0
2024-05-20 00:00:00-04:00,14.495249721019896,14.733188824051732,14.495249721019896,14.647531509399414,1587400,0.0,0.0
2024-05-21 00:00:00-04:00,14.742705755245476,15.009198188781738,14.733187973833697,15.009198188781738,2364400,0.0,0.0
2024-05-22 00:00:00-04:00,13.838538194576921,13.91467863492589,13.153273323770557,13.467352867126465,7388800,0.0,0.0
2024-05-23 00:00:00-04:00,13.686257743493753,13.686257743493753,13.257967526170265,13.36266040802002,2678300,0.0,0.0
2024-05-24 00:00:00-04:00,13.686256834625777,13.895643492086148,13.67673905299903,13.800467491149902,2098200,0.0,0.0
2024-05-28 00:00:00-04:00,14.057442815042315,14.105029910099237,13.819503709095077,13.971784591674805,1765700,0.0,0.0
2024-05-29 00:00:00-04:00,13.79094974362308,13.93371374538045,13.638668867881044,13.724327087402344,1594800,0.0,0.0
2024-05-30 00:00:00-04:00,13.771915087988134,13.819503088573924,13.610116430595818,13.724327087402344,1099600,0.0,0.0
2024-05-31 00:00:00-04:00,13.77191547203776,13.829020348200666,13.419765710147699,13.695775032043457,1617700,0.0,0.0
2024-06-03 00:00:00-04:00,13.467353289869774,13.505423511239291,13.3341079689093,13.36266040802002,1877800,0.0,0.0
2024-06-04 00:00:00-04:00,13.257967031389208,13.353142127428276,13.143756371542944,13.1818265914917,1795900,0.0,0.0
2024-06-05 00:00:00-04:00,13.32458976838856,13.467352867126465,13.23893154607956,13.467352867126465,1274300,0.0,0.0
2024-06-06 00:00:00-04:00,13.391211719219005,13.419765063590415,13.134237973535503,13.15327262878418,1247500,0.0,0.0
2024-06-07 00:00:00-04:00,13.11435798998426,13.22137486181331,13.026799996405233,13.046257019042969,976600,0.3,0.0
2024-06-10 00:00:00-04:00,12.939241075020062,13.1240869652062,12.910055077160386,13.046257019042969,1108400,0.0,0.0
2024-06-11 00:00:00-04:00,12.443073935457912,12.589004846265535,12.21931308184541,12.481988906860352,3328400,0.0,0.0
2024-06-12 00:00:00-04:00,12.919782518715314,12.997612461228783,12.803037604945109,12.871138572692871,1483700,0.0,0.0
2024-06-13 00:00:00-04:00,13.017071021183293,13.065714969486848,12.880868151494568,13.046257019042969,2798100,0.0,0.0
2024-06-14 00:00:00-04:00,12.481988774539989,12.627919683800613,12.462531752948083,12.501446723937988,1516200,0.0,0.0
2024-06-17 00:00:00-04:00,12.336057957970961,12.608462756947118,12.32632898319886,12.550089836120605,1484200,0.0,0.0
2024-06-18 00:00:00-04:00,12.657106810057718,12.793308746794766,12.637648860348934,12.66683578491211,1085400,0.0,0.0
2024-06-20 00:00:00-04:00,13.143545108078763,13.250561053668442,13.046257210047305,13.21164608001709,1051300,0.0,0.0
2024-06-21 00:00:00-04:00,13.153274126152803,13.22137509831226,13.017071254027734,13.143545150756836,1426500,0.0,0.0
2024-06-24 00:00:00-04:00,13.085171699523926,13.163001643946783,13.055985702316885,13.085171699523926,740200,0.0,0.0
2024-06-25 00:00:00-04:00,12.919783282502467,13.036528203174356,12.851682310728735,13.026800155639648,937000,0.0,0.0
2024-06-26 00:00:00-04:00,13.153274024822325,13.357576939726778,13.13381607418029,13.347848892211914,1398600,0.0,0.0
2024-06-27 00:00:00-04:00,13.542422996022989,13.668896884646633,13.415949107399346,13.513236999511719,1202500,0.0,0.0
2024-06-28 00:00:00-04:00,13.552152143408362,13.62025311207076,13.33811933471868,13.425678253173828,1473400,0.0,0.0
2024-07-01 00:00:00-04:00,13.727269742220146,13.756456668375728,13.552152824317458,13.717541694641113,1028700,0.0,0.0
2024-07-02 00:00:00-04:00,13.532694273337327,13.6786261142243,13.503508276282378,13.542423248291016,1258700,0.0,0.0
2024-07-03 00:00:00-04:00,13.620253638196628,13.902387426447026,13.581338664914027,13.736998558044434,1382700,0.0,0.0
2024-07-05 00:00:00-04:00,13.53269454517964,13.542423520328763,13.182459790066464,13.250560760498047,980500,0.0,0.0
2024-07-08 00:00:00-04:00,13.036528263002868,13.114358210474645,12.83222441893791,12.890597343444824,1309200,0.0,0.0
2024-07-09 00:00:00-04:00,12.841952907472832,12.92951182701068,12.68629301843049,12.76412296295166,1857900,0.0,0.0
2024-07-10 00:00:00-04:00,12.793308617702433,12.997612448552566,12.783580570752312,12.939240455627441,1280300,0.0,0.0
2024-07-11 00:00:00-04:00,12.666835825494436,12.890596681025684,12.579276907136606,12.85168170928955,1476200,0.0,0.0
2024-07-12 00:00:00-04:00,12.939241040621852,13.055985959556338,12.841953144273376,12.861411094665527,1091500,0.0,0.0
2024-07-15 00:00:00-04:00,12.647378123085359,12.919782930566097,12.618192125663954,12.880867958068848,1472200,0.0,0.0
2024-07-16 00:00:00-04:00,12.851681749296459,13.055985583498687,12.764122830666059,13.036527633666992,1240100,0.0,0.0
2024-07-17 00:00:00-04:00,13.046256808232354,13.114357778073222,12.861410921033086,12.948969841003418,1261000,0.0,0.0
2024-07-18 00:00:00-04:00,12.997612500301209,13.065714396059791,12.734936675480135,12.803037643432617,1041500,0.0,0.0
2024-07-19 00:00:00-04:00,12.627919766011415,12.637648740773752,12.530632801806336,12.618191719055176,840800,0.0,0.0
2024-07-22 00:00:00-04:00,12.715479243532876,13.13381589868526,12.715479243532876,13.114357948303223,945800,0.0,0.0
2024-07-23 00:00:00-04:00,12.812766973515554,13.007341835779554,12.764123025998023,12.948969841003418,982000,0.0,0.0
2024-07-24 00:00:00-04:00,12.85168210005107,12.861411075232446,12.589005336990764,12.608463287353516,793500,0.0,0.0
2024-07-25 00:00:00-04:00,12.530633543492735,12.530633543492735,12.160940830896735,12.19985580444336,1707600,0.0,0.0
2024-07-26 00:00:00-04:00,12.267956243698823,12.267956243698823,12.01500939052819,12.14148235321045,1357700,0.0,0.0
2024-07-29 00:00:00-04:00,12.316600725083228,12.384701696838281,12.092839859141684,12.19985580444336,1095200,0.0,0.0
2024-07-30 00:00:00-04:00,12.0733810889971,12.160940005485573,11.85934828511485,11.927450180053711,1149400,0.0,0.0
2024-07-31 00:00:00-04:00,12.073381834047943,12.17066973121792,12.04419583601941,12.083110809326172,1271500,0.0,0.0
2024-08-01 00:00:00-04:00,12.083110331494083,12.083110331494083,11.596672720492892,11.635587692260742,1173400,0.0,0.0
2024-08-02 00:00:00-04:00,11.333996312210331,11.353454262593043,11.14915042260527,11.207523345947266,1693800,0.0,0.0
2024-08-05 00:00:00-04:00,10.575154157249775,10.905931900116371,10.429223236717414,10.847558975219727,2365600,0.0,0.0
2024-08-06 00:00:00-04:00,10.867016354087962,11.295081045507697,10.779457435255123,11.246438026428223,2400400,0.0,0.0
2024-08-07 00:00:00-04:00,11.577214919505494,11.596672869542564,11.207523146862394,11.29508113861084,1535800,0.0,0.0
2024-08-08 00:00:00-04:00,11.343725571238021,11.441013469973582,11.168607724636475,11.421555519104004,1191400,0.0,0.0
2024-08-09 00:00:00-04:00,11.353453636169434,11.402097581636157,11.275623694545112,11.353453636169434,583500,0.0,0.0
2024-08-12 00:00:00-04:00,11.479927936342634,11.674502797404823,11.421555014120916,11.616129875183105,914400,0.0,0.0
2024-08-13 00:00:00-04:00,11.684231758117676,11.771790677440093,11.567486841623161,11.684231758117676,1102500,0.0,0.0
2024-08-14 00:00:00-04:00,11.90799231983093,11.976094215279543,11.65504454315002,11.723146438598633,1942000,0.0,0.0
2024-08-15 00:00:00-04:00,11.596672956116675,11.810705769091678,11.577215005934343,11.73287582397461,1382000,0.0,0.0
2024-08-16 00:00:00-04:00,11.742604004695993,11.771790930301156,11.66477405869451,11.713418006896973,657500,0.0,0.0
2024-08-19 00:00:00-04:00,11.810705979291674,11.937179874309349,11.79124802876304,11.83016300201416,597700,0.0,0.0
2024-08-20 00:00:00-04:00,11.800976462251263,11.86907743036271,11.713417544504487,11.83989143371582,709200,0.0,0.0
2024-08-21 00:00:00-04:00,12.053924482162222,12.112296476625426,11.907992640391962,11.937179565429688,1148000,0.0,0.0
2024-08-22 00:00:00-04:00,11.878807110767402,11.985823056700024,11.800977163215284,11.81070613861084,744500,0.0,0.0
2024-08-23 00:00:00-04:00,11.771790427197557,11.985822305651256,11.723146481074043,11.907992362976074,1096300,0.0,0.0
2024-08-26 00:00:00-04:00,12.034466162334404,12.151211075479527,12.024737187620786,12.112296104431152,1314200,0.0,0.0
2024-08-27 00:00:00-04:00,12.14148283816364,12.336058633028923,12.122025815360802,12.267956733703613,1736900,0.0,0.0
2024-08-28 00:00:00-04:00,11.91772196631392,12.15121180665394,11.752333097454867,11.762062072753906,4027600,0.0,0.0
2024-08-29 00:00:00-04:00,11.99555136134474,12.10256730129339,11.800976503344417,12.024737358093262,2874200,0.0,0.0
2024-08-30 00:00:00-04:00,11.976094789426075,12.063652782961459,11.907992890712585,11.966365814208984,1977100,0.0,0.0
2024-09-03 00:00:00-04:00,11.586943879851631,11.62585885207037,11.295081124308025,11.36318302154541,3201200,0.0,0.0
2024-09-04 00:00:00-04:00,11.324268223179267,11.470199139288372,11.246438277546927,11.27562427520752,2191100,0.0,0.0
2024-09-05 00:00:00-04:00,11.363183330495659,11.392369328501713,11.217251484853096,11.256166458129883,1413300,0.0,0.0
2024-09-06 00:00:00-04:00,11.353453900157032,11.363182875037811,11.022676176659463,11.061591148376465,1355100,0.0,0.0
2024-09-09 00:00:00-04:00,11.012947162897877,11.188064998909192,10.974032191318264,11.129692077636719,1265200,0.0,0.0
2024-09-10 00:00:00-04:00,11.042134002618388,11.051862049583985,10.711356282829444,10.760000228881836,2033300,0.0,0.0
2024-09-11 00:00:00-04:00,10.869999885559082,11.170000076293945,10.859999656677246,11.170000076293945,1424100,0.3,0.0
2024-09-12 00:00:00-04:00,11.300000190734863,11.65999984741211,11.239999771118164,11.470000267028809,2598300,0.0,0.0
2024-09-13 00:00:00-04:00,11.640000343322754,11.6899995803833,11.569999694824219,11.649999618530273,1188000,0.0,0.0
2024-09-16 00:00:00-04:00,11.880000114440918,11.960000038146973,11.779999732971191,11.949999809265137,755400,0.0,0.0
2024-09-17 00:00:00-04:00,11.979999542236328,11.979999542236328,11.829999923706055,11.930000305175781,806400,0.0,0.0
2024-09-18 00:00:00-04:00,11.979999542236328,12.170000076293945,11.930000305175781,11.979999542236328,1145100,0.0,0.0
2024-09-19 00:00:00-04:00,12.399999618530273,12.470000267028809,12.25,12.430000305175781,938000,0.0,0.0
2024-09-20 00:00:00-04:00,12.170000076293945,12.319999694824219,12.0,12.180000305175781,1697600,0.0,0.0
2024-09-23 00:00:00-04:00,12.140000343322754,12.319999694824219,12.109999656677246,12.210000038146973,790700,0.0,0.0
2024-09-24 00:00:00-04:00,13.079999923706055,13.100000381469727,12.890000343322754,13.079999923706055,2217800,0.0,0.0
2024-09-25 00:00:00-04:00,13.0,13.130000114440918,12.899999618530273,12.979999542236328,2009300,0.0,0.0
2024-09-26 00:00:00-04:00,13.15999984741211,13.300000190734863,13.119999885559082,13.239999771118164,1072900,0.0,0.0
2024-09-27 00:00:00-04:00,13.229999542236328,13.239999771118164,13.109999656677246,13.170000076293945,808100,0.0,0.0
2024-09-30 00:00:00-04:00,13.430000305175781,13.4399995803833,13.210000038146973,13.380000114440918,1232200,0.0,0.0
2024-10-01 00:00:00-04:00,12.949999809265137,13.270000457763672,12.920000076293945,13.15999984741211,1714500,0.0,0.0
2024-10-02 00:00:00-04:00,13.09000015258789,13.100000381469727,12.970000267028809,13.039999961853027,1088900,0.0,0.0
2024-10-03 00:00:00-04:00,13.0600004196167,13.079999923706055,12.880000114440918,12.970000267028809,1282900,0.0,0.0
2024-10-04 00:00:00-04:00,13.09000015258789,13.109999656677246,12.930000305175781,12.979999542236328,911800,0.0,0.0
2024-10-07 00:00:00-04:00,13.010000228881836,13.09000015258789,12.899999618530273,12.930000305175781,798200,0.0,0.0
2024-10-08 00:00:00-04:00,12.640000343322754,12.640000343322754,12.5,12.579999923706055,1013500,0.0,0.0
2024-10-09 00:00:00-04:00,12.300000190734863,12.300000190734863,12.15999984741211,12.220000267028809,1311900,0.0,0.0
2024-10-10 00:00:00-04:00,12.319999694824219,12.430000305175781,12.289999961853027,12.390000343322754,589700,0.0,0.0
2024-10-11 00:00:00-04:00,12.390000343322754,12.399999618530273,12.1899995803833,12.289999961853027,911300,0.0,0.0
2024-10-14 00:00:00-04:00,11.779999732971191,11.859999656677246,11.699999809265137,11.75,1881700,0.0,0.0
2024-10-15 00:00:00-04:00,11.420000076293945,11.520000457763672,11.329999923706055,11.380000114440918,1414900,0.0,0.0
2024-10-16 00:00:00-04:00,11.300000190734863,11.420000076293945,11.229999542236328,11.279999732971191,1915500,0.0,0.0
2024-10-17 00:00:00-04:00,11.100000381469727,11.350000381469727,11.029999732971191,11.329999923706055,1058000,0.0,0.0
2024-10-18 00:00:00-04:00,11.380000114440918,11.390000343322754,11.25,11.279999732971191,664600,0.0,0.0
2024-10-21 00:00:00-04:00,11.199999809265137,11.210000038146973,10.970000267028809,10.989999771118164,1025000,0.0,0.0
2024-10-22 00:00:00-04:00,10.920000076293945,11.069999694824219,10.869999885559082,10.920000076293945,910200,0.0,0.0
2024-10-23 00:00:00-04:00,10.779999732971191,10.779999732971191,10.609999656677246,10.699999809265137,2080500,0.0,0.0
2024-10-24 00:00:00-04:00,10.729999542236328,10.760000228881836,10.640000343322754,10.710000038146973,1493700,0.0,0.0
2024-10-25 00:00:00-04:00,10.920000076293945,10.979999542236328,10.819999694824219,10.850000381469727,1274000,0.0,0.0
2024-10-28 00:00:00-04:00,10.739999771118164,10.739999771118164,10.609999656677246,10.619999885559082,1111300,0.0,0.0
2024-10-29 00:00:00-04:00,10.930000305175781,11.0,10.8100004196167,10.84000015258789,1922600,0.0,0.0
2024-10-30 00:00:00-04:00,10.6899995803833,10.8100004196167,10.630000114440918,10.6899995803833,1315600,0.0,0.0
2024-10-31 00:00:00-04:00,10.710000038146973,10.800000190734863,10.65999984741211,10.720000267028809,1584500,0.0,0.0
2024-11-01 00:00:00-04:00,10.739999771118164,10.789999961853027,10.710000038146973,10.760000228881836,738800,0.0,0.0
2024-11-04 00:00:00-05:00,10.819999694824219,10.930000305175781,10.800000190734863,10.829999923706055,1193500,0.0,0.0
2024-11-05 00:00:00-05:00,11.220000267028809,11.369999885559082,11.15999984741211,11.289999961853027,1518800,0.0,0.0
2024-11-06 00:00:00-05:00,10.949999809265137,11.329999923706055,10.949999809265137,11.3100004196167,1873600,0.0,0.0
2024-11-07 00:00:00-05:00,11.729999542236328,11.800000190734863,11.640000343322754,11.779999732971191,1555800,0.0,0.0
2024-11-08 00:00:00-05:00,11.800000190734863,11.869999885559082,11.65999984741211,11.819999694824219,1157900,0.0,0.0
2024-11-11 00:00:00-05:00,11.949999809265137,12.0,11.859999656677246,11.989999771118164,1654400,0.0,0.0
2024-11-12 00:00:00-05:00,11.949999809265137,12.010000228881836,11.760000228881836,11.8100004196167,1488400,0.0,0.0
2024-11-13 00:00:00-05:00,11.710000038146973,11.789999961853027,11.59000015258789,11.699999809265137,1385400,0.0,0.0
2024-11-14 00:00:00-05:00,11.880000114440918,12.050000190734863,11.859999656677246,11.970000267028809,856400,0.0,0.0
2024-11-15 00:00:00-05:00,12.170000076293945,12.180000305175781,12.020000457763672,12.050000190734863,1231500,0.0,0.0
2024-11-18 00:00:00-05:00,12.09000015258789,12.279999732971191,12.029999732971191,12.25,1589500,0.0,0.0
2024-11-19 00:00:00-05:00,11.899999618530273,11.989999771118164,11.640000343322754,11.930000305175781,1790000,0.0,0.0
2024-11-20 00:00:00-05:00,11.960000038146973,12.029999732971191,11.720000267028809,11.829999923706055,1302400,0.0,0.0
2024-11-21 00:00:00-05:00,11.180000305175781,11.25,11.010000228881836,11.1899995803833,1733500,0.0,0.0
2024-11-22 00:00:00-05:00,11.0,11.15999984741211,10.970000267028809,11.140000343322754,1593800,0.0,0.0
2024-11-25 00:00:00-05:00,11.1899995803833,11.210000038146973,11.029999732971191,11.079999923706055,1287300,0.0,0.0
2024-11-26 00:00:00-05:00,11.0600004196167,11.0600004196167,10.829999923706055,10.859999656677246,2052500,0.0,0.0
2024-11-27 00:00:00-05:00,9.84000015258789,10.220000267028809,9.75,10.09000015258789,4112800,0.0,0.0
2024-11-29 00:00:00-05:00,10.039999961853027,10.119999885559082,9.949999809265137,10.0,945400,0.0,0.0
2024-12-02 00:00:00-05:00,9.770000457763672,9.9399995803833,9.680000305175781,9.829999923706055,3199100,0.0,0.0
2024-12-03 00:00:00-05:00,9.90999984741211,9.960000038146973,9.829999923706055,9.949999809265137,1894500,0.0,0.0
2024-12-04 00:00:00-05:00,9.890000343322754,9.949999809265137,9.779999732971191,9.8100004196167,2020300,0.0,0.0
2024-12-05 00:00:00-05:00,9.880000114440918,9.989999771118164,9.869999885559082,9.90999984741211,2012900,0.0,0.0
2024-12-06 00:00:00-05:00,9.880000114440918,9.890000343322754,9.449999809265137,9.5600004196167,2488600,0.0,0.0
2024-12-09 00:00:00-05:00,9.430000305175781,9.579999923706055,9.359999656677246,9.510000228881836,2467500,0.0,0.0
2024-12-10 00:00:00-05:00,9.470000267028809,9.539999961853027,9.319999694824219,9.449999809265137,2640900,0.0,0.0
2024-12-11 00:00:00-05:00,9.350000381469727,9.350000381469727,9.109999656677246,9.220000267028809,1627100,0.0,0.0
2024-12-12 00:00:00-05:00,9.149999618530273,9.289999961853027,9.079999923706055,9.1899995803833,1308900,0.0,0.0
2024-12-13 00:00:00-05:00,9.199999809265137,9.220000267028809,9.020000457763672,9.109999656677246,1220300,0.0,0.0
2024-12-16 00:00:00-05:00,9.0,9.0600004196167,8.920000076293945,8.979999542236328,1653500,0.0,0.0
2024-12-17 00:00:00-05:00,8.84000015258789,8.899999618530273,8.729999542236328,8.850000381469727,3392900,0.0,0.0
2024-12-18 00:00:00-05:00,8.880000114440918,9.039999961853027,8.770000457763672,8.770000457763672,1864400,0.0,0.0
2024-12-19 00:00:00-05:00,8.8100004196167,8.84000015258789,8.59000015258789,8.619999885559082,1362500,0.0,0.0
2024-12-20 00:00:00-05:00,8.600000381469727,8.800000190734863,8.520000457763672,8.710000038146973,1663900,0.0,0.0
2024-12-23 00:00:00-05:00,8.75,9.010000228881836,8.729999542236328,8.970000267028809,1311600,0.0,0.0
2024-12-24 00:00:00-05:00,8.960000038146973,9.039999961853027,8.880000114440918,9.010000228881836,492700,0.0,0.0
2024-12-26 00:00:00-05:00,9.039999961853027,9.050000190734863,8.920000076293945,8.989999771118164,859000,0.0,0.0
2024-12-27 00:00:00-05:00,8.930000305175781,8.960000038146973,8.84000015258789,8.869999885559082,854600,0.0,0.0
2024-12-30 00:00:00-05:00,8.800000190734863,8.819999694824219,8.710000038146973,8.770000457763672,747100,0.0,0.0
2024-12-31 00:00:00-05:00,8.800000190734863,9.010000228881836,8.75,8.960000038146973,1069600,0.0,0.0
2025-01-02 00:00:00-05:00,9.239999771118164,9.40999984741211,9.220000267028809,9.34000015258789,1078600,0.0,0.0
2025-01-03 00:00:00-05:00,9.34000015258789,9.369999885559082,9.0600004196167,9.109999656677246,1095800,0.0,0.0
2025-01-06 00:00:00-05:00,9.100000381469727,9.130000114440918,8.819999694824219,8.84000015258789,1636400,0.0,0.0
2025-01-07 00:00:00-05:00,8.899999618530273,9.020000457763672,8.859999656677246,8.960000038146973,1491500,0.0,0.0
2025-01-08 00:00:00-05:00,8.819999694824219,9.050000190734863,8.720000267028809,8.989999771118164,1767900,0.0,0.0
2025-01-10 00:00:00-05:00,9.489999771118164,9.520000457763672,9.3100004196167,9.329999923706055,2846800,0.0,0.0
2025-01-13 00:00:00-05:00,9.239999771118164,9.279999732971191,9.069999694824219,9.25,1533300,0.0,0.0
2025-01-14 00:00:00-05:00,9.289999961853027,9.369999885559082,9.15999984741211,9.329999923706055,1382800,0.0,0.0
2025-01-15 00:00:00-05:00,9.329999923706055,9.369999885559082,9.180000305175781,9.270000457763672,1009200,0.0,0.0
2025-01-16 00:00:00-05:00,9.15999984741211,9.170000076293945,8.899999618530273,8.989999771118164,1279700,0.0,0.0
2025-01-17 00:00:00-05:00,8.8100004196167,9.020000457763672,8.760000228881836,8.859999656677246,2163100,0.0,0.0
2025-01-21 00:00:00-05:00,8.960000038146973,8.960000038146973,8.789999961853027,8.920000076293945,1903600,0.0,0.0
2025-01-22 00:00:00-05:00,8.84000015258789,8.9399995803833,8.760000228881836,8.869999885559082,2713200,0.0,0.0
2025-01-23 00:00:00-05:00,8.880000114440918,9.0600004196167,8.869999885559082,9.020000457763672,1281600,0.0,0.0
2025-01-24 00:00:00-05:00,9.020000457763672,9.029999732971191,8.8100004196167,8.890000343322754,1376900,0.0,0.0
2025-01-27 00:00:00-05:00,8.760000228881836,8.960000038146973,8.75,8.930000305175781,1595300,0.0,0.0
2025-01-28 00:00:00-05:00,8.979999542236328,9.0600004196167,8.850000381469727,8.859999656677246,1070000,0.0,0.0
2025-01-29 00:00:00-05:00,8.890000343322754,9.210000038146973,8.880000114440918,9.199999809265137,1403900,0.0,0.0
2025-01-30 00:00:00-05:00,9.220000267028809,9.350000381469727,9.09000015258789,9.260000228881836,2277000,0.0,0.0
2025-01-31 00:00:00-05:00,9.390000343322754,9.390000343322754,9.1899995803833,9.25,2160300,0.0,0.0
2025-02-03 00:00:00-05:00,8.979999542236328,9.180000305175781,8.890000343322754,9.020000457763672,2024800,0.0,0.0
2025-02-04 00:00:00-05:00,9.220000267028809,9.550000190734863,9.180000305175781,9.470000267028809,2875800,0.0,0.0
2025-02-05 00:00:00-05:00,9.40999984741211,9.470000267028809,9.319999694824219,9.399999618530273,1304600,0.0,0.0
2025-02-06 00:00:00-05:00,9.369999885559082,9.479999542236328,9.199999809265137,9.25,2439500,0.0,0.0
2025-02-07 00:00:00-05:00,9.319999694824219,9.34000015258789,9.220000267028809,9.279999732971191,1260000,0.0,0.0
