Date,Open,High,Low,Close,Volume,Dividends,Stock Splits,Capital Gains
2023-11-01 00:00:00-04:00,24.280282974243164,24.280282974243164,24.280282974243164,24.280282974243164,0,0.0,0.0,0.0
2023-11-02 00:00:00-04:00,24.561937412996063,24.853300094604492,24.561937412996063,24.853300094604492,3094,0.0,0.0,0.0
2023-11-03 00:00:00-04:00,25.105816154566917,25.319385678181785,25.105816154566917,25.148937225341797,5499,0.0,0.0,0.0
2023-11-06 00:00:00-05:00,25.232071985259246,25.232071985259246,24.960133976041124,24.993833541870117,21103,0.0,0.0,0.0
2023-11-07 00:00:00-05:00,24.98926873255658,24.98926873255658,24.853201550872726,24.872140884399414,5884,0.0,0.0,0.0
2023-11-08 00:00:00-05:00,24.863010162389777,24.863010162389777,24.63963200337592,24.752777099609375,14588,0.0,0.0,0.0
2023-11-09 00:00:00-05:00,24.746464576974148,24.746464576974148,24.444515228271484,24.444515228271484,7820,0.0,0.0,0.0
2023-11-10 00:00:00-05:00,24.450245879149232,24.61642074584961,24.406639471973268,24.61642074584961,1551,0.0,0.0,0.0
2023-11-13 00:00:00-05:00,24.668769776218827,24.668769776218827,24.48423908714722,24.548826217651367,8542,0.0,0.0,0.0
2023-11-14 00:00:00-05:00,25.02005562054068,25.300055431532826,25.02005562054068,25.24770736694336,2806,0.0,0.0,0.0
2023-11-15 00:00:00-05:00,25.562284203194896,25.57083135567362,25.455548533781908,25.529651641845703,4023,0.0,0.0,0.0
2023-11-16 00:00:00-05:00,25.504012713950896,25.523437387395052,25.460308124920953,25.46565055847168,2009,0.0,0.0,0.0
2023-11-17 00:00:00-05:00,25.54276252580897,25.55257118882895,25.465162015408612,25.505176544189453,4062,0.0,0.0,0.0
2023-11-20 00:00:00-05:00,25.58170541804369,25.58170541804369,25.41650309854509,25.448455810546875,4843,0.0,0.0,0.0
2023-11-21 00:00:00-05:00,25.45544864035758,25.45544864035758,25.423108766511607,25.44253158569336,2094,0.0,0.0,0.0
2023-11-22 00:00:00-05:00,25.60113197885852,25.60113197885852,25.46525930838632,25.55237579345703,8310,0.0,0.0,0.0
2023-11-24 00:00:00-05:00,26.009043085884315,26.009043085884315,25.652511596679688,25.652511596679688,1340,0.0,0.0,0.0
2023-11-27 00:00:00-05:00,25.698252955199536,25.698252955199536,25.528291699849838,25.59579086303711,3538,0.0,0.0,0.0
2023-11-28 00:00:00-05:00,25.601134852358413,25.669119358630198,25.513725672169297,25.56277084350586,5233,0.0,0.0,0.0
2023-11-29 00:00:00-05:00,25.54285796811724,25.659404146121467,25.54285796811724,25.547035217285156,1268,0.0,0.0,0.0
2023-11-30 00:00:00-05:00,25.51372393832058,25.776533126831055,25.427189115155485,25.776533126831055,3371,0.0,0.0,0.0
2023-12-01 00:00:00-05:00,25.83422277451485,26.19745635986328,25.82587012852468,26.19745635986328,2131,0.0,0.0,0.0
2023-12-04 00:00:00-05:00,26.174147102396855,26.44152069091797,26.174147102396855,26.44152069091797,1993,0.0,0.0,0.0
2023-12-05 00:00:00-05:00,26.126070588457548,26.154916763305664,26.126070588457548,26.154916763305664,621,0.0,0.0,0.0
2023-12-06 00:00:00-05:00,26.358775964863387,26.407239468879858,26.28020477294922,26.28020477294922,1379,0.0,0.0,0.0
2023-12-07 00:00:00-05:00,26.416949208471035,26.463565826416016,26.330801550313627,26.463565826416016,1844,0.0,0.0,0.0
2023-12-08 00:00:00-05:00,26.455797428893646,26.548061841929922,26.397621592336453,26.436372756958008,1014,0.0,0.0,0.0
2023-12-11 00:00:00-05:00,26.756871978914365,26.756871978914365,26.42665997138125,26.49600601196289,2462,0.0,0.0,0.0
2023-12-12 00:00:00-05:00,26.43637308400144,26.4899845123291,26.43637308400144,26.4899845123291,354,0.0,0.0,0.0
2023-12-13 00:00:00-05:00,26.494646315350728,27.21256446838379,26.494646315350728,27.21256446838379,3262,0.0,0.0,0.0
2023-12-14 00:00:00-05:00,27.417298415701516,27.582404434051593,27.360580444335938,27.360580444335938,5203,0.0,0.0,0.0
2023-12-15 00:00:00-05:00,27.36873794780593,27.36873794780593,27.009388909488592,27.04551887512207,6126,0.0,0.0,0.0
2023-12-18 00:00:00-05:00,27.17449415811082,27.17449415811082,27.031143188476562,27.031143188476562,2388,0.0,0.0,0.0
2023-12-19 00:00:00-05:00,27.174494349918504,27.232768367293765,27.174494349918504,27.208681106567383,1986,0.0,0.0,0.0
2023-12-20 00:00:00-05:00,27.116222534246923,27.213344045351253,26.805435180664062,26.805435180664062,4288,0.0,0.0,0.0
2023-12-21 00:00:00-05:00,26.941403913388537,26.985788345336914,26.805434910675224,26.985788345336914,1309,0.0,0.0,0.0
2023-12-22 00:00:00-05:00,27.19391839750162,27.261902897105184,27.132537841796875,27.132537841796875,1977,0.0,0.0,0.0
2023-12-26 00:00:00-05:00,27.096798419826616,27.21373176574707,27.096798419826616,27.21373176574707,1112,0.0,0.0,0.0
2023-12-27 00:00:00-05:00,27.7119097962707,27.7119097962707,27.17333984375,27.17333984375,2624,0.22915,0.0,0.0
2023-12-28 00:00:00-05:00,27.114587608008772,27.320222799908898,27.114587608008772,27.253440856933594,5658,0.0,0.0,0.0
2023-12-29 00:00:00-05:00,27.3398073862424,27.3398073862424,27.163547584683545,27.218286514282227,6787,0.0,0.0,0.0
2024-01-02 00:00:00-05:00,27.124377522438362,27.49648006434996,27.114585104531116,27.388765335083008,26500,0.0,0.0,0.0
2024-01-03 00:00:00-05:00,27.08520847772159,27.183031802570174,26.941654205322266,26.941654205322266,4247,0.0,0.0,0.0
2024-01-04 00:00:00-05:00,26.957911503392847,27.075416788738533,26.89915699300717,26.928926467895508,7742,0.0,0.0,0.0
2024-01-05 00:00:00-05:00,27.104794887655114,27.104794887655114,26.88946440041074,26.948020935058594,3101,0.0,0.0,0.0
2024-01-08 00:00:00-05:00,27.026458279798852,27.143278121948242,26.957913214377925,27.143278121948242,5457,0.0,0.0,0.0
2024-01-09 00:00:00-05:00,27.006871980539273,27.106262320022047,27.006871980539273,27.101953506469727,3687,0.0,0.0,0.0
2024-01-10 00:00:00-05:00,27.18313237554011,27.18313237554011,27.104794893616308,27.169031143188477,1678,0.0,0.0,0.0
2024-01-11 00:00:00-05:00,27.02655418001355,27.02655418001355,26.889365066582315,27.017839431762695,2512,0.0,0.0,0.0
2024-01-12 00:00:00-05:00,27.18313026012738,27.18313026012738,26.953013107759716,26.992769241333008,4657,0.0,0.0,0.0
2024-01-16 00:00:00-05:00,27.016664034496998,27.016664034496998,26.576014546988308,26.641132354736328,5383,0.0,0.0,0.0
2024-01-17 00:00:00-05:00,26.45283020734497,26.48504638671875,26.45283020734497,26.48504638671875,1433,0.0,0.0,0.0
2024-01-18 00:00:00-05:00,26.468303107002658,26.551535865955252,26.331211110326432,26.551143646240234,2890,0.0,0.0,0.0
2024-01-19 00:00:00-05:00,26.752274515352646,26.752274515352646,26.401224813066445,26.572294235229492,3504,0.0,0.0,0.0
2024-01-22 00:00:00-05:00,26.745421543971176,26.745421543971176,26.669629752570835,26.725250244140625,955,0.0,0.0,0.0
2024-01-23 00:00:00-05:00,26.72779479320784,26.72779479320784,26.593446471233342,26.678638458251953,685,0.0,0.0,0.0
2024-01-24 00:00:00-05:00,26.67883464845992,26.67883464845992,26.27167510986328,26.27167510986328,5474,0.0,0.0,0.0
2024-01-25 00:00:00-05:00,26.4878839491553,26.55975914001465,26.311626026524856,26.55975914001465,3936,0.0,0.0,0.0
2024-01-26 00:00:00-05:00,26.61166000366211,26.61166000366211,26.61166000366211,26.61166000366211,435,0.0,0.0,0.0
2024-01-29 00:00:00-05:00,26.571120787572877,26.744834899902344,26.571120787572877,26.744834899902344,524,0.0,0.0,0.0
2024-01-30 00:00:00-05:00,26.5858082092291,26.735923767089844,26.576015790413763,26.735923767089844,611,0.0,0.0,0.0
2024-01-31 00:00:00-05:00,26.438925390621655,26.438925390621655,26.41082191467285,26.41082191467285,612,0.0,0.0,0.0
2024-02-01 00:00:00-05:00,26.769607543945312,26.769607543945312,26.769607543945312,26.769607543945312,230,0.0,0.0,0.0
2024-02-02 00:00:00-05:00,26.497778192992637,26.71310869000583,26.497778192992637,26.620473861694336,7932,0.0,0.0,0.0
2024-02-05 00:00:00-05:00,26.595599477975025,26.595599477975025,26.194119662471923,26.239652633666992,12565,0.0,0.0,0.0
2024-02-06 00:00:00-05:00,26.282251320739075,26.397113800048828,26.27245890169127,26.397113800048828,2043,0.0,0.0,0.0
2024-02-07 00:00:00-05:00,26.49758134135353,26.523040136251826,26.451557159423828,26.451557159423828,576,0.0,0.0,0.0
2024-02-08 00:00:00-05:00,26.51716460986943,26.51716460986943,26.508644104003906,26.508644104003906,611,0.0,0.0,0.0
2024-02-09 00:00:00-05:00,26.267563404853696,26.321418907593735,26.267563404853696,26.30398941040039,2796,0.0,0.0,0.0
2024-02-12 00:00:00-05:00,26.357160841023603,26.612247467041016,26.357160841023603,26.612247467041016,945,0.0,0.0,0.0
2024-02-13 00:00:00-05:00,26.29204324171867,26.29204324171867,26.074068069458008,26.074068069458008,647,0.0,0.0,0.0
2024-02-14 00:00:00-05:00,26.047237034159494,26.154264450073242,26.047237034159494,26.154264450073242,556,0.0,0.0,0.0
2024-02-15 00:00:00-05:00,26.517262195186916,26.517262195186916,26.409450338722156,26.511093139648438,1612,0.0,0.0,0.0
2024-02-16 00:00:00-05:00,26.38017311710225,26.487885989052845,26.38017311710225,26.384775161743164,487,0.0,0.0,0.0
2024-02-20 00:00:00-05:00,26.429133147575122,26.576015693845626,26.292140141155624,26.556432723999023,2045,0.0,0.0,0.0
2024-02-21 00:00:00-05:00,26.57669963353708,26.58580660116163,26.517358662378925,26.57855987548828,2144,0.0,0.0,0.0
2024-02-22 00:00:00-05:00,26.527054093171312,26.706642150878906,26.527054093171312,26.706642150878906,1164,0.0,0.0,0.0
2024-02-23 00:00:00-05:00,26.732789660533037,26.820723452024794,26.732789660533037,26.79496955871582,823,0.0,0.0,0.0
2024-02-26 00:00:00-05:00,26.771860016186892,26.771860016186892,26.57601537834263,26.649261474609375,3771,0.0,0.0,0.0
2024-02-27 00:00:00-05:00,26.746789932250977,26.746789932250977,26.746789932250977,26.746789932250977,136,0.0,0.0,0.0
2024-02-28 00:00:00-05:00,26.654352770047133,26.771760937117335,26.654352770047133,26.729068756103516,1923,0.0,0.0,0.0
2024-02-29 00:00:00-05:00,26.928533377750238,26.928533377750238,26.92295265197754,26.92295265197754,394,0.0,0.0,0.0
2024-03-01 00:00:00-05:00,26.918741623443506,26.918741623443506,26.727794135435943,26.87301254272461,1045,0.0,0.0,0.0
2024-03-04 00:00:00-05:00,26.908951759663992,27.006874084472656,26.838154230735395,27.006874084472656,1162,0.0,0.0,0.0
2024-03-05 00:00:00-05:00,27.173339598161334,27.173339598161334,26.918742318341305,27.01127815246582,748,0.0,0.0,0.0
2024-03-06 00:00:00-05:00,27.0362480893704,27.15218635981541,27.0362480893704,27.14396095275879,867,0.0,0.0,0.0
2024-03-07 00:00:00-05:00,27.388669648811792,27.388669648811792,27.337064743041992,27.337064743041992,517,0.0,0.0,0.0
2024-03-08 00:00:00-05:00,27.339807558658343,27.42793745999355,27.339807558658343,27.357336044311523,885,0.0,0.0,0.0
2024-03-11 00:00:00-04:00,27.27126005802324,27.483945846557617,27.27126005802324,27.483945846557617,530,0.0,0.0,0.0
2024-03-12 00:00:00-04:00,27.60419653369874,27.60419653369874,27.510093688964844,27.510093688964844,604,0.0,0.0,0.0
2024-03-13 00:00:00-04:00,27.64336300994217,27.64336300994217,27.614377975463867,27.614377975463867,328,0.0,0.0,0.0
2024-03-14 00:00:00-04:00,27.33001553329828,27.49648291958192,27.251678049618505,27.336772918701172,28068,0.0,0.0,0.0
2024-03-15 00:00:00-04:00,27.30063837320817,27.37623405456543,27.30063837320817,27.37623405456543,316,0.0,0.0,0.0
2024-03-18 00:00:00-04:00,27.496480747107572,27.535650419709164,27.365070343017578,27.365070343017578,9660,0.0,0.0,0.0
2024-03-19 00:00:00-04:00,27.545344657097786,27.555919647216797,27.472001441452537,27.555919647216797,375,0.0,0.0,0.0
2024-03-20 00:00:00-04:00,27.63602070327468,27.78045654296875,27.63602070327468,27.78045654296875,1470,0.0,0.0,0.0
2024-03-21 00:00:00-04:00,27.662947635408532,27.926063537597656,27.662947635408532,27.926063537597656,364,0.0,0.0,0.0
2024-03-22 00:00:00-04:00,27.839208866613397,27.839208866613397,27.702215864298523,27.760578155517578,1600,0.0,0.0,0.0
2024-03-25 00:00:00-04:00,27.829414900212875,27.829414900212875,27.66294753062978,27.664514541625977,2208,0.0,0.0,0.0
2024-03-26 00:00:00-04:00,27.642334829384673,27.642334829384673,27.61640739440918,27.61640739440918,288,0.1891,0.0,0.0
2024-03-27 00:00:00-04:00,27.86907385423165,28.113555908203125,27.86907385423165,28.113555908203125,853,0.0,0.0,0.0
2024-03-28 00:00:00-04:00,28.30283283654777,28.32245187156994,28.154960518045872,28.25916290283203,3443,0.0,0.0,0.0
2024-04-01 00:00:00-04:00,28.401413872221415,28.401413872221415,28.076094032418684,28.119075775146484,1251,0.0,0.0,0.0
2024-04-02 00:00:00-04:00,28.03666212107644,28.03666212107644,27.89884376525879,27.89884376525879,406,0.0,0.0,0.0
2024-04-03 00:00:00-04:00,27.72120180476795,27.80213737487793,27.662151029298574,27.80213737487793,1184,0.0,0.0,0.0
2024-04-04 00:00:00-04:00,27.859215463234037,27.928222418813444,27.613056182861328,27.613056182861328,608,0.0,0.0,0.0
2024-04-05 00:00:00-04:00,27.563468935697223,27.647659301757812,27.563468935697223,27.647659301757812,968,0.0,0.0,0.0
2024-04-08 00:00:00-04:00,27.780350399941696,27.859116105668367,27.721397399902344,27.721397399902344,666,0.0,0.0,0.0
2024-04-09 00:00:00-04:00,27.88060760498047,27.88060760498047,27.88060760498047,27.88060760498047,379,0.0,0.0,0.0
2024-04-10 00:00:00-04:00,27.474746704101562,27.474746704101562,27.474746704101562,27.474746704101562,44,0.0,0.0,0.0
2024-04-11 00:00:00-04:00,27.307158118151143,27.332788467407227,27.307158118151143,27.332788467407227,222,0.0,0.0,0.0
2024-04-12 00:00:00-04:00,27.109993096176485,27.17900005048263,26.87339701842749,26.952360153198242,3639,0.0,0.0,0.0
2024-04-15 00:00:00-04:00,26.95226185683472,26.95235963235392,26.794628916902678,26.891733169555664,1381,0.0,0.0,0.0
2024-04-16 00:00:00-04:00,26.741395821229816,26.741395821229816,26.597366840374292,26.715665817260742,1368,0.0,0.0,0.0
2024-04-17 00:00:00-04:00,26.71566656591791,26.75933837890625,26.705808160876238,26.75933837890625,3584,0.0,0.0,0.0
2024-04-18 00:00:00-04:00,26.981836962199846,27.00155189132785,26.833962771799957,26.97286605834961,552,0.0,0.0,0.0
2024-04-19 00:00:00-04:00,26.95226141450747,27.28507423400879,26.95226141450747,27.28507423400879,5783,0.0,0.0,0.0
2024-04-22 00:00:00-04:00,27.39588276456749,27.60290363931906,27.39588276456749,27.406036376953125,841,0.0,0.0,0.0
2024-04-23 00:00:00-04:00,27.524133856333634,27.53389448553567,27.504319271372925,27.519107818603516,1090,0.0,0.0,0.0
2024-04-24 00:00:00-04:00,27.553512930628074,27.622619542432467,27.553512930628074,27.596494674682617,823,0.0,0.0,0.0
2024-04-25 00:00:00-04:00,27.44635430300919,27.447044372558594,27.367883805719785,27.447044372558594,741,0.0,0.0,0.0
2024-04-26 00:00:00-04:00,27.44517079371413,27.44517079371413,27.36186981201172,27.36186981201172,599,0.0,0.0,0.0
2024-04-29 00:00:00-04:00,27.490814208984375,27.490814208984375,27.490814208984375,27.490814208984375,150,0.0,0.0,0.0
2024-04-30 00:00:00-04:00,27.405737621521215,27.407907485961914,27.405737621521215,27.407907485961914,473,0.0,0.0,0.0
2024-05-01 00:00:00-04:00,27.100134723107086,27.25796509761162,27.100134723107086,27.162240982055664,824,0.0,0.0,0.0
2024-05-02 00:00:00-04:00,27.10999282074007,27.228291798561898,27.10999282074007,27.206899642944336,861,0.0,0.0,0.0
2024-05-03 00:00:00-04:00,27.238149790729615,27.317312240600586,27.238149790729615,27.317312240600586,651,0.0,0.0,0.0
2024-05-06 00:00:00-04:00,27.218433866292845,27.3761645859282,27.218433866292845,27.34442138671875,688,0.0,0.0,0.0
2024-05-07 00:00:00-04:00,27.517629623413086,27.517629623413086,27.517629623413086,27.517629623413086,36,0.0,0.0,0.0
2024-05-08 00:00:00-04:00,27.502939422534546,27.562482833862305,27.435312608127933,27.562482833862305,860,0.0,0.0,0.0
2024-05-09 00:00:00-04:00,27.681767657837632,27.825302124023438,27.622619107968543,27.825302124023438,894,0.0,0.0,0.0
2024-05-10 00:00:00-04:00,27.907617568969727,27.907617568969727,27.907617568969727,27.907617568969727,96,0.0,0.0,0.0
2024-05-13 00:00:00-04:00,28.154959110811063,28.154959110811063,27.86927032470703,27.86927032470703,465,0.0,0.0,0.0
2024-05-14 00:00:00-04:00,28.036661219339496,28.036661219339496,27.7552087536242,27.883268356323242,746,0.0,0.0,0.0
2024-05-15 00:00:00-04:00,28.00708788483848,28.00708788483848,27.891648837242457,27.89864730834961,892,0.0,0.0,0.0
2024-05-16 00:00:00-04:00,28.05943489074707,28.05943489074707,28.05943489074707,28.05943489074707,49,0.0,0.0,0.0
2024-05-17 00:00:00-04:00,28.04109764099121,28.04109764099121,28.04109764099121,28.04109764099121,117,0.0,0.0,0.0
2024-05-20 00:00:00-04:00,27.919152354798843,27.99229972408628,27.90850422482417,27.933544158935547,904,0.0,0.0,0.0
2024-05-21 00:00:00-04:00,27.880508422851562,27.880508422851562,27.880508422851562,27.880508422851562,82,0.0,0.0,0.0
2024-05-22 00:00:00-04:00,27.615421295166016,27.615421295166016,27.615421295166016,27.615421295166016,151,0.0,0.0,0.0
2024-05-23 00:00:00-04:00,27.316719389912016,27.316719389912016,27.15366554260254,27.15366554260254,878,0.0,0.0,0.0
2024-05-24 00:00:00-04:00,27.16914203700563,27.16914203700563,27.09067153930664,27.09067153930664,853,0.0,0.0,0.0
2024-05-28 00:00:00-04:00,26.86354008468334,26.902973706617022,26.69595095206236,26.77254867553711,1092,0.0,0.0,0.0
2024-05-29 00:00:00-04:00,26.46921273069899,26.61708504935794,26.46921273069899,26.50204086303711,687,0.0,0.0,0.0
2024-05-30 00:00:00-04:00,26.617181645035867,26.667951583862305,26.617181645035867,26.667951583862305,233,0.0,0.0,0.0
2024-05-31 00:00:00-04:00,26.942403122386757,27.241992950439453,26.942403122386757,27.241992950439453,709,0.0,0.0,0.0
2024-06-03 00:00:00-04:00,27.149428272342686,27.366307552637657,27.149428272342686,27.16924285888672,606,0.0,0.0,0.0
2024-06-04 00:00:00-04:00,27.16914194428164,27.233220636969858,27.109993394268635,27.14104652404785,2312,0.0,0.0,0.0
2024-06-05 00:00:00-04:00,27.05084390419088,27.09895133972168,26.912828118558824,27.09895133972168,3989,0.0,0.0,0.0
2024-06-06 00:00:00-04:00,27.011512008143143,27.159284673676726,26.981739360400955,27.002046585083008,1353,0.0,0.0,0.0
2024-06-07 00:00:00-04:00,26.863537865923014,26.9317569732666,26.863537865923014,26.9317569732666,1827,0.0,0.0,0.0
2024-06-10 00:00:00-04:00,26.739720084811452,26.893114840785238,26.739720084811452,26.856441497802734,1359,0.0,0.0,0.0
2024-06-11 00:00:00-04:00,26.70787739850346,26.816810607910156,26.695948785245683,26.816810607910156,743,0.0,0.0,0.0
2024-06-12 00:00:00-04:00,26.95226160637572,26.95226160637572,26.824893951416016,26.824893951416016,181,0.0,0.0,0.0
2024-06-13 00:00:00-04:00,26.617084112690073,26.78822135925293,26.617084112690073,26.78822135925293,1453,0.0,0.0,0.0
2024-06-14 00:00:00-04:00,26.622012641571004,26.622012641571004,26.59243930676293,26.595199584960938,627,0.0,0.0,0.0
2024-06-17 00:00:00-04:00,26.666375069729355,26.831501007080078,26.666375069729355,26.831501007080078,525,0.0,0.0,0.0
2024-06-18 00:00:00-04:00,26.821839730068564,26.833866119384766,26.821839730068564,26.833866119384766,392,0.0,0.0,0.0
2024-06-20 00:00:00-04:00,26.873396533715834,27.021268844604492,26.873396533715834,27.021268844604492,388,0.0,0.0,0.0
2024-06-21 00:00:00-04:00,26.81424894490429,26.921899795532227,26.81424894490429,26.921899795532227,419,0.0,0.0,0.0
2024-06-24 00:00:00-04:00,27.17880308792685,27.17880308792685,27.16500169682757,27.1663818359375,506,0.0,0.0,0.0
2024-06-25 00:00:00-04:00,26.746915817260742,26.746915817260742,26.746915817260742,26.746915817260742,154,0.0,0.0,0.0
2024-06-26 00:00:00-04:00,26.735185623168945,26.735185623168945,26.735185623168945,26.735185623168945,151,0.0,0.0,0.0
2024-06-27 00:00:00-04:00,26.69470977783203,26.69470977783203,26.69470977783203,26.69470977783203,76,0.200045,0.0,0.0
2024-06-28 00:00:00-04:00,26.834745150490033,26.834745150490033,26.777240753173828,26.777240753173828,387,0.0,0.0,0.0
2024-07-01 00:00:00-04:00,26.814880357367997,26.814880357367997,26.53362274169922,26.53362274169922,1106,0.0,0.0,0.0
2024-07-02 00:00:00-04:00,26.53719767055411,26.61684799194336,26.53719767055411,26.61684799194336,364,0.0,0.0,0.0
2024-07-03 00:00:00-04:00,26.574838638305664,26.574838638305664,26.574838638305664,26.574838638305664,273,0.0,0.0,0.0
2024-07-05 00:00:00-04:00,26.377896381759882,26.568679809570312,26.377896381759882,26.568679809570312,1178,0.0,0.0,0.0
2024-07-08 00:00:00-04:00,26.63919268534313,26.63919268534313,26.507006643206076,26.59251594543457,350,0.0,0.0,0.0
2024-07-09 00:00:00-04:00,26.715566309933575,26.715566309933575,26.497372768997796,26.54007911682129,1382,0.0,0.0,0.0
2024-07-10 00:00:00-04:00,26.79253578186035,26.79253578186035,26.79253578186035,26.79253578186035,210,0.0,0.0,0.0
2024-07-11 00:00:00-04:00,27.351180245585315,27.351180245585315,27.315425872802734,27.315425872802734,841,0.0,0.0,0.0
2024-07-12 00:00:00-04:00,27.341248115497525,27.628664016723633,27.341248115497525,27.628664016723633,756,0.0,0.0,0.0
2024-07-15 00:00:00-04:00,27.67891668927966,27.80802454116999,27.54543685913086,27.54543685913086,2615,0.0,0.0,0.0
2024-07-16 00:00:00-04:00,27.678916569206393,28.12583011083079,27.678916569206393,28.086105346679688,1678,0.0,0.0,0.0
2024-07-17 00:00:00-04:00,27.9371317793837,28.443635299712973,27.9371317793837,28.380273818969727,994,0.0,0.0,0.0
2024-07-18 00:00:00-04:00,28.131790161132812,28.131790161132812,28.131790161132812,28.131790161132812,146,0.0,0.0,0.0
2024-07-19 00:00:00-04:00,28.006654388950622,28.006654388950622,27.913496017456055,27.913496017456055,261,0.0,0.0,0.0
2024-07-22 00:00:00-04:00,27.86761362920377,28.065547943115234,27.86761362920377,28.065547943115234,205,0.0,0.0,0.0
2024-07-23 00:00:00-04:00,27.83782032419254,28.046379604912783,27.83782032419254,27.856094360351562,4436,0.0,0.0,0.0
2024-07-24 00:00:00-04:00,27.846755981445312,27.846755981445312,27.846755981445312,27.846755981445312,34,0.0,0.0,0.0
2024-07-25 00:00:00-04:00,28.17211151123047,28.17211151123047,28.17211151123047,28.17211151123047,129,0.0,0.0,0.0
2024-07-26 00:00:00-04:00,28.51315540482979,28.523087069381667,28.44363564723798,28.49498176574707,3734,0.0,0.0,0.0
2024-07-29 00:00:00-04:00,28.462108612060547,28.462108612060547,28.462108612060547,28.462108612060547,71,0.0,0.0,0.0
2024-07-30 00:00:00-04:00,28.662028072173726,28.711585998535156,28.662028072173726,28.711585998535156,170,0.0,0.0,0.0
2024-07-31 00:00:00-04:00,28.681989641728073,28.74157962847434,28.610980987548828,28.610980987548828,1874,0.0,0.0,0.0
2024-08-01 00:00:00-04:00,28.485746383666992,28.485746383666992,28.485746383666992,28.485746383666992,371,0.0,0.0,0.0
2024-08-02 00:00:00-04:00,28.354253654362633,28.44363674450632,28.354253654362633,28.40341567993164,562,0.0,0.0,0.0
2024-08-05 00:00:00-04:00,27.986791652470608,27.986791652470608,27.6270751953125,27.6270751953125,273,0.0,0.0,0.0
2024-08-06 00:00:00-04:00,27.968814849853516,27.968814849853516,27.968814849853516,27.968814849853516,181,0.0,0.0,0.0
2024-08-07 00:00:00-04:00,27.96692721298631,27.96692721298631,27.71864128112793,27.71864128112793,453,0.0,0.0,0.0
2024-08-08 00:00:00-04:00,27.867611825376038,27.96692657470703,27.867611825376038,27.96692657470703,302,0.0,0.0,0.0
2024-08-09 00:00:00-04:00,27.978546142578125,27.978546142578125,27.978546142578125,27.978546142578125,84,0.0,0.0,0.0
2024-08-12 00:00:00-04:00,27.738801956176758,27.738801956176758,27.738801956176758,27.738801956176758,104,0.0,0.0,0.0
2024-08-13 00:00:00-04:00,27.85778068316624,27.98679002978213,27.85778068316624,27.98490333557129,329,0.0,0.0,0.0
2024-08-14 00:00:00-04:00,28.046379031693593,28.118480682373047,28.046379031693593,28.118480682373047,127,0.0,0.0,0.0
2024-08-15 00:00:00-04:00,28.348791122436523,28.348791122436523,28.348791122436523,28.348791122436523,338,0.0,0.0,0.0
2024-08-16 00:00:00-04:00,28.461015701293945,28.461015701293945,28.461015701293945,28.461015701293945,150,0.0,0.0,0.0
2024-08-19 00:00:00-04:00,28.55645751953125,28.55645751953125,28.55645751953125,28.55645751953125,114,0.0,0.0,0.0
2024-08-20 00:00:00-04:00,28.49816131591797,28.49816131591797,28.49816131591797,28.49816131591797,49,0.0,0.0,0.0
2024-08-21 00:00:00-04:00,28.785675048828125,28.785675048828125,28.785675048828125,28.785675048828125,400,0.0,0.0,0.0
2024-08-22 00:00:00-04:00,28.62885856628418,28.62885856628418,28.62885856628418,28.62885856628418,67,0.0,0.0,0.0
2024-08-23 00:00:00-04:00,28.950139434334215,28.950139434334215,28.916074752807617,28.916074752807617,258,0.0,0.0,0.0
2024-08-26 00:00:00-04:00,29.02959141540086,29.118974504619693,28.995725631713867,28.995725631713867,862,0.0,0.0,0.0
2024-08-27 00:00:00-04:00,28.97000317632554,28.97000317632554,28.92829132080078,28.92829132080078,457,0.0,0.0,0.0
2024-08-28 00:00:00-04:00,28.98529815673828,28.98529815673828,28.98529815673828,28.98529815673828,177,0.0,0.0,0.0
2024-08-29 00:00:00-04:00,28.98986626374157,29.011417388916016,28.98986626374157,29.011417388916016,121,0.0,0.0,0.0
2024-08-30 00:00:00-04:00,29.259008407592773,29.259008407592773,29.259008407592773,29.259008407592773,143,0.0,0.0,0.0
2024-09-03 00:00:00-04:00,29.169029235839844,29.169029235839844,29.169029235839844,29.169029235839844,103,0.0,0.0,0.0
2024-09-04 00:00:00-04:00,29.0926570892334,29.0926570892334,29.0926570892334,29.0926570892334,100,0.0,0.0,0.0
2024-09-05 00:00:00-04:00,28.979933829561613,28.979933829561613,28.96682357788086,28.96682357788086,557,0.0,0.0,0.0
2024-09-06 00:00:00-04:00,28.8508243560791,28.8508243560791,28.8508243560791,28.8508243560791,62,0.0,0.0,0.0
2024-09-09 00:00:00-04:00,29.002975463867188,29.002975463867188,29.002975463867188,29.002975463867188,153,0.0,0.0,0.0
2024-09-10 00:00:00-04:00,29.089180074181836,29.089180074181836,29.072891235351562,29.072891235351562,226,0.0,0.0,0.0
2024-09-11 00:00:00-04:00,28.810205459594727,28.810205459594727,28.810205459594727,28.810205459594727,82,0.0,0.0,0.0
2024-09-12 00:00:00-04:00,28.898496627807617,28.898496627807617,28.898496627807617,28.898496627807617,177,0.0,0.0,0.0
2024-09-13 00:00:00-04:00,29.283836364746094,29.283836364746094,29.283836364746094,29.283836364746094,39,0.0,0.0,0.0
2024-09-16 00:00:00-04:00,29.406987167799144,29.48613929748535,29.406987167799144,29.48613929748535,625,0.0,0.0,0.0
2024-09-17 00:00:00-04:00,29.40162467956543,29.40162467956543,29.40162467956543,29.40162467956543,94,0.0,0.0,0.0
2024-09-18 00:00:00-04:00,29.52616227877374,29.52616227877374,29.330711364746094,29.330711364746094,209,0.0,0.0,0.0
2024-09-19 00:00:00-04:00,29.450881958007812,29.450881958007812,29.450881958007812,29.450881958007812,58,0.0,0.0,0.0
2024-09-20 00:00:00-04:00,29.238449096679688,29.238449096679688,29.238449096679688,29.238449096679688,220,0.0,0.0,0.0
2024-09-23 00:00:00-04:00,29.312636617973485,29.34541130065918,29.312636617973485,29.34541130065918,578,0.0,0.0,0.0
2024-09-24 00:00:00-04:00,29.29754066467285,29.29754066467285,29.29754066467285,29.29754066467285,159,0.0,0.0,0.0
2024-09-25 00:00:00-04:00,29.160686053041854,29.160686053041854,29.0510437325961,29.062265396118164,940,0.0,0.0,0.0
2024-09-26 00:00:00-04:00,29.099110511939028,29.337466673939286,29.099110511939028,29.313631057739258,1882,0.0,0.0,0.0
2024-09-27 00:00:00-04:00,29.56999969482422,29.56999969482422,29.33009910583496,29.43000030517578,1167,0.20237,0.0,0.0
2024-09-30 00:00:00-04:00,29.469999313354492,29.530000686645508,29.392799377441406,29.46649932861328,1978,0.0,0.0,0.0
2024-10-01 00:00:00-04:00,29.559999465942383,29.559999465942383,29.260000228881836,29.280000686645508,843,0.0,0.0,0.0
2024-10-02 00:00:00-04:00,29.193099975585938,29.227699279785156,29.193099975585938,29.227699279785156,512,0.0,0.0,0.0
2024-10-03 00:00:00-04:00,29.040000915527344,29.05500030517578,28.981700897216797,28.981700897216797,1037,0.0,0.0,0.0
2024-10-04 00:00:00-04:00,29.1200008392334,29.1200008392334,29.019899368286133,29.058000564575195,1014,0.0,0.0,0.0
2024-10-07 00:00:00-04:00,28.93000030517578,28.93000030517578,28.780000686645508,28.838199615478516,5492,0.0,0.0,0.0
2024-10-08 00:00:00-04:00,28.888399124145508,28.888399124145508,28.83060073852539,28.83060073852539,805,0.0,0.0,0.0
2024-10-09 00:00:00-04:00,28.770000457763672,28.94809913635254,28.770000457763672,28.94809913635254,560,0.0,0.0,0.0
2024-10-10 00:00:00-04:00,28.79159927368164,28.84480094909668,28.79159927368164,28.84480094909668,833,0.0,0.0,0.0
2024-10-11 00:00:00-04:00,29.115999221801758,29.190000534057617,29.115999221801758,29.16550064086914,391,0.0,0.0,0.0
2024-10-14 00:00:00-04:00,29.139999389648438,29.489999771118164,29.139999389648438,29.416900634765625,4316,0.0,0.0,0.0
2024-10-15 00:00:00-04:00,29.440000534057617,29.658700942993164,29.440000534057617,29.491100311279297,1536,0.0,0.0,0.0
2024-10-16 00:00:00-04:00,29.604700088500977,29.604700088500977,29.604700088500977,29.604700088500977,369,0.0,0.0,0.0
2024-10-17 00:00:00-04:00,29.549999237060547,29.549999237060547,29.5039005279541,29.5039005279541,1142,0.0,0.0,0.0
2024-10-18 00:00:00-04:00,29.519899368286133,29.551700592041016,29.519899368286133,29.551700592041016,422,0.0,0.0,0.0
2024-10-21 00:00:00-04:00,29.43000030517578,29.43000030517578,29.304399490356445,29.304399490356445,383,0.0,0.0,0.0
2024-10-22 00:00:00-04:00,29.06999969482422,29.06999969482422,28.99209976196289,28.99209976196289,383,0.0,0.0,0.0
2024-10-23 00:00:00-04:00,28.934999465942383,29.0,28.90920066833496,28.94580078125,4230,0.0,0.0,0.0
2024-10-24 00:00:00-04:00,28.847999572753906,28.847999572753906,28.847999572753906,28.847999572753906,109,0.0,0.0,0.0
2024-10-25 00:00:00-04:00,28.81999969482422,28.81999969482422,28.618999481201172,28.618999481201172,1981,0.0,0.0,0.0
2024-10-28 00:00:00-04:00,28.65999984741211,28.817699432373047,28.65999984741211,28.817699432373047,574,0.0,0.0,0.0
2024-10-29 00:00:00-04:00,28.59000015258789,28.639999389648438,28.492599487304688,28.492599487304688,721,0.0,0.0,0.0
2024-10-30 00:00:00-04:00,28.57309913635254,28.57309913635254,28.57309913635254,28.57309913635254,117,0.0,0.0,0.0
2024-10-31 00:00:00-04:00,28.520000457763672,28.56999969482422,28.39620018005371,28.39620018005371,288,0.0,0.0,0.0
2024-11-01 00:00:00-04:00,28.440000534057617,28.440000534057617,28.316499710083008,28.316499710083008,4112,0.0,0.0,0.0
2024-11-04 00:00:00-05:00,28.323999404907227,28.3799991607666,28.323999404907227,28.362499237060547,1352,0.0,0.0,0.0
2024-11-05 00:00:00-05:00,28.530099868774414,28.652099609375,28.530000686645508,28.652099609375,794,0.0,0.0,0.0
2024-11-06 00:00:00-05:00,28.90999984741211,29.047399520874023,28.90999984741211,29.047399520874023,1069,0.0,0.0,0.0
2024-11-07 00:00:00-05:00,28.84000015258789,28.852500915527344,28.84000015258789,28.852500915527344,948,0.0,0.0,0.0
2024-11-08 00:00:00-05:00,29.00510025024414,29.00510025024414,29.00510025024414,29.00510025024414,231,0.0,0.0,0.0
2024-11-11 00:00:00-05:00,29.219999313354492,29.219999313354492,29.03070068359375,29.03070068359375,4979,0.0,0.0,0.0
2024-11-12 00:00:00-05:00,29.03070068359375,29.03070068359375,29.03070068359375,29.03070068359375,0,0.0,0.0,0.0
2024-11-13 00:00:00-05:00,29.03070068359375,29.03070068359375,29.03070068359375,29.03070068359375,0,0.0,0.0,0.0
2024-11-14 00:00:00-05:00,28.68720054626465,28.68720054626465,28.540000915527344,28.601699829101562,2076,0.0,0.0,0.0
2024-11-15 00:00:00-05:00,28.440000534057617,28.559099197387695,28.440000534057617,28.559099197387695,335,0.0,0.0,0.0
2024-11-18 00:00:00-05:00,28.549999237060547,28.704999923706055,28.549999237060547,28.68000030517578,712,0.0,0.0,0.0
2024-11-19 00:00:00-05:00,28.350000381469727,28.6200008392334,28.350000381469727,28.614200592041016,3516,0.0,0.0,0.0
2024-11-20 00:00:00-05:00,28.614200592041016,28.614200592041016,28.614200592041016,28.614200592041016,0,0.0,0.0,0.0
2024-11-21 00:00:00-05:00,28.40999984741211,28.684200286865234,28.40999984741211,28.684200286865234,4901,0.0,0.0,0.0
2024-11-22 00:00:00-05:00,28.684200286865234,28.684200286865234,28.684200286865234,28.684200286865234,0,0.0,0.0,0.0
2024-11-25 00:00:00-05:00,28.684200286865234,28.684200286865234,28.684200286865234,28.684200286865234,0,0.0,0.0,0.0
2024-11-26 00:00:00-05:00,28.691999435424805,28.7450008392334,28.65999984741211,28.7450008392334,3523,0.0,0.0,0.0
2024-11-27 00:00:00-05:00,28.738100051879883,28.738100051879883,28.700000762939453,28.700000762939453,1330,0.0,0.0,0.0
2024-11-29 00:00:00-05:00,28.700000762939453,28.700000762939453,28.700000762939453,28.700000762939453,0,0.0,0.0,0.0
