Date,Open,High,Low,Close,Volume,Dividends,Stock Splits,Capital Gains
2007-06-13 00:00:00-04:00,19.22175564713952,19.47353443814376,19.213887372330642,19.434194564819336,101900,0.0,0.0,0.0
2007-06-14 00:00:00-04:00,19.725308708725382,19.914142758703715,19.725308708725382,19.827594757080078,114000,0.0,0.0,0.0
2007-06-15 00:00:00-04:00,19.788257053155224,20.189530046370145,19.74891718156784,20.09511375427246,154600,0.0,0.0,0.0
2007-06-18 00:00:00-04:00,20.02430401176128,20.063643889688297,20.000699184572984,20.0400390625,191100,0.0,0.0,0.0
2007-06-19 00:00:00-04:00,19.9692312161373,20.20527504655135,19.9692312161373,20.197406768798828,172300,0.0,0.0,0.0
2007-06-20 00:00:00-04:00,20.27608804560351,20.543603486307113,20.197406768798828,20.197406768798828,128000,0.0,0.0,0.0
2007-06-21 00:00:00-04:00,20.055772216927384,20.26821112347888,20.024300620060433,20.18166160583496,187700,0.0,0.0,0.0
2007-06-22 00:00:00-04:00,20.095116992606027,20.142325146262475,19.93775447945767,20.0400390625,93000,0.0,0.0,0.0
2007-06-25 00:00:00-04:00,20.02430274206369,20.142323869081423,19.866940238893346,19.945621490478516,102600,0.0,0.0,0.0
2007-06-26 00:00:00-04:00,19.86694211258091,19.906281991723684,19.5915584564209,19.5915584564209,100500,0.0,0.0,0.0
2007-06-27 00:00:00-04:00,19.7489222138198,19.866943359375,19.670240949876238,19.866943359375,61600,0.0,0.0,0.0
2007-06-28 00:00:00-04:00,19.86694447998366,19.94562574836529,19.764659881591797,19.764659881591797,313300,0.0,0.0,0.0
2007-06-29 00:00:00-04:00,19.898412418489524,20.024301814908913,19.866939319024684,19.96135711669922,134200,0.0,0.0,0.0
2007-07-02 00:00:00-04:00,20.236741200627737,20.457048416137695,20.22887292499665,20.457048416137695,130200,0.0,0.0,0.0
2007-07-03 00:00:00-04:00,20.614417205919747,20.693096984754085,20.606548927892195,20.653757095336914,176900,0.0,0.0,0.0
2007-07-05 00:00:00-04:00,20.441311230955172,20.661618439633024,20.331158376976283,20.409839630126953,272400,0.0,0.0,0.0
2007-07-06 00:00:00-04:00,20.51999219222444,20.803244099249763,20.51999219222444,20.79537582397461,279700,0.0,0.0,0.0
2007-07-09 00:00:00-04:00,20.81897557678807,20.889788541393727,20.74029583897716,20.881921768188477,311900,0.0,0.0,0.0
2007-07-10 00:00:00-04:00,20.77176948492112,20.811110858430865,20.55146379614635,20.614408493041992,222000,0.0,0.0,0.0
2007-07-11 00:00:00-04:00,20.606536133017514,20.73242550185076,20.606536133017514,20.677349090576172,214000,0.0,0.0,0.0
2007-07-12 00:00:00-04:00,20.850457585068103,21.00782012939453,20.850457585068103,21.00782012939453,240100,0.0,0.0,0.0
2007-07-13 00:00:00-04:00,21.03928847585351,21.204519271850586,21.03928847585351,21.204519271850586,190600,0.0,0.0,0.0
2007-07-16 00:00:00-04:00,21.157313143013983,21.16518142039432,20.73243666951908,20.740304946899414,140700,0.0,0.0,0.0
2007-07-17 00:00:00-04:00,20.85045225018063,20.929133502212117,20.79537582397461,20.79537582397461,217000,0.0,0.0,0.0
2007-07-18 00:00:00-04:00,20.818981522180813,20.85045462686897,20.708828657212734,20.78750991821289,236300,0.0,0.0,0.0
2007-07-19 00:00:00-04:00,20.9212703704834,21.00781991906846,20.63801839381987,20.9212703704834,284100,0.0,0.0,0.0
2007-07-20 00:00:00-04:00,21.06288557478039,21.15730185151421,20.826841881506517,20.850446701049805,248500,0.0,0.0,0.0
2007-07-23 00:00:00-04:00,21.110106755777807,21.125843311862646,21.0235571980318,21.03142547607422,119200,0.0,0.0,0.0
2007-07-24 00:00:00-04:00,21.0235485700533,21.04715339449323,20.69308853149414,20.69308853149414,250300,0.0,0.0,0.0
2007-07-25 00:00:00-04:00,20.732438534021156,20.88193281625088,20.4491865257376,20.535736083984375,203400,0.0,0.0,0.0
2007-07-26 00:00:00-04:00,20.37049855410409,20.378366829607394,19.741051521040735,20.024303436279297,163700,0.0,0.0,0.0
2007-07-27 00:00:00-04:00,19.961363559166543,20.06364816399934,19.788264457682704,19.85907745361328,154800,0.0,0.0,0.0
2007-07-30 00:00:00-04:00,19.827598865309326,20.291816563794008,18.907031742975967,19.906278610229492,283900,0.0,0.0,0.0
2007-07-31 00:00:00-04:00,20.01643761079574,20.181666914428963,19.866943359375,19.866943359375,160500,0.0,0.0,0.0
2007-08-01 00:00:00-04:00,19.811867549538075,19.914152145385742,19.55222042084133,19.914152145385742,88200,0.0,0.0,0.0
2007-08-02 00:00:00-04:00,19.93774676763375,20.016427993774414,19.85906554149309,20.016427993774414,97500,0.0,0.0,0.0
2007-08-03 00:00:00-04:00,19.90628212133735,19.922018673385004,19.46566916904453,19.47353744506836,92000,0.0,0.0,0.0
2007-08-06 00:00:00-04:00,19.654504776000977,19.709581211607592,19.35551776811351,19.654504776000977,55000,0.0,0.0,0.0
2007-08-07 00:00:00-04:00,19.457803121301687,19.662373819187703,19.3083103618899,19.58369255065918,115800,0.0,0.0,0.0
2007-08-08 00:00:00-04:00,19.57582326602628,19.83547038830025,19.51287855458775,19.74892234802246,75800,0.0,0.0,0.0
2007-08-09 00:00:00-04:00,19.662366342184214,19.788255723669778,19.536476960698646,19.638761520385742,55700,0.0,0.0,0.0
2007-08-10 00:00:00-04:00,19.30830487215033,19.442061039682766,19.111602507115645,19.316171646118164,83100,0.0,0.0,0.0
2007-08-13 00:00:00-04:00,19.11947408463224,19.198155350557872,18.73393753238901,19.009321212768555,69300,0.0,0.0,0.0
2007-08-14 00:00:00-04:00,19.245362954642054,19.316175941860305,18.757541821272216,18.812618255615234,71000,0.0,0.0,0.0
2007-08-15 00:00:00-04:00,18.33266336108524,18.529365764104266,18.104489353957693,18.12022590637207,86100,0.0,0.0,0.0
2007-08-16 00:00:00-04:00,17.726824736752057,17.884185791015625,17.278341905263495,17.884185791015625,162700,0.0,0.0,0.0
2007-08-17 00:00:00-04:00,16.522998358843566,18.08874897561902,16.522998358843566,17.939254760742188,73100,0.0,0.0,0.0
2007-08-20 00:00:00-04:00,18.293321436952667,18.33266131287314,17.978597927428677,18.238245010375977,26800,0.0,0.0,0.0
2007-08-21 00:00:00-04:00,18.293317148971983,18.316921969423305,18.143822954219726,18.246109008789062,43700,0.0,0.0,0.0
2007-08-22 00:00:00-04:00,18.639509399149386,18.6945858001709,18.49788351039728,18.6945858001709,56700,0.0,0.0,0.0
2007-08-23 00:00:00-04:00,18.883428691433302,18.883428691433302,18.655253207732844,18.76540756225586,138200,0.0,0.0,0.0
2007-08-24 00:00:00-04:00,18.954240576901626,19.190282821655273,18.907032428094894,19.190282821655273,131100,0.0,0.0,0.0
2007-08-27 00:00:00-04:00,19.221758615186747,19.47353744506836,19.088000924222115,19.47353744506836,58700,0.0,0.0,0.0
2007-08-28 00:00:00-04:00,19.135202793957834,19.18241093387327,18.80474281311035,18.80474281311035,233800,0.0,0.0,0.0
2007-08-29 00:00:00-04:00,18.96997408425123,19.11946678161621,18.91489766935679,19.11946678161621,53000,0.0,0.0,0.0
2007-08-30 00:00:00-04:00,19.1745551333297,19.43420230252099,19.1745551333297,19.28470802307129,112000,0.0,0.0,0.0
2007-08-31 00:00:00-04:00,19.701714189623637,19.78826222990143,19.55221993718702,19.74892234802246,52100,0.0,0.0,0.0
2007-09-04 00:00:00-04:00,19.74105083664509,19.945621490478516,19.67023786029044,19.945621490478516,172100,0.0,0.0,0.0
2007-09-05 00:00:00-04:00,19.733178539044776,19.733178539044776,19.426323371203377,19.567949295043945,89400,0.0,0.0,0.0
2007-09-06 00:00:00-04:00,19.67024040222168,19.67024040222168,19.51287787871581,19.67024040222168,125400,0.0,0.0,0.0
2007-09-07 00:00:00-04:00,19.512875239354972,19.528611789721044,19.355514237854393,19.418458938598633,97600,0.0,0.0,0.0
2007-09-10 00:00:00-04:00,19.607286991432254,19.63089180969861,19.276827039301164,19.48139762878418,39800,0.0,0.0,0.0
2007-09-11 00:00:00-04:00,19.497138171479637,19.57581791372544,19.418456928513947,19.53647804260254,57000,0.0,0.0,0.0
2007-09-12 00:00:00-04:00,19.73318681079134,19.73318681079134,19.44206656745191,19.58369255065918,230200,0.0,0.0,0.0
2007-09-13 00:00:00-04:00,19.670241218819438,19.709581100968954,19.51287868878076,19.630901336669922,84700,0.0,0.0,0.0
2007-09-14 00:00:00-04:00,19.575822963380233,19.575822963380233,19.213891253384297,19.457801818847656,166300,0.0,0.0,0.0
2007-09-17 00:00:00-04:00,19.457799103831213,19.457799103831213,19.198152021800926,19.355514526367188,66200,0.0,0.0,0.0
2007-09-18 00:00:00-04:00,19.512877458065745,19.86694237796106,19.135209210657557,19.851205825805664,68700,0.0,0.0,0.0
2007-09-19 00:00:00-04:00,19.969226556430726,20.095117470374603,19.103737215697876,19.890546798706055,232300,0.0,0.0,0.0
2007-09-20 00:00:00-04:00,20.095123043071386,20.095123043071386,19.86694748037662,19.977100372314453,71700,0.0,0.0,0.0
2007-09-21 00:00:00-04:00,20.09511640889518,20.21313753996817,19.906280798314274,20.16592788696289,198700,0.0,0.0,0.0
2007-09-24 00:00:00-04:00,20.134453020992215,20.142321295217297,19.851201151768638,19.89841079711914,91100,0.0,0.0,0.0
2007-09-25 00:00:00-04:00,19.96922858166682,19.96922858166682,19.84333915567569,19.914152145385742,39700,0.0,0.0,0.0
2007-09-26 00:00:00-04:00,20.22100715155755,20.22100715155755,20.040039804520237,20.15019416809082,84800,0.0,0.0,0.0
2007-09-27 00:00:00-04:00,20.221008381687273,20.260348263464135,20.000701141864088,20.071514129638672,169800,0.0,0.0,0.0
2007-09-28 00:00:00-04:00,20.378360900644033,20.41770226671442,20.236734984229972,20.291812896728516,89800,0.0,0.0,0.0
2007-10-01 00:00:00-04:00,20.44918123344859,20.535730769296173,20.394104801807476,20.496389389038086,67600,0.0,0.0,0.0
2007-10-02 00:00:00-04:00,20.732429612131327,20.77176948492112,20.33115660665163,20.614408493041992,385500,0.0,0.0,0.0
2007-10-03 00:00:00-04:00,20.488514227437676,20.488514227437676,20.18952586273766,20.27607536315918,195000,0.0,0.0,0.0
2007-10-04 00:00:00-04:00,20.268219252025936,20.268219252025936,20.06364853782829,20.17380142211914,113500,0.0,0.0,0.0
2007-10-05 00:00:00-04:00,20.49639469354466,20.535736083984375,20.370505245578766,20.535736083984375,84900,0.0,0.0,0.0
2007-10-08 00:00:00-04:00,20.669490762129715,20.693094092192418,20.57507293971778,20.638017654418945,77400,0.0,0.0,0.0
2007-10-09 00:00:00-04:00,20.590814124867023,20.606550682261883,20.354771766827014,20.598682403564453,122700,0.0,0.0,0.0
2007-10-10 00:00:00-04:00,20.826846201880468,20.842582751507088,20.606540509987674,20.69308853149414,113700,0.0,0.0,0.0
2007-10-11 00:00:00-04:00,20.850448672488273,21.02354619667999,20.79537225573272,20.881921768188477,122700,0.0,0.0,0.0
2007-10-12 00:00:00-04:00,20.881927731557123,20.889794507008933,20.78750991821289,20.78750991821289,57800,0.0,0.0,0.0
2007-10-15 00:00:00-04:00,21.141575536191827,21.165178864762343,20.826850481862348,20.866191864013672,94800,0.0,0.0,0.0
2007-10-16 00:00:00-04:00,20.850450731220658,20.881923830028455,20.575067119532246,20.614408493041992,62900,0.0,0.0,0.0
2007-10-17 00:00:00-04:00,21.086499366756893,21.086499366756893,20.614414747175495,20.81111717224121,127400,0.0,0.0,0.0
2007-10-18 00:00:00-04:00,20.803241729736328,20.86618642404803,20.669484066733972,20.803241729736328,85000,0.0,0.0,0.0
2007-10-19 00:00:00-04:00,20.803252007307368,20.803252007307368,20.386242263524267,20.527868270874023,99800,0.0,0.0,0.0
2007-10-22 00:00:00-04:00,20.25247712535735,20.299685276963285,20.095116119764192,20.228872299194336,109600,0.0,0.0,0.0
2007-10-23 00:00:00-04:00,20.693096984754085,20.724570096864287,20.51999937030972,20.653757095336914,73400,0.0,0.0,0.0
2007-10-24 00:00:00-04:00,20.913404315569537,20.929140871660913,20.425581581781035,20.685230255126953,107300,0.0,0.0,0.0
2007-10-25 00:00:00-04:00,20.897663714917208,20.897663714917208,20.61441326369606,20.771774291992188,159800,0.0,0.0,0.0
2007-10-26 00:00:00-04:00,21.102234952077854,21.12583978226133,20.866192653124457,20.968477249145508,125900,0.0,0.0,0.0
2007-10-29 00:00:00-04:00,21.235989541871373,21.24385781744573,21.05502370582151,21.220252990722656,154200,0.0,0.0,0.0
2007-10-30 00:00:00-04:00,21.235993554209525,21.235993554209525,21.086499291491464,21.133708953857422,156700,0.0,0.0,0.0
2007-10-31 00:00:00-04:00,21.3697502970956,21.393355127211862,21.086498338581766,21.29106903076172,130600,0.0,0.0,0.0
2007-11-01 00:00:00-04:00,21.078631543938773,21.0864983199169,20.740303149506797,20.763906478881836,191500,0.0,0.0,0.0
2007-11-02 00:00:00-04:00,20.826848243315474,20.834716518900027,20.3704987644522,20.575069427490234,107700,0.0,0.0,0.0
2007-11-05 00:00:00-05:00,20.52786416169241,20.960608874662196,20.11872277807568,20.236743927001953,155100,0.0,0.0,0.0
2007-11-06 00:00:00-05:00,20.488516989403617,20.488516989403617,20.063639203570734,20.37836265563965,204600,0.0,0.0,0.0
2007-11-07 00:00:00-05:00,20.346891471960326,20.378363067443292,19.953486773744356,20.047903060913086,170700,0.0,0.0,0.0
2007-11-08 00:00:00-05:00,20.2524727252792,20.512119753780738,20.2524727252792,20.50425148010254,181800,0.0,0.0,0.0
2007-11-09 00:00:00-05:00,20.41770732506162,20.41770732506162,19.984961195395474,20.213136672973633,118300,0.0,0.0,0.0
2007-11-12 00:00:00-05:00,19.51287586881599,20.110851295536232,19.51287586881599,19.788259506225586,82000,0.0,0.0,0.0
2007-11-13 00:00:00-05:00,20.12658074040435,20.77963236389236,19.67023143122863,19.984954833984375,148200,0.0,0.0,0.0
2007-11-14 00:00:00-05:00,19.961355490199953,20.283947229829085,19.866937700218806,19.89841079711914,85100,0.0,0.0,0.0
2007-11-15 00:00:00-05:00,19.827603046603468,20.134458318518345,19.040793425717936,19.19815444946289,224400,0.0,0.0,0.0
2007-11-16 00:00:00-05:00,19.198155731003546,19.276836998488385,18.946376875628342,19.15094757080078,314600,0.0,0.0,0.0
2007-11-19 00:00:00-05:00,18.875559234639393,18.875559234639393,18.348396823303123,18.37200164794922,229700,0.0,0.0,0.0
2007-11-20 00:00:00-05:00,18.450685471128764,18.789012333954993,18.372004212047237,18.773277282714844,155800,0.0,0.0,0.0
2007-11-21 00:00:00-05:00,18.552968575741694,18.552968575741694,18.238245065270434,18.41134262084961,88700,0.0,0.0,0.0
2007-11-23 00:00:00-05:00,18.694591802895307,18.694591802895307,18.49788944996171,18.63164710998535,25600,0.0,0.0,0.0
2007-11-26 00:00:00-05:00,18.576573401797067,18.867692086212955,18.41134262084961,18.41134262084961,95100,0.0,0.0,0.0
2007-11-27 00:00:00-05:00,18.86769768773527,18.883434243110788,18.54510580613977,18.678863525390625,105100,0.0,0.0,0.0
2007-11-28 00:00:00-05:00,18.96210660765544,19.119467585294185,18.773272534057057,19.080127716064453,90800,0.0,0.0,0.0
2007-11-29 00:00:00-05:00,19.07226401651045,20.063644266221953,19.07226401651045,19.685976028442383,98900,0.0,0.0,0.0
2007-11-30 00:00:00-05:00,19.67024052213826,19.67024052213826,19.166682845002004,19.19815444946289,106600,0.0,0.0,0.0
2007-12-03 00:00:00-05:00,19.308304516211592,19.4656655049065,19.158810301339493,19.206018447875977,52400,0.0,0.0,0.0
2007-12-04 00:00:00-05:00,19.253220732599313,19.253220732599313,18.985705482473435,19.032915115356445,96500,0.0,0.0,0.0
2007-12-05 00:00:00-05:00,19.363390235984834,19.434203240155362,19.150951223473253,19.268972396850586,80400,0.0,0.0,0.0
2007-12-06 00:00:00-05:00,20.79537780266702,20.79537780266702,19.143077355668694,19.47353744506836,150500,0.0,0.0,0.0
2007-12-07 00:00:00-05:00,19.67023167275629,19.67023167275629,19.284695312056616,19.48139762878418,89200,0.0,0.0,0.0
2007-12-10 00:00:00-05:00,19.5836917871581,19.670241329237243,19.489275469181134,19.654504776000977,110700,0.0,0.0,0.0
2007-12-11 00:00:00-05:00,19.512868958187656,20.00069135746615,19.386979597222798,19.394847869873047,121300,0.0,0.0,0.0
2007-12-12 00:00:00-05:00,19.717450724111675,21.14157736613106,19.37125553553628,19.575824737548828,114300,0.0,0.0,0.0
2007-12-13 00:00:00-05:00,19.4263140223388,19.434182292178885,19.15093058081192,19.32402801513672,81600,0.0,0.0,0.0
2007-12-14 00:00:00-05:00,21.062897467932935,21.062897467932935,18.781149482215845,18.796884536743164,110400,0.0,0.0,0.0
2007-12-17 00:00:00-05:00,18.67885728001755,18.67885728001755,18.269715981375743,18.513628005981445,120300,0.0,0.0,0.0
2007-12-18 00:00:00-05:00,18.592306302949105,18.592306302949105,18.261846279967635,18.50575828552246,63700,0.0,0.0,0.0
2007-12-19 00:00:00-05:00,18.663127904331052,18.686732738576037,18.37200911891256,18.49003028869629,50600,0.0,0.0,0.0
2007-12-20 00:00:00-05:00,18.58444729836996,18.62378718630794,18.3798765795073,18.529369354248047,61900,0.0,0.0,0.0
2007-12-21 00:00:00-05:00,18.922771425287003,19.10373878479004,18.86769499006794,19.10373878479004,91700,0.0,0.0,0.0
2007-12-24 00:00:00-05:00,19.150948613821683,19.473540477430575,19.127343782074533,19.37125587463379,64400,0.0,0.0,0.0
2007-12-26 00:00:00-05:00,17.63240125431887,19.528612080814025,17.63240125431887,19.355514526367188,132800,0.0,0.0,0.0
2007-12-27 00:00:00-05:00,20.606543604783976,20.606543604783976,19.505010477726213,19.623031616210938,222800,0.0,0.0,0.0
2007-12-28 00:00:00-05:00,20.37836485372585,20.60654031903754,19.363381423733735,19.520742416381836,122600,0.0,0.0,0.0
2007-12-31 00:00:00-05:00,19.662369115025577,19.76465518985714,19.347645616928492,19.44993019104004,149200,0.0,0.0,0.0
2008-01-02 00:00:00-05:00,19.41845875883047,19.41845875883047,18.804746806715592,19.040790557861328,121200,0.0,0.0,0.0
2008-01-03 00:00:00-05:00,19.072265030178826,19.3555169739281,19.040793425717936,19.19815444946289,233700,0.0,0.0,0.0
2008-01-04 00:00:00-05:00,19.26109732060336,19.276833871691853,18.639518559808977,18.72606658935547,146600,0.0,0.0,0.0
2008-01-07 00:00:00-05:00,18.49002593511184,20.960607643658008,18.198905717518706,18.647388458251953,177800,0.0,0.0,0.0
2008-01-08 00:00:00-05:00,18.718198649112274,18.74967024860969,18.206771275619136,18.332660675048828,162400,0.0,0.0,0.0
2008-01-09 00:00:00-05:00,18.05728119743479,18.33266336108524,17.789765809271294,18.12022590637207,230600,0.0,0.0,0.0
2008-01-10 00:00:00-05:00,18.096619055910164,18.246113285704087,17.91565322552388,18.238245010375977,130900,0.0,0.0,0.0
2008-01-11 00:00:00-05:00,18.191036388721862,18.23824453874968,17.703213836034326,17.7425537109375,100600,0.0,0.0,0.0
2008-01-14 00:00:00-05:00,17.758294016106806,18.301193108740634,17.703217579308657,18.065149307250977,323800,0.0,0.0,0.0
2008-01-15 00:00:00-05:00,18.34839142987951,18.34839142987951,17.45142936706543,17.45142936706543,160500,0.0,0.0,0.0
2008-01-16 00:00:00-05:00,17.490776721411034,17.490776721411034,16.98721906703899,17.21539306640625,100200,0.0,0.0,0.0
2008-01-17 00:00:00-05:00,17.624531301960296,17.624531301960296,16.75904061064155,16.853458404541016,143600,0.0,0.0,0.0
2008-01-18 00:00:00-05:00,16.91640212748725,17.081631381410208,16.53873397504634,16.546602249145508,123100,0.0,0.0,0.0
2008-01-22 00:00:00-05:00,15.295581797721454,16.216149255471368,15.209032245910283,16.1689395904541,241900,0.0,0.0,0.0
2008-01-23 00:00:00-05:00,15.610306235570537,16.161073684692383,15.23263789940042,16.161073684692383,251600,0.0,0.0,0.0
2008-01-24 00:00:00-05:00,16.31842582972127,16.530864715576172,16.247612867769636,16.530864715576172,132700,0.0,0.0,0.0
2008-01-25 00:00:00-05:00,16.782643721044078,17.978594317842738,16.12172373337744,16.617414474487305,114500,0.0,0.0,0.0
2008-01-28 00:00:00-05:00,16.522999453736045,16.892799377441406,16.397110054146133,16.892799377441406,425200,0.0,0.0,0.0
2008-01-29 00:00:00-05:00,16.916408287985284,17.01869288708404,16.759045750134476,17.010826110839844,90600,0.0,0.0,0.0
2008-01-30 00:00:00-05:00,17.026560562411348,17.435701945790036,16.947880796986492,17.136714935302734,172500,0.0,0.0,0.0
2008-01-31 00:00:00-05:00,17.309815015428217,17.53799057006836,16.908541850893187,17.53799057006836,500300,0.0,0.0,0.0
2008-02-01 00:00:00-05:00,17.687478613489077,18.490024727804933,17.39635991562479,17.72681999206543,204900,0.0,0.0,0.0
2008-02-04 00:00:00-05:00,17.726826100002327,17.923528558499253,17.482913970947266,17.482913970947266,70400,0.0,0.0,0.0
2008-02-05 00:00:00-05:00,17.27833527943663,18.261847119132796,16.326296538956328,17.199655532836914,299900,0.0,0.0,0.0
2008-02-06 00:00:00-05:00,17.120979698193533,17.294077296444446,16.735443115234375,16.735443115234375,116500,0.0,0.0,0.0
2008-02-07 00:00:00-05:00,16.719706350335237,17.120979482829735,16.648893356323242,16.648893356323242,171200,0.0,0.0,0.0
2008-02-08 00:00:00-05:00,16.648895585463823,16.68036869844776,16.310567124489626,16.412853240966797,60500,0.0,0.0,0.0
2008-02-11 00:00:00-05:00,16.37350448402922,16.837722186667122,16.37350448402922,16.641019821166992,94200,0.0,0.0,0.0
2008-02-12 00:00:00-05:00,16.95574286688813,17.050160660200767,16.821985201781843,16.971479415893555,72800,0.0,0.0,0.0
2008-02-13 00:00:00-05:00,17.231129212044387,17.270470590814806,16.806252826364904,17.25473403930664,175000,0.0,0.0,0.0
2008-02-14 00:00:00-05:00,17.93138726186043,17.93138726186043,17.105236476891847,17.246862411499023,71800,0.0,0.0,0.0
2008-02-15 00:00:00-05:00,17.695355131023877,17.695355131023877,16.821995629213284,17.191797256469727,468300,0.0,0.0,0.0
2008-02-19 00:00:00-05:00,17.844838884232487,17.844838884232487,17.144578941479434,17.286203384399414,123100,0.0,0.0,0.0
2008-02-20 00:00:00-05:00,17.223261342345836,17.278337773202757,16.940010912121657,17.21539306640625,80500,0.0,0.0,0.0
2008-02-21 00:00:00-05:00,17.380621180399356,17.915651856052456,17.17605053966611,17.286203384399414,230000,0.0,0.0,0.0
2008-02-22 00:00:00-05:00,17.435701160324324,17.852710801603585,17.191790596910547,17.703216552734375,169300,0.0,0.0,0.0
2008-02-25 00:00:00-05:00,17.750423075526463,18.214640831332282,17.632401942853146,17.962862014770508,220900,0.0,0.0,0.0
2008-02-26 00:00:00-05:00,17.78189317602781,18.253979127743925,17.78189317602781,18.214637756347656,460700,0.0,0.0,0.0
2008-02-27 00:00:00-05:00,18.206765477100507,18.28544670186555,17.99432812117029,18.159557342529297,283000,0.0,0.0,0.0
2008-02-28 00:00:00-05:00,18.143825815852484,18.387737830159956,17.947123449893528,18.080881118774414,110600,0.0,0.0,0.0
2008-02-29 00:00:00-05:00,18.00219651749946,18.057274430308844,17.64026495192727,17.781890869140625,108200,0.0,0.0,0.0
2008-03-03 00:00:00-05:00,17.663873675376603,17.805498123168945,17.341281904085147,17.805498123168945,148600,0.0,0.0,0.0
2008-03-04 00:00:00-05:00,17.545845636456626,17.663868224274935,17.152441012314373,17.45142936706543,122700,0.0,0.0,0.0
2008-03-05 00:00:00-05:00,17.50651787167059,17.781901599009526,16.90854224967537,17.6717472076416,79900,0.0,0.0,0.0
2008-03-06 00:00:00-05:00,17.68748082296588,17.68748082296588,17.246867832911448,17.309812545776367,83600,0.0,0.0,0.0
2008-03-07 00:00:00-05:00,17.27047549678433,17.545857722803476,16.91641049087317,17.120981216430664,247100,0.0,0.0,0.0
2008-03-10 00:00:00-04:00,17.05016381696613,17.8212368523539,16.60168259231651,16.751176834106445,335600,0.0,0.0,0.0
2008-03-11 00:00:00-04:00,17.758293812528958,17.758293812528958,16.790518289460703,17.309812545776367,225700,0.0,0.0,0.0
2008-03-12 00:00:00-04:00,17.459304582618596,17.514381011785446,16.601682040883002,17.37275505065918,72300,0.0,0.0,0.0
2008-03-13 00:00:00-04:00,17.026561770123344,17.58519744873047,17.026561770123344,17.58519744873047,83500,0.0,0.0,0.0
2008-03-14 00:00:00-04:00,17.703212328216775,18.316924229187457,16.8849297935892,17.089500427246094,166500,0.0,0.0,0.0
2008-03-17 00:00:00-04:00,16.530864933058336,17.058027267456055,16.530864933058336,17.058027267456055,109300,0.0,0.0,0.0
2008-03-18 00:00:00-04:00,17.26261027016901,17.26261027016901,16.8062605711741,17.191797256469727,94600,0.0,0.0,0.0
2008-03-19 00:00:00-04:00,17.191781807908004,17.191781807908004,16.5229936687893,16.688222885131836,69900,0.0,0.0,0.0
2008-03-20 00:00:00-04:00,16.609556333385786,16.609556333385786,16.082393676406983,16.286964416503906,117800,0.0,0.0,0.0
2008-03-24 00:00:00-04:00,16.43644885762491,16.916403100234017,16.342032564445365,16.853458404541016,134100,0.0,0.0,0.0
2008-03-25 00:00:00-04:00,17.671732695985643,17.671732695985643,16.25547683370011,16.924264907836914,147000,0.0,0.0,0.0
2008-03-26 00:00:00-04:00,16.916407637782033,17.254736030652925,16.8770677551916,17.105241775512695,62600,0.0,0.0,0.0
2008-03-27 00:00:00-04:00,17.7504255358308,17.7504255358308,17.06590197101485,17.309812545776367,166700,0.0,0.0,0.0
2008-03-28 00:00:00-04:00,17.813364753807534,17.813364753807534,17.058028432427083,17.128841400146484,63100,0.0,0.0,0.0
2008-03-31 00:00:00-04:00,17.2153952589685,17.506515502929688,16.99508950748256,17.506515502929688,149500,0.0,0.0,0.0
2008-04-01 00:00:00-04:00,17.805501389571578,17.805501389571578,17.2626038216402,17.60879898071289,232500,0.0,0.0,0.0
2008-04-02 00:00:00-04:00,17.58519873627232,17.742559790525704,17.309815015428217,17.53799057006836,158800,0.0,0.0,0.0
2008-04-03 00:00:00-04:00,17.54585393950615,17.65600830688252,17.06590109141859,17.498645782470703,129000,0.0,0.0,0.0
2008-04-04 00:00:00-04:00,17.695344285541367,17.78189380495445,17.388489081396695,17.648136138916016,144300,0.0,0.0,0.0
2008-04-07 00:00:00-04:00,18.24610848635342,18.24610848635342,17.537980401006337,17.781890869140625,113100,0.0,0.0,0.0
2008-04-08 00:00:00-04:00,17.553712844848633,17.61665752086665,17.31767068496093,17.553712844848633,77100,0.0,0.0,0.0
2008-04-09 00:00:00-04:00,17.766159831245414,18.033675202101662,17.325546897190474,17.37275505065918,132100,0.0,0.0,0.0
2008-04-10 00:00:00-04:00,17.246866156049443,17.48290843116311,17.113108466626315,17.396360397338867,101000,0.0,0.0,0.0
2008-04-11 00:00:00-04:00,18.253982979628873,18.253982979628873,17.120976756571586,17.21539306640625,79800,0.0,0.0,0.0
2008-04-14 00:00:00-04:00,17.687471704733085,17.687471704733085,17.058024900575862,17.065893173217773,174800,0.0,0.0,0.0
2008-04-15 00:00:00-04:00,17.38062280582948,17.388491081291974,16.60168154368347,17.349149703979492,330600,0.0,0.0,0.0
2008-04-16 00:00:00-04:00,17.585195040686838,17.93925846388979,17.349151257831306,17.9156551361084,69900,0.0,0.0,0.0
2008-04-17 00:00:00-04:00,17.899914454055892,17.899914454055892,17.498641466428033,17.656003952026367,72900,0.0,0.0,0.0
2008-04-18 00:00:00-04:00,17.86057779139079,18.411343588481685,17.58519414248526,17.750423431396484,78700,0.0,0.0,0.0
2008-04-21 00:00:00-04:00,17.54585402753308,17.82123769627522,17.31768001678348,17.703216552734375,62100,0.0,0.0,0.0
2008-04-22 00:00:00-04:00,17.836971511713163,17.970729187392003,17.553719610106207,17.7425537109375,134800,0.0,0.0,0.0
2008-04-23 00:00:00-04:00,17.884174889422074,17.939251299877615,17.57731974504426,17.758285522460938,122400,0.0,0.0,0.0
2008-04-24 00:00:00-04:00,17.71108037176982,17.884177905352082,17.309807384141962,17.656003952026367,118400,0.0,0.0,0.0
2008-04-25 00:00:00-04:00,17.836976698655086,18.080887295567344,17.632405988085928,17.899921417236328,82900,0.0,0.0,0.0
2008-04-28 00:00:00-04:00,18.073019956564234,18.073019956564234,17.86058245827239,17.884185791015625,85600,0.0,0.0,0.0
2008-04-29 00:00:00-04:00,18.35627163490077,18.40347980028393,17.640274873587394,17.774032592773438,143300,0.0,0.0,0.0
2008-04-30 00:00:00-04:00,18.285453760440078,18.285453760440078,17.718951424744972,17.789764404296875,86500,0.0,0.0,0.0
2008-05-01 00:00:00-04:00,17.695337267331098,18.15168650563501,17.60092101152716,18.112346649169922,92300,0.0,0.0,0.0
2008-05-02 00:00:00-04:00,18.23825295686918,18.293329407442936,17.994342318305076,18.175308227539062,112100,0.0,0.0,0.0
2008-05-05 00:00:00-04:00,18.033674354005367,18.293321436952667,18.033674354005367,18.238245010375977,83500,0.0,0.0,0.0
2008-05-06 00:00:00-04:00,18.23824877308882,18.23824877308882,18.00220496670784,18.206775665283203,90300,0.0,0.0,0.0
2008-05-07 00:00:00-04:00,18.14383062718812,18.40347775907772,17.899920048921004,18.096622467041016,186800,0.0,0.0,0.0
2008-05-08 00:00:00-04:00,18.442819143133935,18.49002730328104,17.947128209068108,18.096622467041016,155600,0.0,0.0,0.0
2008-05-09 00:00:00-04:00,18.096619869992118,18.096619869992118,17.750423243581935,18.0179386138916,176600,0.0,0.0,0.0
2008-05-12 00:00:00-04:00,18.387737496411777,18.387737496411777,17.781893860081823,18.293319702148438,255400,0.0,0.0,0.0
2008-05-13 00:00:00-04:00,18.48215133141354,18.490019604948824,18.08087838543254,18.269712448120117,98100,0.0,0.0,0.0
2008-05-14 00:00:00-04:00,18.403472544855727,18.41134081943767,18.14382548653145,18.293319702148438,180800,0.0,0.0,0.0
2008-05-15 00:00:00-04:00,18.22251402631432,18.568710742906557,18.21464574858262,18.529369354248047,84500,0.0,0.0,0.0
2008-05-16 00:00:00-04:00,18.560834142871666,18.72606339899036,18.47428462735053,18.63164710998535,169300,0.0,0.0,0.0
2008-05-19 00:00:00-04:00,19.261092799395733,19.670234027337084,18.78900688259569,19.001445770263672,441900,0.0,0.0,0.0
2008-05-20 00:00:00-04:00,19.324046340542782,19.324046340542782,18.68673088630627,18.86769676208496,307500,0.0,0.0,0.0
2008-05-21 00:00:00-04:00,18.84408881528085,19.095867624384745,18.529363803180896,18.76540756225586,164800,0.0,0.0,0.0
2008-05-22 00:00:00-04:00,19.040792663159916,19.237495060503633,18.49002535030943,18.773277282714844,428000,0.0,0.0,0.0
2008-05-23 00:00:00-04:00,19.308313195202373,19.308313195202373,18.5608432855778,18.663127899169922,142600,0.0,0.0,0.0
2008-05-27 00:00:00-04:00,19.27683190049358,19.27683190049358,18.33265994181407,18.584440231323242,128800,0.0,0.0,0.0
2008-05-28 00:00:00-04:00,18.521503395900968,18.686732733408377,18.474293727424055,18.663127899169922,108900,0.0,0.0,0.0
2008-05-29 00:00:00-04:00,18.71819173306702,19.032915115356445,18.48214807081035,19.032915115356445,103700,0.0,0.0,0.0
2008-05-30 00:00:00-04:00,19.26109791302548,19.26109791302548,18.24611434812113,18.781145095825195,301400,0.0,0.0,0.0
2008-06-02 00:00:00-04:00,19.221757976743113,19.221757976743113,18.623782525275722,18.749671936035156,98800,0.0,0.0,0.0
2008-06-03 00:00:00-04:00,18.71033159645514,19.174549349950748,18.647386892627946,18.757539749145508,133500,0.0,0.0,0.0
2008-06-04 00:00:00-04:00,18.68672648022653,19.11947112474374,18.66312165388701,18.820484161376953,102900,0.0,0.0,0.0
2008-06-05 00:00:00-04:00,18.277584107458573,19.261095970762025,18.277584107458573,19.245359420776367,151600,0.0,0.0,0.0
2008-06-06 00:00:00-04:00,19.26896541963851,19.26896541963851,18.608045287177106,18.670989990234375,218200,0.0,0.0,0.0
2008-06-09 00:00:00-04:00,18.24611612137243,18.88343151479508,18.175303133134324,18.576576232910156,222800,0.0,0.0,0.0
2008-06-10 00:00:00-04:00,18.301189075551413,18.64738567434307,18.261847700279624,18.332660675048828,224000,0.0,0.0,0.0
2008-06-11 00:00:00-04:00,18.474293732532967,18.49003028869629,18.025812386922436,18.49003028869629,116200,0.0,0.0,0.0
2008-06-12 00:00:00-04:00,18.041544931412986,18.68672858344184,17.640271842797908,17.703216552734375,303200,0.0,0.0,0.0
2008-06-13 00:00:00-04:00,17.600931971666842,18.057281494140625,17.54585403731151,18.057281494140625,72400,0.0,0.0,0.0
2008-06-16 00:00:00-04:00,18.057279292778716,18.293321551216053,17.978598039726243,18.26184844970703,86800,0.0,0.0,0.0
2008-06-17 00:00:00-04:00,18.686730583013993,18.686730583013993,18.104491578619168,18.23038101196289,60600,0.0,0.0,0.0
2008-06-18 00:00:00-04:00,17.9943315413962,18.458547704233606,17.87630893145602,18.049407958984375,96800,0.0,0.0,0.0
2008-06-19 00:00:00-04:00,18.08874782848455,18.08874782848455,17.78189264436767,18.049407958984375,106000,0.0,0.0,0.0
2008-06-20 00:00:00-04:00,17.978600231496124,18.057281494140625,17.561590589984462,18.057281494140625,89500,0.0,0.0,0.0
2008-06-23 00:00:00-04:00,17.915652282044007,17.915652282044007,17.30980862016542,17.42782974243164,141200,0.0,0.0,0.0
2008-06-24 00:00:00-04:00,17.89204936818594,17.89204936818594,17.231129212044387,17.25473403930664,134600,0.0,0.0,0.0
2008-06-25 00:00:00-04:00,17.23900216773703,17.742559946939977,17.23900216773703,17.593067169189453,87100,0.0,0.0,0.0
2008-06-26 00:00:00-04:00,17.742545639171855,17.781886996897164,16.924264907836914,16.924264907836914,140400,0.0,0.0,0.0
2008-06-27 00:00:00-04:00,16.91639696931041,17.223252062011884,16.43644290064861,17.15243911743164,73700,0.0,0.0,0.0
2008-06-30 00:00:00-04:00,16.924263458249065,17.703204265860624,16.91639518737793,16.91639518737793,72400,0.0,0.0,0.0
2008-07-01 00:00:00-04:00,17.412095462735355,17.412095462735355,16.62528587741894,17.21539306640625,154400,0.0,0.0,0.0
2008-07-02 00:00:00-04:00,17.813363302896246,17.813363302896246,16.530864715576172,16.530864715576172,209500,0.0,0.0,0.0
2008-07-03 00:00:00-04:00,16.64102435765475,17.49077874823694,16.200411359021118,16.224016189575195,134700,0.0,0.0,0.0
2008-07-07 00:00:00-04:00,17.042297013750883,17.042297013750883,16.153202763578275,16.40498161315918,257900,0.0,0.0,0.0
2008-07-08 00:00:00-04:00,16.483662989335567,16.515134595383998,16.082389882355848,16.428585052490234,103900,0.0,0.0,0.0
2008-07-09 00:00:00-04:00,16.515131163268038,16.617417238289452,16.05091343994321,16.247615814208984,124500,0.0,0.0,0.0
2008-07-10 00:00:00-04:00,15.940758445493993,16.60167845414696,15.940758445493993,16.310558319091797,62700,0.0,0.0,0.0
2008-07-11 00:00:00-04:00,15.964371238680377,16.84559735641065,15.932898126972583,16.161073684692383,72700,0.0,0.0,0.0
2008-07-14 00:00:00-04:00,17.5143811337155,17.5143811337155,15.885685570865217,15.917157173156738,80700,0.0,0.0,0.0
2008-07-15 00:00:00-04:00,15.932890034587357,16.02730782103496,15.539485342375324,15.649638175964355,134500,0.0,0.0,0.0
2008-07-16 00:00:00-04:00,15.508012974620838,16.24761425089893,15.508012974620838,16.216142654418945,82700,0.0,0.0,0.0
2008-07-17 00:00:00-04:00,16.24761422759813,16.9164025349373,16.23187767902077,16.507261276245117,95400,0.0,0.0,0.0
2008-07-18 00:00:00-04:00,16.633153281838318,16.74330763850063,16.38137446784464,16.58594512939453,71900,0.0,0.0,0.0
2008-07-21 00:00:00-04:00,16.137467758030123,17.176056362521656,16.12959948063604,16.99509048461914,47000,0.0,0.0,0.0
2008-07-22 00:00:00-04:00,16.80625550137246,17.002957924372716,16.69610112400245,16.861331939697266,73100,0.0,0.0,0.0
2008-07-23 00:00:00-04:00,16.743307733708416,17.23112881341504,16.743307733708416,17.113107681274414,90000,0.0,0.0,0.0
2008-07-24 00:00:00-04:00,17.278336325295367,17.278336325295367,16.46005520551194,16.562339782714844,214600,0.0,0.0,0.0
2008-07-25 00:00:00-04:00,16.743308231059082,16.743308231059082,16.33416689347948,16.46005630493164,145200,0.0,0.0,0.0
2008-07-28 00:00:00-04:00,16.56234535392278,16.66463146625254,16.13746885091154,16.161073684692383,269600,0.0,0.0,0.0
2008-07-29 00:00:00-04:00,16.349900292631112,16.578074244123375,16.263350776175493,16.507261276245117,79100,0.0,0.0,0.0
2008-07-30 00:00:00-04:00,16.55447815887986,17.03443109454512,16.41285216121058,16.719707489013672,404200,0.0,0.0,0.0
2008-07-31 00:00:00-04:00,16.436447267981062,16.829851953194357,16.436447267981062,16.790512084960938,64200,0.0,0.0,0.0
2008-08-01 00:00:00-04:00,16.688229244761374,16.84559174948228,16.168935080190472,16.593812942504883,78500,0.0,0.0,0.0
2008-08-04 00:00:00-04:00,17.002961256482784,17.002961256482784,16.271227859407063,16.286964416503906,48800,0.0,0.0,0.0
2008-08-05 00:00:00-04:00,16.271213155383435,16.60167305218265,16.247608341069448,16.570199966430664,47200,0.0,0.0,0.0
2008-08-06 00:00:00-04:00,17.199660918261294,17.199660918261294,16.342038205456472,16.703969955444336,54400,0.0,0.0,0.0
2008-08-07 00:00:00-04:00,17.120975859491146,17.120975859491146,16.279089887429752,16.58594512939453,37200,0.0,0.0,0.0
2008-08-08 00:00:00-04:00,17.120969964177036,17.136706509813056,16.389237100017585,16.436445236206055,80700,0.0,0.0,0.0
2008-08-11 00:00:00-04:00,16.444317738069604,16.759041228130652,15.775529383739887,16.578075408935547,115200,0.0,0.0,0.0
2008-08-12 00:00:00-04:00,16.53086010996001,16.782638793098585,16.50725529564602,16.570199966430664,51200,0.0,0.0,0.0
2008-08-13 00:00:00-04:00,16.6410233845091,16.6410233845091,16.255486845660307,16.381376266479492,34100,0.0,0.0,0.0
2008-08-14 00:00:00-04:00,16.255480068036203,16.40497425569839,16.153195519037638,16.342029571533203,57100,0.0,0.0,0.0
2008-08-15 00:00:00-04:00,16.137467981163073,16.3577752490822,16.137467981163073,16.1689395904541,70100,0.0,0.0,0.0
2008-08-18 00:00:00-04:00,16.129596116325075,16.326298507987577,15.917157173156738,15.917157173156738,174300,0.0,0.0,0.0
2008-08-19 00:00:00-04:00,15.751923895757017,16.20040499506658,15.342782664530134,15.84634017944336,72700,0.0,0.0,0.0
2008-08-20 00:00:00-04:00,15.89354763143097,16.515126165641107,15.736185179349647,16.05877685546875,54000,0.0,0.0,0.0
2008-08-21 00:00:00-04:00,15.799133969625554,15.909286814303117,15.736189272564097,15.862078666687012,110700,0.0,0.0,0.0
2008-08-22 00:00:00-04:00,15.791266009711979,15.917155406344582,15.65750833819984,15.814870834350586,107500,0.0,0.0,0.0
2008-08-25 00:00:00-04:00,15.665382743927475,15.917161635729574,15.460812019158126,15.6339111328125,94100,0.0,0.0,0.0
2008-08-26 00:00:00-04:00,15.830608165595363,15.862079765947133,15.586696134448871,15.759795188903809,40400,0.0,0.0,0.0
2008-08-27 00:00:00-04:00,15.649639781346691,15.893551796057563,15.460805689800178,15.877815246582031,116200,0.0,0.0,0.0
2008-08-28 00:00:00-04:00,16.121721273527594,16.121721273527594,15.885679099970401,15.972227096557617,53000,0.0,0.0,0.0
2008-08-29 00:00:00-04:00,16.03517731968201,16.404978753675696,15.759795188903809,15.759795188903809,51300,0.0,0.0,0.0
2008-09-02 00:00:00-04:00,16.05091542700673,16.1453332386598,15.633907302399527,15.775531768798828,52800,0.0,0.0,0.0
2008-09-03 00:00:00-04:00,15.374265144029843,16.271227890155398,15.34279202977668,15.523757934570312,92100,0.0,0.0,0.0
2008-09-04 00:00:00-04:00,15.34278620364646,15.34278620364646,14.807755470275879,14.807755470275879,103500,0.0,0.0,0.0
2008-09-05 00:00:00-04:00,14.359273311983731,14.799886209848477,14.32780021177624,14.65039348602295,199500,0.0,0.0,0.0
2008-09-08 00:00:00-04:00,14.563846646971587,15.484413987727336,14.563846646971587,15.106745719909668,99900,0.0,0.0,0.0
2008-09-09 00:00:00-04:00,14.957252313077033,14.957252313077033,14.343540217650277,14.35927677154541,65700,0.0,0.0,0.0
2008-09-10 00:00:00-04:00,14.351408494597843,14.516639309055977,14.07602480431454,14.35927677154541,141200,0.0,0.0,0.0
2008-09-11 00:00:00-04:00,14.099624776077256,14.35927182298462,13.942262292797698,14.304195404052734,94300,0.0,0.0,0.0
2008-09-12 00:00:00-04:00,14.469432075818641,14.894310097973493,14.162576726965002,14.555981636047363,88000,0.0,0.0,0.0
2008-09-15 00:00:00-04:00,13.863589505189099,14.170444850696306,13.572469215325908,13.737698554992676,182600,0.0,0.0,0.0
2008-09-16 00:00:00-04:00,13.391498860308156,14.154703581219964,13.391498860308156,13.989474296569824,201800,0.0,0.0,0.0
2008-09-17 00:00:00-04:00,13.509523148586496,13.86358812801568,13.210536110962211,13.234139442443848,145100,0.0,0.0,0.0
2008-09-18 00:00:00-04:00,14.02094367293025,14.217646028612705,12.887937683997741,14.036680221557617,227600,0.0,0.0,0.0
2008-09-19 00:00:00-04:00,15.688982429590355,15.688982429590355,14.249121051445568,14.681865692138672,69300,0.0,0.0,0.0
2008-09-22 00:00:00-04:00,14.249123619588708,14.854965925606997,13.965871657846936,14.595318794250488,64100,0.0,0.0,0.0
2008-09-23 00:00:00-04:00,13.895058030799358,14.39861571685134,13.769168609286362,13.86358642578125,107700,0.0,0.0,0.0
2008-09-24 00:00:00-04:00,13.800641715024751,14.083892163068851,13.37576379187818,13.86358642578125,281300,0.0,0.0,0.0
2008-09-25 00:00:00-04:00,14.524505142557212,14.524505142557212,13.76916861326119,14.020947456359863,127800,0.0,0.0,0.0
2008-09-26 00:00:00-04:00,13.360029298766404,14.02094961396592,13.281348023010173,13.580336570739746,80900,0.0,0.0,0.0
2008-09-29 00:00:00-04:00,13.28134575120586,13.564597695189198,12.21128568640707,12.573217391967773,275300,0.0,0.0,0.0
2008-09-30 00:00:00-04:00,12.78565652442701,13.05317191945726,12.636162274093572,12.982358932495117,109700,0.0,0.0,0.0
2008-10-01 00:00:00-04:00,12.998095561847451,12.998095561847451,12.620427296305804,12.675503730773926,148400,0.0,0.0,0.0
2008-10-02 00:00:00-04:00,12.56534995694937,12.588954035665406,11.896561473660592,11.928033828735352,98000,0.0,0.0,0.0
2008-10-03 00:00:00-04:00,11.817880705491705,12.219153036423915,11.660518183162083,11.668386459350586,130700,0.0,0.0,0.0
2008-10-06 00:00:00-04:00,10.889445426938327,11.172696624328696,10.236393492407096,10.842236518859863,339800,0.0,0.0,0.0
2008-10-07 00:00:00-04:00,10.456694840205154,10.897308347739145,9.803643226623535,9.803643226623535,232300,0.0,0.0,0.0
2008-10-08 00:00:00-04:00,9.63842004410764,10.181318475617212,8.615567154660893,9.245015144348145,381800,0.0,0.0,0.0
2008-10-09 00:00:00-04:00,9.056177803283191,10.165579112305295,8.961760750425993,9.119122505187988,474300,0.0,0.0,0.0
2008-10-10 00:00:00-04:00,8.686377432577276,9.559735766023447,8.182819048674224,8.820135116577148,368100,0.0,0.0,0.0
2008-10-13 00:00:00-04:00,9.850854750304826,10.511774063110352,9.166329863197726,10.511774063110352,107700,0.0,0.0,0.0
2008-10-14 00:00:00-04:00,11.149093020475739,11.251378367036821,9.12699242019942,10.236393928527832,214600,0.0,0.0,0.0
2008-10-15 00:00:00-04:00,10.621931244596096,10.621931244596096,9.591210178850867,9.976747512817383,228600,0.0,0.0,0.0
2008-10-16 00:00:00-04:00,10.88944763651276,10.88944763651276,9.245015051903726,9.756441116333008,114000,0.0,0.0,0.0
2008-10-17 00:00:00-04:00,9.339426878226174,9.921665616127953,9.331558604653479,9.606942176818848,159000,0.0,0.0,0.0
2008-10-20 00:00:00-04:00,10.496041282948006,10.614062435160271,9.56760561762955,9.882329940795898,203400,0.0,0.0,0.0
2008-10-21 00:00:00-04:00,9.449583053588867,9.976745522047867,9.449583053588867,9.449583053588867,145200,0.0,0.0,0.0
2008-10-22 00:00:00-04:00,9.441713566029872,9.441713566029872,8.74932114781115,9.040440559387207,383900,0.0,0.0,0.0
2008-10-23 00:00:00-04:00,9.693490547939684,9.693490547939684,8.568353734570866,8.890945434570312,160200,0.0,0.0,0.0
2008-10-24 00:00:00-04:00,8.127743727886637,8.654906260122937,7.868096600111762,8.568357467651367,349900,0.0,0.0,0.0
2008-10-27 00:00:00-04:00,8.261494764476272,8.387384088448856,8.025451906847895,8.096264839172363,216800,0.0,0.0,0.0
2008-10-28 00:00:00-04:00,8.159216096306823,9.032574550077697,8.159216096306823,8.654906272888184,145500,0.0,0.0,0.0
2008-10-29 00:00:00-04:00,8.654904102194049,9.284351823334703,8.654904102194049,9.040440559387207,92100,0.0,0.0,0.0
2008-10-30 00:00:00-04:00,9.095519229792291,9.56760453561259,9.0719144017312,9.488924026489258,103600,0.0,0.0,0.0
2008-10-31 00:00:00-04:00,9.638416404143518,9.685625304444669,9.36303277816684,9.520395278930664,62600,0.0,0.0,0.0
2008-11-03 00:00:00-05:00,9.370898133779754,10.228520344238888,9.370898133779754,9.992477416992188,71300,0.0,0.0,0.0
2008-11-04 00:00:00-05:00,10.606189680942252,10.606189680942252,10.134104521019525,10.519640922546387,92800,0.0,0.0,0.0
2008-11-05 00:00:00-05:00,10.606192256367207,10.913048247598503,10.079030554036597,10.173447608947754,78700,0.0,0.0,0.0
2008-11-06 00:00:00-05:00,10.260000664861964,10.260000664861964,9.481059074401855,9.481059074401855,63000,0.0,0.0,0.0
2008-11-07 00:00:00-05:00,9.835119885730395,10.197052327539676,9.52826387516597,9.811515808105469,69500,0.0,0.0,0.0
2008-11-10 00:00:00-05:00,9.945271846060015,10.63766426100976,9.921667021997202,10.055424690246582,165500,0.0,0.0,0.0
2008-11-11 00:00:00-05:00,10.464570379035425,10.464570379035425,9.583343502429113,9.756441116333008,63400,0.0,0.0,0.0
2008-11-12 00:00:00-05:00,9.449583174113064,9.874460314521174,8.985365404890112,8.993233680725098,67700,0.0,0.0,0.0
2008-11-13 00:00:00-05:00,8.835872272195465,9.654155052885232,8.757191755070801,9.57547378540039,84700,0.0,0.0,0.0
2008-11-14 00:00:00-05:00,9.575469163107076,9.575469163107076,9.134855628534309,9.174196243286133,59100,0.0,0.0,0.0
2008-11-17 00:00:00-05:00,8.922418076750832,9.260746334624198,8.69424339711434,9.064043998718262,89600,0.0,0.0,0.0
2008-11-18 00:00:00-05:00,9.819383736067245,9.866592643611472,8.654905854057787,9.189936637878418,86600,0.0,0.0,0.0
2008-11-19 00:00:00-05:00,9.245013158140642,9.245013158140642,8.190688133239746,8.190688133239746,326400,0.0,0.0,0.0
2008-11-20 00:00:00-05:00,8.064798548754892,8.47393990847434,7.868096145126724,8.135611534118652,160300,0.0,0.0,0.0
2008-11-21 00:00:00-05:00,8.033325781170541,8.316576957702637,7.710733975863413,8.316576957702637,101200,0.0,0.0,0.0
2008-11-24 00:00:00-05:00,8.796526701520548,9.095514274151732,8.363781510860685,8.59195613861084,110600,0.0,0.0,0.0
2008-11-25 00:00:00-05:00,8.977493379214,9.30795332265155,8.654901708324907,9.079778671264648,170800,0.0,0.0,0.0
2008-11-26 00:00:00-05:00,8.694243647530866,9.221405982971191,8.678507100032403,9.221405982971191,103600,0.0,0.0,0.0
2008-11-28 00:00:00-05:00,8.890948081833907,9.229275678726907,8.890948081833907,9.14272689819336,34000,0.0,0.0,0.0
2008-12-01 00:00:00-05:00,8.828002463745518,9.18993484996995,8.277235984802246,8.277235984802246,67000,0.0,0.0,0.0
2008-12-02 00:00:00-05:00,8.867345228498834,8.922421664584364,8.37952257897496,8.568357467651367,72800,0.0,0.0,0.0
2008-12-03 00:00:00-05:00,8.788662913140195,9.197803497314453,8.497543463733876,9.197803497314453,172000,0.0,0.0,0.0
2008-12-04 00:00:00-05:00,8.89881887174389,9.048312398605814,8.403128624211817,8.489677429199219,112100,0.0,0.0,0.0
2008-12-05 00:00:00-05:00,8.725715447941347,8.946021846660022,8.277234377245517,8.890945434570312,106100,0.0,0.0,0.0
2008-12-08 00:00:00-05:00,9.166329556036525,9.504657850929185,9.103384861688115,9.150593757629395,390300,0.0,0.0,0.0
2008-12-09 00:00:00-05:00,9.056177125991745,9.496790006372867,9.056177125991745,9.292220115661621,165500,0.0,0.0,0.0
2008-12-10 00:00:00-05:00,9.315823977745126,9.630547456577071,9.315823977745126,9.5282621383667,75100,0.0,0.0,0.0
2008-12-11 00:00:00-05:00,9.599078923509264,9.724968365072362,9.323695957680055,9.339431762695312,98700,0.0,0.0,0.0
2008-12-12 00:00:00-05:00,9.850854642119396,9.850854642119396,9.079780993441187,9.5282621383667,164400,0.0,0.0,0.0
2008-12-15 00:00:00-05:00,9.559735011165563,9.7407015842006,9.457450437698807,9.622679710388184,115200,0.0,0.0,0.0
2008-12-16 00:00:00-05:00,10.118371963500977,10.212789032714031,9.504660638436047,10.118371963500977,299000,0.0,0.0,0.0
2008-12-17 00:00:00-05:00,10.157711029052734,10.346545138337854,9.780042810482493,10.157711029052734,231800,0.0,0.0,0.0
2008-12-18 00:00:00-05:00,10.016087527188326,10.27573542905385,9.835121649019284,9.92953872680664,133300,0.0,0.0,0.0
2008-12-19 00:00:00-05:00,10.148774939902925,10.188636738879174,9.8298820686941,9.949466705322266,89100,0.165,0.0,0.0
2008-12-22 00:00:00-05:00,9.67840535304262,10.379970227624161,9.630571056009632,10.03715991973877,81500,0.0,0.0,0.0
2008-12-23 00:00:00-05:00,10.316190464374682,10.316190464374682,9.718265959028459,9.829878807067871,159000,0.0,0.0,0.0
2008-12-24 00:00:00-05:00,9.782048506300374,10.045135314803753,9.782048506300374,9.941494941711426,49900,0.0,0.0,0.0
2008-12-26 00:00:00-05:00,9.917578651926974,10.124859424148283,9.89366187368626,10.005274772644043,51400,0.0,0.0,0.0
2008-12-29 00:00:00-05:00,9.941495123063943,10.32416657503115,9.901633323408877,10.045135498046875,158400,0.0,0.0,0.0
2008-12-30 00:00:00-05:00,9.957441519156957,10.300252005183424,9.957441519156957,10.204584121704102,155900,0.0,0.0,0.0
2008-12-31 00:00:00-05:00,10.316191560893788,10.643057630544943,10.053104811401703,10.547389030456543,97200,0.0,0.0,0.0
2009-01-02 00:00:00-05:00,10.674947101233075,10.754669922330828,10.364026046140703,10.738725662231445,59800,0.0,0.0,0.0
2009-01-05 00:00:00-05:00,10.722782883265358,10.834395768493684,10.595225734604748,10.714810371398926,38900,0.0,0.0,0.0
2009-01-06 00:00:00-05:00,10.77061653137207,10.874256898356245,10.60319759398233,10.77061653137207,50100,0.0,0.0,0.0
2009-01-07 00:00:00-05:00,10.7148068627504,10.7148068627504,10.379969837311624,10.587249755859375,43500,0.0,0.0,0.0
2009-01-08 00:00:00-05:00,10.443749317746418,10.579278945922852,10.364025738713082,10.579278945922852,43000,0.0,0.0,0.0
2009-01-09 00:00:00-05:00,10.579279073757432,10.579279073757432,10.164717674255371,10.164717674255371,39300,0.0,0.0,0.0
2009-01-12 00:00:00-05:00,10.20458089087973,10.20458089087973,9.805964455769589,9.901632308959961,44400,0.0,0.0,0.0
2009-01-13 00:00:00-05:00,10.037162387458801,10.037162387458801,9.805964875608304,9.925549507141113,36100,0.0,0.0,0.0
2009-01-14 00:00:00-05:00,9.869743859018538,9.869743859018538,9.503016677299573,9.51098918914795,46300,0.0,0.0,0.0
2009-01-15 00:00:00-05:00,9.606661118956989,9.797996922547448,9.287767352671992,9.670439720153809,162800,0.0,0.0,0.0
2009-01-16 00:00:00-05:00,10.483613687335197,10.483613687335197,9.487072433394564,9.75015926361084,26000,0.0,0.0,0.0
2009-01-20 00:00:00-05:00,9.710296309932488,9.710296309932488,9.032648086547852,9.032648086547852,77000,0.0,0.0,0.0
2009-01-21 00:00:00-05:00,9.104400846568083,9.495044830909817,9.104400846568083,9.455183029174805,84900,0.0,0.0,0.0
2009-01-22 00:00:00-05:00,9.19209161472957,9.343566233667405,9.072507029505173,9.216009140014648,97100,0.0,0.0,0.0
2009-01-23 00:00:00-05:00,8.976842008699958,9.2797905807501,8.960896986870772,9.223983764648438,56300,0.0,0.0,0.0
2009-01-26 00:00:00-05:00,9.12831694325295,9.391403750678101,9.040621594211423,9.271819114685059,101700,0.0,0.0,0.0
2009-01-27 00:00:00-05:00,9.144262383028178,9.36748740184761,9.144262383028178,9.295736312866211,304400,0.0,0.0,0.0
2009-01-28 00:00:00-05:00,9.622600466677431,9.622600466677431,9.423292249817996,9.471126556396484,87900,0.0,0.0,0.0
2009-01-29 00:00:00-05:00,9.43126606304571,9.43126606304571,9.216013554476008,9.343570709228516,170700,0.0,0.0,0.0
2009-01-30 00:00:00-05:00,9.439238698926202,9.439238698926202,9.20006865048234,9.303709030151367,145400,0.0,0.0,0.0
2009-02-02 00:00:00-05:00,9.1761473581731,9.247898413427839,8.968866700837246,9.216009140014648,33800,0.0,0.0,0.0
2009-02-03 00:00:00-05:00,9.168177377168806,9.343568809442253,9.128315584338416,9.24790096282959,176600,0.0,0.0,0.0
2009-02-04 00:00:00-05:00,9.351539599969623,9.55084778336506,9.26384427298377,9.43923568725586,108600,0.0,0.0,0.0
2009-02-05 00:00:00-05:00,9.447211925010034,9.518962260693332,9.327626511603171,9.38343334197998,71000,0.0,0.0,0.0
2009-02-06 00:00:00-05:00,9.50301611530605,9.750157885585523,9.495043603929155,9.726241111755371,79200,0.0,0.0,0.0
2009-02-09 00:00:00-05:00,9.766105576522744,9.957441340039583,9.670437694764324,9.718271255493164,54200,0.0,0.0,0.0
2009-02-10 00:00:00-05:00,9.75813230196812,9.81393913220059,9.367488291844225,9.487072944641113,50100,0.0,0.0,0.0
2009-02-11 00:00:00-05:00,9.957442397982314,10.053110289905106,9.287766394221949,9.375462532043457,56400,0.0,0.0,0.0
2009-02-12 00:00:00-05:00,9.542878170099348,9.542878170099348,9.223984549099795,9.447210311889648,58500,0.0,0.0,0.0
2009-02-13 00:00:00-05:00,9.534904917265832,9.550849178911003,9.383431010284486,9.463153839111328,41000,0.0,0.0,0.0
2009-02-17 00:00:00-05:00,9.22398524575992,9.279792070822582,8.849286296213839,8.865230560302734,78300,0.0,0.0,0.0
2009-02-18 00:00:00-05:00,8.952924195990724,9.048592803373227,8.857256348908686,8.873201370239258,67100,0.0,0.0,0.0
2009-02-19 00:00:00-05:00,8.984814773914488,9.168177968336982,8.817395841471965,8.849285125732422,66100,0.0,0.0,0.0
2009-02-20 00:00:00-05:00,8.370944631067141,8.801450324538575,8.370944631067141,8.689837455749512,284000,0.0,0.0,0.0
2009-02-23 00:00:00-05:00,8.681865969502683,8.801450592321805,8.307166318875348,8.323110580444336,124000,0.0,0.0,0.0
2009-02-24 00:00:00-05:00,8.35500000622021,8.761588947212738,8.307166460397855,8.705782890319824,102000,0.0,0.0,0.0
2009-02-25 00:00:00-05:00,8.58619840909551,8.761589093778793,8.458640510734238,8.47458553314209,47600,0.0,0.0,0.0
2009-02-26 00:00:00-05:00,8.753619106061521,8.753619106061521,8.370947581562993,8.450671195983887,42100,0.0,0.0,0.0
2009-02-27 00:00:00-05:00,8.267305906139384,8.45066988677983,8.171638039835917,8.243389129638672,78900,0.0,0.0,0.0
2009-03-02 00:00:00-05:00,8.147723580955734,8.17961287879447,7.75707873205518,7.948415279388428,164900,0.0,0.0,0.0
2009-03-03 00:00:00-05:00,8.251360679111245,8.251360679111245,7.613574217873089,7.717214584350586,98800,0.0,0.0,0.0
2009-03-04 00:00:00-05:00,7.916524407525143,8.219473056908958,7.868690090127411,8.091915130615234,82200,0.0,0.0,0.0
2009-03-05 00:00:00-05:00,8.115835403526317,8.115835403526317,7.653440140879527,7.765052318572998,67700,0.0,0.0,0.0
2009-03-06 00:00:00-05:00,7.733160142908876,7.916524132888193,7.533851887883901,7.69329833984375,174200,0.0,0.0,0.0
2009-03-09 00:00:00-04:00,7.573712638892182,7.661407985213262,7.422238720646581,7.470072269439697,387200,0.0,0.0,0.0
2009-03-10 00:00:00-04:00,7.7172186737818675,8.075973510742188,7.653440069891185,8.075973510742188,62700,0.0,0.0,0.0
2009-03-11 00:00:00-04:00,7.996245268752617,8.243387786665432,7.964355985180044,8.036107063293457,343900,0.0,0.0,0.0
2009-03-12 00:00:00-04:00,7.964357972342309,8.355001983649833,7.932468680813137,8.331085205078125,54500,0.0,0.0,0.0
2009-03-13 00:00:00-04:00,8.554310495586265,8.554310495586265,8.21947330490235,8.482560157775879,43100,0.0,0.0,0.0
2009-03-16 00:00:00-04:00,8.626060719377023,8.761590388671909,8.37094640555165,8.538365364074707,63900,0.0,0.0,0.0
2009-03-17 00:00:00-04:00,8.434725801245214,8.578227996826172,8.355002190300084,8.578227996826172,147700,0.0,0.0,0.0
2009-03-18 00:00:00-04:00,8.570255209847403,8.769563470541529,8.386891974953134,8.761590957641602,67700,0.0,0.0,0.0
2009-03-19 00:00:00-04:00,8.936983238712951,8.936983238712951,8.59417275638287,8.649979591369629,64000,0.0,0.0,0.0
2009-03-20 00:00:00-04:00,8.753618423582154,8.801452740565415,8.482559828345922,8.514449119567871,109500,0.0,0.0,0.0
2009-03-23 00:00:00-04:00,9.128313901772254,9.128313901772254,8.554306167599144,9.072507858276367,77700,0.0,0.0,0.0
2009-03-24 00:00:00-04:00,9.008731094911733,9.200066790871867,8.801450377471351,9.016703605651855,66700,0.0,0.0,0.0
2009-03-25 00:00:00-04:00,8.61808780695354,9.216012469702473,8.61011529564476,9.056565284729004,54100,0.0,0.0,0.0
2009-03-26 00:00:00-04:00,9.09642912692797,9.319654171677543,9.09642912692797,9.255875587463379,87300,0.0,0.0,0.0
2009-03-27 00:00:00-04:00,9.239927181189687,9.239927181189687,8.889144364895317,9.000757217407227,66400,0.0,0.0,0.0
2009-03-30 00:00:00-04:00,8.626059825223003,9.04859381407333,8.570253764933563,8.681866645812988,46300,0.0,0.0,0.0
2009-03-31 00:00:00-04:00,8.984814682221838,9.05656500085025,8.729699650441203,8.801450729370117,61400,0.0,0.0,0.0
2009-04-01 00:00:00-04:00,8.87320208643025,9.056565284729004,8.729699924074337,9.056565284729004,91100,0.0,0.0,0.0
2009-04-02 00:00:00-04:00,9.064540433161872,9.455184477334813,9.064540433161872,9.279793739318848,50900,0.0,0.0,0.0
2009-04-03 00:00:00-04:00,9.431265269769103,9.558822413792603,9.335597411751476,9.542878150939941,83000,0.0,0.0,0.0
2009-04-06 00:00:00-04:00,9.455180788453996,9.495042580742426,8.929007259087985,9.479098320007324,38300,0.0,0.0,0.0
2009-04-07 00:00:00-04:00,9.423292396642166,9.423292396642166,9.168178118383318,9.23992919921875,50500,0.0,0.0,0.0
2009-04-08 00:00:00-04:00,9.343566233667405,9.343566233667405,9.18411986660146,9.216009140014648,25100,0.0,0.0,0.0
2009-04-09 00:00:00-04:00,9.287762987734897,9.614629115628604,9.287762987734897,9.58273983001709,38200,0.0,0.0,0.0
2009-04-13 00:00:00-04:00,9.55882380452996,9.869744958549358,9.407349864038864,9.8059663772583,56700,0.0,0.0,0.0
2009-04-14 00:00:00-04:00,9.686379757549664,9.734214067695099,9.271819030925025,9.65449047088623,39500,0.0,0.0,0.0
2009-04-15 00:00:00-04:00,9.598685807974192,9.829883360048212,9.367488255900172,9.813939094543457,26500,0.0,0.0,0.0
2009-04-16 00:00:00-04:00,9.861767352756841,9.997296958081977,9.718265238812515,9.933518409729004,442900,0.0,0.0,0.0
2009-04-17 00:00:00-04:00,10.02121692119889,10.053106205550577,9.686379055355921,9.997300148010254,55900,0.0,0.0,0.0
2009-04-20 00:00:00-04:00,9.70232449186242,9.805964860504812,9.495043754577637,9.495043754577637,69700,0.0,0.0,0.0
2009-04-21 00:00:00-04:00,9.670432842002137,9.782045694861731,9.495041433308595,9.75812816619873,109500,0.0,0.0,0.0
2009-04-22 00:00:00-04:00,9.750158963819668,9.957439720738147,9.606657544668934,9.686380386352539,55000,0.0,0.0,0.0
2009-04-23 00:00:00-04:00,9.893660545349121,9.973384142515258,9.702324824511079,9.893660545349121,100500,0.0,0.0,0.0
2009-04-24 00:00:00-04:00,9.909604565623123,10.204580628792614,9.909604565623123,10.172691345214844,134400,0.0,0.0,0.0
2009-04-27 00:00:00-04:00,10.132830542535112,10.196609115933713,9.96541159728864,9.981356620788574,35100,0.0,0.0,0.0
2009-04-28 00:00:00-04:00,9.797992364092638,10.092968447467372,9.774075589846186,9.925549507141113,22900,0.0,0.0,0.0
2009-04-29 00:00:00-04:00,9.981358093050009,10.419835659766184,9.981358093050009,10.300251007080078,43400,0.0,0.0,0.0
2009-04-30 00:00:00-04:00,10.427807386414925,10.56333705473367,10.340112031744228,10.403890609741211,54900,0.0,0.0,0.0
2009-05-01 00:00:00-04:00,10.49955549071275,10.643057630544943,10.284302280964457,10.547389030456543,29400,0.0,0.0,0.0
2009-05-04 00:00:00-04:00,10.563336776773959,11.017759323120117,10.563336776773959,11.017759323120117,65600,0.0,0.0,0.0
2009-05-05 00:00:00-04:00,10.961954866494617,10.985871646046405,10.802508402314837,10.95398235321045,83800,0.0,0.0,0.0
2009-05-06 00:00:00-04:00,11.041675553514226,11.161260179892874,10.930062678007113,11.137343406677246,94300,0.0,0.0,0.0
2009-05-07 00:00:00-04:00,11.264901876580678,11.272874388695671,10.85034037020828,11.017759323120117,68400,0.0,0.0,0.0
2009-05-08 00:00:00-04:00,11.32070477889704,11.448261895907649,11.1772034024103,11.384483337402344,49400,0.0,0.0,0.0
2009-05-11 00:00:00-04:00,11.081534688702845,11.575819652411086,10.938033313713714,11.04167366027832,67600,0.0,0.0,0.0
2009-05-12 00:00:00-04:00,11.161262763627493,11.185179542379643,10.898175916451756,11.081539154052734,33300,0.0,0.0,0.0
2009-05-13 00:00:00-04:00,10.810477611573166,10.810477611573166,10.515500792618981,10.595224380493164,284200,0.0,0.0,0.0
2009-05-14 00:00:00-04:00,10.547389943898779,10.914117074996193,10.547389943898779,10.826421737670898,290200,0.0,0.0,0.0
2009-05-15 00:00:00-04:00,10.89817960479587,11.001820028198502,10.77859491026257,10.882234573364258,41500,0.0,0.0,0.0
2009-05-18 00:00:00-04:00,11.033705023432214,11.193151473999023,10.938037153092129,11.193151473999023,39000,0.0,0.0,0.0
2009-05-19 00:00:00-04:00,11.24895571402039,11.46420895753918,11.121398574290971,11.240983963012695,46100,0.0,0.0,0.0
2009-05-20 00:00:00-04:00,11.55987807507444,11.623656651905975,11.360569832400744,11.400431632995605,150400,0.0,0.0,0.0
2009-05-21 00:00:00-04:00,11.336652138483037,11.344623889716225,11.193149972078016,11.312734603881836,42600,0.0,0.0,0.0
2009-05-22 00:00:00-04:00,11.424350579302969,11.464212387469635,11.264904106937063,11.320710182189941,75500,0.0,0.0,0.0
2009-05-26 00:00:00-04:00,11.40840306831088,11.559876983912673,11.169233047618098,11.54393196105957,54600,0.0,0.0,0.0
2009-05-27 00:00:00-04:00,11.575823251224406,11.623656804324986,11.264902114868164,11.264902114868164,81700,0.0,0.0,0.0
2009-05-28 00:00:00-04:00,11.352598437892238,11.591768504707243,11.256930563226373,11.504073143005371,43100,0.0,0.0,0.0
2009-05-29 00:00:00-04:00,11.655543748750535,11.759184106689618,11.535959129751843,11.575820922851562,46900,0.0,0.0,0.0
2009-06-01 00:00:00-04:00,11.838909109852025,12.030244827270508,11.74324049084223,12.030244827270508,66400,0.0,0.0,0.0
2009-06-02 00:00:00-04:00,11.870797544202365,12.213607156567567,11.870797544202365,12.181717872619629,75700,0.0,0.0,0.0
2009-06-03 00:00:00-04:00,11.990385933998432,12.046192008355701,11.599741892896066,11.695409774780273,84000,0.0,0.0,0.0
2009-06-04 00:00:00-04:00,11.8070217650386,11.942550683602896,11.647574547338145,11.838911056518555,52200,0.0,0.0,0.0
2009-06-05 00:00:00-04:00,11.934577040927099,11.97443883903946,11.703379524236086,11.751213073730469,63100,0.0,0.0,0.0
2009-06-08 00:00:00-04:00,11.679461784702408,11.83890897436022,11.559877152759595,11.743240356445312,147900,0.0,0.0,0.0
2009-06-09 00:00:00-04:00,11.910659335052,11.990382930133292,11.80701972586709,11.974438667297363,154600,0.0,0.0,0.0
2009-06-10 00:00:00-04:00,12.070103105731137,12.070103105731137,11.639597486916438,11.902684211730957,69500,0.0,0.0,0.0
2009-06-11 00:00:00-04:00,11.990385186026822,12.21361022983165,11.791076921125912,12.189693450927734,67200,0.0,0.0,0.0
2009-06-12 00:00:00-04:00,12.006326894880635,12.022271156311035,11.814990435612453,12.022271156311035,149000,0.0,0.0,0.0
2009-06-15 00:00:00-04:00,11.719321569518536,11.878767971493536,11.56784767771739,11.687432289123535,53200,0.0,0.0,0.0
2009-06-16 00:00:00-04:00,11.6794595731862,11.783099922719165,11.36056677485431,11.3924560546875,147100,0.0,0.0,0.0
2009-06-17 00:00:00-04:00,11.472180060871025,11.559875393597054,11.304761145448293,11.512041091918945,80100,0.0,0.0,0.0
2009-06-18 00:00:00-04:00,11.607710878603092,11.69540622026907,11.416374412685625,11.424346923828125,75200,0.0,0.0,0.0
2009-06-19 00:00:00-04:00,11.606217801294667,11.685985163754046,11.51847271364659,11.630147933959961,40900,0.008,0.0,0.0
2009-06-22 00:00:00-04:00,11.422753418448318,11.454660521153048,11.175473562667987,11.295125007629395,56800,0.0,0.0,0.0
2009-06-23 00:00:00-04:00,11.255239101798322,11.51847284632426,11.167494773864746,11.167494773864746,35500,0.0,0.0,0.0
2009-06-24 00:00:00-04:00,11.414778634194331,11.630151414078902,11.390847733642934,11.510499954223633,36300,0.0,0.0,0.0
2009-06-25 00:00:00-04:00,11.5424059691114,11.861477005695019,11.502521899357108,11.845523834228516,252200,0.0,0.0,0.0
2009-06-26 00:00:00-04:00,11.869451062203268,11.957195385573442,11.829567002225852,11.941242218017578,49100,0.0,0.0,0.0
2009-06-29 00:00:00-04:00,12.028987849118142,12.148639281333109,11.797661188970688,12.092802047729492,72000,0.0,0.0,0.0
2009-06-30 00:00:00-04:00,12.06887053940813,12.06887053940813,11.829566941497312,11.86147403717041,46900,0.0,0.0,0.0
2009-07-01 00:00:00-04:00,11.981127064340837,12.236383847789037,11.981127064340837,12.084824562072754,82700,0.0,0.0,0.0
2009-07-02 00:00:00-04:00,11.981128689095122,12.021011996373542,11.741825041797988,11.837546348571777,229100,0.0,0.0,0.0
2009-07-06 00:00:00-04:00,11.813613369771426,11.813613369771426,11.574309780049374,11.805636405944824,37100,0.0,0.0,0.0
2009-07-07 00:00:00-04:00,11.725869799605055,11.797660961842011,11.366914749145508,11.366914749145508,61800,0.0,0.0,0.0
2009-07-08 00:00:00-04:00,11.502517681375728,11.502517681375728,11.047841430792836,11.263214111328125,48000,0.0,0.0,0.0
2009-07-09 00:00:00-04:00,11.438702066190528,11.462632191983506,11.279166626362379,11.398818016052246,48300,0.0,0.0,0.0
2009-07-10 00:00:00-04:00,11.247261859253374,11.8774275471521,11.247261859253374,11.358936309814453,33600,0.0,0.0,0.0
2009-07-13 00:00:00-04:00,11.398819380509734,11.510494582119636,11.175469738015005,11.454656600952148,129000,0.0,0.0,0.0
2009-07-14 00:00:00-04:00,11.542403117569929,11.582287177470896,11.462634997767996,11.558356285095215,23500,0.0,0.0,0.0
2009-07-15 00:00:00-04:00,11.638124326377719,11.957195281982422,11.638124326377719,11.957195281982422,46600,0.0,0.0,0.0
2009-07-16 00:00:00-04:00,11.957196685499062,12.116732182027434,11.86945235258977,12.092802047729492,78200,0.0,0.0,0.0
2009-07-17 00:00:00-04:00,11.989106748137262,12.013037649075429,11.869455286348192,11.933269500732422,58700,0.0,0.0,0.0
2009-07-20 00:00:00-04:00,12.036968047296963,12.2603178024292,12.028991080146591,12.2603178024292,81700,0.0,0.0,0.0
2009-07-21 00:00:00-04:00,12.26031876030618,12.340086916591138,12.076853065866501,12.148643493652344,56700,0.0,0.0,0.0
2009-07-22 00:00:00-04:00,12.24435983914143,12.379965184750239,12.036963338713232,12.324127197265625,117600,0.0,0.0,0.0
2009-07-23 00:00:00-04:00,12.356034251500787,12.49163959665788,12.244359798353884,12.419848442077637,148600,0.0,0.0,0.0
2009-07-24 00:00:00-04:00,12.411870824773393,12.531522228292372,12.252334605781327,12.523545265197754,105000,0.0,0.0,0.0
2009-07-27 00:00:00-04:00,12.651176028144187,12.651176028144187,12.379966078081376,12.451756477355957,291300,0.0,0.0,0.0
2009-07-28 00:00:00-04:00,12.443780378063739,12.483663679976427,12.308175021529983,12.435803413391113,53400,0.0,0.0,0.0
2009-07-29 00:00:00-04:00,12.40389913174433,12.40389913174433,12.204479534001576,12.356038093566895,61800,0.0,0.0,0.0
2009-07-30 00:00:00-04:00,12.419850399120433,12.619269966277667,12.419850399120433,12.499618530273438,62400,0.0,0.0,0.0
2009-07-31 00:00:00-04:00,12.563430329154906,12.746895930718312,12.555453365419508,12.635221481323242,47500,0.0,0.0,0.0
2009-08-03 00:00:00-04:00,12.930365214040325,13.257414734513896,12.722969422942514,12.954296112060547,120100,0.0,0.0,0.0
2009-08-04 00:00:00-04:00,12.786780243859747,12.922385579099751,12.691058204269659,12.834640502929688,87100,0.0,0.0,0.0
2009-08-05 00:00:00-04:00,13.026083037733043,13.026083037733043,12.691058181932705,12.898454666137695,40500,0.0,0.0,0.0
2009-08-06 00:00:00-04:00,12.96226978854798,12.96226978854798,12.659152003744147,12.722966194152832,86900,0.0,0.0,0.0
2009-08-07 00:00:00-04:00,12.675109362412824,12.858575780039533,12.675109362412824,12.778807640075684,57600,0.0,0.0,0.0
2009-08-10 00:00:00-04:00,12.778806599746304,12.80273597477185,12.683084535292323,12.762852668762207,50200,0.0,0.0,0.0
2009-08-11 00:00:00-04:00,12.778804704939859,12.87452523375006,12.643199354583428,12.73094367980957,67200,0.0,0.0,0.0
2009-08-12 00:00:00-04:00,12.643197945199717,12.94631494790962,12.611290852244721,12.834640502929688,85700,0.0,0.0,0.0
2009-08-13 00:00:00-04:00,12.906432216404868,12.986200332641602,12.858571955242935,12.986200332641602,62400,0.0,0.0,0.0
2009-08-14 00:00:00-04:00,12.99418094209425,12.99418094209425,12.746899560237386,12.954296112060547,258100,0.0,0.0,0.0
2009-08-17 00:00:00-04:00,12.62724401836853,12.62724401836853,12.459731590173414,12.563429832458496,76500,0.0,0.0,0.0
2009-08-18 00:00:00-04:00,12.65915526059253,12.794761401005118,12.563433950353074,12.746899604797363,166800,0.0,0.0,0.0
2009-08-19 00:00:00-04:00,12.6671302311479,12.95429411662875,12.643200097539136,12.938340187072754,35500,0.0,0.0,0.0
2009-08-20 00:00:00-04:00,12.962272094957756,13.177645596452885,12.938341198752546,13.161691665649414,52700,0.0,0.0,0.0
2009-08-21 00:00:00-04:00,13.305273417576414,13.440878780569,13.265388592313585,13.424924850463867,256500,0.0,0.0,0.0
2009-08-24 00:00:00-04:00,13.504690170288086,13.616364614892412,13.424922057806338,13.504690170288086,120000,0.0,0.0,0.0
2009-08-25 00:00:00-04:00,13.472783295194214,13.552551413469228,13.42492303280933,13.440876960754395,57700,0.0,0.0,0.0
2009-08-26 00:00:00-04:00,13.400995770600625,13.560532050361639,13.369089427518855,13.552555084228516,118600,0.0,0.0,0.0
2009-08-27 00:00:00-04:00,13.528623108094783,13.656253034606609,13.281343263469982,13.600414276123047,67500,0.0,0.0,0.0
2009-08-28 00:00:00-04:00,13.71209282079763,13.71209282079763,13.448858996240821,13.480765342712402,77400,0.0,0.0,0.0
2009-08-31 00:00:00-04:00,13.416949486794008,13.424926452798667,13.241460799043624,13.385043144226074,83000,0.0,0.0,0.0
2009-09-01 00:00:00-04:00,13.361106739379847,13.464804211799692,13.05001280067025,13.13775634765625,221000,0.0,0.0,0.0
2009-09-02 00:00:00-04:00,13.01013036077876,13.097875445223885,12.978224025539845,13.002153396606445,76000,0.0,0.0,0.0
2009-09-03 00:00:00-04:00,13.121810214231962,13.345159191237947,13.089902348116365,13.225507736206055,34600,0.0,0.0,0.0
2009-09-04 00:00:00-04:00,13.281342864869695,13.448856092391765,13.169668394155352,13.400994300842285,67300,0.0,0.0,0.0
2009-09-08 00:00:00-04:00,13.528624872857815,13.712092060335273,13.528624872857815,13.592440605163574,77600,0.0,0.0,0.0
2009-09-09 00:00:00-04:00,13.855671096448367,13.855671096448367,13.640297615854507,13.799832344055176,51800,0.0,0.0,0.0
2009-09-10 00:00:00-04:00,13.807809847765462,13.95139217376709,13.672204486702869,13.95139217376709,51800,0.0,0.0,0.0
2009-09-11 00:00:00-04:00,13.93544019278477,14.023185297934958,13.81578874486678,13.887579917907715,48100,0.0,0.0,0.0
2009-09-14 00:00:00-04:00,13.751972274964032,13.991276652872672,13.728041380738032,13.975322723388672,120600,0.0,0.0,0.0
2009-09-15 00:00:00-04:00,14.00722719007333,14.126878602321543,13.92745907475777,14.118903160095215,91300,0.0,0.0,0.0
2009-09-16 00:00:00-04:00,14.102955330686099,14.27046707597356,14.047118082256944,14.1747465133667,70200,0.0,0.0,0.0
2009-09-17 00:00:00-04:00,14.278439764576133,14.278439764576133,14.126880477503828,14.182719230651855,75200,0.0,0.0,0.0
2009-09-18 00:00:00-04:00,14.242694367088859,14.30667047584252,14.11474214958154,14.170721054077148,121000,0.045,0.0,0.0
2009-09-21 00:00:00-04:00,14.074758897749652,14.162725101742547,13.94680666893191,14.034772872924805,43700,0.0,0.0,0.0
2009-09-22 00:00:00-04:00,14.154730044930236,14.258690663427586,14.122741223662775,14.194714546203613,64200,0.0,0.0,0.0
2009-09-23 00:00:00-04:00,14.250693143456925,14.274684758877788,14.02677750077253,14.042770385742188,47100,0.0,0.0,0.0
2009-09-24 00:00:00-04:00,14.226701593709604,14.226701593709604,13.866835025872978,13.970795631408691,366800,0.0,0.0,0.0
2009-09-25 00:00:00-04:00,13.906817681204183,14.050764289283466,13.794859886169434,13.794859886169434,47000,0.0,0.0,0.0
2009-09-28 00:00:00-04:00,13.906822304421956,14.194715616288473,13.906822304421956,14.018781661987305,50600,0.0,0.0,0.0
2009-09-29 00:00:00-04:00,13.978794510994847,14.0587650384659,13.86683668772194,13.954804420471191,218400,0.0,0.0,0.0
2009-09-30 00:00:00-04:00,14.034770135402498,14.090750559238142,13.890825050042604,13.978791236877441,44600,0.0,0.0,0.0
2009-10-01 00:00:00-04:00,13.890828261688299,13.96280005835328,13.546956062316895,13.546956062316895,56400,0.0,0.0,0.0
2009-10-02 00:00:00-04:00,13.434994488843776,13.594935516812908,13.395009994506836,13.395009994506836,55000,0.0,0.0,0.0
2009-10-05 00:00:00-04:00,13.634924010431838,13.690904454358233,13.442995635760465,13.626928329467773,55600,0.0,0.0,0.0
2009-10-06 00:00:00-04:00,13.762870193729546,14.018776105802718,13.762870193729546,13.914813995361328,95200,0.0,0.0,0.0
2009-10-07 00:00:00-04:00,13.826848364264691,13.89882014125029,13.738880655833762,13.810853958129883,39400,0.0,0.0,0.0
2009-10-08 00:00:00-04:00,13.994788477653685,14.13873511747358,13.914817952719199,14.002785682678223,93700,0.0,0.0,0.0
2009-10-09 00:00:00-04:00,14.042770190256666,14.154729535351226,13.986791280364836,14.146732330322266,102700,0.0,0.0,0.0
2009-10-12 00:00:00-04:00,14.17872360376921,14.330667491334122,14.17872360376921,14.210712432861328,34000,0.0,0.0,0.0
2009-10-13 00:00:00-04:00,14.234695868237079,14.314666378233815,14.130735272958749,14.186714172363281,42900,0.0,0.0,0.0
2009-10-14 00:00:00-04:00,14.370650723455366,14.50660018437524,14.290681708464653,14.466615676879883,127900,0.0,0.0,0.0
2009-10-15 00:00:00-04:00,14.410634718633716,14.474610836766933,14.314669778778404,14.378645896911621,58700,0.0,0.0,0.0
2009-10-16 00:00:00-04:00,14.322668902824859,14.402639442531704,14.170725029912969,14.234701156616211,117500,0.0,0.0,0.0
2009-10-19 00:00:00-04:00,14.33865869571138,14.466610907889866,14.298672676086426,14.298672676086426,66600,0.0,0.0,0.0
2009-10-20 00:00:00-04:00,14.290681532634789,14.386644959567402,14.162727754539354,14.282684326171875,47800,0.0,0.0,0.0
2009-10-21 00:00:00-04:00,14.202711751520479,14.394640103192396,14.170722930253017,14.194714546203613,51200,0.0,0.0,0.0
2009-10-22 00:00:00-04:00,14.226703064745074,14.346658091323665,14.122740923148955,14.330663681030273,46300,0.0,0.0,0.0
2009-10-23 00:00:00-04:00,14.274686794073205,14.418633456499569,14.0827584192751,14.154731750488281,68000,0.0,0.0,0.0
2009-10-26 00:00:00-04:00,14.322668389105985,14.322668389105985,13.914820024009646,13.92281723022461,66200,0.0,0.0,0.0
2009-10-27 00:00:00-04:00,13.994786570986118,14.090751492895297,13.834845542907715,13.834845542907715,216900,0.0,0.0,0.0
2009-10-28 00:00:00-04:00,13.82685381336955,13.866838319153777,13.466987160067015,13.514968872070312,95000,0.0,0.0,0.0
2009-10-29 00:00:00-04:00,13.738889039685679,13.994793592760612,13.658918485521898,13.866841316223145,73400,0.0,0.0,0.0
2009-10-30 00:00:00-04:00,13.9068190574358,13.94680507769852,13.59493572594013,13.602932929992676,91000,0.0,0.0,0.0
2009-11-02 00:00:00-05:00,13.610926628112793,13.794857698011807,13.474977244859105,13.610926628112793,48800,0.0,0.0,0.0
2009-11-03 00:00:00-05:00,13.578942313652442,13.730886151172225,13.474981703966794,13.722888946533203,67000,0.0,0.0,0.0
2009-11-04 00:00:00-05:00,13.826852016501968,14.050767660292495,13.826852016501968,13.890828132629395,38500,0.0,0.0,0.0
2009-11-05 00:00:00-05:00,13.890827425365615,14.074758559203081,13.882830220593005,14.050766944885254,43700,0.0,0.0,0.0
2009-11-06 00:00:00-05:00,13.914820953926636,14.1147465467282,13.914820953926636,14.066764831542969,100400,0.0,0.0,0.0
2009-11-09 00:00:00-05:00,14.178723269535807,14.386646077799261,14.178723269535807,14.346661567687988,106100,0.0,0.0,0.0
2009-11-10 00:00:00-05:00,14.370647064532534,14.418630291683337,14.250692047277129,14.410633087158203,144800,0.0,0.0,0.0
2009-11-11 00:00:00-05:00,14.722518212257745,14.722518212257745,14.386643208257869,14.490605354309082,531500,0.0,0.0,0.0
2009-11-12 00:00:00-05:00,14.482604663028754,14.482604663028754,14.21070584307591,14.306669235229492,126100,0.0,0.0,0.0
2009-11-13 00:00:00-05:00,14.282675542005492,14.466606601597242,14.250686735827674,14.370641708374023,32600,0.0,0.0,0.0
2009-11-16 00:00:00-05:00,14.378641035569759,14.874456927452714,14.370643832843047,14.602558135986328,101900,0.0,0.0,0.0
2009-11-17 00:00:00-05:00,14.490600348433272,14.642542624309433,14.41862704920332,14.602558135986328,74800,0.0,0.0,0.0
2009-11-18 00:00:00-05:00,14.594566517970536,14.594566517970536,14.466614276002252,14.514595985412598,1005900,0.0,0.0,0.0
2009-11-19 00:00:00-05:00,14.426626514840972,14.426626514840972,14.154727680725472,14.266685485839844,80300,0.0,0.0,0.0
2009-11-20 00:00:00-05:00,14.186714172363281,14.21870298648622,14.074756373554218,14.186714172363281,44000,0.0,0.0,0.0
2009-11-23 00:00:00-05:00,14.426622119185202,14.498593882464826,14.314662822873077,14.370641708374023,82100,0.0,0.0,0.0
2009-11-24 00:00:00-05:00,14.474610975905792,14.474610975905792,14.178720473376021,14.322667121887207,73900,0.0,0.0,0.0
2009-11-25 00:00:00-05:00,14.418630467950523,14.482606579622898,14.33066274240945,14.474609375,197500,0.0,0.0,0.0
2009-11-27 00:00:00-05:00,14.114741325378418,14.290676758160636,13.99478631913369,14.114741325378418,56800,0.0,0.0,0.0
2009-11-30 00:00:00-05:00,14.2027152255883,14.298678662242004,14.1147474708963,14.210712432861328,51500,0.0,0.0,0.0
2009-12-01 00:00:00-05:00,14.442622289308424,14.594566144751825,14.442622289308424,14.554581642150879,186600,0.0,0.0,0.0
2009-12-02 00:00:00-05:00,14.474605942979847,14.63454542158272,14.474605942979847,14.602558135986328,66600,0.0,0.0,0.0
2009-12-03 00:00:00-05:00,14.658539254186026,14.738509768278162,14.434622119790186,14.442619323730469,143300,0.0,0.0,0.0
2009-12-04 00:00:00-05:00,14.666539844741575,14.730515965725717,14.466614276002252,14.514595985412598,67400,0.0,0.0,0.0
2009-12-07 00:00:00-05:00,14.514592353581044,14.706520668509295,14.514592353581044,14.578568458557129,90400,0.0,0.0,0.0
2009-12-08 00:00:00-05:00,14.394638854081826,14.490603784245797,14.370647240213128,14.474609375,97400,0.0,0.0,0.0
2009-12-09 00:00:00-05:00,14.426628789841034,14.43462446977234,14.282682146102564,14.39463996887207,65300,0.0,0.0,0.0
2009-12-10 00:00:00-05:00,14.394638678107937,14.538585308938742,14.394638678107937,14.410633087158203,122800,0.0,0.0,0.0
2009-12-11 00:00:00-05:00,14.474611310453366,14.594566345214844,14.474611310453366,14.594566345214844,109300,0.0,0.0,0.0
2009-12-14 00:00:00-05:00,14.65853946327066,14.722515570394764,14.546581657131155,14.650542259216309,77700,0.0,0.0,0.0
2009-12-15 00:00:00-05:00,14.530584836756377,14.698521518085961,14.530584836756377,14.602558135986328,89400,0.0,0.0,0.0
2009-12-16 00:00:00-05:00,14.714523498753909,14.778499628192833,14.602565653563602,14.634552955627441,72400,0.0,0.0,0.0
2009-12-17 00:00:00-05:00,14.562579104993214,14.562579104993214,14.4026395497006,14.466615676879883,52200,0.0,0.0,0.0
2009-12-18 00:00:00-05:00,14.538494991404187,14.611187589605557,14.36080282944215,14.506186485290527,117100,0.179,0.0,0.0
2009-12-21 00:00:00-05:00,14.635420200514375,14.635420200514375,14.522341960157306,14.578880310058594,88000,0.0,0.0,0.0
2009-12-22 00:00:00-05:00,14.675808197534229,14.675808197534229,14.506191562183625,14.61119270324707,64100,0.0,0.0,0.0
2009-12-23 00:00:00-05:00,14.70003787775252,14.788883209228516,14.586959620471227,14.788883209228516,104900,0.0,0.0,0.0
2009-12-24 00:00:00-05:00,14.877732464766927,14.877732464766927,14.740424340792144,14.780808448791504,141300,0.0,0.0,0.0
2009-12-28 00:00:00-05:00,14.885806054271242,14.885806054271242,14.74849796295166,14.74849796295166,103500,0.0,0.0,0.0
2009-12-29 00:00:00-05:00,14.845421823210394,14.861576080322267,14.7565764902046,14.861576080322266,53600,0.0,0.0,0.0
2009-12-30 00:00:00-05:00,14.780803750337748,14.845419226930037,14.732342528032152,14.813112258911133,76800,0.0,0.0,0.0
2009-12-31 00:00:00-05:00,14.861577770823422,14.869654900298128,14.667731285095217,14.667731285095215,82300,0.0,0.0,0.0
2010-01-04 00:00:00-05:00,14.853498223770275,14.982729193221912,14.853498223770275,14.918113708496094,140900,0.0,0.0,0.0
2010-01-05 00:00:00-05:00,15.023118019104004,15.071579257784064,14.958502520678921,15.023118019104004,230100,0.0,0.0,0.0
2010-01-06 00:00:00-05:00,15.015034947161768,15.087727546691895,14.934265220955583,15.087727546691895,1066600,0.0,0.0,0.0
2010-01-07 00:00:00-05:00,15.015038425993984,15.015038425993984,14.910037295431929,14.9827299118042,380000,0.0,0.0,0.0
2010-01-08 00:00:00-05:00,15.063502333121377,15.216964721679688,15.031195353746218,15.216964721679688,89800,0.0,0.0,0.0
2010-01-11 00:00:00-05:00,15.273504950607517,15.346197588745994,15.120042543364598,15.18465805053711,119200,0.0,0.0,0.0
2010-01-12 00:00:00-05:00,15.120037776659574,15.120037776659574,14.942345573092766,15.047345161437988,340000,0.0,0.0,0.0
2010-01-13 00:00:00-05:00,15.136190185150989,15.225037046362267,15.023113482194477,15.2008056640625,60000,0.0,0.0,0.0
2010-01-14 00:00:00-05:00,15.216959302361799,15.313881746524654,15.184650793937866,15.305806159973145,90400,0.0,0.0,0.0
2010-01-15 00:00:00-05:00,15.24119279568026,15.24119279568026,15.03119208348792,15.10388469696045,92800,0.0,0.0,0.0
2010-01-19 00:00:00-05:00,15.047341913311607,15.160420146222021,15.023112073837826,15.087727546691895,351400,0.0,0.0,0.0
2010-01-20 00:00:00-05:00,15.031190105552971,15.031190105552971,14.740419689924963,14.829266548156738,333700,0.0,0.0,0.0
2010-01-21 00:00:00-05:00,14.885806732830437,14.918113704908238,14.538497924804688,14.538497924804688,135900,0.0,0.0,0.0
2010-01-22 00:00:00-05:00,14.53849954302207,14.603115034924418,14.263883317298376,14.312344551086426,193300,0.0,0.0,0.0
2010-01-25 00:00:00-05:00,14.498110661818991,14.514263374056855,14.360802594193945,14.449647903442383,89300,0.0,0.0,0.0
2010-01-26 00:00:00-05:00,14.312340842341197,14.473880300514903,14.2073412729164,14.360803604125977,120300,0.0,0.0,0.0
2010-01-27 00:00:00-05:00,14.288114275783608,14.401190998081367,14.207344528190294,14.336575508117676,98400,0.0,0.0,0.0
2010-01-28 00:00:00-05:00,14.280037843831447,14.280037843831447,13.989267354527906,14.126575469970703,106500,0.0,0.0,0.0
2010-01-29 00:00:00-05:00,14.199271308049425,14.263886815800012,13.932732146008856,13.956963539123535,125300,0.0,0.0,0.0
2010-02-01 00:00:00-05:00,14.1346530919287,14.271961212158203,14.094268985030874,14.271961212158203,71400,0.0,0.0,0.0
2010-02-02 00:00:00-05:00,14.35272883194075,14.481959803460201,14.28003621789172,14.473882675170898,127400,0.0,0.0,0.0
2010-02-03 00:00:00-05:00,14.417343341178817,14.417343341178817,14.166958543388388,14.21541976928711,1142700,0.0,0.0,0.0
2010-02-04 00:00:00-05:00,14.037729329115216,14.037729329115216,13.658113479614258,13.658113479614258,167600,0.0,0.0,0.0
2010-02-05 00:00:00-05:00,13.569267369909308,13.730806890728127,12.640418976588707,13.480422019958496,330300,0.0,0.0,0.0
2010-02-08 00:00:00-05:00,13.464266776816437,13.62580628584218,13.326958656311035,13.326958656311035,125100,0.0,0.0,0.0
2010-02-09 00:00:00-05:00,13.536955869486397,13.843879007880801,13.528878742087263,13.674263954162598,96800,0.0,0.0,0.0
2010-02-10 00:00:00-05:00,13.78734227557473,13.795419403922294,13.625804330287597,13.706572532653809,61800,0.0,0.0,0.0
2010-02-11 00:00:00-05:00,13.787342392265861,13.948881879474918,13.666188547136432,13.892343521118164,62700,0.0,0.0,0.0
2010-02-12 00:00:00-05:00,13.803494003917084,13.932724952697754,13.698492895186273,13.932724952697754,68000,0.0,0.0,0.0
2010-02-16 00:00:00-05:00,13.965034975006372,14.142727163716078,13.932726464029374,14.094265937805176,68600,0.0,0.0,0.0
2010-02-17 00:00:00-05:00,14.183114358151501,14.207345746674125,14.053883367140708,14.15080738067627,61900,0.0,0.0,0.0
2010-02-18 00:00:00-05:00,14.070035229847962,14.271958811481511,14.070035229847962,14.26388168334961,49000,0.0,0.0,0.0
2010-02-19 00:00:00-05:00,14.134650756645065,14.223497625807187,14.045803887482943,14.158882141113281,46000,0.0,0.0,0.0
2010-02-22 00:00:00-05:00,14.18311482119183,14.280038837891698,14.118499323576913,14.142730712890625,64300,0.0,0.0,0.0
2010-02-23 00:00:00-05:00,14.142728485894047,14.223498230332963,13.989266125515577,14.037727355957031,112500,0.0,0.0,0.0
2010-02-24 00:00:00-05:00,14.110415953939766,14.16695583733553,14.013493520655627,14.11849308013916,49100,0.0,0.0,0.0
2010-02-25 00:00:00-05:00,13.932727576794445,14.005420191743838,13.763112502282343,13.997343063354492,791200,0.0,0.0,0.0
2010-02-26 00:00:00-05:00,13.940807277439808,14.045806884765625,13.876191778957383,14.045806884765625,354500,0.0,0.0,0.0
2010-03-01 00:00:00-05:00,13.981188402789039,14.183111985026825,13.981188402789039,14.158882141113281,137500,0.0,0.0,0.0
2010-03-02 00:00:00-05:00,14.25580603185532,14.368884296860097,14.158883565342457,14.288114547729492,111900,0.0,0.0,0.0
2010-03-03 00:00:00-05:00,14.37695819374726,14.449650805356644,14.304265582137877,14.344651222229004,52900,0.0,0.0,0.0
2010-03-04 00:00:00-05:00,14.401188193999836,14.433496702968231,14.271957239235249,14.368881225585938,42000,0.0,0.0,0.0
2010-03-05 00:00:00-05:00,14.344651214611186,14.490036437752748,14.336574086597249,14.465805053710938,79100,0.0,0.0,0.0
2010-03-08 00:00:00-05:00,14.514268006059071,14.514268006059071,14.385037023588076,14.425422668457031,70800,0.0,0.0,0.0
2010-03-09 00:00:00-05:00,14.376961708068848,14.457731467439913,14.320423338675608,14.376961708068848,80400,0.0,0.0,0.0
2010-03-10 00:00:00-05:00,14.336576187549458,14.45773004440369,14.312344799956662,14.385037422180176,314400,0.0,0.0,0.0
2010-03-11 00:00:00-05:00,14.312343882826035,14.441574860596784,14.280036908660735,14.401190757751465,70600,0.0,0.0,0.0
2010-03-12 00:00:00-05:00,14.433498574279081,14.481959803460201,14.393112932832565,14.473882675170898,43100,0.0,0.0,0.0
2010-03-15 00:00:00-04:00,14.506188496619899,14.506188496619899,14.296189339981513,14.433497428894043,74400,0.0,0.0,0.0
2010-03-16 00:00:00-04:00,14.506185073659445,14.514262199401855,14.393108394374122,14.514262199401855,31800,0.0,0.0,0.0
2010-03-17 00:00:00-04:00,14.473883848639096,14.635423346412553,14.352729995586415,14.53042221069336,1201500,0.0,0.0,0.0
2010-03-18 00:00:00-04:00,14.498111992265917,14.6354200724913,14.498111992265917,14.570804595947266,120500,0.0,0.0,0.0
2010-03-19 00:00:00-04:00,14.36888122558594,14.530419148764421,14.36080409834384,14.368881225585938,570600,0.0,0.0,0.0
2010-03-22 00:00:00-04:00,14.336578839983131,14.490041242020085,14.271963335002598,14.481964111328125,149200,0.0,0.0,0.0
2010-03-23 00:00:00-04:00,14.546573606645898,14.651573181152342,14.498112383070195,14.651573181152344,54200,0.0,0.0,0.0
2010-03-24 00:00:00-04:00,14.514265624268234,14.514265624268234,14.376957535355704,14.433497428894043,50000,0.0,0.0,0.0
2010-03-25 00:00:00-04:00,14.52234892082295,14.603118691061672,14.376963642504295,14.393117904663086,303100,0.0,0.0,0.0
2010-03-26 00:00:00-04:00,14.401189343975712,14.506188925398517,14.36888237298201,14.409266471862793,48600,0.0,0.0,0.0
2010-03-29 00:00:00-04:00,14.465806999237845,14.619269371032715,14.465806999237845,14.619269371032715,45300,0.0,0.0,0.0
2010-03-30 00:00:00-04:00,14.635419739565696,14.708110801038993,14.538495756677225,14.586956977844238,288500,0.0,0.0,0.0
2010-03-31 00:00:00-04:00,14.481956261610652,14.63541858046576,14.481956261610652,14.546571731567383,51800,0.0,0.0,0.0
2010-04-01 00:00:00-04:00,14.635422390972376,14.81311459447909,14.635422390972376,14.788883209228516,80600,0.0,0.0,0.0
2010-04-05 00:00:00-04:00,14.780804506229645,14.942343976248752,14.780804506229645,14.893882751464844,58100,0.0,0.0,0.0
2010-04-06 00:00:00-04:00,14.805034905918205,14.885804635565052,14.780803524857815,14.877727508544922,39800,0.0,0.0,0.0
2010-04-07 00:00:00-04:00,14.780805856591657,14.80503724147465,14.691960526463417,14.732344627380371,61900,0.0,0.0,0.0
2010-04-08 00:00:00-04:00,14.667729141580423,14.788882984885989,14.61926791236914,14.732344627380371,168000,0.0,0.0,0.0
2010-04-09 00:00:00-04:00,14.724266872536806,14.853497838637644,14.724266872536806,14.837345123291016,83600,0.0,0.0,0.0
2010-04-12 00:00:00-04:00,14.829269106653273,14.910037311103132,14.829269106653273,14.861576080322266,69000,0.0,0.0,0.0
2010-04-13 00:00:00-04:00,14.893886475882534,14.893886475882534,14.756578354196908,14.845423698425293,30500,0.0,0.0,0.0
2010-04-14 00:00:00-04:00,14.877732762508819,15.031195148976513,14.877732762508819,15.023118019104004,34800,0.0,0.0,0.0
2010-04-15 00:00:00-04:00,14.950419239903933,15.071573057036474,14.942342113354513,15.03118896484375,137000,0.0,0.0,0.0
2010-04-16 00:00:00-04:00,14.990805634431107,14.990805634431107,14.675805353396905,14.74849796295166,143200,0.0,0.0,0.0
2010-04-19 00:00:00-04:00,14.595039120031844,14.700040265955007,14.498116644392741,14.65965461730957,100300,0.0,0.0,0.0
2010-04-20 00:00:00-04:00,14.724267039082031,14.82119103503128,14.708112782998048,14.740421295166016,93800,0.0,0.0,0.0
2010-04-21 00:00:00-04:00,14.700042955396851,14.796965448768379,14.700042955396851,14.772735595703125,46100,0.0,0.0,0.0
2010-04-22 00:00:00-04:00,14.708115576739667,14.861577957577706,14.586961714206454,14.845423698425293,53700,0.0,0.0,0.0
2010-04-23 00:00:00-04:00,14.845414038515997,14.990799195175724,14.788875708826978,14.942337989807129,77100,0.0,0.0,0.0
2010-04-26 00:00:00-04:00,14.950424686304004,15.039271570159924,14.926193297828318,14.958501815795898,55500,0.0,0.0,0.0
2010-04-27 00:00:00-04:00,14.885804981743433,15.015035935961947,14.56272759619715,14.578880310058594,54800,0.0,0.0,0.0
2010-04-28 00:00:00-04:00,14.748492829159838,14.780799788519245,14.546569326362832,14.643491744995117,85100,0.0,0.0,0.0
2010-04-29 00:00:00-04:00,14.77272839812885,14.99080467224121,14.77272839812885,14.990804672241211,37300,0.0,0.0,0.0
2010-04-30 00:00:00-04:00,15.015035851228197,15.047342819323262,14.821189420994353,14.829266548156738,39300,0.0,0.0,0.0
2010-05-03 00:00:00-04:00,14.958499404917266,15.103884631229619,14.958499404917266,15.071576118469238,31100,0.0,0.0,0.0
2010-05-04 00:00:00-04:00,14.788890049282564,14.845428433795586,14.49812099456481,14.562736511230469,77000,0.0,0.0,0.0
2010-05-05 00:00:00-04:00,14.376958396086902,14.457728136851257,14.19926619884906,14.26388168334961,86700,0.0,0.0,0.0
2010-05-06 00:00:00-04:00,14.142727822731285,14.22349756338285,13.24618662855277,13.62580394744873,162700,0.0,0.0,0.0
2010-05-07 00:00:00-04:00,13.593496994934917,13.763113623823614,13.343112156680487,13.504650115966797,128900,0.0,0.0,0.0
2010-05-10 00:00:00-04:00,14.118498862646105,14.36080812620754,13.948883764652537,14.15080738067627,49500,0.0,0.0,0.0
2010-05-11 00:00:00-04:00,14.102344077016324,14.255806450819094,13.771189482347891,13.989267349243164,201900,0.0,0.0,0.0
2010-05-12 00:00:00-04:00,14.03772907859702,14.33657670752768,14.03772907859702,14.271961212158203,46400,0.0,0.0,0.0
2010-05-13 00:00:00-04:00,14.280038837891698,14.30426868665043,14.142730712890625,14.142730712890625,59400,0.0,0.0,0.0
2010-05-14 00:00:00-04:00,13.932729753243747,13.932729753243747,13.730806133631518,13.811575889587402,69400,0.0,0.0,0.0
2010-05-17 00:00:00-04:00,13.779264483401963,13.892342734265519,13.504648295033473,13.795418739318848,89700,0.0,0.0,0.0
2010-05-18 00:00:00-04:00,13.843877246206185,13.90849271662221,13.440030170967459,13.472338676452637,31200,0.0,0.0,0.0
2010-05-19 00:00:00-04:00,13.520805083003506,13.593497707688062,13.35118998577616,13.569266319274902,623200,0.0,0.0,0.0
2010-05-20 00:00:00-04:00,13.133110713891872,13.24618743334138,12.93926424888353,13.04426383972168,166700,0.0,0.0,0.0
2010-05-21 00:00:00-04:00,12.882726727579543,13.28657473552583,12.842341849757167,13.230034828186035,63000,0.0,0.0,0.0
2010-05-24 00:00:00-04:00,13.165419146837168,13.205804794369696,13.052342414855957,13.052342414855957,49800,0.0,0.0,0.0
2010-05-25 00:00:00-04:00,12.793876430199544,13.020031363962495,12.600030004354636,12.979645729064941,65300,0.0,0.0,0.0
2010-05-26 00:00:00-04:00,12.995800672579882,13.165415726486016,12.906953811645508,12.906953811645508,84100,0.0,0.0,0.0
2010-05-27 00:00:00-04:00,13.221958995349155,13.569266319274902,13.221958995349155,13.569266319274902,91400,0.0,0.0,0.0
2010-05-28 00:00:00-04:00,13.520801507044965,13.528878634379792,13.26233959454852,13.383493423461914,87500,0.0,0.0,0.0
2010-06-01 00:00:00-04:00,13.318877639216973,13.464262846793321,13.14118546359837,13.173492431640625,37000,0.0,0.0,0.0
2010-06-02 00:00:00-04:00,13.173497210088449,13.46426773071289,13.165420080009431,13.46426773071289,29700,0.0,0.0,0.0
2010-06-03 00:00:00-04:00,13.440037264507264,13.512729899661151,13.326960516736841,13.448114395141602,78400,0.0,0.0,0.0
2010-06-04 00:00:00-04:00,13.278496438626892,13.278496438626892,12.90695621154417,12.915033340454102,56900,0.0,0.0,0.0
2010-06-07 00:00:00-04:00,13.020031817488404,13.068493040499066,12.72926139831543,12.72926139831543,82700,0.0,0.0,0.0
2010-06-08 00:00:00-04:00,12.866569024557558,12.874645381254883,12.680798955529042,12.858491897583008,60100,0.0,0.0,0.0
2010-06-09 00:00:00-04:00,12.92311071181868,13.060418824753947,12.785802598883413,12.850418090820312,49800,0.0,0.0,0.0
2010-06-10 00:00:00-04:00,13.11695460865689,13.326955301301519,13.11695460865689,13.318878173828125,50400,0.0,0.0,0.0
2010-06-11 00:00:00-04:00,13.197724116424409,13.415801932801228,13.197724116424409,13.383493423461914,63400,0.0,0.0,0.0
2010-06-14 00:00:00-04:00,13.53696039007857,13.682345650704498,13.480422019958496,13.480422019958496,239100,0.0,0.0,0.0
2010-06-15 00:00:00-04:00,13.601572480071574,13.843880159992713,13.601572480071574,13.835803031921387,110100,0.0,0.0,0.0
2010-06-16 00:00:00-04:00,13.71464591801826,13.811569891181945,13.658107575570398,13.738877296447754,32100,0.0,0.0,0.0
2010-06-17 00:00:00-04:00,13.795419232531593,13.835803333212978,13.706572362366918,13.803496360778809,225000,0.0,0.0,0.0
2010-06-18 00:00:00-04:00,13.866677644238692,13.931475138351738,13.801880150125648,13.809978485107422,71100,0.048,0.0,0.0
2010-06-21 00:00:00-04:00,13.93147127868069,14.069166108634748,13.745177182935533,13.834274291992188,69900,0.0,0.0,0.0
2010-06-22 00:00:00-04:00,13.818075090049511,13.899072324717709,13.599384564807256,13.631782531738281,32400,0.0,0.0,0.0
2010-06-23 00:00:00-04:00,13.647985384144723,13.737080972089625,13.526490277024145,13.688483238220215,46500,0.0,0.0,0.0
2010-06-24 00:00:00-04:00,13.704675849125907,13.71277572469474,13.48598384344731,13.510283470153809,35200,0.0,0.0,0.0
2010-06-25 00:00:00-04:00,13.477887685707703,13.647982029786544,13.42928996378249,13.599384307861328,71200,0.0,0.0,0.0
2010-06-28 00:00:00-04:00,13.664182593725313,13.664182593725313,13.453590393066406,13.453590393066406,57200,0.0,0.0,0.0
2010-06-29 00:00:00-04:00,13.323992036310353,13.323992036310353,12.96760520713987,13.040502548217773,193000,0.0,0.0,0.0
2010-06-30 00:00:00-04:00,13.089102885961784,13.234897597360103,12.983807563781738,12.983807563781738,69200,0.0,0.0,0.0
2010-07-01 00:00:00-04:00,13.081000001687055,13.121499381597278,12.870408633280713,13.113399505615234,89000,0.0,0.0,0.0
2010-07-02 00:00:00-04:00,13.18629845850354,13.18629845850354,13.024304008822012,13.072901725769043,28400,0.0,0.0,0.0
2010-07-06 00:00:00-04:00,13.28349870073052,13.388795594606732,13.056708242955528,13.121505737304688,53900,0.0,0.0,0.0
2010-07-07 00:00:00-04:00,13.1538963123507,13.534581184387207,13.1538963123507,13.534581184387207,43800,0.0,0.0,0.0
2010-07-08 00:00:00-04:00,13.494087441314017,13.623682396377074,13.48598756351086,13.599384307861328,34900,0.0,0.0,0.0
2010-07-09 00:00:00-04:00,13.542688491717879,13.688483238220215,13.53458861192396,13.688483238220215,24400,0.0,0.0,0.0
2010-07-12 00:00:00-04:00,13.542688443837093,13.591287722428785,13.461692735972475,13.502190589904785,33000,0.0,0.0,0.0
2010-07-13 00:00:00-04:00,13.647983371858146,13.818076187769302,13.61558385745952,13.801877975463867,63500,0.0,0.0,0.0
2010-07-14 00:00:00-04:00,13.745174082291552,13.801873212924278,13.639878786617464,13.777573585510254,151900,0.0,0.0,0.0
2010-07-15 00:00:00-04:00,13.834277459654938,13.858577098114425,13.672282959713119,13.85047721862793,58700,0.0,0.0,0.0
2010-07-16 00:00:00-04:00,13.728976516183911,13.753274599838367,13.404987648452623,13.421187400817871,79200,0.0,0.0,0.0
2010-07-19 00:00:00-04:00,13.477891181219167,13.591287954979261,13.437393326593929,13.55888843536377,65400,0.0,0.0,0.0
2010-07-20 00:00:00-04:00,13.364493042026304,13.688480443157273,13.315895318080106,13.647982597351074,46700,0.0,0.0,0.0
2010-07-21 00:00:00-04:00,13.647983835132974,13.647983835132974,13.364494254097574,13.40499210357666,56000,0.0,0.0,0.0
2010-07-22 00:00:00-04:00,13.647985384144723,13.777580371059221,13.639885504350804,13.688483238220215,49100,0.0,0.0,0.0
2010-07-23 00:00:00-04:00,13.688476431451807,13.915268318224092,13.656078473280532,13.866670608520508,26200,0.0,0.0,0.0
2010-07-26 00:00:00-04:00,13.890974097491782,14.101566314697266,13.890974097491782,14.101566314697266,37000,0.0,0.0,0.0
2010-07-27 00:00:00-04:00,14.133965830372235,14.206863195746978,14.004370857460236,14.101566314697266,58800,0.0,0.0,0.0
2010-07-28 00:00:00-04:00,14.012467126467968,14.061066392818349,13.931471439004754,13.980069160461426,23500,0.0,0.0,0.0
2010-07-29 00:00:00-04:00,14.2068608639174,14.255458584559376,14.069166034687068,14.198760986328125,48500,0.0,0.0,0.0
2010-07-30 00:00:00-04:00,13.996272139510655,14.21496270888099,13.980072380329426,14.182564735412598,18300,0.0,0.0,0.0
2010-08-02 00:00:00-04:00,14.376954938836693,14.514649780328346,14.320257335556686,14.466052055358887,65300,0.0,0.0,0.0
2010-08-03 00:00:00-04:00,14.4336505878848,14.555145656305639,14.409352501136802,14.482248306274414,56100,0.0,0.0,0.0
2010-08-04 00:00:00-04:00,14.506553001758185,14.579450377235895,14.466055146445745,14.52275276184082,44000,0.0,0.0,0.0
2010-08-05 00:00:00-04:00,14.498453121716866,14.53085264188214,14.433655626280473,14.52275276184082,20200,0.0,0.0,0.0
2010-08-06 00:00:00-04:00,14.417450833457059,14.498448060702156,14.328355273891704,14.482248306274414,35500,0.0,0.0,0.0
2010-08-09 00:00:00-04:00,14.48225336163423,14.579450377235895,14.48225336163423,14.52275276184082,38300,0.0,0.0,0.0
2010-08-10 00:00:00-04:00,14.336454953524695,14.449850143168883,14.26355760449812,14.40935230255127,36400,0.0,0.0,0.0
2010-08-11 00:00:00-04:00,14.085364254622808,14.085364254622808,13.834274228757932,13.874772071838379,50900,0.0,0.0,0.0
2010-08-12 00:00:00-04:00,13.728979997948045,13.834275325238945,13.647982760473765,13.769477844238281,104400,0.0,0.0,0.0
2010-08-13 00:00:00-04:00,13.737077455122787,13.801876476884294,13.680379855975177,13.704679489135742,31700,0.0,0.0,0.0
2010-08-16 00:00:00-04:00,13.60748243816589,13.777576779712158,13.583184350011924,13.745177268981934,52800,0.0,0.0,0.0
2010-08-17 00:00:00-04:00,13.899072003495206,14.061066469087736,13.850474281774934,13.915271759033203,30700,0.0,0.0,0.0
2010-08-18 00:00:00-04:00,13.947670936584473,14.036768054887908,13.850475484702407,13.947670936584473,28100,0.0,0.0,0.0
2010-08-19 00:00:00-04:00,13.90717251825585,13.90717251825585,13.550785604564886,13.647982597351074,109100,0.0,0.0,0.0
2010-08-20 00:00:00-04:00,13.50219123827478,13.50219123827478,13.396895886058074,13.485991477966309,26200,0.0,0.0,0.0
2010-08-23 00:00:00-04:00,13.469789659861073,13.558886783052003,13.356394444813661,13.364494323730469,27200,0.0,0.0,0.0
2010-08-24 00:00:00-04:00,13.194397876105379,13.29969318330695,13.161998369339656,13.210596084594727,41500,0.0,0.0,0.0
2010-08-25 00:00:00-04:00,13.145797342483789,13.275392267205401,13.016202417762177,13.24299430847168,82000,0.0,0.0,0.0
2010-08-26 00:00:00-04:00,13.275392390575997,13.332089977556931,13.113399505615234,13.113399505615234,74400,0.0,0.0,0.0
2010-08-27 00:00:00-04:00,13.267300764572903,13.404995652103443,13.145805639079917,13.396897315979004,179600,0.0,0.0,0.0
2010-08-30 00:00:00-04:00,13.356393586112597,13.421191068387188,13.25919813514763,13.275396347045898,60800,0.0,0.0,0.0
2010-08-31 00:00:00-04:00,13.291599121407558,13.315898762112425,13.170104007671597,13.194403648376465,68400,0.0,0.0,0.0
2010-09-01 00:00:00-04:00,13.453590461237855,13.672280996393408,13.453590461237855,13.664182662963867,173600,0.0,0.0,0.0
2010-09-02 00:00:00-04:00,13.639882268333178,13.737077713012695,13.639882268333178,13.737077713012695,50100,0.0,0.0,0.0
2010-09-03 00:00:00-04:00,13.826171229689741,13.890968690925632,13.785673395752312,13.866670608520508,28900,0.0,0.0,0.0
2010-09-07 00:00:00-04:00,13.834269893250465,13.923366973977828,13.76137256263593,13.785672187805176,46000,0.0,0.0,0.0
2010-09-08 00:00:00-04:00,13.809974659096637,13.92337140104884,13.809974659096637,13.834274291992188,51300,0.0,0.0,0.0
2010-09-09 00:00:00-04:00,13.955772164338551,14.02056965348934,13.858576703059368,13.89907455444336,48900,0.0,0.0,0.0
2010-09-10 00:00:00-04:00,13.923373222351074,14.012468798168538,13.907173464968302,13.923373222351074,40400,0.0,0.0,0.0
2010-09-13 00:00:00-04:00,14.150163958385235,14.166363716125488,14.069168259471832,14.166363716125488,33800,0.0,0.0,0.0
2010-09-14 00:00:00-04:00,14.133959661279833,14.312152285034072,14.101560159746374,14.23925495147705,53500,0.0,0.0,0.0
2010-09-15 00:00:00-04:00,14.214960969467231,14.320257846366506,14.133965273260255,14.27975845336914,39700,0.0,0.0,0.0
2010-09-16 00:00:00-04:00,14.182561179247426,14.22305902215192,14.142061791449253,14.214959144592285,34600,0.0,0.0,0.0
2010-09-17 00:00:00-04:00,14.266055864546544,14.266055864546544,14.136290842278239,14.225504875183105,34500,0.023,0.0,0.0
2010-09-20 00:00:00-04:00,14.282270858197002,14.420146329599147,14.225498878252665,14.363372802734375,27100,0.0,0.0,0.0
2010-09-21 00:00:00-04:00,14.339047925291599,14.476923445608671,14.290386431921156,14.347158432006836,75800,0.0,0.0,0.0
2010-09-22 00:00:00-04:00,14.412036820446815,14.525580788172029,14.347154332186616,14.379594802856445,226700,0.0,0.0,0.0
2010-09-23 00:00:00-04:00,14.249835774403603,14.379600805089622,14.193063766843618,14.209284782409668,49400,0.0,0.0,0.0
2010-09-24 00:00:00-04:00,14.387708183950103,14.533694198454311,14.387708183950103,14.501252174377441,53300,0.0,0.0,0.0
2010-09-27 00:00:00-04:00,14.541810035705565,14.598582051732654,14.485038019678477,14.541810035705566,36400,0.0,0.0,0.0
2010-09-28 00:00:00-04:00,14.582354785945766,14.639126777648926,14.420149316353983,14.639126777648926,122300,0.0,0.0,0.0
2010-09-29 00:00:00-04:00,14.582354652276381,14.679679170675927,14.549914177423693,14.631017684936523,28500,0.0,0.0,0.0
2010-09-30 00:00:00-04:00,14.639125406498014,14.744560421431983,14.460698942582864,14.558023452758789,50500,0.0,0.0,0.0
2010-10-01 00:00:00-04:00,14.679683192907335,14.744565707311253,14.614800678503416,14.6715726852417,50200,0.0,0.0,0.0
2010-10-04 00:00:00-04:00,14.63101858887894,14.63101858887894,14.444480045998366,14.493143081665039,31300,0.0,0.0,0.0
2010-10-05 00:00:00-04:00,14.663459365026537,14.874327883123572,14.647238352806564,14.80944538116455,52100,0.0,0.0,0.0
2010-10-06 00:00:00-04:00,14.817555443881588,14.939209938049316,14.817555443881588,14.939209938049316,45900,0.0,0.0,0.0
2010-10-07 00:00:00-04:00,15.06897682903909,15.06897682903909,14.841887277020696,14.922990798950195,55400,0.0,0.0,0.0
2010-10-08 00:00:00-04:00,14.931099904147471,15.085196426655289,14.91487889190015,15.052754402160645,38400,0.0,0.0,0.0
2010-10-11 00:00:00-04:00,15.101415634155272,15.133856107852134,15.060863108383339,15.101415634155273,25600,0.0,0.0,0.0
2010-10-12 00:00:00-04:00,14.987875046331876,15.068978577672787,14.874331030607317,15.020317077636719,85500,0.0,0.0,0.0
2010-10-13 00:00:00-04:00,15.101421824934675,15.296069387673043,15.093311316455411,15.231186866760254,59900,0.0,0.0,0.0
2010-10-14 00:00:00-04:00,15.247400149368385,15.320393149139715,15.190628159973059,15.239291191101074,47000,0.0,0.0,0.0
2010-10-15 00:00:00-04:00,15.214960982584365,15.32039446524432,15.060864464615978,15.18251895904541,47500,0.0,0.0,0.0
2010-10-18 00:00:00-04:00,15.19063500209831,15.304180578952549,15.141973495973001,15.2798490524292,135200,0.0,0.0,0.0
2010-10-19 00:00:00-04:00,15.08520070500865,15.10953068335905,14.84189009305547,14.90677261352539,69500,0.0,0.0,0.0
2010-10-20 00:00:00-04:00,15.012207749487848,15.24740630724536,14.955435737164356,15.2149658203125,44300,0.0,0.0,0.0
2010-10-21 00:00:00-04:00,15.239291833733661,15.296063825523031,15.004091814125408,15.150077819824219,41400,0.0,0.0,0.0
2010-10-22 00:00:00-04:00,15.15008307991086,15.223076108103339,15.125751554872936,15.158193588256836,19100,0.0,0.0,0.0
2010-10-25 00:00:00-04:00,15.328508151069382,15.401501172253806,15.271736145019531,15.271736145019531,34100,0.0,0.0,0.0
2010-10-26 00:00:00-04:00,15.190629464930149,15.239292500238582,15.141967976542542,15.18251895904541,44800,0.0,0.0,0.0
2010-10-27 00:00:00-04:00,15.150080648488068,15.158191155532394,15.012205122576605,15.133859634399414,48000,0.0,0.0,0.0
2010-10-28 00:00:00-04:00,15.247399046125583,15.247399046125583,15.101414604066482,15.174406051635742,26600,0.0,0.0,0.0
2010-10-29 00:00:00-04:00,15.20685175954434,15.20685175954434,15.101418267990054,15.166300773620605,63700,0.0,0.0,0.0
2010-11-01 00:00:00-04:00,15.239294679054616,15.328507162700118,15.0851981390545,15.133859634399414,44200,0.0,0.0,0.0
2010-11-02 00:00:00-04:00,15.279845009534041,15.385278502729122,15.279845009534041,15.344727516174316,34300,0.0,0.0,0.0
2010-11-03 00:00:00-04:00,15.360948302087355,15.417720301191748,15.263623770107714,15.4096097946167,23600,0.0,0.0,0.0
2010-11-04 00:00:00-04:00,15.677245390890887,15.75023838017733,15.579920889535476,15.734017372131348,82200,0.0,0.0,0.0
2010-11-05 00:00:00-04:00,15.75023838017733,15.78267884934882,15.693466398936867,15.734017372131348,69700,0.0,0.0,0.0
2010-11-08 00:00:00-05:00,15.604255967307067,15.620476979059683,15.506932990633015,15.571815490722656,86000,0.0,0.0,0.0
2010-11-09 00:00:00-05:00,15.596146805079975,15.644809844530275,15.377167768316498,15.4096097946167,44800,0.0,0.0,0.0
2010-11-10 00:00:00-05:00,15.531266468518002,15.604259490966797,15.344729432002712,15.604259490966797,123800,0.0,0.0,0.0
2010-11-11 00:00:00-05:00,15.425827765600085,15.539371741416574,15.369055777691841,15.490710258483887,52900,0.0,0.0,0.0
2010-11-12 00:00:00-05:00,15.490715271962497,15.490715271962497,15.279846715113615,15.304178237915039,160000,0.0,0.0,0.0
2010-11-15 00:00:00-05:00,15.450166005388548,15.450166005388548,15.247407913208008,15.247407913208008,28600,0.0,0.0,0.0
2010-11-16 00:00:00-05:00,15.133857438101847,15.247401426402284,14.866216932164516,14.939209938049316,82300,0.0,0.0,0.0
2010-11-17 00:00:00-05:00,15.028424430710531,15.085196426655289,15.00409291233955,15.052754402160645,21300,0.0,0.0,0.0
2010-11-18 00:00:00-05:00,15.271736207513142,15.32850821379531,15.247404684711718,15.304178237915039,49600,0.0,0.0,0.0
2010-11-19 00:00:00-05:00,15.255515213631547,15.442053794860842,15.206853714881847,15.44205379486084,32600,0.0,0.0,0.0
2010-11-22 00:00:00-05:00,15.336621255918736,15.377172253701396,15.182524679886097,15.32040023803711,54200,0.0,0.0,0.0
2010-11-23 00:00:00-05:00,15.06086878511923,15.093310817964813,15.012207282772122,15.085200309753418,32400,0.0,0.0,0.0
2010-11-24 00:00:00-05:00,15.263626782169752,15.3203987924773,15.239296804564379,15.312288284301758,39500,0.0,0.0,0.0
2010-11-26 00:00:00-05:00,15.190631405920735,15.247403407447152,15.182520898999671,15.198741912841797,11600,0.0,0.0,0.0
2010-11-29 00:00:00-05:00,15.068976142106328,15.12574814079267,14.906769105641683,15.117637634277344,37000,0.0,0.0,0.0
2010-11-30 00:00:00-05:00,14.849996634638508,14.987872147171924,14.777003625243118,14.882438659667969,98900,0.0,0.0,0.0
2010-12-01 00:00:00-05:00,15.198741452553078,15.247402945684735,15.101418466289761,15.206851959228516,104600,0.0,0.0,0.0
2010-12-02 00:00:00-05:00,15.247402953991106,15.474492500264182,15.158190474354628,15.45016098022461,64300,0.0,0.0,0.0
2010-12-03 00:00:00-05:00,15.401498682178069,15.644809229095355,15.38527766966607,15.636698722839355,123100,0.0,0.0,0.0
2010-12-06 00:00:00-05:00,15.604259092745055,15.661031098329477,15.51504505715746,15.644811630249023,131800,0.0,0.0,0.0
2010-12-07 00:00:00-05:00,15.7340224012797,15.815125920512676,15.669139895277512,15.6853609085083,79600,0.0,0.0,0.0
2010-12-08 00:00:00-05:00,15.742132387681599,15.807014891539684,15.693470896518264,15.782683372497559,99900,0.0,0.0,0.0
2010-12-09 00:00:00-05:00,15.823233250947526,15.823233250947526,15.628585772012341,15.717798233032227,107100,0.0,0.0,0.0
2010-12-10 00:00:00-05:00,15.790797233581543,15.863790259294285,15.725914715939242,15.790797233581543,142100,0.0,0.0,0.0
2010-12-13 00:00:00-05:00,15.936778139630505,16.03410265813221,15.863785137484411,15.969220161437988,103400,0.0,0.0,0.0
2010-12-14 00:00:00-05:00,16.001658935107663,16.10709394785191,16.001658935107663,16.009769439697266,70700,0.0,0.0,0.0
2010-12-15 00:00:00-05:00,16.034108867510586,16.074659863553,15.920563294133414,15.961115837097168,104800,0.0,0.0,0.0
2010-12-16 00:00:00-05:00,15.95300459663444,16.058438109660585,15.86379055312836,16.017887115478516,58600,0.0,0.0,0.0
2010-12-17 00:00:00-05:00,16.085558969191485,16.085558969191485,15.94696057509931,16.004030227661133,35400,0.103,0.0,0.0
2010-12-20 00:00:00-05:00,16.020326523217033,16.12631428912055,16.004020473842573,16.110008239746094,64300,0.0,0.0,0.0
2010-12-21 00:00:00-05:00,16.158929694011125,16.175235748291016,16.118166113342323,16.175235748291016,108800,0.0,0.0,0.0
2010-12-22 00:00:00-05:00,16.150774002075195,16.19153913104888,16.118163453926915,16.150774002075195,93000,0.0,0.0,0.0
2010-12-23 00:00:00-05:00,16.004021484296125,16.191537953880793,16.004021484296125,16.101856231689453,81100,0.0,0.0,0.0
2010-12-27 00:00:00-05:00,16.101857249350086,16.118163300784634,15.987717999369567,16.093704223632812,125100,0.0,0.0,0.0
2010-12-28 00:00:00-05:00,16.126310418146318,16.134463440876488,16.03662872314453,16.03662872314453,73900,0.0,0.0,0.0
2010-12-29 00:00:00-05:00,16.09369948781685,16.30567342899744,16.09369948781685,16.24860382080078,106100,0.0,0.0,0.0
2010-12-30 00:00:00-05:00,16.24861641249237,16.321992124187,16.24861641249237,16.29753303527832,59900,0.0,0.0,0.0
2010-12-31 00:00:00-05:00,16.297525277834755,16.370900954603364,16.24860867833257,16.313831329345703,30900,0.0,0.0,0.0
2011-01-03 00:00:00-05:00,16.403505625021545,16.533950867941677,16.403505625021545,16.44426918029785,133700,0.0,0.0,0.0
2011-01-04 00:00:00-05:00,16.49318851905518,16.509494565907772,16.264910083239744,16.37904930114746,72300,0.0,0.0,0.0
2011-01-05 00:00:00-05:00,16.19153421260412,16.297520405679318,16.167075142649754,16.24860382080078,70000,0.0,0.0,0.0
2011-01-06 00:00:00-05:00,16.232307430661375,16.256766515166298,16.11816814636732,16.158931732177734,48000,0.0,0.0,0.0
2011-01-07 00:00:00-05:00,16.2241482443629,16.2241482443629,16.020327282612033,16.13446807861328,49700,0.0,0.0,0.0
2011-01-10 00:00:00-05:00,16.06924575505295,16.06924575505295,15.938800448697677,16.061094284057617,768000,0.0,0.0,0.0
2011-01-11 00:00:00-05:00,16.18339095270392,16.240460595330617,16.110015253603557,16.216001510620117,77200,0.0,0.0,0.0
2011-01-12 00:00:00-05:00,16.387209969638047,16.493196213564836,16.387209969638047,16.45243263244629,79900,0.0,0.0,0.0
2011-01-13 00:00:00-05:00,16.50134717732866,16.50134717732866,16.362748841813772,16.395360946655273,80200,0.0,0.0,0.0
2011-01-14 00:00:00-05:00,16.338296267770275,16.517658233642578,16.338296267770275,16.517658233642578,47900,0.0,0.0,0.0
2011-01-18 00:00:00-05:00,16.46874289748518,16.558423109880795,16.452436838856396,16.550270080566406,101700,0.0,0.0,0.0
2011-01-19 00:00:00-05:00,16.623633052719697,16.639939098855162,16.387201603876058,16.42796516418457,74200,0.0,0.0,0.0
2011-01-20 00:00:00-05:00,16.338298183459447,16.338298183459447,16.183393730433966,16.29753303527832,65300,0.0,0.0,0.0
2011-01-21 00:00:00-05:00,16.22415440249307,16.27307101647179,16.126321174535626,16.158931732177734,76800,0.0,0.0,0.0
2011-01-24 00:00:00-05:00,16.069245095770146,16.338290278499162,16.069245095770146,16.330137252807617,74400,0.0,0.0,0.0
2011-01-25 00:00:00-05:00,16.273066200568334,16.32198435510118,16.19153905307491,16.313831329345703,115100,0.0,0.0,0.0
2011-01-26 00:00:00-05:00,16.403514862060547,16.42797238698671,16.305680097263398,16.403514862060547,93500,0.0,0.0,0.0
2011-01-27 00:00:00-05:00,16.460577256455498,16.460577256455498,16.36274253467286,16.42796516418457,78700,0.0,0.0,0.0
2011-01-28 00:00:00-05:00,16.330131321310315,16.330131321310315,16.02847570041436,16.03662872314453,59100,0.0,0.0,0.0
2011-01-31 00:00:00-05:00,16.167075342228966,16.215991927711368,16.110005733327792,16.142616271972656,63700,0.0,0.0,0.0
2011-02-01 00:00:00-05:00,16.346443086431037,16.574723159377484,16.346443086431037,16.50950050354004,150100,0.0,0.0,0.0
2011-02-02 00:00:00-05:00,16.41166952883534,16.436128613554224,16.321989328261708,16.36275291442871,50900,0.0,0.0,0.0
2011-02-03 00:00:00-05:00,16.30567664985901,16.33828874957337,16.16707833613399,16.281217575073242,74200,0.0,0.0,0.0
2011-02-04 00:00:00-05:00,16.330139322963095,16.46058464050293,16.28122116261252,16.46058464050293,63600,0.0,0.0,0.0
2011-02-07 00:00:00-05:00,16.574726859068353,16.623643473107556,16.52581024502915,16.599185943603516,101900,0.0,0.0,0.0
2011-02-08 00:00:00-05:00,16.591029231812552,16.591029231812552,16.509500523161158,16.582876205444336,78700,0.0,0.0,0.0
2011-02-09 00:00:00-05:00,16.591029361277936,16.607335414141613,16.509500651990344,16.566570281982422,54100,0.0,0.0,0.0
2011-02-10 00:00:00-05:00,16.45243263244629,16.485043186334938,16.3382933612896,16.45243263244629,79700,0.0,0.0,0.0
2011-02-11 00:00:00-05:00,16.419818491234818,16.517653250853577,16.33829133908839,16.46873664855957,54400,0.0,0.0,0.0
2011-02-14 00:00:00-05:00,16.5258039140391,16.599179584503446,16.46873429368472,16.558414459228516,139200,0.0,0.0,0.0
2011-02-15 00:00:00-05:00,16.566566431180867,16.574719455717585,16.476884716307428,16.49319076538086,53400,0.0,0.0,0.0
2011-02-16 00:00:00-05:00,16.566562233451872,16.582868278393583,16.4931865862442,16.542104721069336,95000,0.0,0.0,0.0
2011-02-17 00:00:00-05:00,16.485044083713564,16.542115277429573,16.379057834017313,16.53396224975586,86000,0.0,0.0,0.0
2011-02-18 00:00:00-05:00,16.566569159880636,16.68070841213381,16.55841613400103,16.664403915405273,60100,0.0,0.0,0.0
2011-02-22 00:00:00-05:00,16.240454294510297,16.395358660849507,16.101855978318486,16.13446807861328,170400,0.0,0.0,0.0
2011-02-23 00:00:00-05:00,16.183393770034186,16.22415736328366,15.930656070818362,16.004030227661133,49900,0.0,0.0,0.0
2011-02-24 00:00:00-05:00,16.093703176247974,16.110009226621315,15.898035236859522,16.028480529785156,63600,0.0,0.0,0.0
2011-02-25 00:00:00-05:00,16.142625811519753,16.22415453885695,16.06925011241939,16.216001510620117,65400,0.0,0.0,0.0
2011-02-28 00:00:00-05:00,16.34644302709892,16.370902106085726,16.24045679488431,16.28937339782715,46900,0.0,0.0,0.0
2011-03-01 00:00:00-05:00,16.379052868434908,16.379052868434908,16.069244130881494,16.101856231689453,44000,0.0,0.0,0.0
2011-03-02 00:00:00-05:00,16.191543844850962,16.27307101647179,16.126321174535626,16.158931732177734,94600,0.0,0.0,0.0
2011-03-03 00:00:00-05:00,16.37090391517825,16.47689015910504,16.354597860718453,16.45243263244629,67600,0.0,0.0,0.0
2011-03-04 00:00:00-05:00,16.40351292900087,16.41981742535331,16.207843422465103,16.330137252807617,46100,0.0,0.0,0.0
2011-03-07 00:00:00-05:00,16.411670150273867,16.411670150273867,16.101862840592645,16.183391571044922,60800,0.0,0.0,0.0
2011-03-08 00:00:00-05:00,16.248600489825165,16.379045726113354,16.19968391497456,16.346433639526367,39200,0.0,0.0,0.0
2011-03-09 00:00:00-05:00,16.37091460086976,16.395373698524498,16.305691895489083,16.3546085357666,38900,0.0,0.0,0.0
2011-03-10 00:00:00-05:00,16.118167104931345,16.118167104931345,15.946956634521484,15.946956634521484,56200,0.0,0.0,0.0
2011-03-11 00:00:00-05:00,15.80835219291881,15.930646005461936,15.77574164992962,15.922492980957031,70000,0.0,0.0,0.0
2011-03-14 00:00:00-04:00,15.645302706444912,15.710525373878005,15.506704343770707,15.65345573425293,62900,0.0,0.0,0.0
2011-03-15 00:00:00-04:00,14.960463093890729,15.457785322440222,14.887087402705712,15.343646049499512,150200,0.0,0.0,0.0
2011-03-16 00:00:00-04:00,15.368103160698233,15.408866737226223,14.984918699199747,15.123517036437988,153000,0.0,0.0,0.0
2011-03-17 00:00:00-04:00,15.42517176306012,15.46593533687465,15.302879486585871,15.359949111938477,79700,0.0,0.0,0.0
2011-03-18 00:00:00-04:00,15.669762211348566,15.694221297857776,15.60453953568859,15.645304679870605,51500,0.0,0.0,0.0
2011-03-21 00:00:00-04:00,15.987717999369567,16.11001027506736,15.987717999369567,16.093704223632812,78400,0.0,0.0,0.0
2011-03-22 00:00:00-04:00,16.10185785915712,16.10185785915712,15.995871630879982,16.061094284057617,39700,0.0,0.0,0.0
2011-03-23 00:00:00-04:00,16.06109164665318,16.183383906900698,15.963256905436888,16.110008239746094,53200,0.0,0.0,0.0
2011-03-24 00:00:00-04:00,16.199694712042344,16.29752792694921,16.13447205042746,16.264917373657227,51700,0.0,0.0,0.0
2011-03-25 00:00:00-04:00,16.27306133572495,16.3627430371941,16.232297774164536,16.24860382080078,52700,0.0,0.0,0.0
2011-03-28 00:00:00-04:00,16.2649203014972,16.297530860659393,16.167085513948226,16.183391571044922,138800,0.0,0.0,0.0
2011-03-29 00:00:00-04:00,16.224141424884923,16.346433639526367,16.12630827518372,16.346433639526367,67800,0.0,0.0,0.0
2011-03-30 00:00:00-04:00,16.460589868170786,16.61549276005019,16.452436838856396,16.550270080566406,95400,0.0,0.0,0.0
2011-03-31 00:00:00-04:00,16.59918417854811,16.672559869320157,16.558419041990884,16.656253814697266,69000,0.0,0.0,0.0
2011-04-01 00:00:00-04:00,16.73778193015395,16.778545510212563,16.631794133952106,16.762239456176758,38100,0.0,0.0,0.0
2011-04-04 00:00:00-04:00,16.85191889369771,16.85191889369771,16.7459326670213,16.811155319213867,52400,0.0,0.0,0.0
2011-04-05 00:00:00-04:00,16.672565719356232,16.778552001531352,16.615494508151087,16.713329315185547,49000,0.0,0.0,0.0
2011-04-06 00:00:00-04:00,16.770387362166662,16.770387362166662,16.66440115335981,16.729623794555664,49100,0.0,0.0,0.0
2011-04-07 00:00:00-04:00,16.69701446389303,16.71332051565225,16.55841613400103,16.664403915405273,55300,0.0,0.0,0.0
2011-04-08 00:00:00-04:00,16.786705031703516,16.843774687877158,16.705176285013383,16.713329315185547,48000,0.0,0.0,0.0
2011-04-11 00:00:00-04:00,16.754086153700843,16.811157341887846,16.656252941156307,16.72147560119629,61600,0.0,0.0,0.0
2011-04-12 00:00:00-04:00,16.63994952946433,16.672561642177882,16.533963273207537,16.599185943603516,94900,0.0,0.0,0.0
2011-04-13 00:00:00-04:00,16.70516849090604,16.70516849090604,16.509500523161158,16.582876205444336,41200,0.0,0.0,0.0
2011-04-14 00:00:00-04:00,16.639942330105715,16.705164972282773,16.59102573723053,16.697011947631836,52800,0.0,0.0,0.0
2011-04-15 00:00:00-04:00,16.705167489772638,16.72962656741147,16.591028237519467,16.664403915405273,61000,0.0,0.0,0.0
2011-04-18 00:00:00-04:00,16.44427295344824,16.44427295344824,16.191535431678414,16.37089729309082,124100,0.0,0.0,0.0
2011-04-19 00:00:00-04:00,16.468736926778178,16.533959582615623,16.387208218223677,16.50950050354004,73400,0.0,0.0,0.0
2011-04-20 00:00:00-04:00,16.8030003546283,16.8030003546283,16.713318635074238,16.737777709960938,112400,0.0,0.0,0.0
2011-04-21 00:00:00-04:00,16.811155319213867,16.900835494084465,16.80300229331096,16.811155319213867,149900,0.0,0.0,0.0
2011-04-25 00:00:00-04:00,16.925296024387972,16.966059602370308,16.794850708807516,16.900836944580078,90300,0.0,0.0,0.0
2011-04-26 00:00:00-04:00,16.98236670561575,17.03943634033203,16.87638046328993,17.03943634033203,109300,0.0,0.0,0.0
2011-04-27 00:00:00-04:00,17.063896328963885,17.1943416595459,16.90899191576112,17.1943416595459,63100,0.0,0.0,0.0
2011-04-28 00:00:00-04:00,17.308473214002007,17.41446096971475,17.308473214002007,17.357391357421875,96300,0.0,0.0,0.0
2011-04-29 00:00:00-04:00,17.406317159095536,17.447080745158235,17.34109448837654,17.430774688720703,109000,0.0,0.0,0.0
2011-05-02 00:00:00-04:00,17.528601637742124,17.528601637742124,17.37369728088379,17.37369728088379,100000,0.0,0.0,0.0
2011-05-03 00:00:00-04:00,17.33293647936113,17.38185307958591,17.21879722715975,17.3084774017334,73000,0.0,0.0,0.0
2011-05-04 00:00:00-04:00,17.332939742510607,17.332939742510607,17.104659640100493,17.15357780456543,46000,0.0,0.0,0.0
2011-05-05 00:00:00-04:00,17.088348806272585,17.088348806272585,16.86007032273486,16.92529296875,77500,0.0,0.0,0.0
2011-05-06 00:00:00-04:00,17.161728623747173,17.21879981345073,16.89268494955408,16.966060638427734,42200,0.0,0.0,0.0
2011-05-09 00:00:00-04:00,17.014979569418042,17.1046597615117,16.933450849762085,17.06389617919922,89000,0.0,0.0,0.0
2011-05-10 00:00:00-04:00,17.153578347897753,17.2758706528717,17.104660181883354,17.235105514526367,91600,0.0,0.0,0.0
2011-05-11 00:00:00-04:00,17.21065169213301,17.21065169213301,16.92530188240182,16.95791244506836,67000,0.0,0.0,0.0
2011-05-12 00:00:00-04:00,17.039432554910185,17.120961252834558,16.892681209652423,17.112808227539062,53000,0.0,0.0,0.0
2011-05-13 00:00:00-04:00,17.12096876317075,17.12096876317075,16.78670235457801,16.83561897277832,65100,0.0,0.0,0.0
2011-05-16 00:00:00-04:00,16.794855254301954,16.908994547568724,16.70517349243164,16.70517349243164,32400,0.0,0.0,0.0
2011-05-17 00:00:00-04:00,16.721479550050105,16.78670222549272,16.582881170355638,16.70517349243164,79000,0.0,0.0,0.0
2011-05-18 00:00:00-04:00,16.762242119567745,16.868229932610234,16.713325504718753,16.860076904296875,20100,0.0,0.0,0.0
2011-05-19 00:00:00-04:00,16.89268353005797,16.974212239181256,16.794850323134657,16.94975471496582,51300,0.0,0.0,0.0
2011-05-20 00:00:00-04:00,16.908993517015222,16.908993517015222,16.721478530925094,16.786701202392578,35800,0.0,0.0,0.0
2011-05-23 00:00:00-04:00,16.493198392603443,16.493198392603443,16.379059106366967,16.419822692871094,78600,0.0,0.0,0.0
2011-05-24 00:00:00-04:00,16.542112757717696,16.648098991270015,16.48504157269483,16.566570281982422,35300,0.0,0.0,0.0
2011-05-25 00:00:00-04:00,16.468729073861663,16.631784858188688,16.468729073861663,16.542104721069336,63000,0.0,0.0,0.0
2011-05-26 00:00:00-04:00,16.648095990406873,16.754082204854896,16.550261245890578,16.737777709960938,92100,0.0,0.0,0.0
2011-05-27 00:00:00-04:00,16.851922856713056,16.89268644078315,16.794853217002505,16.868228912353516,30100,0.0,0.0,0.0
2011-05-31 00:00:00-04:00,17.031277468821123,17.11280615688048,16.925291262865223,17.055736541748047,139800,0.0,0.0,0.0
2011-06-01 00:00:00-04:00,17.06390015875588,17.072053188125984,16.754091262817383,16.754091262817383,85300,0.0,0.0,0.0
2011-06-02 00:00:00-04:00,16.86823108826603,16.900841648722484,16.754090239090303,16.83561897277832,35800,0.0,0.0,0.0
2011-06-03 00:00:00-04:00,16.623634012621476,16.835607959532123,16.599176497036172,16.745927810668945,107000,0.0,0.0,0.0
2011-06-06 00:00:00-04:00,16.745929860927745,16.745929860927745,16.49319076538086,16.49319076538086,80800,0.0,0.0,0.0
2011-06-07 00:00:00-04:00,16.656251887727514,16.697015464537824,16.582876205444336,16.582876205444336,63300,0.0,0.0,0.0
2011-06-08 00:00:00-04:00,16.493189833803065,16.558412471382415,16.362744558644362,16.41166114807129,49700,0.0,0.0,0.0
2011-06-09 00:00:00-04:00,16.52580670485402,16.639945964838176,16.468737074861945,16.566570281982422,24400,0.0,0.0,0.0
2011-06-10 00:00:00-04:00,16.46058624771118,16.46058624771118,16.167083477073582,16.199695587158203,39900,0.0,0.0,0.0
2011-06-13 00:00:00-04:00,16.248611593142414,16.354597836914945,16.1833889304291,16.305681228637695,34900,0.0,0.0,0.0
2011-06-14 00:00:00-04:00,16.362740514715277,16.51764482381917,16.362740514715277,16.44426918029785,34000,0.0,0.0,0.0
2011-06-15 00:00:00-04:00,16.24046342259601,16.248616452252186,15.97957269372401,16.004030227661133,50500,0.0,0.0,0.0
2011-06-16 00:00:00-04:00,16.00402318561884,16.044788315962368,15.800202198993365,15.89803695678711,70500,0.0,0.0,0.0
2011-06-17 00:00:00-04:00,16.066160684647553,16.148173047317513,16.025155285440427,16.09896469116211,81900,0.115,0.0,0.0
2011-06-20 00:00:00-04:00,15.959546294495727,16.0415586682171,15.8283271222439,15.967747688293457,59600,0.0,0.0,0.0
2011-06-21 00:00:00-04:00,16.06616199783736,16.27939353250575,16.06616199783736,16.254789352416992,112000,0.0,0.0,0.0
2011-06-22 00:00:00-04:00,16.230188571884575,16.271193979080202,16.148176193237305,16.148176193237305,45300,0.0,0.0,0.0
2011-06-23 00:00:00-04:00,15.885737627563786,16.090767789402857,15.803725249976958,16.049760818481445,44500,0.0,0.0,0.0
2011-06-24 00:00:00-04:00,15.975945580802646,15.99234836480327,15.861129221309433,15.877532005310059,29300,0.0,0.0,0.0
2011-06-27 00:00:00-04:00,15.877529882230965,16.090761352959895,15.852925709519997,16.00874900817871,47700,0.0,0.0,0.0
2011-06-28 00:00:00-04:00,16.09896512144184,16.230185843774365,16.090765292785825,16.205581665039062,42800,0.0,0.0,0.0
2011-06-29 00:00:00-04:00,16.23839272766954,16.402417528658702,16.21379010250067,16.3778133392334,32500,0.0,0.0,0.0
2011-06-30 00:00:00-04:00,16.47621820870697,16.648442733999197,16.43521281628181,16.615638732910156,49900,0.0,0.0,0.0
2011-07-01 00:00:00-04:00,16.66485011798122,16.86167887162794,16.591039139831715,16.853477478027344,35900,0.0,0.0,0.0
2011-07-05 00:00:00-04:00,16.755060225899513,16.86167519092274,16.74685883408918,16.845273971557617,48600,0.0,0.0,0.0
2011-07-06 00:00:00-04:00,16.73866503425708,16.812476029772192,16.689458225332423,16.755067825317383,26300,0.0,0.0,0.0
2011-07-07 00:00:00-04:00,16.820673069648034,16.98469624500908,16.820673069648034,16.927288055419922,46600,0.0,0.0,0.0
2011-07-08 00:00:00-04:00,16.68945530915053,16.845278668483573,16.67305252095632,16.804271697998047,50300,0.0,0.0,0.0
2011-07-11 00:00:00-04:00,16.484426023106703,16.541834220572895,16.32040126098383,16.361408233642578,43200,0.0,0.0,0.0
2011-07-12 00:00:00-04:00,16.246586671579667,16.410611397328104,16.246586671579667,16.27939224243164,51500,0.0,0.0,0.0
2011-07-13 00:00:00-04:00,16.377810544762927,16.5664395029925,16.369609149687193,16.4188175201416,26600,0.0,0.0,0.0
2011-07-14 00:00:00-04:00,16.517231078457463,16.517231078457463,16.20558588788075,16.221988677978516,31500,0.0,0.0,0.0
2011-07-15 00:00:00-04:00,16.328595698945442,16.344998481020763,16.230182135004288,16.312192916870117,39800,0.0,0.0,0.0
2011-07-18 00:00:00-04:00,16.12356455656603,16.12356455656603,15.951340048855245,16.0661563873291,62200,0.0,0.0,0.0
2011-07-19 00:00:00-04:00,16.19738428896611,16.246591094383906,16.14817748354831,16.213787078857422,38800,0.0,0.0,0.0
2011-07-20 00:00:00-04:00,16.49262789318131,16.54183469753456,16.386011325450475,16.484426498413086,76400,0.0,0.0,0.0
2011-07-21 00:00:00-04:00,16.656644678052775,16.845273556531968,16.61563928426693,16.82887077331543,26800,0.0,0.0,0.0
2011-07-22 00:00:00-04:00,16.853477478027344,16.902685839630937,16.771466670533123,16.853477478027344,44500,0.0,0.0,0.0
2011-07-25 00:00:00-04:00,16.77146537073302,16.86167756483633,16.746861191838065,16.787866592407227,51400,0.0,0.0,0.0
2011-07-26 00:00:00-04:00,16.77146086173326,16.820667642038188,16.705851299908243,16.746856689453125,54100,0.0,0.0,0.0
2011-07-27 00:00:00-04:00,16.62384660163433,16.62384660163433,16.336804050047327,16.361408233642578,44700,0.0,0.0,0.0
2011-07-28 00:00:00-04:00,16.22198401729491,16.328598993786866,16.09896469116211,16.09896469116211,38000,0.0,0.0,0.0
2011-07-29 00:00:00-04:00,15.967747145823118,16.172777291033125,15.91854034896436,15.984149932861328,86500,0.0,0.0,0.0
2011-08-01 00:00:00-04:00,16.123579987848846,16.13178138619699,15.697116659286094,15.820136070251465,42400,0.0,0.0,0.0
2011-08-02 00:00:00-04:00,15.672507368087118,15.770920977928022,15.352659225463867,15.352659225463867,117800,0.0,0.0,0.0
2011-08-03 00:00:00-04:00,15.508483005550122,15.508483005550122,15.180435023727835,15.45927619934082,117000,0.0,0.0,0.0
2011-08-04 00:00:00-04:00,15.016403898753346,15.016403898753346,14.458721783426778,14.483325958251953,170000,0.0,0.0,0.0
2011-08-05 00:00:00-04:00,14.77037113103742,14.86878471997362,14.147079332170238,14.565340995788574,224900,0.0,0.0,0.0
2011-08-08 00:00:00-04:00,13.958448409394899,14.114270146024964,13.310552597045898,13.310552597045898,248200,0.0,0.0,0.0
2011-08-09 00:00:00-04:00,13.92564655853776,14.237293243408203,13.531989070101652,14.237293243408203,247400,0.0,0.0,0.0
2011-08-10 00:00:00-04:00,13.925643302791338,14.007655651438732,13.55659008026123,13.55659008026123,49200,0.0,0.0,0.0
2011-08-11 00:00:00-04:00,13.704212027084042,14.261894185742571,13.630402625384532,14.106072425842285,81700,0.0,0.0,0.0
2011-08-12 00:00:00-04:00,14.278295259490747,14.393111608661824,14.179881692845662,14.319300651550293,71500,0.0,0.0,0.0
2011-08-15 00:00:00-04:00,14.51613401258949,14.647353172302246,14.491529833547434,14.647353172302246,42200,0.0,0.0,0.0
2011-08-16 00:00:00-04:00,14.294701370284361,14.401316353015849,14.204487609642161,14.286499977111816,60000,0.0,0.0,0.0
2011-08-17 00:00:00-04:00,14.376713737754015,14.49153011365805,14.245494575504889,14.286499977111816,35600,0.0,0.0,0.0
2011-08-18 00:00:00-04:00,13.810830908619398,13.810830908619398,13.482782984333308,13.57299518585205,122600,0.0,0.0,0.0
2011-08-19 00:00:00-04:00,13.392567613913325,13.630403308184125,13.302353858947754,13.302353858947754,183700,0.0,0.0,0.0
2011-08-22 00:00:00-04:00,13.58119752719011,13.58119752719011,13.318759169448233,13.326960563659668,82700,0.0,0.0,0.0
2011-08-23 00:00:00-04:00,13.44997856195637,13.786227908686076,13.376167577137064,13.761625289916992,83100,0.0,0.0,0.0
2011-08-24 00:00:00-04:00,13.7370215116846,13.892844880256604,13.663210524690287,13.843636512756348,54500,0.0,0.0,0.0
2011-08-25 00:00:00-04:00,13.860037362461261,13.9420497325628,13.556593626618172,13.597599029541016,50300,0.0,0.0,0.0
2011-08-26 00:00:00-04:00,13.540193203688744,13.851838387376779,13.44997942440131,13.810832977294922,132900,0.0,0.0,0.0
2011-08-29 00:00:00-04:00,14.09787504647824,14.270099639892578,14.04866667899751,14.270099639892578,126300,0.0,0.0,0.0
2011-08-30 00:00:00-04:00,14.171686574902239,14.2865029748986,14.056868610649747,14.253697395324707,33900,0.0,0.0,0.0
2011-08-31 00:00:00-04:00,14.401313936244982,14.56533864365832,14.39311254444876,14.458722114562988,58300,0.0,0.0,0.0
2011-09-01 00:00:00-04:00,14.376713784585329,14.393115006728044,14.147079467773438,14.147079467773438,51800,0.0,0.0,0.0
2011-09-02 00:00:00-04:00,13.942045589129354,14.065063325594123,13.638600379211226,13.868234634399414,83900,0.0,0.0,0.0
2011-09-06 00:00:00-04:00,13.392567062937697,13.56479317312691,13.33515888095984,13.54839038848877,38800,0.0,0.0,0.0
2011-09-07 00:00:00-04:00,13.720616512883957,13.974855011256613,13.720616512883957,13.958452224731445,81400,0.0,0.0,0.0
2011-09-08 00:00:00-04:00,13.827235498466152,13.88464369716817,13.679613522228903,13.696016311645508,61200,0.0,0.0,0.0
2011-09-09 00:00:00-04:00,13.499184248184646,13.540191216504367,13.21214329122608,13.277752876281738,82900,0.0,0.0,0.0
2011-09-12 00:00:00-04:00,13.13012956775633,13.285952902825304,13.015312414659604,13.261348724365234,65200,0.0,0.0,0.0
2011-09-13 00:00:00-04:00,13.302351196624004,13.458174497399337,13.253144414789041,13.449973106384277,53400,0.0,0.0,0.0
2011-09-14 00:00:00-04:00,13.490982300262754,13.761621991650276,13.294152011748508,13.65500545501709,91300,0.0,0.0,0.0
2011-09-15 00:00:00-04:00,13.78622818028641,13.876441955566406,13.712417194012966,13.876441955566406,55600,0.0,0.0,0.0
2011-09-16 00:00:00-04:00,13.933259332359452,13.966197662825063,13.817972819738408,13.883851051330566,85600,0.069,0.0,0.0
2011-09-19 00:00:00-04:00,13.505048456032116,13.653274852376223,13.414466879891298,13.603866577148438,47200,0.0,0.0,0.0
2011-09-20 00:00:00-04:00,13.62857055853873,13.702683760131915,13.472110751318294,13.480345726013184,59500,0.0,0.0,0.0
2011-09-21 00:00:00-04:00,13.496816344799964,13.505051320861607,13.159190179578006,13.167425155639648,106700,0.0,0.0,0.0
2011-09-22 00:00:00-04:00,12.805094880720072,12.895677261641072,12.623929333547528,12.77215576171875,92000,0.0,0.0,0.0
2011-09-23 00:00:00-04:00,12.665104664690386,12.9039134970893,12.63216554247435,12.895678520202637,67700,0.0,0.0,0.0
2011-09-26 00:00:00-04:00,12.895677869348024,13.043904304504395,12.730982266580156,13.043904304504395,90500,0.0,0.0,0.0
2011-09-27 00:00:00-04:00,13.315650300871376,13.480346664918619,13.200363788434867,13.241537094116211,79100,0.0,0.0,0.0
2011-09-28 00:00:00-04:00,13.290943743870287,13.348586993013992,12.978022575378418,12.978022575378418,47400,0.0,0.0,0.0
2011-09-29 00:00:00-04:00,13.332120251408288,13.430936813307886,13.06860654013098,13.241537094116211,66900,0.0,0.0,0.0
2011-09-30 00:00:00-04:00,13.035670153173458,13.093313421458305,12.862739562988281,12.862739562988281,48500,0.0,0.0,0.0
2011-10-03 00:00:00-04:00,12.780390107250494,12.93685071845478,12.492172241210938,12.492172241210938,97300,0.0,0.0,0.0
2011-10-04 00:00:00-04:00,12.352180329446329,12.805093765258789,12.302771262583134,12.805093765258789,75400,0.0,0.0,0.0
2011-10-05 00:00:00-04:00,12.805092977934176,13.002727662574381,12.706275635614073,12.961553573608398,71200,0.0,0.0,0.0
2011-10-06 00:00:00-04:00,13.027432141324507,13.32388496134098,12.953318936320388,13.31564998626709,50000,0.0,0.0,0.0
2011-10-07 00:00:00-04:00,13.28271280617108,13.340357643493542,13.04390476276575,13.126252174377441,81700,0.0,0.0,0.0
2011-10-10 00:00:00-04:00,13.422703101498616,13.587399481048484,13.39799974402889,13.579164505004883,36900,0.0,0.0,0.0
2011-10-11 00:00:00-04:00,13.496817265305337,13.628573749955475,13.447408976226834,13.595635414123535,196600,0.0,0.0,0.0
2011-10-12 00:00:00-04:00,13.77679982814943,13.957966167809134,13.710921587544398,13.834443092346191,147400,0.0,0.0,0.0
2011-10-13 00:00:00-04:00,13.77679982814943,13.892087927204102,13.710921587544398,13.834443092346191,38800,0.0,0.0,0.0
2011-10-14 00:00:00-04:00,14.015605929885265,14.032075878586415,13.867379532896416,14.02384090423584,42000,0.0,0.0,0.0
2011-10-17 00:00:00-04:00,13.875622226222703,13.875622226222703,13.603874204123954,13.620344161987305,85100,0.0,0.0,0.0
2011-10-18 00:00:00-04:00,13.645047444919593,13.87562214161566,13.48035257927522,13.809743881225586,152100,0.0,0.0,0.0
2011-10-19 00:00:00-04:00,13.727395746775816,13.793274007567584,13.56269930946558,13.620344161987305,140300,0.0,0.0,0.0
2011-10-20 00:00:00-04:00,13.570927619934082,13.612102494360006,13.422701213322478,13.570927619934082,67600,0.0,0.0,0.0
2011-10-21 00:00:00-04:00,13.842676170050016,13.900319426340248,13.768562963202307,13.86738109588623,45400,0.0,0.0,0.0
2011-10-24 00:00:00-04:00,13.941498364571084,14.20501136762113,13.941498364571084,14.17207145690918,92700,0.0,0.0,0.0
2011-10-25 00:00:00-04:00,14.065017392799765,14.130895631873209,13.875617651796253,13.916790962219238,218700,0.0,0.0,0.0
2011-10-26 00:00:00-04:00,14.073253631591797,14.139131876575476,13.842678988818292,14.073253631591797,43900,0.0,0.0,0.0
2011-10-27 00:00:00-04:00,14.559107444513897,14.723802284845668,14.476759239017323,14.616750717163086,91900,0.0,0.0,0.0
2011-10-28 00:00:00-04:00,14.427346863587774,14.50146007050758,14.361468631954718,14.484990119934082,93500,0.0,0.0,0.0
2011-10-31 00:00:00-04:00,14.114427614638009,14.114427614638009,13.933262825012207,13.933262825012207,41900,0.0,0.0,0.0
2011-11-01 00:00:00-04:00,13.43093967367752,13.59563607279994,13.332123090733083,13.422704696655273,113300,0.0,0.0,0.0
2011-11-02 00:00:00-04:00,13.636804903746711,13.735623024863033,13.51328343034687,13.603866577148438,50900,0.0,0.0,0.0
2011-11-03 00:00:00-04:00,13.834440567952912,14.048545203516529,13.63680588220054,13.999136924743652,53200,0.0,0.0,0.0
2011-11-04 00:00:00-04:00,13.82621383898851,13.88385712049712,13.67798736044544,13.809743881225586,118100,0.0,0.0,0.0
2011-11-07 00:00:00-05:00,13.809737208325238,13.875615436882782,13.636805876698643,13.817972183227539,114400,0.0,0.0,0.0
2011-11-08 00:00:00-05:00,13.842676177354234,13.925024359524132,13.677981383675373,13.892086029052734,56700,0.0,0.0,0.0
2011-11-09 00:00:00-05:00,13.472112667484067,13.488581048555355,13.233303079348364,13.2744779586792,128100,0.0,0.0,0.0
2011-11-10 00:00:00-05:00,13.323884003834792,13.373292280066568,13.216830906228365,13.307414054870605,44100,0.0,0.0,0.0
2011-11-11 00:00:00-05:00,13.463876082112352,13.620337463543645,13.422701207703664,13.554457664489746,91400,0.0,0.0,0.0
2011-11-14 00:00:00-05:00,13.488584239143629,13.488584239143629,13.30741943921839,13.398002624511719,99900,0.0,0.0,0.0
2011-11-15 00:00:00-05:00,13.34035587310791,13.447407415463342,13.208599403749991,13.34035587310791,81000,0.0,0.0,0.0
2011-11-16 00:00:00-05:00,13.208599077025953,13.35682392339141,13.142720058646054,13.159189224243164,76900,0.0,0.0,0.0
2011-11-17 00:00:00-05:00,13.167423233107886,13.192128157685731,12.895675345394997,12.961553573608398,68000,0.0,0.0,0.0
2011-11-18 00:00:00-05:00,13.052139939726771,13.052139939726771,12.887443543315973,12.895678520202637,109800,0.0,0.0,0.0
2011-11-21 00:00:00-05:00,12.640398179698042,12.689806461211605,12.508640929890767,12.590989112854004,48500,0.0,0.0,0.0
2011-11-22 00:00:00-05:00,12.706277048328413,12.755685332316583,12.582754767696962,12.648633003234863,49600,0.0,0.0,0.0
2011-11-23 00:00:00-05:00,12.681570194680795,12.681570194680795,12.442761430798182,12.467466354370117,69000,0.0,0.0,0.0
2011-11-25 00:00:00-05:00,12.376883823956863,12.475701167193053,12.311005595132736,12.31924057006836,43100,0.0,0.0,0.0
2011-11-28 00:00:00-05:00,12.821562925934284,12.862737017416693,12.72274557757479,12.788623809814453,91200,0.0,0.0,0.0
2011-11-29 00:00:00-05:00,12.805093765258789,12.912146089020315,12.763919673761206,12.805093765258789,56000,0.0,0.0,0.0
2011-11-30 00:00:00-05:00,13.307418773890715,13.496818542160646,13.274480434942673,13.4885835647583,108500,0.0,0.0,0.0
2011-12-01 00:00:00-05:00,13.381530127063956,13.430938413901847,13.258008624638666,13.28271198272705,222800,0.0,0.0,0.0
2011-12-02 00:00:00-05:00,13.40623635271912,13.430939713197283,13.183896684448014,13.216835021972656,102900,0.0,0.0,0.0
2011-12-05 00:00:00-05:00,13.430935222117785,13.50504842009261,13.323883697632342,13.381526947021484,114200,0.0,0.0,0.0
2011-12-06 00:00:00-05:00,13.315651887726393,13.35682519831445,13.200365361550938,13.28271198272705,89600,0.0,0.0,0.0
2011-12-07 00:00:00-05:00,13.183896359989832,13.332122801856022,13.08507899385591,13.323887825012207,109400,0.0,0.0,0.0
2011-12-08 00:00:00-05:00,13.101545810446531,13.101545810446531,12.78038962449243,12.805093765258789,85900,0.0,0.0,0.0
2011-12-09 00:00:00-05:00,12.945086461728474,13.192130249363972,12.945086461728474,13.150956153869629,44900,0.0,0.0,0.0
2011-12-12 00:00:00-05:00,12.838032085416662,12.846267060271694,12.681570704492744,12.780388832092285,78300,0.0,0.0,0.0
2011-12-13 00:00:00-05:00,12.846268826555505,12.936851206424112,12.574520901619147,12.599225044250488,66300,0.0,0.0,0.0
2011-12-14 00:00:00-05:00,12.508643816352752,12.508643816352752,12.352183175014721,12.376887321472168,83200,0.0,0.0,0.0
2011-12-15 00:00:00-05:00,12.49217319204787,12.516877335627735,12.401590808701327,12.475703239440918,301500,0.0,0.0,0.0
2011-12-16 00:00:00-05:00,12.484807132191285,12.575816044340776,12.410344936328755,12.435165405273438,107200,0.071,0.0,0.0
2011-12-19 00:00:00-05:00,12.459983593713249,12.468256555304434,12.211776598327097,12.236597061157227,144300,0.0,0.0,0.0
2011-12-20 00:00:00-05:00,12.559267748196612,12.67509711472036,12.559267748196612,12.633729934692383,112200,0.0,0.0,0.0
2011-12-21 00:00:00-05:00,12.584084905581623,12.650273323059082,12.476528529923709,12.650273323059082,124100,0.0,0.0,0.0
2011-12-22 00:00:00-05:00,12.617183429865399,12.733013594583255,12.584089209807217,12.691645622253418,149700,0.0,0.0,0.0
2011-12-23 00:00:00-05:00,12.82402025007392,12.881934927746487,12.79092603582841,12.848840713500977,116600,0.0,0.0,0.0
2011-12-27 00:00:00-05:00,12.85711446431943,12.89020867856494,12.815746499255466,12.848840713500977,132600,0.0,0.0,0.0
2011-12-28 00:00:00-05:00,12.807471718168753,12.807471718168753,12.600632698515938,12.62545394897461,139700,0.0,0.0,0.0
2011-12-29 00:00:00-05:00,12.691646721474207,12.890212059020996,12.691646721474207,12.890212059020996,158000,0.0,0.0,0.0
2011-12-30 00:00:00-05:00,12.906757027728942,12.956397957842745,12.873662811310288,12.898483276367188,140700,0.0,0.0,0.0
2012-01-03 00:00:00-05:00,13.254246763839747,13.386623630205507,13.254246763839747,13.312161445617676,31000,0.0,0.0,0.0
2012-01-04 00:00:00-05:00,13.188054938042967,13.270791646730231,13.13014026769855,13.237696647644043,36700,0.0,0.0,0.0
2012-01-05 00:00:00-05:00,13.097043569939673,13.146685270111622,12.997760958623836,13.138411521911621,63100,0.0,0.0,0.0
2012-01-06 00:00:00-05:00,13.113595689629227,13.113595689629227,12.98949178995969,12.99776554107666,34800,0.0,0.0,0.0
2012-01-09 00:00:00-05:00,13.08050218326714,13.08050218326714,12.989492494103626,13.07222843170166,26800,0.0,0.0,0.0
2012-01-10 00:00:00-05:00,13.221151351928711,13.27079385883288,13.196330887504963,13.221151351928711,29100,0.0,0.0,0.0
2012-01-11 00:00:00-05:00,13.171509502591702,13.279065103920873,13.130141538757561,13.2459716796875,27100,0.0,0.0,0.0
2012-01-12 00:00:00-05:00,13.328705197480595,13.419713281210225,13.262516782924372,13.370072364807129,64500,0.0,0.0,0.0
2012-01-13 00:00:00-05:00,13.27906420985364,13.312159209915324,13.204602826799542,13.303885459899902,40400,0.0,0.0,0.0
2012-01-17 00:00:00-05:00,13.502450913002857,13.56863933598595,13.461083740409604,13.46935749053955,42200,0.0,0.0,0.0
2012-01-18 00:00:00-05:00,13.535551491148967,13.701021827764208,13.510730230530973,13.684475898742676,63200,0.0,0.0,0.0
2012-01-19 00:00:00-05:00,13.734110239609445,13.800298658048625,13.692741491799723,13.775477409362793,49500,0.0,0.0,0.0
2012-01-20 00:00:00-05:00,13.775481900933215,13.83339658869385,13.758934396413922,13.816850662231445,58800,0.0,0.0,0.0
2012-01-23 00:00:00-05:00,13.849942534377146,13.916130966947799,13.792027853134913,13.858216285705566,31900,0.0,0.0,0.0
2012-01-24 00:00:00-05:00,13.676200928318908,13.775482805842698,13.618284658696874,13.76720905303955,40100,0.0,0.0,0.0
2012-01-25 00:00:00-05:00,13.709292934495704,13.990594188294555,13.659652000900856,13.940953254699707,81600,0.0,0.0,0.0
2012-01-26 00:00:00-05:00,14.056780130716277,14.098148883083114,13.940950780202222,14.007139205932617,89700,0.0,0.0,0.0
2012-01-27 00:00:00-05:00,13.965767705604856,14.131239526400213,13.965767705604856,14.089872360229492,56300,0.0,0.0,0.0
2012-01-30 00:00:00-05:00,13.949224530675588,14.048506380242909,13.90785577830875,14.007139205932617,51700,0.0,0.0,0.0
2012-01-31 00:00:00-05:00,14.164334521781779,14.180880441416326,14.040229867157143,14.089872360229492,74000,0.0,0.0,0.0
2012-02-01 00:00:00-05:00,14.271894208920012,14.420818574893465,14.263620457692964,14.346356391906738,82400,0.0,0.0,0.0
2012-02-02 00:00:00-05:00,14.387723241710562,14.420818245863641,14.313261060422787,14.338082313537598,82400,0.0,0.0,0.0
2012-02-03 00:00:00-05:00,14.453905344022138,14.627650883646481,14.429085679830063,14.619377136230469,72800,0.0,0.0,0.0
2012-02-06 00:00:00-05:00,14.536651024089077,14.627660728863773,14.511831343191997,14.602839469909668,76200,0.0,0.0,0.0
2012-02-07 00:00:00-05:00,14.60283511757752,14.718666046783255,14.561467943040402,14.69384479522705,96800,0.0,0.0,0.0
2012-02-08 00:00:00-05:00,14.726939882261192,14.793128315828739,14.68557270305275,14.768308639526367,75100,0.0,0.0,0.0
2012-02-09 00:00:00-05:00,14.908957749967637,14.933777423759324,14.80140057001509,14.867588996887207,62200,0.0,0.0,0.0
2012-02-10 00:00:00-05:00,14.586284235470504,14.586284235470504,14.45390741396852,14.511823654174805,69800,0.0,0.0,0.0
2012-02-13 00:00:00-05:00,14.644211121597081,14.710399580465179,14.578022662728984,14.627663612365723,85600,0.0,0.0,0.0
2012-02-14 00:00:00-05:00,14.627659496157513,14.660752927250437,14.561471055914774,14.644207000732422,38400,0.0,0.0,0.0
2012-02-15 00:00:00-05:00,14.817951061351973,14.817951061351973,14.619385740667255,14.65247917175293,34400,0.0,0.0,0.0
2012-02-16 00:00:00-05:00,14.644201515428493,14.892407678853532,14.611106518675127,14.842766761779785,51900,0.0,0.0,0.0
2012-02-17 00:00:00-05:00,14.933779742223056,14.975148501725972,14.908960064578125,14.958600997924805,51400,0.0,0.0,0.0
2012-02-21 00:00:00-05:00,14.991692870135532,15.124069716745677,14.991692870135532,15.008238792419434,53400,0.0,0.0,0.0
2012-02-22 00:00:00-05:00,15.016513711979254,15.04133496442276,14.884136855060449,14.900684356689453,29800,0.0,0.0,0.0
2012-02-23 00:00:00-05:00,14.842766761779785,14.851040510968126,14.743483349575989,14.842766761779785,47700,0.0,0.0,0.0
2012-02-24 00:00:00-05:00,14.958601276678968,14.983422532843262,14.90068659035246,14.908960342407227,27600,0.0,0.0,0.0
2012-02-27 00:00:00-05:00,14.718662079725734,14.842765147944682,14.677293338281997,14.826217651367188,30300,0.0,0.0,0.0
2012-02-28 00:00:00-05:00,14.826220840690732,14.884135513114074,14.76830616826739,14.834494590759277,49300,0.0,0.0,0.0
2012-02-29 00:00:00-05:00,14.77658281516061,14.801402492175463,14.536648750305176,14.536648750305176,79400,0.0,0.0,0.0
2012-03-01 00:00:00-05:00,14.627656484324618,14.867588939031148,14.627656484324618,14.809674263000488,61000,0.0,0.0,0.0
2012-03-02 00:00:00-05:00,14.834494465935927,14.834494465935927,14.718665122063879,14.726937294006348,33800,0.0,0.0,0.0
2012-03-05 00:00:00-05:00,14.693847936400253,14.693847936400253,14.578018560489681,14.644207000732422,35900,0.0,0.0,0.0
2012-03-06 00:00:00-05:00,14.329805134296842,14.329805134296842,14.106418643875566,14.131239891052246,196000,0.0,0.0,0.0
2012-03-07 00:00:00-05:00,14.255347379709654,14.41254550433422,14.222253951295242,14.395998001098633,110600,0.0,0.0,0.0
2012-03-08 00:00:00-05:00,14.5035522950093,14.726937231811066,14.453909795225398,14.669022560119629,61400,0.0,0.0,0.0
2012-03-09 00:00:00-05:00,14.652475685107952,14.726937859903108,14.561467587735606,14.660749435424805,45100,0.0,0.0,0.0
2012-03-12 00:00:00-04:00,14.702121685466778,14.702121685466778,14.578018557295941,14.65247917175293,29800,0.0,0.0,0.0
2012-03-13 00:00:00-04:00,14.735214705370858,14.908960342407227,14.702121275208647,14.908960342407227,29200,0.0,0.0,0.0
2012-03-14 00:00:00-04:00,14.91723331277299,14.91723331277299,14.743487684841195,14.751761436462402,210400,0.0,0.0,0.0
2012-03-15 00:00:00-04:00,14.793122149375565,14.925500539385993,14.768302483419172,14.917226791381836,45700,0.0,0.0,0.0
2012-03-16 00:00:00-04:00,15.016510862677613,15.041332110411421,14.92550277709961,14.92550277709961,64700,0.0,0.0,0.0
2012-03-19 00:00:00-04:00,14.958596196021707,15.00823711343301,14.900681529365801,14.92550277709961,43600,0.0,0.0,0.0
2012-03-20 00:00:00-04:00,14.768310241964038,14.83449868271337,14.693848048863925,14.793129920959473,27800,0.0,0.0,0.0
2012-03-21 00:00:00-04:00,14.817949241989002,14.817949241989002,14.710393631595235,14.760034561157227,24400,0.0,0.0,0.0
2012-03-22 00:00:00-04:00,14.602839469909668,14.61938697587907,14.520103518119672,14.602839469909668,72300,0.0,0.0,0.0
2012-03-23 00:00:00-04:00,14.61938261861499,14.69384479522705,14.544920442002931,14.69384479522705,24500,0.0,0.0,0.0
2012-03-26 00:00:00-04:00,14.76830564050621,14.958597151113054,14.76830564050621,14.933775901794434,42300,0.0,0.0,0.0
2012-03-27 00:00:00-04:00,14.917232128944601,14.950325554746373,14.842769948319816,14.859315872192383,114500,0.0,0.0,0.0
2012-03-28 00:00:00-04:00,14.93378093167669,14.96687594191499,14.77658436721559,14.851046562194824,55800,0.0,0.0,0.0
2012-03-29 00:00:00-04:00,14.768307767695031,14.867589623156984,14.669024334176438,14.859315872192383,47800,0.0,0.0,0.0
2012-03-30 00:00:00-04:00,14.966880168138818,14.999973609664828,14.89241795213356,14.975153923034668,45700,0.0,0.0,0.0
2012-04-02 00:00:00-04:00,14.900688658761883,15.181989955444777,14.892414905558613,15.132349014282227,68800,0.0,0.0,0.0
2012-04-03 00:00:00-04:00,15.0330599202788,15.074427092735784,14.817947151778249,14.892409324645996,66400,0.0,0.0,0.0
2012-04-04 00:00:00-04:00,14.685580534328214,14.685580534328214,14.503562639468253,14.578024864196777,32700,0.0,0.0,0.0
2012-04-05 00:00:00-04:00,14.445635203793062,14.536644870039058,14.362900865085455,14.478730201721191,51100,0.0,0.0,0.0
2012-04-09 00:00:00-04:00,14.263620730847192,14.329809163874408,14.197432297819976,14.29671573638916,34100,0.0,0.0,0.0
2012-04-10 00:00:00-04:00,14.329811506692204,14.329811506692204,14.007143040187717,14.040236473083496,106800,0.0,0.0,0.0
2012-04-11 00:00:00-04:00,14.271896011590828,14.304991020679216,14.222255076015138,14.238801002502441,49900,0.0,0.0,0.0
2012-04-12 00:00:00-04:00,14.247072443439562,14.503553988094309,14.247072443439562,14.470458984375,25500,0.0,0.0,0.0
2012-04-13 00:00:00-04:00,14.35463130083352,14.35463130083352,14.189159419060681,14.213980674743652,58000,0.0,0.0,0.0
2012-04-16 00:00:00-04:00,14.33808192975962,14.33808192975962,14.197431321987043,14.271893501281738,19400,0.0,0.0,0.0
2012-04-17 00:00:00-04:00,14.412540249020221,14.578012064925796,14.395992751818426,14.511823654174805,36200,0.0,0.0,0.0
2012-04-18 00:00:00-04:00,14.429090827879127,14.47873175203026,14.404269576775297,14.43736457824707,92600,0.0,0.0,0.0
2012-04-19 00:00:00-04:00,14.453912331149688,14.495281088227713,14.28016828559216,14.354630470275879,21600,0.0,0.0,0.0
2012-04-20 00:00:00-04:00,14.478736331253188,14.627660728863773,14.453915072299083,14.602839469909668,47000,0.0,0.0,0.0
2012-04-23 00:00:00-04:00,14.379449818758232,14.379449818758232,14.20570577716033,14.346356391906738,35600,0.0,0.0,0.0
2012-04-24 00:00:00-04:00,14.213978228895694,14.362902581253962,14.18088322701317,14.313260078430176,23600,0.0,0.0,0.0
2012-04-25 00:00:00-04:00,14.528369903564453,14.528369903564453,14.453907742519965,14.528369903564453,22200,0.0,0.0,0.0
2012-04-26 00:00:00-04:00,14.462183094969301,14.578014012802711,14.437363423906458,14.54491901397705,21200,0.0,0.0,0.0
2012-04-27 00:00:00-04:00,14.652475685107952,14.702118187009066,14.57801508836931,14.660749435424805,19500,0.0,0.0,0.0
2012-04-30 00:00:00-04:00,14.635934481848475,14.71867043363847,14.528377271104375,14.602839469909668,68000,0.0,0.0,0.0
2012-05-01 00:00:00-04:00,14.553194074723605,14.718665927645814,14.536646573820075,14.586287498474121,72200,0.0,0.0,0.0
2012-05-02 00:00:00-04:00,14.487007818218691,14.54492250199572,14.404271879370032,14.536648750305176,64000,0.0,0.0,0.0
2012-05-03 00:00:00-04:00,14.561469877340993,14.561469877340993,14.379450497863044,14.395998001098633,29000,0.0,0.0,0.0
2012-05-04 00:00:00-04:00,14.379449105787067,14.379449105787067,14.213978823620666,14.271893501281738,36800,0.0,0.0,0.0
2012-05-07 00:00:00-04:00,14.222250378737677,14.321532217098584,14.189155380579795,14.28843879699707,28000,0.0,0.0,0.0
2012-05-08 00:00:00-04:00,14.180883820353419,14.271893501281738,14.03195946176403,14.271893501281738,40700,0.0,0.0,0.0
2012-05-09 00:00:00-04:00,13.990592414789798,14.147790525646041,13.899582733021981,14.081602096557617,57000,0.0,0.0,0.0
2012-05-10 00:00:00-04:00,14.18915778664818,14.247072465188749,14.131243108107611,14.164338111877441,24000,0.0,0.0,0.0
2012-05-11 00:00:00-04:00,14.073330023113854,14.288442837805436,14.073330023113854,14.189159393310547,24000,0.0,0.0,0.0
2012-05-14 00:00:00-04:00,14.007140104693306,14.023687606701804,13.90785667069897,13.949225425720215,49100,0.0,0.0,0.0
2012-05-15 00:00:00-04:00,13.858214856899354,13.8830361083255,13.709290504455566,13.709290504455566,46000,0.0,0.0,0.0
2012-05-16 00:00:00-04:00,13.758931914801058,13.825120342883345,13.552092879786837,13.5603666305542,51200,0.0,0.0,0.0
2012-05-17 00:00:00-04:00,13.585189596265856,13.585189596265856,13.328709602355957,13.328709602355957,40800,0.0,0.0,0.0
2012-05-18 00:00:00-04:00,13.436263872866785,13.461085125811206,13.262519836425781,13.262519836425781,30000,0.0,0.0,0.0
2012-05-21 00:00:00-04:00,13.295614468074428,13.552094459533691,13.295614468074428,13.552094459533691,31200,0.0,0.0,0.0
2012-05-22 00:00:00-04:00,13.610010039406985,13.709291899098398,13.469359423130228,13.502452850341797,28000,0.0,0.0,0.0
2012-05-23 00:00:00-04:00,13.502453527199561,13.568641962997331,13.303888219806248,13.552094459533691,49000,0.0,0.0,0.0
2012-05-24 00:00:00-04:00,13.626554131277938,13.634827881482227,13.477631361770221,13.585186958312988,30400,0.0,0.0,0.0
2012-05-25 00:00:00-04:00,13.576915362792995,13.610010368862396,13.485905674158886,13.510726928710938,30500,0.0,0.0,0.0
2012-05-29 00:00:00-04:00,13.543822915935085,13.601737602695303,13.469360724941415,13.53554916381836,40400,0.0,0.0,0.0
2012-05-30 00:00:00-04:00,13.444538311983438,13.444538311983438,13.312161445617676,13.312161445617676,28400,0.0,0.0,0.0
2012-05-31 00:00:00-04:00,13.370076152332436,13.378349903752818,13.196331317646228,13.345254898071289,53200,0.0,0.0,0.0
2012-06-01 00:00:00-04:00,13.146688235176704,13.154961196214508,13.055678562506758,13.088772773742676,31500,0.0,0.0,0.0
2012-06-04 00:00:00-04:00,13.17151042399614,13.17151042399614,12.948123877081887,13.055680274963379,40500,0.0,0.0,0.0
2012-06-05 00:00:00-04:00,13.01430766599578,13.138411521911621,13.01430766599578,13.138411521911621,21900,0.0,0.0,0.0
2012-06-06 00:00:00-04:00,13.295615382796894,13.52727571305544,13.295615382796894,13.519001960754395,29100,0.0,0.0,0.0
2012-06-07 00:00:00-04:00,13.560366126470841,13.560366126470841,13.378348350524902,13.378348350524902,66000,0.0,0.0,0.0
2012-06-08 00:00:00-04:00,13.353529723690686,13.494180353038098,13.295615037145904,13.485906600952148,28700,0.0,0.0,0.0
2012-06-11 00:00:00-04:00,13.552094819807127,13.552094819807127,13.221152632020395,13.229426383972168,48000,0.0,0.0,0.0
2012-06-12 00:00:00-04:00,13.32871030083775,13.403172492980957,13.212880136500711,13.403172492980957,24300,0.0,0.0,0.0
2012-06-13 00:00:00-04:00,13.32870955016059,13.419717663610218,13.262521113989592,13.279067039489746,82000,0.0,0.0,0.0
2012-06-14 00:00:00-04:00,13.353526178136597,13.452809598749939,13.295611506968996,13.4114408493042,47400,0.0,0.0,0.0
2012-06-15 00:00:00-04:00,13.542009156849222,13.617335662873648,13.508530000227676,13.608965873718262,25700,0.186,0.0,0.0
2012-06-18 00:00:00-04:00,13.449942543521502,13.600595549645101,13.416464984590695,13.575486183166504,47100,0.0,0.0,0.0
2012-06-19 00:00:00-04:00,13.709403433519379,13.851686690482238,13.709403433519379,13.784729957580566,30800,0.0,0.0,0.0
2012-06-20 00:00:00-04:00,13.893529350884094,13.918637116611443,13.726136796291124,13.860050201416016,51700,0.0,0.0,0.0
2012-06-21 00:00:00-04:00,13.910268883178592,13.91863707414637,13.525266647338867,13.525266647338867,73500,0.0,0.0,0.0
2012-06-22 00:00:00-04:00,13.642443089978071,13.642443089978071,13.550378604338286,13.617335319519043,14200,0.0,0.0,0.0
2012-06-25 00:00:00-04:00,13.357880592346191,13.374619375986118,13.307662645052027,13.357880592346191,21100,0.0,0.0,0.0
2012-06-26 00:00:00-04:00,13.399725185153569,13.475051686968607,13.34950725121455,13.433202743530273,11300,0.0,0.0,0.0
2012-06-27 00:00:00-04:00,13.466682505163956,13.583856359323864,13.466682505163956,13.550378799438477,24700,0.0,0.0,0.0
2012-06-28 00:00:00-04:00,13.500155413896858,13.650808372412351,13.449938293182855,13.63407039642334,52800,0.0,0.0,0.0
2012-06-29 00:00:00-04:00,13.709400170631966,13.851683393730896,13.709400170631966,13.818205833435059,48300,0.0,0.0,0.0
2012-07-02 00:00:00-04:00,13.826573868107628,13.90190036468243,13.776355139475195,13.876791000366211,28200,0.0,0.0,0.0
2012-07-03 00:00:00-04:00,13.860050375434259,14.035812719601012,13.860050375434259,14.027442932128906,14800,0.0,0.0,0.0
2012-07-05 00:00:00-04:00,13.81820286095463,13.910268925618134,13.751246158392183,13.860050201416016,14700,0.0,0.0,0.0
2012-07-06 00:00:00-04:00,13.701031760903678,13.701031760903678,13.608965677893256,13.675922393798828,18200,0.0,0.0,0.0
2012-07-09 00:00:00-04:00,13.642444875791657,13.659184455871582,13.58385794188614,13.659184455871582,24400,0.0,0.0,0.0
2012-07-10 00:00:00-04:00,13.759613339055429,13.79309088580761,13.491786579544355,13.516894340515137,58100,0.0,0.0,0.0
2012-07-11 00:00:00-04:00,13.516899916546071,13.533639495014326,13.391356270782302,13.45831298828125,15600,0.0,0.0,0.0
2012-07-12 00:00:00-04:00,13.324398080092978,13.424833943423906,13.249071581688254,13.366246223449707,81000,0.0,0.0,0.0
2012-07-13 00:00:00-04:00,13.399725789019145,13.575486570259008,13.399725789019145,13.550378799438477,164200,0.0,0.0,0.0
2012-07-16 00:00:00-04:00,13.575485572140884,13.642442283362799,13.49179088039393,13.567115783691406,59500,0.0,0.0,0.0
2012-07-17 00:00:00-04:00,13.634075311060789,13.717770010295494,13.48342229823982,13.692662239074707,65200,0.0,0.0,0.0
2012-07-18 00:00:00-04:00,13.60896623174267,13.860053527513656,13.575487074240357,13.809836387634277,34600,0.0,0.0,0.0
2012-07-19 00:00:00-04:00,13.860048731681283,13.977224146020438,13.860048731681283,13.935375213623047,34600,0.0,0.0,0.0
2012-07-20 00:00:00-04:00,13.751244210213843,13.751244210213843,13.575481893154604,13.63407039642334,114000,0.0,0.0,0.0
2012-07-23 00:00:00-04:00,13.39135456085205,13.424833713513635,13.249071354788043,13.39135456085205,98200,0.0,0.0,0.0
2012-07-24 00:00:00-04:00,13.36624987376169,13.3997282379526,13.198858052807148,13.265814781188965,31600,0.0,0.0,0.0
2012-07-25 00:00:00-04:00,13.374615518091897,13.41646446058841,13.257441671849511,13.316028594970703,33900,0.0,0.0,0.0
2012-07-26 00:00:00-04:00,13.583856575871092,13.701032028272989,13.583856575871092,13.692662239074707,65400,0.0,0.0,0.0
2012-07-27 00:00:00-04:00,13.784720971685411,14.11113622862722,13.767982996651863,14.069287300109863,73700,0.0,0.0,0.0
2012-07-30 00:00:00-04:00,13.97722587488174,14.060920557281744,13.910269171137493,14.002333641052246,27300,0.0,0.0,0.0
2012-07-31 00:00:00-04:00,13.985592336126375,14.027441268523766,13.92700542714357,13.935375213623047,23900,0.0,0.0,0.0
2012-08-01 00:00:00-04:00,13.918645787035985,14.019081701631649,13.793102091072432,13.843320846557617,32200,0.0,0.0,0.0
2012-08-02 00:00:00-04:00,13.634074016786785,13.675921362431597,13.466681441459723,13.592225074768066,23400,0.0,0.0,0.0
2012-08-03 00:00:00-04:00,13.801464807388488,14.0441838786629,13.784725230809448,13.993965148925781,26100,0.0,0.0,0.0
2012-08-06 00:00:00-04:00,14.069290273115703,14.102769423004126,14.027442932128906,14.027442932128906,14800,0.0,0.0,0.0
2012-08-07 00:00:00-04:00,14.127881844556466,14.236687521174447,14.127881844556466,14.1781005859375,33800,0.0,0.0,0.0
2012-08-08 00:00:00-04:00,14.086035383494163,14.127882740925848,14.035818235301267,14.094405174255371,49100,0.0,0.0,0.0
2012-08-09 00:00:00-04:00,14.060922322745903,14.144618612028403,14.0525541305542,14.0525541305542,12100,0.0,0.0,0.0
2012-08-10 00:00:00-04:00,13.968859351263971,14.07766342163086,13.968859351263971,14.07766342163086,21900,0.0,0.0,0.0
2012-08-13 00:00:00-04:00,14.044187015861281,14.077664580123711,13.97723029096218,14.01070785522461,14600,0.0,0.0,0.0
2012-08-14 00:00:00-04:00,14.203208520330437,14.203208520330437,14.12788200378418,14.12788200378418,21100,0.0,0.0,0.0
2012-08-15 00:00:00-04:00,14.111143253744471,14.211577539439729,14.111143253744471,14.169730186462402,30700,0.0,0.0,0.0
2012-08-16 00:00:00-04:00,14.270160915104524,14.43755347803708,14.270160915104524,14.412444114685059,55300,0.0,0.0,0.0
2012-08-17 00:00:00-04:00,14.454293053605094,14.454293053605094,14.362226984354809,14.412444114685059,42100,0.0,0.0,0.0
2012-08-20 00:00:00-04:00,14.32874771007028,14.37896483437422,14.286898776172329,14.34548568725586,49100,0.0,0.0,0.0
2012-08-21 00:00:00-04:00,14.387340705415518,14.445927641274874,14.303644398598891,14.337121963500977,42700,0.0,0.0,0.0
2012-08-22 00:00:00-04:00,14.286905344153537,14.378971444680088,14.261797568645811,14.370601654052734,28400,0.0,0.0,0.0
2012-08-23 00:00:00-04:00,14.312011794429658,14.312011794429658,14.203206134859622,14.28690242767334,44500,0.0,0.0,0.0
2012-08-24 00:00:00-04:00,14.211575358754956,14.3203810139991,14.18646758937088,14.261794090270996,36000,0.0,0.0,0.0
2012-08-27 00:00:00-04:00,14.286905633692484,14.337122782099973,14.270166052098533,14.278535842895508,32100,0.0,0.0,0.0
2012-08-28 00:00:00-04:00,14.245054244995117,14.286901590763604,14.228314668138156,14.245054244995117,31100,0.0,0.0,0.0
2012-08-29 00:00:00-04:00,14.219946594867238,14.270163735121214,14.18646903348929,14.203207015991211,71400,0.0,0.0,0.0
2012-08-30 00:00:00-04:00,14.178099298901467,14.178099298901467,14.05255564959379,14.07766342163086,37700,0.0,0.0,0.0
2012-08-31 00:00:00-04:00,14.20320625779203,14.20320625779203,14.086032404663058,14.136249542236328,49300,0.0,0.0,0.0
2012-09-04 00:00:00-04:00,14.20320667255636,14.236685829498885,14.09440260524129,14.211576461791992,54900,0.0,0.0,0.0
2012-09-05 00:00:00-04:00,14.211576660156988,14.211576660156988,14.08603301261832,14.144619941711426,65400,0.0,0.0,0.0
2012-09-06 00:00:00-04:00,14.21994687010586,14.471035768983974,14.186469308079927,14.429186820983887,176500,0.0,0.0,0.0
2012-09-07 00:00:00-04:00,14.546362324246541,14.655168004951756,14.546362324246541,14.621688842773438,56400,0.0,0.0,0.0
2012-09-10 00:00:00-04:00,14.546359939428644,14.655165602295602,14.529621957457929,14.5714693069458,399900,0.0,0.0,0.0
2012-09-11 00:00:00-04:00,14.630058816528404,14.738864498596177,14.588211459655774,14.663537979125977,339000,0.0,0.0,0.0
2012-09-12 00:00:00-04:00,14.730486322800239,14.738856108685235,14.671899417978691,14.697007179260254,49400,0.0,0.0,0.0
2012-09-13 00:00:00-04:00,14.722123352525227,14.964840870062531,14.680276000100433,14.86440658569336,96100,0.0,0.0,0.0
2012-09-14 00:00:00-04:00,14.897882876072469,15.04853588613456,14.897882876072469,14.973209381103516,126400,0.0,0.0,0.0
2012-09-17 00:00:00-04:00,14.956474412009523,14.956474412009523,14.805821371602002,14.822559356689453,27200,0.0,0.0,0.0
2012-09-18 00:00:00-04:00,14.822553152006348,14.881141662597656,14.772336025016054,14.881141662597656,32800,0.0,0.0,0.0
2012-09-19 00:00:00-04:00,14.906253272478361,14.99831935935069,14.881145500694341,14.981579780578613,46800,0.0,0.0,0.0
2012-09-20 00:00:00-04:00,14.872776985168457,14.889516565374286,14.814190050822285,14.872776985168457,68800,0.0,0.0,0.0
2012-09-21 00:00:00-04:00,14.938349547095957,14.980381401966971,14.862690925598145,14.862690925598145,32200,0.078,0.0,0.0
2012-09-24 00:00:00-04:00,14.75340340691746,14.820655327046646,14.694558177230956,14.79543685913086,84800,0.0,0.0,0.0
2012-09-25 00:00:00-04:00,14.829060160261236,14.871093607210263,14.677742958068848,14.677742958068848,46900,0.0,0.0,0.0
2012-09-26 00:00:00-04:00,14.576867973916556,14.627306514046388,14.450770821885833,14.484395980834961,42200,0.0,0.0,0.0
2012-09-27 00:00:00-04:00,14.518022166828153,14.669339384622612,14.459176938444134,14.635712623596191,31800,0.0,0.0,0.0
2012-09-28 00:00:00-04:00,14.55164914583766,14.602089293690764,14.501210601396973,14.543242454528809,38800,0.0,0.0,0.0
2012-10-01 00:00:00-04:00,14.62730221882246,14.71977418475019,14.568457005381836,14.618895530700684,44000,0.0,0.0,0.0
2012-10-02 00:00:00-04:00,14.652523643526948,14.652523643526948,14.560051669014127,14.60208511352539,21900,0.0,0.0,0.0
2012-10-03 00:00:00-04:00,14.61049427680601,14.635714350551693,14.526430571145214,14.56005573272705,35200,0.0,0.0,0.0
2012-10-04 00:00:00-04:00,14.635710064498019,14.728182037739455,14.62730337571135,14.694555282592773,14800,0.0,0.0,0.0
2012-10-05 00:00:00-04:00,14.8290619318019,14.837468622196004,14.677744711532535,14.702964782714844,19800,0.0,0.0,0.0
2012-10-08 00:00:00-04:00,14.686147432263084,14.686147432263084,14.593677069747166,14.618895530700684,18500,0.0,0.0,0.0
2012-10-09 00:00:00-04:00,14.593678779077734,14.593678779077734,14.36670298343995,14.375109672546387,38000,0.0,0.0,0.0
2012-10-10 00:00:00-04:00,14.400325916459098,14.400325916459098,14.265822118315596,14.316262245178223,52800,0.0,0.0,0.0
2012-10-11 00:00:00-04:00,14.400333072134922,14.467585004624858,14.349894523620605,14.349894523620605,33100,0.0,0.0,0.0
2012-10-12 00:00:00-04:00,14.408736635005356,14.484395243052472,14.324672940208293,14.391924858093262,35400,0.0,0.0,0.0
2012-10-15 00:00:00-04:00,14.40032658152209,14.45076671071424,14.299449529961446,14.425546646118164,65500,0.0,0.0,0.0
2012-10-16 00:00:00-04:00,14.543240241596882,14.635712228511077,14.475988324771695,14.593680381774902,50100,0.0,0.0,0.0
2012-10-17 00:00:00-04:00,14.61049139916872,14.7197767604631,14.602086312988007,14.66933822631836,19600,0.0,0.0,0.0
2012-10-18 00:00:00-04:00,14.618895530700684,14.694554120384861,14.585270381625389,14.618895530700684,22600,0.0,0.0,0.0
2012-10-19 00:00:00-04:00,14.593680906935539,14.593680906935539,14.40873692645185,14.450770378112793,21000,0.0,0.0,0.0
2012-10-22 00:00:00-04:00,14.501209465237489,14.50961615588768,14.366705621658994,14.467582702636719,26700,0.0,0.0,0.0
2012-10-23 00:00:00-04:00,14.257418285136632,14.257418285136632,14.122914460062669,14.206979751586914,49600,0.0,0.0,0.0
2012-10-24 00:00:00-04:00,14.291047816395826,14.299454507520839,14.223795890808105,14.223795890808105,26300,0.0,0.0,0.0
2012-10-25 00:00:00-04:00,14.35829935897438,14.560055130355684,14.307860816982139,14.341485977172852,32700,0.0,0.0,0.0
2012-10-26 00:00:00-04:00,14.341485074771207,14.375111836258382,14.28263984558089,14.333078384399414,27200,0.0,0.0,0.0
2012-10-31 00:00:00-04:00,14.223795786879172,14.274234329848328,14.114512009877274,14.240609169006348,44800,0.0,0.0,0.0
2012-11-01 00:00:00-04:00,14.274226728332193,14.408730506896973,14.240601585396757,14.408730506896973,39200,0.0,0.0,0.0
2012-11-02 00:00:00-04:00,14.391920116087707,14.391920116087707,14.26582140861608,14.2742280960083,18300,0.0,0.0,0.0
2012-11-05 00:00:00-05:00,14.240606554353537,14.34148362177027,14.181761331125097,14.30785846710205,25400,0.0,0.0,0.0
2012-11-06 00:00:00-05:00,14.307859207164139,14.42554965970846,14.299452517209236,14.40032958984375,19800,0.0,0.0,0.0
2012-11-07 00:00:00-05:00,14.324674580895877,14.324674580895877,14.13973058297036,14.223795890808105,52800,0.0,0.0,0.0
2012-11-08 00:00:00-05:00,14.190165063764116,14.215385129918829,14.04725456237793,14.04725456237793,310200,0.0,0.0,0.0
2012-11-09 00:00:00-05:00,14.022038664404965,14.080883892784078,13.963193436025852,13.988411903381348,40400,0.0,0.0,0.0
2012-11-12 00:00:00-05:00,13.946383091453107,13.971603167710889,13.879131158178252,13.904351234436035,127500,0.0,0.0,0.0
2012-11-13 00:00:00-05:00,13.879124641418457,13.988408380397646,13.879124641418457,13.879124641418457,103500,0.0,0.0,0.0
2012-11-14 00:00:00-05:00,13.95478647801597,13.963193168110573,13.744624035887453,13.76143741607666,53800,0.0,0.0,0.0
2012-11-15 00:00:00-05:00,13.778244923838228,13.82868504877761,13.668961193292947,13.786651611328125,40100,0.0,0.0,0.0
2012-11-16 00:00:00-05:00,13.828687767934271,13.828687767934271,13.677370570185767,13.811874389648438,38000,0.0,0.0,0.0
2012-11-19 00:00:00-05:00,13.929562633787748,14.038847971996661,13.929562633787748,14.030441284179688,32700,0.0,0.0,0.0
2012-11-20 00:00:00-05:00,14.080882616006583,14.206979751586914,14.030444082456865,14.206979751586914,72300,0.0,0.0,0.0
2012-11-21 00:00:00-05:00,14.24060616012797,14.282638003152686,14.139727492091804,14.156540870666504,19400,0.0,0.0,0.0
2012-11-23 00:00:00-05:00,14.324673415974729,14.526429176330566,14.31626672553337,14.526429176330566,39100,0.0,0.0,0.0
2012-11-26 00:00:00-05:00,14.433958053588867,14.484396595860382,14.400331289799622,14.433958053588867,81200,0.0,0.0,0.0
2012-11-27 00:00:00-05:00,14.417142224038857,14.417142224038857,14.28263839854183,14.30785846710205,41400,0.0,0.0,0.0
2012-11-28 00:00:00-05:00,14.324672525659787,14.55164673982042,14.316265835740927,14.518021583557129,183800,0.0,0.0,0.0
2012-11-29 00:00:00-05:00,14.627304778354333,14.677743312499073,14.56005286502398,14.66933822631836,32900,0.0,0.0,0.0
2012-11-30 00:00:00-05:00,14.67774620338209,14.67774620338209,14.56005573272705,14.56005573272705,82200,0.0,0.0,0.0
2012-12-03 00:00:00-05:00,14.719777014527596,14.7281837042655,14.59367987528325,14.627305030822754,47000,0.0,0.0,0.0
2012-12-04 00:00:00-05:00,14.711371473108947,14.711371473108947,14.618899482186059,14.702964782714844,29900,0.0,0.0,0.0
2012-12-05 00:00:00-05:00,14.72817679443846,14.736583480232309,14.60207971435344,14.660924911499023,42800,0.0,0.0,0.0
2012-12-06 00:00:00-05:00,14.635712623596191,14.644119313852796,14.551647324442357,14.635712623596191,27100,0.0,0.0,0.0
2012-12-07 00:00:00-05:00,14.627303977082093,14.660930733611266,14.576865445700335,14.64411735534668,20600,0.0,0.0,0.0
2012-12-10 00:00:00-05:00,14.69455518333125,14.7197752495209,14.65252334309376,14.711368560791016,34700,0.0,0.0,0.0
2012-12-11 00:00:00-05:00,14.845877542284747,14.938349547095957,14.803845687413732,14.862690925598145,45500,0.0,0.0,0.0
2012-12-12 00:00:00-05:00,14.854283489233053,14.913128724467304,14.803844945234038,14.829063415527344,54300,0.0,0.0,0.0
2012-12-13 00:00:00-05:00,14.845876797997818,14.887908650761595,14.787031562763566,14.829063415527344,50400,0.0,0.0,0.0
2012-12-14 00:00:00-05:00,14.887904167175293,14.938344299396347,14.862685704476686,14.887904167175293,27900,0.0,0.0,0.0
2012-12-17 00:00:00-05:00,14.921529880441497,15.022408534430184,14.921529880441497,15.014001846313477,40900,0.0,0.0,0.0
2012-12-18 00:00:00-05:00,14.963560554297482,15.24938151439767,14.963560554297482,15.224163055419922,144100,0.0,0.0,0.0
2012-12-19 00:00:00-05:00,15.266200439697746,15.266200439697746,15.14010328872846,15.148509979248047,26400,0.0,0.0,0.0
2012-12-20 00:00:00-05:00,15.165319845127174,15.21575837314132,15.131693090843145,15.207351684570312,30100,0.0,0.0,0.0
2012-12-21 00:00:00-05:00,15.024294523851271,15.159268409498358,14.94837151204783,15.1423978805542,45300,0.063,0.0,0.0
2012-12-24 00:00:00-05:00,14.98211688316129,15.125526848271553,14.374734353349687,15.091782569885254,36200,0.0,0.0,0.0
2012-12-26 00:00:00-05:00,15.12552671449213,15.184577592130118,15.032731558766297,15.083346366882324,34300,0.0,0.0,0.0
2012-12-27 00:00:00-05:00,15.133959941687298,15.142396009624871,14.973677868904282,15.066473007202148,89700,0.0,0.0,0.0
2012-12-28 00:00:00-05:00,15.04960159494043,15.04960159494043,14.9483703838376,14.973678588867188,73700,0.0,0.0,0.0
2012-12-31 00:00:00-05:00,14.982118167623835,15.260502052114484,14.93993781602471,15.193015098571777,24900,0.0,0.0,0.0
2013-01-02 00:00:00-05:00,15.462953567504883,15.496697828390397,15.403902719970151,15.462953567504883,32400,0.0,0.0,0.0
2013-01-03 00:00:00-05:00,15.420779948976538,15.462958680014042,15.311112673854305,15.327984809875488,23700,0.0,0.0,0.0
2013-01-04 00:00:00-05:00,15.327987853680938,15.437653541564941,15.285809114267652,15.437653541564941,42000,0.0,0.0,0.0
2013-01-07 00:00:00-05:00,15.34485694589667,15.35329301390726,15.268933942816801,15.327984809875488,22200,0.0,0.0,0.0
2013-01-08 00:00:00-05:00,15.294240980374742,15.302677048629432,15.193011379349455,15.27737045288086,25200,0.0,0.0,0.0
2013-01-09 00:00:00-05:00,15.201447007747525,15.35329301390726,15.201447007747525,15.327984809875488,22000,0.0,0.0,0.0
2013-01-10 00:00:00-05:00,15.437645646652978,15.488262038882295,15.344852145595794,15.479825973510742,46700,0.0,0.0,0.0
2013-01-11 00:00:00-05:00,15.4376535211884,15.513576539244717,15.395474781830787,15.496706008911133,42600,0.0,0.0,0.0
2013-01-14 00:00:00-05:00,15.41234179926966,15.44608445773906,15.37016146491387,15.395469665527344,18300,0.0,0.0,0.0
2013-01-15 00:00:00-05:00,15.294240902515279,15.429216384887695,15.294240902515279,15.429216384887695,31400,0.0,0.0,0.0
2013-01-16 00:00:00-05:00,15.361725398042712,15.437648390867901,15.311110605830997,15.395469665527344,40600,0.0,0.0,0.0
2013-01-17 00:00:00-05:00,15.462962724804099,15.656987512754194,15.462962724804099,15.597936630249023,34900,0.0,0.0,0.0
2013-01-18 00:00:00-05:00,15.682291984558105,15.682291984558105,15.547318111292583,15.682291984558105,45600,0.0,0.0,0.0
2013-01-22 00:00:00-05:00,15.775085526702481,15.876315116882324,15.70759859691081,15.876315116882324,97100,0.0,0.0,0.0
2013-01-23 00:00:00-05:00,15.825700213342976,15.851008415222168,15.775085418599904,15.851008415222168,53500,0.0,0.0,0.0
2013-01-24 00:00:00-05:00,15.935367987994553,16.02816313153578,15.91006139176733,15.960676193237305,57400,0.0,0.0,0.0
2013-01-25 00:00:00-05:00,16.028160231329984,16.05346843199336,15.97754543901847,16.036596298217773,53900,0.0,0.0,0.0
2013-01-28 00:00:00-05:00,16.078777933005757,16.078777933005757,15.901625323353079,15.960676193237305,23500,0.0,0.0,0.0
2013-01-29 00:00:00-05:00,15.994415827950244,16.070338820280373,15.893186244186884,16.028160095214844,35600,0.0,0.0,0.0
2013-01-30 00:00:00-05:00,16.011287577324367,16.011287577324367,15.910057995990439,15.926928520202637,30000,0.0,0.0,0.0
2013-01-31 00:00:00-05:00,15.901623152585005,15.969110081670683,15.893187085322381,15.943801879882812,33700,0.0,0.0,0.0
2013-02-01 00:00:00-05:00,16.036600396793965,16.07034306395372,15.9691134534588,15.994420051574707,42100,0.0,0.0,0.0
2013-02-04 00:00:00-05:00,15.935365979323121,15.977546316077493,15.825700321792402,15.876315116882324,41700,0.0,0.0,0.0
2013-02-05 00:00:00-05:00,15.994417217977777,16.053469690822904,15.960674556795922,15.977546691894531,30700,0.0,0.0,0.0
2013-02-06 00:00:00-05:00,15.9437980410561,16.095643997192383,15.9437980410561,16.095643997192383,86800,0.0,0.0,0.0
2013-02-07 00:00:00-05:00,16.12095607436728,16.12095607436728,15.876314950797136,15.943801879882812,38300,0.0,0.0,0.0
2013-02-08 00:00:00-05:00,16.01128782546748,16.045032092445215,15.901622175820261,16.019723892211914,51300,0.0,0.0,0.0
2013-02-11 00:00:00-05:00,15.969112261651556,16.00285492629303,15.926931919580303,15.960676193237305,36300,0.0,0.0,0.0
2013-02-12 00:00:00-05:00,15.943801036068564,16.095647020728823,15.867878043738433,16.028160095214844,48100,0.0,0.0,0.0
2013-02-13 00:00:00-05:00,16.120952583002165,16.18843949747199,16.08720832125977,16.1378231048584,27800,0.0,0.0,0.0
2013-02-14 00:00:00-05:00,15.935365812620189,15.985982216195929,15.893187085322381,15.943801879882812,66200,0.0,0.0,0.0
2013-02-15 00:00:00-05:00,16.053475573050637,16.07034610531549,15.96068040502215,15.98598861694336,21500,0.0,0.0,0.0
2013-02-19 00:00:00-05:00,16.078781260772384,16.163140353358855,16.04503858914731,16.087217330932617,60600,0.0,0.0,0.0
2013-02-20 00:00:00-05:00,16.129394794094058,16.129394794094058,15.893189698942821,15.910061836242676,38700,0.0,0.0,0.0
2013-02-21 00:00:00-05:00,15.808830031894168,15.817266100229485,15.665420088224801,15.716034889221191,97000,0.0,0.0,0.0
2013-02-22 00:00:00-05:00,15.910061017355565,15.935367612987248,15.842574080645258,15.918497085571289,19700,0.0,0.0,0.0
2013-02-25 00:00:00-05:00,16.07033943407066,16.07033943407066,15.51357187506135,15.522007942199707,43300,0.0,0.0,0.0
2013-02-26 00:00:00-05:00,15.690728052764136,15.758214989396897,15.564190247704646,15.682291984558105,62300,0.0,0.0,0.0
2013-02-27 00:00:00-05:00,15.749776326342774,16.070338820280373,15.716032059078174,16.028160095214844,34800,0.0,0.0,0.0
2013-02-28 00:00:00-05:00,16.053468295663297,16.112519154361124,15.960673169700865,16.028160095214844,62500,0.0,0.0,0.0
2013-03-01 00:00:00-05:00,15.91005976051546,16.011289353076386,15.817264626488479,15.977546691894531,27800,0.0,0.0,0.0
2013-03-04 00:00:00-05:00,16.002854711643565,16.112521990542305,15.98598418405688,16.10408592224121,28700,0.0,0.0,0.0
2013-03-05 00:00:00-05:00,16.137830401116215,16.306548568079343,16.112523802382725,16.25593376159668,58800,0.0,0.0,0.0
2013-03-06 00:00:00-05:00,16.306548568079343,16.340292845078245,16.230625553847503,16.25593376159668,35100,0.0,0.0,0.0
2013-03-07 00:00:00-05:00,16.23906846418811,16.255940609795353,16.196889709186376,16.205324172973633,35500,0.0,0.0,0.0
2013-03-08 00:00:00-05:00,16.22218717718946,16.281238044522585,16.18000844595593,16.230623245239258,30400,0.0,0.0,0.0
2013-03-11 00:00:00-04:00,16.25593144938865,16.272803585488244,16.188444514005727,16.230623245239258,31600,0.0,0.0,0.0
2013-03-12 00:00:00-04:00,16.239063375785094,16.239063375785094,16.04503858914731,16.087217330932617,31600,0.0,0.0,0.0
2013-03-13 00:00:00-04:00,16.10408415052252,16.129392352641485,16.03659722055395,16.112520217895508,15200,0.0,0.0,0.0
2013-03-14 00:00:00-04:00,16.095649374473417,16.230623245239258,16.095649374473417,16.230623245239258,34600,0.0,0.0,0.0
2013-03-15 00:00:00-04:00,16.18844591069658,16.222188576791527,16.137829498030765,16.180009841918945,17200,0.0,0.0,0.0
2013-03-18 00:00:00-04:00,16.019728345968083,16.17157437155324,15.960677471355112,16.078779220581055,35600,0.0,0.0,0.0
2013-03-19 00:00:00-04:00,16.15469484479762,16.21374569240286,15.969106236750454,16.095643997192383,58700,0.0,0.0,0.0
2013-03-20 00:00:00-04:00,16.230625420233196,16.27280576613458,16.18844668334748,16.24749755859375,27500,0.0,0.0,0.0
2013-03-21 00:00:00-04:00,16.196881979474217,16.272804989457345,16.137829498030765,16.180009841918945,18900,0.0,0.0,0.0
2013-03-22 00:00:00-04:00,16.171581490775516,16.24750453699173,16.171581490775516,16.205324172973633,33100,0.0,0.0,0.0
2013-03-25 00:00:00-04:00,16.213748600288262,16.239056800521563,15.960673034016088,16.019723892211914,82800,0.0,0.0,0.0
2013-03-26 00:00:00-04:00,16.07033988103057,16.163135013118104,16.053469355299924,16.112520217895508,27300,0.0,0.0,0.0
2013-03-27 00:00:00-04:00,15.926928631497766,16.011287689208984,15.842571182801743,16.011287689208984,37100,0.0,0.0,0.0
2013-03-28 00:00:00-04:00,16.02816382195269,16.18844591069658,16.01972775317505,16.180009841918945,35000,0.0,0.0,0.0
2013-04-01 00:00:00-04:00,16.078775601092268,16.12939200423685,15.910059084322889,15.935365676879883,31200,0.0,0.0,0.0
2013-04-02 00:00:00-04:00,15.960676639126664,16.028163579310505,15.901625767592748,15.910061836242676,23600,0.0,0.0,0.0
2013-04-03 00:00:00-04:00,16.002852799451382,16.002852799451382,15.83413628063604,15.851008415222168,27100,0.0,0.0,0.0
2013-04-04 00:00:00-04:00,15.91005976051546,15.994417217977777,15.884751557867549,15.977546691894531,28300,0.0,0.0,0.0
2013-04-05 00:00:00-04:00,15.825702758758979,15.910061836242676,15.77508795587499,15.910061836242676,18100,0.0,0.0,0.0
2013-04-08 00:00:00-04:00,15.825699642319732,15.893186569213867,15.80039144135371,15.893186569213867,19600,0.0,0.0,0.0
2013-04-09 00:00:00-04:00,15.977546691894531,16.036597555724295,15.884751557867549,15.977546691894531,31000,0.0,0.0,0.0
2013-04-10 00:00:00-04:00,16.129393646672607,16.24749538133885,16.129393646672607,16.230623245239258,46400,0.0,0.0,0.0
2013-04-11 00:00:00-04:00,16.28967679982123,16.37403588522016,16.272806269954025,16.298112869262695,39400,0.0,0.0,0.0
2013-04-12 00:00:00-04:00,16.29811236465974,16.314984503020295,16.19688275252776,16.24749755859375,37600,0.0,0.0,0.0
2013-04-15 00:00:00-04:00,16.163134721533122,16.188442923195524,15.842572212219238,15.842572212219238,25500,0.0,0.0,0.0
2013-04-16 00:00:00-04:00,15.985985678624523,16.08721528967086,15.926933194995895,16.078779220581055,32900,0.0,0.0,0.0
2013-04-17 00:00:00-04:00,15.977551034746758,15.977551034746758,15.724473766524886,15.791960716247559,44600,0.0,0.0,0.0
2013-04-18 00:00:00-04:00,15.775090427805504,15.775090427805504,15.606372246400252,15.648550987243652,33500,0.0,0.0,0.0
2013-04-19 00:00:00-04:00,15.716034648366742,15.741342852984836,15.665419848146042,15.682291984558105,22500,0.0,0.0,0.0
2013-04-22 00:00:00-04:00,15.6485513856925,15.724474408356459,15.57262836302854,15.673859596252441,28800,0.0,0.0,0.0
2013-04-23 00:00:00-04:00,15.834135411620858,15.977545329701645,15.834135411620858,15.952237129211426,23400,0.0,0.0,0.0
2013-04-24 00:00:00-04:00,15.952237238355096,16.087211090529287,15.893186379155791,16.036596298217773,35200,0.0,0.0,0.0
2013-04-25 00:00:00-04:00,16.13783277411428,16.239064010980908,16.12939831263999,16.146268844604492,19000,0.0,0.0,0.0
2013-04-26 00:00:00-04:00,16.213755799510267,16.230627940490695,16.120962242149776,16.146268844604492,24800,0.0,0.0,0.0
2013-04-29 00:00:00-04:00,16.188443932909315,16.348724393055704,16.188443932909315,16.33185386657715,19200,0.0,0.0,0.0
2013-04-30 00:00:00-04:00,16.306553768197126,16.382476806640625,16.247502873633557,16.382476806640625,50700,0.0,0.0,0.0
2013-05-01 00:00:00-04:00,16.38246897938982,16.38246897938982,16.1968803124301,16.2137508392334,34100,0.0,0.0,0.0
2013-05-02 00:00:00-04:00,16.281233383335547,16.35715636503212,16.22218253290821,16.314977645874023,23700,0.0,0.0,0.0
2013-05-03 00:00:00-04:00,16.4499572970732,16.559622971086842,16.4499572970732,16.475265502929688,22800,0.0,0.0,0.0
2013-05-06 00:00:00-04:00,16.4921364041668,16.53431674821497,16.458393737943872,16.517444610595703,13000,0.0,0.0,0.0
2013-05-07 00:00:00-04:00,16.542754993869924,16.551191063789652,16.44995983376873,16.534318923950195,13900,0.0,0.0,0.0
2013-05-08 00:00:00-04:00,16.584933361665883,16.677728519681278,16.576497291935777,16.669292449951172,23700,0.0,0.0,0.0
2013-05-09 00:00:00-04:00,16.568059951758215,16.66085510265803,16.52588121535775,16.551189422607422,44700,0.0,0.0,0.0
2013-05-10 00:00:00-04:00,16.576494351688112,16.584930419921875,16.483700819147707,16.584930419921875,8900,0.0,0.0,0.0
2013-05-13 00:00:00-04:00,16.576496658648036,16.610240936279297,16.525881851216862,16.610240936279297,36300,0.0,0.0,0.0
2013-05-14 00:00:00-04:00,16.711467267694154,16.83800506591797,16.711467267694154,16.83800506591797,59000,0.0,0.0,0.0
2013-05-15 00:00:00-04:00,16.854880683059786,16.964547977451893,16.838008544073965,16.956111907958984,23300,0.0,0.0,0.0
2013-05-16 00:00:00-04:00,16.913930655431592,17.015161874913915,16.88018798828125,16.88018798828125,17400,0.0,0.0,0.0
2013-05-17 00:00:00-04:00,16.981417238831437,17.023597583144923,16.838007286196806,17.015161514282227,15400,0.0,0.0,0.0
2013-05-20 00:00:00-04:00,17.04047341861864,17.200753934743595,17.04047341861864,17.167011260986328,26300,0.0,0.0,0.0
2013-05-21 00:00:00-04:00,17.133257981293145,17.293540022267663,17.133257981293145,17.21761703491211,26500,0.0,0.0,0.0
2013-05-22 00:00:00-04:00,17.141700609755823,17.31041878158257,16.91393156049443,16.956111907958984,19000,0.0,0.0,0.0
2013-05-23 00:00:00-04:00,16.829569758705684,16.939235415899994,16.694595899536385,16.92236328125,36000,0.0,0.0,0.0
2013-05-24 00:00:00-04:00,16.854875428435175,16.8801836290239,16.74520977724783,16.846439361572266,26900,0.0,0.0,0.0
2013-05-28 00:00:00-04:00,16.972984046944806,17.08264973232118,16.905497100017254,16.956111907958984,33100,0.0,0.0,0.0
2013-05-29 00:00:00-04:00,16.78739370347272,16.821137981378715,16.74521496510596,16.79582977294922,27500,0.0,0.0,0.0
2013-05-30 00:00:00-04:00,16.91393333080118,17.023600636671677,16.905498869441203,16.947677612304688,30500,0.0,0.0,0.0
2013-05-31 00:00:00-04:00,16.80426634760132,16.897061505616715,16.669292449951172,16.669292449951172,30500,0.0,0.0,0.0
2013-06-03 00:00:00-04:00,16.745215231086856,16.812702178955078,16.70303488303437,16.812702178955078,119400,0.0,0.0,0.0
2013-06-04 00:00:00-04:00,16.795828730783406,16.846443535486067,16.576495765051042,16.711469650268555,24800,0.0,0.0,0.0
2013-06-05 00:00:00-04:00,16.64397957326822,16.64397957326822,16.40777612312719,16.441518783569336,71800,0.0,0.0,0.0
2013-06-06 00:00:00-04:00,16.475272459816928,16.593374252319336,16.424656026730542,16.593374252319336,43800,0.0,0.0,0.0
2013-06-07 00:00:00-04:00,16.669285616073864,16.770515193302675,16.627105284715924,16.736772537231445,49900,0.0,0.0,0.0
2013-06-10 00:00:00-04:00,16.770515056226582,16.770515056226582,16.618670691624484,16.728336334228516,58400,0.0,0.0,0.0
2013-06-11 00:00:00-04:00,16.525880410607098,16.576495213626032,16.433085264226072,16.500572204589844,23900,0.0,0.0,0.0
2013-06-12 00:00:00-04:00,16.601798391440965,16.601798391440965,16.374029433317,16.390901565551758,25500,0.0,0.0,0.0
2013-06-13 00:00:00-04:00,16.49213671440278,16.711469680532346,16.483702254450087,16.694599151611328,24100,0.0,0.0,0.0
2013-06-14 00:00:00-04:00,16.576495483247534,16.643982424708998,16.500572472976437,16.517444610595703,28800,0.0,0.0,0.0
2013-06-17 00:00:00-04:00,16.71990456508687,16.74521277019905,16.53431588797744,16.601802825927734,27200,0.0,0.0,0.0
2013-06-18 00:00:00-04:00,16.627113095335194,16.770523071289062,16.627113095335194,16.770523071289062,15500,0.0,0.0,0.0
2013-06-19 00:00:00-04:00,16.753655926918157,16.753655926918157,16.382476806640625,16.382476806640625,32300,0.0,0.0,0.0
2013-06-20 00:00:00-04:00,16.1968839689273,16.1968839689273,15.84257708182527,15.867883682250977,58600,0.0,0.0,0.0
2013-06-21 00:00:00-04:00,15.893343578031512,15.893343578031512,15.570895240122683,15.706663131713867,35700,0.11,0.0,0.0
2013-06-24 00:00:00-04:00,15.553918534203717,15.596345378898151,15.358752459040707,15.528461456298828,34300,0.0,0.0,0.0
2013-06-25 00:00:00-04:00,15.621801901347588,15.706657206199687,15.54543228882873,15.689685821533203,30600,0.0,0.0,0.0
2013-06-26 00:00:00-04:00,15.79151248931885,15.876366175573846,15.74908402771103,15.791512489318848,25500,0.0,0.0,0.0
2013-06-27 00:00:00-04:00,15.867876522413486,15.96121586817091,15.867876522413486,15.952730178833008,4800,0.0,0.0,0.0
2013-06-28 00:00:00-04:00,15.944243354611842,16.020611308505714,15.876357851631564,15.961213111877441,37500,0.0,0.0,0.0
2013-07-01 00:00:00-04:00,16.037588325926368,16.130929306880113,16.02910263506875,16.0545597076416,20000,0.0,0.0,0.0
2013-07-02 00:00:00-04:00,16.029096996378247,16.08849519300652,15.918786290994237,15.961213111877441,24800,0.0,0.0,0.0
2013-07-03 00:00:00-04:00,15.95273303583024,16.063045398499217,15.918791890879815,16.0545597076416,10600,0.0,0.0,0.0
2013-07-05 00:00:00-04:00,16.122440443014575,16.13092613220215,15.961215585410107,16.13092613220215,42000,0.0,0.0,0.0
2013-07-08 00:00:00-04:00,16.249733070574113,16.309131314886063,16.232761681204764,16.25821876525879,22000,0.0,0.0,0.0
2013-07-09 00:00:00-04:00,16.292156863591476,16.42792470258138,16.292156863591476,16.39398193359375,33100,0.0,0.0,0.0
2013-07-10 00:00:00-04:00,16.368530692046356,16.512782641963746,16.368530692046356,16.453384399414062,28300,0.0,0.0,0.0
2013-07-11 00:00:00-04:00,16.72491758236373,16.86068705398766,16.69946212144963,16.84371566772461,26700,0.0,0.0,0.0
2013-07-12 00:00:00-04:00,16.784322048425945,16.784322048425945,16.674009625870845,16.72492218017578,61000,0.0,0.0,0.0
2013-07-15 00:00:00-04:00,16.852197563921706,16.894624401539755,16.75037088776624,16.86916732788086,18500,0.0,0.0,0.0
2013-07-16 00:00:00-04:00,16.928568635545325,16.928568635545325,16.78431510925293,16.78431510925293,13100,0.0,0.0,0.0
2013-07-17 00:00:00-04:00,16.928571081952658,16.937055156654523,16.818258689062592,16.852201461791992,40800,0.0,0.0,0.0
2013-07-18 00:00:00-04:00,16.920090024173806,16.98797396974951,16.920090024173806,16.97100257873535,21400,0.0,0.0,0.0
2013-07-19 00:00:00-04:00,16.970995579014645,17.047365188598633,16.95402419500037,17.047365188598633,15500,0.0,0.0,0.0
2013-07-22 00:00:00-04:00,17.055854997387378,17.098281849183405,17.03039791522137,17.072826385498047,130500,0.0,0.0,0.0
2013-07-23 00:00:00-04:00,17.064343610832292,17.064343610832292,16.97100257873535,16.97100257873535,46200,0.0,0.0,0.0
2013-07-24 00:00:00-04:00,17.02191046999754,17.02191046999754,16.84371576860964,16.852201461791992,27600,0.0,0.0,0.0
2013-07-25 00:00:00-04:00,16.86068262731848,17.03039158995151,16.86068262731848,17.02190589904785,16200,0.0,0.0,0.0
2013-07-26 00:00:00-04:00,16.954021990298628,17.02190589904785,16.886138081549408,17.02190589904785,74800,0.0,0.0,0.0
2013-07-29 00:00:00-04:00,16.920081475198646,16.9370512391578,16.826740490262814,16.86916732788086,42000,0.0,0.0,0.0
2013-07-30 00:00:00-04:00,16.89462407183137,16.89462407183137,16.79279901614319,16.818254470825195,31100,0.0,0.0,0.0
2013-07-31 00:00:00-04:00,16.792806435762465,16.928574315653517,16.792806435762465,16.80129051208496,33200,0.0,0.0,0.0
2013-08-01 00:00:00-04:00,16.894623772453066,17.064334353566146,16.894623772453066,17.02190589904785,103400,0.0,0.0,0.0
2013-08-02 00:00:00-04:00,17.030397715495827,17.05585479736328,16.987970864197365,17.05585479736328,19000,0.0,0.0,0.0
2013-08-05 00:00:00-04:00,17.123740753465963,17.14071214338254,17.07282820219706,17.089797973632812,11400,0.0,0.0,0.0
2013-08-06 00:00:00-04:00,17.038886524311057,17.038886524311057,16.962516883228272,16.97100257873535,47400,0.0,0.0,0.0
2013-08-07 00:00:00-04:00,17.072827687429996,17.072827687429996,16.996458053588867,16.996458053588867,22900,0.0,0.0,0.0
2013-08-08 00:00:00-04:00,17.106760666962572,17.225557099024254,17.055848141576135,17.183130264282227,74500,0.0,0.0,0.0
2013-08-09 00:00:00-04:00,17.208593368530273,17.276477299001613,17.200107674911287,17.208593368530273,74600,0.0,0.0,0.0
2013-08-12 00:00:00-04:00,17.234043636368288,17.276472091674805,17.20010249060315,17.276472091674805,48600,0.0,0.0,0.0
2013-08-13 00:00:00-04:00,17.225557306176334,17.251014378415693,17.140703635671834,17.200101852416992,68900,0.0,0.0,0.0
2013-08-14 00:00:00-04:00,17.166167609776583,17.208596084568022,17.089797973632812,17.089797973632812,47800,0.0,0.0,0.0
2013-08-15 00:00:00-04:00,16.903110092759384,16.9370512391578,16.80976910782355,16.86916732788086,28600,0.0,0.0,0.0
2013-08-16 00:00:00-04:00,16.8861467430324,16.945544991345354,16.86069127574449,16.903118133544922,69600,0.0,0.0,0.0
2013-08-19 00:00:00-04:00,16.945536371188958,16.945536371188958,16.775827407836914,16.775827407836914,22900,0.0,0.0,0.0
2013-08-20 00:00:00-04:00,16.73339895313886,16.835225625934132,16.724913262199248,16.775827407836914,55200,0.0,0.0,0.0
2013-08-21 00:00:00-04:00,16.81825625859689,16.94553840097718,16.775829417296876,16.78431510925293,70700,0.0,0.0,0.0
2013-08-22 00:00:00-04:00,16.85219693641482,17.064334353566146,16.85219693641482,17.02190589904785,81000,0.0,0.0,0.0
2013-08-23 00:00:00-04:00,17.089792030154065,17.089792030154065,16.95402419500037,17.047365188598633,31200,0.0,0.0,0.0
2013-08-26 00:00:00-04:00,17.013427215756504,17.02191291015531,16.920087814331055,16.920087814331055,33000,0.0,0.0,0.0
2013-08-27 00:00:00-04:00,16.71643355669601,16.75886040399748,16.614606857299805,16.614606857299805,23300,0.0,0.0,0.0
2013-08-28 00:00:00-04:00,16.65703293967928,16.81825786528599,16.65703293967928,16.758859634399414,59100,0.0,0.0,0.0
2013-08-29 00:00:00-04:00,16.69946212144963,16.90311390116481,16.69946212144963,16.84371566772461,25200,0.0,0.0,0.0
2013-08-30 00:00:00-04:00,16.767346300623384,16.767346300623384,16.63157844543457,16.63157844543457,35800,0.0,0.0,0.0
2013-09-03 00:00:00-04:00,16.869167430676903,16.928567269576288,16.82674059280032,16.877653121948242,161100,0.0,0.0,0.0
2013-09-04 00:00:00-04:00,16.886142366843384,17.072824377139153,16.87765667378626,17.06433868408203,28900,0.0,0.0,0.0
2013-09-05 00:00:00-04:00,17.072819522864947,17.23404278966866,17.072819522864947,17.183130264282227,46900,0.0,0.0,0.0
2013-09-06 00:00:00-04:00,17.267985656128694,17.31041249112596,17.0813036977887,17.19161605834961,16200,0.0,0.0,0.0
2013-09-09 00:00:00-04:00,17.28496105586933,17.480127131796323,17.28496105586933,17.46315574645996,41600,0.0,0.0,0.0
2013-09-10 00:00:00-04:00,17.66680346333067,17.675289154052734,17.573462483867996,17.675289154052734,67200,0.0,0.0,0.0
2013-09-11 00:00:00-04:00,17.581957962232472,17.743182938743438,17.581957962232472,17.726211547851562,32100,0.0,0.0,0.0
2013-09-12 00:00:00-04:00,17.751662685154326,17.8110609148891,17.683778762817383,17.683778762817383,33600,0.0,0.0,0.0
2013-09-13 00:00:00-04:00,17.666813298210922,17.751668634189375,17.666813298210922,17.726211547851562,13700,0.0,0.0,0.0
2013-09-16 00:00:00-04:00,17.94681917029202,17.99773168022127,17.912878036499023,17.912878036499023,39700,0.0,0.0,0.0
2013-09-17 00:00:00-04:00,17.836518276203012,17.997741582765624,17.836518276203012,17.96380043029785,83100,0.0,0.0,0.0
2013-09-18 00:00:00-04:00,17.99773872348017,18.39655812635908,17.887427972384387,18.320188522338867,49800,0.0,0.0,0.0
2013-09-19 00:00:00-04:00,18.430498859480856,18.430498859480856,18.243818508557755,18.286245346069336,54500,0.0,0.0,0.0
2013-09-20 00:00:00-04:00,18.325544632125904,18.342630147984806,18.15467643737793,18.15467643737793,30300,0.146,0.0,0.0
2013-09-23 00:00:00-04:00,18.12050953966962,18.146140268194944,18.026533460784492,18.129053115844727,57300,0.0,0.0,0.0
2013-09-24 00:00:00-04:00,18.060705798632913,18.24011763591814,18.060705798632913,18.163227081298828,49600,0.0,0.0,0.0
2013-09-25 00:00:00-04:00,18.103414963354396,18.24865242665718,18.103414963354396,18.18030548095703,41600,0.0,0.0,0.0
2013-09-26 00:00:00-04:00,18.137593837761514,18.231571531378194,18.111964742789898,18.197397232055664,32700,0.0,0.0,0.0
2013-09-27 00:00:00-04:00,18.146138920591618,18.180313222754137,18.086335521327623,18.120508193969727,53900,0.0,0.0,0.0
2013-09-30 00:00:00-04:00,17.89837650970825,18.077786654992572,17.872745790587658,18.035070419311523,15700,0.0,0.0,0.0
2013-10-01 00:00:00-04:00,18.09487764430369,18.22302800808505,18.09487764430369,18.171768188476562,84100,0.0,0.0,0.0
2013-10-02 00:00:00-04:00,18.146137412592147,18.205940806886296,18.12050668810025,18.197397232055664,9400,0.0,0.0,0.0
2013-10-03 00:00:00-04:00,18.103423063562662,18.18031361556926,17.983814632929928,18.060705184936523,36400,0.0,0.0,0.0
2013-10-04 00:00:00-04:00,18.03506703662869,18.137586634842453,18.03506703662869,18.111957550048828,60000,0.0,0.0,0.0
2013-10-07 00:00:00-04:00,18.000895708564695,18.05215551609396,17.924005182510843,17.958179473876953,16700,0.0,0.0,0.0
2013-10-08 00:00:00-04:00,18.043613097471813,18.043613097471813,17.74459457397461,17.74459457397461,9800,0.0,0.0,0.0
2013-10-09 00:00:00-04:00,17.838573354687764,17.92400746445997,17.795857114561713,17.898378372192383,48900,0.0,0.0,0.0
2013-10-10 00:00:00-04:00,18.060700845838856,18.240112633923907,18.01798460699578,18.2059383392334,21300,0.0,0.0,0.0
2013-10-11 00:00:00-04:00,18.18885573813286,18.282831804561436,18.137594287876926,18.248659133911133,30100,0.0,0.0,0.0
2013-10-14 00:00:00-04:00,18.205936157866997,18.39389149710458,18.205936157866997,18.37680435180664,20100,0.0,0.0,0.0
2013-10-15 00:00:00-04:00,18.171770657314365,18.274290310459776,18.120509201221154,18.163227081298828,55000,0.0,0.0,0.0
2013-10-16 00:00:00-04:00,18.18885741652841,18.29137706745975,18.094879711907627,18.22303009033203,15900,0.0,0.0,0.0
2013-10-17 00:00:00-04:00,18.248652913680466,18.40243395298987,18.223022197288977,18.393890380859375,41500,0.0,0.0,0.0
2013-10-18 00:00:00-04:00,18.530591403831206,18.58185122681187,18.445157279183164,18.539134979248047,12700,0.0,0.0,0.0
2013-10-21 00:00:00-04:00,18.51350520525753,18.60748291015625,18.51350520525753,18.60748291015625,65600,0.0,0.0,0.0
2013-10-22 00:00:00-04:00,18.633110659712834,18.667284960664777,18.547676536853334,18.59893798828125,62000,0.0,0.0,0.0
2013-10-23 00:00:00-04:00,18.53912777593244,18.64164738206013,18.487866343348838,18.616018295288086,11500,0.0,0.0,0.0
2013-10-24 00:00:00-04:00,18.684371161448283,18.692913106731737,18.607480617734975,18.66728401184082,10900,0.0,0.0,0.0
2013-10-25 00:00:00-04:00,18.752712818925804,18.906492233276367,18.718538529390248,18.906492233276367,112600,0.0,0.0,0.0
2013-10-28 00:00:00-04:00,18.786887892074734,18.863778423886338,18.7441716541883,18.76125717163086,35800,0.0,0.0,0.0
2013-10-29 00:00:00-04:00,18.667289309695917,18.880873851844566,18.667289309695917,18.863786697387695,28900,0.0,0.0,0.0
2013-10-30 00:00:00-04:00,18.880865570848922,18.880865570848922,18.70145378678184,18.76125717163086,28900,0.0,0.0,0.0
2013-10-31 00:00:00-04:00,18.761264459279616,18.838155020958684,18.684375527121205,18.795438766479492,14600,0.0,0.0,0.0
2013-11-01 00:00:00-04:00,18.735635537163013,18.735635537163013,18.59039798921909,18.710004806518555,76900,0.0,0.0,0.0
2013-11-04 00:00:00-05:00,18.633107431708623,18.761257779036892,18.633107431708623,18.72708511352539,9600,0.0,0.0,0.0
2013-11-05 00:00:00-05:00,18.67582297882961,18.735626358180394,18.522041929344812,18.650192260742188,76300,0.0,0.0,0.0
2013-11-06 00:00:00-05:00,18.66728187504176,18.684369022693296,18.616022061607236,18.641651153564453,22000,0.0,0.0,0.0
2013-11-07 00:00:00-05:00,18.59893791529303,18.74417543472811,18.33409197251589,18.351179122924805,64500,0.0,0.0,0.0
2013-11-08 00:00:00-05:00,18.368261015882165,18.56475830078125,18.325544781606673,18.56475830078125,18300,0.0,0.0,0.0
2013-11-11 00:00:00-05:00,18.581844006899015,18.658734526254662,18.556213290607214,18.616018295288086,26400,0.0,0.0,0.0
2013-11-12 00:00:00-05:00,18.641655923275678,18.65874307529919,18.55622179267864,18.57330894470215,47700,0.0,0.0,0.0
2013-11-13 00:00:00-05:00,18.48787651976322,18.795438766479492,18.48787651976322,18.795438766479492,30500,0.0,0.0,0.0
2013-11-14 00:00:00-05:00,18.675823629415063,18.923580728144795,18.675823629415063,18.915037155151367,100300,0.0,0.0,0.0
2013-11-15 00:00:00-05:00,18.838152549496254,18.9663045551623,18.838152549496254,18.940673828125,33600,0.0,0.0,0.0
2013-11-18 00:00:00-05:00,18.983389289475948,19.05173626255293,18.855238918646652,18.923585891723633,51200,0.0,0.0,0.0
2013-11-19 00:00:00-05:00,18.880869472463566,18.99193269163084,18.84669517147649,18.872325897216797,18300,0.0,0.0,0.0
2013-11-20 00:00:00-05:00,18.9235893399937,18.9235893399937,18.692917652755582,18.710004806518555,50900,0.0,0.0,0.0
2013-11-21 00:00:00-05:00,18.744172113481294,18.838148165038177,18.650194432404348,18.812519073486328,11400,0.0,0.0,0.0
2013-11-22 00:00:00-05:00,18.78689501204998,18.915045403796547,18.78689501204998,18.88087272644043,27700,0.0,0.0,0.0
2013-11-25 00:00:00-05:00,18.803972244262695,18.94920971281843,18.78688509983972,18.803972244262695,62800,0.0,0.0,0.0
2013-11-26 00:00:00-05:00,18.718543621943383,18.855237558234833,18.718543621943383,18.77834701538086,40400,0.0,0.0,0.0
2013-11-27 00:00:00-05:00,18.79542867205121,18.82960296089716,18.761254383205255,18.803972244262695,36200,0.0,0.0,0.0
2013-11-29 00:00:00-05:00,18.829609874876322,18.94067309536702,18.821066299527747,18.89795684814453,5700,0.0,0.0,0.0
2013-12-02 00:00:00-05:00,18.863779184474176,18.880866332125716,18.624564005912916,18.641651153564453,85600,0.0,0.0,0.0
2013-12-03 00:00:00-05:00,18.453696183532053,18.54767223028898,18.351174934000884,18.410978317260742,33500,0.0,0.0,0.0
2013-12-04 00:00:00-05:00,18.410975895600604,18.4195194677311,18.197391480897487,18.393890380859375,32000,0.0,0.0,0.0
2013-12-05 00:00:00-05:00,18.42806836824097,18.42806836824097,18.308461582869878,18.317005157470703,17300,0.0,0.0,0.0
2013-12-06 00:00:00-05:00,18.453701581965515,18.581851959228516,18.402441756964404,18.581851959228516,22100,0.0,0.0,0.0
2013-12-09 00:00:00-05:00,18.581850837805277,18.633110659712834,18.547676536853334,18.59893798828125,36300,0.0,0.0,0.0
2013-12-10 00:00:00-05:00,18.539135709981,18.65874251149041,18.522048558473813,18.581851959228516,17100,0.0,0.0,0.0
2013-12-11 00:00:00-05:00,18.70999516204098,18.70999516204098,18.42806378836233,18.436607360839844,171100,0.0,0.0,0.0
2013-12-12 00:00:00-05:00,18.470787556494553,18.556220049545733,18.445156830866985,18.487873077392578,25300,0.0,0.0,0.0
2013-12-13 00:00:00-05:00,18.487869492964766,18.573303598972334,18.46224040182652,18.513500213623047,18100,0.0,0.0,0.0
2013-12-16 00:00:00-05:00,18.52205100368787,18.786895368931262,18.52205100368787,18.710004806518555,98400,0.0,0.0,0.0
2013-12-17 00:00:00-05:00,18.692916751212962,18.795438039325617,18.624569768978056,18.752721786499023,19700,0.0,0.0,0.0
2013-12-18 00:00:00-05:00,18.795441385571802,19.094460097155533,18.701463657197262,19.08591651916504,18000,0.0,0.0,0.0
2013-12-19 00:00:00-05:00,18.974849138587555,19.000479869187203,18.84669874463065,18.9833927154541,39900,0.0,0.0,0.0
2013-12-20 00:00:00-05:00,18.91476396983342,19.08632711521567,18.91476396983342,18.983388900756836,49800,0.09,0.0,0.0
2013-12-23 00:00:00-05:00,19.1463727751229,19.16352941603921,19.094904488521284,19.154951095581055,26800,0.0,0.0,0.0
2013-12-24 00:00:00-05:00,19.15494869017272,19.30077684735417,19.15494869017272,19.25788688659668,22800,0.0,0.0,0.0
2013-12-26 00:00:00-05:00,19.326517637122805,19.44661087239868,19.28362602727598,19.386564254760742,23100,0.0,0.0,0.0
2013-12-27 00:00:00-05:00,19.498076418620155,19.5752796693103,19.480919777100706,19.506654739379883,31100,0.0,0.0,0.0
2013-12-30 00:00:00-05:00,19.515234883948555,19.566703177169526,19.44660994760475,19.540969848632812,22200,0.0,0.0,0.0
2013-12-31 00:00:00-05:00,19.703943713765792,19.82403852257498,19.64389712743458,19.815460205078125,42600,0.0,0.0,0.0
2014-01-02 00:00:00-05:00,19.695373746265005,19.695373746265005,19.472343941378774,19.54954719543457,21500,0.0,0.0,0.0
2014-01-03 00:00:00-05:00,19.58385991487006,19.703953145014815,19.566703271664366,19.669641494750977,33700,0.0,0.0,0.0
2014-01-06 00:00:00-05:00,19.695372411123383,19.695372411123383,19.558122554583296,19.592435836791992,127500,0.0,0.0,0.0
2014-01-07 00:00:00-05:00,19.652485825921058,19.678220792005543,19.58386088584339,19.66106414794922,24700,0.0,0.0,0.0
2014-01-08 00:00:00-05:00,19.59243814185378,19.6010164634152,19.44660994760475,19.540969848632812,49500,0.0,0.0,0.0
2014-01-09 00:00:00-05:00,19.532388337194828,19.5838566220104,19.47234173221878,19.566699981689453,29900,0.0,0.0,0.0
2014-01-10 00:00:00-05:00,19.652481973164807,19.729685220135384,19.601013687233525,19.6782169342041,20400,0.0,0.0,0.0
2014-01-13 00:00:00-05:00,19.652478171021972,19.678213127082355,19.446603430979895,19.480915069580078,74800,0.0,0.0,0.0
2014-01-14 00:00:00-05:00,19.601013377781175,19.73826322886262,19.566700096937172,19.695371627807617,16700,0.0,0.0,0.0
2014-01-15 00:00:00-05:00,19.729688246091982,19.781156539916992,19.566703406807296,19.781156539916992,25900,0.0,0.0,0.0
2014-01-16 00:00:00-05:00,19.678214148643484,19.83262062072754,19.678214148643484,19.83262062072754,23100,0.0,0.0,0.0
2014-01-17 00:00:00-05:00,19.712533459663867,19.8154716931581,19.712533459663867,19.798315048217773,46700,0.0,0.0,0.0
2014-01-21 00:00:00-05:00,19.77257525900506,19.84120018588355,19.695372011748336,19.824045181274414,56500,0.0,0.0,0.0
2014-01-22 00:00:00-05:00,19.763997761157132,19.944137573242188,19.763997761157132,19.944137573242188,23800,0.0,0.0,0.0
2014-01-23 00:00:00-05:00,19.875517869927304,19.875517869927304,19.643908076854366,19.703954696655273,44400,0.0,0.0,0.0
2014-01-24 00:00:00-05:00,19.558122340230472,19.558122340230472,19.13779445466474,19.154951095581055,76500,0.0,0.0,0.0
2014-01-27 00:00:00-05:00,19.275044237123012,19.352247484808398,18.889029634843393,19.009122848510742,83500,0.0,0.0,0.0
2014-01-28 00:00:00-05:00,19.12063851788657,19.395138214578175,19.12063851788657,19.326513290405273,64000,0.0,0.0,0.0
2014-01-29 00:00:00-05:00,19.223571600182026,19.223571600182026,19.009118546510965,19.112056732177734,35000,0.0,0.0,0.0
2014-01-30 00:00:00-05:00,19.189261967696417,19.326511805496942,19.12921373202995,19.25788688659668,72900,0.0,0.0,0.0
2014-01-31 00:00:00-05:00,18.983395004120926,19.180693175588207,18.880458392714285,19.094911575317383,43700,0.0,0.0,0.0
2014-02-03 00:00:00-05:00,19.12921535772848,19.12921535772848,18.64026256449201,18.657419204711914,42700,0.0,0.0,0.0
2014-02-04 00:00:00-05:00,18.68315755236864,18.940500657735452,18.68315755236864,18.8890323638916,126200,0.0,0.0,0.0
2014-02-05 00:00:00-05:00,18.871875762939453,18.91476573521438,18.768937538873036,18.871875762939453,21400,0.0,0.0,0.0
2014-02-06 00:00:00-05:00,18.914763031194635,19.19784106172451,18.914763031194635,19.154951095581055,34700,0.0,0.0,0.0
2014-02-07 00:00:00-05:00,19.18926205659181,19.41229181694052,19.18926205659181,19.403715133666992,19500,0.0,0.0,0.0
2014-02-10 00:00:00-05:00,19.300777981911878,19.412292868124815,19.26646470237115,19.360824584960938,27500,0.0,0.0,0.0
2014-02-11 00:00:00-05:00,19.532389229074123,19.703950731675558,19.472342621356255,19.592435836791992,50800,0.0,0.0,0.0
2014-02-12 00:00:00-05:00,19.57527407145272,19.703945573758194,19.57527407145272,19.63532066345215,18200,0.0,0.0,0.0
2014-02-13 00:00:00-05:00,19.506650226282837,19.781149882495733,19.506650226282837,19.772571563720703,31900,0.0,0.0,0.0
2014-02-14 00:00:00-05:00,19.746844814291006,20.029922883472953,19.746844814291006,19.97845458984375,214200,0.0,0.0,0.0
2014-02-18 00:00:00-05:00,20.132854296733253,20.14143261615815,19.978449455526572,20.021339416503906,58100,0.0,0.0,0.0
2014-02-19 00:00:00-05:00,20.07280390715009,20.24436699096249,19.99560068304919,20.004179000854492,49200,0.0,0.0,0.0
2014-02-20 00:00:00-05:00,20.012765031041134,20.321578046452952,20.012765031041134,20.312999725341797,29300,0.0,0.0,0.0
2014-02-21 00:00:00-05:00,20.270108202291425,20.355889777604695,20.21863991156245,20.2786865234375,56900,0.0,0.0,0.0
2014-02-24 00:00:00-05:00,20.278676518241333,20.536021117211156,20.278676518241333,20.381614685058594,35900,0.0,0.0,0.0
2014-02-25 00:00:00-05:00,20.45024442423797,20.475979381069713,20.295837955541593,20.355884552001953,38200,0.0,0.0,0.0
2014-02-26 00:00:00-05:00,20.30441661926713,20.51029136897583,20.28725998108797,20.32157325744629,30600,0.0,0.0,0.0
2014-02-27 00:00:00-05:00,20.484557146796288,20.673276901245117,20.484557146796288,20.673276901245117,62200,0.0,0.0,0.0
2014-02-28 00:00:00-05:00,20.76763468171729,20.827682916167372,20.681854761939928,20.759057998657227,45600,0.0,0.0,0.0
2014-03-03 00:00:00-05:00,20.475982705737014,20.60465423849393,20.35588785716956,20.458826065063477,48200,0.0,0.0,0.0
2014-03-04 00:00:00-05:00,20.647549730290738,20.84484624240037,20.647549730290738,20.767642974853516,57400,0.0,0.0,0.0
2014-03-05 00:00:00-05:00,20.853420569795894,20.88773385375286,20.767638996050913,20.836265563964844,30800,0.0,0.0,0.0
2014-03-06 00:00:00-05:00,20.990671470912435,21.085031370310933,20.9735164642334,20.9735164642334,19300,0.0,0.0,0.0
2014-03-07 00:00:00-05:00,21.076446952050507,21.076446952050507,20.91346216464043,21.007822036743164,30300,0.0,0.0,0.0
2014-03-10 00:00:00-04:00,20.93061765761967,20.973509249932533,20.776211197587273,20.904884338378906,51500,0.0,0.0,0.0
2014-03-11 00:00:00-04:00,20.999248398886383,21.09360829202348,20.819108569603642,20.870576858520508,53200,0.0,0.0,0.0
2014-03-12 00:00:00-04:00,20.767634298919862,20.879150810410263,20.733322658870783,20.81052589416504,67000,0.0,0.0,0.0
2014-03-13 00:00:00-04:00,20.759055147634164,20.870570009717675,20.433085607118915,20.553178787231445,59800,0.0,0.0,0.0
2014-03-14 00:00:00-04:00,20.381625689396124,20.544610526460243,20.304422431636674,20.45025062561035,39300,0.0,0.0,0.0
2014-03-17 00:00:00-04:00,20.55318501039752,20.73332647125705,20.55318501039752,20.630388259887695,57000,0.0,0.0,0.0
2014-03-18 00:00:00-04:00,20.733319791139753,20.86199128678395,20.630381612936294,20.819101333618164,43700,0.0,0.0,0.0
2014-03-19 00:00:00-04:00,20.86199509605005,20.956354973620495,20.501713860773158,20.63896369934082,17500,0.0,0.0,0.0
2014-03-20 00:00:00-04:00,20.57034678769105,20.630393410920988,20.45883186399942,20.58750343322754,16800,0.0,0.0,0.0
2014-03-21 00:00:00-04:00,20.561757411951945,20.767632139278547,20.518867457313988,20.53602409362793,29500,0.0,0.0,0.0
2014-03-24 00:00:00-04:00,20.673282215461743,20.72475050892939,20.44167244063601,20.561765670776367,51800,0.0,0.0,0.0
2014-03-25 00:00:00-04:00,20.5874906117118,20.699005465954002,20.527444025877788,20.66469383239746,40400,0.0,0.0,0.0
2014-03-26 00:00:00-04:00,20.793382118690435,20.793382118690435,20.433100676498974,20.441679000854492,22300,0.0,0.0,0.0
2014-03-27 00:00:00-04:00,20.45025004726992,20.45025004726992,20.355890149088562,20.407360076904297,22100,0.0,0.0,0.0
2014-03-28 00:00:00-04:00,20.467397440043776,20.750475370508944,20.467397440043776,20.66469383239746,49600,0.0,0.0,0.0
2014-03-31 00:00:00-04:00,20.724748716951133,20.870576899289965,20.724748716951133,20.85342025756836,27800,0.0,0.0,0.0
2014-04-01 00:00:00-04:00,21.033556993538557,21.033556993538557,20.904885481855672,21.007822036743164,77500,0.0,0.0,0.0
2014-04-02 00:00:00-04:00,20.947772163511527,21.102178607836038,20.947772163511527,21.08502197265625,53200,0.0,0.0,0.0
2014-04-03 00:00:00-04:00,20.999247459439868,20.999247459439868,20.784794356374967,20.861997604370117,21600,0.0,0.0,0.0
2014-04-04 00:00:00-04:00,20.999245024610538,21.102183222050996,20.741901985230108,20.784791946411133,32700,0.0,0.0,0.0
2014-04-07 00:00:00-04:00,20.784797081323944,20.784797081323944,20.501719013611787,20.578922271728516,26900,0.0,0.0,0.0
2014-04-08 00:00:00-04:00,20.493141663151537,20.62181485687532,20.415938401376316,20.570344924926758,38600,0.0,0.0,0.0
2014-04-09 00:00:00-04:00,20.724748286767365,20.95635803675929,20.630388395404573,20.92204475402832,52500,0.0,0.0,0.0
2014-04-10 00:00:00-04:00,20.956363131523176,21.00783143198487,20.58750343322754,20.58750343322754,64500,0.0,0.0,0.0
2014-04-11 00:00:00-04:00,20.458822743181884,20.544604296473985,20.34730623305804,20.355884552001953,26900,0.0,0.0,0.0
2014-04-14 00:00:00-04:00,20.295843165729647,20.381624741042913,20.1585932996874,20.2786865234375,56900,0.0,0.0,0.0
2014-04-15 00:00:00-04:00,20.252950358197644,20.36446524517562,19.978450664577483,20.270105361938477,55700,0.0,0.0,0.0
2014-04-16 00:00:00-04:00,20.424518572926445,20.58750343322754,20.398785240769485,20.58750343322754,25300,0.0,0.0,0.0
2014-04-17 00:00:00-04:00,20.60465194452716,20.72474514357703,20.578916986381987,20.690433502197266,27900,0.0,0.0,0.0
2014-04-21 00:00:00-04:00,20.65612508959056,20.716171703257647,20.60465679732556,20.647546768188477,20000,0.0,0.0,0.0
2014-04-22 00:00:00-04:00,20.681855296485175,20.724745257482393,20.621808696630215,20.63896369934082,17500,0.0,0.0,0.0
2014-04-23 00:00:00-04:00,20.63039060744908,20.69043885866681,20.561765670776367,20.561765670776367,55600,0.0,0.0,0.0
2014-04-24 00:00:00-04:00,20.596075565751754,20.596075565751754,20.3987791098238,20.49313735961914,25300,0.0,0.0,0.0
2014-04-25 00:00:00-04:00,20.450246301738815,20.467402941201765,20.304418138598127,20.373043060302734,13100,0.0,0.0,0.0
2014-04-28 00:00:00-04:00,20.347310978960085,20.433092552260284,20.175749468507114,20.36446762084961,22900,0.0,0.0,0.0
2014-04-29 00:00:00-04:00,20.544608569619832,20.56176357492875,20.4073587102642,20.467405319213867,16700,0.0,0.0,0.0
2014-04-30 00:00:00-04:00,20.44166942438994,20.475982705737014,20.278684610285946,20.458826065063477,39400,0.0,0.0,0.0
2014-05-01 00:00:00-04:00,20.373044149253825,20.544607280759088,20.373044149253825,20.49313735961914,20100,0.0,0.0,0.0
2014-05-02 00:00:00-04:00,20.41593782960293,20.553187705326668,20.407361143999328,20.527454376220703,96800,0.0,0.0,0.0
2014-05-05 00:00:00-04:00,20.467407760110014,20.544611019723064,20.355891213492242,20.527454376220703,28100,0.0,0.0,0.0
2014-05-06 00:00:00-04:00,20.50171082100005,20.621805639050734,20.484554184686107,20.53602409362793,12000,0.0,0.0,0.0
2014-05-07 00:00:00-04:00,20.493143518924626,20.596081755995783,20.381628595232996,20.58750343322754,27300,0.0,0.0,0.0
2014-05-08 00:00:00-04:00,20.493138333415,20.69901311931573,20.467405007769507,20.484560012817383,24100,0.0,0.0,0.0
2014-05-09 00:00:00-04:00,20.390200205007723,20.390200205007723,20.201480438533437,20.270105361938477,53700,0.0,0.0,0.0
2014-05-12 00:00:00-04:00,20.49313789509801,20.75906091949437,20.49313789509801,20.733325958251953,55400,0.0,0.0,0.0
2014-05-13 00:00:00-04:00,20.801949987484505,20.8619965916442,20.690435099208965,20.707590103149414,25400,0.0,0.0,0.0
2014-05-14 00:00:00-04:00,20.63897173368923,20.681863347530452,20.578925110459295,20.58750343322754,15900,0.0,0.0,0.0
2014-05-15 00:00:00-04:00,20.536029936403082,20.553184941450958,20.287263547514268,20.484560012817383,37500,0.0,0.0,0.0
2014-05-16 00:00:00-04:00,20.57891990324381,20.57891990324381,20.37304511734308,20.484560012817383,20700,0.0,0.0,0.0
2014-05-19 00:00:00-04:00,20.484562412501123,20.5960789571865,20.458829083841078,20.561765670776367,23100,0.0,0.0,0.0
2014-05-20 00:00:00-04:00,20.53602786290637,20.544606182637846,20.364464740571258,20.373043060302734,93300,0.0,0.0,0.0
2014-05-21 00:00:00-04:00,20.41593782960293,20.621814279336114,20.41593782960293,20.527454376220703,12900,0.0,0.0,0.0
2014-05-22 00:00:00-04:00,20.613230886555428,20.767635731649047,20.553182649069537,20.716167449951172,42500,0.0,0.0,0.0
2014-05-23 00:00:00-04:00,20.759062000394344,20.896311861872373,20.75048367953354,20.85342025756836,14900,0.0,0.0,0.0
2014-05-27 00:00:00-04:00,20.939202370473193,20.9820923397368,20.87057743796296,20.913467407226562,58900,0.0,0.0,0.0
2014-05-28 00:00:00-04:00,20.862000976898635,20.95636088106846,20.853422655051595,20.930625915527344,24300,0.0,0.0,0.0
2014-05-29 00:00:00-04:00,20.904892010042566,20.94778198194821,20.836267073305006,20.88773536682129,30600,0.0,0.0,0.0
2014-05-30 00:00:00-04:00,20.964936276582275,20.964936276582275,20.810529777183188,20.956357955932617,16600,0.0,0.0,0.0
2014-06-02 00:00:00-04:00,20.947776372532438,21.04213624883414,20.89630809279838,21.016401290893555,30000,0.0,0.0,0.0
2014-06-03 00:00:00-04:00,20.844841936707557,20.930623509168175,20.71617039609033,20.85342025756836,57500,0.0,0.0,0.0
2014-06-04 00:00:00-04:00,20.810524471437564,20.913461020694527,20.741899559883933,20.904884338378906,57000,0.0,0.0,0.0
2014-06-05 00:00:00-04:00,21.007830196098492,21.136501757756886,20.88773695670368,21.0678768157959,66600,0.0,0.0,0.0
2014-06-06 00:00:00-04:00,21.076457593270455,21.282332443135925,21.076457593270455,21.273754119873047,19200,0.0,0.0,0.0
2014-06-09 00:00:00-04:00,21.27374374308644,21.436728533285585,21.248010421997726,21.410993576049805,18800,0.0,0.0,0.0
2014-06-10 00:00:00-04:00,21.239441877013167,21.43673839817272,21.239441877013167,21.393848419189453,11800,0.0,0.0,0.0
2014-06-11 00:00:00-04:00,21.35952509066606,21.376681728656934,21.3080568128405,21.316635131835938,36700,0.0,0.0,0.0
2014-06-12 00:00:00-04:00,21.29948908966168,21.376692362879716,21.213707493180767,21.273754119873047,51100,0.0,0.0,0.0
2014-06-13 00:00:00-04:00,21.3080568128405,21.445306644473366,21.230853578028633,21.316635131835938,28400,0.0,0.0,0.0
2014-06-16 00:00:00-04:00,21.299484169708474,21.393844067656136,21.299484169708474,21.333797454833984,81900,0.0,0.0,0.0
2014-06-17 00:00:00-04:00,21.265166473534368,21.436727941932347,21.265166473534368,21.36810302734375,29200,0.0,0.0,0.0
2014-06-18 00:00:00-04:00,21.333800943235158,21.55683078842979,21.333800943235158,21.513940811157227,19000,0.0,0.0,0.0
2014-06-19 00:00:00-04:00,21.539668649452725,21.616871891906815,21.436730447464864,21.591136932373047,50500,0.0,0.0,0.0
2014-06-20 00:00:00-04:00,21.68976402282715,21.707067780885513,21.56864101677297,21.68976402282715,20200,0.214,0.0,0.0
2014-06-23 00:00:00-04:00,21.67246062075305,21.67246062075305,21.577293250223235,21.58594512939453,24100,0.0,0.0,0.0
2014-06-24 00:00:00-04:00,21.64651205189127,21.698421689735657,21.46482584416948,21.508085250854492,95000,0.0,0.0,0.0
2014-06-25 00:00:00-04:00,21.45617279564732,21.482128438246377,21.34370164473982,21.464824676513672,27900,0.0,0.0,0.0
2014-06-26 00:00:00-04:00,21.430217267525837,21.430217267525837,21.23122897239195,21.361003875732422,27500,0.0,0.0,0.0
2014-06-27 00:00:00-04:00,21.257173824464935,21.30043320709944,21.16200483284574,21.239870071411133,26500,0.0,0.0,0.0
2014-06-30 00:00:00-04:00,21.29178133057254,21.29178133057254,21.17065670937264,21.239870071411133,26100,0.0,0.0,0.0
2014-07-01 00:00:00-04:00,21.430216568399608,21.46482243807864,21.31774377904366,21.3869571685791,26400,0.0,0.0,0.0
2014-07-02 00:00:00-04:00,21.343700408935547,21.395610040950544,21.29179077692055,21.343700408935547,75000,0.0,0.0,0.0
2014-07-03 00:00:00-04:00,21.36965681747532,21.421566451354536,21.335049294770837,21.395610809326172,30100,0.0,0.0,0.0
2014-07-07 00:00:00-04:00,21.361004690394296,21.361004690394296,21.196622259799216,21.231229782104492,19000,0.0,0.0,0.0
2014-07-08 00:00:00-04:00,21.196618647528084,21.196618647528084,20.971674741410602,21.023584365844727,39900,0.0,0.0,0.0
2014-07-09 00:00:00-04:00,21.058193353094865,21.07549711250725,20.971676206210258,21.049541473388672,21900,0.0,0.0,0.0
2014-07-10 00:00:00-04:00,20.807302325119736,20.89381950748461,20.686179259915708,20.815954208374023,20100,0.0,0.0,0.0
2014-07-11 00:00:00-04:00,20.772690144418473,20.89381317290043,20.76403826378726,20.850555419921875,39800,0.0,0.0,0.0
2014-07-14 00:00:00-04:00,21.03224165038189,21.03224165038189,20.945724487304688,20.945724487304688,15500,0.0,0.0,0.0
2014-07-15 00:00:00-04:00,21.02358929900673,21.02358929900673,20.781343228019907,20.876510620117188,42500,0.0,0.0,0.0
2014-07-16 00:00:00-04:00,21.049545264433966,21.092803020578376,20.885162820765498,20.954376220703125,33300,0.0,0.0,0.0
2014-07-17 00:00:00-04:00,20.876506049725904,20.876506049725904,20.625608152534884,20.642911911010742,15300,0.0,0.0,0.0
2014-07-18 00:00:00-04:00,20.738079164015957,20.9543711931991,20.738079164015957,20.928417205810547,20000,0.0,0.0,0.0
2014-07-21 00:00:00-04:00,20.876504752769296,20.928416024971874,20.78133738741883,20.885156631469727,57600,0.0,0.0,0.0
2014-07-22 00:00:00-04:00,21.066845232801057,21.11875486086089,21.00628372503503,21.049541473388672,33200,0.0,0.0,0.0
2014-07-23 00:00:00-04:00,21.110106783107188,21.110106783107188,20.911118464558715,20.954376220703125,14400,0.0,0.0,0.0
2014-07-24 00:00:00-04:00,21.058193353094865,21.101451101448504,21.014935604741225,21.049541473388672,22000,0.0,0.0,0.0
2014-07-25 00:00:00-04:00,20.971679983231937,21.014939389553966,20.911118464558715,20.954376220703125,11900,0.0,0.0,0.0
2014-07-28 00:00:00-04:00,20.988983597711698,21.006287360118453,20.78999528056682,20.963027954101562,23900,0.0,0.0,0.0
2014-07-29 00:00:00-04:00,21.084151246432082,21.092801476885793,20.850555419921875,20.850555419921875,19500,0.0,0.0,0.0
2014-07-30 00:00:00-04:00,20.833253393923314,20.841905275275167,20.677522829945246,20.764039993286133,27200,0.0,0.0,0.0
2014-07-31 00:00:00-04:00,20.530437567075403,20.530437567075403,20.14976481066976,20.244932174682617,44400,0.0,0.0,0.0
2014-08-01 00:00:00-04:00,20.158414898894925,20.158414898894925,19.933472658118106,20.0718994140625,47600,0.0,0.0,0.0
2014-08-04 00:00:00-04:00,20.097862700835325,20.167076110839844,19.94213211578069,20.167076110839844,86900,0.0,0.0,0.0
2014-08-05 00:00:00-04:00,20.1151546805017,20.141110312862804,19.898862694689853,19.907514572143555,28800,0.0,0.0,0.0
2014-08-06 00:00:00-04:00,19.88156064269409,19.942122139880368,19.820999145507812,19.820999145507812,27500,0.0,0.0,0.0
2014-08-07 00:00:00-04:00,19.872915120380917,20.002691684631227,19.81235360382547,19.881567001342773,75000,0.0,0.0,0.0
2014-08-08 00:00:00-04:00,19.924821407392624,20.132461547851562,19.82100051207458,20.132461547851562,35700,0.0,0.0,0.0
2014-08-11 00:00:00-04:00,20.270897508900394,20.305503389595547,20.184380331895664,20.236289978027344,86800,0.0,0.0,0.0
2014-08-12 00:00:00-04:00,20.14111215499895,20.279538906565097,20.14111215499895,20.193021774291992,42800,0.0,0.0,0.0
2014-08-13 00:00:00-04:00,20.305499734992278,20.35741102195881,20.262241979364433,20.322803497314453,54800,0.0,0.0,0.0
2014-08-14 00:00:00-04:00,20.32280366913408,20.409320831298828,20.314151787899842,20.409320831298828,21900,0.0,0.0,0.0
2014-08-15 00:00:00-04:00,20.54774718474302,20.54774718474302,20.24493794882708,20.43527603149414,45100,0.0,0.0,0.0
2014-08-18 00:00:00-04:00,20.573702623326042,20.660218132575338,20.539095099484275,20.625612258911133,50600,0.0,0.0,0.0
2014-08-19 00:00:00-04:00,20.72942847253302,20.72942847253302,20.634261096360273,20.677518844604492,31100,0.0,0.0,0.0
2014-08-20 00:00:00-04:00,20.66886857767181,20.72943009001014,20.634262706411672,20.69482421875,49000,0.0,0.0,0.0
2014-08-21 00:00:00-04:00,20.703475255152362,20.789992405042096,20.677519615132226,20.729429244995117,38400,0.0,0.0,0.0
2014-08-22 00:00:00-04:00,20.78134045104165,20.824598200743804,20.599654271902377,20.651565551757812,36000,0.0,0.0,0.0
2014-08-25 00:00:00-04:00,20.694819277510096,20.8245941515602,20.67751552092287,20.746728897094727,26600,0.0,0.0,0.0
2014-08-26 00:00:00-04:00,20.781340562443887,20.86785771248936,20.781340562443887,20.82459831237793,42400,0.0,0.0,0.0
2014-08-27 00:00:00-04:00,20.815947129978298,20.850554651227274,20.781341258906764,20.79864501953125,9900,0.0,0.0,0.0
2014-08-28 00:00:00-04:00,20.729432467878723,20.798647518693542,20.703478474000804,20.764039993286133,19200,0.0,0.0,0.0
2014-08-29 00:00:00-04:00,20.74673212682379,20.798643404666716,20.712126258439152,20.781339645385742,66300,0.0,0.0,0.0
2014-09-02 00:00:00-04:00,20.841909858136887,20.911123273993187,20.772696442280584,20.815954208374023,20100,0.0,0.0,0.0
2014-09-03 00:00:00-04:00,20.859211278251774,20.963030565268888,20.859211278251774,20.937076568603516,74600,0.0,0.0,0.0
2014-09-04 00:00:00-04:00,20.988987361001865,21.006291126511158,20.772695242669418,20.78999900817871,43400,0.0,0.0,0.0
2014-09-05 00:00:00-04:00,20.8332524229013,20.954375455826508,20.764039025490103,20.9024658203125,47400,0.0,0.0,0.0
2014-09-08 00:00:00-04:00,20.78134420077597,20.841905721357506,20.686175154046314,20.73808479309082,28200,0.0,0.0,0.0
2014-09-09 00:00:00-04:00,20.677523191656967,20.677523191656967,20.487186749119573,20.565052032470703,61300,0.0,0.0,0.0
2014-09-10 00:00:00-04:00,20.539099195502637,20.660222252748717,20.487189549565443,20.608312606811523,40500,0.0,0.0,0.0
2014-09-11 00:00:00-04:00,20.539095099484275,20.625612258911133,20.539095099484275,20.625612258911133,21700,0.0,0.0,0.0
2014-09-12 00:00:00-04:00,20.6256159143843,20.6256159143843,20.461233447357557,20.539098739624023,13600,0.0,0.0,0.0
2014-09-15 00:00:00-04:00,20.469877534643235,20.495833172240417,20.383360392829864,20.452573776245117,23300,0.0,0.0,0.0
2014-09-16 00:00:00-04:00,20.29684758492829,20.487185667595348,20.26224171092001,20.43527603149414,49600,0.0,0.0,0.0
2014-09-17 00:00:00-04:00,20.452570445634702,20.50448171237554,20.340099334716797,20.340099334716797,20700,0.0,0.0,0.0
2014-09-18 00:00:00-04:00,20.392013842738766,20.4179694823352,20.33145233385778,20.374710083007812,19000,0.0,0.0,0.0
2014-09-19 00:00:00-04:00,20.499474387565144,20.499474387565144,20.291534015934225,20.36084747314453,16600,0.034,0.0,0.0
2014-09-22 00:00:00-04:00,20.265540862283622,20.265540862283622,20.109585170323335,20.161571502685547,26400,0.0,0.0,0.0
2014-09-23 00:00:00-04:00,20.014272371144255,20.074921415948285,19.936294555664062,19.936294555664062,61800,0.0,0.0,0.0
2014-09-24 00:00:00-04:00,19.962296258521224,20.100923178158464,19.927638702330295,20.04893684387207,28400,0.0,0.0,0.0
2014-09-25 00:00:00-04:00,20.022945946444487,20.06626624045514,19.789012392635073,19.80634117126465,52500,0.0,0.0,0.0
2014-09-26 00:00:00-04:00,19.789012598695738,19.927639524049276,19.77168381988572,19.910310745239258,23600,0.0,0.0,0.0
2014-09-29 00:00:00-04:00,19.78035146411814,19.797680245779585,19.581075432702267,19.754358291625977,29600,0.0,0.0,0.0
2014-09-30 00:00:00-04:00,19.78035084833117,19.823671148572586,19.676379814162832,19.719701766967773,21700,0.0,0.0,0.0
2014-10-01 00:00:00-04:00,19.702372161776402,19.702372161776402,19.42511828567526,19.485767364501953,59300,0.0,0.0,0.0
2014-10-02 00:00:00-04:00,19.416451427251257,19.468436109271046,19.19984665751167,19.329809188842773,25200,0.0,0.0,0.0
2014-10-03 00:00:00-04:00,19.269162294259903,19.451111180725945,19.269162294259903,19.40778923034668,43900,0.0,0.0,0.0
2014-10-06 00:00:00-04:00,19.58107105149294,19.58107105149294,19.459771259566896,19.520421981811523,28900,0.0,0.0,0.0
2014-10-07 00:00:00-04:00,19.433772669501526,19.433772669501526,19.147854550419893,19.156518936157227,39600,0.0,0.0,0.0
2014-10-08 00:00:00-04:00,19.191184372416508,19.54641610152976,19.087214996978368,19.529088973999023,37900,0.0,0.0,0.0
2014-10-09 00:00:00-04:00,19.52042732557283,19.52042732557283,19.009239808943263,19.043895721435547,53400,0.0,0.0,0.0
2014-10-10 00:00:00-04:00,18.983245484421175,19.061223348506516,18.809960974772967,18.853282928466797,73200,0.0,0.0,0.0
2014-10-13 00:00:00-04:00,18.939919360340866,18.948583748415825,18.67999267578125,18.67999267578125,28200,0.0,0.0,0.0
2014-10-14 00:00:00-04:00,18.775298854708485,19.052552656396877,18.775298854708485,18.87060546875,29700,0.0,0.0,0.0
2014-10-15 00:00:00-04:00,18.723314616156046,18.844612744079367,18.30743225137327,18.67999267578125,71700,0.0,0.0,0.0
2014-10-16 00:00:00-04:00,18.281444819744237,18.82728816978296,18.281444819744237,18.731983184814453,46800,0.0,0.0,0.0
2014-10-17 00:00:00-04:00,18.98324827417879,19.199853116789285,18.95725509814256,19.139204025268555,87600,0.0,0.0,0.0
2014-10-20 00:00:00-04:00,19.05255393989134,19.25182991670892,19.05255393989134,19.2345027923584,50300,0.0,0.0,0.0
2014-10-21 00:00:00-04:00,19.338475893647608,19.633058547973633,19.338475893647608,19.633058547973633,35800,0.0,0.0,0.0
2014-10-22 00:00:00-04:00,19.57240537907009,19.64171883309812,19.35580062866211,19.35580062866211,30000,0.0,0.0,0.0
2014-10-23 00:00:00-04:00,19.52909270766411,19.806346631923773,19.494435140849777,19.728368759155273,35900,0.0,0.0,0.0
2014-10-24 00:00:00-04:00,19.65905112294092,19.73702897922797,19.572408876781598,19.67637825012207,11200,0.0,0.0,0.0
2014-10-27 00:00:00-04:00,19.5550767084463,19.6850392288831,19.4511073531221,19.6070613861084,50100,0.0,0.0,0.0
2014-10-28 00:00:00-04:00,19.763010971374776,20.040264703409722,19.763010971374776,19.996944427490234,25200,0.0,0.0,0.0
2014-10-29 00:00:00-04:00,20.04893808828532,20.066266867456356,19.77168423180203,19.84099769592285,10900,0.0,0.0,0.0
2014-10-30 00:00:00-04:00,19.815004334989148,20.092258165660613,19.815004334989148,20.014280319213867,21500,0.0,0.0,0.0
2014-10-31 00:00:00-04:00,20.144247150821204,20.222225013932693,20.10958958829897,20.196231842041016,33800,0.0,0.0,0.0
2014-11-03 00:00:00-05:00,20.187564229623177,20.213557397366536,20.074930474528518,20.152908325195312,13500,0.0,0.0,0.0
2014-11-04 00:00:00-05:00,20.100928219624894,20.100928219624894,19.95363687399813,20.0402774810791,18900,0.0,0.0,0.0
2014-11-05 00:00:00-05:00,20.17024032271288,20.196231842041016,20.0489405064486,20.196231842041016,27300,0.0,0.0,0.0
2014-11-06 00:00:00-05:00,20.152908428991438,20.239550669352262,20.118250871821793,20.204893112182617,37500,0.0,0.0,0.0
2014-11-07 00:00:00-05:00,20.187564615354464,20.291535635751227,20.178901878504433,20.28287124633789,15000,0.0,0.0,0.0
2014-11-10 00:00:00-05:00,20.326193032854924,20.421499670834187,20.300201515270345,20.35218620300293,37900,0.0,0.0,0.0
2014-11-11 00:00:00-05:00,20.300195623747737,20.39550223406712,20.282866848678225,20.326187133789062,16100,0.0,0.0,0.0
2014-11-12 00:00:00-05:00,20.291534196090968,20.3868408203125,20.265541029695132,20.3868408203125,22700,0.0,0.0,0.0
2014-11-13 00:00:00-05:00,20.317531506378913,20.378180587775773,20.256880772418526,20.343523025512695,22800,0.0,0.0,0.0
2014-11-14 00:00:00-05:00,20.317528803991245,20.32619154084128,20.22222217300782,20.28287124633789,36900,0.0,0.0,0.0
2014-11-17 00:00:00-05:00,20.196231499120877,20.317531313325556,20.1789043707175,20.239553451538086,28000,0.0,0.0,0.0
2014-11-18 00:00:00-05:00,20.291536296331536,20.516805470721955,20.291536296331536,20.490812301635742,40600,0.0,0.0,0.0
2014-11-19 00:00:00-05:00,20.49080940744601,20.49080940744601,20.33485372008316,20.40416717529297,28900,0.0,0.0,0.0
2014-11-20 00:00:00-05:00,20.308867982598592,20.482150843619145,20.308867982598592,20.37818145751953,12700,0.0,0.0,0.0
2014-11-21 00:00:00-05:00,20.620777209815063,20.6987550734645,20.508143435967845,20.594785690307617,24000,0.0,0.0,0.0
2014-11-24 00:00:00-05:00,20.629443601581983,20.646772384643555,20.516809816809175,20.646772384643555,16500,0.0,0.0,0.0
2014-11-25 00:00:00-05:00,20.664100127112818,20.7680695151192,20.62944256273494,20.681428909301758,23900,0.0,0.0,0.0
2014-11-26 00:00:00-05:00,20.707416949649783,20.707416949649783,20.603447579117915,20.638103485107422,13700,0.0,0.0,0.0
2014-11-28 00:00:00-05:00,20.568791946840715,20.568791946840715,20.24821776302165,20.265544891357422,29400,0.0,0.0,0.0
2014-12-01 00:00:00-05:00,20.265546706509255,20.265546706509255,20.100928230912047,20.21356201171875,20600,0.0,0.0,0.0
2014-12-02 00:00:00-05:00,20.161575141086733,20.230888610848297,20.10958879934295,20.135581970214844,256700,0.0,0.0,0.0
2014-12-03 00:00:00-05:00,20.161566818777427,20.447484970092773,20.12690927192088,20.447484970092773,72500,0.0,0.0,0.0
2014-12-04 00:00:00-05:00,20.308864131128264,20.343520035734624,20.187564333597795,20.204893112182617,13400,0.0,0.0,0.0
2014-12-05 00:00:00-05:00,20.17023048958223,20.187557609832716,20.118244171142578,20.118244171142578,10300,0.0,0.0,0.0
2014-12-08 00:00:00-05:00,20.02294553074796,20.100923380398864,19.823667885771616,19.875654220581055,32000,0.0,0.0,0.0
2014-12-09 00:00:00-05:00,19.659049679915267,19.832332506951104,19.650385290678987,19.78034782409668,26000,0.0,0.0,0.0
2014-12-10 00:00:00-05:00,19.936304988600032,19.936304988600032,19.60706478370729,19.67637825012207,10300,0.0,0.0,0.0
2014-12-11 00:00:00-05:00,19.719703931902657,19.832337716434,19.62439727783203,19.62439727783203,18000,0.0,0.0,0.0
2014-12-12 00:00:00-05:00,19.60705882889344,19.685036661498025,19.373126983642578,19.373126983642578,71200,0.0,0.0,0.0
2014-12-15 00:00:00-05:00,19.459774062405646,19.50309601310586,19.225842138878274,19.260498046875,19600,0.0,0.0,0.0
2014-12-16 00:00:00-05:00,19.21718034376584,19.615732428646353,19.21718034376584,19.2691650390625,47400,0.0,0.0,0.0
2014-12-17 00:00:00-05:00,19.269159943504032,19.6070628524224,19.24316677644753,19.598400115966797,60400,0.0,0.0,0.0
2014-12-18 00:00:00-05:00,19.84099694693981,19.962296743994774,19.728363191706567,19.953632354736328,34700,0.0,0.0,0.0
2014-12-19 00:00:00-05:00,19.943203504116767,20.021446368836717,19.83887913176362,20.012752532958984,32200,0.078,0.0,0.0
2014-12-22 00:00:00-05:00,20.073606070811223,20.099687576293945,19.995363212542564,20.099687576293945,44300,0.0,0.0,0.0
2014-12-23 00:00:00-05:00,20.090991030110473,20.16923387782126,20.090991030110473,20.134458541870117,30800,0.0,0.0,0.0
2014-12-24 00:00:00-05:00,20.169238372450042,20.31703026681862,20.125769192824194,20.1953182220459,23300,0.0,0.0,0.0
2014-12-26 00:00:00-05:00,20.25617039583714,20.403962268174986,20.25617039583714,20.3518009185791,11600,0.0,0.0,0.0
2014-12-29 00:00:00-05:00,20.34310887594666,20.34310887594666,20.238786167565248,20.25617218017578,16700,0.0,0.0,0.0
2014-12-30 00:00:00-05:00,20.247480420347276,20.25617259774195,20.134462216061483,20.143156051635742,14300,0.0,0.0,0.0
2014-12-31 00:00:00-05:00,20.221398543110453,20.221398543110453,19.943202442549826,19.960588455200195,23400,0.0,0.0,0.0
2015-01-02 00:00:00-05:00,19.995357368315446,20.03882487323583,19.79540419259526,19.89972686767578,19600,0.0,0.0,0.0
2015-01-05 00:00:00-05:00,19.83018804831303,19.83018804831303,19.473749018750524,19.48244285583496,26400,0.0,0.0,0.0
2015-01-06 00:00:00-05:00,19.534593534696747,19.56067503168342,19.239009868230323,19.343334197998047,20600,0.0,0.0,0.0
2015-01-07 00:00:00-05:00,19.551985332380294,19.63892201586748,19.43027497040583,19.62153434753418,131300,0.0,0.0,0.0
2015-01-08 00:00:00-05:00,19.664998093289814,19.83886975411805,19.664998093289814,19.812789916992188,16600,0.0,0.0,0.0
2015-01-09 00:00:00-05:00,19.93451574225356,19.94320958078029,19.786723803659427,19.80411148071289,22100,0.0,0.0,0.0
2015-01-12 00:00:00-05:00,19.830188959588114,19.830188959588114,19.578074305273308,19.63023567199707,110500,0.0,0.0,0.0
2015-01-13 00:00:00-05:00,19.751936206688658,19.882342045579886,19.482434012126426,19.647613525390625,38400,0.0,0.0,0.0
2015-01-14 00:00:00-05:00,19.517214363109414,19.67369842529297,19.369422478119763,19.67369842529297,11000,0.0,0.0,0.0
2015-01-15 00:00:00-05:00,19.734552123250396,19.838874814722747,19.543291091918945,19.543291091918945,21100,0.0,0.0,0.0
2015-01-16 00:00:00-05:00,19.525905449656943,19.70847266594287,19.49982560317285,19.63892364501953,63000,0.0,0.0,0.0
2015-01-20 00:00:00-05:00,19.691082666274244,19.725858001710947,19.560678474745128,19.665002822875977,39800,0.0,0.0,0.0
2015-01-21 00:00:00-05:00,19.682389937507498,19.891036987304688,19.682389937507498,19.891036987304688,12800,0.0,0.0,0.0
2015-01-22 00:00:00-05:00,19.925813395434524,20.06491143610727,19.769327685132822,19.943201065063477,26000,0.0,0.0,0.0
2015-01-23 00:00:00-05:00,19.89104416379583,19.89104416379583,19.63023567199707,19.63023567199707,23700,0.0,0.0,0.0
2015-01-26 00:00:00-05:00,19.665002705756425,19.804100730316286,19.621533536719436,19.760631561279297,39900,0.0,0.0,0.0
2015-01-27 00:00:00-05:00,19.569370166661407,19.778017181906627,19.569370166661407,19.769323348999023,18700,0.0,0.0,0.0
2015-01-28 00:00:00-05:00,19.73455224409022,19.74324441995007,19.421580851398193,19.447662353515625,15800,0.0,0.0,0.0
2015-01-29 00:00:00-05:00,19.53459954200855,19.751940442530948,19.499825860178294,19.725860595703125,23100,0.0,0.0,0.0
2015-01-30 00:00:00-05:00,19.551979997742333,19.63022282571479,19.438963500770377,19.508512496948242,23400,0.0,0.0,0.0
2015-02-02 00:00:00-05:00,19.456357099781016,19.717167180873442,19.421583417209735,19.699779510498047,36800,0.0,0.0,0.0
2015-02-03 00:00:00-05:00,19.8997328462666,19.995363375637094,19.804103975075627,19.986669540405273,22400,0.0,0.0,0.0
2015-02-04 00:00:00-05:00,19.786716626968346,19.82149031028262,19.638924741978695,19.67369842529297,31700,0.0,0.0,0.0
2015-02-05 00:00:00-05:00,19.778020982336248,19.8736515045166,19.734553467624853,19.8736515045166,21800,0.0,0.0,0.0
2015-02-06 00:00:00-05:00,19.80410910531621,19.80410910531621,19.604154159545214,19.63023567199707,21300,0.0,0.0,0.0
2015-02-09 00:00:00-05:00,19.56937134913223,19.656308025282282,19.491128506415098,19.517210006713867,22500,0.0,0.0,0.0
2015-02-10 00:00:00-05:00,19.691084996167174,19.691084996167174,19.51721327294855,19.63892364501953,30300,0.0,0.0,0.0
2015-02-11 00:00:00-05:00,19.586764758310945,19.68239363775056,19.499828056673387,19.604150772094727,12600,0.0,0.0,0.0
2015-02-12 00:00:00-05:00,19.717160812988027,19.93450164794922,19.717160812988027,19.93450164794922,40600,0.0,0.0,0.0
2015-02-13 00:00:00-05:00,19.951898043428397,20.03014091090692,19.79541230847136,19.969284057617188,27400,0.0,0.0,0.0
2015-02-17 00:00:00-05:00,19.917120377115246,20.03883075314851,19.847571353927734,19.995363235473633,21600,0.0,0.0,0.0
2015-02-18 00:00:00-05:00,20.038823807242814,20.117066638480484,20.01274396894955,20.056211471557617,25800,0.0,0.0,0.0
2015-02-19 00:00:00-05:00,20.064913189646987,20.212705078050238,20.056219354072727,20.143156051635742,12500,0.0,0.0,0.0
2015-02-20 00:00:00-05:00,20.082303807073725,20.395273642765012,20.03883462282505,20.282257080078125,36800,0.0,0.0,0.0
2015-02-23 00:00:00-05:00,20.2213975398176,20.29964039649067,20.19531603486675,20.212703704833984,31400,0.0,0.0,0.0
2015-02-24 00:00:00-05:00,20.24747875646781,20.43873814884563,20.24747875646781,20.421350479125977,9900,0.0,0.0,0.0
2015-02-25 00:00:00-05:00,20.30833232217042,20.421348849973143,20.30833232217042,20.403961181640625,18000,0.0,0.0,0.0
2015-02-26 00:00:00-05:00,20.360492155733603,20.360492155733603,20.221394135770304,20.290943145751953,24800,0.0,0.0,0.0
2015-02-27 00:00:00-05:00,20.29963493347168,20.37787776908811,20.2822472681838,20.29963493347168,18000,0.0,0.0,0.0
2015-03-02 00:00:00-05:00,20.317027098978738,20.369188448217084,20.25617025699138,20.36049461364746,27300,0.0,0.0,0.0
2015-03-03 00:00:00-05:00,20.23878194493137,20.23878194493137,20.125763766555554,20.17792510986328,13800,0.0,0.0,0.0
2015-03-04 00:00:00-05:00,20.0909929405507,20.0909929405507,19.89973189099109,19.943201065063477,22100,0.0,0.0,0.0
2015-03-05 00:00:00-05:00,19.969284057617188,20.056220761279956,19.91712269869141,19.969284057617188,19100,0.0,0.0,0.0
2015-03-06 00:00:00-05:00,19.864956027099236,19.873649860958412,19.6563089890168,19.665002822875977,16900,0.0,0.0,0.0
2015-03-09 00:00:00-04:00,19.664999182555004,19.78670951769432,19.664999182555004,19.743240356445312,12000,0.0,0.0,0.0
2015-03-10 00:00:00-04:00,19.560677796999453,19.560677796999453,19.395498275756836,19.395498275756836,29200,0.0,0.0,0.0
2015-03-11 00:00:00-04:00,19.35203471224241,19.40419606604718,19.27379185244548,19.386808395385742,56700,0.0,0.0,0.0
2015-03-12 00:00:00-04:00,19.491135273636832,19.673700864576517,19.465053764282693,19.656314849853516,30500,0.0,0.0,0.0
2015-03-13 00:00:00-04:00,19.525904368966447,19.551985872186474,19.325951152150985,19.49982452392578,101300,0.0,0.0,0.0
2015-03-16 00:00:00-04:00,19.58676079629781,19.717164993286133,19.560679293628414,19.717164993286133,13300,0.0,0.0,0.0
2015-03-17 00:00:00-04:00,19.647615700596898,19.760632227545123,19.569372851871467,19.73455238342285,30100,0.0,0.0,0.0
2015-03-18 00:00:00-04:00,19.67369967379329,20.27356108719277,19.656313660122603,20.1953182220459,20400,0.0,0.0,0.0
2015-03-19 00:00:00-04:00,20.04752515117028,20.06491282200021,19.89103943006004,19.960588455200195,22900,0.0,0.0,0.0
2015-03-20 00:00:00-04:00,20.134466406292624,20.247484634098907,20.108384894141956,20.221403121948242,25800,0.0,0.0,0.0
2015-03-23 00:00:00-04:00,20.23009571715955,20.40396747961475,20.195320369760612,20.282257080078125,20900,0.0,0.0,0.0
2015-03-24 00:00:00-04:00,20.325720243262044,20.325720243262044,20.204009869850367,20.212703704833984,13500,0.0,0.0,0.0
2015-03-25 00:00:00-04:00,20.308334645617197,20.386577503885853,20.099687576293945,20.099687576293945,13200,0.0,0.0,0.0
2015-03-26 00:00:00-04:00,20.047521041522586,20.134457719671058,19.91711685338948,19.97797203063965,14600,0.0,0.0,0.0
2015-03-27 00:00:00-04:00,19.986669516746762,20.090993881225586,19.986669516746762,20.090993881225586,19600,0.0,0.0,0.0
2015-03-30 00:00:00-04:00,20.125767013177295,20.247479044768447,20.125767013177295,20.212703704833984,29400,0.0,0.0,0.0
2015-03-31 00:00:00-04:00,20.064907488081094,20.117068828525106,20.01274614763708,20.03882598876953,34300,0.0,0.0,0.0
2015-04-01 00:00:00-04:00,20.143155234375236,20.160542904818293,19.977975681525233,20.090993881225586,20800,0.0,0.0,0.0
2015-04-02 00:00:00-04:00,20.230091493453962,20.334414197510274,20.230091493453962,20.308334350585938,30500,0.0,0.0,0.0
2015-04-06 00:00:00-04:00,20.3431057140371,20.664770940939366,20.3431057140371,20.525672912597656,27300,0.0,0.0,0.0
2015-04-07 00:00:00-04:00,20.647389171125294,20.647389171125294,20.508291103047885,20.516984939575195,25300,0.0,0.0,0.0
2015-04-08 00:00:00-04:00,20.71693845009041,20.71693845009041,20.56045270710833,20.60392189025879,24300,0.0,0.0,0.0
2015-04-09 00:00:00-04:00,20.760396269909933,20.812559265305122,20.699541100127885,20.803865432739258,19800,0.0,0.0,0.0
2015-04-10 00:00:00-04:00,20.734323501586914,20.74301733711771,20.64738680445854,20.734323501586914,27000,0.0,0.0,0.0
2015-04-13 00:00:00-04:00,20.73431260106264,20.812555421526096,20.664763611559426,20.69953727722168,19400,0.0,0.0,0.0
2015-04-14 00:00:00-04:00,20.629991257085624,20.716927921022503,20.50828092248136,20.64737892150879,13400,0.0,0.0,0.0
2015-04-15 00:00:00-04:00,20.77778531660756,20.995126170668684,20.760397650319682,20.92557716369629,24500,0.0,0.0,0.0
2015-04-16 00:00:00-04:00,21.090758472911006,21.247244166468136,21.05598313737419,21.125532150268555,65500,0.0,0.0,0.0
2015-04-17 00:00:00-04:00,21.064682147788243,21.12553734175323,20.995133117802588,21.055988311767578,53000,0.0,0.0,0.0
2015-04-20 00:00:00-04:00,21.02990832116563,21.108151186648396,21.021214485203142,21.064682006835938,47900,0.0,0.0,0.0
2015-04-21 00:00:00-04:00,21.177700357877224,21.177700357877224,21.047294475746913,21.055988311767578,33000,0.0,0.0,0.0
2015-04-22 00:00:00-04:00,21.003821910066325,21.07337092335081,20.951660564647778,21.029903411865234,18200,0.0,0.0,0.0
2015-04-23 00:00:00-04:00,21.029909058516882,21.32549285888672,20.99513371344762,21.32549285888672,56900,0.0,0.0,0.0
2015-04-24 00:00:00-04:00,21.2907218359245,21.39504623413086,21.2907218359245,21.39504623413086,19300,0.0,0.0,0.0
2015-04-27 00:00:00-04:00,21.551523767185344,21.5949912825567,21.44719940884291,21.516748428344727,53200,0.0,0.0,0.0
2015-04-28 00:00:00-04:00,21.4298094253527,21.542827606201172,21.3341805702262,21.542827606201172,37100,0.0,0.0,0.0
2015-04-29 00:00:00-04:00,21.403731771451003,21.447199286574552,21.29071357904272,21.421117782592773,49400,0.0,0.0,0.0
2015-04-30 00:00:00-04:00,21.299408651435606,21.308102486601406,21.169004440307617,21.169004440307617,37600,0.0,0.0,0.0
2015-05-01 00:00:00-04:00,21.160310605141817,21.19508428762551,21.029906394013828,21.169004440307617,20400,0.0,0.0,0.0
2015-05-04 00:00:00-04:00,21.20377851928102,21.264633708400044,21.169004836147092,21.24724769592285,8800,0.0,0.0,0.0
2015-05-05 00:00:00-04:00,21.116838035237734,21.15161170940174,20.829946517944336,20.829946517944336,60100,0.0,0.0,0.0
2015-05-06 00:00:00-04:00,20.934281356565954,20.951669031458454,20.838650802837147,20.89081382751465,11700,0.0,0.0,0.0
2015-05-07 00:00:00-04:00,20.838649041540453,20.908198077052177,20.79518151616305,20.882118225097656,41400,0.0,0.0,0.0
2015-05-08 00:00:00-04:00,21.238550594030727,21.40373012350542,21.238550594030727,21.31679344177246,31500,0.0,0.0,0.0
2015-05-11 00:00:00-04:00,21.29940619072879,21.351567537517916,21.229857175616846,21.290712356567383,15600,0.0,0.0,0.0
2015-05-12 00:00:00-04:00,21.351570524789555,21.438507220387518,21.264633829191595,21.429813385009766,29800,0.0,0.0,0.0
2015-05-13 00:00:00-04:00,21.638464507038965,21.6645460180508,21.56891546918727,21.621078491210938,23400,0.0,0.0,0.0
2015-05-14 00:00:00-04:00,21.77756104642187,21.83841790115627,21.699318177085956,21.7862548828125,36800,0.0,0.0,0.0
2015-05-15 00:00:00-04:00,21.76886721374807,21.87318992614746,21.76886721374807,21.87318992614746,18500,0.0,0.0,0.0
2015-05-18 00:00:00-04:00,21.794940810318852,21.812328476790523,21.612375286903724,21.803634643554688,12800,0.0,0.0,0.0
2015-05-19 00:00:00-04:00,21.742781240928593,21.78624875247085,21.708005905151367,21.708005905151367,14300,0.0,0.0,0.0
2015-05-20 00:00:00-04:00,21.794945301690678,21.91665567571544,21.76886545478793,21.86449432373047,25300,0.0,0.0,0.0
2015-05-21 00:00:00-04:00,21.821031278557445,21.95143551433336,21.821031278557445,21.92535400390625,36100,0.0,0.0,0.0
2015-05-22 00:00:00-04:00,21.85580022918501,21.85580022918501,21.751477526453805,21.777557373046875,18200,0.0,0.0,0.0
2015-05-26 00:00:00-04:00,21.708010988266043,21.708010988266043,21.42112103364331,21.455896377563477,14800,0.0,0.0,0.0
2015-05-27 00:00:00-04:00,21.490665031081523,21.708005905151367,21.481971197137216,21.708005905151367,41600,0.0,0.0,0.0
2015-05-28 00:00:00-04:00,21.621072101896452,21.655845781456286,21.447198729559183,21.647151947021484,28200,0.0,0.0,0.0
2015-05-29 00:00:00-04:00,21.612384315771813,21.699319368090194,21.43851089477539,21.43851089477539,38500,0.0,0.0,0.0
2015-06-01 00:00:00-04:00,21.586296622866392,21.586296622866392,21.325488224246953,21.46458625793457,33100,0.0,0.0,0.0
2015-06-02 00:00:00-04:00,21.490669109962262,21.62976716311312,21.490669109962262,21.49936294555664,21300,0.0,0.0,0.0
2015-06-03 00:00:00-04:00,21.577601305034197,21.71669932915886,21.577601305034197,21.629762649536133,48500,0.0,0.0,0.0
2015-06-04 00:00:00-04:00,21.560214431726553,21.560214431726553,21.368955056054183,21.403730392456055,20500,0.0,0.0,0.0
2015-06-05 00:00:00-04:00,21.299410288630103,21.299410288630103,21.177699903312558,21.27332878112793,22000,0.0,0.0,0.0
2015-06-08 00:00:00-04:00,21.24724825788264,21.24724825788264,21.13423005380424,21.212472915649414,65300,0.0,0.0,0.0
2015-06-09 00:00:00-04:00,21.116839697274386,21.2385500536965,21.116839697274386,21.142919540405273,17600,0.0,0.0,0.0
2015-06-10 00:00:00-04:00,21.360262598148044,21.438505451913958,21.316795083024495,21.421117782592773,23700,0.0,0.0,0.0
2015-06-11 00:00:00-04:00,21.525441720036003,21.525441720036003,21.342874512087192,21.44719886779785,25900,0.0,0.0,0.0
2015-06-12 00:00:00-04:00,21.334185741544676,21.4124269480938,21.238555205058486,21.368959426879883,7000,0.0,0.0,0.0
2015-06-15 00:00:00-04:00,21.108145314033326,21.108145314033326,20.969047293692018,21.0733699798584,13800,0.0,0.0,0.0
2015-06-16 00:00:00-04:00,20.90818991101554,21.064675594343818,20.882110069246934,21.003820419311523,11800,0.0,0.0,0.0
2015-06-17 00:00:00-04:00,21.038597245798204,21.08206475728378,20.89080538529626,21.029903411865234,22700,0.0,0.0,0.0
2015-06-18 00:00:00-04:00,21.038600507877383,21.255941415362976,20.97774366091061,21.1516170501709,34000,0.0,0.0,0.0
2015-06-19 00:00:00-04:00,21.17088358989912,21.17088358989912,21.048255920410156,21.048255920410156,15800,0.182,0.0,0.0
2015-06-22 00:00:00-04:00,21.319790211075443,21.43365852733612,21.24971701552808,21.354825973510742,13900,0.0,0.0,0.0
2015-06-23 00:00:00-04:00,21.424912577712874,21.49498748779297,21.389876793350638,21.49498748779297,13600,0.0,0.0,0.0
2015-06-24 00:00:00-04:00,21.50373154309775,21.55628769232644,21.433658348136245,21.477455139160156,13200,0.0,0.0,0.0
2015-06-25 00:00:00-04:00,21.477464088609725,21.477464088609725,21.33731764028906,21.36359405517578,8100,0.0,0.0,0.0
2015-06-26 00:00:00-04:00,21.302273289075575,21.302273289075575,21.17964560420642,21.25847816467285,23800,0.0,0.0,0.0
2015-06-29 00:00:00-04:00,20.934393613297562,21.057022998422593,20.750452041625977,20.750452041625977,25700,0.0,0.0,0.0
2015-06-30 00:00:00-04:00,20.978194308105724,20.978194308105724,20.697899712053974,20.829288482666016,43300,0.0,0.0,0.0
2015-07-01 00:00:00-04:00,20.951906275234766,20.951906275234766,20.68037284149391,20.732927322387695,11200,0.0,0.0,0.0
2015-07-02 00:00:00-04:00,20.8117618560791,20.8117618560791,20.671615446597922,20.8117618560791,8400,0.0,0.0,0.0
2015-07-06 00:00:00-04:00,20.408837316022066,20.452634108094003,20.17234132154076,20.259931564331055,29500,0.0,0.0,0.0
2015-07-07 00:00:00-04:00,20.058479965606736,20.268699645996094,19.813224507157905,20.268699645996094,24200,0.0,0.0,0.0
2015-07-08 00:00:00-04:00,20.03219809429614,20.03219809429614,19.76942231236392,19.83073616027832,84200,0.0,0.0,0.0
2015-07-09 00:00:00-04:00,20.347529403955622,20.347529403955622,20.06723653576791,20.11979103088379,14200,0.0,0.0,0.0
2015-07-10 00:00:00-04:00,20.522711117716856,20.645338816948122,20.522711117716856,20.55774688720703,10100,0.0,0.0,0.0
2015-07-13 00:00:00-04:00,20.662854445999834,20.811760203081203,20.645335728536885,20.767963409423828,5600,0.0,0.0,0.0
2015-07-14 00:00:00-04:00,20.829277158220172,20.98694059001657,20.829277158220172,20.925626754760742,19900,0.0,0.0,0.0
2015-07-15 00:00:00-04:00,20.951906601431094,20.951906601431094,20.662854445999834,20.767963409423828,18600,0.0,0.0,0.0
2015-07-16 00:00:00-04:00,20.91687148754003,20.986944694490628,20.838040591563008,20.94314956665039,36200,0.0,0.0,0.0
2015-07-17 00:00:00-04:00,20.864320480141515,20.89935792479954,20.776728539173767,20.8468017578125,51900,0.0,0.0,0.0
2015-07-20 00:00:00-04:00,20.92563166168414,21.01322359145079,20.794244602372714,20.934391021728516,20700,0.0,0.0,0.0
2015-07-21 00:00:00-04:00,20.75044838343369,20.80300287026374,20.59278325226653,20.610301971435547,35600,0.0,0.0,0.0
2015-07-22 00:00:00-04:00,20.496429443359375,20.61905879176359,20.47015303851882,20.496429443359375,7100,0.0,0.0,0.0
2015-07-23 00:00:00-04:00,20.57526281629692,20.65409537530271,20.461394492553485,20.4876708984375,26100,0.0,0.0,0.0
2015-07-24 00:00:00-04:00,20.417598554221804,20.417598554221804,20.22489766339427,20.242416381835938,20500,0.0,0.0,0.0
2015-07-27 00:00:00-04:00,19.918325983085918,20.111026866267782,19.918325983085918,19.9533634185791,13500,0.0,0.0,0.0
2015-07-28 00:00:00-04:00,20.02344415049316,20.2599402463201,20.014684788325123,20.18986701965332,23000,0.0,0.0,0.0
2015-07-29 00:00:00-04:00,20.1811048104513,20.356287002563477,20.146067369622585,20.356287002563477,32100,0.0,0.0,0.0
2015-07-30 00:00:00-04:00,20.31248990630977,20.31248990630977,20.189860545954787,20.27745246887207,16200,0.0,0.0,0.0
2015-07-31 00:00:00-04:00,20.382564931266337,20.382564931266337,20.18110466003418,20.18110466003418,10100,0.0,0.0,0.0
2015-08-03 00:00:00-04:00,20.163579496421086,20.163579496421086,19.944600574880482,19.98839569091797,16400,0.0,0.0,0.0
2015-08-04 00:00:00-04:00,20.075992026952154,20.146065230492006,20.023437541966505,20.04095458984375,18100,0.0,0.0,0.0
2015-08-05 00:00:00-04:00,20.277450910188197,20.452634742556764,20.277450910188197,20.373802185058594,29100,0.0,0.0,0.0
2015-08-06 00:00:00-04:00,20.382562022965093,20.40883842896438,19.96212282020768,19.97088050842285,23400,0.0,0.0,0.0
2015-08-07 00:00:00-04:00,19.84825673741091,19.84825673741091,19.69059158763161,19.75190544128418,9700,0.0,0.0,0.0
2015-08-10 00:00:00-04:00,19.85701172170915,20.093509394255985,19.85701172170915,20.075990676879883,9500,0.0,0.0,0.0
2015-08-11 00:00:00-04:00,19.892048242898966,19.95336375604906,19.690587997436523,19.690587997436523,25000,0.0,0.0,0.0
2015-08-12 00:00:00-04:00,19.48912574713367,19.611753419465373,19.28766552239538,19.594236373901367,92000,0.0,0.0,0.0
2015-08-13 00:00:00-04:00,19.708105296187515,19.80445656780767,19.646791458129883,19.646791458129883,74500,0.0,0.0,0.0
2015-08-14 00:00:00-04:00,19.690592903200525,19.751906760949602,19.664316490266536,19.699352264404297,14100,0.0,0.0,0.0
2015-08-17 00:00:00-04:00,19.62927010614607,19.786935194657534,19.62051074893137,19.7343807220459,19600,0.0,0.0,0.0
2015-08-18 00:00:00-04:00,19.79570356696846,19.79570356696846,19.59424327131369,19.699352264404297,26200,0.0,0.0,0.0
2015-08-19 00:00:00-04:00,19.559200430614954,19.585478506976816,19.305185708491052,19.41905403137207,20900,0.0,0.0,0.0
2015-08-20 00:00:00-04:00,19.25263292243819,19.25263292243819,18.849712371826172,18.849712371826172,32100,0.0,0.0,0.0
2015-08-21 00:00:00-04:00,18.78839450192474,18.884744103473,18.315399169921875,18.315399169921875,152100,0.0,0.0,0.0
2015-08-24 00:00:00-04:00,17.474521493178614,18.236567330415102,10.265733771133869,17.614667892456055,112500,0.0,0.0,0.0
2015-08-25 00:00:00-04:00,18.25408348678638,18.280361559467682,17.535832873597116,17.579627990722656,61100,0.0,0.0,0.0
2015-08-26 00:00:00-04:00,17.921236038208008,17.965032829568447,17.56211070243622,17.921236038208008,76700,0.0,0.0,0.0
2015-08-27 00:00:00-04:00,18.2365737861811,18.51686668395996,18.184019285516925,18.51686668395996,28600,0.0,0.0,0.0
2015-08-28 00:00:00-04:00,18.359196051302817,18.586934380688593,18.359196051302817,18.455547332763672,42700,0.0,0.0,0.0
2015-08-31 00:00:00-04:00,18.40299349787913,18.455547984770377,18.25408772612308,18.2716064453125,18900,0.0,0.0,0.0
2015-09-01 00:00:00-04:00,17.91248339026878,18.017592377752596,17.693504383887387,17.772336959838867,30200,0.0,0.0,0.0
2015-09-02 00:00:00-04:00,18.000074568636933,18.000074568636933,17.789854912336807,17.859928131103516,25300,0.0,0.0,0.0
2015-09-03 00:00:00-04:00,18.035110840425368,18.315403697263044,18.035110840425368,18.14897918701172,36300,0.0,0.0,0.0
2015-09-04 00:00:00-04:00,17.965031687137603,18.035104878181453,17.816125947334836,17.89495849609375,17100,0.0,0.0,0.0
2015-09-08 00:00:00-04:00,18.3591988114468,18.525623321533203,18.3591988114468,18.525623321533203,12200,0.0,0.0,0.0
2015-09-09 00:00:00-04:00,18.613209022442376,18.744596046112523,18.271602426764666,18.332916259765625,72900,0.0,0.0,0.0
2015-09-10 00:00:00-04:00,18.367953232925284,18.551896414753855,18.367953232925284,18.438026428222656,23100,0.0,0.0,0.0
2015-09-11 00:00:00-04:00,18.27160656560925,18.4380293869734,18.26284720595687,18.429271697998047,12300,0.0,0.0,0.0
2015-09-14 00:00:00-04:00,18.350438451510232,18.350438451510232,18.192773324966446,18.236568450927734,17600,0.0,0.0,0.0
2015-09-15 00:00:00-04:00,18.289123614236985,18.464307465930542,18.289123614236985,18.429271697998047,31300,0.0,0.0,0.0
2015-09-16 00:00:00-04:00,18.55190263526876,18.77088165283203,18.55190263526876,18.77088165283203,6400,0.0,0.0,0.0
2015-09-17 00:00:00-04:00,18.604451182440098,18.92854075989574,18.604451182440098,18.75335693359375,26300,0.0,0.0,0.0
2015-09-18 00:00:00-04:00,18.518153201585367,18.623468773362333,18.31629696071215,18.377731323242188,8700,0.042,0.0,0.0
2015-09-21 00:00:00-04:00,18.50937702371283,18.50937702371283,18.272414471168247,18.298744201660156,24200,0.0,0.0,0.0
2015-09-22 00:00:00-04:00,18.105658692717977,18.105658692717977,17.851144719043372,17.982789993286133,22700,0.0,0.0,0.0
2015-09-23 00:00:00-04:00,17.97401281719343,17.97401281719343,17.76338005065918,17.76338005065918,22400,0.0,0.0,0.0
2015-09-24 00:00:00-04:00,17.68439480763875,17.79848861694336,17.57907924793057,17.79848861694336,26000,0.0,0.0,0.0
2015-09-25 00:00:00-04:00,17.974017553160536,18.070558224328025,17.71950352093834,17.754608154296875,14200,0.0,0.0,0.0
2015-09-28 00:00:00-04:00,17.72827519667431,17.780932969134973,17.385995490779,17.464982986450195,228500,0.0,0.0,0.0
2015-09-29 00:00:00-04:00,17.368450105913286,17.535200056167096,17.342120373470635,17.386001586914062,31200,0.0,0.0,0.0
2015-09-30 00:00:00-04:00,17.64051350924993,17.719501015589728,17.491315072159274,17.649290084838867,69600,0.0,0.0,0.0
2015-10-01 00:00:00-04:00,17.780942465111757,17.78971904420243,17.570309588819455,17.710731506347656,11400,0.0,0.0,0.0
2015-10-02 00:00:00-04:00,17.6580690867674,18.149545669555664,17.6492925099725,18.149545669555664,93900,0.0,0.0,0.0
2015-10-05 00:00:00-04:00,18.307520403732738,18.588364160720715,18.307520403732738,18.54448127746582,47400,0.0,0.0,0.0
2015-10-06 00:00:00-04:00,18.526927947998047,18.649796660920227,18.51815137222351,18.526927947998047,24500,0.0,0.0,0.0
2015-10-07 00:00:00-04:00,18.667354063288048,18.913091545090282,18.667354063288048,18.877986907958984,12000,0.0,0.0,0.0
2015-10-08 00:00:00-04:00,18.737556471332347,19.15004539489746,18.711226750013612,19.15004539489746,7300,0.0,0.0,0.0
2015-10-09 00:00:00-04:00,19.141268821124548,19.26413917998502,19.1149407737661,19.15004539489746,5200,0.0,0.0,0.0
2015-10-12 00:00:00-04:00,19.097390949672803,19.097390949672803,18.992073720030163,19.079837799072266,12900,0.0,0.0,0.0
2015-10-13 00:00:00-04:00,18.92186498933082,19.097393167802327,18.84287747641472,18.851654052734375,6100,0.0,0.0,0.0
2015-10-14 00:00:00-04:00,18.96574452241004,19.05350692219003,18.877980448669575,18.92186164855957,9900,0.0,0.0,0.0
2015-10-15 00:00:00-04:00,19.009627648029255,19.220260441967785,18.96574644369397,19.202707290649414,16300,0.0,0.0,0.0
2015-10-16 00:00:00-04:00,19.237817473843883,19.237817473843883,19.097395582892982,19.18515968322754,15000,0.0,0.0,0.0
2015-10-19 00:00:00-04:00,19.13249957781873,19.150052732089904,19.000854268706764,19.097394943237305,14100,0.0,0.0,0.0
2015-10-20 00:00:00-04:00,19.114952367840537,19.237821127266127,19.114952367840537,19.16761016845703,10800,0.0,0.0,0.0
2015-10-21 00:00:00-04:00,19.150051864024768,19.26414568765465,19.097394077559127,19.106170654296875,7900,0.0,0.0,0.0
2015-10-22 00:00:00-04:00,19.15004618720049,19.422113289575947,19.15004618720049,19.387008666992188,20400,0.0,0.0,0.0
2015-10-23 00:00:00-04:00,19.42211242532794,19.483548441546347,19.387007804306272,19.395784378051758,17500,0.0,0.0,0.0
2015-10-26 00:00:00-04:00,19.38701652600807,19.3957931037019,19.290475845336914,19.290475845336914,64300,0.0,0.0,0.0
2015-10-27 00:00:00-04:00,19.097390465366225,19.17637796710495,18.96574518712186,19.009626388549805,15900,0.0,0.0,0.0
2015-10-28 00:00:00-04:00,19.114944100273338,19.17637845341464,18.9745222433902,19.079837799072266,34700,0.0,0.0,0.0
2015-10-29 00:00:00-04:00,19.062285512314702,19.088615239408686,18.9832980049934,19.071062088012695,10100,0.0,0.0,0.0
2015-10-30 00:00:00-04:00,19.009626870630697,19.185155028714906,19.009626870630697,19.079837799072266,19100,0.0,0.0,0.0
2015-11-02 00:00:00-05:00,19.167607623046557,19.378240471502323,19.150054467184972,19.343135833740234,20800,0.0,0.0,0.0
2015-11-03 00:00:00-05:00,19.20271312177737,19.422122558001323,19.18516163908993,19.334360122680664,30000,0.0,0.0,0.0
2015-11-04 00:00:00-05:00,19.351909170728778,19.448449846189227,19.272921649708586,19.28169822692871,35000,0.0,0.0,0.0
2015-11-05 00:00:00-05:00,19.404565455351356,19.47477638765004,19.325577947270254,19.36945915222168,9200,0.0,0.0,0.0
2015-11-06 00:00:00-05:00,19.264148599174927,19.264148599174927,19.097396963877106,19.13250160217285,47300,0.0,0.0,0.0
2015-11-09 00:00:00-05:00,19.027178871840224,19.062283496960124,18.834097574819108,18.92186164855957,11200,0.0,0.0,0.0
2015-11-10 00:00:00-05:00,18.86920690716653,18.86920690716653,18.728785036192846,18.798995971679688,20900,0.0,0.0,0.0
2015-11-11 00:00:00-05:00,18.913092126393757,18.913092126393757,18.77267022563053,18.816553115844727,18300,0.0,0.0,0.0
2015-11-12 00:00:00-05:00,18.720010040359362,18.737563194203098,18.483047485351562,18.483047485351562,30500,0.0,0.0,0.0
2015-11-13 00:00:00-05:00,18.430387851712716,18.52692851422245,18.351400341288517,18.46549415588379,21900,0.0,0.0,0.0
2015-11-16 00:00:00-05:00,18.447939622934697,18.746336490210375,18.447939622934697,18.70245361328125,7500,0.0,0.0,0.0
2015-11-17 00:00:00-05:00,18.755114019977146,18.763888921848903,18.51815149438347,18.56203269958496,19900,0.0,0.0,0.0
2015-11-18 00:00:00-05:00,18.64102124294503,18.860430629054026,18.623468090305725,18.851654052734375,30600,0.0,0.0,0.0
2015-11-19 00:00:00-05:00,18.913090677168572,18.95697356402022,18.877986041648228,18.886762619018555,28500,0.0,0.0,0.0
2015-11-20 00:00:00-05:00,18.913089752197266,19.00963042458846,18.886761695334858,18.913089752197266,28300,0.0,0.0,0.0
2015-11-23 00:00:00-05:00,18.9043107315925,18.974521657867474,18.834098131357003,18.860427856445312,13000,0.0,0.0,0.0
2015-11-24 00:00:00-05:00,18.720008460011897,18.825325700222532,18.6761272530679,18.798995971679688,16400,0.0,0.0,0.0
2015-11-25 00:00:00-05:00,18.77266889726446,18.781445474686265,18.746340838960034,18.755117416381836,5000,0.0,0.0,0.0
2015-11-27 00:00:00-05:00,18.886761695334858,18.930642906079463,18.860431964511562,18.913089752197266,23100,0.0,0.0,0.0
2015-11-30 00:00:00-05:00,18.96575014139055,18.96575014139055,18.860432886907567,18.886762619018555,9500,0.0,0.0,0.0
2015-12-01 00:00:00-05:00,18.956966340314697,19.088611602783203,18.956966340314697,19.088611602783203,103000,0.0,0.0,0.0
2015-12-02 00:00:00-05:00,18.974522914932837,18.974522914932837,18.7375603953208,18.77266502380371,18800,0.0,0.0,0.0
2015-12-03 00:00:00-05:00,18.93941456016297,18.93941456016297,18.649794292230283,18.737558364868164,221700,0.0,0.0,0.0
2015-12-04 00:00:00-05:00,18.74634090228222,18.956973739234034,18.74634090228222,18.904315948486328,34200,0.0,0.0,0.0
2015-12-07 00:00:00-05:00,18.886763542674014,18.886763542674014,18.720011912404722,18.763893127441406,10800,0.0,0.0,0.0
2015-12-08 00:00:00-05:00,18.570809720475573,18.570809720475573,18.439164427755482,18.46549415588379,24000,0.0,0.0,0.0
2015-12-09 00:00:00-05:00,18.55325820594913,18.79899733495407,18.4830472653707,18.579587936401367,23300,0.0,0.0,0.0
2015-12-10 00:00:00-05:00,18.54447999234727,18.553256568390037,18.447941003798253,18.46549415588379,8400,0.0,0.0,0.0
2015-12-11 00:00:00-05:00,18.342631228312197,18.342631228312197,18.184656143188477,18.184656143188477,21100,0.0,0.0,0.0
2015-12-14 00:00:00-05:00,18.316291206278116,18.39527702331543,18.22852714139628,18.39527702331543,15400,0.0,0.0,0.0
2015-12-15 00:00:00-05:00,18.491822722214714,18.518152451072268,18.395282057031118,18.421611785888672,32100,0.0,0.0,0.0
2015-12-16 00:00:00-05:00,18.465497852062065,18.781446283040502,18.465497852062065,18.763893127441406,22100,0.0,0.0,0.0
2015-12-17 00:00:00-05:00,18.693680414789412,18.693680414789412,18.342625705743586,18.351402282714844,38300,0.0,0.0,0.0
2015-12-18 00:00:00-05:00,18.206662567308513,18.28609070477011,18.100759506225586,18.100759506225586,17200,0.116,0.0,0.0
2015-12-21 00:00:00-05:00,18.259622999330894,18.259622999330894,18.02133849275024,18.118417739868164,40500,0.0,0.0,0.0
2015-12-22 00:00:00-05:00,18.10076552103696,18.28609678116631,18.04781397289991,18.21549415588379,32200,0.0,0.0,0.0
2015-12-23 00:00:00-05:00,18.37434594290016,18.630281448364258,18.356694870116648,18.630281448364258,58800,0.0,0.0,0.0
2015-12-24 00:00:00-05:00,18.506728654548926,18.62145896314164,18.48907926217247,18.52437973022461,8700,0.0,0.0,0.0
2015-12-28 00:00:00-05:00,18.55085079506658,18.55085079506658,18.391994528098753,18.453771591186523,31800,0.0,0.0,0.0
2015-12-29 00:00:00-05:00,18.674408468530928,18.718534469604492,18.603805856833795,18.718534469604492,38100,0.0,0.0,0.0
2015-12-30 00:00:00-05:00,18.656757079044148,18.74501076299676,18.603805541992188,18.603805541992188,18800,0.0,0.0,0.0
2015-12-31 00:00:00-05:00,18.524377547620734,18.56850523161067,18.38317232545099,18.471426010131836,13700,0.0,0.0,0.0
2016-01-04 00:00:00-05:00,18.23314502534208,18.286096572875977,18.003686074962733,18.286096572875977,16900,0.0,0.0,0.0
2016-01-05 00:00:00-05:00,18.250789262239298,18.250789262239298,18.021330397856747,18.06545639038086,8200,0.0,0.0,0.0
2016-01-06 00:00:00-05:00,17.765396999611788,17.81835021677408,17.65949393188503,17.67714500427246,10100,0.0,0.0,0.0
2016-01-07 00:00:00-05:00,17.46533499832606,17.56241251770203,17.227050600832982,17.297653198242188,50700,0.0,0.0,0.0
2016-01-08 00:00:00-05:00,17.42121034040455,17.474161876808495,17.129974365234375,17.129974365234375,42400,0.0,0.0,0.0
2016-01-11 00:00:00-05:00,17.244706341150884,17.244706341150884,16.979945266690827,17.13880157470703,54800,0.0,0.0,0.0
2016-01-12 00:00:00-05:00,17.35060635727115,17.35060635727115,17.03289379740002,17.24470329284668,34600,0.0,0.0,0.0
2016-01-13 00:00:00-05:00,17.306482281385126,17.377084893268787,16.821087851798293,16.85638999938965,15800,0.0,0.0,0.0
2016-01-14 00:00:00-05:00,16.935818073702812,17.2270540568547,16.73283409254316,17.112323760986328,23600,0.0,0.0,0.0
2016-01-15 00:00:00-05:00,16.679881302551582,16.741658372628244,16.450422411339048,16.644580841064453,63700,0.0,0.0,0.0
2016-01-19 00:00:00-05:00,16.874040683491913,16.874040683491913,16.485725485450107,16.60927963256836,29100,0.0,0.0,0.0
2016-01-20 00:00:00-05:00,16.388643031941626,16.52984822459077,15.991504058852913,16.39746856689453,38700,0.0,0.0,0.0
2016-01-21 00:00:00-05:00,16.28274210545184,16.50337545819076,16.28274210545184,16.38864517211914,33000,0.0,0.0,0.0
2016-01-22 00:00:00-05:00,16.688708164928812,16.900516000579792,16.688708164928812,16.85638999938965,18500,0.0,0.0,0.0
2016-01-25 00:00:00-05:00,16.847563554258453,16.847563554258453,16.556327585526176,16.565153121948242,20300,0.0,0.0,0.0
2016-01-26 00:00:00-05:00,16.653408922183534,16.988770932405355,16.653408922183534,16.944644927978516,27400,0.0,0.0,0.0
2016-01-27 00:00:00-05:00,16.997597179529887,17.138802419549513,16.82991532576937,16.918169021606445,38000,0.0,0.0,0.0
2016-01-28 00:00:00-05:00,17.0593735494678,17.10349955389464,16.882866165162103,16.944644927978516,11600,0.0,0.0,0.0
2016-01-29 00:00:00-05:00,17.191750908688768,17.4035587310791,17.112322764880023,17.4035587310791,192300,0.0,0.0,0.0
2016-02-01 00:00:00-05:00,17.33295491245942,17.438859657903865,17.209400778856587,17.385908126831055,19600,0.0,0.0,0.0
2016-02-02 00:00:00-05:00,16.9887711685626,17.015247781566252,16.90051747518296,16.935819625854492,172000,0.0,0.0,0.0
2016-02-03 00:00:00-05:00,17.04172025938449,17.218227620748692,16.803437509831454,17.209402084350586,40800,0.0,0.0,0.0
2016-02-04 00:00:00-05:00,17.138798359973077,17.45651091641196,17.138798359973077,17.315305709838867,14700,0.0,0.0,0.0
2016-02-05 00:00:00-05:00,17.1917498498905,17.235877528899273,16.87403897752151,16.926990509033203,16100,0.0,0.0,0.0
2016-02-08 00:00:00-05:00,16.73283488923019,16.73283488923019,16.30921919962163,16.441598892211914,14900,0.0,0.0,0.0
2016-02-09 00:00:00-05:00,16.26509296401863,16.52102680826145,16.220965278253253,16.450424194335938,30300,0.0,0.0,0.0
2016-02-10 00:00:00-05:00,16.450419626654135,16.573975429191158,16.40629363644003,16.415119171142578,32500,0.0,0.0,0.0
2016-02-11 00:00:00-05:00,16.203313321956838,16.23861378168132,16.02680597343795,16.150360107421875,28600,0.0,0.0,0.0
2016-02-12 00:00:00-05:00,16.220965963414226,16.459250426714934,16.220965963414226,16.432775497436523,37300,0.0,0.0,0.0
2016-02-16 00:00:00-05:00,16.706356885448077,16.882862548644916,16.618103212200253,16.874038696289062,16900,0.0,0.0,0.0
2016-02-17 00:00:00-05:00,16.962294459286113,17.27118154271212,16.962294459286113,17.191753387451172,37000,0.0,0.0,0.0
2016-02-18 00:00:00-05:00,17.359432364371795,17.359432364371795,17.209401616282502,17.227052688598633,28200,0.0,0.0,0.0
2016-02-19 00:00:00-05:00,17.191756229707575,17.244709464168913,17.068202049230038,17.165281295776367,21800,0.0,0.0,0.0
2016-02-22 00:00:00-05:00,17.368259741923318,17.491813894637698,17.368259741923318,17.482988357543945,21100,0.0,0.0,0.0
2016-02-23 00:00:00-05:00,17.29765111882522,17.29765111882522,17.094668886087366,17.103492736816406,40700,0.0,0.0,0.0
2016-02-24 00:00:00-05:00,16.935813552344126,17.10349365800301,16.785782832392407,17.07701873779297,22600,0.0,0.0,0.0
2016-02-25 00:00:00-05:00,17.17410684050346,17.244711160062007,16.997601091505977,17.235885620117188,10500,0.0,0.0,0.0
2016-02-26 00:00:00-05:00,17.18293473844109,17.18293473844109,17.01525450637788,17.094682693481445,16000,0.0,0.0,0.0
2016-02-29 00:00:00-05:00,17.050554987701766,17.244713526532646,17.050554987701766,17.094682693481445,9700,0.0,0.0,0.0
2016-03-01 00:00:00-05:00,17.14762514115516,17.438861111275752,17.14762514115516,17.394733428955078,20000,0.0,0.0,0.0
2016-03-02 00:00:00-05:00,17.341786004483406,17.615370966531312,17.306485533557563,17.58007049560547,94900,0.0,0.0,0.0
2016-03-03 00:00:00-05:00,17.58007049560547,17.606547111274374,17.48299125478551,17.58007049560547,16300,0.0,0.0,0.0
2016-03-04 00:00:00-05:00,17.65950014514593,17.818356485926476,17.624197987950474,17.721277236938477,18600,0.0,0.0,0.0
2016-03-07 00:00:00-05:00,17.65067415837651,17.85365650720597,17.65067415837651,17.800704956054688,19400,0.0,0.0,0.0
2016-03-08 00:00:00-05:00,17.906601727279693,17.906601727279693,17.650666258547375,17.68596839904785,18400,0.0,0.0,0.0
2016-03-09 00:00:00-05:00,17.730099632777303,17.730099632777303,17.633020401000977,17.633020401000977,6300,0.0,0.0,0.0
2016-03-10 00:00:00-05:00,17.73009149570971,17.791868548197453,17.51828373719527,17.650663375854492,17400,0.0,0.0,0.0
2016-03-11 00:00:00-05:00,17.80069917869017,18.06545853181619,17.80069917869017,18.05663299560547,13200,0.0,0.0,0.0
2016-03-14 00:00:00-04:00,17.93308207562501,17.95955868901177,17.836002843172764,17.88895606994629,24100,0.0,0.0,0.0
2016-03-15 00:00:00-04:00,17.800707135590454,17.950737951638548,17.7389300378,17.915435791015625,20300,0.0,0.0,0.0
2016-03-16 00:00:00-04:00,17.694793923641143,18.047808628823095,17.694793923641143,18.01250648498535,20400,0.0,0.0,0.0
2016-03-17 00:00:00-04:00,18.030162690379353,18.294922111348182,18.030162690379353,18.286096572875977,21900,0.0,0.0,0.0
2016-03-18 00:00:00-04:00,18.268443796929954,18.365521335552174,18.197841185523327,18.2066650390625,32400,0.0,0.0,0.0
2016-03-21 00:00:00-04:00,18.136067441938163,18.34787701801846,18.136067441938163,18.294923782348633,10700,0.0,0.0,0.0
2016-03-22 00:00:00-04:00,18.171361223957874,18.294915350309623,18.162535688747216,18.197837829589844,34800,0.0,0.0,0.0
2016-03-23 00:00:00-04:00,18.127238216588566,18.127238216588566,18.03015899658203,18.03015899658203,11400,0.0,0.0,0.0
2016-03-24 00:00:00-04:00,17.933084513116473,17.994861602783203,17.871307423449743,17.994861602783203,18100,0.0,0.0,0.0
2016-03-28 00:00:00-04:00,17.97720773433777,18.127238493320526,17.97720773433777,18.083110809326172,11900,0.0,0.0,0.0
2016-03-29 00:00:00-04:00,18.047809122407045,18.427297079248067,18.047809122407045,18.38317108154297,17500,0.0,0.0,0.0
2016-03-30 00:00:00-04:00,18.586154468541864,18.656757079044148,18.506726321314414,18.603805541992188,13000,0.0,0.0,0.0
2016-03-31 00:00:00-04:00,18.603803118602244,18.647929113181053,18.524374981721355,18.559677124023438,12000,0.0,0.0,0.0
2016-04-01 00:00:00-04:00,18.339043784531807,18.577326511875683,18.339043784531807,18.559677124023438,8600,0.0,0.0,0.0
2016-04-04 00:00:00-04:00,18.603807581958748,18.603807581958748,18.391999727226484,18.409650802612305,11700,0.0,0.0,0.0
2016-04-05 00:00:00-04:00,18.215492013124628,18.286094630101886,18.171366008751026,18.22431755065918,13400,0.0,0.0,0.0
2016-04-06 00:00:00-04:00,18.312567273014043,18.356693267822266,18.19783867653338,18.356693267822266,10900,0.0,0.0,0.0
2016-04-07 00:00:00-04:00,18.321395334660167,18.365521335552174,18.153713501332287,18.2066650390625,12300,0.0,0.0,0.0
2016-04-08 00:00:00-04:00,18.53320359483405,18.656757746810573,18.497901446669857,18.515552520751953,16200,0.0,0.0,0.0
2016-04-11 00:00:00-04:00,18.692057261739546,18.745008793227235,18.52437544817988,18.54202651977539,16600,0.0,0.0,0.0
2016-04-12 00:00:00-04:00,18.61263116039596,18.753836382020193,18.533203012819953,18.727359771728516,21300,0.0,0.0,0.0
2016-04-13 00:00:00-04:00,18.859742226054266,18.956819769449904,18.762662999359506,18.947994232177734,17700,0.0,0.0,0.0
2016-04-14 00:00:00-04:00,18.956820204509533,19.009773429357836,18.85974265888596,18.868566513061523,20100,0.0,0.0,0.0
2016-04-15 00:00:00-04:00,18.93916580701103,18.93916580701103,18.868563202898457,18.92151641845703,11500,0.0,0.0,0.0
2016-04-18 00:00:00-04:00,18.895044390200894,19.045075170714885,18.895044390200894,19.018598556518555,14900,0.0,0.0,0.0
2016-04-19 00:00:00-04:00,19.053895299258237,19.19510050161773,19.053895299258237,19.142148971557617,9600,0.0,0.0,0.0
2016-04-20 00:00:00-04:00,19.062725337315875,19.15097903046023,18.965646106527164,19.115676879882812,7200,0.0,0.0,0.0
2016-04-21 00:00:00-04:00,18.983292793377057,19.080372001723603,18.930341263051123,18.939165115356445,15600,0.0,0.0,0.0
2016-04-22 00:00:00-04:00,18.912691207573584,19.062721954303665,18.912691207573584,19.036245346069336,11800,0.0,0.0,0.0
2016-04-25 00:00:00-04:00,19.053899493987938,19.053899493987938,18.947994727253914,19.000947952270508,10500,0.0,0.0,0.0
2016-04-26 00:00:00-04:00,19.045067180986763,19.177446829834363,19.045067180986763,19.1597957611084,24000,0.0,0.0,0.0
2016-04-27 00:00:00-04:00,19.150977200856563,19.256880275872906,19.142151664055366,19.239229202270508,23800,0.0,0.0,0.0
2016-04-28 00:00:00-04:00,19.1951074938382,19.31866167008526,19.1951074938382,19.292186737060547,22300,0.0,0.0,0.0
2016-04-29 00:00:00-04:00,19.212753252049897,19.283355859400743,19.080373573679427,19.150976181030273,16900,0.0,0.0,0.0
2016-05-02 00:00:00-04:00,19.327484130859375,19.35396074296695,19.203929974288947,19.327484130859375,13700,0.0,0.0,0.0
2016-05-03 00:00:00-04:00,19.265704786738297,19.265704786738297,19.027420355692087,19.150976181030273,17400,0.0,0.0,0.0
2016-05-04 00:00:00-04:00,18.921519030868392,18.983296107583826,18.868565807998795,18.895042419433594,12300,0.0,0.0,0.0
2016-05-05 00:00:00-04:00,18.94799172051964,18.94799172051964,18.77148604837036,18.780311584472656,8400,0.0,0.0,0.0
2016-05-06 00:00:00-04:00,18.859745316507077,18.97447395324707,18.815617622915237,18.97447395324707,139100,0.0,0.0,0.0
2016-05-09 00:00:00-04:00,18.877397042354158,18.88622258216264,18.80679440718587,18.833271026611328,20300,0.0,0.0,0.0
2016-05-10 00:00:00-04:00,18.84208790850875,19.08037232394774,18.84208790850875,19.062721252441406,24600,0.0,0.0,0.0
2016-05-11 00:00:00-04:00,18.912694729548658,19.089200434083562,18.912694729548658,18.98329734802246,41100,0.0,0.0,0.0
2016-05-12 00:00:00-04:00,18.983295910532423,19.08037513481988,18.868565612138323,18.96564483642578,7200,0.0,0.0,0.0
2016-05-13 00:00:00-04:00,18.9391724326509,18.9391724326509,18.75384116325657,18.762666702270508,21100,0.0,0.0,0.0
2016-05-16 00:00:00-04:00,18.842091151509923,19.053898996144664,18.842091151509923,18.947994232177734,7200,0.0,0.0,0.0
2016-05-17 00:00:00-04:00,18.93916938957502,19.053899695022313,18.842091842618675,18.93034553527832,18400,0.0,0.0,0.0
2016-05-18 00:00:00-04:00,18.79796028137207,18.983293166099916,18.718532142674256,18.79796028137207,23800,0.0,0.0,0.0
2016-05-19 00:00:00-04:00,18.736191278535003,18.806793911843723,18.656763105650246,18.78914451599121,7700,0.0,0.0,0.0
2016-05-20 00:00:00-04:00,18.98329204085,19.04506910433112,18.895038371606088,18.90386390686035,12900,0.0,0.0,0.0
2016-05-23 00:00:00-04:00,18.859745498994247,18.8685693544986,18.77149179425602,18.84209442138672,6200,0.0,0.0,0.0
2016-05-24 00:00:00-04:00,18.939165020279408,19.16862389493828,18.939165020279408,19.142148971557617,5900,0.0,0.0,0.0
2016-05-25 00:00:00-04:00,19.2304036300165,19.35395776759237,19.133324417178958,19.168624877929688,18800,0.0,0.0,0.0
2016-05-26 00:00:00-04:00,19.203923432923308,19.327477547407927,19.1597957611084,19.1597957611084,14900,0.0,0.0,0.0
2016-05-27 00:00:00-04:00,19.124499572036605,19.24805371407585,19.124499572036605,19.150976181030273,7500,0.0,0.0,0.0
2016-05-31 00:00:00-04:00,19.230404324712342,19.345132930420366,19.14215064469905,19.150976181030273,4300,0.0,0.0,0.0
2016-06-01 00:00:00-04:00,19.17745041394209,19.212752557991696,19.07154734839102,19.168624877929688,10900,0.0,0.0,0.0
2016-06-02 00:00:00-04:00,19.106850439815922,19.21275520324707,19.080375511432464,19.21275520324707,53700,0.0,0.0,0.0
2016-06-03 00:00:00-04:00,19.24805621222121,19.38043590777283,19.230406820567044,19.31865882873535,5300,0.0,0.0,0.0
2016-06-06 00:00:00-04:00,19.45986582435287,19.53046844726189,19.45104196937614,19.521644592285156,4900,0.0,0.0,0.0
2016-06-07 00:00:00-04:00,19.601069697450917,19.715800003705237,19.601069697450917,19.627546310424805,20300,0.0,0.0,0.0
2016-06-08 00:00:00-04:00,19.61872010403572,19.759925335151568,19.61872010403572,19.71579933166504,19600,0.0,0.0,0.0
2016-06-09 00:00:00-04:00,19.62753983557034,19.62753983557034,19.512811250462583,19.592239379882812,6000,0.0,0.0,0.0
2016-06-10 00:00:00-04:00,19.283358931903756,19.283358931903756,18.992122919765222,19.045074462890625,11000,0.0,0.0,0.0
2016-06-13 00:00:00-04:00,18.9568170670355,18.992119211091637,18.780311396651445,18.850914001464844,26600,0.0,0.0,0.0
2016-06-14 00:00:00-04:00,18.709712725046483,18.709712725046483,18.57733134030526,18.647933959960938,6000,0.0,0.0,0.0
2016-06-15 00:00:00-04:00,18.753835165137698,18.859739916133528,18.70970916748047,18.70970916748047,14000,0.0,0.0,0.0
2016-06-16 00:00:00-04:00,18.58615786717077,18.75383972901281,18.42730154366771,18.745014190673828,13500,0.0,0.0,0.0
2016-06-17 00:00:00-04:00,18.821435928344727,18.85698072337709,18.705911530852184,18.821435928344727,15800,0.146,0.0,0.0
2016-06-20 00:00:00-04:00,19.239100862930815,19.292418913615652,19.203556060791016,19.203556060791016,8200,0.0,0.0,0.0
2016-06-21 00:00:00-04:00,19.24798259461324,19.319073875772624,19.194664557481165,19.230209350585938,26200,0.0,0.0,0.0
2016-06-22 00:00:00-04:00,19.301298154695125,19.336844638187845,19.19466209411621,19.19466209411621,14300,0.0,0.0,0.0
2016-06-23 00:00:00-04:00,19.38128676132912,19.487924575805664,19.33685532735172,19.487924575805664,10500,0.0,0.0,0.0
2016-06-24 00:00:00-04:00,18.563727206320568,18.777001041207548,18.412658028073572,18.545955657958984,23800,0.0,0.0,0.0
2016-06-27 00:00:00-04:00,18.38600093492262,18.38600093492262,18.003884656096773,18.181612014770508,11300,0.0,0.0,0.0
2016-06-28 00:00:00-04:00,18.519295792991947,18.563727206320568,18.385999858056305,18.545955657958984,13900,0.0,0.0,0.0
2016-06-29 00:00:00-04:00,18.77700498183818,18.93696081530994,18.75923342974697,18.865869522094727,9800,0.0,0.0,0.0
2016-06-30 00:00:00-04:00,18.999167092423644,19.203556060791016,18.93696241746629,19.203556060791016,16400,0.0,0.0,0.0
2016-07-01 00:00:00-04:00,19.31018725375897,19.43459826700027,19.21243780150847,19.230209350585938,11000,0.0,0.0,0.0
2016-07-05 00:00:00-04:00,19.08803211265683,19.08803211265683,18.910304707658256,18.972509384155273,6700,0.0,0.0,0.0
2016-07-06 00:00:00-04:00,18.856982001631394,18.999164581298828,18.768119160551784,18.999164581298828,7500,0.0,0.0,0.0
2016-07-07 00:00:00-04:00,18.972502331079685,19.05248022682967,18.830319781957424,18.901411056518555,13500,0.0,0.0,0.0
2016-07-08 00:00:00-04:00,19.016935802941525,19.212438100383505,18.954731142828123,19.168004989624023,15500,0.0,0.0,0.0
2016-07-11 00:00:00-04:00,19.345733642578125,19.40793830140477,19.301300532737784,19.345733642578125,12300,0.0,0.0,0.0
2016-07-12 00:00:00-04:00,19.452369417748635,19.505689148738714,19.40793800354004,19.40793800354004,17000,0.0,0.0,0.0
2016-07-13 00:00:00-04:00,19.487914745852652,19.550119400024414,19.44348163933732,19.550119400024414,21000,0.0,0.0,0.0
2016-07-14 00:00:00-04:00,19.638986604003435,19.647873226521867,19.567895318805906,19.585668563842773,9900,0.0,0.0,0.0
2016-07-15 00:00:00-04:00,19.550119979363743,19.59455139224603,19.46125545864941,19.479028701782227,7100,0.0,0.0,0.0
2016-07-18 00:00:00-04:00,19.51458275821188,19.53235600978306,19.47015132423448,19.487924575805664,14500,0.0,0.0,0.0
2016-07-19 00:00:00-04:00,19.443482795916953,19.496802526907032,19.37239151621332,19.40793800354004,8600,0.0,0.0,0.0
2016-07-20 00:00:00-04:00,19.505697215956154,19.567901899554887,19.479037339435052,19.55901527404785,14400,0.0,0.0,0.0
2016-07-21 00:00:00-04:00,19.479029283243673,19.541233941115628,19.39016475987668,19.40793800354004,5700,0.0,0.0,0.0
2016-07-22 00:00:00-04:00,19.416827278576175,19.559009857411926,19.399054032484198,19.49680519104004,13900,0.0,0.0,0.0
2016-07-25 00:00:00-04:00,19.559008245218557,19.559008245218557,19.407939055789022,19.434598922729492,7100,0.0,0.0,0.0
2016-07-26 00:00:00-04:00,19.603441430741377,19.656761169433594,19.55901001011458,19.656761169433594,9900,0.0,0.0,0.0
2016-07-27 00:00:00-04:00,19.66563903029434,19.66563903029434,19.56788960105391,19.638980865478516,6000,0.0,0.0,0.0
2016-07-28 00:00:00-04:00,19.701184380045024,19.754502401568132,19.638979739109843,19.72784423828125,15300,0.0,0.0,0.0
2016-07-29 00:00:00-04:00,19.76339636050081,19.852260892673783,19.70119169646472,19.790056228637695,11200,0.0,0.0,0.0
2016-08-01 00:00:00-04:00,19.745618547430876,19.75450516808748,19.576777839804187,19.647869110107422,13800,0.0,0.0,0.0
2016-08-02 00:00:00-04:00,19.64787112164448,19.64787112164448,19.46125545864941,19.479028701782227,7500,0.0,0.0,0.0
2016-08-03 00:00:00-04:00,19.407937719118863,19.443482510974874,19.38127785401452,19.416824340820312,8000,0.0,0.0,0.0
2016-08-04 00:00:00-04:00,19.550123234365934,19.576783103503903,19.46125869885608,19.49680519104004,12900,0.0,0.0,0.0
2016-08-05 00:00:00-04:00,19.514573766492685,19.54123363156541,19.496802218060648,19.523460388183594,8200,0.0,0.0,0.0
2016-08-08 00:00:00-04:00,19.60343858653866,19.60343858653866,19.452369405395643,19.46125602722168,11400,0.0,0.0,0.0
2016-08-09 00:00:00-04:00,19.50569076211747,19.603440220451514,19.470144271850586,19.470144271850586,19600,0.0,0.0,0.0
2016-08-10 00:00:00-04:00,19.665646097598913,19.68341934382965,19.603441430741377,19.656761169433594,18400,0.0,0.0,0.0
2016-08-11 00:00:00-04:00,19.74562395072151,19.84337510974366,19.71007915331803,19.816715240478516,32800,0.0,0.0,0.0
2016-08-12 00:00:00-04:00,19.87003308137462,19.887804630904114,19.736735442729177,19.763395309448242,8100,0.0,0.0,0.0
2016-08-15 00:00:00-04:00,19.852261639649054,19.896693059932364,19.825601770509046,19.878921508789062,14600,0.0,0.0,0.0
2016-08-16 00:00:00-04:00,19.896692024444057,19.914465269612418,19.79894256591797,19.79894256591797,7200,0.0,0.0,0.0
2016-08-17 00:00:00-04:00,19.745629975762515,19.84338116461177,19.63010723026386,19.7545166015625,16700,0.0,0.0,0.0
2016-08-18 00:00:00-04:00,19.843369870698343,19.896687900201563,19.790051841195123,19.861143112182617,6700,0.0,0.0,0.0
2016-08-19 00:00:00-04:00,19.763392834406588,19.79005269778694,19.71007480259555,19.781166076660156,10900,0.0,0.0,0.0
2016-08-22 00:00:00-04:00,19.72785128019447,19.834487361304742,19.71007803502611,19.79894256591797,8600,0.0,0.0,0.0
2016-08-23 00:00:00-04:00,19.88780481385313,19.94112454778175,19.85226001951728,19.870033264160156,9300,0.0,0.0,0.0
2016-08-24 00:00:00-04:00,19.825593661915388,19.825593661915388,19.718957618869176,19.72784423828125,6500,0.0,0.0,0.0
2016-08-25 00:00:00-04:00,19.736734117121767,19.772280603693062,19.674529460571776,19.692302703857422,15800,0.0,0.0,0.0
2016-08-26 00:00:00-04:00,19.781163394327727,19.8789145185176,19.532343121366885,19.638980865478516,18500,0.0,0.0,0.0
2016-08-29 00:00:00-04:00,19.64787422241303,19.807830045952624,19.64787422241303,19.77228355407715,6400,0.0,0.0,0.0
2016-08-30 00:00:00-04:00,19.727843736948998,19.736728661185943,19.612319382477118,19.63009262084961,9400,0.0,0.0,0.0
2016-08-31 00:00:00-04:00,19.727845369746632,19.736730294718946,19.60343438579149,19.638980865478516,12900,0.0,0.0,0.0
2016-09-01 00:00:00-04:00,19.630098614748164,19.674530029296875,19.559007334500336,19.674530029296875,2700,0.0,0.0,0.0
2016-09-02 00:00:00-04:00,19.81671569663788,19.941126727788983,19.81671569663788,19.914466857910156,14200,0.0,0.0,0.0
2016-09-06 00:00:00-04:00,20.05664987553783,20.10996792150136,20.05664987553783,20.065536499023438,16900,0.0,0.0,0.0
2016-09-07 00:00:00-04:00,20.083308427504544,20.083308427504544,19.958897401823844,19.994443893432617,11600,0.0,0.0,0.0
2016-09-08 00:00:00-04:00,20.038872630076096,20.038872630076096,19.941123181139236,19.958894729614258,27900,0.0,0.0,0.0
2016-09-09 00:00:00-04:00,19.79894088938493,19.79894088938493,19.40793800354004,19.40793800354004,9600,0.0,0.0,0.0
2016-09-12 00:00:00-04:00,19.239095273873648,19.567893496638135,19.239095273873648,19.523460388183594,32800,0.0,0.0,0.0
2016-09-13 00:00:00-04:00,19.29241096427509,19.31907082610758,19.150228424400943,19.212434768676758,9900,0.0,0.0,0.0
2016-09-14 00:00:00-04:00,19.265750388758825,19.283523627758452,19.18577250820988,19.221317291259766,13300,0.0,0.0,0.0
2016-09-15 00:00:00-04:00,19.247982469802235,19.505689421677577,19.247982469802235,19.452369689941406,8200,0.0,0.0,0.0
2016-09-16 00:00:00-04:00,19.321479104984437,19.321479104984437,19.18791913972698,19.30367088317871,16700,0.043,0.0,0.0
2016-09-19 00:00:00-04:00,19.44613387544454,19.51736506663247,19.401615017809174,19.428325653076172,19600,0.0,0.0,0.0
2016-09-20 00:00:00-04:00,19.517371503988542,19.54408384635155,19.43723617518564,19.44614028930664,8500,0.0,0.0,0.0
2016-09-21 00:00:00-04:00,19.49065732272664,19.68654441833496,19.446138454608,19.68654441833496,11300,0.0,0.0,0.0
2016-09-22 00:00:00-04:00,19.882429732750627,19.980373280146377,19.864621506263045,19.873525619506836,10600,0.0,0.0,0.0
2016-09-23 00:00:00-04:00,19.79339101635667,19.873526340170745,19.731063919675947,19.757776260375977,13300,0.0,0.0,0.0
2016-09-26 00:00:00-04:00,19.615313719415433,19.633120248153414,19.55298492483148,19.57079315185547,22700,0.0,0.0,0.0
2016-09-27 00:00:00-04:00,19.56188405282627,19.704346436138362,19.53517341738373,19.668731689453125,29500,0.0,0.0,0.0
2016-09-28 00:00:00-04:00,19.722159696386647,19.864622116088867,19.722159696386647,19.864622116088867,6800,0.0,0.0,0.0
2016-09-29 00:00:00-04:00,19.900238042219165,19.909142155500085,19.64202385193036,19.68654441833496,3400,0.0,0.0,0.0
2016-09-30 00:00:00-04:00,19.748872776049637,19.900239314933966,19.722160434498495,19.829008102416992,16700,0.0,0.0,0.0
2016-10-03 00:00:00-04:00,19.784485472786375,19.873524903731447,19.766678945226076,19.77558135986328,6100,0.0,0.0,0.0
2016-10-04 00:00:00-04:00,19.802294469956394,19.802294469956394,19.57079261979629,19.606409072875977,55300,0.0,0.0,0.0
2016-10-05 00:00:00-04:00,19.54408250960549,19.59750549239145,19.5351783960935,19.57079315185547,6100,0.0,0.0,0.0
2016-10-06 00:00:00-04:00,19.633123452417266,19.633123452417266,19.38381502653659,19.49956512451172,17100,0.0,0.0,0.0
2016-10-07 00:00:00-04:00,19.38380940206062,19.38380940206062,19.214634663382597,19.312578201293945,12300,0.0,0.0,0.0
2016-10-10 00:00:00-04:00,19.303669582715116,19.40161309776279,19.285861362109106,19.29476547241211,13600,0.0,0.0,0.0
2016-10-11 00:00:00-04:00,19.232444635088466,19.232444635088466,19.000942786997296,19.045461654663086,6500,0.0,0.0,0.0
2016-10-12 00:00:00-04:00,19.009847031157488,19.063270012381683,19.000942917905796,19.01875114440918,5500,0.0,0.0,0.0
2016-10-13 00:00:00-04:00,18.920806256139198,19.107787526316784,18.876287391321437,19.063268661499023,8200,0.0,0.0,0.0
2016-10-14 00:00:00-04:00,19.125600328217644,19.17902501672621,19.018754347772987,19.027658462524414,12700,0.0,0.0,0.0
2016-10-17 00:00:00-04:00,19.000946044921875,19.054369034937977,18.99204193020482,19.000946044921875,6600,0.0,0.0,0.0
2016-10-18 00:00:00-04:00,19.205736296874452,19.303679864088053,19.16121741993352,19.179025650024414,11100,0.0,0.0,0.0
2016-10-19 00:00:00-04:00,19.214631511638142,19.28586270072088,19.18791917887505,19.250247955322266,4800,0.0,0.0,0.0
2016-10-20 00:00:00-04:00,19.18791917887505,19.259150367957787,19.18791917887505,19.250247955322266,5100,0.0,0.0,0.0
2016-10-21 00:00:00-04:00,19.14340205538937,19.19682502746582,19.134497943662353,19.19682502746582,10500,0.0,0.0,0.0
2016-10-24 00:00:00-04:00,19.28586575091013,19.294769863239406,19.170115687201093,19.205730438232422,11900,0.0,0.0,0.0
2016-10-25 00:00:00-04:00,19.143405869838663,19.143405869838663,18.938616354168563,18.983135223388672,7900,0.0,0.0,0.0
2016-10-26 00:00:00-04:00,18.92081062589171,18.93861885524595,18.885194167183233,18.89409828186035,3700,0.0,0.0,0.0
2016-10-27 00:00:00-04:00,18.929710970056302,18.929710970056302,18.84067153930664,18.84067153930664,3500,0.0,0.0,0.0
2016-10-28 00:00:00-04:00,18.83176872303997,18.920808159920327,18.787249853742793,18.849576950073242,30500,0.0,0.0,0.0
2016-10-31 00:00:00-04:00,18.86738717417841,18.9564266204834,18.849578945260177,18.9564266204834,7200,0.0,0.0,0.0
2016-11-01 00:00:00-04:00,18.93861582786954,18.93861582786954,18.760536959365872,18.805057525634766,6200,0.0,0.0,0.0
2016-11-02 00:00:00-04:00,18.76944609619626,18.76944609619626,18.564656531405994,18.626983642578125,7400,0.0,0.0,0.0
2016-11-03 00:00:00-04:00,18.537937211891613,18.555745436467344,18.466706011874468,18.484514236450195,9300,0.0,0.0,0.0
2016-11-04 00:00:00-04:00,18.439993641792743,18.47561009088004,18.40437889099121,18.40437889099121,4900,0.0,0.0,0.0
2016-11-07 00:00:00-05:00,18.573556919121458,18.6536922454834,18.573556919121458,18.6536922454834,8500,0.0,0.0,0.0
2016-11-08 00:00:00-05:00,18.653693494998283,18.813962460171687,18.626981151659624,18.79615592956543,14400,0.0,0.0,0.0
2016-11-09 00:00:00-05:00,18.60917280357971,19.01875357405163,18.60917280357971,18.90300178527832,22900,0.0,0.0,0.0
2016-11-10 00:00:00-05:00,18.813960473859026,18.813960473859026,18.626979185087798,18.769441604614258,12200,0.0,0.0,0.0
2016-11-11 00:00:00-05:00,18.680402123289646,18.680402123289646,18.573556158042607,18.60917091369629,15700,0.0,0.0,0.0
2016-11-14 00:00:00-05:00,18.54684129076887,18.54684129076887,18.35095591564603,18.40437889099121,15700,0.0,0.0,0.0
2016-11-15 00:00:00-05:00,18.359860060991632,18.484514236450195,18.359860060991632,18.484514236450195,14200,0.0,0.0,0.0
2016-11-16 00:00:00-05:00,18.431094989563615,18.493422089901483,18.413286761385336,18.457805633544922,7500,0.0,0.0,0.0
2016-11-17 00:00:00-05:00,18.56464759100463,18.63587878351003,18.52012703426026,18.537935256958008,12300,0.0,0.0,0.0
2016-11-18 00:00:00-05:00,18.520125812282643,18.520125812282643,18.38656754743303,18.422183990478516,16400,0.0,0.0,0.0
2016-11-21 00:00:00-05:00,18.45780701384427,18.582462922128048,18.45780701384427,18.573558807373047,15200,0.0,0.0,0.0
2016-11-22 00:00:00-05:00,18.626979162972198,18.689306259155273,18.564652066789122,18.689306259155273,8600,0.0,0.0,0.0
2016-11-23 00:00:00-05:00,18.529035722153612,18.635883386445148,18.52013160860548,18.582460403442383,15000,0.0,0.0,0.0
2016-11-25 00:00:00-05:00,18.55574724517451,18.60917022582329,18.55574724517451,18.59136199951172,4000,0.0,0.0,0.0
2016-11-28 00:00:00-05:00,18.591360750505977,18.609168975621156,18.529033660888672,18.529033660888672,20000,0.0,0.0,0.0
2016-11-29 00:00:00-05:00,18.457799953103734,18.600262338114536,18.457799953103734,18.537935256958008,8700,0.0,0.0,0.0
2016-11-30 00:00:00-05:00,18.555745403040696,18.555745403040696,18.40437889099121,18.40437889099121,11500,0.0,0.0,0.0
2016-12-01 00:00:00-05:00,18.279727248617622,18.36876498710151,18.261919021606445,18.261919021606445,15900,0.0,0.0,0.0
2016-12-02 00:00:00-05:00,18.350959091272816,18.368765620612113,18.279727879057454,18.33315086364746,17200,0.0,0.0,0.0
2016-12-05 00:00:00-05:00,18.413282267201122,18.44889701657897,18.359859293991498,18.439992904663086,10300,0.0,0.0,0.0
2016-12-06 00:00:00-05:00,18.5023217245409,18.529032362055506,18.377665855758494,18.52012825012207,15900,0.0,0.0,0.0
2016-12-07 00:00:00-05:00,18.386576463277944,18.635886590633017,18.386576463277944,18.511232376098633,11700,0.0,0.0,0.0
2016-12-08 00:00:00-05:00,18.511224621196977,18.60916644946341,18.47560817580148,18.537935256958008,20400,0.0,0.0,0.0
2016-12-09 00:00:00-05:00,18.511232320203884,18.653694764466245,18.511232320203884,18.644790649414062,30000,0.0,0.0,0.0
2016-12-12 00:00:00-05:00,18.582465304623355,18.689311298809834,18.582465304623355,18.6715030670166,30500,0.0,0.0,0.0
2016-12-13 00:00:00-05:00,18.689301835553746,18.86738066674362,18.689301835553746,18.831764221191406,17000,0.0,0.0,0.0
2016-12-14 00:00:00-05:00,18.698207836501638,18.8228620119602,18.484514236450195,18.484514236450195,14300,0.0,0.0,0.0
2016-12-15 00:00:00-05:00,18.49342414594049,18.55575125320768,18.422192923594228,18.511232376098633,22500,0.0,0.0,0.0
2016-12-16 00:00:00-05:00,18.603442444870844,18.603442444870844,18.35276985168457,18.35276985168457,14000,0.113,0.0,0.0
2016-12-19 00:00:00-05:00,18.370667774399543,18.630291327777236,18.370667774399543,18.52286148071289,15700,0.0,0.0,0.0
2016-12-20 00:00:00-05:00,18.46019744873047,18.62134225130594,18.46019744873047,18.46019744873047,27900,0.0,0.0,0.0
2016-12-21 00:00:00-05:00,18.478104404680238,18.62134539172681,18.478104404680238,18.558677673339844,249000,0.0,0.0,0.0
2016-12-22 00:00:00-05:00,18.52286148071289,18.558670860545462,18.487050393313687,18.52286148071289,17900,0.0,0.0,0.0
2016-12-23 00:00:00-05:00,18.451244950820136,18.603438689610336,18.451244950820136,18.585533142089844,17900,0.0,0.0,0.0
2016-12-27 00:00:00-05:00,18.61239128083675,18.692962828754805,18.603438507164306,18.63924789428711,15100,0.0,0.0,0.0
2016-12-28 00:00:00-05:00,18.630296613485363,18.64820216226505,18.39752960205078,18.39752960205078,28500,0.0,0.0,0.0
2016-12-29 00:00:00-05:00,18.52286081892884,18.630290662154938,18.52286081892884,18.621337890625,13800,0.0,0.0,0.0
2016-12-30 00:00:00-05:00,18.71981666988773,18.755627756007474,18.567622969011953,18.621337890625,45300,0.0,0.0,0.0
2017-01-03 00:00:00-05:00,18.594485733491858,18.648200667959554,18.540769091457186,18.63924789428711,12600,0.0,0.0,0.0
2017-01-04 00:00:00-05:00,18.71086987542684,18.773537588588628,18.39752960205078,18.39752960205078,14800,0.0,0.0,0.0
2017-01-05 00:00:00-05:00,18.657151984888564,18.880966186523438,18.657151984888564,18.880966186523438,11800,0.0,0.0,0.0
2017-01-06 00:00:00-05:00,18.782485961914062,18.854106432683768,18.77353318962201,18.782485961914062,12500,0.0,0.0,0.0
2017-01-09 00:00:00-05:00,18.755629204119074,18.76458026877355,18.7108653430132,18.719818115234375,9700,0.0,0.0,0.0
2017-01-10 00:00:00-05:00,18.701922617787357,18.71982817184888,18.63030210910889,18.675065994262695,12100,0.0,0.0,0.0
2017-01-11 00:00:00-05:00,18.66610318947403,18.80039135765825,18.621339328368155,18.719818115234375,10200,0.0,0.0,0.0
2017-01-12 00:00:00-05:00,18.791441423886248,18.863061904907227,18.764583103165773,18.863061904907227,10400,0.0,0.0,0.0
2017-01-13 00:00:00-05:00,18.79144688307271,18.87202016107488,18.73773193359375,18.73773193359375,9100,0.0,0.0,0.0
2017-01-17 00:00:00-05:00,18.791443138124507,18.943636887623736,18.791443138124507,18.916778564453125,19100,0.0,0.0,0.0
2017-01-18 00:00:00-05:00,18.952589982560415,19.033163245867875,18.916778884393924,18.925731658935547,8500,0.0,0.0,0.0
2017-01-19 00:00:00-05:00,18.818299744606726,18.916776838781217,18.818299744606726,18.863061904907227,17800,0.0,0.0,0.0
2017-01-20 00:00:00-05:00,19.01525706742135,19.01525706742135,18.84515777189472,18.9615421295166,11400,0.0,0.0,0.0
2017-01-23 00:00:00-05:00,19.08687897128929,19.09583174619947,18.988400154844566,19.060022354125977,12800,0.0,0.0,0.0
2017-01-24 00:00:00-05:00,19.077924423066996,19.194308778514035,19.042115034322023,19.12268829345703,11800,0.0,0.0,0.0
2017-01-25 00:00:00-05:00,19.310688995908627,19.319641768859817,19.167448043823242,19.167448043823242,11100,0.0,0.0,0.0
2017-01-26 00:00:00-05:00,19.292788062054804,19.346504712603217,19.22116756889083,19.24802589416504,15800,0.0,0.0,0.0
2017-01-27 00:00:00-05:00,19.23011589050293,19.25697420955705,19.18535373297958,19.23011589050293,14800,0.0,0.0,0.0
2017-01-30 00:00:00-05:00,19.203260908480054,19.203260908480054,19.015256074282036,19.104782104492188,42400,0.0,0.0,0.0
2017-01-31 00:00:00-05:00,19.22117348999384,19.256984601391103,19.194316864013672,19.194316864013672,7900,0.0,0.0,0.0
2017-02-01 00:00:00-05:00,19.25697866925644,19.274884219439247,19.17640540100107,19.24802589416504,27200,0.0,0.0,0.0
2017-02-02 00:00:00-05:00,19.27488708394647,19.283839860368378,19.194313803716824,19.22117042541504,44400,0.0,0.0,0.0
2017-02-03 00:00:00-05:00,19.14954342039691,19.34650101967733,19.14954342039691,19.31068992614746,16400,0.0,0.0,0.0
2017-02-06 00:00:00-05:00,19.24802129281713,19.24802129281713,19.14058972496967,19.167448043823242,26100,0.0,0.0,0.0
2017-02-07 00:00:00-05:00,19.292788382039745,19.292788382039745,19.203264044775395,19.25697898864746,18000,0.0,0.0,0.0
2017-02-08 00:00:00-05:00,19.337546039141078,19.427072055180478,19.337546039141078,19.355451583862305,25100,0.0,0.0,0.0
2017-02-09 00:00:00-05:00,19.38230880753932,19.51659698207021,19.38230880753932,19.4897403717041,17100,0.0,0.0,0.0
2017-02-10 00:00:00-05:00,19.471837828451832,19.615078797710943,19.471837828451832,19.579269409179688,19000,0.0,0.0,0.0
2017-02-13 00:00:00-05:00,19.6329878511887,19.668797246113648,19.57032012939453,19.57032012939453,13600,0.0,0.0,0.0
2017-02-14 00:00:00-05:00,19.60612538130407,19.659840316124537,19.498695511663133,19.561363220214844,14900,0.0,0.0,0.0
2017-02-15 00:00:00-05:00,19.382314434246354,19.677749187006054,19.382314434246354,19.606128692626953,19300,0.0,0.0,0.0
2017-02-16 00:00:00-05:00,19.54346350886526,19.641942341749914,19.54346350886526,19.62403678894043,18400,0.0,0.0,0.0
2017-02-17 00:00:00-05:00,19.45393322161322,19.552412033081055,19.45393322161322,19.552412033081055,9000,0.0,0.0,0.0
2017-02-21 00:00:00-05:00,19.570317528327365,19.668794631958008,19.570317528327365,19.668794631958008,15600,0.0,0.0,0.0
2017-02-22 00:00:00-05:00,19.632985241792444,19.695652955257525,19.60612691849293,19.668794631958008,10400,0.0,0.0,0.0
2017-02-23 00:00:00-05:00,19.606126023686368,19.659840960266774,19.543458313081388,19.579269409179688,9000,0.0,0.0,0.0
2017-02-24 00:00:00-05:00,19.427075029380177,19.561363220214844,19.427075029380177,19.561363220214844,10500,0.0,0.0,0.0
2017-02-27 00:00:00-05:00,19.462886762465057,19.632986068725586,19.462886762465057,19.632986068725586,13500,0.0,0.0,0.0
2017-02-28 00:00:00-05:00,19.561366523977743,19.659843636519458,19.561366523977743,19.606128692626953,11600,0.0,0.0,0.0
2017-03-01 00:00:00-05:00,19.69565386685916,19.87470594867567,19.668795542316523,19.865753173828125,13300,0.0,0.0,0.0
2017-03-02 00:00:00-05:00,19.776221584710765,19.856794828166688,19.740410495367364,19.758316040039062,52000,0.0,0.0,0.0
2017-03-03 00:00:00-05:00,19.74041178045673,19.847843347913937,19.722507942186223,19.79412841796875,101900,0.0,0.0,0.0
2017-03-06 00:00:00-05:00,19.785181357987597,19.82994352793911,19.74041748046875,19.74041748046875,15100,0.0,0.0,0.0
2017-03-07 00:00:00-05:00,19.740418313194652,19.74937108907608,19.668797813710604,19.704608917236328,24700,0.0,0.0,0.0
2017-03-08 00:00:00-05:00,19.57926571684671,19.6508861879698,19.57926571684671,19.58821678161621,8400,0.0,0.0,0.0
2017-03-09 00:00:00-05:00,19.606129524319478,19.606129524319478,19.534509026902235,19.57032012939453,8800,0.0,0.0,0.0
2017-03-10 00:00:00-05:00,19.76727580698006,19.76727580698006,19.704608086021004,19.74041748046875,28800,0.0,0.0,0.0
2017-03-13 00:00:00-04:00,19.74041444185196,19.838893249667375,19.74041444185196,19.820987701416016,10700,0.0,0.0,0.0
2017-03-14 00:00:00-04:00,19.82993955704481,19.82993955704481,19.61507811068179,19.677745819091797,6000,0.0,0.0,0.0
2017-03-15 00:00:00-04:00,19.668793606795614,19.982133865356445,19.668793606795614,19.982133865356445,14600,0.0,0.0,0.0
2017-03-16 00:00:00-04:00,19.982135641795395,20.01794674084522,19.91946792602539,19.91946792602539,15800,0.0,0.0,0.0
2017-03-17 00:00:00-04:00,19.92841640781715,20.116419514627616,19.92841640781715,20.017942428588867,34700,0.0,0.0,0.0
2017-03-20 00:00:00-04:00,19.99108455261177,20.04479948323711,19.98213177957974,20.035846710205078,10400,0.0,0.0,0.0
2017-03-21 00:00:00-04:00,20.125376885732106,20.143282435490892,19.97318312791682,20.044803619384766,23000,0.0,0.0,0.0
2017-03-22 00:00:00-04:00,19.9015585298583,20.035846710205078,19.9015585298583,20.035846710205078,21500,0.0,0.0,0.0
2017-03-23 00:00:00-04:00,20.053752899169922,20.125373378155402,20.01794351346064,20.053752899169922,17500,0.0,0.0,0.0
2017-03-24 00:00:00-04:00,20.10746911731568,20.134327438990315,20.06270695542497,20.08956527709961,8400,0.0,0.0,0.0
2017-03-27 00:00:00-04:00,20.098516285367186,20.152231216430664,20.053752419841896,20.152231216430664,7200,0.0,0.0,0.0
2017-03-28 00:00:00-04:00,20.223857879638672,20.250716207169088,20.161190156301764,20.223857879638672,16100,0.0,0.0,0.0
2017-03-29 00:00:00-04:00,20.152232637506835,20.25071144104004,20.152232637506835,20.25071144104004,15000,0.0,0.0,0.0
2017-03-30 00:00:00-04:00,20.188039335567616,20.250708743373877,20.161182725503124,20.170135498046875,10900,0.0,0.0,0.0
2017-03-31 00:00:00-04:00,20.089569534216768,20.25966715149992,20.089569534216768,20.161190032958984,33600,0.0,0.0,0.0
2017-04-03 00:00:00-04:00,20.205953478247263,20.232811807306685,20.107474645930214,20.143285751342773,14500,0.0,0.0,0.0
2017-04-04 00:00:00-04:00,20.116426154015485,20.161190032958984,20.089569534216768,20.161190032958984,31600,0.0,0.0,0.0
2017-04-05 00:00:00-04:00,20.179089535745838,20.241757239914374,20.134325670220548,20.152231216430664,13300,0.0,0.0,0.0
2017-04-06 00:00:00-04:00,20.089560323666696,20.19699016874249,20.089560323666696,20.116416931152344,18000,0.0,0.0,0.0
2017-04-07 00:00:00-04:00,20.134323270098673,20.259658663495077,20.134323270098673,20.196990966796875,24200,0.0,0.0,0.0
2017-04-10 00:00:00-04:00,20.196992108111367,20.250708743373877,20.14327718041562,20.170135498046875,12900,0.0,0.0,0.0
2017-04-11 00:00:00-04:00,20.17013848805995,20.241758971460193,20.09851800465971,20.205947875976562,11800,0.0,0.0,0.0
2017-04-12 00:00:00-04:00,20.25966759450707,20.277573146476,20.188047094198765,20.232810974121094,6100,0.0,0.0,0.0
2017-04-13 00:00:00-04:00,20.17013579636422,20.250709042882907,20.1253719329834,20.1253719329834,8400,0.0,0.0,0.0
2017-04-17 00:00:00-04:00,20.277566609362236,20.322330474853516,20.25966106316572,20.322330474853516,12000,0.0,0.0,0.0
2017-04-18 00:00:00-04:00,20.161185411243217,20.268615280945813,20.161185411243217,20.25071144104004,5800,0.0,0.0,0.0
2017-04-19 00:00:00-04:00,20.241762153378456,20.295477097480642,20.143283332885044,20.188045501708984,13700,0.0,0.0,0.0
2017-04-20 00:00:00-04:00,20.250707599023904,20.250707599023904,20.188038194759034,20.196990966796875,10700,0.0,0.0,0.0
2017-04-21 00:00:00-04:00,20.161190156301764,20.241763431325616,20.161190156301764,20.223857879638672,16100,0.0,0.0,0.0
2017-04-24 00:00:00-04:00,20.501381841120455,20.644622802734375,20.501381841120455,20.644622802734375,13600,0.0,0.0,0.0
2017-04-25 00:00:00-04:00,20.653577312102385,20.805771060054102,20.653577312102385,20.752056121826172,47800,0.0,0.0,0.0
2017-04-26 00:00:00-04:00,20.769962808650856,20.796819425453055,20.671483993530273,20.671483993530273,13500,0.0,0.0,0.0
2017-04-27 00:00:00-04:00,20.76101029484749,20.805772461791992,20.76101029484749,20.79681968688965,7300,0.0,0.0,0.0
2017-04-28 00:00:00-04:00,20.734151970140463,20.814725236694333,20.734151970140463,20.79681968688965,9900,0.0,0.0,0.0
2017-05-01 00:00:00-04:00,20.60881735937603,20.814726067648447,20.60881735937603,20.761011123657227,21700,0.0,0.0,0.0
2017-05-02 00:00:00-04:00,20.689385070608015,20.868435404996408,20.689385070608015,20.823673248291016,42500,0.0,0.0,0.0
2017-05-03 00:00:00-04:00,20.796826042623575,20.868446556163104,20.796826042623575,20.81473159790039,3800,0.0,0.0,0.0
2017-05-04 00:00:00-04:00,20.87739097156648,21.13701629638672,20.87739097156648,21.13701629638672,14700,0.0,0.0,0.0
2017-05-05 00:00:00-04:00,21.065396264761674,21.23549385271699,21.065396264761674,21.208637237548828,7800,0.0,0.0,0.0
2017-05-08 00:00:00-04:00,21.190731674959437,21.262352161305362,21.137016737091766,21.15492057800293,7800,0.0,0.0,0.0
2017-05-09 00:00:00-04:00,21.101201713306573,21.181774958897343,21.101201713306573,21.145965576171875,6400,0.0,0.0,0.0
2017-05-10 00:00:00-04:00,21.181779861450195,21.181779861450195,21.14597047043659,21.181779861450195,6200,0.0,0.0,0.0
2017-05-11 00:00:00-04:00,21.08329963684082,21.08329963684082,21.020631926085912,21.08329963684082,8000,0.0,0.0,0.0
2017-05-12 00:00:00-04:00,21.038537793798284,21.17282599139422,21.029585019616277,21.092252731323242,15400,0.0,0.0,0.0
2017-05-15 00:00:00-04:00,21.235498428344727,21.333977258692855,21.226545652170582,21.235498428344727,10600,0.0,0.0,0.0
2017-05-16 00:00:00-04:00,21.26235643457563,21.33397693531571,20.29547882080078,20.29547882080078,16900,0.0,0.0,0.0
2017-05-17 00:00:00-04:00,21.11015751695025,21.235492935835648,21.06539535522461,21.06539535522461,32300,0.0,0.0,0.0
2017-05-18 00:00:00-04:00,21.0743486191977,21.0743486191977,20.966917037963867,20.966917037963867,5800,0.0,0.0,0.0
2017-05-19 00:00:00-04:00,21.34292271092139,21.369781030227237,21.2086345295259,21.298160552978516,26700,0.0,0.0,0.0
2017-05-22 00:00:00-04:00,21.378737453382264,21.441406880801186,21.378737453382264,21.405595779418945,3500,0.0,0.0,0.0
2017-05-23 00:00:00-04:00,21.43245360316102,21.548836264791134,21.43245360316102,21.504074096679688,15700,0.0,0.0,0.0
2017-05-24 00:00:00-04:00,21.504072960578018,21.63836116538491,21.504072960578018,21.584646224975586,15700,0.0,0.0,0.0
2017-05-25 00:00:00-04:00,21.77265026552662,21.77265026552662,21.629409280166623,21.674171447753906,18700,0.0,0.0,0.0
2017-05-26 00:00:00-04:00,21.62940555587845,21.62940555587845,21.441402435302734,21.441402435302734,12800,0.0,0.0,0.0
2017-05-30 00:00:00-04:00,21.593599887610242,21.71893532290843,21.593599887610242,21.674171447753906,23900,0.0,0.0,0.0
2017-05-31 00:00:00-04:00,21.709979386658265,21.77264709518223,21.665217225588858,21.745790481567383,27000,0.0,0.0,0.0
2017-06-01 00:00:00-04:00,21.75474182256876,21.880078948767142,21.75474182256876,21.871126174926758,14000,0.0,0.0,0.0
2017-06-02 00:00:00-04:00,21.889032804509128,21.933794968356487,21.817412317813098,21.906936645507812,11900,0.0,0.0,0.0
2017-06-05 00:00:00-04:00,21.862174801075188,21.942748063231317,21.862174801075188,21.915889739990234,3000,0.0,0.0,0.0
2017-06-06 00:00:00-04:00,21.826365529706656,21.826365529706656,21.674171767073524,21.683124542236328,14000,0.0,0.0,0.0
2017-06-07 00:00:00-04:00,21.67417068823963,21.67417068823963,21.566740806767847,21.647314071655273,9100,0.0,0.0,0.0
2017-06-08 00:00:00-04:00,21.629408390722162,21.629408390722162,21.504072960578018,21.584646224975586,9700,0.0,0.0,0.0
2017-06-09 00:00:00-04:00,21.486162983501913,21.513021301955344,21.396636962890625,21.396636962890625,12900,0.0,0.0,0.0
2017-06-12 00:00:00-04:00,21.36978593889048,21.36978593889048,21.316069287940014,21.333974838256836,12200,0.0,0.0,0.0
2017-06-13 00:00:00-04:00,21.35187622801145,21.4951171875,21.35187622801145,21.4951171875,7800,0.0,0.0,0.0
2017-06-14 00:00:00-04:00,21.575695669595277,21.65626894228064,21.468264070159016,21.539884567260742,8900,0.0,0.0,0.0
2017-06-15 00:00:00-04:00,21.31607258244173,21.38769308721105,21.307119805899625,21.378740310668945,7200,0.0,0.0,0.0
2017-06-16 00:00:00-04:00,21.520883560180664,21.583862459710566,21.484894636994255,21.520883560180664,4500,0.118,0.0,0.0
2017-06-19 00:00:00-04:00,21.59285724244719,21.673830594390058,21.538875579833984,21.538875579833984,8400,0.0,0.0,0.0
2017-06-20 00:00:00-04:00,21.556867892737113,21.565865122333943,21.403920137729216,21.430910110473633,8000,0.0,0.0,0.0
2017-06-21 00:00:00-04:00,21.493892290995273,21.51188675294278,21.44890785217285,21.44890785217285,14200,0.0,0.0,0.0
2017-06-22 00:00:00-04:00,21.48489804726878,21.4938952794935,21.394929157114714,21.412921905517578,16400,0.0,0.0,0.0
2017-06-23 00:00:00-04:00,21.439916976066684,21.502895895503787,21.439916976066684,21.484901428222656,2900,0.0,0.0,0.0
2017-06-26 00:00:00-04:00,21.51188648479712,21.53887817738193,21.457904815673828,21.457904815673828,5600,0.0,0.0,0.0
2017-06-27 00:00:00-04:00,21.44891546338011,21.457912697546558,21.21499252319336,21.21499252319336,46100,0.0,0.0,0.0
2017-06-28 00:00:00-04:00,21.322956370833044,21.484901428222656,21.322956370833044,21.484901428222656,7500,0.0,0.0,0.0
2017-06-29 00:00:00-04:00,21.32295515808839,21.32295515808839,21.14301392760497,21.23298454284668,20200,0.0,0.0,0.0
2017-06-30 00:00:00-04:00,21.170001771991927,21.34994125366211,21.170001771991927,21.34994125366211,7000,0.0,0.0,0.0
2017-07-03 00:00:00-04:00,21.322950789388734,21.331946304627802,21.241977423865894,21.250974655151367,5800,0.0,0.0,0.0
2017-07-05 00:00:00-04:00,21.196998325411098,21.205995559692383,21.17000833861422,21.205995559692383,3800,0.0,0.0,0.0
2017-07-06 00:00:00-04:00,21.13401664902159,21.13401664902159,20.999061584472656,20.999061584472656,12700,0.0,0.0,0.0
2017-07-07 00:00:00-04:00,21.098026754596614,21.250976265950214,21.05304059475936,21.196992874145508,41800,0.0,0.0,0.0
2017-07-10 00:00:00-04:00,21.20598849872401,21.250974655151367,21.170001289628527,21.250974655151367,8200,0.0,0.0,0.0
2017-07-11 00:00:00-04:00,21.098029648773256,21.196995781898085,21.098029648773256,21.170005798339844,8900,0.0,0.0,0.0
2017-07-12 00:00:00-04:00,21.367937356692757,21.430916265913453,21.35894012451172,21.35894012451172,9600,0.0,0.0,0.0
2017-07-13 00:00:00-04:00,21.46690640142963,21.484899150756622,21.394930255981656,21.43991470336914,8100,0.0,0.0,0.0
2017-07-14 00:00:00-04:00,21.51189712389985,21.682841162721157,21.51189712389985,21.65584945678711,9000,0.0,0.0,0.0
2017-07-17 00:00:00-04:00,21.610854411951113,21.69182777404785,21.610854411951113,21.69182777404785,5800,0.0,0.0,0.0
2017-07-18 00:00:00-04:00,21.6198516428559,21.69182777404785,21.592859950141545,21.69182777404785,8200,0.0,0.0,0.0
2017-07-19 00:00:00-04:00,21.682834894453514,21.682834894453514,21.619855981527742,21.673837661743164,6600,0.0,0.0,0.0
2017-07-20 00:00:00-04:00,21.70982661330827,21.745815547028755,21.682836629064717,21.736818313598633,6400,0.0,0.0,0.0
2017-07-21 00:00:00-04:00,21.691836216158542,21.691836216158542,21.583871119329185,21.664844512939453,19700,0.0,0.0,0.0
2017-07-24 00:00:00-04:00,21.58386966378339,21.64684858433384,21.547882444631796,21.592866897583008,20500,0.0,0.0,0.0
2017-07-25 00:00:00-04:00,21.619846843497196,21.619846843497196,21.421911239624023,21.421911239624023,13500,0.0,0.0,0.0
2017-07-26 00:00:00-04:00,21.47590446472168,21.49389721474456,21.430918299547635,21.47590446472168,6300,0.0,0.0,0.0
2017-07-27 00:00:00-04:00,21.51188675294278,21.54787567683779,21.41291892827784,21.44890785217285,14800,0.0,0.0,0.0
2017-07-28 00:00:00-04:00,21.421911239624023,21.430908468531527,21.403918497854963,21.421911239624023,4100,0.0,0.0,0.0
2017-07-31 00:00:00-04:00,21.619857229380678,21.619857229380678,21.511892146671638,21.574871063232422,23800,0.0,0.0,0.0
2017-08-01 00:00:00-04:00,21.646848678588867,21.646848678588867,21.55687805624781,21.646848678588867,5800,0.0,0.0,0.0
2017-08-02 00:00:00-04:00,21.65584945678711,21.70983115260804,21.61086499627753,21.65584945678711,13600,0.0,0.0,0.0
2017-08-03 00:00:00-04:00,21.655840486973904,21.709822160435714,21.646843255389193,21.70082664489746,7600,0.0,0.0,0.0
2017-08-04 00:00:00-04:00,21.73681667550111,21.73681667550111,21.673837762283192,21.727819442749023,5000,0.0,0.0,0.0
2017-08-07 00:00:00-04:00,21.69183276584328,21.70982551574707,21.63784936799173,21.70982551574707,4100,0.0,0.0,0.0
2017-08-08 00:00:00-04:00,21.718824738683907,21.718824738683907,21.592866897583008,21.592866897583008,10100,0.0,0.0,0.0
2017-08-09 00:00:00-04:00,21.58386123754284,21.655837363793758,21.58386123754284,21.619850158691406,7700,0.0,0.0,0.0
2017-08-10 00:00:00-04:00,21.574868006381255,21.574868006381255,21.376934051513672,21.376934051513672,9600,0.0,0.0,0.0
2017-08-11 00:00:00-04:00,21.376934051513672,21.448910191106112,21.3679368195588,21.376934051513672,6000,0.0,0.0,0.0
2017-08-14 00:00:00-04:00,21.484900446982685,21.592865529691725,21.484900446982685,21.574871063232422,4200,0.0,0.0,0.0
2017-08-15 00:00:00-04:00,21.556878315947376,21.59286725173612,21.45791217462215,21.466909408569336,6300,0.0,0.0,0.0
2017-08-16 00:00:00-04:00,21.538885480567473,21.64684885542118,21.466909325316035,21.58386993408203,7800,0.0,0.0,0.0
2017-08-17 00:00:00-04:00,21.48490442954845,21.48490442954845,21.277973175048828,21.277973175048828,8300,0.0,0.0,0.0
2017-08-18 00:00:00-04:00,21.277973175048828,21.33195486838632,21.205997011916477,21.277973175048828,11700,0.0,0.0,0.0
2017-08-21 00:00:00-04:00,21.30495844747206,21.376934588873794,21.26896951874791,21.35894012451172,5800,0.0,0.0,0.0
2017-08-22 00:00:00-04:00,21.376935457047505,21.565872192382812,21.358940991954626,21.565872192382812,29200,0.0,0.0,0.0
2017-08-23 00:00:00-04:00,21.41291401071652,21.421911239624023,21.385924040039956,21.421911239624023,3800,0.0,0.0,0.0
2017-08-24 00:00:00-04:00,21.430914621029945,21.430914621029945,21.34994125366211,21.34994125366211,5300,0.0,0.0,0.0
2017-08-25 00:00:00-04:00,21.394925761120856,21.520883560180664,21.367934068731053,21.520883560180664,9900,0.0,0.0,0.0
2017-08-28 00:00:00-04:00,21.457905083146603,21.52088398391653,21.42191615925159,21.44890785217285,21100,0.0,0.0,0.0
2017-08-29 00:00:00-04:00,21.36793121934189,21.448904569667295,21.36793121934189,21.430910110473633,4900,0.0,0.0,0.0
2017-08-30 00:00:00-04:00,21.421913308784905,21.538875579833984,21.403920565277915,21.538875579833984,4000,0.0,0.0,0.0
2017-08-31 00:00:00-04:00,21.60186639950639,21.691837030902313,21.583871930017796,21.637853622436523,4700,0.0,0.0,0.0
2017-09-01 00:00:00-04:00,21.80879365353158,21.84478258591299,21.70083028848084,21.763809204101562,9800,0.0,0.0,0.0
2017-09-05 00:00:00-04:00,21.64684177543385,21.70082516125137,21.55687118178432,21.628849029541016,9400,0.0,0.0,0.0
2017-09-06 00:00:00-04:00,21.709822160435714,21.718819392020425,21.68283218172804,21.70082664489746,6200,0.0,0.0,0.0
2017-09-07 00:00:00-04:00,21.826784777091586,21.86277198791504,21.77280310283316,21.86277198791504,14500,0.0,0.0,0.0
2017-09-08 00:00:00-04:00,21.898758884143195,21.997726707811896,21.898758884143195,21.98872947692871,3000,0.0,0.0,0.0
2017-09-11 00:00:00-04:00,22.08770343425427,22.159679590852875,22.08770343425427,22.09670066833496,8200,0.0,0.0,0.0
2017-09-12 00:00:00-04:00,22.141684117439052,22.16867410031702,22.123689651489258,22.123689651489258,8500,0.0,0.0,0.0
2017-09-13 00:00:00-04:00,22.042711146181492,22.06070560794786,21.970735015162344,21.98872947692871,11500,0.0,0.0,0.0
2017-09-14 00:00:00-04:00,22.00672968116745,22.06971031869513,22.00672968116745,22.051715850830078,13500,0.0,0.0,0.0
2017-09-15 00:00:00-04:00,22.06070829936147,22.141681671142578,22.02471937143807,22.141681671142578,4800,0.0,0.0,0.0
2017-09-18 00:00:00-04:00,22.258879331824204,22.258879331824204,22.05152516407543,22.087587356567383,9100,0.05,0.0,0.0
2017-09-19 00:00:00-04:00,22.20479119723213,22.222822297663463,22.150699615478516,22.150699615478516,1200,0.0,0.0,0.0
2017-09-20 00:00:00-04:00,22.087591511948705,22.20479022051641,22.078575962129605,22.132667541503906,3100,0.0,0.0,0.0
2017-09-21 00:00:00-04:00,22.033501049282684,22.114639282226562,22.033501049282684,22.114639282226562,10300,0.0,0.0,0.0
2017-09-22 00:00:00-04:00,22.06955899675606,22.18675941734677,22.06955899675606,22.141681671142578,55700,0.0,0.0,0.0
2017-09-25 00:00:00-04:00,22.105617612041613,22.159709179182226,22.024479401560733,22.03349494934082,5600,0.0,0.0,0.0
2017-09-26 00:00:00-04:00,22.087591275653036,22.087591275653036,22.006453047689455,22.01546859741211,9700,0.0,0.0,0.0
2017-09-27 00:00:00-04:00,21.97940580952596,22.078575134277344,21.916298682698805,22.078575134277344,30100,0.0,0.0,0.0
2017-09-28 00:00:00-04:00,22.051530282646574,22.150699615478516,22.051530282646574,22.150699615478516,12000,0.0,0.0,0.0
2017-09-29 00:00:00-04:00,22.177748203292232,22.44820785522461,22.177748203292232,22.44820785522461,16500,0.0,0.0,0.0
2017-10-02 00:00:00-04:00,22.249865801286173,22.39411114525398,22.231834703405163,22.385095596313477,11600,0.0,0.0,0.0
2017-10-03 00:00:00-04:00,22.403123228757547,22.448199246947333,22.385092133665683,22.43016815185547,8800,0.0,0.0,0.0
2017-10-04 00:00:00-04:00,22.44820692059501,22.50229850482128,22.412146437624315,22.466238021850586,10700,0.0,0.0,0.0
2017-10-05 00:00:00-04:00,22.484269011744765,22.54737614628626,22.448206809412223,22.538360595703125,15300,0.0,0.0,0.0
2017-10-06 00:00:00-04:00,22.484269123106163,22.520329606076853,22.430175819339432,22.466238021850586,9700,0.0,0.0,0.0
2017-10-09 00:00:00-04:00,22.53835531545691,22.565401960869877,22.511308670043945,22.511308670043945,4800,0.0,0.0,0.0
2017-10-10 00:00:00-04:00,22.61949201713658,22.62850756500372,22.574415997340807,22.592445373535156,4400,0.0,0.0,0.0
2017-10-11 00:00:00-04:00,22.592443549909554,22.592443549909554,22.502289798055145,22.520320892333984,62300,0.0,0.0,0.0
2017-10-12 00:00:00-04:00,22.538354203064607,22.691615080427045,22.538354203064607,22.673583984375,13300,0.0,0.0,0.0
2017-10-13 00:00:00-04:00,22.74570909675999,22.74570909675999,22.65555532633809,22.718664169311523,9500,0.0,0.0,0.0
2017-10-16 00:00:00-04:00,22.556384901606524,22.646538660738003,22.556384901606524,22.592445373535156,15100,0.0,0.0,0.0
2017-10-17 00:00:00-04:00,22.583432762220113,22.583432762220113,22.448202965708766,22.502294540405273,13600,0.0,0.0,0.0
2017-10-18 00:00:00-04:00,22.520324171065194,22.637524581401056,22.520324171065194,22.61949348449707,10800,0.0,0.0,0.0
2017-10-19 00:00:00-04:00,22.565403329309945,22.709648674513176,22.565403329309945,22.6104793548584,6600,0.0,0.0,0.0
2017-10-20 00:00:00-04:00,22.65555887245454,22.82685089111328,22.65555887245454,22.82685089111328,11400,0.0,0.0,0.0
2017-10-23 00:00:00-04:00,22.826847273286194,22.88093884761688,22.682601928710938,22.682601928710938,16600,0.0,0.0,0.0
2017-10-24 00:00:00-04:00,22.74570664904321,22.74570664904321,22.619492415758835,22.673583984375,14800,0.0,0.0,0.0
2017-10-25 00:00:00-04:00,22.700631748854608,22.700631748854608,22.457217098758065,22.511308670043945,16000,0.0,0.0,0.0
2017-10-26 00:00:00-04:00,22.6465390598369,22.691615080427045,22.58343022365475,22.673583984375,16100,0.0,0.0,0.0
2017-10-27 00:00:00-04:00,22.718664169311523,22.772755743748604,22.619494849893417,22.718664169311523,10000,0.0,0.0,0.0
2017-10-30 00:00:00-04:00,22.78177114938189,22.799802247260832,22.727677855745064,22.754724502563477,47500,0.0,0.0,0.0
2017-10-31 00:00:00-04:00,22.79979953539953,22.86290665092958,22.592445373535156,22.592445373535156,81800,0.0,0.0,0.0
2017-11-01 00:00:00-04:00,22.81782687025535,22.86290460555829,22.736688666249837,22.772750854492188,33400,0.0,0.0,0.0
2017-11-02 00:00:00-04:00,22.79980356739462,22.826848496238824,22.781772468471654,22.817832946777344,7900,0.0,0.0,0.0
2017-11-03 00:00:00-04:00,22.880932968755165,22.89896406207933,22.835856954984457,22.862903594970703,2800,0.0,0.0,0.0
2017-11-06 00:00:00-05:00,22.889956008004038,22.944049305682935,22.889956008004038,22.898971557617188,5800,0.0,0.0,0.0
2017-11-07 00:00:00-05:00,22.92601354617809,22.953058469979723,22.835859787912845,22.84487533569336,10900,0.0,0.0,0.0
2017-11-08 00:00:00-05:00,22.917000650717576,22.971092224121094,22.862909077314058,22.971092224121094,10900,0.0,0.0,0.0
2017-11-09 00:00:00-05:00,22.826847564309908,22.871925309776973,22.71866441426929,22.83586311340332,12900,0.0,0.0,0.0
2017-11-10 00:00:00-05:00,22.817831769189482,22.817831769189482,22.682601973326705,22.718664169311523,6700,0.0,0.0,0.0
2017-11-13 00:00:00-05:00,22.682600161674888,22.70063125822716,22.5834308501774,22.64653968811035,9800,0.0,0.0,0.0
2017-11-14 00:00:00-05:00,22.691618208376312,22.80881690979004,22.655556011301197,22.80881690979004,18200,0.0,0.0,0.0
2017-11-15 00:00:00-05:00,22.68260109382409,22.68260109382409,22.592447326897844,22.628509521484375,11400,0.0,0.0,0.0
2017-11-16 00:00:00-05:00,22.781769542735955,22.907983779907227,22.763738446128624,22.907983779907227,10100,0.0,0.0,0.0
2017-11-17 00:00:00-05:00,22.73669008198765,22.79979891534134,22.70062961103971,22.763736724853516,6700,0.0,0.0,0.0
2017-11-20 00:00:00-05:00,22.727677855745064,22.78177114938189,22.709648477406258,22.754724502563477,8100,0.0,0.0,0.0
2017-11-21 00:00:00-05:00,22.88995562292896,22.89897117239044,22.817832946777344,22.817832946777344,14900,0.0,0.0,0.0
2017-11-22 00:00:00-05:00,22.944049688942346,22.998141267984522,22.91700303965111,22.98011016845703,6300,0.0,0.0,0.0
2017-11-24 00:00:00-05:00,23.115338003004258,23.115338003004258,23.07927752656723,23.088293075561523,4600,0.0,0.0,0.0
2017-11-27 00:00:00-05:00,23.052230879584346,23.124353551998553,23.025185952141612,23.088293075561523,11500,0.0,0.0,0.0
2017-11-28 00:00:00-05:00,23.115339559723022,23.28663156307009,23.115339559723022,23.268600463867188,561600,0.0,0.0,0.0
2017-11-29 00:00:00-05:00,23.349744919410867,23.358760471417266,23.26860667089399,23.27762222290039,7000,0.0,0.0,0.0
2017-11-30 00:00:00-05:00,23.322693555434704,23.457923359181294,23.322693555434704,23.412845611572266,8200,0.0,0.0,0.0
2017-12-01 00:00:00-05:00,23.439892467214257,23.439892467214257,23.14238620852738,23.268600463867188,6100,0.0,0.0,0.0
2017-12-04 00:00:00-05:00,23.349734637713762,23.521026611328125,23.30465861707102,23.521026611328125,15600,0.0,0.0,0.0
2017-12-05 00:00:00-05:00,23.484969371742324,23.53906267136888,23.358755111694336,23.358755111694336,9000,0.0,0.0,0.0
2017-12-06 00:00:00-05:00,23.304664949165343,23.385803184000267,23.304664949165343,23.349740982055664,7700,0.0,0.0,0.0
2017-12-07 00:00:00-05:00,23.259585781919306,23.41284669178057,23.259585781919306,23.358755111694336,6100,0.0,0.0,0.0
2017-12-08 00:00:00-05:00,23.331708948178964,23.37678669880731,23.30466401734232,23.36777114868164,18400,0.0,0.0,0.0
2017-12-11 00:00:00-05:00,23.39481393383682,23.39481393383682,23.33170509338379,23.33170509338379,5500,0.0,0.0,0.0
2017-12-12 00:00:00-05:00,23.286637322850904,23.313683978345058,23.241561283234674,23.304668426513672,9300,0.0,0.0,0.0
2017-12-13 00:00:00-05:00,23.286629895716764,23.35875256782404,23.160415649414062,23.160415649414062,8600,0.0,0.0,0.0
2017-12-14 00:00:00-05:00,23.286627084439093,23.286627084439093,23.061243546370754,23.07025909423828,12900,0.0,0.0,0.0
2017-12-15 00:00:00-05:00,23.11534069958216,23.205494480502065,23.106325149536133,23.106325149536133,9200,0.0,0.0,0.0
2017-12-18 00:00:00-05:00,23.234805178743002,23.415760567777312,23.234805178743002,23.3433780670166,53300,0.092,0.0,0.0
2017-12-19 00:00:00-05:00,23.40671305164656,23.424807381597404,23.352424884589464,23.39766502380371,8400,0.0,0.0,0.0
2017-12-20 00:00:00-05:00,23.406710876244993,23.4338532315161,23.343374687231464,23.3524227142334,43900,0.0,0.0,0.0
2017-12-21 00:00:00-05:00,23.361472912432312,23.415759353754556,23.361472912432312,23.39766502380371,4200,0.0,0.0,0.0
2017-12-22 00:00:00-05:00,23.388618208576386,23.42480859608927,23.3433780670166,23.3433780670166,7500,0.0,0.0,0.0
2017-12-26 00:00:00-05:00,23.280045826877537,23.542433495879656,23.280045826877537,23.43385887145996,12600,0.0,0.0,0.0
2017-12-27 00:00:00-05:00,23.433860707642975,23.51529125090454,23.388622283935547,23.388622283935547,7400,0.0,0.0,0.0
2017-12-28 00:00:00-05:00,23.497187363655815,23.569569852916516,23.47909303564164,23.551475524902344,9900,0.0,0.0,0.0
2017-12-29 00:00:00-05:00,23.68719674913418,23.72338713742505,23.560527801513672,23.560527801513672,7700,0.0,0.0,0.0
2018-01-02 00:00:00-05:00,23.614809987288623,23.614809987288623,23.524331444279078,23.551475524902344,14500,0.0,0.0,0.0
2018-01-03 00:00:00-05:00,23.524333864525175,23.651002802329774,23.524333864525175,23.605764389038086,8200,0.0,0.0,0.0
2018-01-04 00:00:00-05:00,23.687198105720494,23.78672469925657,23.687198105720494,23.759580612182617,15500,0.0,0.0,0.0
2018-01-05 00:00:00-05:00,23.78672070672676,23.92243766784668,23.78672070672676,23.92243766784668,18500,0.0,0.0,0.0
2018-01-08 00:00:00-05:00,23.88624408766673,23.93148422241211,23.859101732554183,23.93148422241211,10800,0.0,0.0,0.0
2018-01-09 00:00:00-05:00,23.877197530316845,23.976724107147685,23.877197530316845,23.92243766784668,9800,0.0,0.0,0.0
2018-01-10 00:00:00-05:00,23.831959026653024,23.841007054124113,23.660049956171928,23.714336395263672,17800,0.0,0.0,0.0
2018-01-11 00:00:00-05:00,23.705294064034682,23.84101104736328,23.678149977074934,23.84101104736328,21700,0.0,0.0,0.0
2018-01-12 00:00:00-05:00,23.859096622650668,23.922431071995177,23.795760447571844,23.904335021972656,4900,0.0,0.0,0.0
2018-01-16 00:00:00-05:00,24.040057266185716,24.16672619290893,23.98577082983787,24.021961212158203,23200,0.0,0.0,0.0
2018-01-17 00:00:00-05:00,24.04006407979191,24.230069249464044,24.04006407979191,24.211973190307617,2800,0.0,0.0,0.0
2018-01-18 00:00:00-05:00,24.184824938160034,24.311495604713524,24.184824938160034,24.248159408569336,11100,0.0,0.0,0.0
2018-01-19 00:00:00-05:00,24.347691516194995,24.429122061124232,24.347691516194995,24.411026000976562,12100,0.0,0.0,0.0
2018-01-22 00:00:00-05:00,24.48340406460189,24.564834594726562,24.456261705050306,24.564834594726562,15100,0.0,0.0,0.0
2018-01-23 00:00:00-05:00,24.555787096093393,24.555787096093393,24.456262232698716,24.49245262145996,59200,0.0,0.0,0.0
2018-01-24 00:00:00-05:00,24.438167063215808,24.49245351119724,24.320544412565123,24.383880615234375,12200,0.0,0.0,0.0
2018-01-25 00:00:00-05:00,24.50150057242422,24.555787018261523,24.411022012205382,24.447214126586914,20500,0.0,0.0,0.0
2018-01-26 00:00:00-05:00,24.528644206746133,24.573882623155413,24.492452093030735,24.564834594726562,3900,0.0,0.0,0.0
2018-01-29 00:00:00-05:00,24.429118699098744,24.438166727927356,24.29340171813965,24.29340171813965,10400,0.0,0.0,0.0
2018-01-30 00:00:00-05:00,24.13957943019551,24.230057958078813,24.10338732874844,24.175769805908203,26000,0.0,0.0,0.0
2018-01-31 00:00:00-05:00,24.302452373664053,24.311500403470607,24.094351139583736,24.184829711914062,9700,0.0,0.0,0.0
2018-02-01 00:00:00-05:00,24.11244132468437,24.23911198538015,24.11244132468437,24.22101593017578,12900,0.0,0.0,0.0
2018-02-02 00:00:00-05:00,23.91339365413152,23.958632073519695,23.750532583157966,23.759580612182617,8500,0.0,0.0,0.0
2018-02-05 00:00:00-05:00,23.51528309231185,23.524331119061184,22.682883614454145,22.71002769470215,78100,0.0,0.0,0.0
2018-02-06 00:00:00-05:00,22.456697285544966,22.99956703186035,22.320980280399958,22.99956703186035,25300,0.0,0.0,0.0
2018-02-07 00:00:00-05:00,22.78241365487121,22.990513124615138,22.737173514230197,22.7462215423584,13700,0.0,0.0,0.0
2018-02-08 00:00:00-05:00,22.76431078175801,22.76431078175801,22.140010833740234,22.140010833740234,31800,0.0,0.0,0.0
2018-02-09 00:00:00-05:00,22.38431167602539,22.483838271394923,21.832393975499965,22.38431167602539,46000,0.0,0.0,0.0
2018-02-12 00:00:00-05:00,22.402402278929333,22.62859777642369,22.375258197965522,22.556215286254883,17600,0.0,0.0,0.0
2018-02-13 00:00:00-05:00,22.33906789722952,22.5381193144861,22.302875789145762,22.47478485107422,12700,0.0,0.0,0.0
2018-02-14 00:00:00-05:00,22.474787083353654,22.827651543544622,22.474787083353654,22.818603515625,9400,0.0,0.0,0.0
2018-02-15 00:00:00-05:00,22.84574879080233,23.053848266601562,22.818604705627877,23.053848266601562,12200,0.0,0.0,0.0
2018-02-16 00:00:00-05:00,23.117178311196064,23.18956079872712,23.035747797006803,23.08098793029785,11500,0.0,0.0,0.0
2018-02-20 00:00:00-05:00,22.990513374711895,23.044799818336745,22.909082846407163,22.91813087463379,9000,0.0,0.0,0.0
2018-02-21 00:00:00-05:00,23.035750737727177,23.25289995377601,22.954321938877424,23.062894821166992,14200,0.0,0.0,0.0
2018-02-22 00:00:00-05:00,22.990519001419305,23.126236006564312,22.927184514067324,22.99956703186035,7500,0.0,0.0,0.0
2018-02-23 00:00:00-05:00,23.22575699251919,23.307187521038212,23.180518577001923,23.252901077270508,6700,0.0,0.0,0.0
2018-02-26 00:00:00-05:00,23.334334935617857,23.524338378785934,23.26195069928505,23.497194290161133,10500,0.0,0.0,0.0
2018-02-27 00:00:00-05:00,23.506235801632045,23.506235801632045,23.144323348999023,23.144323348999023,8600,0.0,0.0,0.0
2018-02-28 00:00:00-05:00,23.18956192248741,23.18956192248741,22.854793548583984,22.854793548583984,8900,0.0,0.0,0.0
2018-03-01 00:00:00-05:00,22.836698711272174,22.854794766429794,22.42049979705571,22.547168731689453,22800,0.0,0.0,0.0
2018-03-02 00:00:00-05:00,22.357159984217837,22.583355459861004,22.357159984217837,22.51097297668457,9700,0.0,0.0,0.0
2018-03-05 00:00:00-05:00,22.465736156592126,22.83669662475586,22.465736156592126,22.83669662475586,4400,0.0,0.0,0.0
2018-03-06 00:00:00-05:00,22.900032309501583,22.981462828885675,22.845745871823766,22.94527244567871,26800,0.0,0.0,0.0
2018-03-07 00:00:00-05:00,22.890987207024786,23.099088408558977,22.890987207024786,23.053848266601562,4000,0.0,0.0,0.0
2018-03-08 00:00:00-05:00,23.261945120765564,23.316233284996155,23.234802764385034,23.28908920288086,12400,0.0,0.0,0.0
2018-03-09 00:00:00-05:00,23.397663467027716,23.614810943603516,23.397663467027716,23.614810943603516,5600,0.0,0.0,0.0
2018-03-12 00:00:00-04:00,23.69624250541656,23.69624250541656,23.54242948702574,23.596715927124023,7200,0.0,0.0,0.0
2018-03-13 00:00:00-04:00,23.66909842250001,23.723384862598294,23.4790950192886,23.596715927124023,6700,0.0,0.0,0.0
2018-03-14 00:00:00-04:00,23.651007340897987,23.651007340897987,23.488146260619533,23.497194290161133,9000,0.0,0.0,0.0
2018-03-15 00:00:00-04:00,23.614810677075404,23.70528922272782,23.569570541381836,23.569570541381836,8100,0.0,0.0,0.0
2018-03-16 00:00:00-04:00,23.560527274083924,23.632909774780273,23.50623910426045,23.632909774780273,4800,0.0,0.0,0.0
2018-03-19 00:00:00-04:00,23.49719519112747,23.51529125090454,23.316239770562518,23.388622283935547,6400,0.0,0.0,0.0
2018-03-20 00:00:00-04:00,23.37051773071289,23.379565757313138,23.32527932344626,23.37051773071289,4100,0.0,0.0,0.0
2018-03-21 00:00:00-04:00,23.48814575437181,23.542433930451324,23.424811274680852,23.442907333374023,16300,0.0,0.0,0.0
2018-03-22 00:00:00-04:00,23.261946346349518,23.261946346349518,22.981464385986328,22.981464385986328,5800,0.0,0.0,0.0
2018-03-23 00:00:00-04:00,23.06289360490731,23.06289360490731,22.69193311280061,22.70098114013672,13000,0.0,0.0,0.0
2018-03-26 00:00:00-04:00,22.88194426164793,23.053851649103795,22.755273571316778,23.044803619384766,9100,0.0,0.0,0.0
2018-03-27 00:00:00-04:00,23.198611968035603,23.198611968035603,22.881939620772684,22.900033950805664,6800,0.0,0.0,0.0
2018-03-28 00:00:00-04:00,23.099081659332224,23.207654516836644,23.099081659332224,23.198606491088867,5600,0.0,0.0,0.0
2018-03-29 00:00:00-04:00,23.144326032193423,23.28909103002969,23.108135645601806,23.243852615356445,3700,0.0,0.0,0.0
2018-04-02 00:00:00-04:00,23.14432789188833,23.14432789188833,22.728128921100332,22.90908432006836,6300,0.0,0.0,0.0
2018-04-03 00:00:00-04:00,22.981470428587237,23.071949005126953,22.89099185204752,23.071949005126953,7400,0.0,0.0,0.0
2018-04-04 00:00:00-04:00,22.845748099003018,23.17147020829328,22.845748099003018,23.16242218017578,25000,0.0,0.0,0.0
2018-04-05 00:00:00-04:00,23.289088250954563,23.3524227142334,23.270992196950697,23.3524227142334,4200,0.0,0.0,0.0
2018-04-06 00:00:00-04:00,23.379566874644162,23.479093446268756,23.035748750341767,23.144323348999023,7500,0.0,0.0,0.0
2018-04-09 00:00:00-04:00,23.352422025489414,23.451948593840594,23.261943483873306,23.334327697753906,6300,0.0,0.0,0.0
2018-04-10 00:00:00-04:00,23.35242504643617,23.533382153077596,23.35242504643617,23.488142013549805,5700,0.0,0.0,0.0
2018-04-11 00:00:00-04:00,23.370521557029456,23.388617613192714,23.243852615356445,23.243852615356445,6500,0.0,0.0,0.0
2018-04-12 00:00:00-04:00,23.28003970384671,23.406710353309094,23.28003970384671,23.29813575744629,5200,0.0,0.0,0.0
2018-04-13 00:00:00-04:00,23.451948767906693,23.50623520298543,23.379566279223496,23.4248046875,9600,0.0,0.0,0.0
2018-04-16 00:00:00-04:00,23.578618834640178,23.62385897084435,23.460997931978813,23.614810943603516,6800,0.0,0.0,0.0
2018-04-17 00:00:00-04:00,23.69624198009299,23.795766830444336,23.632907513759918,23.795766830444336,6300,0.0,0.0,0.0
2018-04-18 00:00:00-04:00,23.78672165928259,23.895294542232485,23.78672165928259,23.85910415649414,11600,0.0,0.0,0.0
2018-04-19 00:00:00-04:00,23.931484472757578,23.931484472757578,23.759575410396167,23.813861846923828,11800,0.0,0.0,0.0
2018-04-20 00:00:00-04:00,23.750529374696498,23.786721485905908,23.70529096141959,23.732433319091797,7700,0.0,0.0,0.0
2018-04-23 00:00:00-04:00,23.650999852464697,23.71433431346762,23.61480947149215,23.623857498168945,5500,0.0,0.0,0.0
2018-04-24 00:00:00-04:00,23.714343351751594,23.714343351751594,23.289096290275012,23.361478805541992,3000,0.0,0.0,0.0
2018-04-25 00:00:00-04:00,23.252898819128564,23.35242366874845,23.198610654897973,23.28908920288086,8800,0.0,0.0,0.0
2018-04-26 00:00:00-04:00,23.479095540393946,23.524333953857422,23.42480737335595,23.524333953857422,5700,0.0,0.0,0.0
2018-04-27 00:00:00-04:00,23.542428967710507,23.669097900390625,23.48814080307493,23.669097900390625,4800,0.0,0.0,0.0
2018-04-30 00:00:00-04:00,23.596717175406194,23.596717175406194,23.16242218017578,23.16242218017578,7700,0.0,0.0,0.0
2018-05-01 00:00:00-04:00,23.171475350116907,23.361478805541992,23.108140864975216,23.361478805541992,2400,0.0,0.0,0.0
2018-05-02 00:00:00-04:00,23.270995581134397,23.334331779358592,23.207661108645148,23.21670913696289,17800,0.0,0.0,0.0
2018-05-03 00:00:00-04:00,23.298145725432576,23.34338415305188,23.108142258549027,23.307193756103516,7300,0.0,0.0,0.0
2018-05-04 00:00:00-04:00,23.207660400669013,23.461000008632542,23.18956434458557,23.45195198059082,5000,0.0,0.0,0.0
2018-05-07 00:00:00-04:00,23.488142367022814,23.5243344791897,23.406713566117105,23.45195198059082,23000,0.0,0.0,0.0
2018-05-08 00:00:00-04:00,23.352422025489414,23.406710185899865,23.30718361754868,23.334327697753906,32500,0.0,0.0,0.0
2018-05-09 00:00:00-04:00,23.352429123503594,23.470051781076553,23.3162387312978,23.40671730041504,19600,0.0,0.0,0.0
2018-05-10 00:00:00-04:00,23.46100432927026,23.524338811491255,23.42481221043814,23.506242752075195,4900,0.0,0.0,0.0
2018-05-11 00:00:00-04:00,23.442903429035283,23.569572367320898,23.442903429035283,23.524333953857422,10100,0.0,0.0,0.0
2018-05-14 00:00:00-04:00,23.533382153077596,23.587668594776076,23.44290359975688,23.488142013549805,9000,0.0,0.0,0.0
2018-05-15 00:00:00-04:00,23.34338415305188,23.35243218372282,23.280049664090697,23.307193756103516,7000,0.0,0.0,0.0
2018-05-16 00:00:00-04:00,23.2709985838716,23.42481163365035,23.225760162180563,23.40671730041504,131800,0.0,0.0,0.0
2018-05-17 00:00:00-04:00,23.415762813100827,23.488145320802253,23.415762813100827,23.43385887145996,2600,0.0,0.0,0.0
2018-05-18 00:00:00-04:00,23.47909927368164,23.50624163578155,23.451955185846604,23.47909927368164,6000,0.0,0.0,0.0
2018-05-21 00:00:00-04:00,23.723378537845566,23.75052261352539,23.605757661368365,23.75052261352539,18200,0.0,0.0,0.0
2018-05-22 00:00:00-04:00,23.886247823612777,23.886247823612777,23.723386764526367,23.723386764526367,23500,0.0,0.0,0.0
2018-05-23 00:00:00-04:00,23.59671766156463,23.632909774780273,23.524335160868276,23.632909774780273,6900,0.0,0.0,0.0
2018-05-24 00:00:00-04:00,23.569573576652893,23.714338578045595,23.524335160868276,23.632909774780273,12900,0.0,0.0,0.0
2018-05-25 00:00:00-04:00,23.62385949156458,23.62385949156458,23.52433291545637,23.542428970336914,10400,0.0,0.0,0.0
2018-05-29 00:00:00-04:00,23.325282970831484,23.325282970831484,23.1171817779541,23.1171817779541,12200,0.0,0.0,0.0
2018-05-30 00:00:00-04:00,23.370518768237265,23.415757177512234,23.252897868681526,23.3524227142334,6700,0.0,0.0,0.0
2018-05-31 00:00:00-04:00,23.343380434741462,23.370524522430564,23.180521085812202,23.225759506225586,6600,0.0,0.0,0.0
2018-06-01 00:00:00-04:00,23.29814231529894,23.50624181306498,23.29814231529894,23.442907333374023,13100,0.0,0.0,0.0
2018-06-04 00:00:00-04:00,23.66004760937533,23.66004760937533,23.506234609092836,23.578617095947266,4900,0.0,0.0,0.0
2018-06-05 00:00:00-04:00,23.53337963847223,23.560523719288483,23.460997148696897,23.515283584594727,11500,0.0,0.0,0.0
2018-06-06 00:00:00-04:00,23.65100289214304,23.65100289214304,23.48814184249876,23.524333953857422,22900,0.0,0.0,0.0
2018-06-07 00:00:00-04:00,23.66909798672557,23.705290096614632,23.578619437737693,23.58766746520996,21600,0.0,0.0,0.0
2018-06-08 00:00:00-04:00,23.641956077349242,23.67814819056489,23.61481371817245,23.632909774780273,5400,0.0,0.0,0.0
2018-06-11 00:00:00-04:00,23.714339525076923,23.79577005732911,23.6871971648162,23.696245193481445,17500,0.0,0.0,0.0
2018-06-12 00:00:00-04:00,23.669095905818285,23.77767050020518,23.61480947149215,23.623857498168945,72700,0.0,0.0,0.0
2018-06-13 00:00:00-04:00,23.6871971648162,23.70529322214669,23.569574517903035,23.696245193481445,3800,0.0,0.0,0.0
2018-06-14 00:00:00-04:00,23.596715409243767,23.596715409243767,23.506236860575825,23.542428970336914,2900,0.0,0.0,0.0
2018-06-15 00:00:00-04:00,23.33433644090143,23.370526835667274,23.325288410776146,23.361478805541992,2500,0.0,0.0,0.0
2018-06-18 00:00:00-04:00,23.193194425181066,23.302940422461578,23.193194425181066,23.293794631958008,5900,0.276,0.0,0.0
2018-06-19 00:00:00-04:00,23.13832124910469,23.13832124910469,22.973702242035795,23.110885620117188,16700,0.0,0.0,0.0
2018-06-20 00:00:00-04:00,23.202338223340803,23.202338223340803,23.065153121948242,23.065153121948242,63200,0.0,0.0,0.0
2018-06-21 00:00:00-04:00,23.11088578195715,23.11088578195715,22.836517279491733,22.84566307067871,8500,0.0,0.0,0.0
2018-06-22 00:00:00-04:00,22.873100226356197,23.019429395191334,22.873100226356197,22.882246017456055,7600,0.0,0.0,0.0
2018-06-25 00:00:00-04:00,22.88224465008786,22.88224465008786,22.72676969944354,22.818225860595703,9000,0.0,0.0,0.0
2018-06-26 00:00:00-04:00,22.900538255152398,22.927973884855987,22.799936294555664,22.799936294555664,11600,0.0,0.0,0.0
2018-06-27 00:00:00-04:00,22.89139131107857,23.019428894931472,22.69933319091797,22.69933319091797,14700,0.0,0.0,0.0
2018-06-28 00:00:00-04:00,22.607873331960224,22.71762106045842,22.543854550495013,22.68103790283203,6900,0.0,0.0,0.0
2018-06-29 00:00:00-04:00,22.836515319220595,22.991990267290742,22.836515319220595,22.854806900024414,15300,0.0,0.0,0.0
2018-07-02 00:00:00-04:00,22.626164225117453,22.772493362426758,22.580437023851136,22.772493362426758,35100,0.0,0.0,0.0
2018-07-03 00:00:00-04:00,22.845666773426057,22.909685577729544,22.845666773426057,22.86395835876465,3600,0.0,0.0,0.0
2018-07-05 00:00:00-04:00,22.94626661290263,22.94626661290263,22.85481043910266,22.90053939819336,3100,0.0,0.0,0.0
2018-07-06 00:00:00-04:00,22.991983971048136,23.193187816029134,22.991983971048136,23.174896240234375,18900,0.0,0.0,0.0
2018-07-09 00:00:00-04:00,23.22977627448791,23.31208664616844,23.20234064684854,23.24806785583496,5400,0.0,0.0,0.0
2018-07-10 00:00:00-04:00,23.101731681436014,23.174896240234375,23.101731681436014,23.174896240234375,3800,0.0,0.0,0.0
2018-07-11 00:00:00-04:00,22.93712082108449,22.973703988357048,22.863956230920802,22.90053939819336,11000,0.0,0.0,0.0
2018-07-12 00:00:00-04:00,23.01027817308628,23.147461518442835,23.01027817308628,23.074296951293945,5800,0.0,0.0,0.0
2018-07-13 00:00:00-04:00,23.110888937399196,23.257218127607267,23.110888937399196,23.165761947631836,28000,0.0,0.0,0.0
2018-07-16 00:00:00-04:00,23.220635626453724,23.220635626453724,23.074306432032415,23.083452224731445,27700,0.0,0.0,0.0
2018-07-17 00:00:00-04:00,23.037712910535035,23.202333603926515,23.037712910535035,23.174896240234375,3800,0.0,0.0,0.0
2018-07-18 00:00:00-04:00,23.11088758267107,23.165760589687128,23.101741790771484,23.101741790771484,9300,0.0,0.0,0.0
2018-07-19 00:00:00-04:00,23.09259365809204,23.238922824889844,23.065156285174474,23.1474666595459,18800,0.0,0.0,0.0
2018-07-20 00:00:00-04:00,23.20233821020337,23.34866735685029,23.20233821020337,23.312084197998047,3900,0.0,0.0,0.0
2018-07-23 00:00:00-04:00,23.248066161737256,23.248066161737256,23.174901586061793,23.211483001708984,5700,0.0,0.0,0.0
2018-07-24 00:00:00-04:00,23.32123041678191,23.430978150976784,23.211482682587036,23.266357421875,40400,0.0,0.0,0.0
2018-07-25 00:00:00-04:00,23.312084092043733,23.36695708569167,23.184046525404867,23.33037567138672,4500,0.0,0.0,0.0
2018-07-26 00:00:00-04:00,23.421834297224155,23.586455039934048,23.421834297224155,23.5041446685791,6000,0.0,0.0,0.0
2018-07-27 00:00:00-04:00,23.54072438989691,23.559015969853125,23.366957869075016,23.467559814453125,5700,0.0,0.0,0.0
2018-07-30 00:00:00-04:00,23.56816422032004,23.56816422032004,23.385251890424204,23.40354347229004,7000,0.0,0.0,0.0
2018-07-31 00:00:00-04:00,23.522433642790897,23.6596187529387,23.504143806568177,23.595598220825195,9300,0.0,0.0,0.0
2018-08-01 00:00:00-04:00,23.494995913624443,23.494995913624443,23.321229402200977,23.3852481842041,46100,0.0,0.0,0.0
2018-08-02 00:00:00-04:00,23.138318055043964,23.275503158569336,23.138318055043964,23.275503158569336,7500,0.0,0.0,0.0
2018-08-03 00:00:00-04:00,23.284644138170535,23.421829223632812,23.284644138170535,23.421829223632812,14300,0.0,0.0,0.0
2018-08-06 00:00:00-04:00,23.266362157404643,23.440126967373995,23.266362157404643,23.376108169555664,6800,0.0,0.0,0.0
2018-08-07 00:00:00-04:00,23.540723747624938,23.641325690258277,23.540723747624938,23.549869537353516,6400,0.0,0.0,0.0
2018-08-08 00:00:00-04:00,23.549869590408363,23.56816116990673,23.467559227046745,23.54072380065918,6300,0.0,0.0,0.0
2018-08-09 00:00:00-04:00,23.513292586487097,23.60474876353839,23.49500274658203,23.49500274658203,3000,0.0,0.0,0.0
2018-08-10 00:00:00-04:00,23.266363808164442,23.275509600556163,23.110888826268294,23.184053421020508,7100,0.0,0.0,0.0
2018-08-13 00:00:00-04:00,23.193192433622563,23.193192433622563,23.04686328689279,23.065153121948242,13400,0.0,0.0,0.0
2018-08-14 00:00:00-04:00,23.165758295833488,23.220631297416073,23.120031085244882,23.138320922851562,12300,0.0,0.0,0.0
2018-08-15 00:00:00-04:00,22.92796712350346,22.92796712350346,22.754200627637864,22.918821334838867,4600,0.0,0.0,0.0
2018-08-16 00:00:00-04:00,23.03771749717455,23.08344470138472,22.982842758865118,23.065153121948242,5500,0.0,0.0,0.0
2018-08-17 00:00:00-04:00,22.955413844372142,23.184053421020508,22.955413844372142,23.184053421020508,8600,0.0,0.0,0.0
2018-08-20 00:00:00-04:00,23.120030436404008,23.248068017963874,23.120030436404008,23.220630645751953,27100,0.0,0.0,0.0
2018-08-21 00:00:00-04:00,23.330378457248937,23.449270248413086,23.302941084958185,23.449270248413086,7100,0.0,0.0,0.0
2018-08-22 00:00:00-04:00,23.357814896225975,23.366958942242963,23.284648573040823,23.339523315429688,23700,0.0,0.0,0.0
2018-08-23 00:00:00-04:00,23.257212436685943,23.257212436685943,23.138318908496064,23.1566104888916,5000,0.0,0.0,0.0
2018-08-24 00:00:00-04:00,23.129174009564586,23.275503158569336,23.129174009564586,23.275503158569336,18900,0.0,0.0,0.0
2018-08-27 00:00:00-04:00,23.467559974491554,23.504143134653464,23.42183276867025,23.440122604370117,4300,0.0,0.0,0.0
2018-08-28 00:00:00-04:00,23.5224345054726,23.5773092492967,23.5041446685791,23.5041446685791,7200,0.0,0.0,0.0
2018-08-29 00:00:00-04:00,23.559022239017704,23.677914051608614,23.54987644660586,23.641332626342773,6900,0.0,0.0,0.0
2018-08-30 00:00:00-04:00,23.559016803998613,23.65047296263677,23.549871013696684,23.595598220825195,5800,0.0,0.0,0.0
2018-08-31 00:00:00-04:00,23.513287799089078,23.60474395751953,23.476706382345576,23.60474395751953,6600,0.0,0.0,0.0
2018-09-04 00:00:00-04:00,23.36695904986118,23.36695904986118,23.229775682019522,23.321231842041016,4200,0.0,0.0,0.0
2018-09-05 00:00:00-04:00,23.284652323721883,23.4492730886432,23.284652323721883,23.34867286682129,7900,0.0,0.0,0.0
2018-09-06 00:00:00-04:00,23.394400777387464,23.568167339346765,23.394400777387464,23.49500274658203,5500,0.0,0.0,0.0
2018-09-07 00:00:00-04:00,23.357814896225975,23.403542103835537,23.3212317346334,23.339523315429688,7500,0.0,0.0,0.0
2018-09-10 00:00:00-04:00,23.513286537480067,23.62303427058431,23.504142492070667,23.522432327270508,27000,0.0,0.0,0.0
2018-09-11 00:00:00-04:00,23.37610133595127,23.577305206711976,23.37610133595127,23.51328468322754,5400,0.0,0.0,0.0
2018-09-12 00:00:00-04:00,23.531577957896356,23.61388832107254,23.449267594720173,23.549869537353516,6100,0.0,0.0,0.0
2018-09-13 00:00:00-04:00,23.677909905190138,23.69620148681065,23.63218269552009,23.668764114379883,800,0.0,0.0,0.0
2018-09-14 00:00:00-04:00,23.70534287382469,23.769361653222337,23.70534287382469,23.741924285888672,7500,0.0,0.0,0.0
2018-09-17 00:00:00-04:00,23.760221808405426,23.77851339120403,23.732786178588867,23.732786178588867,7500,0.0,0.0,0.0
2018-09-18 00:00:00-04:00,23.778512195050684,23.906549779437416,23.778512195050684,23.879114151000977,16800,0.0,0.0,0.0
2018-09-19 00:00:00-04:00,23.815089964302366,23.943127519686506,23.815089964302366,23.824234008789062,9100,0.0,0.0,0.0
2018-09-20 00:00:00-04:00,23.988858844749924,24.07116921433115,23.321231842041016,23.321231842041016,9900,0.0,0.0,0.0
2018-09-21 00:00:00-04:00,23.970567920210843,23.97971371090153,23.95227808321068,23.961423873901367,7400,0.0,0.0,0.0
2018-09-24 00:00:00-04:00,23.914645921640552,23.914645921640552,23.70366173755507,23.731182098388672,10300,0.079,0.0,0.0
2018-09-25 00:00:00-04:00,23.731177740757598,23.75869634688073,23.666963577270508,23.666963577270508,5600,0.0,0.0,0.0
2018-09-26 00:00:00-04:00,23.722000631737806,23.887119241649348,23.621094425757025,23.767866134643555,7700,0.0,0.0,0.0
2018-09-27 00:00:00-04:00,23.639439752781282,23.767864552091805,23.584399053371058,23.611919403076172,5800,0.0,0.0,0.0
2018-09-28 00:00:00-04:00,23.57523459155327,23.66696561942163,23.53854078068016,23.547714233398438,4400,0.0,0.0,0.0
2018-10-01 00:00:00-04:00,23.740351753489374,23.804565923225926,23.630273818969727,23.630273818969727,10300,0.0,0.0,0.0
2018-10-02 00:00:00-04:00,23.566058450986908,23.566058450986908,23.483499135595995,23.520191192626953,10600,0.0,0.0,0.0
2018-10-03 00:00:00-04:00,23.529360930532867,23.547707830981057,23.391762676484888,23.400936126708984,54500,0.0,0.0,0.0
2018-10-04 00:00:00-04:00,23.290858947971607,23.290858947971607,23.1440872281073,23.20829963684082,4200,0.0,0.0,0.0
2018-10-05 00:00:00-04:00,23.254172905071616,23.263346358641996,23.116574600830663,23.189960479736328,14500,0.0,0.0,0.0
2018-10-08 00:00:00-04:00,23.12574348439867,23.12574348439867,22.969800041692707,23.06153106689453,3300,0.0,0.0,0.0
2018-10-09 00:00:00-04:00,22.960621776521993,22.988140378451572,22.878062471419682,22.96979522705078,6600,0.0,0.0,0.0
2018-10-10 00:00:00-04:00,22.868890793294362,22.868890793294362,22.391881826768532,22.410228729248047,8000,0.0,0.0,0.0
2018-10-11 00:00:00-04:00,22.327669962805476,22.327669962805476,21.914873395223925,21.997432708740234,19500,0.0,0.0,0.0
2018-10-12 00:00:00-04:00,22.12586033153406,22.12586033153406,21.88735583110929,22.107513427734375,18600,0.0,0.0,0.0
2018-10-15 00:00:00-04:00,21.942390952652655,22.070815757460377,21.905697151475167,21.988256454467773,7900,0.0,0.0,0.0
2018-10-16 00:00:00-04:00,22.23593727142385,22.437747955322266,22.162551409128337,22.437747955322266,9700,0.0,0.0,0.0
2018-10-17 00:00:00-04:00,22.327666452970256,22.410225753508517,22.190068201958717,22.300146102905273,6200,0.0,0.0,0.0
2018-10-18 00:00:00-04:00,22.226760913151217,22.226760913151217,21.859831649660048,21.988256454467773,17100,0.0,0.0,0.0
2018-10-19 00:00:00-04:00,22.079992022256548,22.098338925183942,21.896528241953494,21.997432708740234,9100,0.0,0.0,0.0
2018-10-22 00:00:00-04:00,21.832317352294922,21.841490805132846,21.786451837762524,21.832317352294922,3700,0.0,0.0,0.0
2018-10-23 00:00:00-04:00,21.529602182969168,21.72224120913943,21.373656971177002,21.630508422851562,13700,0.0,0.0,0.0
2018-10-24 00:00:00-04:00,21.547942278303225,21.65802193698115,21.300264358520508,21.300264358520508,5400,0.0,0.0,0.0
2018-10-25 00:00:00-04:00,21.437867490349912,21.584639223517275,21.401173682229537,21.511253356933594,8700,0.0,0.0,0.0
2018-10-26 00:00:00-04:00,21.327780850138797,21.57545872509023,21.162662266837845,21.4378604888916,12400,0.0,0.0,0.0
2018-10-29 00:00:00-04:00,21.575469073787882,21.658028405038035,21.080113086286975,21.226884841918945,20700,0.0,0.0,0.0
2018-10-30 00:00:00-04:00,21.116804015029413,21.511253710521814,21.116804015029413,21.456212997436523,7300,0.0,0.0,0.0
2018-10-31 00:00:00-04:00,21.685540807603086,21.804793918450432,21.685540807603086,21.740581512451172,6000,0.0,0.0,0.0
2018-11-01 00:00:00-04:00,21.859836360039417,22.12586122692928,21.859836360039417,22.116687774658203,8900,0.0,0.0,0.0
2018-11-02 00:00:00-04:00,22.23593521118164,22.391880372817827,22.034124545981737,22.23593521118164,7700,0.0,0.0,0.0
2018-11-05 00:00:00-05:00,22.171724203512664,22.318495923753773,22.171724203512664,22.19007110595703,4800,0.0,0.0,0.0
2018-11-06 00:00:00-05:00,22.38270771126119,22.38270771126119,22.34601565704802,22.364360809326172,900,0.0,0.0,0.0
2018-11-07 00:00:00-05:00,22.529476245902664,22.7496337890625,22.474437297526862,22.7496337890625,4400,0.0,0.0,0.0
2018-11-08 00:00:00-05:00,22.758805912122163,22.786326259534214,22.575342178344727,22.575342178344727,19500,0.0,0.0,0.0
2018-11-09 00:00:00-05:00,22.630380941038904,22.630380941038904,22.45608890814765,22.474435806274414,3300,0.0,0.0,0.0
2018-11-12 00:00:00-05:00,22.419403432423376,22.43774858627039,22.263458251953125,22.263458251953125,6900,0.0,0.0,0.0
2018-11-13 00:00:00-05:00,22.245108661825746,22.465266228313865,22.21758830989343,22.23593521118164,5500,0.0,0.0,0.0
2018-11-14 00:00:00-05:00,22.437747174310434,22.437747174310434,22.190070991219784,22.309322357177734,3600,0.0,0.0,0.0
2018-11-15 00:00:00-05:00,22.024953755371733,22.327670664560223,21.951567891012616,22.263458251953125,4900,0.0,0.0,0.0
2018-11-16 00:00:00-05:00,22.199251272750995,22.40106201171875,22.199251272750995,22.40106201171875,2200,0.0,0.0,0.0
2018-11-19 00:00:00-05:00,22.410229708425227,22.410229708425227,22.162551763100684,22.180898666381836,1400,0.0,0.0,0.0
2018-11-20 00:00:00-05:00,22.107509329603108,22.153374830943058,21.951564175527867,22.02495002746582,16800,0.0,0.0,0.0
2018-11-21 00:00:00-05:00,22.070821130169836,22.226766323822478,22.052475974772065,22.144207000732422,10700,0.0,0.0,0.0
2018-11-23 00:00:00-05:00,22.107511636199618,22.162550593481416,22.08916473388672,22.08916473388672,1700,0.0,0.0,0.0
2018-11-26 00:00:00-05:00,22.24510843253104,22.346014638919293,22.208414630332843,22.272628784179688,8500,0.0,0.0,0.0
2018-11-27 00:00:00-05:00,22.245105743408203,22.245105743408203,22.162546448099317,22.245105743408203,7200,0.0,0.0,0.0
2018-11-28 00:00:00-05:00,22.32766846194165,22.657905693808374,22.30014810940047,22.639558792114258,5100,0.0,0.0,0.0
2018-11-29 00:00:00-05:00,22.54782905850085,22.68542734035434,22.54782905850085,22.612041473388672,6100,0.0,0.0,0.0
2018-11-30 00:00:00-05:00,22.49278986199776,22.694600556642328,22.49278986199776,22.64873504638672,5800,0.0,0.0,0.0
2018-12-03 00:00:00-05:00,22.923932263146188,22.923932263146188,22.685427753747266,22.795507431030273,9000,0.0,0.0,0.0
2018-12-04 00:00:00-05:00,22.630382722234863,22.630382722234863,22.116681781848524,22.135026931762695,10900,0.0,0.0,0.0
2018-12-06 00:00:00-05:00,21.804789780955794,21.896522521972656,21.538765006972536,21.896522521972656,6900,0.0,0.0,0.0
2018-12-07 00:00:00-05:00,21.988255986551582,21.988255986551582,21.648847081166245,21.703886032104492,7200,0.0,0.0,0.0
2018-12-10 00:00:00-05:00,21.63967677539009,21.63967677539009,21.318612973894638,21.557117462158203,6800,0.0,0.0,0.0
2018-12-11 00:00:00-05:00,21.758922664954795,21.777269563198523,21.520418236755873,21.639671325683594,14900,0.0,0.0,0.0
2018-12-12 00:00:00-05:00,21.924046458366753,22.052473026926844,21.924046458366753,21.93321990966797,4300,0.0,0.0,0.0
2018-12-13 00:00:00-05:00,21.914873901564853,22.006606668664336,21.804795980771075,21.942394256591797,110800,0.0,0.0,0.0
2018-12-14 00:00:00-05:00,21.667195834523362,21.667195834523362,21.456209963510865,21.48373031616211,13300,0.0,0.0,0.0
2018-12-17 00:00:00-05:00,21.50208011895143,21.557119082022822,21.20853664969455,21.25440216064453,8400,0.0,0.0,0.0
2018-12-18 00:00:00-05:00,21.355309664654815,21.46538759739719,21.217709624241056,21.327789306640625,16000,0.0,0.0,0.0
2018-12-19 00:00:00-05:00,21.410346840997903,21.566292024059347,21.098456474875015,21.20853614807129,44300,0.0,0.0,0.0
2018-12-20 00:00:00-05:00,21.23605460243171,21.30026701564708,21.04341736278561,21.107629776000977,28000,0.0,0.0,0.0
2018-12-21 00:00:00-05:00,21.098454997207067,21.208534662693715,20.78656465292797,20.814085006713867,20200,0.0,0.0,0.0
2018-12-24 00:00:00-05:00,20.645417835691582,20.74680214826141,20.39656639099121,20.39656639099121,19700,0.107,0.0,0.0
2018-12-26 00:00:00-05:00,20.534818301574898,21.889673233032227,20.396566327429824,21.889673233032227,61100,0.0,0.0,0.0
2018-12-27 00:00:00-05:00,20.74680100007497,20.921918869018555,20.636199778124606,20.921918869018555,69500,0.0,0.0,0.0
2018-12-28 00:00:00-05:00,21.22607220482794,21.318237848283513,21.133904803425402,21.14312171936035,15900,0.0,0.0,0.0
2018-12-31 00:00:00-05:00,21.373541998999233,21.438058660611436,21.235291758694917,21.272157669067383,16900,0.0,0.0,0.0
2019-01-02 00:00:00-05:00,21.161554627390675,21.355106353759766,21.143122552741218,21.355106353759766,11100,0.0,0.0,0.0
2019-01-03 00:00:00-05:00,21.235286974180394,21.235286974180394,20.88505123584395,20.977218627929688,4800,0.0,0.0,0.0
2019-01-04 00:00:00-05:00,21.161554335820256,21.613174438476562,21.152339177596012,21.613174438476562,8100,0.0,0.0,0.0
2019-01-07 00:00:00-05:00,21.60395883741863,21.705341405579922,21.576308087221673,21.677692413330078,6600,0.0,0.0,0.0
2019-01-08 00:00:00-05:00,21.77907191892306,21.862022399902344,21.71455526881625,21.862022399902344,3500,0.0,0.0,0.0
2019-01-09 00:00:00-05:00,21.963402618055717,22.120086635374147,21.963402618055717,22.064786911010742,6800,0.0,0.0,0.0
2019-01-10 00:00:00-05:00,21.972621490145965,22.17538833618164,21.963404575606155,22.17538833618164,7800,0.0,0.0,0.0
2019-01-11 00:00:00-05:00,22.018706087149308,22.092439651489258,21.991057099238603,22.092439651489258,6300,0.0,0.0,0.0
2019-01-14 00:00:00-05:00,21.991058977508395,22.074009464219042,21.991058977508395,22.037141799926758,14200,0.0,0.0,0.0
2019-01-15 00:00:00-05:00,21.98184466630308,22.110877990722656,21.98184466630308,22.110877990722656,10300,0.0,0.0,0.0
2019-01-16 00:00:00-05:00,22.16618034501808,22.2214818545195,22.16618034501808,22.184614181518555,9900,0.0,0.0,0.0
2019-01-17 00:00:00-05:00,22.156957989675927,22.461109161376953,22.156957989675927,22.461109161376953,4600,0.0,0.0,0.0
2019-01-18 00:00:00-05:00,22.599358267239747,22.783691289513563,22.599358267239747,22.700740814208984,61200,0.0,0.0,0.0
2019-01-22 00:00:00-05:00,22.66388040351279,22.66388040351279,22.36894609006613,22.424245834350586,8400,0.0,0.0,0.0
2019-01-23 00:00:00-05:00,22.6177933429561,22.6177933429561,22.553274935761603,22.5993595123291,5100,0.0,0.0,0.0
2019-01-24 00:00:00-05:00,22.5993601192964,22.617793950418488,22.55327554149117,22.59014320373535,4600,0.0,0.0,0.0
2019-01-25 00:00:00-05:00,22.774475791434266,22.875860102657043,22.774475791434266,22.792909622192383,5400,0.0,0.0,0.0
2019-01-28 00:00:00-05:00,22.728398667638565,22.765266338392887,22.691532754831545,22.73761558532715,11100,0.0,0.0,0.0
2019-01-29 00:00:00-05:00,22.921942273124248,23.03254173016809,22.875857701067083,22.885074615478516,8600,0.0,0.0,0.0
2019-01-30 00:00:00-05:00,22.940377797476337,23.115495681762695,22.857427313232638,23.115495681762695,6600,0.0,0.0,0.0
2019-01-31 00:00:00-05:00,23.189225634788503,23.226093292236328,23.07862617833836,23.226093292236328,7700,0.0,0.0,0.0
2019-02-01 00:00:00-05:00,23.198446881293112,23.327480190563204,23.161579216960515,23.18922996520996,21200,0.0,0.0,0.0
2019-02-04 00:00:00-05:00,23.143146536699927,23.235312179223918,23.12471270501635,23.19844627380371,4600,0.0,0.0,0.0
2019-02-05 00:00:00-05:00,23.309049016700996,23.41043158163774,23.309049016700996,23.373565673828125,7000,0.0,0.0,0.0
2019-02-06 00:00:00-05:00,23.364347980693204,23.410430803410073,23.309048241843563,23.32748031616211,11000,0.0,0.0,0.0
2019-02-07 00:00:00-05:00,23.253741489019557,23.31825812941932,23.13392512226951,23.180007934570312,7000,0.0,0.0,0.0
2019-02-08 00:00:00-05:00,23.060194672431155,23.161577224731445,22.968027277474388,23.161577224731445,24200,0.0,0.0,0.0
2019-02-11 00:00:00-05:00,23.216880713459407,23.272180452011305,23.161579216960515,23.18922996520996,4600,0.0,0.0,0.0
2019-02-12 00:00:00-05:00,23.272180784925226,23.49338150024414,23.272180784925226,23.49338150024414,3000,0.0,0.0,0.0
2019-02-13 00:00:00-05:00,23.493382108103866,23.511815941010813,23.42886545087661,23.48416519165039,5800,0.0,0.0,0.0
2019-02-14 00:00:00-05:00,23.36434877556195,23.511815922809244,23.36434877556195,23.428865432739258,6300,0.0,0.0,0.0
2019-02-15 00:00:00-05:00,23.557894652882574,23.70536177450103,23.557894652882574,23.68692970275879,12500,0.0,0.0,0.0
2019-02-19 00:00:00-05:00,23.73301521044463,23.954215917957274,23.73301521044463,23.926565170288086,17100,0.0,0.0,0.0
2019-02-20 00:00:00-05:00,23.90813378814568,24.00030119176253,23.90813378814568,23.94499969482422,9500,0.0,0.0,0.0
2019-02-21 00:00:00-05:00,23.871263100878647,24.037164054792765,23.871263100878647,23.99108123779297,9200,0.0,0.0,0.0
2019-02-22 00:00:00-05:00,24.09246583300524,24.1569824854632,24.074033759407914,24.12933349609375,7400,0.0,0.0,0.0
2019-02-25 00:00:00-05:00,24.33210563659668,24.415056138555826,24.30445664124184,24.33210563659668,41900,0.0,0.0,0.0
2019-02-26 00:00:00-05:00,24.35053143692774,24.451915740966797,24.35053143692774,24.451915740966797,7700,0.0,0.0,0.0
2019-02-27 00:00:00-05:00,24.322884318551747,24.43348555380407,24.295235328198917,24.396617889404297,13300,0.0,0.0,0.0
2019-02-28 00:00:00-05:00,24.350536329043496,24.350536329043496,24.276802754369022,24.295236587524414,5200,0.0,0.0,0.0
2019-03-01 00:00:00-05:00,24.4703515653058,24.479568481445312,24.41505182641574,24.479568481445312,5500,0.0,0.0,0.0
2019-03-04 00:00:00-05:00,24.52565436390258,24.5348712805313,24.295236722025845,24.488786697387695,7600,0.0,0.0,0.0
2019-03-05 00:00:00-05:00,24.44270053426821,24.45191744963826,24.34131622314453,24.34131622314453,3500,0.0,0.0,0.0
2019-03-06 00:00:00-05:00,24.3873978544795,24.433482429085608,24.350531952741385,24.415048599243164,94100,0.0,0.0,0.0
2019-03-07 00:00:00-05:00,24.295234464098186,24.295234464098186,24.12933349609375,24.12933349609375,21300,0.0,0.0,0.0
2019-03-08 00:00:00-05:00,24.009517868347164,24.175418853759766,23.96343504259794,24.175418853759766,10200,0.0,0.0,0.0
2019-03-11 00:00:00-04:00,24.193850406817013,24.405834197998047,24.193850406817013,24.405834197998047,67700,0.0,0.0,0.0
2019-03-12 00:00:00-04:00,24.451917067185935,24.534867546272086,24.451917067185935,24.516433715820312,3500,0.0,0.0,0.0
2019-03-13 00:00:00-04:00,24.65468660125979,24.700769424438477,24.63625276880951,24.700769424438477,6400,0.0,0.0,0.0
2019-03-14 00:00:00-04:00,24.673119112511333,24.719201933222372,24.63625144958496,24.63625144958496,7900,0.0,0.0,0.0
2019-03-15 00:00:00-04:00,24.774501993430423,24.885103225708008,24.774501993430423,24.885103225708008,23400,0.0,0.0,0.0
2019-03-18 00:00:00-04:00,24.894323445310146,24.97727394104004,24.857455777009225,24.97727394104004,17400,0.0,0.0,0.0
2019-03-19 00:00:00-04:00,25.124739808685035,25.124739808685035,25.02335548400879,25.02335548400879,5400,0.0,0.0,0.0
2019-03-20 00:00:00-04:00,24.92197419653584,25.06022443676993,24.839023700805946,24.97727394104004,4000,0.0,0.0,0.0
2019-03-21 00:00:00-04:00,24.88509959009878,25.11551717889599,24.88509959009878,25.078649520874023,4900,0.0,0.0,0.0
2019-03-22 00:00:00-04:00,24.903533669065613,24.903533669065613,24.68233299255371,24.68233299255371,43000,0.0,0.0,0.0
2019-03-25 00:00:00-04:00,24.617818289228698,24.68233670110869,24.516435729311233,24.59938621520996,11800,0.0,0.0,0.0
2019-03-26 00:00:00-04:00,24.64546775817871,24.77450105934844,24.627033927169638,24.64546775817871,4700,0.0,0.0,0.0
2019-03-27 00:00:00-04:00,24.77450680027855,24.77450680027855,24.58095680367313,24.590173721313477,8700,0.0,0.0,0.0
2019-03-28 00:00:00-04:00,24.61781709808724,24.700767579972382,24.534868374148992,24.673118591308594,24000,0.0,0.0,0.0
2019-03-29 00:00:00-04:00,24.783716201782227,24.848232847751458,24.783716201782227,24.783716201782227,4100,0.0,0.0,0.0
2019-04-01 00:00:00-04:00,25.02335489476513,25.087871551513672,24.995705903556928,25.087871551513672,11300,0.0,0.0,0.0
2019-04-02 00:00:00-04:00,25.01413663926037,25.087870208446706,24.968053817749023,24.968053817749023,7100,0.0,0.0,0.0
2019-04-03 00:00:00-04:00,25.152388939756413,25.327505070085486,25.152388939756413,25.21690559387207,9600,0.0,0.0,0.0
2019-04-04 00:00:00-04:00,25.27221167763952,25.29986243260926,25.20769500732422,25.20769500732422,8600,0.0,0.0,0.0
2019-04-05 00:00:00-04:00,25.327507627388794,25.33672454432837,25.309073793509643,25.31829071044922,2500,0.0,0.0,0.0
2019-04-08 00:00:00-04:00,25.299854799009907,25.30906995660529,25.22612123261862,25.26298713684082,13300,0.0,0.0,0.0
2019-04-09 00:00:00-04:00,25.0878655208623,25.0878655208623,24.811365127563477,24.811365127563477,8900,0.0,0.0,0.0
2019-04-10 00:00:00-04:00,24.940401857718395,25.04178616965141,24.93118494227477,24.986486434936523,12200,0.0,0.0,0.0
2019-04-11 00:00:00-04:00,25.04178362079875,25.106300264390498,25.04178362079875,25.078649520874023,41400,0.0,0.0,0.0
2019-04-12 00:00:00-04:00,25.161604684644075,25.198472349539703,25.152389526367188,25.152389526367188,5200,0.0,0.0,0.0
2019-04-15 00:00:00-04:00,25.226122339238504,25.226122339238504,25.161603927612305,25.161603927612305,5100,0.0,0.0,0.0
2019-04-16 00:00:00-04:00,25.336722700716862,25.345939616985774,25.23533837970587,25.290639877319336,5100,0.0,0.0,0.0
2019-04-17 00:00:00-04:00,25.299855973399097,25.299855973399097,25.060221432017144,25.133955001831055,22700,0.0,0.0,0.0
2019-04-18 00:00:00-04:00,25.060223955713436,25.198474193293674,25.060223955713436,25.18004035949707,17900,0.0,0.0,0.0
2019-04-22 00:00:00-04:00,25.097089865359496,25.18004035949707,25.051007038815136,25.18004035949707,8800,0.0,0.0,0.0
2019-04-23 00:00:00-04:00,24.995705466454805,25.152389526367188,24.995705466454805,25.152389526367188,9300,0.0,0.0,0.0
2019-04-24 00:00:00-04:00,25.078650909882366,25.152386230010208,25.078650909882366,25.11551856994629,5600,0.0,0.0,0.0
2019-04-25 00:00:00-04:00,25.17082160086798,25.17082160086798,25.06943903829904,25.152389526367188,28800,0.0,0.0,0.0
2019-04-26 00:00:00-04:00,25.244549013025225,25.35515022277832,25.216900029046894,25.35515022277832,7600,0.0,0.0,0.0
2019-04-29 00:00:00-04:00,25.355159245554805,25.484192571228498,25.355159245554805,25.44732666015625,1900,0.0,0.0,0.0
2019-04-30 00:00:00-04:00,25.419674626750883,25.52105895349547,25.355157967166917,25.493408203125,10300,0.0,0.0,0.0
2019-05-01 00:00:00-04:00,25.465754004930133,25.484187836014677,25.26298713684082,25.26298713684082,4100,0.0,0.0,0.0
2019-05-02 00:00:00-04:00,25.428892825646518,25.465758736718765,25.318291576535344,25.44732666015625,6100,0.0,0.0,0.0
2019-05-03 00:00:00-04:00,25.56713888838842,25.760690603200775,25.56713888838842,25.73303985595703,4900,0.0,0.0,0.0
2019-05-06 00:00:00-04:00,25.35515675824473,25.5118408203125,25.35515675824473,25.5118408203125,4400,0.0,0.0,0.0
2019-05-07 00:00:00-04:00,25.281422667450858,25.281422667450858,25.004920456435705,25.097087860107422,15000,0.0,0.0,0.0
2019-05-08 00:00:00-04:00,25.078650909882366,25.13395239997825,25.051001922781214,25.11551856994629,4000,0.0,0.0,0.0
2019-05-09 00:00:00-04:00,24.83901794967446,25.00491714477539,24.69155082650911,25.00491714477539,6700,0.0,0.0,0.0
2019-05-10 00:00:00-04:00,24.968052604049273,25.069436915982287,24.728418076355617,24.986486434936523,6900,0.0,0.0,0.0
2019-05-13 00:00:00-04:00,24.663900843540844,24.682334673992617,24.37818350332567,24.516433715820312,7600,0.0,0.0,0.0
2019-05-14 00:00:00-04:00,24.479571160718482,24.645472153493415,24.479571160718482,24.52565574645996,4000,0.0,0.0,0.0
2019-05-15 00:00:00-04:00,24.45192347260285,24.61782271628723,24.45192347260285,24.590173721313477,5400,0.0,0.0,0.0
2019-05-16 00:00:00-04:00,24.590169717172433,24.61781870764396,24.479568481445312,24.479568481445312,5900,0.0,0.0,0.0
2019-05-17 00:00:00-04:00,24.38740223740719,24.470352728659357,24.295236587524414,24.295236587524414,3300,0.0,0.0,0.0
2019-05-20 00:00:00-04:00,24.28602339616509,24.28602339616509,24.212289810180664,24.212289810180664,6400,0.0,0.0,0.0
2019-05-21 00:00:00-04:00,24.424266321508274,24.55329961877703,24.424266321508274,24.516433715820312,3200,0.0,0.0,0.0
2019-05-22 00:00:00-04:00,24.415054498627605,24.56252165710595,24.415054498627605,24.52565574645996,3500,0.0,0.0,0.0
2019-05-23 00:00:00-04:00,24.313664669130866,24.313664669130866,24.166197544003897,24.239931106567383,5700,0.0,0.0,0.0
2019-05-24 00:00:00-04:00,24.415053713031085,24.442704463586264,24.35975396986787,24.424270629882812,1800,0.0,0.0,0.0
2019-05-28 00:00:00-04:00,24.451921198512046,24.47957019091437,24.313669204711914,24.313669204711914,6000,0.0,0.0,0.0
2019-05-29 00:00:00-04:00,24.230717225795768,24.368967443141237,24.147766743799107,24.193849563598633,8500,0.0,0.0,0.0
2019-05-30 00:00:00-04:00,24.341319328815615,24.350536245361635,24.26758575439453,24.26758575439453,4900,0.0,0.0,0.0
2019-05-31 00:00:00-04:00,24.21228663599151,24.322886121495067,24.21228663599151,24.313669204711914,7200,0.0,0.0,0.0
2019-06-03 00:00:00-04:00,24.368968505001096,24.571735382080078,24.368968505001096,24.571735382080078,7200,0.0,0.0,0.0
2019-06-04 00:00:00-04:00,24.63625177154366,24.885103225708008,24.562518202674255,24.885103225708008,7000,0.0,0.0,0.0
2019-06-05 00:00:00-04:00,25.03257240061091,25.03257240061091,25.004921650804544,25.02335548400879,2500,0.0,0.0,0.0
2019-06-06 00:00:00-04:00,25.20768670909517,25.244552612304688,25.11551931415112,25.244552612304688,6600,0.0,0.0,0.0
2019-06-07 00:00:00-04:00,25.364367202506237,25.502617396596055,25.3459333745085,25.465749740600586,8200,0.0,0.0,0.0
2019-06-10 00:00:00-04:00,25.37358408368826,25.456534551624188,25.37358408368826,25.410449981689453,19400,0.0,0.0,0.0
2019-06-11 00:00:00-04:00,25.502619858747824,25.502619858747824,25.309068161978345,25.345935821533203,5500,0.0,0.0,0.0
2019-06-12 00:00:00-04:00,25.355159245554805,25.44732666015625,25.355159245554805,25.44732666015625,2200,0.0,0.0,0.0
2019-06-13 00:00:00-04:00,25.55792236328125,25.631655932444623,25.50262262589546,25.55792236328125,2700,0.0,0.0,0.0
2019-06-14 00:00:00-04:00,25.41967270467877,25.493406275477632,25.41967270467877,25.438106536865234,1600,0.0,0.0,0.0
2019-06-17 00:00:00-04:00,25.47496969728199,25.47496969728199,25.28141975402832,25.28141975402832,6900,0.0,0.0,0.0
2019-06-18 00:00:00-04:00,25.57635489359822,25.60400563985758,25.530272074446163,25.548704147338867,2400,0.0,0.0,0.0
2019-06-19 00:00:00-04:00,25.484187670275237,25.668522464028054,25.474970754792906,25.604005813598633,12300,0.0,0.0,0.0
2019-06-20 00:00:00-04:00,25.871297233671346,26.000330573945842,25.77912980864067,25.935813903808594,11500,0.0,0.0,0.0
2019-06-21 00:00:00-04:00,25.917374807964947,25.95424071322723,25.82520740788883,25.926589965820312,282700,0.0,0.0,0.0
2019-06-24 00:00:00-04:00,25.95353870410243,26.0092923183003,25.907075881958008,25.907075881958008,11900,0.229,0.0,0.0
2019-06-25 00:00:00-04:00,25.869910762673086,25.9349569497633,25.693355560302734,25.693355560302734,11500,0.0,0.0,0.0
2019-06-26 00:00:00-04:00,25.81415509581181,25.842031018141316,25.628307342529297,25.628307342529297,12100,0.0,0.0,0.0
2019-06-27 00:00:00-04:00,25.665472117301928,25.749101638793945,25.609716739807045,25.749101638793945,7300,0.0,0.0,0.0
2019-06-28 00:00:00-04:00,25.739811069091804,25.87919596927458,25.739811069091804,25.832733154296875,9800,0.0,0.0,0.0
2019-07-01 00:00:00-04:00,26.14867556926318,26.14867556926318,25.92565935434546,25.999998092651367,26500,0.0,0.0,0.0
2019-07-02 00:00:00-04:00,26.065048417817547,26.148679733276367,26.037172494248345,26.148679733276367,8000,0.0,0.0,0.0
2019-07-03 00:00:00-04:00,26.278766814872988,26.40885914957838,26.278766814872988,26.353105545043945,6700,0.0,0.0,0.0
2019-07-05 00:00:00-04:00,26.111507512112425,26.204431379604,25.925659777129276,26.167261123657227,25400,0.0,0.0,0.0
2019-07-08 00:00:00-04:00,26.09292571195701,26.09292571195701,25.981416702270508,25.981416702270508,4200,0.0,0.0,0.0
2019-07-09 00:00:00-04:00,25.842025717292415,25.88848853227012,25.832733154296875,25.832733154296875,2400,0.0,0.0,0.0
2019-07-10 00:00:00-04:00,25.93495757762469,26.01858889801551,25.93495757762469,25.953542709350586,10800,0.0,0.0,0.0
2019-07-11 00:00:00-04:00,25.990709267442348,25.990709267442348,25.869909464959584,25.981416702270508,15600,0.0,0.0,0.0
2019-07-12 00:00:00-04:00,26.0000001687221,26.074338912963867,25.962831682788945,26.074338912963867,9200,0.0,0.0,0.0
2019-07-15 00:00:00-04:00,26.167264663077642,26.167264663077642,26.065048217773438,26.065048217773438,20100,0.0,0.0,0.0
2019-07-16 00:00:00-04:00,26.00000377802535,26.06504996671963,25.990711212158203,25.990711212158203,8800,0.0,0.0,0.0
2019-07-17 00:00:00-04:00,26.037165995448433,26.07433447505543,25.832733154296875,25.832733154296875,6200,0.0,0.0,0.0
2019-07-18 00:00:00-04:00,25.962829822059813,26.092922172065464,25.962829822059813,26.083629608154297,5500,0.0,0.0,0.0
2019-07-19 00:00:00-04:00,26.120801642686796,26.14867756394337,26.018585205078125,26.018585205078125,28200,0.0,0.0,0.0
2019-07-22 00:00:00-04:00,26.009292640534113,26.065046255422725,26.009292640534113,26.018585205078125,16700,0.0,0.0,0.0
2019-07-23 00:00:00-04:00,26.167261219793332,26.22301483154297,26.046461432273226,26.22301483154297,4500,0.0,0.0,0.0
2019-07-24 00:00:00-04:00,26.157968559670532,26.204431379604,26.120800076099115,26.167261123657227,9400,0.0,0.0,0.0
2019-07-25 00:00:00-04:00,26.213723836870255,26.22301640144741,26.04646299160787,26.074338912963867,3300,0.0,0.0,0.0
2019-07-26 00:00:00-04:00,26.26018901926953,26.278774150093735,26.204435399172528,26.250896453857422,5300,0.0,0.0,0.0
2019-07-29 00:00:00-04:00,26.288062856861657,26.31593877663063,26.23230747257298,26.241600036621094,8300,0.0,0.0,0.0
2019-07-30 00:00:00-04:00,25.981417102358723,26.176557429221177,25.981417102358723,26.148679733276367,4200,0.0,0.0,0.0
2019-07-31 00:00:00-04:00,26.20443652218795,26.232312447243288,25.897788939949347,25.916372299194336,6800,0.0,0.0,0.0
2019-08-01 00:00:00-04:00,25.953536557433246,26.17655276815404,25.786273956298828,25.786273956298828,9800,0.0,0.0,0.0
2019-08-02 00:00:00-04:00,25.81415311744549,25.81415311744549,25.55396663726546,25.581844329833984,16500,0.0,0.0,0.0
2019-08-05 00:00:00-04:00,25.228738221057252,25.2937844089426,24.782705699235684,24.949968338012695,16500,0.0,0.0,0.0
2019-08-06 00:00:00-04:00,25.1358152714017,25.35883331298828,25.04289315517901,25.35883331298828,7600,0.0,0.0,0.0
2019-08-07 00:00:00-04:00,25.089346392528853,25.312362592221863,25.005715096097074,25.293777465820312,15900,0.0,0.0,0.0
2019-08-08 00:00:00-04:00,25.414583815995112,25.702646240134754,25.414583815995112,25.665477752685547,13700,0.0,0.0,0.0
2019-08-09 00:00:00-04:00,25.563260918928794,25.563260918928794,25.43316855628619,25.535383224487305,4800,0.0,0.0,0.0
2019-08-12 00:00:00-04:00,25.423875526843354,25.488921706975916,25.321659088134766,25.321659088134766,6500,0.0,0.0,0.0
2019-08-13 00:00:00-04:00,25.358826236672098,25.66547374281474,25.349533673167745,25.61901092529297,3000,0.0,0.0,0.0
2019-08-14 00:00:00-04:00,25.321658273433403,25.330950837778428,24.959257125854492,24.959257125854492,8600,0.0,0.0,0.0
2019-08-15 00:00:00-04:00,25.042886793047526,25.11722553056542,25.005716538100927,25.08934783935547,4000,0.0,0.0,0.0
2019-08-16 00:00:00-04:00,25.219448498709962,25.39600372314453,25.219448498709962,25.39600372314453,3700,0.0,0.0,0.0
2019-08-19 00:00:00-04:00,25.591136663339807,25.591136663339807,25.470335102340535,25.52608871459961,30600,0.0,0.0,0.0
2019-08-20 00:00:00-04:00,25.516799788510895,25.516799788510895,25.41458511352539,25.41458511352539,6600,0.0,0.0,0.0
2019-08-21 00:00:00-04:00,25.488922398240963,25.600429632242175,25.488922398240963,25.59113883972168,50200,0.0,0.0,0.0
2019-08-22 00:00:00-04:00,25.609720019175914,25.609720019175914,25.46104253823479,25.52608871459961,8600,0.0,0.0,0.0
2019-08-23 00:00:00-04:00,25.498209658864603,25.55396326426705,25.01500701904297,25.01500701904297,3900,0.0,0.0,0.0
2019-08-26 00:00:00-04:00,25.163686576873364,25.163686576873364,24.996423974364276,25.08934783935547,4100,0.0,0.0,0.0
2019-08-27 00:00:00-04:00,25.145101585993146,25.293779061836574,25.117225667007077,25.154394149780273,4800,0.0,0.0,0.0
2019-08-28 00:00:00-04:00,25.02430761451762,25.219446182250977,25.02430761451762,25.219446182250977,3700,0.0,0.0,0.0
2019-08-29 00:00:00-04:00,25.423877927348048,25.553970299896406,25.414585361826646,25.544677734375,6200,0.0,0.0,0.0
2019-08-30 00:00:00-04:00,25.79557372232989,25.79557372232989,25.57255744934082,25.57255744934082,3200,0.0,0.0,0.0
2019-09-03 00:00:00-04:00,25.60043130481157,25.60043130481157,25.46104636701576,25.49821662902832,3900,0.0,0.0,0.0
2019-09-04 00:00:00-04:00,25.767688984157637,25.832735157796016,25.749103856725156,25.823444366455078,12300,0.0,0.0,0.0
2019-09-05 00:00:00-04:00,26.018585281013983,26.157970204830036,26.018585281013983,26.03717041015625,36300,0.0,0.0,0.0
2019-09-06 00:00:00-04:00,26.07433904339867,26.167262917259592,26.07433904339867,26.139385223388672,6900,0.0,0.0,0.0
2019-09-09 00:00:00-04:00,26.139380620139193,26.139380620139193,25.795564651489258,25.795564651489258,6000,0.0,0.0,0.0
2019-09-10 00:00:00-04:00,25.674762765504845,25.68405532836914,25.52608530442638,25.68405532836914,7500,0.0,0.0,0.0
2019-09-11 00:00:00-04:00,25.814155943316287,26.018587060738305,25.814155943316287,25.972126007080078,36900,0.0,0.0,0.0
2019-09-12 00:00:00-04:00,26.10221879043253,26.269481422063738,26.10221879043253,26.176557540893555,4800,0.0,0.0,0.0
2019-09-13 00:00:00-04:00,26.167261123657227,26.232307299188722,26.167261123657227,26.167261123657227,2600,0.0,0.0,0.0
2019-09-16 00:00:00-04:00,26.09292562215105,26.09292562215105,25.916370429244907,25.925662994384766,12400,0.0,0.0,0.0
2019-09-17 00:00:00-04:00,25.94424677978608,26.148677885139072,25.94424677978608,26.130094528198242,5600,0.0,0.0,0.0
2019-09-18 00:00:00-04:00,26.195137063099846,26.204429626464844,26.1115057651901,26.204429626464844,5600,0.0,0.0,0.0
2019-09-19 00:00:00-04:00,26.195140779361388,26.30664801081024,26.195140779361388,26.21372413635254,5300,0.0,0.0,0.0
2019-09-20 00:00:00-04:00,26.102216513598773,26.139384999399358,25.972124154733528,26.018585205078125,3600,0.0,0.0,0.0
2019-09-23 00:00:00-04:00,25.821961678781697,25.91514847428837,25.81264459888229,25.88719367980957,3300,0.079,0.0,0.0
2019-09-24 00:00:00-04:00,25.971054626278054,26.03628483235481,25.793999940219848,25.82195472717285,11900,0.0,0.0,0.0
2019-09-25 00:00:00-04:00,25.67286053952746,25.700817108154297,25.607630323454924,25.700817108154297,6700,0.0,0.0,0.0
2019-09-26 00:00:00-04:00,25.924467331578064,25.924467331578064,25.831280536071393,25.88719367980957,2200,0.0,0.0,0.0
2019-09-27 00:00:00-04:00,25.943103152194343,25.943103152194343,25.766048431396484,25.766048431396484,2300,0.0,0.0,0.0
2019-09-30 00:00:00-04:00,25.83128283682836,25.99901872820232,25.83128283682836,25.98038101196289,15300,0.0,0.0,0.0
2019-10-01 00:00:00-04:00,26.073561761552714,26.101518329420408,25.784684336479994,25.84991455078125,4700,0.0,0.0,0.0
2019-10-02 00:00:00-04:00,25.393312261537233,25.402631121525612,25.09511585147235,25.141708374023438,11300,0.0,0.0,0.0
2019-10-03 00:00:00-04:00,25.085788758717847,25.374666213989258,25.085788758717847,25.374666213989258,8800,0.0,0.0,0.0
2019-10-04 00:00:00-04:00,25.467854170045094,25.65422776238534,25.467854170045094,25.644908905029297,20400,0.0,0.0,0.0
2019-10-07 00:00:00-04:00,25.654231174785522,25.654231174785522,25.514450073242188,25.514450073242188,8700,0.0,0.0,0.0
2019-10-08 00:00:00-04:00,25.27216210327993,25.27216210327993,25.039196014404297,25.039196014404297,9600,0.0,0.0,0.0
2019-10-09 00:00:00-04:00,25.178973800057467,25.281477664381246,25.13237951864657,25.253522872924805,35800,0.0,0.0,0.0
2019-10-10 00:00:00-04:00,25.272162675674096,25.5237647065418,25.272162675674096,25.421260833740234,3700,0.0,0.0,0.0
2019-10-11 00:00:00-04:00,25.80332880936478,26.13879882472661,25.80332880936478,26.03629493713379,5300,0.0,0.0,0.0
2019-10-14 00:00:00-04:00,25.87786785585848,25.924460352373362,25.82195472717285,25.82195472717285,8200,0.0,0.0,0.0
2019-10-15 00:00:00-04:00,26.02697534624064,26.278579183723824,26.02697534624064,26.185392379760742,17800,0.0,0.0,0.0
2019-10-16 00:00:00-04:00,26.110843490264863,26.27857938319353,26.110843490264863,26.231985092163086,3600,0.0,0.0,0.0
2019-10-17 00:00:00-04:00,26.371763676843187,26.44631276302757,26.297214590658808,26.38108253479004,6300,0.0,0.0,0.0
2019-10-18 00:00:00-04:00,26.39972033308231,26.492907135451244,26.343808962617118,26.464950561523438,4300,0.0,0.0,0.0
2019-10-21 00:00:00-04:00,26.558129600581488,26.558129600581488,26.492899391208056,26.50221824645996,8300,0.0,0.0,0.0
2019-10-22 00:00:00-04:00,26.614050608442408,26.725875134637572,26.56745809267224,26.586095809936523,14800,0.0,0.0,0.0
2019-10-23 00:00:00-04:00,26.55813950548777,26.716556549072266,26.55813950548777,26.716556549072266,5900,0.0,0.0,0.0
2019-10-24 00:00:00-04:00,26.76314378260793,26.772462639495895,26.707232418670362,26.72587013244629,6700,0.0,0.0,0.0
2019-10-25 00:00:00-04:00,26.6513219738497,26.725871054134153,26.604727687803,26.62336540222168,7100,0.0,0.0,0.0
2019-10-28 00:00:00-04:00,26.763148694590832,26.83769778598672,26.735193896186463,26.791105270385742,4900,0.0,0.0,0.0
2019-10-29 00:00:00-04:00,26.539501420403173,26.791105270385742,26.539501420403173,26.791105270385742,3600,0.0,0.0,0.0
2019-10-30 00:00:00-04:00,26.809739014793532,26.912242889404297,26.77246358592396,26.912242889404297,3400,0.0,0.0,0.0
2019-10-31 00:00:00-04:00,26.98679221526735,26.996111072569523,26.82837697330131,26.874969482421875,8100,0.0,0.0,0.0
2019-11-01 00:00:00-04:00,27.042706069960936,27.135892868041992,27.024068354866657,27.135892868041992,4200,0.0,0.0,0.0
2019-11-04 00:00:00-05:00,27.2290789045073,27.294310909770743,27.061344794572523,27.11725616455078,8500,0.0,0.0,0.0
2019-11-05 00:00:00-05:00,27.00543156421896,27.061344711415806,26.968157910144793,27.033388137817383,9400,0.0,0.0,0.0
2019-11-06 00:00:00-05:00,27.04270362854004,27.070658421267357,26.996109345010886,27.04270362854004,6200,0.0,0.0,0.0
2019-11-07 00:00:00-05:00,27.126575305579834,27.126575305579834,26.921563984535734,26.958839416503906,5200,0.0,0.0,0.0
2019-11-08 00:00:00-05:00,26.94951685761252,27.01474707720852,26.865648924591895,26.921560287475586,70900,0.0,0.0,0.0
2019-11-11 00:00:00-05:00,26.89360809326172,26.977476034385887,26.85633266281082,26.89360809326172,92800,0.0,0.0,0.0
2019-11-12 00:00:00-05:00,26.968156814575195,27.070660692157777,26.93088138462493,26.968156814575195,97600,0.0,0.0,0.0
2019-11-13 00:00:00-05:00,26.884289521501064,27.03338769010927,26.884289521501064,27.02406883239746,44200,0.0,0.0,0.0
2019-11-14 00:00:00-05:00,26.921564629563452,27.02407029254149,26.921564629563452,27.014751434326172,5200,0.0,0.0,0.0
2019-11-15 00:00:00-05:00,27.107936136657372,27.257034301757812,27.107936136657372,27.257034301757812,5900,0.0,0.0,0.0
2019-11-18 00:00:00-05:00,27.284988403320312,27.350218622470745,27.257031833374338,27.284988403320312,11700,0.0,0.0,0.0
2019-11-19 00:00:00-05:00,27.359541504479097,27.359541504479097,27.229079269593385,27.331584930419922,8800,0.0,0.0,0.0
2019-11-20 00:00:00-05:00,27.275673113054758,27.350222198601386,27.219759965851985,27.322265625,10900,0.0,0.0,0.0
2019-11-21 00:00:00-05:00,27.219756874329214,27.24771344475539,27.12657186102235,27.17316436767578,3900,0.0,0.0,0.0
2019-11-22 00:00:00-05:00,27.238393334529317,27.28498761642884,27.14520654812039,27.229074478149414,10700,0.0,0.0,0.0
2019-11-25 00:00:00-05:00,27.396817222688117,27.50864174995697,27.396817222688117,27.49932289123535,14200,0.0,0.0,0.0
2019-11-26 00:00:00-05:00,27.480683429531833,27.704330692483584,27.480683429531833,27.667057037353516,7600,0.0,0.0,0.0
2019-11-27 00:00:00-05:00,27.695012113415412,27.797517776489258,27.695012113415412,27.797517776489258,6600,0.0,0.0,0.0
2019-11-29 00:00:00-05:00,27.667054143751898,27.68569008067264,27.56454849243164,27.56454849243164,4900,0.0,0.0,0.0
2019-12-02 00:00:00-05:00,27.57386998918129,27.57386998918129,27.41545295715332,27.41545295715332,4200,0.0,0.0,0.0
2019-12-03 00:00:00-05:00,27.219758397509498,27.38749427467244,27.219758397509498,27.368858337402344,6300,0.0,0.0,0.0
2019-12-04 00:00:00-05:00,27.51795598404439,27.639097572285394,27.51795598404439,27.56454849243164,8000,0.0,0.0,0.0
2019-12-05 00:00:00-05:00,27.517958253339316,27.778879165649414,27.471363963719362,27.778879165649414,21200,0.0,0.0,0.0
2019-12-06 00:00:00-05:00,27.797513848494226,27.909338353990467,27.797513848494226,27.834789276123047,7300,0.0,0.0,0.0
2019-12-09 00:00:00-05:00,27.87206743274036,27.918659947419282,27.769561767578125,27.769561767578125,5000,0.0,0.0,0.0
2019-12-10 00:00:00-05:00,27.778876134679816,27.94661200422907,27.778876134679816,27.834789276123047,16900,0.0,0.0,0.0
2019-12-11 00:00:00-05:00,27.862743564642102,28.077071937453997,27.862743564642102,28.030479431152344,4000,0.0,0.0,0.0
2019-12-12 00:00:00-05:00,27.872060763817146,28.077070267698673,27.862741907632977,27.99320411682129,15100,0.0,0.0,0.0
2019-12-13 00:00:00-05:00,28.20753419210545,28.328675775085784,28.20753419210545,28.31935691833496,7600,0.0,0.0,0.0
2019-12-16 00:00:00-05:00,28.52436849171445,28.65482893272459,28.52436849171445,28.570960998535156,10800,0.0,0.0,0.0
2019-12-17 00:00:00-05:00,28.589600823085796,28.664149905937258,28.552325392964896,28.617555618286133,11100,0.0,0.0,0.0
2019-12-18 00:00:00-05:00,28.543008854742553,28.543008854742553,28.421867251786747,28.459142684936523,7100,0.0,0.0,0.0
2019-12-19 00:00:00-05:00,28.515045615906782,28.59891353827571,28.515045615906782,28.524364471435547,6300,0.0,0.0,0.0
2019-12-20 00:00:00-05:00,28.589594682746945,28.64550603852958,28.505726760378018,28.524364471435547,14500,0.0,0.0,0.0
2019-12-23 00:00:00-05:00,28.721380743452958,28.721380743452958,28.628007888793945,28.628007888793945,10700,0.061,0.0,0.0
2019-12-24 00:00:00-05:00,28.646686112326925,28.721384048461914,28.637348647692644,28.721384048461914,8700,0.0,0.0,0.0
2019-12-26 00:00:00-05:00,28.71205201302694,28.79608742968658,28.702714546627025,28.758737564086914,6600,0.0,0.0,0.0
2019-12-27 00:00:00-05:00,28.889452895494507,28.973488290578395,28.86144050348683,28.89879035949707,10900,0.0,0.0,0.0
2019-12-30 00:00:00-05:00,29.00149957627521,29.00149957627521,28.768068313598633,28.768068313598633,27600,0.0,0.0,0.0
2019-12-31 00:00:00-05:00,28.79608407717801,28.842769622802734,28.74939853155328,28.842769622802734,9500,0.0,0.0,0.0
2020-01-02 00:00:00-05:00,28.97349481583906,28.982832281944557,28.79608652171375,28.908132553100586,11300,0.0,0.0,0.0
2020-01-03 00:00:00-05:00,28.684035261457332,28.81475799028135,28.656024647447385,28.69337272644043,8700,0.0,0.0,0.0
2020-01-06 00:00:00-05:00,28.571987704626864,28.646685639529,28.53463784670617,28.637348175048828,9500,0.0,0.0,0.0
2020-01-07 00:00:00-05:00,28.55331619706721,28.62801414092003,28.53464126586914,28.53464126586914,8900,0.0,0.0,0.0
2020-01-08 00:00:00-05:00,28.487955477480916,28.665363760480766,28.478618011960982,28.590665817260742,16000,0.0,0.0,0.0
2020-01-09 00:00:00-05:00,28.66536286538688,28.81475874716195,28.66536286538688,28.740060806274414,10100,0.0,0.0,0.0
2020-01-10 00:00:00-05:00,28.8427686042913,28.88011846422369,28.69337272644043,28.69337272644043,7200,0.0,0.0,0.0
2020-01-13 00:00:00-05:00,28.92680740998341,29.085540771484375,28.92680740998341,29.085540771484375,7500,0.0,0.0,0.0
2020-01-14 00:00:00-05:00,29.18824676644709,29.272282167711296,29.094873900493607,29.178909301757812,19900,0.0,0.0,0.0
2020-01-15 00:00:00-05:00,29.30963508035827,29.421682894173376,29.300297614128713,29.328310012817383,12000,0.0,0.0,0.0
2020-01-16 00:00:00-05:00,29.281622030508363,29.431017915893452,29.272284565054367,29.421680450439453,10800,0.0,0.0,0.0
2020-01-17 00:00:00-05:00,29.487045364536577,29.627103805541992,29.44035981118134,29.627103805541992,30900,0.0,0.0,0.0
2020-01-21 00:00:00-05:00,29.55240403096669,29.64577691286442,29.477706081636427,29.608427047729492,14700,0.0,0.0,0.0
2020-01-22 00:00:00-05:00,29.804503001313517,29.804503001313517,29.673782067134766,29.711130142211914,8000,0.0,0.0,0.0
2020-01-23 00:00:00-05:00,29.645771138968765,29.82317940192795,29.571073204186888,29.785829544067383,5700,0.0,0.0,0.0
2020-01-24 00:00:00-05:00,29.907214463330238,29.972574936800775,29.655110034363783,29.70179557800293,5500,0.0,0.0,0.0
2020-01-27 00:00:00-05:00,29.403007336857538,29.431019734950905,29.234936510176418,29.28162384033203,8900,0.0,0.0,0.0
2020-01-28 00:00:00-05:00,29.35632188305138,29.61776380901434,29.28162393549917,29.580415725708008,12900,0.0,0.0,0.0
2020-01-29 00:00:00-05:00,29.58041282477124,29.67378569528936,29.524389814836123,29.589750289916992,10900,0.0,0.0,0.0
2020-01-30 00:00:00-05:00,29.32831251911714,29.69246482849121,29.32831251911714,29.69246482849121,22300,0.0,0.0,0.0
2020-01-31 00:00:00-05:00,29.50571838834904,29.50571838834904,29.085541311591168,29.150901794433594,9000,0.0,0.0,0.0
2020-02-03 00:00:00-05:00,29.14156001897768,29.403003692626953,29.14156001897768,29.403003692626953,17300,0.0,0.0,0.0
2020-02-04 00:00:00-05:00,29.645779274293414,29.77650025079903,29.533731450903073,29.69246482849121,11700,0.0,0.0,0.0
2020-02-05 00:00:00-05:00,29.89788316565216,29.925893783569336,29.832522682592632,29.925893783569336,34200,0.0,0.0,0.0
2020-02-06 00:00:00-05:00,29.953911164047895,29.953911164047895,29.87921142578125,29.87921142578125,9300,0.0,0.0,0.0
2020-02-07 00:00:00-05:00,29.84185627674662,29.84185627674662,29.645774841308594,29.645774841308594,23200,0.0,0.0,0.0
2020-02-10 00:00:00-05:00,29.692458502361895,29.841854381092976,29.692458502361895,29.804506301879883,6600,0.0,0.0,0.0
2020-02-11 00:00:00-05:00,30.12197058038643,30.1686596855428,30.01926380992687,30.056610107421875,12500,0.0,0.0,0.0
2020-02-12 00:00:00-05:00,30.121972957023313,30.159322819343874,29.981916316139582,30.140647888183594,72100,0.0,0.0,0.0
2020-02-13 00:00:00-05:00,30.01926388910058,30.131309905638382,30.01926388910058,30.037935256958008,10200,0.0,0.0,0.0
2020-02-14 00:00:00-05:00,30.00992812897176,30.112638473510742,29.99125319706658,30.112638473510742,5100,0.0,0.0,0.0
2020-02-18 00:00:00-05:00,30.084620872048454,30.084620872048454,30.009921161770247,30.01926040649414,28000,0.0,0.0,0.0
2020-02-19 00:00:00-05:00,30.149987516954273,30.299383406251692,30.149987516954273,30.243358612060547,22700,0.0,0.0,0.0
2020-02-20 00:00:00-05:00,30.206005983037805,30.27136645600236,29.925889161492766,30.056610107421875,11000,0.0,0.0,0.0
2020-02-21 00:00:00-05:00,30.037932805373174,30.168657302856445,30.028597122206403,30.168657302856445,5000,0.0,0.0,0.0
2020-02-24 00:00:00-05:00,29.141562179513837,29.30029553225869,29.094876632622775,29.206924438476562,26400,0.0,0.0,0.0
2020-02-25 00:00:00-05:00,29.150898712025928,29.150898712025928,28.357233754644536,28.385244369506836,21000,0.0,0.0,0.0
2020-02-26 00:00:00-05:00,28.50662892615671,28.730722744163756,28.28253510814967,28.35723304748535,12500,0.0,0.0,0.0
2020-02-27 00:00:00-05:00,27.993079819719107,28.189163029059777,27.41417121887207,27.41417121887207,29800,0.0,0.0,0.0
2020-02-28 00:00:00-05:00,26.620505322049606,26.947309494018555,26.265688753304076,26.947309494018555,31400,0.0,0.0,0.0
2020-03-02 00:00:00-05:00,27.059357774065017,27.82501220703125,26.919299340390154,27.82501220703125,20300,0.0,0.0,0.0
2020-03-03 00:00:00-05:00,28.095786568587638,28.422590688455745,27.544888653051473,27.675609588623047,15400,0.0,0.0,0.0
2020-03-04 00:00:00-05:00,28.21717318024007,28.936141967773438,28.170487635465957,28.936141967773438,7800,0.0,0.0,0.0
2020-03-05 00:00:00-05:00,28.31988715930357,28.40392257545987,27.99308296102236,28.16115379333496,13900,0.0,0.0,0.0
2020-03-06 00:00:00-05:00,27.40483358864523,27.75031089782715,27.236762776204554,27.75031089782715,15900,0.0,0.0,0.0
2020-03-09 00:00:00-04:00,26.359062371716664,26.49912079767086,25.70545579028393,25.86418914794922,27300,0.0,0.0,0.0
2020-03-10 00:00:00-04:00,26.648520219711976,26.648520219711976,25.7801554284785,26.517797470092773,16800,0.0,0.0,0.0
2020-03-11 00:00:00-04:00,25.892201679947625,25.892201679947625,24.94913893004854,25.229257583618164,126700,0.0,0.0,0.0
2020-03-12 00:00:00-04:00,23.707282803035632,23.800655681369797,22.493440727510016,22.792232513427734,77300,0.0,0.0,0.0
2020-03-13 00:00:00-04:00,23.903364302515737,24.20215606689453,22.596149442888812,24.20215606689453,45900,0.0,0.0,0.0
2020-03-16 00:00:00-04:00,20.028409314575207,22.474768715279815,20.028409314575207,21.98923110961914,19700,0.0,0.0,0.0
2020-03-17 00:00:00-04:00,21.97055371307497,22.932289490574846,21.65308701537421,22.876266479492188,23200,0.0,0.0,0.0
2020-03-18 00:00:00-04:00,21.60639615647377,22.175968982341807,20.85941686102317,21.53169822692871,24300,0.0,0.0,0.0
2020-03-19 00:00:00-04:00,21.447667542864124,21.76513425837197,20.822071577709192,21.541040420532227,32600,0.0,0.0,0.0
2020-03-20 00:00:00-04:00,21.783811630125257,21.783811630125257,20.476596539167552,20.513944625854492,19700,0.0,0.0,0.0
2020-03-23 00:00:00-04:00,20.363553246502068,20.522351674331183,19.20525956537716,19.429445266723633,145800,0.009,0.0,0.0
2020-03-24 00:00:00-04:00,20.335530026905158,21.288320541381836,20.335530026905158,21.288320541381836,25500,0.0,0.0,0.0
2020-03-25 00:00:00-04:00,21.15754492369657,22.1383593500507,21.064133771424338,21.69932746887207,33500,0.0,0.0,0.0
2020-03-26 00:00:00-04:00,22.138351801440667,23.50214810191927,22.138351801440667,23.446102142333984,57800,0.0,0.0,0.0
2020-03-27 00:00:00-04:00,22.59606629569999,23.343351760687014,22.437267911681616,22.885639190673828,94000,0.0,0.0,0.0
2020-03-30 00:00:00-04:00,23.007074255860907,23.42742347717285,22.86695844264667,23.42742347717285,27500,0.0,0.0,0.0
2020-03-31 00:00:00-04:00,23.175211068583366,23.175211068583366,22.726839809268316,22.89497947692871,18600,0.0,0.0,0.0
2020-04-01 00:00:00-04:00,22.16637741600489,22.16637741600489,21.596572875976562,21.596572875976562,19600,0.0,0.0,0.0
2020-04-02 00:00:00-04:00,21.559208196748237,22.185060501098633,21.559208196748237,22.185060501098633,17500,0.0,0.0,0.0
2020-04-03 00:00:00-04:00,21.92351087901805,21.932852171438064,21.531185505724178,21.61525535583496,8900,0.0,0.0,0.0
2020-04-06 00:00:00-04:00,22.39990458691034,22.76420783996582,22.39990458691034,22.76420783996582,14500,0.0,0.0,0.0
2020-04-07 00:00:00-04:00,23.642267945864376,23.72633779049297,22.941687095072247,23.0070743560791,24100,0.0,0.0,0.0
2020-04-08 00:00:00-04:00,23.165871746685024,23.726336759293517,23.007073356140438,23.698314666748047,27800,0.0,0.0,0.0
2020-04-09 00:00:00-04:00,24.0626162076435,24.380212989847326,24.0626162076435,24.34284782409668,48400,0.0,0.0,0.0
2020-04-13 00:00:00-04:00,24.165366542692137,24.165366542692137,23.614242867198932,23.838428497314453,30700,0.0,0.0,0.0
2020-04-14 00:00:00-04:00,24.165370962157162,24.389556633272708,24.13734708514172,24.28680419921875,40400,0.0,0.0,0.0
2020-04-15 00:00:00-04:00,23.885139668142763,23.885139668142763,23.679636563368334,23.726341247558594,16100,0.0,0.0,0.0
2020-04-16 00:00:00-04:00,23.8477728822977,23.86645368431282,23.46478882511453,23.670291900634766,13300,0.0,0.0,0.0
2020-04-17 00:00:00-04:00,24.202730813931296,24.38955307006836,24.156026140731573,24.38955307006836,19300,0.0,0.0,0.0
2020-04-20 00:00:00-04:00,24.043930683046383,24.23075292560399,23.913156182257424,23.950519561767578,34500,0.0,0.0,0.0
2020-04-21 00:00:00-04:00,23.51149557345855,23.642270107428708,23.296651187173467,23.39006233215332,12300,0.0,0.0,0.0
2020-04-22 00:00:00-04:00,23.857110222157722,24.025248102456832,23.78237989979952,23.950519561767578,13200,0.0,0.0,0.0
2020-04-23 00:00:00-04:00,24.174708825210597,24.305485127367007,23.913159784236214,23.98788833618164,9700,0.0,0.0,0.0
2020-04-24 00:00:00-04:00,23.97854832571518,24.202733993530273,23.913161061977775,24.202733993530273,7700,0.0,0.0,0.0
2020-04-27 00:00:00-04:00,24.408240532830412,24.809907245995856,24.408240532830412,24.781885147094727,21200,0.0,0.0,0.0
2020-04-28 00:00:00-04:00,25.13684144258468,25.239593873527582,24.819244639369597,24.9219970703125,205300,0.0,0.0,0.0
2020-04-29 00:00:00-04:00,25.389053344726562,25.50114529648244,25.32366607592406,25.389053344726562,13100,0.0,0.0,0.0
2020-04-30 00:00:00-04:00,25.379709610434137,25.379709610434137,24.940679575228206,25.06211280822754,15300,0.0,0.0,0.0
2020-05-01 00:00:00-04:00,24.753861344841514,24.753861344841514,24.482969176809778,24.501651763916016,25600,0.0,0.0,0.0
2020-05-04 00:00:00-04:00,24.296141251808905,24.623079299926758,24.24943479826691,24.623079299926758,7500,0.0,0.0,0.0
2020-05-05 00:00:00-04:00,24.69781066162852,24.847267766675987,24.632423400878906,24.632423400878906,10100,0.0,0.0,0.0
2020-05-06 00:00:00-04:00,24.744514168698306,24.744514168698306,24.473623846735737,24.520328521728516,23900,0.0,0.0,0.0
2020-05-07 00:00:00-04:00,24.69781280306864,24.856611213658947,24.613742951481456,24.716493606567383,26100,0.0,0.0,0.0
2020-05-08 00:00:00-04:00,24.996724749521036,25.080794593407894,24.996724749521036,25.034088134765625,5300,0.0,0.0,0.0
2020-05-11 00:00:00-04:00,24.94067803965602,25.146181106567383,24.828584323914896,25.146181106567383,10600,0.0,0.0,0.0
2020-05-12 00:00:00-04:00,25.13684239603985,25.13684239603985,24.61374249276676,24.651105880737305,8500,0.0,0.0,0.0
2020-05-13 00:00:00-04:00,24.707153807331746,24.707153807331746,24.20273470369497,24.370874404907227,11700,0.0,0.0,0.0
2020-05-14 00:00:00-04:00,23.95986630118301,24.277463116759666,23.670293362864065,24.249439239501953,9100,0.0,0.0,0.0
2020-05-15 00:00:00-04:00,24.221419396422753,24.333511352539062,24.174712929983023,24.333511352539062,4300,0.0,0.0,0.0
2020-05-18 00:00:00-04:00,24.865953620557008,25.351688385009766,24.865953620557008,25.351688385009766,6700,0.0,0.0,0.0
2020-05-19 00:00:00-04:00,25.108815171907423,25.118156463072243,24.85660743713379,24.85660743713379,10100,0.0,0.0,0.0
2020-05-20 00:00:00-04:00,25.13684228733956,25.40773442104933,25.13684228733956,25.192888259887695,7200,0.0,0.0,0.0
2020-05-21 00:00:00-04:00,25.258280121303383,25.361030785480786,25.127503795224666,25.202232360839844,6100,0.0,0.0,0.0
2020-05-22 00:00:00-04:00,25.043431688893424,25.12750154037507,24.959361837411777,25.118160247802734,9800,0.0,0.0,0.0
2020-05-26 00:00:00-04:00,25.91215594404744,26.127000358418794,25.874792550172685,26.061613082885742,11300,0.0,0.0,0.0
2020-05-27 00:00:00-04:00,26.155015454865815,26.388542378569973,26.03358223847403,26.351177215576172,13000,0.0,0.0,0.0
2020-05-28 00:00:00-04:00,26.45393317358264,26.75284739087318,26.45393317358264,26.528661727905273,9600,0.0,0.0,0.0
2020-05-29 00:00:00-04:00,26.60339025068842,26.84625849736637,26.49129831017199,26.808895111083984,6000,0.0,0.0,0.0
2020-06-01 00:00:00-04:00,26.808895929571463,26.95835304260254,26.808895929571463,26.95835304260254,3000,0.0,0.0,0.0
2020-06-02 00:00:00-04:00,27.06110196524112,27.24792423542791,27.06110196524112,27.20121955871582,4900,0.0,0.0,0.0
2020-06-03 00:00:00-04:00,27.584205832385283,28.0699405670166,27.584205832385283,28.0699405670166,6000,0.0,0.0,0.0
2020-06-04 00:00:00-04:00,27.84575250926419,27.967187518775432,27.8177304160456,27.88311767578125,7800,0.0,0.0,0.0
2020-06-05 00:00:00-04:00,28.331491575445938,28.5556772500469,28.247421724761907,28.312808990478516,22500,0.0,0.0,0.0
2020-06-08 00:00:00-04:00,28.378191262240346,28.48094367980957,28.35016917138987,28.48094367980957,13300,0.0,0.0,0.0
2020-06-09 00:00:00-04:00,28.041920715173685,28.125990572093706,27.967192151430275,28.03257942199707,16900,0.0,0.0,0.0
2020-06-10 00:00:00-04:00,28.144667393248522,28.144667393248522,27.901800931709307,27.91114044189453,5700,0.0,0.0,0.0
2020-06-11 00:00:00-04:00,27.303969255076005,27.303969255076005,26.3511789172349,26.3885440826416,82400,0.0,0.0,0.0
2020-06-12 00:00:00-04:00,26.967688058402327,27.098462556450663,26.285788134525795,26.75284194946289,10100,0.0,0.0,0.0
2020-06-15 00:00:00-04:00,26.257772791591165,27.01439966730148,26.183044233270017,26.86494255065918,15600,0.0,0.0,0.0
2020-06-16 00:00:00-04:00,27.43475036568724,27.64959475946223,27.294632752497982,27.322656631469727,4700,0.0,0.0,0.0
2020-06-17 00:00:00-04:00,27.50013506344896,27.602885713398347,27.350677952914126,27.416065216064453,5000,0.0,0.0,0.0
2020-06-18 00:00:00-04:00,27.33199637179952,27.43474880718935,27.33199637179952,27.40672492980957,5500,0.0,0.0,0.0
2020-06-19 00:00:00-04:00,27.518815901838494,27.518815901838494,27.135831832885742,27.135831832885742,3300,0.0,0.0,0.0
2020-06-22 00:00:00-04:00,27.098253716453783,27.38013497157159,27.023085262278546,27.323759078979492,3600,0.17,0.0,0.0
2020-06-23 00:00:00-04:00,27.464690492651332,27.483483047929923,27.26737403869629,27.26737403869629,9500,0.0,0.0,0.0
2020-06-24 00:00:00-04:00,26.94791500369817,27.032479733002607,26.525091357175988,26.703617095947266,15900,0.0,0.0,0.0
2020-06-25 00:00:00-04:00,26.459319322145195,26.6848246707129,26.34656754393994,26.67542839050293,6100,0.0,0.0,0.0
2020-06-26 00:00:00-04:00,26.656633673846716,26.69421699696254,26.393543243408203,26.393543243408203,4300,0.0,0.0,0.0
2020-06-29 00:00:00-04:00,26.572071156916124,26.778783931562156,26.572071156916124,26.750595092773438,7300,0.0,0.0,0.0
2020-06-30 00:00:00-04:00,26.72240530133847,27.023079048905988,26.72240530133847,26.994890213012695,6900,0.0,0.0,0.0
2020-07-01 00:00:00-04:00,27.00428751139672,27.145228111871667,27.00428751139672,27.135831832885742,8100,0.0,0.0,0.0
2020-07-02 00:00:00-04:00,27.25798306709224,27.408319954272084,27.22039794921875,27.22039794921875,4400,0.0,0.0,0.0
2020-07-06 00:00:00-04:00,27.54925592140165,27.643216908100896,27.474087490473604,27.56804847717285,11500,0.0,0.0,0.0
2020-07-07 00:00:00-04:00,27.38013221505537,27.483489501199735,27.22039904199459,27.257984161376953,5600,0.0,0.0,0.0
2020-07-08 00:00:00-04:00,27.333149430613584,27.474090027599395,27.314356873106966,27.455297470092773,8200,0.0,0.0,0.0
2020-07-09 00:00:00-04:00,27.42711361428332,27.464696941508553,27.135834315541405,27.257984161376953,5700,0.0,0.0,0.0
2020-07-10 00:00:00-04:00,27.304956492617485,27.474085900456693,27.2485806207233,27.408313751220703,6700,0.0,0.0,0.0
2020-07-13 00:00:00-04:00,27.5492581188965,27.755972664554992,27.295563972219387,27.304960250854492,37700,0.0,0.0,0.0
2020-07-14 00:00:00-04:00,27.23918777641334,27.774763107299805,27.23918777641334,27.774763107299805,13900,0.0,0.0,0.0
2020-07-15 00:00:00-04:00,28.037853889272068,28.338527637335538,28.037853889272068,28.235170364379883,67500,0.0,0.0,0.0
2020-07-16 00:00:00-04:00,28.225776221154184,28.460677813705107,28.225776221154184,28.385507583618164,7000,0.0,0.0,0.0
2020-07-17 00:00:00-04:00,28.413692529368234,28.56402938464346,28.40429625189395,28.51704978942871,4400,0.0,0.0,0.0
2020-07-20 00:00:00-04:00,28.64860088214327,28.761354446411133,28.63920460244119,28.761354446411133,2800,0.0,0.0,0.0
2020-07-21 00:00:00-04:00,28.827126910184376,28.90229535642101,28.770751023546183,28.808334350585938,16500,0.0,0.0,0.0
2020-07-22 00:00:00-04:00,28.902292723432893,29.02444076538086,28.902292723432893,29.02444076538086,6500,0.0,0.0,0.0
2020-07-23 00:00:00-04:00,29.07142675597097,29.165387768100434,28.911693572998047,28.911693572998047,5800,0.0,0.0,0.0
2020-07-24 00:00:00-04:00,28.92107908340013,28.930475360329687,28.80832555240202,28.902286529541016,4300,0.0,0.0,0.0
2020-07-27 00:00:00-04:00,29.00565007674202,29.315720114064607,29.00565007674202,29.231155395507812,5200,0.0,0.0,0.0
2020-07-28 00:00:00-04:00,29.127798554254472,29.127798554254472,28.939876556396484,28.939876556396484,3500,0.0,0.0,0.0
2020-07-29 00:00:00-04:00,29.155988265259243,29.419076919555664,29.155988265259243,29.419076919555664,4200,0.0,0.0,0.0
2020-07-30 00:00:00-04:00,28.968067035710174,29.005652154274994,28.70497658222772,28.99625587463379,6300,0.0,0.0,0.0
2020-07-31 00:00:00-04:00,28.958671213369925,28.968067493159513,28.5170568162021,28.70497703552246,6700,0.0,0.0,0.0
2020-08-03 00:00:00-04:00,28.89289062324097,29.052623748779297,28.85530551504061,29.052623748779297,2900,0.0,0.0,0.0
2020-08-04 00:00:00-04:00,28.827124791407286,28.96806539372228,28.79893595408149,28.939876556396484,9000,0.0,0.0,0.0
2020-08-05 00:00:00-04:00,29.137198561620654,29.23115957257245,29.043237550668856,29.071426391601562,5100,0.0,0.0,0.0
2020-08-06 00:00:00-04:00,29.10900599194311,29.24994659423828,29.033837551241888,29.24994659423828,7300,0.0,0.0,0.0
2020-08-07 00:00:00-04:00,29.118403360451875,29.287532806396484,29.09021452207542,29.287532806396484,13300,0.0,0.0,0.0
2020-08-10 00:00:00-04:00,29.343905723444554,29.353302001953125,29.259341009024272,29.353302001953125,15100,0.0,0.0,0.0
2020-08-11 00:00:00-04:00,29.61639448138985,29.70095920168546,29.325115203857422,29.325115203857422,10200,0.0,0.0,0.0
2020-08-12 00:00:00-04:00,29.663377177858365,30.039219422716172,29.663377177858365,29.954654693603516,23600,0.0,0.0,0.0
2020-08-13 00:00:00-04:00,29.97344559410596,29.99223815334751,29.898277149296852,29.92646598815918,16800,0.0,0.0,0.0
2020-08-14 00:00:00-04:00,29.738543751742366,29.766732590388273,29.60699942237562,29.644582748413086,2300,0.0,0.0,0.0
2020-08-17 00:00:00-04:00,29.63518660101336,29.72914580692246,29.606997763946445,29.61639404296875,11400,0.0,0.0,0.0
2020-08-18 00:00:00-04:00,29.804317859635578,29.87009182076442,29.69156608201481,29.747941970825195,21500,0.0,0.0,0.0
2020-08-19 00:00:00-04:00,29.7949219173675,29.7949219173675,29.484851837158203,29.484851837158203,10800,0.0,0.0,0.0
2020-08-20 00:00:00-04:00,29.22175962256353,29.456661224365234,29.22175962256353,29.456661224365234,4300,0.0,0.0,0.0
2020-08-21 00:00:00-04:00,29.240553531244007,29.437870025634766,29.231157251679154,29.437870025634766,4100,0.0,0.0,0.0
2020-08-24 00:00:00-04:00,29.79491635467075,29.813708911697837,29.61639243938409,29.663372039794922,10700,0.0,0.0,0.0
2020-08-25 00:00:00-04:00,29.747934161210747,29.747934161210747,29.606993580106796,29.672765731811523,4700,0.0,0.0,0.0
2020-08-26 00:00:00-04:00,29.635190193204426,29.804317859635578,29.635190193204426,29.747941970825195,9200,0.0,0.0,0.0
2020-08-27 00:00:00-04:00,29.766729514608148,29.766729514608148,29.447263211593125,29.531827926635742,6000,0.0,0.0,0.0
2020-08-28 00:00:00-04:00,29.663372213023635,29.738540649414062,29.51303534024278,29.738540649414062,6900,0.0,0.0,0.0
2020-08-31 00:00:00-04:00,29.841900517871544,29.841900517871544,29.653978514467084,29.72914695739746,35000,0.0,0.0,0.0
2020-09-01 00:00:00-04:00,29.69156122124787,29.813709259033203,29.588203948551655,29.813709259033203,8200,0.0,0.0,0.0
2020-09-02 00:00:00-04:00,29.964051499604196,30.38687515258789,29.964051499604196,30.38687515258789,12400,0.0,0.0,0.0
2020-09-03 00:00:00-04:00,30.18955559920213,30.18955559920213,29.428473100556772,29.550622940063477,9000,0.0,0.0,0.0
2020-09-04 00:00:00-04:00,29.71974701547836,29.794915449145304,29.127795824370796,29.49424171447754,43800,0.0,0.0,0.0
2020-09-08 00:00:00-04:00,29.268736211476043,29.334508366461083,28.986855035209643,29.1090030670166,9600,0.0,0.0,0.0
2020-09-09 00:00:00-04:00,29.437866731940552,29.78552186831409,29.437866731940552,29.663372039794922,29000,0.0,0.0,0.0
2020-09-10 00:00:00-04:00,29.63518849933976,29.65397926643106,29.174779758539515,29.20296859741211,4100,0.0,0.0,0.0
2020-09-11 00:00:00-04:00,29.447264945234327,29.503640827862775,29.306324342584702,29.456661224365234,5400,0.0,0.0,0.0
2020-09-14 00:00:00-04:00,29.729144370845646,29.79491652866766,29.682164770160462,29.738540649414062,8600,0.0,0.0,0.0
2020-09-15 00:00:00-04:00,29.8888774348469,29.973442149558608,29.86069039138092,29.870086669921875,12600,0.0,0.0,0.0
2020-09-16 00:00:00-04:00,30.048610759776402,30.12378098853944,29.92646272235026,29.945255279541016,11200,0.0,0.0,0.0
2020-09-17 00:00:00-04:00,29.813710991847127,30.048612594604492,29.75733510898932,30.048612594604492,3200,0.0,0.0,0.0
2020-09-18 00:00:00-04:00,30.058006134985572,30.058006134985572,29.776124954223633,29.776124954223633,6500,0.0,0.0,0.0
2020-09-21 00:00:00-04:00,29.30187485144556,29.30187485144556,28.88784835988049,29.17013931274414,14100,0.046,0.0,0.0
2020-09-22 00:00:00-04:00,29.24542006949287,29.320697784423828,29.1513224771386,29.320697784423828,3800,0.0,0.0,0.0
2020-09-23 00:00:00-04:00,29.52770555221128,29.537115489170322,29.06662940979004,29.06662940979004,8100,0.0,0.0,0.0
2020-09-24 00:00:00-04:00,28.96312651032386,29.283057219006558,28.925486758826068,29.07604217529297,9400,0.0,0.0,0.0
2020-09-25 00:00:00-04:00,29.00076447556449,29.480660538729282,29.00076447556449,29.452430725097656,14000,0.0,0.0,0.0
2020-09-28 00:00:00-04:00,29.69708098499987,29.828818308361164,29.6123933466826,29.621803283691406,5600,0.0,0.0,0.0
2020-09-29 00:00:00-04:00,29.71590324887992,29.819410769539253,29.659445417048516,29.725313186645508,18300,0.0,0.0,0.0
2020-09-30 00:00:00-04:00,29.77236137575373,30.026424313655966,29.77236137575373,29.847639083862305,7600,0.0,0.0,0.0
2020-10-01 00:00:00-04:00,30.017015772640235,30.11111336084532,29.875870287713717,29.96055793762207,21900,0.0,0.0,0.0
2020-10-02 00:00:00-04:00,29.668859579707377,30.092296070884107,29.668859579707377,30.00760841369629,9700,0.0,0.0,0.0
2020-10-05 00:00:00-04:00,30.07347640126236,30.346359252929688,30.07347640126236,30.346359252929688,11000,0.0,0.0,0.0
2020-10-06 00:00:00-04:00,30.336949440108583,30.468684991730697,30.10170456329979,30.111114501953125,5200,0.0,0.0,0.0
2020-10-07 00:00:00-04:00,30.28048929875779,30.478092622866537,30.28048929875779,30.4216365814209,16100,0.0,0.0,0.0
2020-10-08 00:00:00-04:00,30.58159998542542,30.64746775977053,30.506320477874155,30.638059616088867,18100,0.0,0.0,0.0
2020-10-09 00:00:00-04:00,30.741559524077488,30.976802570045113,30.73215138162935,30.87329864501953,24800,0.0,0.0,0.0
2020-10-12 00:00:00-04:00,31.061500120526865,31.31556312197506,31.061500120526865,31.174419403076172,9200,0.0,0.0,0.0
2020-10-13 00:00:00-04:00,30.91093664734629,31.01444416806734,30.86388875325242,30.892120361328125,8400,0.0,0.0,0.0
2020-10-14 00:00:00-04:00,30.98621770135418,31.080313494254387,30.873302031969057,30.929758071899414,16000,0.0,0.0,0.0
2020-10-15 00:00:00-04:00,30.43104326742863,30.76979385797346,30.43104326742863,30.70392608642578,7200,0.0,0.0,0.0
2020-10-16 00:00:00-04:00,30.788607389888305,30.93916277804937,30.788607389888305,30.816835403442383,6200,0.0,0.0,0.0
2020-10-19 00:00:00-04:00,30.920342454947153,30.967390340025744,30.506312451399065,30.515724182128906,14000,0.0,0.0,0.0
2020-10-20 00:00:00-04:00,30.73215551729697,30.95799045120737,30.73215551729697,30.779203414916992,4700,0.0,0.0,0.0
2020-10-21 00:00:00-04:00,30.76038102365721,30.920348169919208,30.713333129882812,30.713333129882812,4900,0.0,0.0,0.0
2020-10-22 00:00:00-04:00,30.779206515221503,30.93917369067202,30.66629083165487,30.91094207763672,5600,0.0,0.0,0.0
2020-10-23 00:00:00-04:00,31.033260409837748,31.05208028317647,30.873296870744326,31.014440536499023,12700,0.0,0.0,0.0
2020-10-26 00:00:00-04:00,30.78861642416606,30.78861642416606,30.47809382586046,30.553373336791992,8300,0.0,0.0,0.0
2020-10-27 00:00:00-04:00,30.581599748940796,30.581599748940796,30.29930877685547,30.29930877685547,6900,0.0,0.0,0.0
2020-10-28 00:00:00-04:00,29.744133415004693,29.78177137175139,29.452430725097656,29.452430725097656,7400,0.0,0.0,0.0
2020-10-29 00:00:00-04:00,29.49007088236512,29.64062630094769,29.22659800246454,29.574758529663086,10400,0.0,0.0,0.0
2020-10-30 00:00:00-04:00,29.386562413860187,29.490069933842282,29.085451586380014,29.36774253845215,14400,0.0,0.0,0.0
2020-11-02 00:00:00-05:00,29.687672009958664,29.904096978650028,29.65944399277955,29.828819274902344,9100,0.0,0.0,0.0
2020-11-03 00:00:00-05:00,30.271072066743535,30.591002738409756,30.18638801995798,30.543954849243164,16300,0.0,0.0,0.0
2020-11-04 00:00:00-05:00,30.609829380465996,30.892123956934597,30.496913703593343,30.553373336791992,6600,0.0,0.0,0.0
2020-11-05 00:00:00-05:00,31.202644303054537,31.466115423557927,31.17441628000769,31.381427764892578,21700,0.0,0.0,0.0
2020-11-06 00:00:00-05:00,31.3061453177969,31.691943773665656,31.164998052920307,31.550796508789062,21900,0.0,0.0,0.0
2020-11-09 00:00:00-05:00,32.454140195055786,32.6705634199116,31.767227172851562,31.767227172851562,12800,0.0,0.0,0.0
2020-11-10 00:00:00-05:00,31.767227032825538,32.002470135700364,31.767227032825538,31.804866790771484,9200,0.0,0.0,0.0
2020-11-11 00:00:00-05:00,32.06833095623406,32.14360685783493,31.9177719739849,32.011871337890625,23200,0.0,0.0,0.0
2020-11-12 00:00:00-05:00,31.98364513485656,31.98364513485656,31.494339183406357,31.616662979125977,7700,0.0,0.0,0.0
2020-11-13 00:00:00-05:00,31.701354821476198,31.936597891479945,31.701354821476198,31.91777801513672,11700,0.0,0.0,0.0
2020-11-16 00:00:00-05:00,32.27534472162762,32.36944409236688,32.105969443820925,32.13420104980469,12400,0.0,0.0,0.0
2020-11-17 00:00:00-05:00,32.08715535181949,32.237710782608616,32.00246769765533,32.115386962890625,7800,0.0,0.0,0.0
2020-11-18 00:00:00-05:00,32.14361536650006,32.14361536650006,31.776636723934907,31.842504501342773,7600,0.0,0.0,0.0
2020-11-19 00:00:00-05:00,31.82367455338006,31.94600192536771,31.74839865567317,31.93659019470215,9700,0.0,0.0,0.0
2020-11-20 00:00:00-05:00,31.974229938317354,31.983641668982912,31.86131429699526,31.93659019470215,17500,0.0,0.0,0.0
2020-11-23 00:00:00-05:00,32.00246622916603,32.07774573586857,31.76722315500728,31.82368278503418,17100,0.0,0.0,0.0
2020-11-24 00:00:00-05:00,31.870724086793896,32.12478698505379,31.833087930755312,32.011871337890625,12100,0.0,0.0,0.0
2020-11-25 00:00:00-05:00,31.927192826383912,31.95542084885821,31.804865413120734,31.88955307006836,8000,0.0,0.0,0.0
2020-11-27 00:00:00-05:00,31.870733512406375,32.04952056194078,31.870733512406375,32.03070068359375,4400,0.0,0.0,0.0
2020-11-30 00:00:00-05:00,32.143608090505126,32.18124783751085,31.898956914015567,31.964824676513672,9700,0.0,0.0,0.0
2020-12-01 00:00:00-05:00,32.36943879509605,32.51058244382078,32.33179905296011,32.435306549072266,13200,0.0,0.0,0.0
2020-12-02 00:00:00-05:00,32.28476898573417,32.36945665751149,32.20008131395684,32.3035888671875,9100,0.0,0.0,0.0
2020-12-03 00:00:00-05:00,32.303577687015185,32.53882073947691,32.22829818725586,32.22829818725586,12900,0.0,0.0,0.0
2020-12-04 00:00:00-05:00,32.275346557206774,32.4070820942099,32.275346557206774,32.33180618286133,9500,0.0,0.0,0.0
2020-12-07 00:00:00-05:00,32.25652164009893,32.32238939830496,32.15301413733985,32.20006561279297,10300,0.0,0.0,0.0
2020-12-08 00:00:00-05:00,32.23770484005239,32.3694439585427,32.23770484005239,32.350624084472656,19500,0.0,0.0,0.0
2020-12-09 00:00:00-05:00,32.4823711817689,32.57646699610662,32.32240398996449,32.49177932739258,10700,0.0,0.0,0.0
2020-12-10 00:00:00-05:00,32.33180766367648,32.520002834953594,32.26593989215814,32.38826370239258,7600,0.0,0.0,0.0
2020-12-11 00:00:00-05:00,32.2377095133874,32.36944865097526,32.2377095133874,32.341217041015625,5700,0.0,0.0,0.0
2020-12-14 00:00:00-05:00,32.623502307059276,32.65173391208031,32.26593547901538,32.322391510009766,41400,0.0,0.0,0.0
2020-12-15 00:00:00-05:00,32.42590559090256,32.745836326294686,32.40708571358248,32.72701644897461,12300,0.0,0.0,0.0
2020-12-16 00:00:00-05:00,32.78346979837228,32.78346979837228,32.53881861914495,32.6423225402832,16000,0.0,0.0,0.0
2020-12-17 00:00:00-05:00,32.85874938964844,32.93402889294683,32.849341246498284,32.85874938964844,6800,0.0,0.0,0.0
2020-12-18 00:00:00-05:00,32.905796436987295,32.91520457886887,32.65173353189924,32.792877197265625,14400,0.0,0.0,0.0
2020-12-21 00:00:00-05:00,32.46465291477778,32.60613309297079,32.06851417262195,32.5872688293457,13400,0.082,0.0,0.0
2020-12-22 00:00:00-05:00,32.540101076747234,32.540101076747234,32.37032634850766,32.51180648803711,21800,0.0,0.0,0.0
2020-12-23 00:00:00-05:00,32.615559205392145,32.757035751680945,32.58726101774276,32.59669494628906,15700,0.0,0.0,0.0
2020-12-24 00:00:00-05:00,32.634422302246094,32.653286562757145,32.464647555636404,32.634422302246094,48500,0.0,0.0,0.0
2020-12-28 00:00:00-05:00,32.82307250973833,32.99284731428108,32.74761903993657,32.766483306884766,10100,0.0,0.0,0.0
2020-12-29 00:00:00-05:00,33.11545473333362,33.24750097001839,32.88908718616678,33.02113342285156,22700,0.0,0.0,0.0
2020-12-30 00:00:00-05:00,33.04942859681233,33.14374630069089,32.96454122412571,33.00226974487305,20800,0.0,0.0,0.0
2020-12-31 00:00:00-05:00,32.95510904262956,33.002271495059745,32.80419854962687,32.9456787109375,34200,0.0,0.0,0.0
2021-01-04 00:00:00-05:00,33.43614377413745,33.5021668999461,32.738180389601055,32.907955169677734,17700,0.0,0.0,0.0
2021-01-05 00:00:00-05:00,32.74761701775536,33.16262007101598,32.74761701775536,33.058868408203125,13000,0.0,0.0,0.0
2021-01-06 00:00:00-05:00,33.10602159820151,33.841713445665896,33.10602159820151,33.70966720581055,38700,0.0,0.0,0.0
2021-01-07 00:00:00-05:00,33.90773607126126,34.105805428156685,33.87943787885468,34.077510833740234,24300,0.0,0.0,0.0
2021-01-08 00:00:00-05:00,34.36990081956745,34.511380999631534,34.105808321304295,34.45478820800781,22200,0.0,0.0,0.0
2021-01-11 00:00:00-05:00,34.011480794515826,34.20955011111042,34.011480794515826,34.17182159423828,16200,0.0,0.0,0.0
2021-01-12 00:00:00-05:00,34.23784456720222,34.43591388302988,34.162391131739504,34.41705322265625,26700,0.0,0.0,0.0
2021-01-13 00:00:00-05:00,34.426492539618046,34.45478713555398,34.35103548646846,34.36989974975586,13300,0.0,0.0,0.0
2021-01-14 00:00:00-05:00,34.33217700694665,34.33217700694665,34.06808090209961,34.06808090209961,16400,0.0,0.0,0.0
2021-01-15 00:00:00-05:00,33.97377027318064,33.983200608399116,33.65308490588277,33.85115432739258,24400,0.0,0.0,0.0
2021-01-19 00:00:00-05:00,34.030353730422995,34.058648326297295,33.96432701006577,34.02091979980469,12000,0.0,0.0,0.0
2021-01-20 00:00:00-05:00,34.143544883579544,34.24729656030892,34.030362871688986,34.20956802368164,16800,0.0,0.0,0.0
2021-01-21 00:00:00-05:00,34.20012273970698,34.20012273970698,33.94546419697074,34.08694076538086,31700,0.0,0.0,0.0
2021-01-22 00:00:00-05:00,33.832285143327674,34.00205993652344,33.803990543791976,34.00205993652344,12500,0.0,0.0,0.0
2021-01-25 00:00:00-05:00,33.92660159405697,34.011488978450394,33.73796256229489,33.91716766357422,17300,0.0,0.0,0.0
2021-01-26 00:00:00-05:00,33.945465275962626,33.992624133598326,33.700233459472656,33.700233459472656,27200,0.0,0.0,0.0
2021-01-27 00:00:00-05:00,33.23806956087255,33.360681863540776,32.84192726566527,33.17204284667969,33600,0.0,0.0,0.0
2021-01-28 00:00:00-05:00,33.30409952292208,33.794559628381776,33.30409952292208,33.4361457824707,19500,0.0,0.0,0.0
2021-01-29 00:00:00-05:00,33.20977275586112,33.23807094826497,32.76647518542233,32.898521423339844,19000,0.0,0.0,0.0
2021-02-01 00:00:00-05:00,33.332394121970864,33.473874313196234,33.219212127785,33.4361457824707,16200,0.0,0.0,0.0
2021-02-02 00:00:00-05:00,33.70966854856854,33.93603251219727,33.70966854856854,33.8983039855957,46200,0.0,0.0,0.0
2021-02-03 00:00:00-05:00,33.94546753379638,33.94546753379638,33.70023570099517,33.74739456176758,13300,0.0,0.0,0.0
2021-02-04 00:00:00-05:00,33.6436399961372,33.72852737737348,33.57761687717456,33.60591506958008,33300,0.0,0.0,0.0
2021-02-05 00:00:00-05:00,33.624782243357416,33.74739456176758,33.624782243357416,33.74739456176758,11800,0.0,0.0,0.0
2021-02-08 00:00:00-05:00,33.8700092055371,33.99262511733054,33.8700092055371,33.907737731933594,15300,0.0,0.0,0.0
2021-02-09 00:00:00-05:00,33.992623053107444,34.134099621517564,33.97375879105475,34.08694076538086,12600,0.0,0.0,0.0
2021-02-10 00:00:00-05:00,34.20956326109399,34.20956326109399,33.97376533698774,34.00205993652344,53000,0.0,0.0,0.0
2021-02-11 00:00:00-05:00,34.21899248912846,34.21899248912846,34.03035703433199,34.15296936035156,17500,0.0,0.0,0.0
2021-02-12 00:00:00-05:00,34.13410078791562,34.31330948454498,34.12467045556207,34.285011291503906,11500,0.0,0.0,0.0
2021-02-16 00:00:00-05:00,34.33217592893937,34.36990085874108,33.983192443847656,33.983192443847656,27300,0.0,0.0,0.0
2021-02-17 00:00:00-05:00,33.84171462070243,33.84171462070243,33.577618533831725,33.671939849853516,235900,0.0,0.0,0.0
2021-02-18 00:00:00-05:00,33.58705696956733,33.690808632112685,33.45501070741535,33.53046417236328,6500,0.0,0.0,0.0
2021-02-19 00:00:00-05:00,33.80398609429371,33.86057888390679,33.671939849853516,33.671939849853516,11500,0.0,0.0,0.0
2021-02-22 00:00:00-05:00,33.549320793291415,33.549320793291415,33.29465866088867,33.29465866088867,6800,0.0,0.0,0.0
2021-02-23 00:00:00-05:00,33.190903725225176,33.511588941806615,33.143744875314006,33.398406982421875,23600,0.0,0.0,0.0
2021-02-24 00:00:00-05:00,33.31351856611724,33.60590918315808,33.24749545871923,33.54931640625,18200,0.0,0.0,0.0
2021-02-25 00:00:00-05:00,33.511591753393375,33.568184536828625,32.92681404985546,32.955108642578125,20600,0.0,0.0,0.0
2021-02-26 00:00:00-05:00,32.83249454713212,32.85135880724588,32.540103912353516,32.540103912353516,12900,0.0,0.0,0.0
2021-03-01 00:00:00-05:00,32.77589630965591,33.153174253135376,32.77589630965591,33.06828689575195,12100,0.0,0.0,0.0
2021-03-02 00:00:00-05:00,33.19091025312946,33.19091025312946,32.91738743065304,33.077728271484375,34900,0.0,0.0,0.0
2021-03-03 00:00:00-05:00,32.90795411499154,32.90795411499154,32.57783849652835,32.5872688293457,15000,0.0,0.0,0.0
2021-03-04 00:00:00-05:00,32.65328533532071,32.73817270543464,31.98362030330507,32.20055389404297,19500,0.0,0.0,0.0
2021-03-05 00:00:00-05:00,32.464647555636404,32.681584752518624,32.0496446183626,32.634422302246094,39600,0.0,0.0,0.0
2021-03-08 00:00:00-05:00,32.62499178817863,32.94567701909007,32.59669719656549,32.643856048583984,12500,0.0,0.0,0.0
2021-03-09 00:00:00-05:00,33.0683033312815,33.24750846460834,33.030574798583984,33.030574798583984,22700,0.0,0.0,0.0
2021-03-10 00:00:00-05:00,33.181479421845495,33.31352566477879,33.01170465293404,33.209774017333984,21700,0.0,0.0,0.0
2021-03-11 00:00:00-05:00,33.48329329885199,33.634203772617376,33.398405932484614,33.54931640625,15000,0.0,0.0,0.0
2021-03-12 00:00:00-05:00,33.46443646620413,33.568188114565096,33.42670793989281,33.55875778198242,35600,0.0,0.0,0.0
2021-03-15 00:00:00-04:00,33.6059201337168,33.77569492177301,33.351257951632476,33.681373596191406,74600,0.0,0.0,0.0
2021-03-16 00:00:00-04:00,33.86057671942484,33.888871313427536,33.71909655343119,33.73796081542969,8400,0.0,0.0,0.0
2021-03-17 00:00:00-04:00,33.62477982333351,33.78512065801781,33.50216391575775,33.70966720581055,10000,0.0,0.0,0.0
2021-03-18 00:00:00-04:00,33.473876953125,33.72853556062925,33.436148419424,33.473876953125,30300,0.0,0.0,0.0
2021-03-19 00:00:00-04:00,33.49272471663355,33.71909223362507,33.44556586667396,33.63420486450195,10400,0.0,0.0,0.0
2021-03-22 00:00:00-04:00,33.61157430639294,33.7436427809075,33.43233543504086,33.696475982666016,12200,0.006,0.0,0.0
2021-03-23 00:00:00-04:00,33.57383500373054,33.743638333898645,33.4134635925293,33.4134635925293,15900,0.0,0.0,0.0
2021-03-24 00:00:00-04:00,33.488929748535156,33.64929754394894,33.45119487952185,33.488929748535156,5700,0.0,0.0,0.0
2021-03-25 00:00:00-04:00,33.40403783339272,33.71534519563902,33.29083679193781,33.687042236328125,6600,0.0,0.0,0.0
2021-03-26 00:00:00-04:00,33.77192955186793,34.17757034301758,33.77192955186793,34.17757034301758,9000,0.0,0.0,0.0
2021-03-29 00:00:00-04:00,34.14927873969489,34.347381422556694,34.09267643090773,34.29077911376953,17700,0.0,0.0,0.0
2021-03-30 00:00:00-04:00,34.1492802702569,34.1492802702569,33.98890885413656,34.0549430847168,36500,0.0,0.0,0.0
2021-03-31 00:00:00-04:00,34.1021138095469,34.2530497092882,34.1021138095469,34.168148040771484,20300,0.0,0.0,0.0
2021-04-01 00:00:00-04:00,34.36624926171634,34.51718515498944,34.29077951578201,34.49831771850586,13500,0.0,0.0,0.0
2021-04-05 00:00:00-04:00,34.79074892807676,34.96055221557617,34.649244988962366,34.96055221557617,24300,0.0,0.0,0.0
2021-04-06 00:00:00-04:00,34.68698152487066,34.922819035701764,34.68698152487066,34.85678482055664,9100,0.0,0.0,0.0
2021-04-07 00:00:00-04:00,34.809631083119825,34.819063003705985,34.6115247648487,34.715293884277344,51400,0.0,0.0,0.0
2021-04-08 00:00:00-04:00,34.83793268074285,34.98886860998765,34.83793268074285,34.951133728027344,13000,0.0,0.0,0.0
2021-04-09 00:00:00-04:00,35.05489736549693,35.19640135139426,35.05489736549693,35.14923095703125,10100,0.0,0.0,0.0
2021-04-12 00:00:00-04:00,35.38506726790815,35.56430612344196,35.38506726790815,35.55487060546875,37000,0.0,0.0,0.0
2021-04-13 00:00:00-04:00,35.5265771002845,35.620910703979874,35.45111093704745,35.56431198120117,26600,0.0,0.0,0.0
2021-04-14 00:00:00-04:00,35.545430896369936,35.545430896369936,35.31902529637363,35.36619567871094,19500,0.0,0.0,0.0
2021-04-15 00:00:00-04:00,35.43223794009995,35.74354166235306,35.40393498455277,35.724674224853516,16100,0.0,0.0,0.0
2021-04-16 00:00:00-04:00,35.77183219381583,36.07370752073527,35.77183219381583,36.054840087890625,22000,0.0,0.0,0.0
2021-04-19 00:00:00-04:00,36.111444439121364,36.111444439121364,35.960508551338236,36.06427764892578,19000,0.0,0.0,0.0
2021-04-20 00:00:00-04:00,35.89446658299086,35.99823565819565,35.8661672346967,35.95106887817383,22800,0.0,0.0,0.0
2021-04-21 00:00:00-04:00,35.80957666883636,36.149183353982075,35.80957666883636,36.13975143432617,9500,0.0,0.0,0.0
2021-04-22 00:00:00-04:00,36.337863822643484,36.498231689720924,36.22466276361254,36.30012893676758,26600,0.0,0.0,0.0
2021-04-23 00:00:00-04:00,36.40388524490572,36.69632510949309,36.40388524490572,36.66802215576172,20500,0.0,0.0,0.0
2021-04-26 00:00:00-04:00,36.63972061524147,36.65858805040519,36.46991729736328,36.46991729736328,18900,0.0,0.0,0.0
2021-04-27 00:00:00-04:00,36.49821482086576,36.507650337272196,36.3378470279076,36.46048355102539,7400,0.0,0.0,0.0
2021-04-28 00:00:00-04:00,36.460485379079074,36.50765216769072,36.385015638424186,36.46991729736328,9400,0.0,0.0,0.0
2021-04-29 00:00:00-04:00,36.49821501347203,36.630287053693216,36.432180792659004,36.592552185058594,11000,0.0,0.0,0.0
2021-04-30 00:00:00-04:00,36.385032381610024,36.479366002242536,36.1303272875859,36.19636154174805,8100,0.0,0.0,0.0
2021-05-03 00:00:00-04:00,36.48878871564131,36.52652359008789,36.3284172985412,36.52652359008789,114100,0.0,0.0,0.0
2021-05-04 00:00:00-04:00,36.30011186771267,36.366146087646484,36.13974407604345,36.366146087646484,33600,0.0,0.0,0.0
2021-05-05 00:00:00-04:00,36.57369420130013,36.677463317561475,36.37559148767176,36.601993560791016,44200,0.0,0.0,0.0
2021-05-06 00:00:00-04:00,36.7623672417537,36.837833404541016,36.6491625996783,36.837833404541016,6900,0.0,0.0,0.0
2021-05-07 00:00:00-04:00,37.01706717893867,37.234037315072975,36.91329807065796,37.16800308227539,16500,0.0,0.0,0.0
2021-05-10 00:00:00-04:00,37.24346912444246,37.43213990270404,37.13026809692383,37.13026809692383,21400,0.0,0.0,0.0
2021-05-11 00:00:00-04:00,36.66802591429655,36.75292758700218,36.4416238528121,36.573692321777344,20700,0.0,0.0,0.0
2021-05-12 00:00:00-04:00,36.50765103941884,36.50765103941884,35.715236780008674,35.75297164916992,30500,0.0,0.0,0.0
2021-05-13 00:00:00-04:00,35.88505241143907,36.46992868983683,35.88505241143907,36.4510612487793,10700,0.0,0.0,0.0
2021-05-14 00:00:00-04:00,36.668016965891,36.94158935546875,36.668016965891,36.94158935546875,16000,0.0,0.0,0.0
2021-05-17 00:00:00-04:00,36.70575108129155,36.743485947755914,36.564247131347656,36.564247131347656,12400,0.0,0.0,0.0
2021-05-18 00:00:00-04:00,36.781220814220276,36.781220814220276,36.564247131347656,36.564247131347656,8700,0.0,0.0,0.0
2021-05-19 00:00:00-04:00,36.28125022239736,36.43218612041323,36.139749842217554,36.356719970703125,17600,0.0,0.0,0.0
2021-05-20 00:00:00-04:00,36.56426117646281,36.96047022934112,36.56426117646281,36.93217086791992,28000,0.0,0.0,0.0
2021-05-21 00:00:00-04:00,36.97933562519387,37.06423730335947,36.856699068155535,36.922733306884766,17200,0.0,0.0,0.0
2021-05-24 00:00:00-04:00,37.05479834618088,37.15856745415454,37.00763155126443,37.13026809692383,21100,0.0,0.0,0.0
2021-05-25 00:00:00-04:00,37.16800485455609,37.281205887807445,37.12083445865506,37.1585693359375,8500,0.0,0.0,0.0
2021-05-26 00:00:00-04:00,37.34722886166433,37.34722886166433,37.2151604295971,37.23402786254883,8400,0.0,0.0,0.0
2021-05-27 00:00:00-04:00,37.375539860066176,37.46044153551155,37.34724050111639,37.44157409667969,6200,0.0,0.0,0.0
2021-05-28 00:00:00-04:00,37.48874627242764,37.5830798724684,37.35667419433594,37.35667419433594,9700,0.0,0.0,0.0
2021-06-01 00:00:00-04:00,37.62081864494986,37.649118008171286,37.35667806002918,37.375545501708984,33400,0.0,0.0,0.0
2021-06-02 00:00:00-04:00,37.41327103051146,37.41327103051146,37.300070007333204,37.403839111328125,13600,0.0,0.0,0.0
2021-06-03 00:00:00-04:00,37.23404087041242,37.30007510951537,37.05480199405061,37.07366943359375,11900,0.0,0.0,0.0
2021-06-04 00:00:00-04:00,37.347229026367266,37.45099810876196,37.27175929422752,37.42269515991211,11100,0.0,0.0,0.0
2021-06-07 00:00:00-04:00,37.46987883270025,37.46987883270025,37.32837483404295,37.35667419433594,17200,0.0,0.0,0.0
2021-06-08 00:00:00-04:00,37.4793034397212,37.50760279449198,37.337803067271814,37.469871520996094,27500,0.0,0.0,0.0
2021-06-09 00:00:00-04:00,37.441570107103715,37.441570107103715,37.30950164794922,37.30950164794922,10900,0.0,0.0,0.0
2021-06-10 00:00:00-04:00,37.32836738044646,37.44156839761103,37.28120058984418,37.41326904296875,11500,0.0,0.0,0.0
2021-06-11 00:00:00-04:00,37.573638916015625,37.61137018780043,37.403835597900425,37.573638916015625,15400,0.0,0.0,0.0
2021-06-14 00:00:00-04:00,37.68684956505769,37.71514892578125,37.52647812423302,37.71514892578125,18200,0.0,0.0,0.0
2021-06-15 00:00:00-04:00,37.85664749145508,37.85664749145508,37.65854119904394,37.85664749145508,16400,0.0,0.0,0.0
2021-06-16 00:00:00-04:00,37.922673500383006,37.9792722014325,37.43213103258283,37.5359001159668,12900,0.0,0.0,0.0
2021-06-17 00:00:00-04:00,37.2246075416795,37.35667602765644,37.08310713467407,37.29064178466797,14000,0.0,0.0,0.0
2021-06-18 00:00:00-04:00,37.01707228852893,37.035936130278536,36.837833404541016,36.837833404541016,12500,0.0,0.0,0.0
2021-06-21 00:00:00-04:00,37.005437339011905,37.412607437242386,36.99596616684735,37.32738494873047,12400,0.147,0.0,0.0
2021-06-22 00:00:00-04:00,37.38419544326232,37.677740328296906,37.38419544326232,37.5925178527832,16000,0.0,0.0,0.0
2021-06-23 00:00:00-04:00,37.592523586430765,37.592523586430765,37.32738494873047,37.32738494873047,5000,0.0,0.0,0.0
2021-06-24 00:00:00-04:00,37.57358602860055,37.58305358886719,37.38420231352253,37.58305358886719,20300,0.0,0.0,0.0
2021-06-25 00:00:00-04:00,37.65879572651263,37.73454701949362,37.58304082133894,37.62091827392578,4200,0.0,0.0,0.0
2021-06-28 00:00:00-04:00,37.68720413818774,37.781897775002534,37.6114528409288,37.77242660522461,12900,0.0,0.0,0.0
2021-06-29 00:00:00-04:00,37.848185770452275,37.867124499944765,37.762963293832705,37.838714599609375,10600,0.0,0.0,0.0
2021-06-30 00:00:00-04:00,37.57358602860055,37.61146349405494,37.40314104624972,37.58305358886719,50300,0.0,0.0,0.0
2021-07-01 00:00:00-04:00,37.6588066960664,37.79137420654297,37.583051768826216,37.79137420654297,61700,0.0,0.0,0.0
2021-07-02 00:00:00-04:00,37.80084261249405,37.942881298151946,37.781907492453904,37.92394256591797,5000,0.0,0.0,0.0
2021-07-06 00:00:00-04:00,37.971269356518114,37.971269356518114,37.668257010669386,37.81976318359375,8300,0.0,0.0,0.0
2021-07-07 00:00:00-04:00,38.00917329425481,38.35006332397461,37.990234557915414,38.35006332397461,25300,0.0,0.0,0.0
2021-07-08 00:00:00-04:00,38.09438878846986,38.09438878846986,37.75349882150824,37.9428825378418,12200,0.0,0.0,0.0
2021-07-09 00:00:00-04:00,38.14172485776584,38.39739227294922,38.14172485776584,38.39739227294922,6600,0.0,0.0,0.0
2021-07-12 00:00:00-04:00,38.44473267584966,38.681461334228516,38.44473267584966,38.681461334228516,13400,0.0,0.0,0.0
2021-07-13 00:00:00-04:00,38.61518478393555,38.71934599095421,38.54890103623155,38.61518478393555,8000,0.0,0.0,0.0
2021-07-14 00:00:00-04:00,38.63412042052285,38.71934289106122,38.54889794998448,38.62465286254883,8800,0.0,0.0,0.0
2021-07-15 00:00:00-04:00,38.387930195903934,38.596249013721184,38.3216464431175,38.48262023925781,143200,0.0,0.0,0.0
2021-07-16 00:00:00-04:00,38.56784052603382,38.63412427504422,38.331111818941395,38.3879280090332,36700,0.0,0.0,0.0
2021-07-19 00:00:00-04:00,38.075434293710714,38.12277930014643,37.649322011404365,37.876583099365234,35700,0.0,0.0,0.0
2021-07-20 00:00:00-04:00,37.91446734128711,38.41633100135463,37.90499617098786,38.39739227294922,31100,0.0,0.0,0.0
2021-07-21 00:00:00-04:00,38.46367504322981,38.57730741078763,38.44473631530351,38.55836868286133,9500,0.0,0.0,0.0
2021-07-22 00:00:00-04:00,38.719339152680156,38.84243906761532,38.65305541668261,38.804561614990234,14400,0.0,0.0,0.0
2021-07-23 00:00:00-04:00,38.956071259766446,39.15492248535156,38.956071259766446,39.15492248535156,11800,0.0,0.0,0.0
2021-07-26 00:00:00-04:00,39.15493083594618,39.268563228108995,39.041302055977155,39.16440200805664,25700,0.0,0.0,0.0
2021-07-27 00:00:00-04:00,39.05077355478936,39.28750228881836,38.91820242949031,39.28750228881836,25100,0.0,0.0,0.0
2021-07-28 00:00:00-04:00,39.32536937416515,39.42006301879883,39.13598930928418,39.42006301879883,10900,0.0,0.0,0.0
2021-07-29 00:00:00-04:00,39.57157131260536,39.83670630709329,39.55263258268574,39.80830001831055,26000,0.0,0.0,0.0
2021-07-30 00:00:00-04:00,39.7704225584713,39.902990055715264,39.74201626968856,39.80830001831055,10800,0.0,0.0,0.0
2021-08-02 00:00:00-04:00,39.912457116009335,40.03555342951855,39.77988602022607,39.865108489990234,15700,0.0,0.0,0.0
2021-08-03 00:00:00-04:00,39.88405266004779,40.19653629588506,39.770423888922195,40.18706512451172,17800,0.0,0.0,0.0
2021-08-04 00:00:00-04:00,40.310159909453475,40.366976093843576,40.12077624034618,40.224937438964844,10000,0.0,0.0,0.0
2021-08-05 00:00:00-04:00,40.31016493041739,40.31016493041739,39.950336275513216,40.063968658447266,13200,0.0,0.0,0.0
2021-08-06 00:00:00-04:00,40.007149928111815,40.03555621594591,39.83670497672073,39.84617614746094,14400,0.0,0.0,0.0
2021-08-09 00:00:00-04:00,39.921931459697944,39.921931459697944,39.723080200512484,39.732547760009766,18100,0.0,0.0,0.0
2021-08-10 00:00:00-04:00,39.855646799604834,39.94086928191535,39.77989187657613,39.836708068847656,13100,0.0,0.0,0.0
2021-08-11 00:00:00-04:00,40.12078085497343,40.18706460495587,40.03555837468265,40.17759704589844,53900,0.0,0.0,0.0
2021-08-12 00:00:00-04:00,40.24389050573893,40.3291130065918,40.120790535130496,40.3291130065918,11100,0.0,0.0,0.0
2021-08-13 00:00:00-04:00,40.423789020718296,40.43326019096293,40.3196314333788,40.34803771972656,18500,0.0,0.0,0.0
2021-08-16 00:00:00-04:00,40.281753608299226,40.461666107177734,40.06396365317481,40.461666107177734,1043200,0.0,0.0,0.0
2021-08-17 00:00:00-04:00,40.26282344456045,40.35751349312389,39.97874968667633,40.120784759521484,49900,0.0,0.0,0.0
2021-08-18 00:00:00-04:00,40.0923755157792,40.16812682661436,39.836708068847656,39.836708068847656,18800,0.0,0.0,0.0
2021-08-19 00:00:00-04:00,39.51475555002207,39.92192921721223,39.37272049237952,39.87458419799805,21400,0.0,0.0,0.0
2021-08-20 00:00:00-04:00,39.92193381547319,40.2438850402832,39.8177725938885,40.2438850402832,12700,0.0,0.0,0.0
2021-08-23 00:00:00-04:00,40.35750961303711,40.40485463276694,40.24388084324682,40.35750961303711,1141800,0.0,0.0,0.0
2021-08-24 00:00:00-04:00,40.20600205731716,40.423792030650375,40.20600205731716,40.3953857421875,19600,0.0,0.0,0.0
2021-08-25 00:00:00-04:00,40.310169544559855,40.47114696604612,40.234418226126365,40.43326950073242,53000,0.0,0.0,0.0
2021-08-26 00:00:00-04:00,40.24388729645414,40.36698725724586,40.10184860229492,40.10184860229492,11600,0.0,0.0,0.0
2021-08-27 00:00:00-04:00,40.2912274361453,40.53742732786283,40.2912274361453,40.499549865722656,13800,0.0,0.0,0.0
2021-08-30 00:00:00-04:00,40.57530203069313,40.7173407106076,40.49955071701411,40.632118225097656,60900,0.0,0.0,0.0
2021-08-31 00:00:00-04:00,40.88778558784108,40.92566305069055,40.65105686332241,40.688934326171875,32900,0.0,0.0,0.0
2021-09-01 00:00:00-04:00,40.93512555441067,41.11503806243415,40.84990307962202,41.086631774902344,21100,0.0,0.0,0.0
2021-09-02 00:00:00-04:00,41.29495493341023,41.51274490356445,41.29495493341023,41.51274490356445,57600,0.0,0.0,0.0
2021-09-03 00:00:00-04:00,41.531684964525404,41.65478490366994,41.39911746645901,41.47486877441406,19900,0.0,0.0,0.0
2021-09-07 00:00:00-04:00,41.39911315327336,41.474864453336224,41.20025831469815,41.228668212890625,37400,0.0,0.0,0.0
2021-09-08 00:00:00-04:00,41.16238447076323,41.25707449889007,40.99193953038049,41.228668212890625,34900,0.0,0.0,0.0
2021-09-09 00:00:00-04:00,41.25708356543197,41.38965107881942,41.02035483089899,41.13398361206055,24100,0.0,0.0,0.0
2021-09-10 00:00:00-04:00,41.266559380241574,41.29496567567929,40.90673065185547,40.90673065185547,24600,0.0,0.0,0.0
2021-09-13 00:00:00-04:00,41.304428229090284,41.304428229090284,40.71734198399119,40.830970764160156,44400,0.0,0.0,0.0
2021-09-14 00:00:00-04:00,40.98247132302537,41.04875506994466,40.75521379421446,40.859375,23600,0.0,0.0,0.0
2021-09-15 00:00:00-04:00,40.859377100239456,41.04875717991856,40.78362217861303,41.01088333129883,27900,0.0,0.0,0.0
2021-09-16 00:00:00-04:00,40.84990009738953,40.84990009738953,40.62264258933948,40.802555084228516,27900,0.0,0.0,0.0
2021-09-17 00:00:00-04:00,40.651048007018176,40.651048007018176,40.11130692167997,40.196529388427734,49200,0.0,0.0,0.0
2021-09-20 00:00:00-04:00,39.578269940342935,39.835086831586345,39.38803480292929,39.749481201171875,32000,0.19,0.0,0.0
2021-09-21 00:00:00-04:00,39.99678819528678,40.05385983054218,39.76850891113281,39.76850891113281,19800,0.0,0.0,0.0
2021-09-22 00:00:00-04:00,39.825576798958146,40.20604710932301,39.778018917270984,39.9492301940918,14200,0.0,0.0,0.0
2021-09-23 00:00:00-04:00,40.120437669223605,40.453346437922114,40.120437669223605,40.26311492919922,19300,0.0,0.0,0.0
2021-09-24 00:00:00-04:00,39.90167620339883,39.98728185015703,39.78753655053261,39.816070556640625,20200,0.0,0.0,0.0
2021-09-27 00:00:00-04:00,39.57828145741955,39.587791584262575,39.25488271823901,39.38804626464844,26800,0.0,0.0,0.0
2021-09-28 00:00:00-04:00,38.70318997240734,38.74123772578595,38.094440432083466,38.1610221862793,67100,0.0,0.0,0.0
2021-09-29 00:00:00-04:00,38.32273110133453,38.41784687565087,38.18956756591797,38.18956756591797,13600,0.0,0.0,0.0
2021-09-30 00:00:00-04:00,38.44637325154169,38.47491088091989,37.761531829833984,37.761531829833984,23900,0.0,0.0,0.0
2021-10-01 00:00:00-04:00,37.98029717293062,38.04687892076731,37.57129293425773,37.88518142700195,42300,0.0,0.0,0.0
2021-10-04 00:00:00-04:00,37.951774590516294,38.06591424564988,37.362045177385305,37.580814361572266,34300,0.0,0.0,0.0
2021-10-05 00:00:00-04:00,37.704467636701935,38.11347199694181,37.65690974960213,38.00884246826172,14100,0.0,0.0,0.0
2021-10-06 00:00:00-04:00,37.44764705390436,37.82811737060547,37.33350741026757,37.82811737060547,114800,0.0,0.0,0.0
2021-10-07 00:00:00-04:00,37.92322538136267,38.2276001211142,37.92322538136267,37.98980712890625,26000,0.0,0.0,0.0
2021-10-08 00:00:00-04:00,37.989811057018926,37.989811057018926,37.65690228487857,37.72348403930664,9100,0.0,0.0,0.0
2021-10-11 00:00:00-04:00,37.66640862548145,37.8281097474451,37.400081634521484,37.400081634521484,21300,0.0,0.0,0.0
2021-10-12 00:00:00-04:00,37.59983826936343,37.6949576724054,37.40960672014793,37.495208740234375,51300,0.0,0.0,0.0
2021-10-13 00:00:00-04:00,37.80909333758123,38.03737625235676,37.79006945898045,37.97079086303711,69300,0.0,0.0,0.0
2021-10-14 00:00:00-04:00,38.24663542821222,38.5129661264286,38.199077541241714,38.474918365478516,53100,0.0,0.0,0.0
2021-10-15 00:00:00-04:00,38.73173514026242,38.82685091378846,38.617591857910156,38.617591857910156,10400,0.0,0.0,0.0
2021-10-18 00:00:00-04:00,38.560516190025574,38.77928532845215,38.52246843679483,38.769771575927734,15800,0.0,0.0,0.0
2021-10-19 00:00:00-04:00,38.89342883599484,39.06464011416335,38.89342883599484,38.93147659301758,25300,0.0,0.0,0.0
2021-10-20 00:00:00-04:00,39.178775769286204,39.3975449072505,39.178775769286204,39.3499870300293,21400,0.0,0.0,0.0
2021-10-21 00:00:00-04:00,39.19780733514187,39.47364815694229,39.074157555797534,39.46413803100586,15500,0.0,0.0,0.0
2021-10-22 00:00:00-04:00,39.57827754733798,39.711441080591705,39.53071966095225,39.644859313964844,15800,0.0,0.0,0.0
2021-10-25 00:00:00-04:00,39.540226016339304,39.71143729374874,39.34048073550624,39.57827377319336,16600,0.0,0.0,0.0
2021-10-26 00:00:00-04:00,39.76850502081254,39.82557302205151,39.48315050088394,39.502174377441406,16700,0.0,0.0,0.0
2021-10-27 00:00:00-04:00,39.56876002082868,39.66387941296637,39.35950461499336,39.369014739990234,24100,0.0,0.0,0.0
2021-10-28 00:00:00-04:00,39.50217432336194,39.844596844060725,39.50217432336194,39.8255729675293,12200,0.0,0.0,0.0
2021-10-29 00:00:00-04:00,39.67338570391179,39.77801521093491,39.597293825988984,39.663875579833984,14200,0.0,0.0,0.0
2021-11-01 00:00:00-04:00,39.89216232299805,39.94923396346786,39.73997491017934,39.89216232299805,14200,0.0,0.0,0.0
2021-11-02 00:00:00-04:00,39.74947724026717,40.05385197842568,39.74947724026717,39.95873260498047,16400,0.0,0.0,0.0
2021-11-03 00:00:00-04:00,39.89215855900693,39.9492301940918,39.559249758763016,39.9492301940918,94000,0.0,0.0,0.0
2021-11-04 00:00:00-04:00,39.94923388839394,40.2345848333385,39.94923388839394,40.14897918701172,341800,0.0,0.0,0.0
2021-11-05 00:00:00-04:00,40.053863490112114,40.053863490112114,39.778022670492554,39.89216232299805,16400,0.0,0.0,0.0
2021-11-08 00:00:00-05:00,40.13946894139762,40.348724365234375,40.10142118126944,40.348724365234375,52600,0.0,0.0,0.0
2021-11-09 00:00:00-05:00,40.33921045930708,40.424816097356484,40.22507081805247,40.28213882446289,34600,0.0,0.0,0.0
2021-11-10 00:00:00-05:00,40.206043262130585,40.39627839911001,40.110923879424156,40.225067138671875,38100,0.0,0.0,0.0
2021-11-11 00:00:00-05:00,40.415309790096394,40.48189155615376,40.32019038970435,40.38677215576172,17600,0.0,0.0,0.0
2021-11-12 00:00:00-05:00,40.50090406046358,40.78625492462301,40.49139030887951,40.73869705200195,26900,0.0,0.0,0.0
2021-11-15 00:00:00-05:00,40.85284804119518,40.890895801253826,40.596031103450436,40.60554122924805,20900,0.0,0.0,0.0
2021-11-16 00:00:00-05:00,40.462856146860034,40.748207009861964,40.462856146860034,40.67211151123047,25600,0.0,0.0,0.0
2021-11-17 00:00:00-05:00,40.586509834583765,40.586509834583765,40.453346327467955,40.529441833496094,22700,0.0,0.0,0.0
2021-11-18 00:00:00-05:00,40.5674970976235,40.72919463522161,40.51993558333313,40.60554122924805,26000,0.0,0.0,0.0
2021-11-19 00:00:00-05:00,40.59601964103206,40.805278633835584,40.57699576637419,40.67211151123047,24200,0.0,0.0,0.0
2021-11-22 00:00:00-05:00,40.70065302677971,40.767234780228264,40.329696506585364,40.367740631103516,30000,0.0,0.0,0.0
2021-11-23 00:00:00-05:00,40.24409488284933,40.24409488284933,39.863624572325605,40.07288360595703,38100,0.0,0.0,0.0
2021-11-24 00:00:00-05:00,39.86362453880752,40.006301812242405,39.720947265372644,39.930206298828125,34100,0.0,0.0,0.0
2021-11-26 00:00:00-05:00,39.644851665212684,39.88264467969768,39.30242914380494,39.43559265136719,15600,0.0,0.0,0.0
2021-11-29 00:00:00-05:00,39.61632521203735,39.882652277900874,39.502181930866584,39.75899887084961,19500,0.0,0.0,0.0
2021-11-30 00:00:00-05:00,39.69241362432825,39.78753301696425,38.96001062898329,39.074153900146484,32500,0.0,0.0,0.0
2021-12-01 00:00:00-05:00,39.31194697748711,39.711437541647065,38.69368362426758,38.69368362426758,16600,0.0,0.0,0.0
2021-12-02 00:00:00-05:00,38.902957536888366,39.42610169743684,38.902957536888366,39.264400482177734,41900,0.0,0.0,0.0
2021-12-03 00:00:00-05:00,39.464134338869506,39.464134338869506,38.8553811113006,39.074153900146484,27800,0.0,0.0,0.0
2021-12-06 00:00:00-05:00,39.40705862308751,39.66387551396318,39.37852462246802,39.502174377441406,20700,0.0,0.0,0.0
2021-12-07 00:00:00-05:00,40.0538559154839,40.42481243730037,40.0538559154839,40.26311492919922,55800,0.0,0.0,0.0
2021-12-08 00:00:00-05:00,40.44384369164993,40.60554122924805,40.36774817153263,40.60554122924805,22900,0.0,0.0,0.0
2021-12-09 00:00:00-05:00,40.548465737544966,40.59602361462814,40.386764601342044,40.462860107421875,12900,0.0,0.0,0.0
2021-12-10 00:00:00-05:00,40.55797583403993,40.624557587597835,40.46286007993819,40.529441833496094,26400,0.0,0.0,0.0
2021-12-13 00:00:00-05:00,40.50091551219417,40.66261305051274,40.396285985783734,40.48189163208008,15400,0.0,0.0,0.0
2021-12-14 00:00:00-05:00,40.377258403436315,40.43432641011183,39.778018934306836,39.863624572753906,22500,0.0,0.0,0.0
2021-12-15 00:00:00-05:00,39.94922619848211,40.60553360836399,39.85411044462099,40.519927978515625,17800,0.0,0.0,0.0
2021-12-16 00:00:00-05:00,40.624561496151905,40.767238769465166,40.30116282128447,40.415306091308594,15700,0.0,0.0,0.0
2021-12-17 00:00:00-05:00,40.18702324817241,40.30116288995723,39.778018934306836,39.863624572753906,42900,0.0,0.0,0.0
2021-12-20 00:00:00-05:00,39.61910624778332,39.6955190028352,39.28480955333311,39.57135009765625,12500,0.174,0.0,0.0
2021-12-21 00:00:00-05:00,39.905636994709354,40.06801223754883,39.74326539542969,40.06801223754883,15700,0.0,0.0,0.0
2021-12-22 00:00:00-05:00,40.02982158763803,40.488287254730004,40.02982158763803,40.45008087158203,7600,0.0,0.0,0.0
2021-12-23 00:00:00-05:00,40.51694759981206,40.832144852849034,40.51694759981206,40.76528549194336,15200,0.0,0.0,0.0
2021-12-27 00:00:00-05:00,40.85123356240429,41.24283981323242,40.8130271858453,41.24283981323242,27100,0.0,0.0,0.0
2021-12-28 00:00:00-05:00,41.26194168259259,41.43386672805194,41.223735307254856,41.347904205322266,15000,0.0,0.0,0.0
2021-12-29 00:00:00-05:00,41.48162627637491,41.64399791953184,41.414766935832546,41.567588806152344,10200,0.0,0.0,0.0
2021-12-30 00:00:00-05:00,41.53893635751222,41.58669250940978,41.424317220685055,41.44342041015625,8600,0.0,0.0,0.0
2021-12-31 00:00:00-05:00,41.33834952404678,41.672649832675965,41.33834952404678,41.50072479248047,9600,0.0,0.0,0.0
2022-01-03 00:00:00-05:00,41.58668596642692,41.58668596642692,40.86077945497439,41.14732360839844,27600,0.0,0.0,0.0
2022-01-04 00:00:00-05:00,41.09957166282702,41.10912507966289,40.860787251783755,40.87989044189453,14800,0.0,0.0,0.0
2022-01-05 00:00:00-05:00,40.91809860446456,41.137779834966125,40.53604207272898,40.555145263671875,9400,0.0,0.0,0.0
2022-01-06 00:00:00-05:00,40.201743181488794,40.26860252441833,40.0489213057126,40.087127685546875,13700,0.0,0.0,0.0
2022-01-07 00:00:00-05:00,40.05846905696176,40.05846905696176,39.70506917023464,39.81013488769531,11400,0.0,0.0,0.0
2022-01-10 00:00:00-05:00,39.30392507875203,39.30392507875203,38.75949678058554,39.13199996948242,21900,0.0,0.0,0.0
2022-01-11 00:00:00-05:00,39.2943619700875,39.437634073670324,38.99827163323904,39.36122131347656,18800,0.0,0.0,0.0
2022-01-12 00:00:00-05:00,39.6668665535029,39.85789481758445,39.60000720760852,39.76238250732422,19300,0.0,0.0,0.0
2022-01-13 00:00:00-05:00,39.733731158086755,39.80059051282986,39.11289377210633,39.151100158691406,7400,0.0,0.0,0.0
2022-01-14 00:00:00-05:00,38.92186284509505,38.92186284509505,38.22461273319555,38.44429397583008,22500,0.0,0.0,0.0
2022-01-18 00:00:00-05:00,38.10999945814982,38.10999945814982,37.72794288292345,37.85211181640625,37700,0.0,0.0,0.0
2022-01-19 00:00:00-05:00,37.93806416962051,38.09088602993521,37.69927978515625,37.69927978515625,9700,0.0,0.0,0.0
2022-01-20 00:00:00-05:00,37.97627644795301,38.129098346681864,37.412745013222604,37.422298431396484,16400,0.0,0.0,0.0
2022-01-21 00:00:00-05:00,37.2026164837669,37.3840913464997,36.88741927403155,36.94472885131836,16600,0.0,0.0,0.0
2022-01-24 00:00:00-05:00,36.48627421257107,36.75371170043945,35.62664851076196,36.75371170043945,62400,0.0,0.0,0.0
2022-01-25 00:00:00-05:00,36.209267952798214,36.342986640042014,35.76035209399893,36.05644607543945,50200,0.0,0.0,0.0
2022-01-26 00:00:00-05:00,36.48625534985694,36.63907721299889,35.72214603414718,35.884517669677734,15600,0.0,0.0,0.0
2022-01-27 00:00:00-05:00,36.008692482506504,36.228373719108674,35.540673400311476,35.70304870605469,23100,0.0,0.0,0.0
2022-01-28 00:00:00-05:00,35.63618385923501,36.10419922565694,35.349639674907365,36.07554626464844,39900,0.0,0.0,0.0
2022-01-31 00:00:00-05:00,36.26657246649413,36.85875670324595,36.16150675729162,36.715484619140625,17300,0.0,0.0,0.0
2022-02-01 00:00:00-05:00,36.99247496700046,37.06888771596984,36.53400940386548,36.93516540527344,28300,0.0,0.0,0.0
2022-02-02 00:00:00-05:00,37.0688973562835,37.279025183475284,37.03069097186268,37.21216583251953,27100,0.0,0.0,0.0
2022-02-03 00:00:00-05:00,36.78234560013822,36.88741131404439,36.29522705078125,36.29522705078125,115500,0.0,0.0,0.0
2022-02-04 00:00:00-05:00,36.28568023609517,36.38119254185303,35.90362372594189,36.228370666503906,19800,0.0,0.0,0.0
2022-02-07 00:00:00-05:00,36.037343322606176,36.14240904773288,35.81766209895987,35.83676528930664,16900,0.0,0.0,0.0
2022-02-08 00:00:00-05:00,35.76035805283842,36.15196440654717,35.60753615001455,36.018245697021484,9400,0.0,0.0,0.0
2022-02-09 00:00:00-05:00,36.47670552491605,36.6868369737582,36.47670552491605,36.61042785644531,19300,0.0,0.0,0.0
2022-02-10 00:00:00-05:00,36.18060640645189,36.60086555860215,35.88451249525233,35.94182205200195,19300,0.0,0.0,0.0
2022-02-11 00:00:00-05:00,35.951382998367095,36.0851016954554,35.19682332929879,35.24458312988281,51600,0.0,0.0,0.0
2022-02-14 00:00:00-05:00,35.24458365885857,35.3209927825296,34.90073349343576,35.12041473388672,12500,0.0,0.0,0.0
2022-02-15 00:00:00-05:00,35.61707769075795,35.817655688157146,35.48335902582515,35.63618087768555,13200,0.0,0.0,0.0
2022-02-16 00:00:00-05:00,35.5024555843226,35.65528106689453,35.301877603787,35.65528106689453,14100,0.0,0.0,0.0
2022-02-17 00:00:00-05:00,35.42604779700256,35.58841941290129,35.110850692878905,35.13950729370117,28300,0.0,0.0,0.0
2022-02-18 00:00:00-05:00,35.30187513442383,35.426044008547905,35.11084693813136,35.187259674072266,9500,0.0,0.0,0.0
2022-02-22 00:00:00-05:00,34.967582324724155,35.13950735572047,34.70969477822969,34.776554107666016,30100,0.0,0.0,0.0
2022-02-23 00:00:00-05:00,35.18727719765352,35.18727719765352,34.48047361244477,34.5950927734375,13000,0.0,0.0,0.0
2022-02-24 00:00:00-05:00,33.53488921740517,34.68105532240124,33.46802986194022,34.5950927734375,26600,0.0,0.0,0.0
2022-02-25 00:00:00-05:00,34.938932784791575,35.53111703638924,34.862520033070304,35.45470428466797,12300,0.0,0.0,0.0
2022-02-28 00:00:00-05:00,35.12996064969014,35.31143913015446,34.83387031808772,35.072654724121094,7900,0.0,0.0,0.0
2022-03-01 00:00:00-05:00,35.14906319154021,35.206372759613814,34.48046613825802,34.73835372924805,19500,0.0,0.0,0.0
2022-03-02 00:00:00-05:00,34.64284551403782,35.02489841559681,34.509126816314115,34.881629943847656,15400,0.0,0.0,0.0
2022-03-03 00:00:00-05:00,34.929384997572626,35.0153475353308,34.556881881807584,34.71925354003906,10000,0.0,0.0,0.0
2022-03-04 00:00:00-05:00,34.16527222663543,34.19392518855962,33.802318920165696,33.99334716796875,15500,0.0,0.0,0.0
2022-03-07 00:00:00-05:00,33.93603263420352,33.93603263420352,32.95224222079725,32.9617919921875,30400,0.0,0.0,0.0
2022-03-08 00:00:00-05:00,33.028660030878484,33.46802245340787,32.6370501161831,32.7612190246582,31400,0.0,0.0,0.0
2022-03-09 00:00:00-05:00,33.553993078856834,34.12707432098229,33.525336466257386,34.01245880126953,13200,0.0,0.0,0.0
2022-03-10 00:00:00-05:00,33.45847175052883,33.53488451380634,33.27699690308639,33.42026901245117,14300,0.0,0.0,0.0
2022-03-11 00:00:00-05:00,33.71636117319773,33.71636117319773,33.095523834228516,33.095523834228516,11700,0.0,0.0,0.0
2022-03-14 00:00:00-04:00,33.429812884381235,34.002893933546446,33.429812884381235,33.55398178100586,20200,0.0,0.0,0.0
2022-03-15 00:00:00-04:00,33.66860070526115,33.83097234982414,33.55398521241899,33.8214225769043,11600,0.0,0.0,0.0
2022-03-16 00:00:00-04:00,34.107964238655214,34.55688009524612,33.87873324552522,34.490020751953125,15000,0.0,0.0,0.0
2022-03-17 00:00:00-04:00,34.6046248639009,35.01533420533007,34.6046248639009,34.9484748840332,28600,0.0,0.0,0.0
2022-03-18 00:00:00-04:00,34.88163017020778,35.55022730672634,34.86252697847168,35.531124114990234,15900,0.0,0.0,0.0
2022-03-21 00:00:00-04:00,35.4804579632582,35.4804579632582,35.02165936221432,35.251060485839844,11200,0.027,0.0,0.0
2022-03-22 00:00:00-04:00,35.346638289578166,35.52824490983052,35.346638289578166,35.5186882019043,6900,0.0,0.0,0.0
2022-03-23 00:00:00-04:00,35.193715886682874,35.193715886682874,34.86873302761759,34.90696716308594,7700,0.0,0.0,0.0
2022-03-24 00:00:00-04:00,34.8974000342504,35.031219482421875,34.78270129631056,35.031219482421875,6800,0.0,0.0,0.0
2022-03-25 00:00:00-04:00,34.906968462866615,34.93564224243164,34.63933679703844,34.93564224243164,11600,0.0,0.0,0.0
2022-03-28 00:00:00-04:00,34.82094347796356,34.983433090442674,34.677567287722475,34.93564224243164,17800,0.0,0.0,0.0
2022-03-29 00:00:00-04:00,35.413550836687136,35.671625739084924,35.39443377211612,35.64295196533203,12000,0.0,0.0,0.0
2022-03-30 00:00:00-04:00,35.518695883064254,35.556930015451066,35.289294734950936,35.38488006591797,11100,0.0,0.0,0.0
2022-03-31 00:00:00-04:00,35.413556696314124,35.451790831782475,34.90696716308594,34.90696716308594,68200,0.0,0.0,0.0
2022-04-01 00:00:00-04:00,34.9929875047129,35.222384994689186,34.90696253441995,35.18415451049805,26000,0.0,0.0,0.0
2022-04-04 00:00:00-04:00,35.260614687694826,35.39443048104209,35.05033064317375,35.27973175048828,26800,0.0,0.0,0.0
2022-04-05 00:00:00-04:00,35.26061415418253,35.38487323735641,34.88784055086772,34.9738655090332,7100,0.0,0.0,0.0
2022-04-06 00:00:00-04:00,34.54374617663703,34.696679054629485,34.409930364169554,34.6871223449707,15600,0.0,0.0,0.0
2022-04-07 00:00:00-04:00,34.65844886688148,35.0503396392129,34.572423885335176,35.0407829284668,9000,0.0,0.0,0.0
2022-04-08 00:00:00-04:00,34.9165118380587,35.04077091239457,34.8496039471563,34.86872100830078,11700,0.0,0.0,0.0
2022-04-11 00:00:00-04:00,34.60109217543206,34.60109217543206,34.24743563186472,34.25699234008789,8500,0.0,0.0,0.0
2022-04-12 00:00:00-04:00,34.33346353784883,34.40993180314657,33.89378195100955,33.912899017333984,10400,0.0,0.0,0.0
2022-04-13 00:00:00-04:00,34.01803449954069,34.4768330642373,33.97024366604859,34.39080810546875,58600,0.0,0.0,0.0
2022-04-14 00:00:00-04:00,34.52462722311916,34.52462722311916,34.08494567871094,34.08494567871094,5500,0.0,0.0,0.0
2022-04-18 00:00:00-04:00,34.018036995499216,34.018036995499216,33.64526336222015,33.69305419921875,21700,0.0,0.0,0.0
2022-04-19 00:00:00-04:00,33.693069727882076,34.13275146484375,33.64527886885734,34.13275146484375,10600,0.0,0.0,0.0
2022-04-20 00:00:00-04:00,34.37169654406342,34.76358727535229,34.37169654406342,34.63933181762695,32400,0.0,0.0,0.0
2022-04-21 00:00:00-04:00,34.98343252215017,35.01210994745732,34.276119232177734,34.276119232177734,8200,0.0,0.0,0.0
2022-04-22 00:00:00-04:00,34.266556002703574,34.33346391246535,33.69305859154333,33.731292724609375,12200,0.0,0.0,0.0
2022-04-25 00:00:00-04:00,33.444540996454734,33.616587287287906,33.06220699276321,33.587913513183594,24200,0.0,0.0,0.0
2022-04-26 00:00:00-04:00,33.387184069949726,33.41585783913118,32.67986737841847,32.718101501464844,12600,0.0,0.0,0.0
2022-04-27 00:00:00-04:00,32.67986255195996,33.03352266859718,32.67986255195996,32.775447845458984,19500,0.0,0.0,0.0
2022-04-28 00:00:00-04:00,33.06221215205329,33.42542914761878,32.85192805258782,33.348960876464844,9200,0.0,0.0,0.0
2022-04-29 00:00:00-04:00,33.29160138168946,33.48276469861173,32.60340177290831,32.64163589477539,13700,0.0,0.0,0.0
2022-05-02 00:00:00-04:00,32.57473891002373,32.72767180248455,32.05858903064057,32.46959686279297,26800,0.0,0.0,0.0
2022-05-03 00:00:00-04:00,32.45047055761365,32.622520468429684,32.39311937193939,32.488704681396484,11700,0.0,0.0,0.0
2022-05-04 00:00:00-04:00,32.45047184435368,33.45409393310547,32.412237719054765,33.45409393310547,14700,0.0,0.0,0.0
2022-05-05 00:00:00-04:00,33.138672609139604,33.138672609139604,32.16372779800098,32.24019241333008,8300,0.0,0.0,0.0
2022-05-06 00:00:00-04:00,31.896098217805967,31.896098217805967,31.370391587703576,31.61890983581543,19500,0.0,0.0,0.0
2022-05-09 00:00:00-04:00,31.19833320768818,31.341709361902076,30.902027836749816,30.959375381469727,14600,0.0,0.0,0.0
2022-05-10 00:00:00-04:00,31.609344091452666,31.609344091452666,30.796888860317345,31.035846710205078,12100,0.0,0.0,0.0
2022-05-11 00:00:00-04:00,31.035848559335875,31.37994846706904,30.768213272094727,30.768213272094727,13900,0.0,0.0,0.0
2022-05-12 00:00:00-04:00,30.63439509786497,31.01672910957233,30.53881341804181,30.86379623413086,17300,0.0,0.0,0.0
2022-05-13 00:00:00-04:00,31.332150895415484,31.733601963686247,31.332150895415484,31.628459930419922,9800,0.0,0.0,0.0
2022-05-16 00:00:00-04:00,31.57110597216065,31.609340098402544,31.351265215580213,31.50419807434082,15900,0.0,0.0,0.0
2022-05-17 00:00:00-04:00,32.02990077507943,32.11592572588583,31.80050333706675,32.10636901855469,28800,0.0,0.0,0.0
2022-05-18 00:00:00-04:00,31.73359806981211,31.73359806981211,31.026281344034647,31.093189239501953,15700,0.0,0.0,0.0
2022-05-19 00:00:00-04:00,31.102757651044758,31.628464242847308,31.102757651044758,31.465970993041992,9100,0.0,0.0,0.0
2022-05-20 00:00:00-04:00,31.771827835574857,31.857852781688212,31.1409794461457,31.59021759033203,12300,0.0,0.0,0.0
2022-05-23 00:00:00-04:00,31.98212242126465,32.10638154227837,31.77184196209676,31.98212242126465,17300,0.0,0.0,0.0
2022-05-24 00:00:00-04:00,31.886538882977035,31.972563862367387,31.523321898194684,31.848304748535156,10000,0.0,0.0,0.0
2022-05-25 00:00:00-04:00,31.685814425019487,31.93432900081781,31.532881536941826,31.857864379882812,19000,0.0,0.0,0.0
2022-05-26 00:00:00-04:00,31.81961951547234,32.221066843964344,31.81961951547234,32.11592483520508,6500,0.0,0.0,0.0
2022-05-27 00:00:00-04:00,32.345340266820116,32.72767435084674,32.345340266820116,32.660762786865234,11300,0.0,0.0,0.0
2022-05-31 00:00:00-04:00,32.61296142784203,32.61296142784203,32.27842194678571,32.51737976074219,8100,0.0,0.0,0.0
2022-06-01 00:00:00-04:00,32.63207811708258,32.63207811708258,31.962995516419625,32.029903411865234,14100,0.0,0.0,0.0
2022-06-02 00:00:00-04:00,32.36445242706599,33.1004430571575,32.27842745351744,32.985740661621094,17400,0.0,0.0,0.0
2022-06-03 00:00:00-04:00,32.71811048898045,32.75634462252957,32.5460605342171,32.61296844482422,44200,0.0,0.0,0.0
2022-06-06 00:00:00-04:00,32.96662381046719,32.96662381046719,32.57473311536112,32.67031478881836,35600,0.0,0.0,0.0
2022-06-07 00:00:00-04:00,32.3931258469793,32.842367775709484,32.3931258469793,32.81369400024414,2500,0.0,0.0,0.0
2022-06-08 00:00:00-04:00,32.55561852285706,32.55561852285706,32.24019241333008,32.24019241333008,5400,0.0,0.0,0.0
2022-06-09 00:00:00-04:00,32.173278865175185,32.26886052912571,31.819622333110146,31.8387393951416,43900,0.0,0.0,0.0
2022-06-10 00:00:00-04:00,31.246123765622865,31.246123765622865,30.825559307855645,30.873350143432617,17100,0.0,0.0,0.0
2022-06-13 00:00:00-04:00,30.089567770008063,30.213826855335512,29.697677097397104,29.72635269165039,19700,0.0,0.0,0.0
2022-06-14 00:00:00-04:00,29.76458804613678,29.76458804613678,29.19109068709503,29.33446502685547,52200,0.0,0.0,0.0
2022-06-15 00:00:00-04:00,29.774142118612545,29.821934773442837,29.382251464520987,29.764583587646484,11200,0.0,0.0,0.0
2022-06-16 00:00:00-04:00,29.06682971474955,29.06682971474955,28.7896395855002,28.933013916015625,18000,0.0,0.0,0.0
2022-06-17 00:00:00-04:00,28.95213228625204,29.238880960224485,28.875664028548872,28.961688995361328,29100,0.0,0.0,0.0
2022-06-21 00:00:00-04:00,29.292065404192506,29.292065404192506,29.0135498046875,29.0135498046875,19700,0.144,0.0,0.0
2022-06-22 00:00:00-04:00,28.811863846606187,29.292061577382956,28.725428108521648,29.14800262451172,16100,0.0,0.0,0.0
2022-06-23 00:00:00-04:00,29.234439256014753,29.484142303466797,29.12879516583646,29.484142303466797,15600,0.0,0.0,0.0
2022-06-24 00:00:00-04:00,29.954737519154325,30.51176686119532,29.954737519154325,30.425331115722656,12100,0.0,0.0,0.0
2022-06-27 00:00:00-04:00,30.56939471547007,30.56939471547007,30.329295793158238,30.386919021606445,5000,0.0,0.0,0.0
2022-06-28 00:00:00-04:00,30.463747540603425,30.569391641978026,29.868303298950195,29.868303298950195,19200,0.0,0.0,0.0
2022-06-29 00:00:00-04:00,30.723056795669258,30.723056795669258,29.772265316663887,29.973947525024414,11700,0.0,0.0,0.0
2022-06-30 00:00:00-04:00,29.772264840493435,29.99315539806286,29.359294422197102,29.820283889770508,9200,0.0,0.0,0.0
2022-07-01 00:00:00-04:00,29.695430216492824,30.185232162475586,29.695430216492824,30.185232162475586,6700,0.0,0.0,0.0
2022-07-05 00:00:00-04:00,29.772268631245918,29.964348516429386,29.49375298091084,29.954744338989258,27900,0.0,0.0,0.0
2022-07-06 00:00:00-04:00,30.041175768321065,30.300481194540986,30.021967416213133,30.175630569458008,10400,0.0,0.0,0.0
2022-07-07 00:00:00-04:00,30.367708025409385,30.617409255828715,30.367708025409385,30.530975341796875,3500,0.0,0.0,0.0
2022-07-08 00:00:00-04:00,30.52137331209904,30.675036463994314,30.367710160203767,30.473352432250977,38900,0.0,0.0,0.0
2022-07-11 00:00:00-04:00,30.2236494981278,30.348501954525208,30.09879887353966,30.204442977905273,10500,0.0,0.0,0.0
2022-07-12 00:00:00-04:00,30.185237861984685,30.30048432291231,29.839494815582864,29.945138931274414,24200,0.0,0.0,0.0
2022-07-13 00:00:00-04:00,29.599388396775925,29.906714657247708,29.53216100627385,29.81067657470703,55000,0.0,0.0,0.0
2022-07-14 00:00:00-04:00,29.301666762415916,29.49374476226592,29.07117206351049,29.45532989501953,20400,0.0,0.0,0.0
2022-07-15 00:00:00-04:00,29.67622313719277,30.060381003886654,29.67622313719277,29.925926208496094,6500,0.0,0.0,0.0
2022-07-18 00:00:00-04:00,30.23325426334554,30.23325426334554,29.695433218638783,29.714641571044922,12300,0.0,0.0,0.0
2022-07-19 00:00:00-04:00,30.127608283114256,30.56938934326172,30.050776714749084,30.56938934326172,9000,0.0,0.0,0.0
2022-07-20 00:00:00-04:00,30.60780494536658,30.77107225126188,30.540575722625796,30.665428161621094,5000,0.0,0.0,0.0
2022-07-21 00:00:00-04:00,30.83830272774363,31.318500518798828,30.83830272774363,31.318500518798828,26000,0.0,0.0,0.0
2022-07-22 00:00:00-04:00,31.500971085631345,31.65463421624933,31.232061522954375,31.337705612182617,7100,0.0,0.0,0.0
2022-07-25 00:00:00-04:00,31.424138089255198,31.443346436540228,31.28968332187761,31.356910705566406,8200,0.0,0.0,0.0
2022-07-26 00:00:00-04:00,31.193649847700502,31.260877249195786,31.030384347960126,31.212858200073242,8800,0.0,0.0,0.0
2022-07-27 00:00:00-04:00,31.404937431941683,31.856320881006226,31.33771003179125,31.597017288208008,19500,0.0,0.0,0.0
2022-07-28 00:00:00-04:00,31.87552789644572,32.41335073871667,31.760281452965653,32.336517333984375,23200,0.0,0.0,0.0
2022-07-29 00:00:00-04:00,32.53821037648272,32.97999156041683,32.509396011534534,32.93197250366211,14300,0.0,0.0,0.0
2022-08-01 00:00:00-04:00,32.87433759161624,32.960773333335155,32.68225775850553,32.85512924194336,19300,0.0,0.0,0.0
2022-08-02 00:00:00-04:00,32.65344816630908,32.79750896190185,32.51899337768555,32.51899337768555,11000,0.0,0.0,0.0
2022-08-03 00:00:00-04:00,32.53820836320861,32.68226552455935,32.403753547167,32.58622741699219,13400,0.0,0.0,0.0
2022-08-04 00:00:00-04:00,32.66305564892132,32.88394988055097,32.66305564892132,32.87434387207031,21300,0.0,0.0,0.0
2022-08-05 00:00:00-04:00,32.56701795441359,32.56701795441359,32.32691903004793,32.54780960083008,4600,0.0,0.0,0.0
2022-08-08 00:00:00-04:00,32.78790270008818,32.989584881455905,32.58622051872045,32.68225860595703,5200,0.0,0.0,0.0
2022-08-09 00:00:00-04:00,32.605426752890786,32.64384345073956,32.21166475898577,32.230873107910156,5600,0.0,0.0,0.0
2022-08-10 00:00:00-04:00,32.97998319331614,33.37374522059716,32.97998319331614,33.210479736328125,53500,0.0,0.0,0.0
2022-08-11 00:00:00-04:00,33.41216351960506,33.50820161334232,33.13364791870117,33.13364791870117,5500,0.0,0.0,0.0
2022-08-12 00:00:00-04:00,33.181658284115684,33.53700353431525,33.181658284115684,33.46977615356445,5400,0.0,0.0,0.0
2022-08-15 00:00:00-04:00,33.469786006881556,33.594638463724955,33.39295626209846,33.5466194152832,9600,0.0,0.0,0.0
2022-08-16 00:00:00-04:00,33.41216068156142,33.60424051633905,33.248891539734096,33.44097137451172,70100,0.0,0.0,0.0
2022-08-17 00:00:00-04:00,33.19127040312202,33.42176327569182,33.143247696353335,33.277706146240234,11000,0.0,0.0,0.0
2022-08-18 00:00:00-04:00,33.29691835724237,33.29691835724237,32.68226567332914,33.17206954956055,9100,0.0,0.0,0.0
2022-08-19 00:00:00-04:00,32.92235748766666,32.92235748766666,32.58622051872045,32.68225860595703,5000,0.0,0.0,0.0
2022-08-22 00:00:00-04:00,32.29810799670127,32.29810799670127,31.8851375579834,31.8851375579834,13400,0.0,0.0,0.0
2022-08-23 00:00:00-04:00,31.817909725692477,32.01959193809239,31.664246564299386,31.702659606933594,12200,0.0,0.0,0.0
2022-08-24 00:00:00-04:00,31.7410720656485,31.865924512453695,31.673844670511453,31.789091110229492,11000,0.0,0.0,0.0
2022-08-25 00:00:00-04:00,31.8659319224334,32.1156332104901,31.71226874587102,32.086822509765625,15700,0.0,0.0,0.0
2022-08-26 00:00:00-04:00,32.16364939659395,32.17325174034524,31.10721206665039,31.10721206665039,10800,0.0,0.0,0.0
2022-08-29 00:00:00-04:00,30.828699111938477,31.030384984178117,30.799888414597962,30.828699111938477,22200,0.0,0.0,0.0
2022-08-30 00:00:00-04:00,31.059193028128902,31.16483712751051,30.627014286848862,30.73265838623047,17700,0.0,0.0,0.0
2022-08-31 00:00:00-04:00,30.771074661167596,30.771074661167596,30.425331672944854,30.44454002380371,14800,0.0,0.0,0.0
2022-09-01 00:00:00-04:00,30.118009483748455,30.252464294433594,29.925929612647337,30.252464294433594,24100,0.0,0.0,0.0
2022-09-02 00:00:00-04:00,30.51177040803796,30.67503774270878,30.002760051285563,30.1084041595459,10400,0.0,0.0,0.0
2022-09-06 00:00:00-04:00,30.14681835639596,30.2524624622845,29.897115271810783,29.983551025390625,15700,0.0,0.0,0.0
2022-09-07 00:00:00-04:00,30.012361705303192,30.73265838623047,30.012361705303192,30.73265838623047,6900,0.0,0.0,0.0
2022-09-08 00:00:00-04:00,30.348501664562626,31.212857347833076,30.348501664562626,30.74226188659668,12000,0.0,0.0,0.0
2022-09-09 00:00:00-04:00,31.19364849772276,31.48176644360766,31.174440146181304,31.232065200805664,14800,0.0,0.0,0.0
2022-09-12 00:00:00-04:00,31.664243990034127,31.85632017844586,31.64503563846926,31.846717834472656,8800,0.0,0.0,0.0
2022-09-13 00:00:00-04:00,31.17443909204402,31.17443909204402,30.550182342529297,30.550182342529297,5200,0.0,0.0,0.0
2022-09-14 00:00:00-04:00,30.48295259554994,30.55978416138373,30.2236453739325,30.262062072753906,4300,0.0,0.0,0.0
2022-09-15 00:00:00-04:00,30.23325815751479,30.492565452969608,29.954744338989258,29.954744338989258,5700,0.0,0.0,0.0
2022-09-16 00:00:00-04:00,29.560976810240312,29.897113800048828,29.474541060915488,29.897113800048828,11800,0.0,0.0,0.0
2022-09-19 00:00:00-04:00,29.339421294564836,29.801764209031763,29.08898792225292,29.77286720275879,10100,0.091,0.0,0.0
2022-09-20 00:00:00-04:00,29.185301788835222,29.32015262073525,29.02155579359786,29.146774291992188,13400,0.0,0.0,0.0
2022-09-21 00:00:00-04:00,29.416476446850965,29.82102346303061,29.05045509338379,29.05045509338379,15300,0.0,0.0,0.0
2022-09-22 00:00:00-04:00,29.011928484983784,29.011928484983784,28.61701011657715,28.61701011657715,14900,0.0,0.0,0.0
2022-09-23 00:00:00-04:00,28.32804168163792,28.32804168163792,27.933125230525548,28.222087860107422,14800,0.0,0.0,0.0
2022-09-26 00:00:00-04:00,27.92349416629434,28.09687248679073,27.6730590185973,27.692323684692383,7800,0.0,0.0,0.0
2022-09-27 00:00:00-04:00,27.817541535686924,27.971657033892555,27.152927061455248,27.326305389404297,22400,0.0,0.0,0.0
2022-09-28 00:00:00-04:00,27.528576446803164,28.222087860107422,27.528576446803164,28.222087860107422,128100,0.0,0.0,0.0
2022-09-29 00:00:00-04:00,27.615271761724593,27.856074619138592,27.432261075679556,27.490055084228516,17200,0.0,0.0,0.0
2022-09-30 00:00:00-04:00,27.6826958368189,28.0872447044626,27.615271331741614,27.66343116760254,23400,0.0,0.0,0.0
2022-10-03 00:00:00-04:00,28.067980107569465,28.848182678222656,27.923498762434424,28.848182678222656,26000,0.0,0.0,0.0
2022-10-04 00:00:00-04:00,29.27198844925929,29.6187450770836,29.27198844925929,29.570585250854492,19600,0.0,0.0,0.0
2022-10-05 00:00:00-04:00,29.166040297904864,29.349049131375097,28.9733972933069,29.32978630065918,17400,0.0,0.0,0.0
2022-10-06 00:00:00-04:00,29.15640498766079,29.271989308876798,28.896337509155273,28.896337509155273,8200,0.0,0.0,0.0
2022-10-07 00:00:00-04:00,28.877072534221405,28.877072534221405,27.94275829280787,28.193193435668945,11100,0.0,0.0,0.0
2022-10-10 00:00:00-04:00,28.26061876394049,28.26061876394049,27.865702290841377,28.077608108520508,4400,0.0,0.0,0.0
2022-10-11 00:00:00-04:00,27.91386495316761,27.990921788980874,27.586372941666276,27.644166946411133,20100,0.0,0.0,0.0
2022-10-12 00:00:00-04:00,27.663431598335393,27.750120773978832,27.355204234794275,27.490055084228516,36000,0.0,0.0,0.0
2022-10-13 00:00:00-04:00,27.933130169400865,27.933130169400865,26.796540440973008,27.779016494750977,8600,0.0,0.0,0.0
2022-10-14 00:00:00-04:00,28.183563253031153,28.29914758182867,27.403362603518683,27.54784393310547,10900,0.0,0.0,0.0
2022-10-17 00:00:00-04:00,28.405100830153955,28.405100830153955,28.22209016994448,28.366573333740234,7400,0.0,0.0,0.0
2022-10-18 00:00:00-04:00,28.915602563145132,28.973394724528735,28.482156759818896,28.800016403198242,8200,0.0,0.0,0.0
2022-10-19 00:00:00-04:00,28.45326571157988,28.45326571157988,27.90423366892597,28.231725692749023,6500,0.0,0.0,0.0
2022-10-20 00:00:00-04:00,28.13540152077827,28.24135535291711,27.634533035166886,27.788646697998047,17500,0.0,0.0,0.0
2022-10-21 00:00:00-04:00,27.56710945379887,28.145034790039062,27.355201782476286,28.145034790039062,12500,0.0,0.0,0.0
2022-10-24 00:00:00-04:00,28.35694116323392,28.655536151579543,28.328044162872825,28.59774398803711,17400,0.0,0.0,0.0
2022-10-25 00:00:00-04:00,28.74222342918385,29.33941336668262,28.74222342918385,29.233461380004883,7500,0.0,0.0,0.0
2022-10-26 00:00:00-04:00,29.30088515780926,29.79212309664702,29.30088515780926,29.580215454101562,11800,0.0,0.0,0.0
2022-10-27 00:00:00-04:00,29.657276767762465,29.955871755938492,29.55132293701172,29.55132293701172,11100,0.0,0.0,0.0
2022-10-28 00:00:00-04:00,29.53206172797551,30.427848634569557,29.53206172797551,30.11962127685547,9200,0.0,0.0,0.0
2022-10-31 00:00:00-04:00,29.763230781323486,29.869184619265177,29.618749444153835,29.7054386138916,11400,0.0,0.0,0.0
2022-11-01 00:00:00-04:00,30.071457947855325,30.10035494999207,29.63801393888336,29.79212760925293,13800,0.0,0.0,0.0
2022-11-02 00:00:00-04:00,29.753595171321628,30.109984145135883,29.204565048217773,29.204565048217773,14900,0.0,0.0,0.0
2022-11-03 00:00:00-04:00,28.607377540308672,28.915604875240025,27.95239353498963,28.703697204589844,21900,0.0,0.0,0.0
2022-11-04 00:00:00-04:00,29.406840597356535,29.580217081917112,29.243094608732918,29.512792587280273,10900,0.0,0.0,0.0
2022-11-07 00:00:00-05:00,29.724699478618525,30.02329444885254,29.58984865562603,30.02329444885254,14900,0.0,0.0,0.0
2022-11-08 00:00:00-05:00,30.10998254800681,30.476001998267986,30.02329339241187,30.225566864013672,17900,0.0,0.0,0.0
2022-11-09 00:00:00-05:00,30.138882406284015,30.206306903217666,29.93660707830331,30.187042236328125,2300,0.0,0.0,0.0
2022-11-10 00:00:00-05:00,31.09246921838843,32.01715514530204,30.273740829549784,31.99789047241211,18200,0.0,0.0,0.0
2022-11-11 00:00:00-05:00,32.15198765739767,32.614328546064705,32.055664342451145,32.3638916015625,9600,0.0,0.0,0.0
2022-11-14 00:00:00-05:00,32.37353267928062,32.62396600287065,32.277209343777116,32.315738677978516,117800,0.0,0.0,0.0
2022-11-15 00:00:00-05:00,32.51801059718819,32.739552420944285,32.065303802490234,32.065303802490234,8900,0.0,0.0,0.0
2022-11-16 00:00:00-05:00,32.3446385821208,32.42169357870435,32.02677707601955,32.190521240234375,25800,0.0,0.0,0.0
2022-11-17 00:00:00-05:00,31.516276299043202,31.65112529908131,30.27373278550403,31.477746963500977,21800,0.0,0.0,0.0
2022-11-18 00:00:00-05:00,31.78597405613104,31.920823055138293,31.602965225244,31.805238723754883,30400,0.0,0.0,0.0
2022-11-21 00:00:00-05:00,31.814872854515897,31.978620710843224,31.77634718922717,31.891931533813477,18400,0.0,0.0,0.0
2022-11-22 00:00:00-05:00,32.0556674335417,32.24831040765232,31.90155378912502,32.07493209838867,19100,0.0,0.0,0.0
2022-11-23 00:00:00-05:00,32.14236369714941,32.43132638504611,32.14236369714941,32.33500671386719,2400,0.0,0.0,0.0
2022-11-25 00:00:00-05:00,32.54690782112763,32.84550094604492,32.54690782112763,32.84550094604492,7000,0.0,0.0,0.0
2022-11-28 00:00:00-05:00,32.4794857293838,32.55654072157237,31.78597242788937,31.872661590576172,15400,0.0,0.0,0.0
2022-11-29 00:00:00-05:00,31.76670590254438,31.843764564583612,31.48737376419102,31.63185691833496,16600,0.0,0.0,0.0
2022-11-30 00:00:00-05:00,31.718547820999436,32.41206112007039,31.487375496522635,32.35426712036133,9100,0.0,0.0,0.0
2022-12-01 00:00:00-05:00,32.7973411201898,33.182627075749174,32.72991662912079,32.84550094604492,11200,0.0,0.0,0.0
2022-12-02 00:00:00-05:00,32.59506938859334,33.01888102286629,32.402426400520405,32.85513687133789,37200,0.0,0.0,0.0
2022-12-05 00:00:00-05:00,32.652868877202245,32.74918855025311,31.785977122304487,32.22905349731445,9700,0.0,0.0,0.0
2022-12-06 00:00:00-05:00,32.354268802560625,32.48911780120021,31.872663136356604,32.12309646606445,10100,0.0,0.0,0.0
2022-12-07 00:00:00-05:00,32.19051301908508,32.36389131006849,32.142353199224964,32.29646682739258,43300,0.0,0.0,0.0
2022-12-08 00:00:00-05:00,32.07493847977155,32.479489173326066,32.04604331393189,32.28684616088867,15400,0.0,0.0,0.0
2022-12-09 00:00:00-05:00,32.38315947793783,32.74918076233745,32.334999652865044,32.4698486328125,4700,0.0,0.0,0.0
2022-12-12 00:00:00-05:00,32.498752109862366,32.67212677001953,32.34463844299849,32.67212677001953,13900,0.0,0.0,0.0
2022-12-13 00:00:00-05:00,33.66423219210731,33.66423219210731,32.95145428702437,33.105567932128906,10800,0.0,0.0,0.0
2022-12-14 00:00:00-05:00,33.11520357634004,33.42343088027397,32.7106529434522,33.04777908325195,7100,0.0,0.0,0.0
2022-12-15 00:00:00-05:00,31.891923735270414,32.56617231680975,31.891923735270414,32.055667877197266,53400,0.0,0.0,0.0
2022-12-16 00:00:00-05:00,31.795605072152455,31.93045774772221,31.487377733855286,31.5451717376709,18000,0.0,0.0,0.0
2022-12-19 00:00:00-05:00,31.62431864509677,32.62826620397717,31.373333596603903,31.51813507080078,11600,0.072,0.0,0.0
2022-12-20 00:00:00-05:00,31.51813876222875,31.759472125852387,31.325071334838867,31.325071334838867,14600,0.0,0.0,0.0
2022-12-21 00:00:00-05:00,31.633982340007538,32.049076080322266,31.53744677106491,32.049076080322266,6600,0.0,0.0,0.0
2022-12-22 00:00:00-05:00,31.836696960321188,31.836696960321188,31.257498359278603,31.479524612426758,14100,0.0,0.0,0.0
2022-12-23 00:00:00-05:00,31.57606468542354,31.92358540928222,31.49883990370819,31.85601234436035,7700,0.0,0.0,0.0
2022-12-27 00:00:00-05:00,31.77878242712695,32.01046412659121,31.508490179798383,31.653291702270508,14100,0.0,0.0,0.0
2022-12-28 00:00:00-05:00,31.88496352232369,32.010457905245545,31.479525230129205,31.74016571044922,18700,0.0,0.0,0.0
2022-12-29 00:00:00-05:00,31.86565854959936,32.251793438756906,31.76912666853758,32.24214172363281,41200,0.0,0.0,0.0
2022-12-30 00:00:00-05:00,31.962187524071336,31.962187524071336,31.51813507080078,31.51813507080078,13600,0.0,0.0,0.0
2023-01-03 00:00:00-05:00,31.84635298196348,32.126296891236116,31.662937264818858,31.74016571044922,12700,0.0,0.0,0.0
2023-01-04 00:00:00-05:00,32.12629680651219,32.59931182861328,32.12629680651219,32.59931182861328,8600,0.0,0.0,0.0
2023-01-05 00:00:00-05:00,32.26144454841777,32.41590144714621,31.98150062561035,31.98150062561035,12200,0.0,0.0,0.0
2023-01-06 00:00:00-05:00,32.50278118408763,32.975796277677134,32.39659757926047,32.96614456176758,5300,0.0,0.0,0.0
2023-01-09 00:00:00-05:00,33.062673182867684,33.4005384431412,32.98544473340222,33.188167572021484,4700,0.0,0.0,0.0
2023-01-10 00:00:00-05:00,33.13990588201653,33.40054272624725,33.13990588201653,33.332969665527344,3400,0.0,0.0,0.0
2023-01-11 00:00:00-05:00,33.51637757767518,34.018351398821785,33.51637757767518,33.80597686767578,7100,0.0,0.0,0.0
2023-01-12 00:00:00-05:00,34.0183562293753,34.240382505984975,33.61291421983851,33.94112777709961,7400,0.0,0.0,0.0
2023-01-13 00:00:00-05:00,33.777025311240656,34.2017707824707,33.777025311240656,34.2017707824707,5800,0.0,0.0,0.0
2023-01-17 00:00:00-05:00,34.153503326335795,34.26934232564483,33.979742986144544,34.07627487182617,5700,0.0,0.0,0.0
2023-01-18 00:00:00-05:00,34.26934122127467,34.452753271141255,33.63222122192383,33.63222122192383,11900,0.0,0.0,0.0
2023-01-19 00:00:00-05:00,33.6322260186529,33.97974673740058,33.30401241566406,33.53569412231445,17300,0.0,0.0,0.0
2023-01-20 00:00:00-05:00,33.332964159595356,33.699791916093496,30.726564846939777,33.6032600402832,14600,0.0,0.0,0.0
2023-01-23 00:00:00-05:00,33.51639079424575,33.94113634157356,33.342630415235234,33.92182922363281,11600,0.0,0.0,0.0
2023-01-24 00:00:00-05:00,33.66118205086117,34.06662408315754,33.15920813025664,33.82529067993164,14800,0.0,0.0,0.0
2023-01-25 00:00:00-05:00,33.74805998897197,34.1052360534668,33.55499254268251,34.1052360534668,7600,0.0,0.0,0.0
2023-01-26 00:00:00-05:00,34.124542768384686,34.16315699785026,33.8252916961655,34.114891052246094,12300,0.0,0.0,0.0
2023-01-27 00:00:00-05:00,33.960431217771415,34.250030517578125,33.805978012377516,34.250030517578125,8300,0.0,0.0,0.0
2023-01-30 00:00:00-05:00,34.07626987893378,34.07626987893378,33.709442138671875,33.709442138671875,5200,0.0,0.0,0.0
2023-01-31 00:00:00-05:00,33.77702679481417,34.327266693115234,33.77702679481417,34.327266693115234,2900,0.0,0.0,0.0
2023-02-01 00:00:00-05:00,34.250038784227925,34.75201274352915,34.04731959368006,34.7037467956543,10700,0.0,0.0,0.0
2023-02-02 00:00:00-05:00,35.23466831056244,35.601496025430926,35.17674698217649,35.32154846191406,85600,0.0,0.0,0.0
2023-02-03 00:00:00-05:00,35.05125313407094,35.09951906214686,34.76165020070692,34.8388786315918,4100,0.0,0.0,0.0
2023-02-06 00:00:00-05:00,34.694088423665406,34.694088423665406,34.28865007731173,34.607208251953125,105500,0.0,0.0,0.0
2023-02-07 00:00:00-05:00,34.501027556834806,34.78097152709961,34.11489260946465,34.78097152709961,9200,0.0,0.0,0.0
2023-02-08 00:00:00-05:00,34.74235800130508,34.74235800130508,34.288650029391086,34.452754974365234,5700,0.0,0.0,0.0
2023-02-09 00:00:00-05:00,34.62651128352707,34.67477722157554,33.97008421519391,33.9893913269043,12800,0.0,0.0,0.0
2023-02-10 00:00:00-05:00,34.008697183876734,34.19210921467598,33.8638993750736,34.17280578613281,13200,0.0,0.0,0.0
2023-02-13 00:00:00-05:00,34.09558261384611,34.54929058631363,33.99905072638537,34.37553024291992,95100,0.0,0.0,0.0
2023-02-14 00:00:00-05:00,34.365874850802946,34.607208251953125,34.11488973388717,34.607208251953125,7200,0.0,0.0,0.0
2023-02-15 00:00:00-05:00,34.163151353245325,34.41414012084634,34.06661947798647,34.38517761230469,6200,0.0,0.0,0.0
2023-02-16 00:00:00-05:00,34.085927914772384,34.39483434655684,33.83493913741306,34.04731369018555,7700,0.0,0.0,0.0
2023-02-17 00:00:00-05:00,34.06661672239493,34.44309616088867,33.9218152387644,34.44309616088867,29400,0.0,0.0,0.0
2023-02-21 00:00:00-05:00,34.0569700721425,34.0569700721425,33.709449368148285,33.7191047668457,16400,0.0,0.0,0.0
2023-02-22 00:00:00-05:00,33.7384104605566,33.75771757468248,33.46811454524972,33.67083740234375,25600,0.0,0.0,0.0
2023-02-23 00:00:00-05:00,33.60327054954506,33.70945417316279,33.41020305508852,33.62257766723633,3900,0.0,0.0,0.0
2023-02-24 00:00:00-05:00,33.313665909339186,33.42950861007158,33.11094670674149,33.41985321044922,5700,0.0,0.0,0.0
2023-02-27 00:00:00-05:00,33.63221204093329,33.844586543560894,33.487410574150054,33.506717681884766,10500,0.0,0.0,0.0
2023-02-28 00:00:00-05:00,33.3329633934706,33.61291098232316,33.226776123046875,33.226776123046875,6300,0.0,0.0,0.0
2023-03-01 00:00:00-05:00,33.26538427778061,33.32330560084355,33.05301345812504,33.27503967285156,6000,0.0,0.0,0.0
2023-03-02 00:00:00-05:00,33.004743032362974,33.44879913330078,33.004743032362974,33.44879913330078,10600,0.0,0.0,0.0
2023-03-03 00:00:00-05:00,33.55499758945412,33.777027579676876,33.439158577240015,33.690147399902344,5100,0.0,0.0,0.0
2023-03-06 00:00:00-05:00,33.66118092964268,33.8445966667565,33.42950293243785,33.45846176147461,14000,0.0,0.0,0.0
2023-03-07 00:00:00-05:00,33.39088262217681,33.39088262217681,32.69584139227605,32.80202865600586,38700,0.0,0.0,0.0
2023-03-08 00:00:00-05:00,32.93718020569874,33.23643493652344,32.93718020569874,33.23643493652344,10100,0.0,0.0,0.0
2023-03-09 00:00:00-05:00,33.081983472074405,33.149556530618106,32.6572380065918,32.6572380065918,5300,0.0,0.0,0.0
2023-03-10 00:00:00-05:00,32.66688224329011,32.67653395696278,32.1842155456543,32.1842155456543,6000,0.0,0.0,0.0
2023-03-13 00:00:00-04:00,32.029768051807466,32.54139366399807,32.029768051807466,32.3000602722168,8100,0.0,0.0,0.0
2023-03-14 00:00:00-04:00,32.71515943628936,32.92753403472855,32.44486717097107,32.734466552734375,6300,0.0,0.0,0.0
2023-03-15 00:00:00-04:00,32.15525621728469,32.27109519181109,31.7691213922572,32.116641998291016,8100,0.0,0.0,0.0
2023-03-16 00:00:00-04:00,31.94289363355033,32.666893939222405,31.94289363355033,32.647586822509766,5100,0.0,0.0,0.0
2023-03-17 00:00:00-04:00,32.396591032405354,32.396591032405354,32.02010790381494,32.087684631347656,10200,0.0,0.0,0.0
2023-03-20 00:00:00-04:00,32.298246822778715,32.674934031897536,32.298246822778715,32.539710998535156,3700,0.018,0.0,0.0
2023-03-21 00:00:00-04:00,32.887420431001146,32.94537316034251,32.5107369014097,32.752201080322266,4000,0.0,0.0,0.0
2023-03-22 00:00:00-04:00,32.68458490790157,32.98400175663705,32.35619354248047,32.35619354248047,5500,0.0,0.0,0.0
2023-03-23 00:00:00-04:00,32.58800072931604,32.78116908648708,32.2402917912878,32.35619354248047,3500,0.0,0.0,0.0
2023-03-24 00:00:00-04:00,32.047121810977245,32.4914149561685,32.008486663277885,32.44312286376953,5100,0.0,0.0,0.0
2023-03-27 00:00:00-04:00,32.616979663200425,32.92605349787111,32.55902693753064,32.6652717590332,7800,0.0,0.0,0.0
2023-03-28 00:00:00-04:00,32.66526824455506,32.95502447282742,32.66526824455506,32.81980514526367,7900,0.0,0.0,0.0
2023-03-29 00:00:00-04:00,33.09024461321534,33.20615005493164,32.945368337745606,33.20615005493164,1800,0.0,0.0,0.0
2023-03-30 00:00:00-04:00,33.45727168197293,33.75668855122038,33.34136992284025,33.495906829833984,4100,0.0,0.0,0.0
2023-03-31 00:00:00-04:00,33.60215597014418,33.80498499585106,33.60215597014418,33.785667419433594,7200,0.0,0.0,0.0
2023-04-03 00:00:00-04:00,33.689077554230586,33.9208810633415,33.53454065333987,33.776004791259766,23100,0.0,0.0,0.0
2023-04-04 00:00:00-04:00,33.70839441382378,33.77600407625409,33.408977562739345,33.42829513549805,3800,0.0,0.0,0.0
2023-04-05 00:00:00-04:00,33.26410286146021,33.32205558888666,33.04195626633506,33.18683624267578,13400,0.0,0.0,0.0
2023-04-06 00:00:00-04:00,33.128879760454105,33.20615005493164,32.945368337745606,33.20615005493164,10400,0.0,0.0,0.0
2023-04-10 00:00:00-04:00,32.94536662336911,33.29307556152344,32.94536662336911,33.29307556152344,4000,0.0,0.0,0.0
2023-04-11 00:00:00-04:00,33.38966023780426,33.563514709472656,33.32205057487214,33.563514709472656,11300,0.0,0.0,0.0
2023-04-12 00:00:00-04:00,33.72770855246487,33.77600432694521,33.428295383608415,33.563514709472656,3100,0.0,0.0,0.0
2023-04-13 00:00:00-04:00,33.70839510479353,33.92088104059432,33.582832721513284,33.81463623046875,6300,0.0,0.0,0.0
2023-04-14 00:00:00-04:00,33.766353251567175,33.98849987611614,33.56352420538568,33.57318115234375,3400,0.0,0.0,0.0
2023-04-17 00:00:00-04:00,33.60215388154894,33.81463984003165,33.40898181383222,33.64078903198242,13000,0.0,0.0,0.0
2023-04-18 00:00:00-04:00,33.8146400205127,33.901567267226646,33.58283648557602,33.756690979003906,4400,0.0,0.0,0.0
2023-04-19 00:00:00-04:00,33.48624635939073,33.582834229501266,33.47658941460493,33.55385971069336,3000,0.0,0.0,0.0
2023-04-20 00:00:00-04:00,33.37999938773121,33.68907314909864,33.322046675806114,33.52487564086914,4100,0.0,0.0,0.0
2023-04-21 00:00:00-04:00,33.669762132933855,33.94020080566406,33.669762132933855,33.94020080566406,4700,0.0,0.0,0.0
2023-04-24 00:00:00-04:00,33.90156798307504,34.143032152995666,33.882254091798124,34.12371826171875,16900,0.0,0.0,0.0
2023-04-25 00:00:00-04:00,33.679421914838606,33.72771401268672,33.32205596942149,33.380008697509766,10400,0.0,0.0,0.0
2023-04-26 00:00:00-04:00,33.186832237370965,33.34136914073967,33.07093048095703,33.07093048095703,4200,0.0,0.0,0.0
2023-04-27 00:00:00-04:00,33.18683320135972,33.650443924932496,33.18683320135972,33.61180877685547,7600,0.0,0.0,0.0
2023-04-28 00:00:00-04:00,33.611803835146574,34.03678303261111,33.611803835146574,33.94985580444336,10100,0.0,0.0,0.0
2023-05-01 00:00:00-04:00,33.87258555651956,34.14302418469138,33.85326798530014,34.00780487060547,6400,0.0,0.0,0.0
2023-05-02 00:00:00-04:00,33.69873449858923,33.776004791259766,33.428295843143054,33.776004791259766,7200,0.0,0.0,0.0
2023-05-03 00:00:00-04:00,33.93053827017779,34.278247183227265,33.85326798530014,34.00780487060547,16400,0.0,0.0,0.0
2023-05-04 00:00:00-04:00,33.920883440868515,34.104398556598504,33.90156586634691,34.01747131347656,3800,0.0,0.0,0.0
2023-05-05 00:00:00-04:00,34.17200514347023,34.423126220703125,34.17200514347023,34.423126220703125,1700,0.0,0.0,0.0
2023-05-08 00:00:00-04:00,34.35552380258199,34.38449832563582,34.17201234915603,34.22996139526367,12100,0.0,0.0,0.0
2023-05-09 00:00:00-04:00,34.06575784356427,34.27824744414525,34.06575784356427,34.14302444458008,7400,0.0,0.0,0.0
2023-05-10 00:00:00-04:00,34.28790449912237,34.28790449912237,33.96917009721424,34.18165969848633,5700,0.0,0.0,0.0
2023-05-11 00:00:00-04:00,34.133375104761306,34.133375104761306,33.8339582085574,34.0850830078125,9200,0.0,0.0,0.0
2023-05-12 00:00:00-04:00,34.143033799489004,34.239621682785554,33.920887194583464,33.9981575012207,5800,0.0,0.0,0.0
2023-05-15 00:00:00-04:00,34.21064016227217,34.28791046142578,34.19132627193442,34.28791046142578,4300,0.0,0.0,0.0
2023-05-16 00:00:00-04:00,34.11405109061419,34.11405109061419,33.76634216308594,33.76634216308594,7300,0.0,0.0,0.0
2023-05-17 00:00:00-04:00,33.824296913054354,33.920881094530976,33.679416956389055,33.833953857421875,2300,0.0,0.0,0.0
2023-05-18 00:00:00-04:00,33.68908143490925,33.87259287446511,33.60215418786683,33.853275299072266,6600,0.0,0.0,0.0
2023-05-19 00:00:00-04:00,33.9884891340881,34.11405151156716,33.86293044105921,33.95951461791992,25500,0.0,0.0,0.0
2023-05-22 00:00:00-04:00,33.91123406749609,34.1913334339238,33.84362438379994,34.05611038208008,81600,0.0,0.0,0.0
2023-05-23 00:00:00-04:00,33.74702418987855,33.81463384893306,33.428293466400135,33.53453826904297,3800,0.0,0.0,0.0
2023-05-24 00:00:00-04:00,33.10955952208214,33.10955952208214,32.84877782588457,32.86809539794922,7600,0.0,0.0,0.0
2023-05-25 00:00:00-04:00,32.94536412859568,33.01297378540039,32.790827243834904,33.01297378540039,5300,0.0,0.0,0.0
2023-05-26 00:00:00-04:00,33.04194684739509,33.32204609010157,33.00331170679079,33.2351188659668,7200,0.0,0.0,0.0
2023-05-30 00:00:00-04:00,33.38000831631312,33.38000831631312,33.04195626633506,33.18683624267578,9200,0.0,0.0,0.0
2023-05-31 00:00:00-04:00,33.080585336505436,33.080585336505436,32.62663159957897,32.98400115966797,13700,0.0,0.0,0.0
2023-06-01 00:00:00-04:00,33.03229974824602,33.39932632446289,32.91639797634365,33.39932632446289,7700,0.0,0.0,0.0
2023-06-02 00:00:00-04:00,33.544199637550726,33.90156555175781,33.544199637550726,33.90156555175781,4800,0.0,0.0,0.0
2023-06-05 00:00:00-04:00,33.8822498474977,34.05610063836815,33.73736988991355,33.911224365234375,9700,0.0,0.0,0.0
2023-06-06 00:00:00-04:00,33.99815586171379,34.22030245590666,33.91122861316433,34.12371826171875,3900,0.0,0.0,0.0
2023-06-07 00:00:00-04:00,34.06575967551169,34.200978997898524,34.06575967551169,34.09473419189453,5000,0.0,0.0,0.0
2023-06-08 00:00:00-04:00,34.085081218382115,34.21063992696715,34.07542058882903,34.15269088745117,5300,0.0,0.0,0.0
2023-06-09 00:00:00-04:00,34.07541469489696,34.210634009646554,34.00780503752217,34.065757751464844,5800,0.0,0.0,0.0
2023-06-12 00:00:00-04:00,34.10439326313292,34.249269522882315,34.04644054856314,34.2396125793457,7600,0.0,0.0,0.0
2023-06-13 00:00:00-04:00,34.23962066043609,34.59698660683531,34.23962066043609,34.51005935668945,17400,0.0,0.0,0.0
2023-06-14 00:00:00-04:00,34.596982835638954,34.732202169026245,34.35551868760437,34.52937316894531,12400,0.0,0.0,0.0
2023-06-15 00:00:00-04:00,34.42313088204752,34.97366888523728,34.38449573125683,34.886741638183594,4100,0.0,0.0,0.0
2023-06-16 00:00:00-04:00,34.857766885952834,35.07025652944054,34.751522064208984,34.751522064208984,14100,0.0,0.0,0.0
2023-06-20 00:00:00-04:00,34.045559657543755,34.26890429045013,34.03584692758372,34.162086486816406,13200,0.193,0.0,0.0
2023-06-21 00:00:00-04:00,33.996997374291915,34.30774170432734,33.996997374291915,34.200923919677734,5800,0.0,0.0,0.0
2023-06-22 00:00:00-04:00,34.016422271728516,34.09410928750073,33.987291492974336,34.016422271728516,8700,0.0,0.0,0.0
2023-06-23 00:00:00-04:00,33.74451889850786,33.909598220081584,33.288117025865034,33.73480987548828,37500,0.0,0.0,0.0
2023-06-26 00:00:00-04:00,33.73481494178309,33.95815954797656,33.73481494178309,33.84162902832031,6300,0.0,0.0,0.0
2023-06-27 00:00:00-04:00,33.91932009831107,34.17179551245533,33.83192405027631,34.162086486816406,5600,0.0,0.0,0.0
2023-06-28 00:00:00-04:00,34.152372005930225,34.23976804948437,34.04555791209377,34.19121551513672,6800,0.0,0.0,0.0
2023-06-29 00:00:00-04:00,34.0358458005872,34.20092886555157,33.9484497554463,34.1815071105957,5600,0.0,0.0,0.0
2023-06-30 00:00:00-04:00,34.492253264776394,34.764150468742365,34.29803938866288,34.73501968383789,5000,0.0,0.0,0.0
2023-07-03 00:00:00-04:00,34.57964149951894,34.60877227783203,34.43398019931201,34.60877227783203,6000,0.0,0.0,0.0
2023-07-05 00:00:00-04:00,33.67655370980574,34.23006077925221,33.67655370980574,34.162086486816406,7500,0.0,0.0,0.0
2023-07-06 00:00:00-04:00,33.79307368189914,33.919313215515714,33.65712512461376,33.69596862792969,5200,0.0,0.0,0.0
2023-07-07 00:00:00-04:00,33.75423947013173,34.181510715581375,33.75423947013173,33.86105728149414,209300,0.0,0.0,0.0
2023-07-10 00:00:00-04:00,33.81250168010986,34.268903667587196,33.81250168010986,34.17179489135742,6600,0.0,0.0,0.0
2023-07-11 00:00:00-04:00,34.2203480895106,34.4825325012207,34.2203480895106,34.4825325012207,5600,0.0,0.0,0.0
2023-07-12 00:00:00-04:00,34.88068049082432,35.10402887651421,34.88068049082432,34.93894577026367,5500,0.0,0.0,0.0
2023-07-13 00:00:00-04:00,35.133156235036466,35.20113053558705,35.123443503916924,35.19142150878906,2600,0.0,0.0,0.0
2023-07-14 00:00:00-04:00,35.06517503649823,35.23025438984067,34.6670383383138,35.11372756958008,31800,0.0,0.0,0.0
2023-07-17 00:00:00-04:00,35.01662568805228,35.16228330054484,34.93893866459931,35.12343978881836,4500,0.0,0.0,0.0
2023-07-18 00:00:00-04:00,35.094312719201405,35.26910483613763,35.094312719201405,35.19142150878906,3300,0.0,0.0,0.0
2023-07-19 00:00:00-04:00,35.25939518183586,35.44389632228655,35.22055166669209,35.39534378051758,5700,0.0,0.0,0.0
2023-07-20 00:00:00-04:00,35.278814673537624,35.36620702051589,35.20112764823972,35.23997116088867,3200,0.0,0.0,0.0
2023-07-21 00:00:00-04:00,35.43417552658867,35.81289041265074,35.346779498703555,35.725494384765625,9500,0.0,0.0,0.0
2023-07-24 00:00:00-04:00,35.61868554380988,35.715790619462716,35.540998519830666,35.63810729980469,4900,0.0,0.0,0.0
2023-07-25 00:00:00-04:00,35.45361035310486,35.842038150725266,35.45361035310486,35.69637680053711,5500,0.0,0.0,0.0
2023-07-26 00:00:00-04:00,35.54100189897466,35.9682731628418,35.54100189897466,35.9682731628418,12000,0.0,0.0,0.0
2023-07-27 00:00:00-04:00,35.948838966178634,36.211027049833966,35.686650882523296,35.725494384765625,11700,0.0,0.0,0.0
2023-07-28 00:00:00-04:00,35.82260606522581,36.04595068797,35.82260606522581,35.871158599853516,17100,0.0,0.0,0.0
2023-07-31 00:00:00-04:00,35.84202977400588,36.045952653152426,35.764346455230545,35.77405548095703,12900,0.0,0.0,0.0
2023-08-01 00:00:00-04:00,35.48273254071676,35.880869228263386,35.46331078713879,35.64781188964844,23300,0.0,0.0,0.0
2023-08-02 00:00:00-04:00,35.32737194249181,36.40525548473971,35.31765921086841,35.48274230957031,17300,0.0,0.0,0.0
2023-08-03 00:00:00-04:00,35.07489034549978,35.162286402433544,34.95836350436193,35.00691604614258,12000,0.0,0.0,0.0
2023-08-04 00:00:00-04:00,35.123434721341674,35.36620107812503,35.01662063598633,35.01662063598633,15100,0.0,0.0,0.0
2023-08-07 00:00:00-04:00,35.08459906978397,35.34678721064335,35.08459906978397,35.269100189208984,10400,0.0,0.0,0.0
2023-08-08 00:00:00-04:00,35.10402011841015,35.34678649902344,35.026333098539816,35.34678649902344,3900,0.0,0.0,0.0
2023-08-09 00:00:00-04:00,35.23997634569888,35.23997634569888,34.95836639404297,34.95836639404297,4500,0.0,0.0,0.0
2023-08-10 00:00:00-04:00,35.17200204072287,35.375924955650895,34.95836639404297,34.95836639404297,6500,0.0,0.0,0.0
2023-08-11 00:00:00-04:00,34.8903860221384,34.9972038269043,34.83212075472396,34.9972038269043,4600,0.0,0.0,0.0
2023-08-14 00:00:00-04:00,34.66704055475115,35.01662474220441,34.66704055475115,34.880672454833984,7600,0.0,0.0,0.0
2023-08-15 00:00:00-04:00,34.65732727562273,34.754436050776775,34.47282615931155,34.501956939697266,6800,0.0,0.0,0.0
2023-08-16 00:00:00-04:00,34.45340542772146,34.657328305120984,34.356300354003906,34.356300354003906,3100,0.0,0.0,0.0
2023-08-17 00:00:00-04:00,34.346585706739425,34.346585706739425,33.851343931511586,33.870765686035156,8300,0.0,0.0,0.0
2023-08-18 00:00:00-04:00,33.66683695315662,33.880472534872396,33.66683695315662,33.84162902832031,3900,0.0,0.0,0.0
2023-08-21 00:00:00-04:00,33.77365762129006,33.92902795641417,33.579447480625674,33.7930793762207,8400,0.0,0.0,0.0
2023-08-22 00:00:00-04:00,33.861052956612916,33.91931822018363,33.861052956612916,33.870765686035156,3400,0.0,0.0,0.0
2023-08-23 00:00:00-04:00,33.81250209528012,34.2786131139431,33.81250209528012,34.23006057739258,3900,0.0,0.0,0.0
2023-08-24 00:00:00-04:00,34.094114661223166,34.327168336630805,33.85134825515273,33.86105728149414,6000,0.0,0.0,0.0
2023-08-25 00:00:00-04:00,33.96786237566908,34.28831568978218,33.8707573313245,34.14265441894531,5400,0.0,0.0,0.0
2023-08-28 00:00:00-04:00,34.32716453922524,34.60877442815128,34.2203504440004,34.443695068359375,7000,0.0,0.0,0.0
2023-08-29 00:00:00-04:00,34.356295849189955,35.01662063598633,34.356295849189955,35.01662063598633,6000,0.0,0.0,0.0
2023-08-30 00:00:00-04:00,34.91951680368504,35.10402163167019,34.91951680368504,34.9972038269043,4400,0.0,0.0,0.0
2023-08-31 00:00:00-04:00,35.09429993512644,35.23024848670456,34.89037710775926,35.084590911865234,6500,0.0,0.0,0.0
2023-09-01 00:00:00-04:00,35.18169779248363,35.18169779248363,34.870957171472355,34.987483978271484,16000,0.0,0.0,0.0
2023-09-05 00:00:00-04:00,34.832117480685014,34.832117480685014,34.404850006103516,34.404850006103516,12700,0.0,0.0,0.0
2023-09-06 00:00:00-04:00,34.37572396033032,34.45340728262245,34.13295755864528,34.259193420410156,14100,0.0,0.0,0.0
2023-09-07 00:00:00-04:00,34.055260646008456,34.230052700826384,33.996995392962404,34.10381317138672,15900,0.0,0.0,0.0
2023-09-08 00:00:00-04:00,34.0649752581492,34.16208031427756,33.802787161418074,33.812496185302734,5300,0.0,0.0,0.0
2023-09-11 00:00:00-04:00,34.02612762486782,34.22034141787697,34.02612762486782,34.14265441894531,5000,0.0,0.0,0.0
2023-09-12 00:00:00-04:00,33.93873440232765,34.11352646001987,33.88046914832348,33.8998908996582,7200,0.0,0.0,0.0
2023-09-13 00:00:00-04:00,33.7348124517455,33.93873528961094,33.7348124517455,33.75423049926758,2000,0.0,0.0,0.0
2023-09-14 00:00:00-04:00,34.00671614634584,34.24948253485117,34.00671614634584,34.162086486816406,15000,0.0,0.0,0.0
2023-09-15 00:00:00-04:00,34.16208306221013,34.25918812614944,34.0261344909668,34.0261344909668,2300,0.0,0.0,0.0
2023-09-18 00:00:00-04:00,33.91725428210344,34.12139852032837,33.91725428210344,33.995025634765625,4800,0.038,0.0,0.0
2023-09-19 00:00:00-04:00,33.91725528332313,33.93669812206262,33.73255387781146,33.800601959228516,6500,0.0,0.0,0.0
2023-09-20 00:00:00-04:00,33.94641536955514,34.189445274692304,33.73255157470703,33.73255157470703,3400,0.0,0.0,0.0
2023-09-21 00:00:00-04:00,33.4409214596761,33.52841238701766,33.12984343098221,33.207611083984375,5400,0.0,0.0,0.0
2023-09-22 00:00:00-04:00,33.16872479314941,33.16872479314941,32.96458053588867,32.96458053588867,5700,0.0,0.0,0.0
2023-09-25 00:00:00-04:00,32.80904352730007,33.06179304576549,32.80904352730007,33.022911071777344,4300,0.0,0.0,0.0
2023-09-26 00:00:00-04:00,32.79932389967804,32.79932389967804,32.45907974243164,32.45907974243164,7100,0.0,0.0,0.0
2023-09-27 00:00:00-04:00,32.59517096706723,32.653499481588,32.41046956693145,32.53684616088867,4100,0.0,0.0,0.0
2023-09-28 00:00:00-04:00,32.517410855460916,32.80904607893842,32.517410855460916,32.760440826416016,7400,0.0,0.0,0.0
2023-09-29 00:00:00-04:00,33.13955418333041,33.13955418333041,32.71182293471947,32.83819580078125,18000,0.0,0.0,0.0
2023-10-02 00:00:00-04:00,32.42991588363581,32.62434057788407,32.0896717416157,32.30353927612305,12100,0.0,0.0,0.0
2023-10-03 00:00:00-04:00,31.982737019616938,32.00217614869919,31.74942667886718,31.827198028564453,3000,0.0,0.0,0.0
2023-10-04 00:00:00-04:00,31.85635727978993,32.128549560125194,31.79802877328593,32.07022476196289,7400,0.0,0.0,0.0
2023-10-05 00:00:00-04:00,32.19660607123245,32.22577218630181,32.01190464805894,32.206329345703125,3800,0.0,0.0,0.0
2023-10-06 00:00:00-04:00,31.943856109753344,32.53684976045321,31.807759935824055,32.42019271850586,13600,0.0,0.0,0.0
2023-10-09 00:00:00-04:00,32.10911507514665,32.507684035724374,32.10911507514665,32.42991638183594,2600,0.0,0.0,0.0
2023-10-10 00:00:00-04:00,32.56601505621552,32.9256983632765,32.55629548936217,32.73127365112305,6900,0.0,0.0,0.0
2023-10-11 00:00:00-04:00,32.76043711957848,32.9159761350568,32.75071384516834,32.87709045410156,8000,0.0,0.0,0.0
2023-10-12 00:00:00-04:00,32.9256981638297,32.9256981638297,32.361870581177286,32.49796676635742,6300,0.0,0.0,0.0
2023-10-13 00:00:00-04:00,32.40074764368046,32.40074764368046,32.00217505264588,32.0216178894043,7900,0.0,0.0,0.0
2023-10-16 00:00:00-04:00,32.06050866834652,32.2938190382587,32.05078910259051,32.284095764160156,3400,0.0,0.0,0.0
2023-10-17 00:00:00-04:00,31.963284701463504,32.4785067611891,31.963284701463504,32.33268737792969,9400,0.0,0.0,0.0
2023-10-18 00:00:00-04:00,31.99245974383547,31.99245974383547,31.360580444335938,31.360580444335938,15500,0.0,0.0,0.0
2023-10-19 00:00:00-04:00,31.360577853793433,31.768870029617226,31.166156893092893,31.28281021118164,13700,0.0,0.0,0.0
2023-10-20 00:00:00-04:00,31.1369922795843,31.2536493116248,30.991174697875977,30.991174697875977,26200,0.0,0.0,0.0
2023-10-23 00:00:00-04:00,30.855076972188513,31.234204890426494,30.68981656017992,31.00089454650879,6800,0.0,0.0,0.0
2023-10-24 00:00:00-04:00,30.90368366735109,31.17587597478851,30.864797992476582,30.932846069335938,14500,0.0,0.0,0.0
2023-10-25 00:00:00-04:00,30.79675224680515,30.79675224680515,30.475952821491394,30.49539566040039,8400,0.0,0.0,0.0
2023-10-26 00:00:00-04:00,30.592603862629524,30.864798024520567,30.592603862629524,30.709259033203125,2900,0.0,0.0,0.0
2023-10-27 00:00:00-04:00,30.884242205573777,30.884242205573777,30.42734477630215,30.52455711364746,15500,0.0,0.0,0.0
2023-10-30 00:00:00-04:00,30.728704510494058,30.874522095609642,30.544001247123017,30.787031173706055,7800,0.0,0.0,0.0
2023-10-31 00:00:00-04:00,30.777313821814577,31.078670451438295,30.777313821814577,31.020343780517578,7900,0.0,0.0,0.0
2023-11-01 00:00:00-04:00,31.059222070901974,31.234203896184734,30.94256690265647,31.1953182220459,8400,0.0,0.0,0.0
2023-11-02 00:00:00-04:00,31.79802661830576,32.11882781982422,31.79802661830576,32.11882781982422,7100,0.0,0.0,0.0
2023-11-03 00:00:00-04:00,32.838202474083474,32.90625055681966,32.7215491477275,32.80904006958008,6200,0.0,0.0,0.0
2023-11-06 00:00:00-05:00,32.71183431926502,32.77988241185509,32.45908108249369,32.49796676635742,5500,0.0,0.0,0.0
2023-11-07 00:00:00-05:00,32.32297931828208,32.643780592272336,32.32297931828208,32.55628967285156,37300,0.0,0.0,0.0
2023-11-08 00:00:00-05:00,32.556291080459445,32.61461589036684,32.449357317839294,32.48823928833008,5900,0.0,0.0,0.0
2023-11-09 00:00:00-05:00,32.76043956992322,32.86737334637702,32.468804357631086,32.49796676635742,5500,0.0,0.0,0.0
2023-11-10 00:00:00-05:00,32.556287306773356,32.9354133605957,32.536844469610415,32.9354133605957,24300,0.0,0.0,0.0
2023-11-13 00:00:00-05:00,32.6243375461419,32.96457794820126,32.6243375461419,32.886810302734375,6200,0.0,0.0,0.0
2023-11-14 00:00:00-05:00,33.3728650931827,34.16027953556423,33.3728650931827,34.08251190185547,15400,0.0,0.0,0.0
2023-11-15 00:00:00-05:00,34.19917347214077,34.4616462524852,34.19917347214077,34.3255500793457,6300,0.0,0.0,0.0
2023-11-16 00:00:00-05:00,34.276940064442385,34.558855676278746,34.21861525395381,34.296382904052734,11200,0.0,0.0,0.0
2023-11-17 00:00:00-05:00,34.54913863509144,34.54913863509144,34.39359961518615,34.4810905456543,7900,0.0,0.0,0.0
2023-11-20 00:00:00-05:00,34.033911121675494,34.62690476783925,34.033911121675494,34.549137115478516,14300,0.0,0.0,0.0
2023-11-21 00:00:00-05:00,34.549137506435095,34.77272460847336,34.549137506435095,34.67551040649414,7400,0.0,0.0,0.0
2023-11-22 00:00:00-05:00,34.743556429253644,34.87965258106894,34.743556429253644,34.84076690673828,2600,0.0,0.0,0.0
2023-11-24 00:00:00-05:00,34.947698457739754,35.142123108816016,34.947698457739754,35.11295700073242,2900,0.0,0.0,0.0
2023-11-27 00:00:00-05:00,35.0351942323585,35.29766699152262,35.00602812022318,35.142127990722656,11100,0.0,0.0,0.0
2023-11-28 00:00:00-05:00,35.151850027347315,35.385160399122114,35.06435910147458,35.10324478149414,5300,0.0,0.0,0.0
2023-11-29 00:00:00-05:00,35.29766874003235,35.47265058814302,35.26850262645225,35.30738830566406,13800,0.0,0.0,0.0
2023-11-30 00:00:00-05:00,35.30737822440824,35.56985092163086,35.30737822440824,35.56985092163086,5400,0.0,0.0,0.0
2023-12-01 00:00:00-05:00,35.47264986163161,36.05592020449297,35.47264986163161,35.958709716796875,12400,0.0,0.0,0.0
2023-12-04 00:00:00-05:00,35.76428879671611,35.939270659657204,35.66707459044728,35.73512268066406,15500,0.0,0.0,0.0
2023-12-05 00:00:00-05:00,35.72539957521032,35.73511914070298,35.57958013442351,35.62818908691406,8400,0.0,0.0,0.0
2023-12-06 00:00:00-05:00,35.89066067480693,36.09480864795535,35.89066067480693,35.92954635620117,15400,0.0,0.0,0.0
2023-12-07 00:00:00-05:00,35.98786679925916,36.15312534557122,35.79344214427767,36.02675247192383,35500,0.0,0.0,0.0
2023-12-08 00:00:00-05:00,35.91010372759757,36.15313367523294,35.91010372759757,36.04620361328125,3900,0.0,0.0,0.0
2023-12-11 00:00:00-05:00,36.114249905525526,36.328113727133406,36.114249905525526,36.2211799621582,6000,0.0,0.0,0.0
2023-12-12 00:00:00-05:00,36.221175987968515,36.425323929768645,36.16285118317601,36.32810974121094,12300,0.0,0.0,0.0
2023-12-13 00:00:00-05:00,36.40588191561059,37.03775746799012,36.26978575689323,36.91138458251953,11400,0.0,0.0,0.0
2023-12-14 00:00:00-05:00,37.41688684708892,37.65991675885443,37.41688684708892,37.572425842285156,12600,0.0,0.0,0.0
2023-12-15 00:00:00-05:00,37.53354212639699,37.62103304753502,37.40716552734375,37.40716552734375,7900,0.0,0.0,0.0
2023-12-18 00:00:00-05:00,37.3623523716597,37.44029387677502,37.22595845416341,37.35261154174805,25000,0.084,0.0,0.0
2023-12-19 00:00:00-05:00,37.5766810502731,37.96638107299805,37.5766810502731,37.96638107299805,9700,0.0,0.0,0.0
2023-12-20 00:00:00-05:00,37.917666277642404,38.18071323894628,37.63513765975741,37.664363861083984,14200,0.0,0.0,0.0
2023-12-21 00:00:00-05:00,37.76178891016774,38.073551177978516,37.76178891016774,38.073551177978516,42000,0.0,0.0,0.0
2023-12-22 00:00:00-05:00,38.18072347499198,38.29763574455163,38.18072347499198,38.24892044067383,5300,0.0,0.0,0.0
2023-12-26 00:00:00-05:00,38.287882849476475,38.58015602674094,38.19045969587335,38.511959075927734,13400,0.0,0.0,0.0
2023-12-27 00:00:00-05:00,38.346343254931256,38.69707259340833,38.346343254931256,38.60939025878906,9600,0.0,0.0,0.0
2023-12-28 00:00:00-05:00,38.56067456847708,38.71655384492076,38.55093002319336,38.55093002319336,5700,0.0,0.0,0.0
2023-12-29 00:00:00-05:00,38.64835297755414,38.677582896799144,38.511959075927734,38.511959075927734,3700,0.0,0.0,0.0
2024-01-02 00:00:00-05:00,38.112523742958416,38.27814758791836,37.88844748391723,38.04432678222656,8100,0.0,0.0,0.0
2024-01-03 00:00:00-05:00,37.674109035390494,37.674109035390494,37.24544192851257,37.34286880493164,5900,0.0,0.0,0.0
2024-01-04 00:00:00-05:00,37.17724580032983,37.342869635699216,36.86548722176376,37.099308013916016,15400,0.0,0.0,0.0
2024-01-05 00:00:00-05:00,36.972652733353364,37.39157899524756,36.972652733353364,37.05059051513672,4900,0.0,0.0,0.0
2024-01-08 00:00:00-05:00,37.099305885164036,37.4890022277832,37.099305885164036,37.4890022277832,3100,0.0,0.0,0.0
2024-01-09 00:00:00-05:00,37.381835839043944,37.60591208012481,37.294153508494446,37.34286880493164,7000,0.0,0.0,0.0
2024-01-10 00:00:00-05:00,37.42080786108007,37.703340237612146,37.401322485134195,37.6351432800293,14100,0.0,0.0,0.0
2024-01-11 00:00:00-05:00,37.547456742146295,37.56694211591031,37.274665225905096,37.55719757080078,7600,0.0,0.0,0.0
2024-01-12 00:00:00-05:00,37.66436948572039,37.713081067357365,37.61565790408342,37.6351432800293,3800,0.0,0.0,0.0
2024-01-16 00:00:00-05:00,37.128530403239125,37.235698100442036,37.04084807975084,37.1187858581543,19800,0.0,0.0,0.0
2024-01-17 00:00:00-05:00,36.660890983560854,36.816770250020184,36.602434864968025,36.748573303222656,6800,0.0,0.0,0.0
2024-01-18 00:00:00-05:00,36.70960695830572,36.94342402779768,36.68038075373305,36.884971618652344,5600,0.0,0.0,0.0
2024-01-19 00:00:00-05:00,36.846000148281824,37.14801788330078,36.846000148281824,37.14801788330078,7100,0.0,0.0,0.0
2024-01-22 00:00:00-05:00,37.22595485020864,37.5961695307538,37.10904632030944,37.391578674316406,9100,0.0,0.0,0.0
2024-01-23 00:00:00-05:00,37.391568931975726,37.43053595415253,37.23568969390594,37.36233901977539,6700,0.0,0.0,0.0
2024-01-24 00:00:00-05:00,37.56694945272419,37.56694945272419,37.040855407714844,37.040855407714844,6800,0.0,0.0,0.0
2024-01-25 00:00:00-05:00,37.31364059448242,37.352611346836724,37.17724667769785,37.31364059448242,5200,0.0,0.0,0.0
2024-01-26 00:00:00-05:00,37.58643493507346,37.742314239608284,37.49875259399414,37.49875259399414,12800,0.0,0.0,0.0
2024-01-29 00:00:00-05:00,37.49874805269061,37.79102124874054,37.469518131566886,37.78127670288086,12800,0.0,0.0,0.0
2024-01-30 00:00:00-05:00,37.7228229829028,37.907928466796875,37.7228229829028,37.907928466796875,3300,0.0,0.0,0.0
2024-01-31 00:00:00-05:00,37.90792859061704,37.99561091831752,37.508487701416016,37.508487701416016,6800,0.0,0.0,0.0
2024-02-01 00:00:00-05:00,37.60591707559133,38.12227029806502,37.508493902686155,38.054073333740234,8400,0.0,0.0,0.0
2024-02-02 00:00:00-05:00,37.67410909519549,37.9469006331466,37.596171310391846,37.80076217651367,7500,0.0,0.0,0.0
2024-02-05 00:00:00-05:00,37.39157686811912,37.5377115943203,37.264923798914104,37.42080307006836,54900,0.0,0.0,0.0
2024-02-06 00:00:00-05:00,37.420804661933765,37.88844249528964,37.420804661933765,37.77153396606445,3900,0.0,0.0,0.0
2024-02-07 00:00:00-05:00,37.84947872431007,38.29763498245897,37.84947872431007,38.054073333740234,6100,0.0,0.0,0.0
2024-02-08 00:00:00-05:00,38.034578826649756,38.2294288421472,38.01509345345452,38.141746520996094,15500,0.0,0.0,0.0
2024-02-09 00:00:00-05:00,38.0735533811631,38.26839969969418,37.99561188058643,38.161231994628906,10300,0.0,0.0,0.0
2024-02-12 00:00:00-05:00,38.1709774227942,38.40479449701856,38.14175121763,38.356082916259766,8900,0.0,0.0,0.0
2024-02-13 00:00:00-05:00,37.93715075167506,38.16122696159693,37.76178611496146,37.8884391784668,6100,0.0,0.0,0.0
2024-02-14 00:00:00-05:00,38.11251601194053,38.492471492218115,38.03457823682314,38.44375991821289,8500,0.0,0.0,0.0
2024-02-15 00:00:00-05:00,38.921148689899816,39.00883102416992,38.79449560340845,39.00883102416992,8500,0.0,0.0,0.0
2024-02-16 00:00:00-05:00,39.11599873455066,39.203681068820764,39.00883102416992,39.00883102416992,3600,0.0,0.0,0.0
2024-02-20 00:00:00-05:00,39.08676489016201,39.08676489016201,38.89191486506257,38.989341735839844,18500,0.0,0.0,0.0
2024-02-21 00:00:00-05:00,38.94062665206405,39.06727599798703,38.94062665206405,39.047794342041016,24000,0.0,0.0,0.0
2024-02-22 00:00:00-05:00,39.50569032097295,39.671314139618964,39.3692964211792,39.65182876586914,12100,0.0,0.0,0.0
2024-02-23 00:00:00-05:00,39.74925642705129,39.90513571827677,39.720030221338845,39.80771255493164,8200,0.0,0.0,0.0
2024-02-26 00:00:00-05:00,39.79796742138771,39.836938172732815,39.66157350813524,39.67131805419922,19800,0.0,0.0,0.0
2024-02-27 00:00:00-05:00,39.88564741468596,40.03178586543246,39.84668038208139,40.002559661865234,12400,0.0,0.0,0.0
2024-02-28 00:00:00-05:00,39.875908584716036,40.197407989438545,39.875908584716036,40.03178787231445,3800,0.0,0.0,0.0
2024-02-29 00:00:00-05:00,40.226637910926314,40.28509032099112,39.99281712130101,40.03178787231445,5400,0.0,0.0,0.0
2024-03-01 00:00:00-05:00,40.177924981901114,40.57736587524414,40.148695061394385,40.57736587524414,16200,0.0,0.0,0.0
2024-03-04 00:00:00-05:00,40.54813986218097,40.74298991302994,40.470202071714745,40.616336822509766,3700,0.0,0.0,0.0
2024-03-05 00:00:00-05:00,40.46045606794929,40.596849983694696,40.236379818302474,40.285091400146484,8500,0.0,0.0,0.0
2024-03-06 00:00:00-05:00,40.577368464292945,40.976809383122394,40.577368464292945,40.74298858642578,9300,0.0,0.0,0.0
2024-03-07 00:00:00-05:00,41.01577826451056,41.20088748752454,41.01577826451056,41.15217590332031,11100,0.0,0.0,0.0
2024-03-08 00:00:00-05:00,41.210619868752964,41.230105241730875,40.94757290823341,40.976802825927734,7000,0.0,0.0,0.0
2024-03-11 00:00:00-04:00,40.840412140783755,41.05474756343287,40.64556581087239,40.82093048095703,5600,0.0,0.0,0.0
2024-03-12 00:00:00-04:00,40.93783278361957,41.191135203776525,40.93783278361957,41.13268280029297,5200,0.0,0.0,0.0
2024-03-13 00:00:00-04:00,40.94757301112946,41.16190839797026,40.94757301112946,41.015769958496094,4400,0.0,0.0,0.0
2024-03-14 00:00:00-04:00,40.97680666878678,40.97680666878678,40.548135855981066,40.55788040161133,36400,0.0,0.0,0.0
2024-03-15 00:00:00-04:00,40.49942837515973,40.79170159390235,40.431231414668304,40.63582229614258,10100,0.0,0.0,0.0
2024-03-18 00:00:00-04:00,40.624122580172546,40.750799948861236,40.52668073790002,40.6143798828125,4500,0.008,0.0,0.0
2024-03-19 00:00:00-04:00,40.380519299120905,40.76055145263672,40.37077660054441,40.76055145263672,7500,0.0,0.0,0.0
2024-03-20 00:00:00-04:00,40.76055031276448,41.18929966434123,40.76055031276448,41.091854095458984,8600,0.0,0.0,0.0
2024-03-21 00:00:00-04:00,41.354946667047024,41.53034495313255,41.33545755557442,41.413414001464844,9900,0.0,0.0,0.0
2024-03-22 00:00:00-04:00,41.423154661878854,41.50111110393623,41.12108274182589,41.17954635620117,7600,0.0,0.0,0.0
2024-03-25 00:00:00-04:00,41.11134435891763,41.11134435891763,40.76055145263672,40.76055145263672,11700,0.0,0.0,0.0
2024-03-26 00:00:00-04:00,40.90671171473815,41.033389091441016,40.87747990364066,40.91645812988281,6500,0.0,0.0,0.0
2024-03-27 00:00:00-04:00,40.96517806877048,41.25750732421875,40.81901158246227,41.25750732421875,6800,0.0,0.0,0.0
2024-03-28 00:00:00-04:00,41.61804532279039,42.13449749911609,41.61804532279039,42.00782012939453,5000,0.0,0.0,0.0
2024-04-01 00:00:00-04:00,41.998079667123804,41.998079667123804,41.5011202495797,41.80319595336914,8000,0.0,0.0,0.0
2024-04-02 00:00:00-04:00,41.27699551658354,41.27699551658354,41.072365414048875,41.15031814575195,6000,0.0,0.0,0.0
2024-04-03 00:00:00-04:00,40.93594180363625,41.31597391775666,40.93594180363625,41.16980743408203,3900,0.0,0.0,0.0
2024-04-04 00:00:00-04:00,41.50111572444686,41.61804668338364,40.809268951416016,40.809268951416016,9100,0.0,0.0,0.0
2024-04-05 00:00:00-04:00,40.594896396545096,40.95543572351841,40.594896396545096,40.82876205444336,4200,0.0,0.0,0.0
2024-04-08 00:00:00-04:00,40.77028967015321,40.81901059201772,40.64361229957104,40.69233322143555,19100,0.0,0.0,0.0
2024-04-09 00:00:00-04:00,41.39392978820229,41.540096282958984,41.17955325380404,41.540096282958984,3400,0.0,0.0,0.0
2024-04-10 00:00:00-04:00,40.546172355899465,40.63387150623252,40.40000586628829,40.458473205566406,6600,0.0,0.0,0.0
2024-04-11 00:00:00-04:00,40.62411916109613,40.79951743615892,40.253837217890435,40.6630973815918,5900,0.0,0.0,0.0
2024-04-12 00:00:00-04:00,40.205117647312704,40.36102683176361,39.756879206662376,39.91278839111328,5500,0.0,0.0,0.0
2024-04-15 00:00:00-04:00,40.24409744732333,40.4000066378744,39.56199334472429,39.639949798583984,8900,0.0,0.0,0.0
2024-04-16 00:00:00-04:00,39.211205808908474,39.45481418473697,39.211205808908474,39.36711502075195,5600,0.0,0.0,0.0
2024-04-17 00:00:00-04:00,39.58148389175231,39.58148389175231,39.22094457251401,39.357364654541016,9900,0.0,0.0,0.0
2024-04-18 00:00:00-04:00,39.23068727101517,39.591230307421924,39.201455458343226,39.357364654541016,6800,0.0,0.0,0.0
2024-04-19 00:00:00-04:00,39.113753355270745,39.25991984195123,38.9870759812922,39.00656509399414,9100,0.0,0.0,0.0
2024-04-22 00:00:00-04:00,39.13323646724633,39.474286594312964,39.02604822240607,39.19170379638672,12500,0.0,0.0,0.0
2024-04-23 00:00:00-04:00,39.51327298014522,39.932279632663914,39.51327298014522,39.708160400390625,6000,0.0,0.0,0.0
2024-04-24 00:00:00-04:00,40.12716236308162,40.23435061754747,39.76662309392477,40.05895233154297,12800,0.0,0.0,0.0
2024-04-25 00:00:00-04:00,39.53276230590773,39.83483799476661,39.142987463326484,39.73739242553711,6400,0.0,0.0,0.0
2024-04-26 00:00:00-04:00,40.029723770523084,40.253842994785316,39.990745544433594,39.990745544433594,8000,0.0,0.0,0.0
2024-04-29 00:00:00-04:00,40.20512365346321,40.29282281514103,40.058960862112656,40.1661491394043,7200,0.0,0.0,0.0
2024-04-30 00:00:00-04:00,39.86406832287677,39.97125658645459,39.56199264526367,39.56199264526367,1700,0.0,0.0,0.0
2024-05-01 00:00:00-04:00,39.57174105410412,40.000490412848315,39.513273711797375,39.795860290527344,7800,0.0,0.0,0.0
2024-05-02 00:00:00-04:00,40.30257013336156,40.30257013336156,39.93228436275078,40.273338317871094,6000,0.0,0.0,0.0
2024-05-03 00:00:00-04:00,40.72157005589719,40.88722193898936,40.6631027174815,40.848243713378906,5600,0.0,0.0,0.0
2024-05-06 00:00:00-04:00,40.94568726222951,41.10159643982997,40.838499005660196,41.05287551879883,10000,0.0,0.0,0.0
2024-05-07 00:00:00-04:00,41.169808000480266,41.276996261027236,41.11134066277242,41.23801803588867,4300,0.0,0.0,0.0
2024-05-08 00:00:00-04:00,41.296486154134726,41.37443888871708,41.296486154134726,41.3354606628418,5800,0.0,0.0,0.0
2024-05-09 00:00:00-04:00,41.257505002960706,41.62779068818493,41.15031674798781,41.43290328979492,10900,0.0,0.0,0.0
2024-05-10 00:00:00-04:00,41.666766376129566,41.67651279076792,41.51085719642832,41.57906723022461,17000,0.0,0.0,0.0
2024-05-13 00:00:00-04:00,41.89088728849382,41.93960820783408,41.69599989396492,41.78369903564453,6600,0.0,0.0,0.0
2024-05-14 00:00:00-04:00,41.705746651071124,41.87140225355622,41.60830480290453,41.82267761230469,7900,0.0,0.0,0.0
2024-05-15 00:00:00-04:00,42.15398262728694,42.42682647705078,41.92986341591637,42.42682647705078,18400,0.0,0.0,0.0
2024-05-16 00:00:00-04:00,42.2124553634935,42.40734279049538,42.12475620720108,42.163734436035156,4800,0.0,0.0,0.0
2024-05-17 00:00:00-04:00,42.03705610517846,42.19296529983868,41.900636024496805,42.04680252075195,11600,0.0,0.0,0.0
2024-05-20 00:00:00-04:00,42.12475296069594,42.33912948559311,42.12475296069594,42.23194122314453,5500,0.0,0.0,0.0
2024-05-21 00:00:00-04:00,42.14424947837474,42.20271682739258,42.04680761384719,42.20271682739258,5700,0.0,0.0,0.0
2024-05-22 00:00:00-04:00,41.8519168818078,42.07603612636052,41.64728675206427,41.80319595336914,6200,0.0,0.0,0.0
2024-05-23 00:00:00-04:00,41.803195153442864,41.803195153442864,41.218532871860994,41.24776840209961,4700,0.0,0.0,0.0
2024-05-24 00:00:00-04:00,41.29648667907341,41.462138565396714,41.29648667907341,41.39392852783203,7800,0.0,0.0,0.0
2024-05-28 00:00:00-04:00,41.335460125215604,41.335460125215604,40.79952253648985,40.809268951416016,7800,0.0,0.0,0.0
2024-05-29 00:00:00-04:00,40.79952818086848,40.79952818086848,39.981003920736605,40.11742401123047,32900,0.0,0.0,0.0
2024-05-30 00:00:00-04:00,40.14665169139608,40.14665169139608,40.08818435668945,40.08818435668945,3000,0.0,0.0,0.0
2024-05-31 00:00:00-04:00,40.37077569857501,40.65336227416992,40.22460920301394,40.65336227416992,4400,0.0,0.0,0.0
2024-06-03 00:00:00-04:00,40.585153886142756,40.653363928936116,40.214868141572666,40.40000915527344,10700,0.0,0.0,0.0
2024-06-04 00:00:00-04:00,40.41949462890625,40.55591470220406,40.33179547933363,40.41949462890625,9700,0.0,0.0,0.0
2024-06-05 00:00:00-04:00,40.4779607329163,40.809268208176704,40.43898250825788,40.7215690612793,5500,0.0,0.0,0.0
2024-06-06 00:00:00-04:00,40.78003480780124,40.78003480780124,40.507194655299706,40.51694107055664,5900,0.0,0.0,0.0
2024-06-07 00:00:00-04:00,40.2343583183167,40.37077840750451,40.068702697753906,40.068702697753906,5700,0.0,0.0,0.0
2024-06-10 00:00:00-04:00,40.06869446408993,40.44872283935547,39.98099532232343,40.44872283935547,3900,0.0,0.0,0.0
2024-06-11 00:00:00-04:00,40.07844508437878,40.14665512211472,39.951767706939904,40.039466857910156,2200,0.0,0.0,0.0
2024-06-12 00:00:00-04:00,40.74106094156925,40.84824549090992,40.604637145996094,40.604637145996094,3100,0.0,0.0,0.0
2024-06-13 00:00:00-04:00,40.526686367825455,40.54617548242097,40.253846197825304,40.38051986694336,3600,0.0,0.0,0.0
2024-06-14 00:00:00-04:00,39.93228114644083,40.0687012306336,39.688672791191316,39.89330291748047,8600,0.0,0.0,0.0
2024-06-17 00:00:00-04:00,39.795858865956085,40.07844543457031,39.698417016101395,40.07844543457031,8000,0.0,0.0,0.0
2024-06-18 00:00:00-04:00,40.1174176533592,40.46821424027359,40.1174176533592,40.26358413696289,2800,0.0,0.0,0.0
2024-06-20 00:00:00-04:00,40.07844704463643,40.07844704463643,39.77637135048236,39.81534957885742,6200,0.0,0.0,0.0
2024-06-21 00:00:00-04:00,39.81534940462959,39.81534940462959,39.756882062322845,39.795860290527344,5400,0.0,0.0,0.0
2024-06-24 00:00:00-04:00,40.01139647599123,40.36409302590695,40.01139647599123,40.35429382324219,4400,0.22,0.0,0.0
2024-06-25 00:00:00-04:00,39.87424012126858,39.87424012126858,39.5705283530913,39.86444091796875,6000,0.0,0.0,0.0
2024-06-26 00:00:00-04:00,39.462755000079916,39.511743536340475,39.42356940329231,39.43336486816406,3500,0.0,0.0,0.0
2024-06-27 00:00:00-04:00,39.45296143809047,39.63910517803658,39.34519263280033,39.35498809814453,24400,0.0,0.0,0.0
2024-06-28 00:00:00-04:00,39.560728276331076,39.77626213889374,39.4431602742417,39.590118408203125,6600,0.0,0.0,0.0
2024-07-01 00:00:00-04:00,39.47255665655487,39.58032546334793,39.01209129563937,39.25701904296875,25400,0.0,0.0,0.0
2024-07-02 00:00:00-04:00,39.01209231463473,39.15905046179123,39.01209231463473,39.06107711791992,3500,0.0,0.0,0.0
2024-07-03 00:00:00-04:00,39.18844226937405,39.707687933506904,39.18844226937405,39.609718322753906,4100,0.0,0.0,0.0
2024-07-05 00:00:00-04:00,39.52154370247868,39.609717846015556,39.354990881441886,39.550933837890625,5600,0.0,0.0,0.0
2024-07-08 00:00:00-04:00,39.6684965907654,39.76646618734025,39.531333923339844,39.531333923339844,2600,0.0,0.0,0.0
2024-07-09 00:00:00-04:00,39.71747468675268,39.80564880371094,39.55092191592046,39.80564880371094,3800,0.0,0.0,0.0
2024-07-10 00:00:00-04:00,39.786060953814435,40.070178016814225,39.67829215493172,39.95261001586914,3300,0.0,0.0,0.0
2024-07-11 00:00:00-04:00,40.079970498174056,40.834348296899485,40.079970498174056,40.540435791015625,4700,0.0,0.0,0.0
2024-07-12 00:00:00-04:00,40.84415169719933,41.21644293688416,40.84415169719933,40.9127311706543,4100,0.0,0.0,0.0
2024-07-15 00:00:00-04:00,40.86374123742174,40.98130923770332,40.55023404460526,40.57962417602539,7400,0.0,0.0,0.0
2024-07-16 00:00:00-04:00,40.59922191488743,41.37319449078869,40.59922191488743,41.30461502075195,4500,0.0,0.0,0.0
2024-07-17 00:00:00-04:00,41.04989105888908,41.2654249305096,40.87354278564453,40.87354278564453,7300,0.0,0.0,0.0
2024-07-18 00:00:00-04:00,41.13806683520262,41.13806683520262,40.61881746004142,40.84415054321289,1800,0.0,0.0,0.0
2024-07-19 00:00:00-04:00,40.56003316571305,40.62861263042359,40.305306236244896,40.31510543823242,5900,0.0,0.0,0.0
2024-07-22 00:00:00-04:00,40.65800232506163,40.84414605051928,40.56003273004192,40.8343505859375,4400,0.0,0.0,0.0
2024-07-23 00:00:00-04:00,40.81475613435212,41.13806252676017,40.81475613435212,40.94211959838867,5400,0.0,0.0,0.0
2024-07-24 00:00:00-04:00,40.82455312141221,40.93232192290047,40.0701789855957,40.0701789855957,8500,0.0,0.0,0.0
2024-07-25 00:00:00-04:00,40.158355508337614,40.63841180513743,40.05058670043945,40.05058670043945,4800,0.0,0.0,0.0
2024-07-26 00:00:00-04:00,40.75597429795942,40.92252710397092,40.75597429795942,40.81475830078125,3100,0.0,0.0,0.0
2024-07-29 00:00:00-04:00,40.90293100033383,41.01069979973993,40.78536673611835,40.795162200927734,5800,0.0,0.0,0.0
2024-07-30 00:00:00-04:00,40.9225269568898,40.93232242200788,40.46206161302553,40.550235748291016,14900,0.0,0.0,0.0
2024-07-31 00:00:00-04:00,41.177252495476246,41.49075971924383,41.04009355224054,41.26542663574219,6800,0.0,0.0,0.0
2024-08-01 00:00:00-04:00,41.04009239655089,41.167455870526446,40.46206276826282,40.61881637573242,14100,0.0,0.0,0.0
2024-08-02 00:00:00-04:00,40.24652554316725,40.2563210077495,39.44315916730466,40.09956741333008,20900,0.0,0.0,0.0
2024-08-05 00:00:00-04:00,38.18913256400205,38.9631051151322,38.04217816318412,38.50263977050781,11000,0.0,0.0,0.0
2024-08-06 00:00:00-04:00,38.551624042413486,39.11985818223022,38.453654443210915,38.75736618041992,8000,0.0,0.0,0.0
2024-08-07 00:00:00-04:00,39.50194262009613,39.64890074789979,38.71817465884431,38.727970123291016,11600,0.0,0.0,0.0
2024-08-08 00:00:00-04:00,39.05128008756408,39.403976636767894,39.05128008756408,39.35498809814453,1800,0.0,0.0,0.0
2024-08-09 00:00:00-04:00,39.2374214529777,39.39417505010416,39.080667855851246,39.37458038330078,21200,0.0,0.0,0.0
2024-08-12 00:00:00-04:00,39.511743108439646,39.511743108439646,39.15904658006658,39.21782684326172,17100,0.0,0.0,0.0
2024-08-13 00:00:00-04:00,39.59991565496528,39.98200607299805,39.550930853874135,39.98200607299805,18300,0.0,0.0,0.0
2024-08-14 00:00:00-04:00,40.00160189793143,40.08977230006535,39.88403388715114,40.05058670043945,7100,0.0,0.0,0.0
2024-08-15 00:00:00-04:00,40.19753859555663,40.54043966628267,40.19753859555663,40.38368606567383,6000,0.0,0.0,0.0
2024-08-16 00:00:00-04:00,40.41307640876127,40.56003454516794,40.30530760703647,40.491455078125,7200,0.0,0.0,0.0
2024-08-19 00:00:00-04:00,40.36408535754074,40.52083893468983,40.36408535754074,40.51103973388672,6100,0.0,0.0,0.0
2024-08-20 00:00:00-04:00,40.56982967772993,40.69719314575195,40.5404395456097,40.69719314575195,1600,0.0,0.0,0.0
2024-08-21 00:00:00-04:00,40.69719498081669,40.804963786517725,40.55023683898786,40.775569915771484,3500,0.0,0.0,0.0
2024-08-22 00:00:00-04:00,40.88333259804721,40.88333259804721,40.44246197589425,40.481651306152344,3400,0.0,0.0,0.0
2024-08-23 00:00:00-04:00,40.951917990967765,41.24583053588867,40.951917990967765,41.24583053588867,3400,0.0,0.0,0.0
2024-08-26 00:00:00-04:00,41.206640716986726,41.42217456796062,41.00089859304291,41.18704605102539,19400,0.0,0.0,0.0
2024-08-27 00:00:00-04:00,41.0106992775002,41.05968407552449,40.873540348111995,41.049888610839844,4700,0.0,0.0,0.0
2024-08-28 00:00:00-04:00,41.010698846813376,41.06947910890501,40.8343505859375,40.8343505859375,2600,0.0,0.0,0.0
2024-08-29 00:00:00-04:00,41.04008797532882,41.32420502616623,41.020493309343436,41.03029251098633,4900,0.0,0.0,0.0
2024-08-30 00:00:00-04:00,41.196845538798705,41.314409808748096,41.0107017999371,41.29481887817383,4900,0.0,0.0,0.0
2024-09-03 00:00:00-04:00,40.893136415362484,40.893136415362484,40.285712939695536,40.491455078125,8100,0.0,0.0,0.0
2024-09-04 00:00:00-04:00,40.079966587171576,40.266110284030724,39.903618353389255,39.96240234375,3500,0.0,0.0,0.0
2024-09-05 00:00:00-04:00,40.079977109942874,40.079977109942874,39.7860645555739,40.00160217285156,4600,0.0,0.0,0.0
2024-09-06 00:00:00-04:00,40.0113950174845,40.0113950174845,39.31580114567381,39.33539581298828,2100,0.0,0.0,0.0
2024-09-09 00:00:00-04:00,39.63910457674836,39.89383151944305,39.63910457674836,39.7664680480957,10200,0.0,0.0,0.0
2024-09-10 00:00:00-04:00,39.942815034667824,40.01139450073242,39.73707663647402,40.01139450073242,6500,0.0,0.0,0.0
2024-09-11 00:00:00-04:00,39.893832132027995,40.10936600534765,39.315802506792,39.93301773071289,14200,0.0,0.0,0.0
2024-09-12 00:00:00-04:00,39.93301517936492,40.42287063598633,39.93301517936492,40.42287063598633,7900,0.0,0.0,0.0
2024-09-13 00:00:00-04:00,40.71678705735195,40.844146785709945,40.5992190564515,40.68739318847656,5100,0.0,0.0,0.0
2024-09-16 00:00:00-04:00,40.74618323296832,41.13806915283203,40.74618323296832,41.13806915283203,5700,0.0,0.0,0.0
2024-09-17 00:00:00-04:00,41.18704754022805,41.1968430049127,40.991104610830384,41.049888610839844,2500,0.0,0.0,0.0
2024-09-18 00:00:00-04:00,41.157660085254214,41.41238705435596,40.932326989387974,41.13806915283203,3000,0.0,0.0,0.0
2024-09-19 00:00:00-04:00,41.627914840907025,41.74547909414711,41.510346850366716,41.68669509887695,10400,0.0,0.0,0.0
2024-09-20 00:00:00-04:00,41.63771882918782,41.63771882918782,41.29482146316196,41.38299560546875,8800,0.0,0.0,0.0
2024-09-23 00:00:00-04:00,41.44965494841299,41.56730094137179,41.43985298555633,41.53788757324219,5200,0.028,0.0,0.0
2024-09-24 00:00:00-04:00,41.49867642180443,41.66533597059248,41.43985342470168,41.479068756103516,5400,0.0,0.0,0.0
2024-09-25 00:00:00-04:00,41.62611613549455,41.66533146265352,41.410439315679064,41.57709884643555,6600,0.0,0.0,0.0
2024-09-26 00:00:00-04:00,42.028063577467634,42.26335179889559,42.028063577467634,42.20452880859375,4900,0.0,0.0,0.0
2024-09-27 00:00:00-04:00,42.410408184425336,42.498640809390864,42.10649871826172,42.10649871826172,2000,0.0,0.0,0.0
2024-09-30 00:00:00-04:00,42.09669028943352,42.26335356569966,41.33201008243945,42.233943939208984,150000,0.0,0.0,0.0
2024-10-01 00:00:00-04:00,42.34178322498324,42.34178322498324,41.81239121496991,42.10649871826172,10500,0.0,0.0,0.0
2024-10-02 00:00:00-04:00,41.900623807785486,41.98885643268331,41.82219314575195,41.82219314575195,7300,0.0,0.0,0.0
2024-10-03 00:00:00-04:00,41.449655997449824,41.4692636634392,41.34181570439819,41.38103103637695,2400,0.0,0.0,0.0
2024-10-04 00:00:00-04:00,41.45945976622108,41.45945976622108,41.33201181312562,41.39083480834961,4000,0.0,0.0,0.0
2024-10-07 00:00:00-04:00,41.165345966981484,41.165345966981484,40.89084243774414,40.89084243774414,2200,0.0,0.0,0.0
2024-10-08 00:00:00-04:00,41.13592899126074,41.194751972312496,40.9790714482349,41.15553665161133,8600,0.0,0.0,0.0
2024-10-09 00:00:00-04:00,40.97907940400591,41.27318688680571,40.97907940400591,41.09672164916992,4900,0.0,0.0,0.0
2024-10-10 00:00:00-04:00,40.93006134033203,40.9496690041189,40.783005731820246,40.93006134033203,3700,0.0,0.0,0.0
2024-10-11 00:00:00-04:00,40.90065815801076,41.19476568158841,40.90065815801076,41.10653305053711,2200,0.0,0.0,0.0
2024-10-14 00:00:00-04:00,41.16534745572233,41.54768753051758,41.16534745572233,41.54768753051758,2800,0.0,0.0,0.0
2024-10-15 00:00:00-04:00,41.54769299855257,41.782977503340064,41.253585497678316,41.29279708862305,4700,0.0,0.0,0.0
2024-10-16 00:00:00-04:00,41.351615849895246,41.68493864735846,41.351615849895246,41.6555290222168,3600,0.0,0.0,0.0
2024-10-17 00:00:00-04:00,41.557494595279515,41.557494595279515,41.31240439007991,41.351619720458984,2900,0.0,0.0,0.0
2024-10-18 00:00:00-04:00,41.54768753051758,41.567295193299294,41.40063192954435,41.54768753051758,3900,0.0,0.0,0.0
2024-10-21 00:00:00-04:00,41.233975735905304,41.25358340027067,40.91045488354617,41.03790283203125,5100,0.0,0.0,0.0
2024-10-22 00:00:00-04:00,40.66536604355174,40.66536604355174,40.50850846318218,40.53791809082031,5200,0.0,0.0,0.0
2024-10-23 00:00:00-04:00,40.21440148777126,40.273224483588315,39.979113244282814,40.17518615722656,8200,0.0,0.0,0.0
2024-10-24 00:00:00-04:00,40.24381530774377,40.24381530774377,40.09676341255327,40.11636734008789,4600,0.0,0.0,0.0
2024-10-25 00:00:00-04:00,40.2340070490273,40.2340070490273,39.920291900634766,39.920291900634766,800,0.0,0.0,0.0
2024-10-28 00:00:00-04:00,40.1751819846575,40.28302226256533,40.15557432142159,40.234004974365234,5700,0.0,0.0,0.0
2024-10-29 00:00:00-04:00,39.87126910663979,39.96930742353849,39.76343256772031,39.89087677001953,15700,0.0,0.0,0.0
2024-10-30 00:00:00-04:00,39.92029110624807,40.194790920684284,39.92029110624807,40.037933349609375,13900,0.0,0.0,0.0
2024-10-31 00:00:00-04:00,39.92029197087324,39.92029197087324,39.61637878417969,39.61637878417969,2900,0.0,0.0,0.0
2024-11-01 00:00:00-04:00,39.7928491774368,39.87127610494205,39.60658195230429,39.70461654663086,12000,0.0,0.0,0.0
2024-11-04 00:00:00-05:00,39.83206501486221,40.11636683791705,39.77324201365426,39.910491943359375,18900,0.0,0.0,0.0
2024-11-05 00:00:00-05:00,40.116364506593605,40.547725677490234,40.067347211658955,40.547725677490234,5800,0.0,0.0,0.0
2024-11-06 00:00:00-05:00,40.792810462291875,40.96927569239244,40.439880002090746,40.78300476074219,11600,0.0,0.0,0.0
2024-11-07 00:00:00-05:00,40.90065251022508,40.91045447241947,40.704579608321446,40.81241989135742,6800,0.0,0.0,0.0
2024-11-08 00:00:00-05:00,40.6751741265646,40.68497608975776,40.42027820618333,40.469295501708984,5800,0.0,0.0,0.0
2024-11-11 00:00:00-05:00,40.77320098876953,40.86143359990256,40.66536071518702,40.77320098876953,7700,0.0,0.0,0.0
2024-11-12 00:00:00-05:00,40.57713862630702,40.64576359278604,40.23401379391189,40.341854095458984,3900,0.0,0.0,0.0
2024-11-13 00:00:00-05:00,40.21440044528711,40.46929260766055,40.184990818030855,40.3320426940918,6300,0.0,0.0,0.0
2024-11-14 00:00:00-05:00,40.51831493478872,40.51831493478872,40.13597106933594,40.13597106933594,15800,0.0,0.0,0.0
2024-11-15 00:00:00-05:00,40.06734998682747,40.08695765411539,39.812457791644874,39.8516731262207,12700,0.0,0.0,0.0
2024-11-18 00:00:00-05:00,39.70461157323628,39.9497017681328,39.70461157323628,39.88107681274414,6800,0.0,0.0,0.0
2024-11-19 00:00:00-05:00,39.694807378319574,40.018324472701465,39.655592051794684,39.930091857910156,17600,0.0,0.0,0.0
2024-11-20 00:00:00-05:00,39.81245197762736,39.86146926879883,39.63598673758641,39.86146926879883,9100,0.0,0.0,0.0
2024-11-21 00:00:00-05:00,39.871277108323575,40.18499604557963,39.871277108323575,40.11636734008789,8400,0.0,0.0,0.0
2024-11-22 00:00:00-05:00,40.165386025581995,40.479101204682074,40.165386025581995,40.469295501708984,8000,0.0,0.0,0.0
2024-11-25 00:00:00-05:00,40.67517058249484,40.900653114090254,40.61634758912142,40.71438217163086,10400,0.0,0.0,0.0
2024-11-26 00:00:00-05:00,40.65556528520917,40.65556528520917,40.47910003459379,40.64575958251953,5600,0.0,0.0,0.0
2024-11-27 00:00:00-05:00,40.7437994781575,40.969282031557206,40.63595918310113,40.69477844238281,4300,0.0,0.0,0.0
2024-11-29 00:00:00-05:00,40.53792024311324,40.792816162109375,40.53792024311324,40.792816162109375,2100,0.0,0.0,0.0
2024-12-02 00:00:00-05:00,40.763402480805446,40.832027435302734,40.528114251257946,40.832027435302734,5600,0.0,0.0,0.0
2024-12-03 00:00:00-05:00,41.00849385294881,41.22417068481445,41.00849385294881,41.22417068481445,3600,0.0,0.0,0.0
2024-12-04 00:00:00-05:00,41.1849533078921,41.292793588353305,41.09672069113107,41.25358200073242,12700,0.0,0.0,0.0
2024-12-05 00:00:00-05:00,41.38102546730229,41.38102546730229,41.06731033325195,41.06731033325195,7400,0.0,0.0,0.0
2024-12-06 00:00:00-05:00,41.28299156741829,41.28299156741829,40.91045343720618,40.969276428222656,5000,0.0,0.0,0.0
2024-12-09 00:00:00-05:00,41.047703343131836,41.135935959766826,40.91045343720618,40.969276428222656,4800,0.0,0.0,0.0
2024-12-10 00:00:00-05:00,40.81241575966368,40.81241575966368,40.498700644289,40.567325592041016,4100,0.0,0.0,0.0
2024-12-11 00:00:00-05:00,40.72418975830078,40.812422382554175,40.606543766109745,40.72418975830078,3800,0.0,0.0,0.0
2024-12-12 00:00:00-05:00,40.50850660226026,40.51831230420898,40.24380874633789,40.24380874633789,5600,0.0,0.0,0.0
2024-12-13 00:00:00-05:00,40.07714971661727,40.1359689699335,39.83205952172075,39.88107681274414,13200,0.0,0.0,0.0
2024-12-16 00:00:00-05:00,39.75363171362223,39.90068733701226,39.73402404785156,39.73402404785156,4000,0.0,0.0,0.0
2024-12-17 00:00:00-05:00,39.68500429760631,39.72421962672099,39.51834475853836,39.5379524230957,6300,0.0,0.0,0.0
2024-12-18 00:00:00-05:00,39.62618111365885,39.62618111365885,38.40073013305664,38.40073013305664,8800,0.0,0.0,0.0
2024-12-19 00:00:00-05:00,38.59680542087136,38.59680542087136,38.31250361805139,38.33210754394531,4000,0.0,0.0,0.0
2024-12-20 00:00:00-05:00,38.126227728366075,38.704640701633544,38.077210440417176,38.508567810058594,11900,0.0,0.0,0.0
2024-12-23 00:00:00-05:00,38.43003858893643,38.47911834716797,38.253348463666505,38.47911834716797,10100,0.05,0.0,0.0
2024-12-24 00:00:00-05:00,38.488933904146656,38.63617692760698,38.351509079341355,38.58709716796875,10300,0.0,0.0,0.0
2024-12-26 00:00:00-05:00,38.44967531754127,38.832506496527174,38.44967531754127,38.81287384033203,6700,0.0,0.0,0.0
2024-12-27 00:00:00-05:00,38.6459926168297,38.803050099418925,38.55764754883916,38.74415588378906,38400,0.0,0.0,0.0
2024-12-30 00:00:00-05:00,38.38095925699553,38.51838783734184,38.16500754840035,38.341697692871094,8900,0.0,0.0,0.0
2024-12-31 00:00:00-05:00,38.528202292236465,38.57728205580147,38.27298527497091,38.341697692871094,4000,0.0,0.0,0.0
2025-01-02 00:00:00-05:00,38.54784044774269,38.54784044774269,38.05703525295791,38.12574768066406,13500,0.0,0.0,0.0
2025-01-03 00:00:00-05:00,38.12574323522625,38.2631680746149,37.99813285098848,38.165008544921875,14800,0.0,0.0,0.0
2025-01-06 00:00:00-05:00,38.66563084733497,38.75397592806837,38.46930802964448,38.57728576660156,13100,0.0,0.0,0.0
2025-01-07 00:00:00-05:00,38.74415353507287,38.783415094930774,38.390773284533005,38.47911834716797,9400,0.0,0.0,0.0
2025-01-08 00:00:00-05:00,38.11593062432561,38.28280258178711,38.017767345336885,38.28280258178711,6800,0.0,0.0,0.0
2025-01-10 00:00:00-05:00,38.12574672481709,38.12574672481709,37.85089702088321,38.06684875488281,11900,0.0,0.0,0.0
2025-01-13 00:00:00-05:00,37.644752552819924,38.21408830976839,37.644752552819924,38.165008544921875,34400,0.0,0.0,0.0
2025-01-14 00:00:00-05:00,38.2337224393523,38.43985970638632,38.21408978374722,38.42022705078125,10000,0.0,0.0,0.0
2025-01-15 00:00:00-05:00,39.1564339804975,39.1564339804975,38.77360656543451,38.9306640625,7200,0.0,0.0,0.0
2025-01-16 00:00:00-05:00,38.9012182919001,39.21533329685058,38.9012182919001,39.136802673339844,19600,0.0,0.0,0.0
2025-01-17 00:00:00-05:00,39.48036193847656,39.647233868738574,39.44109663328117,39.48036193847656,14800,0.0,0.0,0.0
2025-01-21 00:00:00-05:00,39.67668870771454,40.04970169067383,39.67668870771454,40.04970169067383,7900,0.0,0.0,0.0
2025-01-22 00:00:00-05:00,40.10859743347065,40.10859743347065,40.01043415680087,40.069332122802734,7400,0.0,0.0,0.0
2025-01-23 00:00:00-05:00,39.99080988129203,40.12823474001232,39.87301393563473,40.07915496826172,7000,0.0,0.0,0.0
2025-01-24 00:00:00-05:00,40.059515314092735,40.1478603856326,39.922086734828355,40.03988265991211,15300,0.0,0.0,0.0
2025-01-27 00:00:00-05:00,39.6963212388654,40.0006217956543,39.6963212388654,40.0006217956543,22200,0.0,0.0,0.0
2025-01-28 00:00:00-05:00,40.088967003521404,40.09878145946013,39.80429910219599,40.04970169067383,18000,0.0,0.0,0.0
2025-01-29 00:00:00-05:00,39.931903864692686,40.000616280211595,39.62760334986195,39.69631576538086,17000,0.0,0.0,0.0
2025-01-30 00:00:00-05:00,40.44234525070517,40.638668060302734,40.373632829027954,40.638668060302734,10600,0.0,0.0,0.0
2025-01-31 00:00:00-05:00,40.53068767810091,40.74663938444884,40.27546691894531,40.27546691894531,13900,0.0,0.0,0.0
2025-02-03 00:00:00-05:00,39.91227462467722,40.14786274413856,39.57852697309222,40.069332122802734,18600,0.0,0.0,0.0
2025-02-04 00:00:00-05:00,40.05951670645201,40.177308891083996,40.000618741863,40.010433197021484,12000,0.0,0.0,0.0
2025-02-05 00:00:00-05:00,39.98099358994381,40.098785796681,39.804303407564646,39.961360931396484,24200,0.0,0.0,0.0
2025-02-06 00:00:00-05:00,39.9908028967335,40.08896242309072,39.873006971649744,40.03988265991211,97900,0.0,0.0,0.0
2025-02-07 00:00:00-05:00,39.97116967174229,39.97116967174229,39.558891428928526,39.60797119140625,11500,0.0,0.0,0.0
2025-02-10 00:00:00-05:00,39.85337468274358,39.91227264582528,39.80429491911513,39.90245819091797,18700,0.0,0.0,0.0
2025-02-11 00:00:00-05:00,40.049701002694164,40.34418335489964,40.049701002694164,40.324554443359375,10200,0.0,0.0,0.0
2025-02-12 00:00:00-05:00,39.94172173540509,40.08896477813669,39.74540267115778,40.069332122802734,4900,0.0,0.0,0.0
2025-02-13 00:00:00-05:00,40.196942593103294,40.41289431312994,40.128230171565804,40.354000091552734,11200,0.0,0.0,0.0
2025-02-14 00:00:00-05:00,40.51105797666533,40.687748132175656,40.42271289891017,40.50123977661133,8600,0.0,0.0,0.0
2025-02-18 00:00:00-05:00,40.47179571820148,40.52087548853491,40.37363617753462,40.49142837524414,5800,0.0,0.0,0.0
2025-02-19 00:00:00-05:00,40.206759897297275,40.29510498046875,40.15768012765676,40.29510498046875,6700,0.0,0.0,0.0
2025-02-20 00:00:00-05:00,40.38344720234134,40.39326540230163,40.138044626979955,40.354000091552734,9300,0.0,0.0,0.0
2025-02-21 00:00:00-05:00,40.35399716665067,40.35399716665067,39.82392674359911,39.89263916015625,6500,0.0,0.0,0.0
2025-02-24 00:00:00-05:00,40.069330136163885,40.12822809924559,39.74540070057937,39.90245819091797,12000,0.0,0.0,0.0
2025-02-25 00:00:00-05:00,39.971171462582966,40.285286449968815,39.971171462582966,40.19694137573242,10500,0.0,0.0,0.0
2025-02-26 00:00:00-05:00,40.285291034550625,40.48161386014539,40.17731329324618,40.20676040649414,16100,0.0,0.0,0.0
2025-02-27 00:00:00-05:00,40.22638826200637,40.22638826200637,39.86319351196289,39.86319351196289,5100,0.0,0.0,0.0
2025-02-28 00:00:00-05:00,39.93190615302323,40.19694137573242,39.63742382041724,40.19694137573242,8400,0.0,0.0,0.0
2025-03-03 00:00:00-05:00,40.295101075715976,40.46197676977848,39.784663282916,40.010433197021484,16600,0.0,0.0,0.0
2025-03-04 00:00:00-05:00,39.853381988201356,40.147868113045696,39.36257677285628,39.80430221557617,54200,0.0,0.0,0.0
2025-03-05 00:00:00-05:00,39.92208903477463,40.412894183928266,39.92208903477463,40.3049201965332,5000,0.0,0.0,0.0
2025-03-06 00:00:00-05:00,40.16749052128961,40.35399886942535,40.03988388203949,40.19694137573242,5900,0.0,0.0,0.0
2025-03-07 00:00:00-05:00,40.17731152269459,40.65829849243164,40.079151986496164,40.65829849243164,8200,0.0,0.0,0.0
2025-03-10 00:00:00-04:00,40.18712641427221,40.51105962742293,39.941723826568804,40.0006217956543,6900,0.0,0.0,0.0
2025-03-11 00:00:00-04:00,39.980984360921276,39.980984360921276,39.352754410611574,39.42146682739258,12000,0.0,0.0,0.0
2025-03-12 00:00:00-04:00,39.71594628055771,39.71594628055771,39.42146398068348,39.48036193847656,13900,0.0,0.0,0.0
2025-03-13 00:00:00-04:00,39.42147153041411,39.43128598631975,39.0680912050698,39.195701599121094,13100,0.0,0.0,0.0
2025-03-14 00:00:00-04:00,39.60797142598642,39.94171905517578,39.48036479169775,39.94171905517578,12700,0.0,0.0,0.0
2025-03-17 00:00:00-04:00,39.97117487634247,40.393267628793645,39.97117487634247,40.33436965942383,9100,0.0,0.0,0.0
2025-03-18 00:00:00-04:00,40.1184099269352,40.1871223449707,40.03006485452584,40.1871223449707,8100,0.0,0.0,0.0
2025-03-19 00:00:00-04:00,40.039885975950526,40.47179317005643,39.931908241287495,40.41289520263672,9100,0.0,0.0,0.0
2025-03-20 00:00:00-04:00,39.961352043189606,40.108595077271346,39.93190493419162,40.03988265991211,10800,0.0,0.0,0.0
2025-03-21 00:00:00-04:00,39.74540850119554,39.74540850119554,39.568718321818345,39.71595764160156,14100,0.0,0.0,0.0
2025-03-24 00:00:00-04:00,39.74936820009146,39.965612261000565,39.70022284521673,39.945953369140625,49900,0.054,0.0,0.0
2025-03-25 00:00:00-04:00,40.14254285890675,40.31946915513932,40.14254285890675,40.2801513671875,11100,0.0,0.0,0.0
2025-03-26 00:00:00-04:00,40.10322488230467,40.27032360553856,39.94595748078782,39.98527526855469,15500,0.0,0.0,0.0
2025-03-27 00:00:00-04:00,40.00493528124274,40.17203025959909,39.975445064817535,40.14254379272461,9600,0.0,0.0,0.0
2025-03-28 00:00:00-04:00,39.87715545399119,39.92630081666909,39.48398505346635,39.49381637573242,10600,0.0,0.0,0.0
2025-03-31 00:00:00-04:00,39.218596166525664,39.52329964016367,39.01217966072671,39.44466781616211,9000,0.0,0.0,0.0
2025-04-01 00:00:00-04:00,39.22842169237884,39.4544933302239,39.041667839259084,39.42500686645508,10400,0.0,0.0,0.0
2025-04-02 00:00:00-04:00,39.07115655281231,39.61176300048828,39.07115655281231,39.61176300048828,5100,0.0,0.0,0.0
2025-04-03 00:00:00-04:00,39.090820712473175,39.26774702820932,38.550214191968756,38.746795654296875,7200,0.0,0.0,0.0
2025-04-04 00:00:00-04:00,37.58694909024438,37.58694909024438,36.47624588012695,36.47624588012695,12300,0.0,0.0,0.0
2025-04-07 00:00:00-04:00,35.41468550465489,36.47624327559855,34.97237351631231,35.444175720214844,15300,0.0,0.0,0.0
2025-04-08 00:00:00-04:00,36.76128862277104,36.76128862277104,34.96253935146282,35.17878341674805,11500,0.0,0.0,0.0
2025-04-09 00:00:00-04:00,35.08049086105381,37.88182129237678,35.08049086105381,37.83267593383789,15300,0.0,0.0,0.0
2025-04-10 00:00:00-04:00,37.41001946990191,37.42967836342132,36.604023583359066,37.360870361328125,8400,0.0,0.0,0.0
2025-04-11 00:00:00-04:00,37.71472448610056,38.23567581176758,37.37070320933519,38.23567581176758,28400,0.0,0.0,0.0
2025-04-14 00:00:00-04:00,38.56003476888431,38.84508308691203,38.461744055554234,38.82542419433594,8100,0.0,0.0,0.0
2025-04-15 00:00:00-04:00,38.835249404970476,38.98268921555277,38.71729980623473,38.76644515991211,3800,0.0,0.0,0.0
2025-04-16 00:00:00-04:00,38.451911709315546,38.599351524930086,38.00959601202217,38.15703582763672,6400,0.0,0.0,0.0
2025-04-17 00:00:00-04:00,38.58952331542969,38.805767395885745,38.51089149043239,38.58952331542969,10500,0.0,0.0,0.0
2025-04-21 00:00:00-04:00,38.52072223958053,38.52072223958053,37.78353054036991,37.96045684814453,12800,0.0,0.0,0.0
2025-04-22 00:00:00-04:00,38.46174373549003,39.061326830644916,38.46174373549003,39.04166793823242,9700,0.0,0.0,0.0
2025-04-23 00:00:00-04:00,39.385688555938515,39.63141908286578,39.07115378143563,39.21859359741211,3600,0.0,0.0,0.0
2025-04-24 00:00:00-04:00,39.5331304342799,40.172027587890625,39.5331304342799,40.172027587890625,3800,0.0,0.0,0.0
2025-04-25 00:00:00-04:00,40.02459182801091,40.181859224701405,39.906638468330165,40.08356475830078,10900,0.0,0.0,0.0
2025-04-28 00:00:00-04:00,40.07373602760532,40.20151695545578,39.96561399246651,40.18185806274414,7600,0.0,0.0,0.0
2025-04-29 00:00:00-04:00,40.28014753329187,40.54553695238076,40.28014753329187,40.535709381103516,2400,0.0,0.0,0.0
2025-04-30 00:00:00-04:00,40.40792685951243,41.33187225460285,40.37844039729628,41.10580062866211,55500,0.0,0.0,0.0
2025-05-01 00:00:00-04:00,40.99767776182738,41.15494513967744,40.860069274902344,40.860069274902344,2000,0.0,0.0,0.0
2025-05-02 00:00:00-04:00,41.38102222501837,41.60709762573242,41.27290393497973,41.60709762573242,3600,0.0,0.0,0.0
2025-05-05 00:00:00-04:00,41.528462368202625,41.6759021959573,41.469485687190634,41.51863479614258,20800,0.0,0.0,0.0
2025-05-06 00:00:00-04:00,41.440001002855915,41.5186365809189,41.37119674682617,41.37119674682617,7000,0.0,0.0,0.0
2025-05-07 00:00:00-04:00,41.312216865983494,41.32204818725586,41.10580411386927,41.32204818725586,4900,0.0,0.0,0.0
2025-05-08 00:00:00-04:00,41.47931639558075,41.77419229718016,41.47931639558075,41.567779541015625,6800,0.0,0.0,0.0
2025-05-09 00:00:00-04:00,41.80368073995155,41.80368073995155,41.57760907971293,41.71521759033203,5200,0.0,0.0,0.0
2025-05-12 00:00:00-04:00,42.07889845737398,42.21650695800781,41.95111752840667,42.21650695800781,4600,0.0,0.0,0.0
2025-05-13 00:00:00-04:00,42.20667824224156,42.36394564546709,42.18701934814453,42.18701934814453,2700,0.0,0.0,0.0
2025-05-14 00:00:00-04:00,42.42292064270153,42.42292064270153,42.04940916879542,42.07889938354492,3000,0.0,0.0,0.0
2025-05-15 00:00:00-04:00,42.02974924272167,42.59984588623047,41.95111742093967,42.59984588623047,31500,0.0,0.0,0.0
2025-05-16 00:00:00-04:00,42.26565273496762,42.6784782409668,42.26565273496762,42.6784782409668,13200,0.0,0.0,0.0
2025-05-19 00:00:00-04:00,42.226334407337134,42.757113265001664,42.226334407337134,42.72762680053711,14100,0.0,0.0,0.0
2025-05-20 00:00:00-04:00,42.71779486777497,42.83574822304534,42.67847708268485,42.776771545410156,2500,0.0,0.0,0.0
2025-05-21 00:00:00-04:00,42.49172489453285,42.53104268116518,42.07889938354492,42.07889938354492,9800,0.0,0.0,0.0
2025-05-22 00:00:00-04:00,41.95111404202355,42.21650344956928,41.901968688674366,42.1280403137207,7500,0.0,0.0,0.0
2025-05-23 00:00:00-04:00,41.557953625221565,42.000269409930375,41.557953625221565,41.93146514892578,6700,0.0,0.0,0.0
2025-05-27 00:00:00-04:00,42.580187525124266,42.766941385045264,42.491724381045806,42.6784782409668,25000,0.0,0.0,0.0
2025-05-28 00:00:00-04:00,42.46223596392203,42.46223596392203,42.16736008040145,42.27547836303711,2600,0.0,0.0,0.0
2025-05-29 00:00:00-04:00,42.245994567871094,42.33445771346976,42.108386063506615,42.245994567871094,7800,0.0,0.0,0.0
2025-05-30 00:00:00-04:00,42.35411393173609,42.452404643059516,42.128042296051966,42.27547836303711,3600,0.0,0.0,0.0
2025-06-02 00:00:00-04:00,42.32463188060702,42.36394591950472,42.01992464445809,42.35411834716797,10600,0.0,0.0,0.0
2025-06-03 00:00:00-04:00,42.2853122361471,42.62933349609375,42.2853122361471,42.62933349609375,61800,0.0,0.0,0.0
2025-06-04 00:00:00-04:00,42.65882309743866,42.89472231528092,42.65882309743866,42.6784782409668,11000,0.0,0.0,0.0
2025-06-05 00:00:00-04:00,42.83574823556099,42.83574823556099,42.648990631103516,42.648990631103516,5900,0.0,0.0,0.0
2025-06-06 00:00:00-04:00,42.98318512826032,42.98318512826032,42.757113483923554,42.89472198486328,2600,0.0,0.0,0.0
2025-06-09 00:00:00-04:00,42.92420873248924,43.21908837879052,42.87506337462251,43.06182098388672,4200,0.0,0.0,0.0
2025-06-10 00:00:00-04:00,43.11096657526312,43.19942971972257,43.10113525390625,43.10113525390625,9500,0.0,0.0,0.0
2025-06-11 00:00:00-04:00,43.36652673291279,43.43533098745452,43.16011396928761,43.24857711791992,1900,0.0,0.0,0.0
2025-06-12 00:00:00-04:00,43.32721351799511,43.45499070768717,43.32721351799511,43.36652755737305,3000,0.0,0.0,0.0
2025-06-13 00:00:00-04:00,42.904552472177876,43.01267075685018,42.757112652865096,42.776771545410156,1200,0.0,0.0,0.0
2025-06-16 00:00:00-04:00,42.91438003121129,43.160110563627654,42.9045524597168,42.9045524597168,4300,0.0,0.0,0.0
2025-06-17 00:00:00-04:00,42.8062580219596,42.8062580219596,42.501554561298015,42.648990631103516,12200,0.0,0.0,0.0
2025-06-18 00:00:00-04:00,42.56052635425113,42.904551340389055,42.472063214907116,42.491722106933594,5700,0.0,0.0,0.0
2025-06-20 00:00:00-04:00,42.66864953619608,42.786599141985214,42.32462829033176,42.521209716796875,8000,0.0,0.0,0.0
2025-06-23 00:00:00-04:00,42.294283328132835,43.057324970367766,42.294283328132835,42.94831848144531,11400,0.351,0.0,0.0
2025-06-24 00:00:00-04:00,43.23569891371212,43.46361985606774,43.23569891371212,43.39425277709961,3300,0.0,0.0,0.0
2025-06-25 00:00:00-04:00,43.28524827557179,43.47352981567383,43.255520606140536,43.47352981567383,3700,0.0,0.0,0.0
2025-06-26 00:00:00-04:00,43.810452037340646,44.097832074970135,43.810452037340646,43.99873733520508,10500,0.0,0.0,0.0
2025-06-27 00:00:00-04:00,44.03837142341814,44.345571154305496,44.03837142341814,44.10773849487305,10600,0.0,0.0,0.0
2025-06-30 00:00:00-04:00,44.15729367891458,44.30593579695057,44.09783456356685,44.26629638671875,7400,0.0,0.0,0.0
2025-07-01 00:00:00-04:00,44.22666108151396,44.84105682373047,44.22666108151396,44.84105682373047,11200,0.0,0.0,0.0
2025-07-02 00:00:00-04:00,44.533859880545016,44.573499293576276,44.26629951291777,44.46449279785156,6300,0.0,0.0,0.0
2025-07-03 00:00:00-04:00,44.65277250374369,44.72213957771297,44.49421865178217,44.543766021728516,2900,0.0,0.0,0.0
2025-07-07 00:00:00-04:00,44.385216230298894,44.44467156758491,43.98882967402111,44.02846908569336,8200,0.0,0.0,0.0
2025-07-08 00:00:00-04:00,43.988825738513704,44.28611373901367,43.988825738513704,44.28611373901367,6300,0.0,0.0,0.0
2025-07-09 00:00:00-04:00,44.22666194955538,44.355484365949955,44.17711457554036,44.25638961791992,4300,0.0,0.0,0.0
2025-07-10 00:00:00-04:00,44.286115504250695,44.5140364397263,44.27620754193531,44.33566665649414,5400,0.0,0.0,0.0
2025-07-11 00:00:00-04:00,44.236568719156,44.286116091834664,44.206841051593244,44.26629638671875,1800,0.0,0.0,0.0
2025-07-14 00:00:00-04:00,43.86992054553065,44.04829413948998,43.86992054553065,43.91946792602539,2000,0.0,0.0,0.0
2025-07-15 00:00:00-04:00,43.969008125100565,44.02846724011655,43.562713623046875,43.562713623046875,5000,0.0,0.0,0.0
2025-07-16 00:00:00-04:00,43.58253389879641,43.68163242512081,43.344704996062354,43.62217330932617,6100,0.0,0.0,0.0
2025-07-17 00:00:00-04:00,43.56271378821917,43.86991354663321,43.56271378821917,43.850093841552734,9700,0.0,0.0,0.0
2025-07-18 00:00:00-04:00,44.25639213203176,44.276211838808145,43.86991730044856,43.97892379760742,4000,0.0,0.0,0.0
2025-07-21 00:00:00-04:00,44.39512677056122,44.42485822115271,44.167205810546875,44.167205810546875,3600,0.0,0.0,0.0
2025-07-22 00:00:00-04:00,44.04828419323879,44.48430633544922,44.04828419323879,44.48430633544922,900,0.0,0.0,0.0
2025-07-23 00:00:00-04:00,44.54377474178958,44.662689208984375,44.494227362143654,44.662689208984375,2100,0.0,0.0,0.0
2025-07-24 00:00:00-04:00,44.33567246019862,44.53386197422746,44.33567246019862,44.414947509765625,2800,0.0,0.0,0.0
2025-07-25 00:00:00-04:00,44.246482756181216,44.37530517578125,44.246482756181216,44.37530517578125,1200,0.0,0.0,0.0
2025-07-28 00:00:00-04:00,44.24647940075602,44.24647940075602,44.0185546875,44.0185546875,4300,0.0,0.0,0.0
2025-07-29 00:00:00-04:00,43.780721764606945,43.92936764562568,43.780721764606945,43.8599967956543,2300,0.0,0.0,0.0
2025-07-30 00:00:00-04:00,43.87982191732511,43.87982191732511,43.58253389879641,43.62217330932617,2000,0.0,0.0,0.0
2025-07-31 00:00:00-04:00,43.51316390167889,43.78072423447382,43.51316390167889,43.5825309753418,1500,0.0,0.0,0.0
2025-08-01 00:00:00-04:00,43.1762415159746,43.50326099860323,43.1762415159746,43.44380187988281,13900,0.0,0.0,0.0
2025-08-04 00:00:00-04:00,43.750999096372574,43.949188586732895,43.750999096372574,43.850093841552734,3700,0.0,0.0,0.0
2025-08-05 00:00:00-04:00,44.018557910540096,44.22666293439296,43.89964345421161,44.087928771972656,3400,0.0,0.0,0.0
2025-08-06 00:00:00-04:00,44.31584753961964,44.36539491229831,44.13747397379867,44.26629638671875,3600,0.0,0.0,0.0
2025-08-07 00:00:00-04:00,44.53385673545021,44.53385673545021,44.26629638671875,44.26629638671875,4000,0.0,0.0,0.0
2025-08-08 00:00:00-04:00,44.47440045675411,44.57349520000904,44.43476104736328,44.43476104736328,2300,0.0,0.0,0.0
2025-08-11 00:00:00-04:00,44.385214348284634,44.385214348284634,44.167201373553766,44.236568450927734,2500,0.0,0.0,0.0
2025-08-12 00:00:00-04:00,44.444670631801294,44.74196243286133,44.444670631801294,44.74196243286133,4800,0.0,0.0,0.0
2025-08-13 00:00:00-04:00,44.84106083950726,44.99961471557617,44.82124113247082,44.99961471557617,4700,0.0,0.0,0.0
2025-08-14 00:00:00-04:00,44.93024325215831,44.94015121459961,44.583407863379705,44.94015121459961,2200,0.0,0.0,0.0
2025-08-15 00:00:00-04:00,45.019429412204126,45.07888852669598,44.940150592881665,45.009517669677734,15600,0.0,0.0,0.0
2025-08-18 00:00:00-04:00,44.90051415782968,45.05906801340764,44.890602415481126,44.92033386230469,5300,0.0,0.0,0.0
2025-08-19 00:00:00-04:00,44.83114880864254,45.19780390499414,44.81132910340431,44.96988296508789,10800,0.0,0.0,0.0
2025-08-20 00:00:00-04:00,44.92033857081983,44.98970565364231,44.801420331504865,44.880699157714844,6900,0.0,0.0,0.0
2025-08-21 00:00:00-04:00,44.632955996946606,44.87078490181445,44.5536771751758,44.613136291503906,5100,0.0,0.0,0.0
2025-08-22 00:00:00-04:00,44.65277478830363,45.40590467859756,44.613135378229686,45.326629638671875,6600,0.0,0.0,0.0
2025-08-25 00:00:00-04:00,45.2176264014406,45.2176264014406,44.593318878676826,44.722145080566406,11100,0.0,0.0,0.0
2025-08-26 00:00:00-04:00,44.61313650457576,44.771690368652344,44.54376942530615,44.771690368652344,24300,0.0,0.0,0.0
2025-08-27 00:00:00-04:00,44.583408569733045,44.76177835805787,44.45458237462184,44.74196243286133,5600,0.0,0.0,0.0
2025-08-28 00:00:00-04:00,44.64286658160679,44.64286658160679,44.61313891180786,44.623046875,4400,0.0,0.0,0.0
2025-08-29 00:00:00-04:00,44.494223714409586,44.59331846557745,44.39512518301928,44.40503692626953,5300,0.0,0.0,0.0
2025-09-02 00:00:00-04:00,43.750999503436766,43.750999503436766,43.42398003689963,43.62217330932617,28600,0.0,0.0,0.0
2025-09-03 00:00:00-04:00,43.53298563713234,43.74108686783235,43.49334622741171,43.66181182861328,4200,0.0,0.0,0.0
2025-09-04 00:00:00-04:00,43.67171894527099,44.26629495867825,43.67171894527099,44.24647903442383,5500,0.0,0.0,0.0
2025-09-05 00:00:00-04:00,44.464490390794786,44.85096519637175,44.41494301729917,44.613136291503906,11400,0.0,0.0,0.0
2025-09-08 00:00:00-04:00,44.84105974460985,44.880699157714844,44.6924138355774,44.880699157714844,4400,0.0,0.0,0.0
2025-09-09 00:00:00-04:00,44.45457763236946,44.52394470382436,44.00864375857229,44.10773849487305,6500,0.0,0.0,0.0
2025-09-10 00:00:00-04:00,44.27620408285059,44.315843489459645,44.06810286848587,44.10773849487305,13900,0.0,0.0,0.0
2025-09-11 00:00:00-04:00,44.097835764664985,44.80141830444336,44.097835764664985,44.80141830444336,6000,0.0,0.0,0.0
2025-09-12 00:00:00-04:00,44.51403670924898,44.59331552914077,44.315847219963885,44.365394592285156,3600,0.0,0.0,0.0
2025-09-15 00:00:00-04:00,44.474407460222615,44.58341396310178,44.335673285730124,44.50413513183594,11700,0.0,0.0,0.0
2025-09-16 00:00:00-04:00,44.50412931925363,44.50412931925363,44.256388674238806,44.42485427856445,4100,0.0,0.0,0.0
2025-09-17 00:00:00-04:00,44.39512350880579,44.662683863135804,44.17711430841349,44.226661682128906,5900,0.0,0.0,0.0
2025-09-18 00:00:00-04:00,44.216746575683,44.613133095697805,44.216746575683,44.543766021728516,5100,0.0,0.0,0.0
2025-09-19 00:00:00-04:00,44.484306107402844,44.484306107402844,44.24647722386072,44.32575225830078,2900,0.0,0.0,0.0
2025-09-22 00:00:00-04:00,44.161203223935175,44.47841022273965,44.13146624948654,44.448673248291016,4300,0.014,0.0,0.0
2025-09-23 00:00:00-04:00,44.49823503095468,44.62710155271723,44.29006865215752,44.30989456176758,7800,0.0,0.0,0.0
2025-09-24 00:00:00-04:00,44.28015484383868,44.28015484383868,43.87373314082684,43.962947845458984,22400,0.0,0.0,0.0
2025-09-25 00:00:00-04:00,43.457404221036555,43.665570623139935,43.457404221036555,43.5565299987793,7900,0.0,0.0,0.0
2025-09-26 00:00:00-04:00,43.467315055439215,43.80434799194336,43.467315055439215,43.80434799194336,61600,0.0,0.0,0.0
2025-09-29 00:00:00-04:00,43.78452022267215,43.883649777089005,43.75478324705002,43.843997955322266,6500,0.0,0.0,0.0
2025-09-30 00:00:00-04:00,44.00259741289612,44.498233795166016,44.00259741289612,44.498233795166016,3900,0.0,0.0,0.0
2025-10-01 00:00:00-04:00,44.39910803127424,44.508148640398495,44.25041560403107,44.498233795166016,30000,0.0,0.0,0.0
2025-10-02 00:00:00-04:00,44.44867590757429,44.74605701406954,44.38919817371287,44.7163200378418,6300,0.0,0.0,0.0
2025-10-03 00:00:00-04:00,44.70640257536577,44.99387260009824,44.70640257536577,44.93439865112305,5600,0.0,0.0,0.0
2025-10-06 00:00:00-04:00,44.993873695208435,45.102914312857855,44.964136719997065,45.073177337646484,12300,0.0,0.0,0.0
2025-10-07 00:00:00-04:00,44.98396368389048,45.043437635705786,44.63701591220905,44.72623062133789,9800,0.0,0.0,0.0
2025-10-08 00:00:00-04:00,44.75596962054757,44.954221160685364,44.75596962054757,44.845184326171875,3800,0.0,0.0,0.0
2025-10-09 00:00:00-04:00,45.08308945785324,45.08308945785324,44.61719000113532,44.72623062133789,4200,0.0,0.0,0.0
2025-10-10 00:00:00-04:00,44.74605361104926,44.74605361104926,44.210765391223916,44.220680236816406,11300,0.0,0.0,0.0
2025-10-13 00:00:00-04:00,44.45858719828085,44.60727964298652,44.379287334135526,44.468502044677734,9200,0.0,0.0,0.0
2025-10-14 00:00:00-04:00,44.06208009098987,44.934401280594415,44.06208009098987,44.7163200378418,4600,0.0,0.0,0.0
2025-10-15 00:00:00-04:00,44.96413989164291,45.00379171565886,44.74605864096122,44.92448806762695,12400,0.0,0.0,0.0
2025-10-16 00:00:00-04:00,44.95422029887373,45.04343500278772,44.80553164662087,44.94430923461914,4000,0.0,0.0,0.0
2025-10-17 00:00:00-04:00,44.77579170376735,45.32099478280743,44.77579170376735,45.25160598754883,8200,0.0,0.0,0.0
2025-10-20 00:00:00-04:00,45.31108157559923,45.489510993118586,45.25160762403003,45.459774017333984,5300,0.0,0.0,0.0
2025-10-21 00:00:00-04:00,45.28134606722218,45.568816113808786,45.2714312207021,45.50933837890625,5500,0.0,0.0,0.0
2025-10-22 00:00:00-04:00,45.55889493248528,45.697672513222,45.35072856138019,45.400291442871094,15100,0.0,0.0,0.0
2025-10-23 00:00:00-04:00,45.28134606722218,45.51924944402034,45.28134606722218,45.50933837890625,3400,0.0,0.0,0.0
2025-10-24 00:00:00-04:00,45.74724383228873,45.74724383228873,45.58864032653183,45.70759201049805,2700,0.0,0.0,0.0
2025-10-27 00:00:00-04:00,45.856280506552366,45.856280506552366,45.47959954510186,45.548988342285156,8400,0.0,0.0,0.0
2025-10-28 00:00:00-04:00,45.410206108748596,45.43994308124465,45.08308428567013,45.2416877746582,7900,0.0,0.0,0.0
2025-10-29 00:00:00-04:00,44.98396564934769,45.152480228728365,44.597369820033386,44.76588439941406,7800,0.0,0.0,0.0
2025-10-30 00:00:00-04:00,44.50815097859399,44.91457268215008,44.389195517988036,44.448673248291016,6100,0.0,0.0,0.0
2025-10-31 00:00:00-04:00,44.438765068298984,44.50815386745337,44.32972444636895,44.468502044677734,8000,0.0,0.0,0.0
2025-11-03 00:00:00-05:00,44.17112278528282,44.45858905892211,44.0918191364126,44.42885208129883,8400,0.0,0.0,0.0
2025-11-04 00:00:00-05:00,44.17111612230286,44.52797114417084,44.15129021307594,44.409019470214844,6600,0.0,0.0,0.0
2025-11-05 00:00:00-05:00,44.37928431167851,44.83526889832561,44.37928431167851,44.77579116821289,5700,0.0,0.0,0.0
2025-11-06 00:00:00-05:00,44.74605553739517,44.74605553739517,44.56762612310522,44.66675567626953,2300,0.0,0.0,0.0
2025-11-07 00:00:00-05:00,44.54779983205623,44.7559700012207,44.42884815068066,44.7559700012207,6700,0.0,0.0,0.0
2025-11-10 00:00:00-05:00,45.301170797189194,45.301170797189194,45.023611822956724,45.291255950927734,7000,0.0,0.0,0.0
2025-11-11 00:00:00-05:00,45.28134459981463,45.51924796890319,45.28134459981463,45.459774017333984,4100,0.0,0.0,0.0
2025-11-12 00:00:00-05:00,45.57872260177651,45.78688898092173,45.568811537657716,45.68776321411133,3700,0.0,0.0,0.0
2025-11-13 00:00:00-05:00,45.58864067397123,45.58864067397123,45.132652282714844,45.132652282714844,7600,0.0,0.0,0.0
2025-11-14 00:00:00-05:00,44.7163200378418,44.81544581287157,44.62710532775263,44.7163200378418,4500,0.0,0.0,0.0
2025-11-17 00:00:00-05:00,44.49823788885011,44.49823788885011,43.843997955322266,43.843997955322266,6100,0.0,0.0,0.0
2025-11-18 00:00:00-05:00,43.48713629042899,43.5565250832994,43.39792158796625,43.417747497558594,5300,0.0,0.0,0.0
2025-11-19 00:00:00-05:00,43.33845260942079,43.39792656361101,42.991504823885045,43.150108337402344,8400,0.0,0.0,0.0
2025-11-20 00:00:00-05:00,43.71513137826023,43.754783199984324,42.87255096435547,42.87255096435547,3700,0.0,0.0,0.0
2025-11-21 00:00:00-05:00,43.120368999754156,43.75478301909342,43.120368999754156,43.60609436035156,5100,0.0,0.0,0.0
2025-11-24 00:00:00-05:00,43.79443266564401,43.91338434301104,43.63582916868609,43.81425857543945,4400,0.0,0.0,0.0
2025-11-25 00:00:00-05:00,43.79443140980243,44.409019470214844,43.79443140980243,44.409019470214844,8600,0.0,0.0,0.0
2025-11-26 00:00:00-05:00,44.597368414261176,44.90466058612931,44.54780174527063,44.79561996459961,7900,0.0,0.0,0.0
2025-11-28 00:00:00-05:00,44.80553381689141,44.80553381689141,44.666756222171095,44.73614501953125,3200,0.0,0.0,0.0
2025-12-01 00:00:00-05:00,44.32972140012898,44.67666537205972,44.290069580078125,44.290069580078125,36700,0.0,0.0,0.0
2025-12-02 00:00:00-05:00,44.31980476939647,44.54779705339776,44.28015295094262,44.409019470214844,4300,0.0,0.0,0.0
2025-12-03 00:00:00-05:00,44.607281272773285,44.746058876152496,44.607281272773285,44.67667007446289,6000,0.0,0.0,0.0
2025-12-04 00:00:00-05:00,44.537888983193085,44.60727777944866,44.44867427637796,44.50815200805664,5300,0.0,0.0,0.0
2025-12-05 00:00:00-05:00,44.56762465545125,44.6072764754112,44.21076583862305,44.21076583862305,6800,0.0,0.0,0.0
2025-12-08 00:00:00-05:00,44.161203266228235,44.161203266228235,44.04225158691406,44.04225158691406,1300,0.0,0.0,0.0
2025-12-09 00:00:00-05:00,43.80434532225226,43.98277473549205,43.497053162766015,43.53670120239258,17400,0.0,0.0,0.0
2025-12-10 00:00:00-05:00,43.556526996937876,43.923300668401886,43.556526996937876,43.86382293701172,4900,0.0,0.0,0.0
2025-12-11 00:00:00-05:00,44.101732425908786,44.38919868939709,44.101732425908786,44.299983978271484,3400,0.0,0.0,0.0
2025-12-12 00:00:00-05:00,44.29998210891456,44.41893757299971,43.853912353515625,43.853912353515625,7800,0.0,0.0,0.0
2025-12-15 00:00:00-05:00,44.18102862520677,44.18102862520677,43.90347344980086,43.972862243652344,13700,0.0,0.0,0.0
2025-12-16 00:00:00-05:00,43.8439945169496,43.8439945169496,43.67547995976512,43.75477981567383,1700,0.0,0.0,0.0
2025-12-17 00:00:00-05:00,43.60609474399274,43.89356099931843,43.46731336731119,43.51688003540039,2600,0.0,0.0,0.0
2025-12-18 00:00:00-05:00,43.63583226596589,43.86382457268798,43.50696573385134,43.58626937866211,5900,0.0,0.0,0.0
2025-12-19 00:00:00-05:00,43.72504566050939,43.76469748172212,43.645742018083915,43.695308685302734,5200,0.0,0.0,0.0
2025-12-22 00:00:00-05:00,43.753845635289984,44.031650413045014,43.753845635289984,43.96220016479492,5300,0.039,0.0,0.0
2025-12-23 00:00:00-05:00,44.130861426988844,44.130861426988844,43.95227400328653,44.07133102416992,4100,0.0,0.0,0.0
2025-12-24 00:00:00-05:00,44.25984237267637,44.31936899114246,44.061411480028916,44.210235595703125,3000,0.0,0.0,0.0
2025-12-26 00:00:00-05:00,44.091176252899444,44.20031343671615,44.011806164058406,44.130863189697266,5700,0.0,0.0,0.0
2025-12-29 00:00:00-05:00,44.130862015087196,44.3491363769109,44.051491928358715,44.0911750793457,8100,0.0,0.0,0.0
2025-12-30 00:00:00-05:00,44.20031079379295,44.32929143829627,44.05149046683163,44.17054748535156,7100,0.0,0.0,0.0
2025-12-31 00:00:00-05:00,44.09117618221966,44.09117618221966,43.8034553527832,43.8034553527832,4400,0.0,0.0,0.0
2026-01-02 00:00:00-05:00,43.96219938543843,44.130863189697266,43.88282551184279,44.130863189697266,2200,0.0,0.0,0.0
2026-01-05 00:00:00-05:00,44.071332432768045,44.69638843570405,44.071332432768045,44.50788116455078,3900,0.0,0.0,0.0
2026-01-06 00:00:00-05:00,44.517801078609615,44.84521262797852,44.40866389548665,44.835289001464844,88900,0.0,0.0,0.0
2026-01-07 00:00:00-05:00,45.31151555729628,45.31151555729628,44.795600581891996,44.91465759277344,4600,0.0,0.0,0.0
2026-01-08 00:00:00-05:00,44.974192476627316,45.3908939486541,44.974192476627316,45.26191329956055,6600,0.0,0.0,0.0
2026-01-09 00:00:00-05:00,45.301597137079604,45.65877196567684,45.301597137079604,45.60916519165039,6600,0.0,0.0,0.0
2026-01-12 00:00:00-05:00,45.390890706849255,45.648848201858605,45.390890706849255,45.53971481323242,11200,0.0,0.0,0.0
2026-01-13 00:00:00-05:00,45.19246292114258,45.281756634136016,45.142856143869444,45.19246292114258,1800,0.0,0.0,0.0
2026-01-14 00:00:00-05:00,45.26191197133951,45.53971672929297,45.26191197133951,45.410736083984375,6200,0.0,0.0,0.0
2026-01-15 00:00:00-05:00,45.72822172019023,46.00602267958882,45.72822172019023,45.91672897338867,2200,0.0,0.0,0.0
2026-01-16 00:00:00-05:00,46.19453694157437,46.23422009229074,46.01594951671,46.154850006103516,6100,0.0,0.0,0.0
2026-01-20 00:00:00-05:00,45.57939796809435,45.57939796809435,45.192459833147055,45.28175354003906,4400,0.0,0.0,0.0
2026-01-21 00:00:00-05:00,46.10524100484878,46.40288543701172,45.906810121822055,46.40288543701172,4800,0.0,0.0,0.0
2026-01-22 00:00:00-05:00,46.68068767372117,46.89896202947058,46.55170702852793,46.769981384277344,9300,0.0,0.0,0.0
2026-01-23 00:00:00-05:00,46.462419856893355,46.799747467041016,46.462419856893355,46.799747467041016,6100,0.0,0.0,0.0
2026-01-26 00:00:00-05:00,46.78982439920671,47.057705528285226,46.78982439920671,46.81958770751953,6000,0.0,0.0,0.0
2026-01-27 00:00:00-05:00,47.09739482468722,47.09739482468722,46.71045665819632,46.898963928222656,3500,0.0,0.0,0.0
2026-01-28 00:00:00-05:00,46.720376128121835,46.720376128121835,46.22430078328502,46.43265151977539,8700,0.0,0.0,0.0
2026-01-29 00:00:00-05:00,46.83943355161144,46.84935717805555,46.135007464261655,46.6410026550293,17800,0.0,0.0,0.0
2026-01-30 00:00:00-05:00,46.34335417228569,46.43264787874451,46.045709745674394,46.244140625,7100,0.0,0.0,0.0
2026-02-02 00:00:00-05:00,46.24414247885951,46.690611029051844,46.24414247885951,46.631080627441406,7700,0.0,0.0,0.0
2026-02-03 00:00:00-05:00,46.82951198792162,46.90888207278317,46.23421932006511,46.32351303100586,6900,0.0,0.0,0.0
2026-02-04 00:00:00-05:00,46.60132067560446,46.78982795048372,46.56163373833894,46.68069076538086,5500,0.0,0.0,0.0
2026-02-05 00:00:00-05:00,46.38304155734028,46.51202219787263,46.055630035547594,46.19453430175781,85100,0.0,0.0,0.0
2026-02-06 00:00:00-05:00,46.47233662933317,46.91880517909093,46.47233662933317,46.8890380859375,33900,0.0,0.0,0.0
2026-02-09 00:00:00-05:00,47.047785569584356,47.077552664971805,46.88904160495171,47.00810241699219,6800,0.0,0.0,0.0
2026-02-10 00:00:00-05:00,47.404959297649164,47.69268390937124,47.36527614601008,47.55378341674805,3600,0.0,0.0,0.0
2026-02-11 00:00:00-05:00,47.62323246423731,47.78197642106126,47.62323246423731,47.772056579589844,3900,0.0,0.0,0.0
2026-02-12 00:00:00-05:00,48.030015656940165,48.14907268225328,47.17676544189453,47.17676544189453,56300,0.0,0.0,0.0
2026-02-13 00:00:00-05:00,47.08747034501925,47.623232620339145,46.96841332319966,47.58354568481445,7700,0.0,0.0,0.0
2026-02-17 00:00:00-05:00,47.63315291657666,47.63315291657666,47.33550846680895,47.533939361572266,8300,0.0,0.0,0.0
2026-02-18 00:00:00-05:00,47.72244425516749,47.970481915089884,47.62323070510026,47.7125244140625,2600,0.0,0.0,0.0
2026-02-19 00:00:00-05:00,47.26605955084345,47.52402085671799,47.26605955084345,47.38511657714844,60600,0.0,0.0,0.0
2026-02-20 00:00:00-05:00,47.742290337490985,47.97048454294973,47.742290337490985,47.93080139160156,3100,0.0,0.0,0.0
2026-02-23 00:00:00-05:00,47.79189555790432,47.801819183983895,47.275980544398834,47.424800872802734,8100,0.0,0.0,0.0
2026-02-24 00:00:00-05:00,47.58354458041164,48.158993777900186,47.58354458041164,48.12922668457031,5200,0.0,0.0,0.0
2026-02-25 00:00:00-05:00,48.07962153573309,48.18875871720896,47.79189692725207,48.11930847167969,14400,0.0,0.0,0.0
2026-02-26 00:00:00-05:00,48.03001284666294,48.248287200927734,47.7720553427854,48.248287200927734,5600,0.0,0.0,0.0
2026-02-27 00:00:00-05:00,47.92087776519862,48.10938881930919,47.78197727359369,47.93080139160156,10200,0.0,0.0,0.0
2026-03-02 00:00:00-05:00,47.04778083987016,47.52401647064677,47.04778083987016,47.365272521972656,67200,0.0,0.0,0.0
2026-03-03 00:00:00-05:00,45.68853766025725,46.541787843207736,45.09324877132896,46.27390670776367,79100,0.0,0.0,0.0
2026-03-04 00:00:00-05:00,46.09532013389617,46.43265151977539,45.93657617493857,46.43265151977539,6600,0.0,0.0,0.0
2026-03-05 00:00:00-05:00,45.748067459192264,46.16476891899085,45.16269841941253,45.410736083984375,5300,0.0,0.0,0.0
2026-03-06 00:00:00-05:00,44.60709511589285,44.80552601530032,44.428507684901575,44.71623229980469,16600,0.0,0.0,0.0
2026-03-09 00:00:00-04:00,43.8530588074768,44.597171783447266,43.267689781656536,44.597171783447266,11100,0.0,0.0,0.0
2026-03-10 00:00:00-04:00,44.93450301258681,45.192460511505644,44.5277214050293,44.5277214050293,9300,0.0,0.0,0.0
2026-03-11 00:00:00-04:00,44.62693669100807,44.71623040271542,44.16062466489701,44.587249755859375,10500,0.0,0.0,0.0
2026-03-12 00:00:00-04:00,44.03164883833684,44.150705861828484,43.71416091918945,43.71416091918945,13200,0.0,0.0,0.0
2026-03-13 00:00:00-04:00,43.753843559778744,43.753843559778744,43.029574016130994,43.17839813232422,6100,0.0,0.0,0.0
2026-03-16 00:00:00-04:00,43.63478442483597,43.63478442483597,43.28753321687202,43.49588394165039,14400,0.0,0.0,0.0
2026-03-17 00:00:00-04:00,43.912584337198545,44.091171749794704,43.743920550165626,43.783607482910156,4900,0.0,0.0,0.0
2026-03-18 00:00:00-04:00,43.70423397349374,43.70423397349374,43.12878858302661,43.14863204956055,4300,0.0,0.0,0.0
2026-03-19 00:00:00-04:00,42.41444081078504,43.079179937804106,42.18624661264023,43.0196533203125,23200,0.0,0.0,0.0
2026-03-20 00:00:00-04:00,42.81130346081859,42.81130346081859,41.76954221646198,42.077110290527344,12500,0.0,0.0,0.0
2026-03-23 00:00:00-04:00,42.856777709999626,43.37324074021476,42.7673891492365,42.95609664916992,14000,0.045,0.0,0.0
2026-03-24 00:00:00-04:00,42.3502408468683,42.876638039013145,42.33037630147751,42.5886116027832,4500,0.0,0.0,0.0
2026-03-25 00:00:00-04:00,43.46262998673406,43.46262998673406,43.03555551054365,43.37324142456055,14700,0.0,0.0,0.0
2026-03-26 00:00:00-04:00,42.817046478719135,43.45269675069684,42.55881118774414,42.55881118774414,4000,0.0,0.0,0.0
2026-03-27 00:00:00-04:00,42.270785825418784,42.3899693072164,41.80397848761416,41.903297424316406,19500,0.0,0.0,0.0
2026-03-30 00:00:00-04:00,42.30058103762457,42.42969868723913,41.863572408865124,41.95296096801758,17200,0.0,0.0,0.0
2026-03-31 00:00:00-04:00,42.51908738283801,43.263990781907374,42.35024064221949,43.12493896484375,6200,0.0,0.0,0.0
2026-04-01 00:00:00-04:00,43.53215751663089,43.840048504235476,43.50235880357825,43.75065994262695,4200,0.0,0.0,0.0
2026-04-02 00:00:00-04:00,43.422903987408006,43.47256345698038,43.20439777475995,43.383174896240234,2000,0.0,0.0,0.0
2026-04-06 00:00:00-04:00,43.52222211388541,43.76059286766638,43.363309540956294,43.66127014160156,13000,0.0,0.0,0.0
2026-04-07 00:00:00-04:00,43.70099844756368,43.70099844756368,43.09514309015489,43.512290954589844,10200,0.0,0.0,0.0
2026-04-08 00:00:00-04:00,45.667545156920454,45.667545156920454,45.0716239371771,45.3497200012207,5600,0.0,0.0,0.0
2026-04-09 00:00:00-04:00,45.13121360919029,45.67747914538681,45.02196429072569,45.4589729309082,19800,0.0,0.0,0.0
2026-04-10 00:00:00-04:00,45.77679602241501,45.77679602241501,45.42917595938712,45.64767837524414,4600,0.0,0.0,0.0
2026-04-13 00:00:00-04:00,45.38944872552466,45.995304107666016,45.34971963419005,45.995304107666016,7300,0.0,0.0,0.0
2026-04-14 00:00:00-04:00,46.08469378132738,46.481973337940246,46.08469378132738,46.35285568237305,3800,0.0,0.0,0.0
2026-04-15 00:00:00-04:00,46.08469113612879,46.08469113612879,45.68740781354467,45.85625076293945,3500,0.0,0.0,0.0
2026-04-16 00:00:00-04:00,46.14428098237422,46.14428098237422,45.71720273666738,45.85625076293945,6300,0.0,0.0,0.0
2026-04-17 00:00:00-04:00,46.82959586457918,46.82959586457918,46.53163146972656,46.53163146972656,3100,0.0,0.0,0.0
2026-04-20 00:00:00-04:00,46.4323101628158,46.5216987189583,46.36278615123547,46.51176834106445,6900,0.0,0.0,0.0
2026-04-21 00:00:00-04:00,46.27339918198967,46.323058650710855,45.76686653899417,45.95557403564453,32600,0.0,0.0,0.0
2026-04-22 00:00:00-04:00,46.45217496017333,46.45217496017333,46.05489164431698,46.13434982299805,6000,0.0,0.0,0.0
2026-04-23 00:00:00-04:00,46.03502958789624,46.26346996956455,45.766867692289395,45.886051177978516,5000,0.0,0.0,0.0
2026-04-24 00:00:00-04:00,45.87611778513065,46.1144885493074,45.7271393726981,46.035030364990234,4800,0.0,0.0,0.0
2026-04-27 00:00:00-04:00,46.03502894818442,46.26346932667827,45.945640387966066,46.054893493652344,13600,0.0,0.0,0.0
2026-04-28 00:00:00-04:00,45.41924285888672,45.41924285888672,45.27026445213769,45.41924285888672,3200,0.0,0.0,0.0
2026-04-29 00:00:00-04:00,45.21066948143601,45.21066948143601,44.44590155862351,44.74386215209961,4500,0.0,0.0,0.0
2026-04-30 00:00:00-04:00,45.29012678031238,45.71720504760742,45.29012678031238,45.71720504760742,3400,0.0,0.0,0.0
2026-05-01 00:00:00-04:00,45.52849668695158,45.66754471763585,45.4093132019043,45.4093132019043,4200,0.0,0.0,0.0
2026-05-04 00:00:00-04:00,45.250401337673885,45.61788596580455,44.81338890433227,44.9723014831543,18200,0.0,0.0,0.0
2026-05-05 00:00:00-04:00,45.458970621825756,45.637747735722805,45.09148601604827,45.598018646240234,32900,0.0,0.0,0.0
2026-05-06 00:00:00-04:00,46.08469344544624,46.402518603930034,45.9555757908201,46.144283294677734,30000,0.0,0.0,0.0
2026-05-07 00:00:00-04:00,46.39258301921271,46.39258301921271,45.617884692672945,45.73706817626953,4600,0.0,0.0,0.0
2026-05-08 00:00:00-04:00,46.15421578946078,46.15421578946078,45.56822496434704,45.687408447265625,31400,0.0,0.0,0.0
2026-05-11 00:00:00-04:00,45.69734080850958,45.69734080850958,45.21067268868836,45.33979034423828,30200,0.0,0.0,0.0
2026-05-12 00:00:00-04:00,44.83325134408975,44.95243482541354,44.40617309817373,44.57501983642578,34400,0.0,0.0,0.0
2026-05-13 00:00:00-04:00,44.475699525243165,44.475699525243165,44.01882633139324,44.167808532714844,68800,0.0,0.0,0.0
2026-05-14 00:00:00-04:00,44.207531435628525,44.396242718892026,44.07841757618719,44.14794158935547,3500,0.0,0.0,0.0
2026-05-15 00:00:00-04:00,43.373240906102886,43.56195219553274,43.224262496777655,43.273921966552734,9200,0.0,0.0,0.0
2026-05-18 00:00:00-04:00,43.3136521168354,43.512293789566876,43.174604082555796,43.472564697265625,13700,0.0,0.0,0.0
2026-05-19 00:00:00-04:00,42.84684337649992,42.96602686079657,42.58861186239472,42.63827133178711,6300,0.0,0.0,0.0
2026-05-20 00:00:00-04:00,42.6581348952626,43.075278975085105,42.6581348952626,43.02561950683594,5700,0.0,0.0,0.0
2026-05-21 00:00:00-04:00,42.90643496526269,43.25405502319336,42.78725148665425,43.25405502319336,3200,0.0,0.0,0.0
2026-05-22 00:00:00-04:00,43.58181476882267,43.68113370387796,43.43283257746521,43.62154006958008,5900,0.0,0.0,0.0
2026-05-26 00:00:00-04:00,44.21746737826738,44.21746737826738,43.780458736691905,43.90957260131836,6700,0.0,0.0,0.0
2026-05-27 00:00:00-04:00,43.85991377349696,44.11814529530637,43.67120626866605,43.74073028564453,7800,0.0,0.0,0.0
2026-05-28 00:00:00-04:00,43.621541136549155,43.85991189079665,43.621541136549155,43.82018280029297,3400,0.0,0.0,0.0
2026-05-29 00:00:00-04:00,43.681136468522055,44.06848564403793,43.63147699785139,43.84998321533203,27200,0.0,0.0,0.0
2026-06-01 00:00:00-04:00,43.55201783955984,43.929436628009135,43.3931052637035,43.81025314331055,4600,0.0,0.0,0.0
2026-06-02 00:00:00-04:00,43.611610932723664,43.79038805193061,43.412969268185435,43.71092987060547,24400,0.0,0.0,0.0
2026-06-03 00:00:00-04:00,43.969165256145324,44.078418361291305,43.76059321292552,43.869842529296875,12800,0.0,0.0,0.0
2026-06-04 00:00:00-04:00,44.13800759636409,44.13800759636409,43.939369722971854,44.03868865966797,4400,0.0,0.0,0.0
2026-06-05 00:00:00-04:00,43.85991262392945,44.03868974540974,43.383174896240234,43.383174896240234,9300,0.0,0.0,0.0
2026-06-08 00:00:00-04:00,43.28385657078586,43.37324134401865,43.07528073358516,43.21432876586914,8900,0.0,0.0,0.0
2026-06-09 00:00:00-04:00,43.482493741906445,43.909571999105154,43.482493741906445,43.65134048461914,2300,0.0,0.0,0.0
2026-06-10 00:00:00-04:00,43.47256338409965,43.6016810357911,42.797183990478516,42.797183990478516,3500,0.0,0.0,0.0
2026-06-11 00:00:00-04:00,42.966026217299074,43.263990606740116,42.42969865160933,43.23419189453125,10800,0.0,0.0,0.0
2026-06-12 00:00:00-04:00,43.393105098411695,43.62154168853661,43.393105098411695,43.492427825927734,2400,0.0,0.0,0.0
2026-06-15 00:00:00-04:00,44.56508674296258,44.58495128845745,44.21746666873906,44.34658432006836,5800,0.0,0.0,0.0
2026-06-16 00:00:00-04:00,44.52536186561516,44.76372883627877,44.44590368287749,44.71406936645508,4700,0.0,0.0,0.0
2026-06-17 00:00:00-04:00,44.952434181348174,45.210669474086785,44.3167839050293,44.3167839050293,3700,0.0,0.0,0.0
2026-06-18 00:00:00-04:00,44.64454463075626,44.91271031000788,44.584950994664354,44.7239990234375,3800,0.0,0.0,0.0
2026-06-22 00:00:00-04:00,44.4900016784668,44.619998931884766,44.349998474121094,44.470001220703125,6800,0.306,0.0,0.0
2026-06-23 00:00:00-04:00,43.59000015258789,44.20000076293945,43.59000015258789,43.869998931884766,7000,0.0,0.0,0.0
2026-06-24 00:00:00-04:00,43.86000061035156,44.560001373291016,43.86000061035156,44.439998626708984,3900,0.0,0.0,0.0
2026-06-25 00:00:00-04:00,44.9900016784668,45.5,44.88999938964844,44.959999084472656,7200,0.0,0.0,0.0
2026-06-26 00:00:00-04:00,44.91999816894531,45.2400016784668,44.91999816894531,45.16999816894531,5500,0.0,0.0,0.0
2026-06-29 00:00:00-04:00,45.060001373291016,45.130001068115234,44.72999954223633,44.91999816894531,6400,0.0,0.0,0.0
2026-06-30 00:00:00-04:00,44.77000045776367,45.20000076293945,44.689998626708984,44.970001220703125,13500,0.0,0.0,0.0
2026-07-01 00:00:00-04:00,44.880001068115234,45.41999816894531,44.880001068115234,45.08000183105469,6200,0.0,0.0,0.0
2026-07-02 00:00:00-04:00,45.31999969482422,45.52000045776367,45.31999969482422,45.5099983215332,5300,0.0,0.0,0.0
2026-07-06 00:00:00-04:00,45.779998779296875,45.779998779296875,45.34000015258789,45.77000045776367,2800,0.0,0.0,0.0
2026-07-07 00:00:00-04:00,45.459999084472656,45.459999084472656,45.029998779296875,45.189998626708984,4100,0.0,0.0,0.0
2026-07-08 00:00:00-04:00,44.130001068115234,44.459999084472656,44.130001068115234,44.439998626708984,4000,0.0,0.0,0.0
2026-07-09 00:00:00-04:00,44.41999816894531,45.0,44.41999816894531,44.81999969482422,5100,0.0,0.0,0.0
2026-07-10 00:00:00-04:00,45.540000915527344,45.66999816894531,45.40999984741211,45.5,7400,0.0,0.0,0.0
2026-07-13 00:00:00-04:00,45.29999923706055,45.4900016784668,45.06999969482422,45.150001525878906,4700,0.0,0.0,0.0
2026-07-14 00:00:00-04:00,45.470001220703125,45.470001220703125,45.04999923706055,45.04999923706055,2200,0.0,0.0,0.0
2026-07-15 00:00:00-04:00,44.2599983215332,44.91999816894531,44.2599983215332,44.63999938964844,11200,0.0,0.0,0.0
2026-07-16 00:00:00-04:00,44.34000015258789,44.959999084472656,44.34000015258789,44.869998931884766,8700,0.0,0.0,0.0
2026-07-17 00:00:00-04:00,44.5099983215332,44.63999938964844,44.220001220703125,44.38999938964844,8900,0.0,0.0,0.0
2026-07-20 00:00:00-04:00,44.380001068115234,44.380001068115234,43.869998931884766,43.869998931884766,5000,0.0,0.0,0.0
2026-07-21 00:00:00-04:00,44.060001373291016,44.060001373291016,43.689998626708984,43.81999969482422,4700,0.0,0.0,0.0
2026-07-22 00:00:00-04:00,43.900001525878906,44.09000015258789,43.849998474121094,43.970001220703125,3800,0.0,0.0,0.0
2026-07-23 00:00:00-04:00,43.70000076293945,43.95000076293945,43.630001068115234,43.7599983215332,12400,0.0,0.0,0.0
2026-07-24 00:00:00-04:00,44.029998779296875,44.31999969482422,44.029998779296875,44.16999816894531,2200,0.0,0.0,0.0
2026-07-27 00:00:00-04:00,44.45000076293945,44.599998474121094,44.22999954223633,44.380001068115234,4200,0.0,0.0,0.0
2026-07-28 00:00:00-04:00,44.20000076293945,44.97999954223633,44.119998931884766,44.880001068115234,15200,0.0,0.0,0.0
2026-07-29 00:00:00-04:00,44.45000076293945,44.59000015258789,44.209999084472656,44.349998474121094,8300,0.0,0.0,0.0
2026-07-30 00:00:00-04:00,44.91999816894531,44.91999816894531,44.38999938964844,44.72999954223633,6300,0.0,0.0,0.0
2026-07-31 00:00:00-04:00,44.88999938964844,45.04999923706055,44.529998779296875,44.88999938964844,9400,0.0,0.0,0.0
