Date,Open,High,Low,Close,Volume,Dividends,Stock Splits,Capital Gains
2022-11-11 00:00:00-05:00,25.88275909423828,25.88275909423828,25.88275909423828,25.88275909423828,100,0.0,0.0,0.0
2022-11-14 00:00:00-05:00,25.64790153503418,25.64790153503418,25.64790153503418,25.64790153503418,100,0.0,0.0,0.0
2022-11-15 00:00:00-05:00,25.64790153503418,25.64790153503418,25.64790153503418,25.64790153503418,0,0.0,0.0,0.0
2022-11-16 00:00:00-05:00,25.661542892456055,25.661542892456055,25.661542892456055,25.661542892456055,100,0.0,0.0,0.0
2022-11-17 00:00:00-05:00,25.38575953816769,25.52608871459961,25.38575953816769,25.52608871459961,200,0.0,0.0,0.0
2022-11-18 00:00:00-05:00,25.57676124572754,25.57676124572754,25.57676124572754,25.57676124572754,100,0.0,0.0,0.0
2022-11-21 00:00:00-05:00,25.57676124572754,25.57676124572754,25.57676124572754,25.57676124572754,0,0.0,0.0,0.0
2022-11-22 00:00:00-05:00,25.812593460083008,25.812593460083008,25.812593460083008,25.812593460083008,100,0.0,0.0,0.0
2022-11-23 00:00:00-05:00,25.99580192565918,25.99580192565918,25.99580192565918,25.99580192565918,100,0.0,0.0,0.0
2022-11-25 00:00:00-05:00,25.99580192565918,25.99580192565918,25.99580192565918,25.99580192565918,0,0.0,0.0,0.0
2022-11-28 00:00:00-05:00,25.528039932250977,25.528039932250977,25.528039932250977,25.528039932250977,100,0.0,0.0,0.0
2022-11-29 00:00:00-05:00,25.403305053710938,25.403305053710938,25.403305053710938,25.403305053710938,100,0.0,0.0,0.0
2022-11-30 00:00:00-05:00,25.403305053710938,25.403305053710938,25.403305053710938,25.403305053710938,0,0.0,0.0,0.0
2022-12-01 00:00:00-05:00,25.403305053710938,25.403305053710938,25.403305053710938,25.403305053710938,0,0.0,0.0,0.0
2022-12-02 00:00:00-05:00,25.403305053710938,25.403305053710938,25.403305053710938,25.403305053710938,0,0.0,0.0,0.0
2022-12-05 00:00:00-05:00,25.794078826904297,25.794078826904297,25.794078826904297,25.794078826904297,100,0.0,0.0,0.0
2022-12-06 00:00:00-05:00,25.385762451536728,25.385762451536728,25.310726165771484,25.310726165771484,100,0.0,0.0,0.0
2022-12-07 00:00:00-05:00,25.310726165771484,25.310726165771484,25.310726165771484,25.310726165771484,100,0.0,0.0,0.0
2022-12-08 00:00:00-05:00,25.5689697265625,25.5689697265625,25.5689697265625,25.5689697265625,0,0.0,0.0,0.0
2022-12-09 00:00:00-05:00,25.330215454101562,25.330215454101562,25.330215454101562,25.330215454101562,0,0.0,0.0,0.0
2022-12-12 00:00:00-05:00,25.69760513305664,25.69760513305664,25.69760513305664,25.69760513305664,100,0.0,0.0,0.0
2022-12-13 00:00:00-05:00,26.041595458984375,26.041595458984375,26.041595458984375,26.041595458984375,100,0.0,0.0,0.0
2022-12-14 00:00:00-05:00,25.88762855529785,25.88762855529785,25.88762855529785,25.88762855529785,0,0.0,0.0,0.0
2022-12-15 00:00:00-05:00,25.080738067626953,25.080738067626953,25.080738067626953,25.080738067626953,0,0.0,0.0,0.0
2022-12-16 00:00:00-05:00,24.817115783691406,24.817115783691406,24.817115783691406,24.817115783691406,0,0.05,0.0,0.0
2022-12-19 00:00:00-05:00,24.470497131347656,24.470497131347656,24.470497131347656,24.470497131347656,100,0.0,0.0,0.0
2022-12-20 00:00:00-05:00,24.501739501953125,24.501739501953125,24.501739501953125,24.501739501953125,0,0.0,0.0,0.0
2022-12-21 00:00:00-05:00,24.867887496948242,24.867887496948242,24.867887496948242,24.867887496948242,0,0.0,0.0,0.0
2022-12-22 00:00:00-05:00,24.333797454833984,24.333797454833984,24.333797454833984,24.333797454833984,100,0.0,0.0,0.0
2022-12-23 00:00:00-05:00,24.447063446044922,24.447063446044922,24.447063446044922,24.447063446044922,100,0.0,0.0,0.0
2022-12-27 00:00:00-05:00,24.149261474609375,24.149261474609375,24.149261474609375,24.149261474609375,100,0.0,0.0,0.0
2022-12-28 00:00:00-05:00,23.843645095825195,23.843645095825195,23.843645095825195,23.843645095825195,100,0.0,0.0,0.0
2022-12-29 00:00:00-05:00,24.35625457763672,24.35625457763672,24.35625457763672,24.35625457763672,0,0.0,0.0,0.0
2022-12-30 00:00:00-05:00,24.25471305847168,24.25471305847168,24.25471305847168,24.25471305847168,0,0.0,0.0,0.0
2023-01-03 00:00:00-05:00,24.149261474609375,24.149261474609375,24.149261474609375,24.149261474609375,100,0.0,0.0,0.0
2023-01-04 00:00:00-05:00,24.143402099609375,24.143402099609375,24.143402099609375,24.143402099609375,100,0.0,0.0,0.0
2023-01-05 00:00:00-05:00,23.75967788696289,23.75967788696289,23.75967788696289,23.75967788696289,100,0.0,0.0,0.0
2023-01-06 00:00:00-05:00,24.31036376953125,24.31036376953125,24.31036376953125,24.31036376953125,100,0.0,0.0,0.0
2023-01-09 00:00:00-05:00,24.5271278597225,24.5271278597225,24.45096778869629,24.45096778869629,100,0.0,0.0,0.0
2023-01-10 00:00:00-05:00,24.703855514526367,24.703855514526367,24.703855514526367,24.703855514526367,100,0.0,0.0,0.0
2023-01-11 00:00:00-05:00,25.209630966186523,25.209630966186523,25.209630966186523,25.209630966186523,100,0.0,0.0,0.0
2023-01-12 00:00:00-05:00,25.32093620300293,25.32093620300293,25.32093620300293,25.32093620300293,100,0.0,0.0,0.0
2023-01-13 00:00:00-05:00,25.54648780822754,25.54648780822754,25.54648780822754,25.54648780822754,100,0.0,0.0,0.0
2023-01-17 00:00:00-05:00,25.540626525878906,25.540626525878906,25.540626525878906,25.540626525878906,100,0.0,0.0,0.0
2023-01-18 00:00:00-05:00,25.258440017700195,25.258440017700195,25.258440017700195,25.258440017700195,100,0.0,0.0,0.0
2023-01-19 00:00:00-05:00,25.067075729370117,25.067075729370117,25.067075729370117,25.067075729370117,100,0.0,0.0,0.0
2023-01-20 00:00:00-05:00,25.709543228149414,25.709543228149414,25.709543228149414,25.709543228149414,0,0.0,0.0,0.0
2023-01-23 00:00:00-05:00,26.158689498901367,26.158689498901367,26.158689498901367,26.158689498901367,100,0.0,0.0,0.0
2023-01-24 00:00:00-05:00,26.04542350769043,26.04542350769043,26.04542350769043,26.04542350769043,100,0.0,0.0,0.0
2023-01-25 00:00:00-05:00,25.961456298828125,25.961456298828125,25.961456298828125,25.961456298828125,100,0.0,0.0,0.0
2023-01-26 00:00:00-05:00,26.30710220336914,26.30710220336914,26.30710220336914,26.30710220336914,100,0.0,0.0,0.0
2023-01-27 00:00:00-05:00,26.50042724609375,26.50042724609375,26.50042724609375,26.50042724609375,0,0.0,0.0,0.0
2023-01-30 00:00:00-05:00,25.996606826782227,25.996606826782227,25.996606826782227,25.996606826782227,0,0.0,0.0,0.0
2023-01-31 00:00:00-05:00,26.405715942382812,26.405715942382812,26.405715942382812,26.405715942382812,0,0.0,0.0,0.0
2023-02-01 00:00:00-05:00,26.362756333393996,26.82166290283203,26.362756333393996,26.82166290283203,200,0.0,0.0,0.0
2023-02-02 00:00:00-05:00,27.23077392578125,27.23077392578125,27.23077392578125,27.23077392578125,100,0.0,0.0,0.0
2023-02-03 00:00:00-05:00,26.959333419799805,26.959333419799805,26.959333419799805,26.959333419799805,100,0.0,0.0,0.0
2023-02-06 00:00:00-05:00,26.749408721923828,26.749408721923828,26.749408721923828,26.749408721923828,100,0.0,0.0,0.0
2023-02-07 00:00:00-05:00,27.262998580932617,27.262998580932617,27.262998580932617,27.262998580932617,0,0.0,0.0,0.0
2023-02-08 00:00:00-05:00,26.831422805786133,26.831422805786133,26.831422805786133,26.831422805786133,100,0.0,0.0,0.0
2023-02-09 00:00:00-05:00,26.62052345275879,26.62052345275879,26.62052345275879,26.62052345275879,0,0.0,0.0,0.0
2023-02-10 00:00:00-05:00,26.621501922607422,26.621501922607422,26.621501922607422,26.621501922607422,0,0.0,0.0,0.0
2023-02-13 00:00:00-05:00,26.927108764648438,26.927108764648438,26.927108764648438,26.927108764648438,100,0.0,0.0,0.0
2023-02-14 00:00:00-05:00,27.053068161010742,27.053068161010742,27.053068161010742,27.053068161010742,100,0.0,0.0,0.0
2023-02-15 00:00:00-05:00,26.99155044555664,26.99155044555664,26.99155044555664,26.99155044555664,100,0.0,0.0,0.0
2023-02-16 00:00:00-05:00,26.576583862304688,26.576583862304688,26.576583862304688,26.576583862304688,100,0.0,0.0,0.0
2023-02-17 00:00:00-05:00,26.42329216003418,26.42329216003418,26.42329216003418,26.42329216003418,100,0.0,0.0,0.0
2023-02-21 00:00:00-05:00,25.91849136352539,25.91849136352539,25.91849136352539,25.91849136352539,100,0.0,0.0,0.0
2023-02-22 00:00:00-05:00,25.857959747314453,25.857959747314453,25.857959747314453,25.857959747314453,0,0.0,0.0,0.0
2023-02-23 00:00:00-05:00,26.20652961730957,26.20652961730957,26.20652961730957,26.20652961730957,0,0.0,0.0,0.0
2023-02-24 00:00:00-05:00,25.823780059814453,25.823780059814453,25.823780059814453,25.823780059814453,100,0.0,0.0,0.0
2023-02-27 00:00:00-05:00,25.92630386352539,25.92630386352539,25.92630386352539,25.92630386352539,0,0.0,0.0,0.0
2023-02-28 00:00:00-05:00,25.90286636352539,25.90286636352539,25.90286636352539,25.90286636352539,0,0.0,0.0,0.0
2023-03-01 00:00:00-05:00,25.72028350830078,25.72028350830078,25.72028350830078,25.72028350830078,0,0.0,0.0,0.0
2023-03-02 00:00:00-05:00,25.991724014282227,25.991724014282227,25.991724014282227,25.991724014282227,100,0.0,0.0,0.0
2023-03-03 00:00:00-05:00,26.425243377685547,26.425243377685547,26.425243377685547,26.425243377685547,0,0.0,0.0,0.0
2023-03-06 00:00:00-05:00,26.489686965942383,26.489686965942383,26.489686965942383,26.489686965942383,100,0.0,0.0,0.0
2023-03-07 00:00:00-05:00,26.105958938598633,26.105958938598633,26.105958938598633,26.105958938598633,100,0.0,0.0,0.0
2023-03-08 00:00:00-05:00,26.238750457763672,26.238750457763672,26.238750457763672,26.238750457763672,0,0.0,0.0,0.0
2023-03-09 00:00:00-05:00,25.885292053222656,25.885292053222656,25.885292053222656,25.885292053222656,100,0.0,0.0,0.0
2023-03-10 00:00:00-05:00,25.48008918762207,25.48008918762207,25.48008918762207,25.48008918762207,100,0.0,0.0,0.0
2023-03-13 00:00:00-04:00,25.677326202392578,25.677326202392578,25.677326202392578,25.677326202392578,0,0.0,0.0,0.0
2023-03-14 00:00:00-04:00,26.126466751098633,26.126466751098633,26.126466751098633,26.126466751098633,0,0.0,0.0,0.0
2023-03-15 00:00:00-04:00,26.081552505493164,26.081552505493164,26.081552505493164,26.081552505493164,0,0.0,0.0,0.0
2023-03-16 00:00:00-04:00,26.799205780029297,26.799205780029297,26.799205780029297,26.799205780029297,100,0.0,0.0,0.0
2023-03-17 00:00:00-04:00,26.719966888427734,26.719966888427734,26.719966888427734,26.719966888427734,0,0.051,0.0,0.0
2023-03-20 00:00:00-04:00,26.876483917236328,26.876483917236328,26.876483917236328,26.876483917236328,100,0.0,0.0,0.0
2023-03-21 00:00:00-04:00,27.19146728515625,27.19146728515625,27.19146728515625,27.19146728515625,100,0.0,0.0,0.0
2023-03-22 00:00:00-04:00,26.995824813842773,26.995824813842773,26.995824813842773,26.995824813842773,100,0.0,0.0,0.0
2023-03-23 00:00:00-04:00,27.197336196899414,27.197336196899414,27.197336196899414,27.197336196899414,100,0.0,0.0,0.0
2023-03-24 00:00:00-04:00,27.234512329101562,27.234512329101562,27.234512329101562,27.234512329101562,100,0.0,0.0,0.0
2023-03-27 00:00:00-04:00,27.429175787942846,27.429175787942846,27.147449493408203,27.147449493408203,400,0.0,0.0,0.0
2023-03-28 00:00:00-04:00,27.009521484375,27.009521484375,27.009521484375,27.009521484375,0,0.0,0.0,0.0
2023-03-29 00:00:00-04:00,27.357765197753906,27.357765197753906,27.357765197753906,27.357765197753906,100,0.0,0.0,0.0
2023-03-30 00:00:00-04:00,27.56221580505371,27.56221580505371,27.56221580505371,27.56221580505371,100,0.0,0.0,0.0
2023-03-31 00:00:00-04:00,27.955453872680664,27.955453872680664,27.955453872680664,27.955453872680664,100,0.0,0.0,0.0
2023-04-03 00:00:00-04:00,28.055233100416224,28.141315460205078,28.055233100416224,28.141315460205078,600,0.0,0.0,0.0
2023-04-04 00:00:00-04:00,28.172618144637134,28.17359768901961,28.00632136127384,28.016103744506836,1300,0.0,0.0,0.0
2023-04-05 00:00:00-04:00,27.976974961109697,27.976974961109697,27.924150466918945,27.924150466918945,200,0.0,0.0,0.0
2023-04-06 00:00:00-04:00,28.107078552246094,28.107078552246094,28.107078552246094,28.107078552246094,100,0.0,0.0,0.0
2023-04-10 00:00:00-04:00,28.07675552368164,28.07675552368164,28.07675552368164,28.07675552368164,100,0.0,0.0,0.0
2023-04-11 00:00:00-04:00,28.025884025786336,28.025884025786336,27.97403907775879,27.97403907775879,200,0.0,0.0,0.0
2023-04-12 00:00:00-04:00,27.840024948120117,27.840024948120117,27.840024948120117,27.840024948120117,100,0.0,0.0,0.0
2023-04-13 00:00:00-04:00,28.331087112426758,28.331087112426758,28.331087112426758,28.331087112426758,0,0.0,0.0,0.0
2023-04-14 00:00:00-04:00,28.211747912940297,28.281200408935547,28.211747912940297,28.281200408935547,2000,0.0,0.0,0.0
2023-04-17 00:00:00-04:00,28.074800767780665,28.202945709228516,28.074800767780665,28.202945709228516,2000,0.0,0.0,0.0
2023-04-18 00:00:00-04:00,28.248920440673828,28.248920440673828,28.248920440673828,28.248920440673828,100,0.0,0.0,0.0
2023-04-19 00:00:00-04:00,28.225444793701172,28.225444793701172,28.225444793701172,28.225444793701172,0,0.0,0.0,0.0
2023-04-20 00:00:00-04:00,28.156970977783203,28.156970977783203,28.156970977783203,28.156970977783203,0,0.0,0.0,0.0
2023-04-21 00:00:00-04:00,28.189247131347656,28.189247131347656,28.189247131347656,28.189247131347656,0,0.0,0.0,0.0
2023-04-24 00:00:00-04:00,28.180444717407227,28.180444717407227,28.180444717407227,28.180444717407227,100,0.0,0.0,0.0
2023-04-25 00:00:00-04:00,27.748069763183594,27.748069763183594,27.748069763183594,27.748069763183594,100,0.0,0.0,0.0
2023-04-26 00:00:00-04:00,27.830244064331055,27.830244064331055,27.830244064331055,27.830244064331055,100,0.0,0.0,0.0
2023-04-27 00:00:00-04:00,28.27827262878418,28.27827262878418,28.27827262878418,28.27827262878418,100,0.0,0.0,0.0
2023-04-28 00:00:00-04:00,28.47097396850586,28.47097396850586,28.47097396850586,28.47097396850586,100,0.0,0.0,0.0
2023-05-01 00:00:00-04:00,28.50031852722168,28.50031852722168,28.50031852722168,28.50031852722168,100,0.0,0.0,0.0
2023-05-02 00:00:00-04:00,28.173599243164062,28.173599243164062,28.173599243164062,28.173599243164062,100,0.0,0.0,0.0
2023-05-03 00:00:00-04:00,27.99458122253418,27.99458122253418,27.99458122253418,27.99458122253418,100,0.0,0.0,0.0
2023-05-04 00:00:00-04:00,27.838071823120117,27.838071823120117,27.838071823120117,27.838071823120117,100,0.0,0.0,0.0
2023-05-05 00:00:00-04:00,28.409347534179688,28.409347534179688,28.409347534179688,28.409347534179688,100,0.0,0.0,0.0
2023-05-08 00:00:00-04:00,28.47097396850586,28.47097396850586,28.47097396850586,28.47097396850586,100,0.0,0.0,0.0
2023-05-09 00:00:00-04:00,28.344785690307617,28.344785690307617,28.344785690307617,28.344785690307617,100,0.0,0.0,0.0
2023-05-10 00:00:00-04:00,28.543367385864258,28.543367385864258,28.543367385864258,28.543367385864258,100,0.0,0.0,0.0
2023-05-11 00:00:00-04:00,28.588359832763672,28.588359832763672,28.588359832763672,28.588359832763672,100,0.0,0.0,0.0
2023-05-12 00:00:00-04:00,28.55999183654785,28.55999183654785,28.55999183654785,28.55999183654785,100,0.0,0.0,0.0
2023-05-15 00:00:00-04:00,28.575647354125977,28.575647354125977,28.575647354125977,28.575647354125977,100,0.0,0.0,0.0
2023-05-16 00:00:00-04:00,28.5296688079834,28.5296688079834,28.5296688079834,28.5296688079834,0,0.0,0.0,0.0
2023-05-17 00:00:00-04:00,28.852479934692383,28.852479934692383,28.852479934692383,28.852479934692383,100,0.0,0.0,0.0
2023-05-18 00:00:00-04:00,29.149858474731445,29.149858474731445,29.149858474731445,29.149858474731445,200,0.0,0.0,0.0
2023-05-19 00:00:00-04:00,29.160615921020508,29.160615921020508,29.160615921020508,29.160615921020508,0,0.0,0.0,0.0
2023-05-22 00:00:00-04:00,29.20953145177919,29.20953145177919,29.137142181396484,29.137142181396484,1400,0.0,0.0,0.0
2023-05-23 00:00:00-04:00,28.830955505371094,28.830955505371094,28.830955505371094,28.830955505371094,100,0.0,0.0,0.0
2023-05-24 00:00:00-04:00,28.645103454589844,28.645103454589844,28.645103454589844,28.645103454589844,0,0.0,0.0,0.0
2023-05-25 00:00:00-04:00,29.178224563598633,29.178224563598633,29.178224563598633,29.178224563598633,0,0.0,0.0,0.0
2023-05-26 00:00:00-04:00,29.560710906982422,29.560710906982422,29.560710906982422,29.560710906982422,100,0.0,0.0,0.0
2023-05-30 00:00:00-04:00,29.54309844970703,29.54309844970703,29.54309844970703,29.54309844970703,100,0.0,0.0,0.0
2023-05-31 00:00:00-04:00,29.341590881347656,29.341590881347656,29.341590881347656,29.341590881347656,100,0.0,0.0,0.0
2023-06-01 00:00:00-04:00,29.682985305786133,29.682985305786133,29.682985305786133,29.682985305786133,100,0.0,0.0,0.0
2023-06-02 00:00:00-04:00,30.06351089477539,30.06351089477539,30.06351089477539,30.06351089477539,100,0.0,0.0,0.0
2023-06-05 00:00:00-04:00,30.05764389038086,30.05764389038086,30.05764389038086,30.05764389038086,200,0.0,0.0,0.0
2023-06-06 00:00:00-04:00,30.053728103637695,30.053728103637695,30.053728103637695,30.053728103637695,100,0.0,0.0,0.0
2023-06-07 00:00:00-04:00,29.721134185791016,29.721134185791016,29.721134185791016,29.721134185791016,100,0.0,0.0,0.0
2023-06-08 00:00:00-04:00,29.99210487533461,29.996017456054688,29.99210487533461,29.996017456054688,100,0.0,0.0,0.0
2023-06-09 00:00:00-04:00,30.078182220458984,30.078182220458984,30.078182220458984,30.078182220458984,100,0.0,0.0,0.0
2023-06-12 00:00:00-04:00,30.33839225769043,30.33839225769043,30.33839225769043,30.33839225769043,100,0.0,0.0,0.0
2023-06-13 00:00:00-04:00,30.608377916080844,30.608377916080844,30.574138641357422,30.574138641357422,500,0.0,0.0,0.0
2023-06-14 00:00:00-04:00,30.570228576660156,30.570228576660156,30.570228576660156,30.570228576660156,100,0.0,0.0,0.0
2023-06-15 00:00:00-04:00,30.94879913330078,30.94879913330078,30.94879913330078,30.94879913330078,100,0.0,0.0,0.0
2023-06-16 00:00:00-04:00,30.8382568359375,30.8382568359375,30.8382568359375,30.8382568359375,100,0.0,0.0,0.0
2023-06-20 00:00:00-04:00,30.81380444368919,30.82358682772592,30.808914184570312,30.808914184570312,3000,0.0,0.0,0.0
2023-06-21 00:00:00-04:00,30.57707405090332,30.57707405090332,30.57707405090332,30.57707405090332,100,0.0,0.0,0.0
2023-06-22 00:00:00-04:00,30.82750129699707,30.82750129699707,30.82750129699707,30.82750129699707,100,0.0,0.0,0.0
2023-06-23 00:00:00-04:00,30.588153839111328,30.588153839111328,30.588153839111328,30.588153839111328,100,0.087,0.0,0.0
2023-06-26 00:00:00-04:00,30.27131462097168,30.27131462097168,30.27131462097168,30.27131462097168,100,0.0,0.0,0.0
2023-06-27 00:00:00-04:00,30.58618927001953,30.58618927001953,30.58618927001953,30.58618927001953,100,0.0,0.0,0.0
2023-06-28 00:00:00-04:00,30.551856994628906,30.551856994628906,30.551856994628906,30.551856994628906,100,0.0,0.0,0.0
2023-06-29 00:00:00-04:00,30.65191078186035,30.65191078186035,30.65191078186035,30.65191078186035,100,0.0,0.0,0.0
2023-06-30 00:00:00-04:00,31.12177085876465,31.12177085876465,31.12177085876465,31.12177085876465,100,0.0,0.0,0.0
2023-07-03 00:00:00-04:00,31.147279739379883,31.147279739379883,31.147279739379883,31.147279739379883,100,0.0,0.0,0.0
2023-07-05 00:00:00-04:00,31.20319161260386,31.20319161260386,31.149240493774414,31.149240493774414,700,0.0,0.0,0.0
2023-07-06 00:00:00-04:00,30.906953811645508,30.906953811645508,30.906953811645508,30.906953811645508,100,0.0,0.0,0.0
2023-07-07 00:00:00-04:00,30.763734817504883,30.763734817504883,30.763734817504883,30.763734817504883,100,0.0,0.0,0.0
2023-07-10 00:00:00-04:00,30.659757614135742,30.659757614135742,30.659757614135742,30.659757614135742,100,0.0,0.0,0.0
2023-07-11 00:00:00-04:00,30.71272874081345,30.800031661987305,30.71272874081345,30.800031661987305,500,0.0,0.0,0.0
2023-07-12 00:00:00-04:00,31.06291389465332,31.06291389465332,31.06291389465332,31.06291389465332,100,0.0,0.0,0.0
2023-07-13 00:00:00-04:00,31.460195541381836,31.460195541381836,31.460195541381836,31.460195541381836,100,0.0,0.0,0.0
2023-07-14 00:00:00-04:00,31.522974014282227,31.522974014282227,31.522974014282227,31.522974014282227,100,0.0,0.0,0.0
2023-07-17 00:00:00-04:00,31.674038025153536,31.70738983154297,31.674038025153536,31.70738983154297,700,0.0,0.0,0.0
2023-07-18 00:00:00-04:00,32.03697566075875,32.03697566075875,31.962425231933594,31.962425231933594,300,0.0,0.0,0.0
2023-07-19 00:00:00-04:00,31.971250534057617,31.971250534057617,31.971250534057617,31.971250534057617,100,0.0,0.0,0.0
2023-07-20 00:00:00-04:00,31.60439109802246,31.60439109802246,31.60439109802246,31.60439109802246,100,0.0,0.0,0.0
2023-07-21 00:00:00-04:00,31.619108200073242,31.619108200073242,31.619108200073242,31.619108200073242,100,0.0,0.0,0.0
2023-07-24 00:00:00-04:00,31.78291893005371,31.78291893005371,31.78291893005371,31.78291893005371,100,0.0,0.0,0.0
2023-07-25 00:00:00-04:00,31.948692321777344,31.948692321777344,31.948692321777344,31.948692321777344,200,0.0,0.0,0.0
2023-07-26 00:00:00-04:00,31.899642944335938,31.899642944335938,31.899642944335938,31.899642944335938,100,0.0,0.0,0.0
2023-07-27 00:00:00-04:00,31.830987726501146,31.840795321032004,31.758398056030277,31.758398056030273,500,0.0,0.0,0.0
2023-07-28 00:00:00-04:00,32.16155242919922,32.16155242919922,32.16155242919922,32.16155242919922,100,0.0,0.0,0.0
2023-07-31 00:00:00-04:00,32.19392395019531,32.19392395019531,32.19392395019531,32.19392395019531,100,0.0,0.0,0.0
2023-08-01 00:00:00-04:00,32.122318267822266,32.122318267822266,32.122318267822266,32.122318267822266,100,0.0,0.0,0.0
2023-08-02 00:00:00-04:00,31.60928726196289,31.60928726196289,31.60928726196289,31.60928726196289,100,0.0,0.0,0.0
2023-08-03 00:00:00-04:00,31.607330322265625,31.607330322265625,31.607330322265625,31.607330322265625,100,0.0,0.0,0.0
2023-08-04 00:00:00-04:00,31.401338577270508,31.401338577270508,31.401338577270508,31.401338577270508,0,0.0,0.0,0.0
2023-08-07 00:00:00-04:00,31.664220809936523,31.664220809936523,31.664220809936523,31.664220809936523,100,0.0,0.0,0.0
2023-08-08 00:00:00-04:00,31.616159439086914,31.616159439086914,31.616159439086914,31.616159439086914,100,0.0,0.0,0.0
2023-08-09 00:00:00-04:00,31.37779998779297,31.37779998779297,31.37779998779297,31.37779998779297,100,0.0,0.0,0.0
2023-08-10 00:00:00-04:00,31.402320861816406,31.402320861816406,31.402320861816406,31.402320861816406,100,0.0,0.0,0.0
2023-08-11 00:00:00-04:00,31.321884155273438,31.321884155273438,31.321884155273438,31.321884155273438,100,0.0,0.0,0.0
2023-08-14 00:00:00-04:00,31.615175247192383,31.615175247192383,31.615175247192383,31.615175247192383,100,0.0,0.0,0.0
2023-08-15 00:00:00-04:00,31.357192993164062,31.357192993164062,31.357192993164062,31.357192993164062,100,0.0,0.0,0.0
2023-08-16 00:00:00-04:00,31.120792388916016,31.120792388916016,31.120792388916016,31.120792388916016,100,0.0,0.0,0.0
2023-08-17 00:00:00-04:00,30.9707088470459,30.9707088470459,30.9707088470459,30.9707088470459,200,0.0,0.0,0.0
2023-08-18 00:00:00-04:00,30.88733673095703,30.88733673095703,30.88733673095703,30.88733673095703,100,0.0,0.0,0.0
2023-08-21 00:00:00-04:00,31.308151245117188,31.308151245117188,31.308151245117188,31.308151245117188,0,0.0,0.0,0.0
2023-08-22 00:00:00-04:00,31.227712631225586,31.227712631225586,31.227712631225586,31.227712631225586,100,0.0,0.0,0.0
2023-08-23 00:00:00-04:00,31.58182716369629,31.58182716369629,31.58182716369629,31.58182716369629,0,0.0,0.0,0.0
2023-08-24 00:00:00-04:00,31.173763275146484,31.173763275146484,31.173763275146484,31.173763275146484,100,0.0,0.0,0.0
2023-08-25 00:00:00-04:00,31.358177185058594,31.358177185058594,31.358177185058594,31.358177185058594,100,0.0,0.0,0.0
2023-08-28 00:00:00-04:00,31.526891708374023,31.526891708374023,31.526891708374023,31.526891708374023,100,0.0,0.0,0.0
2023-08-29 00:00:00-04:00,32.068359375,32.068359375,32.068359375,32.068359375,100,0.0,0.0,0.0
2023-08-30 00:00:00-04:00,32.23414611816406,32.23414611816406,32.23414611816406,32.23414611816406,100,0.0,0.0,0.0
2023-08-31 00:00:00-04:00,32.237083435058594,32.237083435058594,32.237083435058594,32.237083435058594,100,0.0,0.0,0.0
2023-09-01 00:00:00-04:00,32.23316192626953,32.23316192626953,32.23316192626953,32.23316192626953,100,0.0,0.0,0.0
2023-09-05 00:00:00-04:00,32.23609161376953,32.23609161376953,32.23609161376953,32.23609161376953,100,0.0,0.0,0.0
2023-09-06 00:00:00-04:00,31.906513214111328,31.906513214111328,31.906513214111328,31.906513214111328,100,0.0,0.0,0.0
2023-09-07 00:00:00-04:00,31.84667205810547,31.84667205810547,31.84667205810547,31.84667205810547,100,0.0,0.0,0.0
2023-09-08 00:00:00-04:00,31.88493537902832,31.88493537902832,31.88493537902832,31.88493537902832,0,0.0,0.0,0.0
2023-09-11 00:00:00-04:00,32.13212966918945,32.13212966918945,32.13212966918945,32.13212966918945,100,0.0,0.0,0.0
2023-09-12 00:00:00-04:00,31.975177764892578,31.975177764892578,31.975177764892578,31.975177764892578,100,0.0,0.0,0.0
2023-09-13 00:00:00-04:00,32.09288787841797,32.09288787841797,32.09288787841797,32.09288787841797,100,0.0,0.0,0.0
2023-09-14 00:00:00-04:00,32.312618255615234,32.312618255615234,32.312618255615234,32.312618255615234,0,0.0,0.0,0.0
2023-09-15 00:00:00-04:00,31.874126434326172,31.874126434326172,31.874126434326172,31.874126434326172,100,0.075,0.0,0.0
2023-09-18 00:00:00-04:00,31.887893676757812,31.887893676757812,31.887893676757812,31.887893676757812,100,0.0,0.0,0.0
2023-09-19 00:00:00-04:00,31.818078994750977,31.818078994750977,31.818078994750977,31.818078994750977,100,0.0,0.0,0.0
2023-09-20 00:00:00-04:00,31.455297470092773,31.455297470092773,31.455297470092773,31.455297470092773,100,0.0,0.0,0.0
2023-09-21 00:00:00-04:00,30.90964126586914,30.90964126586914,30.90964126586914,30.90964126586914,100,0.0,0.0,0.0
2023-09-22 00:00:00-04:00,30.84967041015625,30.84967041015625,30.84967041015625,30.84967041015625,100,0.0,0.0,0.0
2023-09-25 00:00:00-04:00,30.98829460144043,30.98829460144043,30.98829460144043,30.98829460144043,100,0.0,0.0,0.0
2023-09-26 00:00:00-04:00,30.60387420654297,30.60387420654297,30.60387420654297,30.60387420654297,100,0.0,0.0,0.0
2023-09-27 00:00:00-04:00,30.670734405517578,30.670734405517578,30.670734405517578,30.670734405517578,0,0.0,0.0,0.0
2023-09-28 00:00:00-04:00,30.88899803161621,30.88899803161621,30.88899803161621,30.88899803161621,100,0.0,0.0,0.0
2023-09-29 00:00:00-04:00,30.77593231201172,30.77593231201172,30.77593231201172,30.77593231201172,100,0.0,0.0,0.0
2023-10-02 00:00:00-04:00,30.934221267700195,30.934221267700195,30.934221267700195,30.934221267700195,100,0.0,0.0,0.0
2023-10-03 00:00:00-04:00,30.504581451416016,30.504581451416016,30.504581451416016,30.504581451416016,100,0.0,0.0,0.0
2023-10-04 00:00:00-04:00,30.839839935302734,30.839839935302734,30.839839935302734,30.839839935302734,100,0.0,0.0,0.0
2023-10-05 00:00:00-04:00,30.801498413085938,30.801498413085938,30.801498413085938,30.801498413085938,0,0.0,0.0,0.0
2023-10-06 00:00:00-04:00,31.200658798217773,31.200658798217773,31.200658798217773,31.200658798217773,0,0.0,0.0,0.0
2023-10-09 00:00:00-04:00,31.36386489868164,31.36386489868164,31.36386489868164,31.36386489868164,0,0.0,0.0,0.0
2023-10-10 00:00:00-04:00,31.493640899658203,31.493640899658203,31.493640899658203,31.493640899658203,0,0.0,0.0,0.0
2023-10-11 00:00:00-04:00,31.67552375793457,31.67552375793457,31.67552375793457,31.67552375793457,0,0.0,0.0,0.0
2023-10-12 00:00:00-04:00,31.570327758789062,31.570327758789062,31.570327758789062,31.570327758789062,100,0.0,0.0,0.0
2023-10-13 00:00:00-04:00,31.414005279541016,31.414005279541016,31.414005279541016,31.414005279541016,0,0.0,0.0,0.0
2023-10-16 00:00:00-04:00,31.768924713134766,31.768924713134766,31.768924713134766,31.768924713134766,100,0.0,0.0,0.0
2023-10-17 00:00:00-04:00,31.64898109436035,31.64898109436035,31.64898109436035,31.64898109436035,0,0.0,0.0,0.0
2023-10-18 00:00:00-04:00,31.27144432067871,31.27144432067871,31.27144432067871,31.27144432067871,100,0.0,0.0,0.0
2023-10-19 00:00:00-04:00,30.987314224243164,30.987314224243164,30.987314224243164,30.987314224243164,100,0.0,0.0,0.0
2023-10-20 00:00:00-04:00,30.571430206298828,30.571430206298828,30.571430206298828,30.571430206298828,0,0.0,0.0,0.0
2023-10-23 00:00:00-04:00,30.558652877807617,30.558652877807617,30.558652877807617,30.558652877807617,100,0.0,0.0,0.0
2023-10-24 00:00:00-04:00,30.81329345703125,30.81329345703125,30.81329345703125,30.81329345703125,100,0.0,0.0,0.0
2023-10-25 00:00:00-04:00,30.23027801513672,30.23027801513672,30.23027801513672,30.23027801513672,100,0.0,0.0,0.0
2023-10-26 00:00:00-04:00,29.72492790222168,29.72492790222168,29.72492790222168,29.72492790222168,0,0.0,0.0,0.0
2023-10-27 00:00:00-04:00,29.563692092895508,29.563692092895508,29.563692092895508,29.563692092895508,0,0.0,0.0,0.0
2023-10-30 00:00:00-04:00,29.94024658203125,29.94024658203125,29.94024658203125,29.94024658203125,100,0.0,0.0,0.0
2023-10-31 00:00:00-04:00,30.023813247680664,30.023813247680664,30.023813247680664,30.023813247680664,100,0.0,0.0,0.0
2023-11-01 00:00:00-04:00,30.438705445030344,30.438705445030344,30.410194396972656,30.410194396972656,100,0.0,0.0,0.0
2023-11-02 00:00:00-04:00,30.993209838867188,30.993209838867188,30.993209838867188,30.993209838867188,100,0.0,0.0,0.0
2023-11-03 00:00:00-04:00,31.182960510253906,31.182960510253906,31.182960510253906,31.182960510253906,100,0.0,0.0,0.0
2023-11-06 00:00:00-05:00,31.323551177978516,31.323551177978516,31.323551177978516,31.323551177978516,100,0.0,0.0,0.0
2023-11-07 00:00:00-05:00,31.43071746826172,31.43071746826172,31.43071746826172,31.43071746826172,100,0.0,0.0,0.0
2023-11-08 00:00:00-05:00,31.52608871459961,31.52608871459961,31.52608871459961,31.52608871459961,100,0.0,0.0,0.0
2023-11-09 00:00:00-05:00,31.206560134887695,31.206560134887695,31.206560134887695,31.206560134887695,100,0.0,0.0,0.0
2023-11-10 00:00:00-05:00,31.28128005097097,31.733535766601562,31.28128005097097,31.733535766601562,2600,0.0,0.0,0.0
2023-11-13 00:00:00-05:00,31.771875381469727,31.771875381469727,31.771875381469727,31.771875381469727,0,0.0,0.0,0.0
2023-11-14 00:00:00-05:00,32.23003005981445,32.23003005981445,32.23003005981445,32.23003005981445,100,0.0,0.0,0.0
2023-11-15 00:00:00-05:00,32.287056469352414,32.2968864440918,32.24674644703311,32.2968864440918,700,0.0,0.0,0.0
2023-11-16 00:00:00-05:00,32.247722015971696,32.278202056884766,32.2378920433824,32.278202056884766,1000,0.0,0.0,0.0
2023-11-17 00:00:00-05:00,32.21823304760536,32.28115463256836,32.21823304760536,32.28115463256836,400,0.0,0.0,0.0
2023-11-20 00:00:00-05:00,32.52497863769531,32.52497863769531,32.52497863769531,32.52497863769531,200,0.0,0.0,0.0
2023-11-21 00:00:00-05:00,32.4964714050293,32.4964714050293,32.4964714050293,32.4964714050293,100,0.0,0.0,0.0
2023-11-22 00:00:00-05:00,32.69998654247955,32.69998654247955,32.552514402233925,32.577091217041016,1500,0.0,0.0,0.0
2023-11-24 00:00:00-05:00,32.56233029550933,32.56233029550933,32.52791976928711,32.52791976928711,400,0.0,0.0,0.0
2023-11-27 00:00:00-05:00,32.4935188293457,32.4935188293457,32.4935188293457,32.4935188293457,200,0.0,0.0,0.0
2023-11-28 00:00:00-05:00,32.53284639522294,32.53874588012695,32.50335272117008,32.53874588012695,400,0.0,0.0,0.0
2023-11-29 00:00:00-05:00,32.52300990211938,32.52300990211938,32.43255615234375,32.43255615234375,200,0.0,0.0,0.0
2023-11-30 00:00:00-05:00,32.462059020996094,32.462059020996094,32.462059020996094,32.462059020996094,100,0.0,0.0,0.0
2023-12-01 00:00:00-05:00,32.530879974365234,32.530879974365234,32.530879974365234,32.530879974365234,100,0.0,0.0,0.0
2023-12-04 00:00:00-05:00,32.28115463256836,32.28115463256836,32.28115463256836,32.28115463256836,100,0.0,0.0,0.0
2023-12-05 00:00:00-05:00,32.38340759277344,32.38340759277344,32.38340759277344,32.38340759277344,100,0.0,0.0,0.0
2023-12-06 00:00:00-05:00,32.21823501586914,32.21823501586914,32.21823501586914,32.21823501586914,100,0.0,0.0,0.0
2023-12-07 00:00:00-05:00,32.57217525351947,32.57217525351947,32.55152893066406,32.55152893066406,900,0.0,0.0,0.0
2023-12-08 00:00:00-05:00,32.74815525885969,32.74815525885969,32.72062683105469,32.72062683105469,200,0.0,0.0,0.0
2023-12-11 00:00:00-05:00,32.63607406616211,32.63607406616211,32.63607406616211,32.63607406616211,100,0.0,0.0,0.0
2023-12-12 00:00:00-05:00,32.77765655517578,32.77765655517578,32.77765655517578,32.77765655517578,100,0.0,0.0,0.0
2023-12-13 00:00:00-05:00,33.142401754773275,33.162065451732204,33.13945388793945,33.13945388793945,300,0.0,0.0,0.0
2023-12-14 00:00:00-05:00,33.11782455444336,33.11782455444336,33.11782455444336,33.11782455444336,500,0.0,0.0,0.0
2023-12-15 00:00:00-05:00,33.20758056640625,33.20758056640625,33.20758056640625,33.20758056640625,100,0.109,0.0,0.0
2023-12-18 00:00:00-05:00,33.44232940673828,33.44232940673828,33.44232940673828,33.44232940673828,100,0.0,0.0,0.0
2023-12-19 00:00:00-05:00,33.53209686279297,33.53209686279297,33.53209686279297,33.53209686279297,100,0.0,0.0,0.0
2023-12-20 00:00:00-05:00,33.38808241828151,33.38808241828151,33.15135955810547,33.15135955810547,300,0.0,0.0,0.0
2023-12-21 00:00:00-05:00,33.4482536315918,33.4482536315918,33.4482536315918,33.4482536315918,100,0.0,0.0,0.0
2023-12-22 00:00:00-05:00,33.49165725708008,33.49165725708008,33.49165725708008,33.49165725708008,100,0.0,0.0,0.0
2023-12-26 00:00:00-05:00,33.605083352302266,33.693855370398154,33.605083352302266,33.62382507324219,1200,0.0,0.0,0.0
2023-12-27 00:00:00-05:00,33.661312103271484,33.661312103271484,33.661312103271484,33.661312103271484,100,0.0,0.0,0.0
2023-12-28 00:00:00-05:00,33.75304256540652,33.75304256540652,33.65835189819336,33.65835189819336,100,0.0,0.0,0.0
2023-12-29 00:00:00-05:00,33.579437255859375,33.579437255859375,33.579437255859375,33.579437255859375,100,0.0,0.0,0.0
2024-01-02 00:00:00-05:00,33.20068015000457,33.29142379760742,33.20068015000457,33.29142379760742,200,0.0,0.0,0.0
2024-01-03 00:00:00-05:00,33.14149856567383,33.14149856567383,33.14149856567383,33.14149856567383,100,0.0,0.0,0.0
2024-01-04 00:00:00-05:00,33.00242614746094,33.00242614746094,33.00242614746094,33.00242614746094,100,0.0,0.0,0.0
2024-01-05 00:00:00-05:00,33.01919174194336,33.01919174194336,33.01919174194336,33.01919174194336,100,0.0,0.0,0.0
2024-01-08 00:00:00-05:00,33.641578674316406,33.641578674316406,33.641578674316406,33.641578674316406,100,0.0,0.0,0.0
2024-01-09 00:00:00-05:00,33.714569091796875,33.714569091796875,33.714569091796875,33.714569091796875,100,0.0,0.0,0.0
2024-01-10 00:00:00-05:00,33.973976135253906,33.973976135253906,33.973976135253906,33.973976135253906,100,0.0,0.0,0.0
2024-01-11 00:00:00-05:00,33.92071205920246,34.01836013793945,33.92071205920246,34.01836013793945,700,0.0,0.0,0.0
2024-01-12 00:00:00-05:00,34.01442174997608,34.01540756225586,34.01442174997608,34.01540756225586,2300,0.0,0.0,0.0
2024-01-16 00:00:00-05:00,34.14955003178985,34.14955003178985,34.01737594604492,34.01737594604492,800,0.0,0.0,0.0
2024-01-17 00:00:00-05:00,33.84181638863636,33.8881721496582,33.84181638863636,33.8881721496582,300,0.0,0.0,0.0
2024-01-18 00:00:00-05:00,34.12785115104813,34.22254180908203,34.0292172438042,34.22254180908203,300,0.0,0.0,0.0
2024-01-19 00:00:00-05:00,34.55198624097658,34.70388412475586,34.55198624097658,34.70388412475586,100,0.0,0.0,0.0
2024-01-22 00:00:00-05:00,34.91693377299795,34.91693377299795,34.766021728515625,34.766021728515625,2600,0.0,0.0,0.0
2024-01-23 00:00:00-05:00,34.69993333223775,34.90213394165039,34.69993333223775,34.90213394165039,1400,0.0,0.0,0.0
2024-01-24 00:00:00-05:00,35.05305099487305,35.05305099487305,35.05305099487305,35.05305099487305,100,0.0,0.0,0.0
2024-01-25 00:00:00-05:00,34.97611486719925,34.990909576416016,34.97611486719925,34.990909576416016,200,0.0,0.0,0.0
2024-01-26 00:00:00-05:00,34.98598579704372,34.98598579704372,34.98302459716797,34.98302459716797,200,0.0,0.0,0.0
2024-01-29 00:00:00-05:00,35.318382263183594,35.318382263183594,35.318382263183594,35.318382263183594,100,0.0,0.0,0.0
2024-01-30 00:00:00-05:00,35.43970739369278,35.43970739369278,35.281890869140625,35.281890869140625,700,0.0,0.0,0.0
2024-01-31 00:00:00-05:00,34.759114410219944,34.759114410219944,34.59044647216797,34.59044647216797,300,0.0,0.0,0.0
2024-02-01 00:00:00-05:00,34.887345114132415,35.043190002441406,34.887345114132415,35.043190002441406,300,0.0,0.0,0.0
2024-02-02 00:00:00-05:00,35.66261672973633,35.66261672973633,35.66261672973633,35.66261672973633,100,0.0,0.0,0.0
2024-02-05 00:00:00-05:00,35.62711058826622,35.7967643737793,35.62711058826622,35.7967643737793,600,0.0,0.0,0.0
2024-02-06 00:00:00-05:00,35.903288675726756,35.903288675726756,35.70798873901367,35.70798873901367,400,0.0,0.0,0.0
2024-02-07 00:00:00-05:00,35.8539730734847,36.134098052978516,35.8539730734847,36.134098052978516,300,0.0,0.0,0.0
2024-02-08 00:00:00-05:00,36.15974426269531,36.15974426269531,36.15974426269531,36.15974426269531,400,0.0,0.0,0.0
2024-02-09 00:00:00-05:00,36.62332461025848,36.64009094238281,36.62332461025848,36.64009094238281,200,0.0,0.0,0.0
2024-02-12 00:00:00-05:00,36.71210291057388,36.71210291057388,36.430992126464844,36.430992126464844,400,0.0,0.0,0.0
2024-02-13 00:00:00-05:00,35.90329013064549,35.968387603759766,35.85396941637568,35.968387603759766,1300,0.0,0.0,0.0
2024-02-14 00:00:00-05:00,36.38660430908203,36.38660430908203,36.38660430908203,36.38660430908203,100,0.0,0.0,0.0
2024-02-15 00:00:00-05:00,36.38167190551758,36.38167190551758,36.38167190551758,36.38167190551758,100,0.0,0.0,0.0
2024-02-16 00:00:00-05:00,36.2978345090739,36.41619596182177,36.24062728881836,36.24062728881836,600,0.0,0.0,0.0
2024-02-20 00:00:00-05:00,36.07097227663274,36.07097227663274,35.567933297396515,35.71884536743164,500,0.0,0.0,0.0
2024-02-21 00:00:00-05:00,35.75828552246094,35.75828552246094,35.75828552246094,35.75828552246094,100,0.0,0.0,0.0
2024-02-22 00:00:00-05:00,37.02083206176758,37.02083206176758,37.02083206176758,37.02083206176758,100,0.0,0.0,0.0
2024-02-23 00:00:00-05:00,37.27432505380851,37.27432505380851,37.02083206176758,37.02083206176758,900,0.0,0.0,0.0
2024-02-26 00:00:00-05:00,37.04154800549513,37.04647706759678,36.965599060058594,36.965599060058594,900,0.0,0.0,0.0
2024-02-27 00:00:00-05:00,36.93896142124966,36.93896142124966,36.88274002075195,36.88274002075195,400,0.0,0.0,0.0
2024-02-28 00:00:00-05:00,36.70223617553711,36.70223617553711,36.70223617553711,36.70223617553711,100,0.0,0.0,0.0
2024-02-29 00:00:00-05:00,37.09381866455078,37.09381866455078,37.09381866455078,37.09381866455078,200,0.0,0.0,0.0
2024-03-01 00:00:00-05:00,37.4666633605957,37.4666633605957,37.4666633605957,37.4666633605957,100,0.0,0.0,0.0
2024-03-04 00:00:00-05:00,37.324623107910156,37.324623107910156,37.324623107910156,37.324623107910156,300,0.0,0.0,0.0
2024-03-05 00:00:00-05:00,36.89555740356445,36.89555740356445,36.89555740356445,36.89555740356445,100,0.0,0.0,0.0
2024-03-06 00:00:00-05:00,37.03759492836498,37.1401758429244,37.03759492836498,37.06028366088867,600,0.0,0.0,0.0
2024-03-07 00:00:00-05:00,37.57811737060547,37.57811737060547,37.57811737060547,37.57811737060547,100,0.0,0.0,0.0
2024-03-08 00:00:00-05:00,37.1224250793457,37.1224250793457,37.1224250793457,37.1224250793457,100,0.0,0.0,0.0
2024-03-11 00:00:00-04:00,36.97841254241789,36.97841254241789,36.927120208740234,36.927120208740234,300,0.0,0.0,0.0
2024-03-12 00:00:00-04:00,37.25458693142629,37.668853759765625,37.25458693142629,37.668853759765625,300,0.0,0.0,0.0
2024-03-13 00:00:00-04:00,37.5702230643792,37.5702230643792,37.4942741394043,37.4942741394043,200,0.0,0.0,0.0
2024-03-14 00:00:00-04:00,37.44791793823242,37.44791793823242,37.44791793823242,37.44791793823242,100,0.0,0.0,0.0
2024-03-15 00:00:00-04:00,37.05177688598633,37.05177688598633,37.05177688598633,37.05177688598633,100,0.059,0.0,0.0
2024-03-18 00:00:00-04:00,37.64845818885181,37.64845818885181,37.43606185913086,37.43606185913086,200,0.0,0.0,0.0
2024-03-19 00:00:00-04:00,37.38173277793932,37.64154815673828,37.38173277793932,37.64154815673828,200,0.0,0.0,0.0
2024-03-20 00:00:00-04:00,37.93791198730469,37.93791198730469,37.93791198730469,37.93791198730469,100,0.0,0.0,0.0
2024-03-21 00:00:00-04:00,38.152287552008005,38.152287552008005,38.00114059448242,38.00114059448242,4900,0.0,0.0,0.0
2024-03-22 00:00:00-04:00,38.13450241088867,38.13450241088867,38.13450241088867,38.13450241088867,100,0.0,0.0,0.0
2024-03-25 00:00:00-04:00,38.0287971496582,38.0287971496582,38.0287971496582,38.0287971496582,100,0.0,0.0,0.0
2024-03-26 00:00:00-04:00,37.894447326660156,37.894447326660156,37.894447326660156,37.894447326660156,100,0.0,0.0,0.0
2024-03-27 00:00:00-04:00,37.98533630371094,37.98533630371094,37.98533630371094,37.98533630371094,200,0.0,0.0,0.0
2024-03-28 00:00:00-04:00,38.004101327651256,38.021881103515625,38.004101327651256,38.021881103515625,1100,0.0,0.0,0.0
2024-04-01 00:00:00-04:00,38.0337447572328,38.0337447572328,37.92013580955853,38.011024475097656,600,0.0,0.0,0.0
2024-04-02 00:00:00-04:00,37.61882626655028,37.71267318725586,37.61882626655028,37.71267318725586,200,0.0,0.0,0.0
2024-04-03 00:00:00-04:00,37.76799011230469,37.76799011230469,37.76799011230469,37.76799011230469,100,0.0,0.0,0.0
2024-04-04 00:00:00-04:00,37.925071239101946,37.925071239101946,37.19502258300781,37.19502258300781,1100,0.0,0.0,0.0
2024-04-05 00:00:00-04:00,37.60894778120278,37.67118453979492,37.60894778120278,37.67118453979492,200,0.0,0.0,0.0
2024-04-08 00:00:00-04:00,37.66822282414965,37.66822282414965,37.66032028198242,37.66032028198242,900,0.0,0.0,0.0
2024-04-09 00:00:00-04:00,37.6148681640625,37.6148681640625,37.6148681640625,37.6148681640625,100,0.0,0.0,0.0
2024-04-10 00:00:00-04:00,37.50917053222656,37.50917053222656,37.50917053222656,37.50917053222656,100,0.0,0.0,0.0
2024-04-11 00:00:00-04:00,38.019901275634766,38.019901275634766,38.019901275634766,38.019901275634766,300,0.0,0.0,0.0
2024-04-12 00:00:00-04:00,37.58326518950148,37.58326518950148,37.45582962036133,37.45582962036133,600,0.0,0.0,0.0
2024-04-15 00:00:00-04:00,37.5891864737964,37.5891864737964,36.920387268066406,36.920387268066406,1600,0.0,0.0,0.0
2024-04-16 00:00:00-04:00,36.94705807330649,36.94705807330649,36.9174188343379,36.939151763916016,400,0.0,0.0,0.0
2024-04-17 00:00:00-04:00,36.89766651880515,36.89766651880515,36.59735107421875,36.59735107421875,400,0.0,0.0,0.0
2024-04-18 00:00:00-04:00,36.56177527482851,36.660566449553265,36.3809928894043,36.3809928894043,800,0.0,0.0,0.0
2024-04-19 00:00:00-04:00,35.87026738381338,35.87026738381338,35.62922286987305,35.62922286987305,900,0.0,0.0,0.0
2024-04-22 00:00:00-04:00,35.840622394129056,35.976951599121094,35.61834881029335,35.976951599121094,600,0.0,0.0,0.0
2024-04-23 00:00:00-04:00,36.265415724270056,36.48670196533203,36.265415724270056,36.48670196533203,300,0.0,0.0,0.0
2024-04-24 00:00:00-04:00,36.526222229003906,36.526222229003906,36.526222229003906,36.526222229003906,100,0.0,0.0,0.0
2024-04-25 00:00:00-04:00,36.057958757935886,36.49065399169922,36.057958757935886,36.49065399169922,200,0.0,0.0,0.0
2024-04-26 00:00:00-04:00,37.335304260253906,37.335304260253906,37.335304260253906,37.335304260253906,100,0.0,0.0,0.0
2024-04-29 00:00:00-04:00,37.49336624145508,37.49336624145508,37.49336624145508,37.49336624145508,100,0.0,0.0,0.0
2024-04-30 00:00:00-04:00,36.95199966430664,36.95199966430664,36.95199966430664,36.95199966430664,100,0.0,0.0,0.0
2024-05-01 00:00:00-04:00,36.61019037669627,36.65958786010742,36.61019037669627,36.65958786010742,400,0.0,0.0,0.0
2024-05-02 00:00:00-04:00,36.933231353759766,36.933231353759766,36.933231353759766,36.933231353759766,200,0.0,0.0,0.0
2024-05-03 00:00:00-04:00,37.49040435928588,37.57931455810234,37.49040435928588,37.53881072998047,600,0.0,0.0,0.0
2024-05-06 00:00:00-04:00,37.81640462058096,38.09103775024414,37.81640462058096,38.09103775024414,700,0.0,0.0,0.0
2024-05-07 00:00:00-04:00,38.14931869506836,38.14931869506836,38.14931869506836,38.14931869506836,100,0.0,0.0,0.0
2024-05-08 00:00:00-04:00,38.04854965209961,38.04854965209961,38.04854965209961,38.04854965209961,100,0.0,0.0,0.0
2024-05-09 00:00:00-04:00,38.13549041748047,38.13549041748047,38.13549041748047,38.13549041748047,100,0.0,0.0,0.0
2024-05-10 00:00:00-04:00,38.152284006967825,38.19377517700195,38.152284006967825,38.19377517700195,100,0.0,0.0,0.0
2024-05-13 00:00:00-04:00,38.15129470825195,38.15129470825195,38.15129470825195,38.15129470825195,200,0.0,0.0,0.0
2024-05-14 00:00:00-04:00,38.11277130480599,38.397281646728516,38.11277130480599,38.397281646728516,500,0.0,0.0,0.0
2024-05-15 00:00:00-04:00,38.99199295043945,38.99199295043945,38.99199295043945,38.99199295043945,100,0.0,0.0,0.0
2024-05-16 00:00:00-04:00,38.90406799316406,38.90406799316406,38.90406799316406,38.90406799316406,100,0.0,0.0,0.0
2024-05-17 00:00:00-04:00,38.85961151123047,38.85961151123047,38.85961151123047,38.85961151123047,100,0.0,0.0,0.0
2024-05-20 00:00:00-04:00,39.071025220209556,39.09078346053255,39.030521392822266,39.030521392822266,1000,0.0,0.0,0.0
2024-05-21 00:00:00-04:00,39.23501205444336,39.23501205444336,39.23501205444336,39.23501205444336,100,0.0,0.0,0.0
2024-05-22 00:00:00-04:00,39.15005013428232,39.176723564810736,38.98210701030675,39.15992736816406,1400,0.0,0.0,0.0
2024-05-23 00:00:00-04:00,39.327871467796825,39.327871467796825,39.04829788208008,39.04829788208008,500,0.0,0.0,0.0
2024-05-24 00:00:00-04:00,39.14511032925468,39.4661750793457,39.14511032925468,39.4661750793457,700,0.0,0.0,0.0
2024-05-28 00:00:00-04:00,39.73291191859373,39.73291191859373,39.66770935058594,39.66770935058594,300,0.0,0.0,0.0
2024-05-29 00:00:00-04:00,39.574845673782924,39.574845673782924,39.475067138671875,39.475067138671875,1600,0.0,0.0,0.0
2024-05-30 00:00:00-04:00,39.41678524773814,39.41678524773814,39.0196533203125,39.0196533203125,1200,0.0,0.0,0.0
2024-05-31 00:00:00-04:00,38.52768018050961,39.161903381347656,38.52768018050961,39.161903381347656,500,0.0,0.0,0.0
2024-06-03 00:00:00-04:00,39.345645904541016,39.345645904541016,39.345645904541016,39.345645904541016,300,0.0,0.0,0.0
2024-06-04 00:00:00-04:00,39.558048248291016,39.558048248291016,39.558048248291016,39.558048248291016,200,0.0,0.0,0.0
2024-06-05 00:00:00-04:00,39.89096348599957,40.18337631225586,39.78229508047948,40.18337631225586,500,0.0,0.0,0.0
2024-06-06 00:00:00-04:00,40.19524002075195,40.19524002075195,40.19524002075195,40.19524002075195,200,0.0,0.0,0.0
2024-06-07 00:00:00-04:00,40.20512390136719,40.20512390136719,40.20512390136719,40.20512390136719,100,0.0,0.0,0.0
2024-06-10 00:00:00-04:00,40.2466149099978,40.26143264770508,40.2466149099978,40.26143264770508,500,0.0,0.0,0.0
2024-06-11 00:00:00-04:00,40.55186462402344,40.55186462402344,40.55186462402344,40.55186462402344,300,0.0,0.0,0.0
2024-06-12 00:00:00-04:00,41.19497960006855,41.19497960006855,41.06655295136322,41.14262008666992,1600,0.0,0.0,0.0
2024-06-13 00:00:00-04:00,41.224624601947994,41.26414108276367,41.224624601947994,41.26414108276367,500,0.0,0.0,0.0
2024-06-14 00:00:00-04:00,41.32835006713867,41.32835006713867,41.32835006713867,41.32835006713867,200,0.0,0.0,0.0
2024-06-17 00:00:00-04:00,41.68497085571289,41.68497085571289,41.68497085571289,41.68497085571289,300,0.0,0.0,0.0
2024-06-18 00:00:00-04:00,41.69880670727485,41.77783966064453,41.69880670727485,41.77783966064453,300,0.0,0.0,0.0
2024-06-20 00:00:00-04:00,41.97541896399134,41.97541896399134,41.535804748535156,41.535804748535156,300,0.0,0.0,0.0
2024-06-21 00:00:00-04:00,41.53779015457593,41.6169266319136,41.37852096557617,41.37852096557617,600,0.057,0.0,0.0
2024-06-24 00:00:00-04:00,41.41907838418301,41.41907838418301,41.089664459228516,41.089664459228516,800,0.0,0.0,0.0
2024-06-25 00:00:00-04:00,41.280585826557044,41.6001091003418,41.280585826557044,41.6001091003418,400,0.0,0.0,0.0
2024-06-26 00:00:00-04:00,41.63670809127488,41.73068618774414,41.54767720346573,41.73068618774414,800,0.0,0.0,0.0
2024-06-27 00:00:00-04:00,41.704966364776176,41.704966364776176,41.69606440783763,41.70100784301758,400,0.0,0.0,0.0
2024-06-28 00:00:00-04:00,42.01261450779685,42.01261450779685,41.51008605957031,41.51008605957031,1100,0.0,0.0,0.0
2024-07-01 00:00:00-04:00,41.74551935419925,41.74551935419925,41.6070277161783,41.70397186279297,1300,0.0,0.0,0.0
2024-07-02 00:00:00-04:00,41.76530982417619,42.020530700683594,41.75838524137799,42.020530700683594,800,0.0,0.0,0.0
2024-07-03 00:00:00-04:00,42.12144136796731,42.52900314331055,42.12144136796731,42.52900314331055,500,0.0,0.0,0.0
2024-07-05 00:00:00-04:00,42.77432185515428,43.08295822143555,42.77332939459366,43.08295822143555,1300,0.0,0.0,0.0
2024-07-08 00:00:00-04:00,43.199686789987496,43.199686789987496,42.97216426644603,43.06713104248047,1100,0.0,0.0,0.0
2024-07-09 00:00:00-04:00,43.288715775560924,43.288715775560924,43.079989633701274,43.14824676513672,1800,0.0,0.0,0.0
2024-07-10 00:00:00-04:00,43.32828928015292,43.663639068603516,43.32828928015292,43.663639068603516,1200,0.0,0.0,0.0
2024-07-11 00:00:00-04:00,43.27883215164464,43.27883215164464,42.776303657050406,42.791141510009766,1400,0.0,0.0,0.0
2024-07-12 00:00:00-04:00,42.734759389903026,43.095826417924954,42.734759389903026,43.03251647949219,1100,0.0,0.0,0.0
2024-07-15 00:00:00-04:00,43.209582987701005,43.209582987701005,43.051306278990594,43.103736877441406,4800,0.0,0.0,0.0
2024-07-16 00:00:00-04:00,43.23926080199177,43.23926080199177,42.972168135452506,43.195735931396484,4800,0.0,0.0,0.0
2024-07-17 00:00:00-04:00,42.61604911658944,42.61604911658944,42.13726043701172,42.13726043701172,1000,0.0,0.0,0.0
2024-07-18 00:00:00-04:00,42.2985045126646,42.2985045126646,41.84444808959961,41.84444808959961,800,0.0,0.0,0.0
2024-07-19 00:00:00-04:00,41.49128723144531,41.49128723144531,41.49128723144531,41.49128723144531,100,0.0,0.0,0.0
2024-07-22 00:00:00-04:00,42.18078431844581,42.19463348388672,41.98293748059802,42.19463348388672,22600,0.0,0.0,0.0
2024-07-23 00:00:00-04:00,42.329173250493305,42.35884895741062,42.089778900146484,42.089778900146484,800,0.0,0.0,0.0
2024-07-24 00:00:00-04:00,40.57823216082739,40.57823216082739,40.47139358520508,40.47139358520508,400,0.0,0.0,0.0
2024-07-25 00:00:00-04:00,40.301251896400736,40.51888003853906,40.05295181274414,40.05295181274414,3200,0.0,0.0,0.0
2024-07-26 00:00:00-04:00,40.2319959530029,40.28047180175781,40.2319959530029,40.28047180175781,700,0.0,0.0,0.0
2024-07-29 00:00:00-04:00,40.7681691140302,40.7681691140302,40.48326873779297,40.48326873779297,20600,0.0,0.0,0.0
2024-07-30 00:00:00-04:00,40.52876245418294,40.52876245418294,40.03117752075195,40.03117752075195,700,0.0,0.0,0.0
2024-07-31 00:00:00-04:00,40.88489674462253,40.977882385253906,40.88489674462253,40.977882385253906,600,0.0,0.0,0.0
2024-08-01 00:00:00-04:00,41.31025658869594,41.31025658869594,40.376426696777344,40.376426696777344,900,0.0,0.0,0.0
2024-08-02 00:00:00-04:00,39.514807242629026,39.729469299316406,39.514807242629026,39.729469299316406,500,0.0,0.0,0.0
2024-08-05 00:00:00-04:00,37.72924970380393,38.86686625923095,37.72924970380393,38.46523666381836,3600,0.0,0.0,0.0
2024-08-06 00:00:00-04:00,38.70859039118211,39.15374486940512,38.70859039118211,38.9786491394043,500,0.0,0.0,0.0
2024-08-07 00:00:00-04:00,39.56921374174921,39.56921374174921,38.59580993652344,38.59580993652344,2200,0.0,0.0,0.0
2024-08-08 00:00:00-04:00,39.213095481265675,39.7126579284668,39.213095481265675,39.7126579284668,5100,0.0,0.0,0.0
2024-08-09 00:00:00-04:00,40.09746551513672,40.09746551513672,40.09746551513672,40.09746551513672,100,0.0,0.0,0.0
2024-08-12 00:00:00-04:00,40.251784348829716,40.251784348829716,40.1132926940918,40.1132926940918,600,0.0,0.0,0.0
2024-08-13 00:00:00-04:00,40.94919204711914,40.94919204711914,40.94919204711914,40.94919204711914,200,0.0,0.0,0.0
2024-08-14 00:00:00-04:00,40.90170849829546,41.06690979003906,40.85521379512097,41.06690979003906,1500,0.0,0.0,0.0
2024-08-15 00:00:00-04:00,41.59713322664347,41.771240234375,41.59713322664347,41.771240234375,900,0.0,0.0,0.0
2024-08-16 00:00:00-04:00,41.88401712043333,41.91369282617575,41.823673248291016,41.823673248291016,800,0.0,0.0,0.0
2024-08-19 00:00:00-04:00,41.973044014699525,42.29948806762695,41.85433742941812,42.29948806762695,1600,0.0,0.0,0.0
2024-08-20 00:00:00-04:00,42.50722999260149,42.50722999260149,42.298500061035156,42.298500061035156,900,0.0,0.0,0.0
2024-08-21 00:00:00-04:00,42.53690969204629,42.53690969204629,42.37863296971814,42.505252838134766,2900,0.0,0.0,0.0
2024-08-22 00:00:00-04:00,42.576476985921055,42.576476985921055,41.90380001733644,41.944358825683594,12200,0.0,0.0,0.0
2024-08-23 00:00:00-04:00,42.527014817036815,42.527014817036815,42.48348617553711,42.48348617553711,200,0.0,0.0,0.0
2024-08-26 00:00:00-04:00,42.19067692222483,42.20848083496094,42.14121238467824,42.20848083496094,400,0.0,0.0,0.0
2024-08-27 00:00:00-04:00,42.112526749808026,42.35192108154297,42.112526749808026,42.35192108154297,400,0.0,0.0,0.0
2024-08-28 00:00:00-04:00,42.04229400248196,42.04229400248196,41.844447158335576,42.03042221069336,600,0.0,0.0,0.0
2024-08-29 00:00:00-04:00,42.210460933552326,42.210460933552326,41.863243103027344,41.863243103027344,6800,0.0,0.0,0.0
2024-08-30 00:00:00-04:00,42.1412145671232,42.250030517578125,41.835544237717265,42.250030517578125,1300,0.0,0.0,0.0
2024-09-03 00:00:00-04:00,41.9631481361543,41.9631481361543,41.043167415254054,41.14901351928711,700,0.0,0.0,0.0
2024-09-04 00:00:00-04:00,41.082737713496456,41.32015467225076,41.082737713496456,41.19353103637695,300,0.0,0.0,0.0
2024-09-05 00:00:00-04:00,41.31025635457094,41.31025635457094,41.08174514770508,41.08174514770508,300,0.0,0.0,0.0
2024-09-06 00:00:00-04:00,41.35972623637143,41.35972623637143,40.31114060686938,40.31311798095703,1700,0.0,0.0,0.0
2024-09-09 00:00:00-04:00,40.74640214504873,40.74640214504873,40.69694137573242,40.69694137573242,300,0.0,0.0,0.0
2024-09-10 00:00:00-04:00,40.72167281296921,40.977882385253906,40.72167281296921,40.977882385253906,400,0.0,0.0,0.0
2024-09-11 00:00:00-04:00,41.6287956237793,41.6287956237793,41.6287956237793,41.6287956237793,100,0.0,0.0,0.0
2024-09-12 00:00:00-04:00,41.67627825998162,42.02151870727539,41.67627825998162,42.02151870727539,100,0.0,0.0,0.0
2024-09-13 00:00:00-04:00,42.22727966308594,42.22727966308594,42.22727966308594,42.22727966308594,100,0.0,0.0,0.0
2024-09-16 00:00:00-04:00,42.03239980132695,42.18671798706055,42.03239980132695,42.18671798706055,7000,0.0,0.0,0.0
2024-09-17 00:00:00-04:00,42.081864864633474,42.15803527832031,42.081864864633474,42.15803527832031,300,0.0,0.0,0.0
2024-09-18 00:00:00-04:00,42.339063667361195,42.339063667361195,42.06208034131551,42.078895568847656,700,0.0,0.0,0.0
2024-09-19 00:00:00-04:00,42.97216185371608,43.09087220390111,42.97216185371608,43.031517028808594,1400,0.0,0.0,0.0
2024-09-20 00:00:00-04:00,42.92357337908816,42.93347563304495,42.90871810913086,42.90871810913086,900,0.051,0.0,0.0
2024-09-23 00:00:00-04:00,42.982995618237815,42.982995618237815,42.97804260253906,42.97804260253906,900,0.0,0.0,0.0
2024-09-24 00:00:00-04:00,42.982994775245125,43.151359525260645,42.982994775245125,43.12461853027344,2100,0.0,0.0,0.0
2024-09-25 00:00:00-04:00,43.22266387939453,43.22266387939453,43.22266387939453,43.22266387939453,100,0.0,0.0,0.0
2024-09-26 00:00:00-04:00,43.181068521224034,43.39301300048828,43.181068521224034,43.39301300048828,400,0.0,0.0,0.0
2024-09-27 00:00:00-04:00,43.379150193439294,43.38905622488574,43.29992083208786,43.32368850708008,800,0.0,0.0,0.0
2024-09-30 00:00:00-04:00,43.19097681010436,43.52968978881836,43.19097681010436,43.52968978881836,300,0.0,0.0,0.0
2024-10-01 00:00:00-04:00,43.30982175523564,43.30982175523564,42.90178167840515,43.12065887451172,900,0.0,0.0,0.0
2024-10-02 00:00:00-04:00,42.8839466928855,43.12164229027397,42.8839466928855,43.08499526977539,500,0.0,0.0,0.0
2024-10-03 00:00:00-04:00,43.01468734765667,43.07807159423828,43.01468734765667,43.07807159423828,200,0.0,0.0,0.0
2024-10-04 00:00:00-04:00,43.458384119999,43.545536041259766,43.458384119999,43.545536041259766,900,0.0,0.0,0.0
2024-10-07 00:00:00-04:00,43.46432283700485,43.46432283700485,43.092926025390625,43.092926025390625,400,0.0,0.0,0.0
2024-10-08 00:00:00-04:00,43.42866982876511,43.67726135253906,43.42866982876511,43.67726135253906,200,0.0,0.0,0.0
2024-10-09 00:00:00-04:00,43.83473205566406,43.83473205566406,43.83473205566406,43.83473205566406,300,0.0,0.0,0.0
2024-10-10 00:00:00-04:00,43.65645900580172,43.698055267333984,43.57722587257241,43.698055267333984,27800,0.0,0.0,0.0
2024-10-11 00:00:00-04:00,43.48809281348512,43.78322982788086,43.48809281348512,43.78322982788086,400,0.0,0.0,0.0
2024-10-14 00:00:00-04:00,44.07242526527212,44.220985513338974,44.07242526527212,44.196224212646484,4200,0.0,0.0,0.0
2024-10-15 00:00:00-04:00,44.0625253698464,44.0625253698464,43.7277717590332,43.7277717590332,300,0.0,0.0,0.0
2024-10-16 00:00:00-04:00,43.67626374375585,43.8069953918457,43.67626374375585,43.8069953918457,600,0.0,0.0,0.0
2024-10-17 00:00:00-04:00,43.82482652721835,43.82482652721835,43.7891731262207,43.7891731262207,300,0.0,0.0,0.0
2024-10-18 00:00:00-04:00,43.95259033803179,43.95259033803179,43.944664001464844,43.944664001464844,200,0.0,0.0,0.0
2024-10-21 00:00:00-04:00,43.92386249087166,43.95060348510742,43.92386249087166,43.95060348510742,1000,0.0,0.0,0.0
2024-10-22 00:00:00-04:00,44.027854919433594,44.027854919433594,44.027854919433594,44.027854919433594,300,0.0,0.0,0.0
2024-10-23 00:00:00-04:00,43.8050209619826,43.8050209619826,43.404903411865234,43.404903411865234,2500,0.0,0.0,0.0
2024-10-24 00:00:00-04:00,43.68122423437587,43.805023193359375,43.68122423437587,43.805023193359375,600,0.0,0.0,0.0
2024-10-25 00:00:00-04:00,43.988243103027344,43.988243103027344,43.988243103027344,43.988243103027344,100,0.0,0.0,0.0
2024-10-28 00:00:00-04:00,44.30021746961221,44.30021746961221,44.10015869140625,44.10015869140625,300,0.0,0.0,0.0
2024-10-29 00:00:00-04:00,44.320024858818705,44.3695436840577,44.320024858818705,44.32497787475586,500,0.0,0.0,0.0
2024-10-30 00:00:00-04:00,44.03281021118164,44.03281021118164,44.03281021118164,44.03281021118164,500,0.0,0.0,0.0
2024-10-31 00:00:00-04:00,42.99388885498047,42.99388885498047,42.99388885498047,42.99388885498047,400,0.0,0.0,0.0
2024-11-01 00:00:00-04:00,43.06717410670452,43.06717410670452,43.056278228759766,43.056278228759766,400,0.0,0.0,0.0
2024-11-04 00:00:00-05:00,42.98893619226401,42.98893619226401,42.78788757324219,42.78788757324219,300,0.0,0.0,0.0
2024-11-05 00:00:00-05:00,43.27021026611328,43.27021026611328,43.27021026611328,43.27021026611328,300,0.0,0.0,0.0
2024-11-06 00:00:00-05:00,44.240786805143856,44.362606048583984,44.08232431514233,44.362606048583984,1700,0.0,0.0,0.0
2024-11-07 00:00:00-05:00,44.55772173048655,45.00141525268555,44.55772173048655,45.00141525268555,1100,0.0,0.0,0.0
2024-11-08 00:00:00-05:00,45.216325054314396,45.39954885135487,45.216325054314396,45.28565216064453,500,0.0,0.0,0.0
2024-11-11 00:00:00-05:00,45.429266042234886,45.45898036218813,45.429266042234886,45.43025588989258,400,0.0,0.0,0.0
2024-11-12 00:00:00-05:00,45.55801666075638,45.58772720177833,45.21138108868577,45.33220672607422,27900,0.0,0.0,0.0
2024-11-13 00:00:00-05:00,45.18166281254063,45.29060649080548,45.17176055908203,45.17176055908203,1600,0.0,0.0,0.0
2024-11-14 00:00:00-05:00,45.11233262960113,45.16185144960731,44.813236236572266,44.813236236572266,21000,0.0,0.0,0.0
2024-11-15 00:00:00-05:00,44.04568247166932,44.102134003534665,44.02587418753266,44.09223175048828,900,0.0,0.0,0.0
2024-11-18 00:00:00-05:00,44.24970559572201,44.29328155517578,44.24970559572201,44.29328155517578,1300,0.0,0.0,0.0
2024-11-19 00:00:00-05:00,44.12194230546945,44.64585876464844,43.97338584145041,44.64585876464844,18700,0.0,0.0,0.0
2024-11-20 00:00:00-05:00,44.458678380157565,44.631996154785156,44.458678380157565,44.631996154785156,1800,0.0,0.0,0.0
2024-11-21 00:00:00-05:00,44.68250274658203,44.68250274658203,44.68250274658203,44.68250274658203,500,0.0,0.0,0.0
2024-11-22 00:00:00-05:00,44.6419005721611,44.82017135620117,44.6419005721611,44.82017135620117,600,0.0,0.0,0.0
2024-11-25 00:00:00-05:00,44.93307876586914,44.93307876586914,44.93307876586914,44.93307876586914,800,0.0,0.0,0.0
2024-11-26 00:00:00-05:00,45.092524846341796,45.267826080322266,45.092524846341796,45.267826080322266,600,0.0,0.0,0.0
2024-11-27 00:00:00-05:00,45.27080228622158,45.27080228622158,44.93406896761777,45.01726150512695,600,0.0,0.0,0.0
2024-11-29 00:00:00-05:00,45.003390849841786,45.392616271972656,45.003390849841786,45.392616271972656,600,0.0,0.0,0.0
2024-12-02 00:00:00-05:00,45.5481048489781,45.77985382080078,45.5481048489781,45.77985382080078,500,0.0,0.0,0.0
2024-12-03 00:00:00-05:00,45.80560911310346,45.942283630371094,45.73628200695957,45.942283630371094,1000,0.0,0.0,0.0
2024-12-04 00:00:00-05:00,46.063107809451346,46.44936367477332,46.063107809451346,46.42262268066406,6600,0.0,0.0,0.0
2024-12-05 00:00:00-05:00,46.295860290527344,46.295860290527344,46.295860290527344,46.295860290527344,200,0.0,0.0,0.0
2024-12-06 00:00:00-05:00,46.627635720299686,46.627635720299686,46.54840258329257,46.57217025756836,700,0.0,0.0,0.0
2024-12-09 00:00:00-05:00,46.56820979977417,46.56820979977417,46.24137878417969,46.24137878417969,3500,0.0,0.0,0.0
2024-12-10 00:00:00-05:00,46.617729830844375,46.617729830844375,46.41569137573242,46.41569137573242,400,0.0,0.0,0.0
2024-12-11 00:00:00-05:00,46.91484544887976,47.111934661865234,46.91484544887976,47.111934661865234,700,0.0,0.0,0.0
2024-12-12 00:00:00-05:00,46.756385803222656,46.756385803222656,46.756385803222656,46.756385803222656,600,0.0,0.0,0.0
2024-12-13 00:00:00-05:00,46.82571171547866,46.82571171547866,46.555335998535156,46.555335998535156,600,0.0,0.0,0.0
2024-12-16 00:00:00-05:00,46.72667342388589,46.91484645745503,46.72667342388589,46.86235809326172,600,0.0,0.0,0.0
2024-12-17 00:00:00-05:00,46.906925201416016,46.906925201416016,46.906925201416016,46.906925201416016,200,0.0,0.0,0.0
2024-12-18 00:00:00-05:00,47.06935451443073,47.09312219123714,45.55900573730469,45.55900573730469,1200,0.0,0.0,0.0
2024-12-19 00:00:00-05:00,45.98387815103128,45.98387815103128,45.391624450683594,45.391624450683594,2300,0.0,0.0,0.0
2024-12-20 00:00:00-05:00,45.64765130009776,46.039626151388525,45.6357421875,45.6357421875,900,0.09,0.0,0.0
2024-12-23 00:00:00-05:00,45.677415907505036,46.23809051513672,45.43925639129744,46.23809051513672,2500,0.0,0.0,0.0
2024-12-24 00:00:00-05:00,46.67968060974102,46.828529357910156,46.67968060974102,46.828529357910156,200,0.0,0.0,0.0
2024-12-26 00:00:00-05:00,46.749145694439974,46.75510025024414,46.749145694439974,46.75510025024414,700,0.0,0.0,0.0
2024-12-27 00:00:00-05:00,46.372053952657716,46.372053952657716,45.6377243742344,45.96321105957031,500,0.0,0.0,0.0
2024-12-30 00:00:00-05:00,45.22094529179005,45.727040943658,45.22094529179005,45.530555725097656,600,0.0,0.0,0.0
2024-12-31 00:00:00-05:00,45.528570959438774,45.528570959438774,44.99369812011719,44.99369812011719,500,0.0,0.0,0.0
2025-01-02 00:00:00-05:00,45.06217110448951,45.06217110448951,44.60569549290466,44.785308837890625,2500,0.0,0.0,0.0
2025-01-03 00:00:00-05:00,45.31025580326057,45.52162551879883,45.31025580326057,45.52162551879883,500,0.0,0.0,0.0
2025-01-06 00:00:00-05:00,46.17855052010508,46.17855052010508,46.04756164550781,46.04756164550781,600,0.0,0.0,0.0
2025-01-07 00:00:00-05:00,45.64765157380515,45.64765157380515,45.27056121826172,45.27056121826172,2300,0.0,0.0,0.0
2025-01-08 00:00:00-05:00,45.39658737182617,45.39658737182617,45.39658737182617,45.39658737182617,100,0.0,0.0,0.0
2025-01-10 00:00:00-05:00,44.92323684692383,44.92323684692383,44.92323684692383,44.92323684692383,300,0.0,0.0,0.0
2025-01-13 00:00:00-05:00,44.29806741471568,44.74462127685547,44.29806741471568,44.74462127685547,1300,0.0,0.0,0.0
2025-01-14 00:00:00-05:00,45.08201974732926,45.08201974732926,44.37745904885321,44.45585250854492,700,0.0,0.0,0.0
2025-01-15 00:00:00-05:00,45.692298889160156,45.692298889160156,45.692298889160156,45.692298889160156,100,0.0,0.0,0.0
2025-01-16 00:00:00-05:00,45.41940689086914,45.41940689086914,45.41940689086914,45.41940689086914,600,0.0,0.0,0.0
2025-01-17 00:00:00-05:00,45.76673126220703,45.76673126220703,45.76673126220703,45.76673126220703,500,0.0,0.0,0.0
2025-01-21 00:00:00-05:00,46.10412644591908,46.10412644591908,45.67345266118655,45.99496841430664,1000,0.0,0.0,0.0
2025-01-22 00:00:00-05:00,46.515946058370496,46.53083055543279,46.41175079345703,46.41175079345703,1000,0.0,0.0,0.0
2025-01-23 00:00:00-05:00,46.4216788842987,46.620147705078125,46.33236810422185,46.620147705078125,1600,0.0,0.0,0.0
2025-01-24 00:00:00-05:00,46.739221365958,46.739221365958,46.53083083487956,46.54571533203125,1300,0.0,0.0,0.0
2025-01-27 00:00:00-05:00,45.24079081984786,45.647650158976155,45.24079081984786,45.5980339050293,4300,0.0,0.0,0.0
2025-01-28 00:00:00-05:00,45.80642579865154,46.639991760253906,45.647651510035736,46.639991760253906,3400,0.0,0.0,0.0
2025-01-29 00:00:00-05:00,46.26587677001953,46.26587677001953,46.26587677001953,46.26587677001953,300,0.0,0.0,0.0
2025-01-30 00:00:00-05:00,46.44152046464837,46.558616638183594,46.44152046464837,46.558616638183594,500,0.0,0.0,0.0
2025-01-31 00:00:00-05:00,46.8285332345888,46.8285332345888,46.33236312866211,46.33236312866211,400,0.0,0.0,0.0
2025-02-03 00:00:00-05:00,45.59803046823368,46.104122277110754,45.49879418234203,45.98305892944336,3300,0.0,0.0,0.0
2025-02-04 00:00:00-05:00,46.07435550621738,46.43159858170244,45.98603653243128,46.42961120605469,800,0.0,0.0,0.0
2025-02-05 00:00:00-05:00,46.369083404541016,46.369083404541016,46.369083404541016,46.369083404541016,400,0.0,0.0,0.0
2025-02-06 00:00:00-05:00,46.69059753417969,46.69059753417969,46.69059753417969,46.69059753417969,200,0.0,0.0,0.0
2025-02-07 00:00:00-05:00,46.33732223510742,46.33732223510742,46.33732223510742,46.33732223510742,100,0.0,0.0,0.0
2025-02-10 00:00:00-05:00,46.48121157202012,46.63006410485083,46.48121157202012,46.57151412963867,900,0.0,0.0,0.0
2025-02-11 00:00:00-05:00,46.453426361083984,46.453426361083984,46.453426361083984,46.453426361083984,200,0.0,0.0,0.0
2025-02-12 00:00:00-05:00,46.25297860644083,46.53083265876993,46.25297860644083,46.480224609375,900,0.0,0.0,0.0
2025-02-13 00:00:00-05:00,47.023033142089844,47.023033142089844,47.023033142089844,47.023033142089844,400,0.0,0.0,0.0
2025-02-14 00:00:00-05:00,46.967463527082735,47.06272506713867,46.967463527082735,47.06272506713867,200,0.0,0.0,0.0
2025-02-18 00:00:00-05:00,47.16592820775554,47.16592820775554,46.73327085100154,46.92677688598633,2600,0.0,0.0,0.0
2025-02-19 00:00:00-05:00,46.73921657314114,47.010128021240234,46.73921657314114,47.010128021240234,300,0.0,0.0,0.0
2025-02-20 00:00:00-05:00,46.709452454186106,46.79677963256836,46.709452454186106,46.79677963256836,400,0.0,0.0,0.0
2025-02-21 00:00:00-05:00,45.936424255371094,45.936424255371094,45.936424255371094,45.936424255371094,100,0.0,0.0,0.0
2025-02-24 00:00:00-05:00,46.1537435361641,46.1537435361641,45.64765167236328,45.64765167236328,400,0.0,0.0,0.0
2025-02-25 00:00:00-05:00,45.69726585668321,45.69726585668321,45.02247421188259,45.331092834472656,800,0.0,0.0,0.0
2025-02-26 00:00:00-05:00,45.34994968006468,45.38964419813989,45.34994968006468,45.37575149536133,8500,0.0,0.0,0.0
2025-02-27 00:00:00-05:00,44.54615020751953,44.54615020751953,44.54615020751953,44.54615020751953,200,0.0,0.0,0.0
2025-02-28 00:00:00-05:00,44.54615087081457,45.31422424316406,44.40722384880754,45.31422424316406,1900,0.0,0.0,0.0
2025-03-03 00:00:00-05:00,45.548416849964404,45.548416849964404,44.2980660738209,44.45187759399414,2000,0.0,0.0,0.0
2025-03-04 00:00:00-05:00,43.80189331872363,44.12936738303525,43.424803004343424,43.990440368652344,900,0.0,0.0,0.0
2025-03-05 00:00:00-05:00,44.6156120300293,44.6156120300293,44.6156120300293,44.6156120300293,100,0.0,0.0,0.0
2025-03-06 00:00:00-05:00,43.92197305158344,43.92197305158344,43.63617706298828,43.63617706298828,400,0.0,0.0,0.0
2025-03-07 00:00:00-05:00,43.61334516277905,43.61334516277905,43.58357238769531,43.58357238769531,600,0.0,0.0,0.0
2025-03-10 00:00:00-04:00,42.779785904038754,42.779785904038754,41.717982210837796,41.933319091796875,700,0.0,0.0,0.0
2025-03-11 00:00:00-04:00,41.678295795635634,41.70012664794922,41.678295795635634,41.70012664794922,500,0.0,0.0,0.0
2025-03-12 00:00:00-04:00,42.13476384537847,42.13476384537847,42.07621765136719,42.07621765136719,5500,0.0,0.0,0.0
2025-03-13 00:00:00-04:00,41.40043870563119,41.499671221867374,41.101741790771484,41.101741790771484,3400,0.0,0.0,0.0
2025-03-14 00:00:00-04:00,41.98592016166237,42.11790084838867,41.98592016166237,42.11790084838867,1800,0.0,0.0,0.0
2025-03-17 00:00:00-04:00,42.035529302036124,42.25880432128906,41.92637128000944,42.25880432128906,400,0.0,0.0,0.0
2025-03-18 00:00:00-04:00,41.678289773778786,41.678289773778786,41.47982097014147,41.502647399902344,3300,0.0,0.0,0.0
2025-03-19 00:00:00-04:00,42.113929748535156,42.113929748535156,42.113929748535156,42.113929748535156,100,0.0,0.0,0.0
2025-03-20 00:00:00-04:00,42.15461481761431,42.15461481761431,42.0732421875,42.0732421875,2400,0.0,0.0,0.0
2025-03-21 00:00:00-04:00,41.77125219512877,42.32754135131836,41.77125219512877,42.32754135131836,66200,0.044,0.0,0.0
2025-03-24 00:00:00-04:00,42.96329815363927,43.30104446411133,42.96329815363927,43.30104446411133,1000,0.0,0.0,0.0
2025-03-25 00:00:00-04:00,43.499723333435846,43.501708984375,43.35071614597511,43.501708984375,3300,0.0,0.0,0.0
2025-03-26 00:00:00-04:00,43.102365654939575,43.102365654939575,42.64541591954483,42.77455520629883,1100,0.0,0.0,0.0
2025-03-27 00:00:00-04:00,42.72488633236107,42.79442579071707,42.62555074512637,42.63548278808594,3300,0.0,0.0,0.0
2025-03-28 00:00:00-04:00,42.48648142692252,42.48648142692252,41.51993179321289,41.51993179321289,1000,0.0,0.0,0.0
2025-03-31 00:00:00-04:00,40.767950067166396,41.73946762084961,40.767950067166396,41.73946762084961,1100,0.0,0.0,0.0
2025-04-01 00:00:00-04:00,41.44344543922186,42.158670087810265,41.44344543922186,42.024566650390625,3800,0.0,0.0,0.0
2025-04-02 00:00:00-04:00,41.7215877178906,42.31661605834961,41.7215877178906,42.31661605834961,4100,0.0,0.0,0.0
2025-04-03 00:00:00-04:00,40.460000595586436,40.54940413764965,40.08351516723633,40.08351516723633,4200,0.0,0.0,0.0
2025-04-04 00:00:00-04:00,38.85074010960587,38.85074010960587,37.70140838623047,37.70140838623047,3000,0.0,0.0,0.0
2025-04-07 00:00:00-04:00,36.02956978494148,37.81763698389384,35.880562606107965,37.523597717285156,7900,0.0,0.0,0.0
2025-04-08 00:00:00-04:00,39.089149985791586,39.089149985791586,36.891815185546875,36.891815185546875,4000,0.0,0.0,0.0
2025-04-09 00:00:00-04:00,37.330886677502264,40.91794967651367,37.330886677502264,40.91794967651367,1000,0.0,0.0,0.0
2025-04-10 00:00:00-04:00,39.742791196249875,39.742791196249875,38.96994858608721,39.37822341918945,1400,0.0,0.0,0.0
2025-04-11 00:00:00-04:00,39.506372723309745,40.10736183917369,39.506372723309745,40.045772552490234,900,0.0,0.0,0.0
2025-04-14 00:00:00-04:00,40.122257890842874,40.31100082397461,40.122257890842874,40.31100082397461,600,0.0,0.0,0.0
2025-04-15 00:00:00-04:00,40.60900896162863,40.60900896162863,40.199737548828125,40.199737548828125,1000,0.0,0.0,0.0
2025-04-16 00:00:00-04:00,39.39113449346627,39.54610240659482,38.87060979726678,39.08219528198242,1200,0.0,0.0,0.0
2025-04-17 00:00:00-04:00,39.59577302665154,39.59577302665154,39.25802669788203,39.3672981262207,800,0.0,0.0,0.0
2025-04-21 00:00:00-04:00,38.48319611326793,38.48319611326793,37.90703908581642,38.324256896972656,1500,0.0,0.0,0.0
2025-04-22 00:00:00-04:00,38.75140827038596,39.37723317814651,38.75140827038596,39.30372619628906,55800,0.0,0.0,0.0
2025-04-23 00:00:00-04:00,40.54940874645063,40.55934457970343,40.04279114345061,40.12821960449219,1500,0.0,0.0,0.0
2025-04-24 00:00:00-04:00,40.499741629029614,41.04410934448242,40.499741629029614,41.04410934448242,1400,0.0,0.0,0.0
2025-04-25 00:00:00-04:00,41.284501525912965,41.57853698730469,41.284501525912965,41.57853698730469,600,0.0,0.0,0.0
2025-04-28 00:00:00-04:00,41.62324142456055,41.62324142456055,41.62324142456055,41.62324142456055,300,0.0,0.0,0.0
2025-04-29 00:00:00-04:00,41.876548767089844,41.876548767089844,41.876548767089844,41.876548767089844,200,0.0,0.0,0.0
2025-04-30 00:00:00-04:00,41.62224646331797,41.99277114868164,41.53284292163944,41.99277114868164,600,0.0,0.0,0.0
2025-05-01 00:00:00-04:00,42.49641141650788,42.5957507930736,42.39310073852539,42.39310073852539,500,0.0,0.0,0.0
2025-05-02 00:00:00-04:00,42.97323259678022,43.13217182297218,42.844097080718676,43.067604064941406,2200,0.0,0.0,0.0
2025-05-05 00:00:00-04:00,42.91363044815099,42.9752197265625,42.91363044815099,42.9752197265625,300,0.0,0.0,0.0
2025-05-06 00:00:00-04:00,42.73481942096554,42.73481942096554,42.65336227416992,42.65336227416992,400,0.0,0.0,0.0
2025-05-07 00:00:00-04:00,42.61562458566126,42.61562458566126,42.21827460304496,42.59178161621094,1300,0.0,0.0,0.0
2025-05-08 00:00:00-04:00,42.82422844769513,43.10237114126785,42.780521392822266,42.780521392822266,500,0.0,0.0,0.0
2025-05-09 00:00:00-04:00,43.02290510816162,43.02290510816162,42.5758873407024,42.62356948852539,5000,0.0,0.0,0.0
2025-05-12 00:00:00-04:00,43.52952223012548,44.1503791809082,43.52952223012548,44.1503791809082,6900,0.0,0.0,0.0
2025-05-13 00:00:00-04:00,44.71163090153284,44.73149877797671,44.68977737426758,44.68977737426758,3500,0.0,0.0,0.0
2025-05-14 00:00:00-04:00,44.87057171697833,44.87057171697833,44.8586540222168,44.8586540222168,400,0.0,0.0,0.0
2025-05-15 00:00:00-04:00,44.87057158544698,45.08911444403917,44.78117182265209,44.881500244140625,1800,0.0,0.0,0.0
2025-05-16 00:00:00-04:00,45.246070861816406,45.246070861816406,45.246070861816406,45.246070861816406,100,0.0,0.0,0.0
2025-05-19 00:00:00-04:00,45.290771484375,45.290771484375,45.290771484375,45.290771484375,300,0.0,0.0,0.0
2025-05-20 00:00:00-04:00,44.92023973584192,44.9947395324707,44.910303903351554,44.9947395324707,700,0.0,0.0,0.0
2025-05-21 00:00:00-04:00,44.6321657395732,44.6321657395732,44.35799433413027,44.43349075317383,500,0.0,0.0,0.0
2025-05-22 00:00:00-04:00,44.50302536307779,44.69176830086682,44.47620391845703,44.47620391845703,300,0.0,0.0,0.0
2025-05-23 00:00:00-04:00,44.06693649291992,44.06693649291992,44.06693649291992,44.06693649291992,300,0.0,0.0,0.0
2025-05-27 00:00:00-04:00,44.78116839625513,44.9947395324707,44.78116839625513,44.9947395324707,1200,0.0,0.0,0.0
2025-05-28 00:00:00-04:00,44.82686233520508,44.82686233520508,44.82686233520508,44.82686233520508,100,0.0,0.0,0.0
2025-05-29 00:00:00-04:00,44.95600128173828,44.95600128173828,44.95600128173828,44.95600128173828,100,0.0,0.0,0.0
2025-05-30 00:00:00-04:00,45.060306549072266,45.060306549072266,45.060306549072266,45.060306549072266,100,0.0,0.0,0.0
2025-06-02 00:00:00-04:00,45.23017883300781,45.23017883300781,45.23017883300781,45.23017883300781,100,0.0,0.0,0.0
2025-06-03 00:00:00-04:00,45.536132379741105,45.536132379741105,45.4646110534668,45.4646110534668,500,0.0,0.0,0.0
2025-06-04 00:00:00-04:00,45.66527401368724,45.67818832397461,45.66527401368724,45.67818832397461,400,0.0,0.0,0.0
2025-06-05 00:00:00-04:00,45.78447541770404,45.78447541770404,45.54010772705078,45.54010772705078,200,0.0,0.0,0.0
2025-06-06 00:00:00-04:00,46.112285886224264,46.12718963623047,46.112285886224264,46.12718963623047,500,0.0,0.0,0.0
2025-06-09 00:00:00-04:00,46.16196003494615,46.18182791331314,46.05268859863281,46.05268859863281,4000,0.0,0.0,0.0
2025-06-10 00:00:00-04:00,46.22155762560051,46.28215408325195,46.22155762560051,46.28215408325195,4000,0.0,0.0,0.0
2025-06-11 00:00:00-04:00,46.37055926162189,46.37055926162189,46.07552719116211,46.07552719116211,400,0.0,0.0,0.0
2025-06-12 00:00:00-04:00,46.16493606567383,46.16493606567383,46.16493606567383,46.16493606567383,100,0.0,0.0,0.0
2025-06-13 00:00:00-04:00,45.824207483740906,45.84208591926589,45.40698967328386,45.41493606567383,1200,0.0,0.0,0.0
2025-06-16 00:00:00-04:00,45.954345703125,45.954345703125,45.954345703125,45.954345703125,200,0.0,0.0,0.0
2025-06-17 00:00:00-04:00,45.73480993907342,45.73480993907342,45.69308853149414,45.69308853149414,1300,0.0,0.0,0.0
2025-06-18 00:00:00-04:00,45.818244935627604,45.818244935627604,45.47354507446289,45.47354507446289,800,0.0,0.0,0.0
2025-06-20 00:00:00-04:00,45.20893096923828,45.20893096923828,45.20893096923828,45.20893096923828,200,0.066,0.0,0.0
2025-06-23 00:00:00-04:00,45.34322776500793,45.673500061035156,45.34322776500793,45.673500061035156,1100,0.0,0.0,0.0
2025-06-24 00:00:00-04:00,46.06943692815706,46.29624938964844,46.06943692815706,46.29624938964844,1500,0.0,0.0,0.0
2025-06-25 00:00:00-04:00,46.49421691894531,46.49421691894531,46.49421691894531,46.49421691894531,100,0.0,0.0,0.0
2025-06-26 00:00:00-04:00,46.75585185312291,46.88517761230469,46.75585185312291,46.88517761230469,1100,0.0,0.0,0.0
2025-06-27 00:00:00-04:00,47.26320371852324,47.26320371852324,46.93491990406685,47.21445846557617,3600,0.0,0.0,0.0
2025-06-30 00:00:00-04:00,47.482057371917314,47.53279113769531,47.482057371917314,47.53279113769531,600,0.0,0.0,0.0
2025-07-01 00:00:00-04:00,47.3029949863576,47.3029949863576,47.232364654541016,47.232364654541016,200,0.0,0.0,0.0
2025-07-02 00:00:00-04:00,47.44425964355469,47.44425964355469,47.44425964355469,47.44425964355469,100,0.0,0.0,0.0
2025-07-03 00:00:00-04:00,47.76060327309678,47.88595199584961,47.76060327309678,47.88595199584961,900,0.0,0.0,0.0
2025-07-07 00:00:00-04:00,47.59247970581055,47.59247970581055,47.59247970581055,47.59247970581055,200,0.0,0.0,0.0
2025-07-08 00:00:00-04:00,47.601434838002376,47.601434838002376,47.5616455078125,47.5616455078125,200,0.0,0.0,0.0
2025-07-09 00:00:00-04:00,47.85909206401558,47.946632385253906,47.85909206401558,47.946632385253906,1500,0.0,0.0,0.0
2025-07-10 00:00:00-04:00,47.870035375187115,47.912811279296875,47.870035375187115,47.912811279296875,600,0.0,0.0,0.0
2025-07-11 00:00:00-04:00,47.81034645551498,47.81034645551498,47.709869384765625,47.709869384765625,300,0.0,0.0,0.0
2025-07-14 00:00:00-04:00,47.854122161865234,47.854122161865234,47.854122161865234,47.854122161865234,400,0.0,0.0,0.0
2025-07-15 00:00:00-04:00,47.79045104980469,47.79045104980469,47.79045104980469,47.79045104980469,1200,0.0,0.0,0.0
2025-07-16 00:00:00-04:00,47.671069409662444,47.863067626953125,47.671069409662444,47.863067626953125,700,0.0,0.0,0.0
2025-07-17 00:00:00-04:00,48.07795333862305,48.07795333862305,48.07795333862305,48.07795333862305,100,0.0,0.0,0.0
2025-07-18 00:00:00-04:00,48.06004333496094,48.06004333496094,48.06004333496094,48.06004333496094,100,0.0,0.0,0.0
2025-07-21 00:00:00-04:00,48.24805920497091,48.427124470559235,48.22119903564453,48.22119903564453,2300,0.0,0.0,0.0
2025-07-22 00:00:00-04:00,48.218215289212495,48.218215289212495,48.13862904171559,48.21224594116211,800,0.0,0.0,0.0
2025-07-23 00:00:00-04:00,48.538543701171875,48.538543701171875,48.538543701171875,48.538543701171875,400,0.0,0.0,0.0
2025-07-24 00:00:00-04:00,48.85887145996094,48.85887145996094,48.85887145996094,48.85887145996094,100,0.0,0.0,0.0
2025-07-25 00:00:00-04:00,48.96431871318176,49.01206970214844,48.96431871318176,49.01206970214844,300,0.0,0.0,0.0
2025-07-28 00:00:00-04:00,49.153332138920156,49.153332138920156,49.01405999725071,49.05186080932617,1900,0.0,0.0,0.0
2025-07-29 00:00:00-04:00,48.75839614868164,48.75839614868164,48.75839614868164,48.75839614868164,400,0.0,0.0,0.0
2025-07-30 00:00:00-04:00,48.765357627399396,48.8250473132286,48.55644941931892,48.668861389160156,1500,0.0,0.0,0.0
2025-07-31 00:00:00-04:00,49.491569227928984,49.491569227928984,48.96332931518555,48.96332931518555,2200,0.0,0.0,0.0
2025-08-01 00:00:00-04:00,48.41717844863425,48.41717844863425,48.27094268798828,48.27094268798828,300,0.0,0.0,0.0
2025-08-04 00:00:00-04:00,48.92453167308921,49.17323303222656,48.92453167308921,49.17323303222656,2000,0.0,0.0,0.0
2025-08-05 00:00:00-04:00,48.79519823119193,48.8349913531684,48.75242233276367,48.75242233276367,2000,0.0,0.0,0.0
2025-08-06 00:00:00-04:00,49.112548828125,49.112548828125,49.112548828125,49.112548828125,100,0.0,0.0,0.0
2025-08-07 00:00:00-04:00,48.86483892653409,48.924528615153626,48.689754486083984,48.689754486083984,700,0.0,0.0,0.0
2025-08-08 00:00:00-04:00,49.1453742980957,49.1453742980957,49.1453742980957,49.1453742980957,200,0.0,0.0,0.0
2025-08-11 00:00:00-04:00,48.959346771240234,48.959346771240234,48.959346771240234,48.959346771240234,200,0.0,0.0,0.0
2025-08-12 00:00:00-04:00,49.5313614325553,49.562198638916016,49.5313614325553,49.562198638916016,400,0.0,0.0,0.0
2025-08-13 00:00:00-04:00,49.62089131861454,49.653717041015625,49.62089131861454,49.653717041015625,200,0.0,0.0,0.0
2025-08-14 00:00:00-04:00,49.54130330455021,49.707435607910156,49.54130330455021,49.707435607910156,300,0.0,0.0,0.0
2025-08-15 00:00:00-04:00,50.01881372439609,50.01881372439609,49.64178466796875,49.64178466796875,500,0.0,0.0,0.0
2025-08-18 00:00:00-04:00,49.57612936031325,49.60597610473633,49.57612936031325,49.60597610473633,300,0.0,0.0,0.0
2025-08-19 00:00:00-04:00,49.322452545166016,49.322452545166016,49.322452545166016,49.322452545166016,100,0.0,0.0,0.0
2025-08-20 00:00:00-04:00,49.40203441605876,49.40203441605876,49.21202850341797,49.21202850341797,300,0.0,0.0,0.0
2025-08-21 00:00:00-04:00,49.09364789719657,49.09364789719657,48.96432591980581,48.9732780456543,4100,0.0,0.0,0.0
2025-08-22 00:00:00-04:00,49.591048886985284,49.634822845458984,49.591048886985284,49.634822845458984,300,0.0,0.0,0.0
2025-08-25 00:00:00-04:00,49.521409303594545,49.68057800842591,49.497535705566406,49.497535705566406,600,0.0,0.0,0.0
2025-08-26 00:00:00-04:00,49.68257141113281,49.68257141113281,49.68257141113281,49.68257141113281,100,0.0,0.0,0.0
2025-08-27 00:00:00-04:00,49.799962467081706,49.80095672607422,49.770115722898026,49.80095672607422,600,0.0,0.0,0.0
2025-08-28 00:00:00-04:00,49.97405040918099,50.01384353637695,49.939232371604895,50.01384353637695,1000,0.0,0.0,0.0
2025-08-29 00:00:00-04:00,49.93923159547033,49.93923159547033,49.69053024668301,49.691524505615234,1600,0.0,0.0,0.0
2025-09-02 00:00:00-04:00,49.16328294983325,49.30255889892578,49.14339018055876,49.30255889892578,1100,0.0,0.0,0.0
2025-09-03 00:00:00-04:00,49.95912657139461,50.00389099121094,49.799957865023295,50.00389099121094,500,0.0,0.0,0.0
2025-09-04 00:00:00-04:00,50.35207748413086,50.35207748413086,50.35207748413086,50.35207748413086,200,0.0,0.0,0.0
2025-09-05 00:00:00-04:00,50.0904426574707,50.0904426574707,50.0904426574707,50.0904426574707,400,0.0,0.0,0.0
2025-09-08 00:00:00-04:00,50.3570455005485,50.3570455005485,50.27547073364258,50.27547073364258,500,0.0,0.0,0.0
2025-09-09 00:00:00-04:00,50.48537826538086,50.48537826538086,50.48537826538086,50.48537826538086,100,0.0,0.0,0.0
2025-09-10 00:00:00-04:00,50.2436408996582,50.2436408996582,50.2436408996582,50.2436408996582,300,0.0,0.0,0.0
2025-09-11 00:00:00-04:00,50.70920944213867,50.70920944213867,50.70920944213867,50.70920944213867,100,0.0,0.0,0.0
2025-09-12 00:00:00-04:00,50.72313690185547,50.72313690185547,50.72313690185547,50.72313690185547,200,0.0,0.0,0.0
2025-09-15 00:00:00-04:00,51.11409378051758,51.11409378051758,51.11409378051758,51.11409378051758,300,0.0,0.0,0.0
2025-09-16 00:00:00-04:00,51.05739212036133,51.05739212036133,51.05739212036133,51.05739212036133,200,0.0,0.0,0.0
2025-09-17 00:00:00-04:00,51.01362138704273,51.03351795108741,50.99372482299805,50.99372482299805,1500,0.0,0.0,0.0
2025-09-18 00:00:00-04:00,51.41154363772277,51.431440201209995,51.07330964820296,51.28420639038086,19300,0.0,0.0,0.0
2025-09-19 00:00:00-04:00,51.449565712816394,51.61989974975586,51.449565712816394,51.61989974975586,600,0.068,0.0,0.0
2025-09-22 00:00:00-04:00,51.90279769897461,51.90279769897461,51.90279769897461,51.90279769897461,200,0.0,0.0,0.0
2025-09-23 00:00:00-04:00,51.461517333984375,51.461517333984375,51.461517333984375,51.461517333984375,100,0.0,0.0,0.0
2025-09-24 00:00:00-04:00,51.21348190307617,51.21348190307617,51.21348190307617,51.21348190307617,100,0.0,0.0,0.0
2025-09-25 00:00:00-04:00,50.98836135864258,50.98836135864258,50.98836135864258,50.98836135864258,400,0.0,0.0,0.0
2025-09-26 00:00:00-04:00,51.01126582669011,51.14175796508789,50.92261051435329,51.14175796508789,3800,0.0,0.0,0.0
2025-09-29 00:00:00-04:00,51.236392974853516,51.236392974853516,51.236392974853516,51.236392974853516,200,0.0,0.0,0.0
2025-09-30 00:00:00-04:00,51.22443940632001,51.42266845703125,51.22443940632001,51.42266845703125,500,0.0,0.0,0.0
2025-10-01 00:00:00-04:00,51.07103466132716,51.618899491614464,51.07103466132716,51.549171447753906,1300,0.0,0.0,0.0
2025-10-02 00:00:00-04:00,51.48940761905855,51.677677154541016,51.48940761905855,51.677677154541016,1000,0.0,0.0,0.0
2025-10-03 00:00:00-04:00,51.89781526423991,51.89781526423991,51.66073989868164,51.66073989868164,400,0.0,0.0,0.0
2025-10-06 00:00:00-04:00,51.88187789916992,51.88187789916992,51.88187789916992,51.88187789916992,200,0.0,0.0,0.0
2025-10-07 00:00:00-04:00,51.5093297049079,51.55116653442383,51.5093297049079,51.55116653442383,300,0.0,0.0,0.0
2025-10-08 00:00:00-04:00,51.74839979499744,51.74839979499744,51.72050857543945,51.72050857543945,300,0.0,0.0,0.0
2025-10-09 00:00:00-04:00,51.78824609517212,51.78824609517212,51.49937057495117,51.49937057495117,1600,0.0,0.0,0.0
2025-10-10 00:00:00-04:00,51.57905536325118,51.57905536325118,50.363792419433594,50.363792419433594,4100,0.0,0.0,0.0
2025-10-13 00:00:00-04:00,50.987361907958984,50.987361907958984,50.987361907958984,50.987361907958984,200,0.0,0.0,0.0
2025-10-14 00:00:00-04:00,50.99931716918945,50.99931716918945,50.99931716918945,50.99931716918945,100,0.0,0.0,0.0
2025-10-15 00:00:00-04:00,51.33002415697373,51.35492865838507,51.206504821777344,51.206504821777344,126900,0.0,0.0,0.0
2025-10-16 00:00:00-04:00,50.845916748046875,50.845916748046875,50.845916748046875,50.845916748046875,200,0.0,0.0,0.0
2025-10-17 00:00:00-04:00,51.270263671875,51.270263671875,51.270263671875,51.270263671875,100,0.0,0.0,0.0
2025-10-20 00:00:00-04:00,51.40972047802697,51.91475296020508,51.40972047802697,51.91475296020508,400,0.0,0.0,0.0
2025-10-21 00:00:00-04:00,51.85797337922755,51.9486198425293,51.85797337922755,51.9486198425293,600,0.0,0.0,0.0
2025-10-22 00:00:00-04:00,51.85896889418697,51.85896889418697,51.7175178527832,51.7175178527832,600,0.0,0.0,0.0
2025-10-23 00:00:00-04:00,51.89582443237305,51.89582443237305,51.89582443237305,51.89582443237305,300,0.0,0.0,0.0
2025-10-24 00:00:00-04:00,52.28630703640723,52.32515335083008,52.28630703640723,52.32515335083008,400,0.0,0.0,0.0
2025-10-27 00:00:00-04:00,52.77439900809908,53.06526565551758,52.77439900809908,53.06526565551758,700,0.0,0.0,0.0
2025-10-28 00:00:00-04:00,53.18579864501953,53.18579864501953,53.18579864501953,53.18579864501953,200,0.0,0.0,0.0
2025-10-29 00:00:00-04:00,53.138980865478516,53.138980865478516,53.138980865478516,53.138980865478516,300,0.0,0.0,0.0
2025-10-30 00:00:00-04:00,52.728580474853516,52.728580474853516,52.728580474853516,52.728580474853516,300,0.0,0.0,0.0
2025-10-31 00:00:00-04:00,52.5333366394043,52.5333366394043,52.5333366394043,52.5333366394043,200,0.0,0.0,0.0
2025-11-03 00:00:00-05:00,52.563228607177734,52.563228607177734,52.563228607177734,52.563228607177734,400,0.0,0.0,0.0
2025-11-04 00:00:00-05:00,52.093055725097656,52.093055725097656,52.093055725097656,52.093055725097656,200,0.0,0.0,0.0
2025-11-05 00:00:00-05:00,52.27235794067383,52.27235794067383,52.27235794067383,52.27235794067383,100,0.0,0.0,0.0
2025-11-06 00:00:00-05:00,52.156806366382774,52.156806366382774,51.6876335144043,51.6876335144043,600,0.0,0.0,0.0
2025-11-07 00:00:00-05:00,48.98914822398282,51.65376663208008,48.98914822398282,51.65376663208008,700,0.0,0.0,0.0
2025-11-10 00:00:00-05:00,52.478552480105336,52.574180603027344,52.478552480105336,52.574180603027344,200,0.0,0.0,0.0
2025-11-11 00:00:00-05:00,52.704673767089844,52.704673767089844,52.704673767089844,52.704673767089844,300,0.0,0.0,0.0
2025-11-12 00:00:00-05:00,52.59609363320492,52.67478942871094,52.59609363320492,52.67478942871094,600,0.0,0.0,0.0
2025-11-13 00:00:00-05:00,52.54528980974434,52.54528980974434,51.93865203857422,51.93865203857422,1400,0.0,0.0,0.0
2025-11-14 00:00:00-05:00,51.97850384199052,52.09704152849998,51.915748596191406,51.915748596191406,2800,0.0,0.0,0.0
2025-11-17 00:00:00-05:00,51.94264136944742,52.047233439990315,51.34994916981078,51.469482421875,1800,0.0,0.0,0.0
2025-11-18 00:00:00-05:00,51.21348029586843,51.33999015377351,51.07402420043945,51.07402420043945,1100,0.0,0.0,0.0
2025-11-19 00:00:00-05:00,51.29915237426758,51.29915237426758,51.29915237426758,51.29915237426758,100,0.0,0.0,0.0
2025-11-20 00:00:00-05:00,51.688629438977706,51.688629438977706,50.71442413330078,50.71442413330078,400,0.0,0.0,0.0
2025-11-21 00:00:00-05:00,50.86185450589123,51.322059631347656,50.86185450589123,51.322059631347656,8400,0.0,0.0,0.0
2025-11-24 00:00:00-05:00,52.019344329833984,52.019344329833984,52.019344329833984,52.019344329833984,300,0.0,0.0,0.0
2025-11-25 00:00:00-05:00,52.236496337978245,52.70268249511719,51.927701777369364,52.70268249511719,2300,0.0,0.0,0.0
2025-11-26 00:00:00-05:00,52.82918930053711,52.82918930053711,52.82918930053711,52.82918930053711,100,0.0,0.0,0.0
2025-11-28 00:00:00-05:00,52.9497184753418,52.9497184753418,52.9497184753418,52.9497184753418,100,0.0,0.0,0.0
2025-12-01 00:00:00-05:00,52.68973159790039,52.68973159790039,52.68973159790039,52.68973159790039,200,0.0,0.0,0.0
2025-12-02 00:00:00-05:00,52.93178939819336,52.93178939819336,52.93178939819336,52.93178939819336,200,0.0,0.0,0.0
2025-12-03 00:00:00-05:00,52.978603682641655,53.12304142988822,52.978603682641655,52.98358154296875,800,0.0,0.0,0.0
2025-12-04 00:00:00-05:00,53.05331229753857,53.05331229753857,52.933779045392754,53.0244255065918,900,0.0,0.0,0.0
2025-12-05 00:00:00-05:00,53.256526156457596,53.302345275878906,53.256526156457596,53.302345275878906,600,0.0,0.0,0.0
2025-12-08 00:00:00-05:00,52.88795852661133,52.88795852661133,52.88795852661133,52.88795852661133,200,0.0,0.0,0.0
2025-12-09 00:00:00-05:00,52.86405114253034,52.86405114253034,52.79631423950195,52.79631423950195,3700,0.0,0.0,0.0
2025-12-10 00:00:00-05:00,52.64789226025427,52.881980895996094,52.57517369941095,52.881980895996094,1500,0.0,0.0,0.0
2025-12-11 00:00:00-05:00,53.113082302943006,53.16189193725586,53.113082302943006,53.16189193725586,400,0.0,0.0,0.0
2025-12-12 00:00:00-05:00,53.35214949499948,53.35214949499948,52.82719421386719,52.82719421386719,200,0.0,0.0,0.0
2025-12-15 00:00:00-05:00,53.10312256197979,53.10312256197979,52.75149180201655,52.75547409057617,500,0.0,0.0,0.0
2025-12-16 00:00:00-05:00,52.75547409057617,52.75547409057617,52.75547409057617,52.75547409057617,200,0.0,0.0,0.0
2025-12-17 00:00:00-05:00,52.642914302279515,52.642914302279515,52.07413101196289,52.07413101196289,2300,0.0,0.0,0.0
2025-12-18 00:00:00-05:00,52.4357171220762,52.529354095458984,52.4357171220762,52.529354095458984,200,0.0,0.0,0.0
2025-12-19 00:00:00-05:00,53.02024605089804,53.02024605089804,52.88056215606567,52.914485931396484,400,0.086,0.0,0.0
2025-12-22 00:00:00-05:00,53.349505208720664,53.349505208720664,53.27467346191406,53.27467346191406,500,0.0,0.0,0.0
2025-12-23 00:00:00-05:00,53.59994125366211,53.59994125366211,53.59994125366211,53.59994125366211,100,0.0,0.0,0.0
2025-12-24 00:00:00-05:00,53.6089161268724,53.81844196722468,53.6089161268724,53.72665023803711,500,0.0,0.0,0.0
2025-12-26 00:00:00-05:00,53.878308641629886,53.878308641629886,53.73363494873047,53.73363494873047,900,0.0,0.0,0.0
2025-12-29 00:00:00-05:00,53.41934837223653,53.54206848144531,53.41934837223653,53.54206848144531,900,0.0,0.0,0.0
2025-12-30 00:00:00-05:00,53.60892127475753,53.60892127475753,53.538082122802734,53.538082122802734,800,0.0,0.0,0.0
2025-12-31 00:00:00-05:00,53.399390079407404,53.399390079407404,53.19285583496094,53.19285583496094,400,0.0,0.0,0.0
2026-01-02 00:00:00-05:00,53.03122329711914,53.03122329711914,53.03122329711914,53.03122329711914,100,0.0,0.0,0.0
2026-01-05 00:00:00-05:00,53.249725598661556,53.249725598661556,53.113037109375,53.113037109375,900,0.0,0.0,0.0
2026-01-06 00:00:00-05:00,53.21979838850666,53.4393038361548,53.21979838850666,53.43231964111328,7000,0.0,0.0,0.0
2026-01-07 00:00:00-05:00,53.65780569213857,53.888284117395955,53.65780569213857,53.67776107788086,1500,0.0,0.0,0.0
2026-01-08 00:00:00-05:00,53.47920717341025,53.47920717341025,53.40537643432617,53.40537643432617,300,0.0,0.0,0.0
2026-01-09 00:00:00-05:00,53.59794518760436,53.59794518760436,53.49617385864258,53.49617385864258,300,0.0,0.0,0.0
2026-01-12 00:00:00-05:00,53.22977416339523,53.45426940917969,53.22977416339523,53.45426940917969,800,0.0,0.0,0.0
2026-01-13 00:00:00-05:00,53.36946418141117,53.36946418141117,53.10905075073242,53.10905075073242,900,0.0,0.0,0.0
2026-01-14 00:00:00-05:00,52.50141778209165,52.624141693115234,52.38168927232026,52.624141693115234,3000,0.0,0.0,0.0
2026-01-15 00:00:00-05:00,52.920474380243455,52.920474380243455,52.511398474392095,52.528358459472656,1500,0.0,0.0,0.0
2026-01-16 00:00:00-05:00,52.455525475950786,52.68101411303766,52.455525475950786,52.4694938659668,3900,0.0,0.0,0.0
2026-01-20 00:00:00-05:00,51.5236277242875,51.7840411394415,51.23428033102768,51.23627853393555,7300,0.0,0.0,0.0
2026-01-21 00:00:00-05:00,51.39392196637281,52.01252755393023,51.39392196637281,51.88082504272461,2300,0.0,0.0,0.0
2026-01-22 00:00:00-05:00,52.25198025243385,52.4914410738883,52.25198025243385,52.41261672973633,500,0.0,0.0,0.0
2026-01-23 00:00:00-05:00,52.7009706625087,52.7009706625087,52.5443229675293,52.5443229675293,500,0.0,0.0,0.0
2026-01-26 00:00:00-05:00,53.04319381713867,53.04319381713867,53.04319381713867,53.04319381713867,300,0.0,0.0,0.0
2026-01-27 00:00:00-05:00,53.38442640919165,53.38442640919165,53.181880950927734,53.181880950927734,700,0.0,0.0,0.0
2026-01-28 00:00:00-05:00,53.22977328457474,53.22977328457474,53.060158209587605,53.19884490966797,800,0.0,0.0,0.0
2026-01-29 00:00:00-05:00,53.43730545043945,53.43730545043945,53.43730545043945,53.43730545043945,200,0.0,0.0,0.0
2026-01-30 00:00:00-05:00,52.88056473247018,53.00029324728828,52.88056473247018,52.94940948486328,500,0.0,0.0,0.0
2026-02-02 00:00:00-05:00,53.32356262207031,53.32356262207031,53.32356262207031,53.32356262207031,200,0.0,0.0,0.0
2026-02-03 00:00:00-05:00,52.33180207516659,52.33180207516659,52.162183199457154,52.232025146484375,3100,0.0,0.0,0.0
2026-02-04 00:00:00-05:00,52.361736517156054,52.361736517156054,51.88281864790748,52.0324821472168,1000,0.0,0.0,0.0
2026-02-05 00:00:00-05:00,51.64335565023105,51.65333524635474,51.339046478271484,51.339046478271484,1100,0.0,0.0,0.0
2026-02-06 00:00:00-05:00,51.653335290867986,52.39466094970703,51.653335290867986,52.39466094970703,1400,0.0,0.0,0.0
2026-02-09 00:00:00-05:00,52.40164467292291,52.66105707851678,52.391665076880436,52.60219192504883,2200,0.0,0.0,0.0
2026-02-10 00:00:00-05:00,52.611172597245655,52.611172597245655,52.32781219482422,52.32781219482422,1600,0.0,0.0,0.0
2026-02-11 00:00:00-05:00,52.19112014770508,52.19112014770508,52.19112014770508,52.19112014770508,100,0.0,0.0,0.0
2026-02-12 00:00:00-05:00,51.56353491558226,51.56353491558226,51.40190124511719,51.40190124511719,1700,0.0,0.0,0.0
2026-02-13 00:00:00-05:00,51.09459390647349,51.11355209350586,51.0776339222502,51.11355209350586,700,0.0,0.0,0.0
2026-02-17 00:00:00-05:00,51.0846226822893,51.28616714477539,50.77531989030525,51.28616714477539,700,0.0,0.0,0.0
2026-02-18 00:00:00-05:00,51.34403249782795,51.726168817795106,51.34403249782795,51.57551193237305,600,0.0,0.0,0.0
2026-02-19 00:00:00-05:00,51.28616714477539,51.28616714477539,51.28616714477539,51.28616714477539,300,0.0,0.0,0.0
2026-02-20 00:00:00-05:00,51.47374237305768,51.78404235839844,51.47374237305768,51.78404235839844,1900,0.0,0.0,0.0
2026-02-23 00:00:00-05:00,51.463763234332305,51.463763234332305,50.94493462847557,51.01577377319336,900,0.0,0.0,0.0
2026-02-24 00:00:00-05:00,51.5146484375,51.5146484375,51.5146484375,51.5146484375,200,0.0,0.0,0.0
2026-02-25 00:00:00-05:00,52.06041717529297,52.06041717529297,52.06041717529297,52.06041717529297,100,0.0,0.0,0.0
2026-02-26 00:00:00-05:00,51.593471520467546,51.87384033203125,51.56853014118382,51.87384033203125,1600,0.0,0.0,0.0
2026-02-27 00:00:00-05:00,51.17840547392784,51.380950927734375,51.17840547392784,51.380950927734375,300,0.0,0.0,0.0
2026-03-02 00:00:00-05:00,51.23428199863548,51.62340633642664,51.23428199863548,51.59846115112305,1500,0.0,0.0,0.0
2026-03-03 00:00:00-05:00,50.88007976198702,51.22230911254883,50.88007976198702,51.22230911254883,400,0.0,0.0,0.0
2026-03-04 00:00:00-05:00,51.71320038339376,51.71320038339376,51.583492279052734,51.583492279052734,10100,0.0,0.0,0.0
2026-03-05 00:00:00-05:00,50.81522536411984,51.24325942993164,50.81522536411984,51.24325942993164,500,0.0,0.0,0.0
2026-03-06 00:00:00-05:00,50.53586299993228,50.65559151719142,50.53586299993228,50.54983139038086,900,0.0,0.0,0.0
2026-03-09 00:00:00-04:00,49.88732557573346,51.04271697998047,49.88732557573346,51.04271697998047,800,0.0,0.0,0.0
2026-03-10 00:00:00-04:00,51.264213015829476,51.264213015829476,50.998809814453125,50.998809814453125,200,0.0,0.0,0.0
2026-03-11 00:00:00-04:00,50.8252051256764,50.93595504760742,50.8252051256764,50.93595504760742,400,0.0,0.0,0.0
2026-03-12 00:00:00-04:00,50.11680437343113,50.11680437343113,49.9910888671875,49.9910888671875,1100,0.0,0.0,0.0
2026-03-13 00:00:00-04:00,50.16669282697589,50.16669282697589,49.485233306884766,49.485233306884766,200,0.0,0.0,0.0
2026-03-16 00:00:00-04:00,50.086875915527344,50.086875915527344,50.086875915527344,50.086875915527344,100,0.0,0.0,0.0
2026-03-17 00:00:00-04:00,50.18864440917969,50.18864440917969,50.18864440917969,50.18864440917969,300,0.0,0.0,0.0
2026-03-18 00:00:00-04:00,49.437339782714844,49.437339782714844,49.437339782714844,49.437339782714844,200,0.0,0.0,0.0
2026-03-19 00:00:00-04:00,49.02926260930823,49.19987869262695,48.889578707690966,49.19987869262695,600,0.0,0.0,0.0
2026-03-20 00:00:00-04:00,48.46975326538086,48.46975326538086,48.46975326538086,48.46975326538086,100,0.052,0.0,0.0
2026-03-23 00:00:00-04:00,49.116973876953125,49.116973876953125,49.116973876953125,49.116973876953125,100,0.0,0.0,0.0
2026-03-24 00:00:00-04:00,48.871272022120976,48.871272022120976,48.6005973815918,48.6005973815918,200,0.0,0.0,0.0
2026-03-25 00:00:00-04:00,48.804351806640625,48.804351806640625,48.804351806640625,48.804351806640625,400,0.0,0.0,0.0
2026-03-26 00:00:00-04:00,48.52169305044301,48.52169305044301,47.77159118652344,47.77159118652344,400,0.0,0.0,0.0
2026-03-27 00:00:00-04:00,47.123372185445,47.14334863752174,46.698883056640625,46.698883056640625,1100,0.0,0.0,0.0
2026-03-30 00:00:00-04:00,46.84370792661928,46.84370792661928,46.684898376464844,46.684898376464844,300,0.0,0.0,0.0
2026-03-31 00:00:00-04:00,48.35189681890338,48.35189681890338,48.29996109008789,48.29996109008789,400,0.0,0.0,0.0
2026-04-01 00:00:00-04:00,48.75141500396087,48.808345794677734,48.75141500396087,48.808345794677734,700,0.0,0.0,0.0
2026-04-02 00:00:00-04:00,48.1521354177568,48.68349838256836,48.12217264425541,48.68349838256836,5700,0.0,0.0,0.0
2026-04-06 00:00:00-04:00,48.67150955803085,48.91022491455078,48.67150955803085,48.91022491455078,600,0.0,0.0,0.0
2026-04-07 00:00:00-04:00,48.46176553811958,48.8143424987793,48.46176553811958,48.8143424987793,200,0.0,0.0,0.0
2026-04-08 00:00:00-04:00,50.19967371053059,50.3814582824707,50.19967371053059,50.3814582824707,17200,0.0,0.0,0.0
2026-04-09 00:00:00-04:00,50.11977110556425,50.73902587564749,50.11977110556425,50.65712356567383,3700,0.0,0.0,0.0
2026-04-10 00:00:00-04:00,50.42839813232422,50.42839813232422,50.42839813232422,50.42839813232422,100,0.0,0.0,0.0
2026-04-13 00:00:00-04:00,50.22964041134231,51.038665771484375,50.22964041134231,51.038665771484375,700,0.0,0.0,0.0
2026-04-14 00:00:00-04:00,51.87366485595703,51.87366485595703,51.87366485595703,51.87366485595703,500,0.0,0.0,0.0
2026-04-15 00:00:00-04:00,52.53487014770508,52.53487014770508,52.53487014770508,52.53487014770508,200,0.0,0.0,0.0
2026-04-16 00:00:00-04:00,52.72663983031284,52.72663983031284,52.26719285875332,52.444976806640625,1200,0.0,0.0,0.0
2026-04-17 00:00:00-04:00,52.88644778832604,53.475739796170224,52.88644778832604,53.368865966796875,700,0.0,0.0,0.0
2026-04-20 00:00:00-04:00,53.265992135324616,53.265992135324616,53.0562412935561,53.14613342285156,800,0.0,0.0,0.0
2026-04-21 00:00:00-04:00,53.2659901340263,53.2659901340263,52.728633880615234,52.728633880615234,400,0.0,0.0,0.0
2026-04-22 00:00:00-04:00,53.08620710513684,53.13914108276367,53.08620710513684,53.13914108276367,600,0.0,0.0,0.0
2026-04-23 00:00:00-04:00,52.64873504638672,52.64873504638672,52.64873504638672,52.64873504638672,100,0.0,0.0,0.0
2026-04-24 00:00:00-04:00,52.80654259567601,53.182090759277344,52.80654259567601,53.182090759277344,900,0.0,0.0,0.0
2026-04-27 00:00:00-04:00,53.285963995544876,53.37086486816406,53.285963995544876,53.37086486816406,600,0.0,0.0,0.0
2026-04-28 00:00:00-04:00,53.13015365600586,53.13015365600586,53.13015365600586,53.13015365600586,100,0.0,0.0,0.0
2026-04-29 00:00:00-04:00,53.008296966552734,53.008296966552734,53.008296966552734,53.008296966552734,100,0.0,0.0,0.0
2026-04-30 00:00:00-04:00,53.365870264477685,53.365870264477685,53.310935974121094,53.310935974121094,500,0.0,0.0,0.0
2026-05-01 00:00:00-04:00,53.53566273526108,53.53566273526108,53.45875549316406,53.45875549316406,600,0.0,0.0,0.0
2026-05-04 00:00:00-04:00,53.494712829589844,53.494712829589844,53.494712829589844,53.494712829589844,300,0.0,0.0,0.0
2026-05-05 00:00:00-04:00,53.9451718230031,54.20586013793945,53.9451718230031,54.20586013793945,900,0.0,0.0,0.0
2026-05-06 00:00:00-04:00,54.94397113903275,55.49431228637695,54.94397113903275,55.49431228637695,1100,0.0,0.0,0.0
2026-05-07 00:00:00-04:00,55.38344801194222,55.38344801194222,54.959957122802734,54.959957122802734,5400,0.0,0.0,0.0
2026-05-08 00:00:00-04:00,55.5332639141602,55.5901985168457,55.5332639141602,55.5901985168457,500,0.0,0.0,0.0
2026-05-11 00:00:00-04:00,56.06263048453523,56.35227951350449,56.06263048453523,56.15851593017578,1800,0.0,0.0,0.0
2026-05-12 00:00:00-04:00,55.994712829589844,55.994712829589844,55.994712829589844,55.994712829589844,200,0.0,0.0,0.0
2026-05-13 00:00:00-04:00,56.272378254264304,56.62894821166992,56.272378254264304,56.62894821166992,700,0.0,0.0,0.0
2026-05-14 00:00:00-04:00,56.89262984467371,57.101378622058554,56.89262984467371,57.09438705444336,6900,0.0,0.0,0.0
2026-05-15 00:00:00-04:00,56.15751266479492,56.15751266479492,56.15751266479492,56.15751266479492,100,0.0,0.0,0.0
2026-05-18 00:00:00-04:00,56.27237609526191,56.27237609526191,55.60817337036133,55.60817337036133,500,0.0,0.0,0.0
2026-05-19 00:00:00-04:00,55.65312318767853,55.65312318767853,55.279571533203125,55.279571533203125,1100,0.0,0.0,0.0
2026-05-20 00:00:00-04:00,56.188480377197266,56.188480377197266,56.188480377197266,56.188480377197266,300,0.0,0.0,0.0
2026-05-21 00:00:00-04:00,56.636940002441406,56.636940002441406,56.636940002441406,56.636940002441406,300,0.0,0.0,0.0
2026-05-22 00:00:00-04:00,56.691871643066406,56.691871643066406,56.691871643066406,56.691871643066406,200,0.0,0.0,0.0
2026-05-26 00:00:00-04:00,57.63074488916222,57.91640090942383,57.63074488916222,57.91640090942383,200,0.0,0.0,0.0
2026-05-27 00:00:00-04:00,58.00529554693512,58.00529554693512,57.7905534508583,57.83449935913086,500,0.0,0.0,0.0
2026-05-28 00:00:00-04:00,57.65072136826849,58.2000604552047,57.65072136826849,58.09418869018555,1500,0.0,0.0,0.0
2026-05-29 00:00:00-04:00,58.31092834472656,58.31092834472656,58.31092834472656,58.31092834472656,100,0.0,0.0,0.0
2026-06-01 00:00:00-04:00,58.9631462097168,58.9631462097168,58.9631462097168,58.9631462097168,200,0.0,0.0,0.0
2026-06-02 00:00:00-04:00,58.959148854968895,59.130943298339844,58.959148854968895,59.130943298339844,300,0.0,0.0,0.0
2026-06-03 00:00:00-04:00,58.90121841430664,58.90121841430664,58.90121841430664,58.90121841430664,100,0.0,0.0,0.0
2026-06-04 00:00:00-04:00,59.23381805419922,59.23381805419922,59.23381805419922,59.23381805419922,300,0.0,0.0,0.0
2026-06-05 00:00:00-04:00,57.07741165161133,57.07741165161133,57.07741165161133,57.07741165161133,100,0.0,0.0,0.0
2026-06-08 00:00:00-04:00,57.96034644262549,57.96034644262549,57.72562789916992,57.72562789916992,1600,0.0,0.0,0.0
2026-06-09 00:00:00-04:00,58.39982263864868,58.39982263864868,57.48591995239258,57.48591995239258,300,0.0,0.0,0.0
2026-06-10 00:00:00-04:00,57.81052896712343,57.81052896712343,56.4401741027832,56.4401741027832,400,0.0,0.0,0.0
2026-06-11 00:00:00-04:00,58.21803665161133,58.21803665161133,58.21803665161133,58.21803665161133,100,0.0,0.0,0.0
2026-06-12 00:00:00-04:00,58.54964065551758,58.54964065551758,58.54964065551758,58.54964065551758,300,0.0,0.0,0.0
2026-06-15 00:00:00-04:00,60.148719787597656,60.148719787597656,60.148719787597656,60.148719787597656,100,0.0,0.0,0.0
2026-06-16 00:00:00-04:00,59.578404441905036,59.578404441905036,59.49350357055664,59.49350357055664,300,0.0,0.0,0.0
2026-06-17 00:00:00-04:00,59.8580671209214,59.8580671209214,59.0839958190918,59.0839958190918,700,0.0,0.0,0.0
2026-06-18 00:00:00-04:00,60.404998779296875,60.404998779296875,60.29199981689453,60.29199981689453,2700,0.071,0.0,0.0
2026-06-22 00:00:00-04:00,60.540000915527344,60.62200164794922,60.27000045776367,60.62200164794922,1600,0.0,0.0,0.0
2026-06-23 00:00:00-04:00,58.79999923706055,58.79999923706055,58.79800033569336,58.79800033569336,400,0.0,0.0,0.0
2026-06-24 00:00:00-04:00,58.43000030517578,58.632999420166016,58.43000030517578,58.632999420166016,300,0.0,0.0,0.0
2026-06-25 00:00:00-04:00,60.13800048828125,60.13800048828125,60.13800048828125,60.13800048828125,300,0.0,0.0,0.0
2026-06-26 00:00:00-04:00,60.099998474121094,60.13999938964844,59.619998931884766,59.619998931884766,1300,0.0,0.0,0.0
2026-06-29 00:00:00-04:00,60.369998931884766,60.99700164794922,60.369998931884766,60.99700164794922,300,0.0,0.0,0.0
2026-06-30 00:00:00-04:00,61.709999084472656,61.709999084472656,61.709999084472656,61.709999084472656,200,0.0,0.0,0.0
2026-07-01 00:00:00-04:00,60.36000061035156,60.36000061035156,60.23500061035156,60.23500061035156,300,0.0,0.0,0.0
2026-07-02 00:00:00-04:00,59.308998107910156,59.308998107910156,59.308998107910156,59.308998107910156,100,0.0,0.0,0.0
2026-07-06 00:00:00-04:00,59.595001220703125,59.595001220703125,59.595001220703125,59.595001220703125,100,0.0,0.0,0.0
2026-07-07 00:00:00-04:00,58.41999816894531,58.68600082397461,58.41999816894531,58.68600082397461,300,0.0,0.0,0.0
2026-07-08 00:00:00-04:00,58.4900016784668,58.61000061035156,58.4900016784668,58.61000061035156,300,0.0,0.0,0.0
2026-07-09 00:00:00-04:00,59.43000030517578,59.470001220703125,59.255001068115234,59.255001068115234,600,0.0,0.0,0.0
2026-07-10 00:00:00-04:00,59.04999923706055,59.387001037597656,59.04999923706055,59.387001037597656,300,0.0,0.0,0.0
2026-07-13 00:00:00-04:00,58.72999954223633,58.72999954223633,58.47999954223633,58.555999755859375,1300,0.0,0.0,0.0
2026-07-14 00:00:00-04:00,58.880001068115234,59.189998626708984,58.880001068115234,59.189998626708984,2000,0.0,0.0,0.0
2026-07-15 00:00:00-04:00,58.44499969482422,58.73899841308594,58.44499969482422,58.73899841308594,2000,0.0,0.0,0.0
2026-07-16 00:00:00-04:00,57.9900016784668,57.9900016784668,57.88399887084961,57.88399887084961,200,0.0,0.0,0.0
2026-07-17 00:00:00-04:00,56.36000061035156,57.5,56.36000061035156,57.15800094604492,4800,0.0,0.0,0.0
2026-07-20 00:00:00-04:00,57.64500045776367,57.64500045776367,57.0620002746582,57.0620002746582,800,0.0,0.0,0.0
2026-07-21 00:00:00-04:00,57.720001220703125,58.237998962402344,57.720001220703125,58.237998962402344,300,0.0,0.0,0.0
2026-07-22 00:00:00-04:00,57.86000061035156,57.86000061035156,57.86000061035156,57.86000061035156,200,0.0,0.0,0.0
2026-07-23 00:00:00-04:00,57.56999969482422,57.56999969482422,57.499000549316406,57.499000549316406,200,0.0,0.0,0.0
2026-07-24 00:00:00-04:00,57.47999954223633,57.47999954223633,56.9010009765625,56.9010009765625,300,0.0,0.0,0.0
2026-07-27 00:00:00-04:00,56.529998779296875,56.7869987487793,56.529998779296875,56.7869987487793,1900,0.0,0.0,0.0
2026-07-28 00:00:00-04:00,56.30099868774414,56.30099868774414,56.30099868774414,56.30099868774414,200,0.0,0.0,0.0
2026-07-29 00:00:00-04:00,55.7599983215332,55.7599983215332,54.875,54.875,1600,0.0,0.0,0.0
2026-07-30 00:00:00-04:00,56.70000076293945,57.125999450683594,56.70000076293945,57.125999450683594,4500,0.0,0.0,0.0
2026-07-31 00:00:00-04:00,57.150001525878906,57.72999954223633,57.150001525878906,57.57899856567383,5600,0.0,0.0,0.0
