Date,Open,High,Low,Close,Volume,Dividends,Stock Splits,Capital Gains
2002-12-18 00:00:00+08:00,8.897409439086914,9.736786842346191,8.561657905578613,8.561657905578613,2969936,0.0,0.0,0.0
2002-12-19 00:00:00+08:00,8.05803108215332,8.561657905578613,8.05803108215332,8.393781661987305,882945,0.0,0.0,0.0
2002-12-20 00:00:00+08:00,8.225906372070312,8.225906372070312,7.722279071807861,7.890154838562012,315471,0.0,0.0,0.0
2002-12-23 00:00:00+08:00,7.722279071807861,7.890154838562012,7.722279071807861,7.890154838562012,103499,0.0,0.0,0.0
2002-12-24 00:00:00+08:00,7.722279071807861,7.890154838562012,7.722279071807861,7.722279071807861,111451,0.0,0.0,0.0
2002-12-25 00:00:00+08:00,7.722279071807861,7.722279071807861,7.722279071807861,7.722279071807861,0,0.0,0.0,0.0
2002-12-26 00:00:00+08:00,7.554403781890869,7.722279071807861,7.386528015136719,7.554403781890869,341413,0.0,0.0,0.0
2002-12-27 00:00:00+08:00,7.554403781890869,8.561657905578613,7.554403781890869,8.225906372070312,348412,0.0,0.0,0.0
2002-12-30 00:00:00+08:00,8.225906372070312,8.561657905578613,7.890154838562012,8.05803108215332,195382,0.0,0.0,0.0
2002-12-31 00:00:00+08:00,8.05803108215332,8.393781661987305,8.05803108215332,8.393781661987305,131287,0.0,0.0,0.0
2003-01-01 00:00:00+08:00,8.393781661987305,8.393781661987305,8.393781661987305,8.393781661987305,0,0.0,0.0,0.0
2003-01-02 00:00:00+08:00,8.393781661987305,8.897409439086914,8.393781661987305,8.897409439086914,409618,0.0,0.0,0.0
2003-01-03 00:00:00+08:00,9.065284729003906,9.233160018920898,8.393781661987305,8.729533195495605,944121,0.0,0.0,0.0
2003-01-06 00:00:00+08:00,8.729533195495605,9.233160018920898,8.729533195495605,8.897409439086914,758865,0.0,0.0,0.0
2003-01-07 00:00:00+08:00,9.065284729003906,9.401036262512207,9.065284729003906,9.233160018920898,469007,0.0,0.0,0.0
2003-01-08 00:00:00+08:00,9.401036262512207,9.736786842346191,9.233160018920898,9.5689115524292,454473,0.0,0.0,0.0
2003-01-09 00:00:00+08:00,9.5689115524292,10.408289909362793,9.5689115524292,10.072539329528809,764315,0.0,0.0,0.0
2003-01-10 00:00:00+08:00,10.240413665771484,10.240413665771484,9.5689115524292,9.9046630859375,389306,0.0,0.0,0.0
2003-01-13 00:00:00+08:00,9.9046630859375,11.079792022705078,9.9046630859375,11.079792022705078,398747,0.0,0.0,0.0
2003-01-14 00:00:00+08:00,11.079792022705078,11.919171333312988,10.911916732788086,11.583418846130371,446014,0.0,0.0,0.0
2003-01-15 00:00:00+08:00,11.583418846130371,11.919171333312988,11.415543556213379,11.583418846130371,232076,0.0,0.0,0.0
2003-01-16 00:00:00+08:00,11.415543556213379,11.583418846130371,10.576166152954102,10.576166152954102,241249,0.0,0.0,0.0
2003-01-17 00:00:00+08:00,10.576166152954102,11.247668266296387,10.072539329528809,11.247668266296387,340907,0.0,0.0,0.0
2003-01-20 00:00:00+08:00,11.079792022705078,11.583418846130371,10.576166152954102,10.744041442871094,164943,0.0,0.0,0.0
2003-01-21 00:00:00+08:00,10.744041442871094,11.247668266296387,10.744041442871094,10.911916732788086,200654,0.0,0.0,0.0
2003-01-22 00:00:00+08:00,10.911916732788086,11.079792022705078,10.576166152954102,10.576166152954102,90900,0.0,0.0,0.0
2003-01-23 00:00:00+08:00,10.576166152954102,10.911916732788086,10.576166152954102,10.744041442871094,135874,0.0,0.0,0.0
2003-01-24 00:00:00+08:00,10.744041442871094,10.744041442871094,10.072539329528809,10.240413665771484,152523,0.0,0.0,0.0
2003-01-27 00:00:00+08:00,9.9046630859375,10.072539329528809,9.736786842346191,9.736786842346191,136797,0.0,0.0,0.0
2003-01-28 00:00:00+08:00,9.736786842346191,10.240413665771484,9.736786842346191,10.072539329528809,83722,0.0,0.0,0.0
2003-01-29 00:00:00+08:00,10.072539329528809,10.072539329528809,9.401036262512207,9.401036262512207,107192,0.0,0.0,0.0
2003-01-30 00:00:00+08:00,9.401036262512207,9.5689115524292,9.065284729003906,9.233160018920898,123037,0.0,0.0,0.0
2003-01-31 00:00:00+08:00,9.065284729003906,9.401036262512207,9.065284729003906,9.233160018920898,164943,0.0,0.0,0.0
2003-02-03 00:00:00+08:00,9.233160018920898,9.233160018920898,9.233160018920898,9.233160018920898,0,0.0,0.0,0.0
2003-02-04 00:00:00+08:00,9.401036262512207,10.072539329528809,9.401036262512207,9.9046630859375,168606,0.0,0.0,0.0
2003-02-05 00:00:00+08:00,9.9046630859375,10.576166152954102,9.736786842346191,10.072539329528809,396632,0.0,0.0,0.0
2003-02-06 00:00:00+08:00,10.072539329528809,10.576166152954102,9.9046630859375,10.240413665771484,212448,0.0,0.0,0.0
2003-02-07 00:00:00+08:00,10.240413665771484,10.408289909362793,10.240413665771484,10.240413665771484,185792,0.0,0.0,0.0
2003-02-10 00:00:00+08:00,10.240413665771484,10.240413665771484,9.9046630859375,10.072539329528809,29069,0.0,0.0,0.0
2003-02-11 00:00:00+08:00,10.240413665771484,10.408289909362793,10.072539329528809,10.240413665771484,110736,0.0,0.0,0.0
2003-02-12 00:00:00+08:00,10.240413665771484,10.240413665771484,10.240413665771484,10.240413665771484,0,0.0,0.0,0.0
2003-02-13 00:00:00+08:00,10.240413665771484,10.240413665771484,9.9046630859375,9.9046630859375,37319,0.0,0.0,0.0
2003-02-14 00:00:00+08:00,10.072539329528809,10.072539329528809,9.736786842346191,9.9046630859375,66120,0.0,0.0,0.0
2003-02-17 00:00:00+08:00,10.072539329528809,10.408289909362793,10.072539329528809,10.240413665771484,201577,0.0,0.0,0.0
2003-02-18 00:00:00+08:00,10.240413665771484,10.240413665771484,9.9046630859375,10.240413665771484,36098,0.0,0.0,0.0
2003-02-19 00:00:00+08:00,10.240413665771484,10.240413665771484,10.072539329528809,10.072539329528809,32196,0.0,0.0,0.0
2003-02-20 00:00:00+08:00,10.072539329528809,10.408289909362793,9.9046630859375,10.240413665771484,127594,0.0,0.0,0.0
2003-02-21 00:00:00+08:00,10.240413665771484,10.576166152954102,10.240413665771484,10.240413665771484,185851,0.0,0.0,0.0
2003-02-24 00:00:00+08:00,10.408289909362793,10.408289909362793,10.072539329528809,10.240413665771484,59657,0.0,0.0,0.0
2003-02-25 00:00:00+08:00,10.240413665771484,10.240413665771484,9.9046630859375,10.072539329528809,22754,0.0,0.0,0.0
2003-02-26 00:00:00+08:00,10.072539329528809,10.072539329528809,9.736786842346191,9.9046630859375,73089,0.0,0.0,0.0
2003-02-27 00:00:00+08:00,9.5689115524292,9.736786842346191,9.401036262512207,9.5689115524292,59210,0.0,0.0,0.0
2003-02-28 00:00:00+08:00,9.5689115524292,9.5689115524292,9.065284729003906,9.065284729003906,96648,0.0,0.0,0.0
2003-03-03 00:00:00+08:00,9.065284729003906,9.5689115524292,9.065284729003906,9.401036262512207,177333,0.0,0.0,0.0
2003-03-04 00:00:00+08:00,9.401036262512207,9.401036262512207,8.897409439086914,8.897409439086914,59359,0.0,0.0,0.0
2003-03-05 00:00:00+08:00,8.897409439086914,9.065284729003906,8.561657905578613,8.561657905578613,61295,0.0,0.0,0.0
2003-03-06 00:00:00+08:00,8.729533195495605,8.729533195495605,8.05803108215332,8.05803108215332,86194,0.0,0.0,0.0
2003-03-07 00:00:00+08:00,7.890154838562012,8.05803108215332,7.890154838562012,8.05803108215332,97899,0.0,0.0,0.0
2003-03-10 00:00:00+08:00,7.890154838562012,7.890154838562012,7.554403781890869,7.554403781890869,74042,0.0,0.0,0.0
2003-03-11 00:00:00+08:00,7.386528015136719,8.05803108215332,7.386528015136719,8.05803108215332,88041,0.0,0.0,0.0
2003-03-12 00:00:00+08:00,8.05803108215332,8.393781661987305,8.05803108215332,8.225906372070312,68920,0.0,0.0,0.0
2003-03-13 00:00:00+08:00,8.225906372070312,8.225906372070312,7.890154838562012,7.890154838562012,36187,0.0,0.0,0.0
2003-03-14 00:00:00+08:00,8.225906372070312,8.393781661987305,8.05803108215332,8.225906372070312,58644,0.0,0.0,0.0
2003-03-17 00:00:00+08:00,8.05803108215332,8.05803108215332,7.722279071807861,7.722279071807861,24184,0.0,0.0,0.0
2003-03-18 00:00:00+08:00,8.05803108215332,8.561657905578613,8.05803108215332,8.225906372070312,199254,0.0,0.0,0.0
2003-03-19 00:00:00+08:00,8.225906372070312,8.561657905578613,8.225906372070312,8.225906372070312,263647,0.0,0.0,0.0
2003-03-20 00:00:00+08:00,8.393781661987305,8.729533195495605,8.225906372070312,8.393781661987305,410869,0.0,0.0,0.0
2003-03-21 00:00:00+08:00,8.393781661987305,8.393781661987305,8.225906372070312,8.393781661987305,84765,0.0,0.0,0.0
2003-03-24 00:00:00+08:00,8.393781661987305,8.561657905578613,8.225906372070312,8.225906372070312,110945,0.0,0.0,0.0
2003-03-25 00:00:00+08:00,8.05803108215332,8.393781661987305,8.05803108215332,8.05803108215332,99865,0.0,0.0,0.0
2003-03-26 00:00:00+08:00,8.225906372070312,8.561657905578613,8.225906372070312,8.393781661987305,509394,0.0,0.0,0.0
2003-03-27 00:00:00+08:00,8.561657905578613,9.065284729003906,8.561657905578613,8.561657905578613,400236,0.0,0.0,0.0
2003-03-28 00:00:00+08:00,8.561657905578613,8.561657905578613,8.393781661987305,8.393781661987305,30975,0.0,0.0,0.0
2003-03-31 00:00:00+08:00,8.225906372070312,8.225906372070312,7.890154838562012,8.05803108215332,56857,0.0,0.0,0.0
2003-04-01 00:00:00+08:00,8.05803108215332,8.393781661987305,8.05803108215332,8.225906372070312,36902,0.0,0.0,0.0
2003-04-02 00:00:00+08:00,8.225906372070312,8.393781661987305,8.05803108215332,8.393781661987305,92628,0.0,0.0,0.0
2003-04-03 00:00:00+08:00,8.561657905578613,8.561657905578613,8.05803108215332,8.225906372070312,160029,0.0,0.0,0.0
2003-04-04 00:00:00+08:00,8.225906372070312,8.393781661987305,8.05803108215332,8.225906372070312,250512,0.0,0.0,0.0
2003-04-07 00:00:00+08:00,8.225906372070312,8.729533195495605,8.225906372070312,8.729533195495605,277020,0.0,0.0,0.0
2003-04-08 00:00:00+08:00,8.561657905578613,8.561657905578613,8.225906372070312,8.225906372070312,99150,0.0,0.0,0.0
2003-04-09 00:00:00+08:00,8.225906372070312,8.225906372070312,8.05803108215332,8.05803108215332,58019,0.0,0.0,0.0
2003-04-10 00:00:00+08:00,8.05803108215332,8.225906372070312,8.05803108215332,8.05803108215332,72315,0.0,0.0,0.0
2003-04-11 00:00:00+08:00,8.05803108215332,8.05803108215332,7.722279071807861,8.05803108215332,82322,0.0,0.0,0.0
2003-04-14 00:00:00+08:00,7.890154838562012,7.890154838562012,7.554403781890869,7.722279071807861,80357,0.0,0.0,0.0
2003-04-15 00:00:00+08:00,7.722279071807861,7.722279071807861,7.554403781890869,7.722279071807861,76485,0.0,0.0,0.0
2003-04-16 00:00:00+08:00,7.722279071807861,7.890154838562012,7.722279071807861,7.722279071807861,37408,0.0,0.0,0.0
2003-04-17 00:00:00+08:00,7.722279071807861,7.722279071807861,7.554403781890869,7.554403781890869,68205,0.0,0.0,0.0
2003-04-18 00:00:00+08:00,7.554403781890869,7.554403781890869,7.554403781890869,7.554403781890869,0,0.0,0.0,0.0
2003-04-21 00:00:00+08:00,7.554403781890869,7.554403781890869,7.386528015136719,7.386528015136719,38063,0.0,0.0,0.0
2003-04-22 00:00:00+08:00,7.554403781890869,7.554403781890869,6.715025901794434,6.715025901794434,167653,0.0,0.0,0.0
2003-04-23 00:00:00+08:00,7.050776958465576,7.050776958465576,6.547150135040283,6.715025901794434,86284,0.0,0.0,0.0
2003-04-24 00:00:00+08:00,6.547150135040283,6.547150135040283,6.211399078369141,6.211399078369141,41131,0.0,0.0,0.0
2003-04-25 00:00:00+08:00,6.211399078369141,6.211399078369141,5.875647068023682,6.211399078369141,116216,0.0,0.0,0.0
2003-04-28 00:00:00+08:00,6.043522834777832,6.043522834777832,5.7077717781066895,6.043522834777832,105375,0.0,0.0,0.0
2003-04-29 00:00:00+08:00,6.211399078369141,6.715025901794434,6.043522834777832,6.715025901794434,348799,0.0,0.0,0.0
2003-04-30 00:00:00+08:00,6.715025901794434,6.715025901794434,6.379273891448975,6.547150135040283,139984,0.0,0.0,0.0
2003-05-01 00:00:00+08:00,6.547150135040283,6.547150135040283,6.547150135040283,6.547150135040283,0,0.0,0.0,0.0
2003-05-02 00:00:00+08:00,6.715025901794434,7.386528015136719,6.715025901794434,7.21865177154541,369589,0.0,0.0,0.0
2003-05-05 00:00:00+08:00,7.386528015136719,7.554403781890869,7.21865177154541,7.386528015136719,105703,0.0,0.0,0.0
2003-05-06 00:00:00+08:00,7.386528015136719,7.722279071807861,7.050776958465576,7.722279071807861,256856,0.0,0.0,0.0
2003-05-07 00:00:00+08:00,7.722279071807861,8.05803108215332,7.722279071807861,7.890154838562012,223766,0.0,0.0,0.0
2003-05-08 00:00:00+08:00,7.890154838562012,8.225906372070312,7.722279071807861,7.722279071807861,182903,0.0,0.0,0.0
2003-05-09 00:00:00+08:00,7.722279071807861,8.05803108215332,7.554403781890869,7.890154838562012,59389,0.0,0.0,0.0
2003-05-12 00:00:00+08:00,8.05803108215332,8.225906372070312,7.890154838562012,8.05803108215332,197914,0.0,0.0,0.0
2003-05-13 00:00:00+08:00,8.225906372070312,8.225906372070312,7.386528015136719,7.722279071807861,202679,0.0,0.0,0.0
2003-05-14 00:00:00+08:00,7.386528015136719,7.554403781890869,7.21865177154541,7.554403781890869,67669,0.0,0.0,0.0
2003-05-15 00:00:00+08:00,7.554403781890869,7.554403781890869,7.554403781890869,7.554403781890869,0,0.0,0.0,0.0
2003-05-16 00:00:00+08:00,7.554403781890869,7.554403781890869,7.21865177154541,7.386528015136719,54325,0.0,0.0,0.0
2003-05-19 00:00:00+08:00,7.21865177154541,7.21865177154541,7.050776958465576,7.050776958465576,42054,0.0,0.0,0.0
2003-05-20 00:00:00+08:00,6.715025901794434,7.386528015136719,6.715025901794434,7.21865177154541,131764,0.0,0.0,0.0
2003-05-21 00:00:00+08:00,7.386528015136719,7.386528015136719,7.050776958465576,7.050776958465576,80118,0.0,0.0,0.0
2003-05-22 00:00:00+08:00,7.050776958465576,7.21865177154541,7.050776958465576,7.050776958465576,41161,0.0,0.0,0.0
2003-05-23 00:00:00+08:00,7.386528015136719,7.722279071807861,7.386528015136719,7.722279071807861,126492,0.0,0.0,0.0
2003-05-26 00:00:00+08:00,7.722279071807861,8.05803108215332,7.722279071807861,8.05803108215332,187043,0.0,0.0,0.0
2003-05-27 00:00:00+08:00,7.890154838562012,8.05803108215332,7.554403781890869,7.554403781890869,105524,0.0,0.0,0.0
2003-05-28 00:00:00+08:00,7.890154838562012,7.890154838562012,7.722279071807861,7.722279071807861,92300,0.0,0.0,0.0
2003-05-29 00:00:00+08:00,7.722279071807861,7.890154838562012,7.722279071807861,7.722279071807861,61503,0.0,0.0,0.0
2003-05-30 00:00:00+08:00,7.722279071807861,7.890154838562012,7.722279071807861,7.890154838562012,89351,0.0,0.0,0.0
2003-06-02 00:00:00+08:00,7.890154838562012,8.393781661987305,7.890154838562012,8.05803108215332,383617,0.0,0.0,0.0
2003-06-03 00:00:00+08:00,8.05803108215332,8.05803108215332,7.554403781890869,7.554403781890869,116336,0.0,0.0,0.0
2003-06-04 00:00:00+08:00,7.722279071807861,8.393781661987305,7.722279071807861,8.225906372070312,487354,0.0,0.0,0.0
2003-06-05 00:00:00+08:00,8.393781661987305,8.561657905578613,7.890154838562012,7.890154838562012,269723,0.0,0.0,0.0
2003-06-06 00:00:00+08:00,8.05803108215332,8.05803108215332,7.890154838562012,8.05803108215332,121816,0.0,0.0,0.0
2003-06-09 00:00:00+08:00,8.225906372070312,8.561657905578613,8.225906372070312,8.393781661987305,514160,0.0,0.0,0.0
2003-06-10 00:00:00+08:00,8.225906372070312,9.233160018920898,8.225906372070312,9.065284729003906,660012,0.0,0.0,0.0
2003-06-11 00:00:00+08:00,9.065284729003906,9.401036262512207,8.729533195495605,8.729533195495605,605894,0.0,0.0,0.0
2003-06-12 00:00:00+08:00,8.897409439086914,9.233160018920898,8.897409439086914,9.065284729003906,259864,0.0,0.0,0.0
2003-06-13 00:00:00+08:00,8.897409439086914,9.065284729003906,8.729533195495605,8.729533195495605,136112,0.0,0.0,0.0
2003-06-16 00:00:00+08:00,8.729533195495605,8.729533195495605,8.393781661987305,8.561657905578613,70141,0.0,0.0,0.0
2003-06-17 00:00:00+08:00,8.897409439086914,8.897409439086914,8.729533195495605,8.729533195495605,168428,0.0,0.0,0.0
2003-06-18 00:00:00+08:00,8.729533195495605,9.233160018920898,8.561657905578613,8.897409439086914,332865,0.0,0.0,0.0
2003-06-19 00:00:00+08:00,8.897409439086914,9.065284729003906,8.897409439086914,8.897409439086914,139924,0.0,0.0,0.0
2003-06-20 00:00:00+08:00,8.729533195495605,10.072539329528809,8.729533195495605,10.072539329528809,1189094,0.0,0.0,0.0
2003-06-23 00:00:00+08:00,10.240413665771484,10.576166152954102,10.072539329528809,10.240413665771484,576974,0.0,0.0,0.0
2003-06-24 00:00:00+08:00,10.072539329528809,10.408289909362793,9.9046630859375,10.240413665771484,250363,0.0,0.0,0.0
2003-06-25 00:00:00+08:00,10.240413665771484,10.744041442871094,10.240413665771484,10.576166152954102,589186,0.0,0.0,0.0
2003-06-26 00:00:00+08:00,10.576166152954102,10.911916732788086,9.9046630859375,10.072539329528809,578344,0.0,0.0,0.0
2003-06-27 00:00:00+08:00,10.240413665771484,10.408289909362793,9.736786842346191,9.736786842346191,432701,0.0,0.0,0.0
2003-06-30 00:00:00+08:00,9.9046630859375,9.9046630859375,9.5689115524292,9.5689115524292,236156,0.0,0.0,0.0
2003-07-01 00:00:00+08:00,9.5689115524292,9.9046630859375,9.5689115524292,9.5689115524292,217333,0.0,0.0,0.0
2003-07-02 00:00:00+08:00,9.5689115524292,9.736786842346191,9.233160018920898,9.5689115524292,290214,0.0,0.0,0.0
2003-07-03 00:00:00+08:00,9.5689115524292,10.072539329528809,9.401036262512207,9.401036262512207,579148,0.0,0.0,0.0
2003-07-04 00:00:00+08:00,9.401036262512207,9.5689115524292,9.401036262512207,9.5689115524292,206402,0.0,0.0,0.0
2003-07-07 00:00:00+08:00,9.5689115524292,10.240413665771484,9.5689115524292,10.072539329528809,799073,0.0,0.0,0.0
2003-07-08 00:00:00+08:00,10.240413665771484,10.408289909362793,10.072539329528809,10.240413665771484,636274,0.0,0.0,0.0
2003-07-09 00:00:00+08:00,10.240413665771484,10.744041442871094,10.240413665771484,10.240413665771484,732714,0.0,0.0,0.0
2003-07-10 00:00:00+08:00,10.408289909362793,10.744041442871094,10.408289909362793,10.576166152954102,804762,0.0,0.0,0.0
2003-07-11 00:00:00+08:00,10.408289909362793,11.247668266296387,10.408289909362793,11.079792022705078,1211611,0.0,0.0,0.0
2003-07-14 00:00:00+08:00,11.415543556213379,11.75129508972168,11.079792022705078,11.75129508972168,991001,0.0,0.0,0.0
2003-07-15 00:00:00+08:00,11.75129508972168,12.422798156738281,11.75129508972168,11.75129508972168,1135632,0.0,0.0,0.0
2003-07-16 00:00:00+08:00,12.087045669555664,12.758548736572266,11.415543556213379,11.919171333312988,1681006,0.0,0.0,0.0
2003-07-17 00:00:00+08:00,12.087045669555664,12.087045669555664,11.247668266296387,11.247668266296387,298107,0.0,0.0,0.0
2003-07-18 00:00:00+08:00,11.247668266296387,11.583418846130371,11.247668266296387,11.583418846130371,260698,0.0,0.0,0.0
2003-07-21 00:00:00+08:00,11.75129508972168,11.75129508972168,11.079792022705078,11.247668266296387,235948,0.0,0.0,0.0
2003-07-22 00:00:00+08:00,11.079792022705078,11.919171333312988,10.744041442871094,11.415543556213379,1080978,0.0,0.0,0.0
2003-07-23 00:00:00+08:00,11.583418846130371,11.583418846130371,11.079792022705078,11.079792022705078,589662,0.0,0.0,0.0
2003-07-24 00:00:00+08:00,11.247668266296387,11.583418846130371,10.911916732788086,11.079792022705078,501799,0.0,0.0,0.0
2003-07-25 00:00:00+08:00,11.079792022705078,11.583418846130371,11.079792022705078,11.247668266296387,469424,0.0,0.0,0.0
2003-07-28 00:00:00+08:00,11.415543556213379,11.583418846130371,11.247668266296387,11.415543556213379,313297,0.0,0.0,0.0
2003-07-29 00:00:00+08:00,11.247668266296387,12.254921913146973,11.079792022705078,11.583418846130371,3034746,0.0,0.0,0.0
2003-07-30 00:00:00+08:00,11.583418846130371,12.087045669555664,11.583418846130371,11.919171333312988,847174,0.0,0.0,0.0
2003-07-31 00:00:00+08:00,11.919171333312988,11.919171333312988,11.415543556213379,11.415543556213379,469514,0.0,0.0,0.0
2003-08-01 00:00:00+08:00,11.583418846130371,11.583418846130371,11.415543556213379,11.583418846130371,398092,0.0,0.0,0.0
2003-08-04 00:00:00+08:00,11.415543556213379,11.415543556213379,10.911916732788086,10.911916732788086,318926,0.0,0.0,0.0
2003-08-05 00:00:00+08:00,11.079792022705078,11.415543556213379,10.240413665771484,10.408289909362793,1041246,0.0,0.0,0.0
2003-08-06 00:00:00+08:00,10.072539329528809,10.744041442871094,9.9046630859375,10.408289909362793,842617,0.0,0.0,0.0
2003-08-07 00:00:00+08:00,10.408289909362793,10.911916732788086,10.408289909362793,10.744041442871094,845685,0.0,0.0,0.0
2003-08-08 00:00:00+08:00,10.744041442871094,11.079792022705078,10.576166152954102,10.576166152954102,614353,0.0,0.0,0.0
2003-08-11 00:00:00+08:00,10.576166152954102,10.744041442871094,10.576166152954102,10.744041442871094,430973,0.0,0.0,0.0
2003-08-12 00:00:00+08:00,10.744041442871094,11.247668266296387,10.744041442871094,10.911916732788086,1185490,0.0,0.0,0.0
2003-08-13 00:00:00+08:00,11.079792022705078,11.247668266296387,10.911916732788086,11.079792022705078,764762,0.0,0.0,0.0
2003-08-14 00:00:00+08:00,11.247668266296387,11.919171333312988,11.247668266296387,11.583418846130371,1755674,0.0,0.0,0.0
2003-08-15 00:00:00+08:00,11.583418846130371,11.583418846130371,11.583418846130371,11.583418846130371,438896,0.0,0.0,0.0
2003-08-18 00:00:00+08:00,11.75129508972168,11.919171333312988,11.583418846130371,11.75129508972168,603244,0.0,0.0,0.0
2003-08-19 00:00:00+08:00,11.919171333312988,11.919171333312988,11.247668266296387,11.415543556213379,405180,0.0,0.0,0.0
2003-08-20 00:00:00+08:00,11.415543556213379,11.415543556213379,10.911916732788086,11.079792022705078,211704,0.0,0.0,0.0
2003-08-21 00:00:00+08:00,11.247668266296387,11.583418846130371,11.079792022705078,11.583418846130371,503170,0.0,0.0,0.0
2003-08-22 00:00:00+08:00,11.919171333312988,12.422798156738281,11.919171333312988,11.919171333312988,1610984,0.0,0.0,0.0
2003-08-25 00:00:00+08:00,11.75129508972168,11.919171333312988,11.415543556213379,11.415543556213379,344719,0.0,0.0,0.0
2003-08-26 00:00:00+08:00,11.415543556213379,11.415543556213379,11.079792022705078,11.247668266296387,371078,0.0,0.0,0.0
2003-08-27 00:00:00+08:00,11.247668266296387,11.247668266296387,10.911916732788086,11.079792022705078,152791,0.0,0.0,0.0
2003-08-28 00:00:00+08:00,10.911916732788086,11.247668266296387,10.911916732788086,10.911916732788086,223141,0.0,0.0,0.0
2003-08-29 00:00:00+08:00,11.247668266296387,11.583418846130371,11.079792022705078,11.247668266296387,609498,0.0,0.0,0.0
2003-09-01 00:00:00+08:00,11.415543556213379,11.583418846130371,11.247668266296387,11.247668266296387,599818,0.0,0.0,0.0
2003-09-02 00:00:00+08:00,11.415543556213379,11.583418846130371,11.079792022705078,11.079792022705078,411643,0.0,0.0,0.0
2003-09-03 00:00:00+08:00,11.247668266296387,11.583418846130371,11.247668266296387,11.415543556213379,423557,0.0,0.0,0.0
2003-09-04 00:00:00+08:00,11.415543556213379,11.583418846130371,11.247668266296387,11.247668266296387,253759,0.0,0.0,0.0
2003-09-05 00:00:00+08:00,11.415543556213379,11.415543556213379,11.247668266296387,11.247668266296387,153417,0.0,0.0,0.0
2003-09-08 00:00:00+08:00,11.247668266296387,11.415543556213379,11.247668266296387,11.247668266296387,177929,0.0,0.0,0.0
2003-09-09 00:00:00+08:00,11.247668266296387,11.415543556213379,10.576166152954102,10.744041442871094,476602,0.0,0.0,0.0
2003-09-10 00:00:00+08:00,10.744041442871094,10.911916732788086,10.240413665771484,10.408289909362793,474368,0.0,0.0,0.0
2003-09-11 00:00:00+08:00,10.072539329528809,10.744041442871094,10.072539329528809,10.744041442871094,297720,0.0,0.0,0.0
2003-09-12 00:00:00+08:00,10.911916732788086,11.079792022705078,10.744041442871094,10.744041442871094,428203,0.0,0.0,0.0
2003-09-15 00:00:00+08:00,10.911916732788086,11.079792022705078,10.911916732788086,10.911916732788086,193893,0.0,0.0,0.0
2003-09-16 00:00:00+08:00,10.911916732788086,10.911916732788086,10.576166152954102,10.744041442871094,162531,0.0,0.0,0.0
2003-09-17 00:00:00+08:00,10.911916732788086,11.247668266296387,10.744041442871094,10.911916732788086,388084,0.0,0.0,0.0
2003-09-18 00:00:00+08:00,10.911916732788086,11.079792022705078,10.744041442871094,10.911916732788086,130394,0.0,0.0,0.0
2003-09-19 00:00:00+08:00,11.079792022705078,11.583418846130371,10.911916732788086,11.079792022705078,1091730,0.0,0.0,0.0
2003-09-22 00:00:00+08:00,11.079792022705078,11.247668266296387,10.744041442871094,10.911916732788086,180729,0.0,0.0,0.0
2003-09-23 00:00:00+08:00,10.911916732788086,11.079792022705078,10.911916732788086,11.079792022705078,84109,0.0,0.0,0.0
2003-09-24 00:00:00+08:00,11.247668266296387,11.583418846130371,11.247668266296387,11.247668266296387,558210,0.0,0.0,0.0
2003-09-25 00:00:00+08:00,11.079792022705078,11.247668266296387,11.079792022705078,11.247668266296387,253699,0.0,0.0,0.0
2003-09-26 00:00:00+08:00,11.247668266296387,11.247668266296387,11.079792022705078,11.247668266296387,199195,0.0,0.0,0.0
2003-09-29 00:00:00+08:00,11.079792022705078,11.079792022705078,10.911916732788086,10.911916732788086,62248,0.0,0.0,0.0
2003-09-30 00:00:00+08:00,11.079792022705078,11.079792022705078,10.744041442871094,10.744041442871094,132121,0.0,0.0,0.0
2003-10-01 00:00:00+08:00,10.744041442871094,11.079792022705078,10.744041442871094,10.744041442871094,187192,0.0,0.0,0.0
2003-10-02 00:00:00+08:00,10.911916732788086,11.079792022705078,10.744041442871094,10.744041442871094,168934,0.0,0.0,0.0
2003-10-03 00:00:00+08:00,10.911916732788086,11.415543556213379,10.911916732788086,10.911916732788086,842766,0.0,0.0,0.0
2003-10-06 00:00:00+08:00,11.079792022705078,11.247668266296387,10.911916732788086,11.079792022705078,209738,0.0,0.0,0.0
2003-10-07 00:00:00+08:00,11.079792022705078,11.079792022705078,10.911916732788086,11.079792022705078,90692,0.0,0.0,0.0
2003-10-08 00:00:00+08:00,11.079792022705078,11.247668266296387,10.911916732788086,11.079792022705078,279016,0.0,0.0,0.0
2003-10-09 00:00:00+08:00,11.079792022705078,11.415543556213379,10.911916732788086,11.247668266296387,616259,0.0,0.0,0.0
2003-10-10 00:00:00+08:00,11.247668266296387,11.415543556213379,11.079792022705078,11.079792022705078,191123,0.0,0.0,0.0
2003-10-13 00:00:00+08:00,11.079792022705078,11.583418846130371,11.079792022705078,11.415543556213379,528009,0.0,0.0,0.0
2003-10-14 00:00:00+08:00,11.583418846130371,11.583418846130371,11.247668266296387,11.247668266296387,202769,0.0,0.0,0.0
2003-10-15 00:00:00+08:00,11.415543556213379,11.415543556213379,11.247668266296387,11.247668266296387,186119,0.0,0.0,0.0
2003-10-16 00:00:00+08:00,11.247668266296387,11.415543556213379,11.247668266296387,11.247668266296387,183915,0.0,0.0,0.0
2003-10-17 00:00:00+08:00,11.75129508972168,11.919171333312988,11.415543556213379,11.583418846130371,919996,0.0,0.0,0.0
2003-10-20 00:00:00+08:00,11.415543556213379,11.583418846130371,11.247668266296387,11.415543556213379,179448,0.0,0.0,0.0
2003-10-21 00:00:00+08:00,11.583418846130371,11.75129508972168,11.247668266296387,11.247668266296387,342098,0.0,0.0,0.0
2003-10-22 00:00:00+08:00,11.415543556213379,11.75129508972168,11.247668266296387,11.247668266296387,541233,0.0,0.0,0.0
2003-10-23 00:00:00+08:00,11.247668266296387,11.415543556213379,10.911916732788086,11.079792022705078,316722,0.0,0.0,0.0
2003-10-24 00:00:00+08:00,11.079792022705078,11.079792022705078,11.079792022705078,11.079792022705078,0,0.0,0.0,0.0
2003-10-27 00:00:00+08:00,11.079792022705078,11.079792022705078,10.744041442871094,10.911916732788086,264392,0.0,0.0,0.0
2003-10-28 00:00:00+08:00,10.911916732788086,11.247668266296387,10.911916732788086,11.079792022705078,299060,0.0,0.0,0.0
2003-10-29 00:00:00+08:00,11.247668266296387,11.415543556213379,10.744041442871094,10.911916732788086,302992,0.0,0.0,0.0
2003-10-30 00:00:00+08:00,10.911916732788086,10.911916732788086,9.9046630859375,10.240413665771484,355292,0.0,0.0,0.0
2003-10-31 00:00:00+08:00,10.240413665771484,10.408289909362793,10.072539329528809,10.240413665771484,250274,0.0,0.0,0.0
2003-11-03 00:00:00+08:00,10.240413665771484,10.408289909362793,10.240413665771484,10.408289909362793,192851,0.0,0.0,0.0
2003-11-04 00:00:00+08:00,10.408289909362793,10.408289909362793,10.072539329528809,10.072539329528809,296856,0.0,0.0,0.0
2003-11-05 00:00:00+08:00,10.240413665771484,10.240413665771484,10.072539329528809,10.240413665771484,110438,0.0,0.0,0.0
2003-11-06 00:00:00+08:00,10.072539329528809,10.240413665771484,9.736786842346191,9.9046630859375,154697,0.0,0.0,0.0
2003-11-07 00:00:00+08:00,9.9046630859375,9.9046630859375,9.5689115524292,9.5689115524292,164705,0.0,0.0,0.0
2003-11-10 00:00:00+08:00,9.736786842346191,9.736786842346191,9.233160018920898,9.5689115524292,241428,0.0,0.0,0.0
2003-11-11 00:00:00+08:00,9.401036262512207,9.401036262512207,9.065284729003906,9.233160018920898,118331,0.0,0.0,0.0
2003-11-12 00:00:00+08:00,9.233160018920898,9.401036262512207,8.729533195495605,9.401036262512207,170364,0.0,0.0,0.0
2003-11-13 00:00:00+08:00,9.401036262512207,9.401036262512207,9.065284729003906,9.233160018920898,91674,0.0,0.0,0.0
2003-11-14 00:00:00+08:00,9.233160018920898,9.233160018920898,8.897409439086914,9.233160018920898,137006,0.0,0.0,0.0
2003-11-17 00:00:00+08:00,9.065284729003906,9.065284729003906,8.897409439086914,9.065284729003906,97870,0.0,0.0,0.0
2003-11-18 00:00:00+08:00,9.065284729003906,9.233160018920898,8.897409439086914,9.233160018920898,143558,0.0,0.0,0.0
2003-11-19 00:00:00+08:00,9.065284729003906,9.233160018920898,8.897409439086914,9.233160018920898,73745,0.0,0.0,0.0
2003-11-20 00:00:00+08:00,9.065284729003906,9.233160018920898,8.897409439086914,9.065284729003906,143409,0.0,0.0,0.0
2003-11-21 00:00:00+08:00,8.897409439086914,8.897409439086914,8.561657905578613,8.897409439086914,73000,0.0,0.0,0.0
2003-11-24 00:00:00+08:00,8.729533195495605,8.729533195495605,8.561657905578613,8.729533195495605,99686,0.0,0.0,0.0
2003-11-25 00:00:00+08:00,8.729533195495605,8.729533195495605,8.729533195495605,8.729533195495605,0,0.0,0.0,0.0
2003-11-26 00:00:00+08:00,8.897409439086914,9.5689115524292,8.729533195495605,9.5689115524292,202233,0.0,0.0,0.0
2003-11-27 00:00:00+08:00,9.736786842346191,9.736786842346191,9.401036262512207,9.401036262512207,103350,0.0,0.0,0.0
2003-11-28 00:00:00+08:00,9.5689115524292,10.408289909362793,9.401036262512207,10.408289909362793,314637,0.0,0.0,0.0
2003-12-01 00:00:00+08:00,10.408289909362793,10.576166152954102,10.072539329528809,10.576166152954102,282232,0.0,0.0,0.0
2003-12-02 00:00:00+08:00,10.576166152954102,10.576166152954102,10.240413665771484,10.408289909362793,101890,0.0,0.0,0.0
2003-12-03 00:00:00+08:00,10.240413665771484,10.408289909362793,10.072539329528809,10.408289909362793,104928,0.0,0.0,0.0
2003-12-04 00:00:00+08:00,10.240413665771484,10.744041442871094,10.240413665771484,10.576166152954102,352284,0.0,0.0,0.0
2003-12-05 00:00:00+08:00,10.576166152954102,10.744041442871094,10.240413665771484,10.576166152954102,284496,0.0,0.0,0.0
2003-12-08 00:00:00+08:00,10.408289909362793,10.576166152954102,10.240413665771484,10.576166152954102,145315,0.0,0.0,0.0
2003-12-09 00:00:00+08:00,10.576166152954102,10.576166152954102,10.408289909362793,10.576166152954102,142754,0.0,0.0,0.0
2003-12-10 00:00:00+08:00,10.408289909362793,10.408289909362793,10.240413665771484,10.240413665771484,66894,0.0,0.0,0.0
2003-12-11 00:00:00+08:00,10.408289909362793,10.408289909362793,10.072539329528809,10.240413665771484,192583,0.0,0.0,0.0
2003-12-12 00:00:00+08:00,10.240413665771484,10.408289909362793,10.072539329528809,10.240413665771484,163126,0.0,0.0,0.0
2003-12-15 00:00:00+08:00,10.240413665771484,10.240413665771484,10.072539329528809,10.240413665771484,171466,0.0,0.0,0.0
2003-12-16 00:00:00+08:00,10.072539329528809,10.072539329528809,9.9046630859375,9.9046630859375,70349,0.0,0.0,0.0
2003-12-17 00:00:00+08:00,10.072539329528809,10.072539329528809,9.5689115524292,10.072539329528809,314041,0.0,0.0,0.0
2003-12-18 00:00:00+08:00,10.072539329528809,10.072539329528809,9.736786842346191,9.736786842346191,69247,0.0,0.0,0.0
2003-12-19 00:00:00+08:00,9.9046630859375,9.9046630859375,9.736786842346191,9.736786842346191,100908,0.0,0.0,0.0
2003-12-22 00:00:00+08:00,9.736786842346191,9.736786842346191,9.5689115524292,9.5689115524292,54802,0.0,0.0,0.0
2003-12-23 00:00:00+08:00,9.5689115524292,9.5689115524292,9.401036262512207,9.5689115524292,53521,0.0,0.0,0.0
2003-12-24 00:00:00+08:00,9.401036262512207,9.5689115524292,9.233160018920898,9.5689115524292,86879,0.0,0.0,0.0
2003-12-25 00:00:00+08:00,9.5689115524292,9.5689115524292,9.5689115524292,9.5689115524292,0,0.0,0.0,0.0
2003-12-26 00:00:00+08:00,9.5689115524292,9.736786842346191,9.401036262512207,9.736786842346191,122382,0.0,0.0,0.0
2003-12-29 00:00:00+08:00,9.5689115524292,9.9046630859375,9.5689115524292,9.9046630859375,131079,0.0,0.0,0.0
2003-12-30 00:00:00+08:00,9.9046630859375,10.072539329528809,9.736786842346191,9.9046630859375,145196,0.0,0.0,0.0
2003-12-31 00:00:00+08:00,9.9046630859375,10.240413665771484,9.9046630859375,10.240413665771484,234578,0.0,0.0,0.0
2004-01-01 00:00:00+08:00,10.240413665771484,10.240413665771484,10.240413665771484,10.240413665771484,0,0.0,0.0,0.0
2004-01-02 00:00:00+08:00,10.240413665771484,10.408289909362793,10.240413665771484,10.408289909362793,144273,0.0,0.0,0.0
2004-01-05 00:00:00+08:00,10.408289909362793,10.576166152954102,10.072539329528809,10.408289909362793,183886,0.0,0.0,0.0
2004-01-06 00:00:00+08:00,10.408289909362793,10.408289909362793,9.9046630859375,10.072539329528809,167504,0.0,0.0,0.0
2004-01-07 00:00:00+08:00,10.072539329528809,10.240413665771484,9.9046630859375,10.072539329528809,136261,0.0,0.0,0.0
2004-01-08 00:00:00+08:00,10.072539329528809,10.408289909362793,10.072539329528809,10.240413665771484,515024,0.0,0.0,0.0
2004-01-09 00:00:00+08:00,10.408289909362793,10.408289909362793,9.9046630859375,10.072539329528809,134325,0.0,0.0,0.0
2004-01-12 00:00:00+08:00,9.9046630859375,9.9046630859375,9.736786842346191,9.9046630859375,53551,0.0,0.0,0.0
2004-01-13 00:00:00+08:00,9.9046630859375,9.9046630859375,9.736786842346191,9.9046630859375,57840,0.0,0.0,0.0
2004-01-14 00:00:00+08:00,9.736786842346191,10.072539329528809,9.736786842346191,9.736786842346191,172866,0.0,0.0,0.0
2004-01-15 00:00:00+08:00,9.9046630859375,9.9046630859375,9.233160018920898,9.5689115524292,179895,0.0,0.0,0.0
2004-01-16 00:00:00+08:00,9.5689115524292,9.5689115524292,9.401036262512207,9.5689115524292,72643,0.0,0.0,0.0
2004-01-19 00:00:00+08:00,9.401036262512207,9.401036262512207,9.401036262512207,9.401036262512207,67609,0.0,0.0,0.0
2004-01-20 00:00:00+08:00,9.401036262512207,9.5689115524292,9.401036262512207,9.401036262512207,59031,0.0,0.0,0.0
2004-01-21 00:00:00+08:00,9.5689115524292,9.5689115524292,9.5689115524292,9.5689115524292,78242,0.0,0.0,0.0
2004-01-22 00:00:00+08:00,9.5689115524292,9.5689115524292,9.5689115524292,9.5689115524292,0,0.0,0.0,0.0
2004-01-23 00:00:00+08:00,9.5689115524292,9.5689115524292,9.5689115524292,9.5689115524292,0,0.0,0.0,0.0
2004-01-26 00:00:00+08:00,9.5689115524292,9.5689115524292,9.401036262512207,9.401036262512207,89798,0.0,0.0,0.0
2004-01-27 00:00:00+08:00,9.5689115524292,9.5689115524292,9.401036262512207,9.401036262512207,99418,0.0,0.0,0.0
2004-01-28 00:00:00+08:00,9.401036262512207,9.401036262512207,9.233160018920898,9.401036262512207,57631,0.0,0.0,0.0
2004-01-29 00:00:00+08:00,9.233160018920898,9.401036262512207,9.233160018920898,9.401036262512207,55100,0.0,0.0,0.0
2004-01-30 00:00:00+08:00,9.401036262512207,9.9046630859375,9.401036262512207,9.736786842346191,264898,0.0,0.0,0.0
2004-02-02 00:00:00+08:00,9.736786842346191,9.736786842346191,9.736786842346191,9.736786842346191,0,0.0,0.0,0.0
2004-02-03 00:00:00+08:00,9.5689115524292,9.5689115524292,9.401036262512207,9.401036262512207,48011,0.0,0.0,0.0
2004-02-04 00:00:00+08:00,9.401036262512207,9.5689115524292,9.065284729003906,9.065284729003906,143350,0.0,0.0,0.0
2004-02-05 00:00:00+08:00,9.233160018920898,9.401036262512207,9.233160018920898,9.401036262512207,115591,0.0,0.0,0.0
2004-02-06 00:00:00+08:00,9.401036262512207,9.401036262512207,9.233160018920898,9.401036262512207,153297,0.0,0.0,0.0
2004-02-09 00:00:00+08:00,9.401036262512207,9.401036262512207,9.233160018920898,9.233160018920898,59002,0.0,0.0,0.0
2004-02-10 00:00:00+08:00,9.233160018920898,9.9046630859375,9.233160018920898,9.5689115524292,494890,0.0,0.0,0.0
2004-02-11 00:00:00+08:00,9.736786842346191,9.736786842346191,9.401036262512207,9.401036262512207,26150,0.0,0.0,0.0
2004-02-12 00:00:00+08:00,9.5689115524292,9.5689115524292,9.233160018920898,9.233160018920898,72732,0.0,0.0,0.0
2004-02-13 00:00:00+08:00,9.401036262512207,9.5689115524292,9.233160018920898,9.5689115524292,121697,0.0,0.0,0.0
2004-02-16 00:00:00+08:00,9.736786842346191,9.9046630859375,9.401036262512207,9.5689115524292,233863,0.0,0.0,0.0
2004-02-17 00:00:00+08:00,9.5689115524292,9.5689115524292,9.401036262512207,9.401036262512207,81101,0.0,0.0,0.0
2004-02-18 00:00:00+08:00,9.5689115524292,9.5689115524292,9.233160018920898,9.401036262512207,73357,0.0,0.0,0.0
2004-02-19 00:00:00+08:00,9.233160018920898,9.401036262512207,9.233160018920898,9.233160018920898,22486,0.0,0.0,0.0
2004-02-20 00:00:00+08:00,9.401036262512207,9.5689115524292,9.233160018920898,9.401036262512207,96083,0.0,0.0,0.0
2004-02-23 00:00:00+08:00,9.401036262512207,9.5689115524292,9.401036262512207,9.401036262512207,109396,0.0,0.0,0.0
2004-02-24 00:00:00+08:00,9.401036262512207,9.401036262512207,9.233160018920898,9.401036262512207,78391,0.0,0.0,0.0
2004-02-25 00:00:00+08:00,9.233160018920898,9.401036262512207,9.065284729003906,9.401036262512207,56797,0.0,0.0,0.0
2004-02-26 00:00:00+08:00,9.233160018920898,9.401036262512207,9.065284729003906,9.401036262512207,47892,0.0,0.0,0.0
2004-02-27 00:00:00+08:00,9.401036262512207,9.401036262512207,9.233160018920898,9.401036262512207,60193,0.0,0.0,0.0
2004-03-01 00:00:00+08:00,9.233160018920898,9.233160018920898,9.065284729003906,9.233160018920898,60342,0.0,0.0,0.0
2004-03-02 00:00:00+08:00,9.065284729003906,9.233160018920898,8.729533195495605,8.729533195495605,115472,0.0,0.0,0.0
2004-03-03 00:00:00+08:00,8.561657905578613,8.561657905578613,8.225906372070312,8.393781661987305,122948,0.0,0.0,0.0
2004-03-04 00:00:00+08:00,8.393781661987305,8.393781661987305,8.05803108215332,8.393781661987305,92806,0.0,0.0,0.0
2004-03-05 00:00:00+08:00,8.393781661987305,8.729533195495605,8.393781661987305,8.729533195495605,107937,0.0,0.0,0.0
2004-03-08 00:00:00+08:00,8.561657905578613,8.729533195495605,8.561657905578613,8.561657905578613,82590,0.0,0.0,0.0
2004-03-09 00:00:00+08:00,8.393781661987305,8.561657905578613,8.393781661987305,8.561657905578613,55070,0.0,0.0,0.0
2004-03-10 00:00:00+08:00,8.393781661987305,8.393781661987305,8.225906372070312,8.393781661987305,109366,0.0,0.0,0.0
2004-03-11 00:00:00+08:00,8.225906372070312,8.225906372070312,8.05803108215332,8.225906372070312,48071,0.0,0.0,0.0
2004-03-12 00:00:00+08:00,8.05803108215332,8.225906372070312,7.722279071807861,8.225906372070312,150081,0.0,0.0,0.0
2004-03-15 00:00:00+08:00,8.225906372070312,8.225906372070312,8.05803108215332,8.225906372070312,68383,0.0,0.0,0.0
2004-03-16 00:00:00+08:00,8.225906372070312,8.225906372070312,7.890154838562012,8.225906372070312,18525,0.0,0.0,0.0
2004-03-17 00:00:00+08:00,8.225906372070312,8.225906372070312,8.05803108215332,8.05803108215332,112464,0.0,0.0,0.0
2004-03-18 00:00:00+08:00,8.05803108215332,8.225906372070312,7.890154838562012,8.05803108215332,132747,0.0,0.0,0.0
2004-03-19 00:00:00+08:00,7.890154838562012,8.05803108215332,7.890154838562012,8.05803108215332,71243,0.0,0.0,0.0
2004-03-22 00:00:00+08:00,7.890154838562012,8.05803108215332,7.722279071807861,7.890154838562012,38153,0.0,0.0,0.0
2004-03-23 00:00:00+08:00,7.722279071807861,7.890154838562012,7.554403781890869,7.890154838562012,37200,0.0,0.0,0.0
2004-03-24 00:00:00+08:00,7.890154838562012,8.225906372070312,7.722279071807861,8.05803108215332,237586,0.0,0.0,0.0
2004-03-25 00:00:00+08:00,8.05803108215332,8.05803108215332,7.722279071807861,7.890154838562012,38719,0.0,0.0,0.0
2004-03-26 00:00:00+08:00,7.890154838562012,7.890154838562012,7.722279071807861,7.890154838562012,97929,0.0,0.0,0.0
2004-03-29 00:00:00+08:00,7.890154838562012,8.05803108215332,7.722279071807861,8.05803108215332,32732,0.0,0.0,0.0
2004-03-30 00:00:00+08:00,7.890154838562012,7.890154838562012,7.722279071807861,7.890154838562012,35204,0.0,0.0,0.0
2004-03-31 00:00:00+08:00,7.890154838562012,8.05803108215332,7.890154838562012,8.05803108215332,47773,0.0,0.0,0.0
2004-04-01 00:00:00+08:00,7.890154838562012,8.05803108215332,7.890154838562012,8.05803108215332,11943,0.0,0.0,0.0
2004-04-02 00:00:00+08:00,7.890154838562012,8.393781661987305,7.890154838562012,8.225906372070312,236931,0.0,0.0,0.0
2004-04-05 00:00:00+08:00,8.393781661987305,8.393781661987305,8.225906372070312,8.393781661987305,77289,0.0,0.0,0.0
2004-04-06 00:00:00+08:00,8.393781661987305,8.561657905578613,8.05803108215332,8.05803108215332,84139,0.0,0.0,0.0
2004-04-07 00:00:00+08:00,7.890154838562012,8.05803108215332,7.890154838562012,7.890154838562012,60431,0.0,0.0,0.0
2004-04-08 00:00:00+08:00,7.890154838562012,8.05803108215332,7.890154838562012,8.05803108215332,8935,0.0,0.0,0.0
2004-04-09 00:00:00+08:00,8.05803108215332,8.05803108215332,8.05803108215332,8.05803108215332,0,0.0,0.0,0.0
2004-04-12 00:00:00+08:00,8.05803108215332,8.05803108215332,7.890154838562012,7.890154838562012,38868,0.0,0.0,0.0
2004-04-13 00:00:00+08:00,8.05803108215332,8.897409439086914,8.05803108215332,8.393781661987305,539655,0.0,0.0,0.0
2004-04-14 00:00:00+08:00,8.225906372070312,8.225906372070312,8.225906372070312,8.225906372070312,69337,0.0,0.0,0.0
2004-04-15 00:00:00+08:00,8.225906372070312,8.225906372070312,8.05803108215332,8.225906372070312,51734,0.0,0.0,0.0
2004-04-16 00:00:00+08:00,8.05803108215332,8.225906372070312,8.05803108215332,8.05803108215332,30528,0.0,0.0,0.0
2004-04-19 00:00:00+08:00,8.05803108215332,8.225906372070312,7.890154838562012,8.05803108215332,41697,0.0,0.0,0.0
2004-04-20 00:00:00+08:00,8.05803108215332,8.05803108215332,7.890154838562012,7.890154838562012,76514,0.0,0.0,0.0
2004-04-21 00:00:00+08:00,7.890154838562012,8.05803108215332,7.722279071807861,7.890154838562012,49471,0.0,0.0,0.0
2004-04-22 00:00:00+08:00,7.890154838562012,8.05803108215332,7.722279071807861,7.890154838562012,15249,0.0,0.0,0.0
2004-04-23 00:00:00+08:00,7.890154838562012,8.05803108215332,7.890154838562012,8.05803108215332,18049,0.0,0.0,0.0
2004-04-26 00:00:00+08:00,7.890154838562012,7.890154838562012,7.554403781890869,7.554403781890869,45122,0.0,0.0,0.0
2004-04-27 00:00:00+08:00,7.554403781890869,7.554403781890869,7.554403781890869,7.554403781890869,25792,0.0,0.0,0.0
2004-04-28 00:00:00+08:00,7.554403781890869,7.722279071807861,7.386528015136719,7.554403781890869,36217,0.0,0.0,0.0
2004-04-29 00:00:00+08:00,7.386528015136719,7.386528015136719,7.21865177154541,7.386528015136719,55010,0.0,0.0,0.0
2004-04-30 00:00:00+08:00,7.21865177154541,7.554403781890869,6.882901191711426,7.554403781890869,75115,0.0,0.0,0.0
2004-05-03 00:00:00+08:00,7.21865177154541,7.554403781890869,7.050776958465576,7.554403781890869,30766,0.0,0.0,0.0
2004-05-04 00:00:00+08:00,7.386528015136719,7.554403781890869,7.386528015136719,7.554403781890869,16142,0.0,0.0,0.0
2004-05-05 00:00:00+08:00,7.386528015136719,7.386528015136719,7.21865177154541,7.386528015136719,59657,0.0,0.0,0.0
2004-05-06 00:00:00+08:00,7.386528015136719,7.386528015136719,7.21865177154541,7.21865177154541,13551,0.0,0.0,0.0
2004-05-07 00:00:00+08:00,7.21865177154541,7.386528015136719,7.21865177154541,7.21865177154541,30737,0.0,0.0,0.0
2004-05-10 00:00:00+08:00,7.050776958465576,7.21865177154541,6.882901191711426,7.050776958465576,58316,0.0,0.0,0.0
2004-05-11 00:00:00+08:00,7.050776958465576,7.050776958465576,6.715025901794434,7.050776958465576,23529,0.0,0.0,0.0
2004-05-12 00:00:00+08:00,7.050776958465576,7.050776958465576,6.882901191711426,6.882901191711426,48101,0.0,0.0,0.0
2004-05-13 00:00:00+08:00,6.882901191711426,6.882901191711426,6.547150135040283,6.882901191711426,34162,0.0,0.0,0.0
2004-05-14 00:00:00+08:00,6.715025901794434,6.715025901794434,6.379273891448975,6.547150135040283,60818,0.0,0.0,0.0
2004-05-17 00:00:00+08:00,6.379273891448975,6.547150135040283,6.211399078369141,6.211399078369141,98316,0.0,0.0,0.0
2004-05-18 00:00:00+08:00,6.043522834777832,6.043522834777832,5.875647068023682,6.043522834777832,109485,0.0,0.0,0.0
2004-05-19 00:00:00+08:00,5.875647068023682,6.379273891448975,5.875647068023682,6.379273891448975,180967,0.0,0.0,0.0
2004-05-20 00:00:00+08:00,6.211399078369141,6.211399078369141,5.875647068023682,5.875647068023682,67728,0.0,0.0,0.0
2004-05-21 00:00:00+08:00,6.043522834777832,6.211399078369141,6.043522834777832,6.043522834777832,92240,0.0,0.0,0.0
2004-05-24 00:00:00+08:00,6.043522834777832,6.211399078369141,6.043522834777832,6.211399078369141,104273,0.0,0.0,0.0
2004-05-25 00:00:00+08:00,6.211399078369141,6.547150135040283,6.211399078369141,6.547150135040283,111213,0.0,0.0,0.0
2004-05-26 00:00:00+08:00,6.882901191711426,7.050776958465576,6.715025901794434,6.882901191711426,180699,0.0,0.0,0.0
2004-05-27 00:00:00+08:00,7.050776958465576,7.050776958465576,6.715025901794434,6.882901191711426,62993,0.0,0.0,0.0
2004-05-28 00:00:00+08:00,7.050776958465576,7.050776958465576,6.715025901794434,6.882901191711426,110409,0.0,0.0,0.0
2004-05-31 00:00:00+08:00,6.882901191711426,6.882901191711426,6.715025901794434,6.715025901794434,64899,0.0,0.0,0.0
2004-06-01 00:00:00+08:00,6.715025901794434,6.715025901794434,6.547150135040283,6.547150135040283,32613,0.0,0.0,0.0
2004-06-02 00:00:00+08:00,6.547150135040283,6.547150135040283,6.547150135040283,6.547150135040283,0,0.0,0.0,0.0
2004-06-03 00:00:00+08:00,6.547150135040283,6.547150135040283,6.379273891448975,6.547150135040283,36544,0.0,0.0,0.0
2004-06-04 00:00:00+08:00,6.379273891448975,6.715025901794434,6.379273891448975,6.547150135040283,56381,0.0,0.0,0.0
2004-06-07 00:00:00+08:00,6.547150135040283,6.715025901794434,6.547150135040283,6.547150135040283,28503,0.0,0.0,0.0
2004-06-08 00:00:00+08:00,6.715025901794434,6.882901191711426,6.547150135040283,6.547150135040283,83097,0.0,0.0,0.0
2004-06-09 00:00:00+08:00,6.715025901794434,6.715025901794434,6.547150135040283,6.547150135040283,8309,0.0,0.0,0.0
2004-06-10 00:00:00+08:00,6.547150135040283,6.547150135040283,6.547150135040283,6.547150135040283,6105,0.0,0.0,0.0
2004-06-11 00:00:00+08:00,6.715025901794434,6.715025901794434,6.715025901794434,6.715025901794434,82620,0.0,0.0,0.0
2004-06-14 00:00:00+08:00,6.715025901794434,6.882901191711426,6.715025901794434,6.715025901794434,45152,0.0,0.0,0.0
2004-06-15 00:00:00+08:00,6.715025901794434,6.715025901794434,6.715025901794434,6.715025901794434,26477,0.0,0.0,0.0
2004-06-16 00:00:00+08:00,6.715025901794434,6.715025901794434,6.547150135040283,6.547150135040283,18525,0.0,0.0,0.0
2004-06-17 00:00:00+08:00,6.715025901794434,6.715025901794434,6.547150135040283,6.547150135040283,11645,0.0,0.0,0.0
2004-06-18 00:00:00+08:00,6.547150135040283,6.547150135040283,6.547150135040283,6.547150135040283,20253,0.0,0.0,0.0
2004-06-21 00:00:00+08:00,6.547150135040283,6.547150135040283,6.379273891448975,6.547150135040283,19061,0.0,0.0,0.0
2004-06-22 00:00:00+08:00,6.547150135040283,6.547150135040283,6.379273891448975,6.547150135040283,12151,0.0,0.0,0.0
2004-06-23 00:00:00+08:00,6.547150135040283,6.547150135040283,6.379273891448975,6.379273891448975,13104,0.0,0.0,0.0
2004-06-24 00:00:00+08:00,6.547150135040283,6.715025901794434,6.547150135040283,6.547150135040283,15189,0.0,0.0,0.0
2004-06-25 00:00:00+08:00,6.547150135040283,6.547150135040283,6.547150135040283,6.547150135040283,1489,0.0,0.0,0.0
2004-06-28 00:00:00+08:00,6.379273891448975,6.715025901794434,6.379273891448975,6.715025901794434,36783,0.0,0.0,0.0
2004-06-29 00:00:00+08:00,6.547150135040283,6.715025901794434,6.547150135040283,6.547150135040283,81756,0.0,0.0,0.0
2004-06-30 00:00:00+08:00,6.715025901794434,6.715025901794434,6.547150135040283,6.547150135040283,52806,0.0,0.0,0.0
2004-07-01 00:00:00+08:00,6.547150135040283,6.547150135040283,6.379273891448975,6.547150135040283,78867,0.0,0.0,0.0
2004-07-02 00:00:00+08:00,6.379273891448975,6.547150135040283,6.211399078369141,6.379273891448975,13879,0.0,0.0,0.0
2004-07-05 00:00:00+08:00,6.379273891448975,6.547150135040283,6.379273891448975,6.379273891448975,31481,0.0,0.0,0.0
2004-07-06 00:00:00+08:00,6.547150135040283,6.715025901794434,6.379273891448975,6.547150135040283,263230,0.0,0.0,0.0
2004-07-07 00:00:00+08:00,6.547150135040283,6.715025901794434,6.379273891448975,6.547150135040283,158480,0.0,0.0,0.0
2004-07-08 00:00:00+08:00,6.547150135040283,7.050776958465576,6.547150135040283,6.882901191711426,668292,0.0,0.0,0.0
2004-07-09 00:00:00+08:00,6.882901191711426,6.882901191711426,6.715025901794434,6.882901191711426,75115,0.0,0.0,0.0
2004-07-12 00:00:00+08:00,6.882901191711426,6.882901191711426,6.715025901794434,6.715025901794434,129560,0.0,0.0,0.0
2004-07-13 00:00:00+08:00,6.547150135040283,6.547150135040283,6.547150135040283,6.547150135040283,74549,0.0,0.0,0.0
2004-07-14 00:00:00+08:00,6.547150135040283,6.547150135040283,6.379273891448975,6.379273891448975,26894,0.0,0.0,0.0
2004-07-15 00:00:00+08:00,6.379273891448975,6.379273891448975,6.211399078369141,6.211399078369141,93462,0.0,0.0,0.0
2004-07-16 00:00:00+08:00,6.211399078369141,6.547150135040283,6.211399078369141,6.547150135040283,91496,0.0,0.0,0.0
2004-07-19 00:00:00+08:00,6.547150135040283,6.547150135040283,6.211399078369141,6.379273891448975,107937,0.0,0.0,0.0
2004-07-20 00:00:00+08:00,6.379273891448975,6.379273891448975,6.043522834777832,6.211399078369141,46403,0.0,0.0,0.0
2004-07-21 00:00:00+08:00,6.211399078369141,6.379273891448975,6.211399078369141,6.211399078369141,50126,0.0,0.0,0.0
2004-07-22 00:00:00+08:00,6.043522834777832,6.211399078369141,6.043522834777832,6.043522834777832,36485,0.0,0.0,0.0
2004-07-23 00:00:00+08:00,6.043522834777832,6.043522834777832,5.875647068023682,6.043522834777832,36693,0.0,0.0,0.0
2004-07-26 00:00:00+08:00,6.043522834777832,6.043522834777832,5.875647068023682,6.043522834777832,33000,0.0,0.0,0.0
2004-07-27 00:00:00+08:00,6.043522834777832,6.043522834777832,5.875647068023682,5.875647068023682,14147,0.0,0.0,0.0
2004-07-28 00:00:00+08:00,6.043522834777832,6.379273891448975,6.043522834777832,6.379273891448975,122382,0.0,0.0,0.0
2004-07-29 00:00:00+08:00,6.379273891448975,6.715025901794434,6.211399078369141,6.379273891448975,203245,0.0,0.0,0.0
2004-07-30 00:00:00+08:00,6.379273891448975,6.547150135040283,6.379273891448975,6.547150135040283,141205,0.0,0.0,0.0
2004-08-02 00:00:00+08:00,6.379273891448975,6.379273891448975,6.211399078369141,6.211399078369141,113030,0.0,0.0,0.0
2004-08-03 00:00:00+08:00,6.211399078369141,6.379273891448975,6.043522834777832,6.211399078369141,61801,0.0,0.0,0.0
2004-08-04 00:00:00+08:00,6.043522834777832,6.211399078369141,5.875647068023682,5.875647068023682,82114,0.0,0.0,0.0
2004-08-05 00:00:00+08:00,6.043522834777832,6.043522834777832,5.875647068023682,6.043522834777832,55815,0.0,0.0,0.0
2004-08-06 00:00:00+08:00,5.875647068023682,6.043522834777832,5.875647068023682,6.043522834777832,39791,0.0,0.0,0.0
2004-08-09 00:00:00+08:00,6.043522834777832,6.043522834777832,6.043522834777832,6.043522834777832,0,0.0,0.0,0.0
2004-08-10 00:00:00+08:00,5.875647068023682,5.875647068023682,5.7077717781066895,5.875647068023682,85479,0.0,0.0,0.0
2004-08-11 00:00:00+08:00,5.875647068023682,5.875647068023682,5.7077717781066895,5.875647068023682,44288,0.0,0.0,0.0
2004-08-12 00:00:00+08:00,5.7077717781066895,5.875647068023682,5.7077717781066895,5.7077717781066895,42769,0.0,0.0,0.0
2004-08-13 00:00:00+08:00,5.7077717781066895,5.7077717781066895,5.539896011352539,5.7077717781066895,24422,0.0,0.0,0.0
2004-08-16 00:00:00+08:00,5.7077717781066895,5.7077717781066895,5.2041449546813965,5.3720197677612305,65405,0.0,0.0,0.0
2004-08-17 00:00:00+08:00,5.3720197677612305,5.539896011352539,5.2041449546813965,5.3720197677612305,67788,0.0,0.0,0.0
2004-08-18 00:00:00+08:00,5.2041449546813965,5.3720197677612305,5.2041449546813965,5.3720197677612305,35949,0.0,0.0,0.0
2004-08-19 00:00:00+08:00,5.2041449546813965,5.539896011352539,5.2041449546813965,5.3720197677612305,45301,0.0,0.0,0.0
2004-08-20 00:00:00+08:00,5.3720197677612305,5.539896011352539,5.3720197677612305,5.539896011352539,35145,0.0,0.0,0.0
2004-08-23 00:00:00+08:00,5.539896011352539,5.539896011352539,5.539896011352539,5.539896011352539,44675,0.0,0.0,0.0
2004-08-24 00:00:00+08:00,5.539896011352539,5.875647068023682,5.539896011352539,5.875647068023682,134266,0.0,0.0,0.0
2004-08-25 00:00:00+08:00,5.875647068023682,6.043522834777832,5.7077717781066895,6.043522834777832,68652,0.0,0.0,0.0
2004-08-26 00:00:00+08:00,6.043522834777832,6.043522834777832,5.7077717781066895,5.7077717781066895,33238,0.0,0.0,0.0
2004-08-27 00:00:00+08:00,5.7077717781066895,5.7077717781066895,5.539896011352539,5.539896011352539,21384,0.0,0.0,0.0
2004-08-30 00:00:00+08:00,5.539896011352539,5.7077717781066895,5.539896011352539,5.539896011352539,10305,0.0,0.0,0.0
2004-08-31 00:00:00+08:00,5.539896011352539,5.539896011352539,5.3720197677612305,5.3720197677612305,15904,0.0,0.0,0.0
2004-09-01 00:00:00+08:00,5.539896011352539,5.7077717781066895,5.539896011352539,5.7077717781066895,47445,0.0,0.0,0.0
2004-09-02 00:00:00+08:00,5.539896011352539,5.7077717781066895,5.539896011352539,5.539896011352539,12539,0.0,0.0,0.0
2004-09-03 00:00:00+08:00,5.539896011352539,5.539896011352539,5.539896011352539,5.539896011352539,12449,0.0,0.0,0.0
2004-09-06 00:00:00+08:00,5.539896011352539,5.7077717781066895,5.539896011352539,5.7077717781066895,4467,0.0,0.0,0.0
2004-09-07 00:00:00+08:00,5.539896011352539,5.7077717781066895,5.539896011352539,5.7077717781066895,12449,0.0,0.0,0.0
2004-09-08 00:00:00+08:00,5.7077717781066895,5.875647068023682,5.7077717781066895,5.7077717781066895,47028,0.0,0.0,0.0
2004-09-09 00:00:00+08:00,5.7077717781066895,5.875647068023682,5.7077717781066895,5.875647068023682,25941,0.0,0.0,0.0
2004-09-10 00:00:00+08:00,5.7077717781066895,5.875647068023682,5.7077717781066895,5.875647068023682,11020,0.0,0.0,0.0
2004-09-13 00:00:00+08:00,5.875647068023682,6.043522834777832,5.875647068023682,6.043522834777832,84199,0.0,0.0,0.0
2004-09-14 00:00:00+08:00,6.043522834777832,6.043522834777832,5.875647068023682,6.043522834777832,41340,0.0,0.0,0.0
2004-09-15 00:00:00+08:00,6.043522834777832,6.043522834777832,5.875647068023682,5.875647068023682,12956,0.0,0.0,0.0
2004-09-16 00:00:00+08:00,5.875647068023682,6.043522834777832,5.875647068023682,6.043522834777832,15666,0.0,0.0,0.0
2004-09-17 00:00:00+08:00,5.875647068023682,6.211399078369141,5.875647068023682,6.043522834777832,44288,0.0,0.0,0.0
2004-09-20 00:00:00+08:00,6.043522834777832,6.211399078369141,5.875647068023682,6.211399078369141,43067,0.0,0.0,0.0
2004-09-21 00:00:00+08:00,6.043522834777832,6.211399078369141,5.875647068023682,6.211399078369141,18049,0.0,0.0,0.0
2004-09-22 00:00:00+08:00,6.043522834777832,6.211399078369141,6.043522834777832,6.211399078369141,15160,0.0,0.0,0.0
2004-09-23 00:00:00+08:00,6.043522834777832,6.211399078369141,5.875647068023682,5.875647068023682,8488,0.0,0.0,0.0
2004-09-24 00:00:00+08:00,5.875647068023682,6.043522834777832,5.875647068023682,6.043522834777832,27937,0.0,0.0,0.0
2004-09-27 00:00:00+08:00,6.043522834777832,6.043522834777832,5.875647068023682,5.875647068023682,22725,0.0,0.0,0.0
2004-09-28 00:00:00+08:00,5.875647068023682,5.875647068023682,5.7077717781066895,5.875647068023682,87326,0.0,0.0,0.0
2004-09-29 00:00:00+08:00,5.7077717781066895,5.7077717781066895,5.7077717781066895,5.7077717781066895,29247,0.0,0.0,0.0
2004-09-30 00:00:00+08:00,5.7077717781066895,5.875647068023682,5.7077717781066895,5.875647068023682,20729,0.0,0.0,0.0
2004-10-01 00:00:00+08:00,5.7077717781066895,5.7077717781066895,5.539896011352539,5.539896011352539,76276,0.0,0.0,0.0
2004-10-04 00:00:00+08:00,5.7077717781066895,5.7077717781066895,5.3720197677612305,5.7077717781066895,127028,0.0,0.0,0.0
2004-10-05 00:00:00+08:00,5.7077717781066895,5.7077717781066895,5.539896011352539,5.7077717781066895,80476,0.0,0.0,0.0
2004-10-06 00:00:00+08:00,5.539896011352539,5.539896011352539,5.539896011352539,5.539896011352539,71004,0.0,0.0,0.0
2004-10-07 00:00:00+08:00,5.539896011352539,5.7077717781066895,5.539896011352539,5.539896011352539,49768,0.0,0.0,0.0
2004-10-08 00:00:00+08:00,5.539896011352539,5.539896011352539,5.3720197677612305,5.3720197677612305,97274,0.0,0.0,0.0
2004-10-11 00:00:00+08:00,5.3720197677612305,5.539896011352539,5.3720197677612305,5.539896011352539,60074,0.0,0.0,0.0
2004-10-12 00:00:00+08:00,5.3720197677612305,5.3720197677612305,5.2041449546813965,5.2041449546813965,86224,0.0,0.0,0.0
2004-10-13 00:00:00+08:00,5.2041449546813965,5.3720197677612305,5.036269187927246,5.3720197677612305,96202,0.0,0.0,0.0
2004-10-14 00:00:00+08:00,5.2041449546813965,5.3720197677612305,5.2041449546813965,5.3720197677612305,41042,0.0,0.0,0.0
2004-10-15 00:00:00+08:00,5.2041449546813965,5.2041449546813965,5.036269187927246,5.2041449546813965,25792,0.0,0.0,0.0
2004-10-18 00:00:00+08:00,5.2041449546813965,5.3720197677612305,5.2041449546813965,5.2041449546813965,46194,0.0,0.0,0.0
2004-10-19 00:00:00+08:00,5.2041449546813965,5.2041449546813965,5.2041449546813965,5.2041449546813965,23350,0.0,0.0,0.0
2004-10-20 00:00:00+08:00,5.2041449546813965,5.2041449546813965,4.8683929443359375,5.036269187927246,73089,0.0,0.0,0.0
2004-10-21 00:00:00+08:00,5.036269187927246,5.2041449546813965,4.8683929443359375,5.036269187927246,31064,0.0,0.0,0.0
2004-10-22 00:00:00+08:00,5.036269187927246,5.036269187927246,4.8683929443359375,4.8683929443359375,52985,0.0,0.0,0.0
2004-10-25 00:00:00+08:00,4.8683929443359375,4.8683929443359375,4.7005181312561035,4.8683929443359375,21772,0.0,0.0,0.0
2004-10-26 00:00:00+08:00,4.7005181312561035,4.8683929443359375,4.7005181312561035,4.8683929443359375,18644,0.0,0.0,0.0
2004-10-27 00:00:00+08:00,4.8683929443359375,5.036269187927246,4.8683929443359375,4.8683929443359375,40446,0.0,0.0,0.0
2004-10-28 00:00:00+08:00,4.8683929443359375,5.036269187927246,4.7005181312561035,5.036269187927246,93283,0.0,0.0,0.0
2004-10-29 00:00:00+08:00,4.8683929443359375,5.036269187927246,4.8683929443359375,5.036269187927246,64720,0.0,0.0,0.0
2004-11-01 00:00:00+08:00,5.036269187927246,5.036269187927246,4.8683929443359375,4.8683929443359375,44110,0.0,0.0,0.0
2004-11-02 00:00:00+08:00,4.8683929443359375,4.8683929443359375,4.7005181312561035,4.8683929443359375,26835,0.0,0.0,0.0
2004-11-03 00:00:00+08:00,4.7005181312561035,4.8683929443359375,4.532641887664795,4.8683929443359375,192017,0.0,0.0,0.0
2004-11-04 00:00:00+08:00,4.8683929443359375,4.8683929443359375,4.7005181312561035,4.8683929443359375,53730,0.0,0.0,0.0
2004-11-05 00:00:00+08:00,4.7005181312561035,4.7005181312561035,4.532641887664795,4.7005181312561035,35979,0.0,0.0,0.0
2004-11-08 00:00:00+08:00,4.7005181312561035,4.8683929443359375,4.532641887664795,4.7005181312561035,26686,0.0,0.0,0.0
2004-11-09 00:00:00+08:00,4.7005181312561035,4.8683929443359375,4.532641887664795,4.8683929443359375,52598,0.0,0.0,0.0
2004-11-10 00:00:00+08:00,4.7005181312561035,4.7005181312561035,4.3647661209106445,4.7005181312561035,94921,0.0,0.0,0.0
2004-11-11 00:00:00+08:00,4.7005181312561035,4.7005181312561035,4.7005181312561035,4.7005181312561035,0,0.0,0.0,0.0
2004-11-12 00:00:00+08:00,4.532641887664795,4.7005181312561035,4.532641887664795,4.532641887664795,53879,0.0,0.0,0.0
2004-11-15 00:00:00+08:00,4.532641887664795,4.532641887664795,4.532641887664795,4.532641887664795,0,0.0,0.0,0.0
2004-11-16 00:00:00+08:00,4.7005181312561035,4.7005181312561035,4.532641887664795,4.7005181312561035,119195,0.0,0.0,0.0
2004-11-17 00:00:00+08:00,4.7005181312561035,4.7005181312561035,4.532641887664795,4.7005181312561035,11020,0.0,0.0,0.0
2004-11-18 00:00:00+08:00,4.532641887664795,4.7005181312561035,4.532641887664795,4.532641887664795,25227,0.0,0.0,0.0
2004-11-19 00:00:00+08:00,4.532641887664795,4.7005181312561035,4.532641887664795,4.7005181312561035,48756,0.0,0.0,0.0
2004-11-22 00:00:00+08:00,4.7005181312561035,4.8683929443359375,4.7005181312561035,4.8683929443359375,116306,0.0,0.0,0.0
2004-11-23 00:00:00+08:00,4.8683929443359375,4.8683929443359375,4.7005181312561035,4.8683929443359375,18376,0.0,0.0,0.0
2004-11-24 00:00:00+08:00,4.8683929443359375,4.8683929443359375,4.7005181312561035,4.8683929443359375,75234,0.0,0.0,0.0
2004-11-25 00:00:00+08:00,4.7005181312561035,4.7005181312561035,4.7005181312561035,4.7005181312561035,34102,0.0,0.0,0.0
2004-11-26 00:00:00+08:00,4.7005181312561035,4.7005181312561035,4.7005181312561035,4.7005181312561035,26954,0.0,0.0,0.0
2004-11-29 00:00:00+08:00,4.7005181312561035,4.8683929443359375,4.7005181312561035,4.7005181312561035,35055,0.0,0.0,0.0
2004-11-30 00:00:00+08:00,4.7005181312561035,4.7005181312561035,4.532641887664795,4.7005181312561035,65345,0.0,0.0,0.0
2004-12-01 00:00:00+08:00,4.532641887664795,4.532641887664795,4.532641887664795,4.532641887664795,23410,0.0,0.0,0.0
2004-12-02 00:00:00+08:00,4.532641887664795,4.7005181312561035,4.532641887664795,4.7005181312561035,16649,0.0,0.0,0.0
2004-12-03 00:00:00+08:00,4.532641887664795,4.7005181312561035,4.532641887664795,4.7005181312561035,7714,0.0,0.0,0.0
2004-12-06 00:00:00+08:00,4.532641887664795,4.7005181312561035,4.532641887664795,4.7005181312561035,8339,0.0,0.0,0.0
2004-12-07 00:00:00+08:00,4.7005181312561035,4.8683929443359375,4.532641887664795,4.8683929443359375,55844,0.0,0.0,0.0
2004-12-08 00:00:00+08:00,5.036269187927246,5.2041449546813965,5.036269187927246,5.2041449546813965,118242,0.0,0.0,0.0
2004-12-09 00:00:00+08:00,5.2041449546813965,5.2041449546813965,4.8683929443359375,5.2041449546813965,45599,0.0,0.0,0.0
2004-12-10 00:00:00+08:00,5.3720197677612305,5.3720197677612305,5.036269187927246,5.2041449546813965,93968,0.0,0.0,0.0
2004-12-13 00:00:00+08:00,5.036269187927246,5.036269187927246,4.7005181312561035,4.8683929443359375,28711,0.0,0.0,0.0
2004-12-14 00:00:00+08:00,4.8683929443359375,5.036269187927246,4.8683929443359375,4.8683929443359375,28592,0.0,0.0,0.0
2004-12-15 00:00:00+08:00,4.8683929443359375,4.8683929443359375,4.7005181312561035,4.8683929443359375,20848,0.0,0.0,0.0
2004-12-16 00:00:00+08:00,4.8683929443359375,4.8683929443359375,4.7005181312561035,4.8683929443359375,6284,0.0,0.0,0.0
2004-12-17 00:00:00+08:00,4.7005181312561035,4.8683929443359375,4.7005181312561035,4.8683929443359375,24988,0.0,0.0,0.0
2004-12-20 00:00:00+08:00,4.8683929443359375,4.8683929443359375,4.7005181312561035,4.7005181312561035,19985,0.0,0.0,0.0
2004-12-21 00:00:00+08:00,4.7005181312561035,4.8683929443359375,4.7005181312561035,4.7005181312561035,11764,0.0,0.0,0.0
2004-12-22 00:00:00+08:00,4.7005181312561035,4.8683929443359375,4.7005181312561035,4.8683929443359375,16887,0.0,0.0,0.0
2004-12-23 00:00:00+08:00,4.8683929443359375,5.036269187927246,4.7005181312561035,5.036269187927246,75561,0.0,0.0,0.0
2004-12-24 00:00:00+08:00,5.036269187927246,5.036269187927246,5.036269187927246,5.036269187927246,24839,0.0,0.0,0.0
2004-12-27 00:00:00+08:00,5.036269187927246,5.036269187927246,5.036269187927246,5.036269187927246,15487,0.0,0.0,0.0
2004-12-28 00:00:00+08:00,5.036269187927246,5.2041449546813965,4.8683929443359375,5.2041449546813965,140490,0.0,0.0,0.0
2004-12-29 00:00:00+08:00,5.2041449546813965,5.3720197677612305,5.2041449546813965,5.2041449546813965,64273,0.0,0.0,0.0
2004-12-30 00:00:00+08:00,5.2041449546813965,5.2041449546813965,5.2041449546813965,5.2041449546813965,49262,0.0,0.0,0.0
2004-12-31 00:00:00+08:00,5.2041449546813965,5.2041449546813965,5.2041449546813965,5.2041449546813965,8220,0.0,0.0,0.0
2005-01-03 00:00:00+08:00,5.2041449546813965,5.2041449546813965,5.2041449546813965,5.2041449546813965,24601,0.0,0.0,0.0
2005-01-04 00:00:00+08:00,5.2041449546813965,5.539896011352539,5.2041449546813965,5.539896011352539,137393,0.0,0.0,0.0
2005-01-05 00:00:00+08:00,5.3720197677612305,5.875647068023682,5.3720197677612305,5.7077717781066895,459953,0.0,0.0,0.0
2005-01-06 00:00:00+08:00,5.7077717781066895,5.7077717781066895,5.539896011352539,5.539896011352539,35591,0.0,0.0,0.0
2005-01-07 00:00:00+08:00,5.539896011352539,5.539896011352539,5.3720197677612305,5.539896011352539,76068,0.0,0.0,0.0
2005-01-10 00:00:00+08:00,5.7077717781066895,5.7077717781066895,5.3720197677612305,5.3720197677612305,37289,0.0,0.0,0.0
2005-01-11 00:00:00+08:00,5.539896011352539,5.7077717781066895,5.539896011352539,5.7077717781066895,51347,0.0,0.0,0.0
2005-01-12 00:00:00+08:00,5.539896011352539,5.539896011352539,5.539896011352539,5.539896011352539,86403,0.0,0.0,0.0
2005-01-13 00:00:00+08:00,5.539896011352539,5.7077717781066895,5.539896011352539,5.7077717781066895,22457,0.0,0.0,0.0
2005-01-14 00:00:00+08:00,5.539896011352539,6.043522834777832,5.539896011352539,5.875647068023682,229425,0.0,0.0,0.0
2005-01-17 00:00:00+08:00,6.043522834777832,6.211399078369141,5.875647068023682,6.211399078369141,252508,0.0,0.0,0.0
2005-01-18 00:00:00+08:00,6.211399078369141,6.379273891448975,6.211399078369141,6.379273891448975,294920,0.0,0.0,0.0
2005-01-19 00:00:00+08:00,6.379273891448975,6.379273891448975,6.211399078369141,6.379273891448975,65018,0.0,0.0,0.0
2005-01-20 00:00:00+08:00,6.379273891448975,6.379273891448975,6.211399078369141,6.379273891448975,46611,0.0,0.0,0.0
2005-01-24 00:00:00+08:00,6.379273891448975,6.379273891448975,6.043522834777832,6.211399078369141,91109,0.0,0.0,0.0
2005-01-25 00:00:00+08:00,6.043522834777832,6.043522834777832,5.875647068023682,6.043522834777832,57929,0.0,0.0,0.0
2005-01-26 00:00:00+08:00,6.043522834777832,6.211399078369141,6.043522834777832,6.211399078369141,95725,0.0,0.0,0.0
2005-01-27 00:00:00+08:00,6.211399078369141,6.211399078369141,6.043522834777832,6.211399078369141,97304,0.0,0.0,0.0
2005-01-28 00:00:00+08:00,6.211399078369141,6.211399078369141,6.043522834777832,6.043522834777832,45658,0.0,0.0,0.0
2005-01-31 00:00:00+08:00,6.043522834777832,6.211399078369141,6.043522834777832,6.211399078369141,31302,0.0,0.0,0.0
2005-02-01 00:00:00+08:00,6.211399078369141,6.211399078369141,6.043522834777832,6.043522834777832,36217,0.0,0.0,0.0
2005-02-02 00:00:00+08:00,6.211399078369141,6.547150135040283,6.211399078369141,6.547150135040283,210572,0.0,0.0,0.0
2005-02-03 00:00:00+08:00,6.547150135040283,6.547150135040283,6.379273891448975,6.379273891448975,102486,0.0,0.0,0.0
2005-02-04 00:00:00+08:00,6.379273891448975,6.547150135040283,6.379273891448975,6.547150135040283,28264,0.0,0.0,0.0
2005-02-07 00:00:00+08:00,6.379273891448975,6.379273891448975,6.379273891448975,6.379273891448975,18406,0.0,0.0,0.0
2005-02-08 00:00:00+08:00,6.379273891448975,6.379273891448975,6.211399078369141,6.379273891448975,21831,0.0,0.0,0.0
2005-02-11 00:00:00+08:00,6.379273891448975,6.547150135040283,6.379273891448975,6.547150135040283,26388,0.0,0.0,0.0
2005-02-14 00:00:00+08:00,6.379273891448975,6.547150135040283,6.379273891448975,6.547150135040283,31749,0.0,0.0,0.0
2005-02-15 00:00:00+08:00,6.547150135040283,6.547150135040283,6.379273891448975,6.379273891448975,21206,0.0,0.0,0.0
2005-02-16 00:00:00+08:00,6.379273891448975,6.379273891448975,6.379273891448975,6.379273891448975,19359,0.0,0.0,0.0
2005-02-17 00:00:00+08:00,6.379273891448975,6.547150135040283,6.211399078369141,6.379273891448975,25673,0.0,0.0,0.0
2005-02-18 00:00:00+08:00,6.379273891448975,6.379273891448975,6.211399078369141,6.379273891448975,5301,0.0,0.0,0.0
2005-02-21 00:00:00+08:00,6.379273891448975,6.547150135040283,6.379273891448975,6.379273891448975,13670,0.0,0.0,0.0
2005-02-22 00:00:00+08:00,6.211399078369141,6.379273891448975,6.211399078369141,6.379273891448975,17721,0.0,0.0,0.0
2005-02-23 00:00:00+08:00,6.211399078369141,6.211399078369141,6.043522834777832,6.211399078369141,39046,0.0,0.0,0.0
2005-02-24 00:00:00+08:00,6.547150135040283,6.547150135040283,6.379273891448975,6.547150135040283,197973,0.0,0.0,0.0
2005-02-25 00:00:00+08:00,6.547150135040283,6.715025901794434,6.379273891448975,6.379273891448975,86462,0.0,0.0,0.0
2005-02-28 00:00:00+08:00,6.547150135040283,6.715025901794434,6.379273891448975,6.547150135040283,222396,0.0,0.0,0.0
2005-03-01 00:00:00+08:00,6.715025901794434,6.715025901794434,6.379273891448975,6.379273891448975,68264,0.0,0.0,0.0
2005-03-02 00:00:00+08:00,6.379273891448975,6.547150135040283,6.379273891448975,6.547150135040283,13045,0.0,0.0,0.0
2005-03-03 00:00:00+08:00,6.547150135040283,6.547150135040283,6.379273891448975,6.547150135040283,42799,0.0,0.0,0.0
2005-03-04 00:00:00+08:00,6.547150135040283,6.547150135040283,6.211399078369141,6.379273891448975,35949,0.0,0.0,0.0
2005-03-07 00:00:00+08:00,6.379273891448975,6.379273891448975,6.211399078369141,6.211399078369141,44318,0.0,0.0,0.0
2005-03-08 00:00:00+08:00,6.379273891448975,6.379273891448975,6.211399078369141,6.211399078369141,63797,0.0,0.0,0.0
2005-03-09 00:00:00+08:00,6.211399078369141,6.379273891448975,6.211399078369141,6.379273891448975,48249,0.0,0.0,0.0
2005-03-10 00:00:00+08:00,6.211399078369141,6.379273891448975,6.211399078369141,6.211399078369141,58942,0.0,0.0,0.0
2005-03-11 00:00:00+08:00,6.547150135040283,6.715025901794434,6.547150135040283,6.715025901794434,197676,0.0,0.0,0.0
2005-03-14 00:00:00+08:00,6.547150135040283,6.715025901794434,6.379273891448975,6.715025901794434,65018,0.0,0.0,0.0
2005-03-15 00:00:00+08:00,6.547150135040283,6.715025901794434,6.379273891448975,6.547150135040283,39433,0.0,0.0,0.0
2005-03-16 00:00:00+08:00,6.379273891448975,6.547150135040283,6.379273891448975,6.547150135040283,22725,0.0,0.0,0.0
2005-03-17 00:00:00+08:00,6.547150135040283,6.547150135040283,6.379273891448975,6.547150135040283,75978,0.0,0.0,0.0
2005-03-18 00:00:00+08:00,6.379273891448975,6.379273891448975,6.211399078369141,6.379273891448975,82233,0.0,0.0,0.0
2005-03-21 00:00:00+08:00,6.379273891448975,6.379273891448975,6.043522834777832,6.379273891448975,32404,0.0,0.0,0.0
2005-03-22 00:00:00+08:00,6.379273891448975,6.379273891448975,6.211399078369141,6.379273891448975,48786,0.0,0.0,0.0
2005-03-23 00:00:00+08:00,6.211399078369141,6.379273891448975,6.211399078369141,6.211399078369141,44020,0.0,0.0,0.0
2005-03-24 00:00:00+08:00,6.211399078369141,6.379273891448975,6.211399078369141,6.211399078369141,9233,0.0,0.0,0.0
2005-03-28 00:00:00+08:00,6.211399078369141,6.379273891448975,6.211399078369141,6.379273891448975,43812,0.0,0.0,0.0
2005-03-29 00:00:00+08:00,6.379273891448975,6.379273891448975,6.043522834777832,6.211399078369141,26329,0.0,0.0,0.0
2005-03-30 00:00:00+08:00,6.211399078369141,6.211399078369141,6.043522834777832,6.211399078369141,30230,0.0,0.0,0.0
2005-03-31 00:00:00+08:00,6.211399078369141,6.211399078369141,6.043522834777832,6.211399078369141,16619,0.0,0.0,0.0
2005-04-01 00:00:00+08:00,6.043522834777832,6.211399078369141,6.043522834777832,6.211399078369141,4914,0.0,0.0,0.0
2005-04-04 00:00:00+08:00,6.043522834777832,6.043522834777832,6.043522834777832,6.043522834777832,31392,0.0,0.0,0.0
2005-04-05 00:00:00+08:00,6.043522834777832,6.211399078369141,6.043522834777832,6.211399078369141,20193,0.0,0.0,0.0
2005-04-06 00:00:00+08:00,6.379273891448975,6.379273891448975,6.211399078369141,6.211399078369141,59150,0.0,0.0,0.0
2005-04-07 00:00:00+08:00,6.211399078369141,6.379273891448975,6.211399078369141,6.379273891448975,53998,0.0,0.0,0.0
2005-04-08 00:00:00+08:00,6.211399078369141,6.211399078369141,6.211399078369141,6.211399078369141,15249,0.0,0.0,0.0
2005-04-11 00:00:00+08:00,6.379273891448975,6.379273891448975,6.211399078369141,6.379273891448975,15964,0.0,0.0,0.0
2005-04-12 00:00:00+08:00,6.379273891448975,6.379273891448975,6.211399078369141,6.211399078369141,22367,0.0,0.0,0.0
2005-04-13 00:00:00+08:00,6.211399078369141,6.379273891448975,6.211399078369141,6.379273891448975,20670,0.0,0.0,0.0
2005-04-14 00:00:00+08:00,6.379273891448975,7.386528015136719,6.379273891448975,7.386528015136719,404585,0.0,0.0,0.0
2005-04-15 00:00:00+08:00,7.21865177154541,7.722279071807861,7.050776958465576,7.21865177154541,353892,0.0,0.0,0.0
2005-04-18 00:00:00+08:00,7.21865177154541,7.722279071807861,7.050776958465576,7.386528015136719,536111,0.0,0.0,0.0
2005-04-19 00:00:00+08:00,7.386528015136719,8.05803108215332,7.21865177154541,7.722279071807861,671657,0.0,0.0,0.0
2005-04-20 00:00:00+08:00,7.890154838562012,8.05803108215332,7.21865177154541,7.21865177154541,244168,0.0,0.0,0.0
2005-04-21 00:00:00+08:00,7.21865177154541,7.386528015136719,7.050776958465576,7.21865177154541,97363,0.0,0.0,0.0
2005-04-22 00:00:00+08:00,7.21865177154541,7.386528015136719,6.882901191711426,6.882901191711426,81846,0.0,0.0,0.0
2005-04-25 00:00:00+08:00,6.882901191711426,7.21865177154541,6.715025901794434,6.882901191711426,123216,0.0,0.0,0.0
2005-04-26 00:00:00+08:00,6.882901191711426,7.050776958465576,6.547150135040283,6.715025901794434,171108,0.0,0.0,0.0
2005-04-27 00:00:00+08:00,6.547150135040283,7.21865177154541,6.547150135040283,6.882901191711426,182516,0.0,0.0,0.0
2005-04-28 00:00:00+08:00,6.882901191711426,6.882901191711426,6.715025901794434,6.882901191711426,68026,0.0,0.0,0.0
2005-04-29 00:00:00+08:00,6.715025901794434,6.882901191711426,6.547150135040283,6.715025901794434,69783,0.0,0.0,0.0
2005-05-03 00:00:00+08:00,6.715025901794434,6.715025901794434,6.547150135040283,6.547150135040283,73208,0.0,0.0,0.0
2005-05-04 00:00:00+08:00,6.547150135040283,6.715025901794434,6.379273891448975,6.379273891448975,128607,0.0,0.0,0.0
2005-05-05 00:00:00+08:00,6.547150135040283,6.547150135040283,6.211399078369141,6.379273891448975,143618,0.0,0.0,0.0
2005-05-06 00:00:00+08:00,6.211399078369141,6.379273891448975,6.211399078369141,6.379273891448975,50692,0.0,0.0,0.0
2005-05-09 00:00:00+08:00,6.379273891448975,6.547150135040283,6.211399078369141,6.379273891448975,204109,0.0,0.0,0.0
2005-05-10 00:00:00+08:00,6.379273891448975,6.547150135040283,6.211399078369141,6.547150135040283,88339,0.0,0.0,0.0
2005-05-11 00:00:00+08:00,6.379273891448975,6.379273891448975,6.211399078369141,6.211399078369141,12807,0.0,0.0,0.0
2005-05-12 00:00:00+08:00,6.211399078369141,6.379273891448975,6.043522834777832,6.379273891448975,72940,0.0,0.0,0.0
2005-05-13 00:00:00+08:00,6.211399078369141,6.379273891448975,6.211399078369141,6.379273891448975,59329,0.0,0.0,0.0
2005-05-16 00:00:00+08:00,6.211399078369141,6.211399078369141,6.211399078369141,6.211399078369141,47058,0.0,0.0,0.0
2005-05-17 00:00:00+08:00,6.211399078369141,6.211399078369141,5.875647068023682,6.211399078369141,83514,0.0,0.0,0.0
2005-05-18 00:00:00+08:00,6.043522834777832,6.211399078369141,5.875647068023682,6.043522834777832,24005,0.0,0.0,0.0
2005-05-19 00:00:00+08:00,6.211399078369141,6.379273891448975,6.043522834777832,6.211399078369141,131853,0.0,0.0,0.0
2005-05-20 00:00:00+08:00,6.211399078369141,6.211399078369141,6.043522834777832,6.043522834777832,14772,0.0,0.0,0.0
2005-05-24 00:00:00+08:00,6.211399078369141,6.379273891448975,6.211399078369141,6.211399078369141,56678,0.0,0.0,0.0
2005-05-25 00:00:00+08:00,6.211399078369141,6.379273891448975,6.211399078369141,6.379273891448975,22635,0.0,0.0,0.0
2005-05-26 00:00:00+08:00,6.379273891448975,6.379273891448975,6.211399078369141,6.211399078369141,20759,0.0,0.0,0.0
2005-05-27 00:00:00+08:00,6.211399078369141,6.379273891448975,6.211399078369141,6.379273891448975,31749,0.0,0.0,0.0
2005-05-30 00:00:00+08:00,6.379273891448975,6.379273891448975,6.211399078369141,6.379273891448975,16887,0.0,0.0,0.0
2005-05-31 00:00:00+08:00,6.211399078369141,6.379273891448975,6.211399078369141,6.211399078369141,53611,0.0,0.0,0.0
2005-06-01 00:00:00+08:00,6.211399078369141,6.379273891448975,6.211399078369141,6.379273891448975,22814,0.0,0.0,0.0
2005-06-02 00:00:00+08:00,6.379273891448975,6.379273891448975,6.211399078369141,6.211399078369141,12568,0.0,0.0,0.0
2005-06-03 00:00:00+08:00,6.211399078369141,6.379273891448975,6.211399078369141,6.379273891448975,13075,0.0,0.0,0.0
2005-06-06 00:00:00+08:00,6.211399078369141,6.379273891448975,6.211399078369141,6.379273891448975,12509,0.0,0.0,0.0
2005-06-07 00:00:00+08:00,6.211399078369141,6.547150135040283,6.211399078369141,6.379273891448975,99567,0.0,0.0,0.0
2005-06-08 00:00:00+08:00,6.547150135040283,6.547150135040283,6.379273891448975,6.379273891448975,28622,0.0,0.0,0.0
2005-06-09 00:00:00+08:00,6.547150135040283,6.547150135040283,6.379273891448975,6.379273891448975,12658,0.0,0.0,0.0
2005-06-10 00:00:00+08:00,6.379273891448975,6.715025901794434,6.379273891448975,6.715025901794434,227162,0.0,0.0,0.0
2005-06-13 00:00:00+08:00,6.882901191711426,6.882901191711426,6.715025901794434,6.882901191711426,160892,0.0,0.0,0.0
2005-06-14 00:00:00+08:00,6.882901191711426,6.882901191711426,6.547150135040283,6.547150135040283,32762,0.0,0.0,0.0
2005-06-15 00:00:00+08:00,6.547150135040283,6.715025901794434,6.547150135040283,6.715025901794434,21742,0.0,0.0,0.0
2005-06-16 00:00:00+08:00,6.547150135040283,6.715025901794434,6.547150135040283,6.715025901794434,16530,0.0,0.0,0.0
2005-06-17 00:00:00+08:00,6.547150135040283,6.715025901794434,6.379273891448975,6.547150135040283,29337,0.0,0.0,0.0
2005-06-20 00:00:00+08:00,6.379273891448975,6.547150135040283,6.211399078369141,6.379273891448975,39582,0.0,0.0,0.0
2005-06-21 00:00:00+08:00,6.379273891448975,6.379273891448975,6.379273891448975,6.379273891448975,11407,0.0,0.0,0.0
2005-06-22 00:00:00+08:00,6.547150135040283,6.715025901794434,6.379273891448975,6.379273891448975,34579,0.0,0.0,0.0
2005-06-23 00:00:00+08:00,6.547150135040283,6.547150135040283,6.547150135040283,6.547150135040283,30498,0.0,0.0,0.0
2005-06-24 00:00:00+08:00,6.547150135040283,6.547150135040283,6.379273891448975,6.379273891448975,14445,0.0,0.0,0.0
2005-06-27 00:00:00+08:00,6.547150135040283,6.547150135040283,6.379273891448975,6.379273891448975,49739,0.0,0.0,0.0
2005-06-28 00:00:00+08:00,6.547150135040283,6.547150135040283,6.379273891448975,6.379273891448975,17423,0.0,0.0,0.0
2005-06-29 00:00:00+08:00,6.379273891448975,6.547150135040283,6.211399078369141,6.379273891448975,12211,0.0,0.0,0.0
2005-06-30 00:00:00+08:00,6.379273891448975,6.547150135040283,6.211399078369141,6.547150135040283,19508,0.0,0.0,0.0
2005-07-01 00:00:00+08:00,6.379273891448975,6.547150135040283,6.379273891448975,6.379273891448975,9233,0.0,0.0,0.0
2005-07-04 00:00:00+08:00,6.379273891448975,6.547150135040283,6.379273891448975,6.547150135040283,11139,0.0,0.0,0.0
2005-07-05 00:00:00+08:00,6.379273891448975,6.379273891448975,6.379273891448975,6.379273891448975,18912,0.0,0.0,0.0
2005-07-06 00:00:00+08:00,6.379273891448975,6.547150135040283,6.379273891448975,6.547150135040283,8696,0.0,0.0,0.0
2005-07-07 00:00:00+08:00,6.379273891448975,6.379273891448975,6.379273891448975,6.379273891448975,19180,0.0,0.0,0.0
2005-07-08 00:00:00+08:00,6.547150135040283,6.547150135040283,6.379273891448975,6.547150135040283,40178,0.0,0.0,0.0
2005-07-11 00:00:00+08:00,6.379273891448975,6.547150135040283,6.379273891448975,6.547150135040283,13611,0.0,0.0,0.0
2005-07-12 00:00:00+08:00,6.379273891448975,6.715025901794434,6.379273891448975,6.547150135040283,129738,0.0,0.0,0.0
2005-07-13 00:00:00+08:00,6.547150135040283,6.882901191711426,6.547150135040283,6.715025901794434,89441,0.0,0.0,0.0
2005-07-14 00:00:00+08:00,6.715025901794434,6.715025901794434,6.715025901794434,6.715025901794434,13045,0.0,0.0,0.0
2005-07-15 00:00:00+08:00,6.715025901794434,6.715025901794434,6.547150135040283,6.715025901794434,18376,0.0,0.0,0.0
2005-07-18 00:00:00+08:00,6.547150135040283,6.715025901794434,6.379273891448975,6.715025901794434,8220,0.0,0.0,0.0
2005-07-19 00:00:00+08:00,6.547150135040283,6.882901191711426,6.547150135040283,6.882901191711426,91138,0.0,0.0,0.0
2005-07-20 00:00:00+08:00,6.715025901794434,6.882901191711426,6.547150135040283,6.547150135040283,65107,0.0,0.0,0.0
2005-07-21 00:00:00+08:00,6.715025901794434,6.715025901794434,6.547150135040283,6.547150135040283,10275,0.0,0.0,0.0
2005-07-22 00:00:00+08:00,6.547150135040283,6.715025901794434,6.547150135040283,6.715025901794434,18734,0.0,0.0,0.0
2005-07-25 00:00:00+08:00,6.547150135040283,6.715025901794434,6.547150135040283,6.715025901794434,9322,0.0,0.0,0.0
2005-07-26 00:00:00+08:00,6.715025901794434,6.715025901794434,6.547150135040283,6.715025901794434,51585,0.0,0.0,0.0
2005-07-27 00:00:00+08:00,6.715025901794434,6.715025901794434,6.547150135040283,6.715025901794434,20848,0.0,0.0,0.0
2005-07-28 00:00:00+08:00,6.547150135040283,6.715025901794434,6.547150135040283,6.715025901794434,5778,0.0,0.0,0.0
2005-07-29 00:00:00+08:00,6.715025901794434,6.882901191711426,6.715025901794434,6.882901191711426,31570,0.0,0.0,0.0
2005-08-01 00:00:00+08:00,6.715025901794434,6.715025901794434,6.547150135040283,6.715025901794434,33238,0.0,0.0,0.0
2005-08-02 00:00:00+08:00,6.715025901794434,7.21865177154541,6.715025901794434,6.882901191711426,239760,0.0,0.0,0.0
2005-08-03 00:00:00+08:00,6.882901191711426,7.050776958465576,6.715025901794434,6.882901191711426,41101,0.0,0.0,0.0
2005-08-04 00:00:00+08:00,6.715025901794434,6.882901191711426,6.715025901794434,6.715025901794434,39255,0.0,0.0,0.0
2005-08-05 00:00:00+08:00,6.715025901794434,6.882901191711426,6.715025901794434,6.715025901794434,65077,0.0,0.0,0.0
2005-08-08 00:00:00+08:00,6.882901191711426,7.21865177154541,6.882901191711426,7.050776958465576,188204,0.0,0.0,0.0
2005-08-10 00:00:00+08:00,7.21865177154541,7.21865177154541,6.882901191711426,7.050776958465576,122620,0.0,0.0,0.0
2005-08-11 00:00:00+08:00,7.050776958465576,7.050776958465576,6.715025901794434,6.882901191711426,36127,0.0,0.0,0.0
2005-08-12 00:00:00+08:00,6.882901191711426,6.882901191711426,6.715025901794434,6.882901191711426,33089,0.0,0.0,0.0
2005-08-15 00:00:00+08:00,7.050776958465576,7.050776958465576,6.715025901794434,6.882901191711426,67341,0.0,0.0,0.0
2005-08-16 00:00:00+08:00,6.882901191711426,6.882901191711426,6.547150135040283,6.882901191711426,47505,0.0,0.0,0.0
2005-08-17 00:00:00+08:00,6.882901191711426,6.882901191711426,6.715025901794434,6.715025901794434,50364,0.0,0.0,0.0
2005-08-18 00:00:00+08:00,6.882901191711426,6.882901191711426,6.715025901794434,6.715025901794434,59716,0.0,0.0,0.0
2005-08-19 00:00:00+08:00,6.715025901794434,6.715025901794434,6.715025901794434,6.715025901794434,27699,0.0,0.0,0.0
2005-08-22 00:00:00+08:00,6.715025901794434,6.882901191711426,6.715025901794434,6.715025901794434,23588,0.0,0.0,0.0
2005-08-23 00:00:00+08:00,6.715025901794434,6.882901191711426,6.715025901794434,6.715025901794434,19508,0.0,0.0,0.0
2005-08-24 00:00:00+08:00,6.715025901794434,6.882901191711426,6.547150135040283,6.547150135040283,60312,0.0,0.0,0.0
2005-08-25 00:00:00+08:00,6.547150135040283,6.715025901794434,6.547150135040283,6.715025901794434,8816,0.0,0.0,0.0
2005-08-26 00:00:00+08:00,6.547150135040283,6.715025901794434,6.547150135040283,6.715025901794434,33596,0.0,0.0,0.0
2005-08-29 00:00:00+08:00,6.715025901794434,6.882901191711426,6.715025901794434,6.882901191711426,31094,0.0,0.0,0.0
2005-08-30 00:00:00+08:00,6.882901191711426,6.882901191711426,6.715025901794434,6.715025901794434,37736,0.0,0.0,0.0
2005-08-31 00:00:00+08:00,6.715025901794434,6.715025901794434,6.547150135040283,6.715025901794434,58168,0.0,0.0,0.0
2005-09-01 00:00:00+08:00,6.715025901794434,6.882901191711426,6.715025901794434,6.882901191711426,11228,0.0,0.0,0.0
2005-09-02 00:00:00+08:00,7.050776958465576,7.386528015136719,7.050776958465576,7.21865177154541,343796,0.0,0.0,0.0
2005-09-05 00:00:00+08:00,7.21865177154541,7.386528015136719,7.050776958465576,7.050776958465576,102099,0.0,0.0,0.0
2005-09-06 00:00:00+08:00,7.050776958465576,7.050776958465576,6.882901191711426,7.050776958465576,6850,0.0,0.0,0.0
2005-09-07 00:00:00+08:00,7.050776958465576,7.050776958465576,6.882901191711426,7.050776958465576,17185,0.0,0.0,0.0
2005-09-08 00:00:00+08:00,7.722279071807861,7.722279071807861,7.21865177154541,7.722279071807861,0,0.0,0.0,0.0
2005-09-09 00:00:00+08:00,7.722279071807861,7.722279071807861,6.882901191711426,6.882901191711426,461859,0.0,0.0,0.0
2005-09-12 00:00:00+08:00,6.882901191711426,6.882901191711426,6.379273891448975,6.715025901794434,177214,0.0,0.0,0.0
2005-09-13 00:00:00+08:00,6.547150135040283,6.715025901794434,6.211399078369141,6.379273891448975,157825,0.0,0.0,0.0
2005-09-14 00:00:00+08:00,6.211399078369141,6.211399078369141,6.043522834777832,6.211399078369141,43514,0.0,0.0,0.0
2005-09-15 00:00:00+08:00,6.043522834777832,6.211399078369141,6.043522834777832,6.211399078369141,55547,0.0,0.0,0.0
2005-09-16 00:00:00+08:00,6.379273891448975,6.379273891448975,6.211399078369141,6.379273891448975,49679,0.0,0.0,0.0
2005-09-19 00:00:00+08:00,6.379273891448975,6.379273891448975,6.043522834777832,6.043522834777832,120237,0.0,0.0,0.0
2005-09-20 00:00:00+08:00,6.043522834777832,6.211399078369141,5.875647068023682,5.875647068023682,60729,0.0,0.0,0.0
2005-09-21 00:00:00+08:00,6.043522834777832,6.211399078369141,5.875647068023682,6.043522834777832,49441,0.0,0.0,0.0
2005-09-22 00:00:00+08:00,6.043522834777832,6.547150135040283,6.043522834777832,6.379273891448975,147966,0.0,0.0,0.0
2005-09-23 00:00:00+08:00,6.379273891448975,6.379273891448975,6.043522834777832,6.043522834777832,160952,0.0,0.0,0.0
2005-09-26 00:00:00+08:00,5.875647068023682,6.043522834777832,5.875647068023682,5.875647068023682,93849,0.0,0.0,0.0
2005-09-27 00:00:00+08:00,6.043522834777832,6.043522834777832,5.875647068023682,6.043522834777832,40118,0.0,0.0,0.0
2005-09-28 00:00:00+08:00,6.043522834777832,6.043522834777832,5.875647068023682,6.043522834777832,28920,0.0,0.0,0.0
2005-09-29 00:00:00+08:00,5.875647068023682,6.043522834777832,5.875647068023682,6.043522834777832,29277,0.0,0.0,0.0
2005-09-30 00:00:00+08:00,5.875647068023682,6.043522834777832,5.875647068023682,5.875647068023682,14772,0.0,0.0,0.0
2005-10-03 00:00:00+08:00,5.875647068023682,5.875647068023682,5.875647068023682,5.875647068023682,85122,0.0,0.0,0.0
2005-10-04 00:00:00+08:00,5.7077717781066895,6.043522834777832,5.7077717781066895,6.043522834777832,45956,0.0,0.0,0.0
2005-10-05 00:00:00+08:00,5.875647068023682,5.875647068023682,5.7077717781066895,5.875647068023682,46909,0.0,0.0,0.0
2005-10-06 00:00:00+08:00,5.7077717781066895,5.875647068023682,5.7077717781066895,5.875647068023682,112464,0.0,0.0,0.0
2005-10-07 00:00:00+08:00,5.7077717781066895,5.7077717781066895,5.7077717781066895,5.7077717781066895,29724,0.0,0.0,0.0
2005-10-10 00:00:00+08:00,5.7077717781066895,6.211399078369141,5.7077717781066895,6.211399078369141,455724,0.0,0.0,0.0
2005-10-11 00:00:00+08:00,6.043522834777832,6.043522834777832,5.875647068023682,5.875647068023682,51585,0.0,0.0,0.0
2005-10-12 00:00:00+08:00,5.875647068023682,5.875647068023682,5.7077717781066895,5.875647068023682,49292,0.0,0.0,0.0
2005-10-13 00:00:00+08:00,5.7077717781066895,5.875647068023682,5.7077717781066895,5.7077717781066895,51139,0.0,0.0,0.0
2005-10-14 00:00:00+08:00,5.7077717781066895,5.875647068023682,5.7077717781066895,5.875647068023682,30498,0.0,0.0,0.0
2005-10-17 00:00:00+08:00,5.875647068023682,5.875647068023682,5.7077717781066895,5.7077717781066895,95040,0.0,0.0,0.0
2005-10-18 00:00:00+08:00,5.539896011352539,5.7077717781066895,5.539896011352539,5.539896011352539,74876,0.0,0.0,0.0
2005-10-19 00:00:00+08:00,5.3720197677612305,5.539896011352539,5.2041449546813965,5.3720197677612305,57810,0.0,0.0,0.0
2005-10-20 00:00:00+08:00,5.3720197677612305,5.3720197677612305,5.2041449546813965,5.2041449546813965,83871,0.0,0.0,0.0
2005-10-21 00:00:00+08:00,5.036269187927246,5.2041449546813965,5.036269187927246,5.036269187927246,46820,0.0,0.0,0.0
2005-10-24 00:00:00+08:00,5.036269187927246,5.2041449546813965,4.8683929443359375,5.036269187927246,67490,0.0,0.0,0.0
2005-10-25 00:00:00+08:00,4.8683929443359375,5.036269187927246,4.7005181312561035,4.8683929443359375,149694,0.0,0.0,0.0
2005-10-26 00:00:00+08:00,4.8683929443359375,4.8683929443359375,4.7005181312561035,4.8683929443359375,58197,0.0,0.0,0.0
2005-10-27 00:00:00+08:00,4.7005181312561035,4.8683929443359375,4.532641887664795,4.532641887664795,94772,0.0,0.0,0.0
2005-10-28 00:00:00+08:00,4.7005181312561035,5.036269187927246,4.7005181312561035,4.8683929443359375,230289,0.0,0.0,0.0
2005-10-31 00:00:00+08:00,4.8683929443359375,4.8683929443359375,4.532641887664795,4.7005181312561035,81578,0.0,0.0,0.0
2005-11-02 00:00:00+08:00,4.532641887664795,4.7005181312561035,4.532641887664795,4.7005181312561035,56232,0.0,0.0,0.0
2005-11-04 00:00:00+08:00,4.7005181312561035,4.8683929443359375,4.532641887664795,4.7005181312561035,72672,0.0,0.0,0.0
2005-11-07 00:00:00+08:00,4.8683929443359375,5.036269187927246,4.8683929443359375,5.036269187927246,188919,0.0,0.0,0.0
2005-11-08 00:00:00+08:00,5.2041449546813965,5.2041449546813965,4.7005181312561035,4.8683929443359375,74162,0.0,0.0,0.0
2005-11-09 00:00:00+08:00,4.8683929443359375,4.8683929443359375,4.7005181312561035,4.8683929443359375,95249,0.0,0.0,0.0
2005-11-10 00:00:00+08:00,4.8683929443359375,4.8683929443359375,4.7005181312561035,4.8683929443359375,108145,0.0,0.0,0.0
2005-11-11 00:00:00+08:00,4.8683929443359375,5.036269187927246,4.8683929443359375,4.8683929443359375,219358,0.0,0.0,0.0
2005-11-14 00:00:00+08:00,4.8683929443359375,4.8683929443359375,4.7005181312561035,4.8683929443359375,52002,0.0,0.0,0.0
2005-11-15 00:00:00+08:00,4.7005181312561035,4.8683929443359375,4.7005181312561035,4.7005181312561035,48637,0.0,0.0,0.0
2005-11-16 00:00:00+08:00,4.7005181312561035,4.8683929443359375,4.7005181312561035,4.8683929443359375,24541,0.0,0.0,0.0
2005-11-17 00:00:00+08:00,4.7005181312561035,4.7005181312561035,4.7005181312561035,4.7005181312561035,13789,0.0,0.0,0.0
2005-11-18 00:00:00+08:00,4.7005181312561035,4.7005181312561035,4.7005181312561035,4.7005181312561035,43276,0.0,0.0,0.0
2005-11-21 00:00:00+08:00,4.7005181312561035,4.7005181312561035,4.532641887664795,4.7005181312561035,39076,0.0,0.0,0.0
2005-11-22 00:00:00+08:00,4.7005181312561035,4.7005181312561035,4.7005181312561035,4.7005181312561035,31779,0.0,0.0,0.0
2005-11-23 00:00:00+08:00,4.7005181312561035,4.7005181312561035,4.7005181312561035,4.7005181312561035,16768,0.0,0.0,0.0
2005-11-24 00:00:00+08:00,4.8683929443359375,5.036269187927246,4.8683929443359375,5.036269187927246,86552,0.0,0.0,0.0
2005-11-25 00:00:00+08:00,4.8683929443359375,5.036269187927246,4.8683929443359375,4.8683929443359375,16202,0.0,0.0,0.0
2005-11-28 00:00:00+08:00,4.7005181312561035,4.7005181312561035,4.7005181312561035,4.7005181312561035,39165,0.0,0.0,0.0
2005-11-29 00:00:00+08:00,4.7005181312561035,4.7005181312561035,4.7005181312561035,4.7005181312561035,16142,0.0,0.0,0.0
2005-11-30 00:00:00+08:00,4.7005181312561035,4.8683929443359375,4.7005181312561035,4.8683929443359375,10126,0.0,0.0,0.0
2005-12-01 00:00:00+08:00,4.8683929443359375,5.036269187927246,4.8683929443359375,5.036269187927246,77587,0.0,0.0,0.0
2005-12-02 00:00:00+08:00,4.8683929443359375,5.036269187927246,4.8683929443359375,5.036269187927246,5331,0.0,0.0,0.0
2005-12-05 00:00:00+08:00,5.036269187927246,5.539896011352539,5.036269187927246,5.539896011352539,259864,0.0,0.0,0.0
2005-12-06 00:00:00+08:00,5.3720197677612305,5.3720197677612305,5.2041449546813965,5.2041449546813965,68443,0.0,0.0,0.0
2005-12-07 00:00:00+08:00,5.2041449546813965,5.2041449546813965,5.2041449546813965,5.2041449546813965,52062,0.0,0.0,0.0
2005-12-08 00:00:00+08:00,5.2041449546813965,5.3720197677612305,5.036269187927246,5.2041449546813965,22486,0.0,0.0,0.0
2005-12-09 00:00:00+08:00,5.2041449546813965,5.539896011352539,5.2041449546813965,5.2041449546813965,88428,0.0,0.0,0.0
2005-12-12 00:00:00+08:00,5.3720197677612305,5.3720197677612305,5.036269187927246,5.3720197677612305,78957,0.0,0.0,0.0
2005-12-13 00:00:00+08:00,5.2041449546813965,5.2041449546813965,5.036269187927246,5.036269187927246,81459,0.0,0.0,0.0
2005-12-14 00:00:00+08:00,5.2041449546813965,5.3720197677612305,5.036269187927246,5.2041449546813965,120088,0.0,0.0,0.0
2005-12-15 00:00:00+08:00,5.3720197677612305,5.539896011352539,5.3720197677612305,5.3720197677612305,215129,0.0,0.0,0.0
2005-12-16 00:00:00+08:00,5.3720197677612305,5.539896011352539,5.3720197677612305,5.539896011352539,134414,0.0,0.0,0.0
2005-12-19 00:00:00+08:00,5.539896011352539,5.875647068023682,5.539896011352539,5.7077717781066895,189396,0.0,0.0,0.0
2005-12-20 00:00:00+08:00,5.7077717781066895,5.7077717781066895,5.539896011352539,5.539896011352539,45629,0.0,0.0,0.0
2005-12-21 00:00:00+08:00,5.539896011352539,5.7077717781066895,5.539896011352539,5.7077717781066895,33834,0.0,0.0,0.0
2005-12-22 00:00:00+08:00,5.7077717781066895,5.7077717781066895,5.539896011352539,5.539896011352539,57751,0.0,0.0,0.0
2005-12-23 00:00:00+08:00,5.539896011352539,5.7077717781066895,5.539896011352539,5.539896011352539,156514,0.0,0.0,0.0
2005-12-27 00:00:00+08:00,5.539896011352539,5.539896011352539,5.539896011352539,5.539896011352539,55368,0.0,0.0,0.0
2005-12-28 00:00:00+08:00,5.539896011352539,5.7077717781066895,5.539896011352539,5.539896011352539,44288,0.0,0.0,0.0
2005-12-29 00:00:00+08:00,5.539896011352539,5.875647068023682,5.539896011352539,5.875647068023682,115740,0.0,0.0,0.0
2005-12-30 00:00:00+08:00,5.875647068023682,5.875647068023682,5.3720197677612305,5.3720197677612305,313267,0.0,0.0,0.0
2006-01-03 00:00:00+08:00,5.3720197677612305,5.539896011352539,5.2041449546813965,5.3720197677612305,159790,0.0,0.0,0.0
2006-01-04 00:00:00+08:00,5.3720197677612305,5.3720197677612305,5.3720197677612305,5.3720197677612305,54117,0.0,0.0,0.0
2006-01-05 00:00:00+08:00,5.3720197677612305,5.539896011352539,5.2041449546813965,5.3720197677612305,102695,0.0,0.0,0.0
2006-01-06 00:00:00+08:00,5.875647068023682,5.875647068023682,5.539896011352539,5.7077717781066895,952252,0.0,0.0,0.0
2006-01-09 00:00:00+08:00,5.7077717781066895,5.875647068023682,5.539896011352539,5.539896011352539,88458,0.0,0.0,0.0
2006-01-10 00:00:00+08:00,5.539896011352539,5.539896011352539,5.539896011352539,5.539896011352539,0,0.0,0.0,0.0
2006-01-11 00:00:00+08:00,5.539896011352539,5.7077717781066895,5.539896011352539,5.539896011352539,145554,0.0,0.0,0.0
2006-01-12 00:00:00+08:00,5.7077717781066895,5.875647068023682,5.539896011352539,5.539896011352539,129232,0.0,0.0,0.0
2006-01-13 00:00:00+08:00,5.539896011352539,5.7077717781066895,5.539896011352539,5.539896011352539,39999,0.0,0.0,0.0
2006-01-16 00:00:00+08:00,5.539896011352539,5.539896011352539,5.3720197677612305,5.3720197677612305,129738,0.0,0.0,0.0
2006-01-17 00:00:00+08:00,5.539896011352539,5.539896011352539,5.3720197677612305,5.3720197677612305,76157,0.0,0.0,0.0
2006-01-18 00:00:00+08:00,5.3720197677612305,5.3720197677612305,5.2041449546813965,5.3720197677612305,65822,0.0,0.0,0.0
2006-01-19 00:00:00+08:00,5.2041449546813965,5.539896011352539,5.2041449546813965,5.3720197677612305,133819,0.0,0.0,0.0
2006-01-20 00:00:00+08:00,5.539896011352539,5.7077717781066895,5.539896011352539,5.539896011352539,226894,0.0,0.0,0.0
2006-01-23 00:00:00+08:00,5.539896011352539,5.539896011352539,5.3720197677612305,5.539896011352539,51913,0.0,0.0,0.0
2006-01-24 00:00:00+08:00,5.539896011352539,5.539896011352539,5.3720197677612305,5.539896011352539,47743,0.0,0.0,0.0
2006-01-25 00:00:00+08:00,5.539896011352539,5.539896011352539,5.3720197677612305,5.3720197677612305,17602,0.0,0.0,0.0
2006-01-26 00:00:00+08:00,5.3720197677612305,5.539896011352539,5.3720197677612305,5.539896011352539,92330,0.0,0.0,0.0
2006-01-27 00:00:00+08:00,5.7077717781066895,5.875647068023682,5.539896011352539,5.7077717781066895,283215,0.0,0.0,0.0
2006-01-30 00:00:00+08:00,5.7077717781066895,5.7077717781066895,5.7077717781066895,5.7077717781066895,0,0.0,0.0,0.0
2006-01-31 00:00:00+08:00,5.7077717781066895,5.7077717781066895,5.7077717781066895,5.7077717781066895,0,0.0,0.0,0.0
2006-02-01 00:00:00+08:00,5.7077717781066895,5.875647068023682,5.7077717781066895,5.7077717781066895,117348,0.0,0.0,0.0
2006-02-02 00:00:00+08:00,5.875647068023682,6.043522834777832,5.875647068023682,5.875647068023682,126671,0.0,0.0,0.0
2006-02-03 00:00:00+08:00,5.875647068023682,6.379273891448975,5.875647068023682,6.379273891448975,440593,0.0,0.0,0.0
2006-02-06 00:00:00+08:00,6.547150135040283,6.547150135040283,6.379273891448975,6.379273891448975,336707,0.0,0.0,0.0
2006-02-07 00:00:00+08:00,6.379273891448975,6.379273891448975,6.211399078369141,6.211399078369141,193208,0.0,0.0,0.0
2006-02-08 00:00:00+08:00,6.211399078369141,6.547150135040283,6.211399078369141,6.379273891448975,226536,0.0,0.0,0.0
2006-02-09 00:00:00+08:00,6.547150135040283,6.715025901794434,6.547150135040283,6.715025901794434,772387,0.0,0.0,0.0
2006-02-10 00:00:00+08:00,6.211399078369141,6.547150135040283,6.043522834777832,6.379273891448975,685179,0.0,0.0,0.0
2006-02-13 00:00:00+08:00,6.379273891448975,6.379273891448975,6.043522834777832,6.211399078369141,225941,0.0,0.0,0.0
2006-02-14 00:00:00+08:00,6.211399078369141,6.379273891448975,6.043522834777832,6.379273891448975,160833,0.0,0.0,0.0
2006-02-15 00:00:00+08:00,6.379273891448975,6.379273891448975,6.043522834777832,6.211399078369141,207474,0.0,0.0,0.0
2006-02-16 00:00:00+08:00,6.211399078369141,6.211399078369141,6.043522834777832,6.043522834777832,87892,0.0,0.0,0.0
2006-02-17 00:00:00+08:00,6.043522834777832,6.211399078369141,6.043522834777832,6.043522834777832,190587,0.0,0.0,0.0
2006-02-20 00:00:00+08:00,6.043522834777832,6.211399078369141,5.875647068023682,5.875647068023682,201607,0.0,0.0,0.0
2006-02-21 00:00:00+08:00,5.875647068023682,6.043522834777832,5.875647068023682,6.043522834777832,102039,0.0,0.0,0.0
2006-02-22 00:00:00+08:00,6.043522834777832,6.043522834777832,5.875647068023682,5.875647068023682,118361,0.0,0.0,0.0
2006-02-23 00:00:00+08:00,5.875647068023682,6.043522834777832,5.875647068023682,5.875647068023682,54713,0.0,0.0,0.0
2006-02-24 00:00:00+08:00,6.043522834777832,6.043522834777832,5.7077717781066895,5.875647068023682,570809,0.0,0.0,0.0
2006-02-27 00:00:00+08:00,4.3647661209106445,4.532641887664795,4.3647661209106445,4.3647661209106445,144511,0.0,0.0,0.0
2006-02-28 00:00:00+08:00,4.3647661209106445,4.532641887664795,4.3647661209106445,4.3647661209106445,36842,0.0,0.0,0.0
2006-03-01 00:00:00+08:00,4.3647661209106445,4.3647661209106445,4.196890830993652,4.3647661209106445,109068,0.0,0.0,0.0
2006-03-02 00:00:00+08:00,4.3647661209106445,4.3647661209106445,4.196890830993652,4.196890830993652,23678,0.0,0.0,0.0
2006-03-03 00:00:00+08:00,4.3647661209106445,4.532641887664795,4.196890830993652,4.532641887664795,379924,0.0,0.0,0.0
2006-03-06 00:00:00+08:00,4.3647661209106445,4.7005181312561035,4.3647661209106445,4.3647661209106445,152821,0.0,0.0,0.0
2006-03-07 00:00:00+08:00,4.532641887664795,4.532641887664795,4.3647661209106445,4.532641887664795,148294,0.0,0.0,0.0
2006-03-08 00:00:00+08:00,4.532641887664795,4.532641887664795,4.532641887664795,4.532641887664795,46641,0.0,0.0,0.0
2006-03-09 00:00:00+08:00,4.532641887664795,4.532641887664795,4.532641887664795,4.532641887664795,32643,0.0,0.0,0.0
2006-03-10 00:00:00+08:00,4.532641887664795,4.532641887664795,4.532641887664795,4.532641887664795,84169,0.0,0.0,0.0
2006-03-13 00:00:00+08:00,4.532641887664795,4.532641887664795,4.532641887664795,4.532641887664795,20253,0.0,0.0,0.0
2006-03-14 00:00:00+08:00,4.532641887664795,4.532641887664795,4.3647661209106445,4.3647661209106445,9173,0.0,0.0,0.0
2006-03-15 00:00:00+08:00,4.532641887664795,4.532641887664795,4.3647661209106445,4.532641887664795,31987,0.0,0.0,0.0
2006-03-16 00:00:00+08:00,4.532641887664795,4.532641887664795,4.3647661209106445,4.532641887664795,116068,0.0,0.0,0.0
2006-03-17 00:00:00+08:00,4.3647661209106445,4.3647661209106445,4.3647661209106445,4.3647661209106445,63737,0.0,0.0,0.0
2006-03-20 00:00:00+08:00,4.3647661209106445,4.3647661209106445,4.3647661209106445,4.3647661209106445,15070,0.0,0.0,0.0
2006-03-21 00:00:00+08:00,4.3647661209106445,4.532641887664795,4.3647661209106445,4.532641887664795,25733,0.0,0.0,0.0
2006-03-22 00:00:00+08:00,4.532641887664795,4.532641887664795,4.3647661209106445,4.3647661209106445,46611,0.0,0.0,0.0
2006-03-23 00:00:00+08:00,4.3647661209106445,4.532641887664795,4.3647661209106445,4.532641887664795,62993,0.0,0.0,0.0
2006-03-24 00:00:00+08:00,4.3647661209106445,4.3647661209106445,4.3647661209106445,4.3647661209106445,8964,0.0,0.0,0.0
2006-03-27 00:00:00+08:00,4.3647661209106445,4.3647661209106445,4.3647661209106445,4.3647661209106445,15636,0.0,0.0,0.0
2006-03-28 00:00:00+08:00,4.3647661209106445,4.532641887664795,4.3647661209106445,4.3647661209106445,34221,0.0,0.0,0.0
2006-03-29 00:00:00+08:00,4.532641887664795,4.8683929443359375,4.532641887664795,4.7005181312561035,612238,0.0,0.0,0.0
2006-03-30 00:00:00+08:00,4.7005181312561035,4.8683929443359375,4.532641887664795,4.532641887664795,239343,0.0,0.0,0.0
2006-03-31 00:00:00+08:00,4.7005181312561035,4.7005181312561035,4.532641887664795,4.532641887664795,45450,0.0,0.0,0.0
2006-04-03 00:00:00+08:00,4.532641887664795,4.7005181312561035,4.532641887664795,4.7005181312561035,63141,0.0,0.0,0.0
2006-04-04 00:00:00+08:00,4.7005181312561035,4.8683929443359375,4.7005181312561035,4.7005181312561035,385702,0.0,0.0,0.0
2006-04-05 00:00:00+08:00,4.7005181312561035,4.8683929443359375,4.7005181312561035,4.7005181312561035,77616,0.0,0.0,0.0
2006-04-06 00:00:00+08:00,4.8683929443359375,4.8683929443359375,4.7005181312561035,4.7005181312561035,83067,0.0,0.0,0.0
2006-04-07 00:00:00+08:00,4.7005181312561035,4.8683929443359375,4.7005181312561035,4.7005181312561035,50930,0.0,0.0,0.0
2006-04-10 00:00:00+08:00,4.7005181312561035,4.7005181312561035,4.7005181312561035,4.7005181312561035,56649,0.0,0.0,0.0
2006-04-11 00:00:00+08:00,4.532641887664795,4.7005181312561035,4.532641887664795,4.532641887664795,28175,0.0,0.0,0.0
2006-04-12 00:00:00+08:00,4.532641887664795,4.7005181312561035,4.532641887664795,4.532641887664795,36634,0.0,0.0,0.0
2006-04-13 00:00:00+08:00,4.7005181312561035,4.7005181312561035,4.7005181312561035,4.7005181312561035,131257,0.0,0.0,0.0
2006-04-14 00:00:00+08:00,4.7005181312561035,4.7005181312561035,4.7005181312561035,4.7005181312561035,0,0.0,0.0,0.0
2006-04-17 00:00:00+08:00,4.7005181312561035,4.7005181312561035,4.7005181312561035,4.7005181312561035,69545,0.0,0.0,0.0
2006-04-18 00:00:00+08:00,4.7005181312561035,5.3720197677612305,4.7005181312561035,5.036269187927246,525865,0.0,0.0,0.0
2006-04-19 00:00:00+08:00,5.2041449546813965,5.3720197677612305,5.036269187927246,5.036269187927246,419000,0.0,0.0,0.0
2006-04-20 00:00:00+08:00,5.036269187927246,5.036269187927246,4.8683929443359375,4.8683929443359375,89560,0.0,0.0,0.0
2006-04-21 00:00:00+08:00,4.7005181312561035,4.8683929443359375,4.532641887664795,4.7005181312561035,146775,0.0,0.0,0.0
2006-04-24 00:00:00+08:00,4.7005181312561035,4.7005181312561035,4.532641887664795,4.532641887664795,101235,0.0,0.0,0.0
2006-04-25 00:00:00+08:00,4.532641887664795,4.532641887664795,4.532641887664795,4.532641887664795,98763,0.0,0.0,0.0
2006-04-26 00:00:00+08:00,4.532641887664795,4.532641887664795,4.3647661209106445,4.532641887664795,115472,0.0,0.0,0.0
2006-04-27 00:00:00+08:00,4.3647661209106445,4.532641887664795,4.3647661209106445,4.532641887664795,48398,0.0,0.0,0.0
2006-04-28 00:00:00+08:00,4.3647661209106445,4.532641887664795,4.3647661209106445,4.3647661209106445,55010,0.0,0.0,0.0
2006-05-01 00:00:00+08:00,4.3647661209106445,4.3647661209106445,4.3647661209106445,4.3647661209106445,0,0.0,0.0,0.0
2006-05-02 00:00:00+08:00,4.3647661209106445,4.532641887664795,4.3647661209106445,4.532641887664795,36783,0.0,0.0,0.0
2006-05-03 00:00:00+08:00,4.532641887664795,4.532641887664795,4.532641887664795,4.532641887664795,47862,0.0,0.0,0.0
2006-05-04 00:00:00+08:00,4.532641887664795,4.532641887664795,4.3647661209106445,4.532641887664795,62546,0.0,0.0,0.0
2006-05-05 00:00:00+08:00,4.532641887664795,4.532641887664795,4.3647661209106445,4.3647661209106445,12032,0.0,0.0,0.0
2006-05-08 00:00:00+08:00,4.3647661209106445,4.532641887664795,4.3647661209106445,4.532641887664795,5420,0.0,0.0,0.0
2006-05-09 00:00:00+08:00,4.532641887664795,4.532641887664795,4.3647661209106445,4.3647661209106445,6760,0.0,0.0,0.0
2006-05-10 00:00:00+08:00,4.532641887664795,4.532641887664795,4.3647661209106445,4.532641887664795,30915,0.0,0.0,0.0
2006-05-11 00:00:00+08:00,4.3647661209106445,4.532641887664795,4.3647661209106445,4.3647661209106445,31451,0.0,0.0,0.0
2006-05-12 00:00:00+08:00,4.3647661209106445,4.3647661209106445,4.3647661209106445,4.3647661209106445,0,0.0,0.0,0.0
2006-05-15 00:00:00+08:00,4.3647661209106445,4.532641887664795,4.3647661209106445,4.3647661209106445,85867,0.0,0.0,0.0
2006-05-16 00:00:00+08:00,4.3647661209106445,4.3647661209106445,4.029015064239502,4.196890830993652,164883,0.0,0.0,0.0
2006-05-17 00:00:00+08:00,4.196890830993652,4.196890830993652,4.029015064239502,4.196890830993652,22546,0.0,0.0,0.0
2006-05-18 00:00:00+08:00,4.029015064239502,4.196890830993652,4.029015064239502,4.029015064239502,39970,0.0,0.0,0.0
2006-05-19 00:00:00+08:00,4.196890830993652,4.3647661209106445,4.196890830993652,4.196890830993652,37200,0.0,0.0,0.0
2006-05-22 00:00:00+08:00,4.196890830993652,4.196890830993652,3.8611390590667725,3.8611390590667725,64929,0.0,0.0,0.0
2006-05-23 00:00:00+08:00,3.8611390590667725,4.029015064239502,3.8611390590667725,4.029015064239502,40595,0.0,0.0,0.0
2006-05-24 00:00:00+08:00,4.029015064239502,4.029015064239502,3.8611390590667725,3.8611390590667725,5688,0.0,0.0,0.0
2006-05-25 00:00:00+08:00,3.8611390590667725,3.8611390590667725,3.6932640075683594,3.6932640075683594,64839,0.0,0.0,0.0
2006-05-26 00:00:00+08:00,3.8611390590667725,4.029015064239502,3.8611390590667725,3.8611390590667725,37170,0.0,0.0,0.0
2006-05-29 00:00:00+08:00,4.029015064239502,4.029015064239502,3.8611390590667725,3.8611390590667725,17572,0.0,0.0,0.0
2006-05-30 00:00:00+08:00,3.8611390590667725,4.029015064239502,3.8611390590667725,4.029015064239502,14891,0.0,0.0,0.0
2006-05-31 00:00:00+08:00,4.029015064239502,4.029015064239502,3.8611390590667725,4.029015064239502,37378,0.0,0.0,0.0
2006-06-01 00:00:00+08:00,4.029015064239502,4.029015064239502,3.8611390590667725,3.8611390590667725,75770,0.0,0.0,0.0
2006-06-02 00:00:00+08:00,3.8611390590667725,4.029015064239502,3.8611390590667725,3.8611390590667725,7892,0.0,0.0,0.0
2006-06-05 00:00:00+08:00,3.8611390590667725,4.029015064239502,3.8611390590667725,4.029015064239502,15785,0.0,0.0,0.0
2006-06-06 00:00:00+08:00,3.6932640075683594,3.8611390590667725,3.6932640075683594,3.8611390590667725,9530,0.0,0.0,0.0
2006-06-07 00:00:00+08:00,3.6932640075683594,3.6932640075683594,3.6932640075683594,3.6932640075683594,12181,0.0,0.0,0.0
2006-06-08 00:00:00+08:00,3.6932640075683594,3.6932640075683594,3.52538800239563,3.52538800239563,46254,0.0,0.0,0.0
2006-06-09 00:00:00+08:00,3.52538800239563,3.8611390590667725,3.52538800239563,3.6932640075683594,49411,0.0,0.0,0.0
2006-06-12 00:00:00+08:00,3.6932640075683594,3.6932640075683594,3.52538800239563,3.52538800239563,8041,0.0,0.0,0.0
2006-06-13 00:00:00+08:00,3.52538800239563,3.6932640075683594,3.52538800239563,3.52538800239563,13760,0.0,0.0,0.0
2006-06-14 00:00:00+08:00,3.52538800239563,3.52538800239563,3.52538800239563,3.52538800239563,19746,0.0,0.0,0.0
2006-06-15 00:00:00+08:00,3.52538800239563,3.52538800239563,3.52538800239563,3.52538800239563,893,0.0,0.0,0.0
2006-06-16 00:00:00+08:00,3.6932640075683594,3.8611390590667725,3.6932640075683594,3.6932640075683594,24482,0.0,0.0,0.0
2006-06-19 00:00:00+08:00,3.6932640075683594,3.6932640075683594,3.6932640075683594,3.6932640075683594,4586,0.0,0.0,0.0
2006-06-20 00:00:00+08:00,3.8611390590667725,3.8611390590667725,3.6932640075683594,3.6932640075683594,0,0.0,0.0,0.0
2006-06-21 00:00:00+08:00,3.6932640075683594,3.6932640075683594,3.6932640075683594,3.6932640075683594,297,0.0,0.0,0.0
2006-06-22 00:00:00+08:00,3.6932640075683594,3.6932640075683594,3.6932640075683594,3.6932640075683594,35591,0.0,0.0,0.0
2006-06-23 00:00:00+08:00,3.6932640075683594,3.6932640075683594,3.6932640075683594,3.6932640075683594,7445,0.0,0.0,0.0
2006-06-26 00:00:00+08:00,3.6932640075683594,3.8611390590667725,3.6932640075683594,3.8611390590667725,8220,0.0,0.0,0.0
2006-06-27 00:00:00+08:00,3.8611390590667725,3.8611390590667725,3.6932640075683594,3.6932640075683594,0,0.0,0.0,0.0
2006-06-28 00:00:00+08:00,3.6932640075683594,3.6932640075683594,3.6932640075683594,3.6932640075683594,3574,0.0,0.0,0.0
2006-06-29 00:00:00+08:00,3.8611390590667725,3.8611390590667725,3.6932640075683594,3.8611390590667725,23678,0.0,0.0,0.0
2006-06-30 00:00:00+08:00,3.8611390590667725,3.8611390590667725,3.8611390590667725,3.8611390590667725,23142,0.0,0.0,0.0
2006-07-03 00:00:00+08:00,3.8611390590667725,4.029015064239502,3.8611390590667725,3.8611390590667725,12241,0.0,0.0,0.0
2006-07-04 00:00:00+08:00,3.8611390590667725,3.8611390590667725,3.8611390590667725,3.8611390590667725,7594,0.0,0.0,0.0
2006-07-05 00:00:00+08:00,3.8611390590667725,3.8611390590667725,3.8611390590667725,3.8611390590667725,8935,0.0,0.0,0.0
2006-07-06 00:00:00+08:00,3.8611390590667725,4.029015064239502,3.8611390590667725,4.029015064239502,18019,0.0,0.0,0.0
2006-07-07 00:00:00+08:00,4.029015064239502,4.029015064239502,3.8611390590667725,3.8611390590667725,17483,0.0,0.0,0.0
2006-07-10 00:00:00+08:00,3.8611390590667725,3.8611390590667725,3.8611390590667725,3.8611390590667725,8041,0.0,0.0,0.0
2006-07-11 00:00:00+08:00,3.8611390590667725,4.196890830993652,3.8611390590667725,4.029015064239502,49739,0.0,0.0,0.0
2006-07-12 00:00:00+08:00,4.196890830993652,4.196890830993652,4.029015064239502,4.196890830993652,24452,0.0,0.0,0.0
2006-07-13 00:00:00+08:00,4.029015064239502,4.029015064239502,3.8611390590667725,4.029015064239502,16649,0.0,0.0,0.0
2006-07-14 00:00:00+08:00,3.8611390590667725,3.8611390590667725,3.8611390590667725,3.8611390590667725,17036,0.0,0.0,0.0
2006-07-17 00:00:00+08:00,3.8611390590667725,3.8611390590667725,3.8611390590667725,3.8611390590667725,19061,0.0,0.0,0.0
2006-07-18 00:00:00+08:00,3.6932640075683594,3.8611390590667725,3.6932640075683594,3.8611390590667725,24005,0.0,0.0,0.0
2006-07-19 00:00:00+08:00,3.8611390590667725,3.8611390590667725,3.8611390590667725,3.8611390590667725,16827,0.0,0.0,0.0
2006-07-20 00:00:00+08:00,3.8611390590667725,4.029015064239502,3.8611390590667725,4.029015064239502,6880,0.0,0.0,0.0
2006-07-21 00:00:00+08:00,3.8611390590667725,4.029015064239502,3.8611390590667725,4.029015064239502,32375,0.0,0.0,0.0
2006-07-24 00:00:00+08:00,3.8611390590667725,4.029015064239502,3.8611390590667725,4.029015064239502,24899,0.0,0.0,0.0
2006-07-25 00:00:00+08:00,4.029015064239502,4.196890830993652,3.8611390590667725,4.029015064239502,47356,0.0,0.0,0.0
2006-07-26 00:00:00+08:00,4.029015064239502,4.029015064239502,3.8611390590667725,3.8611390590667725,5361,0.0,0.0,0.0
2006-07-27 00:00:00+08:00,3.8611390590667725,3.8611390590667725,3.8611390590667725,3.8611390590667725,91138,0.0,0.0,0.0
2006-07-28 00:00:00+08:00,3.8611390590667725,3.8611390590667725,3.8611390590667725,3.8611390590667725,17274,0.0,0.0,0.0
2006-07-31 00:00:00+08:00,3.8611390590667725,3.8611390590667725,3.6932640075683594,3.6932640075683594,57036,0.0,0.0,0.0
2006-08-01 00:00:00+08:00,3.8611390590667725,3.8611390590667725,3.6932640075683594,3.8611390590667725,8131,0.0,0.0,0.0
2006-08-02 00:00:00+08:00,3.6932640075683594,3.8611390590667725,3.6932640075683594,3.6932640075683594,89768,0.0,0.0,0.0
2006-08-03 00:00:00+08:00,3.6932640075683594,3.6932640075683594,3.6932640075683594,3.6932640075683594,6850,0.0,0.0,0.0
2006-08-04 00:00:00+08:00,3.6932640075683594,3.6932640075683594,3.6932640075683594,3.6932640075683594,8935,0.0,0.0,0.0
2006-08-07 00:00:00+08:00,3.6932640075683594,3.8611390590667725,3.6932640075683594,3.8611390590667725,6254,0.0,0.0,0.0
2006-08-08 00:00:00+08:00,3.6932640075683594,3.6932640075683594,3.6932640075683594,3.6932640075683594,31243,0.0,0.0,0.0
2006-08-09 00:00:00+08:00,3.6932640075683594,3.6932640075683594,3.6932640075683594,3.6932640075683594,0,0.0,0.0,0.0
2006-08-10 00:00:00+08:00,3.6932640075683594,3.6932640075683594,3.52538800239563,3.52538800239563,16410,0.0,0.0,0.0
2006-08-11 00:00:00+08:00,3.52538800239563,3.6932640075683594,3.52538800239563,3.52538800239563,13283,0.0,0.0,0.0
2006-08-14 00:00:00+08:00,3.52538800239563,3.52538800239563,3.52538800239563,3.52538800239563,11913,0.0,0.0,0.0
2006-08-15 00:00:00+08:00,3.52538800239563,3.6932640075683594,3.52538800239563,3.52538800239563,56172,0.0,0.0,0.0
2006-08-16 00:00:00+08:00,3.52538800239563,3.52538800239563,3.52538800239563,3.52538800239563,59835,0.0,0.0,0.0
2006-08-17 00:00:00+08:00,3.52538800239563,3.6932640075683594,3.52538800239563,3.6932640075683594,21355,0.0,0.0,0.0
2006-08-18 00:00:00+08:00,3.6932640075683594,3.6932640075683594,3.6932640075683594,3.6932640075683594,18763,0.0,0.0,0.0
2006-08-21 00:00:00+08:00,3.6932640075683594,3.6932640075683594,3.52538800239563,3.6932640075683594,61652,0.0,0.0,0.0
2006-08-22 00:00:00+08:00,3.6932640075683594,3.6932640075683594,3.52538800239563,3.52538800239563,9828,0.0,0.0,0.0
2006-08-23 00:00:00+08:00,3.52538800239563,3.52538800239563,3.52538800239563,3.52538800239563,8786,0.0,0.0,0.0
2006-08-24 00:00:00+08:00,3.52538800239563,3.52538800239563,3.52538800239563,3.52538800239563,15189,0.0,0.0,0.0
2006-08-25 00:00:00+08:00,3.52538800239563,3.6932640075683594,3.52538800239563,3.6932640075683594,1340,0.0,0.0,0.0
2006-08-28 00:00:00+08:00,3.52538800239563,3.52538800239563,3.357512950897217,3.357512950897217,18883,0.0,0.0,0.0
2006-08-29 00:00:00+08:00,3.357512950897217,3.52538800239563,3.357512950897217,3.357512950897217,39761,0.0,0.0,0.0
2006-08-30 00:00:00+08:00,3.52538800239563,3.52538800239563,3.357512950897217,3.52538800239563,13432,0.0,0.0,0.0
2006-08-31 00:00:00+08:00,3.52538800239563,3.52538800239563,3.357512950897217,3.357512950897217,0,0.0,0.0,0.0
2006-09-01 00:00:00+08:00,3.52538800239563,3.52538800239563,3.357512950897217,3.357512950897217,61950,0.0,0.0,0.0
2006-09-04 00:00:00+08:00,3.357512950897217,3.357512950897217,3.1896369457244873,3.357512950897217,24690,0.0,0.0,0.0
2006-09-05 00:00:00+08:00,3.357512950897217,3.357512950897217,3.021760940551758,3.1896369457244873,66001,0.0,0.0,0.0
2006-09-06 00:00:00+08:00,3.1896369457244873,3.357512950897217,3.1896369457244873,3.357512950897217,11258,0.0,0.0,0.0
2006-09-07 00:00:00+08:00,3.1896369457244873,3.1896369457244873,3.1896369457244873,3.1896369457244873,595,0.0,0.0,0.0
2006-09-08 00:00:00+08:00,3.1896369457244873,3.1896369457244873,3.1896369457244873,3.1896369457244873,8011,0.0,0.0,0.0
2006-09-11 00:00:00+08:00,3.357512950897217,3.357512950897217,3.1896369457244873,3.1896369457244873,32166,0.0,0.0,0.0
2006-09-12 00:00:00+08:00,3.1896369457244873,3.1896369457244873,3.1896369457244873,3.1896369457244873,18406,0.0,0.0,0.0
2006-09-13 00:00:00+08:00,3.1896369457244873,3.1896369457244873,3.1896369457244873,3.1896369457244873,14296,0.0,0.0,0.0
2006-09-14 00:00:00+08:00,3.1896369457244873,3.1896369457244873,3.1896369457244873,3.1896369457244873,11496,0.0,0.0,0.0
2006-09-15 00:00:00+08:00,3.1896369457244873,3.1896369457244873,3.1896369457244873,3.1896369457244873,7267,0.0,0.0,0.0
2006-09-18 00:00:00+08:00,3.1896369457244873,3.1896369457244873,3.1896369457244873,3.1896369457244873,11973,0.0,0.0,0.0
2006-09-19 00:00:00+08:00,3.1896369457244873,3.357512950897217,3.1896369457244873,3.1896369457244873,9530,0.0,0.0,0.0
2006-09-20 00:00:00+08:00,3.1896369457244873,3.1896369457244873,3.1896369457244873,3.1896369457244873,3276,0.0,0.0,0.0
2006-09-21 00:00:00+08:00,3.1896369457244873,3.1896369457244873,3.1896369457244873,3.1896369457244873,4020,0.0,0.0,0.0
2006-09-22 00:00:00+08:00,3.1896369457244873,3.52538800239563,3.1896369457244873,3.357512950897217,94444,0.0,0.0,0.0
2006-09-25 00:00:00+08:00,3.357512950897217,3.357512950897217,3.357512950897217,3.357512950897217,26090,0.0,0.0,0.0
2006-09-26 00:00:00+08:00,3.357512950897217,3.357512950897217,3.1896369457244873,3.1896369457244873,76336,0.0,0.0,0.0
2006-09-27 00:00:00+08:00,3.357512950897217,3.357512950897217,3.1896369457244873,3.1896369457244873,1876,0.0,0.0,0.0
2006-09-28 00:00:00+08:00,3.357512950897217,3.357512950897217,3.021760940551758,3.021760940551758,0,0.0,0.0,0.0
2006-09-29 00:00:00+08:00,3.1896369457244873,3.1896369457244873,3.1896369457244873,3.1896369457244873,13700,0.0,0.0,0.0
2006-10-02 00:00:00+08:00,3.1896369457244873,3.1896369457244873,3.1896369457244873,3.1896369457244873,5361,0.0,0.0,0.0
2006-10-03 00:00:00+08:00,3.1896369457244873,3.1896369457244873,3.1896369457244873,3.1896369457244873,5569,0.0,0.0,0.0
2006-10-04 00:00:00+08:00,3.1896369457244873,3.1896369457244873,3.1896369457244873,3.1896369457244873,4914,0.0,0.0,0.0
2006-10-05 00:00:00+08:00,3.357512950897217,3.357512950897217,3.1896369457244873,3.1896369457244873,5301,0.0,0.0,0.0
2006-10-06 00:00:00+08:00,3.357512950897217,3.357512950897217,3.1896369457244873,3.1896369457244873,5539,0.0,0.0,0.0
2006-10-09 00:00:00+08:00,3.357512950897217,3.357512950897217,3.1896369457244873,3.1896369457244873,6850,0.0,0.0,0.0
2006-10-10 00:00:00+08:00,3.1896369457244873,3.1896369457244873,3.1896369457244873,3.1896369457244873,8935,0.0,0.0,0.0
2006-10-11 00:00:00+08:00,3.357512950897217,3.52538800239563,3.357512950897217,3.52538800239563,31511,0.0,0.0,0.0
2006-10-12 00:00:00+08:00,3.357512950897217,3.357512950897217,3.357512950897217,3.357512950897217,12956,0.0,0.0,0.0
2006-10-13 00:00:00+08:00,3.52538800239563,3.52538800239563,3.357512950897217,3.52538800239563,26686,0.0,0.0,0.0
2006-10-16 00:00:00+08:00,3.357512950897217,3.357512950897217,3.357512950897217,3.357512950897217,9143,0.0,0.0,0.0
2006-10-17 00:00:00+08:00,3.357512950897217,3.52538800239563,3.357512950897217,3.52538800239563,57214,0.0,0.0,0.0
2006-10-18 00:00:00+08:00,3.1896369457244873,3.357512950897217,3.1896369457244873,3.1896369457244873,78748,0.0,0.0,0.0
2006-10-19 00:00:00+08:00,3.1896369457244873,3.357512950897217,3.1896369457244873,3.357512950897217,7952,0.0,0.0,0.0
2006-10-20 00:00:00+08:00,3.1896369457244873,3.1896369457244873,3.1896369457244873,3.1896369457244873,4705,0.0,0.0,0.0
2006-10-23 00:00:00+08:00,3.1896369457244873,3.1896369457244873,3.1896369457244873,3.1896369457244873,11496,0.0,0.0,0.0
2006-10-24 00:00:00+08:00,3.1896369457244873,3.1896369457244873,3.1896369457244873,3.1896369457244873,0,0.0,0.0,0.0
2006-10-25 00:00:00+08:00,3.1896369457244873,3.1896369457244873,3.1896369457244873,3.1896369457244873,13700,0.0,0.0,0.0
2006-10-26 00:00:00+08:00,3.1896369457244873,3.357512950897217,3.1896369457244873,3.1896369457244873,22069,0.0,0.0,0.0
2006-10-27 00:00:00+08:00,3.1896369457244873,3.1896369457244873,3.1896369457244873,3.1896369457244873,11913,0.0,0.0,0.0
2006-10-30 00:00:00+08:00,3.1896369457244873,3.1896369457244873,3.1896369457244873,3.1896369457244873,6254,0.0,0.0,0.0
2006-10-31 00:00:00+08:00,3.1896369457244873,3.1896369457244873,3.021760940551758,3.1896369457244873,2680,0.0,0.0,0.0
2006-11-01 00:00:00+08:00,3.1896369457244873,3.357512950897217,3.1896369457244873,3.357512950897217,16142,0.0,0.0,0.0
2006-11-02 00:00:00+08:00,3.021760940551758,3.1896369457244873,3.021760940551758,3.1896369457244873,2084,0.0,0.0,0.0
2006-11-03 00:00:00+08:00,3.1896369457244873,3.357512950897217,3.1896369457244873,3.1896369457244873,6552,0.0,0.0,0.0
2006-11-06 00:00:00+08:00,3.021760940551758,3.357512950897217,3.021760940551758,3.1896369457244873,11020,0.0,0.0,0.0
2006-11-07 00:00:00+08:00,3.1896369457244873,3.1896369457244873,3.1896369457244873,3.1896369457244873,2978,0.0,0.0,0.0
2006-11-08 00:00:00+08:00,3.1896369457244873,3.1896369457244873,3.1896369457244873,3.1896369457244873,595,0.0,0.0,0.0
2006-11-09 00:00:00+08:00,3.1896369457244873,3.357512950897217,3.1896369457244873,3.357512950897217,15338,0.0,0.0,0.0
2006-11-10 00:00:00+08:00,3.1896369457244873,3.1896369457244873,3.021760940551758,3.1896369457244873,11079,0.0,0.0,0.0
2006-11-13 00:00:00+08:00,3.021760940551758,3.1896369457244873,3.021760940551758,3.021760940551758,18078,0.0,0.0,0.0
2006-11-14 00:00:00+08:00,3.1896369457244873,3.357512950897217,3.1896369457244873,3.357512950897217,8816,0.0,0.0,0.0
2006-11-15 00:00:00+08:00,3.1896369457244873,3.1896369457244873,3.1896369457244873,3.1896369457244873,6850,0.0,0.0,0.0
2006-11-16 00:00:00+08:00,3.1896369457244873,3.1896369457244873,3.1896369457244873,3.1896369457244873,4169,0.0,0.0,0.0
2006-11-17 00:00:00+08:00,3.1896369457244873,3.1896369457244873,3.1896369457244873,3.1896369457244873,4169,0.0,0.0,0.0
2006-11-20 00:00:00+08:00,3.1896369457244873,3.357512950897217,3.1896369457244873,3.357512950897217,16679,0.0,0.0,0.0
2006-11-21 00:00:00+08:00,3.1896369457244873,3.357512950897217,3.1896369457244873,3.357512950897217,41578,0.0,0.0,0.0
2006-11-22 00:00:00+08:00,3.1896369457244873,3.1896369457244873,3.021760940551758,3.1896369457244873,44556,0.0,0.0,0.0
2006-11-23 00:00:00+08:00,3.1896369457244873,3.1896369457244873,3.1896369457244873,3.1896369457244873,6552,0.0,0.0,0.0
2006-11-24 00:00:00+08:00,3.1896369457244873,3.357512950897217,3.1896369457244873,3.357512950897217,953,0.0,0.0,0.0
2006-11-27 00:00:00+08:00,3.357512950897217,3.357512950897217,3.1896369457244873,3.1896369457244873,6075,0.0,0.0,0.0
2006-11-28 00:00:00+08:00,3.1896369457244873,3.1896369457244873,3.021760940551758,3.1896369457244873,6820,0.0,0.0,0.0
2006-11-29 00:00:00+08:00,3.1896369457244873,3.1896369457244873,3.1896369457244873,3.1896369457244873,13343,0.0,0.0,0.0
2006-11-30 00:00:00+08:00,3.1896369457244873,3.1896369457244873,3.1896369457244873,3.1896369457244873,22010,0.0,0.0,0.0
2006-12-01 00:00:00+08:00,3.1896369457244873,3.357512950897217,3.1896369457244873,3.357512950897217,8667,0.0,0.0,0.0
2006-12-04 00:00:00+08:00,3.1896369457244873,3.1896369457244873,3.1896369457244873,3.1896369457244873,39523,0.0,0.0,0.0
2006-12-05 00:00:00+08:00,3.1896369457244873,3.52538800239563,3.1896369457244873,3.357512950897217,130155,0.0,0.0,0.0
2006-12-06 00:00:00+08:00,3.357512950897217,3.357512950897217,3.1896369457244873,3.357512950897217,8518,0.0,0.0,0.0
2006-12-07 00:00:00+08:00,3.1896369457244873,3.1896369457244873,3.1896369457244873,3.1896369457244873,8935,0.0,0.0,0.0
2006-12-08 00:00:00+08:00,3.1896369457244873,3.1896369457244873,3.1896369457244873,3.1896369457244873,41995,0.0,0.0,0.0
2006-12-11 00:00:00+08:00,3.1896369457244873,3.357512950897217,3.1896369457244873,3.357512950897217,17274,0.0,0.0,0.0
2006-12-12 00:00:00+08:00,3.1896369457244873,3.1896369457244873,3.1896369457244873,3.1896369457244873,27877,0.0,0.0,0.0
2006-12-13 00:00:00+08:00,3.021760940551758,3.1896369457244873,3.021760940551758,3.1896369457244873,10424,0.0,0.0,0.0
2006-12-14 00:00:00+08:00,3.021760940551758,3.1896369457244873,3.021760940551758,3.1896369457244873,13253,0.0,0.0,0.0
2006-12-15 00:00:00+08:00,3.1896369457244873,3.1896369457244873,3.1896369457244873,3.1896369457244873,12300,0.0,0.0,0.0
2006-12-18 00:00:00+08:00,3.1896369457244873,3.1896369457244873,3.1896369457244873,3.1896369457244873,14802,0.0,0.0,0.0
2006-12-19 00:00:00+08:00,3.1896369457244873,3.1896369457244873,3.021760940551758,3.021760940551758,11943,0.0,0.0,0.0
2006-12-20 00:00:00+08:00,3.021760940551758,3.1896369457244873,3.021760940551758,3.1896369457244873,3871,0.0,0.0,0.0
2006-12-21 00:00:00+08:00,3.1896369457244873,3.1896369457244873,3.021760940551758,3.1896369457244873,33685,0.0,0.0,0.0
2006-12-22 00:00:00+08:00,3.1896369457244873,3.1896369457244873,3.021760940551758,3.1896369457244873,11496,0.0,0.0,0.0
2006-12-26 00:00:00+08:00,3.1896369457244873,3.1896369457244873,3.021760940551758,3.1896369457244873,14653,0.0,0.0,0.0
2006-12-27 00:00:00+08:00,3.1896369457244873,3.1896369457244873,3.1896369457244873,3.1896369457244873,9471,0.0,0.0,0.0
2006-12-28 00:00:00+08:00,3.1896369457244873,3.1896369457244873,3.1896369457244873,3.1896369457244873,2978,0.0,0.0,0.0
2006-12-29 00:00:00+08:00,3.1896369457244873,3.357512950897217,3.1896369457244873,3.1896369457244873,11496,0.0,0.0,0.0
2007-01-03 00:00:00+08:00,3.1896369457244873,3.357512950897217,3.1896369457244873,3.357512950897217,79969,0.0,0.0,0.0
2007-01-04 00:00:00+08:00,3.357512950897217,3.357512950897217,3.1896369457244873,3.357512950897217,91555,0.0,0.0,0.0
2007-01-05 00:00:00+08:00,3.1896369457244873,3.357512950897217,3.1896369457244873,3.357512950897217,20253,0.0,0.0,0.0
2007-01-08 00:00:00+08:00,3.1896369457244873,3.1896369457244873,3.1896369457244873,3.1896369457244873,53074,0.0,0.0,0.0
2007-01-09 00:00:00+08:00,3.021760940551758,3.021760940551758,2.8538858890533447,3.021760940551758,171555,0.0,0.0,0.0
2007-01-10 00:00:00+08:00,3.021760940551758,3.021760940551758,2.8538858890533447,3.021760940551758,15725,0.0,0.0,0.0
2007-01-11 00:00:00+08:00,3.021760940551758,3.021760940551758,2.8538858890533447,3.021760940551758,6343,0.0,0.0,0.0
2007-01-12 00:00:00+08:00,2.8538858890533447,3.021760940551758,2.8538858890533447,3.021760940551758,23082,0.0,0.0,0.0
2007-01-15 00:00:00+08:00,3.021760940551758,3.357512950897217,3.021760940551758,3.357512950897217,133074,0.0,0.0,0.0
2007-01-16 00:00:00+08:00,3.1896369457244873,3.1896369457244873,3.1896369457244873,3.1896369457244873,71511,0.0,0.0,0.0
2007-01-17 00:00:00+08:00,3.1896369457244873,3.1896369457244873,3.1896369457244873,3.1896369457244873,21980,0.0,0.0,0.0
2007-01-18 00:00:00+08:00,3.1896369457244873,3.357512950897217,3.1896369457244873,3.357512950897217,25614,0.0,0.0,0.0
2007-01-19 00:00:00+08:00,3.1896369457244873,3.6932640075683594,3.1896369457244873,3.52538800239563,368576,0.0,0.0,0.0
2007-01-22 00:00:00+08:00,3.52538800239563,3.6932640075683594,3.357512950897217,3.357512950897217,80893,0.0,0.0,0.0
2007-01-23 00:00:00+08:00,3.357512950897217,3.357512950897217,3.1896369457244873,3.357512950897217,109039,0.0,0.0,0.0
2007-01-24 00:00:00+08:00,3.1896369457244873,3.357512950897217,3.1896369457244873,3.357512950897217,109098,0.0,0.0,0.0
2007-01-25 00:00:00+08:00,3.357512950897217,3.52538800239563,3.1896369457244873,3.357512950897217,165003,0.0,0.0,0.0
2007-01-26 00:00:00+08:00,3.357512950897217,3.52538800239563,3.357512950897217,3.357512950897217,115591,0.0,0.0,0.0
2007-01-29 00:00:00+08:00,3.357512950897217,4.3647661209106445,3.357512950897217,4.3647661209106445,1190464,0.0,0.0,0.0
2007-01-30 00:00:00+08:00,4.3647661209106445,5.3720197677612305,4.3647661209106445,5.3720197677612305,1911772,0.0,0.0,0.0
2007-01-31 00:00:00+08:00,5.539896011352539,5.7077717781066895,5.036269187927246,5.2041449546813965,1569524,0.0,0.0,0.0
2007-02-01 00:00:00+08:00,5.2041449546813965,5.2041449546813965,4.8683929443359375,5.036269187927246,515887,0.0,0.0,0.0
2007-02-02 00:00:00+08:00,5.036269187927246,5.3720197677612305,4.8683929443359375,5.2041449546813965,475202,0.0,0.0,0.0
2007-02-05 00:00:00+08:00,5.2041449546813965,6.211399078369141,5.2041449546813965,6.211399078369141,1828913,0.0,0.0,0.0
2007-02-06 00:00:00+08:00,6.211399078369141,6.715025901794434,5.7077717781066895,6.211399078369141,1397820,0.0,0.0,0.0
2007-02-07 00:00:00+08:00,6.211399078369141,6.547150135040283,6.043522834777832,6.211399078369141,1130837,0.0,0.0,0.0
2007-02-08 00:00:00+08:00,6.211399078369141,6.211399078369141,5.875647068023682,6.211399078369141,247296,0.0,0.0,0.0
2007-02-09 00:00:00+08:00,6.043522834777832,6.547150135040283,5.875647068023682,6.211399078369141,644077,0.0,0.0,0.0
2007-02-12 00:00:00+08:00,6.211399078369141,6.379273891448975,6.043522834777832,6.043522834777832,317228,0.0,0.0,0.0
2007-02-13 00:00:00+08:00,6.043522834777832,6.211399078369141,5.875647068023682,5.875647068023682,241666,0.0,0.0,0.0
2007-02-14 00:00:00+08:00,5.875647068023682,6.043522834777832,5.539896011352539,5.539896011352539,449856,0.0,0.0,0.0
2007-02-15 00:00:00+08:00,5.539896011352539,5.7077717781066895,5.539896011352539,5.7077717781066895,125926,0.0,0.0,0.0
2007-02-16 00:00:00+08:00,5.539896011352539,5.539896011352539,5.3720197677612305,5.3720197677612305,131853,0.0,0.0,0.0
2007-02-21 00:00:00+08:00,5.539896011352539,5.7077717781066895,5.539896011352539,5.539896011352539,85628,0.0,0.0,0.0
2007-02-22 00:00:00+08:00,5.7077717781066895,7.050776958465576,5.539896011352539,7.050776958465576,1580038,0.0,0.0,0.0
2007-02-23 00:00:00+08:00,6.882901191711426,7.554403781890869,6.715025901794434,7.21865177154541,1117910,0.0,0.0,0.0
2007-02-26 00:00:00+08:00,7.21865177154541,7.722279071807861,6.882901191711426,7.554403781890869,996660,0.0,0.0,0.0
2007-02-27 00:00:00+08:00,7.554403781890869,7.554403781890869,6.715025901794434,7.050776958465576,642737,0.0,0.0,0.0
2007-02-28 00:00:00+08:00,6.379273891448975,6.715025901794434,5.7077717781066895,6.547150135040283,465284,0.0,0.0,0.0
2007-03-01 00:00:00+08:00,6.379273891448975,6.715025901794434,6.211399078369141,6.379273891448975,332120,0.0,0.0,0.0
2007-03-02 00:00:00+08:00,6.043522834777832,6.379273891448975,6.043522834777832,6.043522834777832,241845,0.0,0.0,0.0
2007-03-05 00:00:00+08:00,5.875647068023682,5.875647068023682,4.8683929443359375,4.8683929443359375,436513,0.0,0.0,0.0
2007-03-06 00:00:00+08:00,5.036269187927246,5.7077717781066895,5.036269187927246,5.539896011352539,633713,0.0,0.0,0.0
2007-03-07 00:00:00+08:00,5.875647068023682,6.043522834777832,5.3720197677612305,5.3720197677612305,481457,0.0,0.0,0.0
2007-03-08 00:00:00+08:00,5.3720197677612305,5.539896011352539,5.3720197677612305,5.539896011352539,119135,0.0,0.0,0.0
2007-03-09 00:00:00+08:00,5.539896011352539,5.539896011352539,5.3720197677612305,5.539896011352539,101324,0.0,0.0,0.0
2007-03-12 00:00:00+08:00,5.539896011352539,5.875647068023682,5.539896011352539,5.7077717781066895,417809,0.0,0.0,0.0
2007-03-13 00:00:00+08:00,5.875647068023682,5.875647068023682,5.539896011352539,5.539896011352539,123007,0.0,0.0,0.0
2007-03-14 00:00:00+08:00,5.539896011352539,5.7077717781066895,5.2041449546813965,5.3720197677612305,214206,0.0,0.0,0.0
2007-03-15 00:00:00+08:00,5.539896011352539,5.7077717781066895,5.539896011352539,5.539896011352539,92151,0.0,0.0,0.0
2007-03-16 00:00:00+08:00,5.539896011352539,5.539896011352539,5.3720197677612305,5.3720197677612305,62873,0.0,0.0,0.0
2007-03-19 00:00:00+08:00,5.3720197677612305,5.539896011352539,5.3720197677612305,5.3720197677612305,84765,0.0,0.0,0.0
2007-03-20 00:00:00+08:00,5.539896011352539,6.043522834777832,5.539896011352539,5.7077717781066895,400623,0.0,0.0,0.0
2007-03-21 00:00:00+08:00,5.875647068023682,5.875647068023682,5.7077717781066895,5.7077717781066895,61057,0.0,0.0,0.0
2007-03-22 00:00:00+08:00,5.875647068023682,6.043522834777832,5.7077717781066895,5.7077717781066895,140073,0.0,0.0,0.0
2007-03-23 00:00:00+08:00,5.875647068023682,6.043522834777832,5.7077717781066895,5.875647068023682,97363,0.0,0.0,0.0
2007-03-26 00:00:00+08:00,6.043522834777832,7.050776958465576,6.043522834777832,6.715025901794434,730481,0.0,0.0,0.0
2007-03-27 00:00:00+08:00,6.882901191711426,7.722279071807861,6.882901191711426,7.554403781890869,970271,0.0,0.0,0.0
2007-03-28 00:00:00+08:00,7.554403781890869,7.722279071807861,6.715025901794434,7.050776958465576,411316,0.0,0.0,0.0
2007-03-29 00:00:00+08:00,6.882901191711426,7.386528015136719,6.715025901794434,7.21865177154541,284406,0.0,0.0,0.0
2007-03-30 00:00:00+08:00,7.050776958465576,7.386528015136719,7.050776958465576,7.050776958465576,127058,0.0,0.0,0.0
2007-04-02 00:00:00+08:00,7.21865177154541,7.386528015136719,6.882901191711426,7.050776958465576,245121,0.0,0.0,0.0
2007-04-03 00:00:00+08:00,7.21865177154541,8.561657905578613,7.050776958465576,8.561657905578613,2039187,0.0,0.0,0.0
2007-04-04 00:00:00+08:00,8.729533195495605,9.233160018920898,8.05803108215332,8.729533195495605,1538579,0.0,0.0,0.0
2007-04-05 00:00:00+08:00,8.897409439086914,11.415543556213379,8.729533195495605,11.415543556213379,2634986,0.0,0.0,0.0
2007-04-09 00:00:00+08:00,12.422798156738281,14.940932273864746,12.422798156738281,14.101553916931152,2259529,0.0,0.0,0.0
2007-04-10 00:00:00+08:00,14.437305450439453,14.437305450439453,12.926424980163574,13.262175559997559,657808,0.0,0.0,0.0
2007-04-11 00:00:00+08:00,13.262175559997559,13.262175559997559,11.919171333312988,12.422798156738281,524882,0.0,0.0,0.0
2007-04-12 00:00:00+08:00,11.919171333312988,15.276683807373047,11.919171333312988,14.437305450439453,2604100,0.0,0.0,0.0
2007-04-13 00:00:00+08:00,14.605180740356445,15.948185920715332,14.605180740356445,15.276683807373047,1425132,0.0,0.0,0.0
2007-04-16 00:00:00+08:00,15.276683807373047,17.123315811157227,15.108807563781738,16.955440521240234,2208450,0.0,0.0,0.0
2007-04-17 00:00:00+08:00,17.29119110107422,20.648704528808594,17.29119110107422,19.641450881958008,1741318,0.0,0.0,0.0
2007-04-18 00:00:00+08:00,20.145078659057617,23.166839599609375,20.145078659057617,22.495336532592773,1158953,0.0,0.0,0.0
2007-04-19 00:00:00+08:00,22.831087112426758,24.341968536376953,21.320207595825195,22.15958595275879,2126484,0.0,0.0,0.0
2007-04-20 00:00:00+08:00,23.166839599609375,23.50259017944336,21.823833465576172,22.15958595275879,839043,0.0,0.0,0.0
2007-04-23 00:00:00+08:00,22.32746124267578,22.495336532592773,19.1378231048584,19.473575592041016,1209198,0.0,0.0,0.0
2007-04-24 00:00:00+08:00,19.30569839477539,19.977201461791992,17.29119110107422,18.802072525024414,1895242,0.0,0.0,0.0
2007-04-25 00:00:00+08:00,18.46632194519043,18.969947814941406,17.96269416809082,17.96269416809082,460340,0.0,0.0,0.0
2007-04-26 00:00:00+08:00,18.298444747924805,20.648704528808594,18.130569458007812,19.977201461791992,2540124,0.0,0.0,0.0
2007-04-27 00:00:00+08:00,19.977201461791992,20.648704528808594,18.969947814941406,19.1378231048584,834546,0.0,0.0,0.0
2007-04-30 00:00:00+08:00,19.1378231048584,19.473575592041016,18.298444747924805,18.634197235107422,566312,0.0,0.0,0.0
2007-05-02 00:00:00+08:00,18.802072525024414,19.30569839477539,18.46632194519043,18.634197235107422,355233,0.0,0.0,0.0
2007-05-03 00:00:00+08:00,19.1378231048584,19.1378231048584,18.46632194519043,18.46632194519043,356692,0.0,0.0,0.0
2007-05-04 00:00:00+08:00,18.634197235107422,19.473575592041016,18.298444747924805,18.46632194519043,1300426,0.0,0.0,0.0
2007-05-07 00:00:00+08:00,18.802072525024414,18.969947814941406,18.130569458007812,18.298444747924805,701531,0.0,0.0,0.0
2007-05-08 00:00:00+08:00,18.46632194519043,18.802072525024414,17.123315811157227,17.123315811157227,675768,0.0,0.0,0.0
2007-05-09 00:00:00+08:00,15.612435340881348,16.955440521240234,15.444559097290039,16.283937454223633,1587276,0.0,0.0,0.0
2007-05-10 00:00:00+08:00,16.283937454223633,16.283937454223633,15.612435340881348,15.612435340881348,402023,0.0,0.0,0.0
2007-05-11 00:00:00+08:00,15.108807563781738,15.948185920715332,14.773056983947754,15.444559097290039,599163,0.0,0.0,0.0
2007-05-14 00:00:00+08:00,15.444559097290039,16.11606216430664,15.444559097290039,15.444559097290039,514696,0.0,0.0,0.0
2007-05-15 00:00:00+08:00,15.444559097290039,17.123315811157227,15.276683807373047,16.955440521240234,1850178,0.0,0.0,0.0
2007-05-16 00:00:00+08:00,17.45906639099121,20.816579818725586,17.29119110107422,20.648704528808594,4201443,0.0,0.0,0.0
2007-05-17 00:00:00+08:00,21.152332305908203,21.823833465576172,18.802072525024414,19.30569839477539,2805201,0.0,0.0,0.0
2007-05-18 00:00:00+08:00,19.473575592041016,20.648704528808594,18.969947814941406,20.31295394897461,1222214,0.0,0.0,0.0
2007-05-21 00:00:00+08:00,20.4808292388916,20.648704528808594,19.809326171875,19.977201461791992,727770,0.0,0.0,0.0
2007-05-22 00:00:00+08:00,19.977201461791992,20.31295394897461,19.473575592041016,19.977201461791992,453609,0.0,0.0,0.0
2007-05-23 00:00:00+08:00,19.977201461791992,22.495336532592773,19.977201461791992,22.15958595275879,3729188,0.0,0.0,0.0
2007-05-24 00:00:00+08:00,21.823833465576172,22.15958595275879,20.648704528808594,20.648704528808594,1573337,0.0,0.0,0.0
2007-05-25 00:00:00+08:00,20.31295394897461,21.65595817565918,19.977201461791992,21.152332305908203,950763,0.0,0.0,0.0
2007-05-28 00:00:00+08:00,21.488082885742188,22.15958595275879,21.320207595825195,21.488082885742188,1098551,0.0,0.0,0.0
2007-05-29 00:00:00+08:00,21.65595817565918,21.65595817565918,20.816579818725586,21.152332305908203,328397,0.0,0.0,0.0
2007-05-30 00:00:00+08:00,20.984455108642578,21.152332305908203,19.809326171875,19.977201461791992,751538,0.0,0.0,0.0
2007-06-01 00:00:00+08:00,20.31295394897461,21.152332305908203,20.145078659057617,20.31295394897461,641605,0.0,0.0,0.0
2007-06-04 00:00:00+08:00,20.648704528808594,20.984455108642578,20.145078659057617,20.145078659057617,559789,0.0,0.0,0.0
2007-06-05 00:00:00+08:00,20.31295394897461,20.816579818725586,20.145078659057617,20.4808292388916,665760,0.0,0.0,0.0
2007-06-06 00:00:00+08:00,20.648704528808594,21.152332305908203,20.4808292388916,20.4808292388916,702365,0.0,0.0,0.0
2007-06-07 00:00:00+08:00,20.31295394897461,20.984455108642578,20.145078659057617,20.4808292388916,628500,0.0,0.0,0.0
2007-06-08 00:00:00+08:00,20.31295394897461,20.4808292388916,20.145078659057617,20.145078659057617,447801,0.0,0.0,0.0
2007-06-11 00:00:00+08:00,20.648704528808594,21.823833465576172,20.4808292388916,20.984455108642578,1936165,0.0,0.0,0.0
2007-06-12 00:00:00+08:00,21.320207595825195,21.823833465576172,20.984455108642578,21.152332305908203,755618,0.0,0.0,0.0
2007-06-13 00:00:00+08:00,21.152332305908203,21.488082885742188,20.816579818725586,20.816579818725586,337928,0.0,0.0,0.0
2007-06-14 00:00:00+08:00,21.152332305908203,21.152332305908203,20.648704528808594,20.648704528808594,475679,0.0,0.0,0.0
2007-06-15 00:00:00+08:00,20.648704528808594,21.488082885742188,20.648704528808594,21.320207595825195,1135959,0.0,0.0,0.0
2007-06-18 00:00:00+08:00,21.488082885742188,21.65595817565918,20.816579818725586,20.816579818725586,563125,0.0,0.0,0.0
2007-06-19 00:00:00+08:00,20.816579818725586,21.152332305908203,20.4808292388916,20.648704528808594,397049,0.0,0.0,0.0
2007-06-20 00:00:00+08:00,20.648704528808594,20.984455108642578,20.4808292388916,20.648704528808594,373550,0.0,0.0,0.0
2007-06-21 00:00:00+08:00,20.648704528808594,21.320207595825195,20.4808292388916,20.816579818725586,757197,0.0,0.0,0.0
2007-06-22 00:00:00+08:00,20.984455108642578,21.152332305908203,20.648704528808594,20.648704528808594,231510,0.0,0.0,0.0
2007-06-25 00:00:00+08:00,20.816579818725586,21.152332305908203,20.4808292388916,20.4808292388916,489826,0.0,0.0,0.0
2007-06-26 00:00:00+08:00,20.816579818725586,20.816579818725586,19.641450881958008,19.641450881958008,593653,0.0,0.0,0.0
2007-06-27 00:00:00+08:00,19.809326171875,20.4808292388916,19.473575592041016,20.31295394897461,480653,0.0,0.0,0.0
2007-06-28 00:00:00+08:00,20.4808292388916,20.816579818725586,20.31295394897461,20.31295394897461,406133,0.0,0.0,0.0
2007-06-29 00:00:00+08:00,20.4808292388916,20.984455108642578,20.145078659057617,20.648704528808594,905997,0.0,0.0,0.0
2007-07-02 00:00:00+08:00,20.984455108642578,21.991710662841797,20.984455108642578,21.65595817565918,2044161,0.0,0.0,0.0
2007-07-03 00:00:00+08:00,21.991710662841797,22.831087112426758,21.991710662841797,22.495336532592773,1437194,0.0,0.0,0.0
2007-07-04 00:00:00+08:00,22.663211822509766,22.831087112426758,21.320207595825195,21.488082885742188,568992,0.0,0.0,0.0
2007-07-05 00:00:00+08:00,22.32746124267578,23.50259017944336,22.15958595275879,22.998964309692383,2565619,0.0,0.0,0.0
2007-07-06 00:00:00+08:00,23.166839599609375,23.166839599609375,22.495336532592773,22.495336532592773,468203,0.0,0.0,0.0
2007-07-09 00:00:00+08:00,22.495336532592773,22.831087112426758,22.15958595275879,22.15958595275879,247325,0.0,0.0,0.0
2007-07-10 00:00:00+08:00,22.15958595275879,22.998964309692383,21.991710662841797,21.991710662841797,641993,0.0,0.0,0.0
2007-07-11 00:00:00+08:00,21.991710662841797,22.15958595275879,21.65595817565918,21.65595817565918,395977,0.0,0.0,0.0
2007-07-12 00:00:00+08:00,21.823833465576172,22.32746124267578,21.488082885742188,21.65595817565918,717554,0.0,0.0,0.0
2007-07-13 00:00:00+08:00,21.823833465576172,22.32746124267578,21.65595817565918,21.823833465576172,425582,0.0,0.0,0.0
2007-07-16 00:00:00+08:00,21.823833465576172,21.991710662841797,21.320207595825195,21.320207595825195,266179,0.0,0.0,0.0
2007-07-17 00:00:00+08:00,21.320207595825195,21.65595817565918,20.984455108642578,21.152332305908203,378851,0.0,0.0,0.0
2007-07-18 00:00:00+08:00,21.152332305908203,22.15958595275879,19.30569839477539,19.30569839477539,1070733,0.0,0.0,0.0
2007-07-19 00:00:00+08:00,19.641450881958008,20.31295394897461,18.969947814941406,19.977201461791992,716274,0.0,0.0,0.0
2007-07-20 00:00:00+08:00,20.31295394897461,20.984455108642578,20.145078659057617,20.31295394897461,465404,0.0,0.0,0.0
2007-07-23 00:00:00+08:00,20.648704528808594,21.823833465576172,20.31295394897461,21.320207595825195,887114,0.0,0.0,0.0
2007-07-24 00:00:00+08:00,21.65595817565918,21.823833465576172,20.984455108642578,20.984455108642578,368457,0.0,0.0,0.0
2007-07-25 00:00:00+08:00,20.648704528808594,20.984455108642578,20.31295394897461,20.648704528808594,321487,0.0,0.0,0.0
2007-07-26 00:00:00+08:00,20.816579818725586,20.816579818725586,19.977201461791992,20.31295394897461,396037,0.0,0.0,0.0
2007-07-27 00:00:00+08:00,19.473575592041016,20.31295394897461,19.1378231048584,20.145078659057617,423587,0.0,0.0,0.0
2007-07-30 00:00:00+08:00,19.30569839477539,20.145078659057617,19.30569839477539,19.641450881958008,333580,0.0,0.0,0.0
2007-07-31 00:00:00+08:00,19.977201461791992,19.977201461791992,18.298444747924805,18.298444747924805,530303,0.0,0.0,0.0
2007-08-01 00:00:00+08:00,18.298444747924805,18.298444747924805,14.940932273864746,15.276683807373047,606520,0.0,0.0,0.0
2007-08-02 00:00:00+08:00,15.78031063079834,16.61968994140625,14.437305450439453,14.605180740356445,899981,0.0,0.0,0.0
2007-08-03 00:00:00+08:00,15.276683807373047,15.276683807373047,14.437305450439453,14.940932273864746,355888,0.0,0.0,0.0
2007-08-06 00:00:00+08:00,14.269430160522461,14.269430160522461,12.926424980163574,12.926424980163574,348144,0.0,0.0,0.0
2007-08-07 00:00:00+08:00,13.430051803588867,13.59792709350586,9.233160018920898,9.233160018920898,1576702,0.0,0.0,0.0
2007-08-08 00:00:00+08:00,10.911916732788086,10.911916732788086,9.401036262512207,10.911916732788086,0,0.0,0.0,0.0
2007-08-10 00:00:00+08:00,10.072539329528809,10.072539329528809,9.233160018920898,10.072539329528809,0,0.0,0.0,0.0
2007-08-13 00:00:00+08:00,10.072539329528809,10.072539329528809,10.072539329528809,10.072539329528809,0,0.0,0.0,0.0
2007-08-14 00:00:00+08:00,10.408289909362793,12.422798156738281,10.408289909362793,12.254921913146973,2959184,0.0,0.0,0.0
2007-08-15 00:00:00+08:00,11.583418846130371,12.422798156738281,11.583418846130371,12.087045669555664,2019441,0.0,0.0,0.0
2007-08-16 00:00:00+08:00,11.75129508972168,11.919171333312988,10.911916732788086,11.079792022705078,1155259,0.0,0.0,0.0
2007-08-17 00:00:00+08:00,11.415543556213379,11.583418846130371,8.897409439086914,9.5689115524292,1377328,0.0,0.0,0.0
2007-08-20 00:00:00+08:00,10.576166152954102,11.079792022705078,10.408289909362793,10.744041442871094,796780,0.0,0.0,0.0
2007-08-21 00:00:00+08:00,10.744041442871094,10.744041442871094,9.5689115524292,9.5689115524292,661531,0.0,0.0,0.0
2007-08-22 00:00:00+08:00,9.5689115524292,10.072539329528809,9.065284729003906,9.9046630859375,599938,0.0,0.0,0.0
2007-08-23 00:00:00+08:00,10.240413665771484,10.576166152954102,9.9046630859375,9.9046630859375,758746,0.0,0.0,0.0
2007-08-24 00:00:00+08:00,9.736786842346191,10.072539329528809,9.5689115524292,9.736786842346191,490779,0.0,0.0,0.0
2007-08-27 00:00:00+08:00,10.072539329528809,10.240413665771484,9.736786842346191,9.9046630859375,513237,0.0,0.0,0.0
2007-08-28 00:00:00+08:00,9.9046630859375,10.744041442871094,9.736786842346191,10.072539329528809,1528899,0.0,0.0,0.0
2007-08-29 00:00:00+08:00,9.5689115524292,10.072539329528809,9.401036262512207,9.9046630859375,309544,0.0,0.0,0.0
2007-08-30 00:00:00+08:00,10.240413665771484,10.576166152954102,9.9046630859375,10.072539329528809,727919,0.0,0.0,0.0
2007-08-31 00:00:00+08:00,10.072539329528809,10.408289909362793,10.072539329528809,10.072539329528809,222694,0.0,0.0,0.0
2007-09-03 00:00:00+08:00,10.072539329528809,10.240413665771484,9.736786842346191,9.9046630859375,276812,0.0,0.0,0.0
2007-09-04 00:00:00+08:00,9.9046630859375,10.744041442871094,9.736786842346191,10.576166152954102,1866947,0.0,0.0,0.0
2007-09-05 00:00:00+08:00,10.744041442871094,11.079792022705078,10.408289909362793,10.576166152954102,1187218,0.0,0.0,0.0
2007-09-06 00:00:00+08:00,10.240413665771484,11.415543556213379,10.240413665771484,11.247668266296387,1060963,0.0,0.0,0.0
2007-09-07 00:00:00+08:00,11.247668266296387,12.590673446655273,11.247668266296387,12.254921913146973,2204935,0.0,0.0,0.0
2007-09-10 00:00:00+08:00,11.583418846130371,12.422798156738281,11.415543556213379,12.254921913146973,1132921,0.0,0.0,0.0
2007-09-11 00:00:00+08:00,12.254921913146973,13.094300270080566,12.254921913146973,12.422798156738281,1565444,0.0,0.0,0.0
2007-09-12 00:00:00+08:00,12.926424980163574,13.094300270080566,12.590673446655273,12.590673446655273,580727,0.0,0.0,0.0
2007-09-13 00:00:00+08:00,12.758548736572266,12.758548736572266,12.087045669555664,12.254921913146973,259656,0.0,0.0,0.0
2007-09-14 00:00:00+08:00,12.422798156738281,12.422798156738281,11.75129508972168,11.75129508972168,273118,0.0,0.0,0.0
2007-09-17 00:00:00+08:00,11.75129508972168,11.919171333312988,10.911916732788086,10.911916732788086,327325,0.0,0.0,0.0
2007-09-18 00:00:00+08:00,11.079792022705078,11.75129508972168,10.911916732788086,11.75129508972168,664390,0.0,0.0,0.0
2007-09-19 00:00:00+08:00,12.254921913146973,12.422798156738281,11.75129508972168,11.75129508972168,771821,0.0,0.0,0.0
2007-09-20 00:00:00+08:00,11.75129508972168,11.919171333312988,11.079792022705078,11.079792022705078,654919,0.0,0.0,0.0
2007-09-21 00:00:00+08:00,11.079792022705078,11.583418846130371,11.079792022705078,11.415543556213379,413460,0.0,0.0,0.0
2007-09-24 00:00:00+08:00,11.415543556213379,11.919171333312988,11.415543556213379,11.75129508972168,654174,0.0,0.0,0.0
2007-09-25 00:00:00+08:00,11.75129508972168,12.087045669555664,11.583418846130371,11.583418846130371,793116,0.0,0.0,0.0
2007-09-26 00:00:00+08:00,11.75129508972168,11.75129508972168,11.415543556213379,11.415543556213379,373997,0.0,0.0,0.0
2007-09-27 00:00:00+08:00,11.583418846130371,12.422798156738281,11.583418846130371,12.087045669555664,2725201,0.0,0.0,0.0
2007-09-28 00:00:00+08:00,12.254921913146973,12.590673446655273,11.919171333312988,12.254921913146973,1269064,0.0,0.0,0.0
2007-10-01 00:00:00+08:00,12.422798156738281,13.094300270080566,12.254921913146973,12.926424980163574,1407232,0.0,0.0,0.0
2007-10-02 00:00:00+08:00,13.262175559997559,13.430051803588867,12.590673446655273,12.758548736572266,1116570,0.0,0.0,0.0
2007-10-03 00:00:00+08:00,12.758548736572266,12.926424980163574,12.087045669555664,12.254921913146973,361994,0.0,0.0,0.0
2007-10-04 00:00:00+08:00,12.087045669555664,12.422798156738281,12.087045669555664,12.254921913146973,269514,0.0,0.0,0.0
2007-10-05 00:00:00+08:00,12.254921913146973,12.590673446655273,12.087045669555664,12.254921913146973,268949,0.0,0.0,0.0
2007-10-08 00:00:00+08:00,12.422798156738281,12.926424980163574,12.254921913146973,12.758548736572266,1249228,0.0,0.0,0.0
2007-10-09 00:00:00+08:00,12.926424980163574,12.926424980163574,12.087045669555664,12.087045669555664,653608,0.0,0.0,0.0
2007-10-10 00:00:00+08:00,12.254921913146973,12.254921913146973,11.75129508972168,11.75129508972168,479968,0.0,0.0,0.0
2007-10-11 00:00:00+08:00,11.919171333312988,12.254921913146973,11.919171333312988,12.087045669555664,741024,0.0,0.0,0.0
2007-10-12 00:00:00+08:00,12.254921913146973,12.254921913146973,11.75129508972168,11.75129508972168,377451,0.0,0.0,0.0
2007-10-15 00:00:00+08:00,11.919171333312988,12.087045669555664,11.583418846130371,11.583418846130371,464987,0.0,0.0,0.0
2007-10-16 00:00:00+08:00,11.583418846130371,11.75129508972168,10.911916732788086,11.247668266296387,487205,0.0,0.0,0.0
2007-10-17 00:00:00+08:00,11.079792022705078,11.247668266296387,10.744041442871094,11.079792022705078,293610,0.0,0.0,0.0
2007-10-18 00:00:00+08:00,11.247668266296387,11.247668266296387,10.576166152954102,10.576166152954102,320624,0.0,0.0,0.0
2007-10-19 00:00:00+08:00,10.576166152954102,10.911916732788086,10.072539329528809,10.240413665771484,378047,0.0,0.0,0.0
2007-10-22 00:00:00+08:00,9.401036262512207,9.736786842346191,9.401036262512207,9.401036262512207,329916,0.0,0.0,0.0
2007-10-23 00:00:00+08:00,9.5689115524292,9.9046630859375,9.5689115524292,9.9046630859375,252002,0.0,0.0,0.0
2007-10-24 00:00:00+08:00,9.9046630859375,10.240413665771484,9.5689115524292,9.5689115524292,283960,0.0,0.0,0.0
2007-10-25 00:00:00+08:00,9.5689115524292,9.9046630859375,9.5689115524292,9.5689115524292,173014,0.0,0.0,0.0
2007-10-26 00:00:00+08:00,9.5689115524292,9.736786842346191,9.5689115524292,9.5689115524292,123573,0.0,0.0,0.0
2007-10-29 00:00:00+08:00,9.736786842346191,10.408289909362793,9.5689115524292,10.072539329528809,538881,0.0,0.0,0.0
2007-10-30 00:00:00+08:00,10.240413665771484,10.240413665771484,9.736786842346191,9.736786842346191,124913,0.0,0.0,0.0
2007-10-31 00:00:00+08:00,9.736786842346191,10.072539329528809,9.736786842346191,9.736786842346191,120565,0.0,0.0,0.0
2007-11-01 00:00:00+08:00,9.9046630859375,10.240413665771484,9.736786842346191,9.736786842346191,190825,0.0,0.0,0.0
2007-11-02 00:00:00+08:00,9.5689115524292,10.072539329528809,9.401036262512207,10.072539329528809,828559,0.0,0.0,0.0
2007-11-05 00:00:00+08:00,10.240413665771484,10.240413665771484,9.401036262512207,9.401036262512207,221175,0.0,0.0,0.0
2007-11-06 00:00:00+08:00,9.5689115524292,9.736786842346191,9.401036262512207,9.5689115524292,134831,0.0,0.0,0.0
2007-11-07 00:00:00+08:00,9.736786842346191,10.072539329528809,9.401036262512207,9.5689115524292,171555,0.0,0.0,0.0
2007-11-09 00:00:00+08:00,9.401036262512207,9.736786842346191,9.233160018920898,9.5689115524292,211912,0.0,0.0,0.0
2007-11-12 00:00:00+08:00,9.233160018920898,9.233160018920898,8.729533195495605,8.897409439086914,202530,0.0,0.0,0.0
2007-11-13 00:00:00+08:00,8.729533195495605,9.065284729003906,8.393781661987305,8.729533195495605,196186,0.0,0.0,0.0
2007-11-14 00:00:00+08:00,8.897409439086914,9.065284729003906,8.561657905578613,8.561657905578613,110587,0.0,0.0,0.0
2007-11-15 00:00:00+08:00,8.225906372070312,8.225906372070312,7.21865177154541,7.386528015136719,389514,0.0,0.0,0.0
2007-11-16 00:00:00+08:00,7.21865177154541,7.386528015136719,6.882901191711426,6.882901191711426,239820,0.0,0.0,0.0
2007-11-19 00:00:00+08:00,7.050776958465576,7.21865177154541,6.379273891448975,6.379273891448975,141146,0.0,0.0,0.0
2007-11-20 00:00:00+08:00,6.211399078369141,6.211399078369141,5.539896011352539,6.211399078369141,665045,0.0,0.0,0.0
2007-11-21 00:00:00+08:00,5.875647068023682,6.043522834777832,5.539896011352539,5.539896011352539,251287,0.0,0.0,0.0
2007-11-22 00:00:00+08:00,5.539896011352539,5.875647068023682,5.3720197677612305,5.3720197677612305,275412,0.0,0.0,0.0
2007-11-23 00:00:00+08:00,5.539896011352539,5.7077717781066895,5.3720197677612305,5.7077717781066895,133729,0.0,0.0,0.0
2007-11-26 00:00:00+08:00,5.7077717781066895,6.211399078369141,5.539896011352539,6.211399078369141,452716,0.0,0.0,0.0
2007-11-27 00:00:00+08:00,5.875647068023682,5.875647068023682,5.539896011352539,5.875647068023682,130811,0.0,0.0,0.0
2007-11-28 00:00:00+08:00,5.875647068023682,6.043522834777832,5.7077717781066895,5.7077717781066895,191391,0.0,0.0,0.0
2007-11-29 00:00:00+08:00,5.875647068023682,6.043522834777832,5.7077717781066895,5.875647068023682,180609,0.0,0.0,0.0
2007-11-30 00:00:00+08:00,5.7077717781066895,6.379273891448975,5.7077717781066895,6.211399078369141,509067,0.0,0.0,0.0
2007-12-03 00:00:00+08:00,6.379273891448975,6.715025901794434,6.211399078369141,6.379273891448975,495039,0.0,0.0,0.0
2007-12-04 00:00:00+08:00,6.379273891448975,6.882901191711426,6.211399078369141,6.715025901794434,262456,0.0,0.0,0.0
2007-12-05 00:00:00+08:00,6.715025901794434,8.05803108215332,6.715025901794434,7.890154838562012,929437,0.0,0.0,0.0
2007-12-06 00:00:00+08:00,8.05803108215332,8.225906372070312,7.21865177154541,7.386528015136719,563988,0.0,0.0,0.0
2007-12-07 00:00:00+08:00,7.722279071807861,7.722279071807861,7.050776958465576,7.21865177154541,109307,0.0,0.0,0.0
2007-12-10 00:00:00+08:00,7.050776958465576,7.21865177154541,7.050776958465576,7.050776958465576,61712,0.0,0.0,0.0
2007-12-11 00:00:00+08:00,7.21865177154541,7.386528015136719,7.050776958465576,7.21865177154541,90066,0.0,0.0,0.0
2007-12-12 00:00:00+08:00,7.050776958465576,7.21865177154541,6.715025901794434,7.050776958465576,172151,0.0,0.0,0.0
2007-12-13 00:00:00+08:00,6.882901191711426,6.882901191711426,6.379273891448975,6.379273891448975,132627,0.0,0.0,0.0
2007-12-14 00:00:00+08:00,6.547150135040283,6.715025901794434,6.211399078369141,6.379273891448975,117378,0.0,0.0,0.0
2007-12-17 00:00:00+08:00,6.211399078369141,6.211399078369141,6.043522834777832,6.043522834777832,40565,0.0,0.0,0.0
2007-12-18 00:00:00+08:00,5.875647068023682,6.211399078369141,5.7077717781066895,6.043522834777832,279224,0.0,0.0,0.0
2007-12-19 00:00:00+08:00,6.043522834777832,6.211399078369141,6.043522834777832,6.211399078369141,118897,0.0,0.0,0.0
2007-12-21 00:00:00+08:00,6.043522834777832,6.211399078369141,6.043522834777832,6.043522834777832,58763,0.0,0.0,0.0
2007-12-24 00:00:00+08:00,6.211399078369141,6.379273891448975,6.043522834777832,6.043522834777832,43573,0.0,0.0,0.0
2007-12-26 00:00:00+08:00,6.211399078369141,7.21865177154541,6.211399078369141,7.21865177154541,448039,0.0,0.0,0.0
2007-12-27 00:00:00+08:00,7.21865177154541,7.21865177154541,6.715025901794434,6.715025901794434,164586,0.0,0.0,0.0
2007-12-28 00:00:00+08:00,6.547150135040283,6.882901191711426,6.379273891448975,6.882901191711426,83960,0.0,0.0,0.0
2007-12-31 00:00:00+08:00,6.882901191711426,7.21865177154541,6.882901191711426,7.050776958465576,184928,0.0,0.0,0.0
2008-01-02 00:00:00+08:00,7.050776958465576,7.722279071807861,6.882901191711426,7.386528015136719,618046,0.0,0.0,0.0
2008-01-03 00:00:00+08:00,7.21865177154541,7.554403781890869,7.050776958465576,7.386528015136719,204437,0.0,0.0,0.0
2008-01-04 00:00:00+08:00,7.386528015136719,7.554403781890869,7.21865177154541,7.386528015136719,171406,0.0,0.0,0.0
2008-01-07 00:00:00+08:00,7.050776958465576,7.050776958465576,6.882901191711426,7.050776958465576,89917,0.0,0.0,0.0
2008-01-08 00:00:00+08:00,7.21865177154541,7.21865177154541,6.715025901794434,6.882901191711426,133551,0.0,0.0,0.0
2008-01-09 00:00:00+08:00,6.715025901794434,6.882901191711426,6.715025901794434,6.715025901794434,86075,0.0,0.0,0.0
2008-01-10 00:00:00+08:00,6.882901191711426,7.050776958465576,6.547150135040283,6.547150135040283,191897,0.0,0.0,0.0
2008-01-11 00:00:00+08:00,6.715025901794434,6.715025901794434,6.211399078369141,6.211399078369141,193268,0.0,0.0,0.0
2008-01-14 00:00:00+08:00,6.211399078369141,6.211399078369141,6.043522834777832,6.043522834777832,89709,0.0,0.0,0.0
2008-01-15 00:00:00+08:00,6.043522834777832,6.211399078369141,5.7077717781066895,5.7077717781066895,61712,0.0,0.0,0.0
2008-01-16 00:00:00+08:00,5.539896011352539,5.7077717781066895,5.3720197677612305,5.3720197677612305,137661,0.0,0.0,0.0
2008-01-17 00:00:00+08:00,5.539896011352539,5.7077717781066895,5.2041449546813965,5.539896011352539,142367,0.0,0.0,0.0
2008-01-18 00:00:00+08:00,5.3720197677612305,5.7077717781066895,5.036269187927246,5.2041449546813965,582395,0.0,0.0,0.0
2008-01-21 00:00:00+08:00,5.2041449546813965,5.2041449546813965,4.7005181312561035,4.7005181312561035,122054,0.0,0.0,0.0
2008-01-22 00:00:00+08:00,4.196890830993652,4.3647661209106445,3.6932640075683594,4.029015064239502,204139,0.0,0.0,0.0
2008-01-23 00:00:00+08:00,4.3647661209106445,4.532641887664795,4.029015064239502,4.196890830993652,220967,0.0,0.0,0.0
2008-01-24 00:00:00+08:00,4.3647661209106445,4.3647661209106445,3.8611390590667725,3.8611390590667725,269306,0.0,0.0,0.0
2008-01-25 00:00:00+08:00,4.029015064239502,4.532641887664795,4.029015064239502,4.3647661209106445,1021738,0.0,0.0,0.0
2008-01-28 00:00:00+08:00,4.3647661209106445,4.3647661209106445,3.8611390590667725,4.029015064239502,392373,0.0,0.0,0.0
2008-01-29 00:00:00+08:00,4.196890830993652,4.196890830993652,3.8611390590667725,4.029015064239502,90453,0.0,0.0,0.0
2008-01-30 00:00:00+08:00,4.029015064239502,4.029015064239502,3.6932640075683594,3.6932640075683594,125896,0.0,0.0,0.0
2008-01-31 00:00:00+08:00,3.6932640075683594,3.8611390590667725,3.357512950897217,3.52538800239563,286938,0.0,0.0,0.0
2008-02-01 00:00:00+08:00,3.52538800239563,3.6932640075683594,3.357512950897217,3.52538800239563,119106,0.0,0.0,0.0
2008-02-04 00:00:00+08:00,3.6932640075683594,4.029015064239502,3.6932640075683594,3.8611390590667725,352969,0.0,0.0,0.0
2008-02-05 00:00:00+08:00,3.8611390590667725,4.3647661209106445,3.8611390590667725,4.196890830993652,632760,0.0,0.0,0.0
2008-02-06 00:00:00+08:00,4.029015064239502,4.196890830993652,3.8611390590667725,4.196890830993652,74966,0.0,0.0,0.0
2008-02-11 00:00:00+08:00,4.196890830993652,4.3647661209106445,4.029015064239502,4.029015064239502,140907,0.0,0.0,0.0
2008-02-12 00:00:00+08:00,4.029015064239502,5.036269187927246,4.029015064239502,4.8683929443359375,990256,0.0,0.0,0.0
2008-02-13 00:00:00+08:00,5.036269187927246,5.2041449546813965,4.532641887664795,4.7005181312561035,571256,0.0,0.0,0.0
2008-02-14 00:00:00+08:00,4.8683929443359375,5.036269187927246,4.532641887664795,4.7005181312561035,297750,0.0,0.0,0.0
2008-02-15 00:00:00+08:00,4.532641887664795,5.539896011352539,4.532641887664795,5.3720197677612305,1750938,0.0,0.0,0.0
2008-02-18 00:00:00+08:00,5.539896011352539,5.875647068023682,5.3720197677612305,5.7077717781066895,1579174,0.0,0.0,0.0
2008-02-19 00:00:00+08:00,5.875647068023682,5.875647068023682,5.539896011352539,5.539896011352539,594368,0.0,0.0,0.0
2008-02-20 00:00:00+08:00,5.539896011352539,5.539896011352539,5.036269187927246,5.2041449546813965,452328,0.0,0.0,0.0
2008-02-21 00:00:00+08:00,5.3720197677612305,5.539896011352539,5.2041449546813965,5.2041449546813965,105345,0.0,0.0,0.0
2008-02-22 00:00:00+08:00,5.2041449546813965,5.2041449546813965,4.8683929443359375,5.036269187927246,167713,0.0,0.0,0.0
2008-02-25 00:00:00+08:00,5.2041449546813965,5.3720197677612305,4.8683929443359375,5.036269187927246,307310,0.0,0.0,0.0
2008-02-26 00:00:00+08:00,5.036269187927246,5.2041449546813965,4.8683929443359375,4.8683929443359375,165568,0.0,0.0,0.0
2008-02-27 00:00:00+08:00,4.8683929443359375,5.3720197677612305,4.8683929443359375,5.036269187927246,558568,0.0,0.0,0.0
2008-02-28 00:00:00+08:00,5.036269187927246,5.2041449546813965,4.8683929443359375,4.8683929443359375,160565,0.0,0.0,0.0
2008-02-29 00:00:00+08:00,4.7005181312561035,4.8683929443359375,4.532641887664795,4.8683929443359375,261473,0.0,0.0,0.0
2008-03-03 00:00:00+08:00,4.532641887664795,4.7005181312561035,4.3647661209106445,4.532641887664795,134772,0.0,0.0,0.0
2008-03-04 00:00:00+08:00,4.532641887664795,4.7005181312561035,4.196890830993652,4.3647661209106445,291346,0.0,0.0,0.0
2008-03-05 00:00:00+08:00,4.3647661209106445,4.3647661209106445,4.029015064239502,4.029015064239502,135904,0.0,0.0,0.0
2008-03-06 00:00:00+08:00,4.196890830993652,4.3647661209106445,4.029015064239502,4.029015064239502,72166,0.0,0.0,0.0
2008-03-07 00:00:00+08:00,4.029015064239502,4.029015064239502,3.8611390590667725,4.029015064239502,152076,0.0,0.0,0.0
2008-03-10 00:00:00+08:00,3.8611390590667725,4.029015064239502,3.8611390590667725,4.029015064239502,99567,0.0,0.0,0.0
2008-03-11 00:00:00+08:00,3.6932640075683594,4.196890830993652,3.6932640075683594,4.029015064239502,366848,0.0,0.0,0.0
2008-03-12 00:00:00+08:00,4.196890830993652,4.3647661209106445,3.8611390590667725,3.8611390590667725,235650,0.0,0.0,0.0
2008-03-13 00:00:00+08:00,4.029015064239502,4.029015064239502,3.8611390590667725,3.8611390590667725,69873,0.0,0.0,0.0
2008-03-14 00:00:00+08:00,3.8611390590667725,3.8611390590667725,3.8611390590667725,3.8611390590667725,65197,0.0,0.0,0.0
2008-03-17 00:00:00+08:00,3.6932640075683594,3.6932640075683594,3.52538800239563,3.52538800239563,47564,0.0,0.0,0.0
2008-03-18 00:00:00+08:00,3.6932640075683594,3.8611390590667725,3.52538800239563,3.6932640075683594,161786,0.0,0.0,0.0
2008-03-19 00:00:00+08:00,3.8611390590667725,4.029015064239502,3.6932640075683594,3.6932640075683594,191481,0.0,0.0,0.0
2008-03-20 00:00:00+08:00,3.6932640075683594,3.6932640075683594,3.52538800239563,3.52538800239563,76306,0.0,0.0,0.0
2008-03-24 00:00:00+08:00,3.6932640075683594,4.029015064239502,3.6932640075683594,4.029015064239502,155353,0.0,0.0,0.0
2008-03-25 00:00:00+08:00,4.029015064239502,4.3647661209106445,4.029015064239502,4.196890830993652,401845,0.0,0.0,0.0
2008-03-26 00:00:00+08:00,4.196890830993652,4.532641887664795,4.029015064239502,4.196890830993652,545910,0.0,0.0,0.0
2008-03-27 00:00:00+08:00,4.196890830993652,4.532641887664795,4.196890830993652,4.3647661209106445,155680,0.0,0.0,0.0
2008-03-28 00:00:00+08:00,4.196890830993652,4.7005181312561035,4.196890830993652,4.532641887664795,476632,0.0,0.0,0.0
2008-03-31 00:00:00+08:00,4.3647661209106445,4.7005181312561035,4.3647661209106445,4.3647661209106445,214593,0.0,0.0,0.0
2008-04-01 00:00:00+08:00,4.3647661209106445,4.7005181312561035,4.3647661209106445,4.532641887664795,204883,0.0,0.0,0.0
2008-04-02 00:00:00+08:00,4.7005181312561035,4.8683929443359375,4.532641887664795,4.532641887664795,219805,0.0,0.0,0.0
2008-04-03 00:00:00+08:00,4.7005181312561035,4.7005181312561035,4.532641887664795,4.532641887664795,82978,0.0,0.0,0.0
2008-04-04 00:00:00+08:00,4.532641887664795,5.036269187927246,4.532641887664795,4.8683929443359375,445270,0.0,0.0,0.0
2008-04-07 00:00:00+08:00,4.8683929443359375,4.8683929443359375,4.7005181312561035,4.7005181312561035,112106,0.0,0.0,0.0
2008-04-08 00:00:00+08:00,4.7005181312561035,5.036269187927246,4.7005181312561035,4.7005181312561035,248338,0.0,0.0,0.0
2008-04-09 00:00:00+08:00,4.7005181312561035,4.7005181312561035,4.532641887664795,4.532641887664795,99180,0.0,0.0,0.0
2008-04-10 00:00:00+08:00,4.532641887664795,4.8683929443359375,4.532641887664795,4.532641887664795,77855,0.0,0.0,0.0
2008-04-11 00:00:00+08:00,4.7005181312561035,4.7005181312561035,4.532641887664795,4.532641887664795,39165,0.0,0.0,0.0
2008-04-14 00:00:00+08:00,4.532641887664795,4.532641887664795,4.196890830993652,4.196890830993652,169530,0.0,0.0,0.0
2008-04-15 00:00:00+08:00,4.3647661209106445,4.532641887664795,4.196890830993652,4.3647661209106445,180997,0.0,0.0,0.0
2008-04-16 00:00:00+08:00,4.532641887664795,4.7005181312561035,4.532641887664795,4.532641887664795,250870,0.0,0.0,0.0
2008-04-17 00:00:00+08:00,4.7005181312561035,4.7005181312561035,4.3647661209106445,4.3647661209106445,38272,0.0,0.0,0.0
2008-04-18 00:00:00+08:00,4.3647661209106445,4.532641887664795,4.3647661209106445,4.3647661209106445,94653,0.0,0.0,0.0
2008-04-21 00:00:00+08:00,4.532641887664795,4.7005181312561035,4.532641887664795,4.7005181312561035,182724,0.0,0.0,0.0
2008-04-22 00:00:00+08:00,4.532641887664795,4.7005181312561035,4.3647661209106445,4.532641887664795,91853,0.0,0.0,0.0
2008-04-23 00:00:00+08:00,4.532641887664795,4.7005181312561035,4.532641887664795,4.7005181312561035,40893,0.0,0.0,0.0
2008-04-24 00:00:00+08:00,4.7005181312561035,5.036269187927246,4.7005181312561035,4.8683929443359375,777599,0.0,0.0,0.0
2008-04-25 00:00:00+08:00,4.8683929443359375,4.8683929443359375,4.7005181312561035,4.7005181312561035,22337,0.0,0.0,0.0
2008-04-28 00:00:00+08:00,4.7005181312561035,4.8683929443359375,4.532641887664795,4.532641887664795,89441,0.0,0.0,0.0
2008-04-29 00:00:00+08:00,4.7005181312561035,4.7005181312561035,4.532641887664795,4.532641887664795,134742,0.0,0.0,0.0
2008-04-30 00:00:00+08:00,4.532641887664795,4.7005181312561035,4.3647661209106445,4.3647661209106445,159105,0.0,0.0,0.0
2008-05-02 00:00:00+08:00,4.7005181312561035,4.7005181312561035,4.532641887664795,4.532641887664795,108115,0.0,0.0,0.0
2008-05-05 00:00:00+08:00,4.7005181312561035,4.7005181312561035,4.532641887664795,4.7005181312561035,26775,0.0,0.0,0.0
2008-05-06 00:00:00+08:00,4.532641887664795,4.8683929443359375,4.532641887664795,4.8683929443359375,240743,0.0,0.0,0.0
2008-05-07 00:00:00+08:00,4.7005181312561035,4.8683929443359375,4.532641887664795,4.532641887664795,85628,0.0,0.0,0.0
2008-05-08 00:00:00+08:00,4.7005181312561035,4.7005181312561035,4.532641887664795,4.532641887664795,28860,0.0,0.0,0.0
2008-05-09 00:00:00+08:00,4.532641887664795,4.7005181312561035,4.532641887664795,4.532641887664795,113864,0.0,0.0,0.0
2008-05-12 00:00:00+08:00,4.532641887664795,4.532641887664795,4.532641887664795,4.532641887664795,8399,0.0,0.0,0.0
2008-05-13 00:00:00+08:00,4.532641887664795,4.532641887664795,4.3647661209106445,4.3647661209106445,112613,0.0,0.0,0.0
2008-05-14 00:00:00+08:00,4.3647661209106445,4.532641887664795,4.3647661209106445,4.3647661209106445,84437,0.0,0.0,0.0
2008-05-15 00:00:00+08:00,4.3647661209106445,4.532641887664795,4.3647661209106445,4.532641887664795,62844,0.0,0.0,0.0
2008-05-16 00:00:00+08:00,4.532641887664795,4.532641887664795,4.3647661209106445,4.3647661209106445,47326,0.0,0.0,0.0
2008-05-20 00:00:00+08:00,4.532641887664795,4.7005181312561035,4.3647661209106445,4.532641887664795,307281,0.0,0.0,0.0
2008-05-21 00:00:00+08:00,4.532641887664795,4.8683929443359375,4.532641887664795,4.7005181312561035,172508,0.0,0.0,0.0
2008-05-22 00:00:00+08:00,4.532641887664795,4.532641887664795,4.3647661209106445,4.532641887664795,114161,0.0,0.0,0.0
2008-05-23 00:00:00+08:00,4.532641887664795,4.7005181312561035,4.3647661209106445,4.3647661209106445,70796,0.0,0.0,0.0
2008-05-26 00:00:00+08:00,4.3647661209106445,4.532641887664795,4.3647661209106445,4.532641887664795,6254,0.0,0.0,0.0
2008-05-27 00:00:00+08:00,4.3647661209106445,4.532641887664795,4.3647661209106445,4.3647661209106445,53789,0.0,0.0,0.0
2008-05-28 00:00:00+08:00,4.3647661209106445,4.532641887664795,4.3647661209106445,4.3647661209106445,145613,0.0,0.0,0.0
2008-05-29 00:00:00+08:00,4.3647661209106445,4.3647661209106445,4.3647661209106445,4.3647661209106445,74400,0.0,0.0,0.0
2008-05-30 00:00:00+08:00,4.3647661209106445,4.532641887664795,4.3647661209106445,4.3647661209106445,33387,0.0,0.0,0.0
2008-06-02 00:00:00+08:00,4.3647661209106445,4.8683929443359375,4.3647661209106445,4.7005181312561035,447861,0.0,0.0,0.0
2008-06-03 00:00:00+08:00,4.532641887664795,4.7005181312561035,4.532641887664795,4.7005181312561035,58823,0.0,0.0,0.0
2008-06-04 00:00:00+08:00,4.532641887664795,4.7005181312561035,4.532641887664795,4.532641887664795,133432,0.0,0.0,0.0
2008-06-05 00:00:00+08:00,4.7005181312561035,4.7005181312561035,4.532641887664795,4.532641887664795,21235,0.0,0.0,0.0
2008-06-06 00:00:00+08:00,4.532641887664795,4.532641887664795,4.3647661209106445,4.3647661209106445,36485,0.0,0.0,0.0
2008-06-09 00:00:00+08:00,4.3647661209106445,4.3647661209106445,4.196890830993652,4.196890830993652,55308,0.0,0.0,0.0
2008-06-10 00:00:00+08:00,4.3647661209106445,4.532641887664795,4.3647661209106445,4.3647661209106445,181652,0.0,0.0,0.0
2008-06-11 00:00:00+08:00,4.3647661209106445,4.532641887664795,4.3647661209106445,4.532641887664795,59955,0.0,0.0,0.0
2008-06-12 00:00:00+08:00,4.3647661209106445,4.3647661209106445,4.3647661209106445,4.3647661209106445,42114,0.0,0.0,0.0
2008-06-13 00:00:00+08:00,4.3647661209106445,4.3647661209106445,4.196890830993652,4.3647661209106445,31005,0.0,0.0,0.0
2008-06-16 00:00:00+08:00,4.3647661209106445,4.3647661209106445,4.196890830993652,4.196890830993652,19895,0.0,0.0,0.0
2008-06-17 00:00:00+08:00,4.196890830993652,4.3647661209106445,4.196890830993652,4.196890830993652,29545,0.0,0.0,0.0
2008-06-18 00:00:00+08:00,4.196890830993652,4.532641887664795,4.196890830993652,4.3647661209106445,97214,0.0,0.0,0.0
2008-06-19 00:00:00+08:00,4.196890830993652,4.3647661209106445,4.196890830993652,4.3647661209106445,105226,0.0,0.0,0.0
2008-06-20 00:00:00+08:00,4.196890830993652,4.3647661209106445,4.196890830993652,4.196890830993652,14296,0.0,0.0,0.0
2008-06-23 00:00:00+08:00,4.196890830993652,4.3647661209106445,4.196890830993652,4.196890830993652,15666,0.0,0.0,0.0
2008-06-24 00:00:00+08:00,4.196890830993652,4.196890830993652,4.029015064239502,4.029015064239502,47594,0.0,0.0,0.0
2008-06-25 00:00:00+08:00,4.029015064239502,4.196890830993652,4.029015064239502,4.196890830993652,43782,0.0,0.0,0.0
2008-06-26 00:00:00+08:00,4.196890830993652,4.196890830993652,4.029015064239502,4.029015064239502,21742,0.0,0.0,0.0
2008-06-27 00:00:00+08:00,4.029015064239502,4.029015064239502,3.8611390590667725,3.8611390590667725,46731,0.0,0.0,0.0
2008-06-30 00:00:00+08:00,3.8611390590667725,3.8611390590667725,3.8611390590667725,3.8611390590667725,39821,0.0,0.0,0.0
2008-07-01 00:00:00+08:00,3.8611390590667725,3.8611390590667725,3.6932640075683594,3.8611390590667725,79374,0.0,0.0,0.0
2008-07-02 00:00:00+08:00,3.6932640075683594,3.6932640075683594,3.52538800239563,3.6932640075683594,37736,0.0,0.0,0.0
2008-07-03 00:00:00+08:00,3.52538800239563,3.52538800239563,3.357512950897217,3.357512950897217,43156,0.0,0.0,0.0
2008-07-04 00:00:00+08:00,3.357512950897217,3.52538800239563,3.357512950897217,3.52538800239563,31392,0.0,0.0,0.0
2008-07-07 00:00:00+08:00,3.52538800239563,3.6932640075683594,3.357512950897217,3.52538800239563,100193,0.0,0.0,0.0
2008-07-08 00:00:00+08:00,3.52538800239563,3.52538800239563,3.357512950897217,3.357512950897217,36187,0.0,0.0,0.0
2008-07-09 00:00:00+08:00,3.52538800239563,3.8611390590667725,3.52538800239563,3.6932640075683594,83663,0.0,0.0,0.0
2008-07-10 00:00:00+08:00,3.52538800239563,3.52538800239563,3.52538800239563,3.52538800239563,10364,0.0,0.0,0.0
2008-07-11 00:00:00+08:00,3.6932640075683594,3.8611390590667725,3.6932640075683594,3.6932640075683594,35085,0.0,0.0,0.0
2008-07-14 00:00:00+08:00,3.6932640075683594,3.6932640075683594,3.52538800239563,3.52538800239563,68503,0.0,0.0,0.0
2008-07-15 00:00:00+08:00,3.52538800239563,3.52538800239563,3.52538800239563,3.52538800239563,18168,0.0,0.0,0.0
2008-07-16 00:00:00+08:00,3.52538800239563,3.52538800239563,3.52538800239563,3.52538800239563,21920,0.0,0.0,0.0
2008-07-17 00:00:00+08:00,3.52538800239563,3.52538800239563,3.52538800239563,3.52538800239563,20729,0.0,0.0,0.0
2008-07-18 00:00:00+08:00,3.52538800239563,3.6932640075683594,3.52538800239563,3.6932640075683594,34549,0.0,0.0,0.0
2008-07-21 00:00:00+08:00,3.52538800239563,3.6932640075683594,3.52538800239563,3.52538800239563,50513,0.0,0.0,0.0
2008-07-22 00:00:00+08:00,3.52538800239563,3.52538800239563,3.52538800239563,3.52538800239563,10126,0.0,0.0,0.0
2008-07-23 00:00:00+08:00,3.52538800239563,3.52538800239563,3.52538800239563,3.52538800239563,6552,0.0,0.0,0.0
2008-07-24 00:00:00+08:00,3.6932640075683594,3.8611390590667725,3.52538800239563,3.52538800239563,40178,0.0,0.0,0.0
2008-07-25 00:00:00+08:00,3.52538800239563,3.52538800239563,3.357512950897217,3.52538800239563,23588,0.0,0.0,0.0
2008-07-28 00:00:00+08:00,3.52538800239563,3.52538800239563,3.357512950897217,3.357512950897217,19061,0.0,0.0,0.0
2008-07-29 00:00:00+08:00,3.357512950897217,3.52538800239563,3.357512950897217,3.52538800239563,15934,0.0,0.0,0.0
2008-07-30 00:00:00+08:00,3.52538800239563,3.52538800239563,3.52538800239563,3.52538800239563,0,0.0,0.0,0.0
2008-07-31 00:00:00+08:00,3.52538800239563,3.52538800239563,3.52538800239563,3.52538800239563,0,0.0,0.0,0.0
2008-08-01 00:00:00+08:00,3.357512950897217,3.52538800239563,3.1896369457244873,3.357512950897217,187787,0.0,0.0,0.0
2008-08-04 00:00:00+08:00,3.357512950897217,3.357512950897217,3.357512950897217,3.357512950897217,0,0.0,0.0,0.0
2008-08-05 00:00:00+08:00,3.357512950897217,3.357512950897217,3.1896369457244873,3.1896369457244873,10662,0.0,0.0,0.0
2008-08-06 00:00:00+08:00,3.357512950897217,3.52538800239563,3.1896369457244873,3.52538800239563,43544,0.0,0.0,0.0
2008-08-07 00:00:00+08:00,3.357512950897217,3.357512950897217,3.1896369457244873,3.357512950897217,11317,0.0,0.0,0.0
2008-08-08 00:00:00+08:00,3.1896369457244873,3.357512950897217,3.1896369457244873,3.1896369457244873,42233,0.0,0.0,0.0
2008-08-11 00:00:00+08:00,3.1896369457244873,3.1896369457244873,2.6860098838806152,2.6860098838806152,118689,0.0,0.0,0.0
2008-08-12 00:00:00+08:00,2.8538858890533447,2.8538858890533447,2.6860098838806152,2.6860098838806152,48905,0.0,0.0,0.0
2008-08-13 00:00:00+08:00,2.6860098838806152,2.6860098838806152,2.6860098838806152,2.6860098838806152,0,0.0,0.0,0.0
2008-08-14 00:00:00+08:00,2.6860098838806152,3.1896369457244873,2.6860098838806152,3.021760940551758,84616,0.0,0.0,0.0
2008-08-15 00:00:00+08:00,3.021760940551758,3.021760940551758,2.6860098838806152,2.6860098838806152,49917,0.0,0.0,0.0
2008-08-18 00:00:00+08:00,2.6860098838806152,2.6860098838806152,2.6860098838806152,2.6860098838806152,22725,0.0,0.0,0.0
2008-08-19 00:00:00+08:00,2.6860098838806152,2.6860098838806152,2.518134117126465,2.518134117126465,12926,0.0,0.0,0.0
2008-08-20 00:00:00+08:00,2.518134117126465,2.6860098838806152,2.518134117126465,2.6860098838806152,20580,0.0,0.0,0.0
2008-08-21 00:00:00+08:00,2.6860098838806152,2.6860098838806152,2.3502590656280518,2.518134117126465,65048,0.0,0.0,0.0
2008-08-22 00:00:00+08:00,2.518134117126465,2.518134117126465,2.3502590656280518,2.3502590656280518,7982,0.0,0.0,0.0
2008-08-25 00:00:00+08:00,2.518134117126465,2.6860098838806152,2.518134117126465,2.6860098838806152,73953,0.0,0.0,0.0
2008-08-26 00:00:00+08:00,2.518134117126465,2.6860098838806152,2.518134117126465,2.6860098838806152,8696,0.0,0.0,0.0
2008-08-27 00:00:00+08:00,2.518134117126465,2.6860098838806152,2.518134117126465,2.6860098838806152,1995,0.0,0.0,0.0
2008-08-28 00:00:00+08:00,2.518134117126465,2.8538858890533447,2.518134117126465,2.6860098838806152,43752,0.0,0.0,0.0
2008-08-29 00:00:00+08:00,2.6860098838806152,2.6860098838806152,2.6860098838806152,2.6860098838806152,20282,0.0,0.0,0.0
2008-09-01 00:00:00+08:00,2.6860098838806152,2.8538858890533447,2.6860098838806152,2.8538858890533447,6254,0.0,0.0,0.0
2008-09-02 00:00:00+08:00,2.6860098838806152,2.6860098838806152,2.6860098838806152,2.6860098838806152,3782,0.0,0.0,0.0
2008-09-03 00:00:00+08:00,2.6860098838806152,2.6860098838806152,2.518134117126465,2.518134117126465,32851,0.0,0.0,0.0
2008-09-04 00:00:00+08:00,2.518134117126465,2.518134117126465,2.3502590656280518,2.518134117126465,81518,0.0,0.0,0.0
2008-09-05 00:00:00+08:00,2.3502590656280518,2.3502590656280518,2.1823830604553223,2.1823830604553223,28771,0.0,0.0,0.0
2008-09-08 00:00:00+08:00,2.3502590656280518,2.518134117126465,2.3502590656280518,2.518134117126465,55815,0.0,0.0,0.0
2008-09-09 00:00:00+08:00,2.3502590656280518,2.518134117126465,2.3502590656280518,2.3502590656280518,46254,0.0,0.0,0.0
2008-09-10 00:00:00+08:00,2.3502590656280518,2.518134117126465,2.3502590656280518,2.3502590656280518,7654,0.0,0.0,0.0
2008-09-11 00:00:00+08:00,2.3502590656280518,2.3502590656280518,2.1823830604553223,2.1823830604553223,30230,0.0,0.0,0.0
2008-09-12 00:00:00+08:00,2.1823830604553223,2.1823830604553223,2.1823830604553223,2.1823830604553223,5658,0.0,0.0,0.0
2008-09-15 00:00:00+08:00,2.1823830604553223,2.1823830604553223,1.8466320037841797,2.0145070552825928,78242,0.0,0.0,0.0
2008-09-16 00:00:00+08:00,1.8466320037841797,2.0145070552825928,1.6787559986114502,1.8466320037841797,58525,0.0,0.0,0.0
2008-09-17 00:00:00+08:00,1.8466320037841797,1.8466320037841797,1.5108799934387207,1.5108799934387207,106864,0.0,0.0,0.0
2008-09-18 00:00:00+08:00,1.5108799934387207,1.6787559986114502,1.3430049419403076,1.6787559986114502,97691,0.0,0.0,0.0
2008-09-19 00:00:00+08:00,1.6787559986114502,1.8466320037841797,1.5108799934387207,1.8466320037841797,170215,0.0,0.0,0.0
2008-09-22 00:00:00+08:00,1.8466320037841797,1.8466320037841797,1.6787559986114502,1.8466320037841797,78450,0.0,0.0,0.0
2008-09-23 00:00:00+08:00,1.6787559986114502,1.6787559986114502,1.6787559986114502,1.6787559986114502,48518,0.0,0.0,0.0
2008-09-24 00:00:00+08:00,1.6787559986114502,1.6787559986114502,1.6787559986114502,1.6787559986114502,38719,0.0,0.0,0.0
2008-09-25 00:00:00+08:00,1.6787559986114502,1.6787559986114502,1.5108799934387207,1.6787559986114502,5658,0.0,0.0,0.0
2008-09-26 00:00:00+08:00,1.6787559986114502,1.6787559986114502,1.6787559986114502,1.6787559986114502,23529,0.0,0.0,0.0
2008-09-29 00:00:00+08:00,1.6787559986114502,1.6787559986114502,1.6787559986114502,1.6787559986114502,27371,0.0,0.0,0.0
2008-09-30 00:00:00+08:00,1.5108799934387207,1.5108799934387207,1.5108799934387207,1.5108799934387207,32851,0.0,0.0,0.0
2008-10-02 00:00:00+08:00,1.6787559986114502,1.6787559986114502,1.5108799934387207,1.5108799934387207,8220,0.0,0.0,0.0
2008-10-03 00:00:00+08:00,1.6787559986114502,1.6787559986114502,1.5108799934387207,1.5108799934387207,1489,0.0,0.0,0.0
2008-10-06 00:00:00+08:00,1.5108799934387207,1.5108799934387207,1.3430049419403076,1.5108799934387207,67847,0.0,0.0,0.0
2008-10-07 00:00:00+08:00,1.3430049419403076,1.5108799934387207,1.3430049419403076,1.5108799934387207,10126,0.0,0.0,0.0
2008-10-08 00:00:00+08:00,1.5108799934387207,1.5108799934387207,1.3430049419403076,1.3430049419403076,74102,0.0,0.0,0.0
2008-10-09 00:00:00+08:00,1.3430049419403076,1.3430049419403076,1.3430049419403076,1.3430049419403076,38868,0.0,0.0,0.0
2008-10-10 00:00:00+08:00,1.3430049419403076,1.3430049419403076,1.1751290559768677,1.3430049419403076,47386,0.0,0.0,0.0
2008-10-13 00:00:00+08:00,1.1751290559768677,1.1751290559768677,1.1751290559768677,1.1751290559768677,8845,0.0,0.0,0.0
2008-10-14 00:00:00+08:00,1.3430049419403076,1.3430049419403076,1.1751290559768677,1.3430049419403076,51764,0.0,0.0,0.0
2008-10-15 00:00:00+08:00,1.1751290559768677,1.1751290559768677,1.1751290559768677,1.1751290559768677,2561,0.0,0.0,0.0
2008-10-16 00:00:00+08:00,1.1751290559768677,1.1751290559768677,1.1751290559768677,1.1751290559768677,18466,0.0,0.0,0.0
2008-10-17 00:00:00+08:00,1.0072530508041382,1.1751290559768677,0.8393779993057251,1.1751290559768677,116008,0.0,0.0,0.0
2008-10-20 00:00:00+08:00,1.0072530508041382,1.0072530508041382,1.0072530508041382,1.0072530508041382,74430,0.0,0.0,0.0
2008-10-21 00:00:00+08:00,1.0072530508041382,1.0072530508041382,1.0072530508041382,1.0072530508041382,17125,0.0,0.0,0.0
2008-10-22 00:00:00+08:00,1.0072530508041382,1.0072530508041382,1.0072530508041382,1.0072530508041382,7594,0.0,0.0,0.0
2008-10-23 00:00:00+08:00,1.0072530508041382,1.0072530508041382,0.8393779993057251,0.8393779993057251,3514,0.0,0.0,0.0
2008-10-24 00:00:00+08:00,1.0072530508041382,1.0072530508041382,0.8393779993057251,0.8393779993057251,34013,0.0,0.0,0.0
2008-10-27 00:00:00+08:00,0.8393779993057251,0.8393779993057251,0.8393779993057251,0.8393779993057251,0,0.0,0.0,0.0
2008-10-29 00:00:00+08:00,0.8393779993057251,0.8393779993057251,0.8393779993057251,0.8393779993057251,2680,0.0,0.0,0.0
2008-10-30 00:00:00+08:00,0.8393779993057251,1.0072530508041382,0.8393779993057251,1.0072530508041382,32911,0.0,0.0,0.0
2008-10-31 00:00:00+08:00,0.8393779993057251,1.1751290559768677,0.8393779993057251,1.1751290559768677,40387,0.0,0.0,0.0
2008-11-03 00:00:00+08:00,1.1751290559768677,1.3430049419403076,1.1751290559768677,1.1751290559768677,56291,0.0,0.0,0.0
2008-11-04 00:00:00+08:00,1.1751290559768677,1.6787559986114502,1.1751290559768677,1.6787559986114502,80774,0.0,0.0,0.0
2008-11-05 00:00:00+08:00,1.6787559986114502,1.8466320037841797,1.3430049419403076,1.5108799934387207,109932,0.0,0.0,0.0
2008-11-06 00:00:00+08:00,1.3430049419403076,1.3430049419403076,1.3430049419403076,1.3430049419403076,26031,0.0,0.0,0.0
2008-11-07 00:00:00+08:00,1.3430049419403076,1.5108799934387207,1.3430049419403076,1.5108799934387207,41846,0.0,0.0,0.0
2008-11-10 00:00:00+08:00,1.5108799934387207,1.5108799934387207,1.3430049419403076,1.5108799934387207,21652,0.0,0.0,0.0
2008-11-11 00:00:00+08:00,1.3430049419403076,1.3430049419403076,1.1751290559768677,1.3430049419403076,30081,0.0,0.0,0.0
2008-11-12 00:00:00+08:00,1.3430049419403076,1.3430049419403076,1.1751290559768677,1.1751290559768677,31928,0.0,0.0,0.0
2008-11-13 00:00:00+08:00,1.1751290559768677,1.3430049419403076,1.1751290559768677,1.1751290559768677,29426,0.0,0.0,0.0
2008-11-14 00:00:00+08:00,1.1751290559768677,1.1751290559768677,1.1751290559768677,1.1751290559768677,9828,0.0,0.0,0.0
2008-11-17 00:00:00+08:00,1.1751290559768677,1.1751290559768677,1.0072530508041382,1.0072530508041382,12479,0.0,0.0,0.0
2008-11-18 00:00:00+08:00,1.0072530508041382,1.1751290559768677,1.0072530508041382,1.1751290559768677,9709,0.0,0.0,0.0
2008-11-19 00:00:00+08:00,1.1751290559768677,1.1751290559768677,1.1751290559768677,1.1751290559768677,5361,0.0,0.0,0.0
2008-11-20 00:00:00+08:00,1.0072530508041382,1.1751290559768677,1.0072530508041382,1.1751290559768677,1787,0.0,0.0,0.0
2008-11-21 00:00:00+08:00,1.0072530508041382,1.1751290559768677,1.0072530508041382,1.1751290559768677,3574,0.0,0.0,0.0
2008-11-24 00:00:00+08:00,1.1751290559768677,1.1751290559768677,1.1751290559768677,1.1751290559768677,0,0.0,0.0,0.0
2008-11-25 00:00:00+08:00,1.1751290559768677,1.3430049419403076,1.1751290559768677,1.3430049419403076,16917,0.0,0.0,0.0
2008-11-26 00:00:00+08:00,1.1751290559768677,1.1751290559768677,1.1751290559768677,1.1751290559768677,3306,0.0,0.0,0.0
2008-11-27 00:00:00+08:00,1.1751290559768677,1.1751290559768677,1.1751290559768677,1.1751290559768677,36634,0.0,0.0,0.0
2008-11-28 00:00:00+08:00,1.0072530508041382,1.1751290559768677,1.0072530508041382,1.1751290559768677,4080,0.0,0.0,0.0
2008-12-01 00:00:00+08:00,1.1751290559768677,1.1751290559768677,1.1751290559768677,1.1751290559768677,0,0.0,0.0,0.0
2008-12-02 00:00:00+08:00,1.1751290559768677,1.1751290559768677,1.1751290559768677,1.1751290559768677,0,0.0,0.0,0.0
2008-12-03 00:00:00+08:00,1.1751290559768677,1.1751290559768677,1.1751290559768677,1.1751290559768677,2978,0.0,0.0,0.0
2008-12-04 00:00:00+08:00,1.1751290559768677,1.1751290559768677,1.1751290559768677,1.1751290559768677,8041,0.0,0.0,0.0
2008-12-05 00:00:00+08:00,1.1751290559768677,1.1751290559768677,1.1751290559768677,1.1751290559768677,0,0.0,0.0,0.0
2008-12-09 00:00:00+08:00,1.1751290559768677,1.1751290559768677,1.1751290559768677,1.1751290559768677,5361,0.0,0.0,0.0
2008-12-10 00:00:00+08:00,1.1751290559768677,1.3430049419403076,1.1751290559768677,1.3430049419403076,2889,0.0,0.0,0.0
2008-12-11 00:00:00+08:00,1.3430049419403076,1.5108799934387207,1.3430049419403076,1.5108799934387207,50483,0.0,0.0,0.0
2008-12-12 00:00:00+08:00,1.3430049419403076,1.3430049419403076,1.3430049419403076,1.3430049419403076,27877,0.0,0.0,0.0
2008-12-15 00:00:00+08:00,1.3430049419403076,1.3430049419403076,1.3430049419403076,1.3430049419403076,3574,0.0,0.0,0.0
2008-12-16 00:00:00+08:00,1.3430049419403076,1.5108799934387207,1.3430049419403076,1.5108799934387207,7445,0.0,0.0,0.0
2008-12-17 00:00:00+08:00,1.3430049419403076,1.3430049419403076,1.1751290559768677,1.1751290559768677,11556,0.0,0.0,0.0
2008-12-18 00:00:00+08:00,1.3430049419403076,1.3430049419403076,1.1751290559768677,1.1751290559768677,4467,0.0,0.0,0.0
2008-12-19 00:00:00+08:00,1.3430049419403076,1.3430049419403076,1.3430049419403076,1.3430049419403076,13313,0.0,0.0,0.0
2008-12-22 00:00:00+08:00,1.3430049419403076,1.3430049419403076,1.3430049419403076,1.3430049419403076,7445,0.0,0.0,0.0
2008-12-23 00:00:00+08:00,1.3430049419403076,1.3430049419403076,1.3430049419403076,1.3430049419403076,9828,0.0,0.0,0.0
2008-12-24 00:00:00+08:00,1.3430049419403076,1.3430049419403076,1.3430049419403076,1.3430049419403076,3871,0.0,0.0,0.0
2008-12-26 00:00:00+08:00,1.1751290559768677,1.3430049419403076,1.1751290559768677,1.3430049419403076,13849,0.0,0.0,0.0
2008-12-29 00:00:00+08:00,1.3430049419403076,1.3430049419403076,1.3430049419403076,1.3430049419403076,0,0.0,0.0,0.0
2008-12-30 00:00:00+08:00,1.3430049419403076,1.3430049419403076,1.3430049419403076,1.3430049419403076,0,0.0,0.0,0.0
2008-12-31 00:00:00+08:00,1.3430049419403076,1.3430049419403076,1.3430049419403076,1.3430049419403076,0,0.0,0.0,0.0
2009-01-02 00:00:00+08:00,1.3430049419403076,1.5108799934387207,1.3430049419403076,1.5108799934387207,10424,0.0,0.0,0.0
2009-01-05 00:00:00+08:00,1.5108799934387207,1.5108799934387207,1.3430049419403076,1.3430049419403076,5361,0.0,0.0,0.0
2009-01-06 00:00:00+08:00,1.5108799934387207,1.5108799934387207,1.3430049419403076,1.5108799934387207,3127,0.0,0.0,0.0
2009-01-07 00:00:00+08:00,1.5108799934387207,1.5108799934387207,1.3430049419403076,1.5108799934387207,58853,0.0,0.0,0.0
2009-01-08 00:00:00+08:00,1.5108799934387207,1.5108799934387207,1.5108799934387207,1.5108799934387207,0,0.0,0.0,0.0
2009-01-09 00:00:00+08:00,1.5108799934387207,1.6787559986114502,1.5108799934387207,1.6787559986114502,27937,0.0,0.0,0.0
2009-01-12 00:00:00+08:00,1.5108799934387207,1.5108799934387207,1.5108799934387207,1.5108799934387207,5956,0.0,0.0,0.0
2009-01-13 00:00:00+08:00,1.3430049419403076,1.3430049419403076,1.3430049419403076,1.3430049419403076,14891,0.0,0.0,0.0
2009-01-14 00:00:00+08:00,1.3430049419403076,1.3430049419403076,1.3430049419403076,1.3430049419403076,0,0.0,0.0,0.0
2009-01-15 00:00:00+08:00,1.3430049419403076,1.3430049419403076,1.3430049419403076,1.3430049419403076,33953,0.0,0.0,0.0
2009-01-16 00:00:00+08:00,1.3430049419403076,1.3430049419403076,1.3430049419403076,1.3430049419403076,1340,0.0,0.0,0.0
2009-01-19 00:00:00+08:00,1.3430049419403076,1.3430049419403076,1.1751290559768677,1.1751290559768677,19240,0.0,0.0,0.0
2009-01-20 00:00:00+08:00,1.1751290559768677,1.3430049419403076,1.1751290559768677,1.1751290559768677,8131,0.0,0.0,0.0
2009-01-21 00:00:00+08:00,1.1751290559768677,1.1751290559768677,1.1751290559768677,1.1751290559768677,5956,0.0,0.0,0.0
2009-01-22 00:00:00+08:00,1.1751290559768677,1.1751290559768677,1.1751290559768677,1.1751290559768677,22665,0.0,0.0,0.0
2009-01-23 00:00:00+08:00,1.1751290559768677,1.1751290559768677,1.1751290559768677,1.1751290559768677,297,0.0,0.0,0.0
2009-01-28 00:00:00+08:00,1.1751290559768677,1.3430049419403076,1.1751290559768677,1.3430049419403076,2144,0.0,0.0,0.0
2009-01-29 00:00:00+08:00,1.1751290559768677,1.3430049419403076,1.1751290559768677,1.1751290559768677,0,0.0,0.0,0.0
2009-01-30 00:00:00+08:00,1.1751290559768677,1.1751290559768677,1.1751290559768677,1.1751290559768677,11824,0.0,0.0,0.0
2009-02-02 00:00:00+08:00,1.0072530508041382,1.0072530508041382,1.0072530508041382,1.0072530508041382,76783,0.0,0.0,0.0
2009-02-03 00:00:00+08:00,1.0072530508041382,1.1751290559768677,1.0072530508041382,1.1751290559768677,9173,0.0,0.0,0.0
2009-02-04 00:00:00+08:00,1.0072530508041382,1.0072530508041382,1.0072530508041382,1.0072530508041382,7445,0.0,0.0,0.0
2009-02-05 00:00:00+08:00,1.0072530508041382,1.0072530508041382,1.0072530508041382,1.0072530508041382,9977,0.0,0.0,0.0
2009-02-06 00:00:00+08:00,1.0072530508041382,1.0072530508041382,1.0072530508041382,1.0072530508041382,7445,0.0,0.0,0.0
2009-02-09 00:00:00+08:00,1.0072530508041382,1.0072530508041382,1.0072530508041382,1.0072530508041382,2978,0.0,0.0,0.0
2009-02-10 00:00:00+08:00,1.0072530508041382,1.0072530508041382,1.0072530508041382,1.0072530508041382,5331,0.0,0.0,0.0
2009-02-11 00:00:00+08:00,0.8393779993057251,1.0072530508041382,0.8393779993057251,0.8393779993057251,177542,0.0,0.0,0.0
2009-02-12 00:00:00+08:00,0.8393779993057251,0.8393779993057251,0.8393779993057251,0.8393779993057251,5956,0.0,0.0,0.0
2009-02-13 00:00:00+08:00,0.8393779993057251,1.0072530508041382,0.8393779993057251,0.8393779993057251,0,0.0,0.0,0.0
2009-02-16 00:00:00+08:00,0.8393779993057251,0.8393779993057251,0.8393779993057251,0.8393779993057251,7594,0.0,0.0,0.0
2009-02-17 00:00:00+08:00,0.8393779993057251,0.8393779993057251,0.8393779993057251,0.8393779993057251,9262,0.0,0.0,0.0
2009-02-18 00:00:00+08:00,0.8393779993057251,1.0072530508041382,0.8393779993057251,0.8393779993057251,3574,0.0,0.0,0.0
2009-02-19 00:00:00+08:00,1.0072530508041382,1.0072530508041382,1.0072530508041382,1.0072530508041382,5271,0.0,0.0,0.0
2009-02-20 00:00:00+08:00,0.8393779993057251,0.8393779993057251,0.8393779993057251,0.8393779993057251,1787,0.0,0.0,0.0
2009-02-23 00:00:00+08:00,0.8393779993057251,0.8393779993057251,0.8393779993057251,0.8393779993057251,10662,0.0,0.0,0.0
2009-02-24 00:00:00+08:00,0.8393779993057251,0.8393779993057251,0.8393779993057251,0.8393779993057251,12270,0.0,0.0,0.0
2009-02-25 00:00:00+08:00,0.8393779993057251,0.8393779993057251,0.8393779993057251,0.8393779993057251,238,0.0,0.0,0.0
2009-02-26 00:00:00+08:00,0.8393779993057251,1.0072530508041382,0.8393779993057251,0.8393779993057251,0,0.0,0.0,0.0
2009-02-27 00:00:00+08:00,0.8393779993057251,0.8393779993057251,0.8393779993057251,0.8393779993057251,5956,0.0,0.0,0.0
2009-03-02 00:00:00+08:00,0.8393779993057251,0.8393779993057251,0.8393779993057251,0.8393779993057251,11615,0.0,0.0,0.0
2009-03-03 00:00:00+08:00,0.8393779993057251,0.8393779993057251,0.8393779993057251,0.8393779993057251,3931,0.0,0.0,0.0
2009-03-04 00:00:00+08:00,0.8393779993057251,0.8393779993057251,0.8393779993057251,0.8393779993057251,1191,0.0,0.0,0.0
2009-03-05 00:00:00+08:00,0.8393779993057251,0.8393779993057251,0.8393779993057251,0.8393779993057251,1191,0.0,0.0,0.0
2009-03-06 00:00:00+08:00,0.8393779993057251,0.8393779993057251,0.8393779993057251,0.8393779993057251,5956,0.0,0.0,0.0
2009-03-09 00:00:00+08:00,0.8393779993057251,0.8393779993057251,0.8393779993057251,0.8393779993057251,0,0.0,0.0,0.0
2009-03-10 00:00:00+08:00,0.8393779993057251,0.8393779993057251,0.8393779993057251,0.8393779993057251,0,0.0,0.0,0.0
2009-03-11 00:00:00+08:00,0.8393779993057251,0.8393779993057251,0.8393779993057251,0.8393779993057251,446,0.0,0.0,0.0
2009-03-12 00:00:00+08:00,0.8393779993057251,0.8393779993057251,0.8393779993057251,0.8393779993057251,4616,0.0,0.0,0.0
2009-03-13 00:00:00+08:00,0.8393779993057251,0.8393779993057251,0.8393779993057251,0.8393779993057251,4169,0.0,0.0,0.0
2009-03-16 00:00:00+08:00,0.8393779993057251,0.8393779993057251,0.8393779993057251,0.8393779993057251,6999,0.0,0.0,0.0
2009-03-17 00:00:00+08:00,0.8393779993057251,0.8393779993057251,0.8393779993057251,0.8393779993057251,4229,0.0,0.0,0.0
2009-03-18 00:00:00+08:00,0.8393779993057251,0.8393779993057251,0.8393779993057251,0.8393779993057251,0,0.0,0.0,0.0
2009-03-19 00:00:00+08:00,0.8393779993057251,0.8393779993057251,0.8393779993057251,0.8393779993057251,0,0.0,0.0,0.0
2009-03-20 00:00:00+08:00,0.8393779993057251,0.8393779993057251,0.8393779993057251,0.8393779993057251,0,0.0,0.0,0.0
2009-03-23 00:00:00+08:00,1.0072530508041382,1.1751290559768677,1.0072530508041382,1.0072530508041382,48964,0.0,0.0,0.0
2009-03-24 00:00:00+08:00,1.0072530508041382,1.0072530508041382,1.0072530508041382,1.0072530508041382,46879,0.0,0.0,0.0
2009-03-25 00:00:00+08:00,1.0072530508041382,1.0072530508041382,1.0072530508041382,1.0072530508041382,5956,0.0,0.0,0.0
2009-03-26 00:00:00+08:00,1.0072530508041382,1.1751290559768677,1.0072530508041382,1.0072530508041382,7445,0.0,0.0,0.0
2009-03-27 00:00:00+08:00,1.0072530508041382,1.0072530508041382,0.8393779993057251,0.8393779993057251,476,0.0,0.0,0.0
2009-03-30 00:00:00+08:00,1.0072530508041382,1.0072530508041382,1.0072530508041382,1.0072530508041382,2978,0.0,0.0,0.0
2009-03-31 00:00:00+08:00,1.0072530508041382,1.0072530508041382,1.0072530508041382,1.0072530508041382,14891,0.0,0.0,0.0
2009-04-01 00:00:00+08:00,1.0072530508041382,1.0072530508041382,1.0072530508041382,1.0072530508041382,8488,0.0,0.0,0.0
2009-04-02 00:00:00+08:00,1.0072530508041382,1.0072530508041382,1.0072530508041382,1.0072530508041382,1280,0.0,0.0,0.0
2009-04-03 00:00:00+08:00,1.0072530508041382,1.0072530508041382,1.0072530508041382,1.0072530508041382,3276,0.0,0.0,0.0
2009-04-06 00:00:00+08:00,1.1751290559768677,1.3430049419403076,1.1751290559768677,1.1751290559768677,58674,0.0,0.0,0.0
2009-04-07 00:00:00+08:00,1.1751290559768677,1.1751290559768677,1.1751290559768677,1.1751290559768677,33864,0.0,0.0,0.0
2009-04-08 00:00:00+08:00,1.1751290559768677,1.1751290559768677,1.1751290559768677,1.1751290559768677,10156,0.0,0.0,0.0
2009-04-09 00:00:00+08:00,1.1751290559768677,1.1751290559768677,1.1751290559768677,1.1751290559768677,3842,0.0,0.0,0.0
2009-04-13 00:00:00+08:00,1.3430049419403076,1.3430049419403076,1.1751290559768677,1.1751290559768677,9530,0.0,0.0,0.0
2009-04-14 00:00:00+08:00,1.3430049419403076,1.5108799934387207,1.3430049419403076,1.5108799934387207,64780,0.0,0.0,0.0
2009-04-15 00:00:00+08:00,1.5108799934387207,2.0145070552825928,1.5108799934387207,2.0145070552825928,390169,0.0,0.0,0.0
2009-04-16 00:00:00+08:00,1.8466320037841797,1.8466320037841797,1.6787559986114502,1.6787559986114502,310110,0.0,0.0,0.0
2009-04-17 00:00:00+08:00,1.8466320037841797,2.3502590656280518,1.8466320037841797,2.1823830604553223,983257,0.0,0.0,0.0
2009-04-20 00:00:00+08:00,2.1823830604553223,2.1823830604553223,1.8466320037841797,2.0145070552825928,400802,0.0,0.0,0.0
2009-04-21 00:00:00+08:00,1.8466320037841797,1.8466320037841797,1.6787559986114502,1.6787559986114502,171347,0.0,0.0,0.0
2009-04-22 00:00:00+08:00,1.8466320037841797,1.8466320037841797,1.8466320037841797,1.8466320037841797,149574,0.0,0.0,0.0
2009-04-23 00:00:00+08:00,1.8466320037841797,1.8466320037841797,1.6787559986114502,1.6787559986114502,54832,0.0,0.0,0.0
2009-04-24 00:00:00+08:00,1.6787559986114502,2.0145070552825928,1.6787559986114502,1.8466320037841797,578731,0.0,0.0,0.0
2009-04-27 00:00:00+08:00,1.8466320037841797,1.8466320037841797,1.6787559986114502,1.6787559986114502,198212,0.0,0.0,0.0
2009-04-28 00:00:00+08:00,1.5108799934387207,1.6787559986114502,1.5108799934387207,1.5108799934387207,81816,0.0,0.0,0.0
2009-04-29 00:00:00+08:00,1.5108799934387207,1.8466320037841797,1.5108799934387207,1.8466320037841797,97602,0.0,0.0,0.0
2009-04-30 00:00:00+08:00,1.6787559986114502,1.8466320037841797,1.6787559986114502,1.8466320037841797,67460,0.0,0.0,0.0
2009-05-01 00:00:00+08:00,1.8466320037841797,1.8466320037841797,1.8466320037841797,1.8466320037841797,0,0.0,0.0,0.0
2009-05-04 00:00:00+08:00,1.6787559986114502,2.0145070552825928,1.6787559986114502,1.8466320037841797,323751,0.0,0.0,0.0
2009-05-05 00:00:00+08:00,1.8466320037841797,2.0145070552825928,1.8466320037841797,1.8466320037841797,139508,0.0,0.0,0.0
2009-05-06 00:00:00+08:00,1.8466320037841797,2.0145070552825928,1.8466320037841797,2.0145070552825928,298464,0.0,0.0,0.0
2009-05-07 00:00:00+08:00,2.0145070552825928,2.3502590656280518,2.0145070552825928,2.1823830604553223,779356,0.0,0.0,0.0
2009-05-08 00:00:00+08:00,2.1823830604553223,2.518134117126465,2.1823830604553223,2.3502590656280518,746653,0.0,0.0,0.0
2009-05-11 00:00:00+08:00,2.518134117126465,2.518134117126465,2.1823830604553223,2.1823830604553223,404793,0.0,0.0,0.0
2009-05-12 00:00:00+08:00,2.0145070552825928,2.1823830604553223,2.0145070552825928,2.1823830604553223,55279,0.0,0.0,0.0
2009-05-13 00:00:00+08:00,2.1823830604553223,2.518134117126465,2.1823830604553223,2.3502590656280518,418375,0.0,0.0,0.0
2009-05-14 00:00:00+08:00,2.1823830604553223,2.1823830604553223,2.1823830604553223,2.1823830604553223,219031,0.0,0.0,0.0
2009-05-15 00:00:00+08:00,2.1823830604553223,2.518134117126465,2.1823830604553223,2.1823830604553223,470735,0.0,0.0,0.0
2009-05-18 00:00:00+08:00,2.1823830604553223,2.1823830604553223,2.0145070552825928,2.0145070552825928,100848,0.0,0.0,0.0
2009-05-19 00:00:00+08:00,2.1823830604553223,2.3502590656280518,2.1823830604553223,2.1823830604553223,152076,0.0,0.0,0.0
2009-05-20 00:00:00+08:00,2.0145070552825928,2.1823830604553223,2.0145070552825928,2.1823830604553223,79076,0.0,0.0,0.0
2009-05-21 00:00:00+08:00,2.1823830604553223,2.1823830604553223,2.0145070552825928,2.0145070552825928,93938,0.0,0.0,0.0
2009-05-22 00:00:00+08:00,2.0145070552825928,2.1823830604553223,2.0145070552825928,2.1823830604553223,47356,0.0,0.0,0.0
2009-05-25 00:00:00+08:00,2.1823830604553223,2.6860098838806152,2.0145070552825928,2.6860098838806152,983108,0.0,0.0,0.0
2009-05-26 00:00:00+08:00,2.6860098838806152,2.8538858890533447,2.3502590656280518,2.3502590656280518,413728,0.0,0.0,0.0
2009-05-27 00:00:00+08:00,2.6860098838806152,2.6860098838806152,2.3502590656280518,2.3502590656280518,79314,0.0,0.0,0.0
2009-05-28 00:00:00+08:00,2.3502590656280518,2.518134117126465,2.1823830604553223,2.3502590656280518,249500,0.0,0.0,0.0
2009-05-29 00:00:00+08:00,2.3502590656280518,2.518134117126465,2.3502590656280518,2.518134117126465,124109,0.0,0.0,0.0
2009-06-01 00:00:00+08:00,2.518134117126465,2.518134117126465,2.3502590656280518,2.3502590656280518,70885,0.0,0.0,0.0
2009-06-02 00:00:00+08:00,2.518134117126465,2.518134117126465,2.1823830604553223,2.518134117126465,186268,0.0,0.0,0.0
2009-06-03 00:00:00+08:00,2.3502590656280518,2.6860098838806152,2.3502590656280518,2.518134117126465,371793,0.0,0.0,0.0
2009-06-04 00:00:00+08:00,2.6860098838806152,3.021760940551758,2.6860098838806152,3.021760940551758,881307,0.0,0.0,0.0
2009-06-05 00:00:00+08:00,3.021760940551758,3.1896369457244873,2.8538858890533447,3.1896369457244873,666564,0.0,0.0,0.0
2009-06-08 00:00:00+08:00,3.1896369457244873,3.1896369457244873,2.6860098838806152,2.6860098838806152,223290,0.0,0.0,0.0
2009-06-09 00:00:00+08:00,2.8538858890533447,2.8538858890533447,2.6860098838806152,2.6860098838806152,136946,0.0,0.0,0.0
2009-06-10 00:00:00+08:00,2.6860098838806152,2.8538858890533447,2.6860098838806152,2.8538858890533447,104511,0.0,0.0,0.0
2009-06-11 00:00:00+08:00,2.6860098838806152,2.6860098838806152,2.518134117126465,2.518134117126465,82501,0.0,0.0,0.0
2009-06-12 00:00:00+08:00,2.6860098838806152,2.8538858890533447,2.518134117126465,2.518134117126465,201041,0.0,0.0,0.0
2009-06-15 00:00:00+08:00,2.518134117126465,2.518134117126465,2.1823830604553223,2.1823830604553223,111004,0.0,0.0,0.0
2009-06-16 00:00:00+08:00,2.1823830604553223,2.3502590656280518,2.1823830604553223,2.1823830604553223,48845,0.0,0.0,0.0
2009-06-17 00:00:00+08:00,2.1823830604553223,2.3502590656280518,2.1823830604553223,2.3502590656280518,48845,0.0,0.0,0.0
2009-06-18 00:00:00+08:00,2.3502590656280518,2.3502590656280518,2.1823830604553223,2.1823830604553223,38868,0.0,0.0,0.0
2009-06-19 00:00:00+08:00,2.1823830604553223,2.6860098838806152,2.1823830604553223,2.518134117126465,109664,0.0,0.0,0.0
2009-06-22 00:00:00+08:00,2.518134117126465,2.518134117126465,2.3502590656280518,2.3502590656280518,127981,0.0,0.0,0.0
2009-06-23 00:00:00+08:00,2.1823830604553223,2.3502590656280518,2.1823830604553223,2.3502590656280518,15487,0.0,0.0,0.0
2009-06-24 00:00:00+08:00,2.3502590656280518,2.3502590656280518,2.1823830604553223,2.1823830604553223,32613,0.0,0.0,0.0
2009-06-25 00:00:00+08:00,2.3502590656280518,2.518134117126465,2.3502590656280518,2.518134117126465,149009,0.0,0.0,0.0
2009-06-26 00:00:00+08:00,2.518134117126465,2.518134117126465,2.3502590656280518,2.3502590656280518,75502,0.0,0.0,0.0
2009-06-29 00:00:00+08:00,2.3502590656280518,2.3502590656280518,2.3502590656280518,2.3502590656280518,62188,0.0,0.0,0.0
2009-06-30 00:00:00+08:00,2.3502590656280518,2.3502590656280518,2.1823830604553223,2.3502590656280518,27996,0.0,0.0,0.0
2009-07-01 00:00:00+08:00,2.3502590656280518,2.3502590656280518,2.3502590656280518,2.3502590656280518,2978,0.0,0.0,0.0
2009-07-02 00:00:00+08:00,2.3502590656280518,2.3502590656280518,2.3502590656280518,2.3502590656280518,7445,0.0,0.0,0.0
2009-07-03 00:00:00+08:00,2.1823830604553223,2.3502590656280518,2.1823830604553223,2.1823830604553223,10722,0.0,0.0,0.0
2009-07-06 00:00:00+08:00,2.1823830604553223,2.1823830604553223,2.1823830604553223,2.1823830604553223,5539,0.0,0.0,0.0
2009-07-07 00:00:00+08:00,2.3502590656280518,2.3502590656280518,2.1823830604553223,2.3502590656280518,19657,0.0,0.0,0.0
2009-07-08 00:00:00+08:00,2.1823830604553223,2.1823830604553223,2.0145070552825928,2.1823830604553223,20580,0.0,0.0,0.0
2009-07-09 00:00:00+08:00,2.1823830604553223,2.1823830604553223,2.0145070552825928,2.1823830604553223,16172,0.0,0.0,0.0
2009-07-10 00:00:00+08:00,2.1823830604553223,2.1823830604553223,2.1823830604553223,2.1823830604553223,10424,0.0,0.0,0.0
2009-07-13 00:00:00+08:00,2.0145070552825928,2.0145070552825928,1.8466320037841797,2.0145070552825928,59508,0.0,0.0,0.0
2009-07-14 00:00:00+08:00,2.1823830604553223,2.1823830604553223,2.0145070552825928,2.1823830604553223,25465,0.0,0.0,0.0
2009-07-15 00:00:00+08:00,2.1823830604553223,2.3502590656280518,2.1823830604553223,2.3502590656280518,46850,0.0,0.0,0.0
2009-07-16 00:00:00+08:00,2.3502590656280518,2.518134117126465,2.3502590656280518,2.3502590656280518,54891,0.0,0.0,0.0
2009-07-17 00:00:00+08:00,2.3502590656280518,2.3502590656280518,2.3502590656280518,2.3502590656280518,26477,0.0,0.0,0.0
2009-07-20 00:00:00+08:00,2.3502590656280518,2.6860098838806152,2.3502590656280518,2.518134117126465,160029,0.0,0.0,0.0
2009-07-21 00:00:00+08:00,2.518134117126465,2.6860098838806152,2.3502590656280518,2.518134117126465,72911,0.0,0.0,0.0
2009-07-22 00:00:00+08:00,2.3502590656280518,2.518134117126465,2.3502590656280518,2.3502590656280518,460579,0.0,0.0,0.0
2009-07-23 00:00:00+08:00,2.3502590656280518,2.518134117126465,2.3502590656280518,2.518134117126465,45122,0.0,0.0,0.0
2009-07-24 00:00:00+08:00,2.518134117126465,2.518134117126465,2.3502590656280518,2.518134117126465,86164,0.0,0.0,0.0
2009-07-27 00:00:00+08:00,2.518134117126465,2.518134117126465,2.3502590656280518,2.3502590656280518,453133,0.0,0.0,0.0
2009-07-28 00:00:00+08:00,2.3502590656280518,2.3502590656280518,2.1823830604553223,2.3502590656280518,246819,0.0,0.0,0.0
2009-07-29 00:00:00+08:00,2.518134117126465,2.518134117126465,2.1823830604553223,2.3502590656280518,168160,0.0,0.0,0.0
2009-07-30 00:00:00+08:00,2.3502590656280518,2.3502590656280518,2.3502590656280518,2.3502590656280518,157735,0.0,0.0,0.0
2009-07-31 00:00:00+08:00,2.3502590656280518,2.518134117126465,2.1823830604553223,2.3502590656280518,147609,0.0,0.0,0.0
2009-08-03 00:00:00+08:00,2.3502590656280518,2.3502590656280518,2.1823830604553223,2.1823830604553223,17423,0.0,0.0,0.0
2009-08-04 00:00:00+08:00,2.1823830604553223,2.3502590656280518,2.1823830604553223,2.1823830604553223,60610,0.0,0.0,0.0
2009-08-05 00:00:00+08:00,2.3502590656280518,2.3502590656280518,2.1823830604553223,2.1823830604553223,80833,0.0,0.0,0.0
2009-08-06 00:00:00+08:00,2.3502590656280518,2.3502590656280518,2.1823830604553223,2.1823830604553223,305315,0.0,0.0,0.0
2009-08-07 00:00:00+08:00,2.1823830604553223,2.1823830604553223,2.1823830604553223,2.1823830604553223,65584,0.0,0.0,0.0
2009-08-11 00:00:00+08:00,2.1823830604553223,2.1823830604553223,2.1823830604553223,2.1823830604553223,26388,0.0,0.0,0.0
2009-08-12 00:00:00+08:00,2.1823830604553223,2.1823830604553223,2.1823830604553223,2.1823830604553223,24214,0.0,0.0,0.0
2009-08-13 00:00:00+08:00,2.1823830604553223,2.3502590656280518,2.1823830604553223,2.1823830604553223,35591,0.0,0.0,0.0
2009-08-14 00:00:00+08:00,2.1823830604553223,2.1823830604553223,2.1823830604553223,2.1823830604553223,44884,0.0,0.0,0.0
2009-08-17 00:00:00+08:00,2.1823830604553223,2.1823830604553223,2.0145070552825928,2.0145070552825928,38123,0.0,0.0,0.0
2009-08-18 00:00:00+08:00,2.1823830604553223,2.1823830604553223,2.0145070552825928,2.1823830604553223,31690,0.0,0.0,0.0
2009-08-19 00:00:00+08:00,2.1823830604553223,2.1823830604553223,2.1823830604553223,2.1823830604553223,18406,0.0,0.0,0.0
2009-08-20 00:00:00+08:00,2.1823830604553223,2.1823830604553223,2.1823830604553223,2.1823830604553223,14891,0.0,0.0,0.0
2009-08-21 00:00:00+08:00,2.1823830604553223,2.1823830604553223,2.1823830604553223,2.1823830604553223,20789,0.0,0.0,0.0
2009-08-24 00:00:00+08:00,2.1823830604553223,2.1823830604553223,2.1823830604553223,2.1823830604553223,49828,0.0,0.0,0.0
2009-08-25 00:00:00+08:00,2.1823830604553223,2.518134117126465,2.1823830604553223,2.3502590656280518,161488,0.0,0.0,0.0
2009-08-26 00:00:00+08:00,2.3502590656280518,2.3502590656280518,2.1823830604553223,2.1823830604553223,275650,0.0,0.0,0.0
2009-08-27 00:00:00+08:00,2.1823830604553223,2.1823830604553223,2.1823830604553223,2.1823830604553223,36544,0.0,0.0,0.0
2009-08-28 00:00:00+08:00,2.1823830604553223,2.3502590656280518,2.1823830604553223,2.1823830604553223,37259,0.0,0.0,0.0
2009-08-31 00:00:00+08:00,2.1823830604553223,2.1823830604553223,2.0145070552825928,2.0145070552825928,93581,0.0,0.0,0.0
2009-09-01 00:00:00+08:00,2.1823830604553223,2.1823830604553223,2.1823830604553223,2.1823830604553223,40178,0.0,0.0,0.0
2009-09-02 00:00:00+08:00,2.1823830604553223,2.1823830604553223,2.0145070552825928,2.0145070552825928,30975,0.0,0.0,0.0
2009-09-03 00:00:00+08:00,2.1823830604553223,2.518134117126465,2.1823830604553223,2.518134117126465,534085,0.0,0.0,0.0
2009-09-04 00:00:00+08:00,2.518134117126465,2.6860098838806152,2.518134117126465,2.518134117126465,968186,0.0,0.0,0.0
2009-09-07 00:00:00+08:00,2.518134117126465,2.6860098838806152,2.3502590656280518,2.518134117126465,128994,0.0,0.0,0.0
2009-09-08 00:00:00+08:00,2.518134117126465,2.518134117126465,2.3502590656280518,2.3502590656280518,24095,0.0,0.0,0.0
2009-09-09 00:00:00+08:00,2.518134117126465,2.518134117126465,2.3502590656280518,2.3502590656280518,79314,0.0,0.0,0.0
2009-09-10 00:00:00+08:00,2.3502590656280518,2.3502590656280518,2.1823830604553223,2.1823830604553223,110319,0.0,0.0,0.0
2009-09-11 00:00:00+08:00,2.1823830604553223,2.3502590656280518,2.1823830604553223,2.1823830604553223,88339,0.0,0.0,0.0
2009-09-14 00:00:00+08:00,2.1823830604553223,2.1823830604553223,2.0145070552825928,2.0145070552825928,167802,0.0,0.0,0.0
2009-09-15 00:00:00+08:00,2.1823830604553223,2.1823830604553223,2.1823830604553223,2.1823830604553223,6433,0.0,0.0,0.0
2009-09-16 00:00:00+08:00,2.1823830604553223,2.1823830604553223,2.1823830604553223,2.1823830604553223,26358,0.0,0.0,0.0
2009-09-17 00:00:00+08:00,2.1823830604553223,2.3502590656280518,2.1823830604553223,2.1823830604553223,42620,0.0,0.0,0.0
2009-09-18 00:00:00+08:00,2.1823830604553223,2.1823830604553223,2.1823830604553223,2.1823830604553223,15934,0.0,0.0,0.0
2009-09-21 00:00:00+08:00,2.1823830604553223,2.1823830604553223,2.1823830604553223,2.1823830604553223,0,0.0,0.0,0.0
2009-09-22 00:00:00+08:00,2.1823830604553223,2.3502590656280518,2.1823830604553223,2.1823830604553223,48190,0.0,0.0,0.0
2009-09-23 00:00:00+08:00,2.1823830604553223,2.1823830604553223,2.1823830604553223,2.1823830604553223,18763,0.0,0.0,0.0
2009-09-24 00:00:00+08:00,2.1823830604553223,2.3502590656280518,2.1823830604553223,2.3502590656280518,52300,0.0,0.0,0.0
2009-09-25 00:00:00+08:00,2.3502590656280518,2.3502590656280518,2.3502590656280518,2.3502590656280518,150528,0.0,0.0,0.0
2009-09-28 00:00:00+08:00,2.3502590656280518,2.3502590656280518,2.1823830604553223,2.1823830604553223,55576,0.0,0.0,0.0
2009-09-29 00:00:00+08:00,2.1823830604553223,2.3502590656280518,2.1823830604553223,2.3502590656280518,3306,0.0,0.0,0.0
2009-09-30 00:00:00+08:00,2.1823830604553223,2.1823830604553223,2.1823830604553223,2.1823830604553223,19538,0.0,0.0,0.0
2009-10-01 00:00:00+08:00,2.1823830604553223,2.1823830604553223,2.1823830604553223,2.1823830604553223,16053,0.0,0.0,0.0
2009-10-02 00:00:00+08:00,2.1823830604553223,2.1823830604553223,2.0145070552825928,2.0145070552825928,25614,0.0,0.0,0.0
2009-10-05 00:00:00+08:00,2.0145070552825928,2.0145070552825928,2.0145070552825928,2.0145070552825928,112136,0.0,0.0,0.0
2009-10-06 00:00:00+08:00,2.0145070552825928,2.0145070552825928,2.0145070552825928,2.0145070552825928,33953,0.0,0.0,0.0
2009-10-07 00:00:00+08:00,2.0145070552825928,2.0145070552825928,2.0145070552825928,2.0145070552825928,23827,0.0,0.0,0.0
2009-10-08 00:00:00+08:00,2.0145070552825928,2.0145070552825928,2.0145070552825928,2.0145070552825928,42293,0.0,0.0,0.0
2009-10-09 00:00:00+08:00,2.0145070552825928,2.0145070552825928,2.0145070552825928,2.0145070552825928,14891,0.0,0.0,0.0
2009-10-12 00:00:00+08:00,2.0145070552825928,2.0145070552825928,2.0145070552825928,2.0145070552825928,20521,0.0,0.0,0.0
2009-10-13 00:00:00+08:00,2.0145070552825928,2.1823830604553223,2.0145070552825928,2.0145070552825928,19061,0.0,0.0,0.0
2009-10-14 00:00:00+08:00,2.0145070552825928,2.0145070552825928,2.0145070552825928,2.0145070552825928,18049,0.0,0.0,0.0
2009-10-15 00:00:00+08:00,2.0145070552825928,2.0145070552825928,2.0145070552825928,2.0145070552825928,33060,0.0,0.0,0.0
2009-10-16 00:00:00+08:00,2.0145070552825928,2.0145070552825928,2.0145070552825928,2.0145070552825928,49590,0.0,0.0,0.0
2009-10-19 00:00:00+08:00,2.0145070552825928,2.0145070552825928,2.0145070552825928,2.0145070552825928,23559,0.0,0.0,0.0
2009-10-20 00:00:00+08:00,2.0145070552825928,2.0145070552825928,2.0145070552825928,2.0145070552825928,26209,0.0,0.0,0.0
2009-10-21 00:00:00+08:00,2.0145070552825928,2.0145070552825928,2.0145070552825928,2.0145070552825928,22040,0.0,0.0,0.0
2009-10-22 00:00:00+08:00,2.0145070552825928,2.0145070552825928,2.0145070552825928,2.0145070552825928,5658,0.0,0.0,0.0
2009-10-23 00:00:00+08:00,2.0145070552825928,2.0145070552825928,2.0145070552825928,2.0145070552825928,18763,0.0,0.0,0.0
2009-10-26 00:00:00+08:00,2.0145070552825928,2.0145070552825928,1.8466320037841797,1.8466320037841797,8279,0.0,0.0,0.0
2009-10-27 00:00:00+08:00,1.8466320037841797,1.8466320037841797,1.8466320037841797,1.8466320037841797,6582,0.0,0.0,0.0
2009-10-28 00:00:00+08:00,2.0145070552825928,2.0145070552825928,1.8466320037841797,1.8466320037841797,1667,0.0,0.0,0.0
2009-10-29 00:00:00+08:00,1.8466320037841797,1.8466320037841797,1.8466320037841797,1.8466320037841797,6880,0.0,0.0,0.0
2009-10-30 00:00:00+08:00,2.0145070552825928,2.0145070552825928,2.0145070552825928,2.0145070552825928,5956,0.0,0.0,0.0
2009-11-02 00:00:00+08:00,1.8466320037841797,1.8466320037841797,1.8466320037841797,1.8466320037841797,12211,0.0,0.0,0.0
2009-11-03 00:00:00+08:00,1.8466320037841797,1.8466320037841797,1.8466320037841797,1.8466320037841797,23976,0.0,0.0,0.0
2009-11-04 00:00:00+08:00,1.8466320037841797,1.8466320037841797,1.8466320037841797,1.8466320037841797,5956,0.0,0.0,0.0
2009-11-05 00:00:00+08:00,1.8466320037841797,1.8466320037841797,1.8466320037841797,1.8466320037841797,7445,0.0,0.0,0.0
2009-11-06 00:00:00+08:00,1.8466320037841797,1.8466320037841797,1.8466320037841797,1.8466320037841797,8041,0.0,0.0,0.0
2009-11-09 00:00:00+08:00,1.8466320037841797,1.8466320037841797,1.6787559986114502,1.6787559986114502,6850,0.0,0.0,0.0
2009-11-10 00:00:00+08:00,1.8466320037841797,1.8466320037841797,1.8466320037841797,1.8466320037841797,12658,0.0,0.0,0.0
2009-11-11 00:00:00+08:00,1.8466320037841797,1.8466320037841797,1.8466320037841797,1.8466320037841797,9679,0.0,0.0,0.0
2009-11-12 00:00:00+08:00,1.8466320037841797,1.8466320037841797,1.8466320037841797,1.8466320037841797,0,0.0,0.0,0.0
2009-11-13 00:00:00+08:00,1.6787559986114502,1.6787559986114502,1.6787559986114502,1.6787559986114502,4467,0.0,0.0,0.0
2009-11-17 00:00:00+08:00,1.8466320037841797,1.8466320037841797,1.8466320037841797,1.8466320037841797,24214,0.0,0.0,0.0
2009-11-18 00:00:00+08:00,1.8466320037841797,1.8466320037841797,1.8466320037841797,1.8466320037841797,0,0.0,0.0,0.0
2009-11-19 00:00:00+08:00,1.8466320037841797,1.8466320037841797,1.8466320037841797,1.8466320037841797,1787,0.0,0.0,0.0
2009-11-20 00:00:00+08:00,1.8466320037841797,1.8466320037841797,1.8466320037841797,1.8466320037841797,5956,0.0,0.0,0.0
2009-11-23 00:00:00+08:00,1.6787559986114502,1.6787559986114502,1.6787559986114502,1.6787559986114502,1489,0.0,0.0,0.0
2009-11-24 00:00:00+08:00,1.8466320037841797,1.8466320037841797,1.8466320037841797,1.8466320037841797,1489,0.0,0.0,0.0
2009-11-25 00:00:00+08:00,1.6787559986114502,1.8466320037841797,1.6787559986114502,1.6787559986114502,0,0.0,0.0,0.0
2009-11-26 00:00:00+08:00,1.8466320037841797,1.8466320037841797,1.6787559986114502,1.6787559986114502,4616,0.0,0.0,0.0
2009-11-30 00:00:00+08:00,1.6787559986114502,1.6787559986114502,1.6787559986114502,1.6787559986114502,10722,0.0,0.0,0.0
2009-12-01 00:00:00+08:00,1.6787559986114502,1.6787559986114502,1.6787559986114502,1.6787559986114502,6105,0.0,0.0,0.0
2009-12-02 00:00:00+08:00,1.6787559986114502,1.6787559986114502,1.6787559986114502,1.6787559986114502,2382,0.0,0.0,0.0
2009-12-03 00:00:00+08:00,1.6787559986114502,1.8466320037841797,1.6787559986114502,1.8466320037841797,7445,0.0,0.0,0.0
2009-12-04 00:00:00+08:00,1.8466320037841797,2.0145070552825928,1.8466320037841797,2.0145070552825928,36723,0.0,0.0,0.0
2009-12-07 00:00:00+08:00,2.0145070552825928,2.0145070552825928,2.0145070552825928,2.0145070552825928,1191,0.0,0.0,0.0
2009-12-08 00:00:00+08:00,1.8466320037841797,1.8466320037841797,1.8466320037841797,1.8466320037841797,3871,0.0,0.0,0.0
2009-12-09 00:00:00+08:00,1.8466320037841797,1.8466320037841797,1.8466320037841797,1.8466320037841797,13700,0.0,0.0,0.0
2009-12-10 00:00:00+08:00,1.8466320037841797,2.0145070552825928,1.8466320037841797,2.0145070552825928,8190,0.0,0.0,0.0
2009-12-11 00:00:00+08:00,1.8466320037841797,1.8466320037841797,1.8466320037841797,1.8466320037841797,5956,0.0,0.0,0.0
2009-12-14 00:00:00+08:00,1.8466320037841797,1.8466320037841797,1.8466320037841797,1.8466320037841797,22635,0.0,0.0,0.0
2009-12-15 00:00:00+08:00,1.8466320037841797,2.0145070552825928,1.8466320037841797,1.8466320037841797,0,0.0,0.0,0.0
2009-12-16 00:00:00+08:00,1.8466320037841797,2.0145070552825928,1.8466320037841797,1.8466320037841797,0,0.0,0.0,0.0
2009-12-17 00:00:00+08:00,1.8466320037841797,1.8466320037841797,1.8466320037841797,1.8466320037841797,7445,0.0,0.0,0.0
2009-12-18 00:00:00+08:00,1.8466320037841797,2.0145070552825928,1.8466320037841797,2.0145070552825928,30141,0.0,0.0,0.0
2009-12-21 00:00:00+08:00,1.8466320037841797,2.0145070552825928,1.8466320037841797,2.0145070552825928,10752,0.0,0.0,0.0
2009-12-22 00:00:00+08:00,1.8466320037841797,2.0145070552825928,1.8466320037841797,2.0145070552825928,26299,0.0,0.0,0.0
2009-12-23 00:00:00+08:00,1.8466320037841797,1.8466320037841797,1.8466320037841797,1.8466320037841797,2382,0.0,0.0,0.0
2009-12-28 00:00:00+08:00,2.0145070552825928,2.0145070552825928,1.8466320037841797,1.8466320037841797,7356,0.0,0.0,0.0
2009-12-29 00:00:00+08:00,1.8466320037841797,2.0145070552825928,1.8466320037841797,1.8466320037841797,37229,0.0,0.0,0.0
2009-12-30 00:00:00+08:00,2.0145070552825928,2.0145070552825928,2.0145070552825928,2.0145070552825928,48101,0.0,0.0,0.0
2010-01-04 00:00:00+08:00,2.0145070552825928,2.0145070552825928,2.0145070552825928,2.0145070552825928,3871,0.0,0.0,0.0
2010-01-05 00:00:00+08:00,2.0145070552825928,2.0145070552825928,2.0145070552825928,2.0145070552825928,24780,0.0,0.0,0.0
2010-01-06 00:00:00+08:00,2.1823830604553223,2.1823830604553223,2.0145070552825928,2.0145070552825928,15636,0.0,0.0,0.0
2010-01-07 00:00:00+08:00,2.0145070552825928,2.0145070552825928,2.0145070552825928,2.0145070552825928,28860,0.0,0.0,0.0
2010-01-08 00:00:00+08:00,2.0145070552825928,2.0145070552825928,2.0145070552825928,2.0145070552825928,50811,0.0,0.0,0.0
2010-01-11 00:00:00+08:00,2.0145070552825928,2.0145070552825928,2.0145070552825928,2.0145070552825928,29456,0.0,0.0,0.0
2010-01-12 00:00:00+08:00,2.0145070552825928,2.1823830604553223,2.0145070552825928,2.0145070552825928,29635,0.0,0.0,0.0
2010-01-13 00:00:00+08:00,2.0145070552825928,2.0145070552825928,2.0145070552825928,2.0145070552825928,5807,0.0,0.0,0.0
2010-01-14 00:00:00+08:00,2.0145070552825928,2.3502590656280518,2.0145070552825928,2.1823830604553223,165509,0.0,0.0,0.0
2010-01-15 00:00:00+08:00,2.1823830604553223,2.1823830604553223,2.0145070552825928,2.0145070552825928,31868,0.0,0.0,0.0
2010-01-18 00:00:00+08:00,2.0145070552825928,2.0145070552825928,2.0145070552825928,2.0145070552825928,35115,0.0,0.0,0.0
2010-01-19 00:00:00+08:00,2.0145070552825928,2.0145070552825928,2.0145070552825928,2.0145070552825928,10215,0.0,0.0,0.0
2010-01-20 00:00:00+08:00,2.0145070552825928,2.0145070552825928,2.0145070552825928,2.0145070552825928,18763,0.0,0.0,0.0
2010-01-21 00:00:00+08:00,1.8466320037841797,2.0145070552825928,1.8466320037841797,1.8466320037841797,0,0.0,0.0,0.0
2010-01-22 00:00:00+08:00,1.8466320037841797,2.0145070552825928,1.8466320037841797,2.0145070552825928,35651,0.0,0.0,0.0
2010-01-25 00:00:00+08:00,1.8466320037841797,2.0145070552825928,1.8466320037841797,2.0145070552825928,5390,0.0,0.0,0.0
2010-01-26 00:00:00+08:00,1.8466320037841797,1.8466320037841797,1.8466320037841797,1.8466320037841797,25643,0.0,0.0,0.0
2010-01-27 00:00:00+08:00,1.8466320037841797,1.8466320037841797,1.6787559986114502,1.6787559986114502,54057,0.0,0.0,0.0
2010-01-28 00:00:00+08:00,1.6787559986114502,1.6787559986114502,1.6787559986114502,1.6787559986114502,33566,0.0,0.0,0.0
2010-01-29 00:00:00+08:00,1.6787559986114502,1.6787559986114502,1.6787559986114502,1.6787559986114502,8339,0.0,0.0,0.0
2010-02-01 00:00:00+08:00,1.6787559986114502,1.8466320037841797,1.6787559986114502,1.6787559986114502,30200,0.0,0.0,0.0
2010-02-02 00:00:00+08:00,1.6787559986114502,1.6787559986114502,1.6787559986114502,1.6787559986114502,0,0.0,0.0,0.0
2010-02-03 00:00:00+08:00,1.6787559986114502,1.6787559986114502,1.5108799934387207,1.6787559986114502,9530,0.0,0.0,0.0
2010-02-04 00:00:00+08:00,1.6787559986114502,1.6787559986114502,1.6787559986114502,1.6787559986114502,18466,0.0,0.0,0.0
2010-02-05 00:00:00+08:00,1.5108799934387207,1.5108799934387207,1.5108799934387207,1.5108799934387207,893,0.0,0.0,0.0
2010-02-08 00:00:00+08:00,1.6787559986114502,1.6787559986114502,1.6787559986114502,1.6787559986114502,5271,0.0,0.0,0.0
2010-02-09 00:00:00+08:00,1.5108799934387207,1.6787559986114502,1.5108799934387207,1.6787559986114502,19210,0.0,0.0,0.0
2010-02-10 00:00:00+08:00,1.6787559986114502,1.8466320037841797,1.6787559986114502,1.8466320037841797,8399,0.0,0.0,0.0
2010-02-11 00:00:00+08:00,1.6787559986114502,1.6787559986114502,1.6787559986114502,1.6787559986114502,7892,0.0,0.0,0.0
2010-02-12 00:00:00+08:00,1.6787559986114502,1.6787559986114502,1.6787559986114502,1.6787559986114502,8339,0.0,0.0,0.0
2010-02-17 00:00:00+08:00,1.6787559986114502,1.6787559986114502,1.6787559986114502,1.6787559986114502,5361,0.0,0.0,0.0
2010-02-18 00:00:00+08:00,1.6787559986114502,1.6787559986114502,1.6787559986114502,1.6787559986114502,2382,0.0,0.0,0.0
2010-02-19 00:00:00+08:00,1.6787559986114502,1.6787559986114502,1.6787559986114502,1.6787559986114502,8637,0.0,0.0,0.0
2010-02-22 00:00:00+08:00,1.6787559986114502,1.6787559986114502,1.6787559986114502,1.6787559986114502,7297,0.0,0.0,0.0
2010-02-23 00:00:00+08:00,1.5108799934387207,1.6787559986114502,1.5108799934387207,1.6787559986114502,16351,0.0,0.0,0.0
2010-02-24 00:00:00+08:00,1.5108799934387207,1.6787559986114502,1.5108799934387207,1.5108799934387207,0,0.0,0.0,0.0
2010-02-25 00:00:00+08:00,1.5108799934387207,1.6787559986114502,1.5108799934387207,1.6787559986114502,2978,0.0,0.0,0.0
2010-02-26 00:00:00+08:00,1.6787559986114502,1.6787559986114502,1.6787559986114502,1.6787559986114502,10811,0.0,0.0,0.0
2010-03-01 00:00:00+08:00,1.6787559986114502,1.6787559986114502,1.6787559986114502,1.6787559986114502,8935,0.0,0.0,0.0
2010-03-02 00:00:00+08:00,1.5108799934387207,1.5108799934387207,1.5108799934387207,1.5108799934387207,5658,0.0,0.0,0.0
2010-03-03 00:00:00+08:00,1.5108799934387207,1.5108799934387207,1.5108799934387207,1.5108799934387207,10245,0.0,0.0,0.0
2010-03-04 00:00:00+08:00,1.5108799934387207,1.5108799934387207,1.5108799934387207,1.5108799934387207,893,0.0,0.0,0.0
2010-03-05 00:00:00+08:00,1.5108799934387207,1.5108799934387207,1.5108799934387207,1.5108799934387207,51436,0.0,0.0,0.0
2010-03-08 00:00:00+08:00,1.5108799934387207,1.5108799934387207,1.5108799934387207,1.5108799934387207,16113,0.0,0.0,0.0
2010-03-09 00:00:00+08:00,1.3430049419403076,1.3430049419403076,1.3430049419403076,1.3430049419403076,4556,0.0,0.0,0.0
2010-03-10 00:00:00+08:00,1.3430049419403076,1.5108799934387207,1.3430049419403076,1.5108799934387207,4467,0.0,0.0,0.0
2010-03-11 00:00:00+08:00,1.5108799934387207,1.5108799934387207,1.5108799934387207,1.5108799934387207,7445,0.0,0.0,0.0
2010-03-12 00:00:00+08:00,1.5108799934387207,1.5108799934387207,1.5108799934387207,1.5108799934387207,16321,0.0,0.0,0.0
2010-03-15 00:00:00+08:00,1.5108799934387207,1.5108799934387207,1.5108799934387207,1.5108799934387207,5956,0.0,0.0,0.0
2010-03-16 00:00:00+08:00,1.3430049419403076,1.5108799934387207,1.3430049419403076,1.5108799934387207,2829,0.0,0.0,0.0
2010-03-17 00:00:00+08:00,1.5108799934387207,1.5108799934387207,1.5108799934387207,1.5108799934387207,2620,0.0,0.0,0.0
2010-03-18 00:00:00+08:00,1.3430049419403076,1.3430049419403076,1.3430049419403076,1.3430049419403076,4378,0.0,0.0,0.0
2010-03-19 00:00:00+08:00,1.3430049419403076,1.3430049419403076,1.3430049419403076,1.3430049419403076,148,0.0,0.0,0.0
2010-03-22 00:00:00+08:00,1.3430049419403076,1.5108799934387207,1.3430049419403076,1.5108799934387207,13402,0.0,0.0,0.0
2010-03-23 00:00:00+08:00,1.5108799934387207,1.5108799934387207,1.3430049419403076,1.5108799934387207,6135,0.0,0.0,0.0
2010-03-24 00:00:00+08:00,1.5108799934387207,1.5108799934387207,1.3430049419403076,1.5108799934387207,8131,0.0,0.0,0.0
2010-03-25 00:00:00+08:00,1.3430049419403076,1.3430049419403076,1.3430049419403076,1.3430049419403076,5361,0.0,0.0,0.0
2010-03-26 00:00:00+08:00,1.5108799934387207,1.5108799934387207,1.3430049419403076,1.5108799934387207,10126,0.0,0.0,0.0
2010-03-29 00:00:00+08:00,1.3430049419403076,1.5108799934387207,1.3430049419403076,1.3430049419403076,5361,0.0,0.0,0.0
2010-03-30 00:00:00+08:00,1.5108799934387207,1.5108799934387207,1.3430049419403076,1.3430049419403076,11973,0.0,0.0,0.0
2010-03-31 00:00:00+08:00,1.5108799934387207,1.5108799934387207,1.3430049419403076,1.3430049419403076,20044,0.0,0.0,0.0
2010-04-01 00:00:00+08:00,1.3430049419403076,1.3430049419403076,1.3430049419403076,1.3430049419403076,2412,0.0,0.0,0.0
2010-04-05 00:00:00+08:00,1.3430049419403076,1.5108799934387207,1.3430049419403076,1.5108799934387207,16500,0.0,0.0,0.0
2010-04-06 00:00:00+08:00,1.5108799934387207,1.5108799934387207,1.5108799934387207,1.5108799934387207,4765,0.0,0.0,0.0
2010-04-07 00:00:00+08:00,1.3430049419403076,2.0145070552825928,1.3430049419403076,1.6787559986114502,281577,0.0,0.0,0.0
2010-04-08 00:00:00+08:00,1.6787559986114502,1.8466320037841797,1.6787559986114502,1.6787559986114502,30528,0.0,0.0,0.0
2010-04-09 00:00:00+08:00,1.6787559986114502,1.6787559986114502,1.6787559986114502,1.6787559986114502,20223,0.0,0.0,0.0
2010-04-12 00:00:00+08:00,1.6787559986114502,1.6787559986114502,1.6787559986114502,1.6787559986114502,25673,0.0,0.0,0.0
2010-04-13 00:00:00+08:00,1.6787559986114502,1.6787559986114502,1.6787559986114502,1.6787559986114502,3276,0.0,0.0,0.0
2010-04-14 00:00:00+08:00,1.6787559986114502,1.6787559986114502,1.6787559986114502,1.6787559986114502,26775,0.0,0.0,0.0
2010-04-15 00:00:00+08:00,1.6787559986114502,1.6787559986114502,1.5108799934387207,1.5108799934387207,10186,0.0,0.0,0.0
2010-04-16 00:00:00+08:00,1.5108799934387207,1.5108799934387207,1.5108799934387207,1.5108799934387207,3276,0.0,0.0,0.0
2010-04-19 00:00:00+08:00,1.5108799934387207,1.5108799934387207,1.5108799934387207,1.5108799934387207,3127,0.0,0.0,0.0
2010-04-20 00:00:00+08:00,1.5108799934387207,1.5108799934387207,1.5108799934387207,1.5108799934387207,297,0.0,0.0,0.0
2010-04-21 00:00:00+08:00,1.5108799934387207,1.5108799934387207,1.5108799934387207,1.5108799934387207,3008,0.0,0.0,0.0
2010-04-22 00:00:00+08:00,1.5108799934387207,1.5108799934387207,1.5108799934387207,1.5108799934387207,9203,0.0,0.0,0.0
2010-04-23 00:00:00+08:00,1.5108799934387207,1.5108799934387207,1.5108799934387207,1.5108799934387207,297,0.0,0.0,0.0
2010-04-26 00:00:00+08:00,1.5108799934387207,1.5108799934387207,1.5108799934387207,1.5108799934387207,2084,0.0,0.0,0.0
2010-04-27 00:00:00+08:00,1.5108799934387207,1.5108799934387207,1.5108799934387207,1.5108799934387207,4169,0.0,0.0,0.0
2010-04-28 00:00:00+08:00,1.5108799934387207,1.5108799934387207,1.5108799934387207,1.5108799934387207,32941,0.0,0.0,0.0
2010-04-29 00:00:00+08:00,1.5108799934387207,1.5108799934387207,1.5108799934387207,1.5108799934387207,15249,0.0,0.0,0.0
2010-04-30 00:00:00+08:00,1.5108799934387207,1.5108799934387207,1.5108799934387207,1.5108799934387207,14743,0.0,0.0,0.0
2010-05-03 00:00:00+08:00,1.5108799934387207,1.5108799934387207,1.5108799934387207,1.5108799934387207,2323,0.0,0.0,0.0
2010-05-04 00:00:00+08:00,1.5108799934387207,1.5108799934387207,1.3430049419403076,1.3430049419403076,1787,0.0,0.0,0.0
2010-05-05 00:00:00+08:00,1.3430049419403076,1.3430049419403076,1.3430049419403076,1.3430049419403076,1489,0.0,0.0,0.0
2010-05-06 00:00:00+08:00,1.5108799934387207,1.5108799934387207,1.3430049419403076,1.3430049419403076,48190,0.0,0.0,0.0
2010-05-07 00:00:00+08:00,1.3430049419403076,1.3430049419403076,1.3430049419403076,1.3430049419403076,11764,0.0,0.0,0.0
2010-05-10 00:00:00+08:00,1.1751290559768677,1.5108799934387207,1.1751290559768677,1.1751290559768677,0,0.0,0.0,0.0
2010-05-11 00:00:00+08:00,1.3430049419403076,1.3430049419403076,1.1751290559768677,1.3430049419403076,4080,0.0,0.0,0.0
2010-05-12 00:00:00+08:00,1.1751290559768677,1.3430049419403076,1.1751290559768677,1.1751290559768677,0,0.0,0.0,0.0
2010-05-13 00:00:00+08:00,1.3430049419403076,1.3430049419403076,1.3430049419403076,1.3430049419403076,10424,0.0,0.0,0.0
2010-05-14 00:00:00+08:00,1.3430049419403076,1.5108799934387207,1.3430049419403076,1.3430049419403076,0,0.0,0.0,0.0
2010-05-17 00:00:00+08:00,1.1751290559768677,1.3430049419403076,1.1751290559768677,1.1751290559768677,0,0.0,0.0,0.0
2010-05-18 00:00:00+08:00,1.3430049419403076,1.3430049419403076,1.3430049419403076,1.3430049419403076,5063,0.0,0.0,0.0
2010-05-19 00:00:00+08:00,1.3430049419403076,1.3430049419403076,1.3430049419403076,1.3430049419403076,0,0.0,0.0,0.0
2010-05-20 00:00:00+08:00,1.1751290559768677,1.1751290559768677,1.1751290559768677,1.1751290559768677,416,0.0,0.0,0.0
2010-05-21 00:00:00+08:00,1.3430049419403076,1.3430049419403076,1.3430049419403076,1.3430049419403076,4020,0.0,0.0,0.0
2010-05-24 00:00:00+08:00,1.1751290559768677,1.3430049419403076,1.1751290559768677,1.1751290559768677,0,0.0,0.0,0.0
2010-05-25 00:00:00+08:00,1.1751290559768677,1.3430049419403076,1.1751290559768677,1.3430049419403076,26150,0.0,0.0,0.0
2010-05-26 00:00:00+08:00,1.1751290559768677,1.1751290559768677,1.1751290559768677,1.1751290559768677,36187,0.0,0.0,0.0
2010-05-27 00:00:00+08:00,1.1751290559768677,1.1751290559768677,1.1751290559768677,1.1751290559768677,34400,0.0,0.0,0.0
2010-05-31 00:00:00+08:00,1.0072530508041382,1.1751290559768677,1.0072530508041382,1.1751290559768677,8935,0.0,0.0,0.0
2010-06-01 00:00:00+08:00,1.1751290559768677,1.1751290559768677,1.0072530508041382,1.1751290559768677,2650,0.0,0.0,0.0
2010-06-02 00:00:00+08:00,1.1751290559768677,1.1751290559768677,1.0072530508041382,1.1751290559768677,1548,0.0,0.0,0.0
2010-06-03 00:00:00+08:00,1.1751290559768677,1.1751290559768677,1.1751290559768677,1.1751290559768677,1518,0.0,0.0,0.0
2010-06-04 00:00:00+08:00,1.1751290559768677,1.3430049419403076,1.1751290559768677,1.3430049419403076,2382,0.0,0.0,0.0
2010-06-07 00:00:00+08:00,1.1751290559768677,1.1751290559768677,1.1751290559768677,1.1751290559768677,2978,0.0,0.0,0.0
2010-06-08 00:00:00+08:00,1.1751290559768677,1.1751290559768677,1.1751290559768677,1.1751290559768677,6254,0.0,0.0,0.0
2010-06-09 00:00:00+08:00,1.1751290559768677,1.1751290559768677,1.1751290559768677,1.1751290559768677,2978,0.0,0.0,0.0
2010-06-10 00:00:00+08:00,1.1751290559768677,1.1751290559768677,1.1751290559768677,1.1751290559768677,1191,0.0,0.0,0.0
2010-06-11 00:00:00+08:00,1.1751290559768677,1.1751290559768677,1.1751290559768677,1.1751290559768677,4765,0.0,0.0,0.0
2010-06-14 00:00:00+08:00,1.1751290559768677,1.3430049419403076,1.1751290559768677,1.3430049419403076,5956,0.0,0.0,0.0
2010-06-15 00:00:00+08:00,1.0072530508041382,1.3430049419403076,1.0072530508041382,1.0072530508041382,0,0.0,0.0,0.0
2010-06-16 00:00:00+08:00,1.1751290559768677,1.3430049419403076,1.1751290559768677,1.1751290559768677,0,0.0,0.0,0.0
2010-06-17 00:00:00+08:00,1.1751290559768677,1.3430049419403076,1.1751290559768677,1.1751290559768677,0,0.0,0.0,0.0
2010-06-18 00:00:00+08:00,1.1751290559768677,1.3430049419403076,1.1751290559768677,1.1751290559768677,0,0.0,0.0,0.0
2010-06-21 00:00:00+08:00,1.1751290559768677,1.1751290559768677,1.1751290559768677,1.1751290559768677,1667,0.0,0.0,0.0
2010-06-22 00:00:00+08:00,1.1751290559768677,1.1751290559768677,1.1751290559768677,1.1751290559768677,7326,0.0,0.0,0.0
2010-06-23 00:00:00+08:00,1.1751290559768677,1.1751290559768677,1.1751290559768677,1.1751290559768677,1191,0.0,0.0,0.0
2010-06-24 00:00:00+08:00,1.1751290559768677,1.1751290559768677,1.1751290559768677,1.1751290559768677,893,0.0,0.0,0.0
2010-06-25 00:00:00+08:00,1.1751290559768677,1.3430049419403076,1.1751290559768677,1.1751290559768677,0,0.0,0.0,0.0
2010-06-28 00:00:00+08:00,1.1751290559768677,1.3430049419403076,1.1751290559768677,1.1751290559768677,0,0.0,0.0,0.0
2010-06-29 00:00:00+08:00,1.1751290559768677,1.1751290559768677,1.1751290559768677,1.1751290559768677,3871,0.0,0.0,0.0
2010-06-30 00:00:00+08:00,1.1751290559768677,1.1751290559768677,1.1751290559768677,1.1751290559768677,0,0.0,0.0,0.0
2010-07-01 00:00:00+08:00,1.1751290559768677,1.1751290559768677,1.1751290559768677,1.1751290559768677,3574,0.0,0.0,0.0
2010-07-02 00:00:00+08:00,1.1751290559768677,1.3430049419403076,1.1751290559768677,1.1751290559768677,0,0.0,0.0,0.0
2010-07-05 00:00:00+08:00,1.1751290559768677,1.1751290559768677,1.1751290559768677,1.1751290559768677,2084,0.0,0.0,0.0
2010-07-06 00:00:00+08:00,1.1751290559768677,1.1751290559768677,1.1751290559768677,1.1751290559768677,2680,0.0,0.0,0.0
2010-07-07 00:00:00+08:00,1.1751290559768677,1.1751290559768677,1.1751290559768677,1.1751290559768677,2382,0.0,0.0,0.0
2010-07-08 00:00:00+08:00,1.1751290559768677,1.1751290559768677,1.1751290559768677,1.1751290559768677,12598,0.0,0.0,0.0
2010-07-09 00:00:00+08:00,1.1751290559768677,1.1751290559768677,1.1751290559768677,1.1751290559768677,2829,0.0,0.0,0.0
2010-07-12 00:00:00+08:00,1.0072530508041382,1.1751290559768677,1.0072530508041382,1.0072530508041382,0,0.0,0.0,0.0
2010-07-13 00:00:00+08:00,1.0072530508041382,1.3430049419403076,1.0072530508041382,1.3430049419403076,893,0.0,0.0,0.0
2010-07-14 00:00:00+08:00,1.1751290559768677,1.1751290559768677,1.1751290559768677,1.1751290559768677,1191,0.0,0.0,0.0
2010-07-15 00:00:00+08:00,1.1751290559768677,1.1751290559768677,1.1751290559768677,1.1751290559768677,24124,0.0,0.0,0.0
2010-07-16 00:00:00+08:00,1.1751290559768677,1.3430049419403076,1.1751290559768677,1.1751290559768677,0,0.0,0.0,0.0
2010-07-19 00:00:00+08:00,1.1751290559768677,1.3430049419403076,1.1751290559768677,1.1751290559768677,0,0.0,0.0,0.0
2010-07-20 00:00:00+08:00,1.0072530508041382,1.1751290559768677,1.0072530508041382,1.0072530508041382,6612,0.0,0.0,0.0
2010-07-21 00:00:00+08:00,1.0072530508041382,1.0072530508041382,1.0072530508041382,1.0072530508041382,595,0.0,0.0,0.0
2010-07-22 00:00:00+08:00,1.1751290559768677,1.1751290559768677,1.0072530508041382,1.1751290559768677,15040,0.0,0.0,0.0
2010-07-23 00:00:00+08:00,1.0072530508041382,1.1751290559768677,1.0072530508041382,1.0072530508041382,0,0.0,0.0,0.0
2010-07-26 00:00:00+08:00,1.1751290559768677,1.1751290559768677,1.1751290559768677,1.1751290559768677,19419,0.0,0.0,0.0
2010-07-27 00:00:00+08:00,1.1751290559768677,1.1751290559768677,1.1751290559768677,1.1751290559768677,774,0.0,0.0,0.0
2010-07-28 00:00:00+08:00,1.1751290559768677,1.1751290559768677,1.1751290559768677,1.1751290559768677,6850,0.0,0.0,0.0
2010-07-29 00:00:00+08:00,1.1751290559768677,1.1751290559768677,1.1751290559768677,1.1751290559768677,10424,0.0,0.0,0.0
2010-07-30 00:00:00+08:00,1.1751290559768677,1.1751290559768677,1.0072530508041382,1.1751290559768677,14772,0.0,0.0,0.0
2010-08-02 00:00:00+08:00,1.0072530508041382,1.1751290559768677,1.0072530508041382,1.0072530508041382,0,0.0,0.0,0.0
2010-08-03 00:00:00+08:00,1.0072530508041382,1.1751290559768677,1.0072530508041382,1.1751290559768677,8637,0.0,0.0,0.0
2010-08-04 00:00:00+08:00,1.0072530508041382,1.1751290559768677,1.0072530508041382,1.0072530508041382,0,0.0,0.0,0.0
2010-08-05 00:00:00+08:00,1.1751290559768677,1.3430049419403076,1.1751290559768677,1.3430049419403076,27401,0.0,0.0,0.0
2010-08-06 00:00:00+08:00,1.1751290559768677,1.3430049419403076,1.1751290559768677,1.1751290559768677,0,0.0,0.0,0.0
2010-08-10 00:00:00+08:00,1.1751290559768677,1.1751290559768677,1.1751290559768677,1.1751290559768677,11913,0.0,0.0,0.0
2010-08-11 00:00:00+08:00,1.1751290559768677,1.1751290559768677,1.1751290559768677,1.1751290559768677,9262,0.0,0.0,0.0
2010-08-12 00:00:00+08:00,1.1751290559768677,1.5108799934387207,1.1751290559768677,1.3430049419403076,231451,0.0,0.0,0.0
2010-08-13 00:00:00+08:00,1.3430049419403076,1.3430049419403076,1.3430049419403076,1.3430049419403076,26239,0.0,0.0,0.0
2010-08-16 00:00:00+08:00,1.3430049419403076,1.3430049419403076,1.3430049419403076,1.3430049419403076,11913,0.0,0.0,0.0
2010-08-17 00:00:00+08:00,1.1751290559768677,1.3430049419403076,1.1751290559768677,1.1751290559768677,0,0.0,0.0,0.0
2010-08-18 00:00:00+08:00,1.1751290559768677,1.1751290559768677,1.1751290559768677,1.1751290559768677,4914,0.0,0.0,0.0
2010-08-19 00:00:00+08:00,1.1751290559768677,1.1751290559768677,1.1751290559768677,1.1751290559768677,16947,0.0,0.0,0.0
2010-08-20 00:00:00+08:00,1.1751290559768677,1.1751290559768677,1.1751290559768677,1.1751290559768677,20699,0.0,0.0,0.0
2010-08-23 00:00:00+08:00,1.3430049419403076,1.3430049419403076,1.1751290559768677,1.1751290559768677,12807,0.0,0.0,0.0
2010-08-24 00:00:00+08:00,1.1751290559768677,1.1751290559768677,1.1751290559768677,1.1751290559768677,1459,0.0,0.0,0.0
2010-08-25 00:00:00+08:00,1.0072530508041382,1.0072530508041382,1.0072530508041382,1.0072530508041382,3037,0.0,0.0,0.0
2010-08-26 00:00:00+08:00,1.0072530508041382,1.1751290559768677,1.0072530508041382,1.0072530508041382,0,0.0,0.0,0.0
2010-08-27 00:00:00+08:00,1.1751290559768677,1.1751290559768677,1.1751290559768677,1.1751290559768677,7088,0.0,0.0,0.0
2010-08-30 00:00:00+08:00,1.0072530508041382,1.1751290559768677,1.0072530508041382,1.0072530508041382,0,0.0,0.0,0.0
2010-08-31 00:00:00+08:00,1.1751290559768677,1.1751290559768677,1.1751290559768677,1.1751290559768677,4467,0.0,0.0,0.0
2010-09-01 00:00:00+08:00,1.1751290559768677,1.3430049419403076,1.0072530508041382,1.0072530508041382,13909,0.0,0.0,0.0
2010-09-02 00:00:00+08:00,1.1751290559768677,1.1751290559768677,1.1751290559768677,1.1751290559768677,893,0.0,0.0,0.0
2010-09-03 00:00:00+08:00,1.1751290559768677,1.5108799934387207,1.1751290559768677,1.1751290559768677,81578,0.0,0.0,0.0
2010-09-06 00:00:00+08:00,1.3430049419403076,1.3430049419403076,1.1751290559768677,1.1751290559768677,35562,0.0,0.0,0.0
2010-09-07 00:00:00+08:00,1.1751290559768677,1.3430049419403076,1.1751290559768677,1.1751290559768677,0,0.0,0.0,0.0
2010-09-08 00:00:00+08:00,1.1751290559768677,1.3430049419403076,1.1751290559768677,1.1751290559768677,15845,0.0,0.0,0.0
2010-09-09 00:00:00+08:00,1.1751290559768677,1.1751290559768677,1.1751290559768677,1.1751290559768677,17661,0.0,0.0,0.0
2010-09-13 00:00:00+08:00,1.1751290559768677,1.5108799934387207,1.1751290559768677,1.3430049419403076,108741,0.0,0.0,0.0
2010-09-14 00:00:00+08:00,1.5108799934387207,1.8466320037841797,1.5108799934387207,1.6787559986114502,716959,0.0,0.0,0.0
2010-09-15 00:00:00+08:00,1.6787559986114502,1.6787559986114502,1.5108799934387207,1.6787559986114502,32166,0.0,0.0,0.0
2010-09-16 00:00:00+08:00,1.5108799934387207,1.5108799934387207,1.5108799934387207,1.5108799934387207,13045,0.0,0.0,0.0
2010-09-17 00:00:00+08:00,1.5108799934387207,1.6787559986114502,1.5108799934387207,1.6787559986114502,16679,0.0,0.0,0.0
2010-09-20 00:00:00+08:00,1.5108799934387207,1.6787559986114502,1.5108799934387207,1.5108799934387207,64273,0.0,0.0,0.0
2010-09-21 00:00:00+08:00,1.5108799934387207,1.5108799934387207,1.5108799934387207,1.5108799934387207,57214,0.0,0.0,0.0
2010-09-22 00:00:00+08:00,1.5108799934387207,1.5108799934387207,1.5108799934387207,1.5108799934387207,21742,0.0,0.0,0.0
2010-09-23 00:00:00+08:00,1.3430049419403076,1.5108799934387207,1.3430049419403076,1.5108799934387207,7714,0.0,0.0,0.0
2010-09-24 00:00:00+08:00,1.5108799934387207,1.5108799934387207,1.3430049419403076,1.5108799934387207,16976,0.0,0.0,0.0
2010-09-27 00:00:00+08:00,1.5108799934387207,1.5108799934387207,1.5108799934387207,1.5108799934387207,27103,0.0,0.0,0.0
2010-09-28 00:00:00+08:00,1.5108799934387207,1.5108799934387207,1.3430049419403076,1.3430049419403076,10126,0.0,0.0,0.0
2010-09-29 00:00:00+08:00,1.3430049419403076,1.3430049419403076,1.3430049419403076,1.3430049419403076,15398,0.0,0.0,0.0
2010-09-30 00:00:00+08:00,1.3430049419403076,1.3430049419403076,1.3430049419403076,1.3430049419403076,1787,0.0,0.0,0.0
2010-10-01 00:00:00+08:00,1.3430049419403076,1.3430049419403076,1.3430049419403076,1.3430049419403076,148,0.0,0.0,0.0
2010-10-04 00:00:00+08:00,1.3430049419403076,1.3430049419403076,1.3430049419403076,1.3430049419403076,21414,0.0,0.0,0.0
2010-10-05 00:00:00+08:00,1.3430049419403076,1.5108799934387207,1.3430049419403076,1.3430049419403076,0,0.0,0.0,0.0
2010-10-06 00:00:00+08:00,1.3430049419403076,1.5108799934387207,1.3430049419403076,1.5108799934387207,44586,0.0,0.0,0.0
2010-10-07 00:00:00+08:00,1.5108799934387207,1.5108799934387207,1.5108799934387207,1.5108799934387207,4169,0.0,0.0,0.0
2010-10-08 00:00:00+08:00,1.5108799934387207,1.5108799934387207,1.5108799934387207,1.5108799934387207,2978,0.0,0.0,0.0
2010-10-11 00:00:00+08:00,1.5108799934387207,1.5108799934387207,1.5108799934387207,1.5108799934387207,10603,0.0,0.0,0.0
2010-10-12 00:00:00+08:00,1.3430049419403076,1.3430049419403076,1.3430049419403076,1.3430049419403076,893,0.0,0.0,0.0
2010-10-13 00:00:00+08:00,1.5108799934387207,1.5108799934387207,1.5108799934387207,1.5108799934387207,30171,0.0,0.0,0.0
2010-10-14 00:00:00+08:00,1.5108799934387207,1.5108799934387207,1.5108799934387207,1.5108799934387207,18853,0.0,0.0,0.0
2010-10-15 00:00:00+08:00,1.5108799934387207,1.5108799934387207,1.5108799934387207,1.5108799934387207,7445,0.0,0.0,0.0
2010-10-18 00:00:00+08:00,1.3430049419403076,1.5108799934387207,1.3430049419403076,1.3430049419403076,0,0.0,0.0,0.0
2010-10-19 00:00:00+08:00,1.3430049419403076,1.3430049419403076,1.3430049419403076,1.3430049419403076,3097,0.0,0.0,0.0
2010-10-20 00:00:00+08:00,1.3430049419403076,1.3430049419403076,1.3430049419403076,1.3430049419403076,9947,0.0,0.0,0.0
2010-10-21 00:00:00+08:00,1.3430049419403076,1.3430049419403076,1.3430049419403076,1.3430049419403076,29,0.0,0.0,0.0
2010-10-22 00:00:00+08:00,1.3430049419403076,1.5108799934387207,1.3430049419403076,1.3430049419403076,0,0.0,0.0,0.0
2010-10-25 00:00:00+08:00,1.5108799934387207,1.5108799934387207,1.5108799934387207,1.5108799934387207,3574,0.0,0.0,0.0
2010-10-26 00:00:00+08:00,1.3430049419403076,1.5108799934387207,1.3430049419403076,1.3430049419403076,0,0.0,0.0,0.0
2010-10-27 00:00:00+08:00,1.3430049419403076,1.3430049419403076,1.3430049419403076,1.3430049419403076,3574,0.0,0.0,0.0
2010-10-28 00:00:00+08:00,1.3430049419403076,1.3430049419403076,1.3430049419403076,1.3430049419403076,12658,0.0,0.0,0.0
2010-10-29 00:00:00+08:00,1.3430049419403076,1.3430049419403076,1.3430049419403076,1.3430049419403076,13432,0.0,0.0,0.0
2010-11-01 00:00:00+08:00,1.3430049419403076,1.3430049419403076,1.3430049419403076,1.3430049419403076,14623,0.0,0.0,0.0
2010-11-02 00:00:00+08:00,1.3430049419403076,1.3430049419403076,1.3430049419403076,1.3430049419403076,12062,0.0,0.0,0.0
2010-11-03 00:00:00+08:00,1.3430049419403076,1.3430049419403076,1.3430049419403076,1.3430049419403076,7386,0.0,0.0,0.0
2010-11-04 00:00:00+08:00,1.3430049419403076,1.3430049419403076,1.3430049419403076,1.3430049419403076,24571,0.0,0.0,0.0
2010-11-08 00:00:00+08:00,1.3430049419403076,1.3430049419403076,1.1751290559768677,1.1751290559768677,7594,0.0,0.0,0.0
2010-11-09 00:00:00+08:00,1.3430049419403076,1.3430049419403076,1.3430049419403076,1.3430049419403076,8875,0.0,0.0,0.0
2010-11-10 00:00:00+08:00,1.3430049419403076,1.3430049419403076,1.3430049419403076,1.3430049419403076,8726,0.0,0.0,0.0
2010-11-11 00:00:00+08:00,1.3430049419403076,1.3430049419403076,1.3430049419403076,1.3430049419403076,297,0.0,0.0,0.0
2010-11-12 00:00:00+08:00,1.3430049419403076,1.3430049419403076,1.3430049419403076,1.3430049419403076,0,0.0,0.0,0.0
2010-11-15 00:00:00+08:00,1.3430049419403076,1.3430049419403076,1.1751290559768677,1.3430049419403076,6731,0.0,0.0,0.0
2010-11-16 00:00:00+08:00,1.3430049419403076,1.3430049419403076,1.3430049419403076,1.3430049419403076,8041,0.0,0.0,0.0
2010-11-18 00:00:00+08:00,1.1751290559768677,1.1751290559768677,1.1751290559768677,1.1751290559768677,1191,0.0,0.0,0.0
2010-11-19 00:00:00+08:00,1.1751290559768677,1.1751290559768677,1.1751290559768677,1.1751290559768677,1191,0.0,0.0,0.0
2010-11-22 00:00:00+08:00,1.3430049419403076,1.3430049419403076,1.3430049419403076,1.3430049419403076,8935,0.0,0.0,0.0
2010-11-23 00:00:00+08:00,1.1751290559768677,1.1751290559768677,1.1751290559768677,1.1751290559768677,1489,0.0,0.0,0.0
2010-11-24 00:00:00+08:00,1.1751290559768677,1.3430049419403076,1.1751290559768677,1.1751290559768677,0,0.0,0.0,0.0
2010-11-25 00:00:00+08:00,1.1751290559768677,1.3430049419403076,1.1751290559768677,1.3430049419403076,9560,0.0,0.0,0.0
2010-11-26 00:00:00+08:00,1.1751290559768677,1.3430049419403076,1.1751290559768677,1.3430049419403076,2025,0.0,0.0,0.0
2010-11-29 00:00:00+08:00,1.1751290559768677,1.3430049419403076,1.1751290559768677,1.1751290559768677,0,0.0,0.0,0.0
2010-11-30 00:00:00+08:00,1.1751290559768677,1.1751290559768677,1.1751290559768677,1.1751290559768677,28026,0.0,0.0,0.0
2010-12-01 00:00:00+08:00,1.1751290559768677,1.1751290559768677,1.1751290559768677,1.1751290559768677,297,0.0,0.0,0.0
2010-12-02 00:00:00+08:00,1.1751290559768677,1.3430049419403076,1.1751290559768677,1.3430049419403076,13104,0.0,0.0,0.0
2010-12-03 00:00:00+08:00,1.1751290559768677,1.3430049419403076,1.1751290559768677,1.1751290559768677,8131,0.0,0.0,0.0
2010-12-06 00:00:00+08:00,1.1751290559768677,1.1751290559768677,1.1751290559768677,1.1751290559768677,27103,0.0,0.0,0.0
2010-12-07 00:00:00+08:00,1.1751290559768677,1.1751290559768677,1.1751290559768677,1.1751290559768677,7624,0.0,0.0,0.0
2010-12-08 00:00:00+08:00,1.1751290559768677,1.3430049419403076,1.1751290559768677,1.1751290559768677,0,0.0,0.0,0.0
2010-12-09 00:00:00+08:00,1.1751290559768677,1.1751290559768677,1.1751290559768677,1.1751290559768677,6522,0.0,0.0,0.0
2010-12-10 00:00:00+08:00,1.1751290559768677,1.3430049419403076,1.1751290559768677,1.1751290559768677,0,0.0,0.0,0.0
2010-12-13 00:00:00+08:00,1.1751290559768677,1.1751290559768677,1.1751290559768677,1.1751290559768677,4467,0.0,0.0,0.0
2010-12-14 00:00:00+08:00,1.3430049419403076,1.3430049419403076,1.1751290559768677,1.1751290559768677,15785,0.0,0.0,0.0
2010-12-15 00:00:00+08:00,1.1751290559768677,1.1751290559768677,1.1751290559768677,1.1751290559768677,0,0.0,0.0,0.0
2010-12-16 00:00:00+08:00,1.1751290559768677,1.1751290559768677,1.1751290559768677,1.1751290559768677,0,0.0,0.0,0.0
2010-12-17 00:00:00+08:00,1.1751290559768677,1.1751290559768677,1.1751290559768677,1.1751290559768677,2978,0.0,0.0,0.0
2010-12-20 00:00:00+08:00,1.1751290559768677,1.1751290559768677,1.1751290559768677,1.1751290559768677,33179,0.0,0.0,0.0
2010-12-21 00:00:00+08:00,1.1751290559768677,1.1751290559768677,1.1751290559768677,1.1751290559768677,1191,0.0,0.0,0.0
2010-12-22 00:00:00+08:00,1.1751290559768677,1.1751290559768677,1.1751290559768677,1.1751290559768677,18763,0.0,0.0,0.0
2010-12-23 00:00:00+08:00,1.1751290559768677,1.1751290559768677,1.1751290559768677,1.1751290559768677,6552,0.0,0.0,0.0
2010-12-24 00:00:00+08:00,1.1751290559768677,1.3430049419403076,1.1751290559768677,1.3430049419403076,0,0.0,0.0,0.0
2010-12-27 00:00:00+08:00,1.1751290559768677,1.3430049419403076,1.1751290559768677,1.3430049419403076,3574,0.0,0.0,0.0
2010-12-28 00:00:00+08:00,1.1751290559768677,1.1751290559768677,1.1751290559768677,1.1751290559768677,81310,0.0,0.0,0.0
2010-12-29 00:00:00+08:00,1.1751290559768677,1.1751290559768677,1.0072530508041382,1.1751290559768677,36932,0.0,0.0,0.0
2010-12-30 00:00:00+08:00,1.0072530508041382,1.1751290559768677,1.0072530508041382,1.1751290559768677,20848,0.0,0.0,0.0
2010-12-31 00:00:00+08:00,1.1751290559768677,1.1751290559768677,1.1751290559768677,1.1751290559768677,0,0.0,0.0,0.0
2011-01-03 00:00:00+08:00,1.1751290559768677,1.3430049419403076,1.1751290559768677,1.3430049419403076,37140,0.0,0.0,0.0
2011-01-04 00:00:00+08:00,1.1751290559768677,1.3430049419403076,1.1751290559768677,1.3430049419403076,30141,0.0,0.0,0.0
2011-01-05 00:00:00+08:00,1.1751290559768677,1.3430049419403076,1.1751290559768677,1.3430049419403076,9381,0.0,0.0,0.0
2011-01-06 00:00:00+08:00,1.1751290559768677,1.1751290559768677,1.1751290559768677,1.1751290559768677,8041,0.0,0.0,0.0
2011-01-07 00:00:00+08:00,1.1751290559768677,1.3430049419403076,1.1751290559768677,1.3430049419403076,506,0.0,0.0,0.0
2011-01-10 00:00:00+08:00,1.1751290559768677,1.3430049419403076,1.1751290559768677,1.3430049419403076,12509,0.0,0.0,0.0
2011-01-11 00:00:00+08:00,1.3430049419403076,1.5108799934387207,1.3430049419403076,1.5108799934387207,107996,0.0,0.0,0.0
2011-01-12 00:00:00+08:00,1.5108799934387207,1.6787559986114502,1.3430049419403076,1.3430049419403076,410184,0.0,0.0,0.0
2011-01-13 00:00:00+08:00,1.3430049419403076,1.3430049419403076,1.3430049419403076,1.3430049419403076,70587,0.0,0.0,0.0
2011-01-14 00:00:00+08:00,1.3430049419403076,1.3430049419403076,1.3430049419403076,1.3430049419403076,7445,0.0,0.0,0.0
2011-01-17 00:00:00+08:00,1.3430049419403076,1.3430049419403076,1.3430049419403076,1.3430049419403076,44199,0.0,0.0,0.0
2011-01-18 00:00:00+08:00,1.3430049419403076,1.3430049419403076,1.3430049419403076,1.3430049419403076,4169,0.0,0.0,0.0
2011-01-19 00:00:00+08:00,1.1751290559768677,1.1751290559768677,1.1751290559768677,1.1751290559768677,10841,0.0,0.0,0.0
2011-01-20 00:00:00+08:00,1.3430049419403076,1.3430049419403076,1.1751290559768677,1.3430049419403076,73149,0.0,0.0,0.0
2011-01-21 00:00:00+08:00,1.1751290559768677,1.3430049419403076,1.1751290559768677,1.3430049419403076,3276,0.0,0.0,0.0
2011-01-24 00:00:00+08:00,1.3430049419403076,1.3430049419403076,1.3430049419403076,1.3430049419403076,2978,0.0,0.0,0.0
2011-01-25 00:00:00+08:00,1.1751290559768677,1.3430049419403076,1.1751290559768677,1.3430049419403076,3127,0.0,0.0,0.0
2011-01-26 00:00:00+08:00,1.1751290559768677,1.3430049419403076,1.1751290559768677,1.3430049419403076,416,0.0,0.0,0.0
2011-01-27 00:00:00+08:00,1.1751290559768677,1.1751290559768677,1.1751290559768677,1.1751290559768677,13402,0.0,0.0,0.0
2011-01-28 00:00:00+08:00,1.1751290559768677,1.3430049419403076,1.1751290559768677,1.3430049419403076,30707,0.0,0.0,0.0
2011-01-31 00:00:00+08:00,1.1751290559768677,1.1751290559768677,1.1751290559768677,1.1751290559768677,31422,0.0,0.0,0.0
2011-02-01 00:00:00+08:00,1.1751290559768677,1.3430049419403076,1.1751290559768677,1.3430049419403076,1935,0.0,0.0,0.0
2011-02-02 00:00:00+08:00,1.3430049419403076,1.3430049419403076,1.3430049419403076,1.3430049419403076,0,0.0,0.0,0.0
2011-02-07 00:00:00+08:00,1.1751290559768677,1.3430049419403076,1.1751290559768677,1.3430049419403076,1042,0.0,0.0,0.0
2011-02-08 00:00:00+08:00,1.1751290559768677,1.3430049419403076,1.1751290559768677,1.3430049419403076,22635,0.0,0.0,0.0
2011-02-09 00:00:00+08:00,1.1751290559768677,1.3430049419403076,1.1751290559768677,1.3430049419403076,8190,0.0,0.0,0.0
2011-02-10 00:00:00+08:00,1.1751290559768677,1.3430049419403076,1.1751290559768677,1.3430049419403076,1399,0.0,0.0,0.0
2011-02-11 00:00:00+08:00,1.1751290559768677,1.3430049419403076,1.1751290559768677,1.3430049419403076,20997,0.0,0.0,0.0
2011-02-14 00:00:00+08:00,1.1751290559768677,1.3430049419403076,1.1751290559768677,1.3430049419403076,446,0.0,0.0,0.0
2011-02-15 00:00:00+08:00,1.1751290559768677,1.3430049419403076,1.1751290559768677,1.3430049419403076,19389,0.0,0.0,0.0
2011-02-16 00:00:00+08:00,1.1751290559768677,1.3430049419403076,1.1751290559768677,1.3430049419403076,1935,0.0,0.0,0.0
2011-02-17 00:00:00+08:00,1.1751290559768677,1.3430049419403076,1.1751290559768677,1.3430049419403076,12002,0.0,0.0,0.0
2011-02-18 00:00:00+08:00,1.3430049419403076,1.3430049419403076,1.3430049419403076,1.3430049419403076,982,0.0,0.0,0.0
2011-02-21 00:00:00+08:00,1.1751290559768677,1.3430049419403076,1.1751290559768677,1.3430049419403076,12777,0.0,0.0,0.0
2011-02-22 00:00:00+08:00,1.1751290559768677,1.1751290559768677,1.0072530508041382,1.1751290559768677,8637,0.0,0.0,0.0
2011-02-23 00:00:00+08:00,1.0072530508041382,1.1751290559768677,1.0072530508041382,1.1751290559768677,9858,0.0,0.0,0.0
2011-02-24 00:00:00+08:00,1.0072530508041382,1.1751290559768677,1.0072530508041382,1.1751290559768677,87207,0.0,0.0,0.0
2011-02-25 00:00:00+08:00,1.0072530508041382,1.1751290559768677,1.0072530508041382,1.0072530508041382,32434,0.0,0.0,0.0
2011-02-28 00:00:00+08:00,1.0072530508041382,1.1751290559768677,1.0072530508041382,1.0072530508041382,4080,0.0,0.0,0.0
2011-03-01 00:00:00+08:00,1.1751290559768677,1.1751290559768677,1.0072530508041382,1.0072530508041382,3871,0.0,0.0,0.0
2011-03-02 00:00:00+08:00,1.0072530508041382,1.0072530508041382,1.0072530508041382,1.0072530508041382,20253,0.0,0.0,0.0
2011-03-03 00:00:00+08:00,1.0072530508041382,1.0072530508041382,1.0072530508041382,1.0072530508041382,16530,0.0,0.0,0.0
2011-03-04 00:00:00+08:00,1.1751290559768677,1.1751290559768677,1.0072530508041382,1.0072530508041382,8816,0.0,0.0,0.0
2011-03-07 00:00:00+08:00,1.0072530508041382,1.0072530508041382,1.0072530508041382,1.0072530508041382,148,0.0,0.0,0.0
2011-03-08 00:00:00+08:00,1.0072530508041382,1.1751290559768677,1.0072530508041382,1.1751290559768677,6999,0.0,0.0,0.0
2011-03-09 00:00:00+08:00,1.1751290559768677,1.1751290559768677,1.1751290559768677,1.1751290559768677,0,0.0,0.0,0.0
2011-03-10 00:00:00+08:00,1.0072530508041382,1.1751290559768677,1.0072530508041382,1.1751290559768677,1072,0.0,0.0,0.0
2011-03-11 00:00:00+08:00,0.8393779993057251,1.1751290559768677,0.8393779993057251,1.0072530508041382,35145,0.0,0.0,0.0
2011-03-14 00:00:00+08:00,1.0072530508041382,1.0072530508041382,1.0072530508041382,1.0072530508041382,9590,0.0,0.0,0.0
2011-03-15 00:00:00+08:00,0.8393779993057251,0.8393779993057251,0.8393779993057251,0.8393779993057251,21444,0.0,0.0,0.0
2011-03-16 00:00:00+08:00,1.0072530508041382,1.0072530508041382,1.0072530508041382,1.0072530508041382,45122,0.0,0.0,0.0
2011-03-17 00:00:00+08:00,0.8393779993057251,0.8393779993057251,0.8393779993057251,0.8393779993057251,16381,0.0,0.0,0.0
2011-03-18 00:00:00+08:00,0.8393779993057251,1.0072530508041382,0.8393779993057251,1.0072530508041382,3514,0.0,0.0,0.0
2011-03-21 00:00:00+08:00,1.0072530508041382,1.0072530508041382,0.8393779993057251,0.8393779993057251,6046,0.0,0.0,0.0
2011-03-22 00:00:00+08:00,0.8393779993057251,0.8393779993057251,0.8393779993057251,0.8393779993057251,0,0.0,0.0,0.0
2011-03-23 00:00:00+08:00,0.8393779993057251,0.8393779993057251,0.8393779993057251,0.8393779993057251,0,0.0,0.0,0.0
2011-03-24 00:00:00+08:00,0.8393779993057251,0.8393779993057251,0.8393779993057251,0.8393779993057251,29,0.0,0.0,0.0
2011-03-25 00:00:00+08:00,0.8393779993057251,0.8393779993057251,0.8393779993057251,0.8393779993057251,893,0.0,0.0,0.0
2011-03-28 00:00:00+08:00,0.8393779993057251,0.8393779993057251,0.8393779993057251,0.8393779993057251,297,0.0,0.0,0.0
2011-03-29 00:00:00+08:00,1.0072530508041382,1.0072530508041382,1.0072530508041382,1.0072530508041382,2680,0.0,0.0,0.0
2011-03-30 00:00:00+08:00,1.0072530508041382,1.0072530508041382,1.0072530508041382,1.0072530508041382,0,0.0,0.0,0.0
2011-03-31 00:00:00+08:00,0.8393779993057251,0.8393779993057251,0.8393779993057251,0.8393779993057251,3722,0.0,0.0,0.0
2011-04-01 00:00:00+08:00,0.8393779993057251,0.8393779993057251,0.8393779993057251,0.8393779993057251,536,0.0,0.0,0.0
2011-04-04 00:00:00+08:00,0.8393779993057251,0.8393779993057251,0.8393779993057251,0.8393779993057251,268,0.0,0.0,0.0
2011-04-05 00:00:00+08:00,1.0072530508041382,1.0072530508041382,1.0072530508041382,1.0072530508041382,34936,0.0,0.0,0.0
2011-04-06 00:00:00+08:00,1.0072530508041382,1.0072530508041382,1.0072530508041382,1.0072530508041382,31809,0.0,0.0,0.0
2011-04-07 00:00:00+08:00,1.0072530508041382,1.0072530508041382,1.0072530508041382,1.0072530508041382,10722,0.0,0.0,0.0
2011-04-08 00:00:00+08:00,1.0072530508041382,1.0072530508041382,1.0072530508041382,1.0072530508041382,14147,0.0,0.0,0.0
2011-04-11 00:00:00+08:00,1.0072530508041382,1.0072530508041382,1.0072530508041382,1.0072530508041382,0,0.0,0.0,0.0
2011-04-12 00:00:00+08:00,1.0072530508041382,1.0072530508041382,1.0072530508041382,1.0072530508041382,6403,0.0,0.0,0.0
2011-04-13 00:00:00+08:00,1.0072530508041382,1.0072530508041382,1.0072530508041382,1.0072530508041382,11913,0.0,0.0,0.0
2011-04-14 00:00:00+08:00,0.8393779993057251,1.0072530508041382,0.8393779993057251,1.0072530508041382,2382,0.0,0.0,0.0
2011-04-15 00:00:00+08:00,1.0072530508041382,1.0072530508041382,1.0072530508041382,1.0072530508041382,0,0.0,0.0,0.0
2011-04-18 00:00:00+08:00,0.8393779993057251,0.8393779993057251,0.8393779993057251,0.8393779993057251,5212,0.0,0.0,0.0
2011-04-19 00:00:00+08:00,0.8393779993057251,0.8393779993057251,0.8393779993057251,0.8393779993057251,685,0.0,0.0,0.0
2011-04-20 00:00:00+08:00,0.8393779993057251,1.0072530508041382,0.8393779993057251,1.0072530508041382,16976,0.0,0.0,0.0
2011-04-21 00:00:00+08:00,1.0072530508041382,1.0072530508041382,0.8393779993057251,0.8393779993057251,1042,0.0,0.0,0.0
2011-04-25 00:00:00+08:00,0.8393779993057251,0.8393779993057251,0.8393779993057251,0.8393779993057251,506,0.0,0.0,0.0
2011-04-26 00:00:00+08:00,0.8393779993057251,0.8393779993057251,0.8393779993057251,0.8393779993057251,953,0.0,0.0,0.0
2011-04-27 00:00:00+08:00,0.8393779993057251,0.8393779993057251,0.8393779993057251,0.8393779993057251,0,0.0,0.0,0.0
2011-04-28 00:00:00+08:00,0.8393779993057251,0.8393779993057251,0.8393779993057251,0.8393779993057251,1638,0.0,0.0,0.0
2011-04-29 00:00:00+08:00,1.0072530508041382,1.0072530508041382,1.0072530508041382,1.0072530508041382,44169,0.0,0.0,0.0
2011-05-03 00:00:00+08:00,0.8393779993057251,0.8393779993057251,0.8393779993057251,0.8393779993057251,2501,0.0,0.0,0.0
2011-05-04 00:00:00+08:00,1.0072530508041382,1.0072530508041382,1.0072530508041382,1.0072530508041382,2978,0.0,0.0,0.0
2011-05-05 00:00:00+08:00,1.0072530508041382,1.0072530508041382,1.0072530508041382,1.0072530508041382,0,0.0,0.0,0.0
2011-05-06 00:00:00+08:00,0.8393779993057251,0.8393779993057251,0.8393779993057251,0.8393779993057251,8726,0.0,0.0,0.0
2011-05-09 00:00:00+08:00,0.8393779993057251,0.8393779993057251,0.8393779993057251,0.8393779993057251,1638,0.0,0.0,0.0
2011-05-10 00:00:00+08:00,0.8393779993057251,0.8393779993057251,0.8393779993057251,0.8393779993057251,48994,0.0,0.0,0.0
2011-05-11 00:00:00+08:00,0.8393779993057251,0.8393779993057251,0.8393779993057251,0.8393779993057251,5956,0.0,0.0,0.0
2011-05-12 00:00:00+08:00,0.8393779993057251,0.8393779993057251,0.8393779993057251,0.8393779993057251,744,0.0,0.0,0.0
2011-05-13 00:00:00+08:00,0.8393779993057251,0.8393779993057251,0.8393779993057251,0.8393779993057251,0,0.0,0.0,0.0
2011-05-16 00:00:00+08:00,0.8393779993057251,0.8393779993057251,0.8393779993057251,0.8393779993057251,0,0.0,0.0,0.0
2011-05-18 00:00:00+08:00,0.8393779993057251,0.8393779993057251,0.8393779993057251,0.8393779993057251,14981,0.0,0.0,0.0
2011-05-19 00:00:00+08:00,0.8393779993057251,0.8393779993057251,0.8393779993057251,0.8393779993057251,18317,0.0,0.0,0.0
2011-05-20 00:00:00+08:00,0.8393779993057251,0.8393779993057251,0.8393779993057251,0.8393779993057251,0,0.0,0.0,0.0
2011-05-23 00:00:00+08:00,0.8393779993057251,1.0072530508041382,0.8393779993057251,1.0072530508041382,41399,0.0,0.0,0.0
2011-05-24 00:00:00+08:00,0.8393779993057251,0.8393779993057251,0.8393779993057251,0.8393779993057251,14713,0.0,0.0,0.0
2011-05-25 00:00:00+08:00,0.8393779993057251,0.8393779993057251,0.8393779993057251,0.8393779993057251,7594,0.0,0.0,0.0
2011-05-26 00:00:00+08:00,0.8393779993057251,0.8393779993057251,0.8393779993057251,0.8393779993057251,14445,0.0,0.0,0.0
2011-05-27 00:00:00+08:00,0.8393779993057251,0.8393779993057251,0.8393779993057251,0.8393779993057251,0,0.0,0.0,0.0
2011-05-30 00:00:00+08:00,0.6715019941329956,0.6715019941329956,0.6715019941329956,0.6715019941329956,23499,0.0,0.0,0.0
2011-05-31 00:00:00+08:00,0.6715019941329956,0.6715019941329956,0.6715019941329956,0.6715019941329956,25524,0.0,0.0,0.0
2011-06-01 00:00:00+08:00,0.6715019941329956,0.6715019941329956,0.6715019941329956,0.6715019941329956,0,0.0,0.0,0.0
2011-06-02 00:00:00+08:00,0.6715019941329956,0.6715019941329956,0.5036259889602661,0.6715019941329956,77021,0.0,0.0,0.0
2011-06-03 00:00:00+08:00,0.5036259889602661,0.6715019941329956,0.5036259889602661,0.5036259889602661,112077,0.0,0.0,0.0
2011-06-06 00:00:00+08:00,0.5036259889602661,0.5036259889602661,0.5036259889602661,0.5036259889602661,24869,0.0,0.0,0.0
2011-06-07 00:00:00+08:00,0.5036259889602661,0.5036259889602661,0.5036259889602661,0.5036259889602661,15040,0.0,0.0,0.0
2011-06-08 00:00:00+08:00,0.5036259889602661,0.5036259889602661,0.5036259889602661,0.5036259889602661,25167,0.0,0.0,0.0
2011-06-09 00:00:00+08:00,0.5036259889602661,0.5036259889602661,0.5036259889602661,0.5036259889602661,2084,0.0,0.0,0.0
2011-06-10 00:00:00+08:00,0.5036259889602661,0.5036259889602661,0.5036259889602661,0.5036259889602661,12807,0.0,0.0,0.0
2011-06-13 00:00:00+08:00,0.5036259889602661,0.6715019941329956,0.5036259889602661,0.6715019941329956,15308,0.0,0.0,0.0
2011-06-14 00:00:00+08:00,0.6715019941329956,0.6715019941329956,0.6715019941329956,0.6715019941329956,0,0.0,0.0,0.0
2011-06-15 00:00:00+08:00,0.6715019941329956,0.6715019941329956,0.6715019941329956,0.6715019941329956,0,0.0,0.0,0.0
2011-06-16 00:00:00+08:00,0.5036259889602661,0.5036259889602661,0.5036259889602661,0.5036259889602661,1191,0.0,0.0,0.0
2011-06-17 00:00:00+08:00,0.5036259889602661,0.5036259889602661,0.5036259889602661,0.5036259889602661,0,0.0,0.0,0.0
2011-06-20 00:00:00+08:00,0.5036259889602661,0.5036259889602661,0.5036259889602661,0.5036259889602661,5956,0.0,0.0,0.0
2011-06-21 00:00:00+08:00,0.5036259889602661,0.5036259889602661,0.5036259889602661,0.5036259889602661,11824,0.0,0.0,0.0
2011-06-22 00:00:00+08:00,0.5036259889602661,0.5036259889602661,0.5036259889602661,0.5036259889602661,0,0.0,0.0,0.0
2011-06-23 00:00:00+08:00,0.5036259889602661,0.5036259889602661,0.5036259889602661,0.5036259889602661,148,0.0,0.0,0.0
2011-06-24 00:00:00+08:00,0.5036259889602661,0.5036259889602661,0.5036259889602661,0.5036259889602661,0,0.0,0.0,0.0
2011-06-27 00:00:00+08:00,0.5036259889602661,0.5036259889602661,0.5036259889602661,0.5036259889602661,14266,0.0,0.0,0.0
2011-06-28 00:00:00+08:00,0.5036259889602661,0.5036259889602661,0.5036259889602661,0.5036259889602661,22397,0.0,0.0,0.0
2011-06-29 00:00:00+08:00,0.5036259889602661,0.5036259889602661,0.5036259889602661,0.5036259889602661,21414,0.0,0.0,0.0
2011-06-30 00:00:00+08:00,0.6715019941329956,0.6715019941329956,0.5036259889602661,0.5036259889602661,5093,0.0,0.0,0.0
2011-07-01 00:00:00+08:00,0.5036259889602661,0.5036259889602661,0.5036259889602661,0.5036259889602661,5212,0.0,0.0,0.0
2011-07-04 00:00:00+08:00,0.537202000617981,0.537202000617981,0.537202000617981,0.537202000617981,774,0.0,0.0,0.0
2011-07-05 00:00:00+08:00,0.537202000617981,0.537202000617981,0.537202000617981,0.537202000617981,0,0.0,0.0,0.0
2011-07-06 00:00:00+08:00,0.5036259889602661,0.5036259889602661,0.5036259889602661,0.5036259889602661,2978,0.0,0.0,0.0
2011-07-07 00:00:00+08:00,0.5036259889602661,0.5036259889602661,0.5036259889602661,0.5036259889602661,4050,0.0,0.0,0.0
2011-07-08 00:00:00+08:00,0.5036259889602661,0.5036259889602661,0.5036259889602661,0.5036259889602661,2680,0.0,0.0,0.0
2011-07-11 00:00:00+08:00,0.5036259889602661,0.5036259889602661,0.5036259889602661,0.5036259889602661,2859,0.0,0.0,0.0
2011-07-12 00:00:00+08:00,0.5036259889602661,0.5036259889602661,0.5036259889602661,0.5036259889602661,0,0.0,0.0,0.0
2011-07-13 00:00:00+08:00,0.47005099058151245,0.47005099058151245,0.47005099058151245,0.47005099058151245,297,0.0,0.0,0.0
2011-07-14 00:00:00+08:00,0.47005099058151245,0.47005099058151245,0.47005099058151245,0.47005099058151245,625,0.0,0.0,0.0
2011-07-15 00:00:00+08:00,0.47005099058151245,0.47005099058151245,0.47005099058151245,0.47005099058151245,15308,0.0,0.0,0.0
2011-07-18 00:00:00+08:00,0.47005099058151245,0.47005099058151245,0.47005099058151245,0.47005099058151245,0,0.0,0.0,0.0
2011-07-19 00:00:00+08:00,0.4364759922027588,0.47005099058151245,0.4364759922027588,0.4364759922027588,1638,0.0,0.0,0.0
2011-07-20 00:00:00+08:00,0.47005099058151245,0.47005099058151245,0.4364759922027588,0.4364759922027588,6850,0.0,0.0,0.0
2011-07-21 00:00:00+08:00,0.47005099058151245,0.47005099058151245,0.47005099058151245,0.47005099058151245,5956,0.0,0.0,0.0
2011-07-22 00:00:00+08:00,0.4364759922027588,0.4364759922027588,0.4364759922027588,0.4364759922027588,1489,0.0,0.0,0.0
2011-07-25 00:00:00+08:00,0.4364759922027588,0.47005099058151245,0.4364759922027588,0.47005099058151245,774,0.0,0.0,0.0
2011-07-26 00:00:00+08:00,0.4364759922027588,0.4364759922027588,0.4364759922027588,0.4364759922027588,565,0.0,0.0,0.0
2011-07-27 00:00:00+08:00,0.4364759922027588,0.4364759922027588,0.4364759922027588,0.4364759922027588,893,0.0,0.0,0.0
2011-07-28 00:00:00+08:00,0.4364759922027588,0.47005099058151245,0.4364759922027588,0.47005099058151245,4467,0.0,0.0,0.0
2011-07-29 00:00:00+08:00,0.47005099058151245,0.47005099058151245,0.47005099058151245,0.47005099058151245,0,0.0,0.0,0.0
2011-08-01 00:00:00+08:00,0.47005099058151245,0.47005099058151245,0.47005099058151245,0.47005099058151245,0,0.0,0.0,0.0
2011-08-02 00:00:00+08:00,0.4364759922027588,0.4364759922027588,0.4364759922027588,0.4364759922027588,2382,0.0,0.0,0.0
2011-08-03 00:00:00+08:00,0.4364759922027588,0.4364759922027588,0.4364759922027588,0.4364759922027588,1965,0.0,0.0,0.0
2011-08-04 00:00:00+08:00,0.4364759922027588,0.4364759922027588,0.4364759922027588,0.4364759922027588,0,0.0,0.0,0.0
2011-08-05 00:00:00+08:00,0.4364759922027588,0.4364759922027588,0.4364759922027588,0.4364759922027588,4348,0.0,0.0,0.0
2011-08-08 00:00:00+08:00,0.36932599544525146,0.36932599544525146,0.36932599544525146,0.36932599544525146,21444,0.0,0.0,0.0
2011-08-10 00:00:00+08:00,0.3357509970664978,0.4364759922027588,0.3357509970664978,0.4364759922027588,5361,0.0,0.0,0.0
2011-08-11 00:00:00+08:00,0.3357509970664978,0.4029009938240051,0.3357509970664978,0.4029009938240051,3008,0.0,0.0,0.0
2011-08-12 00:00:00+08:00,0.4029009938240051,0.4029009938240051,0.4029009938240051,0.4029009938240051,4169,0.0,0.0,0.0
2011-08-15 00:00:00+08:00,0.4029009938240051,0.4029009938240051,0.4029009938240051,0.4029009938240051,0,0.0,0.0,0.0
2011-08-16 00:00:00+08:00,0.4029009938240051,0.4029009938240051,0.4029009938240051,0.4029009938240051,0,0.0,0.0,0.0
2011-08-17 00:00:00+08:00,0.4029009938240051,0.4029009938240051,0.4029009938240051,0.4029009938240051,0,0.0,0.0,0.0
2011-08-18 00:00:00+08:00,0.4029009938240051,0.4029009938240051,0.4029009938240051,0.4029009938240051,0,0.0,0.0,0.0
2011-08-19 00:00:00+08:00,0.3357509970664978,0.3357509970664978,0.3357509970664978,0.3357509970664978,4765,0.0,0.0,0.0
2011-08-22 00:00:00+08:00,0.3357509970664978,0.3357509970664978,0.3357509970664978,0.3357509970664978,8041,0.0,0.0,0.0
2011-08-23 00:00:00+08:00,0.3357509970664978,0.3357509970664978,0.3357509970664978,0.3357509970664978,0,0.0,0.0,0.0
2011-08-24 00:00:00+08:00,0.3357509970664978,0.4029009938240051,0.3357509970664978,0.4029009938240051,6552,0.0,0.0,0.0
2011-08-25 00:00:00+08:00,0.3357509970664978,0.4029009938240051,0.3357509970664978,0.4029009938240051,16827,0.0,0.0,0.0
2011-08-26 00:00:00+08:00,0.3357509970664978,0.36932599544525146,0.3357509970664978,0.36932599544525146,893,0.0,0.0,0.0
2011-08-29 00:00:00+08:00,0.3357509970664978,0.36932599544525146,0.3357509970664978,0.36932599544525146,2859,0.0,0.0,0.0
2011-08-31 00:00:00+08:00,0.3357509970664978,0.4364759922027588,0.3357509970664978,0.4364759922027588,26358,0.0,0.0,0.0
2011-09-01 00:00:00+08:00,0.4364759922027588,0.47005099058151245,0.4364759922027588,0.47005099058151245,12509,0.0,0.0,0.0
2011-09-02 00:00:00+08:00,0.4029009938240051,0.4029009938240051,0.4029009938240051,0.4029009938240051,32762,0.0,0.0,0.0
2011-09-05 00:00:00+08:00,0.36932599544525146,0.36932599544525146,0.36932599544525146,0.36932599544525146,15815,0.0,0.0,0.0
2011-09-06 00:00:00+08:00,0.36932599544525146,0.36932599544525146,0.36932599544525146,0.36932599544525146,0,0.0,0.0,0.0
2011-09-07 00:00:00+08:00,0.36932599544525146,0.4029009938240051,0.3357509970664978,0.4029009938240051,15040,0.0,0.0,0.0
2011-09-08 00:00:00+08:00,0.36932599544525146,0.36932599544525146,0.3357509970664978,0.36932599544525146,1370,0.0,0.0,0.0
2011-09-09 00:00:00+08:00,0.3357509970664978,0.36932599544525146,0.3357509970664978,0.36932599544525146,3425,0.0,0.0,0.0
2011-09-12 00:00:00+08:00,0.36932599544525146,0.36932599544525146,0.36932599544525146,0.36932599544525146,0,0.0,0.0,0.0
2011-09-13 00:00:00+08:00,0.3357509970664978,0.36932599544525146,0.3357509970664978,0.36932599544525146,1042,0.0,0.0,0.0
2011-09-14 00:00:00+08:00,0.3357509970664978,0.3357509970664978,0.3357509970664978,0.3357509970664978,33655,0.0,0.0,0.0
2011-09-15 00:00:00+08:00,0.36932599544525146,0.36932599544525146,0.36932599544525146,0.36932599544525146,148,0.0,0.0,0.0
2011-09-16 00:00:00+08:00,0.36932599544525146,0.36932599544525146,0.36932599544525146,0.36932599544525146,5956,0.0,0.0,0.0
2011-09-19 00:00:00+08:00,0.36932599544525146,0.36932599544525146,0.36932599544525146,0.36932599544525146,0,0.0,0.0,0.0
2011-09-20 00:00:00+08:00,0.36932599544525146,0.36932599544525146,0.3357509970664978,0.36932599544525146,12926,0.0,0.0,0.0
2011-09-21 00:00:00+08:00,0.36932599544525146,0.36932599544525146,0.36932599544525146,0.36932599544525146,0,0.0,0.0,0.0
2011-09-22 00:00:00+08:00,0.36932599544525146,0.36932599544525146,0.36932599544525146,0.36932599544525146,29783,0.0,0.0,0.0
2011-09-23 00:00:00+08:00,0.36932599544525146,0.36932599544525146,0.36932599544525146,0.36932599544525146,0,0.0,0.0,0.0
2011-09-26 00:00:00+08:00,0.3357509970664978,0.36932599544525146,0.3357509970664978,0.36932599544525146,744,0.0,0.0,0.0
2011-09-27 00:00:00+08:00,0.36932599544525146,0.36932599544525146,0.36932599544525146,0.36932599544525146,43305,0.0,0.0,0.0
2011-09-28 00:00:00+08:00,0.36932599544525146,0.36932599544525146,0.36932599544525146,0.36932599544525146,0,0.0,0.0,0.0
2011-09-29 00:00:00+08:00,0.36932599544525146,0.36932599544525146,0.36932599544525146,0.36932599544525146,0,0.0,0.0,0.0
2011-09-30 00:00:00+08:00,0.36932599544525146,0.36932599544525146,0.36932599544525146,0.36932599544525146,0,0.0,0.0,0.0
2011-10-03 00:00:00+08:00,0.3357509970664978,0.3357509970664978,0.3357509970664978,0.3357509970664978,5956,0.0,0.0,0.0
2011-10-04 00:00:00+08:00,0.30217599868774414,0.3357509970664978,0.30217599868774414,0.30217599868774414,21146,0.0,0.0,0.0
2011-10-05 00:00:00+08:00,0.3357509970664978,0.3357509970664978,0.30217599868774414,0.3357509970664978,23827,0.0,0.0,0.0
2011-10-06 00:00:00+08:00,0.3357509970664978,0.3357509970664978,0.3357509970664978,0.3357509970664978,0,0.0,0.0,0.0
2011-10-07 00:00:00+08:00,0.3357509970664978,0.3357509970664978,0.3357509970664978,0.3357509970664978,17870,0.0,0.0,0.0
2011-10-10 00:00:00+08:00,0.3357509970664978,0.3357509970664978,0.3357509970664978,0.3357509970664978,0,0.0,0.0,0.0
2011-10-11 00:00:00+08:00,0.3357509970664978,0.3357509970664978,0.3357509970664978,0.3357509970664978,0,0.0,0.0,0.0
2011-10-12 00:00:00+08:00,0.3357509970664978,0.3357509970664978,0.3357509970664978,0.3357509970664978,11973,0.0,0.0,0.0
2011-10-13 00:00:00+08:00,0.3357509970664978,0.3357509970664978,0.3357509970664978,0.3357509970664978,0,0.0,0.0,0.0
2011-10-14 00:00:00+08:00,0.36932599544525146,0.36932599544525146,0.36932599544525146,0.36932599544525146,7445,0.0,0.0,0.0
2011-10-17 00:00:00+08:00,0.3357509970664978,0.4029009938240051,0.3357509970664978,0.4029009938240051,24571,0.0,0.0,0.0
2011-10-18 00:00:00+08:00,0.4029009938240051,0.47005099058151245,0.4029009938240051,0.47005099058151245,31213,0.0,0.0,0.0
2011-10-19 00:00:00+08:00,0.4029009938240051,0.4029009938240051,0.4029009938240051,0.4029009938240051,7445,0.0,0.0,0.0
2011-10-20 00:00:00+08:00,0.4364759922027588,0.47005099058151245,0.4364759922027588,0.4364759922027588,72881,0.0,0.0,0.0
2011-10-21 00:00:00+08:00,0.4029009938240051,0.4364759922027588,0.4029009938240051,0.4364759922027588,6135,0.0,0.0,0.0
2011-10-24 00:00:00+08:00,0.4364759922027588,0.4364759922027588,0.4029009938240051,0.4364759922027588,4497,0.0,0.0,0.0
2011-10-25 00:00:00+08:00,0.4364759922027588,0.4364759922027588,0.4364759922027588,0.4364759922027588,45152,0.0,0.0,0.0
2011-10-27 00:00:00+08:00,0.4364759922027588,0.4364759922027588,0.4364759922027588,0.4364759922027588,3306,0.0,0.0,0.0
2011-10-28 00:00:00+08:00,0.4364759922027588,0.4364759922027588,0.4364759922027588,0.4364759922027588,18138,0.0,0.0,0.0
2011-10-31 00:00:00+08:00,0.4364759922027588,0.4364759922027588,0.4364759922027588,0.4364759922027588,0,0.0,0.0,0.0
2011-11-01 00:00:00+08:00,0.4364759922027588,0.4364759922027588,0.4364759922027588,0.4364759922027588,3276,0.0,0.0,0.0
2011-11-02 00:00:00+08:00,0.4364759922027588,0.47005099058151245,0.4364759922027588,0.47005099058151245,15249,0.0,0.0,0.0
2011-11-03 00:00:00+08:00,0.5036259889602661,0.5036259889602661,0.47005099058151245,0.47005099058151245,923,0.0,0.0,0.0
2011-11-04 00:00:00+08:00,0.5036259889602661,0.5036259889602661,0.47005099058151245,0.47005099058151245,11913,0.0,0.0,0.0
2011-11-08 00:00:00+08:00,0.47005099058151245,0.47005099058151245,0.47005099058151245,0.47005099058151245,5956,0.0,0.0,0.0
2011-11-09 00:00:00+08:00,0.4364759922027588,0.4364759922027588,0.4364759922027588,0.4364759922027588,23618,0.0,0.0,0.0
2011-11-10 00:00:00+08:00,0.4364759922027588,0.4364759922027588,0.4029009938240051,0.4364759922027588,12509,0.0,0.0,0.0
2011-11-11 00:00:00+08:00,0.4364759922027588,0.4364759922027588,0.4029009938240051,0.4029009938240051,3871,0.0,0.0,0.0
2011-11-14 00:00:00+08:00,0.36932599544525146,0.36932599544525146,0.36932599544525146,0.36932599544525146,893,0.0,0.0,0.0
2011-11-15 00:00:00+08:00,0.4029009938240051,0.4029009938240051,0.4029009938240051,0.4029009938240051,893,0.0,0.0,0.0
2011-11-16 00:00:00+08:00,0.4029009938240051,0.4029009938240051,0.4029009938240051,0.4029009938240051,7445,0.0,0.0,0.0
2011-11-17 00:00:00+08:00,0.4029009938240051,0.4029009938240051,0.4029009938240051,0.4029009938240051,14891,0.0,0.0,0.0
2011-11-18 00:00:00+08:00,0.4029009938240051,0.4029009938240051,0.4029009938240051,0.4029009938240051,37229,0.0,0.0,0.0
2011-11-21 00:00:00+08:00,0.4029009938240051,0.4029009938240051,0.4029009938240051,0.4029009938240051,0,0.0,0.0,0.0
2011-11-22 00:00:00+08:00,0.4029009938240051,0.4029009938240051,0.4029009938240051,0.4029009938240051,12866,0.0,0.0,0.0
2011-11-23 00:00:00+08:00,0.4029009938240051,0.4029009938240051,0.4029009938240051,0.4029009938240051,20193,0.0,0.0,0.0
2011-11-24 00:00:00+08:00,0.4029009938240051,0.4364759922027588,0.4029009938240051,0.4029009938240051,25048,0.0,0.0,0.0
2011-11-25 00:00:00+08:00,0.4029009938240051,0.4029009938240051,0.4029009938240051,0.4029009938240051,20253,0.0,0.0,0.0
2011-11-28 00:00:00+08:00,0.4029009938240051,0.4029009938240051,0.36932599544525146,0.36932599544525146,9977,0.0,0.0,0.0
2011-11-29 00:00:00+08:00,0.4029009938240051,0.4029009938240051,0.36932599544525146,0.36932599544525146,61265,0.0,0.0,0.0
2011-11-30 00:00:00+08:00,0.36932599544525146,0.4029009938240051,0.36932599544525146,0.4029009938240051,18734,0.0,0.0,0.0
2011-12-01 00:00:00+08:00,0.36932599544525146,0.4029009938240051,0.36932599544525146,0.4029009938240051,327,0.0,0.0,0.0
2011-12-02 00:00:00+08:00,0.4029009938240051,0.4029009938240051,0.4029009938240051,0.4029009938240051,0,0.0,0.0,0.0
2011-12-05 00:00:00+08:00,0.36932599544525146,0.36932599544525146,0.36932599544525146,0.36932599544525146,29,0.0,0.0,0.0
2011-12-06 00:00:00+08:00,0.36932599544525146,0.36932599544525146,0.36932599544525146,0.36932599544525146,0,0.0,0.0,0.0
2011-12-07 00:00:00+08:00,0.36932599544525146,0.36932599544525146,0.36932599544525146,0.36932599544525146,1489,0.0,0.0,0.0
2011-12-08 00:00:00+08:00,0.36932599544525146,0.36932599544525146,0.36932599544525146,0.36932599544525146,0,0.0,0.0,0.0
2011-12-09 00:00:00+08:00,0.36932599544525146,0.36932599544525146,0.36932599544525146,0.36932599544525146,0,0.0,0.0,0.0
2011-12-12 00:00:00+08:00,0.36932599544525146,0.36932599544525146,0.36932599544525146,0.36932599544525146,0,0.0,0.0,0.0
2011-12-13 00:00:00+08:00,0.36932599544525146,0.36932599544525146,0.36932599544525146,0.36932599544525146,0,0.0,0.0,0.0
2011-12-14 00:00:00+08:00,0.36932599544525146,0.36932599544525146,0.36932599544525146,0.36932599544525146,1787,0.0,0.0,0.0
2011-12-15 00:00:00+08:00,0.36932599544525146,0.36932599544525146,0.36932599544525146,0.36932599544525146,0,0.0,0.0,0.0
2011-12-16 00:00:00+08:00,0.36932599544525146,0.36932599544525146,0.36932599544525146,0.36932599544525146,0,0.0,0.0,0.0
2011-12-19 00:00:00+08:00,0.36932599544525146,0.36932599544525146,0.36932599544525146,0.36932599544525146,0,0.0,0.0,0.0
2011-12-20 00:00:00+08:00,0.3357509970664978,0.36932599544525146,0.3357509970664978,0.36932599544525146,15993,0.0,0.0,0.0
2011-12-21 00:00:00+08:00,0.36932599544525146,0.36932599544525146,0.36932599544525146,0.36932599544525146,804,0.0,0.0,0.0
2011-12-22 00:00:00+08:00,0.3357509970664978,0.36932599544525146,0.3357509970664978,0.36932599544525146,2084,0.0,0.0,0.0
2011-12-23 00:00:00+08:00,0.36932599544525146,0.36932599544525146,0.36932599544525146,0.36932599544525146,0,0.0,0.0,0.0
2011-12-27 00:00:00+08:00,0.36932599544525146,0.36932599544525146,0.36932599544525146,0.36932599544525146,0,0.0,0.0,0.0
2011-12-28 00:00:00+08:00,0.36932599544525146,0.36932599544525146,0.36932599544525146,0.36932599544525146,11317,0.0,0.0,0.0
2011-12-29 00:00:00+08:00,0.4029009938240051,0.4029009938240051,0.4029009938240051,0.4029009938240051,29,0.0,0.0,0.0
2011-12-30 00:00:00+08:00,0.36932599544525146,0.36932599544525146,0.36932599544525146,0.36932599544525146,4169,0.0,0.0,0.0
2012-01-03 00:00:00+08:00,0.36932599544525146,0.36932599544525146,0.36932599544525146,0.36932599544525146,0,0.0,0.0,0.0
2012-01-04 00:00:00+08:00,0.36932599544525146,0.36932599544525146,0.36932599544525146,0.36932599544525146,0,0.0,0.0,0.0
2012-01-05 00:00:00+08:00,0.36932599544525146,0.36932599544525146,0.36932599544525146,0.36932599544525146,0,0.0,0.0,0.0
2012-01-06 00:00:00+08:00,0.36932599544525146,0.36932599544525146,0.36932599544525146,0.36932599544525146,595,0.0,0.0,0.0
2012-01-09 00:00:00+08:00,0.36932599544525146,0.36932599544525146,0.36932599544525146,0.36932599544525146,2084,0.0,0.0,0.0
2012-01-10 00:00:00+08:00,0.36932599544525146,0.36932599544525146,0.36932599544525146,0.36932599544525146,17870,0.0,0.0,0.0
2012-01-11 00:00:00+08:00,0.3357509970664978,0.36932599544525146,0.3357509970664978,0.36932599544525146,60223,0.0,0.0,0.0
2012-01-12 00:00:00+08:00,0.3357509970664978,0.4029009938240051,0.3357509970664978,0.4029009938240051,56202,0.0,0.0,0.0
2012-01-13 00:00:00+08:00,0.4029009938240051,0.4029009938240051,0.36932599544525146,0.4029009938240051,1548,0.0,0.0,0.0
2012-01-16 00:00:00+08:00,0.36932599544525146,0.36932599544525146,0.3357509970664978,0.3357509970664978,3037,0.0,0.0,0.0
2012-01-17 00:00:00+08:00,0.3357509970664978,0.3357509970664978,0.3357509970664978,0.3357509970664978,47654,0.0,0.0,0.0
2012-01-18 00:00:00+08:00,0.3357509970664978,0.36932599544525146,0.3357509970664978,0.3357509970664978,3514,0.0,0.0,0.0
2012-01-19 00:00:00+08:00,0.36932599544525146,0.36932599544525146,0.3357509970664978,0.3357509970664978,11943,0.0,0.0,0.0
2012-01-20 00:00:00+08:00,0.36932599544525146,0.36932599544525146,0.3357509970664978,0.3357509970664978,2382,0.0,0.0,0.0
2012-01-25 00:00:00+08:00,0.3357509970664978,0.36932599544525146,0.3357509970664978,0.36932599544525146,14028,0.0,0.0,0.0
2012-01-26 00:00:00+08:00,0.36932599544525146,0.36932599544525146,0.3357509970664978,0.3357509970664978,5241,0.0,0.0,0.0
2012-01-27 00:00:00+08:00,0.3357509970664978,0.3357509970664978,0.3357509970664978,0.3357509970664978,29,0.0,0.0,0.0
2012-01-30 00:00:00+08:00,0.3357509970664978,0.36932599544525146,0.3357509970664978,0.3357509970664978,1280,0.0,0.0,0.0
2012-01-31 00:00:00+08:00,0.36932599544525146,0.47005099058151245,0.3357509970664978,0.4364759922027588,282798,0.0,0.0,0.0
2012-02-01 00:00:00+08:00,0.4364759922027588,0.4364759922027588,0.4364759922027588,0.4364759922027588,147192,0.0,0.0,0.0
2012-02-02 00:00:00+08:00,0.4364759922027588,0.47005099058151245,0.4364759922027588,0.4364759922027588,61771,0.0,0.0,0.0
2012-02-03 00:00:00+08:00,0.4364759922027588,0.47005099058151245,0.4364759922027588,0.47005099058151245,65524,0.0,0.0,0.0
2012-02-06 00:00:00+08:00,0.47005099058151245,0.5036259889602661,0.47005099058151245,0.5036259889602661,195382,0.0,0.0,0.0
2012-02-07 00:00:00+08:00,0.5036259889602661,0.537202000617981,0.47005099058151245,0.47005099058151245,55398,0.0,0.0,0.0
2012-02-08 00:00:00+08:00,0.47005099058151245,0.5036259889602661,0.47005099058151245,0.5036259889602661,30885,0.0,0.0,0.0
2012-02-09 00:00:00+08:00,0.5036259889602661,0.537202000617981,0.47005099058151245,0.5036259889602661,76783,0.0,0.0,0.0
2012-02-10 00:00:00+08:00,0.5036259889602661,0.5036259889602661,0.47005099058151245,0.47005099058151245,35979,0.0,0.0,0.0
2012-02-13 00:00:00+08:00,0.537202000617981,0.537202000617981,0.47005099058151245,0.47005099058151245,982,0.0,0.0,0.0
2012-02-14 00:00:00+08:00,0.47005099058151245,0.537202000617981,0.47005099058151245,0.5036259889602661,50215,0.0,0.0,0.0
2012-02-15 00:00:00+08:00,0.47005099058151245,0.537202000617981,0.47005099058151245,0.5036259889602661,7505,0.0,0.0,0.0
2012-02-16 00:00:00+08:00,0.47005099058151245,0.47005099058151245,0.47005099058151245,0.47005099058151245,2025,0.0,0.0,0.0
2012-02-17 00:00:00+08:00,0.537202000617981,0.537202000617981,0.47005099058151245,0.5036259889602661,9292,0.0,0.0,0.0
2012-02-20 00:00:00+08:00,0.47005099058151245,0.537202000617981,0.47005099058151245,0.47005099058151245,6284,0.0,0.0,0.0
2012-02-21 00:00:00+08:00,0.5036259889602661,0.5036259889602661,0.47005099058151245,0.47005099058151245,55904,0.0,0.0,0.0
2012-02-22 00:00:00+08:00,0.47005099058151245,0.47005099058151245,0.4364759922027588,0.4364759922027588,77438,0.0,0.0,0.0
2012-02-23 00:00:00+08:00,0.4364759922027588,0.47005099058151245,0.4029009938240051,0.4029009938240051,29843,0.0,0.0,0.0
2012-02-24 00:00:00+08:00,0.4029009938240051,0.4364759922027588,0.4029009938240051,0.4364759922027588,5093,0.0,0.0,0.0
2012-02-27 00:00:00+08:00,0.47005099058151245,0.47005099058151245,0.4029009938240051,0.4029009938240051,59,0.0,0.0,0.0
2012-02-28 00:00:00+08:00,0.47005099058151245,0.47005099058151245,0.4029009938240051,0.4029009938240051,59,0.0,0.0,0.0
2012-02-29 00:00:00+08:00,0.4029009938240051,0.47005099058151245,0.4029009938240051,0.47005099058151245,774,0.0,0.0,0.0
2012-03-01 00:00:00+08:00,0.47005099058151245,0.47005099058151245,0.36932599544525146,0.36932599544525146,1995,0.0,0.0,0.0
2012-03-02 00:00:00+08:00,0.4364759922027588,0.4364759922027588,0.3357509970664978,0.3357509970664978,35770,0.0,0.0,0.0
2012-03-05 00:00:00+08:00,0.36932599544525146,0.36932599544525146,0.3357509970664978,0.3357509970664978,15219,0.0,0.0,0.0
2012-03-06 00:00:00+08:00,0.3357509970664978,0.36932599544525146,0.3357509970664978,0.3357509970664978,923,0.0,0.0,0.0
2012-03-07 00:00:00+08:00,0.4029009938240051,0.4029009938240051,0.3357509970664978,0.36932599544525146,20878,0.0,0.0,0.0
2012-03-08 00:00:00+08:00,0.4029009938240051,0.4364759922027588,0.3357509970664978,0.4364759922027588,47654,0.0,0.0,0.0
2012-03-09 00:00:00+08:00,0.47005099058151245,0.537202000617981,0.4364759922027588,0.5036259889602661,757524,0.0,0.0,0.0
2012-03-12 00:00:00+08:00,0.5036259889602661,0.5036259889602661,0.4364759922027588,0.5036259889602661,509305,0.0,0.0,0.0
2012-03-13 00:00:00+08:00,0.5036259889602661,0.5036259889602661,0.47005099058151245,0.47005099058151245,100639,0.0,0.0,0.0
2012-03-14 00:00:00+08:00,0.47005099058151245,0.5036259889602661,0.47005099058151245,0.5036259889602661,50930,0.0,0.0,0.0
2012-03-15 00:00:00+08:00,0.4364759922027588,0.47005099058151245,0.4364759922027588,0.47005099058151245,21027,0.0,0.0,0.0
2012-03-16 00:00:00+08:00,0.4364759922027588,0.47005099058151245,0.4364759922027588,0.4364759922027588,32464,0.0,0.0,0.0
2012-03-19 00:00:00+08:00,0.4364759922027588,0.47005099058151245,0.4364759922027588,0.4364759922027588,31809,0.0,0.0,0.0
2012-03-20 00:00:00+08:00,0.47005099058151245,0.47005099058151245,0.4364759922027588,0.47005099058151245,65524,0.0,0.0,0.0
2012-03-21 00:00:00+08:00,0.47005099058151245,0.47005099058151245,0.47005099058151245,0.47005099058151245,18763,0.0,0.0,0.0
2012-03-22 00:00:00+08:00,0.4364759922027588,0.47005099058151245,0.4364759922027588,0.47005099058151245,32196,0.0,0.0,0.0
2012-03-23 00:00:00+08:00,0.47005099058151245,0.47005099058151245,0.4364759922027588,0.4364759922027588,8964,0.0,0.0,0.0
2012-03-26 00:00:00+08:00,0.47005099058151245,0.5036259889602661,0.4364759922027588,0.47005099058151245,120356,0.0,0.0,0.0
2012-03-27 00:00:00+08:00,0.4364759922027588,0.5036259889602661,0.4364759922027588,0.47005099058151245,125807,0.0,0.0,0.0
2012-03-28 00:00:00+08:00,0.47005099058151245,0.47005099058151245,0.47005099058151245,0.47005099058151245,23827,0.0,0.0,0.0
2012-03-29 00:00:00+08:00,0.47005099058151245,0.47005099058151245,0.4364759922027588,0.47005099058151245,31273,0.0,0.0,0.0
2012-03-30 00:00:00+08:00,0.4364759922027588,0.47005099058151245,0.4364759922027588,0.47005099058151245,27401,0.0,0.0,0.0
2012-04-02 00:00:00+08:00,0.47005099058151245,0.47005099058151245,0.47005099058151245,0.47005099058151245,51228,0.0,0.0,0.0
2012-04-03 00:00:00+08:00,0.5036259889602661,0.6043519973754883,0.5036259889602661,0.537202000617981,408129,0.0,0.0,0.0
2012-04-04 00:00:00+08:00,0.537202000617981,0.537202000617981,0.5036259889602661,0.5036259889602661,117706,0.0,0.0,0.0
2012-04-05 00:00:00+08:00,0.5036259889602661,0.5036259889602661,0.47005099058151245,0.5036259889602661,25346,0.0,0.0,0.0
2012-04-09 00:00:00+08:00,0.47005099058151245,0.47005099058151245,0.47005099058151245,0.47005099058151245,7445,0.0,0.0,0.0
2012-04-10 00:00:00+08:00,0.47005099058151245,0.47005099058151245,0.47005099058151245,0.47005099058151245,7445,0.0,0.0,0.0
2012-04-11 00:00:00+08:00,0.47005099058151245,0.5707769989967346,0.47005099058151245,0.5036259889602661,157706,0.0,0.0,0.0
2012-04-12 00:00:00+08:00,0.537202000617981,0.7722269892692566,0.537202000617981,0.7722269892692566,487414,0.0,0.0,0.0
2012-04-13 00:00:00+08:00,0.8393779993057251,0.9736779928207397,0.6715019941329956,0.7050769925117493,784002,0.0,0.0,0.0
2012-04-16 00:00:00+08:00,0.7050769925117493,0.7386519908905029,0.6379269957542419,0.7050769925117493,72851,0.0,0.0,0.0
2012-04-17 00:00:00+08:00,0.6715019941329956,0.6715019941329956,0.6715019941329956,0.6715019941329956,17870,0.0,0.0,0.0
2012-04-18 00:00:00+08:00,0.6715019941329956,0.7050769925117493,0.6715019941329956,0.7050769925117493,17066,0.0,0.0,0.0
2012-04-19 00:00:00+08:00,0.7050769925117493,0.7050769925117493,0.6379269957542419,0.6715019941329956,47654,0.0,0.0,0.0
2012-04-20 00:00:00+08:00,0.6379269957542419,0.7386519908905029,0.6379269957542419,0.6715019941329956,196603,0.0,0.0,0.0
2012-04-23 00:00:00+08:00,0.7050769925117493,0.7722269892692566,0.6715019941329956,0.7050769925117493,170066,0.0,0.0,0.0
2012-04-24 00:00:00+08:00,0.7050769925117493,0.8058030009269714,0.7050769925117493,0.7722269892692566,287564,0.0,0.0,0.0
2012-04-25 00:00:00+08:00,0.7722269892692566,0.7722269892692566,0.7050769925117493,0.7722269892692566,259239,0.0,0.0,0.0
2012-04-26 00:00:00+08:00,0.7386519908905029,0.7386519908905029,0.6715019941329956,0.6715019941329956,78153,0.0,0.0,0.0
2012-04-27 00:00:00+08:00,0.6715019941329956,0.6715019941329956,0.6043519973754883,0.6043519973754883,119731,0.0,0.0,0.0
2012-04-30 00:00:00+08:00,0.5707769989967346,0.6043519973754883,0.537202000617981,0.537202000617981,57185,0.0,0.0,0.0
2012-05-02 00:00:00+08:00,0.537202000617981,0.6043519973754883,0.537202000617981,0.6043519973754883,40118,0.0,0.0,0.0
2012-05-03 00:00:00+08:00,0.5707769989967346,0.6379269957542419,0.5707769989967346,0.6043519973754883,78182,0.0,0.0,0.0
2012-05-04 00:00:00+08:00,0.6043519973754883,0.6043519973754883,0.6043519973754883,0.6043519973754883,49739,0.0,0.0,0.0
2012-05-07 00:00:00+08:00,0.5707769989967346,0.6043519973754883,0.5707769989967346,0.6043519973754883,7743,0.0,0.0,0.0
2012-05-08 00:00:00+08:00,0.5707769989967346,0.6379269957542419,0.537202000617981,0.6379269957542419,42054,0.0,0.0,0.0
2012-05-09 00:00:00+08:00,0.6043519973754883,0.8729529976844788,0.6043519973754883,0.6715019941329956,461025,0.0,0.0,0.0
2012-05-10 00:00:00+08:00,0.7050769925117493,0.8058030009269714,0.7050769925117493,0.7050769925117493,657480,0.0,0.0,0.0
2012-05-11 00:00:00+08:00,0.7050769925117493,0.7050769925117493,0.6043519973754883,0.6379269957542419,105643,0.0,0.0,0.0
2012-05-14 00:00:00+08:00,0.6379269957542419,0.6379269957542419,0.5707769989967346,0.5707769989967346,49441,0.0,0.0,0.0
2012-05-15 00:00:00+08:00,0.5707769989967346,0.5707769989967346,0.5707769989967346,0.5707769989967346,31868,0.0,0.0,0.0
2012-05-16 00:00:00+08:00,0.537202000617981,0.537202000617981,0.5036259889602661,0.5036259889602661,47654,0.0,0.0,0.0
2012-05-17 00:00:00+08:00,0.5036259889602661,0.5036259889602661,0.4364759922027588,0.4364759922027588,155740,0.0,0.0,0.0
2012-05-18 00:00:00+08:00,0.4364759922027588,0.4364759922027588,0.4029009938240051,0.4029009938240051,29039,0.0,0.0,0.0
2012-05-21 00:00:00+08:00,0.4364759922027588,0.5036259889602661,0.4364759922027588,0.4364759922027588,32792,0.0,0.0,0.0
2012-05-22 00:00:00+08:00,0.47005099058151245,0.537202000617981,0.47005099058151245,0.537202000617981,82501,0.0,0.0,0.0
2012-05-23 00:00:00+08:00,0.5036259889602661,0.5036259889602661,0.47005099058151245,0.47005099058151245,11168,0.0,0.0,0.0
2012-05-24 00:00:00+08:00,0.5036259889602661,0.5036259889602661,0.5036259889602661,0.5036259889602661,42263,0.0,0.0,0.0
2012-05-25 00:00:00+08:00,0.537202000617981,0.537202000617981,0.537202000617981,0.537202000617981,11317,0.0,0.0,0.0
2012-05-28 00:00:00+08:00,0.537202000617981,0.5707769989967346,0.537202000617981,0.537202000617981,43573,0.0,0.0,0.0
2012-05-29 00:00:00+08:00,0.537202000617981,0.537202000617981,0.537202000617981,0.537202000617981,0,0.0,0.0,0.0
2012-05-30 00:00:00+08:00,0.5036259889602661,0.5036259889602661,0.47005099058151245,0.47005099058151245,23410,0.0,0.0,0.0
2012-05-31 00:00:00+08:00,0.47005099058151245,0.47005099058151245,0.47005099058151245,0.47005099058151245,0,0.0,0.0,0.0
2012-06-01 00:00:00+08:00,0.47005099058151245,0.537202000617981,0.47005099058151245,0.5036259889602661,148056,0.0,0.0,0.0
2012-06-04 00:00:00+08:00,0.5036259889602661,0.5036259889602661,0.47005099058151245,0.47005099058151245,14891,0.0,0.0,0.0
2012-06-05 00:00:00+08:00,0.47005099058151245,0.47005099058151245,0.47005099058151245,0.47005099058151245,12211,0.0,0.0,0.0
2012-06-06 00:00:00+08:00,0.47005099058151245,0.47005099058151245,0.47005099058151245,0.47005099058151245,1042,0.0,0.0,0.0
2012-06-07 00:00:00+08:00,0.5036259889602661,0.5036259889602661,0.47005099058151245,0.47005099058151245,21563,0.0,0.0,0.0
2012-06-08 00:00:00+08:00,0.47005099058151245,0.47005099058151245,0.47005099058151245,0.47005099058151245,10513,0.0,0.0,0.0
2012-06-11 00:00:00+08:00,0.47005099058151245,0.47005099058151245,0.4364759922027588,0.47005099058151245,79523,0.0,0.0,0.0
2012-06-12 00:00:00+08:00,0.47005099058151245,0.47005099058151245,0.47005099058151245,0.47005099058151245,53819,0.0,0.0,0.0
2012-06-13 00:00:00+08:00,0.47005099058151245,0.47005099058151245,0.47005099058151245,0.47005099058151245,50632,0.0,0.0,0.0
2012-06-14 00:00:00+08:00,0.47005099058151245,0.47005099058151245,0.47005099058151245,0.47005099058151245,68503,0.0,0.0,0.0
2012-06-15 00:00:00+08:00,0.47005099058151245,0.47005099058151245,0.47005099058151245,0.47005099058151245,1280,0.0,0.0,0.0
2012-06-18 00:00:00+08:00,0.47005099058151245,0.47005099058151245,0.47005099058151245,0.47005099058151245,35740,0.0,0.0,0.0
2012-06-19 00:00:00+08:00,0.47005099058151245,0.47005099058151245,0.47005099058151245,0.47005099058151245,0,0.0,0.0,0.0
2012-06-20 00:00:00+08:00,0.47005099058151245,0.47005099058151245,0.47005099058151245,0.47005099058151245,27550,0.0,0.0,0.0
2012-06-21 00:00:00+08:00,0.47005099058151245,0.47005099058151245,0.4364759922027588,0.47005099058151245,33804,0.0,0.0,0.0
2012-06-22 00:00:00+08:00,0.4364759922027588,0.4364759922027588,0.4364759922027588,0.4364759922027588,595,0.0,0.0,0.0
2012-06-25 00:00:00+08:00,0.4364759922027588,0.4364759922027588,0.4029009938240051,0.4364759922027588,146685,0.0,0.0,0.0
2012-06-26 00:00:00+08:00,0.4364759922027588,0.4364759922027588,0.4364759922027588,0.4364759922027588,3425,0.0,0.0,0.0
2012-06-27 00:00:00+08:00,0.4364759922027588,0.4364759922027588,0.4029009938240051,0.4029009938240051,44973,0.0,0.0,0.0
2012-06-28 00:00:00+08:00,0.4364759922027588,0.4364759922027588,0.4364759922027588,0.4364759922027588,32256,0.0,0.0,0.0
2012-06-29 00:00:00+08:00,0.4364759922027588,0.4364759922027588,0.4364759922027588,0.4364759922027588,0,0.0,0.0,0.0
2012-07-02 00:00:00+08:00,0.4364759922027588,0.4364759922027588,0.4364759922027588,0.4364759922027588,4467,0.0,0.0,0.0
2012-07-03 00:00:00+08:00,0.4029009938240051,0.4029009938240051,0.4029009938240051,0.4029009938240051,14891,0.0,0.0,0.0
2012-07-04 00:00:00+08:00,0.4029009938240051,0.4029009938240051,0.4029009938240051,0.4029009938240051,29783,0.0,0.0,0.0
2012-07-05 00:00:00+08:00,0.4029009938240051,0.4029009938240051,0.4029009938240051,0.4029009938240051,0,0.0,0.0,0.0
2012-07-06 00:00:00+08:00,0.4364759922027588,0.4364759922027588,0.4029009938240051,0.4364759922027588,43186,0.0,0.0,0.0
2012-07-09 00:00:00+08:00,0.4364759922027588,0.47005099058151245,0.4029009938240051,0.47005099058151245,23827,0.0,0.0,0.0
2012-07-10 00:00:00+08:00,0.47005099058151245,0.47005099058151245,0.47005099058151245,0.47005099058151245,50930,0.0,0.0,0.0
2012-07-11 00:00:00+08:00,0.4364759922027588,0.4364759922027588,0.4364759922027588,0.4364759922027588,2382,0.0,0.0,0.0
2012-07-12 00:00:00+08:00,0.47005099058151245,0.5036259889602661,0.4364759922027588,0.4364759922027588,51079,0.0,0.0,0.0
2012-07-13 00:00:00+08:00,0.47005099058151245,0.5036259889602661,0.47005099058151245,0.5036259889602661,27907,0.0,0.0,0.0
2012-07-16 00:00:00+08:00,0.47005099058151245,0.5036259889602661,0.47005099058151245,0.47005099058151245,23916,0.0,0.0,0.0
2012-07-17 00:00:00+08:00,0.47005099058151245,0.47005099058151245,0.47005099058151245,0.47005099058151245,0,0.0,0.0,0.0
2012-07-18 00:00:00+08:00,0.4364759922027588,0.4364759922027588,0.4364759922027588,0.4364759922027588,39016,0.0,0.0,0.0
2012-07-19 00:00:00+08:00,0.4364759922027588,0.4364759922027588,0.4029009938240051,0.4364759922027588,87326,0.0,0.0,0.0
2012-07-20 00:00:00+08:00,0.4029009938240051,0.4364759922027588,0.4029009938240051,0.4029009938240051,161667,0.0,0.0,0.0
2012-07-23 00:00:00+08:00,0.4029009938240051,0.4029009938240051,0.4029009938240051,0.4029009938240051,49292,0.0,0.0,0.0
2012-07-24 00:00:00+08:00,0.4029009938240051,0.4029009938240051,0.4029009938240051,0.4029009938240051,8935,0.0,0.0,0.0
2012-07-25 00:00:00+08:00,0.4029009938240051,0.4029009938240051,0.4029009938240051,0.4029009938240051,0,0.0,0.0,0.0
2012-07-26 00:00:00+08:00,0.36932599544525146,0.36932599544525146,0.36932599544525146,0.36932599544525146,90007,0.0,0.0,0.0
2012-07-27 00:00:00+08:00,0.36932599544525146,0.36932599544525146,0.36932599544525146,0.36932599544525146,27699,0.0,0.0,0.0
2012-07-30 00:00:00+08:00,0.36932599544525146,0.36932599544525146,0.36932599544525146,0.36932599544525146,0,0.0,0.0,0.0
2012-07-31 00:00:00+08:00,0.36932599544525146,0.36932599544525146,0.36932599544525146,0.36932599544525146,5420,0.0,0.0,0.0
2012-08-01 00:00:00+08:00,0.36932599544525146,0.36932599544525146,0.3357509970664978,0.3357509970664978,22337,0.0,0.0,0.0
2012-08-02 00:00:00+08:00,0.36932599544525146,0.36932599544525146,0.36932599544525146,0.36932599544525146,387,0.0,0.0,0.0
2012-08-03 00:00:00+08:00,0.36932599544525146,0.4029009938240051,0.36932599544525146,0.4029009938240051,893,0.0,0.0,0.0
2012-08-06 00:00:00+08:00,0.36932599544525146,0.4029009938240051,0.36932599544525146,0.4029009938240051,9828,0.0,0.0,0.0
2012-08-07 00:00:00+08:00,0.4029009938240051,0.4029009938240051,0.4029009938240051,0.4029009938240051,0,0.0,0.0,0.0
2012-08-08 00:00:00+08:00,0.36932599544525146,0.36932599544525146,0.36932599544525146,0.36932599544525146,4318,0.0,0.0,0.0
2012-08-10 00:00:00+08:00,0.4029009938240051,0.5036259889602661,0.4029009938240051,0.47005099058151245,318330,0.0,0.0,0.0
2012-08-13 00:00:00+08:00,0.4364759922027588,0.4364759922027588,0.4029009938240051,0.4364759922027588,59091,0.0,0.0,0.0
2012-08-14 00:00:00+08:00,0.4364759922027588,0.47005099058151245,0.4364759922027588,0.47005099058151245,53611,0.0,0.0,0.0
2012-08-15 00:00:00+08:00,0.47005099058151245,0.5036259889602661,0.47005099058151245,0.47005099058151245,68830,0.0,0.0,0.0
2012-08-16 00:00:00+08:00,0.5036259889602661,0.5036259889602661,0.47005099058151245,0.47005099058151245,125866,0.0,0.0,0.0
2012-08-17 00:00:00+08:00,0.5036259889602661,0.5036259889602661,0.5036259889602661,0.5036259889602661,59448,0.0,0.0,0.0
2012-08-21 00:00:00+08:00,0.5036259889602661,0.5036259889602661,0.47005099058151245,0.5036259889602661,92657,0.0,0.0,0.0
2012-08-22 00:00:00+08:00,0.47005099058151245,0.5036259889602661,0.47005099058151245,0.47005099058151245,131257,0.0,0.0,0.0
2012-08-23 00:00:00+08:00,0.47005099058151245,0.5036259889602661,0.47005099058151245,0.47005099058151245,41101,0.0,0.0,0.0
2012-08-24 00:00:00+08:00,0.47005099058151245,0.5036259889602661,0.47005099058151245,0.5036259889602661,48845,0.0,0.0,0.0
2012-08-27 00:00:00+08:00,0.5036259889602661,0.537202000617981,0.47005099058151245,0.537202000617981,67401,0.0,0.0,0.0
2012-08-28 00:00:00+08:00,0.5036259889602661,0.5036259889602661,0.5036259889602661,0.5036259889602661,8250,0.0,0.0,0.0
2012-08-29 00:00:00+08:00,0.5036259889602661,0.5036259889602661,0.47005099058151245,0.5036259889602661,44378,0.0,0.0,0.0
2012-08-30 00:00:00+08:00,0.5036259889602661,0.537202000617981,0.47005099058151245,0.5036259889602661,79820,0.0,0.0,0.0
2012-08-31 00:00:00+08:00,0.5036259889602661,0.5036259889602661,0.5036259889602661,0.5036259889602661,4467,0.0,0.0,0.0
2012-09-03 00:00:00+08:00,0.47005099058151245,0.47005099058151245,0.47005099058151245,0.47005099058151245,7475,0.0,0.0,0.0
2012-09-04 00:00:00+08:00,0.47005099058151245,0.47005099058151245,0.47005099058151245,0.47005099058151245,833,0.0,0.0,0.0
2012-09-05 00:00:00+08:00,0.47005099058151245,0.47005099058151245,0.47005099058151245,0.47005099058151245,297,0.0,0.0,0.0
2012-09-06 00:00:00+08:00,0.5036259889602661,0.5036259889602661,0.47005099058151245,0.47005099058151245,42144,0.0,0.0,0.0
2012-09-07 00:00:00+08:00,0.5036259889602661,0.537202000617981,0.5036259889602661,0.537202000617981,46462,0.0,0.0,0.0
2012-09-10 00:00:00+08:00,0.5036259889602661,0.5036259889602661,0.5036259889602661,0.5036259889602661,13075,0.0,0.0,0.0
2012-09-11 00:00:00+08:00,0.5036259889602661,0.537202000617981,0.5036259889602661,0.5036259889602661,45003,0.0,0.0,0.0
2012-09-12 00:00:00+08:00,0.537202000617981,0.5707769989967346,0.5036259889602661,0.5707769989967346,56440,0.0,0.0,0.0
2012-09-13 00:00:00+08:00,0.537202000617981,0.5707769989967346,0.537202000617981,0.5707769989967346,68890,0.0,0.0,0.0
2012-09-14 00:00:00+08:00,0.5707769989967346,0.6043519973754883,0.5707769989967346,0.6043519973754883,39970,0.0,0.0,0.0
2012-09-17 00:00:00+08:00,0.537202000617981,0.6715019941329956,0.537202000617981,0.6379269957542419,63439,0.0,0.0,0.0
2012-09-18 00:00:00+08:00,0.6043519973754883,0.6715019941329956,0.6043519973754883,0.6043519973754883,71868,0.0,0.0,0.0
2012-09-19 00:00:00+08:00,0.6715019941329956,0.6715019941329956,0.6379269957542419,0.6715019941329956,76395,0.0,0.0,0.0
2012-09-20 00:00:00+08:00,0.6715019941329956,0.6715019941329956,0.6379269957542419,0.6379269957542419,13402,0.0,0.0,0.0
2012-09-21 00:00:00+08:00,0.6379269957542419,0.6715019941329956,0.6379269957542419,0.6379269957542419,15934,0.0,0.0,0.0
2012-09-24 00:00:00+08:00,0.6715019941329956,0.7050769925117493,0.6379269957542419,0.7050769925117493,112464,0.0,0.0,0.0
2012-09-25 00:00:00+08:00,0.6715019941329956,0.7050769925117493,0.6715019941329956,0.7050769925117493,7773,0.0,0.0,0.0
2012-09-26 00:00:00+08:00,0.7050769925117493,0.7386519908905029,0.7050769925117493,0.7050769925117493,73864,0.0,0.0,0.0
2012-09-27 00:00:00+08:00,0.7050769925117493,0.7050769925117493,0.7050769925117493,0.7050769925117493,42144,0.0,0.0,0.0
2012-09-28 00:00:00+08:00,0.7386519908905029,0.7386519908905029,0.7050769925117493,0.7386519908905029,7029,0.0,0.0,0.0
2012-10-01 00:00:00+08:00,0.7050769925117493,0.7386519908905029,0.6715019941329956,0.7386519908905029,25405,0.0,0.0,0.0
2012-10-02 00:00:00+08:00,0.7050769925117493,0.7050769925117493,0.7050769925117493,0.7050769925117493,5956,0.0,0.0,0.0
2012-10-03 00:00:00+08:00,0.6715019941329956,0.7050769925117493,0.6715019941329956,0.7050769925117493,59,0.0,0.0,0.0
2012-10-04 00:00:00+08:00,0.7386519908905029,0.7386519908905029,0.7386519908905029,0.7386519908905029,29,0.0,0.0,0.0
2012-10-05 00:00:00+08:00,0.7386519908905029,0.7386519908905029,0.6043519973754883,0.6715019941329956,7237,0.0,0.0,0.0
2012-10-08 00:00:00+08:00,0.6379269957542419,0.6715019941329956,0.6379269957542419,0.6379269957542419,16857,0.0,0.0,0.0
2012-10-09 00:00:00+08:00,0.6043519973754883,0.6043519973754883,0.6043519973754883,0.6043519973754883,4467,0.0,0.0,0.0
2012-10-10 00:00:00+08:00,0.6043519973754883,0.6043519973754883,0.5707769989967346,0.6043519973754883,12419,0.0,0.0,0.0
2012-10-11 00:00:00+08:00,0.5707769989967346,0.6043519973754883,0.5707769989967346,0.6043519973754883,476,0.0,0.0,0.0
2012-10-12 00:00:00+08:00,0.6043519973754883,0.6043519973754883,0.6043519973754883,0.6043519973754883,2978,0.0,0.0,0.0
2012-10-15 00:00:00+08:00,0.5707769989967346,0.6379269957542419,0.5707769989967346,0.5707769989967346,1340,0.0,0.0,0.0
2012-10-16 00:00:00+08:00,0.6715019941329956,0.6715019941329956,0.5707769989967346,0.6379269957542419,30558,0.0,0.0,0.0
2012-10-17 00:00:00+08:00,0.6043519973754883,0.6379269957542419,0.6043519973754883,0.6043519973754883,14028,0.0,0.0,0.0
2012-10-18 00:00:00+08:00,0.6043519973754883,0.6715019941329956,0.6043519973754883,0.6379269957542419,2204,0.0,0.0,0.0
2012-10-19 00:00:00+08:00,0.6379269957542419,0.6379269957542419,0.6379269957542419,0.6379269957542419,0,0.0,0.0,0.0
2012-10-22 00:00:00+08:00,0.6715019941329956,0.6715019941329956,0.5707769989967346,0.6043519973754883,5569,0.0,0.0,0.0
2012-10-23 00:00:00+08:00,0.6043519973754883,0.6043519973754883,0.6043519973754883,0.6043519973754883,0,0.0,0.0,0.0
2012-10-24 00:00:00+08:00,0.5707769989967346,0.5707769989967346,0.5707769989967346,0.5707769989967346,10632,0.0,0.0,0.0
2012-10-25 00:00:00+08:00,0.5707769989967346,0.5707769989967346,0.5707769989967346,0.5707769989967346,2144,0.0,0.0,0.0
2012-10-29 00:00:00+08:00,0.6043519973754883,0.6043519973754883,0.6043519973754883,0.6043519973754883,14891,0.0,0.0,0.0
2012-10-30 00:00:00+08:00,0.6043519973754883,0.6043519973754883,0.6043519973754883,0.6043519973754883,0,0.0,0.0,0.0
2012-10-31 00:00:00+08:00,0.5707769989967346,0.5707769989967346,0.5707769989967346,0.5707769989967346,33536,0.0,0.0,0.0
2012-11-01 00:00:00+08:00,0.5707769989967346,0.5707769989967346,0.5707769989967346,0.5707769989967346,0,0.0,0.0,0.0
2012-11-02 00:00:00+08:00,0.5707769989967346,0.5707769989967346,0.5707769989967346,0.5707769989967346,446,0.0,0.0,0.0
2012-11-05 00:00:00+08:00,0.537202000617981,0.5707769989967346,0.537202000617981,0.5707769989967346,13164,0.0,0.0,0.0
2012-11-06 00:00:00+08:00,0.5707769989967346,0.5707769989967346,0.537202000617981,0.537202000617981,6850,0.0,0.0,0.0
2012-11-07 00:00:00+08:00,0.6043519973754883,0.6043519973754883,0.5707769989967346,0.5707769989967346,18853,0.0,0.0,0.0
2012-11-08 00:00:00+08:00,0.6043519973754883,0.6043519973754883,0.6043519973754883,0.6043519973754883,5956,0.0,0.0,0.0
2012-11-09 00:00:00+08:00,0.6043519973754883,0.6043519973754883,0.5707769989967346,0.5707769989967346,7743,0.0,0.0,0.0
2012-11-12 00:00:00+08:00,0.5707769989967346,0.5707769989967346,0.5707769989967346,0.5707769989967346,13998,0.0,0.0,0.0
2012-11-14 00:00:00+08:00,0.5707769989967346,0.5707769989967346,0.537202000617981,0.537202000617981,17512,0.0,0.0,0.0
2012-11-15 00:00:00+08:00,0.537202000617981,0.537202000617981,0.537202000617981,0.537202000617981,0,0.0,0.0,0.0
2012-11-16 00:00:00+08:00,0.537202000617981,0.537202000617981,0.537202000617981,0.537202000617981,0,0.0,0.0,0.0
2012-11-19 00:00:00+08:00,0.6043519973754883,0.6043519973754883,0.6043519973754883,0.6043519973754883,59,0.0,0.0,0.0
2012-11-20 00:00:00+08:00,0.6043519973754883,0.6043519973754883,0.537202000617981,0.5707769989967346,29873,0.0,0.0,0.0
2012-11-21 00:00:00+08:00,0.5707769989967346,0.5707769989967346,0.537202000617981,0.537202000617981,59,0.0,0.0,0.0
2012-11-22 00:00:00+08:00,0.537202000617981,0.5707769989967346,0.537202000617981,0.5707769989967346,33328,0.0,0.0,0.0
2012-11-23 00:00:00+08:00,0.537202000617981,0.6043519973754883,0.537202000617981,0.6043519973754883,89,0.0,0.0,0.0
2012-11-26 00:00:00+08:00,0.6379269957542419,0.6379269957542419,0.537202000617981,0.537202000617981,59,0.0,0.0,0.0
2012-11-27 00:00:00+08:00,0.537202000617981,0.537202000617981,0.537202000617981,0.537202000617981,41727,0.0,0.0,0.0
2012-11-28 00:00:00+08:00,0.5036259889602661,0.6043519973754883,0.5036259889602661,0.5707769989967346,5003,0.0,0.0,0.0
2012-11-29 00:00:00+08:00,0.5707769989967346,0.5707769989967346,0.537202000617981,0.537202000617981,15219,0.0,0.0,0.0
2012-11-30 00:00:00+08:00,0.537202000617981,0.6043519973754883,0.537202000617981,0.5707769989967346,982,0.0,0.0,0.0
2012-12-03 00:00:00+08:00,0.537202000617981,0.6043519973754883,0.537202000617981,0.5707769989967346,12598,0.0,0.0,0.0
2012-12-04 00:00:00+08:00,0.537202000617981,0.5707769989967346,0.537202000617981,0.537202000617981,3216,0.0,0.0,0.0
2012-12-05 00:00:00+08:00,0.537202000617981,0.6043519973754883,0.537202000617981,0.537202000617981,11794,0.0,0.0,0.0
2012-12-06 00:00:00+08:00,0.537202000617981,0.6379269957542419,0.537202000617981,0.6379269957542419,59,0.0,0.0,0.0
2012-12-07 00:00:00+08:00,0.6715019941329956,0.6715019941329956,0.6043519973754883,0.6043519973754883,23201,0.0,0.0,0.0
2012-12-10 00:00:00+08:00,0.5707769989967346,0.5707769989967346,0.5707769989967346,0.5707769989967346,2948,0.0,0.0,0.0
2012-12-11 00:00:00+08:00,0.6715019941329956,0.6715019941329956,0.5707769989967346,0.5707769989967346,10781,0.0,0.0,0.0
2012-12-12 00:00:00+08:00,0.6043519973754883,0.6043519973754883,0.6043519973754883,0.6043519973754883,7416,0.0,0.0,0.0
2012-12-13 00:00:00+08:00,0.6379269957542419,0.7386519908905029,0.5707769989967346,0.7386519908905029,121071,0.0,0.0,0.0
2012-12-14 00:00:00+08:00,0.7386519908905029,0.8729529976844788,0.7050769925117493,0.7386519908905029,670347,0.0,0.0,0.0
2012-12-17 00:00:00+08:00,0.7386519908905029,0.7386519908905029,0.6379269957542419,0.6715019941329956,87118,0.0,0.0,0.0
2012-12-18 00:00:00+08:00,0.6715019941329956,0.6715019941329956,0.6379269957542419,0.6715019941329956,3395,0.0,0.0,0.0
2012-12-19 00:00:00+08:00,0.6715019941329956,0.6715019941329956,0.6043519973754883,0.6379269957542419,64363,0.0,0.0,0.0
2012-12-20 00:00:00+08:00,0.6379269957542419,0.6715019941329956,0.6379269957542419,0.6715019941329956,31868,0.0,0.0,0.0
2012-12-21 00:00:00+08:00,0.6379269957542419,0.6379269957542419,0.5707769989967346,0.5707769989967346,61414,0.0,0.0,0.0
2012-12-24 00:00:00+08:00,0.6043519973754883,0.6379269957542419,0.5707769989967346,0.6043519973754883,29813,0.0,0.0,0.0
2012-12-26 00:00:00+08:00,0.6379269957542419,0.6379269957542419,0.6043519973754883,0.6379269957542419,58614,0.0,0.0,0.0
2012-12-27 00:00:00+08:00,0.6379269957542419,0.6379269957542419,0.6043519973754883,0.6043519973754883,11973,0.0,0.0,0.0
2012-12-28 00:00:00+08:00,0.6379269957542419,0.6379269957542419,0.6379269957542419,0.6379269957542419,893,0.0,0.0,0.0
2012-12-31 00:00:00+08:00,0.6043519973754883,0.6043519973754883,0.6043519973754883,0.6043519973754883,29,0.0,0.0,0.0
2013-01-02 00:00:00+08:00,0.6043519973754883,0.7050769925117493,0.6043519973754883,0.7050769925117493,98406,0.0,0.0,0.0
2013-01-03 00:00:00+08:00,0.7050769925117493,0.7050769925117493,0.6715019941329956,0.6715019941329956,100371,0.0,0.0,0.0
2013-01-04 00:00:00+08:00,0.7050769925117493,0.7722269892692566,0.7050769925117493,0.7722269892692566,321934,0.0,0.0,0.0
2013-01-07 00:00:00+08:00,0.8058030009269714,0.8058030009269714,0.7722269892692566,0.7722269892692566,56619,0.0,0.0,0.0
2013-01-08 00:00:00+08:00,0.7722269892692566,0.7722269892692566,0.7722269892692566,0.7722269892692566,31868,0.0,0.0,0.0
2013-01-09 00:00:00+08:00,0.7722269892692566,0.7722269892692566,0.7722269892692566,0.7722269892692566,2978,0.0,0.0,0.0
2013-01-10 00:00:00+08:00,0.7386519908905029,0.7386519908905029,0.6715019941329956,0.6715019941329956,73268,0.0,0.0,0.0
2013-01-11 00:00:00+08:00,0.7050769925117493,0.7050769925117493,0.6715019941329956,0.6715019941329956,31809,0.0,0.0,0.0
2013-01-14 00:00:00+08:00,0.6715019941329956,0.7050769925117493,0.6715019941329956,0.6715019941329956,84467,0.0,0.0,0.0
2013-01-15 00:00:00+08:00,0.6715019941329956,0.6715019941329956,0.6715019941329956,0.6715019941329956,0,0.0,0.0,0.0
2013-01-16 00:00:00+08:00,0.6715019941329956,0.6715019941329956,0.6715019941329956,0.6715019941329956,0,0.0,0.0,0.0
2013-01-17 00:00:00+08:00,0.7050769925117493,0.7050769925117493,0.6379269957542419,0.6379269957542419,2978,0.0,0.0,0.0
2013-01-18 00:00:00+08:00,0.6715019941329956,0.6715019941329956,0.6715019941329956,0.6715019941329956,23469,0.0,0.0,0.0
2013-01-21 00:00:00+08:00,0.7386519908905029,0.7386519908905029,0.6715019941329956,0.6715019941329956,953,0.0,0.0,0.0
2013-01-22 00:00:00+08:00,0.6715019941329956,0.6715019941329956,0.6379269957542419,0.6379269957542419,61563,0.0,0.0,0.0
2013-01-23 00:00:00+08:00,0.6715019941329956,0.6715019941329956,0.6715019941329956,0.6715019941329956,5956,0.0,0.0,0.0
2013-01-24 00:00:00+08:00,0.6715019941329956,0.6715019941329956,0.6379269957542419,0.6715019941329956,64631,0.0,0.0,0.0
2013-01-25 00:00:00+08:00,0.6715019941329956,0.6715019941329956,0.6379269957542419,0.6715019941329956,4408,0.0,0.0,0.0
2013-01-28 00:00:00+08:00,0.6379269957542419,0.7722269892692566,0.6379269957542419,0.7386519908905029,185464,0.0,0.0,0.0
2013-01-29 00:00:00+08:00,0.7386519908905029,0.7386519908905029,0.6715019941329956,0.6715019941329956,42888,0.0,0.0,0.0
2013-01-30 00:00:00+08:00,0.6715019941329956,0.7050769925117493,0.6715019941329956,0.7050769925117493,9471,0.0,0.0,0.0
2013-01-31 00:00:00+08:00,0.7050769925117493,0.7050769925117493,0.6715019941329956,0.6715019941329956,14891,0.0,0.0,0.0
2013-02-01 00:00:00+08:00,0.6715019941329956,0.6715019941329956,0.6715019941329956,0.6715019941329956,0,0.0,0.0,0.0
2013-02-04 00:00:00+08:00,0.7050769925117493,0.7050769925117493,0.7050769925117493,0.7050769925117493,38093,0.0,0.0,0.0
2013-02-05 00:00:00+08:00,0.7050769925117493,0.7050769925117493,0.6715019941329956,0.6715019941329956,22040,0.0,0.0,0.0
2013-02-06 00:00:00+08:00,0.7050769925117493,0.8393779993057251,0.7050769925117493,0.7386519908905029,592372,0.0,0.0,0.0
2013-02-07 00:00:00+08:00,0.8058030009269714,0.9065279960632324,0.8058030009269714,0.8393779993057251,749542,0.0,0.0,0.0
2013-02-08 00:00:00+08:00,0.8058030009269714,0.9736779928207397,0.7722269892692566,0.9736779928207397,409112,0.0,0.0,0.0
2013-02-13 00:00:00+08:00,1.0408289432525635,1.5780309438705444,1.0408289432525635,1.3094300031661987,3126093,0.0,0.0,0.0
2013-02-14 00:00:00+08:00,1.376579999923706,1.5780309438705444,1.2758539915084839,1.3430049419403076,1047471,0.0,0.0,0.0
2013-02-15 00:00:00+08:00,1.3094300031661987,1.5108799934387207,1.3094300031661987,1.376579999923706,1363717,0.0,0.0,0.0
2013-02-18 00:00:00+08:00,1.4101550579071045,1.4101550579071045,1.242279052734375,1.2758539915084839,219805,0.0,0.0,0.0
2013-02-19 00:00:00+08:00,1.3094300031661987,1.3094300031661987,1.242279052734375,1.2758539915084839,151659,0.0,0.0,0.0
2013-02-20 00:00:00+08:00,1.2758539915084839,1.3430049419403076,1.2758539915084839,1.3430049419403076,249202,0.0,0.0,0.0
2013-02-21 00:00:00+08:00,1.3094300031661987,1.3094300031661987,1.2087039947509766,1.2087039947509766,183945,0.0,0.0,0.0
2013-02-22 00:00:00+08:00,1.2087039947509766,1.242279052734375,1.1751290559768677,1.242279052734375,103052,0.0,0.0,0.0
2013-02-25 00:00:00+08:00,1.3094300031661987,1.4101550579071045,1.3094300031661987,1.3430049419403076,698999,0.0,0.0,0.0
2013-02-26 00:00:00+08:00,1.3430049419403076,1.4773050546646118,1.3430049419403076,1.376579999923706,1351178,0.0,0.0,0.0
2013-02-27 00:00:00+08:00,1.4437299966812134,1.4437299966812134,1.3094300031661987,1.3094300031661987,350229,0.0,0.0,0.0
2013-02-28 00:00:00+08:00,1.376579999923706,1.376579999923706,1.3094300031661987,1.3094300031661987,121399,0.0,0.0,0.0
2013-03-01 00:00:00+08:00,1.3430049419403076,1.3430049419403076,1.2087039947509766,1.2758539915084839,223796,0.0,0.0,0.0
2013-03-04 00:00:00+08:00,1.242279052734375,1.242279052734375,1.1079790592193604,1.1415539979934692,174682,0.0,0.0,0.0
2013-03-05 00:00:00+08:00,1.1415539979934692,1.1751290559768677,1.1415539979934692,1.1415539979934692,177571,0.0,0.0,0.0
2013-03-06 00:00:00+08:00,1.1751290559768677,1.1751290559768677,1.1079790592193604,1.1079790592193604,159969,0.0,0.0,0.0
2013-03-07 00:00:00+08:00,1.0408289432525635,1.074404001235962,1.0072530508041382,1.0072530508041382,120029,0.0,0.0,0.0
2013-03-08 00:00:00+08:00,1.0072530508041382,1.0408289432525635,1.0072530508041382,1.0072530508041382,106030,0.0,0.0,0.0
2013-03-11 00:00:00+08:00,1.0072530508041382,1.0408289432525635,0.8729529976844788,0.8729529976844788,75681,0.0,0.0,0.0
2013-03-12 00:00:00+08:00,0.8729529976844788,0.8729529976844788,0.7722269892692566,0.8058030009269714,104154,0.0,0.0,0.0
2013-03-13 00:00:00+08:00,0.7722269892692566,0.7722269892692566,0.7386519908905029,0.7722269892692566,111213,0.0,0.0,0.0
2013-03-14 00:00:00+08:00,0.7722269892692566,0.9065279960632324,0.7722269892692566,0.9065279960632324,113953,0.0,0.0,0.0
2013-03-15 00:00:00+08:00,0.9401029944419861,0.9401029944419861,0.8393779993057251,0.8393779993057251,61593,0.0,0.0,0.0
2013-03-18 00:00:00+08:00,0.8729529976844788,0.8729529976844788,0.8058030009269714,0.8058030009269714,34251,0.0,0.0,0.0
2013-03-19 00:00:00+08:00,0.7722269892692566,0.8393779993057251,0.7722269892692566,0.8393779993057251,45271,0.0,0.0,0.0
2013-03-20 00:00:00+08:00,0.8393779993057251,0.8393779993057251,0.8393779993057251,0.8393779993057251,31570,0.0,0.0,0.0
2013-03-21 00:00:00+08:00,0.8729529976844788,0.8729529976844788,0.8058030009269714,0.8058030009269714,178108,0.0,0.0,0.0
2013-03-22 00:00:00+08:00,0.8393779993057251,0.9065279960632324,0.8393779993057251,0.9065279960632324,276156,0.0,0.0,0.0
2013-03-25 00:00:00+08:00,0.9065279960632324,1.0072530508041382,0.9065279960632324,0.9401029944419861,263319,0.0,0.0,0.0
2013-03-26 00:00:00+08:00,0.9065279960632324,0.9401029944419861,0.9065279960632324,0.9401029944419861,64184,0.0,0.0,0.0
2013-03-27 00:00:00+08:00,1.0072530508041382,1.0072530508041382,0.8393779993057251,0.8729529976844788,226060,0.0,0.0,0.0
2013-03-28 00:00:00+08:00,0.8729529976844788,0.9401029944419861,0.8058030009269714,0.8393779993057251,560057,0.0,0.0,0.0
2013-04-01 00:00:00+08:00,0.8393779993057251,0.8729529976844788,0.8393779993057251,0.8393779993057251,85033,0.0,0.0,0.0
2013-04-02 00:00:00+08:00,0.8729529976844788,1.0072530508041382,0.8729529976844788,0.8729529976844788,479491,0.0,0.0,0.0
2013-04-03 00:00:00+08:00,0.9065279960632324,0.9065279960632324,0.8729529976844788,0.8729529976844788,34311,0.0,0.0,0.0
2013-04-04 00:00:00+08:00,0.8729529976844788,0.8729529976844788,0.8393779993057251,0.8393779993057251,17572,0.0,0.0,0.0
2013-04-05 00:00:00+08:00,0.8729529976844788,0.8729529976844788,0.8393779993057251,0.8393779993057251,68920,0.0,0.0,0.0
2013-04-08 00:00:00+08:00,0.8393779993057251,0.8393779993057251,0.8058030009269714,0.8058030009269714,60491,0.0,0.0,0.0
2013-04-09 00:00:00+08:00,0.8058030009269714,0.8058030009269714,0.7722269892692566,0.7722269892692566,104720,0.0,0.0,0.0
2013-04-10 00:00:00+08:00,0.8058030009269714,0.8393779993057251,0.8058030009269714,0.8393779993057251,47952,0.0,0.0,0.0
2013-04-11 00:00:00+08:00,0.8393779993057251,0.8393779993057251,0.8393779993057251,0.8393779993057251,44378,0.0,0.0,0.0
2013-04-12 00:00:00+08:00,0.8393779993057251,0.8393779993057251,0.8058030009269714,0.8058030009269714,29456,0.0,0.0,0.0
2013-04-15 00:00:00+08:00,0.8058030009269714,0.8393779993057251,0.8058030009269714,0.8058030009269714,41608,0.0,0.0,0.0
2013-04-16 00:00:00+08:00,0.8393779993057251,0.8729529976844788,0.8058030009269714,0.8058030009269714,61146,0.0,0.0,0.0
2013-04-17 00:00:00+08:00,0.8393779993057251,0.8393779993057251,0.8393779993057251,0.8393779993057251,36634,0.0,0.0,0.0
2013-04-18 00:00:00+08:00,0.8393779993057251,0.8393779993057251,0.8058030009269714,0.8058030009269714,3722,0.0,0.0,0.0
2013-04-19 00:00:00+08:00,0.8058030009269714,0.8058030009269714,0.8058030009269714,0.8058030009269714,10424,0.0,0.0,0.0
2013-04-22 00:00:00+08:00,0.8393779993057251,0.8393779993057251,0.8058030009269714,0.8393779993057251,26835,0.0,0.0,0.0
2013-04-23 00:00:00+08:00,0.8058030009269714,0.8058030009269714,0.8058030009269714,0.8058030009269714,18763,0.0,0.0,0.0
2013-04-24 00:00:00+08:00,0.8393779993057251,0.8393779993057251,0.8393779993057251,0.8393779993057251,34251,0.0,0.0,0.0
2013-04-25 00:00:00+08:00,0.8058030009269714,0.8729529976844788,0.8058030009269714,0.8729529976844788,13104,0.0,0.0,0.0
2013-04-26 00:00:00+08:00,0.8393779993057251,0.8393779993057251,0.8393779993057251,0.8393779993057251,23856,0.0,0.0,0.0
2013-04-29 00:00:00+08:00,0.8393779993057251,0.8393779993057251,0.8058030009269714,0.8058030009269714,9233,0.0,0.0,0.0
2013-04-30 00:00:00+08:00,0.7722269892692566,0.8058030009269714,0.7722269892692566,0.7722269892692566,8637,0.0,0.0,0.0
2013-05-02 00:00:00+08:00,0.8058030009269714,0.8058030009269714,0.8058030009269714,0.7722269892692566,52717,0.0,0.0,0.0
2013-05-03 00:00:00+08:00,0.8058030009269714,0.8393779993057251,0.8058030009269714,0.8393779993057251,4824,0.0,0.0,0.0
2013-05-06 00:00:00+08:00,0.8393779993057251,0.8393779993057251,0.8058030009269714,0.8058030009269714,13045,0.0,0.0,0.0
2013-05-07 00:00:00+08:00,0.8058030009269714,0.8058030009269714,0.8058030009269714,0.8058030009269714,18466,0.0,0.0,0.0
2013-05-08 00:00:00+08:00,0.8058030009269714,0.8393779993057251,0.8058030009269714,0.8393779993057251,30052,0.0,0.0,0.0
2013-05-09 00:00:00+08:00,0.8393779993057251,0.8393779993057251,0.8393779993057251,0.8393779993057251,14355,0.0,0.0,0.0
2013-05-10 00:00:00+08:00,0.8393779993057251,0.8393779993057251,0.8393779993057251,0.8393779993057251,0,0.0,0.0,0.0
2013-05-13 00:00:00+08:00,0.8058030009269714,0.8058030009269714,0.8058030009269714,0.8058030009269714,8935,0.0,0.0,0.0
2013-05-14 00:00:00+08:00,0.8058030009269714,0.8058030009269714,0.8058030009269714,0.8058030009269714,2978,0.0,0.0,0.0
2013-05-15 00:00:00+08:00,0.8058030009269714,0.8058030009269714,0.7722269892692566,0.7722269892692566,186119,0.0,0.0,0.0
2013-05-16 00:00:00+08:00,0.8058030009269714,0.8058030009269714,0.8058030009269714,0.8058030009269714,11556,0.0,0.0,0.0
2013-05-17 00:00:00+08:00,0.8058030009269714,0.8058030009269714,0.8058030009269714,0.8058030009269714,19359,0.0,0.0,0.0
2013-05-20 00:00:00+08:00,0.8058030009269714,0.8058030009269714,0.8058030009269714,0.8058030009269714,19508,0.0,0.0,0.0
2013-05-21 00:00:00+08:00,0.7722269892692566,0.7722269892692566,0.7722269892692566,0.7722269892692566,44675,0.0,0.0,0.0
2013-05-22 00:00:00+08:00,0.8058030009269714,0.8058030009269714,0.8058030009269714,0.8058030009269714,78391,0.0,0.0,0.0
2013-05-23 00:00:00+08:00,0.8058030009269714,0.8058030009269714,0.8058030009269714,0.8058030009269714,44348,0.0,0.0,0.0
2013-05-27 00:00:00+08:00,0.8058030009269714,0.9401029944419861,0.8058030009269714,0.9401029944419861,107847,0.0,0.0,0.0
2013-05-28 00:00:00+08:00,0.9736779928207397,1.0072530508041382,0.9065279960632324,0.9401029944419861,631836,0.0,0.0,0.0
2013-05-29 00:00:00+08:00,0.9401029944419861,0.9401029944419861,0.9065279960632324,0.9065279960632324,11764,0.0,0.0,0.0
2013-05-30 00:00:00+08:00,0.9065279960632324,0.9065279960632324,0.8729529976844788,0.9065279960632324,38599,0.0,0.0,0.0
2013-05-31 00:00:00+08:00,0.9736779928207397,1.1415539979934692,0.9401029944419861,1.0072530508041382,1060338,0.0,0.0,0.0
2013-06-03 00:00:00+08:00,1.0408289432525635,1.074404001235962,1.0408289432525635,1.0408289432525635,44675,0.0,0.0,0.0
2013-06-04 00:00:00+08:00,1.0408289432525635,1.0408289432525635,1.0072530508041382,1.0408289432525635,95189,0.0,0.0,0.0
2013-06-05 00:00:00+08:00,1.0072530508041382,1.0072530508041382,0.9736779928207397,0.9736779928207397,28294,0.0,0.0,0.0
2013-06-06 00:00:00+08:00,0.9736779928207397,0.9736779928207397,0.9401029944419861,0.9401029944419861,28294,0.0,0.0,0.0
2013-06-07 00:00:00+08:00,0.9736779928207397,0.9736779928207397,0.9401029944419861,0.9401029944419861,148592,0.0,0.0,0.0
2013-06-10 00:00:00+08:00,0.9401029944419861,0.9401029944419861,0.9065279960632324,0.9065279960632324,42739,0.0,0.0,0.0
2013-06-11 00:00:00+08:00,0.8729529976844788,0.9065279960632324,0.8393779993057251,0.8729529976844788,50305,0.0,0.0,0.0
2013-06-12 00:00:00+08:00,0.8729529976844788,0.8729529976844788,0.8729529976844788,0.8729529976844788,18049,0.0,0.0,0.0
2013-06-13 00:00:00+08:00,0.8393779993057251,0.8393779993057251,0.7722269892692566,0.7722269892692566,19657,0.0,0.0,0.0
2013-06-14 00:00:00+08:00,0.8393779993057251,0.8393779993057251,0.8058030009269714,0.8058030009269714,20074,0.0,0.0,0.0
2013-06-17 00:00:00+08:00,0.8729529976844788,0.8729529976844788,0.7722269892692566,0.8058030009269714,96053,0.0,0.0,0.0
2013-06-18 00:00:00+08:00,0.8058030009269714,0.8058030009269714,0.8058030009269714,0.8058030009269714,13402,0.0,0.0,0.0
2013-06-19 00:00:00+08:00,0.8393779993057251,0.8393779993057251,0.8393779993057251,0.8393779993057251,17929,0.0,0.0,0.0
2013-06-20 00:00:00+08:00,0.8058030009269714,0.8058030009269714,0.8058030009269714,0.8058030009269714,744,0.0,0.0,0.0
2013-06-21 00:00:00+08:00,0.8058030009269714,0.8058030009269714,0.8058030009269714,0.8058030009269714,0,0.0,0.0,0.0
2013-06-24 00:00:00+08:00,0.8058030009269714,0.8393779993057251,0.8058030009269714,0.8058030009269714,31570,0.0,0.0,0.0
2013-06-25 00:00:00+08:00,0.7722269892692566,0.8058030009269714,0.7722269892692566,0.7722269892692566,9381,0.0,0.0,0.0
2013-06-26 00:00:00+08:00,0.8058030009269714,0.8729529976844788,0.7722269892692566,0.7722269892692566,20729,0.0,0.0,0.0
2013-06-27 00:00:00+08:00,0.8058030009269714,0.8393779993057251,0.8058030009269714,0.8058030009269714,7445,0.0,0.0,0.0
2013-06-28 00:00:00+08:00,0.8058030009269714,0.8058030009269714,0.8058030009269714,0.8058030009269714,5956,0.0,0.0,0.0
2013-07-01 00:00:00+08:00,0.8058030009269714,0.8058030009269714,0.7722269892692566,0.7722269892692566,16976,0.0,0.0,0.0
2013-07-02 00:00:00+08:00,0.7722269892692566,0.7722269892692566,0.7722269892692566,0.7722269892692566,64184,0.0,0.0,0.0
2013-07-03 00:00:00+08:00,0.7722269892692566,0.7722269892692566,0.7722269892692566,0.7722269892692566,6522,0.0,0.0,0.0
2013-07-04 00:00:00+08:00,0.7722269892692566,0.7722269892692566,0.7722269892692566,0.7722269892692566,13104,0.0,0.0,0.0
2013-07-05 00:00:00+08:00,0.8058030009269714,0.8058030009269714,0.8058030009269714,0.8058030009269714,27014,0.0,0.0,0.0
2013-07-08 00:00:00+08:00,0.8058030009269714,0.8058030009269714,0.7722269892692566,0.8058030009269714,77795,0.0,0.0,0.0
2013-07-09 00:00:00+08:00,0.7722269892692566,0.8058030009269714,0.7722269892692566,0.7722269892692566,89351,0.0,0.0,0.0
2013-07-10 00:00:00+08:00,0.7722269892692566,0.7722269892692566,0.7722269892692566,0.7722269892692566,27996,0.0,0.0,0.0
2013-07-11 00:00:00+08:00,0.7722269892692566,0.7722269892692566,0.7722269892692566,0.7722269892692566,0,0.0,0.0,0.0
2013-07-12 00:00:00+08:00,0.7722269892692566,0.8058030009269714,0.7386519908905029,0.7386519908905029,110974,0.0,0.0,0.0
2013-07-15 00:00:00+08:00,0.7386519908905029,0.7386519908905029,0.7050769925117493,0.7386519908905029,24988,0.0,0.0,0.0
2013-07-16 00:00:00+08:00,0.7386519908905029,0.8393779993057251,0.7386519908905029,0.8058030009269714,96142,0.0,0.0,0.0
2013-07-17 00:00:00+08:00,0.8058030009269714,0.8058030009269714,0.8058030009269714,0.8058030009269714,34549,0.0,0.0,0.0
2013-07-18 00:00:00+08:00,0.8058030009269714,0.8393779993057251,0.7386519908905029,0.7722269892692566,53968,0.0,0.0,0.0
2013-07-19 00:00:00+08:00,0.7722269892692566,0.7722269892692566,0.7722269892692566,0.7722269892692566,26656,0.0,0.0,0.0
2013-07-22 00:00:00+08:00,0.8058030009269714,0.8058030009269714,0.7722269892692566,0.8058030009269714,26209,0.0,0.0,0.0
2013-07-23 00:00:00+08:00,0.8058030009269714,0.8058030009269714,0.8058030009269714,0.8058030009269714,9381,0.0,0.0,0.0
2013-07-24 00:00:00+08:00,0.7722269892692566,0.8393779993057251,0.7722269892692566,0.8393779993057251,176350,0.0,0.0,0.0
2013-07-25 00:00:00+08:00,0.8393779993057251,0.8729529976844788,0.8058030009269714,0.8393779993057251,212925,0.0,0.0,0.0
2013-07-26 00:00:00+08:00,0.8729529976844788,1.0408289432525635,0.8729529976844788,0.9065279960632324,687800,0.0,0.0,0.0
2013-07-29 00:00:00+08:00,0.9065279960632324,0.9065279960632324,0.8393779993057251,0.8393779993057251,65435,0.0,0.0,0.0
2013-07-30 00:00:00+08:00,0.8729529976844788,0.8729529976844788,0.8393779993057251,0.8393779993057251,26060,0.0,0.0,0.0
2013-07-31 00:00:00+08:00,0.8729529976844788,0.8729529976844788,0.8058030009269714,0.8058030009269714,16440,0.0,0.0,0.0
2013-08-01 00:00:00+08:00,0.8058030009269714,0.8393779993057251,0.7722269892692566,0.8058030009269714,70498,0.0,0.0,0.0
2013-08-02 00:00:00+08:00,0.8058030009269714,0.8729529976844788,0.8058030009269714,0.8058030009269714,152464,0.0,0.0,0.0
2013-08-05 00:00:00+08:00,0.8058030009269714,0.8058030009269714,0.7722269892692566,0.8058030009269714,102218,0.0,0.0,0.0
2013-08-06 00:00:00+08:00,0.7722269892692566,0.8058030009269714,0.7722269892692566,0.7722269892692566,6403,0.0,0.0,0.0
2013-08-07 00:00:00+08:00,0.7722269892692566,0.7722269892692566,0.7722269892692566,0.7722269892692566,5956,0.0,0.0,0.0
2013-08-12 00:00:00+08:00,0.7722269892692566,0.8058030009269714,0.7722269892692566,0.8058030009269714,15189,0.0,0.0,0.0
2013-08-13 00:00:00+08:00,0.7722269892692566,0.8058030009269714,0.7722269892692566,0.8058030009269714,60044,0.0,0.0,0.0
2013-08-14 00:00:00+08:00,0.8393779993057251,0.8729529976844788,0.8058030009269714,0.8058030009269714,76812,0.0,0.0,0.0
2013-08-15 00:00:00+08:00,0.8058030009269714,0.8058030009269714,0.8058030009269714,0.8058030009269714,9888,0.0,0.0,0.0
2013-08-16 00:00:00+08:00,0.8058030009269714,0.8393779993057251,0.8058030009269714,0.8393779993057251,11913,0.0,0.0,0.0
2013-08-19 00:00:00+08:00,0.8393779993057251,0.8393779993057251,0.8058030009269714,0.8058030009269714,54474,0.0,0.0,0.0
2013-08-20 00:00:00+08:00,0.8058030009269714,0.8058030009269714,0.8058030009269714,0.8058030009269714,23827,0.0,0.0,0.0
2013-08-21 00:00:00+08:00,0.8058030009269714,0.8058030009269714,0.7722269892692566,0.7722269892692566,23082,0.0,0.0,0.0
2013-08-22 00:00:00+08:00,0.8058030009269714,0.8058030009269714,0.7722269892692566,0.8058030009269714,53104,0.0,0.0,0.0
2013-08-23 00:00:00+08:00,0.8393779993057251,0.8393779993057251,0.7722269892692566,0.8393779993057251,84169,0.0,0.0,0.0
2013-08-26 00:00:00+08:00,0.7722269892692566,0.7722269892692566,0.7722269892692566,0.7722269892692566,29,0.0,0.0,0.0
2013-08-27 00:00:00+08:00,0.8058030009269714,0.8058030009269714,0.7722269892692566,0.7722269892692566,46462,0.0,0.0,0.0
2013-08-28 00:00:00+08:00,0.7722269892692566,0.7722269892692566,0.7386519908905029,0.7722269892692566,55487,0.0,0.0,0.0
2013-08-29 00:00:00+08:00,0.7722269892692566,0.7722269892692566,0.7722269892692566,0.7722269892692566,25137,0.0,0.0,0.0
2013-08-30 00:00:00+08:00,0.7722269892692566,0.9065279960632324,0.7722269892692566,0.8393779993057251,461800,0.0,0.0,0.0
2013-09-02 00:00:00+08:00,0.8393779993057251,0.8393779993057251,0.7722269892692566,0.7722269892692566,194131,0.0,0.0,0.0
2013-09-03 00:00:00+08:00,0.7722269892692566,0.8058030009269714,0.7722269892692566,0.8058030009269714,52479,0.0,0.0,0.0
2013-09-04 00:00:00+08:00,0.8058030009269714,0.9401029944419861,0.7722269892692566,0.9401029944419861,257482,0.0,0.0,0.0
2013-09-05 00:00:00+08:00,0.9736779928207397,1.242279052734375,0.9736779928207397,1.074404001235962,4168085,0.0,0.0,0.0
2013-09-06 00:00:00+08:00,1.074404001235962,1.074404001235962,0.9401029944419861,0.9736779928207397,274369,0.0,0.0,0.0
2013-09-09 00:00:00+08:00,0.9736779928207397,1.0408289432525635,0.9401029944419861,1.0072530508041382,295546,0.0,0.0,0.0
2013-09-10 00:00:00+08:00,1.0072530508041382,1.0072530508041382,0.9736779928207397,1.0072530508041382,122709,0.0,0.0,0.0
2013-09-11 00:00:00+08:00,1.0072530508041382,1.0408289432525635,0.9401029944419861,0.9401029944419861,255933,0.0,0.0,0.0
2013-09-12 00:00:00+08:00,0.9736779928207397,0.9736779928207397,0.9401029944419861,0.9401029944419861,218405,0.0,0.0,0.0
2013-09-13 00:00:00+08:00,0.9401029944419861,0.9736779928207397,0.9065279960632324,0.9065279960632324,296975,0.0,0.0,0.0
2013-09-16 00:00:00+08:00,0.9065279960632324,0.9736779928207397,0.9065279960632324,0.9401029944419861,259001,0.0,0.0,0.0
2013-09-17 00:00:00+08:00,0.9401029944419861,0.9401029944419861,0.9065279960632324,0.9065279960632324,36812,0.0,0.0,0.0
2013-09-18 00:00:00+08:00,0.9401029944419861,0.9736779928207397,0.9065279960632324,0.9401029944419861,197705,0.0,0.0,0.0
2013-09-19 00:00:00+08:00,0.9401029944419861,0.9736779928207397,0.9065279960632324,0.9065279960632324,223200,0.0,0.0,0.0
2013-09-20 00:00:00+08:00,0.9401029944419861,0.9401029944419861,0.9065279960632324,0.9065279960632324,150051,0.0,0.0,0.0
2013-09-23 00:00:00+08:00,0.9065279960632324,0.9065279960632324,0.8729529976844788,0.9065279960632324,127237,0.0,0.0,0.0
2013-09-24 00:00:00+08:00,0.8729529976844788,0.9065279960632324,0.8729529976844788,0.8729529976844788,82799,0.0,0.0,0.0
2013-09-25 00:00:00+08:00,0.8729529976844788,1.0072530508041382,0.8729529976844788,0.9736779928207397,562559,0.0,0.0,0.0
2013-09-26 00:00:00+08:00,0.9736779928207397,1.0408289432525635,0.9401029944419861,1.0072530508041382,401160,0.0,0.0,0.0
2013-09-27 00:00:00+08:00,1.0408289432525635,1.0408289432525635,0.9401029944419861,0.9736779928207397,347012,0.0,0.0,0.0
2013-09-30 00:00:00+08:00,0.9401029944419861,0.9401029944419861,0.9065279960632324,0.9065279960632324,50275,0.0,0.0,0.0
2013-10-01 00:00:00+08:00,0.9065279960632324,0.9065279960632324,0.9065279960632324,0.9065279960632324,16470,0.0,0.0,0.0
2013-10-02 00:00:00+08:00,0.9065279960632324,0.9065279960632324,0.8729529976844788,0.9065279960632324,40208,0.0,0.0,0.0
2013-10-03 00:00:00+08:00,0.9065279960632324,0.9065279960632324,0.8729529976844788,0.8729529976844788,113536,0.0,0.0,0.0
2013-10-04 00:00:00+08:00,0.8729529976844788,0.8729529976844788,0.8058030009269714,0.8058030009269714,230468,0.0,0.0,0.0
2013-10-07 00:00:00+08:00,0.8058030009269714,0.8058030009269714,0.7722269892692566,0.7722269892692566,144154,0.0,0.0,0.0
2013-10-08 00:00:00+08:00,0.7722269892692566,0.8058030009269714,0.7722269892692566,0.8058030009269714,66418,0.0,0.0,0.0
2013-10-09 00:00:00+08:00,0.8393779993057251,0.8729529976844788,0.8393779993057251,0.8393779993057251,163096,0.0,0.0,0.0
2013-10-10 00:00:00+08:00,0.9065279960632324,0.9401029944419861,0.8393779993057251,0.8729529976844788,289351,0.0,0.0,0.0
2013-10-11 00:00:00+08:00,0.9065279960632324,0.9065279960632324,0.8729529976844788,0.8729529976844788,81042,0.0,0.0,0.0
2013-10-14 00:00:00+08:00,0.8729529976844788,0.8729529976844788,0.8729529976844788,0.8729529976844788,0,0.0,0.0,0.0
2013-10-16 00:00:00+08:00,0.8058030009269714,0.8058030009269714,0.8058030009269714,0.8058030009269714,32464,0.0,0.0,0.0
2013-10-17 00:00:00+08:00,0.8393779993057251,0.8393779993057251,0.8393779993057251,0.8393779993057251,51377,0.0,0.0,0.0
2013-10-18 00:00:00+08:00,0.8393779993057251,0.8393779993057251,0.8393779993057251,0.8393779993057251,14891,0.0,0.0,0.0
2013-10-21 00:00:00+08:00,0.8393779993057251,0.8729529976844788,0.8393779993057251,0.8393779993057251,33596,0.0,0.0,0.0
2013-10-22 00:00:00+08:00,0.8058030009269714,0.8393779993057251,0.8058030009269714,0.8393779993057251,17900,0.0,0.0,0.0
2013-10-23 00:00:00+08:00,0.8393779993057251,0.8393779993057251,0.8393779993057251,0.8393779993057251,23082,0.0,0.0,0.0
2013-10-24 00:00:00+08:00,0.8729529976844788,0.9065279960632324,0.8729529976844788,0.8729529976844788,40089,0.0,0.0,0.0
2013-10-25 00:00:00+08:00,0.8729529976844788,0.8729529976844788,0.8729529976844788,0.8729529976844788,14891,0.0,0.0,0.0
2013-10-28 00:00:00+08:00,0.8729529976844788,0.8729529976844788,0.8058030009269714,0.8058030009269714,28949,0.0,0.0,0.0
2013-10-29 00:00:00+08:00,0.8058030009269714,0.8729529976844788,0.8058030009269714,0.8058030009269714,41697,0.0,0.0,0.0
2013-10-30 00:00:00+08:00,0.8058030009269714,0.8393779993057251,0.8058030009269714,0.8393779993057251,11764,0.0,0.0,0.0
2013-10-31 00:00:00+08:00,0.8058030009269714,0.8058030009269714,0.8058030009269714,0.8058030009269714,1489,0.0,0.0,0.0
2013-11-01 00:00:00+08:00,0.8058030009269714,0.8058030009269714,0.8058030009269714,0.8058030009269714,23827,0.0,0.0,0.0
2013-11-05 00:00:00+08:00,0.8058030009269714,0.8058030009269714,0.8058030009269714,0.8058030009269714,43097,0.0,0.0,0.0
2013-11-06 00:00:00+08:00,0.8058030009269714,0.8393779993057251,0.8058030009269714,0.8393779993057251,19061,0.0,0.0,0.0
2013-11-07 00:00:00+08:00,0.8058030009269714,0.8058030009269714,0.8058030009269714,0.8058030009269714,48071,0.0,0.0,0.0
2013-11-08 00:00:00+08:00,0.8058030009269714,0.8058030009269714,0.8058030009269714,0.8058030009269714,0,0.0,0.0,0.0
2013-11-11 00:00:00+08:00,0.8058030009269714,0.8058030009269714,0.8058030009269714,0.8058030009269714,35740,0.0,0.0,0.0
2013-11-12 00:00:00+08:00,0.7722269892692566,0.7722269892692566,0.7722269892692566,0.7722269892692566,29783,0.0,0.0,0.0
2013-11-13 00:00:00+08:00,0.7722269892692566,0.8058030009269714,0.7722269892692566,0.8058030009269714,75234,0.0,0.0,0.0
2013-11-14 00:00:00+08:00,0.8058030009269714,0.8058030009269714,0.7722269892692566,0.7722269892692566,22189,0.0,0.0,0.0
2013-11-15 00:00:00+08:00,0.7722269892692566,0.8058030009269714,0.7722269892692566,0.8058030009269714,3871,0.0,0.0,0.0
2013-11-18 00:00:00+08:00,0.7722269892692566,0.8058030009269714,0.7722269892692566,0.8058030009269714,6254,0.0,0.0,0.0
2013-11-19 00:00:00+08:00,0.8058030009269714,0.8393779993057251,0.8058030009269714,0.8393779993057251,32464,0.0,0.0,0.0
2013-11-20 00:00:00+08:00,0.8058030009269714,0.8058030009269714,0.7722269892692566,0.7722269892692566,41101,0.0,0.0,0.0
2013-11-21 00:00:00+08:00,0.7722269892692566,0.7722269892692566,0.7722269892692566,0.7722269892692566,2978,0.0,0.0,0.0
2013-11-22 00:00:00+08:00,0.8058030009269714,0.8058030009269714,0.7722269892692566,0.7722269892692566,3008,0.0,0.0,0.0
2013-11-25 00:00:00+08:00,0.8058030009269714,0.8058030009269714,0.8058030009269714,0.8058030009269714,23856,0.0,0.0,0.0
2013-11-26 00:00:00+08:00,0.8058030009269714,0.8058030009269714,0.8058030009269714,0.8058030009269714,29,0.0,0.0,0.0
2013-11-27 00:00:00+08:00,0.8058030009269714,0.8058030009269714,0.7722269892692566,0.7722269892692566,1995,0.0,0.0,0.0
2013-11-28 00:00:00+08:00,0.8058030009269714,0.8393779993057251,0.7722269892692566,0.7722269892692566,24631,0.0,0.0,0.0
2013-11-29 00:00:00+08:00,0.8058030009269714,0.8058030009269714,0.8058030009269714,0.8058030009269714,2978,0.0,0.0,0.0
2013-12-02 00:00:00+08:00,0.8058030009269714,0.8058030009269714,0.7722269892692566,0.7722269892692566,6195,0.0,0.0,0.0
2013-12-03 00:00:00+08:00,0.8058030009269714,0.8058030009269714,0.7722269892692566,0.7722269892692566,16321,0.0,0.0,0.0
2013-12-04 00:00:00+08:00,0.7722269892692566,0.8058030009269714,0.7722269892692566,0.7722269892692566,10454,0.0,0.0,0.0
2013-12-05 00:00:00+08:00,0.8058030009269714,0.8058030009269714,0.7722269892692566,0.7722269892692566,1518,0.0,0.0,0.0
2013-12-06 00:00:00+08:00,0.7386519908905029,0.7386519908905029,0.7386519908905029,0.7386519908905029,1489,0.0,0.0,0.0
2013-12-09 00:00:00+08:00,0.7386519908905029,0.7386519908905029,0.7386519908905029,0.7386519908905029,29,0.0,0.0,0.0
2013-12-10 00:00:00+08:00,0.7386519908905029,0.7722269892692566,0.7386519908905029,0.7722269892692566,10841,0.0,0.0,0.0
2013-12-11 00:00:00+08:00,0.7386519908905029,0.7386519908905029,0.7386519908905029,0.7386519908905029,1489,0.0,0.0,0.0
2013-12-12 00:00:00+08:00,0.7386519908905029,0.7386519908905029,0.7386519908905029,0.7386519908905029,0,0.0,0.0,0.0
2013-12-13 00:00:00+08:00,0.7722269892692566,0.7722269892692566,0.7386519908905029,0.7386519908905029,59,0.0,0.0,0.0
2013-12-16 00:00:00+08:00,0.7722269892692566,0.7722269892692566,0.7722269892692566,0.7722269892692566,29,0.0,0.0,0.0
2013-12-17 00:00:00+08:00,0.7722269892692566,0.7722269892692566,0.7722269892692566,0.7722269892692566,29,0.0,0.0,0.0
2013-12-18 00:00:00+08:00,0.7722269892692566,0.7722269892692566,0.7722269892692566,0.7722269892692566,5063,0.0,0.0,0.0
2013-12-19 00:00:00+08:00,0.7722269892692566,0.7722269892692566,0.7722269892692566,0.7722269892692566,2978,0.0,0.0,0.0
2013-12-20 00:00:00+08:00,0.7722269892692566,0.8058030009269714,0.7722269892692566,0.8058030009269714,6582,0.0,0.0,0.0
2013-12-23 00:00:00+08:00,0.7722269892692566,0.8393779993057251,0.7722269892692566,0.8058030009269714,14653,0.0,0.0,0.0
2013-12-24 00:00:00+08:00,0.8058030009269714,0.8058030009269714,0.7722269892692566,0.8058030009269714,21831,0.0,0.0,0.0
2013-12-26 00:00:00+08:00,0.8058030009269714,0.8729529976844788,0.8058030009269714,0.8393779993057251,82024,0.0,0.0,0.0
2013-12-27 00:00:00+08:00,0.8729529976844788,0.8729529976844788,0.8058030009269714,0.8393779993057251,111838,0.0,0.0,0.0
2013-12-30 00:00:00+08:00,0.8393779993057251,0.8729529976844788,0.8058030009269714,0.8393779993057251,111332,0.0,0.0,0.0
2013-12-31 00:00:00+08:00,0.8729529976844788,0.8729529976844788,0.8058030009269714,0.8058030009269714,3306,0.0,0.0,0.0
2014-01-02 00:00:00+08:00,0.8058030009269714,0.8729529976844788,0.8058030009269714,0.8393779993057251,66328,0.0,0.0,0.0
2014-01-03 00:00:00+08:00,0.8393779993057251,0.8393779993057251,0.8058030009269714,0.8058030009269714,23171,0.0,0.0,0.0
2014-01-06 00:00:00+08:00,0.8393779993057251,0.8729529976844788,0.8393779993057251,0.8393779993057251,82978,0.0,0.0,0.0
2014-01-07 00:00:00+08:00,0.8393779993057251,0.9736779928207397,0.8393779993057251,0.9736779928207397,452209,0.0,0.0,0.0
2014-01-08 00:00:00+08:00,0.9736779928207397,1.0072530508041382,0.9065279960632324,0.9065279960632324,941530,0.0,0.0,0.0
2014-01-09 00:00:00+08:00,0.9065279960632324,0.9065279960632324,0.8393779993057251,0.8393779993057251,242381,0.0,0.0,0.0
2014-01-10 00:00:00+08:00,0.8393779993057251,0.8729529976844788,0.8058030009269714,0.8058030009269714,572030,0.0,0.0,0.0
2014-01-13 00:00:00+08:00,0.8058030009269714,0.8058030009269714,0.8058030009269714,0.8058030009269714,211466,0.0,0.0,0.0
2014-01-14 00:00:00+08:00,0.8058030009269714,0.8393779993057251,0.8058030009269714,0.8058030009269714,139418,0.0,0.0,0.0
2014-01-15 00:00:00+08:00,0.8058030009269714,0.8058030009269714,0.8058030009269714,0.8058030009269714,118272,0.0,0.0,0.0
2014-01-16 00:00:00+08:00,0.8058030009269714,0.8058030009269714,0.7722269892692566,0.7722269892692566,866564,0.0,0.0,0.0
2014-01-17 00:00:00+08:00,0.7722269892692566,0.8058030009269714,0.7386519908905029,0.8058030009269714,74995,0.0,0.0,0.0
2014-01-20 00:00:00+08:00,0.8058030009269714,0.8058030009269714,0.7722269892692566,0.8058030009269714,47088,0.0,0.0,0.0
2014-01-21 00:00:00+08:00,0.7722269892692566,0.7722269892692566,0.7386519908905029,0.7722269892692566,652298,0.0,0.0,0.0
2014-01-22 00:00:00+08:00,0.7386519908905029,0.7722269892692566,0.7386519908905029,0.7386519908905029,259745,0.0,0.0,0.0
2014-01-23 00:00:00+08:00,0.7386519908905029,0.7722269892692566,0.7050769925117493,0.7386519908905029,163067,0.0,0.0,0.0
2014-01-24 00:00:00+08:00,0.7386519908905029,0.7386519908905029,0.7050769925117493,0.7050769925117493,97304,0.0,0.0,0.0
2014-01-27 00:00:00+08:00,0.7050769925117493,0.7386519908905029,0.6715019941329956,0.7386519908905029,55904,0.0,0.0,0.0
2014-01-28 00:00:00+08:00,0.7050769925117493,0.7050769925117493,0.6715019941329956,0.6715019941329956,127058,0.0,0.0,0.0
2014-01-29 00:00:00+08:00,0.6715019941329956,0.6715019941329956,0.6379269957542419,0.6379269957542419,57751,0.0,0.0,0.0
2014-01-30 00:00:00+08:00,0.6379269957542419,0.6379269957542419,0.6043519973754883,0.6379269957542419,79255,0.0,0.0,0.0
2014-02-03 00:00:00+08:00,0.6715019941329956,0.6715019941329956,0.6379269957542419,0.6379269957542419,22516,0.0,0.0,0.0
2014-02-04 00:00:00+08:00,0.6379269957542419,0.6715019941329956,0.6043519973754883,0.6379269957542419,63231,0.0,0.0,0.0
2014-02-05 00:00:00+08:00,0.6715019941329956,0.6715019941329956,0.6379269957542419,0.6379269957542419,31273,0.0,0.0,0.0
2014-02-06 00:00:00+08:00,0.6379269957542419,0.6715019941329956,0.6043519973754883,0.6379269957542419,41489,0.0,0.0,0.0
2014-02-07 00:00:00+08:00,0.6715019941329956,0.6715019941329956,0.6715019941329956,0.6715019941329956,92955,0.0,0.0,0.0
2014-02-10 00:00:00+08:00,0.6715019941329956,0.6715019941329956,0.6379269957542419,0.6715019941329956,74102,0.0,0.0,0.0
2014-02-11 00:00:00+08:00,0.6379269957542419,0.7050769925117493,0.6379269957542419,0.6715019941329956,10186,0.0,0.0,0.0
2014-02-12 00:00:00+08:00,0.6379269957542419,0.6715019941329956,0.6379269957542419,0.6379269957542419,47445,0.0,0.0,0.0
2014-02-13 00:00:00+08:00,0.6379269957542419,0.6715019941329956,0.6379269957542419,0.6715019941329956,166998,0.0,0.0,0.0
2014-02-14 00:00:00+08:00,0.6715019941329956,0.6715019941329956,0.6379269957542419,0.6715019941329956,75412,0.0,0.0,0.0
2014-02-17 00:00:00+08:00,0.6715019941329956,0.7386519908905029,0.6715019941329956,0.7386519908905029,213938,0.0,0.0,0.0
2014-02-18 00:00:00+08:00,0.7050769925117493,0.7386519908905029,0.7050769925117493,0.7050769925117493,73953,0.0,0.0,0.0
2014-02-19 00:00:00+08:00,0.7386519908905029,0.7386519908905029,0.6715019941329956,0.7050769925117493,35859,0.0,0.0,0.0
2014-02-20 00:00:00+08:00,0.7050769925117493,0.7386519908905029,0.6715019941329956,0.7050769925117493,62576,0.0,0.0,0.0
2014-02-21 00:00:00+08:00,0.7386519908905029,0.7386519908905029,0.7050769925117493,0.7050769925117493,327,0.0,0.0,0.0
2014-02-24 00:00:00+08:00,0.6715019941329956,0.7386519908905029,0.6715019941329956,0.6715019941329956,4378,0.0,0.0,0.0
2014-02-25 00:00:00+08:00,0.6715019941329956,0.7050769925117493,0.6715019941329956,0.7050769925117493,8875,0.0,0.0,0.0
2014-02-26 00:00:00+08:00,0.6715019941329956,0.7050769925117493,0.6715019941329956,0.7050769925117493,32285,0.0,0.0,0.0
2014-02-27 00:00:00+08:00,0.6715019941329956,0.7386519908905029,0.6715019941329956,0.7050769925117493,10096,0.0,0.0,0.0
2014-02-28 00:00:00+08:00,0.7050769925117493,0.7050769925117493,0.7050769925117493,0.7050769925117493,16381,0.0,0.0,0.0
2014-03-03 00:00:00+08:00,0.7050769925117493,0.7050769925117493,0.6379269957542419,0.7050769925117493,85926,0.0,0.0,0.0
2014-03-04 00:00:00+08:00,0.6715019941329956,0.7386519908905029,0.6715019941329956,0.7386519908905029,55666,0.0,0.0,0.0
2014-03-05 00:00:00+08:00,0.7050769925117493,0.7050769925117493,0.7050769925117493,0.7050769925117493,5956,0.0,0.0,0.0
2014-03-06 00:00:00+08:00,0.7386519908905029,0.7386519908905029,0.6715019941329956,0.6715019941329956,11109,0.0,0.0,0.0
2014-03-07 00:00:00+08:00,0.6715019941329956,0.6715019941329956,0.6715019941329956,0.6715019941329956,29,0.0,0.0,0.0
2014-03-10 00:00:00+08:00,0.6715019941329956,0.7050769925117493,0.6715019941329956,0.7050769925117493,14951,0.0,0.0,0.0
2014-03-11 00:00:00+08:00,0.6715019941329956,0.7386519908905029,0.6715019941329956,0.7050769925117493,11913,0.0,0.0,0.0
2014-03-12 00:00:00+08:00,0.6715019941329956,0.7050769925117493,0.6715019941329956,0.7050769925117493,3722,0.0,0.0,0.0
2014-03-13 00:00:00+08:00,0.6715019941329956,0.7386519908905029,0.6715019941329956,0.7386519908905029,59,0.0,0.0,0.0
2014-03-14 00:00:00+08:00,0.7386519908905029,0.7386519908905029,0.7386519908905029,0.7386519908905029,0,0.0,0.0,0.0
2014-03-17 00:00:00+08:00,0.7386519908905029,0.7386519908905029,0.6715019941329956,0.6715019941329956,5688,0.0,0.0,0.0
2014-03-18 00:00:00+08:00,0.6715019941329956,0.7386519908905029,0.6715019941329956,0.7050769925117493,6016,0.0,0.0,0.0
2014-03-19 00:00:00+08:00,0.6715019941329956,0.7050769925117493,0.6715019941329956,0.7050769925117493,1518,0.0,0.0,0.0
2014-03-20 00:00:00+08:00,0.6715019941329956,0.6715019941329956,0.6715019941329956,0.6715019941329956,5837,0.0,0.0,0.0
2014-03-21 00:00:00+08:00,0.7050769925117493,0.7386519908905029,0.7050769925117493,0.7386519908905029,2978,0.0,0.0,0.0
2014-03-24 00:00:00+08:00,0.6715019941329956,0.6715019941329956,0.6715019941329956,0.6715019941329956,2978,0.0,0.0,0.0
2014-03-25 00:00:00+08:00,0.7050769925117493,0.7050769925117493,0.6715019941329956,0.6715019941329956,16381,0.0,0.0,0.0
2014-03-26 00:00:00+08:00,0.7050769925117493,0.7386519908905029,0.7050769925117493,0.7050769925117493,34251,0.0,0.0,0.0
2014-03-27 00:00:00+08:00,0.7050769925117493,0.7050769925117493,0.7050769925117493,0.7050769925117493,0,0.0,0.0,0.0
2014-03-28 00:00:00+08:00,0.7050769925117493,0.7050769925117493,0.7050769925117493,0.7050769925117493,0,0.0,0.0,0.0
2014-03-31 00:00:00+08:00,0.7050769925117493,0.7722269892692566,0.7050769925117493,0.7722269892692566,69277,0.0,0.0,0.0
2014-04-01 00:00:00+08:00,0.7722269892692566,0.7722269892692566,0.7386519908905029,0.7722269892692566,79880,0.0,0.0,0.0
2014-04-02 00:00:00+08:00,0.7386519908905029,0.7722269892692566,0.7386519908905029,0.7722269892692566,18406,0.0,0.0,0.0
2014-04-03 00:00:00+08:00,0.7050769925117493,0.7722269892692566,0.7050769925117493,0.7722269892692566,89,0.0,0.0,0.0
2014-04-04 00:00:00+08:00,0.7386519908905029,0.7386519908905029,0.7050769925117493,0.7050769925117493,7773,0.0,0.0,0.0
2014-04-07 00:00:00+08:00,0.7050769925117493,0.7050769925117493,0.7050769925117493,0.7050769925117493,15487,0.0,0.0,0.0
2014-04-08 00:00:00+08:00,0.7050769925117493,0.7386519908905029,0.7050769925117493,0.7050769925117493,29813,0.0,0.0,0.0
2014-04-09 00:00:00+08:00,0.7386519908905029,0.7386519908905029,0.7050769925117493,0.7050769925117493,3276,0.0,0.0,0.0
2014-04-10 00:00:00+08:00,0.7050769925117493,0.7386519908905029,0.7050769925117493,0.7050769925117493,5331,0.0,0.0,0.0
2014-04-11 00:00:00+08:00,0.7050769925117493,0.7386519908905029,0.7050769925117493,0.7050769925117493,11913,0.0,0.0,0.0
2014-04-14 00:00:00+08:00,0.7050769925117493,0.7050769925117493,0.7050769925117493,0.7050769925117493,17274,0.0,0.0,0.0
2014-04-15 00:00:00+08:00,0.7386519908905029,0.8729529976844788,0.7386519908905029,0.7722269892692566,1809166,0.0,0.0,0.0
2014-04-16 00:00:00+08:00,0.7722269892692566,0.7722269892692566,0.7050769925117493,0.7386519908905029,100044,0.0,0.0,0.0
2014-04-17 00:00:00+08:00,0.7722269892692566,0.7722269892692566,0.7386519908905029,0.7386519908905029,6224,0.0,0.0,0.0
2014-04-21 00:00:00+08:00,0.7386519908905029,0.7386519908905029,0.7050769925117493,0.7386519908905029,17959,0.0,0.0,0.0
2014-04-22 00:00:00+08:00,0.7050769925117493,0.7386519908905029,0.7050769925117493,0.7050769925117493,99359,0.0,0.0,0.0
2014-04-23 00:00:00+08:00,0.7050769925117493,0.8058030009269714,0.7050769925117493,0.7050769925117493,832669,0.0,0.0,0.0
2014-04-24 00:00:00+08:00,0.7050769925117493,0.7386519908905029,0.7050769925117493,0.7386519908905029,41399,0.0,0.0,0.0
2014-04-25 00:00:00+08:00,0.7050769925117493,0.7050769925117493,0.7050769925117493,0.7050769925117493,99448,0.0,0.0,0.0
2014-04-28 00:00:00+08:00,0.7050769925117493,0.7386519908905029,0.7050769925117493,0.7386519908905029,131913,0.0,0.0,0.0
2014-04-29 00:00:00+08:00,0.7386519908905029,0.7386519908905029,0.7050769925117493,0.7050769925117493,13432,0.0,0.0,0.0
2014-04-30 00:00:00+08:00,0.7050769925117493,0.7050769925117493,0.6715019941329956,0.6715019941329956,84288,0.0,0.0,0.0
2014-05-02 00:00:00+08:00,0.6715019941329956,0.7050769925117493,0.6715019941329956,0.6715019941329956,80565,0.0,0.0,0.0
2014-05-05 00:00:00+08:00,0.6715019941329956,0.7050769925117493,0.6715019941329956,0.6715019941329956,38689,0.0,0.0,0.0
2014-05-06 00:00:00+08:00,0.6715019941329956,0.6715019941329956,0.6379269957542419,0.6715019941329956,242888,0.0,0.0,0.0
2014-05-07 00:00:00+08:00,0.6379269957542419,0.6379269957542419,0.6379269957542419,0.6379269957542419,56589,0.0,0.0,0.0
2014-05-08 00:00:00+08:00,0.6715019941329956,0.6715019941329956,0.6715019941329956,0.6715019941329956,143856,0.0,0.0,0.0
2014-05-09 00:00:00+08:00,0.6715019941329956,0.6715019941329956,0.6379269957542419,0.6379269957542419,47505,0.0,0.0,0.0
2014-05-12 00:00:00+08:00,0.6379269957542419,0.6715019941329956,0.6043519973754883,0.6715019941329956,152881,0.0,0.0,0.0
2014-05-14 00:00:00+08:00,0.6379269957542419,0.6715019941329956,0.6379269957542419,0.6715019941329956,106269,0.0,0.0,0.0
2014-05-15 00:00:00+08:00,0.6379269957542419,0.6379269957542419,0.6379269957542419,0.6379269957542419,81369,0.0,0.0,0.0
2014-05-16 00:00:00+08:00,0.6043519973754883,0.6379269957542419,0.6043519973754883,0.6379269957542419,11615,0.0,0.0,0.0
2014-05-19 00:00:00+08:00,0.6043519973754883,0.6379269957542419,0.6043519973754883,0.6379269957542419,19359,0.0,0.0,0.0
2014-05-20 00:00:00+08:00,0.6379269957542419,0.6379269957542419,0.6379269957542419,0.6379269957542419,1370,0.0,0.0,0.0
2014-05-21 00:00:00+08:00,0.6379269957542419,0.6379269957542419,0.6379269957542419,0.6379269957542419,4735,0.0,0.0,0.0
2014-05-22 00:00:00+08:00,0.6043519973754883,0.6043519973754883,0.6043519973754883,0.6043519973754883,47356,0.0,0.0,0.0
2014-05-23 00:00:00+08:00,0.6043519973754883,0.6043519973754883,0.6043519973754883,0.6043519973754883,2084,0.0,0.0,0.0
2014-05-26 00:00:00+08:00,0.6043519973754883,0.6043519973754883,0.6043519973754883,0.6043519973754883,24422,0.0,0.0,0.0
2014-05-27 00:00:00+08:00,0.6043519973754883,0.6043519973754883,0.6043519973754883,0.6043519973754883,6701,0.0,0.0,0.0
2014-05-28 00:00:00+08:00,0.6043519973754883,0.6043519973754883,0.6043519973754883,0.6043519973754883,244228,0.0,0.0,0.0
2014-05-29 00:00:00+08:00,0.6379269957542419,0.6379269957542419,0.6043519973754883,0.6043519973754883,171347,0.0,0.0,0.0
2014-05-30 00:00:00+08:00,0.6043519973754883,0.6043519973754883,0.5707769989967346,0.6043519973754883,167087,0.0,0.0,0.0
2014-06-02 00:00:00+08:00,0.5707769989967346,0.5707769989967346,0.5707769989967346,0.5707769989967346,5658,0.0,0.0,0.0
2014-06-03 00:00:00+08:00,0.5707769989967346,0.5707769989967346,0.5707769989967346,0.5707769989967346,1489,0.0,0.0,0.0
2014-06-04 00:00:00+08:00,0.5707769989967346,0.6043519973754883,0.5707769989967346,0.6043519973754883,55695,0.0,0.0,0.0
2014-06-05 00:00:00+08:00,0.6043519973754883,0.6379269957542419,0.5707769989967346,0.5707769989967346,313356,0.0,0.0,0.0
2014-06-06 00:00:00+08:00,0.5707769989967346,0.6043519973754883,0.5707769989967346,0.5707769989967346,18912,0.0,0.0,0.0
2014-06-09 00:00:00+08:00,0.5707769989967346,0.5707769989967346,0.5707769989967346,0.5707769989967346,8935,0.0,0.0,0.0
2014-06-10 00:00:00+08:00,0.5707769989967346,0.6379269957542419,0.5707769989967346,0.6379269957542419,619416,0.0,0.0,0.0
2014-06-11 00:00:00+08:00,0.6043519973754883,0.6379269957542419,0.5707769989967346,0.6043519973754883,254086,0.0,0.0,0.0
2014-06-12 00:00:00+08:00,0.6043519973754883,0.6043519973754883,0.5707769989967346,0.5707769989967346,57423,0.0,0.0,0.0
2014-06-13 00:00:00+08:00,0.5707769989967346,0.5707769989967346,0.5707769989967346,0.5707769989967346,94415,0.0,0.0,0.0
2014-06-16 00:00:00+08:00,0.5707769989967346,0.5707769989967346,0.5707769989967346,0.5707769989967346,13402,0.0,0.0,0.0
2014-06-17 00:00:00+08:00,0.5707769989967346,0.5707769989967346,0.537202000617981,0.5707769989967346,114281,0.0,0.0,0.0
2014-06-18 00:00:00+08:00,0.6043519973754883,0.6715019941329956,0.6043519973754883,0.6043519973754883,1250657,0.0,0.0,0.0
2014-06-19 00:00:00+08:00,0.6043519973754883,0.6043519973754883,0.5707769989967346,0.5707769989967346,27252,0.0,0.0,0.0
2014-06-20 00:00:00+08:00,0.5707769989967346,0.5707769989967346,0.5707769989967346,0.5707769989967346,18763,0.0,0.0,0.0
2014-06-23 00:00:00+08:00,0.5707769989967346,0.5707769989967346,0.5707769989967346,0.5707769989967346,30528,0.0,0.0,0.0
2014-06-24 00:00:00+08:00,0.5707769989967346,0.5707769989967346,0.5707769989967346,0.5707769989967346,301324,0.0,0.0,0.0
2014-06-25 00:00:00+08:00,0.5707769989967346,0.5707769989967346,0.537202000617981,0.5707769989967346,907457,0.0,0.0,0.0
2014-06-26 00:00:00+08:00,0.537202000617981,0.537202000617981,0.5036259889602661,0.5036259889602661,689260,0.0,0.0,0.0
2014-06-27 00:00:00+08:00,0.5036259889602661,0.537202000617981,0.5036259889602661,0.5036259889602661,392850,0.0,0.0,0.0
2014-06-30 00:00:00+08:00,0.5036259889602661,0.5036259889602661,0.47005099058151245,0.5036259889602661,82114,0.0,0.0,0.0
2014-07-01 00:00:00+08:00,0.47005099058151245,0.5036259889602661,0.47005099058151245,0.47005099058151245,78540,0.0,0.0,0.0
2014-07-02 00:00:00+08:00,0.5036259889602661,0.5036259889602661,0.47005099058151245,0.47005099058151245,102516,0.0,0.0,0.0
2014-07-03 00:00:00+08:00,0.47005099058151245,0.47005099058151245,0.47005099058151245,0.47005099058151245,80059,0.0,0.0,0.0
2014-07-04 00:00:00+08:00,0.5036259889602661,0.5036259889602661,0.47005099058151245,0.47005099058151245,65822,0.0,0.0,0.0
2014-07-07 00:00:00+08:00,0.5036259889602661,0.5036259889602661,0.47005099058151245,0.47005099058151245,40267,0.0,0.0,0.0
2014-07-08 00:00:00+08:00,0.47005099058151245,0.5036259889602661,0.47005099058151245,0.47005099058151245,91555,0.0,0.0,0.0
2014-07-09 00:00:00+08:00,0.47005099058151245,0.47005099058151245,0.47005099058151245,0.47005099058151245,20848,0.0,0.0,0.0
2014-07-10 00:00:00+08:00,0.47005099058151245,0.5036259889602661,0.47005099058151245,0.5036259889602661,27728,0.0,0.0,0.0
2014-07-11 00:00:00+08:00,0.5036259889602661,0.5036259889602661,0.47005099058151245,0.47005099058151245,54593,0.0,0.0,0.0
2014-07-14 00:00:00+08:00,0.47005099058151245,0.47005099058151245,0.47005099058151245,0.47005099058151245,25286,0.0,0.0,0.0
2014-07-15 00:00:00+08:00,0.47005099058151245,0.47005099058151245,0.47005099058151245,0.47005099058151245,40148,0.0,0.0,0.0
2014-07-16 00:00:00+08:00,0.5036259889602661,0.5036259889602661,0.5036259889602661,0.5036259889602661,1489,0.0,0.0,0.0
2014-07-17 00:00:00+08:00,0.47005099058151245,0.5036259889602661,0.47005099058151245,0.5036259889602661,51675,0.0,0.0,0.0
2014-07-18 00:00:00+08:00,0.47005099058151245,0.47005099058151245,0.47005099058151245,0.47005099058151245,59567,0.0,0.0,0.0
2014-07-21 00:00:00+08:00,0.47005099058151245,0.47005099058151245,0.47005099058151245,0.47005099058151245,34251,0.0,0.0,0.0
2014-07-22 00:00:00+08:00,0.47005099058151245,0.5036259889602661,0.47005099058151245,0.47005099058151245,21265,0.0,0.0,0.0
2014-07-23 00:00:00+08:00,0.5036259889602661,0.5036259889602661,0.47005099058151245,0.47005099058151245,9828,0.0,0.0,0.0
2014-07-24 00:00:00+08:00,0.5036259889602661,0.5707769989967346,0.47005099058151245,0.537202000617981,841128,0.0,0.0,0.0
2014-07-25 00:00:00+08:00,0.537202000617981,0.537202000617981,0.537202000617981,0.537202000617981,14891,0.0,0.0,0.0
2014-07-29 00:00:00+08:00,0.537202000617981,0.537202000617981,0.5036259889602661,0.5036259889602661,118986,0.0,0.0,0.0
2014-07-30 00:00:00+08:00,0.5036259889602661,0.537202000617981,0.47005099058151245,0.5036259889602661,23976,0.0,0.0,0.0
2014-07-31 00:00:00+08:00,0.5036259889602661,0.5036259889602661,0.47005099058151245,0.47005099058151245,83424,0.0,0.0,0.0
2014-08-01 00:00:00+08:00,0.5036259889602661,0.5036259889602661,0.47005099058151245,0.47005099058151245,40804,0.0,0.0,0.0
2014-08-04 00:00:00+08:00,0.47005099058151245,0.47005099058151245,0.47005099058151245,0.47005099058151245,133640,0.0,0.0,0.0
2014-08-05 00:00:00+08:00,0.47005099058151245,0.5036259889602661,0.47005099058151245,0.47005099058151245,71779,0.0,0.0,0.0
2014-08-06 00:00:00+08:00,0.4364759922027588,0.47005099058151245,0.4364759922027588,0.47005099058151245,35770,0.0,0.0,0.0
2014-08-07 00:00:00+08:00,0.4364759922027588,0.47005099058151245,0.4364759922027588,0.47005099058151245,102665,0.0,0.0,0.0
2014-08-08 00:00:00+08:00,0.47005099058151245,0.47005099058151245,0.4364759922027588,0.4364759922027588,32464,0.0,0.0,0.0
2014-08-11 00:00:00+08:00,0.4364759922027588,0.47005099058151245,0.4364759922027588,0.47005099058151245,10573,0.0,0.0,0.0
2014-08-12 00:00:00+08:00,0.4364759922027588,0.4364759922027588,0.4364759922027588,0.4364759922027588,6880,0.0,0.0,0.0
2014-08-13 00:00:00+08:00,0.47005099058151245,0.47005099058151245,0.4364759922027588,0.4364759922027588,25584,0.0,0.0,0.0
2014-08-14 00:00:00+08:00,0.4364759922027588,0.4364759922027588,0.4364759922027588,0.4364759922027588,2978,0.0,0.0,0.0
2014-08-15 00:00:00+08:00,0.4364759922027588,0.4364759922027588,0.4029009938240051,0.4029009938240051,74757,0.0,0.0,0.0
2014-08-18 00:00:00+08:00,0.4364759922027588,0.4364759922027588,0.4029009938240051,0.4029009938240051,7118,0.0,0.0,0.0
2014-08-19 00:00:00+08:00,0.4029009938240051,0.4029009938240051,0.4029009938240051,0.4029009938240051,2710,0.0,0.0,0.0
2014-08-20 00:00:00+08:00,0.4029009938240051,0.4364759922027588,0.4029009938240051,0.4364759922027588,3306,0.0,0.0,0.0
2014-08-21 00:00:00+08:00,0.4029009938240051,0.4364759922027588,0.4029009938240051,0.4364759922027588,70885,0.0,0.0,0.0
2014-08-22 00:00:00+08:00,0.4364759922027588,0.4364759922027588,0.4364759922027588,0.4364759922027588,21146,0.0,0.0,0.0
2014-08-25 00:00:00+08:00,0.4364759922027588,0.4364759922027588,0.4364759922027588,0.4364759922027588,2978,0.0,0.0,0.0
2014-08-26 00:00:00+08:00,0.4029009938240051,0.4029009938240051,0.4029009938240051,0.4029009938240051,11913,0.0,0.0,0.0
2014-08-27 00:00:00+08:00,0.4029009938240051,0.4364759922027588,0.4029009938240051,0.4364759922027588,923,0.0,0.0,0.0
2014-08-28 00:00:00+08:00,0.4029009938240051,0.4364759922027588,0.4029009938240051,0.4364759922027588,10752,0.0,0.0,0.0
2014-08-29 00:00:00+08:00,0.4029009938240051,0.4364759922027588,0.36932599544525146,0.4029009938240051,32404,0.0,0.0,0.0
2014-09-01 00:00:00+08:00,0.4029009938240051,0.4029009938240051,0.36932599544525146,0.36932599544525146,28741,0.0,0.0,0.0
2014-09-02 00:00:00+08:00,0.4029009938240051,0.4029009938240051,0.36932599544525146,0.36932599544525146,94325,0.0,0.0,0.0
2014-09-03 00:00:00+08:00,0.3357509970664978,0.36932599544525146,0.3357509970664978,0.36932599544525146,29783,0.0,0.0,0.0
2014-09-04 00:00:00+08:00,0.36932599544525146,0.36932599544525146,0.36932599544525146,0.36932599544525146,5658,0.0,0.0,0.0
2014-09-05 00:00:00+08:00,0.3357509970664978,0.4029009938240051,0.3357509970664978,0.4029009938240051,3603,0.0,0.0,0.0
2014-09-08 00:00:00+08:00,0.4029009938240051,0.4029009938240051,0.4029009938240051,0.4029009938240051,0,0.0,0.0,0.0
2014-09-09 00:00:00+08:00,0.36932599544525146,0.4029009938240051,0.36932599544525146,0.4029009938240051,2412,0.0,0.0,0.0
2014-09-10 00:00:00+08:00,0.4029009938240051,0.4029009938240051,0.3357509970664978,0.3357509970664978,59,0.0,0.0,0.0
2014-09-11 00:00:00+08:00,0.36932599544525146,0.4029009938240051,0.36932599544525146,0.4029009938240051,2978,0.0,0.0,0.0
2014-09-12 00:00:00+08:00,0.3357509970664978,0.4029009938240051,0.3357509970664978,0.3357509970664978,18585,0.0,0.0,0.0
2014-09-15 00:00:00+08:00,0.36932599544525146,0.36932599544525146,0.36932599544525146,0.36932599544525146,1399,0.0,0.0,0.0
2014-09-16 00:00:00+08:00,0.4029009938240051,0.4029009938240051,0.36932599544525146,0.4029009938240051,14326,0.0,0.0,0.0
2014-09-17 00:00:00+08:00,0.4029009938240051,0.4029009938240051,0.4029009938240051,0.4029009938240051,0,0.0,0.0,0.0
2014-09-18 00:00:00+08:00,0.36932599544525146,0.4029009938240051,0.36932599544525146,0.4029009938240051,11049,0.0,0.0,0.0
2014-09-19 00:00:00+08:00,0.3357509970664978,0.3357509970664978,0.3357509970664978,0.3357509970664978,416,0.0,0.0,0.0
2014-09-22 00:00:00+08:00,0.36932599544525146,0.36932599544525146,0.36932599544525146,0.36932599544525146,1935,0.0,0.0,0.0
2014-09-23 00:00:00+08:00,0.36932599544525146,0.36932599544525146,0.36932599544525146,0.36932599544525146,26805,0.0,0.0,0.0
2014-09-24 00:00:00+08:00,0.36932599544525146,0.36932599544525146,0.3357509970664978,0.3357509970664978,3335,0.0,0.0,0.0
2014-09-25 00:00:00+08:00,0.36932599544525146,0.36932599544525146,0.3357509970664978,0.3357509970664978,27341,0.0,0.0,0.0
2014-09-26 00:00:00+08:00,0.36932599544525146,0.4029009938240051,0.3357509970664978,0.36932599544525146,10424,0.0,0.0,0.0
2014-09-29 00:00:00+08:00,0.3357509970664978,0.3357509970664978,0.3357509970664978,0.3357509970664978,178,0.0,0.0,0.0
2014-09-30 00:00:00+08:00,0.4029009938240051,0.4029009938240051,0.36932599544525146,0.36932599544525146,59,0.0,0.0,0.0
2014-10-01 00:00:00+08:00,0.4029009938240051,0.4029009938240051,0.4029009938240051,0.4029009938240051,29,0.0,0.0,0.0
2014-10-02 00:00:00+08:00,0.4029009938240051,0.4029009938240051,0.36932599544525146,0.36932599544525146,2084,0.0,0.0,0.0
2014-10-03 00:00:00+08:00,0.4029009938240051,0.4029009938240051,0.3357509970664978,0.3357509970664978,59,0.0,0.0,0.0
2014-10-07 00:00:00+08:00,0.36932599544525146,0.4029009938240051,0.36932599544525146,0.4029009938240051,3276,0.0,0.0,0.0
2014-10-08 00:00:00+08:00,0.4029009938240051,0.4029009938240051,0.4029009938240051,0.4029009938240051,0,0.0,0.0,0.0
2014-10-09 00:00:00+08:00,0.36932599544525146,0.36932599544525146,0.36932599544525146,0.36932599544525146,8935,0.0,0.0,0.0
2014-10-10 00:00:00+08:00,0.3357509970664978,0.3357509970664978,0.3357509970664978,0.3357509970664978,3276,0.0,0.0,0.0
2014-10-13 00:00:00+08:00,0.3357509970664978,0.3357509970664978,0.3357509970664978,0.3357509970664978,23142,0.0,0.0,0.0
2014-10-14 00:00:00+08:00,0.3357509970664978,0.3357509970664978,0.30217599868774414,0.30217599868774414,45182,0.0,0.0,0.0
2014-10-15 00:00:00+08:00,0.30217599868774414,0.3357509970664978,0.30217599868774414,0.30217599868774414,8667,0.0,0.0,0.0
2014-10-16 00:00:00+08:00,0.2686010003089905,0.30217599868774414,0.2686010003089905,0.30217599868774414,1846,0.0,0.0,0.0
2014-10-17 00:00:00+08:00,0.2686010003089905,0.30217599868774414,0.2686010003089905,0.30217599868774414,55993,0.0,0.0,0.0
2014-10-20 00:00:00+08:00,0.30217599868774414,0.30217599868774414,0.23502500355243683,0.2686010003089905,57334,0.0,0.0,0.0
2014-10-21 00:00:00+08:00,0.23502500355243683,0.2686010003089905,0.23502500355243683,0.2686010003089905,11377,0.0,0.0,0.0
2014-10-22 00:00:00+08:00,0.2686010003089905,0.2686010003089905,0.2686010003089905,0.2686010003089905,0,0.0,0.0,0.0
2014-10-24 00:00:00+08:00,0.23502500355243683,0.2686010003089905,0.23502500355243683,0.2686010003089905,2084,0.0,0.0,0.0
2014-10-27 00:00:00+08:00,0.23502500355243683,0.23502500355243683,0.23502500355243683,0.23502500355243683,297,0.0,0.0,0.0
2014-10-28 00:00:00+08:00,0.23502500355243683,0.23502500355243683,0.23502500355243683,0.23502500355243683,4467,0.0,0.0,0.0
2014-10-29 00:00:00+08:00,0.2686010003089905,0.2686010003089905,0.23502500355243683,0.23502500355243683,9977,0.0,0.0,0.0
2014-10-30 00:00:00+08:00,0.2686010003089905,0.2686010003089905,0.2686010003089905,0.2686010003089905,12658,0.0,0.0,0.0
2014-10-31 00:00:00+08:00,0.2686010003089905,0.2686010003089905,0.2686010003089905,0.2686010003089905,0,0.0,0.0,0.0
2014-11-03 00:00:00+08:00,0.30217599868774414,0.3357509970664978,0.30217599868774414,0.3357509970664978,73268,0.0,0.0,0.0
2014-11-04 00:00:00+08:00,0.36932599544525146,0.36932599544525146,0.3357509970664978,0.36932599544525146,65822,0.0,0.0,0.0
2014-11-05 00:00:00+08:00,0.3357509970664978,0.3357509970664978,0.3357509970664978,0.3357509970664978,20431,0.0,0.0,0.0
2014-11-06 00:00:00+08:00,0.3357509970664978,0.36932599544525146,0.30217599868774414,0.36932599544525146,4824,0.0,0.0,0.0
2014-11-07 00:00:00+08:00,0.36932599544525146,0.36932599544525146,0.36932599544525146,0.36932599544525146,0,0.0,0.0,0.0
2014-11-10 00:00:00+08:00,0.30217599868774414,0.3357509970664978,0.2686010003089905,0.3357509970664978,78927,0.0,0.0,0.0
2014-11-11 00:00:00+08:00,0.2686010003089905,0.30217599868774414,0.2686010003089905,0.30217599868774414,42918,0.0,0.0,0.0
2014-11-12 00:00:00+08:00,0.2686010003089905,0.2686010003089905,0.23502500355243683,0.2686010003089905,138584,0.0,0.0,0.0
2014-11-13 00:00:00+08:00,0.2686010003089905,0.30217599868774414,0.23502500355243683,0.30217599868774414,27728,0.0,0.0,0.0
2014-11-14 00:00:00+08:00,0.30217599868774414,0.30217599868774414,0.2686010003089905,0.2686010003089905,46165,0.0,0.0,0.0
2014-11-17 00:00:00+08:00,0.30217599868774414,0.3357509970664978,0.2686010003089905,0.30217599868774414,48249,0.0,0.0,0.0
2014-11-18 00:00:00+08:00,0.2686010003089905,0.3357509970664978,0.2686010003089905,0.3357509970664978,11943,0.0,0.0,0.0
2014-11-19 00:00:00+08:00,0.30217599868774414,0.3357509970664978,0.30217599868774414,0.3357509970664978,12807,0.0,0.0,0.0
2014-11-20 00:00:00+08:00,0.30217599868774414,0.30217599868774414,0.30217599868774414,0.30217599868774414,10454,0.0,0.0,0.0
2014-11-21 00:00:00+08:00,0.3357509970664978,0.3357509970664978,0.3357509970664978,0.3357509970664978,5956,0.0,0.0,0.0
2014-11-24 00:00:00+08:00,0.30217599868774414,0.3357509970664978,0.30217599868774414,0.3357509970664978,68383,0.0,0.0,0.0
2014-11-25 00:00:00+08:00,0.30217599868774414,0.3357509970664978,0.30217599868774414,0.3357509970664978,41280,0.0,0.0,0.0
2014-11-26 00:00:00+08:00,0.3357509970664978,0.3357509970664978,0.3357509970664978,0.3357509970664978,14891,0.0,0.0,0.0
2014-11-27 00:00:00+08:00,0.3357509970664978,0.36932599544525146,0.30217599868774414,0.36932599544525146,36157,0.0,0.0,0.0
2014-11-28 00:00:00+08:00,0.3357509970664978,0.36932599544525146,0.3357509970664978,0.36932599544525146,5420,0.0,0.0,0.0
2014-12-01 00:00:00+08:00,0.3357509970664978,0.3357509970664978,0.3357509970664978,0.3357509970664978,101265,0.0,0.0,0.0
2014-12-02 00:00:00+08:00,0.3357509970664978,0.3357509970664978,0.3357509970664978,0.3357509970664978,0,0.0,0.0,0.0
2014-12-03 00:00:00+08:00,0.30217599868774414,0.30217599868774414,0.30217599868774414,0.30217599868774414,2531,0.0,0.0,0.0
2014-12-04 00:00:00+08:00,0.3357509970664978,0.3357509970664978,0.30217599868774414,0.30217599868774414,74936,0.0,0.0,0.0
2014-12-05 00:00:00+08:00,0.30217599868774414,0.30217599868774414,0.30217599868774414,0.30217599868774414,57483,0.0,0.0,0.0
2014-12-08 00:00:00+08:00,0.3357509970664978,0.3357509970664978,0.30217599868774414,0.30217599868774414,33417,0.0,0.0,0.0
2014-12-09 00:00:00+08:00,0.3357509970664978,0.3357509970664978,0.3357509970664978,0.3357509970664978,2978,0.0,0.0,0.0
2014-12-10 00:00:00+08:00,0.3357509970664978,0.3357509970664978,0.30217599868774414,0.3357509970664978,12866,0.0,0.0,0.0
2014-12-11 00:00:00+08:00,0.3357509970664978,0.3357509970664978,0.3357509970664978,0.3357509970664978,0,0.0,0.0,0.0
2014-12-12 00:00:00+08:00,0.3357509970664978,0.3357509970664978,0.30217599868774414,0.30217599868774414,112285,0.0,0.0,0.0
2014-12-15 00:00:00+08:00,0.3357509970664978,0.3357509970664978,0.3357509970664978,0.3357509970664978,48845,0.0,0.0,0.0
2014-12-16 00:00:00+08:00,0.36932599544525146,0.36932599544525146,0.2686010003089905,0.2686010003089905,1030882,0.0,0.0,0.0
2014-12-17 00:00:00+08:00,0.2686010003089905,0.30217599868774414,0.2686010003089905,0.2686010003089905,48220,0.0,0.0,0.0
2014-12-18 00:00:00+08:00,0.2686010003089905,0.30217599868774414,0.2686010003089905,0.2686010003089905,195084,0.0,0.0,0.0
2014-12-19 00:00:00+08:00,0.2686010003089905,0.2686010003089905,0.2686010003089905,0.2686010003089905,0,0.0,0.0,0.0
2014-12-22 00:00:00+08:00,0.23502500355243683,0.23502500355243683,0.23502500355243683,0.23502500355243683,401070,0.0,0.0,0.0
2014-12-23 00:00:00+08:00,0.23502500355243683,0.2686010003089905,0.23502500355243683,0.23502500355243683,13760,0.0,0.0,0.0
2014-12-24 00:00:00+08:00,0.23502500355243683,0.2686010003089905,0.23502500355243683,0.2686010003089905,134951,0.0,0.0,0.0
2014-12-26 00:00:00+08:00,0.2686010003089905,0.2686010003089905,0.2686010003089905,0.2686010003089905,136887,0.0,0.0,0.0
2014-12-29 00:00:00+08:00,0.2686010003089905,0.2686010003089905,0.2686010003089905,0.2686010003089905,0,0.0,0.0,0.0
2014-12-30 00:00:00+08:00,0.2686010003089905,0.2686010003089905,0.2686010003089905,0.2686010003089905,190587,0.0,0.0,0.0
2014-12-31 00:00:00+08:00,0.2686010003089905,0.2686010003089905,0.2686010003089905,0.2686010003089905,0,0.0,0.0,0.0
2015-01-02 00:00:00+08:00,0.2686010003089905,0.2686010003089905,0.2686010003089905,0.2686010003089905,7148,0.0,0.0,0.0
2015-01-05 00:00:00+08:00,0.2686010003089905,0.30217599868774414,0.2686010003089905,0.2686010003089905,10752,0.0,0.0,0.0
2015-01-06 00:00:00+08:00,0.2686010003089905,0.2686010003089905,0.2686010003089905,0.2686010003089905,34340,0.0,0.0,0.0
2015-01-07 00:00:00+08:00,0.2686010003089905,0.30217599868774414,0.2686010003089905,0.30217599868774414,6284,0.0,0.0,0.0
2015-01-08 00:00:00+08:00,0.30217599868774414,0.36932599544525146,0.30217599868774414,0.30217599868774414,1391148,0.0,0.0,0.0
2015-01-09 00:00:00+08:00,0.30217599868774414,0.30217599868774414,0.30217599868774414,0.30217599868774414,78927,0.0,0.0,0.0
2015-01-12 00:00:00+08:00,0.2686010003089905,0.30217599868774414,0.2686010003089905,0.30217599868774414,655,0.0,0.0,0.0
2015-01-13 00:00:00+08:00,0.2686010003089905,0.30217599868774414,0.2686010003089905,0.30217599868774414,5420,0.0,0.0,0.0
2015-01-14 00:00:00+08:00,0.2686010003089905,0.30217599868774414,0.2686010003089905,0.30217599868774414,289738,0.0,0.0,0.0
2015-01-15 00:00:00+08:00,0.2686010003089905,0.2686010003089905,0.2686010003089905,0.2686010003089905,56529,0.0,0.0,0.0
2015-01-16 00:00:00+08:00,0.2686010003089905,0.2686010003089905,0.2686010003089905,0.2686010003089905,15040,0.0,0.0,0.0
2015-01-19 00:00:00+08:00,0.2686010003089905,0.30217599868774414,0.2686010003089905,0.2686010003089905,36812,0.0,0.0,0.0
2015-01-20 00:00:00+08:00,0.2686010003089905,0.2686010003089905,0.2686010003089905,0.2686010003089905,14891,0.0,0.0,0.0
2015-01-21 00:00:00+08:00,0.2686010003089905,0.2686010003089905,0.23502500355243683,0.2686010003089905,26090,0.0,0.0,0.0
2015-01-22 00:00:00+08:00,0.23502500355243683,0.2686010003089905,0.23502500355243683,0.2686010003089905,129977,0.0,0.0,0.0
2015-01-23 00:00:00+08:00,0.2686010003089905,0.2686010003089905,0.2686010003089905,0.2686010003089905,110945,0.0,0.0,0.0
2015-01-26 00:00:00+08:00,0.2686010003089905,0.2686010003089905,0.2686010003089905,0.2686010003089905,11258,0.0,0.0,0.0
2015-01-27 00:00:00+08:00,0.2686010003089905,0.2686010003089905,0.2686010003089905,0.2686010003089905,23827,0.0,0.0,0.0
2015-01-28 00:00:00+08:00,0.2686010003089905,0.2686010003089905,0.2686010003089905,0.2686010003089905,0,0.0,0.0,0.0
2015-01-29 00:00:00+08:00,0.2686010003089905,0.2686010003089905,0.2686010003089905,0.2686010003089905,5063,0.0,0.0,0.0
2015-01-30 00:00:00+08:00,0.2686010003089905,0.30217599868774414,0.2686010003089905,0.2686010003089905,29456,0.0,0.0,0.0
2015-02-02 00:00:00+08:00,0.30217599868774414,0.30217599868774414,0.2686010003089905,0.2686010003089905,168696,0.0,0.0,0.0
2015-02-03 00:00:00+08:00,0.2686010003089905,0.30217599868774414,0.2686010003089905,0.2686010003089905,169291,0.0,0.0,0.0
2015-02-04 00:00:00+08:00,0.2686010003089905,0.2686010003089905,0.23502500355243683,0.23502500355243683,4616,0.0,0.0,0.0
2015-02-05 00:00:00+08:00,0.23502500355243683,0.23502500355243683,0.23502500355243683,0.23502500355243683,14891,0.0,0.0,0.0
2015-02-06 00:00:00+08:00,0.23502500355243683,0.2686010003089905,0.23502500355243683,0.2686010003089905,268356,0.0,0.0,0.0
2015-02-09 00:00:00+08:00,0.23502500355243683,0.23502500355243683,0.23502500355243683,0.23502500355243683,8935,0.0,0.0,0.0
2015-02-10 00:00:00+08:00,0.23502500355243683,0.2686010003089905,0.23502500355243683,0.2686010003089905,19958,0.0,0.0,0.0
2015-02-11 00:00:00+08:00,0.2686010003089905,0.2686010003089905,0.2686010003089905,0.2686010003089905,0,0.0,0.0,0.0
2015-02-12 00:00:00+08:00,0.23502500355243683,0.23502500355243683,0.23502500355243683,0.23502500355243683,78421,0.0,0.0,0.0
2015-02-13 00:00:00+08:00,0.2686010003089905,0.2686010003089905,0.20145000517368317,0.20145000517368317,11198,0.0,0.0,0.0
2015-02-16 00:00:00+08:00,0.23502500355243683,0.23502500355243683,0.23502500355243683,0.23502500355243683,9679,0.0,0.0,0.0
2015-02-17 00:00:00+08:00,0.23502500355243683,0.23502500355243683,0.23502500355243683,0.23502500355243683,20253,0.0,0.0,0.0
2015-02-18 00:00:00+08:00,0.23502500355243683,0.23502500355243683,0.23502500355243683,0.23502500355243683,14894,0.0,0.0,0.0
2015-02-23 00:00:00+08:00,0.20145000517368317,0.20145000517368317,0.20145000517368317,0.20145000517368317,8339,0.0,0.0,0.0
2015-02-24 00:00:00+08:00,0.20145000517368317,0.20145000517368317,0.20145000517368317,0.20145000517368317,4765,0.0,0.0,0.0
2015-02-25 00:00:00+08:00,0.20145000517368317,0.20145000517368317,0.20145000517368317,0.20145000517368317,17870,0.0,0.0,0.0
2015-02-26 00:00:00+08:00,0.20145000517368317,0.20145000517368317,0.20145000517368317,0.20145000517368317,63737,0.0,0.0,0.0
2015-02-27 00:00:00+08:00,0.1678750067949295,0.20145000517368317,0.1678750067949295,0.20145000517368317,51168,0.0,0.0,0.0
2015-03-02 00:00:00+08:00,0.20145000517368317,0.20145000517368317,0.20145000517368317,0.20145000517368317,0,0.0,0.0,0.0
2015-03-03 00:00:00+08:00,0.20145000517368317,0.20145000517368317,0.20145000517368317,0.20145000517368317,5268,0.0,0.0,0.0
2015-03-04 00:00:00+08:00,0.20145000517368317,0.20145000517368317,0.20145000517368317,0.20145000517368317,1042,0.0,0.0,0.0
2015-03-05 00:00:00+08:00,0.20145000517368317,0.20145000517368317,0.20145000517368317,0.20145000517368317,0,0.0,0.0,0.0
2015-03-06 00:00:00+08:00,0.20145000517368317,0.20145000517368317,0.1678750067949295,0.1678750067949295,3874,0.0,0.0,0.0
2015-03-09 00:00:00+08:00,0.1678750067949295,0.1678750067949295,0.1678750067949295,0.1678750067949295,27550,0.0,0.0,0.0
2015-03-10 00:00:00+08:00,0.1678750067949295,0.1678750067949295,0.1678750067949295,0.1678750067949295,2978,0.0,0.0,0.0
2015-03-11 00:00:00+08:00,0.1678750067949295,0.1678750067949295,0.1678750067949295,0.1678750067949295,64780,0.0,0.0,0.0
2015-03-12 00:00:00+08:00,0.1678750067949295,0.1678750067949295,0.1678750067949295,0.1678750067949295,3722,0.0,0.0,0.0
2015-03-13 00:00:00+08:00,0.1678750067949295,0.1678750067949295,0.1678750067949295,0.1678750067949295,0,0.0,0.0,0.0
2015-03-16 00:00:00+08:00,0.1678750067949295,0.1678750067949295,0.1678750067949295,0.1678750067949295,0,0.0,0.0,0.0
2015-03-17 00:00:00+08:00,0.1678750067949295,0.1678750067949295,0.1678750067949295,0.1678750067949295,13849,0.0,0.0,0.0
2015-03-18 00:00:00+08:00,0.13429999351501465,0.13429999351501465,0.13429999351501465,0.13429999351501465,2,0.0,0.0,0.0
2015-03-19 00:00:00+08:00,0.1678750067949295,0.1678750067949295,0.1678750067949295,0.1678750067949295,4467,0.0,0.0,0.0
2015-03-20 00:00:00+08:00,0.1678750067949295,0.1678750067949295,0.1678750067949295,0.1678750067949295,0,0.0,0.0,0.0
2015-03-23 00:00:00+08:00,0.13429999351501465,0.13429999351501465,0.13429999351501465,0.13429999351501465,446,0.0,0.0,0.0
2015-03-24 00:00:00+08:00,0.1678750067949295,0.1678750067949295,0.1678750067949295,0.1678750067949295,3517,0.0,0.0,0.0
2015-03-25 00:00:00+08:00,0.1678750067949295,0.1678750067949295,0.13429999351501465,0.1678750067949295,46284,0.0,0.0,0.0
2015-03-26 00:00:00+08:00,0.13429999351501465,0.13429999351501465,0.13429999351501465,0.13429999351501465,23827,0.0,0.0,0.0
2015-03-27 00:00:00+08:00,0.1678750067949295,0.1678750067949295,0.1678750067949295,0.1678750067949295,42382,0.0,0.0,0.0
2015-03-30 00:00:00+08:00,0.1678750067949295,0.20145000517368317,0.1678750067949295,0.20145000517368317,20640,0.0,0.0,0.0
2015-03-31 00:00:00+08:00,0.20145000517368317,0.20145000517368317,0.20145000517368317,0.20145000517368317,0,0.0,0.0,0.0
2015-04-01 00:00:00+08:00,0.20145000517368317,0.20145000517368317,0.20145000517368317,0.20145000517368317,0,0.0,0.0,0.0
2015-04-02 00:00:00+08:00,0.20145000517368317,0.23502500355243683,0.20145000517368317,0.23502500355243683,45036,0.0,0.0,0.0
2015-04-06 00:00:00+08:00,0.1678750067949295,0.23502500355243683,0.1678750067949295,0.1678750067949295,3398,0.0,0.0,0.0
2015-04-07 00:00:00+08:00,0.20145000517368317,0.20145000517368317,0.1678750067949295,0.1678750067949295,17095,0.0,0.0,0.0
2015-04-08 00:00:00+08:00,0.20145000517368317,0.23502500355243683,0.20145000517368317,0.23502500355243683,52753,0.0,0.0,0.0
2015-04-09 00:00:00+08:00,0.23502500355243683,0.23502500355243683,0.20145000517368317,0.23502500355243683,129172,0.0,0.0,0.0
2015-04-10 00:00:00+08:00,0.23502500355243683,0.2686010003089905,0.23502500355243683,0.2686010003089905,85777,0.0,0.0,0.0
2015-04-13 00:00:00+08:00,0.2686010003089905,0.2686010003089905,0.23502500355243683,0.2686010003089905,36336,0.0,0.0,0.0
2015-04-14 00:00:00+08:00,0.2686010003089905,0.3357509970664978,0.2686010003089905,0.3357509970664978,455819,0.0,0.0,0.0
2015-04-15 00:00:00+08:00,0.30217599868774414,0.30217599868774414,0.2686010003089905,0.2686010003089905,151868,0.0,0.0,0.0
2015-04-16 00:00:00+08:00,0.2686010003089905,0.2686010003089905,0.2686010003089905,0.2686010003089905,160565,0.0,0.0,0.0
2015-04-17 00:00:00+08:00,0.2686010003089905,0.2686010003089905,0.2686010003089905,0.2686010003089905,4467,0.0,0.0,0.0
2015-04-20 00:00:00+08:00,0.2686010003089905,0.2686010003089905,0.23502500355243683,0.2686010003089905,29789,0.0,0.0,0.0
2015-04-21 00:00:00+08:00,0.2686010003089905,0.2686010003089905,0.23502500355243683,0.23502500355243683,49143,0.0,0.0,0.0
2015-04-22 00:00:00+08:00,0.2686010003089905,0.2686010003089905,0.2686010003089905,0.2686010003089905,17870,0.0,0.0,0.0
2015-04-23 00:00:00+08:00,0.2686010003089905,0.2686010003089905,0.2686010003089905,0.2686010003089905,0,0.0,0.0,0.0
2015-04-24 00:00:00+08:00,0.23502500355243683,0.23502500355243683,0.20145000517368317,0.20145000517368317,2084,0.0,0.0,0.0
2015-04-27 00:00:00+08:00,0.20145000517368317,0.23502500355243683,0.20145000517368317,0.23502500355243683,14594,0.0,0.0,0.0
2015-04-28 00:00:00+08:00,0.23502500355243683,0.23502500355243683,0.23502500355243683,0.23502500355243683,12866,0.0,0.0,0.0
2015-04-29 00:00:00+08:00,0.23502500355243683,0.23502500355243683,0.23502500355243683,0.23502500355243683,1787,0.0,0.0,0.0
2015-04-30 00:00:00+08:00,0.23502500355243683,0.23502500355243683,0.23502500355243683,0.23502500355243683,7445,0.0,0.0,0.0
2015-05-04 00:00:00+08:00,0.23502500355243683,0.23502500355243683,0.23502500355243683,0.23502500355243683,29783,0.0,0.0,0.0
2015-05-05 00:00:00+08:00,0.20145000517368317,0.20145000517368317,0.20145000517368317,0.20145000517368317,29783,0.0,0.0,0.0
2015-05-06 00:00:00+08:00,0.20145000517368317,0.20145000517368317,0.20145000517368317,0.20145000517368317,8935,0.0,0.0,0.0
2015-05-07 00:00:00+08:00,0.20145000517368317,0.20145000517368317,0.1678750067949295,0.20145000517368317,92184,0.0,0.0,0.0
2015-05-08 00:00:00+08:00,0.20145000517368317,0.20145000517368317,0.20145000517368317,0.20145000517368317,0,0.0,0.0,0.0
2015-05-11 00:00:00+08:00,0.20145000517368317,0.20145000517368317,0.20145000517368317,0.20145000517368317,28592,0.0,0.0,0.0
2015-05-12 00:00:00+08:00,0.20145000517368317,0.20145000517368317,0.20145000517368317,0.20145000517368317,17870,0.0,0.0,0.0
2015-05-13 00:00:00+08:00,0.1678750067949295,0.23502500355243683,0.1678750067949295,0.20145000517368317,8637,0.0,0.0,0.0
2015-05-14 00:00:00+08:00,0.20145000517368317,0.23502500355243683,0.1678750067949295,0.23502500355243683,29188,0.0,0.0,0.0
2015-05-15 00:00:00+08:00,0.20145000517368317,0.20145000517368317,0.20145000517368317,0.20145000517368317,45867,0.0,0.0,0.0
2015-05-18 00:00:00+08:00,0.20145000517368317,0.20145000517368317,0.20145000517368317,0.20145000517368317,31124,0.0,0.0,0.0
2015-05-19 00:00:00+08:00,0.20145000517368317,0.20145000517368317,0.20145000517368317,0.20145000517368317,60401,0.0,0.0,0.0
2015-05-20 00:00:00+08:00,0.20145000517368317,0.20145000517368317,0.1678750067949295,0.20145000517368317,43216,0.0,0.0,0.0
2015-05-21 00:00:00+08:00,0.20145000517368317,0.2686010003089905,0.20145000517368317,0.20145000517368317,198128,0.0,0.0,0.0
2015-05-22 00:00:00+08:00,0.20145000517368317,0.2686010003089905,0.20145000517368317,0.20145000517368317,16294,0.0,0.0,0.0
2015-05-25 00:00:00+08:00,0.20145000517368317,0.23502500355243683,0.20145000517368317,0.20145000517368317,47359,0.0,0.0,0.0
2015-05-26 00:00:00+08:00,0.23502500355243683,0.23502500355243683,0.20145000517368317,0.20145000517368317,72377,0.0,0.0,0.0
2015-05-27 00:00:00+08:00,0.23502500355243683,0.23502500355243683,0.20145000517368317,0.20145000517368317,5661,0.0,0.0,0.0
2015-05-28 00:00:00+08:00,0.20145000517368317,0.23502500355243683,0.20145000517368317,0.20145000517368317,21000,0.0,0.0,0.0
2015-05-29 00:00:00+08:00,0.20145000517368317,0.20145000517368317,0.20145000517368317,0.20145000517368317,3577,0.0,0.0,0.0
2015-06-02 00:00:00+08:00,0.20145000517368317,0.20145000517368317,0.20145000517368317,0.20145000517368317,28175,0.0,0.0,0.0
2015-06-03 00:00:00+08:00,0.20145000517368317,0.23502500355243683,0.20145000517368317,0.23502500355243683,30215,0.0,0.0,0.0
2015-06-04 00:00:00+08:00,0.23502500355243683,0.23502500355243683,0.23502500355243683,0.23502500355243683,14891,0.0,0.0,0.0
2015-06-05 00:00:00+08:00,0.20145000517368317,0.23502500355243683,0.20145000517368317,0.23502500355243683,39264,0.0,0.0,0.0
2015-06-08 00:00:00+08:00,0.20145000517368317,0.20145000517368317,0.20145000517368317,0.20145000517368317,10993,0.0,0.0,0.0
2015-06-09 00:00:00+08:00,0.20145000517368317,0.20145000517368317,0.20145000517368317,0.20145000517368317,68839,0.0,0.0,0.0
2015-06-10 00:00:00+08:00,0.20145000517368317,0.20145000517368317,0.1678750067949295,0.1678750067949295,89056,0.0,0.0,0.0
2015-06-11 00:00:00+08:00,0.1678750067949295,0.20145000517368317,0.1678750067949295,0.20145000517368317,193303,0.0,0.0,0.0
2015-06-12 00:00:00+08:00,0.20145000517368317,0.20145000517368317,0.20145000517368317,0.20145000517368317,0,0.0,0.025,0.0
2015-06-15 00:00:00+08:00,0.20145000517368317,0.20145000517368317,0.20145000517368317,0.20145000517368317,0,0.0,0.0,0.0
2015-06-16 00:00:00+08:00,0.16367800533771515,0.16367800533771515,0.16367800533771515,0.16367800533771515,5956,0.0,0.0,0.0
2015-06-17 00:00:00+08:00,0.16367800533771515,0.2476159930229187,0.16367800533771515,0.21404099464416504,15725,0.0,0.0,0.0
2015-06-18 00:00:00+08:00,0.21404099464416504,0.21404099464416504,0.21404099464416504,0.21404099464416504,0,0.0,0.0,0.0
2015-06-19 00:00:00+08:00,0.16032099723815918,0.1678750067949295,0.14353300631046295,0.1594810038805008,17870,0.0,0.0,0.0
2015-06-22 00:00:00+08:00,0.1586419939994812,0.20984399318695068,0.1578029990196228,0.20984399318695068,50751,0.0,0.0,0.0
2015-06-23 00:00:00+08:00,0.16032099723815918,0.16283899545669556,0.1594810038805008,0.16283899545669556,476,0.0,0.0,0.0
2015-06-24 00:00:00+08:00,0.1586419939994812,0.16283899545669556,0.15528400242328644,0.16283899545669556,36455,0.0,0.0,0.0
2015-06-25 00:00:00+08:00,0.1578029990196228,0.16367800533771515,0.1578029990196228,0.16367800533771515,35264,0.0,0.0,0.0
2015-06-26 00:00:00+08:00,0.16283899545669556,0.16367800533771515,0.16283899545669556,0.16367800533771515,28830,0.0,0.0,0.0
2015-06-29 00:00:00+08:00,0.16367800533771515,0.16367800533771515,0.16367800533771515,0.16367800533771515,17274,0.0,0.0,0.0
2015-06-30 00:00:00+08:00,0.1594810038805008,0.1594810038805008,0.1594810038805008,0.1594810038805008,4408,0.0,0.0,0.0
2015-07-01 00:00:00+08:00,0.1594810038805008,0.1594810038805008,0.1594810038805008,0.1594810038805008,0,0.0,0.0,0.0
2015-07-02 00:00:00+08:00,0.1594810038805008,0.1594810038805008,0.1594810038805008,0.1594810038805008,0,0.0,0.0,0.0
2015-07-03 00:00:00+08:00,0.15444500744342804,0.18466299772262573,0.15360599756240845,0.18466299772262573,22397,0.0,0.0,0.0
2015-07-06 00:00:00+08:00,0.18466299772262573,0.18466299772262573,0.18466299772262573,0.18466299772262573,0,0.0,0.0,0.0
2015-07-07 00:00:00+08:00,0.18466299772262573,0.18466299772262573,0.18466299772262573,0.18466299772262573,0,0.0,0.0,0.0
2015-07-08 00:00:00+08:00,0.18466299772262573,0.18466299772262573,0.18466299772262573,0.18466299772262573,0,0.0,0.0,0.0
2015-07-09 00:00:00+08:00,0.17626899480819702,0.18046599626541138,0.1678750067949295,0.18046599626541138,93402,0.0,0.0,0.0
2015-07-10 00:00:00+08:00,0.18046599626541138,0.18046599626541138,0.18046599626541138,0.18046599626541138,0,0.0,0.0,0.0
2015-07-13 00:00:00+08:00,0.18046599626541138,0.20564700663089752,0.18046599626541138,0.20564700663089752,149396,0.0,0.0,0.0
2015-07-14 00:00:00+08:00,0.18466299772262573,0.22243499755859375,0.18466299772262573,0.2182379961013794,58138,0.0,0.0,0.0
2015-07-15 00:00:00+08:00,0.25181299448013306,0.29378199577331543,0.25181299448013306,0.29378199577331543,668590,0.0,0.0,0.0
2015-07-16 00:00:00+08:00,0.26020699739456177,0.30217599868774414,0.26020699739456177,0.29378199577331543,365627,0.0,0.0,0.0
2015-07-20 00:00:00+08:00,0.30217599868774414,0.33155399560928345,0.30217599868774414,0.33155399560928345,274250,0.0,0.0,0.0
2015-07-21 00:00:00+08:00,0.3357509970664978,0.36932599544525146,0.3357509970664978,0.36093199253082275,229336,0.0,0.0,0.0
2015-07-22 00:00:00+08:00,0.3735229969024658,0.4154919981956482,0.3735229969024658,0.41129499673843384,366342,0.0,0.0,0.0
2015-07-23 00:00:00+08:00,0.4238860011100769,0.43227899074554443,0.41129499673843384,0.4280819892883301,178703,0.0,0.0,0.0
2015-07-24 00:00:00+08:00,0.39870399236679077,0.43227899074554443,0.39870399236679077,0.43227899074554443,58495,0.0,0.0,0.0
2015-07-27 00:00:00+08:00,0.4280819892883301,0.4280819892883301,0.3861129879951477,0.3861129879951477,23827,0.0,0.0,0.0
2015-07-28 00:00:00+08:00,0.36932599544525146,0.4154919981956482,0.36932599544525146,0.4029009938240051,110319,0.0,0.0,0.0
2015-07-29 00:00:00+08:00,0.3735229969024658,0.41968899965286255,0.3735229969024658,0.41129499673843384,18704,0.0,0.0,0.0
2015-07-30 00:00:00+08:00,0.3777199983596802,0.3777199983596802,0.3189629912376404,0.3189629912376404,18346,0.0,0.0,0.0
2015-07-31 00:00:00+08:00,0.3189629912376404,0.3189629912376404,0.3189629912376404,0.3189629912376404,0,0.0,0.0,0.0
2015-08-03 00:00:00+08:00,0.3189629912376404,0.3189629912376404,0.3189629912376404,0.3189629912376404,0,0.0,0.0,0.0
2015-08-04 00:00:00+08:00,0.3735229969024658,0.3735229969024658,0.3735229969024658,0.3735229969024658,42888,0.0,0.0,0.0
2015-08-05 00:00:00+08:00,0.3357509970664978,0.36932599544525146,0.3357509970664978,0.36932599544525146,953,0.0,0.0,0.0
2015-08-06 00:00:00+08:00,0.3945069909095764,0.3945069909095764,0.3861129879951477,0.3945069909095764,134385,0.0,0.0,0.0
2015-08-07 00:00:00+08:00,0.3945069909095764,0.3945069909095764,0.3945069909095764,0.3945069909095764,0,0.0,0.0,0.0
2015-08-11 00:00:00+08:00,0.39030998945236206,0.3945069909095764,0.38191699981689453,0.3861129879951477,82084,0.0,0.0,0.0
2015-08-12 00:00:00+08:00,0.3357509970664978,0.41968899965286255,0.3357509970664978,0.4154919981956482,287117,0.0,0.0,0.0
2015-08-13 00:00:00+08:00,0.41129499673843384,0.41129499673843384,0.3777199983596802,0.3777199983596802,5718,0.0,0.0,0.0
2015-08-14 00:00:00+08:00,0.3777199983596802,0.3777199983596802,0.3777199983596802,0.3777199983596802,0,0.0,0.0,0.0
2015-08-17 00:00:00+08:00,0.3777199983596802,0.3777199983596802,0.3777199983596802,0.3777199983596802,0,0.0,0.0,0.0
2015-08-18 00:00:00+08:00,0.41129499673843384,0.41129499673843384,0.41129499673843384,0.41129499673843384,30975,0.0,0.0,0.0
2015-08-19 00:00:00+08:00,0.41129499673843384,0.41129499673843384,0.41129499673843384,0.41129499673843384,0,0.0,0.0,0.0
2015-08-20 00:00:00+08:00,0.29378199577331543,0.36932599544525146,0.29378199577331543,0.36932599544525146,3216,0.0,0.0,0.0
2015-08-21 00:00:00+08:00,0.36932599544525146,0.36932599544525146,0.36932599544525146,0.36932599544525146,0,0.0,0.0,0.0
2015-08-24 00:00:00+08:00,0.36932599544525146,0.36932599544525146,0.36932599544525146,0.36932599544525146,0,0.0,0.0,0.0
2015-08-25 00:00:00+08:00,0.29378199577331543,0.29378199577331543,0.29378199577331543,0.29378199577331543,3574,0.0,0.0,0.0
2015-08-26 00:00:00+08:00,0.29378199577331543,0.29378199577331543,0.29378199577331543,0.29378199577331543,2382,0.0,0.0,0.0
2015-08-27 00:00:00+08:00,0.29378199577331543,0.29378199577331543,0.29378199577331543,0.29378199577331543,0,0.0,0.0,0.0
2015-08-28 00:00:00+08:00,0.3189629912376404,0.35253798961639404,0.3189629912376404,0.35253798961639404,2025,0.0,0.0,0.0
2015-08-31 00:00:00+08:00,0.29378199577331543,0.29378199577331543,0.29378199577331543,0.29378199577331543,11913,0.0,0.0,0.0
2015-09-01 00:00:00+08:00,0.2853879928588867,0.2853879928588867,0.2853879928588867,0.2853879928588867,10722,0.0,0.0,0.0
2015-09-02 00:00:00+08:00,0.2686010003089905,0.2686010003089905,0.2686010003089905,0.2686010003089905,595,0.0,0.0,0.0
2015-09-03 00:00:00+08:00,0.2686010003089905,0.2686010003089905,0.2686010003089905,0.2686010003089905,0,0.0,0.0,0.0
2015-09-04 00:00:00+08:00,0.2686010003089905,0.2686010003089905,0.2686010003089905,0.2686010003089905,3574,0.0,0.0,0.0
2015-09-07 00:00:00+08:00,0.2686010003089905,0.2686010003089905,0.2686010003089905,0.2686010003089905,0,0.0,0.0,0.0
2015-09-08 00:00:00+08:00,0.2686010003089905,0.2686010003089905,0.2686010003089905,0.2686010003089905,0,0.0,0.0,0.0
2015-09-09 00:00:00+08:00,0.2686010003089905,0.2686010003089905,0.2686010003089905,0.2686010003089905,0,0.0,0.0,0.0
2015-09-10 00:00:00+08:00,0.2686010003089905,0.3273569941520691,0.2686010003089905,0.3273569941520691,15011,0.0,0.0,0.0
2015-09-14 00:00:00+08:00,0.2686010003089905,0.2686010003089905,0.2686010003089905,0.2686010003089905,0,0.0,0.0,0.0
2015-09-15 00:00:00+08:00,0.26020699739456177,0.3189629912376404,0.26020699739456177,0.3189629912376404,238,0.0,0.0,0.0
2015-09-16 00:00:00+08:00,0.2560099959373474,0.2560099959373474,0.25181299448013306,0.25181299448013306,714,0.0,0.0,0.0
2015-09-17 00:00:00+08:00,0.25181299448013306,0.25181299448013306,0.25181299448013306,0.25181299448013306,0,0.0,0.0,0.0
2015-09-18 00:00:00+08:00,0.23502500355243683,0.23502500355243683,0.23502500355243683,0.23502500355243683,119,0.0,0.0,0.0
2015-09-21 00:00:00+08:00,0.23502500355243683,0.23502500355243683,0.23502500355243683,0.23502500355243683,1429,0.0,0.0,0.0
2015-09-22 00:00:00+08:00,0.23502500355243683,0.23502500355243683,0.23502500355243683,0.23502500355243683,2978,0.0,0.0,0.0
2015-09-23 00:00:00+08:00,0.23922200500965118,0.23922200500965118,0.23502500355243683,0.23502500355243683,23469,0.0,0.0,0.0
2015-09-25 00:00:00+08:00,0.23922200500965118,0.23922200500965118,0.23922200500965118,0.23922200500965118,11913,0.0,0.0,0.0
2015-09-28 00:00:00+08:00,0.23922200500965118,0.23922200500965118,0.23922200500965118,0.23922200500965118,0,0.0,0.0,0.0
2015-09-29 00:00:00+08:00,0.23922200500965118,0.23922200500965118,0.23922200500965118,0.23922200500965118,0,0.0,0.0,0.0
2015-09-30 00:00:00+08:00,0.23922200500965118,0.23922200500965118,0.23922200500965118,0.23922200500965118,0,0.0,0.0,0.0
2015-10-01 00:00:00+08:00,0.23922200500965118,0.23922200500965118,0.23922200500965118,0.23922200500965118,0,0.0,0.0,0.0
2015-10-02 00:00:00+08:00,0.22243499755859375,0.22243499755859375,0.22243499755859375,0.22243499755859375,595,0.0,0.0,0.0
2015-10-05 00:00:00+08:00,0.2266319990158081,0.29378199577331543,0.2266319990158081,0.29378199577331543,7862,0.0,0.0,0.0
2015-10-06 00:00:00+08:00,0.29378199577331543,0.29378199577331543,0.29378199577331543,0.29378199577331543,0,0.0,0.0,0.0
2015-10-07 00:00:00+08:00,0.2853879928588867,0.2853879928588867,0.2853879928588867,0.2853879928588867,2978,0.0,0.0,0.0
2015-10-08 00:00:00+08:00,0.2476159930229187,0.2476159930229187,0.2476159930229187,0.2476159930229187,9769,0.0,0.0,0.0
2015-10-09 00:00:00+08:00,0.25181299448013306,0.276993989944458,0.25181299448013306,0.25181299448013306,17989,0.0,0.0,0.0
2015-10-12 00:00:00+08:00,0.26020699739456177,0.26020699739456177,0.26020699739456177,0.26020699739456177,7267,0.0,0.0,0.0
2015-10-13 00:00:00+08:00,0.26020699739456177,0.26020699739456177,0.26020699739456177,0.26020699739456177,0,0.0,0.0,0.0
2015-10-14 00:00:00+08:00,0.26020699739456177,0.26020699739456177,0.26020699739456177,0.26020699739456177,0,0.0,0.0,0.0
2015-10-15 00:00:00+08:00,0.25181299448013306,0.31056898832321167,0.25181299448013306,0.29378199577331543,20133,0.0,0.0,0.0
2015-10-16 00:00:00+08:00,0.29378199577331543,0.29378199577331543,0.29378199577331543,0.29378199577331543,0,0.0,0.0,0.0
2015-10-19 00:00:00+08:00,0.29378199577331543,0.29378199577331543,0.29378199577331543,0.29378199577331543,0,0.0,0.0,0.0
2015-10-20 00:00:00+08:00,0.29378199577331543,0.29378199577331543,0.29378199577331543,0.29378199577331543,0,0.0,0.0,0.0
2015-10-21 00:00:00+08:00,0.29378199577331543,0.29378199577331543,0.29378199577331543,0.29378199577331543,0,0.0,0.0,0.0
2015-10-22 00:00:00+08:00,0.2560099959373474,0.2560099959373474,0.2560099959373474,0.2560099959373474,595,0.0,0.0,0.0
2015-10-23 00:00:00+08:00,0.2560099959373474,0.2560099959373474,0.2560099959373474,0.2560099959373474,0,0.0,0.0,0.0
2015-10-26 00:00:00+08:00,0.2560099959373474,0.2560099959373474,0.2560099959373474,0.2560099959373474,0,0.0,0.0,0.0
2015-10-27 00:00:00+08:00,0.2560099959373474,0.2560099959373474,0.2560099959373474,0.2560099959373474,0,0.0,0.0,0.0
2015-10-28 00:00:00+08:00,0.2560099959373474,0.2560099959373474,0.2560099959373474,0.2560099959373474,0,0.0,0.0,0.0
2015-10-29 00:00:00+08:00,0.2560099959373474,0.2560099959373474,0.2560099959373474,0.2560099959373474,0,0.0,0.0,0.0
2015-10-30 00:00:00+08:00,0.2560099959373474,0.2560099959373474,0.2560099959373474,0.2560099959373474,0,0.0,0.0,0.0
2015-11-02 00:00:00+08:00,0.2560099959373474,0.2560099959373474,0.2560099959373474,0.2560099959373474,0,0.0,0.0,0.0
2015-11-03 00:00:00+08:00,0.26020699739456177,0.2853879928588867,0.26020699739456177,0.2853879928588867,4527,0.0,0.0,0.0
2015-11-04 00:00:00+08:00,0.2853879928588867,0.2853879928588867,0.2853879928588867,0.2853879928588867,0,0.0,0.0,0.0
2015-11-05 00:00:00+08:00,0.29378199577331543,0.29378199577331543,0.276993989944458,0.276993989944458,18466,0.0,0.0,0.0
2015-11-06 00:00:00+08:00,0.276993989944458,0.276993989944458,0.276993989944458,0.276993989944458,0,0.0,0.0,0.0
2015-11-09 00:00:00+08:00,0.2476159930229187,0.28119099140167236,0.2476159930229187,0.28119099140167236,2263,0.0,0.0,0.0
2015-11-11 00:00:00+08:00,0.23922200500965118,0.23922200500965118,0.23502500355243683,0.23502500355243683,595,0.0,0.0,0.0
2015-11-12 00:00:00+08:00,0.23502500355243683,0.2560099959373474,0.23502500355243683,0.2560099959373474,22874,0.0,0.0,0.0
2015-11-13 00:00:00+08:00,0.2560099959373474,0.2560099959373474,0.2560099959373474,0.2560099959373474,0,0.0,0.0,0.0
2015-11-16 00:00:00+08:00,0.2560099959373474,0.2560099959373474,0.2560099959373474,0.2560099959373474,0,0.0,0.0,0.0
2015-11-17 00:00:00+08:00,0.2560099959373474,0.2560099959373474,0.2560099959373474,0.2560099959373474,0,0.0,0.0,0.0
2015-11-18 00:00:00+08:00,0.2560099959373474,0.2560099959373474,0.2560099959373474,0.2560099959373474,0,0.0,0.0,0.0
2015-11-19 00:00:00+08:00,0.23502500355243683,0.25181299448013306,0.23502500355243683,0.25181299448013306,4050,0.0,0.0,0.0
2015-11-20 00:00:00+08:00,0.25181299448013306,0.25181299448013306,0.25181299448013306,0.25181299448013306,0,0.0,0.0,0.0
2015-11-23 00:00:00+08:00,0.25181299448013306,0.25181299448013306,0.25181299448013306,0.25181299448013306,0,0.0,0.0,0.0
2015-11-24 00:00:00+08:00,0.2560099959373474,0.2560099959373474,0.2560099959373474,0.2560099959373474,11913,0.0,0.0,0.0
2015-11-25 00:00:00+08:00,0.2560099959373474,0.2560099959373474,0.2560099959373474,0.2560099959373474,0,0.0,0.0,0.0
2015-11-26 00:00:00+08:00,0.2560099959373474,0.2560099959373474,0.2560099959373474,0.2560099959373474,0,0.0,0.0,0.0
2015-11-27 00:00:00+08:00,0.2560099959373474,0.2560099959373474,0.2560099959373474,0.2560099959373474,0,0.0,0.0,0.0
2015-11-30 00:00:00+08:00,0.2560099959373474,0.2560099959373474,0.2560099959373474,0.2560099959373474,0,0.0,0.0,0.0
2015-12-01 00:00:00+08:00,0.2560099959373474,0.2560099959373474,0.2560099959373474,0.2560099959373474,0,0.0,0.0,0.0
2015-12-02 00:00:00+08:00,0.2560099959373474,0.2560099959373474,0.2560099959373474,0.2560099959373474,0,0.0,0.0,0.0
2015-12-03 00:00:00+08:00,0.2560099959373474,0.2560099959373474,0.2560099959373474,0.2560099959373474,0,0.0,0.0,0.0
2015-12-04 00:00:00+08:00,0.23082900047302246,0.2686010003089905,0.23082900047302246,0.2686010003089905,12270,0.0,0.0,0.0
2015-12-07 00:00:00+08:00,0.2686010003089905,0.2686010003089905,0.2686010003089905,0.2686010003089905,0,0.0,0.0,0.0
2015-12-08 00:00:00+08:00,0.2686010003089905,0.2686010003089905,0.2686010003089905,0.2686010003089905,0,0.0,0.0,0.0
2015-12-09 00:00:00+08:00,0.2686010003089905,0.2686010003089905,0.2686010003089905,0.2686010003089905,0,0.0,0.0,0.0
2015-12-10 00:00:00+08:00,0.23082900047302246,0.276993989944458,0.2266319990158081,0.276993989944458,12628,0.0,0.0,0.0
2015-12-11 00:00:00+08:00,0.20564700663089752,0.276993989944458,0.20564700663089752,0.25181299448013306,6314,0.0,0.0,0.0
2015-12-14 00:00:00+08:00,0.20564700663089752,0.20564700663089752,0.20145000517368317,0.20145000517368317,12747,0.0,0.0,0.0
2015-12-15 00:00:00+08:00,0.20145000517368317,0.20145000517368317,0.20145000517368317,0.20145000517368317,0,0.0,0.0,0.0
2015-12-16 00:00:00+08:00,0.20145000517368317,0.20145000517368317,0.20145000517368317,0.20145000517368317,0,0.0,0.0,0.0
2015-12-17 00:00:00+08:00,0.20145000517368317,0.20145000517368317,0.20145000517368317,0.20145000517368317,0,0.0,0.0,0.0
2015-12-18 00:00:00+08:00,0.1888599991798401,0.1888599991798401,0.17626899480819702,0.17626899480819702,6314,0.0,0.0,0.0
2015-12-21 00:00:00+08:00,0.17626899480819702,0.17626899480819702,0.17626899480819702,0.17626899480819702,0,0.0,0.0,0.0
2015-12-22 00:00:00+08:00,0.17626899480819702,0.17626899480819702,0.17626899480819702,0.17626899480819702,0,0.0,0.0,0.0
2015-12-23 00:00:00+08:00,0.17626899480819702,0.17626899480819702,0.17626899480819702,0.17626899480819702,0,0.0,0.0,0.0
2015-12-24 00:00:00+08:00,0.17626899480819702,0.17626899480819702,0.17626899480819702,0.17626899480819702,0,0.0,0.0,0.0
2015-12-28 00:00:00+08:00,0.17626899480819702,0.17626899480819702,0.17626899480819702,0.17626899480819702,0,0.0,0.0,0.0
2015-12-29 00:00:00+08:00,0.17626899480819702,0.17626899480819702,0.17626899480819702,0.17626899480819702,0,0.0,0.0,0.0
2015-12-30 00:00:00+08:00,0.17207199335098267,0.17207199335098267,0.1678750067949295,0.1678750067949295,238,0.0,0.0,0.0
2015-12-31 00:00:00+08:00,0.1678750067949295,0.1678750067949295,0.1678750067949295,0.1678750067949295,0,0.0,0.0,0.0
2016-01-04 00:00:00+08:00,0.1678750067949295,0.1678750067949295,0.1678750067949295,0.1678750067949295,238,0.0,0.0,0.0
2016-01-05 00:00:00+08:00,0.1678750067949295,0.1678750067949295,0.1678750067949295,0.1678750067949295,0,0.0,0.0,0.0
2016-01-06 00:00:00+08:00,0.1678750067949295,0.1678750067949295,0.1678750067949295,0.1678750067949295,0,0.0,0.0,0.0
2016-01-07 00:00:00+08:00,0.15192699432373047,0.15192699432373047,0.15192699432373047,0.15192699432373047,11913,0.0,0.0,0.0
2016-01-08 00:00:00+08:00,0.15192699432373047,0.15192699432373047,0.15192699432373047,0.15192699432373047,0,0.0,0.0,0.0
2016-01-11 00:00:00+08:00,0.15192699432373047,0.15192699432373047,0.15192699432373047,0.15192699432373047,23827,0.0,0.0,0.0
2016-01-12 00:00:00+08:00,0.15192699432373047,0.15192699432373047,0.15192699432373047,0.15192699432373047,0,0.0,0.0,0.0
2016-01-13 00:00:00+08:00,0.15192699432373047,0.15192699432373047,0.15192699432373047,0.15192699432373047,0,0.0,0.0,0.0
2016-01-14 00:00:00+08:00,0.14101499319076538,0.14101499319076538,0.138496994972229,0.138496994972229,12628,0.0,0.0,0.0
2016-01-15 00:00:00+08:00,0.138496994972229,0.138496994972229,0.138496994972229,0.138496994972229,0,0.0,0.0,0.0
2016-01-18 00:00:00+08:00,0.138496994972229,0.138496994972229,0.138496994972229,0.138496994972229,0,0.0,0.0,0.0
2016-01-19 00:00:00+08:00,0.1485690027475357,0.15024800598621368,0.13094300031661987,0.15024800598621368,24541,0.0,0.0,0.0
2016-01-20 00:00:00+08:00,0.15024800598621368,0.15024800598621368,0.15024800598621368,0.15024800598621368,0,0.0,0.0,0.0
2016-01-21 00:00:00+08:00,0.15024800598621368,0.15024800598621368,0.15024800598621368,0.15024800598621368,0,0.0,0.0,0.0
2016-01-22 00:00:00+08:00,0.15024800598621368,0.15024800598621368,0.15024800598621368,0.15024800598621368,0,0.0,0.0,0.0
2016-01-25 00:00:00+08:00,0.15024800598621368,0.15024800598621368,0.15024800598621368,0.15024800598621368,0,0.0,0.0,0.0
2016-01-26 00:00:00+08:00,0.15024800598621368,0.15024800598621368,0.15024800598621368,0.15024800598621368,0,0.0,0.0,0.0
2016-01-27 00:00:00+08:00,0.13346099853515625,0.16451799869537354,0.13346099853515625,0.16451799869537354,357,0.0,0.0,0.0
2016-01-28 00:00:00+08:00,0.16451799869537354,0.16451799869537354,0.16451799869537354,0.16451799869537354,0,0.0,0.0,0.0
2016-01-29 00:00:00+08:00,0.16451799869537354,0.16451799869537354,0.16451799869537354,0.16451799869537354,0,0.0,0.0,0.0
2016-02-01 00:00:00+08:00,0.16451799869537354,0.16451799869537354,0.16451799869537354,0.16451799869537354,0,0.0,0.0,0.0
2016-02-02 00:00:00+08:00,0.16451799869537354,0.16451799869537354,0.16451799869537354,0.16451799869537354,0,0.0,0.0,0.0
2016-02-03 00:00:00+08:00,0.16451799869537354,0.16451799869537354,0.16451799869537354,0.16451799869537354,0,0.0,0.0,0.0
2016-02-04 00:00:00+08:00,0.16451799869537354,0.16451799869537354,0.16451799869537354,0.16451799869537354,0,0.0,0.0,0.0
2016-02-05 00:00:00+08:00,0.16451799869537354,0.16451799869537354,0.16451799869537354,0.16451799869537354,0,0.0,0.0,0.0
2016-02-10 00:00:00+08:00,0.16451799869537354,0.16451799869537354,0.16451799869537354,0.16451799869537354,0,0.0,0.0,0.0
2016-02-11 00:00:00+08:00,0.19305600225925446,0.19305600225925446,0.19305600225925446,0.19305600225925446,357,0.0,0.0,0.0
2016-02-12 00:00:00+08:00,0.19305600225925446,0.19305600225925446,0.19305600225925446,0.19305600225925446,1191,0.0,0.0,0.0
2016-02-15 00:00:00+08:00,0.19305600225925446,0.19305600225925446,0.19305600225925446,0.19305600225925446,0,0.0,0.0,0.0
2016-02-16 00:00:00+08:00,0.18466299772262573,0.18466299772262573,0.18466299772262573,0.18466299772262573,595,0.0,0.0,0.0
2016-02-17 00:00:00+08:00,0.18466299772262573,0.18466299772262573,0.18466299772262573,0.18466299772262573,0,0.0,0.0,0.0
2016-02-18 00:00:00+08:00,0.16619600355625153,0.1972530037164688,0.16619600355625153,0.1972530037164688,3216,0.0,0.0,0.0
2016-02-19 00:00:00+08:00,0.1972530037164688,0.1972530037164688,0.1972530037164688,0.1972530037164688,0,0.0,0.0,0.0
2016-02-22 00:00:00+08:00,0.1972530037164688,0.1972530037164688,0.1972530037164688,0.1972530037164688,0,0.0,0.0,0.0
2016-02-23 00:00:00+08:00,0.1972530037164688,0.1972530037164688,0.1972530037164688,0.1972530037164688,0,0.0,0.0,0.0
2016-02-24 00:00:00+08:00,0.1972530037164688,0.1972530037164688,0.1972530037164688,0.1972530037164688,0,0.0,0.0,0.0
2016-02-25 00:00:00+08:00,0.1972530037164688,0.1972530037164688,0.1972530037164688,0.1972530037164688,0,0.0,0.0,0.0
2016-02-26 00:00:00+08:00,0.1972530037164688,0.1972530037164688,0.1972530037164688,0.1972530037164688,0,0.0,0.0,0.0
2016-02-29 00:00:00+08:00,0.1972530037164688,0.1972530037164688,0.1972530037164688,0.1972530037164688,0,0.0,0.0,0.0
2016-03-01 00:00:00+08:00,0.1972530037164688,0.1972530037164688,0.1972530037164688,0.1972530037164688,0,0.0,0.0,0.0
2016-03-02 00:00:00+08:00,0.1972530037164688,0.1972530037164688,0.1972530037164688,0.1972530037164688,0,0.0,0.0,0.0
2016-03-03 00:00:00+08:00,0.1972530037164688,0.1972530037164688,0.1972530037164688,0.1972530037164688,0,0.0,0.0,0.0
2016-03-04 00:00:00+08:00,0.1972530037164688,0.1972530037164688,0.1972530037164688,0.1972530037164688,0,0.0,0.0,0.0
2016-03-07 00:00:00+08:00,0.1678750067949295,0.1972530037164688,0.1678750067949295,0.1972530037164688,4169,0.0,0.0,0.0
2016-03-08 00:00:00+08:00,0.1972530037164688,0.1972530037164688,0.1972530037164688,0.1972530037164688,0,0.0,0.0,0.0
2016-03-09 00:00:00+08:00,0.1972530037164688,0.1972530037164688,0.1972530037164688,0.1972530037164688,0,0.0,0.0,0.0
2016-03-10 00:00:00+08:00,0.1972530037164688,0.1972530037164688,0.1972530037164688,0.1972530037164688,0,0.0,0.0,0.0
2016-03-11 00:00:00+08:00,0.24341900646686554,0.24341900646686554,0.17626899480819702,0.17626899480819702,19895,0.0,0.0,0.0
2016-03-14 00:00:00+08:00,0.1678750067949295,0.1678750067949295,0.1678750067949295,0.1678750067949295,595,0.0,0.0,0.0
2016-03-15 00:00:00+08:00,0.1678750067949295,0.1678750067949295,0.1678750067949295,0.1678750067949295,0,0.0,0.0,0.0
2016-03-16 00:00:00+08:00,0.1678750067949295,0.1678750067949295,0.1678750067949295,0.1678750067949295,1429,0.0,0.0,0.0
2016-03-17 00:00:00+08:00,0.1586419939994812,0.2266319990158081,0.1586419939994812,0.20984399318695068,2620,0.0,0.0,0.0
2016-03-18 00:00:00+08:00,0.20984399318695068,0.20984399318695068,0.20984399318695068,0.20984399318695068,0,0.0,0.0,0.0
2016-03-21 00:00:00+08:00,0.1678750067949295,0.23502500355243683,0.1678750067949295,0.23502500355243683,476,0.0,0.0,0.0
2016-03-22 00:00:00+08:00,0.2476159930229187,0.2476159930229187,0.2476159930229187,0.2476159930229187,595,0.0,0.0,0.0
2016-03-23 00:00:00+08:00,0.2476159930229187,0.2476159930229187,0.2476159930229187,0.2476159930229187,0,0.0,0.0,0.0
2016-03-24 00:00:00+08:00,0.2476159930229187,0.2476159930229187,0.2476159930229187,0.2476159930229187,119,0.0,0.0,0.0
2016-03-28 00:00:00+08:00,0.2476159930229187,0.2476159930229187,0.2476159930229187,0.2476159930229187,0,0.0,0.0,0.0
2016-03-29 00:00:00+08:00,0.2476159930229187,0.2476159930229187,0.2476159930229187,0.2476159930229187,0,0.0,0.0,0.0
2016-03-30 00:00:00+08:00,0.2476159930229187,0.2476159930229187,0.2476159930229187,0.2476159930229187,0,0.0,0.0,0.0
2016-03-31 00:00:00+08:00,0.2476159930229187,0.2476159930229187,0.2476159930229187,0.2476159930229187,0,0.0,0.0,0.0
2016-04-01 00:00:00+08:00,0.2476159930229187,0.2476159930229187,0.2476159930229187,0.2476159930229187,0,0.0,0.0,0.0
2016-04-04 00:00:00+08:00,0.2476159930229187,0.2476159930229187,0.2476159930229187,0.2476159930229187,0,0.0,0.0,0.0
2016-04-05 00:00:00+08:00,0.2476159930229187,0.2476159930229187,0.2476159930229187,0.2476159930229187,0,0.0,0.0,0.0
2016-04-06 00:00:00+08:00,0.2476159930229187,0.2476159930229187,0.2476159930229187,0.2476159930229187,0,0.0,0.0,0.0
2016-04-07 00:00:00+08:00,0.2476159930229187,0.2476159930229187,0.2476159930229187,0.2476159930229187,0,0.0,0.0,0.0
2016-04-08 00:00:00+08:00,0.2476159930229187,0.2476159930229187,0.2476159930229187,0.2476159930229187,0,0.0,0.0,0.0
2016-04-11 00:00:00+08:00,0.17626899480819702,0.24341900646686554,0.17626899480819702,0.24341900646686554,595,0.0,0.0,0.0
2016-04-12 00:00:00+08:00,0.24341900646686554,0.24341900646686554,0.24341900646686554,0.24341900646686554,0,0.0,0.0,0.0
2016-04-13 00:00:00+08:00,0.24341900646686554,0.24341900646686554,0.24341900646686554,0.24341900646686554,0,0.0,0.0,0.0
2016-04-14 00:00:00+08:00,0.24341900646686554,0.24341900646686554,0.24341900646686554,0.24341900646686554,0,0.0,0.0,0.0
2016-04-15 00:00:00+08:00,0.24341900646686554,0.24341900646686554,0.24341900646686554,0.24341900646686554,0,0.0,0.0,0.0
2016-04-18 00:00:00+08:00,0.24341900646686554,0.24341900646686554,0.24341900646686554,0.24341900646686554,0,0.0,0.0,0.0
2016-04-19 00:00:00+08:00,0.24341900646686554,0.24341900646686554,0.24341900646686554,0.24341900646686554,0,0.0,0.0,0.0
2016-04-20 00:00:00+08:00,0.24341900646686554,0.24341900646686554,0.24341900646686554,0.24341900646686554,0,0.0,0.0,0.0
2016-04-21 00:00:00+08:00,0.24341900646686554,0.24341900646686554,0.24341900646686554,0.24341900646686554,0,0.0,0.0,0.0
2016-04-22 00:00:00+08:00,0.24341900646686554,0.24341900646686554,0.24341900646686554,0.24341900646686554,0,0.0,0.0,0.0
2016-04-25 00:00:00+08:00,0.24341900646686554,0.24341900646686554,0.24341900646686554,0.24341900646686554,0,0.0,0.0,0.0
2016-04-26 00:00:00+08:00,0.18046599626541138,0.24341900646686554,0.16619600355625153,0.24341900646686554,59806,0.0,0.0,0.0
2016-04-27 00:00:00+08:00,0.24341900646686554,0.24341900646686554,0.24341900646686554,0.24341900646686554,0,0.0,0.0,0.0
2016-04-28 00:00:00+08:00,0.17626899480819702,0.17626899480819702,0.14269399642944336,0.16032099723815918,1906,0.0,0.0,0.0
2016-04-29 00:00:00+08:00,0.16032099723815918,0.16032099723815918,0.16032099723815918,0.16032099723815918,0,0.0,0.0,0.0
2016-05-03 00:00:00+08:00,0.16032099723815918,0.16032099723815918,0.16032099723815918,0.16032099723815918,0,0.0,0.0,0.0
2016-05-04 00:00:00+08:00,0.16032099723815918,0.16032099723815918,0.16032099723815918,0.16032099723815918,0,0.0,0.0,0.0
2016-05-05 00:00:00+08:00,0.21404099464416504,0.21404099464416504,0.16032099723815918,0.17207199335098267,12032,0.0,0.0,0.0
2016-05-06 00:00:00+08:00,0.17207199335098267,0.17207199335098267,0.17207199335098267,0.17207199335098267,0,0.0,0.0,0.0
2016-05-09 00:00:00+08:00,0.17207199335098267,0.17207199335098267,0.17207199335098267,0.17207199335098267,0,0.0,0.0,0.0
2016-05-10 00:00:00+08:00,0.17207199335098267,0.17207199335098267,0.17207199335098267,0.17207199335098267,0,0.0,0.0,0.0
2016-05-11 00:00:00+08:00,0.17207199335098267,0.17207199335098267,0.17207199335098267,0.17207199335098267,0,0.0,0.0,0.0
2016-05-12 00:00:00+08:00,0.17207199335098267,0.17207199335098267,0.17207199335098267,0.17207199335098267,0,0.0,0.0,0.0
2016-05-13 00:00:00+08:00,0.17207199335098267,0.17207199335098267,0.17207199335098267,0.17207199335098267,0,0.0,0.0,0.0
2016-05-16 00:00:00+08:00,0.17207199335098267,0.17207199335098267,0.17207199335098267,0.17207199335098267,0,0.0,0.0,0.0
2016-05-17 00:00:00+08:00,0.17207199335098267,0.17207199335098267,0.17207199335098267,0.17207199335098267,0,0.0,0.0,0.0
2016-05-18 00:00:00+08:00,0.17207199335098267,0.17207199335098267,0.17207199335098267,0.17207199335098267,0,0.0,0.0,0.0
2016-05-19 00:00:00+08:00,0.17207199335098267,0.17207199335098267,0.17207199335098267,0.17207199335098267,0,0.0,0.0,0.0
2016-05-20 00:00:00+08:00,0.17207199335098267,0.17207199335098267,0.17207199335098267,0.17207199335098267,0,0.0,0.0,0.0
2016-05-23 00:00:00+08:00,0.17626899480819702,0.17626899480819702,0.17626899480819702,0.17626899480819702,3931,0.0,0.0,0.0
2016-05-24 00:00:00+08:00,0.17626899480819702,0.17626899480819702,0.17626899480819702,0.17626899480819702,0,0.0,0.0,0.0
2016-05-25 00:00:00+08:00,0.17626899480819702,0.25181299448013306,0.17626899480819702,0.17626899480819702,595,0.0,0.0,0.0
2016-05-26 00:00:00+08:00,0.17626899480819702,0.17626899480819702,0.17626899480819702,0.17626899480819702,0,0.0,0.0,0.0
2016-05-27 00:00:00+08:00,0.15612399578094482,0.1594810038805008,0.15612399578094482,0.1594810038805008,714,0.0,0.0,0.0
2016-05-30 00:00:00+08:00,0.1594810038805008,0.1594810038805008,0.1594810038805008,0.1594810038805008,0,0.0,0.0,0.0
2016-05-31 00:00:00+08:00,0.1594810038805008,0.1594810038805008,0.1594810038805008,0.1594810038805008,0,0.0,0.0,0.0
2016-06-01 00:00:00+08:00,0.1594810038805008,0.1594810038805008,0.1594810038805008,0.1594810038805008,0,0.0,0.0,0.0
2016-06-02 00:00:00+08:00,0.1594810038805008,0.1594810038805008,0.1594810038805008,0.1594810038805008,0,0.0,0.0,0.0
2016-06-03 00:00:00+08:00,0.1594810038805008,0.1594810038805008,0.1594810038805008,0.1594810038805008,0,0.0,0.0,0.0
2016-06-06 00:00:00+08:00,0.1594810038805008,0.1594810038805008,0.1594810038805008,0.1594810038805008,0,0.0,0.0,0.0
2016-06-07 00:00:00+08:00,0.14353300631046295,0.15192699432373047,0.14353300631046295,0.15024800598621368,5361,0.0,0.0,0.0
2016-06-08 00:00:00+08:00,0.14353300631046295,0.1485690027475357,0.14353300631046295,0.1485690027475357,357,0.0,0.0,0.0
2016-06-09 00:00:00+08:00,0.1485690027475357,0.16535699367523193,0.14353300631046295,0.16535699367523193,7386,0.0,0.0,0.0
2016-06-10 00:00:00+08:00,0.16619600355625153,0.276993989944458,0.16619600355625153,0.1678750067949295,13343,0.0,0.0,0.0
2016-06-13 00:00:00+08:00,0.1578029990196228,0.1578029990196228,0.1578029990196228,0.1578029990196228,595,0.0,0.0,0.0
2016-06-14 00:00:00+08:00,0.1578029990196228,0.1578029990196228,0.1578029990196228,0.1578029990196228,0,0.0,0.0,0.0
2016-06-15 00:00:00+08:00,0.1477299928665161,0.1477299928665161,0.1477299928665161,0.1477299928665161,119,0.0,0.0,0.0
2016-06-16 00:00:00+08:00,0.1477299928665161,0.15360599756240845,0.1477299928665161,0.15360599756240845,3931,0.0,0.0,0.0
2016-06-17 00:00:00+08:00,0.15360599756240845,0.15360599756240845,0.15360599756240845,0.15360599756240845,0,0.0,0.0,0.0
2016-06-20 00:00:00+08:00,0.15360599756240845,0.15360599756240845,0.15360599756240845,0.15360599756240845,0,0.0,0.0,0.0
2016-06-21 00:00:00+08:00,0.15360599756240845,0.15360599756240845,0.15360599756240845,0.15360599756240845,0,0.0,0.0,0.0
2016-06-22 00:00:00+08:00,0.1594810038805008,0.1678750067949295,0.15276600420475006,0.15276600420475006,33358,0.0,0.0,0.0
2016-06-23 00:00:00+08:00,0.15276600420475006,0.15276600420475006,0.15276600420475006,0.15276600420475006,0,0.0,0.0,0.0
2016-06-24 00:00:00+08:00,0.15276600420475006,0.15276600420475006,0.15276600420475006,0.15276600420475006,0,0.0,0.0,0.0
2016-06-27 00:00:00+08:00,0.15276600420475006,0.15276600420475006,0.15276600420475006,0.15276600420475006,0,0.0,0.0,0.0
2016-06-28 00:00:00+08:00,0.14689099788665771,0.14689099788665771,0.14101499319076538,0.14689099788665771,1429,0.0,0.0,0.0
2016-06-29 00:00:00+08:00,0.14689099788665771,0.14689099788665771,0.14689099788665771,0.14689099788665771,0,0.0,0.0,0.0
2016-06-30 00:00:00+08:00,0.14353300631046295,0.14353300631046295,0.14353300631046295,0.14353300631046295,357,0.0,0.0,0.0
2016-07-01 00:00:00+08:00,0.14353300631046295,0.14353300631046295,0.14353300631046295,0.14353300631046295,0,0.0,0.0,0.0
2016-07-04 00:00:00+08:00,0.14353300631046295,0.14353300631046295,0.14353300631046295,0.14353300631046295,0,0.0,0.0,0.0
2016-07-05 00:00:00+08:00,0.14353300631046295,0.14353300631046295,0.14353300631046295,0.14353300631046295,0,0.0,0.0,0.0
2016-07-07 00:00:00+08:00,0.14353300631046295,0.15108799934387207,0.14353300631046295,0.15108799934387207,2620,0.0,0.0,0.0
2016-07-08 00:00:00+08:00,0.15108799934387207,0.1594810038805008,0.15108799934387207,0.1594810038805008,27996,0.0,0.0,0.0
2016-07-11 00:00:00+08:00,0.1594810038805008,0.1594810038805008,0.1594810038805008,0.1594810038805008,0,0.0,0.0,0.0
2016-07-12 00:00:00+08:00,0.1594810038805008,0.1594810038805008,0.1594810038805008,0.1594810038805008,0,0.0,0.0,0.0
2016-07-13 00:00:00+08:00,0.1594810038805008,0.1594810038805008,0.1594810038805008,0.1594810038805008,0,0.0,0.0,0.0
2016-07-14 00:00:00+08:00,0.1594810038805008,0.1594810038805008,0.1594810038805008,0.1594810038805008,0,0.0,0.0,0.0
2016-07-15 00:00:00+08:00,0.1594810038805008,0.1594810038805008,0.1594810038805008,0.1594810038805008,0,0.0,0.0,0.0
2016-07-18 00:00:00+08:00,0.15108799934387207,0.15108799934387207,0.15108799934387207,0.15108799934387207,1667,0.0,0.0,0.0
2016-07-19 00:00:00+08:00,0.15108799934387207,0.15108799934387207,0.15108799934387207,0.15108799934387207,0,0.0,0.0,0.0
2016-07-20 00:00:00+08:00,0.15108799934387207,0.15108799934387207,0.15108799934387207,0.15108799934387207,0,0.0,0.0,0.0
2016-07-21 00:00:00+08:00,0.15108799934387207,0.15108799934387207,0.15108799934387207,0.15108799934387207,0,0.0,0.0,0.0
2016-07-22 00:00:00+08:00,0.14269399642944336,0.14353300631046295,0.14269399642944336,0.14353300631046295,12151,0.0,0.0,0.0
2016-07-25 00:00:00+08:00,0.14269399642944336,0.14269399642944336,0.13513900339603424,0.14269399642944336,9054,0.0,0.0,0.0
2016-07-26 00:00:00+08:00,0.1594810038805008,0.1594810038805008,0.138496994972229,0.138496994972229,4646,0.0,0.0,0.0
2016-07-27 00:00:00+08:00,0.16032099723815918,0.16032099723815918,0.16032099723815918,0.16032099723815918,238,0.0,0.0,0.0
2016-07-28 00:00:00+08:00,0.1594810038805008,0.21404099464416504,0.1594810038805008,0.21404099464416504,4408,0.0,0.0,0.0
2016-07-29 00:00:00+08:00,0.21404099464416504,0.23082900047302246,0.1678750067949295,0.1678750067949295,9054,0.0,0.0,0.0
2016-08-01 00:00:00+08:00,0.1678750067949295,0.1678750067949295,0.1678750067949295,0.1678750067949295,0,0.0,0.0,0.0
2016-08-02 00:00:00+08:00,0.1678750067949295,0.1678750067949295,0.1678750067949295,0.1678750067949295,3454,0.0,0.0,0.0
2016-08-03 00:00:00+08:00,0.1594810038805008,0.1594810038805008,0.15528400242328644,0.15528400242328644,17036,0.0,0.0,0.0
2016-08-04 00:00:00+08:00,0.15528400242328644,0.15528400242328644,0.15528400242328644,0.15528400242328644,0,0.0,0.0,0.0
2016-08-05 00:00:00+08:00,0.15528400242328644,0.15528400242328644,0.15528400242328644,0.15528400242328644,0,0.0,0.0,0.0
2016-08-08 00:00:00+08:00,0.15528400242328644,0.15528400242328644,0.15528400242328644,0.15528400242328644,0,0.0,0.0,0.0
2016-08-10 00:00:00+08:00,0.15528400242328644,0.15528400242328644,0.15528400242328644,0.15528400242328644,0,0.0,0.0,0.0
2016-08-11 00:00:00+08:00,0.15528400242328644,0.15528400242328644,0.15528400242328644,0.15528400242328644,0,0.0,0.0,0.0
2016-08-12 00:00:00+08:00,0.15528400242328644,0.15528400242328644,0.15528400242328644,0.15528400242328644,0,0.0,0.0,0.0
2016-08-15 00:00:00+08:00,0.14437299966812134,0.15192699432373047,0.14353300631046295,0.15192699432373047,5599,0.0,0.0,0.0
2016-08-16 00:00:00+08:00,0.15108799934387207,0.1678750067949295,0.14353300631046295,0.1678750067949295,54206,0.0,0.0,0.0
2016-08-17 00:00:00+08:00,0.14689099788665771,0.15528400242328644,0.14689099788665771,0.15444500744342804,23588,0.0,0.0,0.0
2016-08-18 00:00:00+08:00,0.14689099788665771,0.1594810038805008,0.14689099788665771,0.1594810038805008,56708,0.0,0.0,0.0
2016-08-19 00:00:00+08:00,0.1594810038805008,0.1594810038805008,0.1594810038805008,0.1594810038805008,0,0.0,0.0,0.0
2016-08-22 00:00:00+08:00,0.1477299928665161,0.1477299928665161,0.14689099788665771,0.14689099788665771,953,0.0,0.0,0.0
2016-08-23 00:00:00+08:00,0.14437299966812134,0.14437299966812134,0.14437299966812134,0.14437299966812134,3216,0.0,0.0,0.0
2016-08-24 00:00:00+08:00,0.14437299966812134,0.14437299966812134,0.14437299966812134,0.14437299966812134,0,0.0,0.0,0.0
2016-08-25 00:00:00+08:00,0.14437299966812134,0.14521199464797974,0.14437299966812134,0.14521199464797974,12032,0.0,0.0,0.0
2016-08-26 00:00:00+08:00,0.14521199464797974,0.14521199464797974,0.14521199464797974,0.14521199464797974,0,0.0,0.0,0.0
2016-08-29 00:00:00+08:00,0.14353300631046295,0.14353300631046295,0.14353300631046295,0.14353300631046295,3216,0.0,0.0,0.0
2016-08-30 00:00:00+08:00,0.14353300631046295,0.14353300631046295,0.14353300631046295,0.14353300631046295,0,0.0,0.0,0.0
2016-08-31 00:00:00+08:00,0.14269399642944336,0.14269399642944336,0.14269399642944336,0.14269399642944336,2978,0.0,0.0,0.0
2016-09-01 00:00:00+08:00,0.14269399642944336,0.14269399642944336,0.14269399642944336,0.14269399642944336,0,0.0,0.0,0.0
2016-09-02 00:00:00+08:00,0.14269399642944336,0.14269399642944336,0.14269399642944336,0.14269399642944336,0,0.0,0.0,0.0
2016-09-05 00:00:00+08:00,0.14269399642944336,0.14269399642944336,0.14269399642944336,0.14269399642944336,0,0.0,0.0,0.0
2016-09-06 00:00:00+08:00,0.15192699432373047,0.15192699432373047,0.15192699432373047,0.15192699432373047,833,0.0,0.0,0.0
2016-09-07 00:00:00+08:00,0.15192699432373047,0.15192699432373047,0.15192699432373047,0.15192699432373047,0,0.0,0.0,0.0
2016-09-08 00:00:00+08:00,0.15612399578094482,0.15612399578094482,0.15612399578094482,0.15612399578094482,1548,0.0,0.0,0.0
2016-09-09 00:00:00+08:00,0.15612399578094482,0.15612399578094482,0.15612399578094482,0.15612399578094482,0,0.0,0.0,0.0
2016-09-13 00:00:00+08:00,0.18466299772262573,0.20564700663089752,0.1393360048532486,0.1678750067949295,70647,0.0,0.0,0.0
2016-09-14 00:00:00+08:00,0.1678750067949295,0.20145000517368317,0.1678750067949295,0.20145000517368317,24661,0.0,0.0,0.0
2016-09-15 00:00:00+08:00,0.17626899480819702,0.2266319990158081,0.17626899480819702,0.2266319990158081,38123,0.0,0.0,0.0
2016-09-16 00:00:00+08:00,0.20145000517368317,0.20145000517368317,0.20145000517368317,0.20145000517368317,7148,0.0,0.0,0.0
2016-09-19 00:00:00+08:00,0.20564700663089752,0.24341900646686554,0.20564700663089752,0.24341900646686554,69813,0.0,0.0,0.0
2016-09-20 00:00:00+08:00,0.24341900646686554,0.25181299448013306,0.24341900646686554,0.25181299448013306,31570,0.0,0.0,0.0
2016-09-21 00:00:00+08:00,0.24341900646686554,0.26020699739456177,0.21404099464416504,0.26020699739456177,73030,0.0,0.0,0.0
2016-09-22 00:00:00+08:00,0.20564700663089752,0.276993989944458,0.20564700663089752,0.276993989944458,28354,0.0,0.0,0.0
2016-09-23 00:00:00+08:00,0.276993989944458,0.3189629912376404,0.276993989944458,0.314765989780426,54206,0.0,0.0,0.0
2016-09-26 00:00:00+08:00,0.26020699739456177,0.314765989780426,0.21404099464416504,0.3063730001449585,5837,0.0,0.0,0.0
2016-09-27 00:00:00+08:00,0.21404099464416504,0.21404099464416504,0.21404099464416504,0.21404099464416504,238,0.0,0.0,0.0
2016-09-28 00:00:00+08:00,0.1888599991798401,0.31056898832321167,0.18466299772262573,0.31056898832321167,4050,0.0,0.0,0.0
2016-09-29 00:00:00+08:00,0.30217599868774414,0.30217599868774414,0.30217599868774414,0.30217599868774414,14891,0.0,0.0,0.0
2016-09-30 00:00:00+08:00,0.31056898832321167,0.31056898832321167,0.31056898832321167,0.31056898832321167,39314,0.0,0.0,0.0
2016-10-03 00:00:00+08:00,0.31056898832321167,0.31056898832321167,0.31056898832321167,0.31056898832321167,0,0.0,0.0,0.0
2016-10-04 00:00:00+08:00,0.24341900646686554,0.24341900646686554,0.24341900646686554,0.24341900646686554,2144,0.0,0.0,0.0
2016-10-05 00:00:00+08:00,0.24341900646686554,0.3357509970664978,0.24341900646686554,0.3357509970664978,89709,0.0,0.0,0.0
2016-10-06 00:00:00+08:00,0.2644039988517761,0.3357509970664978,0.2644039988517761,0.3357509970664978,5361,0.0,0.0,0.0
2016-10-07 00:00:00+08:00,0.30217599868774414,0.3357509970664978,0.30217599868774414,0.3357509970664978,47654,0.0,0.0,0.0
2016-10-10 00:00:00+08:00,0.39870399236679077,0.39870399236679077,0.38191699981689453,0.38191699981689453,11317,0.0,0.0,0.0
2016-10-11 00:00:00+08:00,0.314765989780426,0.38191699981689453,0.31056898832321167,0.36932599544525146,35383,0.0,0.0,0.0
2016-10-12 00:00:00+08:00,0.32315999269485474,0.36932599544525146,0.29378199577331543,0.36093199253082275,22397,0.0,0.0,0.0
2016-10-13 00:00:00+08:00,0.26020699739456177,0.3861129879951477,0.2560099959373474,0.3861129879951477,12509,0.0,0.0,0.0
2016-10-14 00:00:00+08:00,0.3567349910736084,0.3567349910736084,0.27279698848724365,0.27279698848724365,12509,0.0,0.0,0.0
2016-10-17 00:00:00+08:00,0.29378199577331543,0.33155399560928345,0.2853879928588867,0.33155399560928345,12032,0.0,0.0,0.0
2016-10-18 00:00:00+08:00,0.30217599868774414,0.30217599868774414,0.30217599868774414,0.30217599868774414,11913,0.0,0.0,0.0
2016-10-19 00:00:00+08:00,0.3273569941520691,0.3273569941520691,0.3273569941520691,0.3273569941520691,1191,0.0,0.0,0.0
2016-10-20 00:00:00+08:00,0.3273569941520691,0.3273569941520691,0.3273569941520691,0.3273569941520691,0,0.0,0.0,0.0
2016-10-21 00:00:00+08:00,0.3273569941520691,0.3273569941520691,0.3273569941520691,0.3273569941520691,0,0.0,0.0,0.0
2016-10-24 00:00:00+08:00,0.3273569941520691,0.3273569941520691,0.3273569941520691,0.3273569941520691,0,0.0,0.0,0.0
2016-10-25 00:00:00+08:00,0.276993989944458,0.31056898832321167,0.25181299448013306,0.31056898832321167,50394,0.0,0.0,0.0
2016-10-26 00:00:00+08:00,0.314765989780426,0.314765989780426,0.23502500355243683,0.2979789972305298,14296,0.0,0.0,0.0
2016-10-27 00:00:00+08:00,0.2979789972305298,0.2979789972305298,0.2476159930229187,0.2895849943161011,14891,0.0,0.0,0.0
2016-10-28 00:00:00+08:00,0.2895849943161011,0.2895849943161011,0.2895849943161011,0.2895849943161011,0,0.0,0.0,0.0
2016-10-31 00:00:00+08:00,0.2895849943161011,0.2895849943161011,0.28119099140167236,0.2853879928588867,23827,0.0,0.0,0.0
2016-11-01 00:00:00+08:00,0.2895849943161011,0.2895849943161011,0.2895849943161011,0.2895849943161011,5480,0.0,0.0,0.0
2016-11-02 00:00:00+08:00,0.2895849943161011,0.2895849943161011,0.2895849943161011,0.2895849943161011,0,0.0,0.0,0.0
2016-11-03 00:00:00+08:00,0.2895849943161011,0.2895849943161011,0.2476159930229187,0.2895849943161011,14772,0.0,0.0,0.0
2016-11-04 00:00:00+08:00,0.276993989944458,0.29378199577331543,0.276993989944458,0.29378199577331543,4169,0.0,0.0,0.0
2016-11-07 00:00:00+08:00,0.2686010003089905,0.29378199577331543,0.25181299448013306,0.2644039988517761,61116,0.0,0.0,0.0
2016-11-08 00:00:00+08:00,0.29378199577331543,0.29378199577331543,0.25181299448013306,0.27279698848724365,63499,0.0,0.0,0.0
2016-11-09 00:00:00+08:00,0.2476159930229187,0.276993989944458,0.2476159930229187,0.276993989944458,4288,0.0,0.0,0.0
2016-11-10 00:00:00+08:00,0.276993989944458,0.276993989944458,0.24341900646686554,0.276993989944458,27877,0.0,0.0,0.0
2016-11-11 00:00:00+08:00,0.2686010003089905,0.2979789972305298,0.23082900047302246,0.2979789972305298,11437,0.0,0.0,0.0
2016-11-14 00:00:00+08:00,0.2979789972305298,0.2979789972305298,0.2979789972305298,0.2979789972305298,0,0.0,0.0,0.0
2016-11-15 00:00:00+08:00,0.2686010003089905,0.29378199577331543,0.2686010003089905,0.29378199577331543,8696,0.0,0.0,0.0
2016-11-16 00:00:00+08:00,0.276993989944458,0.2979789972305298,0.276993989944458,0.2979789972305298,2144,0.0,0.0,0.0
2016-11-17 00:00:00+08:00,0.276993989944458,0.276993989944458,0.276993989944458,0.276993989944458,238,0.0,0.0,0.0
2016-11-18 00:00:00+08:00,0.276993989944458,0.276993989944458,0.276993989944458,0.276993989944458,1787,0.0,0.0,0.0
2016-11-21 00:00:00+08:00,0.276993989944458,0.276993989944458,0.276993989944458,0.276993989944458,0,0.0,0.0,0.0
2016-11-22 00:00:00+08:00,0.276993989944458,0.276993989944458,0.276993989944458,0.276993989944458,0,0.0,0.0,0.0
2016-11-23 00:00:00+08:00,0.276993989944458,0.276993989944458,0.276993989944458,0.276993989944458,0,0.0,0.0,0.0
2016-11-24 00:00:00+08:00,0.2560099959373474,0.2979789972305298,0.2560099959373474,0.2979789972305298,953,0.0,0.0,0.0
2016-11-25 00:00:00+08:00,0.26020699739456177,0.26020699739456177,0.10576099902391434,0.14185400307178497,211466,0.0,0.0,0.0
2016-11-28 00:00:00+08:00,0.14353300631046295,0.15192699432373047,0.14353300631046295,0.15192699432373047,24422,0.0,0.0,0.0
2016-11-29 00:00:00+08:00,0.15108799934387207,0.15108799934387207,0.14689099788665771,0.14689099788665771,5837,0.0,0.0,0.0
2016-11-30 00:00:00+08:00,0.14689099788665771,0.16367800533771515,0.14689099788665771,0.16283899545669556,9530,0.0,0.0,0.0
2016-12-01 00:00:00+08:00,0.16283899545669556,0.16283899545669556,0.16283899545669556,0.16283899545669556,0,0.0,0.0,0.0
2016-12-02 00:00:00+08:00,0.20984399318695068,0.21404099464416504,0.1594810038805008,0.1678750067949295,13104,0.0,0.0,0.0
2016-12-05 00:00:00+08:00,0.1670359969139099,0.1670359969139099,0.1670359969139099,0.1670359969139099,11794,0.0,0.0,0.0
2016-12-06 00:00:00+08:00,0.15108799934387207,0.18466299772262573,0.15108799934387207,0.15108799934387207,1191,0.0,0.0,0.0
2016-12-07 00:00:00+08:00,0.16367800533771515,0.16367800533771515,0.16367800533771515,0.16367800533771515,5956,0.0,0.0,0.0
2016-12-08 00:00:00+08:00,0.1494089961051941,0.1494089961051941,0.1485690027475357,0.1485690027475357,1429,0.0,0.0,0.0
2016-12-09 00:00:00+08:00,0.1485690027475357,0.1485690027475357,0.1485690027475357,0.1485690027475357,0,0.0,0.0,0.0
2016-12-12 00:00:00+08:00,0.15024800598621368,0.18466299772262573,0.15024800598621368,0.17207199335098267,5480,0.0,0.0,0.0
2016-12-13 00:00:00+08:00,0.14269399642944336,0.14269399642944336,0.14269399642944336,0.14269399642944336,1906291,0.0,0.0,0.0
2016-12-14 00:00:00+08:00,0.14269399642944336,0.14269399642944336,0.14269399642944336,0.14269399642944336,0,0.0,0.0,0.0
2016-12-15 00:00:00+08:00,0.14269399642944336,0.14269399642944336,0.14269399642944336,0.14269399642944336,0,0.0,0.0,0.0
2016-12-16 00:00:00+08:00,0.1594810038805008,0.1972530037164688,0.1578029990196228,0.1972530037164688,6790,0.0,0.0,0.0
2016-12-19 00:00:00+08:00,0.1972530037164688,0.1972530037164688,0.1972530037164688,0.1972530037164688,0,0.0,0.0,0.0
2016-12-20 00:00:00+08:00,0.1594810038805008,0.1594810038805008,0.14437299966812134,0.14437299966812134,1191,0.0,0.0,0.0
2016-12-21 00:00:00+08:00,0.14437299966812134,0.14437299966812134,0.14437299966812134,0.14437299966812134,0,0.0,0.0,0.0
2016-12-22 00:00:00+08:00,0.14437299966812134,0.14437299966812134,0.14437299966812134,0.14437299966812134,0,0.0,0.0,0.0
2016-12-23 00:00:00+08:00,0.14437299966812134,0.14437299966812134,0.14437299966812134,0.14437299966812134,0,0.0,0.0,0.0
2016-12-27 00:00:00+08:00,0.14353300631046295,0.14353300631046295,0.14353300631046295,0.14353300631046295,238,0.0,0.0,0.0
2016-12-28 00:00:00+08:00,0.14269399642944336,0.14269399642944336,0.14269399642944336,0.14269399642944336,595,0.0,0.0,0.0
2016-12-29 00:00:00+08:00,0.14353300631046295,0.14353300631046295,0.14353300631046295,0.14353300631046295,1429,0.0,0.0,0.0
2016-12-30 00:00:00+08:00,0.14353300631046295,0.1972530037164688,0.14353300631046295,0.1888599991798401,17393,0.0,0.0,0.0
2017-01-03 00:00:00+08:00,0.13429999351501465,0.14269399642944336,0.12590600550174713,0.14269399642944336,1548,0.0,0.0,0.0
2017-01-04 00:00:00+08:00,0.14689099788665771,0.14689099788665771,0.14689099788665771,0.14689099788665771,119,0.0,0.0,0.0
2017-01-05 00:00:00+08:00,0.14269399642944336,0.14269399642944336,0.14269399642944336,0.14269399642944336,2978,0.0,0.0,0.0
2017-01-06 00:00:00+08:00,0.14269399642944336,0.14269399642944336,0.14269399642944336,0.14269399642944336,119,0.0,0.0,0.0
2017-01-09 00:00:00+08:00,0.14269399642944336,0.14269399642944336,0.14269399642944336,0.14269399642944336,0,0.0,0.0,0.0
2017-01-10 00:00:00+08:00,0.14269399642944336,0.14269399642944336,0.14269399642944336,0.14269399642944336,0,0.0,0.0,0.0
2017-01-11 00:00:00+08:00,0.21404099464416504,0.21404099464416504,0.21404099464416504,0.21404099464416504,1191,0.0,0.0,0.0
2017-01-12 00:00:00+08:00,0.18466299772262573,0.25181299448013306,0.15108799934387207,0.15108799934387207,64333,0.0,0.0,0.0
2017-01-13 00:00:00+08:00,0.1678750067949295,0.20564700663089752,0.1678750067949295,0.20564700663089752,1787,0.0,0.0,0.0
2017-01-16 00:00:00+08:00,0.20564700663089752,0.20564700663089752,0.20564700663089752,0.20564700663089752,0,0.0,0.0,0.0
2017-01-17 00:00:00+08:00,0.15192699432373047,0.25181299448013306,0.15108799934387207,0.20145000517368317,101503,0.0,0.0,0.0
2017-01-18 00:00:00+08:00,0.20984399318695068,0.20984399318695068,0.1972530037164688,0.20984399318695068,25018,0.0,0.0,0.0
2017-01-19 00:00:00+08:00,0.19305600225925446,0.19305600225925446,0.19305600225925446,0.19305600225925446,35740,0.0,0.0,0.0
2017-01-20 00:00:00+08:00,0.19305600225925446,0.19305600225925446,0.19305600225925446,0.19305600225925446,0,0.0,0.0,0.0
2017-01-23 00:00:00+08:00,0.19305600225925446,0.19305600225925446,0.19305600225925446,0.19305600225925446,0,0.0,0.0,0.0
2017-01-24 00:00:00+08:00,0.19305600225925446,0.19305600225925446,0.19305600225925446,0.19305600225925446,0,0.0,0.0,0.0
2017-01-25 00:00:00+08:00,0.17207199335098267,0.21404099464416504,0.17207199335098267,0.20984399318695068,15606,0.0,0.0,0.0
2017-01-26 00:00:00+08:00,0.20984399318695068,0.20984399318695068,0.20984399318695068,0.20984399318695068,0,0.0,0.0,0.0
2017-01-27 00:00:00+08:00,0.20984399318695068,0.20984399318695068,0.20984399318695068,0.20984399318695068,0,0.0,0.0,0.0
2017-01-31 00:00:00+08:00,0.17626899480819702,0.18046599626541138,0.17626899480819702,0.18046599626541138,2978,0.0,0.0,0.0
2017-02-01 00:00:00+08:00,0.18046599626541138,0.18046599626541138,0.18046599626541138,0.18046599626541138,119,0.0,0.0,0.0
2017-02-02 00:00:00+08:00,0.18466299772262573,0.18466299772262573,0.18466299772262573,0.18466299772262573,3574,0.0,0.0,0.0
2017-02-03 00:00:00+08:00,0.18466299772262573,0.18466299772262573,0.18466299772262573,0.18466299772262573,0,0.0,0.0,0.0
2017-02-06 00:00:00+08:00,0.18466299772262573,0.18466299772262573,0.18466299772262573,0.18466299772262573,0,0.0,0.0,0.0
2017-02-07 00:00:00+08:00,0.18466299772262573,0.23502500355243683,0.18466299772262573,0.2266319990158081,30498,0.0,0.0,0.0
2017-02-08 00:00:00+08:00,0.2266319990158081,0.2266319990158081,0.2266319990158081,0.2266319990158081,0,0.0,0.0,0.0
2017-02-09 00:00:00+08:00,0.18466299772262573,0.18466299772262573,0.18466299772262573,0.18466299772262573,714,0.0,0.0,0.0
2017-02-10 00:00:00+08:00,0.18466299772262573,0.18466299772262573,0.18466299772262573,0.18466299772262573,0,0.0,0.0,0.0
2017-02-13 00:00:00+08:00,0.18466299772262573,0.3189629912376404,0.18466299772262573,0.3189629912376404,3216,0.0,0.0,0.0
2017-02-14 00:00:00+08:00,0.23502500355243683,0.23502500355243683,0.1972530037164688,0.22243499755859375,21444,0.0,0.0,0.0
2017-02-15 00:00:00+08:00,0.22243499755859375,0.22243499755859375,0.22243499755859375,0.22243499755859375,0,0.0,0.0,0.0
2017-02-16 00:00:00+08:00,0.1888599991798401,0.20984399318695068,0.1888599991798401,0.1972530037164688,16083,0.0,0.0,0.0
2017-02-17 00:00:00+08:00,0.1972530037164688,0.1972530037164688,0.1972530037164688,0.1972530037164688,0,0.0,0.0,0.0
2017-02-20 00:00:00+08:00,0.19305600225925446,0.1972530037164688,0.1888599991798401,0.1972530037164688,59806,0.0,0.0,0.0
2017-02-21 00:00:00+08:00,0.19305600225925446,0.19305600225925446,0.19305600225925446,0.19305600225925446,5956,0.0,0.0,0.0
2017-02-22 00:00:00+08:00,0.19305600225925446,0.19305600225925446,0.19305600225925446,0.19305600225925446,0,0.0,0.0,0.0
2017-02-23 00:00:00+08:00,0.19305600225925446,0.19305600225925446,0.19305600225925446,0.19305600225925446,0,0.0,0.0,0.0
2017-02-24 00:00:00+08:00,0.1888599991798401,0.2476159930229187,0.1888599991798401,0.19305600225925446,13462,0.0,0.0,0.0
2017-02-27 00:00:00+08:00,0.19305600225925446,0.19305600225925446,0.19305600225925446,0.19305600225925446,0,0.0,0.0,0.0
2017-02-28 00:00:00+08:00,0.1888599991798401,0.1888599991798401,0.1888599991798401,0.1888599991798401,1310,0.0,0.0,0.0
2017-03-01 00:00:00+08:00,0.1888599991798401,0.1888599991798401,0.1888599991798401,0.1888599991798401,0,0.0,0.0,0.0
2017-03-02 00:00:00+08:00,0.1888599991798401,0.1888599991798401,0.1888599991798401,0.1888599991798401,2978,0.0,0.0,0.0
2017-03-03 00:00:00+08:00,0.1888599991798401,0.1888599991798401,0.1888599991798401,0.1888599991798401,0,0.0,0.0,0.0
2017-03-06 00:00:00+08:00,0.18466299772262573,0.18466299772262573,0.18466299772262573,0.18466299772262573,2263,0.0,0.0,0.0
2017-03-07 00:00:00+08:00,0.1888599991798401,0.1888599991798401,0.1888599991798401,0.1888599991798401,119,0.0,0.0,0.0
2017-03-08 00:00:00+08:00,0.1888599991798401,0.20984399318695068,0.18466299772262573,0.20984399318695068,18585,0.0,0.0,0.0
2017-03-09 00:00:00+08:00,0.18466299772262573,0.18466299772262573,0.18466299772262573,0.18466299772262573,5003,0.0,0.0,0.0
2017-03-10 00:00:00+08:00,0.18466299772262573,0.18466299772262573,0.18466299772262573,0.18466299772262573,0,0.0,0.0,0.0
2017-03-13 00:00:00+08:00,0.18466299772262573,0.18466299772262573,0.18466299772262573,0.18466299772262573,0,0.0,0.0,0.0
2017-03-14 00:00:00+08:00,0.18466299772262573,0.19305600225925446,0.18466299772262573,0.19305600225925446,4884,0.0,0.0,0.0
2017-03-15 00:00:00+08:00,0.18466299772262573,0.20984399318695068,0.18466299772262573,0.19305600225925446,13104,0.0,0.0,0.0
2017-03-16 00:00:00+08:00,0.18466299772262573,0.18466299772262573,0.18466299772262573,0.18466299772262573,2382,0.0,0.0,0.0
2017-03-17 00:00:00+08:00,0.18466299772262573,0.18466299772262573,0.18466299772262573,0.18466299772262573,0,0.0,0.0,0.0
2017-03-20 00:00:00+08:00,0.18466299772262573,0.18466299772262573,0.18466299772262573,0.18466299772262573,0,0.0,0.0,0.0
2017-03-21 00:00:00+08:00,0.18466299772262573,0.18466299772262573,0.18466299772262573,0.18466299772262573,0,0.0,0.0,0.0
2017-03-22 00:00:00+08:00,0.18466299772262573,0.20984399318695068,0.18466299772262573,0.20984399318695068,10126,0.0,0.0,0.0
2017-03-23 00:00:00+08:00,0.18466299772262573,0.18466299772262573,0.18466299772262573,0.18466299772262573,1310,0.0,0.0,0.0
2017-03-24 00:00:00+08:00,0.18466299772262573,0.1972530037164688,0.18466299772262573,0.18466299772262573,13462,0.0,0.0,0.0
2017-03-27 00:00:00+08:00,0.18046599626541138,0.18466299772262573,0.18046599626541138,0.18466299772262573,12747,0.0,0.0,0.0
2017-03-28 00:00:00+08:00,0.18466299772262573,0.18466299772262573,0.18466299772262573,0.18466299772262573,6790,0.0,0.0,0.0
2017-03-29 00:00:00+08:00,0.18046599626541138,0.18046599626541138,0.18046599626541138,0.18046599626541138,833,0.0,0.0,0.0
2017-03-30 00:00:00+08:00,0.18466299772262573,0.18466299772262573,0.18466299772262573,0.18466299772262573,8935,0.0,0.0,0.0
2017-03-31 00:00:00+08:00,0.18466299772262573,0.18466299772262573,0.18466299772262573,0.18466299772262573,0,0.0,0.0,0.0
2017-04-03 00:00:00+08:00,0.19305600225925446,0.20564700663089752,0.19305600225925446,0.20564700663089752,102218,0.0,0.0,0.0
2017-04-04 00:00:00+08:00,0.1972530037164688,0.1972530037164688,0.19305600225925446,0.19305600225925446,85539,0.0,0.0,0.0
2017-04-05 00:00:00+08:00,0.1888599991798401,0.1888599991798401,0.1888599991798401,0.1888599991798401,4646,0.0,0.0,0.0
2017-04-06 00:00:00+08:00,0.1888599991798401,0.1888599991798401,0.1888599991798401,0.1888599991798401,0,0.0,0.0,0.0
2017-04-07 00:00:00+08:00,0.18466299772262573,0.18466299772262573,0.18466299772262573,0.18466299772262573,1429,0.0,0.0,0.0
2017-04-10 00:00:00+08:00,0.19305600225925446,0.19305600225925446,0.19305600225925446,0.19305600225925446,833,0.0,0.0,0.0
2017-04-11 00:00:00+08:00,0.21404099464416504,0.21404099464416504,0.21404099464416504,0.21404099464416504,6075,0.0,0.0,0.0
2017-04-12 00:00:00+08:00,0.21404099464416504,0.21404099464416504,0.21404099464416504,0.21404099464416504,0,0.0,0.0,0.0
2017-04-13 00:00:00+08:00,0.18046599626541138,0.18466299772262573,0.17626899480819702,0.18466299772262573,1072,0.0,0.0,0.0
2017-04-17 00:00:00+08:00,0.18046599626541138,0.20984399318695068,0.18046599626541138,0.20984399318695068,12032,0.0,0.0,0.0
2017-04-18 00:00:00+08:00,0.20984399318695068,0.20984399318695068,0.20984399318695068,0.20984399318695068,0,0.0,0.0,0.0
2017-04-19 00:00:00+08:00,0.18046599626541138,0.21404099464416504,0.18046599626541138,0.21404099464416504,15368,0.0,0.0,0.0
2017-04-20 00:00:00+08:00,0.21404099464416504,0.21404099464416504,0.21404099464416504,0.21404099464416504,0,0.0,0.0,0.0
2017-04-21 00:00:00+08:00,0.14689099788665771,0.2476159930229187,0.14689099788665771,0.2266319990158081,25852,0.0,0.0,0.0
2017-04-24 00:00:00+08:00,0.2266319990158081,0.2266319990158081,0.2266319990158081,0.2266319990158081,0,0.0,0.0,0.0
2017-04-25 00:00:00+08:00,0.2266319990158081,0.2266319990158081,0.2266319990158081,0.2266319990158081,0,0.0,0.0,0.0
2017-04-26 00:00:00+08:00,0.17626899480819702,0.17626899480819702,0.17626899480819702,0.17626899480819702,3216,0.0,0.0,0.0
2017-04-27 00:00:00+08:00,0.16283899545669556,0.16535699367523193,0.16200000047683716,0.16535699367523193,833,0.0,0.0,0.0
2017-04-28 00:00:00+08:00,0.16535699367523193,0.16535699367523193,0.16535699367523193,0.16535699367523193,0,0.0,0.0,0.0
2017-05-02 00:00:00+08:00,0.16535699367523193,0.16535699367523193,0.16535699367523193,0.16535699367523193,0,0.0,0.0,0.0
2017-05-03 00:00:00+08:00,0.16032099723815918,0.16535699367523193,0.16032099723815918,0.16535699367523193,1787,0.0,0.0,0.0
2017-05-04 00:00:00+08:00,0.16535699367523193,0.16535699367523193,0.16535699367523193,0.16535699367523193,0,0.0,0.0,0.0
2017-05-05 00:00:00+08:00,0.16535699367523193,0.16535699367523193,0.16535699367523193,0.16535699367523193,0,0.0,0.0,0.0
2017-05-08 00:00:00+08:00,0.16535699367523193,0.16535699367523193,0.16535699367523193,0.16535699367523193,953,0.0,0.0,0.0
2017-05-09 00:00:00+08:00,0.16535699367523193,0.16535699367523193,0.16535699367523193,0.16535699367523193,3574,0.0,0.0,0.0
2017-05-11 00:00:00+08:00,0.1678750067949295,0.20564700663089752,0.1678750067949295,0.20564700663089752,23588,0.0,0.0,0.0
2017-05-12 00:00:00+08:00,0.1678750067949295,0.1678750067949295,0.1678750067949295,0.1678750067949295,5956,0.0,0.0,0.0
2017-05-15 00:00:00+08:00,0.1678750067949295,0.1678750067949295,0.1678750067949295,0.1678750067949295,0,0.0,0.0,0.0
2017-05-16 00:00:00+08:00,0.1678750067949295,0.1678750067949295,0.1678750067949295,0.1678750067949295,0,0.0,0.0,0.0
2017-05-17 00:00:00+08:00,0.1678750067949295,0.1678750067949295,0.1678750067949295,0.1678750067949295,0,0.0,0.0,0.0
2017-05-18 00:00:00+08:00,0.1678750067949295,0.1678750067949295,0.1678750067949295,0.1678750067949295,0,0.0,0.0,0.0
2017-05-19 00:00:00+08:00,0.1678750067949295,0.1678750067949295,0.1678750067949295,0.1678750067949295,0,0.0,0.0,0.0
2017-05-22 00:00:00+08:00,0.1678750067949295,0.1678750067949295,0.1678750067949295,0.1678750067949295,0,0.0,0.0,0.0
2017-05-23 00:00:00+08:00,0.1678750067949295,0.1678750067949295,0.1678750067949295,0.1678750067949295,0,0.0,0.0,0.0
2017-05-24 00:00:00+08:00,0.1678750067949295,0.1678750067949295,0.1678750067949295,0.1678750067949295,0,0.0,0.0,0.0
2017-05-25 00:00:00+08:00,0.1678750067949295,0.1678750067949295,0.1678750067949295,0.1678750067949295,134027,0.0,0.0,0.0
2017-05-26 00:00:00+08:00,0.1678750067949295,0.1678750067949295,0.1678750067949295,0.1678750067949295,171079,0.0,0.0,0.0
2017-05-29 00:00:00+08:00,0.1678750067949295,0.1678750067949295,0.1678750067949295,0.1678750067949295,0,0.0,0.0,0.0
2017-05-30 00:00:00+08:00,0.1678750067949295,0.1678750067949295,0.1678750067949295,0.1678750067949295,0,0.0,0.0,0.0
2017-05-31 00:00:00+08:00,0.1678750067949295,0.1678750067949295,0.1678750067949295,0.1678750067949295,0,0.0,0.0,0.0
2017-06-01 00:00:00+08:00,0.13597899675369263,0.15360599756240845,0.13513900339603424,0.15360599756240845,2144,0.0,0.0,0.0
2017-06-02 00:00:00+08:00,0.1678750067949295,0.1678750067949295,0.1678750067949295,0.1678750067949295,176440,0.0,0.0,0.0
2017-06-05 00:00:00+08:00,0.1678750067949295,0.1678750067949295,0.14269399642944336,0.1594810038805008,218495,0.0,0.0,0.0
2017-06-06 00:00:00+08:00,0.1678750067949295,0.1678750067949295,0.1678750067949295,0.1678750067949295,369320,0.0,0.0,0.0
2017-06-07 00:00:00+08:00,0.1678750067949295,0.1678750067949295,0.1678750067949295,0.1678750067949295,0,0.0,0.0,0.0
2017-06-08 00:00:00+08:00,0.1678750067949295,0.1678750067949295,0.1678750067949295,0.1678750067949295,0,0.0,0.0,0.0
2017-06-09 00:00:00+08:00,0.1678750067949295,0.1678750067949295,0.1678750067949295,0.1678750067949295,0,0.0,0.0,0.0
2017-06-12 00:00:00+08:00,0.15108799934387207,0.15108799934387207,0.15108799934387207,0.15108799934387207,1191,0.0,0.0,0.0
2017-06-13 00:00:00+08:00,0.14437299966812134,0.14521199464797974,0.14353300631046295,0.14521199464797974,5718,0.0,0.0,0.0
2017-06-14 00:00:00+08:00,0.14521199464797974,0.14521199464797974,0.14521199464797974,0.14521199464797974,357,0.0,0.0,0.0
2017-06-15 00:00:00+08:00,0.15108799934387207,0.15108799934387207,0.15108799934387207,0.15108799934387207,937479,0.0,0.0,0.0
2017-06-16 00:00:00+08:00,0.15108799934387207,0.1678750067949295,0.15108799934387207,0.1678750067949295,244109,0.0,0.0,0.0
2017-06-19 00:00:00+08:00,0.1670359969139099,0.1678750067949295,0.1670359969139099,0.1670359969139099,81131,0.0,0.0,0.0
2017-06-20 00:00:00+08:00,0.15360599756240845,0.1678750067949295,0.15276600420475006,0.1678750067949295,395530,0.0,0.0,0.0
2017-06-21 00:00:00+08:00,0.15360599756240845,0.15528400242328644,0.15360599756240845,0.15528400242328644,833,0.0,0.0,0.0
2017-06-22 00:00:00+08:00,0.15528400242328644,0.15528400242328644,0.15528400242328644,0.15528400242328644,0,0.0,0.0,0.0
2017-06-23 00:00:00+08:00,0.15528400242328644,0.15528400242328644,0.15528400242328644,0.15528400242328644,0,0.0,0.0,0.0
2017-06-27 00:00:00+08:00,0.15528400242328644,0.15528400242328644,0.15528400242328644,0.15528400242328644,0,0.0,0.0,0.0
2017-06-28 00:00:00+08:00,0.15276600420475006,0.15528400242328644,0.15276600420475006,0.15528400242328644,953,0.0,0.0,0.0
2017-06-29 00:00:00+08:00,0.16032099723815918,0.16032099723815918,0.16032099723815918,0.16032099723815918,5956,0.0,0.0,0.0
2017-06-30 00:00:00+08:00,0.16032099723815918,0.16032099723815918,0.16032099723815918,0.16032099723815918,0,0.0,0.0,0.0
2017-07-03 00:00:00+08:00,0.16032099723815918,0.16032099723815918,0.16032099723815918,0.16032099723815918,0,0.0,0.0,0.0
2017-07-04 00:00:00+08:00,0.16032099723815918,0.16032099723815918,0.16032099723815918,0.16032099723815918,0,0.0,0.0,0.0
2017-07-05 00:00:00+08:00,0.16032099723815918,0.16032099723815918,0.16032099723815918,0.16032099723815918,0,0.0,0.0,0.0
2017-07-06 00:00:00+08:00,0.15444500744342804,0.15528400242328644,0.15444500744342804,0.15528400242328644,2144,0.0,0.0,0.0
2017-07-07 00:00:00+08:00,0.15528400242328644,0.15528400242328644,0.15528400242328644,0.15528400242328644,0,0.0,0.0,0.0
2017-07-10 00:00:00+08:00,0.15528400242328644,0.15528400242328644,0.15528400242328644,0.15528400242328644,0,0.0,0.0,0.0
2017-07-11 00:00:00+08:00,0.15276600420475006,0.16032099723815918,0.15276600420475006,0.16032099723815918,21920,0.0,0.0,0.0
2017-07-12 00:00:00+08:00,0.16032099723815918,0.16032099723815918,0.16032099723815918,0.16032099723815918,0,0.0,0.0,0.0
2017-07-13 00:00:00+08:00,0.15528400242328644,0.15528400242328644,0.15444500744342804,0.15444500744342804,1667,0.0,0.0,0.0
2017-07-14 00:00:00+08:00,0.15444500744342804,0.1594810038805008,0.15444500744342804,0.1594810038805008,16202,0.0,0.0,0.0
2017-07-17 00:00:00+08:00,0.15528400242328644,0.15528400242328644,0.15528400242328644,0.15528400242328644,238,0.0,0.0,0.0
2017-07-18 00:00:00+08:00,0.15528400242328644,0.15528400242328644,0.15528400242328644,0.15528400242328644,119,0.0,0.0,0.0
2017-07-19 00:00:00+08:00,0.15528400242328644,0.15528400242328644,0.15528400242328644,0.15528400242328644,0,0.0,0.0,0.0
2017-07-20 00:00:00+08:00,0.16367800533771515,0.16367800533771515,0.16367800533771515,0.16367800533771515,51585,0.0,0.0,0.0
2017-07-21 00:00:00+08:00,0.16367800533771515,0.16367800533771515,0.16367800533771515,0.16367800533771515,0,0.0,0.0,0.0
2017-07-24 00:00:00+08:00,0.15612399578094482,0.15612399578094482,0.15528400242328644,0.15528400242328644,238,0.0,0.0,0.0
2017-07-25 00:00:00+08:00,0.15528400242328644,0.1578029990196228,0.15528400242328644,0.1578029990196228,4288,0.0,0.0,0.0
2017-07-26 00:00:00+08:00,0.15696300566196442,0.15696300566196442,0.15696300566196442,0.15696300566196442,2382,0.0,0.0,0.0
2017-07-27 00:00:00+08:00,0.16367800533771515,0.17207199335098267,0.16367800533771515,0.17207199335098267,74817,0.0,0.0,0.0
2017-07-28 00:00:00+08:00,0.15528400242328644,0.15612399578094482,0.15528400242328644,0.15612399578094482,3574,0.0,0.0,0.0
2017-07-31 00:00:00+08:00,0.15444500744342804,0.15444500744342804,0.15444500744342804,0.15444500744342804,1429,0.0,0.0,0.0
2017-08-01 00:00:00+08:00,0.15444500744342804,0.15444500744342804,0.15444500744342804,0.15444500744342804,0,0.0,0.0,0.0
2017-08-02 00:00:00+08:00,0.15444500744342804,0.15444500744342804,0.15444500744342804,0.15444500744342804,238,0.0,0.0,0.0
2017-08-03 00:00:00+08:00,0.16367800533771515,0.16367800533771515,0.16367800533771515,0.16367800533771515,17989,0.0,0.0,0.0
2017-08-04 00:00:00+08:00,0.16367800533771515,0.16367800533771515,0.16367800533771515,0.16367800533771515,0,0.0,0.0,0.0
2017-08-07 00:00:00+08:00,0.15528400242328644,0.15528400242328644,0.15444500744342804,0.15444500744342804,16321,0.0,0.0,0.0
2017-08-08 00:00:00+08:00,0.15444500744342804,0.15444500744342804,0.15444500744342804,0.15444500744342804,0,0.0,0.0,0.0
2017-08-10 00:00:00+08:00,0.15444500744342804,0.15444500744342804,0.15444500744342804,0.15444500744342804,0,0.0,0.0,0.0
2017-08-11 00:00:00+08:00,0.15444500744342804,0.15444500744342804,0.15444500744342804,0.15444500744342804,0,0.0,0.0,0.0
2017-08-14 00:00:00+08:00,0.15192699432373047,0.15276600420475006,0.15192699432373047,0.15276600420475006,1548,0.0,0.0,0.0
2017-08-15 00:00:00+08:00,0.15276600420475006,0.15276600420475006,0.15276600420475006,0.15276600420475006,0,0.0,0.0,0.0
2017-08-16 00:00:00+08:00,0.15276600420475006,0.15276600420475006,0.15276600420475006,0.15276600420475006,0,0.0,0.0,0.0
2017-08-17 00:00:00+08:00,0.15276600420475006,0.15276600420475006,0.15276600420475006,0.15276600420475006,0,0.0,0.0,0.0
2017-08-18 00:00:00+08:00,0.15276600420475006,0.15276600420475006,0.15276600420475006,0.15276600420475006,0,0.0,0.0,0.0
2017-08-21 00:00:00+08:00,0.15276600420475006,0.15276600420475006,0.15276600420475006,0.15276600420475006,0,0.0,0.0,0.0
2017-08-22 00:00:00+08:00,0.15276600420475006,0.15276600420475006,0.15276600420475006,0.15276600420475006,6195,0.0,0.0,0.0
2017-08-23 00:00:00+08:00,0.15276600420475006,0.15276600420475006,0.15276600420475006,0.15276600420475006,833,0.0,0.0,0.0
2017-08-24 00:00:00+08:00,0.15276600420475006,0.15276600420475006,0.15276600420475006,0.15276600420475006,0,0.0,0.0,0.0
2017-08-25 00:00:00+08:00,0.15276600420475006,0.15276600420475006,0.15276600420475006,0.15276600420475006,0,0.0,0.0,0.0
2017-08-28 00:00:00+08:00,0.15276600420475006,0.15276600420475006,0.15276600420475006,0.15276600420475006,0,0.0,0.0,0.0
2017-08-29 00:00:00+08:00,0.15276600420475006,0.15276600420475006,0.15276600420475006,0.15276600420475006,0,0.0,0.0,0.0
2017-08-30 00:00:00+08:00,0.15276600420475006,0.15276600420475006,0.15276600420475006,0.15276600420475006,0,0.0,0.0,0.0
2017-08-31 00:00:00+08:00,0.15276600420475006,0.15276600420475006,0.15276600420475006,0.15276600420475006,0,0.0,0.0,0.0
2017-09-04 00:00:00+08:00,0.15276600420475006,0.15276600420475006,0.15276600420475006,0.15276600420475006,0,0.0,0.0,0.0
2017-09-05 00:00:00+08:00,0.15276600420475006,0.15276600420475006,0.15276600420475006,0.15276600420475006,0,0.0,0.0,0.0
2017-09-06 00:00:00+08:00,0.15108799934387207,0.15108799934387207,0.15108799934387207,0.15108799934387207,2620,0.0,0.0,0.0
2017-09-07 00:00:00+08:00,0.15108799934387207,0.15108799934387207,0.15108799934387207,0.15108799934387207,0,0.0,0.0,0.0
2017-09-08 00:00:00+08:00,0.15108799934387207,0.15108799934387207,0.15108799934387207,0.15108799934387207,2144,0.0,0.0,0.0
2017-09-11 00:00:00+08:00,0.15108799934387207,0.15108799934387207,0.15108799934387207,0.15108799934387207,0,0.0,0.0,0.0
2017-09-12 00:00:00+08:00,0.15108799934387207,0.15108799934387207,0.15108799934387207,0.15108799934387207,0,0.0,0.0,0.0
2017-09-13 00:00:00+08:00,0.15108799934387207,0.15108799934387207,0.15024800598621368,0.15024800598621368,3574,0.0,0.0,0.0
2017-09-14 00:00:00+08:00,0.15024800598621368,0.15024800598621368,0.15024800598621368,0.15024800598621368,0,0.0,0.0,0.0
2017-09-15 00:00:00+08:00,0.15108799934387207,0.15108799934387207,0.15108799934387207,0.15108799934387207,6433,0.0,0.0,0.0
2017-09-18 00:00:00+08:00,0.14689099788665771,0.14689099788665771,0.14689099788665771,0.14689099788665771,2978,0.0,0.0,0.0
2017-09-19 00:00:00+08:00,0.15108799934387207,0.15108799934387207,0.15108799934387207,0.15108799934387207,5480,0.0,0.0,0.0
2017-09-20 00:00:00+08:00,0.15108799934387207,0.15528400242328644,0.15108799934387207,0.15108799934387207,12270,0.0,0.0,0.0
2017-09-21 00:00:00+08:00,0.1477299928665161,0.1477299928665161,0.1477299928665161,0.1477299928665161,2025,0.0,0.0,0.0
2017-09-22 00:00:00+08:00,0.1477299928665161,0.1477299928665161,0.1477299928665161,0.1477299928665161,0,0.0,0.0,0.0
2017-09-25 00:00:00+08:00,0.1477299928665161,0.1477299928665161,0.1477299928665161,0.1477299928665161,0,0.0,0.0,0.0
2017-09-26 00:00:00+08:00,0.14353300631046295,0.14353300631046295,0.14353300631046295,0.14353300631046295,357,0.0,0.0,0.0
2017-09-27 00:00:00+08:00,0.14353300631046295,0.14353300631046295,0.14353300631046295,0.14353300631046295,0,0.0,0.0,0.0
2017-09-28 00:00:00+08:00,0.14353300631046295,0.14353300631046295,0.14353300631046295,0.14353300631046295,0,0.0,0.0,0.0
2017-09-29 00:00:00+08:00,0.14353300631046295,0.14353300631046295,0.14353300631046295,0.14353300631046295,0,0.0,0.0,0.0
2017-10-02 00:00:00+08:00,0.14353300631046295,0.14353300631046295,0.14353300631046295,0.14353300631046295,0,0.0,0.0,0.0
2017-10-03 00:00:00+08:00,0.14353300631046295,0.14353300631046295,0.14269399642944336,0.14269399642944336,15487,0.0,0.0,0.0
2017-10-04 00:00:00+08:00,0.14269399642944336,0.14269399642944336,0.14269399642944336,0.14269399642944336,2025,0.0,0.0,0.0
2017-10-05 00:00:00+08:00,0.14269399642944336,0.14269399642944336,0.14269399642944336,0.14269399642944336,0,0.0,0.0,0.0
2017-10-06 00:00:00+08:00,0.14269399642944336,0.14269399642944336,0.14269399642944336,0.14269399642944336,0,0.0,0.0,0.0
2017-10-09 00:00:00+08:00,0.14269399642944336,0.14269399642944336,0.14269399642944336,0.14269399642944336,0,0.0,0.0,0.0
2017-10-10 00:00:00+08:00,0.14101499319076538,0.1578029990196228,0.14101499319076538,0.1578029990196228,357,0.0,0.0,0.0
2017-10-11 00:00:00+08:00,0.14353300631046295,0.1494089961051941,0.14353300631046295,0.1494089961051941,238,0.0,0.0,0.0
2017-10-12 00:00:00+08:00,0.14185400307178497,0.1586419939994812,0.14101499319076538,0.1586419939994812,1429,0.0,0.0,0.0
2017-10-13 00:00:00+08:00,0.1586419939994812,0.1586419939994812,0.1586419939994812,0.1586419939994812,0,0.0,0.0,0.0
2017-10-16 00:00:00+08:00,0.15108799934387207,0.15108799934387207,0.15108799934387207,0.15108799934387207,5956,0.0,0.0,0.0
2017-10-17 00:00:00+08:00,0.15108799934387207,0.15108799934387207,0.15108799934387207,0.15108799934387207,0,0.0,0.0,0.0
2017-10-19 00:00:00+08:00,0.14269399642944336,0.14353300631046295,0.14269399642944336,0.14353300631046295,9769,0.0,0.0,0.0
2017-10-20 00:00:00+08:00,0.14353300631046295,0.14353300631046295,0.14353300631046295,0.14353300631046295,0,0.0,0.0,0.0
2017-10-23 00:00:00+08:00,0.1393360048532486,0.1393360048532486,0.1393360048532486,0.1393360048532486,953,0.0,0.0,0.0
2017-10-24 00:00:00+08:00,0.1393360048532486,0.1393360048532486,0.1393360048532486,0.1393360048532486,0,0.0,0.0,0.0
2017-10-25 00:00:00+08:00,0.14017599821090698,0.1485690027475357,0.14017599821090698,0.1485690027475357,9530,0.0,0.0,0.0
2017-10-26 00:00:00+08:00,0.1485690027475357,0.1485690027475357,0.1485690027475357,0.1485690027475357,0,0.0,0.0,0.0
2017-10-27 00:00:00+08:00,0.1485690027475357,0.1485690027475357,0.1485690027475357,0.1485690027475357,0,0.0,0.0,0.0
2017-10-30 00:00:00+08:00,0.1485690027475357,0.1485690027475357,0.1485690027475357,0.1485690027475357,0,0.0,0.0,0.0
2017-10-31 00:00:00+08:00,0.1485690027475357,0.1485690027475357,0.1485690027475357,0.1485690027475357,0,0.0,0.0,0.0
2017-11-01 00:00:00+08:00,0.1485690027475357,0.1485690027475357,0.1485690027475357,0.1485690027475357,0,0.0,0.0,0.0
2017-11-02 00:00:00+08:00,0.1485690027475357,0.1485690027475357,0.1485690027475357,0.1485690027475357,0,0.0,0.0,0.0
2017-11-03 00:00:00+08:00,0.1485690027475357,0.1485690027475357,0.1485690027475357,0.1485690027475357,0,0.0,0.0,0.0
2017-11-06 00:00:00+08:00,0.15696300566196442,0.1578029990196228,0.15696300566196442,0.15696300566196442,65286,0.0,0.0,0.0
2017-11-07 00:00:00+08:00,0.15696300566196442,0.15696300566196442,0.15696300566196442,0.15696300566196442,0,0.0,0.0,0.0
2017-11-08 00:00:00+08:00,0.14353300631046295,0.14353300631046295,0.14353300631046295,0.14353300631046295,20848,0.0,0.0,0.0
2017-11-09 00:00:00+08:00,0.15528400242328644,0.15528400242328644,0.14101499319076538,0.14269399642944336,18585,0.0,0.0,0.0
2017-11-10 00:00:00+08:00,0.1393360048532486,0.14269399642944336,0.1393360048532486,0.14269399642944336,953,0.0,0.0,0.0
2017-11-13 00:00:00+08:00,0.1393360048532486,0.1393360048532486,0.1393360048532486,0.1393360048532486,7267,0.0,0.0,0.0
2017-11-14 00:00:00+08:00,0.1393360048532486,0.14689099788665771,0.1393360048532486,0.14689099788665771,3097,0.0,0.0,0.0
2017-11-15 00:00:00+08:00,0.14689099788665771,0.14689099788665771,0.14689099788665771,0.14689099788665771,0,0.0,0.0,0.0
2017-11-16 00:00:00+08:00,0.14689099788665771,0.14689099788665771,0.14689099788665771,0.14689099788665771,0,0.0,0.0,0.0
2017-11-17 00:00:00+08:00,0.14269399642944336,0.14269399642944336,0.14269399642944336,0.14269399642944336,23946,0.0,0.0,0.0
2017-11-20 00:00:00+08:00,0.14269399642944336,0.14269399642944336,0.14269399642944336,0.14269399642944336,0,0.0,0.0,0.0
2017-11-21 00:00:00+08:00,0.14269399642944336,0.14269399642944336,0.14269399642944336,0.14269399642944336,8935,0.0,0.0,0.0
2017-11-22 00:00:00+08:00,0.14269399642944336,0.14269399642944336,0.14269399642944336,0.14269399642944336,0,0.0,0.0,0.0
2017-11-23 00:00:00+08:00,0.1393360048532486,0.14689099788665771,0.1393360048532486,0.14689099788665771,595,0.0,0.0,0.0
2017-11-24 00:00:00+08:00,0.1678750067949295,0.1678750067949295,0.14269399642944336,0.14353300631046295,8816,0.0,0.0,0.0
2017-11-27 00:00:00+08:00,0.14353300631046295,0.14353300631046295,0.14353300631046295,0.14353300631046295,0,0.0,0.0,0.0
2017-11-28 00:00:00+08:00,0.15024800598621368,0.15024800598621368,0.15024800598621368,0.15024800598621368,119,0.0,0.0,0.0
2017-11-29 00:00:00+08:00,0.15024800598621368,0.17626899480819702,0.14689099788665771,0.16116000711917877,13104,0.0,0.0,0.0
2017-11-30 00:00:00+08:00,0.16116000711917877,0.16116000711917877,0.16116000711917877,0.16116000711917877,0,0.0,0.0,0.0
2017-12-01 00:00:00+08:00,0.16116000711917877,0.16116000711917877,0.16116000711917877,0.16116000711917877,0,0.0,0.0,0.0
2017-12-04 00:00:00+08:00,0.16116000711917877,0.16116000711917877,0.16116000711917877,0.16116000711917877,0,0.0,0.0,0.0
2017-12-05 00:00:00+08:00,0.16116000711917877,0.16116000711917877,0.16116000711917877,0.16116000711917877,0,0.0,0.0,0.0
2017-12-06 00:00:00+08:00,0.16116000711917877,0.16116000711917877,0.16116000711917877,0.16116000711917877,0,0.0,0.0,0.0
2017-12-07 00:00:00+08:00,0.13500000536441803,0.13500000536441803,0.13500000536441803,0.13500000536441803,20000,0.0,0.0,0.0
2017-12-08 00:00:00+08:00,0.13500000536441803,0.13500000536441803,0.13500000536441803,0.13500000536441803,0,0.0,0.0,0.0
2017-12-11 00:00:00+08:00,0.10999999940395355,0.10999999940395355,0.10999999940395355,0.10999999940395355,14700,0.0,0.0,0.0
2017-12-12 00:00:00+08:00,0.10999999940395355,0.10999999940395355,0.10899999737739563,0.10899999737739563,35900,0.0,0.0,0.0
2017-12-13 00:00:00+08:00,0.1080000028014183,0.11400000005960464,0.1080000028014183,0.11400000005960464,23300,0.0,0.0,0.0
2017-12-14 00:00:00+08:00,0.11400000005960464,0.11400000005960464,0.11400000005960464,0.11400000005960464,0,0.0,0.0,0.0
2017-12-15 00:00:00+08:00,0.10199999809265137,0.10300000011920929,0.10199999809265137,0.10300000011920929,3400,0.0,0.0,0.0
2017-12-18 00:00:00+08:00,0.10199999809265137,0.10199999809265137,0.10100000351667404,0.10100000351667404,14200,0.0,0.0,0.0
2017-12-19 00:00:00+08:00,0.10100000351667404,0.10100000351667404,0.10100000351667404,0.10100000351667404,1200,0.0,0.0,0.0
2017-12-20 00:00:00+08:00,0.10100000351667404,0.10100000351667404,0.10100000351667404,0.10100000351667404,0,0.0,0.0,0.0
2017-12-21 00:00:00+08:00,0.10100000351667404,0.10100000351667404,0.10100000351667404,0.10100000351667404,0,0.0,0.0,0.0
2017-12-22 00:00:00+08:00,0.10199999809265137,0.10199999809265137,0.09600000083446503,0.09799999743700027,12500,0.0,0.0,0.0
2017-12-26 00:00:00+08:00,0.0989999994635582,0.10000000149011612,0.09799999743700027,0.09799999743700027,9100,0.0,0.0,0.0
2017-12-27 00:00:00+08:00,0.09799999743700027,0.09799999743700027,0.09799999743700027,0.09799999743700027,0,0.0,0.0,0.0
2017-12-28 00:00:00+08:00,0.09799999743700027,0.09799999743700027,0.09799999743700027,0.09799999743700027,0,0.0,0.0,0.0
2017-12-29 00:00:00+08:00,0.10199999809265137,0.10199999809265137,0.10199999809265137,0.10199999809265137,100,0.0,0.0,0.0
2018-01-02 00:00:00+08:00,0.09700000286102295,0.09799999743700027,0.09600000083446503,0.09799999743700027,36000,0.0,0.0,0.0
2018-01-03 00:00:00+08:00,0.09700000286102295,0.1080000028014183,0.09700000286102295,0.10000000149011612,59000,0.0,0.0,0.0
2018-01-04 00:00:00+08:00,0.10000000149011612,0.10000000149011612,0.10000000149011612,0.10000000149011612,0,0.0,0.0,0.0
2018-01-05 00:00:00+08:00,0.10400000214576721,0.10899999737739563,0.10300000011920929,0.1080000028014183,177300,0.0,0.0,0.0
2018-01-08 00:00:00+08:00,0.10899999737739563,0.11999999731779099,0.10899999737739563,0.11800000071525574,410900,0.0,0.0,0.0
2018-01-09 00:00:00+08:00,0.11500000208616257,0.11999999731779099,0.11500000208616257,0.11999999731779099,300700,0.0,0.0,0.0
2018-01-10 00:00:00+08:00,0.11500000208616257,0.12399999797344208,0.11500000208616257,0.12099999934434891,726300,0.0,0.0,0.0
2018-01-11 00:00:00+08:00,0.12099999934434891,0.12600000202655792,0.11900000274181366,0.12600000202655792,18100,0.0,0.0,0.0
2018-01-12 00:00:00+08:00,0.12099999934434891,0.125,0.11999999731779099,0.12200000137090683,158000,0.0,0.0,0.0
2018-01-15 00:00:00+08:00,0.11999999731779099,0.12999999523162842,0.11999999731779099,0.1289999932050705,513900,0.0,0.0,0.0
2018-01-16 00:00:00+08:00,0.12999999523162842,0.14499999582767487,0.12999999523162842,0.14100000262260437,790300,0.0,0.0,0.0
2018-01-17 00:00:00+08:00,0.14300000667572021,0.15800000727176666,0.14300000667572021,0.1550000011920929,540600,0.0,0.0,0.0
2018-01-18 00:00:00+08:00,0.15700000524520874,0.16500000655651093,0.15700000524520874,0.1599999964237213,318500,0.0,0.0,0.0
2018-01-19 00:00:00+08:00,0.1589999943971634,0.1599999964237213,0.1459999978542328,0.1509999930858612,159800,0.0,0.0,0.0
2018-01-22 00:00:00+08:00,0.14499999582767487,0.14499999582767487,0.14000000059604645,0.14300000667572021,66800,0.0,0.0,0.0
2018-01-23 00:00:00+08:00,0.14300000667572021,0.1509999930858612,0.14300000667572021,0.15000000596046448,46300,0.0,0.0,0.0
2018-01-24 00:00:00+08:00,0.14300000667572021,0.14300000667572021,0.1420000046491623,0.1420000046491623,52700,0.0,0.0,0.0
2018-01-25 00:00:00+08:00,0.1420000046491623,0.1420000046491623,0.1420000046491623,0.1420000046491623,0,0.0,0.0,0.0
2018-01-26 00:00:00+08:00,0.13699999451637268,0.15399999916553497,0.13699999451637268,0.15000000596046448,130100,0.0,0.0,0.0
2018-01-29 00:00:00+08:00,0.15399999916553497,0.15399999916553497,0.15000000596046448,0.15000000596046448,103800,0.0,0.0,0.0
2018-01-30 00:00:00+08:00,0.15000000596046448,0.15000000596046448,0.15000000596046448,0.15000000596046448,0,0.0,0.0,0.0
2018-01-31 00:00:00+08:00,0.14100000262260437,0.14499999582767487,0.14000000059604645,0.14000000059604645,38700,0.0,0.0,0.0
2018-02-01 00:00:00+08:00,0.1379999965429306,0.164000004529953,0.1379999965429306,0.1599999964237213,346700,0.0,0.0,0.0
2018-02-02 00:00:00+08:00,0.1599999964237213,0.18000000715255737,0.1599999964237213,0.17800000309944153,942700,0.0,0.0,0.0
2018-02-05 00:00:00+08:00,0.17399999499320984,0.1979999989271164,0.17100000381469727,0.1979999989271164,628900,0.0,0.0,0.0
2018-02-06 00:00:00+08:00,0.1850000023841858,0.1979999989271164,0.17599999904632568,0.18799999356269836,222800,0.0,0.0,0.0
2018-02-07 00:00:00+08:00,0.19499999284744263,0.23499999940395355,0.19499999284744263,0.20499999821186066,646700,0.0,0.0,0.0
2018-02-08 00:00:00+08:00,0.1940000057220459,0.23499999940395355,0.1940000057220459,0.2199999988079071,239400,0.0,0.0,0.0
2018-02-09 00:00:00+08:00,0.20000000298023224,0.20000000298023224,0.19599999487400055,0.20000000298023224,56000,0.0,0.0,0.0
2018-02-12 00:00:00+08:00,0.1940000057220459,0.1940000057220459,0.1899999976158142,0.1899999976158142,48600,0.0,0.0,0.0
2018-02-13 00:00:00+08:00,0.1899999976158142,0.1899999976158142,0.1899999976158142,0.1899999976158142,0,0.0,0.0,0.0
2018-02-14 00:00:00+08:00,0.22499999403953552,0.23999999463558197,0.18000000715255737,0.18000000715255737,499000,0.0,0.0,0.0
2018-02-15 00:00:00+08:00,0.1850000023841858,0.19499999284744263,0.16500000655651093,0.18000000715255737,145300,0.0,0.0,0.0
2018-02-19 00:00:00+08:00,0.18000000715255737,0.18000000715255737,0.18000000715255737,0.18000000715255737,0,0.0,0.0,0.0
2018-02-20 00:00:00+08:00,0.1899999976158142,0.1899999976158142,0.16200000047683716,0.17499999701976776,103200,0.0,0.0,0.0
2018-02-21 00:00:00+08:00,0.18400000035762787,0.18400000035762787,0.18400000035762787,0.18400000035762787,200,0.0,0.0,0.0
2018-02-22 00:00:00+08:00,0.16300000250339508,0.1809999942779541,0.1589999943971634,0.1589999943971634,81400,0.0,0.0,0.0
2018-02-23 00:00:00+08:00,0.15800000727176666,0.16300000250339508,0.14900000393390656,0.16300000250339508,41300,0.0,0.0,0.0
2018-02-26 00:00:00+08:00,0.1599999964237213,0.1899999976158142,0.1599999964237213,0.17800000309944153,228200,0.0,0.0,0.0
2018-02-27 00:00:00+08:00,0.17800000309944153,0.17800000309944153,0.17800000309944153,0.17800000309944153,0,0.0,0.0,0.0
2018-02-28 00:00:00+08:00,0.17800000309944153,0.20000000298023224,0.17399999499320984,0.1809999942779541,190400,0.0,0.0,0.0
2018-03-01 00:00:00+08:00,0.1809999942779541,0.20000000298023224,0.1770000010728836,0.1809999942779541,224800,0.0,0.0,0.0
2018-03-02 00:00:00+08:00,0.16899999976158142,0.18000000715255737,0.16899999976158142,0.18000000715255737,21900,0.0,0.0,0.0
2018-03-05 00:00:00+08:00,0.19300000369548798,0.19900000095367432,0.1770000010728836,0.18799999356269836,257800,0.0,0.0,0.0
2018-03-06 00:00:00+08:00,0.19200000166893005,0.1979999989271164,0.18400000035762787,0.18400000035762787,194100,0.0,0.0,0.0
2018-03-07 00:00:00+08:00,0.18299999833106995,0.18299999833106995,0.18299999833106995,0.18299999833106995,62500,0.0,0.0,0.0
2018-03-08 00:00:00+08:00,0.1720000058412552,0.1979999989271164,0.1720000058412552,0.1979999989271164,501900,0.0,0.0,0.0
2018-03-09 00:00:00+08:00,0.19699999690055847,0.2199999988079071,0.19699999690055847,0.20499999821186066,547100,0.0,0.0,0.0
2018-03-12 00:00:00+08:00,0.1979999989271164,0.2150000035762787,0.1979999989271164,0.2150000035762787,37100,0.0,0.0,0.0
2018-03-13 00:00:00+08:00,0.19699999690055847,0.19699999690055847,0.19699999690055847,0.19699999690055847,5700,0.0,0.0,0.0
2018-03-14 00:00:00+08:00,0.20999999344348907,0.23000000417232513,0.20999999344348907,0.23000000417232513,216600,0.0,0.0,0.0
2018-03-15 00:00:00+08:00,0.23000000417232513,0.23000000417232513,0.23000000417232513,0.23000000417232513,0,0.0,0.0,0.0
2018-03-16 00:00:00+08:00,0.3199999928474426,0.32499998807907104,0.2750000059604645,0.2750000059604645,152700,0.0,0.0,0.0
2018-03-19 00:00:00+08:00,0.25999999046325684,0.26499998569488525,0.23000000417232513,0.23000000417232513,99200,0.0,0.0,0.0
2018-03-20 00:00:00+08:00,0.23000000417232513,0.23000000417232513,0.23000000417232513,0.23000000417232513,0,0.0,0.0,0.0
2018-03-21 00:00:00+08:00,0.23000000417232513,0.23000000417232513,0.23000000417232513,0.23000000417232513,0,0.0,0.0,0.0
2018-03-22 00:00:00+08:00,0.20499999821186066,0.20499999821186066,0.19599999487400055,0.19599999487400055,21900,0.0,0.0,0.0
2018-03-23 00:00:00+08:00,0.19499999284744263,0.20000000298023224,0.1899999976158142,0.19599999487400055,192600,0.0,0.0,0.0
2018-03-26 00:00:00+08:00,0.19599999487400055,0.20499999821186066,0.19099999964237213,0.20499999821186066,23000,0.0,0.0,0.0
2018-03-27 00:00:00+08:00,0.20000000298023224,0.20999999344348907,0.18199999630451202,0.19900000095367432,11100,0.0,0.0,0.0
2018-03-28 00:00:00+08:00,0.18199999630451202,0.18199999630451202,0.18199999630451202,0.18199999630451202,700,0.0,0.0,0.0
2018-03-29 00:00:00+08:00,0.18299999833106995,0.18299999833106995,0.1809999942779541,0.1809999942779541,8300,0.0,0.0,0.0
2018-04-02 00:00:00+08:00,0.18199999630451202,0.18199999630451202,0.1809999942779541,0.1809999942779541,10500,0.0,0.0,0.0
2018-04-03 00:00:00+08:00,0.18000000715255737,0.1899999976158142,0.18000000715255737,0.1899999976158142,61000,0.0,0.0,0.0
2018-04-04 00:00:00+08:00,0.1899999976158142,0.1899999976158142,0.1899999976158142,0.1899999976158142,0,0.0,0.0,0.0
2018-04-05 00:00:00+08:00,0.1899999976158142,0.1899999976158142,0.1899999976158142,0.1899999976158142,0,0.0,0.0,0.0
2018-04-06 00:00:00+08:00,0.1899999976158142,0.1899999976158142,0.1899999976158142,0.1899999976158142,0,0.0,0.0,0.0
2018-04-09 00:00:00+08:00,0.1899999976158142,0.1899999976158142,0.1899999976158142,0.1899999976158142,0,0.0,0.0,0.0
2018-04-10 00:00:00+08:00,0.1899999976158142,0.1899999976158142,0.1899999976158142,0.1899999976158142,0,0.0,0.0,0.0
2018-04-11 00:00:00+08:00,0.1899999976158142,0.1899999976158142,0.1899999976158142,0.1899999976158142,0,0.0,0.0,0.0
2018-04-12 00:00:00+08:00,0.1899999976158142,0.1899999976158142,0.1899999976158142,0.1899999976158142,0,0.0,0.0,0.0
2018-04-13 00:00:00+08:00,0.20000000298023224,0.20000000298023224,0.20000000298023224,0.20000000298023224,2000,0.0,0.0,0.0
2018-04-16 00:00:00+08:00,0.20000000298023224,0.20000000298023224,0.20000000298023224,0.20000000298023224,0,0.0,0.0,0.0
2018-04-17 00:00:00+08:00,0.20000000298023224,0.20000000298023224,0.20000000298023224,0.20000000298023224,0,0.0,0.0,0.0
2018-04-18 00:00:00+08:00,0.20000000298023224,0.20000000298023224,0.20000000298023224,0.20000000298023224,0,0.0,0.0,0.0
2018-04-19 00:00:00+08:00,0.20000000298023224,0.20000000298023224,0.20000000298023224,0.20000000298023224,0,0.0,0.0,0.0
2018-04-20 00:00:00+08:00,0.20000000298023224,0.20000000298023224,0.20000000298023224,0.20000000298023224,0,0.0,0.0,0.0
2018-04-23 00:00:00+08:00,0.20000000298023224,0.20000000298023224,0.20000000298023224,0.20000000298023224,0,0.0,0.0,0.0
2018-04-24 00:00:00+08:00,0.20000000298023224,0.20000000298023224,0.20000000298023224,0.20000000298023224,0,0.0,0.0,0.0
2018-04-25 00:00:00+08:00,0.20000000298023224,0.20000000298023224,0.20000000298023224,0.20000000298023224,0,0.0,0.0,0.0
2018-04-26 00:00:00+08:00,0.20000000298023224,0.20000000298023224,0.20000000298023224,0.20000000298023224,0,0.0,0.0,0.0
2018-04-27 00:00:00+08:00,0.20000000298023224,0.20000000298023224,0.20000000298023224,0.20000000298023224,0,0.0,0.0,0.0
2018-04-30 00:00:00+08:00,0.20000000298023224,0.20000000298023224,0.20000000298023224,0.20000000298023224,0,0.0,0.0,0.0
2018-05-02 00:00:00+08:00,0.20000000298023224,0.20000000298023224,0.20000000298023224,0.20000000298023224,0,0.0,0.0,0.0
2018-05-03 00:00:00+08:00,0.20000000298023224,0.20000000298023224,0.20000000298023224,0.20000000298023224,0,0.0,0.0,0.0
2018-05-04 00:00:00+08:00,0.20000000298023224,0.20000000298023224,0.20000000298023224,0.20000000298023224,0,0.0,0.0,0.0
2018-05-07 00:00:00+08:00,0.20000000298023224,0.20000000298023224,0.20000000298023224,0.20000000298023224,0,0.0,0.0,0.0
2018-05-08 00:00:00+08:00,0.16099999845027924,0.16099999845027924,0.1599999964237213,0.1599999964237213,20100,0.0,0.0,0.0
2018-05-09 00:00:00+08:00,0.1599999964237213,0.1599999964237213,0.1599999964237213,0.1599999964237213,0,0.0,0.0,0.0
2018-05-10 00:00:00+08:00,0.1599999964237213,0.1599999964237213,0.1599999964237213,0.1599999964237213,0,0.0,0.0,0.0
2018-05-11 00:00:00+08:00,0.1599999964237213,0.1599999964237213,0.1599999964237213,0.1599999964237213,0,0.0,0.0,0.0
2018-05-14 00:00:00+08:00,0.1599999964237213,0.1599999964237213,0.1599999964237213,0.1599999964237213,0,0.0,0.0,0.0
2018-05-15 00:00:00+08:00,0.1509999930858612,0.17000000178813934,0.1509999930858612,0.17000000178813934,1400,0.0,0.0,0.0
2018-05-16 00:00:00+08:00,0.17000000178813934,0.17000000178813934,0.17000000178813934,0.17000000178813934,0,0.0,0.0,0.0
2018-05-17 00:00:00+08:00,0.17000000178813934,0.17000000178813934,0.17000000178813934,0.17000000178813934,0,0.0,0.0,0.0
2018-05-18 00:00:00+08:00,0.17000000178813934,0.17000000178813934,0.17000000178813934,0.17000000178813934,0,0.0,0.0,0.0
2018-05-21 00:00:00+08:00,0.17000000178813934,0.17000000178813934,0.17000000178813934,0.17000000178813934,0,0.0,0.0,0.0
2018-05-22 00:00:00+08:00,0.15000000596046448,0.15800000727176666,0.14800000190734863,0.14800000190734863,23600,0.0,0.0,0.0
2018-05-23 00:00:00+08:00,0.15000000596046448,0.15000000596046448,0.14800000190734863,0.14900000393390656,70000,0.0,0.0,0.0
2018-05-24 00:00:00+08:00,0.14499999582767487,0.14499999582767487,0.14499999582767487,0.14499999582767487,2300,0.0,0.0,0.0
2018-05-25 00:00:00+08:00,0.1599999964237213,0.16899999976158142,0.1599999964237213,0.1599999964237213,64000,0.0,0.0,0.0
2018-05-28 00:00:00+08:00,0.1599999964237213,0.1599999964237213,0.1599999964237213,0.1599999964237213,0,0.0,0.0,0.0
2018-05-30 00:00:00+08:00,0.1599999964237213,0.1599999964237213,0.1599999964237213,0.1599999964237213,118300,0.0,0.0,0.0
2018-05-31 00:00:00+08:00,0.1599999964237213,0.1599999964237213,0.1599999964237213,0.1599999964237213,0,0.0,0.0,0.0
2018-06-01 00:00:00+08:00,0.1420000046491623,0.1420000046491623,0.1420000046491623,0.1420000046491623,700,0.0,0.0,0.0
2018-06-04 00:00:00+08:00,0.14300000667572021,0.14499999582767487,0.14300000667572021,0.14499999582767487,9900,0.0,0.0,0.0
2018-06-05 00:00:00+08:00,0.14499999582767487,0.14499999582767487,0.14499999582767487,0.14499999582767487,0,0.0,0.0,0.0
2018-06-06 00:00:00+08:00,0.14499999582767487,0.14499999582767487,0.14499999582767487,0.14499999582767487,0,0.0,0.0,0.0
2018-06-07 00:00:00+08:00,0.13699999451637268,0.13699999451637268,0.13699999451637268,0.13699999451637268,500,0.0,0.0,0.0
2018-06-08 00:00:00+08:00,0.13699999451637268,0.13699999451637268,0.13699999451637268,0.13699999451637268,0,0.0,0.0,0.0
2018-06-11 00:00:00+08:00,0.13699999451637268,0.13699999451637268,0.13699999451637268,0.13699999451637268,0,0.0,0.0,0.0
2018-06-12 00:00:00+08:00,0.13699999451637268,0.13699999451637268,0.13699999451637268,0.13699999451637268,0,0.0,0.0,0.0
2018-06-13 00:00:00+08:00,0.13699999451637268,0.13699999451637268,0.13699999451637268,0.13699999451637268,0,0.0,0.0,0.0
2018-06-14 00:00:00+08:00,0.13600000739097595,0.14800000190734863,0.13600000739097595,0.14499999582767487,56000,0.0,0.0,0.0
2018-06-18 00:00:00+08:00,0.13600000739097595,0.13600000739097595,0.1340000033378601,0.1340000033378601,63500,0.0,0.0,0.0
2018-06-19 00:00:00+08:00,0.1340000033378601,0.1340000033378601,0.12099999934434891,0.12099999934434891,9700,0.0,0.0,0.0
2018-06-20 00:00:00+08:00,0.12099999934434891,0.12099999934434891,0.12099999934434891,0.12099999934434891,0,0.0,0.0,0.0
2018-06-21 00:00:00+08:00,0.12200000137090683,0.12200000137090683,0.12200000137090683,0.12200000137090683,20000,0.0,0.0,0.0
2018-06-22 00:00:00+08:00,0.12200000137090683,0.12200000137090683,0.12200000137090683,0.12200000137090683,0,0.0,0.0,0.0
2018-06-25 00:00:00+08:00,0.12200000137090683,0.12200000137090683,0.12200000137090683,0.12200000137090683,0,0.0,0.0,0.0
2018-06-26 00:00:00+08:00,0.12200000137090683,0.12200000137090683,0.12200000137090683,0.12200000137090683,0,0.0,0.0,0.0
2018-06-27 00:00:00+08:00,0.12200000137090683,0.12200000137090683,0.12200000137090683,0.12200000137090683,0,0.0,0.0,0.0
2018-06-28 00:00:00+08:00,0.12200000137090683,0.12200000137090683,0.12200000137090683,0.12200000137090683,0,0.0,0.0,0.0
2018-06-29 00:00:00+08:00,0.12200000137090683,0.12200000137090683,0.12200000137090683,0.12200000137090683,0,0.0,0.0,0.0
2018-07-02 00:00:00+08:00,0.12200000137090683,0.12200000137090683,0.11999999731779099,0.11999999731779099,7200,0.0,0.0,0.0
2018-07-03 00:00:00+08:00,0.11999999731779099,0.11999999731779099,0.11999999731779099,0.11999999731779099,0,0.0,0.0,0.0
2018-07-04 00:00:00+08:00,0.11999999731779099,0.11999999731779099,0.11999999731779099,0.11999999731779099,0,0.0,0.0,0.0
2018-07-05 00:00:00+08:00,0.11999999731779099,0.11999999731779099,0.11999999731779099,0.11999999731779099,0,0.0,0.0,0.0
2018-07-06 00:00:00+08:00,0.11999999731779099,0.11999999731779099,0.11999999731779099,0.11999999731779099,0,0.0,0.0,0.0
2018-07-09 00:00:00+08:00,0.11999999731779099,0.11999999731779099,0.11999999731779099,0.11999999731779099,0,0.0,0.0,0.0
2018-07-10 00:00:00+08:00,0.11999999731779099,0.11999999731779099,0.11999999731779099,0.11999999731779099,0,0.0,0.0,0.0
2018-07-11 00:00:00+08:00,0.12200000137090683,0.12200000137090683,0.11999999731779099,0.11999999731779099,7500,0.0,0.0,0.0
2018-07-12 00:00:00+08:00,0.11400000005960464,0.11400000005960464,0.11400000005960464,0.11400000005960464,5700,0.0,0.0,0.0
2018-07-13 00:00:00+08:00,0.11599999666213989,0.11599999666213989,0.11599999666213989,0.11599999666213989,1000,0.0,0.0,0.0
2018-07-16 00:00:00+08:00,0.11599999666213989,0.11599999666213989,0.11599999666213989,0.11599999666213989,0,0.0,0.0,0.0
2018-07-17 00:00:00+08:00,0.11599999666213989,0.11599999666213989,0.11599999666213989,0.11599999666213989,0,0.0,0.0,0.0
2018-07-18 00:00:00+08:00,0.11599999666213989,0.11599999666213989,0.11599999666213989,0.11599999666213989,0,0.0,0.0,0.0
2018-07-19 00:00:00+08:00,0.11599999666213989,0.11599999666213989,0.11599999666213989,0.11599999666213989,0,0.0,0.0,0.0
2018-07-20 00:00:00+08:00,0.11599999666213989,0.11599999666213989,0.11599999666213989,0.11599999666213989,0,0.0,0.0,0.0
2018-07-23 00:00:00+08:00,0.13699999451637268,0.1599999964237213,0.13699999451637268,0.1599999964237213,150500,0.0,0.0,0.0
2018-07-24 00:00:00+08:00,0.16099999845027924,0.17299999296665192,0.16099999845027924,0.17299999296665192,39600,0.0,0.0,0.0
2018-07-25 00:00:00+08:00,0.16099999845027924,0.20000000298023224,0.16099999845027924,0.20000000298023224,18700,0.0,0.0,0.0
2018-07-26 00:00:00+08:00,0.20000000298023224,0.20000000298023224,0.20000000298023224,0.20000000298023224,0,0.0,0.0,0.0
2018-07-27 00:00:00+08:00,0.20000000298023224,0.20000000298023224,0.20000000298023224,0.20000000298023224,0,0.0,0.0,0.0
2018-07-30 00:00:00+08:00,0.20000000298023224,0.20000000298023224,0.20000000298023224,0.20000000298023224,0,0.0,0.0,0.0
2018-07-31 00:00:00+08:00,0.20000000298023224,0.20000000298023224,0.20000000298023224,0.20000000298023224,0,0.0,0.0,0.0
2018-08-01 00:00:00+08:00,0.16599999368190765,0.18000000715255737,0.16599999368190765,0.18000000715255737,7300,0.0,0.0,0.0
2018-08-02 00:00:00+08:00,0.16500000655651093,0.17299999296665192,0.1599999964237213,0.1599999964237213,61800,0.0,0.0,0.0
2018-08-03 00:00:00+08:00,0.16500000655651093,0.16500000655651093,0.16500000655651093,0.16500000655651093,78300,0.0,0.0,0.0
2018-08-06 00:00:00+08:00,0.16500000655651093,0.16500000655651093,0.16500000655651093,0.16500000655651093,0,0.0,0.0,0.0
2018-08-07 00:00:00+08:00,0.16500000655651093,0.16500000655651093,0.16500000655651093,0.16500000655651093,0,0.0,0.0,0.0
2018-08-08 00:00:00+08:00,0.16500000655651093,0.16500000655651093,0.16500000655651093,0.16500000655651093,0,0.0,0.0,0.0
2018-08-10 00:00:00+08:00,0.17000000178813934,0.1899999976158142,0.17000000178813934,0.1899999976158142,42300,0.0,0.0,0.0
2018-08-13 00:00:00+08:00,0.16500000655651093,0.16500000655651093,0.16500000655651093,0.16500000655651093,500,0.0,0.0,0.0
2018-08-14 00:00:00+08:00,0.16500000655651093,0.16500000655651093,0.16500000655651093,0.16500000655651093,0,0.0,0.0,0.0
2018-08-15 00:00:00+08:00,0.16500000655651093,0.16500000655651093,0.16500000655651093,0.16500000655651093,0,0.0,0.0,0.0
2018-08-16 00:00:00+08:00,0.16500000655651093,0.16500000655651093,0.16500000655651093,0.16500000655651093,0,0.0,0.0,0.0
2018-08-17 00:00:00+08:00,0.16500000655651093,0.16500000655651093,0.16500000655651093,0.16500000655651093,0,0.0,0.0,0.0
2018-08-20 00:00:00+08:00,0.20000000298023224,0.20499999821186066,0.20000000298023224,0.20499999821186066,203000,0.0,0.0,0.0
2018-08-21 00:00:00+08:00,0.20499999821186066,0.20499999821186066,0.20499999821186066,0.20499999821186066,0,0.0,0.0,0.0
2018-08-23 00:00:00+08:00,0.20499999821186066,0.20499999821186066,0.20499999821186066,0.20499999821186066,0,0.0,0.0,0.0
2018-08-24 00:00:00+08:00,0.20499999821186066,0.20499999821186066,0.20499999821186066,0.20499999821186066,0,0.0,0.0,0.0
2018-08-27 00:00:00+08:00,0.20499999821186066,0.20499999821186066,0.20499999821186066,0.20499999821186066,0,0.0,0.0,0.0
2018-08-28 00:00:00+08:00,0.20499999821186066,0.20499999821186066,0.20499999821186066,0.20499999821186066,0,0.0,0.0,0.0
2018-08-29 00:00:00+08:00,0.20499999821186066,0.20499999821186066,0.20499999821186066,0.20499999821186066,0,0.0,0.0,0.0
2018-08-30 00:00:00+08:00,0.20499999821186066,0.20499999821186066,0.20499999821186066,0.20499999821186066,0,0.0,0.0,0.0
2018-08-31 00:00:00+08:00,0.20499999821186066,0.20499999821186066,0.20499999821186066,0.20499999821186066,0,0.0,0.0,0.0
2018-09-03 00:00:00+08:00,0.20000000298023224,0.20000000298023224,0.18000000715255737,0.18000000715255737,278400,0.0,0.0,0.0
2018-09-04 00:00:00+08:00,0.18000000715255737,0.18000000715255737,0.18000000715255737,0.18000000715255737,0,0.0,0.0,0.0
2018-09-05 00:00:00+08:00,0.18000000715255737,0.18000000715255737,0.18000000715255737,0.18000000715255737,0,0.0,0.0,0.0
2018-09-06 00:00:00+08:00,0.18000000715255737,0.18000000715255737,0.18000000715255737,0.18000000715255737,0,0.0,0.0,0.0
2018-09-07 00:00:00+08:00,0.15199999511241913,0.15199999511241913,0.15199999511241913,0.15199999511241913,2200,0.0,0.0,0.0
2018-09-10 00:00:00+08:00,0.15199999511241913,0.15199999511241913,0.15199999511241913,0.15199999511241913,0,0.0,0.0,0.0
2018-09-11 00:00:00+08:00,0.16200000047683716,0.16200000047683716,0.16200000047683716,0.16200000047683716,2000,0.0,0.0,0.0
2018-09-12 00:00:00+08:00,0.16200000047683716,0.16200000047683716,0.16200000047683716,0.16200000047683716,0,0.0,0.0,0.0
2018-09-13 00:00:00+08:00,0.16200000047683716,0.20000000298023224,0.16200000047683716,0.20000000298023224,238600,0.0,0.0,0.0
2018-09-14 00:00:00+08:00,0.20000000298023224,0.20000000298023224,0.20000000298023224,0.20000000298023224,0,0.0,0.0,0.0
2018-09-17 00:00:00+08:00,0.20000000298023224,0.20000000298023224,0.20000000298023224,0.20000000298023224,0,0.0,0.0,0.0
2018-09-18 00:00:00+08:00,0.20000000298023224,0.20000000298023224,0.20000000298023224,0.20000000298023224,0,0.0,0.0,0.0
2018-09-19 00:00:00+08:00,0.20000000298023224,0.20000000298023224,0.20000000298023224,0.20000000298023224,0,0.0,0.0,0.0
2018-09-20 00:00:00+08:00,0.20000000298023224,0.20000000298023224,0.20000000298023224,0.20000000298023224,0,0.0,0.0,0.0
2018-09-21 00:00:00+08:00,0.20000000298023224,0.20000000298023224,0.20000000298023224,0.20000000298023224,0,0.0,0.0,0.0
2018-09-24 00:00:00+08:00,0.20000000298023224,0.20000000298023224,0.20000000298023224,0.20000000298023224,0,0.0,0.0,0.0
2018-09-25 00:00:00+08:00,0.20000000298023224,0.20000000298023224,0.20000000298023224,0.20000000298023224,0,0.0,0.0,0.0
2018-09-26 00:00:00+08:00,0.20000000298023224,0.20000000298023224,0.20000000298023224,0.20000000298023224,0,0.0,0.0,0.0
2018-09-27 00:00:00+08:00,0.17100000381469727,0.17399999499320984,0.17100000381469727,0.1720000058412552,4400,0.0,0.0,0.0
2018-09-28 00:00:00+08:00,0.1720000058412552,0.1720000058412552,0.1720000058412552,0.1720000058412552,0,0.0,0.0,0.0
2018-10-01 00:00:00+08:00,0.1720000058412552,0.1720000058412552,0.1720000058412552,0.1720000058412552,0,0.0,0.0,0.0
2018-10-02 00:00:00+08:00,0.17299999296665192,0.17299999296665192,0.17299999296665192,0.17299999296665192,1200,0.0,0.0,0.0
2018-10-03 00:00:00+08:00,0.16099999845027924,0.16099999845027924,0.16099999845027924,0.16099999845027924,4300,0.0,0.0,0.0
2018-10-04 00:00:00+08:00,0.20999999344348907,0.20999999344348907,0.1720000058412552,0.20999999344348907,100200,0.0,0.0,0.0
2018-10-05 00:00:00+08:00,0.17800000309944153,0.17800000309944153,0.17800000309944153,0.17800000309944153,10000,0.0,0.0,0.0
2018-10-08 00:00:00+08:00,0.18299999833106995,0.20999999344348907,0.18199999630451202,0.1899999976158142,202000,0.0,0.0,0.0
2018-10-09 00:00:00+08:00,0.1809999942779541,0.1809999942779541,0.1809999942779541,0.1809999942779541,200,0.0,0.0,0.0
2018-10-10 00:00:00+08:00,0.1850000023841858,0.20999999344348907,0.1850000023841858,0.20999999344348907,47500,0.0,0.0,0.0
2018-10-11 00:00:00+08:00,0.18799999356269836,0.18799999356269836,0.18799999356269836,0.18799999356269836,11000,0.0,0.0,0.0
2018-10-12 00:00:00+08:00,0.18799999356269836,0.18799999356269836,0.18799999356269836,0.18799999356269836,0,0.0,0.0,0.0
2018-10-15 00:00:00+08:00,0.1889999955892563,0.2199999988079071,0.1889999955892563,0.20999999344348907,151800,0.0,0.0,0.0
2018-10-16 00:00:00+08:00,0.2150000035762787,0.2199999988079071,0.2150000035762787,0.2199999988079071,110000,0.0,0.0,0.0
2018-10-17 00:00:00+08:00,0.1889999955892563,0.25,0.1889999955892563,0.24500000476837158,164400,0.0,0.0,0.0
2018-10-18 00:00:00+08:00,0.24500000476837158,0.24500000476837158,0.24500000476837158,0.24500000476837158,0,0.0,0.0,0.0
2018-10-19 00:00:00+08:00,0.24500000476837158,0.24500000476837158,0.24500000476837158,0.24500000476837158,0,0.0,0.0,0.0
2018-10-22 00:00:00+08:00,0.24500000476837158,0.24500000476837158,0.24500000476837158,0.24500000476837158,0,0.0,0.0,0.0
2018-10-23 00:00:00+08:00,0.20999999344348907,0.24500000476837158,0.20999999344348907,0.24500000476837158,67600,0.0,0.0,0.0
2018-10-24 00:00:00+08:00,0.2150000035762787,0.2150000035762787,0.2150000035762787,0.2150000035762787,59200,0.0,0.0,0.0
2018-10-25 00:00:00+08:00,0.20000000298023224,0.25,0.20000000298023224,0.23999999463558197,800,0.0,0.0,0.0
2018-10-26 00:00:00+08:00,0.23999999463558197,0.23999999463558197,0.23999999463558197,0.23999999463558197,0,0.0,0.0,0.0
2018-10-29 00:00:00+08:00,0.23999999463558197,0.23999999463558197,0.23999999463558197,0.23999999463558197,0,0.0,0.0,0.0
2018-10-30 00:00:00+08:00,0.23999999463558197,0.23999999463558197,0.23999999463558197,0.23999999463558197,0,0.0,0.0,0.0
2018-10-31 00:00:00+08:00,0.23999999463558197,0.23999999463558197,0.23999999463558197,0.23999999463558197,0,0.0,0.0,0.0
2018-11-01 00:00:00+08:00,0.23999999463558197,0.23999999463558197,0.23999999463558197,0.23999999463558197,0,0.0,0.0,0.0
2018-11-02 00:00:00+08:00,0.23999999463558197,0.23999999463558197,0.23999999463558197,0.23999999463558197,0,0.0,0.0,0.0
2018-11-05 00:00:00+08:00,0.23999999463558197,0.23999999463558197,0.23999999463558197,0.23999999463558197,0,0.0,0.0,0.0
2018-11-07 00:00:00+08:00,0.23999999463558197,0.23999999463558197,0.23999999463558197,0.23999999463558197,0,0.0,0.0,0.0
2018-11-08 00:00:00+08:00,0.23999999463558197,0.23999999463558197,0.23999999463558197,0.23999999463558197,0,0.0,0.0,0.0
2018-11-09 00:00:00+08:00,0.23999999463558197,0.23999999463558197,0.23999999463558197,0.23999999463558197,0,0.0,0.0,0.0
2018-11-12 00:00:00+08:00,0.23999999463558197,0.23999999463558197,0.23999999463558197,0.23999999463558197,0,0.0,0.0,0.0
2018-11-13 00:00:00+08:00,0.23999999463558197,0.23999999463558197,0.23999999463558197,0.23999999463558197,0,0.0,0.0,0.0
2018-11-14 00:00:00+08:00,0.23999999463558197,0.23999999463558197,0.23999999463558197,0.23999999463558197,0,0.0,0.0,0.0
2018-11-15 00:00:00+08:00,0.23999999463558197,0.23999999463558197,0.23999999463558197,0.23999999463558197,0,0.0,0.0,0.0
2018-11-16 00:00:00+08:00,0.23999999463558197,0.23999999463558197,0.23999999463558197,0.23999999463558197,0,0.0,0.0,0.0
2018-11-19 00:00:00+08:00,0.23999999463558197,0.23999999463558197,0.23999999463558197,0.23999999463558197,0,0.0,0.0,0.0
2018-11-20 00:00:00+08:00,0.23999999463558197,0.23999999463558197,0.23999999463558197,0.23999999463558197,0,0.0,0.0,0.0
2018-11-21 00:00:00+08:00,0.15299999713897705,0.1899999976158142,0.15000000596046448,0.1899999976158142,70000,0.0,0.0,0.0
2018-11-22 00:00:00+08:00,0.1899999976158142,0.1899999976158142,0.1899999976158142,0.1899999976158142,0,0.0,0.0,0.0
2018-11-23 00:00:00+08:00,0.1899999976158142,0.1899999976158142,0.1899999976158142,0.1899999976158142,0,0.0,0.0,0.0
2018-11-26 00:00:00+08:00,0.1899999976158142,0.1899999976158142,0.1899999976158142,0.1899999976158142,0,0.0,0.0,0.0
2018-11-27 00:00:00+08:00,0.17599999904632568,0.17599999904632568,0.17000000178813934,0.17000000178813934,15000,0.0,0.0,0.0
2018-11-28 00:00:00+08:00,0.17000000178813934,0.17000000178813934,0.17000000178813934,0.17000000178813934,0,0.0,0.0,0.0
2018-11-29 00:00:00+08:00,0.16500000655651093,0.16500000655651093,0.16500000655651093,0.16500000655651093,2000,0.0,0.0,0.0
2018-11-30 00:00:00+08:00,0.16500000655651093,0.16500000655651093,0.16500000655651093,0.16500000655651093,0,0.0,0.0,0.0
2018-12-03 00:00:00+08:00,0.16500000655651093,0.16500000655651093,0.16500000655651093,0.16500000655651093,0,0.0,0.0,0.0
2018-12-04 00:00:00+08:00,0.16500000655651093,0.16500000655651093,0.16500000655651093,0.16500000655651093,0,0.0,0.0,0.0
2018-12-05 00:00:00+08:00,0.16500000655651093,0.16500000655651093,0.16500000655651093,0.16500000655651093,0,0.0,0.0,0.0
2018-12-06 00:00:00+08:00,0.16500000655651093,0.16500000655651093,0.16500000655651093,0.16500000655651093,0,0.0,0.0,0.0
2018-12-07 00:00:00+08:00,0.16500000655651093,0.16500000655651093,0.16500000655651093,0.16500000655651093,0,0.0,0.0,0.0
2018-12-10 00:00:00+08:00,0.16500000655651093,0.16500000655651093,0.16500000655651093,0.16500000655651093,0,0.0,0.0,0.0
2018-12-11 00:00:00+08:00,0.16500000655651093,0.16500000655651093,0.16500000655651093,0.16500000655651093,0,0.0,0.0,0.0
2018-12-12 00:00:00+08:00,0.16500000655651093,0.16500000655651093,0.16500000655651093,0.16500000655651093,0,0.0,0.0,0.0
2018-12-13 00:00:00+08:00,0.16099999845027924,0.16099999845027924,0.16099999845027924,0.16099999845027924,9000,0.0,0.0,0.0
2018-12-14 00:00:00+08:00,0.15299999713897705,0.15299999713897705,0.15000000596046448,0.15000000596046448,5900,0.0,0.0,0.0
2018-12-17 00:00:00+08:00,0.12999999523162842,0.12999999523162842,0.12999999523162842,0.12999999523162842,500,0.0,0.0,0.0
2018-12-18 00:00:00+08:00,0.12999999523162842,0.12999999523162842,0.12999999523162842,0.12999999523162842,0,0.0,0.0,0.0
2018-12-19 00:00:00+08:00,0.10100000351667404,0.10100000351667404,0.10000000149011612,0.10000000149011612,2100,0.0,0.0,0.0
2018-12-20 00:00:00+08:00,0.10199999809265137,0.11400000005960464,0.10199999809265137,0.11400000005960464,16300,0.0,0.0,0.0
2018-12-21 00:00:00+08:00,0.11299999803304672,0.11299999803304672,0.10000000149011612,0.10000000149011612,131100,0.0,0.0,0.0
2018-12-24 00:00:00+08:00,0.10000000149011612,0.10000000149011612,0.10000000149011612,0.10000000149011612,0,0.0,0.0,0.0
2018-12-26 00:00:00+08:00,0.10000000149011612,0.10000000149011612,0.10000000149011612,0.10000000149011612,0,0.0,0.0,0.0
2018-12-27 00:00:00+08:00,0.08900000154972076,0.08900000154972076,0.08900000154972076,0.08900000154972076,80100,0.0,0.0,0.0
2018-12-28 00:00:00+08:00,0.0949999988079071,0.0949999988079071,0.07900000363588333,0.07999999821186066,191400,0.0,0.0,0.0
2018-12-31 00:00:00+08:00,0.07599999755620956,0.07599999755620956,0.07599999755620956,0.07599999755620956,3000,0.0,0.0,0.0
2019-01-01 00:00:00+08:00,0.07599999755620956,0.07599999755620956,0.07599999755620956,0.07599999755620956,0,0.0,0.0,0.0
2019-01-02 00:00:00+08:00,0.07599999755620956,0.07599999755620956,0.07599999755620956,0.07599999755620956,0,0.0,0.0,0.0
2019-01-03 00:00:00+08:00,0.07599999755620956,0.07599999755620956,0.07599999755620956,0.07599999755620956,0,0.0,0.0,0.0
2019-01-04 00:00:00+08:00,0.07599999755620956,0.07599999755620956,0.07599999755620956,0.07599999755620956,0,0.0,0.0,0.0
2019-01-07 00:00:00+08:00,0.0729999989271164,0.0729999989271164,0.0729999989271164,0.0729999989271164,400,0.0,0.0,0.0
2019-01-08 00:00:00+08:00,0.0729999989271164,0.0729999989271164,0.0729999989271164,0.0729999989271164,0,0.0,0.0,0.0
2019-01-09 00:00:00+08:00,0.0729999989271164,0.0729999989271164,0.0729999989271164,0.0729999989271164,0,0.0,0.0,0.0
2019-01-10 00:00:00+08:00,0.0729999989271164,0.0729999989271164,0.0729999989271164,0.0729999989271164,0,0.0,0.0,0.0
2019-01-11 00:00:00+08:00,0.07199999690055847,0.07199999690055847,0.07199999690055847,0.07199999690055847,5000,0.0,0.0,0.0
2019-01-14 00:00:00+08:00,0.07199999690055847,0.07199999690055847,0.07199999690055847,0.07199999690055847,0,0.0,0.0,0.0
2019-01-15 00:00:00+08:00,0.07199999690055847,0.07199999690055847,0.07199999690055847,0.07199999690055847,0,0.0,0.0,0.0
2019-01-16 00:00:00+08:00,0.0729999989271164,0.0729999989271164,0.0729999989271164,0.0729999989271164,200,0.0,0.0,0.0
2019-01-17 00:00:00+08:00,0.0729999989271164,0.0729999989271164,0.0729999989271164,0.0729999989271164,0,0.0,0.0,0.0
2019-01-18 00:00:00+08:00,0.09700000286102295,0.1080000028014183,0.09000000357627869,0.09000000357627869,28400,0.0,0.0,0.0
2019-01-21 00:00:00+08:00,0.10899999737739563,0.12999999523162842,0.10000000149011612,0.1289999932050705,31600,0.0,0.0,0.0
2019-01-22 00:00:00+08:00,0.12700000405311584,0.18400000035762787,0.12700000405311584,0.1770000010728836,137300,0.0,0.0,0.0
2019-01-23 00:00:00+08:00,0.1770000010728836,0.20000000298023224,0.1770000010728836,0.19900000095367432,78000,0.0,0.0,0.0
2019-01-24 00:00:00+08:00,0.20000000298023224,0.20499999821186066,0.1979999989271164,0.20499999821186066,144400,0.0,0.0,0.0
2019-01-25 00:00:00+08:00,0.20499999821186066,0.22499999403953552,0.20499999821186066,0.2199999988079071,126200,0.0,0.0,0.0
2019-01-28 00:00:00+08:00,0.2199999988079071,0.2199999988079071,0.2199999988079071,0.2199999988079071,0,0.0,0.0,0.0
2019-01-29 00:00:00+08:00,0.2199999988079071,0.2199999988079071,0.2199999988079071,0.2199999988079071,0,0.0,0.0,0.0
2019-01-30 00:00:00+08:00,0.2199999988079071,0.2199999988079071,0.2199999988079071,0.2199999988079071,0,0.0,0.0,0.0
2019-01-31 00:00:00+08:00,0.19900000095367432,0.2199999988079071,0.19900000095367432,0.2199999988079071,600,0.0,0.0,0.0
2019-02-01 00:00:00+08:00,0.2199999988079071,0.2199999988079071,0.2199999988079071,0.2199999988079071,0,0.0,0.0,0.0
2019-02-04 00:00:00+08:00,0.2199999988079071,0.2199999988079071,0.2199999988079071,0.2199999988079071,0,0.0,0.0,0.0
2019-02-05 00:00:00+08:00,0.2199999988079071,0.2199999988079071,0.2199999988079071,0.2199999988079071,0,0.0,0.0,0.0
2019-02-07 00:00:00+08:00,0.2199999988079071,0.2199999988079071,0.2199999988079071,0.2199999988079071,0,0.0,0.0,0.0
2019-02-08 00:00:00+08:00,0.2199999988079071,0.2199999988079071,0.2199999988079071,0.2199999988079071,0,0.0,0.0,0.0
2019-02-11 00:00:00+08:00,0.2199999988079071,0.2199999988079071,0.2199999988079071,0.2199999988079071,0,0.0,0.0,0.0
2019-02-12 00:00:00+08:00,0.2199999988079071,0.2199999988079071,0.2199999988079071,0.2199999988079071,0,0.0,0.0,0.0
2019-02-13 00:00:00+08:00,0.1850000023841858,0.1850000023841858,0.1850000023841858,0.1850000023841858,2400,0.0,0.0,0.0
2019-02-14 00:00:00+08:00,0.1850000023841858,0.1850000023841858,0.1850000023841858,0.1850000023841858,0,0.0,0.0,0.0
2019-02-15 00:00:00+08:00,0.1850000023841858,0.1850000023841858,0.1850000023841858,0.1850000023841858,0,0.0,0.0,0.0
2019-02-18 00:00:00+08:00,0.1850000023841858,0.1850000023841858,0.1850000023841858,0.1850000023841858,0,0.0,0.0,0.0
2019-02-19 00:00:00+08:00,0.1850000023841858,0.1850000023841858,0.1850000023841858,0.1850000023841858,0,0.0,0.0,0.0
2019-02-20 00:00:00+08:00,0.1850000023841858,0.1850000023841858,0.1850000023841858,0.1850000023841858,0,0.0,0.0,0.0
2019-02-21 00:00:00+08:00,0.1850000023841858,0.1850000023841858,0.1850000023841858,0.1850000023841858,0,0.0,0.0,0.0
2019-02-22 00:00:00+08:00,0.1850000023841858,0.1850000023841858,0.1850000023841858,0.1850000023841858,0,0.0,0.0,0.0
2019-02-25 00:00:00+08:00,0.20000000298023224,0.20000000298023224,0.20000000298023224,0.20000000298023224,46200,0.0,0.0,0.0
2019-02-26 00:00:00+08:00,0.2199999988079071,0.2199999988079071,0.2150000035762787,0.2150000035762787,20000,0.0,0.0,0.0
2019-02-27 00:00:00+08:00,0.2150000035762787,0.2150000035762787,0.2150000035762787,0.2150000035762787,0,0.0,0.0,0.0
2019-02-28 00:00:00+08:00,0.2199999988079071,0.2199999988079071,0.16599999368190765,0.16699999570846558,46900,0.0,0.0,0.0
2019-03-01 00:00:00+08:00,0.16699999570846558,0.16699999570846558,0.16699999570846558,0.16699999570846558,0,0.0,0.0,0.0
2019-03-04 00:00:00+08:00,0.16699999570846558,0.16699999570846558,0.16699999570846558,0.16699999570846558,0,0.0,0.0,0.0
2019-03-05 00:00:00+08:00,0.16699999570846558,0.16699999570846558,0.16699999570846558,0.16699999570846558,0,0.0,0.0,0.0
2019-03-06 00:00:00+08:00,0.16699999570846558,0.16699999570846558,0.16699999570846558,0.16699999570846558,0,0.0,0.0,0.0
2019-03-07 00:00:00+08:00,0.16699999570846558,0.16699999570846558,0.16699999570846558,0.16699999570846558,500,0.0,0.0,0.0
2019-03-08 00:00:00+08:00,0.17100000381469727,0.17100000381469727,0.17100000381469727,0.17100000381469727,100,0.0,0.0,0.0
2019-03-11 00:00:00+08:00,0.1899999976158142,0.2199999988079071,0.1899999976158142,0.2150000035762787,58700,0.0,0.0,0.0
2019-03-12 00:00:00+08:00,0.2150000035762787,0.2150000035762787,0.2150000035762787,0.2150000035762787,0,0.0,0.0,0.0
2019-03-13 00:00:00+08:00,0.2150000035762787,0.2150000035762787,0.2150000035762787,0.2150000035762787,0,0.0,0.0,0.0
2019-03-14 00:00:00+08:00,0.2150000035762787,0.2150000035762787,0.2150000035762787,0.2150000035762787,0,0.0,0.0,0.0
2019-03-15 00:00:00+08:00,0.2150000035762787,0.2150000035762787,0.2150000035762787,0.2150000035762787,0,0.0,0.0,0.0
2019-03-18 00:00:00+08:00,0.2150000035762787,0.2150000035762787,0.2150000035762787,0.2150000035762787,0,0.0,0.0,0.0
2019-03-19 00:00:00+08:00,0.2150000035762787,0.2150000035762787,0.2150000035762787,0.2150000035762787,0,0.0,0.0,0.0
2019-03-20 00:00:00+08:00,0.2150000035762787,0.2150000035762787,0.2150000035762787,0.2150000035762787,0,0.0,0.0,0.0
2019-03-21 00:00:00+08:00,0.17100000381469727,0.2199999988079071,0.17100000381469727,0.2150000035762787,53600,0.0,0.0,0.0
2019-03-22 00:00:00+08:00,0.18000000715255737,0.20999999344348907,0.18000000715255737,0.20999999344348907,46000,0.0,0.0,0.0
2019-03-25 00:00:00+08:00,0.20999999344348907,0.20999999344348907,0.20999999344348907,0.20999999344348907,0,0.0,0.0,0.0
2019-03-26 00:00:00+08:00,0.20999999344348907,0.20999999344348907,0.20999999344348907,0.20999999344348907,0,0.0,0.0,0.0
2019-03-27 00:00:00+08:00,0.20999999344348907,0.20999999344348907,0.20999999344348907,0.20999999344348907,0,0.0,0.0,0.0
2019-03-28 00:00:00+08:00,0.20999999344348907,0.20999999344348907,0.20999999344348907,0.20999999344348907,0,0.0,0.0,0.0
2019-03-29 00:00:00+08:00,0.20999999344348907,0.20999999344348907,0.20999999344348907,0.20999999344348907,0,0.0,0.0,0.0
2019-04-01 00:00:00+08:00,0.20999999344348907,0.20999999344348907,0.20999999344348907,0.20999999344348907,0,0.0,0.0,0.0
2019-04-02 00:00:00+08:00,0.20999999344348907,0.20999999344348907,0.20999999344348907,0.20999999344348907,0,0.0,0.0,0.0
2019-04-03 00:00:00+08:00,0.1720000058412552,0.1720000058412552,0.1720000058412552,0.1720000058412552,200,0.0,0.0,0.0
2019-04-04 00:00:00+08:00,0.1720000058412552,0.1720000058412552,0.1720000058412552,0.1720000058412552,0,0.0,0.0,0.0
2019-04-05 00:00:00+08:00,0.17299999296665192,0.18000000715255737,0.17299999296665192,0.18000000715255737,8400,0.0,0.0,0.0
2019-04-08 00:00:00+08:00,0.20999999344348907,0.20999999344348907,0.20999999344348907,0.20999999344348907,2000,0.0,0.0,0.0
2019-04-09 00:00:00+08:00,0.20999999344348907,0.2199999988079071,0.20999999344348907,0.2199999988079071,13900,0.0,0.0,0.0
2019-04-10 00:00:00+08:00,0.2199999988079071,0.2199999988079071,0.2199999988079071,0.2199999988079071,0,0.0,0.0,0.0
2019-04-11 00:00:00+08:00,0.2199999988079071,0.2199999988079071,0.2199999988079071,0.2199999988079071,0,0.0,0.0,0.0
2019-04-12 00:00:00+08:00,0.18299999833106995,0.2199999988079071,0.18299999833106995,0.2199999988079071,54600,0.0,0.0,0.0
2019-04-15 00:00:00+08:00,0.23000000417232513,0.25999999046325684,0.1850000023841858,0.23999999463558197,140300,0.0,0.0,0.0
2019-04-16 00:00:00+08:00,0.19499999284744263,0.27000001072883606,0.19499999284744263,0.25999999046325684,451900,0.0,0.0,0.0
2019-04-17 00:00:00+08:00,0.20499999821186066,0.25999999046325684,0.20499999821186066,0.25999999046325684,18100,0.0,0.0,0.0
2019-04-18 00:00:00+08:00,0.25999999046325684,0.25999999046325684,0.25999999046325684,0.25999999046325684,0,0.0,0.0,0.0
2019-04-22 00:00:00+08:00,0.2199999988079071,0.2199999988079071,0.2199999988079071,0.2199999988079071,1000,0.0,0.0,0.0
2019-04-23 00:00:00+08:00,0.2199999988079071,0.2199999988079071,0.2199999988079071,0.2199999988079071,0,0.0,0.0,0.0
2019-04-24 00:00:00+08:00,0.20000000298023224,0.20999999344348907,0.20000000298023224,0.20000000298023224,9500,0.0,0.0,0.0
2019-04-25 00:00:00+08:00,0.1860000044107437,0.1860000044107437,0.1860000044107437,0.1860000044107437,5000,0.0,0.0,0.0
2019-04-26 00:00:00+08:00,0.1860000044107437,0.1860000044107437,0.1860000044107437,0.1860000044107437,500,0.0,0.0,0.0
2019-04-29 00:00:00+08:00,0.1860000044107437,0.1860000044107437,0.1860000044107437,0.1860000044107437,5000,0.0,0.0,0.0
2019-04-30 00:00:00+08:00,0.1860000044107437,0.1979999989271164,0.1809999942779541,0.1850000023841858,10100,0.0,0.0,0.0
2019-05-02 00:00:00+08:00,0.1850000023841858,0.1850000023841858,0.1850000023841858,0.1850000023841858,0,0.0,0.0,0.0
2019-05-03 00:00:00+08:00,0.17100000381469727,0.17100000381469727,0.17100000381469727,0.17100000381469727,500,0.0,0.0,0.0
2019-05-06 00:00:00+08:00,0.17100000381469727,0.17100000381469727,0.17100000381469727,0.17100000381469727,0,0.0,0.0,0.0
2019-05-07 00:00:00+08:00,0.17100000381469727,0.17100000381469727,0.17100000381469727,0.17100000381469727,0,0.0,0.0,0.0
2019-05-08 00:00:00+08:00,0.17100000381469727,0.17100000381469727,0.17100000381469727,0.17100000381469727,0,0.0,0.0,0.0
2019-05-09 00:00:00+08:00,0.17000000178813934,0.17000000178813934,0.16200000047683716,0.16200000047683716,2000,0.0,0.0,0.0
2019-05-10 00:00:00+08:00,0.16200000047683716,0.16200000047683716,0.16200000047683716,0.16200000047683716,0,0.0,0.0,0.0
2019-05-13 00:00:00+08:00,0.16200000047683716,0.16200000047683716,0.16200000047683716,0.16200000047683716,0,0.0,0.0,0.0
2019-05-14 00:00:00+08:00,0.16200000047683716,0.16200000047683716,0.16200000047683716,0.16200000047683716,0,0.0,0.0,0.0
2019-05-15 00:00:00+08:00,0.16200000047683716,0.16200000047683716,0.16200000047683716,0.16200000047683716,0,0.0,0.0,0.0
2019-05-16 00:00:00+08:00,0.16200000047683716,0.16200000047683716,0.16200000047683716,0.16200000047683716,0,0.0,0.0,0.0
2019-05-17 00:00:00+08:00,0.16200000047683716,0.16200000047683716,0.16200000047683716,0.16200000047683716,0,0.0,0.0,0.0
2019-05-21 00:00:00+08:00,0.16200000047683716,0.16200000047683716,0.16200000047683716,0.16200000047683716,0,0.0,0.0,0.0
2019-05-22 00:00:00+08:00,0.16200000047683716,0.16200000047683716,0.16200000047683716,0.16200000047683716,0,0.0,0.0,0.0
2019-05-23 00:00:00+08:00,0.16200000047683716,0.16200000047683716,0.16200000047683716,0.16200000047683716,0,0.0,0.0,0.0
2019-05-24 00:00:00+08:00,0.16200000047683716,0.16200000047683716,0.16200000047683716,0.16200000047683716,0,0.0,0.0,0.0
2019-05-27 00:00:00+08:00,0.16200000047683716,0.16200000047683716,0.16200000047683716,0.16200000047683716,0,0.0,0.0,0.0
2019-05-28 00:00:00+08:00,0.16200000047683716,0.16200000047683716,0.16200000047683716,0.16200000047683716,0,0.0,0.0,0.0
2019-05-29 00:00:00+08:00,0.16200000047683716,0.16200000047683716,0.16200000047683716,0.16200000047683716,0,0.0,0.0,0.0
2019-05-30 00:00:00+08:00,0.16200000047683716,0.16200000047683716,0.16200000047683716,0.16200000047683716,0,0.0,0.0,0.0
2019-05-31 00:00:00+08:00,0.16200000047683716,0.16200000047683716,0.16200000047683716,0.16200000047683716,0,0.0,0.0,0.0
2019-06-03 00:00:00+08:00,0.16200000047683716,0.16200000047683716,0.16200000047683716,0.16200000047683716,0,0.0,0.0,0.0
2019-06-04 00:00:00+08:00,0.16200000047683716,0.16200000047683716,0.16200000047683716,0.16200000047683716,0,0.0,0.0,0.0
2019-06-06 00:00:00+08:00,0.16200000047683716,0.16200000047683716,0.16200000047683716,0.16200000047683716,0,0.0,0.0,0.0
2019-06-07 00:00:00+08:00,0.16200000047683716,0.16200000047683716,0.16200000047683716,0.16200000047683716,0,0.0,0.0,0.0
2019-06-10 00:00:00+08:00,0.16200000047683716,0.16200000047683716,0.16200000047683716,0.16200000047683716,0,0.0,0.0,0.0
2019-06-11 00:00:00+08:00,0.16200000047683716,0.16200000047683716,0.16200000047683716,0.16200000047683716,0,0.0,0.0,0.0
2019-06-12 00:00:00+08:00,0.16200000047683716,0.16200000047683716,0.16200000047683716,0.16200000047683716,500,0.0,0.0,0.0
2019-06-13 00:00:00+08:00,0.16200000047683716,0.16200000047683716,0.16200000047683716,0.16200000047683716,0,0.0,0.0,0.0
2019-06-14 00:00:00+08:00,0.16200000047683716,0.16200000047683716,0.16200000047683716,0.16200000047683716,0,0.0,0.0,0.0
2019-06-17 00:00:00+08:00,0.16200000047683716,0.16200000047683716,0.16200000047683716,0.16200000047683716,0,0.0,0.0,0.0
2019-06-18 00:00:00+08:00,0.13500000536441803,0.13500000536441803,0.13500000536441803,0.13500000536441803,100,0.0,0.0,0.0
2019-06-19 00:00:00+08:00,0.13699999451637268,0.16200000047683716,0.13699999451637268,0.16099999845027924,3500,0.0,0.0,0.0
2019-06-20 00:00:00+08:00,0.16099999845027924,0.16099999845027924,0.16099999845027924,0.16099999845027924,0,0.0,0.0,0.0
2019-06-21 00:00:00+08:00,0.16099999845027924,0.16099999845027924,0.16099999845027924,0.16099999845027924,0,0.0,0.0,0.0
2019-06-24 00:00:00+08:00,0.13500000536441803,0.16200000047683716,0.13500000536441803,0.16099999845027924,2200,0.0,0.0,0.0
2019-06-25 00:00:00+08:00,0.16099999845027924,0.16099999845027924,0.16099999845027924,0.16099999845027924,0,0.0,0.0,0.0
2019-06-26 00:00:00+08:00,0.16099999845027924,0.16099999845027924,0.16099999845027924,0.16099999845027924,0,0.0,0.0,0.0
2019-06-27 00:00:00+08:00,0.13300000131130219,0.13600000739097595,0.13300000131130219,0.13600000739097595,3100,0.0,0.0,0.0
2019-06-28 00:00:00+08:00,0.13600000739097595,0.13600000739097595,0.13600000739097595,0.13600000739097595,0,0.0,0.0,0.0
2019-07-01 00:00:00+08:00,0.13600000739097595,0.13600000739097595,0.13600000739097595,0.13600000739097595,0,0.0,0.0,0.0
2019-07-02 00:00:00+08:00,0.13600000739097595,0.16200000047683716,0.13500000536441803,0.1459999978542328,3000,0.0,0.0,0.0
2019-07-03 00:00:00+08:00,0.1459999978542328,0.1459999978542328,0.1459999978542328,0.1459999978542328,0,0.0,0.0,0.0
2019-07-04 00:00:00+08:00,0.15000000596046448,0.15000000596046448,0.15000000596046448,0.15000000596046448,2000,0.0,0.0,0.0
2019-07-05 00:00:00+08:00,0.13500000536441803,0.13500000536441803,0.13500000536441803,0.13500000536441803,18700,0.0,0.0,0.0
2019-07-08 00:00:00+08:00,0.13199999928474426,0.15299999713897705,0.13199999928474426,0.15299999713897705,14200,0.0,0.0,0.0
2019-07-09 00:00:00+08:00,0.15000000596046448,0.15000000596046448,0.15000000596046448,0.15000000596046448,10000,0.0,0.0,0.0
2019-07-10 00:00:00+08:00,0.15000000596046448,0.15000000596046448,0.15000000596046448,0.15000000596046448,0,0.0,0.0,0.0
2019-07-11 00:00:00+08:00,0.13199999928474426,0.13199999928474426,0.125,0.12600000202655792,76200,0.0,0.0,0.0
2019-07-12 00:00:00+08:00,0.12600000202655792,0.12600000202655792,0.12600000202655792,0.12600000202655792,0,0.0,0.0,0.0
2019-07-15 00:00:00+08:00,0.12600000202655792,0.12600000202655792,0.12600000202655792,0.12600000202655792,0,0.0,0.0,0.0
2019-07-16 00:00:00+08:00,0.1120000034570694,0.1120000034570694,0.10899999737739563,0.11100000143051147,279600,0.0,0.0,0.0
2019-07-17 00:00:00+08:00,0.11100000143051147,0.11100000143051147,0.11100000143051147,0.11100000143051147,0,0.0,0.0,0.0
2019-07-18 00:00:00+08:00,0.125,0.12600000202655792,0.125,0.125,25000,0.0,0.0,0.0
2019-07-19 00:00:00+08:00,0.11699999868869781,0.11699999868869781,0.11699999868869781,0.11699999868869781,20000,0.0,0.0,0.0
2019-07-22 00:00:00+08:00,0.10999999940395355,0.13500000536441803,0.10999999940395355,0.11599999666213989,10900,0.0,0.0,0.0
2019-07-23 00:00:00+08:00,0.11599999666213989,0.11599999666213989,0.11599999666213989,0.11599999666213989,0,0.0,0.0,0.0
2019-07-24 00:00:00+08:00,0.11599999666213989,0.11599999666213989,0.11599999666213989,0.11599999666213989,0,0.0,0.0,0.0
2019-07-25 00:00:00+08:00,0.11500000208616257,0.11599999666213989,0.11500000208616257,0.11599999666213989,2100,0.0,0.0,0.0
2019-07-26 00:00:00+08:00,0.11599999666213989,0.11599999666213989,0.11599999666213989,0.11599999666213989,0,0.0,0.0,0.0
2019-07-29 00:00:00+08:00,0.10599999874830246,0.10599999874830246,0.10499999672174454,0.10499999672174454,300,0.0,0.0,0.0
2019-07-30 00:00:00+08:00,0.10499999672174454,0.10499999672174454,0.10499999672174454,0.10499999672174454,0,0.0,0.0,0.0
2019-07-31 00:00:00+08:00,0.10100000351667404,0.10100000351667404,0.10100000351667404,0.10100000351667404,100,0.0,0.0,0.0
2019-08-01 00:00:00+08:00,0.10599999874830246,0.10599999874830246,0.10599999874830246,0.10599999874830246,500,0.0,0.0,0.0
2019-08-02 00:00:00+08:00,0.10199999809265137,0.10199999809265137,0.10000000149011612,0.10000000149011612,25000,0.0,0.0,0.0
2019-08-05 00:00:00+08:00,0.10000000149011612,0.10000000149011612,0.10000000149011612,0.10000000149011612,0,0.0,0.0,0.0
2019-08-06 00:00:00+08:00,0.10000000149011612,0.10000000149011612,0.10000000149011612,0.10000000149011612,0,0.0,0.0,0.0
2019-08-07 00:00:00+08:00,0.10000000149011612,0.10000000149011612,0.10000000149011612,0.10000000149011612,0,0.0,0.0,0.0
2019-08-08 00:00:00+08:00,0.10000000149011612,0.10000000149011612,0.10000000149011612,0.10000000149011612,0,0.0,0.0,0.0
2019-08-13 00:00:00+08:00,0.10000000149011612,0.10999999940395355,0.10000000149011612,0.10000000149011612,73100,0.0,0.0,0.0
2019-08-14 00:00:00+08:00,0.10000000149011612,0.10000000149011612,0.10000000149011612,0.10000000149011612,0,0.0,0.0,0.0
2019-08-15 00:00:00+08:00,0.10000000149011612,0.10000000149011612,0.10000000149011612,0.10000000149011612,0,0.0,0.0,0.0
2019-08-16 00:00:00+08:00,0.10000000149011612,0.10000000149011612,0.10000000149011612,0.10000000149011612,30000,0.0,0.0,0.0
2019-08-19 00:00:00+08:00,0.10000000149011612,0.10000000149011612,0.10000000149011612,0.10000000149011612,0,0.0,0.0,0.0
2019-08-20 00:00:00+08:00,0.10000000149011612,0.10000000149011612,0.10000000149011612,0.10000000149011612,0,0.0,0.0,0.0
2019-08-21 00:00:00+08:00,0.10000000149011612,0.10000000149011612,0.10000000149011612,0.10000000149011612,0,0.0,0.0,0.0
2019-08-22 00:00:00+08:00,0.10000000149011612,0.10000000149011612,0.10000000149011612,0.10000000149011612,0,0.0,0.0,0.0
2019-08-23 00:00:00+08:00,0.10000000149011612,0.10000000149011612,0.10000000149011612,0.10000000149011612,0,0.0,0.0,0.0
2019-08-26 00:00:00+08:00,0.10000000149011612,0.10000000149011612,0.10000000149011612,0.10000000149011612,0,0.0,0.0,0.0
2019-08-27 00:00:00+08:00,0.10000000149011612,0.10000000149011612,0.10000000149011612,0.10000000149011612,0,0.0,0.0,0.0
2019-08-28 00:00:00+08:00,0.09700000286102295,0.09700000286102295,0.09700000286102295,0.09700000286102295,500,0.0,0.0,0.0
2019-08-29 00:00:00+08:00,0.09700000286102295,0.09700000286102295,0.09700000286102295,0.09700000286102295,0,0.0,0.0,0.0
2019-08-30 00:00:00+08:00,0.09700000286102295,0.09700000286102295,0.09700000286102295,0.09700000286102295,0,0.0,0.0,0.0
2019-09-02 00:00:00+08:00,0.09700000286102295,0.09700000286102295,0.09700000286102295,0.09700000286102295,0,0.0,0.0,0.0
2019-09-03 00:00:00+08:00,0.09700000286102295,0.09700000286102295,0.09700000286102295,0.09700000286102295,0,0.0,0.0,0.0
2019-09-04 00:00:00+08:00,0.11999999731779099,0.164000004529953,0.11400000005960464,0.11999999731779099,32400,0.0,0.0,0.0
2019-09-05 00:00:00+08:00,0.11999999731779099,0.11999999731779099,0.11999999731779099,0.11999999731779099,0,0.0,0.0,0.0
2019-09-06 00:00:00+08:00,0.11999999731779099,0.11999999731779099,0.11999999731779099,0.11999999731779099,0,0.0,0.0,0.0
2019-09-09 00:00:00+08:00,0.11999999731779099,0.11999999731779099,0.11999999731779099,0.11999999731779099,0,0.0,0.0,0.0
2019-09-10 00:00:00+08:00,0.10100000351667404,0.11999999731779099,0.10100000351667404,0.11999999731779099,2700,0.0,0.0,0.0
2019-09-11 00:00:00+08:00,0.11999999731779099,0.11999999731779099,0.11999999731779099,0.11999999731779099,0,0.0,0.0,0.0
2019-09-12 00:00:00+08:00,0.10400000214576721,0.10400000214576721,0.10400000214576721,0.10400000214576721,5500,0.0,0.0,0.0
2019-09-13 00:00:00+08:00,0.10400000214576721,0.10400000214576721,0.10400000214576721,0.10400000214576721,0,0.0,0.0,0.0
2019-09-16 00:00:00+08:00,0.10400000214576721,0.10400000214576721,0.10400000214576721,0.10400000214576721,0,0.0,0.0,0.0
2019-09-17 00:00:00+08:00,0.10400000214576721,0.10400000214576721,0.10400000214576721,0.10400000214576721,0,0.0,0.0,0.0
2019-09-18 00:00:00+08:00,0.10400000214576721,0.10400000214576721,0.10400000214576721,0.10400000214576721,0,0.0,0.0,0.0
2019-09-19 00:00:00+08:00,0.10400000214576721,0.10400000214576721,0.10400000214576721,0.10400000214576721,0,0.0,0.0,0.0
2019-09-20 00:00:00+08:00,0.09300000220537186,0.09300000220537186,0.09300000220537186,0.09300000220537186,200,0.0,0.0,0.0
2019-09-23 00:00:00+08:00,0.09300000220537186,0.09300000220537186,0.09300000220537186,0.09300000220537186,0,0.0,0.0,0.0
2019-09-24 00:00:00+08:00,0.09300000220537186,0.09300000220537186,0.09300000220537186,0.09300000220537186,0,0.0,0.0,0.0
2019-09-25 00:00:00+08:00,0.09300000220537186,0.09300000220537186,0.07100000232458115,0.07100000232458115,67100,0.0,0.0,0.0
2019-09-26 00:00:00+08:00,0.07100000232458115,0.07100000232458115,0.07100000232458115,0.07100000232458115,0,0.0,0.0,0.0
2019-09-27 00:00:00+08:00,0.07699999958276749,0.07999999821186066,0.07699999958276749,0.07999999821186066,22900,0.0,0.0,0.0
2019-09-30 00:00:00+08:00,0.07999999821186066,0.07999999821186066,0.07999999821186066,0.07999999821186066,0,0.0,0.0,0.0
2019-10-01 00:00:00+08:00,0.07999999821186066,0.07999999821186066,0.07999999821186066,0.07999999821186066,0,0.0,0.0,0.0
2019-10-02 00:00:00+08:00,0.07999999821186066,0.07999999821186066,0.07999999821186066,0.07999999821186066,0,0.0,0.0,0.0
2019-10-03 00:00:00+08:00,0.08699999749660492,0.08699999749660492,0.08699999749660492,0.08699999749660492,6200,0.0,0.0,0.0
2019-10-04 00:00:00+08:00,0.08699999749660492,0.08699999749660492,0.08699999749660492,0.08699999749660492,0,0.0,0.0,0.0
2019-10-07 00:00:00+08:00,0.08699999749660492,0.08699999749660492,0.08699999749660492,0.08699999749660492,0,0.0,0.0,0.0
2019-10-08 00:00:00+08:00,0.08699999749660492,0.08699999749660492,0.08699999749660492,0.08699999749660492,0,0.0,0.0,0.0
2019-10-09 00:00:00+08:00,0.08699999749660492,0.08699999749660492,0.08699999749660492,0.08699999749660492,0,0.0,0.0,0.0
2019-10-10 00:00:00+08:00,0.07999999821186066,0.07999999821186066,0.07999999821186066,0.07999999821186066,500,0.0,0.0,0.0
2019-10-11 00:00:00+08:00,0.07999999821186066,0.07999999821186066,0.07999999821186066,0.07999999821186066,0,0.0,0.0,0.0
2019-10-14 00:00:00+08:00,0.07999999821186066,0.07999999821186066,0.07999999821186066,0.07999999821186066,0,0.0,0.0,0.0
2019-10-15 00:00:00+08:00,0.07999999821186066,0.07999999821186066,0.07999999821186066,0.07999999821186066,0,0.0,0.0,0.0
2019-10-16 00:00:00+08:00,0.07999999821186066,0.07999999821186066,0.07999999821186066,0.07999999821186066,300,0.0,0.0,0.0
2019-10-17 00:00:00+08:00,0.08100000023841858,0.10999999940395355,0.08100000023841858,0.10999999940395355,900,0.0,0.0,0.0
2019-10-18 00:00:00+08:00,0.10999999940395355,0.10999999940395355,0.10999999940395355,0.10999999940395355,0,0.0,0.0,0.0
2019-10-21 00:00:00+08:00,0.08100000023841858,0.08100000023841858,0.08100000023841858,0.08100000023841858,1100,0.0,0.0,0.0
2019-10-22 00:00:00+08:00,0.08100000023841858,0.10999999940395355,0.08100000023841858,0.10100000351667404,8700,0.0,0.0,0.0
2019-10-23 00:00:00+08:00,0.10100000351667404,0.10100000351667404,0.10100000351667404,0.10100000351667404,0,0.0,0.0,0.0
2019-10-24 00:00:00+08:00,0.10100000351667404,0.10100000351667404,0.10100000351667404,0.10100000351667404,0,0.0,0.0,0.0
2019-10-25 00:00:00+08:00,0.10100000351667404,0.10100000351667404,0.10100000351667404,0.10100000351667404,0,0.0,0.0,0.0
2019-10-29 00:00:00+08:00,0.10100000351667404,0.10100000351667404,0.10100000351667404,0.10100000351667404,0,0.0,0.0,0.0
2019-10-30 00:00:00+08:00,0.10100000351667404,0.10100000351667404,0.10100000351667404,0.10100000351667404,0,0.0,0.0,0.0
2019-10-31 00:00:00+08:00,0.10100000351667404,0.10100000351667404,0.10100000351667404,0.10100000351667404,0,0.0,0.0,0.0
2019-11-01 00:00:00+08:00,0.10100000351667404,0.10100000351667404,0.10100000351667404,0.10100000351667404,0,0.0,0.0,0.0
2019-11-04 00:00:00+08:00,0.08299999684095383,0.08299999684095383,0.08299999684095383,0.08299999684095383,1200,0.0,0.0,0.0
2019-11-05 00:00:00+08:00,0.08299999684095383,0.08299999684095383,0.08299999684095383,0.08299999684095383,0,0.0,0.0,0.0
2019-11-06 00:00:00+08:00,0.08299999684095383,0.08299999684095383,0.08299999684095383,0.08299999684095383,0,0.0,0.0,0.0
2019-11-07 00:00:00+08:00,0.08299999684095383,0.08299999684095383,0.08299999684095383,0.08299999684095383,0,0.0,0.0,0.0
2019-11-08 00:00:00+08:00,0.08299999684095383,0.08299999684095383,0.08299999684095383,0.08299999684095383,0,0.0,0.0,0.0
2019-11-11 00:00:00+08:00,0.08299999684095383,0.08299999684095383,0.08299999684095383,0.08299999684095383,0,0.0,0.0,0.0
2019-11-12 00:00:00+08:00,0.08299999684095383,0.08299999684095383,0.08299999684095383,0.08299999684095383,0,0.0,0.0,0.0
2019-11-13 00:00:00+08:00,0.08500000089406967,0.1080000028014183,0.08500000089406967,0.1080000028014183,31400,0.0,0.0,0.0
2019-11-14 00:00:00+08:00,0.1080000028014183,0.1080000028014183,0.1080000028014183,0.1080000028014183,0,0.0,0.0,0.0
2019-11-15 00:00:00+08:00,0.1080000028014183,0.1080000028014183,0.1080000028014183,0.1080000028014183,0,0.0,0.0,0.0
2019-11-18 00:00:00+08:00,0.1080000028014183,0.1080000028014183,0.1080000028014183,0.1080000028014183,0,0.0,0.0,0.0
2019-11-19 00:00:00+08:00,0.1080000028014183,0.1080000028014183,0.1080000028014183,0.1080000028014183,0,0.0,0.0,0.0
2019-11-20 00:00:00+08:00,0.1080000028014183,0.1080000028014183,0.1080000028014183,0.1080000028014183,0,0.0,0.0,0.0
2019-11-21 00:00:00+08:00,0.1080000028014183,0.1080000028014183,0.1080000028014183,0.1080000028014183,0,0.0,0.0,0.0
2019-11-22 00:00:00+08:00,0.1080000028014183,0.1080000028014183,0.1080000028014183,0.1080000028014183,0,0.0,0.0,0.0
2019-11-25 00:00:00+08:00,0.1080000028014183,0.1080000028014183,0.1080000028014183,0.1080000028014183,0,0.0,0.0,0.0
2019-11-26 00:00:00+08:00,0.1080000028014183,0.1080000028014183,0.1080000028014183,0.1080000028014183,0,0.0,0.0,0.0
2019-11-27 00:00:00+08:00,0.08299999684095383,0.08299999684095383,0.08299999684095383,0.08299999684095383,2500,0.0,0.0,0.0
2019-11-28 00:00:00+08:00,0.08299999684095383,0.08299999684095383,0.08299999684095383,0.08299999684095383,7500,0.0,0.0,0.0
2019-11-29 00:00:00+08:00,0.08299999684095383,0.08299999684095383,0.08299999684095383,0.08299999684095383,0,0.0,0.0,0.0
2019-12-02 00:00:00+08:00,0.08299999684095383,0.08299999684095383,0.08299999684095383,0.08299999684095383,8200,0.0,0.0,0.0
2019-12-03 00:00:00+08:00,0.08299999684095383,0.08299999684095383,0.08299999684095383,0.08299999684095383,0,0.0,0.0,0.0
2019-12-04 00:00:00+08:00,0.08299999684095383,0.08299999684095383,0.08299999684095383,0.08299999684095383,0,0.0,0.0,0.0
2019-12-05 00:00:00+08:00,0.0820000022649765,0.0820000022649765,0.0820000022649765,0.0820000022649765,1000,0.0,0.0,0.0
2019-12-06 00:00:00+08:00,0.0820000022649765,0.0820000022649765,0.0820000022649765,0.0820000022649765,0,0.0,0.0,0.0
2019-12-09 00:00:00+08:00,0.0820000022649765,0.0820000022649765,0.0820000022649765,0.0820000022649765,0,0.0,0.0,0.0
2019-12-10 00:00:00+08:00,0.0820000022649765,0.0820000022649765,0.0820000022649765,0.0820000022649765,0,0.0,0.0,0.0
2019-12-11 00:00:00+08:00,0.08500000089406967,0.1080000028014183,0.08100000023841858,0.1080000028014183,37600,0.0,0.0,0.0
2019-12-12 00:00:00+08:00,0.1080000028014183,0.1080000028014183,0.1080000028014183,0.1080000028014183,0,0.0,0.0,0.0
2019-12-13 00:00:00+08:00,0.0820000022649765,0.0820000022649765,0.0820000022649765,0.0820000022649765,5000,0.0,0.0,0.0
2019-12-16 00:00:00+08:00,0.0820000022649765,0.0820000022649765,0.0820000022649765,0.0820000022649765,0,0.0,0.0,0.0
2019-12-17 00:00:00+08:00,0.08100000023841858,0.08299999684095383,0.08100000023841858,0.08299999684095383,3100,0.0,0.0,0.0
2019-12-18 00:00:00+08:00,0.08299999684095383,0.08299999684095383,0.08299999684095383,0.08299999684095383,0,0.0,0.0,0.0
2019-12-19 00:00:00+08:00,0.08299999684095383,0.08299999684095383,0.08299999684095383,0.08299999684095383,0,0.0,0.0,0.0
2019-12-20 00:00:00+08:00,0.08299999684095383,0.08299999684095383,0.08299999684095383,0.08299999684095383,0,0.0,0.0,0.0
2019-12-23 00:00:00+08:00,0.08299999684095383,0.08299999684095383,0.08299999684095383,0.08299999684095383,0,0.0,0.0,0.0
2019-12-24 00:00:00+08:00,0.08299999684095383,0.08299999684095383,0.08299999684095383,0.08299999684095383,0,0.0,0.0,0.0
2019-12-25 00:00:00+08:00,0.08299999684095383,0.08299999684095383,0.08299999684095383,0.08299999684095383,0,0.0,0.0,0.0
2019-12-26 00:00:00+08:00,0.08299999684095383,0.08299999684095383,0.08299999684095383,0.08299999684095383,0,0.0,0.0,0.0
2019-12-27 00:00:00+08:00,0.08299999684095383,0.11299999803304672,0.08299999684095383,0.10300000011920929,300,0.0,0.0,0.0
2019-12-30 00:00:00+08:00,0.08399999886751175,0.08399999886751175,0.08399999886751175,0.08399999886751175,1200,0.0,0.0,0.0
2019-12-31 00:00:00+08:00,0.08399999886751175,0.08399999886751175,0.08399999886751175,0.08399999886751175,0,0.0,0.0,0.0
2020-01-02 00:00:00+08:00,0.08399999886751175,0.08399999886751175,0.08399999886751175,0.08399999886751175,0,0.0,0.0,0.0
2020-01-03 00:00:00+08:00,0.08399999886751175,0.08399999886751175,0.08399999886751175,0.08399999886751175,0,0.0,0.0,0.0
2020-01-06 00:00:00+08:00,0.08399999886751175,0.08399999886751175,0.08399999886751175,0.08399999886751175,0,0.0,0.0,0.0
2020-01-07 00:00:00+08:00,0.08399999886751175,0.08399999886751175,0.08399999886751175,0.08399999886751175,0,0.0,0.0,0.0
2020-01-08 00:00:00+08:00,0.08399999886751175,0.08399999886751175,0.08399999886751175,0.08399999886751175,100,0.0,0.0,0.0
2020-01-09 00:00:00+08:00,0.08299999684095383,0.08299999684095383,0.08299999684095383,0.08299999684095383,1200,0.0,0.0,0.0
2020-01-10 00:00:00+08:00,0.08299999684095383,0.08299999684095383,0.08299999684095383,0.08299999684095383,0,0.0,0.0,0.0
2020-01-13 00:00:00+08:00,0.08299999684095383,0.08299999684095383,0.08299999684095383,0.08299999684095383,200,0.0,0.0,0.0
2020-01-14 00:00:00+08:00,0.08299999684095383,0.08299999684095383,0.08299999684095383,0.08299999684095383,0,0.0,0.0,0.0
2020-01-15 00:00:00+08:00,0.08299999684095383,0.08299999684095383,0.08299999684095383,0.08299999684095383,500,0.0,0.0,0.0
2020-01-16 00:00:00+08:00,0.08100000023841858,0.08299999684095383,0.08100000023841858,0.08299999684095383,3500,0.0,0.0,0.0
2020-01-17 00:00:00+08:00,0.08299999684095383,0.08299999684095383,0.08299999684095383,0.08299999684095383,0,0.0,0.0,0.0
2020-01-20 00:00:00+08:00,0.07999999821186066,0.07999999821186066,0.07999999821186066,0.07999999821186066,3700,0.0,0.0,0.0
2020-01-21 00:00:00+08:00,0.07999999821186066,0.07999999821186066,0.07999999821186066,0.07999999821186066,0,0.0,0.0,0.0
2020-01-22 00:00:00+08:00,0.07999999821186066,0.07999999821186066,0.07999999821186066,0.07999999821186066,2100,0.0,0.0,0.0
2020-01-23 00:00:00+08:00,0.07999999821186066,0.07999999821186066,0.07999999821186066,0.07999999821186066,0,0.0,0.0,0.0
2020-01-24 00:00:00+08:00,0.07999999821186066,0.07999999821186066,0.07999999821186066,0.07999999821186066,0,0.0,0.0,0.0
2020-01-28 00:00:00+08:00,0.07999999821186066,0.07999999821186066,0.07999999821186066,0.07999999821186066,0,0.0,0.0,0.0
2020-01-29 00:00:00+08:00,0.07999999821186066,0.07999999821186066,0.07999999821186066,0.07999999821186066,0,0.0,0.0,0.0
2020-01-30 00:00:00+08:00,0.07999999821186066,0.07999999821186066,0.07999999821186066,0.07999999821186066,0,0.0,0.0,0.0
2020-01-31 00:00:00+08:00,0.07199999690055847,0.07199999690055847,0.07199999690055847,0.07199999690055847,200,0.0,0.0,0.0
2020-02-03 00:00:00+08:00,0.07100000232458115,0.07199999690055847,0.07100000232458115,0.07199999690055847,4700,0.0,0.0,0.0
2020-02-04 00:00:00+08:00,0.07000000029802322,0.07000000029802322,0.07000000029802322,0.07000000029802322,25000,0.0,0.0,0.0
2020-02-05 00:00:00+08:00,0.07000000029802322,0.07000000029802322,0.07000000029802322,0.07000000029802322,0,0.0,0.0,0.0
2020-02-06 00:00:00+08:00,0.07000000029802322,0.07000000029802322,0.07000000029802322,0.07000000029802322,0,0.0,0.0,0.0
2020-02-07 00:00:00+08:00,0.07000000029802322,0.07000000029802322,0.07000000029802322,0.07000000029802322,0,0.0,0.0,0.0
2020-02-10 00:00:00+08:00,0.07000000029802322,0.07000000029802322,0.07000000029802322,0.07000000029802322,0,0.0,0.0,0.0
2020-02-11 00:00:00+08:00,0.07000000029802322,0.07000000029802322,0.07000000029802322,0.07000000029802322,0,0.0,0.0,0.0
2020-02-12 00:00:00+08:00,0.06300000101327896,0.06300000101327896,0.06300000101327896,0.06300000101327896,500,0.0,0.0,0.0
2020-02-13 00:00:00+08:00,0.06300000101327896,0.06300000101327896,0.06300000101327896,0.06300000101327896,0,0.0,0.0,0.0
2020-02-14 00:00:00+08:00,0.06300000101327896,0.06300000101327896,0.06300000101327896,0.06300000101327896,0,0.0,0.0,0.0
2020-02-17 00:00:00+08:00,0.06300000101327896,0.06300000101327896,0.06300000101327896,0.06300000101327896,0,0.0,0.0,0.0
2020-02-18 00:00:00+08:00,0.06300000101327896,0.06300000101327896,0.06300000101327896,0.06300000101327896,0,0.0,0.0,0.0
2020-02-19 00:00:00+08:00,0.06300000101327896,0.06300000101327896,0.06300000101327896,0.06300000101327896,0,0.0,0.0,0.0
2020-02-20 00:00:00+08:00,0.06300000101327896,0.06300000101327896,0.06300000101327896,0.06300000101327896,0,0.0,0.0,0.0
2020-02-21 00:00:00+08:00,0.06300000101327896,0.06300000101327896,0.06300000101327896,0.06300000101327896,500,0.0,0.0,0.0
2020-02-24 00:00:00+08:00,0.06300000101327896,0.06300000101327896,0.06300000101327896,0.06300000101327896,0,0.0,0.0,0.0
2020-02-25 00:00:00+08:00,0.06300000101327896,0.06300000101327896,0.06300000101327896,0.06300000101327896,0,0.0,0.0,0.0
2020-02-26 00:00:00+08:00,0.06300000101327896,0.06300000101327896,0.06300000101327896,0.06300000101327896,0,0.0,0.0,0.0
2020-02-27 00:00:00+08:00,0.06199999898672104,0.06199999898672104,0.06199999898672104,0.06199999898672104,1200,0.0,0.0,0.0
2020-02-28 00:00:00+08:00,0.06199999898672104,0.06199999898672104,0.06199999898672104,0.06199999898672104,100,0.0,0.0,0.0
2020-03-02 00:00:00+08:00,0.06199999898672104,0.06199999898672104,0.06199999898672104,0.06199999898672104,0,0.0,0.0,0.0
2020-03-03 00:00:00+08:00,0.06199999898672104,0.06199999898672104,0.06199999898672104,0.06199999898672104,200,0.0,0.0,0.0
2020-03-04 00:00:00+08:00,0.06199999898672104,0.06199999898672104,0.06199999898672104,0.06199999898672104,0,0.0,0.0,0.0
2020-03-05 00:00:00+08:00,0.06199999898672104,0.06199999898672104,0.06199999898672104,0.06199999898672104,0,0.0,0.0,0.0
2020-03-06 00:00:00+08:00,0.05999999865889549,0.05999999865889549,0.05999999865889549,0.05999999865889549,35000,0.0,0.0,0.0
2020-03-09 00:00:00+08:00,0.05700000002980232,0.05700000002980232,0.05700000002980232,0.05700000002980232,4000,0.0,0.0,0.0
2020-03-10 00:00:00+08:00,0.05700000002980232,0.05700000002980232,0.05700000002980232,0.05700000002980232,0,0.0,0.0,0.0
2020-03-11 00:00:00+08:00,0.05700000002980232,0.05700000002980232,0.05700000002980232,0.05700000002980232,0,0.0,0.0,0.0
2020-03-12 00:00:00+08:00,0.05700000002980232,0.05700000002980232,0.05700000002980232,0.05700000002980232,0,0.0,0.0,0.0
2020-03-13 00:00:00+08:00,0.05000000074505806,0.05000000074505806,0.05000000074505806,0.05000000074505806,30000,0.0,0.0,0.0
2020-03-16 00:00:00+08:00,0.0430000014603138,0.04600000008940697,0.0430000014603138,0.0430000014603138,20100,0.0,0.0,0.0
2020-03-17 00:00:00+08:00,0.03799999877810478,0.03799999877810478,0.03799999877810478,0.03799999877810478,5000,0.0,0.0,0.0
2020-03-18 00:00:00+08:00,0.03799999877810478,0.03799999877810478,0.03799999877810478,0.03799999877810478,0,0.0,0.0,0.0
2020-03-19 00:00:00+08:00,0.032999999821186066,0.032999999821186066,0.032999999821186066,0.032999999821186066,10200,0.0,0.0,0.0
2020-03-20 00:00:00+08:00,0.032999999821186066,0.032999999821186066,0.032999999821186066,0.032999999821186066,0,0.0,0.0,0.0
2020-03-23 00:00:00+08:00,0.032999999821186066,0.032999999821186066,0.032999999821186066,0.032999999821186066,0,0.0,0.0,0.0
2020-03-24 00:00:00+08:00,0.032999999821186066,0.032999999821186066,0.032999999821186066,0.032999999821186066,0,0.0,0.0,0.0
2020-03-25 00:00:00+08:00,0.032999999821186066,0.032999999821186066,0.032999999821186066,0.032999999821186066,0,0.0,0.0,0.0
2020-03-26 00:00:00+08:00,0.032999999821186066,0.032999999821186066,0.032999999821186066,0.032999999821186066,0,0.0,0.0,0.0
2020-03-27 00:00:00+08:00,0.032999999821186066,0.032999999821186066,0.032999999821186066,0.032999999821186066,18000,0.0,0.0,0.0
2020-03-30 00:00:00+08:00,0.06300000101327896,0.06300000101327896,0.06300000101327896,0.06300000101327896,1000,0.0,0.0,0.0
2020-03-31 00:00:00+08:00,0.032999999821186066,0.032999999821186066,0.03099999949336052,0.03200000151991844,101600,0.0,0.0,0.0
2020-04-01 00:00:00+08:00,0.03200000151991844,0.03200000151991844,0.03200000151991844,0.03200000151991844,0,0.0,0.0,0.0
2020-04-02 00:00:00+08:00,0.03200000151991844,0.03200000151991844,0.03200000151991844,0.03200000151991844,0,0.0,0.0,0.0
2020-04-03 00:00:00+08:00,0.03200000151991844,0.03200000151991844,0.03200000151991844,0.03200000151991844,0,0.0,0.0,0.0
2020-04-06 00:00:00+08:00,0.03200000151991844,0.03200000151991844,0.03200000151991844,0.03200000151991844,0,0.0,0.0,0.0
2020-04-07 00:00:00+08:00,0.03200000151991844,0.03200000151991844,0.03200000151991844,0.03200000151991844,0,0.0,0.0,0.0
2020-04-08 00:00:00+08:00,0.03400000184774399,0.061000000685453415,0.03400000184774399,0.061000000685453415,1000,0.0,0.0,0.0
2020-04-09 00:00:00+08:00,0.061000000685453415,0.061000000685453415,0.061000000685453415,0.061000000685453415,0,0.0,0.0,0.0
2020-04-13 00:00:00+08:00,0.03400000184774399,0.03500000014901161,0.03400000184774399,0.03500000014901161,5100,0.0,0.0,0.0
2020-04-14 00:00:00+08:00,0.03500000014901161,0.03500000014901161,0.03500000014901161,0.03500000014901161,0,0.0,0.0,0.0
2020-04-15 00:00:00+08:00,0.03500000014901161,0.03500000014901161,0.03500000014901161,0.03500000014901161,0,0.0,0.0,0.0
2020-04-16 00:00:00+08:00,0.03500000014901161,0.03500000014901161,0.03500000014901161,0.03500000014901161,0,0.0,0.0,0.0
2020-04-17 00:00:00+08:00,0.03500000014901161,0.03500000014901161,0.03500000014901161,0.03500000014901161,0,0.0,0.0,0.0
2020-04-20 00:00:00+08:00,0.03500000014901161,0.03500000014901161,0.03500000014901161,0.03500000014901161,0,0.0,0.0,0.0
2020-04-21 00:00:00+08:00,0.03500000014901161,0.03500000014901161,0.03500000014901161,0.03500000014901161,0,0.0,0.0,0.0
2020-04-22 00:00:00+08:00,0.03500000014901161,0.03500000014901161,0.03500000014901161,0.03500000014901161,0,0.0,0.0,0.0
2020-04-23 00:00:00+08:00,0.035999998450279236,0.05900000035762787,0.035999998450279236,0.05900000035762787,56500,0.0,0.0,0.0
2020-04-24 00:00:00+08:00,0.05900000035762787,0.05900000035762787,0.05900000035762787,0.05900000035762787,0,0.0,0.0,0.0
2020-04-27 00:00:00+08:00,0.05900000035762787,0.05900000035762787,0.05900000035762787,0.05900000035762787,0,0.0,0.0,0.0
2020-04-28 00:00:00+08:00,0.05900000035762787,0.05900000035762787,0.05900000035762787,0.05900000035762787,0,0.0,0.0,0.0
2020-04-29 00:00:00+08:00,0.05900000035762787,0.05900000035762787,0.05900000035762787,0.05900000035762787,0,0.0,0.0,0.0
2020-04-30 00:00:00+08:00,0.05999999865889549,0.05999999865889549,0.05999999865889549,0.05999999865889549,40000,0.0,0.0,0.0
2020-05-04 00:00:00+08:00,0.05999999865889549,0.05999999865889549,0.05999999865889549,0.05999999865889549,0,0.0,0.0,0.0
2020-05-05 00:00:00+08:00,0.03500000014901161,0.03500000014901161,0.03500000014901161,0.03500000014901161,5000,0.0,0.0,0.0
2020-05-06 00:00:00+08:00,0.03500000014901161,0.03500000014901161,0.03500000014901161,0.03500000014901161,0,0.0,0.0,0.0
2020-05-08 00:00:00+08:00,0.03700000047683716,0.05700000002980232,0.03700000047683716,0.039000000804662704,163900,0.0,0.0,0.0
2020-05-11 00:00:00+08:00,0.052000001072883606,0.054999999701976776,0.03799999877810478,0.03799999877810478,18000,0.0,0.0,0.0
2020-05-12 00:00:00+08:00,0.03799999877810478,0.03799999877810478,0.03799999877810478,0.03799999877810478,0,0.0,0.0,0.0
2020-05-13 00:00:00+08:00,0.03799999877810478,0.03799999877810478,0.03799999877810478,0.03799999877810478,0,0.0,0.0,0.0
2020-05-14 00:00:00+08:00,0.039000000804662704,0.039000000804662704,0.039000000804662704,0.039000000804662704,17500,0.0,0.0,0.0
2020-05-15 00:00:00+08:00,0.039000000804662704,0.039000000804662704,0.039000000804662704,0.039000000804662704,0,0.0,0.0,0.0
2020-05-18 00:00:00+08:00,0.039000000804662704,0.039000000804662704,0.039000000804662704,0.039000000804662704,0,0.0,0.0,0.0
2020-05-19 00:00:00+08:00,0.039000000804662704,0.039000000804662704,0.039000000804662704,0.039000000804662704,0,0.0,0.0,0.0
2020-05-20 00:00:00+08:00,0.03999999910593033,0.03999999910593033,0.03999999910593033,0.03999999910593033,3600,0.0,0.0,0.0
2020-05-21 00:00:00+08:00,0.03999999910593033,0.03999999910593033,0.03999999910593033,0.03999999910593033,0,0.0,0.0,0.0
2020-05-22 00:00:00+08:00,0.03999999910593033,0.06499999761581421,0.03999999910593033,0.06499999761581421,800,0.0,0.0,0.0
2020-05-26 00:00:00+08:00,0.06499999761581421,0.06499999761581421,0.04500000178813934,0.04500000178813934,7700,0.0,0.0,0.0
2020-05-27 00:00:00+08:00,0.04600000008940697,0.04600000008940697,0.04600000008940697,0.04600000008940697,100,0.0,0.0,0.0
2020-05-28 00:00:00+08:00,0.04600000008940697,0.04600000008940697,0.04600000008940697,0.04600000008940697,0,0.0,0.0,0.0
2020-05-29 00:00:00+08:00,0.04600000008940697,0.04600000008940697,0.04600000008940697,0.04600000008940697,0,0.0,0.0,0.0
2020-06-01 00:00:00+08:00,0.04600000008940697,0.04600000008940697,0.04600000008940697,0.04600000008940697,0,0.0,0.0,0.0
2020-06-02 00:00:00+08:00,0.04600000008940697,0.04600000008940697,0.04600000008940697,0.04600000008940697,0,0.0,0.0,0.0
2020-06-03 00:00:00+08:00,0.06499999761581421,0.06499999761581421,0.06499999761581421,0.06499999761581421,100,0.0,0.0,0.0
2020-06-04 00:00:00+08:00,0.06499999761581421,0.06499999761581421,0.06499999761581421,0.06499999761581421,0,0.0,0.0,0.0
2020-06-05 00:00:00+08:00,0.06499999761581421,0.06499999761581421,0.06499999761581421,0.06499999761581421,0,0.0,0.0,0.0
2020-06-08 00:00:00+08:00,0.041999999433755875,0.06199999898672104,0.041999999433755875,0.06199999898672104,5600,0.0,0.0,0.0
2020-06-09 00:00:00+08:00,0.04399999976158142,0.06199999898672104,0.04399999976158142,0.06199999898672104,600,0.0,0.0,0.0
2020-06-10 00:00:00+08:00,0.06199999898672104,0.06199999898672104,0.06199999898672104,0.06199999898672104,0,0.0,0.0,0.0
2020-06-11 00:00:00+08:00,0.06199999898672104,0.06199999898672104,0.06199999898672104,0.06199999898672104,0,0.0,0.0,0.0
2020-06-12 00:00:00+08:00,0.06199999898672104,0.06199999898672104,0.06199999898672104,0.06199999898672104,0,0.0,0.0,0.0
2020-06-15 00:00:00+08:00,0.06199999898672104,0.06199999898672104,0.06199999898672104,0.06199999898672104,0,0.0,0.0,0.0
2020-06-16 00:00:00+08:00,0.06199999898672104,0.06199999898672104,0.06199999898672104,0.06199999898672104,0,0.0,0.0,0.0
2020-06-17 00:00:00+08:00,0.06199999898672104,0.06199999898672104,0.06199999898672104,0.06199999898672104,0,0.0,0.0,0.0
2020-06-18 00:00:00+08:00,0.06199999898672104,0.06199999898672104,0.06199999898672104,0.06199999898672104,0,0.0,0.0,0.0
2020-06-19 00:00:00+08:00,0.050999999046325684,0.050999999046325684,0.05000000074505806,0.05000000074505806,21500,0.0,0.0,0.0
2020-06-22 00:00:00+08:00,0.05000000074505806,0.05000000074505806,0.05000000074505806,0.05000000074505806,0,0.0,0.0,0.0
2020-06-23 00:00:00+08:00,0.05000000074505806,0.05000000074505806,0.05000000074505806,0.05000000074505806,0,0.0,0.0,0.0
2020-06-24 00:00:00+08:00,0.0430000014603138,0.06400000303983688,0.0430000014603138,0.06400000303983688,1600,0.0,0.0,0.0
2020-06-25 00:00:00+08:00,0.06400000303983688,0.06400000303983688,0.06400000303983688,0.06400000303983688,0,0.0,0.0,0.0
2020-06-26 00:00:00+08:00,0.06400000303983688,0.06400000303983688,0.06400000303983688,0.06400000303983688,0,0.0,0.0,0.0
2020-06-29 00:00:00+08:00,0.06400000303983688,0.06400000303983688,0.06400000303983688,0.06400000303983688,0,0.0,0.0,0.0
2020-06-30 00:00:00+08:00,0.06400000303983688,0.06400000303983688,0.06400000303983688,0.06400000303983688,0,0.0,0.0,0.0
2020-07-01 00:00:00+08:00,0.06400000303983688,0.06400000303983688,0.06400000303983688,0.06400000303983688,0,0.0,0.0,0.0
2020-07-02 00:00:00+08:00,0.06400000303983688,0.06400000303983688,0.06400000303983688,0.06400000303983688,0,0.0,0.0,0.0
2020-07-03 00:00:00+08:00,0.04600000008940697,0.06400000303983688,0.04600000008940697,0.057999998331069946,17500,0.0,0.0,0.0
2020-07-06 00:00:00+08:00,0.0560000017285347,0.0560000017285347,0.0560000017285347,0.0560000017285347,10000,0.0,0.0,0.0
2020-07-07 00:00:00+08:00,0.0560000017285347,0.0560000017285347,0.0560000017285347,0.0560000017285347,0,0.0,0.0,0.0
2020-07-08 00:00:00+08:00,0.0560000017285347,0.0560000017285347,0.0560000017285347,0.0560000017285347,0,0.0,0.0,0.0
2020-07-09 00:00:00+08:00,0.0560000017285347,0.0560000017285347,0.0560000017285347,0.0560000017285347,0,0.0,0.0,0.0
2020-07-13 00:00:00+08:00,0.05000000074505806,0.06300000101327896,0.05000000074505806,0.06300000101327896,3000,0.0,0.0,0.0
2020-07-14 00:00:00+08:00,0.04699999839067459,0.04699999839067459,0.04500000178813934,0.04500000178813934,379000,0.0,0.0,0.0
2020-07-15 00:00:00+08:00,0.0430000014603138,0.0430000014603138,0.041999999433755875,0.0430000014603138,46200,0.0,0.0,0.0
2020-07-16 00:00:00+08:00,0.0430000014603138,0.04399999976158142,0.0430000014603138,0.04399999976158142,64000,0.0,0.0,0.0
2020-07-17 00:00:00+08:00,0.04399999976158142,0.04399999976158142,0.04399999976158142,0.04399999976158142,0,0.0,0.0,0.0
2020-07-20 00:00:00+08:00,0.04500000178813934,0.04500000178813934,0.039000000804662704,0.039000000804662704,120000,0.0,0.0,0.0
2020-07-21 00:00:00+08:00,0.039000000804662704,0.039000000804662704,0.039000000804662704,0.039000000804662704,0,0.0,0.0,0.0
2020-07-22 00:00:00+08:00,0.039000000804662704,0.039000000804662704,0.039000000804662704,0.039000000804662704,0,0.0,0.0,0.0
2020-07-23 00:00:00+08:00,0.03799999877810478,0.03799999877810478,0.03799999877810478,0.03799999877810478,1200,0.0,0.0,0.0
2020-07-24 00:00:00+08:00,0.03999999910593033,0.03999999910593033,0.03999999910593033,0.03999999910593033,25000,0.0,0.0,0.0
2020-07-27 00:00:00+08:00,0.03999999910593033,0.03999999910593033,0.03999999910593033,0.03999999910593033,0,0.0,0.0,0.0
2020-07-28 00:00:00+08:00,0.03999999910593033,0.03999999910593033,0.03999999910593033,0.03999999910593033,0,0.0,0.0,0.0
2020-07-29 00:00:00+08:00,0.03999999910593033,0.03999999910593033,0.03999999910593033,0.03999999910593033,0,0.0,0.0,0.0
2020-07-30 00:00:00+08:00,0.03999999910593033,0.03999999910593033,0.03999999910593033,0.03999999910593033,0,0.0,0.0,0.0
2020-08-03 00:00:00+08:00,0.03999999910593033,0.03999999910593033,0.03999999910593033,0.03999999910593033,0,0.0,0.0,0.0
2020-08-04 00:00:00+08:00,0.03999999910593033,0.03999999910593033,0.03999999910593033,0.03999999910593033,0,0.0,0.0,0.0
2020-08-05 00:00:00+08:00,0.03999999910593033,0.03999999910593033,0.03999999910593033,0.03999999910593033,0,0.0,0.0,0.0
2020-08-06 00:00:00+08:00,0.03999999910593033,0.03999999910593033,0.03999999910593033,0.03999999910593033,0,0.0,0.0,0.0
2020-08-07 00:00:00+08:00,0.03999999910593033,0.03999999910593033,0.03999999910593033,0.03999999910593033,0,0.0,0.0,0.0
2020-08-11 00:00:00+08:00,0.04100000113248825,0.041999999433755875,0.03999999910593033,0.03999999910593033,15800,0.0,0.0,0.0
2020-08-12 00:00:00+08:00,0.03999999910593033,0.03999999910593033,0.03999999910593033,0.03999999910593033,0,0.0,0.0,0.0
2020-08-13 00:00:00+08:00,0.041999999433755875,0.041999999433755875,0.04100000113248825,0.04100000113248825,65000,0.0,0.0,0.0
2020-08-14 00:00:00+08:00,0.04100000113248825,0.04100000113248825,0.04100000113248825,0.04100000113248825,0,0.0,0.0,0.0
2020-08-17 00:00:00+08:00,0.04100000113248825,0.04100000113248825,0.04100000113248825,0.04100000113248825,0,0.0,0.0,0.0
2020-08-18 00:00:00+08:00,0.04100000113248825,0.04100000113248825,0.04100000113248825,0.04100000113248825,0,0.0,0.0,0.0
2020-08-19 00:00:00+08:00,0.04100000113248825,0.04100000113248825,0.04100000113248825,0.04100000113248825,0,0.0,0.0,0.0
2020-08-20 00:00:00+08:00,0.04100000113248825,0.04100000113248825,0.04100000113248825,0.04100000113248825,0,0.0,0.0,0.0
2020-08-21 00:00:00+08:00,0.04100000113248825,0.04100000113248825,0.04100000113248825,0.04100000113248825,0,0.0,0.0,0.0
2020-08-24 00:00:00+08:00,0.03999999910593033,0.041999999433755875,0.03999999910593033,0.041999999433755875,81000,0.0,0.0,0.0
2020-08-25 00:00:00+08:00,0.04800000041723251,0.04800000041723251,0.041999999433755875,0.041999999433755875,13200,0.0,0.0,0.0
2020-08-26 00:00:00+08:00,0.041999999433755875,0.041999999433755875,0.041999999433755875,0.041999999433755875,0,0.0,0.0,0.0
2020-08-27 00:00:00+08:00,0.041999999433755875,0.041999999433755875,0.041999999433755875,0.041999999433755875,0,0.0,0.0,0.0
2020-08-28 00:00:00+08:00,0.041999999433755875,0.041999999433755875,0.041999999433755875,0.041999999433755875,0,0.0,0.0,0.0
2020-08-31 00:00:00+08:00,0.04100000113248825,0.061000000685453415,0.04100000113248825,0.04399999976158142,80300,0.0,0.0,0.0
2020-09-01 00:00:00+08:00,0.04600000008940697,0.04600000008940697,0.04399999976158142,0.04399999976158142,40300,0.0,0.0,0.0
2020-09-02 00:00:00+08:00,0.041999999433755875,0.041999999433755875,0.041999999433755875,0.041999999433755875,5200,0.0,0.0,0.0
2020-09-03 00:00:00+08:00,0.041999999433755875,0.041999999433755875,0.041999999433755875,0.041999999433755875,0,0.0,0.0,0.0
2020-09-04 00:00:00+08:00,0.041999999433755875,0.041999999433755875,0.041999999433755875,0.041999999433755875,0,0.0,0.0,0.0
2020-09-07 00:00:00+08:00,0.0430000014603138,0.0430000014603138,0.0430000014603138,0.0430000014603138,1000,0.0,0.0,0.0
2020-09-08 00:00:00+08:00,0.0430000014603138,0.0430000014603138,0.0430000014603138,0.0430000014603138,0,0.0,0.0,0.0
2020-09-09 00:00:00+08:00,0.0430000014603138,0.0430000014603138,0.0430000014603138,0.0430000014603138,0,0.0,0.0,0.0
2020-09-10 00:00:00+08:00,0.0430000014603138,0.0430000014603138,0.0430000014603138,0.0430000014603138,0,0.0,0.0,0.0
2020-09-11 00:00:00+08:00,0.03700000047683716,0.03700000047683716,0.03700000047683716,0.03700000047683716,1500,0.0,0.0,0.0
2020-09-14 00:00:00+08:00,0.03700000047683716,0.03700000047683716,0.03700000047683716,0.03700000047683716,0,0.0,0.0,0.0
2020-09-15 00:00:00+08:00,0.03700000047683716,0.03700000047683716,0.03700000047683716,0.03700000047683716,0,0.0,0.0,0.0
2020-09-16 00:00:00+08:00,0.03700000047683716,0.03700000047683716,0.03700000047683716,0.03700000047683716,0,0.0,0.0,0.0
2020-09-17 00:00:00+08:00,0.03700000047683716,0.03700000047683716,0.03700000047683716,0.03700000047683716,0,0.0,0.0,0.0
2020-09-18 00:00:00+08:00,0.03700000047683716,0.03700000047683716,0.03700000047683716,0.03700000047683716,0,0.0,0.0,0.0
2020-09-21 00:00:00+08:00,0.03700000047683716,0.03700000047683716,0.03700000047683716,0.03700000047683716,0,0.0,0.0,0.0
2020-09-22 00:00:00+08:00,0.04800000041723251,0.05700000002980232,0.04600000008940697,0.0560000017285347,189700,0.0,0.0,0.0
2020-09-23 00:00:00+08:00,0.06199999898672104,0.12099999934434891,0.06199999898672104,0.10999999940395355,1048200,0.0,0.0,0.0
2020-09-24 00:00:00+08:00,0.10499999672174454,0.1080000028014183,0.08500000089406967,0.08500000089406967,249000,0.0,0.0,0.0
2020-09-25 00:00:00+08:00,0.09000000357627869,0.14499999582767487,0.09000000357627869,0.14300000667572021,689400,0.0,0.0,0.0
2020-09-28 00:00:00+08:00,0.14399999380111694,0.19300000369548798,0.14399999380111694,0.19200000166893005,1032400,0.0,0.0,0.0
2020-09-29 00:00:00+08:00,0.18799999356269836,0.20000000298023224,0.18000000715255737,0.1899999976158142,327700,0.0,0.0,0.0
2020-09-30 00:00:00+08:00,0.19499999284744263,0.1979999989271164,0.1809999942779541,0.19599999487400055,129200,0.0,0.0,0.0
2020-10-01 00:00:00+08:00,0.17800000309944153,0.19499999284744263,0.17800000309944153,0.1940000057220459,146000,0.0,0.0,0.0
2020-10-02 00:00:00+08:00,0.1889999955892563,0.1889999955892563,0.18000000715255737,0.18000000715255737,191000,0.0,0.0,0.0
2020-10-05 00:00:00+08:00,0.1899999976158142,0.1899999976158142,0.16300000250339508,0.16300000250339508,210300,0.0,0.0,0.0
2020-10-06 00:00:00+08:00,0.16300000250339508,0.17499999701976776,0.1599999964237213,0.17000000178813934,217700,0.0,0.0,0.0
2020-10-07 00:00:00+08:00,0.16599999368190765,0.1899999976158142,0.16099999845027924,0.18799999356269836,397100,0.0,0.0,0.0
2020-10-08 00:00:00+08:00,0.18799999356269836,0.1940000057220459,0.17800000309944153,0.19099999964237213,143900,0.0,0.0,0.0
2020-10-09 00:00:00+08:00,0.1850000023841858,0.1850000023841858,0.16500000655651093,0.18299999833106995,225000,0.0,0.0,0.0
2020-10-12 00:00:00+08:00,0.18299999833106995,0.19200000166893005,0.17499999701976776,0.19200000166893005,360800,0.0,0.0,0.0
2020-10-13 00:00:00+08:00,0.18000000715255737,0.18000000715255737,0.17399999499320984,0.17399999499320984,272100,0.0,0.0,0.0
2020-10-14 00:00:00+08:00,0.17900000512599945,0.17900000512599945,0.1550000011920929,0.15800000727176666,573100,0.0,0.0,0.0
2020-10-15 00:00:00+08:00,0.17399999499320984,0.17399999499320984,0.1550000011920929,0.1550000011920929,48300,0.0,0.0,0.0
2020-10-16 00:00:00+08:00,0.1550000011920929,0.1550000011920929,0.13600000739097595,0.13600000739097595,144900,0.0,0.0,0.0
2020-10-19 00:00:00+08:00,0.12999999523162842,0.12999999523162842,0.125,0.12700000405311584,155100,0.0,0.0,0.0
2020-10-20 00:00:00+08:00,0.12999999523162842,0.12999999523162842,0.1289999932050705,0.1289999932050705,250000,0.0,0.0,0.0
2020-10-21 00:00:00+08:00,0.13099999725818634,0.13099999725818634,0.12999999523162842,0.12999999523162842,103000,0.0,0.0,0.0
2020-10-22 00:00:00+08:00,0.11999999731779099,0.13099999725818634,0.11999999731779099,0.13099999725818634,21200,0.0,0.0,0.0
2020-10-23 00:00:00+08:00,0.13099999725818634,0.13199999928474426,0.12999999523162842,0.13099999725818634,116600,0.0,0.0,0.0
2020-10-26 00:00:00+08:00,0.13099999725818634,0.13099999725818634,0.10999999940395355,0.10999999940395355,116500,0.0,0.0,0.0
2020-10-27 00:00:00+08:00,0.10999999940395355,0.10999999940395355,0.10999999940395355,0.10999999940395355,0,0.0,0.0,0.0
2020-10-28 00:00:00+08:00,0.13500000536441803,0.13500000536441803,0.13500000536441803,0.13500000536441803,40000,0.0,0.0,0.0
2020-10-29 00:00:00+08:00,0.10999999940395355,0.10999999940395355,0.10999999940395355,0.10999999940395355,1000,0.0,0.0,0.0
2020-10-30 00:00:00+08:00,0.10999999940395355,0.10999999940395355,0.10999999940395355,0.10999999940395355,0,0.0,0.0,0.0
2020-11-02 00:00:00+08:00,0.11100000143051147,0.11500000208616257,0.11100000143051147,0.11500000208616257,104000,0.0,0.0,0.0
2020-11-03 00:00:00+08:00,0.11999999731779099,0.12600000202655792,0.11500000208616257,0.11500000208616257,120000,0.0,0.0,0.0
2020-11-04 00:00:00+08:00,0.11500000208616257,0.13899999856948853,0.11500000208616257,0.13899999856948853,1700,0.0,0.0,0.0
2020-11-05 00:00:00+08:00,0.11999999731779099,0.11999999731779099,0.11699999868869781,0.11699999868869781,120000,0.0,0.0,0.0
2020-11-06 00:00:00+08:00,0.11699999868869781,0.11999999731779099,0.11699999868869781,0.11999999731779099,107000,0.0,0.0,0.0
2020-11-09 00:00:00+08:00,0.12999999523162842,0.16200000047683716,0.12200000137090683,0.16200000047683716,281700,0.0,0.0,0.0
2020-11-10 00:00:00+08:00,0.16500000655651093,0.16500000655651093,0.13600000739097595,0.14499999582767487,284000,0.0,0.0,0.0
2020-11-11 00:00:00+08:00,0.14000000059604645,0.14499999582767487,0.13899999856948853,0.14499999582767487,384800,0.0,0.0,0.0
2020-11-12 00:00:00+08:00,0.14800000190734863,0.19499999284744263,0.14800000190734863,0.1599999964237213,896200,0.0,0.0,0.0
2020-11-13 00:00:00+08:00,0.17299999296665192,0.17299999296665192,0.15000000596046448,0.15000000596046448,166000,0.0,0.0,0.0
2020-11-16 00:00:00+08:00,0.14800000190734863,0.14800000190734863,0.12999999523162842,0.14000000059604645,45000,0.0,0.0,0.0
2020-11-17 00:00:00+08:00,0.1679999977350235,0.1679999977350235,0.1679999977350235,0.1679999977350235,35000,0.0,0.0,0.0
2020-11-18 00:00:00+08:00,0.1679999977350235,0.1679999977350235,0.1679999977350235,0.1679999977350235,0,0.0,0.0,0.0
2020-11-19 00:00:00+08:00,0.16699999570846558,0.16699999570846558,0.12999999523162842,0.15700000524520874,45400,0.0,0.0,0.0
2020-11-20 00:00:00+08:00,0.16200000047683716,0.16200000047683716,0.16200000047683716,0.16200000047683716,2000,0.0,0.0,0.0
2020-11-23 00:00:00+08:00,0.16500000655651093,0.16500000655651093,0.1550000011920929,0.1550000011920929,90000,0.0,0.0,0.0
2020-11-24 00:00:00+08:00,0.15299999713897705,0.15299999713897705,0.15299999713897705,0.15299999713897705,20000,0.0,0.0,0.0
2020-11-25 00:00:00+08:00,0.15000000596046448,0.15000000596046448,0.13300000131130219,0.14499999582767487,276600,0.0,0.0,0.0
2020-11-26 00:00:00+08:00,0.15000000596046448,0.15600000321865082,0.13500000536441803,0.13500000536441803,46000,0.0,0.0,0.0
2020-11-27 00:00:00+08:00,0.13600000739097595,0.13600000739097595,0.13099999725818634,0.1340000033378601,368800,0.0,0.0,0.0
2020-11-30 00:00:00+08:00,0.1469999998807907,0.15399999916553497,0.1469999998807907,0.15000000596046448,100900,0.0,0.0,0.0
2020-12-01 00:00:00+08:00,0.1340000033378601,0.13500000536441803,0.1340000033378601,0.13500000536441803,210000,0.0,0.0,0.0
2020-12-02 00:00:00+08:00,0.13500000536441803,0.13500000536441803,0.1340000033378601,0.13500000536441803,399000,0.0,0.0,0.0
2020-12-03 00:00:00+08:00,0.14000000059604645,0.17000000178813934,0.14000000059604645,0.17000000178813934,626300,0.0,0.0,0.0
2020-12-04 00:00:00+08:00,0.17000000178813934,0.1809999942779541,0.17000000178813934,0.18000000715255737,1089900,0.0,0.0,0.0
2020-12-07 00:00:00+08:00,0.18199999630451202,0.1850000023841858,0.18199999630451202,0.1850000023841858,545200,0.0,0.0,0.0
2020-12-08 00:00:00+08:00,0.18799999356269836,0.25,0.18799999356269836,0.2199999988079071,1251600,0.0,0.0,0.0
2020-12-09 00:00:00+08:00,0.23000000417232513,0.25,0.23000000417232513,0.25,1302600,0.0,0.0,0.0
2020-12-10 00:00:00+08:00,0.2549999952316284,0.27000001072883606,0.23999999463558197,0.27000001072883606,2426300,0.0,0.0,0.0
2020-12-11 00:00:00+08:00,0.2800000011920929,0.29499998688697815,0.2800000011920929,0.28999999165534973,1527000,0.0,0.0,0.0
2020-12-14 00:00:00+08:00,0.30000001192092896,0.3499999940395355,0.30000001192092896,0.3499999940395355,2948400,0.0,0.0,0.0
2020-12-15 00:00:00+08:00,0.3700000047683716,0.4099999964237213,0.33000001311302185,0.4099999964237213,2702500,0.0,0.0,0.0
2020-12-16 00:00:00+08:00,0.4099999964237213,0.4300000071525574,0.3499999940395355,0.4000000059604645,2814500,0.0,0.0,0.0
2020-12-17 00:00:00+08:00,0.4050000011920929,0.4050000011920929,0.3700000047683716,0.375,570900,0.0,0.0,0.0
2020-12-18 00:00:00+08:00,0.3700000047683716,0.4000000059604645,0.3700000047683716,0.38999998569488525,718800,0.0,0.0,0.0
2020-12-21 00:00:00+08:00,0.4000000059604645,0.41999998688697815,0.38999998569488525,0.38999998569488525,1181900,0.0,0.0,0.0
2020-12-22 00:00:00+08:00,0.38999998569488525,0.38999998569488525,0.375,0.38499999046325684,488400,0.0,0.0,0.0
2020-12-23 00:00:00+08:00,0.38499999046325684,0.38499999046325684,0.38499999046325684,0.38499999046325684,0,0.0,0.0,0.0
2020-12-24 00:00:00+08:00,0.4050000011920929,0.41999998688697815,0.3700000047683716,0.3700000047683716,803800,0.0,0.0,0.0
2020-12-28 00:00:00+08:00,0.3700000047683716,0.3700000047683716,0.28999999165534973,0.3199999928474426,272000,0.0,0.0,0.0
2020-12-29 00:00:00+08:00,0.33000001311302185,0.38999998569488525,0.33000001311302185,0.33000001311302185,322200,0.0,0.0,0.0
2020-12-30 00:00:00+08:00,0.33500000834465027,0.33500000834465027,0.33500000834465027,0.33500000834465027,31000,0.0,0.0,0.0
2020-12-31 00:00:00+08:00,0.3449999988079071,0.3700000047683716,0.3449999988079071,0.33500000834465027,237500,0.0,0.0,0.0
2021-01-04 00:00:00+08:00,0.3700000047683716,0.3799999952316284,0.3700000047683716,0.3799999952316284,474800,0.0,0.0,0.0
2021-01-05 00:00:00+08:00,0.3799999952316284,0.3799999952316284,0.3700000047683716,0.375,41200,0.0,0.0,0.0
2021-01-06 00:00:00+08:00,0.3799999952316284,0.4300000071525574,0.3799999952316284,0.4300000071525574,1806200,0.0,0.0,0.0
2021-01-07 00:00:00+08:00,0.4399999976158142,0.44999998807907104,0.41999998688697815,0.4399999976158142,780200,0.0,0.0,0.0
2021-01-08 00:00:00+08:00,0.4399999976158142,0.47999998927116394,0.4399999976158142,0.4749999940395355,1163000,0.0,0.0,0.0
2021-01-11 00:00:00+08:00,0.49000000953674316,0.5099999904632568,0.49000000953674316,0.4950000047683716,2992700,0.0,0.0,0.0
2021-01-12 00:00:00+08:00,0.5,0.5,0.4650000035762787,0.47999998927116394,1607900,0.0,0.0,0.0
2021-01-13 00:00:00+08:00,0.4749999940395355,0.4749999940395355,0.44999998807907104,0.4749999940395355,422000,0.0,0.0,0.0
2021-01-14 00:00:00+08:00,0.4749999940395355,0.4749999940395355,0.4399999976158142,0.46000000834465027,619500,0.0,0.0,0.0
2021-01-15 00:00:00+08:00,0.4399999976158142,0.4399999976158142,0.41499999165534973,0.41999998688697815,525000,0.0,0.0,0.0
2021-01-18 00:00:00+08:00,0.4099999964237213,0.4699999988079071,0.4099999964237213,0.45500001311302185,603200,0.0,0.0,0.0
2021-01-19 00:00:00+08:00,0.46000000834465027,0.4749999940395355,0.4399999976158142,0.4399999976158142,1253500,0.0,0.0,0.0
2021-01-20 00:00:00+08:00,0.4399999976158142,0.4650000035762787,0.4399999976158142,0.44999998807907104,487900,0.0,0.0,0.0
2021-01-21 00:00:00+08:00,0.45500001311302185,0.45500001311302185,0.4399999976158142,0.4449999928474426,362000,0.0,0.0,0.0
2021-01-22 00:00:00+08:00,0.4399999976158142,0.4399999976158142,0.4099999964237213,0.42500001192092896,303200,0.0,0.0,0.0
2021-01-25 00:00:00+08:00,0.41999998688697815,0.41999998688697815,0.38999998569488525,0.38999998569488525,645600,0.0,0.0,0.0
2021-01-26 00:00:00+08:00,0.4000000059604645,0.4000000059604645,0.33500000834465027,0.36500000953674316,331100,0.0,0.0,0.0
2021-01-27 00:00:00+08:00,0.38999998569488525,0.39500001072883606,0.3799999952316284,0.38499999046325684,282000,0.0,0.0,0.0
2021-01-28 00:00:00+08:00,0.38499999046325684,0.4000000059604645,0.3700000047683716,0.4000000059604645,161800,0.0,0.0,0.0
2021-01-29 00:00:00+08:00,0.4000000059604645,0.4300000071525574,0.4000000059604645,0.42500001192092896,584500,0.0,0.0,0.0
2021-02-01 00:00:00+08:00,0.4399999976158142,0.4699999988079071,0.4399999976158142,0.46000000834465027,1128900,0.0,0.0,0.0
2021-02-02 00:00:00+08:00,0.4699999988079071,0.4699999988079071,0.4399999976158142,0.4449999928474426,525400,0.0,0.0,0.0
2021-02-03 00:00:00+08:00,0.44999998807907104,0.44999998807907104,0.4050000011920929,0.44999998807907104,244800,0.0,0.0,0.0
2021-02-04 00:00:00+08:00,0.4449999928474426,0.4449999928474426,0.4050000011920929,0.41499999165534973,471500,0.0,0.0,0.0
2021-02-05 00:00:00+08:00,0.4300000071525574,0.4699999988079071,0.4300000071525574,0.4699999988079071,1410800,0.0,0.0,0.0
2021-02-08 00:00:00+08:00,0.48500001430511475,0.5099999904632568,0.48500001430511475,0.5049999952316284,2009100,0.0,0.0,0.0
2021-02-09 00:00:00+08:00,0.5049999952316284,0.5049999952316284,0.47999998927116394,0.5,1042800,0.0,0.0,0.0
2021-02-10 00:00:00+08:00,0.47999998927116394,0.4950000047683716,0.47999998927116394,0.4950000047683716,740000,0.0,0.0,0.0
2021-02-11 00:00:00+08:00,0.48500001430511475,0.49000000953674316,0.4650000035762787,0.49000000953674316,402100,0.0,0.0,0.0
2021-02-15 00:00:00+08:00,0.48500001430511475,0.48500001430511475,0.46000000834465027,0.46000000834465027,275000,0.0,0.0,0.0
2021-02-16 00:00:00+08:00,0.46000000834465027,0.46000000834465027,0.4350000023841858,0.4399999976158142,239900,0.0,0.0,0.0
2021-02-17 00:00:00+08:00,0.42500001192092896,0.4749999940395355,0.42500001192092896,0.4650000035762787,96200,0.0,0.0,0.0
2021-02-18 00:00:00+08:00,0.4399999976158142,0.45500001311302185,0.4300000071525574,0.4300000071525574,128200,0.0,0.0,0.0
2021-02-19 00:00:00+08:00,0.4300000071525574,0.4300000071525574,0.4050000011920929,0.41999998688697815,289300,0.0,0.0,0.0
2021-02-22 00:00:00+08:00,0.4050000011920929,0.4050000011920929,0.39500001072883606,0.39500001072883606,639200,0.0,0.0,0.0
2021-02-23 00:00:00+08:00,0.4000000059604645,0.41999998688697815,0.39500001072883606,0.39500001072883606,375200,0.0,0.0,0.0
2021-02-24 00:00:00+08:00,0.4000000059604645,0.4000000059604645,0.3700000047683716,0.39500001072883606,457700,0.0,0.0,0.0
2021-02-25 00:00:00+08:00,0.39500001072883606,0.39500001072883606,0.38499999046325684,0.38499999046325684,10300,0.0,0.0,0.0
2021-02-26 00:00:00+08:00,0.3700000047683716,0.41999998688697815,0.3700000047683716,0.4000000059604645,234800,0.0,0.0,0.0
2021-03-01 00:00:00+08:00,0.4099999964237213,0.4099999964237213,0.38999998569488525,0.38999998569488525,71000,0.0,0.0,0.0
2021-03-02 00:00:00+08:00,0.4000000059604645,0.4000000059604645,0.38999998569488525,0.38999998569488525,110500,0.0,0.0,0.0
2021-03-03 00:00:00+08:00,0.4050000011920929,0.4050000011920929,0.4000000059604645,0.4000000059604645,4800,0.0,0.0,0.0
2021-03-04 00:00:00+08:00,0.3700000047683716,0.38999998569488525,0.36500000953674316,0.38499999046325684,24800,0.0,0.0,0.0
2021-03-05 00:00:00+08:00,0.38499999046325684,0.39500001072883606,0.3799999952316284,0.39500001072883606,172200,0.0,0.0,0.0
2021-03-08 00:00:00+08:00,0.3799999952316284,0.3799999952316284,0.36000001430511475,0.3799999952316284,102800,0.0,0.0,0.0
2021-03-09 00:00:00+08:00,0.3499999940395355,0.3499999940395355,0.3400000035762787,0.3400000035762787,106700,0.0,0.0,0.0
2021-03-10 00:00:00+08:00,0.375,0.375,0.3700000047683716,0.3700000047683716,83700,0.0,0.0,0.0
2021-03-11 00:00:00+08:00,0.36000001430511475,0.3700000047683716,0.36000001430511475,0.3700000047683716,56100,0.0,0.0,0.0
2021-03-12 00:00:00+08:00,0.3799999952316284,0.39500001072883606,0.3700000047683716,0.38999998569488525,102500,0.0,0.0,0.0
2021-03-15 00:00:00+08:00,0.36000001430511475,0.36000001430511475,0.36000001430511475,0.36000001430511475,17500,0.0,0.0,0.0
2021-03-16 00:00:00+08:00,0.38999998569488525,0.4699999988079071,0.38999998569488525,0.42500001192092896,812900,0.0,0.0,0.0
2021-03-17 00:00:00+08:00,0.4300000071525574,0.4449999928474426,0.42500001192092896,0.4350000023841858,310500,0.0,0.0,0.0
2021-03-18 00:00:00+08:00,0.44999998807907104,0.44999998807907104,0.42500001192092896,0.42500001192092896,307200,0.0,0.0,0.0
2021-03-19 00:00:00+08:00,0.42500001192092896,0.42500001192092896,0.38999998569488525,0.42500001192092896,55200,0.0,0.0,0.0
2021-03-22 00:00:00+08:00,0.4000000059604645,0.4099999964237213,0.4000000059604645,0.4099999964237213,90500,0.0,0.0,0.0
2021-03-23 00:00:00+08:00,0.38999998569488525,0.39500001072883606,0.38999998569488525,0.39500001072883606,116600,0.0,0.0,0.0
2021-03-24 00:00:00+08:00,0.4099999964237213,0.4099999964237213,0.38999998569488525,0.38999998569488525,12500,0.0,0.0,0.0
2021-03-25 00:00:00+08:00,0.39500001072883606,0.4000000059604645,0.39500001072883606,0.4000000059604645,22500,0.0,0.0,0.0
2021-03-26 00:00:00+08:00,0.4000000059604645,0.4000000059604645,0.4000000059604645,0.4000000059604645,0,0.0,0.0,0.0
2021-03-29 00:00:00+08:00,0.4050000011920929,0.4099999964237213,0.4050000011920929,0.4050000011920929,54000,0.0,0.0,0.0
2021-03-30 00:00:00+08:00,0.38999998569488525,0.38999998569488525,0.38999998569488525,0.38999998569488525,61500,0.0,0.0,0.0
2021-03-31 00:00:00+08:00,0.38499999046325684,0.39500001072883606,0.38499999046325684,0.39500001072883606,179000,0.0,0.0,0.0
2021-04-01 00:00:00+08:00,0.4000000059604645,0.4000000059604645,0.4000000059604645,0.4000000059604645,24600,0.0,0.0,0.0
2021-04-05 00:00:00+08:00,0.4050000011920929,0.4050000011920929,0.4000000059604645,0.4050000011920929,189700,0.0,0.0,0.0
2021-04-06 00:00:00+08:00,0.4000000059604645,0.4099999964237213,0.38999998569488525,0.4050000011920929,126800,0.0,0.0,0.0
2021-04-07 00:00:00+08:00,0.4050000011920929,0.4050000011920929,0.38499999046325684,0.39500001072883606,336100,0.0,0.0,0.0
2021-04-08 00:00:00+08:00,0.38999998569488525,0.4000000059604645,0.38999998569488525,0.4000000059604645,105000,0.0,0.0,0.0
2021-04-09 00:00:00+08:00,0.4000000059604645,0.4000000059604645,0.4000000059604645,0.4000000059604645,35500,0.0,0.0,0.0
2021-04-12 00:00:00+08:00,0.4050000011920929,0.4050000011920929,0.39500001072883606,0.39500001072883606,174200,0.0,0.0,0.0
2021-04-13 00:00:00+08:00,0.39500001072883606,0.39500001072883606,0.375,0.39500001072883606,336500,0.0,0.0,0.0
2021-04-14 00:00:00+08:00,0.3799999952316284,0.3799999952316284,0.3799999952316284,0.3799999952316284,100000,0.0,0.0,0.0
2021-04-15 00:00:00+08:00,0.38999998569488525,0.4000000059604645,0.38999998569488525,0.39500001072883606,280000,0.0,0.0,0.0
2021-04-16 00:00:00+08:00,0.4000000059604645,0.4050000011920929,0.38999998569488525,0.4000000059604645,592300,0.0,0.0,0.0
2021-04-19 00:00:00+08:00,0.4000000059604645,0.4050000011920929,0.3799999952316284,0.38999998569488525,546500,0.0,0.0,0.0
2021-04-20 00:00:00+08:00,0.3700000047683716,0.38999998569488525,0.3700000047683716,0.38499999046325684,243900,0.0,0.0,0.0
2021-04-21 00:00:00+08:00,0.3799999952316284,0.38499999046325684,0.36500000953674316,0.3700000047683716,436300,0.0,0.0,0.0
2021-04-22 00:00:00+08:00,0.36000001430511475,0.3799999952316284,0.36000001430511475,0.3799999952316284,170200,0.0,0.0,0.0
2021-04-23 00:00:00+08:00,0.3799999952316284,0.38499999046325684,0.3700000047683716,0.375,447100,0.0,0.0,0.0
2021-04-26 00:00:00+08:00,0.375,0.38499999046325684,0.3700000047683716,0.38499999046325684,102500,0.0,0.0,0.0
2021-04-27 00:00:00+08:00,0.3799999952316284,0.3799999952316284,0.36000001430511475,0.3700000047683716,215300,0.0,0.0,0.0
2021-04-28 00:00:00+08:00,0.3700000047683716,0.375,0.3700000047683716,0.375,593300,0.0,0.0,0.0
2021-04-29 00:00:00+08:00,0.3700000047683716,0.3700000047683716,0.36500000953674316,0.3700000047683716,127100,0.0,0.0,0.0
2021-04-30 00:00:00+08:00,0.3700000047683716,0.3700000047683716,0.3499999940395355,0.3499999940395355,90500,0.0,0.0,0.0
2021-05-03 00:00:00+08:00,0.36000001430511475,0.375,0.3499999940395355,0.375,982400,0.0,0.0,0.0
2021-05-04 00:00:00+08:00,0.36000001430511475,0.36000001430511475,0.3499999940395355,0.36000001430511475,55100,0.0,0.0,0.0
2021-05-05 00:00:00+08:00,0.36500000953674316,0.36500000953674316,0.36500000953674316,0.36500000953674316,22100,0.0,0.0,0.0
2021-05-06 00:00:00+08:00,0.3799999952316284,0.38999998569488525,0.36500000953674316,0.3700000047683716,1002800,0.0,0.0,0.0
2021-05-07 00:00:00+08:00,0.38999998569488525,0.38999998569488525,0.375,0.38999998569488525,734700,0.0,0.0,0.0
2021-05-10 00:00:00+08:00,0.375,0.38499999046325684,0.375,0.38499999046325684,26800,0.0,0.0,0.0
2021-05-11 00:00:00+08:00,0.38499999046325684,0.38499999046325684,0.3700000047683716,0.3700000047683716,64500,0.0,0.0,0.0
2021-05-12 00:00:00+08:00,0.38999998569488525,0.39500001072883606,0.375,0.38499999046325684,310400,0.0,0.0,0.0
2021-05-14 00:00:00+08:00,0.38499999046325684,0.38499999046325684,0.36000001430511475,0.36500000953674316,221300,0.0,0.0,0.0
2021-05-17 00:00:00+08:00,0.36500000953674316,0.38999998569488525,0.36500000953674316,0.38499999046325684,320900,0.0,0.0,0.0
2021-05-18 00:00:00+08:00,0.38499999046325684,0.38499999046325684,0.3799999952316284,0.38499999046325684,139100,0.0,0.0,0.0
2021-05-19 00:00:00+08:00,0.38499999046325684,0.38499999046325684,0.3700000047683716,0.3700000047683716,322000,0.0,0.0,0.0
2021-05-20 00:00:00+08:00,0.375,0.375,0.36500000953674316,0.36500000953674316,255600,0.0,0.0,0.0
2021-05-21 00:00:00+08:00,0.36000001430511475,0.3700000047683716,0.36000001430511475,0.36000001430511475,158000,0.0,0.0,0.0
2021-05-24 00:00:00+08:00,0.36000001430511475,0.3700000047683716,0.36000001430511475,0.3700000047683716,45100,0.0,0.0,0.0
2021-05-25 00:00:00+08:00,0.36000001430511475,0.3700000047683716,0.36000001430511475,0.36000001430511475,415300,0.0,0.0,0.0
2021-05-27 00:00:00+08:00,0.3499999940395355,0.36000001430511475,0.3199999928474426,0.33000001311302185,622200,0.0,0.0,0.0
2021-05-28 00:00:00+08:00,0.33000001311302185,0.33000001311302185,0.3149999976158142,0.32499998807907104,419200,0.0,0.0,0.0
2021-05-31 00:00:00+08:00,0.3050000071525574,0.33000001311302185,0.3050000071525574,0.32499998807907104,268000,0.0,0.0,0.0
2021-06-01 00:00:00+08:00,0.32499998807907104,0.32499998807907104,0.3100000023841858,0.3149999976158142,216800,0.0,0.0,0.0
2021-06-02 00:00:00+08:00,0.32499998807907104,0.32499998807907104,0.3149999976158142,0.32499998807907104,140500,0.0,0.0,0.0
2021-06-03 00:00:00+08:00,0.32499998807907104,0.33000001311302185,0.3199999928474426,0.33000001311302185,284300,0.0,0.0,0.0
2021-06-04 00:00:00+08:00,0.3199999928474426,0.3199999928474426,0.3100000023841858,0.3100000023841858,344900,0.0,0.0,0.0
2021-06-07 00:00:00+08:00,0.3100000023841858,0.3199999928474426,0.3100000023841858,0.3149999976158142,262500,0.0,0.0,0.0
2021-06-08 00:00:00+08:00,0.3149999976158142,0.3199999928474426,0.3149999976158142,0.3149999976158142,474800,0.0,0.0,0.0
2021-06-09 00:00:00+08:00,0.3199999928474426,0.32499998807907104,0.3149999976158142,0.32499998807907104,165500,0.0,0.0,0.0
2021-06-10 00:00:00+08:00,0.32499998807907104,0.32499998807907104,0.32499998807907104,0.32499998807907104,24500,0.0,0.0,0.0
2021-06-11 00:00:00+08:00,0.33500000834465027,0.3700000047683716,0.33000001311302185,0.3700000047683716,1701900,0.0,0.0,0.0
2021-06-14 00:00:00+08:00,0.375,0.375,0.3449999988079071,0.35499998927116394,658900,0.0,0.0,0.0
2021-06-15 00:00:00+08:00,0.35499998927116394,0.36500000953674316,0.35499998927116394,0.35499998927116394,1054300,0.0,0.0,0.0
2021-06-16 00:00:00+08:00,0.36000001430511475,0.36500000953674316,0.3499999940395355,0.3499999940395355,1172600,0.0,0.0,0.0
2021-06-17 00:00:00+08:00,0.36000001430511475,0.36500000953674316,0.3499999940395355,0.3499999940395355,550300,0.0,0.0,0.0
2021-06-18 00:00:00+08:00,0.3499999940395355,0.36500000953674316,0.3499999940395355,0.36500000953674316,237500,0.0,0.0,0.0
2021-06-21 00:00:00+08:00,0.3700000047683716,0.4449999928474426,0.3700000047683716,0.4300000071525574,9428900,0.0,0.0,0.0
2021-06-22 00:00:00+08:00,0.4699999988079071,0.5099999904632568,0.46000000834465027,0.4699999988079071,15514100,0.0,0.0,0.0
2021-06-23 00:00:00+08:00,0.4699999988079071,0.4699999988079071,0.4399999976158142,0.44999998807907104,1970600,0.0,0.0,0.0
2021-06-24 00:00:00+08:00,0.4449999928474426,0.45500001311302185,0.4350000023841858,0.4399999976158142,684800,0.0,0.0,0.0
2021-06-25 00:00:00+08:00,0.46000000834465027,0.4650000035762787,0.4300000071525574,0.4399999976158142,2120200,0.0,0.0,0.0
2021-06-28 00:00:00+08:00,0.4449999928474426,0.44999998807907104,0.4000000059604645,0.41499999165534973,2958700,0.0,0.0,0.0
2021-06-29 00:00:00+08:00,0.41499999165534973,0.45500001311302185,0.41499999165534973,0.4399999976158142,3539300,0.0,0.0,0.0
2021-06-30 00:00:00+08:00,0.44999998807907104,0.46000000834465027,0.4399999976158142,0.45500001311302185,2619800,0.0,0.0,0.0
2021-07-01 00:00:00+08:00,0.46000000834465027,0.4699999988079071,0.4449999928474426,0.44999998807907104,3317500,0.0,0.0,0.0
2021-07-02 00:00:00+08:00,0.44999998807907104,0.45500001311302185,0.4350000023841858,0.4350000023841858,968600,0.0,0.0,0.0
2021-07-05 00:00:00+08:00,0.4449999928474426,0.44999998807907104,0.42500001192092896,0.42500001192092896,1330700,0.0,0.0,0.0
2021-07-06 00:00:00+08:00,0.4449999928474426,0.4449999928474426,0.42500001192092896,0.4300000071525574,770600,0.0,0.0,0.0
2021-07-07 00:00:00+08:00,0.4300000071525574,0.4350000023841858,0.4099999964237213,0.41499999165534973,1253600,0.0,0.0,0.0
2021-07-08 00:00:00+08:00,0.41499999165534973,0.41999998688697815,0.4000000059604645,0.41499999165534973,1293300,0.0,0.0,0.0
2021-07-09 00:00:00+08:00,0.41499999165534973,0.4350000023841858,0.41499999165534973,0.41999998688697815,2180000,0.0,0.0,0.0
2021-07-12 00:00:00+08:00,0.4300000071525574,0.4300000071525574,0.41999998688697815,0.41999998688697815,823700,0.0,0.0,0.0
2021-07-13 00:00:00+08:00,0.41999998688697815,0.41999998688697815,0.4000000059604645,0.4000000059604645,1496600,0.0,0.0,0.0
2021-07-14 00:00:00+08:00,0.4050000011920929,0.4099999964237213,0.4000000059604645,0.4000000059604645,571800,0.0,0.0,0.0
2021-07-15 00:00:00+08:00,0.4000000059604645,0.4050000011920929,0.38999998569488525,0.38999998569488525,384000,0.0,0.0,0.0
2021-07-16 00:00:00+08:00,0.38999998569488525,0.4050000011920929,0.38999998569488525,0.4000000059604645,524600,0.0,0.0,0.0
2021-07-19 00:00:00+08:00,0.39500001072883606,0.4000000059604645,0.3799999952316284,0.4000000059604645,623400,0.0,0.0,0.0
2021-07-21 00:00:00+08:00,0.4050000011920929,0.4050000011920929,0.38999998569488525,0.38999998569488525,312200,0.0,0.0,0.0
2021-07-22 00:00:00+08:00,0.38999998569488525,0.39500001072883606,0.38999998569488525,0.38999998569488525,172300,0.0,0.0,0.0
2021-07-23 00:00:00+08:00,0.4000000059604645,0.42500001192092896,0.38999998569488525,0.38999998569488525,840100,0.0,0.0,0.0
2021-07-26 00:00:00+08:00,0.39500001072883606,0.4099999964237213,0.38999998569488525,0.38999998569488525,280700,0.0,0.0,0.0
2021-07-27 00:00:00+08:00,0.39500001072883606,0.4000000059604645,0.39500001072883606,0.39500001072883606,201200,0.0,0.0,0.0
2021-07-28 00:00:00+08:00,0.39500001072883606,0.41499999165534973,0.39500001072883606,0.41499999165534973,273300,0.0,0.0,0.0
2021-07-29 00:00:00+08:00,0.41499999165534973,0.41999998688697815,0.4000000059604645,0.4099999964237213,342900,0.0,0.0,0.0
2021-07-30 00:00:00+08:00,0.4000000059604645,0.4099999964237213,0.4000000059604645,0.4050000011920929,152300,0.0,0.0,0.0
2021-08-02 00:00:00+08:00,0.4099999964237213,0.41499999165534973,0.4050000011920929,0.41499999165534973,284700,0.0,0.0,0.0
2021-08-03 00:00:00+08:00,0.41999998688697815,0.42500001192092896,0.4050000011920929,0.4050000011920929,223200,0.0,0.0,0.0
2021-08-04 00:00:00+08:00,0.4050000011920929,0.4099999964237213,0.39500001072883606,0.39500001072883606,145800,0.0,0.0,0.0
2021-08-05 00:00:00+08:00,0.4050000011920929,0.4099999964237213,0.4000000059604645,0.4000000059604645,142700,0.0,0.0,0.0
2021-08-06 00:00:00+08:00,0.4000000059604645,0.4000000059604645,0.39500001072883606,0.4000000059604645,52000,0.0,0.0,0.0
2021-08-10 00:00:00+08:00,0.4099999964237213,0.45500001311302185,0.4099999964237213,0.4449999928474426,1959400,0.0,0.0,0.0
2021-08-11 00:00:00+08:00,0.44999998807907104,0.45500001311302185,0.4399999976158142,0.4399999976158142,936500,0.0,0.0,0.0
2021-08-12 00:00:00+08:00,0.4350000023841858,0.44999998807907104,0.4350000023841858,0.4350000023841858,670500,0.0,0.0,0.0
2021-08-13 00:00:00+08:00,0.4300000071525574,0.4399999976158142,0.4300000071525574,0.4350000023841858,314900,0.0,0.0,0.0
2021-08-16 00:00:00+08:00,0.44999998807907104,0.44999998807907104,0.38999998569488525,0.38999998569488525,2291500,0.0,0.0,0.0
2021-08-17 00:00:00+08:00,0.38499999046325684,0.38499999046325684,0.36000001430511475,0.3700000047683716,1336600,0.0,0.0,0.0
2021-08-18 00:00:00+08:00,0.3799999952316284,0.38999998569488525,0.3799999952316284,0.38499999046325684,799100,0.0,0.0,0.0
2021-08-19 00:00:00+08:00,0.3799999952316284,0.3799999952316284,0.36000001430511475,0.36000001430511475,506200,0.0,0.0,0.0
2021-08-20 00:00:00+08:00,0.3799999952316284,0.3799999952316284,0.3700000047683716,0.3700000047683716,702700,0.0,0.0,0.0
2021-08-23 00:00:00+08:00,0.375,0.375,0.3499999940395355,0.36000001430511475,399700,0.0,0.0,0.0
2021-08-24 00:00:00+08:00,0.36000001430511475,0.36000001430511475,0.3400000035762787,0.3449999988079071,312800,0.0,0.0,0.0
2021-08-25 00:00:00+08:00,0.3449999988079071,0.35499998927116394,0.3400000035762787,0.3499999940395355,364700,0.0,0.0,0.0
2021-08-26 00:00:00+08:00,0.35499998927116394,0.36500000953674316,0.35499998927116394,0.36500000953674316,122000,0.0,0.0,0.0
2021-08-27 00:00:00+08:00,0.3499999940395355,0.3499999940395355,0.33500000834465027,0.3400000035762787,474200,0.0,0.0,0.0
2021-08-30 00:00:00+08:00,0.3449999988079071,0.3449999988079071,0.3400000035762787,0.3449999988079071,75600,0.0,0.0,0.0
2021-08-31 00:00:00+08:00,0.3449999988079071,0.3499999940395355,0.3400000035762787,0.3400000035762787,196800,0.0,0.0,0.0
2021-09-01 00:00:00+08:00,0.3400000035762787,0.3499999940395355,0.3400000035762787,0.3449999988079071,53100,0.0,0.0,0.0
2021-09-02 00:00:00+08:00,0.3400000035762787,0.35499998927116394,0.3400000035762787,0.3400000035762787,21500,0.0,0.0,0.0
2021-09-03 00:00:00+08:00,0.3499999940395355,0.36500000953674316,0.3499999940395355,0.36500000953674316,400400,0.0,0.0,0.0
2021-09-06 00:00:00+08:00,0.36500000953674316,0.3799999952316284,0.36500000953674316,0.3799999952316284,892300,0.0,0.0,0.0
2021-09-07 00:00:00+08:00,0.38499999046325684,0.38999998569488525,0.3700000047683716,0.3700000047683716,588800,0.0,0.0,0.0
2021-09-08 00:00:00+08:00,0.3700000047683716,0.3700000047683716,0.3449999988079071,0.3499999940395355,278600,0.0,0.0,0.0
2021-09-09 00:00:00+08:00,0.3050000071525574,0.33000001311302185,0.25,0.3149999976158142,1369400,0.0,0.0,0.0
2021-09-10 00:00:00+08:00,0.3149999976158142,0.3449999988079071,0.3100000023841858,0.33000001311302185,614900,0.0,0.0,0.0
2021-09-13 00:00:00+08:00,0.3400000035762787,0.3400000035762787,0.3149999976158142,0.3199999928474426,265900,0.0,0.0,0.0
2021-09-14 00:00:00+08:00,0.3199999928474426,0.32499998807907104,0.3149999976158142,0.3149999976158142,222300,0.0,0.0,0.0
2021-09-15 00:00:00+08:00,0.3149999976158142,0.3400000035762787,0.3149999976158142,0.33000001311302185,798900,0.0,0.0,0.0
2021-09-16 00:00:00+08:00,0.33500000834465027,0.36000001430511475,0.33500000834465027,0.36000001430511475,559500,0.0,0.0,0.0
2021-09-17 00:00:00+08:00,0.36000001430511475,0.375,0.36000001430511475,0.36500000953674316,358500,0.0,0.0,0.0
2021-09-20 00:00:00+08:00,0.36500000953674316,0.36500000953674316,0.3400000035762787,0.3400000035762787,460900,0.0,0.0,0.0
2021-09-21 00:00:00+08:00,0.3400000035762787,0.3400000035762787,0.32499998807907104,0.33500000834465027,1327000,0.0,0.0,0.0
2021-09-22 00:00:00+08:00,0.33000001311302185,0.33000001311302185,0.3149999976158142,0.32499998807907104,555200,0.0,0.0,0.0
2021-09-23 00:00:00+08:00,0.33000001311302185,0.3400000035762787,0.32499998807907104,0.33000001311302185,255100,0.0,0.0,0.0
2021-09-24 00:00:00+08:00,0.3449999988079071,0.3449999988079071,0.32499998807907104,0.32499998807907104,523900,0.0,0.0,0.0
2021-09-27 00:00:00+08:00,0.33500000834465027,0.3400000035762787,0.33000001311302185,0.33500000834465027,881900,0.0,0.0,0.0
2021-09-28 00:00:00+08:00,0.33000001311302185,0.33500000834465027,0.32499998807907104,0.33500000834465027,240400,0.0,0.0,0.0
2021-09-29 00:00:00+08:00,0.33500000834465027,0.3400000035762787,0.33000001311302185,0.33500000834465027,132600,0.0,0.0,0.0
2021-09-30 00:00:00+08:00,0.33500000834465027,0.3449999988079071,0.33500000834465027,0.3400000035762787,965100,0.0,0.0,0.0
2021-10-01 00:00:00+08:00,0.33500000834465027,0.3499999940395355,0.33500000834465027,0.3449999988079071,314800,0.0,0.0,0.0
2021-10-04 00:00:00+08:00,0.3449999988079071,0.3449999988079071,0.33000001311302185,0.33500000834465027,278100,0.0,0.0,0.0
2021-10-05 00:00:00+08:00,0.33500000834465027,0.36000001430511475,0.33500000834465027,0.35499998927116394,452700,0.0,0.0,0.0
2021-10-06 00:00:00+08:00,0.35499998927116394,0.35499998927116394,0.3400000035762787,0.3449999988079071,1198700,0.0,0.0,0.0
2021-10-07 00:00:00+08:00,0.33500000834465027,0.3449999988079071,0.33000001311302185,0.3400000035762787,290900,0.0,0.0,0.0
2021-10-08 00:00:00+08:00,0.33000001311302185,0.3400000035762787,0.33000001311302185,0.33000001311302185,265900,0.0,0.0,0.0
2021-10-11 00:00:00+08:00,0.33500000834465027,0.33500000834465027,0.3050000071525574,0.3100000023841858,1908300,0.0,0.0,0.0
2021-10-12 00:00:00+08:00,0.3149999976158142,0.33500000834465027,0.3100000023841858,0.3199999928474426,2837200,0.0,0.0,0.0
2021-10-13 00:00:00+08:00,0.33000001311302185,0.33000001311302185,0.3149999976158142,0.3199999928474426,100900,0.0,0.0,0.0
2021-10-14 00:00:00+08:00,0.3199999928474426,0.3199999928474426,0.3199999928474426,0.3199999928474426,233300,0.0,0.0,0.0
2021-10-15 00:00:00+08:00,0.3199999928474426,0.32499998807907104,0.3199999928474426,0.32499998807907104,1110700,0.0,0.0,0.0
2021-10-18 00:00:00+08:00,0.32499998807907104,0.32499998807907104,0.3100000023841858,0.3100000023841858,1559400,0.0,0.0,0.0
2021-10-19 00:00:00+08:00,0.3149999976158142,0.3149999976158142,0.3100000023841858,0.3100000023841858,361500,0.0,0.0,0.0
2021-10-20 00:00:00+08:00,0.3100000023841858,0.3149999976158142,0.3050000071525574,0.3149999976158142,531600,0.0,0.0,0.0
2021-10-21 00:00:00+08:00,0.3100000023841858,0.3100000023841858,0.3100000023841858,0.3100000023841858,25100,0.0,0.0,0.0
2021-10-22 00:00:00+08:00,0.3100000023841858,0.3149999976158142,0.3050000071525574,0.3149999976158142,305500,0.0,0.0,0.0
2021-10-25 00:00:00+08:00,0.3100000023841858,0.3100000023841858,0.30000001192092896,0.30000001192092896,338500,0.0,0.0,0.0
2021-10-26 00:00:00+08:00,0.30000001192092896,0.3100000023841858,0.30000001192092896,0.3050000071525574,479900,0.0,0.0,0.0
2021-10-27 00:00:00+08:00,0.30000001192092896,0.3050000071525574,0.30000001192092896,0.3050000071525574,43900,0.0,0.0,0.0
2021-10-28 00:00:00+08:00,0.3050000071525574,0.3050000071525574,0.3050000071525574,0.3050000071525574,110300,0.0,0.0,0.0
2021-10-29 00:00:00+08:00,0.3050000071525574,0.3050000071525574,0.30000001192092896,0.30000001192092896,119600,0.0,0.0,0.0
2021-11-01 00:00:00+08:00,0.30000001192092896,0.30000001192092896,0.30000001192092896,0.30000001192092896,169500,0.0,0.0,0.0
2021-11-02 00:00:00+08:00,0.3050000071525574,0.3050000071525574,0.29499998688697815,0.30000001192092896,36700,0.0,0.0,0.0
2021-11-03 00:00:00+08:00,0.29499998688697815,0.33000001311302185,0.28999999165534973,0.33000001311302185,665200,0.0,0.0,0.0
2021-11-05 00:00:00+08:00,0.33000001311302185,0.3449999988079071,0.3199999928474426,0.33000001311302185,553800,0.0,0.0,0.0
2021-11-08 00:00:00+08:00,0.33000001311302185,0.3400000035762787,0.3199999928474426,0.33500000834465027,594400,0.0,0.0,0.0
2021-11-09 00:00:00+08:00,0.33500000834465027,0.33500000834465027,0.3100000023841858,0.3100000023841858,595700,0.0,0.0,0.0
2021-11-10 00:00:00+08:00,0.3100000023841858,0.3199999928474426,0.3100000023841858,0.3199999928474426,170200,0.0,0.0,0.0
2021-11-11 00:00:00+08:00,0.3050000071525574,0.3149999976158142,0.2849999964237213,0.30000001192092896,2186600,0.0,0.0,0.0
2021-11-12 00:00:00+08:00,0.28999999165534973,0.30000001192092896,0.28999999165534973,0.28999999165534973,509600,0.0,0.0,0.0
2021-11-15 00:00:00+08:00,0.29499998688697815,0.3199999928474426,0.2750000059604645,0.2849999964237213,2573600,0.0,0.0,0.0
2021-11-16 00:00:00+08:00,0.30000001192092896,0.3050000071525574,0.2800000011920929,0.30000001192092896,3455900,0.0,0.0,0.0
2021-11-17 00:00:00+08:00,0.30000001192092896,0.3050000071525574,0.28999999165534973,0.28999999165534973,1139600,0.0,0.0,0.0
2021-11-18 00:00:00+08:00,0.30000001192092896,0.30000001192092896,0.28999999165534973,0.29499998688697815,162700,0.0,0.0,0.0
2021-11-19 00:00:00+08:00,0.30000001192092896,0.30000001192092896,0.2849999964237213,0.28999999165534973,1099700,0.0,0.0,0.0
2021-11-22 00:00:00+08:00,0.29499998688697815,0.30000001192092896,0.28999999165534973,0.29499998688697815,708400,0.0,0.0,0.0
2021-11-23 00:00:00+08:00,0.28999999165534973,0.29499998688697815,0.28999999165534973,0.28999999165534973,603500,0.0,0.0,0.0
2021-11-24 00:00:00+08:00,0.29499998688697815,0.3100000023841858,0.29499998688697815,0.30000001192092896,1050400,0.0,0.0,0.0
2021-11-25 00:00:00+08:00,0.30000001192092896,0.30000001192092896,0.29499998688697815,0.30000001192092896,244000,0.0,0.0,0.0
2021-11-26 00:00:00+08:00,0.30000001192092896,0.30000001192092896,0.2750000059604645,0.2800000011920929,2619200,0.0,0.0,0.0
2021-11-29 00:00:00+08:00,0.2800000011920929,0.2849999964237213,0.27000001072883606,0.2800000011920929,2587000,0.0,0.0,0.0
2021-11-30 00:00:00+08:00,0.2750000059604645,0.2750000059604645,0.25999999046325684,0.25999999046325684,519700,0.0,0.0,0.0
2021-12-01 00:00:00+08:00,0.25999999046325684,0.2750000059604645,0.25999999046325684,0.26499998569488525,103400,0.0,0.0,0.0
2021-12-02 00:00:00+08:00,0.25999999046325684,0.2800000011920929,0.2549999952316284,0.2800000011920929,520800,0.0,0.0,0.0
2021-12-03 00:00:00+08:00,0.2800000011920929,0.2849999964237213,0.27000001072883606,0.2750000059604645,1188600,0.0,0.0,0.0
2021-12-06 00:00:00+08:00,0.27000001072883606,0.28999999165534973,0.27000001072883606,0.2849999964237213,2606500,0.0,0.0,0.0
2021-12-07 00:00:00+08:00,0.2849999964237213,0.28999999165534973,0.2849999964237213,0.2849999964237213,1226900,0.0,0.0,0.0
2021-12-08 00:00:00+08:00,0.2849999964237213,0.2849999964237213,0.27000001072883606,0.2849999964237213,305600,0.0,0.0,0.0
2021-12-09 00:00:00+08:00,0.2800000011920929,0.28999999165534973,0.2800000011920929,0.2800000011920929,212800,0.0,0.0,0.0
2021-12-10 00:00:00+08:00,0.2849999964237213,0.3100000023841858,0.2849999964237213,0.29499998688697815,4430800,0.0,0.0,0.0
2021-12-13 00:00:00+08:00,0.30000001192092896,0.3149999976158142,0.30000001192092896,0.3149999976158142,2459800,0.0,0.0,0.0
2021-12-14 00:00:00+08:00,0.3149999976158142,0.3149999976158142,0.3100000023841858,0.3149999976158142,201200,0.0,0.0,0.0
2021-12-15 00:00:00+08:00,0.3149999976158142,0.3149999976158142,0.30000001192092896,0.3100000023841858,354700,0.0,0.0,0.0
2021-12-16 00:00:00+08:00,0.3100000023841858,0.32499998807907104,0.3100000023841858,0.3100000023841858,5676100,0.0,0.0,0.0
2021-12-17 00:00:00+08:00,0.3100000023841858,0.3149999976158142,0.3050000071525574,0.3100000023841858,620400,0.0,0.0,0.0
2021-12-20 00:00:00+08:00,0.3100000023841858,0.3100000023841858,0.3050000071525574,0.3100000023841858,69000,0.0,0.0,0.0
2021-12-21 00:00:00+08:00,0.3100000023841858,0.32499998807907104,0.30000001192092896,0.30000001192092896,4357700,0.0,0.0,0.0
2021-12-22 00:00:00+08:00,0.3199999928474426,0.32499998807907104,0.3100000023841858,0.3100000023841858,5043500,0.0,0.0,0.0
2021-12-23 00:00:00+08:00,0.3100000023841858,0.3100000023841858,0.29499998688697815,0.3100000023841858,906500,0.0,0.0,0.0
2021-12-24 00:00:00+08:00,0.30000001192092896,0.3100000023841858,0.30000001192092896,0.3100000023841858,200,0.0,0.0,0.0
2021-12-27 00:00:00+08:00,0.3050000071525574,0.3149999976158142,0.30000001192092896,0.30000001192092896,7064300,0.0,0.0,0.0
2021-12-28 00:00:00+08:00,0.3050000071525574,0.3149999976158142,0.29499998688697815,0.30000001192092896,5117200,0.0,0.0,0.0
2021-12-29 00:00:00+08:00,0.30000001192092896,0.30000001192092896,0.28999999165534973,0.29499998688697815,454200,0.0,0.0,0.0
2021-12-30 00:00:00+08:00,0.29499998688697815,0.3050000071525574,0.29499998688697815,0.30000001192092896,3454800,0.0,0.0,0.0
2021-12-31 00:00:00+08:00,0.30000001192092896,0.3100000023841858,0.30000001192092896,0.3100000023841858,3423200,0.0,0.0,0.0
2022-01-03 00:00:00+08:00,0.3050000071525574,0.3050000071525574,0.28999999165534973,0.28999999165534973,3668300,0.0,0.0,0.0
2022-01-04 00:00:00+08:00,0.28999999165534973,0.29499998688697815,0.2750000059604645,0.2750000059604645,3331100,0.0,0.0,0.0
2022-01-05 00:00:00+08:00,0.28999999165534973,0.29499998688697815,0.2750000059604645,0.2800000011920929,8613600,0.0,0.0,0.0
2022-01-06 00:00:00+08:00,0.2800000011920929,0.2800000011920929,0.23999999463558197,0.23999999463558197,2768500,0.0,0.0,0.0
2022-01-07 00:00:00+08:00,0.24500000476837158,0.25999999046325684,0.2199999988079071,0.2199999988079071,1183600,0.0,0.0,0.0
2022-01-10 00:00:00+08:00,0.2199999988079071,0.2199999988079071,0.14000000059604645,0.14000000059604645,5113000,0.0,0.0,0.0
2022-01-11 00:00:00+08:00,0.13600000739097595,0.164000004529953,0.12999999523162842,0.1459999978542328,1962500,0.0,0.0,0.0
2022-01-12 00:00:00+08:00,0.1459999978542328,0.15600000321865082,0.1459999978542328,0.1509999930858612,727500,0.0,0.0,0.0
2022-01-13 00:00:00+08:00,0.1509999930858612,0.1509999930858612,0.14900000393390656,0.1509999930858612,684400,0.0,0.0,0.0
2022-01-14 00:00:00+08:00,0.15000000596046448,0.15000000596046448,0.13899999856948853,0.14399999380111694,455500,0.0,0.0,0.0
2022-01-17 00:00:00+08:00,0.14800000190734863,0.14800000190734863,0.11400000005960464,0.11500000208616257,1918100,0.0,0.0,0.0
2022-01-18 00:00:00+08:00,0.10999999940395355,0.10999999940395355,0.0989999994635582,0.0989999994635582,1007700,0.0,0.0,0.0
2022-01-19 00:00:00+08:00,0.0989999994635582,0.0989999994635582,0.0989999994635582,0.0989999994635582,0,0.0,0.0,0.0
2022-01-20 00:00:00+08:00,0.0989999994635582,0.0989999994635582,0.0989999994635582,0.0989999994635582,0,0.0,0.0,0.0
2022-01-21 00:00:00+08:00,0.0989999994635582,0.10199999809265137,0.07599999755620956,0.09600000083446503,1048300,0.0,0.0,0.0
2022-01-24 00:00:00+08:00,0.09200000017881393,0.0949999988079071,0.09000000357627869,0.09000000357627869,602400,0.0,0.0,0.0
2022-01-25 00:00:00+08:00,0.07999999821186066,0.08500000089406967,0.07400000095367432,0.08500000089406967,486300,0.0,0.0,0.0
2022-01-26 00:00:00+08:00,0.07800000160932541,0.07800000160932541,0.07000000029802322,0.07199999690055847,658600,0.0,0.0,0.0
2022-01-27 00:00:00+08:00,0.07199999690055847,0.07199999690055847,0.06599999964237213,0.07000000029802322,55000,0.0,0.0,0.0
2022-01-28 00:00:00+08:00,0.06599999964237213,0.06599999964237213,0.06599999964237213,0.06599999964237213,10000,0.0,0.0,0.0
2022-01-31 00:00:00+08:00,0.061000000685453415,0.07400000095367432,0.05999999865889549,0.0729999989271164,266400,0.0,0.0,0.0
2022-02-03 00:00:00+08:00,0.0729999989271164,0.07500000298023224,0.06400000303983688,0.06400000303983688,349200,0.0,0.0,0.0
2022-02-04 00:00:00+08:00,0.0689999982714653,0.07599999755620956,0.06199999898672104,0.07500000298023224,421100,0.0,0.0,0.0
2022-02-07 00:00:00+08:00,0.07699999958276749,0.09700000286102295,0.07699999958276749,0.09200000017881393,1973200,0.0,0.0,0.0
2022-02-08 00:00:00+08:00,0.0949999988079071,0.11400000005960464,0.0949999988079071,0.11299999803304672,2442400,0.0,0.0,0.0
2022-02-09 00:00:00+08:00,0.11400000005960464,0.12700000405311584,0.10499999672174454,0.11999999731779099,4191300,0.0,0.0,0.0
2022-02-10 00:00:00+08:00,0.11999999731779099,0.12200000137090683,0.11699999868869781,0.11800000071525574,2090300,0.0,0.0,0.0
2022-02-11 00:00:00+08:00,0.11599999666213989,0.11800000071525574,0.10700000077486038,0.11100000143051147,715200,0.0,0.0,0.0
2022-02-14 00:00:00+08:00,0.1080000028014183,0.10899999737739563,0.10199999809265137,0.10199999809265137,1245200,0.0,0.0,0.0
2022-02-15 00:00:00+08:00,0.10599999874830246,0.10599999874830246,0.09200000017881393,0.09399999678134918,503700,0.0,0.0,0.0
2022-02-16 00:00:00+08:00,0.10499999672174454,0.10499999672174454,0.09300000220537186,0.09300000220537186,425300,0.0,0.0,0.0
2022-02-17 00:00:00+08:00,0.08900000154972076,0.10000000149011612,0.08900000154972076,0.09399999678134918,229400,0.0,0.0,0.0
2022-02-18 00:00:00+08:00,0.09700000286102295,0.10499999672174454,0.09700000286102295,0.09700000286102295,283500,0.0,0.0,0.0
2022-02-21 00:00:00+08:00,0.09700000286102295,0.10100000351667404,0.09000000357627869,0.09300000220537186,274200,0.0,0.0,0.0
2022-02-22 00:00:00+08:00,0.09099999815225601,0.09300000220537186,0.08699999749660492,0.08699999749660492,249400,0.0,0.0,0.0
2022-02-23 00:00:00+08:00,0.08900000154972076,0.09300000220537186,0.08500000089406967,0.08900000154972076,550100,0.0,0.0,0.0
2022-02-24 00:00:00+08:00,0.08699999749660492,0.08699999749660492,0.08299999684095383,0.08399999886751175,306700,0.0,0.0,0.0
2022-02-25 00:00:00+08:00,0.08500000089406967,0.08900000154972076,0.08500000089406967,0.08699999749660492,372100,0.0,0.0,0.0
2022-02-28 00:00:00+08:00,0.08500000089406967,0.0860000029206276,0.08500000089406967,0.0860000029206276,105600,0.0,0.0,0.0
2022-03-01 00:00:00+08:00,0.08500000089406967,0.0949999988079071,0.08500000089406967,0.08699999749660492,240600,0.0,0.0,0.0
2022-03-02 00:00:00+08:00,0.08699999749660492,0.08699999749660492,0.08699999749660492,0.08699999749660492,0,0.0,0.0,0.0
2022-03-03 00:00:00+08:00,0.08799999952316284,0.10400000214576721,0.08699999749660492,0.10100000351667404,285400,0.0,0.0,0.0
2022-03-04 00:00:00+08:00,0.10000000149011612,0.10000000149011612,0.09099999815225601,0.0989999994635582,135400,0.0,0.0,0.0
2022-03-07 00:00:00+08:00,0.0989999994635582,0.0989999994635582,0.0989999994635582,0.0989999994635582,0,0.0,0.0,0.0
2022-03-08 00:00:00+08:00,0.08900000154972076,0.09700000286102295,0.08699999749660492,0.08699999749660492,26200,0.0,0.0,0.0
2022-03-09 00:00:00+08:00,0.09200000017881393,0.10000000149011612,0.09000000357627869,0.0989999994635582,112200,0.0,0.0,0.0
2022-03-10 00:00:00+08:00,0.10100000351667404,0.10100000351667404,0.09399999678134918,0.09399999678134918,173700,0.0,0.0,0.0
2022-03-11 00:00:00+08:00,0.09399999678134918,0.09399999678134918,0.09399999678134918,0.09399999678134918,0,0.0,0.0,0.0
2022-03-14 00:00:00+08:00,0.09399999678134918,0.09399999678134918,0.09399999678134918,0.09399999678134918,0,0.0,0.0,0.0
2022-03-15 00:00:00+08:00,0.09399999678134918,0.09399999678134918,0.09399999678134918,0.09399999678134918,0,0.0,0.0,0.0
2022-03-16 00:00:00+08:00,0.09200000017881393,0.10000000149011612,0.08299999684095383,0.09300000220537186,349800,0.0,0.0,0.0
2022-03-17 00:00:00+08:00,0.09000000357627869,0.09000000357627869,0.08699999749660492,0.08799999952316284,12500,0.0,0.0,0.0
2022-03-18 00:00:00+08:00,0.08799999952316284,0.08799999952316284,0.08799999952316284,0.08799999952316284,0,0.0,0.0,0.0
2022-03-21 00:00:00+08:00,0.08799999952316284,0.08799999952316284,0.08799999952316284,0.08799999952316284,0,0.0,0.0,0.0
2022-03-22 00:00:00+08:00,0.08799999952316284,0.09000000357627869,0.08500000089406967,0.08799999952316284,130700,0.0,0.0,0.0
2022-03-23 00:00:00+08:00,0.08500000089406967,0.09000000357627869,0.0820000022649765,0.08500000089406967,658200,0.0,0.0,0.0
2022-03-24 00:00:00+08:00,0.08500000089406967,0.08500000089406967,0.08500000089406967,0.08500000089406967,9000,0.0,0.0,0.0
2022-03-25 00:00:00+08:00,0.08799999952316284,0.08799999952316284,0.08399999886751175,0.08399999886751175,85700,0.0,0.0,0.0
2022-03-28 00:00:00+08:00,0.08399999886751175,0.08799999952316284,0.07699999958276749,0.08799999952316284,84100,0.0,0.0,0.0
2022-03-29 00:00:00+08:00,0.08500000089406967,0.08500000089406967,0.08100000023841858,0.0820000022649765,154000,0.0,0.0,0.0
2022-03-30 00:00:00+08:00,0.08299999684095383,0.09000000357627869,0.0820000022649765,0.0860000029206276,504000,0.0,0.0,0.0
2022-03-31 00:00:00+08:00,0.08500000089406967,0.08500000089406967,0.08299999684095383,0.08299999684095383,134800,0.0,0.0,0.0
2022-04-01 00:00:00+08:00,0.08399999886751175,0.08399999886751175,0.0820000022649765,0.08299999684095383,101500,0.0,0.0,0.0
2022-04-04 00:00:00+08:00,0.08399999886751175,0.08500000089406967,0.08299999684095383,0.08500000089406967,79800,0.0,0.0,0.0
2022-04-05 00:00:00+08:00,0.08500000089406967,0.08500000089406967,0.08500000089406967,0.08500000089406967,0,0.0,0.0,0.0
2022-04-06 00:00:00+08:00,0.08500000089406967,0.08500000089406967,0.08500000089406967,0.08500000089406967,0,0.0,0.0,0.0
2022-04-07 00:00:00+08:00,0.08500000089406967,0.08500000089406967,0.08500000089406967,0.08500000089406967,0,0.0,0.0,0.0
2022-04-08 00:00:00+08:00,0.08500000089406967,0.08500000089406967,0.08500000089406967,0.08500000089406967,0,0.0,0.0,0.0
2022-04-11 00:00:00+08:00,0.08500000089406967,0.08500000089406967,0.08500000089406967,0.08500000089406967,0,0.0,0.0,0.0
2022-04-12 00:00:00+08:00,0.08500000089406967,0.08500000089406967,0.08500000089406967,0.08500000089406967,0,0.0,0.0,0.0
2022-04-13 00:00:00+08:00,0.08500000089406967,0.08500000089406967,0.08500000089406967,0.08500000089406967,0,0.0,0.0,0.0
2022-04-14 00:00:00+08:00,0.08500000089406967,0.08500000089406967,0.08500000089406967,0.08500000089406967,0,0.0,0.0,0.0
2022-04-18 00:00:00+08:00,0.08500000089406967,0.08500000089406967,0.08500000089406967,0.08500000089406967,0,0.0,0.0,0.0
2022-04-19 00:00:00+08:00,0.08500000089406967,0.08500000089406967,0.08500000089406967,0.08500000089406967,0,0.0,0.0,0.0
2022-04-20 00:00:00+08:00,0.08500000089406967,0.08500000089406967,0.08500000089406967,0.08500000089406967,0,0.0,0.0,0.0
2022-04-21 00:00:00+08:00,0.08500000089406967,0.08500000089406967,0.08500000089406967,0.08500000089406967,0,0.0,0.0,0.0
2022-04-22 00:00:00+08:00,0.08500000089406967,0.08500000089406967,0.08500000089406967,0.08500000089406967,0,0.0,0.0,0.0
2022-04-25 00:00:00+08:00,0.08500000089406967,0.08500000089406967,0.08500000089406967,0.08500000089406967,0,0.0,0.0,0.0
2022-04-26 00:00:00+08:00,0.08500000089406967,0.08500000089406967,0.08500000089406967,0.08500000089406967,0,0.0,0.0,0.0
2022-04-27 00:00:00+08:00,0.08500000089406967,0.08500000089406967,0.08500000089406967,0.08500000089406967,0,0.0,0.0,0.0
2022-04-28 00:00:00+08:00,0.08500000089406967,0.08500000089406967,0.08500000089406967,0.08500000089406967,0,0.0,0.0,0.0
2022-04-29 00:00:00+08:00,0.08500000089406967,0.08500000089406967,0.08500000089406967,0.08500000089406967,0,0.0,0.0,0.0
2022-05-04 00:00:00+08:00,0.08500000089406967,0.08500000089406967,0.08500000089406967,0.08500000089406967,0,0.0,0.0,0.0
2022-05-05 00:00:00+08:00,0.08500000089406967,0.08500000089406967,0.08500000089406967,0.08500000089406967,0,0.0,0.0,0.0
2022-05-06 00:00:00+08:00,0.08500000089406967,0.08500000089406967,0.08500000089406967,0.08500000089406967,0,0.0,0.0,0.0
2022-05-09 00:00:00+08:00,0.08500000089406967,0.08500000089406967,0.08500000089406967,0.08500000089406967,0,0.0,0.0,0.0
2022-05-10 00:00:00+08:00,0.08500000089406967,0.08500000089406967,0.08500000089406967,0.08500000089406967,0,0.0,0.0,0.0
2022-05-11 00:00:00+08:00,0.08500000089406967,0.08500000089406967,0.08500000089406967,0.08500000089406967,0,0.0,0.0,0.0
2022-05-12 00:00:00+08:00,0.08500000089406967,0.08500000089406967,0.08500000089406967,0.08500000089406967,0,0.0,0.0,0.0
2022-05-13 00:00:00+08:00,0.08500000089406967,0.08500000089406967,0.08500000089406967,0.08500000089406967,0,0.0,0.0,0.0
2022-05-17 00:00:00+08:00,0.08500000089406967,0.08500000089406967,0.08500000089406967,0.08500000089406967,0,0.0,0.0,0.0
2022-05-18 00:00:00+08:00,0.08500000089406967,0.08500000089406967,0.08500000089406967,0.08500000089406967,0,0.0,0.0,0.0
2022-05-19 00:00:00+08:00,0.08500000089406967,0.08500000089406967,0.08500000089406967,0.08500000089406967,0,0.0,0.0,0.0
2022-05-20 00:00:00+08:00,0.08500000089406967,0.08500000089406967,0.08500000089406967,0.08500000089406967,0,0.0,0.0,0.0
2022-05-23 00:00:00+08:00,0.08500000089406967,0.08500000089406967,0.08500000089406967,0.08500000089406967,0,0.0,0.0,0.0
2022-05-24 00:00:00+08:00,0.08500000089406967,0.08500000089406967,0.08500000089406967,0.08500000089406967,0,0.0,0.0,0.0
2022-05-25 00:00:00+08:00,0.08500000089406967,0.08500000089406967,0.08500000089406967,0.08500000089406967,0,0.0,0.0,0.0
2022-05-26 00:00:00+08:00,0.08500000089406967,0.08500000089406967,0.08500000089406967,0.08500000089406967,0,0.0,0.0,0.0
2022-05-27 00:00:00+08:00,0.08500000089406967,0.08500000089406967,0.08500000089406967,0.08500000089406967,0,0.0,0.0,0.0
2022-05-30 00:00:00+08:00,0.08500000089406967,0.08500000089406967,0.08500000089406967,0.08500000089406967,0,0.0,0.0,0.0
2022-05-31 00:00:00+08:00,0.08500000089406967,0.08500000089406967,0.08500000089406967,0.08500000089406967,0,0.0,0.0,0.0
2022-06-01 00:00:00+08:00,0.08500000089406967,0.08500000089406967,0.08500000089406967,0.08500000089406967,0,0.0,0.0,0.0
2022-06-02 00:00:00+08:00,0.08500000089406967,0.08500000089406967,0.08500000089406967,0.08500000089406967,0,0.0,0.0,0.0
2022-06-03 00:00:00+08:00,0.08500000089406967,0.08500000089406967,0.08500000089406967,0.08500000089406967,0,0.0,0.0,0.0
2022-06-06 00:00:00+08:00,0.08500000089406967,0.08500000089406967,0.08500000089406967,0.08500000089406967,0,0.0,0.0,0.0
2022-06-07 00:00:00+08:00,0.08500000089406967,0.08500000089406967,0.08500000089406967,0.08500000089406967,0,0.0,0.0,0.0
2022-06-08 00:00:00+08:00,0.08500000089406967,0.08500000089406967,0.08500000089406967,0.08500000089406967,0,0.0,0.0,0.0
2022-06-09 00:00:00+08:00,0.08500000089406967,0.08500000089406967,0.08500000089406967,0.08500000089406967,0,0.0,0.0,0.0
2022-06-10 00:00:00+08:00,0.08500000089406967,0.08500000089406967,0.08500000089406967,0.08500000089406967,0,0.0,0.0,0.0
2022-06-13 00:00:00+08:00,0.08500000089406967,0.08500000089406967,0.08500000089406967,0.08500000089406967,0,0.0,0.0,0.0
2022-06-14 00:00:00+08:00,0.08500000089406967,0.08500000089406967,0.08500000089406967,0.08500000089406967,0,0.0,0.0,0.0
2022-06-15 00:00:00+08:00,0.08500000089406967,0.08500000089406967,0.08500000089406967,0.08500000089406967,0,0.0,0.0,0.0
2022-06-16 00:00:00+08:00,0.08500000089406967,0.08500000089406967,0.08500000089406967,0.08500000089406967,0,0.0,0.0,0.0
2022-06-17 00:00:00+08:00,0.08500000089406967,0.08500000089406967,0.08500000089406967,0.08500000089406967,0,0.0,0.0,0.0
2022-06-20 00:00:00+08:00,0.08500000089406967,0.08500000089406967,0.08500000089406967,0.08500000089406967,0,0.0,0.0,0.0
2022-06-21 00:00:00+08:00,0.08500000089406967,0.08500000089406967,0.08500000089406967,0.08500000089406967,0,0.0,0.0,0.0
2022-06-22 00:00:00+08:00,0.08500000089406967,0.08500000089406967,0.08500000089406967,0.08500000089406967,0,0.0,0.0,0.0
2022-06-23 00:00:00+08:00,0.08500000089406967,0.08500000089406967,0.08500000089406967,0.08500000089406967,0,0.0,0.0,0.0
2022-06-24 00:00:00+08:00,0.08500000089406967,0.08500000089406967,0.08500000089406967,0.08500000089406967,0,0.0,0.0,0.0
2022-06-27 00:00:00+08:00,0.08500000089406967,0.08500000089406967,0.08500000089406967,0.08500000089406967,0,0.0,0.0,0.0
2022-06-28 00:00:00+08:00,0.08500000089406967,0.08500000089406967,0.08500000089406967,0.08500000089406967,0,0.0,0.0,0.0
2022-06-29 00:00:00+08:00,0.08500000089406967,0.08500000089406967,0.08500000089406967,0.08500000089406967,0,0.0,0.0,0.0
2022-06-30 00:00:00+08:00,0.08500000089406967,0.08500000089406967,0.08500000089406967,0.08500000089406967,0,0.0,0.0,0.0
2022-07-01 00:00:00+08:00,0.08500000089406967,0.08500000089406967,0.08500000089406967,0.08500000089406967,0,0.0,0.0,0.0
2022-07-04 00:00:00+08:00,0.08500000089406967,0.08500000089406967,0.08500000089406967,0.08500000089406967,0,0.0,0.0,0.0
2022-07-05 00:00:00+08:00,0.08500000089406967,0.08500000089406967,0.08500000089406967,0.08500000089406967,0,0.0,0.0,0.0
2022-07-06 00:00:00+08:00,0.08500000089406967,0.08500000089406967,0.08500000089406967,0.08500000089406967,0,0.0,0.0,0.0
2022-07-07 00:00:00+08:00,0.08500000089406967,0.08500000089406967,0.08500000089406967,0.08500000089406967,0,0.0,0.0,0.0
2022-07-08 00:00:00+08:00,0.08500000089406967,0.08500000089406967,0.08500000089406967,0.08500000089406967,0,0.0,0.0,0.0
2022-07-12 00:00:00+08:00,0.08500000089406967,0.08500000089406967,0.08500000089406967,0.08500000089406967,0,0.0,0.0,0.0
2022-07-13 00:00:00+08:00,0.08500000089406967,0.08500000089406967,0.08500000089406967,0.08500000089406967,0,0.0,0.0,0.0
2022-07-14 00:00:00+08:00,0.08500000089406967,0.08500000089406967,0.08500000089406967,0.08500000089406967,0,0.0,0.0,0.0
2022-07-15 00:00:00+08:00,0.08500000089406967,0.08500000089406967,0.08500000089406967,0.08500000089406967,0,0.0,0.0,0.0
2022-07-18 00:00:00+08:00,0.08500000089406967,0.08500000089406967,0.08500000089406967,0.08500000089406967,0,0.0,0.0,0.0
2022-07-19 00:00:00+08:00,0.08500000089406967,0.08500000089406967,0.08500000089406967,0.08500000089406967,0,0.0,0.0,0.0
2022-07-20 00:00:00+08:00,0.08500000089406967,0.08500000089406967,0.08500000089406967,0.08500000089406967,0,0.0,0.0,0.0
2022-07-21 00:00:00+08:00,0.08500000089406967,0.08500000089406967,0.08500000089406967,0.08500000089406967,0,0.0,0.0,0.0
2022-07-22 00:00:00+08:00,0.08500000089406967,0.08500000089406967,0.08500000089406967,0.08500000089406967,0,0.0,0.0,0.0
2022-07-25 00:00:00+08:00,0.08500000089406967,0.08500000089406967,0.08500000089406967,0.08500000089406967,0,0.0,0.0,0.0
2022-07-26 00:00:00+08:00,0.08500000089406967,0.08500000089406967,0.08500000089406967,0.08500000089406967,0,0.0,0.0,0.0
2022-07-27 00:00:00+08:00,0.08500000089406967,0.08500000089406967,0.08500000089406967,0.08500000089406967,0,0.0,0.0,0.0
2022-07-28 00:00:00+08:00,0.08500000089406967,0.08500000089406967,0.08500000089406967,0.08500000089406967,0,0.0,0.0,0.0
2022-07-29 00:00:00+08:00,0.08500000089406967,0.08500000089406967,0.08500000089406967,0.08500000089406967,0,0.0,0.0,0.0
2022-08-01 00:00:00+08:00,0.08500000089406967,0.08500000089406967,0.08500000089406967,0.08500000089406967,0,0.0,0.0,0.0
2022-08-02 00:00:00+08:00,0.08500000089406967,0.08500000089406967,0.08500000089406967,0.08500000089406967,0,0.0,0.0,0.0
2022-08-03 00:00:00+08:00,0.08500000089406967,0.08500000089406967,0.08500000089406967,0.08500000089406967,0,0.0,0.0,0.0
2022-08-04 00:00:00+08:00,0.08500000089406967,0.08500000089406967,0.08500000089406967,0.08500000089406967,0,0.0,0.0,0.0
2022-08-05 00:00:00+08:00,0.08500000089406967,0.08500000089406967,0.08500000089406967,0.08500000089406967,0,0.0,0.0,0.0
2022-08-08 00:00:00+08:00,0.08500000089406967,0.08500000089406967,0.08500000089406967,0.08500000089406967,0,0.0,0.0,0.0
2022-08-10 00:00:00+08:00,0.08500000089406967,0.08500000089406967,0.08500000089406967,0.08500000089406967,0,0.0,0.0,0.0
2022-08-11 00:00:00+08:00,0.08500000089406967,0.08500000089406967,0.08500000089406967,0.08500000089406967,0,0.0,0.0,0.0
2022-08-12 00:00:00+08:00,0.08500000089406967,0.08500000089406967,0.08500000089406967,0.08500000089406967,0,0.0,0.0,0.0
2022-08-15 00:00:00+08:00,0.08500000089406967,0.08500000089406967,0.08500000089406967,0.08500000089406967,0,0.0,0.0,0.0
2022-08-16 00:00:00+08:00,0.08500000089406967,0.08500000089406967,0.08500000089406967,0.08500000089406967,0,0.0,0.0,0.0
2022-08-17 00:00:00+08:00,0.08500000089406967,0.08500000089406967,0.08500000089406967,0.08500000089406967,0,0.0,0.0,0.0
2022-08-18 00:00:00+08:00,0.08500000089406967,0.08500000089406967,0.08500000089406967,0.08500000089406967,0,0.0,0.0,0.0
2022-08-19 00:00:00+08:00,0.08500000089406967,0.08500000089406967,0.08500000089406967,0.08500000089406967,0,0.0,0.0,0.0
2022-08-22 00:00:00+08:00,0.08500000089406967,0.08500000089406967,0.08500000089406967,0.08500000089406967,0,0.0,0.0,0.0
2022-08-23 00:00:00+08:00,0.08500000089406967,0.08500000089406967,0.08500000089406967,0.08500000089406967,0,0.0,0.0,0.0
2022-08-24 00:00:00+08:00,0.08500000089406967,0.08500000089406967,0.08500000089406967,0.08500000089406967,0,0.0,0.0,0.0
2022-08-25 00:00:00+08:00,0.08500000089406967,0.08500000089406967,0.08500000089406967,0.08500000089406967,0,0.0,0.0,0.0
2022-08-26 00:00:00+08:00,0.08500000089406967,0.08500000089406967,0.08500000089406967,0.08500000089406967,0,0.0,0.0,0.0
2022-08-29 00:00:00+08:00,0.08500000089406967,0.08500000089406967,0.08500000089406967,0.08500000089406967,0,0.0,0.0,0.0
2022-08-30 00:00:00+08:00,0.08500000089406967,0.08500000089406967,0.08500000089406967,0.08500000089406967,0,0.0,0.0,0.0
2022-08-31 00:00:00+08:00,0.08500000089406967,0.08500000089406967,0.08500000089406967,0.08500000089406967,0,0.0,0.0,0.0
2022-09-01 00:00:00+08:00,0.08500000089406967,0.08500000089406967,0.08500000089406967,0.08500000089406967,0,0.0,0.0,0.0
2022-09-02 00:00:00+08:00,0.08500000089406967,0.08500000089406967,0.08500000089406967,0.08500000089406967,0,0.0,0.0,0.0
2022-09-05 00:00:00+08:00,0.08500000089406967,0.08500000089406967,0.08500000089406967,0.08500000089406967,0,0.0,0.0,0.0
2022-09-06 00:00:00+08:00,0.08500000089406967,0.08500000089406967,0.08500000089406967,0.08500000089406967,0,0.0,0.0,0.0
2022-09-07 00:00:00+08:00,0.08500000089406967,0.08500000089406967,0.08500000089406967,0.08500000089406967,0,0.0,0.0,0.0
2022-09-08 00:00:00+08:00,0.08500000089406967,0.08500000089406967,0.08500000089406967,0.08500000089406967,0,0.0,0.0,0.0
2022-09-09 00:00:00+08:00,0.08500000089406967,0.08500000089406967,0.08500000089406967,0.08500000089406967,0,0.0,0.0,0.0
2022-09-12 00:00:00+08:00,0.08500000089406967,0.08500000089406967,0.08500000089406967,0.08500000089406967,0,0.0,0.0,0.0
2022-09-13 00:00:00+08:00,0.08500000089406967,0.08500000089406967,0.08500000089406967,0.08500000089406967,0,0.0,0.0,0.0
2022-09-14 00:00:00+08:00,0.08500000089406967,0.08500000089406967,0.08500000089406967,0.08500000089406967,0,0.0,0.0,0.0
2022-09-15 00:00:00+08:00,0.08500000089406967,0.08500000089406967,0.08500000089406967,0.08500000089406967,0,0.0,0.0,0.0
2022-09-16 00:00:00+08:00,0.08500000089406967,0.08500000089406967,0.08500000089406967,0.08500000089406967,0,0.0,0.0,0.0
2022-09-19 00:00:00+08:00,0.08500000089406967,0.08500000089406967,0.08500000089406967,0.08500000089406967,0,0.0,0.0,0.0
2022-09-20 00:00:00+08:00,0.08500000089406967,0.08500000089406967,0.08500000089406967,0.08500000089406967,0,0.0,0.0,0.0
2022-09-21 00:00:00+08:00,0.08500000089406967,0.08500000089406967,0.08500000089406967,0.08500000089406967,0,0.0,0.0,0.0
2022-09-22 00:00:00+08:00,0.08500000089406967,0.08500000089406967,0.08500000089406967,0.08500000089406967,0,0.0,0.0,0.0
2022-09-23 00:00:00+08:00,0.08500000089406967,0.08500000089406967,0.08500000089406967,0.08500000089406967,0,0.0,0.0,0.0
2022-09-26 00:00:00+08:00,0.08500000089406967,0.08500000089406967,0.08500000089406967,0.08500000089406967,0,0.0,0.0,0.0
2022-09-27 00:00:00+08:00,0.08500000089406967,0.08500000089406967,0.08500000089406967,0.08500000089406967,0,0.0,0.0,0.0
2022-09-28 00:00:00+08:00,0.08500000089406967,0.08500000089406967,0.08500000089406967,0.08500000089406967,0,0.0,0.0,0.0
2022-09-29 00:00:00+08:00,0.08500000089406967,0.08500000089406967,0.08500000089406967,0.08500000089406967,0,0.0,0.0,0.0
2022-09-30 00:00:00+08:00,0.08500000089406967,0.08500000089406967,0.08500000089406967,0.08500000089406967,0,0.0,0.0,0.0
2022-10-03 00:00:00+08:00,0.08500000089406967,0.08500000089406967,0.08500000089406967,0.08500000089406967,0,0.0,0.0,0.0
2022-10-04 00:00:00+08:00,0.08500000089406967,0.08500000089406967,0.08500000089406967,0.08500000089406967,0,0.0,0.0,0.0
2022-10-05 00:00:00+08:00,0.08500000089406967,0.08500000089406967,0.08500000089406967,0.08500000089406967,0,0.0,0.0,0.0
2022-10-06 00:00:00+08:00,0.08500000089406967,0.08500000089406967,0.08500000089406967,0.08500000089406967,0,0.0,0.0,0.0
2022-10-07 00:00:00+08:00,0.08500000089406967,0.08500000089406967,0.08500000089406967,0.08500000089406967,0,0.0,0.0,0.0
2022-10-10 00:00:00+08:00,0.08500000089406967,0.08500000089406967,0.08500000089406967,0.08500000089406967,0,0.0,0.0,0.0
2022-10-11 00:00:00+08:00,0.08500000089406967,0.08500000089406967,0.08500000089406967,0.08500000089406967,0,0.0,0.0,0.0
2022-10-12 00:00:00+08:00,0.08500000089406967,0.08500000089406967,0.08500000089406967,0.08500000089406967,0,0.0,0.0,0.0
2022-10-13 00:00:00+08:00,0.08500000089406967,0.08500000089406967,0.08500000089406967,0.08500000089406967,0,0.0,0.0,0.0
2022-10-14 00:00:00+08:00,0.08500000089406967,0.08500000089406967,0.08500000089406967,0.08500000089406967,0,0.0,0.0,0.0
2022-10-17 00:00:00+08:00,0.08500000089406967,0.08500000089406967,0.08500000089406967,0.08500000089406967,0,0.0,0.0,0.0
2022-10-18 00:00:00+08:00,0.08500000089406967,0.08500000089406967,0.08500000089406967,0.08500000089406967,0,0.0,0.0,0.0
2022-10-19 00:00:00+08:00,0.08500000089406967,0.08500000089406967,0.08500000089406967,0.08500000089406967,0,0.0,0.0,0.0
2022-10-20 00:00:00+08:00,0.08500000089406967,0.08500000089406967,0.08500000089406967,0.08500000089406967,0,0.0,0.0,0.0
2022-10-21 00:00:00+08:00,0.08500000089406967,0.08500000089406967,0.08500000089406967,0.08500000089406967,0,0.0,0.0,0.0
2022-10-25 00:00:00+08:00,0.08500000089406967,0.08500000089406967,0.08500000089406967,0.08500000089406967,0,0.0,0.0,0.0
2022-10-26 00:00:00+08:00,0.08500000089406967,0.08500000089406967,0.08500000089406967,0.08500000089406967,0,0.0,0.0,0.0
2022-10-27 00:00:00+08:00,0.08500000089406967,0.08500000089406967,0.08500000089406967,0.08500000089406967,0,0.0,0.0,0.0
2022-10-28 00:00:00+08:00,0.08500000089406967,0.08500000089406967,0.08500000089406967,0.08500000089406967,0,0.0,0.0,0.0
2022-10-31 00:00:00+08:00,0.08500000089406967,0.08500000089406967,0.08500000089406967,0.08500000089406967,0,0.0,0.0,0.0
2022-11-01 00:00:00+08:00,0.08500000089406967,0.08500000089406967,0.08500000089406967,0.08500000089406967,0,0.0,0.0,0.0
2022-11-02 00:00:00+08:00,0.08500000089406967,0.08500000089406967,0.08500000089406967,0.08500000089406967,0,0.0,0.0,0.0
2022-11-03 00:00:00+08:00,0.08500000089406967,0.08500000089406967,0.08500000089406967,0.08500000089406967,0,0.0,0.0,0.0
2022-11-04 00:00:00+08:00,0.08500000089406967,0.08500000089406967,0.08500000089406967,0.08500000089406967,0,0.0,0.0,0.0
2022-11-07 00:00:00+08:00,0.08500000089406967,0.08500000089406967,0.08500000089406967,0.08500000089406967,0,0.0,0.0,0.0
2022-11-08 00:00:00+08:00,0.08500000089406967,0.08500000089406967,0.08500000089406967,0.08500000089406967,0,0.0,0.0,0.0
2022-11-09 00:00:00+08:00,0.08500000089406967,0.08500000089406967,0.08500000089406967,0.08500000089406967,0,0.0,0.0,0.0
2022-11-10 00:00:00+08:00,0.08500000089406967,0.08500000089406967,0.08500000089406967,0.08500000089406967,0,0.0,0.0,0.0
2022-11-11 00:00:00+08:00,0.08500000089406967,0.08500000089406967,0.08500000089406967,0.08500000089406967,0,0.0,0.0,0.0
2022-11-14 00:00:00+08:00,0.08500000089406967,0.08500000089406967,0.08500000089406967,0.08500000089406967,0,0.0,0.0,0.0
2022-11-15 00:00:00+08:00,0.08500000089406967,0.08500000089406967,0.08500000089406967,0.08500000089406967,0,0.0,0.0,0.0
2022-11-16 00:00:00+08:00,0.08500000089406967,0.08500000089406967,0.08500000089406967,0.08500000089406967,0,0.0,0.0,0.0
2022-11-17 00:00:00+08:00,0.08500000089406967,0.08500000089406967,0.08500000089406967,0.08500000089406967,0,0.0,0.0,0.0
2022-11-18 00:00:00+08:00,0.08500000089406967,0.08500000089406967,0.08500000089406967,0.08500000089406967,0,0.0,0.0,0.0
2022-11-21 00:00:00+08:00,0.08500000089406967,0.08500000089406967,0.08500000089406967,0.08500000089406967,0,0.0,0.0,0.0
2022-11-22 00:00:00+08:00,0.08500000089406967,0.08500000089406967,0.08500000089406967,0.08500000089406967,0,0.0,0.0,0.0
2022-11-23 00:00:00+08:00,0.08500000089406967,0.08500000089406967,0.08500000089406967,0.08500000089406967,0,0.0,0.0,0.0
2022-11-24 00:00:00+08:00,0.08500000089406967,0.08500000089406967,0.08500000089406967,0.08500000089406967,0,0.0,0.0,0.0
2022-11-25 00:00:00+08:00,0.08500000089406967,0.08500000089406967,0.08500000089406967,0.08500000089406967,0,0.0,0.0,0.0
2022-11-28 00:00:00+08:00,0.08500000089406967,0.08500000089406967,0.08500000089406967,0.08500000089406967,0,0.0,0.0,0.0
2022-11-29 00:00:00+08:00,0.08500000089406967,0.08500000089406967,0.08500000089406967,0.08500000089406967,0,0.0,0.0,0.0
2022-11-30 00:00:00+08:00,0.08500000089406967,0.08500000089406967,0.08500000089406967,0.08500000089406967,0,0.0,0.0,0.0
2022-12-01 00:00:00+08:00,0.08500000089406967,0.08500000089406967,0.08500000089406967,0.08500000089406967,0,0.0,0.0,0.0
2022-12-02 00:00:00+08:00,0.08500000089406967,0.08500000089406967,0.08500000089406967,0.08500000089406967,0,0.0,0.0,0.0
2022-12-05 00:00:00+08:00,0.08500000089406967,0.08500000089406967,0.08500000089406967,0.08500000089406967,0,0.0,0.0,0.0
2022-12-06 00:00:00+08:00,0.08500000089406967,0.08500000089406967,0.08500000089406967,0.08500000089406967,0,0.0,0.0,0.0
2022-12-07 00:00:00+08:00,0.08500000089406967,0.08500000089406967,0.08500000089406967,0.08500000089406967,0,0.0,0.0,0.0
2022-12-08 00:00:00+08:00,0.08500000089406967,0.08500000089406967,0.08500000089406967,0.08500000089406967,0,0.0,0.0,0.0
2022-12-09 00:00:00+08:00,0.08500000089406967,0.08500000089406967,0.08500000089406967,0.08500000089406967,0,0.0,0.0,0.0
2022-12-12 00:00:00+08:00,0.08500000089406967,0.08500000089406967,0.08500000089406967,0.08500000089406967,0,0.0,0.0,0.0
2022-12-13 00:00:00+08:00,0.08500000089406967,0.08500000089406967,0.08500000089406967,0.08500000089406967,0,0.0,0.0,0.0
2022-12-14 00:00:00+08:00,0.08500000089406967,0.08500000089406967,0.08500000089406967,0.08500000089406967,0,0.0,0.0,0.0
2022-12-15 00:00:00+08:00,0.08500000089406967,0.08500000089406967,0.08500000089406967,0.08500000089406967,0,0.0,0.0,0.0
2022-12-16 00:00:00+08:00,0.08500000089406967,0.08500000089406967,0.08500000089406967,0.08500000089406967,0,0.0,0.0,0.0
2022-12-19 00:00:00+08:00,0.08500000089406967,0.08500000089406967,0.08500000089406967,0.08500000089406967,0,0.0,0.0,0.0
2022-12-20 00:00:00+08:00,0.08500000089406967,0.08500000089406967,0.08500000089406967,0.08500000089406967,0,0.0,0.0,0.0
2022-12-21 00:00:00+08:00,0.08500000089406967,0.08500000089406967,0.08500000089406967,0.08500000089406967,0,0.0,0.0,0.0
2022-12-22 00:00:00+08:00,0.08500000089406967,0.08500000089406967,0.08500000089406967,0.08500000089406967,0,0.0,0.0,0.0
2022-12-23 00:00:00+08:00,0.08500000089406967,0.08500000089406967,0.08500000089406967,0.08500000089406967,0,0.0,0.0,0.0
2022-12-27 00:00:00+08:00,0.08500000089406967,0.08500000089406967,0.08500000089406967,0.08500000089406967,0,0.0,0.0,0.0
2022-12-28 00:00:00+08:00,0.08500000089406967,0.08500000089406967,0.08500000089406967,0.08500000089406967,0,0.0,0.0,0.0
2022-12-29 00:00:00+08:00,0.08500000089406967,0.08500000089406967,0.08500000089406967,0.08500000089406967,0,0.0,0.0,0.0
2022-12-30 00:00:00+08:00,0.08500000089406967,0.08500000089406967,0.08500000089406967,0.08500000089406967,0,0.0,0.0,0.0
2023-01-03 00:00:00+08:00,0.08500000089406967,0.08500000089406967,0.08500000089406967,0.08500000089406967,0,0.0,0.0,0.0
2023-01-04 00:00:00+08:00,0.08500000089406967,0.08500000089406967,0.08500000089406967,0.08500000089406967,0,0.0,0.0,0.0
2023-01-05 00:00:00+08:00,0.08500000089406967,0.08500000089406967,0.08500000089406967,0.08500000089406967,0,0.0,0.0,0.0
2023-01-06 00:00:00+08:00,0.08500000089406967,0.08500000089406967,0.08500000089406967,0.08500000089406967,0,0.0,0.0,0.0
2023-01-09 00:00:00+08:00,0.08500000089406967,0.08500000089406967,0.08500000089406967,0.08500000089406967,0,0.0,0.0,0.0
2023-01-10 00:00:00+08:00,0.08500000089406967,0.08500000089406967,0.08500000089406967,0.08500000089406967,0,0.0,0.0,0.0
2023-01-11 00:00:00+08:00,0.08500000089406967,0.08500000089406967,0.08500000089406967,0.08500000089406967,0,0.0,0.0,0.0
2023-01-12 00:00:00+08:00,0.08500000089406967,0.08500000089406967,0.08500000089406967,0.08500000089406967,0,0.0,0.0,0.0
2023-01-13 00:00:00+08:00,0.08500000089406967,0.08500000089406967,0.08500000089406967,0.08500000089406967,0,0.0,0.0,0.0
2023-01-16 00:00:00+08:00,0.08500000089406967,0.08500000089406967,0.08500000089406967,0.08500000089406967,0,0.0,0.0,0.0
2023-01-17 00:00:00+08:00,0.08500000089406967,0.08500000089406967,0.08500000089406967,0.08500000089406967,0,0.0,0.0,0.0
2023-01-18 00:00:00+08:00,0.08500000089406967,0.08500000089406967,0.08500000089406967,0.08500000089406967,0,0.0,0.0,0.0
2023-01-19 00:00:00+08:00,0.08500000089406967,0.08500000089406967,0.08500000089406967,0.08500000089406967,0,0.0,0.0,0.0
2023-01-20 00:00:00+08:00,0.08500000089406967,0.08500000089406967,0.08500000089406967,0.08500000089406967,0,0.0,0.0,0.0
2023-01-25 00:00:00+08:00,0.08500000089406967,0.08500000089406967,0.08500000089406967,0.08500000089406967,0,0.0,0.0,0.0
2023-01-26 00:00:00+08:00,0.08500000089406967,0.08500000089406967,0.08500000089406967,0.08500000089406967,0,0.0,0.0,0.0
2023-01-27 00:00:00+08:00,0.08500000089406967,0.08500000089406967,0.08500000089406967,0.08500000089406967,0,0.0,0.0,0.0
2023-01-30 00:00:00+08:00,0.08500000089406967,0.08500000089406967,0.08500000089406967,0.08500000089406967,0,0.0,0.0,0.0
2023-01-31 00:00:00+08:00,0.08500000089406967,0.08500000089406967,0.08500000089406967,0.08500000089406967,0,0.0,0.0,0.0
2023-02-01 00:00:00+08:00,0.08500000089406967,0.08500000089406967,0.08500000089406967,0.08500000089406967,0,0.0,0.0,0.0
2023-02-02 00:00:00+08:00,0.08500000089406967,0.08500000089406967,0.08500000089406967,0.08500000089406967,0,0.0,0.0,0.0
2023-02-03 00:00:00+08:00,0.08500000089406967,0.08500000089406967,0.08500000089406967,0.08500000089406967,0,0.0,0.0,0.0
2023-02-06 00:00:00+08:00,0.08500000089406967,0.08500000089406967,0.08500000089406967,0.08500000089406967,0,0.0,0.0,0.0
2023-02-07 00:00:00+08:00,0.08500000089406967,0.08500000089406967,0.08500000089406967,0.08500000089406967,0,0.0,0.0,0.0
2023-02-08 00:00:00+08:00,0.08500000089406967,0.08500000089406967,0.08500000089406967,0.08500000089406967,0,0.0,0.0,0.0
2023-02-09 00:00:00+08:00,0.08500000089406967,0.08500000089406967,0.08500000089406967,0.08500000089406967,0,0.0,0.0,0.0
2023-02-10 00:00:00+08:00,0.08500000089406967,0.08500000089406967,0.08500000089406967,0.08500000089406967,0,0.0,0.0,0.0
2023-02-13 00:00:00+08:00,0.08500000089406967,0.08500000089406967,0.08500000089406967,0.08500000089406967,0,0.0,0.0,0.0
2023-02-14 00:00:00+08:00,0.08500000089406967,0.08500000089406967,0.08500000089406967,0.08500000089406967,0,0.0,0.0,0.0
2023-02-15 00:00:00+08:00,0.08500000089406967,0.08500000089406967,0.08500000089406967,0.08500000089406967,0,0.0,0.0,0.0
2023-02-16 00:00:00+08:00,0.08500000089406967,0.08500000089406967,0.08500000089406967,0.08500000089406967,0,0.0,0.0,0.0
2023-02-17 00:00:00+08:00,0.08500000089406967,0.08500000089406967,0.08500000089406967,0.08500000089406967,0,0.0,0.0,0.0
2023-02-20 00:00:00+08:00,0.08500000089406967,0.08500000089406967,0.08500000089406967,0.08500000089406967,0,0.0,0.0,0.0
2023-02-21 00:00:00+08:00,0.08500000089406967,0.08500000089406967,0.08500000089406967,0.08500000089406967,0,0.0,0.0,0.0
2023-02-22 00:00:00+08:00,0.08500000089406967,0.08500000089406967,0.08500000089406967,0.08500000089406967,0,0.0,0.0,0.0
2023-02-23 00:00:00+08:00,0.08500000089406967,0.08500000089406967,0.08500000089406967,0.08500000089406967,0,0.0,0.0,0.0
2023-02-24 00:00:00+08:00,0.08500000089406967,0.08500000089406967,0.08500000089406967,0.08500000089406967,0,0.0,0.0,0.0
2023-02-27 00:00:00+08:00,0.08500000089406967,0.08500000089406967,0.08500000089406967,0.08500000089406967,0,0.0,0.0,0.0
2023-02-28 00:00:00+08:00,0.08500000089406967,0.08500000089406967,0.08500000089406967,0.08500000089406967,0,0.0,0.0,0.0
2023-03-01 00:00:00+08:00,0.08500000089406967,0.08500000089406967,0.08500000089406967,0.08500000089406967,0,0.0,0.0,0.0
2023-03-02 00:00:00+08:00,0.08500000089406967,0.08500000089406967,0.08500000089406967,0.08500000089406967,0,0.0,0.0,0.0
2023-03-03 00:00:00+08:00,0.08500000089406967,0.08500000089406967,0.08500000089406967,0.08500000089406967,0,0.0,0.0,0.0
2023-03-06 00:00:00+08:00,0.08500000089406967,0.08500000089406967,0.08500000089406967,0.08500000089406967,0,0.0,0.0,0.0
2023-03-07 00:00:00+08:00,0.08500000089406967,0.08500000089406967,0.08500000089406967,0.08500000089406967,0,0.0,0.0,0.0
2023-03-08 00:00:00+08:00,0.08500000089406967,0.08500000089406967,0.08500000089406967,0.08500000089406967,0,0.0,0.0,0.0
2023-03-09 00:00:00+08:00,0.08500000089406967,0.08500000089406967,0.08500000089406967,0.08500000089406967,0,0.0,0.0,0.0
2023-03-10 00:00:00+08:00,0.08500000089406967,0.08500000089406967,0.08500000089406967,0.08500000089406967,0,0.0,0.0,0.0
2023-03-13 00:00:00+08:00,0.08500000089406967,0.08500000089406967,0.08500000089406967,0.08500000089406967,0,0.0,0.0,0.0
2023-03-14 00:00:00+08:00,0.08500000089406967,0.08500000089406967,0.08500000089406967,0.08500000089406967,0,0.0,0.0,0.0
2023-03-15 00:00:00+08:00,0.08500000089406967,0.08500000089406967,0.08500000089406967,0.08500000089406967,0,0.0,0.0,0.0
2023-03-16 00:00:00+08:00,0.08500000089406967,0.08500000089406967,0.08500000089406967,0.08500000089406967,0,0.0,0.0,0.0
2023-03-17 00:00:00+08:00,0.08500000089406967,0.08500000089406967,0.08500000089406967,0.08500000089406967,0,0.0,0.0,0.0
2023-03-20 00:00:00+08:00,0.08500000089406967,0.08500000089406967,0.08500000089406967,0.08500000089406967,0,0.0,0.0,0.0
2023-03-21 00:00:00+08:00,0.08500000089406967,0.08500000089406967,0.08500000089406967,0.08500000089406967,0,0.0,0.0,0.0
2023-03-22 00:00:00+08:00,0.08500000089406967,0.08500000089406967,0.08500000089406967,0.08500000089406967,0,0.0,0.0,0.0
2023-03-23 00:00:00+08:00,0.08500000089406967,0.08500000089406967,0.08500000089406967,0.08500000089406967,0,0.0,0.0,0.0
2023-03-24 00:00:00+08:00,0.08500000089406967,0.08500000089406967,0.08500000089406967,0.08500000089406967,0,0.0,0.0,0.0
2023-03-27 00:00:00+08:00,0.08500000089406967,0.08500000089406967,0.08500000089406967,0.08500000089406967,0,0.0,0.0,0.0
2023-03-28 00:00:00+08:00,0.08500000089406967,0.08500000089406967,0.08500000089406967,0.08500000089406967,0,0.0,0.0,0.0
2023-03-29 00:00:00+08:00,0.08500000089406967,0.08500000089406967,0.08500000089406967,0.08500000089406967,0,0.0,0.0,0.0
2023-03-30 00:00:00+08:00,0.08500000089406967,0.08500000089406967,0.08500000089406967,0.08500000089406967,0,0.0,0.0,0.0
2023-03-31 00:00:00+08:00,0.08500000089406967,0.08500000089406967,0.08500000089406967,0.08500000089406967,0,0.0,0.0,0.0
2023-04-03 00:00:00+08:00,0.08500000089406967,0.08500000089406967,0.08500000089406967,0.08500000089406967,0,0.0,0.0,0.0
2023-04-04 00:00:00+08:00,0.08500000089406967,0.08500000089406967,0.08500000089406967,0.08500000089406967,0,0.0,0.0,0.0
2023-04-05 00:00:00+08:00,0.08500000089406967,0.08500000089406967,0.08500000089406967,0.08500000089406967,0,0.0,0.0,0.0
2023-04-06 00:00:00+08:00,0.08500000089406967,0.08500000089406967,0.08500000089406967,0.08500000089406967,0,0.0,0.0,0.0
2023-04-10 00:00:00+08:00,0.08500000089406967,0.08500000089406967,0.08500000089406967,0.08500000089406967,0,0.0,0.0,0.0
2023-04-11 00:00:00+08:00,0.08500000089406967,0.08500000089406967,0.08500000089406967,0.08500000089406967,0,0.0,0.0,0.0
2023-04-12 00:00:00+08:00,0.08500000089406967,0.08500000089406967,0.08500000089406967,0.08500000089406967,0,0.0,0.0,0.0
2023-04-13 00:00:00+08:00,0.08500000089406967,0.08500000089406967,0.08500000089406967,0.08500000089406967,0,0.0,0.0,0.0
2023-04-14 00:00:00+08:00,0.08500000089406967,0.08500000089406967,0.08500000089406967,0.08500000089406967,0,0.0,0.0,0.0
2023-04-17 00:00:00+08:00,0.08500000089406967,0.08500000089406967,0.08500000089406967,0.08500000089406967,0,0.0,0.0,0.0
2023-04-18 00:00:00+08:00,0.08500000089406967,0.08500000089406967,0.08500000089406967,0.08500000089406967,0,0.0,0.0,0.0
2023-04-19 00:00:00+08:00,0.08500000089406967,0.08500000089406967,0.08500000089406967,0.08500000089406967,0,0.0,0.0,0.0
2023-04-20 00:00:00+08:00,0.08500000089406967,0.08500000089406967,0.08500000089406967,0.08500000089406967,0,0.0,0.0,0.0
2023-04-21 00:00:00+08:00,0.08500000089406967,0.08500000089406967,0.08500000089406967,0.08500000089406967,0,0.0,0.0,0.0
2023-04-24 00:00:00+08:00,0.08500000089406967,0.08500000089406967,0.08500000089406967,0.08500000089406967,0,0.0,0.0,0.0
2023-04-25 00:00:00+08:00,0.08500000089406967,0.08500000089406967,0.08500000089406967,0.08500000089406967,0,0.0,0.0,0.0
2023-04-26 00:00:00+08:00,0.08500000089406967,0.08500000089406967,0.08500000089406967,0.08500000089406967,0,0.0,0.0,0.0
2023-04-27 00:00:00+08:00,0.08500000089406967,0.08500000089406967,0.08500000089406967,0.08500000089406967,0,0.0,0.0,0.0
2023-04-28 00:00:00+08:00,0.08500000089406967,0.08500000089406967,0.08500000089406967,0.08500000089406967,0,0.0,0.0,0.0
2023-05-02 00:00:00+08:00,0.08500000089406967,0.08500000089406967,0.08500000089406967,0.08500000089406967,0,0.0,0.0,0.0
2023-05-03 00:00:00+08:00,0.08500000089406967,0.08500000089406967,0.08500000089406967,0.08500000089406967,0,0.0,0.0,0.0
2023-05-04 00:00:00+08:00,0.08500000089406967,0.08500000089406967,0.08500000089406967,0.08500000089406967,0,0.0,0.0,0.0
2023-05-05 00:00:00+08:00,0.08500000089406967,0.08500000089406967,0.08500000089406967,0.08500000089406967,0,0.0,0.0,0.0
2023-05-08 00:00:00+08:00,0.08500000089406967,0.08500000089406967,0.08500000089406967,0.08500000089406967,0,0.0,0.0,0.0
2023-05-09 00:00:00+08:00,0.08500000089406967,0.08500000089406967,0.08500000089406967,0.08500000089406967,0,0.0,0.0,0.0
2023-05-10 00:00:00+08:00,0.08500000089406967,0.08500000089406967,0.08500000089406967,0.08500000089406967,0,0.0,0.0,0.0
2023-05-11 00:00:00+08:00,0.08500000089406967,0.08500000089406967,0.08500000089406967,0.08500000089406967,0,0.0,0.0,0.0
2023-05-12 00:00:00+08:00,0.08500000089406967,0.08500000089406967,0.08500000089406967,0.08500000089406967,0,0.0,0.0,0.0
2023-05-15 00:00:00+08:00,0.08500000089406967,0.08500000089406967,0.08500000089406967,0.08500000089406967,0,0.0,0.0,0.0
2023-05-16 00:00:00+08:00,0.08500000089406967,0.08500000089406967,0.08500000089406967,0.08500000089406967,0,0.0,0.0,0.0
2023-05-17 00:00:00+08:00,0.08500000089406967,0.08500000089406967,0.08500000089406967,0.08500000089406967,0,0.0,0.0,0.0
2023-05-18 00:00:00+08:00,0.08500000089406967,0.08500000089406967,0.08500000089406967,0.08500000089406967,0,0.0,0.0,0.0
2023-05-19 00:00:00+08:00,0.08500000089406967,0.08500000089406967,0.08500000089406967,0.08500000089406967,0,0.0,0.0,0.0
2023-05-22 00:00:00+08:00,0.08500000089406967,0.08500000089406967,0.08500000089406967,0.08500000089406967,0,0.0,0.0,0.0
2023-05-23 00:00:00+08:00,0.08500000089406967,0.08500000089406967,0.08500000089406967,0.08500000089406967,0,0.0,0.0,0.0
2023-05-24 00:00:00+08:00,0.08500000089406967,0.08500000089406967,0.08500000089406967,0.08500000089406967,0,0.0,0.0,0.0
2023-05-25 00:00:00+08:00,0.08500000089406967,0.08500000089406967,0.08500000089406967,0.08500000089406967,0,0.0,0.0,0.0
2023-05-26 00:00:00+08:00,0.08500000089406967,0.08500000089406967,0.08500000089406967,0.08500000089406967,0,0.0,0.0,0.0
2023-05-29 00:00:00+08:00,0.08500000089406967,0.08500000089406967,0.08500000089406967,0.08500000089406967,0,0.0,0.0,0.0
2023-05-30 00:00:00+08:00,0.08500000089406967,0.08500000089406967,0.08500000089406967,0.08500000089406967,0,0.0,0.0,0.0
2023-05-31 00:00:00+08:00,0.08500000089406967,0.08500000089406967,0.08500000089406967,0.08500000089406967,0,0.0,0.0,0.0
2023-06-01 00:00:00+08:00,0.08500000089406967,0.08500000089406967,0.08500000089406967,0.08500000089406967,0,0.0,0.0,0.0
2023-06-05 00:00:00+08:00,0.08500000089406967,0.08500000089406967,0.08500000089406967,0.08500000089406967,0,0.0,0.0,0.0
2023-06-06 00:00:00+08:00,0.08500000089406967,0.08500000089406967,0.08500000089406967,0.08500000089406967,0,0.0,0.0,0.0
2023-06-07 00:00:00+08:00,0.08500000089406967,0.08500000089406967,0.08500000089406967,0.08500000089406967,0,0.0,0.0,0.0
2023-06-08 00:00:00+08:00,0.08500000089406967,0.08500000089406967,0.08500000089406967,0.08500000089406967,0,0.0,0.0,0.0
2023-06-09 00:00:00+08:00,0.08500000089406967,0.08500000089406967,0.08500000089406967,0.08500000089406967,0,0.0,0.0,0.0
2023-06-12 00:00:00+08:00,0.08500000089406967,0.08500000089406967,0.08500000089406967,0.08500000089406967,0,0.0,0.0,0.0
2023-06-13 00:00:00+08:00,0.08500000089406967,0.08500000089406967,0.08500000089406967,0.08500000089406967,0,0.0,0.0,0.0
2023-06-14 00:00:00+08:00,0.08500000089406967,0.08500000089406967,0.08500000089406967,0.08500000089406967,0,0.0,0.0,0.0
2023-06-15 00:00:00+08:00,0.08500000089406967,0.08500000089406967,0.08500000089406967,0.08500000089406967,0,0.0,0.0,0.0
2023-06-16 00:00:00+08:00,0.08500000089406967,0.08500000089406967,0.08500000089406967,0.08500000089406967,0,0.0,0.0,0.0
2023-06-19 00:00:00+08:00,0.08500000089406967,0.08500000089406967,0.08500000089406967,0.08500000089406967,0,0.0,0.0,0.0
2023-06-20 00:00:00+08:00,0.08500000089406967,0.08500000089406967,0.08500000089406967,0.08500000089406967,0,0.0,0.0,0.0
2023-06-21 00:00:00+08:00,0.08500000089406967,0.08500000089406967,0.08500000089406967,0.08500000089406967,0,0.0,0.0,0.0
2023-06-22 00:00:00+08:00,0.08500000089406967,0.08500000089406967,0.08500000089406967,0.08500000089406967,0,0.0,0.0,0.0
2023-06-23 00:00:00+08:00,0.08500000089406967,0.08500000089406967,0.08500000089406967,0.08500000089406967,0,0.0,0.0,0.0
2023-06-26 00:00:00+08:00,0.08500000089406967,0.08500000089406967,0.08500000089406967,0.08500000089406967,0,0.0,0.0,0.0
2023-06-27 00:00:00+08:00,0.08500000089406967,0.08500000089406967,0.08500000089406967,0.08500000089406967,0,0.0,0.0,0.0
2023-06-28 00:00:00+08:00,0.08500000089406967,0.08500000089406967,0.08500000089406967,0.08500000089406967,0,0.0,0.0,0.0
2023-06-30 00:00:00+08:00,0.08500000089406967,0.08500000089406967,0.08500000089406967,0.08500000089406967,0,0.0,0.0,0.0
2023-07-03 00:00:00+08:00,0.08500000089406967,0.08500000089406967,0.08500000089406967,0.08500000089406967,0,0.0,0.0,0.0
2023-07-04 00:00:00+08:00,0.08500000089406967,0.08500000089406967,0.08500000089406967,0.08500000089406967,0,0.0,0.0,0.0
2023-07-05 00:00:00+08:00,0.08500000089406967,0.08500000089406967,0.08500000089406967,0.08500000089406967,0,0.0,0.0,0.0
2023-07-06 00:00:00+08:00,0.08500000089406967,0.08500000089406967,0.08500000089406967,0.08500000089406967,0,0.0,0.0,0.0
2023-07-07 00:00:00+08:00,0.08500000089406967,0.08500000089406967,0.08500000089406967,0.08500000089406967,0,0.0,0.0,0.0
2023-07-10 00:00:00+08:00,0.08500000089406967,0.08500000089406967,0.08500000089406967,0.08500000089406967,0,0.0,0.0,0.0
2023-07-11 00:00:00+08:00,0.08500000089406967,0.08500000089406967,0.08500000089406967,0.08500000089406967,0,0.0,0.0,0.0
2023-07-12 00:00:00+08:00,0.08500000089406967,0.08500000089406967,0.08500000089406967,0.08500000089406967,0,0.0,0.0,0.0
2023-07-13 00:00:00+08:00,0.08500000089406967,0.08500000089406967,0.08500000089406967,0.08500000089406967,0,0.0,0.0,0.0
2023-07-14 00:00:00+08:00,0.08500000089406967,0.08500000089406967,0.08500000089406967,0.08500000089406967,0,0.0,0.0,0.0
2023-07-17 00:00:00+08:00,0.08500000089406967,0.08500000089406967,0.08500000089406967,0.08500000089406967,0,0.0,0.0,0.0
2023-07-18 00:00:00+08:00,0.08500000089406967,0.08500000089406967,0.08500000089406967,0.08500000089406967,0,0.0,0.0,0.0
2023-07-19 00:00:00+08:00,0.08500000089406967,0.08500000089406967,0.08500000089406967,0.08500000089406967,0,0.0,0.0,0.0
2023-07-20 00:00:00+08:00,0.08500000089406967,0.08500000089406967,0.08500000089406967,0.08500000089406967,0,0.0,0.0,0.0
2023-07-21 00:00:00+08:00,0.08500000089406967,0.08500000089406967,0.08500000089406967,0.08500000089406967,0,0.0,0.0,0.0
2023-07-24 00:00:00+08:00,0.08500000089406967,0.08500000089406967,0.08500000089406967,0.08500000089406967,0,0.0,0.0,0.0
2023-07-25 00:00:00+08:00,0.08500000089406967,0.08500000089406967,0.08500000089406967,0.08500000089406967,0,0.0,0.0,0.0
2023-07-26 00:00:00+08:00,0.08500000089406967,0.08500000089406967,0.08500000089406967,0.08500000089406967,0,0.0,0.0,0.0
2023-07-27 00:00:00+08:00,0.08500000089406967,0.08500000089406967,0.08500000089406967,0.08500000089406967,0,0.0,0.0,0.0
2023-07-28 00:00:00+08:00,0.08500000089406967,0.08500000089406967,0.08500000089406967,0.08500000089406967,0,0.0,0.0,0.0
2023-07-31 00:00:00+08:00,0.08500000089406967,0.08500000089406967,0.08500000089406967,0.08500000089406967,0,0.0,0.0,0.0
2023-08-01 00:00:00+08:00,0.08500000089406967,0.08500000089406967,0.08500000089406967,0.08500000089406967,0,0.0,0.0,0.0
2023-08-02 00:00:00+08:00,0.08500000089406967,0.08500000089406967,0.08500000089406967,0.08500000089406967,0,0.0,0.0,0.0
2023-08-03 00:00:00+08:00,0.08500000089406967,0.08500000089406967,0.08500000089406967,0.08500000089406967,0,0.0,0.0,0.0
2023-08-04 00:00:00+08:00,0.08500000089406967,0.08500000089406967,0.08500000089406967,0.08500000089406967,0,0.0,0.0,0.0
2023-08-07 00:00:00+08:00,0.08500000089406967,0.08500000089406967,0.08500000089406967,0.08500000089406967,0,0.0,0.0,0.0
2023-08-08 00:00:00+08:00,0.08500000089406967,0.08500000089406967,0.08500000089406967,0.08500000089406967,0,0.0,0.0,0.0
2023-08-10 00:00:00+08:00,0.08500000089406967,0.08500000089406967,0.08500000089406967,0.08500000089406967,0,0.0,0.0,0.0
2023-08-11 00:00:00+08:00,0.08500000089406967,0.08500000089406967,0.08500000089406967,0.08500000089406967,0,0.0,0.0,0.0
2023-08-14 00:00:00+08:00,0.08500000089406967,0.08500000089406967,0.08500000089406967,0.08500000089406967,0,0.0,0.0,0.0
2023-08-15 00:00:00+08:00,0.08500000089406967,0.08500000089406967,0.08500000089406967,0.08500000089406967,0,0.0,0.0,0.0
2023-08-16 00:00:00+08:00,0.08500000089406967,0.08500000089406967,0.08500000089406967,0.08500000089406967,0,0.0,0.0,0.0
2023-08-17 00:00:00+08:00,0.08500000089406967,0.08500000089406967,0.08500000089406967,0.08500000089406967,0,0.0,0.0,0.0
2023-08-18 00:00:00+08:00,0.08500000089406967,0.08500000089406967,0.08500000089406967,0.08500000089406967,0,0.0,0.0,0.0
2023-08-21 00:00:00+08:00,0.08500000089406967,0.08500000089406967,0.08500000089406967,0.08500000089406967,0,0.0,0.0,0.0
2023-08-22 00:00:00+08:00,0.08500000089406967,0.08500000089406967,0.08500000089406967,0.08500000089406967,0,0.0,0.0,0.0
2023-08-23 00:00:00+08:00,0.08500000089406967,0.08500000089406967,0.08500000089406967,0.08500000089406967,0,0.0,0.0,0.0
2023-08-24 00:00:00+08:00,0.08500000089406967,0.08500000089406967,0.08500000089406967,0.08500000089406967,0,0.0,0.0,0.0
2023-08-25 00:00:00+08:00,0.08500000089406967,0.08500000089406967,0.08500000089406967,0.08500000089406967,0,0.0,0.0,0.0
2023-08-28 00:00:00+08:00,0.08500000089406967,0.08500000089406967,0.08500000089406967,0.08500000089406967,0,0.0,0.0,0.0
2023-08-29 00:00:00+08:00,0.08500000089406967,0.08500000089406967,0.08500000089406967,0.08500000089406967,0,0.0,0.0,0.0
2023-08-30 00:00:00+08:00,0.08500000089406967,0.08500000089406967,0.08500000089406967,0.08500000089406967,0,0.0,0.0,0.0
2023-08-31 00:00:00+08:00,0.08500000089406967,0.08500000089406967,0.08500000089406967,0.08500000089406967,0,0.0,0.0,0.0
2023-09-04 00:00:00+08:00,0.08500000089406967,0.08500000089406967,0.08500000089406967,0.08500000089406967,0,0.0,0.0,0.0
2023-09-05 00:00:00+08:00,0.08500000089406967,0.08500000089406967,0.08500000089406967,0.08500000089406967,0,0.0,0.0,0.0
2023-09-06 00:00:00+08:00,0.08500000089406967,0.08500000089406967,0.08500000089406967,0.08500000089406967,0,0.0,0.0,0.0
2023-09-07 00:00:00+08:00,0.08500000089406967,0.08500000089406967,0.08500000089406967,0.08500000089406967,0,0.0,0.0,0.0
2023-09-08 00:00:00+08:00,0.08500000089406967,0.08500000089406967,0.08500000089406967,0.08500000089406967,0,0.0,0.0,0.0
2023-09-11 00:00:00+08:00,0.08500000089406967,0.08500000089406967,0.08500000089406967,0.08500000089406967,0,0.0,0.0,0.0
2023-09-12 00:00:00+08:00,0.08500000089406967,0.08500000089406967,0.08500000089406967,0.08500000089406967,0,0.0,0.0,0.0
2023-09-13 00:00:00+08:00,0.08500000089406967,0.08500000089406967,0.08500000089406967,0.08500000089406967,0,0.0,0.0,0.0
2023-09-14 00:00:00+08:00,0.08500000089406967,0.08500000089406967,0.08500000089406967,0.08500000089406967,0,0.0,0.0,0.0
2023-09-15 00:00:00+08:00,0.08500000089406967,0.08500000089406967,0.08500000089406967,0.08500000089406967,0,0.0,0.0,0.0
2023-09-18 00:00:00+08:00,0.08500000089406967,0.08500000089406967,0.08500000089406967,0.08500000089406967,0,0.0,0.0,0.0
2023-09-19 00:00:00+08:00,0.08500000089406967,0.08500000089406967,0.08500000089406967,0.08500000089406967,0,0.0,0.0,0.0
2023-09-20 00:00:00+08:00,0.08500000089406967,0.08500000089406967,0.08500000089406967,0.08500000089406967,0,0.0,0.0,0.0
2023-09-21 00:00:00+08:00,0.08500000089406967,0.08500000089406967,0.08500000089406967,0.08500000089406967,0,0.0,0.0,0.0
2023-09-22 00:00:00+08:00,0.08500000089406967,0.08500000089406967,0.08500000089406967,0.08500000089406967,0,0.0,0.0,0.0
2023-09-25 00:00:00+08:00,0.08500000089406967,0.08500000089406967,0.08500000089406967,0.08500000089406967,0,0.0,0.0,0.0
2023-09-26 00:00:00+08:00,0.08500000089406967,0.08500000089406967,0.08500000089406967,0.08500000089406967,0,0.0,0.0,0.0
2023-09-27 00:00:00+08:00,0.08500000089406967,0.08500000089406967,0.08500000089406967,0.08500000089406967,0,0.0,0.0,0.0
2023-09-28 00:00:00+08:00,0.08500000089406967,0.08500000089406967,0.08500000089406967,0.08500000089406967,0,0.0,0.0,0.0
2023-09-29 00:00:00+08:00,0.08500000089406967,0.08500000089406967,0.08500000089406967,0.08500000089406967,0,0.0,0.0,0.0
2023-10-02 00:00:00+08:00,0.08500000089406967,0.08500000089406967,0.08500000089406967,0.08500000089406967,0,0.0,0.0,0.0
2023-10-03 00:00:00+08:00,0.08500000089406967,0.08500000089406967,0.08500000089406967,0.08500000089406967,0,0.0,0.0,0.0
2023-10-04 00:00:00+08:00,0.08500000089406967,0.08500000089406967,0.08500000089406967,0.08500000089406967,0,0.0,0.0,0.0
2023-10-05 00:00:00+08:00,0.08500000089406967,0.08500000089406967,0.08500000089406967,0.08500000089406967,0,0.0,0.0,0.0
2023-10-06 00:00:00+08:00,0.08500000089406967,0.08500000089406967,0.08500000089406967,0.08500000089406967,0,0.0,0.0,0.0
2023-10-09 00:00:00+08:00,0.08500000089406967,0.08500000089406967,0.08500000089406967,0.08500000089406967,0,0.0,0.0,0.0
2023-10-10 00:00:00+08:00,0.08500000089406967,0.08500000089406967,0.08500000089406967,0.08500000089406967,0,0.0,0.0,0.0
2023-10-11 00:00:00+08:00,0.08500000089406967,0.08500000089406967,0.08500000089406967,0.08500000089406967,0,0.0,0.0,0.0
2023-10-12 00:00:00+08:00,0.08500000089406967,0.08500000089406967,0.08500000089406967,0.08500000089406967,0,0.0,0.0,0.0
2023-10-13 00:00:00+08:00,0.08500000089406967,0.08500000089406967,0.08500000089406967,0.08500000089406967,0,0.0,0.0,0.0
2023-10-16 00:00:00+08:00,0.08500000089406967,0.08500000089406967,0.08500000089406967,0.08500000089406967,0,0.0,0.0,0.0
2023-10-17 00:00:00+08:00,0.08500000089406967,0.08500000089406967,0.08500000089406967,0.08500000089406967,0,0.0,0.0,0.0
2023-10-18 00:00:00+08:00,0.08500000089406967,0.08500000089406967,0.08500000089406967,0.08500000089406967,0,0.0,0.0,0.0
2023-10-19 00:00:00+08:00,0.08500000089406967,0.08500000089406967,0.08500000089406967,0.08500000089406967,0,0.0,0.0,0.0
2023-10-20 00:00:00+08:00,0.08500000089406967,0.08500000089406967,0.08500000089406967,0.08500000089406967,0,0.0,0.0,0.0
2023-10-23 00:00:00+08:00,0.08500000089406967,0.08500000089406967,0.08500000089406967,0.08500000089406967,0,0.0,0.0,0.0
2023-10-24 00:00:00+08:00,0.08500000089406967,0.08500000089406967,0.08500000089406967,0.08500000089406967,0,0.0,0.0,0.0
2023-10-25 00:00:00+08:00,0.08500000089406967,0.08500000089406967,0.08500000089406967,0.08500000089406967,0,0.0,0.0,0.0
2023-10-26 00:00:00+08:00,0.08500000089406967,0.08500000089406967,0.08500000089406967,0.08500000089406967,0,0.0,0.0,0.0
2023-10-27 00:00:00+08:00,0.08500000089406967,0.08500000089406967,0.08500000089406967,0.08500000089406967,0,0.0,0.0,0.0
2023-10-30 00:00:00+08:00,0.08500000089406967,0.08500000089406967,0.08500000089406967,0.08500000089406967,0,0.0,0.0,0.0
2023-10-31 00:00:00+08:00,0.08500000089406967,0.08500000089406967,0.08500000089406967,0.08500000089406967,0,0.0,0.0,0.0
2023-11-01 00:00:00+08:00,0.08500000089406967,0.08500000089406967,0.08500000089406967,0.08500000089406967,0,0.0,0.0,0.0
2023-11-02 00:00:00+08:00,0.08500000089406967,0.08500000089406967,0.08500000089406967,0.08500000089406967,0,0.0,0.0,0.0
2023-11-03 00:00:00+08:00,0.08500000089406967,0.08500000089406967,0.08500000089406967,0.08500000089406967,0,0.0,0.0,0.0
2023-11-06 00:00:00+08:00,0.08500000089406967,0.08500000089406967,0.08500000089406967,0.08500000089406967,0,0.0,0.0,0.0
2023-11-07 00:00:00+08:00,0.08500000089406967,0.08500000089406967,0.08500000089406967,0.08500000089406967,0,0.0,0.0,0.0
2023-11-08 00:00:00+08:00,0.08500000089406967,0.08500000089406967,0.08500000089406967,0.08500000089406967,0,0.0,0.0,0.0
2023-11-09 00:00:00+08:00,0.08500000089406967,0.08500000089406967,0.08500000089406967,0.08500000089406967,0,0.0,0.0,0.0
2023-11-10 00:00:00+08:00,0.08500000089406967,0.08500000089406967,0.08500000089406967,0.08500000089406967,0,0.0,0.0,0.0
2023-11-14 00:00:00+08:00,0.08500000089406967,0.08500000089406967,0.08500000089406967,0.08500000089406967,0,0.0,0.0,0.0
2023-11-15 00:00:00+08:00,0.08500000089406967,0.08500000089406967,0.08500000089406967,0.08500000089406967,0,0.0,0.0,0.0
2023-11-16 00:00:00+08:00,0.08500000089406967,0.08500000089406967,0.08500000089406967,0.08500000089406967,0,0.0,0.0,0.0
2023-11-17 00:00:00+08:00,0.08500000089406967,0.08500000089406967,0.08500000089406967,0.08500000089406967,0,0.0,0.0,0.0
2023-11-20 00:00:00+08:00,0.08500000089406967,0.08500000089406967,0.08500000089406967,0.08500000089406967,0,0.0,0.0,0.0
2023-11-21 00:00:00+08:00,0.08500000089406967,0.08500000089406967,0.08500000089406967,0.08500000089406967,0,0.0,0.0,0.0
2023-11-22 00:00:00+08:00,0.08500000089406967,0.08500000089406967,0.08500000089406967,0.08500000089406967,0,0.0,0.0,0.0
2023-11-23 00:00:00+08:00,0.08500000089406967,0.08500000089406967,0.08500000089406967,0.08500000089406967,0,0.0,0.0,0.0
2023-11-24 00:00:00+08:00,0.08500000089406967,0.08500000089406967,0.08500000089406967,0.08500000089406967,0,0.0,0.0,0.0
2023-11-27 00:00:00+08:00,0.08500000089406967,0.08500000089406967,0.08500000089406967,0.08500000089406967,0,0.0,0.0,0.0
2023-11-28 00:00:00+08:00,0.08500000089406967,0.08500000089406967,0.08500000089406967,0.08500000089406967,0,0.0,0.0,0.0
2023-11-29 00:00:00+08:00,0.08500000089406967,0.08500000089406967,0.08500000089406967,0.08500000089406967,0,0.0,0.0,0.0
2023-11-30 00:00:00+08:00,0.08500000089406967,0.08500000089406967,0.08500000089406967,0.08500000089406967,0,0.0,0.0,0.0
2023-12-01 00:00:00+08:00,0.08500000089406967,0.08500000089406967,0.08500000089406967,0.08500000089406967,0,0.0,0.0,0.0
2023-12-04 00:00:00+08:00,0.08500000089406967,0.08500000089406967,0.08500000089406967,0.08500000089406967,0,0.0,0.0,0.0
2023-12-05 00:00:00+08:00,0.08500000089406967,0.08500000089406967,0.08500000089406967,0.08500000089406967,0,0.0,0.0,0.0
2023-12-06 00:00:00+08:00,0.08500000089406967,0.08500000089406967,0.08500000089406967,0.08500000089406967,0,0.0,0.0,0.0
2023-12-07 00:00:00+08:00,0.08500000089406967,0.08500000089406967,0.08500000089406967,0.08500000089406967,0,0.0,0.0,0.0
2023-12-08 00:00:00+08:00,0.08500000089406967,0.08500000089406967,0.08500000089406967,0.08500000089406967,0,0.0,0.0,0.0
2023-12-11 00:00:00+08:00,0.08500000089406967,0.08500000089406967,0.08500000089406967,0.08500000089406967,0,0.0,0.0,0.0
2023-12-12 00:00:00+08:00,0.08500000089406967,0.08500000089406967,0.08500000089406967,0.08500000089406967,0,0.0,0.0,0.0
2023-12-13 00:00:00+08:00,0.08500000089406967,0.08500000089406967,0.08500000089406967,0.08500000089406967,0,0.0,0.0,0.0
2023-12-14 00:00:00+08:00,0.08500000089406967,0.08500000089406967,0.08500000089406967,0.08500000089406967,0,0.0,0.0,0.0
2023-12-15 00:00:00+08:00,0.08500000089406967,0.08500000089406967,0.08500000089406967,0.08500000089406967,0,0.0,0.0,0.0
2023-12-18 00:00:00+08:00,0.08500000089406967,0.08500000089406967,0.08500000089406967,0.08500000089406967,0,0.0,0.0,0.0
2023-12-19 00:00:00+08:00,0.08500000089406967,0.08500000089406967,0.08500000089406967,0.08500000089406967,0,0.0,0.0,0.0
2023-12-20 00:00:00+08:00,0.08500000089406967,0.08500000089406967,0.08500000089406967,0.08500000089406967,0,0.0,0.0,0.0
2023-12-21 00:00:00+08:00,0.08500000089406967,0.08500000089406967,0.08500000089406967,0.08500000089406967,0,0.0,0.0,0.0
2023-12-22 00:00:00+08:00,0.08500000089406967,0.08500000089406967,0.08500000089406967,0.08500000089406967,0,0.0,0.0,0.0
2023-12-26 00:00:00+08:00,0.08500000089406967,0.08500000089406967,0.08500000089406967,0.08500000089406967,0,0.0,0.0,0.0
2023-12-27 00:00:00+08:00,0.08500000089406967,0.08500000089406967,0.08500000089406967,0.08500000089406967,0,0.0,0.0,0.0
2023-12-28 00:00:00+08:00,0.08500000089406967,0.08500000089406967,0.08500000089406967,0.08500000089406967,0,0.0,0.0,0.0
2023-12-29 00:00:00+08:00,0.08500000089406967,0.08500000089406967,0.08500000089406967,0.08500000089406967,0,0.0,0.0,0.0
2024-01-02 00:00:00+08:00,0.08500000089406967,0.08500000089406967,0.08500000089406967,0.08500000089406967,0,0.0,0.0,0.0
2024-01-03 00:00:00+08:00,0.08500000089406967,0.08500000089406967,0.08500000089406967,0.08500000089406967,0,0.0,0.0,0.0
2024-01-04 00:00:00+08:00,0.08500000089406967,0.08500000089406967,0.08500000089406967,0.08500000089406967,0,0.0,0.0,0.0
2024-01-05 00:00:00+08:00,0.08500000089406967,0.08500000089406967,0.08500000089406967,0.08500000089406967,0,0.0,0.0,0.0
2024-01-08 00:00:00+08:00,0.08500000089406967,0.08500000089406967,0.08500000089406967,0.08500000089406967,0,0.0,0.0,0.0
2024-01-09 00:00:00+08:00,0.08500000089406967,0.08500000089406967,0.08500000089406967,0.08500000089406967,0,0.0,0.0,0.0
2024-01-10 00:00:00+08:00,0.08500000089406967,0.08500000089406967,0.08500000089406967,0.08500000089406967,0,0.0,0.0,0.0
2024-01-11 00:00:00+08:00,0.08500000089406967,0.08500000089406967,0.08500000089406967,0.08500000089406967,0,0.0,0.0,0.0
2024-01-12 00:00:00+08:00,0.08500000089406967,0.08500000089406967,0.08500000089406967,0.08500000089406967,0,0.0,0.0,0.0
2024-01-15 00:00:00+08:00,0.08500000089406967,0.08500000089406967,0.08500000089406967,0.08500000089406967,0,0.0,0.0,0.0
2024-01-16 00:00:00+08:00,0.08500000089406967,0.08500000089406967,0.08500000089406967,0.08500000089406967,0,0.0,0.0,0.0
2024-01-17 00:00:00+08:00,0.08500000089406967,0.08500000089406967,0.08500000089406967,0.08500000089406967,0,0.0,0.0,0.0
2024-01-18 00:00:00+08:00,0.08500000089406967,0.08500000089406967,0.08500000089406967,0.08500000089406967,0,0.0,0.0,0.0
2024-01-19 00:00:00+08:00,0.08500000089406967,0.08500000089406967,0.08500000089406967,0.08500000089406967,0,0.0,0.0,0.0
2024-01-22 00:00:00+08:00,0.08500000089406967,0.08500000089406967,0.08500000089406967,0.08500000089406967,0,0.0,0.0,0.0
2024-01-23 00:00:00+08:00,0.08500000089406967,0.08500000089406967,0.08500000089406967,0.08500000089406967,0,0.0,0.0,0.0
2024-01-24 00:00:00+08:00,0.08500000089406967,0.08500000089406967,0.08500000089406967,0.08500000089406967,0,0.0,0.0,0.0
2024-01-25 00:00:00+08:00,0.08500000089406967,0.08500000089406967,0.08500000089406967,0.08500000089406967,0,0.0,0.0,0.0
2024-01-26 00:00:00+08:00,0.08500000089406967,0.08500000089406967,0.08500000089406967,0.08500000089406967,0,0.0,0.0,0.0
2024-01-29 00:00:00+08:00,0.08500000089406967,0.08500000089406967,0.08500000089406967,0.08500000089406967,0,0.0,0.0,0.0
2024-01-30 00:00:00+08:00,0.08500000089406967,0.08500000089406967,0.08500000089406967,0.08500000089406967,0,0.0,0.0,0.0
2024-01-31 00:00:00+08:00,0.08500000089406967,0.08500000089406967,0.08500000089406967,0.08500000089406967,0,0.0,0.0,0.0
2024-02-01 00:00:00+08:00,0.08500000089406967,0.08500000089406967,0.08500000089406967,0.08500000089406967,0,0.0,0.0,0.0
2024-02-02 00:00:00+08:00,0.08500000089406967,0.08500000089406967,0.08500000089406967,0.08500000089406967,0,0.0,0.0,0.0
2024-02-05 00:00:00+08:00,0.08500000089406967,0.08500000089406967,0.08500000089406967,0.08500000089406967,0,0.0,0.0,0.0
2024-02-06 00:00:00+08:00,0.08500000089406967,0.08500000089406967,0.08500000089406967,0.08500000089406967,0,0.0,0.0,0.0
2024-02-07 00:00:00+08:00,0.08500000089406967,0.08500000089406967,0.08500000089406967,0.08500000089406967,0,0.0,0.0,0.0
2024-02-08 00:00:00+08:00,0.08500000089406967,0.08500000089406967,0.08500000089406967,0.08500000089406967,0,0.0,0.0,0.0
2024-02-09 00:00:00+08:00,0.08500000089406967,0.08500000089406967,0.08500000089406967,0.08500000089406967,0,0.0,0.0,0.0
2024-02-13 00:00:00+08:00,0.08500000089406967,0.08500000089406967,0.08500000089406967,0.08500000089406967,0,0.0,0.0,0.0
2024-02-14 00:00:00+08:00,0.08500000089406967,0.08500000089406967,0.08500000089406967,0.08500000089406967,0,0.0,0.0,0.0
2024-02-15 00:00:00+08:00,0.08500000089406967,0.08500000089406967,0.08500000089406967,0.08500000089406967,0,0.0,0.0,0.0
2024-02-16 00:00:00+08:00,0.08500000089406967,0.08500000089406967,0.08500000089406967,0.08500000089406967,0,0.0,0.0,0.0
2024-02-19 00:00:00+08:00,0.08500000089406967,0.08500000089406967,0.08500000089406967,0.08500000089406967,0,0.0,0.0,0.0
2024-02-20 00:00:00+08:00,0.08500000089406967,0.08500000089406967,0.08500000089406967,0.08500000089406967,0,0.0,0.0,0.0
2024-02-21 00:00:00+08:00,0.08500000089406967,0.08500000089406967,0.08500000089406967,0.08500000089406967,0,0.0,0.0,0.0
2024-02-22 00:00:00+08:00,0.08500000089406967,0.08500000089406967,0.08500000089406967,0.08500000089406967,0,0.0,0.0,0.0
2024-02-23 00:00:00+08:00,0.08500000089406967,0.08500000089406967,0.08500000089406967,0.08500000089406967,0,0.0,0.0,0.0
2024-02-26 00:00:00+08:00,0.08500000089406967,0.08500000089406967,0.08500000089406967,0.08500000089406967,0,0.0,0.0,0.0
2024-02-27 00:00:00+08:00,0.08500000089406967,0.08500000089406967,0.08500000089406967,0.08500000089406967,0,0.0,0.0,0.0
2024-02-28 00:00:00+08:00,0.08500000089406967,0.08500000089406967,0.08500000089406967,0.08500000089406967,0,0.0,0.0,0.0
2024-02-29 00:00:00+08:00,0.08500000089406967,0.08500000089406967,0.08500000089406967,0.08500000089406967,0,0.0,0.0,0.0
2024-03-01 00:00:00+08:00,0.08500000089406967,0.08500000089406967,0.08500000089406967,0.08500000089406967,0,0.0,0.0,0.0
2024-03-04 00:00:00+08:00,0.08500000089406967,0.08500000089406967,0.08500000089406967,0.08500000089406967,0,0.0,0.0,0.0
2024-03-05 00:00:00+08:00,0.08500000089406967,0.08500000089406967,0.08500000089406967,0.08500000089406967,0,0.0,0.0,0.0
2024-03-06 00:00:00+08:00,0.08500000089406967,0.08500000089406967,0.08500000089406967,0.08500000089406967,0,0.0,0.0,0.0
2024-03-07 00:00:00+08:00,0.08500000089406967,0.08500000089406967,0.08500000089406967,0.08500000089406967,0,0.0,0.0,0.0
2024-03-08 00:00:00+08:00,0.08500000089406967,0.08500000089406967,0.08500000089406967,0.08500000089406967,0,0.0,0.0,0.0
2024-03-11 00:00:00+08:00,0.08500000089406967,0.08500000089406967,0.08500000089406967,0.08500000089406967,0,0.0,0.0,0.0
2024-03-12 00:00:00+08:00,0.08500000089406967,0.08500000089406967,0.08500000089406967,0.08500000089406967,0,0.0,0.0,0.0
2024-03-13 00:00:00+08:00,0.08500000089406967,0.08500000089406967,0.08500000089406967,0.08500000089406967,0,0.0,0.0,0.0
2024-03-14 00:00:00+08:00,0.08500000089406967,0.08500000089406967,0.08500000089406967,0.08500000089406967,0,0.0,0.0,0.0
2024-03-15 00:00:00+08:00,0.08500000089406967,0.08500000089406967,0.08500000089406967,0.08500000089406967,0,0.0,0.0,0.0
2024-03-18 00:00:00+08:00,0.08500000089406967,0.08500000089406967,0.08500000089406967,0.08500000089406967,0,0.0,0.0,0.0
2024-03-19 00:00:00+08:00,0.08500000089406967,0.08500000089406967,0.08500000089406967,0.08500000089406967,0,0.0,0.0,0.0
2024-03-20 00:00:00+08:00,0.08500000089406967,0.08500000089406967,0.08500000089406967,0.08500000089406967,0,0.0,0.0,0.0
2024-03-21 00:00:00+08:00,0.08500000089406967,0.08500000089406967,0.08500000089406967,0.08500000089406967,0,0.0,0.0,0.0
2024-03-22 00:00:00+08:00,0.08500000089406967,0.08500000089406967,0.08500000089406967,0.08500000089406967,0,0.0,0.0,0.0
2024-03-25 00:00:00+08:00,0.08500000089406967,0.08500000089406967,0.08500000089406967,0.08500000089406967,0,0.0,0.0,0.0
2024-03-26 00:00:00+08:00,0.08500000089406967,0.08500000089406967,0.08500000089406967,0.08500000089406967,0,0.0,0.0,0.0
2024-03-27 00:00:00+08:00,0.08500000089406967,0.08500000089406967,0.08500000089406967,0.08500000089406967,0,0.0,0.0,0.0
2024-03-28 00:00:00+08:00,0.08500000089406967,0.08500000089406967,0.08500000089406967,0.08500000089406967,0,0.0,0.0,0.0
2024-04-01 00:00:00+08:00,0.08500000089406967,0.08500000089406967,0.08500000089406967,0.08500000089406967,0,0.0,0.0,0.0
2024-04-02 00:00:00+08:00,0.08500000089406967,0.08500000089406967,0.08500000089406967,0.08500000089406967,0,0.0,0.0,0.0
2024-04-03 00:00:00+08:00,0.08500000089406967,0.08500000089406967,0.08500000089406967,0.08500000089406967,0,0.0,0.0,0.0
2024-04-04 00:00:00+08:00,0.08500000089406967,0.08500000089406967,0.08500000089406967,0.08500000089406967,0,0.0,0.0,0.0
2024-04-05 00:00:00+08:00,0.08500000089406967,0.08500000089406967,0.08500000089406967,0.08500000089406967,0,0.0,0.0,0.0
2024-04-08 00:00:00+08:00,0.08500000089406967,0.08500000089406967,0.08500000089406967,0.08500000089406967,0,0.0,0.0,0.0
2024-04-09 00:00:00+08:00,0.08500000089406967,0.08500000089406967,0.08500000089406967,0.08500000089406967,0,0.0,0.0,0.0
2024-04-11 00:00:00+08:00,0.08500000089406967,0.08500000089406967,0.08500000089406967,0.08500000089406967,0,0.0,0.0,0.0
2024-04-12 00:00:00+08:00,0.08500000089406967,0.08500000089406967,0.08500000089406967,0.08500000089406967,0,0.0,0.0,0.0
2024-04-15 00:00:00+08:00,0.08500000089406967,0.08500000089406967,0.08500000089406967,0.08500000089406967,0,0.0,0.0,0.0
2024-04-16 00:00:00+08:00,0.08500000089406967,0.08500000089406967,0.08500000089406967,0.08500000089406967,0,0.0,0.0,0.0
2024-04-17 00:00:00+08:00,0.08500000089406967,0.08500000089406967,0.08500000089406967,0.08500000089406967,0,0.0,0.0,0.0
2024-04-18 00:00:00+08:00,0.08500000089406967,0.08500000089406967,0.08500000089406967,0.08500000089406967,0,0.0,0.0,0.0
2024-04-19 00:00:00+08:00,0.08500000089406967,0.08500000089406967,0.08500000089406967,0.08500000089406967,0,0.0,0.0,0.0
2024-04-22 00:00:00+08:00,0.08500000089406967,0.08500000089406967,0.08500000089406967,0.08500000089406967,0,0.0,0.0,0.0
2024-04-23 00:00:00+08:00,0.08500000089406967,0.08500000089406967,0.08500000089406967,0.08500000089406967,0,0.0,0.0,0.0
2024-04-24 00:00:00+08:00,0.08500000089406967,0.08500000089406967,0.08500000089406967,0.08500000089406967,0,0.0,0.0,0.0
2024-04-25 00:00:00+08:00,0.08500000089406967,0.08500000089406967,0.08500000089406967,0.08500000089406967,0,0.0,0.0,0.0
2024-04-26 00:00:00+08:00,0.08500000089406967,0.08500000089406967,0.08500000089406967,0.08500000089406967,0,0.0,0.0,0.0
2024-04-29 00:00:00+08:00,0.08500000089406967,0.08500000089406967,0.08500000089406967,0.08500000089406967,0,0.0,0.0,0.0
2024-04-30 00:00:00+08:00,0.08500000089406967,0.08500000089406967,0.08500000089406967,0.08500000089406967,0,0.0,0.0,0.0
2024-05-02 00:00:00+08:00,0.08500000089406967,0.08500000089406967,0.08500000089406967,0.08500000089406967,0,0.0,0.0,0.0
2024-05-03 00:00:00+08:00,0.08500000089406967,0.08500000089406967,0.08500000089406967,0.08500000089406967,0,0.0,0.0,0.0
2024-05-06 00:00:00+08:00,0.08500000089406967,0.08500000089406967,0.08500000089406967,0.08500000089406967,0,0.0,0.0,0.0
2024-05-07 00:00:00+08:00,0.08500000089406967,0.08500000089406967,0.08500000089406967,0.08500000089406967,0,0.0,0.0,0.0
2024-05-08 00:00:00+08:00,0.08500000089406967,0.08500000089406967,0.08500000089406967,0.08500000089406967,0,0.0,0.0,0.0
2024-05-09 00:00:00+08:00,0.08500000089406967,0.08500000089406967,0.08500000089406967,0.08500000089406967,0,0.0,0.0,0.0
2024-05-10 00:00:00+08:00,0.08500000089406967,0.08500000089406967,0.08500000089406967,0.08500000089406967,0,0.0,0.0,0.0
2024-05-13 00:00:00+08:00,0.08500000089406967,0.08500000089406967,0.08500000089406967,0.08500000089406967,0,0.0,0.0,0.0
2024-05-14 00:00:00+08:00,0.08500000089406967,0.08500000089406967,0.08500000089406967,0.08500000089406967,0,0.0,0.0,0.0
2024-05-15 00:00:00+08:00,0.08500000089406967,0.08500000089406967,0.08500000089406967,0.08500000089406967,0,0.0,0.0,0.0
2024-05-16 00:00:00+08:00,0.08500000089406967,0.08500000089406967,0.08500000089406967,0.08500000089406967,0,0.0,0.0,0.0
2024-05-17 00:00:00+08:00,0.08500000089406967,0.08500000089406967,0.08500000089406967,0.08500000089406967,0,0.0,0.0,0.0
2024-05-20 00:00:00+08:00,0.08500000089406967,0.08500000089406967,0.08500000089406967,0.08500000089406967,0,0.0,0.0,0.0
2024-05-21 00:00:00+08:00,0.08500000089406967,0.08500000089406967,0.08500000089406967,0.08500000089406967,0,0.0,0.0,0.0
2024-05-23 00:00:00+08:00,0.08500000089406967,0.08500000089406967,0.08500000089406967,0.08500000089406967,0,0.0,0.0,0.0
2024-05-24 00:00:00+08:00,0.08500000089406967,0.08500000089406967,0.08500000089406967,0.08500000089406967,0,0.0,0.0,0.0
2024-05-27 00:00:00+08:00,0.08500000089406967,0.08500000089406967,0.08500000089406967,0.08500000089406967,0,0.0,0.0,0.0
2024-05-28 00:00:00+08:00,0.08500000089406967,0.08500000089406967,0.08500000089406967,0.08500000089406967,0,0.0,0.0,0.0
2024-05-29 00:00:00+08:00,0.08500000089406967,0.08500000089406967,0.08500000089406967,0.08500000089406967,0,0.0,0.0,0.0
2024-05-30 00:00:00+08:00,0.08500000089406967,0.08500000089406967,0.08500000089406967,0.08500000089406967,0,0.0,0.0,0.0
2024-05-31 00:00:00+08:00,0.08500000089406967,0.08500000089406967,0.08500000089406967,0.08500000089406967,0,0.0,0.0,0.0
2024-06-03 00:00:00+08:00,0.08500000089406967,0.08500000089406967,0.08500000089406967,0.08500000089406967,0,0.0,0.0,0.0
2024-06-04 00:00:00+08:00,0.08500000089406967,0.08500000089406967,0.08500000089406967,0.08500000089406967,0,0.0,0.0,0.0
2024-06-05 00:00:00+08:00,0.08500000089406967,0.08500000089406967,0.08500000089406967,0.08500000089406967,0,0.0,0.0,0.0
2024-06-06 00:00:00+08:00,0.08500000089406967,0.08500000089406967,0.08500000089406967,0.08500000089406967,0,0.0,0.0,0.0
2024-06-07 00:00:00+08:00,0.08500000089406967,0.08500000089406967,0.08500000089406967,0.08500000089406967,0,0.0,0.0,0.0
2024-06-10 00:00:00+08:00,0.08500000089406967,0.08500000089406967,0.08500000089406967,0.08500000089406967,0,0.0,0.0,0.0
2024-06-11 00:00:00+08:00,0.08500000089406967,0.08500000089406967,0.08500000089406967,0.08500000089406967,0,0.0,0.0,0.0
2024-06-12 00:00:00+08:00,0.08500000089406967,0.08500000089406967,0.08500000089406967,0.08500000089406967,0,0.0,0.0,0.0
2024-06-13 00:00:00+08:00,0.08500000089406967,0.08500000089406967,0.08500000089406967,0.08500000089406967,0,0.0,0.0,0.0
2024-06-14 00:00:00+08:00,0.08500000089406967,0.08500000089406967,0.08500000089406967,0.08500000089406967,0,0.0,0.0,0.0
2024-06-18 00:00:00+08:00,0.08500000089406967,0.08500000089406967,0.08500000089406967,0.08500000089406967,0,0.0,0.0,0.0
2024-06-19 00:00:00+08:00,0.08500000089406967,0.08500000089406967,0.08500000089406967,0.08500000089406967,0,0.0,0.0,0.0
2024-06-20 00:00:00+08:00,0.08500000089406967,0.08500000089406967,0.08500000089406967,0.08500000089406967,0,0.0,0.0,0.0
2024-06-21 00:00:00+08:00,0.08500000089406967,0.08500000089406967,0.08500000089406967,0.08500000089406967,0,0.0,0.0,0.0
2024-06-24 00:00:00+08:00,0.08500000089406967,0.08500000089406967,0.08500000089406967,0.08500000089406967,0,0.0,0.0,0.0
2024-06-25 00:00:00+08:00,0.08500000089406967,0.08500000089406967,0.08500000089406967,0.08500000089406967,0,0.0,0.0,0.0
2024-06-26 00:00:00+08:00,0.08500000089406967,0.08500000089406967,0.08500000089406967,0.08500000089406967,0,0.0,0.0,0.0
2024-06-27 00:00:00+08:00,0.08500000089406967,0.08500000089406967,0.08500000089406967,0.08500000089406967,0,0.0,0.0,0.0
2024-06-28 00:00:00+08:00,0.08500000089406967,0.08500000089406967,0.08500000089406967,0.08500000089406967,0,0.0,0.0,0.0
2024-07-01 00:00:00+08:00,0.08500000089406967,0.08500000089406967,0.08500000089406967,0.08500000089406967,0,0.0,0.0,0.0
2024-07-02 00:00:00+08:00,0.08500000089406967,0.08500000089406967,0.08500000089406967,0.08500000089406967,0,0.0,0.0,0.0
2024-07-03 00:00:00+08:00,0.08500000089406967,0.08500000089406967,0.08500000089406967,0.08500000089406967,0,0.0,0.0,0.0
2024-07-04 00:00:00+08:00,0.08500000089406967,0.08500000089406967,0.08500000089406967,0.08500000089406967,0,0.0,0.0,0.0
2024-07-05 00:00:00+08:00,0.08500000089406967,0.08500000089406967,0.08500000089406967,0.08500000089406967,0,0.0,0.0,0.0
2024-07-08 00:00:00+08:00,0.08500000089406967,0.08500000089406967,0.08500000089406967,0.08500000089406967,0,0.0,0.0,0.0
2024-07-09 00:00:00+08:00,0.08500000089406967,0.08500000089406967,0.08500000089406967,0.08500000089406967,0,0.0,0.0,0.0
2024-07-10 00:00:00+08:00,0.08500000089406967,0.08500000089406967,0.08500000089406967,0.08500000089406967,0,0.0,0.0,0.0
2024-07-11 00:00:00+08:00,0.08500000089406967,0.08500000089406967,0.08500000089406967,0.08500000089406967,0,0.0,0.0,0.0
2024-07-12 00:00:00+08:00,0.08500000089406967,0.08500000089406967,0.08500000089406967,0.08500000089406967,0,0.0,0.0,0.0
2024-07-15 00:00:00+08:00,0.08500000089406967,0.08500000089406967,0.08500000089406967,0.08500000089406967,0,0.0,0.0,0.0
2024-07-16 00:00:00+08:00,0.08500000089406967,0.08500000089406967,0.08500000089406967,0.08500000089406967,0,0.0,0.0,0.0
2024-07-17 00:00:00+08:00,0.08500000089406967,0.08500000089406967,0.08500000089406967,0.08500000089406967,0,0.0,0.0,0.0
2024-07-18 00:00:00+08:00,0.08500000089406967,0.08500000089406967,0.08500000089406967,0.08500000089406967,0,0.0,0.0,0.0
2024-07-19 00:00:00+08:00,0.08500000089406967,0.08500000089406967,0.08500000089406967,0.08500000089406967,0,0.0,0.0,0.0
2024-07-22 00:00:00+08:00,0.08500000089406967,0.08500000089406967,0.08500000089406967,0.08500000089406967,0,0.0,0.0,0.0
2024-07-23 00:00:00+08:00,0.08500000089406967,0.08500000089406967,0.08500000089406967,0.08500000089406967,0,0.0,0.0,0.0
2024-07-24 00:00:00+08:00,0.08500000089406967,0.08500000089406967,0.08500000089406967,0.08500000089406967,0,0.0,0.0,0.0
2024-07-25 00:00:00+08:00,0.08500000089406967,0.08500000089406967,0.08500000089406967,0.08500000089406967,0,0.0,0.0,0.0
2024-07-26 00:00:00+08:00,0.08500000089406967,0.08500000089406967,0.08500000089406967,0.08500000089406967,0,0.0,0.0,0.0
2024-07-29 00:00:00+08:00,0.08500000089406967,0.08500000089406967,0.08500000089406967,0.08500000089406967,0,0.0,0.0,0.0
2024-07-30 00:00:00+08:00,0.08500000089406967,0.08500000089406967,0.08500000089406967,0.08500000089406967,0,0.0,0.0,0.0
2024-07-31 00:00:00+08:00,0.08500000089406967,0.08500000089406967,0.08500000089406967,0.08500000089406967,0,0.0,0.0,0.0
2024-08-01 00:00:00+08:00,0.08500000089406967,0.08500000089406967,0.08500000089406967,0.08500000089406967,0,0.0,0.0,0.0
2024-08-02 00:00:00+08:00,0.08500000089406967,0.08500000089406967,0.08500000089406967,0.08500000089406967,0,0.0,0.0,0.0
2024-08-05 00:00:00+08:00,0.08500000089406967,0.08500000089406967,0.08500000089406967,0.08500000089406967,0,0.0,0.0,0.0
2024-08-06 00:00:00+08:00,0.08500000089406967,0.08500000089406967,0.08500000089406967,0.08500000089406967,0,0.0,0.0,0.0
2024-08-07 00:00:00+08:00,0.08500000089406967,0.08500000089406967,0.08500000089406967,0.08500000089406967,0,0.0,0.0,0.0
2024-08-08 00:00:00+08:00,0.08500000089406967,0.08500000089406967,0.08500000089406967,0.08500000089406967,0,0.0,0.0,0.0
2024-08-12 00:00:00+08:00,0.08500000089406967,0.08500000089406967,0.08500000089406967,0.08500000089406967,0,0.0,0.0,0.0
2024-08-13 00:00:00+08:00,0.08500000089406967,0.08500000089406967,0.08500000089406967,0.08500000089406967,0,0.0,0.0,0.0
2024-08-14 00:00:00+08:00,0.08500000089406967,0.08500000089406967,0.08500000089406967,0.08500000089406967,0,0.0,0.0,0.0
2024-08-15 00:00:00+08:00,0.08500000089406967,0.08500000089406967,0.08500000089406967,0.08500000089406967,0,0.0,0.0,0.0
2024-08-16 00:00:00+08:00,0.08500000089406967,0.08500000089406967,0.08500000089406967,0.08500000089406967,0,0.0,0.0,0.0
2024-08-19 00:00:00+08:00,0.08500000089406967,0.08500000089406967,0.08500000089406967,0.08500000089406967,0,0.0,0.0,0.0
2024-08-20 00:00:00+08:00,0.08500000089406967,0.08500000089406967,0.08500000089406967,0.08500000089406967,0,0.0,0.0,0.0
2024-08-21 00:00:00+08:00,0.08500000089406967,0.08500000089406967,0.08500000089406967,0.08500000089406967,0,0.0,0.0,0.0
2024-08-22 00:00:00+08:00,0.08500000089406967,0.08500000089406967,0.08500000089406967,0.08500000089406967,0,0.0,0.0,0.0
2024-08-23 00:00:00+08:00,0.08500000089406967,0.08500000089406967,0.08500000089406967,0.08500000089406967,0,0.0,0.0,0.0
2024-08-26 00:00:00+08:00,0.08500000089406967,0.08500000089406967,0.08500000089406967,0.08500000089406967,0,0.0,0.0,0.0
2024-08-27 00:00:00+08:00,0.08500000089406967,0.08500000089406967,0.08500000089406967,0.08500000089406967,0,0.0,0.0,0.0
2024-08-28 00:00:00+08:00,0.08500000089406967,0.08500000089406967,0.08500000089406967,0.08500000089406967,0,0.0,0.0,0.0
2024-08-29 00:00:00+08:00,0.08500000089406967,0.08500000089406967,0.08500000089406967,0.08500000089406967,0,0.0,0.0,0.0
2024-08-30 00:00:00+08:00,0.08500000089406967,0.08500000089406967,0.08500000089406967,0.08500000089406967,0,0.0,0.0,0.0
2024-09-02 00:00:00+08:00,0.08500000089406967,0.08500000089406967,0.08500000089406967,0.08500000089406967,0,0.0,0.0,0.0
2024-09-03 00:00:00+08:00,0.08500000089406967,0.08500000089406967,0.08500000089406967,0.08500000089406967,0,0.0,0.0,0.0
2024-09-04 00:00:00+08:00,0.08500000089406967,0.08500000089406967,0.08500000089406967,0.08500000089406967,0,0.0,0.0,0.0
2024-09-05 00:00:00+08:00,0.08500000089406967,0.08500000089406967,0.08500000089406967,0.08500000089406967,0,0.0,0.0,0.0
2024-09-06 00:00:00+08:00,0.08500000089406967,0.08500000089406967,0.08500000089406967,0.08500000089406967,0,0.0,0.0,0.0
2024-09-09 00:00:00+08:00,0.08500000089406967,0.08500000089406967,0.08500000089406967,0.08500000089406967,0,0.0,0.0,0.0
2024-09-10 00:00:00+08:00,0.08500000089406967,0.08500000089406967,0.08500000089406967,0.08500000089406967,0,0.0,0.0,0.0
2024-09-11 00:00:00+08:00,0.08500000089406967,0.08500000089406967,0.08500000089406967,0.08500000089406967,0,0.0,0.0,0.0
2024-09-12 00:00:00+08:00,0.08500000089406967,0.08500000089406967,0.08500000089406967,0.08500000089406967,0,0.0,0.0,0.0
2024-09-13 00:00:00+08:00,0.08500000089406967,0.08500000089406967,0.08500000089406967,0.08500000089406967,0,0.0,0.0,0.0
2024-09-16 00:00:00+08:00,0.08500000089406967,0.08500000089406967,0.08500000089406967,0.08500000089406967,0,0.0,0.0,0.0
2024-09-17 00:00:00+08:00,0.08500000089406967,0.08500000089406967,0.08500000089406967,0.08500000089406967,0,0.0,0.0,0.0
2024-09-18 00:00:00+08:00,0.08500000089406967,0.08500000089406967,0.08500000089406967,0.08500000089406967,0,0.0,0.0,0.0
2024-09-19 00:00:00+08:00,0.08500000089406967,0.08500000089406967,0.08500000089406967,0.08500000089406967,0,0.0,0.0,0.0
2024-09-20 00:00:00+08:00,0.08500000089406967,0.08500000089406967,0.08500000089406967,0.08500000089406967,0,0.0,0.0,0.0
2024-09-23 00:00:00+08:00,0.08500000089406967,0.08500000089406967,0.08500000089406967,0.08500000089406967,0,0.0,0.0,0.0
2024-09-24 00:00:00+08:00,0.08500000089406967,0.08500000089406967,0.08500000089406967,0.08500000089406967,0,0.0,0.0,0.0
2024-09-25 00:00:00+08:00,0.08500000089406967,0.08500000089406967,0.08500000089406967,0.08500000089406967,0,0.0,0.0,0.0
2024-09-26 00:00:00+08:00,0.08500000089406967,0.08500000089406967,0.08500000089406967,0.08500000089406967,0,0.0,0.0,0.0
2024-09-27 00:00:00+08:00,0.08500000089406967,0.08500000089406967,0.08500000089406967,0.08500000089406967,0,0.0,0.0,0.0
2024-09-30 00:00:00+08:00,0.08500000089406967,0.08500000089406967,0.08500000089406967,0.08500000089406967,0,0.0,0.0,0.0
2024-10-01 00:00:00+08:00,0.08500000089406967,0.08500000089406967,0.08500000089406967,0.08500000089406967,0,0.0,0.0,0.0
2024-10-02 00:00:00+08:00,0.08500000089406967,0.08500000089406967,0.08500000089406967,0.08500000089406967,0,0.0,0.0,0.0
2024-10-03 00:00:00+08:00,0.08500000089406967,0.08500000089406967,0.08500000089406967,0.08500000089406967,0,0.0,0.0,0.0
2024-10-04 00:00:00+08:00,0.08500000089406967,0.08500000089406967,0.08500000089406967,0.08500000089406967,0,0.0,0.0,0.0
2024-10-07 00:00:00+08:00,0.08500000089406967,0.08500000089406967,0.08500000089406967,0.08500000089406967,0,0.0,0.0,0.0
2024-10-08 00:00:00+08:00,0.08500000089406967,0.08500000089406967,0.08500000089406967,0.08500000089406967,0,0.0,0.0,0.0
2024-10-09 00:00:00+08:00,0.08500000089406967,0.08500000089406967,0.08500000089406967,0.08500000089406967,0,0.0,0.0,0.0
2024-10-10 00:00:00+08:00,0.08500000089406967,0.08500000089406967,0.08500000089406967,0.08500000089406967,0,0.0,0.0,0.0
2024-10-11 00:00:00+08:00,0.08500000089406967,0.08500000089406967,0.08500000089406967,0.08500000089406967,0,0.0,0.0,0.0
2024-10-14 00:00:00+08:00,0.08500000089406967,0.08500000089406967,0.08500000089406967,0.08500000089406967,0,0.0,0.0,0.0
2024-10-15 00:00:00+08:00,0.08500000089406967,0.08500000089406967,0.08500000089406967,0.08500000089406967,0,0.0,0.0,0.0
2024-10-16 00:00:00+08:00,0.08500000089406967,0.08500000089406967,0.08500000089406967,0.08500000089406967,0,0.0,0.0,0.0
2024-10-17 00:00:00+08:00,0.08500000089406967,0.08500000089406967,0.08500000089406967,0.08500000089406967,0,0.0,0.0,0.0
2024-10-18 00:00:00+08:00,0.08500000089406967,0.08500000089406967,0.08500000089406967,0.08500000089406967,0,0.0,0.0,0.0
2024-10-21 00:00:00+08:00,0.08500000089406967,0.08500000089406967,0.08500000089406967,0.08500000089406967,0,0.0,0.0,0.0
2024-10-22 00:00:00+08:00,0.08500000089406967,0.08500000089406967,0.08500000089406967,0.08500000089406967,0,0.0,0.0,0.0
2024-10-23 00:00:00+08:00,0.08500000089406967,0.08500000089406967,0.08500000089406967,0.08500000089406967,0,0.0,0.0,0.0
2024-10-24 00:00:00+08:00,0.08500000089406967,0.08500000089406967,0.08500000089406967,0.08500000089406967,0,0.0,0.0,0.0
2024-10-25 00:00:00+08:00,0.08500000089406967,0.08500000089406967,0.08500000089406967,0.08500000089406967,0,0.0,0.0,0.0
2024-10-28 00:00:00+08:00,0.08500000089406967,0.08500000089406967,0.08500000089406967,0.08500000089406967,0,0.0,0.0,0.0
2024-10-29 00:00:00+08:00,0.08500000089406967,0.08500000089406967,0.08500000089406967,0.08500000089406967,0,0.0,0.0,0.0
2024-10-30 00:00:00+08:00,0.08500000089406967,0.08500000089406967,0.08500000089406967,0.08500000089406967,0,0.0,0.0,0.0
2024-11-01 00:00:00+08:00,0.08500000089406967,0.08500000089406967,0.08500000089406967,0.08500000089406967,0,0.0,0.0,0.0
2024-11-04 00:00:00+08:00,0.08500000089406967,0.08500000089406967,0.08500000089406967,0.08500000089406967,0,0.0,0.0,0.0
2024-11-05 00:00:00+08:00,0.08500000089406967,0.08500000089406967,0.08500000089406967,0.08500000089406967,0,0.0,0.0,0.0
2024-11-06 00:00:00+08:00,0.08500000089406967,0.08500000089406967,0.08500000089406967,0.08500000089406967,0,0.0,0.0,0.0
2024-11-07 00:00:00+08:00,0.08500000089406967,0.08500000089406967,0.08500000089406967,0.08500000089406967,0,0.0,0.0,0.0
2024-11-08 00:00:00+08:00,0.08500000089406967,0.08500000089406967,0.08500000089406967,0.08500000089406967,0,0.0,0.0,0.0
2024-11-11 00:00:00+08:00,0.08500000089406967,0.08500000089406967,0.08500000089406967,0.08500000089406967,0,0.0,0.0,0.0
2024-11-12 00:00:00+08:00,0.08500000089406967,0.08500000089406967,0.08500000089406967,0.08500000089406967,0,0.0,0.0,0.0
2024-11-13 00:00:00+08:00,0.08500000089406967,0.08500000089406967,0.08500000089406967,0.08500000089406967,0,0.0,0.0,0.0
2024-11-14 00:00:00+08:00,0.08500000089406967,0.08500000089406967,0.08500000089406967,0.08500000089406967,0,0.0,0.0,0.0
2024-11-15 00:00:00+08:00,0.08500000089406967,0.08500000089406967,0.08500000089406967,0.08500000089406967,0,0.0,0.0,0.0
2024-11-18 00:00:00+08:00,0.08500000089406967,0.08500000089406967,0.08500000089406967,0.08500000089406967,0,0.0,0.0,0.0
2024-11-19 00:00:00+08:00,0.08500000089406967,0.08500000089406967,0.08500000089406967,0.08500000089406967,0,0.0,0.0,0.0
2024-11-20 00:00:00+08:00,0.08500000089406967,0.08500000089406967,0.08500000089406967,0.08500000089406967,0,0.0,0.0,0.0
2024-11-21 00:00:00+08:00,0.08500000089406967,0.08500000089406967,0.08500000089406967,0.08500000089406967,0,0.0,0.0,0.0
2024-11-22 00:00:00+08:00,0.08500000089406967,0.08500000089406967,0.08500000089406967,0.08500000089406967,0,0.0,0.0,0.0
2024-11-25 00:00:00+08:00,0.08500000089406967,0.08500000089406967,0.08500000089406967,0.08500000089406967,0,0.0,0.0,0.0
2024-11-26 00:00:00+08:00,0.08500000089406967,0.08500000089406967,0.08500000089406967,0.08500000089406967,0,0.0,0.0,0.0
2024-11-27 00:00:00+08:00,0.08500000089406967,0.08500000089406967,0.08500000089406967,0.08500000089406967,0,0.0,0.0,0.0
2024-11-28 00:00:00+08:00,0.08500000089406967,0.08500000089406967,0.08500000089406967,0.08500000089406967,0,0.0,0.0,0.0
2024-11-29 00:00:00+08:00,0.08500000089406967,0.08500000089406967,0.08500000089406967,0.08500000089406967,0,0.0,0.0,0.0
2024-12-02 00:00:00+08:00,0.08500000089406967,0.08500000089406967,0.08500000089406967,0.08500000089406967,0,0.0,0.0,0.0
2024-12-03 00:00:00+08:00,0.08500000089406967,0.08500000089406967,0.08500000089406967,0.08500000089406967,0,0.0,0.0,0.0
2024-12-04 00:00:00+08:00,0.08500000089406967,0.08500000089406967,0.08500000089406967,0.08500000089406967,0,0.0,0.0,0.0
2024-12-05 00:00:00+08:00,0.08500000089406967,0.08500000089406967,0.08500000089406967,0.08500000089406967,0,0.0,0.0,0.0
2024-12-06 00:00:00+08:00,0.08500000089406967,0.08500000089406967,0.08500000089406967,0.08500000089406967,0,0.0,0.0,0.0
2024-12-09 00:00:00+08:00,0.08500000089406967,0.08500000089406967,0.08500000089406967,0.08500000089406967,0,0.0,0.0,0.0
2024-12-10 00:00:00+08:00,0.08500000089406967,0.08500000089406967,0.08500000089406967,0.08500000089406967,0,0.0,0.0,0.0
2024-12-11 00:00:00+08:00,0.08500000089406967,0.08500000089406967,0.08500000089406967,0.08500000089406967,0,0.0,0.0,0.0
2024-12-12 00:00:00+08:00,0.08500000089406967,0.08500000089406967,0.08500000089406967,0.08500000089406967,0,0.0,0.0,0.0
2024-12-13 00:00:00+08:00,0.08500000089406967,0.08500000089406967,0.08500000089406967,0.08500000089406967,0,0.0,0.0,0.0
2024-12-16 00:00:00+08:00,0.08500000089406967,0.08500000089406967,0.08500000089406967,0.08500000089406967,0,0.0,0.0,0.0
2024-12-17 00:00:00+08:00,0.08500000089406967,0.08500000089406967,0.08500000089406967,0.08500000089406967,0,0.0,0.0,0.0
2024-12-18 00:00:00+08:00,0.08500000089406967,0.08500000089406967,0.08500000089406967,0.08500000089406967,0,0.0,0.0,0.0
2024-12-19 00:00:00+08:00,0.08500000089406967,0.08500000089406967,0.08500000089406967,0.08500000089406967,0,0.0,0.0,0.0
2024-12-20 00:00:00+08:00,0.08500000089406967,0.08500000089406967,0.08500000089406967,0.08500000089406967,0,0.0,0.0,0.0
2024-12-23 00:00:00+08:00,0.08500000089406967,0.08500000089406967,0.08500000089406967,0.08500000089406967,0,0.0,0.0,0.0
2024-12-24 00:00:00+08:00,0.08500000089406967,0.08500000089406967,0.08500000089406967,0.08500000089406967,0,0.0,0.0,0.0
2024-12-26 00:00:00+08:00,0.08500000089406967,0.08500000089406967,0.08500000089406967,0.08500000089406967,0,0.0,0.0,0.0
2024-12-27 00:00:00+08:00,0.08500000089406967,0.08500000089406967,0.08500000089406967,0.08500000089406967,0,0.0,0.0,0.0
2024-12-30 00:00:00+08:00,0.08500000089406967,0.08500000089406967,0.08500000089406967,0.08500000089406967,0,0.0,0.0,0.0
2024-12-31 00:00:00+08:00,0.08500000089406967,0.08500000089406967,0.08500000089406967,0.08500000089406967,0,0.0,0.0,0.0
2025-01-02 00:00:00+08:00,0.08500000089406967,0.08500000089406967,0.08500000089406967,0.08500000089406967,0,0.0,0.0,0.0
2025-01-03 00:00:00+08:00,0.08500000089406967,0.08500000089406967,0.08500000089406967,0.08500000089406967,0,0.0,0.0,0.0
2025-01-06 00:00:00+08:00,0.08500000089406967,0.08500000089406967,0.08500000089406967,0.08500000089406967,0,0.0,0.0,0.0
2025-01-07 00:00:00+08:00,0.08500000089406967,0.08500000089406967,0.08500000089406967,0.08500000089406967,0,0.0,0.0,0.0
2025-01-08 00:00:00+08:00,0.08500000089406967,0.08500000089406967,0.08500000089406967,0.08500000089406967,0,0.0,0.0,0.0
2025-01-09 00:00:00+08:00,0.08500000089406967,0.08500000089406967,0.08500000089406967,0.08500000089406967,0,0.0,0.0,0.0
2025-01-10 00:00:00+08:00,0.08500000089406967,0.08500000089406967,0.08500000089406967,0.08500000089406967,0,0.0,0.0,0.0
2025-01-13 00:00:00+08:00,0.08500000089406967,0.08500000089406967,0.08500000089406967,0.08500000089406967,0,0.0,0.0,0.0
2025-01-14 00:00:00+08:00,0.08500000089406967,0.08500000089406967,0.08500000089406967,0.08500000089406967,0,0.0,0.0,0.0
2025-01-15 00:00:00+08:00,0.08500000089406967,0.08500000089406967,0.08500000089406967,0.08500000089406967,0,0.0,0.0,0.0
2025-01-16 00:00:00+08:00,0.08500000089406967,0.08500000089406967,0.08500000089406967,0.08500000089406967,0,0.0,0.0,0.0
2025-01-17 00:00:00+08:00,0.08500000089406967,0.08500000089406967,0.08500000089406967,0.08500000089406967,0,0.0,0.0,0.0
2025-01-20 00:00:00+08:00,0.08500000089406967,0.08500000089406967,0.08500000089406967,0.08500000089406967,0,0.0,0.0,0.0
2025-01-21 00:00:00+08:00,0.08500000089406967,0.08500000089406967,0.08500000089406967,0.08500000089406967,0,0.0,0.0,0.0
2025-01-22 00:00:00+08:00,0.08500000089406967,0.08500000089406967,0.08500000089406967,0.08500000089406967,0,0.0,0.0,0.0
2025-01-23 00:00:00+08:00,0.08500000089406967,0.08500000089406967,0.08500000089406967,0.08500000089406967,0,0.0,0.0,0.0
2025-01-24 00:00:00+08:00,0.08500000089406967,0.08500000089406967,0.08500000089406967,0.08500000089406967,0,0.0,0.0,0.0
2025-01-27 00:00:00+08:00,0.08500000089406967,0.08500000089406967,0.08500000089406967,0.08500000089406967,0,0.0,0.0,0.0
2025-01-28 00:00:00+08:00,0.08500000089406967,0.08500000089406967,0.08500000089406967,0.08500000089406967,0,0.0,0.0,0.0
2025-01-31 00:00:00+08:00,0.08500000089406967,0.08500000089406967,0.08500000089406967,0.08500000089406967,0,0.0,0.0,0.0
2025-02-03 00:00:00+08:00,0.08500000089406967,0.08500000089406967,0.08500000089406967,0.08500000089406967,0,0.0,0.0,0.0
2025-02-04 00:00:00+08:00,0.08500000089406967,0.08500000089406967,0.08500000089406967,0.08500000089406967,0,0.0,0.0,0.0
2025-02-05 00:00:00+08:00,0.08500000089406967,0.08500000089406967,0.08500000089406967,0.08500000089406967,0,0.0,0.0,0.0
2025-02-06 00:00:00+08:00,0.08500000089406967,0.08500000089406967,0.08500000089406967,0.08500000089406967,0,0.0,0.0,0.0
2025-02-07 00:00:00+08:00,0.08500000089406967,0.08500000089406967,0.08500000089406967,0.08500000089406967,0,0.0,0.0,0.0
2025-02-10 00:00:00+08:00,0.08500000089406967,0.08500000089406967,0.08500000089406967,0.08500000089406967,0,0.0,0.0,0.0
2025-02-11 00:00:00+08:00,0.08500000089406967,0.08500000089406967,0.08500000089406967,0.08500000089406967,0,0.0,0.0,0.0
2025-02-12 00:00:00+08:00,0.08500000089406967,0.08500000089406967,0.08500000089406967,0.08500000089406967,0,0.0,0.0,0.0
2025-02-13 00:00:00+08:00,0.08500000089406967,0.08500000089406967,0.08500000089406967,0.08500000089406967,0,0.0,0.0,0.0
2025-02-14 00:00:00+08:00,0.08500000089406967,0.08500000089406967,0.08500000089406967,0.08500000089406967,0,0.0,0.0,0.0
2025-02-17 00:00:00+08:00,0.08500000089406967,0.08500000089406967,0.08500000089406967,0.08500000089406967,0,0.0,0.0,0.0
2025-02-18 00:00:00+08:00,0.08500000089406967,0.08500000089406967,0.08500000089406967,0.08500000089406967,0,0.0,0.0,0.0
2025-02-19 00:00:00+08:00,0.08500000089406967,0.08500000089406967,0.08500000089406967,0.08500000089406967,0,0.0,0.0,0.0
2025-02-20 00:00:00+08:00,0.08500000089406967,0.08500000089406967,0.08500000089406967,0.08500000089406967,0,0.0,0.0,0.0
2025-02-21 00:00:00+08:00,0.08500000089406967,0.08500000089406967,0.08500000089406967,0.08500000089406967,0,0.0,0.0,0.0
2025-02-24 00:00:00+08:00,0.08500000089406967,0.08500000089406967,0.08500000089406967,0.08500000089406967,0,0.0,0.0,0.0
2025-02-25 00:00:00+08:00,0.08500000089406967,0.08500000089406967,0.08500000089406967,0.08500000089406967,0,0.0,0.0,0.0
2025-02-26 00:00:00+08:00,0.08500000089406967,0.08500000089406967,0.08500000089406967,0.08500000089406967,0,0.0,0.0,0.0
2025-02-27 00:00:00+08:00,0.08500000089406967,0.08500000089406967,0.08500000089406967,0.08500000089406967,0,0.0,0.0,0.0
2025-02-28 00:00:00+08:00,0.08500000089406967,0.08500000089406967,0.08500000089406967,0.08500000089406967,0,0.0,0.0,0.0
2025-03-03 00:00:00+08:00,0.08500000089406967,0.08500000089406967,0.08500000089406967,0.08500000089406967,0,0.0,0.0,0.0
2025-03-04 00:00:00+08:00,0.08500000089406967,0.08500000089406967,0.08500000089406967,0.08500000089406967,0,0.0,0.0,0.0
2025-03-05 00:00:00+08:00,0.08500000089406967,0.08500000089406967,0.08500000089406967,0.08500000089406967,0,0.0,0.0,0.0
2025-03-06 00:00:00+08:00,0.08500000089406967,0.08500000089406967,0.08500000089406967,0.08500000089406967,0,0.0,0.0,0.0
2025-03-07 00:00:00+08:00,0.08500000089406967,0.08500000089406967,0.08500000089406967,0.08500000089406967,0,0.0,0.0,0.0
2025-03-10 00:00:00+08:00,0.08500000089406967,0.08500000089406967,0.08500000089406967,0.08500000089406967,0,0.0,0.0,0.0
2025-03-11 00:00:00+08:00,0.08500000089406967,0.08500000089406967,0.08500000089406967,0.08500000089406967,0,0.0,0.0,0.0
2025-03-12 00:00:00+08:00,0.08500000089406967,0.08500000089406967,0.08500000089406967,0.08500000089406967,0,0.0,0.0,0.0
2025-03-13 00:00:00+08:00,0.08500000089406967,0.08500000089406967,0.08500000089406967,0.08500000089406967,0,0.0,0.0,0.0
2025-03-14 00:00:00+08:00,0.08500000089406967,0.08500000089406967,0.08500000089406967,0.08500000089406967,0,0.0,0.0,0.0
2025-03-17 00:00:00+08:00,0.08500000089406967,0.08500000089406967,0.08500000089406967,0.08500000089406967,0,0.0,0.0,0.0
2025-03-18 00:00:00+08:00,0.08500000089406967,0.08500000089406967,0.08500000089406967,0.08500000089406967,0,0.0,0.0,0.0
2025-03-19 00:00:00+08:00,0.08500000089406967,0.08500000089406967,0.08500000089406967,0.08500000089406967,0,0.0,0.0,0.0
2025-03-20 00:00:00+08:00,0.08500000089406967,0.08500000089406967,0.08500000089406967,0.08500000089406967,0,0.0,0.0,0.0
2025-03-21 00:00:00+08:00,0.08500000089406967,0.08500000089406967,0.08500000089406967,0.08500000089406967,0,0.0,0.0,0.0
2025-03-24 00:00:00+08:00,0.08500000089406967,0.08500000089406967,0.08500000089406967,0.08500000089406967,0,0.0,0.0,0.0
2025-03-25 00:00:00+08:00,0.08500000089406967,0.08500000089406967,0.08500000089406967,0.08500000089406967,0,0.0,0.0,0.0
2025-03-26 00:00:00+08:00,0.08500000089406967,0.08500000089406967,0.08500000089406967,0.08500000089406967,0,0.0,0.0,0.0
2025-03-27 00:00:00+08:00,0.08500000089406967,0.08500000089406967,0.08500000089406967,0.08500000089406967,0,0.0,0.0,0.0
2025-03-28 00:00:00+08:00,0.08500000089406967,0.08500000089406967,0.08500000089406967,0.08500000089406967,0,0.0,0.0,0.0
2025-04-01 00:00:00+08:00,0.08500000089406967,0.08500000089406967,0.08500000089406967,0.08500000089406967,0,0.0,0.0,0.0
2025-04-02 00:00:00+08:00,0.08500000089406967,0.08500000089406967,0.08500000089406967,0.08500000089406967,0,0.0,0.0,0.0
2025-04-03 00:00:00+08:00,0.08500000089406967,0.08500000089406967,0.08500000089406967,0.08500000089406967,0,0.0,0.0,0.0
2025-04-04 00:00:00+08:00,0.08500000089406967,0.08500000089406967,0.08500000089406967,0.08500000089406967,0,0.0,0.0,0.0
2025-04-07 00:00:00+08:00,0.08500000089406967,0.08500000089406967,0.08500000089406967,0.08500000089406967,0,0.0,0.0,0.0
2025-04-08 00:00:00+08:00,0.08500000089406967,0.08500000089406967,0.08500000089406967,0.08500000089406967,0,0.0,0.0,0.0
2025-04-09 00:00:00+08:00,0.08500000089406967,0.08500000089406967,0.08500000089406967,0.08500000089406967,0,0.0,0.0,0.0
2025-04-10 00:00:00+08:00,0.08500000089406967,0.08500000089406967,0.08500000089406967,0.08500000089406967,0,0.0,0.0,0.0
2025-04-11 00:00:00+08:00,0.08500000089406967,0.08500000089406967,0.08500000089406967,0.08500000089406967,0,0.0,0.0,0.0
2025-04-14 00:00:00+08:00,0.08500000089406967,0.08500000089406967,0.08500000089406967,0.08500000089406967,0,0.0,0.0,0.0
2025-04-15 00:00:00+08:00,0.08500000089406967,0.08500000089406967,0.08500000089406967,0.08500000089406967,0,0.0,0.0,0.0
2025-04-16 00:00:00+08:00,0.08500000089406967,0.08500000089406967,0.08500000089406967,0.08500000089406967,0,0.0,0.0,0.0
2025-04-17 00:00:00+08:00,0.08500000089406967,0.08500000089406967,0.08500000089406967,0.08500000089406967,0,0.0,0.0,0.0
2025-04-21 00:00:00+08:00,0.08500000089406967,0.08500000089406967,0.08500000089406967,0.08500000089406967,0,0.0,0.0,0.0
2025-04-22 00:00:00+08:00,0.08500000089406967,0.08500000089406967,0.08500000089406967,0.08500000089406967,0,0.0,0.0,0.0
2025-04-23 00:00:00+08:00,0.08500000089406967,0.08500000089406967,0.08500000089406967,0.08500000089406967,0,0.0,0.0,0.0
2025-04-24 00:00:00+08:00,0.08500000089406967,0.08500000089406967,0.08500000089406967,0.08500000089406967,0,0.0,0.0,0.0
2025-04-25 00:00:00+08:00,0.08500000089406967,0.08500000089406967,0.08500000089406967,0.08500000089406967,0,0.0,0.0,0.0
2025-04-28 00:00:00+08:00,0.08500000089406967,0.08500000089406967,0.08500000089406967,0.08500000089406967,0,0.0,0.0,0.0
2025-04-29 00:00:00+08:00,0.08500000089406967,0.08500000089406967,0.08500000089406967,0.08500000089406967,0,0.0,0.0,0.0
2025-04-30 00:00:00+08:00,0.08500000089406967,0.08500000089406967,0.08500000089406967,0.08500000089406967,0,0.0,0.0,0.0
2025-05-02 00:00:00+08:00,0.08500000089406967,0.08500000089406967,0.08500000089406967,0.08500000089406967,0,0.0,0.0,0.0
2025-05-05 00:00:00+08:00,0.08500000089406967,0.08500000089406967,0.08500000089406967,0.08500000089406967,0,0.0,0.0,0.0
2025-05-06 00:00:00+08:00,0.08500000089406967,0.08500000089406967,0.08500000089406967,0.08500000089406967,0,0.0,0.0,0.0
2025-05-07 00:00:00+08:00,0.08500000089406967,0.08500000089406967,0.08500000089406967,0.08500000089406967,0,0.0,0.0,0.0
2025-05-08 00:00:00+08:00,0.08500000089406967,0.08500000089406967,0.08500000089406967,0.08500000089406967,0,0.0,0.0,0.0
2025-05-09 00:00:00+08:00,0.08500000089406967,0.08500000089406967,0.08500000089406967,0.08500000089406967,0,0.0,0.0,0.0
2025-05-13 00:00:00+08:00,0.08500000089406967,0.08500000089406967,0.08500000089406967,0.08500000089406967,0,0.0,0.0,0.0
2025-05-14 00:00:00+08:00,0.08500000089406967,0.08500000089406967,0.08500000089406967,0.08500000089406967,0,0.0,0.0,0.0
2025-05-15 00:00:00+08:00,0.08500000089406967,0.08500000089406967,0.08500000089406967,0.08500000089406967,0,0.0,0.0,0.0
2025-05-16 00:00:00+08:00,0.08500000089406967,0.08500000089406967,0.08500000089406967,0.08500000089406967,0,0.0,0.0,0.0
2025-05-19 00:00:00+08:00,0.08500000089406967,0.08500000089406967,0.08500000089406967,0.08500000089406967,0,0.0,0.0,0.0
2025-05-20 00:00:00+08:00,0.08500000089406967,0.08500000089406967,0.08500000089406967,0.08500000089406967,0,0.0,0.0,0.0
2025-05-21 00:00:00+08:00,0.08500000089406967,0.08500000089406967,0.08500000089406967,0.08500000089406967,0,0.0,0.0,0.0
2025-05-22 00:00:00+08:00,0.08500000089406967,0.08500000089406967,0.08500000089406967,0.08500000089406967,0,0.0,0.0,0.0
2025-05-23 00:00:00+08:00,0.08500000089406967,0.08500000089406967,0.08500000089406967,0.08500000089406967,0,0.0,0.0,0.0
2025-05-26 00:00:00+08:00,0.08500000089406967,0.08500000089406967,0.08500000089406967,0.08500000089406967,0,0.0,0.0,0.0
2025-05-27 00:00:00+08:00,0.08500000089406967,0.08500000089406967,0.08500000089406967,0.08500000089406967,0,0.0,0.0,0.0
2025-05-28 00:00:00+08:00,0.08500000089406967,0.08500000089406967,0.08500000089406967,0.08500000089406967,0,0.0,0.0,0.0
2025-05-29 00:00:00+08:00,0.08500000089406967,0.08500000089406967,0.08500000089406967,0.08500000089406967,0,0.0,0.0,0.0
2025-05-30 00:00:00+08:00,0.08500000089406967,0.08500000089406967,0.08500000089406967,0.08500000089406967,0,0.0,0.0,0.0
2025-06-02 00:00:00+08:00,0.08500000089406967,0.08500000089406967,0.08500000089406967,0.08500000089406967,0,0.0,0.0,0.0
2025-06-03 00:00:00+08:00,0.08500000089406967,0.08500000089406967,0.08500000089406967,0.08500000089406967,0,0.0,0.0,0.0
2025-06-04 00:00:00+08:00,0.08500000089406967,0.08500000089406967,0.08500000089406967,0.08500000089406967,0,0.0,0.0,0.0
2025-06-05 00:00:00+08:00,0.08500000089406967,0.08500000089406967,0.08500000089406967,0.08500000089406967,0,0.0,0.0,0.0
2025-06-06 00:00:00+08:00,0.08500000089406967,0.08500000089406967,0.08500000089406967,0.08500000089406967,0,0.0,0.0,0.0
2025-06-09 00:00:00+08:00,0.08500000089406967,0.08500000089406967,0.08500000089406967,0.08500000089406967,0,0.0,0.0,0.0
2025-06-10 00:00:00+08:00,0.08500000089406967,0.08500000089406967,0.08500000089406967,0.08500000089406967,0,0.0,0.0,0.0
2025-06-11 00:00:00+08:00,0.08500000089406967,0.08500000089406967,0.08500000089406967,0.08500000089406967,0,0.0,0.0,0.0
2025-06-12 00:00:00+08:00,0.08500000089406967,0.08500000089406967,0.08500000089406967,0.08500000089406967,0,0.0,0.0,0.0
2025-06-13 00:00:00+08:00,0.08500000089406967,0.08500000089406967,0.08500000089406967,0.08500000089406967,0,0.0,0.0,0.0
2025-06-16 00:00:00+08:00,0.08500000089406967,0.08500000089406967,0.08500000089406967,0.08500000089406967,0,0.0,0.0,0.0
2025-06-17 00:00:00+08:00,0.08500000089406967,0.08500000089406967,0.08500000089406967,0.08500000089406967,0,0.0,0.0,0.0
2025-06-18 00:00:00+08:00,0.08500000089406967,0.08500000089406967,0.08500000089406967,0.08500000089406967,0,0.0,0.0,0.0
2025-06-19 00:00:00+08:00,0.08500000089406967,0.08500000089406967,0.08500000089406967,0.08500000089406967,0,0.0,0.0,0.0
2025-06-20 00:00:00+08:00,0.08500000089406967,0.08500000089406967,0.08500000089406967,0.08500000089406967,0,0.0,0.0,0.0
2025-06-23 00:00:00+08:00,0.08500000089406967,0.08500000089406967,0.08500000089406967,0.08500000089406967,0,0.0,0.0,0.0
2025-06-24 00:00:00+08:00,0.08500000089406967,0.08500000089406967,0.08500000089406967,0.08500000089406967,0,0.0,0.0,0.0
2025-06-25 00:00:00+08:00,0.08500000089406967,0.08500000089406967,0.08500000089406967,0.08500000089406967,0,0.0,0.0,0.0
2025-06-26 00:00:00+08:00,0.08500000089406967,0.08500000089406967,0.08500000089406967,0.08500000089406967,0,0.0,0.0,0.0
2025-06-27 00:00:00+08:00,0.08500000089406967,0.08500000089406967,0.08500000089406967,0.08500000089406967,0,0.0,0.0,0.0
2025-06-30 00:00:00+08:00,0.08500000089406967,0.08500000089406967,0.08500000089406967,0.08500000089406967,0,0.0,0.0,0.0
2025-07-01 00:00:00+08:00,0.08500000089406967,0.08500000089406967,0.08500000089406967,0.08500000089406967,0,0.0,0.0,0.0
2025-07-02 00:00:00+08:00,0.08500000089406967,0.08500000089406967,0.08500000089406967,0.08500000089406967,0,0.0,0.0,0.0
2025-07-03 00:00:00+08:00,0.08500000089406967,0.08500000089406967,0.08500000089406967,0.08500000089406967,0,0.0,0.0,0.0
2025-07-04 00:00:00+08:00,0.08500000089406967,0.08500000089406967,0.08500000089406967,0.08500000089406967,0,0.0,0.0,0.0
2025-07-07 00:00:00+08:00,0.08500000089406967,0.08500000089406967,0.08500000089406967,0.08500000089406967,0,0.0,0.0,0.0
2025-07-08 00:00:00+08:00,0.08500000089406967,0.08500000089406967,0.08500000089406967,0.08500000089406967,0,0.0,0.0,0.0
2025-07-09 00:00:00+08:00,0.08500000089406967,0.08500000089406967,0.08500000089406967,0.08500000089406967,0,0.0,0.0,0.0
2025-07-10 00:00:00+08:00,0.08500000089406967,0.08500000089406967,0.08500000089406967,0.08500000089406967,0,0.0,0.0,0.0
2025-07-11 00:00:00+08:00,0.08500000089406967,0.08500000089406967,0.08500000089406967,0.08500000089406967,0,0.0,0.0,0.0
2025-07-14 00:00:00+08:00,0.08500000089406967,0.08500000089406967,0.08500000089406967,0.08500000089406967,0,0.0,0.0,0.0
2025-07-15 00:00:00+08:00,0.08500000089406967,0.08500000089406967,0.08500000089406967,0.08500000089406967,0,0.0,0.0,0.0
2025-07-16 00:00:00+08:00,0.08500000089406967,0.08500000089406967,0.08500000089406967,0.08500000089406967,0,0.0,0.0,0.0
2025-07-17 00:00:00+08:00,0.08500000089406967,0.08500000089406967,0.08500000089406967,0.08500000089406967,0,0.0,0.0,0.0
2025-07-18 00:00:00+08:00,0.08500000089406967,0.08500000089406967,0.08500000089406967,0.08500000089406967,0,0.0,0.0,0.0
2025-07-21 00:00:00+08:00,0.08500000089406967,0.08500000089406967,0.08500000089406967,0.08500000089406967,0,0.0,0.0,0.0
2025-07-22 00:00:00+08:00,0.08500000089406967,0.08500000089406967,0.08500000089406967,0.08500000089406967,0,0.0,0.0,0.0
2025-07-23 00:00:00+08:00,0.08500000089406967,0.08500000089406967,0.08500000089406967,0.08500000089406967,0,0.0,0.0,0.0
2025-07-24 00:00:00+08:00,0.08500000089406967,0.08500000089406967,0.08500000089406967,0.08500000089406967,0,0.0,0.0,0.0
2025-07-25 00:00:00+08:00,0.08500000089406967,0.08500000089406967,0.08500000089406967,0.08500000089406967,0,0.0,0.0,0.0
2025-07-28 00:00:00+08:00,0.08500000089406967,0.08500000089406967,0.08500000089406967,0.08500000089406967,0,0.0,0.0,0.0
2025-07-29 00:00:00+08:00,0.08500000089406967,0.08500000089406967,0.08500000089406967,0.08500000089406967,0,0.0,0.0,0.0
2025-07-30 00:00:00+08:00,0.08500000089406967,0.08500000089406967,0.08500000089406967,0.08500000089406967,0,0.0,0.0,0.0
2025-07-31 00:00:00+08:00,0.08500000089406967,0.08500000089406967,0.08500000089406967,0.08500000089406967,0,0.0,0.0,0.0
2025-08-01 00:00:00+08:00,0.08500000089406967,0.08500000089406967,0.08500000089406967,0.08500000089406967,0,0.0,0.0,0.0
2025-08-04 00:00:00+08:00,0.08500000089406967,0.08500000089406967,0.08500000089406967,0.08500000089406967,0,0.0,0.0,0.0
2025-08-05 00:00:00+08:00,0.08500000089406967,0.08500000089406967,0.08500000089406967,0.08500000089406967,0,0.0,0.0,0.0
2025-08-06 00:00:00+08:00,0.08500000089406967,0.08500000089406967,0.08500000089406967,0.08500000089406967,0,0.0,0.0,0.0
2025-08-07 00:00:00+08:00,0.08500000089406967,0.08500000089406967,0.08500000089406967,0.08500000089406967,0,0.0,0.0,0.0
2025-08-08 00:00:00+08:00,0.08500000089406967,0.08500000089406967,0.08500000089406967,0.08500000089406967,0,0.0,0.0,0.0
2025-08-11 00:00:00+08:00,0.08500000089406967,0.08500000089406967,0.08500000089406967,0.08500000089406967,0,0.0,0.0,0.0
2025-08-12 00:00:00+08:00,0.08500000089406967,0.08500000089406967,0.08500000089406967,0.08500000089406967,0,0.0,0.0,0.0
2025-08-13 00:00:00+08:00,0.08500000089406967,0.08500000089406967,0.08500000089406967,0.08500000089406967,0,0.0,0.0,0.0
2025-08-14 00:00:00+08:00,0.08500000089406967,0.08500000089406967,0.08500000089406967,0.08500000089406967,0,0.0,0.0,0.0
2025-08-15 00:00:00+08:00,0.08500000089406967,0.08500000089406967,0.08500000089406967,0.08500000089406967,0,0.0,0.0,0.0
2025-08-18 00:00:00+08:00,0.08500000089406967,0.08500000089406967,0.08500000089406967,0.08500000089406967,0,0.0,0.0,0.0
2025-08-19 00:00:00+08:00,0.08500000089406967,0.08500000089406967,0.08500000089406967,0.08500000089406967,0,0.0,0.0,0.0
2025-08-20 00:00:00+08:00,0.08500000089406967,0.08500000089406967,0.08500000089406967,0.08500000089406967,0,0.0,0.0,0.0
2025-08-21 00:00:00+08:00,0.08500000089406967,0.08500000089406967,0.08500000089406967,0.08500000089406967,0,0.0,0.0,0.0
2025-08-22 00:00:00+08:00,0.08500000089406967,0.08500000089406967,0.08500000089406967,0.08500000089406967,0,0.0,0.0,0.0
2025-08-25 00:00:00+08:00,0.08500000089406967,0.08500000089406967,0.08500000089406967,0.08500000089406967,0,0.0,0.0,0.0
2025-08-26 00:00:00+08:00,0.08500000089406967,0.08500000089406967,0.08500000089406967,0.08500000089406967,0,0.0,0.0,0.0
2025-08-27 00:00:00+08:00,0.08500000089406967,0.08500000089406967,0.08500000089406967,0.08500000089406967,0,0.0,0.0,0.0
2025-08-28 00:00:00+08:00,0.08500000089406967,0.08500000089406967,0.08500000089406967,0.08500000089406967,0,0.0,0.0,0.0
2025-08-29 00:00:00+08:00,0.08500000089406967,0.08500000089406967,0.08500000089406967,0.08500000089406967,0,0.0,0.0,0.0
2025-09-01 00:00:00+08:00,0.08500000089406967,0.08500000089406967,0.08500000089406967,0.08500000089406967,0,0.0,0.0,0.0
2025-09-02 00:00:00+08:00,0.08500000089406967,0.08500000089406967,0.08500000089406967,0.08500000089406967,0,0.0,0.0,0.0
2025-09-03 00:00:00+08:00,0.08500000089406967,0.08500000089406967,0.08500000089406967,0.08500000089406967,0,0.0,0.0,0.0
2025-09-04 00:00:00+08:00,0.08500000089406967,0.08500000089406967,0.08500000089406967,0.08500000089406967,0,0.0,0.0,0.0
2025-09-05 00:00:00+08:00,0.08500000089406967,0.08500000089406967,0.08500000089406967,0.08500000089406967,0,0.0,0.0,0.0
2025-09-08 00:00:00+08:00,0.08500000089406967,0.08500000089406967,0.08500000089406967,0.08500000089406967,0,0.0,0.0,0.0
2025-09-09 00:00:00+08:00,0.08500000089406967,0.08500000089406967,0.08500000089406967,0.08500000089406967,0,0.0,0.0,0.0
2025-09-10 00:00:00+08:00,0.08500000089406967,0.08500000089406967,0.08500000089406967,0.08500000089406967,0,0.0,0.0,0.0
2025-09-11 00:00:00+08:00,0.08500000089406967,0.08500000089406967,0.08500000089406967,0.08500000089406967,0,0.0,0.0,0.0
2025-09-12 00:00:00+08:00,0.08500000089406967,0.08500000089406967,0.08500000089406967,0.08500000089406967,0,0.0,0.0,0.0
2025-09-15 00:00:00+08:00,0.08500000089406967,0.08500000089406967,0.08500000089406967,0.08500000089406967,0,0.0,0.0,0.0
2025-09-16 00:00:00+08:00,0.08500000089406967,0.08500000089406967,0.08500000089406967,0.08500000089406967,0,0.0,0.0,0.0
2025-09-17 00:00:00+08:00,0.08500000089406967,0.08500000089406967,0.08500000089406967,0.08500000089406967,0,0.0,0.0,0.0
2025-09-18 00:00:00+08:00,0.08500000089406967,0.08500000089406967,0.08500000089406967,0.08500000089406967,0,0.0,0.0,0.0
2025-09-19 00:00:00+08:00,0.08500000089406967,0.08500000089406967,0.08500000089406967,0.08500000089406967,0,0.0,0.0,0.0
2025-09-22 00:00:00+08:00,0.08500000089406967,0.08500000089406967,0.08500000089406967,0.08500000089406967,0,0.0,0.0,0.0
2025-09-23 00:00:00+08:00,0.08500000089406967,0.08500000089406967,0.08500000089406967,0.08500000089406967,0,0.0,0.0,0.0
2025-09-24 00:00:00+08:00,0.08500000089406967,0.08500000089406967,0.08500000089406967,0.08500000089406967,0,0.0,0.0,0.0
2025-09-25 00:00:00+08:00,0.08500000089406967,0.08500000089406967,0.08500000089406967,0.08500000089406967,0,0.0,0.0,0.0
2025-09-26 00:00:00+08:00,0.08500000089406967,0.08500000089406967,0.08500000089406967,0.08500000089406967,0,0.0,0.0,0.0
2025-09-29 00:00:00+08:00,0.08500000089406967,0.08500000089406967,0.08500000089406967,0.08500000089406967,0,0.0,0.0,0.0
2025-09-30 00:00:00+08:00,0.08500000089406967,0.08500000089406967,0.08500000089406967,0.08500000089406967,0,0.0,0.0,0.0
2025-10-01 00:00:00+08:00,0.08500000089406967,0.08500000089406967,0.08500000089406967,0.08500000089406967,0,0.0,0.0,0.0
2025-10-02 00:00:00+08:00,0.08500000089406967,0.08500000089406967,0.08500000089406967,0.08500000089406967,0,0.0,0.0,0.0
2025-10-03 00:00:00+08:00,0.08500000089406967,0.08500000089406967,0.08500000089406967,0.08500000089406967,0,0.0,0.0,0.0
2025-10-06 00:00:00+08:00,0.08500000089406967,0.08500000089406967,0.08500000089406967,0.08500000089406967,0,0.0,0.0,0.0
2025-10-07 00:00:00+08:00,0.08500000089406967,0.08500000089406967,0.08500000089406967,0.08500000089406967,0,0.0,0.0,0.0
2025-10-08 00:00:00+08:00,0.08500000089406967,0.08500000089406967,0.08500000089406967,0.08500000089406967,0,0.0,0.0,0.0
2025-10-09 00:00:00+08:00,0.08500000089406967,0.08500000089406967,0.08500000089406967,0.08500000089406967,0,0.0,0.0,0.0
2025-10-10 00:00:00+08:00,0.08500000089406967,0.08500000089406967,0.08500000089406967,0.08500000089406967,0,0.0,0.0,0.0
2025-10-13 00:00:00+08:00,0.08500000089406967,0.08500000089406967,0.08500000089406967,0.08500000089406967,0,0.0,0.0,0.0
2025-10-14 00:00:00+08:00,0.08500000089406967,0.08500000089406967,0.08500000089406967,0.08500000089406967,0,0.0,0.0,0.0
2025-10-15 00:00:00+08:00,0.08500000089406967,0.08500000089406967,0.08500000089406967,0.08500000089406967,0,0.0,0.0,0.0
2025-10-16 00:00:00+08:00,0.08500000089406967,0.08500000089406967,0.08500000089406967,0.08500000089406967,0,0.0,0.0,0.0
2025-10-17 00:00:00+08:00,0.08500000089406967,0.08500000089406967,0.08500000089406967,0.08500000089406967,0,0.0,0.0,0.0
2025-10-21 00:00:00+08:00,0.08500000089406967,0.08500000089406967,0.08500000089406967,0.08500000089406967,0,0.0,0.0,0.0
2025-10-22 00:00:00+08:00,0.08500000089406967,0.08500000089406967,0.08500000089406967,0.08500000089406967,0,0.0,0.0,0.0
2025-10-23 00:00:00+08:00,0.08500000089406967,0.08500000089406967,0.08500000089406967,0.08500000089406967,0,0.0,0.0,0.0
2025-10-24 00:00:00+08:00,0.08500000089406967,0.08500000089406967,0.08500000089406967,0.08500000089406967,0,0.0,0.0,0.0
2025-10-27 00:00:00+08:00,0.08500000089406967,0.08500000089406967,0.08500000089406967,0.08500000089406967,0,0.0,0.0,0.0
2025-10-28 00:00:00+08:00,0.08500000089406967,0.08500000089406967,0.08500000089406967,0.08500000089406967,0,0.0,0.0,0.0
2025-10-29 00:00:00+08:00,0.08500000089406967,0.08500000089406967,0.08500000089406967,0.08500000089406967,0,0.0,0.0,0.0
2025-10-30 00:00:00+08:00,0.08500000089406967,0.08500000089406967,0.08500000089406967,0.08500000089406967,0,0.0,0.0,0.0
2025-10-31 00:00:00+08:00,0.08500000089406967,0.08500000089406967,0.08500000089406967,0.08500000089406967,0,0.0,0.0,0.0
2025-11-03 00:00:00+08:00,0.08500000089406967,0.08500000089406967,0.08500000089406967,0.08500000089406967,0,0.0,0.0,0.0
2025-11-04 00:00:00+08:00,0.08500000089406967,0.08500000089406967,0.08500000089406967,0.08500000089406967,0,0.0,0.0,0.0
2025-11-05 00:00:00+08:00,0.08500000089406967,0.08500000089406967,0.08500000089406967,0.08500000089406967,0,0.0,0.0,0.0
2025-11-06 00:00:00+08:00,0.08500000089406967,0.08500000089406967,0.08500000089406967,0.08500000089406967,0,0.0,0.0,0.0
2025-11-07 00:00:00+08:00,0.08500000089406967,0.08500000089406967,0.08500000089406967,0.08500000089406967,0,0.0,0.0,0.0
2025-11-10 00:00:00+08:00,0.08500000089406967,0.08500000089406967,0.08500000089406967,0.08500000089406967,0,0.0,0.0,0.0
2025-11-11 00:00:00+08:00,0.08500000089406967,0.08500000089406967,0.08500000089406967,0.08500000089406967,0,0.0,0.0,0.0
2025-11-12 00:00:00+08:00,0.08500000089406967,0.08500000089406967,0.08500000089406967,0.08500000089406967,0,0.0,0.0,0.0
2025-11-13 00:00:00+08:00,0.08500000089406967,0.08500000089406967,0.08500000089406967,0.08500000089406967,0,0.0,0.0,0.0
2025-11-14 00:00:00+08:00,0.08500000089406967,0.08500000089406967,0.08500000089406967,0.08500000089406967,0,0.0,0.0,0.0
2025-11-17 00:00:00+08:00,0.08500000089406967,0.08500000089406967,0.08500000089406967,0.08500000089406967,0,0.0,0.0,0.0
2025-11-18 00:00:00+08:00,0.08500000089406967,0.08500000089406967,0.08500000089406967,0.08500000089406967,0,0.0,0.0,0.0
2025-11-19 00:00:00+08:00,0.08500000089406967,0.08500000089406967,0.08500000089406967,0.08500000089406967,0,0.0,0.0,0.0
2025-11-20 00:00:00+08:00,0.08500000089406967,0.08500000089406967,0.08500000089406967,0.08500000089406967,0,0.0,0.0,0.0
2025-11-21 00:00:00+08:00,0.08500000089406967,0.08500000089406967,0.08500000089406967,0.08500000089406967,0,0.0,0.0,0.0
2025-11-24 00:00:00+08:00,0.08500000089406967,0.08500000089406967,0.08500000089406967,0.08500000089406967,0,0.0,0.0,0.0
2025-11-25 00:00:00+08:00,0.08500000089406967,0.08500000089406967,0.08500000089406967,0.08500000089406967,0,0.0,0.0,0.0
2025-11-26 00:00:00+08:00,0.08500000089406967,0.08500000089406967,0.08500000089406967,0.08500000089406967,0,0.0,0.0,0.0
2025-11-27 00:00:00+08:00,0.08500000089406967,0.08500000089406967,0.08500000089406967,0.08500000089406967,0,0.0,0.0,0.0
2025-11-28 00:00:00+08:00,0.08500000089406967,0.08500000089406967,0.08500000089406967,0.08500000089406967,0,0.0,0.0,0.0
2025-12-01 00:00:00+08:00,0.08500000089406967,0.08500000089406967,0.08500000089406967,0.08500000089406967,0,0.0,0.0,0.0
2025-12-02 00:00:00+08:00,0.08500000089406967,0.08500000089406967,0.08500000089406967,0.08500000089406967,0,0.0,0.0,0.0
2025-12-03 00:00:00+08:00,0.08500000089406967,0.08500000089406967,0.08500000089406967,0.08500000089406967,0,0.0,0.0,0.0
2025-12-04 00:00:00+08:00,0.08500000089406967,0.08500000089406967,0.08500000089406967,0.08500000089406967,0,0.0,0.0,0.0
2025-12-05 00:00:00+08:00,0.08500000089406967,0.08500000089406967,0.08500000089406967,0.08500000089406967,0,0.0,0.0,0.0
2025-12-08 00:00:00+08:00,0.08500000089406967,0.08500000089406967,0.08500000089406967,0.08500000089406967,0,0.0,0.0,0.0
2025-12-09 00:00:00+08:00,0.08500000089406967,0.08500000089406967,0.08500000089406967,0.08500000089406967,0,0.0,0.0,0.0
2025-12-10 00:00:00+08:00,0.08500000089406967,0.08500000089406967,0.08500000089406967,0.08500000089406967,0,0.0,0.0,0.0
2025-12-11 00:00:00+08:00,0.08500000089406967,0.08500000089406967,0.08500000089406967,0.08500000089406967,0,0.0,0.0,0.0
2025-12-12 00:00:00+08:00,0.08500000089406967,0.08500000089406967,0.08500000089406967,0.08500000089406967,0,0.0,0.0,0.0
2025-12-15 00:00:00+08:00,0.08500000089406967,0.08500000089406967,0.08500000089406967,0.08500000089406967,0,0.0,0.0,0.0
2025-12-16 00:00:00+08:00,0.08500000089406967,0.08500000089406967,0.08500000089406967,0.08500000089406967,0,0.0,0.0,0.0
2025-12-17 00:00:00+08:00,0.08500000089406967,0.08500000089406967,0.08500000089406967,0.08500000089406967,0,0.0,0.0,0.0
2025-12-18 00:00:00+08:00,0.08500000089406967,0.08500000089406967,0.08500000089406967,0.08500000089406967,0,0.0,0.0,0.0
2025-12-19 00:00:00+08:00,0.08500000089406967,0.08500000089406967,0.08500000089406967,0.08500000089406967,0,0.0,0.0,0.0
2025-12-22 00:00:00+08:00,0.08500000089406967,0.08500000089406967,0.08500000089406967,0.08500000089406967,0,0.0,0.0,0.0
2025-12-23 00:00:00+08:00,0.08500000089406967,0.08500000089406967,0.08500000089406967,0.08500000089406967,0,0.0,0.0,0.0
2025-12-24 00:00:00+08:00,0.08500000089406967,0.08500000089406967,0.08500000089406967,0.08500000089406967,0,0.0,0.0,0.0
2025-12-26 00:00:00+08:00,0.08500000089406967,0.08500000089406967,0.08500000089406967,0.08500000089406967,0,0.0,0.0,0.0
2025-12-29 00:00:00+08:00,0.08500000089406967,0.08500000089406967,0.08500000089406967,0.08500000089406967,0,0.0,0.0,0.0
2025-12-30 00:00:00+08:00,0.08500000089406967,0.08500000089406967,0.08500000089406967,0.08500000089406967,0,0.0,0.0,0.0
2025-12-31 00:00:00+08:00,0.08500000089406967,0.08500000089406967,0.08500000089406967,0.08500000089406967,0,0.0,0.0,0.0
2026-01-02 00:00:00+08:00,0.08500000089406967,0.08500000089406967,0.08500000089406967,0.08500000089406967,0,0.0,0.0,0.0
2026-01-05 00:00:00+08:00,0.08500000089406967,0.08500000089406967,0.08500000089406967,0.08500000089406967,0,0.0,0.0,0.0
2026-01-06 00:00:00+08:00,0.08500000089406967,0.08500000089406967,0.08500000089406967,0.08500000089406967,0,0.0,0.0,0.0
2026-01-07 00:00:00+08:00,0.08500000089406967,0.08500000089406967,0.08500000089406967,0.08500000089406967,0,0.0,0.0,0.0
2026-01-08 00:00:00+08:00,0.08500000089406967,0.08500000089406967,0.08500000089406967,0.08500000089406967,0,0.0,0.0,0.0
2026-01-09 00:00:00+08:00,0.08500000089406967,0.08500000089406967,0.08500000089406967,0.08500000089406967,0,0.0,0.0,0.0
2026-01-12 00:00:00+08:00,0.08500000089406967,0.08500000089406967,0.08500000089406967,0.08500000089406967,0,0.0,0.0,0.0
2026-01-13 00:00:00+08:00,0.08500000089406967,0.08500000089406967,0.08500000089406967,0.08500000089406967,0,0.0,0.0,0.0
2026-01-14 00:00:00+08:00,0.08500000089406967,0.08500000089406967,0.08500000089406967,0.08500000089406967,0,0.0,0.0,0.0
2026-01-15 00:00:00+08:00,0.08500000089406967,0.08500000089406967,0.08500000089406967,0.08500000089406967,0,0.0,0.0,0.0
2026-01-16 00:00:00+08:00,0.08500000089406967,0.08500000089406967,0.08500000089406967,0.08500000089406967,0,0.0,0.0,0.0
2026-01-19 00:00:00+08:00,0.08500000089406967,0.08500000089406967,0.08500000089406967,0.08500000089406967,0,0.0,0.0,0.0
2026-01-20 00:00:00+08:00,0.08500000089406967,0.08500000089406967,0.08500000089406967,0.08500000089406967,0,0.0,0.0,0.0
2026-01-21 00:00:00+08:00,0.08500000089406967,0.08500000089406967,0.08500000089406967,0.08500000089406967,0,0.0,0.0,0.0
2026-01-22 00:00:00+08:00,0.08500000089406967,0.08500000089406967,0.08500000089406967,0.08500000089406967,0,0.0,0.0,0.0
2026-01-23 00:00:00+08:00,0.08500000089406967,0.08500000089406967,0.08500000089406967,0.08500000089406967,0,0.0,0.0,0.0
2026-01-26 00:00:00+08:00,0.08500000089406967,0.08500000089406967,0.08500000089406967,0.08500000089406967,0,0.0,0.0,0.0
2026-01-27 00:00:00+08:00,0.08500000089406967,0.08500000089406967,0.08500000089406967,0.08500000089406967,0,0.0,0.0,0.0
2026-01-28 00:00:00+08:00,0.08500000089406967,0.08500000089406967,0.08500000089406967,0.08500000089406967,0,0.0,0.0,0.0
2026-01-29 00:00:00+08:00,0.08500000089406967,0.08500000089406967,0.08500000089406967,0.08500000089406967,0,0.0,0.0,0.0
2026-01-30 00:00:00+08:00,0.08500000089406967,0.08500000089406967,0.08500000089406967,0.08500000089406967,0,0.0,0.0,0.0
2026-02-02 00:00:00+08:00,0.08500000089406967,0.08500000089406967,0.08500000089406967,0.08500000089406967,0,0.0,0.0,0.0
2026-02-03 00:00:00+08:00,0.08500000089406967,0.08500000089406967,0.08500000089406967,0.08500000089406967,0,0.0,0.0,0.0
2026-02-04 00:00:00+08:00,0.08500000089406967,0.08500000089406967,0.08500000089406967,0.08500000089406967,0,0.0,0.0,0.0
2026-02-05 00:00:00+08:00,0.08500000089406967,0.08500000089406967,0.08500000089406967,0.08500000089406967,0,0.0,0.0,0.0
2026-02-06 00:00:00+08:00,0.08500000089406967,0.08500000089406967,0.08500000089406967,0.08500000089406967,0,0.0,0.0,0.0
2026-02-09 00:00:00+08:00,0.08500000089406967,0.08500000089406967,0.08500000089406967,0.08500000089406967,0,0.0,0.0,0.0
2026-02-10 00:00:00+08:00,0.08500000089406967,0.08500000089406967,0.08500000089406967,0.08500000089406967,0,0.0,0.0,0.0
2026-02-11 00:00:00+08:00,0.08500000089406967,0.08500000089406967,0.08500000089406967,0.08500000089406967,0,0.0,0.0,0.0
2026-02-12 00:00:00+08:00,0.08500000089406967,0.08500000089406967,0.08500000089406967,0.08500000089406967,0,0.0,0.0,0.0
2026-02-13 00:00:00+08:00,0.08500000089406967,0.08500000089406967,0.08500000089406967,0.08500000089406967,0,0.0,0.0,0.0
2026-02-16 00:00:00+08:00,0.08500000089406967,0.08500000089406967,0.08500000089406967,0.08500000089406967,0,0.0,0.0,0.0
2026-02-19 00:00:00+08:00,0.08500000089406967,0.08500000089406967,0.08500000089406967,0.08500000089406967,0,0.0,0.0,0.0
2026-02-20 00:00:00+08:00,0.08500000089406967,0.08500000089406967,0.08500000089406967,0.08500000089406967,0,0.0,0.0,0.0
2026-02-23 00:00:00+08:00,0.08500000089406967,0.08500000089406967,0.08500000089406967,0.08500000089406967,0,0.0,0.0,0.0
2026-02-24 00:00:00+08:00,0.08500000089406967,0.08500000089406967,0.08500000089406967,0.08500000089406967,0,0.0,0.0,0.0
2026-02-25 00:00:00+08:00,0.08500000089406967,0.08500000089406967,0.08500000089406967,0.08500000089406967,0,0.0,0.0,0.0
2026-02-26 00:00:00+08:00,0.08500000089406967,0.08500000089406967,0.08500000089406967,0.08500000089406967,0,0.0,0.0,0.0
2026-02-27 00:00:00+08:00,0.08500000089406967,0.08500000089406967,0.08500000089406967,0.08500000089406967,0,0.0,0.0,0.0
2026-03-02 00:00:00+08:00,0.08500000089406967,0.08500000089406967,0.08500000089406967,0.08500000089406967,0,0.0,0.0,0.0
2026-03-03 00:00:00+08:00,0.08500000089406967,0.08500000089406967,0.08500000089406967,0.08500000089406967,0,0.0,0.0,0.0
2026-03-04 00:00:00+08:00,0.08500000089406967,0.08500000089406967,0.08500000089406967,0.08500000089406967,0,0.0,0.0,0.0
2026-03-05 00:00:00+08:00,0.08500000089406967,0.08500000089406967,0.08500000089406967,0.08500000089406967,0,0.0,0.0,0.0
2026-03-06 00:00:00+08:00,0.08500000089406967,0.08500000089406967,0.08500000089406967,0.08500000089406967,0,0.0,0.0,0.0
2026-03-09 00:00:00+08:00,0.08500000089406967,0.08500000089406967,0.08500000089406967,0.08500000089406967,0,0.0,0.0,0.0
2026-03-10 00:00:00+08:00,0.08500000089406967,0.08500000089406967,0.08500000089406967,0.08500000089406967,0,0.0,0.0,0.0
2026-03-11 00:00:00+08:00,0.08500000089406967,0.08500000089406967,0.08500000089406967,0.08500000089406967,0,0.0,0.0,0.0
2026-03-12 00:00:00+08:00,0.08500000089406967,0.08500000089406967,0.08500000089406967,0.08500000089406967,0,0.0,0.0,0.0
2026-03-13 00:00:00+08:00,0.08500000089406967,0.08500000089406967,0.08500000089406967,0.08500000089406967,0,0.0,0.0,0.0
2026-03-16 00:00:00+08:00,0.08500000089406967,0.08500000089406967,0.08500000089406967,0.08500000089406967,0,0.0,0.0,0.0
2026-03-17 00:00:00+08:00,0.08500000089406967,0.08500000089406967,0.08500000089406967,0.08500000089406967,0,0.0,0.0,0.0
2026-03-18 00:00:00+08:00,0.08500000089406967,0.08500000089406967,0.08500000089406967,0.08500000089406967,0,0.0,0.0,0.0
2026-03-19 00:00:00+08:00,0.08500000089406967,0.08500000089406967,0.08500000089406967,0.08500000089406967,0,0.0,0.0,0.0
2026-03-20 00:00:00+08:00,0.08500000089406967,0.08500000089406967,0.08500000089406967,0.08500000089406967,0,0.0,0.0,0.0
2026-03-23 00:00:00+08:00,0.08500000089406967,0.08500000089406967,0.08500000089406967,0.08500000089406967,0,0.0,0.0,0.0
2026-03-24 00:00:00+08:00,0.08500000089406967,0.08500000089406967,0.08500000089406967,0.08500000089406967,0,0.0,0.0,0.0
2026-03-25 00:00:00+08:00,0.08500000089406967,0.08500000089406967,0.08500000089406967,0.08500000089406967,0,0.0,0.0,0.0
2026-03-26 00:00:00+08:00,0.08500000089406967,0.08500000089406967,0.08500000089406967,0.08500000089406967,0,0.0,0.0,0.0
2026-03-27 00:00:00+08:00,0.08500000089406967,0.08500000089406967,0.08500000089406967,0.08500000089406967,0,0.0,0.0,0.0
2026-03-30 00:00:00+08:00,0.08500000089406967,0.08500000089406967,0.08500000089406967,0.08500000089406967,0,0.0,0.0,0.0
2026-03-31 00:00:00+08:00,0.08500000089406967,0.08500000089406967,0.08500000089406967,0.08500000089406967,0,0.0,0.0,0.0
2026-04-01 00:00:00+08:00,0.08500000089406967,0.08500000089406967,0.08500000089406967,0.08500000089406967,0,0.0,0.0,0.0
2026-04-02 00:00:00+08:00,0.08500000089406967,0.08500000089406967,0.08500000089406967,0.08500000089406967,0,0.0,0.0,0.0
2026-04-06 00:00:00+08:00,0.08500000089406967,0.08500000089406967,0.08500000089406967,0.08500000089406967,0,0.0,0.0,0.0
2026-04-07 00:00:00+08:00,0.08500000089406967,0.08500000089406967,0.08500000089406967,0.08500000089406967,0,0.0,0.0,0.0
2026-04-08 00:00:00+08:00,0.08500000089406967,0.08500000089406967,0.08500000089406967,0.08500000089406967,0,0.0,0.0,0.0
2026-04-09 00:00:00+08:00,0.08500000089406967,0.08500000089406967,0.08500000089406967,0.08500000089406967,0,0.0,0.0,0.0
2026-04-10 00:00:00+08:00,0.08500000089406967,0.08500000089406967,0.08500000089406967,0.08500000089406967,0,0.0,0.0,0.0
2026-04-13 00:00:00+08:00,0.08500000089406967,0.08500000089406967,0.08500000089406967,0.08500000089406967,0,0.0,0.0,0.0
2026-04-14 00:00:00+08:00,0.08500000089406967,0.08500000089406967,0.08500000089406967,0.08500000089406967,0,0.0,0.0,0.0
2026-04-15 00:00:00+08:00,0.08500000089406967,0.08500000089406967,0.08500000089406967,0.08500000089406967,0,0.0,0.0,0.0
2026-04-16 00:00:00+08:00,0.08500000089406967,0.08500000089406967,0.08500000089406967,0.08500000089406967,0,0.0,0.0,0.0
2026-04-17 00:00:00+08:00,0.08500000089406967,0.08500000089406967,0.08500000089406967,0.08500000089406967,0,0.0,0.0,0.0
2026-04-20 00:00:00+08:00,0.08500000089406967,0.08500000089406967,0.08500000089406967,0.08500000089406967,0,0.0,0.0,0.0
2026-04-21 00:00:00+08:00,0.08500000089406967,0.08500000089406967,0.08500000089406967,0.08500000089406967,0,0.0,0.0,0.0
2026-04-22 00:00:00+08:00,0.08500000089406967,0.08500000089406967,0.08500000089406967,0.08500000089406967,0,0.0,0.0,0.0
2026-04-23 00:00:00+08:00,0.08500000089406967,0.08500000089406967,0.08500000089406967,0.08500000089406967,0,0.0,0.0,0.0
2026-04-24 00:00:00+08:00,0.08500000089406967,0.08500000089406967,0.08500000089406967,0.08500000089406967,0,0.0,0.0,0.0
2026-04-27 00:00:00+08:00,0.08500000089406967,0.08500000089406967,0.08500000089406967,0.08500000089406967,0,0.0,0.0,0.0
2026-04-28 00:00:00+08:00,0.08500000089406967,0.08500000089406967,0.08500000089406967,0.08500000089406967,0,0.0,0.0,0.0
2026-04-29 00:00:00+08:00,0.08500000089406967,0.08500000089406967,0.08500000089406967,0.08500000089406967,0,0.0,0.0,0.0
2026-04-30 00:00:00+08:00,0.08500000089406967,0.08500000089406967,0.08500000089406967,0.08500000089406967,0,0.0,0.0,0.0
2026-05-01 00:00:00+08:00,0.08500000089406967,0.08500000089406967,0.08500000089406967,0.08500000089406967,0,0.0,0.0,0.0
2026-05-04 00:00:00+08:00,0.08500000089406967,0.08500000089406967,0.08500000089406967,0.08500000089406967,0,0.0,0.0,0.0
2026-05-05 00:00:00+08:00,0.08500000089406967,0.08500000089406967,0.08500000089406967,0.08500000089406967,0,0.0,0.0,0.0
2026-05-06 00:00:00+08:00,0.08500000089406967,0.08500000089406967,0.08500000089406967,0.08500000089406967,0,0.0,0.0,0.0
2026-05-07 00:00:00+08:00,0.08500000089406967,0.08500000089406967,0.08500000089406967,0.08500000089406967,0,0.0,0.0,0.0
2026-05-08 00:00:00+08:00,0.08500000089406967,0.08500000089406967,0.08500000089406967,0.08500000089406967,0,0.0,0.0,0.0
2026-05-11 00:00:00+08:00,0.08500000089406967,0.08500000089406967,0.08500000089406967,0.08500000089406967,0,0.0,0.0,0.0
2026-05-12 00:00:00+08:00,0.08500000089406967,0.08500000089406967,0.08500000089406967,0.08500000089406967,0,0.0,0.0,0.0
2026-05-13 00:00:00+08:00,0.08500000089406967,0.08500000089406967,0.08500000089406967,0.08500000089406967,0,0.0,0.0,0.0
2026-05-14 00:00:00+08:00,0.08500000089406967,0.08500000089406967,0.08500000089406967,0.08500000089406967,0,0.0,0.0,0.0
2026-05-15 00:00:00+08:00,0.08500000089406967,0.08500000089406967,0.08500000089406967,0.08500000089406967,0,0.0,0.0,0.0
2026-05-18 00:00:00+08:00,0.08500000089406967,0.08500000089406967,0.08500000089406967,0.08500000089406967,0,0.0,0.0,0.0
2026-05-19 00:00:00+08:00,0.08500000089406967,0.08500000089406967,0.08500000089406967,0.08500000089406967,0,0.0,0.0,0.0
2026-05-20 00:00:00+08:00,0.08500000089406967,0.08500000089406967,0.08500000089406967,0.08500000089406967,0,0.0,0.0,0.0
2026-05-21 00:00:00+08:00,0.08500000089406967,0.08500000089406967,0.08500000089406967,0.08500000089406967,0,0.0,0.0,0.0
2026-05-22 00:00:00+08:00,0.08500000089406967,0.08500000089406967,0.08500000089406967,0.08500000089406967,0,0.0,0.0,0.0
2026-05-25 00:00:00+08:00,0.08500000089406967,0.08500000089406967,0.08500000089406967,0.08500000089406967,0,0.0,0.0,0.0
2026-05-26 00:00:00+08:00,0.08500000089406967,0.08500000089406967,0.08500000089406967,0.08500000089406967,0,0.0,0.0,0.0
2026-05-27 00:00:00+08:00,0.08500000089406967,0.08500000089406967,0.08500000089406967,0.08500000089406967,0,0.0,0.0,0.0
2026-05-28 00:00:00+08:00,0.08500000089406967,0.08500000089406967,0.08500000089406967,0.08500000089406967,0,0.0,0.0,0.0
2026-05-29 00:00:00+08:00,0.08500000089406967,0.08500000089406967,0.08500000089406967,0.08500000089406967,0,0.0,0.0,0.0
