Date,Open,High,Low,Close,Volume,Dividends,Stock Splits,Capital Gains
2003-08-28 00:00:00+08:00,0.256439431257798,0.256439431257798,0.22982793353361028,0.23224738240242004,110767200,0.0,0.0,0.0
2003-08-29 00:00:00+08:00,0.22257018044597984,0.22498961169123396,0.20321642625398162,0.21289300918579102,22526400,0.0,0.0,0.0
2003-09-01 00:00:00+08:00,0.20321642705912596,0.20563528728936006,0.195958704319212,0.1983775645494461,3157200,0.0,0.0,0.0
2003-09-02 00:00:00+08:00,0.19353925576059616,0.20321642705912596,0.18870096427552213,0.1983775645494461,4107600,0.0,0.0,0.0
2003-09-03 00:00:00+08:00,0.20079703300868493,0.20079703300868493,0.19111985991713357,0.19353929162025452,3879600,0.0,0.0,0.0
2003-09-04 00:00:00+08:00,0.19111985991713357,0.20321646471180588,0.18628156753560327,0.19353929162025452,7605600,0.0,0.0,0.0
2003-09-05 00:00:00+08:00,0.19353930449334908,0.21047422009974168,0.19353930449334908,0.20321647822856903,9806400,0.0,0.0,0.0
2003-09-08 00:00:00+08:00,0.20321648828762107,0.20321648828762107,0.1959587633609772,0.19595876336097717,3012000,0.0,0.0,0.0
2003-09-09 00:00:00+08:00,0.1959587771158109,0.1959587771158109,0.179023876786232,0.179023876786232,3364800,0.0,0.0,0.0
2003-09-10 00:00:00+08:00,0.17902382398703862,0.18628154728261223,0.17660437524318695,0.17660437524318695,1808400,0.0,0.0,0.0
2003-09-11 00:00:00+08:00,0.17660440784510598,0.18386214978426665,0.17418556428692966,0.18144328892230988,1324800,0.0,0.0,0.0
2003-09-12 00:00:00+08:00,0.18386211584253784,0.1887009787226866,0.17660437524318695,0.17660437524318695,3226800,0.0,0.0,0.0
2003-09-15 00:00:00+08:00,0.18144327541971456,0.18144327541971456,0.1620889465120553,0.17176610231399536,1734000,0.0,0.0,0.0
2003-09-16 00:00:00+08:00,0.17660442732881643,0.18870103437594687,0.17660442732881643,0.179023876786232,3721200,0.0,0.0,0.0
2003-09-17 00:00:00+08:00,0.18144326805300443,0.18144326805300443,0.17418554425239563,0.17418554425239563,716400,0.0,0.0,0.0
2003-09-18 00:00:00+08:00,0.17418554425239563,0.17418554425239563,0.1717660953401845,0.17418554425239563,446400,0.0,0.0,0.0
2003-09-19 00:00:00+08:00,0.17418555132443764,0.17660439470260914,0.17176610231399536,0.17176610231399536,1162800,0.0,0.0,0.0
2003-09-22 00:00:00+08:00,0.17418555024545374,0.17418555024545374,0.16208894550800323,0.16208894550800323,1297200,0.0,0.0,0.0
2003-09-23 00:00:00+08:00,0.16450836802572702,0.16934666011455868,0.16208893646897266,0.16692779958248138,1438800,0.0,0.0,0.0
2003-09-24 00:00:00+08:00,0.16934667060733222,0.17176610231399536,0.16934667060733222,0.17176610231399536,1293600,0.0,0.0,0.0
2003-09-25 00:00:00+08:00,0.16934666011455868,0.17176609167131304,0.16692779958248138,0.16692779958248138,375600,0.0,0.0,0.0
2003-09-26 00:00:00+08:00,0.16934666011455868,0.16934666011455868,0.16450836802572702,0.16692779958248138,286800,0.0,0.0,0.0
2003-09-29 00:00:00+08:00,0.16692778904815217,0.16692778904815217,0.16208892624001006,0.16450835764408112,477600,0.0,0.0,0.0
2003-09-30 00:00:00+08:00,0.1645083771996793,0.1645083771996793,0.15967008484103606,0.16208894550800323,781200,0.0,0.0,0.0
2003-10-01 00:00:00+08:00,0.15967009678845379,0.15967009678845379,0.15483121573925018,0.15483121573925018,386400,0.0,0.0,0.0
2003-10-02 00:00:00+08:00,0.15967010700901252,0.15967010700901252,0.15725065767765045,0.15725065767765045,447600,0.0,0.0,0.0
2003-10-03 00:00:00+08:00,0.15725065767765045,0.15967010700901252,0.15725065767765045,0.15725065767765045,122400,0.0,0.0,0.0
2003-10-06 00:00:00+08:00,0.15967008484103606,0.16208894550800323,0.15967008484103606,0.16208894550800323,414000,0.0,0.0,0.0
2003-10-07 00:00:00+08:00,0.16208893025304505,0.16208893025304505,0.1548311895820071,0.15967006981372833,331200,0.0,0.0,0.0
2003-10-08 00:00:00+08:00,0.15725061715273198,0.16692778904815217,0.15725061715273198,0.16450835764408112,1112400,0.0,0.0,0.0
2003-10-09 00:00:00+08:00,0.16450835764408112,0.16450835764408112,0.16208892624001006,0.16450835764408112,267600,0.0,0.0,0.0
2003-10-10 00:00:00+08:00,0.16208892624001006,0.16450835764408112,0.16208892624001006,0.16450835764408112,282000,0.0,0.0,0.0
2003-10-13 00:00:00+08:00,0.16692779958248138,0.16692779958248138,0.16450836802572702,0.16692779958248138,495600,0.0,0.0,0.0
2003-10-14 00:00:00+08:00,0.16692780889135536,0.16692780889135536,0.16208894550800323,0.16208894550800323,325200,0.0,0.0,0.0
2003-10-15 00:00:00+08:00,0.1645083771996793,0.1645083771996793,0.16208894550800323,0.16208894550800323,462000,0.0,0.0,0.0
2003-10-16 00:00:00+08:00,0.1645083715395757,0.1766043875323606,0.1645083715395757,0.17418554425239563,1892400,0.0,0.0,0.0
2003-10-17 00:00:00+08:00,0.17418555612728495,0.17418555612728495,0.1693466752767563,0.1693466752767563,444000,0.0,0.0,0.0
2003-10-20 00:00:00+08:00,0.16692779958248138,0.16692779958248138,0.16450836802572702,0.16692779958248138,216000,0.0,0.0,0.0
2003-10-21 00:00:00+08:00,0.16692778904815217,0.16692778904815217,0.16450835764408112,0.16450835764408112,144000,0.0,0.0,0.0
2003-10-22 00:00:00+08:00,0.16692779958248138,0.17418554053184548,0.16692779958248138,0.16692779958248138,873600,0.0,0.0,0.0
2003-10-23 00:00:00+08:00,0.16692783206696613,0.16692783206696613,0.15483122565006985,0.15725065767765045,734400,0.0,0.0,0.0
2003-10-24 00:00:00+08:00,0.15725065767765045,0.15725065767765045,0.15725065767765045,0.15725065767765045,0,0.0,0.0,0.0
2003-10-27 00:00:00+08:00,0.16208893025304505,0.16208893025304505,0.157250621045979,0.15967006981372833,144000,0.0,0.0,0.0
2003-10-28 00:00:00+08:00,0.15967010700901252,0.15967010700901252,0.15725065767765045,0.15725065767765045,183600,0.0,0.0,0.0
2003-10-29 00:00:00+08:00,0.15967009678845379,0.15967009678845379,0.15483121573925018,0.15483121573925018,274800,0.0,0.0,0.0
2003-10-30 00:00:00+08:00,0.1548311943828402,0.1548311943828402,0.14515461027622223,0.14515461027622223,315600,0.0,0.0,0.0
2003-10-31 00:00:00+08:00,0.15241234471896986,0.15241234471896986,0.14273518024685916,0.1499929130077362,177600,0.0,0.0,0.0
2003-11-03 00:00:00+08:00,0.1524123251438141,0.1524123251438141,0.1524123251438141,0.1524123251438141,58800,0.0,0.0,0.0
2003-11-04 00:00:00+08:00,0.1524123251438141,0.15483118551966663,0.1524123251438141,0.1524123251438141,165600,0.0,0.0,0.0
2003-11-05 00:00:00+08:00,0.15483118551966663,0.15483118551966663,0.14999289374332136,0.1524123251438141,110400,0.0,0.0,0.0
2003-11-06 00:00:00+08:00,0.14515462365282458,0.14757348439005072,0.14273518323898315,0.14273518323898315,122400,0.0,0.0,0.0
2003-11-07 00:00:00+08:00,0.14273518323898315,0.14273518323898315,0.14273518323898315,0.14273518323898315,6000,0.0,0.0,0.0
2003-11-10 00:00:00+08:00,0.1427351728870644,0.14515461312543504,0.14031574130058289,0.14031574130058289,48000,0.0,0.0,0.0
2003-11-11 00:00:00+08:00,0.13789688073878545,0.1427351728870644,0.13789688073878545,0.14031574130058289,168000,0.0,0.0,0.0
2003-11-12 00:00:00+08:00,0.13789686996654912,0.13789686996654912,0.1354774385690689,0.1354774385690689,145200,0.0,0.0,0.0
2003-11-13 00:00:00+08:00,0.13547746356476315,0.13789689540863037,0.13547746356476315,0.13789689540863037,204000,0.0,0.0,0.0
2003-11-14 00:00:00+08:00,0.13789686996654912,0.13789686996654912,0.1354774385690689,0.1354774385690689,12000,0.0,0.0,0.0
2003-11-17 00:00:00+08:00,0.1354774385690689,0.1354774385690689,0.1354774385690689,0.1354774385690689,96000,0.0,0.0,0.0
2003-11-18 00:00:00+08:00,0.1354774385690689,0.1354774385690689,0.1354774385690689,0.1354774385690689,18000,0.0,0.0,0.0
2003-11-19 00:00:00+08:00,0.1354774385690689,0.1354774385690689,0.1354774385690689,0.1354774385690689,24000,0.0,0.0,0.0
2003-11-20 00:00:00+08:00,0.13547745181780263,0.13547745181780263,0.13305801153182983,0.13305801153182983,226800,0.0,0.0,0.0
2003-11-21 00:00:00+08:00,0.1306391554188335,0.1306391554188335,0.12821972370147705,0.12821972370147705,87600,0.0,0.0,0.0
2003-11-24 00:00:00+08:00,0.1306391602678693,0.1306391602678693,0.12338143587112428,0.12338143587112427,84000,0.0,0.0,0.0
2003-11-25 00:00:00+08:00,0.12338143587112428,0.12338143587112428,0.12338143587112428,0.12338143587112427,0,0.0,0.0,0.0
2003-11-26 00:00:00+08:00,0.12580029666423798,0.12580029666423798,0.12580029666423798,0.12580029666423798,36000,0.0,0.0,0.0
2003-11-27 00:00:00+08:00,0.12580029666423798,0.12580029666423798,0.12580029666423798,0.12580029666423798,0,0.0,0.0,0.0
2003-11-28 00:00:00+08:00,0.13547743617423785,0.13547743617423785,0.12580026447624262,0.13063913583755493,48000,0.0,0.0,0.0
2003-12-01 00:00:00+08:00,0.1330580089139333,0.14031574130058289,0.1330580089139333,0.14031574130058289,87600,0.0,0.0,0.0
2003-12-02 00:00:00+08:00,0.12821972370147705,0.12821972370147705,0.12821972370147705,0.12821972370147705,12000,0.0,0.0,0.0
2003-12-03 00:00:00+08:00,0.13063913583755493,0.13063913583755493,0.13063913583755493,0.13063913583755493,48000,0.0,0.0,0.0
2003-12-04 00:00:00+08:00,0.13547745181780263,0.13547745181780263,0.13305801153182983,0.13305801153182983,103200,0.0,0.0,0.0
2003-12-05 00:00:00+08:00,0.12096199092223306,0.13547745648072107,0.12096199092223306,0.12821972370147705,36000,0.0,0.0,0.0
2003-12-08 00:00:00+08:00,0.13063913583755493,0.13063913583755493,0.13063913583755493,0.13063913583755493,72000,0.0,0.0,0.0
2003-12-09 00:00:00+08:00,0.1306391554188335,0.1306391554188335,0.12821972370147705,0.12821972370147705,78000,0.0,0.0,0.0
2003-12-10 00:00:00+08:00,0.13305799616763753,0.13305799616763753,0.13063913583755493,0.13063913583755493,56400,0.0,0.0,0.0
2003-12-11 00:00:00+08:00,0.13063913583755493,0.13063913583755493,0.13063913583755493,0.13063913583755493,0,0.0,0.0,0.0
2003-12-12 00:00:00+08:00,0.13063913583755493,0.13063913583755493,0.13063913583755493,0.13063913583755493,0,0.0,0.0,0.0
2003-12-15 00:00:00+08:00,0.1306391554188335,0.1306391554188335,0.12821972370147705,0.12821972370147705,128400,0.0,0.0,0.0
2003-12-16 00:00:00+08:00,0.14031575622775275,0.14031575622775275,0.13547746356476315,0.13789689540863037,36000,0.0,0.0,0.0
2003-12-17 00:00:00+08:00,0.13063913583755493,0.13063913583755493,0.13063913583755493,0.13063913583755493,43200,0.0,0.0,0.0
2003-12-18 00:00:00+08:00,0.13063913583755493,0.13063913583755493,0.13063913583755493,0.13063913583755493,0,0.0,0.0,0.0
2003-12-19 00:00:00+08:00,0.12338143587112428,0.12338143587112428,0.12338143587112428,0.12338143587112427,3600,0.0,0.0,0.0
2003-12-22 00:00:00+08:00,0.12338143587112428,0.12338143587112428,0.12338143587112428,0.12338143587112427,0,0.0,0.0,0.0
2003-12-23 00:00:00+08:00,0.12338143587112428,0.12338143587112428,0.12338143587112428,0.12338143587112427,0,0.0,0.0,0.0
2003-12-24 00:00:00+08:00,0.12338143587112428,0.12338143587112428,0.12338143587112428,0.12338143587112427,0,0.0,0.0,0.0
2003-12-25 00:00:00+08:00,0.12338143587112428,0.12338143587112428,0.12338143587112428,0.12338143587112427,0,0.0,0.0,0.0
2003-12-26 00:00:00+08:00,0.12338143587112428,0.12338143587112428,0.12338143587112428,0.12338143587112427,0,0.0,0.0,0.0
2003-12-29 00:00:00+08:00,0.13063913583755493,0.13063913583755493,0.13063913583755493,0.13063913583755493,6000,0.0,0.0,0.0
2003-12-30 00:00:00+08:00,0.1306391509224417,0.13305801153182983,0.1306391509224417,0.13305801153182983,14400,0.0,0.0,0.0
2003-12-31 00:00:00+08:00,0.13305801153182983,0.13305801153182983,0.13305801153182983,0.13305801153182983,0,0.0,0.0,0.0
2004-01-01 00:00:00+08:00,0.13305801153182983,0.13305801153182983,0.13305801153182983,0.13305801153182983,0,0.0,0.0,0.0
2004-01-02 00:00:00+08:00,0.13789688784910537,0.1499929130077362,0.1354774561378717,0.1499929130077362,483600,0.0,0.0,0.0
2004-01-05 00:00:00+08:00,0.14999289374332136,0.15483118551966663,0.14999289374332136,0.1524123251438141,434400,0.0,0.0,0.0
2004-01-06 00:00:00+08:00,0.15725063711672363,0.1596700861317365,0.1499929130077362,0.1499929130077362,429600,0.0,0.0,0.0
2004-01-07 00:00:00+08:00,0.14999289374332136,0.1524123251438141,0.14999289374332136,0.1524123251438141,58800,0.0,0.0,0.0
2004-01-08 00:00:00+08:00,0.1499929230185786,0.15483121573925018,0.1499929230185786,0.15483121573925018,135600,0.0,0.0,0.0
2004-01-09 00:00:00+08:00,0.15483118551966663,0.15483118551966663,0.1524123251438141,0.1524123251438141,51600,0.0,0.0,0.0
2004-01-12 00:00:00+08:00,0.1524123251438141,0.1524123251438141,0.1524123251438141,0.1524123251438141,0,0.0,0.0,0.0
2004-01-13 00:00:00+08:00,0.1499929130077362,0.1499929130077362,0.1499929130077362,0.1499929130077362,12000,0.0,0.0,0.0
2004-01-14 00:00:00+08:00,0.14999290261289766,0.14999290261289766,0.14757347106933594,0.14757347106933594,61200,0.0,0.0,0.0
2004-01-15 00:00:00+08:00,0.14757347079054028,0.14757347079054028,0.14515461027622223,0.14515461027622223,78000,0.0,0.0,0.0
2004-01-16 00:00:00+08:00,0.14757347106933594,0.14757347106933594,0.14757347106933594,0.14757347106933594,16800,0.0,0.0,0.0
2004-01-19 00:00:00+08:00,0.14999289374332136,0.1524123251438141,0.14999289374332136,0.1524123251438141,55200,0.0,0.0,0.0
2004-01-20 00:00:00+08:00,0.15483121573925018,0.1572506476119618,0.1524123548912902,0.15483121573925018,114000,0.0,0.0,0.0
2004-01-21 00:00:00+08:00,0.15483121573925018,0.15483121573925018,0.15483121573925018,0.15483121573925018,0,0.0,0.0,0.0
2004-01-22 00:00:00+08:00,0.15483121573925018,0.15483121573925018,0.15483121573925018,0.15483121573925018,0,0.0,0.0,0.0
2004-01-23 00:00:00+08:00,0.15483121573925018,0.15483121573925018,0.15483121573925018,0.15483121573925018,0,0.0,0.0,0.0
2004-01-26 00:00:00+08:00,0.15483121573925018,0.15483121573925018,0.15483121573925018,0.15483121573925018,13200,0.0,0.0,0.0
2004-01-27 00:00:00+08:00,0.1548311895820071,0.15967006981372833,0.1548311895820071,0.15967006981372833,126000,0.0,0.0,0.0
2004-01-28 00:00:00+08:00,0.1572506476119618,0.1572506476119618,0.1524123548912902,0.15483121573925018,182400,0.0,0.0,0.0
2004-01-29 00:00:00+08:00,0.1499929130077362,0.1499929130077362,0.1499929130077362,0.1499929130077362,39600,0.0,0.0,0.0
2004-01-30 00:00:00+08:00,0.14515461027622223,0.14515461027622223,0.14515461027622223,0.14515461027622223,6000,0.0,0.0,0.0
2004-02-02 00:00:00+08:00,0.14515461027622223,0.14515461027622223,0.14515461027622223,0.14515461027622223,0,0.0,0.0,0.0
2004-02-03 00:00:00+08:00,0.14515461027622223,0.14515461027622223,0.14515461027622223,0.14515461027622223,0,0.0,0.0,0.0
2004-02-04 00:00:00+08:00,0.14757347106933594,0.14757347106933594,0.14757347106933594,0.14757347106933594,42000,0.0,0.0,0.0
2004-02-05 00:00:00+08:00,0.1524123251438141,0.1524123251438141,0.1524123251438141,0.1524123251438141,9600,0.0,0.0,0.0
2004-02-06 00:00:00+08:00,0.15241234471896986,0.15241234471896986,0.1499929130077362,0.1499929130077362,67200,0.0,0.0,0.0
2004-02-09 00:00:00+08:00,0.15241236464727745,0.15725065767765045,0.15241236464727745,0.15725065767765045,147600,0.0,0.0,0.0
2004-02-10 00:00:00+08:00,0.15967010700901252,0.15967010700901252,0.15725065767765045,0.15725065767765045,144000,0.0,0.0,0.0
2004-02-11 00:00:00+08:00,0.15483121573925018,0.1572506476119618,0.15483121573925018,0.15483121573925018,109200,0.0,0.0,0.0
2004-02-12 00:00:00+08:00,0.1572506476119618,0.15967009678845379,0.15483121573925018,0.15483121573925018,531600,0.0,0.0,0.0
2004-02-13 00:00:00+08:00,0.15725063584558094,0.16208894550800323,0.15725063584558094,0.16208894550800323,368400,0.0,0.0,0.0
2004-02-16 00:00:00+08:00,0.15967008484103606,0.16208894550800323,0.15967008484103606,0.16208894550800323,223200,0.0,0.0,0.0
2004-02-17 00:00:00+08:00,0.16450836802572702,0.16934666011455868,0.16450836802572702,0.16692779958248138,286800,0.0,0.0,0.0
2004-02-18 00:00:00+08:00,0.16450835764408112,0.16450835764408112,0.16450835764408112,0.16450835764408112,22800,0.0,0.0,0.0
2004-02-19 00:00:00+08:00,0.16450836802572702,0.16692779958248138,0.16450836802572702,0.16692779958248138,291600,0.0,0.0,0.0
2004-02-20 00:00:00+08:00,0.16692780992538156,0.17418555132443764,0.16692780992538156,0.17176610231399536,752400,0.0,0.0,0.0
2004-02-23 00:00:00+08:00,0.17176610111128898,0.18386213481426242,0.17176610111128898,0.1838621348142624,890400,0.0,0.0,0.0
2004-02-24 00:00:00+08:00,0.179023876786232,0.1814433089398652,0.179023876786232,0.179023876786232,489600,0.0,0.0,0.0
2004-02-25 00:00:00+08:00,0.17418555612728495,0.17418555612728495,0.1693466752767563,0.1693466752767563,12000,0.0,0.0,0.0
2004-02-26 00:00:00+08:00,0.17176610231399536,0.17418555132443764,0.17176610231399536,0.17176610231399536,98400,0.0,0.0,0.0
2004-02-27 00:00:00+08:00,0.17176610231399536,0.17176610231399536,0.17176610231399536,0.17176610231399536,0,0.0,0.0,0.0
2004-03-01 00:00:00+08:00,0.1693466752767563,0.1693466752767563,0.1693466752767563,0.1693466752767563,12000,0.0,0.0,0.0
2004-03-02 00:00:00+08:00,0.16692779958248138,0.16692779958248138,0.16208893646897266,0.16692779958248138,76800,0.0,0.0,0.0
2004-03-03 00:00:00+08:00,0.16692779958248138,0.16692779958248138,0.16692779958248138,0.16692779958248138,0,0.0,0.0,0.0
2004-03-04 00:00:00+08:00,0.16692779958248138,0.16692779958248138,0.16692779958248138,0.16692779958248138,0,0.0,0.0,0.0
2004-03-05 00:00:00+08:00,0.16692779958248138,0.16692779958248138,0.16692779958248138,0.16692779958248138,0,0.0,0.0,0.0
2004-03-08 00:00:00+08:00,0.16692779958248138,0.16692779958248138,0.16692779958248138,0.16692779958248138,0,0.0,0.0,0.0
2004-03-09 00:00:00+08:00,0.15967006981372833,0.15967006981372833,0.15967006981372833,0.15967006981372833,9600,0.0,0.0,0.0
2004-03-10 00:00:00+08:00,0.15967006981372833,0.15967006981372833,0.15967006981372833,0.15967006981372833,0,0.0,0.0,0.0
2004-03-11 00:00:00+08:00,0.15967006981372833,0.15967006981372833,0.15967006981372833,0.15967006981372833,0,0.0,0.0,0.0
2004-03-12 00:00:00+08:00,0.15967006981372833,0.15967006981372833,0.15967006981372833,0.15967006981372833,0,0.0,0.0,0.0
2004-03-15 00:00:00+08:00,0.15967006981372833,0.15967006981372833,0.15967006981372833,0.15967006981372833,0,0.0,0.0,0.0
2004-03-16 00:00:00+08:00,0.16450835764408112,0.16450835764408112,0.16450835764408112,0.16450835764408112,13200,0.0,0.0,0.0
2004-03-17 00:00:00+08:00,0.16450835764408112,0.16450835764408112,0.16450835764408112,0.16450835764408112,0,0.0,0.0,0.0
2004-03-18 00:00:00+08:00,0.16450835764408112,0.16450835764408112,0.16450835764408112,0.16450835764408112,0,0.0,0.0,0.0
2004-03-19 00:00:00+08:00,0.1499929130077362,0.1499929130077362,0.1499929130077362,0.1499929130077362,6000,0.0,0.0,0.0
2004-03-22 00:00:00+08:00,0.1499929130077362,0.1499929130077362,0.1499929130077362,0.1499929130077362,0,0.0,0.0,0.0
2004-03-23 00:00:00+08:00,0.1499929130077362,0.1499929130077362,0.1499929130077362,0.1499929130077362,0,0.0,0.0,0.0
2004-03-24 00:00:00+08:00,0.1499929130077362,0.1499929130077362,0.1499929130077362,0.1499929130077362,0,0.0,0.0,0.0
2004-03-25 00:00:00+08:00,0.1499929130077362,0.1499929130077362,0.1499929130077362,0.1499929130077362,0,0.0,0.0,0.0
2004-03-26 00:00:00+08:00,0.1499929130077362,0.1499929130077362,0.1499929130077362,0.1499929130077362,0,0.0,0.0,0.0
2004-03-29 00:00:00+08:00,0.1499929130077362,0.1499929130077362,0.1499929130077362,0.1499929130077362,0,0.0,0.0,0.0
2004-03-30 00:00:00+08:00,0.1499929130077362,0.1499929130077362,0.1499929130077362,0.1499929130077362,0,0.0,0.0,0.0
2004-03-31 00:00:00+08:00,0.1499929130077362,0.1499929130077362,0.1499929130077362,0.1499929130077362,12000,0.0,0.0,0.0
2004-04-01 00:00:00+08:00,0.1499929130077362,0.1499929130077362,0.1499929130077362,0.1499929130077362,0,0.0,0.0,0.0
2004-04-02 00:00:00+08:00,0.1499929130077362,0.1499929130077362,0.1499929130077362,0.1499929130077362,12000,0.0,0.0,0.0
2004-04-05 00:00:00+08:00,0.16450835764408112,0.16450835764408112,0.16450835764408112,0.16450835764408112,18000,0.0,0.0,0.0
2004-04-06 00:00:00+08:00,0.16450837852949027,0.16450837852949027,0.1499929130077362,0.1499929130077362,2400,0.0,0.0,0.0
2004-04-07 00:00:00+08:00,0.15967006586058005,0.16450835764408112,0.15967006586058005,0.16450835764408112,18000,0.0,0.0,0.0
2004-04-08 00:00:00+08:00,0.16450835764408112,0.16450835764408112,0.16450835764408112,0.16450835764408112,0,0.0,0.0,0.0
2004-04-09 00:00:00+08:00,0.16450835764408112,0.16450835764408112,0.16450835764408112,0.16450835764408112,0,0.0,0.0,0.0
2004-04-12 00:00:00+08:00,0.1524123251438141,0.1524123251438141,0.1524123251438141,0.1524123251438141,1200,0.0,0.0,0.0
2004-04-13 00:00:00+08:00,0.1524123251438141,0.1524123251438141,0.1524123251438141,0.1524123251438141,0,0.0,0.0,0.0
2004-04-14 00:00:00+08:00,0.1524123251438141,0.1669277888012671,0.1524123251438141,0.1524123251438141,23580000,0.0,0.0,0.0
2004-04-15 00:00:00+08:00,0.15483118551966663,0.15725061692015938,0.1524123251438141,0.1524123251438141,50400,0.0,0.0,0.0
2004-04-16 00:00:00+08:00,0.1403157579005936,0.15483121573925018,0.1403157579005936,0.15483121573925018,2400,0.0,0.0,0.0
2004-04-19 00:00:00+08:00,0.15483121573925018,0.15483121573925018,0.15483121573925018,0.15483121573925018,42000,0.0,0.0,0.0
2004-04-20 00:00:00+08:00,0.1693466752767563,0.1693466752767563,0.1693466752767563,0.1693466752767563,12000,0.0,0.0,0.0
2004-04-21 00:00:00+08:00,0.1693466752767563,0.1693466752767563,0.1693466752767563,0.1693466752767563,0,0.0,0.0,0.0
2004-04-22 00:00:00+08:00,0.1693466752767563,0.1693466752767563,0.1693466752767563,0.1693466752767563,0,0.0,0.0,0.0
2004-04-23 00:00:00+08:00,0.1693466752767563,0.1693466752767563,0.1693466752767563,0.1693466752767563,0,0.0,0.0,0.0
2004-04-26 00:00:00+08:00,0.1499929130077362,0.1499929130077362,0.1499929130077362,0.1499929130077362,19200,0.0,0.0,0.0
2004-04-27 00:00:00+08:00,0.1499929130077362,0.1499929130077362,0.1499929130077362,0.1499929130077362,0,0.0,0.0,0.0
2004-04-28 00:00:00+08:00,0.1499929130077362,0.1499929130077362,0.1499929130077362,0.1499929130077362,0,0.0,0.0,0.0
2004-04-29 00:00:00+08:00,0.1499929130077362,0.1499929130077362,0.1499929130077362,0.1499929130077362,0,0.0,0.0,0.0
2004-04-30 00:00:00+08:00,0.1499929130077362,0.1499929130077362,0.1499929130077362,0.1499929130077362,0,0.0,0.0,0.0
2004-05-03 00:00:00+08:00,0.1499929130077362,0.1499929130077362,0.1499929130077362,0.1499929130077362,1200,0.0,0.0,0.0
2004-05-04 00:00:00+08:00,0.1499929130077362,0.1499929130077362,0.1499929130077362,0.1499929130077362,0,0.0,0.0,0.0
2004-05-05 00:00:00+08:00,0.1499929130077362,0.1499929130077362,0.1499929130077362,0.1499929130077362,0,0.0,0.0,0.0
2004-05-06 00:00:00+08:00,0.1499929130077362,0.1499929130077362,0.1499929130077362,0.1499929130077362,6000,0.0,0.0,0.0
2004-05-07 00:00:00+08:00,0.1499929130077362,0.1499929130077362,0.1499929130077362,0.1499929130077362,18000,0.0,0.0,0.0
2004-05-10 00:00:00+08:00,0.1499929130077362,0.1499929130077362,0.1499929130077362,0.1499929130077362,0,0.0,0.0,0.0
2004-05-11 00:00:00+08:00,0.13789689540863037,0.13789689540863037,0.13789689540863037,0.13789689540863037,21600,0.0,0.0,0.0
2004-05-12 00:00:00+08:00,0.13789689540863037,0.13789689540863037,0.13789689540863037,0.13789689540863037,0,0.0,0.0,0.0
2004-05-13 00:00:00+08:00,0.13789689540863037,0.13789689540863037,0.13789689540863037,0.13789689540863037,0,0.0,0.0,0.0
2004-05-14 00:00:00+08:00,0.13789689540863037,0.13789689540863037,0.13789689540863037,0.13789689540863037,0,0.0,0.0,0.0
2004-05-17 00:00:00+08:00,0.13789689540863037,0.13789689540863037,0.13789689540863037,0.13789689540863037,0,0.0,0.0,0.0
2004-05-18 00:00:00+08:00,0.13789689540863037,0.13789689540863037,0.13789689540863037,0.13789689540863037,0,0.0,0.0,0.0
2004-05-19 00:00:00+08:00,0.1499929130077362,0.1499929130077362,0.1499929130077362,0.1499929130077362,39600,0.0,0.0,0.0
2004-05-20 00:00:00+08:00,0.1499929130077362,0.1499929130077362,0.1499929130077362,0.1499929130077362,0,0.0,0.0,0.0
2004-05-21 00:00:00+08:00,0.1499929130077362,0.1499929130077362,0.1499929130077362,0.1499929130077362,0,0.0,0.0,0.0
2004-05-24 00:00:00+08:00,0.1499929130077362,0.1499929130077362,0.1499929130077362,0.1499929130077362,0,0.0,0.0,0.0
2004-05-25 00:00:00+08:00,0.1499929130077362,0.1499929130077362,0.1499929130077362,0.1499929130077362,0,0.0,0.0,0.0
2004-05-26 00:00:00+08:00,0.1499929130077362,0.1499929130077362,0.1499929130077362,0.1499929130077362,0,0.0,0.0,0.0
2004-05-27 00:00:00+08:00,0.1499929130077362,0.1499929130077362,0.1499929130077362,0.1499929130077362,0,0.0,0.0,0.0
2004-05-28 00:00:00+08:00,0.1499929130077362,0.1499929130077362,0.1499929130077362,0.1499929130077362,0,0.0,0.0,0.0
2004-05-31 00:00:00+08:00,0.135477465179922,0.15483121573925018,0.135477465179922,0.15483121573925018,57600,0.0,0.0,0.0
2004-06-01 00:00:00+08:00,0.15483121573925018,0.15483121573925018,0.15483121573925018,0.15483121573925018,21600,0.0,0.0,0.0
2004-06-02 00:00:00+08:00,0.15483121573925018,0.15483121573925018,0.15483121573925018,0.15483121573925018,0,0.0,0.0,0.0
2004-06-03 00:00:00+08:00,0.15080998837947845,0.15080998837947845,0.15080998837947845,0.15080998837947845,24000,0.01,0.0,0.0
2004-06-04 00:00:00+08:00,0.15080998837947845,0.15080998837947845,0.15080998837947845,0.15080998837947845,0,0.0,0.0,0.0
2004-06-07 00:00:00+08:00,0.15080998837947845,0.15080998837947845,0.15080998837947845,0.15080998837947845,0,0.0,0.0,0.0
2004-06-08 00:00:00+08:00,0.14578258905703922,0.15080998837947845,0.14578258905703922,0.15080998837947845,48000,0.0,0.0,0.0
2004-06-09 00:00:00+08:00,0.15080998837947845,0.15080998837947845,0.15080998837947845,0.15080998837947845,0,0.0,0.0,0.0
2004-06-10 00:00:00+08:00,0.1558367908000946,0.1558367908000946,0.1558367908000946,0.1558367908000946,12000,0.0,0.0,0.0
2004-06-11 00:00:00+08:00,0.1558367908000946,0.1558367908000946,0.1558367908000946,0.1558367908000946,0,0.0,0.0,0.0
2004-06-14 00:00:00+08:00,0.1558367908000946,0.1558367908000946,0.1558367908000946,0.1558367908000946,0,0.0,0.0,0.0
2004-06-15 00:00:00+08:00,0.15080998837947845,0.15080998837947845,0.15080998837947845,0.15080998837947845,108000,0.0,0.0,0.0
2004-06-16 00:00:00+08:00,0.15080998837947845,0.15080998837947845,0.15080998837947845,0.15080998837947845,0,0.0,0.0,0.0
2004-06-17 00:00:00+08:00,0.15080998837947845,0.15080998837947845,0.15080998837947845,0.15080998837947845,0,0.0,0.0,0.0
2004-06-18 00:00:00+08:00,0.15080998837947845,0.15080998837947845,0.15080998837947845,0.15080998837947845,0,0.0,0.0,0.0
2004-06-21 00:00:00+08:00,0.15080998837947845,0.15080998837947845,0.15080998837947845,0.15080998837947845,0,0.0,0.0,0.0
2004-06-22 00:00:00+08:00,0.15080998837947845,0.15080998837947845,0.15080998837947845,0.15080998837947845,0,0.0,0.0,0.0
2004-06-23 00:00:00+08:00,0.15080998837947845,0.15080998837947845,0.15080998837947845,0.15080998837947845,0,0.0,0.0,0.0
2004-06-24 00:00:00+08:00,0.15080998837947845,0.15080998837947845,0.15080998837947845,0.15080998837947845,0,0.0,0.0,0.0
2004-06-25 00:00:00+08:00,0.15080998837947845,0.15080998837947845,0.15080998837947845,0.15080998837947845,0,0.0,0.0,0.0
2004-06-28 00:00:00+08:00,0.15080998837947845,0.15080998837947845,0.15080998837947845,0.15080998837947845,0,0.0,0.0,0.0
2004-06-29 00:00:00+08:00,0.15080998837947845,0.15080998837947845,0.15080998837947845,0.15080998837947845,0,0.0,0.0,0.0
2004-06-30 00:00:00+08:00,0.1633772999048233,0.1633772999048233,0.1633772999048233,0.1633772999048233,6000,0.0,0.0,0.0
2004-07-01 00:00:00+08:00,0.1633772999048233,0.1633772999048233,0.1633772999048233,0.1633772999048233,0,0.0,0.0,0.0
2004-07-02 00:00:00+08:00,0.1633772999048233,0.1633772999048233,0.1633772999048233,0.1633772999048233,0,0.0,0.0,0.0
2004-07-05 00:00:00+08:00,0.16086360812187195,0.16086360812187195,0.16086360812187195,0.16086360812187195,24000,0.0,0.0,0.0
2004-07-06 00:00:00+08:00,0.16086360812187195,0.16086360812187195,0.16086360812187195,0.16086360812187195,0,0.0,0.0,0.0
2004-07-07 00:00:00+08:00,0.16086360812187195,0.16086360812187195,0.16086360812187195,0.16086360812187195,0,0.0,0.0,0.0
2004-07-08 00:00:00+08:00,0.16086360812187195,0.16086360812187195,0.16086360812187195,0.16086360812187195,0,0.0,0.0,0.0
2004-07-09 00:00:00+08:00,0.16086360812187195,0.16086360812187195,0.16086360812187195,0.16086360812187195,0,0.0,0.0,0.0
2004-07-12 00:00:00+08:00,0.15080998837947845,0.15080998837947845,0.15080998837947845,0.15080998837947845,36000,0.0,0.0,0.0
2004-07-13 00:00:00+08:00,0.15080998837947845,0.15080998837947845,0.15080998837947845,0.15080998837947845,0,0.0,0.0,0.0
2004-07-14 00:00:00+08:00,0.15080998837947845,0.15080998837947845,0.15080998837947845,0.15080998837947845,0,0.0,0.0,0.0
2004-07-15 00:00:00+08:00,0.15080998837947845,0.15080998837947845,0.15080998837947845,0.15080998837947845,0,0.0,0.0,0.0
2004-07-16 00:00:00+08:00,0.15080998837947845,0.15080998837947845,0.15080998837947845,0.15080998837947845,0,0.0,0.0,0.0
2004-07-19 00:00:00+08:00,0.15080998837947845,0.15080998837947845,0.15080998837947845,0.15080998837947845,0,0.0,0.0,0.0
2004-07-20 00:00:00+08:00,0.1558367908000946,0.1558367908000946,0.1558367908000946,0.1558367908000946,38400,0.0,0.0,0.0
2004-07-21 00:00:00+08:00,0.15080998837947845,0.15080998837947845,0.15080998837947845,0.15080998837947845,24000,0.0,0.0,0.0
2004-07-22 00:00:00+08:00,0.14578260481357574,0.14578260481357574,0.14578260481357574,0.14578260481357574,18000,0.0,0.0,0.0
2004-07-23 00:00:00+08:00,0.14578260481357574,0.14578260481357574,0.14578260481357574,0.14578260481357574,0,0.0,0.0,0.0
2004-07-26 00:00:00+08:00,0.14578260481357574,0.14578260481357574,0.14578260481357574,0.14578260481357574,0,0.0,0.0,0.0
2004-07-27 00:00:00+08:00,0.14578260481357574,0.14578260481357574,0.14578260481357574,0.14578260481357574,0,0.0,0.0,0.0
2004-07-28 00:00:00+08:00,0.14578260481357574,0.14578260481357574,0.14578260481357574,0.14578260481357574,0,0.0,0.0,0.0
2004-07-29 00:00:00+08:00,0.14578260481357574,0.14578260481357574,0.14578260481357574,0.14578260481357574,4800,0.0,0.0,0.0
2004-07-30 00:00:00+08:00,0.14578260481357574,0.14578260481357574,0.14578260481357574,0.14578260481357574,0,0.0,0.0,0.0
2004-08-02 00:00:00+08:00,0.1508099935661509,0.1558367908000946,0.1508099935661509,0.1558367908000946,420000,0.0,0.0,0.0
2004-08-03 00:00:00+08:00,0.1558367908000946,0.1558367908000946,0.1558367908000946,0.1558367908000946,0,0.0,0.0,0.0
2004-08-04 00:00:00+08:00,0.1558367908000946,0.1558367908000946,0.1558367908000946,0.1558367908000946,0,0.0,0.0,0.0
2004-08-05 00:00:00+08:00,0.14075580720920575,0.14578260481357574,0.14075580720920575,0.14578260481357574,9600,0.0,0.0,0.0
2004-08-06 00:00:00+08:00,0.1407558023929596,0.1407558023929596,0.1407558023929596,0.1407558023929596,15600,0.0,0.0,0.0
2004-08-09 00:00:00+08:00,0.1407558023929596,0.1407558023929596,0.1407558023929596,0.1407558023929596,0,0.0,0.0,0.0
2004-08-10 00:00:00+08:00,0.1407558023929596,0.1407558023929596,0.1407558023929596,0.1407558023929596,12000,0.0,0.0,0.0
2004-08-11 00:00:00+08:00,0.1407558023929596,0.1407558023929596,0.1407558023929596,0.1407558023929596,0,0.0,0.0,0.0
2004-08-12 00:00:00+08:00,0.15080998837947845,0.15080998837947845,0.15080998837947845,0.15080998837947845,6000,0.0,0.0,0.0
2004-08-13 00:00:00+08:00,0.14578260481357574,0.14578260481357574,0.14578260481357574,0.14578260481357574,12000,0.0,0.0,0.0
2004-08-16 00:00:00+08:00,0.14578260481357574,0.14578260481357574,0.14578260481357574,0.14578260481357574,0,0.0,0.0,0.0
2004-08-17 00:00:00+08:00,0.14578260481357574,0.14578260481357574,0.14578260481357574,0.14578260481357574,0,0.0,0.0,0.0
2004-08-18 00:00:00+08:00,0.14578260481357574,0.14578260481357574,0.14578260481357574,0.14578260481357574,0,0.0,0.0,0.0
2004-08-19 00:00:00+08:00,0.14578260481357574,0.14578260481357574,0.14578260481357574,0.14578260481357574,0,0.0,0.0,0.0
2004-08-20 00:00:00+08:00,0.1407558023929596,0.1407558023929596,0.1407558023929596,0.1407558023929596,30000,0.0,0.0,0.0
2004-08-23 00:00:00+08:00,0.1357289859459403,0.15080998837947845,0.1357289859459403,0.15080998837947845,10800,0.0,0.0,0.0
2004-08-24 00:00:00+08:00,0.15080998837947845,0.15080998837947845,0.15080998837947845,0.15080998837947845,0,0.0,0.0,0.0
2004-08-25 00:00:00+08:00,0.15080998837947845,0.15080998837947845,0.15080998837947845,0.15080998837947845,0,0.0,0.0,0.0
2004-08-26 00:00:00+08:00,0.15080998837947845,0.15080998837947845,0.15080998837947845,0.15080998837947845,0,0.0,0.0,0.0
2004-08-27 00:00:00+08:00,0.15080998837947845,0.15080998837947845,0.15080998837947845,0.15080998837947845,0,0.0,0.0,0.0
2004-08-30 00:00:00+08:00,0.15080998837947845,0.15080998837947845,0.15080998837947845,0.15080998837947845,0,0.0,0.0,0.0
2004-08-31 00:00:00+08:00,0.15080998837947845,0.15080998837947845,0.15080998837947845,0.15080998837947845,0,0.0,0.0,0.0
2004-09-01 00:00:00+08:00,0.13572900687718736,0.15332311391830444,0.13572900687718736,0.15332311391830444,32400,0.0,0.0,0.0
2004-09-02 00:00:00+08:00,0.15332311391830444,0.15332311391830444,0.15332311391830444,0.15332311391830444,0,0.0,0.0,0.0
2004-09-03 00:00:00+08:00,0.15332311391830444,0.15332311391830444,0.15332311391830444,0.15332311391830444,0,0.0,0.0,0.0
2004-09-06 00:00:00+08:00,0.15332311391830444,0.15332311391830444,0.15332311391830444,0.15332311391830444,0,0.0,0.0,0.0
2004-09-07 00:00:00+08:00,0.15332311391830444,0.15332311391830444,0.15332311391830444,0.15332311391830444,0,0.0,0.0,0.0
2004-09-08 00:00:00+08:00,0.15332311391830444,0.15332311391830444,0.15332311391830444,0.15332311391830444,0,0.0,0.0,0.0
2004-09-09 00:00:00+08:00,0.1407558023929596,0.1407558023929596,0.1407558023929596,0.1407558023929596,12000,0.0,0.0,0.0
2004-09-10 00:00:00+08:00,0.14578260481357574,0.14578260481357574,0.14578260481357574,0.14578260481357574,22800,0.0,0.0,0.0
2004-09-13 00:00:00+08:00,0.14578260481357574,0.14578260481357574,0.14578260481357574,0.14578260481357574,0,0.0,0.0,0.0
2004-09-14 00:00:00+08:00,0.14578260481357574,0.14578260481357574,0.14578260481357574,0.14578260481357574,0,0.0,0.0,0.0
2004-09-15 00:00:00+08:00,0.14578260481357574,0.14578260481357574,0.14578260481357574,0.14578260481357574,0,0.0,0.0,0.0
2004-09-16 00:00:00+08:00,0.14578260481357574,0.14578260481357574,0.14578260481357574,0.14578260481357574,0,0.0,0.0,0.0
2004-09-17 00:00:00+08:00,0.13824210212638038,0.13824210212638038,0.13572899997234344,0.13572899997234344,96000,0.0,0.0,0.0
2004-09-20 00:00:00+08:00,0.13572899997234344,0.13572899997234344,0.13572899997234344,0.13572899997234344,0,0.0,0.0,0.0
2004-09-21 00:00:00+08:00,0.13572899997234344,0.13572899997234344,0.13572899997234344,0.13572899997234344,36000,0.0,0.0,0.0
2004-09-22 00:00:00+08:00,0.12818853557109833,0.12818853557109833,0.12818853557109833,0.12818853557109833,1200,0.0,0.0,0.0
2004-09-23 00:00:00+08:00,0.1558367908000946,0.1558367908000946,0.1558367908000946,0.1558367908000946,12000,0.0,0.0,0.0
2004-09-24 00:00:00+08:00,0.1558367908000946,0.1558367908000946,0.1558367908000946,0.1558367908000946,0,0.0,0.0,0.0
2004-09-27 00:00:00+08:00,0.13572901886698133,0.13572901886698133,0.13321532309055328,0.13321532309055328,36000,0.0,0.0,0.0
2004-09-28 00:00:00+08:00,0.1482963201930079,0.1482963201930079,0.13321532309055328,0.13321532309055328,102000,0.0,0.0,0.0
2004-09-29 00:00:00+08:00,0.13321532309055328,0.13321532309055328,0.13321532309055328,0.13321532309055328,0,0.0,0.0,0.0
2004-09-30 00:00:00+08:00,0.13321532309055328,0.13321532309055328,0.13321532309055328,0.13321532309055328,0,0.0,0.0,0.0
2004-10-01 00:00:00+08:00,0.13070160150527954,0.13070160150527954,0.13070160150527954,0.13070160150527954,8400,0.0,0.0,0.0
2004-10-04 00:00:00+08:00,0.13070160150527954,0.13070160150527954,0.13070160150527954,0.13070160150527954,0,0.0,0.0,0.0
2004-10-05 00:00:00+08:00,0.13070160150527954,0.13070160150527954,0.13070160150527954,0.13070160150527954,0,0.0,0.0,0.0
2004-10-06 00:00:00+08:00,0.13070160150527954,0.13070160150527954,0.13070160150527954,0.13070160150527954,0,0.0,0.0,0.0
2004-10-07 00:00:00+08:00,0.13070160150527954,0.13070160150527954,0.13070160150527954,0.13070160150527954,0,0.0,0.0,0.0
2004-10-08 00:00:00+08:00,0.13070160150527954,0.13070160150527954,0.13070160150527954,0.13070160150527954,0,0.0,0.0,0.0
2004-10-11 00:00:00+08:00,0.13070160150527954,0.13070160150527954,0.13070160150527954,0.13070160150527954,0,0.0,0.0,0.0
2004-10-12 00:00:00+08:00,0.13070160150527954,0.13070160150527954,0.13070160150527954,0.13070160150527954,0,0.0,0.0,0.0
2004-10-13 00:00:00+08:00,0.13070160150527954,0.13070160150527954,0.13070160150527954,0.13070160150527954,0,0.0,0.0,0.0
2004-10-14 00:00:00+08:00,0.13070160150527954,0.13070160150527954,0.13070160150527954,0.13070160150527954,0,0.0,0.0,0.0
2004-10-15 00:00:00+08:00,0.13070160150527954,0.13070160150527954,0.13070160150527954,0.13070160150527954,0,0.0,0.0,0.0
2004-10-18 00:00:00+08:00,0.13070160150527954,0.13070160150527954,0.13070160150527954,0.13070160150527954,0,0.0,0.0,0.0
2004-10-19 00:00:00+08:00,0.13070160150527954,0.13070160150527954,0.13070160150527954,0.13070160150527954,0,0.0,0.0,0.0
2004-10-20 00:00:00+08:00,0.13070160150527954,0.13070160150527954,0.13070160150527954,0.13070160150527954,0,0.0,0.0,0.0
2004-10-21 00:00:00+08:00,0.1256748025498294,0.13572899997234344,0.1256748025498294,0.13572899997234344,36000,0.0,0.0,0.0
2004-10-22 00:00:00+08:00,0.13572899997234344,0.13572899997234344,0.13572899997234344,0.13572899997234344,0,0.0,0.0,0.0
2004-10-25 00:00:00+08:00,0.13572899997234344,0.13572899997234344,0.13572899997234344,0.13572899997234344,0,0.0,0.0,0.0
2004-10-26 00:00:00+08:00,0.11562062054872513,0.13572901807579932,0.11562062054872513,0.11562062054872513,1334400,0.0,0.0,0.0
2004-10-27 00:00:00+08:00,0.11562062054872513,0.11562062054872513,0.11562062054872513,0.11562062054872513,0,0.0,0.0,0.0
2004-10-28 00:00:00+08:00,0.11562062054872513,0.11562062054872513,0.11562062054872513,0.11562062054872513,0,0.0,0.0,0.0
2004-10-29 00:00:00+08:00,0.11562062054872513,0.11562062054872513,0.11562062054872513,0.11562062054872513,0,0.0,0.0,0.0
2004-11-01 00:00:00+08:00,0.13321532309055328,0.13321532309055328,0.13321532309055328,0.13321532309055328,24000,0.0,0.0,0.0
2004-11-02 00:00:00+08:00,0.1281885083137829,0.13070160150527954,0.1281885083137829,0.13070160150527954,24000,0.0,0.0,0.0
2004-11-03 00:00:00+08:00,0.13070160150527954,0.13070160150527954,0.13070160150527954,0.13070160150527954,0,0.0,0.0,0.0
2004-11-04 00:00:00+08:00,0.12818853557109833,0.12818853557109833,0.12818853557109833,0.12818853557109833,28800,0.0,0.0,0.0
2004-11-05 00:00:00+08:00,0.12818853557109833,0.12818853557109833,0.12818853557109833,0.12818853557109833,0,0.0,0.0,0.0
2004-11-08 00:00:00+08:00,0.12818853557109833,0.12818853557109833,0.12818853557109833,0.12818853557109833,0,0.0,0.0,0.0
2004-11-09 00:00:00+08:00,0.12818853557109833,0.12818853557109833,0.12818853557109833,0.12818853557109833,0,0.0,0.0,0.0
2004-11-10 00:00:00+08:00,0.12818853557109833,0.12818853557109833,0.12818853557109833,0.12818853557109833,0,0.0,0.0,0.0
2004-11-11 00:00:00+08:00,0.12818853557109833,0.12818853557109833,0.12818853557109833,0.12818853557109833,0,0.0,0.0,0.0
2004-11-12 00:00:00+08:00,0.12064798921346664,0.12064798921346664,0.12064798921346664,0.12064798921346664,8400,0.0,0.0,0.0
2004-11-15 00:00:00+08:00,0.12064798921346664,0.12064798921346664,0.12064798921346664,0.12064798921346664,0,0.0,0.0,0.0
2004-11-16 00:00:00+08:00,0.12064798921346664,0.12064798921346664,0.12064798921346664,0.12064798921346664,0,0.0,0.0,0.0
2004-11-17 00:00:00+08:00,0.1256747990846634,0.1256747990846634,0.1256747990846634,0.1256747990846634,60000,0.0,0.0,0.0
2004-11-18 00:00:00+08:00,0.1256747990846634,0.1256747990846634,0.1256747990846634,0.1256747990846634,0,0.0,0.0,0.0
2004-11-19 00:00:00+08:00,0.1256747990846634,0.1256747990846634,0.1256747990846634,0.1256747990846634,0,0.0,0.0,0.0
2004-11-22 00:00:00+08:00,0.1256747990846634,0.1256747990846634,0.1256747990846634,0.1256747990846634,0,0.0,0.0,0.0
2004-11-23 00:00:00+08:00,0.1256747990846634,0.1256747990846634,0.1256747990846634,0.1256747990846634,0,0.0,0.0,0.0
2004-11-24 00:00:00+08:00,0.12064801699776692,0.12316111041337979,0.11813431233167648,0.11813431233167648,58800,0.0,0.0,0.0
2004-11-25 00:00:00+08:00,0.11562059443022582,0.11562059443022582,0.11059378832578659,0.11059378832578659,44400,0.0,0.0,0.0
2004-11-26 00:00:00+08:00,0.10556700080633163,0.10556700080633163,0.10556700080633163,0.10556700080633163,36000,0.0,0.0,0.0
2004-11-29 00:00:00+08:00,0.1105937943475808,0.1105937943475808,0.08545859388991674,0.09551279991865158,145200,0.0,0.0,0.0
2004-11-30 00:00:00+08:00,0.09551279991865158,0.09551279991865158,0.09551279991865158,0.09551279991865158,0,0.0,0.0,0.0
2004-12-01 00:00:00+08:00,0.09551279991865158,0.09551279991865158,0.09551279991865158,0.09551279991865158,12000,0.0,0.0,0.0
2004-12-02 00:00:00+08:00,0.09551279991865158,0.09551279991865158,0.09551279991865158,0.09551279991865158,0,0.0,0.0,0.0
2004-12-03 00:00:00+08:00,0.09299911340020736,0.09299911340020736,0.09048601984977722,0.09048601984977722,12000,0.0,0.0,0.0
2004-12-06 00:00:00+08:00,0.09048601984977722,0.09048601984977722,0.09048601984977722,0.09048601984977722,19200,0.0,0.0,0.0
2004-12-07 00:00:00+08:00,0.09048601984977722,0.09048601984977722,0.09048601984977722,0.09048601984977722,0,0.0,0.0,0.0
2004-12-08 00:00:00+08:00,0.09551279991865158,0.09551279991865158,0.09551279991865158,0.09551279991865158,33600,0.0,0.0,0.0
2004-12-09 00:00:00+08:00,0.09551279749041479,0.09551279749041479,0.09048600022904109,0.09299909323453903,79200,0.0,0.0,0.0
2004-12-10 00:00:00+08:00,0.08797229583223991,0.09299909308556104,0.08545859158039093,0.08545859158039093,259200,0.0,0.0,0.0
2004-12-13 00:00:00+08:00,0.08545858831186237,0.08545858831186237,0.07540499418973923,0.07540499418973923,169200,0.0,0.0,0.0
2004-12-14 00:00:00+08:00,0.0754050061992712,0.08043180406093597,0.0754050061992712,0.08043180406093597,168000,0.0,0.0,0.0
2004-12-15 00:00:00+08:00,0.08043180406093597,0.08043180406093597,0.08043180406093597,0.08043180406093597,147600,0.0,0.0,0.0
2004-12-16 00:00:00+08:00,0.08043180406093597,0.08043180406093597,0.08043180406093597,0.08043180406093597,120000,0.0,0.0,0.0
2004-12-17 00:00:00+08:00,0.08043180406093597,0.08043180406093597,0.08043180406093597,0.08043180406093597,0,0.0,0.0,0.0
2004-12-20 00:00:00+08:00,0.08043180406093597,0.08043180406093597,0.08043180406093597,0.08043180406093597,120000,0.0,0.0,0.0
2004-12-21 00:00:00+08:00,0.08043180406093597,0.08043180406093597,0.08043180406093597,0.08043180406093597,0,0.0,0.0,0.0
2004-12-22 00:00:00+08:00,0.08043180406093597,0.08043180406093597,0.08043180406093597,0.08043180406093597,0,0.0,0.0,0.0
2004-12-23 00:00:00+08:00,0.09048601984977722,0.09048601984977722,0.09048601984977722,0.09048601984977722,9600,0.0,0.0,0.0
2004-12-24 00:00:00+08:00,0.09048601984977722,0.09048601984977722,0.09048601984977722,0.09048601984977722,0,0.0,0.0,0.0
2004-12-27 00:00:00+08:00,0.0904860025858515,0.0904860025858515,0.08797229826450348,0.08797229826450348,12000,0.0,0.0,0.0
2004-12-28 00:00:00+08:00,0.08545860192260074,0.08545860192260074,0.08043180406093597,0.08043180406093597,117600,0.0,0.0,0.0
2004-12-29 00:00:00+08:00,0.0829455166974661,0.09048601984977722,0.0829455166974661,0.09048601984977722,6000,0.0,0.0,0.0
2004-12-30 00:00:00+08:00,0.08545859158039093,0.08545859158039093,0.08545859158039093,0.08545859158039093,48000,0.0,0.0,0.0
2004-12-31 00:00:00+08:00,0.09299909898869056,0.10556700080633163,0.09048600582769951,0.10556700080633163,82800,0.0,0.0,0.0
2005-01-03 00:00:00+08:00,0.11059378832578659,0.11059378832578659,0.11059378832578659,0.11059378832578659,24000,0.0,0.0,0.0
2005-01-04 00:00:00+08:00,0.11059378832578659,0.11059378832578659,0.11059378832578659,0.11059378832578659,0,0.0,0.0,0.0
2005-01-05 00:00:00+08:00,0.11059378832578659,0.11059378832578659,0.11059378832578659,0.11059378832578659,0,0.0,0.0,0.0
2005-01-06 00:00:00+08:00,0.11059378832578659,0.11059378832578659,0.11059378832578659,0.11059378832578659,0,0.0,0.0,0.0
2005-01-07 00:00:00+08:00,0.1206480016427276,0.1256747990846634,0.1206480016427276,0.1256747990846634,31200,0.0,0.0,0.0
2005-01-10 00:00:00+08:00,0.1256747990846634,0.1256747990846634,0.1256747990846634,0.1256747990846634,0,0.0,0.0,0.0
2005-01-11 00:00:00+08:00,0.1256747990846634,0.1256747990846634,0.1256747990846634,0.1256747990846634,0,0.0,0.0,0.0
2005-01-12 00:00:00+08:00,0.1256747990846634,0.1256747990846634,0.1256747990846634,0.1256747990846634,0,0.0,0.0,0.0
2005-01-13 00:00:00+08:00,0.1256747990846634,0.1256747990846634,0.1256747990846634,0.1256747990846634,0,0.0,0.0,0.0
2005-01-14 00:00:00+08:00,0.12064798921346664,0.12064798921346664,0.12064798921346664,0.12064798921346664,2400,0.0,0.0,0.0
2005-01-17 00:00:00+08:00,0.12064798921346664,0.12064798921346664,0.12064798921346664,0.12064798921346664,0,0.0,0.0,0.0
2005-01-18 00:00:00+08:00,0.12064798921346664,0.12064798921346664,0.12064798921346664,0.12064798921346664,0,0.0,0.0,0.0
2005-01-19 00:00:00+08:00,0.12064798921346664,0.12064798921346664,0.12064798921346664,0.12064798921346664,0,0.0,0.0,0.0
2005-01-20 00:00:00+08:00,0.12064798921346664,0.12064798921346664,0.12064798921346664,0.12064798921346664,0,0.0,0.0,0.0
2005-01-24 00:00:00+08:00,0.10053961724042892,0.10053961724042892,0.10053961724042892,0.10053961724042892,60000,0.0,0.0,0.0
2005-01-25 00:00:00+08:00,0.09551279991865158,0.09551279991865158,0.09551279991865158,0.09551279991865158,48000,0.0,0.0,0.0
2005-01-26 00:00:00+08:00,0.09551279991865158,0.09551279991865158,0.09551279991865158,0.09551279991865158,0,0.0,0.0,0.0
2005-01-27 00:00:00+08:00,0.09551279991865158,0.09551279991865158,0.09551279991865158,0.09551279991865158,0,0.0,0.0,0.0
2005-01-28 00:00:00+08:00,0.09551279991865158,0.09551279991865158,0.09551279991865158,0.09551279991865158,0,0.0,0.0,0.0
2005-01-31 00:00:00+08:00,0.09551279991865158,0.09551279991865158,0.09551279991865158,0.09551279991865158,0,0.0,0.0,0.0
2005-02-01 00:00:00+08:00,0.09551279991865158,0.09551279991865158,0.09551279991865158,0.09551279991865158,0,0.0,0.0,0.0
2005-02-02 00:00:00+08:00,0.09551279991865158,0.09551279991865158,0.09551279991865158,0.09551279991865158,0,0.0,0.0,0.0
2005-02-03 00:00:00+08:00,0.09551279991865158,0.09551279991865158,0.09551279991865158,0.09551279991865158,0,0.0,0.0,0.0
2005-02-04 00:00:00+08:00,0.09551279991865158,0.09551279991865158,0.09551279991865158,0.09551279991865158,0,0.0,0.0,0.0
2005-02-07 00:00:00+08:00,0.09551279991865158,0.09551279991865158,0.09551279991865158,0.09551279991865158,0,0.0,0.0,0.0
2005-02-08 00:00:00+08:00,0.09551279991865158,0.09551279991865158,0.09551279991865158,0.09551279991865158,0,0.0,0.0,0.0
2005-02-11 00:00:00+08:00,0.09551279991865158,0.09551279991865158,0.09551279991865158,0.09551279991865158,0,0.0,0.0,0.0
2005-02-14 00:00:00+08:00,0.09551279991865158,0.09551279991865158,0.09551279991865158,0.09551279991865158,0,0.0,0.0,0.0
2005-02-15 00:00:00+08:00,0.09551279991865158,0.09551279991865158,0.09551279991865158,0.09551279991865158,0,0.0,0.0,0.0
2005-02-16 00:00:00+08:00,0.10053961724042892,0.10053961724042892,0.10053961724042892,0.10053961724042892,4800,0.0,0.0,0.0
2005-02-17 00:00:00+08:00,0.1005395918334757,0.11059378832578659,0.1005395918334757,0.11059378832578659,186000,0.0,0.0,0.0
2005-02-18 00:00:00+08:00,0.10556700080633163,0.10556700080633163,0.10556700080633163,0.10556700080633163,3600,0.0,0.0,0.0
2005-02-21 00:00:00+08:00,0.09048601984977722,0.09048601984977722,0.09048601984977722,0.09048601984977722,60000,0.0,0.0,0.0
2005-02-22 00:00:00+08:00,0.09048601984977722,0.09048601984977722,0.09048601984977722,0.09048601984977722,0,0.0,0.0,0.0
2005-02-23 00:00:00+08:00,0.09048601984977722,0.09048601984977722,0.09048601984977722,0.09048601984977722,0,0.0,0.0,0.0
2005-02-24 00:00:00+08:00,0.09048601984977722,0.09048601984977722,0.09048601984977722,0.09048601984977722,110400,0.0,0.0,0.0
2005-02-25 00:00:00+08:00,0.09048601984977722,0.09048601984977722,0.09048601984977722,0.09048601984977722,0,0.0,0.0,0.0
2005-02-28 00:00:00+08:00,0.09048601984977722,0.09048601984977722,0.09048601984977722,0.09048601984977722,0,0.0,0.0,0.0
2005-03-01 00:00:00+08:00,0.09048601984977722,0.09048601984977722,0.09048601984977722,0.09048601984977722,0,0.0,0.0,0.0
2005-03-02 00:00:00+08:00,0.09048601984977722,0.09048601984977722,0.09048601984977722,0.09048601984977722,0,0.0,0.0,0.0
2005-03-03 00:00:00+08:00,0.09048601984977722,0.09048601984977722,0.09048601984977722,0.09048601984977722,0,0.0,0.0,0.0
2005-03-04 00:00:00+08:00,0.09048600252948083,0.09551279991865158,0.09048600252948083,0.09551279991865158,56400,0.0,0.0,0.0
2005-03-07 00:00:00+08:00,0.09551279991865158,0.09551279991865158,0.09551279991865158,0.09551279991865158,0,0.0,0.0,0.0
2005-03-08 00:00:00+08:00,0.09551279991865158,0.09551279991865158,0.09551279991865158,0.09551279991865158,0,0.0,0.0,0.0
2005-03-09 00:00:00+08:00,0.09551279991865158,0.09551279991865158,0.09551279991865158,0.09551279991865158,0,0.0,0.0,0.0
2005-03-10 00:00:00+08:00,0.09551279991865158,0.09551279991865158,0.09551279991865158,0.09551279991865158,0,0.0,0.0,0.0
2005-03-11 00:00:00+08:00,0.09551279991865158,0.09551279991865158,0.09551279991865158,0.09551279991865158,0,0.0,0.0,0.0
2005-03-14 00:00:00+08:00,0.09551279991865158,0.09551279991865158,0.09551279991865158,0.09551279991865158,12000,0.0,0.0,0.0
2005-03-15 00:00:00+08:00,0.09551281820114785,0.09551281820114785,0.09048601984977722,0.09048601984977722,24000,0.0,0.0,0.0
2005-03-16 00:00:00+08:00,0.09048601984977722,0.09048601984977722,0.09048601984977722,0.09048601984977722,24000,0.0,0.0,0.0
2005-03-17 00:00:00+08:00,0.09048601984977722,0.09048601984977722,0.09048601984977722,0.09048601984977722,0,0.0,0.0,0.0
2005-03-18 00:00:00+08:00,0.09048601984977722,0.09048601984977722,0.09048601984977722,0.09048601984977722,0,0.0,0.0,0.0
2005-03-21 00:00:00+08:00,0.09048601984977722,0.09048601984977722,0.09048601984977722,0.09048601984977722,0,0.0,0.0,0.0
2005-03-22 00:00:00+08:00,0.09048601984977722,0.09048601984977722,0.09048601984977722,0.09048601984977722,0,0.0,0.0,0.0
2005-03-23 00:00:00+08:00,0.09048601984977722,0.09048601984977722,0.09048601984977722,0.09048601984977722,24000,0.0,0.0,0.0
2005-03-24 00:00:00+08:00,0.09048601984977722,0.09048601984977722,0.09048601984977722,0.09048601984977722,0,0.0,0.0,0.0
2005-03-28 00:00:00+08:00,0.09048601984977722,0.09048601984977722,0.09048601984977722,0.09048601984977722,7200,0.0,0.0,0.0
2005-03-29 00:00:00+08:00,0.09048601984977722,0.09048601984977722,0.09048601984977722,0.09048601984977722,0,0.0,0.0,0.0
2005-03-30 00:00:00+08:00,0.09048601984977722,0.09048601984977722,0.09048601984977722,0.09048601984977722,0,0.0,0.0,0.0
2005-03-31 00:00:00+08:00,0.09048600347928981,0.1256747990846634,0.08797229913312204,0.1256747990846634,2494800,0.0,0.0,0.0
2005-04-01 00:00:00+08:00,0.1256747990846634,0.1256747990846634,0.1256747990846634,0.1256747990846634,0,0.0,0.0,0.0
2005-04-04 00:00:00+08:00,0.1256747990846634,0.1256747990846634,0.1256747990846634,0.1256747990846634,0,0.0,0.0,0.0
2005-04-05 00:00:00+08:00,0.1256747990846634,0.1256747990846634,0.1256747990846634,0.1256747990846634,0,0.0,0.0,0.0
2005-04-06 00:00:00+08:00,0.1256747990846634,0.1256747990846634,0.1256747990846634,0.1256747990846634,0,0.0,0.0,0.0
2005-04-07 00:00:00+08:00,0.1256747990846634,0.1256747990846634,0.1256747990846634,0.1256747990846634,0,0.0,0.0,0.0
2005-04-08 00:00:00+08:00,0.1256747990846634,0.1256747990846634,0.1256747990846634,0.1256747990846634,0,0.0,0.0,0.0
2005-04-11 00:00:00+08:00,0.1105937943475808,0.1105937943475808,0.09551279991865158,0.09551279991865158,14400,0.0,0.0,0.0
2005-04-12 00:00:00+08:00,0.09048601984977722,0.09048601984977722,0.09048601984977722,0.09048601984977722,36000,0.0,0.0,0.0
2005-04-13 00:00:00+08:00,0.09048601984977722,0.09048601984977722,0.09048601984977722,0.09048601984977722,0,0.0,0.0,0.0
2005-04-14 00:00:00+08:00,0.09048601984977722,0.09048601984977722,0.09048601984977722,0.09048601984977722,0,0.0,0.0,0.0
2005-04-15 00:00:00+08:00,0.09299911340020736,0.09299911340020736,0.09048601984977722,0.09048601984977722,48000,0.0,0.0,0.0
2005-04-18 00:00:00+08:00,0.09299909323453903,0.09299909323453903,0.09299909323453903,0.09299909323453903,9600,0.0,0.0,0.0
2005-04-19 00:00:00+08:00,0.10808008909225464,0.10808008909225464,0.10808008909225464,0.10808008909225464,25200,0.0,0.0,0.0
2005-04-20 00:00:00+08:00,0.10808008909225464,0.10808008909225464,0.10808008909225464,0.10808008909225464,0,0.0,0.0,0.0
2005-04-21 00:00:00+08:00,0.10808008909225464,0.10808008909225464,0.10808008909225464,0.10808008909225464,0,0.0,0.0,0.0
2005-04-22 00:00:00+08:00,0.10808008909225464,0.10808008909225464,0.10808008909225464,0.10808008909225464,0,0.0,0.0,0.0
2005-04-25 00:00:00+08:00,0.10808008909225464,0.10808008909225464,0.10808008909225464,0.10808008909225464,0,0.0,0.0,0.0
2005-04-26 00:00:00+08:00,0.09299909323453903,0.09551279749041479,0.09299909323453903,0.09299909323453903,75600,0.0,0.0,0.0
2005-04-27 00:00:00+08:00,0.09299909323453903,0.09299909323453903,0.09299909323453903,0.09299909323453903,0,0.0,0.0,0.0
2005-04-28 00:00:00+08:00,0.09299909323453903,0.09299909323453903,0.09299909323453903,0.09299909323453903,0,0.0,0.0,0.0
2005-04-29 00:00:00+08:00,0.09299909559886954,0.09551279991865158,0.09299909559886954,0.09551279991865158,19200,0.0,0.0,0.0
2005-05-03 00:00:00+08:00,0.09299909323453903,0.09299909323453903,0.09048600022904109,0.09299909323453903,40800,0.0,0.0,0.0
2005-05-04 00:00:00+08:00,0.09299909323453903,0.09299909323453903,0.09299909323453903,0.09299909323453903,0,0.0,0.0,0.0
2005-05-05 00:00:00+08:00,0.09299909323453903,0.09299909323453903,0.09299909323453903,0.09299909323453903,0,0.0,0.0,0.0
2005-05-06 00:00:00+08:00,0.08545859158039093,0.08545859158039093,0.08545859158039093,0.08545859158039093,12000,0.0,0.0,0.0
2005-05-09 00:00:00+08:00,0.09048601984977722,0.09048601984977722,0.09048601984977722,0.09048601984977722,72000,0.0,0.0,0.0
2005-05-10 00:00:00+08:00,0.09048601984977722,0.09048601984977722,0.09048601984977722,0.09048601984977722,0,0.0,0.0,0.0
2005-05-11 00:00:00+08:00,0.10053961655251847,0.10053961655251847,0.09048601984977722,0.09048601984977722,66000,0.0,0.0,0.0
2005-05-12 00:00:00+08:00,0.09048601984977722,0.09048601984977722,0.09048601984977722,0.09048601984977722,0,0.0,0.0,0.0
2005-05-13 00:00:00+08:00,0.09048601984977722,0.09048601984977722,0.09048601984977722,0.09048601984977722,24000,0.0,0.0,0.0
2005-05-16 00:00:00+08:00,0.09048601984977722,0.09048601984977722,0.09048601984977722,0.09048601984977722,0,0.0,0.0,0.0
2005-05-17 00:00:00+08:00,0.09048601984977722,0.09048601984977722,0.09048601984977722,0.09048601984977722,0,0.0,0.0,0.0
2005-05-18 00:00:00+08:00,0.09048601984977722,0.09048601984977722,0.09048601984977722,0.09048601984977722,0,0.0,0.0,0.0
2005-05-19 00:00:00+08:00,0.09048601984977722,0.09048601984977722,0.09048601984977722,0.09048601984977722,0,0.0,0.0,0.0
2005-05-20 00:00:00+08:00,0.09048601984977722,0.09048601984977722,0.09048601984977722,0.09048601984977722,0,0.0,0.0,0.0
2005-05-24 00:00:00+08:00,0.09802649915218355,0.09802649915218355,0.09802649915218355,0.09802649915218353,1200,0.0,0.0,0.0
2005-05-25 00:00:00+08:00,0.08545859158039093,0.08545859158039093,0.08545859158039093,0.08545859158039093,61200,0.0,0.0,0.0
2005-05-26 00:00:00+08:00,0.08545859158039093,0.08545859158039093,0.08545859158039093,0.08545859158039093,0,0.0,0.0,0.0
2005-05-27 00:00:00+08:00,0.08545859158039093,0.08545859158039093,0.08545859158039093,0.08545859158039093,0,0.0,0.0,0.0
2005-05-30 00:00:00+08:00,0.08545859158039093,0.08545859158039093,0.08545859158039093,0.08545859158039093,0,0.0,0.0,0.0
2005-05-31 00:00:00+08:00,0.0904860025858515,0.0904860025858515,0.08797229826450348,0.08797229826450348,87600,0.0,0.0,0.0
2005-06-01 00:00:00+08:00,0.08797229826450348,0.08797229826450348,0.08797229826450348,0.08797229826450348,0,0.0,0.0,0.0
2005-06-02 00:00:00+08:00,0.08797229826450348,0.08797229826450348,0.08797229826450348,0.08797229826450348,0,0.0,0.0,0.0
2005-06-03 00:00:00+08:00,0.09984569550812991,0.10794132947921753,0.09984569550812991,0.10794132947921753,234000,0.01,0.0,0.0
2005-06-06 00:00:00+08:00,0.10794132947921753,0.10794132947921753,0.10794132947921753,0.10794132947921753,27600,0.0,0.0,0.0
2005-06-07 00:00:00+08:00,0.10794132947921753,0.10794132947921753,0.10794132947921753,0.10794132947921753,0,0.0,0.0,0.0
2005-06-08 00:00:00+08:00,0.10794132947921753,0.10794132947921753,0.10794132947921753,0.10794132947921753,0,0.0,0.0,0.0
2005-06-09 00:00:00+08:00,0.10794132947921753,0.10794132947921753,0.10794132947921753,0.10794132947921753,0,0.0,0.0,0.0
2005-06-10 00:00:00+08:00,0.10794132947921753,0.10794132947921753,0.10794132947921753,0.10794132947921753,138000,0.0,0.0,0.0
2005-06-13 00:00:00+08:00,0.11333884664299049,0.11333884664299049,0.10794132947921753,0.10794132947921753,180000,0.0,0.0,0.0
2005-06-14 00:00:00+08:00,0.11333882456321871,0.11333882456321871,0.11064007133245468,0.11064007133245468,108000,0.0,0.0,0.0
2005-06-15 00:00:00+08:00,0.11064007133245468,0.11064007133245468,0.11064007133245468,0.11064007133245468,0,0.0,0.0,0.0
2005-06-16 00:00:00+08:00,0.11064007133245468,0.11064007133245468,0.11064007133245468,0.11064007133245468,0,0.0,0.0,0.0
2005-06-17 00:00:00+08:00,0.11064007133245468,0.11064007133245468,0.11064007133245468,0.11064007133245468,0,0.0,0.0,0.0
2005-06-20 00:00:00+08:00,0.11064007133245468,0.11064007133245468,0.11064007133245468,0.11064007133245468,0,0.0,0.0,0.0
2005-06-21 00:00:00+08:00,0.11064007133245468,0.11064007133245468,0.11064007133245468,0.11064007133245468,0,0.0,0.0,0.0
2005-06-22 00:00:00+08:00,0.11064007133245468,0.11064007133245468,0.11064007133245468,0.11064007133245468,0,0.0,0.0,0.0
2005-06-23 00:00:00+08:00,0.11064007133245468,0.11064007133245468,0.11064007133245468,0.11064007133245468,0,0.0,0.0,0.0
2005-06-24 00:00:00+08:00,0.11064007133245468,0.11064007133245468,0.11064007133245468,0.11064007133245468,0,0.0,0.0,0.0
2005-06-27 00:00:00+08:00,0.11064007133245468,0.11064007133245468,0.11064007133245468,0.11064007133245468,0,0.0,0.0,0.0
2005-06-28 00:00:00+08:00,0.11064007133245468,0.11064007133245468,0.11064007133245468,0.11064007133245468,0,0.0,0.0,0.0
2005-06-29 00:00:00+08:00,0.11064007133245468,0.11064007133245468,0.11064007133245468,0.11064007133245468,0,0.0,0.0,0.0
2005-06-30 00:00:00+08:00,0.1025444589153891,0.10794132947921753,0.1025444589153891,0.10794132947921753,86400,0.0,0.0,0.0
2005-07-01 00:00:00+08:00,0.10524319512576888,0.10524319512576888,0.10254444181919098,0.10254444181919098,96000,0.0,0.0,0.0
2005-07-04 00:00:00+08:00,0.10254444181919098,0.10254444181919098,0.10254444181919098,0.10254444181919098,74400,0.0,0.0,0.0
2005-07-05 00:00:00+08:00,0.10254444181919098,0.10254444181919098,0.10254444181919098,0.10254444181919098,0,0.0,0.0,0.0
2005-07-06 00:00:00+08:00,0.10254444181919098,0.10254444181919098,0.10254444181919098,0.10254444181919098,0,0.0,0.0,0.0
2005-07-07 00:00:00+08:00,0.10254444181919098,0.10254444181919098,0.10254444181919098,0.10254444181919098,19200,0.0,0.0,0.0
2005-07-08 00:00:00+08:00,0.10254444181919098,0.10254444181919098,0.10254444181919098,0.10254444181919098,0,0.0,0.0,0.0
2005-07-11 00:00:00+08:00,0.10254442523388065,0.10254442523388065,0.09984566271305084,0.09984566271305084,78000,0.0,0.0,0.0
2005-07-12 00:00:00+08:00,0.09984567886186925,0.10254444181919098,0.09984567886186925,0.10254444181919098,60000,0.0,0.0,0.0
2005-07-13 00:00:00+08:00,0.10254444181919098,0.10254444181919098,0.10254444181919098,0.10254444181919098,93600,0.0,0.0,0.0
2005-07-14 00:00:00+08:00,0.10254444181919098,0.10254444181919098,0.10254444181919098,0.10254444181919098,0,0.0,0.0,0.0
2005-07-15 00:00:00+08:00,0.10254444181919098,0.10254444181919098,0.10254444181919098,0.10254444181919098,86400,0.0,0.0,0.0
2005-07-18 00:00:00+08:00,0.09714756160974503,0.09714756160974503,0.09714756160974503,0.09714756160974503,79200,0.0,0.0,0.0
2005-07-19 00:00:00+08:00,0.09714756160974503,0.09714756160974503,0.09714756160974503,0.09714756160974503,12000,0.0,0.0,0.0
2005-07-20 00:00:00+08:00,0.0944487989453744,0.09714756160974503,0.0944487989453744,0.09714756160974503,193200,0.0,0.0,0.0
2005-07-21 00:00:00+08:00,0.09714756160974503,0.09714756160974503,0.09714756160974503,0.09714756160974503,6000,0.0,0.0,0.0
2005-07-22 00:00:00+08:00,0.09714756160974503,0.09714756160974503,0.09714756160974503,0.09714756160974503,0,0.0,0.0,0.0
2005-07-25 00:00:00+08:00,0.09714756160974503,0.09714756160974503,0.09714756160974503,0.09714756160974503,0,0.0,0.0,0.0
2005-07-26 00:00:00+08:00,0.09714756160974503,0.09714756160974503,0.09714756160974503,0.09714756160974503,80400,0.0,0.0,0.0
2005-07-27 00:00:00+08:00,0.09714756160974503,0.09714756160974503,0.09714756160974503,0.09714756160974503,0,0.0,0.0,0.0
2005-07-28 00:00:00+08:00,0.09714756160974503,0.09714756160974503,0.09714756160974503,0.09714756160974503,0,0.0,0.0,0.0
2005-07-29 00:00:00+08:00,0.09714756160974503,0.09714756160974503,0.09714756160974503,0.09714756160974503,0,0.0,0.0,0.0
2005-08-01 00:00:00+08:00,0.09714756160974503,0.09714756160974503,0.09714756160974503,0.09714756160974503,0,0.0,0.0,0.0
2005-08-02 00:00:00+08:00,0.09714756160974503,0.09714756160974503,0.09714756160974503,0.09714756160974503,0,0.0,0.0,0.0
2005-08-03 00:00:00+08:00,0.09714756160974503,0.09714756160974503,0.09714756160974503,0.09714756160974503,42000,0.0,0.0,0.0
2005-08-04 00:00:00+08:00,0.09714756160974503,0.09714756160974503,0.09714756160974503,0.09714756160974503,0,0.0,0.0,0.0
2005-08-05 00:00:00+08:00,0.09714756160974503,0.09714756160974503,0.09714756160974503,0.09714756160974503,0,0.0,0.0,0.0
2005-08-08 00:00:00+08:00,0.09714756160974503,0.09714756160974503,0.09714756160974503,0.09714756160974503,0,0.0,0.0,0.0
2005-08-10 00:00:00+08:00,0.09714756160974503,0.09714756160974503,0.09714756160974503,0.09714756160974503,0,0.0,0.0,0.0
2005-08-11 00:00:00+08:00,0.09714756160974503,0.09714756160974503,0.09714756160974503,0.09714756160974503,0,0.0,0.0,0.0
2005-08-12 00:00:00+08:00,0.11064007133245468,0.11333882456321871,0.11064007133245468,0.11064007133245468,75600,0.0,0.0,0.0
2005-08-15 00:00:00+08:00,0.10794132947921753,0.10794132947921753,0.10794132947921753,0.10794132947921753,240000,0.0,0.0,0.0
2005-08-16 00:00:00+08:00,0.11064007133245468,0.11333882456321871,0.11064007133245468,0.11064007133245468,242400,0.0,0.0,0.0
2005-08-17 00:00:00+08:00,0.1106400747721864,0.11333882808685303,0.1106400747721864,0.11333882808685303,111600,0.0,0.0,0.0
2005-08-18 00:00:00+08:00,0.11064007133245468,0.11064007133245468,0.11064007133245468,0.11064007133245468,180000,0.0,0.0,0.0
2005-08-19 00:00:00+08:00,0.11064007133245468,0.11064007133245468,0.11064007133245468,0.11064007133245468,0,0.0,0.0,0.0
2005-08-22 00:00:00+08:00,0.11064007133245468,0.11064007133245468,0.11064007133245468,0.11064007133245468,144000,0.0,0.0,0.0
2005-08-23 00:00:00+08:00,0.11333882808685303,0.11333882808685303,0.11333882808685303,0.11333882808685303,48000,0.0,0.0,0.0
2005-08-24 00:00:00+08:00,0.1106400747721864,0.11333882808685303,0.1106400747721864,0.11333882808685303,55200,0.0,0.0,0.0
2005-08-25 00:00:00+08:00,0.11064007133245468,0.11064007133245468,0.11064007133245468,0.11064007133245468,312000,0.0,0.0,0.0
2005-08-26 00:00:00+08:00,0.11064007133245468,0.11064007133245468,0.11064007133245468,0.11064007133245468,316800,0.0,0.0,0.0
2005-08-29 00:00:00+08:00,0.11064007133245468,0.11064007133245468,0.11064007133245468,0.11064007133245468,0,0.0,0.0,0.0
2005-08-30 00:00:00+08:00,0.11333882808685303,0.11333882808685303,0.11333882808685303,0.11333882808685303,66000,0.0,0.0,0.0
2005-08-31 00:00:00+08:00,0.11603692561737018,0.11873567849397659,0.11603692561737018,0.11873567849397659,1797600,0.0,0.0,0.0
2005-09-01 00:00:00+08:00,0.11873567849397659,0.11873567849397659,0.11873567849397659,0.11873567849397659,0,0.0,0.0,0.0
2005-09-02 00:00:00+08:00,0.11873567849397659,0.11873567849397659,0.11873567849397659,0.11873567849397659,0,0.0,0.0,0.0
2005-09-05 00:00:00+08:00,0.11873567849397659,0.11873567849397659,0.11873567849397659,0.11873567849397659,0,0.0,0.0,0.0
2005-09-06 00:00:00+08:00,0.11873567849397659,0.11873567849397659,0.11603692561737018,0.11873567849397659,145200,0.0,0.0,0.0
2005-09-07 00:00:00+08:00,0.11603692919015884,0.11603692919015884,0.11603692919015884,0.11603692919015884,14400,0.0,0.0,0.0
2005-09-08 00:00:00+08:00,0.11603692919015884,0.11603692919015884,0.11603692919015884,0.11603692919015884,0,0.0,0.0,0.0
2005-09-09 00:00:00+08:00,0.11603692919015884,0.11603692919015884,0.11603692919015884,0.11603692919015884,0,0.0,0.0,0.0
2005-09-12 00:00:00+08:00,0.11603692919015884,0.11603692919015884,0.11603692919015884,0.11603692919015884,4800,0.0,0.0,0.0
2005-09-13 00:00:00+08:00,0.11603692919015884,0.11603692919015884,0.11603692919015884,0.11603692919015884,0,0.0,0.0,0.0
2005-09-14 00:00:00+08:00,0.11603692919015884,0.11603692919015884,0.11603692919015884,0.11603692919015884,0,0.0,0.0,0.0
2005-09-15 00:00:00+08:00,0.118735694425487,0.12413257360458374,0.118735694425487,0.12413257360458374,178800,0.0,0.0,0.0
2005-09-16 00:00:00+08:00,0.12143444269895554,0.12143444269895554,0.12143444269895554,0.12143444269895554,84000,0.0,0.0,0.0
2005-09-19 00:00:00+08:00,0.12143444269895554,0.12143444269895554,0.12143444269895554,0.12143444269895554,27600,0.0,0.0,0.0
2005-09-20 00:00:00+08:00,0.12143444269895554,0.12143444269895554,0.12143444269895554,0.12143444269895554,0,0.0,0.0,0.0
2005-09-21 00:00:00+08:00,0.11873567849397659,0.11873567849397659,0.11873567849397659,0.11873567849397659,60000,0.0,0.0,0.0
2005-09-22 00:00:00+08:00,0.11873568013432312,0.12143444269895554,0.11873568013432312,0.12143444269895554,48000,0.0,0.0,0.0
2005-09-23 00:00:00+08:00,0.12683133780956268,0.12683133780956268,0.12683133780956268,0.12683133780956268,72000,0.0,0.0,0.0
2005-09-26 00:00:00+08:00,0.12683133780956268,0.12683133780956268,0.12683133780956268,0.12683133780956268,0,0.0,0.0,0.0
2005-09-27 00:00:00+08:00,0.12683133780956268,0.12683133780956268,0.12683133780956268,0.12683133780956268,0,0.0,0.0,0.0
2005-09-28 00:00:00+08:00,0.12683133780956268,0.12683133780956268,0.12683133780956268,0.12683133780956268,0,0.0,0.0,0.0
2005-09-29 00:00:00+08:00,0.12683133780956268,0.12683133780956268,0.12683133780956268,0.12683133780956268,0,0.0,0.0,0.0
2005-09-30 00:00:00+08:00,0.12683133780956268,0.12683133780956268,0.12683133780956268,0.12683133780956268,0,0.0,0.0,0.0
2005-10-03 00:00:00+08:00,0.12683133780956268,0.12683133780956268,0.12683133780956268,0.12683133780956268,0,0.0,0.0,0.0
2005-10-04 00:00:00+08:00,0.12683133780956268,0.12683133780956268,0.12683133780956268,0.12683133780956268,0,0.0,0.0,0.0
2005-10-05 00:00:00+08:00,0.12683133780956268,0.12683133780956268,0.12683133780956268,0.12683133780956268,127,0.0,0.0,0.0
2005-10-06 00:00:00+08:00,0.12683133780956268,0.12683133780956268,0.12683133780956268,0.12683133780956268,0,0.0,0.0,0.0
2005-10-07 00:00:00+08:00,0.12683133780956268,0.12683133780956268,0.12683133780956268,0.12683133780956268,0,0.0,0.0,0.0
2005-10-10 00:00:00+08:00,0.12683133780956268,0.12683133780956268,0.12683133780956268,0.12683133780956268,68,0.0,0.0,0.0
2005-10-11 00:00:00+08:00,0.12683133780956268,0.12683133780956268,0.12683133780956268,0.12683133780956268,48,0.0,0.0,0.0
2005-10-12 00:00:00+08:00,0.12683133780956268,0.12683133780956268,0.12683133780956268,0.12683133780956268,81,0.0,0.0,0.0
2005-10-13 00:00:00+08:00,0.12683133780956268,0.12683133780956268,0.12683133780956268,0.12683133780956268,60,0.0,0.0,0.0
2005-10-14 00:00:00+08:00,0.12683133780956268,0.12683133780956268,0.12683133780956268,0.12683133780956268,0,0.0,0.0,0.0
2005-10-17 00:00:00+08:00,0.12683133780956268,0.12683133780956268,0.12683133780956268,0.12683133780956268,0,0.0,0.0,0.0
2005-10-18 00:00:00+08:00,0.12143444269895554,0.12143444269895554,0.12143444269895554,0.12143444269895554,3600,0.0,0.0,0.0
2005-10-19 00:00:00+08:00,0.12143444269895554,0.12143444269895554,0.12143444269895554,0.12143444269895554,0,0.0,0.0,0.0
2005-10-20 00:00:00+08:00,0.12143444269895554,0.12143444269895554,0.12143444269895554,0.12143444269895554,0,0.0,0.0,0.0
2005-10-21 00:00:00+08:00,0.12683133780956268,0.12683133780956268,0.12683133780956268,0.12683133780956268,9,0.0,0.0,0.0
2005-10-24 00:00:00+08:00,0.12683133780956268,0.12683133780956268,0.12683133780956268,0.12683133780956268,0,0.0,0.0,0.0
2005-10-25 00:00:00+08:00,0.11873567849397659,0.11873567849397659,0.11873567849397659,0.11873567849397659,32,0.0,0.0,0.0
2005-10-26 00:00:00+08:00,0.11873567849397659,0.11873567849397659,0.11873567849397659,0.11873567849397659,0,0.0,0.0,0.0
2005-10-27 00:00:00+08:00,0.12413257360458374,0.12413257360458374,0.12413257360458374,0.12413257360458374,12,0.0,0.0,0.0
2005-10-28 00:00:00+08:00,0.12413257360458374,0.12413257360458374,0.12413257360458374,0.12413257360458374,0,0.0,0.0,0.0
2005-10-31 00:00:00+08:00,0.12413257360458374,0.12413257360458374,0.12413257360458374,0.12413257360458374,0,0.0,0.0,0.0
2005-11-02 00:00:00+08:00,0.12413255866384532,0.12413255866384532,0.12143444269895554,0.12143444269895554,30,0.0,0.0,0.0
2005-11-04 00:00:00+08:00,0.12143444269895554,0.12143444269895554,0.12143444269895554,0.12143444269895554,0,0.0,0.0,0.0
2005-11-07 00:00:00+08:00,0.12143444269895554,0.12143444269895554,0.12143444269895554,0.12143444269895554,57,0.0,0.0,0.0
2005-11-08 00:00:00+08:00,0.12143444269895554,0.12143444269895554,0.12143444269895554,0.12143444269895554,135,0.0,0.0,0.0
2005-11-09 00:00:00+08:00,0.12413255866384532,0.12413255866384532,0.11873568013432312,0.12143444269895554,307,0.0,0.0,0.0
2005-11-10 00:00:00+08:00,0.12143444269895554,0.12143444269895554,0.12143444269895554,0.12143444269895554,36,0.0,0.0,0.0
2005-11-11 00:00:00+08:00,0.12143444269895554,0.12143444269895554,0.12143444269895554,0.12143444269895554,0,0.0,0.0,0.0
2005-11-14 00:00:00+08:00,0.12143444269895554,0.12143444269895554,0.12143444269895554,0.12143444269895554,0,0.0,0.0,0.0
2005-11-15 00:00:00+08:00,0.11873568013432312,0.12143444269895554,0.11873568013432312,0.12143444269895554,19,0.0,0.0,0.0
2005-11-16 00:00:00+08:00,0.12143444269895554,0.12143444269895554,0.12143444269895554,0.12143444269895554,0,0.0,0.0,0.0
2005-11-17 00:00:00+08:00,0.12413257360458374,0.12413257360458374,0.12413257360458374,0.12413257360458374,254,0.0,0.0,0.0
2005-11-18 00:00:00+08:00,0.12413258433750436,0.12683133780956268,0.12413258433750436,0.12683133780956268,94,0.0,0.0,0.0
2005-11-21 00:00:00+08:00,0.12683133780956268,0.12683133780956268,0.12683133780956268,0.12683133780956268,0,0.0,0.0,0.0
2005-11-22 00:00:00+08:00,0.12683133780956268,0.12683133780956268,0.12683133780956268,0.12683133780956268,0,0.0,0.0,0.0
2005-11-23 00:00:00+08:00,0.12683133780956268,0.12683133780956268,0.12683133780956268,0.12683133780956268,0,0.0,0.0,0.0
2005-11-24 00:00:00+08:00,0.12413257360458374,0.12413257360458374,0.12413257360458374,0.12413257360458374,544,0.0,0.0,0.0
2005-11-25 00:00:00+08:00,0.12413257360458374,0.12413257360458374,0.12413257360458374,0.12413257360458374,493,0.0,0.0,0.0
2005-11-28 00:00:00+08:00,0.12413255681412608,0.12953007221221924,0.12413255681412608,0.12953007221221924,612,0.0,0.0,0.0
2005-11-29 00:00:00+08:00,0.12683133780956268,0.12683133780956268,0.12683133780956268,0.12683133780956268,360,0.0,0.0,0.0
2005-11-30 00:00:00+08:00,0.12683133780956268,0.12683133780956268,0.12683133780956268,0.12683133780956268,286,0.0,0.0,0.0
2005-12-01 00:00:00+08:00,0.12683133780956268,0.12683133780956268,0.12683133780956268,0.12683133780956268,27,0.0,0.0,0.0
2005-12-02 00:00:00+08:00,0.12683133780956268,0.12683133780956268,0.12683133780956268,0.12683133780956268,0,0.0,0.0,0.0
2005-12-05 00:00:00+08:00,0.12683133780956268,0.12683133780956268,0.12683133780956268,0.12683133780956268,0,0.0,0.0,0.0
2005-12-06 00:00:00+08:00,0.12413257360458374,0.12413257360458374,0.12413257360458374,0.12413257360458374,270,0.0,0.0,0.0
2005-12-07 00:00:00+08:00,0.12413257360458374,0.12413257360458374,0.12413257360458374,0.12413257360458374,0,0.0,0.0,0.0
2005-12-08 00:00:00+08:00,0.12413257360458374,0.12413257360458374,0.12413257360458374,0.12413257360458374,0,0.0,0.0,0.0
2005-12-09 00:00:00+08:00,0.12413257360458374,0.12413257360458374,0.12413257360458374,0.12413257360458374,0,0.0,0.0,0.0
2005-12-12 00:00:00+08:00,0.12413257360458374,0.12413257360458374,0.12413257360458374,0.12413257360458374,0,0.0,0.0,0.0
2005-12-13 00:00:00+08:00,0.12413257360458374,0.12413257360458374,0.12413257360458374,0.12413257360458374,0,0.0,0.0,0.0
2005-12-14 00:00:00+08:00,0.12413257360458374,0.12413257360458374,0.12413257360458374,0.12413257360458374,12,0.0,0.0,0.0
2005-12-15 00:00:00+08:00,0.12413257360458374,0.12413257360458374,0.12413257360458374,0.12413257360458374,0,0.0,0.0,0.0
2005-12-16 00:00:00+08:00,0.12413257360458374,0.12413257360458374,0.12413257360458374,0.12413257360458374,0,0.0,0.0,0.0
2005-12-19 00:00:00+08:00,0.12413257360458374,0.12413257360458374,0.12413257360458374,0.12413257360458374,0,0.0,0.0,0.0
2005-12-20 00:00:00+08:00,0.12953008973275737,0.12953008973275737,0.12413257360458374,0.12413257360458374,51,0.0,0.0,0.0
2005-12-21 00:00:00+08:00,0.12683133780956268,0.12683133780956268,0.12683133780956268,0.12683133780956268,60,0.0,0.0,0.0
2005-12-22 00:00:00+08:00,0.12953007221221924,0.12953007221221924,0.1268313096878015,0.12953007221221924,427,0.0,0.0,0.0
2005-12-23 00:00:00+08:00,0.12683133780956268,0.12683133780956268,0.12683133780956268,0.12683133780956268,24,0.0,0.0,0.0
2005-12-27 00:00:00+08:00,0.12683133780956268,0.12683133780956268,0.12683133780956268,0.12683133780956268,0,0.0,0.0,0.0
2005-12-28 00:00:00+08:00,0.12683133780956268,0.12683133780956268,0.12683133780956268,0.12683133780956268,0,0.0,0.0,0.0
2005-12-29 00:00:00+08:00,0.12683133780956268,0.12683133780956268,0.12683133780956268,0.12683133780956268,36,0.0,0.0,0.0
2005-12-30 00:00:00+08:00,0.12953007221221924,0.12953007221221924,0.12953007221221924,0.12953007221221924,3,0.0,0.0,0.0
2006-01-03 00:00:00+08:00,0.12953007221221924,0.12953007221221924,0.12953007221221924,0.12953007221221924,0,0.0,0.0,0.0
2006-01-04 00:00:00+08:00,0.12953007221221924,0.12953007221221924,0.12953007221221924,0.12953007221221924,0,0.0,0.0,0.0
2006-01-05 00:00:00+08:00,0.13492697477340698,0.13492697477340698,0.13492697477340698,0.13492697477340698,990,0.0,0.0,0.0
2006-01-06 00:00:00+08:00,0.13492696039284072,0.14572134613990784,0.13492696039284072,0.14572134613990784,2007,0.0,0.0,0.0
2006-01-09 00:00:00+08:00,0.14572134613990784,0.14572134613990784,0.14572134613990784,0.14572134613990784,0,0.0,0.0,0.0
2006-01-10 00:00:00+08:00,0.14572134613990784,0.14572134613990784,0.14572134613990784,0.14572134613990784,0,0.0,0.0,0.0
2006-01-11 00:00:00+08:00,0.13222821253950068,0.13762573897838593,0.13222821253950068,0.13762573897838593,20,0.0,0.0,0.0
2006-01-12 00:00:00+08:00,0.13492697477340698,0.13492697477340698,0.13492697477340698,0.13492697477340698,720,0.0,0.0,0.0
2006-01-13 00:00:00+08:00,0.13492697477340698,0.13492697477340698,0.13492697477340698,0.13492697477340698,0,0.0,0.0,0.0
2006-01-16 00:00:00+08:00,0.13492697477340698,0.13492697477340698,0.13492697477340698,0.13492697477340698,0,0.0,0.0,0.0
2006-01-17 00:00:00+08:00,0.13492697477340698,0.13492697477340698,0.13492697477340698,0.13492697477340698,0,0.0,0.0,0.0
2006-01-18 00:00:00+08:00,0.1349269757589433,0.13762573897838593,0.1349269757589433,0.13762573897838593,229,0.0,0.0,0.0
2006-01-19 00:00:00+08:00,0.13762573897838593,0.13762573897838593,0.13762573897838593,0.13762573897838593,0,0.0,0.0,0.0
2006-01-20 00:00:00+08:00,0.13762573897838593,0.13762573897838593,0.13762573897838593,0.13762573897838593,0,0.0,0.0,0.0
2006-01-23 00:00:00+08:00,0.13762573897838593,0.13762573897838593,0.13762573897838593,0.13762573897838593,0,0.0,0.0,0.0
2006-01-24 00:00:00+08:00,0.13762573897838593,0.13762573897838593,0.13762573897838593,0.13762573897838593,0,0.0,0.0,0.0
2006-01-25 00:00:00+08:00,0.13762573897838593,0.13762573897838593,0.13762573897838593,0.13762573897838593,0,0.0,0.0,0.0
2006-01-26 00:00:00+08:00,0.13492697477340698,0.13492697477340698,0.13492697477340698,0.13492697477340698,120,0.0,0.0,0.0
2006-01-27 00:00:00+08:00,0.13492697477340698,0.13492697477340698,0.13492697477340698,0.13492697477340698,220,0.0,0.0,0.0
2006-01-30 00:00:00+08:00,0.13492697477340698,0.13492697477340698,0.13492697477340698,0.13492697477340698,0,0.0,0.0,0.0
2006-01-31 00:00:00+08:00,0.13492697477340698,0.13492697477340698,0.13492697477340698,0.13492697477340698,0,0.0,0.0,0.0
2006-02-01 00:00:00+08:00,0.13492697477340698,0.13492697477340698,0.13492697477340698,0.13492697477340698,0,0.0,0.0,0.0
2006-02-02 00:00:00+08:00,0.13762573897838593,0.13762573897838593,0.13762573897838593,0.13762573897838593,39,0.0,0.0,0.0
2006-02-03 00:00:00+08:00,0.13762573897838593,0.13762573897838593,0.13762573897838593,0.13762573897838593,0,0.0,0.0,0.0
2006-02-06 00:00:00+08:00,0.13762573897838593,0.13762573897838593,0.13762573897838593,0.13762573897838593,36,0.0,0.0,0.0
2006-02-07 00:00:00+08:00,0.13762573897838593,0.13762573897838593,0.13762573897838593,0.13762573897838593,0,0.0,0.0,0.0
2006-02-08 00:00:00+08:00,0.13762573897838593,0.13762573897838593,0.13762573897838593,0.13762573897838593,36,0.0,0.0,0.0
2006-02-09 00:00:00+08:00,0.14032383263111115,0.14032383263111115,0.14032383263111115,0.14032383263111115,34,0.0,0.0,0.0
2006-02-10 00:00:00+08:00,0.14032383263111115,0.14032383263111115,0.14032383263111115,0.14032383263111115,0,0.0,0.0,0.0
2006-02-13 00:00:00+08:00,0.14032383263111115,0.14032383263111115,0.14032383263111115,0.14032383263111115,0,0.0,0.0,0.0
2006-02-14 00:00:00+08:00,0.14032383263111115,0.14032383263111115,0.14032383263111115,0.14032383263111115,0,0.0,0.0,0.0
2006-02-15 00:00:00+08:00,0.1430225670337677,0.1430225670337677,0.1430225670337677,0.1430225670337677,52,0.0,0.0,0.0
2006-02-16 00:00:00+08:00,0.14302259287855643,0.14572134613990784,0.14302259287855643,0.14572134613990784,27,0.0,0.0,0.0
2006-02-17 00:00:00+08:00,0.14572134613990784,0.14572134613990784,0.14572134613990784,0.14572134613990784,0,0.0,0.0,0.0
2006-02-20 00:00:00+08:00,0.14572134613990784,0.14572134613990784,0.14572134613990784,0.14572134613990784,0,0.0,0.0,0.0
2006-02-21 00:00:00+08:00,0.15651507478675164,0.16730945914405382,0.14841944334333945,0.16191259026527405,1172,0.0,0.0,0.0
2006-02-22 00:00:00+08:00,0.16461071372032166,0.16461071372032166,0.16191259763266153,0.16461071372032166,576,0.0,0.0,0.0
2006-02-23 00:00:00+08:00,0.16461070623016383,0.16461070623016383,0.16191259026527405,0.16191259026527405,234,0.0,0.0,0.0
2006-02-24 00:00:00+08:00,0.16191259026527405,0.16191259026527405,0.16191259026527405,0.16191259026527405,300,0.0,0.0,0.0
2006-02-27 00:00:00+08:00,0.16461070623016383,0.16461070623016383,0.16191259026527405,0.16191259026527405,285,0.0,0.0,0.0
2006-02-28 00:00:00+08:00,0.16191260013972583,0.16461071626916376,0.15381696820259094,0.15381696820259094,91,0.0,0.0,0.0
2006-03-01 00:00:00+08:00,0.15381696820259094,0.15381696820259094,0.15381696820259094,0.15381696820259094,60,0.0,0.0,0.0
2006-03-02 00:00:00+08:00,0.15381695882186186,0.16191259026527405,0.15381695882186186,0.16191259026527405,91,0.0,0.0,0.0
2006-03-03 00:00:00+08:00,0.16191259026527405,0.16191259026527405,0.16191259026527405,0.16191259026527405,36,0.0,0.0,0.0
2006-03-06 00:00:00+08:00,0.16191259026527405,0.16191259026527405,0.16191259026527405,0.16191259026527405,132,0.0,0.0,0.0
2006-03-07 00:00:00+08:00,0.1592138558626175,0.1592138558626175,0.1592138558626175,0.1592138558626175,60,0.0,0.0,0.0
2006-03-08 00:00:00+08:00,0.15921381454623243,0.15921381454623243,0.15651506185531616,0.15651506185531616,30,0.0,0.0,0.0
2006-03-09 00:00:00+08:00,0.16191259026527405,0.16191259026527405,0.16191259026527405,0.16191259026527405,48,0.0,0.0,0.0
2006-03-10 00:00:00+08:00,0.16191259763266153,0.16461071372032166,0.16191259763266153,0.16461071372032166,48,0.0,0.0,0.0
2006-03-13 00:00:00+08:00,0.16461071372032166,0.16461071372032166,0.16461071372032166,0.16461071372032166,19,0.0,0.0,0.0
2006-03-14 00:00:00+08:00,0.16461072470846333,0.1673094779253006,0.16461072470846333,0.1673094779253006,85,0.0,0.0,0.0
2006-03-15 00:00:00+08:00,0.16461071372032166,0.16461071372032166,0.16461071372032166,0.16461071372032166,130,0.0,0.0,0.0
2006-03-16 00:00:00+08:00,0.16461071372032166,0.16461071372032166,0.16461071372032166,0.16461071372032166,1,0.0,0.0,0.0
2006-03-17 00:00:00+08:00,0.19105680723059387,0.19105680723059387,0.18458031117916107,0.18458031117916107,16,0.0,1.2,0.0
2006-03-20 00:00:00+08:00,0.16838911175727844,0.16838911175727844,0.16838911175727844,0.16838911175727844,30,0.0,0.0,0.0
2006-03-21 00:00:00+08:00,0.1683891065609635,0.1683891065609635,0.15867435932159424,0.15867435932159424,168,0.0,0.0,0.0
2006-03-22 00:00:00+08:00,0.15867435932159424,0.15867435932159424,0.15867435932159424,0.15867435932159424,0,0.0,0.0,0.0
2006-03-23 00:00:00+08:00,0.15867435932159424,0.15867435932159424,0.15867435932159424,0.15867435932159424,0,0.0,0.0,0.0
2006-03-24 00:00:00+08:00,0.15867435932159424,0.15867435932159424,0.15867435932159424,0.15867435932159424,29,0.0,0.0,0.0
2006-03-27 00:00:00+08:00,0.15867435932159424,0.15867435932159424,0.15867435932159424,0.15867435932159424,0,0.0,0.0,0.0
2006-03-28 00:00:00+08:00,0.15867435932159424,0.15867435932159424,0.15867435932159424,0.15867435932159424,8,0.0,0.0,0.0
2006-03-29 00:00:00+08:00,0.15867435932159424,0.15867435932159424,0.15867435932159424,0.15867435932159424,0,0.0,0.0,0.0
2006-03-30 00:00:00+08:00,0.15867435932159424,0.15867435932159424,0.15867435932159424,0.15867435932159424,0,0.0,0.0,0.0
2006-03-31 00:00:00+08:00,0.15543609857559204,0.15543609857559204,0.15543609857559204,0.15543609857559204,14,0.0,0.0,0.0
2006-04-03 00:00:00+08:00,0.16191259026527405,0.16191259026527405,0.16191259026527405,0.16191259026527405,30,0.0,0.0,0.0
2006-04-04 00:00:00+08:00,0.16191259026527405,0.16191259026527405,0.16191259026527405,0.16191259026527405,0,0.0,0.0,0.0
2006-04-05 00:00:00+08:00,0.16838911175727844,0.17162736093699726,0.16838911175727844,0.16838911175727844,60,0.0,0.0,0.0
2006-04-06 00:00:00+08:00,0.16838911175727844,0.16838911175727844,0.16838911175727844,0.16838911175727844,0,0.0,0.0,0.0
2006-04-07 00:00:00+08:00,0.16838911175727844,0.16838911175727844,0.16838911175727844,0.16838911175727844,0,0.0,0.0,0.0
2006-04-10 00:00:00+08:00,0.16515085101127625,0.16515085101127625,0.16515085101127625,0.16515085101127625,40,0.0,0.0,0.0
2006-04-11 00:00:00+08:00,0.16515086257755965,0.16838911175727844,0.16515086257755965,0.16838911175727844,26,0.0,0.0,0.0
2006-04-12 00:00:00+08:00,0.16838911175727844,0.16838911175727844,0.16838911175727844,0.16838911175727844,0,0.0,0.0,0.0
2006-04-13 00:00:00+08:00,0.16838909386531536,0.17162734270095828,0.16838909386531536,0.17162734270095825,114,0.0,0.0,0.0
2006-04-14 00:00:00+08:00,0.17162734270095828,0.17162734270095828,0.17162734270095828,0.17162734270095825,0,0.0,0.0,0.0
2006-04-17 00:00:00+08:00,0.17162735007191776,0.17486561834812164,0.17162735007191776,0.17486561834812164,228,0.0,0.0,0.0
2006-04-18 00:00:00+08:00,0.17810384929180145,0.17810384929180145,0.17810384929180145,0.17810384929180145,50,0.0,0.0,0.0
2006-04-19 00:00:00+08:00,0.17810384929180145,0.17810384929180145,0.17810384929180145,0.17810384929180145,100,0.0,0.0,0.0
2006-04-20 00:00:00+08:00,0.17810384929180145,0.17810384929180145,0.17810384929180145,0.17810384929180145,0,0.0,0.0,0.0
2006-04-21 00:00:00+08:00,0.17162735007191776,0.17486561834812164,0.17162735007191776,0.17486561834812164,36,0.0,0.0,0.0
2006-04-24 00:00:00+08:00,0.17486561834812164,0.17486561834812164,0.17486561834812164,0.17486561834812164,0,0.0,0.0,0.0
2006-04-25 00:00:00+08:00,0.17486561834812164,0.17486561834812164,0.17486561834812164,0.17486561834812164,0,0.0,0.0,0.0
2006-04-26 00:00:00+08:00,0.17486561834812164,0.17486561834812164,0.17486561834812164,0.17486561834812164,10000,0.0,0.0,0.0
2006-04-27 00:00:00+08:00,0.17162734270095828,0.17162734270095828,0.17162734270095828,0.17162734270095825,9,0.0,0.0,0.0
2006-04-28 00:00:00+08:00,0.17162736093699726,0.17162736093699726,0.16838911175727844,0.16838911175727844,113,0.0,0.0,0.0
2006-05-01 00:00:00+08:00,0.16838911175727844,0.16838911175727844,0.16838911175727844,0.16838911175727844,0,0.0,0.0,0.0
2006-05-02 00:00:00+08:00,0.16838911175727844,0.16838911175727844,0.16838911175727844,0.16838911175727844,0,0.0,0.0,0.0
2006-05-03 00:00:00+08:00,0.16838911175727844,0.16838911175727844,0.16838911175727844,0.16838911175727844,1800,0.0,0.0,0.0
2006-05-04 00:00:00+08:00,0.1683891010972003,0.17486561834812164,0.1683891010972003,0.17486561834812164,1200,0.0,0.0,0.0
2006-05-05 00:00:00+08:00,0.17162734270095828,0.17162734270095828,0.16838909386531536,0.17162734270095825,256,0.0,0.0,0.0
2006-05-08 00:00:00+08:00,0.17162734270095828,0.17162734270095828,0.17162734270095828,0.17162734270095825,0,0.0,0.0,0.0
2006-05-09 00:00:00+08:00,0.17162734270095828,0.17162734270095828,0.17162734270095828,0.17162734270095825,0,0.0,0.0,0.0
2006-05-10 00:00:00+08:00,0.17162734270095828,0.17162734270095828,0.17162734270095828,0.17162734270095825,0,0.0,0.0,0.0
2006-05-11 00:00:00+08:00,0.17162734270095828,0.17162734270095828,0.17162734270095828,0.17162734270095825,26,0.0,0.0,0.0
2006-05-12 00:00:00+08:00,0.17162734270095828,0.17162734270095828,0.17162734270095828,0.17162734270095825,0,0.0,0.0,0.0
2006-05-15 00:00:00+08:00,0.17162734270095828,0.17162734270095828,0.17162734270095828,0.17162734270095825,0,0.0,0.0,0.0
2006-05-16 00:00:00+08:00,0.16515085101127625,0.16515085101127625,0.16515085101127625,0.16515085101127625,22,0.0,0.0,0.0
2006-05-17 00:00:00+08:00,0.16515085101127625,0.16515085101127625,0.16515085101127625,0.16515085101127625,0,0.0,0.0,0.0
2006-05-18 00:00:00+08:00,0.16515085101127625,0.16515085101127625,0.16515085101127625,0.16515085101127625,45000,0.0,0.0,0.0
2006-05-19 00:00:00+08:00,0.16191259026527405,0.16191259026527405,0.16191259026527405,0.16191259026527405,5000,0.0,0.0,0.0
2006-05-22 00:00:00+08:00,0.16191259026527405,0.16191259026527405,0.16191259026527405,0.16191259026527405,0,0.0,0.0,0.0
2006-05-23 00:00:00+08:00,0.16191259026527405,0.16191259026527405,0.16191259026527405,0.16191259026527405,0,0.0,0.0,0.0
2006-05-24 00:00:00+08:00,0.16191259026527405,0.16191259026527405,0.16191259026527405,0.16191259026527405,0,0.0,0.0,0.0
2006-05-25 00:00:00+08:00,0.16191259026527405,0.16191259026527405,0.16191259026527405,0.16191259026527405,0,0.0,0.0,0.0
2006-05-26 00:00:00+08:00,0.16191259026527405,0.16191259026527405,0.16191259026527405,0.16191259026527405,0,0.0,0.0,0.0
2006-05-29 00:00:00+08:00,0.16191259026527405,0.16191259026527405,0.16191259026527405,0.16191259026527405,0,0.0,0.0,0.0
2006-05-30 00:00:00+08:00,0.16191259026527405,0.16191259026527405,0.16191259026527405,0.16191259026527405,0,0.0,0.0,0.0
2006-05-31 00:00:00+08:00,0.14895958574626,0.16191259026527405,0.14895958574626,0.16191259026527405,13,0.0,0.0,0.0
2006-06-01 00:00:00+08:00,0.16191259026527405,0.16191259026527405,0.16191259026527405,0.16191259026527405,0,0.0,0.0,0.0
2006-06-02 00:00:00+08:00,0.16838909386531536,0.17162734270095828,0.16838909386531536,0.17162734270095825,82,0.0,0.0,0.0
2006-06-05 00:00:00+08:00,0.17835781431464262,0.18172307312488556,0.17835781431464262,0.18172307312488556,70,0.01,0.0,0.0
2006-06-06 00:00:00+08:00,0.18172307312488556,0.18172307312488556,0.18172307312488556,0.18172307312488556,0,0.0,0.0,0.0
2006-06-07 00:00:00+08:00,0.15480112525241344,0.15816636383533478,0.15480112525241344,0.15816636383533478,61,0.0,0.0,0.0
2006-06-08 00:00:00+08:00,0.14470540418798236,0.1548011302947998,0.14470540418798236,0.1548011302947998,623,0.0,0.0,0.0
2006-06-09 00:00:00+08:00,0.1548011302947998,0.1548011302947998,0.1548011302947998,0.1548011302947998,35,0.0,0.0,0.0
2006-06-12 00:00:00+08:00,0.1548011302947998,0.1548011302947998,0.1548011302947998,0.1548011302947998,347,0.0,0.0,0.0
2006-06-13 00:00:00+08:00,0.1548011302947998,0.1548011302947998,0.1548011302947998,0.1548011302947998,0,0.0,0.0,0.0
2006-06-14 00:00:00+08:00,0.1548011302947998,0.1548011302947998,0.1548011302947998,0.1548011302947998,0,0.0,0.0,0.0
2006-06-15 00:00:00+08:00,0.1548011302947998,0.1548011302947998,0.1548011302947998,0.1548011302947998,0,0.0,0.0,0.0
2006-06-16 00:00:00+08:00,0.1548011302947998,0.1548011302947998,0.1548011302947998,0.1548011302947998,0,0.0,0.0,0.0
2006-06-19 00:00:00+08:00,0.1548011302947998,0.1548011302947998,0.1548011302947998,0.1548011302947998,0,0.0,0.0,0.0
2006-06-20 00:00:00+08:00,0.1548011302947998,0.1548011302947998,0.1548011302947998,0.1548011302947998,0,0.0,0.0,0.0
2006-06-21 00:00:00+08:00,0.1548011302947998,0.1548011302947998,0.1548011302947998,0.1548011302947998,0,0.0,0.0,0.0
2006-06-22 00:00:00+08:00,0.1548011302947998,0.1548011302947998,0.1548011302947998,0.1548011302947998,0,0.0,0.0,0.0
2006-06-23 00:00:00+08:00,0.1548011302947998,0.1548011302947998,0.1548011302947998,0.1548011302947998,0,0.0,0.0,0.0
2006-06-26 00:00:00+08:00,0.1548011302947998,0.1548011302947998,0.1548011302947998,0.1548011302947998,0,0.0,0.0,0.0
2006-06-27 00:00:00+08:00,0.1749926060438156,0.1749926060438156,0.1749926060438156,0.1749926060438156,25,0.0,0.0,0.0
2006-06-28 00:00:00+08:00,0.1749926060438156,0.1749926060438156,0.1749926060438156,0.1749926060438156,0,0.0,0.0,0.0
2006-06-29 00:00:00+08:00,0.1749926060438156,0.1749926060438156,0.1749926060438156,0.1749926060438156,0,0.0,0.0,0.0
2006-06-30 00:00:00+08:00,0.1749926060438156,0.1749926060438156,0.1749926060438156,0.1749926060438156,0,0.0,0.0,0.0
2006-07-03 00:00:00+08:00,0.1749926060438156,0.1749926060438156,0.1749926060438156,0.1749926060438156,0,0.0,0.0,0.0
2006-07-04 00:00:00+08:00,0.15480115998654825,0.1749926060438156,0.14807067128132292,0.1749926060438156,34,0.0,0.0,0.0
2006-07-05 00:00:00+08:00,0.1648968880297841,0.1749926060438156,0.16153163866256925,0.1749926060438156,42,0.0,0.0,0.0
2006-07-06 00:00:00+08:00,0.1749926060438156,0.1749926060438156,0.1749926060438156,0.1749926060438156,30,0.0,0.0,0.0
2006-07-07 00:00:00+08:00,0.17162734270095825,0.17162734270095825,0.17162734270095825,0.17162734270095825,20,0.0,0.0,0.0
2006-07-10 00:00:00+08:00,0.17162734270095825,0.17162734270095825,0.17162734270095825,0.17162734270095825,0,0.0,0.0,0.0
2006-07-11 00:00:00+08:00,0.17162734270095825,0.17162734270095825,0.17162734270095825,0.17162734270095825,0,0.0,0.0,0.0
2006-07-12 00:00:00+08:00,0.16489685511676097,0.1783578097820282,0.16489685511676097,0.1783578097820282,69,0.0,0.0,0.0
2006-07-13 00:00:00+08:00,0.1783578097820282,0.1783578097820282,0.1783578097820282,0.1783578097820282,50,0.0,0.0,0.0
2006-07-14 00:00:00+08:00,0.16153162717819214,0.16153162717819214,0.16153162717819214,0.16153162717819214,24,0.0,0.0,0.0
2006-07-17 00:00:00+08:00,0.17499260868760733,0.17499260868760733,0.1648968905210495,0.1648968905210495,65000,0.0,0.0,0.0
2006-07-18 00:00:00+08:00,0.17162734270095825,0.17162734270095825,0.17162734270095825,0.17162734270095825,70,0.0,0.0,0.0
2006-07-19 00:00:00+08:00,0.17162734270095825,0.17162734270095825,0.17162734270095825,0.17162734270095825,0,0.0,0.0,0.0
2006-07-20 00:00:00+08:00,0.17162734270095825,0.17162734270095825,0.17162734270095825,0.17162734270095825,0,0.0,0.0,0.0
2006-07-21 00:00:00+08:00,0.17162734270095825,0.17162734270095825,0.17162734270095825,0.17162734270095825,48,0.0,0.0,0.0
2006-07-24 00:00:00+08:00,0.17162734270095825,0.17162734270095825,0.17162734270095825,0.17162734270095825,0,0.0,0.0,0.0
2006-07-25 00:00:00+08:00,0.17162734270095825,0.17162734270095825,0.17162734270095825,0.17162734270095825,0,0.0,0.0,0.0
2006-07-26 00:00:00+08:00,0.17162734270095825,0.17162734270095825,0.17162734270095825,0.17162734270095825,0,0.0,0.0,0.0
2006-07-27 00:00:00+08:00,0.17162734270095825,0.17162734270095825,0.17162734270095825,0.17162734270095825,0,0.0,0.0,0.0
2006-07-28 00:00:00+08:00,0.16826209425926208,0.17162733293510257,0.16826209425926208,0.16826209425926208,300,0.0,0.0,0.0
2006-07-31 00:00:00+08:00,0.17162734270095825,0.17162734270095825,0.16826210383363058,0.17162734270095825,469,0.0,0.0,0.0
2006-08-01 00:00:00+08:00,0.17162734270095825,0.17162734270095825,0.17162734270095825,0.17162734270095825,28,0.0,0.0,0.0
2006-08-02 00:00:00+08:00,0.17162734270095825,0.17162734270095825,0.17162734270095825,0.17162734270095825,170,0.0,0.0,0.0
2006-08-03 00:00:00+08:00,0.17499258156828593,0.17499258156828593,0.17162734270095825,0.17162734270095825,84,0.0,0.0,0.0
2006-08-04 00:00:00+08:00,0.17162734270095825,0.17162734270095825,0.17162734270095825,0.17162734270095825,0,0.0,0.0,0.0
2006-08-07 00:00:00+08:00,0.17162733293510257,0.17162733293510257,0.16826209425926208,0.16826209425926208,536,0.0,0.0,0.0
2006-08-08 00:00:00+08:00,0.16826209425926208,0.16826209425926208,0.16826209425926208,0.16826209425926208,0,0.0,0.0,0.0
2006-08-09 00:00:00+08:00,0.16826209425926208,0.16826209425926208,0.16826209425926208,0.16826209425926208,0,0.0,0.0,0.0
2006-08-10 00:00:00+08:00,0.16153164110299242,0.1648968905210495,0.16153164110299242,0.1648968905210495,50,0.0,0.0,0.0
2006-08-11 00:00:00+08:00,0.1648968905210495,0.1648968905210495,0.1648968905210495,0.1648968905210495,0,0.0,0.0,0.0
2006-08-14 00:00:00+08:00,0.1749926060438156,0.1749926060438156,0.1716273667058051,0.1749926060438156,687,0.0,0.0,0.0
2006-08-15 00:00:00+08:00,0.1749926060438156,0.1749926060438156,0.1749926060438156,0.1749926060438156,0,0.0,0.0,0.0
2006-08-16 00:00:00+08:00,0.17162734270095825,0.17162734270095825,0.17162734270095825,0.17162734270095825,30,0.0,0.0,0.0
2006-08-17 00:00:00+08:00,0.1716273667058051,0.1749926060438156,0.1716273667058051,0.1749926060438156,62,0.0,0.0,0.0
2006-08-18 00:00:00+08:00,0.1749926060438156,0.1749926060438156,0.1749926060438156,0.1749926060438156,30,0.0,0.0,0.0
2006-08-21 00:00:00+08:00,0.1749926060438156,0.1749926060438156,0.1716273667058051,0.1749926060438156,107,0.0,0.0,0.0
2006-08-22 00:00:00+08:00,0.1749925711157114,0.1783578097820282,0.1749925711157114,0.1783578097820282,120,0.0,0.0,0.0
2006-08-23 00:00:00+08:00,0.17499257556280487,0.18172307312488556,0.17499257556280487,0.18172307312488556,27,0.0,0.0,0.0
2006-08-24 00:00:00+08:00,0.1749926060438156,0.1749926060438156,0.1749926060438156,0.1749926060438156,6,0.0,0.0,0.0
2006-08-25 00:00:00+08:00,0.1749926060438156,0.1749926060438156,0.1749926060438156,0.1749926060438156,0,0.0,0.0,0.0
2006-08-28 00:00:00+08:00,0.1749926060438156,0.1749926060438156,0.1749926060438156,0.1749926060438156,0,0.0,0.0,0.0
2006-08-29 00:00:00+08:00,0.1749925711157114,0.1783578097820282,0.1749925711157114,0.1783578097820282,90,0.0,0.0,0.0
2006-08-30 00:00:00+08:00,0.1783578097820282,0.1783578097820282,0.1783578097820282,0.1783578097820282,50,0.0,0.0,0.0
2006-08-31 00:00:00+08:00,0.1783578097820282,0.1783578097820282,0.1783578097820282,0.1783578097820282,75,0.0,0.0,0.0
2006-09-01 00:00:00+08:00,0.1783578097820282,0.1783578097820282,0.1783578097820282,0.1783578097820282,31,0.0,0.0,0.0
2006-09-04 00:00:00+08:00,0.17835781431464262,0.18172307312488556,0.17835781431464262,0.18172307312488556,20,0.0,0.0,0.0
2006-09-05 00:00:00+08:00,0.18172307312488556,0.18172307312488556,0.18172307312488556,0.18172307312488556,0,0.0,0.0,0.0
2006-09-06 00:00:00+08:00,0.1749926060438156,0.1749926060438156,0.1749926060438156,0.1749926060438156,19,0.0,0.0,0.0
2006-09-07 00:00:00+08:00,0.1749926060438156,0.1749926060438156,0.1749926060438156,0.1749926060438156,0,0.0,0.0,0.0
2006-09-08 00:00:00+08:00,0.1749926060438156,0.1749926060438156,0.1749926060438156,0.1749926060438156,0,0.0,0.0,0.0
2006-09-11 00:00:00+08:00,0.1783578097820282,0.18172306850674966,0.1783578097820282,0.1783578097820282,97,0.0,0.0,0.0
2006-09-12 00:00:00+08:00,0.1783578097820282,0.1783578097820282,0.1783578097820282,0.1783578097820282,0,0.0,0.0,0.0
2006-09-13 00:00:00+08:00,0.17499257556280487,0.18172307312488556,0.17499257556280487,0.18172307312488556,38,0.0,0.0,0.0
2006-09-14 00:00:00+08:00,0.1749926060438156,0.1749926060438156,0.1749926060438156,0.1749926060438156,4,0.0,0.0,0.0
2006-09-15 00:00:00+08:00,0.1783578097820282,0.1783578097820282,0.1783578097820282,0.1783578097820282,197,0.0,0.0,0.0
2006-09-18 00:00:00+08:00,0.18172307312488556,0.1850883118767233,0.17835781431464262,0.18172307312488556,186,0.0,0.0,0.0
2006-09-19 00:00:00+08:00,0.18172307312488556,0.18172307312488556,0.18172307312488556,0.18172307312488556,0,0.0,0.0,0.0
2006-09-20 00:00:00+08:00,0.1749926060438156,0.1749926060438156,0.1749926060438156,0.1749926060438156,24,0.0,0.0,0.0
2006-09-21 00:00:00+08:00,0.1749926060438156,0.1749926060438156,0.1749926060438156,0.1749926060438156,40,0.0,0.0,0.0
2006-09-22 00:00:00+08:00,0.18172307312488556,0.18172307312488556,0.18172307312488556,0.18172307312488556,20,0.0,0.0,0.0
2006-09-25 00:00:00+08:00,0.18172307312488556,0.18172307312488556,0.18172307312488556,0.18172307312488556,0,0.0,0.0,0.0
2006-09-26 00:00:00+08:00,0.18172307312488556,0.1850883118767233,0.18172307312488556,0.18172307312488556,204,0.0,0.0,0.0
2006-09-27 00:00:00+08:00,0.18172307312488556,0.18172307312488556,0.18172307312488556,0.18172307312488556,0,0.0,0.0,0.0
2006-09-28 00:00:00+08:00,0.18172306800833363,0.18508830666542053,0.18172306800833363,0.18508830666542053,190,0.0,0.0,0.0
2006-09-29 00:00:00+08:00,0.18508830666542053,0.18508830666542053,0.18508830666542053,0.18508830666542053,0,0.0,0.0,0.0
2006-10-02 00:00:00+08:00,0.18172307312488556,0.18172307312488556,0.18172307312488556,0.18172307312488556,85,0.0,0.0,0.0
2006-10-03 00:00:00+08:00,0.18172306850674966,0.18172306850674966,0.1783578097820282,0.1783578097820282,80,0.0,0.0,0.0
2006-10-04 00:00:00+08:00,0.1783578097820282,0.1783578097820282,0.1783578097820282,0.1783578097820282,0,0.0,0.0,0.0
2006-10-05 00:00:00+08:00,0.1783578097820282,0.1783578097820282,0.1783578097820282,0.1783578097820282,0,0.0,0.0,0.0
2006-10-06 00:00:00+08:00,0.1783578097820282,0.1783578097820282,0.1783578097820282,0.1783578097820282,20,0.0,0.0,0.0
2006-10-09 00:00:00+08:00,0.18172307312488556,0.18172307312488556,0.18172307312488556,0.18172307312488556,30,0.0,0.0,0.0
2006-10-10 00:00:00+08:00,0.17835781431464262,0.18172307312488556,0.17835781431464262,0.18172307312488556,34,0.0,0.0,0.0
2006-10-11 00:00:00+08:00,0.18172307312488556,0.18172307312488556,0.18172307312488556,0.18172307312488556,0,0.0,0.0,0.0
2006-10-12 00:00:00+08:00,0.18172307312488556,0.18172307312488556,0.18172307312488556,0.18172307312488556,0,0.0,0.0,0.0
2006-10-13 00:00:00+08:00,0.18172306850674966,0.18172306850674966,0.1783578097820282,0.1783578097820282,78,0.0,0.0,0.0
2006-10-16 00:00:00+08:00,0.1783578097820282,0.18172306850674966,0.1783578097820282,0.1783578097820282,61,0.0,0.0,0.0
2006-10-17 00:00:00+08:00,0.1783578097820282,0.1783578097820282,0.1783578097820282,0.1783578097820282,0,0.0,0.0,0.0
2006-10-18 00:00:00+08:00,0.1783578097820282,0.1783578097820282,0.1783578097820282,0.1783578097820282,0,0.0,0.0,0.0
2006-10-19 00:00:00+08:00,0.18508830666542053,0.18508830666542053,0.18508830666542053,0.18508830666542053,30,0.0,0.0,0.0
2006-10-20 00:00:00+08:00,0.18172307312488556,0.18172307312488556,0.18172307312488556,0.18172307312488556,5,0.0,0.0,0.0
2006-10-23 00:00:00+08:00,0.18172307312488556,0.18172307312488556,0.18172307312488556,0.18172307312488556,67,0.0,0.0,0.0
2006-10-24 00:00:00+08:00,0.18172307312488556,0.18172307312488556,0.18172307312488556,0.18172307312488556,0,0.0,0.0,0.0
2006-10-25 00:00:00+08:00,0.18172307312488556,0.18172307312488556,0.18172307312488556,0.18172307312488556,0,0.0,0.0,0.0
2006-10-26 00:00:00+08:00,0.18172307312488556,0.18172307312488556,0.18172307312488556,0.18172307312488556,0,0.0,0.0,0.0
2006-10-27 00:00:00+08:00,0.1850883309103741,0.1884535700082779,0.1850883309103741,0.1884535700082779,50,0.0,0.0,0.0
2006-10-30 00:00:00+08:00,0.1884535453225074,0.1884535453225074,0.18508830666542053,0.18508830666542053,120,0.0,0.0,0.0
2006-10-31 00:00:00+08:00,0.18508830666542053,0.18508830666542053,0.18508830666542053,0.18508830666542053,0,0.0,0.0,0.0
2006-11-01 00:00:00+08:00,0.1850883309103741,0.1884535700082779,0.1850883309103741,0.1884535700082779,205,0.0,0.0,0.0
2006-11-02 00:00:00+08:00,0.1884535700082779,0.1884535700082779,0.1884535700082779,0.1884535700082779,45,0.0,0.0,0.0
2006-11-03 00:00:00+08:00,0.1884535700082779,0.1884535700082779,0.1884535700082779,0.1884535700082779,50,0.0,0.0,0.0
2006-11-06 00:00:00+08:00,0.1884535700082779,0.1884535700082779,0.1884535700082779,0.1884535700082779,0,0.0,0.0,0.0
2006-11-07 00:00:00+08:00,0.1918188091061817,0.1918188091061817,0.1884535700082779,0.1884535700082779,96,0.0,0.0,0.0
2006-11-08 00:00:00+08:00,0.1918187439441681,0.1918187439441681,0.1918187439441681,0.1918187439441681,175,0.0,0.0,0.0
2006-11-09 00:00:00+08:00,0.1918187439441681,0.1918187439441681,0.1918187439441681,0.1918187439441681,0,0.0,0.0,0.0
2006-11-10 00:00:00+08:00,0.1918187439441681,0.19518398189887975,0.1918187439441681,0.1918187439441681,74,0.0,0.0,0.0
2006-11-13 00:00:00+08:00,0.18845358805146373,0.19518406689167023,0.18845358805146373,0.19518406689167023,124,0.0,0.0,0.0
2006-11-14 00:00:00+08:00,0.19518406689167023,0.19518406689167023,0.19518406689167023,0.19518406689167023,20,0.0,0.0,0.0
2006-11-15 00:00:00+08:00,0.1985493004322052,0.1985493004322052,0.1985493004322052,0.1985493004322052,69,0.0,0.0,0.0
2006-11-16 00:00:00+08:00,0.19854928967733013,0.2019145488739014,0.19854928967733013,0.20191454887390137,100,0.0,0.0,0.0
2006-11-17 00:00:00+08:00,0.2019145488739014,0.2019145488739014,0.2019145488739014,0.20191454887390137,4,0.0,0.0,0.0
2006-11-20 00:00:00+08:00,0.2019145598110634,0.2019145598110634,0.1985493004322052,0.1985493004322052,59,0.0,0.0,0.0
2006-11-21 00:00:00+08:00,0.1985493004322052,0.1985493004322052,0.1985493004322052,0.1985493004322052,20,0.0,0.0,0.0
2006-11-22 00:00:00+08:00,0.20527978971460187,0.21874074637889862,0.20527978971460187,0.21874074637889862,33,0.0,0.0,0.0
2006-11-23 00:00:00+08:00,0.20527978971460187,0.21874074637889862,0.20527978971460187,0.21874074637889862,148,0.0,0.0,0.0
2006-11-24 00:00:00+08:00,0.21537551120640044,0.22210600972175598,0.21537551120640044,0.22210600972175598,65,0.0,0.0,0.0
2006-11-27 00:00:00+08:00,0.2187407504348742,0.22210600972175598,0.2187407504348742,0.22210600972175598,70,0.0,0.0,0.0
2006-11-28 00:00:00+08:00,0.22210600972175598,0.22210600972175598,0.22210600972175598,0.22210600972175598,40000,0.0,0.0,0.0
2006-11-29 00:00:00+08:00,0.21537554264068604,0.21537554264068604,0.21537554264068604,0.21537554264068604,4,0.0,0.0,0.0
2006-11-30 00:00:00+08:00,0.22210600972175598,0.22210600972175598,0.22210600972175598,0.22210600972175598,30,0.0,0.0,0.0
2006-12-01 00:00:00+08:00,0.21537554264068604,0.21537554264068604,0.21537554264068604,0.21537554264068604,13,0.0,0.0,0.0
2006-12-04 00:00:00+08:00,0.22210600972175598,0.22210600972175598,0.22210600972175598,0.22210600972175598,87,0.0,0.0,0.0
2006-12-05 00:00:00+08:00,0.222106002319767,0.23556695878505707,0.222106002319767,0.23556695878505707,78,0.0,0.0,0.0
2006-12-06 00:00:00+08:00,0.23220171966873454,0.23556695878505707,0.23220171966873454,0.23556695878505707,131,0.0,0.0,0.0
2006-12-07 00:00:00+08:00,0.2322017252445221,0.2322017252445221,0.22883648604739112,0.2322017252445221,17000,0.0,0.0,0.0
2006-12-08 00:00:00+08:00,0.23556695878505707,0.23556695878505707,0.23220171966873454,0.23556695878505707,80,0.0,0.0,0.0
2006-12-11 00:00:00+08:00,0.22210600560338045,0.22210600560338045,0.21874074637889862,0.21874074637889862,190,0.0,0.0,0.0
2006-12-12 00:00:00+08:00,0.21874074637889862,0.21874074637889862,0.21874074637889862,0.21874074637889862,0,0.0,0.0,0.0
2006-12-13 00:00:00+08:00,0.21874074637889862,0.21874074637889862,0.21874074637889862,0.21874074637889862,0,0.0,0.0,0.0
2006-12-14 00:00:00+08:00,0.21874074637889862,0.21874074637889862,0.21874074637889862,0.21874074637889862,0,0.0,0.0,0.0
2006-12-15 00:00:00+08:00,0.2355669239052299,0.23893216252326965,0.2355669239052299,0.23893216252326965,169,0.0,0.0,0.0
2006-12-18 00:00:00+08:00,0.23556695878505707,0.23556695878505707,0.23556695878505707,0.23556695878505707,100,0.0,0.0,0.0
2006-12-19 00:00:00+08:00,0.23556695878505707,0.23556695878505707,0.23556695878505707,0.23556695878505707,130,0.0,0.0,0.0
2006-12-20 00:00:00+08:00,0.23556695878505707,0.23556695878505707,0.23556695878505707,0.23556695878505707,0,0.0,0.0,0.0
2006-12-21 00:00:00+08:00,0.22210600972175598,0.22210600972175598,0.22210600972175598,0.22210600972175598,20,0.0,0.0,0.0
2006-12-22 00:00:00+08:00,0.22210600972175598,0.22210600972175598,0.22210600972175598,0.22210600972175598,0,0.0,0.0,0.0
2006-12-26 00:00:00+08:00,0.22210600972175598,0.22210600972175598,0.22210600972175598,0.22210600972175598,0,0.0,0.0,0.0
2006-12-27 00:00:00+08:00,0.22210600972175598,0.22210600972175598,0.22210600972175598,0.22210600972175598,0,0.0,0.0,0.0
2006-12-28 00:00:00+08:00,0.225471281857999,0.225471281857999,0.21537554264068604,0.21537554264068604,11,0.0,0.0,0.0
2006-12-29 00:00:00+08:00,0.2355669239052299,0.23893216252326965,0.2355669239052299,0.23893216252326965,32,0.0,0.0,0.0
2007-01-03 00:00:00+08:00,0.22547119855880737,0.22547119855880737,0.22547119855880737,0.22547119855880737,3,0.0,0.0,0.0
2007-01-04 00:00:00+08:00,0.22547119855880737,0.22547119855880737,0.22547119855880737,0.22547119855880737,0,0.0,0.0,0.0
2007-01-05 00:00:00+08:00,0.22547119855880737,0.22547119855880737,0.22547119855880737,0.22547119855880737,0,0.0,0.0,0.0
2007-01-08 00:00:00+08:00,0.23893220014836258,0.2557584159466208,0.23893220014836258,0.24902793765068054,347,0.0,0.0,0.0
2007-01-09 00:00:00+08:00,0.24902793765068054,0.24902793765068054,0.24902793765068054,0.24902793765068054,0,0.0,0.0,0.0
2007-01-10 00:00:00+08:00,0.24902788795175687,0.24902788795175687,0.212010224594949,0.22547119855880737,1417,0.0,0.0,0.0
2007-01-11 00:00:00+08:00,0.22547119855880737,0.22547119855880737,0.22210596008244368,0.22547119855880737,266,0.0,0.0,0.0
2007-01-12 00:00:00+08:00,0.22547122305961764,0.23220170074371183,0.22547122305961764,0.22883646190166473,268,0.0,0.0,0.0
2007-01-15 00:00:00+08:00,0.22883644666915043,0.23893216252326965,0.22883644666915043,0.23893216252326965,1331,0.0,0.0,0.0
2007-01-16 00:00:00+08:00,0.2355669139878985,0.2355669139878985,0.22547119855880737,0.22547119855880737,161,0.0,0.0,0.0
2007-01-17 00:00:00+08:00,0.23220171966873454,0.23556695878505707,0.22547124143608951,0.23556695878505707,253000,0.0,0.0,0.0
2007-01-18 00:00:00+08:00,0.2288364370351711,0.2288364370351711,0.22547119855880737,0.22547119855880737,36,0.0,0.0,0.0
2007-01-19 00:00:00+08:00,0.22883648604739112,0.2322017252445221,0.22883648604739112,0.2322017252445221,135,0.0,0.0,0.0
2007-01-22 00:00:00+08:00,0.23556694292925956,0.2422974407672882,0.22547122625982555,0.2422974407672882,748,0.0,0.0,0.0
2007-01-23 00:00:00+08:00,0.24229742119971376,0.2456626598177535,0.23893216252326965,0.23893216252326965,340,0.0,0.0,0.0
2007-01-24 00:00:00+08:00,0.23556694292925956,0.2422974407672882,0.23556694292925956,0.2422974407672882,124,0.0,0.0,0.0
2007-01-25 00:00:00+08:00,0.24229745707610945,0.24229745707610945,0.23556695878505707,0.23556695878505707,134,0.0,0.0,0.0
2007-01-26 00:00:00+08:00,0.2422974407672882,0.2422974407672882,0.2389321818190709,0.2422974407672882,140,0.0,0.0,0.0
2007-01-29 00:00:00+08:00,0.2389321818190709,0.24566267965709956,0.2389321818190709,0.2422974407672882,535,0.0,0.0,0.0
2007-01-30 00:00:00+08:00,0.2422974407672882,0.2422974407672882,0.2422974407672882,0.2422974407672882,0,0.0,0.0,0.0
2007-01-31 00:00:00+08:00,0.22883646190166473,0.22883646190166473,0.22883646190166473,0.22883646190166473,30,0.0,0.0,0.0
2007-02-01 00:00:00+08:00,0.228836480552412,0.23556695878505707,0.228836480552412,0.23556695878505707,177,0.0,0.0,0.0
2007-02-02 00:00:00+08:00,0.2355669239052299,0.23893216252326965,0.2355669239052299,0.23893216252326965,174,0.0,0.0,0.0
2007-02-05 00:00:00+08:00,0.23556695878505707,0.23556695878505707,0.23556695878505707,0.23556695878505707,106,0.0,0.0,0.0
2007-02-06 00:00:00+08:00,0.2389321979013796,0.2389321979013796,0.23220171966873454,0.23556695878505707,455,0.0,0.0,0.0
2007-02-07 00:00:00+08:00,0.23893216252326965,0.2456626598177535,0.2355669239052299,0.23893216252326965,349,0.0,0.0,0.0
2007-02-08 00:00:00+08:00,0.2355669239052299,0.23893216252326965,0.2355669239052299,0.23893216252326965,50,0.0,0.0,0.0
2007-02-09 00:00:00+08:00,0.23893217661635033,0.24566267430782318,0.23893217661635033,0.24566267430782318,229,0.0,0.0,0.0
2007-02-12 00:00:00+08:00,0.24566267617030588,0.24566267617030588,0.22883646190166473,0.22883646190166473,132,0.0,0.0,0.0
2007-02-13 00:00:00+08:00,0.22883646190166473,0.22883646190166473,0.22883646190166473,0.22883646190166473,0,0.0,0.0,0.0
2007-02-14 00:00:00+08:00,0.2389321818190709,0.2422974407672882,0.2389321818190709,0.2422974407672882,202,0.0,0.0,0.0
2007-02-15 00:00:00+08:00,0.2422974407672882,0.2422974407672882,0.2422974407672882,0.2422974407672882,0,0.0,0.0,0.0
2007-02-16 00:00:00+08:00,0.23220171966873454,0.23556695878505707,0.23220171966873454,0.23556695878505707,100,0.0,0.0,0.0
2007-02-21 00:00:00+08:00,0.24566267669332492,0.26921936869621277,0.24566267669332492,0.26921936869621277,1982,0.0,0.0,0.0
2007-02-22 00:00:00+08:00,0.26921936869621277,0.27258460754542446,0.265854129847001,0.26921936869621277,1506,0.0,0.0,0.0
2007-02-23 00:00:00+08:00,0.26921936869621277,0.26921936869621277,0.26921936869621277,0.26921936869621277,15,0.0,0.0,0.0
2007-02-26 00:00:00+08:00,0.26921937685584685,0.28268033266067505,0.26921937685584685,0.28268033266067505,695,0.0,0.0,0.0
2007-02-27 00:00:00+08:00,0.28941086367647445,0.28941086367647445,0.2725846469402313,0.2725846469402313,288,0.0,0.0,0.0
2007-02-28 00:00:00+08:00,0.2557583840127476,0.2658541202545166,0.2557583840127476,0.2658541202545166,165,0.0,0.0,0.0
2007-03-01 00:00:00+08:00,0.2692193589823046,0.2692193589823046,0.26248886146832356,0.2658541202545166,195,0.0,0.0,0.0
2007-03-02 00:00:00+08:00,0.2624889016151428,0.2624889016151428,0.2624889016151428,0.2624889016151428,385,0.0,0.0,0.0
2007-03-05 00:00:00+08:00,0.2591236295739578,0.2591236295739578,0.24229743549128954,0.24566267430782318,370,0.0,0.0,0.0
2007-03-06 00:00:00+08:00,0.24229742049634512,0.25912361353769886,0.24229742049634512,0.2557583749294281,80,0.0,0.0,0.0
2007-03-07 00:00:00+08:00,0.2591236623726525,0.2624889016151428,0.2591236623726525,0.2624889016151428,256,0.0,0.0,0.0
2007-03-08 00:00:00+08:00,0.2658541202545166,0.2658541202545166,0.2658541202545166,0.2658541202545166,20,0.0,0.0,0.0
2007-03-09 00:00:00+08:00,0.2591236623726525,0.2624889016151428,0.2591236623726525,0.2624889016151428,26,0.0,0.0,0.0
2007-03-12 00:00:00+08:00,0.2658541202545166,0.2658541202545166,0.2658541202545166,0.2658541202545166,85,0.0,0.0,0.0
2007-03-13 00:00:00+08:00,0.2658541202545166,0.2658541202545166,0.2658541202545166,0.2658541202545166,50,0.0,0.0,0.0
2007-03-14 00:00:00+08:00,0.2658541202545166,0.2658541202545166,0.2658541202545166,0.2658541202545166,0,0.0,0.0,0.0
2007-03-15 00:00:00+08:00,0.26585416091604125,0.26585416091604125,0.2591236623726525,0.2624889016151428,30,0.0,0.0,0.0
2007-03-16 00:00:00+08:00,0.2624889016151428,0.2624889016151428,0.2624889016151428,0.2624889016151428,55,0.0,0.0,0.0
2007-03-19 00:00:00+08:00,0.2624889016151428,0.2624889016151428,0.2624889016151428,0.2624889016151428,0,0.0,0.0,0.0
2007-03-20 00:00:00+08:00,0.2658541202545166,0.2658541202545166,0.2658541202545166,0.2658541202545166,86,0.0,0.0,0.0
2007-03-21 00:00:00+08:00,0.2624889016151428,0.26585416091604125,0.2624889016151428,0.2624889016151428,50,0.0,0.0,0.0
2007-03-22 00:00:00+08:00,0.26921936869621277,0.26921936869621277,0.26921936869621277,0.26921936869621277,25,0.0,0.0,0.0
2007-03-23 00:00:00+08:00,0.2624888922964669,0.2624888922964669,0.25912365317344666,0.25912365317344666,48,0.0,0.0,0.0
2007-03-26 00:00:00+08:00,0.2624889016151428,0.2624889016151428,0.2624889016151428,0.2624889016151428,70,0.0,0.0,0.0
2007-03-27 00:00:00+08:00,0.2624889016151428,0.2624889016151428,0.2624889016151428,0.2624889016151428,48,0.0,0.0,0.0
2007-03-28 00:00:00+08:00,0.26248891753704956,0.2759498953819275,0.26248891753704956,0.2759498953819275,140,0.0,0.0,0.0
2007-03-29 00:00:00+08:00,0.27258460754542446,0.27258460754542446,0.26921936869621277,0.26921936869621277,80,0.0,0.0,0.0
2007-03-30 00:00:00+08:00,0.2725846469402313,0.2725846469402313,0.2725846469402313,0.2725846469402313,130,0.0,0.0,0.0
2007-04-02 00:00:00+08:00,0.2759498748253736,0.27931511402130127,0.2759498748253736,0.27931511402130127,111,0.0,0.0,0.0
2007-04-03 00:00:00+08:00,0.27931513482854464,0.27931513482854464,0.2759498953819275,0.2759498953819275,170,0.0,0.0,0.0
2007-04-04 00:00:00+08:00,0.2759498463946362,0.2759498463946362,0.26921936869621277,0.26921936869621277,230,0.0,0.0,0.0
2007-04-05 00:00:00+08:00,0.26921936869621277,0.26921936869621277,0.265854129847001,0.26921936869621277,134,0.0,0.0,0.0
2007-04-09 00:00:00+08:00,0.2759498748253736,0.2860456124715645,0.2759498748253736,0.27931511402130127,838,0.0,0.0,0.0
2007-04-10 00:00:00+08:00,0.28268033266067505,0.28268033266067505,0.279315093709468,0.28268033266067505,125,0.0,0.0,0.0
2007-04-11 00:00:00+08:00,0.2860455916702884,0.2860455916702884,0.28268033266067505,0.28268033266067505,260,0.0,0.0,0.0
2007-04-12 00:00:00+08:00,0.2826803022596545,0.3028717538538016,0.2826803022596545,0.2995065152645111,588,0.0,0.0,0.0
2007-04-13 00:00:00+08:00,0.2995065244535798,0.3096022605895996,0.2995065244535798,0.3096022605895996,281,0.0,0.0,0.0
2007-04-16 00:00:00+08:00,0.3096022997157955,0.31296753883361816,0.3096022997157955,0.31296753883361816,450,0.0,0.0,0.0
2007-04-17 00:00:00+08:00,0.3129675502333488,0.3129675502333488,0.3062370717525482,0.3062370717525482,211,0.0,0.0,0.0
2007-04-18 00:00:00+08:00,0.3096022997157955,0.31296753883361816,0.3096022997157955,0.31296753883361816,244,0.0,0.0,0.0
2007-04-19 00:00:00+08:00,0.2888931290827652,0.2923323503271671,0.27513632610217137,0.28201472759246826,882,0.01,0.0,0.0
2007-04-20 00:00:00+08:00,0.28201472759246826,0.28201472759246826,0.28201472759246826,0.28201472759246826,0,0.0,0.0,0.0
2007-04-23 00:00:00+08:00,0.28889308602625735,0.28889308602625735,0.2751362850959715,0.2854538857936859,125,0.0,0.0,0.0
2007-04-24 00:00:00+08:00,0.28201472759246826,0.28545392833761674,0.28201472759246826,0.28201472759246826,130,0.0,0.0,0.0
2007-04-25 00:00:00+08:00,0.275136262178421,0.275136262178421,0.26825784178696765,0.275136262178421,215,0.0,0.0,0.0
2007-04-26 00:00:00+08:00,0.27513627427215487,0.27513627427215487,0.271697074174881,0.271697074174881,67,0.0,0.0,0.0
2007-04-27 00:00:00+08:00,0.271697074174881,0.271697074174881,0.271697074174881,0.271697074174881,204,0.0,0.0,0.0
2007-04-30 00:00:00+08:00,0.271697074174881,0.271697074174881,0.271697074174881,0.271697074174881,0,0.0,0.0,0.0
2007-05-02 00:00:00+08:00,0.2716970770013199,0.2716970770013199,0.26825785636901855,0.26825785636901855,27,0.0,0.0,0.0
2007-05-03 00:00:00+08:00,0.26825785636901855,0.26825785636901855,0.26825785636901855,0.26825785636901855,47,0.0,0.0,0.0
2007-05-04 00:00:00+08:00,0.26825786865605605,0.26825786865605605,0.261379468074901,0.2648186683654785,131,0.0,0.0,0.0
2007-05-07 00:00:00+08:00,0.2613794505596161,0.2613794505596161,0.2613794505596161,0.2613794505596161,45,0.0,0.0,0.0
2007-05-08 00:00:00+08:00,0.26825785636901855,0.26825785636901855,0.26825785636901855,0.26825785636901855,200,0.0,0.0,0.0
2007-05-09 00:00:00+08:00,0.26825785636901855,0.26825785636901855,0.26825785636901855,0.26825785636901855,0,0.0,0.0,0.0
2007-05-10 00:00:00+08:00,0.26137945610291546,0.26825785636901855,0.26137945610291546,0.26825785636901855,84,0.0,0.0,0.0
2007-05-11 00:00:00+08:00,0.26825786865605605,0.26825786865605605,0.2648186683654785,0.2648186683654785,36000,0.0,0.0,0.0
2007-05-14 00:00:00+08:00,0.264818656235967,0.26825785636901855,0.264818656235967,0.26825785636901855,15,0.0,0.0,0.0
2007-05-15 00:00:00+08:00,0.26825785636901855,0.26825785636901855,0.26825785636901855,0.26825785636901855,53,0.0,0.0,0.0
2007-05-16 00:00:00+08:00,0.2648186683654785,0.2648186683654785,0.2648186683654785,0.2648186683654785,36,0.0,0.0,0.0
2007-05-17 00:00:00+08:00,0.26481865061972953,0.26481865061972953,0.2613794505596161,0.2613794505596161,236,0.0,0.0,0.0
2007-05-18 00:00:00+08:00,0.2613794627769437,0.2613794627769437,0.25794026255607605,0.25794026255607605,58,0.0,0.0,0.0
2007-05-21 00:00:00+08:00,0.2545010568940116,0.2545010568940116,0.2510618567466736,0.2510618567466736,122,0.0,0.0,0.0
2007-05-22 00:00:00+08:00,0.24762266917584394,0.24762266917584394,0.2407442480325699,0.24074424803256989,195,0.0,0.0,0.0
2007-05-23 00:00:00+08:00,0.24074423312464005,0.24762265384197235,0.24074423312464005,0.24762265384197235,34,0.0,0.0,0.0
2007-05-24 00:00:00+08:00,0.24762265384197235,0.24762265384197235,0.24762265384197235,0.24762265384197235,0,0.0,0.0,0.0
2007-05-25 00:00:00+08:00,0.24762265659933558,0.2510618567466736,0.24762265659933558,0.2510618567466736,240,0.0,0.0,0.0
2007-05-28 00:00:00+08:00,0.2510618621143408,0.25794026255607605,0.2510618621143408,0.25794026255607605,56,0.0,0.0,0.0
2007-05-29 00:00:00+08:00,0.25794024194866055,0.275136262178421,0.25794024194866055,0.275136262178421,909,0.0,0.0,0.0
2007-05-30 00:00:00+08:00,0.27513627713437144,0.27513627713437144,0.26825785636901855,0.26825785636901855,456,0.0,0.0,0.0
2007-06-01 00:00:00+08:00,0.2682578535783575,0.271697074174881,0.2682578535783575,0.271697074174881,227,0.0,0.0,0.0
2007-06-04 00:00:00+08:00,0.271697074174881,0.271697074174881,0.2682578535783575,0.271697074174881,134,0.0,0.0,0.0
2007-06-05 00:00:00+08:00,0.26825785636901855,0.26825785636901855,0.26825785636901855,0.26825785636901855,37,0.0,0.0,0.0
2007-06-06 00:00:00+08:00,0.268257882055073,0.30608912813953254,0.268257882055073,0.29921072721481323,2354,0.0,0.0,0.0
2007-06-07 00:00:00+08:00,0.2957714944704512,0.2992106945574391,0.28889307379722595,0.28889307379722595,382,0.0,0.0,0.0
2007-06-08 00:00:00+08:00,0.2820147103211284,0.2820147103211284,0.26825788768378594,0.27857550978660583,160,0.0,0.0,0.0
2007-06-11 00:00:00+08:00,0.27857546212452333,0.27857546212452333,0.275136262178421,0.275136262178421,165,0.0,0.0,0.0
2007-06-12 00:00:00+08:00,0.2682578535783575,0.27513627427215487,0.2682578535783575,0.271697074174881,124,0.0,0.0,0.0
2007-06-13 00:00:00+08:00,0.26825785636901855,0.2716970770013199,0.264818656235967,0.26825785636901855,142000,0.0,0.0,0.0
2007-06-14 00:00:00+08:00,0.2682578535783575,0.271697074174881,0.26481865348108363,0.271697074174881,96,0.0,0.0,0.0
2007-06-15 00:00:00+08:00,0.26825786865605605,0.26825786865605605,0.2648186683654785,0.2648186683654785,42,0.0,0.0,0.0
2007-06-18 00:00:00+08:00,0.2716970770013199,0.27513627713437144,0.26137945610291546,0.26825785636901855,220,0.0,0.0,0.0
2007-06-19 00:00:00+08:00,0.2682578535783575,0.271697074174881,0.2682578535783575,0.271697074174881,49,0.0,0.0,0.0
2007-06-20 00:00:00+08:00,0.2751362841596645,0.2751362841596645,0.25794026255607605,0.25794026255607605,485,0.0,0.0,0.0
2007-06-21 00:00:00+08:00,0.24418343603610992,0.251061856832384,0.24418343603610992,0.24418343603610992,19756,0.0,0.0,0.0
2007-06-22 00:00:00+08:00,0.24762266917584394,0.24762266917584394,0.23730504771055833,0.24074424803256989,2069,0.0,0.0,0.0
2007-06-25 00:00:00+08:00,0.2407442480325699,0.24418344835458147,0.23730504771055833,0.24074424803256989,2651,0.0,0.0,0.0
2007-06-26 00:00:00+08:00,0.24074424541244996,0.24074424541244996,0.23386584484328732,0.23730504512786865,668,0.0,0.0,0.0
2007-06-27 00:00:00+08:00,0.2338658092777023,0.2338658092777023,0.22698740975458526,0.2304266095161438,878,0.0,0.0,0.0
2007-06-28 00:00:00+08:00,0.23042665488574757,0.23042665488574757,0.22354823350906372,0.22354823350906372,1578000,0.0,0.0,0.0
2007-06-29 00:00:00+08:00,0.22698742726817486,0.24074422737583756,0.22698742726817486,0.23386582732200623,992,0.0,0.0,0.0
2007-07-02 00:00:00+08:00,0.2338658092777023,0.2338658092777023,0.23042660951614377,0.2304266095161438,368,0.0,0.0,0.0
2007-07-03 00:00:00+08:00,0.23042660951614377,0.23042660951614377,0.23042660951614377,0.2304266095161438,0,0.0,0.0,0.0
2007-07-04 00:00:00+08:00,0.23042660951614377,0.23042660951614377,0.23042660951614377,0.2304266095161438,0,0.0,0.0,0.0
2007-07-05 00:00:00+08:00,0.2373050273489219,0.24418342740275323,0.23386582732200623,0.23386582732200623,3965,0.0,0.0,0.0
2007-07-06 00:00:00+08:00,0.23386584738854677,0.2407442480325699,0.23386584738854677,0.24074424803256989,1372,0.0,0.0,0.0
2007-07-09 00:00:00+08:00,0.24074424541244996,0.24074424541244996,0.23730504512786865,0.23730504512786865,474,0.0,0.0,0.0
2007-07-10 00:00:00+08:00,0.2373050273489219,0.2373050273489219,0.23042662729509053,0.23386582732200623,791,0.0,0.0,0.0
2007-07-11 00:00:00+08:00,0.2338658092777023,0.2338658092777023,0.22698740975458526,0.2304266095161438,533,0.0,0.0,0.0
2007-07-12 00:00:00+08:00,0.23042662729509053,0.23386582732200623,0.23042662729509053,0.23386582732200623,476,0.0,0.0,0.0
2007-07-13 00:00:00+08:00,0.23730503573908565,0.24418343603610992,0.23730503573908565,0.24418343603610992,904,0.0,0.0,0.0
2007-07-16 00:00:00+08:00,0.2476226566838719,0.2476226566838719,0.24074423588759777,0.24418343603610992,462,0.0,0.0,0.0
2007-07-17 00:00:00+08:00,0.24418344835458147,0.24418344835458147,0.23730504771055833,0.24074424803256989,189,0.0,0.0,0.0
2007-07-18 00:00:00+08:00,0.24418340856237786,0.24418340856237786,0.23042660951614377,0.2304266095161438,162,0.0,0.0,0.0
2007-07-19 00:00:00+08:00,0.22698740975458526,0.23042660951614377,0.22698740975458526,0.2304266095161438,370,0.0,0.0,0.0
2007-07-20 00:00:00+08:00,0.23730504512786865,0.23730504512786865,0.23730504512786865,0.23730504512786865,138,0.0,0.0,0.0
2007-07-23 00:00:00+08:00,0.23730504771055833,0.2407442480325699,0.23730504771055833,0.24074424803256989,72,0.0,0.0,0.0
2007-07-24 00:00:00+08:00,0.2407442480325699,0.2407442480325699,0.2407442480325699,0.24074424803256989,0,0.0,0.0,0.0
2007-07-25 00:00:00+08:00,0.2407442480325699,0.2407442480325699,0.2407442480325699,0.24074424803256989,0,0.0,0.0,0.0
2007-07-26 00:00:00+08:00,0.2407442480325699,0.2407442480325699,0.2407442480325699,0.24074424803256989,0,0.0,0.0,0.0
2007-07-27 00:00:00+08:00,0.2407442480325699,0.2407442480325699,0.23042664706653518,0.24074424803256989,481,0.0,0.0,0.0
2007-07-30 00:00:00+08:00,0.24074424541244996,0.24074424541244996,0.23730504512786865,0.23730504512786865,415,0.0,0.0,0.0
2007-07-31 00:00:00+08:00,0.24074420880081934,0.24074420880081934,0.22698740975458526,0.2304266095161438,425,0.0,0.0,0.0
2007-08-01 00:00:00+08:00,0.23730505576317978,0.23730505576317978,0.2201090330703476,0.22354823350906372,802,0.0,0.0,0.0
2007-08-02 00:00:00+08:00,0.22698746243431533,0.2304266629940508,0.21323063969612122,0.21323063969612122,1004,0.0,0.0,0.0
2007-08-03 00:00:00+08:00,0.230426683503477,0.230426683503477,0.22010906040668488,0.22010906040668488,74,0.0,0.0,0.0
2007-08-06 00:00:00+08:00,0.21666982769966125,0.22010902806009222,0.21666982769966125,0.21666982769966125,81,0.0,0.0,0.0
2007-08-07 00:00:00+08:00,0.22010906040668488,0.22010906040668488,0.2166698595408389,0.22010906040668488,340,0.0,0.0,0.0
2007-08-08 00:00:00+08:00,0.21323063969612122,0.21323063969612122,0.21323063969612122,0.21323063969612122,61,0.0,0.0,0.0
2007-08-10 00:00:00+08:00,0.22010904081559213,0.22010904081559213,0.21323063969612122,0.21323063969612122,65,0.0,0.0,0.0
2007-08-13 00:00:00+08:00,0.20635221898555756,0.20635221898555756,0.19259539755343694,0.20635221898555756,258,0.0,0.0,0.0
2007-08-14 00:00:00+08:00,0.20635221898555756,0.20635221898555756,0.19947379801987206,0.20635221898555756,215,0.0,0.0,0.0
2007-08-15 00:00:00+08:00,0.20635221898555756,0.20635221898555756,0.20635221898555756,0.20635221898555756,186,0.0,0.0,0.0
2007-08-16 00:00:00+08:00,0.20635225226921583,0.20635225226921583,0.19947383019407286,0.20291303098201752,478,0.0,0.0,0.0
2007-08-17 00:00:00+08:00,0.20979135284541478,0.20979135284541478,0.19259533662051714,0.1960345357656479,518,0.0,0.0,0.0
2007-08-20 00:00:00+08:00,0.2097914530571605,0.2097914530571605,0.20291303098201752,0.20291303098201752,376,0.0,0.0,0.0
2007-08-21 00:00:00+08:00,0.20979141921877512,0.20979141921877512,0.20635221898555756,0.20635221898555756,9,0.0,0.0,0.0
2007-08-22 00:00:00+08:00,0.20635221898555756,0.20635221898555756,0.20635221898555756,0.20635221898555756,30,0.0,0.0,0.0
2007-08-23 00:00:00+08:00,0.21323063969612122,0.21323063969612122,0.20979143913638576,0.21323063969612122,350,0.0,0.0,0.0
2007-08-24 00:00:00+08:00,0.21323063969612122,0.21323063969612122,0.21323063969612122,0.21323063969612122,10,0.0,0.0,0.0
2007-08-27 00:00:00+08:00,0.22698744928020526,0.22698744928020526,0.21323062733923032,0.21666982769966125,161000,0.0,0.0,0.0
2007-08-28 00:00:00+08:00,0.21323063969612122,0.21666984025585667,0.21323063969612122,0.21323063969612122,75,0.0,0.0,0.0
2007-08-29 00:00:00+08:00,0.21323063969612122,0.21323063969612122,0.21323063969612122,0.21323063969612122,0,0.0,0.0,0.0
2007-08-30 00:00:00+08:00,0.21323063969612122,0.21323063969612122,0.21323063969612122,0.21323063969612122,110,0.0,0.0,0.0
2007-08-31 00:00:00+08:00,0.21323063969612122,0.22010904081559213,0.21323063969612122,0.21323063969612122,715,0.0,0.0,0.0
2007-09-03 00:00:00+08:00,0.21323063969612122,0.21323063969612122,0.21323063969612122,0.21323063969612122,50,0.0,0.0,0.0
2007-09-04 00:00:00+08:00,0.21323065867499288,0.22010906040668488,0.21323065867499288,0.22010906040668488,10,0.0,0.0,0.0
2007-09-05 00:00:00+08:00,0.21666982769966125,0.21666982769966125,0.21666982769966125,0.21666982769966125,100000,0.0,0.0,0.0
2007-09-06 00:00:00+08:00,0.21666982769966125,0.21666982769966125,0.21666982769966125,0.21666982769966125,0,0.0,0.0,0.0
2007-09-07 00:00:00+08:00,0.22010906040668488,0.22010906040668488,0.22010906040668488,0.22010906040668488,62000,0.0,0.0,0.0
2007-09-10 00:00:00+08:00,0.22010906040668488,0.22010906040668488,0.22010906040668488,0.22010906040668488,27000,0.0,0.0,0.0
2007-09-11 00:00:00+08:00,0.226987482637631,0.226987482637631,0.22010906040668488,0.22010906040668488,85,0.0,0.0,0.0
2007-09-12 00:00:00+08:00,0.23042660951614377,0.23042660951614377,0.22698740975458526,0.2304266095161438,94,0.0,0.0,0.0
2007-09-13 00:00:00+08:00,0.24074422737583756,0.24418342740275323,0.23386582732200623,0.23386582732200623,64,0.0,0.0,0.0
2007-09-14 00:00:00+08:00,0.24418343603610992,0.24418343603610992,0.24418343603610992,0.24418343603610992,20,0.0,0.0,0.0
2007-09-17 00:00:00+08:00,0.24418342740275323,0.24418342740275323,0.23042662729509053,0.23386582732200623,211,0.0,0.0,0.0
2007-09-18 00:00:00+08:00,0.24074422737583756,0.24074422737583756,0.23386582732200623,0.23386582732200623,140,0.0,0.0,0.0
2007-09-19 00:00:00+08:00,0.24074424541244996,0.24074424541244996,0.23386584484328732,0.23730504512786865,212,0.0,0.0,0.0
2007-09-20 00:00:00+08:00,0.24074424541244996,0.24074424541244996,0.23730504512786865,0.23730504512786865,25,0.0,0.0,0.0
2007-09-21 00:00:00+08:00,0.24074422737583756,0.24074422737583756,0.23386582732200623,0.23386582732200623,108000,0.0,0.0,0.0
2007-09-24 00:00:00+08:00,0.24074425287996623,0.24074425287996623,0.22698745131492615,0.22698745131492615,23,0.0,0.0,0.0
2007-09-25 00:00:00+08:00,0.23730500903926083,0.23730500903926083,0.23042660951614377,0.2304266095161438,85,0.0,0.0,0.0
2007-09-26 00:00:00+08:00,0.23730500903926083,0.23730500903926083,0.23042660951614377,0.2304266095161438,29,0.0,0.0,0.0
2007-09-27 00:00:00+08:00,0.2373050273489219,0.2373050273489219,0.23386582732200623,0.23386582732200623,86,0.0,0.0,0.0
2007-09-28 00:00:00+08:00,0.23386582732200623,0.23386582732200623,0.23042662729509053,0.23386582732200623,188,0.0,0.0,0.0
2007-10-01 00:00:00+08:00,0.23386582732200623,0.23386582732200623,0.23386582732200623,0.23386582732200623,70,0.0,0.0,0.0
2007-10-02 00:00:00+08:00,0.2373050273489219,0.2373050273489219,0.23386582732200623,0.23386582732200623,268,0.0,0.0,0.0
2007-10-03 00:00:00+08:00,0.24074422737583756,0.24074422737583756,0.23386582732200623,0.23386582732200623,410,0.0,0.0,0.0
2007-10-04 00:00:00+08:00,0.24074422737583756,0.24074422737583756,0.23386582732200623,0.23386582732200623,115,0.0,0.0,0.0
2007-10-05 00:00:00+08:00,0.2407442480325699,0.2407442480325699,0.2407442480325699,0.24074424803256989,102,0.0,0.0,0.0
2007-10-08 00:00:00+08:00,0.24074422737583756,0.24074422737583756,0.23386582732200623,0.23386582732200623,190,0.0,0.0,0.0
2007-10-09 00:00:00+08:00,0.24074422737583756,0.24074422737583756,0.23386582732200623,0.23386582732200623,190,0.0,0.0,0.0
2007-10-10 00:00:00+08:00,0.24074422737583756,0.24074422737583756,0.23386582732200623,0.23386582732200623,133,0.0,0.0,0.0
2007-10-11 00:00:00+08:00,0.24074424541244996,0.24074424541244996,0.23386584484328732,0.23730504512786865,275,0.0,0.0,0.0
2007-10-12 00:00:00+08:00,0.2373050273489219,0.2373050273489219,0.23386582732200623,0.23386582732200623,202,0.0,0.0,0.0
2007-10-15 00:00:00+08:00,0.23730504512786865,0.23730504512786865,0.23386584484328732,0.23730504512786865,172,0.0,0.0,0.0
2007-10-16 00:00:00+08:00,0.24074422737583756,0.24074422737583756,0.23386582732200623,0.23386582732200623,405,0.0,0.0,0.0
2007-10-17 00:00:00+08:00,0.2373050273489219,0.2373050273489219,0.23386582732200623,0.23386582732200623,160,0.0,0.0,0.0
2007-10-18 00:00:00+08:00,0.2407442480325699,0.2407442480325699,0.2407442480325699,0.24074424803256989,100,0.0,0.0,0.0
2007-10-19 00:00:00+08:00,0.24074422737583756,0.24074422737583756,0.23386582732200623,0.23386582732200623,204,0.0,0.0,0.0
2007-10-22 00:00:00+08:00,0.2373050273489219,0.2373050273489219,0.23042662729509053,0.23386582732200623,224,0.0,0.0,0.0
2007-10-23 00:00:00+08:00,0.2373050273489219,0.2373050273489219,0.23386582732200623,0.23386582732200623,140,0.0,0.0,0.0
2007-10-24 00:00:00+08:00,0.24074422737583756,0.24074422737583756,0.23386582732200623,0.23386582732200623,150,0.0,0.0,0.0
2007-10-25 00:00:00+08:00,0.24074422737583756,0.24074422737583756,0.23386582732200623,0.23386582732200623,244,0.0,0.0,0.0
2007-10-26 00:00:00+08:00,0.2373050273489219,0.2373050273489219,0.23386582732200623,0.23386582732200623,225,0.0,0.0,0.0
2007-10-29 00:00:00+08:00,0.24074422737583756,0.24074422737583756,0.23386582732200623,0.23386582732200623,185,0.0,0.0,0.0
2007-10-30 00:00:00+08:00,0.2373050273489219,0.2373050273489219,0.23386582732200623,0.23386582732200623,215,0.0,0.0,0.0
2007-10-31 00:00:00+08:00,0.23730504512786865,0.23730504512786865,0.23386584484328732,0.23730504512786865,143,0.0,0.0,0.0
2007-11-01 00:00:00+08:00,0.2373050273489219,0.2373050273489219,0.23386582732200623,0.23386582732200623,22,0.0,0.0,0.0
2007-11-02 00:00:00+08:00,0.23386582732200623,0.2373050273489219,0.23386582732200623,0.23386582732200623,109,0.0,0.0,0.0
2007-11-05 00:00:00+08:00,0.23386582732200623,0.23386582732200623,0.23386582732200623,0.23386582732200623,0,0.0,0.0,0.0
2007-11-06 00:00:00+08:00,0.23386582732200623,0.23386582732200623,0.23386582732200623,0.23386582732200623,0,0.0,0.0,0.0
2007-11-07 00:00:00+08:00,0.23386582732200623,0.23386582732200623,0.23386582732200623,0.23386582732200623,0,0.0,0.0,0.0
2007-11-09 00:00:00+08:00,0.23386582732200623,0.23386582732200623,0.23386582732200623,0.23386582732200623,49000,0.0,0.0,0.0
2007-11-12 00:00:00+08:00,0.23386582732200623,0.23386582732200623,0.23386582732200623,0.23386582732200623,0,0.0,0.0,0.0
2007-11-13 00:00:00+08:00,0.23386582732200623,0.23386582732200623,0.23386582732200623,0.23386582732200623,0,0.0,0.0,0.0
2007-11-14 00:00:00+08:00,0.23386582732200623,0.23386582732200623,0.23386582732200623,0.23386582732200623,6,0.0,0.0,0.0
2007-11-15 00:00:00+08:00,0.23386585209744618,0.23386585209744618,0.22698745131492615,0.22698745131492615,8,0.0,0.0,0.0
2007-11-16 00:00:00+08:00,0.226987482637631,0.226987482637631,0.22010906040668488,0.22010906040668488,47,0.0,0.0,0.0
2007-11-19 00:00:00+08:00,0.23386588436932298,0.23386588436932298,0.22010906040668488,0.22010906040668488,27,0.0,0.0,0.0
2007-11-20 00:00:00+08:00,0.22010906040668488,0.22010906040668488,0.22010906040668488,0.22010906040668488,0,0.0,0.0,0.0
2007-11-21 00:00:00+08:00,0.22010906040668488,0.22010906040668488,0.22010906040668488,0.22010906040668488,0,0.0,0.0,0.0
2007-11-22 00:00:00+08:00,0.22010906040668488,0.22010906040668488,0.22010906040668488,0.22010906040668488,0,0.0,0.0,0.0
2007-11-23 00:00:00+08:00,0.22010906040668488,0.22010906040668488,0.22010906040668488,0.22010906040668488,0,0.0,0.0,0.0
2007-11-26 00:00:00+08:00,0.22354823350906372,0.22354823350906372,0.22354823350906372,0.22354823350906372,95000,0.0,0.0,0.0
2007-11-27 00:00:00+08:00,0.22010906040668488,0.22010906040668488,0.22010906040668488,0.22010906040668488,18,0.0,0.0,0.0
2007-11-28 00:00:00+08:00,0.22010906040668488,0.22010906040668488,0.22010906040668488,0.22010906040668488,0,0.0,0.0,0.0
2007-11-29 00:00:00+08:00,0.21666982769966125,0.21666982769966125,0.21666982769966125,0.21666982769966125,10,0.0,0.0,0.0
2007-11-30 00:00:00+08:00,0.2201090330703476,0.22354823350906372,0.2201090330703476,0.22354823350906372,36,0.0,0.0,0.0
2007-12-03 00:00:00+08:00,0.2235482304244148,0.22698745131492615,0.2235482304244148,0.22698745131492615,559,0.0,0.0,0.0
2007-12-04 00:00:00+08:00,0.22698745131492615,0.22698745131492615,0.22698745131492615,0.22698745131492615,0,0.0,0.0,0.0
2007-12-05 00:00:00+08:00,0.22698745131492615,0.22698745131492615,0.22698745131492615,0.22698745131492615,124000,0.0,0.0,0.0
2007-12-06 00:00:00+08:00,0.22698745131492615,0.22698745131492615,0.22698745131492615,0.22698745131492615,0,0.0,0.0,0.0
2007-12-07 00:00:00+08:00,0.22698745131492615,0.22698745131492615,0.22698745131492615,0.22698745131492615,55000,0.0,0.0,0.0
2007-12-10 00:00:00+08:00,0.23386582732200623,0.23386582732200623,0.23386582732200623,0.23386582732200623,20000,0.0,0.0,0.0
2007-12-11 00:00:00+08:00,0.23386582732200623,0.23386582732200623,0.23386582732200623,0.23386582732200623,84000,0.0,0.0,0.0
2007-12-12 00:00:00+08:00,0.23386582732200623,0.23386582732200623,0.23386582732200623,0.23386582732200623,0,0.0,0.0,0.0
2007-12-13 00:00:00+08:00,0.23042660951614377,0.23042660951614377,0.23042660951614377,0.2304266095161438,40000,0.0,0.0,0.0
2007-12-14 00:00:00+08:00,0.23386582732200623,0.23386582732200623,0.23386582732200623,0.23386582732200623,2000,0.0,0.0,0.0
2007-12-17 00:00:00+08:00,0.23386582732200623,0.23386582732200623,0.23386582732200623,0.23386582732200623,0,0.0,0.0,0.0
2007-12-18 00:00:00+08:00,0.23386582732200623,0.23386582732200623,0.23386582732200623,0.23386582732200623,0,0.0,0.0,0.0
2007-12-19 00:00:00+08:00,0.23386582732200623,0.23386582732200623,0.23386582732200623,0.23386582732200623,0,0.0,0.0,0.0
2007-12-21 00:00:00+08:00,0.22698745131492615,0.22698745131492615,0.22698745131492615,0.22698745131492615,8000,0.0,0.0,0.0
2007-12-24 00:00:00+08:00,0.22698745131492615,0.22698745131492615,0.22698745131492615,0.22698745131492615,1000,0.0,0.0,0.0
2007-12-26 00:00:00+08:00,0.23386582732200623,0.23386582732200623,0.23386582732200623,0.23386582732200623,82000,0.0,0.0,0.0
2007-12-27 00:00:00+08:00,0.23386585209744618,0.23386585209744618,0.22698745131492615,0.22698745131492615,126000,0.0,0.0,0.0
2007-12-28 00:00:00+08:00,0.22698745131492615,0.22698745131492615,0.22698745131492615,0.22698745131492615,2000,0.0,0.0,0.0
2007-12-31 00:00:00+08:00,0.23042660951614377,0.23042660951614377,0.23042660951614377,0.2304266095161438,49000,0.0,0.0,0.0
2008-01-02 00:00:00+08:00,0.23042660951614377,0.23042660951614377,0.23042660951614377,0.2304266095161438,0,0.0,0.0,0.0
2008-01-03 00:00:00+08:00,0.23042660951614377,0.23042660951614377,0.23042660951614377,0.2304266095161438,0,0.0,0.0,0.0
2008-01-04 00:00:00+08:00,0.23042660951614377,0.23042660951614377,0.23042660951614377,0.2304266095161438,0,0.0,0.0,0.0
2008-01-07 00:00:00+08:00,0.22698745131492615,0.22698745131492615,0.22698745131492615,0.22698745131492615,140000,0.0,0.0,0.0
2008-01-08 00:00:00+08:00,0.22698745131492615,0.22698745131492615,0.22698745131492615,0.22698745131492615,40000,0.0,0.0,0.0
2008-01-09 00:00:00+08:00,0.22698745131492615,0.22698745131492615,0.22698745131492615,0.22698745131492615,0,0.0,0.0,0.0
2008-01-10 00:00:00+08:00,0.22698740975458526,0.23042660951614377,0.22698740975458526,0.2304266095161438,8000,0.0,0.0,0.0
2008-01-11 00:00:00+08:00,0.22010906040668488,0.22010906040668488,0.22010906040668488,0.22010906040668488,30000,0.0,0.0,0.0
2008-01-14 00:00:00+08:00,0.22010906040668488,0.22010906040668488,0.22010906040668488,0.22010906040668488,33000,0.0,0.0,0.0
2008-01-15 00:00:00+08:00,0.22010906040668488,0.22010906040668488,0.22010906040668488,0.22010906040668488,0,0.0,0.0,0.0
2008-01-16 00:00:00+08:00,0.19259539246559143,0.19259539246559143,0.19259539246559143,0.19259539246559143,10000,0.0,0.0,0.0
2008-01-17 00:00:00+08:00,0.19947379801987206,0.20635221898555756,0.19947379801987206,0.20635221898555756,63000,0.0,0.0,0.0
2008-01-18 00:00:00+08:00,0.19947379801987206,0.20635221898555756,0.19947379801987206,0.20635221898555756,40000,0.0,0.0,0.0
2008-01-21 00:00:00+08:00,0.20635221898555756,0.20635221898555756,0.20635221898555756,0.20635221898555756,30000,0.0,0.0,0.0
2008-01-22 00:00:00+08:00,0.19259538673629809,0.19259538673629809,0.185716986656189,0.18571698665618896,170000,0.0,0.0,0.0
2008-01-23 00:00:00+08:00,0.19259539246559143,0.19259539246559143,0.1857169921808649,0.19259539246559143,225000,0.0,0.0,0.0
2008-01-24 00:00:00+08:00,0.19259538673629809,0.19259538673629809,0.1822777661168852,0.18571698665618896,375000,0.0,0.0,0.0
2008-01-25 00:00:00+08:00,0.19259539246559143,0.19259539246559143,0.19259539246559143,0.19259539246559143,80000,0.0,0.0,0.0
2008-01-28 00:00:00+08:00,0.189156174659729,0.189156174659729,0.189156174659729,0.189156174659729,20000,0.0,0.0,0.0
2008-01-29 00:00:00+08:00,0.19947382807731628,0.19947382807731628,0.19947382807731628,0.19947382807731628,10000,0.0,0.0,0.0
2008-01-30 00:00:00+08:00,0.1857169921808649,0.19259539246559143,0.1857169921808649,0.19259539246559143,55000,0.0,0.0,0.0
2008-01-31 00:00:00+08:00,0.19947379275031796,0.19947379275031796,0.19259539246559143,0.19259539246559143,100000,0.0,0.0,0.0
2008-02-01 00:00:00+08:00,0.19259539246559143,0.19259539246559143,0.19259539246559143,0.19259539246559143,0,0.0,0.0,0.0
2008-02-04 00:00:00+08:00,0.19259539246559143,0.19259539246559143,0.19259539246559143,0.19259539246559143,0,0.0,0.0,0.0
2008-02-05 00:00:00+08:00,0.19259539246559143,0.19259539246559143,0.19259539246559143,0.19259539246559143,0,0.0,0.0,0.0
2008-02-06 00:00:00+08:00,0.189156174659729,0.189156174659729,0.189156174659729,0.189156174659729,10000,0.0,0.0,0.0
2008-02-11 00:00:00+08:00,0.189156174659729,0.189156174659729,0.189156174659729,0.189156174659729,0,0.0,0.0,0.0
2008-02-12 00:00:00+08:00,0.189156174659729,0.189156174659729,0.189156174659729,0.189156174659729,0,0.0,0.0,0.0
2008-02-13 00:00:00+08:00,0.189156174659729,0.189156174659729,0.189156174659729,0.189156174659729,0,0.0,0.0,0.0
2008-02-14 00:00:00+08:00,0.20635221898555756,0.20635221898555756,0.20635221898555756,0.20635221898555756,64000,0.0,0.0,0.0
2008-02-15 00:00:00+08:00,0.20635221898555756,0.20635221898555756,0.20635221898555756,0.20635221898555756,0,0.0,0.0,0.0
2008-02-18 00:00:00+08:00,0.20635221898555756,0.20635221898555756,0.20635221898555756,0.20635221898555756,0,0.0,0.0,0.0
2008-02-19 00:00:00+08:00,0.22010904081559213,0.22010904081559213,0.21323063969612122,0.21323063969612122,80000,0.0,0.0,0.0
2008-02-20 00:00:00+08:00,0.21666982769966125,0.21666982769966125,0.21666982769966125,0.21666982769966125,36000,0.0,0.0,0.0
2008-02-21 00:00:00+08:00,0.21323063969612122,0.21323063969612122,0.21323063969612122,0.21323063969612122,5000,0.0,0.0,0.0
2008-02-22 00:00:00+08:00,0.19259541583845619,0.21323063969612122,0.19259541583845619,0.21323063969612122,380000,0.0,0.0,0.0
2008-02-25 00:00:00+08:00,0.21323063969612122,0.21323063969612122,0.21323063969612122,0.21323063969612122,0,0.0,0.0,0.0
2008-02-26 00:00:00+08:00,0.20979143913638576,0.21323063969612122,0.2063522385766503,0.21323063969612122,146000,0.0,0.0,0.0
2008-02-27 00:00:00+08:00,0.2201090330703476,0.22354823350906372,0.21666983263163148,0.22354823350906372,291000,0.0,0.0,0.0
2008-02-28 00:00:00+08:00,0.22010906040668488,0.22354826127253086,0.22010906040668488,0.22010906040668488,1293000,0.0,0.0,0.0
2008-02-29 00:00:00+08:00,0.22354823350906372,0.22698745444703144,0.2201090330703476,0.22354823350906372,255000,0.0,0.0,0.0
2008-03-03 00:00:00+08:00,0.22354823350906372,0.22354823350906372,0.22354823350906372,0.22354823350906372,85000,0.0,0.0,0.0
2008-03-04 00:00:00+08:00,0.22010902806009222,0.22010902806009222,0.21666982769966125,0.21666982769966125,40000,0.0,0.0,0.0
2008-03-05 00:00:00+08:00,0.20979141921877512,0.20979141921877512,0.20635221898555756,0.20635221898555756,55000,0.0,0.0,0.0
2008-03-06 00:00:00+08:00,0.20635221898555756,0.20635221898555756,0.20635221898555756,0.20635221898555756,0,0.0,0.0,0.0
2008-03-07 00:00:00+08:00,0.20979141921877512,0.20979141921877512,0.20635221898555756,0.20635221898555756,35000,0.0,0.0,0.0
2008-03-10 00:00:00+08:00,0.20635221898555756,0.20635221898555756,0.20635221898555756,0.20635221898555756,55000,0.0,0.0,0.0
2008-03-11 00:00:00+08:00,0.20635221898555756,0.20635221898555756,0.20635221898555756,0.20635221898555756,0,0.0,0.0,0.0
2008-03-12 00:00:00+08:00,0.20635221898555756,0.20635221898555756,0.20635221898555756,0.20635221898555756,0,0.0,0.0,0.0
2008-03-13 00:00:00+08:00,0.2063522500794675,0.2063522500794675,0.19947382807731628,0.19947382807731628,70000,0.0,0.0,0.0
2008-03-14 00:00:00+08:00,0.19947382807731628,0.19947382807731628,0.19947382807731628,0.19947382807731628,0,0.0,0.0,0.0
2008-03-17 00:00:00+08:00,0.19947382807731628,0.19947382807731628,0.19947382807731628,0.19947382807731628,302000,0.0,0.0,0.0
2008-03-18 00:00:00+08:00,0.19259539246559143,0.19259539246559143,0.19259539246559143,0.19259539246559143,90000,0.0,0.0,0.0
2008-03-19 00:00:00+08:00,0.1960345926079547,0.1960345926079547,0.19259539246559143,0.19259539246559143,20000,0.0,0.0,0.0
2008-03-20 00:00:00+08:00,0.19259538673629809,0.19259538673629809,0.185716986656189,0.18571698665618896,355000,0.0,0.0,0.0
2008-03-24 00:00:00+08:00,0.189156174659729,0.189156174659729,0.189156174659729,0.189156174659729,10000,0.0,0.0,0.0
2008-03-25 00:00:00+08:00,0.18915622582296962,0.19947382807731628,0.18915622582296962,0.19947382807731628,110000,0.0,0.0,0.0
2008-03-26 00:00:00+08:00,0.19947382807731628,0.19947382807731628,0.19947382807731628,0.19947382807731628,10000,0.0,0.0,0.0
2008-03-27 00:00:00+08:00,0.19947382807731628,0.20291302882876516,0.19947382807731628,0.19947382807731628,21000,0.0,0.0,0.0
2008-03-28 00:00:00+08:00,0.19947382807731628,0.19947382807731628,0.19947382807731628,0.19947382807731628,5000,0.0,0.0,0.0
2008-03-31 00:00:00+08:00,0.20635222846811466,0.22698745131492615,0.20635222846811466,0.22698745131492615,3000,0.0,0.0,0.0
2008-04-01 00:00:00+08:00,0.230426683503477,0.230426683503477,0.21323065867499288,0.22010906040668488,43000,0.0,0.0,0.0
2008-04-02 00:00:00+08:00,0.22010906040668488,0.22010906040668488,0.22010906040668488,0.22010906040668488,12000,0.0,0.0,0.0
2008-04-03 00:00:00+08:00,0.22010906040668488,0.22010906040668488,0.22010906040668488,0.22010906040668488,0,0.0,0.0,0.0
2008-04-04 00:00:00+08:00,0.21323062733923032,0.21666982769966125,0.21323062733923032,0.21666982769966125,15000,0.0,0.0,0.0
2008-04-07 00:00:00+08:00,0.21666982769966125,0.21666982769966125,0.21666982769966125,0.21666982769966125,0,0.0,0.0,0.0
2008-04-08 00:00:00+08:00,0.21666982769966125,0.21666982769966125,0.21666982769966125,0.21666982769966125,0,0.0,0.0,0.0
2008-04-09 00:00:00+08:00,0.21323063969612122,0.21323063969612122,0.21323063969612122,0.21323063969612122,3000,0.0,0.0,0.0
2008-04-10 00:00:00+08:00,0.21323063969612122,0.21323063969612122,0.21323063969612122,0.21323063969612122,0,0.0,0.0,0.0
2008-04-11 00:00:00+08:00,0.21323063969612122,0.21323063969612122,0.21323063969612122,0.21323063969612122,0,0.0,0.0,0.0
2008-04-14 00:00:00+08:00,0.21323063969612122,0.21323063969612122,0.21323063969612122,0.21323063969612122,0,0.0,0.0,0.0
2008-04-15 00:00:00+08:00,0.21323063969612122,0.21323063969612122,0.21323063969612122,0.21323063969612122,0,0.0,0.0,0.0
2008-04-16 00:00:00+08:00,0.21323063969612122,0.21323063969612122,0.21323063969612122,0.21323063969612122,0,0.0,0.0,0.0
2008-04-17 00:00:00+08:00,0.21323063969612122,0.21323063969612122,0.21323063969612122,0.21323063969612122,13000,0.0,0.0,0.0
2008-04-18 00:00:00+08:00,0.21323063969612122,0.21323063969612122,0.21323063969612122,0.21323063969612122,15000,0.0,0.0,0.0
2008-04-21 00:00:00+08:00,0.21323063969612122,0.21323063969612122,0.21323063969612122,0.21323063969612122,0,0.0,0.0,0.0
2008-04-22 00:00:00+08:00,0.21323063969612122,0.21323063969612122,0.21323063969612122,0.21323063969612122,0,0.0,0.0,0.0
2008-04-23 00:00:00+08:00,0.21323063969612122,0.21323063969612122,0.21323063969612122,0.21323063969612122,0,0.0,0.0,0.0
2008-04-24 00:00:00+08:00,0.21323063969612122,0.21323063969612122,0.21323063969612122,0.21323063969612122,50000,0.0,0.0,0.0
2008-04-25 00:00:00+08:00,0.21323063969612122,0.21323063969612122,0.21323063969612122,0.21323063969612122,0,0.0,0.0,0.0
2008-04-28 00:00:00+08:00,0.21323063969612122,0.21323063969612122,0.21323063969612122,0.21323063969612122,0,0.0,0.0,0.0
2008-04-29 00:00:00+08:00,0.21323063969612122,0.21323063969612122,0.21323063969612122,0.21323063969612122,0,0.0,0.0,0.0
2008-04-30 00:00:00+08:00,0.21323063969612122,0.21323063969612122,0.21323063969612122,0.21323063969612122,0,0.0,0.0,0.0
2008-05-02 00:00:00+08:00,0.21666983263163148,0.22354823350906372,0.21666983263163148,0.22354823350906372,38000,0.0,0.0,0.0
2008-05-05 00:00:00+08:00,0.22354823350906372,0.22354823350906372,0.22354823350906372,0.22354823350906372,0,0.0,0.0,0.0
2008-05-06 00:00:00+08:00,0.22354823350906372,0.22354823350906372,0.22354823350906372,0.22354823350906372,0,0.0,0.0,0.0
2008-05-07 00:00:00+08:00,0.21666982769966125,0.21666982769966125,0.21666982769966125,0.21666982769966125,5000,0.0,0.0,0.0
2008-05-08 00:00:00+08:00,0.21666982769966125,0.21666982769966125,0.21666982769966125,0.21666982769966125,0,0.0,0.0,0.0
2008-05-09 00:00:00+08:00,0.21323063969612122,0.21323063969612122,0.21323063969612122,0.21323063969612122,5000,0.0,0.0,0.0
2008-05-12 00:00:00+08:00,0.21323063969612122,0.21323063969612122,0.21323063969612122,0.21323063969612122,0,0.0,0.0,0.0
2008-05-13 00:00:00+08:00,0.21323063969612122,0.21323063969612122,0.21323063969612122,0.21323063969612122,0,0.0,0.0,0.0
2008-05-14 00:00:00+08:00,0.22010906040668488,0.22010906040668488,0.21323065867499288,0.22010906040668488,80000,0.0,0.0,0.0
2008-05-15 00:00:00+08:00,0.22010906040668488,0.22010906040668488,0.22010906040668488,0.22010906040668488,0,0.0,0.0,0.0
2008-05-16 00:00:00+08:00,0.22010906040668488,0.22010906040668488,0.22010906040668488,0.22010906040668488,55000,0.0,0.0,0.0
2008-05-20 00:00:00+08:00,0.22698742726817486,0.23386582732200623,0.22698742726817486,0.23386582732200623,31000,0.0,0.0,0.0
2008-05-21 00:00:00+08:00,0.23386582732200623,0.23386582732200623,0.23386582732200623,0.23386582732200623,0,0.0,0.0,0.0
2008-05-22 00:00:00+08:00,0.23042660951614377,0.23042660951614377,0.23042660951614377,0.2304266095161438,20000,0.0,0.0,0.0
2008-05-23 00:00:00+08:00,0.23386582732200623,0.23386582732200623,0.23386582732200623,0.23386582732200623,40000,0.0,0.0,0.0
2008-05-26 00:00:00+08:00,0.23386583290655735,0.24762265384197235,0.20979141164401832,0.24762265384197235,424000,0.0,0.0,0.0
2008-05-27 00:00:00+08:00,0.2407442480325699,0.2407442480325699,0.2407442480325699,0.24074424803256989,20000,0.0,0.0,0.0
2008-05-28 00:00:00+08:00,0.23386583559057353,0.24418343603610992,0.23386583559057353,0.24418343603610992,151000,0.0,0.0,0.0
2008-05-29 00:00:00+08:00,0.24418343603610992,0.24418343603610992,0.24074423588759777,0.24418343603610992,66000,0.0,0.0,0.0
2008-05-30 00:00:00+08:00,0.24418343603610992,0.24418343603610992,0.24418343603610992,0.24418343603610992,0,0.0,0.0,0.0
2008-06-02 00:00:00+08:00,0.24418343603610992,0.24418343603610992,0.24418343603610992,0.24418343603610992,0,0.0,0.0,0.0
2008-06-03 00:00:00+08:00,0.24418343603610992,0.24418343603610992,0.24418343603610992,0.24418343603610992,0,0.0,0.0,0.0
2008-06-04 00:00:00+08:00,0.23730504512786865,0.24074424541244996,0.23730504512786865,0.23730504512786865,32000,0.0,0.0,0.0
2008-06-05 00:00:00+08:00,0.24438877403736115,0.24438877403736115,0.24438877403736115,0.24438877403736115,0,0.01,0.0,0.0
2008-06-06 00:00:00+08:00,0.21605387330055237,0.21605387330055237,0.21605387330055237,0.21605387330055237,1000,0.0,0.0,0.0
2008-06-09 00:00:00+08:00,0.21605387330055237,0.21605387330055237,0.21605387330055237,0.21605387330055237,0,0.0,0.0,0.0
2008-06-10 00:00:00+08:00,0.2266794890165329,0.2266794890165329,0.2266794890165329,0.2266794890165329,30000,0.0,0.0,0.0
2008-06-11 00:00:00+08:00,0.2266794890165329,0.2266794890165329,0.2266794890165329,0.2266794890165329,0,0.0,0.0,0.0
2008-06-12 00:00:00+08:00,0.2266794890165329,0.2266794890165329,0.2266794890165329,0.2266794890165329,0,0.0,0.0,0.0
2008-06-13 00:00:00+08:00,0.2266794890165329,0.2266794890165329,0.2266794890165329,0.2266794890165329,0,0.0,0.0,0.0
2008-06-16 00:00:00+08:00,0.2266794890165329,0.2266794890165329,0.2266794890165329,0.2266794890165329,0,0.0,0.0,0.0
2008-06-17 00:00:00+08:00,0.23022127469356998,0.23376315832138062,0.23022127469356998,0.23376315832138062,72000,0.0,0.0,0.0
2008-06-18 00:00:00+08:00,0.23376315832138062,0.23376315832138062,0.23376315832138062,0.23376315832138062,0,0.0,0.0,0.0
2008-06-19 00:00:00+08:00,0.23376315832138062,0.23376315832138062,0.23376315832138062,0.23376315832138062,0,0.0,0.0,0.0
2008-06-20 00:00:00+08:00,0.23022131621837616,0.23022131621837616,0.23022131621837616,0.23022131621837616,10000,0.0,0.0,0.0
2008-06-23 00:00:00+08:00,0.23022131621837616,0.23022131621837616,0.23022131621837616,0.23022131621837616,0,0.0,0.0,0.0
2008-06-24 00:00:00+08:00,0.23022131621837616,0.23022131621837616,0.23022131621837616,0.23022131621837616,0,0.0,0.0,0.0
2008-06-25 00:00:00+08:00,0.23376315832138062,0.23376315832138062,0.23376315832138062,0.23376315832138062,2000,0.0,0.0,0.0
2008-06-26 00:00:00+08:00,0.23376315832138062,0.23376315832138062,0.23376315832138062,0.23376315832138062,30000,0.0,0.0,0.0
2008-06-27 00:00:00+08:00,0.23376315832138062,0.23376315832138062,0.23376315832138062,0.23376315832138062,0,0.0,0.0,0.0
2008-06-30 00:00:00+08:00,0.23022128380199228,0.23730503022670746,0.23022128380199228,0.23730503022670746,71000,0.0,0.0,0.0
2008-07-01 00:00:00+08:00,0.23730503022670746,0.23730503022670746,0.23730503022670746,0.23730503022670746,0,0.0,0.0,0.0
2008-07-02 00:00:00+08:00,0.23730503022670746,0.23730503022670746,0.23730503022670746,0.23730503022670746,0,0.0,0.0,0.0
2008-07-03 00:00:00+08:00,0.23730503022670746,0.23730503022670746,0.23730503022670746,0.23730503022670746,0,0.0,0.0,0.0
2008-07-04 00:00:00+08:00,0.22667943528543744,0.22667943528543744,0.22313757240772247,0.22313757240772247,14000,0.0,0.0,0.0
2008-07-07 00:00:00+08:00,0.22313757240772247,0.22313757240772247,0.22313757240772247,0.22313757240772247,0,0.0,0.0,0.0
2008-07-08 00:00:00+08:00,0.19834454357624054,0.19834454357624054,0.19834454357624054,0.19834454357624054,1000,0.0,0.0,0.0
2008-07-09 00:00:00+08:00,0.20542825146012372,0.2089701145887375,0.20542825146012372,0.2089701145887375,40000,0.0,0.0,0.0
2008-07-10 00:00:00+08:00,0.2089701145887375,0.2089701145887375,0.2089701145887375,0.2089701145887375,10000,0.0,0.0,0.0
2008-07-11 00:00:00+08:00,0.20188638833150996,0.2089701145887375,0.20188638833150996,0.2089701145887375,40000,0.0,0.0,0.0
2008-07-14 00:00:00+08:00,0.2089701145887375,0.2089701145887375,0.2089701145887375,0.2089701145887375,0,0.0,0.0,0.0
2008-07-15 00:00:00+08:00,0.2089701145887375,0.2089701145887375,0.2089701145887375,0.2089701145887375,0,0.0,0.0,0.0
2008-07-16 00:00:00+08:00,0.2089701145887375,0.2089701145887375,0.2089701145887375,0.2089701145887375,0,0.0,0.0,0.0
2008-07-17 00:00:00+08:00,0.2089701145887375,0.2089701145887375,0.2089701145887375,0.2089701145887375,0,0.0,0.0,0.0
2008-07-18 00:00:00+08:00,0.2089701145887375,0.2089701145887375,0.2089701145887375,0.2089701145887375,0,0.0,0.0,0.0
2008-07-21 00:00:00+08:00,0.2089701145887375,0.2089701145887375,0.2089701145887375,0.2089701145887375,0,0.0,0.0,0.0
2008-07-22 00:00:00+08:00,0.2089701145887375,0.2089701145887375,0.2089701145887375,0.2089701145887375,0,0.0,0.0,0.0
2008-07-23 00:00:00+08:00,0.21251196053013569,0.21251196053013569,0.19480262696743011,0.19480262696743011,13000,0.0,0.0,0.0
2008-07-24 00:00:00+08:00,0.19480262696743011,0.19480262696743011,0.19480262696743011,0.19480262696743011,0,0.0,0.0,0.0
2008-07-25 00:00:00+08:00,0.19480262696743011,0.19480262696743011,0.19480262696743011,0.19480262696743011,0,0.0,0.0,0.0
2008-07-28 00:00:00+08:00,0.19480262696743011,0.19480262696743011,0.19480262696743011,0.19480262696743011,0,0.0,0.0,0.0
2008-07-29 00:00:00+08:00,0.1735514346760425,0.18063515981019407,0.1735514346760425,0.1770932972431183,78000,0.0,0.0,0.0
2008-07-30 00:00:00+08:00,0.1770932972431183,0.1770932972431183,0.1770932972431183,0.1770932972431183,0,0.0,0.0,0.0
2008-07-31 00:00:00+08:00,0.1770932972431183,0.1770932972431183,0.1735514346760425,0.1770932972431183,21000,0.0,0.0,0.0
2008-08-01 00:00:00+08:00,0.17000959619687528,0.17355147004127502,0.17000959619687528,0.17355147004127502,50000,0.0,0.0,0.0
2008-08-04 00:00:00+08:00,0.1735514346760425,0.1770932972431183,0.1735514346760425,0.1770932972431183,20000,0.0,0.0,0.0
2008-08-05 00:00:00+08:00,0.20188632607460022,0.20188632607460022,0.20188632607460022,0.20188632607460022,3000,0.0,0.0,0.0
2008-08-06 00:00:00+08:00,0.20188632607460022,0.20188632607460022,0.20188632607460022,0.20188632607460022,0,0.0,0.0,0.0
2008-08-07 00:00:00+08:00,0.20188632607460022,0.20188632607460022,0.20188632607460022,0.20188632607460022,0,0.0,0.0,0.0
2008-08-08 00:00:00+08:00,0.19126076996326447,0.19126076996326447,0.19126076996326447,0.19126076996326447,2000,0.0,0.0,0.0
2008-08-11 00:00:00+08:00,0.19126076996326447,0.19126076996326447,0.19126076996326447,0.19126076996326447,0,0.0,0.0,0.0
2008-08-12 00:00:00+08:00,0.19126076996326447,0.19126076996326447,0.19126076996326447,0.19126076996326447,0,0.0,0.0,0.0
2008-08-13 00:00:00+08:00,0.19126076996326447,0.19126076996326447,0.19126076996326447,0.19126076996326447,0,0.0,0.0,0.0
2008-08-14 00:00:00+08:00,0.17355145796489047,0.18063518404960632,0.17355145796489047,0.18063518404960632,30000,0.0,0.0,0.0
2008-08-15 00:00:00+08:00,0.16292586222764202,0.16292586222764202,0.155842125415802,0.155842125415802,27000,0.0,0.0,0.0
2008-08-18 00:00:00+08:00,0.15584210118678257,0.15584210118678257,0.15230023860931396,0.15230023860931396,84000,0.0,0.0,0.0
2008-08-19 00:00:00+08:00,0.1523002703781734,0.1523002703781734,0.1487583965063095,0.1487583965063095,76000,0.0,0.0,0.0
2008-08-20 00:00:00+08:00,0.1487583965063095,0.1487583965063095,0.1487583965063095,0.1487583965063095,12000,0.0,0.0,0.0
2008-08-21 00:00:00+08:00,0.15230023860931396,0.15230023860931396,0.15230023860931396,0.15230023860931396,5000,0.0,0.0,0.0
2008-08-22 00:00:00+08:00,0.13813276718827328,0.15230023860931396,0.13813276718827328,0.15230023860931396,7000,0.0,0.0,0.0
2008-08-25 00:00:00+08:00,0.15230023860931396,0.15230023860931396,0.15230023860931396,0.15230023860931396,0,0.0,0.0,0.0
2008-08-26 00:00:00+08:00,0.15230023860931396,0.15230023860931396,0.15230023860931396,0.15230023860931396,0,0.0,0.0,0.0
2008-08-27 00:00:00+08:00,0.15230023860931396,0.15230023860931396,0.15230023860931396,0.15230023860931396,0,0.0,0.0,0.0
2008-08-28 00:00:00+08:00,0.15230023860931396,0.15230023860931396,0.15230023860931396,0.15230023860931396,0,0.0,0.0,0.0
2008-08-29 00:00:00+08:00,0.15230023860931396,0.15230023860931396,0.15230023860931396,0.15230023860931396,0,0.0,0.0,0.0
2008-09-01 00:00:00+08:00,0.15230023860931396,0.15230023860931396,0.15230023860931396,0.15230023860931396,0,0.0,0.0,0.0
2008-09-02 00:00:00+08:00,0.15230023860931396,0.15230023860931396,0.15230023860931396,0.15230023860931396,0,0.0,0.0,0.0
2008-09-03 00:00:00+08:00,0.14167465096727144,0.14167465096727144,0.1310490518808365,0.1310490518808365,260000,0.0,0.0,0.0
2008-09-04 00:00:00+08:00,0.1310490518808365,0.1310490518808365,0.1310490518808365,0.1310490518808365,50000,0.0,0.0,0.0
2008-09-05 00:00:00+08:00,0.13459092378616333,0.13459092378616333,0.13459092378616333,0.13459092378616333,50000,0.0,0.0,0.0
2008-09-08 00:00:00+08:00,0.13459092378616333,0.13459092378616333,0.13459092378616333,0.13459092378616333,0,0.0,0.0,0.0
2008-09-09 00:00:00+08:00,0.13104905788249469,0.13459092088831853,0.12750719487667084,0.12750719487667084,380000,0.0,0.0,0.0
2008-09-10 00:00:00+08:00,0.12396530618908429,0.12396530618908429,0.12042344361543657,0.12042344361543655,170000,0.0,0.0,0.0
2008-09-11 00:00:00+08:00,0.12042344361543657,0.12042344361543657,0.11333970791255803,0.12042344361543655,172000,0.0,0.0,0.0
2008-09-12 00:00:00+08:00,0.11688158104178883,0.12042344361543657,0.11333970791255803,0.12042344361543655,241000,0.0,0.0,0.0
2008-09-15 00:00:00+08:00,0.1133397060884626,0.11688157916069031,0.106255981055173,0.11688157916069031,88000,0.0,0.0,0.0
2008-09-16 00:00:00+08:00,0.11333971909311155,0.11333971909311155,0.10625599324703217,0.10625599324703217,90000,0.0,0.0,0.0
2008-09-17 00:00:00+08:00,0.10625599324703217,0.10625599324703217,0.10625599324703217,0.10625599324703217,0,0.0,0.0,0.0
2008-09-18 00:00:00+08:00,0.09208853431911677,0.09917227178812027,0.09208853431911677,0.09917227178812027,315000,0.0,0.0,0.0
2008-09-19 00:00:00+08:00,0.09917227275174258,0.10271413624286652,0.09917227275174258,0.10271413624286652,70000,0.0,0.0,0.0
2008-09-22 00:00:00+08:00,0.09917227275174258,0.10271413624286652,0.09917227275174258,0.10271413624286652,69000,0.0,0.0,0.0
2008-09-23 00:00:00+08:00,0.10271413624286652,0.10271413624286652,0.10271413624286652,0.10271413624286652,50000,0.0,0.0,0.0
2008-09-24 00:00:00+08:00,0.10271413624286652,0.10271413624286652,0.10271413624286652,0.10271413624286652,0,0.0,0.0,0.0
2008-09-25 00:00:00+08:00,0.10625599324703217,0.10625599324703217,0.10625599324703217,0.10625599324703217,100000,0.0,0.0,0.0
2008-09-26 00:00:00+08:00,0.09917227178812027,0.09917227178812027,0.09917227178812027,0.09917227178812027,100000,0.0,0.0,0.0
2008-09-29 00:00:00+08:00,0.09917227178812027,0.09917227178812027,0.09917227178812027,0.09917227178812027,0,0.0,0.0,0.0
2008-09-30 00:00:00+08:00,0.09917227178812027,0.09917227178812027,0.09917227178812027,0.09917227178812027,0,0.0,0.0,0.0
2008-10-02 00:00:00+08:00,0.09917227178812027,0.09917227178812027,0.09917227178812027,0.09917227178812027,346000,0.0,0.0,0.0
2008-10-03 00:00:00+08:00,0.09917227178812027,0.09917227178812027,0.09917227178812027,0.09917227178812027,0,0.0,0.0,0.0
2008-10-06 00:00:00+08:00,0.09917227178812027,0.09917227178812027,0.09917227178812027,0.09917227178812027,0,0.0,0.0,0.0
2008-10-07 00:00:00+08:00,0.09917227178812027,0.09917227178812027,0.09917227178812027,0.09917227178812027,0,0.0,0.0,0.0
2008-10-08 00:00:00+08:00,0.09917227178812027,0.09917227178812027,0.09917227178812027,0.09917227178812027,0,0.0,0.0,0.0
2008-10-09 00:00:00+08:00,0.09917227178812027,0.09917227178812027,0.09917227178812027,0.09917227178812027,2000,0.0,0.0,0.0
2008-10-10 00:00:00+08:00,0.08500479627407512,0.09208852797746658,0.08500479627407512,0.09208852797746658,580000,0.0,0.0,0.0
2008-10-13 00:00:00+08:00,0.09208852797746658,0.09208852797746658,0.09208852797746658,0.09208852797746658,94000,0.0,0.0,0.0
2008-10-14 00:00:00+08:00,0.12750719487667084,0.12750719487667084,0.12750719487667084,0.12750719487667084,2000,0.0,0.0,0.0
2008-10-15 00:00:00+08:00,0.12750719487667084,0.12750719487667084,0.12750719487667084,0.12750719487667084,0,0.0,0.0,0.0
2008-10-16 00:00:00+08:00,0.12750719487667084,0.12750719487667084,0.12750719487667084,0.12750719487667084,0,0.0,0.0,0.0
2008-10-17 00:00:00+08:00,0.12750719487667084,0.12750719487667084,0.12750719487667084,0.12750719487667084,0,0.0,0.0,0.0
2008-10-20 00:00:00+08:00,0.12750719487667084,0.12750719487667084,0.12750719487667084,0.12750719487667084,0,0.0,0.0,0.0
2008-10-21 00:00:00+08:00,0.12750719487667084,0.12750719487667084,0.12750719487667084,0.12750719487667084,0,0.0,0.0,0.0
2008-10-22 00:00:00+08:00,0.12750719487667084,0.12750719487667084,0.12750719487667084,0.12750719487667084,0,0.0,0.0,0.0
2008-10-23 00:00:00+08:00,0.12750719487667084,0.12750719487667084,0.12750719487667084,0.12750719487667084,0,0.0,0.0,0.0
2008-10-24 00:00:00+08:00,0.11688157916069031,0.11688157916069031,0.11688157916069031,0.11688157916069031,2000,0.0,0.0,0.0
2008-10-27 00:00:00+08:00,0.11688157916069031,0.11688157916069031,0.11688157916069031,0.11688157916069031,0,0.0,0.0,0.0
2008-10-29 00:00:00+08:00,0.12750719487667084,0.12750719487667084,0.12750719487667084,0.12750719487667084,0,0.0,0.0,0.0
2008-10-30 00:00:00+08:00,0.12750719487667084,0.12750719487667084,0.12750719487667084,0.12750719487667084,18000,0.0,0.0,0.0
2008-10-31 00:00:00+08:00,0.12750719487667084,0.12750719487667084,0.12750719487667084,0.12750719487667084,0,0.0,0.0,0.0
2008-11-03 00:00:00+08:00,0.14167465269565582,0.14167465269565582,0.14167465269565582,0.14167465269565582,1000,0.0,0.0,0.0
2008-11-04 00:00:00+08:00,0.14167465269565582,0.14167465269565582,0.14167465269565582,0.14167465269565582,0,0.0,0.0,0.0
2008-11-05 00:00:00+08:00,0.10271413624286652,0.10271413624286652,0.10271413624286652,0.10271413624286652,60000,0.0,0.0,0.0
2008-11-06 00:00:00+08:00,0.10271413624286652,0.10271413624286652,0.10271413624286652,0.10271413624286652,0,0.0,0.0,0.0
2008-11-07 00:00:00+08:00,0.10271413624286652,0.10271413624286652,0.10271413624286652,0.10271413624286652,0,0.0,0.0,0.0
2008-11-10 00:00:00+08:00,0.10271413624286652,0.10271413624286652,0.10271413624286652,0.10271413624286652,0,0.0,0.0,0.0
2008-11-11 00:00:00+08:00,0.10271413624286652,0.10271413624286652,0.10271413624286652,0.10271413624286652,56000,0.0,0.0,0.0
2008-11-12 00:00:00+08:00,0.10271413624286652,0.10271413624286652,0.10271413624286652,0.10271413624286652,0,0.0,0.0,0.0
2008-11-13 00:00:00+08:00,0.10271413524482916,0.10271413524482916,0.09917227178812027,0.09917227178812027,244000,0.0,0.0,0.0
2008-11-14 00:00:00+08:00,0.09917227178812027,0.09917227178812027,0.09917227178812027,0.09917227178812027,0,0.0,0.0,0.0
2008-11-17 00:00:00+08:00,0.09917227178812027,0.09917227178812027,0.09917227178812027,0.09917227178812027,0,0.0,0.0,0.0
2008-11-18 00:00:00+08:00,0.09917227178812027,0.09917227178812027,0.09917227178812027,0.09917227178812027,0,0.0,0.0,0.0
2008-11-19 00:00:00+08:00,0.09917227178812027,0.09917227178812027,0.09917227178812027,0.09917227178812027,0,0.0,0.0,0.0
2008-11-20 00:00:00+08:00,0.09917227178812027,0.09917227178812027,0.09917227178812027,0.09917227178812027,0,0.0,0.0,0.0
2008-11-21 00:00:00+08:00,0.09917227178812027,0.09917227178812027,0.09917227178812027,0.09917227178812027,94000,0.0,0.0,0.0
2008-11-24 00:00:00+08:00,0.09917227178812027,0.09917227178812027,0.09917227178812027,0.09917227178812027,0,0.0,0.0,0.0
2008-11-25 00:00:00+08:00,0.09917227178812027,0.09917227178812027,0.09917227178812027,0.09917227178812027,0,0.0,0.0,0.0
2008-11-26 00:00:00+08:00,0.09917227178812027,0.09917227178812027,0.09917227178812027,0.09917227178812027,0,0.0,0.0,0.0
2008-11-27 00:00:00+08:00,0.09917227178812027,0.09917227178812027,0.09917227178812027,0.09917227178812027,0,0.0,0.0,0.0
2008-11-28 00:00:00+08:00,0.09917227178812027,0.09917227178812027,0.09917227178812027,0.09917227178812027,0,0.0,0.0,0.0
2008-12-01 00:00:00+08:00,0.09917227178812027,0.09917227178812027,0.09917227178812027,0.09917227178812027,0,0.0,0.0,0.0
2008-12-02 00:00:00+08:00,0.09917227178812027,0.09917227178812027,0.09917227178812027,0.09917227178812027,0,0.0,0.0,0.0
2008-12-03 00:00:00+08:00,0.09917227178812027,0.09917227178812027,0.09917227178812027,0.09917227178812027,0,0.0,0.0,0.0
2008-12-04 00:00:00+08:00,0.12750719487667084,0.12750719487667084,0.12750719487667084,0.12750719487667084,10000,0.0,0.0,0.0
2008-12-05 00:00:00+08:00,0.12750719487667084,0.12750719487667084,0.12750719487667084,0.12750719487667084,0,0.0,0.0,0.0
2008-12-09 00:00:00+08:00,0.12750719487667084,0.12750719487667084,0.12750719487667084,0.12750719487667084,0,0.0,0.0,0.0
2008-12-10 00:00:00+08:00,0.12750719487667084,0.12750719487667084,0.12750719487667084,0.12750719487667084,0,0.0,0.0,0.0
2008-12-11 00:00:00+08:00,0.12750719487667084,0.12750719487667084,0.12750719487667084,0.12750719487667084,0,0.0,0.0,0.0
2008-12-12 00:00:00+08:00,0.12750719487667084,0.12750719487667084,0.12750719487667084,0.12750719487667084,0,0.0,0.0,0.0
2008-12-15 00:00:00+08:00,0.12750719487667084,0.12750719487667084,0.12750719487667084,0.12750719487667084,0,0.0,0.0,0.0
2008-12-16 00:00:00+08:00,0.12750719487667084,0.12750719487667084,0.12750719487667084,0.12750719487667084,0,0.0,0.0,0.0
2008-12-17 00:00:00+08:00,0.12750719487667084,0.12750719487667084,0.12750719487667084,0.12750719487667084,0,0.0,0.0,0.0
2008-12-18 00:00:00+08:00,0.12750719487667084,0.12750719487667084,0.12750719487667084,0.12750719487667084,0,0.0,0.0,0.0
2008-12-19 00:00:00+08:00,0.12750719487667084,0.12750719487667084,0.12750719487667084,0.12750719487667084,0,0.0,0.0,0.0
2008-12-22 00:00:00+08:00,0.12750719487667084,0.12750719487667084,0.12750719487667084,0.12750719487667084,50000,0.0,0.0,0.0
2008-12-23 00:00:00+08:00,0.12750719487667084,0.12750719487667084,0.12750719487667084,0.12750719487667084,0,0.0,0.0,0.0
2008-12-24 00:00:00+08:00,0.12750719487667084,0.12750719487667084,0.12750719487667084,0.12750719487667084,0,0.0,0.0,0.0
2008-12-26 00:00:00+08:00,0.12750719487667084,0.12750719487667084,0.12750719487667084,0.12750719487667084,0,0.0,0.0,0.0
2008-12-29 00:00:00+08:00,0.12750719487667084,0.12750719487667084,0.12750719487667084,0.12750719487667084,0,0.0,0.0,0.0
2008-12-30 00:00:00+08:00,0.10271413524482916,0.10271413524482916,0.09917227178812027,0.09917227178812027,50000,0.0,0.0,0.0
2008-12-31 00:00:00+08:00,0.09917227178812027,0.09917227178812027,0.09917227178812027,0.09917227178812027,39000,0.0,0.0,0.0
2009-01-02 00:00:00+08:00,0.09917227178812027,0.09917227178812027,0.09917227178812027,0.09917227178812027,0,0.0,0.0,0.0
2009-01-05 00:00:00+08:00,0.09917227178812027,0.09917227178812027,0.09917227178812027,0.09917227178812027,0,0.0,0.0,0.0
2009-01-06 00:00:00+08:00,0.09917227178812027,0.09917227178812027,0.09917227178812027,0.09917227178812027,0,0.0,0.0,0.0
2009-01-07 00:00:00+08:00,0.09917227178812027,0.09917227178812027,0.09917227178812027,0.09917227178812027,0,0.0,0.0,0.0
2009-01-08 00:00:00+08:00,0.09917227178812027,0.09917227178812027,0.09917227178812027,0.09917227178812027,0,0.0,0.0,0.0
2009-01-09 00:00:00+08:00,0.09917227178812027,0.09917227178812027,0.09917227178812027,0.09917227178812027,0,0.0,0.0,0.0
2009-01-12 00:00:00+08:00,0.09917227178812027,0.09917227178812027,0.09917227178812027,0.09917227178812027,0,0.0,0.0,0.0
2009-01-13 00:00:00+08:00,0.09917227178812027,0.09917227178812027,0.09917227178812027,0.09917227178812027,0,0.0,0.0,0.0
2009-01-14 00:00:00+08:00,0.09917227178812027,0.09917227178812027,0.09917227178812027,0.09917227178812027,0,0.0,0.0,0.0
2009-01-15 00:00:00+08:00,0.09917227178812027,0.09917227178812027,0.09917227178812027,0.09917227178812027,0,0.0,0.0,0.0
2009-01-16 00:00:00+08:00,0.09917227178812027,0.09917227178812027,0.09917227178812027,0.09917227178812027,0,0.0,0.0,0.0
2009-01-19 00:00:00+08:00,0.09917227178812027,0.09917227178812027,0.09917227178812027,0.09917227178812027,0,0.0,0.0,0.0
2009-01-20 00:00:00+08:00,0.09917227178812027,0.09917227178812027,0.09917227178812027,0.09917227178812027,0,0.0,0.0,0.0
2009-01-21 00:00:00+08:00,0.09917227178812027,0.09917227178812027,0.09917227178812027,0.09917227178812027,0,0.0,0.0,0.0
2009-01-22 00:00:00+08:00,0.09917227178812027,0.09917227178812027,0.09917227178812027,0.09917227178812027,0,0.0,0.0,0.0
2009-01-23 00:00:00+08:00,0.09917227178812027,0.09917227178812027,0.09917227178812027,0.09917227178812027,0,0.0,0.0,0.0
2009-01-28 00:00:00+08:00,0.09917227178812027,0.09917227178812027,0.09917227178812027,0.09917227178812027,0,0.0,0.0,0.0
2009-01-29 00:00:00+08:00,0.09917224757353534,0.09917224757353534,0.09563038498163223,0.09563038498163223,110000,0.0,0.0,0.0
2009-01-30 00:00:00+08:00,0.09563038498163223,0.09563038498163223,0.09563038498163223,0.09563038498163223,0,0.0,0.0,0.0
2009-02-02 00:00:00+08:00,0.09563038498163223,0.09563038498163223,0.09563038498163223,0.09563038498163223,0,0.0,0.0,0.0
2009-02-03 00:00:00+08:00,0.09563038498163223,0.09563038498163223,0.09563038498163223,0.09563038498163223,0,0.0,0.0,0.0
2009-02-04 00:00:00+08:00,0.09917227178812027,0.09917227178812027,0.09917227178812027,0.09917227178812027,200000,0.0,0.0,0.0
2009-02-05 00:00:00+08:00,0.09917227178812027,0.09917227178812027,0.09917227178812027,0.09917227178812027,0,0.0,0.0,0.0
2009-02-06 00:00:00+08:00,0.09917227178812027,0.09917227178812027,0.09917227178812027,0.09917227178812027,0,0.0,0.0,0.0
2009-02-09 00:00:00+08:00,0.09917227178812027,0.09917227178812027,0.09917227178812027,0.09917227178812027,0,0.0,0.0,0.0
2009-02-10 00:00:00+08:00,0.09917227178812027,0.09917227178812027,0.09917227178812027,0.09917227178812027,0,0.0,0.0,0.0
2009-02-11 00:00:00+08:00,0.09917227178812027,0.09917227178812027,0.09917227178812027,0.09917227178812027,0,0.0,0.0,0.0
2009-02-12 00:00:00+08:00,0.09917227178812027,0.09917227178812027,0.09917227178812027,0.09917227178812027,100000,0.0,0.0,0.0
2009-02-13 00:00:00+08:00,0.10979787271383264,0.10979787271383264,0.09917227178812027,0.09917227178812027,32000,0.0,0.0,0.0
2009-02-16 00:00:00+08:00,0.09917227178812027,0.09917227178812027,0.09917227178812027,0.09917227178812027,0,0.0,0.0,0.0
2009-02-17 00:00:00+08:00,0.09563038498163223,0.09563038498163223,0.09563038498163223,0.09563038498163223,100000,0.0,0.0,0.0
2009-02-18 00:00:00+08:00,0.09563038498163223,0.09563038498163223,0.09563038498163223,0.09563038498163223,0,0.0,0.0,0.0
2009-02-19 00:00:00+08:00,0.09563038498163223,0.09563038498163223,0.09563038498163223,0.09563038498163223,20000,0.0,0.0,0.0
2009-02-20 00:00:00+08:00,0.09563038498163223,0.09563038498163223,0.09563038498163223,0.09563038498163223,0,0.0,0.0,0.0
2009-02-23 00:00:00+08:00,0.09563038498163223,0.09563038498163223,0.09563038498163223,0.09563038498163223,0,0.0,0.0,0.0
2009-02-24 00:00:00+08:00,0.09563038498163223,0.09563038498163223,0.09563038498163223,0.09563038498163223,0,0.0,0.0,0.0
2009-02-25 00:00:00+08:00,0.077921062707901,0.077921062707901,0.077921062707901,0.077921062707901,150000,0.0,0.0,0.0
2009-02-26 00:00:00+08:00,0.077921062707901,0.077921062707901,0.077921062707901,0.077921062707901,0,0.0,0.0,0.0
2009-02-27 00:00:00+08:00,0.077921062707901,0.077921062707901,0.077921062707901,0.077921062707901,200000,0.0,0.0,0.0
2009-03-02 00:00:00+08:00,0.07083732898672401,0.0850047916173935,0.07083732898672401,0.0850047916173935,301000,0.0,0.0,0.0
2009-03-03 00:00:00+08:00,0.0850047916173935,0.0850047916173935,0.0850047916173935,0.0850047916173935,0,0.0,0.0,0.0
2009-03-04 00:00:00+08:00,0.07083732898672401,0.0850047916173935,0.07083732898672401,0.0850047916173935,65000,0.0,0.0,0.0
2009-03-05 00:00:00+08:00,0.0850047916173935,0.0850047916173935,0.0850047916173935,0.0850047916173935,0,0.0,0.0,0.0
2009-03-06 00:00:00+08:00,0.0850047916173935,0.0850047916173935,0.0850047916173935,0.0850047916173935,0,0.0,0.0,0.0
2009-03-09 00:00:00+08:00,0.0850047916173935,0.0850047916173935,0.0850047916173935,0.0850047916173935,0,0.0,0.0,0.0
2009-03-10 00:00:00+08:00,0.0850047916173935,0.0850047916173935,0.0850047916173935,0.0850047916173935,0,0.0,0.0,0.0
2009-03-11 00:00:00+08:00,0.07083732634782791,0.07083732634782791,0.07083732634782791,0.07083732634782791,300000,0.0,0.0,0.0
2009-03-12 00:00:00+08:00,0.07083732634782791,0.07083732634782791,0.07083732634782791,0.07083732634782791,0,0.0,0.0,0.0
2009-03-13 00:00:00+08:00,0.0850047916173935,0.0850047916173935,0.0850047916173935,0.0850047916173935,20000,0.0,0.0,0.0
2009-03-16 00:00:00+08:00,0.0850047916173935,0.0850047916173935,0.0850047916173935,0.0850047916173935,0,0.0,0.0,0.0
2009-03-17 00:00:00+08:00,0.0850047916173935,0.0850047916173935,0.0850047916173935,0.0850047916173935,0,0.0,0.0,0.0
2009-03-18 00:00:00+08:00,0.0850047916173935,0.0850047916173935,0.0850047916173935,0.0850047916173935,0,0.0,0.0,0.0
2009-03-19 00:00:00+08:00,0.0850047916173935,0.0850047916173935,0.0850047916173935,0.0850047916173935,0,0.0,0.0,0.0
2009-03-20 00:00:00+08:00,0.0850047916173935,0.0850047916173935,0.0850047916173935,0.0850047916173935,0,0.0,0.0,0.0
2009-03-23 00:00:00+08:00,0.0850047916173935,0.0850047916173935,0.0850047916173935,0.0850047916173935,0,0.0,0.0,0.0
2009-03-24 00:00:00+08:00,0.0850047916173935,0.0850047916173935,0.0850047916173935,0.0850047916173935,0,0.0,0.0,0.0
2009-03-25 00:00:00+08:00,0.0850047916173935,0.0850047916173935,0.0850047916173935,0.0850047916173935,0,0.0,0.0,0.0
2009-03-26 00:00:00+08:00,0.0850047916173935,0.0850047916173935,0.0850047916173935,0.0850047916173935,0,0.0,0.0,0.0
2009-03-27 00:00:00+08:00,0.0850047916173935,0.0850047916173935,0.0850047916173935,0.0850047916173935,0,0.0,0.0,0.0
2009-03-30 00:00:00+08:00,0.0850047916173935,0.0850047916173935,0.0850047916173935,0.0850047916173935,0,0.0,0.0,0.0
2009-03-31 00:00:00+08:00,0.07083732634782791,0.07083732634782791,0.07083732634782791,0.07083732634782791,50000,0.0,0.0,0.0
2009-04-01 00:00:00+08:00,0.07083732634782791,0.07083732634782791,0.07083732634782791,0.07083732634782791,0,0.0,0.0,0.0
2009-04-02 00:00:00+08:00,0.07083732634782791,0.07083732634782791,0.07083732634782791,0.07083732634782791,0,0.0,0.0,0.0
2009-04-03 00:00:00+08:00,0.0850047916173935,0.0850047916173935,0.0850047916173935,0.0850047916173935,54000,0.0,0.0,0.0
2009-04-06 00:00:00+08:00,0.0850047916173935,0.0850047916173935,0.0850047916173935,0.0850047916173935,0,0.0,0.0,0.0
2009-04-07 00:00:00+08:00,0.0850047916173935,0.0850047916173935,0.0850047916173935,0.0850047916173935,0,0.0,0.0,0.0
2009-04-08 00:00:00+08:00,0.0850047916173935,0.0850047916173935,0.0850047916173935,0.0850047916173935,0,0.0,0.0,0.0
2009-04-09 00:00:00+08:00,0.0850047916173935,0.0850047916173935,0.0850047916173935,0.0850047916173935,10000,0.0,0.0,0.0
2009-04-13 00:00:00+08:00,0.08500479424194864,0.08500479424194864,0.077921062707901,0.077921062707901,110000,0.0,0.0,0.0
2009-04-14 00:00:00+08:00,0.077921062707901,0.077921062707901,0.077921062707901,0.077921062707901,0,0.0,0.0,0.0
2009-04-15 00:00:00+08:00,0.077921062707901,0.077921062707901,0.077921062707901,0.077921062707901,0,0.0,0.0,0.0
2009-04-16 00:00:00+08:00,0.077921062707901,0.077921062707901,0.077921062707901,0.077921062707901,0,0.0,0.0,0.0
2009-04-17 00:00:00+08:00,0.077921062707901,0.077921062707901,0.077921062707901,0.077921062707901,0,0.0,0.0,0.0
2009-04-20 00:00:00+08:00,0.077921062707901,0.077921062707901,0.077921062707901,0.077921062707901,0,0.0,0.0,0.0
2009-04-21 00:00:00+08:00,0.077921062707901,0.077921062707901,0.077921062707901,0.077921062707901,25000,0.0,0.0,0.0
2009-04-22 00:00:00+08:00,0.0850047916173935,0.0850047916173935,0.0850047916173935,0.0850047916173935,100000,0.0,0.0,0.0
2009-04-23 00:00:00+08:00,0.0850047916173935,0.0850047916173935,0.0850047916173935,0.0850047916173935,0,0.0,0.0,0.0
2009-04-24 00:00:00+08:00,0.0850047916173935,0.0850047916173935,0.0850047916173935,0.0850047916173935,0,0.0,0.0,0.0
2009-04-27 00:00:00+08:00,0.06375359529638272,0.07083732634782791,0.06375359529638272,0.07083732634782791,175000,0.0,0.0,0.0
2009-04-28 00:00:00+08:00,0.07083732634782791,0.07083732634782791,0.07083732634782791,0.07083732634782791,0,0.0,0.0,0.0
2009-04-29 00:00:00+08:00,0.07083732634782791,0.07083732634782791,0.07083732634782791,0.07083732634782791,0,0.0,0.0,0.0
2009-04-30 00:00:00+08:00,0.07083732634782791,0.07083732634782791,0.07083732634782791,0.07083732634782791,0,0.0,0.0,0.0
2009-05-01 00:00:00+08:00,0.07083732634782791,0.07083732634782791,0.07083732634782791,0.07083732634782791,0,0.0,0.0,0.0
2009-05-04 00:00:00+08:00,0.07083732634782791,0.07083732634782791,0.07083732634782791,0.07083732634782791,0,0.0,0.0,0.0
2009-05-05 00:00:00+08:00,0.0850047916173935,0.0850047916173935,0.0850047916173935,0.0850047916173935,48000,0.0,0.0,0.0
2009-05-06 00:00:00+08:00,0.0850047916173935,0.0850047916173935,0.0850047916173935,0.0850047916173935,0,0.0,0.0,0.0
2009-05-07 00:00:00+08:00,0.0850047916173935,0.0850047916173935,0.0850047916173935,0.0850047916173935,0,0.0,0.0,0.0
2009-05-08 00:00:00+08:00,0.0850047916173935,0.0850047916173935,0.0850047916173935,0.0850047916173935,0,0.0,0.0,0.0
2009-05-11 00:00:00+08:00,0.0850047916173935,0.0850047916173935,0.0850047916173935,0.0850047916173935,0,0.0,0.0,0.0
2009-05-12 00:00:00+08:00,0.077921062707901,0.077921062707901,0.077921062707901,0.077921062707901,49000,0.0,0.0,0.0
2009-05-13 00:00:00+08:00,0.077921062707901,0.077921062707901,0.077921062707901,0.077921062707901,0,0.0,0.0,0.0
2009-05-14 00:00:00+08:00,0.077921062707901,0.077921062707901,0.077921062707901,0.077921062707901,0,0.0,0.0,0.0
2009-05-15 00:00:00+08:00,0.077921062707901,0.077921062707901,0.077921062707901,0.077921062707901,0,0.0,0.0,0.0
2009-05-18 00:00:00+08:00,0.077921062707901,0.077921062707901,0.077921062707901,0.077921062707901,0,0.0,0.0,0.0
2009-05-19 00:00:00+08:00,0.077921062707901,0.077921062707901,0.077921062707901,0.077921062707901,0,0.0,0.0,0.0
2009-05-20 00:00:00+08:00,0.0850047916173935,0.0850047916173935,0.0850047916173935,0.0850047916173935,12000,0.0,0.0,0.0
2009-05-21 00:00:00+08:00,0.09917227178812027,0.09917227178812027,0.09917227178812027,0.09917227178812027,10000,0.0,0.0,0.0
2009-05-22 00:00:00+08:00,0.09917227178812027,0.09917227178812027,0.09917227178812027,0.09917227178812027,0,0.0,0.0,0.0
2009-05-25 00:00:00+08:00,0.09917227178812027,0.09917227178812027,0.09917227178812027,0.09917227178812027,0,0.0,0.0,0.0
2009-05-26 00:00:00+08:00,0.10625600925712375,0.10625600925712375,0.09917227178812027,0.09917227178812027,15000,0.0,0.0,0.0
2009-05-27 00:00:00+08:00,0.09917227178812027,0.09917227178812027,0.09917227178812027,0.09917227178812027,0,0.0,0.0,0.0
2009-05-28 00:00:00+08:00,0.09917227178812027,0.09917227178812027,0.09917227178812027,0.09917227178812027,0,0.0,0.0,0.0
2009-05-29 00:00:00+08:00,0.10271413514109051,0.1133397360560713,0.10271413514109051,0.1097978726029396,140000,0.0,0.0,0.0
2009-06-01 00:00:00+08:00,0.1097978726029396,0.1097978726029396,0.1097978726029396,0.1097978726029396,0,0.0,0.0,0.0
2009-06-02 00:00:00+08:00,0.1097978726029396,0.1097978726029396,0.1097978726029396,0.1097978726029396,0,0.0,0.0,0.0
2009-06-03 00:00:00+08:00,0.1097978726029396,0.1097978726029396,0.1097978726029396,0.1097978726029396,0,0.0,0.0,0.0
2009-06-04 00:00:00+08:00,0.10625599324703217,0.10625599324703217,0.10625599324703217,0.10625599324703217,66000,0.0,0.0,0.0
2009-06-05 00:00:00+08:00,0.09917227178812027,0.09917227178812027,0.09917227178812027,0.09917227178812027,6000,0.0,0.0,0.0
2009-06-08 00:00:00+08:00,0.10271413624286652,0.10271413624286652,0.09917227275174258,0.10271413624286652,120000,0.0,0.0,0.0
2009-06-09 00:00:00+08:00,0.10271413524482916,0.10625600925712375,0.09917227178812027,0.09917227178812027,231000,0.0,0.0,0.0
2009-06-10 00:00:00+08:00,0.09917227178812027,0.09917227178812027,0.09917227178812027,0.09917227178812027,0,0.0,0.0,0.0
2009-06-11 00:00:00+08:00,0.09917227178812027,0.09917227178812027,0.09917227178812027,0.09917227178812027,0,0.0,0.0,0.0
2009-06-12 00:00:00+08:00,0.09917227178812027,0.09917227178812027,0.09917227178812027,0.09917227178812027,14000,0.0,0.0,0.0
2009-06-15 00:00:00+08:00,0.09917227178812027,0.09917227178812027,0.09917227178812027,0.09917227178812027,16000,0.0,0.0,0.0
2009-06-16 00:00:00+08:00,0.09917227178812027,0.09917227178812027,0.09917227178812027,0.09917227178812027,30000,0.0,0.0,0.0
2009-06-17 00:00:00+08:00,0.09917227178812027,0.09917227178812027,0.09917227178812027,0.09917227178812027,1000,0.0,0.0,0.0
2009-06-18 00:00:00+08:00,0.09917227178812027,0.09917227178812027,0.09917227178812027,0.09917227178812027,0,0.0,0.0,0.0
2009-06-19 00:00:00+08:00,0.09917227178812027,0.09917227178812027,0.09917227178812027,0.09917227178812027,0,0.0,0.0,0.0
2009-06-22 00:00:00+08:00,0.09917227178812027,0.09917227178812027,0.09917227178812027,0.09917227178812027,0,0.0,0.0,0.0
2009-06-23 00:00:00+08:00,0.10625599324703217,0.10625599324703217,0.10625599324703217,0.10625599324703217,20000,0.0,0.0,0.0
2009-06-24 00:00:00+08:00,0.10625599324703217,0.10625599324703217,0.10625599324703217,0.10625599324703217,0,0.0,0.0,0.0
2009-06-25 00:00:00+08:00,0.10625599324703217,0.10625599324703217,0.10625599324703217,0.10625599324703217,0,0.0,0.0,0.0
2009-06-26 00:00:00+08:00,0.10625599324703217,0.10625599324703217,0.10625599324703217,0.10625599324703217,0,0.0,0.0,0.0
2009-06-29 00:00:00+08:00,0.10625599324703217,0.10625599324703217,0.10625599324703217,0.10625599324703217,0,0.0,0.0,0.0
2009-06-30 00:00:00+08:00,0.10625599324703217,0.10625599324703217,0.10625599324703217,0.10625599324703217,0,0.0,0.0,0.0
2009-07-01 00:00:00+08:00,0.10625599324703217,0.10625599324703217,0.10625599324703217,0.10625599324703217,100000,0.0,0.0,0.0
2009-07-02 00:00:00+08:00,0.10625599324703217,0.10625599324703217,0.10625599324703217,0.10625599324703217,0,0.0,0.0,0.0
2009-07-03 00:00:00+08:00,0.10625599324703217,0.10625599324703217,0.10625599324703217,0.10625599324703217,60000,0.0,0.0,0.0
2009-07-06 00:00:00+08:00,0.09563038498163223,0.09563038498163223,0.09563038498163223,0.09563038498163223,4000,0.0,0.0,0.0
2009-07-07 00:00:00+08:00,0.10625600925712375,0.10625600925712375,0.09917227178812027,0.09917227178812027,150000,0.0,0.0,0.0
2009-07-08 00:00:00+08:00,0.10625599324703217,0.10625599324703217,0.10625599324703217,0.10625599324703217,50000,0.0,0.0,0.0
2009-07-09 00:00:00+08:00,0.10625599324703217,0.10625599324703217,0.10625599324703217,0.10625599324703217,0,0.0,0.0,0.0
2009-07-10 00:00:00+08:00,0.10625600914980791,0.1097978726029396,0.10625600914980791,0.1097978726029396,46000,0.0,0.0,0.0
2009-07-13 00:00:00+08:00,0.1097978726029396,0.1097978726029396,0.1097978726029396,0.1097978726029396,0,0.0,0.0,0.0
2009-07-14 00:00:00+08:00,0.09917227178812027,0.09917227178812027,0.09917227178812027,0.09917227178812027,5000,0.0,0.0,0.0
2009-07-15 00:00:00+08:00,0.09917227178812027,0.09917227178812027,0.09917227178812027,0.09917227178812027,0,0.0,0.0,0.0
2009-07-16 00:00:00+08:00,0.1133397360560713,0.1133397360560713,0.1097978726029396,0.1097978726029396,61000,0.0,0.0,0.0
2009-07-17 00:00:00+08:00,0.1097978726029396,0.1097978726029396,0.1097978726029396,0.1097978726029396,0,0.0,0.0,0.0
2009-07-20 00:00:00+08:00,0.1097978726029396,0.1097978726029396,0.1097978726029396,0.1097978726029396,0,0.0,0.0,0.0
2009-07-21 00:00:00+08:00,0.1097978726029396,0.1097978726029396,0.1097978726029396,0.1097978726029396,0,0.0,0.0,0.0
2009-07-22 00:00:00+08:00,0.1097978726029396,0.1097978726029396,0.1097978726029396,0.1097978726029396,0,0.0,0.0,0.0
2009-07-23 00:00:00+08:00,0.09917227178812027,0.10271413524482916,0.09917227178812027,0.09917227178812027,12000,0.0,0.0,0.0
2009-07-24 00:00:00+08:00,0.09917227178812027,0.09917227178812027,0.09917227178812027,0.09917227178812027,0,0.0,0.0,0.0
2009-07-27 00:00:00+08:00,0.09917227178812027,0.09917227178812027,0.09917227178812027,0.09917227178812027,0,0.0,0.0,0.0
2009-07-28 00:00:00+08:00,0.11333974450826645,0.11333974450826645,0.11333974450826645,0.11333974450826645,13000,0.0,0.0,0.0
2009-07-29 00:00:00+08:00,0.11333974450826645,0.11333974450826645,0.11333974450826645,0.11333974450826645,0,0.0,0.0,0.0
2009-07-30 00:00:00+08:00,0.11333974450826645,0.11333974450826645,0.11333974450826645,0.11333974450826645,0,0.0,0.0,0.0
2009-07-31 00:00:00+08:00,0.11333974450826645,0.11333974450826645,0.11333974450826645,0.11333974450826645,0,0.0,0.0,0.0
2009-08-03 00:00:00+08:00,0.11333974450826645,0.11333974450826645,0.11333974450826645,0.11333974450826645,0,0.0,0.0,0.0
2009-08-04 00:00:00+08:00,0.12042344361543657,0.12042344361543657,0.12042344361543657,0.12042344361543655,35000,0.0,0.0,0.0
2009-08-05 00:00:00+08:00,0.12042344361543657,0.12042344361543657,0.12042344361543657,0.12042344361543655,0,0.0,0.0,0.0
2009-08-06 00:00:00+08:00,0.12042344361543657,0.12042344361543657,0.12042344361543657,0.12042344361543655,0,0.0,0.0,0.0
2009-08-07 00:00:00+08:00,0.12042344361543657,0.12042344361543657,0.12042344361543657,0.12042344361543655,0,0.0,0.0,0.0
2009-08-11 00:00:00+08:00,0.12042344361543657,0.12042344361543657,0.12042344361543657,0.12042344361543655,0,0.0,0.0,0.0
2009-08-12 00:00:00+08:00,0.12042344361543657,0.12042344361543657,0.12042344361543657,0.12042344361543655,0,0.0,0.0,0.0
2009-08-13 00:00:00+08:00,0.12042344361543657,0.12042344361543657,0.12042344361543657,0.12042344361543655,0,0.0,0.0,0.0
2009-08-14 00:00:00+08:00,0.12042344361543657,0.12042344361543657,0.12042344361543657,0.12042344361543655,0,0.0,0.0,0.0
2009-08-17 00:00:00+08:00,0.12042344361543657,0.12042344361543657,0.12042344361543657,0.12042344361543655,0,0.0,0.0,0.0
2009-08-18 00:00:00+08:00,0.12042344361543657,0.12042344361543657,0.12042344361543657,0.12042344361543655,0,0.0,0.0,0.0
2009-08-19 00:00:00+08:00,0.12042347351792039,0.12042347351792039,0.1097978726029396,0.1097978726029396,81000,0.0,0.0,0.0
2009-08-20 00:00:00+08:00,0.1097978726029396,0.1097978726029396,0.1097978726029396,0.1097978726029396,0,0.0,0.0,0.0
2009-08-21 00:00:00+08:00,0.10979786515263401,0.10979786515263401,0.09208852797746658,0.09208852797746658,90000,0.0,0.0,0.0
2009-08-24 00:00:00+08:00,0.09208852797746658,0.09208852797746658,0.09208852797746658,0.09208852797746658,0,0.0,0.0,0.0
2009-08-25 00:00:00+08:00,0.10271413624286652,0.10271413624286652,0.10271413624286652,0.10271413624286652,100000,0.0,0.0,0.0
2009-08-26 00:00:00+08:00,0.10271413624286652,0.10271413624286652,0.10271413624286652,0.10271413624286652,0,0.0,0.0,0.0
2009-08-27 00:00:00+08:00,0.10271413624286652,0.10271413624286652,0.10271413624286652,0.10271413624286652,0,0.0,0.0,0.0
2009-08-28 00:00:00+08:00,0.10625599324703217,0.10625599324703217,0.10625599324703217,0.10625599324703217,116000,0.0,0.0,0.0
2009-08-31 00:00:00+08:00,0.10625599324703217,0.10625599324703217,0.10625599324703217,0.10625599324703217,150000,0.0,0.0,0.0
2009-09-01 00:00:00+08:00,0.11333970791255803,0.14167464016848907,0.11333970791255803,0.12042344361543655,50000,0.0,0.0,0.0
2009-09-02 00:00:00+08:00,0.12042344361543657,0.12042344361543657,0.12042344361543657,0.12042344361543655,0,0.0,0.0,0.0
2009-09-03 00:00:00+08:00,0.11688159686506319,0.12750719658006893,0.11688159686506319,0.123965322971344,89000,0.0,0.0,0.0
2009-09-04 00:00:00+08:00,0.12396532131526262,0.13104905788249469,0.12396532131526262,0.12750719487667084,20000,0.0,0.0,0.0
2009-09-07 00:00:00+08:00,0.12750719487667084,0.12750719487667084,0.12750719487667084,0.12750719487667084,0,0.0,0.0,0.0
2009-09-08 00:00:00+08:00,0.1097978726029396,0.1097978726029396,0.1097978726029396,0.1097978726029396,30000,0.0,0.0,0.0
2009-09-09 00:00:00+08:00,0.12042344361543657,0.12042344361543657,0.12042344361543657,0.12042344361543655,30000,0.0,0.0,0.0
2009-09-10 00:00:00+08:00,0.12042344361543657,0.12042344361543657,0.12042344361543657,0.12042344361543655,0,0.0,0.0,0.0
2009-09-11 00:00:00+08:00,0.1097978726029396,0.1097978726029396,0.1097978726029396,0.1097978726029396,18000,0.0,0.0,0.0
2009-09-14 00:00:00+08:00,0.1097978726029396,0.1097978726029396,0.1097978726029396,0.1097978726029396,0,0.0,0.0,0.0
2009-09-15 00:00:00+08:00,0.11333972174220672,0.12750719487667084,0.11333972174220672,0.12750719487667084,1054000,0.0,0.0,0.0
2009-09-16 00:00:00+08:00,0.12750719487667084,0.12750719487667084,0.12750719487667084,0.12750719487667084,0,0.0,0.0,0.0
2009-09-17 00:00:00+08:00,0.12750719487667084,0.12750719487667084,0.12750719487667084,0.12750719487667084,856000,0.0,0.0,0.0
2009-09-18 00:00:00+08:00,0.10625599324703217,0.10625599324703217,0.10625599324703217,0.10625599324703217,310000,0.0,0.0,0.0
2009-09-21 00:00:00+08:00,0.10625599324703217,0.10625599324703217,0.10625599324703217,0.10625599324703217,0,0.0,0.0,0.0
2009-09-22 00:00:00+08:00,0.1097978726029396,0.1097978726029396,0.1097978726029396,0.1097978726029396,24000,0.0,0.0,0.0
2009-09-23 00:00:00+08:00,0.1097978726029396,0.1097978726029396,0.10625600914980791,0.1097978726029396,382000,0.0,0.0,0.0
2009-09-24 00:00:00+08:00,0.10979785617007186,0.10979785617007186,0.10625599324703217,0.10625599324703217,260000,0.0,0.0,0.0
2009-09-25 00:00:00+08:00,0.10625599324703217,0.10625599324703217,0.10625599324703217,0.10625599324703217,0,0.0,0.0,0.0
2009-09-28 00:00:00+08:00,0.10625599324703217,0.10625599324703217,0.10625599324703217,0.10625599324703217,0,0.0,0.0,0.0
2009-09-29 00:00:00+08:00,0.1097978726029396,0.1097978726029396,0.1097978726029396,0.1097978726029396,100000,0.0,0.0,0.0
2009-09-30 00:00:00+08:00,0.1097978726029396,0.1097978726029396,0.1097978726029396,0.1097978726029396,0,0.0,0.0,0.0
2009-10-01 00:00:00+08:00,0.1097978726029396,0.1097978726029396,0.1097978726029396,0.1097978726029396,10000,0.0,0.0,0.0
2009-10-02 00:00:00+08:00,0.1097978726029396,0.1097978726029396,0.1097978726029396,0.1097978726029396,64000,0.0,0.0,0.0
2009-10-05 00:00:00+08:00,0.1097978726029396,0.1097978726029396,0.1097978726029396,0.1097978726029396,124000,0.0,0.0,0.0
2009-10-06 00:00:00+08:00,0.1097978726029396,0.1097978726029396,0.1097978726029396,0.1097978726029396,0,0.0,0.0,0.0
2009-10-07 00:00:00+08:00,0.1097978726029396,0.1097978726029396,0.1097978726029396,0.1097978726029396,0,0.0,0.0,0.0
2009-10-08 00:00:00+08:00,0.1097978726029396,0.1097978726029396,0.1097978726029396,0.1097978726029396,0,0.0,0.0,0.0
2009-10-09 00:00:00+08:00,0.1097978726029396,0.1097978726029396,0.1097978726029396,0.1097978726029396,0,0.0,0.0,0.0
2009-10-12 00:00:00+08:00,0.10271413624286652,0.10271413624286652,0.10271413624286652,0.10271413624286652,2000,0.0,0.0,0.0
2009-10-13 00:00:00+08:00,0.10271413624286652,0.10271413624286652,0.10271413624286652,0.10271413624286652,0,0.0,0.0,0.0
2009-10-14 00:00:00+08:00,0.11333974450826645,0.11333974450826645,0.11333974450826645,0.11333974450826645,30000,0.0,0.0,0.0
2009-10-15 00:00:00+08:00,0.11333974450826645,0.11333974450826645,0.11333974450826645,0.11333974450826645,20000,0.0,0.0,0.0
2009-10-16 00:00:00+08:00,0.11333974450826645,0.11333974450826645,0.11333974450826645,0.11333974450826645,0,0.0,0.0,0.0
2009-10-19 00:00:00+08:00,0.11333974450826645,0.11333974450826645,0.11333974450826645,0.11333974450826645,0,0.0,0.0,0.0
2009-10-20 00:00:00+08:00,0.11333974450826645,0.11333974450826645,0.11333974450826645,0.11333974450826645,0,0.0,0.0,0.0
2009-10-21 00:00:00+08:00,0.11333974450826645,0.11333974450826645,0.11333974450826645,0.11333974450826645,30000,0.0,0.0,0.0
2009-10-22 00:00:00+08:00,0.11333974450826645,0.11333974450826645,0.11333974450826645,0.11333974450826645,0,0.0,0.0,0.0
2009-10-23 00:00:00+08:00,0.11333974450826645,0.11333974450826645,0.11333974450826645,0.11333974450826645,0,0.0,0.0,0.0
2009-10-26 00:00:00+08:00,0.11688157916069031,0.11688157916069031,0.11688157916069031,0.11688157916069031,400000,0.0,0.0,0.0
2009-10-27 00:00:00+08:00,0.11688157916069031,0.11688157916069031,0.11688157916069031,0.11688157916069031,0,0.0,0.0,0.0
2009-10-28 00:00:00+08:00,0.11688157916069031,0.11688157916069031,0.11688157916069031,0.11688157916069031,0,0.0,0.0,0.0
2009-10-29 00:00:00+08:00,0.11688157916069031,0.11688157916069031,0.11688157916069031,0.11688157916069031,0,0.0,0.0,0.0
2009-10-30 00:00:00+08:00,0.1133397360560713,0.1133397360560713,0.1097978726029396,0.1097978726029396,60000,0.0,0.0,0.0
2009-11-02 00:00:00+08:00,0.1097978726029396,0.1097978726029396,0.1097978726029396,0.1097978726029396,0,0.0,0.0,0.0
2009-11-03 00:00:00+08:00,0.1133397060884626,0.11688157916069031,0.1133397060884626,0.11688157916069031,238000,0.0,0.0,0.0
2009-11-04 00:00:00+08:00,0.11688157916069031,0.11688157916069031,0.11688157916069031,0.11688157916069031,0,0.0,0.0,0.0
2009-11-05 00:00:00+08:00,0.11688157916069031,0.11688157916069031,0.11688157916069031,0.11688157916069031,0,0.0,0.0,0.0
2009-11-06 00:00:00+08:00,0.11688157916069031,0.11688157916069031,0.11688157916069031,0.11688157916069031,0,0.0,0.0,0.0
2009-11-09 00:00:00+08:00,0.11688157916069031,0.11688157916069031,0.11688157916069031,0.11688157916069031,42000,0.0,0.0,0.0
2009-11-10 00:00:00+08:00,0.11333974450826645,0.11333974450826645,0.11333974450826645,0.11333974450826645,20000,0.0,0.0,0.0
2009-11-11 00:00:00+08:00,0.11333974450826645,0.11333974450826645,0.11333974450826645,0.11333974450826645,0,0.0,0.0,0.0
2009-11-12 00:00:00+08:00,0.11333974450826645,0.11333974450826645,0.11333974450826645,0.11333974450826645,100000,0.0,0.0,0.0
2009-11-13 00:00:00+08:00,0.11333974450826645,0.11333974450826645,0.11333974450826645,0.11333974450826645,0,0.0,0.0,0.0
2009-11-17 00:00:00+08:00,0.11333974450826645,0.11333974450826645,0.11333974450826645,0.11333974450826645,38000,0.0,0.0,0.0
2009-11-18 00:00:00+08:00,0.11333974450826645,0.11333974450826645,0.11333974450826645,0.11333974450826645,0,0.0,0.0,0.0
2009-11-19 00:00:00+08:00,0.11333974450826645,0.11333974450826645,0.11333974450826645,0.11333974450826645,0,0.0,0.0,0.0
2009-11-20 00:00:00+08:00,0.11333974450826645,0.11688161878111548,0.11333974450826645,0.11333974450826645,15000,0.0,0.0,0.0
2009-11-23 00:00:00+08:00,0.11333974450826645,0.11333974450826645,0.11333974450826645,0.11333974450826645,0,0.0,0.0,0.0
2009-11-24 00:00:00+08:00,0.12042348249837803,0.12042348249837803,0.11333974450826645,0.11333974450826645,27000,0.0,0.0,0.0
2009-11-25 00:00:00+08:00,0.1133397360560713,0.1133397360560713,0.1097978726029396,0.1097978726029396,100000,0.0,0.0,0.0
2009-11-26 00:00:00+08:00,0.1097978726029396,0.1097978726029396,0.1097978726029396,0.1097978726029396,0,0.0,0.0,0.0
2009-11-30 00:00:00+08:00,0.1097978726029396,0.1097978726029396,0.1097978726029396,0.1097978726029396,0,0.0,0.0,0.0
2009-12-01 00:00:00+08:00,0.1097978726029396,0.1097978726029396,0.1097978726029396,0.1097978726029396,0,0.0,0.0,0.0
2009-12-02 00:00:00+08:00,0.1097978726029396,0.1097978726029396,0.1097978726029396,0.1097978726029396,0,0.0,0.0,0.0
2009-12-03 00:00:00+08:00,0.1097978726029396,0.1097978726029396,0.1097978726029396,0.1097978726029396,0,0.0,0.0,0.0
2009-12-04 00:00:00+08:00,0.1097978726029396,0.1097978726029396,0.1097978726029396,0.1097978726029396,0,0.0,0.0,0.0
2009-12-07 00:00:00+08:00,0.1097978726029396,0.1097978726029396,0.1097978726029396,0.1097978726029396,0,0.0,0.0,0.0
2009-12-08 00:00:00+08:00,0.1275071772662076,0.1275071772662076,0.11688157916069031,0.11688157916069031,22000,0.0,0.0,0.0
2009-12-09 00:00:00+08:00,0.11688157916069031,0.11688157916069031,0.11688157916069031,0.11688157916069031,0,0.0,0.0,0.0
2009-12-10 00:00:00+08:00,0.11688157916069031,0.11688157916069031,0.11688157916069031,0.11688157916069031,0,0.0,0.0,0.0
2009-12-11 00:00:00+08:00,0.11688157916069031,0.11688157916069031,0.11688157916069031,0.11688157916069031,0,0.0,0.0,0.0
2009-12-14 00:00:00+08:00,0.11688157916069031,0.11688157916069031,0.11688157916069031,0.11688157916069031,0,0.0,0.0,0.0
2009-12-15 00:00:00+08:00,0.11688157916069031,0.11688157916069031,0.11688157916069031,0.11688157916069031,0,0.0,0.0,0.0
2009-12-16 00:00:00+08:00,0.11333974450826645,0.11333974450826645,0.11333974450826645,0.11333974450826645,10000,0.0,0.0,0.0
2009-12-17 00:00:00+08:00,0.11333974450826645,0.11333974450826645,0.11333974450826645,0.11333974450826645,0,0.0,0.0,0.0
2009-12-18 00:00:00+08:00,0.11333974450826645,0.11333974450826645,0.11333974450826645,0.11333974450826645,0,0.0,0.0,0.0
2009-12-21 00:00:00+08:00,0.11333974450826645,0.11333974450826645,0.11333974450826645,0.11333974450826645,0,0.0,0.0,0.0
2009-12-22 00:00:00+08:00,0.11333974450826645,0.11333974450826645,0.11333974450826645,0.11333974450826645,0,0.0,0.0,0.0
2009-12-23 00:00:00+08:00,0.11333974450826645,0.11333974450826645,0.11333974450826645,0.11333974450826645,0,0.0,0.0,0.0
2009-12-28 00:00:00+08:00,0.11333974450826645,0.11333974450826645,0.11333974450826645,0.11333974450826645,0,0.0,0.0,0.0
2009-12-29 00:00:00+08:00,0.12042345830943878,0.12750719487667084,0.12042345830943878,0.12750719487667084,435000,0.0,0.0,0.0
2009-12-30 00:00:00+08:00,0.12396532131526262,0.12750719487667084,0.12396532131526262,0.12750719487667084,95000,0.0,0.0,0.0
2010-01-04 00:00:00+08:00,0.13459092378616333,0.13459092378616333,0.13459092378616333,0.13459092378616333,50000,0.0,0.0,0.0
2010-01-05 00:00:00+08:00,0.1310490518808365,0.1310490518808365,0.1310490518808365,0.1310490518808365,170000,0.0,0.0,0.0
2010-01-06 00:00:00+08:00,0.12750719487667084,0.12750719487667084,0.12396532131526262,0.12750719487667084,838000,0.0,0.0,0.0
2010-01-07 00:00:00+08:00,0.12750719487667084,0.12750719487667084,0.12750719487667084,0.12750719487667084,80000,0.0,0.0,0.0
2010-01-08 00:00:00+08:00,0.1310490518808365,0.1310490518808365,0.1310490518808365,0.1310490518808365,80000,0.0,0.0,0.0
2010-01-11 00:00:00+08:00,0.1310490518808365,0.1310490518808365,0.1310490518808365,0.1310490518808365,50000,0.0,0.0,0.0
2010-01-12 00:00:00+08:00,0.13104905788249469,0.13104905788249469,0.12750719487667084,0.12750719487667084,100000,0.0,0.0,0.0
2010-01-13 00:00:00+08:00,0.12750719487667084,0.12750719487667084,0.12750719487667084,0.12750719487667084,0,0.0,0.0,0.0
2010-01-14 00:00:00+08:00,0.12750719487667084,0.12750719487667084,0.12750719487667084,0.12750719487667084,0,0.0,0.0,0.0
2010-01-15 00:00:00+08:00,0.12750719762199764,0.14167466050591362,0.12750719762199764,0.13459092378616333,60000,0.0,0.0,0.0
2010-01-18 00:00:00+08:00,0.13459090334500953,0.13813276588916779,0.13459090334500953,0.13813276588916779,50000,0.0,0.0,0.0
2010-01-19 00:00:00+08:00,0.13813276588916779,0.13813276588916779,0.13813276588916779,0.13813276588916779,100000,0.0,0.0,0.0
2010-01-20 00:00:00+08:00,0.13459092378616333,0.13459092378616333,0.13459092378616333,0.13459092378616333,215000,0.0,0.0,0.0
2010-01-21 00:00:00+08:00,0.13459092378616333,0.13459092378616333,0.13459092378616333,0.13459092378616333,0,0.0,0.0,0.0
2010-01-22 00:00:00+08:00,0.13459092378616333,0.13459092378616333,0.13459092378616333,0.13459092378616333,0,0.0,0.0,0.0
2010-01-25 00:00:00+08:00,0.13459092378616333,0.13459092378616333,0.13459092378616333,0.13459092378616333,0,0.0,0.0,0.0
2010-01-26 00:00:00+08:00,0.13459092378616333,0.13459092378616333,0.13459092378616333,0.13459092378616333,0,0.0,0.0,0.0
2010-01-27 00:00:00+08:00,0.13459092378616333,0.13459092378616333,0.13459092378616333,0.13459092378616333,0,0.0,0.0,0.0
2010-01-28 00:00:00+08:00,0.13459092378616333,0.13459092378616333,0.13459092378616333,0.13459092378616333,0,0.0,0.0,0.0
2010-01-29 00:00:00+08:00,0.13459092378616333,0.13459092378616333,0.13459092378616333,0.13459092378616333,0,0.0,0.0,0.0
2010-02-01 00:00:00+08:00,0.13459092378616333,0.13459092378616333,0.13459092378616333,0.13459092378616333,0,0.0,0.0,0.0
2010-02-02 00:00:00+08:00,0.12042344361543657,0.12042344361543657,0.12042344361543657,0.12042344361543655,10000,0.0,0.0,0.0
2010-02-03 00:00:00+08:00,0.13459092378616333,0.13459092378616333,0.13459092378616333,0.13459092378616333,82000,0.0,0.0,0.0
2010-02-04 00:00:00+08:00,0.13459092378616333,0.13459092378616333,0.13459092378616333,0.13459092378616333,0,0.0,0.0,0.0
2010-02-05 00:00:00+08:00,0.13459092378616333,0.13459092378616333,0.13459092378616333,0.13459092378616333,0,0.0,0.0,0.0
2010-02-08 00:00:00+08:00,0.12750719762199764,0.13459092378616333,0.12750719762199764,0.13459092378616333,90000,0.0,0.0,0.0
2010-02-09 00:00:00+08:00,0.14167465269565582,0.14167465269565582,0.14167465269565582,0.14167465269565582,50000,0.0,0.0,0.0
2010-02-10 00:00:00+08:00,0.14167463898890906,0.14167463898890906,0.13813276588916779,0.13813276588916779,52000,0.0,0.0,0.0
2010-02-11 00:00:00+08:00,0.13459092378616333,0.13459092378616333,0.13459092378616333,0.13459092378616333,50000,0.0,0.0,0.0
2010-02-12 00:00:00+08:00,0.13459092378616333,0.13459092378616333,0.13459092378616333,0.13459092378616333,0,0.0,0.0,0.0
2010-02-17 00:00:00+08:00,0.13459092378616333,0.13459092378616333,0.13459092378616333,0.13459092378616333,0,0.0,0.0,0.0
2010-02-18 00:00:00+08:00,0.13459092378616333,0.13459092378616333,0.13459092378616333,0.13459092378616333,0,0.0,0.0,0.0
2010-02-19 00:00:00+08:00,0.13459092378616333,0.13459092378616333,0.13459092378616333,0.13459092378616333,0,0.0,0.0,0.0
2010-02-22 00:00:00+08:00,0.13459092378616333,0.13459092378616333,0.13459092378616333,0.13459092378616333,0,0.0,0.0,0.0
2010-02-23 00:00:00+08:00,0.13459092378616333,0.13459092378616333,0.13459092378616333,0.13459092378616333,0,0.0,0.0,0.0
2010-02-24 00:00:00+08:00,0.13459092378616333,0.13459092378616333,0.13459092378616333,0.13459092378616333,0,0.0,0.0,0.0
2010-02-25 00:00:00+08:00,0.13459092378616333,0.13459092378616333,0.13459092378616333,0.13459092378616333,0,0.0,0.0,0.0
2010-02-26 00:00:00+08:00,0.13459092378616333,0.13459092378616333,0.13459092378616333,0.13459092378616333,0,0.0,0.0,0.0
2010-03-01 00:00:00+08:00,0.13459092378616333,0.13459092378616333,0.13459092378616333,0.13459092378616333,0,0.0,0.0,0.0
2010-03-02 00:00:00+08:00,0.13459092378616333,0.13459092378616333,0.13459092378616333,0.13459092378616333,0,0.0,0.0,0.0
2010-03-03 00:00:00+08:00,0.12396532131526262,0.12750719487667084,0.12396532131526262,0.12750719487667084,38000,0.0,0.0,0.0
2010-03-04 00:00:00+08:00,0.12042345279440153,0.1310490518808365,0.12042345279440153,0.1310490518808365,12000,0.0,0.0,0.0
2010-03-05 00:00:00+08:00,0.12750719487667084,0.12750719487667084,0.12750719487667084,0.12750719487667084,8000,0.0,0.0,0.0
2010-03-08 00:00:00+08:00,0.1310490518808365,0.1310490518808365,0.1310490518808365,0.1310490518808365,20000,0.0,0.0,0.0
2010-03-09 00:00:00+08:00,0.1310490518808365,0.1310490518808365,0.1310490518808365,0.1310490518808365,0,0.0,0.0,0.0
2010-03-10 00:00:00+08:00,0.1310490518808365,0.1310490518808365,0.1310490518808365,0.1310490518808365,0,0.0,0.0,0.0
2010-03-11 00:00:00+08:00,0.13104905788249469,0.13104905788249469,0.12750719487667084,0.12750719487667084,100000,0.0,0.0,0.0
2010-03-12 00:00:00+08:00,0.1310490518808365,0.1310490518808365,0.1310490518808365,0.1310490518808365,61000,0.0,0.0,0.0
2010-03-15 00:00:00+08:00,0.1310490518808365,0.1310490518808365,0.1310490518808365,0.1310490518808365,0,0.0,0.0,0.0
2010-03-16 00:00:00+08:00,0.12750721159539602,0.14521653950214386,0.12750721159539602,0.14521653950214386,81000,0.0,0.0,0.0
2010-03-17 00:00:00+08:00,0.14521653950214386,0.14521653950214386,0.14521653950214386,0.14521653950214386,0,0.0,0.0,0.0
2010-03-18 00:00:00+08:00,0.14521653950214386,0.14521653950214386,0.14521653950214386,0.14521653950214386,0,0.0,0.0,0.0
2010-03-19 00:00:00+08:00,0.14521653950214386,0.14521653950214386,0.14521653950214386,0.14521653950214386,0,0.0,0.0,0.0
2010-03-22 00:00:00+08:00,0.14521653950214386,0.14521653950214386,0.14521653950214386,0.14521653950214386,0,0.0,0.0,0.0
2010-03-23 00:00:00+08:00,0.14521653950214386,0.14521653950214386,0.14521653950214386,0.14521653950214386,0,0.0,0.0,0.0
2010-03-24 00:00:00+08:00,0.14521653950214386,0.14521653950214386,0.14521653950214386,0.14521653950214386,0,0.0,0.0,0.0
2010-03-25 00:00:00+08:00,0.14521653950214386,0.14521653950214386,0.14521653950214386,0.14521653950214386,0,0.0,0.0,0.0
2010-03-26 00:00:00+08:00,0.14521653950214386,0.14521653950214386,0.14521653950214386,0.14521653950214386,0,0.0,0.0,0.0
2010-03-29 00:00:00+08:00,0.12750719487667084,0.12750719487667084,0.12750719487667084,0.12750719487667084,50000,0.0,0.0,0.0
2010-03-30 00:00:00+08:00,0.13459092088831853,0.13459092088831853,0.12750719487667084,0.12750719487667084,26000,0.0,0.0,0.0
2010-03-31 00:00:00+08:00,0.12750719487667084,0.12750719487667084,0.12750719487667084,0.12750719487667084,0,0.0,0.0,0.0
2010-04-01 00:00:00+08:00,0.12750719487667084,0.12750719487667084,0.12750719487667084,0.12750719487667084,0,0.0,0.0,0.0
2010-04-05 00:00:00+08:00,0.13459092378616333,0.13459092378616333,0.13459092378616333,0.13459092378616333,90000,0.0,0.0,0.0
2010-04-06 00:00:00+08:00,0.13459092378616333,0.13459092378616333,0.13459092378616333,0.13459092378616333,0,0.0,0.0,0.0
2010-04-07 00:00:00+08:00,0.13459091636641862,0.14167465269565582,0.13459091636641862,0.14167465269565582,150000,0.0,0.0,0.0
2010-04-08 00:00:00+08:00,0.14167465269565582,0.14167465269565582,0.14167465269565582,0.14167465269565582,0,0.0,0.0,0.0
2010-04-09 00:00:00+08:00,0.1381327792532452,0.14167465269565582,0.1381327792532452,0.14167465269565582,50000,0.0,0.0,0.0
2010-04-12 00:00:00+08:00,0.14167465269565582,0.14167465269565582,0.14167465269565582,0.14167465269565582,0,0.0,0.0,0.0
2010-04-13 00:00:00+08:00,0.1487583965063095,0.1487583965063095,0.1487583965063095,0.1487583965063095,5000,0.0,0.0,0.0
2010-04-14 00:00:00+08:00,0.1487583965063095,0.1487583965063095,0.1487583965063095,0.1487583965063095,0,0.0,0.0,0.0
2010-04-15 00:00:00+08:00,0.13813276588916779,0.13813276588916779,0.13813276588916779,0.13813276588916779,1000,0.0,0.0,0.0
2010-04-16 00:00:00+08:00,0.14167465269565582,0.14167465269565582,0.1381327792532452,0.14167465269565582,128000,0.0,0.0,0.0
2010-04-19 00:00:00+08:00,0.14167465269565582,0.14167465269565582,0.14167465269565582,0.14167465269565582,0,0.0,0.0,0.0
2010-04-20 00:00:00+08:00,0.14167465269565582,0.14167465269565582,0.14167465269565582,0.14167465269565582,0,0.0,0.0,0.0
2010-04-21 00:00:00+08:00,0.1487583965063095,0.1487583965063095,0.1487583965063095,0.1487583965063095,21000,0.0,0.0,0.0
2010-04-22 00:00:00+08:00,0.14167467603191145,0.15230027699819446,0.14167467603191145,0.14521653950214386,72000,0.0,0.0,0.0
2010-04-23 00:00:00+08:00,0.14521653950214386,0.14521653950214386,0.14521653950214386,0.14521653950214386,0,0.0,0.0,0.0
2010-04-26 00:00:00+08:00,0.14167465269565582,0.14167465269565582,0.14167465269565582,0.14167465269565582,30000,0.0,0.0,0.0
2010-04-27 00:00:00+08:00,0.14167465269565582,0.14167465269565582,0.14167465269565582,0.14167465269565582,0,0.0,0.0,0.0
2010-04-28 00:00:00+08:00,0.14167465269565582,0.14167465269565582,0.14167465269565582,0.14167465269565582,0,0.0,0.0,0.0
2010-04-29 00:00:00+08:00,0.14167465269565582,0.14167465269565582,0.14167465269565582,0.14167465269565582,0,0.0,0.0,0.0
2010-04-30 00:00:00+08:00,0.1416746569041848,0.15938398241996765,0.1416746569041848,0.15938398241996765,141000,0.0,0.0,0.0
2010-05-03 00:00:00+08:00,0.15938398241996765,0.15938398241996765,0.15938398241996765,0.15938398241996765,0,0.0,0.0,0.0
2010-05-04 00:00:00+08:00,0.15938398241996765,0.15938398241996765,0.15938398241996765,0.15938398241996765,0,0.0,0.0,0.0
2010-05-05 00:00:00+08:00,0.155842125415802,0.155842125415802,0.155842125415802,0.155842125415802,9000,0.0,0.0,0.0
2010-05-06 00:00:00+08:00,0.155842125415802,0.155842125415802,0.155842125415802,0.155842125415802,0,0.0,0.0,0.0
2010-05-07 00:00:00+08:00,0.13459092378616333,0.13459092378616333,0.13459092378616333,0.13459092378616333,20000,0.0,0.0,0.0
2010-05-10 00:00:00+08:00,0.13459092378616333,0.13459092378616333,0.13459092378616333,0.13459092378616333,0,0.0,0.0,0.0
2010-05-11 00:00:00+08:00,0.13459092378616333,0.13459092378616333,0.13459092378616333,0.13459092378616333,0,0.0,0.0,0.0
2010-05-12 00:00:00+08:00,0.13459092378616333,0.13459092378616333,0.13459092378616333,0.13459092378616333,0,0.0,0.0,0.0
2010-05-13 00:00:00+08:00,0.13459092378616333,0.13459092378616333,0.13459092378616333,0.13459092378616333,0,0.0,0.0,0.0
2010-05-14 00:00:00+08:00,0.14167465269565582,0.14167465269565582,0.14167465269565582,0.14167465269565582,1000,0.0,0.0,0.0
2010-05-17 00:00:00+08:00,0.14167465269565582,0.14167465269565582,0.14167465269565582,0.14167465269565582,0,0.0,0.0,0.0
2010-05-18 00:00:00+08:00,0.14167465269565582,0.14167465269565582,0.14167465269565582,0.14167465269565582,0,0.0,0.0,0.0
2010-05-19 00:00:00+08:00,0.14167465269565582,0.14167465269565582,0.14167465269565582,0.14167465269565582,0,0.0,0.0,0.0
2010-05-20 00:00:00+08:00,0.13459092378616333,0.13459092378616333,0.13459092378616333,0.13459092378616333,10000,0.0,0.0,0.0
2010-05-21 00:00:00+08:00,0.13459092378616333,0.13459092378616333,0.13459092378616333,0.13459092378616333,40000,0.0,0.0,0.0
2010-05-24 00:00:00+08:00,0.13459092378616333,0.13459092378616333,0.13459092378616333,0.13459092378616333,0,0.0,0.0,0.0
2010-05-25 00:00:00+08:00,0.1487583965063095,0.1487583965063095,0.1487583965063095,0.1487583965063095,10000,0.0,0.0,0.0
2010-05-26 00:00:00+08:00,0.1487583965063095,0.1487583965063095,0.1487583965063095,0.1487583965063095,0,0.0,0.0,0.0
2010-05-27 00:00:00+08:00,0.1487583965063095,0.1487583965063095,0.1487583965063095,0.1487583965063095,0,0.0,0.0,0.0
2010-05-31 00:00:00+08:00,0.14167465269565582,0.14167465269565582,0.14167465269565582,0.14167465269565582,55000,0.0,0.0,0.0
2010-06-01 00:00:00+08:00,0.1487583965063095,0.1487583965063095,0.1487583965063095,0.1487583965063095,30000,0.0,0.0,0.0
2010-06-02 00:00:00+08:00,0.14521653950214386,0.14521653950214386,0.14521653950214386,0.14521653950214386,20000,0.0,0.0,0.0
2010-06-03 00:00:00+08:00,0.15938397768537277,0.15938397768537277,0.14167465269565582,0.14167465269565582,5000,0.0,0.0,0.0
2010-06-04 00:00:00+08:00,0.17709332529573726,0.17709332529573726,0.155842125415802,0.155842125415802,19000,0.0,0.0,0.0
2010-06-07 00:00:00+08:00,0.15946634113788605,0.15946634113788605,0.15946634113788605,0.15946634113788605,0,0.005,0.0,0.0
2010-06-08 00:00:00+08:00,0.15946634113788605,0.15946634113788605,0.15946634113788605,0.15946634113788605,0,0.0,0.0,0.0
2010-06-09 00:00:00+08:00,0.15946634113788605,0.15946634113788605,0.15946634113788605,0.15946634113788605,0,0.0,0.0,0.0
2010-06-10 00:00:00+08:00,0.15946634113788605,0.15946634113788605,0.15946634113788605,0.15946634113788605,0,0.0,0.0,0.0
2010-06-11 00:00:00+08:00,0.15946634113788605,0.15946634113788605,0.15946634113788605,0.15946634113788605,0,0.0,0.0,0.0
2010-06-14 00:00:00+08:00,0.15946634113788605,0.15946634113788605,0.15946634113788605,0.15946634113788605,0,0.0,0.0,0.0
2010-06-15 00:00:00+08:00,0.15946635583904248,0.15946635583904248,0.14859364926815033,0.14859364926815033,20000,0.0,0.0,0.0
2010-06-16 00:00:00+08:00,0.14859364926815033,0.14859364926815033,0.14859364926815033,0.14859364926815033,0,0.0,0.0,0.0
2010-06-17 00:00:00+08:00,0.1449694037437439,0.1449694037437439,0.1449694037437439,0.1449694037437439,30000,0.0,0.0,0.0
2010-06-18 00:00:00+08:00,0.1449694037437439,0.1449694037437439,0.1449694037437439,0.1449694037437439,0,0.0,0.0,0.0
2010-06-21 00:00:00+08:00,0.1449694037437439,0.1449694037437439,0.1449694037437439,0.1449694037437439,0,0.0,0.0,0.0
2010-06-22 00:00:00+08:00,0.15221787989139557,0.15221787989139557,0.15221787989139557,0.15221787989139557,10000,0.0,0.0,0.0
2010-06-23 00:00:00+08:00,0.15221787989139557,0.15221787989139557,0.15221787989139557,0.15221787989139557,0,0.0,0.0,0.0
2010-06-24 00:00:00+08:00,0.15221787989139557,0.15221787989139557,0.15221787989139557,0.15221787989139557,0,0.0,0.0,0.0
2010-06-25 00:00:00+08:00,0.15221787989139557,0.15221787989139557,0.15221787989139557,0.15221787989139557,0,0.0,0.0,0.0
2010-06-28 00:00:00+08:00,0.15221787989139557,0.15221787989139557,0.15221787989139557,0.15221787989139557,0,0.0,0.0,0.0
2010-06-29 00:00:00+08:00,0.14859364926815033,0.14859364926815033,0.14859364926815033,0.14859364926815033,80000,0.0,0.0,0.0
2010-06-30 00:00:00+08:00,0.14859364926815033,0.14859364926815033,0.14859364926815033,0.14859364926815033,0,0.0,0.0,0.0
2010-07-01 00:00:00+08:00,0.1449694037437439,0.1449694037437439,0.1449694037437439,0.1449694037437439,1000,0.0,0.0,0.0
2010-07-02 00:00:00+08:00,0.1449694037437439,0.1449694037437439,0.1449694037437439,0.1449694037437439,0,0.0,0.0,0.0
2010-07-05 00:00:00+08:00,0.1449694037437439,0.1449694037437439,0.1449694037437439,0.1449694037437439,0,0.0,0.0,0.0
2010-07-06 00:00:00+08:00,0.1449694037437439,0.1449694037437439,0.1449694037437439,0.1449694037437439,0,0.0,0.0,0.0
2010-07-07 00:00:00+08:00,0.1449694037437439,0.1449694037437439,0.1449694037437439,0.1449694037437439,50000,0.0,0.0,0.0
2010-07-08 00:00:00+08:00,0.1449694037437439,0.1449694037437439,0.1449694037437439,0.1449694037437439,0,0.0,0.0,0.0
2010-07-09 00:00:00+08:00,0.1449694037437439,0.1449694037437439,0.1449694037437439,0.1449694037437439,0,0.0,0.0,0.0
2010-07-12 00:00:00+08:00,0.1449694037437439,0.1449694037437439,0.1449694037437439,0.1449694037437439,0,0.0,0.0,0.0
2010-07-13 00:00:00+08:00,0.13772092759609222,0.13772092759609222,0.13772092759609222,0.13772092759609222,1000,0.0,0.0,0.0
2010-07-14 00:00:00+08:00,0.13772092759609222,0.13772092759609222,0.13772092759609222,0.13772092759609222,0,0.0,0.0,0.0
2010-07-15 00:00:00+08:00,0.13772092759609222,0.13772092759609222,0.13772092759609222,0.13772092759609222,0,0.0,0.0,0.0
2010-07-16 00:00:00+08:00,0.13772092759609222,0.13772092759609222,0.13772092759609222,0.13772092759609222,0,0.0,0.0,0.0
2010-07-19 00:00:00+08:00,0.13772092759609222,0.13772092759609222,0.13772092759609222,0.13772092759609222,0,0.0,0.0,0.0
2010-07-20 00:00:00+08:00,0.13772092759609222,0.13772092759609222,0.13772092759609222,0.13772092759609222,0,0.0,0.0,0.0
2010-07-21 00:00:00+08:00,0.13772092759609222,0.13772092759609222,0.13772092759609222,0.13772092759609222,0,0.0,0.0,0.0
2010-07-22 00:00:00+08:00,0.14859364926815033,0.14859364926815033,0.14859364926815033,0.14859364926815033,43000,0.0,0.0,0.0
2010-07-23 00:00:00+08:00,0.15221786691024072,0.15221786691024072,0.1449694037437439,0.1449694037437439,110000,0.0,0.0,0.0
2010-07-26 00:00:00+08:00,0.1449694037437439,0.1449694037437439,0.1449694037437439,0.1449694037437439,0,0.0,0.0,0.0
2010-07-27 00:00:00+08:00,0.1449694037437439,0.1449694037437439,0.1449694037437439,0.1449694037437439,21000,0.0,0.0,0.0
2010-07-28 00:00:00+08:00,0.1449694037437439,0.1449694037437439,0.1449694037437439,0.1449694037437439,0,0.0,0.0,0.0
2010-07-29 00:00:00+08:00,0.1449694037437439,0.1449694037437439,0.1449694037437439,0.1449694037437439,0,0.0,0.0,0.0
2010-07-30 00:00:00+08:00,0.1449694037437439,0.1449694037437439,0.1449694037437439,0.1449694037437439,0,0.0,0.0,0.0
2010-08-02 00:00:00+08:00,0.1449694037437439,0.1449694037437439,0.1449694037437439,0.1449694037437439,0,0.0,0.0,0.0
2010-08-03 00:00:00+08:00,0.1449694037437439,0.1449694037437439,0.1449694037437439,0.1449694037437439,0,0.0,0.0,0.0
2010-08-04 00:00:00+08:00,0.1449694037437439,0.1449694037437439,0.1449694037437439,0.1449694037437439,0,0.0,0.0,0.0
2010-08-05 00:00:00+08:00,0.1449694037437439,0.1449694037437439,0.1449694037437439,0.1449694037437439,0,0.0,0.0,0.0
2010-08-06 00:00:00+08:00,0.1449694037437439,0.1449694037437439,0.1449694037437439,0.1449694037437439,12000,0.0,0.0,0.0
2010-08-10 00:00:00+08:00,0.1449694037437439,0.1449694037437439,0.1449694037437439,0.1449694037437439,0,0.0,0.0,0.0
2010-08-11 00:00:00+08:00,0.1449694037437439,0.1449694037437439,0.1449694037437439,0.1449694037437439,0,0.0,0.0,0.0
2010-08-12 00:00:00+08:00,0.1449694037437439,0.1449694037437439,0.1449694037437439,0.1449694037437439,0,0.0,0.0,0.0
2010-08-13 00:00:00+08:00,0.1449694037437439,0.1449694037437439,0.1449694037437439,0.1449694037437439,20000,0.0,0.0,0.0
2010-08-16 00:00:00+08:00,0.1449694037437439,0.1449694037437439,0.1449694037437439,0.1449694037437439,0,0.0,0.0,0.0
2010-08-17 00:00:00+08:00,0.1449694037437439,0.1449694037437439,0.1449694037437439,0.1449694037437439,0,0.0,0.0,0.0
2010-08-18 00:00:00+08:00,0.1449694037437439,0.1449694037437439,0.1449694037437439,0.1449694037437439,0,0.0,0.0,0.0
2010-08-19 00:00:00+08:00,0.1449694037437439,0.1449694037437439,0.1449694037437439,0.1449694037437439,0,0.0,0.0,0.0
2010-08-20 00:00:00+08:00,0.1449694037437439,0.1449694037437439,0.1449694037437439,0.1449694037437439,0,0.0,0.0,0.0
2010-08-23 00:00:00+08:00,0.1449694037437439,0.1449694037437439,0.1449694037437439,0.1449694037437439,0,0.0,0.0,0.0
2010-08-24 00:00:00+08:00,0.1449694037437439,0.1449694037437439,0.1449694037437439,0.1449694037437439,0,0.0,0.0,0.0
2010-08-25 00:00:00+08:00,0.15221786810195606,0.1558421105146408,0.15221786810195606,0.1558421105146408,40000,0.0,0.0,0.0
2010-08-26 00:00:00+08:00,0.1558421105146408,0.1558421105146408,0.1558421105146408,0.1558421105146408,0,0.0,0.0,0.0
2010-08-27 00:00:00+08:00,0.1558421105146408,0.1558421105146408,0.1558421105146408,0.1558421105146408,0,0.0,0.0,0.0
2010-08-30 00:00:00+08:00,0.1558421105146408,0.1558421105146408,0.1558421105146408,0.1558421105146408,0,0.0,0.0,0.0
2010-08-31 00:00:00+08:00,0.1558421105146408,0.1558421105146408,0.1558421105146408,0.1558421105146408,0,0.0,0.0,0.0
2010-09-01 00:00:00+08:00,0.1595526486635208,0.1595526486635208,0.1595526486635208,0.1595526486635208,0,0.005,0.0,0.0
2010-09-02 00:00:00+08:00,0.1595526486635208,0.1595526486635208,0.1595526486635208,0.1595526486635208,0,0.0,0.0,0.0
2010-09-03 00:00:00+08:00,0.1595526486635208,0.1595526486635208,0.1595526486635208,0.1595526486635208,0,0.0,0.0,0.0
2010-09-06 00:00:00+08:00,0.1595526486635208,0.1595526486635208,0.1595526486635208,0.1595526486635208,0,0.0,0.0,0.0
2010-09-07 00:00:00+08:00,0.1595526486635208,0.1595526486635208,0.1595526486635208,0.1595526486635208,0,0.0,0.0,0.0
2010-09-08 00:00:00+08:00,0.1595526486635208,0.1595526486635208,0.1595526486635208,0.1595526486635208,0,0.0,0.0,0.0
2010-09-09 00:00:00+08:00,0.1595526486635208,0.1595526486635208,0.1595526486635208,0.1595526486635208,0,0.0,0.0,0.0
2010-09-13 00:00:00+08:00,0.1595526486635208,0.1595526486635208,0.1595526486635208,0.1595526486635208,0,0.0,0.0,0.0
2010-09-14 00:00:00+08:00,0.1595526486635208,0.1595526486635208,0.1595526486635208,0.1595526486635208,0,0.0,0.0,0.0
2010-09-15 00:00:00+08:00,0.14842106401920319,0.14842106401920319,0.14842106401920319,0.14842106401920319,20000,0.0,0.0,0.0
2010-09-16 00:00:00+08:00,0.14842106401920319,0.14842106401920319,0.14842106401920319,0.14842106401920319,0,0.0,0.0,0.0
2010-09-17 00:00:00+08:00,0.14842106401920319,0.14842106401920319,0.14842106401920319,0.14842106401920319,0,0.0,0.0,0.0
2010-09-20 00:00:00+08:00,0.14842106401920319,0.14842106401920319,0.14842106401920319,0.14842106401920319,0,0.0,0.0,0.0
2010-09-21 00:00:00+08:00,0.14842106401920319,0.14842106401920319,0.14842106401920319,0.14842106401920319,0,0.0,0.0,0.0
2010-09-22 00:00:00+08:00,0.14842106401920319,0.14842106401920319,0.14842106401920319,0.14842106401920319,0,0.0,0.0,0.0
2010-09-23 00:00:00+08:00,0.14842106401920319,0.14842106401920319,0.14842106401920319,0.14842106401920319,14000,0.0,0.0,0.0
2010-09-24 00:00:00+08:00,0.14842106401920319,0.14842106401920319,0.14842106401920319,0.14842106401920319,0,0.0,0.0,0.0
2010-09-27 00:00:00+08:00,0.14842106401920319,0.14842106401920319,0.14842106401920319,0.14842106401920319,0,0.0,0.0,0.0
2010-09-28 00:00:00+08:00,0.14842106401920319,0.14842106401920319,0.14842106401920319,0.14842106401920319,15000,0.0,0.0,0.0
2010-09-29 00:00:00+08:00,0.14842106401920319,0.14842106401920319,0.14842106401920319,0.14842106401920319,0,0.0,0.0,0.0
2010-09-30 00:00:00+08:00,0.14842106401920319,0.14842106401920319,0.14842106401920319,0.14842106401920319,0,0.0,0.0,0.0
2010-10-01 00:00:00+08:00,0.14842106401920319,0.14842106401920319,0.14842106401920319,0.14842106401920319,0,0.0,0.0,0.0
2010-10-04 00:00:00+08:00,0.14842106401920319,0.14842106401920319,0.14842106401920319,0.14842106401920319,0,0.0,0.0,0.0
2010-10-05 00:00:00+08:00,0.14842106401920319,0.14842106401920319,0.14842106401920319,0.14842106401920319,0,0.0,0.0,0.0
2010-10-06 00:00:00+08:00,0.14842106401920319,0.14842106401920319,0.14842106401920319,0.14842106401920319,0,0.0,0.0,0.0
2010-10-07 00:00:00+08:00,0.14842106401920319,0.14842106401920319,0.14842106401920319,0.14842106401920319,0,0.0,0.0,0.0
2010-10-08 00:00:00+08:00,0.152131587266922,0.1558421102793591,0.152131587266922,0.152131587266922,60000,0.0,0.0,0.0
2010-10-11 00:00:00+08:00,0.152131587266922,0.152131587266922,0.152131587266922,0.152131587266922,0,0.0,0.0,0.0
2010-10-12 00:00:00+08:00,0.15213158749660177,0.1595526445909107,0.15213158749660177,0.1558421105146408,60000,0.0,0.0,0.0
2010-10-13 00:00:00+08:00,0.1558421105146408,0.1558421105146408,0.1558421105146408,0.1558421105146408,0,0.0,0.0,0.0
2010-10-14 00:00:00+08:00,0.152131587266922,0.152131587266922,0.152131587266922,0.152131587266922,10000,0.0,0.0,0.0
2010-10-15 00:00:00+08:00,0.152131587266922,0.152131587266922,0.152131587266922,0.152131587266922,0,0.0,0.0,0.0
2010-10-18 00:00:00+08:00,0.14842106401920319,0.14842106401920319,0.14842106401920319,0.14842106401920319,75000,0.0,0.0,0.0
2010-10-19 00:00:00+08:00,0.14842106401920319,0.14842106401920319,0.14842106401920319,0.14842106401920319,5000,0.0,0.0,0.0
2010-10-20 00:00:00+08:00,0.14842106401920319,0.16326316710365424,0.14842106401920319,0.14842106401920319,38000,0.0,0.0,0.0
2010-10-21 00:00:00+08:00,0.14842106401920319,0.14842106401920319,0.14842106401920319,0.14842106401920319,0,0.0,0.0,0.0
2010-10-22 00:00:00+08:00,0.152131587266922,0.152131587266922,0.152131587266922,0.152131587266922,160000,0.0,0.0,0.0
2010-10-25 00:00:00+08:00,0.152131587266922,0.152131587266922,0.152131587266922,0.152131587266922,0,0.0,0.0,0.0
2010-10-26 00:00:00+08:00,0.152131587266922,0.15955264435002706,0.152131587266922,0.152131587266922,14000,0.0,0.0,0.0
2010-10-27 00:00:00+08:00,0.1558421105146408,0.1558421105146408,0.1558421105146408,0.1558421105146408,40000,0.0,0.0,0.0
2010-10-28 00:00:00+08:00,0.1558421105146408,0.1558421105146408,0.1558421105146408,0.1558421105146408,22000,0.0,0.0,0.0
2010-10-29 00:00:00+08:00,0.1558421105146408,0.1558421105146408,0.1558421105146408,0.1558421105146408,0,0.0,0.0,0.0
2010-11-01 00:00:00+08:00,0.1595526486635208,0.1595526486635208,0.1595526486635208,0.1595526486635208,25000,0.0,0.0,0.0
2010-11-02 00:00:00+08:00,0.14842106447856274,0.1558421105146408,0.14842106447856274,0.1558421105146408,51000,0.0,0.0,0.0
2010-11-03 00:00:00+08:00,0.1558421105146408,0.1558421105146408,0.1558421105146408,0.1558421105146408,15000,0.0,0.0,0.0
2010-11-04 00:00:00+08:00,0.152131587266922,0.152131587266922,0.152131587266922,0.152131587266922,200000,0.0,0.0,0.0
2010-11-08 00:00:00+08:00,0.15213158749660177,0.1558421105146408,0.15213158749660177,0.1558421105146408,74000,0.0,0.0,0.0
2010-11-09 00:00:00+08:00,0.1595526486635208,0.1595526486635208,0.1595526486635208,0.1595526486635208,100000,0.0,0.0,0.0
2010-11-10 00:00:00+08:00,0.1595526486635208,0.1595526486635208,0.1595526486635208,0.1595526486635208,0,0.0,0.0,0.0
2010-11-11 00:00:00+08:00,0.1595526486635208,0.1595526486635208,0.1595526486635208,0.1595526486635208,0,0.0,0.0,0.0
2010-11-12 00:00:00+08:00,0.1595526486635208,0.1595526486635208,0.1595526486635208,0.1595526486635208,0,0.0,0.0,0.0
2010-11-15 00:00:00+08:00,0.1595526486635208,0.1595526486635208,0.1595526486635208,0.1595526486635208,0,0.0,0.0,0.0
2010-11-16 00:00:00+08:00,0.1595526486635208,0.1595526486635208,0.1595526486635208,0.1595526486635208,0,0.0,0.0,0.0
2010-11-18 00:00:00+08:00,0.1595526486635208,0.1595526486635208,0.1595526486635208,0.1595526486635208,0,0.0,0.0,0.0
2010-11-19 00:00:00+08:00,0.1595526486635208,0.1595526486635208,0.1595526486635208,0.1595526486635208,0,0.0,0.0,0.0
2010-11-22 00:00:00+08:00,0.1595526486635208,0.1595526486635208,0.1595526486635208,0.1595526486635208,0,0.0,0.0,0.0
2010-11-23 00:00:00+08:00,0.1595526486635208,0.1595526486635208,0.1595526486635208,0.1595526486635208,15000,0.0,0.0,0.0
2010-11-24 00:00:00+08:00,0.1595526486635208,0.1595526486635208,0.1595526486635208,0.1595526486635208,1000,0.0,0.0,0.0
2010-11-25 00:00:00+08:00,0.1595526486635208,0.1595526486635208,0.1595526486635208,0.1595526486635208,0,0.0,0.0,0.0
2010-11-26 00:00:00+08:00,0.1595526486635208,0.1595526486635208,0.1595526486635208,0.1595526486635208,0,0.0,0.0,0.0
2010-11-29 00:00:00+08:00,0.1595526486635208,0.1595526486635208,0.1595526486635208,0.1595526486635208,0,0.0,0.0,0.0
2010-11-30 00:00:00+08:00,0.1595526486635208,0.1595526486635208,0.1595526486635208,0.1595526486635208,0,0.0,0.0,0.0
2010-12-01 00:00:00+08:00,0.1595526486635208,0.1595526486635208,0.1595526486635208,0.1595526486635208,0,0.0,0.0,0.0
2010-12-02 00:00:00+08:00,0.1595526486635208,0.1595526486635208,0.1595526486635208,0.1595526486635208,0,0.0,0.0,0.0
2010-12-03 00:00:00+08:00,0.1595526486635208,0.1595526486635208,0.1595526486635208,0.1595526486635208,140000,0.0,0.0,0.0
2010-12-06 00:00:00+08:00,0.1595526486635208,0.1595526486635208,0.1595526486635208,0.1595526486635208,0,0.0,0.0,0.0
2010-12-07 00:00:00+08:00,0.1595526486635208,0.1595526486635208,0.1595526486635208,0.1595526486635208,0,0.0,0.0,0.0
2010-12-08 00:00:00+08:00,0.1595526486635208,0.1595526486635208,0.1595526486635208,0.1595526486635208,0,0.0,0.0,0.0
2010-12-09 00:00:00+08:00,0.16326317191123962,0.16326317191123962,0.16326317191123962,0.16326317191123962,14000,0.0,0.0,0.0
2010-12-10 00:00:00+08:00,0.1558421105146408,0.1558421105146408,0.1558421105146408,0.1558421105146408,80000,0.0,0.0,0.0
2010-12-13 00:00:00+08:00,0.1558421105146408,0.1558421105146408,0.1558421105146408,0.1558421105146408,10000,0.0,0.0,0.0
2010-12-14 00:00:00+08:00,0.15584211449253885,0.1595526486635208,0.15584211449253885,0.1595526486635208,30000,0.0,0.0,0.0
2010-12-15 00:00:00+08:00,0.1558421105146408,0.1558421105146408,0.1558421105146408,0.1558421105146408,30000,0.0,0.0,0.0
2010-12-16 00:00:00+08:00,0.1558421105146408,0.1558421105146408,0.1558421105146408,0.1558421105146408,0,0.0,0.0,0.0
2010-12-17 00:00:00+08:00,0.1558421105146408,0.1558421105146408,0.1558421105146408,0.1558421105146408,0,0.0,0.0,0.0
2010-12-20 00:00:00+08:00,0.1558421105146408,0.1558421105146408,0.1558421105146408,0.1558421105146408,50000,0.0,0.0,0.0
2010-12-21 00:00:00+08:00,0.1558421105146408,0.1558421105146408,0.1558421105146408,0.1558421105146408,0,0.0,0.0,0.0
2010-12-22 00:00:00+08:00,0.1558421105146408,0.1558421105146408,0.1558421105146408,0.1558421105146408,0,0.0,0.0,0.0
2010-12-23 00:00:00+08:00,0.1558421105146408,0.1558421105146408,0.1558421105146408,0.1558421105146408,0,0.0,0.0,0.0
2010-12-24 00:00:00+08:00,0.1558421105146408,0.1558421105146408,0.1558421105146408,0.1558421105146408,0,0.0,0.0,0.0
2010-12-27 00:00:00+08:00,0.1558421105146408,0.1558421105146408,0.1558421105146408,0.1558421105146408,25000,0.0,0.0,0.0
2010-12-28 00:00:00+08:00,0.152131587266922,0.152131587266922,0.152131587266922,0.152131587266922,430000,0.0,0.0,0.0
2010-12-29 00:00:00+08:00,0.15213158702575824,0.15213158702575824,0.14842106401920319,0.14842106401920319,331000,0.0,0.0,0.0
2010-12-30 00:00:00+08:00,0.14842106401920319,0.14842106401920319,0.14842106401920319,0.14842106401920319,140000,0.0,0.0,0.0
2010-12-31 00:00:00+08:00,0.14842106401920319,0.14842106401920319,0.14842106401920319,0.14842106401920319,0,0.0,0.0,0.0
2011-01-03 00:00:00+08:00,0.14842106401920319,0.14842106401920319,0.14842106401920319,0.14842106401920319,0,0.0,0.0,0.0
2011-01-04 00:00:00+08:00,0.14842106401920319,0.14842106401920319,0.14842106401920319,0.14842106401920319,0,0.0,0.0,0.0
2011-01-05 00:00:00+08:00,0.1558421105146408,0.1595526445909107,0.1558421105146408,0.1558421105146408,190000,0.0,0.0,0.0
2011-01-06 00:00:00+08:00,0.1558421105146408,0.1558421105146408,0.1558421105146408,0.1558421105146408,70000,0.0,0.0,0.0
2011-01-07 00:00:00+08:00,0.16326315747018447,0.16697368025779724,0.16326315747018447,0.16697368025779724,119000,0.0,0.0,0.0
2011-01-10 00:00:00+08:00,0.16697368025779724,0.16697368025779724,0.16697368025779724,0.16697368025779724,0,0.0,0.0,0.0
2011-01-11 00:00:00+08:00,0.16697368025779724,0.16697368025779724,0.16697368025779724,0.16697368025779724,0,0.0,0.0,0.0
2011-01-12 00:00:00+08:00,0.16697368446728983,0.17068421840667725,0.16697368446728983,0.17068421840667725,130000,0.0,0.0,0.0
2011-01-13 00:00:00+08:00,0.16697368025779724,0.16697368025779724,0.16697368025779724,0.16697368025779724,70000,0.0,0.0,0.0
2011-01-14 00:00:00+08:00,0.16697368025779724,0.16697368025779724,0.16697368025779724,0.16697368025779724,0,0.0,0.0,0.0
2011-01-17 00:00:00+08:00,0.16697368025779724,0.16697368025779724,0.16697368025779724,0.16697368025779724,50000,0.0,0.0,0.0
2011-01-18 00:00:00+08:00,0.16697368025779724,0.16697368025779724,0.16697368025779724,0.16697368025779724,44000,0.0,0.0,0.0
2011-01-19 00:00:00+08:00,0.17068421840667725,0.17068421840667725,0.17068421840667725,0.17068421840667725,12000,0.0,0.0,0.0
2011-01-20 00:00:00+08:00,0.16697368025779724,0.16697368025779724,0.16697368025779724,0.16697368025779724,290000,0.0,0.0,0.0
2011-01-21 00:00:00+08:00,0.16697368025779724,0.16697368025779724,0.16697368025779724,0.16697368025779724,55000,0.0,0.0,0.0
2011-01-24 00:00:00+08:00,0.16697368025779724,0.16697368025779724,0.16697368025779724,0.16697368025779724,0,0.0,0.0,0.0
2011-01-25 00:00:00+08:00,0.17810526416899117,0.17810526416899117,0.17068421840667725,0.17068421840667725,269000,0.0,0.0,0.0
2011-01-26 00:00:00+08:00,0.17068421840667725,0.17068421840667725,0.17068421840667725,0.17068421840667725,220000,0.0,0.0,0.0
2011-01-27 00:00:00+08:00,0.16697368025779724,0.16697368025779724,0.16697368025779724,0.16697368025779724,40000,0.0,0.0,0.0
2011-01-28 00:00:00+08:00,0.16697368025779724,0.16697368025779724,0.16697368025779724,0.16697368025779724,20000,0.0,0.0,0.0
2011-01-31 00:00:00+08:00,0.1484210642544849,0.152131587266922,0.1484210642544849,0.152131587266922,22000,0.0,0.0,0.0
2011-02-01 00:00:00+08:00,0.15584211449253885,0.1595526486635208,0.15584211449253885,0.1595526486635208,135000,0.0,0.0,0.0
2011-02-02 00:00:00+08:00,0.1595526486635208,0.1595526486635208,0.1595526486635208,0.1595526486635208,0,0.0,0.0,0.0
2011-02-07 00:00:00+08:00,0.1595526486635208,0.1595526486635208,0.1595526486635208,0.1595526486635208,0,0.0,0.0,0.0
2011-02-08 00:00:00+08:00,0.1595526486635208,0.1595526486635208,0.1595526486635208,0.1595526486635208,0,0.0,0.0,0.0
2011-02-09 00:00:00+08:00,0.1595526486635208,0.1595526486635208,0.1595526486635208,0.1595526486635208,0,0.0,0.0,0.0
2011-02-10 00:00:00+08:00,0.1595526486635208,0.1595526486635208,0.1595526486635208,0.1595526486635208,0,0.0,0.0,0.0
2011-02-11 00:00:00+08:00,0.1595526486635208,0.1595526486635208,0.1595526486635208,0.1595526486635208,0,0.0,0.0,0.0
2011-02-14 00:00:00+08:00,0.1595526486635208,0.1595526486635208,0.1595526486635208,0.1595526486635208,0,0.0,0.0,0.0
2011-02-15 00:00:00+08:00,0.1558421105146408,0.1558421105146408,0.1558421105146408,0.1558421105146408,150000,0.0,0.0,0.0
2011-02-16 00:00:00+08:00,0.1558421105146408,0.1558421105146408,0.1558421105146408,0.1558421105146408,0,0.0,0.0,0.0
2011-02-17 00:00:00+08:00,0.1558421105146408,0.1558421105146408,0.1558421105146408,0.1558421105146408,0,0.0,0.0,0.0
2011-02-18 00:00:00+08:00,0.1558421105146408,0.1558421105146408,0.1558421105146408,0.1558421105146408,0,0.0,0.0,0.0
2011-02-21 00:00:00+08:00,0.1558421105146408,0.1558421105146408,0.1558421105146408,0.1558421105146408,0,0.0,0.0,0.0
2011-02-22 00:00:00+08:00,0.15584210563405806,0.15584210563405806,0.14471052587032318,0.14471052587032318,101000,0.0,0.0,0.0
2011-02-23 00:00:00+08:00,0.14471053409605528,0.1595526486635208,0.14471053409605528,0.1595526486635208,350000,0.0,0.0,0.0
2011-02-24 00:00:00+08:00,0.1595526486635208,0.1595526486635208,0.1595526486635208,0.1595526486635208,0,0.0,0.0,0.0
2011-02-25 00:00:00+08:00,0.1595526486635208,0.1595526486635208,0.1595526486635208,0.1595526486635208,0,0.0,0.0,0.0
2011-02-28 00:00:00+08:00,0.1595526486635208,0.1595526486635208,0.1595526486635208,0.1595526486635208,0,0.0,0.0,0.0
2011-03-01 00:00:00+08:00,0.16326317191123962,0.16326317191123962,0.16326317191123962,0.16326317191123962,53000,0.0,0.0,0.0
2011-03-02 00:00:00+08:00,0.16326317191123962,0.16326317191123962,0.16326317191123962,0.16326317191123962,0,0.0,0.0,0.0
2011-03-03 00:00:00+08:00,0.16326317191123962,0.16326317191123962,0.16326317191123962,0.16326317191123962,0,0.0,0.0,0.0
2011-03-04 00:00:00+08:00,0.16326317191123962,0.16326317191123962,0.16326317191123962,0.16326317191123962,0,0.0,0.0,0.0
2011-03-07 00:00:00+08:00,0.16326317191123962,0.16326317191123962,0.16326317191123962,0.16326317191123962,0,0.0,0.0,0.0
2011-03-08 00:00:00+08:00,0.16326317191123962,0.16326317191123962,0.16326317191123962,0.16326317191123962,0,0.0,0.0,0.0
2011-03-09 00:00:00+08:00,0.16326317191123962,0.16326317191123962,0.16326317191123962,0.16326317191123962,0,0.0,0.0,0.0
2011-03-10 00:00:00+08:00,0.16326317191123962,0.16326317191123962,0.16326317191123962,0.16326317191123962,1000,0.0,0.0,0.0
2011-03-11 00:00:00+08:00,0.16326317191123962,0.16326317191123962,0.16326317191123962,0.16326317191123962,0,0.0,0.0,0.0
2011-03-14 00:00:00+08:00,0.16326317191123962,0.16326317191123962,0.16326317191123962,0.16326317191123962,0,0.0,0.0,0.0
2011-03-15 00:00:00+08:00,0.16326317191123962,0.16326317191123962,0.16326317191123962,0.16326317191123962,0,0.0,0.0,0.0
2011-03-16 00:00:00+08:00,0.14842106401920319,0.14842106401920319,0.14842106401920319,0.14842106401920319,20000,0.0,0.0,0.0
2011-03-17 00:00:00+08:00,0.14471052551533697,0.14471052551533697,0.14100000262260437,0.14100000262260437,30000,0.0,0.0,0.0
2011-03-18 00:00:00+08:00,0.14100000262260437,0.14100000262260437,0.14100000262260437,0.14100000262260437,0,0.0,0.0,0.0
2011-03-21 00:00:00+08:00,0.14100000262260437,0.14100000262260437,0.14100000262260437,0.14100000262260437,0,0.0,0.0,0.0
2011-03-22 00:00:00+08:00,0.152131587266922,0.152131587266922,0.152131587266922,0.152131587266922,30000,0.0,0.0,0.0
2011-03-23 00:00:00+08:00,0.152131587266922,0.152131587266922,0.152131587266922,0.152131587266922,0,0.0,0.0,0.0
2011-03-24 00:00:00+08:00,0.152131587266922,0.152131587266922,0.152131587266922,0.152131587266922,0,0.0,0.0,0.0
2011-03-25 00:00:00+08:00,0.152131587266922,0.152131587266922,0.152131587266922,0.152131587266922,0,0.0,0.0,0.0
2011-03-28 00:00:00+08:00,0.152131587266922,0.152131587266922,0.152131587266922,0.152131587266922,0,0.0,0.0,0.0
2011-03-29 00:00:00+08:00,0.152131587266922,0.152131587266922,0.152131587266922,0.152131587266922,0,0.0,0.0,0.0
2011-03-30 00:00:00+08:00,0.152131587266922,0.152131587266922,0.152131587266922,0.152131587266922,0,0.0,0.0,0.0
2011-03-31 00:00:00+08:00,0.152131587266922,0.152131587266922,0.152131587266922,0.152131587266922,0,0.0,0.0,0.0
2011-04-01 00:00:00+08:00,0.152131587266922,0.152131587266922,0.152131587266922,0.152131587266922,0,0.0,0.0,0.0
2011-04-04 00:00:00+08:00,0.152131587266922,0.152131587266922,0.152131587266922,0.152131587266922,0,0.0,0.0,0.0
2011-04-05 00:00:00+08:00,0.1558421105146408,0.1558421105146408,0.1558421105146408,0.1558421105146408,42000,0.0,0.0,0.0
2011-04-06 00:00:00+08:00,0.152131587266922,0.152131587266922,0.152131587266922,0.152131587266922,27000,0.0,0.0,0.0
2011-04-07 00:00:00+08:00,0.14842106401920319,0.14842106401920319,0.14842106401920319,0.14842106401920319,152000,0.0,0.0,0.0
2011-04-08 00:00:00+08:00,0.14842106401920319,0.14842106401920319,0.14842106401920319,0.14842106401920319,195000,0.0,0.0,0.0
2011-04-11 00:00:00+08:00,0.14842106401920319,0.14842106401920319,0.14842106401920319,0.14842106401920319,0,0.0,0.0,0.0
2011-04-12 00:00:00+08:00,0.14471052995441727,0.14842106401920319,0.14471052995441727,0.14842106401920319,10000,0.0,0.0,0.0
2011-04-13 00:00:00+08:00,0.14842106401920319,0.14842106401920319,0.14842106401920319,0.14842106401920319,0,0.0,0.0,0.0
2011-04-14 00:00:00+08:00,0.14842106401920319,0.14842106401920319,0.14842106401920319,0.14842106401920319,0,0.0,0.0,0.0
2011-04-15 00:00:00+08:00,0.13728950917720795,0.14100003286581372,0.13728950917720795,0.13728950917720795,45000,0.0,0.0,0.0
2011-04-18 00:00:00+08:00,0.14842106401920319,0.14842106401920319,0.14842106401920319,0.14842106401920319,300000,0.0,0.0,0.0
2011-04-19 00:00:00+08:00,0.14842106401920319,0.14842106401920319,0.14842106401920319,0.14842106401920319,277000,0.0,0.0,0.0
2011-04-20 00:00:00+08:00,0.14842106401920319,0.14842106401920319,0.14842106401920319,0.14842106401920319,140000,0.0,0.0,0.0
2011-04-21 00:00:00+08:00,0.14842106401920319,0.14842106401920319,0.14842106401920319,0.14842106401920319,0,0.0,0.0,0.0
2011-04-25 00:00:00+08:00,0.14842106401920319,0.14842106401920319,0.14842106401920319,0.14842106401920319,0,0.0,0.0,0.0
2011-04-26 00:00:00+08:00,0.14842106401920319,0.14842106401920319,0.14842106401920319,0.14842106401920319,18000,0.0,0.0,0.0
2011-04-27 00:00:00+08:00,0.14842106401920319,0.14842106401920319,0.14842106401920319,0.14842106401920319,20000,0.0,0.0,0.0
2011-04-28 00:00:00+08:00,0.14842106401920319,0.14842106401920319,0.14842106401920319,0.14842106401920319,0,0.0,0.0,0.0
2011-04-29 00:00:00+08:00,0.14842106401920319,0.14842106401920319,0.14842106401920319,0.14842106401920319,0,0.0,0.0,0.0
2011-05-03 00:00:00+08:00,0.14842106401920319,0.14842106401920319,0.14842106401920319,0.14842106401920319,0,0.0,0.0,0.0
2011-05-04 00:00:00+08:00,0.14471052587032318,0.14471052587032318,0.14471052587032318,0.14471052587032318,1000,0.0,0.0,0.0
2011-05-05 00:00:00+08:00,0.14471052587032318,0.14471052587032318,0.14471052587032318,0.14471052587032318,0,0.0,0.0,0.0
2011-05-06 00:00:00+08:00,0.14842106401920319,0.14842106401920319,0.14842106401920319,0.14842106401920319,47000,0.0,0.0,0.0
2011-05-09 00:00:00+08:00,0.14842106401920319,0.14842106401920319,0.14842106401920319,0.14842106401920319,0,0.0,0.0,0.0
2011-05-10 00:00:00+08:00,0.14842106401920319,0.14842106401920319,0.14842106401920319,0.14842106401920319,0,0.0,0.0,0.0
2011-05-11 00:00:00+08:00,0.13357897102832794,0.13357897102832794,0.13357897102832794,0.13357897102832794,20000,0.0,0.0,0.0
2011-05-12 00:00:00+08:00,0.13357897102832794,0.13357897102832794,0.13357897102832794,0.13357897102832794,0,0.0,0.0,0.0
2011-05-13 00:00:00+08:00,0.14100000262260437,0.14100000262260437,0.14100000262260437,0.14100000262260437,20000,0.0,0.0,0.0
2011-05-16 00:00:00+08:00,0.15213158273222327,0.15213158273222327,0.14471052587032318,0.14471052587032318,40000,0.0,0.0,0.0
2011-05-18 00:00:00+08:00,0.14471052587032318,0.14471052587032318,0.14471052587032318,0.14471052587032318,0,0.0,0.0,0.0
2011-05-19 00:00:00+08:00,0.14471052587032318,0.14471052587032318,0.14471052587032318,0.14471052587032318,0,0.0,0.0,0.0
2011-05-20 00:00:00+08:00,0.14100000262260437,0.14100000262260437,0.14100000262260437,0.14100000262260437,10000,0.0,0.0,0.0
2011-05-23 00:00:00+08:00,0.14100000262260437,0.14100000262260437,0.14100000262260437,0.14100000262260437,0,0.0,0.0,0.0
2011-05-24 00:00:00+08:00,0.14100000262260437,0.14100000262260437,0.14100000262260437,0.14100000262260437,0,0.0,0.0,0.0
2011-05-25 00:00:00+08:00,0.14100000262260437,0.14100000262260437,0.14100000262260437,0.14100000262260437,0,0.0,0.0,0.0
2011-05-26 00:00:00+08:00,0.1558421105146408,0.1558421105146408,0.14842106447856274,0.1558421105146408,56000,0.0,0.0,0.0
2011-05-27 00:00:00+08:00,0.1558421105146408,0.1558421105146408,0.1558421105146408,0.1558421105146408,0,0.0,0.0,0.0
2011-05-30 00:00:00+08:00,0.1558421105146408,0.1558421105146408,0.1558421105146408,0.1558421105146408,0,0.0,0.0,0.0
2011-05-31 00:00:00+08:00,0.1558421105146408,0.1558421105146408,0.1558421105146408,0.1558421105146408,0,0.0,0.0,0.0
2011-06-01 00:00:00+08:00,0.1558421105146408,0.1558421105146408,0.1558421105146408,0.1558421105146408,0,0.0,0.0,0.0
2011-06-02 00:00:00+08:00,0.1558421105146408,0.1558421105146408,0.1558421105146408,0.1558421105146408,0,0.0,0.0,0.0
2011-06-03 00:00:00+08:00,0.16363421082496643,0.16363421082496643,0.16363421082496643,0.16363421082496643,0,0.01,0.0,0.0
2011-06-06 00:00:00+08:00,0.15584209561347961,0.15584209561347961,0.15584209561347961,0.15584209561347961,10000,0.0,0.0,0.0
2011-06-07 00:00:00+08:00,0.15584209561347961,0.15584209561347961,0.15584209561347961,0.15584209561347961,0,0.0,0.0,0.0
2011-06-08 00:00:00+08:00,0.15584209561347961,0.15584209561347961,0.15584209561347961,0.15584209561347961,0,0.0,0.0,0.0
2011-06-09 00:00:00+08:00,0.17921842634677887,0.17921842634677887,0.17921842634677887,0.17921842634677887,2000,0.0,0.0,0.0
2011-06-10 00:00:00+08:00,0.17921842634677887,0.17921842634677887,0.17921842634677887,0.17921842634677887,0,0.0,0.0,0.0
2011-06-13 00:00:00+08:00,0.17921842634677887,0.17921842634677887,0.17921842634677887,0.17921842634677887,0,0.0,0.0,0.0
2011-06-14 00:00:00+08:00,0.17921842634677887,0.17921842634677887,0.17921842634677887,0.17921842634677887,0,0.0,0.0,0.0
2011-06-15 00:00:00+08:00,0.14805001020431519,0.14805001020431519,0.14805001020431519,0.14805001020431519,20000,0.0,0.0,0.0
2011-06-16 00:00:00+08:00,0.14805001020431519,0.14805001020431519,0.14805001020431519,0.14805001020431519,0,0.0,0.0,0.0
2011-06-17 00:00:00+08:00,0.15194603538562262,0.15584209561347961,0.15194603538562262,0.15584209561347961,100000,0.0,0.0,0.0
2011-06-20 00:00:00+08:00,0.15584209561347961,0.15584209561347961,0.15584209561347961,0.15584209561347961,0,0.0,0.0,0.0
2011-06-21 00:00:00+08:00,0.15584209561347961,0.15584209561347961,0.15584209561347961,0.15584209561347961,0,0.0,0.0,0.0
2011-06-22 00:00:00+08:00,0.15584209561347961,0.15584209561347961,0.15584209561347961,0.15584209561347961,0,0.0,0.0,0.0
2011-06-23 00:00:00+08:00,0.15584209561347961,0.15584209561347961,0.15584209561347961,0.15584209561347961,0,0.0,0.0,0.0
2011-06-24 00:00:00+08:00,0.15584209561347961,0.15584209561347961,0.15584209561347961,0.15584209561347961,0,0.0,0.0,0.0
2011-06-27 00:00:00+08:00,0.15584209561347961,0.15584209561347961,0.15584209561347961,0.15584209561347961,0,0.0,0.0,0.0
2011-06-28 00:00:00+08:00,0.15584209561347961,0.15584209561347961,0.15584209561347961,0.15584209561347961,50000,0.0,0.0,0.0
2011-06-29 00:00:00+08:00,0.15584209561347961,0.15584209561347961,0.15584209561347961,0.15584209561347961,0,0.0,0.0,0.0
2011-06-30 00:00:00+08:00,0.14805001020431519,0.14805001020431519,0.14805001020431519,0.14805001020431519,1249000,0.0,0.0,0.0
2011-07-01 00:00:00+08:00,0.14805001020431519,0.14805001020431519,0.14805001020431519,0.14805001020431519,0,0.0,0.0,0.0
2011-07-04 00:00:00+08:00,0.14805001020431519,0.14805001020431519,0.14805001020431519,0.14805001020431519,0,0.0,0.0,0.0
2011-07-05 00:00:00+08:00,0.14805001020431519,0.14805001020431519,0.14805001020431519,0.14805001020431519,86000,0.0,0.0,0.0
2011-07-06 00:00:00+08:00,0.14805001020431519,0.14805001020431519,0.14805001020431519,0.14805001020431519,0,0.0,0.0,0.0
2011-07-07 00:00:00+08:00,0.14805001020431519,0.14805001020431519,0.14805001020431519,0.14805001020431519,0,0.0,0.0,0.0
2011-07-08 00:00:00+08:00,0.14805001020431519,0.14805001020431519,0.14805001020431519,0.14805001020431519,50000,0.0,0.0,0.0
2011-07-11 00:00:00+08:00,0.14805001020431519,0.14805001020431519,0.14805001020431519,0.14805001020431519,0,0.0,0.0,0.0
2011-07-12 00:00:00+08:00,0.14805001020431519,0.14805001020431519,0.14805001020431519,0.14805001020431519,0,0.0,0.0,0.0
2011-07-13 00:00:00+08:00,0.14805001020431519,0.14805001020431519,0.14805001020431519,0.14805001020431519,0,0.0,0.0,0.0
2011-07-14 00:00:00+08:00,0.14805001020431519,0.14805001020431519,0.14805001020431519,0.14805001020431519,0,0.0,0.0,0.0
2011-07-15 00:00:00+08:00,0.14805001020431519,0.14805001020431519,0.14805001020431519,0.14805001020431519,0,0.0,0.0,0.0
2011-07-18 00:00:00+08:00,0.1488292223732311,0.1488292223732311,0.14805001020431519,0.14805001020431519,10000,0.0,0.0,0.0
2011-07-19 00:00:00+08:00,0.14805001020431519,0.14805001020431519,0.14805001020431519,0.14805001020431519,4000,0.0,0.0,0.0
2011-07-20 00:00:00+08:00,0.14805001020431519,0.14805001020431519,0.14805001020431519,0.14805001020431519,0,0.0,0.0,0.0
2011-07-21 00:00:00+08:00,0.14805001020431519,0.14805001020431519,0.14805001020431519,0.14805001020431519,0,0.0,0.0,0.0
2011-07-22 00:00:00+08:00,0.14805001020431519,0.14805001020431519,0.14805001020431519,0.14805001020431519,5000,0.0,0.0,0.0
2011-07-25 00:00:00+08:00,0.15506289899349213,0.15506289899349213,0.15506289899349213,0.15506289899349213,1000,0.0,0.0,0.0
2011-07-26 00:00:00+08:00,0.15506289899349213,0.15506289899349213,0.1519460505011439,0.15506289899349213,15000,0.0,0.0,0.0
2011-07-27 00:00:00+08:00,0.15506289899349213,0.15506289899349213,0.15506289899349213,0.15506289899349213,0,0.0,0.0,0.0
2011-07-28 00:00:00+08:00,0.15506289899349213,0.15506289899349213,0.15506289899349213,0.15506289899349213,0,0.0,0.0,0.0
2011-07-29 00:00:00+08:00,0.15506289899349213,0.15506289899349213,0.15506289899349213,0.15506289899349213,0,0.0,0.0,0.0
2011-08-01 00:00:00+08:00,0.15506289899349213,0.15506289899349213,0.15506289899349213,0.15506289899349213,0,0.0,0.0,0.0
2011-08-02 00:00:00+08:00,0.15506289899349213,0.15506289899349213,0.15506289899349213,0.15506289899349213,0,0.0,0.0,0.0
2011-08-03 00:00:00+08:00,0.15506289899349213,0.15506289899349213,0.15506289899349213,0.15506289899349213,0,0.0,0.0,0.0
2011-08-04 00:00:00+08:00,0.15506289899349213,0.15506289899349213,0.15506289899349213,0.15506289899349213,0,0.0,0.0,0.0
2011-08-05 00:00:00+08:00,0.14805001020431519,0.14805001020431519,0.14805001020431519,0.14805001020431519,20000,0.0,0.0,0.0
2011-08-08 00:00:00+08:00,0.14805001020431519,0.14805001020431519,0.14805001020431519,0.14805001020431519,5000,0.0,0.0,0.0
2011-08-10 00:00:00+08:00,0.14805001020431519,0.14805001020431519,0.14805001020431519,0.14805001020431519,1000,0.0,0.0,0.0
2011-08-11 00:00:00+08:00,0.14805001020431519,0.14805001020431519,0.14805001020431519,0.14805001020431519,0,0.0,0.0,0.0
2011-08-12 00:00:00+08:00,0.14805001020431519,0.14805001020431519,0.14805001020431519,0.14805001020431519,0,0.0,0.0,0.0
2011-08-15 00:00:00+08:00,0.14805001020431519,0.14805001020431519,0.14805001020431519,0.14805001020431519,0,0.0,0.0,0.0
2011-08-16 00:00:00+08:00,0.14805001020431519,0.14805001020431519,0.14805001020431519,0.14805001020431519,0,0.0,0.0,0.0
2011-08-17 00:00:00+08:00,0.14805001020431519,0.14805001020431519,0.14805001020431519,0.14805001020431519,0,0.0,0.0,0.0
2011-08-18 00:00:00+08:00,0.14805001020431519,0.14805001020431519,0.14805001020431519,0.14805001020431519,0,0.0,0.0,0.0
2011-08-19 00:00:00+08:00,0.13246579468250275,0.13246579468250275,0.13246579468250275,0.13246579468250275,80000,0.0,0.0,0.0
2011-08-22 00:00:00+08:00,0.13246579468250275,0.13246579468250275,0.13246579468250275,0.13246579468250275,75000,0.0,0.0,0.0
2011-08-23 00:00:00+08:00,0.13246579468250275,0.13246579468250275,0.13246579468250275,0.13246579468250275,0,0.0,0.0,0.0
2011-08-24 00:00:00+08:00,0.12467368692159653,0.12467368692159653,0.12467368692159653,0.12467368692159653,5000,0.0,0.0,0.0
2011-08-25 00:00:00+08:00,0.12467368692159653,0.12467368692159653,0.12467368692159653,0.12467368692159653,0,0.0,0.0,0.0
2011-08-26 00:00:00+08:00,0.12467368692159653,0.12467368692159653,0.12467368692159653,0.12467368692159653,0,0.0,0.0,0.0
2011-08-29 00:00:00+08:00,0.12467368692159653,0.12467368692159653,0.12467368692159653,0.12467368692159653,0,0.0,0.0,0.0
2011-08-31 00:00:00+08:00,0.12467368692159653,0.12467368692159653,0.12467368692159653,0.12467368692159653,0,0.0,0.0,0.0
2011-09-01 00:00:00+08:00,0.12467368692159653,0.12467368692159653,0.12467368692159653,0.12467368692159653,0,0.0,0.0,0.0
2011-09-02 00:00:00+08:00,0.12467368692159653,0.12467368692159653,0.12467368692159653,0.12467368692159653,0,0.0,0.0,0.0
2011-09-05 00:00:00+08:00,0.12467368692159653,0.12467368692159653,0.12467368692159653,0.12467368692159653,0,0.0,0.0,0.0
2011-09-06 00:00:00+08:00,0.12467368692159653,0.12467368692159653,0.12467368692159653,0.12467368692159653,0,0.0,0.0,0.0
2011-09-07 00:00:00+08:00,0.13636185228824615,0.13636185228824615,0.13636185228824615,0.13636185228824615,100000,0.0,0.0,0.0
2011-09-08 00:00:00+08:00,0.14805001020431519,0.14805001020431519,0.14805001020431519,0.14805001020431519,2000,0.0,0.0,0.0
2011-09-09 00:00:00+08:00,0.14805001020431519,0.14805001020431519,0.14805001020431519,0.14805001020431519,0,0.0,0.0,0.0
2011-09-12 00:00:00+08:00,0.13246579468250275,0.13246579468250275,0.13246579468250275,0.13246579468250275,3000,0.0,0.0,0.0
2011-09-13 00:00:00+08:00,0.13636185228824615,0.13636185228824615,0.13636185228824615,0.13636185228824615,30000,0.0,0.0,0.0
2011-09-14 00:00:00+08:00,0.13636185228824615,0.13636185228824615,0.13636185228824615,0.13636185228824615,0,0.0,0.0,0.0
2011-09-15 00:00:00+08:00,0.13636185228824615,0.13636185228824615,0.13636185228824615,0.13636185228824615,0,0.0,0.0,0.0
2011-09-16 00:00:00+08:00,0.13636185228824615,0.13636185228824615,0.13636185228824615,0.13636185228824615,0,0.0,0.0,0.0
2011-09-19 00:00:00+08:00,0.13636185228824615,0.13636185228824615,0.13636185228824615,0.13636185228824615,0,0.0,0.0,0.0
2011-09-20 00:00:00+08:00,0.13636185228824615,0.13636185228824615,0.13636185228824615,0.13636185228824615,0,0.0,0.0,0.0
2011-09-21 00:00:00+08:00,0.13636185228824615,0.13636185228824615,0.13636185228824615,0.13636185228824615,0,0.0,0.0,0.0
2011-09-22 00:00:00+08:00,0.13636185228824615,0.13636185228824615,0.13636185228824615,0.13636185228824615,0,0.0,0.0,0.0
2011-09-23 00:00:00+08:00,0.13636185228824615,0.13636185228824615,0.13636185228824615,0.13636185228824615,0,0.0,0.0,0.0
2011-09-26 00:00:00+08:00,0.13636185228824615,0.13636185228824615,0.13636185228824615,0.13636185228824615,0,0.0,0.0,0.0
2011-09-27 00:00:00+08:00,0.13636185228824615,0.13636185228824615,0.13636185228824615,0.13636185228824615,0,0.0,0.0,0.0
2011-09-28 00:00:00+08:00,0.13636185228824615,0.13636185228824615,0.13636185228824615,0.13636185228824615,0,0.0,0.0,0.0
2011-09-29 00:00:00+08:00,0.13636185228824615,0.13636185228824615,0.13636185228824615,0.13636185228824615,0,0.0,0.0,0.0
2011-09-30 00:00:00+08:00,0.13636185228824615,0.13636185228824615,0.13636185228824615,0.13636185228824615,0,0.0,0.0,0.0
2011-10-03 00:00:00+08:00,0.13636185228824615,0.13636185228824615,0.13636185228824615,0.13636185228824615,0,0.0,0.0,0.0
2011-10-04 00:00:00+08:00,0.13636185228824615,0.13636185228824615,0.13636185228824615,0.13636185228824615,0,0.0,0.0,0.0
2011-10-05 00:00:00+08:00,0.09973896430754013,0.10051816489715465,0.09818053990602493,0.09818053990602493,85000,0.0,0.0,0.0
2011-10-06 00:00:00+08:00,0.09818053990602493,0.09818053990602493,0.09818053990602493,0.09818053990602493,0,0.0,0.0,0.0
2011-10-07 00:00:00+08:00,0.13246579670837463,0.13246579670837463,0.12467368692159653,0.12467368692159653,21000,0.0,0.0,0.0
2011-10-10 00:00:00+08:00,0.12467368692159653,0.12467368692159653,0.12467368692159653,0.12467368692159653,58000,0.0,0.0,0.0
2011-10-11 00:00:00+08:00,0.12467368692159653,0.12467368692159653,0.12467368692159653,0.12467368692159653,0,0.0,0.0,0.0
2011-10-12 00:00:00+08:00,0.12467368692159653,0.12467368692159653,0.12467368692159653,0.12467368692159653,0,0.0,0.0,0.0
2011-10-13 00:00:00+08:00,0.12467368692159653,0.12467368692159653,0.12467368692159653,0.12467368692159653,0,0.0,0.0,0.0
2011-10-14 00:00:00+08:00,0.12467368692159653,0.12467368692159653,0.12467368692159653,0.12467368692159653,0,0.0,0.0,0.0
2011-10-17 00:00:00+08:00,0.12467368692159653,0.12467368692159653,0.12467368692159653,0.12467368692159653,0,0.0,0.0,0.0
2011-10-18 00:00:00+08:00,0.12467368692159653,0.12467368692159653,0.12467368692159653,0.12467368692159653,0,0.0,0.0,0.0
2011-10-19 00:00:00+08:00,0.12467368692159653,0.12467368692159653,0.12467368692159653,0.12467368692159653,0,0.0,0.0,0.0
2011-10-20 00:00:00+08:00,0.12467368692159653,0.12467368692159653,0.12467368692159653,0.12467368692159653,0,0.0,0.0,0.0
2011-10-21 00:00:00+08:00,0.12467368692159653,0.12467368692159653,0.12467368692159653,0.12467368692159653,0,0.0,0.0,0.0
2011-10-24 00:00:00+08:00,0.12467368692159653,0.12467368692159653,0.12467368692159653,0.12467368692159653,0,0.0,0.0,0.0
2011-10-25 00:00:00+08:00,0.12467369351074291,0.12467369351074291,0.12077764421701431,0.12077764421701431,11000,0.0,0.0,0.0
2011-10-27 00:00:00+08:00,0.12077763783377857,0.12467368692159653,0.12077763783377857,0.12467368692159653,68000,0.0,0.0,0.0
2011-10-28 00:00:00+08:00,0.12467368692159653,0.12467368692159653,0.12467368692159653,0.12467368692159653,0,0.0,0.0,0.0
2011-10-31 00:00:00+08:00,0.12467368692159653,0.12467368692159653,0.12467368692159653,0.12467368692159653,0,0.0,0.0,0.0
2011-11-01 00:00:00+08:00,0.12467368692159653,0.12467368692159653,0.12467368692159653,0.12467368692159653,0,0.0,0.0,0.0
2011-11-02 00:00:00+08:00,0.12467368692159653,0.12467368692159653,0.12467368692159653,0.12467368692159653,0,0.0,0.0,0.0
2011-11-03 00:00:00+08:00,0.12467368692159653,0.12467368692159653,0.12467368692159653,0.12467368692159653,0,0.0,0.0,0.0
2011-11-04 00:00:00+08:00,0.13246579468250275,0.13246579468250275,0.13246579468250275,0.13246579468250275,25000,0.0,0.0,0.0
2011-11-08 00:00:00+08:00,0.13246579468250275,0.13246579468250275,0.13246579468250275,0.13246579468250275,0,0.0,0.0,0.0
2011-11-09 00:00:00+08:00,0.13246579468250275,0.13246579468250275,0.13246579468250275,0.13246579468250275,0,0.0,0.0,0.0
2011-11-10 00:00:00+08:00,0.13246579468250275,0.13246579468250275,0.13246579468250275,0.13246579468250275,0,0.0,0.0,0.0
2011-11-11 00:00:00+08:00,0.1168816089630127,0.1168816089630127,0.1168816089630127,0.1168816089630127,3000,0.0,0.0,0.0
2011-11-14 00:00:00+08:00,0.1168816089630127,0.1168816089630127,0.1168816089630127,0.1168816089630127,0,0.0,0.0,0.0
2011-11-15 00:00:00+08:00,0.1168816089630127,0.1168816089630127,0.1168816089630127,0.1168816089630127,0,0.0,0.0,0.0
2011-11-16 00:00:00+08:00,0.1168816089630127,0.1168816089630127,0.1168816089630127,0.1168816089630127,0,0.0,0.0,0.0
2011-11-17 00:00:00+08:00,0.13246579468250275,0.13246579468250275,0.13246579468250275,0.13246579468250275,65000,0.0,0.0,0.0
2011-11-18 00:00:00+08:00,0.13246579468250275,0.13246579468250275,0.13246579468250275,0.13246579468250275,0,0.0,0.0,0.0
2011-11-21 00:00:00+08:00,0.12077763598666008,0.13246579468250275,0.12077763598666008,0.13246579468250275,85000,0.0,0.0,0.0
2011-11-22 00:00:00+08:00,0.13246579468250275,0.13246579468250275,0.13246579468250275,0.13246579468250275,0,0.0,0.0,0.0
2011-11-23 00:00:00+08:00,0.13246579468250275,0.13246579468250275,0.13246579468250275,0.13246579468250275,0,0.0,0.0,0.0
2011-11-24 00:00:00+08:00,0.13246579468250275,0.13246579468250275,0.13246579468250275,0.13246579468250275,0,0.0,0.0,0.0
2011-11-25 00:00:00+08:00,0.13246579468250275,0.13246579468250275,0.13246579468250275,0.13246579468250275,0,0.0,0.0,0.0
2011-11-28 00:00:00+08:00,0.13246579468250275,0.13246579468250275,0.13246579468250275,0.13246579468250275,0,0.0,0.0,0.0
2011-11-29 00:00:00+08:00,0.13246579468250275,0.13246579468250275,0.13246579468250275,0.13246579468250275,0,0.0,0.0,0.0
2011-11-30 00:00:00+08:00,0.13246579468250275,0.13246579468250275,0.13246579468250275,0.13246579468250275,0,0.0,0.0,0.0
2011-12-01 00:00:00+08:00,0.13246579468250275,0.13246579468250275,0.13246579468250275,0.13246579468250275,0,0.0,0.0,0.0
2011-12-02 00:00:00+08:00,0.13246579468250275,0.13246579468250275,0.13246579468250275,0.13246579468250275,0,0.0,0.0,0.0
2011-12-05 00:00:00+08:00,0.13246579468250275,0.13246579468250275,0.13246579468250275,0.13246579468250275,0,0.0,0.0,0.0
2011-12-06 00:00:00+08:00,0.13246579468250275,0.13246579468250275,0.13246579468250275,0.13246579468250275,0,0.0,0.0,0.0
2011-12-07 00:00:00+08:00,0.13246579468250275,0.13246579468250275,0.13246579468250275,0.13246579468250275,0,0.0,0.0,0.0
2011-12-08 00:00:00+08:00,0.13246579468250275,0.13246579468250275,0.13246579468250275,0.13246579468250275,0,0.0,0.0,0.0
2011-12-09 00:00:00+08:00,0.13246579468250275,0.13246579468250275,0.13246579468250275,0.13246579468250275,0,0.0,0.0,0.0
2011-12-12 00:00:00+08:00,0.13246579468250275,0.13246579468250275,0.13246579468250275,0.13246579468250275,0,0.0,0.0,0.0
2011-12-13 00:00:00+08:00,0.13246579468250275,0.13246579468250275,0.13246579468250275,0.13246579468250275,0,0.0,0.0,0.0
2011-12-14 00:00:00+08:00,0.13246579468250275,0.13246579468250275,0.13246579468250275,0.13246579468250275,0,0.0,0.0,0.0
2011-12-15 00:00:00+08:00,0.13246579468250275,0.13246579468250275,0.13246579468250275,0.13246579468250275,0,0.0,0.0,0.0
2011-12-16 00:00:00+08:00,0.13246579468250275,0.13246579468250275,0.13246579468250275,0.13246579468250275,0,0.0,0.0,0.0
2011-12-19 00:00:00+08:00,0.13246579468250275,0.13246579468250275,0.13246579468250275,0.13246579468250275,0,0.0,0.0,0.0
2011-12-20 00:00:00+08:00,0.13246579468250275,0.13246579468250275,0.13246579468250275,0.13246579468250275,0,0.0,0.0,0.0
2011-12-21 00:00:00+08:00,0.13246579468250275,0.13246579468250275,0.13246579468250275,0.13246579468250275,0,0.0,0.0,0.0
2011-12-22 00:00:00+08:00,0.13246579468250275,0.13246579468250275,0.13246579468250275,0.13246579468250275,0,0.0,0.0,0.0
2011-12-23 00:00:00+08:00,0.13246579468250275,0.13246579468250275,0.13246579468250275,0.13246579468250275,0,0.0,0.0,0.0
2011-12-27 00:00:00+08:00,0.13246579468250275,0.13246579468250275,0.13246579468250275,0.13246579468250275,0,0.0,0.0,0.0
2011-12-28 00:00:00+08:00,0.13246579468250275,0.13246579468250275,0.13246579468250275,0.13246579468250275,0,0.0,0.0,0.0
2011-12-29 00:00:00+08:00,0.13246579468250275,0.13246579468250275,0.13246579468250275,0.13246579468250275,0,0.0,0.0,0.0
2011-12-30 00:00:00+08:00,0.13246579468250275,0.13246579468250275,0.13246579468250275,0.13246579468250275,0,0.0,0.0,0.0
2012-01-03 00:00:00+08:00,0.13246579468250275,0.13246579468250275,0.13246579468250275,0.13246579468250275,10000,0.0,0.0,0.0
2012-01-04 00:00:00+08:00,0.13246579468250275,0.13246579468250275,0.13246579468250275,0.13246579468250275,5000,0.0,0.0,0.0
2012-01-05 00:00:00+08:00,0.13246579468250275,0.13246579468250275,0.13246579468250275,0.13246579468250275,0,0.0,0.0,0.0
2012-01-06 00:00:00+08:00,0.13246579468250275,0.13246579468250275,0.13246579468250275,0.13246579468250275,0,0.0,0.0,0.0
2012-01-09 00:00:00+08:00,0.13246579468250275,0.13246579468250275,0.13246579468250275,0.13246579468250275,0,0.0,0.0,0.0
2012-01-10 00:00:00+08:00,0.13246579468250275,0.13246579468250275,0.13246579468250275,0.13246579468250275,0,0.0,0.0,0.0
2012-01-11 00:00:00+08:00,0.13246579468250275,0.13246579468250275,0.13246579468250275,0.13246579468250275,0,0.0,0.0,0.0
2012-01-12 00:00:00+08:00,0.13246579468250275,0.13246579468250275,0.13246579468250275,0.13246579468250275,0,0.0,0.0,0.0
2012-01-13 00:00:00+08:00,0.13246579468250275,0.13246579468250275,0.13246579468250275,0.13246579468250275,1000,0.0,0.0,0.0
2012-01-16 00:00:00+08:00,0.13246579468250275,0.13246579468250275,0.13246579468250275,0.13246579468250275,0,0.0,0.0,0.0
2012-01-17 00:00:00+08:00,0.13246579468250275,0.13246579468250275,0.13246579468250275,0.13246579468250275,0,0.0,0.0,0.0
2012-01-18 00:00:00+08:00,0.14649158716201782,0.14649158716201782,0.14649158716201782,0.14649158716201782,2000,0.0,0.0,0.0
2012-01-19 00:00:00+08:00,0.14649159464337197,0.14649159464337197,0.10753106514129589,0.12311528623104095,340000,0.0,0.0,0.0
2012-01-20 00:00:00+08:00,0.14649158716201782,0.14649158716201782,0.14649158716201782,0.14649158716201782,1000,0.0,0.0,0.0
2012-01-25 00:00:00+08:00,0.13090738325049875,0.14415396749973297,0.13090738325049875,0.14415396749973297,61000,0.0,0.0,0.0
2012-01-26 00:00:00+08:00,0.14415396749973297,0.14415396749973297,0.14415396749973297,0.14415396749973297,0,0.0,0.0,0.0
2012-01-27 00:00:00+08:00,0.14415396749973297,0.14415396749973297,0.14415396749973297,0.14415396749973297,0,0.0,0.0,0.0
2012-01-30 00:00:00+08:00,0.14415396749973297,0.14415396749973297,0.14415396749973297,0.14415396749973297,0,0.0,0.0,0.0
2012-01-31 00:00:00+08:00,0.14415396749973297,0.14415396749973297,0.14415396749973297,0.14415396749973297,0,0.0,0.0,0.0
2012-02-01 00:00:00+08:00,0.14415396749973297,0.14415396749973297,0.14415396749973297,0.14415396749973297,0,0.0,0.0,0.0
2012-02-02 00:00:00+08:00,0.14415396749973297,0.14415396749973297,0.14415396749973297,0.14415396749973297,0,0.0,0.0,0.0
2012-02-03 00:00:00+08:00,0.14415396749973297,0.14415396749973297,0.14415396749973297,0.14415396749973297,0,0.0,0.0,0.0
2012-02-06 00:00:00+08:00,0.12856975824902062,0.14415396749973297,0.12856975824902062,0.14415396749973297,64000,0.0,0.0,0.0
2012-02-07 00:00:00+08:00,0.14415396749973297,0.14415396749973297,0.14415396749973297,0.14415396749973297,0,0.0,0.0,0.0
2012-02-08 00:00:00+08:00,0.14415396749973297,0.14415396749973297,0.14415396749973297,0.14415396749973297,0,0.0,0.0,0.0
2012-02-09 00:00:00+08:00,0.14415396749973297,0.14415396749973297,0.14415396749973297,0.14415396749973297,0,0.0,0.0,0.0
2012-02-10 00:00:00+08:00,0.14415396749973297,0.14415396749973297,0.14415396749973297,0.14415396749973297,0,0.0,0.0,0.0
2012-02-13 00:00:00+08:00,0.14415396749973297,0.14415396749973297,0.14415396749973297,0.14415396749973297,0,0.0,0.0,0.0
2012-02-14 00:00:00+08:00,0.14415396749973297,0.14415396749973297,0.14415396749973297,0.14415396749973297,0,0.0,0.0,0.0
2012-02-15 00:00:00+08:00,0.14415396749973297,0.14415396749973297,0.14415396749973297,0.14415396749973297,0,0.0,0.0,0.0
2012-02-16 00:00:00+08:00,0.14415396749973297,0.14415396749973297,0.14415396749973297,0.14415396749973297,0,0.0,0.0,0.0
2012-02-17 00:00:00+08:00,0.14415396749973297,0.14415396749973297,0.14415396749973297,0.14415396749973297,0,0.0,0.0,0.0
2012-02-20 00:00:00+08:00,0.14415396749973297,0.14415396749973297,0.14415396749973297,0.14415396749973297,0,0.0,0.0,0.0
2012-02-21 00:00:00+08:00,0.14415396749973297,0.14415396749973297,0.14415396749973297,0.14415396749973297,0,0.0,0.0,0.0
2012-02-22 00:00:00+08:00,0.14415396749973297,0.14415396749973297,0.14415396749973297,0.14415396749973297,0,0.0,0.0,0.0
2012-02-23 00:00:00+08:00,0.14415396749973297,0.14415396749973297,0.14415396749973297,0.14415396749973297,0,0.0,0.0,0.0
2012-02-24 00:00:00+08:00,0.14415396749973297,0.14415396749973297,0.14415396749973297,0.14415396749973297,0,0.0,0.0,0.0
2012-02-27 00:00:00+08:00,0.14415396749973297,0.14415396749973297,0.14415396749973297,0.14415396749973297,0,0.0,0.0,0.0
2012-02-28 00:00:00+08:00,0.14415396749973297,0.14415396749973297,0.14415396749973297,0.14415396749973297,0,0.0,0.0,0.0
2012-02-29 00:00:00+08:00,0.14415396749973297,0.14415396749973297,0.14415396749973297,0.14415396749973297,0,0.0,0.0,0.0
2012-03-01 00:00:00+08:00,0.14415396749973297,0.14415396749973297,0.14415396749973297,0.14415396749973297,0,0.0,0.0,0.0
2012-03-02 00:00:00+08:00,0.13324501986312,0.14415396749973297,0.13324501986312,0.14415396749973297,18000,0.0,0.0,0.0
2012-03-05 00:00:00+08:00,0.15584209561347961,0.15584209561347961,0.15584209561347961,0.15584209561347961,25000,0.0,0.0,0.0
2012-03-06 00:00:00+08:00,0.15584209561347961,0.15973814423019586,0.15584209561347961,0.15584209561347961,204000,0.0,0.0,0.0
2012-03-07 00:00:00+08:00,0.15584209561347961,0.15584209561347961,0.15194603538562262,0.15584209561347961,37000,0.0,0.0,0.0
2012-03-08 00:00:00+08:00,0.15584209561347961,0.15584209561347961,0.15584209561347961,0.15584209561347961,57000,0.0,0.0,0.0
2012-03-09 00:00:00+08:00,0.15973816812038422,0.15973816812038422,0.15973816812038422,0.15973816812038422,50000,0.0,0.0,0.0
2012-03-12 00:00:00+08:00,0.15584209561347961,0.15584209561347961,0.15584209561347961,0.15584209561347961,7000,0.0,0.0,0.0
2012-03-13 00:00:00+08:00,0.15584209561347961,0.15584209561347961,0.15584209561347961,0.15584209561347961,0,0.0,0.0,0.0
2012-03-14 00:00:00+08:00,0.1714263326522401,0.1714263326522401,0.16753028333187103,0.16753028333187103,155000,0.0,0.0,0.0
2012-03-15 00:00:00+08:00,0.1636342072827864,0.17921842634677887,0.1636342072827864,0.17921842634677887,313000,0.0,0.0,0.0
2012-03-16 00:00:00+08:00,0.18311449885368347,0.18311449885368347,0.17532238831970892,0.18311449885368347,454000,0.0,0.0,0.0
2012-03-19 00:00:00+08:00,0.18311449885368347,0.18311449885368347,0.18311449885368347,0.18311449885368347,0,0.0,0.0,0.0
2012-03-20 00:00:00+08:00,0.18311449885368347,0.18311449885368347,0.18311449885368347,0.18311449885368347,0,0.0,0.0,0.0
2012-03-21 00:00:00+08:00,0.18311449885368347,0.18311449885368347,0.18311449885368347,0.18311449885368347,0,0.0,0.0,0.0
2012-03-22 00:00:00+08:00,0.18311449885368347,0.18311449885368347,0.18311449885368347,0.18311449885368347,0,0.0,0.0,0.0
2012-03-23 00:00:00+08:00,0.1675302768664428,0.17142632603645325,0.1675302768664428,0.17142632603645325,157000,0.0,0.0,0.0
2012-03-26 00:00:00+08:00,0.17142632603645325,0.17142632603645325,0.17142632603645325,0.17142632603645325,0,0.0,0.0,0.0
2012-03-27 00:00:00+08:00,0.17142632603645325,0.17142632603645325,0.17142632603645325,0.17142632603645325,0,0.0,0.0,0.0
2012-03-28 00:00:00+08:00,0.17142632603645325,0.17142632603645325,0.17142632603645325,0.17142632603645325,0,0.0,0.0,0.0
2012-03-29 00:00:00+08:00,0.17142632603645325,0.17142632603645325,0.17142632603645325,0.17142632603645325,0,0.0,0.0,0.0
2012-03-30 00:00:00+08:00,0.17142632603645325,0.17142632603645325,0.17142632603645325,0.17142632603645325,0,0.0,0.0,0.0
2012-04-02 00:00:00+08:00,0.17142632603645325,0.17142632603645325,0.17142632603645325,0.17142632603645325,0,0.0,0.0,0.0
2012-04-03 00:00:00+08:00,0.15584209561347961,0.15584209561347961,0.15584209561347961,0.15584209561347961,9000,0.0,0.0,0.0
2012-04-04 00:00:00+08:00,0.18701052426763332,0.18701052426763332,0.17921842634677887,0.17921842634677887,13000,0.0,0.0,0.0
2012-04-05 00:00:00+08:00,0.17921842634677887,0.17921842634677887,0.17921842634677887,0.17921842634677887,0,0.0,0.0,0.0
2012-04-09 00:00:00+08:00,0.17921842634677887,0.17921842634677887,0.17921842634677887,0.17921842634677887,0,0.0,0.0,0.0
2012-04-10 00:00:00+08:00,0.17921842634677887,0.17921842634677887,0.17921842634677887,0.17921842634677887,0,0.0,0.0,0.0
2012-04-11 00:00:00+08:00,0.17921842634677887,0.17921842634677887,0.17921842634677887,0.17921842634677887,0,0.0,0.0,0.0
2012-04-12 00:00:00+08:00,0.17921842634677887,0.17921842634677887,0.17921842634677887,0.17921842634677887,0,0.0,0.0,0.0
2012-04-13 00:00:00+08:00,0.17921842634677887,0.17921842634677887,0.17921842634677887,0.17921842634677887,0,0.0,0.0,0.0
2012-04-16 00:00:00+08:00,0.17532238831970892,0.18311449885368347,0.17532238831970892,0.18311449885368347,343000,0.0,0.0,0.0
2012-04-17 00:00:00+08:00,0.18311449885368347,0.18311449885368347,0.18311449885368347,0.18311449885368347,0,0.0,0.0,0.0
2012-04-18 00:00:00+08:00,0.18311449885368347,0.18311449885368347,0.18311449885368347,0.18311449885368347,0,0.0,0.0,0.0
2012-04-19 00:00:00+08:00,0.190906592746785,0.1948026418685913,0.190906592746785,0.1948026418685913,25000,0.0,0.0,0.0
2012-04-20 00:00:00+08:00,0.1948026418685913,0.1948026418685913,0.1948026418685913,0.1948026418685913,0,0.0,0.0,0.0
2012-04-23 00:00:00+08:00,0.17532237303727527,0.1948026418685913,0.17532237303727527,0.1948026418685913,34000,0.0,0.0,0.0
2012-04-24 00:00:00+08:00,0.1948026418685913,0.1948026418685913,0.1948026418685913,0.1948026418685913,0,0.0,0.0,0.0
2012-04-25 00:00:00+08:00,0.1948026418685913,0.1948026418685913,0.1948026418685913,0.1948026418685913,0,0.0,0.0,0.0
2012-04-26 00:00:00+08:00,0.1948026418685913,0.1948026418685913,0.1948026418685913,0.1948026418685913,0,0.0,0.0,0.0
2012-04-27 00:00:00+08:00,0.1948026418685913,0.1948026418685913,0.1948026418685913,0.1948026418685913,0,0.0,0.0,0.0
2012-04-30 00:00:00+08:00,0.1948026418685913,0.1948026418685913,0.1948026418685913,0.1948026418685913,0,0.0,0.0,0.0
2012-05-02 00:00:00+08:00,0.1948026418685913,0.1948026418685913,0.1948026418685913,0.1948026418685913,0,0.0,0.0,0.0
2012-05-03 00:00:00+08:00,0.1948026418685913,0.1948026418685913,0.1948026418685913,0.1948026418685913,0,0.0,0.0,0.0
2012-05-04 00:00:00+08:00,0.1948026418685913,0.1948026418685913,0.1948026418685913,0.1948026418685913,0,0.0,0.0,0.0
2012-05-07 00:00:00+08:00,0.1948026418685913,0.1948026418685913,0.1948026418685913,0.1948026418685913,0,0.0,0.0,0.0
2012-05-08 00:00:00+08:00,0.1948026418685913,0.1948026418685913,0.1948026418685913,0.1948026418685913,0,0.0,0.0,0.0
2012-05-09 00:00:00+08:00,0.1948026418685913,0.1948026418685913,0.1948026418685913,0.1948026418685913,0,0.0,0.0,0.0
2012-05-10 00:00:00+08:00,0.17142632603645325,0.17142632603645325,0.17142632603645325,0.17142632603645325,1000,0.0,0.0,0.0
2012-05-11 00:00:00+08:00,0.17142632603645325,0.17142632603645325,0.17142632603645325,0.17142632603645325,0,0.0,0.0,0.0
2012-05-14 00:00:00+08:00,0.17142632603645325,0.17142632603645325,0.17142632603645325,0.17142632603645325,0,0.0,0.0,0.0
2012-05-15 00:00:00+08:00,0.17142632603645325,0.17142632603645325,0.17142632603645325,0.17142632603645325,0,0.0,0.0,0.0
2012-05-16 00:00:00+08:00,0.17142632603645325,0.17142632603645325,0.17142632603645325,0.17142632603645325,0,0.0,0.0,0.0
2012-05-17 00:00:00+08:00,0.17142632603645325,0.17142632603645325,0.17142632603645325,0.17142632603645325,0,0.0,0.0,0.0
2012-05-18 00:00:00+08:00,0.17921842634677887,0.17921842634677887,0.17921842634677887,0.17921842634677887,35000,0.0,0.0,0.0
2012-05-21 00:00:00+08:00,0.18701054155826569,0.18701054155826569,0.18701054155826569,0.18701054155826569,10000,0.0,0.0,0.0
2012-05-22 00:00:00+08:00,0.18701054155826569,0.18701054155826569,0.18701054155826569,0.18701054155826569,90000,0.0,0.0,0.0
2012-05-23 00:00:00+08:00,0.18701054155826569,0.18701054155826569,0.18701054155826569,0.18701054155826569,0,0.0,0.0,0.0
2012-05-24 00:00:00+08:00,0.18701054155826569,0.18701054155826569,0.18701054155826569,0.18701054155826569,20000,0.0,0.0,0.0
2012-05-25 00:00:00+08:00,0.18701054155826569,0.18701054155826569,0.18701054155826569,0.18701054155826569,0,0.0,0.0,0.0
2012-05-28 00:00:00+08:00,0.18701054155826569,0.18701054155826569,0.18701054155826569,0.18701054155826569,0,0.0,0.0,0.0
2012-05-29 00:00:00+08:00,0.18701054155826569,0.18701054155826569,0.18701054155826569,0.18701054155826569,0,0.0,0.0,0.0
2012-05-30 00:00:00+08:00,0.1948026418685913,0.1948026418685913,0.1948026418685913,0.1948026418685913,4000,0.0,0.0,0.0
2012-05-31 00:00:00+08:00,0.1948026418685913,0.1948026418685913,0.1948026418685913,0.1948026418685913,0,0.0,0.0,0.0
2012-06-01 00:00:00+08:00,0.1948026418685913,0.1948026418685913,0.1948026418685913,0.1948026418685913,0,0.0,0.0,0.0
2012-06-04 00:00:00+08:00,0.1948026418685913,0.1948026418685913,0.1948026418685913,0.1948026418685913,0,0.0,0.0,0.0
2012-06-05 00:00:00+08:00,0.1948026418685913,0.1948026418685913,0.1948026418685913,0.1948026418685913,0,0.0,0.0,0.0
2012-06-06 00:00:00+08:00,0.20291940867900848,0.20291940867900848,0.20291940867900848,0.20291940867900848,0,0.01,0.0,0.0
2012-06-07 00:00:00+08:00,0.20291940867900848,0.20291940867900848,0.20291940867900848,0.20291940867900848,0,0.0,0.0,0.0
2012-06-08 00:00:00+08:00,0.20291940867900848,0.20291940867900848,0.20291940867900848,0.20291940867900848,0,0.0,0.0,0.0
2012-06-11 00:00:00+08:00,0.20291940867900848,0.20291940867900848,0.20291940867900848,0.20291940867900848,0,0.0,0.0,0.0
2012-06-12 00:00:00+08:00,0.15421875965783563,0.1948026418685913,0.15421875965783563,0.1948026418685913,4000,0.0,0.0,0.0
2012-06-13 00:00:00+08:00,0.1948026418685913,0.1948026418685913,0.1948026418685913,0.1948026418685913,0,0.0,0.0,0.0
2012-06-14 00:00:00+08:00,0.1948026341448131,0.20697779953479767,0.18668586528144987,0.20697779953479767,450000,0.0,0.0,0.0
2012-06-15 00:00:00+08:00,0.1948026418685913,0.1948026418685913,0.1948026418685913,0.1948026418685913,80000,0.0,0.0,0.0
2012-06-18 00:00:00+08:00,0.1948026418685913,0.1948026418685913,0.1948026418685913,0.1948026418685913,0,0.0,0.0,0.0
2012-06-19 00:00:00+08:00,0.1948026418685913,0.1948026418685913,0.1948026418685913,0.1948026418685913,0,0.0,0.0,0.0
2012-06-20 00:00:00+08:00,0.1948026418685913,0.1948026418685913,0.1948026418685913,0.1948026418685913,0,0.0,0.0,0.0
2012-06-21 00:00:00+08:00,0.1948026418685913,0.1948026418685913,0.1948026418685913,0.1948026418685913,0,0.0,0.0,0.0
2012-06-22 00:00:00+08:00,0.1948026418685913,0.1948026418685913,0.1948026418685913,0.1948026418685913,0,0.0,0.0,0.0
2012-06-25 00:00:00+08:00,0.1948026418685913,0.1948026418685913,0.1948026418685913,0.1948026418685913,0,0.0,0.0,0.0
2012-06-26 00:00:00+08:00,0.1948026418685913,0.1948026418685913,0.1948026418685913,0.1948026418685913,0,0.0,0.0,0.0
2012-06-27 00:00:00+08:00,0.1948026418685913,0.1948026418685913,0.1948026418685913,0.1948026418685913,30000,0.0,0.0,0.0
2012-06-28 00:00:00+08:00,0.1948026418685913,0.1948026418685913,0.1948026418685913,0.1948026418685913,71000,0.0,0.0,0.0
2012-06-29 00:00:00+08:00,0.1948026418685913,0.1948026418685913,0.1948026418685913,0.1948026418685913,40000,0.0,0.0,0.0
2012-07-02 00:00:00+08:00,0.1948026418685913,0.1948026418685913,0.1948026418685913,0.1948026418685913,0,0.0,0.0,0.0
2012-07-03 00:00:00+08:00,0.1948026418685913,0.1948026418685913,0.1948026418685913,0.1948026418685913,0,0.0,0.0,0.0
2012-07-04 00:00:00+08:00,0.1948026418685913,0.1948026418685913,0.1948026418685913,0.1948026418685913,0,0.0,0.0,0.0
2012-07-05 00:00:00+08:00,0.1948026418685913,0.1948026418685913,0.1948026418685913,0.1948026418685913,0,0.0,0.0,0.0
2012-07-06 00:00:00+08:00,0.1948026418685913,0.1948026418685913,0.1948026418685913,0.1948026418685913,0,0.0,0.0,0.0
2012-07-09 00:00:00+08:00,0.1948026418685913,0.1948026418685913,0.1948026418685913,0.1948026418685913,0,0.0,0.0,0.0
2012-07-10 00:00:00+08:00,0.1948026418685913,0.1948026418685913,0.1948026418685913,0.1948026418685913,0,0.0,0.0,0.0
2012-07-11 00:00:00+08:00,0.19480265382967688,0.21103620529174805,0.19480265382967688,0.21103620529174805,60000,0.0,0.0,0.0
2012-07-12 00:00:00+08:00,0.21103620529174805,0.21103620529174805,0.21103620529174805,0.21103620529174805,0,0.0,0.0,0.0
2012-07-13 00:00:00+08:00,0.21103620529174805,0.21103620529174805,0.21103620529174805,0.21103620529174805,0,0.0,0.0,0.0
2012-07-16 00:00:00+08:00,0.21103620529174805,0.21103620529174805,0.21103620529174805,0.21103620529174805,0,0.0,0.0,0.0
2012-07-17 00:00:00+08:00,0.21103620529174805,0.21103620529174805,0.21103620529174805,0.21103620529174805,0,0.0,0.0,0.0
2012-07-18 00:00:00+08:00,0.21103620529174805,0.21103620529174805,0.21103620529174805,0.21103620529174805,0,0.0,0.0,0.0
2012-07-19 00:00:00+08:00,0.1948026418685913,0.1948026418685913,0.1948026418685913,0.1948026418685913,75000,0.0,0.0,0.0
2012-07-20 00:00:00+08:00,0.1948026418685913,0.1948026418685913,0.1948026418685913,0.1948026418685913,0,0.0,0.0,0.0
2012-07-23 00:00:00+08:00,0.1948026418685913,0.2029194231487185,0.1948026418685913,0.1948026418685913,441000,0.0,0.0,0.0
2012-07-24 00:00:00+08:00,0.1948026418685913,0.1948026418685913,0.1948026418685913,0.1948026418685913,0,0.0,0.0,0.0
2012-07-25 00:00:00+08:00,0.1948026418685913,0.1948026418685913,0.1948026418685913,0.1948026418685913,0,0.0,0.0,0.0
2012-07-26 00:00:00+08:00,0.1948026418685913,0.1948026418685913,0.1948026418685913,0.1948026418685913,0,0.0,0.0,0.0
2012-07-27 00:00:00+08:00,0.1948026418685913,0.1948026418685913,0.1948026418685913,0.1948026418685913,0,0.0,0.0,0.0
2012-07-30 00:00:00+08:00,0.1948026418685913,0.1948026418685913,0.1948026418685913,0.1948026418685913,100000,0.0,0.0,0.0
2012-07-31 00:00:00+08:00,0.1948026418685913,0.1948026418685913,0.1948026418685913,0.1948026418685913,0,0.0,0.0,0.0
2012-08-01 00:00:00+08:00,0.1948026418685913,0.1948026418685913,0.1948026418685913,0.1948026418685913,0,0.0,0.0,0.0
2012-08-02 00:00:00+08:00,0.20697779953479767,0.20697779953479767,0.1948026341448131,0.20697779953479767,76000,0.0,0.0,0.0
2012-08-03 00:00:00+08:00,0.20697779953479767,0.20697779953479767,0.20697779953479767,0.20697779953479767,0,0.0,0.0,0.0
2012-08-06 00:00:00+08:00,0.20697779953479767,0.20697779953479767,0.20697779953479767,0.20697779953479767,0,0.0,0.0,0.0
2012-08-07 00:00:00+08:00,0.20697779953479767,0.20697779953479767,0.20697779953479767,0.20697779953479767,0,0.0,0.0,0.0
2012-08-08 00:00:00+08:00,0.20291940867900848,0.20291940867900848,0.20291940867900848,0.20291940867900848,40000,0.0,0.0,0.0
2012-08-10 00:00:00+08:00,0.20291941510311604,0.20697779953479767,0.20291941510311604,0.20697779953479767,80000,0.0,0.0,0.0
2012-08-13 00:00:00+08:00,0.20697779953479767,0.20697779953479767,0.20697779953479767,0.20697779953479767,0,0.0,0.0,0.0
2012-08-14 00:00:00+08:00,0.20291940867900848,0.20291940867900848,0.20291940867900848,0.20291940867900848,160000,0.0,0.0,0.0
2012-08-15 00:00:00+08:00,0.20291940867900848,0.20291940867900848,0.20291940867900848,0.20291940867900848,0,0.0,0.0,0.0
2012-08-16 00:00:00+08:00,0.20291940867900848,0.20291940867900848,0.20291940867900848,0.20291940867900848,50000,0.0,0.0,0.0
2012-08-17 00:00:00+08:00,0.20291940867900848,0.20291940867900848,0.20291940867900848,0.20291940867900848,80000,0.0,0.0,0.0
2012-08-21 00:00:00+08:00,0.20291940867900848,0.20291940867900848,0.20291940867900848,0.20291940867900848,0,0.0,0.0,0.0
2012-08-22 00:00:00+08:00,0.2029194356081829,0.21103620529174805,0.2029194356081829,0.21103620529174805,50000,0.0,0.0,0.0
2012-08-23 00:00:00+08:00,0.20697780896375698,0.21915298700332642,0.20697780896375698,0.21915298700332642,30000,0.0,0.0,0.0
2012-08-24 00:00:00+08:00,0.21915298700332642,0.21915298700332642,0.21915298700332642,0.21915298700332642,75000,0.0,0.0,0.0
2012-08-27 00:00:00+08:00,0.21915298700332642,0.21915298700332642,0.21915298700332642,0.21915298700332642,0,0.0,0.0,0.0
2012-08-28 00:00:00+08:00,0.21103620529174805,0.21103620529174805,0.21103620529174805,0.21103620529174805,1000,0.0,0.0,0.0
2012-08-29 00:00:00+08:00,0.21103620529174805,0.21103620529174805,0.21103620529174805,0.21103620529174805,0,0.0,0.0,0.0
2012-08-30 00:00:00+08:00,0.21103620529174805,0.21103620529174805,0.21103620529174805,0.21103620529174805,0,0.0,0.0,0.0
2012-08-31 00:00:00+08:00,0.21103620529174805,0.21103620529174805,0.21103620529174805,0.21103620529174805,0,0.0,0.0,0.0
2012-09-03 00:00:00+08:00,0.21103620529174805,0.21103620529174805,0.21103620529174805,0.21103620529174805,0,0.0,0.0,0.0
2012-09-04 00:00:00+08:00,0.21517416834831238,0.21517416834831238,0.21517416834831238,0.21517416834831238,0,0.005,0.0,0.0
2012-09-05 00:00:00+08:00,0.21517416834831238,0.21517416834831238,0.21517416834831238,0.21517416834831238,0,0.0,0.0,0.0
2012-09-06 00:00:00+08:00,0.21517416834831238,0.21517416834831238,0.21517416834831238,0.21517416834831238,0,0.0,0.0,0.0
2012-09-07 00:00:00+08:00,0.21517416834831238,0.21517416834831238,0.21517416834831238,0.21517416834831238,0,0.0,0.0,0.0
2012-09-10 00:00:00+08:00,0.21517416834831238,0.21517416834831238,0.21517416834831238,0.21517416834831238,0,0.0,0.0,0.0
2012-09-11 00:00:00+08:00,0.21103619246423128,0.2317260205745697,0.21103619246423128,0.2317260205745697,64000,0.0,0.0,0.0
2012-09-12 00:00:00+08:00,0.22345010936260223,0.22345010936260223,0.22345010936260223,0.22345010936260223,91000,0.0,0.0,0.0
2012-09-13 00:00:00+08:00,0.22345010936260223,0.22345010936260223,0.22345010936260223,0.22345010936260223,0,0.0,0.0,0.0
2012-09-14 00:00:00+08:00,0.22345010936260223,0.22345010936260223,0.22345010936260223,0.22345010936260223,0,0.0,0.0,0.0
2012-09-17 00:00:00+08:00,0.21517416294341465,0.23172603111759746,0.21517416294341465,0.22345010936260223,260000,0.0,0.0,0.0
2012-09-18 00:00:00+08:00,0.22345010936260223,0.22345010936260223,0.22345010936260223,0.22345010936260223,0,0.0,0.0,0.0
2012-09-19 00:00:00+08:00,0.22345010936260223,0.22345010936260223,0.22345010936260223,0.22345010936260223,0,0.0,0.0,0.0
2012-09-20 00:00:00+08:00,0.22345010936260223,0.22345010936260223,0.22345010936260223,0.22345010936260223,0,0.0,0.0,0.0
2012-09-21 00:00:00+08:00,0.22345010936260223,0.22345010936260223,0.22345010936260223,0.22345010936260223,0,0.0,0.0,0.0
2012-09-24 00:00:00+08:00,0.22345010936260223,0.22345010936260223,0.22345010936260223,0.22345010936260223,0,0.0,0.0,0.0
2012-09-25 00:00:00+08:00,0.22345010936260223,0.22345010936260223,0.22345010936260223,0.22345010936260223,0,0.0,0.0,0.0
2012-09-26 00:00:00+08:00,0.22345010936260223,0.22345010936260223,0.22345010936260223,0.22345010936260223,0,0.0,0.0,0.0
2012-09-27 00:00:00+08:00,0.23172602290037245,0.26482973341065663,0.23172602290037245,0.23586398363113403,260000,0.0,0.0,0.0
2012-09-28 00:00:00+08:00,0.23586401520532646,0.24827792372360405,0.23586401520532646,0.24000197649002075,490000,0.0,0.0,0.0
2012-10-01 00:00:00+08:00,0.2400019600472884,0.26482975071867637,0.2400019600472884,0.2565538287162781,290000,0.0,0.0,0.0
2012-10-02 00:00:00+08:00,0.24827788770198822,0.24827788770198822,0.24827788770198822,0.24827788770198822,130000,0.0,0.0,0.0
2012-10-03 00:00:00+08:00,0.2441399246454239,0.2441399246454239,0.2441399246454239,0.2441399246454239,51000,0.0,0.0,0.0
2012-10-04 00:00:00+08:00,0.2441399246454239,0.2441399246454239,0.2441399246454239,0.2441399246454239,0,0.0,0.0,0.0
2012-10-05 00:00:00+08:00,0.2441399246454239,0.2441399246454239,0.2441399246454239,0.2441399246454239,0,0.0,0.0,0.0
2012-10-08 00:00:00+08:00,0.2441399246454239,0.2441399246454239,0.2441399246454239,0.2441399246454239,0,0.0,0.0,0.0
2012-10-09 00:00:00+08:00,0.2441399246454239,0.2441399246454239,0.2441399246454239,0.2441399246454239,0,0.0,0.0,0.0
2012-10-10 00:00:00+08:00,0.2441399246454239,0.2441399246454239,0.2441399246454239,0.2441399246454239,0,0.0,0.0,0.0
2012-10-11 00:00:00+08:00,0.2193121160438962,0.2482778904876103,0.2193121160438962,0.23586398363113403,31000,0.0,0.0,0.0
2012-10-12 00:00:00+08:00,0.23586398363113403,0.23586398363113403,0.23586398363113403,0.23586398363113403,10000,0.0,0.0,0.0
2012-10-15 00:00:00+08:00,0.23586398363113403,0.23586398363113403,0.23586398363113403,0.23586398363113403,0,0.0,0.0,0.0
2012-10-16 00:00:00+08:00,0.23586398363113403,0.23586398363113403,0.23586398363113403,0.23586398363113403,0,0.0,0.0,0.0
2012-10-17 00:00:00+08:00,0.23586398363113403,0.23586398363113403,0.23586398363113403,0.23586398363113403,0,0.0,0.0,0.0
2012-10-18 00:00:00+08:00,0.23586398363113403,0.23586398363113403,0.23586398363113403,0.23586398363113403,0,0.0,0.0,0.0
2012-10-19 00:00:00+08:00,0.23586398363113403,0.23586398363113403,0.23586398363113403,0.23586398363113403,0,0.0,0.0,0.0
2012-10-22 00:00:00+08:00,0.23586398363113403,0.23586398363113403,0.23586398363113403,0.23586398363113403,0,0.0,0.0,0.0
2012-10-23 00:00:00+08:00,0.23586398363113403,0.23586398363113403,0.23586398363113403,0.23586398363113403,0,0.0,0.0,0.0
2012-10-24 00:00:00+08:00,0.23586398363113403,0.23586398363113403,0.23586398363113403,0.23586398363113403,0,0.0,0.0,0.0
2012-10-25 00:00:00+08:00,0.23586398363113403,0.23586398363113403,0.23586398363113403,0.23586398363113403,0,0.0,0.0,0.0
2012-10-29 00:00:00+08:00,0.23586398363113403,0.23586398363113403,0.23586398363113403,0.23586398363113403,0,0.0,0.0,0.0
2012-10-30 00:00:00+08:00,0.23586398363113403,0.23586398363113403,0.23586398363113403,0.23586398363113403,0,0.0,0.0,0.0
2012-10-31 00:00:00+08:00,0.23586398363113403,0.23586398363113403,0.23586398363113403,0.23586398363113403,0,0.0,0.0,0.0
2012-11-01 00:00:00+08:00,0.23586398363113403,0.23586398363113403,0.23586398363113403,0.23586398363113403,0,0.0,0.0,0.0
2012-11-02 00:00:00+08:00,0.21517416834831238,0.21517416834831238,0.21517416834831238,0.21517416834831238,1000,0.0,0.0,0.0
2012-11-05 00:00:00+08:00,0.2317260205745697,0.2317260205745697,0.2317260205745697,0.2317260205745697,16000,0.0,0.0,0.0
2012-11-06 00:00:00+08:00,0.2317260205745697,0.2317260205745697,0.2317260205745697,0.2317260205745697,0,0.0,0.0,0.0
2012-11-07 00:00:00+08:00,0.2317260205745697,0.2317260205745697,0.2317260205745697,0.2317260205745697,0,0.0,0.0,0.0
2012-11-08 00:00:00+08:00,0.2565538462929926,0.2565538462929926,0.24000197649002075,0.24000197649002075,44000,0.0,0.0,0.0
2012-11-09 00:00:00+08:00,0.24000197649002075,0.24000197649002075,0.24000197649002075,0.24000197649002075,0,0.0,0.0,0.0
2012-11-12 00:00:00+08:00,0.24000197649002075,0.24000197649002075,0.24000197649002075,0.24000197649002075,0,0.0,0.0,0.0
2012-11-14 00:00:00+08:00,0.21103622283296605,0.24000197649002075,0.21103622283296605,0.24000197649002075,30000,0.0,0.0,0.0
2012-11-15 00:00:00+08:00,0.24000197649002075,0.24000197649002075,0.24000197649002075,0.24000197649002075,0,0.0,0.0,0.0
2012-11-16 00:00:00+08:00,0.24000197649002075,0.24000197649002075,0.24000197649002075,0.24000197649002075,20000,0.0,0.0,0.0
2012-11-19 00:00:00+08:00,0.23172601816419242,0.23172601816419242,0.22758805751800537,0.22758805751800537,104000,0.0,0.0,0.0
2012-11-20 00:00:00+08:00,0.22758805751800537,0.22758805751800537,0.22758805751800537,0.22758805751800537,0,0.0,0.0,0.0
2012-11-21 00:00:00+08:00,0.22758805988534025,0.2317260205745697,0.22758805988534025,0.2317260205745697,186000,0.0,0.0,0.0
2012-11-22 00:00:00+08:00,0.2317260203004586,0.24827788770198822,0.2317260203004586,0.24827788770198822,140000,0.0,0.0,0.0
2012-11-23 00:00:00+08:00,0.2317260539206322,0.24000197649002075,0.2317260539206322,0.24000197649002075,200000,0.0,0.0,0.0
2012-11-26 00:00:00+08:00,0.24000197649002075,0.24000197649002075,0.24000197649002075,0.24000197649002075,50000,0.0,0.0,0.0
2012-11-27 00:00:00+08:00,0.24000197649002075,0.24000197649002075,0.24000197649002075,0.24000197649002075,0,0.0,0.0,0.0
2012-11-28 00:00:00+08:00,0.24000197649002075,0.24000197649002075,0.24000197649002075,0.24000197649002075,0,0.0,0.0,0.0
2012-11-29 00:00:00+08:00,0.24000197649002075,0.24000197649002075,0.24000197649002075,0.24000197649002075,0,0.0,0.0,0.0
2012-11-30 00:00:00+08:00,0.24000197649002075,0.24000197649002075,0.24000197649002075,0.24000197649002075,0,0.0,0.0,0.0
2012-12-03 00:00:00+08:00,0.2565538287162781,0.2565538287162781,0.2565538287162781,0.2565538287162781,1000,0.0,0.0,0.0
2012-12-04 00:00:00+08:00,0.2565538287162781,0.2565538287162781,0.2565538287162781,0.2565538287162781,0,0.0,0.0,0.0
2012-12-05 00:00:00+08:00,0.2565538287162781,0.2565538287162781,0.2565538287162781,0.2565538287162781,0,0.0,0.0,0.0
2012-12-06 00:00:00+08:00,0.2565538287162781,0.2565538287162781,0.2565538287162781,0.2565538287162781,0,0.0,0.0,0.0
2012-12-07 00:00:00+08:00,0.2565538287162781,0.2565538287162781,0.2565538287162781,0.2565538287162781,0,0.0,0.0,0.0
2012-12-10 00:00:00+08:00,0.2565538287162781,0.2565538287162781,0.2565538287162781,0.2565538287162781,0,0.0,0.0,0.0
2012-12-11 00:00:00+08:00,0.215174152898929,0.24827788770198822,0.215174152898929,0.24827788770198822,2000,0.0,0.0,0.0
2012-12-12 00:00:00+08:00,0.24827788770198822,0.24827788770198822,0.24827788770198822,0.24827788770198822,0,0.0,0.0,0.0
2012-12-13 00:00:00+08:00,0.24827788770198822,0.24827788770198822,0.24827788770198822,0.24827788770198822,0,0.0,0.0,0.0
2012-12-14 00:00:00+08:00,0.24827788770198822,0.24827788770198822,0.24827788770198822,0.24827788770198822,0,0.0,0.0,0.0
2012-12-17 00:00:00+08:00,0.24827788770198822,0.24827788770198822,0.24827788770198822,0.24827788770198822,115000,0.0,0.0,0.0
2012-12-18 00:00:00+08:00,0.24827788770198822,0.24827788770198822,0.24827788770198822,0.24827788770198822,0,0.0,0.0,0.0
2012-12-19 00:00:00+08:00,0.24827788770198822,0.24827788770198822,0.24827788770198822,0.24827788770198822,0,0.0,0.0,0.0
2012-12-20 00:00:00+08:00,0.24827788770198822,0.24827788770198822,0.24827788770198822,0.24827788770198822,0,0.0,0.0,0.0
2012-12-21 00:00:00+08:00,0.24827788770198822,0.24827788770198822,0.24827788770198822,0.24827788770198822,0,0.0,0.0,0.0
2012-12-24 00:00:00+08:00,0.24827788770198822,0.24827788770198822,0.24827788770198822,0.24827788770198822,0,0.0,0.0,0.0
2012-12-26 00:00:00+08:00,0.24827788770198822,0.24827788770198822,0.24827788770198822,0.24827788770198822,0,0.0,0.0,0.0
2012-12-27 00:00:00+08:00,0.25241586771507896,0.2565538287162781,0.25241586771507896,0.2565538287162781,100000,0.0,0.0,0.0
2012-12-28 00:00:00+08:00,0.2565538287162781,0.2565538287162781,0.2565538287162781,0.2565538287162781,134000,0.0,0.0,0.0
2012-12-31 00:00:00+08:00,0.26069176197052,0.26069176197052,0.26069176197052,0.26069176197052,100000,0.0,0.0,0.0
2013-01-02 00:00:00+08:00,0.2565538014097483,0.26482972253129167,0.2565538014097483,0.26069176197052,233000,0.0,0.0,0.0
2013-01-03 00:00:00+08:00,0.25655383459778486,0.26896771788597107,0.25655383459778486,0.26896771788597107,499000,0.0,0.0,0.0
2013-01-04 00:00:00+08:00,0.26896768309206337,0.26896768309206337,0.26069176197052,0.26069176197052,13000,0.0,0.0,0.0
2013-01-07 00:00:00+08:00,0.26069179569384693,0.26896771788597107,0.26069179569384693,0.26896771788597107,80000,0.0,0.0,0.0
2013-01-08 00:00:00+08:00,0.268967715894836,0.268967715894836,0.26482975482940674,0.26482975482940674,120000,0.0,0.0,0.0
2013-01-09 00:00:00+08:00,0.26069178971747725,0.26069178971747725,0.2565538287162781,0.2565538287162781,80000,0.0,0.0,0.0
2013-01-10 00:00:00+08:00,0.2565538014097483,0.26069176197052,0.2565538014097483,0.26069176197052,110000,0.0,0.0,0.0
2013-01-11 00:00:00+08:00,0.26069176197052,0.26069176197052,0.26069176197052,0.26069176197052,0,0.0,0.0,0.0
2013-01-14 00:00:00+08:00,0.26069176197052,0.26069176197052,0.26069176197052,0.26069176197052,30000,0.0,0.0,0.0
2013-01-15 00:00:00+08:00,0.2606917875947231,0.2606917875947231,0.25241586565971375,0.25241586565971375,4000,0.0,0.0,0.0
2013-01-16 00:00:00+08:00,0.26069180246981255,0.27724367194847477,0.26069180246981255,0.2731057107448578,350000,0.0,0.0,0.0
2013-01-17 00:00:00+08:00,0.27724364399909973,0.27724364399909973,0.26069177618905776,0.27724364399909973,213000,0.0,0.0,0.0
2013-01-18 00:00:00+08:00,0.2772436484077034,0.28965753096449093,0.2772436484077034,0.2855195701122284,364000,0.0,0.0,0.0
2013-01-21 00:00:00+08:00,0.28551959811610184,0.28551959811610184,0.25655384464509956,0.28138163685798645,89000,0.0,0.0,0.0
2013-01-22 00:00:00+08:00,0.2606917935582738,0.2606917935582738,0.24000196358325976,0.2441399246454239,525000,0.0,0.0,0.0
2013-01-23 00:00:00+08:00,0.25241584084897667,0.26069176197052,0.25241584084897667,0.26069176197052,385000,0.0,0.0,0.0
2013-01-24 00:00:00+08:00,0.26069176197052,0.26069176197052,0.26069176197052,0.26069176197052,0,0.0,0.0,0.0
2013-01-25 00:00:00+08:00,0.26069176197052,0.26069176197052,0.26069176197052,0.26069176197052,0,0.0,0.0,0.0
2013-01-28 00:00:00+08:00,0.2648297546204379,0.2648297546204379,0.2441399246454239,0.2441399246454239,70000,0.0,0.0,0.0
2013-01-29 00:00:00+08:00,0.2441399246454239,0.2441399246454239,0.2441399246454239,0.2441399246454239,16000,0.0,0.0,0.0
2013-01-30 00:00:00+08:00,0.24827790671387978,0.2565538287162781,0.24827790671387978,0.2565538287162781,38000,0.0,0.0,0.0
2013-01-31 00:00:00+08:00,0.2565538287162781,0.2565538287162781,0.2565538287162781,0.2565538287162781,3000,0.0,0.0,0.0
2013-02-01 00:00:00+08:00,0.2565538287162781,0.2565538287162781,0.2565538287162781,0.2565538287162781,0,0.0,0.0,0.0
2013-02-04 00:00:00+08:00,0.26069176197052,0.26069176197052,0.26069176197052,0.26069176197052,30000,0.0,0.0,0.0
2013-02-05 00:00:00+08:00,0.26069176197052,0.26069176197052,0.2565538014097483,0.26069176197052,140000,0.0,0.0,0.0
2013-02-06 00:00:00+08:00,0.26482975482940674,0.26482975482940674,0.26482975482940674,0.26482975482940674,100000,0.0,0.0,0.0
2013-02-07 00:00:00+08:00,0.26069176197052,0.26069176197052,0.26069176197052,0.26069176197052,10000,0.0,0.0,0.0
2013-02-08 00:00:00+08:00,0.27724366474228884,0.27724366474228884,0.24413992664540501,0.26896771788597107,135000,0.0,0.0,0.0
2013-02-13 00:00:00+08:00,0.268967715894836,0.268967715894836,0.26482975482940674,0.26482975482940674,40000,0.0,0.0,0.0
2013-02-14 00:00:00+08:00,0.24827789382967017,0.27724364399909973,0.24827789382967017,0.27724364399909973,240000,0.0,0.0,0.0
2013-02-15 00:00:00+08:00,0.25241587143394556,0.25241587143394556,0.22758808039676742,0.2441399246454239,2157000,0.0,0.0,0.0
2013-02-18 00:00:00+08:00,0.25241586565971375,0.25241586565971375,0.25241586565971375,0.25241586565971375,153000,0.0,0.0,0.0
2013-02-19 00:00:00+08:00,0.25241586565971375,0.25241586565971375,0.25241586565971375,0.25241586565971375,0,0.0,0.0,0.0
2013-02-20 00:00:00+08:00,0.25241586771507896,0.2565538287162781,0.25241586771507896,0.2565538287162781,500000,0.0,0.0,0.0
2013-02-21 00:00:00+08:00,0.25241586565971375,0.25655382662721843,0.25241586565971375,0.25241586565971375,260000,0.0,0.0,0.0
2013-02-22 00:00:00+08:00,0.2565538287162781,0.2565538287162781,0.2565538287162781,0.2565538287162781,30000,0.0,0.0,0.0
2013-02-25 00:00:00+08:00,0.2606917937639775,0.26482975482940674,0.2606917937639775,0.26482975482940674,85000,0.0,0.0,0.0
2013-02-26 00:00:00+08:00,0.26896769776198287,0.27724364399909973,0.26069177618905776,0.27724364399909973,102000,0.0,0.0,0.0
2013-02-27 00:00:00+08:00,0.2689677284194457,0.28138163685798645,0.2689677284194457,0.28138163685798645,240000,0.0,0.0,0.0
2013-02-28 00:00:00+08:00,0.2731057107448578,0.2731057107448578,0.2689677248770465,0.2731057107448578,280000,0.0,0.0,0.0
2013-03-01 00:00:00+08:00,0.26896769776198287,0.27724364399909973,0.26896769776198287,0.27724364399909973,250000,0.0,0.0,0.0
2013-03-04 00:00:00+08:00,0.26896769776198287,0.27724364399909973,0.26896769776198287,0.27724364399909973,114000,0.0,0.0,0.0
2013-03-05 00:00:00+08:00,0.26896771788597107,0.26896771788597107,0.26896771788597107,0.26896771788597107,80000,0.0,0.0,0.0
2013-03-06 00:00:00+08:00,0.26896771788597107,0.26896771788597107,0.26896771788597107,0.26896771788597107,120000,0.0,0.0,0.0
2013-03-07 00:00:00+08:00,0.26896771788597107,0.26896771788597107,0.26896771788597107,0.26896771788597107,0,0.0,0.0,0.0
2013-03-08 00:00:00+08:00,0.2731057107448578,0.2731057107448578,0.2731057107448578,0.2731057107448578,20000,0.0,0.0,0.0
2013-03-11 00:00:00+08:00,0.268967715894836,0.268967715894836,0.26482975482940674,0.26482975482940674,56000,0.0,0.0,0.0
2013-03-12 00:00:00+08:00,0.26482975482940674,0.26482975482940674,0.26482975482940674,0.26482975482940674,0,0.0,0.0,0.0
2013-03-13 00:00:00+08:00,0.26482975482940674,0.26482975482940674,0.26482975482940674,0.26482975482940674,0,0.0,0.0,0.0
2013-03-14 00:00:00+08:00,0.26482975482940674,0.26482975482940674,0.26482975482940674,0.26482975482940674,189000,0.0,0.0,0.0
2013-03-15 00:00:00+08:00,0.26482972253129167,0.26482972253129167,0.26069176197052,0.26069176197052,160000,0.0,0.0,0.0
2013-03-18 00:00:00+08:00,0.2606917937639775,0.26482975482940674,0.25655383269854826,0.26482975482940674,111000,0.0,0.0,0.0
2013-03-19 00:00:00+08:00,0.26482975482940674,0.26482975482940674,0.26482975482940674,0.26482975482940674,0,0.0,0.0,0.0
2013-03-20 00:00:00+08:00,0.26482975482940674,0.26482975482940674,0.26482975482940674,0.26482975482940674,0,0.0,0.0,0.0
2013-03-21 00:00:00+08:00,0.26482975071867637,0.26482975071867637,0.2565538287162781,0.2565538287162781,48000,0.0,0.0,0.0
2013-03-22 00:00:00+08:00,0.2731057107448578,0.2731057107448578,0.2731057107448578,0.2731057107448578,203000,0.0,0.0,0.0
2013-03-25 00:00:00+08:00,0.2731057107448578,0.2731057107448578,0.2731057107448578,0.2731057107448578,0,0.0,0.0,0.0
2013-03-26 00:00:00+08:00,0.2731057107448578,0.2731057107448578,0.2731057107448578,0.2731057107448578,0,0.0,0.0,0.0
2013-03-27 00:00:00+08:00,0.2565538287162781,0.2565538287162781,0.2565538287162781,0.2565538287162781,1000,0.0,0.0,0.0
2013-03-28 00:00:00+08:00,0.2565538287162781,0.2565538287162781,0.2565538287162781,0.2565538287162781,0,0.0,0.0,0.0
2013-04-01 00:00:00+08:00,0.2565538287162781,0.2565538287162781,0.2565538287162781,0.2565538287162781,0,0.0,0.0,0.0
2013-04-02 00:00:00+08:00,0.24827791885896164,0.2731057107448578,0.24827791885896164,0.2731057107448578,200000,0.0,0.0,0.0
2013-04-03 00:00:00+08:00,0.2731057107448578,0.2731057107448578,0.2731057107448578,0.2731057107448578,0,0.0,0.0,0.0
2013-04-04 00:00:00+08:00,0.2731057107448578,0.2731057107448578,0.2731057107448578,0.2731057107448578,0,0.0,0.0,0.0
2013-04-05 00:00:00+08:00,0.27724364399909973,0.28138160478556223,0.2731056832126372,0.27724364399909973,824000,0.0,0.0,0.0
2013-04-08 00:00:00+08:00,0.26896769776198287,0.27724364399909973,0.2648297369755203,0.27724364399909973,142000,0.0,0.0,0.0
2013-04-09 00:00:00+08:00,0.277243662689888,0.277243662689888,0.26482975482940674,0.26482975482940674,981000,0.0,0.0,0.0
2013-04-10 00:00:00+08:00,0.26482975482940674,0.26482975482940674,0.26482975482940674,0.26482975482940674,55000,0.0,0.0,0.0
2013-04-11 00:00:00+08:00,0.26482975482940674,0.26482975482940674,0.26482975482940674,0.26482975482940674,80000,0.0,0.0,0.0
2013-04-12 00:00:00+08:00,0.26482975482940674,0.26482975482940674,0.26482975482940674,0.26482975482940674,0,0.0,0.0,0.0
2013-04-15 00:00:00+08:00,0.264829756789909,0.26896771788597107,0.264829756789909,0.26896771788597107,90000,0.0,0.0,0.0
2013-04-16 00:00:00+08:00,0.26896771788597107,0.26896771788597107,0.26896771788597107,0.26896771788597107,0,0.0,0.0,0.0
2013-04-17 00:00:00+08:00,0.26896771788597107,0.26896771788597107,0.26896771788597107,0.26896771788597107,0,0.0,0.0,0.0
2013-04-18 00:00:00+08:00,0.26896771788597107,0.28965754803047505,0.264829756789909,0.26896771788597107,211000,0.0,0.0,0.0
2013-04-19 00:00:00+08:00,0.26896771788597107,0.26896771788597107,0.26896771788597107,0.26896771788597107,0,0.0,0.0,0.0
2013-04-22 00:00:00+08:00,0.26482975482940674,0.26482975482940674,0.26482975482940674,0.26482975482940674,45000,0.0,0.0,0.0
2013-04-23 00:00:00+08:00,0.26069176197052,0.26069176197052,0.26069176197052,0.26069176197052,70000,0.0,0.0,0.0
2013-04-24 00:00:00+08:00,0.26069176197052,0.26069176197052,0.26069176197052,0.26069176197052,0,0.0,0.0,0.0
2013-04-25 00:00:00+08:00,0.26069176197052,0.26069176197052,0.26069176197052,0.26069176197052,0,0.0,0.0,0.0
2013-04-26 00:00:00+08:00,0.26069176197052,0.26069176197052,0.26069176197052,0.26069176197052,0,0.0,0.0,0.0
2013-04-29 00:00:00+08:00,0.26069176197052,0.26069176197052,0.26069176197052,0.26069176197052,0,0.0,0.0,0.0
2013-04-30 00:00:00+08:00,0.24827791240566072,0.27310570364622677,0.24827791240566072,0.26896771788597107,41000,0.0,0.0,0.0
2013-05-02 00:00:00+08:00,0.26896771788597107,0.26896771788597107,0.26896771788597107,0.26896771788597107,0,0.0,0.0,0.0
2013-05-03 00:00:00+08:00,0.26896771788597107,0.26896771788597107,0.26896771788597107,0.26896771788597107,0,0.0,0.0,0.0
2013-05-06 00:00:00+08:00,0.2565538287162781,0.2565538287162781,0.2565538287162781,0.2565538287162781,95000,0.0,0.0,0.0
2013-05-07 00:00:00+08:00,0.2565538287162781,0.26482975071867637,0.2565538287162781,0.2565538287162781,261000,0.0,0.0,0.0
2013-05-08 00:00:00+08:00,0.26482975482940674,0.26482975482940674,0.2606917937639775,0.26482975482940674,71000,0.0,0.0,0.0
2013-05-09 00:00:00+08:00,0.26069176197052,0.26069176197052,0.26069176197052,0.26069176197052,103000,0.0,0.0,0.0
2013-05-10 00:00:00+08:00,0.26896771788597107,0.26896771788597107,0.26896771788597107,0.26896771788597107,233000,0.0,0.0,0.0
2013-05-13 00:00:00+08:00,0.26896771788597107,0.26896771788597107,0.26896771788597107,0.26896771788597107,0,0.0,0.0,0.0
2013-05-14 00:00:00+08:00,0.26482975482940674,0.26482975482940674,0.26482975482940674,0.26482975482940674,210000,0.0,0.0,0.0
2013-05-15 00:00:00+08:00,0.264829756789909,0.26896771788597107,0.264829756789909,0.26896771788597107,180000,0.0,0.0,0.0
2013-05-16 00:00:00+08:00,0.26896769776198287,0.27724364399909973,0.26896769776198287,0.27724364399909973,242000,0.0,0.0,0.0
2013-05-17 00:00:00+08:00,0.2731057107448578,0.2731057107448578,0.2731057107448578,0.2731057107448578,23000,0.0,0.0,0.0
2013-05-20 00:00:00+08:00,0.2772436505175352,0.2896575331687927,0.2772436505175352,0.2896575331687927,187000,0.0,0.0,0.0
2013-05-21 00:00:00+08:00,0.2896575331687927,0.2896575331687927,0.2896575331687927,0.2896575331687927,170000,0.0,0.0,0.0
2013-05-22 00:00:00+08:00,0.28965754238910824,0.2979334890842438,0.28965754238910824,0.2979334890842438,218000,0.0,0.0,0.0
2013-05-23 00:00:00+08:00,0.2979334890842438,0.3144853331461286,0.28965754238910824,0.2979334890842438,784000,0.0,0.0,0.0
2013-05-27 00:00:00+08:00,0.2979334890842438,0.2979334890842438,0.2979334890842438,0.2979334890842438,0,0.0,0.0,0.0
2013-05-28 00:00:00+08:00,0.3103473507774171,0.3144853115081787,0.2979334685851323,0.3144853115081787,6000,0.0,0.0,0.0
2013-05-29 00:00:00+08:00,0.3020714293158939,0.3144853115081787,0.3020714293158939,0.3144853115081787,479000,0.0,0.0,0.0
2013-05-30 00:00:00+08:00,0.31448531380377626,0.31862327456474304,0.30620939228184263,0.31862327456474304,148000,0.0,0.0,0.0
2013-05-31 00:00:00+08:00,0.31448532316363365,0.3310371913643168,0.31448532316363365,0.3268992304801941,332000,0.0,0.0,0.0
2013-06-03 00:00:00+08:00,0.3393131196498871,0.3393131196498871,0.3310371977226827,0.3393131196498871,109000,0.0,0.0,0.0
2013-06-04 00:00:00+08:00,0.3351751586862849,0.3393131196498871,0.3351751586862849,0.3393131196498871,221000,0.0,0.0,0.0
2013-06-05 00:00:00+08:00,0.33517515659332275,0.3475890394066123,0.33517515659332275,0.33517515659332275,417000,0.0,0.0,0.0
2013-06-06 00:00:00+08:00,0.3394179046154022,0.3394179046154022,0.3351751849171079,0.3394179046154022,263000,0.01,0.0,0.0
2013-06-07 00:00:00+08:00,0.3394179046154022,0.3436606243136966,0.3394179046154022,0.3394179046154022,46000,0.0,0.0,0.0
2013-06-10 00:00:00+08:00,0.3394178737207257,0.3436605930328369,0.3309324098079013,0.3436605930328369,272000,0.0,0.0,0.0
2013-06-11 00:00:00+08:00,0.3436605930328369,0.3436605930328369,0.3436605930328369,0.3436605930328369,50000,0.0,0.0,0.0
2013-06-12 00:00:00+08:00,0.33093241196495493,0.33517515659332275,0.33093241196495493,0.33517515659332275,172000,0.0,0.0,0.0
2013-06-13 00:00:00+08:00,0.32668969049579,0.3436605930328369,0.3224469711836787,0.3436605930328369,172000,0.0,0.0,0.0
2013-06-14 00:00:00+08:00,0.33941787245235844,0.33941787245235844,0.3309324085712433,0.3309324085712433,40000,0.0,0.0,0.0
2013-06-17 00:00:00+08:00,0.3309324085712433,0.3309324085712433,0.3309324085712433,0.3309324085712433,0,0.0,0.0,0.0
2013-06-18 00:00:00+08:00,0.3351751849171079,0.3394179046154022,0.3351751849171079,0.3394179046154022,54000,0.0,0.0,0.0
2013-06-19 00:00:00+08:00,0.33941787593308853,0.33941787593308853,0.33517515659332275,0.33517515659332275,40000,0.0,0.0,0.0
2013-06-20 00:00:00+08:00,0.33517515315610175,0.33517515315610175,0.3309324085712433,0.3309324085712433,112000,0.0,0.0,0.0
2013-06-21 00:00:00+08:00,0.31820425391197205,0.31820425391197205,0.31820425391197205,0.31820425391197205,25000,0.0,0.0,0.0
2013-06-24 00:00:00+08:00,0.31820425391197205,0.31820425391197205,0.31820425391197205,0.31820425391197205,0,0.0,0.0,0.0
2013-06-25 00:00:00+08:00,0.31820425391197205,0.31820425391197205,0.31820425391197205,0.31820425391197205,0,0.0,0.0,0.0
2013-06-26 00:00:00+08:00,0.31820425391197205,0.31820425391197205,0.31820425391197205,0.31820425391197205,0,0.0,0.0,0.0
2013-06-27 00:00:00+08:00,0.3436606243136966,0.3436606243136966,0.3309324399302094,0.3394179046154022,130000,0.0,0.0,0.0
2013-06-28 00:00:00+08:00,0.3394179046154022,0.3394179046154022,0.3394179046154022,0.3394179046154022,50000,0.0,0.0,0.0
2013-07-01 00:00:00+08:00,0.3436606243136966,0.3436606243136966,0.3394179046154022,0.3394179046154022,34000,0.0,0.0,0.0
2013-07-02 00:00:00+08:00,0.3394179046154022,0.3394179046154022,0.3351751849171079,0.3394179046154022,50000,0.0,0.0,0.0
2013-07-03 00:00:00+08:00,0.3309324096617234,0.3309324096617234,0.3266896903514862,0.3266896903514862,80000,0.0,0.0,0.0
2013-07-04 00:00:00+08:00,0.3266896903514862,0.3266896903514862,0.3266896903514862,0.3266896903514862,20000,0.0,0.0,0.0
2013-07-05 00:00:00+08:00,0.3394179046154022,0.3436606243136966,0.3309324399302094,0.3394179046154022,154000,0.0,0.0,0.0
2013-07-08 00:00:00+08:00,0.3394179046154022,0.3394179046154022,0.3394179046154022,0.3394179046154022,66000,0.0,0.0,0.0
2013-07-09 00:00:00+08:00,0.3394179046154022,0.3394179046154022,0.3394179046154022,0.3394179046154022,0,0.0,0.0,0.0
2013-07-10 00:00:00+08:00,0.33941787245235844,0.34366059174861513,0.3309324085712433,0.3309324085712433,76000,0.0,0.0,0.0
2013-07-11 00:00:00+08:00,0.34366061998496683,0.35638877891952675,0.34366061998496683,0.35214605927467346,112000,0.0,0.0,0.0
2013-07-12 00:00:00+08:00,0.3521460607171489,0.3521460607171489,0.3479033410549164,0.3479033410549164,6000,0.0,0.0,0.0
2013-07-15 00:00:00+08:00,0.3521460607171489,0.3521460607171489,0.3479033410549164,0.3479033410549164,57000,0.0,0.0,0.0
2013-07-16 00:00:00+08:00,0.3479033410549164,0.3479033410549164,0.3479033410549164,0.3479033410549164,10000,0.0,0.0,0.0
2013-07-17 00:00:00+08:00,0.3394179017304514,0.3479033410549164,0.3394179017304514,0.3479033410549164,59000,0.0,0.0,0.0
2013-07-18 00:00:00+08:00,0.3436605930328369,0.3436605930328369,0.3436605930328369,0.3436605930328369,42000,0.0,0.0,0.0
2013-07-19 00:00:00+08:00,0.3436606213926839,0.3479033410549164,0.3436606213926839,0.3479033410549164,70000,0.0,0.0,0.0
2013-07-22 00:00:00+08:00,0.3521460284190095,0.35638874769210815,0.3521460284190095,0.35638874769210815,130000,0.0,0.0,0.0
2013-07-23 00:00:00+08:00,0.3479033396298202,0.35214605927467346,0.3479033396298202,0.35214605927467346,8000,0.0,0.0,0.0
2013-07-24 00:00:00+08:00,0.3479033396298202,0.35638877891952675,0.3479033396298202,0.35214605927467346,31000,0.0,0.0,0.0
2013-07-25 00:00:00+08:00,0.36063149225380847,0.36063149225380847,0.3521460284190095,0.35638874769210815,239000,0.0,0.0,0.0
2013-07-26 00:00:00+08:00,0.35638874769210815,0.35638874769210815,0.3521460284190095,0.35638874769210815,60000,0.0,0.0,0.0
2013-07-29 00:00:00+08:00,0.35638874769210815,0.35638874769210815,0.35638874769210815,0.35638874769210815,25000,0.0,0.0,0.0
2013-07-30 00:00:00+08:00,0.3521460284190095,0.35638874769210815,0.3521460284190095,0.35638874769210815,16000,0.0,0.0,0.0
2013-07-31 00:00:00+08:00,0.3563887803793814,0.3563887803793814,0.3479033410549164,0.3479033410549164,45000,0.0,0.0,0.0
2013-08-01 00:00:00+08:00,0.34790330914591083,0.35638874769210815,0.34790330914591083,0.35638874769210815,28000,0.0,0.0,0.0
2013-08-02 00:00:00+08:00,0.35638874769210815,0.35638874769210815,0.3521460284190095,0.35638874769210815,9000,0.0,0.0,0.0
2013-08-05 00:00:00+08:00,0.35214605927467346,0.35214605927467346,0.35214605927467346,0.35214605927467346,5000,0.0,0.0,0.0
2013-08-06 00:00:00+08:00,0.3691169321537018,0.3691169321537018,0.3691169321537018,0.3691169321537018,1000,0.0,0.0,0.0
2013-08-07 00:00:00+08:00,0.3521460284190095,0.36487421152690713,0.3521460284190095,0.35638874769210815,11000,0.0,0.0,0.0
2013-08-12 00:00:00+08:00,0.36063152408864135,0.3691169633838928,0.36063152408864135,0.3648742437362671,183000,0.0,0.0,0.0
2013-08-13 00:00:00+08:00,0.360631493576385,0.3691169321537018,0.3563887489991249,0.3691169321537018,87000,0.0,0.0,0.0
2013-08-14 00:00:00+08:00,0.3606314905478313,0.381845086812973,0.3563887460062014,0.381845086812973,260000,0.0,0.0,0.0
2013-08-15 00:00:00+08:00,0.38184511836139623,0.4030587416678301,0.38184511836139623,0.39033058285713196,79000,0.0,0.0,0.0
2013-08-16 00:00:00+08:00,0.3903305814882026,0.39457330107688904,0.3903305814882026,0.39457330107688904,204000,0.0,0.0,0.0
2013-08-19 00:00:00+08:00,0.39881598984388716,0.41578689217567444,0.3945732705830908,0.41578689217567444,145000,0.0,0.0,0.0
2013-08-20 00:00:00+08:00,0.4073014584448928,0.4073014584448928,0.39457329972252275,0.3988160192966461,390000,0.0,0.0,0.0
2013-08-21 00:00:00+08:00,0.4030587375164032,0.4073014570762701,0.4030587375164032,0.4030587375164032,118000,0.0,0.0,0.0
2013-08-22 00:00:00+08:00,0.40305874025426186,0.40305874025426186,0.39457330107688904,0.39457330107688904,145000,0.0,0.0,0.0
2013-08-23 00:00:00+08:00,0.40730142939578695,0.4157868932274461,0.40730142939578695,0.41154417395591736,172000,0.0,0.0,0.0
2013-08-26 00:00:00+08:00,0.4157868616438615,0.42851501849160434,0.4157868616438615,0.42002958059310913,284000,0.0,0.0,0.0
2013-08-27 00:00:00+08:00,0.42851504294839854,0.445485919713974,0.42851504294839854,0.445485919713974,389000,0.0,0.0,0.0
2013-08-28 00:00:00+08:00,0.4454859533934774,0.4454859533934774,0.42851507534487443,0.43275779485702515,268000,0.0,0.0,0.0
2013-08-29 00:00:00+08:00,0.43275779485702515,0.43275779485702515,0.43275779485702515,0.43275779485702515,120000,0.0,0.0,0.0
2013-08-30 00:00:00+08:00,0.4370005143691759,0.4370005143691759,0.43275779485702515,0.43275779485702515,42000,0.0,0.0,0.0
2013-09-02 00:00:00+08:00,0.43275779485702515,0.4370005143691759,0.42851507534487443,0.43275779485702515,467000,0.0,0.0,0.0
2013-09-03 00:00:00+08:00,0.43275779485702515,0.43275779485702515,0.42851507534487443,0.43275779485702515,75000,0.0,0.0,0.0
2013-09-04 00:00:00+08:00,0.4285150499580637,0.4285150499580637,0.41578689217567444,0.41578689217567444,145000,0.0,0.0,0.0
2013-09-05 00:00:00+08:00,0.41578689217567444,0.41578689217567444,0.41578689217567444,0.41578689217567444,0,0.0,0.0,0.0
2013-09-06 00:00:00+08:00,0.42427229954235673,0.42427229954235673,0.42002958059310913,0.42002958059310913,168000,0.0,0.0,0.0
2013-09-09 00:00:00+08:00,0.41154417395591736,0.41154417395591736,0.41154417395591736,0.41154417395591736,5000,0.0,0.0,0.0
2013-09-10 00:00:00+08:00,0.42002958059310913,0.42427229954235673,0.42002958059310913,0.42002958059310913,39000,0.0,0.0,0.0
2013-09-11 00:00:00+08:00,0.42002958059310913,0.42002958059310913,0.42002958059310913,0.42002958059310913,0,0.0,0.0,0.0
2013-09-12 00:00:00+08:00,0.41578689217567444,0.41578689217567444,0.411544172914878,0.41578689217567444,50000,0.0,0.0,0.0
2013-09-13 00:00:00+08:00,0.4157869105347558,0.4157869105347558,0.3943545910810234,0.39864104986190796,73000,0.005,0.0,0.0
2013-09-16 00:00:00+08:00,0.39864104986190796,0.39864104986190796,0.39864104986190796,0.39864104986190796,0,0.0,0.0,0.0
2013-09-17 00:00:00+08:00,0.39864104986190796,0.39864104986190796,0.39864104986190796,0.39864104986190796,0,0.0,0.0,0.0
2013-09-18 00:00:00+08:00,0.41150043752983045,0.4157869219779968,0.41150043752983045,0.4157869219779968,50000,0.0,0.0,0.0
2013-09-19 00:00:00+08:00,0.42007336020469666,0.42007336020469666,0.42007336020469666,0.42007336020469666,20000,0.0,0.0,0.0
2013-09-20 00:00:00+08:00,0.42007336020469666,0.42007336020469666,0.42007336020469666,0.42007336020469666,0,0.0,0.0,0.0
2013-09-23 00:00:00+08:00,0.4243597984313965,0.4243597984313965,0.4243597984313965,0.4243597984313965,15000,0.0,0.0,0.0
2013-09-24 00:00:00+08:00,0.4243597984313965,0.4243597984313965,0.4243597984313965,0.4243597984313965,0,0.0,0.0,0.0
2013-09-25 00:00:00+08:00,0.41150039434432983,0.41150039434432983,0.41150039434432983,0.41150039434432983,35000,0.0,0.0,0.0
2013-09-26 00:00:00+08:00,0.4157869015167808,0.42007336020469666,0.4157869015167808,0.42007336020469666,29000,0.0,0.0,0.0
2013-09-27 00:00:00+08:00,0.41578688146892234,0.4243597984313965,0.4115003974383774,0.4243597984313965,175000,0.0,0.0,0.0
2013-09-30 00:00:00+08:00,0.42007334930698903,0.4286462664604187,0.42007334930698903,0.4286462664604187,78000,0.0,0.0,0.0
2013-10-01 00:00:00+08:00,0.4286462664604187,0.4286462664604187,0.4286462664604187,0.4286462664604187,4000,0.0,0.0,0.0
2013-10-02 00:00:00+08:00,0.4286462664604187,0.4286462664604187,0.4286462664604187,0.4286462664604187,0,0.0,0.0,0.0
2013-10-03 00:00:00+08:00,0.4286462664604187,0.4286462664604187,0.4286462664604187,0.4286462664604187,0,0.0,0.0,0.0
2013-10-04 00:00:00+08:00,0.4029274880886078,0.4029274880886078,0.4029274880886078,0.4029274880886078,15000,0.0,0.0,0.0
2013-10-07 00:00:00+08:00,0.3943545635134291,0.4243597984313965,0.3943545635134291,0.4243597984313965,25000,0.0,0.0,0.0
2013-10-08 00:00:00+08:00,0.4243597984313965,0.4243597984313965,0.4243597984313965,0.4243597984313965,0,0.0,0.0,0.0
2013-10-09 00:00:00+08:00,0.4243597984313965,0.4243597984313965,0.4243597984313965,0.4243597984313965,0,0.0,0.0,0.0
2013-10-10 00:00:00+08:00,0.4243597984313965,0.4243597984313965,0.4243597984313965,0.4243597984313965,0,0.0,0.0,0.0
2013-10-11 00:00:00+08:00,0.4243597984313965,0.4243597984313965,0.4243597984313965,0.4243597984313965,0,0.0,0.0,0.0
2013-10-14 00:00:00+08:00,0.37292227149009705,0.37292227149009705,0.37292227149009705,0.37292227149009705,1000,0.0,0.0,0.0
2013-10-16 00:00:00+08:00,0.3857816389228539,0.39435458183288574,0.3857816389228539,0.39435458183288574,53000,0.0,0.0,0.0
2013-10-17 00:00:00+08:00,0.39435458183288574,0.39435458183288574,0.39435458183288574,0.39435458183288574,0,0.0,0.0,0.0
2013-10-18 00:00:00+08:00,0.39435458183288574,0.39435458183288574,0.39435458183288574,0.39435458183288574,0,0.0,0.0,0.0
2013-10-21 00:00:00+08:00,0.4115003974383774,0.4243597984313965,0.4115003974383774,0.4243597984313965,10000,0.0,0.0,0.0
2013-10-22 00:00:00+08:00,0.42007333995015944,0.4243597984313965,0.42007333995015944,0.4243597984313965,25000,0.0,0.0,0.0
2013-10-23 00:00:00+08:00,0.42007336020469666,0.42007336020469666,0.4157869015167808,0.42007336020469666,22000,0.0,0.0,0.0
2013-10-24 00:00:00+08:00,0.4243597984313965,0.4243597984313965,0.4243597984313965,0.4243597984313965,12000,0.0,0.0,0.0
2013-10-25 00:00:00+08:00,0.42007336020469666,0.42007336020469666,0.42007336020469666,0.42007336020469666,18000,0.0,0.0,0.0
2013-10-28 00:00:00+08:00,0.4157869219779968,0.4157869219779968,0.4157869219779968,0.4157869219779968,20000,0.0,0.0,0.0
2013-10-29 00:00:00+08:00,0.415786878342645,0.415786878342645,0.41150039434432983,0.41150039434432983,20000,0.0,0.0,0.0
2013-10-30 00:00:00+08:00,0.41150039434432983,0.41150039434432983,0.41150039434432983,0.41150039434432983,0,0.0,0.0,0.0
2013-10-31 00:00:00+08:00,0.41150039434432983,0.41150039434432983,0.41150039434432983,0.41150039434432983,0,0.0,0.0,0.0
2013-11-01 00:00:00+08:00,0.41150039434432983,0.41150039434432983,0.41150039434432983,0.41150039434432983,0,0.0,0.0,0.0
2013-11-05 00:00:00+08:00,0.41150039434432983,0.41150039434432983,0.41150039434432983,0.41150039434432983,0,0.0,0.0,0.0
2013-11-06 00:00:00+08:00,0.4157868907302742,0.4286462664604187,0.4157868907302742,0.4286462664604187,74000,0.0,0.0,0.0
2013-11-07 00:00:00+08:00,0.4286462775805283,0.4286462775805283,0.4115004172795559,0.42007336020469666,62000,0.0,0.0,0.0
2013-11-08 00:00:00+08:00,0.41150039434432983,0.41150039434432983,0.41150039434432983,0.41150039434432983,50000,0.0,0.0,0.0
2013-11-11 00:00:00+08:00,0.41150039434432983,0.41150039434432983,0.41150039434432983,0.41150039434432983,10000,0.0,0.0,0.0
2013-11-12 00:00:00+08:00,0.42007336020469666,0.4286462775805283,0.42007336020469666,0.42007336020469666,95000,0.0,0.0,0.0
2013-11-13 00:00:00+08:00,0.41150039434432983,0.41150039434432983,0.41150039434432983,0.41150039434432983,30000,0.0,0.0,0.0
2013-11-14 00:00:00+08:00,0.41150039434432983,0.41150039434432983,0.41150039434432983,0.41150039434432983,0,0.0,0.0,0.0
2013-11-15 00:00:00+08:00,0.4072139358953224,0.41150039434432983,0.40292747744631496,0.41150039434432983,101000,0.0,0.0,0.0
2013-11-18 00:00:00+08:00,0.41150039434432983,0.41150039434432983,0.41150039434432983,0.41150039434432983,0,0.0,0.0,0.0
2013-11-19 00:00:00+08:00,0.41150039434432983,0.41150039434432983,0.41150039434432983,0.41150039434432983,0,0.0,0.0,0.0
2013-11-20 00:00:00+08:00,0.41150039434432983,0.41150039434432983,0.41150039434432983,0.41150039434432983,0,0.0,0.0,0.0
2013-11-21 00:00:00+08:00,0.41150039434432983,0.41150039434432983,0.41150039434432983,0.41150039434432983,0,0.0,0.0,0.0
2013-11-22 00:00:00+08:00,0.41150039434432983,0.41150039434432983,0.41150039434432983,0.41150039434432983,0,0.0,0.0,0.0
2013-11-25 00:00:00+08:00,0.41150039434432983,0.41150039434432983,0.41150039434432983,0.41150039434432983,0,0.0,0.0,0.0
2013-11-26 00:00:00+08:00,0.41150039434432983,0.41150039434432983,0.41150039434432983,0.41150039434432983,0,0.0,0.0,0.0
2013-11-27 00:00:00+08:00,0.41150039434432983,0.41150039434432983,0.41150039434432983,0.41150039434432983,0,0.0,0.0,0.0
2013-11-28 00:00:00+08:00,0.41150039434432983,0.41150039434432983,0.41150039434432983,0.41150039434432983,0,0.0,0.0,0.0
2013-11-29 00:00:00+08:00,0.42007336020469666,0.42007336020469666,0.42007336020469666,0.42007336020469666,30000,0.0,0.0,0.0
2013-12-02 00:00:00+08:00,0.42007336020469666,0.42007336020469666,0.42007336020469666,0.42007336020469666,0,0.0,0.0,0.0
2013-12-03 00:00:00+08:00,0.42007336020469666,0.42007336020469666,0.42007336020469666,0.42007336020469666,0,0.0,0.0,0.0
2013-12-04 00:00:00+08:00,0.4243597984313965,0.4243597984313965,0.4243597984313965,0.4243597984313965,45000,0.0,0.0,0.0
2013-12-05 00:00:00+08:00,0.4243597984313965,0.4243597984313965,0.4243597984313965,0.4243597984313965,0,0.0,0.0,0.0
2013-12-06 00:00:00+08:00,0.4243597984313965,0.4243597984313965,0.4243597984313965,0.4243597984313965,0,0.0,0.0,0.0
2013-12-09 00:00:00+08:00,0.4243597984313965,0.4243597984313965,0.4243597984313965,0.4243597984313965,0,0.0,0.0,0.0
2013-12-10 00:00:00+08:00,0.4243597984313965,0.4243597984313965,0.4243597984313965,0.4243597984313965,0,0.0,0.0,0.0
2013-12-11 00:00:00+08:00,0.4243597984313965,0.4243597984313965,0.4243597984313965,0.4243597984313965,0,0.0,0.0,0.0
2013-12-12 00:00:00+08:00,0.4243597984313965,0.4243597984313965,0.4243597984313965,0.4243597984313965,0,0.0,0.0,0.0
2013-12-13 00:00:00+08:00,0.4243597984313965,0.4243597984313965,0.4243597984313965,0.4243597984313965,0,0.0,0.0,0.0
2013-12-16 00:00:00+08:00,0.42007334930698903,0.43293272503713354,0.42007334930698903,0.4286462664604187,64000,0.0,0.0,0.0
2013-12-17 00:00:00+08:00,0.4286462664604187,0.4286462664604187,0.4286462664604187,0.4286462664604187,0,0.0,0.0,0.0
2013-12-18 00:00:00+08:00,0.42435978793665907,0.43293270468711853,0.42435978793665907,0.43293270468711853,50000,0.0,0.0,0.0
2013-12-19 00:00:00+08:00,0.4329327437564091,0.43721920251846313,0.4329327437564091,0.43721920251846313,56000,0.0,0.0,0.0
2013-12-20 00:00:00+08:00,0.43721920251846313,0.43721920251846313,0.43721920251846313,0.43721920251846313,0,0.0,0.0,0.0
2013-12-23 00:00:00+08:00,0.43721920251846313,0.43721920251846313,0.43721920251846313,0.43721920251846313,0,0.0,0.0,0.0
2013-12-24 00:00:00+08:00,0.43721920251846313,0.43721920251846313,0.43721920251846313,0.43721920251846313,0,0.0,0.0,0.0
2013-12-26 00:00:00+08:00,0.43721922069597796,0.44579213857650757,0.43721922069597796,0.44579213857650757,57000,0.0,0.0,0.0
2013-12-27 00:00:00+08:00,0.44579213857650757,0.44579213857650757,0.44579213857650757,0.44579213857650757,0,0.0,0.0,0.0
2013-12-30 00:00:00+08:00,0.44579213857650757,0.44579213857650757,0.44579213857650757,0.44579213857650757,0,0.0,0.0,0.0
2013-12-31 00:00:00+08:00,0.4457921200425712,0.4457921200425712,0.43721920251846313,0.43721920251846313,25000,0.0,0.0,0.0
2014-01-02 00:00:00+08:00,0.4286462664604187,0.4286462664604187,0.4286462664604187,0.4286462664604187,60000,0.0,0.0,0.0
2014-01-03 00:00:00+08:00,0.4286462664604187,0.4286462664604187,0.4286462664604187,0.4286462664604187,0,0.0,0.0,0.0
2014-01-06 00:00:00+08:00,0.4286462664604187,0.4286462664604187,0.4286462664604187,0.4286462664604187,20000,0.0,0.0,0.0
2014-01-07 00:00:00+08:00,0.4329327437564091,0.43721920251846313,0.4329327437564091,0.43721920251846313,42000,0.0,0.0,0.0
2014-01-08 00:00:00+08:00,0.43293270468711853,0.43293270468711853,0.43293270468711853,0.43293270468711853,25000,0.0,0.0,0.0
2014-01-09 00:00:00+08:00,0.43721916306234826,0.4457920798128077,0.43293270468711853,0.43293270468711853,50000,0.0,0.0,0.0
2014-01-10 00:00:00+08:00,0.43721916306234826,0.43721916306234826,0.43293270468711853,0.43293270468711853,24000,0.0,0.0,0.0
2014-01-13 00:00:00+08:00,0.43721916306234826,0.43721916306234826,0.43293270468711853,0.43293270468711853,211000,0.0,0.0,0.0
2014-01-14 00:00:00+08:00,0.43721916306234826,0.43721916306234826,0.4286462463118888,0.43293270468711853,9000,0.0,0.0,0.0
2014-01-15 00:00:00+08:00,0.43293270468711853,0.43293270468711853,0.43293270468711853,0.43293270468711853,0,0.0,0.0,0.0
2014-01-16 00:00:00+08:00,0.43293273626844414,0.43293273626844414,0.42007336020469666,0.42007336020469666,34000,0.0,0.0,0.0
2014-01-17 00:00:00+08:00,0.4286462775805283,0.4286462775805283,0.42007336020469666,0.42007336020469666,11000,0.0,0.0,0.0
2014-01-20 00:00:00+08:00,0.4243597984313965,0.4243597984313965,0.4243597984313965,0.4243597984313965,51000,0.0,0.0,0.0
2014-01-21 00:00:00+08:00,0.4243597984313965,0.4243597984313965,0.4243597984313965,0.4243597984313965,0,0.0,0.0,0.0
2014-01-22 00:00:00+08:00,0.4286462664604187,0.4286462664604187,0.4286462664604187,0.4286462664604187,20000,0.0,0.0,0.0
2014-01-23 00:00:00+08:00,0.4286462664604187,0.4286462664604187,0.4286462664604187,0.4286462664604187,40000,0.0,0.0,0.0
2014-01-24 00:00:00+08:00,0.4286462664604187,0.4286462664604187,0.4286462664604187,0.4286462664604187,31000,0.0,0.0,0.0
2014-01-27 00:00:00+08:00,0.42007334930698903,0.4286462664604187,0.4157868907302742,0.4286462664604187,15000,0.0,0.0,0.0
2014-01-28 00:00:00+08:00,0.4329327437564091,0.43721920251846313,0.4329327437564091,0.43721920251846313,250000,0.0,0.0,0.0
2014-01-29 00:00:00+08:00,0.4372191836138484,0.4372191836138484,0.4286462664604187,0.4286462664604187,51000,0.0,0.0,0.0
2014-01-30 00:00:00+08:00,0.4286462664604187,0.4286462664604187,0.4286462664604187,0.4286462664604187,0,0.0,0.0,0.0
2014-02-03 00:00:00+08:00,0.4286462664604187,0.4286462664604187,0.4286462664604187,0.4286462664604187,0,0.0,0.0,0.0
2014-02-04 00:00:00+08:00,0.4286462664604187,0.4286462664604187,0.4286462664604187,0.4286462664604187,100000,0.0,0.0,0.0
2014-02-05 00:00:00+08:00,0.4286462664604187,0.4286462664604187,0.4286462664604187,0.4286462664604187,0,0.0,0.0,0.0
2014-02-06 00:00:00+08:00,0.4286462664604187,0.4286462664604187,0.4286462664604187,0.4286462664604187,21000,0.0,0.0,0.0
2014-02-07 00:00:00+08:00,0.43293270468711853,0.43293270468711853,0.43293270468711853,0.43293270468711853,14000,0.0,0.0,0.0
2014-02-10 00:00:00+08:00,0.43293270468711853,0.43293270468711853,0.43293270468711853,0.43293270468711853,0,0.0,0.0,0.0
2014-02-11 00:00:00+08:00,0.43293270468711853,0.43293270468711853,0.43293270468711853,0.43293270468711853,13000,0.0,0.0,0.0
2014-02-12 00:00:00+08:00,0.4286462664604187,0.4286462664604187,0.4286462664604187,0.4286462664604187,70000,0.0,0.0,0.0
2014-02-13 00:00:00+08:00,0.4286462664604187,0.4286462664604187,0.4286462664604187,0.4286462664604187,0,0.0,0.0,0.0
2014-02-14 00:00:00+08:00,0.4243597984313965,0.4243597984313965,0.4243597984313965,0.4243597984313965,13000,0.0,0.0,0.0
2014-02-17 00:00:00+08:00,0.4286462664604187,0.4286462664604187,0.4286462664604187,0.4286462664604187,20000,0.0,0.0,0.0
2014-02-18 00:00:00+08:00,0.4286462664604187,0.4286462664604187,0.4286462664604187,0.4286462664604187,150000,0.0,0.0,0.0
2014-02-19 00:00:00+08:00,0.43721916306234826,0.43721916306234826,0.43293270468711853,0.43293270468711853,47000,0.0,0.0,0.0
2014-02-20 00:00:00+08:00,0.43293272503713354,0.43293272503713354,0.42435980788370387,0.4286462664604187,424000,0.0,0.0,0.0
2014-02-21 00:00:00+08:00,0.4286462664604187,0.4286462664604187,0.4286462664604187,0.4286462664604187,95000,0.0,0.0,0.0
2014-02-24 00:00:00+08:00,0.43293272503713354,0.43293272503713354,0.4286462664604187,0.4286462664604187,96000,0.0,0.0,0.0
2014-02-25 00:00:00+08:00,0.43293270468711853,0.43293270468711853,0.43293270468711853,0.43293270468711853,2000,0.0,0.0,0.0
2014-02-26 00:00:00+08:00,0.43293270468711853,0.43293270468711853,0.43293270468711853,0.43293270468711853,0,0.0,0.0,0.0
2014-02-27 00:00:00+08:00,0.43721923818754954,0.454365074634552,0.43721923818754954,0.454365074634552,140000,0.0,0.0,0.0
2014-02-28 00:00:00+08:00,0.454365074634552,0.4586515848449259,0.454365074634552,0.454365074634552,85000,0.0,0.0,0.0
2014-03-03 00:00:00+08:00,0.4543650564570371,0.4543650564570371,0.43721922069597796,0.44579213857650757,170000,0.0,0.0,0.0
2014-03-04 00:00:00+08:00,0.4457921243789761,0.46293801069259644,0.4457921243789761,0.46293801069259644,130000,0.0,0.0,0.0
2014-03-05 00:00:00+08:00,0.46722447872161865,0.46722447872161865,0.46722447872161865,0.46722447872161865,5000,0.0,0.0,0.0
2014-03-06 00:00:00+08:00,0.4715109151796424,0.48437029123306274,0.4715109151796424,0.48437029123306274,185000,0.0,0.0,0.0
2014-03-07 00:00:00+08:00,0.48437028180508057,0.48437028180508057,0.4757973646030005,0.4800838232040405,347000,0.0,0.0,0.0
2014-03-10 00:00:00+08:00,0.4800838232040405,0.4800838232040405,0.4800838232040405,0.4800838232040405,10000,0.0,0.0,0.0
2014-03-11 00:00:00+08:00,0.4800838232040405,0.4800838232040405,0.4800838232040405,0.4800838232040405,0,0.0,0.0,0.0
2014-03-12 00:00:00+08:00,0.48008385961555905,0.5058026131724146,0.48008385961555905,0.4972296953201294,107000,0.0,0.0,0.0
2014-03-13 00:00:00+08:00,0.4972296953201294,0.4972296953201294,0.4972296953201294,0.4972296953201294,10000,0.0,0.0,0.0
2014-03-14 00:00:00+08:00,0.49294321802852803,0.49294321802852803,0.48865675926208496,0.48865675926208496,63000,0.0,0.0,0.0
2014-03-17 00:00:00+08:00,0.48437029123306274,0.48437029123306274,0.48437029123306274,0.48437029123306274,32000,0.0,0.0,0.0
2014-03-18 00:00:00+08:00,0.48437029123306274,0.48437029123306274,0.48437029123306274,0.48437029123306274,0,0.0,0.0,0.0
2014-03-19 00:00:00+08:00,0.48437029123306274,0.48437029123306274,0.48437029123306274,0.48437029123306274,0,0.0,0.0,0.0
2014-03-20 00:00:00+08:00,0.48437029123306274,0.48437029123306274,0.48437029123306274,0.48437029123306274,0,0.0,0.0,0.0
2014-03-21 00:00:00+08:00,0.4800838232040405,0.4800838232040405,0.4800838232040405,0.4800838232040405,10000,0.0,0.0,0.0
2014-03-24 00:00:00+08:00,0.4800838232040405,0.4800838232040405,0.4800838232040405,0.4800838232040405,0,0.0,0.0,0.0
2014-03-25 00:00:00+08:00,0.4800838232040405,0.4800838232040405,0.4800838232040405,0.4800838232040405,0,0.0,0.0,0.0
2014-03-26 00:00:00+08:00,0.4800838232040405,0.4800838232040405,0.4800838232040405,0.4800838232040405,0,0.0,0.0,0.0
2014-03-27 00:00:00+08:00,0.5015161131982242,0.505802571773529,0.5015161131982242,0.505802571773529,78000,0.0,0.0,0.0
2014-03-28 00:00:00+08:00,0.48865673747230953,0.505802571773529,0.48865673747230953,0.505802571773529,160000,0.0,0.0,0.0
2014-03-31 00:00:00+08:00,0.5015161131982242,0.505802571773529,0.5015161131982242,0.505802571773529,67000,0.0,0.0,0.0
2014-04-01 00:00:00+08:00,0.5058025987300983,0.5143755674362183,0.5058025987300983,0.5143755674362183,115000,0.0,0.0,0.0
2014-04-02 00:00:00+08:00,0.5186620262399685,0.5186620262399685,0.5143755674362183,0.5143755674362183,72000,0.0,0.0,0.0
2014-04-03 00:00:00+08:00,0.5143755674362183,0.5143755674362183,0.5143755674362183,0.5143755674362183,0,0.0,0.0,0.0
2014-04-04 00:00:00+08:00,0.5100890398025513,0.5100890398025513,0.5100890398025513,0.5100890398025513,40000,0.0,0.0,0.0
2014-04-07 00:00:00+08:00,0.5058026131724146,0.5058026131724146,0.4972296953201294,0.4972296953201294,25000,0.0,0.0,0.0
2014-04-08 00:00:00+08:00,0.4972296953201294,0.4972296953201294,0.4972296953201294,0.4972296953201294,22000,0.0,0.0,0.0
2014-04-09 00:00:00+08:00,0.4972296953201294,0.4972296953201294,0.4972296953201294,0.4972296953201294,31000,0.0,0.0,0.0
2014-04-10 00:00:00+08:00,0.4972296953201294,0.4972296953201294,0.4929432363939868,0.4972296953201294,35000,0.0,0.0,0.0
2014-04-11 00:00:00+08:00,0.5015161037445068,0.5015161037445068,0.5015161037445068,0.5015161037445068,21000,0.0,0.0,0.0
2014-04-14 00:00:00+08:00,0.5015161037445068,0.5015161037445068,0.5015161037445068,0.5015161037445068,15000,0.0,0.0,0.0
2014-04-15 00:00:00+08:00,0.5015161037445068,0.5015161037445068,0.5015161037445068,0.5015161037445068,0,0.0,0.0,0.0
2014-04-16 00:00:00+08:00,0.505802571773529,0.505802571773529,0.505802571773529,0.505802571773529,1000,0.0,0.0,0.0
2014-04-17 00:00:00+08:00,0.48865675926208496,0.48865675926208496,0.48865675926208496,0.48865675926208496,22000,0.0,0.0,0.0
2014-04-21 00:00:00+08:00,0.48865675926208496,0.48865675926208496,0.48865675926208496,0.48865675926208496,0,0.0,0.0,0.0
2014-04-22 00:00:00+08:00,0.48437029123306274,0.48437029123306274,0.48437029123306274,0.48437029123306274,4000,0.0,0.0,0.0
2014-04-23 00:00:00+08:00,0.48437029123306274,0.48437029123306274,0.48437029123306274,0.48437029123306274,0,0.0,0.0,0.0
2014-04-24 00:00:00+08:00,0.48437029123306274,0.48437029123306274,0.48437029123306274,0.48437029123306274,0,0.0,0.0,0.0
2014-04-25 00:00:00+08:00,0.48437029123306274,0.48437029123306274,0.48437029123306274,0.48437029123306274,0,0.0,0.0,0.0
2014-04-28 00:00:00+08:00,0.4800838232040405,0.4800838232040405,0.4800838232040405,0.4800838232040405,20000,0.0,0.0,0.0
2014-04-29 00:00:00+08:00,0.47151092161679087,0.47151092161679087,0.4457921180602145,0.4500785768032074,200000,0.0,0.0,0.0
2014-04-30 00:00:00+08:00,0.4500785768032074,0.4500785768032074,0.4500785768032074,0.4500785768032074,0,0.0,0.0,0.0
2014-05-02 00:00:00+08:00,0.46293801069259644,0.46293801069259644,0.46293801069259644,0.46293801069259644,2000,0.0,0.0,0.0
2014-05-05 00:00:00+08:00,0.46293801069259644,0.46293801069259644,0.46293801069259644,0.46293801069259644,22000,0.0,0.0,0.0
2014-05-06 00:00:00+08:00,0.4586515848449259,0.4586515848449259,0.454365074634552,0.454365074634552,36000,0.0,0.0,0.0
2014-05-07 00:00:00+08:00,0.454365074634552,0.454365074634552,0.454365074634552,0.454365074634552,0,0.0,0.0,0.0
2014-05-08 00:00:00+08:00,0.454365074634552,0.454365074634552,0.454365074634552,0.454365074634552,0,0.0,0.0,0.0
2014-05-09 00:00:00+08:00,0.454365074634552,0.454365074634552,0.454365074634552,0.454365074634552,0,0.0,0.0,0.0
2014-05-12 00:00:00+08:00,0.454365074634552,0.454365074634552,0.454365074634552,0.454365074634552,0,0.0,0.0,0.0
2014-05-14 00:00:00+08:00,0.454365074634552,0.454365074634552,0.454365074634552,0.454365074634552,0,0.0,0.0,0.0
2014-05-15 00:00:00+08:00,0.454365074634552,0.454365074634552,0.454365074634552,0.454365074634552,0,0.0,0.0,0.0
2014-05-16 00:00:00+08:00,0.454365074634552,0.454365074634552,0.454365074634552,0.454365074634552,0,0.0,0.0,0.0
2014-05-19 00:00:00+08:00,0.454365074634552,0.454365074634552,0.454365074634552,0.454365074634552,0,0.0,0.0,0.0
2014-05-20 00:00:00+08:00,0.45436503554620034,0.45436503554620034,0.4500785768032074,0.4500785768032074,20000,0.0,0.0,0.0
2014-05-21 00:00:00+08:00,0.454365074634552,0.454365074634552,0.454365074634552,0.454365074634552,9000,0.0,0.0,0.0
2014-05-22 00:00:00+08:00,0.46722447872161865,0.46722447872161865,0.46722447872161865,0.46722447872161865,1000,0.0,0.0,0.0
2014-05-23 00:00:00+08:00,0.4672244904580144,0.4672244904580144,0.45865157246589666,0.4586515724658966,60000,0.0,0.0,0.0
2014-05-26 00:00:00+08:00,0.47151094945407324,0.47151094945407324,0.4543650623712159,0.4586515724658966,53000,0.0,0.0,0.0
2014-05-27 00:00:00+08:00,0.4629380314619555,0.47579740845013213,0.45865157246589666,0.4586515724658966,267000,0.0,0.0,0.0
2014-05-28 00:00:00+08:00,0.4757973964983899,0.4757973964983899,0.46722447872161865,0.46722447872161865,15000,0.0,0.0,0.0
2014-05-29 00:00:00+08:00,0.45865156094484744,0.46722447872161865,0.45865156094484744,0.46722447872161865,185000,0.0,0.0,0.0
2014-05-30 00:00:00+08:00,0.46722447872161865,0.46722447872161865,0.46722447872161865,0.46722447872161865,59000,0.0,0.0,0.0
2014-06-02 00:00:00+08:00,0.46722447872161865,0.46722447872161865,0.46722447872161865,0.46722447872161865,17000,0.0,0.0,0.0
2014-06-03 00:00:00+08:00,0.46722442871637376,0.4715108871459961,0.46722442871637376,0.4715108871459961,131000,0.0,0.0,0.0
2014-06-04 00:00:00+08:00,0.4629379702867514,0.4715108871459961,0.4629379702867514,0.4715108871459961,53000,0.0,0.0,0.0
2014-06-05 00:00:00+08:00,0.4847308099269867,0.4847308099269867,0.4847308099269867,0.4847308099269867,0,0.015,0.0,0.0
2014-06-06 00:00:00+08:00,0.4847308099269867,0.4847308099269867,0.4847308099269867,0.4847308099269867,0,0.0,0.0,0.0
2014-06-09 00:00:00+08:00,0.4671042561531067,0.4671042561531067,0.4671042561531067,0.4671042561531067,9000,0.0,0.0,0.0
2014-06-10 00:00:00+08:00,0.4671042561531067,0.4671042561531067,0.4671042561531067,0.4671042561531067,0,0.0,0.0,0.0
2014-06-11 00:00:00+08:00,0.4671042561531067,0.4671042561531067,0.4671042561531067,0.4671042561531067,10000,0.0,0.0,0.0
2014-06-12 00:00:00+08:00,0.4671042561531067,0.4671042561531067,0.4671042561531067,0.4671042561531067,0,0.0,0.0,0.0
2014-06-13 00:00:00+08:00,0.4626975655555725,0.4626975655555725,0.4626975655555725,0.4626975655555725,45000,0.0,0.0,0.0
2014-06-16 00:00:00+08:00,0.47151094675064087,0.47151094675064087,0.47151094675064087,0.47151094675064087,20000,0.0,0.0,0.0
2014-06-17 00:00:00+08:00,0.47151094675064087,0.47151094675064087,0.47151094675064087,0.47151094675064087,0,0.0,0.0,0.0
2014-06-18 00:00:00+08:00,0.4759175419807434,0.5287972688674927,0.4759175419807434,0.5287972688674927,105000,0.0,0.0,0.0
2014-06-19 00:00:00+08:00,0.5199839472770691,0.5199839472770691,0.5199839472770691,0.5199839472770691,10000,0.0,0.0,0.0
2014-06-20 00:00:00+08:00,0.5111706907579745,0.5199839703782566,0.4935441315174103,0.4935441315174103,21000,0.0,0.0,0.0
2014-06-23 00:00:00+08:00,0.4935441315174103,0.4935441315174103,0.4935441315174103,0.4935441315174103,0,0.0,0.0,0.0
2014-06-24 00:00:00+08:00,0.4935441315174103,0.4935441315174103,0.4935441315174103,0.4935441315174103,19000,0.0,0.0,0.0
2014-06-25 00:00:00+08:00,0.4935441062804531,0.4935441062804531,0.4759175479412079,0.4759175479412079,107000,0.0,0.0,0.0
2014-06-26 00:00:00+08:00,0.47151094563629253,0.47151094563629253,0.4538843333721161,0.4538843333721161,589000,0.0,0.0,0.0
2014-06-27 00:00:00+08:00,0.4494776419669435,0.4847308099269867,0.44507100253834886,0.4847308099269867,238000,0.0,0.0,0.0
2014-06-30 00:00:00+08:00,0.4626975766554865,0.4847308271108305,0.4582909370706752,0.4759175479412079,55000,0.0,0.0,0.0
2014-07-01 00:00:00+08:00,0.47591753106979734,0.4891374493555814,0.4671041996813223,0.4847308099269867,94000,0.0,0.0,0.0
2014-07-02 00:00:00+08:00,0.4847308099269867,0.4847308099269867,0.4847308099269867,0.4847308099269867,0,0.0,0.0,0.0
2014-07-03 00:00:00+08:00,0.4759175479412079,0.4759175479412079,0.4759175479412079,0.4759175479412079,37000,0.0,0.0,0.0
2014-07-04 00:00:00+08:00,0.47151094675064087,0.47151094675064087,0.47151094675064087,0.47151094675064087,20000,0.0,0.0,0.0
2014-07-07 00:00:00+08:00,0.47151089164120263,0.4847308099269867,0.47151089164120263,0.4847308099269867,66000,0.0,0.0,0.0
2014-07-08 00:00:00+08:00,0.4935440887841761,0.4935440887841761,0.4847308099269867,0.4847308099269867,142000,0.0,0.0,0.0
2014-07-09 00:00:00+08:00,0.4891374917072692,0.4935441315174103,0.48473085189712817,0.4935441315174103,79000,0.0,0.0,0.0
2014-07-10 00:00:00+08:00,0.4935440974520565,0.4935440974520565,0.4803241789340973,0.4803241789340973,109000,0.0,0.0,0.0
2014-07-11 00:00:00+08:00,0.4847308099269867,0.49795072821277075,0.4847308099269867,0.4847308099269867,157000,0.0,0.0,0.0
2014-07-14 00:00:00+08:00,0.4847308184400837,0.4935440974520565,0.4803241789340973,0.4803241789340973,30000,0.0,0.0,0.0
2014-07-15 00:00:00+08:00,0.4847308099269867,0.4847308099269867,0.4847308099269867,0.4847308099269867,30000,0.0,0.0,0.0
2014-07-16 00:00:00+08:00,0.4847308099269867,0.4847308099269867,0.4847308099269867,0.4847308099269867,0,0.0,0.0,0.0
2014-07-17 00:00:00+08:00,0.4935440887841761,0.5067640070699602,0.4847308099269867,0.4847308099269867,115000,0.0,0.0,0.0
2014-07-18 00:00:00+08:00,0.4891374493555814,0.4891374493555814,0.4847308099269867,0.4847308099269867,16000,0.0,0.0,0.0
2014-07-21 00:00:00+08:00,0.4847308184400837,0.4935440974520565,0.4803241789340973,0.4803241789340973,76000,0.0,0.0,0.0
2014-07-22 00:00:00+08:00,0.4803241789340973,0.4803241789340973,0.4803241789340973,0.4803241789340973,0,0.0,0.0,0.0
2014-07-23 00:00:00+08:00,0.4935440887841761,0.5023573676413654,0.4847308099269867,0.4847308099269867,33000,0.0,0.0,0.0
2014-07-24 00:00:00+08:00,0.4891375005245209,0.4891375005245209,0.4891375005245209,0.4891375005245209,20000,0.0,0.0,0.0
2014-07-25 00:00:00+08:00,0.4847308606349452,0.49354414041409655,0.4847308606349452,0.4891375005245209,81000,0.0,0.0,0.0
2014-07-29 00:00:00+08:00,0.4891375005245209,0.4891375005245209,0.4891375005245209,0.4891375005245209,0,0.0,0.0,0.0
2014-07-30 00:00:00+08:00,0.4935441315174103,0.4935441315174103,0.4935441315174103,0.4935441315174103,1000,0.0,0.0,0.0
2014-07-31 00:00:00+08:00,0.4891375005245209,0.4891375005245209,0.4891375005245209,0.4891375005245209,10000,0.0,0.0,0.0
2014-08-01 00:00:00+08:00,0.4891375005245209,0.4891375005245209,0.4891375005245209,0.4891375005245209,3000,0.0,0.0,0.0
2014-08-04 00:00:00+08:00,0.4935441262392322,0.5111706852912903,0.4935441262392322,0.5111706852912903,521000,0.0,0.0,0.0
2014-08-05 00:00:00+08:00,0.5111706464985548,0.5111706464985548,0.4847308099269867,0.4847308099269867,64000,0.0,0.0,0.0
2014-08-06 00:00:00+08:00,0.4847308099269867,0.4847308099269867,0.4847308099269867,0.4847308099269867,0,0.0,0.0,0.0
2014-08-07 00:00:00+08:00,0.5111706852912903,0.5111706852912903,0.5111706852912903,0.5111706852912903,40000,0.0,0.0,0.0
2014-08-08 00:00:00+08:00,0.5111706852912903,0.5111706852912903,0.5111706852912903,0.5111706852912903,0,0.0,0.0,0.0
2014-08-11 00:00:00+08:00,0.4847308184400837,0.4847308184400837,0.4803241789340973,0.4803241789340973,20000,0.0,0.0,0.0
2014-08-12 00:00:00+08:00,0.4935441347805717,0.5067640542984009,0.4935441347805717,0.5067640542984009,25000,0.0,0.0,0.0
2014-08-13 00:00:00+08:00,0.5023574057652612,0.5111706852912903,0.4847308467132032,0.5111706852912903,43000,0.0,0.0,0.0
2014-08-14 00:00:00+08:00,0.5111706852912903,0.5111706852912903,0.5111706852912903,0.5111706852912903,0,0.0,0.0,0.0
2014-08-15 00:00:00+08:00,0.5111706852912903,0.5111706852912903,0.5111706852912903,0.5111706852912903,0,0.0,0.0,0.0
2014-08-18 00:00:00+08:00,0.5111706765961235,0.5199839559722359,0.5111706765961235,0.5155773162841797,357000,0.0,0.0,0.0
2014-08-19 00:00:00+08:00,0.5111706852912903,0.5155773250543048,0.5067640455282758,0.5111706852912903,137000,0.0,0.0,0.0
2014-08-20 00:00:00+08:00,0.5111706852912903,0.5111706852912903,0.5111706852912903,0.5111706852912903,11000,0.0,0.0,0.0
2014-08-21 00:00:00+08:00,0.5155773162841797,0.5155773162841797,0.5155773162841797,0.5155773162841797,9000,0.0,0.0,0.0
2014-08-22 00:00:00+08:00,0.5111706852912903,0.5111706852912903,0.5111706852912903,0.5111706852912903,31000,0.0,0.0,0.0
2014-08-25 00:00:00+08:00,0.5111706852912903,0.5111706852912903,0.5111706852912903,0.5111706852912903,0,0.0,0.0,0.0
2014-08-26 00:00:00+08:00,0.5111706852912903,0.5111706852912903,0.5111706852912903,0.5111706852912903,11000,0.0,0.0,0.0
2014-08-27 00:00:00+08:00,0.5111706852912903,0.5111706852912903,0.5111706852912903,0.5111706852912903,10000,0.0,0.0,0.0
2014-08-28 00:00:00+08:00,0.5155773162841797,0.5155773162841797,0.4979507575319547,0.5155773162841797,66000,0.0,0.0,0.0
2014-08-29 00:00:00+08:00,0.5155773162841797,0.5155773162841797,0.5155773162841797,0.5155773162841797,101000,0.0,0.0,0.0
2014-09-01 00:00:00+08:00,0.5155773250543048,0.5155773250543048,0.5111706852912903,0.5111706852912903,101000,0.0,0.0,0.0
2014-09-02 00:00:00+08:00,0.5111706941376772,0.5155773339769536,0.5067640542984009,0.5067640542984009,140000,0.0,0.0,0.0
2014-09-03 00:00:00+08:00,0.5199839472770691,0.5199839472770691,0.5199839472770691,0.5199839472770691,20000,0.0,0.0,0.0
2014-09-04 00:00:00+08:00,0.524390596567832,0.5464237928390503,0.524390596567832,0.5464237928390503,291000,0.0,0.0,0.0
2014-09-05 00:00:00+08:00,0.5420172194760652,0.5816770301168551,0.5420172194760652,0.5728636980056763,247000,0.0,0.0,0.0
2014-09-08 00:00:00+08:00,0.5640503936218008,0.5640503936218008,0.5552371144294739,0.5552371144294739,47000,0.0,0.0,0.0
2014-09-09 00:00:00+08:00,0.5596437916119457,0.5993036031723022,0.5596437916119457,0.5993036031723022,204000,0.0,0.0,0.0
2014-09-10 00:00:00+08:00,0.5993035695230828,0.5993035695230828,0.5860836505889893,0.5860836505889893,152000,0.0,0.0,0.0
2014-09-11 00:00:00+08:00,0.5948969545108705,0.6125235138195128,0.5948969545108705,0.6037102341651917,41000,0.0,0.0,0.0
2014-09-12 00:00:00+08:00,0.608116882956539,0.6169301627407757,0.5993036031723022,0.5993036031723022,48000,0.0,0.0,0.0
2014-09-15 00:00:00+08:00,0.603742846575166,0.603742846575166,0.568228542804718,0.568228542804718,26000,0.005,0.0,0.0
2014-09-16 00:00:00+08:00,0.5771071314811707,0.5948643106254909,0.5771071314811707,0.5771071314811707,41000,0.0,0.0,0.0
2014-09-17 00:00:00+08:00,0.5948642562502081,0.5948642562502081,0.5549106729780733,0.5593499541282654,54000,0.0,0.0,0.0
2014-09-18 00:00:00+08:00,0.5593499541282654,0.5593499541282654,0.5593499541282654,0.5593499541282654,0,0.0,0.0,0.0
2014-09-19 00:00:00+08:00,0.5637892484664917,0.5637892484664917,0.5637892484664917,0.5637892484664917,5000,0.0,0.0,0.0
2014-09-22 00:00:00+08:00,0.5682285297205265,0.5682285297205265,0.5637892484664917,0.5637892484664917,10000,0.0,0.0,0.0
2014-09-23 00:00:00+08:00,0.5637892484664917,0.5637892484664917,0.5637892484664917,0.5637892484664917,9000,0.0,0.0,0.0
2014-09-24 00:00:00+08:00,0.568228542804718,0.568228542804718,0.568228542804718,0.568228542804718,5000,0.0,0.0,0.0
2014-09-25 00:00:00+08:00,0.5682285683692159,0.6214999999613554,0.5682285683692159,0.5771071314811707,25000,0.0,0.0,0.0
2014-09-26 00:00:00+08:00,0.5771071632412831,0.5859857797622681,0.5771071632412831,0.5859857797622681,40000,0.0,0.0,0.0
2014-09-29 00:00:00+08:00,0.6081821322441101,0.6081821322441101,0.6081821322441101,0.6081821322441101,1000,0.0,0.0,0.0
2014-09-30 00:00:00+08:00,0.5771071314811707,0.5771071314811707,0.5771071314811707,0.5771071314811707,17000,0.0,0.0,0.0
2014-10-01 00:00:00+08:00,0.5771071314811707,0.5771071314811707,0.5771071314811707,0.5771071314811707,0,0.0,0.0,0.0
2014-10-02 00:00:00+08:00,0.5771071314811707,0.5771071314811707,0.5682285683692159,0.5771071314811707,148000,0.0,0.0,0.0
2014-10-03 00:00:00+08:00,0.5771071314811707,0.5771071314811707,0.5771071314811707,0.5771071314811707,20000,0.0,0.0,0.0
2014-10-07 00:00:00+08:00,0.585985721150146,0.585985721150146,0.568228542804718,0.568228542804718,20000,0.0,0.0,0.0
2014-10-08 00:00:00+08:00,0.5637892352784575,0.5637892352784575,0.5593499541282654,0.5593499541282654,28000,0.0,0.0,0.0
2014-10-09 00:00:00+08:00,0.5726678371429443,0.5726678371429443,0.5726678371429443,0.5726678371429443,18000,0.0,0.0,0.0
2014-10-10 00:00:00+08:00,0.5726678371429443,0.5726678371429443,0.5726678371429443,0.5726678371429443,0,0.0,0.0,0.0
2014-10-13 00:00:00+08:00,0.559349980092208,0.568228542804718,0.559349980092208,0.568228542804718,24000,0.0,0.0,0.0
2014-10-14 00:00:00+08:00,0.568228542804718,0.568228542804718,0.568228542804718,0.568228542804718,0,0.0,0.0,0.0
2014-10-15 00:00:00+08:00,0.5504714250564575,0.5504714250564575,0.5504714250564575,0.5504714250564575,10000,0.0,0.0,0.0
2014-10-16 00:00:00+08:00,0.5593499672124569,0.5637892484664917,0.5593499672124569,0.5637892484664917,12000,0.0,0.0,0.0
2014-10-17 00:00:00+08:00,0.5637892484664917,0.5637892484664917,0.5637892484664917,0.5637892484664917,0,0.0,0.0,0.0
2014-10-20 00:00:00+08:00,0.5504714250564575,0.5504714250564575,0.5504714250564575,0.5504714250564575,5000,0.0,0.0,0.0
2014-10-21 00:00:00+08:00,0.5504714250564575,0.5504714250564575,0.5504714250564575,0.5504714250564575,0,0.0,0.0,0.0
2014-10-22 00:00:00+08:00,0.5504714250564575,0.5504714250564575,0.5504714250564575,0.5504714250564575,0,0.0,0.0,0.0
2014-10-24 00:00:00+08:00,0.5504714250564575,0.5504714250564575,0.5504714250564575,0.5504714250564575,0,0.0,0.0,0.0
2014-10-27 00:00:00+08:00,0.5504714250564575,0.5504714250564575,0.5504714250564575,0.5504714250564575,0,0.0,0.0,0.0
2014-10-28 00:00:00+08:00,0.5193964242935181,0.5193964242935181,0.5193964242935181,0.5193964242935181,5000,0.0,0.0,0.0
2014-10-29 00:00:00+08:00,0.5504714250564575,0.5504714250564575,0.5504714250564575,0.5504714250564575,1000,0.0,0.0,0.0
2014-10-30 00:00:00+08:00,0.5504714250564575,0.5504714250564575,0.5504714250564575,0.5504714250564575,0,0.0,0.0,0.0
2014-10-31 00:00:00+08:00,0.5504714250564575,0.5504714250564575,0.5504714250564575,0.5504714250564575,0,0.0,0.0,0.0
2014-11-03 00:00:00+08:00,0.5504714250564575,0.5504714250564575,0.5504714250564575,0.5504714250564575,0,0.0,0.0,0.0
2014-11-04 00:00:00+08:00,0.5504714250564575,0.5504714250564575,0.5504714250564575,0.5504714250564575,0,0.0,0.0,0.0
2014-11-05 00:00:00+08:00,0.559349980092208,0.568228542804718,0.559349980092208,0.568228542804718,100000,0.0,0.0,0.0
2014-11-06 00:00:00+08:00,0.568228542804718,0.568228542804718,0.568228542804718,0.568228542804718,0,0.0,0.0,0.0
2014-11-07 00:00:00+08:00,0.568228542804718,0.568228542804718,0.568228542804718,0.568228542804718,0,0.0,0.0,0.0
2014-11-10 00:00:00+08:00,0.568228542804718,0.568228542804718,0.568228542804718,0.568228542804718,0,0.0,0.0,0.0
2014-11-11 00:00:00+08:00,0.568228542804718,0.568228542804718,0.568228542804718,0.568228542804718,0,0.0,0.0,0.0
2014-11-12 00:00:00+08:00,0.532714307308197,0.532714307308197,0.532714307308197,0.532714307308197,78000,0.0,0.0,0.0
2014-11-13 00:00:00+08:00,0.5327142943461546,0.5327142943461546,0.5016392717924588,0.5282750129699707,92000,0.0,0.0,0.0
2014-11-14 00:00:00+08:00,0.5238356586341578,0.5415928363800049,0.4794428465705561,0.5415928363800049,164000,0.0,0.0,0.0
2014-11-17 00:00:00+08:00,0.5327142743668863,0.5327142743668863,0.5238356590270996,0.5238356590270996,121000,0.0,0.0,0.0
2014-11-18 00:00:00+08:00,0.5238356590270996,0.5238356590270996,0.5238356590270996,0.5238356590270996,34000,0.0,0.0,0.0
2014-11-19 00:00:00+08:00,0.5238356590270996,0.5238356590270996,0.5238356590270996,0.5238356590270996,0,0.0,0.0,0.0
2014-11-20 00:00:00+08:00,0.5238357059004396,0.5238357059004396,0.5193964242935181,0.5193964242935181,100000,0.0,0.0,0.0
2014-11-21 00:00:00+08:00,0.5193964099351849,0.532714307308197,0.5193964099351849,0.532714307308197,13000,0.0,0.0,0.0
2014-11-24 00:00:00+08:00,0.532714307308197,0.532714307308197,0.532714307308197,0.532714307308197,14000,0.0,0.0,0.0
2014-11-25 00:00:00+08:00,0.532714307308197,0.532714307308197,0.532714307308197,0.532714307308197,0,0.0,0.0,0.0
2014-11-26 00:00:00+08:00,0.532714307308197,0.532714307308197,0.532714307308197,0.532714307308197,0,0.0,0.0,0.0
2014-11-27 00:00:00+08:00,0.532714307308197,0.532714307308197,0.532714307308197,0.532714307308197,0,0.0,0.0,0.0
2014-11-28 00:00:00+08:00,0.532714307308197,0.532714307308197,0.532714307308197,0.532714307308197,0,0.0,0.0,0.0
2014-12-01 00:00:00+08:00,0.532714307308197,0.532714307308197,0.532714307308197,0.532714307308197,0,0.0,0.0,0.0
2014-12-02 00:00:00+08:00,0.532714307308197,0.532714307308197,0.532714307308197,0.532714307308197,0,0.0,0.0,0.0
2014-12-03 00:00:00+08:00,0.5060785341883389,0.5238356590270996,0.5060785341883389,0.5238356590270996,60000,0.0,0.0,0.0
2014-12-04 00:00:00+08:00,0.5238356929496297,0.5238356929496297,0.5149571299552917,0.5149571299552917,58000,0.0,0.0,0.0
2014-12-05 00:00:00+08:00,0.5460321517607996,0.5460321517607996,0.532714307308197,0.532714307308197,20000,0.0,0.0,0.0
2014-12-08 00:00:00+08:00,0.5016393065452576,0.5016393065452576,0.5016393065452576,0.5016393065452576,30000,0.0,0.0,0.0
2014-12-09 00:00:00+08:00,0.4972000025141807,0.532714307308197,0.4972000025141807,0.532714307308197,23000,0.0,0.0,0.0
2014-12-10 00:00:00+08:00,0.532714307308197,0.532714307308197,0.532714307308197,0.532714307308197,0,0.0,0.0,0.0
2014-12-11 00:00:00+08:00,0.532714307308197,0.532714307308197,0.532714307308197,0.532714307308197,0,0.0,0.0,0.0
2014-12-12 00:00:00+08:00,0.532714307308197,0.532714307308197,0.532714307308197,0.532714307308197,0,0.0,0.0,0.0
2014-12-15 00:00:00+08:00,0.488321453332901,0.49276073494243916,0.488321453332901,0.488321453332901,35000,0.0,0.0,0.0
2014-12-16 00:00:00+08:00,0.4838821761085399,0.4838821761085399,0.47944289445877075,0.47944289445877075,60000,0.0,0.0,0.0
2014-12-17 00:00:00+08:00,0.49720001220703125,0.49720001220703125,0.49720001220703125,0.49720001220703125,12000,0.0,0.0,0.0
2014-12-18 00:00:00+08:00,0.5060785753485194,0.5060785753485194,0.49720001220703125,0.49720001220703125,7000,0.0,0.0,0.0
2014-12-19 00:00:00+08:00,0.49720001220703125,0.49720001220703125,0.49720001220703125,0.49720001220703125,0,0.0,0.0,0.0
2014-12-22 00:00:00+08:00,0.49720001220703125,0.49720001220703125,0.49720001220703125,0.49720001220703125,6000,0.0,0.0,0.0
2014-12-23 00:00:00+08:00,0.49720001220703125,0.49720001220703125,0.49720001220703125,0.49720001220703125,0,0.0,0.0,0.0
2014-12-24 00:00:00+08:00,0.49720001220703125,0.49720001220703125,0.49720001220703125,0.49720001220703125,0,0.0,0.0,0.0
2014-12-26 00:00:00+08:00,0.49720001220703125,0.49720001220703125,0.49720001220703125,0.49720001220703125,0,0.0,0.0,0.0
2014-12-29 00:00:00+08:00,0.49720001220703125,0.49720001220703125,0.49720001220703125,0.49720001220703125,0,0.0,0.0,0.0
2014-12-30 00:00:00+08:00,0.4972000248615271,0.5016393065452576,0.4972000248615271,0.5016393065452576,50000,0.0,0.0,0.0
2014-12-31 00:00:00+08:00,0.5016393065452576,0.5016393065452576,0.5016393065452576,0.5016393065452576,0,0.0,0.0,0.0
2015-01-02 00:00:00+08:00,0.5016393065452576,0.5016393065452576,0.5016393065452576,0.5016393065452576,0,0.0,0.0,0.0
2015-01-05 00:00:00+08:00,0.5016393065452576,0.5016393065452576,0.5016393065452576,0.5016393065452576,0,0.0,0.0,0.0
2015-01-06 00:00:00+08:00,0.5016393065452576,0.5016393065452576,0.5016393065452576,0.5016393065452576,0,0.0,0.0,0.0
2015-01-07 00:00:00+08:00,0.49720001220703125,0.49720001220703125,0.49720001220703125,0.49720001220703125,20000,0.0,0.0,0.0
2015-01-08 00:00:00+08:00,0.49720001220703125,0.49720001220703125,0.49720001220703125,0.49720001220703125,0,0.0,0.0,0.0
2015-01-09 00:00:00+08:00,0.49720001220703125,0.49720001220703125,0.49720001220703125,0.49720001220703125,0,0.0,0.0,0.0
2015-01-12 00:00:00+08:00,0.49720001220703125,0.49720001220703125,0.49720001220703125,0.49720001220703125,0,0.0,0.0,0.0
2015-01-13 00:00:00+08:00,0.4972000248615271,0.5016393065452576,0.4972000248615271,0.5016393065452576,20000,0.0,0.0,0.0
2015-01-14 00:00:00+08:00,0.4972000165519774,0.5060785797710537,0.488321453332901,0.488321453332901,42000,0.0,0.0,0.0
2015-01-15 00:00:00+08:00,0.488321453332901,0.488321453332901,0.488321453332901,0.488321453332901,0,0.0,0.0,0.0
2015-01-16 00:00:00+08:00,0.488321453332901,0.488321453332901,0.488321453332901,0.488321453332901,0,0.0,0.0,0.0
2015-01-19 00:00:00+08:00,0.4838821717233628,0.5060785797710537,0.4838821717233628,0.488321453332901,107000,0.0,0.0,0.0
2015-01-20 00:00:00+08:00,0.488321453332901,0.488321453332901,0.488321453332901,0.488321453332901,0,0.0,0.0,0.0
2015-01-21 00:00:00+08:00,0.4883214490655431,0.49720001220703125,0.4883214490655431,0.49720001220703125,1100,0.0,0.0,0.0
2015-01-22 00:00:00+08:00,0.5149570966077193,0.5238356590270996,0.5149570966077193,0.5238356590270996,15400,0.0,0.0,0.0
2015-01-23 00:00:00+08:00,0.5060785412788391,0.5193963850945016,0.5060785412788391,0.5060785412788391,50000,0.0,0.0,0.0
2015-01-26 00:00:00+08:00,0.5149571299552917,0.5149571299552917,0.5060785669609538,0.5149571299552917,21300,0.0,0.0,0.0
2015-01-27 00:00:00+08:00,0.4972000039666158,0.5149571299552917,0.4972000039666158,0.5149571299552917,20200,0.0,0.0,0.0
2015-01-28 00:00:00+08:00,0.5149571299552917,0.5149571299552917,0.5149571299552917,0.5149571299552917,0,0.0,0.0,0.0
2015-01-29 00:00:00+08:00,0.5149571299552917,0.5149571299552917,0.5149571299552917,0.5149571299552917,20000,0.0,0.0,0.0
2015-01-30 00:00:00+08:00,0.5149571299552917,0.5149571299552917,0.5149571299552917,0.5149571299552917,0,0.0,0.0,0.0
2015-02-02 00:00:00+08:00,0.5060785622359704,0.5060785622359704,0.49276071786880493,0.49276071786880493,14700,0.0,0.0,0.0
2015-02-03 00:00:00+08:00,0.49276071786880493,0.49276071786880493,0.49276071786880493,0.49276071786880493,0,0.0,0.0,0.0
2015-02-04 00:00:00+08:00,0.49276071786880493,0.49276071786880493,0.49276071786880493,0.49276071786880493,0,0.0,0.0,0.0
2015-02-05 00:00:00+08:00,0.49276071786880493,0.49276071786880493,0.49276071786880493,0.49276071786880493,0,0.0,0.0,0.0
2015-02-06 00:00:00+08:00,0.5193964242935181,0.5193964242935181,0.4794428898312244,0.5193964242935181,11000,0.0,0.0,0.0
2015-02-09 00:00:00+08:00,0.5193964242935181,0.5193964242935181,0.510517861079675,0.5193964242935181,21700,0.0,0.0,0.0
2015-02-10 00:00:00+08:00,0.5193964242935181,0.5193964242935181,0.5193964242935181,0.5193964242935181,0,0.0,0.0,0.0
2015-02-11 00:00:00+08:00,0.5193964242935181,0.5193964242935181,0.5193964242935181,0.5193964242935181,0,0.0,0.0,0.0
2015-02-12 00:00:00+08:00,0.5149571426865965,0.5193964242935181,0.5149571426865965,0.5193964242935181,8000,0.0,0.0,0.0
2015-02-13 00:00:00+08:00,0.5193964242935181,0.5193964242935181,0.5193964242935181,0.5193964242935181,0,0.0,0.0,0.0
2015-02-16 00:00:00+08:00,0.5193964242935181,0.5193964242935181,0.5193964242935181,0.5193964242935181,0,0.0,0.0,0.0
2015-02-17 00:00:00+08:00,0.5193964242935181,0.5193964242935181,0.5193964242935181,0.5193964242935181,0,0.0,0.0,0.0
2015-02-18 00:00:00+08:00,0.5282750273672085,0.5282750273672085,0.5149571299552917,0.5149571299552917,30000,0.0,0.0,0.0
2015-02-23 00:00:00+08:00,0.5149571299552917,0.5149571299552917,0.5149571299552917,0.5149571299552917,0,0.0,0.0,0.0
2015-02-24 00:00:00+08:00,0.5149571299552917,0.5149571299552917,0.5149571299552917,0.5149571299552917,0,0.0,0.0,0.0
2015-02-25 00:00:00+08:00,0.5282750129699707,0.5282750129699707,0.5282750129699707,0.5282750129699707,5000,0.0,0.0,0.0
2015-02-26 00:00:00+08:00,0.5282750258239962,0.532714307308197,0.5149571284509841,0.532714307308197,55000,0.0,0.0,0.0
2015-02-27 00:00:00+08:00,0.532714307308197,0.532714307308197,0.532714307308197,0.532714307308197,0,0.0,0.0,0.0
2015-03-02 00:00:00+08:00,0.532714307308197,0.532714307308197,0.532714307308197,0.532714307308197,0,0.0,0.0,0.0
2015-03-03 00:00:00+08:00,0.532714307308197,0.532714307308197,0.532714307308197,0.532714307308197,0,0.0,0.0,0.0
2015-03-04 00:00:00+08:00,0.5149571299552917,0.5149571299552917,0.5149571299552917,0.5149571299552917,10000,0.0,0.0,0.0
2015-03-05 00:00:00+08:00,0.5149571299552917,0.5149571299552917,0.5149571299552917,0.5149571299552917,0,0.0,0.0,0.0
2015-03-06 00:00:00+08:00,0.5149571299552917,0.5149571299552917,0.5149571299552917,0.5149571299552917,0,0.0,0.0,0.0
2015-03-09 00:00:00+08:00,0.5149571299552917,0.5149571299552917,0.5149571299552917,0.5149571299552917,0,0.0,0.0,0.0
2015-03-10 00:00:00+08:00,0.5149571299552917,0.5149571299552917,0.5149571299552917,0.5149571299552917,0,0.0,0.0,0.0
2015-03-11 00:00:00+08:00,0.5149571299552917,0.5149571299552917,0.5149571299552917,0.5149571299552917,0,0.0,0.0,0.0
2015-03-12 00:00:00+08:00,0.5149571299552917,0.5149571299552917,0.5149571299552917,0.5149571299552917,0,0.0,0.0,0.0
2015-03-13 00:00:00+08:00,0.5149571299552917,0.5149571299552917,0.5149571299552917,0.5149571299552917,0,0.0,0.0,0.0
2015-03-16 00:00:00+08:00,0.5149571299552917,0.5149571299552917,0.5149571299552917,0.5149571299552917,0,0.0,0.0,0.0
2015-03-17 00:00:00+08:00,0.5149571299552917,0.5149571299552917,0.5149571299552917,0.5149571299552917,0,0.0,0.0,0.0
2015-03-18 00:00:00+08:00,0.5060785412788391,0.5149571038226141,0.5060785412788391,0.5060785412788391,105000,0.0,0.0,0.0
2015-03-19 00:00:00+08:00,0.5105178484581228,0.5149571299552917,0.5105178484581228,0.5149571299552917,98000,0.0,0.0,0.0
2015-03-20 00:00:00+08:00,0.5193964242935181,0.5193964242935181,0.5193964242935181,0.5193964242935181,2000,0.0,0.0,0.0
2015-03-23 00:00:00+08:00,0.5193964242935181,0.5193964242935181,0.5193964242935181,0.5193964242935181,0,0.0,0.0,0.0
2015-03-24 00:00:00+08:00,0.5193964242935181,0.5193964242935181,0.5193964242935181,0.5193964242935181,0,0.0,0.0,0.0
2015-03-25 00:00:00+08:00,0.5193964242935181,0.5193964242935181,0.5193964242935181,0.5193964242935181,0,0.0,0.0,0.0
2015-03-26 00:00:00+08:00,0.5193964242935181,0.5193964242935181,0.5193964242935181,0.5193964242935181,0,0.0,0.0,0.0
2015-03-27 00:00:00+08:00,0.5193964242935181,0.5193964242935181,0.5193964242935181,0.5193964242935181,0,0.0,0.0,0.0
2015-03-30 00:00:00+08:00,0.48832142868952677,0.5105178356170654,0.48832142868952677,0.5105178356170654,10000,0.0,0.0,0.0
2015-03-31 00:00:00+08:00,0.5105178356170654,0.5105178356170654,0.5105178356170654,0.5105178356170654,4000,0.0,0.0,0.0
2015-04-01 00:00:00+08:00,0.5105178356170654,0.5105178356170654,0.5105178356170654,0.5105178356170654,0,0.0,0.0,0.0
2015-04-02 00:00:00+08:00,0.5105178356170654,0.5105178356170654,0.5105178356170654,0.5105178356170654,0,0.0,0.0,0.0
2015-04-06 00:00:00+08:00,0.5105178356170654,0.5105178356170654,0.5105178356170654,0.5105178356170654,0,0.0,0.0,0.0
2015-04-07 00:00:00+08:00,0.5105178356170654,0.5105178356170654,0.5105178356170654,0.5105178356170654,0,0.0,0.0,0.0
2015-04-08 00:00:00+08:00,0.5105178356170654,0.5105178356170654,0.5105178356170654,0.5105178356170654,0,0.0,0.0,0.0
2015-04-09 00:00:00+08:00,0.5105178356170654,0.5105178356170654,0.5105178356170654,0.5105178356170654,0,0.0,0.0,0.0
2015-04-10 00:00:00+08:00,0.5105178356170654,0.5105178356170654,0.5105178356170654,0.5105178356170654,0,0.0,0.0,0.0
2015-04-13 00:00:00+08:00,0.5060785412788391,0.5060785412788391,0.5060785412788391,0.5060785412788391,8000,0.0,0.0,0.0
2015-04-14 00:00:00+08:00,0.5060785412788391,0.5060785412788391,0.5060785412788391,0.5060785412788391,0,0.0,0.0,0.0
2015-04-15 00:00:00+08:00,0.5060785412788391,0.5060785412788391,0.5060785412788391,0.5060785412788391,0,0.0,0.0,0.0
2015-04-16 00:00:00+08:00,0.5060785412788391,0.5060785412788391,0.5060785412788391,0.5060785412788391,0,0.0,0.0,0.0
2015-04-17 00:00:00+08:00,0.5060785412788391,0.5105178225507266,0.5060785412788391,0.5060785412788391,22400,0.0,0.0,0.0
2015-04-20 00:00:00+08:00,0.5060785412788391,0.5060785412788391,0.5060785412788391,0.5060785412788391,0,0.0,0.0,0.0
2015-04-21 00:00:00+08:00,0.47500360012054443,0.47500360012054443,0.47500360012054443,0.47500360012054443,100,0.0,0.0,0.0
2015-04-22 00:00:00+08:00,0.47500360012054443,0.47500360012054443,0.47500360012054443,0.47500360012054443,0,0.0,0.0,0.0
2015-04-23 00:00:00+08:00,0.47500360012054443,0.47500360012054443,0.47500360012054443,0.47500360012054443,0,0.0,0.0,0.0
2015-04-24 00:00:00+08:00,0.47500360012054443,0.47500360012054443,0.47500360012054443,0.47500360012054443,89000,0.0,0.0,0.0
2015-04-27 00:00:00+08:00,0.47500360012054443,0.47500360012054443,0.47500360012054443,0.47500360012054443,0,0.0,0.0,0.0
2015-04-28 00:00:00+08:00,0.47500360012054443,0.47500360012054443,0.47500360012054443,0.47500360012054443,0,0.0,0.0,0.0
2015-04-29 00:00:00+08:00,0.47500360012054443,0.47500360012054443,0.47500360012054443,0.47500360012054443,0,0.0,0.0,0.0
2015-04-30 00:00:00+08:00,0.47500360012054443,0.47500360012054443,0.47500360012054443,0.47500360012054443,0,0.0,0.0,0.0
2015-05-04 00:00:00+08:00,0.4705642759799957,0.4705642759799957,0.4705642759799957,0.4705642759799957,13000,0.0,0.0,0.0
2015-05-05 00:00:00+08:00,0.4705642759799957,0.4705642759799957,0.4705642759799957,0.4705642759799957,0,0.0,0.0,0.0
2015-05-06 00:00:00+08:00,0.4705642759799957,0.4705642759799957,0.4705642759799957,0.4705642759799957,0,0.0,0.0,0.0
2015-05-07 00:00:00+08:00,0.4705642759799957,0.4705642759799957,0.4705642759799957,0.4705642759799957,0,0.0,0.0,0.0
2015-05-08 00:00:00+08:00,0.42617139900425344,0.5060785412788391,0.42617139900425344,0.5060785412788391,10100,0.0,0.0,0.0
2015-05-11 00:00:00+08:00,0.5060785412788391,0.5060785412788391,0.5060785412788391,0.5060785412788391,0,0.0,0.0,0.0
2015-05-12 00:00:00+08:00,0.49720001220703125,0.49720001220703125,0.49720001220703125,0.49720001220703125,10000,0.0,0.0,0.0
2015-05-13 00:00:00+08:00,0.49720001220703125,0.49720001220703125,0.49720001220703125,0.49720001220703125,0,0.0,0.0,0.0
2015-05-14 00:00:00+08:00,0.49720001220703125,0.49720001220703125,0.49720001220703125,0.49720001220703125,0,0.0,0.0,0.0
2015-05-15 00:00:00+08:00,0.49720001220703125,0.49720001220703125,0.49720001220703125,0.49720001220703125,0,0.0,0.0,0.0
2015-05-18 00:00:00+08:00,0.49720001220703125,0.49720001220703125,0.49720001220703125,0.49720001220703125,0,0.0,0.0,0.0
2015-05-19 00:00:00+08:00,0.49720001220703125,0.49720001220703125,0.49720001220703125,0.49720001220703125,0,0.0,0.0,0.0
2015-05-20 00:00:00+08:00,0.49720001220703125,0.49720001220703125,0.49720001220703125,0.49720001220703125,0,0.0,0.0,0.0
2015-05-21 00:00:00+08:00,0.49720001220703125,0.49720001220703125,0.49720001220703125,0.49720001220703125,0,0.0,0.0,0.0
2015-05-22 00:00:00+08:00,0.49720001220703125,0.49720001220703125,0.49720001220703125,0.49720001220703125,0,0.0,0.0,0.0
2015-05-25 00:00:00+08:00,0.49720001220703125,0.49720001220703125,0.49720001220703125,0.49720001220703125,0,0.0,0.0,0.0
2015-05-26 00:00:00+08:00,0.49720001220703125,0.49720001220703125,0.49720001220703125,0.49720001220703125,0,0.0,0.0,0.0
2015-05-27 00:00:00+08:00,0.49720001220703125,0.49720001220703125,0.49720001220703125,0.49720001220703125,0,0.0,0.0,0.0
2015-05-28 00:00:00+08:00,0.49720001220703125,0.49720001220703125,0.49720001220703125,0.49720001220703125,0,0.0,0.0,0.0
2015-05-29 00:00:00+08:00,0.49720001220703125,0.49720001220703125,0.49720001220703125,0.49720001220703125,0,0.0,0.0,0.0
2015-06-02 00:00:00+08:00,0.49720001220703125,0.49720001220703125,0.49720001220703125,0.49720001220703125,0,0.0,0.0,0.0
2015-06-03 00:00:00+08:00,0.49720001220703125,0.49720001220703125,0.49720001220703125,0.49720001220703125,0,0.0,0.0,0.0
2015-06-04 00:00:00+08:00,0.4655599892139435,0.4791199763446177,0.4655599892139435,0.4655599892139435,30800,0.01,0.0,0.0
2015-06-05 00:00:00+08:00,0.4519999921321869,0.4519999921321869,0.4519999921321869,0.4519999921321869,8000,0.0,0.0,0.0
2015-06-08 00:00:00+08:00,0.4519999921321869,0.4519999921321869,0.4519999921321869,0.4519999921321869,0,0.0,0.0,0.0
2015-06-09 00:00:00+08:00,0.4565199911594391,0.4565199911594391,0.4565199911594391,0.4565199911594391,200,0.0,0.0,0.0
2015-06-10 00:00:00+08:00,0.4565199911594391,0.4565199911594391,0.4565199911594391,0.4565199911594391,0,0.0,0.0,0.0
2015-06-11 00:00:00+08:00,0.4565199911594391,0.4565199911594391,0.4565199911594391,0.4565199911594391,0,0.0,0.0,0.0
2015-06-12 00:00:00+08:00,0.4474799931049347,0.4474799931049347,0.4474799931049347,0.4474799931049347,100,0.0,0.0,0.0
2015-06-15 00:00:00+08:00,0.4429599940776825,0.4429599940776825,0.4429599940776825,0.4429599940776825,1300,0.0,0.0,0.0
2015-06-16 00:00:00+08:00,0.4429599940776825,0.4429599940776825,0.4429599940776825,0.4429599940776825,0,0.0,0.0,0.0
2015-06-17 00:00:00+08:00,0.4429599940776825,0.4429599940776825,0.4429599940776825,0.4429599940776825,5000,0.0,0.0,0.0
2015-06-18 00:00:00+08:00,0.4429599940776825,0.4429599940776825,0.4429599940776825,0.4429599940776825,5000,0.0,0.0,0.0
2015-06-19 00:00:00+08:00,0.4429599975287311,0.4474799931049347,0.4429599975287311,0.4474799931049347,19000,0.0,0.0,0.0
2015-06-22 00:00:00+08:00,0.4474799931049347,0.4474799931049347,0.4474799931049347,0.4474799931049347,0,0.0,0.0,0.0
2015-06-23 00:00:00+08:00,0.4474799931049347,0.4474799931049347,0.4474799931049347,0.4474799931049347,0,0.0,0.0,0.0
2015-06-24 00:00:00+08:00,0.4700799882411957,0.4700799882411957,0.4700799882411957,0.4700799882411957,10000,0.0,0.0,0.0
2015-06-25 00:00:00+08:00,0.4700799882411957,0.4700799882411957,0.4700799882411957,0.4700799882411957,0,0.0,0.0,0.0
2015-06-26 00:00:00+08:00,0.4700799882411957,0.4700799882411957,0.4700799882411957,0.4700799882411957,0,0.0,0.0,0.0
2015-06-29 00:00:00+08:00,0.4700799882411957,0.4700799882411957,0.4700799882411957,0.4700799882411957,0,0.0,0.0,0.0
2015-06-30 00:00:00+08:00,0.4700799882411957,0.4700799882411957,0.4700799882411957,0.4700799882411957,0,0.0,0.0,0.0
2015-07-01 00:00:00+08:00,0.4700799882411957,0.4700799882411957,0.4700799882411957,0.4700799882411957,0,0.0,0.0,0.0
2015-07-02 00:00:00+08:00,0.4610399901866913,0.4610399901866913,0.4610399901866913,0.4610399901866913,4000,0.0,0.0,0.0
2015-07-03 00:00:00+08:00,0.4610399901866913,0.4610399901866913,0.4610399901866913,0.4610399901866913,0,0.0,0.0,0.0
2015-07-06 00:00:00+08:00,0.4610399901866913,0.4610399901866913,0.4610399901866913,0.4610399901866913,0,0.0,0.0,0.0
2015-07-07 00:00:00+08:00,0.4610399901866913,0.4610399901866913,0.4610399901866913,0.4610399901866913,0,0.0,0.0,0.0
2015-07-08 00:00:00+08:00,0.49720001220703125,0.49720001220703125,0.49720001220703125,0.49720001220703125,20000,0.0,0.0,0.0
2015-07-09 00:00:00+08:00,0.48816001415252686,0.48816001415252686,0.48816001415252686,0.48816001415252686,5000,0.0,0.0,0.0
2015-07-10 00:00:00+08:00,0.48816001415252686,0.48816001415252686,0.48816001415252686,0.48816001415252686,0,0.0,0.0,0.0
2015-07-13 00:00:00+08:00,0.48816001415252686,0.48816001415252686,0.48816001415252686,0.48816001415252686,0,0.0,0.0,0.0
2015-07-14 00:00:00+08:00,0.48816001415252686,0.48816001415252686,0.48816001415252686,0.48816001415252686,0,0.0,0.0,0.0
2015-07-15 00:00:00+08:00,0.48816001415252686,0.48816001415252686,0.48816001415252686,0.48816001415252686,0,0.0,0.0,0.0
2015-07-16 00:00:00+08:00,0.48816001415252686,0.48816001415252686,0.48816001415252686,0.48816001415252686,0,0.0,0.0,0.0
2015-07-20 00:00:00+08:00,0.48816001415252686,0.48816001415252686,0.48816001415252686,0.48816001415252686,0,0.0,0.0,0.0
2015-07-21 00:00:00+08:00,0.48816001415252686,0.48816001415252686,0.48816001415252686,0.48816001415252686,0,0.0,0.0,0.0
2015-07-22 00:00:00+08:00,0.48816001415252686,0.48816001415252686,0.48816001415252686,0.48816001415252686,0,0.0,0.0,0.0
2015-07-23 00:00:00+08:00,0.48816001415252686,0.48816001415252686,0.48816001415252686,0.48816001415252686,0,0.0,0.0,0.0
2015-07-24 00:00:00+08:00,0.48816001415252686,0.48816001415252686,0.48816001415252686,0.48816001415252686,0,0.0,0.0,0.0
2015-07-27 00:00:00+08:00,0.48816001415252686,0.48816001415252686,0.48816001415252686,0.48816001415252686,0,0.0,0.0,0.0
2015-07-28 00:00:00+08:00,0.48816001415252686,0.48816001415252686,0.48816001415252686,0.48816001415252686,0,0.0,0.0,0.0
2015-07-29 00:00:00+08:00,0.48816001415252686,0.48816001415252686,0.48816001415252686,0.48816001415252686,0,0.0,0.0,0.0
2015-07-30 00:00:00+08:00,0.49720001220703125,0.49720001220703125,0.49720001220703125,0.49720001220703125,10000,0.0,0.0,0.0
2015-07-31 00:00:00+08:00,0.49720001220703125,0.49720001220703125,0.49720001220703125,0.49720001220703125,0,0.0,0.0,0.0
2015-08-03 00:00:00+08:00,0.49720001220703125,0.49720001220703125,0.49720001220703125,0.49720001220703125,0,0.0,0.0,0.0
2015-08-04 00:00:00+08:00,0.49720001220703125,0.49720001220703125,0.49720001220703125,0.49720001220703125,0,0.0,0.0,0.0
2015-08-05 00:00:00+08:00,0.49720001220703125,0.49720001220703125,0.49720001220703125,0.49720001220703125,0,0.0,0.0,0.0
2015-08-06 00:00:00+08:00,0.49720001220703125,0.49720001220703125,0.49720001220703125,0.49720001220703125,0,0.0,0.0,0.0
2015-08-07 00:00:00+08:00,0.49720001220703125,0.49720001220703125,0.49720001220703125,0.49720001220703125,0,0.0,0.0,0.0
2015-08-11 00:00:00+08:00,0.4519999921321869,0.470079974575043,0.4519999921321869,0.4519999921321869,29000,0.0,0.0,0.0
2015-08-12 00:00:00+08:00,0.4519999921321869,0.4519999921321869,0.4519999921321869,0.4519999921321869,0,0.0,0.0,0.0
2015-08-13 00:00:00+08:00,0.4519999921321869,0.4519999921321869,0.4519999921321869,0.4519999921321869,0,0.0,0.0,0.0
2015-08-14 00:00:00+08:00,0.4519999921321869,0.4519999921321869,0.4519999921321869,0.4519999921321869,0,0.0,0.0,0.0
2015-08-17 00:00:00+08:00,0.4519999921321869,0.4519999921321869,0.4519999921321869,0.4519999921321869,0,0.0,0.0,0.0
2015-08-18 00:00:00+08:00,0.4519999921321869,0.4519999921321869,0.4519999921321869,0.4519999921321869,0,0.0,0.0,0.0
2015-08-19 00:00:00+08:00,0.4519999921321869,0.4519999921321869,0.4519999921321869,0.4519999921321869,0,0.0,0.0,0.0
2015-08-20 00:00:00+08:00,0.4519999921321869,0.4519999921321869,0.4519999921321869,0.4519999921321869,0,0.0,0.0,0.0
2015-08-21 00:00:00+08:00,0.4519999921321869,0.4519999921321869,0.4519999921321869,0.4519999921321869,0,0.0,0.0,0.0
2015-08-24 00:00:00+08:00,0.36160000960643496,0.4700799882411957,0.36160000960643496,0.4700799882411957,174000,0.0,0.0,0.0
2015-08-25 00:00:00+08:00,0.41583999713021086,0.4519999886811383,0.36159999633317036,0.4474799931049347,69000,0.0,0.0,0.0
2015-08-26 00:00:00+08:00,0.3706399845979655,0.4429599940776825,0.3706399845979655,0.4429599940776825,23500,0.0,0.0,0.0
2015-08-27 00:00:00+08:00,0.38871999596981727,0.44295999666054986,0.37967997789382935,0.37967997789382935,10100,0.0,0.0,0.0
2015-08-28 00:00:00+08:00,0.39775999711280646,0.40227999279388166,0.38872000575065613,0.38872000575065613,18000,0.0,0.0,0.0
2015-08-31 00:00:00+08:00,0.37967997789382935,0.37967997789382935,0.37967997789382935,0.37967997789382935,5000,0.0,0.0,0.0
2015-09-01 00:00:00+08:00,0.3977600038051605,0.41584001377495866,0.3977600038051605,0.3977600038051605,5500,0.0,0.0,0.0
2015-09-02 00:00:00+08:00,0.3977600038051605,0.3977600038051605,0.3977600038051605,0.3977600038051605,0,0.0,0.0,0.0
2015-09-03 00:00:00+08:00,0.3977600038051605,0.3977600038051605,0.3977600038051605,0.3977600038051605,0,0.0,0.0,0.0
2015-09-04 00:00:00+08:00,0.3977600038051605,0.3977600038051605,0.3977600038051605,0.3977600038051605,0,0.0,0.0,0.0
2015-09-07 00:00:00+08:00,0.3977600038051605,0.3977600038051605,0.3977600038051605,0.3977600038051605,0,0.0,0.0,0.0
2015-09-08 00:00:00+08:00,0.3977600038051605,0.3977600038051605,0.3977600038051605,0.3977600038051605,0,0.0,0.0,0.0
2015-09-09 00:00:00+08:00,0.3977600038051605,0.3977600038051605,0.3977600038051605,0.3977600038051605,0,0.0,0.0,0.0
2015-09-10 00:00:00+08:00,0.3977600038051605,0.3977600038051605,0.3977600038051605,0.3977600038051605,0,0.0,0.0,0.0
2015-09-14 00:00:00+08:00,0.3977600038051605,0.3977600038051605,0.3977600038051605,0.3977600038051605,0,0.0,0.0,0.0
2015-09-15 00:00:00+08:00,0.3977600038051605,0.3977600038051605,0.3977600038051605,0.3977600038051605,0,0.0,0.0,0.0
2015-09-16 00:00:00+08:00,0.3977600038051605,0.3977600038051605,0.3977600038051605,0.3977600038051605,0,0.0,0.0,0.0
2015-09-17 00:00:00+08:00,0.3977600038051605,0.3977600038051605,0.3977600038051605,0.3977600038051605,0,0.0,0.0,0.0
2015-09-18 00:00:00+08:00,0.37967997789382935,0.37967997789382935,0.37967997789382935,0.37967997789382935,11000,0.0,0.0,0.0
2015-09-21 00:00:00+08:00,0.38872000575065613,0.38872000575065613,0.38872000575065613,0.38872000575065613,9000,0.0,0.0,0.0
2015-09-22 00:00:00+08:00,0.38872000575065613,0.38872000575065613,0.38872000575065613,0.38872000575065613,0,0.0,0.0,0.0
2015-09-23 00:00:00+08:00,0.38872000575065613,0.38872000575065613,0.38872000575065613,0.38872000575065613,0,0.0,0.0,0.0
2015-09-25 00:00:00+08:00,0.37063997983932495,0.37063997983932495,0.37063997983932495,0.37063997983932495,9000,0.0,0.0,0.0
2015-09-28 00:00:00+08:00,0.37063997983932495,0.37063997983932495,0.37063997983932495,0.37063997983932495,0,0.0,0.0,0.0
2015-09-29 00:00:00+08:00,0.3977600038051605,0.3977600038051605,0.3977600038051605,0.3977600038051605,700,0.0,0.0,0.0
2015-09-30 00:00:00+08:00,0.3977600038051605,0.3977600038051605,0.3977600038051605,0.3977600038051605,0,0.0,0.0,0.0
2015-10-01 00:00:00+08:00,0.3977600038051605,0.3977600038051605,0.3977600038051605,0.3977600038051605,0,0.0,0.0,0.0
2015-10-02 00:00:00+08:00,0.3977600038051605,0.3977600038051605,0.3977600038051605,0.3977600038051605,0,0.0,0.0,0.0
2015-10-05 00:00:00+08:00,0.3977600038051605,0.3977600038051605,0.3977600038051605,0.3977600038051605,0,0.0,0.0,0.0
2015-10-06 00:00:00+08:00,0.3841999911940491,0.40227997303009033,0.3841999911940491,0.40227997303009033,25000,0.0,0.0,0.0
2015-10-07 00:00:00+08:00,0.3932400047779083,0.3932400047779083,0.3932400047779083,0.3932400047779083,200,0.0,0.0,0.0
2015-10-08 00:00:00+08:00,0.37967997080523835,0.37967997080523835,0.37063997983932495,0.37063997983932495,10100,0.0,0.0,0.0
2015-10-09 00:00:00+08:00,0.37063997983932495,0.37063997983932495,0.37063997983932495,0.37063997983932495,0,0.0,0.0,0.0
2015-10-12 00:00:00+08:00,0.37063997983932495,0.37063997983932495,0.37063997983932495,0.37063997983932495,0,0.0,0.0,0.0
2015-10-13 00:00:00+08:00,0.3751599753222816,0.3751599753222816,0.37063997983932495,0.37063997983932495,16000,0.0,0.0,0.0
2015-10-14 00:00:00+08:00,0.37063997983932495,0.37063997983932495,0.37063997983932495,0.37063997983932495,0,0.0,0.0,0.0
2015-10-15 00:00:00+08:00,0.37063997983932495,0.37063997983932495,0.37063997983932495,0.37063997983932495,0,0.0,0.0,0.0
2015-10-16 00:00:00+08:00,0.37063998675914017,0.37967997789382935,0.37063998675914017,0.37967997789382935,2000,0.0,0.0,0.0
2015-10-19 00:00:00+08:00,0.37967997789382935,0.37967997789382935,0.37967997789382935,0.37967997789382935,0,0.0,0.0,0.0
2015-10-20 00:00:00+08:00,0.37967997789382935,0.37967997789382935,0.37967997789382935,0.37967997789382935,15000,0.0,0.0,0.0
2015-10-21 00:00:00+08:00,0.37967997789382935,0.37967997789382935,0.37967997789382935,0.37967997789382935,0,0.0,0.0,0.0
2015-10-22 00:00:00+08:00,0.37967997789382935,0.37967997789382935,0.37967997789382935,0.37967997789382935,0,0.0,0.0,0.0
2015-10-23 00:00:00+08:00,0.37967997789382935,0.37967997789382935,0.37967997789382935,0.37967997789382935,19000,0.0,0.0,0.0
2015-10-26 00:00:00+08:00,0.38872000575065613,0.38872000575065613,0.38872000575065613,0.38872000575065613,10000,0.0,0.0,0.0
2015-10-27 00:00:00+08:00,0.37967997789382935,0.37967997789382935,0.37967997789382935,0.37967997789382935,1000,0.0,0.0,0.0
2015-10-28 00:00:00+08:00,0.37967997789382935,0.37967997789382935,0.37967997789382935,0.37967997789382935,0,0.0,0.0,0.0
2015-10-29 00:00:00+08:00,0.37967997789382935,0.37967997789382935,0.37967997789382935,0.37967997789382935,0,0.0,0.0,0.0
2015-10-30 00:00:00+08:00,0.37967997789382935,0.37967997789382935,0.37967997789382935,0.37967997789382935,0,0.0,0.0,0.0
2015-11-02 00:00:00+08:00,0.37967997789382935,0.37967997789382935,0.37967997789382935,0.37967997789382935,0,0.0,0.0,0.0
2015-11-03 00:00:00+08:00,0.37967997789382935,0.37967997789382935,0.37967997789382935,0.37967997789382935,0,0.0,0.0,0.0
2015-11-04 00:00:00+08:00,0.37967997789382935,0.37967997789382935,0.37967997789382935,0.37967997789382935,0,0.0,0.0,0.0
2015-11-05 00:00:00+08:00,0.37967997789382935,0.37967997789382935,0.37967997789382935,0.37967997789382935,0,0.0,0.0,0.0
2015-11-06 00:00:00+08:00,0.38872000575065613,0.38872000575065613,0.38872000575065613,0.38872000575065613,10000,0.0,0.0,0.0
2015-11-09 00:00:00+08:00,0.3796799874472064,0.38872000575065613,0.3796799874472064,0.38872000575065613,3000,0.0,0.0,0.0
2015-11-11 00:00:00+08:00,0.38872000575065613,0.38872000575065613,0.38872000575065613,0.38872000575065613,0,0.0,0.0,0.0
2015-11-12 00:00:00+08:00,0.38872000575065613,0.38872000575065613,0.38872000575065613,0.38872000575065613,0,0.0,0.0,0.0
2015-11-13 00:00:00+08:00,0.38872000575065613,0.38872000575065613,0.38872000575065613,0.38872000575065613,0,0.0,0.0,0.0
2015-11-16 00:00:00+08:00,0.38872000575065613,0.38872000575065613,0.38872000575065613,0.38872000575065613,8000,0.0,0.0,0.0
2015-11-17 00:00:00+08:00,0.38872000575065613,0.38872000575065613,0.38872000575065613,0.38872000575065613,0,0.0,0.0,0.0
2015-11-18 00:00:00+08:00,0.38872000575065613,0.38872000575065613,0.38872000575065613,0.38872000575065613,0,0.0,0.0,0.0
2015-11-19 00:00:00+08:00,0.38872000575065613,0.38872000575065613,0.38872000575065613,0.38872000575065613,0,0.0,0.0,0.0
2015-11-20 00:00:00+08:00,0.38872000575065613,0.38872000575065613,0.38872000575065613,0.38872000575065613,0,0.0,0.0,0.0
2015-11-23 00:00:00+08:00,0.38872000575065613,0.38872000575065613,0.38872000575065613,0.38872000575065613,0,0.0,0.0,0.0
2015-11-24 00:00:00+08:00,0.38872000575065613,0.38872000575065613,0.38872000575065613,0.38872000575065613,0,0.0,0.0,0.0
2015-11-25 00:00:00+08:00,0.38872000575065613,0.38872000575065613,0.38872000575065613,0.38872000575065613,0,0.0,0.0,0.0
2015-11-26 00:00:00+08:00,0.38420000672340393,0.38420000672340393,0.38420000672340393,0.38420000672340393,12000,0.0,0.0,0.0
2015-11-27 00:00:00+08:00,0.38420000672340393,0.38420000672340393,0.38420000672340393,0.38420000672340393,0,0.0,0.0,0.0
2015-11-30 00:00:00+08:00,0.38420000672340393,0.38420000672340393,0.38420000672340393,0.38420000672340393,0,0.0,0.0,0.0
2015-12-01 00:00:00+08:00,0.3887200090583714,0.43844001585587694,0.3887200090583714,0.3932400047779083,2700,0.0,0.0,0.0
2015-12-02 00:00:00+08:00,0.3932400047779083,0.3932400047779083,0.3932400047779083,0.3932400047779083,0,0.0,0.0,0.0
2015-12-03 00:00:00+08:00,0.3932400047779083,0.3932400047779083,0.3932400047779083,0.3932400047779083,10000,0.0,0.0,0.0
2015-12-04 00:00:00+08:00,0.3932400047779083,0.3932400047779083,0.3932400047779083,0.3932400047779083,40900,0.0,0.0,0.0
2015-12-07 00:00:00+08:00,0.38872000575065613,0.38872000575065613,0.38872000575065613,0.38872000575065613,1000,0.0,0.0,0.0
2015-12-08 00:00:00+08:00,0.38872000575065613,0.38872000575065613,0.38872000575065613,0.38872000575065613,10000,0.0,0.0,0.0
2015-12-09 00:00:00+08:00,0.38872000575065613,0.38872000575065613,0.38872000575065613,0.38872000575065613,0,0.0,0.0,0.0
2015-12-10 00:00:00+08:00,0.38419998951017065,0.38419998951017065,0.36611998081207275,0.36611998081207275,20000,0.0,0.0,0.0
2015-12-11 00:00:00+08:00,0.36611998081207275,0.36611998081207275,0.36611998081207275,0.36611998081207275,0,0.0,0.0,0.0
2015-12-14 00:00:00+08:00,0.36611998081207275,0.36611998081207275,0.36611998081207275,0.36611998081207275,0,0.0,0.0,0.0
2015-12-15 00:00:00+08:00,0.38872000575065613,0.38872000575065613,0.38872000575065613,0.38872000575065613,38000,0.0,0.0,0.0
2015-12-16 00:00:00+08:00,0.38872000575065613,0.38872000575065613,0.38872000575065613,0.38872000575065613,0,0.0,0.0,0.0
2015-12-17 00:00:00+08:00,0.38872000575065613,0.38872000575065613,0.38872000575065613,0.38872000575065613,0,0.0,0.0,0.0
2015-12-18 00:00:00+08:00,0.38872000575065613,0.38872000575065613,0.38872000575065613,0.38872000575065613,0,0.0,0.0,0.0
2015-12-21 00:00:00+08:00,0.38872000575065613,0.38872000575065613,0.38872000575065613,0.38872000575065613,0,0.0,0.0,0.0
2015-12-22 00:00:00+08:00,0.38872000575065613,0.38872000575065613,0.38872000575065613,0.38872000575065613,0,0.0,0.0,0.0
2015-12-23 00:00:00+08:00,0.37967997789382935,0.37967997789382935,0.37967997789382935,0.37967997789382935,20000,0.0,0.0,0.0
2015-12-24 00:00:00+08:00,0.37967997789382935,0.37967997789382935,0.37967997789382935,0.37967997789382935,0,0.0,0.0,0.0
2015-12-28 00:00:00+08:00,0.38872000575065613,0.38872000575065613,0.38872000575065613,0.38872000575065613,10000,0.0,0.0,0.0
2015-12-29 00:00:00+08:00,0.37063997983932495,0.37063997983932495,0.37063997983932495,0.37063997983932495,60000,0.0,0.0,0.0
2015-12-30 00:00:00+08:00,0.37063997983932495,0.37063997983932495,0.37063997983932495,0.37063997983932495,0,0.0,0.0,0.0
2015-12-31 00:00:00+08:00,0.37063997983932495,0.37063997983932495,0.37063997983932495,0.37063997983932495,0,0.0,0.0,0.0
2016-01-04 00:00:00+08:00,0.37063997983932495,0.37063997983932495,0.37063997983932495,0.37063997983932495,0,0.0,0.0,0.0
2016-01-05 00:00:00+08:00,0.37063997983932495,0.37063997983932495,0.37063997983932495,0.37063997983932495,0,0.0,0.0,0.0
2016-01-06 00:00:00+08:00,0.37063997983932495,0.37063997983932495,0.37063997983932495,0.37063997983932495,0,0.0,0.0,0.0
2016-01-07 00:00:00+08:00,0.37063997983932495,0.37063997983932495,0.37063997983932495,0.37063997983932495,0,0.0,0.0,0.0
2016-01-08 00:00:00+08:00,0.37063997983932495,0.37063997983932495,0.37063997983932495,0.37063997983932495,0,0.0,0.0,0.0
2016-01-11 00:00:00+08:00,0.37064000312089906,0.37064000312089906,0.36160001158714294,0.36160001158714294,20000,0.0,0.0,0.0
2016-01-12 00:00:00+08:00,0.36160001158714294,0.36160001158714294,0.36160001158714294,0.36160001158714294,0,0.0,0.0,0.0
2016-01-13 00:00:00+08:00,0.37967997789382935,0.37967997789382935,0.37967997789382935,0.37967997789382935,2000,0.0,0.0,0.0
2016-01-14 00:00:00+08:00,0.36611999119179556,0.37967997789382935,0.36159999562445094,0.37967997789382935,43000,0.0,0.0,0.0
2016-01-15 00:00:00+08:00,0.3706400023211132,0.3977600038051605,0.3706400023211132,0.3977600038051605,294100,0.0,0.0,0.0
2016-01-18 00:00:00+08:00,0.3977600038051605,0.3977600038051605,0.3977600038051605,0.3977600038051605,0,0.0,0.0,0.0
2016-01-19 00:00:00+08:00,0.3977600038051605,0.3977600038051605,0.3977600038051605,0.3977600038051605,0,0.0,0.0,0.0
2016-01-20 00:00:00+08:00,0.3977600038051605,0.3977600038051605,0.3977600038051605,0.3977600038051605,0,0.0,0.0,0.0
2016-01-21 00:00:00+08:00,0.3977600038051605,0.3977600038051605,0.3977600038051605,0.3977600038051605,0,0.0,0.0,0.0
2016-01-22 00:00:00+08:00,0.3977600038051605,0.3977600038051605,0.3977600038051605,0.3977600038051605,0,0.0,0.0,0.0
2016-01-25 00:00:00+08:00,0.3977600038051605,0.3977600038051605,0.3977600038051605,0.3977600038051605,0,0.0,0.0,0.0
2016-01-26 00:00:00+08:00,0.3254400011430296,0.37515997886657715,0.3254400011430296,0.37515997886657715,46100,0.0,0.0,0.0
2016-01-27 00:00:00+08:00,0.3254400011430296,0.37515997886657715,0.3254400011430296,0.37515997886657715,10200,0.0,0.0,0.0
2016-01-28 00:00:00+08:00,0.37515997886657715,0.37515997886657715,0.37515997886657715,0.37515997886657715,0,0.0,0.0,0.0
2016-01-29 00:00:00+08:00,0.37515997886657715,0.37515997886657715,0.37515997886657715,0.37515997886657715,0,0.0,0.0,0.0
2016-02-01 00:00:00+08:00,0.3344799876213074,0.4067999689256831,0.3254399966935849,0.3344799876213074,17000,0.0,0.0,0.0
2016-02-02 00:00:00+08:00,0.3615999948476487,0.3615999948476487,0.34351998567581177,0.34351998567581177,6200,0.0,0.0,0.0
2016-02-03 00:00:00+08:00,0.35255998373031616,0.35255998373031616,0.35255998373031616,0.35255998373031616,7400,0.0,0.0,0.0
2016-02-04 00:00:00+08:00,0.35255998373031616,0.35255998373031616,0.35255998373031616,0.35255998373031616,0,0.0,0.0,0.0
2016-02-05 00:00:00+08:00,0.35255998373031616,0.35255998373031616,0.35255998373031616,0.35255998373031616,0,0.0,0.0,0.0
2016-02-10 00:00:00+08:00,0.35255998373031616,0.35255998373031616,0.35255998373031616,0.35255998373031616,0,0.0,0.0,0.0
2016-02-11 00:00:00+08:00,0.35255998373031616,0.35255998373031616,0.35255998373031616,0.35255998373031616,0,0.0,0.0,0.0
2016-02-12 00:00:00+08:00,0.35255998373031616,0.35255998373031616,0.35255998373031616,0.35255998373031616,0,0.0,0.0,0.0
2016-02-15 00:00:00+08:00,0.35255998373031616,0.35255998373031616,0.35255998373031616,0.35255998373031616,0,0.0,0.0,0.0
2016-02-16 00:00:00+08:00,0.35255998373031616,0.35255998373031616,0.35255998373031616,0.35255998373031616,0,0.0,0.0,0.0
2016-02-17 00:00:00+08:00,0.35255998373031616,0.35255998373031616,0.35255998373031616,0.35255998373031616,0,0.0,0.0,0.0
2016-02-18 00:00:00+08:00,0.35255998373031616,0.35255998373031616,0.32544000985072186,0.35255998373031616,81500,0.0,0.0,0.0
2016-02-19 00:00:00+08:00,0.36611998081207275,0.36611998081207275,0.36611998081207275,0.36611998081207275,2600,0.0,0.0,0.0
2016-02-22 00:00:00+08:00,0.37967999118792845,0.37967999118792845,0.35708001255989075,0.35708001255989075,41000,0.0,0.0,0.0
2016-02-23 00:00:00+08:00,0.37967997789382935,0.37967997789382935,0.37967997789382935,0.37967997789382935,30000,0.0,0.0,0.0
2016-02-24 00:00:00+08:00,0.37967997789382935,0.37967997789382935,0.37967997789382935,0.37967997789382935,0,0.0,0.0,0.0
2016-02-25 00:00:00+08:00,0.37967998414039633,0.38420000672340393,0.37967998414039633,0.38420000672340393,64000,0.0,0.0,0.0
2016-02-26 00:00:00+08:00,0.38420000672340393,0.38420000672340393,0.38420000672340393,0.38420000672340393,0,0.0,0.0,0.0
2016-02-29 00:00:00+08:00,0.38420000672340393,0.38420000672340393,0.38420000672340393,0.38420000672340393,0,0.0,0.0,0.0
2016-03-01 00:00:00+08:00,0.3570800158202649,0.36160001158714294,0.3570800158202649,0.36160001158714294,25000,0.0,0.0,0.0
2016-03-02 00:00:00+08:00,0.34352000157833085,0.36160001158714294,0.34352000157833085,0.36160001158714294,8000,0.0,0.0,0.0
2016-03-03 00:00:00+08:00,0.36160001158714294,0.36160001158714294,0.36160001158714294,0.36160001158714294,0,0.0,0.0,0.0
2016-03-04 00:00:00+08:00,0.36160001158714294,0.36160001158714294,0.36160001158714294,0.36160001158714294,0,0.0,0.0,0.0
2016-03-07 00:00:00+08:00,0.37967997789382935,0.37967997789382935,0.37967997789382935,0.37967997789382935,100,0.0,0.0,0.0
2016-03-08 00:00:00+08:00,0.37967997789382935,0.37967997789382935,0.37967997789382935,0.37967997789382935,0,0.0,0.0,0.0
2016-03-09 00:00:00+08:00,0.30283999371237824,0.3751599753222816,0.29831999822942157,0.37063997983932495,13300,0.0,0.0,0.0
2016-03-10 00:00:00+08:00,0.37063997983932495,0.37063997983932495,0.37063997983932495,0.37063997983932495,0,0.0,0.0,0.0
2016-03-11 00:00:00+08:00,0.37063997983932495,0.37063997983932495,0.37063997983932495,0.37063997983932495,0,0.0,0.0,0.0
2016-03-14 00:00:00+08:00,0.37063997983932495,0.37063997983932495,0.37063997983932495,0.37063997983932495,0,0.0,0.0,0.0
2016-03-15 00:00:00+08:00,0.37063997983932495,0.37063997983932495,0.37063997983932495,0.37063997983932495,0,0.0,0.0,0.0
2016-03-16 00:00:00+08:00,0.37063997983932495,0.37063997983932495,0.37063997983932495,0.37063997983932495,0,0.0,0.0,0.0
2016-03-17 00:00:00+08:00,0.37063997983932495,0.37063997983932495,0.37063997983932495,0.37063997983932495,0,0.0,0.0,0.0
2016-03-18 00:00:00+08:00,0.37063997983932495,0.37063997983932495,0.37063997983932495,0.37063997983932495,0,0.0,0.0,0.0
2016-03-21 00:00:00+08:00,0.37063997983932495,0.37063997983932495,0.37063997983932495,0.37063997983932495,0,0.0,0.0,0.0
2016-03-22 00:00:00+08:00,0.37063997983932495,0.37063997983932495,0.37063997983932495,0.37063997983932495,0,0.0,0.0,0.0
2016-03-23 00:00:00+08:00,0.37063997983932495,0.37063997983932495,0.37063997983932495,0.37063997983932495,0,0.0,0.0,0.0
2016-03-24 00:00:00+08:00,0.37063997983932495,0.37063997983932495,0.37063997983932495,0.37063997983932495,0,0.0,0.0,0.0
2016-03-28 00:00:00+08:00,0.34803998470306396,0.34803998470306396,0.34803998470306396,0.34803998470306396,61200,0.0,0.0,0.0
2016-03-29 00:00:00+08:00,0.34803998470306396,0.34803998470306396,0.34803998470306396,0.34803998470306396,0,0.0,0.0,0.0
2016-03-30 00:00:00+08:00,0.34803998470306396,0.34803998470306396,0.34803998470306396,0.34803998470306396,0,0.0,0.0,0.0
2016-03-31 00:00:00+08:00,0.34803998470306396,0.34803998470306396,0.34803998470306396,0.34803998470306396,0,0.0,0.0,0.0
2016-04-01 00:00:00+08:00,0.34803998470306396,0.34803998470306396,0.34803998470306396,0.34803998470306396,0,0.0,0.0,0.0
2016-04-04 00:00:00+08:00,0.34803998470306396,0.34803998470306396,0.34803998470306396,0.34803998470306396,0,0.0,0.0,0.0
2016-04-05 00:00:00+08:00,0.34803998123344637,0.34803998123344637,0.34351998567581177,0.34351998567581177,50000,0.0,0.0,0.0
2016-04-06 00:00:00+08:00,0.34351998567581177,0.34351998567581177,0.34351998567581177,0.34351998567581177,0,0.0,0.0,0.0
2016-04-07 00:00:00+08:00,0.34351998567581177,0.34351998567581177,0.34351998567581177,0.34351998567581177,0,0.0,0.0,0.0
2016-04-08 00:00:00+08:00,0.34351998567581177,0.34351998567581177,0.34351998567581177,0.34351998567581177,0,0.0,0.0,0.0
2016-04-11 00:00:00+08:00,0.36160001158714294,0.36160001158714294,0.36160001158714294,0.36160001158714294,30000,0.0,0.0,0.0
2016-04-12 00:00:00+08:00,0.36160001158714294,0.36160001158714294,0.36160001158714294,0.36160001158714294,0,0.0,0.0,0.0
2016-04-13 00:00:00+08:00,0.35707999929001416,0.3615999948476487,0.34351998567581177,0.34351998567581177,53100,0.0,0.0,0.0
2016-04-14 00:00:00+08:00,0.32544001936912537,0.32544001936912537,0.32544001936912537,0.32544001936912537,2000,0.0,0.0,0.0
2016-04-15 00:00:00+08:00,0.36160001158714294,0.36160001158714294,0.36160001158714294,0.36160001158714294,42000,0.0,0.0,0.0
2016-04-18 00:00:00+08:00,0.36160001158714294,0.36160001158714294,0.36160001158714294,0.36160001158714294,22500,0.0,0.0,0.0
2016-04-19 00:00:00+08:00,0.36160001158714294,0.36160001158714294,0.36160001158714294,0.36160001158714294,0,0.0,0.0,0.0
2016-04-20 00:00:00+08:00,0.3615999948476487,0.3615999948476487,0.34351998567581177,0.34351998567581177,89600,0.0,0.0,0.0
2016-04-21 00:00:00+08:00,0.34351998567581177,0.34351998567581177,0.34351998567581177,0.34351998567581177,0,0.0,0.0,0.0
2016-04-22 00:00:00+08:00,0.34351998567581177,0.34351998567581177,0.34351998567581177,0.34351998567581177,0,0.0,0.0,0.0
2016-04-25 00:00:00+08:00,0.31639999714682365,0.35708001255989075,0.31639999714682365,0.35708001255989075,5000,0.0,0.0,0.0
2016-04-26 00:00:00+08:00,0.3525599898929836,0.35708001255989075,0.3525599898929836,0.35708001255989075,170200,0.0,0.0,0.0
2016-04-27 00:00:00+08:00,0.35255998615657586,0.35255998615657586,0.23051999509334564,0.23051999509334564,139800,0.0,0.0,0.0
2016-04-28 00:00:00+08:00,0.25311998711932837,0.30735998628356287,0.25311998711932837,0.2983199954032898,426100,0.0,0.0,0.0
2016-04-29 00:00:00+08:00,0.2983200088085666,0.30736000009505976,0.280239999294281,0.280239999294281,48000,0.0,0.0,0.0
2016-05-03 00:00:00+08:00,0.2937999730218553,0.30283999084342633,0.2937999730218553,0.2983199954032898,8700,0.0,0.0,0.0
2016-05-04 00:00:00+08:00,0.2757200002670288,0.2757200002670288,0.2757200002670288,0.2757200002670288,10000,0.0,0.0,0.0
2016-05-05 00:00:00+08:00,0.2937999963760376,0.2937999963760376,0.2937999963760376,0.2937999963760376,13300,0.0,0.0,0.0
2016-05-06 00:00:00+08:00,0.2757200036510344,0.280239999294281,0.2757200036510344,0.280239999294281,24000,0.0,0.0,0.0
2016-05-09 00:00:00+08:00,0.280239999294281,0.280239999294281,0.280239999294281,0.280239999294281,0,0.0,0.0,0.0
2016-05-10 00:00:00+08:00,0.280239999294281,0.280239999294281,0.280239999294281,0.280239999294281,0,0.0,0.0,0.0
2016-05-11 00:00:00+08:00,0.280239999294281,0.280239999294281,0.280239999294281,0.280239999294281,0,0.0,0.0,0.0
2016-05-12 00:00:00+08:00,0.280239999294281,0.280239999294281,0.280239999294281,0.280239999294281,0,0.0,0.0,0.0
2016-05-13 00:00:00+08:00,0.27120001123065046,0.2847599983215332,0.27120001123065046,0.2847599983215332,29000,0.0,0.0,0.0
2016-05-16 00:00:00+08:00,0.2847599983215332,0.2847599983215332,0.2847599983215332,0.2847599983215332,9000,0.0,0.0,0.0
2016-05-17 00:00:00+08:00,0.28476000159978876,0.2892799973487854,0.28476000159978876,0.2892799973487854,11100,0.0,0.0,0.0
2016-05-18 00:00:00+08:00,0.2847599983215332,0.2847599983215332,0.2847599983215332,0.2847599983215332,5600,0.0,0.0,0.0
2016-05-19 00:00:00+08:00,0.280239999294281,0.280239999294281,0.280239999294281,0.280239999294281,10000,0.0,0.0,0.0
2016-05-20 00:00:00+08:00,0.280239999294281,0.280239999294281,0.280239999294281,0.280239999294281,4700,0.0,0.0,0.0
2016-05-23 00:00:00+08:00,0.280239999294281,0.280239999294281,0.280239999294281,0.280239999294281,400,0.0,0.0,0.0
2016-05-24 00:00:00+08:00,0.2892799810082171,0.302839994430542,0.2892799810082171,0.302839994430542,83000,0.0,0.0,0.0
2016-05-25 00:00:00+08:00,0.302839994430542,0.302839994430542,0.302839994430542,0.302839994430542,0,0.0,0.0,0.0
2016-05-26 00:00:00+08:00,0.302839994430542,0.302839994430542,0.302839994430542,0.302839994430542,0,0.0,0.0,0.0
2016-05-27 00:00:00+08:00,0.29831999893686645,0.302839994430542,0.29831999893686645,0.302839994430542,120000,0.0,0.0,0.0
2016-05-30 00:00:00+08:00,0.302839994430542,0.302839994430542,0.302839994430542,0.302839994430542,0,0.0,0.0,0.0
2016-05-31 00:00:00+08:00,0.302839994430542,0.302839994430542,0.302839994430542,0.302839994430542,5000,0.0,0.0,0.0
2016-06-01 00:00:00+08:00,0.302839994430542,0.302839994430542,0.302839994430542,0.302839994430542,0,0.0,0.0,0.0
2016-06-02 00:00:00+08:00,0.302839994430542,0.302839994430542,0.302839994430542,0.302839994430542,0,0.0,0.0,0.0
2016-06-03 00:00:00+08:00,0.302839994430542,0.302839994430542,0.302839994430542,0.302839994430542,0,0.0,0.0,0.0
2016-06-06 00:00:00+08:00,0.302839994430542,0.302839994430542,0.302839994430542,0.302839994430542,0,0.0,0.0,0.0
2016-06-07 00:00:00+08:00,0.302839994430542,0.302839994430542,0.302839994430542,0.302839994430542,0,0.0,0.0,0.0
2016-06-08 00:00:00+08:00,0.2847599983215332,0.2847599983215332,0.2847599983215332,0.2847599983215332,600,0.0,0.0,0.0
2016-06-09 00:00:00+08:00,0.2847599983215332,0.2847599983215332,0.2847599983215332,0.2847599983215332,0,0.0,0.0,0.0
2016-06-10 00:00:00+08:00,0.3118799924850464,0.3118799924850464,0.3118799924850464,0.3118799924850464,6000,0.0,0.0,0.0
2016-06-13 00:00:00+08:00,0.3028399979121543,0.3073599934577942,0.3028399979121543,0.3073599934577942,66000,0.0,0.0,0.0
2016-06-14 00:00:00+08:00,0.3073599934577942,0.3073599934577942,0.3073599934577942,0.3073599934577942,0,0.0,0.0,0.0
2016-06-15 00:00:00+08:00,0.3073599934577942,0.3073599934577942,0.3073599934577942,0.3073599934577942,500,0.0,0.0,0.0
2016-06-16 00:00:00+08:00,0.3073599934577942,0.3073599934577942,0.3073599934577942,0.3073599934577942,0,0.0,0.0,0.0
2016-06-17 00:00:00+08:00,0.3073599934577942,0.3073599934577942,0.3073599934577942,0.3073599934577942,0,0.0,0.0,0.0
2016-06-20 00:00:00+08:00,0.3073599934577942,0.3073599934577942,0.3073599934577942,0.3073599934577942,0,0.0,0.0,0.0
2016-06-21 00:00:00+08:00,0.3073599934577942,0.3073599934577942,0.3073599934577942,0.3073599934577942,0,0.0,0.0,0.0
2016-06-22 00:00:00+08:00,0.3073599934577942,0.3073599934577942,0.3073599934577942,0.3073599934577942,0,0.0,0.0,0.0
2016-06-23 00:00:00+08:00,0.3073599934577942,0.3073599934577942,0.3073599934577942,0.3073599934577942,0,0.0,0.0,0.0
2016-06-24 00:00:00+08:00,0.3073599934577942,0.3073599934577942,0.3073599934577942,0.3073599934577942,0,0.0,0.0,0.0
2016-06-27 00:00:00+08:00,0.3073599934577942,0.3073599934577942,0.3073599934577942,0.3073599934577942,0,0.0,0.0,0.0
2016-06-28 00:00:00+08:00,0.2892799973487854,0.2892799973487854,0.2892799973487854,0.2892799973487854,1000,0.0,0.0,0.0
2016-06-29 00:00:00+08:00,0.2892799973487854,0.2892799973487854,0.2892799973487854,0.2892799973487854,0,0.0,0.0,0.0
2016-06-30 00:00:00+08:00,0.2892799973487854,0.2892799973487854,0.2892799973487854,0.2892799973487854,10000,0.0,0.0,0.0
2016-07-01 00:00:00+08:00,0.2983200023665145,0.3073599934577942,0.2983200023665145,0.3073599934577942,11400,0.0,0.0,0.0
2016-07-04 00:00:00+08:00,0.3073599934577942,0.3073599934577942,0.3073599934577942,0.3073599934577942,0,0.0,0.0,0.0
2016-07-05 00:00:00+08:00,0.3073599934577942,0.3073599934577942,0.3073599934577942,0.3073599934577942,0,0.0,0.0,0.0
2016-07-07 00:00:00+08:00,0.3073599934577942,0.3073599934577942,0.3073599934577942,0.3073599934577942,0,0.0,0.0,0.0
2016-07-08 00:00:00+08:00,0.3073599934577942,0.3073599934577942,0.3073599934577942,0.3073599934577942,0,0.0,0.0,0.0
2016-07-11 00:00:00+08:00,0.3073599934577942,0.3073599934577942,0.3073599934577942,0.3073599934577942,0,0.0,0.0,0.0
2016-07-12 00:00:00+08:00,0.3073599934577942,0.3073599934577942,0.3073599934577942,0.3073599934577942,0,0.0,0.0,0.0
2016-07-13 00:00:00+08:00,0.2892799973487854,0.2892799973487854,0.2892799973487854,0.2892799973487854,24000,0.0,0.0,0.0
2016-07-14 00:00:00+08:00,0.2892799973487854,0.2892799973487854,0.2892799973487854,0.2892799973487854,0,0.0,0.0,0.0
2016-07-15 00:00:00+08:00,0.2892799843339362,0.3073599934577942,0.2892799843339362,0.3073599934577942,20000,0.0,0.0,0.0
2016-07-18 00:00:00+08:00,0.3118799924850464,0.3118799924850464,0.3118799924850464,0.3118799924850464,2000,0.0,0.0,0.0
2016-07-19 00:00:00+08:00,0.3209199905395508,0.3209199905395508,0.3209199905395508,0.3209199905395508,10000,0.0,0.0,0.0
2016-07-20 00:00:00+08:00,0.3209199905395508,0.3209199905395508,0.3209199905395508,0.3209199905395508,60000,0.0,0.0,0.0
2016-07-21 00:00:00+08:00,0.3209199905395508,0.3209199905395508,0.3209199905395508,0.3209199905395508,0,0.0,0.0,0.0
2016-07-22 00:00:00+08:00,0.3209199905395508,0.3209199905395508,0.3209199905395508,0.3209199905395508,0,0.0,0.0,0.0
2016-07-25 00:00:00+08:00,0.3209199905395508,0.3209199905395508,0.3209199905395508,0.3209199905395508,0,0.0,0.0,0.0
2016-07-26 00:00:00+08:00,0.3209199905395508,0.3209199905395508,0.3209199905395508,0.3209199905395508,0,0.0,0.0,0.0
2016-07-27 00:00:00+08:00,0.3209199905395508,0.3209199905395508,0.3209199905395508,0.3209199905395508,0,0.0,0.0,0.0
2016-07-28 00:00:00+08:00,0.3209199905395508,0.3209199905395508,0.3209199905395508,0.3209199905395508,0,0.0,0.0,0.0
2016-07-29 00:00:00+08:00,0.3209199905395508,0.3209199905395508,0.3209199905395508,0.3209199905395508,0,0.0,0.0,0.0
2016-08-01 00:00:00+08:00,0.3344799840091029,0.3344799840091029,0.3299599885940552,0.3299599885940552,6500,0.0,0.0,0.0
2016-08-02 00:00:00+08:00,0.3299599885940552,0.3299599885940552,0.3299599885940552,0.3299599885940552,0,0.0,0.0,0.0
2016-08-03 00:00:00+08:00,0.3299599885940552,0.3299599885940552,0.3299599885940552,0.3299599885940552,0,0.0,0.0,0.0
2016-08-04 00:00:00+08:00,0.3299599885940552,0.3299599885940552,0.3299599885940552,0.3299599885940552,0,0.0,0.0,0.0
2016-08-05 00:00:00+08:00,0.3299599885940552,0.3299599885940552,0.3299599885940552,0.3299599885940552,0,0.0,0.0,0.0
2016-08-08 00:00:00+08:00,0.3299599885940552,0.3299599885940552,0.3299599885940552,0.3299599885940552,0,0.0,0.0,0.0
2016-08-10 00:00:00+08:00,0.3299599885940552,0.3299599885940552,0.3299599885940552,0.3299599885940552,0,0.0,0.0,0.0
2016-08-11 00:00:00+08:00,0.3299599885940552,0.3299599885940552,0.3299599885940552,0.3299599885940552,0,0.0,0.0,0.0
2016-08-12 00:00:00+08:00,0.29832001911676903,0.29832001911676903,0.2937999963760376,0.2937999963760376,53000,0.0,0.0,0.0
2016-08-15 00:00:00+08:00,0.3028399979121543,0.3073599934577942,0.3028399979121543,0.3073599934577942,12400,0.0,0.0,0.0
2016-08-16 00:00:00+08:00,0.2712000012397766,0.2712000012397766,0.2712000012397766,0.2712000012397766,1000,0.0,0.0,0.0
2016-08-17 00:00:00+08:00,0.2712000012397766,0.2712000012397766,0.2712000012397766,0.2712000012397766,0,0.0,0.0,0.0
2016-08-18 00:00:00+08:00,0.2712000012397766,0.2712000012397766,0.2712000012397766,0.2712000012397766,30000,0.0,0.0,0.0
2016-08-19 00:00:00+08:00,0.2983199954032898,0.2983199954032898,0.2983199954032898,0.2983199954032898,10000,0.0,0.0,0.0
2016-08-22 00:00:00+08:00,0.2757200002670288,0.2757200002670288,0.2757200002670288,0.2757200002670288,9800,0.0,0.0,0.0
2016-08-23 00:00:00+08:00,0.2757200002670288,0.2757200002670288,0.2757200002670288,0.2757200002670288,0,0.0,0.0,0.0
2016-08-24 00:00:00+08:00,0.2757200002670288,0.2757200002670288,0.2757200002670288,0.2757200002670288,0,0.0,0.0,0.0
2016-08-25 00:00:00+08:00,0.2757200002670288,0.2757200002670288,0.2757200002670288,0.2757200002670288,0,0.0,0.0,0.0
2016-08-26 00:00:00+08:00,0.2757200002670288,0.2757200002670288,0.2757200002670288,0.2757200002670288,0,0.0,0.0,0.0
2016-08-29 00:00:00+08:00,0.2757200002670288,0.2757200002670288,0.2757200002670288,0.2757200002670288,0,0.0,0.0,0.0
2016-08-30 00:00:00+08:00,0.2757200002670288,0.2757200002670288,0.2757200002670288,0.2757200002670288,0,0.0,0.0,0.0
2016-08-31 00:00:00+08:00,0.2892799973487854,0.2892799973487854,0.28024000585079206,0.2892799973487854,20000,0.0,0.0,0.0
2016-09-01 00:00:00+08:00,0.2892799973487854,0.2892799973487854,0.2892799973487854,0.2892799973487854,0,0.0,0.0,0.0
2016-09-02 00:00:00+08:00,0.2892799973487854,0.2892799973487854,0.2892799973487854,0.2892799973487854,0,0.0,0.0,0.0
2016-09-05 00:00:00+08:00,0.2892799973487854,0.2892799973487854,0.2892799973487854,0.2892799973487854,0,0.0,0.0,0.0
2016-09-06 00:00:00+08:00,0.2892799973487854,0.2892799973487854,0.2892799973487854,0.2892799973487854,0,0.0,0.0,0.0
2016-09-07 00:00:00+08:00,0.2983199954032898,0.2983199954032898,0.2983199954032898,0.2983199954032898,5000,0.0,0.0,0.0
2016-09-08 00:00:00+08:00,0.2983199954032898,0.2983199954032898,0.2983199954032898,0.2983199954032898,0,0.0,0.0,0.0
2016-09-09 00:00:00+08:00,0.2983199954032898,0.2983199954032898,0.2983199954032898,0.2983199954032898,0,0.0,0.0,0.0
2016-09-13 00:00:00+08:00,0.2983199954032898,0.2983199954032898,0.2983199954032898,0.2983199954032898,0,0.0,0.0,0.0
2016-09-14 00:00:00+08:00,0.2983199954032898,0.2983199954032898,0.2983199954032898,0.2983199954032898,0,0.0,0.0,0.0
2016-09-15 00:00:00+08:00,0.2983199954032898,0.2983199954032898,0.2983199954032898,0.2983199954032898,0,0.0,0.0,0.0
2016-09-16 00:00:00+08:00,0.2983199954032898,0.2983199954032898,0.2983199954032898,0.2983199954032898,0,0.0,0.0,0.0
2016-09-19 00:00:00+08:00,0.2983199954032898,0.2983199954032898,0.2983199954032898,0.2983199954032898,0,0.0,0.0,0.0
2016-09-20 00:00:00+08:00,0.2983199954032898,0.2983199954032898,0.2983199954032898,0.2983199954032898,0,0.0,0.0,0.0
2016-09-21 00:00:00+08:00,0.28024000585079206,0.2892799973487854,0.28024000585079206,0.2892799973487854,10000,0.0,0.0,0.0
2016-09-22 00:00:00+08:00,0.2892799973487854,0.2892799973487854,0.2892799973487854,0.2892799973487854,0,0.0,0.0,0.0
2016-09-23 00:00:00+08:00,0.2892799973487854,0.2892799973487854,0.2892799973487854,0.2892799973487854,0,0.0,0.0,0.0
2016-09-26 00:00:00+08:00,0.2892799973487854,0.2892799973487854,0.2892799973487854,0.2892799973487854,0,0.0,0.0,0.0
2016-09-27 00:00:00+08:00,0.2892799973487854,0.2892799973487854,0.2892799973487854,0.2892799973487854,0,0.0,0.0,0.0
2016-09-28 00:00:00+08:00,0.2892799973487854,0.2892799973487854,0.2892799973487854,0.2892799973487854,0,0.0,0.0,0.0
2016-09-29 00:00:00+08:00,0.2892799973487854,0.2892799973487854,0.2892799973487854,0.2892799973487854,0,0.0,0.0,0.0
2016-09-30 00:00:00+08:00,0.2892799973487854,0.2892799973487854,0.2892799973487854,0.2892799973487854,0,0.0,0.0,0.0
2016-10-03 00:00:00+08:00,0.2892799973487854,0.2892799973487854,0.2892799973487854,0.2892799973487854,0,0.0,0.0,0.0
2016-10-04 00:00:00+08:00,0.2892799973487854,0.2892799973487854,0.2892799973487854,0.2892799973487854,0,0.0,0.0,0.0
2016-10-05 00:00:00+08:00,0.2892799973487854,0.2892799973487854,0.2892799973487854,0.2892799973487854,0,0.0,0.0,0.0
2016-10-06 00:00:00+08:00,0.2892799973487854,0.2892799973487854,0.2892799973487854,0.2892799973487854,0,0.0,0.0,0.0
2016-10-07 00:00:00+08:00,0.2892799973487854,0.2892799973487854,0.2892799973487854,0.2892799973487854,0,0.0,0.0,0.0
2016-10-10 00:00:00+08:00,0.2892799973487854,0.2892799973487854,0.2892799973487854,0.2892799973487854,0,0.0,0.0,0.0
2016-10-11 00:00:00+08:00,0.2892799973487854,0.2892799973487854,0.2892799973487854,0.2892799973487854,0,0.0,0.0,0.0
2016-10-12 00:00:00+08:00,0.2892799973487854,0.2892799973487854,0.2892799973487854,0.2892799973487854,0,0.0,0.0,0.0
2016-10-13 00:00:00+08:00,0.280239999294281,0.280239999294281,0.280239999294281,0.280239999294281,1000,0.0,0.0,0.0
2016-10-14 00:00:00+08:00,0.280239999294281,0.280239999294281,0.280239999294281,0.280239999294281,0,0.0,0.0,0.0
2016-10-17 00:00:00+08:00,0.280239999294281,0.280239999294281,0.280239999294281,0.280239999294281,0,0.0,0.0,0.0
2016-10-18 00:00:00+08:00,0.280239999294281,0.280239999294281,0.280239999294281,0.280239999294281,0,0.0,0.0,0.0
2016-10-19 00:00:00+08:00,0.280239999294281,0.280239999294281,0.280239999294281,0.280239999294281,0,0.0,0.0,0.0
2016-10-20 00:00:00+08:00,0.280239999294281,0.280239999294281,0.280239999294281,0.280239999294281,0,0.0,0.0,0.0
2016-10-21 00:00:00+08:00,0.280239999294281,0.280239999294281,0.280239999294281,0.280239999294281,0,0.0,0.0,0.0
2016-10-24 00:00:00+08:00,0.280239999294281,0.280239999294281,0.280239999294281,0.280239999294281,0,0.0,0.0,0.0
2016-10-25 00:00:00+08:00,0.280239999294281,0.280239999294281,0.280239999294281,0.280239999294281,0,0.0,0.0,0.0
2016-10-26 00:00:00+08:00,0.280239999294281,0.280239999294281,0.280239999294281,0.280239999294281,0,0.0,0.0,0.0
2016-10-27 00:00:00+08:00,0.2757200036510344,0.280239999294281,0.2757200036510344,0.280239999294281,16000,0.0,0.0,0.0
2016-10-28 00:00:00+08:00,0.280239999294281,0.280239999294281,0.280239999294281,0.280239999294281,0,0.0,0.0,0.0
2016-10-31 00:00:00+08:00,0.27571999677022313,0.27571999677022313,0.2712000012397766,0.2712000012397766,15500,0.0,0.0,0.0
2016-11-01 00:00:00+08:00,0.2712000012397766,0.2712000012397766,0.2712000012397766,0.2712000012397766,0,0.0,0.0,0.0
2016-11-02 00:00:00+08:00,0.2712000012397766,0.2712000012397766,0.2712000012397766,0.2712000012397766,0,0.0,0.0,0.0
2016-11-03 00:00:00+08:00,0.2712000012397766,0.2712000012397766,0.2712000012397766,0.2712000012397766,0,0.0,0.0,0.0
2016-11-04 00:00:00+08:00,0.2712000012397766,0.2712000012397766,0.2712000012397766,0.2712000012397766,0,0.0,0.0,0.0
2016-11-07 00:00:00+08:00,0.2983199954032898,0.2983199954032898,0.2983199954032898,0.2983199954032898,4000,0.0,0.0,0.0
2016-11-08 00:00:00+08:00,0.2983199954032898,0.2983199954032898,0.2983199954032898,0.2983199954032898,0,0.0,0.0,0.0
2016-11-09 00:00:00+08:00,0.2983199954032898,0.2983199954032898,0.2983199954032898,0.2983199954032898,0,0.0,0.0,0.0
2016-11-10 00:00:00+08:00,0.2983199954032898,0.2983199954032898,0.2983199954032898,0.2983199954032898,0,0.0,0.0,0.0
2016-11-11 00:00:00+08:00,0.2983199954032898,0.2983199954032898,0.2983199954032898,0.2983199954032898,0,0.0,0.0,0.0
2016-11-14 00:00:00+08:00,0.2983199954032898,0.2983199954032898,0.2983199954032898,0.2983199954032898,0,0.0,0.0,0.0
2016-11-15 00:00:00+08:00,0.2712000143527987,0.2892799973487854,0.2712000143527987,0.2892799973487854,28000,0.0,0.0,0.0
2016-11-16 00:00:00+08:00,0.2892799973487854,0.2892799973487854,0.2892799973487854,0.2892799973487854,0,0.0,0.0,0.0
2016-11-17 00:00:00+08:00,0.2892799973487854,0.2892799973487854,0.2892799973487854,0.2892799973487854,0,0.0,0.0,0.0
2016-11-18 00:00:00+08:00,0.2892799973487854,0.2892799973487854,0.2892799973487854,0.2892799973487854,0,0.0,0.0,0.0
2016-11-21 00:00:00+08:00,0.2892799973487854,0.2892799973487854,0.2892799973487854,0.2892799973487854,0,0.0,0.0,0.0
2016-11-22 00:00:00+08:00,0.29379997650189266,0.302839994430542,0.2892799810082171,0.302839994430542,32100,0.0,0.0,0.0
2016-11-23 00:00:00+08:00,0.302839994430542,0.302839994430542,0.302839994430542,0.302839994430542,0,0.0,0.0,0.0
2016-11-24 00:00:00+08:00,0.302839994430542,0.302839994430542,0.302839994430542,0.302839994430542,0,0.0,0.0,0.0
2016-11-25 00:00:00+08:00,0.302839994430542,0.302839994430542,0.302839994430542,0.302839994430542,0,0.0,0.0,0.0
2016-11-28 00:00:00+08:00,0.3073599934577942,0.3073599934577942,0.3073599934577942,0.3073599934577942,1000,0.0,0.0,0.0
2016-11-29 00:00:00+08:00,0.3073599934577942,0.3073599934577942,0.3073599934577942,0.3073599934577942,0,0.0,0.0,0.0
2016-11-30 00:00:00+08:00,0.3073599934577942,0.3073599934577942,0.3073599934577942,0.3073599934577942,0,0.0,0.0,0.0
2016-12-01 00:00:00+08:00,0.3073599934577942,0.3073599934577942,0.3073599934577942,0.3073599934577942,0,0.0,0.0,0.0
2016-12-02 00:00:00+08:00,0.3073599934577942,0.3073599934577942,0.3073599934577942,0.3073599934577942,0,0.0,0.0,0.0
2016-12-05 00:00:00+08:00,0.3073599934577942,0.3073599934577942,0.3073599934577942,0.3073599934577942,0,0.0,0.0,0.0
2016-12-06 00:00:00+08:00,0.3073599934577942,0.3073599934577942,0.3073599934577942,0.3073599934577942,0,0.0,0.0,0.0
2016-12-07 00:00:00+08:00,0.3073599934577942,0.3073599934577942,0.3073599934577942,0.3073599934577942,0,0.0,0.0,0.0
2016-12-08 00:00:00+08:00,0.3073599934577942,0.3073599934577942,0.3073599934577942,0.3073599934577942,0,0.0,0.0,0.0
2016-12-09 00:00:00+08:00,0.3073599934577942,0.3073599934577942,0.3073599934577942,0.3073599934577942,0,0.0,0.0,0.0
2016-12-12 00:00:00+08:00,0.3073599934577942,0.3073599934577942,0.3073599934577942,0.3073599934577942,0,0.0,0.0,0.0
2016-12-13 00:00:00+08:00,0.3073599934577942,0.3073599934577942,0.3073599934577942,0.3073599934577942,0,0.0,0.0,0.0
2016-12-14 00:00:00+08:00,0.3073599934577942,0.3073599934577942,0.3073599934577942,0.3073599934577942,0,0.0,0.0,0.0
2016-12-15 00:00:00+08:00,0.3073599934577942,0.3073599934577942,0.3073599934577942,0.3073599934577942,0,0.0,0.0,0.0
2016-12-16 00:00:00+08:00,0.3073599934577942,0.3073599934577942,0.3073599934577942,0.3073599934577942,0,0.0,0.0,0.0
2016-12-19 00:00:00+08:00,0.3073599934577942,0.3073599934577942,0.3073599934577942,0.3073599934577942,0,0.0,0.0,0.0
2016-12-20 00:00:00+08:00,0.3073599934577942,0.3073599934577942,0.3073599934577942,0.3073599934577942,0,0.0,0.0,0.0
2016-12-21 00:00:00+08:00,0.3073599934577942,0.3073599934577942,0.3073599934577942,0.3073599934577942,0,0.0,0.0,0.0
2016-12-22 00:00:00+08:00,0.3073599934577942,0.3073599934577942,0.3073599934577942,0.3073599934577942,0,0.0,0.0,0.0
2016-12-23 00:00:00+08:00,0.3073599934577942,0.3073599934577942,0.3073599934577942,0.3073599934577942,0,0.0,0.0,0.0
2016-12-27 00:00:00+08:00,0.3073599934577942,0.3073599934577942,0.3073599934577942,0.3073599934577942,0,0.0,0.0,0.0
2016-12-28 00:00:00+08:00,0.3073599934577942,0.3073599934577942,0.3073599934577942,0.3073599934577942,0,0.0,0.0,0.0
2016-12-29 00:00:00+08:00,0.3073599934577942,0.3073599934577942,0.3073599934577942,0.3073599934577942,0,0.0,0.0,0.0
2016-12-30 00:00:00+08:00,0.3073599934577942,0.3073599934577942,0.3073599934577942,0.3073599934577942,0,0.0,0.0,0.0
2017-01-03 00:00:00+08:00,0.3073599934577942,0.3073599934577942,0.3073599934577942,0.3073599934577942,0,0.0,0.0,0.0
2017-01-04 00:00:00+08:00,0.3073599934577942,0.3073599934577942,0.3073599934577942,0.3073599934577942,0,0.0,0.0,0.0
2017-01-05 00:00:00+08:00,0.3073599934577942,0.3073599934577942,0.3073599934577942,0.3073599934577942,0,0.0,0.0,0.0
2017-01-06 00:00:00+08:00,0.3164000036883772,0.32544002226779384,0.25764000415802,0.25764000415802,4600,0.0,0.0,0.0
2017-01-09 00:00:00+08:00,0.3209199905395508,0.3209199905395508,0.3209199905395508,0.3209199905395508,1100,0.0,0.0,0.0
2017-01-10 00:00:00+08:00,0.3209199905395508,0.3209199905395508,0.3209199905395508,0.3209199905395508,0,0.0,0.0,0.0
2017-01-11 00:00:00+08:00,0.3209199905395508,0.3209199905395508,0.3209199905395508,0.3209199905395508,0,0.0,0.0,0.0
2017-01-12 00:00:00+08:00,0.3209199905395508,0.3209199905395508,0.3209199905395508,0.3209199905395508,0,0.0,0.0,0.0
2017-01-13 00:00:00+08:00,0.3209199905395508,0.3209199905395508,0.3209199905395508,0.3209199905395508,0,0.0,0.0,0.0
2017-01-16 00:00:00+08:00,0.3209199905395508,0.3209199905395508,0.3209199905395508,0.3209199905395508,0,0.0,0.0,0.0
2017-01-17 00:00:00+08:00,0.3209199905395508,0.3209199905395508,0.3209199905395508,0.3209199905395508,0,0.0,0.0,0.0
2017-01-18 00:00:00+08:00,0.3209199905395508,0.3209199905395508,0.3209199905395508,0.3209199905395508,0,0.0,0.0,0.0
2017-01-19 00:00:00+08:00,0.3209199905395508,0.3209199905395508,0.3209199905395508,0.3209199905395508,0,0.0,0.0,0.0
2017-01-20 00:00:00+08:00,0.32544001936912537,0.32544001936912537,0.32544001936912537,0.32544001936912537,3000,0.0,0.0,0.0
2017-01-23 00:00:00+08:00,0.2621599779996015,0.34351997674595325,0.2576399825594649,0.2983199954032898,4000,0.0,0.0,0.0
2017-01-24 00:00:00+08:00,0.2983199954032898,0.2983199954032898,0.2983199954032898,0.2983199954032898,0,0.0,0.0,0.0
2017-01-25 00:00:00+08:00,0.2983199954032898,0.2983199954032898,0.2983199954032898,0.2983199954032898,0,0.0,0.0,0.0
2017-01-26 00:00:00+08:00,0.2983199954032898,0.2983199954032898,0.2983199954032898,0.2983199954032898,0,0.0,0.0,0.0
2017-01-27 00:00:00+08:00,0.2983199954032898,0.2983199954032898,0.2983199954032898,0.2983199954032898,0,0.0,0.0,0.0
2017-01-31 00:00:00+08:00,0.2983199954032898,0.2983199954032898,0.2983199954032898,0.2983199954032898,0,0.0,0.0,0.0
2017-02-01 00:00:00+08:00,0.2983199954032898,0.2983199954032898,0.2983199954032898,0.2983199954032898,0,0.0,0.0,0.0
2017-02-02 00:00:00+08:00,0.2983199954032898,0.2983199954032898,0.2983199954032898,0.2983199954032898,0,0.0,0.0,0.0
2017-02-03 00:00:00+08:00,0.2983199954032898,0.2983199954032898,0.2983199954032898,0.2983199954032898,0,0.0,0.0,0.0
2017-02-06 00:00:00+08:00,0.2983199954032898,0.2983199954032898,0.2983199954032898,0.2983199954032898,0,0.0,0.0,0.0
2017-02-07 00:00:00+08:00,0.2983199954032898,0.2983199954032898,0.2983199954032898,0.2983199954032898,0,0.0,0.0,0.0
2017-02-08 00:00:00+08:00,0.2983199954032898,0.2983199954032898,0.2983199954032898,0.2983199954032898,0,0.0,0.0,0.0
2017-02-09 00:00:00+08:00,0.298320008931841,0.3163999915122986,0.298320008931841,0.3163999915122986,56000,0.0,0.0,0.0
2017-02-10 00:00:00+08:00,0.3163999915122986,0.3163999915122986,0.3163999915122986,0.3163999915122986,0,0.0,0.0,0.0
2017-02-13 00:00:00+08:00,0.3163999915122986,0.3163999915122986,0.3163999915122986,0.3163999915122986,15000,0.0,0.0,0.0
2017-02-14 00:00:00+08:00,0.3163999915122986,0.3163999915122986,0.3163999915122986,0.3163999915122986,0,0.0,0.0,0.0
2017-02-15 00:00:00+08:00,0.3163999915122986,0.3163999915122986,0.3163999915122986,0.3163999915122986,0,0.0,0.0,0.0
2017-02-16 00:00:00+08:00,0.3163999915122986,0.3163999915122986,0.3163999915122986,0.3163999915122986,0,0.0,0.0,0.0
2017-02-17 00:00:00+08:00,0.3163999915122986,0.3163999915122986,0.3163999915122986,0.3163999915122986,0,0.0,0.0,0.0
2017-02-20 00:00:00+08:00,0.3163999915122986,0.3163999915122986,0.3163999915122986,0.3163999915122986,0,0.0,0.0,0.0
2017-02-21 00:00:00+08:00,0.3163999915122986,0.3163999915122986,0.3163999915122986,0.3163999915122986,0,0.0,0.0,0.0
2017-02-22 00:00:00+08:00,0.3163999915122986,0.3163999915122986,0.3163999915122986,0.3163999915122986,0,0.0,0.0,0.0
2017-02-23 00:00:00+08:00,0.3163999915122986,0.3163999915122986,0.3163999915122986,0.3163999915122986,0,0.0,0.0,0.0
2017-02-24 00:00:00+08:00,0.3163999915122986,0.3163999915122986,0.3163999915122986,0.3163999915122986,0,0.0,0.0,0.0
2017-02-27 00:00:00+08:00,0.3163999915122986,0.3163999915122986,0.3163999915122986,0.3163999915122986,0,0.0,0.0,0.0
2017-02-28 00:00:00+08:00,0.3163999915122986,0.3163999915122986,0.3163999915122986,0.3163999915122986,0,0.0,0.0,0.0
2017-03-01 00:00:00+08:00,0.3163999915122986,0.3163999915122986,0.3163999915122986,0.3163999915122986,0,0.0,0.0,0.0
2017-03-02 00:00:00+08:00,0.3163999915122986,0.3163999915122986,0.3163999915122986,0.3163999915122986,0,0.0,0.0,0.0
2017-03-03 00:00:00+08:00,0.3163999915122986,0.3163999915122986,0.3163999915122986,0.3163999915122986,0,0.0,0.0,0.0
2017-03-06 00:00:00+08:00,0.3163999915122986,0.3163999915122986,0.3163999915122986,0.3163999915122986,0,0.0,0.0,0.0
2017-03-07 00:00:00+08:00,0.3163999915122986,0.3163999915122986,0.3163999915122986,0.3163999915122986,0,0.0,0.0,0.0
2017-03-08 00:00:00+08:00,0.3163999915122986,0.3163999915122986,0.3163999915122986,0.3163999915122986,0,0.0,0.0,0.0
2017-03-09 00:00:00+08:00,0.3163999915122986,0.3163999915122986,0.3163999915122986,0.3163999915122986,0,0.0,0.0,0.0
2017-03-10 00:00:00+08:00,0.3163999915122986,0.3163999915122986,0.3163999915122986,0.3163999915122986,0,0.0,0.0,0.0
2017-03-13 00:00:00+08:00,0.3163999915122986,0.3163999915122986,0.3163999915122986,0.3163999915122986,0,0.0,0.0,0.0
2017-03-14 00:00:00+08:00,0.3163999915122986,0.3163999915122986,0.3163999915122986,0.3163999915122986,0,0.0,0.0,0.0
2017-03-15 00:00:00+08:00,0.3163999915122986,0.3163999915122986,0.3163999915122986,0.3163999915122986,0,0.0,0.0,0.0
2017-03-16 00:00:00+08:00,0.3163999915122986,0.3163999915122986,0.3163999915122986,0.3163999915122986,0,0.0,0.0,0.0
2017-03-17 00:00:00+08:00,0.3163999915122986,0.3163999915122986,0.3163999915122986,0.3163999915122986,0,0.0,0.0,0.0
2017-03-20 00:00:00+08:00,0.3163999915122986,0.3163999915122986,0.3163999915122986,0.3163999915122986,0,0.0,0.0,0.0
2017-03-21 00:00:00+08:00,0.3163999915122986,0.3163999915122986,0.3163999915122986,0.3163999915122986,0,0.0,0.0,0.0
2017-03-22 00:00:00+08:00,0.3163999915122986,0.3163999915122986,0.3163999915122986,0.3163999915122986,0,0.0,0.0,0.0
2017-03-23 00:00:00+08:00,0.3163999915122986,0.3163999915122986,0.3163999915122986,0.3163999915122986,0,0.0,0.0,0.0
2017-03-24 00:00:00+08:00,0.3163999915122986,0.3163999915122986,0.3163999915122986,0.3163999915122986,0,0.0,0.0,0.0
2017-03-27 00:00:00+08:00,0.3073599934577942,0.3073599934577942,0.3073599934577942,0.3073599934577942,200,0.0,0.0,0.0
2017-03-28 00:00:00+08:00,0.3073599934577942,0.3073599934577942,0.3073599934577942,0.3073599934577942,400,0.0,0.0,0.0
2017-03-29 00:00:00+08:00,0.3073599934577942,0.3073599934577942,0.3073599934577942,0.3073599934577942,0,0.0,0.0,0.0
2017-03-30 00:00:00+08:00,0.3073599934577942,0.3073599934577942,0.3073599934577942,0.3073599934577942,0,0.0,0.0,0.0
2017-03-31 00:00:00+08:00,0.3073599934577942,0.3073599934577942,0.3073599934577942,0.3073599934577942,0,0.0,0.0,0.0
2017-04-03 00:00:00+08:00,0.3073599934577942,0.3073599934577942,0.3073599934577942,0.3073599934577942,0,0.0,0.0,0.0
2017-04-04 00:00:00+08:00,0.3073599934577942,0.3073599934577942,0.3073599934577942,0.3073599934577942,0,0.0,0.0,0.0
2017-04-05 00:00:00+08:00,0.3073599934577942,0.3073599934577942,0.3073599934577942,0.3073599934577942,0,0.0,0.0,0.0
2017-04-06 00:00:00+08:00,0.3073599934577942,0.3073599934577942,0.3073599934577942,0.3073599934577942,0,0.0,0.0,0.0
2017-04-07 00:00:00+08:00,0.3073599934577942,0.3073599934577942,0.3073599934577942,0.3073599934577942,0,0.0,0.0,0.0
2017-04-10 00:00:00+08:00,0.31639998091156857,0.31639998091156857,0.302839994430542,0.302839994430542,87600,0.0,0.0,0.0
2017-04-11 00:00:00+08:00,0.302839994430542,0.302839994430542,0.302839994430542,0.302839994430542,0,0.0,0.0,0.0
2017-04-12 00:00:00+08:00,0.302839994430542,0.302839994430542,0.302839994430542,0.302839994430542,5000,0.0,0.0,0.0
2017-04-13 00:00:00+08:00,0.3073599934577942,0.3073599934577942,0.3073599934577942,0.3073599934577942,5000,0.0,0.0,0.0
2017-04-17 00:00:00+08:00,0.3073599934577942,0.3073599934577942,0.3073599934577942,0.3073599934577942,0,0.0,0.0,0.0
2017-04-18 00:00:00+08:00,0.3073599934577942,0.3073599934577942,0.3073599934577942,0.3073599934577942,0,0.0,0.0,0.0
2017-04-19 00:00:00+08:00,0.3073599934577942,0.3073599934577942,0.3073599934577942,0.3073599934577942,0,0.0,0.0,0.0
2017-04-20 00:00:00+08:00,0.3073599934577942,0.3073599934577942,0.3073599934577942,0.3073599934577942,220000,0.0,0.0,0.0
2017-04-21 00:00:00+08:00,0.3073599934577942,0.3073599934577942,0.3073599934577942,0.3073599934577942,44500,0.0,0.0,0.0
2017-04-24 00:00:00+08:00,0.31639997540761433,0.3344799840091029,0.31639997540761433,0.3299599885940552,4700,0.0,0.0,0.0
2017-04-25 00:00:00+08:00,0.3299599885940552,0.3299599885940552,0.3299599885940552,0.3299599885940552,0,0.0,0.0,0.0
2017-04-26 00:00:00+08:00,0.26215997937563357,0.3344799876213074,0.24859999298404992,0.3344799876213074,23200,0.0,0.0,0.0
2017-04-27 00:00:00+08:00,0.3344799876213074,0.3344799876213074,0.3344799876213074,0.3344799876213074,0,0.0,0.0,0.0
2017-04-28 00:00:00+08:00,0.2712000012397766,0.2712000012397766,0.2712000012397766,0.2712000012397766,5000,0.0,0.0,0.0
2017-05-02 00:00:00+08:00,0.2847599983215332,0.2847599983215332,0.2847599983215332,0.2847599983215332,10000,0.0,0.0,0.0
2017-05-03 00:00:00+08:00,0.2847599983215332,0.2847599983215332,0.2847599983215332,0.2847599983215332,0,0.0,0.0,0.0
2017-05-04 00:00:00+08:00,0.2847599983215332,0.2847599983215332,0.2847599983215332,0.2847599983215332,0,0.0,0.0,0.0
2017-05-05 00:00:00+08:00,0.2847599983215332,0.2847599983215332,0.2847599983215332,0.2847599983215332,44800,0.0,0.0,0.0
2017-05-08 00:00:00+08:00,0.2847599983215332,0.2847599983215332,0.2847599983215332,0.2847599983215332,26000,0.0,0.0,0.0
2017-05-09 00:00:00+08:00,0.2757200002670288,0.2757200002670288,0.2757200002670288,0.2757200002670288,21200,0.0,0.0,0.0
2017-05-11 00:00:00+08:00,0.2757200002670288,0.2757200002670288,0.2757200002670288,0.2757200002670288,0,0.0,0.0,0.0
2017-05-12 00:00:00+08:00,0.2757200036510344,0.280239999294281,0.2757200036510344,0.280239999294281,65000,0.0,0.0,0.0
2017-05-15 00:00:00+08:00,0.280239999294281,0.280239999294281,0.280239999294281,0.280239999294281,0,0.0,0.0,0.0
2017-05-16 00:00:00+08:00,0.280239999294281,0.280239999294281,0.280239999294281,0.280239999294281,0,0.0,0.0,0.0
2017-05-17 00:00:00+08:00,0.27571999677022313,0.27571999677022313,0.2712000012397766,0.2712000012397766,3203000,0.0,0.0,0.0
2017-05-18 00:00:00+08:00,0.2712000012397766,0.2712000012397766,0.2712000012397766,0.2712000012397766,0,0.0,0.0,0.0
2017-05-19 00:00:00+08:00,0.2712000012397766,0.2712000012397766,0.2712000012397766,0.2712000012397766,0,0.0,0.0,0.0
2017-05-22 00:00:00+08:00,0.2712000012397766,0.2712000012397766,0.2712000012397766,0.2712000012397766,0,0.0,0.0,0.0
2017-05-23 00:00:00+08:00,0.2712000012397766,0.2712000012397766,0.2712000012397766,0.2712000012397766,0,0.0,0.0,0.0
2017-05-24 00:00:00+08:00,0.2712000012397766,0.2712000012397766,0.2712000012397766,0.2712000012397766,10000,0.0,0.0,0.0
2017-05-25 00:00:00+08:00,0.2712000012397766,0.2712000012397766,0.2712000012397766,0.2712000012397766,0,0.0,0.0,0.0
2017-05-26 00:00:00+08:00,0.25764000415802,0.25764000415802,0.25764000415802,0.25764000415802,1000,0.0,0.0,0.0
2017-05-29 00:00:00+08:00,0.25764000415802,0.25764000415802,0.25764000415802,0.25764000415802,0,0.0,0.0,0.0
2017-05-30 00:00:00+08:00,0.25764000415802,0.25764000415802,0.25764000415802,0.25764000415802,0,0.0,0.0,0.0
2017-05-31 00:00:00+08:00,0.2712000012397766,0.2712000012397766,0.2712000012397766,0.2712000012397766,140000,0.0,0.0,0.0
2017-06-01 00:00:00+08:00,0.2983199954032898,0.2983199954032898,0.2983199954032898,0.2983199954032898,2000,0.0,0.0,0.0
2017-06-02 00:00:00+08:00,0.2983199954032898,0.2983199954032898,0.2983199954032898,0.2983199954032898,0,0.0,0.0,0.0
2017-06-05 00:00:00+08:00,0.2712000012397766,0.2712000012397766,0.2712000012397766,0.2712000012397766,400000,0.0,0.0,0.0
2017-06-06 00:00:00+08:00,0.26215997338294983,0.26215997338294983,0.26215997338294983,0.26215997338294983,17900,0.0,0.0,0.0
2017-06-07 00:00:00+08:00,0.26215997338294983,0.26215997338294983,0.26215997338294983,0.26215997338294983,1000,0.0,0.0,0.0
2017-06-08 00:00:00+08:00,0.2531200051307678,0.2531200051307678,0.2531200051307678,0.2531200051307678,3000,0.0,0.0,0.0
2017-06-09 00:00:00+08:00,0.2531200051307678,0.2531200051307678,0.2531200051307678,0.2531200051307678,0,0.0,0.0,0.0
2017-06-12 00:00:00+08:00,0.2531200051307678,0.2531200051307678,0.2531200051307678,0.2531200051307678,0,0.0,0.0,0.0
2017-06-13 00:00:00+08:00,0.2712000012397766,0.2712000012397766,0.2712000012397766,0.2712000012397766,100,0.0,0.0,0.0
2017-06-14 00:00:00+08:00,0.2712000012397766,0.2712000012397766,0.2712000012397766,0.2712000012397766,0,0.0,0.0,0.0
2017-06-15 00:00:00+08:00,0.2712000012397766,0.2712000012397766,0.2712000012397766,0.2712000012397766,0,0.0,0.0,0.0
2017-06-16 00:00:00+08:00,0.2712000012397766,0.2712000012397766,0.2712000012397766,0.2712000012397766,0,0.0,0.0,0.0
2017-06-19 00:00:00+08:00,0.2712000012397766,0.2712000012397766,0.2712000012397766,0.2712000012397766,0,0.0,0.0,0.0
2017-06-20 00:00:00+08:00,0.2712000012397766,0.2712000012397766,0.2712000012397766,0.2712000012397766,0,0.0,0.0,0.0
2017-06-21 00:00:00+08:00,0.2712000012397766,0.2712000012397766,0.2712000012397766,0.2712000012397766,0,0.0,0.0,0.0
2017-06-22 00:00:00+08:00,0.2712000012397766,0.2712000012397766,0.2712000012397766,0.2712000012397766,0,0.0,0.0,0.0
2017-06-23 00:00:00+08:00,0.25311998266187147,0.26215997338294983,0.25311998266187147,0.26215997338294983,3500,0.0,0.0,0.0
2017-06-27 00:00:00+08:00,0.26215997338294983,0.26215997338294983,0.26215997338294983,0.26215997338294983,0,0.0,0.0,0.0
2017-06-28 00:00:00+08:00,0.26215997338294983,0.26215997338294983,0.26215997338294983,0.26215997338294983,0,0.0,0.0,0.0
2017-06-29 00:00:00+08:00,0.26215997338294983,0.26215997338294983,0.26215997338294983,0.26215997338294983,0,0.0,0.0,0.0
2017-06-30 00:00:00+08:00,0.26215997338294983,0.26215997338294983,0.26215997338294983,0.26215997338294983,0,0.0,0.0,0.0
2017-07-03 00:00:00+08:00,0.2531200051307678,0.2531200051307678,0.2531200051307678,0.2531200051307678,900,0.0,0.0,0.0
2017-07-04 00:00:00+08:00,0.2531200051307678,0.2531200051307678,0.2531200051307678,0.2531200051307678,0,0.0,0.0,0.0
2017-07-05 00:00:00+08:00,0.2531200051307678,0.2531200051307678,0.2531200051307678,0.2531200051307678,0,0.0,0.0,0.0
2017-07-06 00:00:00+08:00,0.2531200051307678,0.2531200051307678,0.2531200051307678,0.2531200051307678,0,0.0,0.0,0.0
2017-07-07 00:00:00+08:00,0.2531200051307678,0.2531200051307678,0.2531200051307678,0.2531200051307678,0,0.0,0.0,0.0
2017-07-10 00:00:00+08:00,0.2531200051307678,0.2531200051307678,0.2531200051307678,0.2531200051307678,0,0.0,0.0,0.0
2017-07-11 00:00:00+08:00,0.2531200051307678,0.2531200051307678,0.2531200051307678,0.2531200051307678,0,0.0,0.0,0.0
2017-07-12 00:00:00+08:00,0.2531200051307678,0.2531200051307678,0.2531200051307678,0.2531200051307678,5000,0.0,0.0,0.0
2017-07-13 00:00:00+08:00,0.2531200051307678,0.2531200051307678,0.2531200051307678,0.2531200051307678,10000,0.0,0.0,0.0
2017-07-14 00:00:00+08:00,0.2531200051307678,0.2531200051307678,0.2531200051307678,0.2531200051307678,0,0.0,0.0,0.0
2017-07-17 00:00:00+08:00,0.2531200051307678,0.2531200051307678,0.2531200051307678,0.2531200051307678,0,0.0,0.0,0.0
2017-07-18 00:00:00+08:00,0.2531200051307678,0.2531200051307678,0.2531200051307678,0.2531200051307678,0,0.0,0.0,0.0
2017-07-19 00:00:00+08:00,0.2531199983579142,0.2531199983579142,0.24408000707626343,0.24408000707626343,6000,0.0,0.0,0.0
2017-07-20 00:00:00+08:00,0.24408000707626343,0.24408000707626343,0.24408000707626343,0.24408000707626343,0,0.0,0.0,0.0
2017-07-21 00:00:00+08:00,0.24408000707626343,0.24408000707626343,0.24408000707626343,0.24408000707626343,0,0.0,0.0,0.0
2017-07-24 00:00:00+08:00,0.24408000707626343,0.24408000707626343,0.24408000707626343,0.24408000707626343,0,0.0,0.0,0.0
2017-07-25 00:00:00+08:00,0.2712000012397766,0.2712000012397766,0.2712000012397766,0.2712000012397766,500,0.0,0.0,0.0
2017-07-26 00:00:00+08:00,0.2712000012397766,0.2712000012397766,0.2712000012397766,0.2712000012397766,0,0.0,0.0,0.0
2017-07-27 00:00:00+08:00,0.2712000012397766,0.2712000012397766,0.2712000012397766,0.2712000012397766,0,0.0,0.0,0.0
2017-07-28 00:00:00+08:00,0.2712000012397766,0.2712000012397766,0.2712000012397766,0.2712000012397766,0,0.0,0.0,0.0
2017-07-31 00:00:00+08:00,0.2712000012397766,0.2712000012397766,0.2712000012397766,0.2712000012397766,0,0.0,0.0,0.0
2017-08-01 00:00:00+08:00,0.2712000012397766,0.2712000012397766,0.2712000012397766,0.2712000012397766,0,0.0,0.0,0.0
2017-08-02 00:00:00+08:00,0.2712000012397766,0.2712000012397766,0.2712000012397766,0.2712000012397766,0,0.0,0.0,0.0
2017-08-03 00:00:00+08:00,0.2712000012397766,0.2712000012397766,0.2712000012397766,0.2712000012397766,0,0.0,0.0,0.0
2017-08-04 00:00:00+08:00,0.2712000012397766,0.2712000012397766,0.2712000012397766,0.2712000012397766,0,0.0,0.0,0.0
2017-08-07 00:00:00+08:00,0.2712000012397766,0.2712000012397766,0.2712000012397766,0.2712000012397766,0,0.0,0.0,0.0
2017-08-08 00:00:00+08:00,0.2712000012397766,0.2712000012397766,0.2712000012397766,0.2712000012397766,0,0.0,0.0,0.0
2017-08-10 00:00:00+08:00,0.2712000012397766,0.2712000012397766,0.2712000012397766,0.2712000012397766,0,0.0,0.0,0.0
2017-08-11 00:00:00+08:00,0.2712000012397766,0.2712000012397766,0.2712000012397766,0.2712000012397766,0,0.0,0.0,0.0
2017-08-14 00:00:00+08:00,0.2712000012397766,0.2712000012397766,0.2712000012397766,0.2712000012397766,0,0.0,0.0,0.0
2017-08-15 00:00:00+08:00,0.2712000012397766,0.2712000012397766,0.2712000012397766,0.2712000012397766,0,0.0,0.0,0.0
2017-08-16 00:00:00+08:00,0.2712000012397766,0.2712000012397766,0.2712000012397766,0.2712000012397766,0,0.0,0.0,0.0
2017-08-17 00:00:00+08:00,0.2712000012397766,0.2712000012397766,0.2712000012397766,0.2712000012397766,0,0.0,0.0,0.0
2017-08-18 00:00:00+08:00,0.2712000012397766,0.2712000012397766,0.2712000012397766,0.2712000012397766,0,0.0,0.0,0.0
2017-08-21 00:00:00+08:00,0.2712000012397766,0.2712000012397766,0.2712000012397766,0.2712000012397766,0,0.0,0.0,0.0
2017-08-22 00:00:00+08:00,0.2712000012397766,0.2712000012397766,0.2712000012397766,0.2712000012397766,0,0.0,0.0,0.0
2017-08-23 00:00:00+08:00,0.2712000012397766,0.2712000012397766,0.2712000012397766,0.2712000012397766,0,0.0,0.0,0.0
2017-08-24 00:00:00+08:00,0.2712000012397766,0.2712000012397766,0.2712000012397766,0.2712000012397766,0,0.0,0.0,0.0
2017-08-25 00:00:00+08:00,0.2712000012397766,0.2712000012397766,0.2712000012397766,0.2712000012397766,0,0.0,0.0,0.0
2017-08-28 00:00:00+08:00,0.2712000012397766,0.2712000012397766,0.2712000012397766,0.2712000012397766,0,0.0,0.0,0.0
2017-08-29 00:00:00+08:00,0.23955998986271707,0.23955998986271707,0.23503999412059784,0.23503999412059784,25000,0.0,0.0,0.0
2017-08-30 00:00:00+08:00,0.23503999412059784,0.23503999412059784,0.23503999412059784,0.23503999412059784,0,0.0,0.0,0.0
2017-08-31 00:00:00+08:00,0.2531200051307678,0.2531200051307678,0.2531200051307678,0.2531200051307678,300,0.0,0.0,0.0
2017-09-04 00:00:00+08:00,0.2531200051307678,0.2531200051307678,0.2531200051307678,0.2531200051307678,0,0.0,0.0,0.0
2017-09-05 00:00:00+08:00,0.2531200051307678,0.2531200051307678,0.2531200051307678,0.2531200051307678,0,0.0,0.0,0.0
2017-09-06 00:00:00+08:00,0.2531200051307678,0.2531200051307678,0.2531200051307678,0.2531200051307678,0,0.0,0.0,0.0
2017-09-07 00:00:00+08:00,0.2531200051307678,0.2531200051307678,0.2531200051307678,0.2531200051307678,0,0.0,0.0,0.0
2017-09-08 00:00:00+08:00,0.2531200051307678,0.2531200051307678,0.2531200051307678,0.2531200051307678,0,0.0,0.0,0.0
2017-09-11 00:00:00+08:00,0.2531200051307678,0.2531200051307678,0.2531200051307678,0.2531200051307678,25000,0.0,0.0,0.0
2017-09-12 00:00:00+08:00,0.2531200051307678,0.2531200051307678,0.2531200051307678,0.2531200051307678,0,0.0,0.0,0.0
2017-09-13 00:00:00+08:00,0.23503999412059784,0.23503999412059784,0.23503999412059784,0.23503999412059784,5000,0.0,0.0,0.0
2017-09-14 00:00:00+08:00,0.23503999412059784,0.23503999412059784,0.23503999412059784,0.23503999412059784,0,0.0,0.0,0.0
2017-09-15 00:00:00+08:00,0.23503999412059784,0.23503999412059784,0.23503999412059784,0.23503999412059784,0,0.0,0.0,0.0
2017-09-18 00:00:00+08:00,0.19887999053001387,0.20339998602867126,0.19887999053001387,0.20339998602867126,37600,0.0,0.0,0.0
2017-09-19 00:00:00+08:00,0.21244000264460391,0.21244000264460391,0.19888000190258026,0.19888000190258026,25000,0.0,0.0,0.0
2017-09-20 00:00:00+08:00,0.19888000190258026,0.19888000190258026,0.19888000190258026,0.19888000190258026,0,0.0,0.0,0.0
2017-09-21 00:00:00+08:00,0.20339998602867126,0.20339998602867126,0.20339998602867126,0.20339998602867126,900,0.0,0.0,0.0
2017-09-22 00:00:00+08:00,0.19888000190258026,0.19888000190258026,0.19888000190258026,0.19888000190258026,10000,0.0,0.0,0.0
2017-09-25 00:00:00+08:00,0.19888000190258026,0.19888000190258026,0.19888000190258026,0.19888000190258026,0,0.0,0.0,0.0
2017-09-26 00:00:00+08:00,0.19888000190258026,0.19888000190258026,0.19888000190258026,0.19888000190258026,0,0.0,0.0,0.0
2017-09-27 00:00:00+08:00,0.19888000190258026,0.19888000190258026,0.19888000190258026,0.19888000190258026,0,0.0,0.0,0.0
2017-09-28 00:00:00+08:00,0.19888000190258026,0.19888000190258026,0.19888000190258026,0.19888000190258026,0,0.0,0.0,0.0
2017-09-29 00:00:00+08:00,0.19888000190258026,0.19888000190258026,0.19888000190258026,0.19888000190258026,0,0.0,0.0,0.0
2017-10-02 00:00:00+08:00,0.19888000190258026,0.19888000190258026,0.19888000190258026,0.19888000190258026,0,0.0,0.0,0.0
2017-10-03 00:00:00+08:00,0.19888000190258026,0.19888000190258026,0.19888000190258026,0.19888000190258026,0,0.0,0.0,0.0
2017-10-04 00:00:00+08:00,0.19888000190258026,0.19888000190258026,0.19888000190258026,0.19888000190258026,0,0.0,0.0,0.0
2017-10-05 00:00:00+08:00,0.23503998272373977,0.23955997824668884,0.23503998272373977,0.23955997824668884,50000,0.0,0.0,0.0
2017-10-06 00:00:00+08:00,0.2531200051307678,0.2531200051307678,0.2531200051307678,0.2531200051307678,115000,0.0,0.0,0.0
2017-10-09 00:00:00+08:00,0.2531200051307678,0.2531200051307678,0.2531200051307678,0.2531200051307678,0,0.0,0.0,0.0
2017-10-10 00:00:00+08:00,0.2531200051307678,0.2531200051307678,0.2531200051307678,0.2531200051307678,0,0.0,0.0,0.0
2017-10-11 00:00:00+08:00,0.2531200051307678,0.2531200051307678,0.2531200051307678,0.2531200051307678,0,0.0,0.0,0.0
2017-10-12 00:00:00+08:00,0.2531200051307678,0.2531200051307678,0.2531200051307678,0.2531200051307678,0,0.0,0.0,0.0
2017-10-13 00:00:00+08:00,0.2531200051307678,0.2531200051307678,0.2531200051307678,0.2531200051307678,0,0.0,0.0,0.0
2017-10-16 00:00:00+08:00,0.2531200051307678,0.2531200051307678,0.2531200051307678,0.2531200051307678,0,0.0,0.0,0.0
2017-10-17 00:00:00+08:00,0.2531200051307678,0.2531200051307678,0.2531200051307678,0.2531200051307678,0,0.0,0.0,0.0
2017-10-19 00:00:00+08:00,0.2531200051307678,0.2531200051307678,0.2531200051307678,0.2531200051307678,0,0.0,0.0,0.0
2017-10-20 00:00:00+08:00,0.2531200051307678,0.2531200051307678,0.2531200051307678,0.2531200051307678,0,0.0,0.0,0.0
2017-10-23 00:00:00+08:00,0.2531200051307678,0.2531200051307678,0.2531200051307678,0.2531200051307678,0,0.0,0.0,0.0
2017-10-24 00:00:00+08:00,0.2531200051307678,0.2531200051307678,0.2531200051307678,0.2531200051307678,0,0.0,0.0,0.0
2017-10-25 00:00:00+08:00,0.2531200051307678,0.2531200051307678,0.2531200051307678,0.2531200051307678,0,0.0,0.0,0.0
2017-10-26 00:00:00+08:00,0.2531200051307678,0.2531200051307678,0.2531200051307678,0.2531200051307678,0,0.0,0.0,0.0
2017-10-27 00:00:00+08:00,0.2531200051307678,0.2531200051307678,0.2531200051307678,0.2531200051307678,0,0.0,0.0,0.0
2017-10-30 00:00:00+08:00,0.2531200051307678,0.2531200051307678,0.2531200051307678,0.2531200051307678,0,0.0,0.0,0.0
2017-10-31 00:00:00+08:00,0.2531200051307678,0.2531200051307678,0.2531200051307678,0.2531200051307678,0,0.0,0.0,0.0
2017-11-01 00:00:00+08:00,0.23503999412059784,0.23503999412059784,0.23503999412059784,0.23503999412059784,24000,0.0,0.0,0.0
2017-11-02 00:00:00+08:00,0.23503999412059784,0.23503999412059784,0.23503999412059784,0.23503999412059784,0,0.0,0.0,0.0
2017-11-03 00:00:00+08:00,0.23503999412059784,0.23503999412059784,0.23503999412059784,0.23503999412059784,0,0.0,0.0,0.0
2017-11-06 00:00:00+08:00,0.23503999412059784,0.23503999412059784,0.23503999412059784,0.23503999412059784,0,0.0,0.0,0.0
2017-11-07 00:00:00+08:00,0.23503999412059784,0.23503999412059784,0.23503999412059784,0.23503999412059784,0,0.0,0.0,0.0
2017-11-08 00:00:00+08:00,0.23503999412059784,0.23503999412059784,0.23503999412059784,0.23503999412059784,0,0.0,0.0,0.0
2017-11-09 00:00:00+08:00,0.20792000436999583,0.24860000610351562,0.20792000436999583,0.24860000610351562,9300,0.0,0.0,0.0
2017-11-10 00:00:00+08:00,0.24860000610351562,0.24860000610351562,0.24860000610351562,0.24860000610351562,0,0.0,0.0,0.0
2017-11-13 00:00:00+08:00,0.2576399780224107,0.280239981766404,0.2576399780224107,0.26215997338294983,11400,0.0,0.0,0.0
2017-11-14 00:00:00+08:00,0.2712000080077878,0.280239999294281,0.2712000080077878,0.280239999294281,5200,0.0,0.0,0.0
2017-11-15 00:00:00+08:00,0.280239999294281,0.280239999294281,0.280239999294281,0.280239999294281,21000,0.0,0.0,0.0
2017-11-16 00:00:00+08:00,0.280239999294281,0.280239999294281,0.280239999294281,0.280239999294281,0,0.0,0.0,0.0
2017-11-17 00:00:00+08:00,0.280239999294281,0.280239999294281,0.280239999294281,0.280239999294281,0,0.0,0.0,0.0
2017-11-20 00:00:00+08:00,0.280239999294281,0.280239999294281,0.280239999294281,0.280239999294281,0,0.0,0.0,0.0
2017-11-21 00:00:00+08:00,0.280239999294281,0.280239999294281,0.280239999294281,0.280239999294281,0,0.0,0.0,0.0
2017-11-22 00:00:00+08:00,0.280239999294281,0.280239999294281,0.280239999294281,0.280239999294281,0,0.0,0.0,0.0
2017-11-23 00:00:00+08:00,0.280239999294281,0.280239999294281,0.280239999294281,0.280239999294281,0,0.0,0.0,0.0
2017-11-24 00:00:00+08:00,0.280239999294281,0.280239999294281,0.280239999294281,0.280239999294281,0,0.0,0.0,0.0
2017-11-27 00:00:00+08:00,0.280239999294281,0.280239999294281,0.280239999294281,0.280239999294281,0,0.0,0.0,0.0
2017-11-28 00:00:00+08:00,0.280239999294281,0.280239999294281,0.280239999294281,0.280239999294281,0,0.0,0.0,0.0
2017-11-29 00:00:00+08:00,0.280239999294281,0.280239999294281,0.280239999294281,0.280239999294281,0,0.0,0.0,0.0
2017-11-30 00:00:00+08:00,0.280239999294281,0.280239999294281,0.280239999294281,0.280239999294281,0,0.0,0.0,0.0
2017-12-01 00:00:00+08:00,0.280239999294281,0.280239999294281,0.280239999294281,0.280239999294281,0,0.0,0.0,0.0
2017-12-04 00:00:00+08:00,0.280239999294281,0.280239999294281,0.280239999294281,0.280239999294281,0,0.0,0.0,0.0
2017-12-05 00:00:00+08:00,0.280239999294281,0.280239999294281,0.280239999294281,0.280239999294281,0,0.0,0.0,0.0
2017-12-06 00:00:00+08:00,0.280239999294281,0.280239999294281,0.280239999294281,0.280239999294281,0,0.0,0.0,0.0
2017-12-07 00:00:00+08:00,0.280239999294281,0.280239999294281,0.280239999294281,0.280239999294281,0,0.0,0.0,0.0
2017-12-08 00:00:00+08:00,0.280239999294281,0.280239999294281,0.280239999294281,0.280239999294281,0,0.0,0.0,0.0
2017-12-11 00:00:00+08:00,0.280239999294281,0.280239999294281,0.280239999294281,0.280239999294281,0,0.0,0.0,0.0
2017-12-12 00:00:00+08:00,0.280239999294281,0.280239999294281,0.280239999294281,0.280239999294281,0,0.0,0.0,0.0
2017-12-13 00:00:00+08:00,0.280239999294281,0.280239999294281,0.280239999294281,0.280239999294281,0,0.0,0.0,0.0
2017-12-14 00:00:00+08:00,0.280239999294281,0.280239999294281,0.280239999294281,0.280239999294281,0,0.0,0.0,0.0
2017-12-15 00:00:00+08:00,0.280239999294281,0.280239999294281,0.280239999294281,0.280239999294281,0,0.0,0.0,0.0
2017-12-18 00:00:00+08:00,0.21244000286289622,0.2531200051307678,0.21244000286289622,0.2531200051307678,25100,0.0,0.0,0.0
2017-12-19 00:00:00+08:00,0.2531200051307678,0.2531200051307678,0.2531200051307678,0.2531200051307678,0,0.0,0.0,0.0
2017-12-20 00:00:00+08:00,0.2531200051307678,0.2531200051307678,0.2531200051307678,0.2531200051307678,0,0.0,0.0,0.0
2017-12-21 00:00:00+08:00,0.2531200051307678,0.2531200051307678,0.2531200051307678,0.2531200051307678,0,0.0,0.0,0.0
2017-12-22 00:00:00+08:00,0.2531200051307678,0.2531200051307678,0.2531200051307678,0.2531200051307678,0,0.0,0.0,0.0
2017-12-26 00:00:00+08:00,0.2531200051307678,0.2531200051307678,0.2531200051307678,0.2531200051307678,0,0.0,0.0,0.0
2017-12-27 00:00:00+08:00,0.2531200051307678,0.2531200051307678,0.2531200051307678,0.2531200051307678,0,0.0,0.0,0.0
2017-12-28 00:00:00+08:00,0.2531200051307678,0.2531200051307678,0.2531200051307678,0.2531200051307678,0,0.0,0.0,0.0
2017-12-29 00:00:00+08:00,0.2531200051307678,0.2531200051307678,0.2531200051307678,0.2531200051307678,0,0.0,0.0,0.0
2018-01-02 00:00:00+08:00,0.2531200051307678,0.2531200051307678,0.2531200051307678,0.2531200051307678,0,0.0,0.0,0.0
2018-01-03 00:00:00+08:00,0.2531200051307678,0.2531200051307678,0.2531200051307678,0.2531200051307678,0,0.0,0.0,0.0
2018-01-04 00:00:00+08:00,0.2531200051307678,0.2531200051307678,0.2531200051307678,0.2531200051307678,0,0.0,0.0,0.0
2018-01-05 00:00:00+08:00,0.2531200040303745,0.2531200040303745,0.23503999412059784,0.23503999412059784,5600,0.0,0.0,0.0
2018-01-08 00:00:00+08:00,0.23503999412059784,0.23503999412059784,0.23503999412059784,0.23503999412059784,0,0.0,0.0,0.0
2018-01-09 00:00:00+08:00,0.23503999412059784,0.23503999412059784,0.23503999412059784,0.23503999412059784,0,0.0,0.0,0.0
2018-01-10 00:00:00+08:00,0.23503999412059784,0.23503999412059784,0.23503999412059784,0.23503999412059784,1000,0.0,0.0,0.0
2018-01-11 00:00:00+08:00,0.23503999412059784,0.23503999412059784,0.23503999412059784,0.23503999412059784,0,0.0,0.0,0.0
2018-01-12 00:00:00+08:00,0.2350399831136074,0.2712000012397766,0.22599999205271434,0.2712000012397766,32900,0.0,0.0,0.0
2018-01-15 00:00:00+08:00,0.25312000061190404,0.25312000061190404,0.19436000287532806,0.19436000287532806,18500,0.0,0.0,0.0
2018-01-16 00:00:00+08:00,0.19436000287532806,0.19436000287532806,0.19436000287532806,0.19436000287532806,0,0.0,0.0,0.0
2018-01-17 00:00:00+08:00,0.19436000287532806,0.19436000287532806,0.19436000287532806,0.19436000287532806,0,0.0,0.0,0.0
2018-01-18 00:00:00+08:00,0.19436000287532806,0.19436000287532806,0.19436000287532806,0.19436000287532806,0,0.0,0.0,0.0
2018-01-19 00:00:00+08:00,0.19436000287532806,0.19436000287532806,0.19436000287532806,0.19436000287532806,0,0.0,0.0,0.0
2018-01-22 00:00:00+08:00,0.19436000287532806,0.19436000287532806,0.19436000287532806,0.19436000287532806,0,0.0,0.0,0.0
2018-01-23 00:00:00+08:00,0.19436000287532806,0.19436000287532806,0.19436000287532806,0.19436000287532806,0,0.0,0.0,0.0
2018-01-24 00:00:00+08:00,0.23051999526522882,0.23051999526522882,0.19436000287532806,0.19436000287532806,50000,0.0,0.0,0.0
2018-01-25 00:00:00+08:00,0.19435999798490863,0.19435999798490863,0.18983998894691467,0.18983998894691467,30000,0.0,0.0,0.0
2018-01-26 00:00:00+08:00,0.18983998894691467,0.18983998894691467,0.18983998894691467,0.18983998894691467,0,0.0,0.0,0.0
2018-01-29 00:00:00+08:00,0.18983998894691467,0.18983998894691467,0.18983998894691467,0.18983998894691467,0,0.0,0.0,0.0
2018-01-30 00:00:00+08:00,0.18983998894691467,0.18983998894691467,0.18983998894691467,0.18983998894691467,0,0.0,0.0,0.0
2018-01-31 00:00:00+08:00,0.18532000156044953,0.18532000156044953,0.18080000579357147,0.18080000579357147,20100,0.0,0.0,0.0
2018-02-01 00:00:00+08:00,0.18531998991966248,0.18531998991966248,0.18531998991966248,0.18531998991966248,84000,0.0,0.0,0.0
2018-02-02 00:00:00+08:00,0.1898399937236032,0.19436000287532806,0.1898399937236032,0.19436000287532806,25000,0.0,0.0,0.0
2018-02-05 00:00:00+08:00,0.19436000287532806,0.19436000287532806,0.19436000287532806,0.19436000287532806,0,0.0,0.0,0.0
2018-02-06 00:00:00+08:00,0.19436000287532806,0.19436000287532806,0.19436000287532806,0.19436000287532806,0,0.0,0.0,0.0
2018-02-07 00:00:00+08:00,0.22148000242633203,0.22148000242633203,0.16814400255680084,0.16814400255680084,11100,0.0,0.0,0.0
2018-02-08 00:00:00+08:00,0.16904800125473993,0.18983998894691467,0.16904800125473993,0.18983998894691467,32000,0.0,0.0,0.0
2018-02-09 00:00:00+08:00,0.18983998894691467,0.18983998894691467,0.18983998894691467,0.18983998894691467,0,0.0,0.0,0.0
2018-02-12 00:00:00+08:00,0.18983998894691467,0.18983998894691467,0.18983998894691467,0.18983998894691467,0,0.0,0.0,0.0
2018-02-13 00:00:00+08:00,0.18983998894691467,0.18983998894691467,0.18983998894691467,0.18983998894691467,0,0.0,0.0,0.0
2018-02-14 00:00:00+08:00,0.18983998894691467,0.18983998894691467,0.18983998894691467,0.18983998894691467,0,0.0,0.0,0.0
2018-02-15 00:00:00+08:00,0.18983999076843272,0.22599999606609344,0.1853199951577187,0.22599999606609344,37500,0.0,0.0,0.0
2018-02-19 00:00:00+08:00,0.2214799941952633,0.2214799941952633,0.18531998991966248,0.18531998991966248,40000,0.0,0.0,0.0
2018-02-20 00:00:00+08:00,0.18531998991966248,0.18531998991966248,0.18531998991966248,0.18531998991966248,0,0.0,0.0,0.0
2018-02-21 00:00:00+08:00,0.18531998991966248,0.18531998991966248,0.18531998991966248,0.18531998991966248,0,0.0,0.0,0.0
2018-02-22 00:00:00+08:00,0.22148000762950298,0.22600000338662757,0.19888000190258026,0.19888000190258026,30800,0.0,0.0,0.0
2018-02-23 00:00:00+08:00,0.19888000190258026,0.19888000190258026,0.19888000190258026,0.19888000190258026,0,0.0,0.0,0.0
2018-02-26 00:00:00+08:00,0.19888000190258026,0.19888000190258026,0.19888000190258026,0.19888000190258026,0,0.0,0.0,0.0
2018-02-27 00:00:00+08:00,0.19888000190258026,0.19888000190258026,0.19888000190258026,0.19888000190258026,0,0.0,0.0,0.0
2018-02-28 00:00:00+08:00,0.19888000190258026,0.19888000190258026,0.19888000190258026,0.19888000190258026,0,0.0,0.0,0.0
2018-03-01 00:00:00+08:00,0.19888000190258026,0.19888000190258026,0.19888000190258026,0.19888000190258026,0,0.0,0.0,0.0
2018-03-02 00:00:00+08:00,0.19888000190258026,0.19888000190258026,0.19888000190258026,0.19888000190258026,0,0.0,0.0,0.0
2018-03-05 00:00:00+08:00,0.19888000190258026,0.19888000190258026,0.19888000190258026,0.19888000190258026,0,0.0,0.0,0.0
2018-03-06 00:00:00+08:00,0.19888000190258026,0.19888000190258026,0.19888000190258026,0.19888000190258026,0,0.0,0.0,0.0
2018-03-07 00:00:00+08:00,0.19888000190258026,0.19888000190258026,0.19888000190258026,0.19888000190258026,0,0.0,0.0,0.0
2018-03-08 00:00:00+08:00,0.19888000190258026,0.19888000190258026,0.19888000190258026,0.19888000190258026,0,0.0,0.0,0.0
2018-03-09 00:00:00+08:00,0.19888000190258026,0.19888000190258026,0.19888000190258026,0.19888000190258026,0,0.0,0.0,0.0
2018-03-12 00:00:00+08:00,0.19888000190258026,0.19888000190258026,0.19888000190258026,0.19888000190258026,0,0.0,0.0,0.0
2018-03-13 00:00:00+08:00,0.19888000190258026,0.19888000190258026,0.19888000190258026,0.19888000190258026,0,0.0,0.0,0.0
2018-03-14 00:00:00+08:00,0.19888000190258026,0.19888000190258026,0.19888000190258026,0.19888000190258026,0,0.0,0.0,0.0
2018-03-15 00:00:00+08:00,0.19888000190258026,0.19888000190258026,0.19888000190258026,0.19888000190258026,0,0.0,0.0,0.0
2018-03-16 00:00:00+08:00,0.17537599802017212,0.17537599802017212,0.17537599802017212,0.17537599802017212,100,0.0,0.0,0.0
2018-03-19 00:00:00+08:00,0.17537599802017212,0.17537599802017212,0.17537599802017212,0.17537599802017212,0,0.0,0.0,0.0
2018-03-20 00:00:00+08:00,0.17537599802017212,0.17537599802017212,0.17537599802017212,0.17537599802017212,0,0.0,0.0,0.0
2018-03-21 00:00:00+08:00,0.17537599802017212,0.17537599802017212,0.17537599802017212,0.17537599802017212,0,0.0,0.0,0.0
2018-03-22 00:00:00+08:00,0.17537599802017212,0.17537599802017212,0.17537599802017212,0.17537599802017212,0,0.0,0.0,0.0
2018-03-23 00:00:00+08:00,0.17537599802017212,0.17537599802017212,0.17537599802017212,0.17537599802017212,0,0.0,0.0,0.0
2018-03-26 00:00:00+08:00,0.16995199024677277,0.16995199024677277,0.16995199024677277,0.16995199024677277,100,0.0,0.0,0.0
2018-03-27 00:00:00+08:00,0.16995199024677277,0.16995199024677277,0.16995199024677277,0.16995199024677277,0,0.0,0.0,0.0
2018-03-28 00:00:00+08:00,0.22599999606609344,0.22599999606609344,0.22599999606609344,0.22599999606609344,16900,0.0,0.0,0.0
2018-03-29 00:00:00+08:00,0.22600000338662757,0.22600000338662757,0.17266400226408787,0.19888000190258026,37100,0.0,0.0,0.0
2018-04-02 00:00:00+08:00,0.19888000190258026,0.19888000190258026,0.19888000190258026,0.19888000190258026,0,0.0,0.0,0.0
2018-04-03 00:00:00+08:00,0.19888000190258026,0.19888000190258026,0.19888000190258026,0.19888000190258026,0,0.0,0.0,0.0
2018-04-04 00:00:00+08:00,0.18080000579357147,0.18080000579357147,0.18080000579357147,0.18080000579357147,6000,0.0,0.0,0.0
2018-04-05 00:00:00+08:00,0.18080000579357147,0.18080000579357147,0.18080000579357147,0.18080000579357147,0,0.0,0.0,0.0
2018-04-06 00:00:00+08:00,0.1898399969176812,0.19888000190258026,0.1898399969176812,0.19888000190258026,14400,0.0,0.0,0.0
2018-04-09 00:00:00+08:00,0.19888000190258026,0.19888000190258026,0.19888000190258026,0.19888000190258026,4500,0.0,0.0,0.0
2018-04-10 00:00:00+08:00,0.19888000190258026,0.19888000190258026,0.19888000190258026,0.19888000190258026,0,0.0,0.0,0.0
2018-04-11 00:00:00+08:00,0.19888000190258026,0.19888000190258026,0.19888000190258026,0.19888000190258026,0,0.0,0.0,0.0
2018-04-12 00:00:00+08:00,0.19888000190258026,0.19888000190258026,0.19888000190258026,0.19888000190258026,0,0.0,0.0,0.0
2018-04-13 00:00:00+08:00,0.19888000190258026,0.19888000190258026,0.19888000190258026,0.19888000190258026,0,0.0,0.0,0.0
2018-04-16 00:00:00+08:00,0.19888000190258026,0.19888000190258026,0.19888000190258026,0.19888000190258026,0,0.0,0.0,0.0
2018-04-17 00:00:00+08:00,0.19888000190258026,0.19888000190258026,0.19888000190258026,0.19888000190258026,0,0.0,0.0,0.0
2018-04-18 00:00:00+08:00,0.19888000190258026,0.19888000190258026,0.19888000190258026,0.19888000190258026,0,0.0,0.0,0.0
2018-04-19 00:00:00+08:00,0.19888000190258026,0.19888000190258026,0.19888000190258026,0.19888000190258026,0,0.0,0.0,0.0
2018-04-20 00:00:00+08:00,0.19888000190258026,0.19888000190258026,0.19888000190258026,0.19888000190258026,0,0.0,0.0,0.0
2018-04-23 00:00:00+08:00,0.19888000190258026,0.19888000190258026,0.19888000190258026,0.19888000190258026,0,0.0,0.0,0.0
2018-04-24 00:00:00+08:00,0.19888000190258026,0.19888000190258026,0.19888000190258026,0.19888000190258026,0,0.0,0.0,0.0
2018-04-25 00:00:00+08:00,0.17627999655604348,0.18080000579357147,0.17627999655604348,0.18080000579357147,15000,0.0,0.0,0.0
2018-04-26 00:00:00+08:00,0.18080000579357147,0.18080000579357147,0.18080000579357147,0.18080000579357147,0,0.0,0.0,0.0
2018-04-27 00:00:00+08:00,0.18080000579357147,0.18080000579357147,0.18080000579357147,0.18080000579357147,0,0.0,0.0,0.0
2018-04-30 00:00:00+08:00,0.18080000579357147,0.18080000579357147,0.18080000579357147,0.18080000579357147,0,0.0,0.0,0.0
2018-05-02 00:00:00+08:00,0.18079999284111684,0.18079999284111684,0.17718398571014404,0.17718398571014404,8000,0.0,0.0,0.0
2018-05-03 00:00:00+08:00,0.17718398571014404,0.17718398571014404,0.17718398571014404,0.17718398571014404,10000,0.0,0.0,0.0
2018-05-04 00:00:00+08:00,0.17718398571014404,0.17718398571014404,0.17718398571014404,0.17718398571014404,0,0.0,0.0,0.0
2018-05-07 00:00:00+08:00,0.16995199024677277,0.16995199024677277,0.16995199024677277,0.16995199024677277,9900,0.0,0.0,0.0
2018-05-08 00:00:00+08:00,0.16995199024677277,0.16995199024677277,0.16995199024677277,0.16995199024677277,0,0.0,0.0,0.0
2018-05-09 00:00:00+08:00,0.16995199024677277,0.16995199024677277,0.16995199024677277,0.16995199024677277,0,0.0,0.0,0.0
2018-05-10 00:00:00+08:00,0.16995199024677277,0.16995199024677277,0.16995199024677277,0.16995199024677277,0,0.0,0.0,0.0
2018-05-11 00:00:00+08:00,0.16995199024677277,0.16995199024677277,0.16995199024677277,0.16995199024677277,0,0.0,0.0,0.0
2018-05-14 00:00:00+08:00,0.16995199024677277,0.16995199024677277,0.16995199024677277,0.16995199024677277,0,0.0,0.0,0.0
2018-05-15 00:00:00+08:00,0.16995199024677277,0.16995199024677277,0.16995199024677277,0.16995199024677277,0,0.0,0.0,0.0
2018-05-16 00:00:00+08:00,0.16995199024677277,0.16995199024677277,0.16995199024677277,0.16995199024677277,0,0.0,0.0,0.0
2018-05-17 00:00:00+08:00,0.16995199024677277,0.16995199024677277,0.16995199024677277,0.16995199024677277,0,0.0,0.0,0.0
2018-05-18 00:00:00+08:00,0.16091200709342957,0.16091200709342957,0.16091200709342957,0.16091200709342957,10000,0.0,0.0,0.0
2018-05-21 00:00:00+08:00,0.16091200709342957,0.16091200709342957,0.16091200709342957,0.16091200709342957,0,0.0,0.0,0.0
2018-05-22 00:00:00+08:00,0.16091200709342957,0.16091200709342957,0.16091200709342957,0.16091200709342957,0,0.0,0.0,0.0
2018-05-23 00:00:00+08:00,0.16091200709342957,0.16091200709342957,0.16091200709342957,0.16091200709342957,0,0.0,0.0,0.0
2018-05-24 00:00:00+08:00,0.16091200709342957,0.16091200709342957,0.16091200709342957,0.16091200709342957,0,0.0,0.0,0.0
2018-05-25 00:00:00+08:00,0.15187199413776398,0.15187199413776398,0.15187199413776398,0.15187199413776398,9000,0.0,0.0,0.0
2018-05-28 00:00:00+08:00,0.15187199413776398,0.15187199413776398,0.15187199413776398,0.15187199413776398,0,0.0,0.0,0.0
2018-05-30 00:00:00+08:00,0.15187199413776398,0.15187199413776398,0.15187199413776398,0.15187199413776398,0,0.0,0.0,0.0
2018-05-31 00:00:00+08:00,0.15187199413776398,0.15187199413776398,0.15187199413776398,0.15187199413776398,0,0.0,0.0,0.0
2018-06-01 00:00:00+08:00,0.15187199413776398,0.15187199413776398,0.15187199413776398,0.15187199413776398,0,0.0,0.0,0.0
2018-06-04 00:00:00+08:00,0.15187199413776398,0.15187199413776398,0.15187199413776398,0.15187199413776398,0,0.0,0.0,0.0
2018-06-05 00:00:00+08:00,0.15187199413776398,0.15187199413776398,0.15187199413776398,0.15187199413776398,0,0.0,0.0,0.0
2018-06-06 00:00:00+08:00,0.15187199413776398,0.15187199413776398,0.15187199413776398,0.15187199413776398,0,0.0,0.0,0.0
2018-06-07 00:00:00+08:00,0.15187199413776398,0.15187199413776398,0.15187199413776398,0.15187199413776398,0,0.0,0.0,0.0
2018-06-08 00:00:00+08:00,0.15187199413776398,0.15187199413776398,0.15187199413776398,0.15187199413776398,0,0.0,0.0,0.0
2018-06-11 00:00:00+08:00,0.15187199413776398,0.15187199413776398,0.15187199413776398,0.15187199413776398,0,0.0,0.0,0.0
2018-06-12 00:00:00+08:00,0.15187199413776398,0.15187199413776398,0.15187199413776398,0.15187199413776398,0,0.0,0.0,0.0
2018-06-13 00:00:00+08:00,0.14373598533639595,0.14373598533639595,0.14102399349212646,0.14102399349212646,1500,0.0,0.0,0.0
2018-06-14 00:00:00+08:00,0.14102399349212646,0.14102399349212646,0.14102399349212646,0.14102399349212646,0,0.0,0.0,0.0
2018-06-18 00:00:00+08:00,0.1356000026938032,0.1356000026938032,0.13198399543762207,0.13198399543762207,21500,0.0,0.0,0.0
2018-06-19 00:00:00+08:00,0.13198399543762207,0.13198399543762207,0.13198399543762207,0.13198399543762207,0,0.0,0.0,0.0
2018-06-20 00:00:00+08:00,0.13198399543762207,0.13198399543762207,0.13198399543762207,0.13198399543762207,0,0.0,0.0,0.0
2018-06-21 00:00:00+08:00,0.13198399543762207,0.13198399543762207,0.13198399543762207,0.13198399543762207,0,0.0,0.0,0.0
2018-06-22 00:00:00+08:00,0.13198399543762207,0.13198399543762207,0.13198399543762207,0.13198399543762207,0,0.0,0.0,0.0
2018-06-25 00:00:00+08:00,0.13198399543762207,0.13198399543762207,0.13198399543762207,0.13198399543762207,0,0.0,0.0,0.0
2018-06-26 00:00:00+08:00,0.13198399543762207,0.13198399543762207,0.13198399543762207,0.13198399543762207,0,0.0,0.0,0.0
2018-06-27 00:00:00+08:00,0.13198399543762207,0.13198399543762207,0.13198399543762207,0.13198399543762207,0,0.0,0.0,0.0
2018-06-28 00:00:00+08:00,0.13198399543762207,0.13198399543762207,0.13198399543762207,0.13198399543762207,0,0.0,0.0,0.0
2018-06-29 00:00:00+08:00,0.13198399543762207,0.13198399543762207,0.13198399543762207,0.13198399543762207,0,0.0,0.0,0.0
2018-07-02 00:00:00+08:00,0.13198399543762207,0.13198399543762207,0.13198399543762207,0.13198399543762207,0,0.0,0.0,0.0
2018-07-03 00:00:00+08:00,0.1572959981703757,0.18080000579357147,0.1572959981703757,0.18080000579357147,6100,0.0,0.0,0.0
2018-07-04 00:00:00+08:00,0.18079999781222547,0.18983998894691467,0.18079999781222547,0.18983998894691467,36000,0.0,0.0,0.0
2018-07-05 00:00:00+08:00,0.20791999995708466,0.20791999995708466,0.18079999937700192,0.20791999995708466,15200,0.0,0.0,0.0
2018-07-06 00:00:00+08:00,0.20791999995708466,0.20791999995708466,0.20791999995708466,0.20791999995708466,0,0.0,0.0,0.0
2018-07-09 00:00:00+08:00,0.20791999995708466,0.20791999995708466,0.20791999995708466,0.20791999995708466,0,0.0,0.0,0.0
2018-07-10 00:00:00+08:00,0.20791999995708466,0.20791999995708466,0.20791999995708466,0.20791999995708466,0,0.0,0.0,0.0
2018-07-11 00:00:00+08:00,0.20791999995708466,0.20791999995708466,0.20791999995708466,0.20791999995708466,0,0.0,0.0,0.0
2018-07-12 00:00:00+08:00,0.20791999995708466,0.20791999995708466,0.20791999995708466,0.20791999995708466,0,0.0,0.0,0.0
2018-07-13 00:00:00+08:00,0.20791999995708466,0.20791999995708466,0.20791999995708466,0.20791999995708466,0,0.0,0.0,0.0
2018-07-16 00:00:00+08:00,0.20791999995708466,0.20791999995708466,0.20791999995708466,0.20791999995708466,0,0.0,0.0,0.0
2018-07-17 00:00:00+08:00,0.20791999995708466,0.20791999995708466,0.20791999995708466,0.20791999995708466,0,0.0,0.0,0.0
2018-07-18 00:00:00+08:00,0.19888000190258026,0.26215999638492404,0.19888000190258026,0.19888000190258026,2600,0.0,0.0,0.0
2018-07-19 00:00:00+08:00,0.2712000102775041,0.2712000102775041,0.1717599975286528,0.19436000287532806,42500,0.0,0.0,0.0
2018-07-20 00:00:00+08:00,0.18983998894691467,0.18983998894691467,0.18983998894691467,0.18983998894691467,15000,0.0,0.0,0.0
2018-07-23 00:00:00+08:00,0.18983998894691467,0.18983998894691467,0.18983998894691467,0.18983998894691467,0,0.0,0.0,0.0
2018-07-24 00:00:00+08:00,0.18983998894691467,0.18983998894691467,0.18983998894691467,0.18983998894691467,0,0.0,0.0,0.0
2018-07-25 00:00:00+08:00,0.18983998894691467,0.18983998894691467,0.18983998894691467,0.18983998894691467,0,0.0,0.0,0.0
2018-07-26 00:00:00+08:00,0.18983998894691467,0.18983998894691467,0.18983998894691467,0.18983998894691467,0,0.0,0.0,0.0
2018-07-27 00:00:00+08:00,0.18983998894691467,0.18983998894691467,0.18983998894691467,0.18983998894691467,0,0.0,0.0,0.0
2018-07-30 00:00:00+08:00,0.17989599704742432,0.17989599704742432,0.17989599704742432,0.17989599704742432,1000,0.0,0.0,0.0
2018-07-31 00:00:00+08:00,0.17989599704742432,0.17989599704742432,0.17989599704742432,0.17989599704742432,0,0.0,0.0,0.0
2018-08-01 00:00:00+08:00,0.17989599704742432,0.17989599704742432,0.17989599704742432,0.17989599704742432,0,0.0,0.0,0.0
2018-08-02 00:00:00+08:00,0.17989599704742432,0.17989599704742432,0.17989599704742432,0.17989599704742432,0,0.0,0.0,0.0
2018-08-03 00:00:00+08:00,0.17989599704742432,0.17989599704742432,0.17989599704742432,0.17989599704742432,0,0.0,0.0,0.0
2018-08-06 00:00:00+08:00,0.17989599704742432,0.17989599704742432,0.17989599704742432,0.17989599704742432,0,0.0,0.0,0.0
2018-08-07 00:00:00+08:00,0.17989599704742432,0.17989599704742432,0.17989599704742432,0.17989599704742432,0,0.0,0.0,0.0
2018-08-08 00:00:00+08:00,0.17989599704742432,0.17989599704742432,0.17989599704742432,0.17989599704742432,0,0.0,0.0,0.0
2018-08-10 00:00:00+08:00,0.17989599704742432,0.17989599704742432,0.17989599704742432,0.17989599704742432,0,0.0,0.0,0.0
2018-08-13 00:00:00+08:00,0.17989599704742432,0.17989599704742432,0.17989599704742432,0.17989599704742432,0,0.0,0.0,0.0
2018-08-14 00:00:00+08:00,0.1807999944367058,0.18531998991966248,0.1807999944367058,0.18531998991966248,32700,0.0,0.0,0.0
2018-08-15 00:00:00+08:00,0.18080000579357147,0.18080000579357147,0.18080000579357147,0.18080000579357147,100,0.0,0.0,0.0
2018-08-16 00:00:00+08:00,0.18080000579357147,0.18080000579357147,0.18080000579357147,0.18080000579357147,200,0.0,0.0,0.0
2018-08-17 00:00:00+08:00,0.18080000579357147,0.18080000579357147,0.18080000579357147,0.18080000579357147,0,0.0,0.0,0.0
2018-08-20 00:00:00+08:00,0.18080000579357147,0.18080000579357147,0.18080000579357147,0.18080000579357147,0,0.0,0.0,0.0
2018-08-21 00:00:00+08:00,0.18080000579357147,0.18080000579357147,0.18080000579357147,0.18080000579357147,0,0.0,0.0,0.0
2018-08-23 00:00:00+08:00,0.17176000124216062,0.17176000124216062,0.16272000968456268,0.16272000968456268,5100,0.0,0.0,0.0
2018-08-24 00:00:00+08:00,0.17175999283790588,0.17175999283790588,0.17175999283790588,0.17175999283790588,10000,0.0,0.0,0.0
2018-08-27 00:00:00+08:00,0.17175999283790588,0.17175999283790588,0.17175999283790588,0.17175999283790588,0,0.0,0.0,0.0
2018-08-28 00:00:00+08:00,0.17175999283790588,0.17175999283790588,0.17175999283790588,0.17175999283790588,0,0.0,0.0,0.0
2018-08-29 00:00:00+08:00,0.17175999283790588,0.17175999283790588,0.17175999283790588,0.17175999283790588,0,0.0,0.0,0.0
2018-08-30 00:00:00+08:00,0.17175999283790588,0.17175999283790588,0.17175999283790588,0.17175999283790588,0,0.0,0.0,0.0
2018-08-31 00:00:00+08:00,0.17175999283790588,0.17175999283790588,0.17175999283790588,0.17175999283790588,0,0.0,0.0,0.0
2018-09-03 00:00:00+08:00,0.17175999283790588,0.17175999283790588,0.17175999283790588,0.17175999283790588,0,0.0,0.0,0.0
2018-09-04 00:00:00+08:00,0.17175999283790588,0.17175999283790588,0.17175999283790588,0.17175999283790588,0,0.0,0.0,0.0
2018-09-05 00:00:00+08:00,0.17175999283790588,0.17175999283790588,0.17175999283790588,0.17175999283790588,0,0.0,0.0,0.0
2018-09-06 00:00:00+08:00,0.17175999283790588,0.17175999283790588,0.17175999283790588,0.17175999283790588,0,0.0,0.0,0.0
2018-09-07 00:00:00+08:00,0.17175999283790588,0.17175999283790588,0.17175999283790588,0.17175999283790588,0,0.0,0.0,0.0
2018-09-10 00:00:00+08:00,0.17175999283790588,0.17175999283790588,0.17175999283790588,0.17175999283790588,0,0.0,0.0,0.0
2018-09-11 00:00:00+08:00,0.17175999283790588,0.17175999283790588,0.17175999283790588,0.17175999283790588,0,0.0,0.0,0.0
2018-09-12 00:00:00+08:00,0.17175999283790588,0.17175999283790588,0.17175999283790588,0.17175999283790588,0,0.0,0.0,0.0
2018-09-13 00:00:00+08:00,0.17175999283790588,0.17175999283790588,0.17175999283790588,0.17175999283790588,0,0.0,0.0,0.0
2018-09-14 00:00:00+08:00,0.17175999283790588,0.17175999283790588,0.17175999283790588,0.17175999283790588,0,0.0,0.0,0.0
2018-09-17 00:00:00+08:00,0.17175999283790588,0.17175999283790588,0.17175999283790588,0.17175999283790588,0,0.0,0.0,0.0
2018-09-18 00:00:00+08:00,0.17175999283790588,0.17175999283790588,0.17175999283790588,0.17175999283790588,0,0.0,0.0,0.0
2018-09-19 00:00:00+08:00,0.17175999283790588,0.17175999283790588,0.17175999283790588,0.17175999283790588,0,0.0,0.0,0.0
2018-09-20 00:00:00+08:00,0.17175999283790588,0.17175999283790588,0.17175999283790588,0.17175999283790588,0,0.0,0.0,0.0
2018-09-21 00:00:00+08:00,0.17175999283790588,0.17175999283790588,0.17175999283790588,0.17175999283790588,0,0.0,0.0,0.0
2018-09-24 00:00:00+08:00,0.17175999283790588,0.17175999283790588,0.17175999283790588,0.17175999283790588,0,0.0,0.0,0.0
2018-09-25 00:00:00+08:00,0.17175999283790588,0.17175999283790588,0.17175999283790588,0.17175999283790588,0,0.0,0.0,0.0
2018-09-26 00:00:00+08:00,0.17175999283790588,0.17175999283790588,0.17175999283790588,0.17175999283790588,0,0.0,0.0,0.0
2018-09-27 00:00:00+08:00,0.17175999283790588,0.17175999283790588,0.17175999283790588,0.17175999283790588,0,0.0,0.0,0.0
2018-09-28 00:00:00+08:00,0.18080000579357147,0.18080000579357147,0.18080000579357147,0.18080000579357147,10500,0.0,0.0,0.0
2018-10-01 00:00:00+08:00,0.18080000579357147,0.18080000579357147,0.18080000579357147,0.18080000579357147,0,0.0,0.0,0.0
2018-10-02 00:00:00+08:00,0.18080000579357147,0.18080000579357147,0.18080000579357147,0.18080000579357147,0,0.0,0.0,0.0
2018-10-03 00:00:00+08:00,0.18080000579357147,0.18080000579357147,0.18080000579357147,0.18080000579357147,0,0.0,0.0,0.0
2018-10-04 00:00:00+08:00,0.18080000579357147,0.18080000579357147,0.18080000579357147,0.18080000579357147,0,0.0,0.0,0.0
2018-10-05 00:00:00+08:00,0.18080000579357147,0.18080000579357147,0.18080000579357147,0.18080000579357147,0,0.0,0.0,0.0
2018-10-08 00:00:00+08:00,0.18080000579357147,0.18080000579357147,0.18080000579357147,0.18080000579357147,0,0.0,0.0,0.0
2018-10-09 00:00:00+08:00,0.18080000579357147,0.18080000579357147,0.18080000579357147,0.18080000579357147,0,0.0,0.0,0.0
2018-10-10 00:00:00+08:00,0.18080000579357147,0.18080000579357147,0.18080000579357147,0.18080000579357147,0,0.0,0.0,0.0
2018-10-11 00:00:00+08:00,0.18080000579357147,0.18080000579357147,0.18080000579357147,0.18080000579357147,0,0.0,0.0,0.0
2018-10-12 00:00:00+08:00,0.18080000579357147,0.18080000579357147,0.18080000579357147,0.18080000579357147,0,0.0,0.0,0.0
2018-10-15 00:00:00+08:00,0.16272000968456268,0.16272000968456268,0.16272000968456268,0.16272000968456268,1000,0.0,0.0,0.0
2018-10-16 00:00:00+08:00,0.16272000968456268,0.16272000968456268,0.16272000968456268,0.16272000968456268,0,0.0,0.0,0.0
2018-10-17 00:00:00+08:00,0.16272000968456268,0.16272000968456268,0.16272000968456268,0.16272000968456268,0,0.0,0.0,0.0
2018-10-18 00:00:00+08:00,0.16272000968456268,0.16272000968456268,0.16272000968456268,0.16272000968456268,0,0.0,0.0,0.0
2018-10-19 00:00:00+08:00,0.16272000968456268,0.16272000968456268,0.16272000968456268,0.16272000968456268,0,0.0,0.0,0.0
2018-10-22 00:00:00+08:00,0.16272000968456268,0.16272000968456268,0.16272000968456268,0.16272000968456268,0,0.0,0.0,0.0
2018-10-23 00:00:00+08:00,0.16272000968456268,0.16272000968456268,0.16272000968456268,0.16272000968456268,0,0.0,0.0,0.0
2018-10-24 00:00:00+08:00,0.16272000968456268,0.16272000968456268,0.16272000968456268,0.16272000968456268,0,0.0,0.0,0.0
2018-10-25 00:00:00+08:00,0.16272000968456268,0.16272000968456268,0.16272000968456268,0.16272000968456268,0,0.0,0.0,0.0
2018-10-26 00:00:00+08:00,0.16272000968456268,0.16272000968456268,0.16272000968456268,0.16272000968456268,0,0.0,0.0,0.0
2018-10-29 00:00:00+08:00,0.16272000968456268,0.16272000968456268,0.16272000968456268,0.16272000968456268,0,0.0,0.0,0.0
2018-10-30 00:00:00+08:00,0.1356000006198883,0.1356000006198883,0.1356000006198883,0.1356000006198883,5000,0.0,0.0,0.0
2018-10-31 00:00:00+08:00,0.1356000006198883,0.1356000006198883,0.1356000006198883,0.1356000006198883,0,0.0,0.0,0.0
2018-11-01 00:00:00+08:00,0.1356000006198883,0.1356000006198883,0.1356000006198883,0.1356000006198883,0,0.0,0.0,0.0
2018-11-02 00:00:00+08:00,0.1356000006198883,0.1356000006198883,0.1356000006198883,0.1356000006198883,6000,0.0,0.0,0.0
2018-11-05 00:00:00+08:00,0.1356000006198883,0.1356000006198883,0.1356000006198883,0.1356000006198883,0,0.0,0.0,0.0
2018-11-07 00:00:00+08:00,0.1356000006198883,0.1356000006198883,0.1356000006198883,0.1356000006198883,0,0.0,0.0,0.0
2018-11-08 00:00:00+08:00,0.1356000006198883,0.1356000006198883,0.1356000006198883,0.1356000006198883,0,0.0,0.0,0.0
2018-11-09 00:00:00+08:00,0.1356000006198883,0.1356000006198883,0.1356000006198883,0.1356000006198883,0,0.0,0.0,0.0
2018-11-12 00:00:00+08:00,0.1356000006198883,0.1356000006198883,0.1356000006198883,0.1356000006198883,0,0.0,0.0,0.0
2018-11-13 00:00:00+08:00,0.1356000006198883,0.1356000006198883,0.1356000006198883,0.1356000006198883,0,0.0,0.0,0.0
2018-11-14 00:00:00+08:00,0.1356000006198883,0.1356000006198883,0.1356000006198883,0.1356000006198883,0,0.0,0.0,0.0
2018-11-15 00:00:00+08:00,0.1356000006198883,0.1356000006198883,0.1356000006198883,0.1356000006198883,0,0.0,0.0,0.0
2018-11-16 00:00:00+08:00,0.1356000006198883,0.1356000006198883,0.1356000006198883,0.1356000006198883,0,0.0,0.0,0.0
2018-11-19 00:00:00+08:00,0.1356000006198883,0.1356000006198883,0.1356000006198883,0.1356000006198883,0,0.0,0.0,0.0
2018-11-20 00:00:00+08:00,0.1356000006198883,0.1356000006198883,0.1356000006198883,0.1356000006198883,0,0.0,0.0,0.0
2018-11-21 00:00:00+08:00,0.1446399986743927,0.1446399986743927,0.1446399986743927,0.1446399986743927,10000,0.0,0.0,0.0
2018-11-22 00:00:00+08:00,0.1446399986743927,0.1446399986743927,0.1446399986743927,0.1446399986743927,0,0.0,0.0,0.0
2018-11-23 00:00:00+08:00,0.1446399986743927,0.1446399986743927,0.1446399986743927,0.1446399986743927,0,0.0,0.0,0.0
2018-11-26 00:00:00+08:00,0.1446399986743927,0.1446399986743927,0.1446399986743927,0.1446399986743927,0,0.0,0.0,0.0
2018-11-27 00:00:00+08:00,0.1446399986743927,0.1446399986743927,0.1446399986743927,0.1446399986743927,0,0.0,0.0,0.0
2018-11-28 00:00:00+08:00,0.1446399986743927,0.1446399986743927,0.1446399986743927,0.1446399986743927,0,0.0,0.0,0.0
2018-11-29 00:00:00+08:00,0.1446399986743927,0.1446399986743927,0.1446399986743927,0.1446399986743927,0,0.0,0.0,0.0
2018-11-30 00:00:00+08:00,0.1446399986743927,0.1446399986743927,0.1446399986743927,0.1446399986743927,0,0.0,0.0,0.0
2018-12-03 00:00:00+08:00,0.1446399986743927,0.1446399986743927,0.1446399986743927,0.1446399986743927,0,0.0,0.0,0.0
2018-12-04 00:00:00+08:00,0.1446399986743927,0.1446399986743927,0.1446399986743927,0.1446399986743927,0,0.0,0.0,0.0
2018-12-05 00:00:00+08:00,0.1446399986743927,0.1446399986743927,0.1446399986743927,0.1446399986743927,0,0.0,0.0,0.0
2018-12-06 00:00:00+08:00,0.1446399986743927,0.1446399986743927,0.1446399986743927,0.1446399986743927,0,0.0,0.0,0.0
2018-12-07 00:00:00+08:00,0.1446399986743927,0.1446399986743927,0.1446399986743927,0.1446399986743927,0,0.0,0.0,0.0
2018-12-10 00:00:00+08:00,0.1446399986743927,0.1446399986743927,0.1446399986743927,0.1446399986743927,0,0.0,0.0,0.0
2018-12-11 00:00:00+08:00,0.1446399986743927,0.1446399986743927,0.1446399986743927,0.1446399986743927,0,0.0,0.0,0.0
2018-12-12 00:00:00+08:00,0.1446399986743927,0.1446399986743927,0.1446399986743927,0.1446399986743927,0,0.0,0.0,0.0
2018-12-13 00:00:00+08:00,0.1446399986743927,0.1446399986743927,0.1446399986743927,0.1446399986743927,0,0.0,0.0,0.0
2018-12-14 00:00:00+08:00,0.1446399986743927,0.1446399986743927,0.1446399986743927,0.1446399986743927,0,0.0,0.0,0.0
2018-12-17 00:00:00+08:00,0.1446399986743927,0.1446399986743927,0.1446399986743927,0.1446399986743927,0,0.0,0.0,0.0
2018-12-18 00:00:00+08:00,0.1446399986743927,0.1446399986743927,0.1446399986743927,0.1446399986743927,0,0.0,0.0,0.0
2018-12-19 00:00:00+08:00,0.1446399986743927,0.1446399986743927,0.1446399986743927,0.1446399986743927,0,0.0,0.0,0.0
2018-12-20 00:00:00+08:00,0.1446399986743927,0.1446399986743927,0.1446399986743927,0.1446399986743927,0,0.0,0.0,0.0
2018-12-21 00:00:00+08:00,0.13107998669147491,0.13107998669147491,0.13107998669147491,0.13107998669147491,5000,0.0,0.0,0.0
2018-12-24 00:00:00+08:00,0.13107998669147491,0.13107998669147491,0.13107998669147491,0.13107998669147491,0,0.0,0.0,0.0
2018-12-26 00:00:00+08:00,0.13107998669147491,0.13107998669147491,0.13107998669147491,0.13107998669147491,0,0.0,0.0,0.0
2018-12-27 00:00:00+08:00,0.13107998669147491,0.13107998669147491,0.13107998669147491,0.13107998669147491,0,0.0,0.0,0.0
2018-12-28 00:00:00+08:00,0.13107998669147491,0.13107998669147491,0.13107998669147491,0.13107998669147491,0,0.0,0.0,0.0
2018-12-31 00:00:00+08:00,0.13107998669147491,0.13107998669147491,0.13107998669147491,0.13107998669147491,0,0.0,0.0,0.0
2019-01-01 00:00:00+08:00,0.13107998669147491,0.13107998669147491,0.13107998669147491,0.13107998669147491,0,0.0,0.0,0.0
2019-01-02 00:00:00+08:00,0.13107998669147491,0.13107998669147491,0.13107998669147491,0.13107998669147491,0,0.0,0.0,0.0
2019-01-03 00:00:00+08:00,0.13107998669147491,0.13107998669147491,0.13107998669147491,0.13107998669147491,0,0.0,0.0,0.0
2019-01-04 00:00:00+08:00,0.13107998669147491,0.13107998669147491,0.13107998669147491,0.13107998669147491,0,0.0,0.0,0.0
2019-01-07 00:00:00+08:00,0.13107998669147491,0.13107998669147491,0.13107998669147491,0.13107998669147491,0,0.0,0.0,0.0
2019-01-08 00:00:00+08:00,0.13107998669147491,0.13107998669147491,0.13107998669147491,0.13107998669147491,0,0.0,0.0,0.0
2019-01-09 00:00:00+08:00,0.13107998669147491,0.13107998669147491,0.13107998669147491,0.13107998669147491,0,0.0,0.0,0.0
2019-01-10 00:00:00+08:00,0.13107998669147491,0.13107998669147491,0.13107998669147491,0.13107998669147491,0,0.0,0.0,0.0
2019-01-11 00:00:00+08:00,0.13107998669147491,0.13107998669147491,0.13107998669147491,0.13107998669147491,0,0.0,0.0,0.0
2019-01-14 00:00:00+08:00,0.13107998669147491,0.13107998669147491,0.13107998669147491,0.13107998669147491,0,0.0,0.0,0.0
2019-01-15 00:00:00+08:00,0.13107998669147491,0.13107998669147491,0.13107998669147491,0.13107998669147491,0,0.0,0.0,0.0
2019-01-16 00:00:00+08:00,0.13107998669147491,0.13107998669147491,0.13107998669147491,0.13107998669147491,0,0.0,0.0,0.0
2019-01-17 00:00:00+08:00,0.13107998669147491,0.13107998669147491,0.13107998669147491,0.13107998669147491,0,0.0,0.0,0.0
2019-01-18 00:00:00+08:00,0.13107998669147491,0.13107998669147491,0.13107998669147491,0.13107998669147491,0,0.0,0.0,0.0
2019-01-21 00:00:00+08:00,0.13107998669147491,0.13107998669147491,0.13107998669147491,0.13107998669147491,0,0.0,0.0,0.0
2019-01-22 00:00:00+08:00,0.13107998669147491,0.13107998669147491,0.13107998669147491,0.13107998669147491,0,0.0,0.0,0.0
2019-01-23 00:00:00+08:00,0.13107998669147491,0.13107998669147491,0.13107998669147491,0.13107998669147491,0,0.0,0.0,0.0
2019-01-24 00:00:00+08:00,0.13107998669147491,0.13107998669147491,0.13107998669147491,0.13107998669147491,0,0.0,0.0,0.0
2019-01-25 00:00:00+08:00,0.13107998669147491,0.13107998669147491,0.13107998669147491,0.13107998669147491,0,0.0,0.0,0.0
2019-01-28 00:00:00+08:00,0.13107998669147491,0.13107998669147491,0.13107998669147491,0.13107998669147491,0,0.0,0.0,0.0
2019-01-29 00:00:00+08:00,0.13107998669147491,0.13107998669147491,0.13107998669147491,0.13107998669147491,0,0.0,0.0,0.0
2019-01-30 00:00:00+08:00,0.13107998669147491,0.13107998669147491,0.13107998669147491,0.13107998669147491,0,0.0,0.0,0.0
2019-01-31 00:00:00+08:00,0.13107998669147491,0.13107998669147491,0.13107998669147491,0.13107998669147491,0,0.0,0.0,0.0
2019-02-01 00:00:00+08:00,0.10847999900579453,0.10847999900579453,0.10847999900579453,0.10847999900579453,10000,0.0,0.0,0.0
2019-02-04 00:00:00+08:00,0.10847999900579453,0.10847999900579453,0.10847999900579453,0.10847999900579453,0,0.0,0.0,0.0
2019-02-05 00:00:00+08:00,0.10847999900579453,0.10847999900579453,0.10847999900579453,0.10847999900579453,0,0.0,0.0,0.0
2019-02-07 00:00:00+08:00,0.10847999900579453,0.10847999900579453,0.10847999900579453,0.10847999900579453,0,0.0,0.0,0.0
2019-02-08 00:00:00+08:00,0.10847999900579453,0.10847999900579453,0.10847999900579453,0.10847999900579453,0,0.0,0.0,0.0
2019-02-11 00:00:00+08:00,0.10847999900579453,0.10847999900579453,0.10847999900579453,0.10847999900579453,0,0.0,0.0,0.0
2019-02-12 00:00:00+08:00,0.10847999900579453,0.10847999900579453,0.10847999900579453,0.10847999900579453,0,0.0,0.0,0.0
2019-02-13 00:00:00+08:00,0.10847999900579453,0.10847999900579453,0.10847999900579453,0.10847999900579453,0,0.0,0.0,0.0
2019-02-14 00:00:00+08:00,0.10847999900579453,0.10847999900579453,0.10847999900579453,0.10847999900579453,0,0.0,0.0,0.0
2019-02-15 00:00:00+08:00,0.10847999900579453,0.10847999900579453,0.10847999900579453,0.10847999900579453,0,0.0,0.0,0.0
2019-02-18 00:00:00+08:00,0.10847999900579453,0.10847999900579453,0.10847999900579453,0.10847999900579453,0,0.0,0.0,0.0
2019-02-19 00:00:00+08:00,0.10847999900579453,0.10847999900579453,0.10847999900579453,0.10847999900579453,0,0.0,0.0,0.0
2019-02-20 00:00:00+08:00,0.10847999900579453,0.10847999900579453,0.10847999900579453,0.10847999900579453,0,0.0,0.0,0.0
2019-02-21 00:00:00+08:00,0.10847999900579453,0.10847999900579453,0.10847999900579453,0.10847999900579453,0,0.0,0.0,0.0
2019-02-22 00:00:00+08:00,0.10847999900579453,0.10847999900579453,0.10847999900579453,0.10847999900579453,0,0.0,0.0,0.0
2019-02-25 00:00:00+08:00,0.10847999900579453,0.10847999900579453,0.10847999900579453,0.10847999900579453,0,0.0,0.0,0.0
2019-02-26 00:00:00+08:00,0.10847999900579453,0.10847999900579453,0.10847999900579453,0.10847999900579453,0,0.0,0.0,0.0
2019-02-27 00:00:00+08:00,0.10847999900579453,0.10847999900579453,0.10847999900579453,0.10847999900579453,0,0.0,0.0,0.0
2019-02-28 00:00:00+08:00,0.10847999900579453,0.10847999900579453,0.10847999900579453,0.10847999900579453,0,0.0,0.0,0.0
2019-03-01 00:00:00+08:00,0.10847999900579453,0.10847999900579453,0.10847999900579453,0.10847999900579453,0,0.0,0.0,0.0
2019-03-04 00:00:00+08:00,0.10847999900579453,0.10847999900579453,0.10847999900579453,0.10847999900579453,0,0.0,0.0,0.0
2019-03-05 00:00:00+08:00,0.10847999900579453,0.10847999900579453,0.10847999900579453,0.10847999900579453,0,0.0,0.0,0.0
2019-03-06 00:00:00+08:00,0.10847999900579453,0.10847999900579453,0.10847999900579453,0.10847999900579453,0,0.0,0.0,0.0
2019-03-07 00:00:00+08:00,0.10847999900579453,0.10847999900579453,0.10847999900579453,0.10847999900579453,0,0.0,0.0,0.0
2019-03-08 00:00:00+08:00,0.10847999900579453,0.10847999900579453,0.10847999900579453,0.10847999900579453,0,0.0,0.0,0.0
2019-03-11 00:00:00+08:00,0.10847999900579453,0.10847999900579453,0.10847999900579453,0.10847999900579453,0,0.0,0.0,0.0
2019-03-12 00:00:00+08:00,0.10847999900579453,0.10847999900579453,0.10847999900579453,0.10847999900579453,0,0.0,0.0,0.0
2019-03-13 00:00:00+08:00,0.10847999900579453,0.10847999900579453,0.10847999900579453,0.10847999900579453,0,0.0,0.0,0.0
2019-03-14 00:00:00+08:00,0.10847999900579453,0.10847999900579453,0.10847999900579453,0.10847999900579453,0,0.0,0.0,0.0
2019-03-15 00:00:00+08:00,0.10847999900579453,0.10847999900579453,0.10847999900579453,0.10847999900579453,0,0.0,0.0,0.0
2019-03-18 00:00:00+08:00,0.10847999900579453,0.10847999900579453,0.10847999900579453,0.10847999900579453,0,0.0,0.0,0.0
2019-03-19 00:00:00+08:00,0.10847999900579453,0.10847999900579453,0.10847999900579453,0.10847999900579453,0,0.0,0.0,0.0
2019-03-20 00:00:00+08:00,0.10847999900579453,0.10847999900579453,0.10847999900579453,0.10847999900579453,0,0.0,0.0,0.0
2019-03-21 00:00:00+08:00,0.10847999900579453,0.10847999900579453,0.10847999900579453,0.10847999900579453,0,0.0,0.0,0.0
2019-03-22 00:00:00+08:00,0.10847999900579453,0.10847999900579453,0.10847999900579453,0.10847999900579453,0,0.0,0.0,0.0
2019-03-25 00:00:00+08:00,0.10847999900579453,0.10847999900579453,0.10847999900579453,0.10847999900579453,0,0.0,0.0,0.0
2019-03-26 00:00:00+08:00,0.10847999900579453,0.10847999900579453,0.10847999900579453,0.10847999900579453,0,0.0,0.0,0.0
2019-03-27 00:00:00+08:00,0.10847999900579453,0.10847999900579453,0.10847999900579453,0.10847999900579453,0,0.0,0.0,0.0
2019-03-28 00:00:00+08:00,0.10847999900579453,0.10847999900579453,0.10847999900579453,0.10847999900579453,0,0.0,0.0,0.0
2019-03-29 00:00:00+08:00,0.10847999900579453,0.10847999900579453,0.10847999900579453,0.10847999900579453,0,0.0,0.0,0.0
2019-04-01 00:00:00+08:00,0.10847999900579453,0.10847999900579453,0.10847999900579453,0.10847999900579453,0,0.0,0.0,0.0
2019-04-02 00:00:00+08:00,0.10847999900579453,0.10847999900579453,0.10847999900579453,0.10847999900579453,0,0.0,0.0,0.0
2019-04-03 00:00:00+08:00,0.10847999900579453,0.10847999900579453,0.10847999900579453,0.10847999900579453,0,0.0,0.0,0.0
2019-04-04 00:00:00+08:00,0.10847999900579453,0.10847999900579453,0.10847999900579453,0.10847999900579453,0,0.0,0.0,0.0
2019-04-05 00:00:00+08:00,0.10847999900579453,0.10847999900579453,0.10847999900579453,0.10847999900579453,0,0.0,0.0,0.0
2019-04-08 00:00:00+08:00,0.10847999900579453,0.10847999900579453,0.10847999900579453,0.10847999900579453,0,0.0,0.0,0.0
2019-04-09 00:00:00+08:00,0.10847999900579453,0.10847999900579453,0.10847999900579453,0.10847999900579453,0,0.0,0.0,0.0
2019-04-10 00:00:00+08:00,0.1446399986743927,0.1446399986743927,0.1446399986743927,0.1446399986743927,2000,0.0,0.0,0.0
2019-04-11 00:00:00+08:00,0.1446399986743927,0.1446399986743927,0.1446399986743927,0.1446399986743927,2000,0.0,0.0,0.0
2019-04-12 00:00:00+08:00,0.1446399986743927,0.1446399986743927,0.1446399986743927,0.1446399986743927,0,0.0,0.0,0.0
2019-04-15 00:00:00+08:00,0.1446399986743927,0.1446399986743927,0.1446399986743927,0.1446399986743927,0,0.0,0.0,0.0
2019-04-16 00:00:00+08:00,0.1446399986743927,0.1446399986743927,0.1446399986743927,0.1446399986743927,0,0.0,0.0,0.0
2019-04-17 00:00:00+08:00,0.1446399986743927,0.1446399986743927,0.1446399986743927,0.1446399986743927,0,0.0,0.0,0.0
2019-04-18 00:00:00+08:00,0.1446399986743927,0.1446399986743927,0.1446399986743927,0.1446399986743927,0,0.0,0.0,0.0
2019-04-22 00:00:00+08:00,0.1446399986743927,0.1446399986743927,0.1446399986743927,0.1446399986743927,10000,0.0,0.0,0.0
2019-04-23 00:00:00+08:00,0.1446399986743927,0.1446399986743927,0.1446399986743927,0.1446399986743927,0,0.0,0.0,0.0
2019-04-24 00:00:00+08:00,0.1446399986743927,0.1446399986743927,0.1446399986743927,0.1446399986743927,0,0.0,0.0,0.0
2019-04-25 00:00:00+08:00,0.1446399986743927,0.1446399986743927,0.1446399986743927,0.1446399986743927,0,0.0,0.0,0.0
2019-04-26 00:00:00+08:00,0.1446399986743927,0.1446399986743927,0.1446399986743927,0.1446399986743927,0,0.0,0.0,0.0
2019-04-29 00:00:00+08:00,0.1446399986743927,0.1446399986743927,0.1446399986743927,0.1446399986743927,0,0.0,0.0,0.0
2019-04-30 00:00:00+08:00,0.1446399986743927,0.1446399986743927,0.1446399986743927,0.1446399986743927,0,0.0,0.0,0.0
2019-05-02 00:00:00+08:00,0.10847999900579453,0.10847999900579453,0.10847999900579453,0.10847999900579453,100,0.0,0.0,0.0
2019-05-03 00:00:00+08:00,0.10847999900579453,0.10847999900579453,0.10847999900579453,0.10847999900579453,0,0.0,0.0,0.0
2019-05-06 00:00:00+08:00,0.11751999706029892,0.11751999706029892,0.11751999706029892,0.11751999706029892,1000,0.0,0.0,0.0
2019-05-07 00:00:00+08:00,0.11751999706029892,0.11751999706029892,0.11751999706029892,0.11751999706029892,0,0.0,0.0,0.0
2019-05-08 00:00:00+08:00,0.12204000353813171,0.12204000353813171,0.12204000353813171,0.12204000353813171,500,0.0,0.0,0.0
2019-05-09 00:00:00+08:00,0.12204000353813171,0.12204000353813171,0.12204000353813171,0.12204000353813171,0,0.0,0.0,0.0
2019-05-10 00:00:00+08:00,0.12204000353813171,0.12204000353813171,0.12204000353813171,0.12204000353813171,0,0.0,0.0,0.0
2019-05-13 00:00:00+08:00,0.12204000353813171,0.12204000353813171,0.12204000353813171,0.12204000353813171,0,0.0,0.0,0.0
2019-05-14 00:00:00+08:00,0.12204000353813171,0.12204000353813171,0.12204000353813171,0.12204000353813171,0,0.0,0.0,0.0
2019-05-15 00:00:00+08:00,0.12204000353813171,0.12204000353813171,0.12204000353813171,0.12204000353813171,0,0.0,0.0,0.0
2019-05-16 00:00:00+08:00,0.12204000353813171,0.12204000353813171,0.12204000353813171,0.12204000353813171,0,0.0,0.0,0.0
2019-05-17 00:00:00+08:00,0.12204000353813171,0.12204000353813171,0.12204000353813171,0.12204000353813171,0,0.0,0.0,0.0
2019-05-21 00:00:00+08:00,0.12204000353813171,0.12204000353813171,0.12204000353813171,0.12204000353813171,0,0.0,0.0,0.0
2019-05-22 00:00:00+08:00,0.12204000353813171,0.12204000353813171,0.12204000353813171,0.12204000353813171,0,0.0,0.0,0.0
2019-05-23 00:00:00+08:00,0.12204000353813171,0.12204000353813171,0.12204000353813171,0.12204000353813171,0,0.0,0.0,0.0
2019-05-24 00:00:00+08:00,0.12204000353813171,0.12204000353813171,0.12204000353813171,0.12204000353813171,0,0.0,0.0,0.0
2019-05-27 00:00:00+08:00,0.12204000353813171,0.12204000353813171,0.12204000353813171,0.12204000353813171,0,0.0,0.0,0.0
2019-05-28 00:00:00+08:00,0.12204000353813171,0.12204000353813171,0.12204000353813171,0.12204000353813171,0,0.0,0.0,0.0
2019-05-29 00:00:00+08:00,0.12204000353813171,0.12204000353813171,0.12204000353813171,0.12204000353813171,0,0.0,0.0,0.0
2019-05-30 00:00:00+08:00,0.12204000353813171,0.12204000353813171,0.12204000353813171,0.12204000353813171,0,0.0,0.0,0.0
2019-05-31 00:00:00+08:00,0.13469600677490234,0.13469600677490234,0.13469600677490234,0.13469600677490234,400,0.0,0.0,0.0
2019-06-03 00:00:00+08:00,0.13469600677490234,0.13469600677490234,0.13469600677490234,0.13469600677490234,0,0.0,0.0,0.0
2019-06-04 00:00:00+08:00,0.13469600677490234,0.13469600677490234,0.13469600677490234,0.13469600677490234,0,0.0,0.0,0.0
2019-06-06 00:00:00+08:00,0.1265600025653839,0.1265600025653839,0.1265600025653839,0.1265600025653839,25000,0.0,0.0,0.0
2019-06-07 00:00:00+08:00,0.1401199996471405,0.1401199996471405,0.1401199996471405,0.1401199996471405,200,0.0,0.0,0.0
2019-06-10 00:00:00+08:00,0.1401199996471405,0.1401199996471405,0.1401199996471405,0.1401199996471405,0,0.0,0.0,0.0
2019-06-11 00:00:00+08:00,0.1401199996471405,0.1401199996471405,0.1401199996471405,0.1401199996471405,0,0.0,0.0,0.0
2019-06-12 00:00:00+08:00,0.1401199996471405,0.1401199996471405,0.1401199996471405,0.1401199996471405,0,0.0,0.0,0.0
2019-06-13 00:00:00+08:00,0.1401199996471405,0.1401199996471405,0.1401199996471405,0.1401199996471405,0,0.0,0.0,0.0
2019-06-14 00:00:00+08:00,0.11299999803304672,0.11299999803304672,0.11299999803304672,0.11299999803304672,25000,0.0,0.0,0.0
2019-06-17 00:00:00+08:00,0.11299999803304672,0.11299999803304672,0.11299999803304672,0.11299999803304672,0,0.0,0.0,0.0
2019-06-18 00:00:00+08:00,0.11299999803304672,0.11299999803304672,0.11299999803304672,0.11299999803304672,0,0.0,0.0,0.0
2019-06-19 00:00:00+08:00,0.11299999803304672,0.11299999803304672,0.11299999803304672,0.11299999803304672,0,0.0,0.0,0.0
2019-06-20 00:00:00+08:00,0.11299999803304672,0.11299999803304672,0.11299999803304672,0.11299999803304672,0,0.0,0.0,0.0
2019-06-21 00:00:00+08:00,0.11299999803304672,0.11299999803304672,0.11299999803304672,0.11299999803304672,0,0.0,0.0,0.0
2019-06-24 00:00:00+08:00,0.11299999803304672,0.11299999803304672,0.11299999803304672,0.11299999803304672,0,0.0,0.0,0.0
2019-06-25 00:00:00+08:00,0.11299999803304672,0.11299999803304672,0.11299999803304672,0.11299999803304672,0,0.0,0.0,0.0
2019-06-26 00:00:00+08:00,0.11299999803304672,0.11299999803304672,0.11299999803304672,0.11299999803304672,0,0.0,0.0,0.0
2019-06-27 00:00:00+08:00,0.11299999803304672,0.11299999803304672,0.11299999803304672,0.11299999803304672,0,0.0,0.0,0.0
2019-06-28 00:00:00+08:00,0.11299999803304672,0.11299999803304672,0.11299999803304672,0.11299999803304672,0,0.0,0.0,0.0
2019-07-01 00:00:00+08:00,0.11299999803304672,0.11299999803304672,0.11299999803304672,0.11299999803304672,0,0.0,0.0,0.0
2019-07-02 00:00:00+08:00,0.11299999803304672,0.11299999803304672,0.11299999803304672,0.11299999803304672,0,0.0,0.0,0.0
2019-07-03 00:00:00+08:00,0.11299999803304672,0.11299999803304672,0.11299999803304672,0.11299999803304672,0,0.0,0.0,0.0
2019-07-04 00:00:00+08:00,0.11299999803304672,0.11299999803304672,0.11299999803304672,0.11299999803304672,0,0.0,0.0,0.0
2019-07-05 00:00:00+08:00,0.11299999803304672,0.11299999803304672,0.11299999803304672,0.11299999803304672,0,0.0,0.0,0.0
2019-07-08 00:00:00+08:00,0.11299999803304672,0.11299999803304672,0.11299999803304672,0.11299999803304672,0,0.0,0.0,0.0
2019-07-09 00:00:00+08:00,0.11299999803304672,0.11299999803304672,0.11299999803304672,0.11299999803304672,0,0.0,0.0,0.0
2019-07-10 00:00:00+08:00,0.11299999803304672,0.11299999803304672,0.11299999803304672,0.11299999803304672,0,0.0,0.0,0.0
2019-07-11 00:00:00+08:00,0.11299999803304672,0.11299999803304672,0.11299999803304672,0.11299999803304672,0,0.0,0.0,0.0
2019-07-12 00:00:00+08:00,0.11299999803304672,0.11299999803304672,0.11299999803304672,0.11299999803304672,0,0.0,0.0,0.0
2019-07-15 00:00:00+08:00,0.11299999803304672,0.11299999803304672,0.11299999803304672,0.11299999803304672,0,0.0,0.0,0.0
2019-07-16 00:00:00+08:00,0.11299999803304672,0.11299999803304672,0.11299999803304672,0.11299999803304672,0,0.0,0.0,0.0
2019-07-17 00:00:00+08:00,0.11299999803304672,0.11299999803304672,0.11299999803304672,0.11299999803304672,0,0.0,0.0,0.0
2019-07-18 00:00:00+08:00,0.11299999803304672,0.11299999803304672,0.11299999803304672,0.11299999803304672,0,0.0,0.0,0.0
2019-07-19 00:00:00+08:00,0.0867839977145195,0.0867839977145195,0.0867839977145195,0.0867839977145195,2000,0.0,0.0,0.0
2019-07-22 00:00:00+08:00,0.08678399799431072,0.08678399799431072,0.07683999836444855,0.07683999836444855,55100,0.0,0.0,0.0
2019-07-23 00:00:00+08:00,0.09040000289678574,0.09040000289678574,0.08588000039458271,0.09040000289678574,68100,0.0,0.0,0.0
2019-07-24 00:00:00+08:00,0.08136000484228134,0.08136000484228134,0.08136000484228134,0.08136000484228134,20000,0.0,0.0,0.0
2019-07-25 00:00:00+08:00,0.08136000484228134,0.08136000484228134,0.08136000484228134,0.08136000484228134,15700,0.0,0.0,0.0
2019-07-26 00:00:00+08:00,0.08136000484228134,0.08136000484228134,0.08136000484228134,0.08136000484228134,50000,0.0,0.0,0.0
2019-07-29 00:00:00+08:00,0.08136000484228134,0.08136000484228134,0.08136000484228134,0.08136000484228134,0,0.0,0.0,0.0
2019-07-30 00:00:00+08:00,0.08136000484228134,0.08136000484228134,0.08136000484228134,0.08136000484228134,0,0.0,0.0,0.0
2019-07-31 00:00:00+08:00,0.08136000484228134,0.08136000484228134,0.08136000484228134,0.08136000484228134,0,0.0,0.0,0.0
2019-08-01 00:00:00+08:00,0.08136000484228134,0.08136000484228134,0.08136000484228134,0.08136000484228134,0,0.0,0.0,0.0
2019-08-02 00:00:00+08:00,0.08136000484228134,0.08136000484228134,0.08136000484228134,0.08136000484228134,0,0.0,0.0,0.0
2019-08-05 00:00:00+08:00,0.08136000484228134,0.08136000484228134,0.08136000484228134,0.08136000484228134,10000,0.0,0.0,0.0
2019-08-06 00:00:00+08:00,0.08136000484228134,0.08136000484228134,0.08136000484228134,0.08136000484228134,0,0.0,0.0,0.0
2019-08-07 00:00:00+08:00,0.08136000484228134,0.08136000484228134,0.08136000484228134,0.08136000484228134,0,0.0,0.0,0.0
2019-08-08 00:00:00+08:00,0.08136000484228134,0.08136000484228134,0.08136000484228134,0.08136000484228134,0,0.0,0.0,0.0
2019-08-13 00:00:00+08:00,0.08136000484228134,0.08136000484228134,0.08136000484228134,0.08136000484228134,9000,0.0,0.0,0.0
2019-08-14 00:00:00+08:00,0.08136000484228134,0.08136000484228134,0.08136000484228134,0.08136000484228134,0,0.0,0.0,0.0
2019-08-15 00:00:00+08:00,0.08136000484228134,0.08136000484228134,0.08136000484228134,0.08136000484228134,0,0.0,0.0,0.0
2019-08-16 00:00:00+08:00,0.08136000484228134,0.08136000484228134,0.08136000484228134,0.08136000484228134,0,0.0,0.0,0.0
2019-08-19 00:00:00+08:00,0.08136000484228134,0.08136000484228134,0.08136000484228134,0.08136000484228134,0,0.0,0.0,0.0
2019-08-20 00:00:00+08:00,0.08136000484228134,0.08136000484228134,0.08136000484228134,0.08136000484228134,0,0.0,0.0,0.0
2019-08-21 00:00:00+08:00,0.07683999836444855,0.07683999836444855,0.07683999836444855,0.07683999836444855,1000,0.0,0.0,0.0
2019-08-22 00:00:00+08:00,0.07683999836444855,0.07683999836444855,0.07683999836444855,0.07683999836444855,0,0.0,0.0,0.0
2019-08-23 00:00:00+08:00,0.07683999836444855,0.07683999836444855,0.07683999836444855,0.07683999836444855,0,0.0,0.0,0.0
2019-08-26 00:00:00+08:00,0.07683999836444855,0.07683999836444855,0.07683999836444855,0.07683999836444855,0,0.0,0.0,0.0
2019-08-27 00:00:00+08:00,0.07683999836444855,0.07683999836444855,0.07683999836444855,0.07683999836444855,0,0.0,0.0,0.0
2019-08-28 00:00:00+08:00,0.07683999836444855,0.07683999836444855,0.07683999836444855,0.07683999836444855,0,0.0,0.0,0.0
2019-08-29 00:00:00+08:00,0.07683999836444855,0.07683999836444855,0.07683999836444855,0.07683999836444855,0,0.0,0.0,0.0
2019-08-30 00:00:00+08:00,0.06599199771881104,0.06599199771881104,0.06599199771881104,0.06599199771881104,100,0.0,0.0,0.0
2019-09-02 00:00:00+08:00,0.06599199771881104,0.06599199771881104,0.06599199771881104,0.06599199771881104,0,0.0,0.0,0.0
2019-09-03 00:00:00+08:00,0.06599199771881104,0.06599199771881104,0.06599199771881104,0.06599199771881104,0,0.0,0.0,0.0
2019-09-04 00:00:00+08:00,0.06599199771881104,0.06599199771881104,0.06599199771881104,0.06599199771881104,0,0.0,0.0,0.0
2019-09-05 00:00:00+08:00,0.06599199771881104,0.06599199771881104,0.06599199771881104,0.06599199771881104,0,0.0,0.0,0.0
2019-09-06 00:00:00+08:00,0.06599199771881104,0.06599199771881104,0.06599199771881104,0.06599199771881104,0,0.0,0.0,0.0
2019-09-09 00:00:00+08:00,0.06599199771881104,0.06599199771881104,0.06599199771881104,0.06599199771881104,0,0.0,0.0,0.0
2019-09-10 00:00:00+08:00,0.06599199771881104,0.06599199771881104,0.06599199771881104,0.06599199771881104,0,0.0,0.0,0.0
2019-09-11 00:00:00+08:00,0.06599199771881104,0.06599199771881104,0.06599199771881104,0.06599199771881104,0,0.0,0.0,0.0
2019-09-12 00:00:00+08:00,0.06599199771881104,0.06599199771881104,0.06599199771881104,0.06599199771881104,0,0.0,0.0,0.0
2019-09-13 00:00:00+08:00,0.06599199771881104,0.06599199771881104,0.06599199771881104,0.06599199771881104,0,0.0,0.0,0.0
2019-09-16 00:00:00+08:00,0.06599199771881104,0.06599199771881104,0.06599199771881104,0.06599199771881104,0,0.0,0.0,0.0
2019-09-17 00:00:00+08:00,0.06599199771881104,0.06599199771881104,0.06599199771881104,0.06599199771881104,0,0.0,0.0,0.0
2019-09-18 00:00:00+08:00,0.06599199771881104,0.06599199771881104,0.06599199771881104,0.06599199771881104,0,0.0,0.0,0.0
2019-09-19 00:00:00+08:00,0.06599199771881104,0.06599199771881104,0.06599199771881104,0.06599199771881104,0,0.0,0.0,0.0
2019-09-20 00:00:00+08:00,0.06599199771881104,0.06599199771881104,0.06599199771881104,0.06599199771881104,0,0.0,0.0,0.0
2019-09-23 00:00:00+08:00,0.06599199771881104,0.06599199771881104,0.06599199771881104,0.06599199771881104,0,0.0,0.0,0.0
2019-09-24 00:00:00+08:00,0.0678000014502069,0.10395999997854233,0.0678000014502069,0.10395999997854233,15000,0.0,0.0,0.0
2019-09-25 00:00:00+08:00,0.07683999836444855,0.07683999836444855,0.07683999836444855,0.07683999836444855,5000,0.0,0.0,0.0
2019-09-26 00:00:00+08:00,0.07683999836444855,0.07683999836444855,0.07683999836444855,0.07683999836444855,0,0.0,0.0,0.0
2019-09-27 00:00:00+08:00,0.07683999836444855,0.07683999836444855,0.07683999836444855,0.07683999836444855,0,0.0,0.0,0.0
2019-09-30 00:00:00+08:00,0.07683999836444855,0.07683999836444855,0.07683999836444855,0.07683999836444855,0,0.0,0.0,0.0
2019-10-01 00:00:00+08:00,0.07683999836444855,0.07683999836444855,0.07683999836444855,0.07683999836444855,0,0.0,0.0,0.0
2019-10-02 00:00:00+08:00,0.07683999836444855,0.07683999836444855,0.07683999836444855,0.07683999836444855,0,0.0,0.0,0.0
2019-10-03 00:00:00+08:00,0.07683999836444855,0.07683999836444855,0.07683999836444855,0.07683999836444855,0,0.0,0.0,0.0
2019-10-04 00:00:00+08:00,0.06418399984439216,0.06780000030994415,0.063279998044173,0.06780000030994415,42000,0.0,0.0,0.0
2019-10-07 00:00:00+08:00,0.04791199882280442,0.07683999982764642,0.04791199882280442,0.05604799836874008,83200,0.0,0.0,0.0
2019-10-08 00:00:00+08:00,0.06780000403523445,0.08136000484228134,0.06780000403523445,0.08136000484228134,26000,0.0,0.0,0.0
2019-10-09 00:00:00+08:00,0.08136000484228134,0.08136000484228134,0.08136000484228134,0.08136000484228134,0,0.0,0.0,0.0
2019-10-10 00:00:00+08:00,0.08136000484228134,0.08136000484228134,0.08136000484228134,0.08136000484228134,0,0.0,0.0,0.0
2019-10-11 00:00:00+08:00,0.08136000484228134,0.08136000484228134,0.08136000484228134,0.08136000484228134,0,0.0,0.0,0.0
2019-10-14 00:00:00+08:00,0.08136000484228134,0.08136000484228134,0.08136000484228134,0.08136000484228134,0,0.0,0.0,0.0
2019-10-15 00:00:00+08:00,0.08136000484228134,0.08136000484228134,0.08136000484228134,0.08136000484228134,0,0.0,0.0,0.0
2019-10-16 00:00:00+08:00,0.08136000484228134,0.08136000484228134,0.08136000484228134,0.08136000484228134,0,0.0,0.0,0.0
2019-10-17 00:00:00+08:00,0.08136000484228134,0.08136000484228134,0.08136000484228134,0.08136000484228134,0,0.0,0.0,0.0
2019-10-18 00:00:00+08:00,0.08136000484228134,0.08136000484228134,0.08136000484228134,0.08136000484228134,0,0.0,0.0,0.0
2019-10-21 00:00:00+08:00,0.05785600342292058,0.06599199979993015,0.054239999420367765,0.05875999853014946,248500,0.0,0.0,0.0
2019-10-22 00:00:00+08:00,0.051527999341487885,0.051527999341487885,0.04520000007225755,0.051527999341487885,291500,0.0,0.0,0.0
2019-10-23 00:00:00+08:00,0.04519999953820589,0.05152799873266899,0.03615999828349977,0.037967998534440994,203000,0.0,0.0,0.0
2019-10-24 00:00:00+08:00,0.038872001417207,0.038872001417207,0.02983199991285801,0.02983199991285801,472000,0.0,0.0,0.0
2019-10-25 00:00:00+08:00,0.02983199948320785,0.03615999876128302,0.02983199948320785,0.03254399821162224,654100,0.0,0.0,0.0
2019-10-29 00:00:00+08:00,0.036159997757208594,0.053335998207330704,0.036159997757208594,0.053335998207330704,565600,0.0,0.0,0.0
2019-10-30 00:00:00+08:00,0.052431996647517014,0.07683999810616184,0.052431996647517014,0.06780000030994415,428500,0.0,0.0,0.0
2019-10-31 00:00:00+08:00,0.0678000005378442,0.07683999836444855,0.0678000005378442,0.07683999836444855,253500,0.0,0.0,0.0
2019-11-01 00:00:00+08:00,0.07683999836444855,0.07683999836444855,0.07683999836444855,0.07683999836444855,40000,0.0,0.0,0.0
2019-11-04 00:00:00+08:00,0.07683999836444855,0.07683999836444855,0.07683999836444855,0.07683999836444855,0,0.0,0.0,0.0
2019-11-05 00:00:00+08:00,0.07322399876052384,0.07322399876052384,0.06599199771881104,0.06599199771881104,6000,0.0,0.0,0.0
2019-11-06 00:00:00+08:00,0.07141599950743319,0.07231999455627638,0.06870399415493011,0.06870399415493011,261000,0.0,0.0,0.0
2019-11-07 00:00:00+08:00,0.06870399415493011,0.06870399415493011,0.06870399415493011,0.06870399415493011,0,0.0,0.0,0.0
2019-11-08 00:00:00+08:00,0.07322399788674187,0.07683999836444855,0.07322399788674187,0.07683999836444855,40000,0.0,0.0,0.0
2019-11-11 00:00:00+08:00,0.07231999404863886,0.07231999404863886,0.06960799545049667,0.06960799545049667,122000,0.0,0.0,0.0
2019-11-12 00:00:00+08:00,0.07231999933719635,0.07231999933719635,0.07231999933719635,0.07231999933719635,470000,0.0,0.0,0.0
2019-11-13 00:00:00+08:00,0.07412800192832947,0.07412800192832947,0.07412800192832947,0.07412800192832947,20000,0.0,0.0,0.0
2019-11-14 00:00:00+08:00,0.07412800192832947,0.07412800192832947,0.07412800192832947,0.07412800192832947,0,0.0,0.0,0.0
2019-11-15 00:00:00+08:00,0.07051199674606323,0.07231999355401769,0.07051199674606323,0.07051199674606323,69500,0.0,0.0,0.0
2019-11-18 00:00:00+08:00,0.07322400063276291,0.07322400063276291,0.07322400063276291,0.07322400063276291,100,0.0,0.0,0.0
2019-11-19 00:00:00+08:00,0.07322400063276291,0.07322400063276291,0.07322400063276291,0.07322400063276291,0,0.0,0.0,0.0
2019-11-20 00:00:00+08:00,0.07322400063276291,0.07322400063276291,0.07322400063276291,0.07322400063276291,0,0.0,0.0,0.0
2019-11-21 00:00:00+08:00,0.07322400063276291,0.07322400063276291,0.07322400063276291,0.07322400063276291,0,0.0,0.0,0.0
2019-11-22 00:00:00+08:00,0.07322400063276291,0.07322400063276291,0.07322400063276291,0.07322400063276291,0,0.0,0.0,0.0
2019-11-25 00:00:00+08:00,0.07322400063276291,0.07322400063276291,0.07322400063276291,0.07322400063276291,0,0.0,0.0,0.0
2019-11-26 00:00:00+08:00,0.065087997681658,0.065087997681658,0.06418400257825851,0.06418400257825851,22000,0.0,0.0,0.0
2019-11-27 00:00:00+08:00,0.06418400257825851,0.06418400257825851,0.06418400257825851,0.06418400257825851,0,0.0,0.0,0.0
2019-11-28 00:00:00+08:00,0.06418400257825851,0.06418400257825851,0.06418400257825851,0.06418400257825851,19000,0.0,0.0,0.0
2019-11-29 00:00:00+08:00,0.06418400257825851,0.06418400257825851,0.06418400257825851,0.06418400257825851,0,0.0,0.0,0.0
2019-12-02 00:00:00+08:00,0.06418400257825851,0.06418400257825851,0.06418400257825851,0.06418400257825851,0,0.0,0.0,0.0
2019-12-03 00:00:00+08:00,0.06418400257825851,0.06418400257825851,0.06418400257825851,0.06418400257825851,0,0.0,0.0,0.0
2019-12-04 00:00:00+08:00,0.06418400257825851,0.06418400257825851,0.06418400257825851,0.06418400257825851,0,0.0,0.0,0.0
2019-12-05 00:00:00+08:00,0.06418400257825851,0.06418400257825851,0.06418400257825851,0.06418400257825851,0,0.0,0.0,0.0
2019-12-06 00:00:00+08:00,0.06418400257825851,0.06418400257825851,0.06418400257825851,0.06418400257825851,0,0.0,0.0,0.0
2019-12-09 00:00:00+08:00,0.06418400257825851,0.06418400257825851,0.06418400257825851,0.06418400257825851,0,0.0,0.0,0.0
2019-12-10 00:00:00+08:00,0.06418400257825851,0.06418400257825851,0.06418400257825851,0.06418400257825851,0,0.0,0.0,0.0
2019-12-11 00:00:00+08:00,0.06418400257825851,0.06418400257825851,0.06418400257825851,0.06418400257825851,0,0.0,0.0,0.0
2019-12-12 00:00:00+08:00,0.06418400257825851,0.06418400257825851,0.06418400257825851,0.06418400257825851,0,0.0,0.0,0.0
2019-12-13 00:00:00+08:00,0.06418400257825851,0.06418400257825851,0.06418400257825851,0.06418400257825851,0,0.0,0.0,0.0
2019-12-16 00:00:00+08:00,0.06418400257825851,0.06418400257825851,0.06418400257825851,0.06418400257825851,0,0.0,0.0,0.0
2019-12-17 00:00:00+08:00,0.06418400257825851,0.06418400257825851,0.06418400257825851,0.06418400257825851,0,0.0,0.0,0.0
2019-12-18 00:00:00+08:00,0.06418400257825851,0.06418400257825851,0.06418400257825851,0.06418400257825851,0,0.0,0.0,0.0
2019-12-19 00:00:00+08:00,0.06599199771881104,0.06599199771881104,0.06599199771881104,0.06599199771881104,25000,0.0,0.0,0.0
2019-12-20 00:00:00+08:00,0.06599199771881104,0.06599199771881104,0.06599199771881104,0.06599199771881104,0,0.0,0.0,0.0
2019-12-23 00:00:00+08:00,0.06599199771881104,0.06599199771881104,0.06599199771881104,0.06599199771881104,0,0.0,0.0,0.0
2019-12-24 00:00:00+08:00,0.06599199771881104,0.06599199771881104,0.06599199771881104,0.06599199771881104,0,0.0,0.0,0.0
2019-12-25 00:00:00+08:00,0.06599199771881104,0.06599199771881104,0.06599199771881104,0.06599199771881104,0,0.0,0.0,0.0
2019-12-26 00:00:00+08:00,0.05966399982571602,0.05966399982571602,0.05966399982571602,0.05966399982571602,10000,0.0,0.0,0.0
2019-12-27 00:00:00+08:00,0.05966399982571602,0.05966399982571602,0.05966399982571602,0.05966399982571602,20000,0.0,0.0,0.0
2019-12-30 00:00:00+08:00,0.06147200432504931,0.06328000128269196,0.06147200432504931,0.06328000128269196,18100,0.0,0.0,0.0
2019-12-31 00:00:00+08:00,0.06328000128269196,0.06328000128269196,0.06328000128269196,0.06328000128269196,0,0.0,0.0,0.0
2020-01-02 00:00:00+08:00,0.059663997578621,0.06780000030994415,0.05875999577840185,0.06780000030994415,170000,0.0,0.0,0.0
2020-01-03 00:00:00+08:00,0.07231999879560351,0.07322400063276291,0.07231999879560351,0.07322400063276291,82400,0.0,0.0,0.0
2020-01-06 00:00:00+08:00,0.07322400063276291,0.07322400063276291,0.07322400063276291,0.07322400063276291,0,0.0,0.0,0.0
2020-01-07 00:00:00+08:00,0.07322400063276291,0.07322400063276291,0.07322400063276291,0.07322400063276291,0,0.0,0.0,0.0
2020-01-08 00:00:00+08:00,0.07231999933719635,0.07231999933719635,0.07231999933719635,0.07231999933719635,60000,0.0,0.0,0.0
2020-01-09 00:00:00+08:00,0.07231999933719635,0.07231999933719635,0.07231999933719635,0.07231999933719635,31800,0.0,0.0,0.0
2020-01-10 00:00:00+08:00,0.07231999933719635,0.07231999933719635,0.07231999933719635,0.07231999933719635,300,0.0,0.0,0.0
2020-01-13 00:00:00+08:00,0.07231999933719635,0.07231999933719635,0.07231999933719635,0.07231999933719635,0,0.0,0.0,0.0
2020-01-14 00:00:00+08:00,0.07231999933719635,0.07231999933719635,0.07231999933719635,0.07231999933719635,0,0.0,0.0,0.0
2020-01-15 00:00:00+08:00,0.07231999933719635,0.07231999933719635,0.07231999933719635,0.07231999933719635,0,0.0,0.0,0.0
2020-01-16 00:00:00+08:00,0.07231999933719635,0.07231999933719635,0.07231999933719635,0.07231999933719635,45000,0.0,0.0,0.0
2020-01-17 00:00:00+08:00,0.07231999933719635,0.07231999933719635,0.07231999933719635,0.07231999933719635,0,0.0,0.0,0.0
2020-01-20 00:00:00+08:00,0.07231999933719635,0.07231999933719635,0.07231999933719635,0.07231999933719635,0,0.0,0.0,0.0
2020-01-21 00:00:00+08:00,0.07231999933719635,0.07231999933719635,0.07231999933719635,0.07231999933719635,0,0.0,0.0,0.0
2020-01-22 00:00:00+08:00,0.07231999933719635,0.07231999933719635,0.07231999933719635,0.07231999933719635,0,0.0,0.0,0.0
2020-01-23 00:00:00+08:00,0.07231999933719635,0.07231999933719635,0.07231999933719635,0.07231999933719635,10000,0.0,0.0,0.0
2020-01-24 00:00:00+08:00,0.07231999933719635,0.07231999933719635,0.07231999933719635,0.07231999933719635,0,0.0,0.0,0.0
2020-01-28 00:00:00+08:00,0.07231999933719635,0.07231999933719635,0.07231999933719635,0.07231999933719635,0,0.0,0.0,0.0
2020-01-29 00:00:00+08:00,0.07231999933719635,0.07231999933719635,0.07231999933719635,0.07231999933719635,25000,0.0,0.0,0.0
2020-01-30 00:00:00+08:00,0.07231999933719635,0.07231999933719635,0.07231999933719635,0.07231999933719635,0,0.0,0.0,0.0
2020-01-31 00:00:00+08:00,0.07231999933719635,0.07231999933719635,0.07231999933719635,0.07231999933719635,0,0.0,0.0,0.0
2020-02-03 00:00:00+08:00,0.07231999933719635,0.07231999933719635,0.07231999933719635,0.07231999933719635,0,0.0,0.0,0.0
2020-02-04 00:00:00+08:00,0.07231999933719635,0.07231999933719635,0.07231999933719635,0.07231999933719635,0,0.0,0.0,0.0
2020-02-05 00:00:00+08:00,0.07231999933719635,0.07231999933719635,0.07231999933719635,0.07231999933719635,0,0.0,0.0,0.0
2020-02-06 00:00:00+08:00,0.07231999933719635,0.07231999933719635,0.07231999933719635,0.07231999933719635,0,0.0,0.0,0.0
2020-02-07 00:00:00+08:00,0.07231999933719635,0.07231999933719635,0.07231999933719635,0.07231999933719635,140000,0.0,0.0,0.0
2020-02-10 00:00:00+08:00,0.07231999933719635,0.07231999933719635,0.07231999933719635,0.07231999933719635,0,0.0,0.0,0.0
2020-02-11 00:00:00+08:00,0.07231999933719635,0.07231999933719635,0.07231999933719635,0.07231999933719635,300000,0.0,0.0,0.0
2020-02-12 00:00:00+08:00,0.07231999933719635,0.07231999933719635,0.07231999933719635,0.07231999933719635,0,0.0,0.0,0.0
2020-02-13 00:00:00+08:00,0.07231999933719635,0.07231999933719635,0.07231999933719635,0.07231999933719635,0,0.0,0.0,0.0
2020-02-14 00:00:00+08:00,0.07231999933719635,0.07231999933719635,0.07231999933719635,0.07231999933719635,0,0.0,0.0,0.0
2020-02-17 00:00:00+08:00,0.07231999933719635,0.07231999933719635,0.07231999933719635,0.07231999933719635,0,0.0,0.0,0.0
2020-02-18 00:00:00+08:00,0.07231999933719635,0.07231999933719635,0.07231999933719635,0.07231999933719635,0,0.0,0.0,0.0
2020-02-19 00:00:00+08:00,0.07231999933719635,0.07231999933719635,0.07231999933719635,0.07231999933719635,0,0.0,0.0,0.0
2020-02-20 00:00:00+08:00,0.07231999933719635,0.07231999933719635,0.07231999933719635,0.07231999933719635,0,0.0,0.0,0.0
2020-02-21 00:00:00+08:00,0.07231999933719635,0.07231999933719635,0.07231999933719635,0.07231999933719635,0,0.0,0.0,0.0
2020-02-24 00:00:00+08:00,0.07231999933719635,0.07231999933719635,0.07231999933719635,0.07231999933719635,0,0.0,0.0,0.0
2020-02-25 00:00:00+08:00,0.07231999933719635,0.07231999933719635,0.07231999933719635,0.07231999933719635,0,0.0,0.0,0.0
2020-02-26 00:00:00+08:00,0.07231999933719635,0.07231999933719635,0.07231999933719635,0.07231999933719635,0,0.0,0.0,0.0
2020-02-27 00:00:00+08:00,0.07231999933719635,0.07231999933719635,0.07231999933719635,0.07231999933719635,0,0.0,0.0,0.0
2020-02-28 00:00:00+08:00,0.07231999933719635,0.07231999933719635,0.07231999933719635,0.07231999933719635,0,0.0,0.0,0.0
2020-03-02 00:00:00+08:00,0.07231999933719635,0.07231999933719635,0.07231999933719635,0.07231999933719635,0,0.0,0.0,0.0
2020-03-03 00:00:00+08:00,0.07231999933719635,0.07231999933719635,0.07231999933719635,0.07231999933719635,0,0.0,0.0,0.0
2020-03-04 00:00:00+08:00,0.07231999933719635,0.07231999933719635,0.07231999933719635,0.07231999933719635,0,0.0,0.0,0.0
2020-03-05 00:00:00+08:00,0.07231999933719635,0.07231999933719635,0.07231999933719635,0.07231999933719635,0,0.0,0.0,0.0
2020-03-06 00:00:00+08:00,0.07231999933719635,0.07231999933719635,0.07231999933719635,0.07231999933719635,0,0.0,0.0,0.0
2020-03-09 00:00:00+08:00,0.07231999933719635,0.07231999933719635,0.07231999933719635,0.07231999933719635,0,0.0,0.0,0.0
2020-03-10 00:00:00+08:00,0.07231999933719635,0.07231999933719635,0.07231999933719635,0.07231999933719635,0,0.0,0.0,0.0
2020-03-11 00:00:00+08:00,0.07231999933719635,0.07231999933719635,0.07231999933719635,0.07231999933719635,0,0.0,0.0,0.0
2020-03-12 00:00:00+08:00,0.07231999933719635,0.07231999933719635,0.07231999933719635,0.07231999933719635,0,0.0,0.0,0.0
2020-03-13 00:00:00+08:00,0.07231999933719635,0.07231999933719635,0.07231999933719635,0.07231999933719635,0,0.0,0.0,0.0
2020-03-16 00:00:00+08:00,0.07231999933719635,0.07231999933719635,0.07231999933719635,0.07231999933719635,0,0.0,0.0,0.0
2020-03-17 00:00:00+08:00,0.05423999950289726,0.05423999950289726,0.05423999950289726,0.05423999950289726,20000,0.0,0.0,0.0
2020-03-18 00:00:00+08:00,0.05423999950289726,0.05423999950289726,0.05423999950289726,0.05423999950289726,0,0.0,0.0,0.0
2020-03-19 00:00:00+08:00,0.04972000058293341,0.04972000058293341,0.04520000144839287,0.04520000144839287,31100,0.0,0.0,0.0
2020-03-20 00:00:00+08:00,0.04520000144839287,0.04520000144839287,0.04520000144839287,0.04520000144839287,0,0.0,0.0,0.0
2020-03-23 00:00:00+08:00,0.04520000144839287,0.04520000144839287,0.04520000144839287,0.04520000144839287,0,0.0,0.0,0.0
2020-03-24 00:00:00+08:00,0.04520000144839287,0.04520000144839287,0.04520000144839287,0.04520000144839287,5000,0.0,0.0,0.0
2020-03-25 00:00:00+08:00,0.04520000144839287,0.04520000144839287,0.04520000144839287,0.04520000144839287,0,0.0,0.0,0.0
2020-03-26 00:00:00+08:00,0.04520000144839287,0.04520000144839287,0.04520000144839287,0.04520000144839287,0,0.0,0.0,0.0
2020-03-27 00:00:00+08:00,0.04520000144839287,0.04520000144839287,0.04520000144839287,0.04520000144839287,0,0.0,0.0,0.0
2020-03-30 00:00:00+08:00,0.04520000144839287,0.04520000144839287,0.04520000144839287,0.04520000144839287,0,0.0,0.0,0.0
2020-03-31 00:00:00+08:00,0.04520000144839287,0.04520000144839287,0.04520000144839287,0.04520000144839287,0,0.0,0.0,0.0
2020-04-01 00:00:00+08:00,0.04520000144839287,0.04520000144839287,0.04520000144839287,0.04520000144839287,0,0.0,0.0,0.0
2020-04-02 00:00:00+08:00,0.04520000144839287,0.04520000144839287,0.04520000144839287,0.04520000144839287,0,0.0,0.0,0.0
2020-04-03 00:00:00+08:00,0.04520000144839287,0.04520000144839287,0.04520000144839287,0.04520000144839287,0,0.0,0.0,0.0
2020-04-06 00:00:00+08:00,0.04520000144839287,0.04520000144839287,0.04520000144839287,0.04520000144839287,0,0.0,0.0,0.0
2020-04-07 00:00:00+08:00,0.04520000144839287,0.04520000144839287,0.04520000144839287,0.04520000144839287,0,0.0,0.0,0.0
2020-04-08 00:00:00+08:00,0.04520000144839287,0.04520000144839287,0.04520000144839287,0.04520000144839287,0,0.0,0.0,0.0
2020-04-09 00:00:00+08:00,0.04520000144839287,0.04520000144839287,0.04520000144839287,0.04520000144839287,0,0.0,0.0,0.0
2020-04-13 00:00:00+08:00,0.04520000144839287,0.04520000144839287,0.04520000144839287,0.04520000144839287,4500,0.0,0.0,0.0
2020-04-14 00:00:00+08:00,0.04520000144839287,0.04520000144839287,0.04520000144839287,0.04520000144839287,0,0.0,0.0,0.0
2020-04-15 00:00:00+08:00,0.04520000144839287,0.04520000144839287,0.04520000144839287,0.04520000144839287,0,0.0,0.0,0.0
2020-04-16 00:00:00+08:00,0.04520000144839287,0.04520000144839287,0.04520000144839287,0.04520000144839287,0,0.0,0.0,0.0
2020-04-17 00:00:00+08:00,0.04520000144839287,0.04520000144839287,0.04520000144839287,0.04520000144839287,0,0.0,0.0,0.0
2020-04-20 00:00:00+08:00,0.04520000144839287,0.04520000144839287,0.04520000144839287,0.04520000144839287,0,0.0,0.0,0.0
2020-04-21 00:00:00+08:00,0.04520000144839287,0.04520000144839287,0.04520000144839287,0.04520000144839287,0,0.0,0.0,0.0
2020-04-22 00:00:00+08:00,0.04520000144839287,0.04520000144839287,0.04520000144839287,0.04520000144839287,0,0.0,0.0,0.0
2020-04-23 00:00:00+08:00,0.04520000144839287,0.04520000144839287,0.04520000144839287,0.04520000144839287,0,0.0,0.0,0.0
2020-04-24 00:00:00+08:00,0.036159999668598175,0.036159999668598175,0.036159999668598175,0.036159999668598175,18000,0.0,0.0,0.0
2020-04-27 00:00:00+08:00,0.036159999668598175,0.036159999668598175,0.036159999668598175,0.036159999668598175,0,0.0,0.0,0.0
2020-04-28 00:00:00+08:00,0.036159999668598175,0.036159999668598175,0.036159999668598175,0.036159999668598175,0,0.0,0.0,0.0
2020-04-29 00:00:00+08:00,0.036159999668598175,0.036159999668598175,0.036159999668598175,0.036159999668598175,0,0.0,0.0,0.0
2020-04-30 00:00:00+08:00,0.036159999668598175,0.036159999668598175,0.036159999668598175,0.036159999668598175,0,0.0,0.0,0.0
2020-05-04 00:00:00+08:00,0.036159999668598175,0.036159999668598175,0.036159999668598175,0.036159999668598175,0,0.0,0.0,0.0
2020-05-05 00:00:00+08:00,0.036159999668598175,0.036159999668598175,0.036159999668598175,0.036159999668598175,0,0.0,0.0,0.0
2020-05-06 00:00:00+08:00,0.036159999668598175,0.036159999668598175,0.036159999668598175,0.036159999668598175,0,0.0,0.0,0.0
2020-05-08 00:00:00+08:00,0.036159999668598175,0.036159999668598175,0.036159999668598175,0.036159999668598175,0,0.0,0.0,0.0
2020-05-11 00:00:00+08:00,0.036159999668598175,0.036159999668598175,0.036159999668598175,0.036159999668598175,0,0.0,0.0,0.0
2020-05-12 00:00:00+08:00,0.036159999668598175,0.036159999668598175,0.036159999668598175,0.036159999668598175,0,0.0,0.0,0.0
2020-05-13 00:00:00+08:00,0.036159999668598175,0.036159999668598175,0.036159999668598175,0.036159999668598175,0,0.0,0.0,0.0
2020-05-14 00:00:00+08:00,0.036159999668598175,0.036159999668598175,0.036159999668598175,0.036159999668598175,0,0.0,0.0,0.0
2020-05-15 00:00:00+08:00,0.036159999668598175,0.036159999668598175,0.036159999668598175,0.036159999668598175,0,0.0,0.0,0.0
2020-05-18 00:00:00+08:00,0.036159999668598175,0.036159999668598175,0.036159999668598175,0.036159999668598175,0,0.0,0.0,0.0
2020-05-19 00:00:00+08:00,0.036159999668598175,0.036159999668598175,0.036159999668598175,0.036159999668598175,0,0.0,0.0,0.0
2020-05-20 00:00:00+08:00,0.036159999668598175,0.036159999668598175,0.036159999668598175,0.036159999668598175,0,0.0,0.0,0.0
2020-05-21 00:00:00+08:00,0.036159999668598175,0.036159999668598175,0.036159999668598175,0.036159999668598175,0,0.0,0.0,0.0
2020-05-22 00:00:00+08:00,0.036159999668598175,0.036159999668598175,0.036159999668598175,0.036159999668598175,0,0.0,0.0,0.0
2020-05-26 00:00:00+08:00,0.04068000242114067,0.04068000242114067,0.04068000242114067,0.04068000242114067,7000,0.0,0.0,0.0
2020-05-27 00:00:00+08:00,0.04068000242114067,0.04068000242114067,0.04068000242114067,0.04068000242114067,0,0.0,0.0,0.0
2020-05-28 00:00:00+08:00,0.04068000242114067,0.04068000242114067,0.04068000242114067,0.04068000242114067,0,0.0,0.0,0.0
2020-05-29 00:00:00+08:00,0.04068000242114067,0.04068000242114067,0.04068000242114067,0.04068000242114067,0,0.0,0.0,0.0
2020-06-01 00:00:00+08:00,0.04068000242114067,0.04068000242114067,0.04068000242114067,0.04068000242114067,0,0.0,0.0,0.0
2020-06-02 00:00:00+08:00,0.04068000242114067,0.04068000242114067,0.04068000242114067,0.04068000242114067,0,0.0,0.0,0.0
2020-06-03 00:00:00+08:00,0.04068000242114067,0.04068000242114067,0.04068000242114067,0.04068000242114067,0,0.0,0.0,0.0
2020-06-04 00:00:00+08:00,0.04068000242114067,0.04068000242114067,0.04068000242114067,0.04068000242114067,0,0.0,0.0,0.0
2020-06-05 00:00:00+08:00,0.04068000242114067,0.04068000242114067,0.04068000242114067,0.04068000242114067,0,0.0,0.0,0.0
2020-06-08 00:00:00+08:00,0.04068000242114067,0.04068000242114067,0.04068000242114067,0.04068000242114067,0,0.0,0.0,0.0
2020-06-09 00:00:00+08:00,0.04068000242114067,0.04068000242114067,0.04068000242114067,0.04068000242114067,0,0.0,0.0,0.0
2020-06-10 00:00:00+08:00,0.04068000242114067,0.04068000242114067,0.04068000242114067,0.04068000242114067,0,0.0,0.0,0.0
2020-06-11 00:00:00+08:00,0.04068000242114067,0.04068000242114067,0.04068000242114067,0.04068000242114067,0,0.0,0.0,0.0
2020-06-12 00:00:00+08:00,0.04068000242114067,0.04068000242114067,0.04068000242114067,0.04068000242114067,0,0.0,0.0,0.0
2020-06-15 00:00:00+08:00,0.04068000242114067,0.04068000242114067,0.04068000242114067,0.04068000242114067,0,0.0,0.0,0.0
2020-06-16 00:00:00+08:00,0.04068000242114067,0.04068000242114067,0.04068000242114067,0.04068000242114067,0,0.0,0.0,0.0
2020-06-17 00:00:00+08:00,0.04068000242114067,0.04068000242114067,0.04068000242114067,0.04068000242114067,0,0.0,0.0,0.0
2020-06-18 00:00:00+08:00,0.04068000242114067,0.04068000242114067,0.04068000242114067,0.04068000242114067,0,0.0,0.0,0.0
2020-06-19 00:00:00+08:00,0.04068000242114067,0.04068000242114067,0.04068000242114067,0.04068000242114067,0,0.0,0.0,0.0
2020-06-22 00:00:00+08:00,0.04068000242114067,0.04068000242114067,0.04068000242114067,0.04068000242114067,0,0.0,0.0,0.0
2020-06-23 00:00:00+08:00,0.04068000242114067,0.04068000242114067,0.04068000242114067,0.04068000242114067,0,0.0,0.0,0.0
2020-06-24 00:00:00+08:00,0.04068000242114067,0.04068000242114067,0.04068000242114067,0.04068000242114067,0,0.0,0.0,0.0
2020-06-25 00:00:00+08:00,0.04068000242114067,0.04068000242114067,0.04068000242114067,0.04068000242114067,0,0.0,0.0,0.0
2020-06-26 00:00:00+08:00,0.04520000144839287,0.04520000144839287,0.04520000144839287,0.04520000144839287,12000,0.0,0.0,0.0
2020-06-29 00:00:00+08:00,0.04520000144839287,0.04520000144839287,0.04520000144839287,0.04520000144839287,0,0.0,0.0,0.0
2020-06-30 00:00:00+08:00,0.04520000144839287,0.04520000144839287,0.04520000144839287,0.04520000144839287,0,0.0,0.0,0.0
2020-07-01 00:00:00+08:00,0.04520000144839287,0.04520000144839287,0.04520000144839287,0.04520000144839287,0,0.0,0.0,0.0
2020-07-02 00:00:00+08:00,0.04520000144839287,0.04520000144839287,0.04520000144839287,0.04520000144839287,0,0.0,0.0,0.0
2020-07-03 00:00:00+08:00,0.04520000144839287,0.04520000144839287,0.04520000144839287,0.04520000144839287,0,0.0,0.0,0.0
2020-07-06 00:00:00+08:00,0.04520000144839287,0.04520000144839287,0.04520000144839287,0.04520000144839287,0,0.0,0.0,0.0
2020-07-07 00:00:00+08:00,0.04339200102741069,0.049720000475645065,0.04339200102741069,0.049720000475645065,35000,0.0,0.0,0.0
2020-07-08 00:00:00+08:00,0.04520000144839287,0.04520000144839287,0.04520000144839287,0.04520000144839287,40000,0.0,0.0,0.0
2020-07-09 00:00:00+08:00,0.04520000144839287,0.04520000144839287,0.04520000144839287,0.04520000144839287,0,0.0,0.0,0.0
2020-07-13 00:00:00+08:00,0.04520000144839287,0.04520000144839287,0.04520000144839287,0.04520000144839287,0,0.0,0.0,0.0
2020-07-14 00:00:00+08:00,0.04520000144839287,0.04520000144839287,0.04520000144839287,0.04520000144839287,0,0.0,0.0,0.0
2020-07-15 00:00:00+08:00,0.049720000475645065,0.049720000475645065,0.049720000475645065,0.049720000475645065,10000,0.0,0.0,0.0
2020-07-16 00:00:00+08:00,0.049720000475645065,0.049720000475645065,0.049720000475645065,0.049720000475645065,2000,0.0,0.0,0.0
2020-07-17 00:00:00+08:00,0.04520000144839287,0.04520000144839287,0.04520000144839287,0.04520000144839287,2000,0.0,0.0,0.0
2020-07-20 00:00:00+08:00,0.04520000144839287,0.04520000144839287,0.04520000144839287,0.04520000144839287,0,0.0,0.0,0.0
2020-07-21 00:00:00+08:00,0.04520000144839287,0.04520000144839287,0.04520000144839287,0.04520000144839287,0,0.0,0.0,0.0
2020-07-22 00:00:00+08:00,0.04520000144839287,0.04520000144839287,0.04520000144839287,0.04520000144839287,0,0.0,0.0,0.0
2020-07-23 00:00:00+08:00,0.04520000144839287,0.04520000144839287,0.04520000144839287,0.04520000144839287,0,0.0,0.0,0.0
2020-07-24 00:00:00+08:00,0.04520000144839287,0.04520000144839287,0.04520000144839287,0.04520000144839287,0,0.0,0.0,0.0
2020-07-27 00:00:00+08:00,0.04520000144839287,0.04520000144839287,0.04520000144839287,0.04520000144839287,0,0.0,0.0,0.0
2020-07-28 00:00:00+08:00,0.04520000144839287,0.04520000144839287,0.04520000144839287,0.04520000144839287,0,0.0,0.0,0.0
2020-07-29 00:00:00+08:00,0.04520000144839287,0.04520000144839287,0.04520000144839287,0.04520000144839287,0,0.0,0.0,0.0
2020-07-30 00:00:00+08:00,0.04520000144839287,0.04520000144839287,0.04520000144839287,0.04520000144839287,0,0.0,0.0,0.0
2020-08-03 00:00:00+08:00,0.04520000144839287,0.04520000144839287,0.04520000144839287,0.04520000144839287,0,0.0,0.0,0.0
2020-08-04 00:00:00+08:00,0.04520000144839287,0.04520000144839287,0.04520000144839287,0.04520000144839287,0,0.0,0.0,0.0
2020-08-05 00:00:00+08:00,0.04520000144839287,0.04520000144839287,0.04520000144839287,0.04520000144839287,0,0.0,0.0,0.0
2020-08-06 00:00:00+08:00,0.04520000144839287,0.04520000144839287,0.04520000144839287,0.04520000144839287,0,0.0,0.0,0.0
2020-08-07 00:00:00+08:00,0.04520000144839287,0.04520000144839287,0.04520000144839287,0.04520000144839287,0,0.0,0.0,0.0
2020-08-11 00:00:00+08:00,0.04520000144839287,0.04520000144839287,0.04520000144839287,0.04520000144839287,0,0.0,0.0,0.0
2020-08-12 00:00:00+08:00,0.04520000144839287,0.04520000144839287,0.04520000144839287,0.04520000144839287,0,0.0,0.0,0.0
2020-08-13 00:00:00+08:00,0.04520000144839287,0.04520000144839287,0.04520000144839287,0.04520000144839287,0,0.0,0.0,0.0
2020-08-14 00:00:00+08:00,0.04520000144839287,0.04520000144839287,0.04520000144839287,0.04520000144839287,0,0.0,0.0,0.0
2020-08-17 00:00:00+08:00,0.04520000144839287,0.04520000144839287,0.04520000144839287,0.04520000144839287,0,0.0,0.0,0.0
2020-08-18 00:00:00+08:00,0.04520000144839287,0.04520000144839287,0.04520000144839287,0.04520000144839287,0,0.0,0.0,0.0
2020-08-19 00:00:00+08:00,0.04520000144839287,0.04520000144839287,0.04520000144839287,0.04520000144839287,397000,0.0,0.0,0.0
2020-08-20 00:00:00+08:00,0.04520000144839287,0.04520000144839287,0.04520000144839287,0.04520000144839287,0,0.0,0.0,0.0
2020-08-21 00:00:00+08:00,0.04520000144839287,0.04520000144839287,0.04520000144839287,0.04520000144839287,0,0.0,0.0,0.0
2020-08-24 00:00:00+08:00,0.04700800031423569,0.04700800031423569,0.04700800031423569,0.04700800031423569,5000,0.0,0.0,0.0
2020-08-25 00:00:00+08:00,0.04700800031423569,0.04700800031423569,0.04700800031423569,0.04700800031423569,0,0.0,0.0,0.0
2020-08-26 00:00:00+08:00,0.04700800031423569,0.04700800031423569,0.04700800031423569,0.04700800031423569,0,0.0,0.0,0.0
2020-08-27 00:00:00+08:00,0.04700800031423569,0.04700800031423569,0.04700800031423569,0.04700800031423569,0,0.0,0.0,0.0
2020-08-28 00:00:00+08:00,0.04700800031423569,0.04700800031423569,0.04700800031423569,0.04700800031423569,15000,0.0,0.0,0.0
2020-08-31 00:00:00+08:00,0.04700800031423569,0.04700800031423569,0.04700800031423569,0.04700800031423569,0,0.0,0.0,0.0
2020-09-01 00:00:00+08:00,0.04700800031423569,0.04700800031423569,0.04700800031423569,0.04700800031423569,0,0.0,0.0,0.0
2020-09-02 00:00:00+08:00,0.04700800031423569,0.04700800031423569,0.04700800031423569,0.04700800031423569,0,0.0,0.0,0.0
2020-09-03 00:00:00+08:00,0.04700800031423569,0.04700800031423569,0.04700800031423569,0.04700800031423569,0,0.0,0.0,0.0
2020-09-04 00:00:00+08:00,0.04700800031423569,0.04700800031423569,0.04700800031423569,0.04700800031423569,0,0.0,0.0,0.0
2020-09-07 00:00:00+08:00,0.04700800031423569,0.04700800031423569,0.04700800031423569,0.04700800031423569,0,0.0,0.0,0.0
2020-09-08 00:00:00+08:00,0.04700800031423569,0.04700800031423569,0.04700800031423569,0.04700800031423569,0,0.0,0.0,0.0
2020-09-09 00:00:00+08:00,0.04700800031423569,0.04700800031423569,0.04700800031423569,0.04700800031423569,0,0.0,0.0,0.0
2020-09-10 00:00:00+08:00,0.04700800031423569,0.04700800031423569,0.04700800031423569,0.04700800031423569,0,0.0,0.0,0.0
2020-09-11 00:00:00+08:00,0.04700800031423569,0.04700800031423569,0.04700800031423569,0.04700800031423569,0,0.0,0.0,0.0
2020-09-14 00:00:00+08:00,0.04700800031423569,0.04700800031423569,0.04700800031423569,0.04700800031423569,0,0.0,0.0,0.0
2020-09-15 00:00:00+08:00,0.04700800031423569,0.04700800031423569,0.04700800031423569,0.04700800031423569,0,0.0,0.0,0.0
2020-09-16 00:00:00+08:00,0.04700800031423569,0.04700800031423569,0.04700800031423569,0.04700800031423569,0,0.0,0.0,0.0
2020-09-17 00:00:00+08:00,0.04068000242114067,0.04068000242114067,0.04068000242114067,0.04068000242114067,43000,0.0,0.0,0.0
2020-09-18 00:00:00+08:00,0.04068000242114067,0.04068000242114067,0.04068000242114067,0.04068000242114067,0,0.0,0.0,0.0
2020-09-21 00:00:00+08:00,0.04068000242114067,0.04068000242114067,0.04068000242114067,0.04068000242114067,22500,0.0,0.0,0.0
2020-09-22 00:00:00+08:00,0.05423999950289726,0.05423999950289726,0.05423999950289726,0.05423999950289726,50000,0.0,0.0,0.0
2020-09-23 00:00:00+08:00,0.05423999950289726,0.05423999950289726,0.05423999950289726,0.05423999950289726,0,0.0,0.0,0.0
2020-09-24 00:00:00+08:00,0.05423999950289726,0.05423999950289726,0.05423999950289726,0.05423999950289726,0,0.0,0.0,0.0
2020-09-25 00:00:00+08:00,0.06237599950671192,0.09040000289678574,0.06237599950671192,0.09040000289678574,162100,0.0,0.0,0.0
2020-09-28 00:00:00+08:00,0.09040000289678574,0.09040000289678574,0.09040000289678574,0.09040000289678574,0,0.0,0.0,0.0
2020-09-29 00:00:00+08:00,0.09040000289678574,0.09040000289678574,0.09040000289678574,0.09040000289678574,0,0.0,0.0,0.0
2020-09-30 00:00:00+08:00,0.09040000289678574,0.09040000289678574,0.09040000289678574,0.09040000289678574,0,0.0,0.0,0.0
2020-10-01 00:00:00+08:00,0.09040000289678574,0.09040000289678574,0.09040000289678574,0.09040000289678574,0,0.0,0.0,0.0
2020-10-02 00:00:00+08:00,0.09040000289678574,0.09040000289678574,0.09040000289678574,0.09040000289678574,0,0.0,0.0,0.0
2020-10-05 00:00:00+08:00,0.09040000289678574,0.09040000289678574,0.09040000289678574,0.09040000289678574,0,0.0,0.0,0.0
2020-10-06 00:00:00+08:00,0.09040000289678574,0.09040000289678574,0.09040000289678574,0.09040000289678574,0,0.0,0.0,0.0
2020-10-07 00:00:00+08:00,0.09040000289678574,0.09040000289678574,0.09040000289678574,0.09040000289678574,0,0.0,0.0,0.0
2020-10-08 00:00:00+08:00,0.09040000289678574,0.09040000289678574,0.09040000289678574,0.09040000289678574,0,0.0,0.0,0.0
2020-10-09 00:00:00+08:00,0.09040000289678574,0.09040000289678574,0.09040000289678574,0.09040000289678574,0,0.0,0.0,0.0
2020-10-12 00:00:00+08:00,0.09040000289678574,0.09040000289678574,0.09040000289678574,0.09040000289678574,0,0.0,0.0,0.0
2020-10-13 00:00:00+08:00,0.09040000289678574,0.09040000289678574,0.09040000289678574,0.09040000289678574,0,0.0,0.0,0.0
2020-10-14 00:00:00+08:00,0.09040000289678574,0.09040000289678574,0.09040000289678574,0.09040000289678574,0,0.0,0.0,0.0
2020-10-15 00:00:00+08:00,0.09040000289678574,0.09040000289678574,0.09040000289678574,0.09040000289678574,0,0.0,0.0,0.0
2020-10-16 00:00:00+08:00,0.09040000289678574,0.09040000289678574,0.09040000289678574,0.09040000289678574,0,0.0,0.0,0.0
2020-10-19 00:00:00+08:00,0.09040000289678574,0.09040000289678574,0.09040000289678574,0.09040000289678574,0,0.0,0.0,0.0
2020-10-20 00:00:00+08:00,0.09491999447345734,0.09491999447345734,0.09491999447345734,0.09491999447345734,400,0.0,0.0,0.0
2020-10-21 00:00:00+08:00,0.09491999447345734,0.09491999447345734,0.09491999447345734,0.09491999447345734,0,0.0,0.0,0.0
2020-10-22 00:00:00+08:00,0.09491999447345734,0.09491999447345734,0.09491999447345734,0.09491999447345734,0,0.0,0.0,0.0
2020-10-23 00:00:00+08:00,0.09491999447345734,0.09491999447345734,0.09491999447345734,0.09491999447345734,0,0.0,0.0,0.0
2020-10-26 00:00:00+08:00,0.09491999447345734,0.09491999447345734,0.09491999447345734,0.09491999447345734,0,0.0,0.0,0.0
2020-10-27 00:00:00+08:00,0.09491999447345734,0.09491999447345734,0.09491999447345734,0.09491999447345734,0,0.0,0.0,0.0
2020-10-28 00:00:00+08:00,0.09491999447345734,0.09491999447345734,0.09491999447345734,0.09491999447345734,0,0.0,0.0,0.0
2020-10-29 00:00:00+08:00,0.1111920028924942,0.1111920028924942,0.1111920028924942,0.1111920028924942,300,0.0,0.0,0.0
2020-10-30 00:00:00+08:00,0.1111920028924942,0.1111920028924942,0.1111920028924942,0.1111920028924942,0,0.0,0.0,0.0
2020-11-02 00:00:00+08:00,0.1111920028924942,0.1111920028924942,0.1111920028924942,0.1111920028924942,0,0.0,0.0,0.0
2020-11-03 00:00:00+08:00,0.1111920028924942,0.1111920028924942,0.1111920028924942,0.1111920028924942,0,0.0,0.0,0.0
2020-11-04 00:00:00+08:00,0.1111920028924942,0.1111920028924942,0.1111920028924942,0.1111920028924942,0,0.0,0.0,0.0
2020-11-05 00:00:00+08:00,0.1111920028924942,0.1111920028924942,0.1111920028924942,0.1111920028924942,0,0.0,0.0,0.0
2020-11-06 00:00:00+08:00,0.1111920028924942,0.1111920028924942,0.1111920028924942,0.1111920028924942,0,0.0,0.0,0.0
2020-11-09 00:00:00+08:00,0.1111920028924942,0.1111920028924942,0.1111920028924942,0.1111920028924942,0,0.0,0.0,0.0
2020-11-10 00:00:00+08:00,0.1111920028924942,0.1111920028924942,0.1111920028924942,0.1111920028924942,0,0.0,0.0,0.0
2020-11-11 00:00:00+08:00,0.1111920028924942,0.1111920028924942,0.1111920028924942,0.1111920028924942,0,0.0,0.0,0.0
2020-11-12 00:00:00+08:00,0.1111920028924942,0.1111920028924942,0.1111920028924942,0.1111920028924942,0,0.0,0.0,0.0
2020-11-13 00:00:00+08:00,0.1111920028924942,0.1111920028924942,0.1111920028924942,0.1111920028924942,0,0.0,0.0,0.0
2020-11-16 00:00:00+08:00,0.1111920028924942,0.1111920028924942,0.1111920028924942,0.1111920028924942,0,0.0,0.0,0.0
2020-11-17 00:00:00+08:00,0.1111920028924942,0.1111920028924942,0.1111920028924942,0.1111920028924942,0,0.0,0.0,0.0
2020-11-18 00:00:00+08:00,0.1111920028924942,0.1111920028924942,0.1111920028924942,0.1111920028924942,0,0.0,0.0,0.0
2020-11-19 00:00:00+08:00,0.1111920028924942,0.1111920028924942,0.1111920028924942,0.1111920028924942,0,0.0,0.0,0.0
2020-11-20 00:00:00+08:00,0.1111920028924942,0.1111920028924942,0.1111920028924942,0.1111920028924942,0,0.0,0.0,0.0
2020-11-23 00:00:00+08:00,0.1111920028924942,0.1111920028924942,0.1111920028924942,0.1111920028924942,0,0.0,0.0,0.0
2020-11-24 00:00:00+08:00,0.1111920028924942,0.1111920028924942,0.1111920028924942,0.1111920028924942,0,0.0,0.0,0.0
2020-11-25 00:00:00+08:00,0.1111920028924942,0.1111920028924942,0.1111920028924942,0.1111920028924942,0,0.0,0.0,0.0
2020-11-26 00:00:00+08:00,0.1111920028924942,0.1111920028924942,0.1111920028924942,0.1111920028924942,0,0.0,0.0,0.0
2020-11-27 00:00:00+08:00,0.11119199702164521,0.129271999001503,0.11119199702164521,0.129271999001503,10900,0.0,0.0,0.0
2020-11-30 00:00:00+08:00,0.12836800515651703,0.12836800515651703,0.12836800515651703,0.12836800515651703,7000,0.0,0.0,0.0
2020-12-01 00:00:00+08:00,0.12836800515651703,0.12836800515651703,0.12836800515651703,0.12836800515651703,0,0.0,0.0,0.0
2020-12-02 00:00:00+08:00,0.12836800515651703,0.12836800515651703,0.12836800515651703,0.12836800515651703,0,0.0,0.0,0.0
2020-12-03 00:00:00+08:00,0.12836800515651703,0.12836800515651703,0.12836800515651703,0.12836800515651703,0,0.0,0.0,0.0
2020-12-04 00:00:00+08:00,0.12836800515651703,0.12836800515651703,0.12836800515651703,0.12836800515651703,0,0.0,0.0,0.0
2020-12-07 00:00:00+08:00,0.12836800515651703,0.12836800515651703,0.12836800515651703,0.12836800515651703,0,0.0,0.0,0.0
2020-12-08 00:00:00+08:00,0.12836800515651703,0.12836800515651703,0.12836800515651703,0.12836800515651703,0,0.0,0.0,0.0
2020-12-09 00:00:00+08:00,0.12836800515651703,0.12836800515651703,0.12836800515651703,0.12836800515651703,0,0.0,0.0,0.0
2020-12-10 00:00:00+08:00,0.12836800515651703,0.12836800515651703,0.12836800515651703,0.12836800515651703,0,0.0,0.0,0.0
2020-12-11 00:00:00+08:00,0.12836800515651703,0.12836800515651703,0.12836800515651703,0.12836800515651703,0,0.0,0.0,0.0
2020-12-14 00:00:00+08:00,0.12836800515651703,0.12836800515651703,0.12836800515651703,0.12836800515651703,0,0.0,0.0,0.0
2020-12-15 00:00:00+08:00,0.12836800515651703,0.12836800515651703,0.12836800515651703,0.12836800515651703,0,0.0,0.0,0.0
2020-12-16 00:00:00+08:00,0.12836800515651703,0.12836800515651703,0.12836800515651703,0.12836800515651703,0,0.0,0.0,0.0
2020-12-17 00:00:00+08:00,0.12836800515651703,0.12836800515651703,0.12836800515651703,0.12836800515651703,0,0.0,0.0,0.0
2020-12-18 00:00:00+08:00,0.12836800515651703,0.12836800515651703,0.12836800515651703,0.12836800515651703,0,0.0,0.0,0.0
2020-12-21 00:00:00+08:00,0.12836800515651703,0.12836800515651703,0.12836800515651703,0.12836800515651703,0,0.0,0.0,0.0
2020-12-22 00:00:00+08:00,0.12836800515651703,0.12836800515651703,0.12836800515651703,0.12836800515651703,0,0.0,0.0,0.0
2020-12-23 00:00:00+08:00,0.12836800515651703,0.12836800515651703,0.12836800515651703,0.12836800515651703,0,0.0,0.0,0.0
2020-12-24 00:00:00+08:00,0.12836800515651703,0.12836800515651703,0.12836800515651703,0.12836800515651703,0,0.0,0.0,0.0
2020-12-28 00:00:00+08:00,0.12836800515651703,0.12836800515651703,0.12836800515651703,0.12836800515651703,0,0.0,0.0,0.0
2020-12-29 00:00:00+08:00,0.12836800515651703,0.12836800515651703,0.12836800515651703,0.12836800515651703,0,0.0,0.0,0.0
2020-12-30 00:00:00+08:00,0.12836800515651703,0.12836800515651703,0.12836800515651703,0.12836800515651703,0,0.0,0.0,0.0
2020-12-31 00:00:00+08:00,0.12836800515651703,0.12836800515651703,0.12836800515651703,0.12836800515651703,0,0.0,0.0,0.0
2021-01-04 00:00:00+08:00,0.12836800515651703,0.12836800515651703,0.12836800515651703,0.12836800515651703,0,0.0,0.0,0.0
2021-01-05 00:00:00+08:00,0.12836800515651703,0.12836800515651703,0.12836800515651703,0.12836800515651703,0,0.0,0.0,0.0
2021-01-06 00:00:00+08:00,0.12836800515651703,0.12836800515651703,0.12836800515651703,0.12836800515651703,0,0.0,0.0,0.0
2021-01-07 00:00:00+08:00,0.12836800515651703,0.12836800515651703,0.12836800515651703,0.12836800515651703,0,0.0,0.0,0.0
2021-01-08 00:00:00+08:00,0.12836800515651703,0.12836800515651703,0.12836800515651703,0.12836800515651703,0,0.0,0.0,0.0
2021-01-11 00:00:00+08:00,0.12836800515651703,0.12836800515651703,0.12836800515651703,0.12836800515651703,0,0.0,0.0,0.0
2021-01-12 00:00:00+08:00,0.12836800515651703,0.12836800515651703,0.12836800515651703,0.12836800515651703,0,0.0,0.0,0.0
2021-01-13 00:00:00+08:00,0.12836800515651703,0.12836800515651703,0.12836800515651703,0.12836800515651703,0,0.0,0.0,0.0
2021-01-14 00:00:00+08:00,0.12836800515651703,0.12836800515651703,0.12836800515651703,0.12836800515651703,0,0.0,0.0,0.0
2021-01-15 00:00:00+08:00,0.12836800515651703,0.12836800515651703,0.12836800515651703,0.12836800515651703,0,0.0,0.0,0.0
2021-01-18 00:00:00+08:00,0.12836800515651703,0.12836800515651703,0.12836800515651703,0.12836800515651703,0,0.0,0.0,0.0
2021-01-19 00:00:00+08:00,0.12836800515651703,0.12836800515651703,0.12836800515651703,0.12836800515651703,0,0.0,0.0,0.0
2021-01-20 00:00:00+08:00,0.12836800515651703,0.12836800515651703,0.12836800515651703,0.12836800515651703,0,0.0,0.0,0.0
2021-01-21 00:00:00+08:00,0.12836800515651703,0.12836800515651703,0.12836800515651703,0.12836800515651703,0,0.0,0.0,0.0
2021-01-22 00:00:00+08:00,0.05695199781739638,0.129271999001503,0.05695199781739638,0.129271999001503,1600,0.0,0.0,0.0
2021-01-25 00:00:00+08:00,0.129271999001503,0.129271999001503,0.129271999001503,0.129271999001503,0,0.0,0.0,0.0
2021-01-26 00:00:00+08:00,0.129271999001503,0.129271999001503,0.129271999001503,0.129271999001503,0,0.0,0.0,0.0
2021-01-27 00:00:00+08:00,0.129271999001503,0.129271999001503,0.129271999001503,0.129271999001503,0,0.0,0.0,0.0
2021-01-28 00:00:00+08:00,0.129271999001503,0.129271999001503,0.129271999001503,0.129271999001503,0,0.0,0.0,0.0
2021-01-29 00:00:00+08:00,0.129271999001503,0.129271999001503,0.129271999001503,0.129271999001503,0,0.0,0.0,0.0
2021-02-01 00:00:00+08:00,0.129271999001503,0.129271999001503,0.129271999001503,0.129271999001503,0,0.0,0.0,0.0
2021-02-02 00:00:00+08:00,0.129271999001503,0.129271999001503,0.129271999001503,0.129271999001503,0,0.0,0.0,0.0
2021-02-03 00:00:00+08:00,0.129271999001503,0.129271999001503,0.129271999001503,0.129271999001503,0,0.0,0.0,0.0
2021-02-04 00:00:00+08:00,0.129271999001503,0.129271999001503,0.129271999001503,0.129271999001503,0,0.0,0.0,0.0
2021-02-05 00:00:00+08:00,0.129271999001503,0.129271999001503,0.129271999001503,0.129271999001503,0,0.0,0.0,0.0
2021-02-08 00:00:00+08:00,0.129271999001503,0.129271999001503,0.129271999001503,0.129271999001503,0,0.0,0.0,0.0
2021-02-09 00:00:00+08:00,0.129271999001503,0.129271999001503,0.129271999001503,0.129271999001503,0,0.0,0.0,0.0
2021-02-10 00:00:00+08:00,0.129271999001503,0.129271999001503,0.129271999001503,0.129271999001503,0,0.0,0.0,0.0
2021-02-11 00:00:00+08:00,0.129271999001503,0.129271999001503,0.129271999001503,0.129271999001503,0,0.0,0.0,0.0
2021-02-15 00:00:00+08:00,0.129271999001503,0.129271999001503,0.129271999001503,0.129271999001503,0,0.0,0.0,0.0
2021-02-16 00:00:00+08:00,0.129271999001503,0.129271999001503,0.129271999001503,0.129271999001503,0,0.0,0.0,0.0
2021-02-17 00:00:00+08:00,0.129271999001503,0.129271999001503,0.129271999001503,0.129271999001503,0,0.0,0.0,0.0
2021-02-18 00:00:00+08:00,0.129271999001503,0.129271999001503,0.129271999001503,0.129271999001503,0,0.0,0.0,0.0
2021-02-19 00:00:00+08:00,0.129271999001503,0.129271999001503,0.129271999001503,0.129271999001503,0,0.0,0.0,0.0
2021-02-22 00:00:00+08:00,0.129271999001503,0.129271999001503,0.129271999001503,0.129271999001503,0,0.0,0.0,0.0
2021-02-23 00:00:00+08:00,0.129271999001503,0.129271999001503,0.129271999001503,0.129271999001503,0,0.0,0.0,0.0
2021-02-24 00:00:00+08:00,0.129271999001503,0.129271999001503,0.129271999001503,0.129271999001503,0,0.0,0.0,0.0
2021-02-25 00:00:00+08:00,0.129271999001503,0.129271999001503,0.129271999001503,0.129271999001503,0,0.0,0.0,0.0
2021-02-26 00:00:00+08:00,0.129271999001503,0.129271999001503,0.129271999001503,0.129271999001503,0,0.0,0.0,0.0
2021-03-01 00:00:00+08:00,0.129271999001503,0.129271999001503,0.129271999001503,0.129271999001503,0,0.0,0.0,0.0
2021-03-02 00:00:00+08:00,0.129271999001503,0.129271999001503,0.129271999001503,0.129271999001503,0,0.0,0.0,0.0
2021-03-03 00:00:00+08:00,0.129271999001503,0.129271999001503,0.129271999001503,0.129271999001503,0,0.0,0.0,0.0
2021-03-04 00:00:00+08:00,0.129271999001503,0.129271999001503,0.129271999001503,0.129271999001503,0,0.0,0.0,0.0
2021-03-05 00:00:00+08:00,0.129271999001503,0.129271999001503,0.129271999001503,0.129271999001503,0,0.0,0.0,0.0
2021-03-08 00:00:00+08:00,0.129271999001503,0.129271999001503,0.129271999001503,0.129271999001503,0,0.0,0.0,0.0
2021-03-09 00:00:00+08:00,0.129271999001503,0.129271999001503,0.129271999001503,0.129271999001503,0,0.0,0.0,0.0
2021-03-10 00:00:00+08:00,0.129271999001503,0.129271999001503,0.129271999001503,0.129271999001503,0,0.0,0.0,0.0
2021-03-11 00:00:00+08:00,0.129271999001503,0.129271999001503,0.129271999001503,0.129271999001503,0,0.0,0.0,0.0
2021-03-12 00:00:00+08:00,0.129271999001503,0.129271999001503,0.129271999001503,0.129271999001503,0,0.0,0.0,0.0
2021-03-15 00:00:00+08:00,0.129271999001503,0.129271999001503,0.129271999001503,0.129271999001503,0,0.0,0.0,0.0
2021-03-16 00:00:00+08:00,0.129271999001503,0.129271999001503,0.129271999001503,0.129271999001503,0,0.0,0.0,0.0
2021-03-17 00:00:00+08:00,0.129271999001503,0.129271999001503,0.129271999001503,0.129271999001503,0,0.0,0.0,0.0
2021-03-18 00:00:00+08:00,0.129271999001503,0.129271999001503,0.129271999001503,0.129271999001503,0,0.0,0.0,0.0
2021-03-19 00:00:00+08:00,0.12655999903215295,0.13017599284648895,0.12655999903215295,0.13017599284648895,10000,0.0,0.0,0.0
2021-03-22 00:00:00+08:00,0.13017599284648895,0.13017599284648895,0.13017599284648895,0.13017599284648895,0,0.0,0.0,0.0
2021-03-23 00:00:00+08:00,0.13017599284648895,0.13017599284648895,0.13017599284648895,0.13017599284648895,0,0.0,0.0,0.0
2021-03-24 00:00:00+08:00,0.13017599284648895,0.13017599284648895,0.13017599284648895,0.13017599284648895,0,0.0,0.0,0.0
2021-03-25 00:00:00+08:00,0.13017599284648895,0.13017599284648895,0.13017599284648895,0.13017599284648895,0,0.0,0.0,0.0
2021-03-26 00:00:00+08:00,0.13017599284648895,0.13017599284648895,0.13017599284648895,0.13017599284648895,0,0.0,0.0,0.0
2021-03-29 00:00:00+08:00,0.13017599284648895,0.13017599284648895,0.13017599284648895,0.13017599284648895,0,0.0,0.0,0.0
2021-03-30 00:00:00+08:00,0.13017599284648895,0.13017599284648895,0.13017599284648895,0.13017599284648895,0,0.0,0.0,0.0
2021-03-31 00:00:00+08:00,0.13017599284648895,0.13017599284648895,0.13017599284648895,0.13017599284648895,0,0.0,0.0,0.0
2021-04-01 00:00:00+08:00,0.13017599284648895,0.13017599284648895,0.13017599284648895,0.13017599284648895,0,0.0,0.0,0.0
2021-04-05 00:00:00+08:00,0.13017599284648895,0.13017599284648895,0.13017599284648895,0.13017599284648895,0,0.0,0.0,0.0
2021-04-06 00:00:00+08:00,0.12836800267464574,0.13017599284648895,0.12836800267464574,0.13017599284648895,220300,0.0,0.0,0.0
2021-04-07 00:00:00+08:00,0.13017599284648895,0.13017599284648895,0.13017599284648895,0.13017599284648895,0,0.0,0.0,0.0
2021-04-08 00:00:00+08:00,0.13017599284648895,0.13017599284648895,0.13017599284648895,0.13017599284648895,0,0.0,0.0,0.0
2021-04-09 00:00:00+08:00,0.13017599284648895,0.13017599284648895,0.13017599284648895,0.13017599284648895,0,0.0,0.0,0.0
2021-04-12 00:00:00+08:00,0.13017599284648895,0.13017599284648895,0.13017599284648895,0.13017599284648895,0,0.0,0.0,0.0
2021-04-13 00:00:00+08:00,0.13017599284648895,0.13017599284648895,0.13017599284648895,0.13017599284648895,0,0.0,0.0,0.0
2021-04-14 00:00:00+08:00,0.13017599284648895,0.13017599284648895,0.13017599284648895,0.13017599284648895,0,0.0,0.0,0.0
2021-04-15 00:00:00+08:00,0.13017599284648895,0.13017599284648895,0.13017599284648895,0.13017599284648895,0,0.0,0.0,0.0
2021-04-16 00:00:00+08:00,0.13017599284648895,0.13017599284648895,0.13017599284648895,0.13017599284648895,0,0.0,0.0,0.0
2021-04-19 00:00:00+08:00,0.13017599284648895,0.13017599284648895,0.13017599284648895,0.13017599284648895,0,0.0,0.0,0.0
2021-04-20 00:00:00+08:00,0.13017599284648895,0.13017599284648895,0.13017599284648895,0.13017599284648895,0,0.0,0.0,0.0
2021-04-21 00:00:00+08:00,0.13017599284648895,0.13017599284648895,0.13017599284648895,0.13017599284648895,0,0.0,0.0,0.0
2021-04-22 00:00:00+08:00,0.13017599284648895,0.13017599284648895,0.13017599284648895,0.13017599284648895,0,0.0,0.0,0.0
2021-04-23 00:00:00+08:00,0.13017599284648895,0.13017599284648895,0.13017599284648895,0.13017599284648895,0,0.0,0.0,0.0
2021-04-26 00:00:00+08:00,0.13017599284648895,0.13017599284648895,0.13017599284648895,0.13017599284648895,0,0.0,0.0,0.0
2021-04-27 00:00:00+08:00,0.13017599284648895,0.13017599284648895,0.13017599284648895,0.13017599284648895,0,0.0,0.0,0.0
2021-04-28 00:00:00+08:00,0.13017599284648895,0.13017599284648895,0.13017599284648895,0.13017599284648895,0,0.0,0.0,0.0
2021-04-29 00:00:00+08:00,0.13017599284648895,0.13017599284648895,0.13017599284648895,0.13017599284648895,0,0.0,0.0,0.0
2021-04-30 00:00:00+08:00,0.13017599284648895,0.13017599284648895,0.13017599284648895,0.13017599284648895,0,0.0,0.0,0.0
2021-05-03 00:00:00+08:00,0.13017599284648895,0.13017599284648895,0.13017599284648895,0.13017599284648895,0,0.0,0.0,0.0
2021-05-04 00:00:00+08:00,0.13017599284648895,0.13017599284648895,0.13017599284648895,0.13017599284648895,0,0.0,0.0,0.0
2021-05-05 00:00:00+08:00,0.13017599284648895,0.13017599284648895,0.13017599284648895,0.13017599284648895,0,0.0,0.0,0.0
2021-05-06 00:00:00+08:00,0.13017599284648895,0.13017599284648895,0.13017599284648895,0.13017599284648895,0,0.0,0.0,0.0
2021-05-07 00:00:00+08:00,0.13017599284648895,0.13017599284648895,0.13017599284648895,0.13017599284648895,0,0.0,0.0,0.0
2021-05-10 00:00:00+08:00,0.13017599284648895,0.13017599284648895,0.13017599284648895,0.13017599284648895,0,0.0,0.0,0.0
2021-05-11 00:00:00+08:00,0.13017599284648895,0.13017599284648895,0.13017599284648895,0.13017599284648895,0,0.0,0.0,0.0
2021-05-12 00:00:00+08:00,0.13017599284648895,0.13017599284648895,0.13017599284648895,0.13017599284648895,0,0.0,0.0,0.0
2021-05-14 00:00:00+08:00,0.13017599284648895,0.13017599284648895,0.13017599284648895,0.13017599284648895,0,0.0,0.0,0.0
2021-05-17 00:00:00+08:00,0.13017599284648895,0.13017599284648895,0.13017599284648895,0.13017599284648895,0,0.0,0.0,0.0
2021-05-18 00:00:00+08:00,0.13017599284648895,0.13017599284648895,0.13017599284648895,0.13017599284648895,0,0.0,0.0,0.0
2021-05-19 00:00:00+08:00,0.13017599284648895,0.13017599284648895,0.13017599284648895,0.13017599284648895,0,0.0,0.0,0.0
2021-05-20 00:00:00+08:00,0.13017599284648895,0.13017599284648895,0.13017599284648895,0.13017599284648895,0,0.0,0.0,0.0
2021-05-21 00:00:00+08:00,0.13017599284648895,0.13017599284648895,0.13017599284648895,0.13017599284648895,0,0.0,0.0,0.0
2021-05-24 00:00:00+08:00,0.13017599284648895,0.13017599284648895,0.13017599284648895,0.13017599284648895,0,0.0,0.0,0.0
2021-05-25 00:00:00+08:00,0.13017599284648895,0.13017599284648895,0.13017599284648895,0.13017599284648895,0,0.0,0.0,0.0
2021-05-27 00:00:00+08:00,0.13017599284648895,0.13017599284648895,0.13017599284648895,0.13017599284648895,0,0.0,0.0,0.0
2021-05-28 00:00:00+08:00,0.13017599284648895,0.13017599284648895,0.13017599284648895,0.13017599284648895,0,0.0,0.0,0.0
2021-05-31 00:00:00+08:00,0.13017599284648895,0.13017599284648895,0.13017599284648895,0.13017599284648895,0,0.0,0.0,0.0
2021-06-01 00:00:00+08:00,0.13017599284648895,0.13017599284648895,0.13017599284648895,0.13017599284648895,0,0.0,0.0,0.0
2021-06-02 00:00:00+08:00,0.13017599284648895,0.13017599284648895,0.13017599284648895,0.13017599284648895,0,0.0,0.0,0.0
2021-06-03 00:00:00+08:00,0.13017599284648895,0.13017599284648895,0.13017599284648895,0.13017599284648895,0,0.0,0.0,0.0
2021-06-04 00:00:00+08:00,0.13017599284648895,0.13017599284648895,0.13017599284648895,0.13017599284648895,0,0.0,0.0,0.0
2021-06-07 00:00:00+08:00,0.13017599284648895,0.13017599284648895,0.13017599284648895,0.13017599284648895,0,0.0,0.0,0.0
2021-06-08 00:00:00+08:00,0.13017599284648895,0.13017599284648895,0.13017599284648895,0.13017599284648895,0,0.0,0.0,0.0
2021-06-09 00:00:00+08:00,0.13017599284648895,0.13017599284648895,0.13017599284648895,0.13017599284648895,0,0.0,0.0,0.0
2021-06-10 00:00:00+08:00,0.13017599284648895,0.13017599284648895,0.13017599284648895,0.13017599284648895,0,0.0,0.0,0.0
2021-06-11 00:00:00+08:00,0.13017599284648895,0.13017599284648895,0.13017599284648895,0.13017599284648895,0,0.0,0.0,0.0
2021-06-14 00:00:00+08:00,0.13017599284648895,0.13017599284648895,0.13017599284648895,0.13017599284648895,0,0.0,0.0,0.0
2021-06-15 00:00:00+08:00,0.13017599284648895,0.13017599284648895,0.13017599284648895,0.13017599284648895,0,0.0,0.0,0.0
2021-06-16 00:00:00+08:00,0.10305599444687809,0.13017598731367802,0.10305599444687809,0.129271999001503,170300,0.0,0.0,0.0
2021-06-17 00:00:00+08:00,0.129271999001503,0.129271999001503,0.129271999001503,0.129271999001503,0,0.0,0.0,0.0
2021-06-18 00:00:00+08:00,0.129271999001503,0.129271999001503,0.129271999001503,0.129271999001503,0,0.0,0.0,0.0
2021-06-21 00:00:00+08:00,0.11119199702164521,0.129271999001503,0.11119199702164521,0.129271999001503,10000,0.0,0.0,0.0
2021-06-22 00:00:00+08:00,0.129271999001503,0.129271999001503,0.129271999001503,0.129271999001503,0,0.0,0.0,0.0
2021-06-23 00:00:00+08:00,0.129271999001503,0.129271999001503,0.129271999001503,0.129271999001503,0,0.0,0.0,0.0
2021-06-24 00:00:00+08:00,0.129271999001503,0.129271999001503,0.129271999001503,0.129271999001503,0,0.0,0.0,0.0
2021-06-25 00:00:00+08:00,0.129271999001503,0.129271999001503,0.129271999001503,0.129271999001503,0,0.0,0.0,0.0
2021-06-28 00:00:00+08:00,0.129271999001503,0.129271999001503,0.129271999001503,0.129271999001503,0,0.0,0.0,0.0
2021-06-29 00:00:00+08:00,0.129271999001503,0.129271999001503,0.129271999001503,0.129271999001503,0,0.0,0.0,0.0
2021-06-30 00:00:00+08:00,0.129271999001503,0.129271999001503,0.129271999001503,0.129271999001503,0,0.0,0.0,0.0
2021-07-01 00:00:00+08:00,0.129271999001503,0.129271999001503,0.129271999001503,0.129271999001503,0,0.0,0.0,0.0
2021-07-02 00:00:00+08:00,0.129271999001503,0.129271999001503,0.129271999001503,0.129271999001503,0,0.0,0.0,0.0
2021-07-05 00:00:00+08:00,0.129271999001503,0.129271999001503,0.129271999001503,0.129271999001503,0,0.0,0.0,0.0
2021-07-06 00:00:00+08:00,0.129271999001503,0.129271999001503,0.129271999001503,0.129271999001503,0,0.0,0.0,0.0
2021-07-07 00:00:00+08:00,0.129271999001503,0.129271999001503,0.129271999001503,0.129271999001503,0,0.0,0.0,0.0
2021-07-08 00:00:00+08:00,0.129271999001503,0.129271999001503,0.129271999001503,0.129271999001503,0,0.0,0.0,0.0
2021-07-09 00:00:00+08:00,0.10215199266405407,0.129271999001503,0.10215199266405407,0.129271999001503,5100,0.0,0.0,0.0
2021-07-12 00:00:00+08:00,0.129271999001503,0.129271999001503,0.129271999001503,0.129271999001503,0,0.0,0.0,0.0
2021-07-13 00:00:00+08:00,0.129271999001503,0.129271999001503,0.129271999001503,0.129271999001503,0,0.0,0.0,0.0
2021-07-14 00:00:00+08:00,0.129271999001503,0.129271999001503,0.129271999001503,0.129271999001503,0,0.0,0.0,0.0
2021-07-15 00:00:00+08:00,0.129271999001503,0.129271999001503,0.129271999001503,0.129271999001503,0,0.0,0.0,0.0
2021-07-16 00:00:00+08:00,0.129271999001503,0.129271999001503,0.129271999001503,0.129271999001503,0,0.0,0.0,0.0
2021-07-19 00:00:00+08:00,0.129271999001503,0.129271999001503,0.129271999001503,0.129271999001503,0,0.0,0.0,0.0
2021-07-21 00:00:00+08:00,0.129271999001503,0.129271999001503,0.129271999001503,0.129271999001503,0,0.0,0.0,0.0
2021-07-22 00:00:00+08:00,0.0777439996600151,0.0777439996600151,0.0777439996600151,0.0777439996600151,6000,0.0,0.0,0.0
2021-07-23 00:00:00+08:00,0.1265600025653839,0.1265600025653839,0.1265600025653839,0.1265600025653839,100,0.0,0.0,0.0
2021-07-26 00:00:00+08:00,0.1202320009469986,0.1202320009469986,0.1202320009469986,0.1202320009469986,4500,0.0,0.0,0.0
2021-07-27 00:00:00+08:00,0.1202320009469986,0.1202320009469986,0.1202320009469986,0.1202320009469986,100,0.0,0.0,0.0
2021-07-28 00:00:00+08:00,0.12023200148569815,0.12023200148569815,0.08226399853509483,0.11932799965143204,300,0.0,0.0,0.0
2021-07-29 00:00:00+08:00,0.11932799965143204,0.11932799965143204,0.11932799965143204,0.11932799965143204,0,0.0,0.0,0.0
2021-07-30 00:00:00+08:00,0.11932799965143204,0.11932799965143204,0.11932799965143204,0.11932799965143204,0,0.0,0.0,0.0
2021-08-02 00:00:00+08:00,0.11932799965143204,0.11932799965143204,0.11932799965143204,0.11932799965143204,0,0.0,0.0,0.0
2021-08-03 00:00:00+08:00,0.11932799965143204,0.11932799965143204,0.11932799965143204,0.11932799965143204,0,0.0,0.0,0.0
2021-08-04 00:00:00+08:00,0.11932799965143204,0.11932799965143204,0.11932799965143204,0.11932799965143204,0,0.0,0.0,0.0
2021-08-05 00:00:00+08:00,0.11932799965143204,0.11932799965143204,0.11932799965143204,0.11932799965143204,0,0.0,0.0,0.0
2021-08-06 00:00:00+08:00,0.11932799965143204,0.11932799965143204,0.11932799965143204,0.11932799965143204,0,0.0,0.0,0.0
2021-08-10 00:00:00+08:00,0.11932799965143204,0.11932799965143204,0.11932799965143204,0.11932799965143204,0,0.0,0.0,0.0
2021-08-11 00:00:00+08:00,0.11932799965143204,0.11932799965143204,0.11932799965143204,0.11932799965143204,0,0.0,0.0,0.0
2021-08-12 00:00:00+08:00,0.11932799965143204,0.11932799965143204,0.11932799965143204,0.11932799965143204,0,0.0,0.0,0.0
2021-08-13 00:00:00+08:00,0.11932799965143204,0.11932799965143204,0.11932799965143204,0.11932799965143204,0,0.0,0.0,0.0
2021-08-16 00:00:00+08:00,0.11932799965143204,0.11932799965143204,0.11932799965143204,0.11932799965143204,600,0.0,0.0,0.0
2021-08-17 00:00:00+08:00,0.11932799965143204,0.11932799965143204,0.11932799965143204,0.11932799965143204,0,0.0,0.0,0.0
2021-08-18 00:00:00+08:00,0.11932799965143204,0.11932799965143204,0.11932799965143204,0.11932799965143204,0,0.0,0.0,0.0
2021-08-19 00:00:00+08:00,0.11932799965143204,0.11932799965143204,0.11932799965143204,0.11932799965143204,0,0.0,0.0,0.0
2021-08-20 00:00:00+08:00,0.11932799965143204,0.11932799965143204,0.11932799965143204,0.11932799965143204,0,0.0,0.0,0.0
2021-08-23 00:00:00+08:00,0.11932799965143204,0.11932799965143204,0.11932799965143204,0.11932799965143204,0,0.0,0.0,0.0
2021-08-24 00:00:00+08:00,0.08678400097110055,0.11932799965143204,0.07955199976762135,0.11932799965143204,10100,0.0,0.0,0.0
2021-08-25 00:00:00+08:00,0.11932799965143204,0.11932799965143204,0.11932799965143204,0.11932799965143204,0,0.0,0.0,0.0
2021-08-26 00:00:00+08:00,0.11932799965143204,0.11932799965143204,0.11932799965143204,0.11932799965143204,0,0.0,0.0,0.0
2021-08-27 00:00:00+08:00,0.11932799965143204,0.11932799965143204,0.11932799965143204,0.11932799965143204,0,0.0,0.0,0.0
2021-08-30 00:00:00+08:00,0.11751999257774826,0.12204000161811121,0.09943999682824453,0.11480800062417984,249200,0.0,0.0,0.0
2021-08-31 00:00:00+08:00,0.10847999379168385,0.1283679997255834,0.10215199465898497,0.1247519925236702,40600,0.0,0.0,0.0
2021-09-01 00:00:00+08:00,0.12475199202239091,0.12565599381923676,0.12475199202239091,0.12565599381923676,200,0.0,0.0,0.0
2021-09-02 00:00:00+08:00,0.1003440017066896,0.1247519973888993,0.1003440017066896,0.10124800354242325,400,0.0,0.0,0.0
2021-09-03 00:00:00+08:00,0.1030559992120329,0.1030559992120329,0.10215199738740921,0.10215199738740921,1200,0.0,0.0,0.0
2021-09-06 00:00:00+08:00,0.10215199738740921,0.10215199738740921,0.10215199738740921,0.10215199738740921,0,0.0,0.0,0.0
2021-09-07 00:00:00+08:00,0.11119199964643373,0.12384799122810364,0.07593599663729209,0.12384799122810364,52700,0.0,0.0,0.0
2021-09-08 00:00:00+08:00,0.12294400878906259,0.12294400878906259,0.08407200343489649,0.09040000289678574,10000,0.0,0.0,0.0
2021-09-09 00:00:00+08:00,0.09040000289678574,0.09040000289678574,0.09040000289678574,0.09040000289678574,0,0.0,0.0,0.0
2021-09-10 00:00:00+08:00,0.09040000289678574,0.09040000289678574,0.09040000289678574,0.09040000289678574,0,0.0,0.0,0.0
2021-09-13 00:00:00+08:00,0.09040000289678574,0.09040000289678574,0.09040000289678574,0.09040000289678574,100,0.0,0.0,0.0
2021-09-14 00:00:00+08:00,0.11300000263404365,0.11661599657571664,0.08949600160121918,0.08949600160121918,25600,0.0,0.0,0.0
2021-09-15 00:00:00+08:00,0.09401600169668009,0.09401600169668009,0.09220799803733826,0.09220799803733826,50000,0.0,0.0,0.0
2021-09-16 00:00:00+08:00,0.09311199933290482,0.09311199933290482,0.09311199933290482,0.09311199933290482,10000,0.0,0.0,0.0
2021-09-17 00:00:00+08:00,0.09311199933290482,0.09311199933290482,0.09311199933290482,0.09311199933290482,0,0.0,0.0,0.0
2021-09-20 00:00:00+08:00,0.09311199933290482,0.09311199933290482,0.09311199933290482,0.09311199933290482,0,0.0,0.0,0.0
2021-09-21 00:00:00+08:00,0.09311199933290482,0.09311199933290482,0.09311199933290482,0.09311199933290482,0,0.0,0.0,0.0
2021-09-22 00:00:00+08:00,0.09311199933290482,0.09311199933290482,0.09311199933290482,0.09311199933290482,0,0.0,0.0,0.0
2021-09-23 00:00:00+08:00,0.09311200227821717,0.09311200227821717,0.08949600160121918,0.08949600160121918,1900,0.0,0.0,0.0
2021-09-24 00:00:00+08:00,0.08949600160121918,0.08949600160121918,0.08949600160121918,0.08949600160121918,1100,0.0,0.0,0.0
2021-09-27 00:00:00+08:00,0.08949600160121918,0.08949600160121918,0.08949600160121918,0.08949600160121918,0,0.0,0.0,0.0
2021-09-28 00:00:00+08:00,0.08949600160121918,0.08949600160121918,0.08949600160121918,0.08949600160121918,0,0.0,0.0,0.0
2021-09-29 00:00:00+08:00,0.08949600160121918,0.08949600160121918,0.08949600160121918,0.08949600160121918,0,0.0,0.0,0.0
2021-09-30 00:00:00+08:00,0.08949600160121918,0.08949600160121918,0.08949600160121918,0.08949600160121918,0,0.0,0.0,0.0
2021-10-01 00:00:00+08:00,0.11480800062417984,0.11480800062417984,0.11480800062417984,0.11480800062417984,100,0.0,0.0,0.0
2021-10-04 00:00:00+08:00,0.11390399932861328,0.11390399932861328,0.11390399932861328,0.11390399932861328,1800,0.0,0.0,0.0
2021-10-05 00:00:00+08:00,0.11299999803304672,0.11299999803304672,0.11299999803304672,0.11299999803304672,100,0.0,0.0,0.0
2021-10-06 00:00:00+08:00,0.11299999803304672,0.11299999803304672,0.11299999803304672,0.11299999803304672,0,0.0,0.0,0.0
2021-10-07 00:00:00+08:00,0.08136000310211647,0.1111920028924942,0.08136000310211647,0.1111920028924942,1800,0.0,0.0,0.0
2021-10-08 00:00:00+08:00,0.1111920028924942,0.1111920028924942,0.1111920028924942,0.1111920028924942,0,0.0,0.0,0.0
2021-10-11 00:00:00+08:00,0.08587999641895294,0.08587999641895294,0.08587999641895294,0.08587999641895294,300,0.0,0.0,0.0
2021-10-12 00:00:00+08:00,0.08587999641895294,0.08587999641895294,0.08587999641895294,0.08587999641895294,0,0.0,0.0,0.0
2021-10-13 00:00:00+08:00,0.08587999641895294,0.08587999641895294,0.08587999641895294,0.08587999641895294,0,0.0,0.0,0.0
2021-10-14 00:00:00+08:00,0.08587999641895294,0.08587999641895294,0.08587999641895294,0.08587999641895294,0,0.0,0.0,0.0
2021-10-15 00:00:00+08:00,0.0985359989285469,0.10847999900579453,0.0985359989285469,0.10847999900579453,51900,0.0,0.0,0.0
2021-10-18 00:00:00+08:00,0.10847999833967849,0.1193280001942438,0.10847999833967849,0.11842399835586548,196600,0.0,0.0,0.0
2021-10-19 00:00:00+08:00,0.11842399835586548,0.11842399835586548,0.11842399835586548,0.11842399835586548,0,0.0,0.0,0.0
2021-10-20 00:00:00+08:00,0.11751999257774826,0.11751999257774826,0.11480800062417984,0.11480800062417984,21100,0.0,0.0,0.0
2021-10-21 00:00:00+08:00,0.11480800219889603,0.11932799783060626,0.11209599673748016,0.11209599673748016,20100,0.0,0.0,0.0
2021-10-22 00:00:00+08:00,0.1175199947293881,0.11932799837863549,0.10215199738740921,0.10215199738740921,47000,0.0,0.0,0.0
2021-10-25 00:00:00+08:00,0.10215199738740921,0.10215199738740921,0.10215199738740921,0.10215199738740921,0,0.0,0.0,0.0
2021-10-26 00:00:00+08:00,0.10305599868297577,0.10305599868297577,0.10305599868297577,0.10305599868297577,30000,0.0,0.0,0.0
2021-10-27 00:00:00+08:00,0.10757599771022797,0.10757599771022797,0.10757599771022797,0.10757599771022797,20100,0.0,0.0,0.0
2021-10-28 00:00:00+08:00,0.11842399227218492,0.11932799406412285,0.10757599771022797,0.10757599771022797,101700,0.0,0.0,0.0
2021-10-29 00:00:00+08:00,0.10847999276684134,0.10847999276684134,0.10757599771022797,0.10757599771022797,24200,0.0,0.0,0.0
2021-11-01 00:00:00+08:00,0.10847999833967849,0.11842399835586548,0.10847999833967849,0.11842399835586548,26500,0.0,0.0,0.0
2021-11-02 00:00:00+08:00,0.11751999607047095,0.1184239979054107,0.11028800159692764,0.11028800159692764,206700,0.0,0.0,0.0
2021-11-03 00:00:00+08:00,0.11028800159692764,0.11028800159692764,0.11028800159692764,0.11028800159692764,0,0.0,0.0,0.0
2021-11-05 00:00:00+08:00,0.11028799931955335,0.11751999364376076,0.11028799931955335,0.11299999803304672,31600,0.0,0.0,0.0
2021-11-08 00:00:00+08:00,0.125,0.125,0.11999999731779099,0.11999999731779099,500,0.012,0.0,0.0
2021-11-09 00:00:00+08:00,0.125,0.125,0.125,0.125,300,0.0,0.0,0.0
2021-11-10 00:00:00+08:00,0.125,0.125,0.125,0.125,500,0.0,0.0,0.0
2021-11-11 00:00:00+08:00,0.125,0.125,0.125,0.125,0,0.0,0.0,0.0
2021-11-12 00:00:00+08:00,0.125,0.125,0.125,0.125,0,0.0,0.0,0.0
2021-11-15 00:00:00+08:00,0.125,0.125,0.125,0.125,0,0.0,0.0,0.0
2021-11-16 00:00:00+08:00,0.125,0.125,0.125,0.125,0,0.0,0.0,0.0
2021-11-17 00:00:00+08:00,0.125,0.125,0.125,0.125,0,0.0,0.0,0.0
2021-11-18 00:00:00+08:00,0.12300000339746475,0.12300000339746475,0.12300000339746475,0.12300000339746475,100,0.0,0.0,0.0
2021-11-19 00:00:00+08:00,0.12300000339746475,0.12300000339746475,0.12300000339746475,0.12300000339746475,0,0.0,0.0,0.0
2021-11-22 00:00:00+08:00,0.12300000339746475,0.12300000339746475,0.12300000339746475,0.12300000339746475,0,0.0,0.0,0.0
2021-11-23 00:00:00+08:00,0.12399999797344208,0.12399999797344208,0.11999999731779099,0.11999999731779099,600,0.0,0.0,0.0
2021-11-24 00:00:00+08:00,0.11999999731779099,0.11999999731779099,0.11999999731779099,0.11999999731779099,0,0.0,0.0,0.0
2021-11-25 00:00:00+08:00,0.11999999731779099,0.11999999731779099,0.11999999731779099,0.11999999731779099,0,0.0,0.0,0.0
2021-11-26 00:00:00+08:00,0.11999999731779099,0.11999999731779099,0.11999999731779099,0.11999999731779099,0,0.0,0.0,0.0
2021-11-29 00:00:00+08:00,0.11999999731779099,0.11999999731779099,0.11999999731779099,0.11999999731779099,0,0.0,0.0,0.0
2021-11-30 00:00:00+08:00,0.11999999731779099,0.11999999731779099,0.11999999731779099,0.11999999731779099,0,0.0,0.0,0.0
2021-12-01 00:00:00+08:00,0.11999999731779099,0.11999999731779099,0.11999999731779099,0.11999999731779099,15000,0.0,0.0,0.0
2021-12-02 00:00:00+08:00,0.11999999731779099,0.11999999731779099,0.11999999731779099,0.11999999731779099,0,0.0,0.0,0.0
2021-12-03 00:00:00+08:00,0.11999999731779099,0.11999999731779099,0.11999999731779099,0.11999999731779099,5000,0.0,0.0,0.0
2021-12-06 00:00:00+08:00,0.11999999731779099,0.11999999731779099,0.11999999731779099,0.11999999731779099,0,0.0,0.0,0.0
2021-12-07 00:00:00+08:00,0.11999999731779099,0.11999999731779099,0.11999999731779099,0.11999999731779099,0,0.0,0.0,0.0
2021-12-08 00:00:00+08:00,0.11999999731779099,0.11999999731779099,0.11999999731779099,0.11999999731779099,0,0.0,0.0,0.0
2021-12-09 00:00:00+08:00,0.11999999731779099,0.11999999731779099,0.11999999731779099,0.11999999731779099,0,0.0,0.0,0.0
2021-12-10 00:00:00+08:00,0.11500000208616257,0.11500000208616257,0.11500000208616257,0.11500000208616257,37600,0.0,0.0,0.0
2021-12-13 00:00:00+08:00,0.11900000274181366,0.11999999731779099,0.11500000208616257,0.11500000208616257,332600,0.0,0.0,0.0
2021-12-14 00:00:00+08:00,0.11500000208616257,0.11500000208616257,0.11500000208616257,0.11500000208616257,0,0.0,0.0,0.0
2021-12-15 00:00:00+08:00,0.11500000208616257,0.11500000208616257,0.11500000208616257,0.11500000208616257,0,0.0,0.0,0.0
2021-12-16 00:00:00+08:00,0.11999999731779099,0.11999999731779099,0.11999999731779099,0.11999999731779099,200200,0.0,0.0,0.0
2021-12-17 00:00:00+08:00,0.11800000071525574,0.11900000274181366,0.11800000071525574,0.11900000274181366,256400,0.0,0.0,0.0
2021-12-20 00:00:00+08:00,0.11900000274181366,0.11900000274181366,0.11900000274181366,0.11900000274181366,0,0.0,0.0,0.0
2021-12-21 00:00:00+08:00,0.11999999731779099,0.11999999731779099,0.09700000286102295,0.09700000286102295,600,0.0,0.0,0.0
2021-12-22 00:00:00+08:00,0.09700000286102295,0.09700000286102295,0.09700000286102295,0.09700000286102295,0,0.0,0.0,0.0
2021-12-23 00:00:00+08:00,0.09700000286102295,0.09700000286102295,0.09700000286102295,0.09700000286102295,0,0.0,0.0,0.0
2021-12-24 00:00:00+08:00,0.09700000286102295,0.09700000286102295,0.09700000286102295,0.09700000286102295,0,0.0,0.0,0.0
2021-12-27 00:00:00+08:00,0.09700000286102295,0.09700000286102295,0.09700000286102295,0.09700000286102295,200,0.0,0.0,0.0
2021-12-28 00:00:00+08:00,0.09700000286102295,0.09700000286102295,0.09700000286102295,0.09700000286102295,0,0.0,0.0,0.0
2021-12-29 00:00:00+08:00,0.09700000286102295,0.09700000286102295,0.09700000286102295,0.09700000286102295,0,0.0,0.0,0.0
2021-12-30 00:00:00+08:00,0.09700000286102295,0.09700000286102295,0.09700000286102295,0.09700000286102295,0,0.0,0.0,0.0
2021-12-31 00:00:00+08:00,0.09700000286102295,0.09700000286102295,0.09700000286102295,0.09700000286102295,0,0.0,0.0,0.0
2022-01-03 00:00:00+08:00,0.09700000286102295,0.09700000286102295,0.09700000286102295,0.09700000286102295,0,0.0,0.0,0.0
2022-01-04 00:00:00+08:00,0.09700000286102295,0.09700000286102295,0.09700000286102295,0.09700000286102295,0,0.0,0.0,0.0
2022-01-05 00:00:00+08:00,0.09700000286102295,0.09700000286102295,0.09700000286102295,0.09700000286102295,0,0.0,0.0,0.0
2022-01-06 00:00:00+08:00,0.09300000220537186,0.09300000220537186,0.09300000220537186,0.09300000220537186,1000,0.0,0.0,0.0
2022-01-07 00:00:00+08:00,0.09300000220537186,0.09300000220537186,0.09300000220537186,0.09300000220537186,0,0.0,0.0,0.0
2022-01-10 00:00:00+08:00,0.09300000220537186,0.09300000220537186,0.09300000220537186,0.09300000220537186,0,0.0,0.0,0.0
2022-01-11 00:00:00+08:00,0.09300000220537186,0.09300000220537186,0.09300000220537186,0.09300000220537186,0,0.0,0.0,0.0
2022-01-12 00:00:00+08:00,0.09300000220537186,0.09300000220537186,0.09300000220537186,0.09300000220537186,0,0.0,0.0,0.0
2022-01-13 00:00:00+08:00,0.09300000220537186,0.09300000220537186,0.09300000220537186,0.09300000220537186,0,0.0,0.0,0.0
2022-01-14 00:00:00+08:00,0.09300000220537186,0.09300000220537186,0.09300000220537186,0.09300000220537186,0,0.0,0.0,0.0
2022-01-17 00:00:00+08:00,0.09300000220537186,0.09300000220537186,0.09300000220537186,0.09300000220537186,0,0.0,0.0,0.0
2022-01-18 00:00:00+08:00,0.09300000220537186,0.09300000220537186,0.09300000220537186,0.09300000220537186,0,0.0,0.0,0.0
2022-01-19 00:00:00+08:00,0.09300000220537186,0.09300000220537186,0.09300000220537186,0.09300000220537186,0,0.0,0.0,0.0
2022-01-20 00:00:00+08:00,0.09300000220537186,0.09300000220537186,0.09300000220537186,0.09300000220537186,0,0.0,0.0,0.0
2022-01-21 00:00:00+08:00,0.09300000220537186,0.09300000220537186,0.09300000220537186,0.09300000220537186,0,0.0,0.0,0.0
2022-01-24 00:00:00+08:00,0.09300000220537186,0.09300000220537186,0.09300000220537186,0.09300000220537186,0,0.0,0.0,0.0
2022-01-25 00:00:00+08:00,0.09300000220537186,0.09300000220537186,0.09300000220537186,0.09300000220537186,0,0.0,0.0,0.0
2022-01-26 00:00:00+08:00,0.1120000034570694,0.1120000034570694,0.10000000149011612,0.1120000034570694,43400,0.0,0.0,0.0
2022-01-27 00:00:00+08:00,0.09399999678134918,0.09399999678134918,0.09399999678134918,0.09399999678134918,2000,0.0,0.0,0.0
2022-01-28 00:00:00+08:00,0.09399999678134918,0.09399999678134918,0.09399999678134918,0.09399999678134918,0,0.0,0.0,0.0
2022-01-31 00:00:00+08:00,0.09399999678134918,0.09399999678134918,0.09399999678134918,0.09399999678134918,0,0.0,0.0,0.0
2022-02-03 00:00:00+08:00,0.09399999678134918,0.09399999678134918,0.09399999678134918,0.09399999678134918,0,0.0,0.0,0.0
2022-02-04 00:00:00+08:00,0.09399999678134918,0.09399999678134918,0.09399999678134918,0.09399999678134918,100,0.0,0.0,0.0
2022-02-07 00:00:00+08:00,0.09399999678134918,0.09399999678134918,0.09399999678134918,0.09399999678134918,0,0.0,0.0,0.0
2022-02-08 00:00:00+08:00,0.09399999678134918,0.09399999678134918,0.09399999678134918,0.09399999678134918,0,0.0,0.0,0.0
2022-02-09 00:00:00+08:00,0.09399999678134918,0.09399999678134918,0.09399999678134918,0.09399999678134918,0,0.0,0.0,0.0
2022-02-10 00:00:00+08:00,0.09399999678134918,0.09399999678134918,0.09399999678134918,0.09399999678134918,300,0.0,0.0,0.0
2022-02-11 00:00:00+08:00,0.09399999678134918,0.09399999678134918,0.09399999678134918,0.09399999678134918,0,0.0,0.0,0.0
2022-02-14 00:00:00+08:00,0.09399999678134918,0.09399999678134918,0.09399999678134918,0.09399999678134918,0,0.0,0.0,0.0
2022-02-15 00:00:00+08:00,0.09399999678134918,0.09399999678134918,0.09399999678134918,0.09399999678134918,0,0.0,0.0,0.0
2022-02-16 00:00:00+08:00,0.09399999678134918,0.09399999678134918,0.09399999678134918,0.09399999678134918,0,0.0,0.0,0.0
2022-02-17 00:00:00+08:00,0.09399999678134918,0.09399999678134918,0.09399999678134918,0.09399999678134918,0,0.0,0.0,0.0
2022-02-18 00:00:00+08:00,0.09399999678134918,0.09399999678134918,0.09399999678134918,0.09399999678134918,0,0.0,0.0,0.0
2022-02-21 00:00:00+08:00,0.09399999678134918,0.09399999678134918,0.09399999678134918,0.09399999678134918,0,0.0,0.0,0.0
2022-02-22 00:00:00+08:00,0.09399999678134918,0.09399999678134918,0.09399999678134918,0.09399999678134918,0,0.0,0.0,0.0
2022-02-23 00:00:00+08:00,0.09399999678134918,0.09399999678134918,0.09399999678134918,0.09399999678134918,0,0.0,0.0,0.0
2022-02-24 00:00:00+08:00,0.09000000357627869,0.11900000274181366,0.07999999821186066,0.11900000274181366,81800,0.0,0.0,0.0
2022-02-25 00:00:00+08:00,0.11900000274181366,0.11900000274181366,0.11900000274181366,0.11900000274181366,0,0.0,0.0,0.0
2022-02-28 00:00:00+08:00,0.11900000274181366,0.11900000274181366,0.11900000274181366,0.11900000274181366,0,0.0,0.0,0.0
2022-03-01 00:00:00+08:00,0.11900000274181366,0.11900000274181366,0.11900000274181366,0.11900000274181366,0,0.0,0.0,0.0
2022-03-02 00:00:00+08:00,0.11900000274181366,0.11900000274181366,0.11900000274181366,0.11900000274181366,0,0.0,0.0,0.0
2022-03-03 00:00:00+08:00,0.11900000274181366,0.11900000274181366,0.11900000274181366,0.11900000274181366,0,0.0,0.0,0.0
2022-03-04 00:00:00+08:00,0.10000000149011612,0.10000000149011612,0.10000000149011612,0.10000000149011612,200,0.0,0.0,0.0
2022-03-07 00:00:00+08:00,0.10000000149011612,0.10000000149011612,0.10000000149011612,0.10000000149011612,0,0.0,0.0,0.0
2022-03-08 00:00:00+08:00,0.10000000149011612,0.10000000149011612,0.10000000149011612,0.10000000149011612,0,0.0,0.0,0.0
2022-03-09 00:00:00+08:00,0.10000000149011612,0.10000000149011612,0.10000000149011612,0.10000000149011612,0,0.0,0.0,0.0
2022-03-10 00:00:00+08:00,0.10000000149011612,0.11400000005960464,0.08900000154972076,0.11400000005960464,44300,0.0,0.0,0.0
2022-03-11 00:00:00+08:00,0.11400000005960464,0.11400000005960464,0.08900000154972076,0.11100000143051147,219400,0.0,0.0,0.0
2022-03-14 00:00:00+08:00,0.11100000143051147,0.11100000143051147,0.11100000143051147,0.11100000143051147,0,0.0,0.0,0.0
2022-03-15 00:00:00+08:00,0.11100000143051147,0.11100000143051147,0.11100000143051147,0.11100000143051147,0,0.0,0.0,0.0
2022-03-16 00:00:00+08:00,0.11100000143051147,0.11100000143051147,0.11100000143051147,0.11100000143051147,0,0.0,0.0,0.0
2022-03-17 00:00:00+08:00,0.11100000143051147,0.11100000143051147,0.11100000143051147,0.11100000143051147,0,0.0,0.0,0.0
2022-03-18 00:00:00+08:00,0.11100000143051147,0.11100000143051147,0.11100000143051147,0.11100000143051147,0,0.0,0.0,0.0
2022-03-21 00:00:00+08:00,0.11100000143051147,0.11100000143051147,0.11100000143051147,0.11100000143051147,0,0.0,0.0,0.0
2022-03-22 00:00:00+08:00,0.11100000143051147,0.11100000143051147,0.11100000143051147,0.11100000143051147,0,0.0,0.0,0.0
2022-03-23 00:00:00+08:00,0.11100000143051147,0.11100000143051147,0.11100000143051147,0.11100000143051147,0,0.0,0.0,0.0
2022-03-24 00:00:00+08:00,0.11100000143051147,0.11100000143051147,0.11100000143051147,0.11100000143051147,0,0.0,0.0,0.0
2022-03-25 00:00:00+08:00,0.11100000143051147,0.11100000143051147,0.11100000143051147,0.11100000143051147,0,0.0,0.0,0.0
2022-03-28 00:00:00+08:00,0.11100000143051147,0.11100000143051147,0.11100000143051147,0.11100000143051147,0,0.0,0.0,0.0
2022-03-29 00:00:00+08:00,0.11100000143051147,0.11100000143051147,0.11100000143051147,0.11100000143051147,0,0.0,0.0,0.0
2022-03-30 00:00:00+08:00,0.11100000143051147,0.11100000143051147,0.11100000143051147,0.11100000143051147,0,0.0,0.0,0.0
2022-03-31 00:00:00+08:00,0.1080000028014183,0.11400000005960464,0.1080000028014183,0.11400000005960464,900,0.0,0.0,0.0
2022-04-01 00:00:00+08:00,0.11400000005960464,0.11400000005960464,0.11400000005960464,0.11400000005960464,0,0.0,0.0,0.0
2022-04-04 00:00:00+08:00,0.11400000005960464,0.11400000005960464,0.11400000005960464,0.11400000005960464,0,0.0,0.0,0.0
2022-04-05 00:00:00+08:00,0.11400000005960464,0.11400000005960464,0.11400000005960464,0.11400000005960464,0,0.0,0.0,0.0
2022-04-06 00:00:00+08:00,0.11400000005960464,0.11400000005960464,0.11400000005960464,0.11400000005960464,0,0.0,0.0,0.0
2022-04-07 00:00:00+08:00,0.11400000005960464,0.11400000005960464,0.11400000005960464,0.11400000005960464,0,0.0,0.0,0.0
2022-04-08 00:00:00+08:00,0.11400000005960464,0.11400000005960464,0.11400000005960464,0.11400000005960464,0,0.0,0.0,0.0
2022-04-11 00:00:00+08:00,0.11400000005960464,0.11400000005960464,0.11400000005960464,0.11400000005960464,0,0.0,0.0,0.0
2022-04-12 00:00:00+08:00,0.11400000005960464,0.11400000005960464,0.11400000005960464,0.11400000005960464,0,0.0,0.0,0.0
2022-04-13 00:00:00+08:00,0.11400000005960464,0.11400000005960464,0.11400000005960464,0.11400000005960464,0,0.0,0.0,0.0
2022-04-14 00:00:00+08:00,0.11400000005960464,0.11400000005960464,0.11400000005960464,0.11400000005960464,0,0.0,0.0,0.0
2022-04-18 00:00:00+08:00,0.11400000005960464,0.11400000005960464,0.11400000005960464,0.11400000005960464,0,0.0,0.0,0.0
2022-04-19 00:00:00+08:00,0.11400000005960464,0.11400000005960464,0.11400000005960464,0.11400000005960464,0,0.0,0.0,0.0
2022-04-20 00:00:00+08:00,0.11400000005960464,0.11400000005960464,0.11400000005960464,0.11400000005960464,0,0.0,0.0,0.0
2022-04-21 00:00:00+08:00,0.10899999737739563,0.11400000005960464,0.10499999672174454,0.11400000005960464,283000,0.0,0.0,0.0
2022-04-22 00:00:00+08:00,0.11400000005960464,0.11400000005960464,0.11400000005960464,0.11400000005960464,0,0.0,0.0,0.0
2022-04-25 00:00:00+08:00,0.09399999678134918,0.09399999678134918,0.09300000220537186,0.09399999678134918,100000,0.0,0.0,0.0
2022-04-26 00:00:00+08:00,0.10599999874830246,0.10599999874830246,0.10599999874830246,0.10599999874830246,600,0.0,0.0,0.0
2022-04-27 00:00:00+08:00,0.10400000214576721,0.10400000214576721,0.0949999988079071,0.10400000214576721,500,0.0,0.0,0.0
2022-04-28 00:00:00+08:00,0.10599999874830246,0.10599999874830246,0.10599999874830246,0.10599999874830246,500,0.0,0.0,0.0
2022-04-29 00:00:00+08:00,0.10999999940395355,0.10999999940395355,0.09600000083446503,0.10400000214576721,25600,0.0,0.0,0.0
2022-05-04 00:00:00+08:00,0.11800000071525574,0.11800000071525574,0.0989999994635582,0.11500000208616257,900,0.0,0.0,0.0
2022-05-05 00:00:00+08:00,0.11500000208616257,0.11500000208616257,0.11500000208616257,0.11500000208616257,1300,0.0,0.0,0.0
2022-05-06 00:00:00+08:00,0.11500000208616257,0.11500000208616257,0.11500000208616257,0.11500000208616257,0,0.0,0.0,0.0
2022-05-09 00:00:00+08:00,0.11500000208616257,0.11500000208616257,0.11500000208616257,0.11500000208616257,1000,0.0,0.0,0.0
2022-05-10 00:00:00+08:00,0.11500000208616257,0.11500000208616257,0.11500000208616257,0.11500000208616257,0,0.0,0.0,0.0
2022-05-11 00:00:00+08:00,0.11500000208616257,0.11500000208616257,0.11500000208616257,0.11500000208616257,0,0.0,0.0,0.0
2022-05-12 00:00:00+08:00,0.0989999994635582,0.10899999737739563,0.09099999815225601,0.10899999737739563,85900,0.0,0.0,0.0
2022-05-13 00:00:00+08:00,0.10899999737739563,0.10899999737739563,0.10899999737739563,0.10899999737739563,0,0.0,0.0,0.0
2022-05-17 00:00:00+08:00,0.10899999737739563,0.10899999737739563,0.10899999737739563,0.10899999737739563,0,0.0,0.0,0.0
2022-05-18 00:00:00+08:00,0.10899999737739563,0.10899999737739563,0.10899999737739563,0.10899999737739563,0,0.0,0.0,0.0
2022-05-19 00:00:00+08:00,0.10899999737739563,0.10899999737739563,0.10899999737739563,0.10899999737739563,0,0.0,0.0,0.0
2022-05-20 00:00:00+08:00,0.10899999737739563,0.10899999737739563,0.10899999737739563,0.10899999737739563,0,0.0,0.0,0.0
2022-05-23 00:00:00+08:00,0.10899999737739563,0.10899999737739563,0.10899999737739563,0.10899999737739563,0,0.0,0.0,0.0
2022-05-24 00:00:00+08:00,0.10899999737739563,0.10899999737739563,0.10899999737739563,0.10899999737739563,0,0.0,0.0,0.0
2022-05-25 00:00:00+08:00,0.10899999737739563,0.10899999737739563,0.10899999737739563,0.10899999737739563,0,0.0,0.0,0.0
2022-05-26 00:00:00+08:00,0.10899999737739563,0.10899999737739563,0.10899999737739563,0.10899999737739563,0,0.0,0.0,0.0
2022-05-27 00:00:00+08:00,0.10999999940395355,0.10999999940395355,0.10999999940395355,0.10999999940395355,1900,0.0,0.0,0.0
2022-05-30 00:00:00+08:00,0.10999999940395355,0.10999999940395355,0.10999999940395355,0.10999999940395355,0,0.0,0.0,0.0
2022-05-31 00:00:00+08:00,0.10999999940395355,0.10999999940395355,0.10999999940395355,0.10999999940395355,0,0.0,0.0,0.0
2022-06-01 00:00:00+08:00,0.10999999940395355,0.10999999940395355,0.10999999940395355,0.10999999940395355,0,0.0,0.0,0.0
2022-06-02 00:00:00+08:00,0.10999999940395355,0.10999999940395355,0.10999999940395355,0.10999999940395355,0,0.0,0.0,0.0
2022-06-03 00:00:00+08:00,0.10999999940395355,0.10999999940395355,0.10999999940395355,0.10999999940395355,0,0.0,0.0,0.0
2022-06-06 00:00:00+08:00,0.10999999940395355,0.10999999940395355,0.10999999940395355,0.10999999940395355,0,0.0,0.0,0.0
2022-06-07 00:00:00+08:00,0.10999999940395355,0.10999999940395355,0.10999999940395355,0.10999999940395355,0,0.0,0.0,0.0
2022-06-08 00:00:00+08:00,0.10199999809265137,0.11299999803304672,0.08500000089406967,0.11299999803304672,21400,0.0,0.0,0.0
2022-06-09 00:00:00+08:00,0.08500000089406967,0.0989999994635582,0.07900000363588333,0.0989999994635582,236800,0.0,0.0,0.0
2022-06-10 00:00:00+08:00,0.0989999994635582,0.0989999994635582,0.0989999994635582,0.0989999994635582,0,0.0,0.0,0.0
2022-06-13 00:00:00+08:00,0.0949999988079071,0.0949999988079071,0.0949999988079071,0.0949999988079071,1500,0.0,0.0,0.0
2022-06-14 00:00:00+08:00,0.0949999988079071,0.0949999988079071,0.0949999988079071,0.0949999988079071,0,0.0,0.0,0.0
2022-06-15 00:00:00+08:00,0.0949999988079071,0.0949999988079071,0.0949999988079071,0.0949999988079071,0,0.0,0.0,0.0
2022-06-16 00:00:00+08:00,0.0949999988079071,0.0949999988079071,0.0949999988079071,0.0949999988079071,0,0.0,0.0,0.0
2022-06-17 00:00:00+08:00,0.07800000160932541,0.07800000160932541,0.07800000160932541,0.07800000160932541,300,0.0,0.0,0.0
2022-06-20 00:00:00+08:00,0.07900000363588333,0.09600000083446503,0.07900000363588333,0.09600000083446503,1000,0.0,0.0,0.0
2022-06-21 00:00:00+08:00,0.09600000083446503,0.09600000083446503,0.09600000083446503,0.09600000083446503,0,0.0,0.0,0.0
2022-06-22 00:00:00+08:00,0.09600000083446503,0.09600000083446503,0.09600000083446503,0.09600000083446503,0,0.0,0.0,0.0
2022-06-23 00:00:00+08:00,0.09600000083446503,0.09600000083446503,0.09600000083446503,0.09600000083446503,0,0.0,0.0,0.0
2022-06-24 00:00:00+08:00,0.09600000083446503,0.09600000083446503,0.09600000083446503,0.09600000083446503,0,0.0,0.0,0.0
2022-06-27 00:00:00+08:00,0.09600000083446503,0.09600000083446503,0.09600000083446503,0.09600000083446503,0,0.0,0.0,0.0
2022-06-28 00:00:00+08:00,0.09600000083446503,0.09600000083446503,0.09600000083446503,0.09600000083446503,0,0.0,0.0,0.0
2022-06-29 00:00:00+08:00,0.07800000160932541,0.07800000160932541,0.07500000298023224,0.07500000298023224,100000,0.0,0.0,0.0
2022-06-30 00:00:00+08:00,0.09099999815225601,0.09099999815225601,0.09099999815225601,0.09099999815225601,500,0.0,0.0,0.0
2022-07-01 00:00:00+08:00,0.09099999815225601,0.09099999815225601,0.09099999815225601,0.09099999815225601,0,0.0,0.0,0.0
2022-07-04 00:00:00+08:00,0.09000000357627869,0.09000000357627869,0.09000000357627869,0.09000000357627869,500,0.0,0.0,0.0
2022-07-05 00:00:00+08:00,0.09000000357627869,0.09000000357627869,0.08500000089406967,0.08500000089406967,6400,0.0,0.0,0.0
2022-07-06 00:00:00+08:00,0.08500000089406967,0.08500000089406967,0.08500000089406967,0.08500000089406967,0,0.0,0.0,0.0
2022-07-07 00:00:00+08:00,0.08500000089406967,0.08500000089406967,0.08500000089406967,0.08500000089406967,0,0.0,0.0,0.0
2022-07-08 00:00:00+08:00,0.08500000089406967,0.08500000089406967,0.08500000089406967,0.08500000089406967,0,0.0,0.0,0.0
2022-07-12 00:00:00+08:00,0.08500000089406967,0.08500000089406967,0.08500000089406967,0.08500000089406967,0,0.0,0.0,0.0
2022-07-13 00:00:00+08:00,0.08500000089406967,0.08500000089406967,0.08500000089406967,0.08500000089406967,0,0.0,0.0,0.0
2022-07-14 00:00:00+08:00,0.08500000089406967,0.08500000089406967,0.08500000089406967,0.08500000089406967,0,0.0,0.0,0.0
2022-07-15 00:00:00+08:00,0.08500000089406967,0.08500000089406967,0.08500000089406967,0.08500000089406967,0,0.0,0.0,0.0
2022-07-18 00:00:00+08:00,0.08500000089406967,0.08500000089406967,0.08500000089406967,0.08500000089406967,0,0.0,0.0,0.0
2022-07-19 00:00:00+08:00,0.08500000089406967,0.08500000089406967,0.08500000089406967,0.08500000089406967,0,0.0,0.0,0.0
2022-07-20 00:00:00+08:00,0.08500000089406967,0.08500000089406967,0.08500000089406967,0.08500000089406967,0,0.0,0.0,0.0
2022-07-21 00:00:00+08:00,0.08500000089406967,0.08500000089406967,0.08500000089406967,0.08500000089406967,0,0.0,0.0,0.0
2022-07-22 00:00:00+08:00,0.08500000089406967,0.08500000089406967,0.08500000089406967,0.08500000089406967,0,0.0,0.0,0.0
2022-07-25 00:00:00+08:00,0.08500000089406967,0.08500000089406967,0.08500000089406967,0.08500000089406967,0,0.0,0.0,0.0
2022-07-26 00:00:00+08:00,0.08500000089406967,0.08500000089406967,0.08500000089406967,0.08500000089406967,0,0.0,0.0,0.0
2022-07-27 00:00:00+08:00,0.08500000089406967,0.08500000089406967,0.08500000089406967,0.08500000089406967,0,0.0,0.0,0.0
2022-07-28 00:00:00+08:00,0.08500000089406967,0.08500000089406967,0.08500000089406967,0.08500000089406967,0,0.0,0.0,0.0
2022-07-29 00:00:00+08:00,0.08500000089406967,0.08500000089406967,0.08500000089406967,0.08500000089406967,0,0.0,0.0,0.0
2022-08-01 00:00:00+08:00,0.08500000089406967,0.08500000089406967,0.08500000089406967,0.08500000089406967,0,0.0,0.0,0.0
2022-08-02 00:00:00+08:00,0.08500000089406967,0.08500000089406967,0.08500000089406967,0.08500000089406967,0,0.0,0.0,0.0
2022-08-03 00:00:00+08:00,0.08500000089406967,0.08500000089406967,0.08500000089406967,0.08500000089406967,0,0.0,0.0,0.0
2022-08-04 00:00:00+08:00,0.08500000089406967,0.08500000089406967,0.08500000089406967,0.08500000089406967,0,0.0,0.0,0.0
2022-08-05 00:00:00+08:00,0.08500000089406967,0.08500000089406967,0.08500000089406967,0.08500000089406967,0,0.0,0.0,0.0
2022-08-08 00:00:00+08:00,0.08500000089406967,0.08500000089406967,0.08500000089406967,0.08500000089406967,0,0.0,0.0,0.0
2022-08-10 00:00:00+08:00,0.08500000089406967,0.08500000089406967,0.08500000089406967,0.08500000089406967,0,0.0,0.0,0.0
2022-08-11 00:00:00+08:00,0.08500000089406967,0.08500000089406967,0.08500000089406967,0.08500000089406967,0,0.0,0.0,0.0
2022-08-12 00:00:00+08:00,0.08500000089406967,0.08500000089406967,0.08500000089406967,0.08500000089406967,0,0.0,0.0,0.0
2022-08-15 00:00:00+08:00,0.08500000089406967,0.08500000089406967,0.08500000089406967,0.08500000089406967,0,0.0,0.0,0.0
2022-08-16 00:00:00+08:00,0.08500000089406967,0.08500000089406967,0.08500000089406967,0.08500000089406967,0,0.0,0.0,0.0
2022-08-17 00:00:00+08:00,0.08500000089406967,0.08500000089406967,0.08500000089406967,0.08500000089406967,0,0.0,0.0,0.0
2022-08-18 00:00:00+08:00,0.08500000089406967,0.08500000089406967,0.08500000089406967,0.08500000089406967,0,0.0,0.0,0.0
2022-08-19 00:00:00+08:00,0.08500000089406967,0.08500000089406967,0.08500000089406967,0.08500000089406967,0,0.0,0.0,0.0
2022-08-22 00:00:00+08:00,0.08500000089406967,0.08500000089406967,0.08500000089406967,0.08500000089406967,0,0.0,0.0,0.0
2022-08-23 00:00:00+08:00,0.08500000089406967,0.08500000089406967,0.08500000089406967,0.08500000089406967,0,0.0,0.0,0.0
2022-08-24 00:00:00+08:00,0.09000000357627869,0.09200000017881393,0.09000000357627869,0.09200000017881393,80400,0.0,0.0,0.0
2022-08-25 00:00:00+08:00,0.09200000017881393,0.09200000017881393,0.09200000017881393,0.09200000017881393,0,0.0,0.0,0.0
2022-08-26 00:00:00+08:00,0.09200000017881393,0.09200000017881393,0.09200000017881393,0.09200000017881393,0,0.0,0.0,0.0
2022-08-29 00:00:00+08:00,0.09200000017881393,0.09200000017881393,0.09200000017881393,0.09200000017881393,0,0.0,0.0,0.0
2022-08-30 00:00:00+08:00,0.09200000017881393,0.09200000017881393,0.09200000017881393,0.09200000017881393,0,0.0,0.0,0.0
2022-08-31 00:00:00+08:00,0.09099999815225601,0.09799999743700027,0.09099999815225601,0.09799999743700027,3100,0.0,0.0,0.0
2022-09-01 00:00:00+08:00,0.09799999743700027,0.09799999743700027,0.09799999743700027,0.09799999743700027,0,0.0,0.0,0.0
2022-09-02 00:00:00+08:00,0.09799999743700027,0.09799999743700027,0.09799999743700027,0.09799999743700027,0,0.0,0.0,0.0
2022-09-05 00:00:00+08:00,0.09300000220537186,0.09300000220537186,0.09300000220537186,0.09300000220537186,18600,0.0,0.0,0.0
2022-09-06 00:00:00+08:00,0.09200000017881393,0.09200000017881393,0.09200000017881393,0.09200000017881393,800,0.0,0.0,0.0
2022-09-07 00:00:00+08:00,0.09200000017881393,0.09200000017881393,0.09200000017881393,0.09200000017881393,0,0.0,0.0,0.0
2022-09-08 00:00:00+08:00,0.09200000017881393,0.09200000017881393,0.09200000017881393,0.09200000017881393,0,0.0,0.0,0.0
2022-09-09 00:00:00+08:00,0.09200000017881393,0.09200000017881393,0.09200000017881393,0.09200000017881393,0,0.0,0.0,0.0
2022-09-12 00:00:00+08:00,0.09200000017881393,0.09200000017881393,0.09200000017881393,0.09200000017881393,0,0.0,0.0,0.0
2022-09-13 00:00:00+08:00,0.09200000017881393,0.09200000017881393,0.09200000017881393,0.09200000017881393,0,0.0,0.0,0.0
2022-09-14 00:00:00+08:00,0.09200000017881393,0.09200000017881393,0.09200000017881393,0.09200000017881393,0,0.0,0.0,0.0
2022-09-15 00:00:00+08:00,0.08500000089406967,0.09200000017881393,0.08500000089406967,0.09200000017881393,150000,0.0,0.0,0.0
2022-09-16 00:00:00+08:00,0.09200000017881393,0.09200000017881393,0.09200000017881393,0.09200000017881393,0,0.0,0.0,0.0
2022-09-19 00:00:00+08:00,0.09200000017881393,0.09200000017881393,0.09200000017881393,0.09200000017881393,0,0.0,0.0,0.0
2022-09-20 00:00:00+08:00,0.09000000357627869,0.09000000357627869,0.09000000357627869,0.09000000357627869,73000,0.0,0.0,0.0
2022-09-21 00:00:00+08:00,0.09000000357627869,0.09000000357627869,0.09000000357627869,0.09000000357627869,0,0.0,0.0,0.0
2022-09-22 00:00:00+08:00,0.09799999743700027,0.09799999743700027,0.09799999743700027,0.09799999743700027,100,0.0,0.0,0.0
2022-09-23 00:00:00+08:00,0.09799999743700027,0.09799999743700027,0.09799999743700027,0.09799999743700027,0,0.0,0.0,0.0
2022-09-26 00:00:00+08:00,0.09799999743700027,0.09799999743700027,0.09799999743700027,0.09799999743700027,0,0.0,0.0,0.0
2022-09-27 00:00:00+08:00,0.09799999743700027,0.09799999743700027,0.09799999743700027,0.09799999743700027,0,0.0,0.0,0.0
2022-09-28 00:00:00+08:00,0.09799999743700027,0.09799999743700027,0.09799999743700027,0.09799999743700027,0,0.0,0.0,0.0
2022-09-29 00:00:00+08:00,0.09799999743700027,0.09799999743700027,0.09799999743700027,0.09799999743700027,0,0.0,0.0,0.0
2022-09-30 00:00:00+08:00,0.09799999743700027,0.09799999743700027,0.09799999743700027,0.09799999743700027,300,0.0,0.0,0.0
2022-10-03 00:00:00+08:00,0.09799999743700027,0.09799999743700027,0.09799999743700027,0.09799999743700027,0,0.0,0.0,0.0
2022-10-04 00:00:00+08:00,0.09799999743700027,0.09799999743700027,0.09799999743700027,0.09799999743700027,0,0.0,0.0,0.0
2022-10-05 00:00:00+08:00,0.09799999743700027,0.09799999743700027,0.09799999743700027,0.09799999743700027,0,0.0,0.0,0.0
2022-10-06 00:00:00+08:00,0.09799999743700027,0.09799999743700027,0.09799999743700027,0.09799999743700027,0,0.0,0.0,0.0
2022-10-07 00:00:00+08:00,0.09799999743700027,0.09799999743700027,0.09799999743700027,0.09799999743700027,0,0.0,0.0,0.0
2022-10-10 00:00:00+08:00,0.09799999743700027,0.09799999743700027,0.09799999743700027,0.09799999743700027,0,0.0,0.0,0.0
2022-10-11 00:00:00+08:00,0.09799999743700027,0.09799999743700027,0.09799999743700027,0.09799999743700027,0,0.0,0.0,0.0
2022-10-12 00:00:00+08:00,0.09799999743700027,0.09799999743700027,0.09799999743700027,0.09799999743700027,0,0.0,0.0,0.0
2022-10-13 00:00:00+08:00,0.09799999743700027,0.09799999743700027,0.09799999743700027,0.09799999743700027,0,0.0,0.0,0.0
2022-10-14 00:00:00+08:00,0.09799999743700027,0.09799999743700027,0.09799999743700027,0.09799999743700027,0,0.0,0.0,0.0
2022-10-17 00:00:00+08:00,0.09799999743700027,0.12399999797344208,0.09799999743700027,0.10700000077486038,3000,0.0,0.0,0.0
2022-10-18 00:00:00+08:00,0.10700000077486038,0.1080000028014183,0.10700000077486038,0.1080000028014183,200,0.0,0.0,0.0
2022-10-19 00:00:00+08:00,0.1080000028014183,0.1080000028014183,0.1080000028014183,0.1080000028014183,0,0.0,0.0,0.0
2022-10-20 00:00:00+08:00,0.1080000028014183,0.1080000028014183,0.1080000028014183,0.1080000028014183,0,0.0,0.0,0.0
2022-10-21 00:00:00+08:00,0.1080000028014183,0.1080000028014183,0.1080000028014183,0.1080000028014183,0,0.0,0.0,0.0
2022-10-25 00:00:00+08:00,0.1080000028014183,0.1080000028014183,0.09700000286102295,0.09700000286102295,49700,0.0,0.0,0.0
2022-10-26 00:00:00+08:00,0.09799999743700027,0.09799999743700027,0.09799999743700027,0.09799999743700027,80900,0.0,0.0,0.0
2022-10-27 00:00:00+08:00,0.11900000274181366,0.11900000274181366,0.11500000208616257,0.11800000071525574,500500,0.0,0.0,0.0
2022-10-28 00:00:00+08:00,0.11800000071525574,0.11800000071525574,0.11800000071525574,0.11800000071525574,300,0.0,0.0,0.0
2022-10-31 00:00:00+08:00,0.10000000149011612,0.10000000149011612,0.09099999815225601,0.09099999815225601,93300,0.0,0.0,0.0
2022-11-01 00:00:00+08:00,0.11100000143051147,0.11100000143051147,0.10300000011920929,0.10400000214576721,17100,0.0,0.0,0.0
2022-11-02 00:00:00+08:00,0.10499999672174454,0.10899999737739563,0.09300000220537186,0.10000000149011612,55400,0.0,0.0,0.0
2022-11-03 00:00:00+08:00,0.0989999994635582,0.0989999994635582,0.0989999994635582,0.0989999994635582,50000,0.0,0.0,0.0
2022-11-04 00:00:00+08:00,0.11699999868869781,0.11800000071525574,0.11699999868869781,0.11800000071525574,3000,0.0,0.0,0.0
2022-11-07 00:00:00+08:00,0.11800000071525574,0.11800000071525574,0.11800000071525574,0.11800000071525574,0,0.0,0.0,0.0
2022-11-08 00:00:00+08:00,0.11800000071525574,0.11800000071525574,0.11800000071525574,0.11800000071525574,0,0.0,0.0,0.0
2022-11-09 00:00:00+08:00,0.11800000071525574,0.11800000071525574,0.11800000071525574,0.11800000071525574,0,0.0,0.0,0.0
2022-11-10 00:00:00+08:00,0.11500000208616257,0.11999999731779099,0.11500000208616257,0.11999999731779099,3200,0.0,0.0,0.0
2022-11-11 00:00:00+08:00,0.09200000017881393,0.11900000274181366,0.09200000017881393,0.11900000274181366,5100,0.0,0.0,0.0
2022-11-14 00:00:00+08:00,0.11800000071525574,0.11999999731779099,0.11800000071525574,0.11999999731779099,30700,0.0,0.0,0.0
2022-11-15 00:00:00+08:00,0.11999999731779099,0.11999999731779099,0.11999999731779099,0.11999999731779099,0,0.0,0.0,0.0
2022-11-16 00:00:00+08:00,0.11999999731779099,0.11999999731779099,0.11999999731779099,0.11999999731779099,1100,0.0,0.0,0.0
2022-11-17 00:00:00+08:00,0.11999999731779099,0.11999999731779099,0.11999999731779099,0.11999999731779099,0,0.0,0.0,0.0
2022-11-18 00:00:00+08:00,0.11999999731779099,0.11999999731779099,0.11999999731779099,0.11999999731779099,0,0.0,0.0,0.0
2022-11-21 00:00:00+08:00,0.09200000017881393,0.09200000017881393,0.09200000017881393,0.09200000017881393,100,0.0,0.0,0.0
2022-11-22 00:00:00+08:00,0.09200000017881393,0.09200000017881393,0.09200000017881393,0.09200000017881393,0,0.0,0.0,0.0
2022-11-23 00:00:00+08:00,0.09200000017881393,0.09200000017881393,0.09200000017881393,0.09200000017881393,0,0.0,0.0,0.0
2022-11-24 00:00:00+08:00,0.09200000017881393,0.09200000017881393,0.09200000017881393,0.09200000017881393,0,0.0,0.0,0.0
2022-11-25 00:00:00+08:00,0.10999999940395355,0.10999999940395355,0.10999999940395355,0.10999999940395355,100100,0.0,0.0,0.0
2022-11-28 00:00:00+08:00,0.10999999940395355,0.11999999731779099,0.10999999940395355,0.11999999731779099,280200,0.0,0.0,0.0
2022-11-29 00:00:00+08:00,0.11999999731779099,0.11999999731779099,0.11999999731779099,0.11999999731779099,0,0.0,0.0,0.0
2022-11-30 00:00:00+08:00,0.09200000017881393,0.09200000017881393,0.09099999815225601,0.09099999815225601,10000,0.0,0.0,0.0
2022-12-01 00:00:00+08:00,0.09099999815225601,0.09099999815225601,0.09099999815225601,0.09099999815225601,0,0.0,0.0,0.0
2022-12-02 00:00:00+08:00,0.10899999737739563,0.11400000005960464,0.10899999737739563,0.11400000005960464,113500,0.0,0.0,0.0
2022-12-05 00:00:00+08:00,0.11400000005960464,0.11400000005960464,0.11400000005960464,0.11400000005960464,0,0.0,0.0,0.0
2022-12-06 00:00:00+08:00,0.11100000143051147,0.11999999731779099,0.11100000143051147,0.11999999731779099,300000,0.0,0.0,0.0
2022-12-07 00:00:00+08:00,0.11999999731779099,0.11999999731779099,0.11999999731779099,0.11999999731779099,0,0.0,0.0,0.0
2022-12-08 00:00:00+08:00,0.11999999731779099,0.11999999731779099,0.11999999731779099,0.11999999731779099,0,0.0,0.0,0.0
2022-12-09 00:00:00+08:00,0.11999999731779099,0.11999999731779099,0.11999999731779099,0.11999999731779099,0,0.0,0.0,0.0
2022-12-12 00:00:00+08:00,0.11999999731779099,0.11999999731779099,0.11999999731779099,0.11999999731779099,0,0.0,0.0,0.0
2022-12-13 00:00:00+08:00,0.11999999731779099,0.11999999731779099,0.11999999731779099,0.11999999731779099,0,0.0,0.0,0.0
2022-12-14 00:00:00+08:00,0.11999999731779099,0.11999999731779099,0.11999999731779099,0.11999999731779099,0,0.0,0.0,0.0
2022-12-15 00:00:00+08:00,0.11999999731779099,0.11999999731779099,0.11999999731779099,0.11999999731779099,0,0.0,0.0,0.0
2022-12-16 00:00:00+08:00,0.11999999731779099,0.11999999731779099,0.11999999731779099,0.11999999731779099,0,0.0,0.0,0.0
2022-12-19 00:00:00+08:00,0.11999999731779099,0.11999999731779099,0.11999999731779099,0.11999999731779099,0,0.0,0.0,0.0
2022-12-20 00:00:00+08:00,0.11999999731779099,0.11999999731779099,0.11999999731779099,0.11999999731779099,0,0.0,0.0,0.0
2022-12-21 00:00:00+08:00,0.11999999731779099,0.11999999731779099,0.11999999731779099,0.11999999731779099,0,0.0,0.0,0.0
2022-12-22 00:00:00+08:00,0.11999999731779099,0.11999999731779099,0.11999999731779099,0.11999999731779099,0,0.0,0.0,0.0
2022-12-23 00:00:00+08:00,0.11999999731779099,0.11999999731779099,0.11999999731779099,0.11999999731779099,0,0.0,0.0,0.0
2022-12-27 00:00:00+08:00,0.11999999731779099,0.11999999731779099,0.11999999731779099,0.11999999731779099,0,0.0,0.0,0.0
2022-12-28 00:00:00+08:00,0.11999999731779099,0.11999999731779099,0.11999999731779099,0.11999999731779099,0,0.0,0.0,0.0
2022-12-29 00:00:00+08:00,0.10300000011920929,0.10300000011920929,0.10300000011920929,0.10300000011920929,1000,0.0,0.0,0.0
2022-12-30 00:00:00+08:00,0.10300000011920929,0.10300000011920929,0.09399999678134918,0.09399999678134918,59100,0.0,0.0,0.0
2023-01-03 00:00:00+08:00,0.09399999678134918,0.09399999678134918,0.09200000017881393,0.09200000017881393,23300,0.0,0.0,0.0
2023-01-04 00:00:00+08:00,0.09200000017881393,0.09200000017881393,0.09200000017881393,0.09200000017881393,0,0.0,0.0,0.0
2023-01-05 00:00:00+08:00,0.09200000017881393,0.09200000017881393,0.09200000017881393,0.09200000017881393,0,0.0,0.0,0.0
2023-01-06 00:00:00+08:00,0.09200000017881393,0.09200000017881393,0.09200000017881393,0.09200000017881393,0,0.0,0.0,0.0
2023-01-09 00:00:00+08:00,0.09200000017881393,0.09200000017881393,0.09200000017881393,0.09200000017881393,0,0.0,0.0,0.0
2023-01-10 00:00:00+08:00,0.09200000017881393,0.09200000017881393,0.09200000017881393,0.09200000017881393,0,0.0,0.0,0.0
2023-01-11 00:00:00+08:00,0.09200000017881393,0.09200000017881393,0.09200000017881393,0.09200000017881393,0,0.0,0.0,0.0
2023-01-12 00:00:00+08:00,0.10300000011920929,0.10300000011920929,0.10300000011920929,0.10300000011920929,100,0.0,0.0,0.0
2023-01-13 00:00:00+08:00,0.09200000017881393,0.10199999809265137,0.09099999815225601,0.10199999809265137,99100,0.0,0.0,0.0
2023-01-16 00:00:00+08:00,0.10199999809265137,0.10199999809265137,0.10199999809265137,0.10199999809265137,0,0.0,0.0,0.0
2023-01-17 00:00:00+08:00,0.10199999809265137,0.10199999809265137,0.10199999809265137,0.10199999809265137,0,0.0,0.0,0.0
2023-01-18 00:00:00+08:00,0.10199999809265137,0.10199999809265137,0.10199999809265137,0.10199999809265137,0,0.0,0.0,0.0
2023-01-19 00:00:00+08:00,0.10199999809265137,0.10199999809265137,0.10199999809265137,0.10199999809265137,0,0.0,0.0,0.0
2023-01-20 00:00:00+08:00,0.10199999809265137,0.10199999809265137,0.10199999809265137,0.10199999809265137,0,0.0,0.0,0.0
2023-01-25 00:00:00+08:00,0.10199999809265137,0.10199999809265137,0.10199999809265137,0.10199999809265137,0,0.0,0.0,0.0
2023-01-26 00:00:00+08:00,0.10199999809265137,0.10199999809265137,0.10199999809265137,0.10199999809265137,0,0.0,0.0,0.0
2023-01-27 00:00:00+08:00,0.10199999809265137,0.10199999809265137,0.10199999809265137,0.10199999809265137,0,0.0,0.0,0.0
2023-01-30 00:00:00+08:00,0.10199999809265137,0.10199999809265137,0.10199999809265137,0.10199999809265137,0,0.0,0.0,0.0
2023-01-31 00:00:00+08:00,0.10100000351667404,0.10199999809265137,0.10100000351667404,0.10100000351667404,136800,0.0,0.0,0.0
2023-02-01 00:00:00+08:00,0.10100000351667404,0.10100000351667404,0.10100000351667404,0.10100000351667404,0,0.0,0.0,0.0
2023-02-02 00:00:00+08:00,0.10100000351667404,0.10100000351667404,0.10100000351667404,0.10100000351667404,0,0.0,0.0,0.0
2023-02-03 00:00:00+08:00,0.10100000351667404,0.10100000351667404,0.10100000351667404,0.10100000351667404,0,0.0,0.0,0.0
2023-02-06 00:00:00+08:00,0.10100000351667404,0.10100000351667404,0.10100000351667404,0.10100000351667404,100,0.0,0.0,0.0
2023-02-07 00:00:00+08:00,0.10100000351667404,0.10100000351667404,0.10100000351667404,0.10100000351667404,0,0.0,0.0,0.0
2023-02-08 00:00:00+08:00,0.10100000351667404,0.10100000351667404,0.10100000351667404,0.10100000351667404,0,0.0,0.0,0.0
2023-02-09 00:00:00+08:00,0.10100000351667404,0.10100000351667404,0.10100000351667404,0.10100000351667404,0,0.0,0.0,0.0
2023-02-10 00:00:00+08:00,0.10000000149011612,0.10100000351667404,0.10000000149011612,0.10000000149011612,300000,0.0,0.0,0.0
2023-02-13 00:00:00+08:00,0.10000000149011612,0.10000000149011612,0.10000000149011612,0.10000000149011612,0,0.0,0.0,0.0
2023-02-14 00:00:00+08:00,0.09300000220537186,0.10899999737739563,0.09300000220537186,0.10700000077486038,10200,0.0,0.0,0.0
2023-02-15 00:00:00+08:00,0.10700000077486038,0.10700000077486038,0.10700000077486038,0.10700000077486038,0,0.0,0.0,0.0
2023-02-16 00:00:00+08:00,0.10700000077486038,0.10700000077486038,0.10700000077486038,0.10700000077486038,0,0.0,0.0,0.0
2023-02-17 00:00:00+08:00,0.09200000017881393,0.10899999737739563,0.09000000357627869,0.09200000017881393,400800,0.0,0.0,0.0
2023-02-20 00:00:00+08:00,0.10000000149011612,0.10499999672174454,0.10000000149011612,0.10499999672174454,303800,0.0,0.0,0.0
2023-02-21 00:00:00+08:00,0.10499999672174454,0.10499999672174454,0.10499999672174454,0.10499999672174454,0,0.0,0.0,0.0
2023-02-22 00:00:00+08:00,0.10499999672174454,0.10499999672174454,0.10499999672174454,0.10499999672174454,0,0.0,0.0,0.0
2023-02-23 00:00:00+08:00,0.10499999672174454,0.10499999672174454,0.10499999672174454,0.10499999672174454,0,0.0,0.0,0.0
2023-02-24 00:00:00+08:00,0.10499999672174454,0.10499999672174454,0.10499999672174454,0.10499999672174454,0,0.0,0.0,0.0
2023-02-27 00:00:00+08:00,0.10499999672174454,0.10499999672174454,0.10499999672174454,0.10499999672174454,0,0.0,0.0,0.0
2023-02-28 00:00:00+08:00,0.10499999672174454,0.10499999672174454,0.10499999672174454,0.10499999672174454,0,0.0,0.0,0.0
2023-03-01 00:00:00+08:00,0.10499999672174454,0.10499999672174454,0.10499999672174454,0.10499999672174454,100,0.0,0.0,0.0
2023-03-02 00:00:00+08:00,0.10499999672174454,0.10499999672174454,0.10499999672174454,0.10499999672174454,0,0.0,0.0,0.0
2023-03-03 00:00:00+08:00,0.10499999672174454,0.10499999672174454,0.10499999672174454,0.10499999672174454,0,0.0,0.0,0.0
2023-03-06 00:00:00+08:00,0.10499999672174454,0.10499999672174454,0.10499999672174454,0.10499999672174454,0,0.0,0.0,0.0
2023-03-07 00:00:00+08:00,0.10499999672174454,0.10499999672174454,0.10499999672174454,0.10499999672174454,0,0.0,0.0,0.0
2023-03-08 00:00:00+08:00,0.10499999672174454,0.10499999672174454,0.10499999672174454,0.10499999672174454,0,0.0,0.0,0.0
2023-03-09 00:00:00+08:00,0.10499999672174454,0.10499999672174454,0.10499999672174454,0.10499999672174454,0,0.0,0.0,0.0
2023-03-10 00:00:00+08:00,0.10499999672174454,0.10499999672174454,0.10499999672174454,0.10499999672174454,0,0.0,0.0,0.0
2023-03-13 00:00:00+08:00,0.10499999672174454,0.10499999672174454,0.10499999672174454,0.10499999672174454,0,0.0,0.0,0.0
2023-03-14 00:00:00+08:00,0.09200000017881393,0.10400000214576721,0.09200000017881393,0.10400000214576721,300,0.0,0.0,0.0
2023-03-15 00:00:00+08:00,0.10400000214576721,0.10400000214576721,0.10400000214576721,0.10400000214576721,0,0.0,0.0,0.0
2023-03-16 00:00:00+08:00,0.10400000214576721,0.10400000214576721,0.10400000214576721,0.10400000214576721,0,0.0,0.0,0.0
2023-03-17 00:00:00+08:00,0.10400000214576721,0.10400000214576721,0.10400000214576721,0.10400000214576721,0,0.0,0.0,0.0
2023-03-20 00:00:00+08:00,0.10400000214576721,0.10400000214576721,0.10400000214576721,0.10400000214576721,0,0.0,0.0,0.0
2023-03-21 00:00:00+08:00,0.10400000214576721,0.10400000214576721,0.10400000214576721,0.10400000214576721,0,0.0,0.0,0.0
2023-03-22 00:00:00+08:00,0.10400000214576721,0.10400000214576721,0.10400000214576721,0.10400000214576721,100,0.0,0.0,0.0
2023-03-23 00:00:00+08:00,0.10400000214576721,0.10400000214576721,0.10400000214576721,0.10400000214576721,0,0.0,0.0,0.0
2023-03-24 00:00:00+08:00,0.10300000011920929,0.10300000011920929,0.10300000011920929,0.10300000011920929,100,0.0,0.0,0.0
2023-03-27 00:00:00+08:00,0.10300000011920929,0.10300000011920929,0.10300000011920929,0.10300000011920929,0,0.0,0.0,0.0
2023-03-28 00:00:00+08:00,0.10300000011920929,0.10300000011920929,0.10300000011920929,0.10300000011920929,0,0.0,0.0,0.0
2023-03-29 00:00:00+08:00,0.10000000149011612,0.10999999940395355,0.09000000357627869,0.10999999940395355,130100,0.0,0.0,0.0
2023-03-30 00:00:00+08:00,0.10999999940395355,0.10999999940395355,0.10999999940395355,0.10999999940395355,100000,0.0,0.0,0.0
2023-03-31 00:00:00+08:00,0.10999999940395355,0.1120000034570694,0.10999999940395355,0.1120000034570694,160800,0.0,0.0,0.0
2023-04-03 00:00:00+08:00,0.10999999940395355,0.1120000034570694,0.10999999940395355,0.1120000034570694,130800,0.0,0.0,0.0
2023-04-04 00:00:00+08:00,0.1120000034570694,0.1120000034570694,0.1120000034570694,0.1120000034570694,0,0.0,0.0,0.0
2023-04-05 00:00:00+08:00,0.11400000005960464,0.11500000208616257,0.11400000005960464,0.11500000208616257,1700,0.0,0.0,0.0
2023-04-06 00:00:00+08:00,0.11500000208616257,0.11500000208616257,0.11500000208616257,0.11500000208616257,0,0.0,0.0,0.0
2023-04-10 00:00:00+08:00,0.11299999803304672,0.11299999803304672,0.11299999803304672,0.11299999803304672,100000,0.0,0.0,0.0
2023-04-11 00:00:00+08:00,0.11299999803304672,0.11299999803304672,0.11299999803304672,0.11299999803304672,0,0.0,0.0,0.0
2023-04-12 00:00:00+08:00,0.11500000208616257,0.11500000208616257,0.11500000208616257,0.11500000208616257,150000,0.0,0.0,0.0
2023-04-13 00:00:00+08:00,0.11500000208616257,0.11500000208616257,0.11500000208616257,0.11500000208616257,0,0.0,0.0,0.0
2023-04-14 00:00:00+08:00,0.11500000208616257,0.11500000208616257,0.11500000208616257,0.11500000208616257,0,0.0,0.0,0.0
2023-04-17 00:00:00+08:00,0.11500000208616257,0.11500000208616257,0.11500000208616257,0.11500000208616257,0,0.0,0.0,0.0
2023-04-18 00:00:00+08:00,0.11500000208616257,0.11500000208616257,0.11500000208616257,0.11500000208616257,0,0.0,0.0,0.0
2023-04-19 00:00:00+08:00,0.11500000208616257,0.11500000208616257,0.11500000208616257,0.11500000208616257,0,0.0,0.0,0.0
2023-04-20 00:00:00+08:00,0.11500000208616257,0.11500000208616257,0.11500000208616257,0.11500000208616257,0,0.0,0.0,0.0
2023-04-21 00:00:00+08:00,0.11500000208616257,0.11500000208616257,0.11500000208616257,0.11500000208616257,0,0.0,0.0,0.0
2023-04-24 00:00:00+08:00,0.11500000208616257,0.11500000208616257,0.11500000208616257,0.11500000208616257,0,0.0,0.0,0.0
2023-04-25 00:00:00+08:00,0.11500000208616257,0.11500000208616257,0.11500000208616257,0.11500000208616257,0,0.0,0.0,0.0
2023-04-26 00:00:00+08:00,0.11500000208616257,0.11500000208616257,0.11500000208616257,0.11500000208616257,0,0.0,0.0,0.0
2023-04-27 00:00:00+08:00,0.11500000208616257,0.11500000208616257,0.11500000208616257,0.11500000208616257,0,0.0,0.0,0.0
2023-04-28 00:00:00+08:00,0.11500000208616257,0.11500000208616257,0.11500000208616257,0.11500000208616257,0,0.0,0.0,0.0
2023-05-02 00:00:00+08:00,0.11500000208616257,0.11500000208616257,0.11500000208616257,0.11500000208616257,0,0.0,0.0,0.0
2023-05-03 00:00:00+08:00,0.11500000208616257,0.11500000208616257,0.11500000208616257,0.11500000208616257,0,0.0,0.0,0.0
2023-05-04 00:00:00+08:00,0.11500000208616257,0.11500000208616257,0.11500000208616257,0.11500000208616257,0,0.0,0.0,0.0
2023-05-05 00:00:00+08:00,0.11500000208616257,0.11500000208616257,0.11500000208616257,0.11500000208616257,0,0.0,0.0,0.0
2023-05-08 00:00:00+08:00,0.11999999731779099,0.11999999731779099,0.11999999731779099,0.11999999731779099,144500,0.0,0.0,0.0
2023-05-09 00:00:00+08:00,0.09600000083446503,0.11599999666213989,0.09600000083446503,0.11599999666213989,7900,0.0,0.0,0.0
2023-05-10 00:00:00+08:00,0.11599999666213989,0.11599999666213989,0.11599999666213989,0.11599999666213989,0,0.0,0.0,0.0
2023-05-11 00:00:00+08:00,0.11599999666213989,0.11599999666213989,0.11599999666213989,0.11599999666213989,0,0.0,0.0,0.0
2023-05-12 00:00:00+08:00,0.09600000083446503,0.11100000143051147,0.09600000083446503,0.11100000143051147,44700,0.0,0.0,0.0
2023-05-15 00:00:00+08:00,0.11100000143051147,0.11100000143051147,0.11100000143051147,0.11100000143051147,0,0.0,0.0,0.0
2023-05-16 00:00:00+08:00,0.11100000143051147,0.11100000143051147,0.11100000143051147,0.11100000143051147,0,0.0,0.0,0.0
2023-05-17 00:00:00+08:00,0.11100000143051147,0.11100000143051147,0.11100000143051147,0.11100000143051147,0,0.0,0.0,0.0
2023-05-18 00:00:00+08:00,0.11100000143051147,0.11100000143051147,0.11100000143051147,0.11100000143051147,0,0.0,0.0,0.0
2023-05-19 00:00:00+08:00,0.11100000143051147,0.11100000143051147,0.11100000143051147,0.11100000143051147,0,0.0,0.0,0.0
2023-05-22 00:00:00+08:00,0.11100000143051147,0.11100000143051147,0.11100000143051147,0.11100000143051147,0,0.0,0.0,0.0
2023-05-23 00:00:00+08:00,0.11100000143051147,0.11100000143051147,0.11100000143051147,0.11100000143051147,0,0.0,0.0,0.0
2023-05-24 00:00:00+08:00,0.11100000143051147,0.11100000143051147,0.11100000143051147,0.11100000143051147,0,0.0,0.0,0.0
2023-05-25 00:00:00+08:00,0.11100000143051147,0.11100000143051147,0.11100000143051147,0.11100000143051147,0,0.0,0.0,0.0
2023-05-26 00:00:00+08:00,0.11100000143051147,0.11100000143051147,0.11100000143051147,0.11100000143051147,0,0.0,0.0,0.0
2023-05-29 00:00:00+08:00,0.11100000143051147,0.11100000143051147,0.11100000143051147,0.11100000143051147,0,0.0,0.0,0.0
2023-05-30 00:00:00+08:00,0.11100000143051147,0.11100000143051147,0.11100000143051147,0.11100000143051147,0,0.0,0.0,0.0
2023-05-31 00:00:00+08:00,0.11100000143051147,0.11100000143051147,0.11100000143051147,0.11100000143051147,0,0.0,0.0,0.0
2023-06-01 00:00:00+08:00,0.11100000143051147,0.11100000143051147,0.11100000143051147,0.11100000143051147,0,0.0,0.0,0.0
2023-06-05 00:00:00+08:00,0.11100000143051147,0.11100000143051147,0.11100000143051147,0.11100000143051147,0,0.0,0.0,0.0
2023-06-06 00:00:00+08:00,0.11100000143051147,0.11100000143051147,0.11100000143051147,0.11100000143051147,0,0.0,0.0,0.0
2023-06-07 00:00:00+08:00,0.11100000143051147,0.11100000143051147,0.11100000143051147,0.11100000143051147,0,0.0,0.0,0.0
2023-06-08 00:00:00+08:00,0.11100000143051147,0.11100000143051147,0.11100000143051147,0.11100000143051147,0,0.0,0.0,0.0
2023-06-09 00:00:00+08:00,0.11100000143051147,0.11100000143051147,0.11100000143051147,0.11100000143051147,0,0.0,0.0,0.0
2023-06-12 00:00:00+08:00,0.11100000143051147,0.11100000143051147,0.11100000143051147,0.11100000143051147,0,0.0,0.0,0.0
2023-06-13 00:00:00+08:00,0.11100000143051147,0.11100000143051147,0.11100000143051147,0.11100000143051147,0,0.0,0.0,0.0
2023-06-14 00:00:00+08:00,0.11100000143051147,0.11100000143051147,0.11100000143051147,0.11100000143051147,0,0.0,0.0,0.0
2023-06-15 00:00:00+08:00,0.11100000143051147,0.11100000143051147,0.11100000143051147,0.11100000143051147,0,0.0,0.0,0.0
2023-06-16 00:00:00+08:00,0.11100000143051147,0.11100000143051147,0.11100000143051147,0.11100000143051147,0,0.0,0.0,0.0
2023-06-19 00:00:00+08:00,0.11100000143051147,0.11100000143051147,0.11100000143051147,0.11100000143051147,0,0.0,0.0,0.0
2023-06-20 00:00:00+08:00,0.11100000143051147,0.11100000143051147,0.11100000143051147,0.11100000143051147,0,0.0,0.0,0.0
2023-06-21 00:00:00+08:00,0.11100000143051147,0.11100000143051147,0.11100000143051147,0.11100000143051147,0,0.0,0.0,0.0
2023-06-22 00:00:00+08:00,0.11100000143051147,0.11100000143051147,0.11100000143051147,0.11100000143051147,0,0.0,0.0,0.0
2023-06-23 00:00:00+08:00,0.11100000143051147,0.11100000143051147,0.11100000143051147,0.11100000143051147,0,0.0,0.0,0.0
2023-06-26 00:00:00+08:00,0.11100000143051147,0.11100000143051147,0.11100000143051147,0.11100000143051147,0,0.0,0.0,0.0
2023-06-27 00:00:00+08:00,0.11100000143051147,0.11100000143051147,0.11100000143051147,0.11100000143051147,0,0.0,0.0,0.0
2023-06-28 00:00:00+08:00,0.11100000143051147,0.11100000143051147,0.11100000143051147,0.11100000143051147,0,0.0,0.0,0.0
2023-06-30 00:00:00+08:00,0.11100000143051147,0.11100000143051147,0.11100000143051147,0.11100000143051147,0,0.0,0.0,0.0
2023-07-03 00:00:00+08:00,0.11100000143051147,0.11100000143051147,0.11100000143051147,0.11100000143051147,0,0.0,0.0,0.0
2023-07-04 00:00:00+08:00,0.11100000143051147,0.11100000143051147,0.11100000143051147,0.11100000143051147,0,0.0,0.0,0.0
2023-07-05 00:00:00+08:00,0.11100000143051147,0.11100000143051147,0.11100000143051147,0.11100000143051147,0,0.0,0.0,0.0
2023-07-06 00:00:00+08:00,0.11100000143051147,0.11100000143051147,0.11100000143051147,0.11100000143051147,0,0.0,0.0,0.0
2023-07-07 00:00:00+08:00,0.10499999672174454,0.11500000208616257,0.10499999672174454,0.11100000143051147,50100,0.0,0.0,0.0
2023-07-10 00:00:00+08:00,0.10599999874830246,0.10599999874830246,0.10599999874830246,0.10599999874830246,2300,0.0,0.0,0.0
2023-07-11 00:00:00+08:00,0.10599999874830246,0.10599999874830246,0.10599999874830246,0.10599999874830246,0,0.0,0.0,0.0
2023-07-12 00:00:00+08:00,0.10599999874830246,0.10599999874830246,0.10599999874830246,0.10599999874830246,0,0.0,0.0,0.0
2023-07-13 00:00:00+08:00,0.10000000149011612,0.10000000149011612,0.0989999994635582,0.0989999994635582,100500,0.0,0.0,0.0
2023-07-14 00:00:00+08:00,0.0989999994635582,0.0989999994635582,0.0989999994635582,0.0989999994635582,500,0.0,0.0,0.0
2023-07-17 00:00:00+08:00,0.0989999994635582,0.0989999994635582,0.0989999994635582,0.0989999994635582,0,0.0,0.0,0.0
2023-07-18 00:00:00+08:00,0.0989999994635582,0.0989999994635582,0.0989999994635582,0.0989999994635582,0,0.0,0.0,0.0
2023-07-19 00:00:00+08:00,0.10100000351667404,0.2549999952316284,0.10100000351667404,0.2199999988079071,1520000,0.0,0.0,0.0
2023-07-20 00:00:00+08:00,0.2199999988079071,0.25,0.20499999821186066,0.2150000035762787,162700,0.0,0.0,0.0
2023-07-21 00:00:00+08:00,0.2150000035762787,0.2150000035762787,0.2150000035762787,0.2150000035762787,5100,0.0,0.0,0.0
2023-07-24 00:00:00+08:00,0.20999999344348907,0.2150000035762787,0.18000000715255737,0.20000000298023224,155200,0.0,0.0,0.0
2023-07-25 00:00:00+08:00,0.19200000166893005,0.19200000166893005,0.14900000393390656,0.15000000596046448,67600,0.0,0.0,0.0
2023-07-26 00:00:00+08:00,0.14000000059604645,0.15299999713897705,0.14000000059604645,0.15299999713897705,14200,0.0,0.0,0.0
2023-07-27 00:00:00+08:00,0.15299999713897705,0.15299999713897705,0.15299999713897705,0.15299999713897705,0,0.0,0.0,0.0
2023-07-28 00:00:00+08:00,0.15299999713897705,0.15299999713897705,0.15299999713897705,0.15299999713897705,0,0.0,0.0,0.0
2023-07-31 00:00:00+08:00,0.15299999713897705,0.15299999713897705,0.15299999713897705,0.15299999713897705,0,0.0,0.0,0.0
2023-08-01 00:00:00+08:00,0.1550000011920929,0.1550000011920929,0.15399999916553497,0.1550000011920929,6400,0.0,0.0,0.0
2023-08-02 00:00:00+08:00,0.15700000524520874,0.15700000524520874,0.15000000596046448,0.15000000596046448,42500,0.0,0.0,0.0
2023-08-03 00:00:00+08:00,0.15000000596046448,0.15000000596046448,0.15000000596046448,0.15000000596046448,0,0.0,0.0,0.0
2023-08-04 00:00:00+08:00,0.15000000596046448,0.15000000596046448,0.15000000596046448,0.15000000596046448,0,0.0,0.0,0.0
2023-08-07 00:00:00+08:00,0.15000000596046448,0.15000000596046448,0.15000000596046448,0.15000000596046448,0,0.0,0.0,0.0
2023-08-08 00:00:00+08:00,0.14000000059604645,0.14000000059604645,0.13300000131130219,0.13300000131130219,70000,0.0,0.0,0.0
2023-08-10 00:00:00+08:00,0.13300000131130219,0.13300000131130219,0.13300000131130219,0.13300000131130219,1100,0.0,0.0,0.0
2023-08-11 00:00:00+08:00,0.13199999928474426,0.13199999928474426,0.13099999725818634,0.13099999725818634,40000,0.0,0.0,0.0
2023-08-14 00:00:00+08:00,0.13099999725818634,0.13099999725818634,0.13099999725818634,0.13099999725818634,0,0.0,0.0,0.0
2023-08-15 00:00:00+08:00,0.13099999725818634,0.13099999725818634,0.13099999725818634,0.13099999725818634,0,0.0,0.0,0.0
2023-08-16 00:00:00+08:00,0.13099999725818634,0.13099999725818634,0.13099999725818634,0.13099999725818634,0,0.0,0.0,0.0
2023-08-17 00:00:00+08:00,0.13099999725818634,0.13099999725818634,0.13099999725818634,0.13099999725818634,0,0.0,0.0,0.0
2023-08-18 00:00:00+08:00,0.13099999725818634,0.13099999725818634,0.13099999725818634,0.13099999725818634,0,0.0,0.0,0.0
2023-08-21 00:00:00+08:00,0.13099999725818634,0.13099999725818634,0.13099999725818634,0.13099999725818634,0,0.0,0.0,0.0
2023-08-22 00:00:00+08:00,0.13099999725818634,0.13099999725818634,0.13099999725818634,0.13099999725818634,0,0.0,0.0,0.0
2023-08-23 00:00:00+08:00,0.13099999725818634,0.13099999725818634,0.13099999725818634,0.13099999725818634,0,0.0,0.0,0.0
2023-08-24 00:00:00+08:00,0.13099999725818634,0.13099999725818634,0.13099999725818634,0.13099999725818634,0,0.0,0.0,0.0
2023-08-25 00:00:00+08:00,0.13099999725818634,0.13099999725818634,0.13099999725818634,0.13099999725818634,0,0.0,0.0,0.0
2023-08-28 00:00:00+08:00,0.13099999725818634,0.13099999725818634,0.13099999725818634,0.13099999725818634,0,0.0,0.0,0.0
2023-08-29 00:00:00+08:00,0.125,0.125,0.11999999731779099,0.12099999934434891,243200,0.0,0.0,0.0
2023-08-30 00:00:00+08:00,0.125,0.1340000033378601,0.125,0.12999999523162842,49400,0.0,0.0,0.0
2023-08-31 00:00:00+08:00,0.12999999523162842,0.12999999523162842,0.12999999523162842,0.12999999523162842,500,0.0,0.0,0.0
2023-09-04 00:00:00+08:00,0.12999999523162842,0.12999999523162842,0.12999999523162842,0.12999999523162842,0,0.0,0.0,0.0
2023-09-05 00:00:00+08:00,0.12999999523162842,0.12999999523162842,0.12999999523162842,0.12999999523162842,0,0.0,0.0,0.0
2023-09-06 00:00:00+08:00,0.12999999523162842,0.12999999523162842,0.12999999523162842,0.12999999523162842,0,0.0,0.0,0.0
2023-09-07 00:00:00+08:00,0.12999999523162842,0.12999999523162842,0.12999999523162842,0.12999999523162842,0,0.0,0.0,0.0
2023-09-08 00:00:00+08:00,0.12999999523162842,0.12999999523162842,0.12999999523162842,0.12999999523162842,0,0.0,0.0,0.0
2023-09-11 00:00:00+08:00,0.12999999523162842,0.12999999523162842,0.12999999523162842,0.12999999523162842,0,0.0,0.0,0.0
2023-09-12 00:00:00+08:00,0.12999999523162842,0.12999999523162842,0.12999999523162842,0.12999999523162842,0,0.0,0.0,0.0
2023-09-13 00:00:00+08:00,0.12999999523162842,0.12999999523162842,0.12999999523162842,0.12999999523162842,0,0.0,0.0,0.0
2023-09-14 00:00:00+08:00,0.12999999523162842,0.12999999523162842,0.12999999523162842,0.12999999523162842,0,0.0,0.0,0.0
2023-09-15 00:00:00+08:00,0.12999999523162842,0.12999999523162842,0.12999999523162842,0.12999999523162842,0,0.0,0.0,0.0
2023-09-18 00:00:00+08:00,0.12999999523162842,0.12999999523162842,0.12999999523162842,0.12999999523162842,0,0.0,0.0,0.0
2023-09-19 00:00:00+08:00,0.12999999523162842,0.12999999523162842,0.12999999523162842,0.12999999523162842,0,0.0,0.0,0.0
2023-09-20 00:00:00+08:00,0.11999999731779099,0.11999999731779099,0.11999999731779099,0.11999999731779099,500,0.0,0.0,0.0
2023-09-21 00:00:00+08:00,0.11999999731779099,0.11999999731779099,0.11999999731779099,0.11999999731779099,0,0.0,0.0,0.0
2023-09-22 00:00:00+08:00,0.11999999731779099,0.11999999731779099,0.11999999731779099,0.11999999731779099,0,0.0,0.0,0.0
2023-09-25 00:00:00+08:00,0.10999999940395355,0.125,0.10999999940395355,0.125,11800,0.0,0.0,0.0
2023-09-26 00:00:00+08:00,0.11800000071525574,0.11800000071525574,0.11800000071525574,0.11800000071525574,700,0.0,0.0,0.0
2023-09-27 00:00:00+08:00,0.11500000208616257,0.12999999523162842,0.11500000208616257,0.12999999523162842,54600,0.0,0.0,0.0
2023-09-28 00:00:00+08:00,0.12999999523162842,0.12999999523162842,0.11299999803304672,0.11800000071525574,81200,0.0,0.0,0.0
2023-09-29 00:00:00+08:00,0.11900000274181366,0.11900000274181366,0.11900000274181366,0.11900000274181366,7800,0.0,0.0,0.0
2023-10-02 00:00:00+08:00,0.11500000208616257,0.11500000208616257,0.11500000208616257,0.11500000208616257,8400,0.0,0.0,0.0
2023-10-03 00:00:00+08:00,0.11500000208616257,0.11500000208616257,0.11500000208616257,0.11500000208616257,0,0.0,0.0,0.0
2023-10-04 00:00:00+08:00,0.10999999940395355,0.11100000143051147,0.10999999940395355,0.10999999940395355,31100,0.0,0.0,0.0
2023-10-05 00:00:00+08:00,0.10999999940395355,0.12800000607967377,0.1080000028014183,0.1080000028014183,31400,0.0,0.0,0.0
2023-10-06 00:00:00+08:00,0.1289999932050705,0.1289999932050705,0.11800000071525574,0.11800000071525574,7500,0.0,0.0,0.0
2023-10-09 00:00:00+08:00,0.12300000339746475,0.12300000339746475,0.12300000339746475,0.12300000339746475,600,0.0,0.0,0.0
2023-10-10 00:00:00+08:00,0.10999999940395355,0.12800000607967377,0.10999999940395355,0.12700000405311584,194900,0.0,0.0,0.0
2023-10-11 00:00:00+08:00,0.12700000405311584,0.12999999523162842,0.12700000405311584,0.12999999523162842,41100,0.0,0.0,0.0
2023-10-12 00:00:00+08:00,0.12999999523162842,0.12999999523162842,0.12999999523162842,0.12999999523162842,0,0.0,0.0,0.0
2023-10-13 00:00:00+08:00,0.14800000190734863,0.1509999930858612,0.13500000536441803,0.1469999998807907,73200,0.0,0.0,0.0
2023-10-16 00:00:00+08:00,0.1469999998807907,0.1469999998807907,0.1469999998807907,0.1469999998807907,0,0.0,0.0,0.0
2023-10-17 00:00:00+08:00,0.1469999998807907,0.1469999998807907,0.1469999998807907,0.1469999998807907,0,0.0,0.0,0.0
2023-10-18 00:00:00+08:00,0.1469999998807907,0.1469999998807907,0.1469999998807907,0.1469999998807907,0,0.0,0.0,0.0
2023-10-19 00:00:00+08:00,0.1469999998807907,0.1469999998807907,0.1469999998807907,0.1469999998807907,0,0.0,0.0,0.0
2023-10-20 00:00:00+08:00,0.1469999998807907,0.1469999998807907,0.1469999998807907,0.1469999998807907,0,0.0,0.0,0.0
2023-10-23 00:00:00+08:00,0.14000000059604645,0.14000000059604645,0.14000000059604645,0.14000000059604645,20000,0.0,0.0,0.0
2023-10-24 00:00:00+08:00,0.13899999856948853,0.14000000059604645,0.13899999856948853,0.14000000059604645,19400,0.0,0.0,0.0
2023-10-25 00:00:00+08:00,0.11999999731779099,0.11999999731779099,0.11999999731779099,0.11999999731779099,100,0.0,0.0,0.0
2023-10-26 00:00:00+08:00,0.12800000607967377,0.17000000178813934,0.12800000607967377,0.17000000178813934,101400,0.0,0.0,0.0
2023-10-27 00:00:00+08:00,0.17000000178813934,0.17000000178813934,0.17000000178813934,0.17000000178813934,0,0.0,0.0,0.0
2023-10-30 00:00:00+08:00,0.17000000178813934,0.17000000178813934,0.17000000178813934,0.17000000178813934,0,0.0,0.0,0.0
2023-10-31 00:00:00+08:00,0.17000000178813934,0.17000000178813934,0.17000000178813934,0.17000000178813934,0,0.0,0.0,0.0
2023-11-01 00:00:00+08:00,0.17000000178813934,0.17000000178813934,0.17000000178813934,0.17000000178813934,0,0.0,0.0,0.0
2023-11-02 00:00:00+08:00,0.16899999976158142,0.18000000715255737,0.16899999976158142,0.17900000512599945,94400,0.0,0.0,0.0
2023-11-03 00:00:00+08:00,0.17900000512599945,0.18000000715255737,0.17900000512599945,0.18000000715255737,84500,0.0,0.0,0.0
2023-11-06 00:00:00+08:00,0.17000000178813934,0.17000000178813934,0.17000000178813934,0.17000000178813934,20000,0.0,0.0,0.0
2023-11-07 00:00:00+08:00,0.17000000178813934,0.17000000178813934,0.17000000178813934,0.17000000178813934,29300,0.0,0.0,0.0
2023-11-08 00:00:00+08:00,0.17000000178813934,0.17000000178813934,0.17000000178813934,0.17000000178813934,0,0.0,0.0,0.0
2023-11-09 00:00:00+08:00,0.17000000178813934,0.17000000178813934,0.17000000178813934,0.17000000178813934,0,0.0,0.0,0.0
2023-11-10 00:00:00+08:00,0.17000000178813934,0.17000000178813934,0.17000000178813934,0.17000000178813934,0,0.0,0.0,0.0
2023-11-14 00:00:00+08:00,0.17000000178813934,0.17000000178813934,0.13600000739097595,0.13600000739097595,57000,0.0,0.0,0.0
2023-11-15 00:00:00+08:00,0.13600000739097595,0.13600000739097595,0.13600000739097595,0.13600000739097595,0,0.0,0.0,0.0
2023-11-16 00:00:00+08:00,0.13600000739097595,0.13600000739097595,0.13600000739097595,0.13600000739097595,20000,0.0,0.0,0.0
2023-11-17 00:00:00+08:00,0.13600000739097595,0.13600000739097595,0.13600000739097595,0.13600000739097595,0,0.0,0.0,0.0
2023-11-20 00:00:00+08:00,0.16500000655651093,0.16500000655651093,0.1379999965429306,0.1379999965429306,600,0.0,0.0,0.0
2023-11-21 00:00:00+08:00,0.1379999965429306,0.1379999965429306,0.1379999965429306,0.1379999965429306,0,0.0,0.0,0.0
2023-11-22 00:00:00+08:00,0.13199999928474426,0.1679999977350235,0.13199999928474426,0.1679999977350235,10300,0.0,0.0,0.0
2023-11-23 00:00:00+08:00,0.16500000655651093,0.16500000655651093,0.15000000596046448,0.15000000596046448,22800,0.0,0.0,0.0
2023-11-24 00:00:00+08:00,0.15700000524520874,0.1679999977350235,0.15700000524520874,0.16599999368190765,14800,0.0,0.0,0.0
2023-11-27 00:00:00+08:00,0.16599999368190765,0.16599999368190765,0.16599999368190765,0.16599999368190765,500,0.0,0.0,0.0
2023-11-28 00:00:00+08:00,0.1850000023841858,0.1850000023841858,0.1850000023841858,0.1850000023841858,3100,0.0,0.0,0.0
2023-11-29 00:00:00+08:00,0.1850000023841858,0.1850000023841858,0.17000000178813934,0.17000000178813934,10700,0.0,0.0,0.0
2023-11-30 00:00:00+08:00,0.17000000178813934,0.17000000178813934,0.17000000178813934,0.17000000178813934,0,0.0,0.0,0.0
2023-12-01 00:00:00+08:00,0.17499999701976776,0.17499999701976776,0.17499999701976776,0.17499999701976776,37300,0.0,0.0,0.0
2023-12-04 00:00:00+08:00,0.17499999701976776,0.17499999701976776,0.17499999701976776,0.17499999701976776,0,0.0,0.0,0.0
2023-12-05 00:00:00+08:00,0.17499999701976776,0.17499999701976776,0.17499999701976776,0.17499999701976776,0,0.0,0.0,0.0
2023-12-06 00:00:00+08:00,0.17499999701976776,0.17499999701976776,0.17499999701976776,0.17499999701976776,0,0.0,0.0,0.0
2023-12-07 00:00:00+08:00,0.18000000715255737,0.18000000715255737,0.15000000596046448,0.15000000596046448,1400,0.0,0.0,0.0
2023-12-08 00:00:00+08:00,0.15000000596046448,0.15000000596046448,0.15000000596046448,0.15000000596046448,0,0.0,0.0,0.0
2023-12-11 00:00:00+08:00,0.15000000596046448,0.15000000596046448,0.15000000596046448,0.15000000596046448,0,0.0,0.0,0.0
2023-12-12 00:00:00+08:00,0.15000000596046448,0.15000000596046448,0.15000000596046448,0.15000000596046448,0,0.0,0.0,0.0
2023-12-13 00:00:00+08:00,0.15000000596046448,0.15000000596046448,0.15000000596046448,0.15000000596046448,0,0.0,0.0,0.0
2023-12-14 00:00:00+08:00,0.15000000596046448,0.15000000596046448,0.15000000596046448,0.15000000596046448,0,0.0,0.0,0.0
2023-12-15 00:00:00+08:00,0.15000000596046448,0.15000000596046448,0.15000000596046448,0.15000000596046448,0,0.0,0.0,0.0
2023-12-18 00:00:00+08:00,0.15000000596046448,0.15000000596046448,0.15000000596046448,0.15000000596046448,0,0.0,0.0,0.0
2023-12-19 00:00:00+08:00,0.17499999701976776,0.17499999701976776,0.17000000178813934,0.17000000178813934,31000,0.0,0.0,0.0
2023-12-20 00:00:00+08:00,0.17000000178813934,0.17000000178813934,0.17000000178813934,0.17000000178813934,0,0.0,0.0,0.0
2023-12-21 00:00:00+08:00,0.17000000178813934,0.17000000178813934,0.17000000178813934,0.17000000178813934,0,0.0,0.0,0.0
2023-12-22 00:00:00+08:00,0.15000000596046448,0.15000000596046448,0.12999999523162842,0.12999999523162842,9700,0.0,0.0,0.0
2023-12-26 00:00:00+08:00,0.12999999523162842,0.12999999523162842,0.12999999523162842,0.12999999523162842,0,0.0,0.0,0.0
2023-12-27 00:00:00+08:00,0.12999999523162842,0.12999999523162842,0.12999999523162842,0.12999999523162842,0,0.0,0.0,0.0
2023-12-28 00:00:00+08:00,0.12999999523162842,0.12999999523162842,0.12999999523162842,0.12999999523162842,0,0.0,0.0,0.0
2023-12-29 00:00:00+08:00,0.1379999965429306,0.1599999964237213,0.12999999523162842,0.15700000524520874,21100,0.0,0.0,0.0
2024-01-02 00:00:00+08:00,0.164000004529953,0.164000004529953,0.16200000047683716,0.16200000047683716,14300,0.0,0.0,0.0
2024-01-03 00:00:00+08:00,0.16099999845027924,0.16099999845027924,0.13899999856948853,0.14000000059604645,29100,0.0,0.0,0.0
2024-01-04 00:00:00+08:00,0.1469999998807907,0.1589999943971634,0.1469999998807907,0.15199999511241913,14500,0.0,0.0,0.0
2024-01-05 00:00:00+08:00,0.15700000524520874,0.15700000524520874,0.15700000524520874,0.15700000524520874,9600,0.0,0.0,0.0
2024-01-08 00:00:00+08:00,0.15600000321865082,0.15600000321865082,0.15600000321865082,0.15600000321865082,600,0.0,0.0,0.0
2024-01-09 00:00:00+08:00,0.15600000321865082,0.15600000321865082,0.15600000321865082,0.15600000321865082,0,0.0,0.0,0.0
2024-01-10 00:00:00+08:00,0.15600000321865082,0.15600000321865082,0.15600000321865082,0.15600000321865082,0,0.0,0.0,0.0
2024-01-11 00:00:00+08:00,0.15600000321865082,0.15600000321865082,0.15600000321865082,0.15600000321865082,0,0.0,0.0,0.0
2024-01-12 00:00:00+08:00,0.15600000321865082,0.15600000321865082,0.15600000321865082,0.15600000321865082,0,0.0,0.0,0.0
2024-01-15 00:00:00+08:00,0.16500000655651093,0.16500000655651093,0.16500000655651093,0.16500000655651093,5500,0.0,0.0,0.0
2024-01-16 00:00:00+08:00,0.16500000655651093,0.16500000655651093,0.16500000655651093,0.16500000655651093,0,0.0,0.0,0.0
2024-01-17 00:00:00+08:00,0.16500000655651093,0.16500000655651093,0.16500000655651093,0.16500000655651093,0,0.0,0.0,0.0
2024-01-18 00:00:00+08:00,0.16500000655651093,0.16500000655651093,0.16500000655651093,0.16500000655651093,0,0.0,0.0,0.0
2024-01-19 00:00:00+08:00,0.16500000655651093,0.16500000655651093,0.16500000655651093,0.16500000655651093,0,0.0,0.0,0.0
2024-01-22 00:00:00+08:00,0.16500000655651093,0.16500000655651093,0.16500000655651093,0.16500000655651093,0,0.0,0.0,0.0
2024-01-23 00:00:00+08:00,0.16500000655651093,0.16500000655651093,0.16500000655651093,0.16500000655651093,0,0.0,0.0,0.0
2024-01-24 00:00:00+08:00,0.1599999964237213,0.1599999964237213,0.1599999964237213,0.1599999964237213,8000,0.0,0.0,0.0
2024-01-25 00:00:00+08:00,0.1599999964237213,0.1599999964237213,0.1599999964237213,0.1599999964237213,0,0.0,0.0,0.0
2024-01-26 00:00:00+08:00,0.1599999964237213,0.1599999964237213,0.1599999964237213,0.1599999964237213,0,0.0,0.0,0.0
2024-01-29 00:00:00+08:00,0.1599999964237213,0.1599999964237213,0.1599999964237213,0.1599999964237213,0,0.0,0.0,0.0
2024-01-30 00:00:00+08:00,0.1599999964237213,0.1599999964237213,0.1599999964237213,0.1599999964237213,0,0.0,0.0,0.0
2024-01-31 00:00:00+08:00,0.1599999964237213,0.1599999964237213,0.1599999964237213,0.1599999964237213,0,0.0,0.0,0.0
2024-02-01 00:00:00+08:00,0.1599999964237213,0.1599999964237213,0.1599999964237213,0.1599999964237213,0,0.0,0.0,0.0
2024-02-02 00:00:00+08:00,0.1599999964237213,0.1599999964237213,0.1599999964237213,0.1599999964237213,0,0.0,0.0,0.0
2024-02-05 00:00:00+08:00,0.1599999964237213,0.1599999964237213,0.1599999964237213,0.1599999964237213,0,0.0,0.0,0.0
2024-02-06 00:00:00+08:00,0.1599999964237213,0.1599999964237213,0.1599999964237213,0.1599999964237213,0,0.0,0.0,0.0
2024-02-07 00:00:00+08:00,0.1599999964237213,0.1599999964237213,0.1599999964237213,0.1599999964237213,0,0.0,0.0,0.0
2024-02-08 00:00:00+08:00,0.1599999964237213,0.1599999964237213,0.1599999964237213,0.1599999964237213,0,0.0,0.0,0.0
2024-02-09 00:00:00+08:00,0.1599999964237213,0.1599999964237213,0.1599999964237213,0.1599999964237213,0,0.0,0.0,0.0
2024-02-13 00:00:00+08:00,0.1599999964237213,0.1599999964237213,0.1599999964237213,0.1599999964237213,0,0.0,0.0,0.0
2024-02-14 00:00:00+08:00,0.1599999964237213,0.1599999964237213,0.1599999964237213,0.1599999964237213,0,0.0,0.0,0.0
2024-02-15 00:00:00+08:00,0.1599999964237213,0.1599999964237213,0.1599999964237213,0.1599999964237213,0,0.0,0.0,0.0
2024-02-16 00:00:00+08:00,0.1599999964237213,0.1599999964237213,0.1599999964237213,0.1599999964237213,0,0.0,0.0,0.0
2024-02-19 00:00:00+08:00,0.1599999964237213,0.1599999964237213,0.1599999964237213,0.1599999964237213,0,0.0,0.0,0.0
2024-02-20 00:00:00+08:00,0.1599999964237213,0.1599999964237213,0.1599999964237213,0.1599999964237213,0,0.0,0.0,0.0
2024-02-21 00:00:00+08:00,0.1599999964237213,0.1599999964237213,0.1599999964237213,0.1599999964237213,0,0.0,0.0,0.0
2024-02-22 00:00:00+08:00,0.1599999964237213,0.1599999964237213,0.1599999964237213,0.1599999964237213,0,0.0,0.0,0.0
2024-02-23 00:00:00+08:00,0.1599999964237213,0.1599999964237213,0.1599999964237213,0.1599999964237213,0,0.0,0.0,0.0
2024-02-26 00:00:00+08:00,0.1599999964237213,0.1599999964237213,0.1599999964237213,0.1599999964237213,0,0.0,0.0,0.0
2024-02-27 00:00:00+08:00,0.1599999964237213,0.1599999964237213,0.1599999964237213,0.1599999964237213,0,0.0,0.0,0.0
2024-02-28 00:00:00+08:00,0.1599999964237213,0.1599999964237213,0.1599999964237213,0.1599999964237213,0,0.0,0.0,0.0
2024-02-29 00:00:00+08:00,0.1599999964237213,0.1599999964237213,0.1599999964237213,0.1599999964237213,0,0.0,0.0,0.0
2024-03-01 00:00:00+08:00,0.1599999964237213,0.1599999964237213,0.1599999964237213,0.1599999964237213,0,0.0,0.0,0.0
2024-03-04 00:00:00+08:00,0.1599999964237213,0.1599999964237213,0.1599999964237213,0.1599999964237213,0,0.0,0.0,0.0
2024-03-05 00:00:00+08:00,0.1599999964237213,0.1599999964237213,0.1599999964237213,0.1599999964237213,0,0.0,0.0,0.0
2024-03-06 00:00:00+08:00,0.1599999964237213,0.1599999964237213,0.1599999964237213,0.1599999964237213,0,0.0,0.0,0.0
2024-03-07 00:00:00+08:00,0.1599999964237213,0.1599999964237213,0.1599999964237213,0.1599999964237213,0,0.0,0.0,0.0
2024-03-08 00:00:00+08:00,0.1599999964237213,0.1599999964237213,0.1599999964237213,0.1599999964237213,0,0.0,0.0,0.0
2024-03-11 00:00:00+08:00,0.1599999964237213,0.1599999964237213,0.1599999964237213,0.1599999964237213,0,0.0,0.0,0.0
2024-03-12 00:00:00+08:00,0.1599999964237213,0.1599999964237213,0.1599999964237213,0.1599999964237213,0,0.0,0.0,0.0
2024-03-13 00:00:00+08:00,0.1599999964237213,0.1599999964237213,0.1599999964237213,0.1599999964237213,0,0.0,0.0,0.0
2024-03-14 00:00:00+08:00,0.1599999964237213,0.1599999964237213,0.1599999964237213,0.1599999964237213,0,0.0,0.0,0.0
2024-03-15 00:00:00+08:00,0.1599999964237213,0.1599999964237213,0.1599999964237213,0.1599999964237213,0,0.0,0.0,0.0
2024-03-18 00:00:00+08:00,0.1599999964237213,0.1599999964237213,0.1599999964237213,0.1599999964237213,0,0.0,0.0,0.0
2024-03-19 00:00:00+08:00,0.1599999964237213,0.1599999964237213,0.1599999964237213,0.1599999964237213,0,0.0,0.0,0.0
2024-03-20 00:00:00+08:00,0.1599999964237213,0.1599999964237213,0.1599999964237213,0.1599999964237213,0,0.0,0.0,0.0
2024-03-21 00:00:00+08:00,0.1599999964237213,0.1599999964237213,0.1599999964237213,0.1599999964237213,0,0.0,0.0,0.0
2024-03-22 00:00:00+08:00,0.1599999964237213,0.1599999964237213,0.1599999964237213,0.1599999964237213,0,0.0,0.0,0.0
2024-03-25 00:00:00+08:00,0.1599999964237213,0.1599999964237213,0.1599999964237213,0.1599999964237213,0,0.0,0.0,0.0
2024-03-26 00:00:00+08:00,0.1599999964237213,0.1599999964237213,0.1599999964237213,0.1599999964237213,0,0.0,0.0,0.0
2024-03-27 00:00:00+08:00,0.1599999964237213,0.1599999964237213,0.1599999964237213,0.1599999964237213,0,0.0,0.0,0.0
2024-03-28 00:00:00+08:00,0.07199999690055847,0.1550000011920929,0.07199999690055847,0.1550000011920929,900,0.0,0.0,0.0
2024-04-01 00:00:00+08:00,0.1550000011920929,0.1550000011920929,0.1550000011920929,0.1550000011920929,0,0.0,0.0,0.0
2024-04-02 00:00:00+08:00,0.12999999523162842,0.1550000011920929,0.12999999523162842,0.1550000011920929,2100,0.0,0.0,0.0
2024-04-03 00:00:00+08:00,0.1550000011920929,0.1550000011920929,0.1550000011920929,0.1550000011920929,0,0.0,0.0,0.0
2024-04-04 00:00:00+08:00,0.1550000011920929,0.1550000011920929,0.1550000011920929,0.1550000011920929,0,0.0,0.0,0.0
2024-04-05 00:00:00+08:00,0.1550000011920929,0.1550000011920929,0.1550000011920929,0.1550000011920929,0,0.0,0.0,0.0
2024-04-08 00:00:00+08:00,0.1550000011920929,0.1550000011920929,0.1550000011920929,0.1550000011920929,0,0.0,0.0,0.0
2024-04-09 00:00:00+08:00,0.1550000011920929,0.1550000011920929,0.1550000011920929,0.1550000011920929,0,0.0,0.0,0.0
2024-04-11 00:00:00+08:00,0.1550000011920929,0.1550000011920929,0.1550000011920929,0.1550000011920929,0,0.0,0.0,0.0
2024-04-12 00:00:00+08:00,0.1550000011920929,0.1550000011920929,0.1550000011920929,0.1550000011920929,0,0.0,0.0,0.0
2024-04-15 00:00:00+08:00,0.1550000011920929,0.1550000011920929,0.1550000011920929,0.1550000011920929,0,0.0,0.0,0.0
2024-04-16 00:00:00+08:00,0.1550000011920929,0.1550000011920929,0.1550000011920929,0.1550000011920929,0,0.0,0.0,0.0
2024-04-17 00:00:00+08:00,0.15399999916553497,0.1550000011920929,0.15399999916553497,0.1550000011920929,300,0.0,0.0,0.0
2024-04-18 00:00:00+08:00,0.1550000011920929,0.1550000011920929,0.1550000011920929,0.1550000011920929,400,0.0,0.0,0.0
2024-04-19 00:00:00+08:00,0.1550000011920929,0.1550000011920929,0.1550000011920929,0.1550000011920929,0,0.0,0.0,0.0
2024-04-22 00:00:00+08:00,0.1550000011920929,0.1550000011920929,0.1550000011920929,0.1550000011920929,0,0.0,0.0,0.0
2024-04-23 00:00:00+08:00,0.1550000011920929,0.1550000011920929,0.1550000011920929,0.1550000011920929,0,0.0,0.0,0.0
2024-04-24 00:00:00+08:00,0.1550000011920929,0.1550000011920929,0.1550000011920929,0.1550000011920929,0,0.0,0.0,0.0
2024-04-25 00:00:00+08:00,0.1550000011920929,0.1550000011920929,0.1550000011920929,0.1550000011920929,0,0.0,0.0,0.0
2024-04-26 00:00:00+08:00,0.1550000011920929,0.1550000011920929,0.1550000011920929,0.1550000011920929,0,0.0,0.0,0.0
2024-04-29 00:00:00+08:00,0.1550000011920929,0.1550000011920929,0.1550000011920929,0.1550000011920929,0,0.0,0.0,0.0
2024-04-30 00:00:00+08:00,0.1550000011920929,0.1550000011920929,0.1550000011920929,0.1550000011920929,0,0.0,0.0,0.0
2024-05-02 00:00:00+08:00,0.1550000011920929,0.1550000011920929,0.1550000011920929,0.1550000011920929,0,0.0,0.0,0.0
2024-05-03 00:00:00+08:00,0.1550000011920929,0.1550000011920929,0.1550000011920929,0.1550000011920929,0,0.0,0.0,0.0
2024-05-06 00:00:00+08:00,0.1550000011920929,0.1550000011920929,0.1550000011920929,0.1550000011920929,0,0.0,0.0,0.0
2024-05-07 00:00:00+08:00,0.1550000011920929,0.1550000011920929,0.1550000011920929,0.1550000011920929,0,0.0,0.0,0.0
2024-05-08 00:00:00+08:00,0.1550000011920929,0.1550000011920929,0.1550000011920929,0.1550000011920929,0,0.0,0.0,0.0
2024-05-09 00:00:00+08:00,0.1550000011920929,0.1550000011920929,0.1550000011920929,0.1550000011920929,0,0.0,0.0,0.0
2024-05-10 00:00:00+08:00,0.1550000011920929,0.1550000011920929,0.1550000011920929,0.1550000011920929,0,0.0,0.0,0.0
2024-05-13 00:00:00+08:00,0.1550000011920929,0.1550000011920929,0.1550000011920929,0.1550000011920929,0,0.0,0.0,0.0
2024-05-14 00:00:00+08:00,0.1550000011920929,0.1550000011920929,0.1550000011920929,0.1550000011920929,0,0.0,0.0,0.0
2024-05-15 00:00:00+08:00,0.1550000011920929,0.1550000011920929,0.1550000011920929,0.1550000011920929,0,0.0,0.0,0.0
2024-05-16 00:00:00+08:00,0.1550000011920929,0.1550000011920929,0.1550000011920929,0.1550000011920929,0,0.0,0.0,0.0
2024-05-17 00:00:00+08:00,0.1550000011920929,0.1550000011920929,0.1550000011920929,0.1550000011920929,0,0.0,0.0,0.0
2024-05-20 00:00:00+08:00,0.1550000011920929,0.1550000011920929,0.1550000011920929,0.1550000011920929,0,0.0,0.0,0.0
2024-05-21 00:00:00+08:00,0.12600000202655792,0.12600000202655792,0.12600000202655792,0.12600000202655792,200,0.0,0.0,0.0
2024-05-23 00:00:00+08:00,0.12600000202655792,0.12600000202655792,0.12600000202655792,0.12600000202655792,0,0.0,0.0,0.0
2024-05-24 00:00:00+08:00,0.09600000083446503,0.11500000208616257,0.0729999989271164,0.10300000011920929,33200,0.0,0.0,0.0
2024-05-27 00:00:00+08:00,0.11999999731779099,0.12999999523162842,0.11999999731779099,0.12600000202655792,26900,0.0,0.0,0.0
2024-05-28 00:00:00+08:00,0.12600000202655792,0.12600000202655792,0.12600000202655792,0.12600000202655792,0,0.0,0.0,0.0
2024-05-29 00:00:00+08:00,0.12600000202655792,0.12600000202655792,0.12600000202655792,0.12600000202655792,0,0.0,0.0,0.0
2024-05-30 00:00:00+08:00,0.12600000202655792,0.12600000202655792,0.12600000202655792,0.12600000202655792,0,0.0,0.0,0.0
2024-05-31 00:00:00+08:00,0.12600000202655792,0.12600000202655792,0.12600000202655792,0.12600000202655792,0,0.0,0.0,0.0
2024-06-03 00:00:00+08:00,0.12600000202655792,0.12600000202655792,0.12600000202655792,0.12600000202655792,0,0.0,0.0,0.0
2024-06-04 00:00:00+08:00,0.12600000202655792,0.12600000202655792,0.12600000202655792,0.12600000202655792,0,0.0,0.0,0.0
2024-06-05 00:00:00+08:00,0.12600000202655792,0.12600000202655792,0.12600000202655792,0.12600000202655792,0,0.0,0.0,0.0
2024-06-06 00:00:00+08:00,0.12600000202655792,0.12600000202655792,0.12600000202655792,0.12600000202655792,0,0.0,0.0,0.0
2024-06-07 00:00:00+08:00,0.12600000202655792,0.12600000202655792,0.12600000202655792,0.12600000202655792,0,0.0,0.0,0.0
2024-06-10 00:00:00+08:00,0.12600000202655792,0.12600000202655792,0.12600000202655792,0.12600000202655792,0,0.0,0.0,0.0
2024-06-11 00:00:00+08:00,0.12600000202655792,0.12600000202655792,0.12600000202655792,0.12600000202655792,0,0.0,0.0,0.0
2024-06-12 00:00:00+08:00,0.12600000202655792,0.12600000202655792,0.12600000202655792,0.12600000202655792,0,0.0,0.0,0.0
2024-06-13 00:00:00+08:00,0.12600000202655792,0.12600000202655792,0.12600000202655792,0.12600000202655792,0,0.0,0.0,0.0
2024-06-14 00:00:00+08:00,0.12600000202655792,0.12600000202655792,0.12600000202655792,0.12600000202655792,0,0.0,0.0,0.0
2024-06-18 00:00:00+08:00,0.12600000202655792,0.12600000202655792,0.12600000202655792,0.12600000202655792,0,0.0,0.0,0.0
2024-06-19 00:00:00+08:00,0.12600000202655792,0.12600000202655792,0.12600000202655792,0.12600000202655792,0,0.0,0.0,0.0
2024-06-20 00:00:00+08:00,0.12600000202655792,0.12600000202655792,0.12600000202655792,0.12600000202655792,0,0.0,0.0,0.0
2024-06-21 00:00:00+08:00,0.12600000202655792,0.12600000202655792,0.12600000202655792,0.12600000202655792,0,0.0,0.0,0.0
2024-06-24 00:00:00+08:00,0.12600000202655792,0.12600000202655792,0.12600000202655792,0.12600000202655792,0,0.0,0.0,0.0
2024-06-25 00:00:00+08:00,0.12600000202655792,0.12600000202655792,0.12600000202655792,0.12600000202655792,0,0.0,0.0,0.0
2024-06-26 00:00:00+08:00,0.12600000202655792,0.12600000202655792,0.12600000202655792,0.12600000202655792,0,0.0,0.0,0.0
2024-06-27 00:00:00+08:00,0.12600000202655792,0.12600000202655792,0.12600000202655792,0.12600000202655792,0,0.0,0.0,0.0
2024-06-28 00:00:00+08:00,0.12600000202655792,0.12600000202655792,0.12600000202655792,0.12600000202655792,0,0.0,0.0,0.0
2024-07-01 00:00:00+08:00,0.12600000202655792,0.12600000202655792,0.12600000202655792,0.12600000202655792,0,0.0,0.0,0.0
2024-07-02 00:00:00+08:00,0.12600000202655792,0.12600000202655792,0.12600000202655792,0.12600000202655792,0,0.0,0.0,0.0
2024-07-03 00:00:00+08:00,0.12600000202655792,0.12600000202655792,0.12600000202655792,0.12600000202655792,0,0.0,0.0,0.0
2024-07-04 00:00:00+08:00,0.12600000202655792,0.12600000202655792,0.12600000202655792,0.12600000202655792,0,0.0,0.0,0.0
2024-07-05 00:00:00+08:00,0.12600000202655792,0.12600000202655792,0.12600000202655792,0.12600000202655792,0,0.0,0.0,0.0
2024-07-08 00:00:00+08:00,0.12600000202655792,0.12600000202655792,0.12600000202655792,0.12600000202655792,0,0.0,0.0,0.0
2024-07-09 00:00:00+08:00,0.12600000202655792,0.12600000202655792,0.12600000202655792,0.12600000202655792,0,0.0,0.0,0.0
2024-07-10 00:00:00+08:00,0.12600000202655792,0.12600000202655792,0.12600000202655792,0.12600000202655792,0,0.0,0.0,0.0
2024-07-11 00:00:00+08:00,0.12600000202655792,0.12600000202655792,0.12600000202655792,0.12600000202655792,0,0.0,0.0,0.0
2024-07-12 00:00:00+08:00,0.12600000202655792,0.12600000202655792,0.12600000202655792,0.12600000202655792,0,0.0,0.0,0.0
2024-07-15 00:00:00+08:00,0.12600000202655792,0.12600000202655792,0.12600000202655792,0.12600000202655792,0,0.0,0.0,0.0
2024-07-16 00:00:00+08:00,0.12600000202655792,0.12600000202655792,0.12600000202655792,0.12600000202655792,0,0.0,0.0,0.0
2024-07-17 00:00:00+08:00,0.12600000202655792,0.12600000202655792,0.12600000202655792,0.12600000202655792,0,0.0,0.0,0.0
2024-07-18 00:00:00+08:00,0.12600000202655792,0.12600000202655792,0.12600000202655792,0.12600000202655792,0,0.0,0.0,0.0
2024-07-19 00:00:00+08:00,0.12600000202655792,0.12600000202655792,0.12600000202655792,0.12600000202655792,0,0.0,0.0,0.0
2024-07-22 00:00:00+08:00,0.12600000202655792,0.12600000202655792,0.12600000202655792,0.12600000202655792,0,0.0,0.0,0.0
2024-07-23 00:00:00+08:00,0.12600000202655792,0.12600000202655792,0.12600000202655792,0.12600000202655792,0,0.0,0.0,0.0
2024-07-24 00:00:00+08:00,0.12600000202655792,0.12600000202655792,0.12600000202655792,0.12600000202655792,0,0.0,0.0,0.0
2024-07-25 00:00:00+08:00,0.12600000202655792,0.12600000202655792,0.12600000202655792,0.12600000202655792,0,0.0,0.0,0.0
2024-07-26 00:00:00+08:00,0.12600000202655792,0.12600000202655792,0.12600000202655792,0.12600000202655792,0,0.0,0.0,0.0
2024-07-29 00:00:00+08:00,0.12600000202655792,0.12600000202655792,0.12600000202655792,0.12600000202655792,0,0.0,0.0,0.0
2024-07-30 00:00:00+08:00,0.12600000202655792,0.12600000202655792,0.12600000202655792,0.12600000202655792,0,0.0,0.0,0.0
2024-07-31 00:00:00+08:00,0.12600000202655792,0.12600000202655792,0.12600000202655792,0.12600000202655792,0,0.0,0.0,0.0
2024-08-01 00:00:00+08:00,0.12600000202655792,0.12600000202655792,0.12600000202655792,0.12600000202655792,0,0.0,0.0,0.0
2024-08-02 00:00:00+08:00,0.12600000202655792,0.12600000202655792,0.12600000202655792,0.12600000202655792,0,0.0,0.0,0.0
2024-08-05 00:00:00+08:00,0.12600000202655792,0.12600000202655792,0.12600000202655792,0.12600000202655792,0,0.0,0.0,0.0
2024-08-06 00:00:00+08:00,0.12600000202655792,0.12600000202655792,0.12600000202655792,0.12600000202655792,0,0.0,0.0,0.0
2024-08-07 00:00:00+08:00,0.12600000202655792,0.12600000202655792,0.12600000202655792,0.12600000202655792,0,0.0,0.0,0.0
2024-08-08 00:00:00+08:00,0.12600000202655792,0.12600000202655792,0.12600000202655792,0.12600000202655792,0,0.0,0.0,0.0
