Date,Open,High,Low,Close,Volume,Dividends,Stock Splits,Capital Gains
2018-08-13 00:00:00+09:00,8220.0,8220.0,8220.0,8220.0,1,0.0,0.0,0.0
2018-08-14 00:00:00+09:00,7990.0,7990.0,7990.0,7990.0,200,0.0,0.0,0.0
2018-08-16 00:00:00+09:00,7760.0,7760.0,7760.0,7760.0,200,0.0,0.0,0.0
2018-08-17 00:00:00+09:00,7760.0,7760.0,7760.0,7760.0,0,0.0,0.0,0.0
2018-08-20 00:00:00+09:00,7760.0,7760.0,7760.0,7760.0,0,0.0,0.0,0.0
2018-08-21 00:00:00+09:00,7540.0,7540.0,7540.0,7540.0,200,0.0,0.0,0.0
2018-08-22 00:00:00+09:00,7330.0,7330.0,7330.0,7330.0,200,0.0,0.0,0.0
2018-08-23 00:00:00+09:00,7330.0,7330.0,7330.0,7330.0,0,0.0,0.0,0.0
2018-08-24 00:00:00+09:00,7120.0,7120.0,7120.0,7120.0,200,0.0,0.0,0.0
2018-08-27 00:00:00+09:00,6920.0,6920.0,6920.0,6920.0,200,0.0,0.0,0.0
2018-08-28 00:00:00+09:00,6720.0,6720.0,6720.0,6720.0,200,0.0,0.0,0.0
2018-08-29 00:00:00+09:00,6530.0,6530.0,6530.0,6530.0,200,0.0,0.0,0.0
2018-08-30 00:00:00+09:00,6340.0,6340.0,6340.0,6340.0,200,0.0,0.0,0.0
2018-08-31 00:00:00+09:00,6160.0,6160.0,6160.0,6160.0,200,0.0,0.0,0.0
2018-09-03 00:00:00+09:00,5990.0,5990.0,5990.0,5990.0,200,0.0,0.0,0.0
2018-09-04 00:00:00+09:00,5820.0,5820.0,5820.0,5820.0,200,0.0,0.0,0.0
2018-09-05 00:00:00+09:00,5820.0,5820.0,5820.0,5820.0,0,0.0,0.0,0.0
2018-09-06 00:00:00+09:00,7690.0,7690.0,7690.0,7690.0,5,0.0,0.0,0.0
2018-09-07 00:00:00+09:00,7690.0,7690.0,7690.0,7690.0,0,0.0,0.0,0.0
2018-09-10 00:00:00+09:00,7910.0,7910.0,7910.0,7910.0,1,0.0,0.0,0.0
2018-09-11 00:00:00+09:00,7910.0,7910.0,7910.0,7910.0,0,0.0,0.0,0.0
2018-09-12 00:00:00+09:00,8140.0,8140.0,8140.0,8140.0,2,0.0,0.0,0.0
2018-09-13 00:00:00+09:00,9360.0,9360.0,9360.0,9360.0,1,0.0,0.0,0.0
2018-09-14 00:00:00+09:00,9360.0,9360.0,9360.0,9360.0,0,0.0,0.0,0.0
2018-09-17 00:00:00+09:00,9090.0,9090.0,9090.0,9090.0,200,0.0,0.0,0.0
2018-09-18 00:00:00+09:00,8830.0,8830.0,8830.0,8830.0,200,0.0,0.0,0.0
2018-09-19 00:00:00+09:00,8580.0,8580.0,8580.0,8580.0,200,0.0,0.0,0.0
2018-09-20 00:00:00+09:00,8580.0,8580.0,8580.0,8580.0,0,0.0,0.0,0.0
2018-09-21 00:00:00+09:00,9860.0,9860.0,9860.0,9860.0,1,0.0,0.0,0.0
2018-09-27 00:00:00+09:00,9580.0,9580.0,9580.0,9580.0,201,0.0,0.0,0.0
2018-09-28 00:00:00+09:00,9310.0,9860.0,9310.0,9860.0,201,0.0,0.0,0.0
2018-10-01 00:00:00+09:00,9580.0,9580.0,9580.0,9580.0,200,0.0,0.0,0.0
2018-10-02 00:00:00+09:00,9310.0,9310.0,9310.0,9310.0,200,0.0,0.0,0.0
2018-10-04 00:00:00+09:00,9040.0,9040.0,9040.0,9040.0,200,0.0,0.0,0.0
2018-10-05 00:00:00+09:00,9040.0,9040.0,9040.0,9040.0,0,0.0,0.0,0.0
2018-10-08 00:00:00+09:00,8780.0,8780.0,8780.0,8780.0,200,0.0,0.0,0.0
2018-10-10 00:00:00+09:00,9040.0,9040.0,9040.0,9040.0,1,0.0,0.0,0.0
2018-10-11 00:00:00+09:00,9040.0,9040.0,9040.0,9040.0,0,0.0,0.0,0.0
2018-10-12 00:00:00+09:00,9040.0,9040.0,9040.0,9040.0,0,0.0,0.0,0.0
2018-10-15 00:00:00+09:00,8780.0,8780.0,8780.0,8780.0,200,0.0,0.0,0.0
2018-10-16 00:00:00+09:00,8780.0,8780.0,8780.0,8780.0,0,0.0,0.0,0.0
2018-10-17 00:00:00+09:00,8780.0,8780.0,8780.0,8780.0,0,0.0,0.0,0.0
2018-10-18 00:00:00+09:00,8780.0,8780.0,8780.0,8780.0,0,0.0,0.0,0.0
2018-10-19 00:00:00+09:00,8780.0,8780.0,8780.0,8780.0,0,0.0,0.0,0.0
2018-10-22 00:00:00+09:00,8780.0,8780.0,8780.0,8780.0,0,0.0,0.0,0.0
2018-10-23 00:00:00+09:00,9040.0,9040.0,9040.0,9040.0,1,0.0,0.0,0.0
2018-10-24 00:00:00+09:00,9040.0,9040.0,9040.0,9040.0,0,0.0,0.0,0.0
2018-10-25 00:00:00+09:00,9040.0,9040.0,9040.0,9040.0,0,0.0,0.0,0.0
2018-10-26 00:00:00+09:00,9040.0,9040.0,9040.0,9040.0,0,0.0,0.0,0.0
2018-10-29 00:00:00+09:00,9040.0,9040.0,9040.0,9040.0,0,0.0,0.0,0.0
2018-10-30 00:00:00+09:00,9040.0,9040.0,9040.0,9040.0,0,0.0,0.0,0.0
2018-10-31 00:00:00+09:00,9040.0,9040.0,9040.0,9040.0,0,0.0,0.0,0.0
2018-11-01 00:00:00+09:00,9040.0,9040.0,9040.0,9040.0,0,0.0,0.0,0.0
2018-11-02 00:00:00+09:00,9300.0,9300.0,9300.0,9300.0,1,0.0,0.0,0.0
2018-11-05 00:00:00+09:00,9030.0,9030.0,9030.0,9030.0,200,0.0,0.0,0.0
2018-11-06 00:00:00+09:00,9030.0,9030.0,9030.0,9030.0,0,0.0,0.0,0.0
2018-11-07 00:00:00+09:00,9030.0,9030.0,9030.0,9030.0,0,0.0,0.0,0.0
2018-11-08 00:00:00+09:00,9030.0,9030.0,9030.0,9030.0,0,0.0,0.0,0.0
2018-11-09 00:00:00+09:00,9030.0,9030.0,9030.0,9030.0,0,0.0,0.0,0.0
2018-11-12 00:00:00+09:00,9030.0,9030.0,9030.0,9030.0,0,0.0,0.0,0.0
2018-11-13 00:00:00+09:00,9030.0,9030.0,9030.0,9030.0,0,0.0,0.0,0.0
2018-11-14 00:00:00+09:00,9030.0,9030.0,9030.0,9030.0,0,0.0,0.0,0.0
2018-11-15 00:00:00+09:00,9030.0,9030.0,9030.0,9030.0,0,0.0,0.0,0.0
2018-11-16 00:00:00+09:00,9030.0,9030.0,9030.0,9030.0,0,0.0,0.0,0.0
2018-11-19 00:00:00+09:00,9030.0,9030.0,9030.0,9030.0,0,0.0,0.0,0.0
2018-11-20 00:00:00+09:00,9030.0,9030.0,9030.0,9030.0,0,0.0,0.0,0.0
2018-11-21 00:00:00+09:00,9030.0,9030.0,9030.0,9030.0,0,0.0,0.0,0.0
2018-11-22 00:00:00+09:00,9030.0,9030.0,9030.0,9030.0,0,0.0,0.0,0.0
2018-11-23 00:00:00+09:00,9030.0,9030.0,9030.0,9030.0,0,0.0,0.0,0.0
2018-11-26 00:00:00+09:00,9030.0,9030.0,9030.0,9030.0,0,0.0,0.0,0.0
2018-11-27 00:00:00+09:00,9030.0,9030.0,9030.0,9030.0,0,0.0,0.0,0.0
2018-11-28 00:00:00+09:00,9030.0,9030.0,9030.0,9030.0,0,0.0,0.0,0.0
2018-11-29 00:00:00+09:00,9290.0,9290.0,9290.0,9290.0,1,0.0,0.0,0.0
2018-11-30 00:00:00+09:00,9290.0,9290.0,9290.0,9290.0,0,0.0,0.0,0.0
2018-12-03 00:00:00+09:00,9020.0,9020.0,9020.0,9020.0,200,0.0,0.0,0.0
2018-12-04 00:00:00+09:00,9020.0,9020.0,9020.0,9020.0,0,0.0,0.0,0.0
2018-12-05 00:00:00+09:00,9020.0,9020.0,9020.0,9020.0,0,0.0,0.0,0.0
2018-12-06 00:00:00+09:00,9020.0,9020.0,9020.0,9020.0,0,0.0,0.0,0.0
2018-12-07 00:00:00+09:00,9020.0,9020.0,9020.0,9020.0,0,0.0,0.0,0.0
2018-12-10 00:00:00+09:00,9020.0,9020.0,9020.0,9020.0,0,0.0,0.0,0.0
2018-12-11 00:00:00+09:00,9020.0,9020.0,9020.0,9020.0,0,0.0,0.0,0.0
2018-12-12 00:00:00+09:00,9020.0,9020.0,9020.0,9020.0,0,0.0,0.0,0.0
2018-12-13 00:00:00+09:00,8760.0,8760.0,8760.0,8760.0,200,0.0,0.0,0.0
2018-12-14 00:00:00+09:00,8760.0,8760.0,8760.0,8760.0,0,0.0,0.0,0.0
2018-12-17 00:00:00+09:00,8760.0,8760.0,8760.0,8760.0,0,0.0,0.0,0.0
2018-12-18 00:00:00+09:00,8510.0,8510.0,8510.0,8510.0,200,0.0,0.0,0.0
2018-12-19 00:00:00+09:00,8510.0,8510.0,8510.0,8510.0,0,0.0,0.0,0.0
2018-12-20 00:00:00+09:00,8760.0,8760.0,8760.0,8760.0,1,0.0,0.0,0.0
2018-12-21 00:00:00+09:00,8760.0,8760.0,8760.0,8760.0,0,0.0,0.0,0.0
2018-12-24 00:00:00+09:00,8760.0,8760.0,8760.0,8760.0,0,0.0,0.0,0.0
2018-12-26 00:00:00+09:00,8760.0,8760.0,8760.0,8760.0,0,0.0,0.0,0.0
2018-12-27 00:00:00+09:00,8760.0,8760.0,8760.0,8760.0,0,0.0,0.0,0.0
2018-12-28 00:00:00+09:00,8760.0,8760.0,8760.0,8760.0,0,0.0,0.0,0.0
2019-01-02 00:00:00+09:00,8760.0,8760.0,8760.0,8760.0,0,0.0,0.0,0.0
2019-01-03 00:00:00+09:00,8760.0,8760.0,8760.0,8760.0,0,0.0,0.0,0.0
2019-01-04 00:00:00+09:00,8760.0,8760.0,8760.0,8760.0,0,0.0,0.0,0.0
2019-01-07 00:00:00+09:00,8760.0,8760.0,8760.0,8760.0,0,0.0,0.0,0.0
2019-01-08 00:00:00+09:00,8760.0,8760.0,8760.0,8760.0,0,0.0,0.0,0.0
2019-01-09 00:00:00+09:00,8760.0,8760.0,8760.0,8760.0,0,0.0,0.0,0.0
2019-01-10 00:00:00+09:00,8760.0,8760.0,8760.0,8760.0,0,0.0,0.0,0.0
2019-01-11 00:00:00+09:00,8760.0,8760.0,8760.0,8760.0,0,0.0,0.0,0.0
2019-01-14 00:00:00+09:00,8760.0,8760.0,8760.0,8760.0,0,0.0,0.0,0.0
2019-01-15 00:00:00+09:00,8760.0,8760.0,8760.0,8760.0,0,0.0,0.0,0.0
2019-01-16 00:00:00+09:00,8760.0,8760.0,8760.0,8760.0,0,0.0,0.0,0.0
2019-01-17 00:00:00+09:00,8760.0,8760.0,8760.0,8760.0,0,0.0,0.0,0.0
2019-01-18 00:00:00+09:00,8760.0,8760.0,8760.0,8760.0,0,0.0,0.0,0.0
2019-01-21 00:00:00+09:00,8760.0,8760.0,8760.0,8760.0,0,0.0,0.0,0.0
2019-01-22 00:00:00+09:00,8760.0,8760.0,8760.0,8760.0,0,0.0,0.0,0.0
2019-01-23 00:00:00+09:00,8760.0,8760.0,8760.0,8760.0,0,0.0,0.0,0.0
2019-01-24 00:00:00+09:00,8760.0,8760.0,8760.0,8760.0,0,0.0,0.0,0.0
2019-01-25 00:00:00+09:00,8760.0,8760.0,8760.0,8760.0,0,0.0,0.0,0.0
2019-01-28 00:00:00+09:00,8760.0,8760.0,8760.0,8760.0,0,0.0,0.0,0.0
2019-01-29 00:00:00+09:00,8760.0,8760.0,8760.0,8760.0,0,0.0,0.0,0.0
2019-01-30 00:00:00+09:00,8760.0,8760.0,8760.0,8760.0,0,0.0,0.0,0.0
2019-01-31 00:00:00+09:00,8760.0,8760.0,8760.0,8760.0,0,0.0,0.0,0.0
2019-02-01 00:00:00+09:00,8760.0,8760.0,8760.0,8760.0,0,0.0,0.0,0.0
2019-02-07 00:00:00+09:00,8760.0,8760.0,8760.0,8760.0,0,0.0,0.0,0.0
2019-02-08 00:00:00+09:00,8760.0,8760.0,8760.0,8760.0,0,0.0,0.0,0.0
2019-02-11 00:00:00+09:00,8760.0,8760.0,8760.0,8760.0,0,0.0,0.0,0.0
2019-02-12 00:00:00+09:00,8760.0,8760.0,8760.0,8760.0,0,0.0,0.0,0.0
2019-02-13 00:00:00+09:00,8760.0,8760.0,8760.0,8760.0,0,0.0,0.0,0.0
2019-02-14 00:00:00+09:00,8760.0,8760.0,8760.0,8760.0,0,0.0,0.0,0.0
2019-02-15 00:00:00+09:00,8760.0,8760.0,8760.0,8760.0,0,0.0,0.0,0.0
2019-02-18 00:00:00+09:00,8760.0,8760.0,8760.0,8760.0,0,0.0,0.0,0.0
2019-02-19 00:00:00+09:00,8760.0,8760.0,8760.0,8760.0,0,0.0,0.0,0.0
2019-02-20 00:00:00+09:00,8600.0,8600.0,8600.0,8600.0,1,0.0,0.0,0.0
2019-02-21 00:00:00+09:00,8600.0,8600.0,8600.0,8600.0,0,0.0,0.0,0.0
2019-02-22 00:00:00+09:00,8600.0,8600.0,8600.0,8600.0,0,0.0,0.0,0.0
2019-02-25 00:00:00+09:00,8600.0,8600.0,8600.0,8600.0,0,0.0,0.0,0.0
2019-02-26 00:00:00+09:00,8600.0,8600.0,8600.0,8600.0,0,0.0,0.0,0.0
2019-02-27 00:00:00+09:00,8600.0,8600.0,8600.0,8600.0,0,0.0,0.0,0.0
2019-02-28 00:00:00+09:00,8600.0,8600.0,8600.0,8600.0,0,0.0,0.0,0.0
2019-03-04 00:00:00+09:00,8600.0,8600.0,8600.0,8600.0,0,0.0,0.0,0.0
2019-03-05 00:00:00+09:00,8600.0,8600.0,8600.0,8600.0,0,0.0,0.0,0.0
2019-03-06 00:00:00+09:00,8600.0,8600.0,8600.0,8600.0,0,0.0,0.0,0.0
2019-03-07 00:00:00+09:00,8600.0,8600.0,8600.0,8600.0,0,0.0,0.0,0.0
2019-03-08 00:00:00+09:00,8600.0,8600.0,8600.0,8600.0,0,0.0,0.0,0.0
2019-03-11 00:00:00+09:00,8600.0,8600.0,8600.0,8600.0,0,0.0,0.0,0.0
2019-03-12 00:00:00+09:00,8600.0,8600.0,8600.0,8600.0,0,0.0,0.0,0.0
2019-03-13 00:00:00+09:00,8600.0,8600.0,8600.0,8600.0,0,0.0,0.0,0.0
2019-03-14 00:00:00+09:00,8600.0,8600.0,8600.0,8600.0,0,0.0,0.0,0.0
2019-03-15 00:00:00+09:00,8600.0,8600.0,8600.0,8600.0,0,0.0,0.0,0.0
2019-03-18 00:00:00+09:00,8600.0,8600.0,8600.0,8600.0,0,0.0,0.0,0.0
2019-03-19 00:00:00+09:00,8600.0,8600.0,8600.0,8600.0,0,0.0,0.0,0.0
2019-03-20 00:00:00+09:00,8600.0,8600.0,8600.0,8600.0,0,0.0,0.0,0.0
2019-03-21 00:00:00+09:00,8600.0,8600.0,8600.0,8600.0,0,0.0,0.0,0.0
2019-03-22 00:00:00+09:00,8600.0,8600.0,8600.0,8600.0,0,0.0,0.0,0.0
2019-03-25 00:00:00+09:00,8600.0,8600.0,8600.0,8600.0,0,0.0,0.0,0.0
2019-03-26 00:00:00+09:00,8600.0,8600.0,8600.0,8600.0,0,0.0,0.0,0.0
2019-03-27 00:00:00+09:00,8600.0,8600.0,8600.0,8600.0,0,0.0,0.0,0.0
2019-03-28 00:00:00+09:00,8600.0,8600.0,8600.0,8600.0,0,0.0,0.0,0.0
2019-03-29 00:00:00+09:00,8600.0,8600.0,8600.0,8600.0,0,0.0,0.0,0.0
2019-04-01 00:00:00+09:00,8600.0,8600.0,8600.0,8600.0,0,0.0,0.0,0.0
2019-04-02 00:00:00+09:00,8600.0,8600.0,8600.0,8600.0,0,0.0,0.0,0.0
2019-04-03 00:00:00+09:00,8600.0,8600.0,8600.0,8600.0,0,0.0,0.0,0.0
2019-04-04 00:00:00+09:00,8600.0,8600.0,8600.0,8600.0,0,0.0,0.0,0.0
2019-04-05 00:00:00+09:00,8600.0,8600.0,8600.0,8600.0,0,0.0,0.0,0.0
2019-04-08 00:00:00+09:00,8600.0,8600.0,8600.0,8600.0,0,0.0,0.0,0.0
2019-04-09 00:00:00+09:00,8600.0,8600.0,8600.0,8600.0,0,0.0,0.0,0.0
2019-04-10 00:00:00+09:00,8600.0,8600.0,8600.0,8600.0,0,0.0,0.0,0.0
2019-04-11 00:00:00+09:00,8600.0,8600.0,8600.0,8600.0,0,0.0,0.0,0.0
2019-04-12 00:00:00+09:00,8600.0,8600.0,8600.0,8600.0,0,0.0,0.0,0.0
2019-04-15 00:00:00+09:00,8600.0,8600.0,8600.0,8600.0,0,0.0,0.0,0.0
2019-04-16 00:00:00+09:00,8600.0,8600.0,8600.0,8600.0,0,0.0,0.0,0.0
2019-04-17 00:00:00+09:00,8600.0,8600.0,8600.0,8600.0,0,0.0,0.0,0.0
2019-04-18 00:00:00+09:00,8850.0,8850.0,8850.0,8850.0,1,0.0,0.0,0.0
2019-04-19 00:00:00+09:00,8850.0,8850.0,8850.0,8850.0,0,0.0,0.0,0.0
2019-04-22 00:00:00+09:00,8850.0,8850.0,8850.0,8850.0,0,0.0,0.0,0.0
2019-04-23 00:00:00+09:00,8850.0,8850.0,8850.0,8850.0,0,0.0,0.0,0.0
2019-04-24 00:00:00+09:00,8600.0,8600.0,8600.0,8600.0,200,0.0,0.0,0.0
2019-04-25 00:00:00+09:00,8600.0,8600.0,8600.0,8600.0,0,0.0,0.0,0.0
2019-04-26 00:00:00+09:00,8600.0,8600.0,8600.0,8600.0,0,0.0,0.0,0.0
2019-04-29 00:00:00+09:00,8600.0,8600.0,8600.0,8600.0,0,0.0,0.0,0.0
2019-04-30 00:00:00+09:00,9890.0,9890.0,9890.0,9890.0,1,0.0,0.0,0.0
2019-05-02 00:00:00+09:00,11350.0,11350.0,11350.0,11350.0,1,0.0,0.0,0.0
2019-05-03 00:00:00+09:00,11350.0,11350.0,11350.0,11350.0,0,0.0,0.0,0.0
2019-05-07 00:00:00+09:00,11350.0,11350.0,11350.0,11350.0,0,0.0,0.0,0.0
2019-05-08 00:00:00+09:00,11700.0,11700.0,11700.0,11700.0,1,0.0,0.0,0.0
2019-05-09 00:00:00+09:00,13400.0,13400.0,13400.0,13400.0,1,0.0,0.0,0.0
2019-05-10 00:00:00+09:00,13400.0,13400.0,13400.0,13400.0,0,0.0,0.0,0.0
2019-05-13 00:00:00+09:00,13400.0,13400.0,13400.0,13400.0,0,0.0,0.0,0.0
2019-05-14 00:00:00+09:00,13400.0,13400.0,13400.0,13400.0,0,0.0,0.0,0.0
2019-05-15 00:00:00+09:00,13400.0,13400.0,13400.0,13400.0,0,0.0,0.0,0.0
2019-05-16 00:00:00+09:00,13400.0,13400.0,13400.0,13400.0,0,0.0,0.0,0.0
2019-05-17 00:00:00+09:00,13400.0,13400.0,13400.0,13400.0,0,0.0,0.0,0.0
2019-05-20 00:00:00+09:00,13400.0,13400.0,13400.0,13400.0,0,0.0,0.0,0.0
2019-05-21 00:00:00+09:00,11400.0,11400.0,11400.0,11400.0,1,0.0,0.0,0.0
2019-05-22 00:00:00+09:00,11400.0,11400.0,11400.0,11400.0,0,0.0,0.0,0.0
2019-05-23 00:00:00+09:00,11400.0,11400.0,11400.0,11400.0,0,0.0,0.0,0.0
2019-05-24 00:00:00+09:00,11400.0,11400.0,11400.0,11400.0,0,0.0,0.0,0.0
2019-05-27 00:00:00+09:00,11400.0,11400.0,11400.0,11400.0,0,0.0,0.0,0.0
2019-05-28 00:00:00+09:00,11400.0,11400.0,11400.0,11400.0,0,0.0,0.0,0.0
2019-05-29 00:00:00+09:00,11400.0,11400.0,11400.0,11400.0,0,0.0,0.0,0.0
2019-05-30 00:00:00+09:00,11400.0,11400.0,11400.0,11400.0,0,0.0,0.0,0.0
2019-05-31 00:00:00+09:00,11400.0,11400.0,11400.0,11400.0,0,0.0,0.0,0.0
2019-06-03 00:00:00+09:00,11400.0,11400.0,11400.0,11400.0,0,0.0,0.0,0.0
2019-06-04 00:00:00+09:00,11400.0,11400.0,11400.0,11400.0,0,0.0,0.0,0.0
2019-06-05 00:00:00+09:00,11400.0,11400.0,11400.0,11400.0,0,0.0,0.0,0.0
2019-06-07 00:00:00+09:00,11400.0,11400.0,11400.0,11400.0,0,0.0,0.0,0.0
2019-06-10 00:00:00+09:00,11400.0,11400.0,11400.0,11400.0,0,0.0,0.0,0.0
2019-06-11 00:00:00+09:00,11400.0,11400.0,11400.0,11400.0,0,0.0,0.0,0.0
2019-06-12 00:00:00+09:00,11400.0,11400.0,11400.0,11400.0,0,0.0,0.0,0.0
2019-06-13 00:00:00+09:00,11400.0,11400.0,11400.0,11400.0,0,0.0,0.0,0.0
2019-06-14 00:00:00+09:00,11400.0,11400.0,11400.0,11400.0,0,0.0,0.0,0.0
2019-06-17 00:00:00+09:00,11750.0,11750.0,11750.0,11750.0,100,0.0,0.0,0.0
2019-06-18 00:00:00+09:00,11750.0,11750.0,11750.0,11750.0,0,0.0,0.0,0.0
2019-06-19 00:00:00+09:00,11750.0,11750.0,11750.0,11750.0,0,0.0,0.0,0.0
2019-06-20 00:00:00+09:00,11750.0,11750.0,11750.0,11750.0,0,0.0,0.0,0.0
2019-06-21 00:00:00+09:00,11750.0,11750.0,11750.0,11750.0,0,0.0,0.0,0.0
2019-06-24 00:00:00+09:00,12100.0,12100.0,12100.0,12100.0,100,0.0,0.0,0.0
2019-06-25 00:00:00+09:00,12100.0,12100.0,12100.0,12100.0,0,0.0,0.0,0.0
2019-06-26 00:00:00+09:00,12450.0,12450.0,12450.0,12450.0,100,0.0,0.0,0.0
2019-06-27 00:00:00+09:00,12800.0,12800.0,12150.0,12150.0,101,0.0,0.0,0.0
2019-06-28 00:00:00+09:00,12500.0,12500.0,11850.0,11850.0,101,0.0,0.0,0.0
2019-07-01 00:00:00+09:00,12200.0,12200.0,11600.0,11600.0,101,0.0,0.0,0.0
2019-07-02 00:00:00+09:00,11950.0,11950.0,11300.0,11300.0,101,0.0,0.0,0.0
2019-07-03 00:00:00+09:00,11650.0,11650.0,11650.0,11650.0,100,0.0,0.0,0.0
2019-07-04 00:00:00+09:00,12000.0,13300.0,11350.0,13300.0,214,0.0,0.0,0.0
2019-07-05 00:00:00+09:00,15250.0,15250.0,15250.0,15250.0,1,0.0,0.0,0.0
2019-07-08 00:00:00+09:00,15250.0,15250.0,15250.0,15250.0,0,0.0,0.0,0.0
2019-07-09 00:00:00+09:00,15250.0,15250.0,15250.0,15250.0,0,0.0,0.0,0.0
2019-07-10 00:00:00+09:00,15050.0,15950.0,15050.0,15950.0,101,0.0,0.0,0.0
2019-07-11 00:00:00+09:00,15500.0,16400.0,15500.0,16400.0,101,0.0,0.0,0.0
2019-07-12 00:00:00+09:00,15950.0,15950.0,15950.0,15950.0,125,0.0,0.0,0.0
2019-07-15 00:00:00+09:00,15500.0,16400.0,15500.0,16400.0,101,0.0,0.0,0.0
2019-07-16 00:00:00+09:00,15950.0,16900.0,15950.0,16900.0,101,0.0,0.0,0.0
2019-07-17 00:00:00+09:00,16450.0,17400.0,16450.0,17400.0,101,0.0,0.0,0.0
2019-07-18 00:00:00+09:00,16900.0,17900.0,16900.0,17900.0,101,0.0,0.0,0.0
2019-07-19 00:00:00+09:00,17400.0,17400.0,17400.0,17400.0,88,0.0,0.0,0.0
2019-07-22 00:00:00+09:00,16900.0,16900.0,16900.0,16900.0,89,0.0,0.0,0.0
2019-07-23 00:00:00+09:00,16900.0,16900.0,16900.0,16900.0,0,0.0,0.0,0.0
2019-07-24 00:00:00+09:00,16900.0,16900.0,16900.0,16900.0,0,0.0,0.0,0.0
2019-07-25 00:00:00+09:00,16900.0,16900.0,16900.0,16900.0,0,0.0,0.0,0.0
2019-07-26 00:00:00+09:00,16900.0,16900.0,16900.0,16900.0,0,0.0,0.0,0.0
2019-07-29 00:00:00+09:00,16900.0,16900.0,16900.0,16900.0,0,0.0,0.0,0.0
2019-07-30 00:00:00+09:00,14500.0,16450.0,14500.0,16450.0,101,0.0,0.0,0.0
2019-07-31 00:00:00+09:00,14050.0,14050.0,14050.0,14050.0,1,0.0,0.0,0.0
2019-08-01 00:00:00+09:00,14450.0,14450.0,14450.0,14450.0,100,0.0,0.0,0.0
2019-08-02 00:00:00+09:00,14450.0,14450.0,14450.0,14450.0,0,0.0,0.0,0.0
2019-08-05 00:00:00+09:00,12350.0,12350.0,12350.0,12350.0,1,0.0,0.0,0.0
2019-08-06 00:00:00+09:00,12700.0,12700.0,12700.0,12700.0,100,0.0,0.0,0.0
2019-08-07 00:00:00+09:00,14600.0,14600.0,10850.0,13500.0,3,0.0,0.0,0.0
2019-08-08 00:00:00+09:00,11550.0,13900.0,11550.0,13900.0,3,0.0,0.0,0.0
2019-08-09 00:00:00+09:00,14300.0,15900.0,14300.0,15900.0,101,0.0,0.0,0.0
2019-08-12 00:00:00+09:00,15450.0,15450.0,13600.0,13600.0,101,0.0,0.0,0.0
2019-08-13 00:00:00+09:00,14000.0,14000.0,13250.0,13250.0,101,0.0,0.0,0.0
2019-08-14 00:00:00+09:00,15200.0,15200.0,13650.0,15150.0,102,0.0,0.0,0.0
2019-08-16 00:00:00+09:00,14750.0,14750.0,14750.0,14750.0,100,0.0,0.0,0.0
2019-08-19 00:00:00+09:00,15200.0,15200.0,15200.0,15200.0,100,0.0,0.0,0.0
2019-08-20 00:00:00+09:00,15650.0,16750.0,15650.0,16750.0,101,0.0,0.0,0.0
2019-08-21 00:00:00+09:00,18500.0,18500.0,18500.0,18500.0,1,0.0,0.0,0.0
2019-08-22 00:00:00+09:00,18000.0,19050.0,18000.0,19050.0,101,0.0,0.0,0.0
2019-08-23 00:00:00+09:00,18500.0,19600.0,18500.0,19600.0,101,0.0,0.0,0.0
2019-08-26 00:00:00+09:00,19050.0,20150.0,19050.0,20150.0,101,0.0,0.0,0.0
2019-08-27 00:00:00+09:00,19600.0,19600.0,19600.0,19600.0,99,0.0,0.0,0.0
2019-08-28 00:00:00+09:00,19050.0,19050.0,19050.0,19050.0,99,0.0,0.0,0.0
2019-08-29 00:00:00+09:00,16250.0,16250.0,16250.0,16250.0,1,0.0,0.0,0.0
2019-08-30 00:00:00+09:00,14500.0,14500.0,14500.0,14500.0,1,0.0,0.0,0.0
2019-09-02 00:00:00+09:00,14900.0,16650.0,14900.0,16650.0,101,0.0,0.0,0.0
2019-09-03 00:00:00+09:00,19100.0,19100.0,19100.0,19100.0,3,0.0,0.0,0.0
2019-09-04 00:00:00+09:00,18550.0,19650.0,18550.0,19650.0,3,0.0,0.0,0.0
2019-09-05 00:00:00+09:00,19650.0,19650.0,19650.0,19650.0,0,0.0,0.0,0.0
2019-09-06 00:00:00+09:00,16800.0,20500.0,16800.0,20500.0,13,0.0,0.0,0.0
2019-09-09 00:00:00+09:00,17500.0,21000.0,17500.0,21000.0,2,0.0,0.0,0.0
2019-09-10 00:00:00+09:00,20400.0,21600.0,20400.0,21600.0,2,0.0,0.0,0.0
2019-09-11 00:00:00+09:00,22250.0,22250.0,22250.0,22250.0,1,0.0,0.0,0.0
2019-09-16 00:00:00+09:00,22250.0,22250.0,22250.0,22250.0,0,0.0,0.0,0.0
2019-09-17 00:00:00+09:00,22250.0,22250.0,22250.0,22250.0,0,0.0,0.0,0.0
2019-09-18 00:00:00+09:00,21650.0,22900.0,21650.0,22900.0,200,0.0,0.0,0.0
2019-09-19 00:00:00+09:00,22900.0,22900.0,22900.0,22900.0,0,0.0,0.0,0.0
2019-09-20 00:00:00+09:00,19600.0,19600.0,19600.0,19600.0,1,0.0,0.0,0.0
2019-09-23 00:00:00+09:00,20150.0,20150.0,20150.0,20150.0,100,0.0,0.0,0.0
2019-09-24 00:00:00+09:00,20750.0,20750.0,20750.0,20750.0,1,0.0,0.0,0.0
2019-09-25 00:00:00+09:00,17700.0,21350.0,17700.0,21350.0,3,0.0,0.0,0.0
2019-09-26 00:00:00+09:00,21350.0,21350.0,21350.0,21350.0,0,0.0,0.0,0.0
2019-09-27 00:00:00+09:00,18200.0,21800.0,18200.0,21800.0,3,0.0,0.0,0.0
2019-09-30 00:00:00+09:00,18600.0,22400.0,18600.0,22400.0,8,0.0,0.0,0.0
2019-10-01 00:00:00+09:00,19100.0,19100.0,19100.0,19100.0,12,0.0,0.0,0.0
2019-10-02 00:00:00+09:00,16300.0,21950.0,16300.0,21950.0,2,0.0,0.0,0.0
2019-10-04 00:00:00+09:00,18800.0,22550.0,18800.0,22550.0,12,0.0,0.0,0.0
2019-10-07 00:00:00+09:00,19250.0,23150.0,19250.0,23150.0,16,0.0,0.0,0.0
2019-10-08 00:00:00+09:00,19750.0,23800.0,19750.0,23800.0,12,0.0,0.0,0.0
2019-10-10 00:00:00+09:00,20300.0,24450.0,20300.0,20300.0,11,0.0,0.0,0.0
2019-10-11 00:00:00+09:00,17350.0,23300.0,17350.0,23300.0,15,0.0,0.0,0.0
2019-10-14 00:00:00+09:00,19900.0,23950.0,19900.0,23950.0,2,0.0,0.0,0.0
2019-10-15 00:00:00+09:00,20450.0,23600.0,20450.0,23600.0,2,0.0,0.0,0.0
2019-10-16 00:00:00+09:00,20150.0,20150.0,20150.0,20150.0,10,0.0,0.0,0.0
2019-10-17 00:00:00+09:00,20150.0,20150.0,20150.0,20150.0,0,0.0,0.0,0.0
2019-10-18 00:00:00+09:00,20050.0,20050.0,20050.0,20050.0,1,0.0,0.0,0.0
2019-10-21 00:00:00+09:00,17100.0,23000.0,17100.0,23000.0,2,0.0,0.0,0.0
2019-10-22 00:00:00+09:00,19550.0,19550.0,19550.0,19550.0,10,0.0,0.0,0.0
2019-10-23 00:00:00+09:00,16700.0,21300.0,16700.0,21300.0,16,0.0,0.0,0.0
2019-10-24 00:00:00+09:00,18200.0,18200.0,18200.0,18200.0,10,0.0,0.0,0.0
2019-10-25 00:00:00+09:00,15550.0,15550.0,15550.0,15550.0,1,0.0,0.0,0.0
2019-10-28 00:00:00+09:00,13300.0,16000.0,13300.0,16000.0,12,0.0,0.0,0.0
2019-10-29 00:00:00+09:00,16000.0,16000.0,16000.0,16000.0,0,0.0,0.0,0.0
2019-10-30 00:00:00+09:00,16450.0,16450.0,16450.0,16450.0,1,0.0,0.0,0.0
2019-10-31 00:00:00+09:00,16450.0,16450.0,16450.0,16450.0,1,0.0,0.0,0.0
2019-11-01 00:00:00+09:00,18800.0,18800.0,18800.0,18800.0,1,0.0,0.0,0.0
2019-11-04 00:00:00+09:00,18800.0,18800.0,18800.0,18800.0,0,0.0,0.0,0.0
2019-11-05 00:00:00+09:00,18800.0,18800.0,18800.0,18800.0,0,0.0,0.0,0.0
2019-11-06 00:00:00+09:00,18800.0,18800.0,18800.0,18800.0,0,0.0,0.0,0.0
2019-11-07 00:00:00+09:00,18800.0,18800.0,18800.0,18800.0,0,0.0,0.0,0.0
2019-11-08 00:00:00+09:00,18800.0,18800.0,18800.0,18800.0,0,0.0,0.0,0.0
2019-11-11 00:00:00+09:00,18800.0,18800.0,18800.0,18800.0,0,0.0,0.0,0.0
2019-11-12 00:00:00+09:00,18800.0,18800.0,18800.0,18800.0,0,0.0,0.0,0.0
2019-11-13 00:00:00+09:00,18800.0,18800.0,18800.0,18800.0,0,0.0,0.0,0.0
2019-11-14 00:00:00+09:00,18800.0,18800.0,18800.0,18800.0,0,0.0,0.0,0.0
2019-11-15 00:00:00+09:00,18800.0,18800.0,18800.0,18800.0,0,0.0,0.0,0.0
2019-11-18 00:00:00+09:00,18800.0,18800.0,18800.0,18800.0,0,0.0,0.0,0.0
2019-11-19 00:00:00+09:00,18800.0,18800.0,18800.0,18800.0,0,0.0,0.0,0.0
2019-11-20 00:00:00+09:00,18800.0,18800.0,18800.0,18800.0,0,0.0,0.0,0.0
2019-11-21 00:00:00+09:00,18800.0,18800.0,18800.0,18800.0,0,0.0,0.0,0.0
2019-11-22 00:00:00+09:00,18800.0,18800.0,18800.0,18800.0,0,0.0,0.0,0.0
2019-11-25 00:00:00+09:00,18800.0,18800.0,18800.0,18800.0,0,0.0,0.0,0.0
2019-11-26 00:00:00+09:00,18800.0,18800.0,18800.0,18800.0,0,0.0,0.0,0.0
2019-11-27 00:00:00+09:00,15700.0,15700.0,15700.0,15700.0,1,0.0,0.0,0.0
2019-11-28 00:00:00+09:00,18000.0,18000.0,18000.0,18000.0,1,0.0,0.0,0.0
2019-11-29 00:00:00+09:00,15350.0,15350.0,15350.0,15350.0,9,0.0,0.0,0.0
2019-12-02 00:00:00+09:00,15350.0,15350.0,15350.0,15350.0,0,0.0,0.0,0.0
2019-12-03 00:00:00+09:00,15350.0,15350.0,15350.0,15350.0,0,0.0,0.0,0.0
2019-12-04 00:00:00+09:00,15350.0,15350.0,15350.0,15350.0,0,0.0,0.0,0.0
2019-12-05 00:00:00+09:00,15350.0,15350.0,15350.0,15350.0,0,0.0,0.0,0.0
2019-12-06 00:00:00+09:00,15350.0,15350.0,15350.0,15350.0,0,0.0,0.0,0.0
2019-12-09 00:00:00+09:00,17000.0,17000.0,17000.0,17000.0,2,0.0,0.0,0.0
2019-12-10 00:00:00+09:00,17000.0,17000.0,17000.0,17000.0,0,0.0,0.0,0.0
2019-12-11 00:00:00+09:00,17000.0,17000.0,17000.0,17000.0,0,0.0,0.0,0.0
2019-12-12 00:00:00+09:00,17000.0,17000.0,17000.0,17000.0,0,0.0,0.0,0.0
2019-12-13 00:00:00+09:00,17000.0,17000.0,17000.0,17000.0,0,0.0,0.0,0.0
2019-12-16 00:00:00+09:00,19500.0,19500.0,19500.0,19500.0,1,0.0,0.0,0.0
2019-12-17 00:00:00+09:00,19500.0,19500.0,19500.0,19500.0,0,0.0,0.0,0.0
2019-12-18 00:00:00+09:00,19500.0,19500.0,19500.0,19500.0,0,0.0,0.0,0.0
2019-12-19 00:00:00+09:00,19500.0,19500.0,19500.0,19500.0,0,0.0,0.0,0.0
2019-12-20 00:00:00+09:00,19500.0,19500.0,19500.0,19500.0,0,0.0,0.0,0.0
2019-12-23 00:00:00+09:00,19500.0,19500.0,19500.0,19500.0,0,0.0,0.0,0.0
2019-12-24 00:00:00+09:00,19500.0,19500.0,19500.0,19500.0,0,0.0,0.0,0.0
2019-12-26 00:00:00+09:00,19500.0,19500.0,19500.0,19500.0,0,0.0,0.0,0.0
2019-12-27 00:00:00+09:00,19500.0,19500.0,19500.0,19500.0,0,0.0,0.0,0.0
2019-12-30 00:00:00+09:00,19500.0,19500.0,19500.0,19500.0,0,0.0,0.0,0.0
2020-01-02 00:00:00+09:00,19500.0,19500.0,19500.0,19500.0,0,0.0,0.0,0.0
2020-01-03 00:00:00+09:00,19500.0,19500.0,19500.0,19500.0,0,0.0,0.0,0.0
2020-01-06 00:00:00+09:00,19500.0,19500.0,19500.0,19500.0,0,0.0,0.0,0.0
2020-01-07 00:00:00+09:00,19500.0,19500.0,19500.0,19500.0,0,0.0,0.0,0.0
2020-01-08 00:00:00+09:00,19500.0,19500.0,19500.0,19500.0,0,0.0,0.0,0.0
2020-01-09 00:00:00+09:00,19500.0,19500.0,19500.0,19500.0,0,0.0,0.0,0.0
2020-01-10 00:00:00+09:00,19500.0,19500.0,19500.0,19500.0,0,0.0,0.0,0.0
2020-01-13 00:00:00+09:00,19500.0,19500.0,19500.0,19500.0,0,0.0,0.0,0.0
2020-01-14 00:00:00+09:00,19500.0,19500.0,19500.0,19500.0,0,0.0,0.0,0.0
2020-01-15 00:00:00+09:00,19500.0,19500.0,19500.0,19500.0,0,0.0,0.0,0.0
2020-01-16 00:00:00+09:00,19500.0,19500.0,19500.0,19500.0,0,0.0,0.0,0.0
2020-01-17 00:00:00+09:00,19500.0,19500.0,19500.0,19500.0,0,0.0,0.0,0.0
2020-01-20 00:00:00+09:00,16600.0,16600.0,16600.0,16600.0,109,0.0,0.0,0.0
2020-01-21 00:00:00+09:00,14200.0,14200.0,14200.0,14200.0,10,0.0,0.0,0.0
2020-01-22 00:00:00+09:00,13550.0,13550.0,13550.0,13550.0,100,0.0,0.0,0.0
2020-01-23 00:00:00+09:00,12800.0,13550.0,12800.0,13550.0,101,0.0,0.0,0.0
2020-01-28 00:00:00+09:00,12100.0,12800.0,12100.0,12800.0,101,0.0,0.0,0.0
2020-01-29 00:00:00+09:00,10950.0,11550.0,10950.0,11550.0,101,0.0,0.0,0.0
2020-01-30 00:00:00+09:00,11550.0,11550.0,11550.0,11550.0,0,0.0,0.0,0.0
2020-01-31 00:00:00+09:00,9350.0,9350.0,9350.0,9350.0,110,0.0,0.0,0.0
2020-02-03 00:00:00+09:00,10700.0,10700.0,10700.0,10700.0,1,0.0,0.0,0.0
2020-02-04 00:00:00+09:00,11000.0,11000.0,11000.0,11000.0,100,0.0,0.0,0.0
2020-02-05 00:00:00+09:00,10700.0,11300.0,10700.0,11300.0,105,0.0,0.0,0.0
2020-02-06 00:00:00+09:00,11000.0,11000.0,11000.0,11000.0,100,0.0,0.0,0.0
2020-02-07 00:00:00+09:00,11000.0,12000.0,11000.0,12000.0,102,0.0,0.0,0.0
2020-02-10 00:00:00+09:00,11700.0,12300.0,11700.0,12300.0,42,0.0,0.0,0.0
2020-02-11 00:00:00+09:00,12000.0,12600.0,10550.0,10550.0,111,0.0,0.0,0.0
2020-02-12 00:00:00+09:00,10800.0,10800.0,10800.0,10800.0,100,0.0,0.0,0.0
2020-02-13 00:00:00+09:00,11100.0,12300.0,11100.0,12300.0,101,0.0,0.0,0.0
2020-02-14 00:00:00+09:00,12000.0,12600.0,12000.0,12600.0,101,0.0,0.0,0.0
2020-02-17 00:00:00+09:00,12200.0,12800.0,12200.0,12800.0,101,0.0,0.0,0.0
2020-02-18 00:00:00+09:00,12150.0,12150.0,11000.0,11000.0,101,0.0,0.0,0.0
2020-02-19 00:00:00+09:00,11000.0,11050.0,11000.0,11050.0,101,0.0,0.0,0.0
2020-02-20 00:00:00+09:00,11300.0,11300.0,10800.0,10800.0,200,0.0,0.0,0.0
2020-02-21 00:00:00+09:00,10800.0,10800.0,10800.0,10800.0,100,0.0,0.0,0.0
2020-02-24 00:00:00+09:00,10400.0,11000.0,10400.0,11000.0,101,0.0,0.0,0.0
2020-02-25 00:00:00+09:00,12600.0,12600.0,12600.0,12600.0,1,0.0,0.0,0.0
2020-02-26 00:00:00+09:00,12000.0,12000.0,12000.0,12000.0,100,0.0,0.0,0.0
2020-02-27 00:00:00+09:00,10400.0,12300.0,10400.0,12300.0,11,0.0,0.0,0.0
2020-02-28 00:00:00+09:00,12000.0,12600.0,12000.0,12600.0,101,0.0,0.0,0.0
2020-03-02 00:00:00+09:00,14400.0,14400.0,10800.0,10800.0,6,0.0,0.0,0.0
2020-03-03 00:00:00+09:00,11100.0,12350.0,10500.0,12350.0,206,0.0,0.0,0.0
2020-03-04 00:00:00+09:00,11900.0,12500.0,11900.0,12500.0,104,0.0,0.0,0.0
2020-03-05 00:00:00+09:00,11900.0,12600.0,11900.0,12600.0,107,0.0,0.0,0.0
2020-03-06 00:00:00+09:00,12000.0,12000.0,10750.0,10750.0,106,0.0,0.0,0.0
2020-03-09 00:00:00+09:00,10350.0,10350.0,9160.0,9160.0,120,0.0,0.0,0.0
2020-03-10 00:00:00+09:00,9400.0,10450.0,7790.0,7800.0,332,0.0,0.0,0.0
2020-03-11 00:00:00+09:00,7010.0,7010.0,6640.0,6640.0,2,0.0,0.0,0.0
2020-03-12 00:00:00+09:00,5650.0,7630.0,5650.0,7630.0,201,0.0,0.0,0.0
2020-03-13 00:00:00+09:00,8760.0,8770.0,6490.0,8760.0,203,0.0,0.0,0.0
2020-03-16 00:00:00+09:00,8350.0,8800.0,7450.0,8800.0,622,0.0,0.0,0.0
2020-03-17 00:00:00+09:00,8350.0,10100.0,8350.0,10100.0,242,0.0,0.0,0.0
2020-03-18 00:00:00+09:00,9800.0,10300.0,9800.0,10300.0,111,0.0,0.0,0.0
2020-03-19 00:00:00+09:00,9900.0,10400.0,9900.0,10400.0,111,0.0,0.0,0.0
2020-03-20 00:00:00+09:00,9400.0,9400.0,9400.0,9400.0,110,0.0,0.0,0.0
2020-03-23 00:00:00+09:00,10750.0,10750.0,10750.0,10750.0,1,0.0,0.0,0.0
2020-03-24 00:00:00+09:00,10200.0,10800.0,10200.0,10800.0,101,0.0,0.0,0.0
2020-03-25 00:00:00+09:00,12300.0,12300.0,12300.0,12300.0,1,0.0,0.0,0.0
2020-03-26 00:00:00+09:00,10500.0,10500.0,10500.0,10500.0,100,0.0,0.0,0.0
2020-03-27 00:00:00+09:00,10200.0,10800.0,10200.0,10800.0,101,0.0,0.0,0.0
2020-03-30 00:00:00+09:00,10200.0,10800.0,9200.0,10800.0,201,0.0,0.0,0.0
2020-03-31 00:00:00+09:00,10250.0,10800.0,9200.0,10800.0,201,0.0,0.0,0.0
2020-04-01 00:00:00+09:00,10200.0,10800.0,9200.0,10800.0,201,0.0,0.0,0.0
2020-04-02 00:00:00+09:00,12300.0,12300.0,12300.0,12300.0,1,0.0,0.0,0.0
2020-04-03 00:00:00+09:00,14000.0,14000.0,14000.0,14000.0,10,0.0,0.0,0.0
2020-04-06 00:00:00+09:00,11900.0,11900.0,11900.0,11900.0,100,0.0,0.0,0.0
2020-04-07 00:00:00+09:00,11300.0,11900.0,11300.0,11900.0,101,0.0,0.0,0.0
2020-04-08 00:00:00+09:00,11900.0,13550.0,11900.0,13550.0,202,0.0,0.0,0.0
2020-04-09 00:00:00+09:00,11550.0,11550.0,11550.0,11550.0,100,0.0,0.0,0.0
2020-04-10 00:00:00+09:00,11000.0,11550.0,9850.0,11550.0,190,0.0,0.0,0.0
2020-04-13 00:00:00+09:00,9850.0,9850.0,9850.0,9850.0,371,0.0,0.0,0.0
2020-04-14 00:00:00+09:00,8390.0,11300.0,8380.0,9990.0,342,0.0,0.0,0.0
2020-04-16 00:00:00+09:00,8500.0,9640.0,8500.0,8500.0,3,0.0,0.0,0.0
2020-04-17 00:00:00+09:00,9750.0,9760.0,7230.0,9760.0,482,0.0,0.0,0.0
2020-04-20 00:00:00+09:00,9760.0,11150.0,8300.0,11150.0,276,0.0,0.0,0.0
2020-04-21 00:00:00+09:00,9500.0,10000.0,9500.0,10000.0,111,0.0,0.0,0.0
2020-04-22 00:00:00+09:00,11450.0,11450.0,8500.0,8500.0,322,0.0,0.0,0.0
2020-04-23 00:00:00+09:00,8120.0,8120.0,7850.0,7880.0,230,0.0,0.0,0.0
2020-04-24 00:00:00+09:00,6760.0,8940.0,6700.0,8810.0,1053,0.0,0.0,0.0
2020-04-27 00:00:00+09:00,7500.0,8240.0,7500.0,8240.0,451,0.0,0.0,0.0
2020-04-28 00:00:00+09:00,7820.0,7820.0,7820.0,7820.0,130,0.0,0.0,0.0
2020-04-29 00:00:00+09:00,7600.0,7990.0,6650.0,7990.0,1101,0.0,0.0,0.0
2020-05-04 00:00:00+09:00,7580.0,7980.0,7580.0,7980.0,141,0.0,0.0,0.0
2020-05-06 00:00:00+09:00,9170.0,9170.0,9170.0,9170.0,1,0.0,0.0,0.0
2020-05-07 00:00:00+09:00,9170.0,9170.0,7800.0,7800.0,304,0.0,0.0,0.0
2020-05-08 00:00:00+09:00,8970.0,8970.0,8700.0,8700.0,7,0.0,0.0,0.0
2020-05-11 00:00:00+09:00,8260.0,8700.0,8260.0,8700.0,132,0.0,0.0,0.0
2020-05-12 00:00:00+09:00,8240.0,8680.0,8240.0,8680.0,133,0.0,0.0,0.0
2020-05-13 00:00:00+09:00,8000.0,8430.0,8000.0,8430.0,131,0.0,0.0,0.0
2020-05-14 00:00:00+09:00,8400.0,8400.0,8400.0,8400.0,11,0.0,0.0,0.0
2020-05-15 00:00:00+09:00,7970.0,7970.0,7970.0,7970.0,130,0.0,0.0,0.0
2020-05-18 00:00:00+09:00,7970.0,7970.0,7970.0,7970.0,3,0.0,0.0,0.0
2020-05-19 00:00:00+09:00,7560.0,7960.0,7560.0,7960.0,141,0.0,0.0,0.0
2020-05-20 00:00:00+09:00,7500.0,7500.0,7500.0,7500.0,164,0.0,0.0,0.0
2020-05-21 00:00:00+09:00,6390.0,7990.0,6390.0,7990.0,2,0.0,0.0,0.0
2020-05-22 00:00:00+09:00,7440.0,7440.0,7440.0,7440.0,1,0.0,0.0,0.0
2020-05-25 00:00:00+09:00,8000.0,8000.0,6350.0,8000.0,193,0.0,0.0,0.0
2020-05-26 00:00:00+09:00,7780.0,7900.0,6860.0,7900.0,143,0.0,0.0,0.0
2020-05-27 00:00:00+09:00,7690.0,7690.0,7690.0,7690.0,140,0.0,0.0,0.0
2020-05-28 00:00:00+09:00,7680.0,7680.0,7680.0,7680.0,7,0.0,0.0,0.0
2020-05-29 00:00:00+09:00,7410.0,7410.0,6710.0,6710.0,151,0.0,0.0,0.0
2020-06-01 00:00:00+09:00,7710.0,7710.0,6020.0,6020.0,4,0.0,0.0,0.0
2020-06-02 00:00:00+09:00,6200.0,6910.0,6200.0,6910.0,977,0.0,0.0,0.0
2020-06-03 00:00:00+09:00,6260.0,7940.0,6260.0,7940.0,465,0.0,0.0,0.0
2020-06-04 00:00:00+09:00,9120.0,9120.0,9100.0,9100.0,14,0.0,0.0,0.0
2020-06-05 00:00:00+09:00,9100.0,10450.0,9100.0,10450.0,376,0.0,0.0,0.0
2020-06-08 00:00:00+09:00,10700.0,12000.0,10700.0,12000.0,101,0.0,0.0,0.0
2020-06-09 00:00:00+09:00,13800.0,13800.0,12000.0,12000.0,2,0.0,0.0,0.0
2020-06-10 00:00:00+09:00,13800.0,13800.0,12100.0,12100.0,10,0.0,0.0,0.0
2020-06-11 00:00:00+09:00,13900.0,13900.0,10300.0,10300.0,217,0.0,0.0,0.0
2020-06-12 00:00:00+09:00,11800.0,11800.0,8800.0,8800.0,112,0.0,0.0,0.0
2020-06-15 00:00:00+09:00,8800.0,10050.0,8800.0,8990.0,3,0.0,0.0,0.0
2020-06-16 00:00:00+09:00,9250.0,9250.0,9250.0,9250.0,1,0.0,0.0,0.0
2020-06-17 00:00:00+09:00,7880.0,10450.0,7880.0,10450.0,11,0.0,0.0,0.0
2020-06-18 00:00:00+09:00,10200.0,10200.0,8900.0,8900.0,118,0.0,0.0,0.0
2020-06-19 00:00:00+09:00,9160.0,9160.0,9160.0,9160.0,120,0.0,0.0,0.0
2020-06-22 00:00:00+09:00,9430.0,10100.0,9430.0,10100.0,171,0.0,0.0,0.0
2020-06-23 00:00:00+09:00,9900.0,9900.0,9900.0,9900.0,110,0.0,0.0,0.0
2020-06-24 00:00:00+09:00,9900.0,11300.0,9900.0,11300.0,163,0.0,0.0,0.0
2020-06-25 00:00:00+09:00,11000.0,11600.0,11000.0,11600.0,101,0.0,0.0,0.0
2020-06-26 00:00:00+09:00,11300.0,11900.0,11300.0,11900.0,101,0.0,0.0,0.0
2020-06-29 00:00:00+09:00,11550.0,12250.0,11550.0,12250.0,101,0.0,0.0,0.0
2020-06-30 00:00:00+09:00,10450.0,10450.0,10450.0,10450.0,1000,0.0,0.0,0.0
2020-07-01 00:00:00+09:00,12000.0,12000.0,10450.0,10500.0,284,0.0,0.0,0.0
2020-07-02 00:00:00+09:00,12050.0,12050.0,10500.0,10500.0,4,0.0,0.0,0.0
2020-07-03 00:00:00+09:00,11000.0,11000.0,11000.0,11000.0,1,0.0,0.0,0.0
2020-07-06 00:00:00+09:00,11500.0,11500.0,11500.0,11500.0,1,0.0,0.0,0.0
2020-07-07 00:00:00+09:00,11500.0,11500.0,11500.0,11500.0,3,0.0,0.0,0.0
2020-07-08 00:00:00+09:00,11500.0,11750.0,11500.0,11750.0,30,0.0,0.0,0.0
2020-07-09 00:00:00+09:00,11400.0,11700.0,11400.0,11700.0,101,0.0,0.0,0.0
2020-07-10 00:00:00+09:00,11350.0,11350.0,11350.0,11350.0,100,0.0,0.0,0.0
2020-07-13 00:00:00+09:00,11050.0,11350.0,11050.0,11350.0,101,0.0,0.0,0.0
2020-07-14 00:00:00+09:00,11500.0,11500.0,11500.0,11500.0,1,0.0,0.0,0.0
2020-07-15 00:00:00+09:00,11200.0,11500.0,11200.0,11500.0,101,0.0,0.0,0.0
2020-07-16 00:00:00+09:00,11200.0,11200.0,11200.0,11200.0,100,0.0,0.0,0.0
2020-07-17 00:00:00+09:00,10900.0,11450.0,10900.0,11450.0,102,0.0,0.0,0.0
2020-07-20 00:00:00+09:00,11150.0,11150.0,11150.0,11150.0,100,0.0,0.0,0.0
2020-07-21 00:00:00+09:00,11500.0,12000.0,11500.0,12000.0,2,0.0,0.0,0.0
2020-07-22 00:00:00+09:00,11650.0,12000.0,10550.0,12000.0,202,0.0,0.0,0.0
2020-07-23 00:00:00+09:00,11650.0,12000.0,11650.0,12000.0,101,0.0,0.0,0.0
2020-07-24 00:00:00+09:00,11650.0,11650.0,11650.0,11650.0,100,0.0,0.0,0.0
2020-07-27 00:00:00+09:00,11500.0,11500.0,11500.0,11500.0,1,0.0,0.0,0.0
2020-07-28 00:00:00+09:00,12000.0,12000.0,9870.0,9870.0,6,0.0,0.0,0.0
2020-07-29 00:00:00+09:00,9870.0,11350.0,9870.0,11350.0,153,0.0,0.0,0.0
2020-07-30 00:00:00+09:00,11350.0,11350.0,11350.0,11350.0,30,0.0,0.0,0.0
2020-07-31 00:00:00+09:00,11650.0,11650.0,11650.0,11650.0,1,0.0,0.0,0.0
2020-08-03 00:00:00+09:00,11950.0,11950.0,11950.0,11950.0,308,0.0,0.0,0.0
2020-08-04 00:00:00+09:00,11950.0,11950.0,11950.0,11950.0,0,0.0,0.0,0.0
2020-08-05 00:00:00+09:00,12000.0,12500.0,12000.0,12500.0,2,0.0,0.0,0.0
2020-08-06 00:00:00+09:00,13000.0,13000.0,13000.0,13000.0,1,0.0,0.0,0.0
2020-08-07 00:00:00+09:00,14500.0,14500.0,14500.0,14500.0,1,0.0,0.0,0.0
2020-08-10 00:00:00+09:00,16000.0,16000.0,14000.0,14500.0,8,0.0,0.0,0.0
2020-08-11 00:00:00+09:00,14100.0,14850.0,14100.0,14850.0,101,0.0,0.0,0.0
2020-08-12 00:00:00+09:00,14450.0,14450.0,14450.0,14450.0,100,0.0,0.0,0.0
2020-08-13 00:00:00+09:00,14000.0,14000.0,14000.0,14000.0,1,0.0,0.0,0.0
2020-08-14 00:00:00+09:00,13000.0,14000.0,13000.0,14000.0,6,0.0,0.0,0.0
2020-08-18 00:00:00+09:00,14000.0,14000.0,14000.0,14000.0,0,0.0,0.0,0.0
2020-08-19 00:00:00+09:00,13600.0,13600.0,13600.0,13600.0,3,0.0,0.0,0.0
2020-08-20 00:00:00+09:00,13600.0,13600.0,13600.0,13600.0,0,0.0,0.0,0.0
2020-08-21 00:00:00+09:00,13600.0,13600.0,13600.0,13600.0,0,0.0,0.0,0.0
2020-08-24 00:00:00+09:00,13600.0,13600.0,13600.0,13600.0,0,0.0,0.0,0.0
2020-08-25 00:00:00+09:00,13600.0,13600.0,13600.0,13600.0,0,0.0,0.0,0.0
2020-08-26 00:00:00+09:00,13600.0,13600.0,13600.0,13600.0,0,0.0,0.0,0.0
2020-08-27 00:00:00+09:00,13600.0,13600.0,13600.0,13600.0,0,0.0,0.0,0.0
2020-08-28 00:00:00+09:00,13600.0,13600.0,13600.0,13600.0,0,0.0,0.0,0.0
2020-08-31 00:00:00+09:00,13600.0,13600.0,13600.0,13600.0,0,0.0,0.0,0.0
2020-09-01 00:00:00+09:00,13600.0,13600.0,13600.0,13600.0,0,0.0,0.0,0.0
2020-09-02 00:00:00+09:00,14000.0,14000.0,14000.0,14000.0,1,0.0,0.0,0.0
2020-09-03 00:00:00+09:00,14400.0,14400.0,14400.0,14400.0,1,0.0,0.0,0.0
2020-09-04 00:00:00+09:00,14400.0,14400.0,14400.0,14400.0,0,0.0,0.0,0.0
2020-09-07 00:00:00+09:00,14000.0,14000.0,14000.0,14000.0,35,0.0,0.0,0.0
2020-09-08 00:00:00+09:00,13600.0,13600.0,13600.0,13600.0,69,0.0,0.0,0.0
2020-09-09 00:00:00+09:00,13600.0,13600.0,13600.0,13600.0,0,0.0,0.0,0.0
2020-09-10 00:00:00+09:00,13600.0,13600.0,13600.0,13600.0,0,0.0,0.0,0.0
2020-09-11 00:00:00+09:00,13600.0,13600.0,13600.0,13600.0,0,0.0,0.0,0.0
2020-09-14 00:00:00+09:00,13600.0,13600.0,13600.0,13600.0,0,0.0,0.0,0.0
2020-09-15 00:00:00+09:00,14500.0,14500.0,14500.0,14500.0,1,0.0,0.0,0.0
2020-09-16 00:00:00+09:00,14500.0,14500.0,14500.0,14500.0,0,0.0,0.0,0.0
2020-09-17 00:00:00+09:00,14500.0,14500.0,14500.0,14500.0,0,0.0,0.0,0.0
2020-09-18 00:00:00+09:00,14500.0,14500.0,14500.0,14500.0,0,0.0,0.0,0.0
2020-09-21 00:00:00+09:00,14500.0,14500.0,14500.0,14500.0,0,0.0,0.0,0.0
2020-09-22 00:00:00+09:00,14500.0,14500.0,14500.0,14500.0,0,0.0,0.0,0.0
2020-09-23 00:00:00+09:00,14500.0,14500.0,14500.0,14500.0,0,0.0,0.0,0.0
2020-09-24 00:00:00+09:00,14500.0,14500.0,14500.0,14500.0,0,0.0,0.0,0.0
2020-09-25 00:00:00+09:00,14500.0,14500.0,14500.0,14500.0,0,0.0,0.0,0.0
2020-09-28 00:00:00+09:00,14500.0,14500.0,14500.0,14500.0,0,0.0,0.0,0.0
2020-09-29 00:00:00+09:00,14500.0,14500.0,14500.0,14500.0,0,0.0,0.0,0.0
2020-10-05 00:00:00+09:00,14500.0,14500.0,14500.0,14500.0,0,0.0,0.0,0.0
2020-10-06 00:00:00+09:00,14500.0,14500.0,14500.0,14500.0,0,0.0,0.0,0.0
2020-10-07 00:00:00+09:00,14500.0,14500.0,14500.0,14500.0,0,0.0,0.0,0.0
2020-10-08 00:00:00+09:00,14500.0,14500.0,14500.0,14500.0,0,0.0,0.0,0.0
2020-10-12 00:00:00+09:00,14500.0,14500.0,14500.0,14500.0,0,0.0,0.0,0.0
2020-10-13 00:00:00+09:00,14500.0,14500.0,14500.0,14500.0,0,0.0,0.0,0.0
2020-10-14 00:00:00+09:00,14500.0,14500.0,14500.0,14500.0,0,0.0,0.0,0.0
2020-10-15 00:00:00+09:00,14050.0,14050.0,14050.0,14050.0,1,0.0,0.0,0.0
2020-10-16 00:00:00+09:00,14050.0,14050.0,14050.0,14050.0,0,0.0,0.0,0.0
2020-10-19 00:00:00+09:00,14050.0,14050.0,14050.0,14050.0,0,0.0,0.0,0.0
2020-10-20 00:00:00+09:00,14050.0,14050.0,14050.0,14050.0,0,0.0,0.0,0.0
2020-10-21 00:00:00+09:00,14000.0,14000.0,13500.0,13500.0,2,0.0,0.0,0.0
2020-10-22 00:00:00+09:00,13500.0,13500.0,13500.0,13500.0,0,0.0,0.0,0.0
2020-10-23 00:00:00+09:00,13500.0,13500.0,13500.0,13500.0,0,0.0,0.0,0.0
2020-10-26 00:00:00+09:00,13500.0,13500.0,13500.0,13500.0,0,0.0,0.0,0.0
2020-10-27 00:00:00+09:00,14000.0,14000.0,13500.0,13500.0,2,0.0,0.0,0.0
2020-10-28 00:00:00+09:00,13000.0,13000.0,12500.0,12500.0,2,0.0,0.0,0.0
2020-10-29 00:00:00+09:00,12500.0,12500.0,12500.0,12500.0,0,0.0,0.0,0.0
2020-10-30 00:00:00+09:00,12000.0,12000.0,12000.0,12000.0,1,0.0,0.0,0.0
2020-11-02 00:00:00+09:00,11650.0,11650.0,11650.0,11650.0,100,0.0,0.0,0.0
2020-11-03 00:00:00+09:00,11200.0,11200.0,11200.0,11200.0,281,0.0,0.0,0.0
2020-11-04 00:00:00+09:00,11200.0,11200.0,11200.0,11200.0,0,0.0,0.0,0.0
2020-11-05 00:00:00+09:00,10000.0,11500.0,10000.0,11500.0,90,0.0,0.0,0.0
2020-11-06 00:00:00+09:00,11800.0,11800.0,11800.0,11800.0,100,0.0,0.0,0.0
2020-11-09 00:00:00+09:00,12000.0,12050.0,12000.0,12050.0,101,0.0,0.0,0.0
2020-11-10 00:00:00+09:00,12300.0,13000.0,12300.0,13000.0,102,0.0,0.0,0.0
2020-11-11 00:00:00+09:00,13500.0,14000.0,13500.0,14000.0,2,0.0,0.0,0.0
2020-11-12 00:00:00+09:00,13600.0,13600.0,13600.0,13600.0,100,0.0,0.0,0.0
2020-11-13 00:00:00+09:00,14500.0,14500.0,14500.0,14500.0,1,0.0,0.0,0.0
2020-11-16 00:00:00+09:00,14100.0,14850.0,14100.0,14850.0,101,0.0,0.0,0.0
2020-11-17 00:00:00+09:00,14450.0,14450.0,13500.0,13500.0,102,0.0,0.0,0.0
2020-11-18 00:00:00+09:00,13500.0,13500.0,13500.0,13500.0,0,0.0,0.0,0.0
2020-11-19 00:00:00+09:00,13500.0,13500.0,13500.0,13500.0,0,0.0,0.0,0.0
2020-11-20 00:00:00+09:00,13150.0,13150.0,13150.0,13150.0,1,0.0,0.0,0.0
2020-11-23 00:00:00+09:00,13150.0,13150.0,13150.0,13150.0,0,0.0,0.0,0.0
2020-11-24 00:00:00+09:00,13150.0,13150.0,13150.0,13150.0,0,0.0,0.0,0.0
2020-11-25 00:00:00+09:00,13150.0,13150.0,13150.0,13150.0,0,0.0,0.0,0.0
2020-11-26 00:00:00+09:00,13150.0,13150.0,13150.0,13150.0,0,0.0,0.0,0.0
2020-11-27 00:00:00+09:00,13150.0,13150.0,13150.0,13150.0,0,0.0,0.0,0.0
2020-11-30 00:00:00+09:00,13150.0,13150.0,13150.0,13150.0,0,0.0,0.0,0.0
2020-12-01 00:00:00+09:00,13150.0,13150.0,13150.0,13150.0,0,0.0,0.0,0.0
2020-12-02 00:00:00+09:00,13150.0,13150.0,13150.0,13150.0,0,0.0,0.0,0.0
2020-12-03 00:00:00+09:00,13150.0,13150.0,13150.0,13150.0,0,0.0,0.0,0.0
2020-12-04 00:00:00+09:00,14000.0,14500.0,14000.0,14500.0,2,0.0,0.0,0.0
2020-12-07 00:00:00+09:00,14100.0,14100.0,14100.0,14100.0,100,0.0,0.0,0.0
2020-12-08 00:00:00+09:00,14100.0,14100.0,14100.0,14100.0,0,0.0,0.0,0.0
2020-12-09 00:00:00+09:00,14000.0,14000.0,14000.0,14000.0,1,0.0,0.0,0.0
2020-12-10 00:00:00+09:00,14000.0,14000.0,14000.0,14000.0,0,0.0,0.0,0.0
2020-12-11 00:00:00+09:00,14000.0,14000.0,14000.0,14000.0,0,0.0,0.0,0.0
2020-12-14 00:00:00+09:00,14000.0,14000.0,14000.0,14000.0,0,0.0,0.0,0.0
2020-12-15 00:00:00+09:00,14000.0,14000.0,14000.0,14000.0,0,0.0,0.0,0.0
2020-12-16 00:00:00+09:00,14000.0,14000.0,14000.0,14000.0,0,0.0,0.0,0.0
2020-12-17 00:00:00+09:00,14000.0,14000.0,14000.0,14000.0,0,0.0,0.0,0.0
2020-12-18 00:00:00+09:00,14000.0,14000.0,14000.0,14000.0,0,0.0,0.0,0.0
2020-12-21 00:00:00+09:00,14000.0,14000.0,14000.0,14000.0,0,0.0,0.0,0.0
2020-12-22 00:00:00+09:00,14000.0,14000.0,14000.0,14000.0,0,0.0,0.0,0.0
2020-12-23 00:00:00+09:00,14000.0,14000.0,14000.0,14000.0,0,0.0,0.0,0.0
2020-12-24 00:00:00+09:00,14000.0,14000.0,14000.0,14000.0,0,0.0,0.0,0.0
2020-12-28 00:00:00+09:00,14000.0,14000.0,14000.0,14000.0,0,0.0,0.0,0.0
2020-12-29 00:00:00+09:00,14500.0,14500.0,14500.0,14500.0,1,0.0,0.0,0.0
2020-12-30 00:00:00+09:00,12500.0,12500.0,12500.0,12500.0,104,0.0,0.0,0.0
2021-01-04 00:00:00+09:00,12000.0,13000.0,10650.0,10650.0,201,0.0,0.0,0.0
2021-01-05 00:00:00+09:00,10900.0,10900.0,10900.0,10900.0,1,0.0,0.0,0.0
2021-01-06 00:00:00+09:00,10600.0,10600.0,10600.0,10600.0,100,0.0,0.0,0.0
2021-01-07 00:00:00+09:00,10300.0,10300.0,10300.0,10300.0,100,0.0,0.0,0.0
2021-01-08 00:00:00+09:00,10000.0,10000.0,10000.0,10000.0,101,0.0,0.0,0.0
2021-01-11 00:00:00+09:00,10500.0,10500.0,10000.0,10000.0,4,0.0,0.0,0.0
2021-01-12 00:00:00+09:00,10000.0,10000.0,10000.0,10000.0,3,0.0,0.0,0.0
2021-01-13 00:00:00+09:00,9800.0,10000.0,9700.0,10000.0,112,0.0,0.0,0.0
2021-01-14 00:00:00+09:00,10000.0,10000.0,8610.0,9800.0,525,0.0,0.0,0.0
2021-01-15 00:00:00+09:00,9600.0,9990.0,9600.0,9990.0,117,0.0,0.0,0.0
2021-01-18 00:00:00+09:00,9600.0,9800.0,9600.0,9800.0,113,0.0,0.0,0.0
2021-01-19 00:00:00+09:00,9600.0,9600.0,9530.0,9530.0,221,0.0,0.0,0.0
2021-01-20 00:00:00+09:00,9790.0,9790.0,9400.0,9400.0,2,0.0,0.0,0.0
2021-01-21 00:00:00+09:00,9600.0,9600.0,8810.0,8810.0,280,0.0,0.0,0.0
2021-01-22 00:00:00+09:00,8820.0,8820.0,8820.0,8820.0,1,0.0,0.0,0.0
2021-01-25 00:00:00+09:00,8800.0,9040.0,8580.0,9040.0,125,0.0,0.0,0.0
2021-01-26 00:00:00+09:00,8800.0,9190.0,8770.0,9190.0,124,0.0,0.0,0.0
2021-01-27 00:00:00+09:00,9190.0,9190.0,9190.0,9190.0,7,0.0,0.0,0.0
2021-01-28 00:00:00+09:00,9200.0,9590.0,8410.0,8410.0,219,0.0,0.0,0.0
2021-01-29 00:00:00+09:00,8400.0,8400.0,8160.0,8160.0,132,0.0,0.0,0.0
2021-02-01 00:00:00+09:00,8160.0,8160.0,8160.0,8160.0,0,0.0,0.0,0.0
2021-02-02 00:00:00+09:00,8160.0,8160.0,8160.0,8160.0,0,0.0,0.0,0.0
2021-02-03 00:00:00+09:00,8340.0,8340.0,8340.0,8340.0,2,0.0,0.0,0.0
2021-02-04 00:00:00+09:00,8390.0,8390.0,8390.0,8390.0,1,0.0,0.0,0.0
2021-02-05 00:00:00+09:00,8390.0,8390.0,8390.0,8390.0,0,0.0,0.0,0.0
2021-02-08 00:00:00+09:00,8390.0,8390.0,8390.0,8390.0,0,0.0,0.0,0.0
2021-02-09 00:00:00+09:00,8390.0,8390.0,8390.0,8390.0,0,0.0,0.0,0.0
2021-02-10 00:00:00+09:00,8390.0,8390.0,8390.0,8390.0,0,0.0,0.0,0.0
2021-02-15 00:00:00+09:00,8390.0,8390.0,8390.0,8390.0,0,0.0,0.0,0.0
2021-02-16 00:00:00+09:00,8390.0,8390.0,8390.0,8390.0,0,0.0,0.0,0.0
2021-02-17 00:00:00+09:00,8390.0,8390.0,8390.0,8390.0,0,0.0,0.0,0.0
2021-02-18 00:00:00+09:00,8390.0,8390.0,8390.0,8390.0,0,0.0,0.0,0.0
2021-02-19 00:00:00+09:00,8150.0,8150.0,8140.0,8140.0,260,0.0,0.0,0.0
2021-02-22 00:00:00+09:00,8140.0,8140.0,8140.0,8140.0,0,0.0,0.0,0.0
2021-02-23 00:00:00+09:00,8010.0,8010.0,8000.0,8000.0,2451,0.0,0.0,0.0
2021-02-24 00:00:00+09:00,8000.0,8000.0,8000.0,8000.0,0,0.0,0.0,0.0
2021-02-25 00:00:00+09:00,8000.0,8000.0,8000.0,8000.0,0,0.0,0.0,0.0
2021-02-26 00:00:00+09:00,8200.0,8200.0,8200.0,8200.0,1,0.0,0.0,0.0
2021-03-02 00:00:00+09:00,8000.0,8000.0,8000.0,8000.0,131,0.0,0.0,0.0
2021-03-03 00:00:00+09:00,8000.0,8000.0,8000.0,8000.0,0,0.0,0.0,0.0
2021-03-04 00:00:00+09:00,8000.0,8000.0,8000.0,8000.0,0,0.0,0.0,0.0
2021-03-05 00:00:00+09:00,8200.0,8600.0,8200.0,8600.0,3,0.0,0.0,0.0
2021-03-08 00:00:00+09:00,8600.0,8600.0,8600.0,8600.0,0,0.0,0.0,0.0
2021-03-09 00:00:00+09:00,8400.0,8400.0,8400.0,8400.0,121,0.0,0.0,0.0
2021-03-10 00:00:00+09:00,8200.0,8200.0,8200.0,8200.0,131,0.0,0.0,0.0
2021-03-11 00:00:00+09:00,8010.0,8010.0,8000.0,8000.0,132,0.0,0.0,0.0
2021-03-12 00:00:00+09:00,7800.0,8220.0,7800.0,8220.0,134,0.0,0.0,0.0
2021-03-15 00:00:00+09:00,8010.0,8400.0,8000.0,8400.0,133,0.0,0.0,0.0
2021-03-16 00:00:00+09:00,8150.0,8150.0,8150.0,8150.0,131,0.0,0.0,0.0
2021-03-17 00:00:00+09:00,8150.0,8150.0,8150.0,8150.0,0,0.0,0.0,0.0
2021-03-18 00:00:00+09:00,8400.0,8590.0,8400.0,8590.0,2,0.0,0.0,0.0
2021-03-19 00:00:00+09:00,8590.0,8590.0,8590.0,8590.0,580,0.0,0.0,0.0
2021-03-22 00:00:00+09:00,9840.0,9840.0,9840.0,9840.0,3,0.0,0.0,0.0
2021-03-23 00:00:00+09:00,8800.0,9200.0,8800.0,8800.0,8,0.0,0.0,0.0
2021-03-24 00:00:00+09:00,10100.0,10100.0,9000.0,9000.0,1596,0.0,0.0,0.0
2021-03-25 00:00:00+09:00,9000.0,9000.0,8100.0,8800.0,1153,0.0,0.0,0.0
2021-03-26 00:00:00+09:00,8630.0,8630.0,8110.0,8110.0,634,0.0,0.0,0.0
2021-03-29 00:00:00+09:00,8010.0,8010.0,7900.0,7900.0,1554,0.0,0.0,0.0
2021-03-30 00:00:00+09:00,7900.0,7900.0,7900.0,7900.0,0,0.0,0.0,0.0
2021-03-31 00:00:00+09:00,7900.0,7900.0,7900.0,7900.0,0,0.0,0.0,0.0
2021-04-01 00:00:00+09:00,8100.0,8100.0,7700.0,7700.0,361,0.0,0.0,0.0
2021-04-02 00:00:00+09:00,7600.0,7600.0,7500.0,7500.0,141,0.0,0.0,0.0
2021-04-05 00:00:00+09:00,7800.0,7800.0,7800.0,7800.0,1,0.0,0.0,0.0
2021-04-06 00:00:00+09:00,7620.0,7800.0,7500.0,7800.0,7612,0.0,0.0,0.0
2021-04-07 00:00:00+09:00,7800.0,7800.0,7800.0,7800.0,0,0.0,0.0,0.0
2021-04-08 00:00:00+09:00,7600.0,7600.0,7600.0,7600.0,141,0.0,0.0,0.0
2021-04-09 00:00:00+09:00,7800.0,7800.0,7800.0,7800.0,1,0.0,0.0,0.0
2021-04-12 00:00:00+09:00,7600.0,7600.0,7600.0,7600.0,141,0.0,0.0,0.0
2021-04-13 00:00:00+09:00,7600.0,7600.0,7600.0,7600.0,0,0.0,0.0,0.0
2021-04-14 00:00:00+09:00,7410.0,7410.0,7400.0,7400.0,151,0.0,0.0,0.0
2021-04-15 00:00:00+09:00,7400.0,7400.0,7400.0,7400.0,0,0.0,0.0,0.0
2021-04-16 00:00:00+09:00,7410.0,7410.0,7400.0,7400.0,190,0.0,0.0,0.0
2021-04-19 00:00:00+09:00,7580.0,7580.0,7580.0,7580.0,1,0.0,0.0,0.0
2021-04-20 00:00:00+09:00,7400.0,7400.0,7400.0,7400.0,150,0.0,0.0,0.0
2021-04-21 00:00:00+09:00,7200.0,7400.0,7200.0,7400.0,152,0.0,0.0,0.0
2021-04-22 00:00:00+09:00,7210.0,7590.0,7200.0,7590.0,353,0.0,0.0,0.0
2021-04-23 00:00:00+09:00,7400.0,7400.0,7400.0,7400.0,129,0.0,0.0,0.0
2021-04-26 00:00:00+09:00,7400.0,7400.0,7400.0,7400.0,0,0.0,0.0,0.0
2021-04-27 00:00:00+09:00,7400.0,7400.0,7400.0,7400.0,0,0.0,0.0,0.0
2021-04-28 00:00:00+09:00,7600.0,7980.0,7600.0,7950.0,5,0.0,0.0,0.0
2021-04-29 00:00:00+09:00,7980.0,7980.0,7940.0,7940.0,2,0.0,0.0,0.0
2021-04-30 00:00:00+09:00,7960.0,7960.0,7960.0,7960.0,1,0.0,0.0,0.0
2021-05-03 00:00:00+09:00,7750.0,7940.0,7750.0,7940.0,141,0.0,0.0,0.0
2021-05-04 00:00:00+09:00,8000.0,8000.0,8000.0,8000.0,1,0.0,0.0,0.0
2021-05-06 00:00:00+09:00,8140.0,8140.0,8140.0,8140.0,1,0.0,0.0,0.0
2021-05-07 00:00:00+09:00,8170.0,8170.0,8170.0,8170.0,1,0.0,0.0,0.0
2021-05-10 00:00:00+09:00,8850.0,8850.0,6950.0,6950.0,323,0.0,0.0,0.0
2021-05-11 00:00:00+09:00,7790.0,7790.0,7400.0,7400.0,3,0.0,0.0,0.0
2021-05-12 00:00:00+09:00,7600.0,7600.0,7600.0,7600.0,1,0.0,0.0,0.0
2021-05-13 00:00:00+09:00,7800.0,7800.0,7700.0,7700.0,41,0.0,0.0,0.0
2021-05-14 00:00:00+09:00,7500.0,7500.0,7500.0,7500.0,150,0.0,0.0,0.0
2021-05-17 00:00:00+09:00,7500.0,7500.0,7500.0,7500.0,0,0.0,0.0,0.0
2021-05-18 00:00:00+09:00,7690.0,7690.0,7690.0,7690.0,1,0.0,0.0,0.0
2021-05-20 00:00:00+09:00,7800.0,7800.0,7800.0,7800.0,1,0.0,0.0,0.0
2021-05-21 00:00:00+09:00,7600.0,7600.0,7600.0,7600.0,152,0.0,0.0,0.0
2021-05-24 00:00:00+09:00,7400.0,7790.0,7400.0,7790.0,153,0.0,0.0,0.0
2021-05-25 00:00:00+09:00,7790.0,8000.0,7790.0,8000.0,15,0.0,0.0,0.0
2021-05-26 00:00:00+09:00,8140.0,8140.0,8140.0,8140.0,1,0.0,0.0,0.0
2021-05-27 00:00:00+09:00,8200.0,8390.0,8000.0,8200.0,4,0.0,0.0,0.0
2021-05-28 00:00:00+09:00,8000.0,8430.0,8000.0,8430.0,131,0.0,0.0,0.0
2021-05-31 00:00:00+09:00,8000.0,8190.0,8000.0,8190.0,2,0.0,0.0,0.0
2021-06-01 00:00:00+09:00,8180.0,8180.0,7000.0,7200.0,818,0.0,0.0,0.0
2021-06-02 00:00:00+09:00,7200.0,7200.0,7200.0,7200.0,5,0.0,0.0,0.0
2021-06-03 00:00:00+09:00,7400.0,7400.0,7400.0,7400.0,1,0.0,0.0,0.0
2021-06-04 00:00:00+09:00,8510.0,8510.0,7100.0,7100.0,2312,0.0,0.0,0.0
2021-06-07 00:00:00+09:00,7100.0,7100.0,7100.0,7100.0,0,0.0,0.0,0.0
2021-06-08 00:00:00+09:00,7100.0,7100.0,7100.0,7100.0,0,0.0,0.0,0.0
2021-06-09 00:00:00+09:00,7400.0,7400.0,7400.0,7400.0,1,0.0,0.0,0.0
2021-06-10 00:00:00+09:00,7400.0,7400.0,7400.0,7400.0,0,0.0,0.0,0.0
2021-06-11 00:00:00+09:00,7400.0,7400.0,7400.0,7400.0,0,0.0,0.0,0.0
2021-06-14 00:00:00+09:00,7350.0,7820.0,7220.0,7820.0,2201,0.0,0.0,0.0
2021-06-15 00:00:00+09:00,7820.0,7820.0,7400.0,7400.0,4,0.0,0.0,0.0
2021-06-16 00:00:00+09:00,7200.0,7200.0,7200.0,7200.0,200,0.0,0.0,0.0
2021-06-17 00:00:00+09:00,7100.0,7920.0,7100.0,7920.0,185,0.0,0.0,0.0
2021-06-18 00:00:00+09:00,7600.0,7600.0,7200.0,7200.0,118,0.0,0.0,0.0
2021-06-21 00:00:00+09:00,7010.0,7010.0,6770.0,6770.0,321,0.0,0.0,0.0
2021-06-22 00:00:00+09:00,6770.0,7000.0,6750.0,7000.0,161,0.0,0.0,0.0
2021-06-23 00:00:00+09:00,6600.0,6800.0,6300.0,6780.0,750,0.0,0.0,0.0
2021-06-24 00:00:00+09:00,6780.0,7190.0,6510.0,7110.0,2356,0.0,0.0,0.0
2021-06-25 00:00:00+09:00,7100.0,7110.0,7100.0,7100.0,1451,0.0,0.0,0.0
2021-06-28 00:00:00+09:00,7100.0,7100.0,6710.0,6710.0,4401,0.0,0.0,0.0
2021-06-29 00:00:00+09:00,6850.0,6850.0,6850.0,6850.0,1,0.0,0.0,0.0
2021-06-30 00:00:00+09:00,7000.0,7200.0,6990.0,7200.0,1124,0.0,0.0,0.0
2021-07-01 00:00:00+09:00,7000.0,7000.0,7000.0,7000.0,1005,0.0,0.0,0.0
2021-07-02 00:00:00+09:00,7400.0,7400.0,7000.0,7190.0,2429,0.0,0.0,0.0
2021-07-05 00:00:00+09:00,7050.0,7050.0,6810.0,6810.0,1061,0.0,0.0,0.0
2021-07-06 00:00:00+09:00,7090.0,7100.0,6920.0,6920.0,39,0.0,0.0,0.0
2021-07-07 00:00:00+09:00,7200.0,7200.0,7000.0,7190.0,1318,0.0,0.0,0.0
2021-07-08 00:00:00+09:00,7190.0,7190.0,6810.0,7190.0,312,0.0,0.0,0.0
2021-07-09 00:00:00+09:00,7190.0,7190.0,6820.0,7190.0,1006,0.0,0.0,0.0
2021-07-12 00:00:00+09:00,7190.0,7200.0,6850.0,7200.0,1003,0.0,0.0,0.0
2021-07-13 00:00:00+09:00,7400.0,7400.0,7200.0,7200.0,1006,0.0,0.0,0.0
2021-07-14 00:00:00+09:00,7400.0,7400.0,7000.0,7200.0,3331,0.0,0.0,0.0
2021-07-15 00:00:00+09:00,7200.0,7200.0,6810.0,7200.0,4,0.0,0.0,0.0
2021-07-16 00:00:00+09:00,7000.0,7150.0,7000.0,7140.0,1143,0.0,0.0,0.0
2021-07-19 00:00:00+09:00,7400.0,7400.0,7020.0,7140.0,75,0.0,0.0,0.0
2021-07-20 00:00:00+09:00,7130.0,7130.0,7000.0,7100.0,239,0.0,0.0,0.0
2021-07-21 00:00:00+09:00,7400.0,7400.0,7000.0,7200.0,11,0.0,0.0,0.0
2021-07-22 00:00:00+09:00,7200.0,7200.0,7000.0,7140.0,2268,0.0,0.0,0.0
2021-07-23 00:00:00+09:00,7130.0,7130.0,6800.0,7120.0,503,0.0,0.0,0.0
2021-07-26 00:00:00+09:00,7100.0,7100.0,6810.0,7040.0,33,0.0,0.0,0.0
2021-07-27 00:00:00+09:00,7200.0,7200.0,6800.0,7170.0,7621,0.0,0.0,0.0
2021-07-28 00:00:00+09:00,7400.0,7400.0,7200.0,7200.0,104,0.0,0.0,0.0
2021-07-29 00:00:00+09:00,7400.0,7400.0,7210.0,7210.0,2,0.0,0.0,0.0
2021-07-30 00:00:00+09:00,7600.0,7600.0,7050.0,7150.0,1196,0.0,0.0,0.0
2021-08-02 00:00:00+09:00,7400.0,7590.0,7400.0,7530.0,172,0.0,0.0,0.0
2021-08-03 00:00:00+09:00,7160.0,7280.0,7160.0,7240.0,189,0.0,0.0,0.0
2021-08-04 00:00:00+09:00,7120.0,7200.0,7120.0,7200.0,800,0.0,0.0,0.0
2021-08-05 00:00:00+09:00,7200.0,7290.0,7150.0,7210.0,1253,0.0,0.0,0.0
2021-08-06 00:00:00+09:00,7100.0,7400.0,7100.0,7200.0,3,0.0,0.0,0.0
2021-08-09 00:00:00+09:00,7200.0,7200.0,7200.0,7200.0,400,0.0,0.0,0.0
2021-08-10 00:00:00+09:00,7200.0,7200.0,7200.0,7200.0,261,0.0,0.0,0.0
2021-08-11 00:00:00+09:00,7150.0,7200.0,7150.0,7150.0,1100,0.0,0.0,0.0
2021-08-12 00:00:00+09:00,7150.0,7150.0,7150.0,7150.0,200,0.0,0.0,0.0
2021-08-13 00:00:00+09:00,7160.0,7160.0,7160.0,7160.0,200,0.0,0.0,0.0
2021-08-17 00:00:00+09:00,7100.0,7100.0,6800.0,6800.0,110,0.0,0.0,0.0
2021-08-18 00:00:00+09:00,7000.0,7000.0,7000.0,7000.0,5,0.0,0.0,0.0
2021-08-19 00:00:00+09:00,7170.0,7180.0,7170.0,7180.0,2025,0.0,0.0,0.0
2021-08-20 00:00:00+09:00,7200.0,7200.0,7200.0,7200.0,1,0.0,0.0,0.0
2021-08-23 00:00:00+09:00,7200.0,7200.0,7200.0,7200.0,5,0.0,0.0,0.0
2021-08-24 00:00:00+09:00,7200.0,7200.0,7200.0,7200.0,0,0.0,0.0,0.0
2021-08-25 00:00:00+09:00,7200.0,7200.0,7200.0,7200.0,1,0.0,0.0,0.0
2021-08-26 00:00:00+09:00,7200.0,7200.0,7200.0,7200.0,0,0.0,0.0,0.0
2021-08-27 00:00:00+09:00,7290.0,7290.0,7290.0,7290.0,110,0.0,0.0,0.0
2021-08-30 00:00:00+09:00,7270.0,7270.0,7200.0,7200.0,75,0.0,0.0,0.0
2021-08-31 00:00:00+09:00,7200.0,7200.0,7200.0,7200.0,0,0.0,0.0,0.0
2021-09-01 00:00:00+09:00,7200.0,7200.0,7200.0,7200.0,0,0.0,0.0,0.0
2021-09-02 00:00:00+09:00,7200.0,7200.0,7200.0,7200.0,0,0.0,0.0,0.0
2021-09-03 00:00:00+09:00,7200.0,7200.0,7200.0,7200.0,0,0.0,0.0,0.0
2021-09-06 00:00:00+09:00,7200.0,7200.0,7200.0,7200.0,0,0.0,0.0,0.0
2021-09-07 00:00:00+09:00,7390.0,7390.0,7100.0,7100.0,503,0.0,0.0,0.0
2021-09-08 00:00:00+09:00,7000.0,7100.0,7000.0,7100.0,1002,0.0,0.0,0.0
2021-09-09 00:00:00+09:00,7100.0,7100.0,7100.0,7100.0,0,0.0,0.0,0.0
2021-09-10 00:00:00+09:00,7000.0,7000.0,7000.0,7000.0,1025,0.0,0.0,0.0
2021-09-13 00:00:00+09:00,7000.0,7000.0,7000.0,7000.0,0,0.0,0.0,0.0
2021-09-14 00:00:00+09:00,7000.0,7000.0,7000.0,7000.0,0,0.0,0.0,0.0
2021-09-15 00:00:00+09:00,7000.0,7000.0,7000.0,7000.0,0,0.0,0.0,0.0
2021-09-16 00:00:00+09:00,7000.0,7000.0,7000.0,7000.0,0,0.0,0.0,0.0
2021-09-17 00:00:00+09:00,7000.0,7000.0,7000.0,7000.0,157,0.0,0.0,0.0
2021-09-23 00:00:00+09:00,7100.0,7100.0,7100.0,7100.0,1,0.0,0.0,0.0
2021-09-24 00:00:00+09:00,7200.0,7200.0,7100.0,7100.0,121,0.0,0.0,0.0
2021-09-27 00:00:00+09:00,6800.0,7100.0,6800.0,7100.0,979,0.0,0.0,0.0
2021-09-28 00:00:00+09:00,7100.0,7200.0,7100.0,7200.0,241,0.0,0.0,0.0
2021-09-29 00:00:00+09:00,7000.0,7600.0,7000.0,7100.0,3554,0.0,0.0,0.0
2021-09-30 00:00:00+09:00,7100.0,7100.0,7100.0,7100.0,10,0.0,0.0,0.0
2021-10-01 00:00:00+09:00,7000.0,7000.0,7000.0,7000.0,10,0.0,0.0,0.0
2021-10-05 00:00:00+09:00,7000.0,7000.0,7000.0,7000.0,0,0.0,0.0,0.0
2021-10-06 00:00:00+09:00,7100.0,7100.0,7100.0,7100.0,220,0.0,0.0,0.0
2021-10-07 00:00:00+09:00,7400.0,7400.0,7100.0,7100.0,2,0.0,0.0,0.0
2021-10-08 00:00:00+09:00,7000.0,7000.0,7000.0,7000.0,10,0.0,0.0,0.0
2021-10-12 00:00:00+09:00,7000.0,7000.0,7000.0,7000.0,0,0.0,0.0,0.0
2021-10-13 00:00:00+09:00,7100.0,7100.0,7100.0,7100.0,20,0.0,0.0,0.0
2021-10-14 00:00:00+09:00,7100.0,7100.0,7100.0,7100.0,0,0.0,0.0,0.0
2021-10-15 00:00:00+09:00,7100.0,7100.0,7100.0,7100.0,0,0.0,0.0,0.0
2021-10-18 00:00:00+09:00,7100.0,7100.0,7100.0,7100.0,0,0.0,0.0,0.0
2021-10-19 00:00:00+09:00,7100.0,7100.0,7100.0,7100.0,400,0.0,0.0,0.0
2021-10-20 00:00:00+09:00,7100.0,7100.0,7100.0,7100.0,0,0.0,0.0,0.0
2021-10-21 00:00:00+09:00,7100.0,7100.0,7100.0,7100.0,600,0.0,0.0,0.0
2021-10-22 00:00:00+09:00,7100.0,7200.0,7100.0,7100.0,551,0.0,0.0,0.0
2021-10-25 00:00:00+09:00,7100.0,7100.0,7100.0,7100.0,1000,0.0,0.0,0.0
2021-10-26 00:00:00+09:00,7100.0,7100.0,7100.0,7100.0,800,0.0,0.0,0.0
2021-10-27 00:00:00+09:00,7100.0,7200.0,7100.0,7200.0,1016,0.0,0.0,0.0
2021-10-28 00:00:00+09:00,7000.0,7350.0,7000.0,7100.0,22,0.0,0.0,0.0
2021-10-29 00:00:00+09:00,7000.0,7200.0,7000.0,7100.0,42,0.0,0.0,0.0
2021-11-01 00:00:00+09:00,7100.0,7100.0,7100.0,7100.0,1,0.0,0.0,0.0
2021-11-02 00:00:00+09:00,7300.0,7300.0,7300.0,7300.0,1,0.0,0.0,0.0
2021-11-03 00:00:00+09:00,7000.0,7320.0,7000.0,7320.0,2,0.0,0.0,0.0
2021-11-04 00:00:00+09:00,7330.0,7330.0,7320.0,7320.0,350,0.0,0.0,0.0
2021-11-05 00:00:00+09:00,7300.0,7340.0,7120.0,7340.0,372,0.0,0.0,0.0
2021-11-08 00:00:00+09:00,7340.0,7340.0,7340.0,7340.0,0,0.0,0.0,0.0
2021-11-09 00:00:00+09:00,7340.0,7340.0,7340.0,7340.0,0,0.0,0.0,0.0
2021-11-10 00:00:00+09:00,7330.0,7390.0,7100.0,7390.0,212,0.0,0.0,0.0
2021-11-11 00:00:00+09:00,7000.0,7390.0,7000.0,7200.0,155,0.0,0.0,0.0
2021-11-12 00:00:00+09:00,7380.0,7400.0,7200.0,7390.0,197,0.0,0.0,0.0
2021-11-15 00:00:00+09:00,7390.0,7970.0,7150.0,7590.0,257,0.0,0.0,0.0
2021-11-16 00:00:00+09:00,7590.0,7930.0,7400.0,7790.0,142,0.0,0.0,0.0
2021-11-17 00:00:00+09:00,7800.0,8940.0,7800.0,8160.0,296,0.0,0.0,0.0
2021-11-18 00:00:00+09:00,8190.0,8190.0,8150.0,8170.0,236,0.0,0.0,0.0
2021-11-19 00:00:00+09:00,8200.0,8600.0,8100.0,8600.0,1645,0.0,0.0,0.0
2021-11-22 00:00:00+09:00,8500.0,8700.0,8500.0,8700.0,251,0.0,0.0,0.0
2021-11-23 00:00:00+09:00,8400.0,8400.0,8200.0,8300.0,15,0.0,0.0,0.0
2021-11-24 00:00:00+09:00,8100.0,8290.0,8100.0,8290.0,21,0.0,0.0,0.0
2021-11-25 00:00:00+09:00,8100.0,8750.0,7880.0,8270.0,194,0.0,0.0,0.0
2021-11-26 00:00:00+09:00,8000.0,8390.0,7210.0,7990.0,885,0.0,0.0,0.0
2021-11-29 00:00:00+09:00,7400.0,7490.0,7010.0,7490.0,961,0.0,0.0,0.0
2021-11-30 00:00:00+09:00,7250.0,7490.0,7250.0,7490.0,11,0.0,0.0,0.0
2021-12-01 00:00:00+09:00,7250.0,7510.0,7250.0,7510.0,6,0.0,0.0,0.0
2021-12-02 00:00:00+09:00,7220.0,7460.0,7220.0,7460.0,11,0.0,0.0,0.0
2021-12-03 00:00:00+09:00,7230.0,7510.0,7220.0,7510.0,8,0.0,0.0,0.0
2021-12-06 00:00:00+09:00,7230.0,7600.0,7230.0,7600.0,36,0.0,0.0,0.0
2021-12-07 00:00:00+09:00,7450.0,7590.0,7450.0,7590.0,2,0.0,0.0,0.0
2021-12-08 00:00:00+09:00,7590.0,7590.0,7590.0,7590.0,0,0.0,0.0,0.0
2021-12-09 00:00:00+09:00,7200.0,7570.0,7200.0,7570.0,336,0.0,0.0,0.0
2021-12-10 00:00:00+09:00,7550.0,7550.0,7550.0,7550.0,1,0.0,0.0,0.0
2021-12-13 00:00:00+09:00,7530.0,7530.0,7210.0,7500.0,4,0.0,0.0,0.0
2021-12-14 00:00:00+09:00,7500.0,7500.0,7500.0,7500.0,0,0.0,0.0,0.0
2021-12-15 00:00:00+09:00,7500.0,7560.0,7300.0,7470.0,149,0.0,0.0,0.0
2021-12-16 00:00:00+09:00,7600.0,7600.0,7480.0,7480.0,3,0.0,0.0,0.0
2021-12-17 00:00:00+09:00,7790.0,7790.0,7730.0,7790.0,110,0.0,0.0,0.0
2021-12-20 00:00:00+09:00,7790.0,7790.0,7790.0,7790.0,0,0.0,0.0,0.0
2021-12-21 00:00:00+09:00,7790.0,7790.0,7790.0,7790.0,0,0.0,0.0,0.0
2021-12-22 00:00:00+09:00,7800.0,8100.0,7700.0,8000.0,775,0.0,0.0,0.0
2021-12-23 00:00:00+09:00,8000.0,8600.0,8000.0,8590.0,244,0.0,0.0,0.0
2021-12-24 00:00:00+09:00,8500.0,8500.0,8500.0,8500.0,1,0.0,0.0,0.0
2021-12-27 00:00:00+09:00,8200.0,8560.0,8200.0,8560.0,2,0.0,0.0,0.0
2021-12-28 00:00:00+09:00,8560.0,8560.0,8560.0,8560.0,0,0.0,0.0,0.0
2021-12-29 00:00:00+09:00,8560.0,8560.0,8560.0,8560.0,0,0.0,0.0,0.0
2021-12-30 00:00:00+09:00,8560.0,8560.0,8560.0,8560.0,0,0.0,0.0,0.0
2022-01-04 00:00:00+09:00,8700.0,8700.0,8700.0,8700.0,0,0.0,0.0,0.0
2022-01-05 00:00:00+09:00,8700.0,8700.0,8700.0,8700.0,0,0.0,0.0,0.0
2022-01-06 00:00:00+09:00,8400.0,8700.0,8200.0,8700.0,141,0.0,0.0,0.0
2022-01-07 00:00:00+09:00,8700.0,8700.0,8700.0,8700.0,0,0.0,0.0,0.0
2022-01-10 00:00:00+09:00,8410.0,8410.0,8410.0,8410.0,1,0.0,0.0,0.0
2022-01-11 00:00:00+09:00,8410.0,8800.0,8400.0,8800.0,9,0.0,0.0,0.0
2022-01-12 00:00:00+09:00,8700.0,8700.0,8700.0,8700.0,134,0.0,0.0,0.0
2022-01-13 00:00:00+09:00,8700.0,8700.0,8700.0,8700.0,0,0.0,0.0,0.0
2022-01-14 00:00:00+09:00,8700.0,8700.0,8700.0,8700.0,450,0.0,0.0,0.0
2022-01-17 00:00:00+09:00,8700.0,8700.0,8700.0,8700.0,0,0.0,0.0,0.0
2022-01-18 00:00:00+09:00,8720.0,8720.0,8720.0,8720.0,100,0.0,0.0,0.0
2022-01-19 00:00:00+09:00,8800.0,8800.0,8800.0,8800.0,1,0.0,0.0,0.0
2022-01-20 00:00:00+09:00,8410.0,9000.0,8300.0,9000.0,261,0.0,0.0,0.0
2022-01-21 00:00:00+09:00,9200.0,9400.0,8200.0,9000.0,646,0.0,0.0,0.0
2022-01-24 00:00:00+09:00,9190.0,9600.0,9190.0,9400.0,530,0.0,0.0,0.0
2022-01-25 00:00:00+09:00,9590.0,9590.0,8700.0,9590.0,808,0.0,0.0,0.0
2022-01-26 00:00:00+09:00,9590.0,9590.0,9590.0,9590.0,0,0.0,0.0,0.0
2022-01-27 00:00:00+09:00,9650.0,10000.0,9650.0,10000.0,587,0.0,0.0,0.0
2022-01-28 00:00:00+09:00,9650.0,10300.0,9650.0,10300.0,456,0.0,0.0,0.0
2022-02-03 00:00:00+09:00,10000.0,10500.0,10000.0,10400.0,888,0.0,0.0,0.0
2022-02-04 00:00:00+09:00,10900.0,10900.0,10700.0,10700.0,2,0.0,0.0,0.0
2022-02-07 00:00:00+09:00,10400.0,12000.0,10400.0,11000.0,255,0.0,0.0,0.0
2022-02-08 00:00:00+09:00,11000.0,11000.0,11000.0,11000.0,0,0.0,0.0,0.0
2022-02-09 00:00:00+09:00,11000.0,11000.0,11000.0,11000.0,0,0.0,0.0,0.0
2022-02-10 00:00:00+09:00,11000.0,11450.0,11000.0,11450.0,2,0.0,0.0,0.0
2022-02-11 00:00:00+09:00,11500.0,11500.0,11000.0,11450.0,822,0.0,0.0,0.0
2022-02-14 00:00:00+09:00,11450.0,11450.0,11450.0,11450.0,2,0.0,0.0,0.0
2022-02-15 00:00:00+09:00,11450.0,12000.0,11450.0,12000.0,496,0.0,0.0,0.0
2022-02-16 00:00:00+09:00,13000.0,13000.0,11500.0,12000.0,464,0.0,0.0,0.0
2022-02-17 00:00:00+09:00,11500.0,12000.0,11500.0,12000.0,697,0.0,0.0,0.0
2022-02-18 00:00:00+09:00,11500.0,12000.0,11500.0,12000.0,701,0.0,0.0,0.0
2022-02-21 00:00:00+09:00,12000.0,12000.0,12000.0,12000.0,101,0.0,0.0,0.0
2022-02-22 00:00:00+09:00,12450.0,12450.0,12450.0,12450.0,1,0.0,0.0,0.0
2022-02-23 00:00:00+09:00,11550.0,12400.0,11550.0,12400.0,44,0.0,0.0,0.0
2022-02-24 00:00:00+09:00,11700.0,12400.0,11650.0,12350.0,287,0.0,0.0,0.0
2022-02-25 00:00:00+09:00,12450.0,12450.0,12450.0,12450.0,501,0.0,0.0,0.0
2022-02-28 00:00:00+09:00,12450.0,12450.0,12450.0,12450.0,0,0.0,0.0,0.0
2022-03-02 00:00:00+09:00,12450.0,12450.0,12450.0,12450.0,0,0.0,0.0,0.0
2022-03-03 00:00:00+09:00,11950.0,11950.0,11950.0,11950.0,10,0.0,0.0,0.0
2022-03-04 00:00:00+09:00,11950.0,11950.0,11950.0,11950.0,0,0.0,0.0,0.0
2022-03-07 00:00:00+09:00,11000.0,11500.0,10300.0,11500.0,139,0.0,0.0,0.0
2022-03-08 00:00:00+09:00,11500.0,11500.0,11500.0,11500.0,5,0.0,0.0,0.0
2022-03-10 00:00:00+09:00,11500.0,11500.0,11500.0,11500.0,0,0.0,0.0,0.0
2022-03-11 00:00:00+09:00,11000.0,11400.0,11000.0,11400.0,3,0.0,0.0,0.0
2022-03-14 00:00:00+09:00,11400.0,11400.0,11400.0,11400.0,0,0.0,0.0,0.0
2022-03-15 00:00:00+09:00,11400.0,11400.0,11400.0,11400.0,0,0.0,0.0,0.0
2022-03-16 00:00:00+09:00,11400.0,11400.0,11400.0,11400.0,0,0.0,0.0,0.0
2022-03-17 00:00:00+09:00,11400.0,11400.0,11400.0,11400.0,0,0.0,0.0,0.0
2022-03-18 00:00:00+09:00,10900.0,10950.0,10900.0,10900.0,478,0.0,0.0,0.0
2022-03-21 00:00:00+09:00,10900.0,10900.0,10900.0,10900.0,0,0.0,0.0,0.0
2022-03-22 00:00:00+09:00,12450.0,12450.0,11600.0,12450.0,504,0.0,0.0,0.0
2022-03-23 00:00:00+09:00,12500.0,12650.0,12000.0,12450.0,91,0.0,0.0,0.0
2022-03-24 00:00:00+09:00,12450.0,13800.0,12450.0,13450.0,18,0.0,0.0,0.0
2022-03-25 00:00:00+09:00,12500.0,13600.0,12500.0,13600.0,7,0.0,0.0,0.0
2022-03-28 00:00:00+09:00,13800.0,13800.0,11650.0,13350.0,112,0.0,0.0,0.0
2022-03-29 00:00:00+09:00,12500.0,13450.0,12500.0,13350.0,77,0.0,0.0,0.0
2022-03-30 00:00:00+09:00,12500.0,13450.0,12500.0,13450.0,3,0.0,0.0,0.0
2022-03-31 00:00:00+09:00,13400.0,13650.0,13400.0,13650.0,448,0.0,0.0,0.0
2022-04-01 00:00:00+09:00,13000.0,13900.0,12500.0,13900.0,11,0.0,0.0,0.0
2022-04-04 00:00:00+09:00,13000.0,13900.0,12550.0,13900.0,25,0.0,0.0,0.0
2022-04-05 00:00:00+09:00,13200.0,13200.0,13200.0,13200.0,50,0.0,0.0,0.0
2022-04-06 00:00:00+09:00,13000.0,13900.0,13000.0,13800.0,5,0.0,0.0,0.0
2022-04-07 00:00:00+09:00,13000.0,13800.0,12000.0,13300.0,303,0.0,0.0,0.0
2022-04-08 00:00:00+09:00,13300.0,13300.0,13300.0,13300.0,0,0.0,0.0,0.0
2022-04-11 00:00:00+09:00,12000.0,12800.0,12000.0,12800.0,7,0.0,0.0,0.0
2022-04-12 00:00:00+09:00,12000.0,12500.0,12000.0,12500.0,2,0.0,0.0,0.0
2022-04-13 00:00:00+09:00,12500.0,12500.0,12500.0,12500.0,4,0.0,0.0,0.0
2022-04-14 00:00:00+09:00,12000.0,12400.0,12000.0,12400.0,2,0.0,0.0,0.0
2022-04-15 00:00:00+09:00,12650.0,12650.0,12000.0,12500.0,12,0.0,0.0,0.0
2022-04-18 00:00:00+09:00,12500.0,12500.0,12500.0,12500.0,0,0.0,0.0,0.0
2022-04-19 00:00:00+09:00,12050.0,12300.0,12050.0,12300.0,6,0.0,0.0,0.0
2022-04-20 00:00:00+09:00,12000.0,12650.0,12000.0,12250.0,4,0.0,0.0,0.0
2022-04-21 00:00:00+09:00,12000.0,12250.0,12000.0,12250.0,2,0.0,0.0,0.0
2022-04-22 00:00:00+09:00,12300.0,12300.0,12300.0,12300.0,1,0.0,0.0,0.0
2022-04-25 00:00:00+09:00,12950.0,12950.0,12950.0,12950.0,1,0.0,0.0,0.0
2022-04-26 00:00:00+09:00,12950.0,13300.0,12950.0,13300.0,2,0.0,0.0,0.0
2022-04-27 00:00:00+09:00,13300.0,13300.0,13300.0,13300.0,0,0.0,0.0,0.0
2022-04-28 00:00:00+09:00,12400.0,12400.0,12400.0,12400.0,1,0.0,0.0,0.0
2022-04-29 00:00:00+09:00,12400.0,12400.0,12400.0,12400.0,0,0.0,0.0,0.0
2022-05-02 00:00:00+09:00,12400.0,12400.0,12400.0,12400.0,0,0.0,0.0,0.0
2022-05-03 00:00:00+09:00,11500.0,12200.0,11500.0,12200.0,2,0.0,0.0,0.0
2022-05-04 00:00:00+09:00,11200.0,12350.0,11200.0,12350.0,33,0.0,0.0,0.0
2022-05-06 00:00:00+09:00,10550.0,12100.0,10550.0,12100.0,101,0.0,0.0,0.0
2022-05-10 00:00:00+09:00,11200.0,12350.0,11200.0,12350.0,24,0.0,0.0,0.0
2022-05-11 00:00:00+09:00,11500.0,11950.0,11500.0,11950.0,2,0.0,0.0,0.0
2022-05-12 00:00:00+09:00,11950.0,11950.0,11950.0,11950.0,0,0.0,0.0,0.0
2022-05-13 00:00:00+09:00,11000.0,12400.0,10200.0,11500.0,86,0.0,0.0,0.0
2022-05-16 00:00:00+09:00,11000.0,11900.0,9810.0,10900.0,195,0.0,0.0,0.0
2022-05-17 00:00:00+09:00,10900.0,10900.0,10900.0,10900.0,0,0.0,0.0,0.0
2022-05-18 00:00:00+09:00,10950.0,10950.0,10950.0,10950.0,1,0.0,0.0,0.0
2022-05-19 00:00:00+09:00,10950.0,10950.0,10950.0,10950.0,1,0.0,0.0,0.0
2022-05-20 00:00:00+09:00,10950.0,11950.0,10950.0,11950.0,7,0.0,0.0,0.0
2022-05-23 00:00:00+09:00,11000.0,11900.0,11000.0,11900.0,6,0.0,0.0,0.0
2022-05-24 00:00:00+09:00,11900.0,11900.0,11900.0,11900.0,0,0.0,0.0,0.0
2022-05-25 00:00:00+09:00,11000.0,11950.0,11000.0,11950.0,9,0.0,0.0,0.0
2022-05-26 00:00:00+09:00,11000.0,11450.0,11000.0,11450.0,3,0.0,0.0,0.0
2022-05-27 00:00:00+09:00,11450.0,11450.0,11450.0,11450.0,0,0.0,0.0,0.0
2022-05-30 00:00:00+09:00,11450.0,11450.0,11450.0,11450.0,0,0.0,0.0,0.0
2022-05-31 00:00:00+09:00,11450.0,11450.0,11450.0,11450.0,0,0.0,0.0,0.0
2022-06-02 00:00:00+09:00,10900.0,11450.0,10900.0,11450.0,71,0.0,0.0,0.0
2022-06-03 00:00:00+09:00,11450.0,11450.0,11450.0,11450.0,0,0.0,0.0,0.0
2022-06-07 00:00:00+09:00,11450.0,11450.0,11450.0,11450.0,0,0.0,0.0,0.0
2022-06-08 00:00:00+09:00,11450.0,11450.0,11450.0,11450.0,0,0.0,0.0,0.0
2022-06-09 00:00:00+09:00,11450.0,11450.0,11450.0,11450.0,0,0.0,0.0,0.0
2022-06-10 00:00:00+09:00,11450.0,11450.0,11450.0,11450.0,0,0.0,0.0,0.0
2022-06-13 00:00:00+09:00,11450.0,11450.0,11450.0,11450.0,4,0.0,0.0,0.0
2022-06-14 00:00:00+09:00,11450.0,11450.0,11450.0,11450.0,0,0.0,0.0,0.0
2022-06-15 00:00:00+09:00,11450.0,11450.0,11450.0,11450.0,0,0.0,0.0,0.0
2022-06-16 00:00:00+09:00,11450.0,11450.0,11450.0,11450.0,0,0.0,0.0,0.0
2022-06-17 00:00:00+09:00,11450.0,11450.0,11450.0,11450.0,0,0.0,0.0,0.0
2022-06-20 00:00:00+09:00,10500.0,12000.0,9810.0,12000.0,16,0.0,0.0,0.0
2022-06-21 00:00:00+09:00,11500.0,12000.0,11500.0,11950.0,5,0.0,0.0,0.0
2022-06-22 00:00:00+09:00,11000.0,11950.0,10200.0,10200.0,19,0.0,0.0,0.0
2022-06-23 00:00:00+09:00,9800.0,10000.0,8700.0,9300.0,432,0.0,0.0,0.0
2022-06-24 00:00:00+09:00,9390.0,9390.0,9390.0,9390.0,1,0.0,0.0,0.0
2022-06-27 00:00:00+09:00,9390.0,9390.0,9390.0,9390.0,8,0.0,0.0,0.0
2022-06-28 00:00:00+09:00,9400.0,9400.0,9400.0,9400.0,1,0.0,0.0,0.0
2022-06-29 00:00:00+09:00,9400.0,9600.0,9400.0,9600.0,6,0.0,0.0,0.0
2022-06-30 00:00:00+09:00,9600.0,9600.0,9600.0,9600.0,0,0.0,0.0,0.0
2022-07-01 00:00:00+09:00,9600.0,9800.0,9600.0,9800.0,6,0.0,0.0,0.0
2022-07-04 00:00:00+09:00,9800.0,9990.0,9800.0,9990.0,6,0.0,0.0,0.0
2022-07-05 00:00:00+09:00,9600.0,9990.0,9600.0,9990.0,6,0.0,0.0,0.0
2022-07-06 00:00:00+09:00,9800.0,9990.0,9400.0,9990.0,56,0.0,0.0,0.0
2022-07-07 00:00:00+09:00,9800.0,9990.0,9800.0,9990.0,10,0.0,0.0,0.0
2022-07-08 00:00:00+09:00,9990.0,9990.0,9990.0,9990.0,0,0.0,0.0,0.0
2022-07-11 00:00:00+09:00,9990.0,9990.0,9990.0,9990.0,0,0.0,0.0,0.0
2022-07-12 00:00:00+09:00,9500.0,9800.0,9500.0,9800.0,19,0.0,0.0,0.0
2022-07-13 00:00:00+09:00,9400.0,9800.0,9400.0,9800.0,6,0.0,0.0,0.0
2022-07-14 00:00:00+09:00,9200.0,9600.0,9200.0,9600.0,6,0.0,0.0,0.0
2022-07-15 00:00:00+09:00,9400.0,9600.0,9000.0,9600.0,16,0.0,0.0,0.0
2022-07-18 00:00:00+09:00,9600.0,9800.0,9600.0,9800.0,6,0.0,0.0,0.0
2022-07-19 00:00:00+09:00,9800.0,9800.0,9800.0,9800.0,0,0.0,0.0,0.0
2022-07-20 00:00:00+09:00,9800.0,9800.0,9800.0,9800.0,0,0.0,0.0,0.0
2022-07-21 00:00:00+09:00,9800.0,9800.0,9800.0,9800.0,0,0.0,0.0,0.0
2022-07-22 00:00:00+09:00,9800.0,9800.0,9800.0,9800.0,0,0.0,0.0,0.0
2022-07-25 00:00:00+09:00,9800.0,9800.0,9800.0,9800.0,0,0.0,0.0,0.0
2022-07-26 00:00:00+09:00,9800.0,9800.0,9800.0,9800.0,0,0.0,0.0,0.0
2022-07-27 00:00:00+09:00,9800.0,9800.0,9800.0,9800.0,0,0.0,0.0,0.0
2022-07-28 00:00:00+09:00,9800.0,9800.0,9800.0,9800.0,5,0.0,0.0,0.0
2022-07-29 00:00:00+09:00,9600.0,9990.0,9600.0,9990.0,6,0.0,0.0,0.0
2022-08-01 00:00:00+09:00,9990.0,9990.0,9990.0,9990.0,0,0.0,0.0,0.0
2022-08-02 00:00:00+09:00,9800.0,9800.0,9800.0,9800.0,5,0.0,0.0,0.0
2022-08-03 00:00:00+09:00,10350.0,10350.0,10350.0,10350.0,1,0.0,0.0,0.0
2022-08-04 00:00:00+09:00,10350.0,10350.0,10350.0,10350.0,0,0.0,0.0,0.0
2022-08-05 00:00:00+09:00,10350.0,10350.0,10350.0,10350.0,0,0.0,0.0,0.0
2022-08-08 00:00:00+09:00,9600.0,9990.0,9600.0,9990.0,2,0.0,0.0,0.0
2022-08-09 00:00:00+09:00,9990.0,9990.0,9990.0,9990.0,0,0.0,0.0,0.0
2022-08-10 00:00:00+09:00,9990.0,9990.0,9990.0,9990.0,0,0.0,0.0,0.0
2022-08-11 00:00:00+09:00,9990.0,9990.0,9990.0,9990.0,0,0.0,0.0,0.0
2022-08-12 00:00:00+09:00,9990.0,9990.0,9990.0,9990.0,0,0.0,0.0,0.0
2022-08-16 00:00:00+09:00,9600.0,9990.0,9600.0,9990.0,6,0.0,0.0,0.0
2022-08-17 00:00:00+09:00,9990.0,9990.0,9990.0,9990.0,0,0.0,0.0,0.0
2022-08-18 00:00:00+09:00,9990.0,9990.0,9990.0,9990.0,0,0.0,0.0,0.0
2022-08-19 00:00:00+09:00,9990.0,9990.0,9990.0,9990.0,0,0.0,0.0,0.0
2022-08-22 00:00:00+09:00,9990.0,9990.0,9990.0,9990.0,0,0.0,0.0,0.0
2022-08-23 00:00:00+09:00,9400.0,9800.0,9400.0,9800.0,6,0.0,0.0,0.0
2022-08-24 00:00:00+09:00,9200.0,9600.0,8330.0,9400.0,137,0.0,0.0,0.0
2022-08-25 00:00:00+09:00,9400.0,9400.0,9400.0,9400.0,0,0.0,0.0,0.0
2022-08-26 00:00:00+09:00,9400.0,9400.0,9400.0,9400.0,0,0.0,0.0,0.0
2022-08-29 00:00:00+09:00,9400.0,9400.0,9400.0,9400.0,0,0.0,0.0,0.0
2022-08-30 00:00:00+09:00,9400.0,9400.0,9400.0,9400.0,0,0.0,0.0,0.0
2022-08-31 00:00:00+09:00,9000.0,9400.0,9000.0,9400.0,6,0.0,0.0,0.0
2022-09-01 00:00:00+09:00,9400.0,9400.0,9400.0,9400.0,0,0.0,0.0,0.0
2022-09-02 00:00:00+09:00,9400.0,9400.0,9400.0,9400.0,0,0.0,0.0,0.0
2022-09-05 00:00:00+09:00,9400.0,9400.0,9400.0,9400.0,0,0.0,0.0,0.0
2022-09-06 00:00:00+09:00,9400.0,9400.0,9400.0,9400.0,0,0.0,0.0,0.0
2022-09-07 00:00:00+09:00,8800.0,9200.0,8400.0,8800.0,62,0.0,0.0,0.0
2022-09-08 00:00:00+09:00,8400.0,8790.0,8400.0,8790.0,6,0.0,0.0,0.0
2022-09-13 00:00:00+09:00,8000.0,8790.0,8000.0,8000.0,37,0.0,0.0,0.0
2022-09-14 00:00:00+09:00,8200.0,8200.0,8200.0,8200.0,1,0.0,0.0,0.0
2022-09-15 00:00:00+09:00,8200.0,8200.0,8200.0,8200.0,0,0.0,0.0,0.0
2022-09-16 00:00:00+09:00,8200.0,8400.0,8200.0,8400.0,6,0.0,0.0,0.0
2022-09-19 00:00:00+09:00,8400.0,8400.0,8400.0,8400.0,5,0.0,0.0,0.0
2022-09-20 00:00:00+09:00,8590.0,8590.0,8440.0,8440.0,1108,0.0,0.0,0.0
2022-09-21 00:00:00+09:00,8600.0,8800.0,8600.0,8800.0,6,0.0,0.0,0.0
2022-09-22 00:00:00+09:00,8800.0,8800.0,7480.0,7880.0,657,0.0,0.0,0.0
2022-09-23 00:00:00+09:00,7600.0,7600.0,7600.0,7600.0,5,0.0,0.0,0.0
2022-09-26 00:00:00+09:00,7600.0,7600.0,7600.0,7600.0,0,0.0,0.0,0.0
2022-09-27 00:00:00+09:00,7400.0,7400.0,7400.0,7400.0,5,0.0,0.0,0.0
2022-09-28 00:00:00+09:00,7200.0,7600.0,7200.0,7400.0,16,0.0,0.0,0.0
2022-09-29 00:00:00+09:00,7600.0,7600.0,7600.0,7600.0,1,0.0,0.0,0.0
2022-09-30 00:00:00+09:00,7200.0,7590.0,7200.0,7590.0,6,0.0,0.0,0.0
2022-10-04 00:00:00+09:00,7400.0,7400.0,7400.0,7400.0,5,0.0,0.0,0.0
2022-10-05 00:00:00+09:00,7200.0,7600.0,7200.0,7600.0,6,0.0,0.0,0.0
2022-10-06 00:00:00+09:00,7600.0,7600.0,7600.0,7600.0,0,0.0,0.0,0.0
2022-10-07 00:00:00+09:00,7000.0,7600.0,7000.0,7600.0,16,0.0,0.0,0.0
2022-10-11 00:00:00+09:00,7600.0,7600.0,7600.0,7600.0,0,0.0,0.0,0.0
2022-10-12 00:00:00+09:00,7000.0,7600.0,6600.0,7190.0,92,0.0,0.0,0.0
2022-10-13 00:00:00+09:00,6400.0,6790.0,6120.0,6790.0,41,0.0,0.0,0.0
2022-10-14 00:00:00+09:00,6000.0,6400.0,6000.0,6400.0,10,0.0,0.0,0.0
2022-10-17 00:00:00+09:00,6000.0,6400.0,6000.0,6380.0,7,0.0,0.0,0.0
2022-10-18 00:00:00+09:00,6380.0,6380.0,6380.0,6380.0,0,0.0,0.0,0.0
2022-10-19 00:00:00+09:00,6380.0,6380.0,6380.0,6380.0,0,0.0,0.0,0.0
2022-10-20 00:00:00+09:00,6000.0,6400.0,5710.0,6000.0,197,0.0,0.0,0.0
2022-10-21 00:00:00+09:00,6000.0,6000.0,6000.0,6000.0,0,0.0,0.0,0.0
2022-10-24 00:00:00+09:00,6000.0,6000.0,6000.0,6000.0,167,0.0,0.0,0.0
2022-10-25 00:00:00+09:00,5800.0,6200.0,5800.0,6200.0,11,0.0,0.0,0.0
2022-10-26 00:00:00+09:00,6400.0,6400.0,6400.0,6400.0,1,0.0,0.0,0.0
2022-10-27 00:00:00+09:00,6400.0,6400.0,6400.0,6400.0,0,0.0,0.0,0.0
2022-10-28 00:00:00+09:00,6400.0,6400.0,6400.0,6400.0,0,0.0,0.0,0.0
2022-10-31 00:00:00+09:00,6400.0,6400.0,6400.0,6400.0,0,0.0,0.0,0.0
2022-11-01 00:00:00+09:00,6400.0,6400.0,6400.0,6400.0,0,0.0,0.0,0.0
2022-11-02 00:00:00+09:00,6000.0,6390.0,6000.0,6200.0,21,0.0,0.0,0.0
2022-11-03 00:00:00+09:00,6000.0,6390.0,6000.0,6390.0,11,0.0,0.0,0.0
2022-11-04 00:00:00+09:00,6390.0,6390.0,6390.0,6390.0,0,0.0,0.0,0.0
2022-11-07 00:00:00+09:00,5800.0,6190.0,5800.0,6000.0,7,0.0,0.0,0.0
2022-11-08 00:00:00+09:00,6000.0,6000.0,6000.0,6000.0,0,0.0,0.0,0.0
2022-11-09 00:00:00+09:00,5800.0,6190.0,5800.0,6190.0,6,0.0,0.0,0.0
2022-11-10 00:00:00+09:00,6190.0,6190.0,6190.0,6190.0,0,0.0,0.0,0.0
2022-11-11 00:00:00+09:00,6190.0,6190.0,6190.0,6190.0,0,0.0,0.0,0.0
2022-11-14 00:00:00+09:00,6000.0,6000.0,5600.0,6000.0,94,0.0,0.0,0.0
2022-11-15 00:00:00+09:00,6000.0,6000.0,6000.0,6000.0,0,0.0,0.0,0.0
2022-11-16 00:00:00+09:00,6000.0,6000.0,6000.0,6000.0,0,0.0,0.0,0.0
2022-11-17 00:00:00+09:00,5970.0,6200.0,5800.0,6180.0,52,0.0,0.0,0.0
2022-11-18 00:00:00+09:00,6180.0,6180.0,6180.0,6180.0,0,0.0,0.0,0.0
2022-11-21 00:00:00+09:00,6180.0,6180.0,6180.0,6180.0,0,0.0,0.0,0.0
2022-11-22 00:00:00+09:00,5410.0,6000.0,5410.0,6000.0,571,0.0,0.0,0.0
2022-11-23 00:00:00+09:00,6000.0,6000.0,6000.0,6000.0,101,0.0,0.0,0.0
2022-11-24 00:00:00+09:00,6890.0,6890.0,5110.0,6000.0,711,0.0,0.0,0.0
2022-11-25 00:00:00+09:00,5800.0,5800.0,5800.0,5800.0,60,0.0,0.0,0.0
2022-11-28 00:00:00+09:00,5800.0,5800.0,5800.0,5800.0,0,0.0,0.0,0.0
2022-11-29 00:00:00+09:00,6000.0,6000.0,6000.0,6000.0,1,0.0,0.0,0.0
2022-11-30 00:00:00+09:00,5300.0,5600.0,5300.0,5600.0,178,0.0,0.0,0.0
2022-12-01 00:00:00+09:00,5600.0,5600.0,5400.0,5400.0,54,0.0,0.0,0.0
2022-12-02 00:00:00+09:00,5600.0,6090.0,5600.0,6090.0,75,0.0,0.0,0.0
2022-12-05 00:00:00+09:00,5800.0,6090.0,5800.0,6090.0,175,0.0,0.0,0.0
2022-12-06 00:00:00+09:00,6090.0,6090.0,6090.0,6090.0,0,0.0,0.0,0.0
2022-12-07 00:00:00+09:00,6090.0,6090.0,6090.0,6090.0,0,0.0,0.0,0.0
2022-12-08 00:00:00+09:00,6090.0,6090.0,6090.0,6090.0,0,0.0,0.0,0.0
2022-12-09 00:00:00+09:00,6090.0,6090.0,6090.0,6090.0,0,0.0,0.0,0.0
2022-12-12 00:00:00+09:00,6090.0,6090.0,6090.0,6090.0,0,0.0,0.0,0.0
2022-12-13 00:00:00+09:00,5810.0,6200.0,5810.0,6150.0,6,0.0,0.0,0.0
2022-12-14 00:00:00+09:00,6150.0,6150.0,6150.0,6150.0,6,0.0,0.0,0.0
2022-12-15 00:00:00+09:00,6150.0,6150.0,6150.0,6150.0,0,0.0,0.0,0.0
2022-12-16 00:00:00+09:00,5810.0,5900.0,5600.0,5880.0,169,0.0,0.0,0.0
2022-12-19 00:00:00+09:00,5880.0,5880.0,5880.0,5880.0,10,0.0,0.0,0.0
2022-12-20 00:00:00+09:00,5600.0,6000.0,5400.0,5800.0,67,0.0,0.0,0.0
2022-12-21 00:00:00+09:00,5800.0,5800.0,5800.0,5800.0,58,0.0,0.0,0.0
2022-12-22 00:00:00+09:00,5600.0,5800.0,5600.0,5800.0,120,0.0,0.0,0.0
2022-12-23 00:00:00+09:00,5600.0,5800.0,5600.0,5800.0,11,0.0,0.0,0.0
2022-12-26 00:00:00+09:00,5800.0,6400.0,5800.0,6000.0,120,0.0,0.0,0.0
2022-12-27 00:00:00+09:00,6000.0,6000.0,6000.0,6000.0,0,0.0,0.0,0.0
2022-12-28 00:00:00+09:00,5610.0,5990.0,5600.0,5990.0,612,0.0,0.0,0.0
2022-12-29 00:00:00+09:00,6000.0,6000.0,6000.0,6000.0,1,0.0,0.0,0.0
2023-01-02 00:00:00+09:00,5600.0,6000.0,5600.0,6000.0,6,0.0,0.0,0.0
2023-01-03 00:00:00+09:00,6000.0,6000.0,6000.0,6000.0,0,0.0,0.0,0.0
2023-01-04 00:00:00+09:00,6000.0,6000.0,6000.0,6000.0,80,0.0,0.0,0.0
2023-01-05 00:00:00+09:00,6200.0,6400.0,6200.0,6400.0,11,0.0,0.0,0.0
2023-01-06 00:00:00+09:00,6000.0,6400.0,6000.0,6400.0,11,0.0,0.0,0.0
2023-01-09 00:00:00+09:00,6400.0,6400.0,6400.0,6400.0,0,0.0,0.0,0.0
2023-01-10 00:00:00+09:00,6400.0,6400.0,6400.0,6400.0,0,0.0,0.0,0.0
2023-01-11 00:00:00+09:00,6400.0,6400.0,6400.0,6400.0,0,0.0,0.0,0.0
2023-01-12 00:00:00+09:00,6200.0,6200.0,6200.0,6200.0,1,0.0,0.0,0.0
2023-01-13 00:00:00+09:00,6200.0,6200.0,6200.0,6200.0,0,0.0,0.0,0.0
2023-01-16 00:00:00+09:00,6200.0,6200.0,6200.0,6200.0,0,0.0,0.0,0.0
2023-01-17 00:00:00+09:00,5910.0,6200.0,5910.0,6200.0,56,0.0,0.0,0.0
2023-01-18 00:00:00+09:00,6200.0,6200.0,6200.0,6200.0,0,0.0,0.0,0.0
2023-01-19 00:00:00+09:00,6200.0,6200.0,6200.0,6200.0,0,0.0,0.0,0.0
2023-01-20 00:00:00+09:00,6200.0,6200.0,6200.0,6200.0,0,0.0,0.0,0.0
2023-01-25 00:00:00+09:00,6200.0,6200.0,6200.0,6200.0,0,0.0,0.0,0.0
2023-01-26 00:00:00+09:00,6200.0,6400.0,6200.0,6400.0,378,0.0,0.0,0.0
2023-01-27 00:00:00+09:00,6400.0,7000.0,6400.0,7000.0,49,0.0,0.0,0.0
2023-01-30 00:00:00+09:00,7000.0,7400.0,7000.0,7390.0,42,0.0,0.0,0.0
2023-01-31 00:00:00+09:00,7390.0,8190.0,7390.0,8000.0,45,0.0,0.0,0.0
2023-02-01 00:00:00+09:00,7990.0,8390.0,7990.0,7990.0,111,0.0,0.0,0.0
2023-02-02 00:00:00+09:00,8190.0,8190.0,8190.0,8190.0,1,0.0,0.0,0.0
2023-02-03 00:00:00+09:00,8000.0,8200.0,8000.0,8000.0,11,0.0,0.0,0.0
2023-02-06 00:00:00+09:00,8000.0,8000.0,7800.0,7800.0,75,0.0,0.0,0.0
2023-02-07 00:00:00+09:00,7800.0,7800.0,7800.0,7800.0,0,0.0,0.0,0.0
2023-02-08 00:00:00+09:00,7800.0,7800.0,7800.0,7800.0,30,0.0,0.0,0.0
2023-02-09 00:00:00+09:00,7800.0,7800.0,7800.0,7800.0,0,0.0,0.0,0.0
2023-02-10 00:00:00+09:00,7810.0,7810.0,7810.0,7810.0,30,0.0,0.0,0.0
2023-02-13 00:00:00+09:00,7810.0,7810.0,7810.0,7810.0,0,0.0,0.0,0.0
2023-02-14 00:00:00+09:00,7810.0,7810.0,7810.0,7810.0,0,0.0,0.0,0.0
2023-02-15 00:00:00+09:00,7810.0,7810.0,7810.0,7810.0,0,0.0,0.0,0.0
2023-02-16 00:00:00+09:00,8000.0,8000.0,8000.0,8000.0,1,0.0,0.0,0.0
2023-02-17 00:00:00+09:00,8000.0,8000.0,8000.0,8000.0,0,0.0,0.0,0.0
2023-02-20 00:00:00+09:00,7600.0,7950.0,7600.0,7950.0,87,0.0,0.0,0.0
2023-02-21 00:00:00+09:00,7950.0,7950.0,7950.0,7950.0,0,0.0,0.0,0.0
2023-02-22 00:00:00+09:00,7950.0,7950.0,7950.0,7950.0,0,0.0,0.0,0.0
2023-02-23 00:00:00+09:00,7780.0,7780.0,7760.0,7760.0,80,0.0,0.0,0.0
2023-02-24 00:00:00+09:00,7760.0,7780.0,7400.0,7600.0,47,0.0,0.0,0.0
2023-02-27 00:00:00+09:00,7600.0,7600.0,7580.0,7580.0,45,0.0,0.0,0.0
2023-02-28 00:00:00+09:00,7580.0,7790.0,7400.0,7790.0,26,0.0,0.0,0.0
2023-03-02 00:00:00+09:00,7200.0,7600.0,7200.0,7600.0,6,0.0,0.0,0.0
2023-03-03 00:00:00+09:00,7600.0,7600.0,7600.0,7600.0,0,0.0,0.0,0.0
2023-03-06 00:00:00+09:00,7600.0,7600.0,7600.0,7600.0,0,0.0,0.0,0.0
2023-03-07 00:00:00+09:00,7600.0,7600.0,7600.0,7600.0,0,0.0,0.0,0.0
2023-03-08 00:00:00+09:00,7600.0,7600.0,7400.0,7400.0,25,0.0,0.0,0.0
2023-03-09 00:00:00+09:00,7400.0,7400.0,7400.0,7400.0,0,0.0,0.0,0.0
2023-03-10 00:00:00+09:00,7400.0,7400.0,7400.0,7400.0,20,0.0,0.0,0.0
2023-03-13 00:00:00+09:00,7400.0,7400.0,7400.0,7400.0,0,0.0,0.0,0.0
2023-03-14 00:00:00+09:00,7400.0,7400.0,7400.0,7400.0,0,0.0,0.0,0.0
2023-03-15 00:00:00+09:00,7400.0,7400.0,7400.0,7400.0,0,0.0,0.0,0.0
2023-03-16 00:00:00+09:00,7400.0,7400.0,7400.0,7400.0,0,0.0,0.0,0.0
2023-03-17 00:00:00+09:00,7400.0,7400.0,7400.0,7400.0,0,0.0,0.0,0.0
2023-03-20 00:00:00+09:00,7400.0,7400.0,7400.0,7400.0,0,0.0,0.0,0.0
2023-03-21 00:00:00+09:00,7400.0,7400.0,7400.0,7400.0,0,0.0,0.0,0.0
2023-03-22 00:00:00+09:00,7400.0,7400.0,7400.0,7400.0,0,0.0,0.0,0.0
2023-03-23 00:00:00+09:00,7200.0,7200.0,6300.0,6500.0,696,0.0,0.0,0.0
2023-03-24 00:00:00+09:00,6800.0,6800.0,6400.0,6400.0,41,0.0,0.0,0.0
2023-03-27 00:00:00+09:00,6200.0,6200.0,6200.0,6200.0,1,0.0,0.0,0.0
2023-03-28 00:00:00+09:00,6200.0,6200.0,6200.0,6200.0,10,0.0,0.0,0.0
2023-03-29 00:00:00+09:00,6200.0,6200.0,6200.0,6200.0,60,0.0,0.0,0.0
2023-03-30 00:00:00+09:00,6200.0,6200.0,6200.0,6200.0,50,0.0,0.0,0.0
2023-03-31 00:00:00+09:00,6200.0,6200.0,6200.0,6200.0,0,0.0,0.0,0.0
2023-04-03 00:00:00+09:00,6200.0,6200.0,6200.0,6200.0,0,0.0,0.0,0.0
2023-04-04 00:00:00+09:00,6000.0,7120.0,6000.0,6430.0,212,0.0,0.0,0.0
2023-04-05 00:00:00+09:00,6200.0,6400.0,6200.0,6400.0,11,0.0,0.0,0.0
2023-04-06 00:00:00+09:00,6400.0,6400.0,6400.0,6400.0,0,0.0,0.0,0.0
2023-04-07 00:00:00+09:00,6400.0,6400.0,6400.0,6400.0,0,0.0,0.0,0.0
2023-04-10 00:00:00+09:00,6400.0,6400.0,6400.0,6400.0,0,0.0,0.0,0.0
2023-04-11 00:00:00+09:00,6000.0,6000.0,6000.0,6000.0,10,0.0,0.0,0.0
2023-04-12 00:00:00+09:00,6000.0,6000.0,6000.0,6000.0,0,0.0,0.0,0.0
2023-04-13 00:00:00+09:00,6200.0,6200.0,5800.0,6000.0,13,0.0,0.0,0.0
2023-04-14 00:00:00+09:00,6000.0,6000.0,6000.0,6000.0,10,0.0,0.0,0.0
2023-04-17 00:00:00+09:00,6000.0,6000.0,6000.0,6000.0,0,0.0,0.0,0.0
2023-04-18 00:00:00+09:00,6000.0,6000.0,6000.0,6000.0,0,0.0,0.0,0.0
2023-04-19 00:00:00+09:00,5900.0,5900.0,5900.0,5900.0,2,0.0,0.0,0.0
2023-04-20 00:00:00+09:00,5600.0,6000.0,5600.0,5800.0,25,0.0,0.0,0.0
2023-04-21 00:00:00+09:00,5610.0,6000.0,5600.0,6000.0,127,0.0,0.0,0.0
2023-04-24 00:00:00+09:00,5600.0,5990.0,5210.0,5590.0,150,0.0,0.0,0.0
2023-04-25 00:00:00+09:00,5210.0,5590.0,5200.0,5590.0,27,0.0,0.0,0.0
2023-04-26 00:00:00+09:00,5400.0,5800.0,5400.0,5800.0,89,0.0,0.0,0.0
2023-04-27 00:00:00+09:00,5410.0,5600.0,5000.0,5400.0,1762,0.0,0.0,0.0
2023-04-28 00:00:00+09:00,5250.0,5600.0,5250.0,5600.0,116,0.0,0.0,0.0
2023-05-02 00:00:00+09:00,5600.0,5600.0,5600.0,5600.0,0,0.0,0.0,0.0
2023-05-03 00:00:00+09:00,5600.0,5600.0,5600.0,5600.0,0,0.0,0.0,0.0
2023-05-04 00:00:00+09:00,5600.0,5600.0,5600.0,5600.0,0,0.0,0.0,0.0
2023-05-08 00:00:00+09:00,5600.0,5600.0,5600.0,5600.0,0,0.0,0.0,0.0
2023-05-09 00:00:00+09:00,5600.0,5600.0,5600.0,5600.0,0,0.0,0.0,0.0
2023-05-10 00:00:00+09:00,5600.0,5600.0,5600.0,5600.0,0,0.0,0.0,0.0
2023-05-11 00:00:00+09:00,5600.0,5600.0,5600.0,5600.0,0,0.0,0.0,0.0
2023-05-12 00:00:00+09:00,5260.0,5260.0,5260.0,5260.0,10,0.0,0.0,0.0
2023-05-15 00:00:00+09:00,5200.0,5200.0,5000.0,5000.0,1888,0.0,0.0,0.0
2023-05-16 00:00:00+09:00,5000.0,5000.0,5000.0,5000.0,0,0.0,0.0,0.0
2023-05-17 00:00:00+09:00,5000.0,5000.0,5000.0,5000.0,0,0.0,0.0,0.0
2023-05-18 00:00:00+09:00,5000.0,5000.0,5000.0,5000.0,0,0.0,0.0,0.0
2023-05-19 00:00:00+09:00,5000.0,5000.0,5000.0,5000.0,0,0.0,0.0,0.0
2023-05-22 00:00:00+09:00,5000.0,5000.0,5000.0,5000.0,0,0.0,0.0,0.0
2023-05-23 00:00:00+09:00,5000.0,5000.0,5000.0,5000.0,0,0.0,0.0,0.0
2023-05-24 00:00:00+09:00,5000.0,5000.0,5000.0,5000.0,0,0.0,0.0,0.0
2023-05-25 00:00:00+09:00,5000.0,5000.0,5000.0,5000.0,0,0.0,0.0,0.0
2023-05-26 00:00:00+09:00,4900.0,4900.0,4800.0,4800.0,20,0.0,0.0,0.0
2023-05-30 00:00:00+09:00,4800.0,4800.0,4800.0,4800.0,0,0.0,0.0,0.0
2023-05-31 00:00:00+09:00,4750.0,5150.0,4745.0,5150.0,129,0.0,0.0,0.0
2023-06-01 00:00:00+09:00,5150.0,5150.0,5150.0,5150.0,0,0.0,0.0,0.0
2023-06-02 00:00:00+09:00,5150.0,5150.0,5150.0,5150.0,0,0.0,0.0,0.0
2023-06-05 00:00:00+09:00,5200.0,5920.0,5200.0,5800.0,175,0.0,0.0,0.0
2023-06-07 00:00:00+09:00,5850.0,6660.0,5850.0,6660.0,81,0.0,0.0,0.0
2023-06-08 00:00:00+09:00,6800.0,7390.0,6800.0,7000.0,654,0.0,0.0,0.0
2023-06-09 00:00:00+09:00,6900.0,6990.0,6000.0,6790.0,1312,0.0,0.0,0.0
2023-06-12 00:00:00+09:00,6690.0,6790.0,6690.0,6790.0,200,0.0,0.0,0.0
2023-06-13 00:00:00+09:00,6780.0,6990.0,5800.0,6970.0,1921,0.0,0.0,0.0
2023-06-14 00:00:00+09:00,7000.0,7000.0,6150.0,6200.0,851,0.0,0.0,0.0
2023-06-15 00:00:00+09:00,6200.0,6200.0,6200.0,6200.0,210,0.0,0.0,0.0
2023-06-16 00:00:00+09:00,6400.0,6790.0,6200.0,6200.0,162,0.0,0.0,0.0
2023-06-19 00:00:00+09:00,6400.0,6400.0,6400.0,6400.0,120,0.0,0.0,0.0
2023-06-20 00:00:00+09:00,6500.0,6500.0,6500.0,6500.0,105,0.0,0.0,0.0
2023-06-21 00:00:00+09:00,6600.0,7460.0,6600.0,6800.0,105,0.0,0.0,0.0
2023-06-22 00:00:00+09:00,6600.0,6940.0,6600.0,6940.0,68,0.0,0.0,0.0
2023-06-23 00:00:00+09:00,6940.0,7390.0,6940.0,6980.0,425,0.0,0.0,0.0
2023-06-26 00:00:00+09:00,7190.0,8020.0,7190.0,8020.0,3887,0.0,0.0,0.0
2023-06-27 00:00:00+09:00,7800.0,7800.0,7800.0,7800.0,4,0.0,0.0,0.0
2023-06-28 00:00:00+09:00,8090.0,8320.0,7800.0,7800.0,853,0.0,0.0,0.0
2023-06-29 00:00:00+09:00,7800.0,8970.0,7800.0,8970.0,2425,0.0,0.0,0.0
2023-06-30 00:00:00+09:00,8900.0,10310.0,8900.0,9200.0,15595,0.0,0.0,0.0
2023-07-03 00:00:00+09:00,9000.0,9250.0,8800.0,8800.0,708,0.0,0.0,0.0
2023-07-04 00:00:00+09:00,8570.0,8570.0,8400.0,8570.0,25,0.0,0.0,0.0
2023-07-05 00:00:00+09:00,8570.0,8570.0,8570.0,8570.0,0,0.0,0.0,0.0
2023-07-06 00:00:00+09:00,8600.0,9850.0,8600.0,9800.0,6267,0.0,0.0,0.0
2023-07-07 00:00:00+09:00,9400.0,9400.0,9400.0,9400.0,4,0.0,0.0,0.0
2023-07-10 00:00:00+09:00,9600.0,9600.0,9400.0,9400.0,9,0.0,0.0,0.0
2023-07-11 00:00:00+09:00,9200.0,10000.0,9200.0,9300.0,656,0.0,0.0,0.0
2023-07-12 00:00:00+09:00,9000.0,9000.0,9000.0,9000.0,14,0.0,0.0,0.0
2023-07-13 00:00:00+09:00,8800.0,9200.0,8800.0,9000.0,610,0.0,0.0,0.0
2023-07-14 00:00:00+09:00,8800.0,9200.0,8800.0,9000.0,720,0.0,0.0,0.0
2023-07-17 00:00:00+09:00,8800.0,9100.0,8600.0,9100.0,760,0.0,0.0,0.0
2023-07-18 00:00:00+09:00,8700.0,8800.0,8700.0,8800.0,100,0.0,0.0,0.0
2023-07-19 00:00:00+09:00,8900.0,8900.0,8600.0,8600.0,205,0.0,0.0,0.0
2023-07-20 00:00:00+09:00,8800.0,9800.0,8800.0,9200.0,665,0.0,0.0,0.0
2023-07-21 00:00:00+09:00,8800.0,9400.0,8800.0,9200.0,1745,0.0,0.0,0.0
2023-07-24 00:00:00+09:00,9200.0,9400.0,7900.0,8400.0,149,0.0,0.0,0.0
2023-07-25 00:00:00+09:00,8400.0,8400.0,7600.0,8000.0,1323,0.0,0.0,0.0
2023-07-26 00:00:00+09:00,8200.0,9200.0,8000.0,8000.0,879,0.0,0.0,0.0
2023-07-27 00:00:00+09:00,8200.0,9200.0,8200.0,8800.0,2905,0.0,0.0,0.0
2023-07-28 00:00:00+09:00,8800.0,8900.0,8800.0,8870.0,500,0.0,0.0,0.0
2023-07-31 00:00:00+09:00,9000.0,10200.0,9000.0,10200.0,424,0.0,0.0,0.0
2023-08-01 00:00:00+09:00,9200.0,10000.0,9000.0,9600.0,551,0.0,0.0,0.0
2023-08-02 00:00:00+09:00,9400.0,10000.0,8800.0,10000.0,69,0.0,0.0,0.0
2023-08-03 00:00:00+09:00,9400.0,10000.0,9400.0,10000.0,20,0.0,0.0,0.0
2023-08-04 00:00:00+09:00,9800.0,9800.0,9200.0,9200.0,30,0.0,0.0,0.0
2023-08-07 00:00:00+09:00,9200.0,9200.0,9200.0,9200.0,0,0.0,0.0,0.0
2023-08-08 00:00:00+09:00,9000.0,9000.0,9000.0,9000.0,5,0.0,0.0,0.0
2023-08-09 00:00:00+09:00,9200.0,9800.0,9200.0,9200.0,145,0.0,0.0,0.0
2023-08-10 00:00:00+09:00,9400.0,9990.0,9400.0,9990.0,87,0.0,0.0,0.0
2023-08-11 00:00:00+09:00,9990.0,9990.0,9990.0,9990.0,0,0.0,0.0,0.0
2023-08-14 00:00:00+09:00,9990.0,9990.0,9990.0,9990.0,0,0.0,0.0,0.0
2023-08-16 00:00:00+09:00,9990.0,9990.0,9990.0,9990.0,0,0.0,0.0,0.0
2023-08-17 00:00:00+09:00,9990.0,9990.0,9990.0,9990.0,0,0.0,0.0,0.0
2023-08-18 00:00:00+09:00,9990.0,9990.0,9990.0,9990.0,0,0.0,0.0,0.0
2023-08-21 00:00:00+09:00,9990.0,9990.0,9990.0,9990.0,0,0.0,0.0,0.0
2023-08-22 00:00:00+09:00,9600.0,9600.0,9400.0,9400.0,40,0.0,0.0,0.0
2023-08-23 00:00:00+09:00,9400.0,9400.0,9400.0,9400.0,0,0.0,0.0,0.0
2023-08-24 00:00:00+09:00,9200.0,9800.0,8110.0,9800.0,266,0.0,0.0,0.0
2023-08-25 00:00:00+09:00,9600.0,11000.0,9400.0,11000.0,167,0.0,0.0,0.0
2023-08-28 00:00:00+09:00,11000.0,11000.0,11000.0,11000.0,0,0.0,0.0,0.0
2023-08-29 00:00:00+09:00,9800.0,11000.0,9800.0,10700.0,67,0.0,0.0,0.0
2023-08-30 00:00:00+09:00,10000.0,11000.0,10000.0,11000.0,10,0.0,0.0,0.0
2023-08-31 00:00:00+09:00,10500.0,10500.0,9400.0,10500.0,132,0.0,0.0,0.0
2023-09-01 00:00:00+09:00,10500.0,10790.0,10000.0,10790.0,33,0.0,0.0,0.0
2023-09-04 00:00:00+09:00,10750.0,12400.0,10750.0,11000.0,158,0.0,0.0,0.0
2023-09-05 00:00:00+09:00,10500.0,11000.0,10500.0,11000.0,11,0.0,0.0,0.0
2023-09-06 00:00:00+09:00,11000.0,11000.0,11000.0,11000.0,0,0.0,0.0,0.0
2023-09-07 00:00:00+09:00,10500.0,11000.0,10500.0,11000.0,51,0.0,0.0,0.0
2023-09-08 00:00:00+09:00,11000.0,11000.0,11000.0,11000.0,0,0.0,0.0,0.0
2023-09-11 00:00:00+09:00,11000.0,11000.0,11000.0,11000.0,0,0.0,0.0,0.0
2023-09-12 00:00:00+09:00,11000.0,11000.0,11000.0,11000.0,0,0.0,0.0,0.0
2023-09-13 00:00:00+09:00,10000.0,10000.0,9500.0,9800.0,191,0.0,0.0,0.0
2023-09-14 00:00:00+09:00,9990.0,11270.0,9600.0,9800.0,679,0.0,0.0,0.0
2023-09-15 00:00:00+09:00,9900.0,10300.0,9900.0,10300.0,203,0.0,0.0,0.0
2023-09-18 00:00:00+09:00,10300.0,10500.0,10300.0,10300.0,63,0.0,0.0,0.0
2023-09-19 00:00:00+09:00,10300.0,10400.0,10000.0,10400.0,121,0.0,0.0,0.0
2023-09-20 00:00:00+09:00,10400.0,10400.0,10400.0,10400.0,0,0.0,0.0,0.0
2023-09-21 00:00:00+09:00,10300.0,10300.0,10300.0,10300.0,80,0.0,0.0,0.0
2023-09-22 00:00:00+09:00,9810.0,10700.0,9810.0,10700.0,11,0.0,0.0,0.0
2023-09-25 00:00:00+09:00,10690.0,12300.0,10690.0,11000.0,9,0.0,0.0,0.0
2023-09-26 00:00:00+09:00,11000.0,11000.0,11000.0,11000.0,0,0.0,0.0,0.0
2023-09-27 00:00:00+09:00,11000.0,11000.0,11000.0,11000.0,0,0.0,0.0,0.0
2023-10-04 00:00:00+09:00,10500.0,12300.0,9510.0,9510.0,94,0.0,0.0,0.0
2023-10-05 00:00:00+09:00,9420.0,10930.0,9400.0,10490.0,166,0.0,0.0,0.0
2023-10-06 00:00:00+09:00,10500.0,12000.0,10490.0,10490.0,113,0.0,0.0,0.0
2023-10-10 00:00:00+09:00,11000.0,12000.0,11000.0,11100.0,25,0.0,0.0,0.0
2023-10-11 00:00:00+09:00,11500.0,12000.0,11500.0,12000.0,22,0.0,0.0,0.0
2023-10-12 00:00:00+09:00,12000.0,13800.0,12000.0,12000.0,115,0.0,0.0,0.0
2023-10-13 00:00:00+09:00,12500.0,13500.0,12000.0,13000.0,59,0.0,0.0,0.0
2023-10-16 00:00:00+09:00,12500.0,12500.0,12000.0,12000.0,2,0.0,0.0,0.0
2023-10-17 00:00:00+09:00,12000.0,12000.0,12000.0,12000.0,0,0.0,0.0,0.0
2023-10-18 00:00:00+09:00,12500.0,13800.0,12500.0,13800.0,33,0.0,0.0,0.0
2023-10-19 00:00:00+09:00,13500.0,15870.0,12000.0,15870.0,176,0.0,0.0,0.0
2023-10-20 00:00:00+09:00,15870.0,16500.0,15870.0,16500.0,285,0.0,0.0,0.0
2023-10-23 00:00:00+09:00,16000.0,16500.0,14030.0,16500.0,15,0.0,0.0,0.0
2023-10-24 00:00:00+09:00,14500.0,17000.0,14500.0,17000.0,60,0.0,0.0,0.0
2023-10-25 00:00:00+09:00,17000.0,19550.0,15000.0,15500.0,97,0.0,0.0,0.0
2023-10-26 00:00:00+09:00,15600.0,15600.0,14000.0,14000.0,69,0.0,0.0,0.0
2023-10-27 00:00:00+09:00,14490.0,16000.0,14490.0,15500.0,119,0.0,0.0,0.0
2023-10-30 00:00:00+09:00,16000.0,17800.0,16000.0,16500.0,28,0.0,0.0,0.0
2023-10-31 00:00:00+09:00,14030.0,14030.0,14030.0,14030.0,15,0.0,0.0,0.0
2023-11-01 00:00:00+09:00,14490.0,16000.0,13500.0,13500.0,103,0.0,0.0,0.0
2023-11-02 00:00:00+09:00,14000.0,15500.0,14000.0,15000.0,10,0.0,0.0,0.0
2023-11-03 00:00:00+09:00,15500.0,17000.0,15500.0,16000.0,26,0.0,0.0,0.0
2023-11-06 00:00:00+09:00,15500.0,15500.0,15000.0,15000.0,2,0.0,0.0,0.0
2023-11-07 00:00:00+09:00,15000.0,15000.0,15000.0,15000.0,0,0.0,0.0,0.0
2023-11-08 00:00:00+09:00,16500.0,16500.0,15000.0,15000.0,34,0.0,0.0,0.0
2023-11-09 00:00:00+09:00,15000.0,15000.0,15000.0,15000.0,0,0.0,0.0,0.0
2023-11-10 00:00:00+09:00,15000.0,15000.0,15000.0,15000.0,0,0.0,0.0,0.0
2023-11-13 00:00:00+09:00,15000.0,15000.0,15000.0,15000.0,0,0.0,0.0,0.0
2023-11-14 00:00:00+09:00,15000.0,15000.0,15000.0,15000.0,0,0.0,0.0,0.0
2023-11-15 00:00:00+09:00,13510.0,13510.0,13510.0,13510.0,10,0.0,0.0,0.0
2023-11-16 00:00:00+09:00,13500.0,13500.0,12510.0,12510.0,17,0.0,0.0,0.0
2023-11-17 00:00:00+09:00,12500.0,12500.0,12500.0,12500.0,1,0.0,0.0,0.0
2023-11-20 00:00:00+09:00,12500.0,12500.0,12500.0,12500.0,0,0.0,0.0,0.0
2023-11-21 00:00:00+09:00,12000.0,13000.0,12000.0,13000.0,14,0.0,0.0,0.0
2023-11-22 00:00:00+09:00,12500.0,12500.0,12500.0,12500.0,1,0.0,0.0,0.0
2023-11-23 00:00:00+09:00,12500.0,12500.0,12500.0,12500.0,0,0.0,0.0,0.0
2023-11-24 00:00:00+09:00,12500.0,12500.0,12500.0,12500.0,0,0.0,0.0,0.0
2023-11-27 00:00:00+09:00,12000.0,12000.0,12000.0,12000.0,1,0.0,0.0,0.0
2023-11-28 00:00:00+09:00,11500.0,11500.0,11500.0,11500.0,1,0.0,0.0,0.0
2023-11-29 00:00:00+09:00,12000.0,12000.0,12000.0,12000.0,1,0.0,0.0,0.0
2023-11-30 00:00:00+09:00,11500.0,11500.0,11500.0,11500.0,1,0.0,0.0,0.0
2023-12-01 00:00:00+09:00,11000.0,11500.0,10500.0,11500.0,4,0.0,0.0,0.0
2023-12-04 00:00:00+09:00,11000.0,13210.0,10500.0,13210.0,12,0.0,0.0,0.0
2023-12-05 00:00:00+09:00,12500.0,12500.0,11230.0,11230.0,2,0.0,0.0,0.0
2023-12-06 00:00:00+09:00,12000.0,12000.0,11500.0,11500.0,2,0.0,0.0,0.0
2023-12-07 00:00:00+09:00,11500.0,11500.0,11500.0,11500.0,0,0.0,0.0,0.0
2023-12-08 00:00:00+09:00,11010.0,11010.0,11000.0,11000.0,48,0.0,0.0,0.0
2023-12-11 00:00:00+09:00,11000.0,11000.0,11000.0,11000.0,0,0.0,0.0,0.0
2023-12-12 00:00:00+09:00,11000.0,11000.0,11000.0,11000.0,0,0.0,0.0,0.0
2023-12-13 00:00:00+09:00,11500.0,11700.0,11500.0,11700.0,20,0.0,0.0,0.0
2023-12-14 00:00:00+09:00,12000.0,13440.0,9960.0,9960.0,523,0.0,0.0,0.0
2023-12-15 00:00:00+09:00,9910.0,10470.0,9910.0,10470.0,96,0.0,0.0,0.0
2023-12-18 00:00:00+09:00,9810.0,9810.0,9810.0,9810.0,5,0.0,0.0,0.0
2023-12-19 00:00:00+09:00,10480.0,11000.0,10480.0,10500.0,13,0.0,0.0,0.0
2023-12-20 00:00:00+09:00,10500.0,10500.0,10500.0,10500.0,0,0.0,0.0,0.0
2023-12-21 00:00:00+09:00,10500.0,10500.0,10500.0,10500.0,0,0.0,0.0,0.0
2023-12-22 00:00:00+09:00,10000.0,10000.0,9800.0,9800.0,26,0.0,0.0,0.0
2023-12-26 00:00:00+09:00,9800.0,9800.0,9800.0,9800.0,0,0.0,0.0,0.0
2023-12-27 00:00:00+09:00,9800.0,9800.0,9800.0,9800.0,0,0.0,0.0,0.0
2023-12-28 00:00:00+09:00,9600.0,9600.0,9600.0,9600.0,4,0.0,0.0,0.0
2024-01-02 00:00:00+09:00,9800.0,9800.0,9800.0,9800.0,5,0.0,0.0,0.0
2024-01-03 00:00:00+09:00,10000.0,10000.0,10000.0,10000.0,1,0.0,0.0,0.0
2024-01-04 00:00:00+09:00,9610.0,9610.0,9610.0,9610.0,16,0.0,0.0,0.0
2024-01-05 00:00:00+09:00,9610.0,9610.0,9610.0,9610.0,0,0.0,0.0,0.0
2024-01-08 00:00:00+09:00,9610.0,9610.0,9610.0,9610.0,0,0.0,0.0,0.0
2024-01-09 00:00:00+09:00,10000.0,10000.0,10000.0,10000.0,5,0.0,0.0,0.0
2024-01-10 00:00:00+09:00,10490.0,10490.0,10490.0,10490.0,1,0.0,0.0,0.0
2024-01-11 00:00:00+09:00,10490.0,10490.0,10490.0,10490.0,0,0.0,0.0,0.0
2024-01-12 00:00:00+09:00,10490.0,10490.0,10490.0,10490.0,0,0.0,0.0,0.0
2024-01-15 00:00:00+09:00,10490.0,10490.0,10490.0,10490.0,0,0.0,0.0,0.0
2024-01-16 00:00:00+09:00,9800.0,9800.0,8930.0,8930.0,55,0.0,0.0,0.0
2024-01-17 00:00:00+09:00,8800.0,8800.0,8600.0,8600.0,10,0.0,0.0,0.0
2024-01-18 00:00:00+09:00,8800.0,9890.0,8600.0,8600.0,163,0.0,0.0,0.0
2024-01-19 00:00:00+09:00,9600.0,9890.0,8200.0,9890.0,135,0.0,0.0,0.0
2024-01-22 00:00:00+09:00,9800.0,9800.0,9200.0,9200.0,30,0.0,0.0,0.0
2024-01-23 00:00:00+09:00,9000.0,9600.0,8000.0,8020.0,239,0.0,0.0,0.0
2024-01-24 00:00:00+09:00,8020.0,8020.0,8020.0,8020.0,0,0.0,0.0,0.0
2024-01-25 00:00:00+09:00,8020.0,8020.0,8020.0,8020.0,0,0.0,0.0,0.0
2024-01-26 00:00:00+09:00,8000.0,8000.0,7610.0,8000.0,25,0.0,0.0,0.0
2024-01-29 00:00:00+09:00,8000.0,8000.0,8000.0,8000.0,0,0.0,0.0,0.0
2024-01-30 00:00:00+09:00,8000.0,8000.0,8000.0,8000.0,0,0.0,0.0,0.0
2024-01-31 00:00:00+09:00,8000.0,8000.0,8000.0,8000.0,0,0.0,0.0,0.0
2024-02-01 00:00:00+09:00,8000.0,8000.0,8000.0,8000.0,0,0.0,0.0,0.0
2024-02-02 00:00:00+09:00,8000.0,8000.0,8000.0,8000.0,0,0.0,0.0,0.0
2024-02-05 00:00:00+09:00,8000.0,8000.0,8000.0,8000.0,0,0.0,0.0,0.0
2024-02-06 00:00:00+09:00,7810.0,7810.0,7810.0,7810.0,2,0.0,0.0,0.0
2024-02-07 00:00:00+09:00,7810.0,7810.0,7810.0,7810.0,0,0.0,0.0,0.0
2024-02-08 00:00:00+09:00,7810.0,7810.0,7810.0,7810.0,0,0.0,0.0,0.0
2024-02-13 00:00:00+09:00,7810.0,8190.0,7800.0,8190.0,58,0.0,0.0,0.0
2024-02-14 00:00:00+09:00,8180.0,8180.0,8180.0,8180.0,196,0.0,0.0,0.0
2024-02-15 00:00:00+09:00,8190.0,8590.0,8190.0,8590.0,21,0.0,0.0,0.0
2024-02-16 00:00:00+09:00,8590.0,8590.0,8590.0,8590.0,5,0.0,0.0,0.0
2024-02-19 00:00:00+09:00,8590.0,8590.0,8590.0,8590.0,35,0.0,0.0,0.0
2024-02-20 00:00:00+09:00,8200.0,8200.0,8200.0,8200.0,5,0.0,0.0,0.0
2024-02-21 00:00:00+09:00,8000.0,8000.0,8000.0,8000.0,5,0.0,0.0,0.0
2024-02-22 00:00:00+09:00,8000.0,8000.0,8000.0,8000.0,0,0.0,0.0,0.0
2024-02-23 00:00:00+09:00,8000.0,8000.0,8000.0,8000.0,0,0.0,0.0,0.0
2024-02-26 00:00:00+09:00,7800.0,7800.0,7800.0,7800.0,5,0.0,0.0,0.0
2024-02-27 00:00:00+09:00,7800.0,7800.0,7600.0,7600.0,35,0.0,0.0,0.0
2024-02-28 00:00:00+09:00,7800.0,7800.0,7800.0,7800.0,5,0.0,0.0,0.0
2024-02-29 00:00:00+09:00,7800.0,7800.0,7800.0,7800.0,0,0.0,0.0,0.0
2024-03-04 00:00:00+09:00,7610.0,7610.0,7610.0,7610.0,5,0.0,0.0,0.0
2024-03-05 00:00:00+09:00,7610.0,7610.0,7600.0,7600.0,10,0.0,0.0,0.0
2024-03-06 00:00:00+09:00,7600.0,7600.0,7600.0,7600.0,0,0.0,0.0,0.0
2024-03-07 00:00:00+09:00,7600.0,7600.0,7600.0,7600.0,0,0.0,0.0,0.0
2024-03-08 00:00:00+09:00,7800.0,7800.0,7800.0,7800.0,5,0.0,0.0,0.0
2024-03-11 00:00:00+09:00,7600.0,7600.0,7600.0,7600.0,5,0.0,0.0,0.0
2024-03-12 00:00:00+09:00,7600.0,7600.0,7600.0,7600.0,0,0.0,0.0,0.0
2024-03-13 00:00:00+09:00,7420.0,7420.0,7400.0,7400.0,35,0.0,0.0,0.0
2024-03-14 00:00:00+09:00,7790.0,8000.0,7790.0,8000.0,20,0.0,0.0,0.0
2024-03-15 00:00:00+09:00,8200.0,8590.0,8200.0,8590.0,11,0.0,0.0,0.0
2024-03-18 00:00:00+09:00,8580.0,8580.0,8580.0,8580.0,1,0.0,0.0,0.0
2024-03-19 00:00:00+09:00,8580.0,8580.0,8580.0,8580.0,0,0.0,0.0,0.0
2024-03-20 00:00:00+09:00,8200.0,8200.0,8000.0,8000.0,10,0.0,0.0,0.0
2024-03-21 00:00:00+09:00,7800.0,7800.0,7800.0,7800.0,5,0.0,0.0,0.0
2024-03-22 00:00:00+09:00,7800.0,7800.0,7800.0,7800.0,0,0.0,0.0,0.0
2024-03-25 00:00:00+09:00,7610.0,7610.0,7600.0,7600.0,7,0.0,0.0,0.0
2024-03-26 00:00:00+09:00,7400.0,7400.0,7200.0,7200.0,8,0.0,0.0,0.0
2024-03-27 00:00:00+09:00,7200.0,7200.0,7200.0,7200.0,0,0.0,0.0,0.0
2024-03-28 00:00:00+09:00,7200.0,7200.0,7200.0,7200.0,0,0.0,0.0,0.0
2024-03-29 00:00:00+09:00,7400.0,7400.0,7400.0,7400.0,5,0.0,0.0,0.0
2024-04-01 00:00:00+09:00,7400.0,7400.0,7400.0,7400.0,0,0.0,0.0,0.0
2024-04-02 00:00:00+09:00,7400.0,7400.0,7400.0,7400.0,0,0.0,0.0,0.0
2024-04-03 00:00:00+09:00,7200.0,7200.0,7010.0,7010.0,10,0.0,0.0,0.0
2024-04-04 00:00:00+09:00,7010.0,7010.0,7010.0,7010.0,6,0.0,0.0,0.0
2024-04-05 00:00:00+09:00,7010.0,7010.0,7010.0,7010.0,0,0.0,0.0,0.0
2024-04-08 00:00:00+09:00,7000.0,7000.0,7000.0,7000.0,4,0.0,0.0,0.0
2024-04-09 00:00:00+09:00,7380.0,7380.0,7380.0,7380.0,1,0.0,0.0,0.0
2024-04-11 00:00:00+09:00,7390.0,7400.0,7390.0,7400.0,16,0.0,0.0,0.0
2024-04-12 00:00:00+09:00,7600.0,7600.0,7600.0,7600.0,5,0.0,0.0,0.0
2024-04-15 00:00:00+09:00,7400.0,7400.0,7400.0,7400.0,5,0.0,0.0,0.0
2024-04-16 00:00:00+09:00,7200.0,7200.0,7010.0,7010.0,7,0.0,0.0,0.0
2024-04-17 00:00:00+09:00,7000.0,7000.0,7000.0,7000.0,10,0.0,0.0,0.0
2024-04-18 00:00:00+09:00,7000.0,7000.0,7000.0,7000.0,0,0.0,0.0,0.0
2024-04-19 00:00:00+09:00,7000.0,7000.0,7000.0,7000.0,0,0.0,0.0,0.0
2024-04-22 00:00:00+09:00,7000.0,7000.0,7000.0,7000.0,0,0.0,0.0,0.0
2024-04-23 00:00:00+09:00,7000.0,7000.0,7000.0,7000.0,0,0.0,0.0,0.0
2024-04-24 00:00:00+09:00,7000.0,7000.0,7000.0,7000.0,0,0.0,0.0,0.0
2024-04-25 00:00:00+09:00,6800.0,6800.0,6600.0,6800.0,30,0.0,0.0,0.0
2024-04-26 00:00:00+09:00,6800.0,6800.0,6800.0,6800.0,0,0.0,0.0,0.0
2024-04-29 00:00:00+09:00,7000.0,7200.0,7000.0,7200.0,20,0.0,0.0,0.0
2024-04-30 00:00:00+09:00,7200.0,7200.0,7200.0,7200.0,0,0.0,0.0,0.0
2024-05-02 00:00:00+09:00,7200.0,7200.0,7200.0,7200.0,0,0.0,0.0,0.0
2024-05-03 00:00:00+09:00,7200.0,7200.0,7200.0,7200.0,0,0.0,0.0,0.0
2024-05-07 00:00:00+09:00,7390.0,7600.0,7390.0,7590.0,16,0.0,0.0,0.0
2024-05-08 00:00:00+09:00,7590.0,7590.0,7590.0,7590.0,0,0.0,0.0,0.0
2024-05-09 00:00:00+09:00,7590.0,7590.0,7590.0,7590.0,0,0.0,0.0,0.0
2024-05-10 00:00:00+09:00,7600.0,7600.0,7000.0,7000.0,250,0.0,0.0,0.0
2024-05-13 00:00:00+09:00,7000.0,7000.0,7000.0,7000.0,0,0.0,0.0,0.0
2024-05-14 00:00:00+09:00,7000.0,7000.0,7000.0,7000.0,0,0.0,0.0,0.0
2024-05-16 00:00:00+09:00,7000.0,7000.0,7000.0,7000.0,0,0.0,0.0,0.0
2024-05-17 00:00:00+09:00,7000.0,7000.0,7000.0,7000.0,0,0.0,0.0,0.0
2024-05-20 00:00:00+09:00,7000.0,7000.0,7000.0,7000.0,1,0.0,0.0,0.0
2024-05-21 00:00:00+09:00,7000.0,7000.0,7000.0,7000.0,0,0.0,0.0,0.0
2024-05-22 00:00:00+09:00,7000.0,7000.0,7000.0,7000.0,0,0.0,0.0,0.0
2024-05-23 00:00:00+09:00,7000.0,7000.0,7000.0,7000.0,0,0.0,0.0,0.0
2024-05-24 00:00:00+09:00,7000.0,7000.0,7000.0,7000.0,0,0.0,0.0,0.0
2024-05-27 00:00:00+09:00,7200.0,7200.0,7200.0,7200.0,1,0.0,0.0,0.0
2024-05-28 00:00:00+09:00,7200.0,7200.0,7200.0,7200.0,1,0.0,0.0,0.0
2024-05-29 00:00:00+09:00,7200.0,7200.0,7200.0,7200.0,0,0.0,0.0,0.0
2024-05-30 00:00:00+09:00,7200.0,7200.0,7200.0,7200.0,1,0.0,0.0,0.0
2024-05-31 00:00:00+09:00,7200.0,7200.0,7200.0,7200.0,0,0.0,0.0,0.0
2024-06-03 00:00:00+09:00,7200.0,7200.0,7200.0,7200.0,0,0.0,0.0,0.0
2024-06-04 00:00:00+09:00,7200.0,7200.0,7200.0,7200.0,0,0.0,0.0,0.0
2024-06-05 00:00:00+09:00,7200.0,7200.0,7200.0,7200.0,0,0.0,0.0,0.0
2024-06-07 00:00:00+09:00,7200.0,7200.0,7200.0,7200.0,0,0.0,0.0,0.0
2024-06-10 00:00:00+09:00,7200.0,7200.0,7200.0,7200.0,0,0.0,0.0,0.0
2024-06-11 00:00:00+09:00,7200.0,7200.0,7200.0,7200.0,0,0.0,0.0,0.0
2024-06-12 00:00:00+09:00,7200.0,7200.0,7200.0,7200.0,0,0.0,0.0,0.0
2024-06-13 00:00:00+09:00,7200.0,7200.0,7000.0,7000.0,30,0.0,0.0,0.0
2024-06-14 00:00:00+09:00,7000.0,7000.0,7000.0,7000.0,0,0.0,0.0,0.0
2024-06-17 00:00:00+09:00,6800.0,6800.0,6600.0,6600.0,139,0.0,0.0,0.0
2024-06-18 00:00:00+09:00,6600.0,6600.0,6600.0,6600.0,0,0.0,0.0,0.0
2024-06-19 00:00:00+09:00,6600.0,6600.0,6600.0,6600.0,0,0.0,0.0,0.0
2024-06-20 00:00:00+09:00,6600.0,6600.0,6600.0,6600.0,0,0.0,0.0,0.0
2024-06-21 00:00:00+09:00,6600.0,6600.0,6600.0,6600.0,0,0.0,0.0,0.0
2024-06-24 00:00:00+09:00,6600.0,6600.0,6600.0,6600.0,0,0.0,0.0,0.0
2024-06-25 00:00:00+09:00,6600.0,6600.0,6600.0,6600.0,0,0.0,0.0,0.0
2024-06-26 00:00:00+09:00,6600.0,6600.0,6600.0,6600.0,0,0.0,0.0,0.0
2024-06-27 00:00:00+09:00,6600.0,6600.0,6600.0,6600.0,0,0.0,0.0,0.0
2024-06-28 00:00:00+09:00,6600.0,6600.0,6600.0,6600.0,0,0.0,0.0,0.0
2024-07-01 00:00:00+09:00,6600.0,6600.0,6600.0,6600.0,0,0.0,0.0,0.0
2024-07-02 00:00:00+09:00,6600.0,6600.0,6600.0,6600.0,0,0.0,0.0,0.0
2024-07-03 00:00:00+09:00,6600.0,6600.0,6600.0,6600.0,0,0.0,0.0,0.0
2024-07-04 00:00:00+09:00,6600.0,6600.0,6600.0,6600.0,0,0.0,0.0,0.0
2024-07-05 00:00:00+09:00,6600.0,6600.0,6600.0,6600.0,0,0.0,0.0,0.0
2024-07-08 00:00:00+09:00,6600.0,6600.0,6600.0,6600.0,0,0.0,0.0,0.0
2024-07-09 00:00:00+09:00,6400.0,6400.0,5710.0,6000.0,170,0.0,0.0,0.0
2024-07-10 00:00:00+09:00,6000.0,6000.0,6000.0,6000.0,0,0.0,0.0,0.0
2024-07-11 00:00:00+09:00,6000.0,6000.0,6000.0,6000.0,0,0.0,0.0,0.0
2024-07-12 00:00:00+09:00,6000.0,6000.0,6000.0,6000.0,0,0.0,0.0,0.0
2024-07-15 00:00:00+09:00,6000.0,6000.0,6000.0,6000.0,10,0.0,0.0,0.0
2024-07-16 00:00:00+09:00,6000.0,6000.0,6000.0,6000.0,0,0.0,0.0,0.0
2024-07-17 00:00:00+09:00,6000.0,6000.0,6000.0,6000.0,0,0.0,0.0,0.0
2024-07-18 00:00:00+09:00,6000.0,6000.0,6000.0,6000.0,0,0.0,0.0,0.0
2024-07-19 00:00:00+09:00,6000.0,6000.0,6000.0,6000.0,0,0.0,0.0,0.0
2024-07-22 00:00:00+09:00,5800.0,5800.0,5800.0,5800.0,4,0.0,0.0,0.0
2024-07-23 00:00:00+09:00,6200.0,6600.0,5800.0,6000.0,200,0.0,0.0,0.0
2024-07-24 00:00:00+09:00,6190.0,6800.0,6190.0,6400.0,227,0.0,0.0,0.0
2024-07-25 00:00:00+09:00,6590.0,6800.0,6000.0,6000.0,265,0.0,0.0,0.0
2024-07-26 00:00:00+09:00,6000.0,6000.0,6000.0,6000.0,0,0.0,0.0,0.0
2024-07-29 00:00:00+09:00,6000.0,6000.0,6000.0,6000.0,0,0.0,0.0,0.0
2024-07-30 00:00:00+09:00,6000.0,6000.0,6000.0,6000.0,0,0.0,0.0,0.0
2024-07-31 00:00:00+09:00,6000.0,6000.0,6000.0,6000.0,0,0.0,0.0,0.0
2024-08-01 00:00:00+09:00,5800.0,6190.0,5100.0,5390.0,1432,0.0,0.0,0.0
2024-08-02 00:00:00+09:00,5400.0,6000.0,4590.0,4590.0,217,0.0,0.0,0.0
2024-08-05 00:00:00+09:00,4500.0,5270.0,4305.0,4900.0,412,0.0,0.0,0.0
2024-08-06 00:00:00+09:00,5090.0,5500.0,5090.0,5500.0,61,0.0,0.0,0.0
2024-08-07 00:00:00+09:00,5600.0,6100.0,5600.0,5600.0,149,0.0,0.0,0.0
2024-08-08 00:00:00+09:00,5800.0,6400.0,5600.0,6200.0,271,0.0,0.0,0.0
2024-08-09 00:00:00+09:00,6400.0,7000.0,6400.0,6400.0,221,0.0,0.0,0.0
2024-08-12 00:00:00+09:00,6600.0,7360.0,6600.0,7000.0,1202,0.0,0.0,0.0
2024-08-13 00:00:00+09:00,7000.0,7000.0,7000.0,7000.0,0,0.0,0.0,0.0
2024-08-14 00:00:00+09:00,7000.0,7500.0,7000.0,7500.0,3027,0.0,0.0,0.0
2024-08-16 00:00:00+09:00,7200.0,7200.0,7000.0,7000.0,15,0.0,0.0,0.0
2024-08-19 00:00:00+09:00,7100.0,7480.0,7000.0,7000.0,680,0.0,0.0,0.0
2024-08-20 00:00:00+09:00,7000.0,7000.0,7000.0,7000.0,0,0.0,0.0,0.0
2024-08-21 00:00:00+09:00,7400.0,7620.0,7400.0,7400.0,346,0.0,0.0,0.0
2024-08-22 00:00:00+09:00,7200.0,7200.0,7200.0,7200.0,5,0.0,0.0,0.0
2024-08-23 00:00:00+09:00,7200.0,7200.0,7200.0,7200.0,0,0.0,0.0,0.0
2024-08-26 00:00:00+09:00,7200.0,7200.0,7200.0,7200.0,0,0.0,0.0,0.0
2024-08-27 00:00:00+09:00,7390.0,7920.0,7390.0,7600.0,231,0.0,0.0,0.0
2024-08-28 00:00:00+09:00,7400.0,7720.0,7400.0,7400.0,216,0.0,0.0,0.0
2024-08-29 00:00:00+09:00,7490.0,7530.0,7200.0,7200.0,221,0.0,0.0,0.0
2024-08-30 00:00:00+09:00,7200.0,7200.0,7200.0,7200.0,0,0.0,0.0,0.0
2024-09-02 00:00:00+09:00,7400.0,7590.0,7400.0,7590.0,6,0.0,0.0,0.0
2024-09-03 00:00:00+09:00,7580.0,7590.0,7010.0,7200.0,231,0.0,0.0,0.0
2024-09-04 00:00:00+09:00,7000.0,7000.0,7000.0,7000.0,10,0.0,0.0,0.0
2024-09-05 00:00:00+09:00,7000.0,7000.0,7000.0,7000.0,0,0.0,0.0,0.0
2024-09-06 00:00:00+09:00,7000.0,7000.0,7000.0,7000.0,0,0.0,0.0,0.0
2024-09-09 00:00:00+09:00,7200.0,8000.0,7200.0,7600.0,291,0.0,0.0,0.0
2024-09-10 00:00:00+09:00,7600.0,7600.0,7600.0,7600.0,0,0.0,0.0,0.0
2024-09-11 00:00:00+09:00,7400.0,7400.0,7400.0,7400.0,5,0.0,0.0,0.0
2024-09-12 00:00:00+09:00,7600.0,8200.0,7400.0,7400.0,31,0.0,0.0,0.0
2024-09-13 00:00:00+09:00,7400.0,7400.0,7400.0,7400.0,0,0.0,0.0,0.0
2024-09-19 00:00:00+09:00,7400.0,7400.0,7400.0,7400.0,0,0.0,0.0,0.0
2024-09-20 00:00:00+09:00,7490.0,7510.0,7490.0,7510.0,256,0.0,0.0,0.0
2024-09-23 00:00:00+09:00,7510.0,7510.0,7510.0,7510.0,0,0.0,0.0,0.0
2024-09-24 00:00:00+09:00,7510.0,7510.0,7510.0,7510.0,0,0.0,0.0,0.0
2024-09-25 00:00:00+09:00,7510.0,7510.0,7510.0,7510.0,0,0.0,0.0,0.0
2024-09-26 00:00:00+09:00,7250.0,7400.0,7250.0,7400.0,501,0.0,0.0,0.0
2024-09-27 00:00:00+09:00,7400.0,7400.0,7400.0,7400.0,0,0.0,0.0,0.0
2024-09-30 00:00:00+09:00,7400.0,7400.0,7400.0,7400.0,0,0.0,0.0,0.0
2024-10-02 00:00:00+09:00,7400.0,7400.0,7400.0,7400.0,0,0.0,0.0,0.0
2024-10-04 00:00:00+09:00,7400.0,7400.0,7400.0,7400.0,0,0.0,0.0,0.0
2024-10-07 00:00:00+09:00,7200.0,7200.0,7200.0,7200.0,5,0.0,0.0,0.0
2024-10-08 00:00:00+09:00,7200.0,7200.0,7200.0,7200.0,0,0.0,0.0,0.0
2024-10-10 00:00:00+09:00,7200.0,7200.0,7200.0,7200.0,0,0.0,0.0,0.0
2024-10-11 00:00:00+09:00,7390.0,7800.0,7200.0,7200.0,342,0.0,0.0,0.0
2024-10-14 00:00:00+09:00,7200.0,7200.0,7200.0,7200.0,0,0.0,0.0,0.0
2024-10-15 00:00:00+09:00,7100.0,7590.0,6040.0,7200.0,1314,0.0,0.0,0.0
2024-10-16 00:00:00+09:00,7300.0,7300.0,7300.0,7300.0,1,0.0,0.0,0.0
2024-10-17 00:00:00+09:00,7200.0,7300.0,7200.0,7300.0,701,0.0,0.0,0.0
2024-10-18 00:00:00+09:00,7300.0,7300.0,7300.0,7300.0,1,0.0,0.0,0.0
2024-10-21 00:00:00+09:00,7300.0,7300.0,7300.0,7300.0,0,0.0,0.0,0.0
2024-10-22 00:00:00+09:00,7000.0,7000.0,7000.0,7000.0,3,0.0,0.0,0.0
2024-10-23 00:00:00+09:00,7400.0,8000.0,7400.0,7800.0,326,0.0,0.0,0.0
2024-10-24 00:00:00+09:00,7600.0,7600.0,7200.0,7200.0,30,0.0,0.0,0.0
2024-10-25 00:00:00+09:00,7200.0,7200.0,7200.0,7200.0,0,0.0,0.0,0.0
2024-10-28 00:00:00+09:00,7100.0,7100.0,7000.0,7000.0,35,0.0,0.0,0.0
2024-10-29 00:00:00+09:00,7000.0,7000.0,7000.0,7000.0,5,0.0,0.0,0.0
2024-10-30 00:00:00+09:00,7000.0,7000.0,7000.0,7000.0,0,0.0,0.0,0.0
2024-10-31 00:00:00+09:00,7000.0,7000.0,7000.0,7000.0,0,0.0,0.0,0.0
2024-11-01 00:00:00+09:00,7000.0,7000.0,7000.0,7000.0,0,0.0,0.0,0.0
2024-11-04 00:00:00+09:00,7000.0,7000.0,7000.0,7000.0,0,0.0,0.0,0.0
2024-11-05 00:00:00+09:00,7000.0,7000.0,7000.0,7000.0,0,0.0,0.0,0.0
2024-11-06 00:00:00+09:00,7000.0,7000.0,7000.0,7000.0,0,0.0,0.0,0.0
2024-11-07 00:00:00+09:00,7000.0,7000.0,7000.0,7000.0,0,0.0,0.0,0.0
2024-11-08 00:00:00+09:00,7000.0,7000.0,7000.0,7000.0,0,0.0,0.0,0.0
2024-11-11 00:00:00+09:00,7000.0,7000.0,7000.0,7000.0,0,0.0,0.0,0.0
2024-11-12 00:00:00+09:00,7200.0,7600.0,7200.0,7600.0,41,0.0,0.0,0.0
2024-11-13 00:00:00+09:00,7600.0,7600.0,7600.0,7600.0,0,0.0,0.0,0.0
2024-11-14 00:00:00+09:00,7200.0,7200.0,7200.0,7200.0,5,0.0,0.0,0.0
2024-11-15 00:00:00+09:00,7000.0,7000.0,6610.0,6610.0,70,0.0,0.0,0.0
2024-11-18 00:00:00+09:00,6610.0,6610.0,6610.0,6610.0,0,0.0,0.0,0.0
2024-11-19 00:00:00+09:00,6610.0,6610.0,6610.0,6610.0,0,0.0,0.0,0.0
2024-11-20 00:00:00+09:00,6610.0,6610.0,6610.0,6610.0,0,0.0,0.0,0.0
2024-11-21 00:00:00+09:00,6610.0,6610.0,6610.0,6610.0,0,0.0,0.0,0.0
2024-11-22 00:00:00+09:00,6610.0,6610.0,6610.0,6610.0,0,0.0,0.0,0.0
2024-11-25 00:00:00+09:00,6610.0,6610.0,6610.0,6610.0,0,0.0,0.0,0.0
2024-11-26 00:00:00+09:00,6610.0,6610.0,6610.0,6610.0,0,0.0,0.0,0.0
2024-11-27 00:00:00+09:00,6610.0,6610.0,6610.0,6610.0,0,0.0,0.0,0.0
2024-11-28 00:00:00+09:00,6610.0,6610.0,6610.0,6610.0,0,0.0,0.0,0.0
2024-11-29 00:00:00+09:00,6610.0,6610.0,6610.0,6610.0,0,0.0,0.0,0.0
2024-12-02 00:00:00+09:00,6610.0,6610.0,6610.0,6610.0,0,0.0,0.0,0.0
2024-12-03 00:00:00+09:00,6610.0,6610.0,6610.0,6610.0,0,0.0,0.0,0.0
2024-12-04 00:00:00+09:00,6600.0,6600.0,6600.0,6600.0,10,0.0,0.0,0.0
2024-12-05 00:00:00+09:00,6600.0,6600.0,6600.0,6600.0,0,0.0,0.0,0.0
2024-12-06 00:00:00+09:00,6400.0,6400.0,6400.0,6400.0,5,0.0,0.0,0.0
2024-12-09 00:00:00+09:00,6400.0,6400.0,6400.0,6400.0,0,0.0,0.0,0.0
2024-12-10 00:00:00+09:00,6200.0,6200.0,6000.0,6000.0,15,0.0,0.0,0.0
2024-12-11 00:00:00+09:00,6400.0,6400.0,6400.0,6400.0,2,0.0,0.0,0.0
2024-12-12 00:00:00+09:00,6400.0,6400.0,6400.0,6400.0,0,0.0,0.0,0.0
2024-12-13 00:00:00+09:00,6400.0,6400.0,6400.0,6400.0,0,0.0,0.0,0.0
2024-12-16 00:00:00+09:00,6400.0,6400.0,6400.0,6400.0,0,0.0,0.0,0.0
2024-12-17 00:00:00+09:00,6400.0,6400.0,6400.0,6400.0,0,0.0,0.0,0.0
2024-12-18 00:00:00+09:00,6400.0,6400.0,6400.0,6400.0,0,0.0,0.0,0.0
2024-12-19 00:00:00+09:00,6010.0,7000.0,6000.0,6600.0,1920,0.0,0.0,0.0
2024-12-20 00:00:00+09:00,6600.0,6600.0,6600.0,6600.0,0,0.0,0.0,0.0
2024-12-23 00:00:00+09:00,6600.0,6600.0,6600.0,6600.0,0,0.0,0.0,0.0
2024-12-24 00:00:00+09:00,6600.0,6600.0,6600.0,6600.0,0,0.0,0.0,0.0
2024-12-26 00:00:00+09:00,6600.0,6600.0,6600.0,6600.0,0,0.0,0.0,0.0
2024-12-27 00:00:00+09:00,6600.0,6600.0,6600.0,6600.0,0,0.0,0.0,0.0
2024-12-30 00:00:00+09:00,6400.0,6400.0,6200.0,6200.0,20,0.0,0.0,0.0
2025-01-02 00:00:00+09:00,6200.0,6200.0,6200.0,6200.0,0,0.0,0.0,0.0
2025-01-03 00:00:00+09:00,6200.0,6200.0,6200.0,6200.0,0,0.0,0.0,0.0
2025-01-06 00:00:00+09:00,6200.0,6200.0,6200.0,6200.0,0,0.0,0.0,0.0
2025-01-07 00:00:00+09:00,6100.0,6100.0,6100.0,6100.0,400,0.0,0.0,0.0
2025-01-08 00:00:00+09:00,6400.0,6400.0,6400.0,6400.0,1,0.0,0.0,0.0
2025-01-09 00:00:00+09:00,6400.0,6400.0,6400.0,6400.0,0,0.0,0.0,0.0
2025-01-10 00:00:00+09:00,6400.0,6400.0,6400.0,6400.0,0,0.0,0.0,0.0
2025-01-13 00:00:00+09:00,6400.0,6400.0,6400.0,6400.0,0,0.0,0.0,0.0
2025-01-14 00:00:00+09:00,6400.0,6400.0,6400.0,6400.0,0,0.0,0.0,0.0
2025-01-15 00:00:00+09:00,6400.0,6400.0,6400.0,6400.0,0,0.0,0.0,0.0
2025-01-16 00:00:00+09:00,6400.0,6400.0,6400.0,6400.0,0,0.0,0.0,0.0
2025-01-17 00:00:00+09:00,6400.0,6400.0,6400.0,6400.0,0,0.0,0.0,0.0
2025-01-20 00:00:00+09:00,6000.0,6000.0,5610.0,5610.0,38,0.0,0.0,0.0
2025-01-21 00:00:00+09:00,5610.0,5610.0,5610.0,5610.0,0,0.0,0.0,0.0
2025-01-22 00:00:00+09:00,5610.0,5610.0,5610.0,5610.0,0,0.0,0.0,0.0
2025-01-23 00:00:00+09:00,5610.0,5610.0,5610.0,5610.0,0,0.0,0.0,0.0
2025-01-24 00:00:00+09:00,5610.0,5610.0,5610.0,5610.0,0,0.0,0.0,0.0
2025-01-31 00:00:00+09:00,5610.0,5610.0,5610.0,5610.0,0,0.0,0.0,0.0
2025-02-03 00:00:00+09:00,5610.0,5610.0,5610.0,5610.0,0,0.0,0.0,0.0
2025-02-04 00:00:00+09:00,5610.0,5610.0,5610.0,5610.0,0,0.0,0.0,0.0
2025-02-05 00:00:00+09:00,5610.0,5610.0,5610.0,5610.0,0,0.0,0.0,0.0
2025-02-06 00:00:00+09:00,5610.0,5610.0,5610.0,5610.0,0,0.0,0.0,0.0
2025-02-07 00:00:00+09:00,5610.0,5610.0,5610.0,5610.0,0,0.0,0.0,0.0
2025-02-10 00:00:00+09:00,5610.0,5610.0,5610.0,5610.0,0,0.0,0.0,0.0
2025-02-11 00:00:00+09:00,5610.0,5610.0,5610.0,5610.0,0,0.0,0.0,0.0
2025-02-12 00:00:00+09:00,5610.0,5610.0,5610.0,5610.0,0,0.0,0.0,0.0
2025-02-13 00:00:00+09:00,5610.0,5610.0,5610.0,5610.0,0,0.0,0.0,0.0
2025-02-14 00:00:00+09:00,5610.0,5610.0,5610.0,5610.0,0,0.0,0.0,0.0
2025-02-17 00:00:00+09:00,5610.0,5610.0,5610.0,5610.0,0,0.0,0.0,0.0
2025-02-18 00:00:00+09:00,5610.0,5610.0,5610.0,5610.0,0,0.0,0.0,0.0
2025-02-19 00:00:00+09:00,5610.0,5610.0,5610.0,5610.0,0,0.0,0.0,0.0
2025-02-20 00:00:00+09:00,5610.0,5610.0,5610.0,5610.0,0,0.0,0.0,0.0
2025-02-21 00:00:00+09:00,5610.0,5610.0,5610.0,5610.0,0,0.0,0.0,0.0
2025-02-24 00:00:00+09:00,5990.0,5990.0,5990.0,5990.0,2,0.0,0.0,0.0
2025-02-25 00:00:00+09:00,5890.0,5890.0,5890.0,5890.0,2,0.0,0.0,0.0
2025-02-26 00:00:00+09:00,5850.0,5850.0,5850.0,5850.0,18,0.0,0.0,0.0
2025-02-27 00:00:00+09:00,5850.0,5850.0,5850.0,5850.0,0,0.0,0.0,0.0
2025-02-28 00:00:00+09:00,5850.0,5850.0,5850.0,5850.0,0,0.0,0.0,0.0
2025-03-04 00:00:00+09:00,5850.0,5850.0,5850.0,5850.0,0,0.0,0.0,0.0
2025-03-05 00:00:00+09:00,5850.0,5850.0,5850.0,5850.0,0,0.0,0.0,0.0
2025-03-06 00:00:00+09:00,5850.0,5850.0,5850.0,5850.0,0,0.0,0.0,0.0
2025-03-07 00:00:00+09:00,5600.0,5600.0,5600.0,5600.0,14,0.0,0.0,0.0
2025-03-10 00:00:00+09:00,5400.0,5400.0,5200.0,5200.0,26,0.0,0.0,0.0
2025-03-11 00:00:00+09:00,5200.0,5200.0,5200.0,5200.0,0,0.0,0.0,0.0
2025-03-12 00:00:00+09:00,5010.0,5010.0,4420.0,4600.0,335,0.0,0.0,0.0
2025-03-13 00:00:00+09:00,4600.0,4600.0,4600.0,4600.0,0,0.0,0.0,0.0
2025-03-14 00:00:00+09:00,4600.0,4600.0,4600.0,4600.0,0,0.0,0.0,0.0
2025-03-17 00:00:00+09:00,4300.0,4300.0,4300.0,4300.0,2,0.0,0.0,0.0
2025-03-18 00:00:00+09:00,4305.0,4305.0,4300.0,4300.0,18,0.0,0.0,0.0
2025-03-19 00:00:00+09:00,4300.0,4300.0,4300.0,4300.0,0,0.0,0.0,0.0
2025-03-20 00:00:00+09:00,4300.0,4300.0,4300.0,4300.0,0,0.0,0.0,0.0
2025-03-21 00:00:00+09:00,4300.0,4300.0,4300.0,4300.0,0,0.0,0.0,0.0
2025-03-24 00:00:00+09:00,4300.0,4300.0,4300.0,4300.0,0,0.0,0.0,0.0
2025-03-25 00:00:00+09:00,4300.0,4300.0,4300.0,4300.0,0,0.0,0.0,0.0
2025-03-26 00:00:00+09:00,4300.0,4300.0,4300.0,4300.0,0,0.0,0.0,0.0
2025-03-27 00:00:00+09:00,4300.0,4300.0,4300.0,4300.0,0,0.0,0.0,0.0
2025-03-28 00:00:00+09:00,4300.0,4300.0,4300.0,4300.0,0,0.0,0.0,0.0
2025-03-31 00:00:00+09:00,4300.0,4300.0,4300.0,4300.0,0,0.0,0.0,0.0
2025-04-01 00:00:00+09:00,4300.0,4300.0,4300.0,4300.0,0,0.0,0.0,0.0
2025-04-02 00:00:00+09:00,4300.0,4300.0,4300.0,4300.0,0,0.0,0.0,0.0
2025-04-03 00:00:00+09:00,4300.0,4300.0,4300.0,4300.0,0,0.0,0.0,0.0
2025-04-04 00:00:00+09:00,4300.0,4300.0,4300.0,4300.0,0,0.0,0.0,0.0
2025-04-07 00:00:00+09:00,4300.0,4300.0,4300.0,4300.0,0,0.0,0.0,0.0
2025-04-08 00:00:00+09:00,4300.0,4300.0,4300.0,4300.0,0,0.0,0.0,0.0
2025-04-09 00:00:00+09:00,4300.0,4300.0,4300.0,4300.0,0,0.0,0.0,0.0
2025-04-10 00:00:00+09:00,4300.0,4300.0,4300.0,4300.0,0,0.0,0.0,0.0
2025-04-11 00:00:00+09:00,4300.0,4300.0,4300.0,4300.0,0,0.0,0.0,0.0
2025-04-14 00:00:00+09:00,4300.0,4300.0,4300.0,4300.0,0,0.0,0.0,0.0
2025-04-15 00:00:00+09:00,4300.0,4300.0,4300.0,4300.0,0,0.0,0.0,0.0
2025-04-16 00:00:00+09:00,4300.0,4300.0,4300.0,4300.0,0,0.0,0.0,0.0
2025-04-17 00:00:00+09:00,4300.0,4300.0,3800.0,3800.0,108,0.0,0.0,0.0
2025-04-18 00:00:00+09:00,3705.0,3705.0,3600.0,3600.0,40,0.0,0.0,0.0
2025-04-21 00:00:00+09:00,3600.0,3600.0,3600.0,3600.0,10,0.0,0.0,0.0
2025-04-22 00:00:00+09:00,3600.0,3600.0,3600.0,3600.0,20,0.0,0.0,0.0
2025-04-23 00:00:00+09:00,3505.0,3505.0,3505.0,3505.0,20,0.0,0.0,0.0
2025-04-24 00:00:00+09:00,3505.0,3505.0,3505.0,3505.0,0,0.0,0.0,0.0
2025-04-25 00:00:00+09:00,3505.0,3505.0,3505.0,3505.0,0,0.0,0.0,0.0
2025-04-28 00:00:00+09:00,3505.0,3505.0,3505.0,3505.0,0,0.0,0.0,0.0
2025-04-29 00:00:00+09:00,3505.0,3505.0,3505.0,3505.0,0,0.0,0.0,0.0
2025-04-30 00:00:00+09:00,3505.0,3505.0,3505.0,3505.0,0,0.0,0.0,0.0
2025-05-02 00:00:00+09:00,3510.0,3510.0,3510.0,3510.0,10,0.0,0.0,0.0
2025-05-07 00:00:00+09:00,3510.0,3510.0,3510.0,3510.0,10,0.0,0.0,0.0
2025-05-08 00:00:00+09:00,3510.0,3510.0,3510.0,3510.0,6,0.0,0.0,0.0
2025-05-09 00:00:00+09:00,3510.0,3510.0,3510.0,3510.0,0,0.0,0.0,0.0
2025-05-12 00:00:00+09:00,3510.0,3510.0,3510.0,3510.0,10,0.0,0.0,0.0
2025-05-13 00:00:00+09:00,3500.0,3500.0,3500.0,3500.0,10,0.0,0.0,0.0
2025-05-14 00:00:00+09:00,3500.0,3500.0,3500.0,3500.0,8,0.0,0.0,0.0
2025-05-15 00:00:00+09:00,3500.0,3500.0,3500.0,3500.0,0,0.0,0.0,0.0
2025-05-16 00:00:00+09:00,3500.0,3500.0,3500.0,3500.0,0,0.0,0.0,0.0
2025-05-19 00:00:00+09:00,3400.0,3400.0,3400.0,3400.0,32,0.0,0.0,0.0
2025-05-20 00:00:00+09:00,3305.0,3305.0,3300.0,3300.0,10,0.0,0.0,0.0
2025-05-21 00:00:00+09:00,3305.0,3305.0,3300.0,3300.0,40,0.0,0.0,0.0
2025-05-22 00:00:00+09:00,3300.0,3300.0,3300.0,3300.0,20,0.0,0.0,0.0
2025-05-23 00:00:00+09:00,3300.0,3300.0,3300.0,3300.0,20,0.0,0.0,0.0
2025-05-26 00:00:00+09:00,3500.0,3795.0,3500.0,3795.0,90,0.0,0.0,0.0
2025-05-27 00:00:00+09:00,3800.0,3800.0,3800.0,3800.0,20,0.0,0.0,0.0
2025-05-28 00:00:00+09:00,3800.0,3800.0,3800.0,3800.0,0,0.0,0.0,0.0
2025-05-29 00:00:00+09:00,3800.0,3800.0,3800.0,3800.0,0,0.0,0.0,0.0
2025-05-30 00:00:00+09:00,3800.0,3800.0,3800.0,3800.0,0,0.0,0.0,0.0
2025-06-02 00:00:00+09:00,3800.0,3800.0,3800.0,3800.0,0,0.0,0.0,0.0
2025-06-04 00:00:00+09:00,3800.0,3900.0,3800.0,3900.0,50,0.0,0.0,0.0
2025-06-05 00:00:00+09:00,3900.0,4100.0,3900.0,3900.0,60,0.0,0.0,0.0
2025-06-09 00:00:00+09:00,3900.0,4000.0,3900.0,4000.0,100,0.0,0.0,0.0
2025-06-10 00:00:00+09:00,4000.0,4000.0,4000.0,4000.0,0,0.0,0.0,0.0
2025-06-11 00:00:00+09:00,4000.0,4000.0,4000.0,4000.0,0,0.0,0.0,0.0
2025-06-12 00:00:00+09:00,4000.0,4100.0,4000.0,4100.0,100,0.0,0.0,0.0
2025-06-13 00:00:00+09:00,4100.0,4100.0,4100.0,4100.0,100,0.0,0.0,0.0
2025-06-16 00:00:00+09:00,4100.0,4100.0,4100.0,4100.0,0,0.0,0.0,0.0
2025-06-17 00:00:00+09:00,3900.0,4400.0,3900.0,4400.0,140,0.0,0.0,0.0
2025-06-18 00:00:00+09:00,4400.0,5060.0,4400.0,5050.0,196,0.0,0.0,0.0
2025-06-19 00:00:00+09:00,5050.0,5050.0,5050.0,5050.0,6,0.0,0.0,0.0
2025-06-20 00:00:00+09:00,5050.0,5050.0,5050.0,5050.0,0,0.0,0.0,0.0
2025-06-23 00:00:00+09:00,5050.0,5050.0,5050.0,5050.0,0,0.0,0.0,0.0
2025-06-24 00:00:00+09:00,5050.0,5050.0,5050.0,5050.0,0,0.0,0.0,0.0
2025-06-25 00:00:00+09:00,5050.0,5050.0,5050.0,5050.0,0,0.0,0.0,0.0
2025-06-26 00:00:00+09:00,5050.0,5050.0,5050.0,5050.0,0,0.0,0.0,0.0
2025-06-27 00:00:00+09:00,4900.0,4900.0,4900.0,4900.0,2,0.0,0.0,0.0
2025-06-30 00:00:00+09:00,4900.0,4900.0,4900.0,4900.0,21,0.0,0.0,0.0
2025-07-01 00:00:00+09:00,5100.0,5100.0,5100.0,5100.0,1,0.0,0.0,0.0
2025-07-02 00:00:00+09:00,5100.0,5100.0,5100.0,5100.0,0,0.0,0.0,0.0
2025-07-03 00:00:00+09:00,5100.0,5100.0,5100.0,5100.0,0,0.0,0.0,0.0
2025-07-04 00:00:00+09:00,5100.0,5100.0,5100.0,5100.0,0,0.0,0.0,0.0
2025-07-07 00:00:00+09:00,5100.0,5100.0,5100.0,5100.0,0,0.0,0.0,0.0
2025-07-08 00:00:00+09:00,5100.0,5100.0,5100.0,5100.0,0,0.0,0.0,0.0
2025-07-09 00:00:00+09:00,4800.0,5080.0,4800.0,5080.0,2,0.0,0.0,0.0
2025-07-10 00:00:00+09:00,5400.0,5400.0,5400.0,5400.0,1,0.0,0.0,0.0
2025-07-11 00:00:00+09:00,4800.0,4800.0,4800.0,4800.0,12,0.0,0.0,0.0
2025-07-14 00:00:00+09:00,4800.0,5520.0,4700.0,5000.0,118,0.0,0.0,0.0
2025-07-15 00:00:00+09:00,4900.0,4900.0,4900.0,4900.0,10,0.0,0.0,0.0
2025-07-16 00:00:00+09:00,4800.0,4800.0,4800.0,4800.0,10,0.0,0.0,0.0
2025-07-17 00:00:00+09:00,4700.0,4700.0,4500.0,4500.0,30,0.0,0.0,0.0
2025-07-18 00:00:00+09:00,4700.0,4700.0,4700.0,4700.0,1,0.0,0.0,0.0
2025-07-21 00:00:00+09:00,4700.0,4700.0,4700.0,4700.0,0,0.0,0.0,0.0
2025-07-22 00:00:00+09:00,4700.0,4700.0,4700.0,4700.0,0,0.0,0.0,0.0
2025-07-23 00:00:00+09:00,4700.0,4700.0,4000.0,4500.0,85,0.0,0.0,0.0
2025-07-24 00:00:00+09:00,4300.0,4600.0,4100.0,4300.0,32,0.0,0.0,0.0
2025-07-25 00:00:00+09:00,4300.0,4300.0,4300.0,4300.0,0,0.0,0.0,0.0
2025-07-28 00:00:00+09:00,4100.0,4100.0,3900.0,3900.0,50,0.0,0.0,0.0
2025-07-29 00:00:00+09:00,3900.0,3900.0,3320.0,3900.0,341,0.0,0.0,0.0
2025-07-30 00:00:00+09:00,3600.0,3900.0,3500.0,3900.0,22,0.0,0.0,0.0
2025-07-31 00:00:00+09:00,3320.0,3495.0,3315.0,3490.0,611,0.0,0.0,0.0
2025-08-01 00:00:00+09:00,3500.0,3500.0,3500.0,3500.0,1,0.0,0.0,0.0
2025-08-04 00:00:00+09:00,3500.0,3500.0,3500.0,3500.0,0,0.0,0.0,0.0
2025-08-05 00:00:00+09:00,3500.0,3500.0,3500.0,3500.0,0,0.0,0.0,0.0
2025-08-06 00:00:00+09:00,3500.0,3600.0,3500.0,3600.0,11,0.0,0.0,0.0
2025-08-07 00:00:00+09:00,3600.0,3600.0,3600.0,3600.0,1,0.0,0.0,0.0
2025-08-08 00:00:00+09:00,3600.0,3600.0,3600.0,3600.0,1,0.0,0.0,0.0
2025-08-11 00:00:00+09:00,3600.0,3600.0,3600.0,3600.0,1,0.0,0.0,0.0
2025-08-12 00:00:00+09:00,3600.0,3600.0,3600.0,3600.0,0,0.0,0.0,0.0
2025-08-13 00:00:00+09:00,3600.0,3700.0,3600.0,3700.0,11,0.0,0.0,0.0
2025-08-14 00:00:00+09:00,3695.0,3695.0,3695.0,3695.0,1,0.0,0.0,0.0
2025-08-18 00:00:00+09:00,3700.0,3700.0,3700.0,3700.0,1,0.0,0.0,0.0
2025-08-19 00:00:00+09:00,3700.0,3700.0,3450.0,3450.0,431,0.0,0.0,0.0
2025-08-20 00:00:00+09:00,3700.0,3700.0,3700.0,3700.0,1,0.0,0.0,0.0
2025-08-21 00:00:00+09:00,3700.0,3700.0,3700.0,3700.0,1,0.0,0.0,0.0
2025-08-22 00:00:00+09:00,3700.0,3700.0,3700.0,3700.0,1,0.0,0.0,0.0
2025-08-25 00:00:00+09:00,3700.0,3700.0,3700.0,3700.0,1,0.0,0.0,0.0
2025-08-26 00:00:00+09:00,3700.0,3700.0,3700.0,3700.0,1,0.0,0.0,0.0
2025-08-27 00:00:00+09:00,3695.0,3695.0,3695.0,3695.0,1,0.0,0.0,0.0
2025-08-28 00:00:00+09:00,3700.0,3700.0,3700.0,3700.0,1,0.0,0.0,0.0
2025-08-29 00:00:00+09:00,3700.0,3700.0,3700.0,3700.0,1,0.0,0.0,0.0
2025-09-01 00:00:00+09:00,3700.0,3700.0,3400.0,3695.0,5,0.0,0.0,0.0
2025-09-02 00:00:00+09:00,3695.0,3695.0,3695.0,3695.0,0,0.0,0.0,0.0
2025-09-03 00:00:00+09:00,3700.0,3700.0,3700.0,3700.0,1,0.0,0.0,0.0
2025-09-04 00:00:00+09:00,3700.0,3700.0,3700.0,3700.0,0,0.0,0.0,0.0
2025-09-05 00:00:00+09:00,3700.0,3700.0,3700.0,3700.0,0,0.0,0.0,0.0
2025-09-08 00:00:00+09:00,3700.0,3700.0,3700.0,3700.0,0,0.0,0.0,0.0
2025-09-09 00:00:00+09:00,3695.0,3695.0,3695.0,3695.0,1,0.0,0.0,0.0
2025-09-10 00:00:00+09:00,3695.0,3695.0,3695.0,3695.0,0,0.0,0.0,0.0
2025-09-11 00:00:00+09:00,3695.0,3695.0,3695.0,3695.0,0,0.0,0.0,0.0
2025-09-12 00:00:00+09:00,3700.0,3700.0,3700.0,3700.0,1,0.0,0.0,0.0
2025-09-15 00:00:00+09:00,3695.0,3695.0,3695.0,3695.0,1,0.0,0.0,0.0
2025-09-16 00:00:00+09:00,3700.0,3700.0,3700.0,3700.0,1,0.0,0.0,0.0
2025-09-17 00:00:00+09:00,3700.0,3700.0,3700.0,3700.0,1,0.0,0.0,0.0
2025-09-18 00:00:00+09:00,3700.0,3700.0,3700.0,3700.0,0,0.0,0.0,0.0
2025-09-22 00:00:00+09:00,3700.0,3700.0,3700.0,3700.0,0,0.0,0.0,0.0
2025-09-23 00:00:00+09:00,3400.0,3500.0,3400.0,3500.0,11,0.0,0.0,0.0
2025-09-24 00:00:00+09:00,3600.0,4020.0,3600.0,3600.0,82,0.0,0.0,0.0
2025-09-25 00:00:00+09:00,3500.0,3695.0,3400.0,3695.0,21,0.0,0.0,0.0
2025-09-26 00:00:00+09:00,3695.0,3695.0,3695.0,3695.0,0,0.0,0.0,0.0
2025-09-29 00:00:00+09:00,3695.0,3695.0,3695.0,3695.0,0,0.0,0.0,0.0
2025-09-30 00:00:00+09:00,3695.0,3695.0,3695.0,3695.0,0,0.0,0.0,0.0
2025-10-01 00:00:00+09:00,3995.0,3995.0,3995.0,3995.0,1,0.0,0.0,0.0
2025-10-02 00:00:00+09:00,3995.0,3995.0,3995.0,3995.0,0,0.0,0.0,0.0
2025-10-10 00:00:00+09:00,3995.0,3995.0,3995.0,3995.0,0,0.0,0.0,0.0
2025-10-13 00:00:00+09:00,3995.0,3995.0,3995.0,3995.0,0,0.0,0.0,0.0
2025-10-14 00:00:00+09:00,3995.0,3995.0,3995.0,3995.0,0,0.0,0.0,0.0
2025-10-15 00:00:00+09:00,3995.0,3995.0,3995.0,3995.0,0,0.0,0.0,0.0
2025-10-16 00:00:00+09:00,3995.0,3995.0,3995.0,3995.0,0,0.0,0.0,0.0
2025-10-17 00:00:00+09:00,3995.0,3995.0,3995.0,3995.0,0,0.0,0.0,0.0
2025-10-20 00:00:00+09:00,3995.0,3995.0,3995.0,3995.0,0,0.0,0.0,0.0
2025-10-21 00:00:00+09:00,3995.0,3995.0,3995.0,3995.0,0,0.0,0.0,0.0
2025-10-22 00:00:00+09:00,3995.0,3995.0,3995.0,3995.0,0,0.0,0.0,0.0
2025-10-23 00:00:00+09:00,3600.0,3600.0,3600.0,3600.0,1,0.0,0.0,0.0
2025-10-24 00:00:00+09:00,3600.0,3600.0,3600.0,3600.0,0,0.0,0.0,0.0
2025-10-27 00:00:00+09:00,3300.0,3400.0,3200.0,3400.0,21,0.0,0.0,0.0
2025-10-28 00:00:00+09:00,3400.0,3600.0,3400.0,3600.0,21,0.0,0.0,0.0
2025-10-29 00:00:00+09:00,4140.0,4140.0,3600.0,3600.0,2,0.0,0.0,0.0
2025-10-30 00:00:00+09:00,3600.0,3600.0,3600.0,3600.0,0,0.0,0.0,0.0
2025-10-31 00:00:00+09:00,3600.0,3600.0,3600.0,3600.0,1,0.0,0.0,0.0
2025-11-03 00:00:00+09:00,3600.0,3600.0,3300.0,3600.0,11,0.0,0.0,0.0
2025-11-04 00:00:00+09:00,3600.0,3600.0,3600.0,3600.0,0,0.0,0.0,0.0
2025-11-05 00:00:00+09:00,3700.0,3700.0,3700.0,3700.0,1,0.0,0.0,0.0
2025-11-06 00:00:00+09:00,3500.0,3500.0,3500.0,3500.0,1,0.0,0.0,0.0
2025-11-07 00:00:00+09:00,3500.0,3500.0,3500.0,3500.0,1,0.0,0.0,0.0
2025-11-10 00:00:00+09:00,3500.0,3600.0,3500.0,3600.0,31,0.0,0.0,0.0
2025-11-11 00:00:00+09:00,3700.0,3700.0,3400.0,3700.0,39,0.0,0.0,0.0
2025-11-12 00:00:00+09:00,3600.0,3600.0,3600.0,3600.0,1,0.0,0.0,0.0
2025-11-13 00:00:00+09:00,3600.0,3600.0,3600.0,3600.0,11,0.0,0.0,0.0
2025-11-14 00:00:00+09:00,3400.0,3595.0,3300.0,3595.0,23,0.0,0.0,0.0
2025-11-17 00:00:00+09:00,3500.0,3600.0,3300.0,3500.0,22,0.0,0.0,0.0
2025-11-18 00:00:00+09:00,3500.0,3600.0,3500.0,3600.0,11,0.0,0.0,0.0
2025-11-19 00:00:00+09:00,3600.0,3600.0,3300.0,3500.0,28,0.0,0.0,0.0
2025-11-20 00:00:00+09:00,3450.0,3450.0,3450.0,3450.0,1,0.0,0.0,0.0
2025-11-21 00:00:00+09:00,3400.0,3400.0,3200.0,3400.0,12,0.0,0.0,0.0
2025-11-24 00:00:00+09:00,3400.0,3400.0,3400.0,3400.0,1,0.0,0.0,0.0
2025-11-25 00:00:00+09:00,3105.0,3200.0,3100.0,3200.0,41,0.0,0.0,0.0
2025-11-26 00:00:00+09:00,3300.0,3300.0,3300.0,3300.0,1,0.0,0.0,0.0
2025-11-27 00:00:00+09:00,3300.0,3400.0,3300.0,3400.0,11,0.0,0.0,0.0
2025-11-28 00:00:00+09:00,3400.0,3400.0,3100.0,3300.0,45,0.0,0.0,0.0
2025-12-01 00:00:00+09:00,3300.0,3400.0,3300.0,3400.0,11,0.0,0.0,0.0
2025-12-02 00:00:00+09:00,3400.0,3500.0,3100.0,3300.0,56,0.0,0.0,0.0
2025-12-03 00:00:00+09:00,3010.0,3100.0,2910.0,3100.0,77,0.0,0.0,0.0
2025-12-04 00:00:00+09:00,3100.0,3200.0,3100.0,3200.0,11,0.0,0.0,0.0
2025-12-05 00:00:00+09:00,3300.0,3300.0,3300.0,3300.0,1,0.0,0.0,0.0
2025-12-08 00:00:00+09:00,3300.0,3300.0,3300.0,3300.0,1,0.0,0.0,0.0
2025-12-09 00:00:00+09:00,3400.0,3400.0,3000.0,3400.0,32,0.0,0.0,0.0
2025-12-10 00:00:00+09:00,3200.0,3395.0,3000.0,3395.0,62,0.0,0.0,0.0
2025-12-11 00:00:00+09:00,3400.0,3800.0,3000.0,3200.0,117,0.0,0.0,0.0
2025-12-12 00:00:00+09:00,3150.0,3200.0,3150.0,3200.0,11,0.0,0.0,0.0
2025-12-15 00:00:00+09:00,3200.0,3200.0,3200.0,3200.0,1,0.0,0.0,0.0
2025-12-16 00:00:00+09:00,3200.0,3200.0,3200.0,3200.0,1,0.0,0.0,0.0
2025-12-17 00:00:00+09:00,3200.0,3200.0,3200.0,3200.0,1,0.0,0.0,0.0
2025-12-18 00:00:00+09:00,2905.0,3200.0,2900.0,3200.0,74,0.0,0.0,0.0
2025-12-19 00:00:00+09:00,3200.0,3300.0,3000.0,3200.0,22,0.0,0.0,0.0
2025-12-22 00:00:00+09:00,3200.0,3300.0,2900.0,3300.0,65,0.0,0.0,0.0
2025-12-23 00:00:00+09:00,3000.0,3300.0,3000.0,3300.0,13,0.0,0.0,0.0
2025-12-24 00:00:00+09:00,3200.0,3795.0,2900.0,3400.0,182,0.0,0.0,0.0
2025-12-26 00:00:00+09:00,3200.0,3600.0,3000.0,3500.0,45,0.0,0.0,0.0
2025-12-29 00:00:00+09:00,3200.0,3300.0,3200.0,3300.0,11,0.0,0.0,0.0
2025-12-30 00:00:00+09:00,3000.0,3300.0,3000.0,3300.0,21,0.0,0.0,0.0
2026-01-02 00:00:00+09:00,3300.0,3300.0,3100.0,3300.0,32,0.0,0.0,0.0
2026-01-05 00:00:00+09:00,3200.0,3300.0,3000.0,3300.0,22,0.0,0.0,0.0
2026-01-06 00:00:00+09:00,3200.0,3400.0,3000.0,3395.0,72,0.0,0.0,0.0
2026-01-07 00:00:00+09:00,3300.0,3300.0,3000.0,3300.0,31,0.0,0.0,0.0
2026-01-08 00:00:00+09:00,3200.0,3300.0,3000.0,3300.0,37,0.0,0.0,0.0
2026-01-09 00:00:00+09:00,3300.0,3300.0,3000.0,3200.0,32,0.0,0.0,0.0
2026-01-12 00:00:00+09:00,3100.0,3500.0,3000.0,3200.0,93,0.0,0.0,0.0
2026-01-13 00:00:00+09:00,3200.0,3200.0,3200.0,3200.0,0,0.0,0.0,0.0
2026-01-14 00:00:00+09:00,3200.0,3200.0,3200.0,3200.0,1,0.0,0.0,0.0
2026-01-15 00:00:00+09:00,3200.0,3200.0,3200.0,3200.0,1,0.0,0.0,0.0
2026-01-16 00:00:00+09:00,3100.0,3100.0,3000.0,3095.0,22,0.0,0.0,0.0
2026-01-19 00:00:00+09:00,3100.0,3100.0,2700.0,2900.0,61,0.0,0.0,0.0
2026-01-20 00:00:00+09:00,2900.0,3000.0,2900.0,3000.0,11,0.0,0.0,0.0
2026-01-21 00:00:00+09:00,3000.0,3100.0,3000.0,3100.0,11,0.0,0.0,0.0
2026-01-22 00:00:00+09:00,3100.0,3200.0,3100.0,3200.0,11,0.0,0.0,0.0
2026-01-23 00:00:00+09:00,3200.0,3200.0,3200.0,3200.0,1,0.0,0.0,0.0
2026-01-26 00:00:00+09:00,3200.0,3200.0,3200.0,3200.0,2,0.0,0.0,0.0
2026-01-27 00:00:00+09:00,3200.0,3300.0,3200.0,3300.0,16,0.0,0.0,0.0
2026-01-28 00:00:00+09:00,3200.0,3200.0,3200.0,3200.0,1,0.0,0.0,0.0
2026-01-29 00:00:00+09:00,3200.0,3200.0,3200.0,3200.0,1,0.0,0.0,0.0
2026-01-30 00:00:00+09:00,3200.0,3300.0,3200.0,3300.0,9,0.0,0.0,0.0
2026-02-02 00:00:00+09:00,3200.0,3200.0,3200.0,3200.0,1,0.0,0.0,0.0
2026-02-03 00:00:00+09:00,3300.0,3300.0,3000.0,3090.0,13,0.0,0.0,0.0
2026-02-04 00:00:00+09:00,3100.0,3100.0,2900.0,3100.0,12,0.0,0.0,0.0
2026-02-05 00:00:00+09:00,3000.0,3000.0,3000.0,3000.0,1,0.0,0.0,0.0
2026-02-06 00:00:00+09:00,3000.0,3000.0,2550.0,3000.0,37,0.0,0.0,0.0
2026-02-09 00:00:00+09:00,2700.0,3000.0,2700.0,3000.0,31,0.0,0.0,0.0
2026-02-10 00:00:00+09:00,3000.0,3000.0,3000.0,3000.0,1,0.0,0.0,0.0
2026-02-11 00:00:00+09:00,3000.0,3000.0,3000.0,3000.0,1,0.0,0.0,0.0
2026-02-12 00:00:00+09:00,3000.0,3100.0,3000.0,3100.0,11,0.0,0.0,0.0
2026-02-13 00:00:00+09:00,3100.0,3100.0,3100.0,3100.0,1,0.0,0.0,0.0
2026-02-19 00:00:00+09:00,3100.0,3100.0,3100.0,3100.0,1,0.0,0.0,0.0
2026-02-20 00:00:00+09:00,3100.0,3100.0,3100.0,3100.0,1,0.0,0.0,0.0
2026-02-23 00:00:00+09:00,3100.0,3100.0,3100.0,3100.0,1,0.0,0.0,0.0
2026-02-24 00:00:00+09:00,3100.0,3200.0,3100.0,3200.0,11,0.0,0.0,0.0
2026-02-25 00:00:00+09:00,3200.0,3300.0,3200.0,3300.0,8,0.0,0.0,0.0
2026-02-26 00:00:00+09:00,3300.0,3300.0,3300.0,3300.0,1,0.0,0.0,0.0
2026-02-27 00:00:00+09:00,3300.0,3300.0,3300.0,3300.0,1,0.0,0.0,0.0
2026-03-03 00:00:00+09:00,3300.0,3300.0,3300.0,3300.0,1,0.0,0.0,0.0
2026-03-04 00:00:00+09:00,3300.0,3300.0,3300.0,3300.0,1,0.0,0.0,0.0
2026-03-05 00:00:00+09:00,3300.0,3300.0,3300.0,3300.0,1,0.0,0.0,0.0
2026-03-06 00:00:00+09:00,3200.0,3200.0,3200.0,3200.0,1,0.0,0.0,0.0
2026-03-09 00:00:00+09:00,3300.0,3300.0,3300.0,3300.0,1,0.0,0.0,0.0
2026-03-10 00:00:00+09:00,3300.0,3300.0,3300.0,3300.0,1,0.0,0.0,0.0
2026-03-11 00:00:00+09:00,3300.0,3300.0,3300.0,3300.0,1,0.0,0.0,0.0
2026-03-12 00:00:00+09:00,3300.0,3300.0,3300.0,3300.0,0,0.0,0.0,0.0
2026-03-13 00:00:00+09:00,3300.0,3300.0,3300.0,3300.0,0,0.0,0.0,0.0
2026-03-16 00:00:00+09:00,3600.0,3600.0,3600.0,3600.0,1,0.0,0.0,0.0
2026-03-17 00:00:00+09:00,3300.0,3300.0,3300.0,3300.0,1,0.0,0.0,0.0
2026-03-18 00:00:00+09:00,3300.0,3300.0,3300.0,3300.0,1,0.0,0.0,0.0
2026-03-19 00:00:00+09:00,3300.0,3300.0,3300.0,3300.0,1,0.0,0.0,0.0
2026-03-20 00:00:00+09:00,3300.0,3300.0,3300.0,3300.0,1,0.0,0.0,0.0
2026-03-23 00:00:00+09:00,3300.0,3400.0,3300.0,3400.0,24,0.0,0.0,0.0
2026-03-24 00:00:00+09:00,3400.0,3400.0,3400.0,3400.0,1,0.0,0.0,0.0
2026-03-25 00:00:00+09:00,3400.0,3400.0,3400.0,3400.0,1,0.0,0.0,0.0
2026-03-26 00:00:00+09:00,3400.0,3500.0,3400.0,3500.0,39,0.0,0.0,0.0
2026-03-27 00:00:00+09:00,3500.0,3500.0,3500.0,3500.0,1,0.0,0.0,0.0
2026-03-30 00:00:00+09:00,3500.0,3500.0,3500.0,3500.0,30,0.0,0.0,0.0
2026-03-31 00:00:00+09:00,3500.0,3500.0,3200.0,3300.0,22,0.0,0.0,0.0
2026-04-01 00:00:00+09:00,3100.0,3200.0,3100.0,3200.0,11,0.0,0.0,0.0
2026-04-02 00:00:00+09:00,3200.0,3200.0,3000.0,3200.0,12,0.0,0.0,0.0
2026-04-03 00:00:00+09:00,3200.0,3200.0,3200.0,3200.0,1,0.0,0.0,0.0
2026-04-06 00:00:00+09:00,3200.0,3200.0,3200.0,3200.0,1,0.0,0.0,0.0
2026-04-07 00:00:00+09:00,3200.0,3200.0,3200.0,3200.0,1,0.0,0.0,0.0
2026-04-08 00:00:00+09:00,3200.0,3200.0,3200.0,3200.0,1,0.0,0.0,0.0
2026-04-09 00:00:00+09:00,3200.0,3200.0,2720.0,3100.0,62,0.0,0.0,0.0
2026-04-10 00:00:00+09:00,3100.0,3100.0,3100.0,3100.0,0,0.0,0.0,0.0
2026-04-13 00:00:00+09:00,3100.0,3100.0,3100.0,3100.0,0,0.0,0.0,0.0
2026-04-14 00:00:00+09:00,3100.0,3100.0,3100.0,3100.0,0,0.0,0.0,0.0
2026-04-15 00:00:00+09:00,3100.0,3100.0,3100.0,3100.0,0,0.0,0.0,0.0
2026-04-16 00:00:00+09:00,3100.0,3100.0,3100.0,3100.0,1,0.0,0.0,0.0
2026-04-17 00:00:00+09:00,3100.0,3100.0,3100.0,3100.0,0,0.0,0.0,0.0
2026-04-20 00:00:00+09:00,3100.0,3100.0,3100.0,3100.0,1,0.0,0.0,0.0
2026-04-21 00:00:00+09:00,3100.0,3100.0,3100.0,3100.0,0,0.0,0.0,0.0
2026-04-22 00:00:00+09:00,3000.0,3000.0,3000.0,3000.0,1,0.0,0.0,0.0
2026-04-23 00:00:00+09:00,3000.0,3000.0,3000.0,3000.0,1,0.0,0.0,0.0
2026-04-24 00:00:00+09:00,3000.0,3000.0,2900.0,2900.0,2,0.0,0.0,0.0
2026-04-27 00:00:00+09:00,3000.0,3000.0,3000.0,3000.0,1,0.0,0.0,0.0
2026-04-28 00:00:00+09:00,3000.0,3000.0,3000.0,3000.0,0,0.0,0.0,0.0
2026-04-29 00:00:00+09:00,3450.0,3450.0,3450.0,3450.0,1,0.0,0.0,0.0
2026-04-30 00:00:00+09:00,3000.0,3000.0,3000.0,3000.0,1,0.0,0.0,0.0
2026-05-04 00:00:00+09:00,2800.0,2800.0,2550.0,2800.0,80,0.0,0.0,0.0
2026-05-06 00:00:00+09:00,2800.0,2800.0,2800.0,2800.0,1,0.0,0.0,0.0
2026-05-07 00:00:00+09:00,2800.0,2800.0,2800.0,2800.0,1,0.0,0.0,0.0
2026-05-08 00:00:00+09:00,2800.0,2900.0,2800.0,2900.0,11,0.0,0.0,0.0
2026-05-11 00:00:00+09:00,2900.0,2900.0,2900.0,2900.0,0,0.0,0.0,0.0
2026-05-12 00:00:00+09:00,2900.0,2900.0,2900.0,2900.0,0,0.0,0.0,0.0
2026-05-13 00:00:00+09:00,2900.0,2900.0,2900.0,2900.0,0,0.0,0.0,0.0
2026-05-14 00:00:00+09:00,2900.0,2900.0,2900.0,2900.0,0,0.0,0.0,0.0
2026-05-15 00:00:00+09:00,2900.0,2900.0,2900.0,2900.0,0,0.0,0.0,0.0
2026-05-18 00:00:00+09:00,2900.0,2900.0,2900.0,2900.0,0,0.0,0.0,0.0
2026-05-19 00:00:00+09:00,2800.0,2800.0,2800.0,2800.0,10,0.0,0.0,0.0
2026-05-20 00:00:00+09:00,2800.0,2800.0,2800.0,2800.0,0,0.0,0.0,0.0
2026-05-21 00:00:00+09:00,2700.0,2700.0,2700.0,2700.0,9,0.0,0.0,0.0
2026-05-22 00:00:00+09:00,2800.0,2800.0,2800.0,2800.0,1,0.0,0.0,0.0
2026-05-26 00:00:00+09:00,2800.0,2800.0,2800.0,2800.0,0,0.0,0.0,0.0
2026-05-27 00:00:00+09:00,2800.0,2800.0,2800.0,2800.0,0,0.0,0.0,0.0
2026-05-28 00:00:00+09:00,2600.0,2800.0,2400.0,2800.0,25,0.0,0.0,0.0
2026-05-29 00:00:00+09:00,2800.0,2800.0,2800.0,2800.0,0,0.0,0.0,0.0
2026-06-01 00:00:00+09:00,2600.0,2600.0,2600.0,2600.0,1,0.0,0.0,0.0
2026-06-02 00:00:00+09:00,2600.0,2600.0,2600.0,2600.0,0,0.0,0.0,0.0
2026-06-04 00:00:00+09:00,2400.0,2400.0,2040.0,2040.0,32,0.0,0.0,0.0
2026-06-05 00:00:00+09:00,2100.0,2100.0,1740.0,1740.0,235,0.0,0.0,0.0
2026-06-08 00:00:00+09:00,1600.0,1600.0,1500.0,1500.0,120,0.0,0.0,0.0
2026-06-09 00:00:00+09:00,1600.0,1600.0,1300.0,1300.0,222,0.0,0.0,0.0
2026-06-10 00:00:00+09:00,1300.0,1300.0,1300.0,1300.0,0,0.0,0.0,0.0
2026-06-11 00:00:00+09:00,1300.0,1300.0,1300.0,1300.0,0,0.0,0.0,0.0
2026-06-12 00:00:00+09:00,935.0,950.0,935.0,950.0,310,0.0,0.0,0.0
2026-06-15 00:00:00+09:00,810.0,1000.0,810.0,830.0,34,0.0,0.0,0.0
2026-06-16 00:00:00+09:00,900.0,900.0,706.0,720.0,428,0.0,0.0,0.0
2026-06-17 00:00:00+09:00,828.0,828.0,700.0,700.0,42,0.0,0.0,0.0
2026-06-18 00:00:00+09:00,650.0,650.0,650.0,650.0,2339,0.0,0.0,0.0
2026-06-19 00:00:00+09:00,747.0,747.0,600.0,650.0,13,0.0,0.0,0.0
2026-06-22 00:00:00+09:00,553.0,553.0,553.0,553.0,10,0.0,0.0,0.0
2026-06-23 00:00:00+09:00,500.0,580.0,500.0,580.0,60,0.0,0.0,0.0
2026-06-24 00:00:00+09:00,600.0,600.0,560.0,560.0,121,0.0,0.0,0.0
2026-06-25 00:00:00+09:00,560.0,560.0,560.0,560.0,80,0.0,0.0,0.0
2026-06-26 00:00:00+09:00,540.0,540.0,540.0,540.0,1,0.0,0.0,0.0
2026-06-29 00:00:00+09:00,600.0,600.0,520.0,520.0,21,0.0,0.0,0.0
2026-06-30 00:00:00+09:00,500.0,500.0,500.0,500.0,60,0.0,0.0,0.0
2026-07-01 00:00:00+09:00,500.0,500.0,500.0,500.0,440,0.0,0.0,0.0
2026-07-02 00:00:00+09:00,500.0,500.0,500.0,500.0,0,0.0,0.0,0.0
2026-07-03 00:00:00+09:00,500.0,500.0,500.0,500.0,201,0.0,0.0,0.0
2026-07-06 00:00:00+09:00,500.0,500.0,500.0,500.0,1,0.0,0.0,0.0
2026-07-07 00:00:00+09:00,480.0,480.0,480.0,480.0,301,0.0,0.0,0.0
2026-07-08 00:00:00+09:00,480.0,480.0,480.0,480.0,0,0.0,0.0,0.0
2026-07-09 00:00:00+09:00,480.0,480.0,480.0,480.0,0,0.0,0.0,0.0
2026-07-10 00:00:00+09:00,460.0,460.0,460.0,460.0,4001,0.0,0.0,0.0
2026-07-13 00:00:00+09:00,460.0,460.0,460.0,460.0,1,0.0,0.0,0.0
2026-07-14 00:00:00+09:00,440.0,440.0,440.0,440.0,1,0.0,0.0,0.0
2026-07-15 00:00:00+09:00,440.0,440.0,440.0,440.0,0,0.0,0.0,0.0
2026-07-16 00:00:00+09:00,440.0,440.0,440.0,440.0,0,0.0,0.0,0.0
2026-07-20 00:00:00+09:00,440.0,440.0,440.0,440.0,0,0.0,0.0,0.0
2026-07-21 00:00:00+09:00,440.0,440.0,440.0,440.0,0,0.0,0.0,0.0
2026-07-22 00:00:00+09:00,410.0,410.0,410.0,410.0,1,0.0,0.0,0.0
2026-07-23 00:00:00+09:00,410.0,410.0,410.0,410.0,1,0.0,0.0,0.0
2026-07-24 00:00:00+09:00,410.0,410.0,410.0,410.0,0,0.0,0.0,0.0
2026-07-27 00:00:00+09:00,410.0,410.0,410.0,410.0,0,0.0,0.0,0.0
2026-07-28 00:00:00+09:00,410.0,410.0,410.0,410.0,0,0.0,0.0,0.0
2026-07-29 00:00:00+09:00,410.0,410.0,410.0,410.0,0,0.0,0.0,0.0
2026-07-30 00:00:00+09:00,410.0,410.0,410.0,410.0,0,0.0,0.0,0.0
2026-07-31 00:00:00+09:00,410.0,410.0,410.0,410.0,0,0.0,0.0,0.0
