Date,Open,High,Low,Close,Volume,Dividends,Stock Splits
2022-01-27 00:00:00-05:00,12.100000381469727,12.5,10.800000190734863,11.649999618530273,5371700,0.0,0.0
2022-01-28 00:00:00-05:00,11.640000343322754,12.324999809265137,11.050000190734863,11.1899995803833,1317000,0.0,0.0
2022-01-31 00:00:00-05:00,11.4399995803833,12.489999771118164,11.199999809265137,12.119999885559082,838400,0.0,0.0
2022-02-01 00:00:00-05:00,12.119999885559082,13.699999809265137,11.819999694824219,12.800000190734863,833000,0.0,0.0
2022-02-02 00:00:00-05:00,13.09000015258789,13.414999961853027,12.800000190734863,13.399999618530273,2621600,0.0,0.0
2022-02-03 00:00:00-05:00,13.220000267028809,13.289999961853027,12.399999618530273,12.819999694824219,710800,0.0,0.0
2022-02-04 00:00:00-05:00,12.869999885559082,13.75,12.869999885559082,13.069999694824219,345800,0.0,0.0
2022-02-07 00:00:00-05:00,13.390000343322754,13.75,13.130000114440918,13.520000457763672,504600,0.0,0.0
2022-02-08 00:00:00-05:00,13.569999694824219,14.119999885559082,13.520000457763672,13.9399995803833,463200,0.0,0.0
2022-02-09 00:00:00-05:00,14.119999885559082,15.369999885559082,14.119999885559082,14.640000343322754,591900,0.0,0.0
2022-02-10 00:00:00-05:00,14.739999771118164,15.628999710083008,14.699999809265137,15.1899995803833,584600,0.0,0.0
2022-02-11 00:00:00-05:00,15.300000190734863,16.389999389648438,15.01099967956543,15.300000190734863,656100,0.0,0.0
2022-02-14 00:00:00-05:00,14.178999900817871,15.670000076293945,14.178999900817871,14.859999656677246,382400,0.0,0.0
2022-02-15 00:00:00-05:00,14.789999961853027,15.390000343322754,14.789999961853027,14.989999771118164,327200,0.0,0.0
2022-02-16 00:00:00-05:00,15.0,15.390000343322754,14.3100004196167,15.069999694824219,503200,0.0,0.0
2022-02-17 00:00:00-05:00,14.989999771118164,15.399999618530273,14.880000114440918,15.119999885559082,236800,0.0,0.0
2022-02-18 00:00:00-05:00,15.0,15.449999809265137,14.520999908447266,15.199999809265137,266600,0.0,0.0
2022-02-22 00:00:00-05:00,15.729999542236328,16.0,15.25,15.619999885559082,464100,0.0,0.0
2022-02-23 00:00:00-05:00,15.850000381469727,16.270000457763672,15.079999923706055,15.119999885559082,469800,0.0,0.0
2022-02-24 00:00:00-05:00,14.579999923706055,15.010000228881836,13.963000297546387,14.930000305175781,431600,0.0,0.0
2022-02-25 00:00:00-05:00,15.029999732971191,15.529999732971191,15.0,15.329999923706055,278600,0.0,0.0
2022-02-28 00:00:00-05:00,15.229999542236328,16.959999084472656,15.010000228881836,16.899999618530273,650000,0.0,0.0
2022-03-01 00:00:00-05:00,16.799999237060547,16.799999237060547,15.0600004196167,15.220000267028809,641800,0.0,0.0
2022-03-02 00:00:00-05:00,16.0,16.600000381469727,16.0,16.360000610351562,315100,0.0,0.0
2022-03-03 00:00:00-05:00,17.100000381469727,18.0,16.040000915527344,16.100000381469727,665000,0.0,0.0
2022-03-04 00:00:00-05:00,15.960000038146973,16.540000915527344,15.085000038146973,15.65999984741211,398800,0.0,0.0
2022-03-07 00:00:00-05:00,15.600000381469727,16.280000686645508,15.4399995803833,15.859999656677246,467000,0.0,0.0
2022-03-08 00:00:00-05:00,15.84000015258789,16.260000228881836,14.8100004196167,15.729999542236328,607500,0.0,0.0
2022-03-09 00:00:00-05:00,16.040000915527344,16.579999923706055,15.380000114440918,16.440000534057617,747400,0.0,0.0
2022-03-10 00:00:00-05:00,16.90999984741211,16.950000762939453,15.819999694824219,16.15999984741211,996800,0.0,0.0
2022-03-11 00:00:00-05:00,16.200000762939453,16.200000762939453,14.899999618530273,15.510000228881836,747700,0.0,0.0
2022-03-14 00:00:00-04:00,15.550000190734863,15.71500015258789,12.829999923706055,13.670000076293945,1049200,0.0,0.0
2022-03-15 00:00:00-04:00,13.739999771118164,14.454999923706055,13.329999923706055,14.300000190734863,338200,0.0,0.0
2022-03-16 00:00:00-04:00,14.420000076293945,15.109999656677246,14.220000267028809,14.630000114440918,681200,0.0,0.0
2022-03-17 00:00:00-04:00,14.539999961853027,15.0600004196167,13.529999732971191,14.119999885559082,1239700,0.0,0.0
2022-03-18 00:00:00-04:00,13.5600004196167,14.5600004196167,13.510000228881836,13.6899995803833,4773700,0.0,0.0
2022-03-21 00:00:00-04:00,13.670000076293945,14.170000076293945,12.529999732971191,12.760000228881836,1292500,0.0,0.0
2022-03-22 00:00:00-04:00,13.40999984741211,13.640000343322754,12.645000457763672,13.3100004196167,1262900,0.0,0.0
2022-03-23 00:00:00-04:00,13.180000305175781,13.479999542236328,12.8100004196167,13.420000076293945,916800,0.0,0.0
2022-03-24 00:00:00-04:00,13.40999984741211,14.609999656677246,13.149999618530273,14.489999771118164,1209300,0.0,0.0
2022-03-25 00:00:00-04:00,14.430000305175781,14.600000381469727,14.029999732971191,14.470000267028809,1164900,0.0,0.0
2022-03-28 00:00:00-04:00,14.300000190734863,14.460000038146973,14.1899995803833,14.300000190734863,804200,0.0,0.0
2022-03-29 00:00:00-04:00,14.449999809265137,15.539999961853027,14.449999809265137,15.329999923706055,915700,0.0,0.0
2022-03-30 00:00:00-04:00,15.180000305175781,15.53499984741211,14.944999694824219,15.300000190734863,971800,0.0,0.0
2022-03-31 00:00:00-04:00,15.25,15.880000114440918,14.869999885559082,15.229999542236328,1573200,0.0,0.0
2022-04-01 00:00:00-04:00,15.229999542236328,15.670000076293945,13.760000228881836,14.420000076293945,1228200,0.0,0.0
2022-04-04 00:00:00-04:00,14.390000343322754,15.029999732971191,14.100000381469727,14.619999885559082,311000,0.0,0.0
2022-04-05 00:00:00-04:00,14.529999732971191,14.949999809265137,13.904999732971191,14.100000381469727,404700,0.0,0.0
2022-04-06 00:00:00-04:00,13.930000305175781,14.25,13.520000457763672,14.050000190734863,332700,0.0,0.0
2022-04-07 00:00:00-04:00,13.920000076293945,14.050000190734863,13.329999923706055,13.5600004196167,293700,0.0,0.0
2022-04-08 00:00:00-04:00,13.430000305175781,13.649999618530273,12.949999809265137,13.4399995803833,282600,0.0,0.0
2022-04-11 00:00:00-04:00,13.199999809265137,13.430000305175781,12.770000457763672,12.930000305175781,720200,0.0,0.0
2022-04-12 00:00:00-04:00,13.180000305175781,13.449999809265137,12.680000305175781,12.770000457763672,707900,0.0,0.0
2022-04-13 00:00:00-04:00,12.779999732971191,12.779999732971191,11.520000457763672,12.09000015258789,1164300,0.0,0.0
2022-04-14 00:00:00-04:00,12.09000015258789,12.279999732971191,11.21500015258789,11.40999984741211,1023800,0.0,0.0
2022-04-18 00:00:00-04:00,11.270000457763672,11.5600004196167,11.119999885559082,11.380000114440918,727200,0.0,0.0
2022-04-19 00:00:00-04:00,11.3100004196167,11.739999771118164,11.039999961853027,11.720000267028809,671800,0.0,0.0
2022-04-20 00:00:00-04:00,11.800000190734863,11.920000076293945,11.380000114440918,11.40999984741211,463600,0.0,0.0
2022-04-21 00:00:00-04:00,11.3100004196167,11.649999618530273,10.944999694824219,11.15999984741211,485100,0.0,0.0
2022-04-22 00:00:00-04:00,11.100000381469727,11.4399995803833,10.979999542236328,11.180000305175781,343500,0.0,0.0
2022-04-25 00:00:00-04:00,10.925000190734863,11.609999656677246,10.779999732971191,11.569999694824219,790700,0.0,0.0
2022-04-26 00:00:00-04:00,11.470000267028809,11.5,11.140000343322754,11.180000305175781,420600,0.0,0.0
2022-04-27 00:00:00-04:00,11.050000190734863,11.3100004196167,10.800000190734863,10.8100004196167,354800,0.0,0.0
2022-04-28 00:00:00-04:00,10.899999618530273,11.399999618530273,10.430000305175781,11.1899995803833,498000,0.0,0.0
2022-04-29 00:00:00-04:00,11.15999984741211,11.510000228881836,10.8100004196167,11.039999961853027,586100,0.0,0.0
2022-05-02 00:00:00-04:00,10.970000267028809,11.300000190734863,10.819999694824219,11.220000267028809,329800,0.0,0.0
2022-05-03 00:00:00-04:00,11.260000228881836,11.529999732971191,11.0,11.420000076293945,239500,0.0,0.0
2022-05-04 00:00:00-04:00,11.5,11.609999656677246,10.880000114440918,11.579999923706055,312000,0.0,0.0
2022-05-05 00:00:00-04:00,11.489999771118164,11.569999694824219,10.850000381469727,11.100000381469727,330800,0.0,0.0
2022-05-06 00:00:00-04:00,11.010000228881836,11.119999885559082,10.4399995803833,10.710000038146973,282000,0.0,0.0
2022-05-09 00:00:00-04:00,10.539999961853027,10.59000015258789,9.640000343322754,9.739999771118164,346400,0.0,0.0
2022-05-10 00:00:00-04:00,9.880000114440918,10.029000282287598,9.079999923706055,9.420000076293945,475400,0.0,0.0
2022-05-11 00:00:00-04:00,9.369999885559082,9.489999771118164,8.779999732971191,8.800000190734863,278800,0.0,0.0
2022-05-12 00:00:00-04:00,8.680000305175781,9.470000267028809,8.609999656677246,9.460000038146973,404200,0.0,0.0
2022-05-13 00:00:00-04:00,9.65999984741211,10.430000305175781,9.630000114440918,10.130000114440918,383600,0.0,0.0
2022-05-16 00:00:00-04:00,10.039999961853027,10.140000343322754,9.770000457763672,9.800000190734863,205700,0.0,0.0
2022-05-17 00:00:00-04:00,10.050000190734863,10.104999542236328,9.8100004196167,10.0600004196167,254500,0.0,0.0
2022-05-18 00:00:00-04:00,9.859999656677246,10.140000343322754,9.720000267028809,9.819999694824219,246100,0.0,0.0
2022-05-19 00:00:00-04:00,9.829999923706055,10.164999961853027,9.699999809265137,9.859999656677246,418600,0.0,0.0
2022-05-20 00:00:00-04:00,10.0600004196167,10.149999618530273,9.510000228881836,9.699999809265137,273100,0.0,0.0
2022-05-23 00:00:00-04:00,9.819999694824219,10.0,9.649999618530273,10.0,253200,0.0,0.0
2022-05-24 00:00:00-04:00,9.979999542236328,10.0600004196167,9.539999961853027,9.930000305175781,362100,0.0,0.0
2022-05-25 00:00:00-04:00,9.819999694824219,10.100000381469727,9.800000190734863,10.010000228881836,253500,0.0,0.0
2022-05-26 00:00:00-04:00,9.920000076293945,10.239999771118164,9.600000381469727,10.15999984741211,222900,0.0,0.0
2022-05-27 00:00:00-04:00,10.300000190734863,10.550000190734863,10.229999542236328,10.510000228881836,328700,0.0,0.0
2022-05-31 00:00:00-04:00,10.579999923706055,10.989999771118164,10.010000228881836,10.229999542236328,906200,0.0,0.0
2022-06-01 00:00:00-04:00,10.229999542236328,10.34000015258789,9.930000305175781,10.25,448700,0.0,0.0
2022-06-02 00:00:00-04:00,11.5,13.399999618530273,11.5,12.9399995803833,1828100,0.0,0.0
2022-06-03 00:00:00-04:00,13.039999961853027,13.09000015258789,12.390000343322754,12.90999984741211,719400,0.0,0.0
2022-06-06 00:00:00-04:00,13.0,13.489999771118164,12.680000305175781,12.739999771118164,468100,0.0,0.0
2022-06-07 00:00:00-04:00,12.529999732971191,13.6899995803833,12.449999809265137,13.649999618530273,364900,0.0,0.0
2022-06-08 00:00:00-04:00,13.609999656677246,13.920000076293945,13.319999694824219,13.420000076293945,270400,0.0,0.0
2022-06-09 00:00:00-04:00,13.239999771118164,13.359999656677246,12.539999961853027,12.670000076293945,264500,0.0,0.0
2022-06-10 00:00:00-04:00,12.550000190734863,12.600000381469727,12.229999542236328,12.430000305175781,219700,0.0,0.0
2022-06-13 00:00:00-04:00,11.989999771118164,12.085000038146973,11.630000114440918,11.960000038146973,452300,0.0,0.0
2022-06-14 00:00:00-04:00,12.100000381469727,12.65999984741211,11.899999618530273,12.600000381469727,443300,0.0,0.0
2022-06-15 00:00:00-04:00,12.800000190734863,13.050000190734863,12.390000343322754,12.699999809265137,399700,0.0,0.0
2022-06-16 00:00:00-04:00,12.420000076293945,12.489999771118164,11.729999542236328,11.800000190734863,341600,0.0,0.0
2022-06-17 00:00:00-04:00,11.9399995803833,12.699999809265137,11.739999771118164,12.520000457763672,995400,0.0,0.0
2022-06-21 00:00:00-04:00,12.670000076293945,13.619999885559082,12.670000076293945,13.289999961853027,419100,0.0,0.0
2022-06-22 00:00:00-04:00,13.020000457763672,13.40999984741211,12.75,12.880000114440918,217800,0.0,0.0
2022-06-23 00:00:00-04:00,12.859999656677246,13.039999961853027,12.21500015258789,12.359999656677246,447300,0.0,0.0
2022-06-24 00:00:00-04:00,12.470000267028809,12.949999809265137,12.470000267028809,12.739999771118164,478800,0.0,0.0
2022-06-27 00:00:00-04:00,12.6899995803833,13.899999618530273,11.600000381469727,11.84000015258789,1008400,0.0,0.0
2022-06-28 00:00:00-04:00,11.680000305175781,12.15999984741211,11.210000038146973,11.890000343322754,665300,0.0,0.0
2022-06-29 00:00:00-04:00,11.760000228881836,11.949999809265137,11.140000343322754,11.569999694824219,501700,0.0,0.0
2022-06-30 00:00:00-04:00,11.359999656677246,11.6899995803833,11.020000457763672,11.680000305175781,233100,0.0,0.0
2022-07-01 00:00:00-04:00,11.600000381469727,11.899999618530273,11.055000305175781,11.289999961853027,270100,0.0,0.0
2022-07-05 00:00:00-04:00,11.109999656677246,11.520000457763672,10.75,11.479999542236328,320100,0.0,0.0
2022-07-06 00:00:00-04:00,11.489999771118164,11.489999771118164,10.760000228881836,10.960000038146973,344400,0.0,0.0
2022-07-07 00:00:00-04:00,11.100000381469727,12.0600004196167,11.079999923706055,11.960000038146973,415600,0.0,0.0
2022-07-08 00:00:00-04:00,11.90999984741211,12.039999961853027,11.59000015258789,11.899999618530273,194600,0.0,0.0
2022-07-11 00:00:00-04:00,11.829999923706055,11.859999656677246,11.119999885559082,11.170000076293945,407800,0.0,0.0
2022-07-12 00:00:00-04:00,11.1899995803833,11.614999771118164,11.09000015258789,11.210000038146973,319100,0.0,0.0
2022-07-13 00:00:00-04:00,11.010000228881836,11.149999618530273,10.711000442504883,10.770000457763672,364000,0.0,0.0
2022-07-14 00:00:00-04:00,10.6899995803833,10.899999618530273,10.34000015258789,10.8100004196167,443200,0.0,0.0
2022-07-15 00:00:00-04:00,11.039999961853027,11.210000038146973,10.729999542236328,11.050000190734863,461100,0.0,0.0
2022-07-18 00:00:00-04:00,11.210000038146973,11.539999961853027,10.869999885559082,11.039999961853027,514600,0.0,0.0
2022-07-19 00:00:00-04:00,11.109999656677246,11.880000114440918,10.84000015258789,11.859999656677246,441800,0.0,0.0
2022-07-20 00:00:00-04:00,11.829999923706055,12.329999923706055,11.449999809265137,12.010000228881836,359500,0.0,0.0
2022-07-21 00:00:00-04:00,12.09000015258789,12.109999656677246,11.680000305175781,11.949999809265137,218000,0.0,0.0
2022-07-22 00:00:00-04:00,11.930000305175781,11.930000305175781,11.170000076293945,11.270000457763672,305400,0.0,0.0
2022-07-25 00:00:00-04:00,11.350000381469727,11.774999618530273,10.949999809265137,11.65999984741211,588500,0.0,0.0
2022-07-26 00:00:00-04:00,11.65999984741211,12.729999542236328,11.585000038146973,12.600000381469727,812500,0.0,0.0
2022-07-27 00:00:00-04:00,12.670000076293945,14.390000343322754,12.510000228881836,13.890000343322754,1170700,0.0,0.0
2022-07-28 00:00:00-04:00,13.960000038146973,15.25,13.65999984741211,15.210000038146973,1659500,0.0,0.0
2022-07-29 00:00:00-04:00,15.3100004196167,16.170000076293945,15.069999694824219,16.049999237060547,1561000,0.0,0.0
2022-08-01 00:00:00-04:00,15.010000228881836,15.600000381469727,14.079999923706055,14.84000015258789,3241600,0.0,0.0
2022-08-02 00:00:00-04:00,14.65999984741211,15.880000114440918,14.34000015258789,15.25,1215700,0.0,0.0
2022-08-03 00:00:00-04:00,15.510000228881836,16.200000762939453,15.510000228881836,16.0,1695700,0.0,0.0
2022-08-04 00:00:00-04:00,16.0,17.31999969482422,15.75,16.290000915527344,1466500,0.0,0.0
2022-08-05 00:00:00-04:00,16.020000457763672,16.34000015258789,15.899999618530273,16.010000228881836,899300,0.0,0.0
2022-08-08 00:00:00-04:00,16.049999237060547,16.100000381469727,15.630000114440918,15.789999961853027,1179600,0.0,0.0
2022-08-09 00:00:00-04:00,15.654999732971191,15.779999732971191,14.989999771118164,15.649999618530273,1035700,0.0,0.0
2022-08-10 00:00:00-04:00,15.899999618530273,16.299999237060547,15.430000305175781,16.15999984741211,2236100,0.0,0.0
2022-08-11 00:00:00-04:00,16.280000686645508,16.309999465942383,14.609999656677246,14.84000015258789,2779900,0.0,0.0
2022-08-12 00:00:00-04:00,14.819999694824219,15.470000267028809,14.770999908447266,15.460000038146973,1022800,0.0,0.0
2022-08-15 00:00:00-04:00,15.40999984741211,15.449999809265137,14.84000015258789,14.920000076293945,863600,0.0,0.0
2022-08-16 00:00:00-04:00,14.779999732971191,15.085000038146973,14.300000190734863,14.890000343322754,1429900,0.0,0.0
2022-08-17 00:00:00-04:00,14.8100004196167,15.319999694824219,14.520000457763672,15.300000190734863,1185100,0.0,0.0
2022-08-18 00:00:00-04:00,15.300000190734863,15.65999984741211,14.920000076293945,15.65999984741211,1682400,0.0,0.0
2022-08-19 00:00:00-04:00,15.449999809265137,15.574999809265137,14.4399995803833,14.600000381469727,1623800,0.0,0.0
2022-08-22 00:00:00-04:00,14.390000343322754,14.899999618530273,13.8100004196167,14.84000015258789,1261700,0.0,0.0
2022-08-23 00:00:00-04:00,14.8100004196167,14.970000267028809,14.34000015258789,14.5,1242100,0.0,0.0
2022-08-24 00:00:00-04:00,14.479999542236328,14.960000038146973,14.289999961853027,14.859999656677246,1257200,0.0,0.0
2022-08-25 00:00:00-04:00,14.869999885559082,15.399999618530273,14.680000305175781,15.399999618530273,2078900,0.0,0.0
2022-08-26 00:00:00-04:00,15.399999618530273,15.479999542236328,13.380000114440918,13.850000381469727,3215300,0.0,0.0
2022-08-29 00:00:00-04:00,13.510000228881836,14.270000457763672,13.510000228881836,14.0600004196167,1046900,0.0,0.0
2022-08-30 00:00:00-04:00,14.25,14.25,13.84000015258789,14.180000305175781,1593800,0.0,0.0
2022-08-31 00:00:00-04:00,14.1899995803833,14.279999732971191,13.729999542236328,13.789999961853027,1703700,0.0,0.0
2022-09-01 00:00:00-04:00,13.869999885559082,14.289999961853027,12.609999656677246,12.979999542236328,2119700,0.0,0.0
2022-09-02 00:00:00-04:00,13.109999656677246,13.15999984741211,12.680000305175781,12.899999618530273,1413900,0.0,0.0
2022-09-06 00:00:00-04:00,12.899999618530273,13.680000305175781,12.755000114440918,12.960000038146973,2122400,0.0,0.0
2022-09-07 00:00:00-04:00,12.90999984741211,13.079999923706055,12.680000305175781,12.8100004196167,2655400,0.0,0.0
2022-09-08 00:00:00-04:00,12.789999961853027,13.050000190734863,12.619999885559082,12.760000228881836,1353600,0.0,0.0
2022-09-09 00:00:00-04:00,12.960000038146973,12.960000038146973,12.479999542236328,12.640000343322754,1931300,0.0,0.0
2022-09-12 00:00:00-04:00,12.899999618530273,13.095000267028809,12.619999885559082,12.869999885559082,2398200,0.0,0.0
2022-09-13 00:00:00-04:00,12.520000457763672,13.90999984741211,12.505000114440918,13.029999732971191,3830100,0.0,0.0
2022-09-14 00:00:00-04:00,13.149999618530273,13.539999961853027,12.8100004196167,12.960000038146973,3126200,0.0,0.0
2022-09-15 00:00:00-04:00,12.880000114440918,13.038000106811523,12.029999732971191,12.140000343322754,2935200,0.0,0.0
2022-09-16 00:00:00-04:00,11.920000076293945,12.0,11.420000076293945,11.739999771118164,15911500,0.0,0.0
2022-09-19 00:00:00-04:00,11.579999923706055,11.989999771118164,11.37399959564209,11.84000015258789,1934200,0.0,0.0
2022-09-20 00:00:00-04:00,11.640000343322754,11.975000381469727,11.550000190734863,11.890000343322754,1898900,0.0,0.0
2022-09-21 00:00:00-04:00,11.899999618530273,12.25,11.630000114440918,11.84000015258789,1033400,0.0,0.0
2022-09-22 00:00:00-04:00,11.710000038146973,11.710000038146973,11.300000190734863,11.470000267028809,1133300,0.0,0.0
2022-09-23 00:00:00-04:00,11.300000190734863,11.75,11.199999809265137,11.649999618530273,1064300,0.0,0.0
2022-09-26 00:00:00-04:00,11.539999961853027,11.920000076293945,11.404999732971191,11.609999656677246,911400,0.0,0.0
2022-09-27 00:00:00-04:00,11.699999809265137,11.989999771118164,11.319999694824219,11.579999923706055,1224100,0.0,0.0
2022-09-28 00:00:00-04:00,11.579999923706055,12.180000305175781,11.5,12.029999732971191,1133800,0.0,0.0
2022-09-29 00:00:00-04:00,11.859999656677246,12.0,11.520000457763672,11.6899995803833,702800,0.0,0.0
2022-09-30 00:00:00-04:00,11.630000114440918,11.6899995803833,10.979999542236328,11.0,1603200,0.0,0.0
2022-10-03 00:00:00-04:00,11.079999923706055,11.489999771118164,11.0,11.3100004196167,1433500,0.0,0.0
2022-10-04 00:00:00-04:00,11.59000015258789,11.979999542236328,11.569999694824219,11.680000305175781,2000600,0.0,0.0
2022-10-05 00:00:00-04:00,11.34000015258789,11.619999885559082,10.920000076293945,11.609999656677246,1658500,0.0,0.0
2022-10-06 00:00:00-04:00,11.59000015258789,11.970000267028809,11.5,11.569999694824219,1125500,0.0,0.0
2022-10-07 00:00:00-04:00,11.270000457763672,11.350000381469727,10.850000381469727,10.989999771118164,1001600,0.0,0.0
2022-10-10 00:00:00-04:00,10.90999984741211,10.90999984741211,10.244999885559082,10.34000015258789,958200,0.0,0.0
2022-10-11 00:00:00-04:00,10.25,10.279999732971191,9.789999961853027,9.880000114440918,1004300,0.0,0.0
2022-10-12 00:00:00-04:00,9.850000381469727,10.399999618530273,9.350000381469727,10.390000343322754,816300,0.0,0.0
2022-10-13 00:00:00-04:00,10.079999923706055,11.229999542236328,10.079999923706055,11.100000381469727,1523700,0.0,0.0
2022-10-14 00:00:00-04:00,11.300000190734863,11.449999809265137,10.59000015258789,10.640000343322754,1038000,0.0,0.0
2022-10-17 00:00:00-04:00,10.899999618530273,11.130000114440918,10.739999771118164,10.920000076293945,640100,0.0,0.0
2022-10-18 00:00:00-04:00,11.0,11.375,10.885000228881836,11.170000076293945,883100,0.0,0.0
2022-10-19 00:00:00-04:00,11.010000228881836,11.079999923706055,10.789999961853027,11.010000228881836,1048900,0.0,0.0
2022-10-20 00:00:00-04:00,11.079999923706055,11.609999656677246,11.005000114440918,11.380000114440918,896500,0.0,0.0
2022-10-21 00:00:00-04:00,11.449999809265137,11.630000114440918,11.149999618530273,11.609999656677246,884200,0.0,0.0
2022-10-24 00:00:00-04:00,11.6899995803833,11.75,11.210000038146973,11.710000038146973,645800,0.0,0.0
2022-10-25 00:00:00-04:00,11.819999694824219,13.045000076293945,11.819999694824219,12.9399995803833,1484200,0.0,0.0
2022-10-26 00:00:00-04:00,12.880000114440918,13.40999984741211,12.854999542236328,13.15999984741211,1090600,0.0,0.0
2022-10-27 00:00:00-04:00,13.359999656677246,13.630000114440918,13.079999923706055,13.380000114440918,1080400,0.0,0.0
2022-10-28 00:00:00-04:00,13.369999885559082,13.819999694824219,13.350000381469727,13.720000267028809,1070900,0.0,0.0
2022-10-31 00:00:00-04:00,13.539999961853027,13.84000015258789,13.510000228881836,13.739999771118164,786900,0.0,0.0
2022-11-01 00:00:00-04:00,13.880000114440918,14.1899995803833,13.8100004196167,13.90999984741211,788200,0.0,0.0
2022-11-02 00:00:00-04:00,13.890000343322754,14.100000381469727,13.350000381469727,13.40999984741211,837200,0.0,0.0
2022-11-03 00:00:00-04:00,13.170000076293945,13.970000267028809,13.130000114440918,13.920000076293945,636400,0.0,0.0
2022-11-04 00:00:00-04:00,14.100000381469727,14.329999923706055,13.720000267028809,14.1899995803833,1013600,0.0,0.0
2022-11-07 00:00:00-05:00,14.25,14.25,13.140000343322754,13.569999694824219,1017500,0.0,0.0
2022-11-08 00:00:00-05:00,13.729999542236328,13.979999542236328,12.970000267028809,13.890000343322754,647800,0.0,0.0
2022-11-09 00:00:00-05:00,13.729999542236328,13.739999771118164,13.279999732971191,13.4399995803833,478100,0.0,0.0
2022-11-10 00:00:00-05:00,14.100000381469727,14.390000343322754,13.609999656677246,14.359999656677246,992500,0.0,0.0
2022-11-11 00:00:00-05:00,14.399999618530273,14.960000038146973,14.34000015258789,14.90999984741211,1049600,0.0,0.0
2022-11-14 00:00:00-05:00,14.789999961853027,14.9399995803833,14.3100004196167,14.680000305175781,1083200,0.0,0.0
2022-11-15 00:00:00-05:00,15.029999732971191,15.40999984741211,14.760000228881836,15.359999656677246,1237200,0.0,0.0
2022-11-16 00:00:00-05:00,15.220000267028809,15.359999656677246,14.324999809265137,14.40999984741211,785500,0.0,0.0
2022-11-17 00:00:00-05:00,14.050000190734863,14.5,13.914999961853027,13.989999771118164,1262900,0.0,0.0
2022-11-18 00:00:00-05:00,14.279999732971191,14.864999771118164,14.0600004196167,14.4399995803833,775800,0.0,0.0
2022-11-21 00:00:00-05:00,14.40999984741211,14.40999984741211,13.78499984741211,14.109999656677246,664900,0.0,0.0
2022-11-22 00:00:00-05:00,14.239999771118164,14.630000114440918,14.079999923706055,14.479999542236328,948600,0.0,0.0
2022-11-23 00:00:00-05:00,14.520000457763672,14.75,14.40999984741211,14.479999542236328,346300,0.0,0.0
2022-11-25 00:00:00-05:00,14.460000038146973,14.65999984741211,14.300000190734863,14.399999618530273,151000,0.0,0.0
2022-11-28 00:00:00-05:00,14.229999542236328,14.350000381469727,13.75,14.130000114440918,811500,0.0,0.0
2022-11-29 00:00:00-05:00,14.029999732971191,14.170000076293945,13.734999656677246,13.890000343322754,856500,0.0,0.0
2022-11-30 00:00:00-05:00,13.9399995803833,14.180000305175781,13.029999732971191,13.930000305175781,2329500,0.0,0.0
2022-12-01 00:00:00-05:00,14.199999809265137,15.180000305175781,13.649999618530273,14.5,1219200,0.0,0.0
2022-12-02 00:00:00-05:00,14.09000015258789,15.020000457763672,13.760000228881836,14.9399995803833,1110200,0.0,0.0
2022-12-05 00:00:00-05:00,14.800000190734863,15.5,14.710000038146973,14.850000381469727,1918700,0.0,0.0
2022-12-06 00:00:00-05:00,14.949999809265137,15.130000114440918,14.550000190734863,14.6899995803833,1512500,0.0,0.0
2022-12-07 00:00:00-05:00,14.6899995803833,15.194999694824219,14.6899995803833,15.119999885559082,873300,0.0,0.0
2022-12-08 00:00:00-05:00,15.199999809265137,15.270000457763672,14.899999618530273,15.0,954900,0.0,0.0
2022-12-09 00:00:00-05:00,14.920000076293945,15.079999923706055,14.710000038146973,14.859999656677246,759700,0.0,0.0
2022-12-12 00:00:00-05:00,14.930000305175781,15.039999961853027,14.4350004196167,14.5,1318000,0.0,0.0
2022-12-13 00:00:00-05:00,14.890000343322754,15.128999710083008,14.53499984741211,14.829999923706055,1557700,0.0,0.0
2022-12-14 00:00:00-05:00,14.789999961853027,15.300000190734863,14.789999961853027,14.979999542236328,1530600,0.0,0.0
2022-12-15 00:00:00-05:00,14.960000038146973,14.960000038146973,13.489999771118164,14.0600004196167,1713600,0.0,0.0
2022-12-16 00:00:00-05:00,13.979999542236328,14.300000190734863,13.694999694824219,13.729999542236328,2450800,0.0,0.0
2022-12-19 00:00:00-05:00,13.710000038146973,13.8100004196167,12.961999893188477,13.220000267028809,927500,0.0,0.0
2022-12-20 00:00:00-05:00,13.079999923706055,13.399999618530273,13.079999923706055,13.319999694824219,642300,0.0,0.0
2022-12-21 00:00:00-05:00,13.489999771118164,13.529999732971191,13.149999618530273,13.329999923706055,368200,0.0,0.0
2022-12-22 00:00:00-05:00,13.199999809265137,13.319999694824219,12.779999732971191,13.279999732971191,1703700,0.0,0.0
2022-12-23 00:00:00-05:00,13.279999732971191,13.279999732971191,12.890000343322754,12.960000038146973,497900,0.0,0.0
2022-12-27 00:00:00-05:00,12.899999618530273,13.010000228881836,12.545000076293945,12.619999885559082,3048200,0.0,0.0
2022-12-28 00:00:00-05:00,12.569999694824219,12.640000343322754,12.25,12.390000343322754,455400,0.0,0.0
2022-12-29 00:00:00-05:00,12.600000381469727,13.399999618530273,12.550000190734863,13.170000076293945,599000,0.0,0.0
2022-12-30 00:00:00-05:00,12.949999809265137,13.34000015258789,12.949999809265137,13.3100004196167,752100,0.0,0.0
2023-01-03 00:00:00-05:00,13.609999656677246,13.770000457763672,12.970000267028809,13.0,642600,0.0,0.0
2023-01-04 00:00:00-05:00,13.0,13.140000343322754,12.46500015258789,12.739999771118164,1031600,0.0,0.0
2023-01-05 00:00:00-05:00,12.739999771118164,12.739999771118164,11.949999809265137,12.09000015258789,1007900,0.0,0.0
2023-01-06 00:00:00-05:00,12.220000267028809,12.770000457763672,11.920000076293945,12.670000076293945,521700,0.0,0.0
2023-01-09 00:00:00-05:00,12.779999732971191,13.545000076293945,12.779999732971191,13.220000267028809,709700,0.0,0.0
2023-01-10 00:00:00-05:00,13.239999771118164,13.529999732971191,13.199999809265137,13.390000343322754,405200,0.0,0.0
2023-01-11 00:00:00-05:00,13.4399995803833,13.550000190734863,13.104999542236328,13.40999984741211,404000,0.0,0.0
2023-01-12 00:00:00-05:00,13.539999961853027,14.130000114440918,13.3149995803833,13.9399995803833,898400,0.0,0.0
2023-01-13 00:00:00-05:00,13.859999656677246,14.920000076293945,13.829999923706055,14.739999771118164,1535300,0.0,0.0
2023-01-17 00:00:00-05:00,14.600000381469727,15.045000076293945,14.220000267028809,15.0,2550100,0.0,0.0
2023-01-18 00:00:00-05:00,15.050000190734863,15.1899995803833,14.600000381469727,14.960000038146973,1991800,0.0,0.0
2023-01-19 00:00:00-05:00,14.739999771118164,14.899999618530273,14.369999885559082,14.460000038146973,1099100,0.0,0.0
2023-01-20 00:00:00-05:00,14.720000267028809,15.024999618530273,14.520000457763672,15.0,1334300,0.0,0.0
2023-01-23 00:00:00-05:00,15.329999923706055,16.229999542236328,14.949999809265137,15.670000076293945,2596100,0.0,0.0
2023-01-24 00:00:00-05:00,15.649999618530273,17.530000686645508,15.529999732971191,17.079999923706055,3197000,0.0,0.0
2023-01-25 00:00:00-05:00,16.829999923706055,17.5,16.420000076293945,17.459999084472656,1925100,0.0,0.0
2023-01-26 00:00:00-05:00,17.649999618530273,17.649999618530273,16.709999084472656,17.489999771118164,1645400,0.0,0.0
2023-01-27 00:00:00-05:00,17.5,17.510000228881836,17.030000686645508,17.309999465942383,1744400,0.0,0.0
2023-01-30 00:00:00-05:00,16.93000030517578,17.15999984741211,16.309999465942383,16.920000076293945,2254600,0.0,0.0
2023-01-31 00:00:00-05:00,16.8799991607666,17.540000915527344,16.809999465942383,17.329999923706055,1986400,0.0,0.0
2023-02-01 00:00:00-05:00,17.31999969482422,18.170000076293945,16.690000534057617,17.940000534057617,3442600,0.0,0.0
2023-02-02 00:00:00-05:00,18.170000076293945,18.764999389648438,17.610000610351562,18.389999389648438,2652000,0.0,0.0
2023-02-03 00:00:00-05:00,17.841999053955078,18.469999313354492,17.639999389648438,18.209999084472656,1456700,0.0,0.0
2023-02-06 00:00:00-05:00,17.8799991607666,18.600000381469727,17.559999465942383,18.43000030517578,1844000,0.0,0.0
2023-02-07 00:00:00-05:00,18.399999618530273,18.775999069213867,17.700000762939453,18.729999542236328,1595100,0.0,0.0
2023-02-08 00:00:00-05:00,18.690000534057617,18.899999618530273,17.940000534057617,18.34000015258789,2493200,0.0,0.0
2023-02-09 00:00:00-05:00,18.450000762939453,18.8799991607666,18.18000030517578,18.389999389648438,1440000,0.0,0.0
2023-02-10 00:00:00-05:00,18.200000762939453,18.719999313354492,18.040000915527344,18.625,1150600,0.0,0.0
2023-02-13 00:00:00-05:00,18.75,19.375,18.594999313354492,19.299999237060547,1725800,0.0,0.0
2023-02-14 00:00:00-05:00,18.940000534057617,19.459999084472656,18.219999313354492,19.360000610351562,4135300,0.0,0.0
2023-02-15 00:00:00-05:00,10.670000076293945,11.890000343322754,10.010000228881836,10.300000190734863,24917300,0.0,0.0
2023-02-16 00:00:00-05:00,10.289999961853027,10.755000114440918,10.100000381469727,10.199999809265137,5937000,0.0,0.0
2023-02-17 00:00:00-05:00,10.15999984741211,10.229999542236328,9.630000114440918,9.649999618530273,4163000,0.0,0.0
2023-02-21 00:00:00-05:00,9.449999809265137,9.779999732971191,9.350000381469727,9.359999656677246,3698500,0.0,0.0
2023-02-22 00:00:00-05:00,9.40999984741211,9.975000381469727,9.369999885559082,9.90999984741211,2955600,0.0,0.0
2023-02-23 00:00:00-05:00,10.029999732971191,10.199999809265137,9.85200023651123,10.119999885559082,1937100,0.0,0.0
2023-02-24 00:00:00-05:00,9.899999618530273,10.529999732971191,9.8100004196167,10.510000228881836,2223900,0.0,0.0
2023-02-27 00:00:00-05:00,10.5,10.619999885559082,10.0600004196167,10.34000015258789,1999700,0.0,0.0
2023-02-28 00:00:00-05:00,10.350000381469727,10.75,10.260000228881836,10.609999656677246,1980400,0.0,0.0
2023-03-01 00:00:00-05:00,10.670000076293945,10.920000076293945,10.491999626159668,10.579999923706055,1723100,0.0,0.0
2023-03-02 00:00:00-05:00,10.170000076293945,10.628999710083008,10.020000457763672,10.260000228881836,1613900,0.0,0.0
2023-03-03 00:00:00-05:00,10.229999542236328,10.369999885559082,10.09000015258789,10.3100004196167,1291200,0.0,0.0
2023-03-06 00:00:00-05:00,10.269000053405762,10.430000305175781,10.050000190734863,10.149999618530273,1328300,0.0,0.0
2023-03-07 00:00:00-05:00,10.09000015258789,10.199999809265137,9.699999809265137,9.850000381469727,2397700,0.0,0.0
2023-03-08 00:00:00-05:00,9.880000114440918,10.204999923706055,9.779999732971191,9.970000267028809,1291900,0.0,0.0
2023-03-09 00:00:00-05:00,9.9399995803833,10.0600004196167,9.569999694824219,9.600000381469727,1544200,0.0,0.0
2023-03-10 00:00:00-05:00,9.609999656677246,9.699999809265137,8.930000305175781,9.0,2112400,0.0,0.0
2023-03-13 00:00:00-04:00,8.880000114440918,9.289999961853027,8.8100004196167,8.920000076293945,2696400,0.0,0.0
2023-03-14 00:00:00-04:00,9.039999961853027,9.270000457763672,8.420000076293945,8.5600004196167,3469500,0.0,0.0
2023-03-15 00:00:00-04:00,8.470000267028809,8.489999771118164,8.149999618530273,8.25,4300600,0.0,0.0
2023-03-16 00:00:00-04:00,8.1899995803833,8.399999618530273,8.149999618530273,8.229999542236328,2358500,0.0,0.0
2023-03-17 00:00:00-04:00,8.274999618530273,8.28499984741211,7.8420000076293945,8.170000076293945,5315900,0.0,0.0
2023-03-20 00:00:00-04:00,8.199999809265137,8.25,7.909999847412109,8.199999809265137,2381200,0.0,0.0
2023-03-21 00:00:00-04:00,8.300000190734863,8.569999694824219,8.279999732971191,8.359999656677246,1752300,0.0,0.0
2023-03-22 00:00:00-04:00,8.329999923706055,8.329999923706055,8.0,8.0,1912000,0.0,0.0
2023-03-23 00:00:00-04:00,8.109999656677246,8.470000267028809,8.050000190734863,8.220000267028809,1833500,0.0,0.0
2023-03-24 00:00:00-04:00,8.170000076293945,8.279999732971191,7.960000038146973,8.260000228881836,1905000,0.0,0.0
2023-03-27 00:00:00-04:00,8.350000381469727,9.069000244140625,8.289999961853027,8.899999618530273,2459000,0.0,0.0
2023-03-28 00:00:00-04:00,8.829999923706055,8.949999809265137,8.6899995803833,8.880000114440918,2047400,0.0,0.0
2023-03-29 00:00:00-04:00,8.979999542236328,9.154999732971191,8.78499984741211,9.069999694824219,1540400,0.0,0.0
2023-03-30 00:00:00-04:00,9.15999984741211,9.369999885559082,9.029999732971191,9.199999809265137,1095200,0.0,0.0
2023-03-31 00:00:00-04:00,9.260000228881836,9.449999809265137,9.085000038146973,9.420000076293945,1734400,0.0,0.0
2023-04-03 00:00:00-04:00,9.420000076293945,9.420000076293945,9.0600004196167,9.300000190734863,1283800,0.0,0.0
2023-04-04 00:00:00-04:00,9.329999923706055,9.329999923706055,9.029999732971191,9.079999923706055,756400,0.0,0.0
2023-04-05 00:00:00-04:00,9.0,9.149999618530273,8.869999885559082,9.039999961853027,1226500,0.0,0.0
2023-04-06 00:00:00-04:00,8.970000267028809,9.074999809265137,8.859999656677246,9.010000228881836,992400,0.0,0.0
2023-04-10 00:00:00-04:00,8.949999809265137,9.164999961853027,8.920000076293945,9.149999618530273,864200,0.0,0.0
2023-04-11 00:00:00-04:00,9.180000305175781,9.1899995803833,8.899999618530273,8.899999618530273,832400,0.0,0.0
2023-04-12 00:00:00-04:00,9.020000457763672,9.029999732971191,8.5600004196167,8.569999694824219,698600,0.0,0.0
2023-04-13 00:00:00-04:00,8.6899995803833,9.050000190734863,8.640000343322754,8.960000038146973,960200,0.0,0.0
2023-04-14 00:00:00-04:00,8.949999809265137,9.020000457763672,8.694999694824219,8.890000343322754,1054500,0.0,0.0
2023-04-17 00:00:00-04:00,8.859999656677246,9.0600004196167,8.774999618530273,9.029999732971191,674100,0.0,0.0
2023-04-18 00:00:00-04:00,9.119999885559082,9.149999618530273,8.9350004196167,9.029999732971191,1153600,0.0,0.0
2023-04-19 00:00:00-04:00,8.890000343322754,8.949999809265137,8.739999771118164,8.739999771118164,756300,0.0,0.0
2023-04-20 00:00:00-04:00,8.600000381469727,8.800000190734863,8.479999542236328,8.619999885559082,663200,0.0,0.0
2023-04-21 00:00:00-04:00,8.569999694824219,8.604999542236328,8.380000114440918,8.579999923706055,812800,0.0,0.0
2023-04-24 00:00:00-04:00,8.5600004196167,8.579999923706055,8.3100004196167,8.420000076293945,1229400,0.0,0.0
2023-04-25 00:00:00-04:00,8.329999923706055,8.329999923706055,7.71999979019165,7.71999979019165,1249500,0.0,0.0
2023-04-26 00:00:00-04:00,7.820000171661377,8.460000038146973,7.820000171661377,8.279999732971191,1591000,0.0,0.0
2023-04-27 00:00:00-04:00,8.279999732971191,8.46500015258789,7.914999961853027,8.359999656677246,1845100,0.0,0.0
2023-04-28 00:00:00-04:00,8.329999923706055,8.414999961853027,8.039999961853027,8.109999656677246,1338900,0.0,0.0
2023-05-01 00:00:00-04:00,8.119999885559082,8.265000343322754,8.039999961853027,8.140000343322754,1278300,0.0,0.0
2023-05-02 00:00:00-04:00,8.130000114440918,8.156000137329102,7.730000019073486,7.75,1376800,0.0,0.0
2023-05-03 00:00:00-04:00,7.769999980926514,7.809999942779541,7.445000171661377,7.480000019073486,1619600,0.0,0.0
2023-05-04 00:00:00-04:00,7.449999809265137,7.449999809265137,7.195000171661377,7.349999904632568,1662500,0.0,0.0
2023-05-05 00:00:00-04:00,7.489999771118164,7.699999809265137,7.460000038146973,7.630000114440918,1118500,0.0,0.0
2023-05-08 00:00:00-04:00,7.699999809265137,7.699999809265137,7.440000057220459,7.579999923706055,1011800,0.0,0.0
2023-05-09 00:00:00-04:00,7.480000019073486,7.630000114440918,7.440000057220459,7.579999923706055,1194400,0.0,0.0
2023-05-10 00:00:00-04:00,7.739999771118164,7.934999942779541,7.65500020980835,7.880000114440918,706100,0.0,0.0
2023-05-11 00:00:00-04:00,7.820000171661377,7.985000133514404,7.690000057220459,7.940000057220459,670700,0.0,0.0
2023-05-12 00:00:00-04:00,7.949999809265137,8.0600004196167,7.815000057220459,7.909999847412109,537400,0.0,0.0
2023-05-15 00:00:00-04:00,7.989999771118164,8.640000343322754,7.960000038146973,8.609999656677246,1463100,0.0,0.0
2023-05-16 00:00:00-04:00,8.550000190734863,9.074999809265137,8.550000190734863,8.9399995803833,1487200,0.0,0.0
2023-05-17 00:00:00-04:00,9.020000457763672,10.005000114440918,8.960000038146973,9.859999656677246,2522400,0.0,0.0
2023-05-18 00:00:00-04:00,9.859999656677246,10.364999771118164,9.84000015258789,10.1899995803833,2104400,0.0,0.0
2023-05-19 00:00:00-04:00,10.210000038146973,10.279999732971191,10.0,10.199999809265137,1674600,0.0,0.0
2023-05-22 00:00:00-04:00,10.140000343322754,10.880000114440918,10.118000030517578,10.770000457763672,2390800,0.0,0.0
2023-05-23 00:00:00-04:00,10.720000267028809,11.09000015258789,10.720000267028809,11.029999732971191,1743000,0.0,0.0
2023-05-24 00:00:00-04:00,10.829999923706055,10.949999809265137,10.649999618530273,10.930000305175781,1471800,0.0,0.0
2023-05-25 00:00:00-04:00,12.020000457763672,12.869999885559082,11.140000343322754,11.979999542236328,3979900,0.0,0.0
2023-05-26 00:00:00-04:00,12.079999923706055,13.899999618530273,12.069999694824219,13.720000267028809,3995700,0.0,0.0
2023-05-30 00:00:00-04:00,14.925000190734863,15.100000381469727,13.180000305175781,13.680000305175781,5350100,0.0,0.0
2023-05-31 00:00:00-04:00,13.420000076293945,13.75,13.0600004196167,13.420000076293945,6117800,0.0,0.0
2023-06-01 00:00:00-04:00,14.380000114440918,17.145000457763672,13.729999542236328,16.540000915527344,9343100,0.0,0.0
2023-06-02 00:00:00-04:00,16.719999313354492,17.059999465942383,15.739999771118164,16.459999084472656,4105200,0.0,0.0
2023-06-05 00:00:00-04:00,16.34000015258789,16.520000457763672,14.930000305175781,15.979999542236328,3409800,0.0,0.0
2023-06-06 00:00:00-04:00,15.869999885559082,16.170000076293945,15.529999732971191,15.760000228881836,2209200,0.0,0.0
2023-06-07 00:00:00-04:00,15.920000076293945,16.649999618530273,15.729999542236328,16.09000015258789,2956500,0.0,0.0
2023-06-08 00:00:00-04:00,16.110000610351562,16.209999084472656,15.390000343322754,16.059999465942383,2502200,0.0,0.0
2023-06-09 00:00:00-04:00,16.290000915527344,16.8700008392334,15.9399995803833,16.479999542236328,2565000,0.0,0.0
2023-06-12 00:00:00-04:00,16.520000457763672,17.420000076293945,16.270000457763672,17.06999969482422,2831600,0.0,0.0
2023-06-13 00:00:00-04:00,17.360000610351562,17.844999313354492,17.350000381469727,17.5,4445200,0.0,0.0
2023-06-14 00:00:00-04:00,17.350000381469727,17.760000228881836,17.040000915527344,17.700000762939453,2879300,0.0,0.0
2023-06-15 00:00:00-04:00,17.510000228881836,17.889999389648438,17.332000732421875,17.719999313354492,2301800,0.0,0.0
2023-06-16 00:00:00-04:00,18.0,18.239999771118164,17.68000030517578,18.030000686645508,5134500,0.0,0.0
2023-06-20 00:00:00-04:00,18.030000686645508,19.06999969482422,18.030000686645508,18.520000457763672,3525400,0.0,0.0
2023-06-21 00:00:00-04:00,18.34000015258789,18.610000610351562,17.600000381469727,17.84000015258789,2731000,0.0,0.0
2023-06-22 00:00:00-04:00,17.84000015258789,18.34000015258789,17.56999969482422,18.010000228881836,1708600,0.0,0.0
2023-06-23 00:00:00-04:00,17.600000381469727,17.635000228881836,17.15999984741211,17.440000534057617,2744100,0.0,0.0
2023-06-26 00:00:00-04:00,17.540000915527344,17.940000534057617,17.0,17.139999389648438,1851700,0.0,0.0
2023-06-27 00:00:00-04:00,17.25,17.8799991607666,16.860000610351562,17.860000610351562,1849900,0.0,0.0
2023-06-28 00:00:00-04:00,17.459999084472656,18.049999237060547,17.290000915527344,17.600000381469727,1942500,0.0,0.0
2023-06-29 00:00:00-04:00,17.6299991607666,17.8700008392334,17.389999389648438,17.549999237060547,1572400,0.0,0.0
2023-06-30 00:00:00-04:00,17.850000381469727,17.979999542236328,17.34000015258789,17.34000015258789,1198500,0.0,0.0
2023-07-03 00:00:00-04:00,17.139999389648438,17.389999389648438,16.674999237060547,16.90999984741211,1222800,0.0,0.0
2023-07-05 00:00:00-04:00,16.81999969482422,17.139999389648438,16.395000457763672,16.440000534057617,3247900,0.0,0.0
2023-07-06 00:00:00-04:00,16.079999923706055,16.350000381469727,15.760000228881836,16.06999969482422,2293200,0.0,0.0
2023-07-07 00:00:00-04:00,16.1200008392334,16.594999313354492,16.0,16.399999618530273,1742900,0.0,0.0
2023-07-10 00:00:00-04:00,16.399999618530273,16.735000610351562,16.264999389648438,16.450000762939453,1222800,0.0,0.0
2023-07-11 00:00:00-04:00,16.280000686645508,16.709999084472656,16.264999389648438,16.700000762939453,1423300,0.0,0.0
2023-07-12 00:00:00-04:00,17.100000381469727,17.229999542236328,16.735000610351562,16.8799991607666,1490800,0.0,0.0
2023-07-13 00:00:00-04:00,17.0,17.665000915527344,17.0,17.149999618530273,2491200,0.0,0.0
2023-07-14 00:00:00-04:00,17.110000610351562,17.270000457763672,16.600000381469727,16.899999618530273,2131900,0.0,0.0
2023-07-17 00:00:00-04:00,16.899999618530273,17.309999465942383,16.684999465942383,16.790000915527344,1735100,0.0,0.0
2023-07-18 00:00:00-04:00,16.790000915527344,16.809999465942383,15.604999542236328,16.360000610351562,1829500,0.0,0.0
2023-07-19 00:00:00-04:00,16.450000762939453,16.450000762939453,15.975000381469727,16.100000381469727,2212400,0.0,0.0
2023-07-20 00:00:00-04:00,16.040000915527344,16.040000915527344,15.4350004196167,15.760000228881836,1534500,0.0,0.0
2023-07-21 00:00:00-04:00,16.010000228881836,16.68000030517578,15.770000457763672,16.31999969482422,2747200,0.0,0.0
2023-07-24 00:00:00-04:00,16.209999084472656,16.40999984741211,15.96500015258789,16.3700008392334,1707800,0.0,0.0
2023-07-25 00:00:00-04:00,16.520000457763672,17.03499984741211,16.34000015258789,16.799999237060547,1244500,0.0,0.0
2023-07-26 00:00:00-04:00,16.760000228881836,17.270000457763672,16.420000076293945,16.719999313354492,1682500,0.0,0.0
2023-07-27 00:00:00-04:00,17.110000610351562,17.649999618530273,16.760000228881836,16.969999313354492,2116000,0.0,0.0
2023-07-28 00:00:00-04:00,17.1299991607666,17.280000686645508,16.8799991607666,16.899999618530273,1108200,0.0,0.0
2023-07-31 00:00:00-04:00,16.899999618530273,17.059999465942383,16.68000030517578,16.969999313354492,1190900,0.0,0.0
2023-08-01 00:00:00-04:00,16.90999984741211,17.014999389648438,16.55500030517578,16.81999969482422,1256200,0.0,0.0
2023-08-02 00:00:00-04:00,16.549999237060547,16.549999237060547,15.670000076293945,15.859999656677246,1243600,0.0,0.0
2023-08-03 00:00:00-04:00,15.699999809265137,16.100000381469727,15.60200023651123,16.020000457763672,1403600,0.0,0.0
2023-08-04 00:00:00-04:00,16.059999465942383,16.68000030517578,15.899999618530273,16.450000762939453,1285300,0.0,0.0
2023-08-07 00:00:00-04:00,16.260000228881836,16.600000381469727,15.845000267028809,16.40999984741211,2239900,0.0,0.0
2023-08-08 00:00:00-04:00,16.0,16.0,15.0,15.449999809265137,2445200,0.0,0.0
2023-08-09 00:00:00-04:00,15.4399995803833,15.449999809265137,14.6899995803833,14.75,2863000,0.0,0.0
2023-08-10 00:00:00-04:00,14.8100004196167,15.039999961853027,14.444999694824219,14.539999961853027,3015500,0.0,0.0
2023-08-11 00:00:00-04:00,14.40999984741211,14.630000114440918,14.0,14.329999923706055,7706600,0.0,0.0
2023-08-14 00:00:00-04:00,14.329999923706055,14.869999885559082,14.210000038146973,14.850000381469727,1616000,0.0,0.0
2023-08-15 00:00:00-04:00,14.729999542236328,15.03499984741211,14.46500015258789,14.880000114440918,1605800,0.0,0.0
2023-08-16 00:00:00-04:00,14.880000114440918,14.890000343322754,14.145000457763672,14.319999694824219,2053900,0.0,0.0
2023-08-17 00:00:00-04:00,14.359999656677246,14.359999656677246,13.795000076293945,13.890000343322754,1410700,0.0,0.0
2023-08-18 00:00:00-04:00,13.5600004196167,14.100000381469727,13.529999732971191,14.020000457763672,1489700,0.0,0.0
2023-08-21 00:00:00-04:00,14.039999961853027,14.90999984741211,13.9399995803833,14.850000381469727,1816800,0.0,0.0
2023-08-22 00:00:00-04:00,15.109999656677246,15.510000228881836,14.791999816894531,14.880000114440918,1789400,0.0,0.0
2023-08-23 00:00:00-04:00,14.890000343322754,16.24799919128418,14.670000076293945,16.06999969482422,2357900,0.0,0.0
2023-08-24 00:00:00-04:00,16.290000915527344,16.34000015258789,14.835000038146973,14.880000114440918,3906300,0.0,0.0
2023-08-25 00:00:00-04:00,14.600000381469727,16.030000686645508,13.90999984741211,15.649999618530273,4621900,0.0,0.0
2023-08-28 00:00:00-04:00,15.869999885559082,16.155000686645508,15.449999809265137,15.510000228881836,2613300,0.0,0.0
2023-08-29 00:00:00-04:00,15.479999542236328,16.19499969482422,15.470000267028809,15.829999923706055,1892900,0.0,0.0
2023-08-30 00:00:00-04:00,15.789999961853027,16.299999237060547,15.59000015258789,16.219999313354492,1598000,0.0,0.0
2023-08-31 00:00:00-04:00,16.219999313354492,16.600000381469727,16.219999313354492,16.459999084472656,2168700,0.0,0.0
2023-09-01 00:00:00-04:00,16.549999237060547,16.889999389648438,16.440000534057617,16.809999465942383,1558100,0.0,0.0
2023-09-05 00:00:00-04:00,16.770000457763672,17.099000930786133,16.6299991607666,17.049999237060547,1665900,0.0,0.0
2023-09-06 00:00:00-04:00,17.049999237060547,17.18000030517578,16.739999771118164,17.020000457763672,1331500,0.0,0.0
2023-09-07 00:00:00-04:00,16.5,16.6299991607666,16.15999984741211,16.59000015258789,1062300,0.0,0.0
2023-09-08 00:00:00-04:00,16.540000915527344,16.639999389648438,15.8100004196167,15.84000015258789,1177800,0.0,0.0
2023-09-11 00:00:00-04:00,16.020000457763672,16.100000381469727,15.140000343322754,15.630000114440918,1532400,0.0,0.0
2023-09-12 00:00:00-04:00,15.569999694824219,16.139999389648438,15.460000038146973,15.649999618530273,1008400,0.0,0.0
2023-09-13 00:00:00-04:00,15.579999923706055,15.600000381469727,14.885000228881836,15.069999694824219,1609200,0.0,0.0
2023-09-14 00:00:00-04:00,15.170000076293945,15.40999984741211,15.09000015258789,15.359999656677246,1428600,0.0,0.0
2023-09-15 00:00:00-04:00,15.3100004196167,15.369999885559082,14.630000114440918,14.960000038146973,3354600,0.0,0.0
2023-09-18 00:00:00-04:00,14.770000457763672,15.210000038146973,14.699999809265137,15.029999732971191,1728900,0.0,0.0
2023-09-19 00:00:00-04:00,15.010000228881836,15.170000076293945,14.8100004196167,15.130000114440918,1342400,0.0,0.0
2023-09-20 00:00:00-04:00,15.25,15.279999732971191,14.770000457763672,14.789999961853027,1058300,0.0,0.0
2023-09-21 00:00:00-04:00,14.510000228881836,14.729999542236328,14.399999618530273,14.479999542236328,1122900,0.0,0.0
2023-09-22 00:00:00-04:00,14.630000114440918,15.020000457763672,14.494999885559082,14.869999885559082,812100,0.0,0.0
2023-09-25 00:00:00-04:00,14.800000190734863,15.010000228881836,14.699999809265137,14.880000114440918,945200,0.0,0.0
2023-09-26 00:00:00-04:00,14.739999771118164,14.75,14.5600004196167,14.649999618530273,685400,0.0,0.0
2023-09-27 00:00:00-04:00,14.800000190734863,15.140000343322754,14.760000228881836,15.100000381469727,1033300,0.0,0.0
2023-09-28 00:00:00-04:00,15.0,15.260000228881836,14.84000015258789,15.020000457763672,1481700,0.0,0.0
2023-09-29 00:00:00-04:00,15.199999809265137,15.305000305175781,15.109999656677246,15.25,970300,0.0,0.0
2023-10-02 00:00:00-04:00,15.395000457763672,16.28499984741211,15.270000457763672,15.9399995803833,2273300,0.0,0.0
2023-10-03 00:00:00-04:00,15.6899995803833,15.890000343322754,15.4399995803833,15.600000381469727,1201100,0.0,0.0
2023-10-04 00:00:00-04:00,15.649999618530273,16.1299991607666,15.505000114440918,16.040000915527344,1777300,0.0,0.0
2023-10-05 00:00:00-04:00,15.979999542236328,16.514999389648438,15.84000015258789,16.459999084472656,1440000,0.0,0.0
2023-10-06 00:00:00-04:00,16.350000381469727,17.360000610351562,16.350000381469727,17.25,2805700,0.0,0.0
2023-10-09 00:00:00-04:00,17.079999923706055,17.170000076293945,16.235000610351562,16.639999389648438,1562100,0.0,0.0
2023-10-10 00:00:00-04:00,16.75,16.8799991607666,15.880000114440918,16.190000534057617,1443700,0.0,0.0
2023-10-11 00:00:00-04:00,16.239999771118164,16.3799991607666,15.770000457763672,16.09000015258789,1114500,0.0,0.0
2023-10-12 00:00:00-04:00,16.18000030517578,16.18000030517578,15.09000015258789,15.520000457763672,1137000,0.0,0.0
2023-10-13 00:00:00-04:00,15.550000190734863,15.864999771118164,15.319999694824219,15.5600004196167,1231000,0.0,0.0
2023-10-16 00:00:00-04:00,15.539999961853027,15.90999984741211,15.40999984741211,15.720000267028809,899600,0.0,0.0
2023-10-17 00:00:00-04:00,15.399999618530273,15.835000038146973,14.930000305175781,15.319999694824219,1104300,0.0,0.0
2023-10-18 00:00:00-04:00,15.109999656677246,15.177000045776367,14.470000267028809,14.65999984741211,1297200,0.0,0.0
2023-10-19 00:00:00-04:00,14.739999771118164,15.100000381469727,14.569999694824219,14.609999656677246,965700,0.0,0.0
2023-10-20 00:00:00-04:00,14.579999923706055,14.600000381469727,14.109999656677246,14.289999961853027,1062900,0.0,0.0
2023-10-23 00:00:00-04:00,14.199999809265137,14.710000038146973,13.90999984741211,14.550000190734863,1177600,0.0,0.0
2023-10-24 00:00:00-04:00,14.680000305175781,14.770000457763672,13.734999656677246,14.555000305175781,1536200,0.0,0.0
2023-10-25 00:00:00-04:00,14.9399995803833,14.960000038146973,13.970000267028809,14.229999542236328,1498000,0.0,0.0
2023-10-26 00:00:00-04:00,14.1899995803833,14.4399995803833,13.649999618530273,13.710000038146973,1241500,0.0,0.0
2023-10-27 00:00:00-04:00,13.859999656677246,14.069999694824219,13.619999885559082,13.90999984741211,1058300,0.0,0.0
2023-10-30 00:00:00-04:00,14.0,14.0,13.380000114440918,13.600000381469727,1082300,0.0,0.0
2023-10-31 00:00:00-04:00,13.569999694824219,14.239999771118164,13.529999732971191,14.220000267028809,1106000,0.0,0.0
2023-11-01 00:00:00-04:00,14.239999771118164,14.805000305175781,14.239999771118164,14.520000457763672,2215400,0.0,0.0
2023-11-02 00:00:00-04:00,15.010000228881836,15.09000015258789,14.010000228881836,14.329999923706055,1697800,0.0,0.0
2023-11-03 00:00:00-04:00,14.479999542236328,15.079999923706055,14.359999656677246,14.850000381469727,1536400,0.0,0.0
2023-11-06 00:00:00-05:00,14.84000015258789,15.010000228881836,14.5600004196167,14.8100004196167,1100800,0.0,0.0
2023-11-07 00:00:00-05:00,14.819999694824219,15.350000381469727,14.729999542236328,15.300000190734863,990200,0.0,0.0
2023-11-08 00:00:00-05:00,15.3100004196167,15.385000228881836,14.9399995803833,15.140000343322754,932100,0.0,0.0
2023-11-09 00:00:00-05:00,15.25,15.460000038146973,14.984999656677246,15.050000190734863,818500,0.0,0.0
2023-11-10 00:00:00-05:00,15.180000305175781,16.235000610351562,15.140000343322754,16.049999237060547,1806100,0.0,0.0
2023-11-13 00:00:00-05:00,15.899999618530273,16.584999084472656,15.539999961853027,16.350000381469727,1557800,0.0,0.0
2023-11-14 00:00:00-05:00,16.709999084472656,17.280000686645508,16.325000762939453,17.200000762939453,1839300,0.0,0.0
2023-11-15 00:00:00-05:00,17.31999969482422,17.5,16.979999542236328,17.40999984741211,1433400,0.0,0.0
2023-11-16 00:00:00-05:00,17.31999969482422,17.889999389648438,17.040000915527344,17.690000534057617,1832800,0.0,0.0
2023-11-17 00:00:00-05:00,17.68000030517578,17.790000915527344,17.170000076293945,17.56999969482422,1295000,0.0,0.0
2023-11-20 00:00:00-05:00,17.700000762939453,18.280000686645508,17.649999618530273,18.190000534057617,2148000,0.0,0.0
2023-11-21 00:00:00-05:00,17.93000030517578,18.25,17.854999542236328,18.06999969482422,1281900,0.0,0.0
2023-11-22 00:00:00-05:00,18.299999237060547,18.8799991607666,18.030000686645508,18.790000915527344,2174600,0.0,0.0
2023-11-24 00:00:00-05:00,18.709999084472656,18.969999313354492,18.582000732421875,18.84000015258789,785900,0.0,0.0
2023-11-27 00:00:00-05:00,18.899999618530273,19.360000610351562,18.65999984741211,19.329999923706055,4061300,0.0,0.0
2023-11-28 00:00:00-05:00,19.219999313354492,19.290000915527344,18.174999237060547,18.530000686645508,2601000,0.0,0.0
2023-11-29 00:00:00-05:00,18.940000534057617,19.420000076293945,18.799999237060547,19.25,3167400,0.0,0.0
2023-11-30 00:00:00-05:00,18.459999084472656,19.280000686645508,17.450000762939453,17.90999984741211,5141400,0.0,0.0
2023-12-01 00:00:00-05:00,17.959999084472656,19.2549991607666,17.59000015258789,19.06999969482422,3643200,0.0,0.0
2023-12-04 00:00:00-05:00,18.770000457763672,19.299999237060547,17.81999969482422,19.190000534057617,2849900,0.0,0.0
2023-12-05 00:00:00-05:00,18.93000030517578,18.959999084472656,17.3799991607666,18.700000762939453,1567400,0.0,0.0
2023-12-06 00:00:00-05:00,18.350000381469727,18.579999923706055,17.440000534057617,17.639999389648438,8413700,0.0,0.0
2023-12-07 00:00:00-05:00,17.790000915527344,17.8700008392334,17.350000381469727,17.829999923706055,2236800,0.0,0.0
2023-12-08 00:00:00-05:00,17.770000457763672,18.3799991607666,17.700000762939453,18.209999084472656,1885100,0.0,0.0
2023-12-11 00:00:00-05:00,18.239999771118164,18.270000457763672,17.799999237060547,18.260000228881836,2404100,0.0,0.0
2023-12-12 00:00:00-05:00,18.260000228881836,18.59000015258789,18.030000686645508,18.59000015258789,2200300,0.0,0.0
2023-12-13 00:00:00-05:00,18.3700008392334,18.93000030517578,18.31999969482422,18.56999969482422,2448300,0.0,0.0
2023-12-14 00:00:00-05:00,18.729999542236328,19.174999237060547,18.684999465942383,19.110000610351562,2453700,0.0,0.0
2023-12-15 00:00:00-05:00,19.299999237060547,19.604999542236328,18.989999771118164,19.399999618530273,4729200,0.0,0.0
2023-12-18 00:00:00-05:00,19.389999389648438,19.5,18.875,19.280000686645508,2062700,0.0,0.0
2023-12-19 00:00:00-05:00,19.5,19.559999465942383,19.084999084472656,19.399999618530273,1697500,0.0,0.0
2023-12-20 00:00:00-05:00,19.239999771118164,19.9950008392334,18.94499969482422,18.989999771118164,2322100,0.0,0.0
2023-12-21 00:00:00-05:00,19.3799991607666,19.575000762939453,18.979999542236328,19.510000228881836,1249500,0.0,0.0
2023-12-22 00:00:00-05:00,19.600000381469727,19.899999618530273,19.299999237060547,19.809999465942383,2073300,0.0,0.0
2023-12-26 00:00:00-05:00,19.8799991607666,19.979999542236328,19.760000228881836,19.829999923706055,1233600,0.0,0.0
2023-12-27 00:00:00-05:00,19.780000686645508,19.959999084472656,19.69499969482422,19.84000015258789,799000,0.0,0.0
2023-12-28 00:00:00-05:00,19.850000381469727,20.770000457763672,19.799999237060547,19.8799991607666,2136500,0.0,0.0
2023-12-29 00:00:00-05:00,19.8700008392334,19.8700008392334,19.350000381469727,19.469999313354492,1532700,0.0,0.0
2024-01-02 00:00:00-05:00,19.030000686645508,19.030000686645508,18.18000030517578,18.3799991607666,1888700,0.0,0.0
2024-01-03 00:00:00-05:00,18.139999389648438,18.309999465942383,17.905000686645508,18.09000015258789,1365500,0.0,0.0
2024-01-04 00:00:00-05:00,18.020000457763672,18.350000381469727,17.770000457763672,17.940000534057617,1396500,0.0,0.0
2024-01-05 00:00:00-05:00,18.0,18.190000534057617,17.434999465942383,17.530000686645508,1301900,0.0,0.0
2024-01-08 00:00:00-05:00,17.530000686645508,19.110000610351562,17.360000610351562,18.850000381469727,2296200,0.0,0.0
2024-01-09 00:00:00-05:00,18.610000610351562,20.1299991607666,18.56999969482422,19.950000762939453,2382400,0.0,0.0
2024-01-10 00:00:00-05:00,20.0,20.049999237060547,19.5,19.739999771118164,1067900,0.0,0.0
2024-01-11 00:00:00-05:00,19.600000381469727,20.030000686645508,19.309999465942383,19.799999237060547,5504800,0.0,0.0
2024-01-12 00:00:00-05:00,19.829999923706055,19.829999923706055,18.889999389648438,18.899999618530273,2015100,0.0,0.0
2024-01-16 00:00:00-05:00,18.8700008392334,19.850000381469727,18.56999969482422,18.989999771118164,2547600,0.0,0.0
2024-01-17 00:00:00-05:00,18.770000457763672,18.8799991607666,17.969999313354492,18.75,980000,0.0,0.0
2024-01-18 00:00:00-05:00,19.360000610351562,19.41200065612793,18.739999771118164,19.190000534057617,2027200,0.0,0.0
2024-01-19 00:00:00-05:00,19.5,20.84000015258789,19.149999618530273,20.780000686645508,3959000,0.0,0.0
2024-01-22 00:00:00-05:00,21.033000946044922,22.06999969482422,20.850000381469727,21.989999771118164,4141100,0.0,0.0
2024-01-23 00:00:00-05:00,22.09000015258789,22.489999771118164,21.68000030517578,21.700000762939453,2172300,0.0,0.0
2024-01-24 00:00:00-05:00,21.979999542236328,22.139999389648438,21.510000228881836,21.75,1948000,0.0,0.0
2024-01-25 00:00:00-05:00,22.100000381469727,22.170000076293945,21.31999969482422,21.540000915527344,1367800,0.0,0.0
2024-01-26 00:00:00-05:00,21.299999237060547,21.450000762939453,20.684999465942383,20.84000015258789,3311800,0.0,0.0
2024-01-29 00:00:00-05:00,20.8799991607666,21.219999313354492,20.799999237060547,21.149999618530273,1669400,0.0,0.0
2024-01-30 00:00:00-05:00,21.040000915527344,21.18899917602539,20.739999771118164,20.979999542236328,1873600,0.0,0.0
2024-01-31 00:00:00-05:00,20.75,20.959999084472656,20.209999084472656,20.510000228881836,1653500,0.0,0.0
2024-02-01 00:00:00-05:00,20.610000610351562,20.690000534057617,20.100000381469727,20.559999465942383,1452200,0.0,0.0
2024-02-02 00:00:00-05:00,20.399999618530273,22.0,20.280000686645508,21.850000381469727,3073600,0.0,0.0
2024-02-05 00:00:00-05:00,22.100000381469727,22.110000610351562,20.899999618530273,21.309999465942383,2016300,0.0,0.0
2024-02-06 00:00:00-05:00,21.389999389648438,21.479999542236328,20.3799991607666,20.600000381469727,2426900,0.0,0.0
2024-02-07 00:00:00-05:00,20.84000015258789,21.149999618530273,20.229999542236328,20.979999542236328,1571600,0.0,0.0
2024-02-08 00:00:00-05:00,21.149999618530273,21.75,20.950000762939453,21.239999771118164,1891800,0.0,0.0
2024-02-09 00:00:00-05:00,21.3700008392334,22.700000762939453,21.059999465942383,22.549999237060547,3940400,0.0,0.0
2024-02-12 00:00:00-05:00,22.899999618530273,22.989999771118164,22.25,22.469999313354492,2676700,0.0,0.0
2024-02-13 00:00:00-05:00,21.969999313354492,22.5,21.530000686645508,22.100000381469727,2949400,0.0,0.0
2024-02-14 00:00:00-05:00,22.5,23.179000854492188,22.059999465942383,22.469999313354492,2117600,0.0,0.0
2024-02-15 00:00:00-05:00,22.639999389648438,22.639999389648438,22.079999923706055,22.510000228881836,1042000,0.0,0.0
2024-02-16 00:00:00-05:00,22.6200008392334,22.760000228881836,22.139999389648438,22.299999237060547,2251700,0.0,0.0
2024-02-20 00:00:00-05:00,21.920000076293945,22.0,20.725000381469727,21.40999984741211,2015900,0.0,0.0
2024-02-21 00:00:00-05:00,21.100000381469727,22.024999618530273,20.719999313354492,21.969999313354492,2388800,0.0,0.0
2024-02-22 00:00:00-05:00,22.860000610351562,23.600000381469727,22.700000762939453,23.270000457763672,2775600,0.0,0.0
2024-02-23 00:00:00-05:00,23.389999389648438,23.389999389648438,22.145000457763672,22.600000381469727,1936900,0.0,0.0
2024-02-26 00:00:00-05:00,22.68000030517578,22.850000381469727,21.93000030517578,22.309999465942383,2644500,0.0,0.0
2024-02-27 00:00:00-05:00,22.329999923706055,22.690000534057617,21.940000534057617,22.020000457763672,3690200,0.0,0.0
2024-02-28 00:00:00-05:00,23.899999618530273,23.899999618530273,22.049999237060547,22.170000076293945,5372200,0.0,0.0
2024-02-29 00:00:00-05:00,22.520000457763672,22.690000534057617,21.059999465942383,21.540000915527344,3467800,0.0,0.0
2024-03-01 00:00:00-05:00,21.600000381469727,22.9950008392334,21.43000030517578,22.469999313354492,2290200,0.0,0.0
2024-03-04 00:00:00-05:00,22.940000534057617,22.940000534057617,21.309999465942383,21.540000915527344,2353500,0.0,0.0
2024-03-05 00:00:00-05:00,21.299999237060547,21.5049991607666,20.489999771118164,20.780000686645508,1955100,0.0,0.0
2024-03-06 00:00:00-05:00,21.110000610351562,21.850000381469727,20.579999923706055,21.799999237060547,1664100,0.0,0.0
2024-03-07 00:00:00-05:00,21.920000076293945,22.75,21.860000610351562,22.520000457763672,1472100,0.0,0.0
2024-03-08 00:00:00-05:00,22.579999923706055,23.829999923706055,22.18000030517578,22.219999313354492,3033700,0.0,0.0
2024-03-11 00:00:00-04:00,22.059999465942383,22.14900016784668,20.395000457763672,20.459999084472656,2527600,0.0,0.0
2024-03-12 00:00:00-04:00,20.631999969482422,20.809999465942383,20.1200008392334,20.670000076293945,1666700,0.0,0.0
2024-03-13 00:00:00-04:00,20.520000457763672,20.799999237060547,19.850000381469727,20.299999237060547,2171000,0.0,0.0
2024-03-14 00:00:00-04:00,20.040000915527344,20.219999313354492,19.114999771118164,19.360000610351562,1957600,0.0,0.0
2024-03-15 00:00:00-04:00,19.030000686645508,19.385000228881836,18.985000610351562,19.030000686645508,3149800,0.0,0.0
2024-03-18 00:00:00-04:00,19.489999771118164,19.90999984741211,19.014999389648438,19.850000381469727,2252800,0.0,0.0
2024-03-19 00:00:00-04:00,19.860000610351562,20.09000015258789,19.59000015258789,19.850000381469727,1784700,0.0,0.0
2024-03-20 00:00:00-04:00,19.809999465942383,20.725000381469727,19.540000915527344,20.68000030517578,1886600,0.0,0.0
2024-03-21 00:00:00-04:00,21.200000762939453,22.559999465942383,21.190000534057617,21.6200008392334,2541600,0.0,0.0
2024-03-22 00:00:00-04:00,21.799999237060547,22.25,21.270000457763672,21.989999771118164,1289600,0.0,0.0
2024-03-25 00:00:00-04:00,21.729999542236328,22.56999969482422,21.729999542236328,22.309999465942383,1360200,0.0,0.0
2024-03-26 00:00:00-04:00,22.5,22.790000915527344,21.514999389648438,21.65999984741211,1403500,0.0,0.0
2024-03-27 00:00:00-04:00,21.93000030517578,22.045000076293945,21.040000915527344,21.200000762939453,1332700,0.0,0.0
2024-03-28 00:00:00-04:00,21.229999542236328,21.549999237060547,20.940000534057617,21.190000534057617,1853200,0.0,0.0
2024-04-01 00:00:00-04:00,21.190000534057617,21.600000381469727,20.731000900268555,21.260000228881836,1369700,0.0,0.0
2024-04-02 00:00:00-04:00,20.639999389648438,22.190000534057617,20.309999465942383,22.049999237060547,1702600,0.0,0.0
2024-04-03 00:00:00-04:00,21.56999969482422,22.709999084472656,21.459999084472656,22.440000534057617,1490600,0.0,0.0
2024-04-04 00:00:00-04:00,22.68000030517578,22.700000762939453,21.579999923706055,21.639999389648438,1574500,0.0,0.0
2024-04-05 00:00:00-04:00,21.829999923706055,21.90999984741211,21.170000076293945,21.360000610351562,2235200,0.0,0.0
2024-04-08 00:00:00-04:00,21.389999389648438,21.8700008392334,21.125,21.799999237060547,1160700,0.0,0.0
2024-04-09 00:00:00-04:00,21.989999771118164,22.25,21.260000228881836,21.34000015258789,1012600,0.0,0.0
2024-04-10 00:00:00-04:00,20.8799991607666,21.549999237060547,20.760000228881836,21.200000762939453,986000,0.0,0.0
2024-04-11 00:00:00-04:00,21.15999984741211,23.040000915527344,20.75,23.020000457763672,2725200,0.0,0.0
2024-04-12 00:00:00-04:00,22.6299991607666,22.80900001525879,21.399999618530273,21.440000534057617,1408000,0.0,0.0
2024-04-15 00:00:00-04:00,21.799999237060547,21.959999084472656,19.40999984741211,19.440000534057617,2749000,0.0,0.0
2024-04-16 00:00:00-04:00,19.25,19.719999313354492,19.1200008392334,19.3799991607666,2030300,0.0,0.0
2024-04-17 00:00:00-04:00,19.459999084472656,19.63800048828125,18.40999984741211,18.59000015258789,1992000,0.0,0.0
2024-04-18 00:00:00-04:00,18.530000686645508,18.649999618530273,17.885000228881836,17.989999771118164,2171900,0.0,0.0
2024-04-19 00:00:00-04:00,17.8700008392334,17.969999313354492,16.81999969482422,16.920000076293945,2110900,0.0,0.0
2024-04-22 00:00:00-04:00,17.100000381469727,17.440000534057617,16.969999313354492,17.31999969482422,2443800,0.0,0.0
2024-04-23 00:00:00-04:00,17.479999542236328,17.84000015258789,17.280000686645508,17.59000015258789,1019500,0.0,0.0
2024-04-24 00:00:00-04:00,18.0,18.420000076293945,17.469999313354492,17.780000686645508,1180600,0.0,0.0
2024-04-25 00:00:00-04:00,17.639999389648438,18.190000534057617,17.420000076293945,18.170000076293945,2242600,0.0,0.0
2024-04-26 00:00:00-04:00,18.860000610351562,18.899999618530273,18.440000534057617,18.559999465942383,1475200,0.0,0.0
2024-04-29 00:00:00-04:00,18.610000610351562,18.725000381469727,18.170000076293945,18.459999084472656,960800,0.0,0.0
2024-04-30 00:00:00-04:00,18.290000915527344,18.700000762939453,17.780000686645508,17.8700008392334,1788200,0.0,0.0
2024-05-01 00:00:00-04:00,17.600000381469727,17.934999465942383,17.139999389648438,17.25,1396600,0.0,0.0
2024-05-02 00:00:00-04:00,17.559999465942383,17.559999465942383,16.920000076293945,17.299999237060547,1699200,0.0,0.0
2024-05-03 00:00:00-04:00,17.729999542236328,17.81999969482422,17.15999984741211,17.18000030517578,2143600,0.0,0.0
2024-05-06 00:00:00-04:00,17.350000381469727,17.5,17.209999084472656,17.25,1501000,0.0,0.0
2024-05-07 00:00:00-04:00,17.139999389648438,17.40999984741211,16.90999984741211,17.209999084472656,2622100,0.0,0.0
2024-05-08 00:00:00-04:00,17.030000686645508,17.3700008392334,16.979999542236328,17.309999465942383,1746100,0.0,0.0
2024-05-09 00:00:00-04:00,17.299999237060547,17.739999771118164,17.18000030517578,17.34000015258789,2041200,0.0,0.0
2024-05-10 00:00:00-04:00,17.420000076293945,17.719999313354492,17.170000076293945,17.68000030517578,1825100,0.0,0.0
2024-05-13 00:00:00-04:00,17.68000030517578,17.850000381469727,17.290000915527344,17.760000228881836,1789900,0.0,0.0
2024-05-14 00:00:00-04:00,17.760000228881836,17.920000076293945,17.520000457763672,17.84000015258789,1047000,0.0,0.0
2024-05-15 00:00:00-04:00,18.0,18.979999542236328,17.729999542236328,18.90999984741211,1298000,0.0,0.0
2024-05-16 00:00:00-04:00,18.84000015258789,19.450000762939453,18.719999313354492,19.100000381469727,1844400,0.0,0.0
2024-05-17 00:00:00-04:00,19.290000915527344,19.40999984741211,18.8799991607666,18.889999389648438,1262700,0.0,0.0
2024-05-20 00:00:00-04:00,18.950000762939453,19.260000228881836,18.738000869750977,19.09000015258789,1090000,0.0,0.0
2024-05-21 00:00:00-04:00,18.719999313354492,19.43000030517578,18.540000915527344,19.25,828900,0.0,0.0
2024-05-22 00:00:00-04:00,19.450000762939453,19.639999389648438,19.049999237060547,19.479999542236328,1133500,0.0,0.0
2024-05-23 00:00:00-04:00,20.010000228881836,20.200000762939453,18.979999542236328,19.100000381469727,1483200,0.0,0.0
2024-05-24 00:00:00-04:00,19.309999465942383,20.149999618530273,19.1299991607666,19.969999313354492,2364800,0.0,0.0
2024-05-28 00:00:00-04:00,20.450000762939453,20.760000228881836,19.719999313354492,20.729999542236328,2914800,0.0,0.0
2024-05-29 00:00:00-04:00,20.239999771118164,20.885000228881836,20.084999084472656,20.219999313354492,4368200,0.0,0.0
2024-05-30 00:00:00-04:00,21.399999618530273,25.8799991607666,21.399999618530273,25.690000534057617,10833900,0.0,0.0
2024-05-31 00:00:00-04:00,25.309999465942383,26.200000762939453,24.81999969482422,26.06999969482422,5136300,0.0,0.0
2024-06-03 00:00:00-04:00,26.139999389648438,26.299999237060547,24.329999923706055,25.190000534057617,3521800,0.0,0.0
2024-06-04 00:00:00-04:00,25.0,25.0,23.940000534057617,24.68000030517578,2003900,0.0,0.0
2024-06-05 00:00:00-04:00,25.190000534057617,26.549999237060547,24.809999465942383,26.5,3144000,0.0,0.0
2024-06-06 00:00:00-04:00,26.579999923706055,26.579999923706055,25.649999618530273,25.84000015258789,1440700,0.0,0.0
2024-06-07 00:00:00-04:00,26.280000686645508,28.0,26.100000381469727,27.149999618530273,2930000,0.0,0.0
2024-06-10 00:00:00-04:00,27.829999923706055,29.885000228881836,27.489999771118164,28.56999969482422,3846500,0.0,0.0
2024-06-11 00:00:00-04:00,28.079999923706055,28.510000228881836,27.610000610351562,28.5,1886100,0.0,0.0
2024-06-12 00:00:00-04:00,29.0,29.600000381469727,28.829999923706055,29.079999923706055,1860400,0.0,0.0
2024-06-13 00:00:00-04:00,29.020000457763672,29.530000686645508,28.674999237060547,28.940000534057617,1408300,0.0,0.0
2024-06-14 00:00:00-04:00,28.5,29.739999771118164,28.3700008392334,28.8799991607666,1364700,0.0,0.0
2024-06-17 00:00:00-04:00,28.950000762939453,29.065000534057617,28.200000762939453,28.579999923706055,1518000,0.0,0.0
2024-06-18 00:00:00-04:00,28.6299991607666,29.75,28.3799991607666,29.209999084472656,1443800,0.0,0.0
2024-06-20 00:00:00-04:00,29.200000762939453,29.559999465942383,27.729999542236328,28.3700008392334,1769800,0.0,0.0
2024-06-21 00:00:00-04:00,28.139999389648438,28.139999389648438,27.020000457763672,27.489999771118164,3524800,0.0,0.0
2024-06-24 00:00:00-04:00,27.0,27.780000686645508,27.0,27.290000915527344,1558600,0.0,0.0
2024-06-25 00:00:00-04:00,29.170000076293945,30.0,28.481000900268555,29.56999969482422,1976400,0.0,0.0
2024-06-26 00:00:00-04:00,29.239999771118164,29.84000015258789,28.790000915527344,29.709999084472656,1537600,0.0,0.0
2024-06-27 00:00:00-04:00,29.889999389648438,31.299999237060547,29.709999084472656,31.290000915527344,3059200,0.0,0.0
2024-06-28 00:00:00-04:00,31.469999313354492,32.77799987792969,31.450000762939453,31.940000534057617,4227400,0.0,0.0
2024-07-01 00:00:00-04:00,31.239999771118164,31.34000015258789,30.139999389648438,31.219999313354492,1849500,0.0,0.0
2024-07-02 00:00:00-04:00,31.110000610351562,31.90999984741211,30.760000228881836,31.350000381469727,1942700,0.0,0.0
2024-07-03 00:00:00-04:00,31.350000381469727,32.029998779296875,31.010000228881836,31.579999923706055,715500,0.0,0.0
2024-07-05 00:00:00-04:00,31.549999237060547,32.16999816894531,31.360000610351562,31.6299991607666,973900,0.0,0.0
2024-07-08 00:00:00-04:00,31.850000381469727,32.369998931884766,31.450000762939453,31.799999237060547,1259000,0.0,0.0
2024-07-09 00:00:00-04:00,31.81999969482422,32.31999969482422,31.40999984741211,31.440000534057617,1391700,0.0,0.0
2024-07-10 00:00:00-04:00,31.329999923706055,31.66200065612793,30.81999969482422,31.209999084472656,1061800,0.0,0.0
2024-07-11 00:00:00-04:00,31.5,31.610000610351562,30.05500030517578,30.65999984741211,1764600,0.0,0.0
2024-07-12 00:00:00-04:00,30.989999771118164,31.56999969482422,30.610000610351562,30.8700008392334,1221200,0.0,0.0
2024-07-15 00:00:00-04:00,31.25,33.869998931884766,31.110000610351562,33.09000015258789,3571700,0.0,0.0
2024-07-16 00:00:00-04:00,33.13999938964844,33.959999084472656,32.2400016784668,33.83000183105469,3184600,0.0,0.0
2024-07-17 00:00:00-04:00,32.619998931884766,33.380001068115234,30.100000381469727,30.450000762939453,4833800,0.0,0.0
2024-07-18 00:00:00-04:00,30.959999084472656,31.084999084472656,28.540000915527344,29.56999969482422,2386800,0.0,0.0
2024-07-19 00:00:00-04:00,29.690000534057617,29.690000534057617,28.899999618530273,29.5,1088400,0.0,0.0
2024-07-22 00:00:00-04:00,29.989999771118164,30.299999237060547,28.969999313354492,29.520000457763672,1465900,0.0,0.0
2024-07-23 00:00:00-04:00,29.309999465942383,30.920000076293945,29.100000381469727,30.56999969482422,1683500,0.0,0.0
2024-07-24 00:00:00-04:00,30.06999969482422,30.209999084472656,29.040000915527344,29.350000381469727,2045700,0.0,0.0
2024-07-25 00:00:00-04:00,29.1299991607666,29.3799991607666,27.6200008392334,28.510000228881836,2007700,0.0,0.0
2024-07-26 00:00:00-04:00,28.799999237060547,29.274999618530273,28.34000015258789,28.579999923706055,1146400,0.0,0.0
2024-07-29 00:00:00-04:00,28.959999084472656,29.299999237060547,27.290000915527344,27.3799991607666,1622700,0.0,0.0
2024-07-30 00:00:00-04:00,27.450000762939453,27.489999771118164,25.639999389648438,25.959999084472656,2601100,0.0,0.0
2024-07-31 00:00:00-04:00,27.239999771118164,28.1200008392334,26.549999237060547,27.75,2266800,0.0,0.0
2024-08-01 00:00:00-04:00,27.139999389648438,27.739999771118164,26.389999389648438,26.559999465942383,2008200,0.0,0.0
2024-08-02 00:00:00-04:00,25.18000030517578,26.329999923706055,24.489999771118164,25.329999923706055,2209400,0.0,0.0
2024-08-05 00:00:00-04:00,22.5,25.56999969482422,22.5,24.600000381469727,1769100,0.0,0.0
2024-08-06 00:00:00-04:00,24.899999618530273,25.489999771118164,23.860000610351562,25.100000381469727,1108400,0.0,0.0
2024-08-07 00:00:00-04:00,25.940000534057617,26.229999542236328,24.774999618530273,24.850000381469727,1185700,0.0,0.0
2024-08-08 00:00:00-04:00,25.6200008392334,27.18000030517578,25.049999237060547,26.8700008392334,1358400,0.0,0.0
2024-08-09 00:00:00-04:00,26.6299991607666,27.68000030517578,26.579999923706055,27.469999313354492,1192400,0.0,0.0
2024-08-12 00:00:00-04:00,27.399999618530273,28.170000076293945,27.170000076293945,27.600000381469727,1159100,0.0,0.0
2024-08-13 00:00:00-04:00,27.90999984741211,29.0049991607666,27.600000381469727,28.670000076293945,1427700,0.0,0.0
2024-08-14 00:00:00-04:00,28.889999389648438,29.100000381469727,28.048999786376953,28.729999542236328,1015300,0.0,0.0
2024-08-15 00:00:00-04:00,29.5,30.3799991607666,29.110000610351562,30.34000015258789,1795400,0.0,0.0
2024-08-16 00:00:00-04:00,30.110000610351562,30.700000762939453,29.899999618530273,30.420000076293945,1189900,0.0,0.0
2024-08-19 00:00:00-04:00,30.3700008392334,31.790000915527344,29.841999053955078,31.790000915527344,1585600,0.0,0.0
2024-08-20 00:00:00-04:00,31.610000610351562,32.290000915527344,31.5,32.0,2221700,0.0,0.0
2024-08-21 00:00:00-04:00,32.0,36.11000061035156,31.84000015258789,36.08000183105469,3730600,0.0,0.0
2024-08-22 00:00:00-04:00,36.15999984741211,36.21799850463867,34.95100021362305,35.220001220703125,1868300,0.0,0.0
2024-08-23 00:00:00-04:00,35.709999084472656,36.80500030517578,35.47999954223633,36.45000076293945,3228300,0.0,0.0
2024-08-26 00:00:00-04:00,36.5,36.5,33.93000030517578,35.209999084472656,2816900,0.0,0.0
2024-08-27 00:00:00-04:00,34.779998779296875,35.599998474121094,33.75,35.380001068115234,1587200,0.0,0.0
2024-08-28 00:00:00-04:00,34.959999084472656,35.220001220703125,33.18000030517578,34.099998474121094,1911000,0.0,0.0
2024-08-29 00:00:00-04:00,34.0,35.95000076293945,33.880001068115234,35.20000076293945,1973600,0.0,0.0
2024-08-30 00:00:00-04:00,35.20000076293945,35.849998474121094,34.66999816894531,34.90999984741211,2374500,0.0,0.0
2024-09-03 00:00:00-04:00,34.40999984741211,34.40999984741211,31.3799991607666,31.6299991607666,3319500,0.0,0.0
2024-09-04 00:00:00-04:00,31.479999542236328,32.060001373291016,30.600000381469727,31.299999237060547,3960700,0.0,0.0
2024-09-05 00:00:00-04:00,27.329999923706055,28.209999084472656,24.940000534057617,26.649999618530273,10574800,0.0,0.0
2024-09-06 00:00:00-04:00,27.5,27.5,24.079999923706055,24.3799991607666,7003400,0.0,0.0
