Date,Open,High,Low,Close,Volume,Dividends,Stock Splits
2001-07-31 00:00:00-04:00,14.75,16.200000762939453,14.649999618530273,15.829999923706055,468500,0.0,0.0
2001-08-01 00:00:00-04:00,15.65999984741211,16.649999618530273,15.569999694824219,16.6200008392334,263500,0.0,0.0
2001-08-02 00:00:00-04:00,16.75,17.040000915527344,15.34000015258789,15.850000381469727,332600,0.0,0.0
2001-08-03 00:00:00-04:00,15.359999656677246,15.359999656677246,14.600000381469727,15.109999656677246,115500,0.0,0.0
2001-08-06 00:00:00-04:00,14.899999618530273,15.699999809265137,14.800000190734863,15.0600004196167,81900,0.0,0.0
2001-08-07 00:00:00-04:00,15.1899995803833,15.25,14.899999618530273,14.949999809265137,385500,0.0,0.0
2001-08-08 00:00:00-04:00,15.039999961853027,15.119999885559082,14.899999618530273,15.050000190734863,247500,0.0,0.0
2001-08-09 00:00:00-04:00,15.020000457763672,15.050000190734863,14.899999618530273,14.949999809265137,84600,0.0,0.0
2001-08-10 00:00:00-04:00,14.960000038146973,14.989999771118164,14.109999656677246,14.199999809265137,320300,0.0,0.0
2001-08-13 00:00:00-04:00,14.350000381469727,14.619999885559082,14.199999809265137,14.609999656677246,28300,0.0,0.0
2001-08-14 00:00:00-04:00,14.609999656677246,16.459999084472656,14.600000381469727,16.149999618530273,82500,0.0,0.0
2001-08-15 00:00:00-04:00,16.100000381469727,16.25,15.300000190734863,15.350000381469727,210300,0.0,0.0
2001-08-16 00:00:00-04:00,15.300000190734863,15.300000190734863,14.550000190734863,14.550000190734863,19200,0.0,0.0
2001-08-17 00:00:00-04:00,14.550000190734863,14.600000381469727,13.819999694824219,14.140000343322754,113700,0.0,0.0
2001-08-20 00:00:00-04:00,14.010000228881836,14.010000228881836,13.850000381469727,13.949999809265137,106200,0.0,0.0
2001-08-21 00:00:00-04:00,14.039999961853027,14.350000381469727,14.0,14.300000190734863,110500,0.0,0.0
2001-08-22 00:00:00-04:00,14.300000190734863,14.34000015258789,14.100000381469727,14.270000457763672,13900,0.0,0.0
2001-08-23 00:00:00-04:00,14.100000381469727,17.420000076293945,14.029999732971191,14.579999923706055,124700,0.0,0.0
2001-08-24 00:00:00-04:00,14.609999656677246,15.039999961853027,13.899999618530273,14.050000190734863,81900,0.0,0.0
2001-08-27 00:00:00-04:00,14.0,14.550000190734863,13.899999618530273,14.399999618530273,91000,0.0,0.0
2001-08-28 00:00:00-04:00,14.569999694824219,15.0,13.859999656677246,14.0,69400,0.0,0.0
2001-08-29 00:00:00-04:00,14.25,14.25,13.899999618530273,14.25,77700,0.0,0.0
2001-08-30 00:00:00-04:00,14.0600004196167,14.350000381469727,13.899999618530273,14.300000190734863,252200,0.0,0.0
2001-08-31 00:00:00-04:00,14.210000038146973,15.0,14.199999809265137,14.399999618530273,23600,0.0,0.0
2001-09-04 00:00:00-04:00,14.5,14.649999618530273,14.149999618530273,14.149999618530273,118500,0.0,0.0
2001-09-05 00:00:00-04:00,14.5,14.600000381469727,14.25,14.260000228881836,192600,0.0,0.0
2001-09-06 00:00:00-04:00,14.199999809265137,14.399999618530273,13.949999809265137,14.100000381469727,40500,0.0,0.0
2001-09-07 00:00:00-04:00,13.949999809265137,14.149999618530273,13.949999809265137,13.979999542236328,28000,0.0,0.0
2001-09-10 00:00:00-04:00,13.960000038146973,14.350000381469727,13.960000038146973,14.350000381469727,6500,0.0,0.0
2001-09-17 00:00:00-04:00,14.010000228881836,14.109999656677246,13.710000038146973,13.75,97700,0.0,0.0
2001-09-18 00:00:00-04:00,13.710000038146973,13.850000381469727,12.75,12.75,122600,0.0,0.0
2001-09-19 00:00:00-04:00,12.720000267028809,12.75,10.149999618530273,11.09000015258789,235000,0.0,0.0
2001-09-20 00:00:00-04:00,11.100000381469727,11.65999984741211,10.800000190734863,11.65999984741211,163700,0.0,0.0
2001-09-21 00:00:00-04:00,11.069999694824219,11.25,10.100000381469727,10.5,190100,0.0,0.0
2001-09-24 00:00:00-04:00,10.600000381469727,10.9399995803833,10.5,10.65999984741211,93000,0.0,0.0
2001-09-25 00:00:00-04:00,10.609999656677246,11.050000190734863,10.609999656677246,10.75,43600,0.0,0.0
2001-09-26 00:00:00-04:00,10.800000190734863,10.859999656677246,10.449999809265137,10.800000190734863,311900,0.0,0.0
2001-09-27 00:00:00-04:00,10.649999618530273,10.65999984741211,9.649999618530273,9.899999618530273,199100,0.0,0.0
2001-09-28 00:00:00-04:00,9.899999618530273,10.300000190734863,9.850000381469727,10.25,283600,0.0,0.0
2001-10-01 00:00:00-04:00,10.25,10.25,10.0,10.0,220600,0.0,0.0
2001-10-02 00:00:00-04:00,9.970000267028809,10.300000190734863,9.899999618530273,10.300000190734863,76800,0.0,0.0
2001-10-03 00:00:00-04:00,10.199999809265137,11.449999809265137,10.09000015258789,11.229999542236328,83200,0.0,0.0
2001-10-04 00:00:00-04:00,11.449999809265137,12.449999809265137,11.449999809265137,12.359999656677246,7400,0.0,0.0
2001-10-05 00:00:00-04:00,11.90999984741211,14.0,11.899999618530273,14.0,21900,0.0,0.0
2001-10-08 00:00:00-04:00,13.739999771118164,14.199999809265137,13.739999771118164,14.0,2800,0.0,0.0
2001-10-09 00:00:00-04:00,13.65999984741211,14.699999809265137,13.210000038146973,14.699999809265137,21700,0.0,0.0
2001-10-10 00:00:00-04:00,14.699999809265137,15.109999656677246,14.569999694824219,15.109999656677246,9900,0.0,0.0
2001-10-11 00:00:00-04:00,15.130000114440918,15.5600004196167,15.0,15.399999618530273,55200,0.0,0.0
2001-10-12 00:00:00-04:00,15.15999984741211,15.460000038146973,15.0,15.0,102700,0.0,0.0
2001-10-15 00:00:00-04:00,14.899999618530273,15.050000190734863,14.729999542236328,14.920000076293945,21900,0.0,0.0
2001-10-16 00:00:00-04:00,15.0,15.640000343322754,15.0,15.199999809265137,5100,0.0,0.0
2001-10-17 00:00:00-04:00,15.5,17.0,15.300000190734863,16.450000762939453,51000,0.0,0.0
2001-10-18 00:00:00-04:00,15.479999542236328,17.200000762939453,15.470000267028809,17.059999465942383,44000,0.0,0.0
2001-10-19 00:00:00-04:00,16.90999984741211,18.600000381469727,16.90999984741211,18.350000381469727,130800,0.0,0.0
2001-10-22 00:00:00-04:00,18.600000381469727,18.799999237060547,18.299999237060547,18.549999237060547,544600,0.0,0.0
2001-10-23 00:00:00-04:00,18.579999923706055,18.75,18.299999237060547,18.399999618530273,88900,0.0,0.0
2001-10-24 00:00:00-04:00,18.450000762939453,18.450000762939453,17.0,17.0,163600,0.0,0.0
2001-10-25 00:00:00-04:00,17.0,17.0,16.149999618530273,16.350000381469727,122400,0.0,0.0
2001-10-26 00:00:00-04:00,16.15999984741211,16.600000381469727,16.15999984741211,16.40999984741211,81700,0.0,0.0
2001-10-29 00:00:00-05:00,16.3799991607666,16.84000015258789,16.200000762939453,16.739999771118164,92400,0.0,0.0
2001-10-30 00:00:00-05:00,16.649999618530273,16.799999237060547,16.280000686645508,16.649999618530273,196200,0.0,0.0
2001-10-31 00:00:00-05:00,16.899999618530273,16.899999618530273,16.649999618530273,16.649999618530273,21600,0.0,0.0
2001-11-01 00:00:00-05:00,16.709999084472656,17.0,15.899999618530273,16.0,137100,0.0,0.0
2001-11-02 00:00:00-05:00,15.90999984741211,16.100000381469727,15.699999809265137,15.699999809265137,18800,0.0,0.0
2001-11-05 00:00:00-05:00,15.640000343322754,15.800000190734863,14.699999809265137,15.050000190734863,62300,0.0,0.0
2001-11-06 00:00:00-05:00,15.239999771118164,16.020000457763672,15.239999771118164,15.699999809265137,620000,0.0,0.0
2001-11-07 00:00:00-05:00,15.699999809265137,15.899999618530273,15.399999618530273,15.699999809265137,219900,0.0,0.0
2001-11-08 00:00:00-05:00,15.800000190734863,16.100000381469727,14.949999809265137,14.949999809265137,163600,0.0,0.0
2001-11-09 00:00:00-05:00,14.899999618530273,15.600000381469727,14.899999618530273,15.600000381469727,345100,0.0,0.0
2001-11-12 00:00:00-05:00,15.5,15.899999618530273,15.5,15.600000381469727,74800,0.0,0.0
2001-11-13 00:00:00-05:00,15.600000381469727,15.850000381469727,15.510000228881836,15.800000190734863,97500,0.0,0.0
2001-11-14 00:00:00-05:00,15.800000190734863,16.200000762939453,15.75,15.800000190734863,15800,0.0,0.0
2001-11-15 00:00:00-05:00,15.699999809265137,16.399999618530273,15.399999618530273,16.0,34400,0.0,0.0
2001-11-16 00:00:00-05:00,16.389999389648438,16.549999237060547,15.989999771118164,16.100000381469727,189700,0.0,0.0
2001-11-19 00:00:00-05:00,16.219999313354492,17.0,16.219999313354492,16.600000381469727,93100,0.0,0.0
2001-11-20 00:00:00-05:00,16.889999389648438,16.889999389648438,16.5,16.5,51400,0.0,0.0
2001-11-21 00:00:00-05:00,16.889999389648438,16.950000762939453,16.450000762939453,16.950000762939453,6400,0.0,0.0
2001-11-23 00:00:00-05:00,16.450000762939453,16.899999618530273,16.450000762939453,16.75,4900,0.0,0.0
2001-11-26 00:00:00-05:00,16.549999237060547,16.770000457763672,16.399999618530273,16.600000381469727,50000,0.0,0.0
2001-11-27 00:00:00-05:00,16.670000076293945,16.700000762939453,16.049999237060547,16.049999237060547,80400,0.0,0.0
2001-11-28 00:00:00-05:00,16.100000381469727,16.43000030517578,15.800000190734863,15.90999984741211,300800,0.0,0.0
2001-11-29 00:00:00-05:00,15.8100004196167,16.200000762939453,15.699999809265137,16.139999389648438,5300,0.0,0.0
2001-11-30 00:00:00-05:00,16.010000228881836,16.020000457763672,15.859999656677246,15.899999618530273,38200,0.0,0.0
2001-12-03 00:00:00-05:00,15.899999618530273,15.899999618530273,15.619999885559082,15.619999885559082,26500,0.0,0.0
2001-12-04 00:00:00-05:00,15.699999809265137,15.899999618530273,15.470000267028809,15.600000381469727,43700,0.0,0.0
2001-12-05 00:00:00-05:00,15.9399995803833,16.350000381469727,15.550000190734863,16.280000686645508,227500,0.0,0.0
2001-12-06 00:00:00-05:00,16.149999618530273,16.200000762939453,15.899999618530273,16.059999465942383,188400,0.0,0.0
2001-12-07 00:00:00-05:00,16.149999618530273,18.09000015258789,16.020000457763672,18.0,746300,0.0,0.0
2001-12-10 00:00:00-05:00,18.079999923706055,19.969999313354492,17.6299991607666,18.299999237060547,261900,0.0,0.0
2001-12-11 00:00:00-05:00,18.350000381469727,20.549999237060547,18.200000762939453,19.100000381469727,136300,0.0,0.0
2001-12-12 00:00:00-05:00,19.75,20.440000534057617,19.559999465942383,19.850000381469727,135300,0.0,0.0
2001-12-13 00:00:00-05:00,19.700000762939453,20.950000762939453,19.0,20.600000381469727,67100,0.0,0.0
2001-12-14 00:00:00-05:00,20.5,21.700000762939453,19.049999237060547,19.56999969482422,83500,0.0,0.0
2001-12-17 00:00:00-05:00,19.3700008392334,19.56999969482422,18.649999618530273,19.040000915527344,12700,0.0,0.0
2001-12-18 00:00:00-05:00,19.049999237060547,19.350000381469727,18.600000381469727,19.200000762939453,7700,0.0,0.0
2001-12-19 00:00:00-05:00,19.350000381469727,20.5,18.860000610351562,20.5,86000,0.0,0.0
2001-12-20 00:00:00-05:00,20.489999771118164,20.489999771118164,18.850000381469727,19.5,49200,0.0,0.0
2001-12-21 00:00:00-05:00,19.450000762939453,19.5,19.100000381469727,19.309999465942383,32800,0.0,0.0
2001-12-24 00:00:00-05:00,19.100000381469727,19.100000381469727,19.0,19.0,400,0.0,0.0
2001-12-26 00:00:00-05:00,19.260000228881836,19.700000762939453,19.260000228881836,19.649999618530273,65800,0.0,0.0
2001-12-27 00:00:00-05:00,19.299999237060547,21.700000762939453,19.299999237060547,21.100000381469727,955600,0.0,0.0
2001-12-28 00:00:00-05:00,21.690000534057617,22.610000610351562,21.1200008392334,21.350000381469727,368400,0.0,0.0
2001-12-31 00:00:00-05:00,21.350000381469727,22.389999389648438,21.0,21.0,173600,0.0,0.0
2002-01-02 00:00:00-05:00,21.030000686645508,21.450000762939453,19.43000030517578,20.049999237060547,146700,0.0,0.0
2002-01-03 00:00:00-05:00,19.600000381469727,21.09000015258789,16.799999237060547,18.049999237060547,492700,0.0,0.0
2002-01-04 00:00:00-05:00,18.100000381469727,19.479999542236328,18.09000015258789,19.239999771118164,111400,0.0,0.0
2002-01-07 00:00:00-05:00,19.100000381469727,20.5,19.100000381469727,20.5,174200,0.0,0.0
2002-01-08 00:00:00-05:00,20.0,20.0,17.75,18.270000457763672,142800,0.0,0.0
2002-01-09 00:00:00-05:00,18.600000381469727,18.600000381469727,18.059999465942383,18.299999237060547,140200,0.0,0.0
2002-01-10 00:00:00-05:00,18.15999984741211,18.600000381469727,17.600000381469727,17.700000762939453,125900,0.0,0.0
2002-01-11 00:00:00-05:00,17.709999084472656,18.0,17.700000762939453,17.979999542236328,170000,0.0,0.0
2002-01-14 00:00:00-05:00,18.0,18.0,15.399999618530273,15.789999961853027,195600,0.0,0.0
2002-01-15 00:00:00-05:00,15.699999809265137,16.0,15.649999618530273,15.859999656677246,89700,0.0,0.0
2002-01-16 00:00:00-05:00,15.25,15.5,14.90999984741211,15.1899995803833,132000,0.0,0.0
2002-01-17 00:00:00-05:00,15.350000381469727,15.550000190734863,15.199999809265137,15.199999809265137,80800,0.0,0.0
2002-01-18 00:00:00-05:00,15.199999809265137,15.4399995803833,14.359999656677246,14.449999809265137,65800,0.0,0.0
2002-01-22 00:00:00-05:00,13.949999809265137,14.25,12.899999618530273,13.300000190734863,1050700,0.0,0.0
2002-01-23 00:00:00-05:00,13.329999923706055,14.399999618530273,13.199999809265137,14.170000076293945,109400,0.0,0.0
2002-01-24 00:00:00-05:00,14.380000114440918,14.600000381469727,13.899999618530273,13.960000038146973,159800,0.0,0.0
2002-01-25 00:00:00-05:00,13.960000038146973,14.75,13.960000038146973,14.720000267028809,139900,0.0,0.0
2002-01-28 00:00:00-05:00,14.75,15.029999732971191,14.550000190734863,14.75,60600,0.0,0.0
2002-01-29 00:00:00-05:00,14.75,14.970000267028809,14.25,14.25,44800,0.0,0.0
2002-01-30 00:00:00-05:00,14.199999809265137,14.300000190734863,12.300000190734863,13.550000190734863,733700,0.0,0.0
2002-01-31 00:00:00-05:00,13.529999732971191,15.100000381469727,13.220000267028809,14.399999618530273,492100,0.0,0.0
2002-02-01 00:00:00-05:00,14.199999809265137,14.5,13.75,13.75,46800,0.0,0.0
2002-02-04 00:00:00-05:00,13.699999809265137,14.550000190734863,13.609999656677246,14.069999694824219,48300,0.0,0.0
2002-02-05 00:00:00-05:00,14.1899995803833,15.670000076293945,14.069999694824219,15.25,214800,0.0,0.0
2002-02-06 00:00:00-05:00,15.5,15.5,14.949999809265137,15.0,259200,0.0,0.0
2002-02-07 00:00:00-05:00,14.949999809265137,15.399999618530273,14.850000381469727,14.850000381469727,47500,0.0,0.0
2002-02-08 00:00:00-05:00,15.0,15.5,14.0,15.0,236200,0.0,0.0
2002-02-11 00:00:00-05:00,14.800000190734863,15.0,14.0,14.289999961853027,31300,0.0,0.0
2002-02-12 00:00:00-05:00,14.100000381469727,14.5,14.100000381469727,14.479999542236328,89000,0.0,0.0
2002-02-13 00:00:00-05:00,14.399999618530273,14.699999809265137,14.149999618530273,14.420000076293945,46400,0.0,0.0
2002-02-14 00:00:00-05:00,14.25,14.949999809265137,14.050000190734863,14.600000381469727,84300,0.0,0.0
2002-02-15 00:00:00-05:00,14.699999809265137,14.899999618530273,14.550000190734863,14.649999618530273,149400,0.0,0.0
2002-02-19 00:00:00-05:00,14.550000190734863,14.550000190734863,14.0,14.199999809265137,17500,0.0,0.0
2002-02-20 00:00:00-05:00,14.0,14.0,13.399999618530273,13.75,42400,0.0,0.0
2002-02-21 00:00:00-05:00,13.449999809265137,13.800000190734863,13.449999809265137,13.65999984741211,8300,0.0,0.0
2002-02-22 00:00:00-05:00,13.649999618530273,13.649999618530273,12.649999618530273,13.050000190734863,229800,0.0,0.0
2002-02-25 00:00:00-05:00,12.90999984741211,13.350000381469727,12.800000190734863,13.25,376800,0.0,0.0
2002-02-26 00:00:00-05:00,13.300000190734863,13.350000381469727,13.149999618530273,13.300000190734863,166200,0.0,0.0
2002-02-27 00:00:00-05:00,13.350000381469727,14.0,13.300000190734863,13.699999809265137,26500,0.0,0.0
2002-02-28 00:00:00-05:00,13.300000190734863,14.050000190734863,13.300000190734863,14.0,46800,0.0,0.0
2002-03-01 00:00:00-05:00,14.0,14.550000190734863,14.0,14.550000190734863,14600,0.0,0.0
2002-03-04 00:00:00-05:00,14.5600004196167,15.0600004196167,14.180000305175781,15.010000228881836,41800,0.0,0.0
2002-03-05 00:00:00-05:00,15.039999961853027,15.350000381469727,14.75,15.079999923706055,31600,0.0,0.0
2002-03-06 00:00:00-05:00,14.949999809265137,16.0,14.920000076293945,16.0,108200,0.0,0.0
2002-03-07 00:00:00-05:00,16.06999969482422,16.389999389648438,15.399999618530273,15.800000190734863,175400,0.0,0.0
2002-03-08 00:00:00-05:00,15.550000190734863,16.200000762939453,15.399999618530273,16.200000762939453,259100,0.0,0.0
2002-03-11 00:00:00-05:00,16.0,17.579999923706055,16.0,17.1200008392334,204400,0.0,0.0
2002-03-12 00:00:00-05:00,17.399999618530273,17.399999618530273,16.809999465942383,17.049999237060547,215100,0.0,0.0
2002-03-13 00:00:00-05:00,16.850000381469727,16.850000381469727,16.200000762939453,16.559999465942383,183200,0.0,0.0
2002-03-14 00:00:00-05:00,16.549999237060547,16.729999542236328,16.350000381469727,16.600000381469727,43800,0.0,0.0
2002-03-15 00:00:00-05:00,16.350000381469727,16.700000762939453,16.350000381469727,16.56999969482422,51700,0.0,0.0
2002-03-18 00:00:00-05:00,16.700000762939453,16.93000030517578,16.229999542236328,16.700000762939453,76900,0.0,0.0
2002-03-19 00:00:00-05:00,16.450000762939453,17.350000381469727,16.450000762939453,17.149999618530273,80400,0.0,0.0
2002-03-20 00:00:00-05:00,17.0,17.989999771118164,16.799999237060547,17.399999618530273,46000,0.0,0.0
2002-03-21 00:00:00-05:00,17.350000381469727,17.770000457763672,17.239999771118164,17.770000457763672,58700,0.0,0.0
2002-03-22 00:00:00-05:00,17.799999237060547,17.799999237060547,17.200000762939453,17.350000381469727,57600,0.0,0.0
2002-03-25 00:00:00-05:00,17.350000381469727,17.350000381469727,16.6200008392334,16.6200008392334,178700,0.0,0.0
2002-03-26 00:00:00-05:00,16.600000381469727,16.790000915527344,16.469999313354492,16.649999618530273,127000,0.0,0.0
2002-03-27 00:00:00-05:00,16.549999237060547,16.81999969482422,16.299999237060547,16.81999969482422,319900,0.0,0.0
2002-03-28 00:00:00-05:00,16.84000015258789,17.239999771118164,16.84000015258789,17.149999618530273,125900,0.0,0.0
2002-04-01 00:00:00-05:00,17.0,17.84000015258789,16.399999618530273,17.18000030517578,58900,0.0,0.0
2002-04-02 00:00:00-05:00,17.100000381469727,17.100000381469727,16.700000762939453,17.0,56800,0.0,0.0
2002-04-03 00:00:00-05:00,17.030000686645508,17.030000686645508,15.600000381469727,16.170000076293945,122000,0.0,0.0
2002-04-04 00:00:00-05:00,16.200000762939453,16.639999389648438,15.949999809265137,16.149999618530273,65500,0.0,0.0
2002-04-05 00:00:00-05:00,16.0,16.799999237060547,16.0,16.68000030517578,89200,0.0,0.0
2002-04-08 00:00:00-04:00,16.68000030517578,17.100000381469727,16.329999923706055,17.100000381469727,12900,0.0,0.0
2002-04-09 00:00:00-04:00,17.0,17.190000534057617,16.670000076293945,17.079999923706055,44700,0.0,0.0
2002-04-10 00:00:00-04:00,17.200000762939453,17.200000762939453,16.649999618530273,16.829999923706055,48100,0.0,0.0
2002-04-11 00:00:00-04:00,16.899999618530273,16.899999618530273,16.530000686645508,16.799999237060547,14200,0.0,0.0
2002-04-12 00:00:00-04:00,16.579999923706055,17.100000381469727,16.1200008392334,17.09000015258789,38400,0.0,0.0
2002-04-15 00:00:00-04:00,17.09000015258789,17.139999389648438,16.84000015258789,17.0,30000,0.0,0.0
2002-04-16 00:00:00-04:00,16.90999984741211,17.25,15.920000076293945,17.0,136400,0.0,0.0
2002-04-17 00:00:00-04:00,16.799999237060547,17.899999618530273,16.559999465942383,16.950000762939453,41700,0.0,0.0
2002-04-18 00:00:00-04:00,16.959999084472656,17.0,16.559999465942383,17.0,30100,0.0,0.0
2002-04-19 00:00:00-04:00,17.0,17.049999237060547,16.850000381469727,16.90999984741211,15100,0.0,0.0
2002-04-22 00:00:00-04:00,17.0,17.0,16.139999389648438,16.139999389648438,35300,0.0,0.0
2002-04-23 00:00:00-04:00,16.100000381469727,16.979999542236328,16.100000381469727,16.860000610351562,30300,0.0,0.0
2002-04-24 00:00:00-04:00,15.949999809265137,16.0,12.350000381469727,13.050000190734863,951500,0.0,0.0
2002-04-25 00:00:00-04:00,13.100000381469727,13.25,12.899999618530273,13.010000228881836,254400,0.0,0.0
2002-04-26 00:00:00-04:00,12.960000038146973,13.0,12.350000381469727,12.350000381469727,46100,0.0,0.0
2002-04-29 00:00:00-04:00,12.350000381469727,13.239999771118164,12.25,13.180000305175781,93800,0.0,0.0
2002-04-30 00:00:00-04:00,13.239999771118164,13.399999618530273,13.239999771118164,13.319999694824219,68700,0.0,0.0
2002-05-01 00:00:00-04:00,13.300000190734863,13.300000190734863,12.75,13.0,86600,0.0,0.0
2002-05-02 00:00:00-04:00,13.25,13.300000190734863,12.899999618530273,13.300000190734863,112300,0.0,0.0
2002-05-03 00:00:00-04:00,13.199999809265137,13.300000190734863,13.0,13.199999809265137,164700,0.0,0.0
2002-05-06 00:00:00-04:00,13.350000381469727,13.529999732971191,13.25,13.430000305175781,51100,0.0,0.0
2002-05-07 00:00:00-04:00,13.489999771118164,13.489999771118164,12.710000038146973,12.869999885559082,12600,0.0,0.0
2002-05-08 00:00:00-04:00,12.8100004196167,13.380000114440918,12.399999618530273,13.0,42300,0.0,0.0
2002-05-09 00:00:00-04:00,13.0,13.0,12.989999771118164,13.0,12600,0.0,0.0
2002-05-10 00:00:00-04:00,13.0,13.0,12.850000381469727,12.859999656677246,2800,0.0,0.0
2002-05-13 00:00:00-04:00,13.0,13.420000076293945,12.199999809265137,12.470000267028809,38000,0.0,0.0
2002-05-14 00:00:00-04:00,12.619999885559082,12.619999885559082,11.050000190734863,11.850000381469727,304500,0.0,0.0
2002-05-15 00:00:00-04:00,11.399999618530273,11.869999885559082,11.180000305175781,11.199999809265137,108800,0.0,0.0
2002-05-16 00:00:00-04:00,11.479999542236328,11.5,11.25,11.300000190734863,81300,0.0,0.0
2002-05-17 00:00:00-04:00,11.479999542236328,11.479999542236328,11.100000381469727,11.199999809265137,14600,0.0,0.0
2002-05-20 00:00:00-04:00,11.100000381469727,11.100000381469727,9.920000076293945,10.699999809265137,118500,0.0,0.0
2002-05-21 00:00:00-04:00,10.880000114440918,11.0,10.510000228881836,10.699999809265137,51700,0.0,0.0
2002-05-22 00:00:00-04:00,10.5,10.520000457763672,10.300000190734863,10.399999618530273,20100,0.0,0.0
2002-05-23 00:00:00-04:00,10.59000015258789,10.59000015258789,10.270000457763672,10.4399995803833,62000,0.0,0.0
2002-05-24 00:00:00-04:00,10.489999771118164,10.489999771118164,10.300000190734863,10.399999618530273,24100,0.0,0.0
2002-05-28 00:00:00-04:00,10.25,10.489999771118164,10.199999809265137,10.3100004196167,90700,0.0,0.0
2002-05-29 00:00:00-04:00,10.300000190734863,10.350000381469727,10.210000038146973,10.210000038146973,208300,0.0,0.0
2002-05-30 00:00:00-04:00,10.279999732971191,10.350000381469727,9.699999809265137,9.850000381469727,37600,0.0,0.0
2002-05-31 00:00:00-04:00,9.899999618530273,10.199999809265137,9.859999656677246,10.199999809265137,46800,0.0,0.0
2002-06-03 00:00:00-04:00,10.300000190734863,10.6899995803833,9.979999542236328,10.050000190734863,40600,0.0,0.0
2002-06-04 00:00:00-04:00,10.149999618530273,10.399999618530273,10.0,10.050000190734863,65600,0.0,0.0
2002-06-05 00:00:00-04:00,10.239999771118164,10.399999618530273,10.149999618530273,10.300000190734863,71900,0.0,0.0
2002-06-06 00:00:00-04:00,10.25,10.25,10.149999618530273,10.149999618530273,3100,0.0,0.0
2002-06-07 00:00:00-04:00,10.199999809265137,10.4399995803833,10.149999618530273,10.390000343322754,36100,0.0,0.0
2002-06-10 00:00:00-04:00,10.149999618530273,10.609999656677246,10.149999618530273,10.420000076293945,43200,0.0,0.0
2002-06-11 00:00:00-04:00,10.489999771118164,10.5,10.300000190734863,10.399999618530273,60700,0.0,0.0
2002-06-12 00:00:00-04:00,10.34000015258789,10.399999618530273,10.199999809265137,10.279999732971191,39600,0.0,0.0
2002-06-13 00:00:00-04:00,10.390000343322754,10.399999618530273,10.100000381469727,10.100000381469727,21300,0.0,0.0
2002-06-14 00:00:00-04:00,10.010000228881836,10.350000381469727,9.430000305175781,9.850000381469727,22900,0.0,0.0
2002-06-17 00:00:00-04:00,9.40999984741211,10.069999694824219,9.399999618530273,10.050000190734863,21800,0.0,0.0
2002-06-18 00:00:00-04:00,9.710000038146973,9.899999618530273,9.0,9.0,73900,0.0,0.0
2002-06-19 00:00:00-04:00,9.010000228881836,9.390000343322754,7.800000190734863,7.829999923706055,79700,0.0,0.0
2002-06-20 00:00:00-04:00,7.849999904632568,7.980000019073486,7.349999904632568,7.349999904632568,22300,0.0,0.0
2002-06-21 00:00:00-04:00,7.340000152587891,7.550000190734863,6.150000095367432,6.900000095367432,69800,0.0,0.0
2002-06-24 00:00:00-04:00,7.0,7.800000190734863,6.900000095367432,7.199999809265137,85200,0.0,0.0
2002-06-25 00:00:00-04:00,7.599999904632568,7.760000228881836,6.53000020980835,6.53000020980835,106700,0.0,0.0
2002-06-26 00:00:00-04:00,6.5,7.099999904632568,6.5,7.0,84100,0.0,0.0
2002-06-27 00:00:00-04:00,7.150000095367432,7.400000095367432,6.519999980926514,7.039999961853027,91800,0.0,0.0
2002-06-28 00:00:00-04:00,7.0,7.900000095367432,6.28000020980835,7.309999942779541,844900,0.0,0.0
2002-07-01 00:00:00-04:00,7.25,7.449999809265137,6.889999866485596,7.449999809265137,112800,0.0,0.0
2002-07-02 00:00:00-04:00,7.460000038146973,7.889999866485596,7.400000095367432,7.659999847412109,50500,0.0,0.0
2002-07-03 00:00:00-04:00,7.449999809265137,7.989999771118164,6.820000171661377,7.869999885559082,78100,0.0,0.0
2002-07-05 00:00:00-04:00,7.900000095367432,8.0,7.769999980926514,8.0,31600,0.0,0.0
2002-07-08 00:00:00-04:00,7.989999771118164,8.229999542236328,7.909999847412109,8.0,73600,0.0,0.0
2002-07-09 00:00:00-04:00,8.010000228881836,8.09000015258789,7.309999942779541,7.309999942779541,16100,0.0,0.0
2002-07-10 00:00:00-04:00,7.489999771118164,7.599999904632568,6.75,7.400000095367432,35100,0.0,0.0
2002-07-11 00:00:00-04:00,7.309999942779541,7.599999904632568,6.909999847412109,7.300000190734863,30100,0.0,0.0
2002-07-12 00:00:00-04:00,7.300000190734863,7.599999904632568,7.159999847412109,7.420000076293945,67700,0.0,0.0
2002-07-15 00:00:00-04:00,7.739999771118164,7.739999771118164,6.690000057220459,6.78000020980835,38700,0.0,0.0
2002-07-16 00:00:00-04:00,7.099999904632568,7.130000114440918,6.650000095367432,7.0,107600,0.0,0.0
2002-07-17 00:00:00-04:00,7.099999904632568,7.199999809265137,6.619999885559082,7.019999980926514,36300,0.0,0.0
2002-07-18 00:00:00-04:00,7.0,7.0,6.019999980926514,6.170000076293945,72500,0.0,0.0
2002-07-19 00:00:00-04:00,6.28000020980835,6.429999828338623,5.829999923706055,5.829999923706055,28600,0.0,0.0
2002-07-22 00:00:00-04:00,5.800000190734863,6.199999809265137,5.0,5.25,50900,0.0,0.0
2002-07-23 00:00:00-04:00,5.210000038146973,5.860000133514404,5.210000038146973,5.730000019073486,29300,0.0,0.0
2002-07-24 00:00:00-04:00,5.0,6.019999980926514,4.429999828338623,6.019999980926514,238900,0.0,0.0
2002-07-25 00:00:00-04:00,5.900000095367432,6.440000057220459,5.900000095367432,6.010000228881836,154700,0.0,0.0
2002-07-26 00:00:00-04:00,6.099999904632568,6.309999942779541,5.760000228881836,6.309999942779541,67800,0.0,0.0
2002-07-29 00:00:00-04:00,6.389999866485596,6.449999809265137,5.989999771118164,6.0,129500,0.0,0.0
2002-07-30 00:00:00-04:00,5.949999809265137,6.039999961853027,5.949999809265137,6.0,27800,0.0,0.0
2002-07-31 00:00:00-04:00,6.0,6.0,5.760000228881836,5.849999904632568,71700,0.0,0.0
2002-08-01 00:00:00-04:00,5.849999904632568,5.849999904632568,5.389999866485596,5.400000095367432,176400,0.0,0.0
2002-08-02 00:00:00-04:00,5.400000095367432,5.409999847412109,4.880000114440918,4.949999809265137,596700,0.0,0.0
2002-08-05 00:00:00-04:00,4.960000038146973,5.099999904632568,4.889999866485596,5.0,8900,0.0,0.0
2002-08-06 00:00:00-04:00,5.090000152587891,5.25,4.909999847412109,5.0,54200,0.0,0.0
2002-08-07 00:00:00-04:00,5.269999980926514,5.369999885559082,4.96999979019165,4.989999771118164,103700,0.0,0.0
2002-08-08 00:00:00-04:00,5.099999904632568,5.409999847412109,4.949999809265137,5.0,96500,0.0,0.0
2002-08-09 00:00:00-04:00,5.0,5.050000190734863,4.900000095367432,5.03000020980835,215900,0.0,0.0
2002-08-12 00:00:00-04:00,5.0,5.25,4.900000095367432,5.25,31900,0.0,0.0
2002-08-13 00:00:00-04:00,5.099999904632568,5.599999904632568,5.099999904632568,5.25,34000,0.0,0.0
2002-08-14 00:00:00-04:00,5.300000190734863,5.300000190734863,5.099999904632568,5.300000190734863,21100,0.0,0.0
2002-08-15 00:00:00-04:00,5.289999961853027,5.300000190734863,5.099999904632568,5.099999904632568,151600,0.0,0.0
2002-08-16 00:00:00-04:00,5.300000190734863,5.300000190734863,5.119999885559082,5.300000190734863,3200,0.0,0.0
2002-08-19 00:00:00-04:00,5.289999961853027,6.599999904632568,5.289999961853027,6.590000152587891,65000,0.0,0.0
2002-08-20 00:00:00-04:00,6.510000228881836,6.550000190734863,6.300000190734863,6.349999904632568,25900,0.0,0.0
2002-08-21 00:00:00-04:00,6.349999904632568,7.199999809265137,6.349999904632568,7.0,39900,0.0,0.0
2002-08-22 00:00:00-04:00,7.139999866485596,7.139999866485596,6.389999866485596,6.900000095367432,17900,0.0,0.0
2002-08-23 00:00:00-04:00,6.900000095367432,6.900000095367432,6.550000190734863,6.650000095367432,3200,0.0,0.0
2002-08-26 00:00:00-04:00,6.550000190734863,6.550000190734863,5.760000228881836,6.010000228881836,35800,0.0,0.0
2002-08-27 00:00:00-04:00,6.340000152587891,6.340000152587891,5.800000190734863,5.829999923706055,29400,0.0,0.0
2002-08-28 00:00:00-04:00,5.829999923706055,6.039999961853027,5.820000171661377,5.849999904632568,29600,0.0,0.0
2002-08-29 00:00:00-04:00,5.800000190734863,5.989999771118164,5.550000190734863,5.989999771118164,6500,0.0,0.0
2002-08-30 00:00:00-04:00,5.550000190734863,6.0,5.449999809265137,6.0,46000,0.0,0.0
2002-09-03 00:00:00-04:00,5.829999923706055,5.949999809265137,5.369999885559082,5.400000095367432,21400,0.0,0.0
2002-09-04 00:00:00-04:00,5.400000095367432,5.78000020980835,5.369999885559082,5.5,24100,0.0,0.0
2002-09-05 00:00:00-04:00,5.699999809265137,6.0,5.550000190734863,5.869999885559082,97400,0.0,0.0
2002-09-06 00:00:00-04:00,5.949999809265137,6.010000228881836,5.949999809265137,5.980000019073486,11800,0.0,0.0
2002-09-09 00:00:00-04:00,5.849999904632568,5.980000019073486,5.75,5.96999979019165,51300,0.0,0.0
2002-09-10 00:00:00-04:00,6.0,6.070000171661377,5.860000133514404,6.0,12700,0.0,0.0
2002-09-11 00:00:00-04:00,6.099999904632568,6.309999942779541,6.010000228881836,6.199999809265137,6600,0.0,0.0
2002-09-12 00:00:00-04:00,6.119999885559082,6.650000095367432,5.920000076293945,6.230000019073486,17700,0.0,0.0
2002-09-13 00:00:00-04:00,6.199999809265137,6.239999771118164,6.079999923706055,6.21999979019165,7100,0.0,0.0
2002-09-16 00:00:00-04:00,6.21999979019165,6.300000190734863,6.119999885559082,6.300000190734863,2400,0.0,0.0
2002-09-17 00:00:00-04:00,6.340000152587891,6.420000076293945,6.0,6.0,20200,0.0,0.0
2002-09-18 00:00:00-04:00,6.010000228881836,6.050000190734863,5.849999904632568,5.849999904632568,48200,0.0,0.0
2002-09-19 00:00:00-04:00,5.840000152587891,5.840000152587891,5.369999885559082,5.380000114440918,61200,0.0,0.0
2002-09-20 00:00:00-04:00,5.550000190734863,5.610000133514404,5.449999809265137,5.579999923706055,39400,0.0,0.0
2002-09-23 00:00:00-04:00,5.510000228881836,5.590000152587891,5.420000076293945,5.5,164100,0.0,0.0
2002-09-24 00:00:00-04:00,5.420000076293945,5.570000171661377,5.420000076293945,5.559999942779541,56900,0.0,0.0
2002-09-25 00:00:00-04:00,5.519999980926514,5.519999980926514,5.400000095367432,5.5,38800,0.0,0.0
2002-09-26 00:00:00-04:00,5.46999979019165,5.659999847412109,5.269999980926514,5.300000190734863,113900,0.0,0.0
2002-09-27 00:00:00-04:00,5.25,5.309999942779541,5.179999828338623,5.199999809265137,15300,0.0,0.0
2002-09-30 00:00:00-04:00,5.210000038146973,5.289999961853027,5.150000095367432,5.289999961853027,11500,0.0,0.0
2002-10-01 00:00:00-04:00,5.329999923706055,5.329999923706055,5.090000152587891,5.260000228881836,29700,0.0,0.0
2002-10-02 00:00:00-04:00,5.329999923706055,5.699999809265137,5.329999923706055,5.550000190734863,16900,0.0,0.0
2002-10-03 00:00:00-04:00,5.510000228881836,5.650000095367432,5.489999771118164,5.550000190734863,55400,0.0,0.0
2002-10-04 00:00:00-04:00,5.480000019073486,5.53000020980835,5.460000038146973,5.460000038146973,13500,0.0,0.0
2002-10-07 00:00:00-04:00,5.599999904632568,5.730000019073486,5.460000038146973,5.559999942779541,88400,0.0,0.0
2002-10-08 00:00:00-04:00,5.559999942779541,5.730000019073486,5.449999809265137,5.670000076293945,75100,0.0,0.0
2002-10-09 00:00:00-04:00,5.579999923706055,5.670000076293945,5.400000095367432,5.5,54600,0.0,0.0
2002-10-10 00:00:00-04:00,5.449999809265137,5.599999904632568,5.409999847412109,5.599999904632568,61100,0.0,0.0
2002-10-11 00:00:00-04:00,5.5,5.739999771118164,5.400000095367432,5.690000057220459,37200,0.0,0.0
2002-10-14 00:00:00-04:00,5.639999866485596,6.210000038146973,5.599999904632568,5.889999866485596,48900,0.0,0.0
2002-10-15 00:00:00-04:00,6.0,6.199999809265137,6.0,6.190000057220459,39100,0.0,0.0
2002-10-16 00:00:00-04:00,6.130000114440918,6.199999809265137,6.0,6.090000152587891,20000,0.0,0.0
2002-10-17 00:00:00-04:00,6.010000228881836,6.079999923706055,5.949999809265137,6.0,117400,0.0,0.0
2002-10-18 00:00:00-04:00,6.079999923706055,6.199999809265137,5.789999961853027,5.940000057220459,236700,0.0,0.0
2002-10-21 00:00:00-04:00,5.960000038146973,6.0,5.849999904632568,5.869999885559082,7100,0.0,0.0
2002-10-22 00:00:00-04:00,5.909999847412109,6.119999885559082,5.909999847412109,5.940000057220459,3000,0.0,0.0
2002-10-23 00:00:00-04:00,5.960000038146973,6.239999771118164,5.800000190734863,6.239999771118164,11300,0.0,0.0
2002-10-24 00:00:00-04:00,6.230000019073486,6.25,6.090000152587891,6.199999809265137,7400,0.0,0.0
2002-10-25 00:00:00-04:00,6.309999942779541,6.699999809265137,6.21999979019165,6.699999809265137,11200,0.0,0.0
2002-10-28 00:00:00-05:00,6.690000057220459,6.75,6.260000228881836,6.269999980926514,78700,0.0,0.0
2002-10-29 00:00:00-05:00,6.300000190734863,6.300000190734863,6.130000114440918,6.25,14300,0.0,0.0
2002-10-30 00:00:00-05:00,6.25,6.949999809265137,6.239999771118164,6.909999847412109,43900,0.0,0.0
2002-10-31 00:00:00-05:00,6.730000019073486,7.5,6.730000019073486,7.400000095367432,45400,0.0,0.0
2002-11-01 00:00:00-05:00,7.53000020980835,8.699999809265137,7.53000020980835,8.65999984741211,38400,0.0,0.0
2002-11-04 00:00:00-05:00,8.710000038146973,9.100000381469727,8.680000305175781,8.899999618530273,122700,0.0,0.0
2002-11-05 00:00:00-05:00,8.8100004196167,8.850000381469727,8.5,8.699999809265137,80500,0.0,0.0
2002-11-06 00:00:00-05:00,8.550000190734863,8.649999618530273,8.050000190734863,8.399999618530273,84100,0.0,0.0
2002-11-07 00:00:00-05:00,8.40999984741211,8.479999542236328,8.0600004196167,8.09000015258789,50900,0.0,0.0
2002-11-08 00:00:00-05:00,8.100000381469727,8.100000381469727,7.380000114440918,7.699999809265137,31000,0.0,0.0
2002-11-11 00:00:00-05:00,7.539999961853027,7.539999961853027,7.110000133514404,7.110000133514404,20900,0.0,0.0
2002-11-12 00:00:00-05:00,7.25,7.389999866485596,6.96999979019165,7.199999809265137,40900,0.0,0.0
2002-11-13 00:00:00-05:00,7.199999809265137,7.360000133514404,7.099999904632568,7.349999904632568,14500,0.0,0.0
2002-11-14 00:00:00-05:00,7.369999885559082,7.5,7.340000152587891,7.5,36900,0.0,0.0
2002-11-15 00:00:00-05:00,7.5,7.699999809265137,7.309999942779541,7.699999809265137,90800,0.0,0.0
2002-11-18 00:00:00-05:00,7.710000038146973,8.170000076293945,7.5,8.119999885559082,238600,0.0,0.0
2002-11-19 00:00:00-05:00,7.800000190734863,8.59000015258789,7.800000190734863,8.319999694824219,64400,0.0,0.0
2002-11-20 00:00:00-05:00,8.180000305175781,8.609999656677246,8.170000076293945,8.59000015258789,26100,0.0,0.0
2002-11-21 00:00:00-05:00,8.609999656677246,8.640000343322754,7.909999847412109,8.100000381469727,19100,0.0,0.0
2002-11-22 00:00:00-05:00,8.0,8.0,7.5,7.880000114440918,165100,0.0,0.0
2002-11-25 00:00:00-05:00,7.909999847412109,8.8100004196167,7.630000114440918,8.15999984741211,30100,0.0,0.0
2002-11-26 00:00:00-05:00,7.789999961853027,8.300000190734863,7.590000152587891,7.820000171661377,28200,0.0,0.0
2002-11-27 00:00:00-05:00,7.980000019073486,8.789999961853027,7.900000095367432,8.789999961853027,30500,0.0,0.0
2002-11-29 00:00:00-05:00,8.5,8.5,8.119999885559082,8.180000305175781,12100,0.0,0.0
2002-12-02 00:00:00-05:00,8.130000114440918,8.65999984741211,8.130000114440918,8.510000228881836,34600,0.0,0.0
2002-12-03 00:00:00-05:00,8.40999984741211,9.180000305175781,8.40999984741211,9.100000381469727,20200,0.0,0.0
2002-12-04 00:00:00-05:00,8.989999771118164,9.229999542236328,8.770000457763672,8.800000190734863,107800,0.0,0.0
2002-12-05 00:00:00-05:00,8.720000267028809,8.720000267028809,8.329999923706055,8.460000038146973,27000,0.0,0.0
2002-12-06 00:00:00-05:00,8.289999961853027,8.850000381469727,8.279999732971191,8.800000190734863,27800,0.0,0.0
2002-12-09 00:00:00-05:00,8.789999961853027,8.800000190734863,8.199999809265137,8.210000038146973,27800,0.0,0.0
2002-12-10 00:00:00-05:00,8.229999542236328,8.229999542236328,7.590000152587891,8.0,34900,0.0,0.0
2002-12-11 00:00:00-05:00,7.989999771118164,8.0,7.590000152587891,7.920000076293945,5600,0.0,0.0
2002-12-12 00:00:00-05:00,7.590000152587891,7.940000057220459,7.590000152587891,7.940000057220459,6400,0.0,0.0
2002-12-13 00:00:00-05:00,7.590000152587891,7.590000152587891,6.809999942779541,7.0,64700,0.0,0.0
2002-12-16 00:00:00-05:00,7.110000133514404,7.119999885559082,6.75,6.960000038146973,47300,0.0,0.0
2002-12-17 00:00:00-05:00,6.96999979019165,7.099999904632568,6.949999809265137,6.960000038146973,94700,0.0,0.0
2002-12-18 00:00:00-05:00,7.159999847412109,7.28000020980835,7.0,7.260000228881836,210100,0.0,0.0
2002-12-19 00:00:00-05:00,7.329999923706055,7.940000057220459,7.329999923706055,7.460000038146973,40300,0.0,0.0
2002-12-20 00:00:00-05:00,7.449999809265137,7.849999904632568,7.099999904632568,7.190000057220459,72900,0.0,0.0
2002-12-23 00:00:00-05:00,7.300000190734863,8.699999809265137,7.28000020980835,7.539999961853027,181000,0.0,0.0
2002-12-24 00:00:00-05:00,7.5,7.5,6.900000095367432,6.980000019073486,48200,0.0,0.0
2002-12-26 00:00:00-05:00,7.130000114440918,7.130000114440918,6.800000190734863,7.130000114440918,16900,0.0,0.0
2002-12-27 00:00:00-05:00,6.800000190734863,7.110000133514404,6.710000038146973,6.880000114440918,10300,0.0,0.0
2002-12-30 00:00:00-05:00,6.78000020980835,6.78000020980835,5.869999885559082,6.130000114440918,41800,0.0,0.0
2002-12-31 00:00:00-05:00,6.159999847412109,7.309999942779541,6.099999904632568,6.929999828338623,89600,0.0,0.0
2003-01-02 00:00:00-05:00,7.190000057220459,7.289999961853027,6.900000095367432,6.980000019073486,41500,0.0,0.0
2003-01-03 00:00:00-05:00,6.909999847412109,6.980000019073486,6.130000114440918,6.28000020980835,57900,0.0,0.0
2003-01-06 00:00:00-05:00,6.360000133514404,6.690000057220459,6.199999809265137,6.539999961853027,58200,0.0,0.0
2003-01-07 00:00:00-05:00,6.630000114440918,7.25,6.46999979019165,7.0,41800,0.0,0.0
2003-01-08 00:00:00-05:00,7.010000228881836,7.090000152587891,6.650000095367432,7.03000020980835,35100,0.0,0.0
2003-01-09 00:00:00-05:00,7.050000190734863,7.809999942779541,7.03000020980835,7.46999979019165,66900,0.0,0.0
2003-01-10 00:00:00-05:00,7.46999979019165,7.820000171661377,7.46999979019165,7.599999904632568,153000,0.0,0.0
2003-01-13 00:00:00-05:00,7.679999828338623,7.849999904632568,7.25,7.25,14900,0.0,0.0
2003-01-14 00:00:00-05:00,7.260000228881836,7.400000095367432,7.199999809265137,7.349999904632568,35700,0.0,0.0
2003-01-15 00:00:00-05:00,7.440000057220459,7.730000019073486,6.96999979019165,7.050000190734863,23700,0.0,0.0
2003-01-16 00:00:00-05:00,6.989999771118164,7.070000171661377,6.78000020980835,6.829999923706055,50500,0.0,0.0
2003-01-17 00:00:00-05:00,6.78000020980835,6.869999885559082,6.559999942779541,6.559999942779541,29800,0.0,0.0
2003-01-21 00:00:00-05:00,6.599999904632568,7.289999961853027,6.599999904632568,6.920000076293945,48400,0.0,0.0
2003-01-22 00:00:00-05:00,6.920000076293945,7.019999980926514,6.900000095367432,6.920000076293945,74900,0.0,0.0
2003-01-23 00:00:00-05:00,6.960000038146973,6.96999979019165,6.550000190734863,6.690000057220459,29400,0.0,0.0
2003-01-24 00:00:00-05:00,6.0,6.0,5.300000190734863,5.480000019073486,524300,0.0,0.0
2003-01-27 00:00:00-05:00,5.5,5.599999904632568,5.099999904632568,5.239999771118164,89300,0.0,0.0
2003-01-28 00:00:00-05:00,5.25,5.610000133514404,5.25,5.590000152587891,173800,0.0,0.0
2003-01-29 00:00:00-05:00,5.550000190734863,6.110000133514404,5.300000190734863,5.860000133514404,23900,0.0,0.0
2003-01-30 00:00:00-05:00,5.949999809265137,6.179999828338623,5.75,6.050000190734863,82500,0.0,0.0
2003-01-31 00:00:00-05:00,6.0,6.489999771118164,5.639999866485596,6.25,62900,0.0,0.0
2003-02-03 00:00:00-05:00,6.329999923706055,6.599999904632568,6.329999923706055,6.550000190734863,36400,0.0,0.0
2003-02-04 00:00:00-05:00,6.53000020980835,6.760000228881836,6.269999980926514,6.760000228881836,24800,0.0,0.0
2003-02-05 00:00:00-05:00,6.699999809265137,6.909999847412109,6.360000133514404,6.900000095367432,30700,0.0,0.0
2003-02-06 00:00:00-05:00,6.909999847412109,6.909999847412109,6.519999980926514,6.599999904632568,38300,0.0,0.0
2003-02-07 00:00:00-05:00,6.670000076293945,6.989999771118164,6.260000228881836,6.880000114440918,57000,0.0,0.0
2003-02-10 00:00:00-05:00,6.760000228881836,6.989999771118164,6.679999828338623,6.75,8700,0.0,0.0
2003-02-11 00:00:00-05:00,6.650000095367432,6.800000190734863,6.5,6.590000152587891,11500,0.0,0.0
2003-02-12 00:00:00-05:00,6.510000228881836,6.510000228881836,6.25,6.349999904632568,40100,0.0,0.0
2003-02-13 00:00:00-05:00,6.349999904632568,6.5,6.190000057220459,6.5,49900,0.0,0.0
2003-02-14 00:00:00-05:00,6.449999809265137,7.0,6.329999923706055,6.960000038146973,161900,0.0,0.0
2003-02-18 00:00:00-05:00,6.880000114440918,7.309999942779541,6.800000190734863,7.309999942779541,100200,0.0,0.0
2003-02-19 00:00:00-05:00,7.380000114440918,7.619999885559082,7.239999771118164,7.590000152587891,62400,0.0,0.0
2003-02-20 00:00:00-05:00,7.570000171661377,7.610000133514404,7.349999904632568,7.460000038146973,138700,0.0,0.0
2003-02-21 00:00:00-05:00,7.289999961853027,7.420000076293945,7.019999980926514,7.289999961853027,77000,0.0,0.0
2003-02-24 00:00:00-05:00,7.199999809265137,7.199999809265137,6.860000133514404,6.96999979019165,31800,0.0,0.0
2003-02-25 00:00:00-05:00,7.03000020980835,7.03000020980835,6.369999885559082,6.550000190734863,23300,0.0,0.0
2003-02-26 00:00:00-05:00,6.550000190734863,6.710000038146973,6.300000190734863,6.360000133514404,58700,0.0,0.0
2003-02-27 00:00:00-05:00,6.360000133514404,6.5,6.159999847412109,6.25,27200,0.0,0.0
2003-02-28 00:00:00-05:00,6.159999847412109,6.230000019073486,5.980000019073486,6.010000228881836,62100,0.0,0.0
2003-03-03 00:00:00-05:00,6.039999961853027,6.260000228881836,6.019999980926514,6.260000228881836,4700,0.0,0.0
2003-03-04 00:00:00-05:00,6.170000076293945,6.369999885559082,6.110000133514404,6.340000152587891,3500,0.0,0.0
2003-03-05 00:00:00-05:00,6.409999847412109,6.909999847412109,6.409999847412109,6.730000019073486,24000,0.0,0.0
2003-03-06 00:00:00-05:00,6.760000228881836,6.880000114440918,6.75,6.880000114440918,34300,0.0,0.0
2003-03-07 00:00:00-05:00,6.949999809265137,7.010000228881836,6.849999904632568,6.889999866485596,12900,0.0,0.0
2003-03-10 00:00:00-05:00,6.920000076293945,7.090000152587891,6.869999885559082,7.010000228881836,15100,0.0,0.0
2003-03-11 00:00:00-05:00,7.019999980926514,7.25,7.019999980926514,7.199999809265137,90600,0.0,0.0
2003-03-12 00:00:00-05:00,7.190000057220459,7.25,7.099999904632568,7.25,18900,0.0,0.0
2003-03-13 00:00:00-05:00,7.090000152587891,7.25,7.090000152587891,7.25,80700,0.0,0.0
2003-03-14 00:00:00-05:00,7.25,7.25,6.949999809265137,7.119999885559082,90600,0.0,0.0
2003-03-17 00:00:00-05:00,6.889999866485596,6.889999866485596,6.190000057220459,6.309999942779541,48500,0.0,0.0
2003-03-18 00:00:00-05:00,6.179999828338623,6.28000020980835,6.099999904632568,6.21999979019165,13700,0.0,0.0
2003-03-19 00:00:00-05:00,6.269999980926514,6.46999979019165,6.050000190734863,6.380000114440918,13600,0.0,0.0
2003-03-20 00:00:00-05:00,6.260000228881836,6.5,6.260000228881836,6.400000095367432,14900,0.0,0.0
2003-03-21 00:00:00-05:00,6.449999809265137,6.519999980926514,6.199999809265137,6.369999885559082,53700,0.0,0.0
2003-03-24 00:00:00-05:00,6.71999979019165,6.940000057220459,6.340000152587891,6.730000019073486,53500,0.0,0.0
2003-03-25 00:00:00-05:00,6.730000019073486,7.170000076293945,6.659999847412109,7.130000114440918,85100,0.0,0.0
2003-03-26 00:00:00-05:00,7.179999828338623,7.179999828338623,6.78000020980835,6.849999904632568,19800,0.0,0.0
2003-03-27 00:00:00-05:00,6.849999904632568,6.989999771118164,6.650000095367432,6.75,19100,0.0,0.0
2003-03-28 00:00:00-05:00,6.800000190734863,6.860000133514404,6.75,6.78000020980835,3500,0.0,0.0
2003-03-31 00:00:00-05:00,6.710000038146973,6.710000038146973,6.329999923706055,6.349999904632568,14600,0.0,0.0
2003-04-01 00:00:00-05:00,6.46999979019165,6.650000095367432,6.449999809265137,6.550000190734863,15600,0.0,0.0
2003-04-02 00:00:00-05:00,6.570000171661377,6.710000038146973,6.460000038146973,6.639999866485596,20400,0.0,0.0
2003-04-03 00:00:00-05:00,6.559999942779541,6.980000019073486,6.559999942779541,6.900000095367432,26800,0.0,0.0
2003-04-04 00:00:00-05:00,6.949999809265137,6.949999809265137,6.630000114440918,6.900000095367432,17800,0.0,0.0
2003-04-07 00:00:00-04:00,6.920000076293945,7.03000020980835,6.920000076293945,7.019999980926514,73500,0.0,0.0
2003-04-08 00:00:00-04:00,7.010000228881836,7.010000228881836,6.809999942779541,6.949999809265137,35100,0.0,0.0
2003-04-09 00:00:00-04:00,6.960000038146973,7.050000190734863,6.789999961853027,6.869999885559082,7600,0.0,0.0
2003-04-10 00:00:00-04:00,6.96999979019165,6.96999979019165,6.800000190734863,6.860000133514404,3300,0.0,0.0
2003-04-11 00:00:00-04:00,6.739999771118164,7.0,6.730000019073486,6.900000095367432,32400,0.0,0.0
2003-04-14 00:00:00-04:00,6.900000095367432,6.900000095367432,6.849999904632568,6.889999866485596,3100,0.0,0.0
2003-04-15 00:00:00-04:00,6.900000095367432,6.940000057220459,6.559999942779541,6.940000057220459,12300,0.0,0.0
2003-04-16 00:00:00-04:00,6.989999771118164,7.0,6.400000095367432,6.599999904632568,40200,0.0,0.0
2003-04-17 00:00:00-04:00,6.889999866485596,6.989999771118164,6.840000152587891,6.880000114440918,9300,0.0,0.0
2003-04-21 00:00:00-04:00,7.0,7.0,6.260000228881836,6.389999866485596,69100,0.0,0.0
2003-04-22 00:00:00-04:00,6.269999980926514,6.559999942779541,6.099999904632568,6.53000020980835,22700,0.0,0.0
2003-04-23 00:00:00-04:00,6.53000020980835,6.78000020980835,6.269999980926514,6.739999771118164,8200,0.0,0.0
2003-04-24 00:00:00-04:00,6.730000019073486,6.730000019073486,6.389999866485596,6.5,9600,0.0,0.0
2003-04-25 00:00:00-04:00,6.369999885559082,6.460000038146973,6.340000152587891,6.400000095367432,3600,0.0,0.0
2003-04-28 00:00:00-04:00,6.409999847412109,6.900000095367432,6.409999847412109,6.900000095367432,2700,0.0,0.0
2003-04-29 00:00:00-04:00,6.889999866485596,7.050000190734863,6.400000095367432,7.010000228881836,99200,0.0,0.0
2003-04-30 00:00:00-04:00,6.940000057220459,7.5,6.900000095367432,7.400000095367432,43800,0.0,0.0
2003-05-01 00:00:00-04:00,7.260000228881836,8.100000381469727,7.21999979019165,7.849999904632568,92900,0.0,0.0
2003-05-02 00:00:00-04:00,7.889999866485596,8.270000457763672,7.789999961853027,8.199999809265137,37700,0.0,0.0
2003-05-05 00:00:00-04:00,8.15999984741211,8.270000457763672,7.920000076293945,8.170000076293945,39800,0.0,0.0
2003-05-06 00:00:00-04:00,8.140000343322754,8.449999809265137,7.889999866485596,8.149999618530273,57600,0.0,0.0
2003-05-07 00:00:00-04:00,8.170000076293945,8.449999809265137,7.909999847412109,8.149999618530273,50100,0.0,0.0
2003-05-08 00:00:00-04:00,8.069999694824219,8.260000228881836,7.900000095367432,8.119999885559082,40900,0.0,0.0
2003-05-09 00:00:00-04:00,8.050000190734863,8.329999923706055,7.789999961853027,8.010000228881836,97000,0.0,0.0
2003-05-12 00:00:00-04:00,8.0,8.289999961853027,7.909999847412109,8.25,102300,0.0,0.0
2003-05-13 00:00:00-04:00,8.239999771118164,8.4399995803833,7.5,8.199999809265137,23100,0.0,0.0
2003-05-14 00:00:00-04:00,8.079999923706055,8.199999809265137,8.0,8.180000305175781,30300,0.0,0.0
2003-05-15 00:00:00-04:00,8.199999809265137,8.229999542236328,8.140000343322754,8.229999542236328,71200,0.0,0.0
2003-05-16 00:00:00-04:00,8.229999542236328,9.010000228881836,8.0,9.0,97000,0.0,0.0
2003-05-19 00:00:00-04:00,8.960000038146973,8.960000038146973,8.449999809265137,8.800000190734863,69800,0.0,0.0
2003-05-20 00:00:00-04:00,8.65999984741211,8.829999923706055,8.550000190734863,8.8100004196167,32600,0.0,0.0
2003-05-21 00:00:00-04:00,8.800000190734863,8.869999885559082,8.199999809265137,8.420000076293945,51000,0.0,0.0
2003-05-22 00:00:00-04:00,8.510000228881836,8.800000190734863,8.4399995803833,8.789999961853027,40600,0.0,0.0
2003-05-23 00:00:00-04:00,8.710000038146973,9.699999809265137,8.5600004196167,9.670000076293945,87500,0.0,0.0
2003-05-27 00:00:00-04:00,9.489999771118164,10.050000190734863,9.399999618530273,9.59000015258789,142100,0.0,0.0
2003-05-28 00:00:00-04:00,9.460000038146973,9.670000076293945,9.199999809265137,9.350000381469727,85900,0.0,0.0
2003-05-29 00:00:00-04:00,9.239999771118164,9.789999961853027,9.050000190734863,9.600000381469727,34300,0.0,0.0
2003-05-30 00:00:00-04:00,9.569999694824219,11.119999885559082,9.3100004196167,10.9399995803833,186400,0.0,0.0
2003-06-02 00:00:00-04:00,11.0,12.050000190734863,11.0,12.050000190734863,159300,0.0,0.0
2003-06-03 00:00:00-04:00,12.0,13.010000228881836,11.649999618530273,13.010000228881836,123900,0.0,0.0
2003-06-04 00:00:00-04:00,12.6899995803833,13.220000267028809,12.640000343322754,13.149999618530273,192000,0.0,0.0
2003-06-05 00:00:00-04:00,13.010000228881836,13.199999809265137,12.5,12.5,59400,0.0,0.0
2003-06-06 00:00:00-04:00,12.600000381469727,12.600000381469727,10.319999694824219,10.899999618530273,118100,0.0,0.0
2003-06-09 00:00:00-04:00,10.890000343322754,11.449999809265137,10.729999542236328,11.359999656677246,45900,0.0,0.0
2003-06-10 00:00:00-04:00,11.5,11.5,10.600000381469727,11.350000381469727,122000,0.0,0.0
2003-06-11 00:00:00-04:00,11.449999809265137,11.75,11.25,11.720000267028809,81000,0.0,0.0
2003-06-12 00:00:00-04:00,11.75,11.850000381469727,11.350000381469727,11.8100004196167,46800,0.0,0.0
2003-06-13 00:00:00-04:00,11.850000381469727,11.989999771118164,11.220000267028809,11.420000076293945,34200,0.0,0.0
2003-06-16 00:00:00-04:00,11.199999809265137,12.029999732971191,11.130000114440918,12.0,88900,0.0,0.0
2003-06-17 00:00:00-04:00,11.8100004196167,12.199999809265137,11.5,11.920000076293945,96700,0.0,0.0
2003-06-18 00:00:00-04:00,11.859999656677246,12.5,11.84000015258789,12.25,46200,0.0,0.0
2003-06-19 00:00:00-04:00,12.239999771118164,12.5,12.0,12.25,91900,0.0,0.0
2003-06-20 00:00:00-04:00,12.489999771118164,12.489999771118164,11.600000381469727,12.279999732971191,170100,0.0,0.0
2003-06-23 00:00:00-04:00,12.140000343322754,12.539999961853027,11.920000076293945,12.529999732971191,97900,0.0,0.0
2003-06-24 00:00:00-04:00,12.550000190734863,12.5600004196167,11.930000305175781,11.989999771118164,51200,0.0,0.0
2003-06-25 00:00:00-04:00,11.9399995803833,12.119999885559082,11.569999694824219,11.720000267028809,61300,0.0,0.0
2003-06-26 00:00:00-04:00,11.869999885559082,12.3100004196167,11.640000343322754,12.3100004196167,57400,0.0,0.0
2003-06-27 00:00:00-04:00,12.170000076293945,12.369999885559082,11.510000228881836,11.739999771118164,47800,0.0,0.0
2003-06-30 00:00:00-04:00,12.050000190734863,12.050000190734863,11.359999656677246,11.699999809265137,132700,0.0,0.0
2003-07-01 00:00:00-04:00,11.539999961853027,11.800000190734863,11.220000267028809,11.800000190734863,78500,0.0,0.0
2003-07-02 00:00:00-04:00,11.850000381469727,12.100000381469727,11.569999694824219,11.789999961853027,81100,0.0,0.0
2003-07-03 00:00:00-04:00,11.300000190734863,11.800000190734863,11.300000190734863,11.65999984741211,36300,0.0,0.0
2003-07-07 00:00:00-04:00,11.819999694824219,12.100000381469727,11.770000457763672,11.859999656677246,179200,0.0,0.0
2003-07-08 00:00:00-04:00,12.050000190734863,12.149999618530273,11.649999618530273,11.829999923706055,31900,0.0,0.0
2003-07-09 00:00:00-04:00,11.789999961853027,12.300000190734863,11.649999618530273,12.149999618530273,32400,0.0,0.0
2003-07-10 00:00:00-04:00,12.289999961853027,12.380000114440918,12.050000190734863,12.210000038146973,62600,0.0,0.0
2003-07-11 00:00:00-04:00,12.199999809265137,12.470000267028809,12.020000457763672,12.1899995803833,36200,0.0,0.0
2003-07-14 00:00:00-04:00,12.0,12.479999542236328,12.0,12.449999809265137,28300,0.0,0.0
2003-07-15 00:00:00-04:00,12.449999809265137,12.520000457763672,12.239999771118164,12.449999809265137,227100,0.0,0.0
2003-07-16 00:00:00-04:00,12.300000190734863,13.289999961853027,12.149999618530273,13.289999961853027,149500,0.0,0.0
2003-07-17 00:00:00-04:00,13.380000114440918,14.460000038146973,13.180000305175781,13.430000305175781,110000,0.0,0.0
2003-07-18 00:00:00-04:00,13.140000343322754,13.84000015258789,13.039999961853027,13.40999984741211,61500,0.0,0.0
2003-07-21 00:00:00-04:00,13.5,13.75,13.140000343322754,13.329999923706055,34300,0.0,0.0
2003-07-22 00:00:00-04:00,13.59000015258789,13.75,13.350000381469727,13.75,80300,0.0,0.0
2003-07-23 00:00:00-04:00,13.75,13.84000015258789,13.369999885559082,13.569999694824219,37500,0.0,0.0
2003-07-24 00:00:00-04:00,13.829999923706055,13.850000381469727,13.390000343322754,13.539999961853027,51600,0.0,0.0
2003-07-25 00:00:00-04:00,13.300000190734863,13.829999923706055,13.279999732971191,13.75,65800,0.0,0.0
2003-07-28 00:00:00-04:00,13.899999618530273,13.949999809265137,13.270000457763672,13.350000381469727,66400,0.0,0.0
2003-07-29 00:00:00-04:00,12.199999809265137,12.90999984741211,11.399999618530273,12.829999923706055,216200,0.0,0.0
2003-07-30 00:00:00-04:00,12.829999923706055,13.229999542236328,12.420000076293945,13.199999809265137,95600,0.0,0.0
2003-07-31 00:00:00-04:00,13.15999984741211,13.550000190734863,12.75,12.9399995803833,49500,0.0,0.0
2003-08-01 00:00:00-04:00,12.819999694824219,12.819999694824219,11.899999618530273,12.279999732971191,19100,0.0,0.0
2003-08-04 00:00:00-04:00,12.34000015258789,12.949999809265137,12.239999771118164,12.609999656677246,61600,0.0,0.0
2003-08-05 00:00:00-04:00,12.6899995803833,12.699999809265137,12.100000381469727,12.279999732971191,16400,0.0,0.0
2003-08-06 00:00:00-04:00,12.239999771118164,12.75,11.960000038146973,12.75,53000,0.0,0.0
2003-08-07 00:00:00-04:00,12.800000190734863,12.899999618530273,11.989999771118164,12.149999618530273,80000,0.0,0.0
2003-08-08 00:00:00-04:00,12.350000381469727,12.399999618530273,12.050000190734863,12.050000190734863,97600,0.0,0.0
2003-08-11 00:00:00-04:00,12.050000190734863,12.1899995803833,11.800000190734863,12.1899995803833,174700,0.0,0.0
2003-08-12 00:00:00-04:00,12.1899995803833,12.1899995803833,11.850000381469727,12.020000457763672,61600,0.0,0.0
2003-08-13 00:00:00-04:00,11.960000038146973,12.029999732971191,11.789999961853027,11.960000038146973,170900,0.0,0.0
2003-08-14 00:00:00-04:00,11.779999732971191,12.0,11.779999732971191,11.970000267028809,14000,0.0,0.0
2003-08-15 00:00:00-04:00,11.890000343322754,11.979999542236328,11.84000015258789,11.949999809265137,15500,0.0,0.0
2003-08-18 00:00:00-04:00,11.880000114440918,12.010000228881836,11.829999923706055,11.920000076293945,49900,0.0,0.0
2003-08-19 00:00:00-04:00,11.8100004196167,11.819999694824219,11.539999961853027,11.75,64700,0.0,0.0
2003-08-20 00:00:00-04:00,11.529999732971191,11.789999961853027,11.399999618530273,11.5,28400,0.0,0.0
2003-08-21 00:00:00-04:00,11.649999618530273,11.649999618530273,11.399999618530273,11.5,10000,0.0,0.0
2003-08-22 00:00:00-04:00,11.59000015258789,11.65999984741211,11.369999885559082,11.600000381469727,64400,0.0,0.0
2003-08-25 00:00:00-04:00,11.600000381469727,11.600000381469727,11.359999656677246,11.600000381469727,124200,0.0,0.0
2003-08-26 00:00:00-04:00,11.3100004196167,11.5,11.3100004196167,11.5,44500,0.0,0.0
2003-08-27 00:00:00-04:00,11.5,11.8100004196167,11.460000038146973,11.8100004196167,75100,0.0,0.0
2003-08-28 00:00:00-04:00,11.640000343322754,12.34000015258789,11.640000343322754,12.229999542236328,153800,0.0,0.0
2003-08-29 00:00:00-04:00,12.09000015258789,12.390000343322754,11.949999809265137,12.079999923706055,130300,0.0,0.0
2003-09-02 00:00:00-04:00,12.149999618530273,12.600000381469727,11.989999771118164,12.550000190734863,116700,0.0,0.0
2003-09-03 00:00:00-04:00,12.550000190734863,12.899999618530273,12.34000015258789,12.829999923706055,59300,0.0,0.0
2003-09-04 00:00:00-04:00,12.829999923706055,12.9399995803833,12.619999885559082,12.899999618530273,13900,0.0,0.0
2003-09-05 00:00:00-04:00,12.779999732971191,12.859999656677246,11.979999542236328,12.140000343322754,39500,0.0,0.0
2003-09-08 00:00:00-04:00,12.09000015258789,12.229999542236328,11.920000076293945,12.140000343322754,21800,0.0,0.0
2003-09-09 00:00:00-04:00,12.020000457763672,12.020000457763672,11.5600004196167,11.75,16200,0.0,0.0
2003-09-10 00:00:00-04:00,11.600000381469727,11.789999961853027,11.119999885559082,11.149999618530273,23600,0.0,0.0
2003-09-11 00:00:00-04:00,11.220000267028809,11.529999732971191,10.8100004196167,11.130000114440918,19000,0.0,0.0
2003-09-12 00:00:00-04:00,11.199999809265137,11.199999809265137,10.5,10.729999542236328,39300,0.0,0.0
2003-09-15 00:00:00-04:00,10.890000343322754,11.199999809265137,10.789999961853027,10.930000305175781,53200,0.0,0.0
2003-09-16 00:00:00-04:00,10.800000190734863,11.149999618530273,10.800000190734863,10.949999809265137,49000,0.0,0.0
2003-09-17 00:00:00-04:00,11.050000190734863,11.050000190734863,10.819999694824219,10.9399995803833,92500,0.0,0.0
2003-09-18 00:00:00-04:00,10.899999618530273,11.079999923706055,10.539999961853027,10.90999984741211,18000,0.0,0.0
2003-09-19 00:00:00-04:00,10.6899995803833,11.09000015258789,10.520000457763672,10.59000015258789,33300,0.0,0.0
2003-09-22 00:00:00-04:00,10.579999923706055,10.579999923706055,9.550000190734863,9.59000015258789,36300,0.0,0.0
2003-09-23 00:00:00-04:00,9.600000381469727,10.140000343322754,9.600000381469727,9.949999809265137,29600,0.0,0.0
2003-09-24 00:00:00-04:00,9.869999885559082,10.25,9.270000457763672,9.3100004196167,48800,0.0,0.0
2003-09-25 00:00:00-04:00,9.510000228881836,9.649999618530273,9.300000190734863,9.5,106300,0.0,0.0
2003-09-26 00:00:00-04:00,9.5,9.649999618530273,9.25,9.449999809265137,32200,0.0,0.0
2003-09-29 00:00:00-04:00,10.699999809265137,11.819999694824219,10.300000190734863,11.649999618530273,145700,0.0,0.0
2003-09-30 00:00:00-04:00,11.720000267028809,11.720000267028809,11.25,11.25,71500,0.0,0.0
2003-10-01 00:00:00-04:00,11.5,12.050000190734863,11.260000228881836,11.930000305175781,106900,0.0,0.0
2003-10-02 00:00:00-04:00,12.010000228881836,12.970000267028809,11.899999618530273,12.779999732971191,81500,0.0,0.0
2003-10-03 00:00:00-04:00,13.010000228881836,13.010000228881836,12.220000267028809,12.6899995803833,36000,0.0,0.0
2003-10-06 00:00:00-04:00,12.699999809265137,12.9399995803833,12.470000267028809,12.90999984741211,17100,0.0,0.0
2003-10-07 00:00:00-04:00,12.970000267028809,13.350000381469727,12.779999732971191,13.25,38300,0.0,0.0
2003-10-08 00:00:00-04:00,13.180000305175781,13.460000038146973,12.84000015258789,13.399999618530273,32700,0.0,0.0
2003-10-09 00:00:00-04:00,13.399999618530273,13.739999771118164,12.539999961853027,12.739999771118164,77500,0.0,0.0
2003-10-10 00:00:00-04:00,12.699999809265137,12.84000015258789,12.489999771118164,12.5,10800,0.0,0.0
2003-10-13 00:00:00-04:00,13.119999885559082,13.869999885559082,12.880000114440918,13.25,71400,0.0,0.0
2003-10-14 00:00:00-04:00,13.25,14.010000228881836,13.100000381469727,14.0,93200,0.0,0.0
2003-10-15 00:00:00-04:00,14.0,14.050000190734863,13.949999809265137,14.0,73000,0.0,0.0
2003-10-16 00:00:00-04:00,14.0,14.25,13.880000114440918,14.0,72200,0.0,0.0
2003-10-17 00:00:00-04:00,14.130000114440918,14.199999809265137,13.850000381469727,13.930000305175781,113300,0.0,0.0
2003-10-20 00:00:00-04:00,14.09000015258789,14.300000190734863,13.850000381469727,14.289999961853027,45000,0.0,0.0
2003-10-21 00:00:00-04:00,14.170000076293945,14.210000038146973,13.960000038146973,13.989999771118164,36400,0.0,0.0
2003-10-22 00:00:00-04:00,13.84000015258789,13.850000381469727,13.119999885559082,13.279999732971191,37900,0.0,0.0
2003-10-23 00:00:00-04:00,13.100000381469727,13.319999694824219,12.260000228881836,13.0,55400,0.0,0.0
2003-10-24 00:00:00-04:00,12.880000114440918,12.880000114440918,12.029999732971191,12.029999732971191,161700,0.0,0.0
2003-10-27 00:00:00-05:00,12.010000228881836,12.369999885559082,12.0,12.100000381469727,38200,0.0,0.0
2003-10-28 00:00:00-05:00,11.899999618530273,12.0,11.34000015258789,11.630000114440918,114800,0.0,0.0
2003-10-29 00:00:00-05:00,11.619999885559082,12.050000190734863,11.470000267028809,11.930000305175781,145500,0.0,0.0
2003-10-30 00:00:00-05:00,11.979999542236328,12.0,11.510000228881836,11.640000343322754,57300,0.0,0.0
2003-10-31 00:00:00-05:00,11.9399995803833,11.949999809265137,11.430000305175781,11.800000190734863,33200,0.0,0.0
2003-11-03 00:00:00-05:00,11.819999694824219,12.0,11.40999984741211,12.0,60300,0.0,0.0
2003-11-04 00:00:00-05:00,11.729999542236328,11.890000343322754,11.420000076293945,11.890000343322754,32000,0.0,0.0
2003-11-05 00:00:00-05:00,11.720000267028809,12.649999618530273,11.319999694824219,12.489999771118164,235700,0.0,0.0
2003-11-06 00:00:00-05:00,12.5,13.100000381469727,12.5,13.09000015258789,247900,0.0,0.0
2003-11-07 00:00:00-05:00,13.119999885559082,13.550000190734863,12.760000228881836,13.550000190734863,192600,0.0,0.0
2003-11-10 00:00:00-05:00,13.550000190734863,13.550000190734863,13.010000228881836,13.420000076293945,59600,0.0,0.0
2003-11-11 00:00:00-05:00,13.40999984741211,13.5600004196167,13.100000381469727,13.510000228881836,71000,0.0,0.0
2003-11-12 00:00:00-05:00,13.3100004196167,13.729999542236328,13.3100004196167,13.539999961853027,190300,0.0,0.0
2003-11-13 00:00:00-05:00,13.489999771118164,13.539999961853027,13.09000015258789,13.460000038146973,56600,0.0,0.0
2003-11-14 00:00:00-05:00,13.5600004196167,13.649999618530273,13.369999885559082,13.619999885559082,98900,0.0,0.0
2003-11-17 00:00:00-05:00,13.550000190734863,13.550000190734863,12.069999694824219,13.0,58700,0.0,0.0
2003-11-18 00:00:00-05:00,13.010000228881836,13.15999984741211,12.050000190734863,12.050000190734863,46500,0.0,0.0
2003-11-19 00:00:00-05:00,12.0,12.109999656677246,11.65999984741211,11.800000190734863,35500,0.0,0.0
2003-11-20 00:00:00-05:00,11.739999771118164,11.869999885559082,11.100000381469727,11.510000228881836,44300,0.0,0.0
2003-11-21 00:00:00-05:00,11.529999732971191,11.670000076293945,11.449999809265137,11.5,69100,0.0,0.0
2003-11-24 00:00:00-05:00,11.449999809265137,12.069999694824219,11.449999809265137,11.5,75500,0.0,0.0
2003-11-25 00:00:00-05:00,11.430000305175781,11.649999618530273,11.050000190734863,11.109999656677246,60100,0.0,0.0
2003-11-26 00:00:00-05:00,11.140000343322754,11.449999809265137,10.5600004196167,10.970000267028809,61300,0.0,0.0
2003-11-28 00:00:00-05:00,10.880000114440918,11.239999771118164,10.880000114440918,11.229999542236328,9800,0.0,0.0
2003-12-01 00:00:00-05:00,11.399999618530273,12.100000381469727,11.399999618530273,12.09000015258789,40500,0.0,0.0
2003-12-02 00:00:00-05:00,12.0,12.5,11.930000305175781,12.4399995803833,56400,0.0,0.0
2003-12-03 00:00:00-05:00,12.300000190734863,13.25,12.149999618530273,12.380000114440918,69500,0.0,0.0
2003-12-04 00:00:00-05:00,12.3100004196167,12.739999771118164,12.119999885559082,12.5,83100,0.0,0.0
2003-12-05 00:00:00-05:00,12.640000343322754,12.640000343322754,12.300000190734863,12.5,25400,0.0,0.0
2003-12-08 00:00:00-05:00,12.680000305175781,12.890000343322754,12.449999809265137,12.8100004196167,28600,0.0,0.0
2003-12-09 00:00:00-05:00,12.729999542236328,12.800000190734863,12.300000190734863,12.5600004196167,49800,0.0,0.0
2003-12-10 00:00:00-05:00,12.350000381469727,12.399999618530273,12.15999984741211,12.319999694824219,65200,0.0,0.0
2003-12-11 00:00:00-05:00,12.25,12.850000381469727,12.210000038146973,12.800000190734863,180600,0.0,0.0
2003-12-12 00:00:00-05:00,12.84000015258789,13.880000114440918,12.350000381469727,13.800000190734863,69900,0.0,0.0
2003-12-15 00:00:00-05:00,13.890000343322754,13.970000267028809,12.600000381469727,12.600000381469727,74100,0.0,0.0
2003-12-16 00:00:00-05:00,12.609999656677246,13.430000305175781,12.5600004196167,13.039999961853027,37500,0.0,0.0
2003-12-17 00:00:00-05:00,12.9399995803833,13.050000190734863,12.399999618530273,12.949999809265137,67300,0.0,0.0
2003-12-18 00:00:00-05:00,12.84000015258789,13.25,12.649999618530273,13.039999961853027,26500,0.0,0.0
2003-12-19 00:00:00-05:00,13.229999542236328,14.239999771118164,12.920000076293945,13.75,78600,0.0,0.0
2003-12-22 00:00:00-05:00,13.739999771118164,14.34000015258789,13.600000381469727,13.930000305175781,83500,0.0,0.0
2003-12-23 00:00:00-05:00,13.949999809265137,14.149999618530273,13.319999694824219,13.420000076293945,48900,0.0,0.0
2003-12-24 00:00:00-05:00,13.319999694824219,13.899999618530273,13.210000038146973,13.779999732971191,41400,0.0,0.0
2003-12-26 00:00:00-05:00,13.65999984741211,14.239999771118164,13.65999984741211,14.229999542236328,27200,0.0,0.0
2003-12-29 00:00:00-05:00,14.300000190734863,15.5,14.300000190734863,15.100000381469727,159200,0.0,0.0
2003-12-30 00:00:00-05:00,15.0,15.199999809265137,14.380000114440918,15.0,91900,0.0,0.0
2003-12-31 00:00:00-05:00,15.0,15.050000190734863,13.850000381469727,14.899999618530273,126600,0.0,0.0
2004-01-02 00:00:00-05:00,14.800000190734863,14.979999542236328,14.199999809265137,14.260000228881836,15700,0.0,0.0
2004-01-05 00:00:00-05:00,14.319999694824219,14.930000305175781,14.109999656677246,14.720000267028809,59800,0.0,0.0
2004-01-06 00:00:00-05:00,14.84000015258789,14.84000015258789,14.319999694824219,14.680000305175781,52100,0.0,0.0
2004-01-07 00:00:00-05:00,14.800000190734863,14.989999771118164,14.420000076293945,14.949999809265137,51900,0.0,0.0
2004-01-08 00:00:00-05:00,14.930000305175781,15.25,14.739999771118164,15.25,73100,0.0,0.0
2004-01-09 00:00:00-05:00,15.239999771118164,15.350000381469727,14.949999809265137,15.0,65800,0.0,0.0
2004-01-12 00:00:00-05:00,15.0,15.210000038146973,14.850000381469727,15.1899995803833,83800,0.0,0.0
2004-01-13 00:00:00-05:00,15.180000305175781,15.180000305175781,14.539999961853027,14.949999809265137,30100,0.0,0.0
2004-01-14 00:00:00-05:00,14.859999656677246,15.350000381469727,14.789999961853027,15.300000190734863,66600,0.0,0.0
2004-01-15 00:00:00-05:00,15.329999923706055,15.350000381469727,14.529999732971191,15.289999961853027,46000,0.0,0.0
2004-01-16 00:00:00-05:00,15.300000190734863,15.529999732971191,15.279999732971191,15.359999656677246,27500,0.0,0.0
2004-01-20 00:00:00-05:00,15.350000381469727,15.489999771118164,15.020000457763672,15.489999771118164,43000,0.0,0.0
2004-01-21 00:00:00-05:00,15.489999771118164,15.569999694824219,14.779999732971191,15.550000190734863,39500,0.0,0.0
2004-01-22 00:00:00-05:00,15.539999961853027,15.539999961853027,14.9399995803833,15.539999961853027,44000,0.0,0.0
2004-01-23 00:00:00-05:00,15.550000190734863,15.550000190734863,14.4399995803833,15.020000457763672,28000,0.0,0.0
2004-01-26 00:00:00-05:00,14.729999542236328,15.550000190734863,14.5,15.550000190734863,22900,0.0,0.0
2004-01-27 00:00:00-05:00,15.470000267028809,15.470000267028809,14.510000228881836,14.609999656677246,39400,0.0,0.0
2004-01-28 00:00:00-05:00,14.0,14.430000305175781,13.859999656677246,14.390000343322754,65500,0.0,0.0
2004-01-29 00:00:00-05:00,13.979999542236328,14.039999961853027,13.489999771118164,13.779999732971191,25400,0.0,0.0
2004-01-30 00:00:00-05:00,13.460000038146973,13.869999885559082,12.180000305175781,12.210000038146973,226800,0.0,0.0
2004-02-02 00:00:00-05:00,12.210000038146973,12.720000267028809,12.0,12.199999809265137,72800,0.0,0.0
2004-02-03 00:00:00-05:00,12.1899995803833,12.1899995803833,11.850000381469727,12.09000015258789,71500,0.0,0.0
2004-02-04 00:00:00-05:00,12.130000114440918,12.130000114440918,11.300000190734863,11.859999656677246,127100,0.0,0.0
2004-02-05 00:00:00-05:00,11.880000114440918,12.319999694824219,11.739999771118164,12.220000267028809,77900,0.0,0.0
2004-02-06 00:00:00-05:00,12.420000076293945,12.600000381469727,11.829999923706055,12.4399995803833,112000,0.0,0.0
2004-02-09 00:00:00-05:00,12.510000228881836,12.59000015258789,12.199999809265137,12.199999809265137,74000,0.0,0.0
2004-02-10 00:00:00-05:00,12.050000190734863,12.420000076293945,11.920000076293945,12.420000076293945,43900,0.0,0.0
2004-02-11 00:00:00-05:00,12.529999732971191,12.600000381469727,11.869999885559082,12.119999885559082,124400,0.0,0.0
2004-02-12 00:00:00-05:00,12.029999732971191,12.5,11.680000305175781,12.329999923706055,143700,0.0,0.0
2004-02-13 00:00:00-05:00,12.359999656677246,12.600000381469727,12.020000457763672,12.270000457763672,836500,0.0,0.0
2004-02-17 00:00:00-05:00,12.430000305175781,12.59000015258789,12.180000305175781,12.199999809265137,394300,0.0,0.0
2004-02-18 00:00:00-05:00,12.199999809265137,12.430000305175781,11.680000305175781,11.739999771118164,97200,0.0,0.0
2004-02-19 00:00:00-05:00,11.989999771118164,12.010000228881836,11.550000190734863,11.59000015258789,38700,0.0,0.0
2004-02-20 00:00:00-05:00,11.5,11.710000038146973,11.25,11.359999656677246,73600,0.0,0.0
2004-02-23 00:00:00-05:00,11.270000457763672,11.569999694824219,11.25,11.399999618530273,75600,0.0,0.0
2004-02-24 00:00:00-05:00,11.25,11.5,11.229999542236328,11.470000267028809,48400,0.0,0.0
2004-02-25 00:00:00-05:00,11.329999923706055,11.449999809265137,11.199999809265137,11.449999809265137,51300,0.0,0.0
2004-02-26 00:00:00-05:00,11.279999732971191,11.859999656677246,11.279999732971191,11.8100004196167,113400,0.0,0.0
2004-02-27 00:00:00-05:00,12.010000228881836,12.050000190734863,11.479999542236328,11.550000190734863,243900,0.0,0.0
2004-03-01 00:00:00-05:00,11.569999694824219,11.819999694824219,11.199999809265137,11.800000190734863,93100,0.0,0.0
2004-03-02 00:00:00-05:00,11.800000190734863,11.800000190734863,11.59000015258789,11.600000381469727,95700,0.0,0.0
2004-03-03 00:00:00-05:00,11.600000381469727,11.600000381469727,11.1899995803833,11.5,26300,0.0,0.0
2004-03-04 00:00:00-05:00,11.350000381469727,11.859999656677246,11.350000381469727,11.640000343322754,26000,0.0,0.0
2004-03-05 00:00:00-05:00,11.600000381469727,11.930000305175781,11.420000076293945,11.479999542236328,22200,0.0,0.0
2004-03-08 00:00:00-05:00,11.5600004196167,11.9399995803833,11.369999885559082,11.369999885559082,94400,0.0,0.0
2004-03-09 00:00:00-05:00,11.479999542236328,11.579999923706055,11.260000228881836,11.40999984741211,45100,0.0,0.0
2004-03-10 00:00:00-05:00,11.40999984741211,11.520000457763672,11.119999885559082,11.260000228881836,54600,0.0,0.0
2004-03-11 00:00:00-05:00,11.229999542236328,11.25,11.0,11.010000228881836,40400,0.0,0.0
2004-03-12 00:00:00-05:00,11.0,11.239999771118164,10.970000267028809,11.0,24800,0.0,0.0
2004-03-15 00:00:00-05:00,10.989999771118164,11.0,10.710000038146973,10.869999885559082,35300,0.0,0.0
2004-03-16 00:00:00-05:00,10.890000343322754,10.989999771118164,10.550000190734863,10.59000015258789,55200,0.0,0.0
2004-03-17 00:00:00-05:00,10.850000381469727,10.850000381469727,10.539999961853027,10.729999542236328,39600,0.0,0.0
2004-03-18 00:00:00-05:00,10.609999656677246,11.100000381469727,10.5600004196167,10.899999618530273,105300,0.0,0.0
2004-03-19 00:00:00-05:00,11.069999694824219,11.15999984741211,10.3100004196167,10.369999885559082,50500,0.0,0.0
2004-03-22 00:00:00-05:00,10.350000381469727,10.369999885559082,9.699999809265137,10.25,60200,0.0,0.0
2004-03-23 00:00:00-05:00,10.270000457763672,11.100000381469727,10.170000076293945,10.40999984741211,76300,0.0,0.0
2004-03-24 00:00:00-05:00,10.399999618530273,10.529999732971191,10.380000114440918,10.390000343322754,85500,0.0,0.0
2004-03-25 00:00:00-05:00,10.479999542236328,10.619999885559082,10.390000343322754,10.550000190734863,46300,0.0,0.0
2004-03-26 00:00:00-05:00,10.550000190734863,11.390000343322754,10.489999771118164,10.890000343322754,175600,0.0,0.0
2004-03-29 00:00:00-05:00,10.960000038146973,12.609999656677246,10.890000343322754,11.449999809265137,191400,0.0,0.0
2004-03-30 00:00:00-05:00,11.649999618530273,11.649999618530273,11.359999656677246,11.449999809265137,219500,0.0,0.0
2004-03-31 00:00:00-05:00,11.649999618530273,11.649999618530273,11.449999809265137,11.550000190734863,141600,0.0,0.0
2004-04-01 00:00:00-05:00,11.729999542236328,11.779999732971191,11.359999656677246,11.6899995803833,128800,0.0,0.0
2004-04-02 00:00:00-05:00,11.859999656677246,12.3100004196167,11.829999923706055,12.0,87400,0.0,0.0
2004-04-05 00:00:00-04:00,12.0,12.739999771118164,11.890000343322754,12.489999771118164,98200,0.0,0.0
2004-04-06 00:00:00-04:00,12.710000038146973,12.850000381469727,11.369999885559082,11.800000190734863,79400,0.0,0.0
2004-04-07 00:00:00-04:00,11.710000038146973,12.140000343322754,11.550000190734863,12.029999732971191,62700,0.0,0.0
2004-04-08 00:00:00-04:00,12.369999885559082,12.399999618530273,11.960000038146973,12.0,42800,0.0,0.0
2004-04-12 00:00:00-04:00,12.010000228881836,12.09000015258789,11.710000038146973,11.989999771118164,54500,0.0,0.0
2004-04-13 00:00:00-04:00,11.949999809265137,12.010000228881836,11.949999809265137,11.970000267028809,95400,0.0,0.0
2004-04-14 00:00:00-04:00,12.010000228881836,12.010000228881836,11.75,11.819999694824219,42400,0.0,0.0
2004-04-15 00:00:00-04:00,11.899999618530273,11.899999618530273,11.5,11.5,67600,0.0,0.0
2004-04-16 00:00:00-04:00,11.699999809265137,11.720000267028809,11.5,11.520000457763672,52800,0.0,0.0
2004-04-19 00:00:00-04:00,11.579999923706055,11.649999618530273,11.4399995803833,11.5,81600,0.0,0.0
2004-04-20 00:00:00-04:00,11.510000228881836,11.680000305175781,11.5,11.65999984741211,50000,0.0,0.0
2004-04-21 00:00:00-04:00,11.520000457763672,11.949999809265137,11.460000038146973,11.550000190734863,53700,0.0,0.0
2004-04-22 00:00:00-04:00,11.670000076293945,11.720000267028809,10.84000015258789,11.699999809265137,57400,0.0,0.0
2004-04-23 00:00:00-04:00,11.380000114440918,11.380000114440918,10.260000228881836,10.550000190734863,194800,0.0,0.0
2004-04-26 00:00:00-04:00,10.520000457763672,11.050000190734863,10.319999694824219,10.989999771118164,109900,0.0,0.0
2004-04-27 00:00:00-04:00,10.989999771118164,11.039999961853027,10.859999656677246,10.989999771118164,106300,0.0,0.0
2004-04-28 00:00:00-04:00,10.819999694824219,10.819999694824219,10.3100004196167,10.399999618530273,75300,0.0,0.0
2004-04-29 00:00:00-04:00,10.350000381469727,11.0,10.300000190734863,10.399999618530273,105900,0.0,0.0
2004-04-30 00:00:00-04:00,10.399999618530273,10.619999885559082,9.649999618530273,9.6899995803833,72900,0.0,0.0
2004-05-03 00:00:00-04:00,10.0,10.0,9.5,9.59000015258789,314700,0.0,0.0
2004-05-04 00:00:00-04:00,9.520000457763672,10.079999923706055,9.5,9.779999732971191,25000,0.0,0.0
2004-05-05 00:00:00-04:00,9.75,9.90999984741211,9.609999656677246,9.609999656677246,48100,0.0,0.0
2004-05-06 00:00:00-04:00,9.720000267028809,9.8100004196167,9.5,9.579999923706055,62300,0.0,0.0
2004-05-07 00:00:00-04:00,9.609999656677246,9.75,9.380000114440918,9.380000114440918,412800,0.0,0.0
2004-05-10 00:00:00-04:00,9.380000114440918,9.550000190734863,8.989999771118164,9.5,75800,0.0,0.0
2004-05-11 00:00:00-04:00,9.600000381469727,9.710000038146973,9.4399995803833,9.5,233400,0.0,0.0
2004-05-12 00:00:00-04:00,9.449999809265137,9.600000381469727,9.239999771118164,9.529999732971191,66100,0.0,0.0
2004-05-13 00:00:00-04:00,9.470000267028809,9.600000381469727,9.170000076293945,9.369999885559082,52100,0.0,0.0
2004-05-14 00:00:00-04:00,9.329999923706055,9.550000190734863,8.949999809265137,9.109999656677246,23400,0.0,0.0
2004-05-17 00:00:00-04:00,9.119999885559082,9.510000228881836,8.539999961853027,8.920000076293945,45400,0.0,0.0
2004-05-18 00:00:00-04:00,9.100000381469727,9.539999961853027,8.930000305175781,9.0,53700,0.0,0.0
2004-05-19 00:00:00-04:00,9.0,9.25,8.489999771118164,8.609999656677246,62900,0.0,0.0
2004-05-20 00:00:00-04:00,8.5,9.0,8.420000076293945,8.789999961853027,44700,0.0,0.0
2004-05-21 00:00:00-04:00,8.84000015258789,9.0,8.640000343322754,8.779999732971191,40200,0.0,0.0
2004-05-24 00:00:00-04:00,8.850000381469727,9.109999656677246,8.720000267028809,8.989999771118164,38700,0.0,0.0
2004-05-25 00:00:00-04:00,8.9399995803833,9.0600004196167,8.800000190734863,8.989999771118164,179900,0.0,0.0
2004-05-26 00:00:00-04:00,8.930000305175781,9.4399995803833,8.930000305175781,9.149999618530273,51100,0.0,0.0
2004-05-27 00:00:00-04:00,9.289999961853027,9.289999961853027,8.8100004196167,8.989999771118164,41400,0.0,0.0
2004-05-28 00:00:00-04:00,9.079999923706055,9.199999809265137,8.989999771118164,9.0,69600,0.0,0.0
2004-06-01 00:00:00-04:00,9.170000076293945,9.520000457763672,8.979999542236328,9.399999618530273,81400,0.0,0.0
2004-06-02 00:00:00-04:00,9.460000038146973,9.649999618530273,9.0600004196167,9.319999694824219,50500,0.0,0.0
2004-06-03 00:00:00-04:00,9.529999732971191,9.770000457763672,8.880000114440918,9.260000228881836,115400,0.0,0.0
2004-06-04 00:00:00-04:00,9.239999771118164,9.699999809265137,9.020000457763672,9.5,38300,0.0,0.0
2004-06-07 00:00:00-04:00,9.579999923706055,10.180000305175781,9.520000457763672,10.09000015258789,53100,0.0,0.0
2004-06-08 00:00:00-04:00,9.869999885559082,9.960000038146973,9.670000076293945,9.770000457763672,32100,0.0,0.0
2004-06-09 00:00:00-04:00,9.729999542236328,9.739999771118164,9.170000076293945,9.449999809265137,44700,0.0,0.0
2004-06-10 00:00:00-04:00,9.25,9.729999542236328,9.180000305175781,9.4399995803833,37500,0.0,0.0
2004-06-14 00:00:00-04:00,9.75,9.75,8.869999885559082,8.869999885559082,47400,0.0,0.0
2004-06-15 00:00:00-04:00,9.180000305175781,9.40999984741211,8.949999809265137,9.130000114440918,27500,0.0,0.0
2004-06-16 00:00:00-04:00,9.109999656677246,9.550000190734863,9.0,9.0,27500,0.0,0.0
2004-06-17 00:00:00-04:00,9.220000267028809,9.319999694824219,8.850000381469727,8.899999618530273,38200,0.0,0.0
2004-06-18 00:00:00-04:00,8.899999618530273,8.899999618530273,8.59000015258789,8.710000038146973,125700,0.0,0.0
2004-06-21 00:00:00-04:00,8.65999984741211,8.65999984741211,8.359999656677246,8.399999618530273,189400,0.0,0.0
2004-06-22 00:00:00-04:00,8.369999885559082,8.710000038146973,8.119999885559082,8.510000228881836,210600,0.0,0.0
2004-06-23 00:00:00-04:00,8.510000228881836,9.0600004196167,8.329999923706055,8.850000381469727,38000,0.0,0.0
2004-06-24 00:00:00-04:00,8.880000114440918,8.899999618530273,8.5,8.699999809265137,71200,0.0,0.0
2004-06-25 00:00:00-04:00,8.649999618530273,8.979999542236328,8.479999542236328,8.489999771118164,97700,0.0,0.0
2004-06-28 00:00:00-04:00,8.449999809265137,8.819999694824219,8.359999656677246,8.380000114440918,23100,0.0,0.0
2004-06-29 00:00:00-04:00,8.569999694824219,8.890000343322754,8.390000343322754,8.579999923706055,30700,0.0,0.0
2004-06-30 00:00:00-04:00,8.350000381469727,8.619999885559082,7.900000095367432,8.510000228881836,55800,0.0,0.0
2004-07-01 00:00:00-04:00,8.600000381469727,8.630000114440918,8.130000114440918,8.380000114440918,50100,0.0,0.0
2004-07-02 00:00:00-04:00,8.279999732971191,8.319999694824219,7.989999771118164,8.130000114440918,15300,0.0,0.0
2004-07-06 00:00:00-04:00,8.0,8.149999618530273,7.409999847412109,7.420000076293945,235500,0.0,0.0
2004-07-07 00:00:00-04:00,7.639999866485596,8.15999984741211,7.389999866485596,7.989999771118164,62900,0.0,0.0
2004-07-08 00:00:00-04:00,8.079999923706055,8.079999923706055,7.920000076293945,8.0,43000,0.0,0.0
2004-07-09 00:00:00-04:00,8.010000228881836,8.34000015258789,7.989999771118164,8.15999984741211,16000,0.0,0.0
2004-07-12 00:00:00-04:00,8.050000190734863,8.40999984741211,8.050000190734863,8.210000038146973,29500,0.0,0.0
2004-07-13 00:00:00-04:00,8.260000228881836,8.34000015258789,8.039999961853027,8.050000190734863,30300,0.0,0.0
2004-07-14 00:00:00-04:00,7.989999771118164,8.420000076293945,7.989999771118164,8.079999923706055,24100,0.0,0.0
2004-07-15 00:00:00-04:00,8.180000305175781,8.210000038146973,7.989999771118164,8.010000228881836,42300,0.0,0.0
2004-07-16 00:00:00-04:00,8.149999618530273,8.149999618530273,7.800000190734863,7.849999904632568,54200,0.0,0.0
2004-07-19 00:00:00-04:00,7.849999904632568,7.949999809265137,7.710000038146973,7.949999809265137,32600,0.0,0.0
2004-07-20 00:00:00-04:00,7.929999828338623,8.390000343322754,7.929999828338623,8.380000114440918,32000,0.0,0.0
2004-07-21 00:00:00-04:00,8.460000038146973,8.460000038146973,8.050000190734863,8.09000015258789,66600,0.0,0.0
2004-07-22 00:00:00-04:00,8.039999961853027,8.180000305175781,7.920000076293945,7.949999809265137,31600,0.0,0.0
2004-07-23 00:00:00-04:00,8.0600004196167,8.850000381469727,8.0600004196167,8.550000190734863,40200,0.0,0.0
2004-07-26 00:00:00-04:00,8.84000015258789,9.680000305175781,8.829999923706055,9.050000190734863,86700,0.0,0.0
2004-07-27 00:00:00-04:00,9.270000457763672,9.34000015258789,9.0,9.0600004196167,54100,0.0,0.0
2004-07-28 00:00:00-04:00,9.0,9.069999694824219,8.680000305175781,8.760000228881836,25200,0.0,0.0
2004-07-29 00:00:00-04:00,8.729999542236328,8.800000190734863,8.050000190734863,8.260000228881836,28300,0.0,0.0
2004-07-30 00:00:00-04:00,8.220000267028809,8.630000114440918,8.09000015258789,8.210000038146973,19700,0.0,0.0
2004-08-02 00:00:00-04:00,8.079999923706055,8.600000381469727,8.050000190734863,8.510000228881836,27600,0.0,0.0
2004-08-03 00:00:00-04:00,8.9399995803833,9.970000267028809,8.579999923706055,8.890000343322754,175400,0.0,0.0
2004-08-04 00:00:00-04:00,8.75,9.300000190734863,8.75,8.949999809265137,63200,0.0,0.0
2004-08-05 00:00:00-04:00,8.90999984741211,9.100000381469727,8.859999656677246,8.949999809265137,21900,0.0,0.0
2004-08-06 00:00:00-04:00,8.630000114440918,8.710000038146973,8.390000343322754,8.399999618530273,25800,0.0,0.0
2004-08-09 00:00:00-04:00,8.329999923706055,8.359999656677246,7.909999847412109,8.350000381469727,27500,0.0,0.0
2004-08-10 00:00:00-04:00,8.40999984741211,9.300000190734863,8.390000343322754,9.260000228881836,78800,0.0,0.0
2004-08-11 00:00:00-04:00,9.1899995803833,9.199999809265137,8.869999885559082,9.180000305175781,42500,0.0,0.0
2004-08-12 00:00:00-04:00,9.010000228881836,9.100000381469727,8.75,9.039999961853027,22900,0.0,0.0
2004-08-13 00:00:00-04:00,9.050000190734863,9.5,8.960000038146973,9.430000305175781,57900,0.0,0.0
2004-08-16 00:00:00-04:00,9.5,9.819999694824219,9.199999809265137,9.5600004196167,70200,0.0,0.0
2004-08-17 00:00:00-04:00,9.739999771118164,9.789999961853027,9.140000343322754,9.140000343322754,29000,0.0,0.0
2004-08-18 00:00:00-04:00,8.899999618530273,9.739999771118164,8.880000114440918,9.65999984741211,47200,0.0,0.0
2004-08-19 00:00:00-04:00,9.600000381469727,9.710000038146973,9.449999809265137,9.649999618530273,17100,0.0,0.0
2004-08-20 00:00:00-04:00,9.640000343322754,9.75,9.420000076293945,9.720000267028809,48800,0.0,0.0
2004-08-23 00:00:00-04:00,9.579999923706055,9.75,9.5,9.619999885559082,21500,0.0,0.0
2004-08-24 00:00:00-04:00,9.75,9.899999618530273,9.619999885559082,9.850000381469727,51400,0.0,0.0
2004-08-25 00:00:00-04:00,9.819999694824219,9.9399995803833,9.819999694824219,9.899999618530273,49200,0.0,0.0
2004-08-26 00:00:00-04:00,9.899999618530273,9.899999618530273,9.420000076293945,9.479999542236328,47000,0.0,0.0
2004-08-27 00:00:00-04:00,9.420000076293945,9.619999885559082,9.420000076293945,9.460000038146973,51700,0.0,0.0
2004-08-30 00:00:00-04:00,9.359999656677246,9.75,9.359999656677246,9.449999809265137,37400,0.0,0.0
2004-08-31 00:00:00-04:00,9.449999809265137,9.550000190734863,9.239999771118164,9.239999771118164,19800,0.0,0.0
2004-09-01 00:00:00-04:00,9.3100004196167,9.859999656677246,9.149999618530273,9.1899995803833,28600,0.0,0.0
2004-09-02 00:00:00-04:00,9.65999984741211,10.0,9.5600004196167,9.9399995803833,23400,0.0,0.0
2004-09-03 00:00:00-04:00,9.989999771118164,10.0,9.65999984741211,9.65999984741211,20900,0.0,0.0
2004-09-07 00:00:00-04:00,9.699999809265137,10.0,9.630000114440918,10.0,11600,0.0,0.0
2004-09-08 00:00:00-04:00,9.979999542236328,10.449999809265137,9.9399995803833,10.25,53400,0.0,0.0
2004-09-09 00:00:00-04:00,10.300000190734863,11.25,10.199999809265137,11.100000381469727,44500,0.0,0.0
2004-09-10 00:00:00-04:00,11.170000076293945,11.199999809265137,10.579999923706055,10.84000015258789,37200,0.0,0.0
2004-09-13 00:00:00-04:00,10.850000381469727,11.0,10.800000190734863,10.930000305175781,54600,0.0,0.0
2004-09-14 00:00:00-04:00,10.789999961853027,10.800000190734863,10.470000267028809,10.600000381469727,41100,0.0,0.0
2004-09-15 00:00:00-04:00,10.550000190734863,10.649999618530273,10.34000015258789,10.529999732971191,54500,0.0,0.0
2004-09-16 00:00:00-04:00,10.640000343322754,11.0,10.550000190734863,10.729999542236328,90000,0.0,0.0
2004-09-17 00:00:00-04:00,11.279999732971191,12.5,10.710000038146973,11.260000228881836,194000,0.0,0.0
2004-09-20 00:00:00-04:00,11.25,12.050000190734863,11.25,12.029999732971191,107100,0.0,0.0
2004-09-21 00:00:00-04:00,11.949999809265137,12.149999618530273,11.850000381469727,12.0,62500,0.0,0.0
2004-09-22 00:00:00-04:00,11.829999923706055,12.09000015258789,11.569999694824219,11.890000343322754,41300,0.0,0.0
2004-09-23 00:00:00-04:00,11.899999618530273,12.489999771118164,11.899999618530273,12.300000190734863,39600,0.0,0.0
2004-09-24 00:00:00-04:00,12.350000381469727,12.550000190734863,11.930000305175781,11.930000305175781,63400,0.0,0.0
2004-09-27 00:00:00-04:00,11.819999694824219,12.0,11.229999542236328,11.390000343322754,43200,0.0,0.0
2004-09-28 00:00:00-04:00,11.319999694824219,11.699999809265137,11.319999694824219,11.520000457763672,45100,0.0,0.0
2004-09-29 00:00:00-04:00,11.529999732971191,12.59000015258789,11.5,12.520000457763672,112700,0.0,0.0
2004-09-30 00:00:00-04:00,12.539999961853027,12.539999961853027,12.0,12.149999618530273,73500,0.0,0.0
2004-10-01 00:00:00-04:00,12.100000381469727,12.600000381469727,12.020000457763672,12.119999885559082,42500,0.0,0.0
2004-10-04 00:00:00-04:00,12.130000114440918,12.890000343322754,12.119999885559082,12.710000038146973,57000,0.0,0.0
2004-10-05 00:00:00-04:00,12.8100004196167,13.149999618530273,12.739999771118164,12.989999771118164,29900,0.0,0.0
2004-10-06 00:00:00-04:00,12.850000381469727,14.199999809265137,12.850000381469727,13.949999809265137,79700,0.0,0.0
2004-10-07 00:00:00-04:00,14.109999656677246,14.109999656677246,13.039999961853027,13.039999961853027,29000,0.0,0.0
2004-10-08 00:00:00-04:00,12.180000305175781,12.84000015258789,11.8100004196167,12.59000015258789,66900,0.0,0.0
2004-10-11 00:00:00-04:00,12.609999656677246,12.9399995803833,12.609999656677246,12.649999618530273,40300,0.0,0.0
2004-10-12 00:00:00-04:00,12.729999542236328,12.819999694824219,12.550000190734863,12.680000305175781,39000,0.0,0.0
2004-10-13 00:00:00-04:00,12.720000267028809,13.100000381469727,12.699999809265137,12.869999885559082,42100,0.0,0.0
2004-10-14 00:00:00-04:00,12.899999618530273,13.020000457763672,12.550000190734863,12.569999694824219,66000,0.0,0.0
2004-10-15 00:00:00-04:00,12.720000267028809,12.970000267028809,12.5600004196167,12.720000267028809,52500,0.0,0.0
2004-10-18 00:00:00-04:00,12.670000076293945,13.130000114440918,12.670000076293945,12.930000305175781,28700,0.0,0.0
2004-10-19 00:00:00-04:00,12.970000267028809,13.149999618530273,12.829999923706055,12.829999923706055,22400,0.0,0.0
2004-10-20 00:00:00-04:00,12.819999694824219,12.949999809265137,12.800000190734863,12.949999809265137,16000,0.0,0.0
2004-10-21 00:00:00-04:00,12.90999984741211,13.949999809265137,12.829999923706055,13.949999809265137,280900,0.0,0.0
2004-10-22 00:00:00-04:00,13.979999542236328,14.430000305175781,13.649999618530273,13.75,99500,0.0,0.0
2004-10-25 00:00:00-04:00,13.609999656677246,14.0,13.569999694824219,13.699999809265137,75600,0.0,0.0
2004-10-26 00:00:00-04:00,12.460000038146973,12.899999618530273,11.75,12.199999809265137,452700,0.0,0.0
2004-10-27 00:00:00-04:00,12.09000015258789,13.170000076293945,12.020000457763672,13.029999732971191,405400,0.0,0.0
2004-10-28 00:00:00-04:00,12.9399995803833,13.050000190734863,12.710000038146973,13.0,87600,0.0,0.0
2004-10-29 00:00:00-04:00,13.09000015258789,13.09000015258789,12.850000381469727,13.0,123700,0.0,0.0
2004-11-01 00:00:00-05:00,13.0,13.100000381469727,12.649999618530273,12.890000343322754,84100,0.0,0.0
2004-11-02 00:00:00-05:00,12.5600004196167,12.979999542236328,12.5600004196167,12.930000305175781,112900,0.0,0.0
2004-11-03 00:00:00-05:00,13.0,13.180000305175781,12.899999618530273,13.029999732971191,189000,0.0,0.0
2004-11-04 00:00:00-05:00,12.850000381469727,13.069999694824219,12.850000381469727,13.069999694824219,108600,0.0,0.0
2004-11-05 00:00:00-05:00,13.050000190734863,13.279999732971191,12.979999542236328,13.199999809265137,143800,0.0,0.0
2004-11-08 00:00:00-05:00,13.329999923706055,13.329999923706055,13.069999694824219,13.180000305175781,61900,0.0,0.0
2004-11-09 00:00:00-05:00,13.329999923706055,13.329999923706055,13.130000114440918,13.329999923706055,143700,0.0,0.0
2004-11-10 00:00:00-05:00,13.170000076293945,13.699999809265137,13.170000076293945,13.579999923706055,152300,0.0,0.0
2004-11-11 00:00:00-05:00,13.5,13.6899995803833,13.4399995803833,13.6899995803833,117300,0.0,0.0
2004-11-12 00:00:00-05:00,13.460000038146973,13.609999656677246,13.119999885559082,13.289999961853027,158200,0.0,0.0
2004-11-15 00:00:00-05:00,13.359999656677246,13.75,13.199999809265137,13.390000343322754,75400,0.0,0.0
2004-11-16 00:00:00-05:00,13.460000038146973,13.630000114440918,13.220000267028809,13.220000267028809,43800,0.0,0.0
2004-11-17 00:00:00-05:00,13.470000267028809,13.739999771118164,13.3100004196167,13.4399995803833,71300,0.0,0.0
2004-11-18 00:00:00-05:00,13.460000038146973,13.75,13.449999809265137,13.600000381469727,101600,0.0,0.0
2004-11-19 00:00:00-05:00,13.609999656677246,13.850000381469727,13.25,13.359999656677246,73400,0.0,0.0
2004-11-22 00:00:00-05:00,13.170000076293945,13.65999984741211,12.649999618530273,12.949999809265137,125700,0.0,0.0
2004-11-23 00:00:00-05:00,12.600000381469727,13.109999656677246,12.600000381469727,12.970000267028809,94800,0.0,0.0
2004-11-24 00:00:00-05:00,12.979999542236328,13.390000343322754,12.979999542236328,13.350000381469727,63300,0.0,0.0
2004-11-26 00:00:00-05:00,13.270000457763672,13.550000190734863,13.210000038146973,13.210000038146973,25500,0.0,0.0
2004-11-29 00:00:00-05:00,13.100000381469727,13.4399995803833,13.050000190734863,13.199999809265137,108300,0.0,0.0
2004-11-30 00:00:00-05:00,13.100000381469727,13.34000015258789,12.819999694824219,12.869999885559082,176300,0.0,0.0
2004-12-01 00:00:00-05:00,13.25,13.75,13.100000381469727,13.649999618530273,106800,0.0,0.0
2004-12-02 00:00:00-05:00,13.8100004196167,14.420000076293945,13.779999732971191,14.329999923706055,116200,0.0,0.0
2004-12-03 00:00:00-05:00,14.5,15.359999656677246,14.479999542236328,14.850000381469727,159500,0.0,0.0
2004-12-06 00:00:00-05:00,14.729999542236328,15.199999809265137,14.729999542236328,14.770000457763672,45800,0.0,0.0
2004-12-07 00:00:00-05:00,14.739999771118164,15.0600004196167,14.4399995803833,14.550000190734863,47700,0.0,0.0
2004-12-08 00:00:00-05:00,14.649999618530273,14.729999542236328,14.34000015258789,14.5,61800,0.0,0.0
2004-12-09 00:00:00-05:00,14.430000305175781,14.430000305175781,13.880000114440918,14.119999885559082,41700,0.0,0.0
2004-12-10 00:00:00-05:00,14.09000015258789,14.170000076293945,13.930000305175781,14.140000343322754,112700,0.0,0.0
2004-12-13 00:00:00-05:00,14.329999923706055,15.75,14.050000190734863,15.75,248700,0.0,0.0
2004-12-14 00:00:00-05:00,15.800000190734863,16.549999237060547,15.180000305175781,15.399999618530273,294500,0.0,0.0
2004-12-15 00:00:00-05:00,15.5600004196167,16.350000381469727,15.260000228881836,16.010000228881836,182400,0.0,0.0
2004-12-16 00:00:00-05:00,16.049999237060547,16.690000534057617,16.0,16.5,138600,0.0,0.0
2004-12-17 00:00:00-05:00,16.739999771118164,17.0,16.510000228881836,16.649999618530273,159700,0.0,0.0
2004-12-20 00:00:00-05:00,16.600000381469727,16.739999771118164,16.40999984741211,16.469999313354492,91300,0.0,0.0
2004-12-21 00:00:00-05:00,16.59000015258789,16.600000381469727,15.140000343322754,16.049999237060547,476600,0.0,0.0
2004-12-22 00:00:00-05:00,15.920000076293945,16.170000076293945,15.5600004196167,16.15999984741211,95400,0.0,0.0
2004-12-23 00:00:00-05:00,15.989999771118164,16.43000030517578,15.989999771118164,16.15999984741211,41400,0.0,0.0
2004-12-27 00:00:00-05:00,16.3799991607666,16.489999771118164,16.06999969482422,16.489999771118164,55500,0.0,0.0
2004-12-28 00:00:00-05:00,16.5,16.75,16.43000030517578,16.75,82100,0.0,0.0
2004-12-29 00:00:00-05:00,16.520000457763672,16.790000915527344,16.389999389648438,16.510000228881836,16800,0.0,0.0
2004-12-30 00:00:00-05:00,16.670000076293945,16.670000076293945,16.489999771118164,16.549999237060547,24800,0.0,0.0
2004-12-31 00:00:00-05:00,16.299999237060547,16.6299991607666,16.100000381469727,16.110000610351562,37500,0.0,0.0
2005-01-03 00:00:00-05:00,16.450000762939453,16.450000762939453,16.149999618530273,16.149999618530273,114200,0.0,0.0
2005-01-04 00:00:00-05:00,16.059999465942383,16.25,15.210000038146973,15.569999694824219,151400,0.0,0.0
2005-01-05 00:00:00-05:00,15.319999694824219,15.329999923706055,14.850000381469727,15.0,141200,0.0,0.0
2005-01-06 00:00:00-05:00,15.0600004196167,15.09000015258789,14.359999656677246,14.760000228881836,64900,0.0,0.0
2005-01-07 00:00:00-05:00,14.979999542236328,14.979999542236328,14.239999771118164,14.819999694824219,55400,0.0,0.0
2005-01-10 00:00:00-05:00,14.579999923706055,15.300000190734863,14.569999694824219,15.119999885559082,78800,0.0,0.0
2005-01-11 00:00:00-05:00,14.859999656677246,14.960000038146973,14.5,14.84000015258789,34300,0.0,0.0
2005-01-12 00:00:00-05:00,14.640000343322754,14.720000267028809,13.75,14.640000343322754,117100,0.0,0.0
2005-01-13 00:00:00-05:00,14.779999732971191,15.180000305175781,14.600000381469727,14.6899995803833,76000,0.0,0.0
2005-01-14 00:00:00-05:00,15.0,15.020000457763672,14.609999656677246,14.899999618530273,23500,0.0,0.0
2005-01-18 00:00:00-05:00,15.100000381469727,15.180000305175781,14.680000305175781,15.039999961853027,87400,0.0,0.0
2005-01-19 00:00:00-05:00,15.180000305175781,15.229999542236328,14.59000015258789,14.84000015258789,77100,0.0,0.0
2005-01-20 00:00:00-05:00,14.729999542236328,15.479999542236328,14.720000267028809,15.029999732971191,91200,0.0,0.0
2005-01-21 00:00:00-05:00,15.1899995803833,15.1899995803833,14.899999618530273,15.010000228881836,62800,0.0,0.0
2005-01-24 00:00:00-05:00,15.050000190734863,15.050000190734863,14.279999732971191,14.380000114440918,53300,0.0,0.0
2005-01-25 00:00:00-05:00,14.239999771118164,14.779999732971191,14.020000457763672,14.199999809265137,47500,0.0,0.0
2005-01-26 00:00:00-05:00,14.5,14.75,14.5,14.75,92100,0.0,0.0
2005-01-27 00:00:00-05:00,14.880000114440918,15.0,13.960000038146973,14.270000457763672,85700,0.0,0.0
2005-01-28 00:00:00-05:00,14.5,15.140000343322754,14.050000190734863,14.380000114440918,88600,0.0,0.0
2005-01-31 00:00:00-05:00,14.329999923706055,14.649999618530273,14.25,14.529999732971191,53800,0.0,0.0
2005-02-01 00:00:00-05:00,14.229999542236328,14.350000381469727,13.069999694824219,13.420000076293945,254500,0.0,0.0
2005-02-02 00:00:00-05:00,13.399999618530273,13.449999809265137,12.920000076293945,13.319999694824219,226000,0.0,0.0
2005-02-03 00:00:00-05:00,13.020000457763672,13.930000305175781,13.020000457763672,13.789999961853027,89800,0.0,0.0
2005-02-04 00:00:00-05:00,13.8100004196167,13.989999771118164,13.5,13.869999885559082,102300,0.0,0.0
2005-02-07 00:00:00-05:00,13.930000305175781,14.0,13.359999656677246,13.460000038146973,128900,0.0,0.0
2005-02-08 00:00:00-05:00,13.5,13.890000343322754,13.449999809265137,13.670000076293945,140200,0.0,0.0
2005-02-09 00:00:00-05:00,13.729999542236328,14.100000381469727,13.6899995803833,13.869999885559082,249500,0.0,0.0
2005-02-10 00:00:00-05:00,14.0,14.100000381469727,13.5,13.970000267028809,89900,0.0,0.0
2005-02-11 00:00:00-05:00,13.949999809265137,14.0,13.40999984741211,13.739999771118164,53100,0.0,0.0
2005-02-14 00:00:00-05:00,13.8100004196167,13.989999771118164,13.649999618530273,13.779999732971191,35900,0.0,0.0
2005-02-15 00:00:00-05:00,13.899999618530273,14.050000190734863,13.65999984741211,13.800000190734863,69300,0.0,0.0
2005-02-16 00:00:00-05:00,13.699999809265137,13.890000343322754,13.6899995803833,13.770000457763672,37800,0.0,0.0
2005-02-17 00:00:00-05:00,13.770000457763672,13.770000457763672,13.350000381469727,13.600000381469727,59800,0.0,0.0
2005-02-18 00:00:00-05:00,13.729999542236328,13.75,13.5,13.649999618530273,52400,0.0,0.0
2005-02-22 00:00:00-05:00,13.600000381469727,13.779999732971191,13.079999923706055,13.289999961853027,125200,0.0,0.0
2005-02-23 00:00:00-05:00,13.289999961853027,13.5,13.229999542236328,13.5,121200,0.0,0.0
2005-02-24 00:00:00-05:00,13.449999809265137,13.449999809265137,13.289999961853027,13.420000076293945,61000,0.0,0.0
2005-02-25 00:00:00-05:00,13.369999885559082,13.649999618530273,13.279999732971191,13.609999656677246,152300,0.0,0.0
2005-02-28 00:00:00-05:00,13.680000305175781,13.680000305175781,13.369999885559082,13.5,95000,0.0,0.0
2005-03-01 00:00:00-05:00,13.5600004196167,13.859999656677246,13.510000228881836,13.789999961853027,75800,0.0,0.0
2005-03-02 00:00:00-05:00,13.550000190734863,14.1899995803833,13.550000190734863,13.979999542236328,128800,0.0,0.0
2005-03-03 00:00:00-05:00,14.079999923706055,14.180000305175781,13.609999656677246,13.699999809265137,138900,0.0,0.0
2005-03-04 00:00:00-05:00,13.899999618530273,14.119999885559082,13.75,13.890000343322754,106300,0.0,0.0
2005-03-07 00:00:00-05:00,13.880000114440918,14.130000114440918,13.489999771118164,13.920000076293945,58300,0.0,0.0
2005-03-08 00:00:00-05:00,14.119999885559082,14.119999885559082,13.569999694824219,13.600000381469727,84800,0.0,0.0
2005-03-09 00:00:00-05:00,13.5600004196167,14.0,13.489999771118164,13.720000267028809,50900,0.0,0.0
2005-03-10 00:00:00-05:00,13.600000381469727,13.800000190734863,13.279999732971191,13.800000190734863,185100,0.0,0.0
2005-03-11 00:00:00-05:00,13.619999885559082,14.010000228881836,13.619999885559082,13.869999885559082,91600,0.0,0.0
2005-03-14 00:00:00-05:00,13.960000038146973,14.0,13.399999618530273,13.970000267028809,74600,0.0,0.0
2005-03-15 00:00:00-05:00,13.65999984741211,14.010000228881836,13.270000457763672,13.930000305175781,65100,0.0,0.0
2005-03-16 00:00:00-05:00,13.699999809265137,13.930000305175781,13.630000114440918,13.670000076293945,101500,0.0,0.0
2005-03-17 00:00:00-05:00,13.609999656677246,14.09000015258789,13.40999984741211,13.920000076293945,40800,0.0,0.0
2005-03-18 00:00:00-05:00,14.0,14.100000381469727,13.130000114440918,13.25,116200,0.0,0.0
2005-03-21 00:00:00-05:00,13.180000305175781,13.470000267028809,13.180000305175781,13.430000305175781,37500,0.0,0.0
2005-03-22 00:00:00-05:00,13.40999984741211,13.670000076293945,13.350000381469727,13.609999656677246,54300,0.0,0.0
2005-03-23 00:00:00-05:00,13.399999618530273,13.6899995803833,13.350000381469727,13.649999618530273,31700,0.0,0.0
2005-03-24 00:00:00-05:00,13.729999542236328,13.75,13.15999984741211,13.65999984741211,35800,0.0,0.0
2005-03-28 00:00:00-05:00,13.5600004196167,13.609999656677246,13.300000190734863,13.550000190734863,173700,0.0,0.0
2005-03-29 00:00:00-05:00,13.5,13.9399995803833,13.460000038146973,13.550000190734863,61400,0.0,0.0
2005-03-30 00:00:00-05:00,13.609999656677246,13.949999809265137,13.609999656677246,13.84000015258789,31800,0.0,0.0
2005-03-31 00:00:00-05:00,13.850000381469727,14.0,13.489999771118164,14.0,126800,0.0,0.0
2005-04-01 00:00:00-05:00,14.0,14.0,13.25,13.3100004196167,277700,0.0,0.0
2005-04-04 00:00:00-04:00,13.210000038146973,13.539999961853027,13.0,13.4399995803833,73500,0.0,0.0
2005-04-05 00:00:00-04:00,13.270000457763672,13.539999961853027,12.949999809265137,13.0,190100,0.0,0.0
2005-04-06 00:00:00-04:00,14.34000015258789,14.5600004196167,13.260000228881836,13.520000457763672,309600,0.0,0.0
2005-04-07 00:00:00-04:00,13.59000015258789,13.760000228881836,13.399999618530273,13.760000228881836,251700,0.0,0.0
2005-04-08 00:00:00-04:00,13.789999961853027,14.149999618530273,13.760000228881836,13.899999618530273,144100,0.0,0.0
2005-04-11 00:00:00-04:00,14.039999961853027,14.15999984741211,13.449999809265137,13.550000190734863,85900,0.0,0.0
2005-04-12 00:00:00-04:00,13.449999809265137,13.989999771118164,13.4399995803833,13.84000015258789,83900,0.0,0.0
2005-04-13 00:00:00-04:00,13.960000038146973,14.199999809265137,13.430000305175781,13.600000381469727,41200,0.0,0.0
2005-04-14 00:00:00-04:00,13.680000305175781,13.770000457763672,13.300000190734863,13.4399995803833,59700,0.0,0.0
2005-04-15 00:00:00-04:00,13.529999732971191,13.600000381469727,13.25,13.25,103300,0.0,0.0
2005-04-18 00:00:00-04:00,13.199999809265137,13.399999618530273,12.760000228881836,13.210000038146973,51100,0.0,0.0
2005-04-19 00:00:00-04:00,13.390000343322754,13.979999542236328,13.100000381469727,13.899999618530273,71100,0.0,0.0
2005-04-20 00:00:00-04:00,14.0,14.0,13.029999732971191,13.079999923706055,149400,0.0,0.0
2005-04-21 00:00:00-04:00,13.239999771118164,13.479999542236328,13.050000190734863,13.15999984741211,67000,0.0,0.0
2005-04-22 00:00:00-04:00,13.130000114440918,14.550000190734863,13.130000114440918,13.4399995803833,263700,0.0,0.0
2005-04-25 00:00:00-04:00,13.5600004196167,13.649999618530273,13.239999771118164,13.399999618530273,157900,0.0,0.0
2005-04-26 00:00:00-04:00,13.170000076293945,13.4399995803833,12.699999809265137,12.970000267028809,114800,0.0,0.0
2005-04-27 00:00:00-04:00,12.6899995803833,13.329999923706055,12.649999618530273,13.239999771118164,60700,0.0,0.0
2005-04-28 00:00:00-04:00,13.069999694824219,13.170000076293945,12.949999809265137,13.020000457763672,45300,0.0,0.0
2005-04-29 00:00:00-04:00,13.050000190734863,13.25,12.899999618530273,13.229999542236328,50700,0.0,0.0
2005-05-02 00:00:00-04:00,13.260000228881836,13.430000305175781,12.609999656677246,12.90999984741211,98300,0.0,0.0
2005-05-03 00:00:00-04:00,12.979999542236328,13.270000457763672,12.510000228881836,12.770000457763672,121800,0.0,0.0
2005-05-04 00:00:00-04:00,12.850000381469727,13.029999732971191,12.75,12.949999809265137,97500,0.0,0.0
2005-05-05 00:00:00-04:00,12.979999542236328,13.210000038146973,12.789999961853027,13.149999618530273,41200,0.0,0.0
2005-05-06 00:00:00-04:00,13.199999809265137,13.34000015258789,12.880000114440918,13.149999618530273,54200,0.0,0.0
2005-05-09 00:00:00-04:00,13.220000267028809,13.220000267028809,12.579999923706055,12.75,115900,0.0,0.0
2005-05-10 00:00:00-04:00,12.619999885559082,12.789999961853027,12.0600004196167,12.149999618530273,88300,0.0,0.0
2005-05-11 00:00:00-04:00,12.289999961853027,12.550000190734863,11.869999885559082,12.0,75900,0.0,0.0
2005-05-12 00:00:00-04:00,12.100000381469727,12.569999694824219,11.960000038146973,12.079999923706055,119500,0.0,0.0
2005-05-13 00:00:00-04:00,12.25,12.449999809265137,12.010000228881836,12.220000267028809,79800,0.0,0.0
2005-05-16 00:00:00-04:00,12.359999656677246,13.029999732971191,12.3100004196167,12.970000267028809,67000,0.0,0.0
2005-05-17 00:00:00-04:00,12.8100004196167,13.0,12.34000015258789,12.979999542236328,53500,0.0,0.0
2005-05-18 00:00:00-04:00,13.039999961853027,13.199999809265137,12.449999809265137,12.5600004196167,83900,0.0,0.0
2005-05-19 00:00:00-04:00,12.619999885559082,12.8100004196167,12.449999809265137,12.529999732971191,80500,0.0,0.0
2005-05-20 00:00:00-04:00,12.5600004196167,12.579999923706055,12.430000305175781,12.5,73600,0.0,0.0
2005-05-23 00:00:00-04:00,12.449999809265137,12.550000190734863,11.970000267028809,12.079999923706055,56100,0.0,0.0
2005-05-24 00:00:00-04:00,11.920000076293945,12.039999961853027,11.069999694824219,11.460000038146973,104700,0.0,0.0
2005-05-25 00:00:00-04:00,11.319999694824219,11.920000076293945,11.25,11.789999961853027,65800,0.0,0.0
2005-05-26 00:00:00-04:00,11.84000015258789,12.430000305175781,11.84000015258789,12.329999923706055,150200,0.0,0.0
2005-05-27 00:00:00-04:00,12.020000457763672,12.239999771118164,11.59000015258789,11.90999984741211,166700,0.0,0.0
2005-05-31 00:00:00-04:00,11.800000190734863,11.800000190734863,11.5600004196167,11.739999771118164,61200,0.0,0.0
2005-06-01 00:00:00-04:00,11.649999618530273,11.8100004196167,11.600000381469727,11.710000038146973,72800,0.0,0.0
2005-06-02 00:00:00-04:00,11.569999694824219,11.930000305175781,11.550000190734863,11.920000076293945,89600,0.0,0.0
2005-06-03 00:00:00-04:00,11.829999923706055,11.989999771118164,11.699999809265137,11.75,50500,0.0,0.0
2005-06-06 00:00:00-04:00,11.779999732971191,12.069999694824219,11.649999618530273,11.680000305175781,259300,0.0,0.0
2005-06-07 00:00:00-04:00,11.699999809265137,11.800000190734863,10.850000381469727,11.40999984741211,60900,0.0,0.0
2005-06-08 00:00:00-04:00,11.279999732971191,11.479999542236328,11.1899995803833,11.420000076293945,47100,0.0,0.0
2005-06-09 00:00:00-04:00,11.260000228881836,12.050000190734863,10.9399995803833,12.039999961853027,238400,0.0,0.0
2005-06-10 00:00:00-04:00,12.079999923706055,12.640000343322754,12.079999923706055,12.529999732971191,59600,0.0,0.0
2005-06-13 00:00:00-04:00,12.489999771118164,12.5600004196167,12.40999984741211,12.470000267028809,43800,0.0,0.0
2005-06-14 00:00:00-04:00,12.40999984741211,12.579999923706055,12.390000343322754,12.569999694824219,36700,0.0,0.0
2005-06-15 00:00:00-04:00,12.600000381469727,12.65999984741211,12.390000343322754,12.65999984741211,63200,0.0,0.0
2005-06-16 00:00:00-04:00,12.609999656677246,13.079999923706055,12.430000305175781,12.960000038146973,118700,0.0,0.0
2005-06-17 00:00:00-04:00,13.010000228881836,13.149999618530273,12.819999694824219,13.0,107000,0.0,0.0
2005-06-20 00:00:00-04:00,12.949999809265137,13.149999618530273,12.8100004196167,12.979999542236328,86700,0.0,0.0
2005-06-21 00:00:00-04:00,13.0,13.050000190734863,12.84000015258789,12.979999542236328,100400,0.0,0.0
2005-06-22 00:00:00-04:00,13.010000228881836,13.25,12.770000457763672,13.15999984741211,92400,0.0,0.0
2005-06-23 00:00:00-04:00,13.25,13.25,12.819999694824219,12.949999809265137,71200,0.0,0.0
2005-06-24 00:00:00-04:00,12.920000076293945,13.0,12.729999542236328,12.75,239400,0.0,0.0
2005-06-27 00:00:00-04:00,12.729999542236328,12.8100004196167,12.640000343322754,12.710000038146973,50500,0.0,0.0
2005-06-28 00:00:00-04:00,12.630000114440918,12.920000076293945,12.579999923706055,12.920000076293945,44300,0.0,0.0
2005-06-29 00:00:00-04:00,12.819999694824219,13.010000228881836,12.819999694824219,12.949999809265137,47800,0.0,0.0
2005-06-30 00:00:00-04:00,12.819999694824219,13.40999984741211,12.760000228881836,13.100000381469727,117300,0.0,0.0
2005-07-01 00:00:00-04:00,13.149999618530273,13.210000038146973,12.84000015258789,13.149999618530273,43800,0.0,0.0
2005-07-05 00:00:00-04:00,13.140000343322754,13.3100004196167,12.90999984741211,13.3100004196167,70200,0.0,0.0
2005-07-06 00:00:00-04:00,13.40999984741211,13.789999961853027,13.010000228881836,13.479999542236328,109100,0.0,0.0
2005-07-07 00:00:00-04:00,13.220000267028809,13.4399995803833,12.949999809265137,13.40999984741211,49900,0.0,0.0
2005-07-08 00:00:00-04:00,13.199999809265137,13.600000381469727,12.899999618530273,13.350000381469727,85900,0.0,0.0
2005-07-11 00:00:00-04:00,13.359999656677246,13.869999885559082,13.270000457763672,13.800000190734863,49500,0.0,0.0
2005-07-12 00:00:00-04:00,13.600000381469727,14.0,13.319999694824219,13.739999771118164,83000,0.0,0.0
2005-07-13 00:00:00-04:00,13.699999809265137,14.050000190734863,13.649999618530273,13.90999984741211,111000,0.0,0.0
2005-07-14 00:00:00-04:00,14.100000381469727,14.100000381469727,13.920000076293945,14.0,49500,0.0,0.0
2005-07-15 00:00:00-04:00,13.859999656677246,14.100000381469727,13.380000114440918,14.010000228881836,71700,0.0,0.0
2005-07-18 00:00:00-04:00,14.0,14.0,13.6899995803833,13.75,41300,0.0,0.0
2005-07-19 00:00:00-04:00,13.819999694824219,14.609999656677246,13.720000267028809,14.569999694824219,83800,0.0,0.0
2005-07-20 00:00:00-04:00,14.5,15.319999694824219,14.5,15.279999732971191,113200,0.0,0.0
2005-07-21 00:00:00-04:00,15.100000381469727,15.40999984741211,14.84000015258789,15.140000343322754,202800,0.0,0.0
2005-07-22 00:00:00-04:00,14.930000305175781,16.399999618530273,14.880000114440918,16.399999618530273,209900,0.0,0.0
2005-07-25 00:00:00-04:00,16.40999984741211,16.440000534057617,16.170000076293945,16.3700008392334,103500,0.0,0.0
2005-07-26 00:00:00-04:00,15.020000457763672,15.579999923706055,15.0,15.479999542236328,489500,0.0,0.0
2005-07-27 00:00:00-04:00,15.239999771118164,15.600000381469727,15.0,15.369999885559082,70500,0.0,0.0
2005-07-28 00:00:00-04:00,15.279999732971191,15.699999809265137,15.260000228881836,15.699999809265137,46200,0.0,0.0
2005-07-29 00:00:00-04:00,15.6899995803833,15.930000305175781,15.5600004196167,15.819999694824219,81900,0.0,0.0
2005-08-01 00:00:00-04:00,15.850000381469727,16.059999465942383,15.75,16.0,108700,0.0,0.0
2005-08-02 00:00:00-04:00,16.049999237060547,16.049999237060547,15.489999771118164,16.0,53100,0.0,0.0
2005-08-03 00:00:00-04:00,15.960000038146973,16.0,15.420000076293945,15.8100004196167,46700,0.0,0.0
2005-08-04 00:00:00-04:00,15.630000114440918,15.630000114440918,15.010000228881836,15.260000228881836,42800,0.0,0.0
2005-08-05 00:00:00-04:00,15.199999809265137,15.210000038146973,14.970000267028809,15.100000381469727,148500,0.0,0.0
2005-08-08 00:00:00-04:00,15.1899995803833,15.4399995803833,15.020000457763672,15.199999809265137,104800,0.0,0.0
2005-08-09 00:00:00-04:00,15.149999618530273,15.399999618530273,15.149999618530273,15.329999923706055,138900,0.0,0.0
2005-08-10 00:00:00-04:00,15.399999618530273,15.899999618530273,15.289999961853027,15.699999809265137,173500,0.0,0.0
2005-08-11 00:00:00-04:00,15.65999984741211,15.75,15.40999984741211,15.670000076293945,40500,0.0,0.0
2005-08-12 00:00:00-04:00,15.600000381469727,15.899999618530273,15.5,15.890000343322754,83400,0.0,0.0
2005-08-15 00:00:00-04:00,15.850000381469727,16.40999984741211,15.460000038146973,15.550000190734863,147500,0.0,0.0
2005-08-16 00:00:00-04:00,15.489999771118164,15.789999961853027,15.149999618530273,15.399999618530273,88100,0.0,0.0
2005-08-17 00:00:00-04:00,15.399999618530273,15.4399995803833,15.300000190734863,15.390000343322754,41800,0.0,0.0
2005-08-18 00:00:00-04:00,15.350000381469727,15.470000267028809,15.0,15.369999885559082,60800,0.0,0.0
2005-08-19 00:00:00-04:00,15.350000381469727,15.569999694824219,15.300000190734863,15.5,53900,0.0,0.0
2005-08-22 00:00:00-04:00,15.59000015258789,15.670000076293945,15.40999984741211,15.65999984741211,19700,0.0,0.0
2005-08-23 00:00:00-04:00,15.539999961853027,16.049999237060547,15.479999542236328,15.979999542236328,122200,0.0,0.0
2005-08-24 00:00:00-04:00,15.979999542236328,16.100000381469727,15.430000305175781,15.640000343322754,43200,0.0,0.0
2005-08-25 00:00:00-04:00,15.670000076293945,15.880000114440918,15.319999694824219,15.869999885559082,163900,0.0,0.0
2005-08-26 00:00:00-04:00,15.869999885559082,15.960000038146973,15.529999732971191,15.640000343322754,62600,0.0,0.0
2005-08-29 00:00:00-04:00,15.5600004196167,15.75,15.3100004196167,15.75,88900,0.0,0.0
2005-08-30 00:00:00-04:00,15.710000038146973,15.710000038146973,15.3100004196167,15.359999656677246,58600,0.0,0.0
2005-08-31 00:00:00-04:00,15.270000457763672,15.75,15.270000457763672,15.6899995803833,73800,0.0,0.0
2005-09-01 00:00:00-04:00,15.680000305175781,16.579999923706055,15.640000343322754,16.520000457763672,100300,0.0,0.0
2005-09-02 00:00:00-04:00,16.440000534057617,16.729999542236328,15.739999771118164,16.31999969482422,139000,0.0,0.0
2005-09-06 00:00:00-04:00,16.020000457763672,16.309999465942383,15.630000114440918,16.06999969482422,186300,0.0,0.0
2005-09-07 00:00:00-04:00,16.030000686645508,16.030000686645508,15.239999771118164,15.380000114440918,84800,0.0,0.0
2005-09-08 00:00:00-04:00,15.319999694824219,15.670000076293945,15.229999542236328,15.569999694824219,42900,0.0,0.0
2005-09-09 00:00:00-04:00,15.670000076293945,15.899999618530273,15.479999542236328,15.850000381469727,32400,0.0,0.0
2005-09-12 00:00:00-04:00,15.880000114440918,16.5,15.600000381469727,16.260000228881836,124800,0.0,0.0
2005-09-13 00:00:00-04:00,16.549999237060547,18.459999084472656,16.549999237060547,17.59000015258789,342700,0.0,0.0
2005-09-14 00:00:00-04:00,18.0,18.31999969482422,17.5,17.639999389648438,265800,0.0,0.0
2005-09-15 00:00:00-04:00,17.84000015258789,17.989999771118164,17.079999923706055,17.459999084472656,138800,0.0,0.0
2005-09-16 00:00:00-04:00,17.530000686645508,17.559999465942383,17.350000381469727,17.549999237060547,125200,0.0,0.0
2005-09-19 00:00:00-04:00,17.639999389648438,17.639999389648438,17.299999237060547,17.350000381469727,69100,0.0,0.0
2005-09-20 00:00:00-04:00,17.350000381469727,17.450000762939453,16.6200008392334,17.1299991607666,138800,0.0,0.0
2005-09-21 00:00:00-04:00,17.1299991607666,17.1299991607666,16.760000228881836,16.850000381469727,107800,0.0,0.0
2005-09-22 00:00:00-04:00,16.93000030517578,17.010000228881836,15.989999771118164,16.600000381469727,159300,0.0,0.0
2005-09-23 00:00:00-04:00,16.479999542236328,18.190000534057617,16.420000076293945,17.760000228881836,243100,0.0,0.0
2005-09-26 00:00:00-04:00,17.809999465942383,17.809999465942383,16.229999542236328,16.940000534057617,266800,0.0,0.0
2005-09-27 00:00:00-04:00,16.950000762939453,17.420000076293945,16.5,16.770000457763672,256200,0.0,0.0
2005-09-28 00:00:00-04:00,16.65999984741211,16.65999984741211,16.270000457763672,16.479999542236328,76200,0.0,0.0
2005-09-29 00:00:00-04:00,16.360000610351562,16.729999542236328,16.110000610351562,16.65999984741211,94300,0.0,0.0
2005-09-30 00:00:00-04:00,16.700000762939453,16.75,16.229999542236328,16.600000381469727,58400,0.0,0.0
2005-10-03 00:00:00-04:00,16.950000762939453,17.399999618530273,16.760000228881836,17.0,465700,0.0,0.0
2005-10-04 00:00:00-04:00,17.100000381469727,17.100000381469727,16.760000228881836,16.81999969482422,194300,0.0,0.0
2005-10-05 00:00:00-04:00,16.799999237060547,16.889999389648438,16.420000076293945,16.510000228881836,109300,0.0,0.0
2005-10-06 00:00:00-04:00,16.5,16.729999542236328,15.0,15.649999618530273,225500,0.0,0.0
2005-10-07 00:00:00-04:00,15.6899995803833,16.299999237060547,15.380000114440918,15.920000076293945,60400,0.0,0.0
2005-10-10 00:00:00-04:00,15.800000190734863,15.800000190734863,15.180000305175781,15.65999984741211,151500,0.0,0.0
2005-10-11 00:00:00-04:00,17.020000457763672,17.020000457763672,15.949999809265137,15.979999542236328,363600,0.0,0.0
2005-10-12 00:00:00-04:00,15.899999618530273,16.0,15.1899995803833,15.649999618530273,124100,0.0,0.0
2005-10-13 00:00:00-04:00,15.1899995803833,16.059999465942383,14.90999984741211,15.770000457763672,134100,0.0,0.0
2005-10-14 00:00:00-04:00,15.899999618530273,16.780000686645508,15.869999885559082,16.600000381469727,134000,0.0,0.0
2005-10-17 00:00:00-04:00,16.600000381469727,16.75,15.529999732971191,15.989999771118164,89800,0.0,0.0
2005-10-18 00:00:00-04:00,16.030000686645508,16.18000030517578,15.369999885559082,16.18000030517578,117200,0.0,0.0
2005-10-19 00:00:00-04:00,16.100000381469727,17.530000686645508,16.0,17.329999923706055,299200,0.0,0.0
2005-10-20 00:00:00-04:00,17.3799991607666,17.540000915527344,16.75,17.049999237060547,139200,0.0,0.0
2005-10-21 00:00:00-04:00,16.440000534057617,16.440000534057617,14.420000076293945,15.369999885559082,471100,0.0,0.0
2005-10-24 00:00:00-04:00,15.300000190734863,15.59000015258789,14.710000038146973,15.420000076293945,189100,0.0,0.0
2005-10-25 00:00:00-04:00,14.960000038146973,15.34000015258789,14.960000038146973,15.119999885559082,186700,0.0,0.0
2005-10-26 00:00:00-04:00,15.119999885559082,15.1899995803833,14.829999923706055,14.949999809265137,161100,0.0,0.0
2005-10-27 00:00:00-04:00,15.09000015258789,15.09000015258789,14.210000038146973,14.579999923706055,157600,0.0,0.0
2005-10-28 00:00:00-04:00,14.579999923706055,14.9399995803833,14.069999694824219,14.59000015258789,96900,0.0,0.0
2005-10-31 00:00:00-05:00,14.609999656677246,15.0,14.420000076293945,14.890000343322754,156200,0.0,0.0
2005-11-01 00:00:00-05:00,14.789999961853027,14.920000076293945,14.430000305175781,14.479999542236328,109300,0.0,0.0
2005-11-02 00:00:00-05:00,14.539999961853027,14.899999618530273,14.4399995803833,14.859999656677246,268700,0.0,0.0
2005-11-03 00:00:00-05:00,14.970000267028809,15.380000114440918,14.829999923706055,15.380000114440918,326000,0.0,0.0
2005-11-04 00:00:00-05:00,15.350000381469727,15.550000190734863,15.199999809265137,15.420000076293945,225400,0.0,0.0
2005-11-07 00:00:00-05:00,15.489999771118164,15.5,15.25,15.460000038146973,185000,0.0,0.0
2005-11-08 00:00:00-05:00,15.300000190734863,15.399999618530273,15.25,15.300000190734863,138900,0.0,0.0
2005-11-09 00:00:00-05:00,15.319999694824219,16.100000381469727,15.220000267028809,15.989999771118164,278900,0.0,0.0
2005-11-10 00:00:00-05:00,16.049999237060547,16.09000015258789,15.75,16.030000686645508,248700,0.0,0.0
2005-11-11 00:00:00-05:00,16.020000457763672,16.110000610351562,15.899999618530273,16.100000381469727,120400,0.0,0.0
2005-11-14 00:00:00-05:00,16.0,16.170000076293945,15.760000228881836,15.949999809265137,209100,0.0,0.0
2005-11-15 00:00:00-05:00,15.949999809265137,16.030000686645508,15.859999656677246,15.90999984741211,134700,0.0,0.0
2005-11-16 00:00:00-05:00,15.90999984741211,16.010000228881836,15.800000190734863,15.960000038146973,143400,0.0,0.0
2005-11-17 00:00:00-05:00,16.030000686645508,16.350000381469727,15.949999809265137,16.350000381469727,164400,0.0,0.0
2005-11-18 00:00:00-05:00,16.420000076293945,16.950000762939453,16.3700008392334,16.860000610351562,157400,0.0,0.0
2005-11-21 00:00:00-05:00,16.729999542236328,16.920000076293945,16.700000762939453,16.889999389648438,126700,0.0,0.0
2005-11-22 00:00:00-05:00,16.770000457763672,17.079999923706055,16.709999084472656,16.809999465942383,102900,0.0,0.0
2005-11-23 00:00:00-05:00,16.799999237060547,16.850000381469727,16.649999618530273,16.75,215900,0.0,0.0
2005-11-25 00:00:00-05:00,16.81999969482422,16.829999923706055,16.639999389648438,16.68000030517578,8700,0.0,0.0
2005-11-28 00:00:00-05:00,16.610000610351562,16.639999389648438,15.430000305175781,15.729999542236328,116300,0.0,0.0
2005-11-29 00:00:00-05:00,15.8100004196167,16.459999084472656,15.760000228881836,15.970000267028809,71200,0.0,0.0
2005-11-30 00:00:00-05:00,15.989999771118164,15.989999771118164,15.5,15.640000343322754,98400,0.0,0.0
2005-12-01 00:00:00-05:00,15.579999923706055,15.9399995803833,15.529999732971191,15.84000015258789,63600,0.0,0.0
2005-12-02 00:00:00-05:00,15.869999885559082,16.209999084472656,15.670000076293945,16.079999923706055,38900,0.0,0.0
2005-12-05 00:00:00-05:00,16.200000762939453,16.200000762939453,15.550000190734863,15.890000343322754,138100,0.0,0.0
2005-12-06 00:00:00-05:00,16.06999969482422,16.079999923706055,15.779999732971191,15.869999885559082,75500,0.0,0.0
2005-12-07 00:00:00-05:00,15.890000343322754,15.949999809265137,15.460000038146973,15.5,44000,0.0,0.0
2005-12-08 00:00:00-05:00,15.460000038146973,15.920000076293945,15.449999809265137,15.75,89700,0.0,0.0
2005-12-09 00:00:00-05:00,15.829999923706055,15.989999771118164,15.65999984741211,15.930000305175781,59100,0.0,0.0
2005-12-12 00:00:00-05:00,15.989999771118164,16.489999771118164,15.65999984741211,16.450000762939453,141200,0.0,0.0
2005-12-13 00:00:00-05:00,16.299999237060547,16.649999618530273,16.25,16.639999389648438,125400,0.0,0.0
2005-12-14 00:00:00-05:00,16.670000076293945,16.690000534057617,16.420000076293945,16.479999542236328,120400,0.0,0.0
2005-12-15 00:00:00-05:00,16.350000381469727,16.420000076293945,16.059999465942383,16.1200008392334,87600,0.0,0.0
2005-12-16 00:00:00-05:00,16.200000762939453,16.209999084472656,15.800000190734863,16.0,142600,0.0,0.0
2005-12-19 00:00:00-05:00,15.90999984741211,16.06999969482422,15.770000457763672,15.970000267028809,122100,0.0,0.0
2005-12-20 00:00:00-05:00,15.949999809265137,16.229999542236328,15.850000381469727,15.989999771118164,70800,0.0,0.0
2005-12-21 00:00:00-05:00,15.920000076293945,16.34000015258789,15.859999656677246,16.049999237060547,61500,0.0,0.0
2005-12-22 00:00:00-05:00,16.309999465942383,16.450000762939453,15.9399995803833,16.170000076293945,56900,0.0,0.0
2005-12-23 00:00:00-05:00,16.209999084472656,16.239999771118164,16.100000381469727,16.110000610351562,14000,0.0,0.0
2005-12-27 00:00:00-05:00,16.1200008392334,16.190000534057617,15.869999885559082,15.890000343322754,91100,0.0,0.0
2005-12-28 00:00:00-05:00,16.040000915527344,16.450000762939453,15.869999885559082,16.34000015258789,55700,0.0,0.0
2005-12-29 00:00:00-05:00,16.329999923706055,16.559999465942383,15.84000015258789,16.200000762939453,88600,0.0,0.0
2005-12-30 00:00:00-05:00,16.079999923706055,16.350000381469727,15.970000267028809,16.25,67500,0.0,0.0
2006-01-03 00:00:00-05:00,16.299999237060547,16.56999969482422,15.979999542236328,16.5,129600,0.0,0.0
2006-01-04 00:00:00-05:00,16.6299991607666,17.65999984741211,16.399999618530273,17.020000457763672,135900,0.0,0.0
2006-01-05 00:00:00-05:00,17.139999389648438,17.799999237060547,17.0,17.700000762939453,105100,0.0,0.0
2006-01-06 00:00:00-05:00,17.920000076293945,18.100000381469727,17.280000686645508,18.020000457763672,89600,0.0,0.0
2006-01-09 00:00:00-05:00,17.889999389648438,18.520000457763672,17.889999389648438,18.5,107200,0.0,0.0
2006-01-10 00:00:00-05:00,18.299999237060547,18.600000381469727,18.139999389648438,18.5,122500,0.0,0.0
2006-01-11 00:00:00-05:00,18.40999984741211,18.860000610351562,18.15999984741211,18.829999923706055,99400,0.0,0.0
2006-01-12 00:00:00-05:00,18.670000076293945,19.209999084472656,18.649999618530273,19.06999969482422,160900,0.0,0.0
2006-01-13 00:00:00-05:00,19.1299991607666,19.229999542236328,18.729999542236328,19.049999237060547,86600,0.0,0.0
2006-01-17 00:00:00-05:00,18.860000610351562,18.860000610351562,18.43000030517578,18.5,113700,0.0,0.0
2006-01-18 00:00:00-05:00,18.399999618530273,19.200000762939453,18.399999618530273,19.0,55400,0.0,0.0
2006-01-19 00:00:00-05:00,18.940000534057617,19.75,18.799999237060547,19.690000534057617,61200,0.0,0.0
2006-01-20 00:00:00-05:00,19.700000762939453,19.760000228881836,19.0,19.360000610351562,67300,0.0,0.0
2006-01-23 00:00:00-05:00,19.309999465942383,19.309999465942383,18.399999618530273,18.75,97200,0.0,0.0
2006-01-24 00:00:00-05:00,18.709999084472656,19.770000457763672,18.65999984741211,19.079999923706055,52500,0.0,0.0
2006-01-25 00:00:00-05:00,19.469999313354492,19.799999237060547,18.860000610351562,19.299999237060547,188700,0.0,0.0
2006-01-26 00:00:00-05:00,19.600000381469727,19.989999771118164,19.110000610351562,19.850000381469727,198300,0.0,0.0
2006-01-27 00:00:00-05:00,19.959999084472656,19.959999084472656,17.110000610351562,17.979999542236328,548200,0.0,0.0
2006-01-30 00:00:00-05:00,17.979999542236328,18.149999618530273,17.860000610351562,17.90999984741211,187100,0.0,0.0
2006-01-31 00:00:00-05:00,17.25,17.799999237060547,16.309999465942383,17.729999542236328,584300,0.0,0.0
2006-02-01 00:00:00-05:00,17.540000915527344,17.969999313354492,17.399999618530273,17.81999969482422,105800,0.0,0.0
2006-02-02 00:00:00-05:00,17.81999969482422,17.81999969482422,17.329999923706055,17.729999542236328,57500,0.0,0.0
2006-02-03 00:00:00-05:00,17.559999465942383,17.780000686645508,17.190000534057617,17.420000076293945,106800,0.0,0.0
2006-02-06 00:00:00-05:00,17.329999923706055,17.700000762939453,17.1200008392334,17.459999084472656,118700,0.0,0.0
2006-02-07 00:00:00-05:00,17.309999465942383,17.700000762939453,17.239999771118164,17.299999237060547,153600,0.0,0.0
2006-02-08 00:00:00-05:00,17.420000076293945,17.670000076293945,17.1200008392334,17.579999923706055,76900,0.0,0.0
2006-02-09 00:00:00-05:00,17.700000762939453,17.860000610351562,17.520000457763672,17.799999237060547,99900,0.0,0.0
2006-02-10 00:00:00-05:00,17.700000762939453,18.209999084472656,17.360000610351562,18.010000228881836,105000,0.0,0.0
2006-02-13 00:00:00-05:00,17.8700008392334,18.040000915527344,17.34000015258789,17.440000534057617,162600,0.0,0.0
2006-02-14 00:00:00-05:00,17.450000762939453,17.56999969482422,17.200000762939453,17.420000076293945,78800,0.0,0.0
2006-02-15 00:00:00-05:00,17.469999313354492,17.520000457763672,17.25,17.40999984741211,28000,0.0,0.0
2006-02-16 00:00:00-05:00,17.600000381469727,17.700000762939453,17.479999542236328,17.520000457763672,69600,0.0,0.0
2006-02-17 00:00:00-05:00,17.6299991607666,17.6299991607666,17.34000015258789,17.469999313354492,37800,0.0,0.0
2006-02-21 00:00:00-05:00,17.40999984741211,17.459999084472656,16.850000381469727,16.8700008392334,92500,0.0,0.0
2006-02-22 00:00:00-05:00,16.989999771118164,17.489999771118164,16.790000915527344,17.190000534057617,66800,0.0,0.0
2006-02-23 00:00:00-05:00,17.149999618530273,17.200000762939453,16.950000762939453,17.030000686645508,30300,0.0,0.0
2006-02-24 00:00:00-05:00,16.940000534057617,17.3799991607666,16.719999313354492,17.350000381469727,61600,0.0,0.0
2006-02-27 00:00:00-05:00,17.309999465942383,17.350000381469727,17.010000228881836,17.200000762939453,61000,0.0,0.0
2006-02-28 00:00:00-05:00,17.100000381469727,17.15999984741211,16.559999465942383,16.889999389648438,146400,0.0,0.0
2006-03-01 00:00:00-05:00,16.93000030517578,17.610000610351562,16.850000381469727,17.110000610351562,114000,0.0,0.0
2006-03-02 00:00:00-05:00,17.010000228881836,17.530000686645508,16.739999771118164,17.5,80100,0.0,0.0
2006-03-03 00:00:00-05:00,17.40999984741211,17.65999984741211,17.0,17.280000686645508,34600,0.0,0.0
2006-03-06 00:00:00-05:00,17.3700008392334,17.3700008392334,16.600000381469727,17.1200008392334,97400,0.0,0.0
2006-03-07 00:00:00-05:00,17.110000610351562,17.190000534057617,16.639999389648438,16.8799991607666,81700,0.0,0.0
2006-03-08 00:00:00-05:00,16.729999542236328,18.280000686645508,16.729999542236328,18.15999984741211,147000,0.0,0.0
2006-03-09 00:00:00-05:00,18.049999237060547,18.40999984741211,17.93000030517578,18.010000228881836,145200,0.0,0.0
2006-03-10 00:00:00-05:00,17.920000076293945,18.270000457763672,17.8700008392334,18.18000030517578,59500,0.0,0.0
2006-03-13 00:00:00-05:00,18.200000762939453,18.479999542236328,18.190000534057617,18.43000030517578,45200,0.0,0.0
2006-03-14 00:00:00-05:00,18.469999313354492,18.469999313354492,17.959999084472656,18.31999969482422,82200,0.0,0.0
2006-03-15 00:00:00-05:00,18.40999984741211,18.479999542236328,18.200000762939453,18.440000534057617,29800,0.0,0.0
2006-03-16 00:00:00-05:00,18.5,18.790000915527344,18.299999237060547,18.65999984741211,88400,0.0,0.0
2006-03-17 00:00:00-05:00,18.75,18.75,18.25,18.450000762939453,207200,0.0,0.0
2006-03-20 00:00:00-05:00,18.530000686645508,18.8700008392334,18.329999923706055,18.670000076293945,65100,0.0,0.0
2006-03-21 00:00:00-05:00,18.579999923706055,18.8799991607666,18.260000228881836,18.34000015258789,109700,0.0,0.0
2006-03-22 00:00:00-05:00,18.290000915527344,18.299999237060547,17.940000534057617,18.1299991607666,142200,0.0,0.0
2006-03-23 00:00:00-05:00,18.100000381469727,18.6299991607666,18.100000381469727,18.459999084472656,83500,0.0,0.0
2006-03-24 00:00:00-05:00,18.420000076293945,18.829999923706055,18.399999618530273,18.68000030517578,88100,0.0,0.0
2006-03-27 00:00:00-05:00,18.649999618530273,18.8799991607666,18.549999237060547,18.780000686645508,130600,0.0,0.0
2006-03-28 00:00:00-05:00,18.700000762939453,19.299999237060547,18.639999389648438,18.770000457763672,209900,0.0,0.0
2006-03-29 00:00:00-05:00,18.68000030517578,18.920000076293945,18.649999618530273,18.799999237060547,113700,0.0,0.0
2006-03-30 00:00:00-05:00,18.809999465942383,19.0,18.639999389648438,18.81999969482422,116500,0.0,0.0
2006-03-31 00:00:00-05:00,18.940000534057617,19.0,18.65999984741211,18.920000076293945,68500,0.0,0.0
2006-04-03 00:00:00-04:00,18.90999984741211,19.1299991607666,18.649999618530273,19.010000228881836,70400,0.0,0.0
2006-04-04 00:00:00-04:00,18.950000762939453,19.5,18.469999313354492,19.360000610351562,106300,0.0,0.0
2006-04-05 00:00:00-04:00,19.15999984741211,19.31999969482422,18.65999984741211,19.059999465942383,98500,0.0,0.0
2006-04-06 00:00:00-04:00,18.989999771118164,19.219999313354492,18.950000762939453,19.200000762939453,43100,0.0,0.0
2006-04-07 00:00:00-04:00,19.329999923706055,19.559999465942383,19.18000030517578,19.309999465942383,85800,0.0,0.0
2006-04-10 00:00:00-04:00,19.260000228881836,19.6299991607666,19.0,19.170000076293945,68500,0.0,0.0
2006-04-11 00:00:00-04:00,19.290000915527344,19.290000915527344,18.440000534057617,18.479999542236328,108700,0.0,0.0
2006-04-12 00:00:00-04:00,18.420000076293945,18.610000610351562,18.139999389648438,18.200000762939453,42200,0.0,0.0
2006-04-13 00:00:00-04:00,18.1299991607666,18.770000457763672,17.729999542236328,18.389999389648438,54900,0.0,0.0
2006-04-17 00:00:00-04:00,18.350000381469727,18.639999389648438,17.780000686645508,17.84000015258789,98600,0.0,0.0
2006-04-18 00:00:00-04:00,18.010000228881836,18.479999542236328,17.739999771118164,18.190000534057617,117800,0.0,0.0
2006-04-19 00:00:00-04:00,18.239999771118164,19.09000015258789,18.09000015258789,18.959999084472656,86300,0.0,0.0
2006-04-20 00:00:00-04:00,18.760000228881836,18.959999084472656,18.459999084472656,18.639999389648438,41700,0.0,0.0
2006-04-21 00:00:00-04:00,16.65999984741211,16.790000915527344,13.75,13.890000343322754,2651800,0.0,0.0
2006-04-24 00:00:00-04:00,13.819999694824219,13.949999809265137,13.180000305175781,13.399999618530273,558600,0.0,0.0
2006-04-25 00:00:00-04:00,14.069999694824219,14.149999618530273,13.34000015258789,14.140000343322754,833700,0.0,0.0
2006-04-26 00:00:00-04:00,14.25,16.040000915527344,14.229999542236328,15.34000015258789,498600,0.0,0.0
2006-04-27 00:00:00-04:00,15.210000038146973,15.5,14.619999885559082,15.449999809265137,286400,0.0,0.0
2006-04-28 00:00:00-04:00,15.420000076293945,15.770000457763672,15.199999809265137,15.600000381469727,316000,0.0,0.0
2006-05-01 00:00:00-04:00,15.600000381469727,15.729999542236328,15.460000038146973,15.600000381469727,212700,0.0,0.0
2006-05-02 00:00:00-04:00,15.600000381469727,15.880000114440918,15.5,15.710000038146973,229400,0.0,0.0
2006-05-03 00:00:00-04:00,15.710000038146973,16.0,15.59000015258789,15.899999618530273,160600,0.0,0.0
2006-05-04 00:00:00-04:00,15.949999809265137,16.360000610351562,15.90999984741211,16.229999542236328,172500,0.0,0.0
2006-05-05 00:00:00-04:00,16.350000381469727,16.350000381469727,15.970000267028809,16.149999618530273,122800,0.0,0.0
2006-05-08 00:00:00-04:00,16.040000915527344,16.25,15.899999618530273,15.930000305175781,107500,0.0,0.0
2006-05-09 00:00:00-04:00,15.960000038146973,15.960000038146973,15.65999984741211,15.670000076293945,267800,0.0,0.0
2006-05-10 00:00:00-04:00,15.600000381469727,15.729999542236328,15.100000381469727,15.539999961853027,85800,0.0,0.0
2006-05-11 00:00:00-04:00,15.59000015258789,15.800000190734863,15.0,15.050000190734863,293100,0.0,0.0
2006-05-12 00:00:00-04:00,15.010000228881836,15.199999809265137,14.15999984741211,14.270000457763672,579200,0.0,0.0
2006-05-15 00:00:00-04:00,14.229999542236328,14.630000114440918,14.100000381469727,14.489999771118164,351900,0.0,0.0
2006-05-16 00:00:00-04:00,14.529999732971191,14.5600004196167,14.359999656677246,14.5,258800,0.0,0.0
2006-05-17 00:00:00-04:00,14.5,14.5,13.75,14.010000228881836,275100,0.0,0.0
2006-05-18 00:00:00-04:00,14.119999885559082,14.399999618530273,14.0,14.149999618530273,174000,0.0,0.0
2006-05-19 00:00:00-04:00,14.210000038146973,14.59000015258789,13.789999961853027,14.329999923706055,135700,0.0,0.0
2006-05-22 00:00:00-04:00,14.220000267028809,14.279999732971191,13.550000190734863,13.609999656677246,211900,0.0,0.0
2006-05-23 00:00:00-04:00,13.699999809265137,13.789999961853027,13.100000381469727,13.239999771118164,262900,0.0,0.0
2006-05-24 00:00:00-04:00,13.289999961853027,13.710000038146973,13.09000015258789,13.600000381469727,173300,0.0,0.0
2006-05-25 00:00:00-04:00,13.819999694824219,13.819999694824219,13.520000457763672,13.619999885559082,145700,0.0,0.0
2006-05-26 00:00:00-04:00,13.670000076293945,13.670000076293945,13.350000381469727,13.420000076293945,42600,0.0,0.0
2006-05-30 00:00:00-04:00,13.329999923706055,13.5,13.079999923706055,13.100000381469727,171300,0.0,0.0
2006-05-31 00:00:00-04:00,13.079999923706055,13.510000228881836,13.010000228881836,13.289999961853027,213100,0.0,0.0
2006-06-01 00:00:00-04:00,13.3100004196167,13.510000228881836,13.100000381469727,13.34000015258789,149400,0.0,0.0
2006-06-02 00:00:00-04:00,13.520000457763672,13.520000457763672,13.119999885559082,13.260000228881836,194400,0.0,0.0
2006-06-05 00:00:00-04:00,13.119999885559082,13.15999984741211,12.3100004196167,12.359999656677246,146400,0.0,0.0
2006-06-06 00:00:00-04:00,12.34000015258789,12.8100004196167,12.149999618530273,12.380000114440918,85700,0.0,0.0
2006-06-07 00:00:00-04:00,12.430000305175781,12.779999732971191,12.260000228881836,12.270000457763672,79800,0.0,0.0
2006-06-08 00:00:00-04:00,12.149999618530273,12.460000038146973,11.729999542236328,12.050000190734863,132200,0.0,0.0
2006-06-09 00:00:00-04:00,12.100000381469727,12.180000305175781,11.739999771118164,11.75,103600,0.0,0.0
2006-06-12 00:00:00-04:00,11.729999542236328,12.069999694824219,11.630000114440918,11.850000381469727,109000,0.0,0.0
2006-06-13 00:00:00-04:00,11.819999694824219,11.949999809265137,11.510000228881836,11.569999694824219,79300,0.0,0.0
2006-06-14 00:00:00-04:00,11.569999694824219,11.75,11.489999771118164,11.609999656677246,203300,0.0,0.0
2006-06-15 00:00:00-04:00,11.630000114440918,12.180000305175781,11.550000190734863,11.960000038146973,207100,0.0,0.0
2006-06-16 00:00:00-04:00,11.9399995803833,12.09000015258789,11.470000267028809,11.510000228881836,425500,0.0,0.0
2006-06-19 00:00:00-04:00,11.569999694824219,11.619999885559082,11.449999809265137,11.460000038146973,63800,0.0,0.0
2006-06-20 00:00:00-04:00,11.4399995803833,11.5,10.989999771118164,11.0,121500,0.0,0.0
2006-06-21 00:00:00-04:00,10.960000038146973,11.220000267028809,10.9399995803833,11.180000305175781,268100,0.0,0.0
2006-06-22 00:00:00-04:00,11.0600004196167,11.15999984741211,10.930000305175781,11.029999732971191,159000,0.0,0.0
2006-06-23 00:00:00-04:00,10.949999809265137,11.220000267028809,10.949999809265137,11.140000343322754,102500,0.0,0.0
2006-06-26 00:00:00-04:00,11.210000038146973,11.380000114440918,11.170000076293945,11.34000015258789,207000,0.0,0.0
2006-06-27 00:00:00-04:00,11.399999618530273,11.6899995803833,11.279999732971191,11.529999732971191,229500,0.0,0.0
2006-06-28 00:00:00-04:00,11.619999885559082,11.720000267028809,11.489999771118164,11.699999809265137,149600,0.0,0.0
2006-06-29 00:00:00-04:00,11.75,12.449999809265137,11.739999771118164,12.350000381469727,183300,0.0,0.0
2006-06-30 00:00:00-04:00,12.40999984741211,12.569999694824219,12.15999984741211,12.40999984741211,312400,0.0,0.0
2006-07-03 00:00:00-04:00,12.390000343322754,12.770000457763672,12.380000114440918,12.770000457763672,63400,0.0,0.0
2006-07-05 00:00:00-04:00,12.520000457763672,12.640000343322754,12.460000038146973,12.529999732971191,137800,0.0,0.0
2006-07-06 00:00:00-04:00,12.5,12.699999809265137,12.489999771118164,12.640000343322754,183900,0.0,0.0
2006-07-07 00:00:00-04:00,12.5,12.680000305175781,12.460000038146973,12.5,120200,0.0,0.0
2006-07-10 00:00:00-04:00,12.5,12.90999984741211,12.479999542236328,12.539999961853027,237400,0.0,0.0
2006-07-11 00:00:00-04:00,12.489999771118164,13.220000267028809,12.449999809265137,13.1899995803833,137600,0.0,0.0
2006-07-12 00:00:00-04:00,13.140000343322754,13.279999732971191,12.550000190734863,12.680000305175781,238100,0.0,0.0
2006-07-13 00:00:00-04:00,12.550000190734863,12.680000305175781,12.220000267028809,12.350000381469727,366500,0.0,0.0
2006-07-14 00:00:00-04:00,12.3100004196167,12.369999885559082,11.770000457763672,11.770000457763672,150700,0.0,0.0
2006-07-17 00:00:00-04:00,11.760000228881836,11.760000228881836,11.470000267028809,11.489999771118164,130900,0.0,0.0
2006-07-18 00:00:00-04:00,11.579999923706055,11.770000457763672,11.140000343322754,11.420000076293945,93900,0.0,0.0
2006-07-19 00:00:00-04:00,11.529999732971191,12.529999732971191,11.529999732971191,11.989999771118164,261800,0.0,0.0
2006-07-20 00:00:00-04:00,12.100000381469727,12.520000457763672,11.630000114440918,11.770000457763672,239700,0.0,0.0
2006-07-21 00:00:00-04:00,11.09000015258789,11.34000015258789,9.390000343322754,9.5,1329700,0.0,0.0
2006-07-24 00:00:00-04:00,9.550000190734863,10.90999984741211,9.550000190734863,10.279999732971191,219800,0.0,0.0
2006-07-25 00:00:00-04:00,10.369999885559082,10.8100004196167,10.3100004196167,10.760000228881836,231500,0.0,0.0
2006-07-26 00:00:00-04:00,10.65999984741211,10.979999542236328,10.65999984741211,10.760000228881836,103500,0.0,0.0
2006-07-27 00:00:00-04:00,10.859999656677246,11.140000343322754,10.779999732971191,11.130000114440918,190400,0.0,0.0
2006-07-28 00:00:00-04:00,11.1899995803833,11.420000076293945,11.0,11.380000114440918,208200,0.0,0.0
2006-07-31 00:00:00-04:00,11.199999809265137,11.34000015258789,11.0,11.289999961853027,81200,0.0,0.0
2006-08-01 00:00:00-04:00,11.140000343322754,11.460000038146973,11.0,11.149999618530273,63500,0.0,0.0
2006-08-02 00:00:00-04:00,11.25,11.329999923706055,11.100000381469727,11.210000038146973,50900,0.0,0.0
2006-08-03 00:00:00-04:00,11.069999694824219,11.220000267028809,11.010000228881836,11.119999885559082,74800,0.0,0.0
2006-08-04 00:00:00-04:00,11.289999961853027,11.350000381469727,11.069999694824219,11.220000267028809,60000,0.0,0.0
2006-08-07 00:00:00-04:00,11.199999809265137,11.270000457763672,11.0,11.229999542236328,82500,0.0,0.0
2006-08-08 00:00:00-04:00,11.229999542236328,11.279999732971191,10.899999618530273,10.979999542236328,72700,0.0,0.0
2006-08-09 00:00:00-04:00,11.130000114440918,11.3100004196167,11.050000190734863,11.199999809265137,86400,0.0,0.0
2006-08-10 00:00:00-04:00,11.09000015258789,11.699999809265137,11.010000228881836,11.630000114440918,107300,0.0,0.0
2006-08-11 00:00:00-04:00,11.5600004196167,11.630000114440918,11.329999923706055,11.550000190734863,49000,0.0,0.0
2006-08-14 00:00:00-04:00,11.699999809265137,12.1899995803833,11.640000343322754,11.960000038146973,77200,0.0,0.0
2006-08-15 00:00:00-04:00,12.140000343322754,12.8100004196167,12.039999961853027,12.789999961853027,93600,0.0,0.0
2006-08-16 00:00:00-04:00,12.869999885559082,13.0,12.649999618530273,12.930000305175781,81400,0.0,0.0
2006-08-17 00:00:00-04:00,12.859999656677246,13.550000190734863,12.829999923706055,13.239999771118164,111000,0.0,0.0
2006-08-18 00:00:00-04:00,13.420000076293945,13.529999732971191,13.010000228881836,13.170000076293945,291900,0.0,0.0
2006-08-21 00:00:00-04:00,13.069999694824219,13.350000381469727,12.960000038146973,13.3100004196167,160000,0.0,0.0
2006-08-22 00:00:00-04:00,13.25,13.479999542236328,13.119999885559082,13.350000381469727,47500,0.0,0.0
2006-08-23 00:00:00-04:00,13.420000076293945,13.479999542236328,12.710000038146973,12.829999923706055,39300,0.0,0.0
2006-08-24 00:00:00-04:00,12.800000190734863,13.0600004196167,12.420000076293945,13.010000228881836,50100,0.0,0.0
2006-08-25 00:00:00-04:00,12.930000305175781,13.119999885559082,12.779999732971191,12.800000190734863,42300,0.0,0.0
2006-08-28 00:00:00-04:00,12.75,13.180000305175781,12.640000343322754,13.020000457763672,84400,0.0,0.0
2006-08-29 00:00:00-04:00,13.020000457763672,13.050000190734863,12.90999984741211,13.010000228881836,66900,0.0,0.0
2006-08-30 00:00:00-04:00,13.050000190734863,13.100000381469727,12.729999542236328,12.989999771118164,68100,0.0,0.0
2006-08-31 00:00:00-04:00,13.100000381469727,13.109999656677246,12.850000381469727,12.960000038146973,69600,0.0,0.0
2006-09-01 00:00:00-04:00,13.079999923706055,13.199999809265137,12.949999809265137,13.0,86000,0.0,0.0
2006-09-05 00:00:00-04:00,13.09000015258789,13.34000015258789,12.920000076293945,13.0,75900,0.0,0.0
2006-09-06 00:00:00-04:00,12.890000343322754,13.09000015258789,12.800000190734863,12.829999923706055,39500,0.0,0.0
2006-09-07 00:00:00-04:00,12.720000267028809,12.720000267028809,12.3100004196167,12.600000381469727,62800,0.0,0.0
2006-09-08 00:00:00-04:00,12.680000305175781,12.779999732971191,12.550000190734863,12.609999656677246,23300,0.0,0.0
2006-09-11 00:00:00-04:00,12.489999771118164,12.829999923706055,12.40999984741211,12.710000038146973,30200,0.0,0.0
2006-09-12 00:00:00-04:00,12.760000228881836,13.300000190734863,12.5600004196167,13.210000038146973,78100,0.0,0.0
2006-09-13 00:00:00-04:00,13.210000038146973,13.210000038146973,12.890000343322754,12.970000267028809,78700,0.0,0.0
2006-09-14 00:00:00-04:00,12.880000114440918,13.020000457763672,12.880000114440918,13.0,29700,0.0,0.0
2006-09-15 00:00:00-04:00,13.039999961853027,13.279999732971191,12.899999618530273,12.979999542236328,181400,0.0,0.0
2006-09-18 00:00:00-04:00,12.880000114440918,13.289999961853027,12.880000114440918,13.15999984741211,23400,0.0,0.0
2006-09-19 00:00:00-04:00,13.229999542236328,13.319999694824219,12.619999885559082,13.050000190734863,38600,0.0,0.0
2006-09-20 00:00:00-04:00,13.199999809265137,13.229999542236328,12.859999656677246,13.020000457763672,51100,0.0,0.0
2006-09-21 00:00:00-04:00,13.020000457763672,13.220000267028809,12.479999542236328,12.579999923706055,31800,0.0,0.0
2006-09-22 00:00:00-04:00,12.479999542236328,12.479999542236328,11.829999923706055,11.859999656677246,90500,0.0,0.0
2006-09-25 00:00:00-04:00,11.949999809265137,12.069999694824219,11.8100004196167,11.880000114440918,140700,0.0,0.0
2006-09-26 00:00:00-04:00,11.920000076293945,11.9399995803833,11.720000267028809,11.789999961853027,73200,0.0,0.0
2006-09-27 00:00:00-04:00,11.75,11.859999656677246,11.619999885559082,11.649999618530273,96300,0.0,0.0
2006-09-28 00:00:00-04:00,11.729999542236328,11.890000343322754,11.520000457763672,11.550000190734863,82900,0.0,0.0
2006-09-29 00:00:00-04:00,11.5,11.510000228881836,10.9399995803833,10.960000038146973,94100,0.0,0.0
2006-10-02 00:00:00-04:00,11.149999618530273,11.5600004196167,10.920000076293945,10.960000038146973,138800,0.0,0.0
2006-10-03 00:00:00-04:00,10.970000267028809,11.039999961853027,10.390000343322754,10.789999961853027,232700,0.0,0.0
2006-10-04 00:00:00-04:00,10.819999694824219,11.569999694824219,10.819999694824219,11.319999694824219,208900,0.0,0.0
2006-10-05 00:00:00-04:00,11.279999732971191,11.800000190734863,11.260000228881836,11.720000267028809,72600,0.0,0.0
2006-10-06 00:00:00-04:00,11.640000343322754,12.220000267028809,11.470000267028809,11.949999809265137,315900,0.0,0.0
2006-10-09 00:00:00-04:00,11.90999984741211,12.220000267028809,11.90999984741211,12.180000305175781,43100,0.0,0.0
2006-10-10 00:00:00-04:00,12.25,12.260000228881836,11.699999809265137,11.949999809265137,59000,0.0,0.0
2006-10-11 00:00:00-04:00,11.859999656677246,12.149999618530273,11.770000457763672,11.979999542236328,66900,0.0,0.0
2006-10-12 00:00:00-04:00,12.109999656677246,12.619999885559082,12.109999656677246,12.449999809265137,91300,0.0,0.0
2006-10-13 00:00:00-04:00,12.539999961853027,12.729999542236328,12.3100004196167,12.619999885559082,79800,0.0,0.0
2006-10-16 00:00:00-04:00,12.600000381469727,12.699999809265137,12.600000381469727,12.670000076293945,94600,0.0,0.0
2006-10-17 00:00:00-04:00,12.539999961853027,12.6899995803833,12.479999542236328,12.539999961853027,69900,0.0,0.0
2006-10-18 00:00:00-04:00,12.550000190734863,12.65999984741211,12.460000038146973,12.520000457763672,100000,0.0,0.0
2006-10-19 00:00:00-04:00,12.5600004196167,12.6899995803833,12.489999771118164,12.619999885559082,79800,0.0,0.0
2006-10-20 00:00:00-04:00,12.699999809265137,12.890000343322754,12.5,12.8100004196167,172500,0.0,0.0
2006-10-23 00:00:00-04:00,12.699999809265137,13.0,12.600000381469727,12.949999809265137,54200,0.0,0.0
2006-10-24 00:00:00-04:00,12.859999656677246,12.859999656677246,12.579999923706055,12.680000305175781,69700,0.0,0.0
2006-10-25 00:00:00-04:00,12.710000038146973,12.850000381469727,12.569999694824219,12.819999694824219,51000,0.0,0.0
2006-10-26 00:00:00-04:00,12.949999809265137,14.880000114440918,12.8100004196167,14.479999542236328,410700,0.0,0.0
2006-10-27 00:00:00-04:00,14.489999771118164,14.710000038146973,13.920000076293945,14.010000228881836,204000,0.0,0.0
2006-10-30 00:00:00-05:00,13.899999618530273,14.100000381469727,13.800000190734863,14.069999694824219,229600,0.0,0.0
2006-10-31 00:00:00-05:00,14.239999771118164,14.289999961853027,13.9399995803833,14.149999618530273,141800,0.0,0.0
2006-11-01 00:00:00-05:00,14.210000038146973,14.210000038146973,14.0,14.039999961853027,96800,0.0,0.0
2006-11-02 00:00:00-05:00,14.010000228881836,14.149999618530273,13.890000343322754,13.989999771118164,89700,0.0,0.0
2006-11-03 00:00:00-05:00,14.069999694824219,14.1899995803833,13.850000381469727,14.15999984741211,81900,0.0,0.0
2006-11-06 00:00:00-05:00,14.210000038146973,14.210000038146973,13.90999984741211,14.09000015258789,66600,0.0,0.0
2006-11-07 00:00:00-05:00,14.0,14.420000076293945,13.949999809265137,14.380000114440918,100300,0.0,0.0
2006-11-08 00:00:00-05:00,14.289999961853027,14.460000038146973,14.180000305175781,14.1899995803833,38700,0.0,0.0
2006-11-09 00:00:00-05:00,14.260000228881836,14.390000343322754,13.930000305175781,13.970000267028809,57100,0.0,0.0
2006-11-10 00:00:00-05:00,13.9399995803833,14.100000381469727,13.859999656677246,14.100000381469727,64600,0.0,0.0
2006-11-13 00:00:00-05:00,14.050000190734863,14.539999961853027,13.970000267028809,14.539999961853027,70100,0.0,0.0
2006-11-14 00:00:00-05:00,14.539999961853027,14.640000343322754,14.279999732971191,14.640000343322754,62200,0.0,0.0
2006-11-15 00:00:00-05:00,14.65999984741211,14.699999809265137,14.380000114440918,14.699999809265137,60600,0.0,0.0
2006-11-16 00:00:00-05:00,14.550000190734863,14.739999771118164,14.550000190734863,14.739999771118164,48100,0.0,0.0
2006-11-17 00:00:00-05:00,14.739999771118164,14.739999771118164,14.5,14.619999885559082,144900,0.0,0.0
2006-11-20 00:00:00-05:00,14.640000343322754,14.770000457763672,14.489999771118164,14.770000457763672,62100,0.0,0.0
2006-11-21 00:00:00-05:00,14.699999809265137,14.779999732971191,14.489999771118164,14.75,51400,0.0,0.0
2006-11-22 00:00:00-05:00,14.75,14.789999961853027,14.619999885559082,14.699999809265137,31600,0.0,0.0
2006-11-24 00:00:00-05:00,14.600000381469727,14.729999542236328,14.600000381469727,14.630000114440918,26200,0.0,0.0
2006-11-27 00:00:00-05:00,14.539999961853027,14.649999618530273,14.289999961853027,14.449999809265137,108400,0.0,0.0
2006-11-28 00:00:00-05:00,14.40999984741211,14.40999984741211,14.180000305175781,14.25,54500,0.0,0.0
2006-11-29 00:00:00-05:00,14.390000343322754,14.520000457763672,14.260000228881836,14.520000457763672,102000,0.0,0.0
2006-11-30 00:00:00-05:00,14.40999984741211,14.800000190734863,14.390000343322754,14.699999809265137,133000,0.0,0.0
2006-12-01 00:00:00-05:00,14.720000267028809,14.970000267028809,14.5600004196167,14.949999809265137,94800,0.0,0.0
2006-12-04 00:00:00-05:00,14.949999809265137,15.149999618530273,14.739999771118164,15.140000343322754,75100,0.0,0.0
2006-12-05 00:00:00-05:00,15.140000343322754,15.470000267028809,15.010000228881836,15.430000305175781,117900,0.0,0.0
2006-12-06 00:00:00-05:00,15.329999923706055,15.720000267028809,15.260000228881836,15.699999809265137,82200,0.0,0.0
2006-12-07 00:00:00-05:00,15.739999771118164,15.739999771118164,14.869999885559082,15.25,99600,0.0,0.0
2006-12-08 00:00:00-05:00,15.25,15.569999694824219,15.149999618530273,15.289999961853027,159100,0.0,0.0
2006-12-11 00:00:00-05:00,15.329999923706055,15.609999656677246,15.3100004196167,15.59000015258789,272100,0.0,0.0
2006-12-12 00:00:00-05:00,15.510000228881836,15.630000114440918,15.350000381469727,15.470000267028809,72000,0.0,0.0
2006-12-13 00:00:00-05:00,15.619999885559082,15.65999984741211,15.359999656677246,15.479999542236328,65200,0.0,0.0
2006-12-14 00:00:00-05:00,15.539999961853027,15.59000015258789,15.34000015258789,15.460000038146973,181400,0.0,0.0
2006-12-15 00:00:00-05:00,15.529999732971191,15.550000190734863,15.359999656677246,15.510000228881836,138000,0.0,0.0
2006-12-18 00:00:00-05:00,15.520000457763672,15.539999961853027,15.34000015258789,15.479999542236328,93300,0.0,0.0
2006-12-19 00:00:00-05:00,15.319999694824219,15.479999542236328,14.470000267028809,14.550000190734863,133300,0.0,0.0
2006-12-20 00:00:00-05:00,14.609999656677246,14.960000038146973,14.609999656677246,14.859999656677246,38600,0.0,0.0
2006-12-21 00:00:00-05:00,14.899999618530273,14.960000038146973,14.420000076293945,14.59000015258789,50300,0.0,0.0
2006-12-22 00:00:00-05:00,14.630000114440918,14.760000228881836,14.40999984741211,14.460000038146973,23800,0.0,0.0
2006-12-26 00:00:00-05:00,14.479999542236328,15.010000228881836,14.479999542236328,15.010000228881836,41500,0.0,0.0
2006-12-27 00:00:00-05:00,15.010000228881836,15.010000228881836,14.800000190734863,14.979999542236328,47800,0.0,0.0
2006-12-28 00:00:00-05:00,14.979999542236328,15.050000190734863,14.850000381469727,14.989999771118164,44700,0.0,0.0
2006-12-29 00:00:00-05:00,15.0,15.09000015258789,14.420000076293945,14.449999809265137,71100,0.0,0.0
2007-01-03 00:00:00-05:00,14.579999923706055,14.899999618530273,14.3100004196167,14.819999694824219,78300,0.0,0.0
2007-01-04 00:00:00-05:00,14.710000038146973,14.9399995803833,14.6899995803833,14.739999771118164,68200,0.0,0.0
2007-01-05 00:00:00-05:00,14.739999771118164,14.739999771118164,13.880000114440918,14.119999885559082,57100,0.0,0.0
2007-01-08 00:00:00-05:00,14.119999885559082,14.369999885559082,13.550000190734863,13.989999771118164,68300,0.0,0.0
2007-01-09 00:00:00-05:00,13.970000267028809,13.970000267028809,13.460000038146973,13.65999984741211,49600,0.0,0.0
2007-01-10 00:00:00-05:00,13.550000190734863,13.989999771118164,13.449999809265137,13.930000305175781,52900,0.0,0.0
2007-01-11 00:00:00-05:00,13.930000305175781,13.979999542236328,12.770000457763672,12.850000381469727,109000,0.0,0.0
2007-01-12 00:00:00-05:00,11.949999809265137,12.100000381469727,11.25,11.609999656677246,269400,0.0,0.0
2007-01-16 00:00:00-05:00,11.649999618530273,11.649999618530273,10.979999542236328,11.170000076293945,253600,0.0,0.0
2007-01-17 00:00:00-05:00,11.170000076293945,11.170000076293945,10.880000114440918,10.880000114440918,124200,0.0,0.0
2007-01-18 00:00:00-05:00,10.859999656677246,10.979999542236328,10.640000343322754,10.699999809265137,108200,0.0,0.0
2007-01-19 00:00:00-05:00,10.670000076293945,10.949999809265137,10.4399995803833,10.789999961853027,102500,0.0,0.0
2007-01-22 00:00:00-05:00,10.800000190734863,10.800000190734863,10.359999656677246,10.399999618530273,101100,0.0,0.0
2007-01-23 00:00:00-05:00,10.600000381469727,10.600000381469727,10.329999923706055,10.390000343322754,103800,0.0,0.0
2007-01-24 00:00:00-05:00,10.380000114440918,10.640000343322754,10.380000114440918,10.539999961853027,124400,0.0,0.0
2007-01-25 00:00:00-05:00,10.619999885559082,10.619999885559082,10.34000015258789,10.420000076293945,90700,0.0,0.0
2007-01-26 00:00:00-05:00,10.420000076293945,10.770000457763672,10.15999984741211,10.739999771118164,165400,0.0,0.0
2007-01-29 00:00:00-05:00,10.739999771118164,11.4399995803833,10.609999656677246,11.399999618530273,227500,0.0,0.0
2007-01-30 00:00:00-05:00,11.399999618530273,11.640000343322754,11.199999809265137,11.510000228881836,96500,0.0,0.0
2007-01-31 00:00:00-05:00,11.449999809265137,11.449999809265137,11.0600004196167,11.109999656677246,131200,0.0,0.0
2007-02-01 00:00:00-05:00,11.149999618530273,11.470000267028809,11.100000381469727,11.460000038146973,101100,0.0,0.0
2007-02-02 00:00:00-05:00,11.479999542236328,11.609999656677246,11.270000457763672,11.489999771118164,126200,0.0,0.0
2007-02-05 00:00:00-05:00,11.460000038146973,11.59000015258789,11.220000267028809,11.390000343322754,70800,0.0,0.0
2007-02-06 00:00:00-05:00,11.479999542236328,11.479999542236328,11.050000190734863,11.069999694824219,70000,0.0,0.0
2007-02-07 00:00:00-05:00,12.069999694824219,13.050000190734863,11.989999771118164,12.890000343322754,357200,0.0,0.0
2007-02-08 00:00:00-05:00,12.90999984741211,12.9399995803833,12.34000015258789,12.880000114440918,94500,0.0,0.0
2007-02-09 00:00:00-05:00,12.449999809265137,12.75,12.40999984741211,12.720000267028809,202200,0.0,0.0
2007-02-12 00:00:00-05:00,12.630000114440918,12.729999542236328,12.520000457763672,12.65999984741211,88800,0.0,0.0
2007-02-13 00:00:00-05:00,12.710000038146973,12.729999542236328,12.3100004196167,12.359999656677246,88600,0.0,0.0
2007-02-14 00:00:00-05:00,12.390000343322754,12.5,12.079999923706055,12.329999923706055,102200,0.0,0.0
2007-02-15 00:00:00-05:00,12.289999961853027,12.5,12.079999923706055,12.40999984741211,113000,0.0,0.0
2007-02-16 00:00:00-05:00,12.399999618530273,12.520000457763672,12.300000190734863,12.479999542236328,129000,0.0,0.0
2007-02-20 00:00:00-05:00,12.40999984741211,12.5,12.149999618530273,12.460000038146973,85400,0.0,0.0
2007-02-21 00:00:00-05:00,12.380000114440918,12.420000076293945,12.199999809265137,12.319999694824219,83400,0.0,0.0
2007-02-22 00:00:00-05:00,12.350000381469727,12.600000381469727,12.270000457763672,12.579999923706055,70400,0.0,0.0
2007-02-23 00:00:00-05:00,12.59000015258789,12.59000015258789,12.369999885559082,12.479999542236328,52700,0.0,0.0
2007-02-26 00:00:00-05:00,12.479999542236328,12.479999542236328,12.09000015258789,12.180000305175781,75200,0.0,0.0
2007-02-27 00:00:00-05:00,12.119999885559082,12.199999809265137,11.15999984741211,11.289999961853027,119300,0.0,0.0
2007-02-28 00:00:00-05:00,11.239999771118164,11.569999694824219,11.0600004196167,11.390000343322754,74000,0.0,0.0
2007-03-01 00:00:00-05:00,11.100000381469727,11.539999961853027,10.710000038146973,10.819999694824219,107800,0.0,0.0
2007-03-02 00:00:00-05:00,10.760000228881836,10.859999656677246,10.34000015258789,10.350000381469727,117800,0.0,0.0
2007-03-05 00:00:00-05:00,10.289999961853027,10.850000381469727,10.279999732971191,10.460000038146973,112100,0.0,0.0
2007-03-06 00:00:00-05:00,10.5600004196167,10.880000114440918,10.399999618530273,10.65999984741211,116900,0.0,0.0
2007-03-07 00:00:00-05:00,10.630000114440918,10.90999984741211,10.399999618530273,10.800000190734863,80700,0.0,0.0
2007-03-08 00:00:00-05:00,10.90999984741211,11.039999961853027,10.430000305175781,10.479999542236328,80200,0.0,0.0
2007-03-09 00:00:00-05:00,10.600000381469727,10.699999809265137,10.40999984741211,10.539999961853027,59000,0.0,0.0
2007-03-12 00:00:00-04:00,10.5,10.739999771118164,10.420000076293945,10.539999961853027,55300,0.0,0.0
2007-03-13 00:00:00-04:00,10.460000038146973,10.5,9.970000267028809,10.130000114440918,117700,0.0,0.0
2007-03-14 00:00:00-04:00,10.100000381469727,10.34000015258789,10.050000190734863,10.15999984741211,52300,0.0,0.0
2007-03-15 00:00:00-04:00,10.170000076293945,10.300000190734863,10.09000015258789,10.239999771118164,73900,0.0,0.0
2007-03-16 00:00:00-04:00,10.229999542236328,10.470000267028809,10.0,10.0,168900,0.0,0.0
2007-03-19 00:00:00-04:00,10.069999694824219,10.229999542236328,9.979999542236328,10.109999656677246,68400,0.0,0.0
2007-03-20 00:00:00-04:00,10.09000015258789,10.149999618530273,9.979999542236328,10.100000381469727,52900,0.0,0.0
2007-03-21 00:00:00-04:00,10.130000114440918,10.460000038146973,10.050000190734863,10.359999656677246,74200,0.0,0.0
2007-03-22 00:00:00-04:00,10.369999885559082,10.369999885559082,10.039999961853027,10.069999694824219,100200,0.0,0.0
2007-03-23 00:00:00-04:00,10.119999885559082,10.75,10.09000015258789,10.699999809265137,172200,0.0,0.0
2007-03-26 00:00:00-04:00,10.729999542236328,11.270000457763672,10.729999542236328,11.130000114440918,61700,0.0,0.0
2007-03-27 00:00:00-04:00,11.109999656677246,11.109999656677246,10.850000381469727,11.029999732971191,45200,0.0,0.0
2007-03-28 00:00:00-04:00,10.930000305175781,11.010000228881836,10.649999618530273,11.0,86600,0.0,0.0
2007-03-29 00:00:00-04:00,11.039999961853027,11.210000038146973,10.960000038146973,11.079999923706055,76900,0.0,0.0
2007-03-30 00:00:00-04:00,11.109999656677246,11.34000015258789,10.979999542236328,11.289999961853027,89400,0.0,0.0
2007-04-02 00:00:00-04:00,11.300000190734863,11.899999618530273,11.239999771118164,11.550000190734863,126400,0.0,0.0
2007-04-03 00:00:00-04:00,11.619999885559082,11.84000015258789,11.399999618530273,11.75,157100,0.0,0.0
2007-04-04 00:00:00-04:00,11.720000267028809,12.0,11.510000228881836,11.920000076293945,115800,0.0,0.0
2007-04-05 00:00:00-04:00,11.9399995803833,11.979999542236328,11.329999923706055,11.479999542236328,127200,0.0,0.0
2007-04-09 00:00:00-04:00,11.470000267028809,11.579999923706055,11.199999809265137,11.350000381469727,210100,0.0,0.0
2007-04-10 00:00:00-04:00,11.329999923706055,11.59000015258789,11.329999923706055,11.550000190734863,53800,0.0,0.0
2007-04-11 00:00:00-04:00,11.59000015258789,11.59000015258789,10.920000076293945,11.390000343322754,105900,0.0,0.0
2007-04-12 00:00:00-04:00,11.34000015258789,11.449999809265137,11.09000015258789,11.25,60900,0.0,0.0
2007-04-13 00:00:00-04:00,11.25,11.399999618530273,11.069999694824219,11.399999618530273,54900,0.0,0.0
2007-04-16 00:00:00-04:00,11.470000267028809,11.739999771118164,11.470000267028809,11.699999809265137,114800,0.0,0.0
2007-04-17 00:00:00-04:00,11.729999542236328,11.729999542236328,11.270000457763672,11.3100004196167,102800,0.0,0.0
2007-04-18 00:00:00-04:00,11.289999961853027,11.600000381469727,11.289999961853027,11.34000015258789,60900,0.0,0.0
2007-04-19 00:00:00-04:00,11.279999732971191,11.5,11.029999732971191,11.0600004196167,44800,0.0,0.0
2007-04-20 00:00:00-04:00,11.229999542236328,11.270000457763672,11.039999961853027,11.079999923706055,85400,0.0,0.0
2007-04-23 00:00:00-04:00,11.010000228881836,11.210000038146973,10.90999984741211,11.010000228881836,68900,0.0,0.0
2007-04-24 00:00:00-04:00,10.9399995803833,11.170000076293945,10.569999694824219,11.050000190734863,107200,0.0,0.0
2007-04-25 00:00:00-04:00,11.140000343322754,11.25,10.90999984741211,11.100000381469727,59000,0.0,0.0
2007-04-26 00:00:00-04:00,12.0,12.520000457763672,11.869999885559082,12.029999732971191,337500,0.0,0.0
2007-04-27 00:00:00-04:00,11.949999809265137,12.149999618530273,11.890000343322754,11.970000267028809,120300,0.0,0.0
2007-04-30 00:00:00-04:00,11.979999542236328,12.010000228881836,11.170000076293945,11.229999542236328,210600,0.0,0.0
2007-05-01 00:00:00-04:00,11.199999809265137,11.289999961853027,10.369999885559082,11.130000114440918,165500,0.0,0.0
2007-05-02 00:00:00-04:00,11.199999809265137,11.319999694824219,10.970000267028809,11.15999984741211,82900,0.0,0.0
2007-05-03 00:00:00-04:00,11.140000343322754,11.25,10.770000457763672,10.829999923706055,78300,0.0,0.0
2007-05-04 00:00:00-04:00,10.880000114440918,11.0,10.640000343322754,10.720000267028809,68000,0.0,0.0
2007-05-07 00:00:00-04:00,10.6899995803833,11.300000190734863,10.6899995803833,11.239999771118164,104800,0.0,0.0
2007-05-08 00:00:00-04:00,11.1899995803833,11.1899995803833,10.84000015258789,11.079999923706055,80200,0.0,0.0
2007-05-09 00:00:00-04:00,10.989999771118164,11.1899995803833,10.880000114440918,11.020000457763672,62100,0.0,0.0
2007-05-10 00:00:00-04:00,10.930000305175781,11.050000190734863,10.720000267028809,10.779999732971191,78100,0.0,0.0
2007-05-11 00:00:00-04:00,10.699999809265137,10.899999618530273,10.59000015258789,10.829999923706055,47300,0.0,0.0
2007-05-14 00:00:00-04:00,10.789999961853027,10.949999809265137,10.40999984741211,10.479999542236328,64500,0.0,0.0
2007-05-15 00:00:00-04:00,10.449999809265137,10.720000267028809,10.270000457763672,10.319999694824219,95300,0.0,0.0
2007-05-16 00:00:00-04:00,10.369999885559082,10.380000114440918,10.010000228881836,10.229999542236328,124600,0.0,0.0
2007-05-17 00:00:00-04:00,10.180000305175781,10.199999809265137,9.739999771118164,9.970000267028809,167900,0.0,0.0
2007-05-18 00:00:00-04:00,10.020000457763672,10.149999618530273,9.739999771118164,10.020000457763672,66400,0.0,0.0
2007-05-21 00:00:00-04:00,10.029999732971191,10.420000076293945,10.029999732971191,10.239999771118164,99400,0.0,0.0
2007-05-22 00:00:00-04:00,10.289999961853027,10.4399995803833,10.220000267028809,10.420000076293945,55300,0.0,0.0
2007-05-23 00:00:00-04:00,10.479999542236328,10.869999885559082,10.420000076293945,10.729999542236328,87600,0.0,0.0
2007-05-24 00:00:00-04:00,10.739999771118164,10.760000228881836,10.569999694824219,10.729999542236328,92600,0.0,0.0
2007-05-25 00:00:00-04:00,10.760000228881836,10.859999656677246,10.630000114440918,10.8100004196167,80700,0.0,0.0
2007-05-29 00:00:00-04:00,10.850000381469727,10.850000381469727,10.09000015258789,10.380000114440918,88900,0.0,0.0
2007-05-30 00:00:00-04:00,10.220000267028809,10.470000267028809,9.899999618530273,10.430000305175781,219300,0.0,0.0
2007-05-31 00:00:00-04:00,10.460000038146973,10.460000038146973,9.859999656677246,9.869999885559082,257400,0.0,0.0
2007-06-01 00:00:00-04:00,9.979999542236328,10.420000076293945,9.869999885559082,10.369999885559082,195200,0.0,0.0
2007-06-04 00:00:00-04:00,10.34000015258789,10.420000076293945,10.220000267028809,10.350000381469727,160600,0.0,0.0
2007-06-05 00:00:00-04:00,10.270000457763672,10.289999961853027,10.130000114440918,10.199999809265137,149300,0.0,0.0
2007-06-06 00:00:00-04:00,10.15999984741211,10.380000114440918,10.149999618530273,10.350000381469727,137500,0.0,0.0
2007-06-07 00:00:00-04:00,10.279999732971191,10.3100004196167,10.210000038146973,10.260000228881836,176900,0.0,0.0
2007-06-08 00:00:00-04:00,10.220000267028809,10.569999694824219,10.220000267028809,10.5600004196167,133800,0.0,0.0
2007-06-11 00:00:00-04:00,10.65999984741211,11.380000114440918,10.619999885559082,11.279999732971191,258200,0.0,0.0
2007-06-12 00:00:00-04:00,11.239999771118164,11.239999771118164,10.800000190734863,10.989999771118164,153800,0.0,0.0
2007-06-13 00:00:00-04:00,11.039999961853027,11.119999885559082,10.920000076293945,11.050000190734863,107900,0.0,0.0
2007-06-14 00:00:00-04:00,11.029999732971191,11.390000343322754,10.979999542236328,11.260000228881836,77500,0.0,0.0
2007-06-15 00:00:00-04:00,11.5,11.920000076293945,11.350000381469727,11.649999618530273,240000,0.0,0.0
2007-06-18 00:00:00-04:00,11.5,11.989999771118164,11.399999618530273,11.920000076293945,188000,0.0,0.0
2007-06-19 00:00:00-04:00,11.84000015258789,12.079999923706055,11.84000015258789,12.069999694824219,187400,0.0,0.0
2007-06-20 00:00:00-04:00,12.069999694824219,12.180000305175781,11.859999656677246,12.130000114440918,146200,0.0,0.0
2007-06-21 00:00:00-04:00,12.050000190734863,12.25,12.050000190734863,12.15999984741211,197200,0.0,0.0
2007-06-22 00:00:00-04:00,12.109999656677246,12.109999656677246,11.630000114440918,11.819999694824219,352700,0.0,0.0
2007-06-25 00:00:00-04:00,11.760000228881836,12.100000381469727,11.510000228881836,11.760000228881836,150200,0.0,0.0
2007-06-26 00:00:00-04:00,11.829999923706055,12.0,11.680000305175781,11.949999809265137,157700,0.0,0.0
2007-06-27 00:00:00-04:00,11.819999694824219,12.069999694824219,11.5600004196167,12.010000228881836,127600,0.0,0.0
2007-06-28 00:00:00-04:00,12.039999961853027,12.149999618530273,12.010000228881836,12.130000114440918,199800,0.0,0.0
2007-06-29 00:00:00-04:00,12.149999618530273,12.170000076293945,11.829999923706055,11.829999923706055,161100,0.0,0.0
2007-07-02 00:00:00-04:00,11.90999984741211,12.359999656677246,11.819999694824219,12.359999656677246,181300,0.0,0.0
2007-07-03 00:00:00-04:00,12.390000343322754,12.390000343322754,12.119999885559082,12.329999923706055,60300,0.0,0.0
2007-07-05 00:00:00-04:00,12.289999961853027,12.520000457763672,12.15999984741211,12.460000038146973,135800,0.0,0.0
2007-07-06 00:00:00-04:00,12.449999809265137,12.449999809265137,12.170000076293945,12.199999809265137,37300,0.0,0.0
2007-07-09 00:00:00-04:00,12.210000038146973,12.210000038146973,11.960000038146973,12.010000228881836,96800,0.0,0.0
2007-07-10 00:00:00-04:00,11.9399995803833,11.9399995803833,11.699999809265137,11.829999923706055,111700,0.0,0.0
2007-07-11 00:00:00-04:00,11.800000190734863,12.130000114440918,11.779999732971191,11.9399995803833,123700,0.0,0.0
2007-07-12 00:00:00-04:00,11.890000343322754,12.329999923706055,11.890000343322754,12.300000190734863,78200,0.0,0.0
2007-07-13 00:00:00-04:00,12.279999732971191,12.449999809265137,12.119999885559082,12.449999809265137,105300,0.0,0.0
2007-07-16 00:00:00-04:00,12.4399995803833,12.569999694824219,12.130000114440918,12.489999771118164,90300,0.0,0.0
2007-07-17 00:00:00-04:00,12.5,12.5,12.029999732971191,12.100000381469727,92400,0.0,0.0
2007-07-18 00:00:00-04:00,12.0600004196167,12.220000267028809,11.880000114440918,12.180000305175781,103400,0.0,0.0
2007-07-19 00:00:00-04:00,12.289999961853027,12.399999618530273,12.100000381469727,12.359999656677246,71300,0.0,0.0
2007-07-20 00:00:00-04:00,12.329999923706055,12.359999656677246,12.010000228881836,12.260000228881836,133000,0.0,0.0
2007-07-23 00:00:00-04:00,12.289999961853027,12.289999961853027,12.010000228881836,12.119999885559082,89500,0.0,0.0
2007-07-24 00:00:00-04:00,11.960000038146973,12.180000305175781,11.180000305175781,11.619999885559082,184200,0.0,0.0
2007-07-25 00:00:00-04:00,11.6899995803833,12.079999923706055,11.470000267028809,11.680000305175781,108000,0.0,0.0
2007-07-26 00:00:00-04:00,11.520000457763672,11.670000076293945,11.119999885559082,11.319999694824219,121400,0.0,0.0
2007-07-27 00:00:00-04:00,11.239999771118164,11.420000076293945,10.899999618530273,10.90999984741211,136800,0.0,0.0
2007-07-30 00:00:00-04:00,10.890000343322754,11.220000267028809,10.380000114440918,11.119999885559082,101800,0.0,0.0
2007-07-31 00:00:00-04:00,11.34000015258789,11.4399995803833,11.09000015258789,11.09000015258789,141700,0.0,0.0
2007-08-01 00:00:00-04:00,10.0,10.0,9.180000305175781,9.600000381469727,1020700,0.0,0.0
2007-08-02 00:00:00-04:00,9.600000381469727,10.029999732971191,9.319999694824219,9.970000267028809,313500,0.0,0.0
2007-08-03 00:00:00-04:00,9.899999618530273,9.9399995803833,9.600000381469727,9.760000228881836,341200,0.0,0.0
2007-08-06 00:00:00-04:00,9.789999961853027,10.010000228881836,9.600000381469727,9.920000076293945,256100,0.0,0.0
2007-08-07 00:00:00-04:00,9.84000015258789,9.970000267028809,9.699999809265137,9.880000114440918,492000,0.0,0.0
2007-08-08 00:00:00-04:00,9.9399995803833,10.890000343322754,9.880000114440918,10.710000038146973,562400,0.0,0.0
2007-08-09 00:00:00-04:00,10.5,11.960000038146973,10.130000114440918,11.720000267028809,678000,0.0,0.0
2007-08-10 00:00:00-04:00,11.579999923706055,12.430000305175781,10.949999809265137,11.140000343322754,322000,0.0,0.0
2007-08-13 00:00:00-04:00,11.329999923706055,11.449999809265137,10.140000343322754,10.279999732971191,296700,0.0,0.0
2007-08-14 00:00:00-04:00,10.270000457763672,10.380000114440918,9.800000190734863,9.970000267028809,220300,0.0,0.0
2007-08-15 00:00:00-04:00,9.899999618530273,9.960000038146973,9.75,9.75,228500,0.0,0.0
2007-08-16 00:00:00-04:00,9.699999809265137,10.350000381469727,9.600000381469727,10.300000190734863,239800,0.0,0.0
2007-08-17 00:00:00-04:00,10.770000457763672,10.770000457763672,9.670000076293945,10.0600004196167,220000,0.0,0.0
2007-08-20 00:00:00-04:00,10.199999809265137,10.289999961853027,9.75,10.079999923706055,62400,0.0,0.0
2007-08-21 00:00:00-04:00,10.029999732971191,10.180000305175781,9.899999618530273,10.0600004196167,57600,0.0,0.0
2007-08-22 00:00:00-04:00,10.180000305175781,10.210000038146973,9.460000038146973,9.579999923706055,250200,0.0,0.0
2007-08-23 00:00:00-04:00,9.640000343322754,9.680000305175781,9.319999694824219,9.460000038146973,201400,0.0,0.0
2007-08-24 00:00:00-04:00,9.449999809265137,9.489999771118164,9.180000305175781,9.40999984741211,104500,0.0,0.0
2007-08-27 00:00:00-04:00,9.399999618530273,9.619999885559082,9.319999694824219,9.359999656677246,65200,0.0,0.0
2007-08-28 00:00:00-04:00,9.300000190734863,9.460000038146973,9.300000190734863,9.4399995803833,91600,0.0,0.0
2007-08-29 00:00:00-04:00,9.479999542236328,9.649999618530273,9.390000343322754,9.609999656677246,87600,0.0,0.0
2007-08-30 00:00:00-04:00,9.5,9.789999961853027,9.5,9.739999771118164,80700,0.0,0.0
2007-08-31 00:00:00-04:00,9.800000190734863,9.819999694824219,9.630000114440918,9.760000228881836,141300,0.0,0.0
2007-09-04 00:00:00-04:00,9.6899995803833,10.430000305175781,9.550000190734863,10.25,89600,0.0,0.0
2007-09-05 00:00:00-04:00,10.15999984741211,10.15999984741211,9.8100004196167,9.970000267028809,153300,0.0,0.0
2007-09-06 00:00:00-04:00,9.979999542236328,10.039999961853027,9.770000457763672,9.8100004196167,56700,0.0,0.0
2007-09-07 00:00:00-04:00,9.640000343322754,9.649999618530273,9.5,9.529999732971191,93000,0.0,0.0
2007-09-10 00:00:00-04:00,9.569999694824219,9.619999885559082,9.430000305175781,9.449999809265137,122700,0.0,0.0
2007-09-11 00:00:00-04:00,9.5,9.720000267028809,9.420000076293945,9.550000190734863,75000,0.0,0.0
2007-09-12 00:00:00-04:00,9.5,9.899999618530273,9.5,9.720000267028809,95500,0.0,0.0
2007-09-13 00:00:00-04:00,9.770000457763672,9.930000305175781,9.699999809265137,9.779999732971191,70800,0.0,0.0
2007-09-14 00:00:00-04:00,9.670000076293945,9.9399995803833,9.619999885559082,9.84000015258789,141600,0.0,0.0
2007-09-17 00:00:00-04:00,9.829999923706055,9.829999923706055,9.619999885559082,9.729999542236328,40600,0.0,0.0
2007-09-18 00:00:00-04:00,9.760000228881836,10.600000381469727,9.699999809265137,10.579999923706055,103600,0.0,0.0
2007-09-19 00:00:00-04:00,10.670000076293945,10.800000190734863,10.359999656677246,10.5600004196167,170100,0.0,0.0
2007-09-20 00:00:00-04:00,10.529999732971191,10.699999809265137,10.329999923706055,10.4399995803833,59200,0.0,0.0
2007-09-21 00:00:00-04:00,10.550000190734863,10.699999809265137,10.079999923706055,10.520000457763672,127500,0.0,0.0
2007-09-24 00:00:00-04:00,10.5,11.220000267028809,10.460000038146973,10.800000190734863,53900,0.0,0.0
2007-09-25 00:00:00-04:00,10.739999771118164,10.760000228881836,10.350000381469727,10.470000267028809,74700,0.0,0.0
2007-09-26 00:00:00-04:00,10.550000190734863,10.8100004196167,10.4399995803833,10.539999961853027,61100,0.0,0.0
2007-09-27 00:00:00-04:00,10.75,10.75,9.979999542236328,10.0,77300,0.0,0.0
2007-09-28 00:00:00-04:00,9.970000267028809,10.210000038146973,9.770000457763672,9.880000114440918,92600,0.0,0.0
2007-10-01 00:00:00-04:00,9.920000076293945,10.220000267028809,9.789999961853027,10.210000038146973,114800,0.0,0.0
2007-10-02 00:00:00-04:00,10.239999771118164,10.289999961853027,10.0,10.220000267028809,230300,0.0,0.0
2007-10-03 00:00:00-04:00,10.140000343322754,10.239999771118164,9.760000228881836,9.869999885559082,85900,0.0,0.0
2007-10-04 00:00:00-04:00,9.930000305175781,10.180000305175781,9.770000457763672,10.0,63300,0.0,0.0
2007-10-05 00:00:00-04:00,10.100000381469727,10.100000381469727,9.90999984741211,10.0,80900,0.0,0.0
2007-10-08 00:00:00-04:00,10.0,10.0,9.850000381469727,9.920000076293945,40100,0.0,0.0
2007-10-09 00:00:00-04:00,9.930000305175781,9.930000305175781,9.489999771118164,9.489999771118164,120100,0.0,0.0
2007-10-10 00:00:00-04:00,9.510000228881836,9.979999542236328,9.479999542236328,9.630000114440918,101000,0.0,0.0
2007-10-11 00:00:00-04:00,9.65999984741211,9.869999885559082,9.359999656677246,9.430000305175781,120000,0.0,0.0
2007-10-12 00:00:00-04:00,9.420000076293945,9.529999732971191,9.319999694824219,9.460000038146973,80200,0.0,0.0
2007-10-15 00:00:00-04:00,9.449999809265137,9.550000190734863,8.970000267028809,9.010000228881836,81700,0.0,0.0
2007-10-16 00:00:00-04:00,9.010000228881836,9.010000228881836,8.25,8.600000381469727,269300,0.0,0.0
2007-10-17 00:00:00-04:00,8.710000038146973,9.010000228881836,8.479999542236328,9.010000228881836,149700,0.0,0.0
2007-10-18 00:00:00-04:00,8.949999809265137,9.010000228881836,8.819999694824219,9.010000228881836,57300,0.0,0.0
2007-10-19 00:00:00-04:00,8.989999771118164,9.010000228881836,8.420000076293945,8.460000038146973,164900,0.0,0.0
2007-10-22 00:00:00-04:00,8.350000381469727,8.710000038146973,8.180000305175781,8.65999984741211,140600,0.0,0.0
2007-10-23 00:00:00-04:00,8.739999771118164,8.8100004196167,8.5,8.5600004196167,79700,0.0,0.0
2007-10-24 00:00:00-04:00,8.479999542236328,8.75,7.980000019073486,8.149999618530273,214200,0.0,0.0
2007-10-25 00:00:00-04:00,8.149999618530273,8.449999809265137,7.960000038146973,8.050000190734863,142800,0.0,0.0
2007-10-26 00:00:00-04:00,8.180000305175781,8.180000305175781,7.760000228881836,8.149999618530273,183000,0.0,0.0
2007-10-29 00:00:00-04:00,8.180000305175781,8.270000457763672,8.0,8.079999923706055,146800,0.0,0.0
2007-10-30 00:00:00-04:00,8.0,8.050000190734863,7.880000114440918,7.929999828338623,90100,0.0,0.0
2007-10-31 00:00:00-04:00,8.0,8.0,7.809999942779541,7.900000095367432,90300,0.0,0.0
2007-11-01 00:00:00-04:00,8.739999771118164,9.289999961853027,7.46999979019165,7.5,2124500,0.0,0.0
2007-11-02 00:00:00-04:00,7.610000133514404,9.270000457763672,7.550000190734863,9.079999923706055,700400,0.0,0.0
2007-11-05 00:00:00-05:00,8.899999618530273,9.210000038146973,8.510000228881836,9.079999923706055,271300,0.0,0.0
2007-11-06 00:00:00-05:00,9.09000015258789,9.180000305175781,8.90999984741211,9.140000343322754,176800,0.0,0.0
2007-11-07 00:00:00-05:00,9.0,9.1899995803833,8.890000343322754,8.920000076293945,327600,0.0,0.0
2007-11-08 00:00:00-05:00,9.0,9.0,8.34000015258789,8.539999961853027,139500,0.0,0.0
2007-11-09 00:00:00-05:00,8.4399995803833,8.720000267028809,8.109999656677246,8.229999542236328,138400,0.0,0.0
2007-11-12 00:00:00-05:00,8.210000038146973,8.739999771118164,8.09000015258789,8.479999542236328,137700,0.0,0.0
2007-11-13 00:00:00-05:00,8.579999923706055,8.75,8.109999656677246,8.3100004196167,243600,0.0,0.0
2007-11-14 00:00:00-05:00,8.350000381469727,8.430000305175781,7.989999771118164,8.130000114440918,150100,0.0,0.0
2007-11-15 00:00:00-05:00,8.109999656677246,8.170000076293945,7.820000171661377,7.880000114440918,72800,0.0,0.0
2007-11-16 00:00:00-05:00,7.900000095367432,8.609999656677246,7.900000095367432,8.260000228881836,142700,0.0,0.0
2007-11-19 00:00:00-05:00,8.170000076293945,8.180000305175781,7.75,7.829999923706055,117900,0.0,0.0
2007-11-20 00:00:00-05:00,7.849999904632568,7.889999866485596,7.489999771118164,7.699999809265137,177200,0.0,0.0
2007-11-21 00:00:00-05:00,7.670000076293945,7.739999771118164,7.309999942779541,7.380000114440918,123300,0.0,0.0
2007-11-23 00:00:00-05:00,7.449999809265137,8.039999961853027,7.449999809265137,7.670000076293945,88400,0.0,0.0
2007-11-26 00:00:00-05:00,7.650000095367432,7.849999904632568,7.260000228881836,7.289999961853027,173300,0.0,0.0
2007-11-27 00:00:00-05:00,7.289999961853027,7.329999923706055,7.03000020980835,7.210000038146973,320100,0.0,0.0
2007-11-28 00:00:00-05:00,7.300000190734863,7.789999961853027,7.300000190734863,7.53000020980835,611700,0.0,0.0
2007-11-29 00:00:00-05:00,7.53000020980835,8.100000381469727,7.53000020980835,7.949999809265137,194300,0.0,0.0
2007-11-30 00:00:00-05:00,8.010000228881836,8.279999732971191,7.760000228881836,7.929999828338623,187500,0.0,0.0
2007-12-03 00:00:00-05:00,7.96999979019165,8.069999694824219,7.699999809265137,7.710000038146973,127800,0.0,0.0
2007-12-04 00:00:00-05:00,7.619999885559082,7.900000095367432,7.619999885559082,7.710000038146973,66000,0.0,0.0
2007-12-05 00:00:00-05:00,7.829999923706055,8.229999542236328,7.730000019073486,8.199999809265137,75200,0.0,0.0
2007-12-06 00:00:00-05:00,8.199999809265137,8.300000190734863,8.140000343322754,8.270000457763672,105000,0.0,0.0
2007-12-07 00:00:00-05:00,8.279999732971191,8.350000381469727,8.079999923706055,8.220000267028809,67500,0.0,0.0
2007-12-10 00:00:00-05:00,8.220000267028809,8.430000305175781,8.130000114440918,8.40999984741211,69400,0.0,0.0
2007-12-11 00:00:00-05:00,8.449999809265137,8.920000076293945,8.0600004196167,8.09000015258789,96900,0.0,0.0
2007-12-12 00:00:00-05:00,8.319999694824219,8.8100004196167,8.199999809265137,8.510000228881836,110900,0.0,0.0
2007-12-13 00:00:00-05:00,8.449999809265137,8.779999732971191,8.329999923706055,8.699999809265137,51800,0.0,0.0
2007-12-14 00:00:00-05:00,8.609999656677246,8.729999542236328,8.369999885559082,8.40999984741211,93500,0.0,0.0
2007-12-17 00:00:00-05:00,8.34000015258789,8.609999656677246,8.15999984741211,8.289999961853027,82500,0.0,0.0
2007-12-18 00:00:00-05:00,8.329999923706055,8.680000305175781,8.329999923706055,8.5600004196167,102500,0.0,0.0
2007-12-19 00:00:00-05:00,8.5600004196167,8.680000305175781,8.449999809265137,8.5,99600,0.0,0.0
2007-12-20 00:00:00-05:00,8.609999656677246,8.8100004196167,8.460000038146973,8.789999961853027,71500,0.0,0.0
2007-12-21 00:00:00-05:00,8.970000267028809,9.319999694824219,8.9399995803833,9.199999809265137,252400,0.0,0.0
2007-12-24 00:00:00-05:00,9.300000190734863,9.5,9.079999923706055,9.420000076293945,26600,0.0,0.0
2007-12-26 00:00:00-05:00,9.329999923706055,9.90999984741211,9.15999984741211,9.800000190734863,80700,0.0,0.0
2007-12-27 00:00:00-05:00,9.8100004196167,9.9399995803833,9.170000076293945,9.289999961853027,104800,0.0,0.0
2007-12-28 00:00:00-05:00,9.430000305175781,9.6899995803833,9.319999694824219,9.40999984741211,59100,0.0,0.0
2007-12-31 00:00:00-05:00,9.359999656677246,9.59000015258789,8.729999542236328,9.010000228881836,103700,0.0,0.0
2008-01-02 00:00:00-05:00,9.0,9.210000038146973,8.569999694824219,9.010000228881836,105600,0.0,0.0
2008-01-03 00:00:00-05:00,9.050000190734863,9.399999618530273,8.579999923706055,8.630000114440918,88300,0.0,0.0
2008-01-04 00:00:00-05:00,8.550000190734863,8.550000190734863,8.130000114440918,8.220000267028809,97500,0.0,0.0
2008-01-07 00:00:00-05:00,8.279999732971191,8.630000114440918,8.119999885559082,8.510000228881836,91100,0.0,0.0
2008-01-08 00:00:00-05:00,8.529999732971191,8.65999984741211,8.140000343322754,8.15999984741211,242400,0.0,0.0
2008-01-09 00:00:00-05:00,8.119999885559082,8.15999984741211,7.650000095367432,7.860000133514404,112900,0.0,0.0
2008-01-10 00:00:00-05:00,7.75,7.880000114440918,7.199999809265137,7.230000019073486,334700,0.0,0.0
2008-01-11 00:00:00-05:00,7.199999809265137,7.789999961853027,7.199999809265137,7.46999979019165,201400,0.0,0.0
2008-01-14 00:00:00-05:00,7.53000020980835,7.889999866485596,7.25,7.78000020980835,214300,0.0,0.0
2008-01-15 00:00:00-05:00,7.690000057220459,7.840000152587891,7.360000133514404,7.5,105100,0.0,0.0
2008-01-16 00:00:00-05:00,7.5,8.029999732971191,7.309999942779541,7.809999942779541,75700,0.0,0.0
2008-01-17 00:00:00-05:00,7.849999904632568,8.34000015258789,7.590000152587891,7.699999809265137,54600,0.0,0.0
2008-01-18 00:00:00-05:00,7.619999885559082,7.920000076293945,7.369999885559082,7.679999828338623,114900,0.0,0.0
2008-01-22 00:00:00-05:00,7.329999923706055,8.369999885559082,7.239999771118164,8.100000381469727,87900,0.0,0.0
2008-01-23 00:00:00-05:00,7.889999866485596,8.930000305175781,7.449999809265137,8.850000381469727,161500,0.0,0.0
2008-01-24 00:00:00-05:00,8.920000076293945,8.920000076293945,7.980000019073486,8.319999694824219,77600,0.0,0.0
2008-01-25 00:00:00-05:00,8.460000038146973,8.489999771118164,8.039999961853027,8.130000114440918,33700,0.0,0.0
2008-01-28 00:00:00-05:00,8.130000114440918,8.319999694824219,7.849999904632568,8.1899995803833,67100,0.0,0.0
2008-01-29 00:00:00-05:00,8.260000228881836,8.4399995803833,8.079999923706055,8.170000076293945,82000,0.0,0.0
2008-01-30 00:00:00-05:00,8.09000015258789,8.390000343322754,8.0,8.130000114440918,46300,0.0,0.0
2008-01-31 00:00:00-05:00,8.0,8.8100004196167,8.0,8.640000343322754,69900,0.0,0.0
2008-02-01 00:00:00-05:00,8.670000076293945,8.6899995803833,8.09000015258789,8.65999984741211,93400,0.0,0.0
2008-02-04 00:00:00-05:00,8.630000114440918,8.930000305175781,8.1899995803833,8.329999923706055,82900,0.0,0.0
2008-02-05 00:00:00-05:00,8.149999618530273,8.279999732971191,8.050000190734863,8.109999656677246,47900,0.0,0.0
2008-02-06 00:00:00-05:00,8.1899995803833,8.210000038146973,7.769999980926514,7.869999885559082,71400,0.0,0.0
2008-02-07 00:00:00-05:00,7.960000038146973,8.390000343322754,7.670000076293945,8.260000228881836,90600,0.0,0.0
2008-02-08 00:00:00-05:00,6.75,6.849999904632568,5.570000171661377,5.889999866485596,2093700,0.0,0.0
2008-02-11 00:00:00-05:00,5.960000038146973,6.0,5.360000133514404,5.659999847412109,320000,0.0,0.0
2008-02-12 00:00:00-05:00,5.400000095367432,5.570000171661377,5.260000228881836,5.309999942779541,354000,0.0,0.0
2008-02-13 00:00:00-05:00,5.400000095367432,5.409999847412109,4.579999923706055,5.389999866485596,591600,0.0,0.0
2008-02-14 00:00:00-05:00,5.389999866485596,5.650000095367432,5.150000095367432,5.489999771118164,190400,0.0,0.0
2008-02-15 00:00:00-05:00,5.449999809265137,5.460000038146973,5.110000133514404,5.199999809265137,180800,0.0,0.0
2008-02-19 00:00:00-05:00,5.25,5.25,5.139999866485596,5.199999809265137,141300,0.0,0.0
2008-02-20 00:00:00-05:00,5.170000076293945,5.230000019073486,5.019999980926514,5.230000019073486,128900,0.0,0.0
2008-02-21 00:00:00-05:00,5.199999809265137,5.400000095367432,5.150000095367432,5.210000038146973,106000,0.0,0.0
2008-02-22 00:00:00-05:00,5.210000038146973,5.210000038146973,5.0,5.179999828338623,111400,0.0,0.0
2008-02-25 00:00:00-05:00,5.190000057220459,5.260000228881836,4.96999979019165,5.25,136400,0.0,0.0
2008-02-26 00:00:00-05:00,5.239999771118164,5.849999904632568,5.110000133514404,5.699999809265137,378000,0.0,0.0
2008-02-27 00:00:00-05:00,5.630000114440918,5.920000076293945,5.619999885559082,5.900000095367432,115500,0.0,0.0
2008-02-28 00:00:00-05:00,5.860000133514404,5.980000019073486,5.659999847412109,5.820000171661377,122600,0.0,0.0
2008-02-29 00:00:00-05:00,5.739999771118164,5.889999866485596,5.650000095367432,5.699999809265137,158900,0.0,0.0
2008-03-03 00:00:00-05:00,5.690000057220459,5.739999771118164,5.510000228881836,5.650000095367432,112100,0.0,0.0
2008-03-04 00:00:00-05:00,5.559999942779541,5.679999828338623,5.25,5.420000076293945,58300,0.0,0.0
2008-03-05 00:00:00-05:00,5.460000038146973,5.579999923706055,5.25,5.300000190734863,149900,0.0,0.0
2008-03-06 00:00:00-05:00,5.260000228881836,5.389999866485596,4.800000190734863,4.809999942779541,503300,0.0,0.0
2008-03-07 00:00:00-05:00,4.760000228881836,5.070000171661377,4.639999866485596,4.920000076293945,268200,0.0,0.0
2008-03-10 00:00:00-04:00,4.909999847412109,4.989999771118164,4.730000019073486,4.760000228881836,139400,0.0,0.0
2008-03-11 00:00:00-04:00,4.900000095367432,5.300000190734863,4.769999980926514,5.300000190734863,117100,0.0,0.0
2008-03-12 00:00:00-04:00,5.309999942779541,5.309999942779541,4.860000133514404,4.860000133514404,80200,0.0,0.0
2008-03-13 00:00:00-04:00,4.809999942779541,5.070000171661377,4.71999979019165,4.900000095367432,75000,0.0,0.0
2008-03-14 00:00:00-04:00,4.949999809265137,5.019999980926514,4.699999809265137,4.75,80000,0.0,0.0
2008-03-17 00:00:00-04:00,4.690000057220459,4.929999828338623,4.559999942779541,4.699999809265137,82400,0.0,0.0
2008-03-18 00:00:00-04:00,4.869999885559082,5.110000133514404,4.679999828338623,4.960000038146973,102700,0.0,0.0
2008-03-19 00:00:00-04:00,4.989999771118164,5.099999904632568,4.679999828338623,4.949999809265137,106900,0.0,0.0
2008-03-20 00:00:00-04:00,5.0,5.0,4.650000095367432,4.739999771118164,340000,0.0,0.0
2008-03-24 00:00:00-04:00,4.769999980926514,5.679999828338623,4.769999980926514,5.559999942779541,182200,0.0,0.0
2008-03-25 00:00:00-04:00,5.570000171661377,5.599999904632568,5.440000057220459,5.570000171661377,100900,0.0,0.0
2008-03-26 00:00:00-04:00,5.53000020980835,5.590000152587891,5.420000076293945,5.539999961853027,47600,0.0,0.0
2008-03-27 00:00:00-04:00,5.559999942779541,5.579999923706055,5.369999885559082,5.440000057220459,41700,0.0,0.0
2008-03-28 00:00:00-04:00,5.449999809265137,5.599999904632568,5.309999942779541,5.389999866485596,116700,0.0,0.0
2008-03-31 00:00:00-04:00,5.409999847412109,5.639999866485596,5.230000019073486,5.510000228881836,84900,0.0,0.0
2008-04-01 00:00:00-04:00,5.630000114440918,5.849999904632568,5.630000114440918,5.730000019073486,99200,0.0,0.0
2008-04-02 00:00:00-04:00,5.71999979019165,5.849999904632568,5.460000038146973,5.489999771118164,97600,0.0,0.0
2008-04-03 00:00:00-04:00,5.429999828338623,5.739999771118164,5.349999904632568,5.579999923706055,102300,0.0,0.0
2008-04-04 00:00:00-04:00,5.599999904632568,5.599999904632568,5.340000152587891,5.389999866485596,70200,0.0,0.0
2008-04-07 00:00:00-04:00,5.46999979019165,5.699999809265137,5.420000076293945,5.599999904632568,111500,0.0,0.0
2008-04-08 00:00:00-04:00,5.539999961853027,5.690000057220459,5.349999904632568,5.639999866485596,69000,0.0,0.0
2008-04-09 00:00:00-04:00,5.639999866485596,5.739999771118164,5.5,5.610000133514404,158500,0.0,0.0
2008-04-10 00:00:00-04:00,5.599999904632568,5.809999942779541,5.5,5.809999942779541,83100,0.0,0.0
2008-04-11 00:00:00-04:00,5.730000019073486,5.940000057220459,5.460000038146973,5.599999904632568,352100,0.0,0.0
2008-04-14 00:00:00-04:00,5.610000133514404,5.829999923706055,5.28000020980835,5.630000114440918,203600,0.0,0.0
2008-04-15 00:00:00-04:00,5.110000133514404,5.159999847412109,3.859999895095825,4.300000190734863,1611600,0.0,0.0
2008-04-16 00:00:00-04:00,4.400000095367432,4.510000228881836,4.019999980926514,4.449999809265137,321700,0.0,0.0
2008-04-17 00:00:00-04:00,4.400000095367432,4.510000228881836,4.269999980926514,4.449999809265137,161400,0.0,0.0
2008-04-18 00:00:00-04:00,4.550000190734863,4.679999828338623,4.349999904632568,4.670000076293945,203800,0.0,0.0
2008-04-21 00:00:00-04:00,4.75,4.980000019073486,4.690000057220459,4.869999885559082,186000,0.0,0.0
2008-04-22 00:00:00-04:00,4.840000152587891,4.849999904632568,4.559999942779541,4.690000057220459,255000,0.0,0.0
2008-04-23 00:00:00-04:00,4.699999809265137,5.0,4.550000190734863,4.96999979019165,128800,0.0,0.0
2008-04-24 00:00:00-04:00,4.960000038146973,5.0,4.659999847412109,4.769999980926514,161900,0.0,0.0
2008-04-25 00:00:00-04:00,4.829999923706055,4.980000019073486,4.659999847412109,4.869999885559082,80600,0.0,0.0
2008-04-28 00:00:00-04:00,4.849999904632568,4.989999771118164,4.78000020980835,4.900000095367432,59500,0.0,0.0
2008-04-29 00:00:00-04:00,4.96999979019165,5.0,4.860000133514404,4.929999828338623,236300,0.0,0.0
2008-04-30 00:00:00-04:00,4.730000019073486,4.789999961853027,4.059999942779541,4.78000020980835,330100,0.0,0.0
2008-05-01 00:00:00-04:00,4.789999961853027,4.829999923706055,4.690000057220459,4.820000171661377,116000,0.0,0.0
2008-05-02 00:00:00-04:00,4.880000114440918,4.900000095367432,4.710000038146973,4.730000019073486,225500,0.0,0.0
2008-05-05 00:00:00-04:00,4.730000019073486,4.880000114440918,4.630000114440918,4.659999847412109,198300,0.0,0.0
2008-05-06 00:00:00-04:00,4.639999866485596,4.960000038146973,4.639999866485596,4.960000038146973,143900,0.0,0.0
2008-05-07 00:00:00-04:00,4.960000038146973,5.019999980926514,4.889999866485596,4.989999771118164,108900,0.0,0.0
2008-05-08 00:00:00-04:00,5.0,5.039999961853027,4.949999809265137,5.0,123000,0.0,0.0
2008-05-09 00:00:00-04:00,4.96999979019165,5.079999923706055,4.960000038146973,5.03000020980835,66600,0.0,0.0
2008-05-12 00:00:00-04:00,5.070000171661377,5.369999885559082,5.0,5.329999923706055,97200,0.0,0.0
2008-05-13 00:00:00-04:00,5.349999904632568,5.440000057220459,5.139999866485596,5.320000171661377,49000,0.0,0.0
2008-05-14 00:00:00-04:00,5.320000171661377,5.360000133514404,5.170000076293945,5.21999979019165,101700,0.0,0.0
2008-05-15 00:00:00-04:00,5.210000038146973,5.380000114440918,5.130000114440918,5.230000019073486,86700,0.0,0.0
2008-05-16 00:00:00-04:00,5.260000228881836,5.440000057220459,5.119999885559082,5.239999771118164,175600,0.0,0.0
2008-05-19 00:00:00-04:00,5.230000019073486,5.380000114440918,5.0,5.179999828338623,141400,0.0,0.0
2008-05-20 00:00:00-04:00,5.150000095367432,5.320000171661377,5.150000095367432,5.210000038146973,69500,0.0,0.0
2008-05-21 00:00:00-04:00,5.239999771118164,5.349999904632568,5.03000020980835,5.159999847412109,84600,0.0,0.0
2008-05-22 00:00:00-04:00,5.159999847412109,5.420000076293945,5.150000095367432,5.400000095367432,134800,0.0,0.0
2008-05-23 00:00:00-04:00,5.360000133514404,5.360000133514404,5.130000114440918,5.21999979019165,58800,0.0,0.0
2008-05-27 00:00:00-04:00,5.239999771118164,5.409999847412109,5.119999885559082,5.320000171661377,70500,0.0,0.0
2008-05-28 00:00:00-04:00,5.360000133514404,5.389999866485596,5.110000133514404,5.389999866485596,73300,0.0,0.0
2008-05-29 00:00:00-04:00,5.360000133514404,6.059999942779541,5.349999904632568,5.75,199100,0.0,0.0
2008-05-30 00:00:00-04:00,5.769999980926514,5.769999980926514,5.590000152587891,5.639999866485596,99800,0.0,0.0
2008-06-02 00:00:00-04:00,5.659999847412109,5.659999847412109,5.380000114440918,5.539999961853027,87300,0.0,0.0
2008-06-03 00:00:00-04:00,5.570000171661377,5.570000171661377,5.420000076293945,5.510000228881836,90400,0.0,0.0
2008-06-04 00:00:00-04:00,5.480000019073486,5.690000057220459,5.480000019073486,5.639999866485596,79300,0.0,0.0
2008-06-05 00:00:00-04:00,5.630000114440918,6.090000152587891,5.610000133514404,6.050000190734863,155900,0.0,0.0
2008-06-06 00:00:00-04:00,6.0,6.070000171661377,5.900000095367432,5.929999828338623,99400,0.0,0.0
2008-06-09 00:00:00-04:00,5.920000076293945,5.980000019073486,5.449999809265137,5.5,137500,0.0,0.0
2008-06-10 00:00:00-04:00,5.409999847412109,5.659999847412109,5.260000228881836,5.46999979019165,67800,0.0,0.0
2008-06-11 00:00:00-04:00,5.449999809265137,5.550000190734863,5.300000190734863,5.320000171661377,71100,0.0,0.0
2008-06-12 00:00:00-04:00,5.349999904632568,5.650000095367432,5.349999904632568,5.630000114440918,49600,0.0,0.0
2008-06-13 00:00:00-04:00,5.659999847412109,5.849999904632568,5.510000228881836,5.639999866485596,97600,0.0,0.0
2008-06-16 00:00:00-04:00,5.630000114440918,5.699999809265137,5.460000038146973,5.539999961853027,171400,0.0,0.0
2008-06-17 00:00:00-04:00,5.550000190734863,5.840000152587891,5.5,5.650000095367432,51000,0.0,0.0
2008-06-18 00:00:00-04:00,5.599999904632568,5.820000171661377,5.510000228881836,5.739999771118164,60500,0.0,0.0
2008-06-19 00:00:00-04:00,5.690000057220459,6.039999961853027,5.690000057220459,5.789999961853027,60400,0.0,0.0
2008-06-20 00:00:00-04:00,5.739999771118164,5.980000019073486,5.739999771118164,5.96999979019165,145800,0.0,0.0
2008-06-23 00:00:00-04:00,5.96999979019165,6.260000228881836,5.809999942779541,6.019999980926514,141300,0.0,0.0
2008-06-24 00:00:00-04:00,5.900000095367432,6.170000076293945,5.840000152587891,5.849999904632568,45700,0.0,0.0
2008-06-25 00:00:00-04:00,5.840000152587891,5.949999809265137,5.75,5.849999904632568,39200,0.0,0.0
2008-06-26 00:00:00-04:00,5.769999980926514,6.260000228881836,5.769999980926514,6.079999923706055,149600,0.0,0.0
2008-06-27 00:00:00-04:00,6.079999923706055,6.670000076293945,5.829999923706055,6.239999771118164,2514700,0.0,0.0
2008-06-30 00:00:00-04:00,6.269999980926514,6.489999771118164,5.949999809265137,5.949999809265137,65000,0.0,0.0
2008-07-01 00:00:00-04:00,5.849999904632568,5.920000076293945,5.519999980926514,5.590000152587891,209900,0.0,0.0
2008-07-02 00:00:00-04:00,5.630000114440918,5.630000114440918,5.25,5.28000020980835,65000,0.0,0.0
2008-07-03 00:00:00-04:00,5.340000152587891,5.5,5.28000020980835,5.420000076293945,136200,0.0,0.0
2008-07-07 00:00:00-04:00,5.5,5.610000133514404,5.269999980926514,5.579999923706055,112700,0.0,0.0
2008-07-08 00:00:00-04:00,5.619999885559082,5.989999771118164,5.5,5.849999904632568,140700,0.0,0.0
2008-07-09 00:00:00-04:00,5.849999904632568,5.849999904632568,5.329999923706055,5.599999904632568,136200,0.0,0.0
2008-07-10 00:00:00-04:00,5.789999961853027,5.789999961853027,5.289999961853027,5.349999904632568,118100,0.0,0.0
2008-07-11 00:00:00-04:00,5.289999961853027,5.289999961853027,5.070000171661377,5.190000057220459,107100,0.0,0.0
2008-07-14 00:00:00-04:00,5.420000076293945,5.420000076293945,4.909999847412109,4.96999979019165,79600,0.0,0.0
2008-07-15 00:00:00-04:00,5.110000133514404,5.110000133514404,4.789999961853027,4.949999809265137,132300,0.0,0.0
2008-07-16 00:00:00-04:00,4.929999828338623,5.039999961853027,4.710000038146973,4.820000171661377,109700,0.0,0.0
2008-07-17 00:00:00-04:00,4.880000114440918,5.159999847412109,4.690000057220459,5.059999942779541,60600,0.0,0.0
2008-07-18 00:00:00-04:00,5.03000020980835,5.130000114440918,4.849999904632568,4.880000114440918,38600,0.0,0.0
2008-07-21 00:00:00-04:00,4.900000095367432,5.099999904632568,4.869999885559082,4.980000019073486,42500,0.0,0.0
2008-07-22 00:00:00-04:00,4.920000076293945,5.090000152587891,4.920000076293945,4.989999771118164,53700,0.0,0.0
2008-07-23 00:00:00-04:00,5.0,5.230000019073486,4.980000019073486,4.980000019073486,48300,0.0,0.0
2008-07-24 00:00:00-04:00,5.099999904632568,5.099999904632568,4.829999923706055,4.929999828338623,30500,0.0,0.0
2008-07-25 00:00:00-04:00,5.03000020980835,5.03000020980835,4.900000095367432,4.929999828338623,19100,0.0,0.0
2008-07-28 00:00:00-04:00,4.949999809265137,4.949999809265137,4.670000076293945,4.71999979019165,26200,0.0,0.0
2008-07-29 00:00:00-04:00,4.760000228881836,4.949999809265137,4.659999847412109,4.699999809265137,47600,0.0,0.0
2008-07-30 00:00:00-04:00,4.570000171661377,4.789999961853027,4.460000038146973,4.550000190734863,93600,0.0,0.0
2008-07-31 00:00:00-04:00,4.349999904632568,4.909999847412109,3.950000047683716,4.550000190734863,113300,0.0,0.0
2008-08-01 00:00:00-04:00,4.619999885559082,5.039999961853027,4.550000190734863,4.889999866485596,30600,0.0,0.0
2008-08-04 00:00:00-04:00,4.849999904632568,5.079999923706055,4.849999904632568,4.960000038146973,32300,0.0,0.0
2008-08-05 00:00:00-04:00,4.96999979019165,5.400000095367432,4.96999979019165,5.309999942779541,61000,0.0,0.0
2008-08-06 00:00:00-04:00,5.21999979019165,5.28000020980835,4.860000133514404,5.199999809265137,48300,0.0,0.0
2008-08-07 00:00:00-04:00,5.230000019073486,5.360000133514404,5.0,5.289999961853027,27900,0.0,0.0
2008-08-08 00:00:00-04:00,5.329999923706055,5.480000019073486,5.300000190734863,5.429999828338623,39500,0.0,0.0
2008-08-11 00:00:00-04:00,5.21999979019165,5.75,5.21999979019165,5.75,44400,0.0,0.0
2008-08-12 00:00:00-04:00,5.699999809265137,5.949999809265137,5.639999866485596,5.920000076293945,43000,0.0,0.0
2008-08-13 00:00:00-04:00,5.920000076293945,6.199999809265137,5.880000114440918,6.010000228881836,94600,0.0,0.0
2008-08-14 00:00:00-04:00,6.0,6.119999885559082,5.960000038146973,6.119999885559082,50900,0.0,0.0
2008-08-15 00:00:00-04:00,6.070000171661377,6.289999961853027,6.019999980926514,6.230000019073486,61400,0.0,0.0
2008-08-18 00:00:00-04:00,6.070000171661377,6.349999904632568,6.070000171661377,6.329999923706055,92100,0.0,0.0
2008-08-19 00:00:00-04:00,6.300000190734863,6.300000190734863,6.139999866485596,6.230000019073486,41000,0.0,0.0
2008-08-20 00:00:00-04:00,6.170000076293945,6.28000020980835,6.170000076293945,6.199999809265137,22600,0.0,0.0
2008-08-21 00:00:00-04:00,6.170000076293945,6.309999942779541,6.170000076293945,6.230000019073486,30300,0.0,0.0
2008-08-22 00:00:00-04:00,6.170000076293945,6.320000171661377,6.170000076293945,6.28000020980835,50900,0.0,0.0
2008-08-25 00:00:00-04:00,6.190000057220459,6.25,5.949999809265137,6.03000020980835,29900,0.0,0.0
2008-08-26 00:00:00-04:00,5.849999904632568,6.139999866485596,5.769999980926514,6.110000133514404,59300,0.0,0.0
2008-08-27 00:00:00-04:00,5.869999885559082,6.269999980926514,5.860000133514404,6.269999980926514,16700,0.0,0.0
2008-08-28 00:00:00-04:00,5.78000020980835,6.300000190734863,5.78000020980835,6.300000190734863,39500,0.0,0.0
2008-08-29 00:00:00-04:00,6.28000020980835,6.449999809265137,6.170000076293945,6.349999904632568,69700,0.0,0.0
2008-09-02 00:00:00-04:00,6.389999866485596,6.409999847412109,6.179999828338623,6.329999923706055,64800,0.0,0.0
2008-09-03 00:00:00-04:00,6.25,6.300000190734863,6.179999828338623,6.25,19300,0.0,0.0
2008-09-04 00:00:00-04:00,6.21999979019165,6.239999771118164,5.860000133514404,5.909999847412109,50500,0.0,0.0
2008-09-05 00:00:00-04:00,5.849999904632568,5.929999828338623,5.75,5.869999885559082,28600,0.0,0.0
2008-09-08 00:00:00-04:00,5.96999979019165,5.96999979019165,5.389999866485596,5.489999771118164,32100,0.0,0.0
2008-09-09 00:00:00-04:00,5.440000057220459,5.539999961853027,5.210000038146973,5.539999961853027,19000,0.0,0.0
2008-09-10 00:00:00-04:00,5.639999866485596,5.75,5.5,5.619999885559082,18500,0.0,0.0
2008-09-11 00:00:00-04:00,5.510000228881836,5.599999904632568,5.510000228881836,5.590000152587891,31200,0.0,0.0
2008-09-12 00:00:00-04:00,5.610000133514404,6.199999809265137,5.610000133514404,6.039999961853027,27000,0.0,0.0
2008-09-15 00:00:00-04:00,5.800000190734863,6.050000190734863,4.75,5.329999923706055,109100,0.0,0.0
2008-09-16 00:00:00-04:00,4.78000020980835,5.369999885559082,4.78000020980835,5.369999885559082,45400,0.0,0.0
2008-09-17 00:00:00-04:00,5.369999885559082,5.710000038146973,5.179999828338623,5.639999866485596,29000,0.0,0.0
2008-09-18 00:00:00-04:00,5.690000057220459,6.349999904632568,5.690000057220459,6.25,106600,0.0,0.0
2008-09-19 00:00:00-04:00,6.349999904632568,6.5,6.039999961853027,6.5,124000,0.0,0.0
2008-09-22 00:00:00-04:00,6.21999979019165,6.889999866485596,6.21999979019165,6.789999961853027,89300,0.0,0.0
2008-09-23 00:00:00-04:00,6.889999866485596,6.889999866485596,6.239999771118164,6.260000228881836,92300,0.0,0.0
2008-09-24 00:00:00-04:00,6.460000038146973,6.460000038146973,5.829999923706055,5.860000133514404,19700,0.0,0.0
2008-09-25 00:00:00-04:00,5.829999923706055,5.960000038146973,5.550000190734863,5.71999979019165,32300,0.0,0.0
2008-09-26 00:00:00-04:00,5.71999979019165,6.050000190734863,5.369999885559082,5.550000190734863,20800,0.0,0.0
2008-09-29 00:00:00-04:00,5.420000076293945,5.420000076293945,5.0,5.190000057220459,71900,0.0,0.0
2008-09-30 00:00:00-04:00,5.179999828338623,5.389999866485596,5.010000228881836,5.199999809265137,16200,0.0,0.0
2008-10-01 00:00:00-04:00,5.050000190734863,5.289999961853027,4.900000095367432,5.190000057220459,15600,0.0,0.0
2008-10-02 00:00:00-04:00,5.210000038146973,5.239999771118164,4.989999771118164,4.989999771118164,13300,0.0,0.0
2008-10-03 00:00:00-04:00,5.139999866485596,5.690000057220459,4.869999885559082,5.130000114440918,16800,0.0,0.0
2008-10-06 00:00:00-04:00,5.0,5.539999961853027,4.75,4.820000171661377,70500,0.0,0.0
2008-10-07 00:00:00-04:00,5.0,5.059999942779541,4.75,4.78000020980835,32300,0.0,0.0
2008-10-08 00:00:00-04:00,4.78000020980835,5.0,4.449999809265137,4.989999771118164,80700,0.0,0.0
2008-10-09 00:00:00-04:00,4.96999979019165,4.96999979019165,4.5,4.78000020980835,45400,0.0,0.0
2008-10-10 00:00:00-04:00,4.75,5.0,4.300000190734863,5.0,90900,0.0,0.0
2008-10-13 00:00:00-04:00,5.010000228881836,5.21999979019165,4.699999809265137,4.800000190734863,56200,0.0,0.0
2008-10-14 00:00:00-04:00,4.75,5.190000057220459,4.320000171661377,4.809999942779541,29800,0.0,0.0
2008-10-15 00:00:00-04:00,4.730000019073486,4.800000190734863,4.599999904632568,4.730000019073486,38200,0.0,0.0
2008-10-16 00:00:00-04:00,4.659999847412109,5.079999923706055,4.5,4.730000019073486,27500,0.0,0.0
2008-10-17 00:00:00-04:00,4.800000190734863,5.050000190734863,4.800000190734863,4.989999771118164,48200,0.0,0.0
2008-10-20 00:00:00-04:00,5.050000190734863,5.449999809265137,4.659999847412109,5.409999847412109,63900,0.0,0.0
2008-10-21 00:00:00-04:00,5.309999942779541,5.400000095367432,4.96999979019165,5.139999866485596,52800,0.0,0.0
2008-10-22 00:00:00-04:00,5.21999979019165,5.590000152587891,5.170000076293945,5.21999979019165,20600,0.0,0.0
2008-10-23 00:00:00-04:00,5.369999885559082,5.420000076293945,4.610000133514404,4.650000095367432,29100,0.0,0.0
2008-10-24 00:00:00-04:00,4.550000190734863,4.550000190734863,4.0,4.119999885559082,9800,0.0,0.0
2008-10-27 00:00:00-04:00,4.050000190734863,4.110000133514404,3.869999885559082,4.110000133514404,27200,0.0,0.0
2008-10-28 00:00:00-04:00,3.9000000953674316,4.440000057220459,3.25,3.25,36100,0.0,0.0
2008-10-29 00:00:00-04:00,3.190000057220459,3.190000057220459,2.75,2.75,51000,0.0,0.0
2008-10-30 00:00:00-04:00,2.7799999713897705,3.180000066757202,2.7799999713897705,3.0,69200,0.0,0.0
2008-10-31 00:00:00-04:00,3.0,3.1600000858306885,2.9700000286102295,3.0,115700,0.0,0.0
2008-11-03 00:00:00-05:00,3.049999952316284,3.049999952316284,2.9200000762939453,2.9800000190734863,72200,0.0,0.0
2008-11-04 00:00:00-05:00,3.0,3.0,2.859999895095825,2.9000000953674316,95800,0.0,0.0
2008-11-05 00:00:00-05:00,2.950000047683716,3.069999933242798,2.859999895095825,2.869999885559082,79500,0.0,0.0
2008-11-06 00:00:00-05:00,2.9200000762939453,2.9200000762939453,2.690000057220459,2.75,108700,0.0,0.0
2008-11-07 00:00:00-05:00,2.8299999237060547,2.869999885559082,2.4800000190734863,2.609999895095825,156000,0.0,0.0
2008-11-10 00:00:00-05:00,2.5399999618530273,2.7799999713897705,2.5,2.5,145700,0.0,0.0
2008-11-11 00:00:00-05:00,2.5399999618530273,2.75,2.4800000190734863,2.619999885559082,87600,0.0,0.0
2008-11-12 00:00:00-05:00,2.5,2.549999952316284,2.25,2.2799999713897705,94200,0.0,0.0
2008-11-13 00:00:00-05:00,2.25,2.25,2.069999933242798,2.190000057220459,216200,0.0,0.0
2008-11-14 00:00:00-05:00,2.049999952316284,2.259999990463257,2.049999952316284,2.1600000858306885,44400,0.0,0.0
2008-11-17 00:00:00-05:00,2.0999999046325684,2.25,2.0999999046325684,2.200000047683716,20800,0.0,0.0
2008-11-18 00:00:00-05:00,2.140000104904175,2.490000009536743,2.140000104904175,2.4800000190734863,612900,0.0,0.0
2008-11-19 00:00:00-05:00,2.4700000286102295,2.5399999618530273,2.309999942779541,2.359999895095825,58100,0.0,0.0
2008-11-20 00:00:00-05:00,2.309999942779541,2.390000104904175,2.2799999713897705,2.3499999046325684,55300,0.0,0.0
2008-11-21 00:00:00-05:00,2.319999933242798,2.319999933242798,2.2200000286102295,2.25,149800,0.0,0.0
2008-11-24 00:00:00-05:00,2.2699999809265137,2.309999942779541,2.200000047683716,2.200000047683716,167200,0.0,0.0
2008-11-25 00:00:00-05:00,2.3499999046325684,2.3499999046325684,2.0,2.009999990463257,224800,0.0,0.0
2008-11-26 00:00:00-05:00,2.0,2.3399999141693115,2.0,2.0799999237060547,703300,0.0,0.0
2008-11-28 00:00:00-05:00,2.0299999713897705,2.319999933242798,1.7899999618530273,2.0199999809265137,57600,0.0,0.0
2008-12-01 00:00:00-05:00,1.9500000476837158,1.9900000095367432,1.8799999952316284,1.8799999952316284,14700,0.0,0.0
2008-12-02 00:00:00-05:00,1.899999976158142,1.9700000286102295,1.850000023841858,1.909999966621399,38400,0.0,0.0
2008-12-03 00:00:00-05:00,1.9900000095367432,2.0399999618530273,1.850000023841858,1.850000023841858,32200,0.0,0.0
2008-12-04 00:00:00-05:00,1.9600000381469727,1.9700000286102295,1.840000033378601,1.8600000143051147,12400,0.0,0.0
2008-12-05 00:00:00-05:00,1.9500000476837158,1.9600000381469727,1.850000023841858,1.8600000143051147,377600,0.0,0.0
2008-12-08 00:00:00-05:00,2.130000114440918,2.130000114440918,1.8899999856948853,1.940000057220459,18000,0.0,0.0
2008-12-09 00:00:00-05:00,1.9600000381469727,2.059999942779541,1.8700000047683716,1.8899999856948853,81100,0.0,0.0
2008-12-10 00:00:00-05:00,2.0299999713897705,2.0299999713897705,1.7999999523162842,1.8799999952316284,12800,0.0,0.0
2008-12-11 00:00:00-05:00,2.0,2.0,1.8700000047683716,1.8899999856948853,26700,0.0,0.0
2008-12-12 00:00:00-05:00,2.0,2.0,1.7999999523162842,1.8300000429153442,32300,0.0,0.0
2008-12-15 00:00:00-05:00,1.7999999523162842,1.8700000047683716,1.7899999618530273,1.809999942779541,18600,0.0,0.0
2008-12-16 00:00:00-05:00,1.840000033378601,1.840000033378601,1.75,1.7799999713897705,12400,0.0,0.0
2008-12-17 00:00:00-05:00,1.850000023841858,1.850000023841858,1.6799999475479126,1.7000000476837158,59800,0.0,0.0
2008-12-18 00:00:00-05:00,1.7200000286102295,1.7300000190734863,1.600000023841858,1.600000023841858,14300,0.0,0.0
2008-12-19 00:00:00-05:00,1.8300000429153442,1.8300000429153442,1.3700000047683716,1.5299999713897705,94000,0.0,0.0
2008-12-22 00:00:00-05:00,1.5800000429153442,1.840000033378601,1.4900000095367432,1.7200000286102295,17300,0.0,0.0
2008-12-23 00:00:00-05:00,1.7799999713897705,1.9700000286102295,1.6299999952316284,1.690000057220459,37500,0.0,0.0
2008-12-24 00:00:00-05:00,1.659999966621399,1.6699999570846558,1.600000023841858,1.659999966621399,4000,0.0,0.0
2008-12-26 00:00:00-05:00,1.6799999475479126,1.6799999475479126,1.600000023841858,1.600000023841858,14600,0.0,0.0
2008-12-29 00:00:00-05:00,1.5199999809265137,1.5199999809265137,1.440000057220459,1.4800000190734863,44000,0.0,0.0
2008-12-30 00:00:00-05:00,1.4500000476837158,1.4900000095367432,1.350000023841858,1.409999966621399,90200,0.0,0.0
2008-12-31 00:00:00-05:00,1.5,1.5,1.409999966621399,1.440000057220459,95900,0.0,0.0
2009-01-02 00:00:00-05:00,1.5299999713897705,1.590000033378601,1.4600000381469727,1.5700000524520874,7600,0.0,0.0
2009-01-05 00:00:00-05:00,1.5099999904632568,1.7100000381469727,1.440000057220459,1.7000000476837158,26200,0.0,0.0
2009-01-06 00:00:00-05:00,1.6699999570846558,1.8899999856948853,1.600000023841858,1.8200000524520874,36000,0.0,0.0
2009-01-07 00:00:00-05:00,1.7400000095367432,1.7999999523162842,1.7400000095367432,1.7400000095367432,17900,0.0,0.0
2009-01-08 00:00:00-05:00,1.6299999952316284,1.7000000476837158,1.6200000047683716,1.690000057220459,3100,0.0,0.0
2009-01-09 00:00:00-05:00,1.6100000143051147,1.7000000476837158,1.6100000143051147,1.690000057220459,5100,0.0,0.0
2009-01-12 00:00:00-05:00,1.6699999570846558,1.7000000476837158,1.5800000429153442,1.5800000429153442,23100,0.0,0.0
2009-01-13 00:00:00-05:00,1.590000033378601,1.6299999952316284,1.5800000429153442,1.590000033378601,4300,0.0,0.0
2009-01-14 00:00:00-05:00,1.5099999904632568,1.5499999523162842,1.4500000476837158,1.4700000286102295,39200,0.0,0.0
2009-01-15 00:00:00-05:00,1.4700000286102295,1.4800000190734863,1.409999966621399,1.4299999475479126,2600,0.0,0.0
2009-01-16 00:00:00-05:00,1.5,1.649999976158142,1.4800000190734863,1.4800000190734863,2800,0.0,0.0
2009-01-20 00:00:00-05:00,1.5800000429153442,1.5800000429153442,1.4800000190734863,1.4800000190734863,1000,0.0,0.0
2009-01-21 00:00:00-05:00,1.5,1.5,1.5,1.5,400,0.0,0.0
2009-01-22 00:00:00-05:00,1.5,1.5,1.4800000190734863,1.4800000190734863,800,0.0,0.0
2009-01-23 00:00:00-05:00,1.4299999475479126,1.4900000095367432,1.4299999475479126,1.4900000095367432,2100,0.0,0.0
2009-01-26 00:00:00-05:00,1.5,1.5,1.4700000286102295,1.5,1700,0.0,0.0
2009-01-27 00:00:00-05:00,1.4900000095367432,1.5399999618530273,1.4800000190734863,1.5199999809265137,5700,0.0,0.0
2009-01-28 00:00:00-05:00,1.5700000524520874,1.5700000524520874,1.4600000381469727,1.4600000381469727,8400,0.0,0.0
2009-01-29 00:00:00-05:00,1.5,1.5,1.440000057220459,1.4500000476837158,1900,0.0,0.0
2009-01-30 00:00:00-05:00,1.4900000095367432,1.5199999809265137,1.4900000095367432,1.5,7100,0.0,0.0
2009-02-02 00:00:00-05:00,1.5,1.5,1.4800000190734863,1.4800000190734863,10200,0.0,0.0
2009-02-03 00:00:00-05:00,1.5199999809265137,1.5199999809265137,1.4900000095367432,1.5,7100,0.0,0.0
2009-02-04 00:00:00-05:00,1.5,1.6100000143051147,1.5,1.590000033378601,5100,0.0,0.0
2009-02-05 00:00:00-05:00,1.649999976158142,1.649999976158142,1.5800000429153442,1.6100000143051147,5000,0.0,0.0
2009-02-06 00:00:00-05:00,1.690000057220459,1.690000057220459,1.5800000429153442,1.590000033378601,1100,0.0,0.0
2009-02-09 00:00:00-05:00,1.6299999952316284,1.6299999952316284,1.4500000476837158,1.4500000476837158,9600,0.0,0.0
2009-02-10 00:00:00-05:00,1.4500000476837158,1.4800000190734863,1.340000033378601,1.3700000047683716,20300,0.0,0.0
2009-02-11 00:00:00-05:00,1.340000033378601,1.350000023841858,1.3300000429153442,1.350000023841858,6000,0.0,0.0
2009-02-12 00:00:00-05:00,1.399999976158142,1.409999966621399,1.3200000524520874,1.340000033378601,5800,0.0,0.0
2009-02-13 00:00:00-05:00,1.340000033378601,1.3600000143051147,1.2999999523162842,1.350000023841858,4700,0.0,0.0
2009-02-17 00:00:00-05:00,1.2999999523162842,1.3200000524520874,1.25,1.2899999618530273,17500,0.0,0.0
2009-02-18 00:00:00-05:00,1.25,1.2999999523162842,1.190000057220459,1.2899999618530273,5300,0.0,0.0
2009-02-19 00:00:00-05:00,1.2100000381469727,1.25,1.1799999475479126,1.1799999475479126,11600,0.0,0.0
2009-02-20 00:00:00-05:00,1.3600000143051147,1.3600000143051147,1.0499999523162842,1.059999942779541,7400,0.0,0.0
2009-02-23 00:00:00-05:00,1.1200000047683716,1.1299999952316284,1.100000023841858,1.1200000047683716,7200,0.0,0.0
2009-02-24 00:00:00-05:00,1.0800000429153442,1.149999976158142,1.0800000429153442,1.1100000143051147,7900,0.0,0.0
2009-02-25 00:00:00-05:00,1.090000033378601,1.100000023841858,1.0499999523162842,1.100000023841858,48800,0.0,0.0
2009-02-26 00:00:00-05:00,1.100000023841858,1.190000057220459,1.0099999904632568,1.090000033378601,109600,0.0,0.0
2009-02-27 00:00:00-05:00,1.0099999904632568,1.090000033378601,0.9900000095367432,1.0700000524520874,11400,0.0,0.0
2009-03-02 00:00:00-05:00,1.0800000429153442,1.0800000429153442,1.0,1.0199999809265137,15000,0.0,0.0
2009-03-03 00:00:00-05:00,1.0499999523162842,1.0499999523162842,0.9700000286102295,0.9700000286102295,17500,0.0,0.0
2009-03-04 00:00:00-05:00,1.0099999904632568,1.0199999809265137,0.9900000095367432,1.0,10300,0.0,0.0
2009-03-05 00:00:00-05:00,1.090000033378601,1.090000033378601,1.0099999904632568,1.0099999904632568,1600,0.0,0.0
2009-03-06 00:00:00-05:00,1.0299999713897705,1.0299999713897705,0.9900000095367432,0.9900000095367432,34300,0.0,0.0
2009-03-09 00:00:00-04:00,1.0199999809265137,1.0199999809265137,0.9800000190734863,0.9900000095367432,5800,0.0,0.0
2009-03-10 00:00:00-04:00,1.0,1.0,0.9900000095367432,1.0,27000,0.0,0.0
2009-03-11 00:00:00-04:00,1.0,1.0199999809265137,1.0,1.0,104300,0.0,0.0
2009-03-12 00:00:00-04:00,1.0,1.0299999713897705,1.0,1.0199999809265137,64800,0.0,0.0
2009-03-13 00:00:00-04:00,1.0299999713897705,1.0299999713897705,0.9900000095367432,0.9900000095367432,20800,0.0,0.0
2009-03-16 00:00:00-04:00,1.0299999713897705,1.0700000524520874,1.0,1.0199999809265137,20800,0.0,0.0
2009-03-17 00:00:00-04:00,1.0499999523162842,1.2200000286102295,1.0499999523162842,1.100000023841858,16800,0.0,0.0
2009-03-18 00:00:00-04:00,1.100000023841858,1.159999966621399,1.100000023841858,1.1200000047683716,34900,0.0,0.0
2009-03-19 00:00:00-04:00,1.090000033378601,1.1399999856948853,1.0499999523162842,1.1399999856948853,30000,0.0,0.0
2009-03-20 00:00:00-04:00,1.100000023841858,1.190000057220459,1.090000033378601,1.190000057220459,20500,0.0,0.0
2009-03-23 00:00:00-04:00,1.2200000286102295,1.2899999618530273,1.190000057220459,1.2899999618530273,5600,0.0,0.0
2009-03-24 00:00:00-04:00,1.309999942779541,1.309999942779541,1.159999966621399,1.2200000286102295,9000,0.0,0.0
2009-03-25 00:00:00-04:00,1.149999976158142,1.1799999475479126,1.1299999952316284,1.159999966621399,1459600,0.0,0.0
2009-03-26 00:00:00-04:00,1.149999976158142,1.3799999952316284,1.149999976158142,1.2899999618530273,28600,0.0,0.0
2009-03-27 00:00:00-04:00,1.309999942779541,1.3899999856948853,1.2899999618530273,1.3899999856948853,18100,0.0,0.0
2009-03-30 00:00:00-04:00,1.2999999523162842,1.590000033378601,1.2999999523162842,1.590000033378601,31600,0.0,0.0
2009-03-31 00:00:00-04:00,1.5499999523162842,1.600000023841858,1.3600000143051147,1.5700000524520874,35500,0.0,0.0
2009-04-01 00:00:00-04:00,1.5199999809265137,1.5800000429153442,1.4199999570846558,1.5399999618530273,71700,0.0,0.0
2009-04-02 00:00:00-04:00,1.6200000047683716,1.6299999952316284,1.5399999618530273,1.600000023841858,100300,0.0,0.0
2009-04-03 00:00:00-04:00,1.6200000047683716,1.6299999952316284,1.5299999713897705,1.590000033378601,5000,0.0,0.0
2009-04-06 00:00:00-04:00,1.600000023841858,1.7300000190734863,1.5499999523162842,1.600000023841858,15500,0.0,0.0
2009-04-07 00:00:00-04:00,1.600000023841858,1.6100000143051147,1.3300000429153442,1.600000023841858,10800,0.0,0.0
2009-04-08 00:00:00-04:00,1.590000033378601,1.6200000047683716,1.590000033378601,1.600000023841858,44700,0.0,0.0
2009-04-09 00:00:00-04:00,1.600000023841858,1.7000000476837158,1.5299999713897705,1.6799999475479126,108600,0.0,0.0
2009-04-13 00:00:00-04:00,1.659999966621399,1.7799999713897705,1.5700000524520874,1.7100000381469727,96600,0.0,0.0
2009-04-14 00:00:00-04:00,1.75,1.7599999904632568,1.6100000143051147,1.7300000190734863,31800,0.0,0.0
2009-04-15 00:00:00-04:00,1.7200000286102295,1.75,1.7000000476837158,1.7000000476837158,2200,0.0,0.0
2009-04-16 00:00:00-04:00,1.6399999856948853,1.7699999809265137,1.590000033378601,1.7200000286102295,40900,0.0,0.0
2009-04-17 00:00:00-04:00,1.7300000190734863,1.7300000190734863,1.7300000190734863,1.7300000190734863,13800,0.0,0.0
2009-04-20 00:00:00-04:00,1.6699999570846558,1.7200000286102295,1.649999976158142,1.7000000476837158,3500,0.0,0.0
2009-04-21 00:00:00-04:00,1.7599999904632568,1.850000023841858,1.690000057220459,1.690000057220459,7400,0.0,0.0
2009-04-22 00:00:00-04:00,1.7999999523162842,1.7999999523162842,1.6799999475479126,1.7100000381469727,40500,0.0,0.0
2009-04-23 00:00:00-04:00,1.7999999523162842,1.7999999523162842,1.6299999952316284,1.6699999570846558,25300,0.0,0.0
2009-04-24 00:00:00-04:00,1.649999976158142,1.7200000286102295,1.649999976158142,1.6799999475479126,39100,0.0,0.0
2009-04-27 00:00:00-04:00,1.6799999475479126,1.7599999904632568,1.6799999475479126,1.7400000095367432,16900,0.0,0.0
2009-04-28 00:00:00-04:00,1.75,1.7899999618530273,1.6200000047683716,1.7200000286102295,123200,0.0,0.0
2009-04-29 00:00:00-04:00,1.3600000143051147,1.899999976158142,1.3600000143051147,1.7599999904632568,49700,0.0,0.0
2009-04-30 00:00:00-04:00,1.899999976158142,1.899999976158142,1.7799999713897705,1.7999999523162842,61300,0.0,0.0
2009-05-01 00:00:00-04:00,1.7599999904632568,1.7999999523162842,1.7000000476837158,1.7300000190734863,20500,0.0,0.0
2009-05-04 00:00:00-04:00,1.7400000095367432,1.7999999523162842,1.7200000286102295,1.7999999523162842,50300,0.0,0.0
2009-05-05 00:00:00-04:00,1.7999999523162842,1.8600000143051147,1.7899999618530273,1.8600000143051147,38800,0.0,0.0
2009-05-06 00:00:00-04:00,1.850000023841858,1.899999976158142,1.7300000190734863,1.899999976158142,50500,0.0,0.0
2009-05-07 00:00:00-04:00,1.9800000190734863,1.9800000190734863,1.8700000047683716,1.9600000381469727,10200,0.0,0.0
2009-05-08 00:00:00-04:00,2.0,2.109999895095825,1.909999966621399,2.109999895095825,41500,0.0,0.0
2009-05-11 00:00:00-04:00,2.109999895095825,2.180000066757202,2.0199999809265137,2.1600000858306885,28100,0.0,0.0
2009-05-12 00:00:00-04:00,2.180000066757202,2.180000066757202,1.850000023841858,1.9900000095367432,51700,0.0,0.0
2009-05-13 00:00:00-04:00,1.8899999856948853,2.0,1.7999999523162842,1.9800000190734863,29500,0.0,0.0
2009-05-14 00:00:00-04:00,1.9600000381469727,1.9800000190734863,1.8899999856948853,1.8899999856948853,16000,0.0,0.0
2009-05-15 00:00:00-04:00,1.899999976158142,1.899999976158142,1.7799999713897705,1.840000033378601,22400,0.0,0.0
2009-05-18 00:00:00-04:00,1.7999999523162842,1.8600000143051147,1.7100000381469727,1.7999999523162842,20700,0.0,0.0
2009-05-19 00:00:00-04:00,1.7100000381469727,1.840000033378601,1.4700000286102295,1.7400000095367432,31400,0.0,0.0
2009-05-20 00:00:00-04:00,1.6100000143051147,1.7899999618530273,1.590000033378601,1.7899999618530273,21600,0.0,0.0
2009-05-21 00:00:00-04:00,1.940000057220459,1.940000057220459,1.7599999904632568,1.7699999809265137,6500,0.0,0.0
2009-05-22 00:00:00-04:00,1.7300000190734863,1.9299999475479126,1.7000000476837158,1.7200000286102295,91200,0.0,0.0
2009-05-26 00:00:00-04:00,1.7899999618530273,1.9500000476837158,1.7799999713897705,1.9500000476837158,8100,0.0,0.0
2009-05-27 00:00:00-04:00,1.8799999952316284,1.899999976158142,1.8600000143051147,1.8600000143051147,19300,0.0,0.0
2009-05-28 00:00:00-04:00,1.809999942779541,1.8600000143051147,1.7899999618530273,1.8600000143051147,27300,0.0,0.0
2009-05-29 00:00:00-04:00,1.8700000047683716,1.8799999952316284,1.7899999618530273,1.8799999952316284,29700,0.0,0.0
2009-06-01 00:00:00-04:00,1.8899999856948853,1.8899999856948853,1.75,1.8300000429153442,44500,0.0,0.0
2009-06-02 00:00:00-04:00,1.7799999713897705,1.8899999856948853,1.7799999713897705,1.8200000524520874,34200,0.0,0.0
2009-06-03 00:00:00-04:00,1.7699999809265137,1.8300000429153442,1.75,1.7999999523162842,8200,0.0,0.0
2009-06-04 00:00:00-04:00,1.8200000524520874,2.2300000190734863,1.8200000524520874,2.0399999618530273,61200,0.0,0.0
2009-06-05 00:00:00-04:00,1.9800000190734863,2.119999885559082,1.909999966621399,1.909999966621399,73200,0.0,0.0
2009-06-08 00:00:00-04:00,2.240000009536743,2.25,1.8899999856948853,2.0899999141693115,11700,0.0,0.0
2009-06-09 00:00:00-04:00,2.0299999713897705,2.490000009536743,2.009999990463257,2.450000047683716,18200,0.0,0.0
2009-06-10 00:00:00-04:00,2.319999933242798,2.680000066757202,2.319999933242798,2.4100000858306885,17000,0.0,0.0
2009-06-11 00:00:00-04:00,2.450000047683716,2.75,2.359999895095825,2.5299999713897705,17000,0.0,0.0
2009-06-12 00:00:00-04:00,2.5199999809265137,2.6500000953674316,2.3499999046325684,2.5299999713897705,13400,0.0,0.0
2009-06-15 00:00:00-04:00,2.5,2.5,2.319999933242798,2.4200000762939453,21500,0.0,0.0
2009-06-16 00:00:00-04:00,2.549999952316284,2.549999952316284,2.299999952316284,2.4000000953674316,24500,0.0,0.0
2009-06-17 00:00:00-04:00,2.440000057220459,2.440000057220459,2.200000047683716,2.3499999046325684,16400,0.0,0.0
2009-06-18 00:00:00-04:00,2.440000057220459,2.440000057220459,2.25,2.299999952316284,19800,0.0,0.0
2009-06-19 00:00:00-04:00,2.390000104904175,2.75,2.319999933242798,2.75,31200,0.0,0.0
2009-06-22 00:00:00-04:00,2.640000104904175,2.799999952316284,2.240000009536743,2.4600000381469727,90600,0.0,0.0
2009-06-23 00:00:00-04:00,2.430000066757202,2.430000066757202,2.140000104904175,2.369999885559082,19000,0.0,0.0
2009-06-24 00:00:00-04:00,2.5199999809265137,2.5299999713897705,2.119999885559082,2.4000000953674316,35600,0.0,0.0
2009-06-25 00:00:00-04:00,2.359999895095825,2.490000009536743,2.1700000762939453,2.4100000858306885,25800,0.0,0.0
2009-06-26 00:00:00-04:00,2.3299999237060547,2.490000009536743,2.3299999237060547,2.4000000953674316,25900,0.0,0.0
2009-06-29 00:00:00-04:00,2.4000000953674316,2.430000066757202,2.4000000953674316,2.4000000953674316,5000,0.0,0.0
2009-06-30 00:00:00-04:00,2.4100000858306885,2.630000114440918,2.299999952316284,2.549999952316284,22900,0.0,0.0
2009-07-01 00:00:00-04:00,2.490000009536743,2.5199999809265137,2.3299999237060547,2.5,61700,0.0,0.0
2009-07-02 00:00:00-04:00,2.5399999618530273,2.5999999046325684,2.2699999809265137,2.450000047683716,13300,0.0,0.0
2009-07-06 00:00:00-04:00,2.5299999713897705,2.5399999618530273,2.3299999237060547,2.5,12100,0.0,0.0
2009-07-07 00:00:00-04:00,2.569999933242798,2.569999933242798,2.2699999809265137,2.4000000953674316,18600,0.0,0.0
2009-07-08 00:00:00-04:00,2.490000009536743,2.490000009536743,2.0399999618530273,2.3299999237060547,10900,0.0,0.0
2009-07-09 00:00:00-04:00,2.4700000286102295,2.490000009536743,2.130000114440918,2.4000000953674316,5500,0.0,0.0
2009-07-10 00:00:00-04:00,2.440000057220459,2.440000057220459,2.3299999237060547,2.4100000858306885,1700,0.0,0.0
2009-07-13 00:00:00-04:00,2.740000009536743,2.740000009536743,2.359999895095825,2.380000114440918,4200,0.0,0.0
2009-07-14 00:00:00-04:00,2.5399999618530273,2.5399999618530273,2.299999952316284,2.390000104904175,17700,0.0,0.0
2009-07-15 00:00:00-04:00,2.3299999237060547,2.5,2.2899999618530273,2.369999885559082,9900,0.0,0.0
2009-07-16 00:00:00-04:00,2.450000047683716,2.450000047683716,2.369999885559082,2.4000000953674316,9800,0.0,0.0
2009-07-17 00:00:00-04:00,2.4000000953674316,2.450000047683716,2.1600000858306885,2.390000104904175,10400,0.0,0.0
2009-07-20 00:00:00-04:00,2.4800000190734863,2.4800000190734863,2.359999895095825,2.390000104904175,13000,0.0,0.0
2009-07-21 00:00:00-04:00,2.4000000953674316,2.4000000953674316,2.259999990463257,2.259999990463257,34100,0.0,0.0
2009-07-22 00:00:00-04:00,2.259999990463257,2.490000009536743,2.25,2.299999952316284,4500,0.0,0.0
2009-07-23 00:00:00-04:00,2.299999952316284,2.5,2.2799999713897705,2.4000000953674316,9900,0.0,0.0
2009-07-24 00:00:00-04:00,2.4000000953674316,2.4000000953674316,2.200000047683716,2.299999952316284,19200,0.0,0.0
2009-07-27 00:00:00-04:00,2.4000000953674316,2.4000000953674316,2.069999933242798,2.1700000762939453,62200,0.0,0.0
2009-07-28 00:00:00-04:00,2.2200000286102295,2.2799999713897705,2.009999990463257,2.259999990463257,29700,0.0,0.0
2009-07-29 00:00:00-04:00,2.2799999713897705,2.299999952316284,2.0299999713897705,2.2899999618530273,19400,0.0,0.0
2009-07-30 00:00:00-04:00,2.450000047683716,2.4700000286102295,2.0299999713897705,2.369999885559082,57500,0.0,0.0
2009-07-31 00:00:00-04:00,2.2699999809265137,2.3499999046325684,2.1500000953674316,2.299999952316284,59100,0.0,0.0
2009-08-03 00:00:00-04:00,2.4600000381469727,2.7899999618530273,2.2699999809265137,2.569999933242798,71100,0.0,0.0
2009-08-04 00:00:00-04:00,2.690000057220459,3.0,2.5999999046325684,2.930000066757202,69800,0.0,0.0
2009-08-05 00:00:00-04:00,2.6600000858306885,3.0,2.5299999713897705,2.940000057220459,56300,0.0,0.0
2009-08-06 00:00:00-04:00,2.890000104904175,2.9800000190734863,2.5299999713897705,2.9000000953674316,36400,0.0,0.0
2009-08-07 00:00:00-04:00,2.880000114440918,2.880000114440918,2.630000114440918,2.75,33500,0.0,0.0
2009-08-10 00:00:00-04:00,2.700000047683716,2.7300000190734863,2.5999999046325684,2.7100000381469727,17700,0.0,0.0
2009-08-11 00:00:00-04:00,2.5999999046325684,2.799999952316284,2.5999999046325684,2.759999990463257,27900,0.0,0.0
2009-08-12 00:00:00-04:00,2.690000057220459,2.8499999046325684,2.5899999141693115,2.640000104904175,68800,0.0,0.0
2009-08-13 00:00:00-04:00,2.8399999141693115,2.8399999141693115,2.5399999618530273,2.549999952316284,37800,0.0,0.0
2009-08-14 00:00:00-04:00,2.569999933242798,2.640000104904175,2.5399999618530273,2.549999952316284,22500,0.0,0.0
2009-08-17 00:00:00-04:00,2.5,2.609999895095825,2.4100000858306885,2.609999895095825,34800,0.0,0.0
2009-08-18 00:00:00-04:00,2.7699999809265137,2.799999952316284,2.390000104904175,2.7799999713897705,32900,0.0,0.0
2009-08-19 00:00:00-04:00,2.690000057220459,2.7699999809265137,2.559999942779541,2.7200000286102295,79600,0.0,0.0
2009-08-20 00:00:00-04:00,2.740000009536743,2.740000009536743,2.6500000953674316,2.6500000953674316,19100,0.0,0.0
2009-08-21 00:00:00-04:00,2.6500000953674316,2.75,2.509999990463257,2.700000047683716,192900,0.0,0.0
2009-08-24 00:00:00-04:00,2.759999990463257,2.7699999809265137,2.680000066757202,2.680000066757202,42700,0.0,0.0
2009-08-25 00:00:00-04:00,2.700000047683716,2.7200000286102295,2.640000104904175,2.6500000953674316,75600,0.0,0.0
2009-08-26 00:00:00-04:00,2.680000066757202,2.680000066757202,2.630000114440918,2.6500000953674316,20400,0.0,0.0
2009-08-27 00:00:00-04:00,2.619999885559082,2.680000066757202,2.5199999809265137,2.5199999809265137,41900,0.0,0.0
2009-08-28 00:00:00-04:00,2.609999895095825,2.6500000953674316,2.4200000762939453,2.5799999237060547,56900,0.0,0.0
2009-08-31 00:00:00-04:00,2.5,2.700000047683716,2.450000047683716,2.690000057220459,27800,0.0,0.0
2009-09-01 00:00:00-04:00,2.5199999809265137,2.609999895095825,2.5199999809265137,2.5899999141693115,2800,0.0,0.0
2009-09-02 00:00:00-04:00,2.630000114440918,2.6500000953674316,2.5399999618530273,2.609999895095825,31000,0.0,0.0
2009-09-03 00:00:00-04:00,2.5999999046325684,2.880000114440918,2.5999999046325684,2.869999885559082,23200,0.0,0.0
2009-09-04 00:00:00-04:00,2.859999895095825,2.9700000286102295,2.8299999237060547,2.9700000286102295,13500,0.0,0.0
2009-09-08 00:00:00-04:00,2.9100000858306885,3.009999990463257,2.8299999237060547,2.9700000286102295,16100,0.0,0.0
2009-09-09 00:00:00-04:00,3.0,3.049999952316284,2.950000047683716,3.049999952316284,15800,0.0,0.0
2009-09-10 00:00:00-04:00,2.9800000190734863,3.140000104904175,2.9100000858306885,3.140000104904175,28800,0.0,0.0
2009-09-11 00:00:00-04:00,3.140000104904175,3.240000009536743,3.0999999046325684,3.240000009536743,9000,0.0,0.0
2009-09-14 00:00:00-04:00,3.140000104904175,3.2799999713897705,3.0899999141693115,3.259999990463257,23200,0.0,0.0
2009-09-15 00:00:00-04:00,3.259999990463257,3.3299999237060547,3.2300000190734863,3.3299999237060547,41400,0.0,0.0
2009-09-16 00:00:00-04:00,3.3299999237060547,3.4100000858306885,3.299999952316284,3.3499999046325684,16700,0.0,0.0
2009-09-17 00:00:00-04:00,3.4000000953674316,3.869999885559082,3.359999895095825,3.5999999046325684,33200,0.0,0.0
2009-09-18 00:00:00-04:00,3.5899999141693115,3.5999999046325684,3.309999942779541,3.4100000858306885,106500,0.0,0.0
2009-09-21 00:00:00-04:00,3.5799999237060547,3.5799999237060547,3.0899999141693115,3.390000104904175,80700,0.0,0.0
2009-09-22 00:00:00-04:00,3.5399999618530273,3.619999885559082,3.3399999141693115,3.569999933242798,73700,0.0,0.0
2009-09-23 00:00:00-04:00,3.559999942779541,3.569999933242798,3.430000066757202,3.559999942779541,17100,0.0,0.0
2009-09-24 00:00:00-04:00,3.5799999237060547,3.5899999141693115,3.430000066757202,3.5799999237060547,17700,0.0,0.0
2009-09-25 00:00:00-04:00,3.4800000190734863,3.5899999141693115,3.319999933242798,3.509999990463257,37900,0.0,0.0
2009-09-28 00:00:00-04:00,3.569999933242798,3.609999895095825,3.4200000762939453,3.5399999618530273,45300,0.0,0.0
2009-09-29 00:00:00-04:00,3.5899999141693115,3.5999999046325684,3.4600000381469727,3.5399999618530273,15100,0.0,0.0
2009-09-30 00:00:00-04:00,3.4600000381469727,3.5199999809265137,3.450000047683716,3.490000009536743,47900,0.0,0.0
2009-10-01 00:00:00-04:00,3.430000066757202,3.5199999809265137,3.299999952316284,3.299999952316284,46800,0.0,0.0
2009-10-02 00:00:00-04:00,3.299999952316284,3.359999895095825,2.940000057220459,3.180000066757202,136100,0.0,0.0
2009-10-05 00:00:00-04:00,3.5199999809265137,3.5199999809265137,3.2300000190734863,3.4100000858306885,23300,0.0,0.0
2009-10-06 00:00:00-04:00,3.0799999237060547,3.5999999046325684,3.0799999237060547,3.5999999046325684,15200,0.0,0.0
2009-10-07 00:00:00-04:00,3.5999999046325684,3.5999999046325684,3.4800000190734863,3.549999952316284,9200,0.0,0.0
2009-10-08 00:00:00-04:00,3.5899999141693115,3.950000047683716,3.5899999141693115,3.799999952316284,42400,0.0,0.0
2009-10-09 00:00:00-04:00,3.8299999237060547,3.9100000858306885,3.6700000762939453,3.9000000953674316,18200,0.0,0.0
2009-10-12 00:00:00-04:00,3.9000000953674316,3.9800000190734863,3.8299999237060547,3.950000047683716,38900,0.0,0.0
2009-10-13 00:00:00-04:00,3.930000066757202,4.0,3.819999933242798,4.0,9300,0.0,0.0
2009-10-14 00:00:00-04:00,3.9600000381469727,4.070000171661377,3.8299999237060547,4.050000190734863,44900,0.0,0.0
2009-10-15 00:00:00-04:00,4.070000171661377,4.199999809265137,3.9100000858306885,4.050000190734863,36300,0.0,0.0
2009-10-16 00:00:00-04:00,4.0,4.130000114440918,4.0,4.050000190734863,20500,0.0,0.0
2009-10-19 00:00:00-04:00,4.139999866485596,4.139999866485596,3.7799999713897705,4.110000133514404,16000,0.0,0.0
2009-10-20 00:00:00-04:00,4.050000190734863,4.179999828338623,3.9200000762939453,3.930000066757202,30700,0.0,0.0
2009-10-21 00:00:00-04:00,4.0,4.130000114440918,3.609999895095825,4.059999942779541,34600,0.0,0.0
2009-10-22 00:00:00-04:00,4.050000190734863,4.119999885559082,4.0,4.010000228881836,215800,0.0,0.0
2009-10-23 00:00:00-04:00,4.0,4.050000190734863,3.880000114440918,3.9800000190734863,67400,0.0,0.0
2009-10-26 00:00:00-04:00,3.990000009536743,3.990000009536743,3.490000009536743,3.859999895095825,152400,0.0,0.0
2009-10-27 00:00:00-04:00,3.799999952316284,3.880000114440918,3.690000057220459,3.7200000286102295,31100,0.0,0.0
2009-10-28 00:00:00-04:00,3.809999942779541,3.809999942779541,3.4800000190734863,3.75,49000,0.0,0.0
2009-10-29 00:00:00-04:00,3.700000047683716,3.880000114440918,3.619999885559082,3.619999885559082,26800,0.0,0.0
2009-10-30 00:00:00-04:00,3.5999999046325684,3.740000009536743,3.5199999809265137,3.5399999618530273,17900,0.0,0.0
2009-11-02 00:00:00-05:00,3.549999952316284,3.630000114440918,3.3499999046325684,3.509999990463257,49800,0.0,0.0
2009-11-03 00:00:00-05:00,3.369999885559082,3.490000009536743,3.309999942779541,3.4200000762939453,51800,0.0,0.0
2009-11-04 00:00:00-05:00,3.5,3.5999999046325684,3.3499999046325684,3.549999952316284,11000,0.0,0.0
2009-11-05 00:00:00-05:00,3.4600000381469727,3.569999933242798,3.3499999046325684,3.5,23400,0.0,0.0
2009-11-06 00:00:00-05:00,3.5,3.5199999809265137,3.299999952316284,3.5199999809265137,41800,0.0,0.0
2009-11-09 00:00:00-05:00,3.5,3.509999990463257,3.430000066757202,3.5,7300,0.0,0.0
2009-11-10 00:00:00-05:00,3.4200000762939453,3.5199999809265137,3.4000000953674316,3.5199999809265137,14100,0.0,0.0
2009-11-11 00:00:00-05:00,3.5,3.5199999809265137,3.450000047683716,3.509999990463257,11700,0.0,0.0
2009-11-12 00:00:00-05:00,3.509999990463257,3.5999999046325684,3.4700000286102295,3.5999999046325684,13500,0.0,0.0
2009-11-13 00:00:00-05:00,3.5999999046325684,3.640000104904175,3.4700000286102295,3.619999885559082,11300,0.0,0.0
2009-11-16 00:00:00-05:00,3.619999885559082,3.640000104904175,3.5899999141693115,3.630000114440918,7800,0.0,0.0
2009-11-17 00:00:00-05:00,3.5899999141693115,3.6500000953674316,3.450000047683716,3.6500000953674316,18800,0.0,0.0
2009-11-18 00:00:00-05:00,3.630000114440918,3.6500000953674316,3.549999952316284,3.619999885559082,3500,0.0,0.0
2009-11-19 00:00:00-05:00,3.640000104904175,3.640000104904175,3.5199999809265137,3.609999895095825,13200,0.0,0.0
2009-11-20 00:00:00-05:00,3.609999895095825,3.609999895095825,3.4100000858306885,3.490000009536743,26300,0.0,0.0
2009-11-23 00:00:00-05:00,3.609999895095825,3.609999895095825,3.2699999809265137,3.4200000762939453,23000,0.0,0.0
2009-11-24 00:00:00-05:00,3.4200000762939453,3.440000057220459,3.25,3.4100000858306885,21700,0.0,0.0
2009-11-25 00:00:00-05:00,3.3499999046325684,3.430000066757202,3.240000009536743,3.359999895095825,23500,0.0,0.0
2009-11-27 00:00:00-05:00,3.3399999141693115,3.430000066757202,3.259999990463257,3.4000000953674316,6800,0.0,0.0
2009-11-30 00:00:00-05:00,3.3299999237060547,3.4000000953674316,3.309999942779541,3.3499999046325684,9600,0.0,0.0
2009-12-01 00:00:00-05:00,3.369999885559082,3.4000000953674316,3.3499999046325684,3.4000000953674316,23300,0.0,0.0
2009-12-02 00:00:00-05:00,3.390000104904175,3.5899999141693115,3.380000114440918,3.5299999713897705,17600,0.0,0.0
2009-12-03 00:00:00-05:00,3.5999999046325684,3.75,3.5299999713897705,3.740000009536743,3800,0.0,0.0
2009-12-04 00:00:00-05:00,3.7200000286102295,3.859999895095825,3.7200000286102295,3.8399999141693115,22200,0.0,0.0
2009-12-07 00:00:00-05:00,3.75,3.890000104904175,3.7100000381469727,3.890000104904175,17000,0.0,0.0
2009-12-08 00:00:00-05:00,3.8299999237060547,3.9000000953674316,3.75,3.869999885559082,82300,0.0,0.0
2009-12-09 00:00:00-05:00,3.890000104904175,4.0,3.7799999713897705,4.0,156600,0.0,0.0
2009-12-10 00:00:00-05:00,3.990000009536743,4.0,3.9000000953674316,3.990000009536743,20200,0.0,0.0
2009-12-11 00:00:00-05:00,3.950000047683716,3.950000047683716,3.930000066757202,3.940000057220459,1100,0.0,0.0
2009-12-14 00:00:00-05:00,3.759999990463257,3.9000000953674316,3.609999895095825,3.9000000953674316,73300,0.0,0.0
2009-12-15 00:00:00-05:00,3.8299999237060547,3.950000047683716,3.75,3.809999942779541,42200,0.0,0.0
2009-12-16 00:00:00-05:00,3.809999942779541,3.890000104904175,3.75,3.8399999141693115,19400,0.0,0.0
2009-12-17 00:00:00-05:00,3.7699999809265137,3.930000066757202,3.630000114440918,3.7200000286102295,55800,0.0,0.0
2009-12-18 00:00:00-05:00,3.9200000762939453,3.9200000762939453,3.690000057220459,3.8399999141693115,35100,0.0,0.0
2009-12-21 00:00:00-05:00,3.950000047683716,3.950000047683716,3.630000114440918,3.890000104904175,21100,0.0,0.0
2009-12-22 00:00:00-05:00,3.8399999141693115,3.9200000762939453,3.490000009536743,3.869999885559082,19700,0.0,0.0
2009-12-23 00:00:00-05:00,3.809999942779541,3.950000047683716,3.630000114440918,3.890000104904175,27100,0.0,0.0
2009-12-24 00:00:00-05:00,3.890000104904175,3.9200000762939453,3.880000114440918,3.9000000953674316,600,0.0,0.0
2009-12-28 00:00:00-05:00,3.940000057220459,3.950000047683716,3.6700000762939453,3.940000057220459,4900,0.0,0.0
2009-12-29 00:00:00-05:00,3.950000047683716,3.950000047683716,3.9200000762939453,3.950000047683716,4800,0.0,0.0
2009-12-30 00:00:00-05:00,3.940000057220459,3.950000047683716,3.880000114440918,3.940000057220459,13600,0.0,0.0
2009-12-31 00:00:00-05:00,3.930000066757202,3.950000047683716,3.759999990463257,3.8499999046325684,3600,0.0,0.0
2010-01-04 00:00:00-05:00,3.9800000190734863,3.9800000190734863,3.6500000953674316,3.859999895095825,71900,0.0,0.0
2010-01-05 00:00:00-05:00,3.9100000858306885,3.940000057220459,3.859999895095825,3.9200000762939453,18800,0.0,0.0
2010-01-06 00:00:00-05:00,3.940000057220459,3.940000057220459,3.819999933242798,3.9000000953674316,45600,0.0,0.0
2010-01-07 00:00:00-05:00,3.9000000953674316,3.930000066757202,3.890000104904175,3.9000000953674316,15400,0.0,0.0
2010-01-08 00:00:00-05:00,3.930000066757202,4.019999980926514,3.859999895095825,3.9700000286102295,175600,0.0,0.0
2010-01-11 00:00:00-05:00,4.039999961853027,4.090000152587891,3.9800000190734863,4.019999980926514,38700,0.0,0.0
2010-01-12 00:00:00-05:00,4.03000020980835,4.090000152587891,3.9000000953674316,4.079999923706055,29100,0.0,0.0
2010-01-13 00:00:00-05:00,4.090000152587891,4.090000152587891,3.9600000381469727,4.0,17900,0.0,0.0
2010-01-14 00:00:00-05:00,4.010000228881836,4.050000190734863,3.9000000953674316,4.039999961853027,23700,0.0,0.0
2010-01-15 00:00:00-05:00,4.03000020980835,4.050000190734863,3.940000057220459,4.0,15900,0.0,0.0
2010-01-19 00:00:00-05:00,3.950000047683716,4.039999961853027,3.9000000953674316,4.0,38500,0.0,0.0
2010-01-20 00:00:00-05:00,3.950000047683716,4.010000228881836,3.809999942779541,4.010000228881836,52700,0.0,0.0
2010-01-21 00:00:00-05:00,3.990000009536743,4.0,3.8499999046325684,3.9800000190734863,29800,0.0,0.0
2010-01-22 00:00:00-05:00,3.9700000286102295,3.990000009536743,3.799999952316284,3.9700000286102295,23500,0.0,0.0
2010-01-25 00:00:00-05:00,3.950000047683716,4.0,3.8399999141693115,3.940000057220459,17600,0.0,0.0
2010-01-26 00:00:00-05:00,3.859999895095825,3.9800000190734863,3.8499999046325684,3.9200000762939453,25000,0.0,0.0
2010-01-27 00:00:00-05:00,3.950000047683716,3.9700000286102295,3.8299999237060547,3.9700000286102295,9800,0.0,0.0
2010-01-28 00:00:00-05:00,3.990000009536743,4.0,3.8299999237060547,4.0,38600,0.0,0.0
2010-01-29 00:00:00-05:00,3.9600000381469727,3.9800000190734863,3.809999942779541,3.9600000381469727,23600,0.0,0.0
2010-02-01 00:00:00-05:00,3.890000104904175,3.9800000190734863,3.8499999046325684,3.9100000858306885,27500,0.0,0.0
2010-02-02 00:00:00-05:00,3.950000047683716,3.9800000190734863,3.8399999141693115,3.9800000190734863,25400,0.0,0.0
2010-02-03 00:00:00-05:00,3.9700000286102295,4.199999809265137,3.9600000381469727,4.050000190734863,11300,0.0,0.0
2010-02-04 00:00:00-05:00,4.059999942779541,4.059999942779541,3.859999895095825,3.9000000953674316,34600,0.0,0.0
2010-02-05 00:00:00-05:00,3.950000047683716,3.950000047683716,3.700000047683716,3.859999895095825,20900,0.0,0.0
2010-02-08 00:00:00-05:00,3.8299999237060547,3.880000114440918,3.7699999809265137,3.8499999046325684,33100,0.0,0.0
2010-02-09 00:00:00-05:00,3.8299999237060547,3.880000114440918,3.740000009536743,3.869999885559082,20600,0.0,0.0
2010-02-10 00:00:00-05:00,3.859999895095825,3.880000114440918,3.7899999618530273,3.869999885559082,9800,0.0,0.0
2010-02-11 00:00:00-05:00,3.869999885559082,4.0,3.799999952316284,4.0,38500,0.0,0.0
2010-02-12 00:00:00-05:00,4.0,4.099999904632568,3.9000000953674316,4.099999904632568,37600,0.0,0.0
2010-02-16 00:00:00-05:00,4.090000152587891,4.090000152587891,3.880000114440918,4.0,69200,0.0,0.0
2010-02-17 00:00:00-05:00,3.990000009536743,4.079999923706055,3.890000104904175,4.059999942779541,31400,0.0,0.0
2010-02-18 00:00:00-05:00,3.950000047683716,4.090000152587891,3.9000000953674316,4.090000152587891,29100,0.0,0.0
2010-02-19 00:00:00-05:00,4.090000152587891,4.199999809265137,4.03000020980835,4.199999809265137,39300,0.0,0.0
2010-02-22 00:00:00-05:00,4.179999828338623,4.179999828338623,4.059999942779541,4.059999942779541,55000,0.0,0.0
2010-02-23 00:00:00-05:00,3.990000009536743,4.059999942779541,3.930000066757202,3.9600000381469727,30200,0.0,0.0
2010-02-24 00:00:00-05:00,3.990000009536743,4.150000095367432,3.9200000762939453,4.119999885559082,43600,0.0,0.0
2010-02-25 00:00:00-05:00,3.9800000190734863,4.150000095367432,3.9800000190734863,4.119999885559082,22400,0.0,0.0
2010-02-26 00:00:00-05:00,4.070000171661377,4.110000133514404,3.9200000762939453,3.950000047683716,14400,0.0,0.0
2010-03-01 00:00:00-05:00,4.039999961853027,4.159999847412109,4.010000228881836,4.159999847412109,9000,0.0,0.0
2010-03-02 00:00:00-05:00,4.110000133514404,4.199999809265137,4.090000152587891,4.090000152587891,20500,0.0,0.0
2010-03-03 00:00:00-05:00,4.039999961853027,4.190000057220459,4.019999980926514,4.150000095367432,16800,0.0,0.0
2010-03-04 00:00:00-05:00,4.150000095367432,4.380000114440918,4.150000095367432,4.289999961853027,25600,0.0,0.0
2010-03-05 00:00:00-05:00,4.380000114440918,4.699999809265137,4.340000152587891,4.579999923706055,42200,0.0,0.0
2010-03-08 00:00:00-05:00,4.460000038146973,4.610000133514404,4.440000057220459,4.590000152587891,28300,0.0,0.0
2010-03-09 00:00:00-05:00,4.5,4.579999923706055,4.409999847412109,4.550000190734863,23200,0.0,0.0
2010-03-10 00:00:00-05:00,4.550000190734863,4.849999904632568,4.5,4.730000019073486,41400,0.0,0.0
2010-03-11 00:00:00-05:00,4.739999771118164,4.820000171661377,4.610000133514404,4.820000171661377,12900,0.0,0.0
2010-03-12 00:00:00-05:00,4.829999923706055,4.920000076293945,4.690000057220459,4.78000020980835,27900,0.0,0.0
2010-03-15 00:00:00-04:00,4.400000095367432,4.789999961853027,4.369999885559082,4.679999828338623,32000,0.0,0.0
2010-03-16 00:00:00-04:00,4.630000114440918,4.71999979019165,4.360000133514404,4.650000095367432,45100,0.0,0.0
2010-03-17 00:00:00-04:00,4.880000114440918,4.880000114440918,4.579999923706055,4.679999828338623,16600,0.0,0.0
2010-03-18 00:00:00-04:00,4.880000114440918,4.880000114440918,4.449999809265137,4.53000020980835,19400,0.0,0.0
2010-03-19 00:00:00-04:00,4.510000228881836,4.820000171661377,4.460000038146973,4.659999847412109,30300,0.0,0.0
2010-03-22 00:00:00-04:00,4.869999885559082,4.869999885559082,4.400000095367432,4.670000076293945,13400,0.0,0.0
2010-03-23 00:00:00-04:00,4.590000152587891,4.71999979019165,4.550000190734863,4.71999979019165,30400,0.0,0.0
2010-03-24 00:00:00-04:00,4.639999866485596,4.880000114440918,4.639999866485596,4.760000228881836,16300,0.0,0.0
2010-03-25 00:00:00-04:00,4.849999904632568,4.849999904632568,4.5,4.550000190734863,12800,0.0,0.0
2010-03-26 00:00:00-04:00,4.829999923706055,4.829999923706055,4.349999904632568,4.610000133514404,48400,0.0,0.0
2010-03-29 00:00:00-04:00,4.699999809265137,4.699999809265137,4.300000190734863,4.400000095367432,57700,0.0,0.0
2010-03-30 00:00:00-04:00,4.400000095367432,4.400000095367432,4.179999828338623,4.380000114440918,69300,0.0,0.0
2010-03-31 00:00:00-04:00,4.400000095367432,4.400000095367432,4.269999980926514,4.360000133514404,51700,0.0,0.0
2010-04-01 00:00:00-04:00,4.369999885559082,4.389999866485596,4.210000038146973,4.289999961853027,139700,0.0,0.0
2010-04-05 00:00:00-04:00,4.199999809265137,4.300000190734863,4.150000095367432,4.25,53600,0.0,0.0
2010-04-06 00:00:00-04:00,4.110000133514404,4.300000190734863,4.110000133514404,4.21999979019165,49000,0.0,0.0
2010-04-07 00:00:00-04:00,4.239999771118164,4.28000020980835,4.170000076293945,4.21999979019165,29700,0.0,0.0
2010-04-08 00:00:00-04:00,4.199999809265137,4.199999809265137,4.03000020980835,4.190000057220459,29600,0.0,0.0
2010-04-09 00:00:00-04:00,4.199999809265137,4.389999866485596,4.159999847412109,4.389999866485596,102300,0.0,0.0
2010-04-12 00:00:00-04:00,4.389999866485596,4.409999847412109,4.059999942779541,4.269999980926514,49000,0.0,0.0
2010-04-13 00:00:00-04:00,4.21999979019165,4.409999847412109,4.21999979019165,4.239999771118164,43400,0.0,0.0
2010-04-14 00:00:00-04:00,4.25,4.349999904632568,4.159999847412109,4.269999980926514,139300,0.0,0.0
2010-04-15 00:00:00-04:00,4.21999979019165,4.329999923706055,4.119999885559082,4.320000171661377,83200,0.0,0.0
2010-04-16 00:00:00-04:00,4.260000228881836,4.369999885559082,4.119999885559082,4.349999904632568,55100,0.0,0.0
2010-04-19 00:00:00-04:00,4.349999904632568,4.389999866485596,4.230000019073486,4.349999904632568,62000,0.0,0.0
2010-04-20 00:00:00-04:00,4.289999961853027,4.559999942779541,4.289999961853027,4.550000190734863,39400,0.0,0.0
2010-04-21 00:00:00-04:00,4.579999923706055,4.900000095367432,4.5,4.800000190734863,45200,0.0,0.0
2010-04-22 00:00:00-04:00,4.800000190734863,5.170000076293945,4.380000114440918,4.829999923706055,209600,0.0,0.0
2010-04-23 00:00:00-04:00,4.96999979019165,5.099999904632568,4.769999980926514,4.920000076293945,138900,0.0,0.0
2010-04-26 00:00:00-04:00,4.920000076293945,5.139999866485596,4.889999866485596,4.989999771118164,176400,0.0,0.0
2010-04-27 00:00:00-04:00,4.869999885559082,5.010000228881836,4.760000228881836,5.010000228881836,82100,0.0,0.0
2010-04-28 00:00:00-04:00,5.0,5.0,4.809999942779541,4.96999979019165,67800,0.0,0.0
2010-04-29 00:00:00-04:00,4.929999828338623,5.099999904632568,4.929999828338623,5.019999980926514,163500,0.0,0.0
2010-04-30 00:00:00-04:00,4.840000152587891,5.070000171661377,4.840000152587891,4.949999809265137,25600,0.0,0.0
2010-05-03 00:00:00-04:00,4.900000095367432,5.010000228881836,4.869999885559082,5.010000228881836,59500,0.0,0.0
2010-05-04 00:00:00-04:00,4.949999809265137,4.989999771118164,4.860000133514404,4.900000095367432,39700,0.0,0.0
2010-05-05 00:00:00-04:00,4.900000095367432,4.909999847412109,4.789999961853027,4.869999885559082,28400,0.0,0.0
2010-05-06 00:00:00-04:00,4.809999942779541,4.949999809265137,4.699999809265137,4.920000076293945,26700,0.0,0.0
2010-05-07 00:00:00-04:00,4.769999980926514,4.909999847412109,4.559999942779541,4.699999809265137,68700,0.0,0.0
2010-05-10 00:00:00-04:00,4.869999885559082,4.900000095367432,4.710000038146973,4.869999885559082,21500,0.0,0.0
2010-05-11 00:00:00-04:00,4.860000133514404,4.949999809265137,4.619999885559082,4.949999809265137,56600,0.0,0.0
2010-05-12 00:00:00-04:00,4.949999809265137,5.0,4.829999923706055,5.0,72700,0.0,0.0
2010-05-13 00:00:00-04:00,4.989999771118164,5.0,4.880000114440918,5.0,70900,0.0,0.0
2010-05-14 00:00:00-04:00,4.909999847412109,4.949999809265137,4.800000190734863,4.869999885559082,28100,0.0,0.0
2010-05-17 00:00:00-04:00,4.869999885559082,4.900000095367432,4.809999942779541,4.829999923706055,45100,0.0,0.0
2010-05-18 00:00:00-04:00,4.829999923706055,4.900000095367432,4.769999980926514,4.820000171661377,64000,0.0,0.0
2010-05-19 00:00:00-04:00,4.769999980926514,4.849999904632568,4.75,4.75,28500,0.0,0.0
2010-05-20 00:00:00-04:00,4.710000038146973,4.800000190734863,4.630000114440918,4.699999809265137,43800,0.0,0.0
2010-05-21 00:00:00-04:00,4.590000152587891,4.769999980926514,4.590000152587891,4.769999980926514,42800,0.0,0.0
2010-05-24 00:00:00-04:00,4.769999980926514,4.820000171661377,4.71999979019165,4.820000171661377,37700,0.0,0.0
2010-05-25 00:00:00-04:00,4.699999809265137,4.900000095367432,4.510000228881836,4.730000019073486,66200,0.0,0.0
2010-05-26 00:00:00-04:00,4.699999809265137,4.699999809265137,4.550000190734863,4.699999809265137,77000,0.0,0.0
2010-05-27 00:00:00-04:00,4.739999771118164,4.949999809265137,4.670000076293945,4.949999809265137,45400,0.0,0.0
2010-05-28 00:00:00-04:00,4.900000095367432,4.949999809265137,4.639999866485596,4.760000228881836,69100,0.0,0.0
2010-06-01 00:00:00-04:00,4.710000038146973,4.800000190734863,4.710000038146973,4.78000020980835,40800,0.0,0.0
2010-06-02 00:00:00-04:00,4.769999980926514,4.869999885559082,4.75,4.800000190734863,32000,0.0,0.0
2010-06-03 00:00:00-04:00,4.800000190734863,4.940000057220459,4.590000152587891,4.820000171661377,43100,0.0,0.0
2010-06-04 00:00:00-04:00,4.699999809265137,4.829999923706055,4.619999885559082,4.659999847412109,27600,0.0,0.0
2010-06-07 00:00:00-04:00,4.650000095367432,4.769999980926514,4.53000020980835,4.71999979019165,47000,0.0,0.0
2010-06-08 00:00:00-04:00,4.849999904632568,4.849999904632568,4.630000114440918,4.710000038146973,19300,0.0,0.0
2010-06-09 00:00:00-04:00,4.380000114440918,4.800000190734863,4.380000114440918,4.769999980926514,11400,0.0,0.0
2010-06-10 00:00:00-04:00,4.760000228881836,4.840000152587891,4.699999809265137,4.800000190734863,72400,0.0,0.0
2010-06-11 00:00:00-04:00,4.809999942779541,4.840000152587891,4.639999866485596,4.809999942779541,74200,0.0,0.0
2010-06-14 00:00:00-04:00,4.829999923706055,4.880000114440918,4.769999980926514,4.800000190734863,47400,0.0,0.0
2010-06-15 00:00:00-04:00,4.869999885559082,5.010000228881836,4.800000190734863,5.010000228881836,125000,0.0,0.0
2010-06-16 00:00:00-04:00,5.0,5.099999904632568,4.929999828338623,5.010000228881836,35900,0.0,0.0
2010-06-17 00:00:00-04:00,5.019999980926514,5.039999961853027,4.949999809265137,5.0,44800,0.0,0.0
2010-06-18 00:00:00-04:00,4.960000038146973,5.059999942779541,4.960000038146973,5.019999980926514,58500,0.0,0.0
2010-06-21 00:00:00-04:00,5.03000020980835,5.059999942779541,4.96999979019165,5.03000020980835,37000,0.0,0.0
2010-06-22 00:00:00-04:00,5.0,5.070000171661377,4.909999847412109,4.949999809265137,46500,0.0,0.0
2010-06-23 00:00:00-04:00,4.920000076293945,5.150000095367432,4.829999923706055,4.860000133514404,115900,0.0,0.0
2010-06-24 00:00:00-04:00,4.860000133514404,5.25,4.860000133514404,5.110000133514404,206800,0.0,0.0
2010-06-25 00:00:00-04:00,5.130000114440918,5.400000095367432,4.849999904632568,4.889999866485596,2664200,0.0,0.0
2010-06-28 00:00:00-04:00,4.900000095367432,4.929999828338623,4.699999809265137,4.889999866485596,181100,0.0,0.0
2010-06-29 00:00:00-04:00,4.809999942779541,4.929999828338623,4.75,4.849999904632568,120100,0.0,0.0
2010-06-30 00:00:00-04:00,4.860000133514404,5.019999980926514,4.75,4.800000190734863,79000,0.0,0.0
2010-07-01 00:00:00-04:00,4.829999923706055,4.96999979019165,4.699999809265137,4.71999979019165,56900,0.0,0.0
2010-07-02 00:00:00-04:00,4.75,4.96999979019165,4.519999980926514,4.880000114440918,60900,0.0,0.0
2010-07-06 00:00:00-04:00,4.940000057220459,4.989999771118164,4.590000152587891,4.679999828338623,71900,0.0,0.0
2010-07-07 00:00:00-04:00,4.699999809265137,4.869999885559082,4.559999942779541,4.71999979019165,109800,0.0,0.0
2010-07-08 00:00:00-04:00,4.75,4.800000190734863,4.659999847412109,4.75,111900,0.0,0.0
2010-07-09 00:00:00-04:00,4.75,4.840000152587891,4.489999771118164,4.75,96300,0.0,0.0
2010-07-12 00:00:00-04:00,4.730000019073486,4.739999771118164,4.46999979019165,4.519999980926514,72000,0.0,0.0
2010-07-13 00:00:00-04:00,4.550000190734863,4.800000190734863,4.400000095367432,4.789999961853027,118300,0.0,0.0
2010-07-14 00:00:00-04:00,4.760000228881836,4.760000228881836,4.5,4.539999961853027,72000,0.0,0.0
2010-07-15 00:00:00-04:00,4.550000190734863,4.579999923706055,4.369999885559082,4.53000020980835,66700,0.0,0.0
2010-07-16 00:00:00-04:00,4.489999771118164,4.5,4.300000190734863,4.440000057220459,97400,0.0,0.0
2010-07-19 00:00:00-04:00,4.429999828338623,4.699999809265137,4.230000019073486,4.340000152587891,46600,0.0,0.0
2010-07-20 00:00:00-04:00,4.300000190734863,4.480000019073486,4.139999866485596,4.420000076293945,95900,0.0,0.0
2010-07-21 00:00:00-04:00,4.449999809265137,4.570000171661377,4.210000038146973,4.269999980926514,62700,0.0,0.0
2010-07-22 00:00:00-04:00,4.309999942779541,4.340000152587891,4.099999904632568,4.239999771118164,71900,0.0,0.0
2010-07-23 00:00:00-04:00,4.21999979019165,4.239999771118164,4.010000228881836,4.170000076293945,91500,0.0,0.0
2010-07-26 00:00:00-04:00,4.170000076293945,4.349999904632568,4.090000152587891,4.349999904632568,84500,0.0,0.0
2010-07-27 00:00:00-04:00,4.380000114440918,4.519999980926514,4.21999979019165,4.349999904632568,78200,0.0,0.0
2010-07-28 00:00:00-04:00,4.329999923706055,4.369999885559082,4.170000076293945,4.269999980926514,84700,0.0,0.0
2010-07-29 00:00:00-04:00,4.489999771118164,4.489999771118164,4.130000114440918,4.179999828338623,104400,0.0,0.0
2010-07-30 00:00:00-04:00,4.179999828338623,4.489999771118164,3.9600000381469727,4.099999904632568,188200,0.0,0.0
2010-08-02 00:00:00-04:00,4.139999866485596,4.28000020980835,4.019999980926514,4.150000095367432,135300,0.0,0.0
2010-08-03 00:00:00-04:00,4.130000114440918,4.239999771118164,4.079999923706055,4.130000114440918,59600,0.0,0.0
2010-08-04 00:00:00-04:00,4.130000114440918,4.25,4.130000114440918,4.239999771118164,68600,0.0,0.0
2010-08-05 00:00:00-04:00,4.21999979019165,4.239999771118164,4.150000095367432,4.199999809265137,49400,0.0,0.0
2010-08-06 00:00:00-04:00,4.159999847412109,4.300000190734863,4.019999980926514,4.190000057220459,46800,0.0,0.0
2010-08-09 00:00:00-04:00,4.179999828338623,4.269999980926514,4.119999885559082,4.239999771118164,69600,0.0,0.0
2010-08-10 00:00:00-04:00,4.199999809265137,4.199999809265137,4.099999904632568,4.159999847412109,97300,0.0,0.0
2010-08-11 00:00:00-04:00,4.139999866485596,4.300000190734863,3.9200000762939453,3.930000066757202,98800,0.0,0.0
2010-08-12 00:00:00-04:00,3.9100000858306885,3.990000009536743,3.8399999141693115,3.950000047683716,86300,0.0,0.0
2010-08-13 00:00:00-04:00,3.930000066757202,3.950000047683716,3.690000057220459,3.700000047683716,61600,0.0,0.0
2010-08-16 00:00:00-04:00,3.700000047683716,3.75,3.619999885559082,3.7300000190734863,113100,0.0,0.0
2010-08-17 00:00:00-04:00,3.75,3.940000057220459,3.680000066757202,3.9000000953674316,67800,0.0,0.0
2010-08-18 00:00:00-04:00,3.890000104904175,3.890000104904175,3.75,3.8499999046325684,39300,0.0,0.0
2010-08-19 00:00:00-04:00,3.819999933242798,3.9100000858306885,3.6500000953674316,3.6700000762939453,69400,0.0,0.0
2010-08-20 00:00:00-04:00,3.6500000953674316,3.75,3.569999933242798,3.6500000953674316,54300,0.0,0.0
2010-08-23 00:00:00-04:00,3.6600000858306885,3.7799999713897705,3.609999895095825,3.609999895095825,54800,0.0,0.0
2010-08-24 00:00:00-04:00,3.569999933242798,3.6600000858306885,3.4600000381469727,3.5299999713897705,75900,0.0,0.0
2010-08-25 00:00:00-04:00,3.5199999809265137,3.619999885559082,3.5199999809265137,3.619999885559082,61500,0.0,0.0
2010-08-26 00:00:00-04:00,3.619999885559082,3.8499999046325684,3.5299999713897705,3.609999895095825,51200,0.0,0.0
2010-08-27 00:00:00-04:00,3.640000104904175,3.75,3.5399999618530273,3.700000047683716,78900,0.0,0.0
2010-08-30 00:00:00-04:00,3.680000066757202,3.7100000381469727,3.4800000190734863,3.490000009536743,62800,0.0,0.0
2010-08-31 00:00:00-04:00,3.569999933242798,3.609999895095825,3.4600000381469727,3.4600000381469727,46500,0.0,0.0
2010-09-01 00:00:00-04:00,3.5,3.630000114440918,3.450000047683716,3.609999895095825,69900,0.0,0.0
2010-09-02 00:00:00-04:00,3.5899999141693115,3.680000066757202,3.5299999713897705,3.6600000858306885,48300,0.0,0.0
2010-09-03 00:00:00-04:00,3.6700000762939453,3.809999942779541,3.6700000762939453,3.7799999713897705,55200,0.0,0.0
2010-09-07 00:00:00-04:00,3.7799999713897705,3.7799999713897705,3.5899999141693115,3.6500000953674316,72600,0.0,0.0
2010-09-08 00:00:00-04:00,3.6700000762939453,3.809999942779541,3.619999885559082,3.7799999713897705,34900,0.0,0.0
2010-09-09 00:00:00-04:00,3.819999933242798,3.8299999237060547,3.569999933242798,3.7699999809265137,70800,0.0,0.0
2010-09-10 00:00:00-04:00,3.759999990463257,3.7699999809265137,3.6700000762939453,3.7300000190734863,58500,0.0,0.0
2010-09-13 00:00:00-04:00,3.759999990463257,3.7899999618530273,3.7300000190734863,3.759999990463257,154700,0.0,0.0
2010-09-14 00:00:00-04:00,3.759999990463257,3.7799999713897705,3.690000057220459,3.7799999713897705,52300,0.0,0.0
2010-09-15 00:00:00-04:00,3.740000009536743,3.7699999809265137,3.700000047683716,3.7300000190734863,52100,0.0,0.0
2010-09-16 00:00:00-04:00,3.7300000190734863,3.7799999713897705,3.7300000190734863,3.740000009536743,56900,0.0,0.0
2010-09-17 00:00:00-04:00,3.7699999809265137,3.7699999809265137,3.690000057220459,3.7200000286102295,106800,0.0,0.0
2010-09-20 00:00:00-04:00,3.7200000286102295,3.7699999809265137,3.7200000286102295,3.75,121300,0.0,0.0
2010-09-21 00:00:00-04:00,3.75,3.7799999713897705,3.7200000286102295,3.740000009536743,58900,0.0,0.0
2010-09-22 00:00:00-04:00,3.740000009536743,3.7799999713897705,3.690000057220459,3.740000009536743,63600,0.0,0.0
2010-09-23 00:00:00-04:00,3.740000009536743,3.740000009536743,3.680000066757202,3.7100000381469727,52900,0.0,0.0
2010-09-24 00:00:00-04:00,3.7200000286102295,3.7300000190734863,3.690000057220459,3.700000047683716,122300,0.0,0.0
2010-09-27 00:00:00-04:00,3.6700000762939453,3.7200000286102295,3.6700000762939453,3.690000057220459,86900,0.0,0.0
2010-09-28 00:00:00-04:00,3.7100000381469727,3.7899999618530273,3.6700000762939453,3.690000057220459,61700,0.0,0.0
2010-09-29 00:00:00-04:00,3.700000047683716,3.7100000381469727,3.680000066757202,3.690000057220459,91700,0.0,0.0
2010-09-30 00:00:00-04:00,3.7300000190734863,3.7300000190734863,3.5999999046325684,3.690000057220459,90200,0.0,0.0
2010-10-01 00:00:00-04:00,3.700000047683716,3.7100000381469727,3.630000114440918,3.680000066757202,55400,0.0,0.0
2010-10-04 00:00:00-04:00,3.680000066757202,3.7100000381469727,3.6700000762939453,3.6700000762939453,56300,0.0,0.0
2010-10-05 00:00:00-04:00,3.700000047683716,3.7100000381469727,3.6700000762939453,3.690000057220459,54600,0.0,0.0
2010-10-06 00:00:00-04:00,3.7100000381469727,3.7100000381469727,3.6500000953674316,3.6600000858306885,57400,0.0,0.0
2010-10-07 00:00:00-04:00,3.690000057220459,3.700000047683716,3.5899999141693115,3.609999895095825,50800,0.0,0.0
2010-10-08 00:00:00-04:00,3.5999999046325684,3.680000066757202,3.5899999141693115,3.609999895095825,65700,0.0,0.0
2010-10-11 00:00:00-04:00,3.5999999046325684,3.619999885559082,3.5299999713897705,3.559999942779541,50000,0.0,0.0
2010-10-12 00:00:00-04:00,3.549999952316284,3.759999990463257,3.549999952316284,3.6700000762939453,99300,0.0,0.0
2010-10-13 00:00:00-04:00,3.6700000762939453,3.7200000286102295,3.6500000953674316,3.680000066757202,89500,0.0,0.0
2010-10-14 00:00:00-04:00,3.6700000762939453,3.700000047683716,3.6500000953674316,3.690000057220459,56600,0.0,0.0
2010-10-15 00:00:00-04:00,3.7200000286102295,3.740000009536743,3.6600000858306885,3.690000057220459,705300,0.0,0.0
2010-10-18 00:00:00-04:00,3.690000057220459,3.8399999141693115,3.5999999046325684,3.799999952316284,112200,0.0,0.0
2010-10-19 00:00:00-04:00,3.759999990463257,3.8499999046325684,3.680000066757202,3.7699999809265137,103700,0.0,0.0
2010-10-20 00:00:00-04:00,3.799999952316284,3.9000000953674316,3.7200000286102295,3.7699999809265137,72400,0.0,0.0
2010-10-21 00:00:00-04:00,3.799999952316284,3.859999895095825,3.7300000190734863,3.8299999237060547,63900,0.0,0.0
2010-10-22 00:00:00-04:00,3.8499999046325684,4.03000020980835,3.8499999046325684,4.010000228881836,76700,0.0,0.0
2010-10-25 00:00:00-04:00,4.039999961853027,4.210000038146973,4.03000020980835,4.119999885559082,54000,0.0,0.0
2010-10-26 00:00:00-04:00,4.090000152587891,4.179999828338623,4.039999961853027,4.159999847412109,57400,0.0,0.0
2010-10-27 00:00:00-04:00,4.139999866485596,4.389999866485596,4.139999866485596,4.28000020980835,81700,0.0,0.0
2010-10-28 00:00:00-04:00,4.360000133514404,4.360000133514404,4.010000228881836,4.070000171661377,94600,0.0,0.0
2010-10-29 00:00:00-04:00,4.0,4.199999809265137,3.890000104904175,4.050000190734863,101900,0.0,0.0
2010-11-01 00:00:00-04:00,4.039999961853027,4.130000114440918,3.890000104904175,3.940000057220459,68000,0.0,0.0
2010-11-02 00:00:00-04:00,3.9700000286102295,4.079999923706055,3.8499999046325684,4.070000171661377,137200,0.0,0.0
2010-11-03 00:00:00-04:00,4.059999942779541,4.070000171661377,3.940000057220459,4.010000228881836,89900,0.0,0.0
2010-11-04 00:00:00-04:00,4.050000190734863,4.079999923706055,3.950000047683716,4.079999923706055,117900,0.0,0.0
2010-11-05 00:00:00-04:00,4.079999923706055,4.119999885559082,3.9700000286102295,4.110000133514404,98100,0.0,0.0
2010-11-08 00:00:00-05:00,4.099999904632568,4.099999904632568,4.0,4.070000171661377,81100,0.0,0.0
2010-11-09 00:00:00-05:00,4.059999942779541,4.179999828338623,4.019999980926514,4.070000171661377,107500,0.0,0.0
2010-11-10 00:00:00-05:00,4.070000171661377,4.070000171661377,3.9600000381469727,4.010000228881836,97000,0.0,0.0
2010-11-11 00:00:00-05:00,3.9700000286102295,4.019999980926514,3.9200000762939453,3.9700000286102295,45100,0.0,0.0
2010-11-12 00:00:00-05:00,3.930000066757202,4.03000020980835,3.930000066757202,3.9600000381469727,94200,0.0,0.0
2010-11-15 00:00:00-05:00,3.990000009536743,3.990000009536743,3.9200000762939453,3.9200000762939453,53600,0.0,0.0
2010-11-16 00:00:00-05:00,3.9200000762939453,3.950000047683716,3.7699999809265137,3.809999942779541,79400,0.0,0.0
2010-11-17 00:00:00-05:00,3.8399999141693115,3.9200000762939453,3.799999952316284,3.890000104904175,79700,0.0,0.0
2010-11-18 00:00:00-05:00,3.9100000858306885,4.079999923706055,3.8499999046325684,4.050000190734863,69100,0.0,0.0
2010-11-19 00:00:00-05:00,4.03000020980835,4.039999961853027,3.950000047683716,4.0,94900,0.0,0.0
2010-11-22 00:00:00-05:00,3.950000047683716,4.039999961853027,3.869999885559082,4.03000020980835,66300,0.0,0.0
2010-11-23 00:00:00-05:00,3.950000047683716,4.050000190734863,3.880000114440918,4.010000228881836,80900,0.0,0.0
2010-11-24 00:00:00-05:00,4.019999980926514,4.179999828338623,3.9800000190734863,4.099999904632568,50300,0.0,0.0
2010-11-26 00:00:00-05:00,4.070000171661377,4.150000095367432,4.050000190734863,4.099999904632568,24000,0.0,0.0
2010-11-29 00:00:00-05:00,4.070000171661377,4.119999885559082,3.9600000381469727,4.079999923706055,79200,0.0,0.0
2010-11-30 00:00:00-05:00,4.039999961853027,4.079999923706055,3.9800000190734863,3.990000009536743,87500,0.0,0.0
2010-12-01 00:00:00-05:00,4.070000171661377,4.139999866485596,3.950000047683716,4.119999885559082,112000,0.0,0.0
2010-12-02 00:00:00-05:00,4.150000095367432,4.239999771118164,4.010000228881836,4.179999828338623,78200,0.0,0.0
2010-12-03 00:00:00-05:00,4.150000095367432,4.300000190734863,4.079999923706055,4.239999771118164,83900,0.0,0.0
2010-12-06 00:00:00-05:00,4.21999979019165,4.300000190734863,4.119999885559082,4.25,72600,0.0,0.0
2010-12-07 00:00:00-05:00,4.269999980926514,4.380000114440918,4.190000057220459,4.269999980926514,56400,0.0,0.0
2010-12-08 00:00:00-05:00,4.289999961853027,4.420000076293945,4.170000076293945,4.349999904632568,80100,0.0,0.0
2010-12-09 00:00:00-05:00,4.389999866485596,4.579999923706055,4.28000020980835,4.449999809265137,135900,0.0,0.0
2010-12-10 00:00:00-05:00,4.440000057220459,4.800000190734863,4.409999847412109,4.599999904632568,91000,0.0,0.0
2010-12-13 00:00:00-05:00,4.599999904632568,4.679999828338623,4.519999980926514,4.599999904632568,58100,0.0,0.0
2010-12-14 00:00:00-05:00,4.630000114440918,4.949999809265137,4.599999904632568,4.860000133514404,101100,0.0,0.0
2010-12-15 00:00:00-05:00,4.829999923706055,5.070000171661377,4.789999961853027,5.0,112500,0.0,0.0
2010-12-16 00:00:00-05:00,4.980000019073486,5.050000190734863,4.880000114440918,5.0,113000,0.0,0.0
2010-12-17 00:00:00-05:00,4.980000019073486,5.010000228881836,4.800000190734863,4.949999809265137,126500,0.0,0.0
2010-12-20 00:00:00-05:00,4.940000057220459,4.949999809265137,4.880000114440918,4.880000114440918,64300,0.0,0.0
2010-12-21 00:00:00-05:00,4.920000076293945,5.03000020980835,4.849999904632568,4.929999828338623,66800,0.0,0.0
2010-12-22 00:00:00-05:00,4.909999847412109,4.929999828338623,4.809999942779541,4.849999904632568,32900,0.0,0.0
2010-12-23 00:00:00-05:00,4.829999923706055,4.900000095367432,4.71999979019165,4.880000114440918,54800,0.0,0.0
2010-12-27 00:00:00-05:00,4.880000114440918,4.900000095367432,4.760000228881836,4.880000114440918,40900,0.0,0.0
2010-12-28 00:00:00-05:00,4.900000095367432,4.949999809265137,4.760000228881836,4.889999866485596,57500,0.0,0.0
2010-12-29 00:00:00-05:00,4.880000114440918,4.929999828338623,4.769999980926514,4.840000152587891,39600,0.0,0.0
2010-12-30 00:00:00-05:00,4.820000171661377,4.880000114440918,4.739999771118164,4.820000171661377,47100,0.0,0.0
2010-12-31 00:00:00-05:00,4.789999961853027,4.889999866485596,4.789999961853027,4.820000171661377,63500,0.0,0.0
2011-01-03 00:00:00-05:00,4.880000114440918,4.900000095367432,4.809999942779541,4.860000133514404,73100,0.0,0.0
2011-01-04 00:00:00-05:00,4.860000133514404,4.920000076293945,4.820000171661377,4.900000095367432,153000,0.0,0.0
2011-01-05 00:00:00-05:00,4.869999885559082,4.929999828338623,4.820000171661377,4.900000095367432,112900,0.0,0.0
2011-01-06 00:00:00-05:00,4.880000114440918,4.880000114440918,4.78000020980835,4.849999904632568,54400,0.0,0.0
2011-01-07 00:00:00-05:00,4.849999904632568,4.860000133514404,4.75,4.78000020980835,53500,0.0,0.0
2011-01-10 00:00:00-05:00,4.75,4.860000133514404,4.639999866485596,4.78000020980835,87500,0.0,0.0
2011-01-11 00:00:00-05:00,4.800000190734863,4.849999904632568,4.679999828338623,4.800000190734863,74200,0.0,0.0
2011-01-12 00:00:00-05:00,4.789999961853027,5.96999979019165,4.789999961853027,5.960000038146973,413400,0.0,0.0
2011-01-13 00:00:00-05:00,5.869999885559082,6.0,5.46999979019165,5.53000020980835,144200,0.0,0.0
2011-01-14 00:00:00-05:00,5.539999961853027,5.789999961853027,5.400000095367432,5.789999961853027,104700,0.0,0.0
2011-01-18 00:00:00-05:00,5.75,5.820000171661377,5.670000076293945,5.71999979019165,57400,0.0,0.0
2011-01-19 00:00:00-05:00,5.710000038146973,5.880000114440918,5.429999828338623,5.449999809265137,91100,0.0,0.0
2011-01-20 00:00:00-05:00,5.420000076293945,5.489999771118164,5.329999923706055,5.400000095367432,78600,0.0,0.0
2011-01-21 00:00:00-05:00,5.480000019073486,5.789999961853027,5.480000019073486,5.550000190734863,155500,0.0,0.0
2011-01-24 00:00:00-05:00,5.570000171661377,5.690000057220459,5.440000057220459,5.539999961853027,71400,0.0,0.0
2011-01-25 00:00:00-05:00,5.53000020980835,5.619999885559082,5.369999885559082,5.420000076293945,59600,0.0,0.0
2011-01-26 00:00:00-05:00,5.449999809265137,5.659999847412109,5.380000114440918,5.650000095367432,94900,0.0,0.0
2011-01-27 00:00:00-05:00,5.71999979019165,5.849999904632568,5.599999904632568,5.78000020980835,80600,0.0,0.0
2011-01-28 00:00:00-05:00,5.75,5.989999771118164,5.570000171661377,5.670000076293945,137500,0.0,0.0
2011-01-31 00:00:00-05:00,5.690000057220459,5.809999942779541,5.570000171661377,5.789999961853027,74800,0.0,0.0
2011-02-01 00:00:00-05:00,5.789999961853027,5.809999942779541,5.75,5.800000190734863,45400,0.0,0.0
2011-02-02 00:00:00-05:00,5.75,6.130000114440918,5.650000095367432,6.03000020980835,121200,0.0,0.0
2011-02-03 00:00:00-05:00,6.010000228881836,6.150000095367432,5.909999847412109,6.079999923706055,57800,0.0,0.0
2011-02-04 00:00:00-05:00,6.059999942779541,6.130000114440918,5.559999942779541,5.650000095367432,368700,0.0,0.0
2011-02-07 00:00:00-05:00,5.639999866485596,5.800000190734863,5.519999980926514,5.699999809265137,111400,0.0,0.0
2011-02-08 00:00:00-05:00,5.690000057220459,5.860000133514404,5.610000133514404,5.809999942779541,62200,0.0,0.0
2011-02-09 00:00:00-05:00,5.789999961853027,5.940000057220459,5.71999979019165,5.889999866485596,97700,0.0,0.0
2011-02-10 00:00:00-05:00,5.900000095367432,6.289999961853027,5.829999923706055,6.050000190734863,188800,0.0,0.0
2011-02-11 00:00:00-05:00,6.25,6.550000190734863,6.25,6.400000095367432,415500,0.0,0.0
2011-02-14 00:00:00-05:00,6.460000038146973,6.96999979019165,6.320000171661377,6.880000114440918,214500,0.0,0.0
2011-02-15 00:00:00-05:00,6.75,6.75,6.230000019073486,6.46999979019165,269900,0.0,0.0
2011-02-16 00:00:00-05:00,6.400000095367432,6.570000171661377,6.28000020980835,6.539999961853027,213500,0.0,0.0
2011-02-17 00:00:00-05:00,6.5,6.619999885559082,6.429999828338623,6.619999885559082,232800,0.0,0.0
2011-02-18 00:00:00-05:00,6.639999866485596,6.860000133514404,6.460000038146973,6.860000133514404,285500,0.0,0.0
2011-02-22 00:00:00-05:00,6.769999980926514,6.849999904632568,6.53000020980835,6.579999923706055,132100,0.0,0.0
2011-02-23 00:00:00-05:00,6.599999904632568,6.599999904632568,6.25,6.5,169800,0.0,0.0
2011-02-24 00:00:00-05:00,6.489999771118164,6.739999771118164,6.409999847412109,6.670000076293945,190900,0.0,0.0
2011-02-25 00:00:00-05:00,6.670000076293945,6.820000171661377,6.489999771118164,6.760000228881836,257900,0.0,0.0
2011-02-28 00:00:00-05:00,6.760000228881836,7.119999885559082,6.599999904632568,6.920000076293945,824400,0.0,0.0
2011-03-01 00:00:00-05:00,6.96999979019165,7.0,6.570000171661377,6.590000152587891,282800,0.0,0.0
2011-03-02 00:00:00-05:00,6.590000152587891,6.769999980926514,6.5,6.690000057220459,162800,0.0,0.0
2011-03-03 00:00:00-05:00,6.78000020980835,7.039999961853027,6.730000019073486,6.949999809265137,272500,0.0,0.0
2011-03-04 00:00:00-05:00,6.940000057220459,6.980000019073486,6.760000228881836,6.949999809265137,79400,0.0,0.0
2011-03-07 00:00:00-05:00,7.0,7.150000095367432,6.739999771118164,7.03000020980835,310600,0.0,0.0
2011-03-08 00:00:00-05:00,7.019999980926514,7.170000076293945,6.960000038146973,7.090000152587891,189700,0.0,0.0
2011-03-09 00:00:00-05:00,7.099999904632568,7.139999866485596,6.690000057220459,6.71999979019165,288600,0.0,0.0
2011-03-10 00:00:00-05:00,6.619999885559082,6.619999885559082,6.059999942779541,6.400000095367432,375000,0.0,0.0
2011-03-11 00:00:00-05:00,6.369999885559082,6.429999828338623,6.130000114440918,6.380000114440918,105000,0.0,0.0
2011-03-14 00:00:00-04:00,6.329999923706055,6.329999923706055,5.940000057220459,6.079999923706055,158600,0.0,0.0
2011-03-15 00:00:00-04:00,5.889999866485596,6.019999980926514,5.550000190734863,5.960000038146973,228700,0.0,0.0
2011-03-16 00:00:00-04:00,5.980000019073486,6.050000190734863,5.670000076293945,5.829999923706055,184600,0.0,0.0
2011-03-17 00:00:00-04:00,5.960000038146973,6.070000171661377,5.840000152587891,5.949999809265137,139900,0.0,0.0
2011-03-18 00:00:00-04:00,6.010000228881836,6.21999979019165,5.889999866485596,6.179999828338623,167700,0.0,0.0
2011-03-21 00:00:00-04:00,6.25,6.599999904632568,5.960000038146973,6.519999980926514,152200,0.0,0.0
2011-03-22 00:00:00-04:00,6.550000190734863,6.840000152587891,6.380000114440918,6.429999828338623,60800,0.0,0.0
2011-03-23 00:00:00-04:00,6.440000057220459,6.599999904632568,6.300000190734863,6.489999771118164,158000,0.0,0.0
2011-03-24 00:00:00-04:00,6.559999942779541,6.690000057220459,6.389999866485596,6.610000133514404,320500,0.0,0.0
2011-03-25 00:00:00-04:00,6.650000095367432,6.769999980926514,6.5,6.659999847412109,118900,0.0,0.0
2011-03-28 00:00:00-04:00,6.71999979019165,6.769999980926514,6.619999885559082,6.730000019073486,66600,0.0,0.0
2011-03-29 00:00:00-04:00,6.710000038146973,6.710000038146973,6.539999961853027,6.639999866485596,133500,0.0,0.0
2011-03-30 00:00:00-04:00,6.670000076293945,6.699999809265137,6.570000171661377,6.599999904632568,219600,0.0,0.0
2011-03-31 00:00:00-04:00,6.570000171661377,6.670000076293945,6.570000171661377,6.650000095367432,140700,0.0,0.0
2011-04-01 00:00:00-04:00,6.71999979019165,6.809999942779541,6.630000114440918,6.739999771118164,51700,0.0,0.0
2011-04-04 00:00:00-04:00,6.769999980926514,6.909999847412109,6.760000228881836,6.849999904632568,40800,0.0,0.0
2011-04-05 00:00:00-04:00,6.849999904632568,6.980000019073486,6.800000190734863,6.920000076293945,59000,0.0,0.0
2011-04-06 00:00:00-04:00,6.960000038146973,7.019999980926514,6.599999904632568,7.019999980926514,75900,0.0,0.0
2011-04-07 00:00:00-04:00,7.010000228881836,7.099999904632568,6.809999942779541,6.849999904632568,95700,0.0,0.0
2011-04-08 00:00:00-04:00,6.869999885559082,6.900000095367432,6.599999904632568,6.730000019073486,99600,0.0,0.0
2011-04-11 00:00:00-04:00,6.739999771118164,6.860000133514404,6.5,6.5,99300,0.0,0.0
2011-04-12 00:00:00-04:00,6.480000019073486,6.480000019073486,6.25,6.300000190734863,81500,0.0,0.0
2011-04-13 00:00:00-04:00,6.360000133514404,6.440000057220459,6.110000133514404,6.289999961853027,111500,0.0,0.0
2011-04-14 00:00:00-04:00,6.210000038146973,6.460000038146973,6.199999809265137,6.440000057220459,105200,0.0,0.0
2011-04-15 00:00:00-04:00,6.420000076293945,6.539999961853027,5.889999866485596,6.53000020980835,76800,0.0,0.0
2011-04-18 00:00:00-04:00,6.409999847412109,6.429999828338623,6.260000228881836,6.309999942779541,41600,0.0,0.0
2011-04-19 00:00:00-04:00,6.369999885559082,6.550000190734863,6.289999961853027,6.380000114440918,48200,0.0,0.0
2011-04-20 00:00:00-04:00,6.510000228881836,6.619999885559082,6.510000228881836,6.619999885559082,40300,0.0,0.0
2011-04-21 00:00:00-04:00,6.690000057220459,6.71999979019165,6.28000020980835,6.53000020980835,51200,0.0,0.0
2011-04-25 00:00:00-04:00,6.489999771118164,6.599999904632568,6.25,6.599999904632568,31400,0.0,0.0
2011-04-26 00:00:00-04:00,6.599999904632568,6.789999961853027,6.559999942779541,6.71999979019165,65100,0.0,0.0
2011-04-27 00:00:00-04:00,6.699999809265137,6.769999980926514,6.599999904632568,6.730000019073486,38000,0.0,0.0
2011-04-28 00:00:00-04:00,6.869999885559082,6.869999885559082,6.730000019073486,6.840000152587891,59000,0.0,0.0
2011-04-29 00:00:00-04:00,6.050000190734863,6.420000076293945,6.050000190734863,6.320000171661377,322000,0.0,0.0
2011-05-02 00:00:00-04:00,6.349999904632568,6.400000095367432,6.059999942779541,6.079999923706055,115000,0.0,0.0
2011-05-03 00:00:00-04:00,6.039999961853027,6.070000171661377,5.889999866485596,6.019999980926514,151000,0.0,0.0
2011-05-04 00:00:00-04:00,5.989999771118164,6.099999904632568,5.989999771118164,6.079999923706055,400900,0.0,0.0
2011-05-05 00:00:00-04:00,6.050000190734863,6.190000057220459,5.96999979019165,5.989999771118164,228000,0.0,0.0
2011-05-06 00:00:00-04:00,6.090000152587891,6.179999828338623,6.0,6.139999866485596,101000,0.0,0.0
2011-05-09 00:00:00-04:00,6.099999904632568,6.239999771118164,6.099999904632568,6.190000057220459,94000,0.0,0.0
2011-05-10 00:00:00-04:00,6.230000019073486,6.489999771118164,6.199999809265137,6.440000057220459,60000,0.0,0.0
2011-05-11 00:00:00-04:00,6.429999828338623,6.5,6.289999961853027,6.300000190734863,44300,0.0,0.0
2011-05-12 00:00:00-04:00,6.269999980926514,6.5,6.269999980926514,6.409999847412109,60100,0.0,0.0
2011-05-13 00:00:00-04:00,6.400000095367432,6.53000020980835,6.340000152587891,6.349999904632568,55000,0.0,0.0
2011-05-16 00:00:00-04:00,6.349999904632568,6.539999961853027,6.230000019073486,6.239999771118164,72800,0.0,0.0
2011-05-17 00:00:00-04:00,6.210000038146973,6.340000152587891,6.039999961853027,6.070000171661377,89200,0.0,0.0
2011-05-18 00:00:00-04:00,6.079999923706055,6.349999904632568,6.079999923706055,6.21999979019165,63800,0.0,0.0
2011-05-19 00:00:00-04:00,6.300000190734863,6.300000190734863,6.190000057220459,6.239999771118164,43000,0.0,0.0
2011-05-20 00:00:00-04:00,6.199999809265137,6.309999942779541,6.119999885559082,6.159999847412109,87400,0.0,0.0
2011-05-23 00:00:00-04:00,6.099999904632568,6.199999809265137,6.03000020980835,6.050000190734863,54400,0.0,0.0
2011-05-24 00:00:00-04:00,6.090000152587891,6.159999847412109,5.940000057220459,5.980000019073486,101600,0.0,0.0
2011-05-25 00:00:00-04:00,5.96999979019165,6.170000076293945,5.96999979019165,6.119999885559082,74500,0.0,0.0
2011-05-26 00:00:00-04:00,6.099999904632568,6.21999979019165,6.099999904632568,6.21999979019165,50800,0.0,0.0
2011-05-27 00:00:00-04:00,6.239999771118164,6.300000190734863,6.139999866485596,6.210000038146973,60600,0.0,0.0
2011-05-31 00:00:00-04:00,6.28000020980835,6.320000171661377,6.130000114440918,6.309999942779541,77900,0.0,0.0
2011-06-01 00:00:00-04:00,6.300000190734863,6.400000095367432,6.119999885559082,6.130000114440918,63000,0.0,0.0
2011-06-02 00:00:00-04:00,6.130000114440918,6.28000020980835,6.130000114440918,6.260000228881836,41400,0.0,0.0
2011-06-03 00:00:00-04:00,6.130000114440918,6.289999961853027,6.059999942779541,6.119999885559082,58000,0.0,0.0
2011-06-06 00:00:00-04:00,6.099999904632568,6.130000114440918,5.96999979019165,5.989999771118164,57700,0.0,0.0
2011-06-07 00:00:00-04:00,6.050000190734863,6.170000076293945,5.96999979019165,6.039999961853027,58400,0.0,0.0
2011-06-08 00:00:00-04:00,6.0,6.0,5.829999923706055,5.889999866485596,69700,0.0,0.0
2011-06-09 00:00:00-04:00,5.920000076293945,6.070000171661377,5.889999866485596,5.940000057220459,51400,0.0,0.0
2011-06-10 00:00:00-04:00,5.869999885559082,5.880000114440918,5.550000190734863,5.630000114440918,139600,0.0,0.0
2011-06-13 00:00:00-04:00,5.650000095367432,5.71999979019165,5.449999809265137,5.590000152587891,40200,0.0,0.0
2011-06-14 00:00:00-04:00,5.659999847412109,5.75,5.630000114440918,5.75,33900,0.0,0.0
2011-06-15 00:00:00-04:00,5.659999847412109,5.730000019073486,5.550000190734863,5.590000152587891,36900,0.0,0.0
2011-06-16 00:00:00-04:00,5.590000152587891,5.710000038146973,5.590000152587891,5.659999847412109,34200,0.0,0.0
2011-06-17 00:00:00-04:00,5.71999979019165,5.71999979019165,5.480000019073486,5.550000190734863,100000,0.0,0.0
2011-06-20 00:00:00-04:00,5.510000228881836,5.679999828338623,5.449999809265137,5.639999866485596,55100,0.0,0.0
2011-06-21 00:00:00-04:00,5.699999809265137,5.730000019073486,5.650000095367432,5.690000057220459,52300,0.0,0.0
2011-06-22 00:00:00-04:00,5.650000095367432,5.710000038146973,5.639999866485596,5.650000095367432,29100,0.0,0.0
2011-06-23 00:00:00-04:00,5.570000171661377,5.699999809265137,5.550000190734863,5.699999809265137,46400,0.0,0.0
2011-06-24 00:00:00-04:00,5.71999979019165,5.769999980926514,5.550000190734863,5.75,520600,0.0,0.0
2011-06-27 00:00:00-04:00,5.690000057220459,6.0,5.519999980926514,5.909999847412109,73400,0.0,0.0
2011-06-28 00:00:00-04:00,5.929999828338623,6.019999980926514,5.900000095367432,6.0,50700,0.0,0.0
2011-06-29 00:00:00-04:00,6.010000228881836,6.010000228881836,5.760000228881836,5.78000020980835,50500,0.0,0.0
2011-06-30 00:00:00-04:00,5.789999961853027,5.989999771118164,5.739999771118164,5.960000038146973,74000,0.0,0.0
2011-07-01 00:00:00-04:00,5.980000019073486,6.239999771118164,5.869999885559082,6.210000038146973,69100,0.0,0.0
2011-07-05 00:00:00-04:00,6.21999979019165,6.21999979019165,6.0,6.070000171661377,53200,0.0,0.0
2011-07-06 00:00:00-04:00,6.079999923706055,6.079999923706055,5.769999980926514,5.849999904632568,82000,0.0,0.0
2011-07-07 00:00:00-04:00,5.849999904632568,6.079999923706055,5.760000228881836,5.960000038146973,144600,0.0,0.0
2011-07-08 00:00:00-04:00,5.860000133514404,5.96999979019165,5.860000133514404,5.900000095367432,51100,0.0,0.0
2011-07-11 00:00:00-04:00,5.820000171661377,5.820000171661377,5.739999771118164,5.739999771118164,36800,0.0,0.0
2011-07-12 00:00:00-04:00,5.730000019073486,5.869999885559082,5.5,5.71999979019165,83400,0.0,0.0
2011-07-13 00:00:00-04:00,5.739999771118164,5.909999847412109,5.699999809265137,5.800000190734863,44500,0.0,0.0
2011-07-14 00:00:00-04:00,5.800000190734863,5.820000171661377,5.710000038146973,5.730000019073486,31000,0.0,0.0
2011-07-15 00:00:00-04:00,5.75,5.789999961853027,5.679999828338623,5.769999980926514,77700,0.0,0.0
2011-07-18 00:00:00-04:00,5.730000019073486,5.769999980926514,5.610000133514404,5.679999828338623,37900,0.0,0.0
2011-07-19 00:00:00-04:00,5.760000228881836,5.840000152587891,5.630000114440918,5.800000190734863,114100,0.0,0.0
2011-07-20 00:00:00-04:00,5.789999961853027,6.070000171661377,5.679999828338623,5.980000019073486,65600,0.0,0.0
2011-07-21 00:00:00-04:00,6.0,6.170000076293945,5.800000190734863,6.159999847412109,84900,0.0,0.0
2011-07-22 00:00:00-04:00,6.110000133514404,6.5,6.110000133514404,6.380000114440918,95000,0.0,0.0
2011-07-25 00:00:00-04:00,6.260000228881836,6.53000020980835,6.230000019073486,6.380000114440918,77900,0.0,0.0
2011-07-26 00:00:00-04:00,6.300000190734863,6.510000228881836,6.25,6.429999828338623,145500,0.0,0.0
2011-07-27 00:00:00-04:00,6.400000095367432,6.400000095367432,6.039999961853027,6.099999904632568,61400,0.0,0.0
2011-07-28 00:00:00-04:00,6.139999866485596,6.150000095367432,5.940000057220459,6.0,59900,0.0,0.0
2011-07-29 00:00:00-04:00,5.909999847412109,6.0,5.900000095367432,6.0,42800,0.0,0.0
2011-08-01 00:00:00-04:00,6.050000190734863,6.050000190734863,5.769999980926514,5.880000114440918,77200,0.0,0.0
2011-08-02 00:00:00-04:00,5.849999904632568,5.900000095367432,5.75,5.760000228881836,69100,0.0,0.0
2011-08-03 00:00:00-04:00,5.800000190734863,5.840000152587891,5.630000114440918,5.71999979019165,110500,0.0,0.0
2011-08-04 00:00:00-04:00,5.639999866485596,5.929999828338623,5.599999904632568,5.610000133514404,95300,0.0,0.0
2011-08-05 00:00:00-04:00,5.699999809265137,5.699999809265137,5.159999847412109,5.289999961853027,146400,0.0,0.0
2011-08-08 00:00:00-04:00,5.059999942779541,5.199999809265137,4.760000228881836,4.760000228881836,173600,0.0,0.0
2011-08-09 00:00:00-04:00,4.730000019073486,5.269999980926514,4.599999904632568,5.159999847412109,137700,0.0,0.0
2011-08-10 00:00:00-04:00,4.949999809265137,5.079999923706055,4.670000076293945,4.699999809265137,110200,0.0,0.0
2011-08-11 00:00:00-04:00,4.699999809265137,5.010000228881836,4.420000076293945,4.869999885559082,106400,0.0,0.0
2011-08-12 00:00:00-04:00,4.909999847412109,4.929999828338623,4.75,4.840000152587891,58700,0.0,0.0
2011-08-15 00:00:00-04:00,4.889999866485596,5.210000038146973,4.789999961853027,5.199999809265137,48700,0.0,0.0
2011-08-16 00:00:00-04:00,5.28000020980835,5.28000020980835,4.849999904632568,4.980000019073486,105300,0.0,0.0
2011-08-17 00:00:00-04:00,5.019999980926514,5.130000114440918,4.909999847412109,5.099999904632568,28800,0.0,0.0
2011-08-18 00:00:00-04:00,4.909999847412109,4.980000019073486,4.849999904632568,4.869999885559082,98100,0.0,0.0
2011-08-19 00:00:00-04:00,4.789999961853027,4.940000057220459,4.789999961853027,4.869999885559082,64600,0.0,0.0
2011-08-22 00:00:00-04:00,5.039999961853027,5.039999961853027,4.869999885559082,5.0,40100,0.0,0.0
2011-08-23 00:00:00-04:00,5.010000228881836,5.239999771118164,4.960000038146973,5.239999771118164,111700,0.0,0.0
2011-08-24 00:00:00-04:00,5.099999904632568,5.269999980926514,5.010000228881836,5.25,43800,0.0,0.0
2011-08-25 00:00:00-04:00,5.28000020980835,5.28000020980835,4.889999866485596,4.909999847412109,61600,0.0,0.0
2011-08-26 00:00:00-04:00,4.860000133514404,5.119999885559082,4.860000133514404,5.010000228881836,50300,0.0,0.0
2011-08-29 00:00:00-04:00,5.070000171661377,5.25,5.0,5.239999771118164,92200,0.0,0.0
2011-08-30 00:00:00-04:00,5.239999771118164,5.300000190734863,5.019999980926514,5.269999980926514,72000,0.0,0.0
2011-08-31 00:00:00-04:00,5.269999980926514,5.269999980926514,5.0,5.03000020980835,114900,0.0,0.0
2011-09-01 00:00:00-04:00,5.019999980926514,5.179999828338623,4.96999979019165,4.96999979019165,165700,0.0,0.0
2011-09-02 00:00:00-04:00,4.860000133514404,5.019999980926514,4.679999828338623,4.840000152587891,109600,0.0,0.0
2011-09-06 00:00:00-04:00,4.659999847412109,4.869999885559082,4.53000020980835,4.639999866485596,113900,0.0,0.0
2011-09-07 00:00:00-04:00,4.730000019073486,4.880000114440918,4.699999809265137,4.840000152587891,78900,0.0,0.0
2011-09-08 00:00:00-04:00,4.809999942779541,4.880000114440918,4.75,4.769999980926514,40200,0.0,0.0
2011-09-09 00:00:00-04:00,4.710000038146973,4.710000038146973,4.5,4.550000190734863,87300,0.0,0.0
2011-09-12 00:00:00-04:00,4.449999809265137,4.769999980926514,4.449999809265137,4.619999885559082,68400,0.0,0.0
2011-09-13 00:00:00-04:00,4.650000095367432,4.71999979019165,4.599999904632568,4.639999866485596,76300,0.0,0.0
2011-09-14 00:00:00-04:00,4.670000076293945,4.929999828338623,4.539999961853027,4.920000076293945,371300,0.0,0.0
2011-09-15 00:00:00-04:00,4.949999809265137,5.139999866485596,4.860000133514404,5.119999885559082,138700,0.0,0.0
2011-09-16 00:00:00-04:00,5.130000114440918,5.150000095367432,4.889999866485596,5.059999942779541,142000,0.0,0.0
2011-09-19 00:00:00-04:00,4.929999828338623,5.019999980926514,4.829999923706055,4.909999847412109,16800,0.0,0.0
2011-09-20 00:00:00-04:00,4.949999809265137,4.960000038146973,4.670000076293945,4.670000076293945,42800,0.0,0.0
2011-09-21 00:00:00-04:00,4.690000057220459,4.880000114440918,4.460000038146973,4.480000019073486,61000,0.0,0.0
2011-09-22 00:00:00-04:00,4.300000190734863,4.429999828338623,4.079999923706055,4.099999904632568,628100,0.0,0.0
2011-09-23 00:00:00-04:00,4.090000152587891,4.150000095367432,4.050000190734863,4.090000152587891,87100,0.0,0.0
2011-09-26 00:00:00-04:00,4.130000114440918,4.130000114440918,3.9000000953674316,4.050000190734863,142800,0.0,0.0
2011-09-27 00:00:00-04:00,4.099999904632568,4.25,4.039999961853027,4.050000190734863,248000,0.0,0.0
2011-09-28 00:00:00-04:00,4.050000190734863,4.070000171661377,3.740000009536743,3.859999895095825,171000,0.0,0.0
2011-09-29 00:00:00-04:00,4.0,4.050000190734863,3.859999895095825,3.990000009536743,47300,0.0,0.0
2011-09-30 00:00:00-04:00,3.9100000858306885,4.110000133514404,3.9100000858306885,4.079999923706055,152800,0.0,0.0
2011-10-03 00:00:00-04:00,4.010000228881836,4.019999980926514,3.6600000858306885,3.6600000858306885,132900,0.0,0.0
2011-10-04 00:00:00-04:00,3.630000114440918,3.9200000762939453,3.619999885559082,3.890000104904175,151000,0.0,0.0
2011-10-05 00:00:00-04:00,3.890000104904175,4.090000152587891,3.450000047683716,4.050000190734863,51400,0.0,0.0
2011-10-06 00:00:00-04:00,4.03000020980835,4.159999847412109,3.930000066757202,4.099999904632568,73400,0.0,0.0
2011-10-07 00:00:00-04:00,4.130000114440918,4.159999847412109,3.890000104904175,3.9700000286102295,122300,0.0,0.0
2011-10-10 00:00:00-04:00,4.070000171661377,4.070000171661377,3.869999885559082,4.019999980926514,120200,0.0,0.0
2011-10-11 00:00:00-04:00,3.990000009536743,4.019999980926514,3.9000000953674316,3.990000009536743,93400,0.0,0.0
2011-10-12 00:00:00-04:00,4.0,4.050000190734863,3.9000000953674316,4.010000228881836,120900,0.0,0.0
2011-10-13 00:00:00-04:00,3.9700000286102295,4.070000171661377,3.880000114440918,4.059999942779541,33400,0.0,0.0
2011-10-14 00:00:00-04:00,4.099999904632568,4.260000228881836,4.019999980926514,4.239999771118164,92500,0.0,0.0
2011-10-17 00:00:00-04:00,4.179999828338623,4.199999809265137,4.059999942779541,4.110000133514404,89100,0.0,0.0
2011-10-18 00:00:00-04:00,4.159999847412109,4.519999980926514,4.099999904632568,4.5,110200,0.0,0.0
2011-10-19 00:00:00-04:00,4.46999979019165,4.5,4.199999809265137,4.260000228881836,73400,0.0,0.0
2011-10-20 00:00:00-04:00,4.25,4.449999809265137,4.170000076293945,4.369999885559082,59100,0.0,0.0
2011-10-21 00:00:00-04:00,4.46999979019165,4.559999942779541,4.289999961853027,4.53000020980835,104600,0.0,0.0
2011-10-24 00:00:00-04:00,4.570000171661377,4.599999904632568,4.480000019073486,4.599999904632568,84700,0.0,0.0
2011-10-25 00:00:00-04:00,4.550000190734863,4.690000057220459,4.380000114440918,4.440000057220459,34200,0.0,0.0
2011-10-26 00:00:00-04:00,4.539999961853027,4.739999771118164,4.380000114440918,4.730000019073486,83400,0.0,0.0
2011-10-27 00:00:00-04:00,4.820000171661377,5.130000114440918,4.739999771118164,5.050000190734863,159000,0.0,0.0
2011-10-28 00:00:00-04:00,5.059999942779541,5.28000020980835,5.019999980926514,5.269999980926514,74000,0.0,0.0
2011-10-31 00:00:00-04:00,5.150000095367432,5.300000190734863,5.119999885559082,5.170000076293945,77200,0.0,0.0
2011-11-01 00:00:00-04:00,5.0,5.110000133514404,4.889999866485596,4.949999809265137,92600,0.0,0.0
2011-11-02 00:00:00-04:00,5.059999942779541,5.260000228881836,4.989999771118164,5.199999809265137,55000,0.0,0.0
2011-11-03 00:00:00-04:00,5.289999961853027,5.449999809265137,5.230000019073486,5.429999828338623,69100,0.0,0.0
2011-11-04 00:00:00-04:00,5.78000020980835,5.78000020980835,5.579999923706055,5.710000038146973,88400,0.0,0.0
2011-11-07 00:00:00-05:00,5.639999866485596,5.75,5.550000190734863,5.730000019073486,42600,0.0,0.0
2011-11-08 00:00:00-05:00,5.659999847412109,5.699999809265137,5.409999847412109,5.699999809265137,58600,0.0,0.0
2011-11-09 00:00:00-05:00,5.510000228881836,5.670000076293945,5.380000114440918,5.400000095367432,70300,0.0,0.0
2011-11-10 00:00:00-05:00,5.519999980926514,5.559999942779541,5.420000076293945,5.53000020980835,56800,0.0,0.0
2011-11-11 00:00:00-05:00,5.630000114440918,5.809999942779541,5.539999961853027,5.809999942779541,90800,0.0,0.0
2011-11-14 00:00:00-05:00,5.730000019073486,5.800000190734863,5.639999866485596,5.769999980926514,71500,0.0,0.0
2011-11-15 00:00:00-05:00,5.710000038146973,6.010000228881836,5.710000038146973,6.010000228881836,64000,0.0,0.0
2011-11-16 00:00:00-05:00,5.940000057220459,6.329999923706055,5.940000057220459,6.090000152587891,109000,0.0,0.0
2011-11-17 00:00:00-05:00,6.110000133514404,6.239999771118164,6.050000190734863,6.139999866485596,95100,0.0,0.0
2011-11-18 00:00:00-05:00,6.139999866485596,6.179999828338623,5.980000019073486,6.090000152587891,51700,0.0,0.0
2011-11-21 00:00:00-05:00,5.929999828338623,6.039999961853027,5.849999904632568,5.940000057220459,44200,0.0,0.0
2011-11-22 00:00:00-05:00,5.949999809265137,6.090000152587891,5.940000057220459,5.949999809265137,61300,0.0,0.0
2011-11-23 00:00:00-05:00,5.900000095367432,6.039999961853027,5.769999980926514,5.820000171661377,79100,0.0,0.0
2011-11-25 00:00:00-05:00,5.800000190734863,5.96999979019165,5.659999847412109,5.860000133514404,48800,0.0,0.0
2011-11-28 00:00:00-05:00,6.03000020980835,6.190000057220459,5.96999979019165,6.190000057220459,87600,0.0,0.0
2011-11-29 00:00:00-05:00,6.179999828338623,6.199999809265137,6.03000020980835,6.099999904632568,45800,0.0,0.0
2011-11-30 00:00:00-05:00,6.239999771118164,6.329999923706055,6.099999904632568,6.25,205300,0.0,0.0
2011-12-01 00:00:00-05:00,6.199999809265137,6.309999942779541,6.199999809265137,6.230000019073486,52100,0.0,0.0
2011-12-02 00:00:00-05:00,6.260000228881836,6.329999923706055,6.110000133514404,6.230000019073486,114400,0.0,0.0
2011-12-05 00:00:00-05:00,6.309999942779541,6.449999809265137,6.230000019073486,6.349999904632568,87800,0.0,0.0
2011-12-06 00:00:00-05:00,6.320000171661377,6.420000076293945,6.289999961853027,6.340000152587891,65500,0.0,0.0
2011-12-07 00:00:00-05:00,6.300000190734863,6.349999904632568,6.199999809265137,6.269999980926514,55000,0.0,0.0
2011-12-08 00:00:00-05:00,6.21999979019165,6.28000020980835,6.010000228881836,6.099999904632568,82900,0.0,0.0
2011-12-09 00:00:00-05:00,6.130000114440918,6.329999923706055,6.070000171661377,6.300000190734863,95700,0.0,0.0
2011-12-12 00:00:00-05:00,6.199999809265137,6.320000171661377,6.159999847412109,6.300000190734863,58600,0.0,0.0
2011-12-13 00:00:00-05:00,6.349999904632568,6.420000076293945,6.179999828338623,6.25,68800,0.0,0.0
2011-12-14 00:00:00-05:00,6.21999979019165,6.429999828338623,6.150000095367432,6.409999847412109,86200,0.0,0.0
2011-12-15 00:00:00-05:00,6.429999828338623,6.449999809265137,6.369999885559082,6.409999847412109,64300,0.0,0.0
2011-12-16 00:00:00-05:00,6.440000057220459,6.46999979019165,6.389999866485596,6.46999979019165,156800,0.0,0.0
2011-12-19 00:00:00-05:00,6.5,6.599999904632568,6.489999771118164,6.519999980926514,67600,0.0,0.0
2011-12-20 00:00:00-05:00,6.659999847412109,6.829999923706055,6.659999847412109,6.829999923706055,68500,0.0,0.0
2011-12-21 00:00:00-05:00,6.800000190734863,6.840000152587891,6.650000095367432,6.78000020980835,41200,0.0,0.0
2011-12-22 00:00:00-05:00,6.889999866485596,6.960000038146973,6.849999904632568,6.960000038146973,51500,0.0,0.0
2011-12-23 00:00:00-05:00,7.0,7.0,6.920000076293945,6.96999979019165,19400,0.0,0.0
2011-12-27 00:00:00-05:00,6.909999847412109,7.139999866485596,6.840000152587891,7.130000114440918,34500,0.0,0.0
2011-12-28 00:00:00-05:00,7.110000133514404,7.119999885559082,6.889999866485596,6.940000057220459,34400,0.0,0.0
2011-12-29 00:00:00-05:00,6.989999771118164,6.989999771118164,6.75,6.960000038146973,22600,0.0,0.0
2011-12-30 00:00:00-05:00,6.949999809265137,6.96999979019165,6.610000133514404,6.96999979019165,65900,0.0,0.0
2012-01-03 00:00:00-05:00,7.130000114440918,7.130000114440918,6.880000114440918,6.920000076293945,136700,0.0,0.0
2012-01-04 00:00:00-05:00,6.869999885559082,6.869999885559082,6.619999885559082,6.619999885559082,47700,0.0,0.0
2012-01-05 00:00:00-05:00,6.590000152587891,6.590000152587891,6.409999847412109,6.510000228881836,53500,0.0,0.0
2012-01-06 00:00:00-05:00,6.519999980926514,6.679999828338623,6.429999828338623,6.559999942779541,18500,0.0,0.0
2012-01-09 00:00:00-05:00,6.599999904632568,6.599999904632568,6.449999809265137,6.489999771118164,30100,0.0,0.0
2012-01-10 00:00:00-05:00,6.590000152587891,6.670000076293945,6.510000228881836,6.599999904632568,29400,0.0,0.0
2012-01-11 00:00:00-05:00,6.579999923706055,6.610000133514404,6.440000057220459,6.559999942779541,16200,0.0,0.0
2012-01-12 00:00:00-05:00,6.599999904632568,6.730000019073486,6.380000114440918,6.659999847412109,45600,0.0,0.0
2012-01-13 00:00:00-05:00,6.579999923706055,6.619999885559082,6.420000076293945,6.440000057220459,33700,0.0,0.0
2012-01-17 00:00:00-05:00,6.519999980926514,6.599999904632568,6.460000038146973,6.5,36300,0.0,0.0
2012-01-18 00:00:00-05:00,6.489999771118164,6.519999980926514,6.360000133514404,6.510000228881836,44300,0.0,0.0
2012-01-19 00:00:00-05:00,6.519999980926514,6.519999980926514,6.309999942779541,6.429999828338623,59400,0.0,0.0
2012-01-20 00:00:00-05:00,6.409999847412109,6.449999809265137,6.360000133514404,6.400000095367432,69300,0.0,0.0
2012-01-23 00:00:00-05:00,6.420000076293945,6.420000076293945,6.21999979019165,6.349999904632568,20600,0.0,0.0
2012-01-24 00:00:00-05:00,6.320000171661377,6.320000171661377,6.21999979019165,6.300000190734863,125300,0.0,0.0
2012-01-25 00:00:00-05:00,6.309999942779541,6.5,6.309999942779541,6.449999809265137,103700,0.0,0.0
2012-01-26 00:00:00-05:00,6.489999771118164,6.650000095367432,6.46999979019165,6.599999904632568,52700,0.0,0.0
2012-01-27 00:00:00-05:00,6.579999923706055,6.679999828338623,6.559999942779541,6.659999847412109,41900,0.0,0.0
2012-01-30 00:00:00-05:00,6.579999923706055,6.650000095367432,6.5,6.53000020980835,94400,0.0,0.0
2012-01-31 00:00:00-05:00,6.590000152587891,6.610000133514404,6.320000171661377,6.389999866485596,42100,0.0,0.0
2012-02-01 00:00:00-05:00,6.369999885559082,6.519999980926514,6.369999885559082,6.460000038146973,187600,0.0,0.0
2012-02-02 00:00:00-05:00,6.480000019073486,6.539999961853027,6.380000114440918,6.409999847412109,99400,0.0,0.0
2012-02-03 00:00:00-05:00,6.53000020980835,6.690000057220459,6.53000020980835,6.659999847412109,65100,0.0,0.0
2012-02-06 00:00:00-05:00,6.699999809265137,6.699999809265137,6.559999942779541,6.670000076293945,40900,0.0,0.0
2012-02-07 00:00:00-05:00,6.599999904632568,6.710000038146973,6.590000152587891,6.679999828338623,42800,0.0,0.0
2012-02-08 00:00:00-05:00,6.679999828338623,6.760000228881836,6.639999866485596,6.690000057220459,23400,0.0,0.0
2012-02-09 00:00:00-05:00,6.690000057220459,6.71999979019165,6.539999961853027,6.539999961853027,50100,0.0,0.0
2012-02-10 00:00:00-05:00,6.460000038146973,6.550000190734863,6.329999923706055,6.380000114440918,75400,0.0,0.0
2012-02-13 00:00:00-05:00,6.460000038146973,6.579999923706055,6.380000114440918,6.579999923706055,29500,0.0,0.0
2012-02-14 00:00:00-05:00,6.53000020980835,6.650000095367432,6.519999980926514,6.519999980926514,55900,0.0,0.0
2012-02-15 00:00:00-05:00,6.570000171661377,6.610000133514404,6.46999979019165,6.480000019073486,39300,0.0,0.0
2012-02-16 00:00:00-05:00,6.46999979019165,6.829999923706055,6.269999980926514,6.829999923706055,55900,0.0,0.0
2012-02-17 00:00:00-05:00,6.949999809265137,6.949999809265137,6.599999904632568,6.739999771118164,67100,0.0,0.0
2012-02-21 00:00:00-05:00,6.739999771118164,6.739999771118164,6.539999961853027,6.539999961853027,27500,0.0,0.0
2012-02-22 00:00:00-05:00,6.46999979019165,6.639999866485596,6.46999979019165,6.510000228881836,59500,0.0,0.0
2012-02-23 00:00:00-05:00,6.5,6.829999923706055,6.489999771118164,6.789999961853027,91800,0.0,0.0
2012-02-24 00:00:00-05:00,6.789999961853027,7.75,6.679999828338623,7.699999809265137,385600,0.0,0.0
2012-02-27 00:00:00-05:00,7.690000057220459,8.140000343322754,7.440000057220459,8.109999656677246,323300,0.0,0.0
2012-02-28 00:00:00-05:00,8.100000381469727,8.300000190734863,7.639999866485596,8.199999809265137,159700,0.0,0.0
2012-02-29 00:00:00-05:00,8.199999809265137,8.199999809265137,7.929999828338623,8.029999732971191,142400,0.0,0.0
2012-03-01 00:00:00-05:00,8.010000228881836,8.479999542236328,8.0,8.300000190734863,149500,0.0,0.0
2012-03-02 00:00:00-05:00,8.25,8.25,8.109999656677246,8.180000305175781,95500,0.0,0.0
2012-03-05 00:00:00-05:00,8.069999694824219,8.119999885559082,8.039999961853027,8.050000190734863,61200,0.0,0.0
2012-03-06 00:00:00-05:00,7.920000076293945,8.09000015258789,7.75,7.929999828338623,73300,0.0,0.0
2012-03-07 00:00:00-05:00,7.960000038146973,8.119999885559082,7.849999904632568,8.09000015258789,102900,0.0,0.0
2012-03-08 00:00:00-05:00,8.079999923706055,8.279999732971191,7.989999771118164,8.25,81400,0.0,0.0
2012-03-09 00:00:00-05:00,8.239999771118164,8.479999542236328,8.239999771118164,8.350000381469727,114900,0.0,0.0
2012-03-12 00:00:00-04:00,8.3100004196167,8.350000381469727,8.199999809265137,8.25,76000,0.0,0.0
2012-03-13 00:00:00-04:00,8.34000015258789,8.380000114440918,7.630000114440918,8.380000114440918,72300,0.0,0.0
2012-03-14 00:00:00-04:00,8.380000114440918,8.380000114440918,8.109999656677246,8.260000228881836,46700,0.0,0.0
2012-03-15 00:00:00-04:00,8.279999732971191,8.279999732971191,8.050000190734863,8.100000381469727,90000,0.0,0.0
2012-03-16 00:00:00-04:00,8.109999656677246,8.109999656677246,7.909999847412109,8.0,67000,0.0,0.0
2012-03-19 00:00:00-04:00,8.010000228881836,8.289999961853027,7.949999809265137,8.199999809265137,88400,0.0,0.0
2012-03-20 00:00:00-04:00,8.109999656677246,8.140000343322754,8.039999961853027,8.069999694824219,42500,0.0,0.0
2012-03-21 00:00:00-04:00,8.109999656677246,8.15999984741211,8.020000457763672,8.100000381469727,44600,0.0,0.0
2012-03-22 00:00:00-04:00,8.010000228881836,8.140000343322754,7.940000057220459,8.09000015258789,38900,0.0,0.0
2012-03-23 00:00:00-04:00,8.119999885559082,8.170000076293945,8.0,8.149999618530273,56300,0.0,0.0
2012-03-26 00:00:00-04:00,8.260000228881836,8.430000305175781,8.229999542236328,8.329999923706055,152900,0.0,0.0
2012-03-27 00:00:00-04:00,8.319999694824219,8.479999542236328,8.130000114440918,8.4399995803833,37900,0.0,0.0
2012-03-28 00:00:00-04:00,8.470000267028809,8.470000267028809,8.229999542236328,8.350000381469727,139000,0.0,0.0
2012-03-29 00:00:00-04:00,8.3100004196167,8.399999618530273,8.220000267028809,8.369999885559082,27700,0.0,0.0
2012-03-30 00:00:00-04:00,8.4399995803833,8.460000038146973,8.40999984741211,8.430000305175781,76600,0.0,0.0
2012-04-02 00:00:00-04:00,8.420000076293945,8.550000190734863,8.380000114440918,8.550000190734863,62600,0.0,0.0
2012-04-03 00:00:00-04:00,8.550000190734863,8.59000015258789,8.239999771118164,8.239999771118164,58000,0.0,0.0
2012-04-04 00:00:00-04:00,8.140000343322754,8.180000305175781,7.849999904632568,7.960000038146973,72100,0.0,0.0
2012-04-05 00:00:00-04:00,7.949999809265137,8.0,7.849999904632568,7.869999885559082,53500,0.0,0.0
2012-04-09 00:00:00-04:00,7.829999923706055,7.829999923706055,7.510000228881836,7.710000038146973,106400,0.0,0.0
2012-04-10 00:00:00-04:00,7.690000057220459,7.710000038146973,7.309999942779541,7.349999904632568,120800,0.0,0.0
2012-04-11 00:00:00-04:00,7.409999847412109,7.590000152587891,7.409999847412109,7.559999942779541,37400,0.0,0.0
2012-04-12 00:00:00-04:00,7.550000190734863,7.789999961853027,7.539999961853027,7.559999942779541,42200,0.0,0.0
2012-04-13 00:00:00-04:00,7.5,7.559999942779541,7.380000114440918,7.440000057220459,44800,0.0,0.0
2012-04-16 00:00:00-04:00,7.510000228881836,8.6899995803833,7.480000019073486,7.789999961853027,67700,0.0,0.0
2012-04-17 00:00:00-04:00,7.869999885559082,8.079999923706055,7.849999904632568,7.960000038146973,55700,0.0,0.0
2012-04-18 00:00:00-04:00,7.909999847412109,7.909999847412109,7.559999942779541,7.699999809265137,68000,0.0,0.0
2012-04-19 00:00:00-04:00,7.710000038146973,8.180000305175781,7.710000038146973,7.949999809265137,131100,0.0,0.0
2012-04-20 00:00:00-04:00,8.0600004196167,8.479999542236328,7.880000114440918,8.4399995803833,152700,0.0,0.0
2012-04-23 00:00:00-04:00,8.279999732971191,8.399999618530273,8.229999542236328,8.329999923706055,124200,0.0,0.0
2012-04-24 00:00:00-04:00,8.329999923706055,9.0600004196167,8.329999923706055,9.020000457763672,244600,0.0,0.0
2012-04-25 00:00:00-04:00,9.079999923706055,9.180000305175781,8.890000343322754,9.130000114440918,121500,0.0,0.0
2012-04-26 00:00:00-04:00,9.100000381469727,9.229999542236328,8.949999809265137,9.149999618530273,75600,0.0,0.0
2012-04-27 00:00:00-04:00,9.149999618530273,9.229999542236328,9.050000190734863,9.229999542236328,65800,0.0,0.0
2012-04-30 00:00:00-04:00,9.229999542236328,9.229999542236328,8.510000228881836,8.819999694824219,118000,0.0,0.0
2012-05-01 00:00:00-04:00,8.819999694824219,9.140000343322754,8.699999809265137,8.699999809265137,76000,0.0,0.0
2012-05-02 00:00:00-04:00,8.59000015258789,9.0,8.59000015258789,8.859999656677246,77400,0.0,0.0
2012-05-03 00:00:00-04:00,8.859999656677246,8.90999984741211,8.5,8.699999809265137,93000,0.0,0.0
2012-05-04 00:00:00-04:00,9.489999771118164,10.369999885559082,9.109999656677246,10.289999961853027,471300,0.0,0.0
2012-05-07 00:00:00-04:00,10.210000038146973,10.640000343322754,10.130000114440918,10.539999961853027,349000,0.0,0.0
2012-05-08 00:00:00-04:00,10.420000076293945,10.420000076293945,9.850000381469727,9.880000114440918,236700,0.0,0.0
2012-05-09 00:00:00-04:00,9.779999732971191,9.979999542236328,9.699999809265137,9.890000343322754,108000,0.0,0.0
2012-05-10 00:00:00-04:00,9.960000038146973,9.989999771118164,9.609999656677246,9.670000076293945,80000,0.0,0.0
2012-05-11 00:00:00-04:00,9.630000114440918,9.640000343322754,9.3100004196167,9.430000305175781,93000,0.0,0.0
2012-05-14 00:00:00-04:00,9.300000190734863,9.300000190734863,9.0,9.109999656677246,86400,0.0,0.0
2012-05-15 00:00:00-04:00,9.09000015258789,9.4399995803833,9.079999923706055,9.300000190734863,75000,0.0,0.0
2012-05-16 00:00:00-04:00,9.319999694824219,9.399999618530273,9.0,9.069999694824219,127300,0.0,0.0
2012-05-17 00:00:00-04:00,9.09000015258789,9.220000267028809,8.949999809265137,9.010000228881836,99500,0.0,0.0
2012-05-18 00:00:00-04:00,8.989999771118164,9.050000190734863,8.670000076293945,8.6899995803833,120600,0.0,0.0
2012-05-21 00:00:00-04:00,8.6899995803833,8.979999542236328,8.4399995803833,8.800000190734863,136100,0.0,0.0
2012-05-22 00:00:00-04:00,8.84000015258789,8.84000015258789,8.680000305175781,8.789999961853027,107000,0.0,0.0
2012-05-23 00:00:00-04:00,8.680000305175781,8.84000015258789,8.600000381469727,8.819999694824219,82000,0.0,0.0
2012-05-24 00:00:00-04:00,8.84000015258789,8.970000267028809,8.609999656677246,8.880000114440918,77000,0.0,0.0
2012-05-25 00:00:00-04:00,8.899999618530273,8.970000267028809,8.720000267028809,8.869999885559082,39500,0.0,0.0
2012-05-29 00:00:00-04:00,8.960000038146973,8.960000038146973,8.770000457763672,8.890000343322754,55300,0.0,0.0
2012-05-30 00:00:00-04:00,8.779999732971191,8.899999618530273,8.720000267028809,8.739999771118164,33000,0.0,0.0
2012-05-31 00:00:00-04:00,8.800000190734863,8.90999984741211,8.619999885559082,8.850000381469727,74100,0.0,0.0
2012-06-01 00:00:00-04:00,8.630000114440918,8.699999809265137,8.5,8.579999923706055,118400,0.0,0.0
2012-06-04 00:00:00-04:00,8.619999885559082,8.8100004196167,8.569999694824219,8.770000457763672,71500,0.0,0.0
2012-06-05 00:00:00-04:00,8.6899995803833,9.0,8.640000343322754,8.960000038146973,96600,0.0,0.0
2012-06-06 00:00:00-04:00,9.079999923706055,9.149999618530273,8.670000076293945,8.819999694824219,83700,0.0,0.0
2012-06-07 00:00:00-04:00,8.9399995803833,9.029999732971191,8.729999542236328,8.819999694824219,83500,0.0,0.0
2012-06-08 00:00:00-04:00,8.760000228881836,8.84000015258789,8.640000343322754,8.710000038146973,63400,0.0,0.0
2012-06-11 00:00:00-04:00,8.8100004196167,8.819999694824219,8.449999809265137,8.449999809265137,90000,0.0,0.0
2012-06-12 00:00:00-04:00,8.4399995803833,8.84000015258789,8.4399995803833,8.8100004196167,87900,0.0,0.0
2012-06-13 00:00:00-04:00,8.75,8.890000343322754,8.619999885559082,8.800000190734863,98200,0.0,0.0
2012-06-14 00:00:00-04:00,8.829999923706055,8.90999984741211,8.710000038146973,8.819999694824219,35700,0.0,0.0
2012-06-15 00:00:00-04:00,8.800000190734863,8.979999542236328,8.779999732971191,8.960000038146973,106200,0.0,0.0
2012-06-18 00:00:00-04:00,8.9399995803833,9.420000076293945,8.90999984741211,9.300000190734863,112100,0.0,0.0
2012-06-19 00:00:00-04:00,9.34000015258789,9.9399995803833,9.210000038146973,9.899999618530273,132900,0.0,0.0
2012-06-20 00:00:00-04:00,9.920000076293945,10.0,9.600000381469727,9.890000343322754,81900,0.0,0.0
2012-06-21 00:00:00-04:00,9.869999885559082,9.869999885559082,9.270000457763672,9.3100004196167,56200,0.0,0.0
2012-06-22 00:00:00-04:00,9.369999885559082,9.75,9.1899995803833,9.720000267028809,261200,0.0,0.0
2012-06-25 00:00:00-04:00,9.520000457763672,9.640000343322754,9.40999984741211,9.430000305175781,38300,0.0,0.0
2012-06-26 00:00:00-04:00,9.479999542236328,9.5,9.149999618530273,9.3100004196167,50400,0.0,0.0
2012-06-27 00:00:00-04:00,9.3100004196167,9.619999885559082,9.1899995803833,9.579999923706055,26100,0.0,0.0
2012-06-28 00:00:00-04:00,9.5,9.5,9.199999809265137,9.34000015258789,33800,0.0,0.0
2012-06-29 00:00:00-04:00,9.579999923706055,9.890000343322754,9.489999771118164,9.869999885559082,64100,0.0,0.0
2012-07-02 00:00:00-04:00,9.880000114440918,10.1899995803833,9.800000190734863,10.1899995803833,103300,0.0,0.0
2012-07-03 00:00:00-04:00,10.199999809265137,10.210000038146973,10.0,10.0600004196167,44200,0.0,0.0
2012-07-05 00:00:00-04:00,10.020000457763672,10.199999809265137,9.630000114440918,9.720000267028809,164700,0.0,0.0
2012-07-06 00:00:00-04:00,9.569999694824219,9.800000190734863,9.350000381469727,9.640000343322754,74200,0.0,0.0
2012-07-09 00:00:00-04:00,9.579999923706055,9.579999923706055,9.300000190734863,9.40999984741211,30100,0.0,0.0
2012-07-10 00:00:00-04:00,9.460000038146973,9.460000038146973,9.0,9.09000015258789,123000,0.0,0.0
2012-07-11 00:00:00-04:00,9.09000015258789,9.170000076293945,9.0,9.069999694824219,29400,0.0,0.0
2012-07-12 00:00:00-04:00,8.949999809265137,8.949999809265137,8.6899995803833,8.75,114200,0.0,0.0
2012-07-13 00:00:00-04:00,8.760000228881836,9.420000076293945,8.760000228881836,9.010000228881836,94900,0.0,0.0
2012-07-16 00:00:00-04:00,8.949999809265137,8.949999809265137,8.619999885559082,8.770000457763672,21900,0.0,0.0
2012-07-17 00:00:00-04:00,8.8100004196167,9.09000015258789,8.630000114440918,8.989999771118164,34400,0.0,0.0
2012-07-18 00:00:00-04:00,9.010000228881836,9.239999771118164,8.949999809265137,9.109999656677246,76100,0.0,0.0
2012-07-19 00:00:00-04:00,9.130000114440918,9.5600004196167,9.130000114440918,9.520000457763672,38900,0.0,0.0
2012-07-20 00:00:00-04:00,9.40999984741211,9.529999732971191,9.399999618530273,9.460000038146973,38400,0.0,0.0
2012-07-23 00:00:00-04:00,9.260000228881836,9.319999694824219,9.210000038146973,9.229999542236328,30300,0.0,0.0
2012-07-24 00:00:00-04:00,9.25,9.279999732971191,8.930000305175781,9.020000457763672,36400,0.0,0.0
2012-07-25 00:00:00-04:00,9.109999656677246,9.170000076293945,8.979999542236328,9.050000190734863,55000,0.0,0.0
2012-07-26 00:00:00-04:00,9.140000343322754,9.569999694824219,9.140000343322754,9.510000228881836,34300,0.0,0.0
2012-07-27 00:00:00-04:00,9.579999923706055,9.899999618530273,9.399999618530273,9.859999656677246,61600,0.0,0.0
2012-07-30 00:00:00-04:00,9.869999885559082,9.989999771118164,9.609999656677246,9.65999984741211,12500,0.0,0.0
2012-07-31 00:00:00-04:00,9.65999984741211,9.720000267028809,9.300000190734863,9.3100004196167,49300,0.0,0.0
2012-08-01 00:00:00-04:00,9.430000305175781,9.5,8.880000114440918,8.899999618530273,66000,0.0,0.0
2012-08-02 00:00:00-04:00,8.8100004196167,8.90999984741211,8.489999771118164,8.8100004196167,34200,0.0,0.0
2012-08-03 00:00:00-04:00,8.9399995803833,9.489999771118164,8.9399995803833,9.420000076293945,40500,0.0,0.0
2012-08-06 00:00:00-04:00,10.350000381469727,10.350000381469727,9.829999923706055,10.069999694824219,379600,0.0,0.0
2012-08-07 00:00:00-04:00,10.180000305175781,10.25,10.069999694824219,10.210000038146973,147900,0.0,0.0
2012-08-08 00:00:00-04:00,10.210000038146973,10.300000190734863,10.100000381469727,10.1899995803833,57000,0.0,0.0
2012-08-09 00:00:00-04:00,10.5,10.989999771118164,10.300000190734863,10.979999542236328,172800,0.0,0.0
2012-08-10 00:00:00-04:00,11.0,11.0,10.710000038146973,10.829999923706055,98300,0.0,0.0
2012-08-13 00:00:00-04:00,10.479999542236328,10.479999542236328,10.0,10.300000190734863,267500,0.0,0.0
2012-08-14 00:00:00-04:00,10.199999809265137,10.420000076293945,10.0600004196167,10.239999771118164,177800,0.0,0.0
2012-08-15 00:00:00-04:00,10.25,10.4399995803833,10.069999694824219,10.40999984741211,104300,0.0,0.0
2012-08-16 00:00:00-04:00,10.34000015258789,10.720000267028809,10.300000190734863,10.699999809265137,162700,0.0,0.0
2012-08-17 00:00:00-04:00,10.649999618530273,10.850000381469727,10.5,10.850000381469727,105800,0.0,0.0
2012-08-20 00:00:00-04:00,10.850000381469727,11.0,10.699999809265137,11.0,111700,0.0,0.0
2012-08-21 00:00:00-04:00,11.0,11.359999656677246,10.9399995803833,11.34000015258789,274700,0.0,0.0
2012-08-22 00:00:00-04:00,11.3100004196167,11.960000038146973,11.170000076293945,11.949999809265137,334300,0.0,0.0
2012-08-23 00:00:00-04:00,11.899999618530273,12.039999961853027,11.84000015258789,11.989999771118164,186200,0.0,0.0
2012-08-24 00:00:00-04:00,11.9399995803833,12.109999656677246,11.760000228881836,12.069999694824219,127200,0.0,0.0
2012-08-27 00:00:00-04:00,12.0600004196167,12.449999809265137,12.0600004196167,12.430000305175781,241500,0.0,0.0
2012-08-28 00:00:00-04:00,12.4399995803833,12.4399995803833,11.84000015258789,12.25,281400,0.0,0.0
2012-08-29 00:00:00-04:00,12.210000038146973,12.270000457763672,11.920000076293945,12.109999656677246,104700,0.0,0.0
2012-08-30 00:00:00-04:00,12.0,12.149999618530273,11.949999809265137,12.029999732971191,62300,0.0,0.0
2012-08-31 00:00:00-04:00,12.180000305175781,12.220000267028809,11.8100004196167,12.050000190734863,67400,0.0,0.0
2012-09-04 00:00:00-04:00,11.989999771118164,12.359999656677246,11.739999771118164,12.359999656677246,272100,0.0,0.0
2012-09-05 00:00:00-04:00,12.359999656677246,12.5,12.140000343322754,12.479999542236328,211700,0.0,0.0
2012-09-06 00:00:00-04:00,12.479999542236328,12.579999923706055,12.460000038146973,12.520000457763672,301900,0.0,0.0
2012-09-07 00:00:00-04:00,12.479999542236328,12.670000076293945,12.420000076293945,12.630000114440918,162300,0.0,0.0
2012-09-10 00:00:00-04:00,12.640000343322754,12.75,12.550000190734863,12.710000038146973,246500,0.0,0.0
2012-09-11 00:00:00-04:00,12.640000343322754,12.829999923706055,12.640000343322754,12.710000038146973,108100,0.0,0.0
2012-09-12 00:00:00-04:00,12.670000076293945,12.819999694824219,12.630000114440918,12.8100004196167,154100,0.0,0.0
2012-09-13 00:00:00-04:00,12.729999542236328,13.0600004196167,12.720000267028809,13.010000228881836,166600,0.0,0.0
2012-09-14 00:00:00-04:00,13.069999694824219,13.100000381469727,12.960000038146973,13.069999694824219,138200,0.0,0.0
2012-09-17 00:00:00-04:00,13.039999961853027,13.170000076293945,12.890000343322754,13.149999618530273,71100,0.0,0.0
2012-09-18 00:00:00-04:00,13.15999984741211,13.15999984741211,12.829999923706055,13.050000190734863,113800,0.0,0.0
2012-09-19 00:00:00-04:00,13.119999885559082,13.15999984741211,13.0,13.0600004196167,71600,0.0,0.0
2012-09-20 00:00:00-04:00,13.039999961853027,13.100000381469727,12.960000038146973,13.09000015258789,55200,0.0,0.0
2012-09-21 00:00:00-04:00,13.319999694824219,13.319999694824219,13.050000190734863,13.229999542236328,276900,0.0,0.0
2012-09-24 00:00:00-04:00,13.220000267028809,13.300000190734863,13.15999984741211,13.25,100100,0.0,0.0
2012-09-25 00:00:00-04:00,13.369999885559082,13.4399995803833,13.15999984741211,13.229999542236328,195400,0.0,0.0
2012-09-26 00:00:00-04:00,13.300000190734863,13.449999809265137,13.050000190734863,13.430000305175781,121800,0.0,0.0
2012-09-27 00:00:00-04:00,13.479999542236328,13.569999694824219,13.390000343322754,13.5600004196167,124000,0.0,0.0
2012-09-28 00:00:00-04:00,13.479999542236328,13.680000305175781,13.479999542236328,13.65999984741211,93800,0.0,0.0
2012-10-01 00:00:00-04:00,13.710000038146973,13.75,13.529999732971191,13.680000305175781,137600,0.0,0.0
2012-10-02 00:00:00-04:00,13.710000038146973,13.75,13.5,13.569999694824219,68500,0.0,0.0
2012-10-03 00:00:00-04:00,13.550000190734863,13.699999809265137,13.359999656677246,13.579999923706055,72600,0.0,0.0
2012-10-04 00:00:00-04:00,13.579999923706055,13.6899995803833,13.520000457763672,13.6899995803833,48100,0.0,0.0
2012-10-05 00:00:00-04:00,13.710000038146973,13.800000190734863,13.289999961853027,13.460000038146973,133900,0.0,0.0
2012-10-08 00:00:00-04:00,13.460000038146973,13.479999542236328,13.399999618530273,13.479999542236328,63500,0.0,0.0
2012-10-09 00:00:00-04:00,13.510000228881836,13.510000228881836,13.260000228881836,13.460000038146973,179200,0.0,0.0
2012-10-10 00:00:00-04:00,13.510000228881836,13.550000190734863,13.399999618530273,13.470000267028809,73200,0.0,0.0
2012-10-11 00:00:00-04:00,13.619999885559082,13.619999885559082,13.329999923706055,13.520000457763672,60600,0.0,0.0
2012-10-12 00:00:00-04:00,13.510000228881836,13.59000015258789,13.489999771118164,13.510000228881836,39700,0.0,0.0
2012-10-15 00:00:00-04:00,13.579999923706055,13.579999923706055,12.90999984741211,13.40999984741211,111000,0.0,0.0
2012-10-16 00:00:00-04:00,13.5,13.5,13.100000381469727,13.119999885559082,137900,0.0,0.0
2012-10-17 00:00:00-04:00,13.0,13.180000305175781,12.970000267028809,13.050000190734863,240100,0.0,0.0
2012-10-18 00:00:00-04:00,13.0,13.100000381469727,13.0,13.010000228881836,79700,0.0,0.0
2012-10-19 00:00:00-04:00,12.949999809265137,13.039999961853027,12.899999618530273,13.0,205900,0.0,0.0
2012-10-22 00:00:00-04:00,13.09000015258789,13.449999809265137,13.0,13.399999618530273,126200,0.0,0.0
2012-10-23 00:00:00-04:00,13.300000190734863,13.390000343322754,13.149999618530273,13.34000015258789,91300,0.0,0.0
2012-10-24 00:00:00-04:00,13.399999618530273,13.529999732971191,13.3100004196167,13.5,105100,0.0,0.0
2012-10-25 00:00:00-04:00,13.649999618530273,13.760000228881836,12.979999542236328,13.020000457763672,192900,0.0,0.0
2012-10-26 00:00:00-04:00,13.0,13.270000457763672,12.989999771118164,13.109999656677246,65900,0.0,0.0
2012-10-31 00:00:00-04:00,13.079999923706055,13.239999771118164,13.0,13.239999771118164,67900,0.0,0.0
2012-11-01 00:00:00-04:00,13.279999732971191,14.130000114440918,13.239999771118164,14.039999961853027,243000,0.0,0.0
2012-11-02 00:00:00-04:00,14.029999732971191,14.199999809265137,13.800000190734863,13.869999885559082,125600,0.0,0.0
2012-11-05 00:00:00-05:00,13.970000267028809,14.649999618530273,13.930000305175781,14.59000015258789,267800,0.0,0.0
2012-11-06 00:00:00-05:00,14.579999923706055,14.619999885559082,14.479999542236328,14.609999656677246,107600,0.0,0.0
2012-11-07 00:00:00-05:00,14.550000190734863,14.609999656677246,14.029999732971191,14.460000038146973,163500,0.0,0.0
2012-11-08 00:00:00-05:00,14.460000038146973,14.520000457763672,14.210000038146973,14.369999885559082,115600,0.0,0.0
2012-11-09 00:00:00-05:00,14.260000228881836,14.760000228881836,14.260000228881836,14.470000267028809,154100,0.0,0.0
2012-11-12 00:00:00-05:00,14.579999923706055,14.949999809265137,14.479999542236328,14.710000038146973,237500,0.0,0.0
2012-11-13 00:00:00-05:00,14.579999923706055,14.579999923706055,14.300000190734863,14.399999618530273,137600,0.0,0.0
2012-11-14 00:00:00-05:00,14.539999961853027,14.539999961853027,14.010000228881836,14.050000190734863,92300,0.0,0.0
2012-11-15 00:00:00-05:00,13.979999542236328,13.979999542236328,12.960000038146973,13.25,303100,0.0,0.0
2012-11-16 00:00:00-05:00,13.300000190734863,13.420000076293945,12.9399995803833,13.289999961853027,94000,0.0,0.0
2012-11-19 00:00:00-05:00,13.420000076293945,13.6899995803833,13.260000228881836,13.579999923706055,80900,0.0,0.0
2012-11-20 00:00:00-05:00,13.539999961853027,13.609999656677246,13.199999809265137,13.510000228881836,80300,0.0,0.0
2012-11-21 00:00:00-05:00,13.579999923706055,13.600000381469727,13.350000381469727,13.59000015258789,30700,0.0,0.0
2012-11-23 00:00:00-05:00,13.600000381469727,13.600000381469727,13.460000038146973,13.569999694824219,33500,0.0,0.0
2012-11-26 00:00:00-05:00,13.600000381469727,13.899999618530273,13.579999923706055,13.880000114440918,107400,0.0,0.0
2012-11-27 00:00:00-05:00,13.779999732971191,14.0,13.760000228881836,13.829999923706055,69100,0.0,0.0
2012-11-28 00:00:00-05:00,13.760000228881836,13.8100004196167,13.5600004196167,13.75,93100,0.0,0.0
2012-11-29 00:00:00-05:00,13.850000381469727,13.949999809265137,13.720000267028809,13.869999885559082,89500,0.0,0.0
2012-11-30 00:00:00-05:00,13.880000114440918,13.960000038146973,13.729999542236328,13.880000114440918,95500,0.0,0.0
2012-12-03 00:00:00-05:00,14.050000190734863,14.630000114440918,13.979999542236328,14.630000114440918,192800,0.0,0.0
2012-12-04 00:00:00-05:00,14.630000114440918,14.770000457763672,14.350000381469727,14.720000267028809,328700,0.0,0.0
2012-12-05 00:00:00-05:00,14.789999961853027,14.789999961853027,14.34000015258789,14.420000076293945,92000,0.0,0.0
2012-12-06 00:00:00-05:00,14.430000305175781,14.670000076293945,14.40999984741211,14.619999885559082,70900,0.0,0.0
2012-12-07 00:00:00-05:00,14.640000343322754,14.640000343322754,14.0600004196167,14.279999732971191,77700,0.0,0.0
2012-12-10 00:00:00-05:00,14.229999542236328,14.390000343322754,13.920000076293945,14.100000381469727,135200,0.0,0.0
2012-12-11 00:00:00-05:00,14.260000228881836,14.460000038146973,14.149999618530273,14.430000305175781,85300,0.0,0.0
2012-12-12 00:00:00-05:00,14.460000038146973,14.59000015258789,14.300000190734863,14.300000190734863,113800,0.0,0.0
2012-12-13 00:00:00-05:00,14.3100004196167,14.3100004196167,13.920000076293945,14.079999923706055,87100,0.0,0.0
2012-12-14 00:00:00-05:00,13.989999771118164,14.199999809265137,13.579999923706055,14.109999656677246,104400,0.0,0.0
2012-12-17 00:00:00-05:00,14.130000114440918,14.489999771118164,14.069999694824219,14.489999771118164,146800,0.0,0.0
2012-12-18 00:00:00-05:00,14.5600004196167,14.609999656677246,14.40999984741211,14.520000457763672,57100,0.0,0.0
2012-12-19 00:00:00-05:00,14.569999694824219,14.59000015258789,14.300000190734863,14.369999885559082,57700,0.0,0.0
2012-12-20 00:00:00-05:00,14.34000015258789,14.470000267028809,14.15999984741211,14.210000038146973,54600,0.0,0.0
2012-12-21 00:00:00-05:00,14.140000343322754,14.210000038146973,13.789999961853027,14.029999732971191,193000,0.0,0.0
2012-12-24 00:00:00-05:00,14.010000228881836,14.119999885559082,13.779999732971191,13.800000190734863,24800,0.0,0.0
2012-12-26 00:00:00-05:00,13.800000190734863,13.859999656677246,13.510000228881836,13.699999809265137,67900,0.0,0.0
2012-12-27 00:00:00-05:00,13.680000305175781,13.850000381469727,13.399999618530273,13.6899995803833,58300,0.0,0.0
2012-12-28 00:00:00-05:00,13.640000343322754,13.75,13.539999961853027,13.550000190734863,53000,0.0,0.0
2012-12-31 00:00:00-05:00,13.550000190734863,13.800000190734863,13.390000343322754,13.779999732971191,112700,0.0,0.0
2013-01-02 00:00:00-05:00,14.069999694824219,14.550000190734863,13.949999809265137,14.520000457763672,178600,0.0,0.0
2013-01-03 00:00:00-05:00,14.539999961853027,14.609999656677246,14.319999694824219,14.529999732971191,108400,0.0,0.0
2013-01-04 00:00:00-05:00,14.619999885559082,14.670000076293945,14.3100004196167,14.489999771118164,127200,0.0,0.0
2013-01-07 00:00:00-05:00,14.430000305175781,14.59000015258789,14.09000015258789,14.109999656677246,81900,0.0,0.0
2013-01-08 00:00:00-05:00,14.140000343322754,14.449999809265137,13.90999984741211,14.430000305175781,80900,0.0,0.0
2013-01-09 00:00:00-05:00,14.510000228881836,15.739999771118164,14.380000114440918,15.729999542236328,442800,0.0,0.0
2013-01-10 00:00:00-05:00,15.84000015258789,16.1299991607666,15.449999809265137,15.920000076293945,174800,0.0,0.0
2013-01-11 00:00:00-05:00,16.0,16.06999969482422,15.890000343322754,15.989999771118164,90100,0.0,0.0
2013-01-14 00:00:00-05:00,16.059999465942383,16.059999465942383,15.579999923706055,15.720000267028809,73400,0.0,0.0
2013-01-15 00:00:00-05:00,15.649999618530273,16.100000381469727,15.449999809265137,16.020000457763672,96700,0.0,0.0
2013-01-16 00:00:00-05:00,16.020000457763672,16.030000686645508,14.529999732971191,14.800000190734863,351300,0.0,0.0
2013-01-17 00:00:00-05:00,14.75,15.529999732971191,14.239999771118164,15.279999732971191,297900,0.0,0.0
2013-01-18 00:00:00-05:00,15.279999732971191,15.399999618530273,14.770000457763672,15.029999732971191,106300,0.0,0.0
2013-01-22 00:00:00-05:00,15.069999694824219,15.449999809265137,14.800000190734863,15.319999694824219,105400,0.0,0.0
2013-01-23 00:00:00-05:00,15.350000381469727,15.40999984741211,14.510000228881836,14.899999618530273,127400,0.0,0.0
2013-01-24 00:00:00-05:00,14.880000114440918,15.109999656677246,13.380000114440918,13.84000015258789,350500,0.0,0.0
2013-01-25 00:00:00-05:00,13.75,14.489999771118164,13.670000076293945,14.40999984741211,126300,0.0,0.0
2013-01-28 00:00:00-05:00,14.399999618530273,14.779999732971191,14.210000038146973,14.630000114440918,106300,0.0,0.0
2013-01-29 00:00:00-05:00,14.59000015258789,14.779999732971191,14.5,14.670000076293945,66300,0.0,0.0
2013-01-30 00:00:00-05:00,14.6899995803833,14.960000038146973,14.619999885559082,14.9399995803833,73400,0.0,0.0
2013-01-31 00:00:00-05:00,14.949999809265137,15.09000015258789,14.760000228881836,15.020000457763672,67400,0.0,0.0
2013-02-01 00:00:00-05:00,15.149999618530273,15.489999771118164,14.979999542236328,15.359999656677246,114900,0.0,0.0
2013-02-04 00:00:00-05:00,15.850000381469727,15.90999984741211,15.449999809265137,15.489999771118164,168500,0.0,0.0
2013-02-05 00:00:00-05:00,15.600000381469727,15.90999984741211,15.539999961853027,15.8100004196167,78200,0.0,0.0
2013-02-06 00:00:00-05:00,15.789999961853027,16.0,15.600000381469727,15.989999771118164,58400,0.0,0.0
2013-02-07 00:00:00-05:00,15.960000038146973,15.960000038146973,15.789999961853027,15.869999885559082,92200,0.0,0.0
2013-02-08 00:00:00-05:00,15.899999618530273,15.970000267028809,15.710000038146973,15.920000076293945,79000,0.0,0.0
2013-02-11 00:00:00-05:00,15.960000038146973,16.0,15.819999694824219,15.949999809265137,50200,0.0,0.0
2013-02-12 00:00:00-05:00,15.90999984741211,15.979999542236328,15.800000190734863,15.890000343322754,55800,0.0,0.0
2013-02-13 00:00:00-05:00,15.890000343322754,16.0,15.680000305175781,16.0,70300,0.0,0.0
2013-02-14 00:00:00-05:00,15.960000038146973,15.960000038146973,15.600000381469727,15.869999885559082,65700,0.0,0.0
2013-02-15 00:00:00-05:00,15.9399995803833,17.489999771118164,15.9399995803833,16.959999084472656,325300,0.0,0.0
2013-02-19 00:00:00-05:00,17.06999969482422,17.149999618530273,16.709999084472656,16.940000534057617,96100,0.0,0.0
2013-02-20 00:00:00-05:00,16.899999618530273,16.899999618530273,16.239999771118164,16.25,110400,0.0,0.0
2013-02-21 00:00:00-05:00,16.209999084472656,16.209999084472656,15.640000343322754,15.800000190734863,95100,0.0,0.0
2013-02-22 00:00:00-05:00,15.789999961853027,16.139999389648438,15.729999542236328,16.1200008392334,71400,0.0,0.0
2013-02-25 00:00:00-05:00,16.139999389648438,16.489999771118164,15.220000267028809,15.260000228881836,143600,0.0,0.0
2013-02-26 00:00:00-05:00,15.279999732971191,15.520000457763672,14.899999618530273,15.109999656677246,223000,0.0,0.0
2013-02-27 00:00:00-05:00,15.050000190734863,15.9399995803833,14.970000267028809,15.8100004196167,103600,0.0,0.0
2013-02-28 00:00:00-05:00,15.800000190734863,15.819999694824219,15.380000114440918,15.539999961853027,123100,0.0,0.0
2013-03-01 00:00:00-05:00,15.399999618530273,15.890000343322754,15.229999542236328,15.6899995803833,79200,0.0,0.0
2013-03-04 00:00:00-05:00,15.619999885559082,15.979999542236328,15.369999885559082,15.960000038146973,83400,0.0,0.0
2013-03-05 00:00:00-05:00,16.0,16.290000915527344,15.880000114440918,16.110000610351562,73100,0.0,0.0
2013-03-06 00:00:00-05:00,16.110000610351562,16.149999618530273,15.600000381469727,15.65999984741211,84400,0.0,0.0
2013-03-07 00:00:00-05:00,15.710000038146973,16.84000015258789,15.380000114440918,16.709999084472656,214700,0.0,0.0
2013-03-08 00:00:00-05:00,16.770000457763672,16.770000457763672,16.389999389648438,16.6200008392334,108100,0.0,0.0
2013-03-11 00:00:00-04:00,16.209999084472656,16.540000915527344,15.760000228881836,16.280000686645508,163000,0.0,0.0
2013-03-12 00:00:00-04:00,16.200000762939453,16.329999923706055,16.010000228881836,16.100000381469727,53900,0.0,0.0
2013-03-13 00:00:00-04:00,16.110000610351562,16.299999237060547,16.010000228881836,16.200000762939453,46200,0.0,0.0
2013-03-14 00:00:00-04:00,16.209999084472656,16.40999984741211,15.979999542236328,16.3799991607666,83800,0.0,0.0
2013-03-15 00:00:00-04:00,16.229999542236328,16.309999465942383,15.890000343322754,15.930000305175781,168500,0.0,0.0
2013-03-18 00:00:00-04:00,15.729999542236328,16.15999984741211,15.729999542236328,15.920000076293945,39600,0.0,0.0
2013-03-19 00:00:00-04:00,15.90999984741211,16.049999237060547,15.699999809265137,15.8100004196167,53300,0.0,0.0
2013-03-20 00:00:00-04:00,15.869999885559082,16.18000030517578,15.869999885559082,16.139999389648438,50000,0.0,0.0
2013-03-21 00:00:00-04:00,16.040000915527344,16.110000610351562,15.819999694824219,16.0,31400,0.0,0.0
2013-03-22 00:00:00-04:00,16.059999465942383,16.270000457763672,15.8100004196167,16.079999923706055,49100,0.0,0.0
2013-03-25 00:00:00-04:00,16.190000534057617,16.579999923706055,16.110000610351562,16.530000686645508,36500,0.0,0.0
2013-03-26 00:00:00-04:00,16.65999984741211,16.700000762939453,16.18000030517578,16.200000762939453,82800,0.0,0.0
2013-03-27 00:00:00-04:00,16.010000228881836,16.18000030517578,15.930000305175781,16.1200008392334,61800,0.0,0.0
2013-03-28 00:00:00-04:00,16.15999984741211,16.190000534057617,15.890000343322754,16.020000457763672,82100,0.0,0.0
2013-04-01 00:00:00-04:00,15.979999542236328,16.25,15.300000190734863,15.300000190734863,137600,0.0,0.0
2013-04-02 00:00:00-04:00,15.350000381469727,15.710000038146973,15.180000305175781,15.350000381469727,96400,0.0,0.0
2013-04-03 00:00:00-04:00,15.430000305175781,15.699999809265137,15.010000228881836,15.050000190734863,105700,0.0,0.0
2013-04-04 00:00:00-04:00,15.100000381469727,15.100000381469727,14.949999809265137,15.050000190734863,158000,0.0,0.0
2013-04-05 00:00:00-04:00,14.949999809265137,15.819999694824219,14.949999809265137,15.699999809265137,76700,0.0,0.0
2013-04-08 00:00:00-04:00,15.760000228881836,15.760000228881836,15.270000457763672,15.5600004196167,41400,0.0,0.0
2013-04-09 00:00:00-04:00,15.600000381469727,15.710000038146973,15.550000190734863,15.569999694824219,50400,0.0,0.0
2013-04-10 00:00:00-04:00,15.65999984741211,16.190000534057617,15.539999961853027,16.030000686645508,66000,0.0,0.0
2013-04-11 00:00:00-04:00,16.040000915527344,16.09000015258789,15.65999984741211,15.760000228881836,27400,0.0,0.0
2013-04-12 00:00:00-04:00,15.75,15.859999656677246,15.630000114440918,15.649999618530273,41700,0.0,0.0
2013-04-15 00:00:00-04:00,15.609999656677246,15.609999656677246,14.949999809265137,14.949999809265137,112600,0.0,0.0
2013-04-16 00:00:00-04:00,15.029999732971191,15.25,14.949999809265137,15.119999885559082,96700,0.0,0.0
2013-04-17 00:00:00-04:00,14.979999542236328,15.100000381469727,14.949999809265137,14.949999809265137,131500,0.0,0.0
2013-04-18 00:00:00-04:00,15.039999961853027,15.229999542236328,14.949999809265137,14.949999809265137,105700,0.0,0.0
2013-04-19 00:00:00-04:00,14.979999542236328,15.350000381469727,14.970000267028809,15.149999618530273,61200,0.0,0.0
2013-04-22 00:00:00-04:00,15.180000305175781,15.359999656677246,14.949999809265137,14.960000038146973,97600,0.0,0.0
2013-04-23 00:00:00-04:00,15.100000381469727,15.550000190734863,15.100000381469727,15.430000305175781,44400,0.0,0.0
2013-04-24 00:00:00-04:00,15.34000015258789,15.760000228881836,15.149999618530273,15.619999885559082,46700,0.0,0.0
2013-04-25 00:00:00-04:00,15.489999771118164,17.75,14.960000038146973,17.540000915527344,279000,0.0,0.0
2013-04-26 00:00:00-04:00,17.5,17.5,16.829999923706055,17.100000381469727,96300,0.0,0.0
2013-04-29 00:00:00-04:00,17.06999969482422,17.079999923706055,16.170000076293945,16.989999771118164,100200,0.0,0.0
2013-04-30 00:00:00-04:00,16.920000076293945,17.110000610351562,16.790000915527344,17.110000610351562,72800,0.0,0.0
2013-05-01 00:00:00-04:00,17.0,17.299999237060547,16.829999923706055,17.020000457763672,182900,0.0,0.0
2013-05-02 00:00:00-04:00,17.06999969482422,17.270000457763672,17.0,17.270000457763672,73900,0.0,0.0
2013-05-03 00:00:00-04:00,17.3799991607666,17.59000015258789,17.34000015258789,17.440000534057617,94500,0.0,0.0
2013-05-06 00:00:00-04:00,17.3799991607666,18.09000015258789,17.260000228881836,17.899999618530273,114000,0.0,0.0
2013-05-07 00:00:00-04:00,17.709999084472656,18.299999237060547,17.709999084472656,18.18000030517578,133300,0.0,0.0
2013-05-08 00:00:00-04:00,17.969999313354492,18.84000015258789,17.969999313354492,18.809999465942383,228300,0.0,0.0
2013-05-09 00:00:00-04:00,18.809999465942383,18.899999618530273,18.31999969482422,18.790000915527344,98300,0.0,0.0
2013-05-10 00:00:00-04:00,18.760000228881836,18.8700008392334,18.40999984741211,18.850000381469727,44000,0.0,0.0
2013-05-13 00:00:00-04:00,18.770000457763672,18.950000762939453,18.719999313354492,18.790000915527344,35500,0.0,0.0
2013-05-14 00:00:00-04:00,18.760000228881836,19.010000228881836,18.68000030517578,18.989999771118164,124400,0.0,0.0
2013-05-15 00:00:00-04:00,18.84000015258789,19.030000686645508,18.209999084472656,18.829999923706055,191800,0.0,0.0
2013-05-16 00:00:00-04:00,18.81999969482422,18.940000534057617,18.6299991607666,18.75,87000,0.0,0.0
2013-05-17 00:00:00-04:00,18.790000915527344,18.979999542236328,18.719999313354492,18.790000915527344,84300,0.0,0.0
2013-05-20 00:00:00-04:00,18.760000228881836,18.950000762939453,18.479999542236328,18.649999618530273,77200,0.0,0.0
2013-05-21 00:00:00-04:00,18.709999084472656,18.809999465942383,18.510000228881836,18.670000076293945,26700,0.0,0.0
2013-05-22 00:00:00-04:00,18.639999389648438,18.950000762939453,18.079999923706055,18.329999923706055,47500,0.0,0.0
2013-05-23 00:00:00-04:00,17.75,18.229999542236328,17.649999618530273,18.1299991607666,97500,0.0,0.0
2013-05-24 00:00:00-04:00,18.06999969482422,18.239999771118164,17.700000762939453,17.780000686645508,49900,0.0,0.0
2013-05-28 00:00:00-04:00,18.040000915527344,18.700000762939453,18.040000915527344,18.59000015258789,72700,0.0,0.0
2013-05-29 00:00:00-04:00,18.389999389648438,18.559999465942383,18.09000015258789,18.360000610351562,45900,0.0,0.0
2013-05-30 00:00:00-04:00,18.360000610351562,18.75,18.100000381469727,18.68000030517578,34900,0.0,0.0
2013-05-31 00:00:00-04:00,18.56999969482422,18.75,18.229999542236328,18.329999923706055,137100,0.0,0.0
2013-06-03 00:00:00-04:00,18.0,18.709999084472656,17.969999313354492,18.639999389648438,209000,0.0,0.0
2013-06-04 00:00:00-04:00,18.479999542236328,18.579999923706055,17.75,18.489999771118164,244100,0.0,0.0
2013-06-05 00:00:00-04:00,18.420000076293945,18.479999542236328,17.90999984741211,18.06999969482422,114600,0.0,0.0
2013-06-06 00:00:00-04:00,18.020000457763672,18.329999923706055,17.920000076293945,18.219999313354492,65500,0.0,0.0
2013-06-07 00:00:00-04:00,18.239999771118164,18.510000228881836,18.139999389648438,18.43000030517578,51500,0.0,0.0
2013-06-10 00:00:00-04:00,18.440000534057617,18.75,18.309999465942383,18.700000762939453,54500,0.0,0.0
2013-06-11 00:00:00-04:00,18.350000381469727,18.6299991607666,18.350000381469727,18.56999969482422,65400,0.0,0.0
2013-06-12 00:00:00-04:00,18.690000534057617,18.700000762939453,18.31999969482422,18.5,93800,0.0,0.0
2013-06-13 00:00:00-04:00,18.5,18.739999771118164,18.479999542236328,18.739999771118164,79200,0.0,0.0
2013-06-14 00:00:00-04:00,18.5,18.559999465942383,17.760000228881836,17.780000686645508,147000,0.0,0.0
2013-06-17 00:00:00-04:00,17.8799991607666,18.540000915527344,17.799999237060547,18.170000076293945,38500,0.0,0.0
2013-06-18 00:00:00-04:00,18.25,18.600000381469727,18.100000381469727,18.520000457763672,59500,0.0,0.0
2013-06-19 00:00:00-04:00,18.56999969482422,18.75,18.40999984741211,18.440000534057617,54200,0.0,0.0
2013-06-20 00:00:00-04:00,18.079999923706055,18.110000610351562,17.420000076293945,17.489999771118164,60000,0.0,0.0
2013-06-21 00:00:00-04:00,17.549999237060547,17.809999465942383,17.139999389648438,17.760000228881836,138000,0.0,0.0
2013-06-24 00:00:00-04:00,17.639999389648438,18.0,17.520000457763672,17.860000610351562,70100,0.0,0.0
2013-06-25 00:00:00-04:00,18.059999465942383,18.700000762939453,17.75,17.809999465942383,58200,0.0,0.0
2013-06-26 00:00:00-04:00,18.0,18.329999923706055,17.75,18.239999771118164,59300,0.0,0.0
2013-06-27 00:00:00-04:00,18.389999389648438,18.6299991607666,18.15999984741211,18.540000915527344,54600,0.0,0.0
2013-06-28 00:00:00-04:00,18.5,18.59000015258789,18.329999923706055,18.43000030517578,132800,0.0,0.0
2013-07-01 00:00:00-04:00,18.459999084472656,18.59000015258789,18.299999237060547,18.450000762939453,49400,0.0,0.0
2013-07-02 00:00:00-04:00,18.459999084472656,18.600000381469727,18.1200008392334,18.360000610351562,40800,0.0,0.0
2013-07-03 00:00:00-04:00,18.260000228881836,18.56999969482422,18.09000015258789,18.34000015258789,44700,0.0,0.0
2013-07-05 00:00:00-04:00,18.700000762939453,18.700000762939453,18.15999984741211,18.540000915527344,62400,0.0,0.0
2013-07-08 00:00:00-04:00,18.600000381469727,18.68000030517578,18.329999923706055,18.610000610351562,51700,0.0,0.0
2013-07-09 00:00:00-04:00,18.559999465942383,18.829999923706055,18.450000762939453,18.700000762939453,47700,0.0,0.0
2013-07-10 00:00:00-04:00,18.6200008392334,18.850000381469727,18.559999465942383,18.729999542236328,60700,0.0,0.0
2013-07-11 00:00:00-04:00,18.979999542236328,19.690000534057617,18.799999237060547,19.479999542236328,264500,0.0,0.0
2013-07-12 00:00:00-04:00,20.1200008392334,20.200000762939453,19.75,19.81999969482422,300800,0.0,0.0
2013-07-15 00:00:00-04:00,20.010000228881836,20.389999389648438,19.889999389648438,20.209999084472656,210300,0.0,0.0
2013-07-16 00:00:00-04:00,20.270000457763672,20.360000610351562,20.149999618530273,20.350000381469727,98200,0.0,0.0
2013-07-17 00:00:00-04:00,20.5,20.5,20.239999771118164,20.40999984741211,62700,0.0,0.0
2013-07-18 00:00:00-04:00,20.459999084472656,20.5,20.200000762939453,20.280000686645508,53600,0.0,0.0
2013-07-19 00:00:00-04:00,20.280000686645508,20.280000686645508,19.950000762939453,20.079999923706055,56800,0.0,0.0
2013-07-22 00:00:00-04:00,19.989999771118164,20.200000762939453,19.8700008392334,20.1200008392334,45000,0.0,0.0
2013-07-23 00:00:00-04:00,20.149999618530273,20.149999618530273,19.690000534057617,20.020000457763672,130400,0.0,0.0
2013-07-24 00:00:00-04:00,19.850000381469727,20.170000076293945,19.809999465942383,20.149999618530273,98700,0.0,0.0
2013-07-25 00:00:00-04:00,20.149999618530273,20.979999542236328,19.780000686645508,20.93000030517578,353300,0.0,0.0
2013-07-26 00:00:00-04:00,20.81999969482422,21.209999084472656,20.68000030517578,21.1200008392334,296400,0.0,0.0
2013-07-29 00:00:00-04:00,21.049999237060547,21.059999465942383,20.440000534057617,20.84000015258789,247700,0.0,0.0
2013-07-30 00:00:00-04:00,20.8700008392334,21.030000686645508,20.809999465942383,20.989999771118164,154300,0.0,0.0
2013-07-31 00:00:00-04:00,20.989999771118164,21.0,20.5,20.520000457763672,117600,0.0,0.0
2013-08-01 00:00:00-04:00,20.6299991607666,20.950000762939453,20.549999237060547,20.950000762939453,112300,0.0,0.0
2013-08-02 00:00:00-04:00,20.780000686645508,21.639999389648438,20.780000686645508,21.510000228881836,543600,0.0,0.0
2013-08-05 00:00:00-04:00,21.56999969482422,21.950000762939453,21.56999969482422,21.770000457763672,133600,0.0,0.0
2013-08-06 00:00:00-04:00,21.6299991607666,21.790000915527344,21.030000686645508,21.34000015258789,74500,0.0,0.0
2013-08-07 00:00:00-04:00,21.15999984741211,21.549999237060547,21.010000228881836,21.25,139900,0.0,0.0
2013-08-08 00:00:00-04:00,21.469999313354492,21.489999771118164,20.56999969482422,20.81999969482422,229700,0.0,0.0
2013-08-09 00:00:00-04:00,20.670000076293945,20.809999465942383,20.06999969482422,20.40999984741211,196500,0.0,0.0
2013-08-12 00:00:00-04:00,20.139999389648438,21.6299991607666,20.010000228881836,21.479999542236328,106600,0.0,0.0
2013-08-13 00:00:00-04:00,21.399999618530273,21.739999771118164,21.1299991607666,21.540000915527344,124500,0.0,0.0
2013-08-14 00:00:00-04:00,21.40999984741211,21.459999084472656,20.920000076293945,20.969999313354492,56600,0.0,0.0
2013-08-15 00:00:00-04:00,20.56999969482422,21.15999984741211,20.040000915527344,20.049999237060547,126400,0.0,0.0
2013-08-16 00:00:00-04:00,20.0,20.549999237060547,20.0,20.18000030517578,71000,0.0,0.0
2013-08-19 00:00:00-04:00,20.06999969482422,20.260000228881836,19.420000076293945,20.079999923706055,257500,0.0,0.0
2013-08-20 00:00:00-04:00,20.100000381469727,20.56999969482422,20.010000228881836,20.31999969482422,139700,0.0,0.0
2013-08-21 00:00:00-04:00,20.170000076293945,20.469999313354492,19.81999969482422,20.270000457763672,54500,0.0,0.0
2013-08-22 00:00:00-04:00,20.399999618530273,20.709999084472656,20.3799991607666,20.549999237060547,35600,0.0,0.0
2013-08-23 00:00:00-04:00,20.600000381469727,20.600000381469727,20.350000381469727,20.520000457763672,47700,0.0,0.0
2013-08-26 00:00:00-04:00,20.579999923706055,20.579999923706055,20.299999237060547,20.3700008392334,39400,0.0,0.0
2013-08-27 00:00:00-04:00,20.0,20.030000686645508,19.34000015258789,19.399999618530273,113900,0.0,0.0
2013-08-28 00:00:00-04:00,19.31999969482422,19.790000915527344,19.260000228881836,19.690000534057617,53800,0.0,0.0
2013-08-29 00:00:00-04:00,19.670000076293945,20.5,19.649999618530273,20.389999389648438,85100,0.0,0.0
2013-08-30 00:00:00-04:00,20.31999969482422,20.31999969482422,19.700000762939453,19.850000381469727,83800,0.0,0.0
2013-09-03 00:00:00-04:00,20.25,20.520000457763672,19.920000076293945,20.270000457763672,103500,0.0,0.0
2013-09-04 00:00:00-04:00,20.270000457763672,20.84000015258789,20.049999237060547,20.829999923706055,321100,0.0,0.0
2013-09-05 00:00:00-04:00,20.790000915527344,21.049999237060547,20.75,21.0,89800,0.0,0.0
2013-09-06 00:00:00-04:00,21.09000015258789,21.149999618530273,20.65999984741211,21.1200008392334,121800,0.0,0.0
2013-09-09 00:00:00-04:00,21.200000762939453,21.360000610351562,20.959999084472656,21.309999465942383,60700,0.0,0.0
2013-09-10 00:00:00-04:00,21.450000762939453,21.899999618530273,21.34000015258789,21.8700008392334,328700,0.0,0.0
2013-09-11 00:00:00-04:00,21.780000686645508,22.200000762939453,21.649999618530273,21.90999984741211,191600,0.0,0.0
2013-09-12 00:00:00-04:00,21.860000610351562,21.8700008392334,21.239999771118164,21.299999237060547,63300,0.0,0.0
2013-09-13 00:00:00-04:00,21.360000610351562,21.5,20.829999923706055,21.280000686645508,63300,0.0,0.0
2013-09-16 00:00:00-04:00,21.459999084472656,21.479999542236328,20.920000076293945,20.979999542236328,88700,0.0,0.0
2013-09-17 00:00:00-04:00,21.0,21.459999084472656,20.8799991607666,21.420000076293945,57000,0.0,0.0
2013-09-18 00:00:00-04:00,21.489999771118164,21.700000762939453,20.969999313354492,21.530000686645508,75600,0.0,0.0
2013-09-19 00:00:00-04:00,21.639999389648438,21.90999984741211,21.18000030517578,21.540000915527344,55000,0.0,0.0
2013-09-20 00:00:00-04:00,21.700000762939453,22.059999465942383,21.350000381469727,21.75,164500,0.0,0.0
2013-09-23 00:00:00-04:00,21.75,21.90999984741211,21.270000457763672,21.510000228881836,99400,0.0,0.0
2013-09-24 00:00:00-04:00,21.600000381469727,21.81999969482422,21.290000915527344,21.3799991607666,136800,0.0,0.0
2013-09-25 00:00:00-04:00,21.459999084472656,21.899999618530273,21.06999969482422,21.65999984741211,69600,0.0,0.0
2013-09-26 00:00:00-04:00,21.790000915527344,22.200000762939453,21.530000686645508,22.059999465942383,292600,0.0,0.0
2013-09-27 00:00:00-04:00,21.93000030517578,21.979999542236328,21.3799991607666,21.540000915527344,93900,0.0,0.0
2013-09-30 00:00:00-04:00,21.100000381469727,21.440000534057617,20.829999923706055,21.229999542236328,172500,0.0,0.0
2013-10-01 00:00:00-04:00,20.920000076293945,21.770000457763672,20.850000381469727,21.440000534057617,86000,0.0,0.0
2013-10-02 00:00:00-04:00,21.290000915527344,21.790000915527344,21.260000228881836,21.350000381469727,62100,0.0,0.0
2013-10-03 00:00:00-04:00,21.329999923706055,21.639999389648438,21.18000030517578,21.600000381469727,195800,0.0,0.0
2013-10-04 00:00:00-04:00,21.540000915527344,22.200000762939453,21.5,22.1299991607666,167600,0.0,0.0
2013-10-07 00:00:00-04:00,22.110000610351562,22.420000076293945,22.0,22.059999465942383,138800,0.0,0.0
2013-10-08 00:00:00-04:00,22.1299991607666,22.229999542236328,21.229999542236328,21.3799991607666,108100,0.0,0.0
2013-10-09 00:00:00-04:00,21.420000076293945,21.420000076293945,20.1200008392334,20.739999771118164,132800,0.0,0.0
2013-10-10 00:00:00-04:00,21.040000915527344,21.90999984741211,20.670000076293945,21.719999313354492,58700,0.0,0.0
2013-10-11 00:00:00-04:00,21.579999923706055,22.06999969482422,21.540000915527344,22.059999465942383,113200,0.0,0.0
2013-10-14 00:00:00-04:00,21.920000076293945,22.399999618530273,21.790000915527344,22.389999389648438,95200,0.0,0.0
2013-10-15 00:00:00-04:00,22.3700008392334,22.489999771118164,22.010000228881836,22.1200008392334,87000,0.0,0.0
2013-10-16 00:00:00-04:00,22.299999237060547,22.799999237060547,22.209999084472656,22.459999084472656,139600,0.0,0.0
2013-10-17 00:00:00-04:00,22.350000381469727,22.850000381469727,22.350000381469727,22.829999923706055,285600,0.0,0.0
2013-10-18 00:00:00-04:00,23.030000686645508,23.15999984741211,22.649999618530273,23.09000015258789,211200,0.0,0.0
2013-10-21 00:00:00-04:00,23.149999618530273,23.149999618530273,22.5,22.690000534057617,99700,0.0,0.0
2013-10-22 00:00:00-04:00,22.81999969482422,23.09000015258789,22.65999984741211,22.889999389648438,101900,0.0,0.0
2013-10-23 00:00:00-04:00,22.670000076293945,22.760000228881836,22.139999389648438,22.280000686645508,83300,0.0,0.0
2013-10-24 00:00:00-04:00,22.209999084472656,23.0,21.59000015258789,22.979999542236328,339400,0.0,0.0
2013-10-25 00:00:00-04:00,23.139999389648438,23.139999389648438,22.540000915527344,22.90999984741211,135300,0.0,0.0
2013-10-28 00:00:00-04:00,22.81999969482422,22.969999313354492,22.690000534057617,22.950000762939453,178000,0.0,0.0
2013-10-29 00:00:00-04:00,22.969999313354492,23.260000228881836,22.790000915527344,23.059999465942383,235100,0.0,0.0
2013-10-30 00:00:00-04:00,22.989999771118164,23.09000015258789,22.3700008392334,22.649999618530273,133700,0.0,0.0
2013-10-31 00:00:00-04:00,22.59000015258789,23.34000015258789,22.450000762939453,22.969999313354492,144700,0.0,0.0
2013-11-01 00:00:00-04:00,22.920000076293945,22.950000762939453,22.670000076293945,22.8799991607666,159400,0.0,0.0
2013-11-04 00:00:00-05:00,22.920000076293945,23.25,22.889999389648438,23.1200008392334,202000,0.0,0.0
2013-11-05 00:00:00-05:00,22.93000030517578,23.239999771118164,22.8799991607666,23.209999084472656,49500,0.0,0.0
2013-11-06 00:00:00-05:00,23.239999771118164,23.350000381469727,22.65999984741211,22.799999237060547,90000,0.0,0.0
2013-11-07 00:00:00-05:00,22.899999618530273,22.90999984741211,22.110000610351562,22.270000457763672,61600,0.0,0.0
2013-11-08 00:00:00-05:00,22.229999542236328,22.950000762939453,22.229999542236328,22.670000076293945,114000,0.0,0.0
2013-11-11 00:00:00-05:00,22.700000762939453,22.719999313354492,22.239999771118164,22.479999542236328,45600,0.0,0.0
2013-11-12 00:00:00-05:00,22.329999923706055,22.600000381469727,22.06999969482422,22.299999237060547,140900,0.0,0.0
2013-11-13 00:00:00-05:00,22.079999923706055,22.920000076293945,22.020000457763672,22.8799991607666,94600,0.0,0.0
2013-11-14 00:00:00-05:00,22.809999465942383,22.8700008392334,22.549999237060547,22.799999237060547,48800,0.0,0.0
2013-11-15 00:00:00-05:00,22.770000457763672,23.190000534057617,22.719999313354492,23.149999618530273,71000,0.0,0.0
2013-11-18 00:00:00-05:00,23.170000076293945,23.170000076293945,22.600000381469727,22.68000030517578,173300,0.0,0.0
2013-11-19 00:00:00-05:00,22.75,23.049999237060547,22.450000762939453,22.56999969482422,120600,0.0,0.0
2013-11-20 00:00:00-05:00,22.739999771118164,22.829999923706055,22.100000381469727,22.389999389648438,53900,0.0,0.0
2013-11-21 00:00:00-05:00,22.479999542236328,22.989999771118164,22.239999771118164,22.829999923706055,133200,0.0,0.0
2013-11-22 00:00:00-05:00,22.799999237060547,22.84000015258789,22.479999542236328,22.520000457763672,83000,0.0,0.0
2013-11-25 00:00:00-05:00,22.719999313354492,22.899999618530273,22.549999237060547,22.670000076293945,42500,0.0,0.0
2013-11-26 00:00:00-05:00,22.770000457763672,23.190000534057617,22.56999969482422,23.15999984741211,296400,0.0,0.0
2013-11-27 00:00:00-05:00,23.149999618530273,23.25,22.90999984741211,23.25,132300,0.0,0.0
2013-11-29 00:00:00-05:00,23.299999237060547,23.450000762939453,23.139999389648438,23.200000762939453,51700,0.0,0.0
2013-12-02 00:00:00-05:00,23.34000015258789,23.360000610351562,22.950000762939453,23.15999984741211,83800,0.0,0.0
2013-12-03 00:00:00-05:00,23.139999389648438,23.280000686645508,22.799999237060547,22.920000076293945,75100,0.0,0.0
2013-12-04 00:00:00-05:00,22.75,23.299999237060547,22.65999984741211,23.030000686645508,70800,0.0,0.0
2013-12-05 00:00:00-05:00,22.969999313354492,23.350000381469727,22.850000381469727,23.0,75600,0.0,0.0
2013-12-06 00:00:00-05:00,23.290000915527344,23.329999923706055,22.979999542236328,23.1299991607666,46300,0.0,0.0
2013-12-09 00:00:00-05:00,23.079999923706055,23.440000534057617,22.899999618530273,23.40999984741211,109200,0.0,0.0
2013-12-10 00:00:00-05:00,23.290000915527344,23.6299991607666,23.290000915527344,23.549999237060547,134400,0.0,0.0
2013-12-11 00:00:00-05:00,23.530000686645508,23.639999389648438,23.260000228881836,23.459999084472656,117800,0.0,0.0
2013-12-12 00:00:00-05:00,23.450000762939453,23.479999542236328,22.8700008392334,23.270000457763672,97100,0.0,0.0
2013-12-13 00:00:00-05:00,23.270000457763672,23.5,23.059999465942383,23.309999465942383,62600,0.0,0.0
2013-12-16 00:00:00-05:00,23.270000457763672,23.5,23.049999237060547,23.270000457763672,112000,0.0,0.0
2013-12-17 00:00:00-05:00,23.219999313354492,23.950000762939453,23.0,23.829999923706055,218500,0.0,0.0
2013-12-18 00:00:00-05:00,23.940000534057617,24.290000915527344,23.479999542236328,24.229999542236328,125400,0.0,0.0
2013-12-19 00:00:00-05:00,24.209999084472656,24.219999313354492,23.850000381469727,23.899999618530273,74700,0.0,0.0
2013-12-20 00:00:00-05:00,24.020000457763672,24.59000015258789,24.020000457763672,24.510000228881836,304400,0.0,0.0
2013-12-23 00:00:00-05:00,24.75,25.020000457763672,24.610000610351562,24.75,76100,0.0,0.0
2013-12-24 00:00:00-05:00,24.860000610351562,25.100000381469727,24.719999313354492,25.040000915527344,47900,0.0,0.0
2013-12-26 00:00:00-05:00,25.149999618530273,25.350000381469727,25.010000228881836,25.260000228881836,72200,0.0,0.0
2013-12-27 00:00:00-05:00,25.309999465942383,25.479999542236328,25.010000228881836,25.239999771118164,100400,0.0,0.0
2013-12-30 00:00:00-05:00,25.389999389648438,25.389999389648438,24.940000534057617,25.200000762939453,119500,0.0,0.0
2013-12-31 00:00:00-05:00,25.450000762939453,25.899999618530273,25.299999237060547,25.6200008392334,325600,0.0,0.0
2014-01-02 00:00:00-05:00,25.43000030517578,25.600000381469727,24.950000762939453,25.049999237060547,104900,0.0,0.0
2014-01-03 00:00:00-05:00,25.079999923706055,25.489999771118164,25.010000228881836,25.270000457763672,115900,0.0,0.0
2014-01-06 00:00:00-05:00,24.709999084472656,24.989999771118164,24.139999389648438,24.520000457763672,157100,0.0,0.0
2014-01-07 00:00:00-05:00,24.56999969482422,25.15999984741211,24.459999084472656,25.059999465942383,128600,0.0,0.0
2014-01-08 00:00:00-05:00,25.1299991607666,25.260000228881836,24.81999969482422,25.15999984741211,133500,0.0,0.0
2014-01-09 00:00:00-05:00,25.209999084472656,25.25,24.670000076293945,25.15999984741211,91500,0.0,0.0
2014-01-10 00:00:00-05:00,25.1299991607666,25.18000030517578,24.68000030517578,25.1200008392334,58100,0.0,0.0
2014-01-13 00:00:00-05:00,24.90999984741211,25.010000228881836,24.270000457763672,24.6299991607666,89000,0.0,0.0
2014-01-14 00:00:00-05:00,24.739999771118164,24.889999389648438,24.510000228881836,24.81999969482422,68500,0.0,0.0
2014-01-15 00:00:00-05:00,24.959999084472656,26.0,24.790000915527344,25.809999465942383,234000,0.0,0.0
2014-01-16 00:00:00-05:00,25.799999237060547,26.0,25.469999313354492,25.700000762939453,85900,0.0,0.0
2014-01-17 00:00:00-05:00,25.579999923706055,25.81999969482422,25.139999389648438,25.309999465942383,85700,0.0,0.0
2014-01-21 00:00:00-05:00,25.559999465942383,25.739999771118164,25.329999923706055,25.489999771118164,56600,0.0,0.0
2014-01-22 00:00:00-05:00,25.610000610351562,26.549999237060547,25.549999237060547,26.40999984741211,351400,0.0,0.0
2014-01-23 00:00:00-05:00,26.299999237060547,26.729999542236328,25.68000030517578,26.049999237060547,74500,0.0,0.0
2014-01-24 00:00:00-05:00,25.780000686645508,25.780000686645508,24.65999984741211,24.829999923706055,129900,0.0,0.0
2014-01-27 00:00:00-05:00,25.270000457763672,25.270000457763672,23.93000030517578,24.200000762939453,89200,0.0,0.0
2014-01-28 00:00:00-05:00,24.219999313354492,24.489999771118164,24.030000686645508,24.170000076293945,64000,0.0,0.0
2014-01-29 00:00:00-05:00,23.850000381469727,24.200000762939453,23.600000381469727,23.690000534057617,110300,0.0,0.0
2014-01-30 00:00:00-05:00,23.979999542236328,24.190000534057617,23.610000610351562,23.75,109400,0.0,0.0
2014-01-31 00:00:00-05:00,23.280000686645508,24.030000686645508,23.0,23.700000762939453,148700,0.0,0.0
2014-02-03 00:00:00-05:00,23.68000030517578,23.790000915527344,22.110000610351562,22.420000076293945,240100,0.0,0.0
2014-02-04 00:00:00-05:00,22.469999313354492,22.850000381469727,22.280000686645508,22.65999984741211,101700,0.0,0.0
2014-02-05 00:00:00-05:00,22.59000015258789,22.610000610351562,21.559999465942383,21.899999618530273,195600,0.0,0.0
2014-02-06 00:00:00-05:00,23.010000228881836,23.93000030517578,23.010000228881836,23.700000762939453,214300,0.0,0.0
2014-02-07 00:00:00-05:00,23.81999969482422,24.059999465942383,23.149999618530273,24.010000228881836,178000,0.0,0.0
2014-02-10 00:00:00-05:00,23.040000915527344,23.3700008392334,22.75,23.059999465942383,273500,0.0,0.0
2014-02-11 00:00:00-05:00,22.950000762939453,23.290000915527344,22.8799991607666,22.969999313354492,141800,0.0,0.0
2014-02-12 00:00:00-05:00,22.959999084472656,23.270000457763672,22.639999389648438,22.739999771118164,90600,0.0,0.0
2014-02-13 00:00:00-05:00,22.489999771118164,23.06999969482422,22.200000762939453,22.399999618530273,130500,0.0,0.0
2014-02-14 00:00:00-05:00,22.149999618530273,22.469999313354492,22.020000457763672,22.239999771118164,157000,0.0,0.0
2014-02-18 00:00:00-05:00,22.219999313354492,22.5,22.09000015258789,22.459999084472656,256800,0.0,0.0
2014-02-19 00:00:00-05:00,22.459999084472656,22.56999969482422,22.1200008392334,22.18000030517578,150700,0.0,0.0
2014-02-20 00:00:00-05:00,22.139999389648438,22.6200008392334,21.860000610351562,21.920000076293945,186300,0.0,0.0
2014-02-21 00:00:00-05:00,21.950000762939453,22.1200008392334,21.15999984741211,21.239999771118164,278200,0.0,0.0
2014-02-24 00:00:00-05:00,20.989999771118164,21.780000686645508,20.770000457763672,21.350000381469727,263900,0.0,0.0
2014-02-25 00:00:00-05:00,21.299999237060547,21.31999969482422,20.549999237060547,20.920000076293945,240200,0.0,0.0
2014-02-26 00:00:00-05:00,20.979999542236328,21.40999984741211,20.25,21.09000015258789,139800,0.0,0.0
2014-02-27 00:00:00-05:00,20.940000534057617,21.0,20.1299991607666,20.799999237060547,358300,0.0,0.0
2014-02-28 00:00:00-05:00,20.81999969482422,21.219999313354492,20.239999771118164,20.389999389648438,273400,0.0,0.0
2014-03-03 00:00:00-05:00,20.030000686645508,20.030000686645508,19.100000381469727,19.360000610351562,473800,0.0,0.0
2014-03-04 00:00:00-05:00,19.6200008392334,20.75,19.6200008392334,20.0,619800,0.0,0.0
2014-03-05 00:00:00-05:00,19.889999389648438,20.43000030517578,19.450000762939453,19.709999084472656,221300,0.0,0.0
2014-03-06 00:00:00-05:00,19.6299991607666,20.030000686645508,19.190000534057617,19.760000228881836,379200,0.0,0.0
2014-03-07 00:00:00-05:00,19.920000076293945,19.920000076293945,19.389999389648438,19.790000915527344,441900,0.0,0.0
2014-03-10 00:00:00-04:00,19.790000915527344,19.829999923706055,19.5,19.780000686645508,153200,0.0,0.0
2014-03-11 00:00:00-04:00,19.639999389648438,19.860000610351562,19.15999984741211,19.520000457763672,129600,0.0,0.0
2014-03-12 00:00:00-04:00,19.270000457763672,19.6299991607666,19.06999969482422,19.59000015258789,169100,0.0,0.0
2014-03-13 00:00:00-04:00,19.600000381469727,19.790000915527344,19.049999237060547,19.200000762939453,189700,0.0,0.0
2014-03-14 00:00:00-04:00,19.1299991607666,19.25,18.540000915527344,19.040000915527344,165600,0.0,0.0
2014-03-17 00:00:00-04:00,19.239999771118164,19.360000610351562,18.969999313354492,19.190000534057617,298500,0.0,0.0
2014-03-18 00:00:00-04:00,19.200000762939453,19.459999084472656,18.670000076293945,19.350000381469727,261500,0.0,0.0
2014-03-19 00:00:00-04:00,19.290000915527344,19.59000015258789,18.829999923706055,19.479999542236328,261800,0.0,0.0
2014-03-20 00:00:00-04:00,19.450000762939453,20.209999084472656,19.010000228881836,19.940000534057617,338800,0.0,0.0
2014-03-21 00:00:00-04:00,19.969999313354492,20.280000686645508,19.6299991607666,19.700000762939453,208900,0.0,0.0
2014-03-24 00:00:00-04:00,19.760000228881836,19.760000228881836,18.43000030517578,18.8700008392334,176800,0.0,0.0
2014-03-25 00:00:00-04:00,19.030000686645508,19.34000015258789,17.950000762939453,18.139999389648438,278100,0.0,0.0
2014-03-26 00:00:00-04:00,18.229999542236328,18.239999771118164,17.280000686645508,17.59000015258789,457400,0.0,0.0
2014-03-27 00:00:00-04:00,17.649999618530273,18.079999923706055,17.209999084472656,17.8799991607666,450500,0.0,0.0
2014-03-28 00:00:00-04:00,17.8799991607666,18.139999389648438,17.520000457763672,17.989999771118164,294700,0.0,0.0
2014-03-31 00:00:00-04:00,18.170000076293945,18.489999771118164,17.700000762939453,18.170000076293945,631300,0.0,0.0
2014-04-01 00:00:00-04:00,18.25,18.3799991607666,17.950000762939453,18.170000076293945,532600,0.0,0.0
2014-04-02 00:00:00-04:00,18.190000534057617,18.260000228881836,17.8700008392334,18.18000030517578,127500,0.0,0.0
2014-04-03 00:00:00-04:00,18.139999389648438,18.229999542236328,17.780000686645508,17.899999618530273,161000,0.0,0.0
2014-04-04 00:00:00-04:00,18.079999923706055,18.25,17.170000076293945,17.469999313354492,259600,0.0,0.0
2014-04-07 00:00:00-04:00,17.31999969482422,17.6299991607666,17.030000686645508,17.420000076293945,159600,0.0,0.0
2014-04-08 00:00:00-04:00,17.389999389648438,17.799999237060547,17.18000030517578,17.530000686645508,143100,0.0,0.0
2014-04-09 00:00:00-04:00,17.639999389648438,18.110000610351562,17.399999618530273,18.020000457763672,130700,0.0,0.0
2014-04-10 00:00:00-04:00,17.940000534057617,17.940000534057617,17.31999969482422,17.43000030517578,252700,0.0,0.0
2014-04-11 00:00:00-04:00,17.280000686645508,17.59000015258789,17.239999771118164,17.360000610351562,363900,0.0,0.0
2014-04-14 00:00:00-04:00,17.600000381469727,17.600000381469727,17.020000457763672,17.229999542236328,113000,0.0,0.0
2014-04-15 00:00:00-04:00,17.239999771118164,17.420000076293945,16.600000381469727,17.31999969482422,162800,0.0,0.0
2014-04-16 00:00:00-04:00,17.43000030517578,17.540000915527344,17.030000686645508,17.420000076293945,80000,0.0,0.0
2014-04-17 00:00:00-04:00,17.40999984741211,17.8799991607666,17.239999771118164,17.3799991607666,91200,0.0,0.0
2014-04-21 00:00:00-04:00,17.360000610351562,17.719999313354492,17.200000762939453,17.520000457763672,75000,0.0,0.0
2014-04-22 00:00:00-04:00,17.559999465942383,18.5,17.360000610351562,18.459999084472656,193400,0.0,0.0
2014-04-23 00:00:00-04:00,18.579999923706055,18.579999923706055,18.049999237060547,18.399999618530273,160100,0.0,0.0
2014-04-24 00:00:00-04:00,18.450000762939453,19.030000686645508,18.290000915527344,18.81999969482422,278700,0.0,0.0
2014-04-25 00:00:00-04:00,19.0,20.0,18.81999969482422,19.31999969482422,465700,0.0,0.0
2014-04-28 00:00:00-04:00,19.329999923706055,19.84000015258789,18.690000534057617,18.950000762939453,342700,0.0,0.0
2014-04-29 00:00:00-04:00,18.989999771118164,19.209999084472656,18.450000762939453,18.940000534057617,306400,0.0,0.0
2014-04-30 00:00:00-04:00,18.93000030517578,18.93000030517578,18.440000534057617,18.770000457763672,219100,0.0,0.0
2014-05-01 00:00:00-04:00,18.700000762939453,19.149999618530273,18.350000381469727,18.93000030517578,195500,0.0,0.0
2014-05-02 00:00:00-04:00,18.920000076293945,19.389999389648438,18.670000076293945,18.989999771118164,187500,0.0,0.0
2014-05-05 00:00:00-04:00,18.899999618530273,19.059999465942383,18.520000457763672,18.670000076293945,201600,0.0,0.0
2014-05-06 00:00:00-04:00,18.639999389648438,18.860000610351562,18.239999771118164,18.31999969482422,120400,0.0,0.0
2014-05-07 00:00:00-04:00,19.030000686645508,19.209999084472656,17.950000762939453,18.309999465942383,171500,0.0,0.0
2014-05-08 00:00:00-04:00,18.229999542236328,18.600000381469727,17.670000076293945,17.84000015258789,141100,0.0,0.0
2014-05-09 00:00:00-04:00,17.739999771118164,18.440000534057617,17.559999465942383,18.3799991607666,110700,0.0,0.0
2014-05-12 00:00:00-04:00,18.420000076293945,19.079999923706055,18.219999313354492,18.84000015258789,165700,0.0,0.0
2014-05-13 00:00:00-04:00,18.760000228881836,19.34000015258789,18.75,19.06999969482422,323100,0.0,0.0
2014-05-14 00:00:00-04:00,18.93000030517578,19.149999618530273,18.610000610351562,18.969999313354492,154800,0.0,0.0
2014-05-15 00:00:00-04:00,18.899999618530273,18.959999084472656,18.34000015258789,18.6200008392334,100600,0.0,0.0
2014-05-16 00:00:00-04:00,18.709999084472656,18.760000228881836,18.309999465942383,18.719999313354492,102300,0.0,0.0
2014-05-19 00:00:00-04:00,18.700000762939453,18.969999313354492,18.420000076293945,18.809999465942383,122400,0.0,0.0
2014-05-20 00:00:00-04:00,18.829999923706055,18.829999923706055,18.25,18.459999084472656,116300,0.0,0.0
2014-05-21 00:00:00-04:00,18.6200008392334,18.979999542236328,18.479999542236328,18.950000762939453,143700,0.0,0.0
2014-05-22 00:00:00-04:00,18.950000762939453,19.34000015258789,18.899999618530273,19.260000228881836,123300,0.0,0.0
2014-05-23 00:00:00-04:00,19.190000534057617,19.709999084472656,19.190000534057617,19.65999984741211,295800,0.0,0.0
2014-05-27 00:00:00-04:00,19.760000228881836,20.079999923706055,19.65999984741211,20.059999465942383,181500,0.0,0.0
2014-05-28 00:00:00-04:00,20.059999465942383,20.18000030517578,19.649999618530273,20.06999969482422,128500,0.0,0.0
2014-05-29 00:00:00-04:00,20.219999313354492,20.219999313354492,19.899999618530273,20.059999465942383,105600,0.0,0.0
2014-05-30 00:00:00-04:00,19.989999771118164,20.299999237060547,19.809999465942383,19.920000076293945,123100,0.0,0.0
2014-06-02 00:00:00-04:00,20.010000228881836,20.139999389648438,19.209999084472656,19.40999984741211,108000,0.0,0.0
2014-06-03 00:00:00-04:00,19.229999542236328,19.530000686645508,19.18000030517578,19.25,184900,0.0,0.0
2014-06-04 00:00:00-04:00,19.200000762939453,19.510000228881836,19.040000915527344,19.489999771118164,328000,0.0,0.0
2014-06-05 00:00:00-04:00,19.479999542236328,20.049999237060547,19.40999984741211,19.950000762939453,109000,0.0,0.0
2014-06-06 00:00:00-04:00,20.06999969482422,20.09000015258789,19.81999969482422,19.950000762939453,109000,0.0,0.0
2014-06-09 00:00:00-04:00,19.920000076293945,20.040000915527344,19.639999389648438,19.81999969482422,144100,0.0,0.0
2014-06-10 00:00:00-04:00,19.790000915527344,19.81999969482422,19.110000610351562,19.3700008392334,582800,0.0,0.0
2014-06-11 00:00:00-04:00,19.299999237060547,19.860000610351562,19.0,19.709999084472656,107400,0.0,0.0
2014-06-12 00:00:00-04:00,19.6200008392334,20.139999389648438,19.440000534057617,19.8700008392334,125100,0.0,0.0
2014-06-13 00:00:00-04:00,19.8799991607666,20.280000686645508,19.860000610351562,20.030000686645508,106500,0.0,0.0
2014-06-16 00:00:00-04:00,20.06999969482422,20.809999465942383,20.06999969482422,20.799999237060547,202500,0.0,0.0
2014-06-17 00:00:00-04:00,20.81999969482422,21.0,20.540000915527344,20.790000915527344,121100,0.0,0.0
2014-06-18 00:00:00-04:00,20.729999542236328,20.93000030517578,20.700000762939453,20.850000381469727,84600,0.0,0.0
2014-06-19 00:00:00-04:00,20.940000534057617,20.950000762939453,20.600000381469727,20.790000915527344,135000,0.0,0.0
2014-06-20 00:00:00-04:00,20.920000076293945,21.030000686645508,20.75,20.969999313354492,198800,0.0,0.0
2014-06-23 00:00:00-04:00,21.010000228881836,21.350000381469727,20.90999984741211,21.25,368100,0.0,0.0
2014-06-24 00:00:00-04:00,21.18000030517578,21.770000457763672,21.0,21.149999618530273,390500,0.0,0.0
2014-06-25 00:00:00-04:00,21.040000915527344,21.229999542236328,20.729999542236328,20.850000381469727,179400,0.0,0.0
2014-06-26 00:00:00-04:00,20.850000381469727,20.93000030517578,20.5,20.90999984741211,76700,0.0,0.0
2014-06-27 00:00:00-04:00,20.780000686645508,21.43000030517578,20.780000686645508,21.290000915527344,786700,0.0,0.0
2014-06-30 00:00:00-04:00,21.329999923706055,21.3799991607666,20.950000762939453,21.219999313354492,162400,0.0,0.0
2014-07-01 00:00:00-04:00,21.280000686645508,22.239999771118164,20.899999618530273,21.959999084472656,241100,0.0,0.0
2014-07-02 00:00:00-04:00,22.020000457763672,22.270000457763672,21.670000076293945,21.700000762939453,117000,0.0,0.0
2014-07-03 00:00:00-04:00,21.75,21.829999923706055,21.549999237060547,21.670000076293945,43300,0.0,0.0
2014-07-07 00:00:00-04:00,21.65999984741211,21.65999984741211,21.350000381469727,21.459999084472656,108100,0.0,0.0
2014-07-08 00:00:00-04:00,21.3799991607666,21.520000457763672,20.700000762939453,21.5,201100,0.0,0.0
2014-07-09 00:00:00-04:00,21.530000686645508,21.690000534057617,21.43000030517578,21.540000915527344,86800,0.0,0.0
2014-07-10 00:00:00-04:00,21.110000610351562,21.65999984741211,21.110000610351562,21.510000228881836,114000,0.0,0.0
2014-07-11 00:00:00-04:00,21.440000534057617,21.6200008392334,21.229999542236328,21.309999465942383,77600,0.0,0.0
2014-07-14 00:00:00-04:00,21.530000686645508,21.739999771118164,21.360000610351562,21.469999313354492,70500,0.0,0.0
2014-07-15 00:00:00-04:00,21.450000762939453,21.469999313354492,20.989999771118164,21.06999969482422,88500,0.0,0.0
2014-07-16 00:00:00-04:00,21.209999084472656,21.260000228881836,20.780000686645508,20.8799991607666,210500,0.0,0.0
2014-07-17 00:00:00-04:00,20.760000228881836,21.25,20.690000534057617,20.760000228881836,203000,0.0,0.0
2014-07-18 00:00:00-04:00,20.670000076293945,21.0,20.649999618530273,20.899999618530273,142400,0.0,0.0
2014-07-21 00:00:00-04:00,20.81999969482422,21.1299991607666,20.799999237060547,20.959999084472656,86800,0.0,0.0
2014-07-22 00:00:00-04:00,21.040000915527344,21.229999542236328,20.93000030517578,21.040000915527344,77400,0.0,0.0
2014-07-23 00:00:00-04:00,21.09000015258789,22.65999984741211,20.610000610351562,20.719999313354492,66000,0.0,0.0
2014-07-24 00:00:00-04:00,20.81999969482422,20.950000762939453,20.239999771118164,20.34000015258789,235100,0.0,0.0
2014-07-25 00:00:00-04:00,20.15999984741211,20.15999984741211,19.809999465942383,20.020000457763672,136700,0.0,0.0
2014-07-28 00:00:00-04:00,20.030000686645508,20.3700008392334,19.709999084472656,20.299999237060547,122100,0.0,0.0
2014-07-29 00:00:00-04:00,19.780000686645508,20.280000686645508,18.81999969482422,19.5,379400,0.0,0.0
2014-07-30 00:00:00-04:00,19.530000686645508,19.950000762939453,19.459999084472656,19.649999618530273,299500,0.0,0.0
2014-07-31 00:00:00-04:00,19.5,19.610000610351562,19.020000457763672,19.15999984741211,154400,0.0,0.0
2014-08-01 00:00:00-04:00,19.079999923706055,19.260000228881836,18.850000381469727,19.200000762939453,151200,0.0,0.0
2014-08-04 00:00:00-04:00,19.219999313354492,19.3799991607666,18.510000228881836,19.329999923706055,155700,0.0,0.0
2014-08-05 00:00:00-04:00,19.190000534057617,19.479999542236328,18.989999771118164,19.31999969482422,171600,0.0,0.0
2014-08-06 00:00:00-04:00,19.149999618530273,19.889999389648438,19.149999618530273,19.5,121300,0.0,0.0
2014-08-07 00:00:00-04:00,19.610000610351562,19.610000610351562,19.010000228881836,19.149999618530273,158400,0.0,0.0
2014-08-08 00:00:00-04:00,19.15999984741211,19.43000030517578,19.0,19.219999313354492,195200,0.0,0.0
2014-08-11 00:00:00-04:00,19.219999313354492,19.5,19.049999237060547,19.239999771118164,182800,0.0,0.0
2014-08-12 00:00:00-04:00,19.209999084472656,19.360000610351562,19.010000228881836,19.329999923706055,120200,0.0,0.0
2014-08-13 00:00:00-04:00,19.40999984741211,19.770000457763672,19.18000030517578,19.549999237060547,82400,0.0,0.0
2014-08-14 00:00:00-04:00,19.5,19.75,19.31999969482422,19.549999237060547,136800,0.0,0.0
2014-08-15 00:00:00-04:00,19.559999465942383,19.790000915527344,19.3700008392334,19.56999969482422,178700,0.0,0.0
2014-08-18 00:00:00-04:00,19.690000534057617,19.790000915527344,19.389999389648438,19.65999984741211,125300,0.0,0.0
2014-08-19 00:00:00-04:00,19.610000610351562,19.760000228881836,19.489999771118164,19.6299991607666,55900,0.0,0.0
2014-08-20 00:00:00-04:00,19.459999084472656,19.850000381469727,19.329999923706055,19.75,168100,0.0,0.0
2014-08-21 00:00:00-04:00,19.760000228881836,20.1299991607666,19.6200008392334,19.959999084472656,138400,0.0,0.0
2014-08-22 00:00:00-04:00,19.959999084472656,20.170000076293945,19.809999465942383,20.030000686645508,71100,0.0,0.0
2014-08-25 00:00:00-04:00,20.139999389648438,20.290000915527344,19.8799991607666,19.940000534057617,71600,0.0,0.0
2014-08-26 00:00:00-04:00,19.979999542236328,20.31999969482422,19.829999923706055,20.100000381469727,77000,0.0,0.0
2014-08-27 00:00:00-04:00,20.139999389648438,20.139999389648438,19.989999771118164,20.06999969482422,41500,0.0,0.0
2014-08-28 00:00:00-04:00,20.010000228881836,20.100000381469727,19.93000030517578,19.959999084472656,49100,0.0,0.0
2014-08-29 00:00:00-04:00,19.979999542236328,20.040000915527344,19.709999084472656,19.969999313354492,145600,0.0,0.0
2014-09-02 00:00:00-04:00,20.049999237060547,20.489999771118164,19.969999313354492,20.3799991607666,188600,0.0,0.0
2014-09-03 00:00:00-04:00,20.450000762939453,20.450000762939453,20.100000381469727,20.3799991607666,226500,0.0,0.0
2014-09-04 00:00:00-04:00,20.440000534057617,20.649999618530273,20.3799991607666,20.5,134900,0.0,0.0
2014-09-05 00:00:00-04:00,20.399999618530273,20.65999984741211,20.200000762939453,20.440000534057617,77900,0.0,0.0
2014-09-08 00:00:00-04:00,20.440000534057617,20.6200008392334,20.1200008392334,20.290000915527344,66500,0.0,0.0
2014-09-09 00:00:00-04:00,20.200000762939453,20.290000915527344,19.969999313354492,20.020000457763672,115100,0.0,0.0
2014-09-10 00:00:00-04:00,20.040000915527344,20.149999618530273,19.860000610351562,20.010000228881836,83300,0.0,0.0
2014-09-11 00:00:00-04:00,19.860000610351562,20.1200008392334,19.510000228881836,20.010000228881836,155600,0.0,0.0
2014-09-12 00:00:00-04:00,20.049999237060547,20.049999237060547,19.690000534057617,19.809999465942383,136600,0.0,0.0
2014-09-15 00:00:00-04:00,19.780000686645508,19.780000686645508,19.600000381469727,19.649999618530273,77500,0.0,0.0
2014-09-16 00:00:00-04:00,19.579999923706055,20.0,19.56999969482422,19.770000457763672,521000,0.0,0.0
2014-09-17 00:00:00-04:00,19.75,19.989999771118164,19.3700008392334,19.420000076293945,79300,0.0,0.0
2014-09-18 00:00:00-04:00,19.469999313354492,19.559999465942383,19.0,19.030000686645508,922300,0.0,0.0
2014-09-19 00:00:00-04:00,19.040000915527344,19.100000381469727,18.600000381469727,18.709999084472656,205500,0.0,0.0
2014-09-22 00:00:00-04:00,18.6299991607666,18.6299991607666,18.239999771118164,18.329999923706055,141800,0.0,0.0
2014-09-23 00:00:00-04:00,18.239999771118164,18.399999618530273,17.719999313354492,17.889999389648438,164900,0.0,0.0
2014-09-24 00:00:00-04:00,17.940000534057617,18.1299991607666,17.81999969482422,17.93000030517578,116100,0.0,0.0
2014-09-25 00:00:00-04:00,17.90999984741211,17.90999984741211,17.479999542236328,17.540000915527344,104000,0.0,0.0
2014-09-26 00:00:00-04:00,17.229999542236328,17.8799991607666,17.190000534057617,17.799999237060547,141300,0.0,0.0
2014-09-29 00:00:00-04:00,17.649999618530273,17.899999618530273,17.510000228881836,17.639999389648438,98700,0.0,0.0
2014-09-30 00:00:00-04:00,13.5,13.609999656677246,12.260000228881836,12.609999656677246,1890000,0.0,0.0
2014-10-01 00:00:00-04:00,12.600000381469727,12.84000015258789,12.279999732971191,12.6899995803833,675200,0.0,0.0
2014-10-02 00:00:00-04:00,12.720000267028809,12.979999542236328,12.550000190734863,12.789999961853027,384900,0.0,0.0
2014-10-03 00:00:00-04:00,12.930000305175781,12.9399995803833,12.65999984741211,12.760000228881836,198000,0.0,0.0
2014-10-06 00:00:00-04:00,12.760000228881836,12.930000305175781,12.520000457763672,12.5600004196167,202000,0.0,0.0
2014-10-07 00:00:00-04:00,12.550000190734863,12.789999961853027,12.430000305175781,12.510000228881836,147100,0.0,0.0
2014-10-08 00:00:00-04:00,12.479999542236328,12.850000381469727,12.050000190734863,12.829999923706055,236700,0.0,0.0
2014-10-09 00:00:00-04:00,12.720000267028809,12.920000076293945,12.25,12.279999732971191,138200,0.0,0.0
2014-10-10 00:00:00-04:00,12.15999984741211,12.260000228881836,11.800000190734863,11.920000076293945,177400,0.0,0.0
2014-10-13 00:00:00-04:00,11.859999656677246,12.350000381469727,11.75,11.960000038146973,1112900,0.0,0.0
2014-10-14 00:00:00-04:00,12.109999656677246,12.619999885559082,12.029999732971191,12.0600004196167,231800,0.0,0.0
2014-10-15 00:00:00-04:00,11.949999809265137,12.220000267028809,11.619999885559082,11.90999984741211,296300,0.0,0.0
2014-10-16 00:00:00-04:00,11.770000457763672,12.199999809265137,11.739999771118164,12.109999656677246,268700,0.0,0.0
2014-10-17 00:00:00-04:00,12.300000190734863,12.300000190734863,11.729999542236328,11.920000076293945,328100,0.0,0.0
2014-10-20 00:00:00-04:00,11.890000343322754,12.020000457763672,11.779999732971191,12.0,232900,0.0,0.0
2014-10-21 00:00:00-04:00,12.0,12.010000228881836,11.84000015258789,12.0,231300,0.0,0.0
2014-10-22 00:00:00-04:00,11.989999771118164,12.050000190734863,11.720000267028809,11.75,267100,0.0,0.0
2014-10-23 00:00:00-04:00,11.869999885559082,12.069999694824219,11.760000228881836,11.880000114440918,327000,0.0,0.0
2014-10-24 00:00:00-04:00,14.899999618530273,14.899999618530273,12.329999923706055,12.479999542236328,487100,0.0,0.0
2014-10-27 00:00:00-04:00,12.460000038146973,12.460000038146973,11.829999923706055,12.130000114440918,611600,0.0,0.0
2014-10-28 00:00:00-04:00,12.109999656677246,12.600000381469727,11.949999809265137,12.300000190734863,334800,0.0,0.0
2014-10-29 00:00:00-04:00,12.270000457763672,12.579999923706055,12.050000190734863,12.149999618530273,303200,0.0,0.0
2014-10-30 00:00:00-04:00,12.0600004196167,12.430000305175781,11.949999809265137,12.380000114440918,150200,0.0,0.0
2014-10-31 00:00:00-04:00,12.65999984741211,13.039999961853027,12.430000305175781,12.970000267028809,221600,0.0,0.0
2014-11-03 00:00:00-05:00,12.960000038146973,12.989999771118164,12.550000190734863,12.59000015258789,157000,0.0,0.0
2014-11-04 00:00:00-05:00,12.819999694824219,13.210000038146973,12.6899995803833,12.869999885559082,264500,0.0,0.0
2014-11-05 00:00:00-05:00,12.960000038146973,13.4399995803833,12.800000190734863,13.34000015258789,224300,0.0,0.0
2014-11-06 00:00:00-05:00,13.399999618530273,13.520000457763672,13.170000076293945,13.489999771118164,145100,0.0,0.0
2014-11-07 00:00:00-05:00,13.489999771118164,13.930000305175781,13.359999656677246,13.890000343322754,186500,0.0,0.0
2014-11-10 00:00:00-05:00,13.890000343322754,14.15999984741211,13.789999961853027,14.140000343322754,211200,0.0,0.0
2014-11-11 00:00:00-05:00,14.100000381469727,14.180000305175781,13.819999694824219,14.149999618530273,149200,0.0,0.0
2014-11-12 00:00:00-05:00,14.09000015258789,14.300000190734863,14.020000457763672,14.289999961853027,127700,0.0,0.0
2014-11-13 00:00:00-05:00,14.329999923706055,14.369999885559082,13.970000267028809,14.0,294100,0.0,0.0
2014-11-14 00:00:00-05:00,14.039999961853027,14.130000114440918,13.789999961853027,13.819999694824219,133600,0.0,0.0
2014-11-17 00:00:00-05:00,13.770000457763672,13.770000457763672,13.229999542236328,13.260000228881836,205200,0.0,0.0
2014-11-18 00:00:00-05:00,13.279999732971191,13.960000038146973,13.149999618530273,13.729999542236328,205500,0.0,0.0
2014-11-19 00:00:00-05:00,13.699999809265137,13.699999809265137,13.279999732971191,13.359999656677246,198800,0.0,0.0
2014-11-20 00:00:00-05:00,13.279999732971191,13.520000457763672,13.1899995803833,13.479999542236328,113400,0.0,0.0
2014-11-21 00:00:00-05:00,13.699999809265137,13.739999771118164,13.369999885559082,13.390000343322754,120500,0.0,0.0
2014-11-24 00:00:00-05:00,13.420000076293945,13.890000343322754,13.359999656677246,13.869999885559082,264100,0.0,0.0
2014-11-25 00:00:00-05:00,13.930000305175781,13.989999771118164,13.210000038146973,13.289999961853027,359700,0.0,0.0
2014-11-26 00:00:00-05:00,13.319999694824219,13.640000343322754,13.220000267028809,13.609999656677246,258300,0.0,0.0
2014-11-28 00:00:00-05:00,13.619999885559082,13.800000190734863,13.25,13.25,120100,0.0,0.0
2014-12-01 00:00:00-05:00,13.180000305175781,13.520000457763672,12.65999984741211,12.670000076293945,233700,0.0,0.0
2014-12-02 00:00:00-05:00,12.670000076293945,13.020000457763672,12.5,13.0,220000,0.0,0.0
2014-12-03 00:00:00-05:00,13.050000190734863,13.399999618530273,12.90999984741211,13.329999923706055,136100,0.0,0.0
2014-12-04 00:00:00-05:00,13.34000015258789,13.380000114440918,12.75,12.75,116800,0.0,0.0
2014-12-05 00:00:00-05:00,12.75,13.0,12.600000381469727,12.819999694824219,174000,0.0,0.0
2014-12-08 00:00:00-05:00,12.779999732971191,13.050000190734863,12.4399995803833,12.470000267028809,127800,0.0,0.0
2014-12-09 00:00:00-05:00,12.399999618530273,13.0,12.100000381469727,12.979999542236328,178000,0.0,0.0
2014-12-10 00:00:00-05:00,12.90999984741211,13.140000343322754,12.40999984741211,12.449999809265137,134500,0.0,0.0
2014-12-11 00:00:00-05:00,12.539999961853027,12.949999809265137,12.300000190734863,12.729999542236328,189300,0.0,0.0
2014-12-12 00:00:00-05:00,12.550000190734863,12.880000114440918,12.369999885559082,12.59000015258789,136400,0.0,0.0
2014-12-15 00:00:00-05:00,12.699999809265137,12.949999809265137,12.300000190734863,12.319999694824219,110700,0.0,0.0
2014-12-16 00:00:00-05:00,12.289999961853027,12.739999771118164,12.0600004196167,12.3100004196167,185600,0.0,0.0
2014-12-17 00:00:00-05:00,12.300000190734863,13.109999656677246,12.270000457763672,13.069999694824219,207000,0.0,0.0
2014-12-18 00:00:00-05:00,13.3100004196167,13.90999984741211,13.229999542236328,13.859999656677246,200600,0.0,0.0
2014-12-19 00:00:00-05:00,13.829999923706055,14.09000015258789,13.479999542236328,13.949999809265137,314400,0.0,0.0
2014-12-22 00:00:00-05:00,13.9399995803833,14.470000267028809,13.899999618530273,14.460000038146973,185200,0.0,0.0
2014-12-23 00:00:00-05:00,14.609999656677246,15.100000381469727,14.399999618530273,14.9399995803833,295700,0.0,0.0
2014-12-24 00:00:00-05:00,15.069999694824219,15.069999694824219,13.90999984741211,14.970000267028809,189300,0.0,0.0
2014-12-26 00:00:00-05:00,15.069999694824219,15.239999771118164,14.760000228881836,15.0,194300,0.0,0.0
2014-12-29 00:00:00-05:00,15.0,15.119999885559082,14.710000038146973,14.899999618530273,189300,0.0,0.0
2014-12-30 00:00:00-05:00,14.789999961853027,15.050000190734863,14.640000343322754,14.850000381469727,176500,0.0,0.0
2014-12-31 00:00:00-05:00,14.850000381469727,14.960000038146973,14.680000305175781,14.859999656677246,219100,0.0,0.0
2015-01-02 00:00:00-05:00,14.90999984741211,15.5,14.460000038146973,14.649999618530273,186900,0.0,0.0
2015-01-05 00:00:00-05:00,14.600000381469727,14.84000015258789,14.369999885559082,14.579999923706055,172300,0.0,0.0
2015-01-06 00:00:00-05:00,14.59000015258789,14.59000015258789,13.59000015258789,13.630000114440918,230200,0.0,0.0
2015-01-07 00:00:00-05:00,13.8100004196167,13.8100004196167,13.3100004196167,13.579999923706055,218200,0.0,0.0
2015-01-08 00:00:00-05:00,17.049999237060547,17.670000076293945,16.850000381469727,17.579999923706055,1273100,0.0,0.0
2015-01-09 00:00:00-05:00,17.68000030517578,17.709999084472656,17.219999313354492,17.5,316400,0.0,0.0
2015-01-12 00:00:00-05:00,17.540000915527344,17.75,16.8799991607666,16.940000534057617,251600,0.0,0.0
2015-01-13 00:00:00-05:00,17.139999389648438,17.56999969482422,16.56999969482422,17.079999923706055,270500,0.0,0.0
2015-01-14 00:00:00-05:00,16.889999389648438,17.219999313354492,16.479999542236328,16.6200008392334,185600,0.0,0.0
2015-01-15 00:00:00-05:00,16.739999771118164,16.760000228881836,15.850000381469727,16.040000915527344,156500,0.0,0.0
2015-01-16 00:00:00-05:00,16.0,16.399999618530273,15.779999732971191,15.989999771118164,391200,0.0,0.0
2015-01-20 00:00:00-05:00,16.309999465942383,16.309999465942383,15.859999656677246,16.209999084472656,286600,0.0,0.0
2015-01-21 00:00:00-05:00,16.06999969482422,16.43000030517578,15.890000343322754,16.190000534057617,132000,0.0,0.0
2015-01-22 00:00:00-05:00,16.40999984741211,17.040000915527344,16.139999389648438,17.0,223200,0.0,0.0
2015-01-23 00:00:00-05:00,17.040000915527344,17.420000076293945,16.709999084472656,17.219999313354492,174000,0.0,0.0
2015-01-26 00:00:00-05:00,17.25,17.299999237060547,16.739999771118164,16.81999969482422,131000,0.0,0.0
2015-01-27 00:00:00-05:00,16.600000381469727,16.799999237060547,16.260000228881836,16.739999771118164,187600,0.0,0.0
2015-01-28 00:00:00-05:00,16.8799991607666,16.93000030517578,16.520000457763672,16.690000534057617,357600,0.0,0.0
2015-01-29 00:00:00-05:00,16.729999542236328,17.649999618530273,16.579999923706055,17.540000915527344,326900,0.0,0.0
2015-01-30 00:00:00-05:00,17.3700008392334,17.65999984741211,16.549999237060547,16.6200008392334,660200,0.0,0.0
2015-02-02 00:00:00-05:00,16.729999542236328,17.040000915527344,16.299999237060547,16.889999389648438,371500,0.0,0.0
2015-02-03 00:00:00-05:00,17.0,17.360000610351562,16.760000228881836,17.209999084472656,269600,0.0,0.0
2015-02-04 00:00:00-05:00,17.190000534057617,17.479999542236328,16.950000762939453,16.989999771118164,298400,0.0,0.0
2015-02-05 00:00:00-05:00,17.059999465942383,17.459999084472656,17.059999465942383,17.389999389648438,271600,0.0,0.0
2015-02-06 00:00:00-05:00,17.600000381469727,18.479999542236328,16.950000762939453,17.479999542236328,344300,0.0,0.0
2015-02-09 00:00:00-05:00,17.389999389648438,17.700000762939453,17.059999465942383,17.520000457763672,166400,0.0,0.0
2015-02-10 00:00:00-05:00,17.399999618530273,17.690000534057617,17.0,17.56999969482422,413800,0.0,0.0
2015-02-11 00:00:00-05:00,17.5,18.68000030517578,17.31999969482422,18.520000457763672,618000,0.0,0.0
2015-02-12 00:00:00-05:00,18.209999084472656,18.510000228881836,17.65999984741211,18.270000457763672,430100,0.0,0.0
2015-02-13 00:00:00-05:00,18.260000228881836,18.770000457763672,17.979999542236328,18.309999465942383,177900,0.0,0.0
2015-02-17 00:00:00-05:00,18.270000457763672,18.389999389648438,17.950000762939453,18.350000381469727,169800,0.0,0.0
2015-02-18 00:00:00-05:00,18.290000915527344,18.329999923706055,17.81999969482422,17.969999313354492,192500,0.0,0.0
2015-02-19 00:00:00-05:00,17.959999084472656,18.239999771118164,17.600000381469727,17.670000076293945,104700,0.0,0.0
2015-02-20 00:00:00-05:00,17.68000030517578,17.969999313354492,17.540000915527344,17.68000030517578,99800,0.0,0.0
2015-02-23 00:00:00-05:00,17.65999984741211,17.84000015258789,17.420000076293945,17.809999465942383,299000,0.0,0.0
2015-02-24 00:00:00-05:00,17.780000686645508,18.170000076293945,17.6299991607666,18.0,161200,0.0,0.0
2015-02-25 00:00:00-05:00,17.8700008392334,18.790000915527344,17.68000030517578,18.190000534057617,332700,0.0,0.0
2015-02-26 00:00:00-05:00,18.149999618530273,18.799999237060547,18.079999923706055,18.770000457763672,199500,0.0,0.0
2015-02-27 00:00:00-05:00,18.68000030517578,18.780000686645508,17.979999542236328,18.139999389648438,274900,0.0,0.0
2015-03-02 00:00:00-05:00,18.18000030517578,18.540000915527344,18.040000915527344,18.399999618530273,123300,0.0,0.0
2015-03-03 00:00:00-05:00,18.299999237060547,18.540000915527344,18.030000686645508,18.200000762939453,141600,0.0,0.0
2015-03-04 00:00:00-05:00,18.09000015258789,18.420000076293945,17.940000534057617,18.06999969482422,115700,0.0,0.0
2015-03-05 00:00:00-05:00,18.059999465942383,18.200000762939453,17.770000457763672,18.0,165700,0.0,0.0
2015-03-06 00:00:00-05:00,17.850000381469727,18.420000076293945,17.84000015258789,18.0,174700,0.0,0.0
2015-03-09 00:00:00-04:00,17.989999771118164,18.190000534057617,17.790000915527344,17.809999465942383,137700,0.0,0.0
2015-03-10 00:00:00-04:00,17.579999923706055,18.219999313354492,17.450000762939453,18.020000457763672,256900,0.0,0.0
2015-03-11 00:00:00-04:00,18.059999465942383,18.18000030517578,17.270000457763672,17.81999969482422,223900,0.0,0.0
2015-03-12 00:00:00-04:00,17.940000534057617,18.239999771118164,17.520000457763672,18.059999465942383,224900,0.0,0.0
2015-03-13 00:00:00-04:00,17.989999771118164,18.40999984741211,17.790000915527344,18.350000381469727,173400,0.0,0.0
2015-03-16 00:00:00-04:00,18.40999984741211,18.479999542236328,17.979999542236328,18.040000915527344,125000,0.0,0.0
2015-03-17 00:00:00-04:00,17.920000076293945,18.479999542236328,17.920000076293945,18.25,118400,0.0,0.0
2015-03-18 00:00:00-04:00,18.209999084472656,18.440000534057617,17.719999313354492,18.209999084472656,210600,0.0,0.0
2015-03-19 00:00:00-04:00,18.079999923706055,18.420000076293945,18.059999465942383,18.260000228881836,216400,0.0,0.0
2015-03-20 00:00:00-04:00,18.350000381469727,18.3700008392334,18.190000534057617,18.260000228881836,201600,0.0,0.0
2015-03-23 00:00:00-04:00,18.18000030517578,18.459999084472656,18.18000030517578,18.350000381469727,152200,0.0,0.0
2015-03-24 00:00:00-04:00,18.309999465942383,18.579999923706055,18.229999542236328,18.350000381469727,188100,0.0,0.0
2015-03-25 00:00:00-04:00,18.350000381469727,18.350000381469727,17.5,17.5,93300,0.0,0.0
2015-03-26 00:00:00-04:00,17.469999313354492,17.780000686645508,17.110000610351562,17.5,110300,0.0,0.0
2015-03-27 00:00:00-04:00,17.479999542236328,17.81999969482422,17.399999618530273,17.709999084472656,67800,0.0,0.0
2015-03-30 00:00:00-04:00,17.780000686645508,17.940000534057617,17.719999313354492,17.799999237060547,67500,0.0,0.0
2015-03-31 00:00:00-04:00,17.690000534057617,18.200000762939453,17.690000534057617,17.920000076293945,502600,0.0,0.0
2015-04-01 00:00:00-04:00,17.81999969482422,18.170000076293945,17.399999618530273,17.90999984741211,110600,0.0,0.0
2015-04-02 00:00:00-04:00,17.90999984741211,18.079999923706055,17.75,17.860000610351562,120400,0.0,0.0
2015-04-06 00:00:00-04:00,17.68000030517578,18.190000534057617,17.600000381469727,18.1299991607666,60700,0.0,0.0
2015-04-07 00:00:00-04:00,18.149999618530273,18.420000076293945,18.100000381469727,18.200000762939453,53200,0.0,0.0
2015-04-08 00:00:00-04:00,18.270000457763672,19.040000915527344,18.190000534057617,19.0,357100,0.0,0.0
2015-04-09 00:00:00-04:00,18.93000030517578,19.030000686645508,18.56999969482422,18.799999237060547,122500,0.0,0.0
2015-04-10 00:00:00-04:00,18.8799991607666,19.030000686645508,18.780000686645508,18.850000381469727,45100,0.0,0.0
2015-04-13 00:00:00-04:00,18.760000228881836,19.059999465942383,18.649999618530273,18.670000076293945,138500,0.0,0.0
2015-04-14 00:00:00-04:00,18.649999618530273,18.979999542236328,18.43000030517578,18.799999237060547,60900,0.0,0.0
2015-04-15 00:00:00-04:00,18.920000076293945,19.360000610351562,18.709999084472656,19.229999542236328,67900,0.0,0.0
2015-04-16 00:00:00-04:00,19.1200008392334,19.34000015258789,18.799999237060547,18.8700008392334,41200,0.0,0.0
2015-04-17 00:00:00-04:00,18.59000015258789,18.59000015258789,17.989999771118164,18.110000610351562,73300,0.0,0.0
2015-04-20 00:00:00-04:00,18.280000686645508,19.059999465942383,18.280000686645508,18.979999542236328,97600,0.0,0.0
2015-04-21 00:00:00-04:00,19.110000610351562,19.110000610351562,18.770000457763672,18.829999923706055,34100,0.0,0.0
2015-04-22 00:00:00-04:00,18.81999969482422,18.899999618530273,18.360000610351562,18.809999465942383,29000,0.0,0.0
2015-04-23 00:00:00-04:00,18.719999313354492,19.06999969482422,18.690000534057617,18.889999389648438,57700,0.0,0.0
2015-04-24 00:00:00-04:00,18.709999084472656,19.09000015258789,18.700000762939453,19.059999465942383,66000,0.0,0.0
2015-04-27 00:00:00-04:00,19.09000015258789,19.25,18.809999465942383,18.8700008392334,107900,0.0,0.0
2015-04-28 00:00:00-04:00,18.950000762939453,19.420000076293945,18.760000228881836,19.389999389648438,64200,0.0,0.0
2015-04-29 00:00:00-04:00,19.190000534057617,19.520000457763672,19.020000457763672,19.190000534057617,99700,0.0,0.0
2015-04-30 00:00:00-04:00,18.989999771118164,19.030000686645508,18.010000228881836,18.06999969482422,113900,0.0,0.0
2015-05-01 00:00:00-04:00,17.40999984741211,17.40999984741211,14.760000228881836,16.5,783700,0.0,0.0
2015-05-04 00:00:00-04:00,16.5,16.920000076293945,16.299999237060547,16.899999618530273,302800,0.0,0.0
2015-05-05 00:00:00-04:00,16.790000915527344,16.829999923706055,15.949999809265137,16.170000076293945,292700,0.0,0.0
2015-05-06 00:00:00-04:00,16.18000030517578,16.670000076293945,16.15999984741211,16.649999618530273,250000,0.0,0.0
2015-05-07 00:00:00-04:00,16.600000381469727,16.84000015258789,16.420000076293945,16.610000610351562,74900,0.0,0.0
2015-05-08 00:00:00-04:00,16.850000381469727,16.899999618530273,16.43000030517578,16.43000030517578,148600,0.0,0.0
2015-05-11 00:00:00-04:00,16.440000534057617,16.559999465942383,16.25,16.260000228881836,83500,0.0,0.0
2015-05-12 00:00:00-04:00,16.200000762939453,16.450000762939453,16.079999923706055,16.450000762939453,137200,0.0,0.0
2015-05-13 00:00:00-04:00,16.520000457763672,16.610000610351562,16.25,16.25,74100,0.0,0.0
2015-05-14 00:00:00-04:00,16.25,16.6299991607666,16.25,16.399999618530273,154300,0.0,0.0
2015-05-15 00:00:00-04:00,16.350000381469727,16.450000762939453,16.149999618530273,16.209999084472656,154300,0.0,0.0
2015-05-18 00:00:00-04:00,16.149999618530273,16.469999313354492,16.079999923706055,16.420000076293945,108300,0.0,0.0
2015-05-19 00:00:00-04:00,16.360000610351562,16.360000610351562,15.920000076293945,16.190000534057617,156600,0.0,0.0
2015-05-20 00:00:00-04:00,16.18000030517578,16.459999084472656,16.06999969482422,16.40999984741211,122300,0.0,0.0
2015-05-21 00:00:00-04:00,16.3700008392334,16.65999984741211,16.25,16.559999465942383,169000,0.0,0.0
2015-05-22 00:00:00-04:00,16.549999237060547,16.65999984741211,16.360000610351562,16.510000228881836,94000,0.0,0.0
2015-05-26 00:00:00-04:00,16.40999984741211,16.479999542236328,16.020000457763672,16.1200008392334,100500,0.0,0.0
2015-05-27 00:00:00-04:00,16.1200008392334,16.6200008392334,15.90999984741211,16.579999923706055,151800,0.0,0.0
2015-05-28 00:00:00-04:00,16.469999313354492,16.530000686645508,16.020000457763672,16.1200008392334,113700,0.0,0.0
2015-05-29 00:00:00-04:00,16.059999465942383,16.059999465942383,15.789999961853027,15.930000305175781,133600,0.0,0.0
2015-06-01 00:00:00-04:00,16.09000015258789,16.530000686645508,15.90999984741211,16.479999542236328,174800,0.0,0.0
2015-06-02 00:00:00-04:00,16.43000030517578,16.65999984741211,16.25,16.399999618530273,95300,0.0,0.0
2015-06-03 00:00:00-04:00,16.399999618530273,16.649999618530273,16.25,16.549999237060547,102600,0.0,0.0
2015-06-04 00:00:00-04:00,16.3700008392334,16.530000686645508,16.190000534057617,16.3799991607666,66100,0.0,0.0
2015-06-05 00:00:00-04:00,16.329999923706055,16.559999465942383,16.1299991607666,16.489999771118164,91300,0.0,0.0
2015-06-08 00:00:00-04:00,16.5,16.530000686645508,16.170000076293945,16.229999542236328,87100,0.0,0.0
2015-06-09 00:00:00-04:00,16.170000076293945,16.280000686645508,15.970000267028809,16.010000228881836,151400,0.0,0.0
2015-06-10 00:00:00-04:00,16.100000381469727,16.530000686645508,16.06999969482422,16.399999618530273,248800,0.0,0.0
2015-06-11 00:00:00-04:00,16.40999984741211,16.540000915527344,16.139999389648438,16.3799991607666,128700,0.0,0.0
2015-06-12 00:00:00-04:00,16.200000762939453,16.670000076293945,16.110000610351562,16.600000381469727,275300,0.0,0.0
2015-06-15 00:00:00-04:00,16.360000610351562,16.559999465942383,15.920000076293945,16.450000762939453,141500,0.0,0.0
2015-06-16 00:00:00-04:00,16.3700008392334,16.75,16.3700008392334,16.670000076293945,105200,0.0,0.0
2015-06-17 00:00:00-04:00,16.729999542236328,16.81999969482422,16.479999542236328,16.559999465942383,79400,0.0,0.0
2015-06-18 00:00:00-04:00,16.6299991607666,17.149999618530273,16.59000015258789,17.049999237060547,239800,0.0,0.0
2015-06-19 00:00:00-04:00,17.049999237060547,17.049999237060547,16.719999313354492,16.90999984741211,141500,0.0,0.0
2015-06-22 00:00:00-04:00,17.030000686645508,17.079999923706055,16.850000381469727,16.989999771118164,88200,0.0,0.0
2015-06-23 00:00:00-04:00,17.010000228881836,17.010000228881836,16.780000686645508,16.93000030517578,60900,0.0,0.0
2015-06-24 00:00:00-04:00,16.93000030517578,16.950000762939453,16.649999618530273,16.770000457763672,64400,0.0,0.0
2015-06-25 00:00:00-04:00,16.889999389648438,16.920000076293945,16.450000762939453,16.760000228881836,88600,0.0,0.0
2015-06-26 00:00:00-04:00,16.780000686645508,16.889999389648438,16.100000381469727,16.170000076293945,1135300,0.0,0.0
2015-06-29 00:00:00-04:00,16.229999542236328,16.40999984741211,15.649999618530273,15.779999732971191,153100,0.0,0.0
2015-06-30 00:00:00-04:00,16.0,16.06999969482422,15.789999961853027,16.0,118100,0.0,0.0
2015-07-01 00:00:00-04:00,16.229999542236328,16.450000762939453,16.09000015258789,16.200000762939453,213500,0.0,0.0
2015-07-02 00:00:00-04:00,16.229999542236328,16.360000610351562,15.989999771118164,16.020000457763672,219200,0.0,0.0
2015-07-06 00:00:00-04:00,15.899999618530273,16.059999465942383,14.979999542236328,14.989999771118164,775400,0.0,0.0
2015-07-07 00:00:00-04:00,15.0600004196167,15.0600004196167,13.779999732971191,13.970000267028809,572200,0.0,0.0
2015-07-08 00:00:00-04:00,13.779999732971191,14.279999732971191,13.779999732971191,14.0,440900,0.0,0.0
2015-07-09 00:00:00-04:00,14.300000190734863,14.390000343322754,13.930000305175781,13.970000267028809,213600,0.0,0.0
2015-07-10 00:00:00-04:00,14.25,14.430000305175781,13.699999809265137,13.729999542236328,299500,0.0,0.0
2015-07-13 00:00:00-04:00,13.850000381469727,14.260000228881836,13.739999771118164,14.239999771118164,251100,0.0,0.0
2015-07-14 00:00:00-04:00,14.199999809265137,14.40999984741211,14.020000457763672,14.239999771118164,140500,0.0,0.0
2015-07-15 00:00:00-04:00,14.270000457763672,14.270000457763672,13.869999885559082,13.960000038146973,103700,0.0,0.0
2015-07-16 00:00:00-04:00,14.029999732971191,14.140000343322754,13.59000015258789,13.699999809265137,141300,0.0,0.0
2015-07-17 00:00:00-04:00,13.65999984741211,13.84000015258789,13.0,13.369999885559082,945700,0.0,0.0
2015-07-20 00:00:00-04:00,13.199999809265137,13.539999961853027,12.949999809265137,13.039999961853027,209100,0.0,0.0
2015-07-21 00:00:00-04:00,13.0600004196167,13.380000114440918,13.0600004196167,13.119999885559082,138600,0.0,0.0
2015-07-22 00:00:00-04:00,13.010000228881836,13.130000114440918,12.670000076293945,12.829999923706055,175000,0.0,0.0
2015-07-23 00:00:00-04:00,12.880000114440918,13.319999694824219,12.829999923706055,12.90999984741211,109500,0.0,0.0
2015-07-24 00:00:00-04:00,12.869999885559082,12.90999984741211,12.670000076293945,12.789999961853027,127200,0.0,0.0
2015-07-27 00:00:00-04:00,12.600000381469727,12.779999732971191,12.15999984741211,12.1899995803833,200700,0.0,0.0
2015-07-28 00:00:00-04:00,12.289999961853027,12.710000038146973,11.9399995803833,12.600000381469727,249700,0.0,0.0
2015-07-29 00:00:00-04:00,12.5,12.859999656677246,12.3100004196167,12.649999618530273,137000,0.0,0.0
2015-07-30 00:00:00-04:00,12.649999618530273,13.119999885559082,12.5600004196167,13.020000457763672,171800,0.0,0.0
2015-07-31 00:00:00-04:00,14.0,15.289999961853027,13.6899995803833,14.010000228881836,722400,0.0,0.0
2015-08-03 00:00:00-04:00,13.970000267028809,14.0600004196167,13.430000305175781,13.670000076293945,309100,0.0,0.0
2015-08-04 00:00:00-04:00,13.65999984741211,13.779999732971191,13.1899995803833,13.3100004196167,146700,0.0,0.0
2015-08-05 00:00:00-04:00,13.4399995803833,13.6899995803833,13.069999694824219,13.100000381469727,164900,0.0,0.0
2015-08-06 00:00:00-04:00,13.130000114440918,13.229999542236328,12.699999809265137,13.039999961853027,229800,0.0,0.0
2015-08-07 00:00:00-04:00,12.970000267028809,13.199999809265137,12.880000114440918,13.130000114440918,134500,0.0,0.0
2015-08-10 00:00:00-04:00,13.239999771118164,13.670000076293945,13.239999771118164,13.529999732971191,87200,0.0,0.0
2015-08-11 00:00:00-04:00,13.449999809265137,13.6899995803833,13.34000015258789,13.619999885559082,126200,0.0,0.0
2015-08-12 00:00:00-04:00,13.4399995803833,13.680000305175781,13.329999923706055,13.619999885559082,110200,0.0,0.0
2015-08-13 00:00:00-04:00,13.609999656677246,13.65999984741211,13.149999618530273,13.1899995803833,109100,0.0,0.0
2015-08-14 00:00:00-04:00,13.149999618530273,13.489999771118164,13.130000114440918,13.4399995803833,101200,0.0,0.0
2015-08-17 00:00:00-04:00,13.390000343322754,13.399999618530273,13.0600004196167,13.279999732971191,181200,0.0,0.0
2015-08-18 00:00:00-04:00,12.800000190734863,13.9399995803833,12.800000190734863,13.069999694824219,157600,0.0,0.0
2015-08-19 00:00:00-04:00,12.979999542236328,13.199999809265137,12.75,12.850000381469727,143500,0.0,0.0
2015-08-20 00:00:00-04:00,12.729999542236328,13.010000228881836,12.600000381469727,12.899999618530273,114500,0.0,0.0
2015-08-21 00:00:00-04:00,12.630000114440918,13.119999885559082,12.5,12.6899995803833,239700,0.0,0.0
2015-08-24 00:00:00-04:00,12.069999694824219,12.670000076293945,11.680000305175781,11.710000038146973,252000,0.0,0.0
2015-08-25 00:00:00-04:00,12.180000305175781,12.180000305175781,11.369999885559082,11.4399995803833,162700,0.0,0.0
2015-08-26 00:00:00-04:00,11.720000267028809,11.850000381469727,11.279999732971191,11.760000228881836,143000,0.0,0.0
2015-08-27 00:00:00-04:00,11.890000343322754,12.15999984741211,11.6899995803833,12.119999885559082,123800,0.0,0.0
2015-08-28 00:00:00-04:00,11.930000305175781,12.229999542236328,11.800000190734863,12.220000267028809,148900,0.0,0.0
2015-08-31 00:00:00-04:00,12.149999618530273,12.239999771118164,11.949999809265137,12.180000305175781,87300,0.0,0.0
2015-09-01 00:00:00-04:00,11.880000114440918,12.079999923706055,11.550000190734863,11.630000114440918,99800,0.0,0.0
2015-09-02 00:00:00-04:00,11.789999961853027,11.789999961853027,11.1899995803833,11.359999656677246,262100,0.0,0.0
2015-09-03 00:00:00-04:00,11.390000343322754,11.640000343322754,11.010000228881836,11.4399995803833,154400,0.0,0.0
2015-09-04 00:00:00-04:00,11.270000457763672,11.449999809265137,11.1899995803833,11.300000190734863,66600,0.0,0.0
2015-09-08 00:00:00-04:00,11.520000457763672,11.670000076293945,11.369999885559082,11.600000381469727,71500,0.0,0.0
2015-09-09 00:00:00-04:00,11.75,11.770000457763672,11.140000343322754,11.15999984741211,79300,0.0,0.0
2015-09-10 00:00:00-04:00,11.130000114440918,11.489999771118164,11.0,11.399999618530273,63600,0.0,0.0
2015-09-11 00:00:00-04:00,11.289999961853027,11.779999732971191,11.220000267028809,11.75,103800,0.0,0.0
2015-09-14 00:00:00-04:00,11.779999732971191,11.989999771118164,11.3100004196167,11.369999885559082,99500,0.0,0.0
2015-09-15 00:00:00-04:00,11.329999923706055,11.760000228881836,11.3100004196167,11.710000038146973,99900,0.0,0.0
2015-09-16 00:00:00-04:00,11.720000267028809,11.949999809265137,11.720000267028809,11.800000190734863,31300,0.0,0.0
2015-09-17 00:00:00-04:00,11.630000114440918,11.819999694824219,11.460000038146973,11.760000228881836,103400,0.0,0.0
2015-09-18 00:00:00-04:00,11.550000190734863,11.59000015258789,11.050000190734863,11.149999618530273,129700,0.0,0.0
2015-09-21 00:00:00-04:00,11.25,11.520000457763672,11.010000228881836,11.100000381469727,74900,0.0,0.0
2015-09-22 00:00:00-04:00,11.029999732971191,11.039999961853027,10.65999984741211,10.899999618530273,144200,0.0,0.0
2015-09-23 00:00:00-04:00,10.949999809265137,10.949999809265137,10.510000228881836,10.5600004196167,113800,0.0,0.0
2015-09-24 00:00:00-04:00,10.4399995803833,10.800000190734863,10.180000305175781,10.600000381469727,208500,0.0,0.0
2015-09-25 00:00:00-04:00,10.720000267028809,10.720000267028809,10.119999885559082,10.229999542236328,247500,0.0,0.0
2015-09-28 00:00:00-04:00,10.15999984741211,10.239999771118164,9.949999809265137,9.979999542236328,141400,0.0,0.0
2015-09-29 00:00:00-04:00,9.979999542236328,10.229999542236328,9.90999984741211,10.029999732971191,165300,0.0,0.0
2015-09-30 00:00:00-04:00,10.140000343322754,10.220000267028809,9.9399995803833,10.0,529500,0.0,0.0
2015-10-01 00:00:00-04:00,10.029999732971191,10.170000076293945,9.90999984741211,10.029999732971191,364200,0.0,0.0
2015-10-02 00:00:00-04:00,9.949999809265137,10.430000305175781,9.779999732971191,10.34000015258789,244200,0.0,0.0
2015-10-05 00:00:00-04:00,10.479999542236328,10.829999923706055,10.319999694824219,10.649999618530273,266300,0.0,0.0
2015-10-06 00:00:00-04:00,10.630000114440918,10.899999618530273,10.420000076293945,10.670000076293945,224400,0.0,0.0
2015-10-07 00:00:00-04:00,10.739999771118164,11.15999984741211,10.520000457763672,11.0,262100,0.0,0.0
2015-10-08 00:00:00-04:00,10.979999542236328,11.289999961853027,10.949999809265137,11.149999618530273,184000,0.0,0.0
2015-10-09 00:00:00-04:00,11.210000038146973,11.359999656677246,11.0600004196167,11.15999984741211,221900,0.0,0.0
2015-10-12 00:00:00-04:00,11.1899995803833,11.470000267028809,11.100000381469727,11.260000228881836,104300,0.0,0.0
2015-10-13 00:00:00-04:00,11.180000305175781,11.510000228881836,11.029999732971191,11.210000038146973,96600,0.0,0.0
2015-10-14 00:00:00-04:00,11.199999809265137,11.569999694824219,11.199999809265137,11.289999961853027,91500,0.0,0.0
2015-10-15 00:00:00-04:00,11.329999923706055,11.600000381469727,11.149999618530273,11.359999656677246,139900,0.0,0.0
2015-10-16 00:00:00-04:00,11.399999618530273,11.430000305175781,11.050000190734863,11.289999961853027,94700,0.0,0.0
2015-10-19 00:00:00-04:00,11.220000267028809,11.34000015258789,11.039999961853027,11.15999984741211,86700,0.0,0.0
2015-10-20 00:00:00-04:00,11.140000343322754,11.649999618530273,10.899999618530273,11.140000343322754,112800,0.0,0.0
2015-10-21 00:00:00-04:00,11.210000038146973,11.350000381469727,11.029999732971191,11.029999732971191,70200,0.0,0.0
2015-10-22 00:00:00-04:00,11.079999923706055,11.4399995803833,11.079999923706055,11.329999923706055,88200,0.0,0.0
2015-10-23 00:00:00-04:00,11.470000267028809,11.470000267028809,11.0600004196167,11.270000457763672,79800,0.0,0.0
2015-10-26 00:00:00-04:00,11.220000267028809,11.270000457763672,11.039999961853027,11.09000015258789,67800,0.0,0.0
2015-10-27 00:00:00-04:00,10.989999771118164,11.109999656677246,10.399999618530273,10.5,79500,0.0,0.0
2015-10-28 00:00:00-04:00,10.569999694824219,11.1899995803833,10.470000267028809,10.920000076293945,110000,0.0,0.0
2015-10-29 00:00:00-04:00,10.8100004196167,10.890000343322754,10.569999694824219,10.680000305175781,109900,0.0,0.0
2015-10-30 00:00:00-04:00,10.579999923706055,10.699999809265137,9.680000305175781,10.5600004196167,334100,0.0,0.0
2015-11-02 00:00:00-05:00,10.520000457763672,10.699999809265137,10.25,10.630000114440918,177300,0.0,0.0
2015-11-03 00:00:00-05:00,10.59000015258789,10.960000038146973,10.520000457763672,10.800000190734863,278200,0.0,0.0
2015-11-04 00:00:00-05:00,10.8100004196167,10.930000305175781,10.609999656677246,10.760000228881836,103200,0.0,0.0
2015-11-05 00:00:00-05:00,10.710000038146973,10.770000457763672,10.239999771118164,10.34000015258789,88200,0.0,0.0
2015-11-06 00:00:00-05:00,10.300000190734863,10.600000381469727,10.149999618530273,10.569999694824219,69200,0.0,0.0
2015-11-09 00:00:00-05:00,10.5,10.699999809265137,10.359999656677246,10.449999809265137,157600,0.0,0.0
2015-11-10 00:00:00-05:00,10.399999618530273,10.399999618530273,9.899999618530273,10.130000114440918,211700,0.0,0.0
2015-11-11 00:00:00-05:00,10.140000343322754,10.140000343322754,9.9399995803833,9.979999542236328,65300,0.0,0.0
2015-11-12 00:00:00-05:00,9.899999618530273,10.239999771118164,9.729999542236328,9.989999771118164,162900,0.0,0.0
2015-11-13 00:00:00-05:00,9.920000076293945,10.180000305175781,9.779999732971191,9.979999542236328,96200,0.0,0.0
2015-11-16 00:00:00-05:00,9.949999809265137,10.210000038146973,9.859999656677246,10.180000305175781,91600,0.0,0.0
2015-11-17 00:00:00-05:00,10.199999809265137,10.399999618530273,10.039999961853027,10.069999694824219,83600,0.0,0.0
2015-11-18 00:00:00-05:00,10.020000457763672,10.829999923706055,9.789999961853027,9.979999542236328,215900,0.0,0.0
2015-11-19 00:00:00-05:00,9.989999771118164,10.270000457763672,9.869999885559082,10.210000038146973,140900,0.0,0.0
2015-11-20 00:00:00-05:00,10.270000457763672,10.520000457763672,10.029999732971191,10.430000305175781,98700,0.0,0.0
2015-11-23 00:00:00-05:00,10.40999984741211,10.449999809265137,10.270000457763672,10.420000076293945,120400,0.0,0.0
2015-11-24 00:00:00-05:00,10.350000381469727,10.649999618530273,10.15999984741211,10.59000015258789,116600,0.0,0.0
2015-11-25 00:00:00-05:00,10.59000015258789,10.890000343322754,10.420000076293945,10.75,90100,0.0,0.0
2015-11-27 00:00:00-05:00,10.720000267028809,11.0,10.579999923706055,10.989999771118164,82500,0.0,0.0
2015-11-30 00:00:00-05:00,11.020000457763672,11.279999732971191,10.710000038146973,11.149999618530273,263500,0.0,0.0
2015-12-01 00:00:00-05:00,11.170000076293945,11.369999885559082,11.039999961853027,11.220000267028809,98200,0.0,0.0
2015-12-02 00:00:00-05:00,11.1899995803833,11.300000190734863,11.130000114440918,11.180000305175781,90800,0.0,0.0
2015-12-03 00:00:00-05:00,11.25,11.3100004196167,11.130000114440918,11.239999771118164,122000,0.0,0.0
2015-12-04 00:00:00-05:00,11.229999542236328,11.260000228881836,11.0600004196167,11.220000267028809,343300,0.0,0.0
2015-12-07 00:00:00-05:00,11.420000076293945,11.420000076293945,10.829999923706055,10.899999618530273,282200,0.0,0.0
2015-12-08 00:00:00-05:00,10.789999961853027,11.140000343322754,10.34000015258789,10.829999923706055,87200,0.0,0.0
2015-12-09 00:00:00-05:00,10.8100004196167,11.420000076293945,10.800000190734863,11.390000343322754,183200,0.0,0.0
2015-12-10 00:00:00-05:00,11.319999694824219,11.380000114440918,10.970000267028809,11.229999542236328,182300,0.0,0.0
2015-12-11 00:00:00-05:00,10.9399995803833,11.210000038146973,10.800000190734863,11.100000381469727,148900,0.0,0.0
2015-12-14 00:00:00-05:00,11.0600004196167,11.109999656677246,10.680000305175781,10.699999809265137,179600,0.0,0.0
2015-12-15 00:00:00-05:00,10.789999961853027,11.140000343322754,10.710000038146973,10.9399995803833,145100,0.0,0.0
2015-12-16 00:00:00-05:00,10.979999542236328,11.109999656677246,10.729999542236328,10.890000343322754,157100,0.0,0.0
2015-12-17 00:00:00-05:00,10.869999885559082,11.1899995803833,10.75,10.970000267028809,150000,0.0,0.0
2015-12-18 00:00:00-05:00,10.970000267028809,11.170000076293945,10.739999771118164,10.760000228881836,252300,0.0,0.0
2015-12-21 00:00:00-05:00,10.869999885559082,10.979999542236328,10.760000228881836,10.850000381469727,72800,0.0,0.0
2015-12-22 00:00:00-05:00,10.899999618530273,11.020000457763672,10.6899995803833,10.970000267028809,80400,0.0,0.0
2015-12-23 00:00:00-05:00,11.020000457763672,11.260000228881836,10.989999771118164,11.239999771118164,127800,0.0,0.0
2015-12-24 00:00:00-05:00,11.25,11.579999923706055,11.109999656677246,11.5,39600,0.0,0.0
2015-12-28 00:00:00-05:00,11.430000305175781,11.630000114440918,11.210000038146973,11.489999771118164,122300,0.0,0.0
2015-12-29 00:00:00-05:00,11.529999732971191,11.760000228881836,11.470000267028809,11.600000381469727,97800,0.0,0.0
2015-12-30 00:00:00-05:00,11.5600004196167,11.649999618530273,11.149999618530273,11.170000076293945,56000,0.0,0.0
2015-12-31 00:00:00-05:00,11.119999885559082,11.170000076293945,10.789999961853027,10.84000015258789,140700,0.0,0.0
2016-01-04 00:00:00-05:00,10.630000114440918,10.720000267028809,10.119999885559082,10.40999984741211,124700,0.0,0.0
2016-01-05 00:00:00-05:00,10.430000305175781,10.430000305175781,10.0600004196167,10.300000190734863,94300,0.0,0.0
2016-01-06 00:00:00-05:00,10.109999656677246,10.319999694824219,9.84000015258789,10.270000457763672,139800,0.0,0.0
2016-01-07 00:00:00-05:00,10.039999961853027,10.0600004196167,9.699999809265137,9.729999542236328,141600,0.0,0.0
2016-01-08 00:00:00-05:00,9.720000267028809,10.020000457763672,9.289999961853027,9.3100004196167,108800,0.0,0.0
2016-01-11 00:00:00-05:00,9.369999885559082,9.5,9.069999694824219,9.279999732971191,89500,0.0,0.0
2016-01-12 00:00:00-05:00,9.350000381469727,9.449999809265137,9.020000457763672,9.229999542236328,104700,0.0,0.0
2016-01-13 00:00:00-05:00,9.25,9.600000381469727,8.800000190734863,8.989999771118164,110100,0.0,0.0
2016-01-14 00:00:00-05:00,9.119999885559082,9.649999618530273,8.949999809265137,9.489999771118164,128900,0.0,0.0
2016-01-15 00:00:00-05:00,9.1899995803833,10.029999732971191,8.949999809265137,9.229999542236328,90000,0.0,0.0
2016-01-19 00:00:00-05:00,9.319999694824219,9.529999732971191,9.109999656677246,9.479999542236328,150600,0.0,0.0
2016-01-20 00:00:00-05:00,9.300000190734863,9.630000114440918,9.010000228881836,9.520000457763672,76000,0.0,0.0
2016-01-21 00:00:00-05:00,9.5,9.649999618530273,9.399999618530273,9.449999809265137,81300,0.0,0.0
2016-01-22 00:00:00-05:00,9.65999984741211,9.960000038146973,9.600000381469727,9.920000076293945,69200,0.0,0.0
2016-01-25 00:00:00-05:00,9.829999923706055,9.930000305175781,9.649999618530273,9.710000038146973,64500,0.0,0.0
2016-01-26 00:00:00-05:00,9.779999732971191,10.09000015258789,9.6899995803833,9.90999984741211,35400,0.0,0.0
2016-01-27 00:00:00-05:00,9.850000381469727,9.850000381469727,9.510000228881836,9.710000038146973,88200,0.0,0.0
2016-01-28 00:00:00-05:00,9.8100004196167,10.039999961853027,9.670000076293945,9.979999542236328,99200,0.0,0.0
2016-01-29 00:00:00-05:00,10.020000457763672,10.84000015258789,9.960000038146973,10.829999923706055,146000,0.0,0.0
2016-02-01 00:00:00-05:00,10.75,10.920000076293945,10.260000228881836,10.359999656677246,138400,0.0,0.0
2016-02-02 00:00:00-05:00,10.239999771118164,10.270000457763672,9.770000457763672,9.84000015258789,71900,0.0,0.0
2016-02-03 00:00:00-05:00,9.960000038146973,10.180000305175781,9.619999885559082,9.739999771118164,170600,0.0,0.0
2016-02-04 00:00:00-05:00,9.729999542236328,9.970000267028809,9.619999885559082,9.6899995803833,123600,0.0,0.0
2016-02-05 00:00:00-05:00,9.579999923706055,10.15999984741211,9.15999984741211,9.220000267028809,107500,0.0,0.0
2016-02-08 00:00:00-05:00,9.079999923706055,9.59000015258789,9.050000190734863,9.4399995803833,109900,0.0,0.0
2016-02-09 00:00:00-05:00,9.350000381469727,9.569999694824219,9.319999694824219,9.399999618530273,163600,0.0,0.0
2016-02-10 00:00:00-05:00,9.420000076293945,9.609999656677246,9.180000305175781,9.229999542236328,201800,0.0,0.0
2016-02-11 00:00:00-05:00,8.949999809265137,9.319999694824219,8.699999809265137,9.0,123200,0.0,0.0
2016-02-12 00:00:00-05:00,11.399999618530273,11.399999618530273,9.5600004196167,10.390000343322754,259400,0.0,0.0
2016-02-16 00:00:00-05:00,10.510000228881836,10.869999885559082,10.15999984741211,10.3100004196167,202000,0.0,0.0
2016-02-17 00:00:00-05:00,10.40999984741211,10.699999809265137,10.40999984741211,10.5,261800,0.0,0.0
2016-02-18 00:00:00-05:00,10.539999961853027,10.720000267028809,10.239999771118164,10.350000381469727,111900,0.0,0.0
2016-02-19 00:00:00-05:00,10.300000190734863,10.600000381469727,10.300000190734863,10.449999809265137,132500,0.0,0.0
2016-02-22 00:00:00-05:00,10.510000228881836,10.6899995803833,10.109999656677246,10.220000267028809,224800,0.0,0.0
2016-02-23 00:00:00-05:00,10.4399995803833,10.640000343322754,10.109999656677246,10.119999885559082,209600,0.0,0.0
2016-02-24 00:00:00-05:00,10.010000228881836,10.470000267028809,9.880000114440918,10.420000076293945,144500,0.0,0.0
2016-02-25 00:00:00-05:00,10.460000038146973,10.859999656677246,10.460000038146973,10.829999923706055,181500,0.0,0.0
2016-02-26 00:00:00-05:00,10.920000076293945,11.489999771118164,10.890000343322754,11.220000267028809,149700,0.0,0.0
2016-02-29 00:00:00-05:00,11.260000228881836,11.520000457763672,11.199999809265137,11.359999656677246,113700,0.0,0.0
2016-03-01 00:00:00-05:00,11.430000305175781,11.65999984741211,11.399999618530273,11.550000190734863,84300,0.0,0.0
2016-03-02 00:00:00-05:00,11.489999771118164,11.829999923706055,11.479999542236328,11.8100004196167,73700,0.0,0.0
2016-03-03 00:00:00-05:00,11.829999923706055,12.029999732971191,11.789999961853027,12.020000457763672,114200,0.0,0.0
2016-03-04 00:00:00-05:00,12.020000457763672,12.369999885559082,11.899999618530273,12.050000190734863,123200,0.0,0.0
2016-03-07 00:00:00-05:00,12.020000457763672,12.319999694824219,11.819999694824219,12.130000114440918,130000,0.0,0.0
2016-03-08 00:00:00-05:00,12.010000228881836,12.100000381469727,11.800000190734863,11.979999542236328,125300,0.0,0.0
2016-03-09 00:00:00-05:00,12.0,12.619999885559082,11.930000305175781,12.039999961853027,93900,0.0,0.0
2016-03-10 00:00:00-05:00,12.079999923706055,12.149999618530273,11.850000381469727,11.930000305175781,110100,0.0,0.0
2016-03-11 00:00:00-05:00,12.0,12.239999771118164,11.989999771118164,12.199999809265137,65100,0.0,0.0
2016-03-14 00:00:00-04:00,12.109999656677246,12.479999542236328,12.039999961853027,12.170000076293945,111000,0.0,0.0
2016-03-15 00:00:00-04:00,12.039999961853027,12.90999984741211,12.039999961853027,12.40999984741211,264800,0.0,0.0
2016-03-16 00:00:00-04:00,12.329999923706055,12.859999656677246,12.329999923706055,12.720000267028809,120400,0.0,0.0
2016-03-17 00:00:00-04:00,12.680000305175781,13.369999885559082,12.569999694824219,13.319999694824219,147500,0.0,0.0
2016-03-18 00:00:00-04:00,13.420000076293945,14.010000228881836,13.210000038146973,13.920000076293945,244500,0.0,0.0
2016-03-21 00:00:00-04:00,13.800000190734863,14.729999542236328,13.579999923706055,13.899999618530273,195700,0.0,0.0
2016-03-22 00:00:00-04:00,13.920000076293945,13.920000076293945,13.59000015258789,13.789999961853027,91700,0.0,0.0
2016-03-23 00:00:00-04:00,13.739999771118164,13.949999809265137,13.550000190734863,13.670000076293945,161900,0.0,0.0
2016-03-24 00:00:00-04:00,13.609999656677246,14.0,13.479999542236328,13.890000343322754,100300,0.0,0.0
2016-03-28 00:00:00-04:00,13.899999618530273,14.239999771118164,13.289999961853027,13.34000015258789,146500,0.0,0.0
2016-03-29 00:00:00-04:00,13.329999923706055,13.819999694824219,13.329999923706055,13.710000038146973,170500,0.0,0.0
2016-03-30 00:00:00-04:00,13.850000381469727,13.899999618530273,13.380000114440918,13.399999618530273,121300,0.0,0.0
2016-03-31 00:00:00-04:00,13.4399995803833,13.479999542236328,13.210000038146973,13.380000114440918,170800,0.0,0.0
2016-04-01 00:00:00-04:00,13.289999961853027,13.75,13.170000076293945,13.729999542236328,143000,0.0,0.0
2016-04-04 00:00:00-04:00,13.739999771118164,13.739999771118164,13.15999984741211,13.180000305175781,84900,0.0,0.0
2016-04-05 00:00:00-04:00,12.90999984741211,13.149999618530273,12.09000015258789,12.800000190734863,131300,0.0,0.0
2016-04-06 00:00:00-04:00,12.84000015258789,13.079999923706055,12.710000038146973,12.90999984741211,69900,0.0,0.0
2016-04-07 00:00:00-04:00,12.829999923706055,12.979999542236328,12.640000343322754,12.800000190734863,75200,0.0,0.0
2016-04-08 00:00:00-04:00,12.9399995803833,13.0,12.670000076293945,12.829999923706055,93100,0.0,0.0
2016-04-11 00:00:00-04:00,12.859999656677246,13.170000076293945,12.569999694824219,12.600000381469727,56000,0.0,0.0
2016-04-12 00:00:00-04:00,12.609999656677246,12.979999542236328,12.380000114440918,12.680000305175781,54100,0.0,0.0
2016-04-13 00:00:00-04:00,12.819999694824219,13.15999984741211,12.699999809265137,13.109999656677246,81800,0.0,0.0
2016-04-14 00:00:00-04:00,13.0600004196167,13.420000076293945,12.869999885559082,13.25,110500,0.0,0.0
2016-04-15 00:00:00-04:00,13.180000305175781,13.619999885559082,13.0600004196167,13.15999984741211,59500,0.0,0.0
2016-04-18 00:00:00-04:00,13.100000381469727,13.34000015258789,12.859999656677246,13.319999694824219,51200,0.0,0.0
2016-04-19 00:00:00-04:00,13.319999694824219,13.5600004196167,13.260000228881836,13.520000457763672,69900,0.0,0.0
2016-04-20 00:00:00-04:00,13.670000076293945,13.829999923706055,13.489999771118164,13.6899995803833,80100,0.0,0.0
2016-04-21 00:00:00-04:00,13.720000267028809,13.789999961853027,13.520000457763672,13.619999885559082,63100,0.0,0.0
2016-04-22 00:00:00-04:00,13.600000381469727,14.069999694824219,13.600000381469727,14.0,63900,0.0,0.0
2016-04-25 00:00:00-04:00,13.90999984741211,14.029999732971191,13.75,14.020000457763672,78700,0.0,0.0
2016-04-26 00:00:00-04:00,14.119999885559082,14.119999885559082,13.960000038146973,14.029999732971191,121800,0.0,0.0
2016-04-27 00:00:00-04:00,14.0,14.149999618530273,13.899999618530273,14.0,80800,0.0,0.0
2016-04-28 00:00:00-04:00,13.989999771118164,14.020000457763672,13.319999694824219,13.40999984741211,72800,0.0,0.0
2016-04-29 00:00:00-04:00,12.40999984741211,14.079999923706055,12.40999984741211,13.449999809265137,287800,0.0,0.0
2016-05-02 00:00:00-04:00,13.449999809265137,13.8100004196167,13.1899995803833,13.489999771118164,128400,0.0,0.0
2016-05-03 00:00:00-04:00,13.369999885559082,13.369999885559082,12.970000267028809,13.0600004196167,68500,0.0,0.0
2016-05-04 00:00:00-04:00,12.949999809265137,13.319999694824219,12.770000457763672,13.0,81900,0.0,0.0
2016-05-05 00:00:00-04:00,12.970000267028809,13.039999961853027,12.899999618530273,12.90999984741211,47600,0.0,0.0
2016-05-06 00:00:00-04:00,12.819999694824219,12.90999984741211,12.6899995803833,12.779999732971191,65100,0.0,0.0
2016-05-09 00:00:00-04:00,12.739999771118164,13.050000190734863,12.520000457763672,12.90999984741211,34600,0.0,0.0
2016-05-10 00:00:00-04:00,13.0,13.170000076293945,12.779999732971191,12.970000267028809,49600,0.0,0.0
2016-05-11 00:00:00-04:00,12.90999984741211,13.289999961853027,12.859999656677246,13.069999694824219,49000,0.0,0.0
2016-05-12 00:00:00-04:00,13.100000381469727,13.350000381469727,12.729999542236328,12.859999656677246,57200,0.0,0.0
2016-05-13 00:00:00-04:00,12.84000015258789,12.960000038146973,12.619999885559082,12.699999809265137,53900,0.0,0.0
2016-05-16 00:00:00-04:00,12.710000038146973,13.170000076293945,12.649999618530273,13.050000190734863,53500,0.0,0.0
2016-05-17 00:00:00-04:00,13.029999732971191,13.34000015258789,12.1899995803833,12.199999809265137,235900,0.0,0.0
2016-05-18 00:00:00-04:00,12.130000114440918,12.729999542236328,12.119999885559082,12.550000190734863,84700,0.0,0.0
2016-05-19 00:00:00-04:00,12.489999771118164,12.880000114440918,12.25,12.789999961853027,73700,0.0,0.0
2016-05-20 00:00:00-04:00,12.84000015258789,13.149999618530273,12.779999732971191,13.130000114440918,44900,0.0,0.0
2016-05-23 00:00:00-04:00,13.109999656677246,13.34000015258789,13.069999694824219,13.180000305175781,50000,0.0,0.0
2016-05-24 00:00:00-04:00,13.229999542236328,13.630000114440918,13.229999542236328,13.479999542236328,149500,0.0,0.0
2016-05-25 00:00:00-04:00,13.5,14.130000114440918,13.5,13.8100004196167,113000,0.0,0.0
2016-05-26 00:00:00-04:00,13.789999961853027,14.239999771118164,13.779999732971191,14.0,80100,0.0,0.0
2016-05-27 00:00:00-04:00,13.989999771118164,14.449999809265137,13.989999771118164,14.4399995803833,98400,0.0,0.0
2016-05-31 00:00:00-04:00,14.449999809265137,14.789999961853027,14.359999656677246,14.710000038146973,122700,0.0,0.0
2016-06-01 00:00:00-04:00,14.569999694824219,15.1899995803833,14.569999694824219,15.029999732971191,113700,0.0,0.0
2016-06-02 00:00:00-04:00,14.880000114440918,15.25,14.75,15.239999771118164,84600,0.0,0.0
2016-06-03 00:00:00-04:00,15.170000076293945,15.170000076293945,14.760000228881836,14.819999694824219,98100,0.0,0.0
2016-06-06 00:00:00-04:00,14.710000038146973,15.119999885559082,14.710000038146973,14.8100004196167,98400,0.0,0.0
2016-06-07 00:00:00-04:00,14.850000381469727,14.960000038146973,14.380000114440918,14.4399995803833,156600,0.0,0.0
2016-06-08 00:00:00-04:00,14.430000305175781,14.520000457763672,14.25,14.260000228881836,300000,0.0,0.0
2016-06-09 00:00:00-04:00,14.1899995803833,14.569999694824219,14.119999885559082,14.3100004196167,232200,0.0,0.0
2016-06-10 00:00:00-04:00,14.15999984741211,14.3100004196167,14.0,14.109999656677246,45200,0.0,0.0
2016-06-13 00:00:00-04:00,14.0,14.34000015258789,13.979999542236328,14.15999984741211,144200,0.0,0.0
2016-06-14 00:00:00-04:00,14.0600004196167,14.25,13.90999984741211,14.130000114440918,105600,0.0,0.0
2016-06-15 00:00:00-04:00,14.050000190734863,14.220000267028809,14.020000457763672,14.039999961853027,93700,0.0,0.0
2016-06-16 00:00:00-04:00,13.899999618530273,14.210000038146973,13.729999542236328,14.170000076293945,122800,0.0,0.0
2016-06-17 00:00:00-04:00,14.210000038146973,14.210000038146973,13.600000381469727,14.050000190734863,118800,0.0,0.0
2016-06-20 00:00:00-04:00,14.260000228881836,14.420000076293945,14.010000228881836,14.25,116000,0.0,0.0
2016-06-21 00:00:00-04:00,14.279999732971191,14.350000381469727,14.109999656677246,14.25,84300,0.0,0.0
2016-06-22 00:00:00-04:00,14.289999961853027,14.369999885559082,14.109999656677246,14.140000343322754,88900,0.0,0.0
2016-06-23 00:00:00-04:00,14.319999694824219,14.770000457763672,14.130000114440918,14.579999923706055,156500,0.0,0.0
2016-06-24 00:00:00-04:00,13.859999656677246,14.069999694824219,13.649999618530273,13.859999656677246,176800,0.0,0.0
2016-06-27 00:00:00-04:00,13.609999656677246,13.609999656677246,13.180000305175781,13.180000305175781,123300,0.0,0.0
2016-06-28 00:00:00-04:00,13.369999885559082,13.640000343322754,13.3100004196167,13.34000015258789,104700,0.0,0.0
2016-06-29 00:00:00-04:00,13.569999694824219,13.739999771118164,13.510000228881836,13.579999923706055,86300,0.0,0.0
2016-06-30 00:00:00-04:00,15.119999885559082,15.119999885559082,13.579999923706055,13.989999771118164,139600,0.0,0.0
2016-07-01 00:00:00-04:00,13.949999809265137,14.220000267028809,13.949999809265137,14.140000343322754,171900,0.0,0.0
2016-07-05 00:00:00-04:00,14.039999961853027,14.039999961853027,13.479999542236328,13.739999771118164,38100,0.0,0.0
2016-07-06 00:00:00-04:00,13.649999618530273,13.930000305175781,13.479999542236328,13.800000190734863,76100,0.0,0.0
2016-07-07 00:00:00-04:00,14.010000228881836,14.0600004196167,13.729999542236328,13.760000228881836,47800,0.0,0.0
2016-07-08 00:00:00-04:00,13.960000038146973,14.229999542236328,13.890000343322754,14.1899995803833,140400,0.0,0.0
2016-07-11 00:00:00-04:00,14.199999809265137,14.630000114440918,14.1899995803833,14.329999923706055,86000,0.0,0.0
2016-07-12 00:00:00-04:00,14.470000267028809,14.630000114440918,14.449999809265137,14.470000267028809,99500,0.0,0.0
2016-07-13 00:00:00-04:00,14.579999923706055,14.630000114440918,14.40999984741211,14.5600004196167,67900,0.0,0.0
2016-07-14 00:00:00-04:00,14.729999542236328,14.729999542236328,14.260000228881836,14.640000343322754,172300,0.0,0.0
2016-07-15 00:00:00-04:00,14.729999542236328,14.84000015258789,14.369999885559082,14.789999961853027,37000,0.0,0.0
2016-07-18 00:00:00-04:00,14.819999694824219,15.34000015258789,14.819999694824219,15.109999656677246,199300,0.0,0.0
2016-07-19 00:00:00-04:00,15.180000305175781,15.260000228881836,14.949999809265137,15.210000038146973,92500,0.0,0.0
2016-07-20 00:00:00-04:00,15.25,16.0,14.079999923706055,15.800000190734863,789900,0.0,0.0
2016-07-21 00:00:00-04:00,15.8100004196167,15.899999618530273,15.300000190734863,15.5600004196167,190800,0.0,0.0
2016-07-22 00:00:00-04:00,15.520000457763672,15.859999656677246,15.359999656677246,15.789999961853027,142200,0.0,0.0
2016-07-25 00:00:00-04:00,15.800000190734863,16.059999465942383,15.779999732971191,15.930000305175781,172000,0.0,0.0
2016-07-26 00:00:00-04:00,15.979999542236328,16.200000762939453,15.720000267028809,16.110000610351562,192300,0.0,0.0
2016-07-27 00:00:00-04:00,16.190000534057617,16.209999084472656,15.960000038146973,16.059999465942383,198300,0.0,0.0
2016-07-28 00:00:00-04:00,16.06999969482422,16.719999313354492,15.84000015258789,16.030000686645508,169200,0.0,0.0
2016-07-29 00:00:00-04:00,15.100000381469727,16.6299991607666,14.029999732971191,16.5,417500,0.0,0.0
2016-08-01 00:00:00-04:00,16.5,16.920000076293945,16.270000457763672,16.920000076293945,465700,0.0,0.0
2016-08-02 00:00:00-04:00,16.829999923706055,17.0,16.420000076293945,16.670000076293945,329000,0.0,0.0
2016-08-03 00:00:00-04:00,16.6200008392334,16.739999771118164,16.389999389648438,16.719999313354492,242200,0.0,0.0
2016-08-04 00:00:00-04:00,16.670000076293945,16.950000762939453,16.170000076293945,16.84000015258789,199100,0.0,0.0
2016-08-05 00:00:00-04:00,16.760000228881836,17.190000534057617,16.68000030517578,17.079999923706055,133700,0.0,0.0
2016-08-08 00:00:00-04:00,17.0,17.190000534057617,16.950000762939453,17.139999389648438,115700,0.0,0.0
2016-08-09 00:00:00-04:00,17.09000015258789,17.190000534057617,16.510000228881836,17.020000457763672,150900,0.0,0.0
2016-08-10 00:00:00-04:00,17.010000228881836,17.010000228881836,16.81999969482422,16.8799991607666,104200,0.0,0.0
2016-08-11 00:00:00-04:00,16.899999618530273,17.030000686645508,15.510000228881836,16.809999465942383,101800,0.0,0.0
2016-08-12 00:00:00-04:00,16.790000915527344,16.8700008392334,16.309999465942383,16.719999313354492,63500,0.0,0.0
2016-08-15 00:00:00-04:00,16.700000762939453,16.889999389648438,16.469999313354492,16.780000686645508,101000,0.0,0.0
2016-08-16 00:00:00-04:00,16.719999313354492,16.719999313354492,15.520000457763672,16.559999465942383,72600,0.0,0.0
2016-08-17 00:00:00-04:00,16.649999618530273,16.920000076293945,16.530000686645508,16.729999542236328,117400,0.0,0.0
2016-08-18 00:00:00-04:00,16.760000228881836,17.139999389648438,16.649999618530273,17.059999465942383,143400,0.0,0.0
2016-08-19 00:00:00-04:00,17.049999237060547,17.489999771118164,16.940000534057617,17.229999542236328,191200,0.0,0.0
2016-08-22 00:00:00-04:00,17.18000030517578,17.239999771118164,16.899999618530273,17.0,143700,0.0,0.0
2016-08-23 00:00:00-04:00,17.0,17.329999923706055,16.950000762939453,17.299999237060547,288200,0.0,0.0
2016-08-24 00:00:00-04:00,17.219999313354492,17.329999923706055,17.110000610351562,17.209999084472656,43300,0.0,0.0
2016-08-25 00:00:00-04:00,17.079999923706055,17.260000228881836,16.780000686645508,17.030000686645508,58000,0.0,0.0
2016-08-26 00:00:00-04:00,16.540000915527344,17.3700008392334,16.540000915527344,17.010000228881836,50900,0.0,0.0
2016-08-29 00:00:00-04:00,17.010000228881836,17.40999984741211,17.010000228881836,17.299999237060547,71200,0.0,0.0
2016-08-30 00:00:00-04:00,17.219999313354492,17.329999923706055,17.149999618530273,17.239999771118164,101000,0.0,0.0
2016-08-31 00:00:00-04:00,17.239999771118164,17.270000457763672,16.729999542236328,16.75,96400,0.0,0.0
2016-09-01 00:00:00-04:00,16.649999618530273,16.649999618530273,16.149999618530273,16.530000686645508,293600,0.0,0.0
2016-09-02 00:00:00-04:00,16.610000610351562,16.68000030517578,16.290000915527344,16.5,138400,0.0,0.0
2016-09-06 00:00:00-04:00,16.459999084472656,16.549999237060547,16.09000015258789,16.229999542236328,127600,0.0,0.0
2016-09-07 00:00:00-04:00,16.020000457763672,16.489999771118164,16.020000457763672,16.440000534057617,158000,0.0,0.0
2016-09-08 00:00:00-04:00,16.309999465942383,16.459999084472656,16.209999084472656,16.25,74500,0.0,0.0
2016-09-09 00:00:00-04:00,16.040000915527344,16.139999389648438,15.75,15.890000343322754,105800,0.0,0.0
2016-09-12 00:00:00-04:00,15.770000457763672,16.079999923706055,15.770000457763672,16.079999923706055,98000,0.0,0.0
2016-09-13 00:00:00-04:00,15.9399995803833,16.030000686645508,15.859999656677246,15.930000305175781,123300,0.0,0.0
2016-09-14 00:00:00-04:00,15.930000305175781,16.06999969482422,15.609999656677246,15.949999809265137,115500,0.0,0.0
2016-09-15 00:00:00-04:00,15.979999542236328,16.860000610351562,15.979999542236328,16.329999923706055,66000,0.0,0.0
2016-09-16 00:00:00-04:00,16.34000015258789,16.579999923706055,16.15999984741211,16.479999542236328,122700,0.0,0.0
2016-09-19 00:00:00-04:00,16.5,17.0,16.5,16.639999389648438,100100,0.0,0.0
2016-09-20 00:00:00-04:00,16.670000076293945,16.93000030517578,16.6299991607666,16.809999465942383,81500,0.0,0.0
2016-09-21 00:00:00-04:00,16.93000030517578,17.219999313354492,16.829999923706055,17.09000015258789,102300,0.0,0.0
2016-09-22 00:00:00-04:00,17.1200008392334,17.709999084472656,17.1200008392334,17.670000076293945,126300,0.0,0.0
2016-09-23 00:00:00-04:00,17.649999618530273,17.75,17.450000762939453,17.469999313354492,124000,0.0,0.0
2016-09-26 00:00:00-04:00,17.459999084472656,17.56999969482422,17.06999969482422,17.06999969482422,57900,0.0,0.0
2016-09-27 00:00:00-04:00,17.110000610351562,17.309999465942383,17.040000915527344,17.149999618530273,50500,0.0,0.0
2016-09-28 00:00:00-04:00,17.350000381469727,17.799999237060547,17.270000457763672,17.780000686645508,123600,0.0,0.0
2016-09-29 00:00:00-04:00,17.579999923706055,17.920000076293945,17.579999923706055,17.670000076293945,41600,0.0,0.0
2016-09-30 00:00:00-04:00,17.729999542236328,18.18000030517578,17.65999984741211,18.170000076293945,136900,0.0,0.0
2016-10-03 00:00:00-04:00,18.030000686645508,18.350000381469727,17.56999969482422,18.15999984741211,149900,0.0,0.0
2016-10-04 00:00:00-04:00,18.25,18.299999237060547,17.959999084472656,18.1299991607666,578100,0.0,0.0
2016-10-05 00:00:00-04:00,18.139999389648438,18.530000686645508,17.93000030517578,18.40999984741211,188800,0.0,0.0
2016-10-06 00:00:00-04:00,18.399999618530273,18.540000915527344,18.139999389648438,18.3799991607666,51800,0.0,0.0
2016-10-07 00:00:00-04:00,18.34000015258789,18.440000534057617,17.90999984741211,18.209999084472656,43800,0.0,0.0
2016-10-10 00:00:00-04:00,18.360000610351562,18.6299991607666,17.84000015258789,18.40999984741211,66900,0.0,0.0
2016-10-11 00:00:00-04:00,18.309999465942383,18.329999923706055,17.670000076293945,17.770000457763672,59100,0.0,0.0
2016-10-12 00:00:00-04:00,17.84000015258789,17.8700008392334,17.450000762939453,17.770000457763672,91900,0.0,0.0
2016-10-13 00:00:00-04:00,17.84000015258789,18.260000228881836,17.690000534057617,18.110000610351562,79700,0.0,0.0
2016-10-14 00:00:00-04:00,18.299999237060547,18.510000228881836,17.969999313354492,18.010000228881836,233500,0.0,0.0
2016-10-17 00:00:00-04:00,18.079999923706055,18.18000030517578,17.790000915527344,17.809999465942383,51000,0.0,0.0
2016-10-18 00:00:00-04:00,18.030000686645508,18.100000381469727,17.809999465942383,17.950000762939453,46600,0.0,0.0
2016-10-19 00:00:00-04:00,17.90999984741211,18.639999389648438,17.690000534057617,18.59000015258789,96200,0.0,0.0
2016-10-20 00:00:00-04:00,18.5,18.860000610351562,18.469999313354492,18.809999465942383,102500,0.0,0.0
2016-10-21 00:00:00-04:00,18.6299991607666,19.059999465942383,18.610000610351562,18.989999771118164,304000,0.0,0.0
2016-10-24 00:00:00-04:00,19.219999313354492,19.43000030517578,19.049999237060547,19.280000686645508,139300,0.0,0.0
2016-10-25 00:00:00-04:00,19.239999771118164,19.399999618530273,19.020000457763672,19.3799991607666,90700,0.0,0.0
2016-10-26 00:00:00-04:00,19.239999771118164,19.40999984741211,19.149999618530273,19.270000457763672,127000,0.0,0.0
2016-10-27 00:00:00-04:00,19.360000610351562,19.6299991607666,19.1299991607666,19.25,346500,0.0,0.0
2016-10-28 00:00:00-04:00,19.049999237060547,20.299999237060547,19.049999237060547,19.93000030517578,495200,0.0,0.0
2016-10-31 00:00:00-04:00,20.0,20.09000015258789,19.389999389648438,19.75,300200,0.0,0.0
2016-11-01 00:00:00-04:00,19.65999984741211,19.75,19.209999084472656,19.31999969482422,188800,0.0,0.0
2016-11-02 00:00:00-04:00,19.190000534057617,19.3700008392334,18.559999465942383,18.81999969482422,228900,0.0,0.0
2016-11-03 00:00:00-04:00,18.90999984741211,19.049999237060547,18.670000076293945,18.8799991607666,112500,0.0,0.0
2016-11-04 00:00:00-04:00,18.959999084472656,18.959999084472656,18.6200008392334,18.829999923706055,91100,0.0,0.0
2016-11-07 00:00:00-05:00,19.0,19.40999984741211,18.920000076293945,19.3700008392334,151700,0.0,0.0
2016-11-08 00:00:00-05:00,19.389999389648438,19.979999542236328,19.34000015258789,19.920000076293945,260900,0.0,0.0
2016-11-09 00:00:00-05:00,19.5,20.219999313354492,17.950000762939453,20.049999237060547,238800,0.0,0.0
2016-11-10 00:00:00-05:00,20.190000534057617,20.43000030517578,19.31999969482422,19.780000686645508,177300,0.0,0.0
2016-11-11 00:00:00-05:00,19.860000610351562,20.479999542236328,19.59000015258789,20.440000534057617,210800,0.0,0.0
2016-11-14 00:00:00-05:00,20.479999542236328,20.65999984741211,20.239999771118164,20.3799991607666,143600,0.0,0.0
2016-11-15 00:00:00-05:00,20.299999237060547,20.59000015258789,20.290000915527344,20.559999465942383,197000,0.0,0.0
2016-11-16 00:00:00-05:00,20.540000915527344,20.8799991607666,20.43000030517578,20.850000381469727,119900,0.0,0.0
2016-11-17 00:00:00-05:00,20.8799991607666,21.219999313354492,20.850000381469727,21.059999465942383,169700,0.0,0.0
2016-11-18 00:00:00-05:00,21.1299991607666,22.389999389648438,20.100000381469727,22.350000381469727,595700,0.0,0.0
2016-11-21 00:00:00-05:00,22.5,23.010000228881836,22.09000015258789,23.010000228881836,275800,0.0,0.0
2016-11-22 00:00:00-05:00,24.350000381469727,24.350000381469727,22.770000457763672,23.219999313354492,220900,0.0,0.0
2016-11-23 00:00:00-05:00,23.1299991607666,23.56999969482422,23.0,23.520000457763672,156000,0.0,0.0
2016-11-25 00:00:00-05:00,23.75,23.829999923706055,23.459999084472656,23.770000457763672,104700,0.0,0.0
2016-11-28 00:00:00-05:00,23.75,24.110000610351562,23.600000381469727,23.93000030517578,188000,0.0,0.0
2016-11-29 00:00:00-05:00,24.0,24.110000610351562,23.510000228881836,23.729999542236328,344400,0.0,0.0
2016-11-30 00:00:00-05:00,23.75,23.889999389648438,23.520000457763672,23.549999237060547,172900,0.0,0.0
2016-12-01 00:00:00-05:00,23.420000076293945,23.670000076293945,21.68000030517578,21.950000762939453,275100,0.0,0.0
2016-12-02 00:00:00-05:00,21.799999237060547,22.059999465942383,21.549999237060547,22.0,106400,0.0,0.0
2016-12-05 00:00:00-05:00,22.229999542236328,22.600000381469727,22.020000457763672,22.06999969482422,102400,0.0,0.0
2016-12-06 00:00:00-05:00,22.170000076293945,22.440000534057617,21.790000915527344,22.219999313354492,125500,0.0,0.0
2016-12-07 00:00:00-05:00,22.15999984741211,22.510000228881836,22.059999465942383,22.3700008392334,78100,0.0,0.0
2016-12-08 00:00:00-05:00,22.3700008392334,22.959999084472656,22.149999618530273,22.860000610351562,115500,0.0,0.0
2016-12-09 00:00:00-05:00,22.90999984741211,23.290000915527344,22.719999313354492,22.979999542236328,155100,0.0,0.0
2016-12-12 00:00:00-05:00,22.899999618530273,23.1200008392334,22.600000381469727,22.989999771118164,133100,0.0,0.0
2016-12-13 00:00:00-05:00,23.170000076293945,23.56999969482422,22.889999389648438,23.3700008392334,123800,0.0,0.0
2016-12-14 00:00:00-05:00,23.190000534057617,23.459999084472656,23.0,23.040000915527344,132800,0.0,0.0
2016-12-15 00:00:00-05:00,22.989999771118164,23.829999923706055,22.979999542236328,23.68000030517578,196300,0.0,0.0
2016-12-16 00:00:00-05:00,23.809999465942383,23.959999084472656,23.309999465942383,23.59000015258789,289700,0.0,0.0
2016-12-19 00:00:00-05:00,23.600000381469727,24.440000534057617,23.260000228881836,24.15999984741211,151700,0.0,0.0
2016-12-20 00:00:00-05:00,24.360000610351562,24.399999618530273,23.760000228881836,23.969999313354492,108800,0.0,0.0
2016-12-21 00:00:00-05:00,24.0,24.030000686645508,23.450000762939453,23.469999313354492,80100,0.0,0.0
2016-12-22 00:00:00-05:00,23.530000686645508,23.729999542236328,22.969999313354492,23.0,93700,0.0,0.0
2016-12-23 00:00:00-05:00,22.860000610351562,23.229999542236328,22.770000457763672,23.06999969482422,195500,0.0,0.0
2016-12-27 00:00:00-05:00,23.1299991607666,23.579999923706055,23.020000457763672,23.209999084472656,126900,0.0,0.0
2016-12-28 00:00:00-05:00,23.170000076293945,23.200000762939453,22.540000915527344,22.639999389648438,85900,0.0,0.0
2016-12-29 00:00:00-05:00,22.709999084472656,22.75,22.440000534057617,22.690000534057617,68500,0.0,0.0
2016-12-30 00:00:00-05:00,22.739999771118164,22.739999771118164,22.350000381469727,22.549999237060547,115700,0.0,0.0
2017-01-03 00:00:00-05:00,22.940000534057617,23.139999389648438,22.15999984741211,22.479999542236328,127000,0.0,0.0
2017-01-04 00:00:00-05:00,22.670000076293945,22.899999618530273,22.510000228881836,22.59000015258789,88900,0.0,0.0
2017-01-05 00:00:00-05:00,22.600000381469727,22.700000762939453,22.010000228881836,22.389999389648438,140000,0.0,0.0
2017-01-06 00:00:00-05:00,22.549999237060547,22.6200008392334,22.1200008392334,22.139999389648438,90700,0.0,0.0
2017-01-09 00:00:00-05:00,22.06999969482422,22.93000030517578,21.93000030517578,22.799999237060547,138500,0.0,0.0
2017-01-10 00:00:00-05:00,22.799999237060547,23.399999618530273,22.719999313354492,23.079999923706055,131200,0.0,0.0
2017-01-11 00:00:00-05:00,23.110000610351562,23.110000610351562,22.790000915527344,22.979999542236328,53200,0.0,0.0
2017-01-12 00:00:00-05:00,22.90999984741211,22.959999084472656,22.389999389648438,22.690000534057617,92400,0.0,0.0
2017-01-13 00:00:00-05:00,22.739999771118164,23.079999923706055,22.700000762939453,22.829999923706055,95300,0.0,0.0
2017-01-17 00:00:00-05:00,22.889999389648438,22.889999389648438,22.15999984741211,22.299999237060547,65900,0.0,0.0
2017-01-18 00:00:00-05:00,22.420000076293945,22.809999465942383,22.389999389648438,22.68000030517578,146700,0.0,0.0
2017-01-19 00:00:00-05:00,22.690000534057617,22.93000030517578,22.309999465942383,22.350000381469727,109200,0.0,0.0
2017-01-20 00:00:00-05:00,22.309999465942383,22.709999084472656,22.309999465942383,22.389999389648438,107600,0.0,0.0
2017-01-23 00:00:00-05:00,22.260000228881836,22.56999969482422,22.219999313354492,22.280000686645508,81300,0.0,0.0
2017-01-24 00:00:00-05:00,22.350000381469727,23.09000015258789,22.350000381469727,23.010000228881836,94800,0.0,0.0
2017-01-25 00:00:00-05:00,23.200000762939453,23.3799991607666,23.020000457763672,23.200000762939453,59600,0.0,0.0
2017-01-26 00:00:00-05:00,23.15999984741211,23.25,22.75,22.770000457763672,53600,0.0,0.0
2017-01-27 00:00:00-05:00,22.81999969482422,23.15999984741211,22.81999969482422,23.049999237060547,43700,0.0,0.0
2017-01-30 00:00:00-05:00,22.93000030517578,22.93000030517578,22.399999618530273,22.65999984741211,72100,0.0,0.0
2017-01-31 00:00:00-05:00,22.579999923706055,22.670000076293945,22.5,22.510000228881836,75000,0.0,0.0
2017-02-01 00:00:00-05:00,22.739999771118164,22.979999542236328,22.5,22.579999923706055,83500,0.0,0.0
2017-02-02 00:00:00-05:00,22.68000030517578,23.25,22.329999923706055,23.0,107600,0.0,0.0
2017-02-03 00:00:00-05:00,23.15999984741211,23.350000381469727,22.959999084472656,23.0,156300,0.0,0.0
2017-02-06 00:00:00-05:00,23.0,23.270000457763672,22.729999542236328,22.979999542236328,72000,0.0,0.0
2017-02-07 00:00:00-05:00,23.110000610351562,23.18000030517578,22.600000381469727,22.700000762939453,39600,0.0,0.0
2017-02-08 00:00:00-05:00,22.719999313354492,22.739999771118164,22.270000457763672,22.559999465942383,68800,0.0,0.0
2017-02-09 00:00:00-05:00,22.530000686645508,22.799999237060547,22.40999984741211,22.56999969482422,62800,0.0,0.0
2017-02-10 00:00:00-05:00,22.969999313354492,23.0,22.510000228881836,22.68000030517578,129600,0.0,0.0
2017-02-13 00:00:00-05:00,22.700000762939453,23.040000915527344,22.40999984741211,22.540000915527344,165400,0.0,0.0
2017-02-14 00:00:00-05:00,22.540000915527344,22.709999084472656,21.030000686645508,22.270000457763672,526100,0.0,0.0
2017-02-15 00:00:00-05:00,22.209999084472656,22.559999465942383,21.799999237060547,22.520000457763672,305500,0.0,0.0
2017-02-16 00:00:00-05:00,22.280000686645508,22.65999984741211,21.889999389648438,21.989999771118164,245600,0.0,0.0
2017-02-17 00:00:00-05:00,21.989999771118164,22.229999542236328,21.790000915527344,22.09000015258789,209500,0.0,0.0
2017-02-21 00:00:00-05:00,22.139999389648438,22.3700008392334,21.90999984741211,22.049999237060547,83100,0.0,0.0
2017-02-22 00:00:00-05:00,22.040000915527344,22.100000381469727,21.799999237060547,21.969999313354492,73100,0.0,0.0
2017-02-23 00:00:00-05:00,21.899999618530273,22.049999237060547,21.709999084472656,21.899999618530273,173400,0.0,0.0
2017-02-24 00:00:00-05:00,21.479999542236328,21.979999542236328,21.09000015258789,21.719999313354492,135000,0.0,0.0
2017-02-27 00:00:00-05:00,21.65999984741211,21.75,21.40999984741211,21.559999465942383,221600,0.0,0.0
2017-02-28 00:00:00-05:00,21.5,21.579999923706055,21.229999542236328,21.3799991607666,423800,0.0,0.0
2017-03-01 00:00:00-05:00,21.5,22.110000610351562,21.309999465942383,21.940000534057617,217800,0.0,0.0
2017-03-02 00:00:00-05:00,21.8700008392334,21.889999389648438,21.510000228881836,21.829999923706055,118400,0.0,0.0
2017-03-03 00:00:00-05:00,21.75,22.040000915527344,21.459999084472656,21.610000610351562,113500,0.0,0.0
2017-03-06 00:00:00-05:00,21.43000030517578,21.93000030517578,21.329999923706055,21.899999618530273,98800,0.0,0.0
2017-03-07 00:00:00-05:00,21.950000762939453,21.950000762939453,21.690000534057617,21.719999313354492,129900,0.0,0.0
2017-03-08 00:00:00-05:00,21.760000228881836,21.860000610351562,21.350000381469727,21.360000610351562,87000,0.0,0.0
2017-03-09 00:00:00-05:00,21.209999084472656,21.440000534057617,21.149999618530273,21.15999984741211,116700,0.0,0.0
2017-03-10 00:00:00-05:00,21.25,21.59000015258789,21.1299991607666,21.56999969482422,150100,0.0,0.0
2017-03-13 00:00:00-04:00,21.520000457763672,21.809999465942383,21.34000015258789,21.549999237060547,102800,0.0,0.0
2017-03-14 00:00:00-04:00,21.450000762939453,21.809999465942383,21.40999984741211,21.540000915527344,118400,0.0,0.0
2017-03-15 00:00:00-04:00,21.549999237060547,21.68000030517578,21.5,21.600000381469727,116800,0.0,0.0
2017-03-16 00:00:00-04:00,21.56999969482422,21.8700008392334,21.5,21.56999969482422,100700,0.0,0.0
2017-03-17 00:00:00-04:00,21.559999465942383,22.350000381469727,21.5,22.209999084472656,198800,0.0,0.0
2017-03-20 00:00:00-04:00,22.200000762939453,22.56999969482422,22.1200008392334,22.360000610351562,106100,0.0,0.0
2017-03-21 00:00:00-04:00,22.459999084472656,22.68000030517578,21.5,21.5,131200,0.0,0.0
2017-03-22 00:00:00-04:00,21.450000762939453,22.010000228881836,21.25,21.700000762939453,129500,0.0,0.0
2017-03-23 00:00:00-04:00,21.690000534057617,22.260000228881836,21.559999465942383,22.18000030517578,136900,0.0,0.0
2017-03-24 00:00:00-04:00,22.260000228881836,22.56999969482422,22.190000534057617,22.40999984741211,93600,0.0,0.0
2017-03-27 00:00:00-04:00,22.15999984741211,22.75,21.56999969482422,22.649999618530273,144700,0.0,0.0
2017-03-28 00:00:00-04:00,22.68000030517578,22.860000610351562,22.190000534057617,22.360000610351562,89300,0.0,0.0
2017-03-29 00:00:00-04:00,22.309999465942383,22.65999984741211,22.079999923706055,22.190000534057617,85100,0.0,0.0
2017-03-30 00:00:00-04:00,22.200000762939453,22.610000610351562,22.200000762939453,22.479999542236328,80800,0.0,0.0
2017-03-31 00:00:00-04:00,22.479999542236328,22.780000686645508,22.270000457763672,22.6200008392334,235700,0.0,0.0
2017-04-03 00:00:00-04:00,22.579999923706055,22.889999389648438,22.440000534057617,22.549999237060547,115900,0.0,0.0
2017-04-04 00:00:00-04:00,22.40999984741211,22.649999618530273,22.309999465942383,22.530000686645508,75100,0.0,0.0
2017-04-05 00:00:00-04:00,22.610000610351562,22.8799991607666,22.40999984741211,22.43000030517578,97100,0.0,0.0
2017-04-06 00:00:00-04:00,22.399999618530273,22.770000457763672,22.190000534057617,22.760000228881836,110600,0.0,0.0
2017-04-07 00:00:00-04:00,22.739999771118164,22.93000030517578,22.5,22.600000381469727,79200,0.0,0.0
2017-04-10 00:00:00-04:00,22.280000686645508,22.989999771118164,22.280000686645508,22.450000762939453,135300,0.0,0.0
2017-04-11 00:00:00-04:00,22.40999984741211,22.75,22.15999984741211,22.520000457763672,117900,0.0,0.0
2017-04-12 00:00:00-04:00,22.530000686645508,22.530000686645508,22.209999084472656,22.329999923706055,85600,0.0,0.0
2017-04-13 00:00:00-04:00,22.260000228881836,22.450000762939453,21.989999771118164,22.040000915527344,159300,0.0,0.0
2017-04-17 00:00:00-04:00,22.1200008392334,22.1200008392334,21.290000915527344,21.829999923706055,136100,0.0,0.0
2017-04-18 00:00:00-04:00,21.719999313354492,21.90999984741211,21.6299991607666,21.760000228881836,104700,0.0,0.0
2017-04-19 00:00:00-04:00,21.889999389648438,22.309999465942383,21.8799991607666,22.270000457763672,96400,0.0,0.0
2017-04-20 00:00:00-04:00,22.290000915527344,23.15999984741211,22.290000915527344,23.110000610351562,135700,0.0,0.0
2017-04-21 00:00:00-04:00,23.040000915527344,23.040000915527344,22.6299991607666,22.739999771118164,109200,0.0,0.0
2017-04-24 00:00:00-04:00,23.079999923706055,23.65999984741211,22.969999313354492,23.56999969482422,145400,0.0,0.0
2017-04-25 00:00:00-04:00,23.790000915527344,23.93000030517578,23.510000228881836,23.540000915527344,107800,0.0,0.0
2017-04-26 00:00:00-04:00,23.600000381469727,23.889999389648438,23.299999237060547,23.6200008392334,153900,0.0,0.0
2017-04-27 00:00:00-04:00,23.709999084472656,23.81999969482422,23.100000381469727,23.139999389648438,156400,0.0,0.0
2017-04-28 00:00:00-04:00,21.5,21.5,18.280000686645508,19.020000457763672,1084400,0.0,0.0
2017-05-01 00:00:00-04:00,18.719999313354492,18.989999771118164,17.530000686645508,17.579999923706055,459500,0.0,0.0
2017-05-02 00:00:00-04:00,17.549999237060547,17.809999465942383,17.049999237060547,17.200000762939453,310000,0.0,0.0
2017-05-03 00:00:00-04:00,17.1200008392334,17.139999389648438,16.709999084472656,16.84000015258789,326100,0.0,0.0
2017-05-04 00:00:00-04:00,16.81999969482422,16.979999542236328,16.280000686645508,16.700000762939453,315200,0.0,0.0
2017-05-05 00:00:00-04:00,16.760000228881836,16.889999389648438,16.479999542236328,16.780000686645508,265300,0.0,0.0
2017-05-08 00:00:00-04:00,16.739999771118164,16.93000030517578,16.610000610351562,16.90999984741211,172500,0.0,0.0
2017-05-09 00:00:00-04:00,16.93000030517578,17.459999084472656,16.93000030517578,17.450000762939453,244700,0.0,0.0
2017-05-10 00:00:00-04:00,17.459999084472656,18.639999389648438,17.360000610351562,18.25,344900,0.0,0.0
2017-05-11 00:00:00-04:00,18.15999984741211,18.219999313354492,17.399999618530273,17.40999984741211,181000,0.0,0.0
2017-05-12 00:00:00-04:00,17.43000030517578,17.700000762939453,17.260000228881836,17.56999969482422,162700,0.0,0.0
2017-05-15 00:00:00-04:00,17.6200008392334,17.889999389648438,17.520000457763672,17.729999542236328,137000,0.0,0.0
2017-05-16 00:00:00-04:00,17.790000915527344,17.790000915527344,17.329999923706055,17.719999313354492,213600,0.0,0.0
2017-05-17 00:00:00-04:00,17.450000762939453,17.520000457763672,16.75,16.790000915527344,167600,0.0,0.0
2017-05-18 00:00:00-04:00,16.790000915527344,16.899999618530273,16.479999542236328,16.68000030517578,220700,0.0,0.0
2017-05-19 00:00:00-04:00,16.68000030517578,16.969999313354492,16.6200008392334,16.90999984741211,134600,0.0,0.0
2017-05-22 00:00:00-04:00,16.969999313354492,17.010000228881836,16.729999542236328,16.940000534057617,108100,0.0,0.0
2017-05-23 00:00:00-04:00,16.93000030517578,16.940000534057617,16.510000228881836,16.770000457763672,123200,0.0,0.0
2017-05-24 00:00:00-04:00,16.809999465942383,16.809999465942383,16.420000076293945,16.559999465942383,173100,0.0,0.0
2017-05-25 00:00:00-04:00,16.649999618530273,16.739999771118164,16.43000030517578,16.559999465942383,72400,0.0,0.0
2017-05-26 00:00:00-04:00,16.59000015258789,16.600000381469727,16.299999237060547,16.510000228881836,115300,0.0,0.0
2017-05-30 00:00:00-04:00,16.459999084472656,16.549999237060547,16.219999313354492,16.31999969482422,131500,0.0,0.0
2017-05-31 00:00:00-04:00,16.360000610351562,16.559999465942383,16.190000534057617,16.239999771118164,155800,0.0,0.0
2017-06-01 00:00:00-04:00,16.239999771118164,16.549999237060547,16.139999389648438,16.5,158700,0.0,0.0
2017-06-02 00:00:00-04:00,16.5,16.850000381469727,16.350000381469727,16.479999542236328,117500,0.0,0.0
2017-06-05 00:00:00-04:00,16.420000076293945,16.739999771118164,16.350000381469727,16.549999237060547,121100,0.0,0.0
2017-06-06 00:00:00-04:00,16.450000762939453,16.8799991607666,16.450000762939453,16.799999237060547,76800,0.0,0.0
2017-06-07 00:00:00-04:00,16.75,17.0,16.649999618530273,16.93000030517578,101400,0.0,0.0
2017-06-08 00:00:00-04:00,16.899999618530273,17.850000381469727,16.770000457763672,17.780000686645508,107700,0.0,0.0
2017-06-09 00:00:00-04:00,17.75,17.989999771118164,17.0,17.100000381469727,417200,0.0,0.0
2017-06-12 00:00:00-04:00,17.100000381469727,17.260000228881836,16.75,17.040000915527344,189200,0.0,0.0
2017-06-13 00:00:00-04:00,17.18000030517578,17.399999618530273,16.59000015258789,16.610000610351562,429500,0.0,0.0
2017-06-14 00:00:00-04:00,16.709999084472656,16.850000381469727,16.200000762939453,16.420000076293945,212200,0.0,0.0
2017-06-15 00:00:00-04:00,16.09000015258789,16.440000534057617,16.06999969482422,16.270000457763672,305200,0.0,0.0
2017-06-16 00:00:00-04:00,17.299999237060547,17.299999237060547,16.1299991607666,16.420000076293945,197200,0.0,0.0
2017-06-19 00:00:00-04:00,16.469999313354492,16.75,16.389999389648438,16.690000534057617,70400,0.0,0.0
2017-06-20 00:00:00-04:00,16.780000686645508,17.329999923706055,16.350000381469727,16.420000076293945,65000,0.0,0.0
2017-06-21 00:00:00-04:00,16.40999984741211,16.579999923706055,16.209999084472656,16.489999771118164,88800,0.0,0.0
2017-06-22 00:00:00-04:00,16.5,16.760000228881836,16.360000610351562,16.6200008392334,76300,0.0,0.0
2017-06-23 00:00:00-04:00,16.639999389648438,16.860000610351562,16.56999969482422,16.809999465942383,165200,0.0,0.0
2017-06-26 00:00:00-04:00,16.8700008392334,16.950000762939453,16.649999618530273,16.899999618530273,110800,0.0,0.0
2017-06-27 00:00:00-04:00,16.899999618530273,17.030000686645508,16.65999984741211,16.700000762939453,173900,0.0,0.0
2017-06-28 00:00:00-04:00,16.809999465942383,17.049999237060547,16.610000610351562,16.950000762939453,111300,0.0,0.0
2017-06-29 00:00:00-04:00,16.959999084472656,17.170000076293945,16.600000381469727,17.0,174300,0.0,0.0
2017-06-30 00:00:00-04:00,17.010000228881836,17.06999969482422,16.440000534057617,16.450000762939453,220400,0.0,0.0
2017-07-03 00:00:00-04:00,16.59000015258789,16.59000015258789,15.960000038146973,16.239999771118164,84100,0.0,0.0
2017-07-05 00:00:00-04:00,16.290000915527344,16.450000762939453,15.770000457763672,16.420000076293945,160400,0.0,0.0
2017-07-06 00:00:00-04:00,16.280000686645508,16.56999969482422,16.219999313354492,16.5,118600,0.0,0.0
2017-07-07 00:00:00-04:00,16.549999237060547,16.979999542236328,16.450000762939453,16.899999618530273,117100,0.0,0.0
2017-07-10 00:00:00-04:00,16.889999389648438,16.959999084472656,16.549999237060547,16.719999313354492,98900,0.0,0.0
2017-07-11 00:00:00-04:00,16.790000915527344,17.170000076293945,16.639999389648438,17.149999618530273,169800,0.0,0.0
2017-07-12 00:00:00-04:00,18.920000076293945,19.889999389648438,18.889999389648438,19.520000457763672,851300,0.0,0.0
2017-07-13 00:00:00-04:00,19.739999771118164,19.739999771118164,19.079999923706055,19.389999389648438,205600,0.0,0.0
2017-07-14 00:00:00-04:00,19.229999542236328,19.479999542236328,19.100000381469727,19.290000915527344,116100,0.0,0.0
2017-07-17 00:00:00-04:00,19.270000457763672,19.270000457763672,18.850000381469727,19.149999618530273,160500,0.0,0.0
2017-07-18 00:00:00-04:00,19.010000228881836,19.239999771118164,18.940000534057617,19.049999237060547,111100,0.0,0.0
2017-07-19 00:00:00-04:00,19.040000915527344,19.3799991607666,18.979999542236328,19.280000686645508,119100,0.0,0.0
2017-07-20 00:00:00-04:00,19.360000610351562,19.639999389648438,18.399999618530273,19.540000915527344,190000,0.0,0.0
2017-07-21 00:00:00-04:00,19.670000076293945,19.670000076293945,19.209999084472656,19.31999969482422,236000,0.0,0.0
2017-07-24 00:00:00-04:00,19.219999313354492,19.3700008392334,19.06999969482422,19.299999237060547,164400,0.0,0.0
2017-07-25 00:00:00-04:00,19.399999618530273,19.84000015258789,19.260000228881836,19.469999313354492,170600,0.0,0.0
2017-07-26 00:00:00-04:00,19.649999618530273,20.100000381469727,19.459999084472656,19.690000534057617,193500,0.0,0.0
2017-07-27 00:00:00-04:00,19.920000076293945,19.93000030517578,18.530000686645508,18.670000076293945,156300,0.0,0.0
2017-07-28 00:00:00-04:00,15.800000190734863,17.18000030517578,15.329999923706055,16.8700008392334,1064800,0.0,0.0
2017-07-31 00:00:00-04:00,16.860000610351562,16.950000762939453,15.9399995803833,16.049999237060547,749000,0.0,0.0
2017-08-01 00:00:00-04:00,16.06999969482422,16.15999984741211,15.600000381469727,16.020000457763672,436400,0.0,0.0
2017-08-02 00:00:00-04:00,16.059999465942383,16.309999465942383,15.520000457763672,15.899999618530273,346000,0.0,0.0
2017-08-03 00:00:00-04:00,15.970000267028809,15.970000267028809,15.199999809265137,15.569999694824219,343500,0.0,0.0
2017-08-04 00:00:00-04:00,15.5600004196167,15.640000343322754,15.300000190734863,15.479999542236328,283600,0.0,0.0
2017-08-07 00:00:00-04:00,15.470000267028809,15.930000305175781,15.25,15.819999694824219,257000,0.0,0.0
2017-08-08 00:00:00-04:00,15.829999923706055,16.040000915527344,15.449999809265137,15.5600004196167,170900,0.0,0.0
2017-08-09 00:00:00-04:00,15.449999809265137,15.8100004196167,15.369999885559082,15.640000343322754,258400,0.0,0.0
2017-08-10 00:00:00-04:00,15.550000190734863,15.859999656677246,15.279999732971191,15.619999885559082,285200,0.0,0.0
2017-08-11 00:00:00-04:00,15.649999618530273,15.770000457763672,15.3100004196167,15.510000228881836,223600,0.0,0.0
2017-08-14 00:00:00-04:00,15.640000343322754,15.680000305175781,15.260000228881836,15.529999732971191,201900,0.0,0.0
2017-08-15 00:00:00-04:00,15.569999694824219,15.600000381469727,15.140000343322754,15.279999732971191,238700,0.0,0.0
2017-08-16 00:00:00-04:00,15.329999923706055,15.539999961853027,15.229999542236328,15.449999809265137,262500,0.0,0.0
2017-08-17 00:00:00-04:00,15.390000343322754,15.520000457763672,15.069999694824219,15.09000015258789,205200,0.0,0.0
2017-08-18 00:00:00-04:00,14.979999542236328,15.15999984741211,14.729999542236328,15.140000343322754,340800,0.0,0.0
2017-08-21 00:00:00-04:00,15.130000114440918,15.180000305175781,14.359999656677246,14.529999732971191,305000,0.0,0.0
2017-08-22 00:00:00-04:00,14.649999618530273,14.729999542236328,14.329999923706055,14.359999656677246,188200,0.0,0.0
2017-08-23 00:00:00-04:00,14.220000267028809,14.699999809265137,14.109999656677246,14.529999732971191,287700,0.0,0.0
2017-08-24 00:00:00-04:00,14.600000381469727,15.100000381469727,14.380000114440918,15.079999923706055,248100,0.0,0.0
2017-08-25 00:00:00-04:00,15.079999923706055,15.079999923706055,14.479999542236328,14.619999885559082,337100,0.0,0.0
2017-08-28 00:00:00-04:00,14.630000114440918,14.760000228881836,14.489999771118164,14.710000038146973,133900,0.0,0.0
2017-08-29 00:00:00-04:00,14.600000381469727,14.819999694824219,14.489999771118164,14.720000267028809,110600,0.0,0.0
2017-08-30 00:00:00-04:00,14.710000038146973,14.970000267028809,14.699999809265137,14.9399995803833,138800,0.0,0.0
2017-08-31 00:00:00-04:00,14.989999771118164,15.270000457763672,14.989999771118164,15.1899995803833,224400,0.0,0.0
2017-09-01 00:00:00-04:00,15.210000038146973,15.390000343322754,15.039999961853027,15.319999694824219,115300,0.0,0.0
2017-09-05 00:00:00-04:00,15.289999961853027,15.5,15.1899995803833,15.449999809265137,181000,0.0,0.0
2017-09-06 00:00:00-04:00,15.479999542236328,15.510000228881836,15.170000076293945,15.260000228881836,163400,0.0,0.0
2017-09-07 00:00:00-04:00,15.25,15.380000114440918,15.050000190734863,15.170000076293945,137300,0.0,0.0
2017-09-08 00:00:00-04:00,15.09000015258789,15.09000015258789,14.739999771118164,14.859999656677246,199600,0.0,0.0
2017-09-11 00:00:00-04:00,14.989999771118164,15.199999809265137,14.899999618530273,15.15999984741211,106000,0.0,0.0
2017-09-12 00:00:00-04:00,15.149999618530273,15.300000190734863,15.050000190734863,15.199999809265137,87900,0.0,0.0
2017-09-13 00:00:00-04:00,15.1899995803833,15.399999618530273,15.140000343322754,15.220000267028809,268200,0.0,0.0
2017-09-14 00:00:00-04:00,15.15999984741211,15.260000228881836,15.020000457763672,15.15999984741211,232500,0.0,0.0
2017-09-15 00:00:00-04:00,15.15999984741211,15.5,15.100000381469727,15.350000381469727,231600,0.0,0.0
2017-09-18 00:00:00-04:00,15.359999656677246,15.760000228881836,15.010000228881836,15.710000038146973,104100,0.0,0.0
2017-09-19 00:00:00-04:00,15.699999809265137,15.779999732971191,15.350000381469727,15.40999984741211,154800,0.0,0.0
2017-09-20 00:00:00-04:00,15.460000038146973,15.460000038146973,14.850000381469727,14.920000076293945,316100,0.0,0.0
2017-09-21 00:00:00-04:00,14.930000305175781,14.949999809265137,14.489999771118164,14.5,232400,0.0,0.0
2017-09-22 00:00:00-04:00,14.489999771118164,14.760000228881836,14.4399995803833,14.460000038146973,152700,0.0,0.0
2017-09-25 00:00:00-04:00,14.40999984741211,14.600000381469727,14.300000190734863,14.350000381469727,224900,0.0,0.0
2017-09-26 00:00:00-04:00,14.430000305175781,14.529999732971191,14.279999732971191,14.319999694824219,304000,0.0,0.0
2017-09-27 00:00:00-04:00,14.4399995803833,14.710000038146973,14.4399995803833,14.529999732971191,432100,0.0,0.0
2017-09-28 00:00:00-04:00,14.539999961853027,15.40999984741211,14.539999961853027,15.170000076293945,201900,0.0,0.0
2017-09-29 00:00:00-04:00,15.15999984741211,15.510000228881836,15.039999961853027,15.489999771118164,208400,0.0,0.0
2017-10-02 00:00:00-04:00,15.489999771118164,16.030000686645508,15.25,16.010000228881836,258200,0.0,0.0
2017-10-03 00:00:00-04:00,16.799999237060547,16.799999237060547,16.1299991607666,16.309999465942383,405800,0.0,0.0
2017-10-04 00:00:00-04:00,16.389999389648438,16.40999984741211,16.190000534057617,16.270000457763672,151000,0.0,0.0
2017-10-05 00:00:00-04:00,16.290000915527344,16.290000915527344,15.760000228881836,15.920000076293945,189200,0.0,0.0
2017-10-06 00:00:00-04:00,15.850000381469727,16.0,15.800000190734863,15.989999771118164,126900,0.0,0.0
2017-10-09 00:00:00-04:00,16.0,16.06999969482422,15.760000228881836,15.880000114440918,113200,0.0,0.0
2017-10-10 00:00:00-04:00,16.0,16.010000228881836,15.640000343322754,15.760000228881836,97300,0.0,0.0
2017-10-11 00:00:00-04:00,15.770000457763672,15.880000114440918,15.640000343322754,15.710000038146973,88800,0.0,0.0
2017-10-12 00:00:00-04:00,15.699999809265137,16.010000228881836,15.65999984741211,15.890000343322754,123200,0.0,0.0
2017-10-13 00:00:00-04:00,16.0,16.0,15.829999923706055,15.880000114440918,63600,0.0,0.0
2017-10-16 00:00:00-04:00,15.979999542236328,16.049999237060547,15.760000228881836,15.899999618530273,128300,0.0,0.0
2017-10-17 00:00:00-04:00,15.829999923706055,16.0,15.770000457763672,15.949999809265137,68700,0.0,0.0
2017-10-18 00:00:00-04:00,16.0,16.010000228881836,15.640000343322754,15.920000076293945,104000,0.0,0.0
2017-10-19 00:00:00-04:00,15.789999961853027,15.789999961853027,15.5,15.600000381469727,94700,0.0,0.0
2017-10-20 00:00:00-04:00,15.800000190734863,15.859999656677246,15.479999542236328,15.630000114440918,101500,0.0,0.0
2017-10-23 00:00:00-04:00,15.65999984741211,15.770000457763672,15.539999961853027,15.600000381469727,90000,0.0,0.0
2017-10-24 00:00:00-04:00,15.699999809265137,15.789999961853027,15.390000343322754,15.489999771118164,123000,0.0,0.0
2017-10-25 00:00:00-04:00,15.489999771118164,15.640000343322754,15.220000267028809,15.550000190734863,162200,0.0,0.0
2017-10-26 00:00:00-04:00,15.649999618530273,16.049999237060547,15.539999961853027,15.760000228881836,139300,0.0,0.0
2017-10-27 00:00:00-04:00,14.270000457763672,14.90999984741211,14.119999885559082,14.319999694824219,542700,0.0,0.0
2017-10-30 00:00:00-04:00,14.25,14.75,14.25,14.510000228881836,163400,0.0,0.0
2017-10-31 00:00:00-04:00,14.470000267028809,14.739999771118164,14.460000038146973,14.649999618530273,152300,0.0,0.0
2017-11-01 00:00:00-04:00,14.859999656677246,15.0,14.6899995803833,14.930000305175781,176800,0.0,0.0
2017-11-02 00:00:00-04:00,15.039999961853027,16.079999923706055,14.880000114440918,15.979999542236328,252100,0.0,0.0
2017-11-03 00:00:00-04:00,15.949999809265137,16.06999969482422,15.289999961853027,15.4399995803833,159200,0.0,0.0
2017-11-06 00:00:00-05:00,15.449999809265137,15.670000076293945,15.350000381469727,15.609999656677246,82500,0.0,0.0
2017-11-07 00:00:00-05:00,15.630000114440918,15.739999771118164,15.529999732971191,15.59000015258789,91700,0.0,0.0
2017-11-08 00:00:00-05:00,15.510000228881836,15.970000267028809,15.5,15.949999809265137,100800,0.0,0.0
2017-11-09 00:00:00-05:00,15.850000381469727,15.869999885559082,15.40999984741211,15.75,83100,0.0,0.0
2017-11-10 00:00:00-05:00,15.699999809265137,16.079999923706055,15.699999809265137,15.789999961853027,97800,0.0,0.0
2017-11-13 00:00:00-05:00,15.710000038146973,15.710000038146973,15.430000305175781,15.5,89800,0.0,0.0
2017-11-14 00:00:00-05:00,15.5,15.579999923706055,15.420000076293945,15.539999961853027,112500,0.0,0.0
2017-11-15 00:00:00-05:00,15.5,15.649999618530273,15.319999694824219,15.34000015258789,127000,0.0,0.0
2017-11-16 00:00:00-05:00,15.40999984741211,15.789999961853027,15.289999961853027,15.680000305175781,95100,0.0,0.0
2017-11-17 00:00:00-05:00,15.670000076293945,15.800000190734863,15.5,15.569999694824219,81300,0.0,0.0
2017-11-20 00:00:00-05:00,15.630000114440918,15.829999923706055,15.539999961853027,15.75,66100,0.0,0.0
2017-11-21 00:00:00-05:00,15.789999961853027,16.079999923706055,15.779999732971191,15.859999656677246,198600,0.0,0.0
2017-11-22 00:00:00-05:00,17.459999084472656,18.170000076293945,16.68000030517578,16.719999313354492,1527500,0.0,0.0
2017-11-24 00:00:00-05:00,16.790000915527344,17.729999542236328,16.75,17.56999969482422,436700,0.0,0.0
2017-11-27 00:00:00-05:00,17.5,18.1200008392334,17.350000381469727,18.059999465942383,637300,0.0,0.0
2017-11-28 00:00:00-05:00,18.059999465942383,18.31999969482422,17.770000457763672,18.1299991607666,651700,0.0,0.0
2017-11-29 00:00:00-05:00,18.100000381469727,18.399999618530273,17.56999969482422,18.239999771118164,4531700,0.0,0.0
2017-11-30 00:00:00-05:00,18.200000762939453,18.479999542236328,17.459999084472656,18.09000015258789,858100,0.0,0.0
2017-12-01 00:00:00-05:00,17.979999542236328,17.979999542236328,16.760000228881836,16.93000030517578,337600,0.0,0.0
2017-12-04 00:00:00-05:00,16.979999542236328,17.0,16.219999313354492,16.25,329500,0.0,0.0
2017-12-05 00:00:00-05:00,16.15999984741211,16.3799991607666,16.010000228881836,16.15999984741211,229100,0.0,0.0
2017-12-06 00:00:00-05:00,16.15999984741211,16.200000762939453,15.680000305175781,15.789999961853027,282200,0.0,0.0
2017-12-07 00:00:00-05:00,15.800000190734863,16.31999969482422,15.760000228881836,16.290000915527344,279200,0.0,0.0
2017-12-08 00:00:00-05:00,16.450000762939453,16.450000762939453,16.15999984741211,16.299999237060547,311900,0.0,0.0
2017-12-11 00:00:00-05:00,16.309999465942383,16.399999618530273,16.149999618530273,16.25,263900,0.0,0.0
2017-12-12 00:00:00-05:00,16.280000686645508,16.360000610351562,16.149999618530273,16.260000228881836,546000,0.0,0.0
2017-12-13 00:00:00-05:00,16.25,16.829999923706055,16.149999618530273,16.649999618530273,469500,0.0,0.0
2017-12-14 00:00:00-05:00,16.65999984741211,16.84000015258789,16.579999923706055,16.690000534057617,270900,0.0,0.0
2017-12-15 00:00:00-05:00,16.68000030517578,16.860000610351562,16.43000030517578,16.799999237060547,628400,0.0,0.0
2017-12-18 00:00:00-05:00,16.969999313354492,17.3799991607666,16.969999313354492,17.170000076293945,195900,0.0,0.0
2017-12-19 00:00:00-05:00,17.1200008392334,17.309999465942383,16.760000228881836,16.780000686645508,194300,0.0,0.0
2017-12-20 00:00:00-05:00,16.889999389648438,16.889999389648438,16.530000686645508,16.670000076293945,129600,0.0,0.0
2017-12-21 00:00:00-05:00,16.68000030517578,16.799999237060547,16.360000610351562,16.3799991607666,192900,0.0,0.0
2017-12-22 00:00:00-05:00,16.420000076293945,16.420000076293945,15.899999618530273,16.1299991607666,117800,0.0,0.0
2017-12-26 00:00:00-05:00,16.06999969482422,16.06999969482422,15.8100004196167,15.819999694824219,96800,0.0,0.0
2017-12-27 00:00:00-05:00,15.859999656677246,15.960000038146973,15.550000190734863,15.619999885559082,105600,0.0,0.0
2017-12-28 00:00:00-05:00,15.609999656677246,15.789999961853027,15.59000015258789,15.739999771118164,87900,0.0,0.0
2017-12-29 00:00:00-05:00,15.800000190734863,15.989999771118164,15.6899995803833,15.699999809265137,142500,0.0,0.0
2018-01-02 00:00:00-05:00,15.770000457763672,16.40999984741211,15.630000114440918,16.399999618530273,156500,0.0,0.0
2018-01-03 00:00:00-05:00,16.43000030517578,16.530000686645508,16.200000762939453,16.510000228881836,88400,0.0,0.0
2018-01-04 00:00:00-05:00,16.559999465942383,16.59000015258789,16.329999923706055,16.360000610351562,73700,0.0,0.0
2018-01-05 00:00:00-05:00,16.3700008392334,16.760000228881836,16.229999542236328,16.56999969482422,88200,0.0,0.0
2018-01-08 00:00:00-05:00,16.56999969482422,16.65999984741211,16.309999465942383,16.600000381469727,76100,0.0,0.0
2018-01-09 00:00:00-05:00,16.610000610351562,16.65999984741211,16.270000457763672,16.270000457763672,102400,0.0,0.0
2018-01-10 00:00:00-05:00,16.149999618530273,16.329999923706055,15.569999694824219,15.670000076293945,186800,0.0,0.0
2018-01-11 00:00:00-05:00,15.6899995803833,15.6899995803833,15.510000228881836,15.630000114440918,150900,0.0,0.0
2018-01-12 00:00:00-05:00,15.670000076293945,15.970000267028809,15.5600004196167,15.680000305175781,218800,0.0,0.0
2018-01-16 00:00:00-05:00,15.770000457763672,15.989999771118164,15.510000228881836,15.579999923706055,112700,0.0,0.0
2018-01-17 00:00:00-05:00,15.699999809265137,15.729999542236328,15.430000305175781,15.5600004196167,194200,0.0,0.0
2018-01-18 00:00:00-05:00,15.579999923706055,15.760000228881836,15.319999694824219,15.34000015258789,127500,0.0,0.0
2018-01-19 00:00:00-05:00,15.359999656677246,15.399999618530273,14.920000076293945,14.960000038146973,178500,0.0,0.0
2018-01-22 00:00:00-05:00,14.960000038146973,14.989999771118164,14.609999656677246,14.670000076293945,292700,0.0,0.0
2018-01-23 00:00:00-05:00,14.680000305175781,14.699999809265137,14.479999542236328,14.649999618530273,303400,0.0,0.0
2018-01-24 00:00:00-05:00,14.670000076293945,14.869999885559082,14.319999694824219,14.600000381469727,363000,0.0,0.0
2018-01-25 00:00:00-05:00,14.739999771118164,14.8100004196167,14.420000076293945,14.640000343322754,398400,0.0,0.0
2018-01-26 00:00:00-05:00,14.75,14.850000381469727,14.460000038146973,14.520000457763672,295900,0.0,0.0
2018-01-29 00:00:00-05:00,14.449999809265137,14.699999809265137,14.130000114440918,14.210000038146973,220300,0.0,0.0
2018-01-30 00:00:00-05:00,14.09000015258789,14.199999809265137,13.859999656677246,13.9399995803833,206100,0.0,0.0
2018-01-31 00:00:00-05:00,14.010000228881836,14.079999923706055,13.5,13.680000305175781,367800,0.0,0.0
2018-02-01 00:00:00-05:00,13.529999732971191,13.729999542236328,13.449999809265137,13.600000381469727,149900,0.0,0.0
2018-02-02 00:00:00-05:00,13.510000228881836,13.539999961853027,13.119999885559082,13.25,236300,0.0,0.0
2018-02-05 00:00:00-05:00,13.170000076293945,13.289999961853027,12.84000015258789,12.850000381469727,157000,0.0,0.0
2018-02-06 00:00:00-05:00,12.65999984741211,13.170000076293945,12.65999984741211,13.130000114440918,215900,0.0,0.0
2018-02-07 00:00:00-05:00,13.100000381469727,13.149999618530273,12.649999618530273,12.9399995803833,277300,0.0,0.0
2018-02-08 00:00:00-05:00,12.949999809265137,12.949999809265137,12.5,12.59000015258789,154600,0.0,0.0
2018-02-09 00:00:00-05:00,12.739999771118164,13.079999923706055,12.470000267028809,12.949999809265137,223200,0.0,0.0
2018-02-12 00:00:00-05:00,12.979999542236328,13.130000114440918,12.789999961853027,12.970000267028809,155600,0.0,0.0
2018-02-13 00:00:00-05:00,12.949999809265137,12.960000038146973,12.699999809265137,12.789999961853027,110100,0.0,0.0
2018-02-14 00:00:00-05:00,12.680000305175781,13.220000267028809,12.539999961853027,13.119999885559082,228000,0.0,0.0
2018-02-15 00:00:00-05:00,13.25,13.979999542236328,13.079999923706055,13.609999656677246,451500,0.0,0.0
2018-02-16 00:00:00-05:00,12.800000190734863,13.25,11.489999771118164,11.65999984741211,1065100,0.0,0.0
2018-02-20 00:00:00-05:00,11.5600004196167,11.6899995803833,11.210000038146973,11.300000190734863,483000,0.0,0.0
2018-02-21 00:00:00-05:00,11.319999694824219,12.119999885559082,11.319999694824219,11.770000457763672,393100,0.0,0.0
2018-02-22 00:00:00-05:00,11.800000190734863,11.859999656677246,11.489999771118164,11.5,189600,0.0,0.0
2018-02-23 00:00:00-05:00,11.539999961853027,11.800000190734863,11.40999984741211,11.779999732971191,152000,0.0,0.0
2018-02-26 00:00:00-05:00,11.8100004196167,11.9399995803833,11.6899995803833,11.760000228881836,222100,0.0,0.0
2018-02-27 00:00:00-05:00,11.779999732971191,11.8100004196167,11.289999961853027,11.350000381469727,312700,0.0,0.0
2018-02-28 00:00:00-05:00,11.359999656677246,11.390000343322754,11.140000343322754,11.140000343322754,361200,0.0,0.0
2018-03-01 00:00:00-05:00,11.180000305175781,11.390000343322754,11.069999694824219,11.260000228881836,392900,0.0,0.0
2018-03-02 00:00:00-05:00,11.180000305175781,11.720000267028809,11.109999656677246,11.510000228881836,414700,0.0,0.0
2018-03-05 00:00:00-05:00,11.5,12.069999694824219,11.399999618530273,11.829999923706055,333800,0.0,0.0
2018-03-06 00:00:00-05:00,11.869999885559082,12.180000305175781,11.84000015258789,12.069999694824219,129800,0.0,0.0
2018-03-07 00:00:00-05:00,11.989999771118164,12.430000305175781,11.989999771118164,12.210000038146973,158300,0.0,0.0
2018-03-08 00:00:00-05:00,12.229999542236328,12.609999656677246,12.170000076293945,12.470000267028809,163700,0.0,0.0
2018-03-09 00:00:00-05:00,12.5,12.569999694824219,12.199999809265137,12.270000457763672,121300,0.0,0.0
2018-03-12 00:00:00-04:00,12.270000457763672,12.699999809265137,12.270000457763672,12.550000190734863,245300,0.0,0.0
2018-03-13 00:00:00-04:00,12.550000190734863,12.640000343322754,12.1899995803833,12.229999542236328,117400,0.0,0.0
2018-03-14 00:00:00-04:00,12.3100004196167,12.529999732971191,12.15999984741211,12.420000076293945,232500,0.0,0.0
2018-03-15 00:00:00-04:00,12.430000305175781,12.529999732971191,12.029999732971191,12.050000190734863,165500,0.0,0.0
2018-03-16 00:00:00-04:00,12.050000190734863,12.550000190734863,12.010000228881836,12.5,439900,0.0,0.0
2018-03-19 00:00:00-04:00,12.470000267028809,12.470000267028809,12.109999656677246,12.350000381469727,125000,0.0,0.0
2018-03-20 00:00:00-04:00,12.359999656677246,12.470000267028809,12.0,12.180000305175781,160700,0.0,0.0
2018-03-21 00:00:00-04:00,12.180000305175781,12.5600004196167,12.180000305175781,12.350000381469727,87100,0.0,0.0
2018-03-22 00:00:00-04:00,12.239999771118164,12.5600004196167,12.149999618530273,12.1899995803833,172600,0.0,0.0
2018-03-23 00:00:00-04:00,12.229999542236328,12.229999542236328,11.619999885559082,11.699999809265137,162200,0.0,0.0
2018-03-26 00:00:00-04:00,11.869999885559082,11.960000038146973,11.5600004196167,11.800000190734863,145700,0.0,0.0
2018-03-27 00:00:00-04:00,11.819999694824219,11.880000114440918,11.520000457763672,11.609999656677246,99400,0.0,0.0
2018-03-28 00:00:00-04:00,11.600000381469727,11.710000038146973,11.350000381469727,11.430000305175781,158800,0.0,0.0
2018-03-29 00:00:00-04:00,11.489999771118164,11.880000114440918,11.390000343322754,11.65999984741211,135800,0.0,0.0
2018-04-02 00:00:00-04:00,11.649999618530273,11.649999618530273,11.329999923706055,11.329999923706055,108500,0.0,0.0
2018-04-03 00:00:00-04:00,11.420000076293945,11.5,11.25,11.460000038146973,133200,0.0,0.0
2018-04-04 00:00:00-04:00,11.300000190734863,11.5,11.300000190734863,11.369999885559082,135200,0.0,0.0
2018-04-05 00:00:00-04:00,11.449999809265137,11.600000381469727,11.34000015258789,11.399999618530273,150900,0.0,0.0
2018-04-06 00:00:00-04:00,11.319999694824219,11.550000190734863,11.100000381469727,11.170000076293945,140800,0.0,0.0
2018-04-09 00:00:00-04:00,11.220000267028809,11.520000457763672,11.15999984741211,11.260000228881836,125100,0.0,0.0
2018-04-10 00:00:00-04:00,11.380000114440918,11.630000114440918,11.380000114440918,11.520000457763672,104500,0.0,0.0
2018-04-11 00:00:00-04:00,11.470000267028809,11.65999984741211,11.430000305175781,11.5600004196167,112200,0.0,0.0
2018-04-12 00:00:00-04:00,11.609999656677246,11.75,11.609999656677246,11.729999542236328,73500,0.0,0.0
2018-04-13 00:00:00-04:00,11.779999732971191,11.779999732971191,11.539999961853027,11.680000305175781,101500,0.0,0.0
2018-04-16 00:00:00-04:00,11.75,11.75,11.449999809265137,11.670000076293945,85800,0.0,0.0
2018-04-17 00:00:00-04:00,11.729999542236328,12.050000190734863,11.729999542236328,11.800000190734863,136800,0.0,0.0
2018-04-18 00:00:00-04:00,11.800000190734863,11.869999885559082,11.670000076293945,11.760000228881836,122000,0.0,0.0
2018-04-19 00:00:00-04:00,11.710000038146973,11.800000190734863,11.260000228881836,11.3100004196167,110100,0.0,0.0
2018-04-20 00:00:00-04:00,11.25,11.550000190734863,11.25,11.40999984741211,133900,0.0,0.0
2018-04-23 00:00:00-04:00,11.430000305175781,11.460000038146973,11.130000114440918,11.180000305175781,87100,0.0,0.0
2018-04-24 00:00:00-04:00,11.239999771118164,11.40999984741211,11.050000190734863,11.119999885559082,111000,0.0,0.0
2018-04-25 00:00:00-04:00,11.119999885559082,11.119999885559082,10.800000190734863,10.989999771118164,116200,0.0,0.0
2018-04-26 00:00:00-04:00,11.0,11.3100004196167,10.960000038146973,11.239999771118164,136500,0.0,0.0
2018-04-27 00:00:00-04:00,11.279999732971191,11.329999923706055,10.960000038146973,11.109999656677246,141700,0.0,0.0
2018-04-30 00:00:00-04:00,11.09000015258789,11.449999809265137,11.079999923706055,11.149999618530273,153700,0.0,0.0
2018-05-01 00:00:00-04:00,11.100000381469727,11.550000190734863,11.100000381469727,11.489999771118164,128800,0.0,0.0
2018-05-02 00:00:00-04:00,11.479999542236328,11.8100004196167,11.479999542236328,11.710000038146973,118600,0.0,0.0
2018-05-03 00:00:00-04:00,11.670000076293945,12.390000343322754,11.65999984741211,11.869999885559082,83700,0.0,0.0
2018-05-04 00:00:00-04:00,11.829999923706055,12.109999656677246,11.75,12.0600004196167,80900,0.0,0.0
2018-05-07 00:00:00-04:00,12.09000015258789,12.329999923706055,12.069999694824219,12.229999542236328,81600,0.0,0.0
2018-05-08 00:00:00-04:00,12.239999771118164,12.380000114440918,12.09000015258789,12.15999984741211,136400,0.0,0.0
2018-05-09 00:00:00-04:00,11.770000457763672,11.989999771118164,9.619999885559082,10.25,559700,0.0,0.0
2018-05-10 00:00:00-04:00,10.239999771118164,11.010000228881836,10.069999694824219,10.8100004196167,305100,0.0,0.0
2018-05-11 00:00:00-04:00,10.819999694824219,11.470000267028809,10.75,11.380000114440918,279100,0.0,0.0
2018-05-14 00:00:00-04:00,11.40999984741211,11.829999923706055,11.220000267028809,11.640000343322754,250700,0.0,0.0
2018-05-15 00:00:00-04:00,11.579999923706055,11.579999923706055,10.779999732971191,10.819999694824219,228100,0.0,0.0
2018-05-16 00:00:00-04:00,10.850000381469727,11.220000267028809,10.600000381469727,11.100000381469727,158900,0.0,0.0
2018-05-17 00:00:00-04:00,11.109999656677246,11.4399995803833,11.109999656677246,11.380000114440918,254100,0.0,0.0
2018-05-18 00:00:00-04:00,11.390000343322754,11.720000267028809,11.289999961853027,11.710000038146973,243900,0.0,0.0
2018-05-21 00:00:00-04:00,11.729999542236328,12.1899995803833,11.579999923706055,11.710000038146973,155600,0.0,0.0
2018-05-22 00:00:00-04:00,11.760000228881836,12.229999542236328,11.760000228881836,12.100000381469727,359600,0.0,0.0
2018-05-23 00:00:00-04:00,12.039999961853027,12.5,11.880000114440918,12.380000114440918,310200,0.0,0.0
2018-05-24 00:00:00-04:00,12.369999885559082,12.369999885559082,12.09000015258789,12.109999656677246,114100,0.0,0.0
2018-05-25 00:00:00-04:00,12.100000381469727,12.420000076293945,12.100000381469727,12.300000190734863,95800,0.0,0.0
2018-05-29 00:00:00-04:00,12.25,12.430000305175781,12.180000305175781,12.390000343322754,122300,0.0,0.0
2018-05-30 00:00:00-04:00,12.449999809265137,12.699999809265137,12.4399995803833,12.489999771118164,130600,0.0,0.0
2018-05-31 00:00:00-04:00,12.489999771118164,12.6899995803833,12.399999618530273,12.640000343322754,110700,0.0,0.0
2018-06-01 00:00:00-04:00,12.65999984741211,13.109999656677246,12.510000228881836,13.069999694824219,226400,0.0,0.0
2018-06-04 00:00:00-04:00,13.050000190734863,13.15999984741211,12.859999656677246,13.010000228881836,194000,0.0,0.0
2018-06-05 00:00:00-04:00,13.0,13.399999618530273,13.0,13.289999961853027,105800,0.0,0.0
2018-06-06 00:00:00-04:00,13.319999694824219,13.319999694824219,13.029999732971191,13.170000076293945,150800,0.0,0.0
2018-06-07 00:00:00-04:00,13.180000305175781,13.220000267028809,12.930000305175781,13.1899995803833,113200,0.0,0.0
2018-06-08 00:00:00-04:00,13.079999923706055,13.1899995803833,13.010000228881836,13.109999656677246,97400,0.0,0.0
2018-06-11 00:00:00-04:00,13.100000381469727,13.15999984741211,12.90999984741211,12.920000076293945,136000,0.0,0.0
2018-06-12 00:00:00-04:00,12.9399995803833,13.180000305175781,12.90999984741211,13.149999618530273,126900,0.0,0.0
2018-06-13 00:00:00-04:00,13.15999984741211,13.630000114440918,13.15999984741211,13.3100004196167,697000,0.0,0.0
2018-06-14 00:00:00-04:00,13.420000076293945,13.84000015258789,13.380000114440918,13.40999984741211,219300,0.0,0.0
2018-06-15 00:00:00-04:00,13.350000381469727,13.359999656677246,12.569999694824219,12.65999984741211,327100,0.0,0.0
2018-06-18 00:00:00-04:00,12.640000343322754,12.670000076293945,12.350000381469727,12.5600004196167,572800,0.0,0.0
2018-06-19 00:00:00-04:00,12.520000457763672,12.90999984741211,12.449999809265137,12.720000267028809,115400,0.0,0.0
2018-06-20 00:00:00-04:00,12.75,12.75,12.479999542236328,12.489999771118164,97000,0.0,0.0
2018-06-21 00:00:00-04:00,12.5,12.739999771118164,12.270000457763672,12.359999656677246,135500,0.0,0.0
2018-06-22 00:00:00-04:00,12.399999618530273,12.470000267028809,12.0,12.239999771118164,967300,0.0,0.0
2018-06-25 00:00:00-04:00,12.199999809265137,12.229999542236328,11.920000076293945,12.010000228881836,165600,0.0,0.0
2018-06-26 00:00:00-04:00,12.0,12.289999961853027,11.930000305175781,12.100000381469727,163400,0.0,0.0
2018-06-27 00:00:00-04:00,12.09000015258789,13.029999732971191,11.609999656677246,11.75,167000,0.0,0.0
2018-06-28 00:00:00-04:00,11.739999771118164,12.029999732971191,11.550000190734863,11.800000190734863,164400,0.0,0.0
2018-06-29 00:00:00-04:00,11.84000015258789,12.170000076293945,11.680000305175781,11.979999542236328,181400,0.0,0.0
2018-07-02 00:00:00-04:00,11.9399995803833,12.289999961853027,11.829999923706055,12.1899995803833,162600,0.0,0.0
2018-07-03 00:00:00-04:00,12.149999618530273,12.289999961853027,11.9399995803833,11.949999809265137,90600,0.0,0.0
2018-07-05 00:00:00-04:00,12.0,12.65999984741211,11.960000038146973,12.050000190734863,130000,0.0,0.0
2018-07-06 00:00:00-04:00,12.010000228881836,12.3100004196167,11.869999885559082,12.180000305175781,136000,0.0,0.0
2018-07-09 00:00:00-04:00,12.239999771118164,12.640000343322754,12.050000190734863,12.270000457763672,131000,0.0,0.0
2018-07-10 00:00:00-04:00,12.289999961853027,12.520000457763672,12.069999694824219,12.1899995803833,101900,0.0,0.0
2018-07-11 00:00:00-04:00,12.050000190734863,12.380000114440918,11.789999961853027,11.800000190734863,326300,0.0,0.0
2018-07-12 00:00:00-04:00,11.850000381469727,12.470000267028809,11.789999961853027,11.899999618530273,179700,0.0,0.0
2018-07-13 00:00:00-04:00,11.899999618530273,12.15999984741211,11.670000076293945,11.760000228881836,175200,0.0,0.0
2018-07-16 00:00:00-04:00,11.760000228881836,11.949999809265137,11.25,11.420000076293945,297800,0.0,0.0
2018-07-17 00:00:00-04:00,11.369999885559082,12.15999984741211,11.369999885559082,11.779999732971191,698300,0.0,0.0
2018-07-18 00:00:00-04:00,11.84000015258789,11.859999656677246,11.609999656677246,11.699999809265137,257100,0.0,0.0
2018-07-19 00:00:00-04:00,11.680000305175781,12.010000228881836,11.59000015258789,11.699999809265137,250300,0.0,0.0
2018-07-20 00:00:00-04:00,11.699999809265137,12.020000457763672,11.600000381469727,11.699999809265137,1125900,0.0,0.0
2018-07-23 00:00:00-04:00,11.6899995803833,11.90999984741211,11.350000381469727,11.420000076293945,244300,0.0,0.0
2018-07-24 00:00:00-04:00,11.489999771118164,11.539999961853027,11.289999961853027,11.34000015258789,248000,0.0,0.0
2018-07-25 00:00:00-04:00,11.329999923706055,11.449999809265137,10.800000190734863,10.899999618530273,282200,0.0,0.0
2018-07-26 00:00:00-04:00,10.90999984741211,10.949999809265137,10.550000190734863,10.729999542236328,198000,0.0,0.0
2018-07-27 00:00:00-04:00,10.779999732971191,10.779999732971191,10.510000228881836,10.619999885559082,127900,0.0,0.0
2018-07-30 00:00:00-04:00,10.619999885559082,10.65999984741211,10.260000228881836,10.460000038146973,244000,0.0,0.0
2018-07-31 00:00:00-04:00,10.529999732971191,10.789999961853027,10.300000190734863,10.5,556400,0.0,0.0
2018-08-01 00:00:00-04:00,10.569999694824219,11.020000457763672,10.520000457763672,10.649999618530273,480500,0.0,0.0
2018-08-02 00:00:00-04:00,10.600000381469727,11.079999923706055,10.550000190734863,11.029999732971191,486300,0.0,0.0
2018-08-03 00:00:00-04:00,9.949999809265137,10.600000381469727,9.569999694824219,9.970000267028809,621300,0.0,0.0
2018-08-06 00:00:00-04:00,9.869999885559082,9.869999885559082,9.350000381469727,9.359999656677246,457500,0.0,0.0
2018-08-07 00:00:00-04:00,9.350000381469727,9.680000305175781,9.270000457763672,9.539999961853027,291100,0.0,0.0
2018-08-08 00:00:00-04:00,9.510000228881836,9.960000038146973,9.470000267028809,9.880000114440918,264800,0.0,0.0
2018-08-09 00:00:00-04:00,9.819999694824219,9.920000076293945,9.770000457763672,9.84000015258789,204300,0.0,0.0
2018-08-10 00:00:00-04:00,9.819999694824219,9.989999771118164,9.6899995803833,9.949999809265137,181900,0.0,0.0
2018-08-13 00:00:00-04:00,9.960000038146973,10.229999542236328,9.90999984741211,10.15999984741211,199300,0.0,0.0
2018-08-14 00:00:00-04:00,10.1899995803833,10.319999694824219,9.819999694824219,9.869999885559082,93000,0.0,0.0
2018-08-15 00:00:00-04:00,9.789999961853027,9.819999694824219,9.449999809265137,9.710000038146973,123200,0.0,0.0
2018-08-16 00:00:00-04:00,9.75,9.760000228881836,9.4399995803833,9.59000015258789,254800,0.0,0.0
2018-08-17 00:00:00-04:00,9.539999961853027,9.720000267028809,9.329999923706055,9.65999984741211,116900,0.0,0.0
2018-08-20 00:00:00-04:00,9.640000343322754,9.670000076293945,9.430000305175781,9.600000381469727,109700,0.0,0.0
2018-08-21 00:00:00-04:00,9.619999885559082,9.84000015258789,9.619999885559082,9.739999771118164,119300,0.0,0.0
2018-08-22 00:00:00-04:00,9.720000267028809,9.880000114440918,9.699999809265137,9.770000457763672,89600,0.0,0.0
2018-08-23 00:00:00-04:00,9.75,9.930000305175781,9.75,9.880000114440918,91100,0.0,0.0
2018-08-24 00:00:00-04:00,9.920000076293945,9.970000267028809,9.829999923706055,9.859999656677246,131000,0.0,0.0
2018-08-27 00:00:00-04:00,9.899999618530273,10.239999771118164,9.850000381469727,10.180000305175781,147700,0.0,0.0
2018-08-28 00:00:00-04:00,9.899999618530273,9.899999618530273,8.550000190734863,8.8100004196167,1395400,0.0,0.0
2018-08-29 00:00:00-04:00,8.850000381469727,8.899999618530273,8.40999984741211,8.510000228881836,464600,0.0,0.0
2018-08-30 00:00:00-04:00,8.5,8.600000381469727,8.420000076293945,8.489999771118164,333000,0.0,0.0
2018-08-31 00:00:00-04:00,8.5,8.770000457763672,8.449999809265137,8.720000267028809,312800,0.0,0.0
2018-09-04 00:00:00-04:00,8.680000305175781,8.699999809265137,8.460000038146973,8.680000305175781,265300,0.0,0.0
2018-09-05 00:00:00-04:00,8.649999618530273,8.649999618530273,8.260000228881836,8.539999961853027,489100,0.0,0.0
2018-09-06 00:00:00-04:00,8.550000190734863,8.779999732971191,8.140000343322754,8.170000076293945,219000,0.0,0.0
2018-09-07 00:00:00-04:00,8.140000343322754,8.880000114440918,8.100000381469727,8.859999656677246,469900,0.0,0.0
2018-09-10 00:00:00-04:00,8.899999618530273,9.109999656677246,8.850000381469727,8.979999542236328,241600,0.0,0.0
2018-09-11 00:00:00-04:00,8.960000038146973,9.239999771118164,8.930000305175781,9.100000381469727,152400,0.0,0.0
2018-09-12 00:00:00-04:00,9.020000457763672,9.079999923706055,8.770000457763672,8.920000076293945,232000,0.0,0.0
2018-09-13 00:00:00-04:00,8.920000076293945,9.020000457763672,8.850000381469727,8.920000076293945,176200,0.0,0.0
2018-09-14 00:00:00-04:00,8.970000267028809,9.069999694824219,8.899999618530273,8.979999542236328,141400,0.0,0.0
2018-09-17 00:00:00-04:00,8.970000267028809,9.1899995803833,8.880000114440918,8.960000038146973,141900,0.0,0.0
2018-09-18 00:00:00-04:00,9.0,9.100000381469727,8.9399995803833,8.970000267028809,94000,0.0,0.0
2018-09-19 00:00:00-04:00,8.989999771118164,9.050000190734863,8.899999618530273,8.949999809265137,396500,0.0,0.0
2018-09-20 00:00:00-04:00,8.970000267028809,9.149999618530273,8.90999984741211,9.109999656677246,123800,0.0,0.0
2018-09-21 00:00:00-04:00,9.130000114440918,9.449999809265137,9.0600004196167,9.119999885559082,695100,0.0,0.0
2018-09-24 00:00:00-04:00,9.100000381469727,9.479999542236328,8.880000114440918,8.979999542236328,185200,0.0,0.0
2018-09-25 00:00:00-04:00,9.0,9.130000114440918,8.880000114440918,8.949999809265137,102900,0.0,0.0
2018-09-26 00:00:00-04:00,8.930000305175781,9.1899995803833,8.6899995803833,8.779999732971191,119700,0.0,0.0
2018-09-27 00:00:00-04:00,8.789999961853027,9.420000076293945,8.710000038146973,8.760000228881836,151900,0.0,0.0
2018-09-28 00:00:00-04:00,8.75,9.399999618530273,8.699999809265137,9.029999732971191,171200,0.0,0.0
2018-10-01 00:00:00-04:00,9.0600004196167,9.119999885559082,8.850000381469727,8.899999618530273,122600,0.0,0.0
2018-10-02 00:00:00-04:00,8.899999618530273,9.149999618530273,8.8100004196167,8.859999656677246,102200,0.0,0.0
2018-10-03 00:00:00-04:00,8.880000114440918,9.020000457763672,8.680000305175781,8.859999656677246,87500,0.0,0.0
2018-10-04 00:00:00-04:00,8.819999694824219,8.859999656677246,8.600000381469727,8.670000076293945,98500,0.0,0.0
2018-10-05 00:00:00-04:00,8.680000305175781,8.680000305175781,8.470000267028809,8.579999923706055,118000,0.0,0.0
2018-10-08 00:00:00-04:00,8.550000190734863,8.640000343322754,8.470000267028809,8.550000190734863,85800,0.0,0.0
2018-10-09 00:00:00-04:00,8.529999732971191,8.819999694824219,8.529999732971191,8.710000038146973,120100,0.0,0.0
2018-10-10 00:00:00-04:00,8.640000343322754,8.770000457763672,8.5,8.5,124000,0.0,0.0
2018-10-11 00:00:00-04:00,8.5,8.699999809265137,8.449999809265137,8.489999771118164,442500,0.0,0.0
2018-10-12 00:00:00-04:00,8.619999885559082,8.630000114440918,8.40999984741211,8.520000457763672,361900,0.0,0.0
2018-10-15 00:00:00-04:00,8.510000228881836,8.510000228881836,8.119999885559082,8.140000343322754,206900,0.0,0.0
2018-10-16 00:00:00-04:00,8.289999961853027,8.319999694824219,8.119999885559082,8.210000038146973,236000,0.0,0.0
2018-10-17 00:00:00-04:00,8.229999542236328,8.239999771118164,8.0,8.210000038146973,484700,0.0,0.0
2018-10-18 00:00:00-04:00,8.220000267028809,8.399999618530273,8.050000190734863,8.300000190734863,545300,0.0,0.0
2018-10-19 00:00:00-04:00,8.289999961853027,8.649999618530273,8.109999656677246,8.199999809265137,143200,0.0,0.0
2018-10-22 00:00:00-04:00,8.199999809265137,8.670000076293945,8.1899995803833,8.319999694824219,557000,0.0,0.0
2018-10-23 00:00:00-04:00,8.180000305175781,8.40999984741211,8.140000343322754,8.149999618530273,381000,0.0,0.0
2018-10-24 00:00:00-04:00,8.130000114440918,8.130000114440918,7.559999942779541,7.730000019073486,264600,0.0,0.0
2018-10-25 00:00:00-04:00,7.769999980926514,8.020000457763672,7.730000019073486,7.949999809265137,133800,0.0,0.0
2018-10-26 00:00:00-04:00,7.809999942779541,8.010000228881836,7.75,7.96999979019165,218700,0.0,0.0
2018-10-29 00:00:00-04:00,8.069999694824219,8.15999984741211,7.829999923706055,7.909999847412109,222200,0.0,0.0
2018-10-30 00:00:00-04:00,7.889999866485596,8.210000038146973,7.760000228881836,8.130000114440918,126100,0.0,0.0
2018-10-31 00:00:00-04:00,8.25,8.359999656677246,7.949999809265137,8.0,135000,0.0,0.0
2018-11-01 00:00:00-04:00,8.050000190734863,8.4399995803833,8.050000190734863,8.399999618530273,280800,0.0,0.0
2018-11-02 00:00:00-04:00,8.449999809265137,8.600000381469727,8.359999656677246,8.390000343322754,158400,0.0,0.0
2018-11-05 00:00:00-05:00,8.420000076293945,8.65999984741211,8.140000343322754,8.359999656677246,231700,0.0,0.0
2018-11-06 00:00:00-05:00,8.359999656677246,8.5,8.279999732971191,8.4399995803833,55300,0.0,0.0
2018-11-07 00:00:00-05:00,8.470000267028809,8.760000228881836,8.369999885559082,8.510000228881836,115400,0.0,0.0
2018-11-08 00:00:00-05:00,8.520000457763672,8.600000381469727,8.270000457763672,8.4399995803833,193900,0.0,0.0
2018-11-09 00:00:00-05:00,8.449999809265137,9.25,8.399999618530273,8.9399995803833,607200,0.0,0.0
2018-11-12 00:00:00-05:00,8.829999923706055,9.0,8.369999885559082,8.40999984741211,383100,0.0,0.0
2018-11-13 00:00:00-05:00,8.399999618530273,8.710000038146973,8.279999732971191,8.529999732971191,263200,0.0,0.0
2018-11-14 00:00:00-05:00,8.65999984741211,8.84000015258789,8.600000381469727,8.630000114440918,127000,0.0,0.0
2018-11-15 00:00:00-05:00,8.579999923706055,8.960000038146973,8.399999618530273,8.9399995803833,224000,0.0,0.0
2018-11-16 00:00:00-05:00,8.8100004196167,8.979999542236328,8.5600004196167,8.880000114440918,273000,0.0,0.0
2018-11-19 00:00:00-05:00,8.859999656677246,8.930000305175781,8.539999961853027,8.630000114440918,100100,0.0,0.0
2018-11-20 00:00:00-05:00,8.640000343322754,8.760000228881836,8.390000343322754,8.5,287000,0.0,0.0
2018-11-21 00:00:00-05:00,8.5600004196167,8.710000038146973,8.470000267028809,8.520000457763672,263600,0.0,0.0
2018-11-23 00:00:00-05:00,8.4399995803833,8.640000343322754,8.4399995803833,8.550000190734863,54800,0.0,0.0
2018-11-26 00:00:00-05:00,8.649999618530273,8.760000228881836,8.399999618530273,8.449999809265137,236500,0.0,0.0
2018-11-27 00:00:00-05:00,8.399999618530273,8.489999771118164,8.260000228881836,8.369999885559082,356100,0.0,0.0
2018-11-28 00:00:00-05:00,8.380000114440918,8.649999618530273,8.170000076293945,8.550000190734863,308900,0.0,0.0
2018-11-29 00:00:00-05:00,8.5,8.819999694824219,8.449999809265137,8.779999732971191,526800,0.0,0.0
2018-11-30 00:00:00-05:00,8.779999732971191,9.25,8.6899995803833,9.25,327000,0.0,0.0
2018-12-03 00:00:00-05:00,9.420000076293945,9.449999809265137,9.079999923706055,9.380000114440918,204400,0.0,0.0
2018-12-04 00:00:00-05:00,9.260000228881836,9.329999923706055,8.970000267028809,9.270000457763672,182600,0.0,0.0
2018-12-06 00:00:00-05:00,9.029999732971191,9.149999618530273,8.710000038146973,8.899999618530273,261900,0.0,0.0
2018-12-07 00:00:00-05:00,8.859999656677246,8.90999984741211,8.350000381469727,8.4399995803833,134800,0.0,0.0
2018-12-10 00:00:00-05:00,8.420000076293945,8.510000228881836,8.289999961853027,8.420000076293945,95700,0.0,0.0
2018-12-11 00:00:00-05:00,8.510000228881836,8.529999732971191,8.289999961853027,8.489999771118164,98200,0.0,0.0
2018-12-12 00:00:00-05:00,8.609999656677246,8.949999809265137,8.40999984741211,8.739999771118164,219800,0.0,0.0
2018-12-13 00:00:00-05:00,8.770000457763672,8.899999618530273,8.65999984741211,8.729999542236328,115700,0.0,0.0
2018-12-14 00:00:00-05:00,8.699999809265137,8.789999961853027,8.609999656677246,8.670000076293945,86200,0.0,0.0
2018-12-17 00:00:00-05:00,8.630000114440918,8.890000343322754,8.550000190734863,8.619999885559082,188700,0.0,0.0
2018-12-18 00:00:00-05:00,8.670000076293945,8.739999771118164,8.529999732971191,8.600000381469727,192100,0.0,0.0
2018-12-19 00:00:00-05:00,8.579999923706055,8.600000381469727,8.079999923706055,8.15999984741211,219600,0.0,0.0
2018-12-20 00:00:00-05:00,8.149999618530273,8.449999809265137,8.140000343322754,8.319999694824219,176400,0.0,0.0
2018-12-21 00:00:00-05:00,8.369999885559082,8.369999885559082,7.900000095367432,7.940000057220459,492000,0.0,0.0
2018-12-24 00:00:00-05:00,7.920000076293945,7.960000038146973,7.690000057220459,7.860000133514404,79500,0.0,0.0
2018-12-26 00:00:00-05:00,7.940000057220459,8.420000076293945,7.840000152587891,8.390000343322754,122800,0.0,0.0
2018-12-27 00:00:00-05:00,8.279999732971191,8.5600004196167,8.039999961853027,8.329999923706055,137900,0.0,0.0
2018-12-28 00:00:00-05:00,8.390000343322754,8.489999771118164,8.199999809265137,8.300000190734863,163700,0.0,0.0
2018-12-31 00:00:00-05:00,8.359999656677246,8.430000305175781,8.210000038146973,8.430000305175781,131100,0.0,0.0
2019-01-02 00:00:00-05:00,8.289999961853027,8.699999809265137,8.239999771118164,8.630000114440918,110000,0.0,0.0
2019-01-03 00:00:00-05:00,8.5,8.800000190734863,8.359999656677246,8.720000267028809,183800,0.0,0.0
2019-01-04 00:00:00-05:00,8.779999732971191,9.09000015258789,8.680000305175781,9.069999694824219,170400,0.0,0.0
2019-01-07 00:00:00-05:00,9.079999923706055,9.319999694824219,9.050000190734863,9.180000305175781,83600,0.0,0.0
2019-01-08 00:00:00-05:00,9.170000076293945,9.300000190734863,8.970000267028809,9.109999656677246,114800,0.0,0.0
2019-01-09 00:00:00-05:00,9.170000076293945,9.369999885559082,9.100000381469727,9.1899995803833,92100,0.0,0.0
2019-01-10 00:00:00-05:00,9.15999984741211,9.239999771118164,9.050000190734863,9.180000305175781,82200,0.0,0.0
2019-01-11 00:00:00-05:00,9.119999885559082,9.359999656677246,9.100000381469727,9.279999732971191,186600,0.0,0.0
2019-01-14 00:00:00-05:00,9.199999809265137,9.279999732971191,9.010000228881836,9.020000457763672,86100,0.0,0.0
2019-01-15 00:00:00-05:00,9.050000190734863,9.149999618530273,8.9399995803833,9.130000114440918,93400,0.0,0.0
2019-01-16 00:00:00-05:00,9.119999885559082,9.619999885559082,9.100000381469727,9.529999732971191,438500,0.0,0.0
2019-01-17 00:00:00-05:00,9.510000228881836,9.65999984741211,9.359999656677246,9.640000343322754,238600,0.0,0.0
2019-01-18 00:00:00-05:00,9.680000305175781,9.90999984741211,9.579999923706055,9.850000381469727,158200,0.0,0.0
2019-01-22 00:00:00-05:00,9.760000228881836,10.140000343322754,9.619999885559082,10.109999656677246,121600,0.0,0.0
2019-01-23 00:00:00-05:00,10.140000343322754,10.3100004196167,9.75,9.899999618530273,93300,0.0,0.0
2019-01-24 00:00:00-05:00,9.989999771118164,9.989999771118164,9.529999732971191,9.609999656677246,152300,0.0,0.0
2019-01-25 00:00:00-05:00,9.680000305175781,9.890000343322754,9.649999618530273,9.819999694824219,159400,0.0,0.0
2019-01-28 00:00:00-05:00,9.630000114440918,9.75,9.600000381469727,9.6899995803833,146900,0.0,0.0
2019-01-29 00:00:00-05:00,9.699999809265137,10.1899995803833,9.670000076293945,10.149999618530273,118800,0.0,0.0
2019-01-30 00:00:00-05:00,10.210000038146973,10.449999809265137,10.170000076293945,10.420000076293945,81700,0.0,0.0
2019-01-31 00:00:00-05:00,10.350000381469727,10.579999923706055,10.350000381469727,10.510000228881836,65300,0.0,0.0
2019-02-01 00:00:00-05:00,10.510000228881836,10.710000038146973,10.380000114440918,10.470000267028809,167700,0.0,0.0
2019-02-04 00:00:00-05:00,10.479999542236328,10.630000114440918,10.220000267028809,10.239999771118164,101000,0.0,0.0
2019-02-05 00:00:00-05:00,10.270000457763672,10.350000381469727,10.079999923706055,10.229999542236328,72700,0.0,0.0
2019-02-06 00:00:00-05:00,10.270000457763672,10.529999732971191,10.25,10.399999618530273,97900,0.0,0.0
2019-02-07 00:00:00-05:00,10.399999618530273,10.520000457763672,10.270000457763672,10.4399995803833,69500,0.0,0.0
2019-02-08 00:00:00-05:00,10.380000114440918,10.4399995803833,10.180000305175781,10.239999771118164,78900,0.0,0.0
2019-02-11 00:00:00-05:00,10.260000228881836,10.369999885559082,10.140000343322754,10.350000381469727,49800,0.0,0.0
2019-02-12 00:00:00-05:00,10.399999618530273,10.619999885559082,10.399999618530273,10.5,57500,0.0,0.0
2019-02-13 00:00:00-05:00,10.520000457763672,10.550000190734863,10.100000381469727,10.489999771118164,252700,0.0,0.0
2019-02-14 00:00:00-05:00,10.5,10.829999923706055,10.399999618530273,10.710000038146973,370900,0.0,0.0
2019-02-15 00:00:00-05:00,10.869999885559082,12.130000114440918,10.869999885559082,12.0,568300,0.0,0.0
2019-02-19 00:00:00-05:00,11.970000267028809,12.420000076293945,11.75,12.180000305175781,279400,0.0,0.0
2019-02-20 00:00:00-05:00,12.119999885559082,12.649999618530273,12.050000190734863,12.420000076293945,248400,0.0,0.0
2019-02-21 00:00:00-05:00,12.399999618530273,12.4399995803833,12.109999656677246,12.3100004196167,116400,0.0,0.0
2019-02-22 00:00:00-05:00,12.369999885559082,12.369999885559082,12.020000457763672,12.220000267028809,128400,0.0,0.0
2019-02-25 00:00:00-05:00,12.350000381469727,12.420000076293945,12.229999542236328,12.300000190734863,98500,0.0,0.0
2019-02-26 00:00:00-05:00,12.300000190734863,12.479999542236328,12.109999656677246,12.390000343322754,114500,0.0,0.0
2019-02-27 00:00:00-05:00,12.350000381469727,12.350000381469727,11.920000076293945,11.979999542236328,73800,0.0,0.0
2019-02-28 00:00:00-05:00,11.9399995803833,12.0,11.75,11.90999984741211,91000,0.0,0.0
2019-03-01 00:00:00-05:00,11.979999542236328,12.670000076293945,11.930000305175781,12.579999923706055,216200,0.0,0.0
2019-03-04 00:00:00-05:00,12.619999885559082,12.800000190734863,12.1899995803833,12.270000457763672,127400,0.0,0.0
2019-03-05 00:00:00-05:00,12.260000228881836,12.479999542236328,12.1899995803833,12.3100004196167,134800,0.0,0.0
2019-03-06 00:00:00-05:00,12.3100004196167,12.319999694824219,11.550000190734863,11.569999694824219,202900,0.0,0.0
2019-03-07 00:00:00-05:00,11.609999656677246,11.880000114440918,11.510000228881836,11.640000343322754,147500,0.0,0.0
2019-03-08 00:00:00-05:00,11.579999923706055,11.920000076293945,11.579999923706055,11.819999694824219,90600,0.0,0.0
2019-03-11 00:00:00-04:00,11.880000114440918,12.170000076293945,11.710000038146973,12.100000381469727,105400,0.0,0.0
2019-03-12 00:00:00-04:00,12.119999885559082,12.399999618530273,12.050000190734863,12.279999732971191,116000,0.0,0.0
2019-03-13 00:00:00-04:00,12.369999885559082,12.829999923706055,12.210000038146973,12.630000114440918,162600,0.0,0.0
2019-03-14 00:00:00-04:00,12.569999694824219,13.100000381469727,12.569999694824219,13.069999694824219,258100,0.0,0.0
2019-03-15 00:00:00-04:00,13.100000381469727,13.529999732971191,13.100000381469727,13.329999923706055,431500,0.0,0.0
2019-03-18 00:00:00-04:00,13.3100004196167,13.369999885559082,12.760000228881836,12.869999885559082,131700,0.0,0.0
2019-03-19 00:00:00-04:00,12.890000343322754,12.920000076293945,12.729999542236328,12.75,51400,0.0,0.0
2019-03-20 00:00:00-04:00,12.800000190734863,13.130000114440918,12.569999694824219,12.960000038146973,67000,0.0,0.0
2019-03-21 00:00:00-04:00,12.930000305175781,13.359999656677246,12.930000305175781,13.119999885559082,77300,0.0,0.0
2019-03-22 00:00:00-04:00,13.039999961853027,13.130000114440918,12.229999542236328,12.239999771118164,86000,0.0,0.0
2019-03-25 00:00:00-04:00,12.220000267028809,12.470000267028809,12.050000190734863,12.359999656677246,119400,0.0,0.0
2019-03-26 00:00:00-04:00,12.460000038146973,12.479999542236328,12.130000114440918,12.170000076293945,94600,0.0,0.0
2019-03-27 00:00:00-04:00,12.149999618530273,12.319999694824219,11.800000190734863,11.949999809265137,95600,0.0,0.0
2019-03-28 00:00:00-04:00,11.949999809265137,12.270000457763672,11.880000114440918,12.210000038146973,67300,0.0,0.0
2019-03-29 00:00:00-04:00,12.300000190734863,12.399999618530273,12.130000114440918,12.350000381469727,72700,0.0,0.0
2019-04-01 00:00:00-04:00,12.350000381469727,12.59000015258789,12.229999542236328,12.460000038146973,77900,0.0,0.0
2019-04-02 00:00:00-04:00,12.5,12.84000015258789,12.140000343322754,12.789999961853027,122300,0.0,0.0
2019-04-03 00:00:00-04:00,12.899999618530273,13.069999694824219,12.699999809265137,13.0,50900,0.0,0.0
2019-04-04 00:00:00-04:00,13.0,13.079999923706055,12.880000114440918,12.9399995803833,40400,0.0,0.0
2019-04-05 00:00:00-04:00,13.029999732971191,13.229999542236328,13.020000457763672,13.1899995803833,62200,0.0,0.0
2019-04-08 00:00:00-04:00,13.180000305175781,13.220000267028809,12.930000305175781,13.210000038146973,111700,0.0,0.0
2019-04-09 00:00:00-04:00,13.149999618530273,13.25,12.989999771118164,13.0600004196167,67200,0.0,0.0
2019-04-10 00:00:00-04:00,13.100000381469727,13.390000343322754,13.09000015258789,13.350000381469727,89300,0.0,0.0
2019-04-11 00:00:00-04:00,13.350000381469727,13.420000076293945,13.119999885559082,13.180000305175781,40800,0.0,0.0
2019-04-12 00:00:00-04:00,13.25,13.359999656677246,13.039999961853027,13.069999694824219,69800,0.0,0.0
2019-04-15 00:00:00-04:00,13.130000114440918,13.210000038146973,12.890000343322754,13.180000305175781,70500,0.0,0.0
2019-04-16 00:00:00-04:00,13.220000267028809,13.579999923706055,13.180000305175781,13.529999732971191,71400,0.0,0.0
2019-04-17 00:00:00-04:00,13.59000015258789,13.710000038146973,13.470000267028809,13.5,103400,0.0,0.0
2019-04-18 00:00:00-04:00,13.529999732971191,13.529999732971191,13.029999732971191,13.199999809265137,248900,0.0,0.0
2019-04-22 00:00:00-04:00,13.170000076293945,13.25,12.9399995803833,13.010000228881836,93000,0.0,0.0
2019-04-23 00:00:00-04:00,13.010000228881836,13.300000190734863,12.949999809265137,13.170000076293945,211000,0.0,0.0
2019-04-24 00:00:00-04:00,13.180000305175781,13.520000457763672,13.149999618530273,13.34000015258789,202400,0.0,0.0
2019-04-25 00:00:00-04:00,13.380000114440918,13.5,13.029999732971191,13.140000343322754,82600,0.0,0.0
2019-04-26 00:00:00-04:00,13.079999923706055,13.270000457763672,12.779999732971191,13.149999618530273,172600,0.0,0.0
2019-04-29 00:00:00-04:00,13.15999984741211,13.170000076293945,12.84000015258789,13.020000457763672,132500,0.0,0.0
2019-04-30 00:00:00-04:00,13.020000457763672,13.130000114440918,12.930000305175781,12.979999542236328,176300,0.0,0.0
2019-05-01 00:00:00-04:00,13.130000114440918,13.170000076293945,12.930000305175781,13.09000015258789,406700,0.0,0.0
2019-05-02 00:00:00-04:00,13.989999771118164,14.0,13.15999984741211,13.729999542236328,661000,0.0,0.0
2019-05-03 00:00:00-04:00,13.789999961853027,13.850000381469727,13.609999656677246,13.710000038146973,506500,0.0,0.0
2019-05-06 00:00:00-04:00,13.289999961853027,13.960000038146973,13.289999961853027,13.789999961853027,213000,0.0,0.0
2019-05-07 00:00:00-04:00,13.699999809265137,13.729999542236328,13.270000457763672,13.289999961853027,246600,0.0,0.0
2019-05-08 00:00:00-04:00,13.170000076293945,13.329999923706055,13.079999923706055,13.25,302500,0.0,0.0
2019-05-09 00:00:00-04:00,13.25,13.25,12.739999771118164,12.819999694824219,130700,0.0,0.0
2019-05-10 00:00:00-04:00,12.800000190734863,12.869999885559082,12.449999809265137,12.800000190734863,260000,0.0,0.0
2019-05-13 00:00:00-04:00,12.369999885559082,12.789999961853027,12.369999885559082,12.6899995803833,315400,0.0,0.0
2019-05-14 00:00:00-04:00,12.779999732971191,12.829999923706055,12.609999656677246,12.6899995803833,180600,0.0,0.0
2019-05-15 00:00:00-04:00,12.550000190734863,12.720000267028809,12.529999732971191,12.59000015258789,113300,0.0,0.0
2019-05-16 00:00:00-04:00,12.550000190734863,12.770000457763672,12.550000190734863,12.649999618530273,250600,0.0,0.0
2019-05-17 00:00:00-04:00,12.529999732971191,12.630000114440918,12.100000381469727,12.15999984741211,201100,0.0,0.0
2019-05-20 00:00:00-04:00,11.970000267028809,12.319999694824219,11.970000267028809,12.220000267028809,126600,0.0,0.0
2019-05-21 00:00:00-04:00,12.369999885559082,12.420000076293945,12.220000267028809,12.390000343322754,94700,0.0,0.0
2019-05-22 00:00:00-04:00,12.300000190734863,12.3100004196167,11.930000305175781,12.279999732971191,91500,0.0,0.0
2019-05-23 00:00:00-04:00,12.149999618530273,12.149999618530273,11.859999656677246,11.949999809265137,150300,0.0,0.0
2019-05-24 00:00:00-04:00,12.0600004196167,12.220000267028809,12.050000190734863,12.069999694824219,85700,0.0,0.0
2019-05-28 00:00:00-04:00,12.180000305175781,12.1899995803833,12.010000228881836,12.079999923706055,120800,0.0,0.0
2019-05-29 00:00:00-04:00,12.020000457763672,12.15999984741211,11.890000343322754,12.100000381469727,74000,0.0,0.0
2019-05-30 00:00:00-04:00,12.210000038146973,12.239999771118164,12.020000457763672,12.220000267028809,221100,0.0,0.0
2019-05-31 00:00:00-04:00,12.0,12.270000457763672,12.0,12.149999618530273,368100,0.0,0.0
2019-06-03 00:00:00-04:00,12.119999885559082,12.15999984741211,11.770000457763672,11.9399995803833,181500,0.0,0.0
2019-06-04 00:00:00-04:00,12.069999694824219,12.329999923706055,12.0,12.210000038146973,149000,0.0,0.0
2019-06-05 00:00:00-04:00,12.260000228881836,12.369999885559082,12.119999885559082,12.140000343322754,183000,0.0,0.0
2019-06-06 00:00:00-04:00,12.100000381469727,12.729999542236328,12.079999923706055,12.579999923706055,147000,0.0,0.0
2019-06-07 00:00:00-04:00,12.619999885559082,13.020000457763672,12.579999923706055,12.880000114440918,131300,0.0,0.0
2019-06-10 00:00:00-04:00,12.829999923706055,13.0600004196167,12.460000038146973,12.899999618530273,86900,0.0,0.0
2019-06-11 00:00:00-04:00,12.979999542236328,13.010000228881836,12.869999885559082,12.9399995803833,134800,0.0,0.0
2019-06-12 00:00:00-04:00,12.899999618530273,12.899999618530273,12.760000228881836,12.890000343322754,67500,0.0,0.0
2019-06-13 00:00:00-04:00,12.970000267028809,13.0,12.859999656677246,12.920000076293945,69900,0.0,0.0
2019-06-14 00:00:00-04:00,12.819999694824219,12.859999656677246,12.619999885559082,12.619999885559082,98200,0.0,0.0
2019-06-17 00:00:00-04:00,12.630000114440918,12.6899995803833,12.510000228881836,12.579999923706055,84500,0.0,0.0
2019-06-18 00:00:00-04:00,12.670000076293945,12.859999656677246,12.65999984741211,12.75,112700,0.0,0.0
2019-06-19 00:00:00-04:00,12.739999771118164,12.850000381469727,12.65999984741211,12.84000015258789,84900,0.0,0.0
2019-06-20 00:00:00-04:00,13.010000228881836,13.029999732971191,12.880000114440918,13.029999732971191,59000,0.0,0.0
2019-06-21 00:00:00-04:00,12.9399995803833,12.970000267028809,12.720000267028809,12.75,172900,0.0,0.0
2019-06-24 00:00:00-04:00,12.6899995803833,12.770000457763672,12.520000457763672,12.5600004196167,101400,0.0,0.0
2019-06-25 00:00:00-04:00,12.5600004196167,12.6899995803833,12.479999542236328,12.5600004196167,93100,0.0,0.0
2019-06-26 00:00:00-04:00,12.6899995803833,12.739999771118164,12.539999961853027,12.619999885559082,63900,0.0,0.0
2019-06-27 00:00:00-04:00,12.670000076293945,13.020000457763672,12.65999984741211,13.020000457763672,138100,0.0,0.0
2019-06-28 00:00:00-04:00,13.09000015258789,13.300000190734863,13.0,13.119999885559082,338500,0.0,0.0
2019-07-01 00:00:00-04:00,13.34000015258789,13.59000015258789,13.34000015258789,13.569999694824219,133000,0.0,0.0
2019-07-02 00:00:00-04:00,13.520000457763672,13.5600004196167,13.359999656677246,13.550000190734863,77500,0.0,0.0
2019-07-03 00:00:00-04:00,13.550000190734863,13.59000015258789,13.449999809265137,13.539999961853027,87700,0.0,0.0
2019-07-05 00:00:00-04:00,13.449999809265137,13.539999961853027,13.34000015258789,13.449999809265137,41000,0.0,0.0
2019-07-08 00:00:00-04:00,13.369999885559082,13.390000343322754,13.119999885559082,13.140000343322754,59200,0.0,0.0
2019-07-09 00:00:00-04:00,13.039999961853027,13.210000038146973,13.010000228881836,13.180000305175781,88100,0.0,0.0
2019-07-10 00:00:00-04:00,13.15999984741211,13.369999885559082,12.979999542236328,12.989999771118164,85800,0.0,0.0
2019-07-11 00:00:00-04:00,13.010000228881836,13.010000228881836,12.569999694824219,12.609999656677246,68200,0.0,0.0
2019-07-12 00:00:00-04:00,12.600000381469727,12.800000190734863,12.569999694824219,12.680000305175781,78100,0.0,0.0
2019-07-15 00:00:00-04:00,12.699999809265137,12.760000228881836,12.539999961853027,12.699999809265137,56300,0.0,0.0
2019-07-16 00:00:00-04:00,12.739999771118164,12.869999885559082,12.609999656677246,12.739999771118164,62900,0.0,0.0
2019-07-17 00:00:00-04:00,12.729999542236328,12.920000076293945,12.630000114440918,12.8100004196167,71500,0.0,0.0
2019-07-18 00:00:00-04:00,12.8100004196167,13.079999923706055,12.8100004196167,12.949999809265137,60900,0.0,0.0
2019-07-19 00:00:00-04:00,12.90999984741211,13.010000228881836,12.819999694824219,12.84000015258789,108400,0.0,0.0
2019-07-22 00:00:00-04:00,12.84000015258789,13.100000381469727,12.84000015258789,13.0600004196167,66700,0.0,0.0
2019-07-23 00:00:00-04:00,13.069999694824219,13.180000305175781,13.010000228881836,13.15999984741211,62600,0.0,0.0
2019-07-24 00:00:00-04:00,13.109999656677246,13.739999771118164,13.109999656677246,13.699999809265137,122000,0.0,0.0
2019-07-25 00:00:00-04:00,13.680000305175781,13.699999809265137,13.420000076293945,13.4399995803833,49200,0.0,0.0
2019-07-26 00:00:00-04:00,13.470000267028809,13.680000305175781,13.40999984741211,13.460000038146973,96400,0.0,0.0
2019-07-29 00:00:00-04:00,13.5,13.609999656677246,13.279999732971191,13.329999923706055,87000,0.0,0.0
2019-07-30 00:00:00-04:00,13.199999809265137,13.550000190734863,13.199999809265137,13.470000267028809,134000,0.0,0.0
2019-07-31 00:00:00-04:00,13.470000267028809,13.65999984741211,13.289999961853027,13.350000381469727,146600,0.0,0.0
2019-08-01 00:00:00-04:00,13.34000015258789,13.84000015258789,13.140000343322754,13.40999984741211,138900,0.0,0.0
2019-08-02 00:00:00-04:00,13.010000228881836,13.4399995803833,12.529999732971191,12.75,158200,0.0,0.0
2019-08-05 00:00:00-04:00,12.359999656677246,12.369999885559082,11.8100004196167,12.0,164200,0.0,0.0
2019-08-06 00:00:00-04:00,12.0,12.109999656677246,11.899999618530273,12.010000228881836,131800,0.0,0.0
2019-08-07 00:00:00-04:00,11.869999885559082,12.149999618530273,11.710000038146973,12.119999885559082,94000,0.0,0.0
2019-08-08 00:00:00-04:00,12.130000114440918,12.3100004196167,11.970000267028809,12.010000228881836,95000,0.0,0.0
2019-08-09 00:00:00-04:00,12.029999732971191,12.029999732971191,11.680000305175781,11.8100004196167,86500,0.0,0.0
2019-08-12 00:00:00-04:00,11.680000305175781,11.760000228881836,11.600000381469727,11.619999885559082,110900,0.0,0.0
2019-08-13 00:00:00-04:00,11.609999656677246,11.779999732971191,11.5,11.619999885559082,64700,0.0,0.0
2019-08-14 00:00:00-04:00,11.430000305175781,11.539999961853027,11.270000457763672,11.420000076293945,121600,0.0,0.0
2019-08-15 00:00:00-04:00,11.470000267028809,11.470000267028809,11.1899995803833,11.3100004196167,77800,0.0,0.0
2019-08-16 00:00:00-04:00,11.34000015258789,11.5600004196167,11.34000015258789,11.5,49100,0.0,0.0
2019-08-19 00:00:00-04:00,11.579999923706055,11.739999771118164,11.479999542236328,11.489999771118164,71100,0.0,0.0
2019-08-20 00:00:00-04:00,11.460000038146973,11.520000457763672,11.380000114440918,11.4399995803833,60500,0.0,0.0
2019-08-21 00:00:00-04:00,11.5,11.640000343322754,11.430000305175781,11.510000228881836,48200,0.0,0.0
2019-08-22 00:00:00-04:00,11.510000228881836,11.720000267028809,11.420000076293945,11.680000305175781,112100,0.0,0.0
2019-08-23 00:00:00-04:00,11.569999694824219,11.819999694824219,11.380000114440918,11.430000305175781,112800,0.0,0.0
2019-08-26 00:00:00-04:00,11.579999923706055,11.640000343322754,11.420000076293945,11.489999771118164,70900,0.0,0.0
2019-08-27 00:00:00-04:00,11.539999961853027,11.5600004196167,11.15999984741211,11.260000228881836,76700,0.0,0.0
2019-08-28 00:00:00-04:00,11.220000267028809,11.4399995803833,11.15999984741211,11.239999771118164,47900,0.0,0.0
2019-08-29 00:00:00-04:00,11.420000076293945,11.65999984741211,11.420000076293945,11.539999961853027,74900,0.0,0.0
2019-08-30 00:00:00-04:00,11.609999656677246,11.75,11.609999656677246,11.710000038146973,67900,0.0,0.0
2019-09-03 00:00:00-04:00,11.630000114440918,11.800000190734863,11.5600004196167,11.720000267028809,77800,0.0,0.0
2019-09-04 00:00:00-04:00,11.859999656677246,12.079999923706055,11.850000381469727,11.880000114440918,73400,0.0,0.0
2019-09-05 00:00:00-04:00,11.989999771118164,12.420000076293945,11.9399995803833,12.119999885559082,117500,0.0,0.0
2019-09-06 00:00:00-04:00,12.140000343322754,12.4399995803833,12.09000015258789,12.329999923706055,67300,0.0,0.0
2019-09-09 00:00:00-04:00,12.34000015258789,12.710000038146973,12.239999771118164,12.619999885559082,137700,0.0,0.0
2019-09-10 00:00:00-04:00,12.600000381469727,12.649999618530273,12.3100004196167,12.630000114440918,114000,0.0,0.0
2019-09-11 00:00:00-04:00,12.710000038146973,13.130000114440918,12.649999618530273,13.0600004196167,111700,0.0,0.0
2019-09-12 00:00:00-04:00,13.09000015258789,13.5,12.890000343322754,13.449999809265137,146400,0.0,0.0
2019-09-13 00:00:00-04:00,13.329999923706055,13.65999984741211,13.329999923706055,13.529999732971191,109600,0.0,0.0
2019-09-16 00:00:00-04:00,13.520000457763672,13.619999885559082,13.380000114440918,13.550000190734863,84500,0.0,0.0
2019-09-17 00:00:00-04:00,13.460000038146973,13.510000228881836,13.34000015258789,13.489999771118164,87600,0.0,0.0
2019-09-18 00:00:00-04:00,13.470000267028809,13.569999694824219,13.229999542236328,13.300000190734863,70900,0.0,0.0
2019-09-19 00:00:00-04:00,13.359999656677246,13.470000267028809,13.210000038146973,13.229999542236328,66100,0.0,0.0
2019-09-20 00:00:00-04:00,13.220000267028809,13.270000457763672,12.989999771118164,13.039999961853027,217700,0.0,0.0
2019-09-23 00:00:00-04:00,13.039999961853027,13.279999732971191,12.949999809265137,13.220000267028809,70800,0.0,0.0
2019-09-24 00:00:00-04:00,13.229999542236328,13.399999618530273,13.149999618530273,13.1899995803833,93400,0.0,0.0
2019-09-25 00:00:00-04:00,13.180000305175781,13.640000343322754,13.130000114440918,13.539999961853027,97500,0.0,0.0
2019-09-26 00:00:00-04:00,13.5,13.609999656677246,13.279999732971191,13.489999771118164,121200,0.0,0.0
2019-09-27 00:00:00-04:00,13.5,13.619999885559082,13.069999694824219,13.140000343322754,74400,0.0,0.0
2019-09-30 00:00:00-04:00,13.15999984741211,13.1899995803833,12.979999542236328,13.069999694824219,82000,0.0,0.0
2019-10-01 00:00:00-04:00,13.130000114440918,13.25,12.800000190734863,12.850000381469727,54200,0.0,0.0
2019-10-02 00:00:00-04:00,12.75,12.930000305175781,12.65999984741211,12.899999618530273,82400,0.0,0.0
2019-10-03 00:00:00-04:00,12.890000343322754,13.010000228881836,12.65999984741211,12.960000038146973,66100,0.0,0.0
2019-10-04 00:00:00-04:00,12.989999771118164,13.15999984741211,12.949999809265137,13.140000343322754,41000,0.0,0.0
2019-10-07 00:00:00-04:00,13.130000114440918,13.289999961853027,13.09000015258789,13.229999542236328,64700,0.0,0.0
2019-10-08 00:00:00-04:00,13.0600004196167,13.180000305175781,12.529999732971191,12.819999694824219,96100,0.0,0.0
2019-10-09 00:00:00-04:00,13.0,13.069999694824219,12.779999732971191,12.949999809265137,51600,0.0,0.0
2019-10-10 00:00:00-04:00,12.979999542236328,13.25,12.9399995803833,13.010000228881836,75100,0.0,0.0
2019-10-11 00:00:00-04:00,13.270000457763672,13.34000015258789,13.109999656677246,13.119999885559082,105600,0.0,0.0
2019-10-14 00:00:00-04:00,13.039999961853027,13.100000381469727,12.729999542236328,12.989999771118164,163900,0.0,0.0
2019-10-15 00:00:00-04:00,12.960000038146973,13.460000038146973,12.890000343322754,13.210000038146973,165900,0.0,0.0
2019-10-16 00:00:00-04:00,14.079999923706055,14.359999656677246,13.510000228881836,13.579999923706055,530500,0.0,0.0
2019-10-17 00:00:00-04:00,13.829999923706055,14.289999961853027,13.6899995803833,13.729999542236328,374700,0.0,0.0
2019-10-18 00:00:00-04:00,13.760000228881836,14.25,13.760000228881836,14.199999809265137,257500,0.0,0.0
2019-10-21 00:00:00-04:00,14.430000305175781,14.779999732971191,14.260000228881836,14.770000457763672,201000,0.0,0.0
2019-10-22 00:00:00-04:00,14.84000015258789,15.5600004196167,14.84000015258789,15.430000305175781,235900,0.0,0.0
2019-10-23 00:00:00-04:00,15.430000305175781,15.789999961853027,15.369999885559082,15.630000114440918,169000,0.0,0.0
2019-10-24 00:00:00-04:00,15.6899995803833,16.18000030517578,15.640000343322754,16.06999969482422,215400,0.0,0.0
2019-10-25 00:00:00-04:00,16.06999969482422,16.139999389648438,15.899999618530273,16.079999923706055,153800,0.0,0.0
2019-10-28 00:00:00-04:00,16.139999389648438,16.459999084472656,16.110000610351562,16.3700008392334,214400,0.0,0.0
2019-10-29 00:00:00-04:00,16.399999618530273,16.5,16.1200008392334,16.450000762939453,134900,0.0,0.0
2019-10-30 00:00:00-04:00,16.420000076293945,16.56999969482422,16.329999923706055,16.479999542236328,94400,0.0,0.0
2019-10-31 00:00:00-04:00,16.190000534057617,16.299999237060547,15.8100004196167,16.15999984741211,121400,0.0,0.0
2019-11-01 00:00:00-04:00,15.399999618530273,17.420000076293945,14.520000457763672,16.5,210000,0.0,0.0
2019-11-04 00:00:00-05:00,16.489999771118164,16.520000457763672,15.869999885559082,16.170000076293945,155100,0.0,0.0
2019-11-05 00:00:00-05:00,16.06999969482422,16.1200008392334,15.579999923706055,15.789999961853027,226700,0.0,0.0
2019-11-06 00:00:00-05:00,15.770000457763672,15.869999885559082,15.699999809265137,15.770000457763672,138100,0.0,0.0
2019-11-07 00:00:00-05:00,15.920000076293945,16.0,15.729999542236328,15.859999656677246,128400,0.0,0.0
2019-11-08 00:00:00-05:00,15.90999984741211,16.170000076293945,15.819999694824219,16.149999618530273,124800,0.0,0.0
2019-11-11 00:00:00-05:00,16.059999465942383,16.059999465942383,15.84000015258789,15.930000305175781,90100,0.0,0.0
2019-11-12 00:00:00-05:00,15.989999771118164,16.299999237060547,15.829999923706055,15.899999618530273,75000,0.0,0.0
2019-11-13 00:00:00-05:00,15.779999732971191,16.030000686645508,15.609999656677246,15.869999885559082,105900,0.0,0.0
2019-11-14 00:00:00-05:00,15.899999618530273,15.970000267028809,15.720000267028809,15.739999771118164,67800,0.0,0.0
2019-11-15 00:00:00-05:00,15.859999656677246,16.0,15.720000267028809,15.770000457763672,89400,0.0,0.0
2019-11-18 00:00:00-05:00,15.710000038146973,15.710000038146973,15.470000267028809,15.520000457763672,73300,0.0,0.0
2019-11-19 00:00:00-05:00,15.600000381469727,15.829999923706055,15.460000038146973,15.75,77900,0.0,0.0
2019-11-20 00:00:00-05:00,15.649999618530273,15.720000267028809,15.300000190734863,15.449999809265137,106100,0.0,0.0
2019-11-21 00:00:00-05:00,15.380000114440918,15.40999984741211,15.140000343322754,15.279999732971191,99100,0.0,0.0
2019-11-22 00:00:00-05:00,15.34000015258789,15.34000015258789,15.130000114440918,15.199999809265137,66500,0.0,0.0
2019-11-25 00:00:00-05:00,15.239999771118164,15.729999542236328,15.239999771118164,15.6899995803833,91100,0.0,0.0
2019-11-26 00:00:00-05:00,15.739999771118164,15.8100004196167,15.529999732971191,15.770000457763672,120400,0.0,0.0
2019-11-27 00:00:00-05:00,15.850000381469727,16.030000686645508,15.630000114440918,15.970000267028809,85100,0.0,0.0
2019-11-29 00:00:00-05:00,15.859999656677246,16.010000228881836,15.770000457763672,15.84000015258789,52400,0.0,0.0
2019-12-02 00:00:00-05:00,15.850000381469727,15.850000381469727,15.300000190734863,15.34000015258789,95600,0.0,0.0
2019-12-03 00:00:00-05:00,15.140000343322754,15.270000457763672,15.050000190734863,15.239999771118164,96800,0.0,0.0
2019-12-04 00:00:00-05:00,15.34000015258789,15.4399995803833,15.229999542236328,15.260000228881836,93700,0.0,0.0
2019-12-05 00:00:00-05:00,15.319999694824219,15.539999961853027,15.319999694824219,15.390000343322754,90900,0.0,0.0
2019-12-06 00:00:00-05:00,15.479999542236328,15.789999961853027,15.479999542236328,15.529999732971191,119500,0.0,0.0
2019-12-09 00:00:00-05:00,15.479999542236328,15.600000381469727,15.420000076293945,15.529999732971191,80300,0.0,0.0
2019-12-10 00:00:00-05:00,15.510000228881836,15.979999542236328,15.399999618530273,15.779999732971191,90600,0.0,0.0
2019-12-11 00:00:00-05:00,15.890000343322754,16.059999465942383,15.760000228881836,16.0,126100,0.0,0.0
2019-12-12 00:00:00-05:00,16.020000457763672,16.780000686645508,16.020000457763672,16.729999542236328,174800,0.0,0.0
2019-12-13 00:00:00-05:00,16.799999237060547,17.219999313354492,16.610000610351562,16.690000534057617,167500,0.0,0.0
2019-12-16 00:00:00-05:00,16.84000015258789,16.899999618530273,15.970000267028809,16.06999969482422,139100,0.0,0.0
2019-12-17 00:00:00-05:00,16.15999984741211,16.200000762939453,15.859999656677246,16.139999389648438,86300,0.0,0.0
2019-12-18 00:00:00-05:00,16.18000030517578,16.299999237060547,15.880000114440918,16.1200008392334,97900,0.0,0.0
2019-12-19 00:00:00-05:00,16.09000015258789,16.219999313354492,15.84000015258789,16.219999313354492,78700,0.0,0.0
2019-12-20 00:00:00-05:00,16.260000228881836,16.290000915527344,15.899999618530273,16.270000457763672,718900,0.0,0.0
2019-12-23 00:00:00-05:00,16.219999313354492,16.34000015258789,16.09000015258789,16.1200008392334,49600,0.0,0.0
2019-12-24 00:00:00-05:00,16.079999923706055,16.280000686645508,15.890000343322754,16.229999542236328,41700,0.0,0.0
2019-12-26 00:00:00-05:00,16.25,16.739999771118164,16.200000762939453,16.690000534057617,70800,0.0,0.0
2019-12-27 00:00:00-05:00,16.65999984741211,16.760000228881836,16.3799991607666,16.5,98500,0.0,0.0
2019-12-30 00:00:00-05:00,16.600000381469727,16.950000762939453,16.15999984741211,16.920000076293945,111100,0.0,0.0
2019-12-31 00:00:00-05:00,16.8700008392334,17.049999237060547,16.559999465942383,16.889999389648438,309600,0.0,0.0
2020-01-02 00:00:00-05:00,17.100000381469727,17.190000534057617,16.579999923706055,17.030000686645508,126000,0.0,0.0
2020-01-03 00:00:00-05:00,16.850000381469727,17.1299991607666,16.579999923706055,16.979999542236328,182000,0.0,0.0
2020-01-06 00:00:00-05:00,16.81999969482422,17.06999969482422,16.6200008392334,16.799999237060547,132800,0.0,0.0
2020-01-07 00:00:00-05:00,16.81999969482422,16.940000534057617,16.59000015258789,16.920000076293945,66200,0.0,0.0
2020-01-08 00:00:00-05:00,16.979999542236328,17.280000686645508,16.969999313354492,17.200000762939453,161300,0.0,0.0
2020-01-09 00:00:00-05:00,17.350000381469727,17.700000762939453,17.110000610351562,17.149999618530273,110300,0.0,0.0
2020-01-10 00:00:00-05:00,17.170000076293945,17.170000076293945,16.790000915527344,16.889999389648438,88800,0.0,0.0
2020-01-13 00:00:00-05:00,17.010000228881836,17.350000381469727,16.959999084472656,17.329999923706055,119200,0.0,0.0
2020-01-14 00:00:00-05:00,17.290000915527344,17.40999984741211,16.8700008392334,17.190000534057617,88600,0.0,0.0
2020-01-15 00:00:00-05:00,17.149999618530273,17.280000686645508,16.790000915527344,16.979999542236328,162900,0.0,0.0
2020-01-16 00:00:00-05:00,17.15999984741211,17.709999084472656,17.15999984741211,17.479999542236328,78400,0.0,0.0
2020-01-17 00:00:00-05:00,17.6299991607666,17.6299991607666,17.280000686645508,17.309999465942383,71900,0.0,0.0
2020-01-21 00:00:00-05:00,17.299999237060547,17.530000686645508,17.18000030517578,17.299999237060547,103100,0.0,0.0
2020-01-22 00:00:00-05:00,17.459999084472656,17.559999465942383,17.139999389648438,17.190000534057617,82700,0.0,0.0
2020-01-23 00:00:00-05:00,17.229999542236328,17.309999465942383,17.0,17.15999984741211,110600,0.0,0.0
2020-01-24 00:00:00-05:00,17.299999237060547,17.299999237060547,16.829999923706055,16.969999313354492,96600,0.0,0.0
2020-01-27 00:00:00-05:00,16.6299991607666,16.860000610351562,16.510000228881836,16.540000915527344,97800,0.0,0.0
2020-01-28 00:00:00-05:00,16.700000762939453,16.780000686645508,16.5,16.700000762939453,47900,0.0,0.0
2020-01-29 00:00:00-05:00,16.760000228881836,16.81999969482422,16.489999771118164,16.520000457763672,43000,0.0,0.0
2020-01-30 00:00:00-05:00,16.34000015258789,16.530000686645508,16.010000228881836,16.18000030517578,70300,0.0,0.0
2020-01-31 00:00:00-05:00,16.1200008392334,16.1200008392334,15.720000267028809,15.760000228881836,108700,0.0,0.0
2020-02-03 00:00:00-05:00,15.869999885559082,16.329999923706055,15.869999885559082,16.31999969482422,112700,0.0,0.0
2020-02-04 00:00:00-05:00,16.579999923706055,16.81999969482422,16.40999984741211,16.459999084472656,73600,0.0,0.0
2020-02-05 00:00:00-05:00,16.65999984741211,16.65999984741211,16.229999542236328,16.510000228881836,58200,0.0,0.0
2020-02-06 00:00:00-05:00,16.59000015258789,16.729999542236328,16.479999542236328,16.700000762939453,55800,0.0,0.0
2020-02-07 00:00:00-05:00,16.579999923706055,16.639999389648438,16.3700008392334,16.510000228881836,76800,0.0,0.0
2020-02-10 00:00:00-05:00,16.469999313354492,16.6299991607666,16.469999313354492,16.56999969482422,59300,0.0,0.0
2020-02-11 00:00:00-05:00,16.690000534057617,16.889999389648438,16.459999084472656,16.829999923706055,67800,0.0,0.0
2020-02-12 00:00:00-05:00,16.979999542236328,17.639999389648438,16.979999542236328,17.489999771118164,85000,0.0,0.0
2020-02-13 00:00:00-05:00,17.350000381469727,17.8799991607666,17.350000381469727,17.649999618530273,132300,0.0,0.0
2020-02-14 00:00:00-05:00,16.6299991607666,18.40999984741211,14.510000228881836,16.84000015258789,182300,0.0,0.0
2020-02-18 00:00:00-05:00,16.56999969482422,16.579999923706055,16.1200008392334,16.350000381469727,128000,0.0,0.0
2020-02-19 00:00:00-05:00,16.34000015258789,16.700000762939453,16.030000686645508,16.059999465942383,184500,0.0,0.0
2020-02-20 00:00:00-05:00,16.0,16.170000076293945,15.539999961853027,16.1299991607666,240200,0.0,0.0
2020-02-21 00:00:00-05:00,16.040000915527344,16.040000915527344,15.619999885559082,15.699999809265137,141700,0.0,0.0
2020-02-24 00:00:00-05:00,15.010000228881836,15.369999885559082,14.90999984741211,15.069999694824219,122100,0.0,0.0
2020-02-25 00:00:00-05:00,14.989999771118164,15.0600004196167,14.75,14.8100004196167,181500,0.0,0.0
2020-02-26 00:00:00-05:00,14.869999885559082,15.0600004196167,14.619999885559082,14.699999809265137,93800,0.0,0.0
2020-02-27 00:00:00-05:00,14.40999984741211,14.739999771118164,14.100000381469727,14.529999732971191,132900,0.0,0.0
2020-02-28 00:00:00-05:00,14.210000038146973,14.6899995803833,14.100000381469727,14.640000343322754,209000,0.0,0.0
2020-03-02 00:00:00-05:00,14.720000267028809,14.779999732971191,14.270000457763672,14.600000381469727,101600,0.0,0.0
2020-03-03 00:00:00-05:00,14.579999923706055,15.329999923706055,14.149999618530273,14.220000267028809,166700,0.0,0.0
2020-03-04 00:00:00-05:00,14.350000381469727,14.59000015258789,14.149999618530273,14.59000015258789,119600,0.0,0.0
2020-03-05 00:00:00-05:00,14.279999732971191,14.350000381469727,13.75,13.90999984741211,203400,0.0,0.0
2020-03-06 00:00:00-05:00,13.5,14.09000015258789,13.34000015258789,13.760000228881836,370000,0.0,0.0
2020-03-09 00:00:00-04:00,13.029999732971191,13.319999694824219,12.829999923706055,12.880000114440918,162600,0.0,0.0
2020-03-10 00:00:00-04:00,13.199999809265137,13.25,12.489999771118164,12.930000305175781,110600,0.0,0.0
2020-03-11 00:00:00-04:00,12.59000015258789,12.6899995803833,11.949999809265137,12.170000076293945,132600,0.0,0.0
2020-03-12 00:00:00-04:00,11.520000457763672,11.859999656677246,10.59000015258789,10.59000015258789,150900,0.0,0.0
2020-03-13 00:00:00-04:00,11.050000190734863,11.210000038146973,10.020000457763672,10.520000457763672,320700,0.0,0.0
2020-03-16 00:00:00-04:00,9.319999694824219,9.779999732971191,9.210000038146973,9.319999694824219,235200,0.0,0.0
2020-03-17 00:00:00-04:00,9.489999771118164,10.510000228881836,8.930000305175781,10.359999656677246,265300,0.0,0.0
2020-03-18 00:00:00-04:00,9.760000228881836,10.229999542236328,8.680000305175781,8.84000015258789,198200,0.0,0.0
2020-03-19 00:00:00-04:00,8.869999885559082,9.729999542236328,8.609999656677246,9.600000381469727,284300,0.0,0.0
2020-03-20 00:00:00-04:00,9.609999656677246,10.170000076293945,9.109999656677246,9.15999984741211,275600,0.0,0.0
2020-03-23 00:00:00-04:00,9.460000038146973,9.59000015258789,8.779999732971191,9.210000038146973,193800,0.0,0.0
2020-03-24 00:00:00-04:00,9.59000015258789,10.4399995803833,9.479999542236328,10.369999885559082,165800,0.0,0.0
2020-03-25 00:00:00-04:00,10.3100004196167,11.199999809265137,9.850000381469727,10.930000305175781,170900,0.0,0.0
2020-03-26 00:00:00-04:00,11.0,11.9399995803833,10.979999542236328,11.890000343322754,152600,0.0,0.0
2020-03-27 00:00:00-04:00,11.4399995803833,11.699999809265137,10.880000114440918,11.180000305175781,128100,0.0,0.0
2020-03-30 00:00:00-04:00,11.359999656677246,11.930000305175781,11.0,11.699999809265137,123100,0.0,0.0
2020-03-31 00:00:00-04:00,11.680000305175781,12.0600004196167,11.220000267028809,11.720000267028809,278700,0.0,0.0
2020-04-01 00:00:00-04:00,11.300000190734863,11.59000015258789,11.050000190734863,11.359999656677246,198400,0.0,0.0
2020-04-02 00:00:00-04:00,11.210000038146973,11.579999923706055,11.100000381469727,11.579999923706055,144000,0.0,0.0
2020-04-03 00:00:00-04:00,11.539999961853027,11.800000190734863,11.300000190734863,11.6899995803833,130800,0.0,0.0
2020-04-06 00:00:00-04:00,12.220000267028809,12.880000114440918,11.960000038146973,12.779999732971191,170500,0.0,0.0
2020-04-07 00:00:00-04:00,13.109999656677246,13.380000114440918,12.75,12.90999984741211,165900,0.0,0.0
2020-04-08 00:00:00-04:00,13.0,13.350000381469727,12.899999618530273,13.289999961853027,124700,0.0,0.0
2020-04-09 00:00:00-04:00,13.539999961853027,13.880000114440918,13.239999771118164,13.819999694824219,124400,0.0,0.0
2020-04-13 00:00:00-04:00,13.6899995803833,13.869999885559082,13.5,13.75,68800,0.0,0.0
2020-04-14 00:00:00-04:00,14.079999923706055,14.319999694824219,13.65999984741211,14.100000381469727,101800,0.0,0.0
2020-04-15 00:00:00-04:00,13.569999694824219,14.140000343322754,13.460000038146973,14.010000228881836,128700,0.0,0.0
2020-04-16 00:00:00-04:00,13.989999771118164,14.489999771118164,13.989999771118164,14.40999984741211,130600,0.0,0.0
2020-04-17 00:00:00-04:00,14.779999732971191,15.210000038146973,14.5600004196167,15.140000343322754,110800,0.0,0.0
2020-04-20 00:00:00-04:00,14.670000076293945,15.4399995803833,14.460000038146973,15.359999656677246,160100,0.0,0.0
2020-04-21 00:00:00-04:00,14.880000114440918,15.4399995803833,14.84000015258789,15.279999732971191,168400,0.0,0.0
2020-04-22 00:00:00-04:00,15.619999885559082,16.540000915527344,15.609999656677246,16.290000915527344,198000,0.0,0.0
2020-04-23 00:00:00-04:00,16.239999771118164,16.559999465942383,16.030000686645508,16.329999923706055,132200,0.0,0.0
2020-04-24 00:00:00-04:00,16.299999237060547,16.479999542236328,15.84000015258789,16.149999618530273,113800,0.0,0.0
2020-04-27 00:00:00-04:00,16.280000686645508,16.579999923706055,16.239999771118164,16.329999923706055,158800,0.0,0.0
2020-04-28 00:00:00-04:00,16.770000457763672,16.809999465942383,16.149999618530273,16.3799991607666,168100,0.0,0.0
2020-04-29 00:00:00-04:00,16.709999084472656,17.520000457763672,15.829999923706055,17.219999313354492,205500,0.0,0.0
2020-04-30 00:00:00-04:00,16.90999984741211,16.90999984741211,15.960000038146973,15.970000267028809,124200,0.0,0.0
2020-05-01 00:00:00-04:00,15.609999656677246,15.609999656677246,14.569999694824219,14.670000076293945,140700,0.0,0.0
2020-05-04 00:00:00-04:00,14.630000114440918,15.260000228881836,14.529999732971191,15.100000381469727,95900,0.0,0.0
2020-05-05 00:00:00-04:00,15.369999885559082,15.569999694824219,14.819999694824219,14.880000114440918,134800,0.0,0.0
2020-05-06 00:00:00-04:00,14.989999771118164,15.5600004196167,14.989999771118164,15.40999984741211,106300,0.0,0.0
2020-05-07 00:00:00-04:00,15.399999618530273,15.579999923706055,15.229999542236328,15.329999923706055,117200,0.0,0.0
2020-05-08 00:00:00-04:00,15.34000015258789,16.850000381469727,15.0,16.790000915527344,355300,0.0,0.0
2020-05-11 00:00:00-04:00,16.450000762939453,17.110000610351562,16.450000762939453,16.850000381469727,299100,0.0,0.0
2020-05-12 00:00:00-04:00,16.940000534057617,17.170000076293945,15.890000343322754,15.890000343322754,178600,0.0,0.0
2020-05-13 00:00:00-04:00,15.710000038146973,15.899999618530273,15.180000305175781,15.390000343322754,139400,0.0,0.0
2020-05-14 00:00:00-04:00,15.0,15.680000305175781,14.729999542236328,15.670000076293945,180800,0.0,0.0
2020-05-15 00:00:00-04:00,15.609999656677246,15.989999771118164,15.390000343322754,15.640000343322754,958400,0.0,0.0
2020-05-18 00:00:00-04:00,16.190000534057617,17.0,16.190000534057617,16.979999542236328,284100,0.0,0.0
2020-05-19 00:00:00-04:00,16.889999389648438,17.799999237060547,16.690000534057617,17.010000228881836,265300,0.0,0.0
2020-05-20 00:00:00-04:00,16.899999618530273,17.90999984741211,16.899999618530273,17.489999771118164,203500,0.0,0.0
2020-05-21 00:00:00-04:00,17.450000762939453,17.510000228881836,16.670000076293945,16.75,190400,0.0,0.0
2020-05-22 00:00:00-04:00,16.809999465942383,16.809999465942383,16.31999969482422,16.690000534057617,101400,0.0,0.0
2020-05-26 00:00:00-04:00,17.290000915527344,17.34000015258789,16.780000686645508,16.899999618530273,125400,0.0,0.0
2020-05-27 00:00:00-04:00,17.170000076293945,17.5,16.399999618530273,17.440000534057617,117000,0.0,0.0
2020-05-28 00:00:00-04:00,17.540000915527344,17.68000030517578,16.799999237060547,16.8799991607666,119200,0.0,0.0
2020-05-29 00:00:00-04:00,16.75,17.1299991607666,16.459999084472656,17.059999465942383,129800,0.0,0.0
2020-06-01 00:00:00-04:00,17.030000686645508,17.329999923706055,16.540000915527344,16.670000076293945,141900,0.0,0.0
2020-06-02 00:00:00-04:00,16.690000534057617,16.729999542236328,16.06999969482422,16.600000381469727,189300,0.0,0.0
2020-06-03 00:00:00-04:00,16.649999618530273,17.170000076293945,16.6200008392334,17.030000686645508,200100,0.0,0.0
2020-06-04 00:00:00-04:00,16.8799991607666,17.84000015258789,16.799999237060547,17.3799991607666,204700,0.0,0.0
2020-06-05 00:00:00-04:00,17.75,18.100000381469727,17.610000610351562,17.729999542236328,185500,0.0,0.0
2020-06-08 00:00:00-04:00,17.950000762939453,17.950000762939453,17.399999618530273,17.56999969482422,116500,0.0,0.0
2020-06-09 00:00:00-04:00,17.389999389648438,17.829999923706055,17.25,17.56999969482422,125800,0.0,0.0
2020-06-10 00:00:00-04:00,17.639999389648438,17.639999389648438,16.989999771118164,17.040000915527344,123600,0.0,0.0
2020-06-11 00:00:00-04:00,16.420000076293945,16.920000076293945,16.149999618530273,16.229999542236328,162800,0.0,0.0
2020-06-12 00:00:00-04:00,17.1200008392334,17.3700008392334,16.350000381469727,16.700000762939453,180700,0.0,0.0
2020-06-15 00:00:00-04:00,16.0,17.670000076293945,15.970000267028809,17.5,185400,0.0,0.0
2020-06-16 00:00:00-04:00,18.09000015258789,18.6299991607666,17.979999542236328,18.479999542236328,163000,0.0,0.0
2020-06-17 00:00:00-04:00,18.68000030517578,19.420000076293945,18.68000030517578,19.049999237060547,161900,0.0,0.0
2020-06-18 00:00:00-04:00,19.0,19.34000015258789,18.610000610351562,18.889999389648438,198200,0.0,0.0
2020-06-19 00:00:00-04:00,19.079999923706055,19.31999969482422,18.489999771118164,18.829999923706055,242100,0.0,0.0
2020-06-22 00:00:00-04:00,18.770000457763672,19.020000457763672,18.489999771118164,18.959999084472656,126000,0.0,0.0
2020-06-23 00:00:00-04:00,19.219999313354492,19.219999313354492,18.709999084472656,18.719999313354492,86800,0.0,0.0
2020-06-24 00:00:00-04:00,18.489999771118164,18.760000228881836,18.06999969482422,18.18000030517578,126600,0.0,0.0
2020-06-25 00:00:00-04:00,18.110000610351562,18.489999771118164,17.84000015258789,18.469999313354492,95400,0.0,0.0
2020-06-26 00:00:00-04:00,18.3700008392334,18.860000610351562,18.15999984741211,18.670000076293945,771000,0.0,0.0
2020-06-29 00:00:00-04:00,18.829999923706055,19.459999084472656,18.639999389648438,19.15999984741211,235400,0.0,0.0
2020-06-30 00:00:00-04:00,19.1200008392334,19.639999389648438,19.020000457763672,19.559999465942383,261100,0.0,0.0
2020-07-01 00:00:00-04:00,19.649999618530273,19.75,18.5,19.209999084472656,115700,0.0,0.0
2020-07-02 00:00:00-04:00,19.559999465942383,19.8799991607666,19.440000534057617,19.709999084472656,107700,0.0,0.0
2020-07-06 00:00:00-04:00,20.049999237060547,20.049999237060547,19.649999618530273,19.770000457763672,93100,0.0,0.0
2020-07-07 00:00:00-04:00,19.579999923706055,19.8700008392334,19.329999923706055,19.43000030517578,166500,0.0,0.0
2020-07-08 00:00:00-04:00,19.639999389648438,19.799999237060547,19.290000915527344,19.649999618530273,121400,0.0,0.0
2020-07-09 00:00:00-04:00,19.670000076293945,19.969999313354492,19.239999771118164,19.579999923706055,88500,0.0,0.0
2020-07-10 00:00:00-04:00,19.59000015258789,19.639999389648438,18.18000030517578,19.469999313354492,75500,0.0,0.0
2020-07-13 00:00:00-04:00,19.5,20.100000381469727,19.1200008392334,19.1299991607666,97000,0.0,0.0
2020-07-14 00:00:00-04:00,18.979999542236328,19.729999542236328,18.780000686645508,19.6299991607666,129900,0.0,0.0
2020-07-15 00:00:00-04:00,19.989999771118164,20.0,19.200000762939453,19.270000457763672,169800,0.0,0.0
2020-07-16 00:00:00-04:00,19.059999465942383,19.09000015258789,18.799999237060547,19.0,63500,0.0,0.0
2020-07-17 00:00:00-04:00,18.940000534057617,19.170000076293945,18.75,19.139999389648438,71600,0.0,0.0
2020-07-20 00:00:00-04:00,19.100000381469727,19.81999969482422,19.09000015258789,19.729999542236328,54800,0.0,0.0
2020-07-21 00:00:00-04:00,20.030000686645508,20.329999923706055,19.75,20.200000762939453,183000,0.0,0.0
2020-07-22 00:00:00-04:00,20.15999984741211,20.489999771118164,19.989999771118164,20.049999237060547,73000,0.0,0.0
2020-07-23 00:00:00-04:00,19.940000534057617,20.530000686645508,19.690000534057617,20.299999237060547,102600,0.0,0.0
2020-07-24 00:00:00-04:00,20.100000381469727,20.100000381469727,19.239999771118164,19.469999313354492,86100,0.0,0.0
2020-07-27 00:00:00-04:00,19.579999923706055,20.31999969482422,19.5,20.270000457763672,91900,0.0,0.0
2020-07-28 00:00:00-04:00,19.989999771118164,20.270000457763672,19.450000762939453,19.450000762939453,74100,0.0,0.0
2020-07-29 00:00:00-04:00,19.700000762939453,19.770000457763672,19.389999389648438,19.610000610351562,96300,0.0,0.0
2020-07-30 00:00:00-04:00,20.1200008392334,24.350000381469727,20.110000610351562,24.270000457763672,329800,0.0,0.0
2020-07-31 00:00:00-04:00,24.1200008392334,24.6200008392334,23.709999084472656,24.579999923706055,240800,0.0,0.0
2020-08-03 00:00:00-04:00,24.940000534057617,25.5,24.899999618530273,25.190000534057617,266400,0.0,0.0
2020-08-04 00:00:00-04:00,25.200000762939453,25.290000915527344,24.579999923706055,24.989999771118164,110000,0.0,0.0
2020-08-05 00:00:00-04:00,25.219999313354492,26.030000686645508,24.65999984741211,25.75,361600,0.0,0.0
2020-08-06 00:00:00-04:00,25.510000228881836,26.420000076293945,25.510000228881836,26.18000030517578,207900,0.0,0.0
2020-08-07 00:00:00-04:00,24.260000228881836,24.75,21.8799991607666,22.600000381469727,428500,0.0,0.0
2020-08-10 00:00:00-04:00,22.75,23.760000228881836,22.450000762939453,23.489999771118164,229000,0.0,0.0
2020-08-11 00:00:00-04:00,22.860000610351562,22.979999542236328,21.639999389648438,22.260000228881836,339300,0.0,0.0
2020-08-12 00:00:00-04:00,22.5,22.530000686645508,21.93000030517578,22.010000228881836,184300,0.0,0.0
2020-08-13 00:00:00-04:00,21.940000534057617,21.940000534057617,21.479999542236328,21.719999313354492,145700,0.0,0.0
2020-08-14 00:00:00-04:00,21.530000686645508,21.90999984741211,21.110000610351562,21.610000610351562,212500,0.0,0.0
2020-08-17 00:00:00-04:00,21.729999542236328,22.149999618530273,21.350000381469727,22.059999465942383,147600,0.0,0.0
2020-08-18 00:00:00-04:00,21.93000030517578,22.010000228881836,21.40999984741211,21.780000686645508,135200,0.0,0.0
2020-08-19 00:00:00-04:00,21.790000915527344,21.809999465942383,21.3799991607666,21.510000228881836,110900,0.0,0.0
2020-08-20 00:00:00-04:00,21.219999313354492,21.5,21.149999618530273,21.420000076293945,155700,0.0,0.0
2020-08-21 00:00:00-04:00,21.309999465942383,21.600000381469727,21.18000030517578,21.290000915527344,996300,0.0,0.0
2020-08-24 00:00:00-04:00,21.549999237060547,21.979999542236328,21.170000076293945,21.360000610351562,152600,0.0,0.0
2020-08-25 00:00:00-04:00,21.34000015258789,21.770000457763672,20.809999465942383,21.34000015258789,159000,0.0,0.0
2020-08-26 00:00:00-04:00,21.31999969482422,21.31999969482422,20.940000534057617,21.219999313354492,116000,0.0,0.0
2020-08-27 00:00:00-04:00,21.389999389648438,21.389999389648438,20.420000076293945,20.709999084472656,163800,0.0,0.0
2020-08-28 00:00:00-04:00,20.68000030517578,21.079999923706055,20.579999923706055,20.75,172400,0.0,0.0
2020-08-31 00:00:00-04:00,20.780000686645508,20.940000534057617,20.309999465942383,20.700000762939453,151700,0.0,0.0
2020-09-01 00:00:00-04:00,20.780000686645508,21.360000610351562,20.729999542236328,21.260000228881836,135300,0.0,0.0
2020-09-02 00:00:00-04:00,21.440000534057617,21.829999923706055,21.280000686645508,21.739999771118164,108800,0.0,0.0
2020-09-03 00:00:00-04:00,21.729999542236328,21.729999542236328,20.31999969482422,20.43000030517578,180100,0.0,0.0
2020-09-04 00:00:00-04:00,20.479999542236328,20.690000534057617,19.299999237060547,19.729999542236328,192200,0.0,0.0
2020-09-08 00:00:00-04:00,19.3700008392334,19.479999542236328,18.469999313354492,18.520000457763672,279700,0.0,0.0
2020-09-09 00:00:00-04:00,18.65999984741211,19.020000457763672,18.510000228881836,18.510000228881836,207500,0.0,0.0
2020-09-10 00:00:00-04:00,18.700000762939453,19.0,18.5,18.6299991607666,157400,0.0,0.0
2020-09-11 00:00:00-04:00,18.829999923706055,19.200000762939453,18.540000915527344,18.6299991607666,77100,0.0,0.0
2020-09-14 00:00:00-04:00,18.940000534057617,19.479999542236328,18.579999923706055,19.440000534057617,153500,0.0,0.0
2020-09-15 00:00:00-04:00,19.600000381469727,19.829999923706055,19.06999969482422,19.479999542236328,93900,0.0,0.0
2020-09-16 00:00:00-04:00,19.700000762939453,19.8700008392334,19.5,19.549999237060547,120400,0.0,0.0
2020-09-17 00:00:00-04:00,19.139999389648438,19.43000030517578,18.760000228881836,19.31999969482422,108900,0.0,0.0
2020-09-18 00:00:00-04:00,19.579999923706055,19.65999984741211,19.06999969482422,19.219999313354492,328000,0.0,0.0
2020-09-21 00:00:00-04:00,18.809999465942383,19.110000610351562,18.510000228881836,19.079999923706055,120900,0.0,0.0
2020-09-22 00:00:00-04:00,19.280000686645508,19.420000076293945,18.739999771118164,19.139999389648438,112000,0.0,0.0
2020-09-23 00:00:00-04:00,19.18000030517578,19.459999084472656,18.889999389648438,19.0,125400,0.0,0.0
2020-09-24 00:00:00-04:00,18.899999618530273,19.200000762939453,18.770000457763672,18.860000610351562,74500,0.0,0.0
2020-09-25 00:00:00-04:00,18.68000030517578,19.559999465942383,18.59000015258789,19.0,88300,0.0,0.0
2020-09-28 00:00:00-04:00,19.209999084472656,19.760000228881836,19.190000534057617,19.65999984741211,96200,0.0,0.0
2020-09-29 00:00:00-04:00,19.75,20.020000457763672,19.399999618530273,19.420000076293945,129600,0.0,0.0
2020-09-30 00:00:00-04:00,19.290000915527344,19.540000915527344,18.6200008392334,18.709999084472656,275300,0.0,0.0
2020-10-01 00:00:00-04:00,18.799999237060547,19.799999237060547,18.610000610351562,19.760000228881836,137900,0.0,0.0
2020-10-02 00:00:00-04:00,19.239999771118164,19.579999923706055,18.649999618530273,18.65999984741211,138700,0.0,0.0
2020-10-05 00:00:00-04:00,18.790000915527344,19.530000686645508,18.790000915527344,19.489999771118164,222700,0.0,0.0
2020-10-06 00:00:00-04:00,19.610000610351562,20.56999969482422,19.329999923706055,20.040000915527344,154000,0.0,0.0
2020-10-07 00:00:00-04:00,20.260000228881836,20.59000015258789,19.8700008392334,19.920000076293945,215800,0.0,0.0
2020-10-08 00:00:00-04:00,20.110000610351562,20.59000015258789,19.670000076293945,20.010000228881836,75000,0.0,0.0
2020-10-09 00:00:00-04:00,20.1299991607666,20.790000915527344,19.93000030517578,20.709999084472656,62300,0.0,0.0
2020-10-12 00:00:00-04:00,20.8700008392334,21.0,20.75,20.8799991607666,65700,0.0,0.0
2020-10-13 00:00:00-04:00,20.809999465942383,20.899999618530273,20.559999465942383,20.68000030517578,58600,0.0,0.0
2020-10-14 00:00:00-04:00,20.639999389648438,20.81999969482422,20.209999084472656,20.309999465942383,72200,0.0,0.0
2020-10-15 00:00:00-04:00,19.850000381469727,20.350000381469727,19.700000762939453,20.290000915527344,73000,0.0,0.0
2020-10-16 00:00:00-04:00,20.170000076293945,20.3799991607666,20.0,20.229999542236328,52900,0.0,0.0
2020-10-19 00:00:00-04:00,20.290000915527344,20.489999771118164,19.920000076293945,19.979999542236328,53000,0.0,0.0
2020-10-20 00:00:00-04:00,20.059999465942383,20.239999771118164,19.940000534057617,20.09000015258789,41500,0.0,0.0
2020-10-21 00:00:00-04:00,20.270000457763672,20.329999923706055,19.770000457763672,19.809999465942383,58700,0.0,0.0
2020-10-22 00:00:00-04:00,19.799999237060547,20.059999465942383,19.6200008392334,19.90999984741211,66400,0.0,0.0
2020-10-23 00:00:00-04:00,20.0,20.329999923706055,19.799999237060547,20.25,67200,0.0,0.0
2020-10-26 00:00:00-04:00,19.950000762939453,19.979999542236328,19.389999389648438,19.90999984741211,83100,0.0,0.0
2020-10-27 00:00:00-04:00,19.920000076293945,19.920000076293945,19.15999984741211,19.510000228881836,109900,0.0,0.0
2020-10-28 00:00:00-04:00,19.1299991607666,19.1299991607666,18.690000534057617,18.950000762939453,74300,0.0,0.0
2020-10-29 00:00:00-04:00,18.850000381469727,19.479999542236328,18.850000381469727,19.309999465942383,75800,0.0,0.0
2020-10-30 00:00:00-04:00,19.290000915527344,19.290000915527344,18.510000228881836,18.739999771118164,108600,0.0,0.0
2020-11-02 00:00:00-05:00,19.059999465942383,19.360000610351562,18.549999237060547,18.940000534057617,91400,0.0,0.0
2020-11-03 00:00:00-05:00,19.209999084472656,19.81999969482422,19.209999084472656,19.690000534057617,115400,0.0,0.0
2020-11-04 00:00:00-05:00,19.600000381469727,20.31999969482422,19.270000457763672,20.270000457763672,96600,0.0,0.0
2020-11-05 00:00:00-05:00,20.56999969482422,21.719999313354492,20.56999969482422,21.18000030517578,120100,0.0,0.0
2020-11-06 00:00:00-05:00,21.059999465942383,21.719999313354492,20.15999984741211,20.610000610351562,64000,0.0,0.0
2020-11-09 00:00:00-05:00,20.889999389648438,21.540000915527344,20.149999618530273,20.170000076293945,141400,0.0,0.0
2020-11-10 00:00:00-05:00,19.989999771118164,20.270000457763672,19.56999969482422,19.8700008392334,119200,0.0,0.0
2020-11-11 00:00:00-05:00,20.040000915527344,20.6299991607666,19.649999618530273,20.530000686645508,97500,0.0,0.0
2020-11-12 00:00:00-05:00,20.31999969482422,20.610000610351562,19.969999313354492,20.260000228881836,87500,0.0,0.0
2020-11-13 00:00:00-05:00,20.540000915527344,20.940000534057617,20.280000686645508,20.790000915527344,100700,0.0,0.0
2020-11-16 00:00:00-05:00,20.790000915527344,21.40999984741211,20.75,21.06999969482422,100600,0.0,0.0
2020-11-17 00:00:00-05:00,22.299999237060547,22.299999237060547,21.010000228881836,21.170000076293945,120600,0.0,0.0
2020-11-18 00:00:00-05:00,21.149999618530273,21.520000457763672,20.829999923706055,21.06999969482422,87900,0.0,0.0
2020-11-19 00:00:00-05:00,20.84000015258789,21.18000030517578,20.639999389648438,21.020000457763672,81800,0.0,0.0
2020-11-20 00:00:00-05:00,20.719999313354492,21.450000762939453,20.719999313354492,21.280000686645508,114500,0.0,0.0
2020-11-23 00:00:00-05:00,21.34000015258789,22.110000610351562,21.34000015258789,22.020000457763672,150400,0.0,0.0
2020-11-24 00:00:00-05:00,22.139999389648438,22.229999542236328,21.610000610351562,21.780000686645508,133700,0.0,0.0
2020-11-25 00:00:00-05:00,21.809999465942383,22.040000915527344,21.739999771118164,21.93000030517578,88000,0.0,0.0
2020-11-27 00:00:00-05:00,22.1200008392334,22.290000915527344,22.020000457763672,22.25,33600,0.0,0.0
2020-11-30 00:00:00-05:00,22.25,22.25,21.520000457763672,22.06999969482422,109200,0.0,0.0
2020-12-01 00:00:00-05:00,22.219999313354492,22.440000534057617,22.0,22.34000015258789,97400,0.0,0.0
2020-12-02 00:00:00-05:00,22.34000015258789,22.420000076293945,22.010000228881836,22.219999313354492,76100,0.0,0.0
2020-12-03 00:00:00-05:00,22.280000686645508,22.399999618530273,22.100000381469727,22.18000030517578,67800,0.0,0.0
2020-12-04 00:00:00-05:00,22.280000686645508,22.979999542236328,22.149999618530273,22.940000534057617,113300,0.0,0.0
2020-12-07 00:00:00-05:00,22.940000534057617,23.420000076293945,22.8700008392334,23.270000457763672,85300,0.0,0.0
2020-12-08 00:00:00-05:00,22.93000030517578,23.25,22.59000015258789,22.93000030517578,85000,0.0,0.0
2020-12-09 00:00:00-05:00,22.940000534057617,22.940000534057617,21.780000686645508,21.920000076293945,89600,0.0,0.0
2020-12-10 00:00:00-05:00,21.700000762939453,22.290000915527344,21.700000762939453,21.950000762939453,72500,0.0,0.0
2020-12-11 00:00:00-05:00,21.84000015258789,22.200000762939453,21.6200008392334,21.84000015258789,54900,0.0,0.0
2020-12-14 00:00:00-05:00,21.700000762939453,22.239999771118164,21.700000762939453,22.170000076293945,81400,0.0,0.0
2020-12-15 00:00:00-05:00,22.479999542236328,23.059999465942383,22.40999984741211,22.979999542236328,112000,0.0,0.0
2020-12-16 00:00:00-05:00,22.739999771118164,22.889999389648438,22.110000610351562,22.40999984741211,132000,0.0,0.0
2020-12-17 00:00:00-05:00,22.360000610351562,22.75,22.219999313354492,22.579999923706055,88800,0.0,0.0
2020-12-18 00:00:00-05:00,22.739999771118164,22.760000228881836,22.0,22.09000015258789,243700,0.0,0.0
2020-12-21 00:00:00-05:00,21.700000762939453,21.920000076293945,21.389999389648438,21.639999389648438,84600,0.0,0.0
2020-12-22 00:00:00-05:00,21.81999969482422,21.93000030517578,21.219999313354492,21.709999084472656,122500,0.0,0.0
2020-12-23 00:00:00-05:00,21.670000076293945,22.170000076293945,21.600000381469727,22.079999923706055,104300,0.0,0.0
2020-12-24 00:00:00-05:00,22.110000610351562,22.420000076293945,21.719999313354492,22.030000686645508,47500,0.0,0.0
2020-12-28 00:00:00-05:00,22.079999923706055,22.360000610351562,21.780000686645508,21.799999237060547,77300,0.0,0.0
2020-12-29 00:00:00-05:00,21.790000915527344,21.979999542236328,21.010000228881836,21.56999969482422,110100,0.0,0.0
2020-12-30 00:00:00-05:00,21.700000762939453,21.969999313354492,21.639999389648438,21.670000076293945,68900,0.0,0.0
2020-12-31 00:00:00-05:00,21.790000915527344,21.969999313354492,21.15999984741211,21.600000381469727,87800,0.0,0.0
2021-01-04 00:00:00-05:00,21.610000610351562,22.209999084472656,21.190000534057617,21.450000762939453,109200,0.0,0.0
2021-01-05 00:00:00-05:00,21.420000076293945,22.040000915527344,21.420000076293945,21.81999969482422,125500,0.0,0.0
2021-01-06 00:00:00-05:00,21.84000015258789,22.510000228881836,21.6299991607666,22.049999237060547,190200,0.0,0.0
2021-01-07 00:00:00-05:00,22.1299991607666,22.68000030517578,22.110000610351562,22.479999542236328,126700,0.0,0.0
2021-01-08 00:00:00-05:00,22.75,22.75,21.68000030517578,21.790000915527344,211300,0.0,0.0
2021-01-11 00:00:00-05:00,21.540000915527344,22.020000457763672,21.540000915527344,21.770000457763672,93900,0.0,0.0
2021-01-12 00:00:00-05:00,21.860000610351562,22.25,21.030000686645508,21.950000762939453,59100,0.0,0.0
2021-01-13 00:00:00-05:00,21.940000534057617,22.040000915527344,21.479999542236328,21.889999389648438,111300,0.0,0.0
2021-01-14 00:00:00-05:00,22.059999465942383,23.5,22.059999465942383,23.219999313354492,167500,0.0,0.0
2021-01-15 00:00:00-05:00,23.06999969482422,23.290000915527344,22.049999237060547,22.59000015258789,144000,0.0,0.0
2021-01-19 00:00:00-05:00,22.959999084472656,23.209999084472656,22.600000381469727,22.969999313354492,74900,0.0,0.0
2021-01-20 00:00:00-05:00,23.139999389648438,23.34000015258789,22.420000076293945,22.639999389648438,152100,0.0,0.0
2021-01-21 00:00:00-05:00,22.790000915527344,23.329999923706055,21.899999618530273,22.31999969482422,90100,0.0,0.0
2021-01-22 00:00:00-05:00,22.030000686645508,22.549999237060547,21.90999984741211,22.350000381469727,117500,0.0,0.0
2021-01-25 00:00:00-05:00,22.469999313354492,22.68000030517578,21.690000534057617,22.059999465942383,162800,0.0,0.0
2021-01-26 00:00:00-05:00,22.239999771118164,22.239999771118164,21.600000381469727,21.690000534057617,110000,0.0,0.0
2021-01-27 00:00:00-05:00,21.1299991607666,21.360000610351562,20.350000381469727,20.459999084472656,199800,0.0,0.0
2021-01-28 00:00:00-05:00,20.8799991607666,21.40999984741211,20.190000534057617,20.239999771118164,165000,0.0,0.0
2021-01-29 00:00:00-05:00,20.239999771118164,20.829999923706055,19.25,19.31999969482422,237000,0.0,0.0
2021-02-01 00:00:00-05:00,20.1299991607666,20.139999389648438,19.350000381469727,20.0,175000,0.0,0.0
2021-02-02 00:00:00-05:00,20.260000228881836,21.059999465942383,19.760000228881836,21.0,151600,0.0,0.0
2021-02-03 00:00:00-05:00,21.0,21.0,20.209999084472656,20.450000762939453,92800,0.0,0.0
2021-02-04 00:00:00-05:00,20.450000762939453,20.940000534057617,20.360000610351562,20.790000915527344,76400,0.0,0.0
2021-02-05 00:00:00-05:00,20.969999313354492,20.969999313354492,20.479999542236328,20.84000015258789,82000,0.0,0.0
2021-02-08 00:00:00-05:00,21.040000915527344,21.850000381469727,21.040000915527344,21.850000381469727,130300,0.0,0.0
2021-02-09 00:00:00-05:00,21.889999389648438,22.09000015258789,20.790000915527344,21.459999084472656,118000,0.0,0.0
2021-02-10 00:00:00-05:00,21.639999389648438,21.920000076293945,21.100000381469727,21.200000762939453,81800,0.0,0.0
2021-02-11 00:00:00-05:00,21.280000686645508,21.889999389648438,21.280000686645508,21.81999969482422,127300,0.0,0.0
2021-02-12 00:00:00-05:00,21.6299991607666,22.5,21.020000457763672,22.3700008392334,87800,0.0,0.0
2021-02-16 00:00:00-05:00,22.34000015258789,23.5,21.979999542236328,22.030000686645508,216700,0.0,0.0
2021-02-17 00:00:00-05:00,21.799999237060547,21.809999465942383,21.100000381469727,21.530000686645508,101000,0.0,0.0
2021-02-18 00:00:00-05:00,21.299999237060547,21.729999542236328,20.81999969482422,21.270000457763672,170800,0.0,0.0
2021-02-19 00:00:00-05:00,20.690000534057617,20.690000534057617,18.209999084472656,18.329999923706055,584700,0.0,0.0
2021-02-22 00:00:00-05:00,18.059999465942383,18.239999771118164,17.799999237060547,17.8700008392334,238000,0.0,0.0
2021-02-23 00:00:00-05:00,17.5,18.190000534057617,17.399999618530273,17.790000915527344,347100,0.0,0.0
2021-02-24 00:00:00-05:00,17.760000228881836,18.59000015258789,17.760000228881836,18.399999618530273,199200,0.0,0.0
2021-02-25 00:00:00-05:00,18.209999084472656,18.3799991607666,17.940000534057617,17.989999771118164,201000,0.0,0.0
2021-02-26 00:00:00-05:00,18.079999923706055,18.530000686645508,17.809999465942383,18.360000610351562,244300,0.0,0.0
2021-03-01 00:00:00-05:00,18.299999237060547,18.670000076293945,18.1200008392334,18.56999969482422,132600,0.0,0.0
2021-03-02 00:00:00-05:00,18.440000534057617,18.579999923706055,17.899999618530273,17.899999618530273,149100,0.0,0.0
2021-03-03 00:00:00-05:00,17.969999313354492,18.56999969482422,17.850000381469727,18.030000686645508,152400,0.0,0.0
2021-03-04 00:00:00-05:00,18.0,18.049999237060547,17.530000686645508,17.649999618530273,254000,0.0,0.0
2021-03-05 00:00:00-05:00,18.020000457763672,18.15999984741211,17.190000534057617,18.09000015258789,184800,0.0,0.0
2021-03-08 00:00:00-05:00,18.0,18.149999618530273,17.450000762939453,17.469999313354492,182700,0.0,0.0
2021-03-09 00:00:00-05:00,17.969999313354492,18.280000686645508,17.8700008392334,17.940000534057617,130700,0.0,0.0
2021-03-10 00:00:00-05:00,18.079999923706055,18.34000015258789,17.600000381469727,17.65999984741211,179900,0.0,0.0
2021-03-11 00:00:00-05:00,18.020000457763672,18.260000228881836,17.68000030517578,18.260000228881836,134400,0.0,0.0
2021-03-12 00:00:00-05:00,17.950000762939453,18.31999969482422,17.809999465942383,18.229999542236328,104200,0.0,0.0
2021-03-15 00:00:00-04:00,18.200000762939453,18.510000228881836,18.020000457763672,18.450000762939453,118300,0.0,0.0
2021-03-16 00:00:00-04:00,18.399999618530273,18.610000610351562,17.920000076293945,18.200000762939453,221800,0.0,0.0
2021-03-17 00:00:00-04:00,18.09000015258789,18.139999389648438,17.690000534057617,18.110000610351562,170400,0.0,0.0
2021-03-18 00:00:00-04:00,17.950000762939453,18.079999923706055,17.440000534057617,17.440000534057617,145200,0.0,0.0
2021-03-19 00:00:00-04:00,17.360000610351562,17.75,17.010000228881836,17.520000457763672,406300,0.0,0.0
2021-03-22 00:00:00-04:00,17.690000534057617,17.959999084472656,17.43000030517578,17.610000610351562,96000,0.0,0.0
2021-03-23 00:00:00-04:00,17.540000915527344,17.559999465942383,16.959999084472656,17.059999465942383,158300,0.0,0.0
2021-03-24 00:00:00-04:00,17.139999389648438,17.6200008392334,16.84000015258789,16.84000015258789,206100,0.0,0.0
2021-03-25 00:00:00-04:00,16.440000534057617,16.860000610351562,16.440000534057617,16.639999389648438,168100,0.0,0.0
2021-03-26 00:00:00-04:00,17.719999313354492,18.479999542236328,17.549999237060547,18.440000534057617,265700,0.0,0.0
2021-03-29 00:00:00-04:00,18.280000686645508,18.549999237060547,17.110000610351562,17.329999923706055,109400,0.0,0.0
2021-03-30 00:00:00-04:00,17.18000030517578,17.3799991607666,17.079999923706055,17.34000015258789,74000,0.0,0.0
2021-03-31 00:00:00-04:00,17.3700008392334,17.84000015258789,17.3700008392334,17.780000686645508,223500,0.0,0.0
2021-04-01 00:00:00-04:00,18.06999969482422,18.559999465942383,18.020000457763672,18.530000686645508,113600,0.0,0.0
2021-04-05 00:00:00-04:00,18.889999389648438,19.690000534057617,18.59000015258789,19.6299991607666,210800,0.0,0.0
2021-04-06 00:00:00-04:00,19.40999984741211,19.760000228881836,18.790000915527344,18.90999984741211,104800,0.0,0.0
2021-04-07 00:00:00-04:00,18.889999389648438,19.139999389648438,18.65999984741211,18.940000534057617,104900,0.0,0.0
2021-04-08 00:00:00-04:00,19.079999923706055,19.170000076293945,18.850000381469727,19.030000686645508,99100,0.0,0.0
2021-04-09 00:00:00-04:00,18.799999237060547,18.969999313354492,18.489999771118164,18.729999542236328,134500,0.0,0.0
2021-04-12 00:00:00-04:00,18.690000534057617,18.780000686645508,18.200000762939453,18.290000915527344,91600,0.0,0.0
2021-04-13 00:00:00-04:00,18.309999465942383,18.309999465942383,17.889999389648438,18.079999923706055,164900,0.0,0.0
2021-04-14 00:00:00-04:00,18.200000762939453,18.399999618530273,17.81999969482422,17.889999389648438,113900,0.0,0.0
2021-04-15 00:00:00-04:00,18.09000015258789,18.18000030517578,17.65999984741211,17.84000015258789,263900,0.0,0.0
2021-04-16 00:00:00-04:00,17.889999389648438,17.889999389648438,17.450000762939453,17.489999771118164,101000,0.0,0.0
2021-04-19 00:00:00-04:00,17.40999984741211,17.56999969482422,16.93000030517578,17.079999923706055,185400,0.0,0.0
2021-04-20 00:00:00-04:00,16.959999084472656,17.1200008392334,16.700000762939453,16.780000686645508,125200,0.0,0.0
2021-04-21 00:00:00-04:00,16.770000457763672,17.739999771118164,16.770000457763672,17.200000762939453,73600,0.0,0.0
2021-04-22 00:00:00-04:00,17.280000686645508,17.979999542236328,17.110000610351562,17.65999984741211,110800,0.0,0.0
2021-04-23 00:00:00-04:00,17.709999084472656,18.59000015258789,17.709999084472656,18.40999984741211,359400,0.0,0.0
2021-04-26 00:00:00-04:00,18.450000762939453,19.290000915527344,18.420000076293945,19.280000686645508,79800,0.0,0.0
2021-04-27 00:00:00-04:00,19.280000686645508,19.329999923706055,18.93000030517578,19.0,86900,0.0,0.0
2021-04-28 00:00:00-04:00,19.0,19.079999923706055,18.899999618530273,19.0,85900,0.0,0.0
2021-04-29 00:00:00-04:00,19.18000030517578,19.18000030517578,18.899999618530273,19.030000686645508,81800,0.0,0.0
2021-04-30 00:00:00-04:00,18.75,18.889999389648438,17.68000030517578,17.729999542236328,127900,0.0,0.0
2021-05-03 00:00:00-04:00,17.93000030517578,18.290000915527344,17.93000030517578,18.229999542236328,192900,0.0,0.0
2021-05-04 00:00:00-04:00,18.200000762939453,18.280000686645508,17.889999389648438,18.09000015258789,161000,0.0,0.0
2021-05-05 00:00:00-04:00,18.170000076293945,18.56999969482422,17.989999771118164,18.5,109700,0.0,0.0
2021-05-06 00:00:00-04:00,18.489999771118164,18.68000030517578,18.18000030517578,18.670000076293945,123000,0.0,0.0
2021-05-07 00:00:00-04:00,18.770000457763672,19.270000457763672,18.440000534057617,19.09000015258789,290900,0.0,0.0
2021-05-10 00:00:00-04:00,18.93000030517578,19.0,18.09000015258789,18.149999618530273,308900,0.0,0.0
2021-05-11 00:00:00-04:00,17.639999389648438,17.979999542236328,17.25,17.479999542236328,141900,0.0,0.0
2021-05-12 00:00:00-04:00,17.229999542236328,17.3799991607666,16.700000762939453,16.760000228881836,119900,0.0,0.0
2021-05-13 00:00:00-04:00,16.969999313354492,17.5,16.790000915527344,17.100000381469727,100700,0.0,0.0
2021-05-14 00:00:00-04:00,17.25,17.549999237060547,17.200000762939453,17.40999984741211,73100,0.0,0.0
2021-05-17 00:00:00-04:00,17.219999313354492,17.469999313354492,16.90999984741211,17.43000030517578,99300,0.0,0.0
2021-05-18 00:00:00-04:00,17.489999771118164,17.670000076293945,17.110000610351562,17.15999984741211,53700,0.0,0.0
2021-05-19 00:00:00-04:00,16.850000381469727,17.309999465942383,16.850000381469727,17.270000457763672,59100,0.0,0.0
2021-05-20 00:00:00-04:00,17.309999465942383,17.889999389648438,17.18000030517578,17.829999923706055,90000,0.0,0.0
2021-05-21 00:00:00-04:00,17.959999084472656,17.959999084472656,17.59000015258789,17.8700008392334,67800,0.0,0.0
2021-05-24 00:00:00-04:00,17.979999542236328,18.309999465942383,17.459999084472656,18.06999969482422,373100,0.0,0.0
2021-05-25 00:00:00-04:00,18.139999389648438,18.389999389648438,17.520000457763672,17.549999237060547,135300,0.0,0.0
2021-05-26 00:00:00-04:00,17.6299991607666,17.68000030517578,17.09000015258789,17.469999313354492,130600,0.0,0.0
2021-05-27 00:00:00-04:00,17.489999771118164,17.969999313354492,17.389999389648438,17.399999618530273,211600,0.0,0.0
2021-05-28 00:00:00-04:00,17.350000381469727,17.559999465942383,17.350000381469727,17.440000534057617,158900,0.0,0.0
2021-06-01 00:00:00-04:00,17.59000015258789,17.780000686645508,17.100000381469727,17.350000381469727,257000,0.0,0.0
2021-06-02 00:00:00-04:00,17.899999618530273,17.899999618530273,17.100000381469727,17.25,156300,0.0,0.0
2021-06-03 00:00:00-04:00,17.030000686645508,17.399999618530273,16.81999969482422,17.229999542236328,383600,0.0,0.0
2021-06-04 00:00:00-04:00,17.350000381469727,17.350000381469727,17.079999923706055,17.100000381469727,149700,0.0,0.0
2021-06-07 00:00:00-04:00,17.040000915527344,18.15999984741211,16.93000030517578,17.920000076293945,677000,0.0,0.0
2021-06-08 00:00:00-04:00,18.0,18.06999969482422,17.399999618530273,17.559999465942383,233500,0.0,0.0
2021-06-09 00:00:00-04:00,17.549999237060547,17.850000381469727,17.399999618530273,17.5,186700,0.0,0.0
2021-06-10 00:00:00-04:00,17.59000015258789,17.6200008392334,17.399999618530273,17.540000915527344,87500,0.0,0.0
2021-06-11 00:00:00-04:00,17.549999237060547,17.68000030517578,17.459999084472656,17.5,108000,0.0,0.0
2021-06-14 00:00:00-04:00,17.760000228881836,17.799999237060547,17.510000228881836,17.6200008392334,67100,0.0,0.0
2021-06-15 00:00:00-04:00,17.59000015258789,17.899999618530273,17.440000534057617,17.8799991607666,105000,0.0,0.0
2021-06-16 00:00:00-04:00,17.8799991607666,17.969999313354492,17.59000015258789,17.639999389648438,117600,0.0,0.0
2021-06-17 00:00:00-04:00,17.510000228881836,17.940000534057617,17.510000228881836,17.770000457763672,58100,0.0,0.0
2021-06-18 00:00:00-04:00,17.5,17.579999923706055,17.270000457763672,17.530000686645508,224800,0.0,0.0
2021-06-21 00:00:00-04:00,17.610000610351562,17.670000076293945,17.350000381469727,17.479999542236328,123000,0.0,0.0
2021-06-22 00:00:00-04:00,17.75,17.75,17.360000610351562,17.489999771118164,150600,0.0,0.0
2021-06-23 00:00:00-04:00,17.479999542236328,17.739999771118164,17.399999618530273,17.469999313354492,180800,0.0,0.0
2021-06-24 00:00:00-04:00,17.549999237060547,18.239999771118164,17.549999237060547,18.239999771118164,124300,0.0,0.0
2021-06-25 00:00:00-04:00,18.079999923706055,18.65999984741211,18.079999923706055,18.43000030517578,1099000,0.0,0.0
2021-06-28 00:00:00-04:00,18.489999771118164,18.56999969482422,18.15999984741211,18.329999923706055,92500,0.0,0.0
2021-06-29 00:00:00-04:00,18.3799991607666,18.450000762939453,18.270000457763672,18.329999923706055,41700,0.0,0.0
2021-06-30 00:00:00-04:00,18.260000228881836,18.3799991607666,18.059999465942383,18.18000030517578,105400,0.0,0.0
2021-07-01 00:00:00-04:00,18.200000762939453,18.280000686645508,18.079999923706055,18.139999389648438,85000,0.0,0.0
2021-07-02 00:00:00-04:00,18.260000228881836,18.290000915527344,18.049999237060547,18.059999465942383,85300,0.0,0.0
2021-07-06 00:00:00-04:00,18.06999969482422,18.170000076293945,17.75,18.020000457763672,125500,0.0,0.0
2021-07-07 00:00:00-04:00,18.09000015258789,18.309999465942383,17.760000228881836,17.790000915527344,107600,0.0,0.0
2021-07-08 00:00:00-04:00,17.600000381469727,17.989999771118164,17.56999969482422,17.8700008392334,102200,0.0,0.0
2021-07-09 00:00:00-04:00,18.010000228881836,18.209999084472656,17.84000015258789,18.1299991607666,56600,0.0,0.0
2021-07-12 00:00:00-04:00,18.15999984741211,18.219999313354492,17.799999237060547,18.170000076293945,43600,0.0,0.0
2021-07-13 00:00:00-04:00,18.1200008392334,18.15999984741211,17.719999313354492,17.760000228881836,115200,0.0,0.0
2021-07-14 00:00:00-04:00,17.920000076293945,18.0,17.760000228881836,17.889999389648438,57700,0.0,0.0
2021-07-15 00:00:00-04:00,17.799999237060547,18.0,17.760000228881836,17.81999969482422,112100,0.0,0.0
2021-07-16 00:00:00-04:00,17.950000762939453,17.950000762939453,17.700000762939453,17.770000457763672,102800,0.0,0.0
2021-07-19 00:00:00-04:00,17.559999465942383,17.979999542236328,17.290000915527344,17.8700008392334,114500,0.0,0.0
2021-07-20 00:00:00-04:00,17.979999542236328,18.200000762939453,17.760000228881836,17.889999389648438,116600,0.0,0.0
2021-07-21 00:00:00-04:00,17.969999313354492,18.3700008392334,17.899999618530273,18.15999984741211,70000,0.0,0.0
2021-07-22 00:00:00-04:00,18.149999618530273,18.149999618530273,17.760000228881836,17.829999923706055,60000,0.0,0.0
2021-07-23 00:00:00-04:00,17.8700008392334,17.920000076293945,17.65999984741211,17.899999618530273,51000,0.0,0.0
2021-07-26 00:00:00-04:00,17.889999389648438,17.950000762939453,17.709999084472656,17.93000030517578,69700,0.0,0.0
2021-07-27 00:00:00-04:00,17.8700008392334,17.90999984741211,17.6200008392334,17.860000610351562,106900,0.0,0.0
2021-07-28 00:00:00-04:00,18.09000015258789,18.350000381469727,17.940000534057617,18.290000915527344,58000,0.0,0.0
2021-07-29 00:00:00-04:00,18.280000686645508,18.760000228881836,18.280000686645508,18.610000610351562,56100,0.0,0.0
2021-07-30 00:00:00-04:00,18.549999237060547,18.829999923706055,18.420000076293945,18.709999084472656,71400,0.0,0.0
2021-08-02 00:00:00-04:00,18.799999237060547,19.200000762939453,18.799999237060547,18.920000076293945,78500,0.0,0.0
2021-08-03 00:00:00-04:00,19.149999618530273,19.149999618530273,18.790000915527344,19.010000228881836,131900,0.0,0.0
2021-08-04 00:00:00-04:00,18.940000534057617,19.190000534057617,18.860000610351562,19.020000457763672,72300,0.0,0.0
2021-08-05 00:00:00-04:00,19.040000915527344,19.3799991607666,18.760000228881836,18.90999984741211,60500,0.0,0.0
2021-08-06 00:00:00-04:00,18.920000076293945,19.1200008392334,18.540000915527344,18.780000686645508,87300,0.0,0.0
2021-08-09 00:00:00-04:00,18.84000015258789,18.969999313354492,18.670000076293945,18.81999969482422,38700,0.0,0.0
2021-08-10 00:00:00-04:00,18.84000015258789,18.899999618530273,18.450000762939453,18.559999465942383,60600,0.0,0.0
2021-08-11 00:00:00-04:00,21.219999313354492,21.690000534057617,20.110000610351562,21.489999771118164,189000,0.0,0.0
2021-08-12 00:00:00-04:00,21.6200008392334,21.780000686645508,21.1200008392334,21.489999771118164,96400,0.0,0.0
2021-08-13 00:00:00-04:00,21.299999237060547,21.299999237060547,20.850000381469727,20.959999084472656,101800,0.0,0.0
2021-08-16 00:00:00-04:00,20.93000030517578,21.209999084472656,20.579999923706055,21.200000762939453,79100,0.0,0.0
2021-08-17 00:00:00-04:00,21.139999389648438,21.530000686645508,20.780000686645508,21.420000076293945,179100,0.0,0.0
2021-08-18 00:00:00-04:00,21.31999969482422,22.0,21.31999969482422,21.600000381469727,107700,0.0,0.0
2021-08-19 00:00:00-04:00,21.549999237060547,21.850000381469727,21.520000457763672,21.600000381469727,102300,0.0,0.0
2021-08-20 00:00:00-04:00,21.5,22.040000915527344,21.459999084472656,21.969999313354492,100700,0.0,0.0
2021-08-23 00:00:00-04:00,22.479999542236328,22.479999542236328,21.950000762939453,22.299999237060547,97100,0.0,0.0
2021-08-24 00:00:00-04:00,22.489999771118164,22.489999771118164,22.190000534057617,22.389999389648438,56500,0.0,0.0
2021-08-25 00:00:00-04:00,22.3799991607666,22.5,22.290000915527344,22.43000030517578,71300,0.0,0.0
2021-08-26 00:00:00-04:00,22.350000381469727,22.5,21.969999313354492,22.020000457763672,85600,0.0,0.0
2021-08-27 00:00:00-04:00,22.030000686645508,22.520000457763672,22.030000686645508,22.440000534057617,113000,0.0,0.0
2021-08-30 00:00:00-04:00,22.559999465942383,22.559999465942383,22.15999984741211,22.40999984741211,88000,0.0,0.0
2021-08-31 00:00:00-04:00,22.399999618530273,22.59000015258789,22.18000030517578,22.520000457763672,167600,0.0,0.0
2021-09-01 00:00:00-04:00,22.56999969482422,22.56999969482422,22.229999542236328,22.329999923706055,68900,0.0,0.0
2021-09-02 00:00:00-04:00,22.399999618530273,22.75,22.25,22.65999984741211,165400,0.0,0.0
2021-09-03 00:00:00-04:00,22.700000762939453,22.790000915527344,22.579999923706055,22.780000686645508,66000,0.0,0.0
2021-09-07 00:00:00-04:00,22.780000686645508,22.809999465942383,22.549999237060547,22.729999542236328,54100,0.0,0.0
2021-09-08 00:00:00-04:00,22.760000228881836,22.899999618530273,22.299999237060547,22.6200008392334,80900,0.0,0.0
2021-09-09 00:00:00-04:00,22.68000030517578,22.860000610351562,22.549999237060547,22.700000762939453,51900,0.0,0.0
2021-09-10 00:00:00-04:00,22.729999542236328,22.93000030517578,22.6200008392334,22.639999389648438,71000,0.0,0.0
2021-09-13 00:00:00-04:00,22.729999542236328,22.809999465942383,22.43000030517578,22.719999313354492,70700,0.0,0.0
2021-09-14 00:00:00-04:00,22.780000686645508,22.84000015258789,22.530000686645508,22.670000076293945,57700,0.0,0.0
2021-09-15 00:00:00-04:00,22.700000762939453,22.770000457763672,20.940000534057617,22.760000228881836,114800,0.0,0.0
2021-09-16 00:00:00-04:00,22.600000381469727,22.770000457763672,22.360000610351562,22.700000762939453,61800,0.0,0.0
2021-09-17 00:00:00-04:00,22.690000534057617,22.93000030517578,22.469999313354492,22.899999618530273,270500,0.0,0.0
2021-09-20 00:00:00-04:00,22.610000610351562,22.780000686645508,22.280000686645508,22.479999542236328,63400,0.0,0.0
2021-09-21 00:00:00-04:00,22.6200008392334,22.6200008392334,22.360000610351562,22.510000228881836,42400,0.0,0.0
2021-09-22 00:00:00-04:00,22.6200008392334,23.0,21.459999084472656,22.90999984741211,57600,0.0,0.0
2021-09-23 00:00:00-04:00,22.899999618530273,23.219999313354492,22.899999618530273,23.1299991607666,176400,0.0,0.0
2021-09-24 00:00:00-04:00,23.190000534057617,24.200000762939453,23.190000534057617,23.700000762939453,101300,0.0,0.0
2021-09-27 00:00:00-04:00,23.489999771118164,23.860000610351562,23.389999389648438,23.6299991607666,64300,0.0,0.0
2021-09-28 00:00:00-04:00,23.420000076293945,23.530000686645508,22.780000686645508,22.989999771118164,85000,0.0,0.0
2021-09-29 00:00:00-04:00,23.040000915527344,23.299999237060547,22.8700008392334,22.959999084472656,71300,0.0,0.0
2021-09-30 00:00:00-04:00,23.1200008392334,23.489999771118164,23.0,23.040000915527344,151000,0.0,0.0
2021-10-01 00:00:00-04:00,23.09000015258789,23.959999084472656,22.950000762939453,23.8799991607666,125100,0.0,0.0
2021-10-04 00:00:00-04:00,23.719999313354492,24.110000610351562,23.219999313354492,23.280000686645508,68600,0.0,0.0
2021-10-05 00:00:00-04:00,23.209999084472656,23.649999618530273,23.149999618530273,23.469999313354492,53900,0.0,0.0
2021-10-06 00:00:00-04:00,23.280000686645508,23.459999084472656,23.200000762939453,23.280000686645508,48900,0.0,0.0
2021-10-07 00:00:00-04:00,23.479999542236328,23.860000610351562,22.979999542236328,23.770000457763672,69800,0.0,0.0
2021-10-08 00:00:00-04:00,23.850000381469727,23.850000381469727,23.420000076293945,23.459999084472656,46600,0.0,0.0
2021-10-11 00:00:00-04:00,23.420000076293945,23.489999771118164,23.170000076293945,23.239999771118164,27800,0.0,0.0
2021-10-12 00:00:00-04:00,23.280000686645508,23.34000015258789,22.899999618530273,22.920000076293945,56200,0.0,0.0
2021-10-13 00:00:00-04:00,22.8700008392334,23.25,22.459999084472656,22.639999389648438,42000,0.0,0.0
2021-10-14 00:00:00-04:00,22.940000534057617,23.079999923706055,22.829999923706055,22.969999313354492,73400,0.0,0.0
2021-10-15 00:00:00-04:00,23.389999389648438,23.389999389648438,22.90999984741211,22.950000762939453,58900,0.0,0.0
2021-10-18 00:00:00-04:00,22.790000915527344,23.030000686645508,22.709999084472656,22.950000762939453,26900,0.0,0.0
2021-10-19 00:00:00-04:00,23.010000228881836,23.219999313354492,22.950000762939453,23.139999389648438,39100,0.0,0.0
2021-10-20 00:00:00-04:00,23.079999923706055,23.170000076293945,22.739999771118164,22.989999771118164,59200,0.0,0.0
2021-10-21 00:00:00-04:00,22.979999542236328,23.079999923706055,22.899999618530273,23.030000686645508,34400,0.0,0.0
2021-10-22 00:00:00-04:00,23.190000534057617,23.200000762939453,22.889999389648438,22.989999771118164,59700,0.0,0.0
2021-10-25 00:00:00-04:00,22.959999084472656,23.260000228881836,22.670000076293945,23.139999389648438,64000,0.0,0.0
2021-10-26 00:00:00-04:00,23.270000457763672,23.299999237060547,22.920000076293945,22.979999542236328,60000,0.0,0.0
2021-10-27 00:00:00-04:00,22.90999984741211,23.25,22.90999984741211,23.09000015258789,44000,0.0,0.0
2021-10-28 00:00:00-04:00,23.25,23.719999313354492,22.969999313354492,23.079999923706055,150000,0.0,0.0
2021-10-29 00:00:00-04:00,23.09000015258789,23.579999923706055,23.059999465942383,23.530000686645508,164400,0.0,0.0
2021-11-01 00:00:00-04:00,23.6299991607666,23.790000915527344,23.530000686645508,23.6200008392334,154400,0.0,0.0
2021-11-02 00:00:00-04:00,23.690000534057617,23.760000228881836,23.43000030517578,23.639999389648438,81900,0.0,0.0
2021-11-03 00:00:00-04:00,23.709999084472656,24.1299991607666,23.3799991607666,23.889999389648438,190000,0.0,0.0
2021-11-04 00:00:00-04:00,24.079999923706055,24.850000381469727,23.899999618530273,24.780000686645508,190900,0.0,0.0
2021-11-05 00:00:00-04:00,24.989999771118164,25.3700008392334,24.81999969482422,25.299999237060547,125800,0.0,0.0
2021-11-08 00:00:00-05:00,25.31999969482422,25.440000534057617,25.1200008392334,25.219999313354492,66800,0.0,0.0
2021-11-09 00:00:00-05:00,25.479999542236328,25.5,25.1299991607666,25.260000228881836,179200,0.0,0.0
2021-11-10 00:00:00-05:00,29.979999542236328,33.33000183105469,29.610000610351562,31.850000381469727,747800,0.0,0.0
2021-11-11 00:00:00-05:00,31.979999542236328,33.52000045776367,31.84000015258789,32.90999984741211,469900,0.0,0.0
2021-11-12 00:00:00-05:00,32.52000045776367,33.779998779296875,32.0,33.060001373291016,380300,0.0,0.0
2021-11-15 00:00:00-05:00,33.25,33.400001525878906,32.459999084472656,32.81999969482422,261100,0.0,0.0
2021-11-16 00:00:00-05:00,32.86000061035156,33.29999923706055,32.63999938964844,33.25,226400,0.0,0.0
2021-11-17 00:00:00-05:00,33.34000015258789,33.400001525878906,33.040000915527344,33.20000076293945,104300,0.0,0.0
2021-11-18 00:00:00-05:00,33.58000183105469,33.58000183105469,32.400001525878906,32.58000183105469,106600,0.0,0.0
2021-11-19 00:00:00-05:00,32.619998931884766,33.02000045776367,31.850000381469727,32.81999969482422,109600,0.0,0.0
2021-11-22 00:00:00-05:00,32.9900016784668,33.189998626708984,31.860000610351562,31.8700008392334,95000,0.0,0.0
2021-11-23 00:00:00-05:00,31.799999237060547,32.209999084472656,30.68000030517578,30.979999542236328,138500,0.0,0.0
2021-11-24 00:00:00-05:00,30.719999313354492,31.15999984741211,30.34000015258789,31.049999237060547,77300,0.0,0.0
2021-11-26 00:00:00-05:00,30.530000686645508,30.68000030517578,29.760000228881836,30.239999771118164,87600,0.0,0.0
2021-11-29 00:00:00-05:00,29.809999465942383,30.700000762939453,29.809999465942383,29.8700008392334,113800,0.0,0.0
2021-11-30 00:00:00-05:00,29.8799991607666,30.489999771118164,29.139999389648438,29.93000030517578,174100,0.0,0.0
2021-12-01 00:00:00-05:00,29.899999618530273,30.780000686645508,29.670000076293945,30.360000610351562,151700,0.0,0.0
2021-12-02 00:00:00-05:00,30.09000015258789,30.440000534057617,29.729999542236328,30.190000534057617,88700,0.0,0.0
2021-12-03 00:00:00-05:00,30.5,30.56999969482422,29.360000610351562,29.459999084472656,117300,0.0,0.0
2021-12-06 00:00:00-05:00,29.850000381469727,29.940000534057617,28.520000457763672,29.65999984741211,98400,0.0,0.0
2021-12-07 00:00:00-05:00,30.06999969482422,30.809999465942383,29.959999084472656,30.690000534057617,111700,0.0,0.0
2021-12-08 00:00:00-05:00,30.6200008392334,31.75,30.549999237060547,31.670000076293945,72900,0.0,0.0
2021-12-09 00:00:00-05:00,31.440000534057617,31.969999313354492,31.15999984741211,31.18000030517578,73300,0.0,0.0
2021-12-10 00:00:00-05:00,31.510000228881836,31.809999465942383,30.510000228881836,30.850000381469727,43300,0.0,0.0
2021-12-13 00:00:00-05:00,30.809999465942383,31.149999618530273,29.770000457763672,29.950000762939453,91100,0.0,0.0
2021-12-14 00:00:00-05:00,29.790000915527344,30.040000915527344,29.030000686645508,29.520000457763672,83300,0.0,0.0
2021-12-15 00:00:00-05:00,29.690000534057617,30.459999084472656,29.040000915527344,30.40999984741211,130900,0.0,0.0
2021-12-16 00:00:00-05:00,30.290000915527344,30.56999969482422,28.760000228881836,28.829999923706055,138900,0.0,0.0
2021-12-17 00:00:00-05:00,28.739999771118164,29.8799991607666,28.059999465942383,29.200000762939453,309600,0.0,0.0
2021-12-20 00:00:00-05:00,28.799999237060547,29.670000076293945,28.670000076293945,29.1299991607666,132600,0.0,0.0
2021-12-21 00:00:00-05:00,29.65999984741211,30.520000457763672,29.43000030517578,30.5,71000,0.0,0.0
2021-12-22 00:00:00-05:00,30.479999542236328,31.399999618530273,30.479999542236328,30.920000076293945,52000,0.0,0.0
2021-12-23 00:00:00-05:00,30.889999389648438,31.350000381469727,30.889999389648438,31.329999923706055,56300,0.0,0.0
2021-12-27 00:00:00-05:00,31.3700008392334,32.650001525878906,31.3700008392334,32.540000915527344,59500,0.0,0.0
2021-12-28 00:00:00-05:00,32.720001220703125,33.0099983215332,32.529998779296875,32.529998779296875,79200,0.0,0.0
2021-12-29 00:00:00-05:00,32.459999084472656,32.470001220703125,31.780000686645508,32.2400016784668,58500,0.0,0.0
2021-12-30 00:00:00-05:00,32.380001068115234,32.529998779296875,32.029998779296875,32.029998779296875,71800,0.0,0.0
2021-12-31 00:00:00-05:00,32.060001373291016,32.380001068115234,31.75,31.790000915527344,76700,0.0,0.0
2022-01-03 00:00:00-05:00,31.989999771118164,32.209999084472656,31.270000457763672,32.11000061035156,68900,0.0,0.0
2022-01-04 00:00:00-05:00,32.11000061035156,32.79999923706055,31.260000228881836,31.649999618530273,80400,0.0,0.0
2022-01-05 00:00:00-05:00,31.719999313354492,31.719999313354492,29.959999084472656,30.049999237060547,62300,0.0,0.0
2022-01-06 00:00:00-05:00,30.0,30.34000015258789,29.399999618530273,29.860000610351562,45100,0.0,0.0
2022-01-07 00:00:00-05:00,29.739999771118164,29.739999771118164,28.1299991607666,28.219999313354492,64600,0.0,0.0
2022-01-10 00:00:00-05:00,28.06999969482422,28.190000534057617,27.260000228881836,28.15999984741211,68800,0.0,0.0
2022-01-11 00:00:00-05:00,28.06999969482422,28.6200008392334,27.520000457763672,28.510000228881836,73600,0.0,0.0
2022-01-12 00:00:00-05:00,28.739999771118164,29.09000015258789,27.75,27.969999313354492,64800,0.0,0.0
2022-01-13 00:00:00-05:00,28.219999313354492,28.5,26.979999542236328,27.06999969482422,43700,0.0,0.0
2022-01-14 00:00:00-05:00,26.979999542236328,28.229999542236328,26.979999542236328,28.110000610351562,96700,0.0,0.0
2022-01-18 00:00:00-05:00,27.709999084472656,28.389999389648438,26.719999313354492,27.15999984741211,176400,0.0,0.0
2022-01-19 00:00:00-05:00,27.530000686645508,27.959999084472656,26.3799991607666,26.809999465942383,95000,0.0,0.0
2022-01-20 00:00:00-05:00,27.040000915527344,27.790000915527344,26.290000915527344,26.31999969482422,79000,0.0,0.0
2022-01-21 00:00:00-05:00,26.139999389648438,27.790000915527344,25.829999923706055,25.920000076293945,370300,0.0,0.0
2022-01-24 00:00:00-05:00,25.540000915527344,27.100000381469727,24.729999542236328,27.030000686645508,158100,0.0,0.0
2022-01-25 00:00:00-05:00,26.459999084472656,26.809999465942383,25.450000762939453,26.360000610351562,236000,0.0,0.0
2022-01-26 00:00:00-05:00,26.920000076293945,27.270000457763672,25.799999237060547,26.700000762939453,285200,0.0,0.0
2022-01-27 00:00:00-05:00,26.90999984741211,27.020000457763672,26.229999542236328,26.34000015258789,239600,0.0,0.0
2022-01-28 00:00:00-05:00,26.389999389648438,27.93000030517578,25.940000534057617,27.93000030517578,152500,0.0,0.0
2022-01-31 00:00:00-05:00,27.889999389648438,29.729999542236328,27.540000915527344,29.729999542236328,171100,0.0,0.0
2022-02-01 00:00:00-05:00,29.84000015258789,29.920000076293945,29.290000915527344,29.729999542236328,169800,0.0,0.0
2022-02-02 00:00:00-05:00,30.06999969482422,30.06999969482422,29.15999984741211,29.510000228881836,218500,0.0,0.0
2022-02-03 00:00:00-05:00,29.100000381469727,29.530000686645508,28.690000534057617,28.93000030517578,113600,0.0,0.0
2022-02-04 00:00:00-05:00,28.84000015258789,29.110000610351562,28.420000076293945,28.860000610351562,166400,0.0,0.0
2022-02-07 00:00:00-05:00,28.84000015258789,29.260000228881836,28.43000030517578,29.09000015258789,112500,0.0,0.0
2022-02-08 00:00:00-05:00,28.979999542236328,30.389999389648438,28.979999542236328,30.3700008392334,140700,0.0,0.0
2022-02-09 00:00:00-05:00,31.170000076293945,31.170000076293945,30.450000762939453,30.850000381469727,137100,0.0,0.0
2022-02-10 00:00:00-05:00,30.18000030517578,30.6200008392334,29.40999984741211,29.559999465942383,135300,0.0,0.0
2022-02-11 00:00:00-05:00,29.479999542236328,30.299999237060547,28.420000076293945,28.670000076293945,167400,0.0,0.0
2022-02-14 00:00:00-05:00,28.760000228881836,29.780000686645508,28.760000228881836,29.469999313354492,235000,0.0,0.0
2022-02-15 00:00:00-05:00,30.040000915527344,30.489999771118164,29.780000686645508,30.469999313354492,178800,0.0,0.0
2022-02-16 00:00:00-05:00,30.479999542236328,30.770000457763672,29.59000015258789,29.75,494400,0.0,0.0
2022-02-17 00:00:00-05:00,29.510000228881836,30.0,29.15999984741211,29.260000228881836,285400,0.0,0.0
2022-02-18 00:00:00-05:00,28.15999984741211,29.0,25.90999984741211,25.940000534057617,244700,0.0,0.0
2022-02-22 00:00:00-05:00,25.719999313354492,26.190000534057617,25.18000030517578,25.540000915527344,158100,0.0,0.0
2022-02-23 00:00:00-05:00,25.8799991607666,26.040000915527344,24.530000686645508,24.579999923706055,116000,0.0,0.0
2022-02-24 00:00:00-05:00,24.190000534057617,26.239999771118164,23.729999542236328,26.18000030517578,152300,0.0,0.0
2022-02-25 00:00:00-05:00,26.299999237060547,27.059999465942383,25.790000915527344,26.90999984741211,144200,0.0,0.0
2022-02-28 00:00:00-05:00,26.700000762939453,27.549999237060547,26.690000534057617,27.360000610351562,204900,0.0,0.0
2022-03-01 00:00:00-05:00,27.170000076293945,27.68000030517578,26.739999771118164,27.030000686645508,152500,0.0,0.0
2022-03-02 00:00:00-05:00,27.0,27.700000762939453,27.0,27.700000762939453,87100,0.0,0.0
2022-03-03 00:00:00-05:00,27.709999084472656,27.709999084472656,26.649999618530273,26.889999389648438,110100,0.0,0.0
2022-03-04 00:00:00-05:00,26.479999542236328,26.489999771118164,25.979999542236328,26.459999084472656,86200,0.0,0.0
2022-03-07 00:00:00-05:00,26.670000076293945,26.729999542236328,26.09000015258789,26.149999618530273,165600,0.0,0.0
2022-03-08 00:00:00-05:00,26.239999771118164,27.520000457763672,25.3700008392334,26.989999771118164,187100,0.0,0.0
2022-03-09 00:00:00-05:00,27.469999313354492,27.969999313354492,27.350000381469727,27.65999984741211,87500,0.0,0.0
2022-03-10 00:00:00-05:00,27.149999618530273,27.239999771118164,26.290000915527344,27.059999465942383,84300,0.0,0.0
2022-03-11 00:00:00-05:00,27.3700008392334,27.389999389648438,26.489999771118164,26.690000534057617,93700,0.0,0.0
2022-03-14 00:00:00-04:00,26.59000015258789,26.770000457763672,25.6200008392334,25.860000610351562,153000,0.0,0.0
2022-03-15 00:00:00-04:00,25.780000686645508,25.850000381469727,25.200000762939453,25.6299991607666,102700,0.0,0.0
2022-03-16 00:00:00-04:00,26.0,26.68000030517578,25.43000030517578,26.639999389648438,123300,0.0,0.0
2022-03-17 00:00:00-04:00,26.450000762939453,27.350000381469727,26.450000762939453,27.139999389648438,71300,0.0,0.0
2022-03-18 00:00:00-04:00,27.09000015258789,28.440000534057617,26.829999923706055,28.229999542236328,225300,0.0,0.0
2022-03-21 00:00:00-04:00,28.31999969482422,28.700000762939453,27.299999237060547,27.670000076293945,56100,0.0,0.0
2022-03-22 00:00:00-04:00,27.610000610351562,28.139999389648438,27.530000686645508,28.09000015258789,68400,0.0,0.0
2022-03-23 00:00:00-04:00,27.790000915527344,28.110000610351562,27.18000030517578,27.260000228881836,49700,0.0,0.0
2022-03-24 00:00:00-04:00,27.290000915527344,27.950000762939453,27.100000381469727,27.889999389648438,51200,0.0,0.0
2022-03-25 00:00:00-04:00,27.93000030517578,28.09000015258789,27.280000686645508,27.540000915527344,46100,0.0,0.0
2022-03-28 00:00:00-04:00,27.530000686645508,28.059999465942383,27.479999542236328,28.0,82500,0.0,0.0
2022-03-29 00:00:00-04:00,28.15999984741211,29.059999465942383,28.15999984741211,28.93000030517578,129900,0.0,0.0
2022-03-30 00:00:00-04:00,28.510000228881836,29.0,28.299999237060547,28.450000762939453,225500,0.0,0.0
2022-03-31 00:00:00-04:00,28.450000762939453,28.639999389648438,27.84000015258789,27.8700008392334,75900,0.0,0.0
2022-04-01 00:00:00-04:00,27.829999923706055,28.110000610351562,27.100000381469727,27.18000030517578,94700,0.0,0.0
2022-04-04 00:00:00-04:00,27.649999618530273,27.649999618530273,26.90999984741211,27.260000228881836,66200,0.0,0.0
2022-04-05 00:00:00-04:00,27.25,27.25,25.969999313354492,26.020000457763672,76700,0.0,0.0
2022-04-06 00:00:00-04:00,25.56999969482422,26.020000457763672,25.049999237060547,25.360000610351562,94100,0.0,0.0
2022-04-07 00:00:00-04:00,25.389999389648438,25.700000762939453,25.0,25.229999542236328,96400,0.0,0.0
2022-04-08 00:00:00-04:00,25.18000030517578,25.18000030517578,23.1299991607666,23.18000030517578,157200,0.0,0.0
2022-04-11 00:00:00-04:00,23.100000381469727,23.40999984741211,22.139999389648438,22.549999237060547,307100,0.0,0.0
2022-04-12 00:00:00-04:00,23.030000686645508,23.920000076293945,23.030000686645508,23.229999542236328,962500,0.0,0.0
2022-04-13 00:00:00-04:00,23.239999771118164,24.75,23.239999771118164,24.3799991607666,144400,0.0,0.0
2022-04-14 00:00:00-04:00,24.510000228881836,24.510000228881836,23.299999237060547,23.399999618530273,111400,0.0,0.0
2022-04-18 00:00:00-04:00,23.420000076293945,23.950000762939453,23.09000015258789,23.469999313354492,105600,0.0,0.0
2022-04-19 00:00:00-04:00,23.40999984741211,24.020000457763672,23.190000534057617,23.860000610351562,65700,0.0,0.0
2022-04-20 00:00:00-04:00,23.899999618530273,24.389999389648438,23.6299991607666,23.770000457763672,67000,0.0,0.0
2022-04-21 00:00:00-04:00,23.959999084472656,23.959999084472656,23.079999923706055,23.149999618530273,76700,0.0,0.0
2022-04-22 00:00:00-04:00,23.079999923706055,23.959999084472656,22.780000686645508,22.809999465942383,53700,0.0,0.0
2022-04-25 00:00:00-04:00,22.709999084472656,23.260000228881836,22.649999618530273,23.260000228881836,68000,0.0,0.0
2022-04-26 00:00:00-04:00,22.950000762939453,22.950000762939453,22.309999465942383,22.360000610351562,77600,0.0,0.0
2022-04-27 00:00:00-04:00,22.350000381469727,22.979999542236328,22.350000381469727,22.65999984741211,110400,0.0,0.0
2022-04-28 00:00:00-04:00,23.1299991607666,23.709999084472656,22.59000015258789,23.579999923706055,62900,0.0,0.0
2022-04-29 00:00:00-04:00,23.40999984741211,23.989999771118164,23.149999618530273,23.25,125200,0.0,0.0
2022-05-02 00:00:00-04:00,23.079999923706055,24.1200008392334,22.889999389648438,24.010000228881836,134000,0.0,0.0
2022-05-03 00:00:00-04:00,24.010000228881836,24.56999969482422,23.84000015258789,24.420000076293945,109100,0.0,0.0
2022-05-04 00:00:00-04:00,24.389999389648438,25.209999084472656,24.229999542236328,25.190000534057617,125000,0.0,0.0
2022-05-05 00:00:00-04:00,24.670000076293945,25.0,23.829999923706055,24.06999969482422,110900,0.0,0.0
2022-05-06 00:00:00-04:00,23.739999771118164,24.219999313354492,22.850000381469727,23.59000015258789,94200,0.0,0.0
2022-05-09 00:00:00-04:00,23.1299991607666,24.1200008392334,22.75,23.059999465942383,136400,0.0,0.0
2022-05-10 00:00:00-04:00,23.489999771118164,24.020000457763672,22.969999313354492,23.75,182000,0.0,0.0
2022-05-11 00:00:00-04:00,23.979999542236328,24.030000686645508,22.850000381469727,22.979999542236328,353500,0.0,0.0
2022-05-12 00:00:00-04:00,22.649999618530273,23.700000762939453,22.43000030517578,22.889999389648438,186900,0.0,0.0
2022-05-13 00:00:00-04:00,23.399999618530273,24.709999084472656,23.31999969482422,23.959999084472656,141600,0.0,0.0
2022-05-16 00:00:00-04:00,23.649999618530273,24.360000610351562,23.420000076293945,24.329999923706055,121400,0.0,0.0
2022-05-17 00:00:00-04:00,24.290000915527344,25.100000381469727,24.020000457763672,24.700000762939453,170900,0.0,0.0
2022-05-18 00:00:00-04:00,24.209999084472656,24.889999389648438,22.93000030517578,23.290000915527344,159300,0.0,0.0
2022-05-19 00:00:00-04:00,23.18000030517578,23.799999237060547,23.110000610351562,23.329999923706055,112000,0.0,0.0
2022-05-20 00:00:00-04:00,23.5,23.649999618530273,22.399999618530273,23.219999313354492,114900,0.0,0.0
2022-05-23 00:00:00-04:00,23.329999923706055,23.540000915527344,22.860000610351562,22.979999542236328,76400,0.0,0.0
2022-05-24 00:00:00-04:00,22.700000762939453,22.780000686645508,22.229999542236328,22.399999618530273,65400,0.0,0.0
2022-05-25 00:00:00-04:00,22.360000610351562,22.8700008392334,22.219999313354492,22.690000534057617,80700,0.0,0.0
2022-05-26 00:00:00-04:00,22.59000015258789,23.530000686645508,22.59000015258789,23.389999389648438,73300,0.0,0.0
2022-05-27 00:00:00-04:00,23.709999084472656,24.299999237060547,23.709999084472656,24.25,71100,0.0,0.0
2022-05-31 00:00:00-04:00,24.280000686645508,24.479999542236328,23.600000381469727,23.899999618530273,178100,0.0,0.0
2022-06-01 00:00:00-04:00,24.079999923706055,24.290000915527344,23.610000610351562,23.93000030517578,112300,0.0,0.0
2022-06-02 00:00:00-04:00,23.739999771118164,24.540000915527344,23.739999771118164,24.469999313354492,70900,0.0,0.0
2022-06-03 00:00:00-04:00,23.989999771118164,24.25,23.700000762939453,24.020000457763672,62400,0.0,0.0
2022-06-06 00:00:00-04:00,24.25,24.420000076293945,23.799999237060547,24.079999923706055,62200,0.0,0.0
2022-06-07 00:00:00-04:00,23.850000381469727,24.139999389648438,23.579999923706055,24.020000457763672,50000,0.0,0.0
2022-06-08 00:00:00-04:00,23.760000228881836,23.920000076293945,23.420000076293945,23.610000610351562,79000,0.0,0.0
2022-06-09 00:00:00-04:00,23.3700008392334,23.649999618530273,23.200000762939453,23.200000762939453,64600,0.0,0.0
2022-06-10 00:00:00-04:00,22.829999923706055,23.030000686645508,22.3799991607666,22.3799991607666,78700,0.0,0.0
2022-06-13 00:00:00-04:00,21.6200008392334,22.079999923706055,20.719999313354492,20.799999237060547,104800,0.0,0.0
2022-06-14 00:00:00-04:00,20.8700008392334,20.899999618530273,20.09000015258789,20.399999618530273,90400,0.0,0.0
2022-06-15 00:00:00-04:00,20.829999923706055,20.889999389648438,20.149999618530273,20.6299991607666,98000,0.0,0.0
2022-06-16 00:00:00-04:00,20.18000030517578,20.18000030517578,19.610000610351562,19.690000534057617,130100,0.0,0.0
2022-06-17 00:00:00-04:00,19.719999313354492,20.799999237060547,19.34000015258789,19.600000381469727,297800,0.0,0.0
2022-06-21 00:00:00-04:00,19.920000076293945,20.139999389648438,19.43000030517578,19.829999923706055,138600,0.0,0.0
2022-06-22 00:00:00-04:00,19.579999923706055,19.920000076293945,19.399999618530273,19.530000686645508,100200,0.0,0.0
2022-06-23 00:00:00-04:00,19.649999618530273,19.829999923706055,19.3799991607666,19.479999542236328,108700,0.0,0.0
2022-06-24 00:00:00-04:00,19.56999969482422,21.239999771118164,19.530000686645508,20.989999771118164,928700,0.0,0.0
2022-06-27 00:00:00-04:00,21.34000015258789,22.1200008392334,20.81999969482422,22.0,152200,0.0,0.0
2022-06-28 00:00:00-04:00,21.899999618530273,22.360000610351562,21.780000686645508,21.8799991607666,201900,0.0,0.0
2022-06-29 00:00:00-04:00,21.90999984741211,21.90999984741211,20.520000457763672,20.6200008392334,114500,0.0,0.0
2022-06-30 00:00:00-04:00,20.31999969482422,21.510000228881836,20.25,21.510000228881836,203800,0.0,0.0
2022-07-01 00:00:00-04:00,21.31999969482422,21.5,20.559999465942383,20.75,155500,0.0,0.0
2022-07-05 00:00:00-04:00,20.43000030517578,20.84000015258789,20.15999984741211,20.780000686645508,147300,0.0,0.0
2022-07-06 00:00:00-04:00,20.790000915527344,21.440000534057617,20.170000076293945,20.350000381469727,79400,0.0,0.0
2022-07-07 00:00:00-04:00,20.59000015258789,21.809999465942383,20.59000015258789,21.780000686645508,113700,0.0,0.0
2022-07-08 00:00:00-04:00,21.6200008392334,22.200000762939453,21.489999771118164,21.90999984741211,119700,0.0,0.0
2022-07-11 00:00:00-04:00,21.549999237060547,21.790000915527344,21.31999969482422,21.760000228881836,142900,0.0,0.0
2022-07-12 00:00:00-04:00,21.93000030517578,22.239999771118164,21.93000030517578,22.209999084472656,174500,0.0,0.0
2022-07-13 00:00:00-04:00,21.8799991607666,21.940000534057617,21.260000228881836,21.600000381469727,102100,0.0,0.0
2022-07-14 00:00:00-04:00,21.459999084472656,21.829999923706055,20.81999969482422,21.709999084472656,83400,0.0,0.0
2022-07-15 00:00:00-04:00,22.260000228881836,22.700000762939453,21.610000610351562,22.639999389648438,391500,0.0,0.0
2022-07-18 00:00:00-04:00,22.959999084472656,23.170000076293945,21.850000381469727,21.969999313354492,145100,0.0,0.0
2022-07-19 00:00:00-04:00,22.350000381469727,23.5,22.350000381469727,23.219999313354492,152000,0.0,0.0
2022-07-20 00:00:00-04:00,23.25,24.209999084472656,23.25,23.899999618530273,271500,0.0,0.0
2022-07-21 00:00:00-04:00,24.010000228881836,25.209999084472656,23.770000457763672,25.170000076293945,206800,0.0,0.0
2022-07-22 00:00:00-04:00,24.969999313354492,25.3799991607666,23.8700008392334,25.299999237060547,243400,0.0,0.0
2022-07-25 00:00:00-04:00,24.979999542236328,25.229999542236328,24.6200008392334,25.139999389648438,96300,0.0,0.0
2022-07-26 00:00:00-04:00,25.139999389648438,26.020000457763672,24.8700008392334,25.68000030517578,121900,0.0,0.0
2022-07-27 00:00:00-04:00,25.799999237060547,26.8799991607666,25.690000534057617,26.579999923706055,167200,0.0,0.0
2022-07-28 00:00:00-04:00,26.5,26.979999542236328,26.239999771118164,26.799999237060547,152000,0.0,0.0
2022-07-29 00:00:00-04:00,26.790000915527344,27.100000381469727,26.3799991607666,26.979999542236328,118600,0.0,0.0
2022-08-01 00:00:00-04:00,26.90999984741211,27.170000076293945,26.790000915527344,27.079999923706055,96800,0.0,0.0
2022-08-02 00:00:00-04:00,26.950000762939453,27.280000686645508,26.889999389648438,26.93000030517578,77300,0.0,0.0
2022-08-03 00:00:00-04:00,27.030000686645508,27.719999313354492,26.850000381469727,27.690000534057617,224400,0.0,0.0
2022-08-04 00:00:00-04:00,27.670000076293945,28.020000457763672,27.450000762939453,28.0,89400,0.0,0.0
2022-08-05 00:00:00-04:00,27.56999969482422,27.959999084472656,27.43000030517578,27.670000076293945,78500,0.0,0.0
2022-08-08 00:00:00-04:00,27.790000915527344,28.139999389648438,26.709999084472656,26.959999084472656,99600,0.0,0.0
2022-08-09 00:00:00-04:00,26.719999313354492,27.239999771118164,25.93000030517578,26.239999771118164,129300,0.0,0.0
2022-08-10 00:00:00-04:00,27.09000015258789,27.31999969482422,26.559999465942383,27.209999084472656,185000,0.0,0.0
2022-08-11 00:00:00-04:00,27.56999969482422,28.989999771118164,26.940000534057617,27.3799991607666,115700,0.0,0.0
2022-08-12 00:00:00-04:00,27.6200008392334,30.309999465942383,27.6200008392334,28.3799991607666,232000,0.0,0.0
2022-08-15 00:00:00-04:00,28.1200008392334,29.170000076293945,28.0,29.110000610351562,155100,0.0,0.0
2022-08-16 00:00:00-04:00,28.450000762939453,28.780000686645508,27.18000030517578,27.6299991607666,243500,0.0,0.0
2022-08-17 00:00:00-04:00,27.0,27.6299991607666,26.799999237060547,27.260000228881836,98700,0.0,0.0
2022-08-18 00:00:00-04:00,27.020000457763672,27.729999542236328,27.020000457763672,27.540000915527344,104900,0.0,0.0
2022-08-19 00:00:00-04:00,27.139999389648438,27.15999984741211,26.790000915527344,27.040000915527344,57200,0.0,0.0
2022-08-22 00:00:00-04:00,26.709999084472656,26.81999969482422,26.459999084472656,26.75,110800,0.0,0.0
2022-08-23 00:00:00-04:00,26.649999618530273,27.149999618530273,26.520000457763672,26.760000228881836,53300,0.0,0.0
2022-08-24 00:00:00-04:00,26.93000030517578,27.190000534057617,26.600000381469727,27.040000915527344,83600,0.0,0.0
2022-08-25 00:00:00-04:00,27.219999313354492,28.15999984741211,27.219999313354492,28.1299991607666,94700,0.0,0.0
2022-08-26 00:00:00-04:00,27.899999618530273,28.200000762939453,27.079999923706055,27.079999923706055,80300,0.0,0.0
2022-08-29 00:00:00-04:00,27.059999465942383,27.309999465942383,26.729999542236328,26.780000686645508,69100,0.0,0.0
2022-08-30 00:00:00-04:00,26.540000915527344,26.950000762939453,25.040000915527344,26.270000457763672,82800,0.0,0.0
2022-08-31 00:00:00-04:00,26.559999465942383,26.780000686645508,25.889999389648438,26.3799991607666,220200,0.0,0.0
2022-09-01 00:00:00-04:00,25.8700008392334,25.8700008392334,24.8700008392334,25.309999465942383,85300,0.0,0.0
2022-09-02 00:00:00-04:00,25.360000610351562,25.610000610351562,24.850000381469727,25.0,69500,0.0,0.0
2022-09-06 00:00:00-04:00,25.0,25.0,24.229999542236328,24.780000686645508,134200,0.0,0.0
2022-09-07 00:00:00-04:00,24.969999313354492,25.969999313354492,24.780000686645508,25.75,151300,0.0,0.0
2022-09-08 00:00:00-04:00,25.469999313354492,26.010000228881836,24.709999084472656,25.860000610351562,58800,0.0,0.0
2022-09-09 00:00:00-04:00,25.899999618530273,26.469999313354492,25.809999465942383,26.290000915527344,77400,0.0,0.0
2022-09-12 00:00:00-04:00,26.290000915527344,26.450000762939453,26.020000457763672,26.420000076293945,90600,0.0,0.0
2022-09-13 00:00:00-04:00,25.610000610351562,26.170000076293945,25.170000076293945,25.219999313354492,119000,0.0,0.0
2022-09-14 00:00:00-04:00,25.25,25.520000457763672,24.940000534057617,25.25,70900,0.0,0.0
2022-09-15 00:00:00-04:00,25.09000015258789,25.190000534057617,24.59000015258789,24.959999084472656,85300,0.0,0.0
2022-09-16 00:00:00-04:00,24.579999923706055,25.479999542236328,24.299999237060547,25.360000610351562,265500,0.0,0.0
2022-09-19 00:00:00-04:00,25.059999465942383,25.309999465942383,24.479999542236328,25.200000762939453,82900,0.0,0.0
2022-09-20 00:00:00-04:00,25.020000457763672,25.239999771118164,24.489999771118164,24.700000762939453,81400,0.0,0.0
2022-09-21 00:00:00-04:00,24.899999618530273,25.389999389648438,24.5,24.799999237060547,83600,0.0,0.0
2022-09-22 00:00:00-04:00,24.760000228881836,24.760000228881836,23.75,24.06999969482422,74900,0.0,0.0
2022-09-23 00:00:00-04:00,23.81999969482422,23.81999969482422,23.25,23.5,190600,0.0,0.0
2022-09-26 00:00:00-04:00,23.360000610351562,23.850000381469727,23.219999313354492,23.299999237060547,89500,0.0,0.0
2022-09-27 00:00:00-04:00,23.670000076293945,24.1299991607666,23.459999084472656,23.989999771118164,85900,0.0,0.0
2022-09-28 00:00:00-04:00,23.989999771118164,24.760000228881836,23.700000762939453,24.6200008392334,157400,0.0,0.0
2022-09-29 00:00:00-04:00,24.229999542236328,25.049999237060547,23.719999313354492,24.84000015258789,180500,0.0,0.0
2022-09-30 00:00:00-04:00,24.549999237060547,25.5,24.450000762939453,24.530000686645508,226100,0.0,0.0
2022-10-03 00:00:00-04:00,24.56999969482422,25.690000534057617,24.56999969482422,25.3700008392334,129800,0.0,0.0
2022-10-04 00:00:00-04:00,26.059999465942383,26.34000015258789,25.950000762939453,26.170000076293945,94500,0.0,0.0
2022-10-05 00:00:00-04:00,25.8799991607666,26.3799991607666,25.790000915527344,26.219999313354492,79600,0.0,0.0
2022-10-06 00:00:00-04:00,26.209999084472656,26.700000762939453,26.209999084472656,26.440000534057617,81000,0.0,0.0
2022-10-07 00:00:00-04:00,25.8799991607666,26.260000228881836,24.6299991607666,24.850000381469727,89500,0.0,0.0
2022-10-10 00:00:00-04:00,24.68000030517578,24.799999237060547,23.809999465942383,24.06999969482422,87700,0.0,0.0
2022-10-11 00:00:00-04:00,23.920000076293945,24.0,23.170000076293945,23.489999771118164,193500,0.0,0.0
2022-10-12 00:00:00-04:00,23.56999969482422,23.56999969482422,22.479999542236328,22.520000457763672,92200,0.0,0.0
2022-10-13 00:00:00-04:00,21.90999984741211,22.770000457763672,21.459999084472656,22.6299991607666,170000,0.0,0.0
2022-10-14 00:00:00-04:00,22.90999984741211,23.149999618530273,21.360000610351562,21.440000534057617,117400,0.0,0.0
2022-10-17 00:00:00-04:00,21.850000381469727,22.420000076293945,21.469999313354492,22.229999542236328,121700,0.0,0.0
2022-10-18 00:00:00-04:00,22.670000076293945,22.90999984741211,21.59000015258789,21.969999313354492,125900,0.0,0.0
2022-10-19 00:00:00-04:00,21.700000762939453,22.059999465942383,21.5,21.780000686645508,127200,0.0,0.0
2022-10-20 00:00:00-04:00,21.760000228881836,22.709999084472656,21.420000076293945,22.25,113400,0.0,0.0
2022-10-21 00:00:00-04:00,22.450000762939453,23.309999465942383,22.280000686645508,23.100000381469727,169000,0.0,0.0
2022-10-24 00:00:00-04:00,23.1299991607666,23.260000228881836,22.56999969482422,22.959999084472656,82300,0.0,0.0
2022-10-25 00:00:00-04:00,23.059999465942383,23.90999984741211,23.059999465942383,23.530000686645508,104800,0.0,0.0
2022-10-26 00:00:00-04:00,23.40999984741211,24.010000228881836,23.389999389648438,23.40999984741211,75700,0.0,0.0
2022-10-27 00:00:00-04:00,23.469999313354492,23.6299991607666,22.93000030517578,23.010000228881836,73800,0.0,0.0
2022-10-28 00:00:00-04:00,23.209999084472656,24.18000030517578,23.209999084472656,23.989999771118164,80600,0.0,0.0
2022-10-31 00:00:00-04:00,23.729999542236328,23.899999618530273,23.510000228881836,23.579999923706055,142900,0.0,0.0
2022-11-01 00:00:00-04:00,23.81999969482422,24.329999923706055,23.649999618530273,24.219999313354492,93500,0.0,0.0
2022-11-02 00:00:00-04:00,24.25,24.3799991607666,23.09000015258789,23.139999389648438,88400,0.0,0.0
2022-11-03 00:00:00-04:00,22.709999084472656,23.459999084472656,22.34000015258789,22.84000015258789,60900,0.0,0.0
2022-11-04 00:00:00-04:00,23.260000228881836,23.469999313354492,22.700000762939453,23.43000030517578,96300,0.0,0.0
2022-11-07 00:00:00-05:00,23.610000610351562,23.790000915527344,23.06999969482422,23.649999618530273,93600,0.0,0.0
2022-11-08 00:00:00-05:00,23.940000534057617,23.940000534057617,23.229999542236328,23.559999465942383,129800,0.0,0.0
2022-11-09 00:00:00-05:00,23.399999618530273,23.5,22.850000381469727,23.260000228881836,89800,0.0,0.0
2022-11-10 00:00:00-05:00,24.479999542236328,25.09000015258789,23.969999313354492,25.09000015258789,201000,0.0,0.0
2022-11-11 00:00:00-05:00,26.739999771118164,31.1299991607666,26.59000015258789,29.790000915527344,509700,0.0,0.0
2022-11-14 00:00:00-05:00,29.59000015258789,30.65999984741211,28.81999969482422,29.760000228881836,171300,0.0,0.0
2022-11-15 00:00:00-05:00,29.81999969482422,30.149999618530273,29.059999465942383,29.950000762939453,277200,0.0,0.0
2022-11-16 00:00:00-05:00,29.31999969482422,30.420000076293945,29.110000610351562,30.170000076293945,183500,0.0,0.0
2022-11-17 00:00:00-05:00,29.639999389648438,30.690000534057617,29.31999969482422,30.479999542236328,141200,0.0,0.0
2022-11-18 00:00:00-05:00,30.950000762939453,30.989999771118164,29.469999313354492,29.6299991607666,93600,0.0,0.0
2022-11-21 00:00:00-05:00,29.510000228881836,29.920000076293945,29.25,29.799999237060547,102200,0.0,0.0
2022-11-22 00:00:00-05:00,29.84000015258789,30.149999618530273,29.209999084472656,30.030000686645508,95000,0.0,0.0
2022-11-23 00:00:00-05:00,29.90999984741211,30.479999542236328,29.65999984741211,30.399999618530273,115900,0.0,0.0
2022-11-25 00:00:00-05:00,30.139999389648438,30.559999465942383,29.920000076293945,30.239999771118164,38700,0.0,0.0
2022-11-28 00:00:00-05:00,30.139999389648438,30.389999389648438,29.799999237060547,30.030000686645508,103500,0.0,0.0
2022-11-29 00:00:00-05:00,30.18000030517578,30.290000915527344,29.850000381469727,30.170000076293945,79100,0.0,0.0
2022-11-30 00:00:00-05:00,30.100000381469727,31.3700008392334,29.850000381469727,31.3700008392334,266900,0.0,0.0
2022-12-01 00:00:00-05:00,31.329999923706055,32.560001373291016,31.25,31.799999237060547,216600,0.0,0.0
2022-12-02 00:00:00-05:00,31.18000030517578,31.899999618530273,30.850000381469727,31.610000610351562,80700,0.0,0.0
2022-12-05 00:00:00-05:00,31.34000015258789,31.6299991607666,30.979999542236328,31.530000686645508,123400,0.0,0.0
2022-12-06 00:00:00-05:00,31.600000381469727,31.979999542236328,30.229999542236328,30.639999389648438,73900,0.0,0.0
2022-12-07 00:00:00-05:00,30.459999084472656,30.950000762939453,30.030000686645508,30.06999969482422,65100,0.0,0.0
2022-12-08 00:00:00-05:00,30.270000457763672,30.959999084472656,30.059999465942383,30.469999313354492,102400,0.0,0.0
2022-12-09 00:00:00-05:00,30.420000076293945,30.420000076293945,29.770000457763672,29.93000030517578,73300,0.0,0.0
2022-12-12 00:00:00-05:00,29.920000076293945,30.360000610351562,29.670000076293945,30.1299991607666,139400,0.0,0.0
2022-12-13 00:00:00-05:00,31.030000686645508,31.790000915527344,30.559999465942383,30.979999542236328,158100,0.0,0.0
2022-12-14 00:00:00-05:00,30.8700008392334,31.479999542236328,30.309999465942383,30.729999542236328,113600,0.0,0.0
2022-12-15 00:00:00-05:00,30.100000381469727,30.100000381469727,28.5,29.350000381469727,83800,0.0,0.0
2022-12-16 00:00:00-05:00,29.149999618530273,29.489999771118164,28.770000457763672,28.8700008392334,528500,0.0,0.0
2022-12-19 00:00:00-05:00,29.010000228881836,29.6299991607666,28.530000686645508,29.520000457763672,99400,0.0,0.0
2022-12-20 00:00:00-05:00,29.3799991607666,30.309999465942383,29.049999237060547,29.75,72100,0.0,0.0
2022-12-21 00:00:00-05:00,29.989999771118164,30.209999084472656,29.5,29.829999923706055,93000,0.0,0.0
2022-12-22 00:00:00-05:00,29.469999313354492,29.469999313354492,28.260000228881836,28.829999923706055,63300,0.0,0.0
2022-12-23 00:00:00-05:00,28.739999771118164,29.1200008392334,28.34000015258789,28.549999237060547,55800,0.0,0.0
2022-12-27 00:00:00-05:00,28.549999237060547,28.610000610351562,28.040000915527344,28.149999618530273,45100,0.0,0.0
2022-12-28 00:00:00-05:00,28.0,28.06999969482422,27.510000228881836,27.719999313354492,56400,0.0,0.0
2022-12-29 00:00:00-05:00,27.940000534057617,28.610000610351562,27.93000030517578,28.3700008392334,84700,0.0,0.0
2022-12-30 00:00:00-05:00,28.020000457763672,28.8700008392334,27.950000762939453,28.520000457763672,79600,0.0,0.0
2023-01-03 00:00:00-05:00,29.0,29.020000457763672,27.6200008392334,27.8799991607666,64900,0.0,0.0
2023-01-04 00:00:00-05:00,28.1200008392334,28.1200008392334,27.389999389648438,27.649999618530273,76000,0.0,0.0
2023-01-05 00:00:00-05:00,27.559999465942383,28.06999969482422,27.229999542236328,27.440000534057617,64500,0.0,0.0
2023-01-06 00:00:00-05:00,27.670000076293945,28.760000228881836,27.510000228881836,28.68000030517578,73800,0.0,0.0
2023-01-09 00:00:00-05:00,29.010000228881836,29.610000610351562,28.5,29.239999771118164,60900,0.0,0.0
2023-01-10 00:00:00-05:00,29.3799991607666,30.239999771118164,29.309999465942383,29.860000610351562,99200,0.0,0.0
2023-01-11 00:00:00-05:00,30.15999984741211,30.329999923706055,29.59000015258789,30.059999465942383,77300,0.0,0.0
2023-01-12 00:00:00-05:00,30.190000534057617,30.3700008392334,29.31999969482422,30.31999969482422,82100,0.0,0.0
2023-01-13 00:00:00-05:00,30.200000762939453,30.59000015258789,30.100000381469727,30.59000015258789,75000,0.0,0.0
2023-01-17 00:00:00-05:00,30.639999389648438,30.799999237060547,30.450000762939453,30.5,42500,0.0,0.0
2023-01-18 00:00:00-05:00,30.690000534057617,30.969999313354492,30.0,30.18000030517578,126700,0.0,0.0
2023-01-19 00:00:00-05:00,30.06999969482422,30.309999465942383,29.940000534057617,30.020000457763672,79300,0.0,0.0
2023-01-20 00:00:00-05:00,30.440000534057617,31.579999923706055,30.270000457763672,31.25,235700,0.0,0.0
2023-01-23 00:00:00-05:00,31.34000015258789,31.770000457763672,30.56999969482422,31.049999237060547,80500,0.0,0.0
2023-01-24 00:00:00-05:00,30.850000381469727,31.760000228881836,30.760000228881836,31.719999313354492,98000,0.0,0.0
2023-01-25 00:00:00-05:00,31.299999237060547,32.4900016784668,31.0,32.43000030517578,76100,0.0,0.0
2023-01-26 00:00:00-05:00,32.630001068115234,32.70000076293945,31.690000534057617,32.45000076293945,93800,0.0,0.0
2023-01-27 00:00:00-05:00,32.040000915527344,32.599998474121094,31.600000381469727,31.84000015258789,59700,0.0,0.0
2023-01-30 00:00:00-05:00,31.469999313354492,31.920000076293945,31.399999618530273,31.59000015258789,68400,0.0,0.0
2023-01-31 00:00:00-05:00,31.760000228881836,32.45000076293945,31.719999313354492,31.780000686645508,152500,0.0,0.0
2023-02-01 00:00:00-05:00,32.02000045776367,32.88999938964844,31.770000457763672,32.650001525878906,165100,0.0,0.0
2023-02-02 00:00:00-05:00,33.06999969482422,33.619998931884766,32.5,32.849998474121094,109100,0.0,0.0
2023-02-03 00:00:00-05:00,32.189998626708984,32.869998931884766,32.189998626708984,32.310001373291016,119700,0.0,0.0
2023-02-06 00:00:00-05:00,32.06999969482422,33.290000915527344,32.0,33.029998779296875,114800,0.0,0.0
2023-02-07 00:00:00-05:00,33.119998931884766,33.83000183105469,32.97999954223633,33.720001220703125,165300,0.0,0.0
2023-02-08 00:00:00-05:00,33.619998931884766,34.189998626708984,33.619998931884766,34.0,138400,0.0,0.0
2023-02-09 00:00:00-05:00,34.619998931884766,35.0,33.7599983215332,34.02000045776367,238500,0.0,0.0
2023-02-10 00:00:00-05:00,33.70000076293945,33.709999084472656,32.560001373291016,32.97999954223633,71800,0.0,0.0
2023-02-13 00:00:00-05:00,33.08000183105469,33.529998779296875,32.25,33.2599983215332,81500,0.0,0.0
2023-02-14 00:00:00-05:00,33.209999084472656,33.599998474121094,32.93000030517578,33.290000915527344,113700,0.0,0.0
2023-02-15 00:00:00-05:00,32.93000030517578,33.849998474121094,32.900001525878906,33.650001525878906,100900,0.0,0.0
2023-02-16 00:00:00-05:00,33.08000183105469,34.439998626708984,33.08000183105469,34.02000045776367,234700,0.0,0.0
2023-02-17 00:00:00-05:00,37.209999084472656,37.65999984741211,34.20000076293945,37.380001068115234,606900,0.0,0.0
2023-02-21 00:00:00-05:00,37.31999969482422,37.59000015258789,36.70000076293945,37.400001525878906,235400,0.0,0.0
2023-02-22 00:00:00-05:00,36.869998931884766,37.04999923706055,36.11000061035156,36.4900016784668,341200,0.0,0.0
2023-02-23 00:00:00-05:00,36.97999954223633,37.400001525878906,36.02000045776367,36.93000030517578,156000,0.0,0.0
2023-02-24 00:00:00-05:00,36.560001373291016,37.189998626708984,36.29999923706055,37.13999938964844,181100,0.0,0.0
2023-02-27 00:00:00-05:00,37.869998931884766,37.869998931884766,36.86000061035156,37.099998474121094,128100,0.0,0.0
2023-02-28 00:00:00-05:00,37.029998779296875,37.65999984741211,36.939998626708984,37.439998626708984,495000,0.0,0.0
2023-03-01 00:00:00-05:00,37.439998626708984,38.0,37.16999816894531,37.220001220703125,154300,0.0,0.0
2023-03-02 00:00:00-05:00,36.689998626708984,37.470001220703125,36.380001068115234,37.470001220703125,132100,0.0,0.0
2023-03-03 00:00:00-05:00,37.439998626708984,38.38999938964844,37.2599983215332,38.380001068115234,222000,0.0,0.0
2023-03-06 00:00:00-05:00,38.40999984741211,38.65999984741211,37.720001220703125,38.08000183105469,221700,0.0,0.0
2023-03-07 00:00:00-05:00,38.15999984741211,38.400001525878906,37.9900016784668,38.34000015258789,188000,0.0,0.0
2023-03-08 00:00:00-05:00,38.45000076293945,38.88999938964844,38.290000915527344,38.869998931884766,186700,0.0,0.0
2023-03-09 00:00:00-05:00,38.68000030517578,39.0099983215332,37.72999954223633,37.7599983215332,159500,0.0,0.0
2023-03-10 00:00:00-05:00,37.849998474121094,37.880001068115234,36.75,37.08000183105469,144600,0.0,0.0
2023-03-13 00:00:00-04:00,36.63999938964844,37.279998779296875,36.25,36.650001525878906,100900,0.0,0.0
2023-03-14 00:00:00-04:00,37.15999984741211,38.38999938964844,37.15999984741211,38.369998931884766,384500,0.0,0.0
2023-03-15 00:00:00-04:00,37.810001373291016,38.18000030517578,36.47999954223633,37.939998626708984,222300,0.0,0.0
2023-03-16 00:00:00-04:00,37.939998626708984,39.45000076293945,36.959999084472656,39.439998626708984,457400,0.0,0.0
2023-03-17 00:00:00-04:00,39.380001068115234,39.720001220703125,39.029998779296875,39.209999084472656,504800,0.0,0.0
2023-03-20 00:00:00-04:00,39.25,40.15999984741211,38.91999816894531,40.119998931884766,217900,0.0,0.0
2023-03-21 00:00:00-04:00,40.59000015258789,41.150001525878906,39.72999954223633,40.599998474121094,279600,0.0,0.0
2023-03-22 00:00:00-04:00,40.56999969482422,40.7400016784668,39.779998779296875,39.790000915527344,181800,0.0,0.0
2023-03-23 00:00:00-04:00,40.27000045776367,42.08000183105469,40.2599983215332,41.22999954223633,224600,0.0,0.0
2023-03-24 00:00:00-04:00,40.869998931884766,41.52000045776367,40.599998474121094,41.47999954223633,207000,0.0,0.0
2023-03-27 00:00:00-04:00,41.720001220703125,42.20000076293945,41.16999816894531,41.630001068115234,177100,0.0,0.0
2023-03-28 00:00:00-04:00,41.47999954223633,42.09000015258789,40.33000183105469,40.90999984741211,76000,0.0,0.0
2023-03-29 00:00:00-04:00,41.31999969482422,41.91999816894531,40.79999923706055,41.70000076293945,117600,0.0,0.0
2023-03-30 00:00:00-04:00,42.04999923706055,42.15999984741211,41.560001373291016,41.72999954223633,78000,0.0,0.0
2023-03-31 00:00:00-04:00,41.68000030517578,42.5,41.650001525878906,42.400001525878906,380300,0.0,0.0
2023-04-03 00:00:00-04:00,42.11000061035156,42.939998626708984,41.81999969482422,42.900001525878906,197000,0.0,0.0
2023-04-04 00:00:00-04:00,43.25,43.25,42.220001220703125,42.41999816894531,184400,0.0,0.0
2023-04-05 00:00:00-04:00,42.20000076293945,42.4900016784668,41.72999954223633,42.27000045776367,207700,0.0,0.0
2023-04-06 00:00:00-04:00,42.130001068115234,42.130001068115234,41.150001525878906,41.22999954223633,179700,0.0,0.0
2023-04-10 00:00:00-04:00,41.040000915527344,42.56999969482422,40.560001373291016,42.56999969482422,436400,0.0,0.0
2023-04-11 00:00:00-04:00,42.54999923706055,42.93000030517578,41.08000183105469,41.11000061035156,162900,0.0,0.0
2023-04-12 00:00:00-04:00,41.54999923706055,41.90999984741211,40.90999984741211,41.16999816894531,125800,0.0,0.0
2023-04-13 00:00:00-04:00,41.279998779296875,41.4900016784668,40.58000183105469,41.22999954223633,97200,0.0,0.0
2023-04-14 00:00:00-04:00,41.209999084472656,41.86000061035156,41.060001373291016,41.279998779296875,82500,0.0,0.0
2023-04-17 00:00:00-04:00,41.15999984741211,41.47999954223633,40.25,40.79999923706055,68700,0.0,0.0
2023-04-18 00:00:00-04:00,41.0099983215332,41.52000045776367,40.41999816894531,40.810001373291016,111200,0.0,0.0
2023-04-19 00:00:00-04:00,40.599998474121094,40.599998474121094,39.630001068115234,39.720001220703125,190700,0.0,0.0
2023-04-20 00:00:00-04:00,39.310001373291016,40.56999969482422,39.060001373291016,40.0099983215332,139800,0.0,0.0
2023-04-21 00:00:00-04:00,39.939998626708984,40.40999984741211,39.7400016784668,40.09000015258789,82700,0.0,0.0
2023-04-24 00:00:00-04:00,39.970001220703125,40.349998474121094,39.279998779296875,39.380001068115234,78300,0.0,0.0
2023-04-25 00:00:00-04:00,39.060001373291016,39.220001220703125,37.529998779296875,37.56999969482422,127100,0.0,0.0
2023-04-26 00:00:00-04:00,37.68000030517578,38.2599983215332,37.16999816894531,37.849998474121094,120700,0.0,0.0
2023-04-27 00:00:00-04:00,37.790000915527344,37.790000915527344,36.380001068115234,36.45000076293945,202700,0.0,0.0
2023-04-28 00:00:00-04:00,36.38999938964844,36.79999923706055,35.91999816894531,36.04999923706055,135000,0.0,0.0
2023-05-01 00:00:00-04:00,36.04999923706055,36.66999816894531,36.04999923706055,36.279998779296875,68500,0.0,0.0
2023-05-02 00:00:00-04:00,36.380001068115234,36.779998779296875,35.88999938964844,36.41999816894531,105300,0.0,0.0
2023-05-03 00:00:00-04:00,36.27000045776367,36.9900016784668,36.2400016784668,36.599998474121094,173300,0.0,0.0
2023-05-04 00:00:00-04:00,36.349998474121094,37.18000030517578,36.16999816894531,36.959999084472656,153800,0.0,0.0
2023-05-05 00:00:00-04:00,37.27000045776367,38.849998474121094,37.22999954223633,38.709999084472656,157600,0.0,0.0
2023-05-08 00:00:00-04:00,38.470001220703125,38.9900016784668,37.84000015258789,38.779998779296875,100800,0.0,0.0
2023-05-09 00:00:00-04:00,38.33000183105469,38.79999923706055,37.790000915527344,37.97999954223633,168200,0.0,0.0
2023-05-10 00:00:00-04:00,38.599998474121094,39.83000183105469,33.66999816894531,33.720001220703125,432300,0.0,0.0
2023-05-11 00:00:00-04:00,33.58000183105469,35.599998474121094,32.25,35.59000015258789,463500,0.0,0.0
2023-05-12 00:00:00-04:00,35.25,36.41999816894531,34.75,35.79999923706055,229500,0.0,0.0
2023-05-15 00:00:00-04:00,35.77000045776367,36.099998474121094,35.369998931884766,35.400001525878906,242900,0.0,0.0
2023-05-16 00:00:00-04:00,35.0099983215332,37.060001373291016,34.91999816894531,37.060001373291016,172800,0.0,0.0
2023-05-17 00:00:00-04:00,37.209999084472656,39.0,36.77000045776367,38.900001525878906,261200,0.0,0.0
2023-05-18 00:00:00-04:00,38.95000076293945,40.02000045776367,38.88999938964844,39.029998779296875,152700,0.0,0.0
2023-05-19 00:00:00-04:00,39.36000061035156,39.72999954223633,38.77000045776367,39.689998626708984,129600,0.0,0.0
2023-05-22 00:00:00-04:00,39.439998626708984,40.15999984741211,39.16999816894531,39.63999938964844,139500,0.0,0.0
2023-05-23 00:00:00-04:00,39.40999984741211,39.900001525878906,38.79999923706055,39.279998779296875,140300,0.0,0.0
2023-05-24 00:00:00-04:00,38.7599983215332,39.189998626708984,37.86000061035156,38.45000076293945,164000,0.0,0.0
2023-05-25 00:00:00-04:00,39.13999938964844,40.83000183105469,39.029998779296875,40.619998931884766,220700,0.0,0.0
2023-05-26 00:00:00-04:00,40.900001525878906,42.689998626708984,40.900001525878906,42.529998779296875,197800,0.0,0.0
2023-05-30 00:00:00-04:00,43.0,43.33000183105469,41.95000076293945,42.189998626708984,143200,0.0,0.0
2023-05-31 00:00:00-04:00,41.720001220703125,42.540000915527344,41.400001525878906,42.25,673300,0.0,0.0
2023-06-01 00:00:00-04:00,42.279998779296875,43.0,41.7400016784668,42.880001068115234,162900,0.0,0.0
2023-06-02 00:00:00-04:00,42.959999084472656,43.25,41.58000183105469,42.849998474121094,149000,0.0,0.0
2023-06-05 00:00:00-04:00,42.290000915527344,42.33000183105469,41.459999084472656,42.130001068115234,223600,0.0,0.0
2023-06-06 00:00:00-04:00,41.88999938964844,43.369998931884766,41.77000045776367,42.83000183105469,236900,0.0,0.0
2023-06-07 00:00:00-04:00,43.0,44.369998931884766,42.70000076293945,43.060001373291016,183700,0.0,0.0
2023-06-08 00:00:00-04:00,43.209999084472656,43.95000076293945,42.900001525878906,43.869998931884766,162000,0.0,0.0
2023-06-09 00:00:00-04:00,44.290000915527344,44.290000915527344,43.63999938964844,43.97999954223633,107600,0.0,0.0
2023-06-12 00:00:00-04:00,44.33000183105469,44.79999923706055,43.779998779296875,44.709999084472656,124200,0.0,0.0
2023-06-13 00:00:00-04:00,45.0,45.459999084472656,44.5099983215332,44.84000015258789,184200,0.0,0.0
2023-06-14 00:00:00-04:00,44.5,44.900001525878906,44.189998626708984,44.849998474121094,101300,0.0,0.0
2023-06-15 00:00:00-04:00,44.529998779296875,44.810001373291016,43.939998626708984,44.41999816894531,102900,0.0,0.0
2023-06-16 00:00:00-04:00,44.90999984741211,45.11000061035156,43.65999984741211,43.810001373291016,343000,0.0,0.0
2023-06-20 00:00:00-04:00,43.83000183105469,44.779998779296875,43.209999084472656,44.7599983215332,106800,0.0,0.0
2023-06-21 00:00:00-04:00,44.619998931884766,45.02000045776367,44.279998779296875,44.70000076293945,103400,0.0,0.0
2023-06-22 00:00:00-04:00,44.650001525878906,45.33000183105469,44.470001220703125,45.040000915527344,129200,0.0,0.0
2023-06-23 00:00:00-04:00,44.470001220703125,45.65999984741211,43.279998779296875,43.630001068115234,394800,0.0,0.0
2023-06-26 00:00:00-04:00,43.66999816894531,44.4900016784668,42.83000183105469,42.880001068115234,139600,0.0,0.0
2023-06-27 00:00:00-04:00,43.08000183105469,44.90999984741211,42.060001373291016,43.939998626708984,106700,0.0,0.0
2023-06-28 00:00:00-04:00,43.380001068115234,43.849998474121094,43.150001525878906,43.58000183105469,109200,0.0,0.0
2023-06-29 00:00:00-04:00,43.7599983215332,45.45000076293945,43.54999923706055,45.2400016784668,173000,0.0,0.0
2023-06-30 00:00:00-04:00,45.630001068115234,45.79999923706055,44.939998626708984,45.099998474121094,275500,0.0,0.0
2023-07-03 00:00:00-04:00,45.65999984741211,45.810001373291016,44.65999984741211,45.63999938964844,78600,0.0,0.0
2023-07-05 00:00:00-04:00,45.599998474121094,45.599998474121094,44.06999969482422,44.59000015258789,178900,0.0,0.0
2023-07-06 00:00:00-04:00,44.04999923706055,44.90999984741211,43.5099983215332,44.779998779296875,131200,0.0,0.0
2023-07-07 00:00:00-04:00,44.91999816894531,46.459999084472656,44.91999816894531,45.36000061035156,310900,0.0,0.0
2023-07-10 00:00:00-04:00,45.52000045776367,47.77000045776367,45.52000045776367,47.599998474121094,239200,0.0,0.0
2023-07-11 00:00:00-04:00,47.72999954223633,48.02000045776367,43.810001373291016,44.59000015258789,241900,0.0,0.0
2023-07-12 00:00:00-04:00,45.220001220703125,45.88999938964844,45.06999969482422,45.400001525878906,125800,0.0,0.0
2023-07-13 00:00:00-04:00,45.52000045776367,46.290000915527344,45.52000045776367,46.060001373291016,145700,0.0,0.0
2023-07-14 00:00:00-04:00,46.060001373291016,46.4900016784668,45.189998626708984,45.4900016784668,127900,0.0,0.0
2023-07-17 00:00:00-04:00,45.56999969482422,46.7400016784668,45.56999969482422,46.34000015258789,134200,0.0,0.0
2023-07-18 00:00:00-04:00,46.45000076293945,46.45000076293945,45.41999816894531,45.7599983215332,89300,0.0,0.0
2023-07-19 00:00:00-04:00,45.66999816894531,45.66999816894531,44.189998626708984,44.599998474121094,148200,0.0,0.0
2023-07-20 00:00:00-04:00,44.20000076293945,44.47999954223633,43.4900016784668,43.650001525878906,96100,0.0,0.0
2023-07-21 00:00:00-04:00,44.189998626708984,44.58000183105469,43.5099983215332,43.779998779296875,150200,0.0,0.0
2023-07-24 00:00:00-04:00,43.90999984741211,43.959999084472656,42.7400016784668,43.5099983215332,93800,0.0,0.0
2023-07-25 00:00:00-04:00,43.63999938964844,44.619998931884766,43.52000045776367,44.15999984741211,89200,0.0,0.0
2023-07-26 00:00:00-04:00,43.959999084472656,44.47999954223633,43.599998474121094,43.70000076293945,139200,0.0,0.0
2023-07-27 00:00:00-04:00,44.279998779296875,45.459999084472656,44.189998626708984,44.459999084472656,95500,0.0,0.0
2023-07-28 00:00:00-04:00,44.459999084472656,46.220001220703125,44.439998626708984,46.060001373291016,92800,0.0,0.0
2023-07-31 00:00:00-04:00,46.060001373291016,46.11000061035156,45.45000076293945,45.9900016784668,127400,0.0,0.0
2023-08-01 00:00:00-04:00,45.54999923706055,45.86000061035156,45.220001220703125,45.83000183105469,61000,0.0,0.0
2023-08-02 00:00:00-04:00,45.31999969482422,45.41999816894531,43.91999816894531,44.459999084472656,67500,0.0,0.0
2023-08-03 00:00:00-04:00,44.02000045776367,44.4900016784668,43.61000061035156,43.75,85600,0.0,0.0
2023-08-04 00:00:00-04:00,43.5,43.65999984741211,42.59000015258789,42.91999816894531,85700,0.0,0.0
2023-08-07 00:00:00-04:00,43.0,43.40999984741211,42.310001373291016,42.709999084472656,97100,0.0,0.0
2023-08-08 00:00:00-04:00,42.459999084472656,42.5099983215332,41.18000030517578,41.7599983215332,140900,0.0,0.0
2023-08-09 00:00:00-04:00,42.689998626708984,42.689998626708984,34.97999954223633,36.36000061035156,480800,0.0,0.0
2023-08-10 00:00:00-04:00,36.31999969482422,36.599998474121094,35.79999923706055,36.02000045776367,196300,0.0,0.0
2023-08-11 00:00:00-04:00,35.369998931884766,35.7400016784668,34.36000061035156,34.56999969482422,264700,0.0,0.0
2023-08-14 00:00:00-04:00,34.400001525878906,35.970001220703125,34.400001525878906,35.709999084472656,187700,0.0,0.0
2023-08-15 00:00:00-04:00,35.869998931884766,36.02000045776367,34.75,35.06999969482422,174900,0.0,0.0
2023-08-16 00:00:00-04:00,35.0,35.459999084472656,34.529998779296875,34.720001220703125,139300,0.0,0.0
2023-08-17 00:00:00-04:00,34.79999923706055,34.79999923706055,33.599998474121094,33.65999984741211,128500,0.0,0.0
2023-08-18 00:00:00-04:00,33.290000915527344,34.189998626708984,33.290000915527344,33.880001068115234,165100,0.0,0.0
2023-08-21 00:00:00-04:00,33.9900016784668,34.40999984741211,33.439998626708984,34.02000045776367,195300,0.0,0.0
2023-08-22 00:00:00-04:00,34.5099983215332,34.7599983215332,34.04999923706055,34.630001068115234,149200,0.0,0.0
2023-08-23 00:00:00-04:00,34.7599983215332,35.27000045776367,34.630001068115234,34.869998931884766,110800,0.0,0.0
2023-08-24 00:00:00-04:00,35.16999816894531,35.16999816894531,34.34000015258789,34.45000076293945,153400,0.0,0.0
2023-08-25 00:00:00-04:00,34.45000076293945,34.599998474121094,33.529998779296875,34.470001220703125,93200,0.0,0.0
2023-08-28 00:00:00-04:00,34.619998931884766,34.83000183105469,34.06999969482422,34.209999084472656,87900,0.0,0.0
2023-08-29 00:00:00-04:00,34.130001068115234,35.84000015258789,34.130001068115234,35.779998779296875,212400,0.0,0.0
2023-08-30 00:00:00-04:00,35.63999938964844,36.79999923706055,35.63999938964844,36.70000076293945,241400,0.0,0.0
2023-08-31 00:00:00-04:00,36.529998779296875,37.15999984741211,36.189998626708984,36.34000015258789,262500,0.0,0.0
2023-09-01 00:00:00-04:00,36.4900016784668,36.77000045776367,35.869998931884766,36.45000076293945,130300,0.0,0.0
2023-09-05 00:00:00-04:00,36.0099983215332,36.0099983215332,34.459999084472656,35.150001525878906,186100,0.0,0.0
2023-09-06 00:00:00-04:00,35.060001373291016,35.619998931884766,34.689998626708984,34.95000076293945,90400,0.0,0.0
2023-09-07 00:00:00-04:00,34.459999084472656,34.459999084472656,33.36000061035156,33.470001220703125,176800,0.0,0.0
2023-09-08 00:00:00-04:00,33.29999923706055,33.5,32.65999984741211,33.02000045776367,117600,0.0,0.0
2023-09-11 00:00:00-04:00,33.189998626708984,33.20000076293945,32.209999084472656,32.439998626708984,153700,0.0,0.0
2023-09-12 00:00:00-04:00,32.029998779296875,32.689998626708984,31.979999542236328,32.02000045776367,195400,0.0,0.0
2023-09-13 00:00:00-04:00,31.889999389648438,33.119998931884766,31.889999389648438,32.869998931884766,203800,0.0,0.0
2023-09-14 00:00:00-04:00,33.15999984741211,33.97999954223633,32.72999954223633,33.709999084472656,484000,0.0,0.0
2023-09-15 00:00:00-04:00,33.650001525878906,33.650001525878906,31.350000381469727,31.670000076293945,401500,0.0,0.0
2023-09-18 00:00:00-04:00,31.59000015258789,32.41999816894531,31.479999542236328,32.209999084472656,219700,0.0,0.0
2023-09-19 00:00:00-04:00,32.08000183105469,32.4900016784668,31.639999389648438,32.18000030517578,116600,0.0,0.0
2023-09-20 00:00:00-04:00,32.20000076293945,32.58000183105469,31.709999084472656,31.760000228881836,105700,0.0,0.0
2023-09-21 00:00:00-04:00,31.270000457763672,31.40999984741211,30.799999237060547,30.81999969482422,138700,0.0,0.0
2023-09-22 00:00:00-04:00,30.979999542236328,32.0,30.979999542236328,31.440000534057617,309600,0.0,0.0
2023-09-25 00:00:00-04:00,31.219999313354492,31.549999237060547,30.889999389648438,31.329999923706055,174800,0.0,0.0
2023-09-26 00:00:00-04:00,31.170000076293945,31.979999542236328,30.81999969482422,31.760000228881836,285400,0.0,0.0
2023-09-27 00:00:00-04:00,32.0,32.34000015258789,31.559999465942383,31.90999984741211,127000,0.0,0.0
2023-09-28 00:00:00-04:00,31.81999969482422,32.4900016784668,31.360000610351562,32.2599983215332,196100,0.0,0.0
2023-09-29 00:00:00-04:00,32.65999984741211,32.689998626708984,31.950000762939453,32.400001525878906,264700,0.0,0.0
2023-10-02 00:00:00-04:00,32.47999954223633,32.810001373291016,31.56999969482422,31.8700008392334,199700,0.0,0.0
2023-10-03 00:00:00-04:00,31.739999771118164,31.989999771118164,31.09000015258789,31.299999237060547,112700,0.0,0.0
2023-10-04 00:00:00-04:00,31.31999969482422,32.13999938964844,31.239999771118164,31.940000534057617,177400,0.0,0.0
2023-10-05 00:00:00-04:00,32.0099983215332,33.0,31.280000686645508,31.899999618530273,253800,0.0,0.0
2023-10-06 00:00:00-04:00,31.809999465942383,32.70000076293945,31.639999389648438,32.5,179900,0.0,0.0
2023-10-09 00:00:00-04:00,32.130001068115234,32.439998626708984,31.829999923706055,32.36000061035156,150500,0.0,0.0
2023-10-10 00:00:00-04:00,32.54999923706055,33.40999984741211,32.459999084472656,32.61000061035156,216900,0.0,0.0
2023-10-11 00:00:00-04:00,32.61000061035156,33.0099983215332,32.060001373291016,32.25,118700,0.0,0.0
2023-10-12 00:00:00-04:00,32.36000061035156,32.9900016784668,31.610000610351562,31.799999237060547,110900,0.0,0.0
2023-10-13 00:00:00-04:00,31.729999542236328,31.729999542236328,30.139999389648438,30.209999084472656,188000,0.0,0.0
2023-10-16 00:00:00-04:00,30.469999313354492,30.729999542236328,30.18000030517578,30.360000610351562,178300,0.0,0.0
2023-10-17 00:00:00-04:00,29.969999313354492,30.889999389648438,29.8799991607666,30.6200008392334,187500,0.0,0.0
2023-10-18 00:00:00-04:00,30.270000457763672,30.56999969482422,29.850000381469727,30.049999237060547,302400,0.0,0.0
2023-10-19 00:00:00-04:00,30.3700008392334,30.3700008392334,29.40999984741211,29.420000076293945,285300,0.0,0.0
2023-10-20 00:00:00-04:00,29.510000228881836,29.510000228881836,28.489999771118164,28.65999984741211,221300,0.0,0.0
2023-10-23 00:00:00-04:00,28.670000076293945,29.059999465942383,28.34000015258789,28.6200008392334,296100,0.0,0.0
2023-10-24 00:00:00-04:00,28.899999618530273,29.100000381469727,28.489999771118164,29.059999465942383,208900,0.0,0.0
2023-10-25 00:00:00-04:00,28.59000015258789,28.600000381469727,27.260000228881836,27.280000686645508,270900,0.0,0.0
2023-10-26 00:00:00-04:00,27.290000915527344,27.420000076293945,26.5,27.059999465942383,465800,0.0,0.0
2023-10-27 00:00:00-04:00,27.260000228881836,28.260000228881836,27.049999237060547,27.290000915527344,232500,0.0,0.0
2023-10-30 00:00:00-04:00,27.360000610351562,28.100000381469727,26.170000076293945,26.399999618530273,273400,0.0,0.0
2023-10-31 00:00:00-04:00,26.56999969482422,27.350000381469727,26.1200008392334,26.530000686645508,151100,0.0,0.0
2023-11-01 00:00:00-04:00,26.510000228881836,26.739999771118164,26.280000686645508,26.709999084472656,186800,0.0,0.0
2023-11-02 00:00:00-04:00,27.290000915527344,27.299999237060547,26.809999465942383,27.0,122300,0.0,0.0
2023-11-03 00:00:00-04:00,27.469999313354492,28.68000030517578,27.299999237060547,27.469999313354492,140900,0.0,0.0
2023-11-06 00:00:00-05:00,27.469999313354492,27.969999313354492,27.329999923706055,27.81999969482422,709100,0.0,0.0
2023-11-07 00:00:00-05:00,27.709999084472656,27.979999542236328,27.5,27.899999618530273,405400,0.0,0.0
2023-11-08 00:00:00-05:00,28.0,28.729999542236328,27.899999618530273,28.700000762939453,660600,0.0,0.0
2023-11-09 00:00:00-05:00,29.0,29.610000610351562,27.719999313354492,28.219999313354492,574000,0.0,0.0
2023-11-10 00:00:00-05:00,28.59000015258789,29.350000381469727,28.110000610351562,28.93000030517578,449500,0.0,0.0
2023-11-13 00:00:00-05:00,28.670000076293945,29.639999389648438,28.530000686645508,29.510000228881836,368500,0.0,0.0
2023-11-14 00:00:00-05:00,30.489999771118164,30.799999237060547,30.329999923706055,30.6200008392334,223700,0.0,0.0
2023-11-15 00:00:00-05:00,30.639999389648438,31.850000381469727,30.600000381469727,30.790000915527344,363900,0.0,0.0
2023-11-16 00:00:00-05:00,30.610000610351562,31.040000915527344,30.459999084472656,30.540000915527344,208300,0.0,0.0
2023-11-17 00:00:00-05:00,30.600000381469727,30.809999465942383,30.31999969482422,30.450000762939453,204900,0.0,0.0
2023-11-20 00:00:00-05:00,30.520000457763672,31.239999771118164,30.3700008392334,31.09000015258789,248700,0.0,0.0
2023-11-21 00:00:00-05:00,30.850000381469727,31.040000915527344,30.40999984741211,30.889999389648438,244400,0.0,0.0
2023-11-22 00:00:00-05:00,31.18000030517578,31.549999237060547,30.790000915527344,30.84000015258789,120000,0.0,0.0
2023-11-24 00:00:00-05:00,30.790000915527344,31.040000915527344,30.780000686645508,30.90999984741211,35900,0.0,0.0
2023-11-27 00:00:00-05:00,30.719999313354492,30.950000762939453,30.520000457763672,30.75,224900,0.0,0.0
2023-11-28 00:00:00-05:00,30.709999084472656,30.790000915527344,30.229999542236328,30.329999923706055,126300,0.0,0.0
2023-11-29 00:00:00-05:00,30.729999542236328,31.329999923706055,30.299999237060547,30.3700008392334,261300,0.0,0.0
2023-11-30 00:00:00-05:00,30.3799991607666,30.780000686645508,29.780000686645508,29.989999771118164,203100,0.0,0.0
2023-12-01 00:00:00-05:00,29.959999084472656,30.440000534057617,29.610000610351562,30.399999618530273,291700,0.0,0.0
2023-12-04 00:00:00-05:00,30.049999237060547,30.889999389648438,29.420000076293945,30.790000915527344,269300,0.0,0.0
2023-12-05 00:00:00-05:00,30.600000381469727,30.649999618530273,30.15999984741211,30.479999542236328,185600,0.0,0.0
2023-12-06 00:00:00-05:00,30.75,31.0,30.3700008392334,30.510000228881836,245000,0.0,0.0
2023-12-07 00:00:00-05:00,30.780000686645508,30.940000534057617,30.260000228881836,30.639999389648438,280600,0.0,0.0
2023-12-08 00:00:00-05:00,30.489999771118164,30.959999084472656,30.389999389648438,30.450000762939453,151800,0.0,0.0
2023-12-11 00:00:00-05:00,30.450000762939453,31.25,30.209999084472656,31.200000762939453,115000,0.0,0.0
2023-12-12 00:00:00-05:00,31.280000686645508,31.459999084472656,30.829999923706055,30.93000030517578,207000,0.0,0.0
2023-12-13 00:00:00-05:00,30.920000076293945,31.31999969482422,28.030000686645508,31.030000686645508,260900,0.0,0.0
2023-12-14 00:00:00-05:00,31.360000610351562,31.950000762939453,31.09000015258789,31.3799991607666,231300,0.0,0.0
2023-12-15 00:00:00-05:00,31.5,31.5,30.329999923706055,30.520000457763672,461700,0.0,0.0
2023-12-18 00:00:00-05:00,30.540000915527344,30.790000915527344,29.969999313354492,30.420000076293945,202700,0.0,0.0
2023-12-19 00:00:00-05:00,30.6299991607666,31.8700008392334,30.399999618530273,31.780000686645508,223500,0.0,0.0
2023-12-20 00:00:00-05:00,31.780000686645508,31.979999542236328,31.110000610351562,31.1299991607666,240400,0.0,0.0
2023-12-21 00:00:00-05:00,31.6299991607666,34.06999969482422,31.280000686645508,33.90999984741211,431600,0.0,0.0
2023-12-22 00:00:00-05:00,33.95000076293945,34.09000015258789,32.86000061035156,33.459999084472656,274700,0.0,0.0
2023-12-26 00:00:00-05:00,33.720001220703125,33.97999954223633,33.33000183105469,33.349998474121094,105600,0.0,0.0
2023-12-27 00:00:00-05:00,33.2599983215332,33.36000061035156,32.849998474121094,33.189998626708984,117900,0.0,0.0
2023-12-28 00:00:00-05:00,33.36000061035156,33.36000061035156,32.59000015258789,32.650001525878906,84000,0.0,0.0
2023-12-29 00:00:00-05:00,32.540000915527344,33.09000015258789,32.04999923706055,32.13999938964844,111400,0.0,0.0
2024-01-02 00:00:00-05:00,31.760000228881836,31.760000228881836,30.8799991607666,30.989999771118164,120000,0.0,0.0
2024-01-03 00:00:00-05:00,30.770000457763672,30.889999389648438,29.969999313354492,30.049999237060547,179900,0.0,0.0
2024-01-04 00:00:00-05:00,29.979999542236328,30.459999084472656,29.6299991607666,30.100000381469727,160500,0.0,0.0
2024-01-05 00:00:00-05:00,29.90999984741211,30.440000534057617,29.579999923706055,29.6200008392334,157100,0.0,0.0
2024-01-08 00:00:00-05:00,29.719999313354492,30.59000015258789,29.719999313354492,30.489999771118164,123000,0.0,0.0
2024-01-09 00:00:00-05:00,30.040000915527344,30.889999389648438,29.93000030517578,30.670000076293945,167000,0.0,0.0
2024-01-10 00:00:00-05:00,30.6299991607666,30.989999771118164,30.190000534057617,30.989999771118164,133000,0.0,0.0
2024-01-11 00:00:00-05:00,30.93000030517578,31.139999389648438,30.40999984741211,30.600000381469727,164200,0.0,0.0
2024-01-12 00:00:00-05:00,30.84000015258789,31.020000457763672,30.190000534057617,30.200000762939453,109600,0.0,0.0
2024-01-16 00:00:00-05:00,29.989999771118164,30.209999084472656,29.760000228881836,29.799999237060547,292200,0.0,0.0
2024-01-17 00:00:00-05:00,29.450000762939453,29.809999465942383,28.989999771118164,29.389999389648438,215900,0.0,0.0
2024-01-18 00:00:00-05:00,29.8700008392334,31.360000610351562,29.420000076293945,31.299999237060547,179100,0.0,0.0
2024-01-19 00:00:00-05:00,31.770000457763672,31.770000457763672,31.309999465942383,31.65999984741211,142900,0.0,0.0
2024-01-22 00:00:00-05:00,32.029998779296875,33.380001068115234,31.8799991607666,32.560001373291016,242900,0.0,0.0
2024-01-23 00:00:00-05:00,32.81999969482422,33.290000915527344,32.400001525878906,33.22999954223633,209900,0.0,0.0
2024-01-24 00:00:00-05:00,33.79999923706055,34.0099983215332,33.45000076293945,33.619998931884766,151200,0.0,0.0
2024-01-25 00:00:00-05:00,34.119998931884766,34.22999954223633,32.150001525878906,32.45000076293945,118600,0.0,0.0
2024-01-26 00:00:00-05:00,32.25,32.709999084472656,31.760000228881836,32.599998474121094,143200,0.0,0.0
2024-01-29 00:00:00-05:00,32.5,32.7400016784668,32.040000915527344,32.7400016784668,80000,0.0,0.0
2024-01-30 00:00:00-05:00,32.4900016784668,32.61000061035156,31.950000762939453,32.16999816894531,84100,0.0,0.0
2024-01-31 00:00:00-05:00,31.950000762939453,32.099998474121094,31.059999465942383,31.200000762939453,143400,0.0,0.0
2024-02-01 00:00:00-05:00,31.260000228881836,31.690000534057617,31.059999465942383,31.690000534057617,105500,0.0,0.0
2024-02-02 00:00:00-05:00,31.530000686645508,32.209999084472656,31.43000030517578,32.099998474121094,87100,0.0,0.0
2024-02-05 00:00:00-05:00,31.989999771118164,32.06999969482422,31.399999618530273,31.700000762939453,108300,0.0,0.0
2024-02-06 00:00:00-05:00,31.649999618530273,32.08000183105469,31.549999237060547,32.08000183105469,122900,0.0,0.0
2024-02-07 00:00:00-05:00,32.09000015258789,32.56999969482422,31.809999465942383,32.189998626708984,435700,0.0,0.0
2024-02-08 00:00:00-05:00,32.34000015258789,33.279998779296875,32.2599983215332,33.220001220703125,207100,0.0,0.0
2024-02-09 00:00:00-05:00,33.52000045776367,33.95000076293945,33.2400016784668,33.7599983215332,236200,0.0,0.0
2024-02-12 00:00:00-05:00,33.900001525878906,34.22999954223633,33.810001373291016,33.97999954223633,114500,0.0,0.0
2024-02-13 00:00:00-05:00,32.75,33.84000015258789,32.2599983215332,32.5,203400,0.0,0.0
2024-02-14 00:00:00-05:00,33.040000915527344,34.0,32.81999969482422,33.95000076293945,118700,0.0,0.0
2024-02-15 00:00:00-05:00,34.060001373291016,35.09000015258789,34.060001373291016,34.959999084472656,228100,0.0,0.0
2024-02-16 00:00:00-05:00,33.650001525878906,35.20000076293945,31.40999984741211,35.06999969482422,770200,0.0,0.0
2024-02-20 00:00:00-05:00,34.66999816894531,35.529998779296875,34.099998474121094,35.380001068115234,393800,0.0,0.0
2024-02-21 00:00:00-05:00,34.709999084472656,35.34000015258789,34.09000015258789,34.5,524200,0.0,0.0
2024-02-22 00:00:00-05:00,35.130001068115234,35.459999084472656,34.06999969482422,34.380001068115234,312100,0.0,0.0
2024-02-23 00:00:00-05:00,34.29999923706055,34.33000183105469,33.47999954223633,33.560001373291016,113900,0.0,0.0
2024-02-26 00:00:00-05:00,33.5,33.75,33.09000015258789,33.25,127800,0.0,0.0
2024-02-27 00:00:00-05:00,33.59000015258789,33.59000015258789,32.97999954223633,33.119998931884766,143800,0.0,0.0
2024-02-28 00:00:00-05:00,32.619998931884766,32.900001525878906,32.279998779296875,32.7400016784668,167500,0.0,0.0
2024-02-29 00:00:00-05:00,33.099998474121094,34.29999923706055,33.099998474121094,33.9900016784668,217200,0.0,0.0
2024-03-01 00:00:00-05:00,34.0,34.83000183105469,33.970001220703125,34.22999954223633,209100,0.0,0.0
2024-03-04 00:00:00-05:00,34.5099983215332,34.869998931884766,34.41999816894531,34.5,129600,0.0,0.0
2024-03-05 00:00:00-05:00,34.04999923706055,34.099998474121094,32.54999923706055,32.88999938964844,218600,0.0,0.0
2024-03-06 00:00:00-05:00,33.34000015258789,34.45000076293945,33.209999084472656,34.11000061035156,157200,0.0,0.0
2024-03-07 00:00:00-05:00,34.5,35.470001220703125,34.31999969482422,35.470001220703125,191900,0.0,0.0
2024-03-08 00:00:00-05:00,35.52000045776367,35.88999938964844,34.04999923706055,34.38999938964844,148200,0.0,0.0
2024-03-11 00:00:00-04:00,34.25,34.2599983215332,33.65999984741211,34.189998626708984,120800,0.0,0.0
2024-03-12 00:00:00-04:00,34.2400016784668,35.060001373291016,33.7400016784668,34.84000015258789,243900,0.0,0.0
2024-03-13 00:00:00-04:00,34.380001068115234,34.619998931884766,33.86000061035156,34.220001220703125,203800,0.0,0.0
2024-03-14 00:00:00-04:00,34.040000915527344,34.310001373291016,33.459999084472656,33.75,210400,0.0,0.0
2024-03-15 00:00:00-04:00,33.4900016784668,33.54999923706055,32.34000015258789,32.560001373291016,398900,0.0,0.0
2024-03-18 00:00:00-04:00,33.0099983215332,33.56999969482422,33.0099983215332,33.15999984741211,157400,0.0,0.0
2024-03-19 00:00:00-04:00,33.0099983215332,33.22999954223633,32.439998626708984,33.0,129600,0.0,0.0
2024-03-20 00:00:00-04:00,33.0099983215332,34.220001220703125,32.709999084472656,33.97999954223633,194200,0.0,0.0
2024-03-21 00:00:00-04:00,34.54999923706055,35.439998626708984,34.400001525878906,34.560001373291016,186800,0.0,0.0
2024-03-22 00:00:00-04:00,34.40999984741211,34.40999984741211,32.81999969482422,32.9900016784668,245400,0.0,0.0
2024-03-25 00:00:00-04:00,32.84000015258789,33.619998931884766,32.61000061035156,33.27000045776367,150500,0.0,0.0
2024-03-26 00:00:00-04:00,33.61000061035156,34.13999938964844,32.959999084472656,33.029998779296875,186100,0.0,0.0
2024-03-27 00:00:00-04:00,33.349998474121094,33.619998931884766,32.959999084472656,33.2400016784668,128000,0.0,0.0
2024-03-28 00:00:00-04:00,33.2599983215332,34.04999923706055,33.2599983215332,33.66999816894531,136000,0.0,0.0
2024-04-01 00:00:00-04:00,33.970001220703125,34.08000183105469,33.09000015258789,33.400001525878906,190800,0.0,0.0
2024-04-02 00:00:00-04:00,32.59000015258789,33.11000061035156,32.5,32.81999969482422,163800,0.0,0.0
2024-04-03 00:00:00-04:00,32.31999969482422,33.060001373291016,32.31999969482422,33.040000915527344,155500,0.0,0.0
2024-04-04 00:00:00-04:00,33.560001373291016,33.63999938964844,32.13999938964844,32.27000045776367,138500,0.0,0.0
2024-04-05 00:00:00-04:00,32.2400016784668,32.81999969482422,32.20000076293945,32.4900016784668,72800,0.0,0.0
2024-04-08 00:00:00-04:00,32.54999923706055,33.06999969482422,32.38999938964844,32.880001068115234,78700,0.0,0.0
2024-04-09 00:00:00-04:00,33.29999923706055,33.540000915527344,33.02000045776367,33.2400016784668,70700,0.0,0.0
2024-04-10 00:00:00-04:00,32.40999984741211,32.720001220703125,32.15999984741211,32.619998931884766,143300,0.0,0.0
2024-04-11 00:00:00-04:00,32.7599983215332,33.310001373291016,32.52000045776367,33.29999923706055,78700,0.0,0.0
2024-04-12 00:00:00-04:00,32.849998474121094,32.849998474121094,31.899999618530273,32.08000183105469,115400,0.0,0.0
2024-04-15 00:00:00-04:00,32.529998779296875,32.59000015258789,31.40999984741211,31.6299991607666,135100,0.0,0.0
2024-04-16 00:00:00-04:00,31.469999313354492,32.119998931884766,31.200000762939453,31.93000030517578,91300,0.0,0.0
2024-04-17 00:00:00-04:00,32.119998931884766,32.18000030517578,31.260000228881836,31.280000686645508,113400,0.0,0.0
2024-04-18 00:00:00-04:00,31.06999969482422,31.299999237060547,30.299999237060547,30.31999969482422,143200,0.0,0.0
2024-04-19 00:00:00-04:00,30.0,30.459999084472656,29.530000686645508,29.559999465942383,172500,0.0,0.0
2024-04-22 00:00:00-04:00,29.639999389648438,29.799999237060547,29.209999084472656,29.690000534057617,121800,0.0,0.0
2024-04-23 00:00:00-04:00,29.709999084472656,30.399999618530273,29.709999084472656,30.170000076293945,112100,0.0,0.0
2024-04-24 00:00:00-04:00,30.510000228881836,30.690000534057617,29.959999084472656,30.079999923706055,105900,0.0,0.0
2024-04-25 00:00:00-04:00,29.950000762939453,30.299999237060547,29.309999465942383,30.190000534057617,112900,0.0,0.0
2024-04-26 00:00:00-04:00,30.469999313354492,31.229999542236328,30.1299991607666,31.040000915527344,101800,0.0,0.0
2024-04-29 00:00:00-04:00,31.049999237060547,31.43000030517578,31.0,31.280000686645508,73700,0.0,0.0
2024-04-30 00:00:00-04:00,31.0,31.100000381469727,30.040000915527344,30.079999923706055,146700,0.0,0.0
2024-05-01 00:00:00-04:00,29.829999923706055,31.020000457763672,29.329999923706055,30.059999465942383,135000,0.0,0.0
2024-05-02 00:00:00-04:00,30.459999084472656,31.209999084472656,30.09000015258789,31.1299991607666,190700,0.0,0.0
2024-05-03 00:00:00-04:00,31.729999542236328,32.09000015258789,31.469999313354492,31.65999984741211,89500,0.0,0.0
2024-05-06 00:00:00-04:00,31.790000915527344,32.45000076293945,31.790000915527344,32.31999969482422,89200,0.0,0.0
2024-05-07 00:00:00-04:00,32.4900016784668,33.06999969482422,32.2599983215332,32.34000015258789,105600,0.0,0.0
2024-05-08 00:00:00-04:00,32.0099983215332,32.529998779296875,31.940000534057617,32.439998626708984,105200,0.0,0.0
2024-05-09 00:00:00-04:00,32.45000076293945,32.88999938964844,32.02000045776367,32.810001373291016,180600,0.0,0.0
2024-05-10 00:00:00-04:00,32.869998931884766,35.16999816894531,29.579999923706055,34.290000915527344,343600,0.0,0.0
2024-05-13 00:00:00-04:00,34.619998931884766,34.7599983215332,33.470001220703125,33.66999816894531,195700,0.0,0.0
2024-05-14 00:00:00-04:00,33.84000015258789,34.400001525878906,33.63999938964844,33.849998474121094,229700,0.0,0.0
2024-05-15 00:00:00-04:00,34.13999938964844,34.70000076293945,33.72999954223633,34.38999938964844,194900,0.0,0.0
2024-05-16 00:00:00-04:00,34.220001220703125,34.45000076293945,33.650001525878906,33.7599983215332,182100,0.0,0.0
2024-05-17 00:00:00-04:00,34.04999923706055,34.43000030517578,33.66999816894531,34.369998931884766,127400,0.0,0.0
2024-05-20 00:00:00-04:00,34.279998779296875,35.56999969482422,34.099998474121094,35.38999938964844,261700,0.0,0.0
2024-05-21 00:00:00-04:00,35.470001220703125,35.91999816894531,35.08000183105469,35.599998474121094,167400,0.0,0.0
2024-05-22 00:00:00-04:00,35.900001525878906,36.0,35.41999816894531,35.63999938964844,165700,0.0,0.0
2024-05-23 00:00:00-04:00,36.060001373291016,36.060001373291016,34.560001373291016,34.84000015258789,100000,0.0,0.0
2024-05-24 00:00:00-04:00,35.27000045776367,35.47999954223633,34.880001068115234,35.43000030517578,92400,0.0,0.0
2024-05-28 00:00:00-04:00,35.779998779296875,35.90999984741211,35.15999984741211,35.880001068115234,125300,0.0,0.0
2024-05-29 00:00:00-04:00,35.150001525878906,35.959999084472656,35.150001525878906,35.88999938964844,116000,0.0,0.0
2024-05-30 00:00:00-04:00,36.0,36.38999938964844,35.91999816894531,35.9900016784668,147000,0.0,0.0
2024-05-31 00:00:00-04:00,36.2599983215332,36.310001373291016,34.20000076293945,35.02000045776367,173200,0.0,0.0
2024-06-03 00:00:00-04:00,35.459999084472656,35.459999084472656,34.400001525878906,34.75,112100,0.0,0.0
2024-06-04 00:00:00-04:00,34.5,34.650001525878906,34.18000030517578,34.560001373291016,84900,0.0,0.0
2024-06-05 00:00:00-04:00,35.0099983215332,35.619998931884766,34.86000061035156,35.540000915527344,77400,0.0,0.0
2024-06-06 00:00:00-04:00,35.41999816894531,35.41999816894531,34.58000183105469,34.790000915527344,70500,0.0,0.0
2024-06-07 00:00:00-04:00,34.47999954223633,34.59000015258789,34.0,34.16999816894531,113800,0.0,0.0
2024-06-10 00:00:00-04:00,33.810001373291016,34.619998931884766,33.58000183105469,34.189998626708984,197400,0.0,0.0
2024-06-11 00:00:00-04:00,33.869998931884766,34.529998779296875,33.869998931884766,34.38999938964844,112200,0.0,0.0
2024-06-12 00:00:00-04:00,35.36000061035156,36.0,34.540000915527344,35.119998931884766,126700,0.0,0.0
2024-06-13 00:00:00-04:00,34.97999954223633,35.0,33.93000030517578,34.189998626708984,90100,0.0,0.0
2024-06-14 00:00:00-04:00,33.709999084472656,33.709999084472656,33.2400016784668,33.630001068115234,87700,0.0,0.0
2024-06-17 00:00:00-04:00,33.709999084472656,34.34000015258789,33.31999969482422,34.22999954223633,180300,0.0,0.0
2024-06-18 00:00:00-04:00,34.29999923706055,35.209999084472656,34.220001220703125,35.02000045776367,113600,0.0,0.0
2024-06-20 00:00:00-04:00,34.95000076293945,35.61000061035156,34.90999984741211,35.5099983215332,230300,0.0,0.0
2024-06-21 00:00:00-04:00,35.40999984741211,35.95000076293945,34.81999969482422,35.779998779296875,458800,0.0,0.0
2024-06-24 00:00:00-04:00,35.61000061035156,35.709999084472656,34.7400016784668,34.88999938964844,229900,0.0,0.0
2024-06-25 00:00:00-04:00,34.97999954223633,35.66999816894531,34.599998474121094,35.599998474121094,110600,0.0,0.0
2024-06-26 00:00:00-04:00,35.380001068115234,36.13999938964844,35.380001068115234,35.84000015258789,163600,0.0,0.0
2024-06-27 00:00:00-04:00,36.040000915527344,36.31999969482422,35.650001525878906,36.119998931884766,85000,0.0,0.0
2024-06-28 00:00:00-04:00,36.470001220703125,37.15999984741211,36.130001068115234,36.380001068115234,407600,0.0,0.0
2024-07-01 00:00:00-04:00,36.5099983215332,36.650001525878906,35.45000076293945,35.7400016784668,102900,0.0,0.0
2024-07-02 00:00:00-04:00,35.689998626708984,36.97999954223633,35.689998626708984,36.959999084472656,97500,0.0,0.0
2024-07-03 00:00:00-04:00,37.13999938964844,37.22999954223633,35.86000061035156,36.06999969482422,116800,0.0,0.0
2024-07-05 00:00:00-04:00,36.369998931884766,36.5099983215332,35.9900016784668,36.369998931884766,50800,0.0,0.0
2024-07-08 00:00:00-04:00,36.720001220703125,37.45000076293945,36.619998931884766,36.720001220703125,146800,0.0,0.0
2024-07-09 00:00:00-04:00,36.849998474121094,36.849998474121094,36.099998474121094,36.31999969482422,71800,0.0,0.0
2024-07-10 00:00:00-04:00,36.45000076293945,36.9900016784668,36.45000076293945,36.88999938964844,69700,0.0,0.0
2024-07-11 00:00:00-04:00,37.5099983215332,37.86000061035156,36.72999954223633,37.13999938964844,145700,0.0,0.0
2024-07-12 00:00:00-04:00,37.400001525878906,38.130001068115234,37.400001525878906,37.61000061035156,134900,0.0,0.0
2024-07-15 00:00:00-04:00,38.0,38.959999084472656,37.68000030517578,38.459999084472656,127300,0.0,0.0
2024-07-16 00:00:00-04:00,38.90999984741211,39.70000076293945,38.0,39.54999923706055,164600,0.0,0.0
2024-07-17 00:00:00-04:00,38.83000183105469,39.06999969482422,35.689998626708984,35.779998779296875,287700,0.0,0.0
2024-07-18 00:00:00-04:00,35.970001220703125,36.209999084472656,34.54999923706055,35.47999954223633,197600,0.0,0.0
2024-07-19 00:00:00-04:00,35.720001220703125,35.959999084472656,35.279998779296875,35.369998931884766,219600,0.0,0.0
2024-07-22 00:00:00-04:00,35.630001068115234,36.61000061035156,35.36000061035156,36.540000915527344,113000,0.0,0.0
2024-07-23 00:00:00-04:00,36.189998626708984,37.79999923706055,36.189998626708984,37.63999938964844,155400,0.0,0.0
2024-07-24 00:00:00-04:00,37.31999969482422,37.31999969482422,35.599998474121094,35.63999938964844,170000,0.0,0.0
2024-07-25 00:00:00-04:00,35.709999084472656,35.709999084472656,34.380001068115234,34.849998474121094,181600,0.0,0.0
2024-07-26 00:00:00-04:00,35.66999816894531,35.849998474121094,34.88999938964844,35.58000183105469,129500,0.0,0.0
2024-07-29 00:00:00-04:00,36.02000045776367,36.25,34.939998626708984,35.290000915527344,84300,0.0,0.0
2024-07-30 00:00:00-04:00,35.560001373291016,35.560001373291016,33.59000015258789,33.68000030517578,166400,0.0,0.0
2024-07-31 00:00:00-04:00,34.709999084472656,35.86000061035156,34.11000061035156,35.09000015258789,195200,0.0,0.0
2024-08-01 00:00:00-04:00,34.849998474121094,35.209999084472656,32.560001373291016,33.130001068115234,201000,0.0,0.0
2024-08-02 00:00:00-04:00,31.959999084472656,32.27000045776367,29.690000534057617,29.780000686645508,307300,0.0,0.0
2024-08-05 00:00:00-04:00,28.360000610351562,29.280000686645508,27.690000534057617,28.6200008392334,260300,0.0,0.0
2024-08-06 00:00:00-04:00,28.68000030517578,29.549999237060547,28.190000534057617,29.079999923706055,237500,0.0,0.0
2024-08-07 00:00:00-04:00,29.899999618530273,29.899999618530273,28.360000610351562,28.459999084472656,225600,0.0,0.0
2024-08-08 00:00:00-04:00,29.200000762939453,30.09000015258789,28.559999465942383,30.030000686645508,208200,0.0,0.0
2024-08-09 00:00:00-04:00,29.920000076293945,31.739999771118164,29.770000457763672,30.8700008392334,265600,0.0,0.0
2024-08-12 00:00:00-04:00,31.020000457763672,31.020000457763672,30.270000457763672,30.950000762939453,165700,0.0,0.0
2024-08-13 00:00:00-04:00,31.020000457763672,31.8700008392334,30.34000015258789,31.780000686645508,209400,0.0,0.0
2024-08-14 00:00:00-04:00,31.770000457763672,31.899999618530273,31.229999542236328,31.75,178000,0.0,0.0
2024-08-15 00:00:00-04:00,32.4900016784668,33.04999923706055,32.130001068115234,33.029998779296875,156200,0.0,0.0
2024-08-16 00:00:00-04:00,32.86000061035156,33.0,32.04999923706055,32.13999938964844,133500,0.0,0.0
2024-08-19 00:00:00-04:00,32.41999816894531,32.41999816894531,31.549999237060547,32.22999954223633,163000,0.0,0.0
2024-08-20 00:00:00-04:00,31.93000030517578,31.969999313354492,30.940000534057617,31.239999771118164,188500,0.0,0.0
2024-08-21 00:00:00-04:00,31.59000015258789,32.56999969482422,31.3799991607666,32.369998931884766,122900,0.0,0.0
2024-08-22 00:00:00-04:00,32.52000045776367,32.9900016784668,31.209999084472656,31.3700008392334,100100,0.0,0.0
2024-08-23 00:00:00-04:00,31.709999084472656,32.65999984741211,31.260000228881836,31.809999465942383,156300,0.0,0.0
2024-08-26 00:00:00-04:00,31.84000015258789,31.8799991607666,31.34000015258789,31.440000534057617,124100,0.0,0.0
2024-08-27 00:00:00-04:00,31.260000228881836,31.6200008392334,30.829999923706055,31.3700008392334,92900,0.0,0.0
2024-08-28 00:00:00-04:00,31.219999313354492,31.5,30.850000381469727,30.889999389648438,127200,0.0,0.0
2024-08-29 00:00:00-04:00,31.18000030517578,31.979999542236328,31.110000610351562,31.270000457763672,107800,0.0,0.0
2024-08-30 00:00:00-04:00,31.690000534057617,31.770000457763672,31.100000381469727,31.549999237060547,162400,0.0,0.0
2024-09-03 00:00:00-04:00,30.81999969482422,30.8799991607666,29.200000762939453,29.219999313354492,288800,0.0,0.0
2024-09-04 00:00:00-04:00,28.84000015258789,29.59000015258789,28.84000015258789,29.309999465942383,150300,0.0,0.0
2024-09-05 00:00:00-04:00,29.200000762939453,29.469999313354492,28.6299991607666,29.350000381469727,133300,0.0,0.0
2024-09-06 00:00:00-04:00,29.31999969482422,29.31999969482422,28.40999984741211,28.549999237060547,158800,0.0,0.0
