Date,Open,High,Low,Close,Volume,Dividends,Stock Splits
2007-01-25 00:00:00-05:00,48825.0,52920.0,47943.0,49140.0,176,0.0,0.0
2007-01-26 00:00:00-05:00,50085.0,51345.0,48825.0,49707.0,27,0.0,0.0
2007-01-29 00:00:00-05:00,50337.0,50337.0,48636.0,48762.0,6,0.0,0.0
2007-01-30 00:00:00-05:00,49140.0,49707.0,48510.0,49140.0,15,0.0,0.0
2007-01-31 00:00:00-05:00,50337.0,50337.0,48132.0,48321.0,7,0.0,0.0
2007-02-01 00:00:00-05:00,48195.0,49140.0,45360.0,46116.0,13,0.0,0.0
2007-02-02 00:00:00-05:00,45675.0,47880.0,45675.0,47376.0,5,0.0,0.0
2007-02-05 00:00:00-05:00,49581.0,49581.0,46809.0,46809.0,3,0.0,0.0
2007-02-06 00:00:00-05:00,49392.0,49392.0,45360.0,45864.0,6,0.0,0.0
2007-02-07 00:00:00-05:00,45801.0,48447.0,45675.0,46053.0,5,0.0,0.0
2007-02-08 00:00:00-05:00,46494.0,46620.0,45801.0,45801.0,3,0.0,0.0
2007-02-09 00:00:00-05:00,45927.0,46053.0,42525.0,44289.0,11,0.0,0.0
2007-02-12 00:00:00-05:00,45360.0,45360.0,41580.0,42903.0,6,0.0,0.0
2007-02-13 00:00:00-05:00,48699.0,48699.0,42651.0,45045.0,8,0.0,0.0
2007-02-14 00:00:00-05:00,47250.0,48447.0,45171.0,46683.0,7,0.0,0.0
2007-02-15 00:00:00-05:00,48195.0,48195.0,47250.0,47565.0,3,0.0,0.0
2007-02-16 00:00:00-05:00,47565.0,49014.0,46935.0,47187.0,4,0.0,0.0
2007-02-20 00:00:00-05:00,50652.0,50715.0,47250.0,49077.0,7,0.0,0.0
2007-02-21 00:00:00-05:00,50715.0,50715.0,47880.0,48447.0,2,0.0,0.0
2007-02-22 00:00:00-05:00,48888.0,49140.0,45675.0,46620.0,6,0.0,0.0
2007-02-23 00:00:00-05:00,49077.0,50400.0,48888.0,50400.0,7,0.0,0.0
2007-02-26 00:00:00-05:00,50715.0,50715.0,48195.0,50400.0,8,0.0,0.0
2007-02-27 00:00:00-05:00,50526.0,50526.0,46305.0,48825.0,8,0.0,0.0
2007-02-28 00:00:00-05:00,48510.0,49707.0,47250.0,48510.0,3,0.0,0.0
2007-03-01 00:00:00-05:00,48573.0,49014.0,46620.0,47691.0,5,0.0,0.0
2007-03-02 00:00:00-05:00,48006.0,48006.0,44982.0,45297.0,6,0.0,0.0
2007-03-05 00:00:00-05:00,45234.0,45234.0,40950.0,41643.0,5,0.0,0.0
2007-03-06 00:00:00-05:00,47313.0,47943.0,40950.0,42462.0,7,0.0,0.0
2007-03-07 00:00:00-05:00,45171.0,45171.0,40887.0,44163.0,4,0.0,0.0
2007-03-08 00:00:00-05:00,41895.0,45360.0,41895.0,44352.0,6,0.0,0.0
2007-03-09 00:00:00-05:00,44163.0,45612.0,41832.0,44100.0,3,0.0,0.0
2007-03-12 00:00:00-04:00,41076.0,43281.0,40383.0,41706.0,7,0.0,0.0
2007-03-13 00:00:00-04:00,41895.0,42588.0,40509.0,42588.0,5,0.0,0.0
2007-03-14 00:00:00-04:00,43218.0,43218.0,41580.0,42462.0,3,0.0,0.0
2007-03-15 00:00:00-04:00,42777.0,43659.0,40320.0,41580.0,4,0.0,0.0
2007-03-16 00:00:00-04:00,41958.0,43470.0,40320.0,42273.0,1,0.0,0.0
2007-03-19 00:00:00-04:00,39753.0,42840.0,39753.0,40950.0,2,0.0,0.0
2007-03-20 00:00:00-04:00,40068.0,40824.0,40068.0,40068.0,4,0.0,0.0
2007-03-21 00:00:00-04:00,38430.0,40005.0,36225.0,38052.0,12,0.0,0.0
2007-03-22 00:00:00-04:00,36351.0,44037.0,36351.0,43722.0,9,0.0,0.0
2007-03-23 00:00:00-04:00,39375.0,42777.0,39375.0,41202.0,3,0.0,0.0
2007-03-26 00:00:00-04:00,40635.0,42525.0,39564.0,42525.0,2,0.0,0.0
2007-03-27 00:00:00-04:00,43281.0,43281.0,40005.0,40131.0,4,0.0,0.0
2007-03-28 00:00:00-04:00,40320.0,41076.0,38430.0,38430.0,3,0.0,0.0
2007-03-29 00:00:00-04:00,40761.0,40761.0,38115.0,38430.0,1,0.0,0.0
2007-03-30 00:00:00-04:00,38556.0,38556.0,35973.0,37485.0,5,0.0,0.0
2007-04-02 00:00:00-04:00,39816.0,39816.0,36225.0,37107.0,2,0.0,0.0
2007-04-03 00:00:00-04:00,36477.0,37737.0,35910.0,35910.0,1,0.0,0.0
2007-04-04 00:00:00-04:00,37800.0,37800.0,36162.0,36225.0,2,0.0,0.0
2007-04-05 00:00:00-04:00,35910.0,39690.0,35658.0,38241.0,4,0.0,0.0
2007-04-09 00:00:00-04:00,38745.0,39690.0,38241.0,38493.0,2,0.0,0.0
2007-04-10 00:00:00-04:00,38430.0,38430.0,37044.0,38178.0,1,0.0,0.0
2007-04-11 00:00:00-04:00,37233.0,38304.0,36666.0,37800.0,1,0.0,0.0
2007-04-12 00:00:00-04:00,37800.0,38115.0,37485.0,37485.0,3,0.0,0.0
2007-04-13 00:00:00-04:00,37800.0,38430.0,36792.0,37296.0,4,0.0,0.0
2007-04-16 00:00:00-04:00,41328.0,41328.0,37359.0,38115.0,2,0.0,0.0
2007-04-17 00:00:00-04:00,37233.0,38115.0,36855.0,38115.0,1,0.0,0.0
2007-04-18 00:00:00-04:00,38115.0,38115.0,36981.0,37485.0,3,0.0,0.0
2007-04-19 00:00:00-04:00,37233.0,39312.0,36792.0,38682.0,4,0.0,0.0
2007-04-20 00:00:00-04:00,39060.0,40131.0,37800.0,37863.0,1,0.0,0.0
2007-04-23 00:00:00-04:00,38178.0,40320.0,37737.0,37800.0,1,0.0,0.0
2007-04-24 00:00:00-04:00,38367.0,38430.0,37485.0,37485.0,3,0.0,0.0
2007-04-25 00:00:00-04:00,37548.0,38052.0,37485.0,37800.0,3,0.0,0.0
2007-04-26 00:00:00-04:00,38430.0,40005.0,38430.0,39690.0,2,0.0,0.0
2007-04-27 00:00:00-04:00,39690.0,40005.0,39060.0,40005.0,3,0.0,0.0
2007-04-30 00:00:00-04:00,38745.0,39375.0,38619.0,38619.0,2,0.0,0.0
2007-05-01 00:00:00-04:00,39375.0,40194.0,39375.0,39438.0,1,0.0,0.0
2007-05-02 00:00:00-04:00,39753.0,41265.0,39375.0,39564.0,5,0.0,0.0
2007-05-03 00:00:00-04:00,40635.0,45612.0,39690.0,41958.0,6,0.0,0.0
2007-05-04 00:00:00-04:00,40509.0,42525.0,40320.0,42525.0,2,0.0,0.0
2007-05-07 00:00:00-04:00,43659.0,43659.0,41769.0,42462.0,2,0.0,0.0
2007-05-08 00:00:00-04:00,42840.0,45360.0,42525.0,45360.0,3,0.0,0.0
2007-05-09 00:00:00-04:00,45486.0,46305.0,43974.0,44856.0,2,0.0,0.0
2007-05-10 00:00:00-04:00,44163.0,45045.0,43533.0,43533.0,3,0.0,0.0
2007-05-11 00:00:00-04:00,42651.0,45045.0,42525.0,43533.0,7,0.0,0.0
2007-05-14 00:00:00-04:00,43155.0,50400.0,39564.0,43785.0,132,0.0,0.0
2007-05-15 00:00:00-04:00,44352.0,44478.0,41580.0,42210.0,10,0.0,0.0
2007-05-16 00:00:00-04:00,43407.0,43974.0,40950.0,41139.0,16,0.0,0.0
2007-05-17 00:00:00-04:00,43785.0,43911.0,39816.0,40005.0,6,0.0,0.0
2007-05-18 00:00:00-04:00,40005.0,42336.0,39438.0,40005.0,3,0.0,0.0
2007-05-21 00:00:00-04:00,40950.0,43092.0,39816.0,41517.0,4,0.0,0.0
2007-05-22 00:00:00-04:00,41958.0,43470.0,41202.0,43407.0,3,0.0,0.0
2007-05-23 00:00:00-04:00,43533.0,44100.0,39375.0,42021.0,8,0.0,0.0
2007-05-24 00:00:00-04:00,44415.0,44667.0,41895.0,44604.0,6,0.0,0.0
2007-05-25 00:00:00-04:00,45045.0,46557.0,44793.0,45045.0,9,0.0,0.0
2007-05-29 00:00:00-04:00,46116.0,46305.0,45045.0,45927.0,5,0.0,0.0
2007-05-30 00:00:00-04:00,47439.0,47439.0,45360.0,45360.0,5,0.0,0.0
2007-05-31 00:00:00-04:00,46935.0,47061.0,45675.0,46305.0,2,0.0,0.0
2007-06-01 00:00:00-04:00,46620.0,46620.0,45234.0,45990.0,2,0.0,0.0
2007-06-04 00:00:00-04:00,46620.0,46620.0,44163.0,44163.0,4,0.0,0.0
2007-06-05 00:00:00-04:00,45108.0,45171.0,42084.0,42084.0,6,0.0,0.0
2007-06-06 00:00:00-04:00,42084.0,42966.0,40950.0,40950.0,3,0.0,0.0
2007-06-07 00:00:00-04:00,40950.0,45675.0,40950.0,41265.0,4,0.0,0.0
2007-06-08 00:00:00-04:00,39942.0,43659.0,39690.0,41454.0,4,0.0,0.0
2007-06-11 00:00:00-04:00,44352.0,48825.0,42714.0,46368.0,18,0.0,0.0
2007-06-12 00:00:00-04:00,45486.0,46620.0,45486.0,45612.0,3,0.0,0.0
2007-06-13 00:00:00-04:00,52290.0,52479.0,45108.0,45108.0,35,0.0,0.0
2007-06-14 00:00:00-04:00,47124.0,49140.0,45801.0,48069.0,7,0.0,0.0
2007-06-15 00:00:00-04:00,48195.0,48510.0,45297.0,45801.0,4,0.0,0.0
2007-06-18 00:00:00-04:00,45801.0,48384.0,45801.0,48321.0,3,0.0,0.0
2007-06-19 00:00:00-04:00,48321.0,48510.0,45927.0,48447.0,2,0.0,0.0
2007-06-20 00:00:00-04:00,50085.0,51849.0,49140.0,51345.0,15,0.0,0.0
2007-06-21 00:00:00-04:00,51660.0,55125.0,50715.0,54180.0,16,0.0,0.0
2007-06-22 00:00:00-04:00,54936.0,54936.0,51093.0,52290.0,5,0.0,0.0
2007-06-25 00:00:00-04:00,53676.0,53676.0,49770.0,49770.0,7,0.0,0.0
2007-06-26 00:00:00-04:00,51975.0,55125.0,50085.0,50274.0,5,0.0,0.0
2007-06-27 00:00:00-04:00,51030.0,51030.0,50400.0,50904.0,5,0.0,0.0
2007-06-28 00:00:00-04:00,51030.0,52101.0,51030.0,51912.0,5,0.0,0.0
2007-06-29 00:00:00-04:00,52290.0,53487.0,51030.0,51408.0,5,0.0,0.0
2007-07-02 00:00:00-04:00,52290.0,53487.0,51282.0,51471.0,3,0.0,0.0
2007-07-03 00:00:00-04:00,52353.0,52920.0,52038.0,52038.0,1,0.0,0.0
2007-07-05 00:00:00-04:00,53298.0,54810.0,52542.0,54117.0,6,0.0,0.0
2007-07-06 00:00:00-04:00,54684.0,55125.0,53046.0,54495.0,7,0.0,0.0
2007-07-09 00:00:00-04:00,53802.0,54810.0,53802.0,54369.0,5,0.0,0.0
2007-07-10 00:00:00-04:00,54810.0,55377.0,54369.0,54810.0,8,0.0,0.0
2007-07-11 00:00:00-04:00,54495.0,56952.0,54495.0,56070.0,13,0.0,0.0
2007-07-12 00:00:00-04:00,56952.0,57015.0,54558.0,56700.0,10,0.0,0.0
2007-07-13 00:00:00-04:00,57204.0,60480.0,56700.0,59283.0,13,0.0,0.0
2007-07-16 00:00:00-04:00,59094.0,62370.0,52920.0,60291.0,32,0.0,0.0
2007-07-17 00:00:00-04:00,61236.0,72324.0,59598.0,68166.0,55,0.0,0.0
2007-07-18 00:00:00-04:00,68040.0,70875.0,62685.0,69300.0,39,0.0,0.0
2007-07-19 00:00:00-04:00,70560.0,70560.0,67410.0,69174.0,13,0.0,0.0
2007-07-20 00:00:00-04:00,69300.0,69300.0,66339.0,69300.0,11,0.0,0.0
2007-07-23 00:00:00-04:00,69363.0,71190.0,65583.0,67725.0,18,0.0,0.0
2007-07-24 00:00:00-04:00,66969.0,66969.0,61488.0,61992.0,19,0.0,0.0
2007-07-25 00:00:00-04:00,62370.0,67725.0,61488.0,64890.0,20,0.0,0.0
2007-07-26 00:00:00-04:00,63000.0,67725.0,61614.0,63945.0,19,0.0,0.0
2007-07-27 00:00:00-04:00,63378.0,64890.0,61110.0,61551.0,21,0.0,0.0
2007-07-30 00:00:00-04:00,62685.0,62685.0,55251.0,55755.0,19,0.0,0.0
2007-07-31 00:00:00-04:00,56700.0,56700.0,49455.0,49833.0,26,0.0,0.0
2007-08-01 00:00:00-04:00,50400.0,56322.0,47439.0,54684.0,23,0.0,0.0
2007-08-02 00:00:00-04:00,56007.0,64323.0,56007.0,61110.0,27,0.0,0.0
2007-08-03 00:00:00-04:00,59598.0,62055.0,57015.0,61929.0,8,0.0,0.0
2007-08-06 00:00:00-04:00,62874.0,62937.0,57960.0,59472.0,6,0.0,0.0
2007-08-07 00:00:00-04:00,60669.0,61362.0,58275.0,58779.0,6,0.0,0.0
2007-08-08 00:00:00-04:00,56700.0,56700.0,50022.0,54810.0,51,0.0,0.0
2007-08-09 00:00:00-04:00,55125.0,55755.0,52920.0,53550.0,9,0.0,0.0
2007-08-10 00:00:00-04:00,53550.0,53550.0,51156.0,51912.0,12,0.0,0.0
2007-08-13 00:00:00-04:00,51597.0,54054.0,51597.0,53298.0,7,0.0,0.0
2007-08-14 00:00:00-04:00,51408.0,56700.0,51408.0,53109.0,10,0.0,0.0
2007-08-15 00:00:00-04:00,51975.0,55818.0,51660.0,54054.0,12,0.0,0.0
2007-08-16 00:00:00-04:00,52290.0,52920.0,50778.0,51282.0,12,0.0,0.0
2007-08-17 00:00:00-04:00,52542.0,57330.0,49140.0,52731.0,33,0.0,0.0
2007-08-20 00:00:00-04:00,53613.0,53613.0,48699.0,49707.0,10,0.0,0.0
2007-08-21 00:00:00-04:00,49077.0,53550.0,47691.0,50274.0,11,0.0,0.0
2007-08-22 00:00:00-04:00,50400.0,50715.0,47691.0,48069.0,12,0.0,0.0
2007-08-23 00:00:00-04:00,48447.0,50400.0,47565.0,49329.0,5,0.0,0.0
2007-08-24 00:00:00-04:00,49518.0,50400.0,48825.0,49140.0,8,0.0,0.0
2007-08-27 00:00:00-04:00,50400.0,50400.0,46053.0,46116.0,7,0.0,0.0
2007-08-28 00:00:00-04:00,48069.0,48069.0,42840.0,42840.0,19,0.0,0.0
2007-08-29 00:00:00-04:00,44100.0,45108.0,43407.0,43848.0,10,0.0,0.0
2007-08-30 00:00:00-04:00,43407.0,44730.0,43281.0,43344.0,8,0.0,0.0
2007-08-31 00:00:00-04:00,43785.0,44793.0,43470.0,43848.0,7,0.0,0.0
2007-09-04 00:00:00-04:00,44163.0,44667.0,42966.0,43470.0,7,0.0,0.0
2007-09-05 00:00:00-04:00,43785.0,44478.0,42903.0,43092.0,9,0.0,0.0
2007-09-06 00:00:00-04:00,42210.0,42588.0,40320.0,41958.0,16,0.0,0.0
2007-09-07 00:00:00-04:00,41895.0,43155.0,41895.0,42903.0,2,0.0,0.0
2007-09-10 00:00:00-04:00,42840.0,42966.0,41454.0,41517.0,3,0.0,0.0
2007-09-11 00:00:00-04:00,41517.0,41643.0,40131.0,40761.0,5,0.0,0.0
2007-09-12 00:00:00-04:00,40824.0,42966.0,40824.0,41139.0,7,0.0,0.0
2007-09-13 00:00:00-04:00,40887.0,40950.0,37296.0,37674.0,15,0.0,0.0
2007-09-14 00:00:00-04:00,37359.0,37359.0,30492.0,30807.0,38,0.0,0.0
2007-09-17 00:00:00-04:00,32067.0,43470.0,31185.0,42651.0,81,0.0,0.0
2007-09-18 00:00:00-04:00,42651.0,42903.0,37926.0,38934.0,20,0.0,0.0
2007-09-19 00:00:00-04:00,39060.0,40824.0,39060.0,40824.0,10,0.0,0.0
2007-09-20 00:00:00-04:00,40572.0,42462.0,37926.0,39375.0,9,0.0,0.0
2007-09-21 00:00:00-04:00,39753.0,44100.0,39186.0,44037.0,9,0.0,0.0
2007-09-24 00:00:00-04:00,43470.0,47502.0,40320.0,45738.0,24,0.0,0.0
2007-09-25 00:00:00-04:00,46053.0,48762.0,44730.0,48573.0,17,0.0,0.0
2007-09-26 00:00:00-04:00,49014.0,49203.0,44730.0,48006.0,6,0.0,0.0
2007-09-27 00:00:00-04:00,45738.0,47754.0,45045.0,46494.0,10,0.0,0.0
2007-09-28 00:00:00-04:00,47502.0,47502.0,45990.0,47250.0,3,0.0,0.0
2007-10-01 00:00:00-04:00,46935.0,46998.0,44163.0,45045.0,7,0.0,0.0
2007-10-02 00:00:00-04:00,44856.0,45675.0,41013.0,45360.0,5,0.0,0.0
2007-10-03 00:00:00-04:00,45423.0,48006.0,45423.0,46305.0,3,0.0,0.0
2007-10-04 00:00:00-04:00,45675.0,46935.0,43911.0,46053.0,3,0.0,0.0
2007-10-05 00:00:00-04:00,46620.0,47943.0,43155.0,44415.0,8,0.0,0.0
2007-10-08 00:00:00-04:00,45801.0,45801.0,40950.0,42336.0,14,0.0,0.0
2007-10-09 00:00:00-04:00,42777.0,42777.0,40950.0,40950.0,6,0.0,0.0
2007-10-10 00:00:00-04:00,41265.0,42966.0,40131.0,40887.0,4,0.0,0.0
2007-10-11 00:00:00-04:00,45675.0,45675.0,40635.0,41265.0,4,0.0,0.0
2007-10-12 00:00:00-04:00,40761.0,41895.0,38304.0,41076.0,7,0.0,0.0
2007-10-15 00:00:00-04:00,41076.0,41265.0,40383.0,40698.0,6,0.0,0.0
2007-10-16 00:00:00-04:00,41454.0,41769.0,40509.0,41769.0,6,0.0,0.0
2007-10-17 00:00:00-04:00,42336.0,43785.0,40950.0,42840.0,20,0.0,0.0
2007-10-18 00:00:00-04:00,42840.0,43659.0,40698.0,43659.0,6,0.0,0.0
2007-10-19 00:00:00-04:00,43470.0,44100.0,41643.0,41643.0,6,0.0,0.0
2007-10-22 00:00:00-04:00,42210.0,44415.0,39186.0,43092.0,6,0.0,0.0
2007-10-23 00:00:00-04:00,43722.0,44415.0,37863.0,39564.0,10,0.0,0.0
2007-10-24 00:00:00-04:00,40950.0,43218.0,40950.0,41895.0,10,0.0,0.0
2007-10-25 00:00:00-04:00,42273.0,45990.0,42273.0,45360.0,18,0.0,0.0
2007-10-26 00:00:00-04:00,46053.0,47691.0,45927.0,46305.0,12,0.0,0.0
2007-10-29 00:00:00-04:00,47124.0,48825.0,46116.0,46620.0,14,0.0,0.0
2007-10-30 00:00:00-04:00,46998.0,49518.0,46998.0,49518.0,7,0.0,0.0
2007-10-31 00:00:00-04:00,49329.0,49518.0,47880.0,47880.0,14,0.0,0.0
2007-11-01 00:00:00-04:00,47880.0,48195.0,44415.0,44730.0,3,0.0,0.0
2007-11-02 00:00:00-04:00,45360.0,45990.0,42588.0,43785.0,6,0.0,0.0
2007-11-05 00:00:00-05:00,43155.0,44100.0,42525.0,43533.0,7,0.0,0.0
2007-11-06 00:00:00-05:00,42966.0,44793.0,42966.0,43470.0,10,0.0,0.0
2007-11-07 00:00:00-05:00,43470.0,43533.0,42273.0,42399.0,3,0.0,0.0
2007-11-08 00:00:00-05:00,42714.0,43155.0,41391.0,41832.0,3,0.0,0.0
2007-11-09 00:00:00-05:00,42147.0,42840.0,41202.0,42462.0,2,0.0,0.0
2007-11-12 00:00:00-05:00,43092.0,43092.0,40950.0,40950.0,4,0.0,0.0
2007-11-13 00:00:00-05:00,41265.0,41517.0,40635.0,41517.0,1,0.0,0.0
2007-11-14 00:00:00-05:00,42714.0,43470.0,38115.0,38115.0,7,0.0,0.0
2007-11-15 00:00:00-05:00,37044.0,37359.0,33705.0,34524.0,15,0.0,0.0
2007-11-16 00:00:00-05:00,34146.0,36540.0,31185.0,31311.0,18,0.0,0.0
2007-11-19 00:00:00-05:00,31815.0,35973.0,31185.0,31626.0,18,0.0,0.0
2007-11-20 00:00:00-05:00,31563.0,33075.0,31500.0,32256.0,4,0.0,0.0
2007-11-21 00:00:00-05:00,32319.0,32319.0,30807.0,31059.0,6,0.0,0.0
2007-11-23 00:00:00-05:00,31815.0,31815.0,31059.0,31563.0,1,0.0,0.0
2007-11-26 00:00:00-05:00,31941.0,32067.0,31500.0,31500.0,3,0.0,0.0
2007-11-27 00:00:00-05:00,32634.0,32634.0,31500.0,32130.0,5,0.0,0.0
2007-11-28 00:00:00-05:00,32193.0,34965.0,32130.0,34650.0,7,0.0,0.0
2007-11-29 00:00:00-05:00,34335.0,35217.0,31752.0,33075.0,8,0.0,0.0
2007-11-30 00:00:00-05:00,32823.0,33264.0,31500.0,31500.0,4,0.0,0.0
2007-12-03 00:00:00-05:00,31563.0,32067.0,30051.0,30051.0,6,0.0,0.0
2007-12-04 00:00:00-05:00,30240.0,30240.0,29925.0,30177.0,3,0.0,0.0
2007-12-05 00:00:00-05:00,30240.0,30240.0,29925.0,29988.0,3,0.0,0.0
2007-12-06 00:00:00-05:00,30177.0,30240.0,26460.0,27090.0,10,0.0,0.0
2007-12-07 00:00:00-05:00,27090.0,29547.0,27090.0,28350.0,7,0.0,0.0
2007-12-10 00:00:00-05:00,28350.0,28476.0,27468.0,27468.0,7,0.0,0.0
2007-12-11 00:00:00-05:00,27468.0,28035.0,24570.0,26523.0,8,0.0,0.0
2007-12-12 00:00:00-05:00,26775.0,26775.0,26019.0,26208.0,6,0.0,0.0
2007-12-13 00:00:00-05:00,26208.0,26460.0,24066.0,24570.0,6,0.0,0.0
2007-12-14 00:00:00-05:00,24570.0,26712.0,24570.0,26460.0,15,0.0,0.0
2007-12-17 00:00:00-05:00,25326.0,25830.0,24570.0,25011.0,7,0.0,0.0
2007-12-18 00:00:00-05:00,25767.0,26775.0,24885.0,25389.0,6,0.0,0.0
2007-12-19 00:00:00-05:00,26082.0,26712.0,23625.0,23625.0,15,0.0,0.0
2007-12-20 00:00:00-05:00,24129.0,26460.0,23751.0,26082.0,12,0.0,0.0
2007-12-21 00:00:00-05:00,25389.0,26145.0,25074.0,25452.0,8,0.0,0.0
2007-12-24 00:00:00-05:00,25200.0,25326.0,24507.0,24507.0,3,0.0,0.0
2007-12-26 00:00:00-05:00,24885.0,25137.0,24507.0,24507.0,6,0.0,0.0
2007-12-27 00:00:00-05:00,24003.0,24885.0,24003.0,24885.0,9,0.0,0.0
2007-12-28 00:00:00-05:00,24381.0,24381.0,23562.0,24066.0,13,0.0,0.0
2007-12-31 00:00:00-05:00,24381.0,26334.0,23373.0,25830.0,18,0.0,0.0
2008-01-02 00:00:00-05:00,26460.0,26460.0,25830.0,26334.0,6,0.0,0.0
2008-01-03 00:00:00-05:00,26397.0,30681.0,26145.0,30681.0,7,0.0,0.0
2008-01-04 00:00:00-05:00,32004.0,32004.0,28854.0,30429.0,7,0.0,0.0
2008-01-07 00:00:00-05:00,32067.0,32067.0,29610.0,30303.0,2,0.0,0.0
2008-01-08 00:00:00-05:00,28980.0,31374.0,28098.0,30618.0,4,0.0,0.0
2008-01-09 00:00:00-05:00,31500.0,31500.0,28917.0,30618.0,3,0.0,0.0
2008-01-10 00:00:00-05:00,30555.0,30555.0,28350.0,29862.0,2,0.0,0.0
2008-01-11 00:00:00-05:00,29295.0,30429.0,28980.0,29295.0,4,0.0,0.0
2008-01-14 00:00:00-05:00,29610.0,30618.0,28035.0,28350.0,6,0.0,0.0
2008-01-15 00:00:00-05:00,27657.0,29232.0,20160.0,22932.0,32,0.0,0.0
2008-01-16 00:00:00-05:00,20538.0,24948.0,20286.0,24255.0,19,0.0,0.0
2008-01-17 00:00:00-05:00,23940.0,25830.0,22050.0,23121.0,10,0.0,0.0
2008-01-18 00:00:00-05:00,23751.0,25515.0,21735.0,24444.0,10,0.0,0.0
2008-01-22 00:00:00-05:00,22743.0,26775.0,22365.0,25515.0,10,0.0,0.0
2008-01-23 00:00:00-05:00,25263.0,27090.0,22680.0,25452.0,16,0.0,0.0
2008-01-24 00:00:00-05:00,25452.0,26775.0,23625.0,26019.0,29,0.0,0.0
2008-01-25 00:00:00-05:00,26775.0,26775.0,25515.0,25578.0,8,0.0,0.0
2008-01-28 00:00:00-05:00,25200.0,25641.0,25200.0,25515.0,0,0.0,0.0
2008-01-29 00:00:00-05:00,25200.0,26712.0,25200.0,26460.0,2,0.0,0.0
2008-01-30 00:00:00-05:00,26145.0,27153.0,26145.0,27153.0,3,0.0,0.0
2008-01-31 00:00:00-05:00,27090.0,28098.0,26901.0,27342.0,4,0.0,0.0
2008-02-01 00:00:00-05:00,28035.0,31437.0,27405.0,30429.0,7,0.0,0.0
2008-02-04 00:00:00-05:00,30996.0,37800.0,30996.0,36162.0,12,0.0,0.0
2008-02-05 00:00:00-05:00,35595.0,40887.0,35595.0,38304.0,18,0.0,0.0
2008-02-06 00:00:00-05:00,38934.0,39375.0,34902.0,34902.0,10,0.0,0.0
2008-02-07 00:00:00-05:00,34902.0,39501.0,31059.0,32193.0,10,0.0,0.0
2008-02-08 00:00:00-05:00,32193.0,33075.0,31248.0,31437.0,9,0.0,0.0
2008-02-11 00:00:00-05:00,32130.0,33075.0,31374.0,31563.0,5,0.0,0.0
2008-02-12 00:00:00-05:00,32193.0,33390.0,31941.0,33012.0,3,0.0,0.0
2008-02-13 00:00:00-05:00,33957.0,34965.0,33957.0,34965.0,4,0.0,0.0
2008-02-14 00:00:00-05:00,35532.0,38052.0,35532.0,36225.0,17,0.0,0.0
2008-02-15 00:00:00-05:00,36792.0,37737.0,34335.0,35343.0,7,0.0,0.0
2008-02-19 00:00:00-05:00,36036.0,39123.0,36036.0,37737.0,9,0.0,0.0
2008-02-20 00:00:00-05:00,37737.0,37863.0,37044.0,37422.0,2,0.0,0.0
2008-02-21 00:00:00-05:00,37485.0,37863.0,37359.0,37548.0,5,0.0,0.0
2008-02-22 00:00:00-05:00,37233.0,37611.0,35343.0,35532.0,7,0.0,0.0
2008-02-25 00:00:00-05:00,35154.0,35406.0,34146.0,34650.0,2,0.0,0.0
2008-02-26 00:00:00-05:00,34776.0,37485.0,34335.0,36099.0,4,0.0,0.0
2008-02-27 00:00:00-05:00,37170.0,39501.0,36036.0,36288.0,9,0.0,0.0
2008-02-28 00:00:00-05:00,39186.0,39186.0,35658.0,36288.0,10,0.0,0.0
2008-02-29 00:00:00-05:00,36855.0,37674.0,35658.0,35658.0,6,0.0,0.0
2008-03-03 00:00:00-05:00,34713.0,34713.0,31500.0,31500.0,10,0.0,0.0
2008-03-04 00:00:00-05:00,31500.0,34650.0,31500.0,32760.0,7,0.0,0.0
2008-03-05 00:00:00-05:00,31815.0,37800.0,31689.0,37422.0,8,0.0,0.0
2008-03-06 00:00:00-05:00,37422.0,37800.0,34398.0,36351.0,4,0.0,0.0
2008-03-07 00:00:00-05:00,35658.0,35910.0,32760.0,34146.0,4,0.0,0.0
2008-03-10 00:00:00-04:00,34335.0,34335.0,31500.0,31941.0,4,0.0,0.0
2008-03-11 00:00:00-04:00,32886.0,32886.0,30933.0,31500.0,3,0.0,0.0
2008-03-12 00:00:00-04:00,32130.0,34398.0,31185.0,31500.0,2,0.0,0.0
2008-03-13 00:00:00-04:00,33264.0,33264.0,30303.0,30744.0,4,0.0,0.0
2008-03-14 00:00:00-04:00,32256.0,34398.0,29484.0,29484.0,5,0.0,0.0
2008-03-17 00:00:00-04:00,29295.0,31500.0,29295.0,30429.0,3,0.0,0.0
2008-03-18 00:00:00-04:00,31500.0,31815.0,30744.0,31815.0,2,0.0,0.0
2008-03-19 00:00:00-04:00,31815.0,32067.0,31563.0,31689.0,3,0.0,0.0
2008-03-20 00:00:00-04:00,30492.0,32697.0,30492.0,32319.0,3,0.0,0.0
2008-03-24 00:00:00-04:00,33075.0,34020.0,32760.0,33516.0,2,0.0,0.0
2008-03-25 00:00:00-04:00,32760.0,35469.0,32760.0,33453.0,9,0.0,0.0
2008-03-26 00:00:00-04:00,33390.0,34272.0,32886.0,33012.0,3,0.0,0.0
2008-03-27 00:00:00-04:00,36162.0,45927.0,35343.0,43092.0,51,0.0,0.0
2008-03-28 00:00:00-04:00,37800.0,37800.0,30240.0,31815.0,71,0.0,0.0
2008-03-31 00:00:00-04:00,33075.0,33075.0,31374.0,31878.0,22,0.0,0.0
2008-04-01 00:00:00-04:00,32256.0,33075.0,31500.0,32067.0,11,0.0,0.0
2008-04-02 00:00:00-04:00,32130.0,32760.0,31941.0,32130.0,6,0.0,0.0
2008-04-03 00:00:00-04:00,32760.0,33831.0,31815.0,32130.0,17,0.0,0.0
2008-04-04 00:00:00-04:00,33012.0,33075.0,31941.0,32571.0,7,0.0,0.0
2008-04-07 00:00:00-04:00,32949.0,32949.0,31878.0,32130.0,5,0.0,0.0
2008-04-08 00:00:00-04:00,31815.0,33075.0,31563.0,32004.0,7,0.0,0.0
2008-04-09 00:00:00-04:00,32004.0,33894.0,31500.0,31500.0,5,0.0,0.0
2008-04-10 00:00:00-04:00,31878.0,32067.0,31437.0,31563.0,3,0.0,0.0
2008-04-11 00:00:00-04:00,31878.0,33075.0,31437.0,32130.0,16,0.0,0.0
2008-04-14 00:00:00-04:00,31563.0,32949.0,30870.0,30870.0,4,0.0,0.0
2008-04-15 00:00:00-04:00,31500.0,31626.0,30681.0,30744.0,3,0.0,0.0
2008-04-16 00:00:00-04:00,31185.0,32256.0,31185.0,31311.0,5,0.0,0.0
2008-04-17 00:00:00-04:00,31752.0,33012.0,31752.0,32634.0,7,0.0,0.0
2008-04-18 00:00:00-04:00,32571.0,32760.0,32004.0,32130.0,6,0.0,0.0
2008-04-21 00:00:00-04:00,32130.0,32256.0,31500.0,31563.0,4,0.0,0.0
2008-04-22 00:00:00-04:00,31941.0,32697.0,30996.0,31500.0,4,0.0,0.0
2008-04-23 00:00:00-04:00,32193.0,32193.0,31185.0,31185.0,2,0.0,0.0
2008-04-24 00:00:00-04:00,31689.0,31689.0,31311.0,31374.0,2,0.0,0.0
2008-04-25 00:00:00-04:00,31374.0,31815.0,30555.0,30870.0,2,0.0,0.0
2008-04-28 00:00:00-04:00,31122.0,31122.0,29736.0,30366.0,7,0.0,0.0
2008-04-29 00:00:00-04:00,30555.0,30555.0,27468.0,28161.0,12,0.0,0.0
2008-04-30 00:00:00-04:00,26901.0,27342.0,25830.0,26334.0,14,0.0,0.0
2008-05-01 00:00:00-04:00,26586.0,27783.0,25200.0,25200.0,13,0.0,0.0
2008-05-02 00:00:00-04:00,24948.0,25767.0,24255.0,24507.0,12,0.0,0.0
2008-05-05 00:00:00-04:00,24570.0,25704.0,23310.0,25452.0,7,0.0,0.0
2008-05-06 00:00:00-04:00,25578.0,25578.0,23373.0,25200.0,8,0.0,0.0
2008-05-07 00:00:00-04:00,25074.0,25137.0,24255.0,25074.0,2,0.0,0.0
2008-05-08 00:00:00-04:00,25200.0,25200.0,24570.0,24570.0,6,0.0,0.0
2008-05-09 00:00:00-04:00,24570.0,24885.0,24507.0,24633.0,2,0.0,0.0
2008-05-12 00:00:00-04:00,24570.0,24696.0,23310.0,23310.0,8,0.0,0.0
2008-05-13 00:00:00-04:00,23688.0,23814.0,22680.0,23184.0,3,0.0,0.0
2008-05-14 00:00:00-04:00,23184.0,23310.0,21420.0,22491.0,6,0.0,0.0
2008-05-15 00:00:00-04:00,22932.0,26082.0,22932.0,24570.0,8,0.0,0.0
2008-05-16 00:00:00-04:00,25200.0,25578.0,23940.0,24003.0,4,0.0,0.0
2008-05-19 00:00:00-04:00,24381.0,25200.0,24255.0,24444.0,3,0.0,0.0
2008-05-20 00:00:00-04:00,25074.0,26145.0,25074.0,25515.0,2,0.0,0.0
2008-05-21 00:00:00-04:00,25200.0,25893.0,24570.0,25200.0,2,0.0,0.0
2008-05-22 00:00:00-04:00,25200.0,25326.0,24633.0,25011.0,2,0.0,0.0
2008-05-23 00:00:00-04:00,25263.0,25263.0,23877.0,24318.0,2,0.0,0.0
2008-05-27 00:00:00-04:00,24003.0,24822.0,24003.0,24129.0,3,0.0,0.0
2008-05-28 00:00:00-04:00,24129.0,25011.0,22428.0,23121.0,5,0.0,0.0
2008-05-29 00:00:00-04:00,23436.0,24759.0,23436.0,24759.0,3,0.0,0.0
2008-05-30 00:00:00-04:00,25137.0,25263.0,25011.0,25137.0,7,0.0,0.0
2008-06-02 00:00:00-04:00,25200.0,25263.0,24444.0,24507.0,2,0.0,0.0
2008-06-03 00:00:00-04:00,24507.0,24633.0,24507.0,24507.0,1,0.0,0.0
2008-06-04 00:00:00-04:00,24570.0,25137.0,24444.0,24444.0,2,0.0,0.0
2008-06-05 00:00:00-04:00,24003.0,24570.0,24003.0,24192.0,2,0.0,0.0
2008-06-06 00:00:00-04:00,24570.0,24822.0,24129.0,24192.0,4,0.0,0.0
2008-06-09 00:00:00-04:00,24192.0,24192.0,23625.0,24003.0,3,0.0,0.0
2008-06-10 00:00:00-04:00,23625.0,23625.0,21798.0,21987.0,8,0.0,0.0
2008-06-11 00:00:00-04:00,22239.0,22239.0,20790.0,21294.0,8,0.0,0.0
2008-06-12 00:00:00-04:00,24192.0,24192.0,20727.0,20790.0,9,0.0,0.0
2008-06-13 00:00:00-04:00,20790.0,20790.0,17955.0,19341.0,16,0.0,0.0
2008-06-16 00:00:00-04:00,19530.0,20097.0,17388.0,18081.0,28,0.0,0.0
2008-06-17 00:00:00-04:00,18774.0,19719.0,18270.0,18585.0,15,0.0,0.0
2008-06-18 00:00:00-04:00,18774.0,18900.0,17325.0,17514.0,9,0.0,0.0
2008-06-19 00:00:00-04:00,18837.0,18900.0,17577.0,17577.0,17,0.0,0.0
2008-06-20 00:00:00-04:00,18837.0,18900.0,17640.0,18459.0,10,0.0,0.0
2008-06-23 00:00:00-04:00,18900.0,18900.0,17388.0,17892.0,6,0.0,0.0
2008-06-24 00:00:00-04:00,17892.0,18900.0,17514.0,18459.0,5,0.0,0.0
2008-06-25 00:00:00-04:00,18333.0,18333.0,16569.0,17010.0,12,0.0,0.0
2008-06-26 00:00:00-04:00,16506.0,17262.0,15750.0,16695.0,7,0.0,0.0
2008-06-27 00:00:00-04:00,16695.0,17073.0,15750.0,16128.0,7,0.0,0.0
2008-06-30 00:00:00-04:00,16128.0,17262.0,14805.0,15183.0,7,0.0,0.0
2008-07-01 00:00:00-04:00,15246.0,15435.0,14301.0,14427.0,10,0.0,0.0
2008-07-02 00:00:00-04:00,14364.0,15876.0,14364.0,14679.0,3,0.0,0.0
2008-07-03 00:00:00-04:00,14994.0,16254.0,14994.0,16065.0,3,0.0,0.0
2008-07-07 00:00:00-04:00,15813.0,15813.0,15183.0,15435.0,6,0.0,0.0
2008-07-08 00:00:00-04:00,15057.0,16065.0,14553.0,15750.0,3,0.0,0.0
2008-07-09 00:00:00-04:00,15876.0,15939.0,15687.0,15876.0,1,0.0,0.0
2008-07-10 00:00:00-04:00,15687.0,17640.0,15687.0,17325.0,8,0.0,0.0
2008-07-11 00:00:00-04:00,17325.0,17766.0,17325.0,17703.0,1,0.0,0.0
2008-07-14 00:00:00-04:00,16569.0,16947.0,15939.0,16695.0,9,0.0,0.0
2008-07-15 00:00:00-04:00,16443.0,16632.0,16191.0,16443.0,3,0.0,0.0
2008-07-16 00:00:00-04:00,15876.0,17262.0,15813.0,17262.0,12,0.0,0.0
2008-07-17 00:00:00-04:00,17577.0,18270.0,17073.0,17577.0,3,0.0,0.0
2008-07-18 00:00:00-04:00,17073.0,17325.0,16443.0,17073.0,2,0.0,0.0
2008-07-21 00:00:00-04:00,16947.0,17829.0,16947.0,17829.0,2,0.0,0.0
2008-07-22 00:00:00-04:00,17577.0,17955.0,17577.0,17829.0,1,0.0,0.0
2008-07-23 00:00:00-04:00,17136.0,19467.0,17136.0,19404.0,7,0.0,0.0
2008-07-24 00:00:00-04:00,19530.0,20538.0,19341.0,20412.0,4,0.0,0.0
2008-07-25 00:00:00-04:00,20916.0,20916.0,19845.0,20412.0,1,0.0,0.0
2008-07-28 00:00:00-04:00,20853.0,20853.0,18900.0,18900.0,2,0.0,0.0
2008-07-29 00:00:00-04:00,18585.0,18585.0,17325.0,17766.0,3,0.0,0.0
2008-07-30 00:00:00-04:00,18081.0,18081.0,17766.0,18081.0,2,0.0,0.0
2008-07-31 00:00:00-04:00,18333.0,18333.0,17892.0,18144.0,6,0.0,0.0
2008-08-01 00:00:00-04:00,18144.0,19215.0,18144.0,19215.0,2,0.0,0.0
2008-08-04 00:00:00-04:00,19656.0,19719.0,19404.0,19530.0,4,0.0,0.0
2008-08-05 00:00:00-04:00,20097.0,20412.0,19719.0,20412.0,3,0.0,0.0
2008-08-06 00:00:00-04:00,20790.0,20790.0,17640.0,17955.0,10,0.0,0.0
2008-08-07 00:00:00-04:00,18333.0,18648.0,17640.0,17703.0,3,0.0,0.0
2008-08-08 00:00:00-04:00,17955.0,18270.0,17955.0,18270.0,2,0.0,0.0
2008-08-11 00:00:00-04:00,18270.0,18459.0,18081.0,18207.0,14,0.0,0.0
2008-08-12 00:00:00-04:00,18144.0,18270.0,17892.0,18018.0,1,0.0,0.0
2008-08-13 00:00:00-04:00,18081.0,18837.0,15750.0,16002.0,6,0.0,0.0
2008-08-14 00:00:00-04:00,16695.0,17703.0,16065.0,17577.0,4,0.0,0.0
2008-08-15 00:00:00-04:00,18648.0,18648.0,17703.0,18018.0,3,0.0,0.0
2008-08-18 00:00:00-04:00,18270.0,18270.0,17829.0,18018.0,1,0.0,0.0
2008-08-19 00:00:00-04:00,18018.0,18018.0,15687.0,16695.0,9,0.0,0.0
2008-08-20 00:00:00-04:00,16191.0,17325.0,16191.0,17010.0,1,0.0,0.0
2008-08-21 00:00:00-04:00,16758.0,18270.0,16758.0,17136.0,1,0.0,0.0
2008-08-22 00:00:00-04:00,17577.0,17955.0,17325.0,17892.0,1,0.0,0.0
2008-08-25 00:00:00-04:00,18270.0,18270.0,16947.0,17073.0,4,0.0,0.0
2008-08-26 00:00:00-04:00,17010.0,18270.0,16695.0,17325.0,5,0.0,0.0
2008-08-27 00:00:00-04:00,17640.0,18270.0,17640.0,18270.0,2,0.0,0.0
2008-08-28 00:00:00-04:00,18270.0,18270.0,17388.0,17640.0,4,0.0,0.0
2008-08-29 00:00:00-04:00,17955.0,18144.0,16947.0,18018.0,3,0.0,0.0
2008-09-02 00:00:00-04:00,17829.0,17955.0,17640.0,17766.0,3,0.0,0.0
2008-09-03 00:00:00-04:00,18018.0,18018.0,17640.0,17640.0,1,0.0,0.0
2008-09-04 00:00:00-04:00,17955.0,17955.0,17199.0,17199.0,3,0.0,0.0
2008-09-05 00:00:00-04:00,17640.0,17640.0,16443.0,16821.0,2,0.0,0.0
2008-09-08 00:00:00-04:00,16506.0,17010.0,16506.0,16758.0,2,0.0,0.0
2008-09-09 00:00:00-04:00,16569.0,16758.0,15246.0,15498.0,4,0.0,0.0
2008-09-10 00:00:00-04:00,15120.0,15120.0,13923.0,14175.0,3,0.0,0.0
2008-09-11 00:00:00-04:00,16254.0,16254.0,13860.0,13860.0,5,0.0,0.0
2008-09-12 00:00:00-04:00,13986.0,13986.0,13230.0,13482.0,3,0.0,0.0
2008-09-15 00:00:00-04:00,12978.0,13608.0,11844.0,12033.0,5,0.0,0.0
2008-09-16 00:00:00-04:00,11718.0,11844.0,10395.0,10962.0,6,0.0,0.0
2008-09-17 00:00:00-04:00,10332.0,11466.0,10332.0,11466.0,6,0.0,0.0
2008-09-18 00:00:00-04:00,11466.0,12600.0,10395.0,12222.0,4,0.0,0.0
2008-09-19 00:00:00-04:00,12600.0,17640.0,12600.0,13419.0,4,0.0,0.0
2008-09-22 00:00:00-04:00,13608.0,14553.0,13545.0,14553.0,2,0.0,0.0
2008-09-23 00:00:00-04:00,14049.0,14805.0,13545.0,14049.0,2,0.0,0.0
2008-09-24 00:00:00-04:00,14490.0,14490.0,13608.0,13734.0,2,0.0,0.0
2008-09-25 00:00:00-04:00,13860.0,13860.0,13293.0,13545.0,3,0.0,0.0
2008-09-26 00:00:00-04:00,13293.0,13293.0,11340.0,11403.0,5,0.0,0.0
2008-09-29 00:00:00-04:00,11970.0,12285.0,1260.0,10710.0,4,0.0,0.0
2008-09-30 00:00:00-04:00,12600.0,12600.0,11907.0,11970.0,3,0.0,0.0
2008-10-01 00:00:00-04:00,11655.0,11655.0,10458.0,10962.0,5,0.0,0.0
2008-10-02 00:00:00-04:00,12159.0,12159.0,10710.0,10710.0,5,0.0,0.0
2008-10-03 00:00:00-04:00,11529.0,11529.0,10080.0,10080.0,2,0.0,0.0
2008-10-06 00:00:00-04:00,10458.0,10710.0,9450.0,10332.0,10,0.0,0.0
2008-10-07 00:00:00-04:00,10395.0,10395.0,9450.0,9450.0,3,0.0,0.0
2008-10-08 00:00:00-04:00,9450.0,9765.0,6930.0,9450.0,13,0.0,0.0
2008-10-09 00:00:00-04:00,10899.0,10899.0,8631.0,8631.0,10,0.0,0.0
2008-10-10 00:00:00-04:00,8190.0,8568.0,6930.0,7875.0,5,0.0,0.0
2008-10-13 00:00:00-04:00,8379.0,9009.0,7875.0,8883.0,7,0.0,0.0
2008-10-14 00:00:00-04:00,8946.0,9387.0,7812.0,8316.0,2,0.0,0.0
2008-10-15 00:00:00-04:00,8253.0,9072.0,8190.0,9072.0,1,0.0,0.0
2008-10-16 00:00:00-04:00,8820.0,9072.0,7623.0,8946.0,5,0.0,0.0
2008-10-17 00:00:00-04:00,9639.0,9639.0,8316.0,9387.0,6,0.0,0.0
2008-10-20 00:00:00-04:00,9954.0,9954.0,8694.0,9828.0,7,0.0,0.0
2008-10-21 00:00:00-04:00,9765.0,9828.0,9387.0,9450.0,2,0.0,0.0
2008-10-22 00:00:00-04:00,9450.0,9639.0,8505.0,8946.0,5,0.0,0.0
2008-10-23 00:00:00-04:00,9135.0,9324.0,8505.0,8505.0,2,0.0,0.0
2008-10-24 00:00:00-04:00,8505.0,8631.0,8316.0,8568.0,2,0.0,0.0
2008-10-27 00:00:00-04:00,8442.0,8442.0,7560.0,7560.0,4,0.0,0.0
2008-10-28 00:00:00-04:00,8127.0,8190.0,7056.0,7686.0,4,0.0,0.0
2008-10-29 00:00:00-04:00,7434.0,7623.0,6867.0,7056.0,2,0.0,0.0
2008-10-30 00:00:00-04:00,7308.0,7308.0,6048.0,6111.0,9,0.0,0.0
2008-10-31 00:00:00-04:00,6300.0,6552.0,6111.0,6300.0,12,0.0,0.0
2008-11-03 00:00:00-05:00,6489.0,7119.0,6489.0,6804.0,6,0.0,0.0
2008-11-04 00:00:00-05:00,6426.0,6930.0,6426.0,6678.0,4,0.0,0.0
2008-11-05 00:00:00-05:00,6615.0,6615.0,6048.0,6111.0,2,0.0,0.0
2008-11-06 00:00:00-05:00,7056.0,7056.0,6174.0,6552.0,8,0.0,0.0
2008-11-07 00:00:00-05:00,6867.0,6867.0,5040.0,5040.0,12,0.0,0.0
2008-11-10 00:00:00-05:00,6174.0,6174.0,4977.0,5040.0,11,0.0,0.0
2008-11-11 00:00:00-05:00,4977.0,4977.0,4725.0,4977.0,2,0.0,0.0
2008-11-12 00:00:00-05:00,4977.0,5040.0,4599.0,4599.0,1,0.0,0.0
2008-11-13 00:00:00-05:00,4410.0,4536.0,3780.0,4095.0,8,0.0,0.0
2008-11-14 00:00:00-05:00,4158.0,4158.0,3465.0,3528.0,10,0.0,0.0
2008-11-17 00:00:00-05:00,3465.0,3528.0,1701.0,2772.0,15,0.0,0.0
2008-11-18 00:00:00-05:00,3024.0,3024.0,2520.0,2709.0,7,0.0,0.0
2008-11-19 00:00:00-05:00,2520.0,4095.0,2520.0,3150.0,11,0.0,0.0
2008-11-20 00:00:00-05:00,3528.0,3780.0,3150.0,3717.0,3,0.0,0.0
2008-11-21 00:00:00-05:00,4095.0,4095.0,3150.0,3276.0,9,0.0,0.0
2008-11-24 00:00:00-05:00,3150.0,3276.0,3150.0,3150.0,5,0.0,0.0
2008-11-25 00:00:00-05:00,3276.0,3276.0,2835.0,2961.0,7,0.0,0.0
2008-11-26 00:00:00-05:00,3150.0,3150.0,3024.0,3024.0,3,0.0,0.0
2008-11-28 00:00:00-05:00,3591.0,3591.0,2898.0,2898.0,0,0.0,0.0
2008-12-01 00:00:00-05:00,3402.0,3402.0,2898.0,3024.0,2,0.0,0.0
2008-12-02 00:00:00-05:00,3150.0,3780.0,2961.0,3780.0,7,0.0,0.0
2008-12-03 00:00:00-05:00,3780.0,3780.0,2646.0,2772.0,30,0.0,0.0
2008-12-04 00:00:00-05:00,2772.0,2835.0,2205.0,2520.0,20,0.0,0.0
2008-12-05 00:00:00-05:00,2646.0,3150.0,2646.0,2835.0,10,0.0,0.0
2008-12-08 00:00:00-05:00,2835.0,2898.0,2709.0,2772.0,7,0.0,0.0
2008-12-09 00:00:00-05:00,2646.0,3024.0,2520.0,2520.0,10,0.0,0.0
2008-12-10 00:00:00-05:00,3024.0,3024.0,2205.0,2898.0,9,0.0,0.0
2008-12-11 00:00:00-05:00,2961.0,3654.0,2583.0,3150.0,15,0.0,0.0
2008-12-12 00:00:00-05:00,3150.0,3150.0,2583.0,2961.0,3,0.0,0.0
2008-12-15 00:00:00-05:00,2772.0,3024.0,2772.0,2835.0,7,0.0,0.0
2008-12-16 00:00:00-05:00,2772.0,3024.0,2772.0,2772.0,7,0.0,0.0
2008-12-17 00:00:00-05:00,3024.0,3150.0,2646.0,3150.0,8,0.0,0.0
2008-12-18 00:00:00-05:00,3150.0,3528.0,3150.0,3276.0,4,0.0,0.0
2008-12-19 00:00:00-05:00,3276.0,4032.0,3276.0,3528.0,7,0.0,0.0
2008-12-22 00:00:00-05:00,3906.0,4095.0,3528.0,4032.0,9,0.0,0.0
2008-12-23 00:00:00-05:00,4095.0,4851.0,4095.0,4473.0,11,0.0,0.0
2008-12-24 00:00:00-05:00,4725.0,6993.0,4536.0,6300.0,9,0.0,0.0
2008-12-26 00:00:00-05:00,6363.0,10080.0,6048.0,9450.0,18,0.0,0.0
2008-12-29 00:00:00-05:00,12222.0,12222.0,6300.0,8820.0,31,0.0,0.0
2008-12-30 00:00:00-05:00,9450.0,9450.0,7938.0,8568.0,13,0.0,0.0
2008-12-31 00:00:00-05:00,8820.0,9450.0,8820.0,9009.0,9,0.0,0.0
2009-01-02 00:00:00-05:00,9261.0,9576.0,8883.0,9387.0,5,0.0,0.0
2009-01-05 00:00:00-05:00,10332.0,11970.0,9828.0,10962.0,11,0.0,0.0
2009-01-06 00:00:00-05:00,10962.0,11340.0,10584.0,10710.0,3,0.0,0.0
2009-01-07 00:00:00-05:00,10269.0,10647.0,9954.0,10017.0,1,0.0,0.0
2009-01-08 00:00:00-05:00,9765.0,9828.0,9765.0,9765.0,1,0.0,0.0
2009-01-09 00:00:00-05:00,9828.0,9828.0,7875.0,8820.0,8,0.0,0.0
2009-01-12 00:00:00-05:00,8631.0,8757.0,7875.0,8064.0,3,0.0,0.0
2009-01-13 00:00:00-05:00,8442.0,8568.0,7875.0,7938.0,2,0.0,0.0
2009-01-14 00:00:00-05:00,8190.0,10458.0,8064.0,9702.0,2,0.0,0.0
2009-01-15 00:00:00-05:00,9450.0,9450.0,8568.0,8568.0,1,0.0,0.0
2009-01-16 00:00:00-05:00,9387.0,9450.0,9072.0,9450.0,0,0.0,0.0
2009-01-20 00:00:00-05:00,8568.0,9135.0,8505.0,8505.0,2,0.0,0.0
2009-01-21 00:00:00-05:00,8505.0,8505.0,7749.0,7875.0,7,0.0,0.0
2009-01-22 00:00:00-05:00,7371.0,7623.0,6678.0,7434.0,3,0.0,0.0
2009-01-23 00:00:00-05:00,7560.0,7623.0,6615.0,7119.0,2,0.0,0.0
2009-01-26 00:00:00-05:00,6930.0,7245.0,6678.0,6930.0,1,0.0,0.0
2009-01-27 00:00:00-05:00,9450.0,9450.0,7245.0,8379.0,16,0.0,0.0
2009-01-28 00:00:00-05:00,9450.0,9576.0,7938.0,7938.0,6,0.0,0.0
2009-01-29 00:00:00-05:00,7875.0,8316.0,7875.0,7938.0,2,0.0,0.0
2009-01-30 00:00:00-05:00,9009.0,10458.0,8442.0,10395.0,7,0.0,0.0
2009-02-02 00:00:00-05:00,10395.0,10458.0,9450.0,10395.0,6,0.0,0.0
2009-02-03 00:00:00-05:00,8064.0,10395.0,8064.0,9702.0,4,0.0,0.0
2009-02-04 00:00:00-05:00,9450.0,9765.0,8820.0,9135.0,1,0.0,0.0
2009-02-05 00:00:00-05:00,9639.0,10395.0,9639.0,10269.0,1,0.0,0.0
2009-02-06 00:00:00-05:00,10458.0,10710.0,10080.0,10143.0,2,0.0,0.0
2009-02-09 00:00:00-05:00,10080.0,10080.0,8631.0,8631.0,3,0.0,0.0
2009-02-10 00:00:00-05:00,9954.0,9954.0,8505.0,8631.0,7,0.0,0.0
2009-02-11 00:00:00-05:00,8820.0,9261.0,8820.0,8883.0,3,0.0,0.0
2009-02-12 00:00:00-05:00,8694.0,8694.0,7560.0,8190.0,6,0.0,0.0
2009-02-13 00:00:00-05:00,8883.0,9009.0,7875.0,8820.0,5,0.0,0.0
2009-02-17 00:00:00-05:00,8820.0,8883.0,7623.0,7875.0,11,0.0,0.0
2009-02-18 00:00:00-05:00,7812.0,7938.0,6678.0,6678.0,12,0.0,0.0
2009-02-19 00:00:00-05:00,7056.0,7245.0,6300.0,6363.0,16,0.0,0.0
2009-02-20 00:00:00-05:00,6300.0,6363.0,4536.0,6048.0,14,0.0,0.0
2009-02-23 00:00:00-05:00,5670.0,6237.0,5544.0,5670.0,7,0.0,0.0
2009-02-24 00:00:00-05:00,5796.0,7056.0,5418.0,7056.0,3,0.0,0.0
2009-02-25 00:00:00-05:00,7560.0,7875.0,6615.0,7623.0,6,0.0,0.0
2009-02-26 00:00:00-05:00,8064.0,8064.0,7056.0,7371.0,5,0.0,0.0
2009-02-27 00:00:00-05:00,7560.0,8820.0,7245.0,8820.0,9,0.0,0.0
2009-03-02 00:00:00-05:00,8883.0,8883.0,7686.0,8127.0,6,0.0,0.0
2009-03-03 00:00:00-05:00,8253.0,8253.0,7371.0,7434.0,3,0.0,0.0
2009-03-04 00:00:00-05:00,7560.0,7812.0,7245.0,7308.0,4,0.0,0.0
2009-03-05 00:00:00-05:00,7875.0,7875.0,6678.0,6678.0,4,0.0,0.0
2009-03-06 00:00:00-05:00,6741.0,6804.0,6426.0,6615.0,5,0.0,0.0
2009-03-09 00:00:00-04:00,6615.0,6993.0,6615.0,6615.0,1,0.0,0.0
2009-03-10 00:00:00-04:00,6615.0,6867.0,6615.0,6867.0,6,0.0,0.0
2009-03-11 00:00:00-04:00,7056.0,7182.0,6426.0,6426.0,3,0.0,0.0
2009-03-12 00:00:00-04:00,6804.0,11592.0,6426.0,7119.0,13,0.0,0.0
2009-03-13 00:00:00-04:00,7812.0,7875.0,6993.0,6993.0,2,0.0,0.0
2009-03-16 00:00:00-04:00,7875.0,7875.0,7056.0,7371.0,2,0.0,0.0
2009-03-17 00:00:00-04:00,7434.0,7560.0,6804.0,7245.0,4,0.0,0.0
2009-03-18 00:00:00-04:00,6804.0,7434.0,6804.0,7119.0,2,0.0,0.0
2009-03-19 00:00:00-04:00,6804.0,7812.0,6804.0,7308.0,1,0.0,0.0
2009-03-20 00:00:00-04:00,7686.0,8127.0,6678.0,6678.0,4,0.0,0.0
2009-03-23 00:00:00-04:00,7875.0,8064.0,6930.0,7560.0,2,0.0,0.0
2009-03-24 00:00:00-04:00,7560.0,8253.0,7056.0,7497.0,2,0.0,0.0
2009-03-25 00:00:00-04:00,9009.0,9009.0,6426.0,6426.0,6,0.0,0.0
2009-03-26 00:00:00-04:00,6804.0,7875.0,6489.0,7434.0,4,0.0,0.0
2009-03-27 00:00:00-04:00,7497.0,7497.0,6678.0,6930.0,1,0.0,0.0
2009-03-30 00:00:00-04:00,7938.0,7938.0,7056.0,7245.0,2,0.0,0.0
2009-03-31 00:00:00-04:00,8442.0,8568.0,6741.0,7938.0,14,0.0,0.0
2009-04-01 00:00:00-04:00,7497.0,7497.0,6678.0,6867.0,6,0.0,0.0
2009-04-02 00:00:00-04:00,7056.0,7371.0,6363.0,6930.0,13,0.0,0.0
2009-04-03 00:00:00-04:00,6930.0,7371.0,6363.0,6363.0,12,0.0,0.0
2009-04-06 00:00:00-04:00,6363.0,7497.0,6363.0,7434.0,10,0.0,0.0
2009-04-07 00:00:00-04:00,7434.0,7497.0,7371.0,7371.0,2,0.0,0.0
2009-04-08 00:00:00-04:00,7749.0,7812.0,7497.0,7497.0,0,0.0,0.0
2009-04-09 00:00:00-04:00,6930.0,7497.0,6426.0,6426.0,5,0.0,0.0
2009-04-13 00:00:00-04:00,6804.0,7119.0,6804.0,7056.0,4,0.0,0.0
2009-04-14 00:00:00-04:00,7245.0,7434.0,6489.0,7245.0,10,0.0,0.0
2009-04-15 00:00:00-04:00,6804.0,7182.0,6552.0,6552.0,2,0.0,0.0
2009-04-16 00:00:00-04:00,6678.0,7434.0,6615.0,6615.0,8,0.0,0.0
2009-04-17 00:00:00-04:00,7119.0,7119.0,6300.0,6867.0,4,0.0,0.0
2009-04-20 00:00:00-04:00,7245.0,7245.0,6615.0,6615.0,1,0.0,0.0
2009-04-21 00:00:00-04:00,6552.0,6615.0,6300.0,6615.0,5,0.0,0.0
2009-04-22 00:00:00-04:00,6615.0,6615.0,6615.0,6615.0,0,0.0,0.0
2009-04-23 00:00:00-04:00,6930.0,6930.0,6426.0,6489.0,3,0.0,0.0
2009-04-24 00:00:00-04:00,6615.0,6804.0,6615.0,6804.0,0,0.0,0.0
2009-04-27 00:00:00-04:00,6930.0,6930.0,6552.0,6678.0,0,0.0,0.0
2009-04-28 00:00:00-04:00,6804.0,6804.0,6615.0,6615.0,2,0.0,0.0
2009-04-29 00:00:00-04:00,6615.0,6867.0,6552.0,6552.0,4,0.0,0.0
2009-04-30 00:00:00-04:00,6426.0,6867.0,6426.0,6552.0,3,0.0,0.0
2009-05-01 00:00:00-04:00,7056.0,7875.0,6993.0,7875.0,25,0.0,0.0
2009-05-04 00:00:00-04:00,7875.0,9513.0,7875.0,9261.0,27,0.0,0.0
2009-05-05 00:00:00-04:00,9702.0,9702.0,9072.0,9198.0,9,0.0,0.0
2009-05-06 00:00:00-04:00,9639.0,9639.0,7497.0,7938.0,26,0.0,0.0
2009-05-07 00:00:00-04:00,8568.0,8568.0,7245.0,8190.0,4,0.0,0.0
2009-05-08 00:00:00-04:00,8316.0,8757.0,7875.0,8757.0,10,0.0,0.0
2009-05-11 00:00:00-04:00,8820.0,9450.0,8505.0,8820.0,7,0.0,0.0
2009-05-12 00:00:00-04:00,9135.0,9135.0,7875.0,8127.0,6,0.0,0.0
2009-05-13 00:00:00-04:00,8190.0,8694.0,8001.0,8001.0,1,0.0,0.0
2009-05-14 00:00:00-04:00,7938.0,8631.0,7938.0,8316.0,1,0.0,0.0
2009-05-15 00:00:00-04:00,8379.0,8505.0,8064.0,8190.0,7,0.0,0.0
2009-05-18 00:00:00-04:00,8064.0,8064.0,7560.0,7875.0,4,0.0,0.0
2009-05-19 00:00:00-04:00,7749.0,7938.0,7434.0,7434.0,9,0.0,0.0
2009-05-20 00:00:00-04:00,7686.0,7812.0,7371.0,7560.0,2,0.0,0.0
2009-05-21 00:00:00-04:00,7497.0,7497.0,6678.0,7245.0,12,0.0,0.0
2009-05-22 00:00:00-04:00,7182.0,7182.0,6678.0,6867.0,5,0.0,0.0
2009-05-26 00:00:00-04:00,7119.0,7686.0,7119.0,7560.0,3,0.0,0.0
2009-05-27 00:00:00-04:00,11340.0,28287.0,11340.0,25830.0,2620,0.0,0.0
2009-05-28 00:00:00-04:00,27720.0,36225.0,27090.0,30933.0,2219,0.0,0.0
2009-05-29 00:00:00-04:00,30051.0,30555.0,22806.0,24633.0,981,0.0,0.0
2009-06-01 00:00:00-04:00,22113.0,24129.0,17388.0,18711.0,696,0.0,0.0
2009-06-02 00:00:00-04:00,19215.0,24507.0,18963.0,23499.0,620,0.0,0.0
2009-06-03 00:00:00-04:00,22050.0,23499.0,20286.0,21168.0,221,0.0,0.0
2009-06-04 00:00:00-04:00,26019.0,30870.0,24570.0,27720.0,1064,0.0,0.0
2009-06-05 00:00:00-04:00,27720.0,27720.0,25200.0,25515.0,195,0.0,0.0
2009-06-08 00:00:00-04:00,25011.0,28980.0,23940.0,26838.0,192,0.0,0.0
2009-06-09 00:00:00-04:00,26271.0,29673.0,26082.0,28854.0,186,0.0,0.0
2009-06-10 00:00:00-04:00,30933.0,32256.0,28035.0,29106.0,283,0.0,0.0
2009-06-11 00:00:00-04:00,29673.0,31815.0,28854.0,30177.0,150,0.0,0.0
2009-06-12 00:00:00-04:00,28035.0,28791.0,25893.0,26460.0,184,0.0,0.0
2009-06-15 00:00:00-04:00,25515.0,26775.0,24570.0,25389.0,75,0.0,0.0
2009-06-16 00:00:00-04:00,25515.0,26775.0,24759.0,24759.0,53,0.0,0.0
2009-06-17 00:00:00-04:00,25137.0,25137.0,20853.0,23625.0,108,0.0,0.0
2009-06-18 00:00:00-04:00,23940.0,23940.0,20790.0,21105.0,109,0.0,0.0
2009-06-19 00:00:00-04:00,24255.0,26271.0,21987.0,23751.0,378,0.0,0.0
2009-06-22 00:00:00-04:00,21294.0,22932.0,20853.0,21294.0,84,0.0,0.0
2009-06-23 00:00:00-04:00,21294.0,21609.0,19089.0,19782.0,110,0.0,0.0
2009-06-24 00:00:00-04:00,21735.0,23499.0,20475.0,20475.0,202,0.0,0.0
2009-06-25 00:00:00-04:00,20916.0,22239.0,20601.0,22176.0,83,0.0,0.0
2009-06-26 00:00:00-04:00,22239.0,22617.0,20538.0,20790.0,92,0.0,0.0
2009-06-29 00:00:00-04:00,22491.0,22680.0,21105.0,22176.0,52,0.0,0.0
2009-06-30 00:00:00-04:00,21798.0,22050.0,20160.0,21420.0,65,0.0,0.0
2009-07-01 00:00:00-04:00,21735.0,21735.0,20412.0,20790.0,33,0.0,0.0
2009-07-02 00:00:00-04:00,20790.0,21105.0,20160.0,20601.0,27,0.0,0.0
2009-07-06 00:00:00-04:00,20790.0,22050.0,19845.0,21735.0,58,0.0,0.0
2009-07-07 00:00:00-04:00,21735.0,21735.0,19908.0,19908.0,33,0.0,0.0
2009-07-08 00:00:00-04:00,19908.0,20475.0,19215.0,19215.0,34,0.0,0.0
2009-07-09 00:00:00-04:00,19089.0,20160.0,19026.0,19026.0,25,0.0,0.0
2009-07-10 00:00:00-04:00,19152.0,19215.0,17010.0,17325.0,63,0.0,0.0
2009-07-13 00:00:00-04:00,17955.0,19215.0,17262.0,17577.0,54,0.0,0.0
2009-07-14 00:00:00-04:00,17640.0,17640.0,16695.0,17451.0,26,0.0,0.0
2009-07-15 00:00:00-04:00,17640.0,17640.0,16695.0,16821.0,31,0.0,0.0
2009-07-16 00:00:00-04:00,17325.0,17577.0,16065.0,16569.0,31,0.0,0.0
2009-07-17 00:00:00-04:00,16821.0,17073.0,15498.0,15939.0,71,0.0,0.0
2009-07-20 00:00:00-04:00,16632.0,17262.0,15561.0,17262.0,42,0.0,0.0
2009-07-21 00:00:00-04:00,17766.0,17766.0,16128.0,16821.0,25,0.0,0.0
2009-07-22 00:00:00-04:00,17010.0,18585.0,16506.0,17136.0,81,0.0,0.0
2009-07-23 00:00:00-04:00,17325.0,18396.0,17010.0,17136.0,50,0.0,0.0
2009-07-24 00:00:00-04:00,17325.0,18207.0,16443.0,17073.0,73,0.0,0.0
2009-07-27 00:00:00-04:00,16695.0,18648.0,15750.0,17766.0,142,0.0,0.0
2009-07-28 00:00:00-04:00,17640.0,17640.0,16191.0,16191.0,119,0.0,0.0
2009-07-29 00:00:00-04:00,16254.0,16695.0,15813.0,16065.0,51,0.0,0.0
2009-07-30 00:00:00-04:00,15939.0,16254.0,15120.0,15435.0,69,0.0,0.0
2009-07-31 00:00:00-04:00,15435.0,15939.0,15183.0,15624.0,28,0.0,0.0
2009-08-03 00:00:00-04:00,15624.0,15939.0,15120.0,15687.0,40,0.0,0.0
2009-08-04 00:00:00-04:00,15435.0,16884.0,15435.0,16065.0,57,0.0,0.0
2009-08-05 00:00:00-04:00,16569.0,16821.0,15624.0,15750.0,31,0.0,0.0
2009-08-06 00:00:00-04:00,16317.0,16317.0,15435.0,16002.0,20,0.0,0.0
2009-08-07 00:00:00-04:00,16443.0,16695.0,15120.0,15372.0,41,0.0,0.0
2009-08-10 00:00:00-04:00,15435.0,15750.0,13230.0,13797.0,109,0.0,0.0
2009-08-11 00:00:00-04:00,13860.0,13860.0,11718.0,12726.0,137,0.0,0.0
2009-08-12 00:00:00-04:00,13167.0,13167.0,11970.0,12915.0,34,0.0,0.0
2009-08-13 00:00:00-04:00,13230.0,13230.0,12096.0,12726.0,29,0.0,0.0
2009-08-14 00:00:00-04:00,13293.0,13293.0,12663.0,12978.0,26,0.0,0.0
2009-08-17 00:00:00-04:00,12600.0,15372.0,12474.0,13860.0,151,0.0,0.0
2009-08-18 00:00:00-04:00,14805.0,16821.0,14805.0,15309.0,305,0.0,0.0
2009-08-19 00:00:00-04:00,15057.0,15120.0,13356.0,13797.0,82,0.0,0.0
2009-08-20 00:00:00-04:00,13860.0,14049.0,13041.0,13230.0,55,0.0,0.0
2009-08-21 00:00:00-04:00,13860.0,14490.0,13482.0,13734.0,93,0.0,0.0
2009-08-24 00:00:00-04:00,13923.0,14364.0,13671.0,14238.0,66,0.0,0.0
2009-08-25 00:00:00-04:00,14238.0,14364.0,13860.0,13986.0,31,0.0,0.0
2009-08-26 00:00:00-04:00,13734.0,14238.0,13545.0,13734.0,24,0.0,0.0
2009-08-27 00:00:00-04:00,14175.0,14175.0,13482.0,13860.0,20,0.0,0.0
2009-08-28 00:00:00-04:00,14175.0,14175.0,13671.0,13986.0,18,0.0,0.0
2009-08-31 00:00:00-04:00,13860.0,17136.0,13608.0,15498.0,228,0.0,0.0
2009-09-01 00:00:00-04:00,15498.0,18144.0,15435.0,16317.0,170,0.0,0.0
2009-09-02 00:00:00-04:00,16947.0,17640.0,15750.0,15876.0,55,0.0,0.0
2009-09-03 00:00:00-04:00,16695.0,16695.0,15183.0,15624.0,19,0.0,0.0
2009-09-04 00:00:00-04:00,15435.0,16254.0,15246.0,15435.0,22,0.0,0.0
2009-09-08 00:00:00-04:00,15750.0,19278.0,15624.0,17199.0,356,0.0,0.0
2009-09-09 00:00:00-04:00,17325.0,17451.0,16065.0,16191.0,88,0.0,0.0
2009-09-10 00:00:00-04:00,18648.0,18774.0,17136.0,18081.0,243,0.0,0.0
2009-09-11 00:00:00-04:00,18081.0,18333.0,17640.0,18270.0,65,0.0,0.0
2009-09-14 00:00:00-04:00,18144.0,20034.0,17766.0,18963.0,104,0.0,0.0
2009-09-15 00:00:00-04:00,18774.0,19404.0,17829.0,17829.0,47,0.0,0.0
2009-09-16 00:00:00-04:00,18396.0,18648.0,16380.0,16758.0,80,0.0,0.0
2009-09-17 00:00:00-04:00,16884.0,16947.0,16254.0,16380.0,34,0.0,0.0
2009-09-18 00:00:00-04:00,16128.0,18270.0,16128.0,16884.0,53,0.0,0.0
2009-09-21 00:00:00-04:00,16569.0,17262.0,16128.0,16317.0,20,0.0,0.0
2009-09-22 00:00:00-04:00,16947.0,16947.0,16443.0,16821.0,14,0.0,0.0
2009-09-23 00:00:00-04:00,16695.0,16821.0,15813.0,15939.0,43,0.0,0.0
2009-09-24 00:00:00-04:00,16065.0,17262.0,15435.0,16758.0,45,0.0,0.0
2009-09-25 00:00:00-04:00,16947.0,17136.0,16380.0,16380.0,11,0.0,0.0
2009-09-28 00:00:00-04:00,16506.0,17073.0,16191.0,16758.0,14,0.0,0.0
2009-09-29 00:00:00-04:00,17073.0,17262.0,15498.0,15939.0,59,0.0,0.0
2009-09-30 00:00:00-04:00,16443.0,16443.0,15120.0,15309.0,26,0.0,0.0
2009-10-01 00:00:00-04:00,15183.0,15372.0,12726.0,13419.0,88,0.0,0.0
2009-10-02 00:00:00-04:00,13419.0,14175.0,12978.0,13482.0,28,0.0,0.0
2009-10-05 00:00:00-04:00,14112.0,15120.0,13734.0,13986.0,25,0.0,0.0
2009-10-06 00:00:00-04:00,13986.0,14868.0,13545.0,13734.0,22,0.0,0.0
2009-10-07 00:00:00-04:00,13734.0,13734.0,13356.0,13545.0,24,0.0,0.0
2009-10-08 00:00:00-04:00,13734.0,14742.0,13671.0,14553.0,27,0.0,0.0
2009-10-09 00:00:00-04:00,14679.0,14868.0,13923.0,14553.0,17,0.0,0.0
2009-10-12 00:00:00-04:00,14616.0,14994.0,14427.0,14679.0,8,0.0,0.0
2009-10-13 00:00:00-04:00,14616.0,14616.0,13986.0,14049.0,8,0.0,0.0
2009-10-14 00:00:00-04:00,14364.0,14742.0,13986.0,14301.0,13,0.0,0.0
2009-10-15 00:00:00-04:00,14301.0,14301.0,13986.0,14175.0,7,0.0,0.0
2009-10-16 00:00:00-04:00,14049.0,14175.0,13860.0,14112.0,11,0.0,0.0
2009-10-19 00:00:00-04:00,14175.0,14301.0,13671.0,13734.0,11,0.0,0.0
2009-10-20 00:00:00-04:00,13419.0,13545.0,13230.0,13230.0,19,0.0,0.0
2009-10-21 00:00:00-04:00,13230.0,14175.0,13104.0,13419.0,16,0.0,0.0
2009-10-22 00:00:00-04:00,13419.0,13671.0,13356.0,13482.0,8,0.0,0.0
2009-10-23 00:00:00-04:00,13986.0,14679.0,13356.0,14049.0,31,0.0,0.0
2009-10-26 00:00:00-04:00,14364.0,15120.0,13986.0,14175.0,32,0.0,0.0
2009-10-27 00:00:00-04:00,14238.0,14238.0,13545.0,13860.0,9,0.0,0.0
2009-10-28 00:00:00-04:00,13923.0,13923.0,13104.0,13293.0,19,0.0,0.0
2009-10-29 00:00:00-04:00,13356.0,13545.0,13041.0,13167.0,9,0.0,0.0
2009-10-30 00:00:00-04:00,13545.0,13797.0,12915.0,12915.0,13,0.0,0.0
2009-11-02 00:00:00-05:00,12978.0,13860.0,12789.0,12915.0,13,0.0,0.0
2009-11-03 00:00:00-05:00,12915.0,13230.0,12726.0,13167.0,8,0.0,0.0
2009-11-04 00:00:00-05:00,13293.0,13734.0,12978.0,13608.0,21,0.0,0.0
2009-11-05 00:00:00-05:00,13608.0,13734.0,13167.0,13734.0,14,0.0,0.0
2009-11-06 00:00:00-05:00,12978.0,13482.0,10395.0,11907.0,145,0.0,0.0
2009-11-09 00:00:00-05:00,11970.0,11970.0,10017.0,10773.0,94,0.0,0.0
2009-11-10 00:00:00-05:00,10395.0,10962.0,10080.0,10269.0,25,0.0,0.0
2009-11-11 00:00:00-05:00,10332.0,10773.0,10206.0,10206.0,13,0.0,0.0
2009-11-12 00:00:00-05:00,10269.0,10269.0,8442.0,9765.0,72,0.0,0.0
2009-11-13 00:00:00-05:00,10269.0,11592.0,9828.0,10269.0,69,0.0,0.0
2009-11-16 00:00:00-05:00,10080.0,10332.0,9513.0,9765.0,24,0.0,0.0
2009-11-17 00:00:00-05:00,9891.0,9891.0,9513.0,9702.0,6,0.0,0.0
2009-11-18 00:00:00-05:00,9450.0,9702.0,9261.0,9387.0,15,0.0,0.0
2009-11-19 00:00:00-05:00,9135.0,9387.0,8820.0,9009.0,17,0.0,0.0
2009-11-20 00:00:00-05:00,8946.0,9387.0,8820.0,8820.0,16,0.0,0.0
2009-11-23 00:00:00-05:00,8505.0,9072.0,8505.0,8883.0,8,0.0,0.0
2009-11-24 00:00:00-05:00,8757.0,9009.0,8505.0,8883.0,6,0.0,0.0
2009-11-25 00:00:00-05:00,8883.0,9198.0,8757.0,8757.0,13,0.0,0.0
2009-11-27 00:00:00-05:00,8820.0,9009.0,8757.0,9009.0,6,0.0,0.0
2009-11-30 00:00:00-05:00,9387.0,9576.0,9009.0,9198.0,7,0.0,0.0
2009-12-01 00:00:00-05:00,9513.0,9513.0,9072.0,9198.0,7,0.0,0.0
2009-12-02 00:00:00-05:00,9450.0,9450.0,9072.0,9135.0,9,0.0,0.0
2009-12-03 00:00:00-05:00,9576.0,11907.0,9324.0,10962.0,123,0.0,0.0
2009-12-04 00:00:00-05:00,11970.0,14049.0,11655.0,12600.0,343,0.0,0.0
2009-12-07 00:00:00-05:00,11466.0,12474.0,11340.0,11907.0,88,0.0,0.0
2009-12-08 00:00:00-05:00,11466.0,11718.0,10836.0,11529.0,31,0.0,0.0
2009-12-09 00:00:00-05:00,11277.0,11655.0,10773.0,10773.0,23,0.0,0.0
2009-12-10 00:00:00-05:00,10836.0,11340.0,10836.0,10836.0,13,0.0,0.0
2009-12-11 00:00:00-05:00,11025.0,11151.0,10836.0,10899.0,15,0.0,0.0
2009-12-14 00:00:00-05:00,10836.0,10962.0,9702.0,10710.0,29,0.0,0.0
2009-12-15 00:00:00-05:00,10521.0,10773.0,10269.0,10332.0,13,0.0,0.0
2009-12-16 00:00:00-05:00,10206.0,10710.0,10143.0,10395.0,10,0.0,0.0
2009-12-17 00:00:00-05:00,10269.0,10584.0,10080.0,10080.0,8,0.0,0.0
2009-12-18 00:00:00-05:00,10080.0,10458.0,9765.0,10080.0,15,0.0,0.0
2009-12-21 00:00:00-05:00,10080.0,11466.0,10080.0,11466.0,61,0.0,0.0
2009-12-22 00:00:00-05:00,11340.0,11340.0,10584.0,11151.0,16,0.0,0.0
2009-12-23 00:00:00-05:00,10962.0,11907.0,10899.0,11907.0,19,0.0,0.0
2009-12-24 00:00:00-05:00,11970.0,12474.0,11718.0,12222.0,24,0.0,0.0
2009-12-28 00:00:00-05:00,11970.0,12285.0,11781.0,11907.0,22,0.0,0.0
2009-12-29 00:00:00-05:00,12159.0,12159.0,11151.0,11277.0,21,0.0,0.0
2009-12-30 00:00:00-05:00,11214.0,11907.0,10962.0,11844.0,17,0.0,0.0
2009-12-31 00:00:00-05:00,11844.0,11907.0,11025.0,11529.0,23,0.0,0.0
2010-01-04 00:00:00-05:00,11655.0,11844.0,11151.0,11277.0,13,0.0,0.0
2010-01-05 00:00:00-05:00,11277.0,11340.0,10773.0,11025.0,15,0.0,0.0
2010-01-06 00:00:00-05:00,11088.0,12096.0,11025.0,11340.0,20,0.0,0.0
2010-01-07 00:00:00-05:00,11592.0,11970.0,11340.0,11403.0,11,0.0,0.0
2010-01-08 00:00:00-05:00,11340.0,12600.0,11151.0,12600.0,45,0.0,0.0
2010-01-11 00:00:00-05:00,12600.0,12600.0,11655.0,12411.0,41,0.0,0.0
2010-01-12 00:00:00-05:00,12285.0,12600.0,11781.0,12537.0,18,0.0,0.0
2010-01-13 00:00:00-05:00,12537.0,12600.0,11655.0,12033.0,18,0.0,0.0
2010-01-14 00:00:00-05:00,11781.0,12285.0,11655.0,12096.0,7,0.0,0.0
2010-01-15 00:00:00-05:00,12348.0,14175.0,12285.0,13986.0,89,0.0,0.0
2010-01-19 00:00:00-05:00,13797.0,13923.0,12978.0,13545.0,38,0.0,0.0
2010-01-20 00:00:00-05:00,13230.0,13734.0,12978.0,13293.0,17,0.0,0.0
2010-01-21 00:00:00-05:00,13293.0,13734.0,13041.0,13230.0,25,0.0,0.0
2010-01-22 00:00:00-05:00,13860.0,13860.0,12474.0,13230.0,24,0.0,0.0
2010-01-25 00:00:00-05:00,13104.0,13419.0,12915.0,13041.0,15,0.0,0.0
2010-01-26 00:00:00-05:00,13230.0,13230.0,11718.0,11781.0,29,0.0,0.0
2010-01-27 00:00:00-05:00,11529.0,12222.0,11529.0,11718.0,14,0.0,0.0
2010-01-28 00:00:00-05:00,15687.0,15687.0,11907.0,12600.0,81,0.0,0.0
2010-01-29 00:00:00-05:00,12537.0,12537.0,11655.0,12096.0,28,0.0,0.0
2010-02-01 00:00:00-05:00,12474.0,12537.0,11781.0,11781.0,13,0.0,0.0
2010-02-02 00:00:00-05:00,11592.0,12411.0,11529.0,11529.0,17,0.0,0.0
2010-02-03 00:00:00-05:00,11844.0,13167.0,11592.0,12852.0,26,0.0,0.0
2010-02-04 00:00:00-05:00,13230.0,13230.0,12474.0,12600.0,22,0.0,0.0
2010-02-05 00:00:00-05:00,12096.0,12600.0,11655.0,11718.0,19,0.0,0.0
2010-02-08 00:00:00-05:00,11781.0,12663.0,11718.0,12285.0,16,0.0,0.0
2010-02-09 00:00:00-05:00,12411.0,12915.0,11907.0,12222.0,20,0.0,0.0
2010-02-10 00:00:00-05:00,12600.0,12852.0,11655.0,12033.0,9,0.0,0.0
2010-02-11 00:00:00-05:00,12222.0,12222.0,11718.0,11844.0,13,0.0,0.0
2010-02-12 00:00:00-05:00,11907.0,12222.0,11655.0,12222.0,9,0.0,0.0
2010-02-16 00:00:00-05:00,12474.0,12789.0,11844.0,12285.0,12,0.0,0.0
2010-02-17 00:00:00-05:00,12600.0,12600.0,11970.0,12348.0,6,0.0,0.0
2010-02-18 00:00:00-05:00,12537.0,12600.0,11970.0,12096.0,10,0.0,0.0
2010-02-19 00:00:00-05:00,12096.0,12348.0,12096.0,12159.0,4,0.0,0.0
2010-02-22 00:00:00-05:00,10395.0,12915.0,10395.0,11844.0,16,0.0,0.0
2010-02-23 00:00:00-05:00,12096.0,12222.0,11340.0,11907.0,17,0.0,0.0
2010-02-24 00:00:00-05:00,11970.0,12159.0,11655.0,11655.0,2,0.0,0.0
2010-02-25 00:00:00-05:00,11781.0,11970.0,11403.0,11529.0,11,0.0,0.0
2010-02-26 00:00:00-05:00,11844.0,11844.0,11655.0,11844.0,3,0.0,0.0
2010-03-01 00:00:00-05:00,12159.0,12159.0,11529.0,11970.0,9,0.0,0.0
2010-03-02 00:00:00-05:00,12159.0,12159.0,11718.0,12096.0,9,0.0,0.0
2010-03-03 00:00:00-05:00,12096.0,12096.0,11655.0,11970.0,11,0.0,0.0
2010-03-04 00:00:00-05:00,11718.0,11907.0,11403.0,11907.0,9,0.0,0.0
2010-03-05 00:00:00-05:00,11718.0,11781.0,11529.0,11529.0,10,0.0,0.0
2010-03-08 00:00:00-05:00,11844.0,11844.0,11466.0,11466.0,6,0.0,0.0
2010-03-09 00:00:00-05:00,11403.0,11655.0,11340.0,11403.0,11,0.0,0.0
2010-03-10 00:00:00-05:00,15750.0,20160.0,14994.0,16947.0,1789,0.0,0.0
2010-03-11 00:00:00-05:00,17199.0,17199.0,15120.0,15435.0,288,0.0,0.0
2010-03-12 00:00:00-05:00,16002.0,16002.0,14742.0,14868.0,141,0.0,0.0
2010-03-15 00:00:00-04:00,15372.0,16443.0,14742.0,15624.0,87,0.0,0.0
2010-03-16 00:00:00-04:00,15813.0,16191.0,14301.0,14490.0,95,0.0,0.0
2010-03-17 00:00:00-04:00,14427.0,14805.0,13986.0,14364.0,54,0.0,0.0
2010-03-18 00:00:00-04:00,14301.0,14301.0,13734.0,14049.0,53,0.0,0.0
2010-03-19 00:00:00-04:00,13734.0,14301.0,13545.0,13734.0,31,0.0,0.0
2010-03-22 00:00:00-04:00,13482.0,14175.0,12915.0,13545.0,60,0.0,0.0
2010-03-23 00:00:00-04:00,13356.0,14931.0,13356.0,14553.0,40,0.0,0.0
2010-03-24 00:00:00-04:00,14490.0,14490.0,13860.0,13860.0,30,0.0,0.0
2010-03-25 00:00:00-04:00,14490.0,14931.0,14112.0,14616.0,52,0.0,0.0
2010-03-26 00:00:00-04:00,14427.0,14490.0,13923.0,14049.0,19,0.0,0.0
2010-03-29 00:00:00-04:00,14742.0,14742.0,13986.0,14175.0,12,0.0,0.0
2010-03-30 00:00:00-04:00,14175.0,14238.0,13545.0,13671.0,23,0.0,0.0
2010-03-31 00:00:00-04:00,13671.0,13671.0,13356.0,13356.0,13,0.0,0.0
2010-04-01 00:00:00-04:00,13356.0,14175.0,13293.0,13923.0,19,0.0,0.0
2010-04-05 00:00:00-04:00,14427.0,15057.0,13986.0,14553.0,16,0.0,0.0
2010-04-06 00:00:00-04:00,14427.0,14868.0,14175.0,14427.0,11,0.0,0.0
2010-04-07 00:00:00-04:00,14553.0,14553.0,14175.0,14427.0,7,0.0,0.0
2010-04-08 00:00:00-04:00,14994.0,14994.0,14364.0,14616.0,10,0.0,0.0
2010-04-09 00:00:00-04:00,14490.0,14553.0,14175.0,14301.0,11,0.0,0.0
2010-04-12 00:00:00-04:00,14490.0,15246.0,14490.0,14994.0,39,0.0,0.0
2010-04-13 00:00:00-04:00,15120.0,15183.0,14238.0,14364.0,22,0.0,0.0
2010-04-14 00:00:00-04:00,14364.0,14616.0,14175.0,14175.0,10,0.0,0.0
2010-04-15 00:00:00-04:00,14742.0,14742.0,13860.0,14175.0,21,0.0,0.0
2010-04-16 00:00:00-04:00,14175.0,14742.0,13923.0,14679.0,15,0.0,0.0
2010-04-19 00:00:00-04:00,14553.0,14805.0,14049.0,14175.0,19,0.0,0.0
2010-04-20 00:00:00-04:00,14490.0,14490.0,13860.0,14175.0,11,0.0,0.0
2010-04-21 00:00:00-04:00,13986.0,14112.0,13671.0,13923.0,12,0.0,0.0
2010-04-22 00:00:00-04:00,13797.0,13986.0,13419.0,13923.0,10,0.0,0.0
2010-04-23 00:00:00-04:00,13734.0,14112.0,13419.0,13608.0,18,0.0,0.0
2010-04-26 00:00:00-04:00,13482.0,14238.0,13482.0,14238.0,12,0.0,0.0
2010-04-27 00:00:00-04:00,14490.0,14490.0,13671.0,13986.0,6,0.0,0.0
2010-04-28 00:00:00-04:00,14301.0,14301.0,13419.0,13482.0,8,0.0,0.0
2010-04-29 00:00:00-04:00,13608.0,14049.0,13482.0,13545.0,6,0.0,0.0
2010-04-30 00:00:00-04:00,13923.0,14049.0,13545.0,13545.0,9,0.0,0.0
2010-05-03 00:00:00-04:00,13419.0,13860.0,13356.0,13356.0,20,0.0,0.0
2010-05-04 00:00:00-04:00,13860.0,13923.0,13230.0,13419.0,16,0.0,0.0
2010-05-05 00:00:00-04:00,13230.0,13482.0,13041.0,13293.0,11,0.0,0.0
2010-05-06 00:00:00-04:00,13230.0,13671.0,12348.0,12663.0,27,0.0,0.0
2010-05-07 00:00:00-04:00,12600.0,12852.0,12348.0,12474.0,25,0.0,0.0
2010-05-10 00:00:00-04:00,12348.0,12978.0,12348.0,12789.0,13,0.0,0.0
2010-05-11 00:00:00-04:00,12978.0,12978.0,12474.0,12474.0,8,0.0,0.0
2010-05-12 00:00:00-04:00,12411.0,13104.0,12348.0,12978.0,10,0.0,0.0
2010-05-13 00:00:00-04:00,13167.0,13356.0,12663.0,13104.0,4,0.0,0.0
2010-05-14 00:00:00-04:00,13041.0,13041.0,12600.0,12600.0,6,0.0,0.0
2010-05-17 00:00:00-04:00,12411.0,12726.0,12348.0,12726.0,5,0.0,0.0
2010-05-18 00:00:00-04:00,13734.0,13923.0,12978.0,13041.0,24,0.0,0.0
2010-05-19 00:00:00-04:00,13104.0,13608.0,12474.0,12474.0,16,0.0,0.0
2010-05-20 00:00:00-04:00,12663.0,12663.0,11340.0,11466.0,19,0.0,0.0
2010-05-21 00:00:00-04:00,11466.0,13860.0,11025.0,13860.0,21,0.0,0.0
2010-05-24 00:00:00-04:00,13608.0,13608.0,12726.0,12915.0,8,0.0,0.0
2010-05-25 00:00:00-04:00,12600.0,12600.0,11655.0,12348.0,15,0.0,0.0
2010-05-26 00:00:00-04:00,12285.0,13545.0,12285.0,12600.0,5,0.0,0.0
2010-05-27 00:00:00-04:00,13167.0,13293.0,12600.0,12726.0,8,0.0,0.0
2010-05-28 00:00:00-04:00,13041.0,13041.0,12411.0,12600.0,2,0.0,0.0
2010-06-01 00:00:00-04:00,12474.0,13545.0,12474.0,13104.0,5,0.0,0.0
2010-06-02 00:00:00-04:00,12789.0,13167.0,12600.0,12726.0,8,0.0,0.0
2010-06-03 00:00:00-04:00,12915.0,12978.0,12600.0,12852.0,5,0.0,0.0
2010-06-04 00:00:00-04:00,13230.0,13608.0,12600.0,12663.0,17,0.0,0.0
2010-06-07 00:00:00-04:00,12600.0,12663.0,11466.0,12411.0,9,0.0,0.0
2010-06-08 00:00:00-04:00,12096.0,12852.0,11844.0,12537.0,10,0.0,0.0
2010-06-09 00:00:00-04:00,12348.0,12474.0,12222.0,12474.0,5,0.0,0.0
2010-06-10 00:00:00-04:00,12474.0,12663.0,11970.0,12663.0,12,0.0,0.0
2010-06-11 00:00:00-04:00,12600.0,13230.0,12474.0,12852.0,14,0.0,0.0
2010-06-14 00:00:00-04:00,12915.0,13230.0,12600.0,12726.0,11,0.0,0.0
2010-06-15 00:00:00-04:00,13356.0,13797.0,13167.0,13734.0,22,0.0,0.0
2010-06-16 00:00:00-04:00,13545.0,13797.0,13419.0,13734.0,8,0.0,0.0
2010-06-17 00:00:00-04:00,13734.0,13860.0,13545.0,13797.0,6,0.0,0.0
2010-06-18 00:00:00-04:00,13797.0,13923.0,13419.0,13923.0,8,0.0,0.0
2010-06-21 00:00:00-04:00,13923.0,14049.0,13419.0,13482.0,7,0.0,0.0
2010-06-22 00:00:00-04:00,13482.0,13482.0,12789.0,12852.0,5,0.0,0.0
2010-06-23 00:00:00-04:00,13230.0,13419.0,12663.0,12915.0,6,0.0,0.0
2010-06-24 00:00:00-04:00,12789.0,13860.0,12726.0,13734.0,7,0.0,0.0
2010-06-25 00:00:00-04:00,13860.0,13860.0,13293.0,13419.0,13,0.0,0.0
2010-06-28 00:00:00-04:00,13230.0,13797.0,12978.0,13293.0,8,0.0,0.0
2010-06-29 00:00:00-04:00,13419.0,13671.0,12915.0,12915.0,9,0.0,0.0
2010-06-30 00:00:00-04:00,13104.0,13419.0,12726.0,12852.0,8,0.0,0.0
2010-07-01 00:00:00-04:00,12852.0,12852.0,12285.0,12474.0,11,0.0,0.0
2010-07-02 00:00:00-04:00,12285.0,12600.0,12285.0,12474.0,2,0.0,0.0
2010-07-06 00:00:00-04:00,12474.0,12600.0,11907.0,12285.0,9,0.0,0.0
2010-07-07 00:00:00-04:00,12096.0,12096.0,11655.0,11970.0,11,0.0,0.0
2010-07-08 00:00:00-04:00,12222.0,12222.0,11655.0,11655.0,6,0.0,0.0
2010-07-09 00:00:00-04:00,11907.0,11970.0,11466.0,11466.0,9,0.0,0.0
2010-07-12 00:00:00-04:00,11529.0,11592.0,11403.0,11592.0,8,0.0,0.0
2010-07-13 00:00:00-04:00,11655.0,12159.0,11655.0,12159.0,4,0.0,0.0
2010-07-14 00:00:00-04:00,12348.0,12348.0,11907.0,11970.0,5,0.0,0.0
2010-07-15 00:00:00-04:00,11970.0,12285.0,11592.0,11592.0,6,0.0,0.0
2010-07-16 00:00:00-04:00,11781.0,12033.0,11466.0,11970.0,4,0.0,0.0
2010-07-19 00:00:00-04:00,11844.0,12915.0,11340.0,12789.0,15,0.0,0.0
2010-07-20 00:00:00-04:00,12915.0,12915.0,11970.0,12537.0,3,0.0,0.0
2010-07-21 00:00:00-04:00,12411.0,12600.0,12222.0,12222.0,3,0.0,0.0
2010-07-22 00:00:00-04:00,12033.0,12789.0,12033.0,12474.0,4,0.0,0.0
2010-07-23 00:00:00-04:00,12222.0,12600.0,12159.0,12348.0,3,0.0,0.0
2010-07-26 00:00:00-04:00,12537.0,12600.0,11970.0,11970.0,3,0.0,0.0
2010-07-27 00:00:00-04:00,12222.0,12852.0,12096.0,12096.0,11,0.0,0.0
2010-07-28 00:00:00-04:00,12096.0,12537.0,11970.0,11970.0,6,0.0,0.0
2010-07-29 00:00:00-04:00,12285.0,12411.0,11970.0,12285.0,4,0.0,0.0
2010-07-30 00:00:00-04:00,12285.0,12285.0,12096.0,12285.0,4,0.0,0.0
2010-08-02 00:00:00-04:00,12285.0,12537.0,12033.0,12222.0,11,0.0,0.0
2010-08-03 00:00:00-04:00,12033.0,12285.0,11655.0,11844.0,6,0.0,0.0
2010-08-04 00:00:00-04:00,12096.0,12537.0,12096.0,12411.0,6,0.0,0.0
2010-08-05 00:00:00-04:00,12159.0,12411.0,11907.0,12222.0,12,0.0,0.0
2010-08-06 00:00:00-04:00,12600.0,12600.0,11151.0,11655.0,29,0.0,0.0
2010-08-09 00:00:00-04:00,11592.0,12033.0,11277.0,11529.0,11,0.0,0.0
2010-08-10 00:00:00-04:00,11718.0,11844.0,11403.0,11781.0,5,0.0,0.0
2010-08-11 00:00:00-04:00,11844.0,11844.0,11025.0,11214.0,18,0.0,0.0
2010-08-12 00:00:00-04:00,11277.0,11970.0,10899.0,11970.0,15,0.0,0.0
2010-08-13 00:00:00-04:00,12159.0,12159.0,11340.0,11340.0,3,0.0,0.0
2010-08-16 00:00:00-04:00,11529.0,11529.0,10080.0,10773.0,23,0.0,0.0
2010-08-17 00:00:00-04:00,10647.0,10962.0,10206.0,10647.0,17,0.0,0.0
2010-08-18 00:00:00-04:00,10521.0,10521.0,10017.0,10080.0,16,0.0,0.0
2010-08-19 00:00:00-04:00,10017.0,10899.0,9954.0,10584.0,8,0.0,0.0
2010-08-20 00:00:00-04:00,10836.0,10899.0,10017.0,10773.0,7,0.0,0.0
2010-08-23 00:00:00-04:00,10962.0,11088.0,10584.0,10836.0,2,0.0,0.0
2010-08-24 00:00:00-04:00,10521.0,10836.0,10080.0,10773.0,7,0.0,0.0
2010-08-25 00:00:00-04:00,10773.0,10773.0,10143.0,10458.0,2,0.0,0.0
2010-08-26 00:00:00-04:00,10710.0,11025.0,10080.0,10395.0,5,0.0,0.0
2010-08-27 00:00:00-04:00,10584.0,11025.0,10143.0,10395.0,6,0.0,0.0
2010-08-30 00:00:00-04:00,10395.0,10899.0,10395.0,10395.0,3,0.0,0.0
2010-08-31 00:00:00-04:00,10710.0,10836.0,10206.0,10269.0,4,0.0,0.0
2010-09-01 00:00:00-04:00,10332.0,10710.0,10080.0,10206.0,4,0.0,0.0
2010-09-02 00:00:00-04:00,10206.0,10521.0,10206.0,10332.0,2,0.0,0.0
2010-09-03 00:00:00-04:00,10710.0,10710.0,10458.0,10710.0,3,0.0,0.0
2010-09-07 00:00:00-04:00,10458.0,10647.0,10395.0,10458.0,5,0.0,0.0
2010-09-08 00:00:00-04:00,10395.0,10647.0,10080.0,10080.0,5,0.0,0.0
2010-09-09 00:00:00-04:00,10080.0,10332.0,10080.0,10269.0,4,0.0,0.0
2010-09-10 00:00:00-04:00,10269.0,10899.0,10269.0,10773.0,5,0.0,0.0
2010-09-13 00:00:00-04:00,10521.0,11025.0,10458.0,10962.0,7,0.0,0.0
2010-09-14 00:00:00-04:00,10962.0,11214.0,10836.0,11151.0,4,0.0,0.0
2010-09-15 00:00:00-04:00,11214.0,11214.0,10395.0,10458.0,6,0.0,0.0
2010-09-16 00:00:00-04:00,10458.0,10773.0,10269.0,10710.0,2,0.0,0.0
2010-09-17 00:00:00-04:00,10584.0,10710.0,10206.0,10206.0,10,0.0,0.0
2010-09-20 00:00:00-04:00,10332.0,10395.0,9513.0,9891.0,18,0.0,0.0
2010-09-21 00:00:00-04:00,10080.0,10269.0,9891.0,10269.0,6,0.0,0.0
2010-09-22 00:00:00-04:00,10269.0,10458.0,10080.0,10143.0,5,0.0,0.0
2010-09-23 00:00:00-04:00,9891.0,10332.0,9891.0,10017.0,3,0.0,0.0
2010-09-24 00:00:00-04:00,9891.0,10332.0,9702.0,9765.0,6,0.0,0.0
2010-09-27 00:00:00-04:00,9639.0,10017.0,8883.0,9261.0,36,0.0,0.0
2010-09-28 00:00:00-04:00,9009.0,9261.0,8883.0,9009.0,14,0.0,0.0
2010-09-29 00:00:00-04:00,8946.0,9450.0,8946.0,9324.0,13,0.0,0.0
2010-09-30 00:00:00-04:00,9828.0,9828.0,9513.0,9828.0,3,0.0,0.0
2010-10-01 00:00:00-04:00,9828.0,10080.0,9198.0,9576.0,5,0.0,0.0
2010-10-04 00:00:00-04:00,9450.0,9702.0,9324.0,9387.0,8,0.0,0.0
2010-10-05 00:00:00-04:00,9324.0,9450.0,8946.0,9072.0,9,0.0,0.0
2010-10-06 00:00:00-04:00,8946.0,9198.0,8946.0,9135.0,4,0.0,0.0
2010-10-07 00:00:00-04:00,9135.0,9576.0,8883.0,9576.0,10,0.0,0.0
2010-10-08 00:00:00-04:00,9387.0,9576.0,8946.0,9576.0,9,0.0,0.0
2010-10-11 00:00:00-04:00,9387.0,9513.0,9072.0,9387.0,5,0.0,0.0
2010-10-12 00:00:00-04:00,9450.0,10080.0,9450.0,9702.0,12,0.0,0.0
2010-10-13 00:00:00-04:00,9828.0,11088.0,9828.0,10395.0,18,0.0,0.0
2010-10-14 00:00:00-04:00,10332.0,10962.0,10332.0,10710.0,10,0.0,0.0
2010-10-15 00:00:00-04:00,11025.0,11340.0,10836.0,11277.0,16,0.0,0.0
2010-10-18 00:00:00-04:00,11340.0,11592.0,10584.0,11592.0,17,0.0,0.0
2010-10-19 00:00:00-04:00,11592.0,11655.0,11151.0,11655.0,49,0.0,0.0
2010-10-20 00:00:00-04:00,11592.0,11592.0,11025.0,11466.0,6,0.0,0.0
2010-10-21 00:00:00-04:00,11466.0,11592.0,10584.0,10584.0,5,0.0,0.0
2010-10-22 00:00:00-04:00,10710.0,10899.0,10269.0,10269.0,4,0.0,0.0
2010-10-25 00:00:00-04:00,11088.0,11088.0,10332.0,10647.0,5,0.0,0.0
2010-10-26 00:00:00-04:00,10647.0,10647.0,10143.0,10332.0,6,0.0,0.0
2010-10-27 00:00:00-04:00,10395.0,10521.0,9702.0,9828.0,19,0.0,0.0
2010-10-28 00:00:00-04:00,9828.0,10080.0,9639.0,9765.0,7,0.0,0.0
2010-10-29 00:00:00-04:00,9891.0,10017.0,9639.0,9639.0,5,0.0,0.0
2010-11-01 00:00:00-04:00,9954.0,10143.0,9765.0,10017.0,4,0.0,0.0
2010-11-02 00:00:00-04:00,10017.0,10206.0,9828.0,9891.0,7,0.0,0.0
2010-11-03 00:00:00-04:00,10080.0,10080.0,9765.0,10080.0,2,0.0,0.0
2010-11-04 00:00:00-04:00,10206.0,11151.0,9828.0,10269.0,21,0.0,0.0
2010-11-05 00:00:00-04:00,11025.0,11025.0,10395.0,10647.0,5,0.0,0.0
2010-11-08 00:00:00-05:00,11025.0,11214.0,10269.0,10395.0,23,0.0,0.0
2010-11-09 00:00:00-05:00,10395.0,10647.0,10080.0,10080.0,8,0.0,0.0
2010-11-10 00:00:00-05:00,10206.0,10521.0,10080.0,10332.0,6,0.0,0.0
2010-11-11 00:00:00-05:00,10332.0,10332.0,10017.0,10017.0,5,0.0,0.0
2010-11-12 00:00:00-05:00,10017.0,10521.0,9765.0,10080.0,7,0.0,0.0
2010-11-15 00:00:00-05:00,10269.0,10647.0,10080.0,10206.0,4,0.0,0.0
2010-11-16 00:00:00-05:00,10269.0,10458.0,9891.0,10143.0,5,0.0,0.0
2010-11-17 00:00:00-05:00,10332.0,11277.0,10206.0,11025.0,17,0.0,0.0
2010-11-18 00:00:00-05:00,11025.0,11025.0,10647.0,10899.0,7,0.0,0.0
2010-11-19 00:00:00-05:00,10899.0,10899.0,10647.0,10647.0,4,0.0,0.0
2010-11-22 00:00:00-05:00,10521.0,10710.0,10458.0,10521.0,6,0.0,0.0
2010-11-23 00:00:00-05:00,10395.0,10647.0,10332.0,10521.0,3,0.0,0.0
2010-11-24 00:00:00-05:00,10521.0,11025.0,10395.0,10899.0,9,0.0,0.0
2010-11-26 00:00:00-05:00,10962.0,11088.0,10962.0,11025.0,8,0.0,0.0
2010-11-29 00:00:00-05:00,11151.0,11214.0,10836.0,11088.0,7,0.0,0.0
2010-11-30 00:00:00-05:00,11025.0,11088.0,10521.0,10521.0,2,0.0,0.0
2010-12-01 00:00:00-05:00,10710.0,10899.0,10269.0,10458.0,8,0.0,0.0
2010-12-02 00:00:00-05:00,10584.0,10710.0,10332.0,10458.0,13,0.0,0.0
2010-12-03 00:00:00-05:00,10458.0,10962.0,10458.0,10773.0,12,0.0,0.0
2010-12-06 00:00:00-05:00,11025.0,11025.0,10773.0,11025.0,9,0.0,0.0
2010-12-07 00:00:00-05:00,10962.0,11025.0,10773.0,11025.0,10,0.0,0.0
2010-12-08 00:00:00-05:00,10836.0,10899.0,10710.0,10710.0,11,0.0,0.0
2010-12-09 00:00:00-05:00,10710.0,10899.0,10395.0,10395.0,8,0.0,0.0
2010-12-10 00:00:00-05:00,10521.0,10836.0,10206.0,10521.0,8,0.0,0.0
2010-12-13 00:00:00-05:00,10521.0,10521.0,10269.0,10332.0,4,0.0,0.0
2010-12-14 00:00:00-05:00,10458.0,11025.0,10143.0,10899.0,20,0.0,0.0
2010-12-15 00:00:00-05:00,11025.0,11907.0,10962.0,11907.0,39,0.0,0.0
2010-12-16 00:00:00-05:00,11907.0,11907.0,11718.0,11718.0,8,0.0,0.0
2010-12-17 00:00:00-05:00,11844.0,11907.0,11655.0,11655.0,14,0.0,0.0
2010-12-20 00:00:00-05:00,11781.0,11781.0,11277.0,11403.0,14,0.0,0.0
2010-12-21 00:00:00-05:00,11529.0,11529.0,10773.0,10899.0,13,0.0,0.0
2010-12-22 00:00:00-05:00,11088.0,11340.0,10773.0,10899.0,15,0.0,0.0
2010-12-23 00:00:00-05:00,10836.0,10962.0,10521.0,10521.0,15,0.0,0.0
2010-12-27 00:00:00-05:00,10710.0,10773.0,10395.0,10395.0,12,0.0,0.0
2010-12-28 00:00:00-05:00,10395.0,10836.0,10395.0,10836.0,14,0.0,0.0
2010-12-29 00:00:00-05:00,10836.0,10836.0,10521.0,10521.0,19,0.0,0.0
2010-12-30 00:00:00-05:00,10458.0,11025.0,10458.0,10899.0,20,0.0,0.0
2010-12-31 00:00:00-05:00,10710.0,10836.0,10521.0,10647.0,16,0.0,0.0
2011-01-03 00:00:00-05:00,10773.0,10962.0,10647.0,10962.0,10,0.0,0.0
2011-01-04 00:00:00-05:00,10962.0,11403.0,10899.0,11340.0,14,0.0,0.0
2011-01-05 00:00:00-05:00,11340.0,11718.0,11088.0,11655.0,14,0.0,0.0
2011-01-06 00:00:00-05:00,11970.0,12600.0,11970.0,12474.0,56,0.0,0.0
2011-01-07 00:00:00-05:00,12600.0,12600.0,11970.0,11970.0,29,0.0,0.0
2011-01-10 00:00:00-05:00,12033.0,13104.0,12033.0,12978.0,22,0.0,0.0
2011-01-11 00:00:00-05:00,13041.0,13608.0,12852.0,13545.0,28,0.0,0.0
2011-01-12 00:00:00-05:00,13545.0,13860.0,13545.0,13608.0,22,0.0,0.0
2011-01-13 00:00:00-05:00,13797.0,13797.0,11970.0,12789.0,32,0.0,0.0
2011-01-14 00:00:00-05:00,12663.0,13293.0,12285.0,13230.0,13,0.0,0.0
2011-01-18 00:00:00-05:00,13230.0,13545.0,13230.0,13230.0,9,0.0,0.0
2011-01-19 00:00:00-05:00,13230.0,13230.0,12789.0,12852.0,5,0.0,0.0
2011-01-20 00:00:00-05:00,12852.0,13356.0,12852.0,12852.0,9,0.0,0.0
2011-01-21 00:00:00-05:00,12978.0,13671.0,12789.0,13419.0,12,0.0,0.0
2011-01-24 00:00:00-05:00,13797.0,13923.0,13293.0,13419.0,14,0.0,0.0
2011-01-25 00:00:00-05:00,13419.0,13419.0,13167.0,13293.0,4,0.0,0.0
2011-01-26 00:00:00-05:00,13419.0,13482.0,12978.0,13104.0,8,0.0,0.0
2011-01-27 00:00:00-05:00,13230.0,13230.0,12789.0,12978.0,5,0.0,0.0
2011-01-28 00:00:00-05:00,12852.0,12978.0,12663.0,12852.0,4,0.0,0.0
2011-01-31 00:00:00-05:00,12789.0,12852.0,12600.0,12726.0,9,0.0,0.0
2011-02-01 00:00:00-05:00,12663.0,12663.0,10899.0,12033.0,21,0.0,0.0
2011-02-02 00:00:00-05:00,12600.0,12915.0,12285.0,12537.0,10,0.0,0.0
2011-02-03 00:00:00-05:00,12600.0,13545.0,12600.0,12978.0,14,0.0,0.0
2011-02-04 00:00:00-05:00,12852.0,12978.0,12159.0,12159.0,32,0.0,0.0
2011-02-07 00:00:00-05:00,12159.0,12159.0,11214.0,11592.0,25,0.0,0.0
2011-02-08 00:00:00-05:00,14175.0,16695.0,13860.0,14175.0,537,0.0,0.0
2011-02-09 00:00:00-05:00,13923.0,14427.0,13041.0,13293.0,79,0.0,0.0
2011-02-10 00:00:00-05:00,13545.0,13545.0,12600.0,12915.0,42,0.0,0.0
2011-02-11 00:00:00-05:00,12915.0,12915.0,12600.0,12726.0,34,0.0,0.0
2011-02-14 00:00:00-05:00,13545.0,13545.0,12726.0,12852.0,19,0.0,0.0
2011-02-15 00:00:00-05:00,14238.0,14238.0,13230.0,13986.0,55,0.0,0.0
2011-02-16 00:00:00-05:00,14175.0,14301.0,13671.0,14175.0,25,0.0,0.0
2011-02-17 00:00:00-05:00,14175.0,14679.0,13230.0,13356.0,48,0.0,0.0
2011-02-18 00:00:00-05:00,13482.0,14175.0,13293.0,13356.0,17,0.0,0.0
2011-02-22 00:00:00-05:00,14301.0,14301.0,13230.0,13293.0,21,0.0,0.0
2011-02-23 00:00:00-05:00,13419.0,13419.0,12474.0,12600.0,27,0.0,0.0
2011-02-24 00:00:00-05:00,12726.0,13230.0,12600.0,12600.0,9,0.0,0.0
2011-02-25 00:00:00-05:00,13041.0,13041.0,12663.0,12789.0,7,0.0,0.0
2011-02-28 00:00:00-05:00,12789.0,13167.0,12600.0,12915.0,13,0.0,0.0
2011-03-01 00:00:00-05:00,12852.0,12852.0,12600.0,12726.0,9,0.0,0.0
2011-03-02 00:00:00-05:00,12978.0,13041.0,12726.0,12978.0,9,0.0,0.0
2011-03-03 00:00:00-05:00,13356.0,13356.0,12978.0,13167.0,6,0.0,0.0
2011-03-04 00:00:00-05:00,13230.0,13482.0,13104.0,13104.0,9,0.0,0.0
2011-03-07 00:00:00-05:00,13104.0,13293.0,13104.0,13104.0,13,0.0,0.0
2011-03-08 00:00:00-05:00,13230.0,13230.0,12537.0,12726.0,15,0.0,0.0
2011-03-09 00:00:00-05:00,13167.0,13167.0,12348.0,12852.0,10,0.0,0.0
2011-03-10 00:00:00-05:00,12663.0,12789.0,12348.0,12726.0,9,0.0,0.0
2011-03-11 00:00:00-05:00,12789.0,12978.0,12474.0,12789.0,14,0.0,0.0
2011-03-14 00:00:00-04:00,12852.0,12915.0,12663.0,12726.0,10,0.0,0.0
2011-03-15 00:00:00-04:00,12600.0,12600.0,11970.0,12474.0,13,0.0,0.0
2011-03-16 00:00:00-04:00,12348.0,12978.0,12348.0,12663.0,8,0.0,0.0
2011-03-17 00:00:00-04:00,12726.0,12726.0,12096.0,12285.0,9,0.0,0.0
2011-03-18 00:00:00-04:00,12222.0,12663.0,12222.0,12600.0,2,0.0,0.0
2011-03-21 00:00:00-04:00,12789.0,12789.0,12285.0,12411.0,4,0.0,0.0
2011-03-22 00:00:00-04:00,12285.0,12474.0,12096.0,12474.0,4,0.0,0.0
2011-03-23 00:00:00-04:00,12600.0,12600.0,12285.0,12600.0,6,0.0,0.0
2011-03-24 00:00:00-04:00,12789.0,13041.0,12348.0,12789.0,18,0.0,0.0
2011-03-25 00:00:00-04:00,13041.0,13230.0,12663.0,13104.0,13,0.0,0.0
2011-03-28 00:00:00-04:00,13230.0,13230.0,12915.0,12915.0,5,0.0,0.0
2011-03-29 00:00:00-04:00,12915.0,13104.0,12915.0,12978.0,4,0.0,0.0
2011-03-30 00:00:00-04:00,12915.0,12978.0,12600.0,12663.0,15,0.0,0.0
2011-03-31 00:00:00-04:00,12789.0,12978.0,12348.0,12663.0,9,0.0,0.0
2011-04-01 00:00:00-04:00,12600.0,12915.0,12096.0,12096.0,12,0.0,0.0
2011-04-04 00:00:00-04:00,12222.0,12600.0,12096.0,12348.0,7,0.0,0.0
2011-04-05 00:00:00-04:00,12411.0,12600.0,12285.0,12600.0,4,0.0,0.0
2011-04-06 00:00:00-04:00,12348.0,12600.0,12285.0,12348.0,3,0.0,0.0
2011-04-07 00:00:00-04:00,12222.0,12348.0,12033.0,12159.0,10,0.0,0.0
2011-04-08 00:00:00-04:00,12033.0,12537.0,11844.0,12222.0,15,0.0,0.0
2011-04-11 00:00:00-04:00,12348.0,12474.0,12033.0,12096.0,8,0.0,0.0
2011-04-12 00:00:00-04:00,12033.0,12096.0,11844.0,11970.0,7,0.0,0.0
2011-04-13 00:00:00-04:00,11844.0,12285.0,11655.0,12285.0,14,0.0,0.0
2011-04-14 00:00:00-04:00,12096.0,12222.0,11844.0,11970.0,6,0.0,0.0
2011-04-15 00:00:00-04:00,12033.0,12222.0,11844.0,11907.0,7,0.0,0.0
2011-04-18 00:00:00-04:00,11970.0,11970.0,11592.0,11718.0,9,0.0,0.0
2011-04-19 00:00:00-04:00,11655.0,11718.0,11340.0,11529.0,18,0.0,0.0
2011-04-20 00:00:00-04:00,11466.0,11718.0,11214.0,11529.0,10,0.0,0.0
2011-04-21 00:00:00-04:00,11592.0,11592.0,11340.0,11466.0,3,0.0,0.0
2011-04-25 00:00:00-04:00,11529.0,11529.0,11025.0,11025.0,9,0.0,0.0
2011-04-26 00:00:00-04:00,11088.0,11340.0,10710.0,11025.0,14,0.0,0.0
2011-04-27 00:00:00-04:00,10773.0,11025.0,10710.0,11025.0,10,0.0,0.0
2011-04-28 00:00:00-04:00,11151.0,12222.0,11151.0,11781.0,12,0.0,0.0
2011-04-29 00:00:00-04:00,11529.0,12600.0,11466.0,12222.0,9,0.0,0.0
2011-05-02 00:00:00-04:00,12348.0,12600.0,11718.0,11718.0,13,0.0,0.0
2011-05-03 00:00:00-04:00,11844.0,11844.0,11655.0,11655.0,3,0.0,0.0
2011-05-04 00:00:00-04:00,11655.0,11781.0,11340.0,11466.0,12,0.0,0.0
2011-05-05 00:00:00-04:00,11340.0,11781.0,11151.0,11466.0,6,0.0,0.0
2011-05-06 00:00:00-04:00,11655.0,11970.0,11655.0,11781.0,2,0.0,0.0
2011-05-09 00:00:00-04:00,11718.0,11781.0,11340.0,11718.0,5,0.0,0.0
2011-05-10 00:00:00-04:00,11970.0,12537.0,11844.0,12474.0,13,0.0,0.0
2011-05-11 00:00:00-04:00,12474.0,12474.0,12096.0,12348.0,2,0.0,0.0
2011-05-12 00:00:00-04:00,12285.0,12285.0,11844.0,11907.0,2,0.0,0.0
2011-05-13 00:00:00-04:00,11970.0,12159.0,11655.0,11970.0,8,0.0,0.0
2011-05-16 00:00:00-04:00,11970.0,12159.0,11970.0,12033.0,9,0.0,0.0
2011-05-17 00:00:00-04:00,12096.0,12285.0,11655.0,11907.0,6,0.0,0.0
2011-05-18 00:00:00-04:00,11844.0,11970.0,11403.0,11403.0,6,0.0,0.0
2011-05-19 00:00:00-04:00,11466.0,11655.0,11277.0,11277.0,5,0.0,0.0
2011-05-20 00:00:00-04:00,11592.0,12285.0,11340.0,12285.0,8,0.0,0.0
2011-05-23 00:00:00-04:00,12159.0,12600.0,12159.0,12348.0,10,0.0,0.0
2011-05-24 00:00:00-04:00,12285.0,13230.0,12285.0,13041.0,26,0.0,0.0
2011-05-25 00:00:00-04:00,13104.0,13104.0,12537.0,12600.0,4,0.0,0.0
2011-05-26 00:00:00-04:00,12663.0,13608.0,12285.0,13230.0,10,0.0,0.0
2011-05-27 00:00:00-04:00,13356.0,13545.0,12726.0,13482.0,14,0.0,0.0
2011-05-31 00:00:00-04:00,13608.0,13860.0,13230.0,13545.0,16,0.0,0.0
2011-06-01 00:00:00-04:00,13797.0,13797.0,13041.0,13545.0,7,0.0,0.0
2011-06-02 00:00:00-04:00,13482.0,13734.0,12915.0,13545.0,15,0.0,0.0
2011-06-03 00:00:00-04:00,12222.0,12600.0,11277.0,11466.0,65,0.0,0.0
2011-06-06 00:00:00-04:00,11088.0,11529.0,10899.0,11214.0,28,0.0,0.0
2011-06-07 00:00:00-04:00,10899.0,11214.0,10710.0,10710.0,20,0.0,0.0
2011-06-08 00:00:00-04:00,10647.0,11340.0,9765.0,10836.0,24,0.0,0.0
2011-06-09 00:00:00-04:00,10773.0,10962.0,10395.0,10773.0,10,0.0,0.0
2011-06-10 00:00:00-04:00,10521.0,10899.0,10395.0,10836.0,19,0.0,0.0
2011-06-13 00:00:00-04:00,10773.0,10773.0,10269.0,10395.0,10,0.0,0.0
2011-06-14 00:00:00-04:00,10395.0,10773.0,10269.0,10395.0,9,0.0,0.0
2011-06-15 00:00:00-04:00,10395.0,10584.0,10017.0,10017.0,12,0.0,0.0
2011-06-16 00:00:00-04:00,10080.0,10206.0,10017.0,10080.0,4,0.0,0.0
2011-06-17 00:00:00-04:00,10143.0,10206.0,10017.0,10080.0,6,0.0,0.0
2011-06-20 00:00:00-04:00,9891.0,10584.0,9828.0,10458.0,13,0.0,0.0
2011-06-21 00:00:00-04:00,10584.0,11025.0,10521.0,10647.0,6,0.0,0.0
2011-06-22 00:00:00-04:00,10647.0,10647.0,10206.0,10269.0,5,0.0,0.0
2011-06-23 00:00:00-04:00,10206.0,10584.0,10017.0,10143.0,8,0.0,0.0
2011-06-24 00:00:00-04:00,10206.0,10458.0,10080.0,10143.0,5,0.0,0.0
2011-06-27 00:00:00-04:00,10332.0,10710.0,10143.0,10647.0,8,0.0,0.0
2011-06-28 00:00:00-04:00,11025.0,11214.0,10584.0,11088.0,15,0.0,0.0
2011-06-29 00:00:00-04:00,11088.0,11340.0,11025.0,11214.0,4,0.0,0.0
2011-06-30 00:00:00-04:00,11277.0,12096.0,11277.0,11592.0,14,0.0,0.0
2011-07-01 00:00:00-04:00,11340.0,11529.0,10773.0,11088.0,14,0.0,0.0
2011-07-05 00:00:00-04:00,11340.0,11529.0,10962.0,10962.0,6,0.0,0.0
2011-07-06 00:00:00-04:00,10710.0,11340.0,10710.0,11214.0,7,0.0,0.0
2011-07-07 00:00:00-04:00,11340.0,11340.0,10836.0,11025.0,5,0.0,0.0
2011-07-08 00:00:00-04:00,10710.0,11340.0,10458.0,10521.0,6,0.0,0.0
2011-07-11 00:00:00-04:00,10521.0,10710.0,10080.0,10080.0,7,0.0,0.0
2011-07-12 00:00:00-04:00,10206.0,10647.0,10143.0,10458.0,2,0.0,0.0
2011-07-13 00:00:00-04:00,10395.0,10647.0,10269.0,10395.0,3,0.0,0.0
2011-07-14 00:00:00-04:00,10395.0,10710.0,10206.0,10458.0,8,0.0,0.0
2011-07-15 00:00:00-04:00,10395.0,10710.0,10080.0,10647.0,4,0.0,0.0
2011-07-18 00:00:00-04:00,10710.0,10836.0,10080.0,10080.0,7,0.0,0.0
2011-07-19 00:00:00-04:00,10143.0,10521.0,10143.0,10458.0,1,0.0,0.0
2011-07-20 00:00:00-04:00,10458.0,10458.0,10017.0,10143.0,5,0.0,0.0
2011-07-21 00:00:00-04:00,10269.0,10773.0,10080.0,10143.0,6,0.0,0.0
2011-07-22 00:00:00-04:00,10836.0,10836.0,10017.0,10017.0,13,0.0,0.0
2011-07-25 00:00:00-04:00,9891.0,10269.0,9576.0,10206.0,18,0.0,0.0
2011-07-26 00:00:00-04:00,10143.0,10143.0,9639.0,9639.0,6,0.0,0.0
2011-07-27 00:00:00-04:00,10143.0,10395.0,9576.0,10332.0,26,0.0,0.0
2011-07-28 00:00:00-04:00,10206.0,10206.0,9891.0,9891.0,3,0.0,0.0
2011-07-29 00:00:00-04:00,10080.0,10143.0,9765.0,10017.0,4,0.0,0.0
2011-08-01 00:00:00-04:00,10080.0,10143.0,9765.0,9891.0,4,0.0,0.0
2011-08-02 00:00:00-04:00,9891.0,9954.0,9513.0,9639.0,8,0.0,0.0
2011-08-03 00:00:00-04:00,9576.0,9954.0,9513.0,9513.0,7,0.0,0.0
2011-08-04 00:00:00-04:00,9576.0,9639.0,8757.0,9009.0,12,0.0,0.0
2011-08-05 00:00:00-04:00,8379.0,9009.0,8379.0,9009.0,15,0.0,0.0
2011-08-08 00:00:00-04:00,6174.0,8316.0,6111.0,7686.0,29,0.0,0.0
2011-08-09 00:00:00-04:00,7623.0,8001.0,7623.0,7938.0,8,0.0,0.0
2011-08-10 00:00:00-04:00,8190.0,8253.0,8001.0,8190.0,9,0.0,0.0
2011-08-11 00:00:00-04:00,8001.0,9009.0,8001.0,8631.0,9,0.0,0.0
2011-08-12 00:00:00-04:00,8631.0,9450.0,8631.0,9324.0,6,0.0,0.0
2011-08-15 00:00:00-04:00,9639.0,10017.0,9450.0,9765.0,5,0.0,0.0
2011-08-16 00:00:00-04:00,9702.0,9765.0,9261.0,9450.0,4,0.0,0.0
2011-08-17 00:00:00-04:00,9702.0,9702.0,8820.0,9387.0,5,0.0,0.0
2011-08-18 00:00:00-04:00,8946.0,9135.0,8694.0,8694.0,5,0.0,0.0
2011-08-19 00:00:00-04:00,8316.0,9135.0,8190.0,9009.0,5,0.0,0.0
2011-08-22 00:00:00-04:00,9072.0,9387.0,8442.0,8568.0,6,0.0,0.0
2011-08-23 00:00:00-04:00,8505.0,8820.0,8064.0,8568.0,4,0.0,0.0
2011-08-24 00:00:00-04:00,8568.0,9261.0,8568.0,8883.0,2,0.0,0.0
2011-08-25 00:00:00-04:00,8505.0,8883.0,8064.0,8379.0,3,0.0,0.0
2011-08-26 00:00:00-04:00,8316.0,8505.0,8253.0,8379.0,1,0.0,0.0
2011-08-29 00:00:00-04:00,8505.0,8505.0,8190.0,8190.0,3,0.0,0.0
2011-08-30 00:00:00-04:00,8190.0,8820.0,8190.0,8316.0,5,0.0,0.0
2011-08-31 00:00:00-04:00,8316.0,9072.0,8190.0,8253.0,4,0.0,0.0
2011-09-01 00:00:00-04:00,8946.0,8946.0,8316.0,8883.0,8,0.0,0.0
2011-09-02 00:00:00-04:00,8883.0,9072.0,8568.0,8757.0,1,0.0,0.0
2011-09-06 00:00:00-04:00,8505.0,8820.0,7812.0,8379.0,11,0.0,0.0
2011-09-07 00:00:00-04:00,8505.0,8757.0,8190.0,8316.0,4,0.0,0.0
2011-09-08 00:00:00-04:00,8379.0,8631.0,7875.0,7938.0,4,0.0,0.0
2011-09-09 00:00:00-04:00,7938.0,8190.0,7875.0,7938.0,5,0.0,0.0
2011-09-12 00:00:00-04:00,7686.0,8064.0,7686.0,7875.0,3,0.0,0.0
2011-09-13 00:00:00-04:00,8001.0,8190.0,7560.0,7686.0,9,0.0,0.0
2011-09-14 00:00:00-04:00,7560.0,7875.0,7560.0,7560.0,6,0.0,0.0
2011-09-15 00:00:00-04:00,7686.0,7686.0,7245.0,7434.0,5,0.0,0.0
2011-09-16 00:00:00-04:00,7560.0,8505.0,7560.0,8505.0,10,0.0,0.0
2011-09-19 00:00:00-04:00,8127.0,8127.0,7938.0,8001.0,3,0.0,0.0
2011-09-20 00:00:00-04:00,7812.0,8631.0,7560.0,7686.0,8,0.0,0.0
2011-09-21 00:00:00-04:00,7749.0,10710.0,7749.0,9765.0,83,0.0,0.0
2011-09-22 00:00:00-04:00,11025.0,11655.0,9009.0,10710.0,139,0.0,0.0
2011-09-23 00:00:00-04:00,10080.0,10710.0,9639.0,10080.0,32,0.0,0.0
2011-09-26 00:00:00-04:00,11151.0,11151.0,9828.0,10332.0,27,0.0,0.0
2011-09-27 00:00:00-04:00,10395.0,10584.0,9576.0,9639.0,17,0.0,0.0
2011-09-28 00:00:00-04:00,9513.0,9765.0,8946.0,9072.0,19,0.0,0.0
2011-09-29 00:00:00-04:00,9072.0,9954.0,8946.0,9891.0,18,0.0,0.0
2011-09-30 00:00:00-04:00,9450.0,9765.0,9009.0,9513.0,12,0.0,0.0
2011-10-03 00:00:00-04:00,9513.0,9639.0,8631.0,8631.0,11,0.0,0.0
2011-10-04 00:00:00-04:00,8505.0,9891.0,8505.0,8946.0,19,0.0,0.0
2011-10-05 00:00:00-04:00,8946.0,9513.0,8568.0,8757.0,13,0.0,0.0
2011-10-06 00:00:00-04:00,9513.0,9765.0,8820.0,9765.0,5,0.0,0.0
2011-10-07 00:00:00-04:00,9765.0,9765.0,8820.0,8820.0,4,0.0,0.0
2011-10-10 00:00:00-04:00,8820.0,9765.0,8820.0,9072.0,7,0.0,0.0
2011-10-11 00:00:00-04:00,8820.0,9387.0,8631.0,8820.0,17,0.0,0.0
2011-10-12 00:00:00-04:00,8946.0,9198.0,8694.0,8946.0,4,0.0,0.0
2011-10-13 00:00:00-04:00,8694.0,8946.0,8631.0,8631.0,6,0.0,0.0
2011-10-14 00:00:00-04:00,8883.0,9135.0,8568.0,8568.0,5,0.0,0.0
2011-10-17 00:00:00-04:00,9072.0,9072.0,8568.0,8694.0,3,0.0,0.0
2011-10-18 00:00:00-04:00,8568.0,8820.0,8568.0,8568.0,5,0.0,0.0
2011-10-19 00:00:00-04:00,8568.0,9450.0,8568.0,9450.0,9,0.0,0.0
2011-10-20 00:00:00-04:00,9387.0,10017.0,9387.0,9576.0,8,0.0,0.0
2011-10-21 00:00:00-04:00,9576.0,9891.0,9576.0,9576.0,6,0.0,0.0
2011-10-24 00:00:00-04:00,9891.0,10080.0,9450.0,9702.0,12,0.0,0.0
2011-10-25 00:00:00-04:00,9261.0,9954.0,9261.0,9702.0,1,0.0,0.0
2011-10-26 00:00:00-04:00,9639.0,9828.0,9198.0,9828.0,2,0.0,0.0
2011-10-27 00:00:00-04:00,9828.0,9891.0,8946.0,8946.0,14,0.0,0.0
2011-10-28 00:00:00-04:00,9135.0,9639.0,8946.0,9450.0,4,0.0,0.0
2011-10-31 00:00:00-04:00,9828.0,10269.0,9639.0,9954.0,24,0.0,0.0
2011-11-01 00:00:00-04:00,10269.0,10647.0,10206.0,10521.0,22,0.0,0.0
2011-11-02 00:00:00-04:00,10521.0,10710.0,10332.0,10395.0,16,0.0,0.0
2011-11-03 00:00:00-04:00,10584.0,10584.0,9765.0,10080.0,15,0.0,0.0
2011-11-04 00:00:00-04:00,10206.0,10584.0,8883.0,9135.0,36,0.0,0.0
2011-11-07 00:00:00-05:00,8883.0,9513.0,8568.0,9009.0,32,0.0,0.0
2011-11-08 00:00:00-05:00,8883.0,9765.0,8883.0,9261.0,13,0.0,0.0
2011-11-09 00:00:00-05:00,9198.0,9639.0,8946.0,9072.0,11,0.0,0.0
2011-11-10 00:00:00-05:00,9702.0,9765.0,9072.0,9072.0,3,0.0,0.0
2011-11-11 00:00:00-05:00,9072.0,9387.0,8946.0,9198.0,5,0.0,0.0
2011-11-14 00:00:00-05:00,9135.0,9765.0,9135.0,9450.0,6,0.0,0.0
2011-11-15 00:00:00-05:00,9324.0,9702.0,9135.0,9576.0,5,0.0,0.0
2011-11-16 00:00:00-05:00,9261.0,9576.0,9072.0,9072.0,6,0.0,0.0
2011-11-17 00:00:00-05:00,9135.0,9513.0,8883.0,8883.0,6,0.0,0.0
2011-11-18 00:00:00-05:00,9450.0,9702.0,8883.0,9639.0,7,0.0,0.0
2011-11-21 00:00:00-05:00,9450.0,10017.0,9135.0,10017.0,17,0.0,0.0
2011-11-22 00:00:00-05:00,9765.0,10269.0,9450.0,9639.0,25,0.0,0.0
2011-11-23 00:00:00-05:00,9387.0,10080.0,9198.0,9828.0,7,0.0,0.0
2011-11-25 00:00:00-05:00,9450.0,9639.0,9450.0,9576.0,0,0.0,0.0
2011-11-28 00:00:00-05:00,9765.0,10269.0,9765.0,10269.0,15,0.0,0.0
2011-11-29 00:00:00-05:00,10080.0,10395.0,9450.0,10395.0,9,0.0,0.0
2011-11-30 00:00:00-05:00,10395.0,10395.0,9765.0,10080.0,21,0.0,0.0
2011-12-01 00:00:00-05:00,10080.0,10080.0,9576.0,9576.0,2,0.0,0.0
2011-12-02 00:00:00-05:00,9513.0,9765.0,9513.0,9513.0,5,0.0,0.0
2011-12-05 00:00:00-05:00,9450.0,10143.0,9450.0,9513.0,5,0.0,0.0
2011-12-06 00:00:00-05:00,9576.0,9765.0,9324.0,9513.0,8,0.0,0.0
2011-12-07 00:00:00-05:00,9576.0,9702.0,9135.0,9135.0,7,0.0,0.0
2011-12-08 00:00:00-05:00,9198.0,10017.0,8883.0,9072.0,10,0.0,0.0
2011-12-09 00:00:00-05:00,9072.0,9576.0,8820.0,8820.0,10,0.0,0.0
2011-12-12 00:00:00-05:00,8820.0,9009.0,8568.0,8820.0,18,0.0,0.0
2011-12-13 00:00:00-05:00,8820.0,9387.0,8820.0,9198.0,6,0.0,0.0
2011-12-14 00:00:00-05:00,8946.0,9072.0,8820.0,9009.0,5,0.0,0.0
2011-12-15 00:00:00-05:00,9009.0,9072.0,8442.0,8568.0,10,0.0,0.0
2011-12-16 00:00:00-05:00,9009.0,9324.0,8505.0,8694.0,5,0.0,0.0
2011-12-19 00:00:00-05:00,8568.0,8820.0,8190.0,8379.0,12,0.0,0.0
2011-12-20 00:00:00-05:00,8190.0,8631.0,7938.0,8190.0,35,0.0,0.0
2011-12-21 00:00:00-05:00,8190.0,8757.0,8190.0,8442.0,3,0.0,0.0
2011-12-22 00:00:00-05:00,8757.0,8757.0,8190.0,8190.0,6,0.0,0.0
2011-12-23 00:00:00-05:00,7371.0,7371.0,6993.0,7119.0,66,0.0,0.0
2011-12-27 00:00:00-05:00,7371.0,7371.0,6489.0,6867.0,43,0.0,0.0
2011-12-28 00:00:00-05:00,6741.0,6867.0,6426.0,6615.0,39,0.0,0.0
2011-12-29 00:00:00-05:00,6489.0,6615.0,6174.0,6174.0,40,0.0,0.0
2011-12-30 00:00:00-05:00,6237.0,6615.0,5985.0,6615.0,49,0.0,0.0
2012-01-03 00:00:00-05:00,6930.0,7245.0,6741.0,7182.0,8,0.0,0.0
2012-01-04 00:00:00-05:00,7371.0,7875.0,6741.0,7434.0,13,0.0,0.0
2012-01-05 00:00:00-05:00,7308.0,7686.0,7308.0,7308.0,9,0.0,0.0
2012-01-06 00:00:00-05:00,7245.0,7560.0,7245.0,7497.0,5,0.0,0.0
2012-01-09 00:00:00-05:00,7371.0,7497.0,7119.0,7308.0,5,0.0,0.0
2012-01-10 00:00:00-05:00,7245.0,7497.0,7119.0,7182.0,4,0.0,0.0
2012-01-11 00:00:00-05:00,7371.0,7497.0,6930.0,6930.0,9,0.0,0.0
2012-01-12 00:00:00-05:00,6930.0,7056.0,6678.0,6867.0,11,0.0,0.0
2012-01-13 00:00:00-05:00,6867.0,7119.0,6678.0,7119.0,4,0.0,0.0
2012-01-17 00:00:00-05:00,6930.0,7245.0,6804.0,7119.0,3,0.0,0.0
2012-01-18 00:00:00-05:00,6993.0,7119.0,6741.0,6741.0,5,0.0,0.0
2012-01-19 00:00:00-05:00,6993.0,7056.0,6615.0,6615.0,14,0.0,0.0
2012-01-20 00:00:00-05:00,6363.0,6678.0,6300.0,6615.0,10,0.0,0.0
2012-01-23 00:00:00-05:00,6615.0,6741.0,6300.0,6300.0,7,0.0,0.0
2012-01-24 00:00:00-05:00,6300.0,6615.0,6237.0,6237.0,20,0.0,0.0
2012-01-25 00:00:00-05:00,6237.0,6426.0,6111.0,6300.0,20,0.0,0.0
2012-01-26 00:00:00-05:00,6300.0,6363.0,6048.0,6363.0,20,0.0,0.0
2012-01-27 00:00:00-05:00,6363.0,6867.0,6363.0,6678.0,21,0.0,0.0
2012-01-30 00:00:00-05:00,6804.0,6804.0,6615.0,6678.0,12,0.0,0.0
2012-01-31 00:00:00-05:00,6552.0,6804.0,6426.0,6426.0,11,0.0,0.0
2012-02-01 00:00:00-05:00,6552.0,6804.0,6552.0,6678.0,11,0.0,0.0
2012-02-02 00:00:00-05:00,6615.0,6804.0,6489.0,6615.0,24,0.0,0.0
2012-02-03 00:00:00-05:00,6867.0,6930.0,6489.0,6615.0,35,0.0,0.0
2012-02-06 00:00:00-05:00,6678.0,6678.0,6489.0,6615.0,8,0.0,0.0
2012-02-07 00:00:00-05:00,6552.0,6552.0,6300.0,6300.0,7,0.0,0.0
2012-02-08 00:00:00-05:00,6300.0,6363.0,5985.0,6048.0,34,0.0,0.0
2012-02-09 00:00:00-05:00,5985.0,6300.0,5229.0,5607.0,81,0.0,0.0
2012-02-10 00:00:00-05:00,5796.0,7245.0,5670.0,7245.0,80,0.0,0.0
2012-02-13 00:00:00-05:00,7308.0,8820.0,7119.0,8694.0,142,0.0,0.0
2012-02-14 00:00:00-05:00,8631.0,8631.0,7623.0,8064.0,46,0.0,0.0
2012-02-15 00:00:00-05:00,8316.0,8631.0,7308.0,7938.0,34,0.0,0.0
2012-02-16 00:00:00-05:00,8127.0,8127.0,7182.0,7308.0,18,0.0,0.0
2012-02-17 00:00:00-05:00,7434.0,7812.0,7371.0,7812.0,13,0.0,0.0
2012-02-21 00:00:00-05:00,7560.0,8253.0,7560.0,8064.0,17,0.0,0.0
2012-02-22 00:00:00-05:00,8064.0,9135.0,8064.0,8505.0,77,0.0,0.0
2012-02-23 00:00:00-05:00,8316.0,8820.0,7875.0,8820.0,23,0.0,0.0
2012-02-24 00:00:00-05:00,8757.0,9072.0,7938.0,7938.0,25,0.0,0.0
2012-02-27 00:00:00-05:00,8253.0,9135.0,8253.0,8568.0,21,0.0,0.0
2012-02-28 00:00:00-05:00,8568.0,8883.0,8064.0,8253.0,12,0.0,0.0
2012-02-29 00:00:00-05:00,8505.0,8883.0,8253.0,8820.0,25,0.0,0.0
2012-03-01 00:00:00-05:00,8757.0,8820.0,8568.0,8631.0,7,0.0,0.0
2012-03-02 00:00:00-05:00,8820.0,8820.0,8505.0,8631.0,15,0.0,0.0
2012-03-05 00:00:00-05:00,8631.0,8883.0,8316.0,8442.0,3,0.0,0.0
2012-03-06 00:00:00-05:00,8379.0,8694.0,8064.0,8190.0,12,0.0,0.0
2012-03-07 00:00:00-05:00,8442.0,8442.0,7875.0,7875.0,7,0.0,0.0
2012-03-08 00:00:00-05:00,7875.0,8379.0,7875.0,8127.0,6,0.0,0.0
2012-03-09 00:00:00-05:00,8127.0,8127.0,7686.0,7938.0,8,0.0,0.0
2012-03-12 00:00:00-04:00,7749.0,8190.0,7749.0,8064.0,3,0.0,0.0
2012-03-13 00:00:00-04:00,8253.0,8253.0,8001.0,8190.0,7,0.0,0.0
2012-03-14 00:00:00-04:00,8253.0,8253.0,7560.0,7623.0,12,0.0,0.0
2012-03-15 00:00:00-04:00,7623.0,7938.0,7371.0,7749.0,10,0.0,0.0
2012-03-16 00:00:00-04:00,7938.0,7938.0,7434.0,7434.0,9,0.0,0.0
2012-03-19 00:00:00-04:00,7434.0,7875.0,7434.0,7686.0,9,0.0,0.0
2012-03-20 00:00:00-04:00,7686.0,7749.0,7560.0,7623.0,2,0.0,0.0
2012-03-21 00:00:00-04:00,7497.0,7749.0,6993.0,7182.0,24,0.0,0.0
2012-03-22 00:00:00-04:00,7371.0,7371.0,5733.0,6174.0,79,0.0,0.0
2012-03-23 00:00:00-04:00,6300.0,6993.0,6300.0,6867.0,24,0.0,0.0
2012-03-26 00:00:00-04:00,6993.0,6993.0,6867.0,6993.0,7,0.0,0.0
2012-03-27 00:00:00-04:00,7056.0,7560.0,6930.0,7560.0,23,0.0,0.0
2012-03-28 00:00:00-04:00,7560.0,8001.0,7434.0,7938.0,20,0.0,0.0
2012-03-29 00:00:00-04:00,8127.0,8442.0,7560.0,8316.0,23,0.0,0.0
2012-03-30 00:00:00-04:00,8505.0,8505.0,8190.0,8379.0,17,0.0,0.0
2012-04-02 00:00:00-04:00,8505.0,8505.0,7875.0,8379.0,15,0.0,0.0
2012-04-03 00:00:00-04:00,8127.0,8505.0,7812.0,8253.0,14,0.0,0.0
2012-04-04 00:00:00-04:00,8253.0,8442.0,7875.0,7875.0,14,0.0,0.0
2012-04-05 00:00:00-04:00,7875.0,7875.0,7623.0,7623.0,5,0.0,0.0
2012-04-09 00:00:00-04:00,7560.0,7623.0,7056.0,7056.0,15,0.0,0.0
2012-04-10 00:00:00-04:00,7056.0,7371.0,6615.0,7245.0,12,0.0,0.0
2012-04-11 00:00:00-04:00,7182.0,7560.0,7182.0,7371.0,3,0.0,0.0
2012-04-12 00:00:00-04:00,7245.0,7497.0,7245.0,7434.0,2,0.0,0.0
2012-04-13 00:00:00-04:00,7497.0,7560.0,7245.0,7371.0,6,0.0,0.0
2012-04-16 00:00:00-04:00,7560.0,7623.0,7245.0,7497.0,5,0.0,0.0
2012-04-17 00:00:00-04:00,7560.0,7560.0,7182.0,7245.0,1,0.0,0.0
2012-04-18 00:00:00-04:00,7434.0,7497.0,6615.0,7119.0,14,0.0,0.0
2012-04-19 00:00:00-04:00,7245.0,7560.0,7182.0,7560.0,9,0.0,0.0
2012-04-20 00:00:00-04:00,7560.0,7560.0,7182.0,7434.0,4,0.0,0.0
2012-04-23 00:00:00-04:00,7182.0,7182.0,6174.0,6363.0,45,0.0,0.0
2012-04-24 00:00:00-04:00,6363.0,6552.0,6237.0,6237.0,19,0.0,0.0
2012-04-25 00:00:00-04:00,6300.0,6300.0,6048.0,6174.0,16,0.0,0.0
2012-04-26 00:00:00-04:00,6300.0,6300.0,6237.0,6237.0,22,0.0,0.0
2012-04-27 00:00:00-04:00,6237.0,6552.0,6237.0,6363.0,14,0.0,0.0
2012-04-30 00:00:00-04:00,6552.0,6552.0,6426.0,6489.0,11,0.0,0.0
2012-05-01 00:00:00-04:00,6552.0,6615.0,6237.0,6237.0,12,0.0,0.0
2012-05-02 00:00:00-04:00,6174.0,6615.0,6174.0,6426.0,9,0.0,0.0
2012-05-03 00:00:00-04:00,6300.0,6300.0,5922.0,6048.0,13,0.0,0.0
2012-05-04 00:00:00-04:00,6111.0,6237.0,6048.0,6174.0,3,0.0,0.0
2012-05-07 00:00:00-04:00,6048.0,6237.0,5985.0,6174.0,9,0.0,0.0
2012-05-08 00:00:00-04:00,6237.0,6237.0,5922.0,6048.0,11,0.0,0.0
2012-05-09 00:00:00-04:00,5922.0,5985.0,5733.0,5733.0,20,0.0,0.0
2012-05-10 00:00:00-04:00,5733.0,5922.0,5733.0,5733.0,4,0.0,0.0
2012-05-11 00:00:00-04:00,5796.0,5859.0,5670.0,5733.0,10,0.0,0.0
2012-05-14 00:00:00-04:00,5670.0,5670.0,5040.0,5292.0,32,0.0,0.0
2012-05-15 00:00:00-04:00,5418.0,5418.0,4914.0,5166.0,16,0.0,0.0
2012-05-16 00:00:00-04:00,4977.0,5040.0,4662.0,4725.0,18,0.0,0.0
2012-05-17 00:00:00-04:00,4914.0,4914.0,4473.0,4662.0,9,0.0,0.0
2012-05-18 00:00:00-04:00,4725.0,4977.0,4473.0,4536.0,9,0.0,0.0
2012-05-21 00:00:00-04:00,4599.0,4599.0,4410.0,4410.0,11,0.0,0.0
2012-05-22 00:00:00-04:00,4221.0,4599.0,4032.0,4347.0,15,0.0,0.0
2012-05-23 00:00:00-04:00,4284.0,4410.0,4158.0,4284.0,7,0.0,0.0
2012-05-24 00:00:00-04:00,4347.0,4914.0,4284.0,4662.0,4,0.0,0.0
2012-05-25 00:00:00-04:00,4914.0,4914.0,4599.0,4599.0,12,0.0,0.0
2012-05-29 00:00:00-04:00,4599.0,4788.0,4536.0,4788.0,6,0.0,0.0
2012-05-30 00:00:00-04:00,4851.0,4851.0,4410.0,4599.0,3,0.0,0.0
2012-05-31 00:00:00-04:00,4851.0,4851.0,4410.0,4725.0,5,0.0,0.0
2012-06-01 00:00:00-04:00,4473.0,4662.0,4473.0,4662.0,1,0.0,0.0
2012-06-04 00:00:00-04:00,4536.0,4536.0,4221.0,4473.0,6,0.0,0.0
2012-06-05 00:00:00-04:00,4347.0,4662.0,4284.0,4662.0,2,0.0,0.0
2012-06-06 00:00:00-04:00,4662.0,4662.0,4473.0,4662.0,5,0.0,0.0
2012-06-07 00:00:00-04:00,4662.0,4662.0,4473.0,4662.0,3,0.0,0.0
2012-06-08 00:00:00-04:00,4725.0,4788.0,4158.0,4347.0,33,0.0,0.0
2012-06-11 00:00:00-04:00,4410.0,4410.0,4095.0,4095.0,13,0.0,0.0
2012-06-12 00:00:00-04:00,4284.0,4662.0,4158.0,4662.0,19,0.0,0.0
2012-06-13 00:00:00-04:00,4662.0,4662.0,4347.0,4410.0,0,0.0,0.0
2012-06-14 00:00:00-04:00,4158.0,4599.0,4032.0,4536.0,8,0.0,0.0
2012-06-15 00:00:00-04:00,4536.0,4599.0,4221.0,4473.0,3,0.0,0.0
2012-06-18 00:00:00-04:00,4473.0,4473.0,4158.0,4473.0,8,0.0,0.0
2012-06-19 00:00:00-04:00,4473.0,4473.0,3780.0,4095.0,52,0.0,0.0
2012-06-20 00:00:00-04:00,4032.0,4662.0,3780.0,4473.0,11,0.0,0.0
2012-06-21 00:00:00-04:00,4284.0,4662.0,4221.0,4662.0,4,0.0,0.0
2012-06-22 00:00:00-04:00,4410.0,4788.0,4284.0,4410.0,17,0.0,0.0
2012-06-25 00:00:00-04:00,4725.0,4851.0,4410.0,4599.0,17,0.0,0.0
2012-06-26 00:00:00-04:00,4410.0,4725.0,4221.0,4410.0,5,0.0,0.0
2012-06-27 00:00:00-04:00,4410.0,4599.0,4221.0,4473.0,3,0.0,0.0
2012-06-28 00:00:00-04:00,3969.0,4410.0,3969.0,4347.0,4,0.0,0.0
2012-06-29 00:00:00-04:00,4662.0,4662.0,4347.0,4662.0,7,0.0,0.0
2012-07-02 00:00:00-04:00,4347.0,4662.0,4221.0,4662.0,2,0.0,0.0
2012-07-03 00:00:00-04:00,4473.0,4725.0,4410.0,4725.0,26,0.0,0.0
2012-07-05 00:00:00-04:00,4725.0,4851.0,4536.0,4599.0,5,0.0,0.0
2012-07-06 00:00:00-04:00,4473.0,4725.0,4410.0,4410.0,7,0.0,0.0
2012-07-09 00:00:00-04:00,4284.0,4788.0,4284.0,4788.0,5,0.0,0.0
2012-07-10 00:00:00-04:00,5040.0,5355.0,4536.0,4599.0,16,0.0,0.0
2012-07-11 00:00:00-04:00,4725.0,4788.0,4410.0,4410.0,5,0.0,0.0
2012-07-12 00:00:00-04:00,4410.0,4977.0,4410.0,4536.0,8,0.0,0.0
2012-07-13 00:00:00-04:00,4599.0,4851.0,4473.0,4851.0,2,0.0,0.0
2012-07-16 00:00:00-04:00,4599.0,5103.0,4599.0,4725.0,31,0.0,0.0
2012-07-17 00:00:00-04:00,4599.0,4977.0,4599.0,4977.0,7,0.0,0.0
2012-07-18 00:00:00-04:00,4977.0,5166.0,4725.0,4977.0,6,0.0,0.0
2012-07-19 00:00:00-04:00,4977.0,5040.0,4725.0,4788.0,8,0.0,0.0
2012-07-20 00:00:00-04:00,4599.0,4914.0,4599.0,4662.0,2,0.0,0.0
2012-07-23 00:00:00-04:00,4599.0,4788.0,4473.0,4536.0,5,0.0,0.0
2012-07-24 00:00:00-04:00,4536.0,4914.0,4221.0,4410.0,3,0.0,0.0
2012-07-25 00:00:00-04:00,4032.0,4347.0,3969.0,4284.0,2,0.0,0.0
2012-07-26 00:00:00-04:00,4158.0,4410.0,4158.0,4284.0,4,0.0,0.0
2012-07-27 00:00:00-04:00,4158.0,4662.0,3843.0,4032.0,9,0.0,0.0
2012-07-30 00:00:00-04:00,4095.0,4410.0,4095.0,4347.0,1,0.0,0.0
2012-07-31 00:00:00-04:00,4662.0,4662.0,4158.0,4662.0,15,0.0,0.0
2012-08-01 00:00:00-04:00,4662.0,4914.0,4662.0,4788.0,17,0.0,0.0
2012-08-02 00:00:00-04:00,4851.0,4914.0,4536.0,4851.0,14,0.0,0.0
2012-08-03 00:00:00-04:00,5418.0,5418.0,5040.0,5040.0,19,0.0,0.0
2012-08-06 00:00:00-04:00,5292.0,5418.0,5040.0,5040.0,3,0.0,0.0
2012-08-07 00:00:00-04:00,5229.0,5292.0,4788.0,5040.0,5,0.0,0.0
2012-08-08 00:00:00-04:00,5229.0,5229.0,5166.0,5229.0,1,0.0,0.0
2012-08-09 00:00:00-04:00,5670.0,5670.0,5292.0,5481.0,18,0.0,0.0
2012-08-10 00:00:00-04:00,5670.0,5796.0,5481.0,5670.0,11,0.0,0.0
2012-08-13 00:00:00-04:00,5922.0,5922.0,5733.0,5733.0,61,0.0,0.0
2012-08-14 00:00:00-04:00,5922.0,6048.0,5859.0,6048.0,13,0.0,0.0
2012-08-15 00:00:00-04:00,6048.0,6048.0,5796.0,5859.0,10,0.0,0.0
2012-08-16 00:00:00-04:00,5985.0,6300.0,5922.0,6300.0,24,0.0,0.0
2012-08-17 00:00:00-04:00,6111.0,6237.0,5985.0,6048.0,6,0.0,0.0
2012-08-20 00:00:00-04:00,6048.0,6174.0,6048.0,6111.0,6,0.0,0.0
2012-08-21 00:00:00-04:00,6111.0,6174.0,5733.0,5796.0,13,0.0,0.0
2012-08-22 00:00:00-04:00,5733.0,5922.0,5607.0,5733.0,7,0.0,0.0
2012-08-23 00:00:00-04:00,5670.0,5922.0,5355.0,5859.0,4,0.0,0.0
2012-08-24 00:00:00-04:00,5859.0,5859.0,5544.0,5859.0,1,0.0,0.0
2012-08-27 00:00:00-04:00,5985.0,5985.0,5481.0,5670.0,2,0.0,0.0
2012-08-28 00:00:00-04:00,5733.0,5922.0,5544.0,5607.0,3,0.0,0.0
2012-08-29 00:00:00-04:00,5544.0,5733.0,5544.0,5607.0,2,0.0,0.0
2012-08-30 00:00:00-04:00,5607.0,5922.0,5607.0,5859.0,2,0.0,0.0
2012-08-31 00:00:00-04:00,5670.0,5922.0,5481.0,5670.0,8,0.0,0.0
2012-09-04 00:00:00-04:00,5607.0,5859.0,5607.0,5607.0,1,0.0,0.0
2012-09-05 00:00:00-04:00,5796.0,5922.0,5670.0,5922.0,33,0.0,0.0
2012-09-06 00:00:00-04:00,5985.0,6237.0,5733.0,5985.0,37,0.0,0.0
2012-09-07 00:00:00-04:00,5985.0,6111.0,5733.0,5796.0,10,0.0,0.0
2012-09-10 00:00:00-04:00,5733.0,5922.0,5733.0,5796.0,3,0.0,0.0
2012-09-11 00:00:00-04:00,5859.0,5985.0,5670.0,5733.0,8,0.0,0.0
2012-09-12 00:00:00-04:00,5922.0,5985.0,5670.0,5733.0,7,0.0,0.0
2012-09-13 00:00:00-04:00,5985.0,6174.0,5859.0,6111.0,57,0.0,0.0
2012-09-14 00:00:00-04:00,6174.0,6174.0,5859.0,5922.0,14,0.0,0.0
2012-09-17 00:00:00-04:00,5859.0,6300.0,5796.0,5859.0,18,0.0,0.0
2012-09-18 00:00:00-04:00,5859.0,5985.0,5796.0,5796.0,8,0.0,0.0
2012-09-19 00:00:00-04:00,5859.0,6111.0,5670.0,5733.0,19,0.0,0.0
2012-09-20 00:00:00-04:00,5859.0,5985.0,5670.0,5796.0,19,0.0,0.0
2012-09-21 00:00:00-04:00,5985.0,5985.0,5607.0,5607.0,17,0.0,0.0
2012-09-24 00:00:00-04:00,5670.0,5859.0,5607.0,5670.0,7,0.0,0.0
2012-09-25 00:00:00-04:00,5670.0,5985.0,5607.0,5607.0,10,0.0,0.0
2012-09-26 00:00:00-04:00,5607.0,5733.0,5607.0,5733.0,3,0.0,0.0
2012-09-27 00:00:00-04:00,5985.0,5985.0,5670.0,5796.0,8,0.0,0.0
2012-09-28 00:00:00-04:00,5922.0,5922.0,5607.0,5922.0,11,0.0,0.0
2012-10-01 00:00:00-04:00,5670.0,5922.0,5670.0,5670.0,10,0.0,0.0
2012-10-02 00:00:00-04:00,5733.0,5733.0,5607.0,5670.0,8,0.0,0.0
2012-10-03 00:00:00-04:00,5607.0,5670.0,5481.0,5670.0,8,0.0,0.0
2012-10-04 00:00:00-04:00,5481.0,5481.0,5418.0,5481.0,13,0.0,0.0
2012-10-05 00:00:00-04:00,5418.0,5796.0,5418.0,5607.0,6,0.0,0.0
2012-10-08 00:00:00-04:00,5544.0,5670.0,5040.0,5355.0,14,0.0,0.0
2012-10-09 00:00:00-04:00,5670.0,5670.0,5355.0,5544.0,7,0.0,0.0
2012-10-10 00:00:00-04:00,5544.0,5544.0,5292.0,5481.0,6,0.0,0.0
2012-10-11 00:00:00-04:00,5418.0,5544.0,5355.0,5355.0,5,0.0,0.0
2012-10-12 00:00:00-04:00,5355.0,5607.0,5355.0,5481.0,3,0.0,0.0
2012-10-15 00:00:00-04:00,5481.0,5481.0,5229.0,5229.0,12,0.0,0.0
2012-10-16 00:00:00-04:00,5544.0,5607.0,5355.0,5481.0,9,0.0,0.0
2012-10-17 00:00:00-04:00,5544.0,5544.0,5229.0,5292.0,14,0.0,0.0
2012-10-18 00:00:00-04:00,5355.0,5481.0,5229.0,5481.0,19,0.0,0.0
2012-10-19 00:00:00-04:00,5355.0,5481.0,5229.0,5292.0,3,0.0,0.0
2012-10-22 00:00:00-04:00,5229.0,5292.0,5166.0,5166.0,6,0.0,0.0
2012-10-23 00:00:00-04:00,5040.0,5166.0,4914.0,4977.0,12,0.0,0.0
2012-10-24 00:00:00-04:00,4725.0,5040.0,4725.0,5040.0,10,0.0,0.0
2012-10-25 00:00:00-04:00,4788.0,5040.0,4788.0,5040.0,4,0.0,0.0
2012-10-26 00:00:00-04:00,5166.0,5355.0,4788.0,5229.0,18,0.0,0.0
2012-10-31 00:00:00-04:00,5166.0,5355.0,5040.0,5229.0,7,0.0,0.0
2012-11-01 00:00:00-04:00,5355.0,5418.0,5040.0,5355.0,11,0.0,0.0
2012-11-02 00:00:00-04:00,5355.0,5355.0,5103.0,5229.0,7,0.0,0.0
2012-11-05 00:00:00-05:00,5355.0,5355.0,4788.0,5040.0,24,0.0,0.0
2012-11-06 00:00:00-05:00,5040.0,5229.0,4725.0,5040.0,7,0.0,0.0
2012-11-07 00:00:00-05:00,4788.0,5040.0,4788.0,4851.0,3,0.0,0.0
2012-11-08 00:00:00-05:00,4725.0,5040.0,4725.0,4977.0,6,0.0,0.0
2012-11-09 00:00:00-05:00,4788.0,5229.0,4788.0,4788.0,9,0.0,0.0
2012-11-12 00:00:00-05:00,4977.0,4977.0,4473.0,4473.0,11,0.0,0.0
2012-11-13 00:00:00-05:00,4473.0,4599.0,4158.0,4284.0,10,0.0,0.0
2012-11-14 00:00:00-05:00,4347.0,4536.0,4221.0,4284.0,4,0.0,0.0
2012-11-15 00:00:00-05:00,4347.0,4725.0,3906.0,4095.0,19,0.0,0.0
2012-11-16 00:00:00-05:00,4032.0,4410.0,4032.0,4284.0,2,0.0,0.0
2012-11-19 00:00:00-05:00,4284.0,4536.0,4095.0,4473.0,8,0.0,0.0
2012-11-20 00:00:00-05:00,4221.0,4473.0,4032.0,4284.0,1,0.0,0.0
2012-11-21 00:00:00-05:00,4284.0,4473.0,4032.0,4473.0,8,0.0,0.0
2012-11-23 00:00:00-05:00,4536.0,4536.0,4410.0,4410.0,1,0.0,0.0
2012-11-26 00:00:00-05:00,4536.0,4536.0,4158.0,4221.0,3,0.0,0.0
2012-11-27 00:00:00-05:00,4347.0,4410.0,4221.0,4410.0,3,0.0,0.0
2012-11-28 00:00:00-05:00,4410.0,4410.0,4158.0,4221.0,6,0.0,0.0
2012-11-29 00:00:00-05:00,4221.0,4410.0,4221.0,4410.0,2,0.0,0.0
2012-11-30 00:00:00-05:00,4410.0,4410.0,4158.0,4158.0,6,0.0,0.0
2012-12-03 00:00:00-05:00,4221.0,4347.0,4158.0,4347.0,6,0.0,0.0
2012-12-04 00:00:00-05:00,4284.0,4284.0,3906.0,3906.0,9,0.0,0.0
2012-12-05 00:00:00-05:00,4032.0,4095.0,3717.0,3717.0,11,0.0,0.0
2012-12-06 00:00:00-05:00,3780.0,4095.0,3717.0,4032.0,9,0.0,0.0
2012-12-07 00:00:00-05:00,4032.0,4095.0,3780.0,4095.0,8,0.0,0.0
2012-12-10 00:00:00-05:00,4032.0,4032.0,3717.0,4032.0,16,0.0,0.0
2012-12-11 00:00:00-05:00,3717.0,4410.0,3717.0,4221.0,8,0.0,0.0
2012-12-12 00:00:00-05:00,4284.0,4410.0,4221.0,4347.0,15,0.0,0.0
2012-12-13 00:00:00-05:00,4284.0,4284.0,3906.0,4095.0,17,0.0,0.0
2012-12-14 00:00:00-05:00,4032.0,4221.0,4032.0,4032.0,9,0.0,0.0
2012-12-17 00:00:00-05:00,4032.0,4158.0,3969.0,4095.0,12,0.0,0.0
2012-12-18 00:00:00-05:00,4095.0,4221.0,3969.0,4158.0,26,0.0,0.0
2012-12-19 00:00:00-05:00,4158.0,4158.0,3906.0,4032.0,10,0.0,0.0
2012-12-20 00:00:00-05:00,3906.0,4032.0,3780.0,3843.0,20,0.0,0.0
2012-12-21 00:00:00-05:00,4095.0,4158.0,3843.0,4032.0,5,0.0,0.0
2012-12-24 00:00:00-05:00,3780.0,4158.0,3780.0,3969.0,5,0.0,0.0
2012-12-26 00:00:00-05:00,3780.0,4158.0,3780.0,3843.0,15,0.0,0.0
2012-12-27 00:00:00-05:00,4095.0,4347.0,3150.0,3276.0,61,0.0,0.0
2012-12-28 00:00:00-05:00,3528.0,4095.0,3465.0,3843.0,23,0.0,0.0
2012-12-31 00:00:00-05:00,4095.0,4095.0,3843.0,3843.0,16,0.0,0.0
2013-01-02 00:00:00-05:00,4095.0,4095.0,3843.0,4032.0,14,0.0,0.0
2013-01-03 00:00:00-05:00,4032.0,4095.0,3465.0,4032.0,14,0.0,0.0
2013-01-04 00:00:00-05:00,3717.0,4095.0,3654.0,4032.0,14,0.0,0.0
2013-01-07 00:00:00-05:00,4158.0,4221.0,4158.0,4221.0,12,0.0,0.0
2013-01-08 00:00:00-05:00,4284.0,4284.0,3969.0,4284.0,10,0.0,0.0
2013-01-09 00:00:00-05:00,4284.0,4410.0,4284.0,4284.0,27,0.0,0.0
2013-01-10 00:00:00-05:00,4473.0,4977.0,4473.0,4851.0,130,0.0,0.0
2013-01-11 00:00:00-05:00,5040.0,5292.0,4725.0,5166.0,68,0.0,0.0
2013-01-14 00:00:00-05:00,5355.0,5355.0,4725.0,4914.0,26,0.0,0.0
2013-01-15 00:00:00-05:00,4662.0,4851.0,4599.0,4851.0,9,0.0,0.0
2013-01-16 00:00:00-05:00,4914.0,4914.0,4662.0,4788.0,8,0.0,0.0
2013-01-17 00:00:00-05:00,4851.0,4851.0,4599.0,4599.0,12,0.0,0.0
2013-01-18 00:00:00-05:00,4725.0,4788.0,4599.0,4662.0,5,0.0,0.0
2013-01-22 00:00:00-05:00,4725.0,4725.0,4599.0,4725.0,10,0.0,0.0
2013-01-23 00:00:00-05:00,4662.0,4788.0,4599.0,4725.0,19,0.0,0.0
2013-01-24 00:00:00-05:00,4788.0,4914.0,4725.0,4851.0,7,0.0,0.0
2013-01-25 00:00:00-05:00,4977.0,4977.0,4599.0,4851.0,14,0.0,0.0
2013-01-28 00:00:00-05:00,4851.0,4914.0,4725.0,4725.0,16,0.0,0.0
2013-01-29 00:00:00-05:00,4788.0,4788.0,4662.0,4725.0,8,0.0,0.0
2013-01-30 00:00:00-05:00,4725.0,4851.0,4536.0,4536.0,7,0.0,0.0
2013-01-31 00:00:00-05:00,4599.0,4662.0,4347.0,4473.0,14,0.0,0.0
2013-02-01 00:00:00-05:00,4725.0,4725.0,4347.0,4662.0,12,0.0,0.0
2013-02-04 00:00:00-05:00,4662.0,4662.0,4473.0,4662.0,1,0.0,0.0
2013-02-05 00:00:00-05:00,4473.0,4599.0,4284.0,4536.0,8,0.0,0.0
2013-02-06 00:00:00-05:00,4410.0,4599.0,4410.0,4599.0,19,0.0,0.0
2013-02-07 00:00:00-05:00,4725.0,4788.0,4473.0,4725.0,26,0.0,0.0
2013-02-08 00:00:00-05:00,4662.0,4725.0,4662.0,4725.0,5,0.0,0.0
2013-02-11 00:00:00-05:00,4410.0,4725.0,4347.0,4347.0,21,0.0,0.0
2013-02-12 00:00:00-05:00,4599.0,4662.0,4158.0,4284.0,25,0.0,0.0
2013-02-13 00:00:00-05:00,4473.0,4536.0,4158.0,4221.0,19,0.0,0.0
2013-02-14 00:00:00-05:00,4095.0,4473.0,4095.0,4284.0,6,0.0,0.0
2013-02-15 00:00:00-05:00,4536.0,4536.0,4221.0,4284.0,170,0.0,0.0
2013-02-19 00:00:00-05:00,4095.0,4410.0,4095.0,4221.0,23,0.0,0.0
2013-02-20 00:00:00-05:00,4158.0,4473.0,4158.0,4158.0,13,0.0,0.0
2013-02-21 00:00:00-05:00,4221.0,4410.0,3780.0,3906.0,62,0.0,0.0
2013-02-22 00:00:00-05:00,3717.0,4032.0,3654.0,3969.0,48,0.0,0.0
2013-02-25 00:00:00-05:00,4032.0,4032.0,3717.0,3717.0,51,0.0,0.0
2013-02-26 00:00:00-05:00,3717.0,3906.0,3654.0,3906.0,13,0.0,0.0
2013-02-27 00:00:00-05:00,3654.0,3843.0,3654.0,3843.0,12,0.0,0.0
2013-02-28 00:00:00-05:00,3843.0,3843.0,3591.0,3717.0,17,0.0,0.0
2013-03-01 00:00:00-05:00,3843.0,3843.0,3465.0,3780.0,13,0.0,0.0
2013-03-04 00:00:00-05:00,3843.0,3843.0,3528.0,3780.0,24,0.0,0.0
2013-03-05 00:00:00-05:00,3843.0,3969.0,3591.0,3843.0,18,0.0,0.0
2013-03-06 00:00:00-05:00,3654.0,3906.0,3276.0,3402.0,120,0.0,0.0
2013-03-07 00:00:00-05:00,2583.0,2772.0,2583.0,2709.0,728,0.0,0.0
2013-03-08 00:00:00-05:00,2709.0,2898.0,2646.0,2898.0,227,0.0,0.0
2013-03-11 00:00:00-04:00,2835.0,2898.0,2709.0,2835.0,70,0.0,0.0
2013-03-12 00:00:00-04:00,2961.0,2961.0,2772.0,2835.0,29,0.0,0.0
2013-03-13 00:00:00-04:00,2772.0,2898.0,2709.0,2772.0,12,0.0,0.0
2013-03-14 00:00:00-04:00,2772.0,2835.0,2646.0,2646.0,63,0.0,0.0
2013-03-15 00:00:00-04:00,2646.0,2772.0,2646.0,2772.0,35,0.0,0.0
2013-03-18 00:00:00-04:00,2709.0,2709.0,2583.0,2583.0,25,0.0,0.0
2013-03-19 00:00:00-04:00,2646.0,2646.0,2583.0,2646.0,23,0.0,0.0
2013-03-20 00:00:00-04:00,2646.0,2709.0,2583.0,2583.0,47,0.0,0.0
2013-03-21 00:00:00-04:00,2646.0,2646.0,2520.0,2646.0,23,0.0,0.0
2013-03-22 00:00:00-04:00,2709.0,2709.0,2583.0,2583.0,11,0.0,0.0
2013-03-25 00:00:00-04:00,2583.0,2646.0,2394.0,2583.0,71,0.0,0.0
2013-03-26 00:00:00-04:00,2709.0,2709.0,2520.0,2646.0,50,0.0,0.0
2013-03-27 00:00:00-04:00,2709.0,2709.0,2520.0,2520.0,38,0.0,0.0
2013-03-28 00:00:00-04:00,2646.0,2835.0,2646.0,2772.0,35,0.0,0.0
2013-04-01 00:00:00-04:00,2826.0,3114.0,2826.0,3033.0,411,0.0,0.14285714285714285
2013-04-02 00:00:00-04:00,3114.0,3231.0,3015.0,3159.0,742,0.0,0.0
2013-04-03 00:00:00-04:00,3213.0,3330.0,3186.0,3276.0,366,0.0,0.0
2013-04-04 00:00:00-04:00,3330.0,3366.0,3231.0,3348.0,271,0.0,0.0
2013-04-05 00:00:00-04:00,3348.0,3537.0,3348.0,3528.0,270,0.0,0.0
2013-04-08 00:00:00-04:00,3591.0,3690.0,3420.0,3510.0,267,0.0,0.0
2013-04-09 00:00:00-04:00,3510.0,3555.0,3384.0,3429.0,71,0.0,0.0
2013-04-10 00:00:00-04:00,3492.0,3501.0,3357.0,3411.0,132,0.0,0.0
2013-04-11 00:00:00-04:00,3447.0,3537.0,3420.0,3510.0,54,0.0,0.0
2013-04-12 00:00:00-04:00,3564.0,3681.0,3510.0,3600.0,87,0.0,0.0
2013-04-15 00:00:00-04:00,3645.0,3780.0,3510.0,3654.0,221,0.0,0.0
2013-04-16 00:00:00-04:00,3609.0,3798.0,3609.0,3717.0,80,0.0,0.0
2013-04-17 00:00:00-04:00,3780.0,3879.0,3726.0,3780.0,170,0.0,0.0
2013-04-18 00:00:00-04:00,3780.0,4077.0,3735.0,4059.0,262,0.0,0.0
2013-04-19 00:00:00-04:00,4167.0,4491.0,4167.0,4455.0,386,0.0,0.0
2013-04-22 00:00:00-04:00,4491.0,4635.0,4140.0,4275.0,277,0.0,0.0
2013-04-23 00:00:00-04:00,4275.0,4500.0,4239.0,4356.0,95,0.0,0.0
2013-04-24 00:00:00-04:00,4392.0,4482.0,4284.0,4383.0,111,0.0,0.0
2013-04-25 00:00:00-04:00,4446.0,4590.0,4356.0,4482.0,95,0.0,0.0
2013-04-26 00:00:00-04:00,4572.0,4977.0,4536.0,4977.0,181,0.0,0.0
2013-04-29 00:00:00-04:00,4779.0,5175.0,4779.0,4887.0,160,0.0,0.0
2013-04-30 00:00:00-04:00,4869.0,4869.0,4581.0,4734.0,156,0.0,0.0
2013-05-01 00:00:00-04:00,4734.0,5121.0,4734.0,5040.0,160,0.0,0.0
2013-05-02 00:00:00-04:00,4860.0,5787.0,4860.0,5400.0,304,0.0,0.0
2013-05-03 00:00:00-04:00,5661.0,5733.0,5319.0,5373.0,194,0.0,0.0
2013-05-06 00:00:00-04:00,5490.0,5490.0,5130.0,5265.0,105,0.0,0.0
2013-05-07 00:00:00-04:00,5364.0,5364.0,4347.0,4500.0,493,0.0,0.0
2013-05-08 00:00:00-04:00,4410.0,4410.0,3690.0,3780.0,613,0.0,0.0
2013-05-09 00:00:00-04:00,3852.0,4077.0,3807.0,3834.0,160,0.0,0.0
2013-05-10 00:00:00-04:00,3906.0,3978.0,3735.0,3888.0,88,0.0,0.0
2013-05-13 00:00:00-04:00,3834.0,3897.0,3780.0,3807.0,33,0.0,0.0
2013-05-14 00:00:00-04:00,3879.0,3888.0,3699.0,3789.0,48,0.0,0.0
2013-05-15 00:00:00-04:00,3753.0,3753.0,3348.0,3465.0,242,0.0,0.0
2013-05-16 00:00:00-04:00,3429.0,3510.0,3150.0,3510.0,245,0.0,0.0
2013-05-17 00:00:00-04:00,3465.0,3978.0,3465.0,3798.0,136,0.0,0.0
2013-05-20 00:00:00-04:00,3780.0,3780.0,3510.0,3555.0,56,0.0,0.0
2013-05-21 00:00:00-04:00,3609.0,3609.0,3375.0,3528.0,53,0.0,0.0
2013-05-22 00:00:00-04:00,3510.0,3744.0,3420.0,3546.0,60,0.0,0.0
2013-05-23 00:00:00-04:00,3447.0,3852.0,3411.0,3744.0,215,0.0,0.0
2013-05-24 00:00:00-04:00,3654.0,3915.0,3654.0,3906.0,84,0.0,0.0
2013-05-28 00:00:00-04:00,3996.0,4230.0,3672.0,3717.0,111,0.0,0.0
2013-05-29 00:00:00-04:00,3744.0,3744.0,3132.0,3195.0,292,0.0,0.0
2013-05-30 00:00:00-04:00,3258.0,3402.0,3015.0,3321.0,110,0.0,0.0
2013-05-31 00:00:00-04:00,3294.0,3420.0,3204.0,3312.0,60,0.0,0.0
2013-06-03 00:00:00-04:00,3348.0,3348.0,3042.0,3285.0,74,0.0,0.0
2013-06-04 00:00:00-04:00,3249.0,3258.0,3069.0,3231.0,65,0.0,0.0
2013-06-05 00:00:00-04:00,3222.0,3222.0,3042.0,3177.0,59,0.0,0.0
2013-06-06 00:00:00-04:00,2997.0,3249.0,2799.0,3006.0,155,0.0,0.0
2013-06-07 00:00:00-04:00,3006.0,3168.0,2952.0,3123.0,41,0.0,0.0
2013-06-10 00:00:00-04:00,3159.0,3222.0,2970.0,3123.0,58,0.0,0.0
2013-06-11 00:00:00-04:00,3069.0,3150.0,2961.0,3150.0,80,0.0,0.0
2013-06-12 00:00:00-04:00,3150.0,3177.0,2988.0,3150.0,68,0.0,0.0
2013-06-13 00:00:00-04:00,3186.0,3321.0,2997.0,3276.0,115,0.0,0.0
2013-06-14 00:00:00-04:00,2925.0,2970.0,2790.0,2898.0,150,0.0,0.0
2013-06-17 00:00:00-04:00,2889.0,2925.0,2655.0,2718.0,128,0.0,0.0
2013-06-18 00:00:00-04:00,2691.0,2709.0,2475.0,2709.0,246,0.0,0.0
2013-06-19 00:00:00-04:00,2673.0,2700.0,2592.0,2700.0,62,0.0,0.0
2013-06-20 00:00:00-04:00,2700.0,2700.0,2475.0,2538.0,57,0.0,0.0
2013-06-21 00:00:00-04:00,2484.0,2610.0,2412.0,2457.0,63,0.0,0.0
2013-06-24 00:00:00-04:00,2439.0,2439.0,2178.0,2304.0,87,0.0,0.0
2013-06-25 00:00:00-04:00,2313.0,2313.0,2106.0,2241.0,68,0.0,0.0
2013-06-26 00:00:00-04:00,2196.0,2340.0,2142.0,2268.0,39,0.0,0.0
2013-06-27 00:00:00-04:00,2259.0,2376.0,2106.0,2241.0,74,0.0,0.0
2013-06-28 00:00:00-04:00,2196.0,2385.0,2133.0,2322.0,49,0.0,0.0
2013-07-01 00:00:00-04:00,2322.0,2322.0,2160.0,2286.0,81,0.0,0.0
2013-07-02 00:00:00-04:00,2331.0,2367.0,2223.0,2331.0,27,0.0,0.0
2013-07-03 00:00:00-04:00,2358.0,2403.0,2223.0,2376.0,35,0.0,0.0
2013-07-05 00:00:00-04:00,2403.0,2403.0,2250.0,2403.0,31,0.0,0.0
2013-07-08 00:00:00-04:00,2385.0,2385.0,2277.0,2367.0,14,0.0,0.0
2013-07-09 00:00:00-04:00,2340.0,2340.0,2169.0,2214.0,85,0.0,0.0
2013-07-10 00:00:00-04:00,2205.0,2367.0,2205.0,2313.0,44,0.0,0.0
2013-07-11 00:00:00-04:00,2304.0,2583.0,2277.0,2556.0,95,0.0,0.0
2013-07-12 00:00:00-04:00,2601.0,2808.0,2520.0,2700.0,109,0.0,0.0
2013-07-15 00:00:00-04:00,2745.0,2763.0,2565.0,2727.0,39,0.0,0.0
2013-07-16 00:00:00-04:00,2691.0,2781.0,2637.0,2763.0,61,0.0,0.0
2013-07-17 00:00:00-04:00,2790.0,2790.0,2646.0,2691.0,41,0.0,0.0
2013-07-18 00:00:00-04:00,2736.0,2763.0,2583.0,2736.0,32,0.0,0.0
2013-07-19 00:00:00-04:00,2772.0,2772.0,2565.0,2601.0,35,0.0,0.0
2013-07-22 00:00:00-04:00,2574.0,2619.0,2421.0,2475.0,59,0.0,0.0
2013-07-23 00:00:00-04:00,2466.0,2547.0,2295.0,2403.0,29,0.0,0.0
2013-07-24 00:00:00-04:00,2430.0,2430.0,2214.0,2412.0,56,0.0,0.0
2013-07-25 00:00:00-04:00,2367.0,2430.0,2322.0,2376.0,12,0.0,0.0
2013-07-26 00:00:00-04:00,2358.0,2475.0,2358.0,2457.0,21,0.0,0.0
2013-07-29 00:00:00-04:00,2457.0,2610.0,2403.0,2484.0,36,0.0,0.0
2013-07-30 00:00:00-04:00,2466.0,2628.0,2466.0,2493.0,17,0.0,0.0
2013-07-31 00:00:00-04:00,2493.0,2610.0,2412.0,2583.0,37,0.0,0.0
2013-08-01 00:00:00-04:00,2655.0,2655.0,2421.0,2475.0,30,0.0,0.0
2013-08-02 00:00:00-04:00,2520.0,2520.0,2178.0,2295.0,141,0.0,0.0
2013-08-05 00:00:00-04:00,2313.0,2313.0,2232.0,2232.0,30,0.0,0.0
2013-08-06 00:00:00-04:00,2223.0,2232.0,2160.0,2232.0,26,0.0,0.0
2013-08-07 00:00:00-04:00,2241.0,2241.0,2124.0,2223.0,24,0.0,0.0
2013-08-08 00:00:00-04:00,2223.0,2412.0,2133.0,2412.0,60,0.0,0.0
2013-08-09 00:00:00-04:00,2448.0,2448.0,2250.0,2322.0,48,0.0,0.0
2013-08-12 00:00:00-04:00,2277.0,2322.0,2178.0,2196.0,26,0.0,0.0
2013-08-13 00:00:00-04:00,2178.0,2232.0,2115.0,2214.0,48,0.0,0.0
2013-08-14 00:00:00-04:00,2169.0,2241.0,2097.0,2097.0,24,0.0,0.0
2013-08-15 00:00:00-04:00,2187.0,2214.0,2025.0,2079.0,22,0.0,0.0
2013-08-16 00:00:00-04:00,2115.0,2223.0,2070.0,2223.0,33,0.0,0.0
2013-08-19 00:00:00-04:00,2223.0,2223.0,2115.0,2187.0,31,0.0,0.0
2013-08-20 00:00:00-04:00,2205.0,2205.0,2106.0,2196.0,30,0.0,0.0
2013-08-21 00:00:00-04:00,2214.0,2214.0,2142.0,2196.0,22,0.0,0.0
2013-08-22 00:00:00-04:00,2169.0,2187.0,2070.0,2169.0,28,0.0,0.0
2013-08-23 00:00:00-04:00,2178.0,2322.0,2097.0,2322.0,31,0.0,0.0
2013-08-26 00:00:00-04:00,2340.0,2385.0,2223.0,2358.0,59,0.0,0.0
2013-08-27 00:00:00-04:00,2286.0,2385.0,2250.0,2277.0,38,0.0,0.0
2013-08-28 00:00:00-04:00,2340.0,2367.0,2250.0,2250.0,12,0.0,0.0
2013-08-29 00:00:00-04:00,2277.0,2331.0,2214.0,2322.0,26,0.0,0.0
2013-08-30 00:00:00-04:00,2331.0,2475.0,2250.0,2475.0,76,0.0,0.0
2013-09-03 00:00:00-04:00,2502.0,2772.0,2466.0,2565.0,313,0.0,0.0
2013-09-04 00:00:00-04:00,2628.0,2790.0,2583.0,2610.0,364,0.0,0.0
2013-09-05 00:00:00-04:00,2610.0,2619.0,2430.0,2529.0,94,0.0,0.0
2013-09-06 00:00:00-04:00,2484.0,2520.0,2439.0,2475.0,28,0.0,0.0
2013-09-09 00:00:00-04:00,2475.0,2538.0,2439.0,2475.0,26,0.0,0.0
2013-09-10 00:00:00-04:00,2529.0,2673.0,2529.0,2637.0,87,0.0,0.0
2013-09-11 00:00:00-04:00,2673.0,2790.0,2637.0,2664.0,74,0.0,0.0
2013-09-12 00:00:00-04:00,2700.0,2700.0,2610.0,2619.0,21,0.0,0.0
2013-09-13 00:00:00-04:00,2655.0,2700.0,2574.0,2610.0,30,0.0,0.0
2013-09-16 00:00:00-04:00,2646.0,2691.0,2583.0,2583.0,23,0.0,0.0
2013-09-17 00:00:00-04:00,2610.0,2673.0,2583.0,2592.0,17,0.0,0.0
2013-09-18 00:00:00-04:00,2592.0,2754.0,2574.0,2619.0,12,0.0,0.0
2013-09-19 00:00:00-04:00,2700.0,2700.0,2619.0,2673.0,20,0.0,0.0
2013-09-20 00:00:00-04:00,2682.0,2700.0,2583.0,2700.0,41,0.0,0.0
2013-09-23 00:00:00-04:00,2727.0,2727.0,2529.0,2565.0,30,0.0,0.0
2013-09-24 00:00:00-04:00,2565.0,2601.0,2439.0,2457.0,32,0.0,0.0
2013-09-25 00:00:00-04:00,2448.0,2520.0,2439.0,2520.0,12,0.0,0.0
2013-09-26 00:00:00-04:00,2547.0,2547.0,2475.0,2511.0,14,0.0,0.0
2013-09-27 00:00:00-04:00,2493.0,2520.0,2493.0,2502.0,17,0.0,0.0
2013-09-30 00:00:00-04:00,2475.0,2493.0,2430.0,2466.0,26,0.0,0.0
2013-10-01 00:00:00-04:00,2484.0,2484.0,2430.0,2439.0,15,0.0,0.0
2013-10-02 00:00:00-04:00,2430.0,2466.0,2430.0,2457.0,9,0.0,0.0
2013-10-03 00:00:00-04:00,2448.0,2448.0,2295.0,2385.0,41,0.0,0.0
2013-10-04 00:00:00-04:00,2385.0,2430.0,2304.0,2349.0,20,0.0,0.0
2013-10-07 00:00:00-04:00,2295.0,2331.0,2214.0,2250.0,30,0.0,0.0
2013-10-08 00:00:00-04:00,2286.0,2403.0,2250.0,2277.0,8,0.0,0.0
2013-10-09 00:00:00-04:00,2259.0,2286.0,2250.0,2286.0,22,0.0,0.0
2013-10-10 00:00:00-04:00,2295.0,2295.0,2160.0,2259.0,89,0.0,0.0
2013-10-11 00:00:00-04:00,2250.0,2313.0,2250.0,2277.0,13,0.0,0.0
2013-10-14 00:00:00-04:00,2250.0,2277.0,2232.0,2250.0,7,0.0,0.0
2013-10-15 00:00:00-04:00,2250.0,2250.0,2160.0,2205.0,51,0.0,0.0
2013-10-16 00:00:00-04:00,2214.0,2502.0,2214.0,2457.0,97,0.0,0.0
2013-10-17 00:00:00-04:00,2376.0,2448.0,2349.0,2430.0,37,0.0,0.0
2013-10-18 00:00:00-04:00,2421.0,2466.0,2313.0,2412.0,15,0.0,0.0
2013-10-21 00:00:00-04:00,2403.0,2403.0,2259.0,2385.0,15,0.0,0.0
2013-10-22 00:00:00-04:00,2349.0,2475.0,2277.0,2385.0,20,0.0,0.0
2013-10-23 00:00:00-04:00,2385.0,2430.0,2286.0,2358.0,11,0.0,0.0
2013-10-24 00:00:00-04:00,2340.0,2439.0,2268.0,2376.0,11,0.0,0.0
2013-10-25 00:00:00-04:00,2403.0,2538.0,2268.0,2313.0,48,0.0,0.0
2013-10-28 00:00:00-04:00,2295.0,2295.0,2178.0,2241.0,64,0.0,0.0
2013-10-29 00:00:00-04:00,2268.0,2376.0,2268.0,2322.0,28,0.0,0.0
2013-10-30 00:00:00-04:00,2349.0,2439.0,2295.0,2349.0,27,0.0,0.0
2013-10-31 00:00:00-04:00,2340.0,2340.0,2295.0,2322.0,9,0.0,0.0
2013-11-01 00:00:00-04:00,2349.0,2439.0,2322.0,2439.0,35,0.0,0.0
2013-11-04 00:00:00-05:00,2394.0,2673.0,2385.0,2484.0,49,0.0,0.0
2013-11-05 00:00:00-05:00,2520.0,2619.0,2493.0,2493.0,43,0.0,0.0
2013-11-06 00:00:00-05:00,2502.0,2556.0,2484.0,2502.0,41,0.0,0.0
2013-11-07 00:00:00-05:00,2439.0,2520.0,2340.0,2376.0,32,0.0,0.0
2013-11-08 00:00:00-05:00,2412.0,2466.0,2349.0,2430.0,18,0.0,0.0
2013-11-11 00:00:00-05:00,2412.0,2430.0,2349.0,2394.0,17,0.0,0.0
2013-11-12 00:00:00-05:00,2367.0,2385.0,2286.0,2313.0,11,0.0,0.0
2013-11-13 00:00:00-05:00,2322.0,2466.0,2268.0,2376.0,70,0.0,0.0
2013-11-14 00:00:00-05:00,2448.0,2466.0,2340.0,2403.0,12,0.0,0.0
2013-11-15 00:00:00-05:00,2412.0,2430.0,2358.0,2358.0,16,0.0,0.0
2013-11-18 00:00:00-05:00,2349.0,2430.0,2295.0,2304.0,39,0.0,0.0
2013-11-19 00:00:00-05:00,2340.0,2340.0,2169.0,2214.0,89,0.0,0.0
2013-11-20 00:00:00-05:00,2250.0,2367.0,2250.0,2268.0,105,0.0,0.0
2013-11-21 00:00:00-05:00,2151.0,2151.0,1980.0,2097.0,296,0.0,0.0
2013-11-22 00:00:00-05:00,2169.0,2169.0,2097.0,2106.0,56,0.0,0.0
2013-11-25 00:00:00-05:00,2160.0,2187.0,2079.0,2133.0,36,0.0,0.0
2013-11-26 00:00:00-05:00,2169.0,2169.0,2079.0,2088.0,47,0.0,0.0
2013-11-27 00:00:00-05:00,2124.0,2142.0,2079.0,2079.0,58,0.0,0.0
2013-11-29 00:00:00-05:00,2079.0,2160.0,2079.0,2160.0,25,0.0,0.0
2013-12-02 00:00:00-05:00,2142.0,2160.0,2034.0,2115.0,100,0.0,0.0
2013-12-03 00:00:00-05:00,2151.0,2151.0,2034.0,2097.0,30,0.0,0.0
2013-12-04 00:00:00-05:00,5445.0,6489.0,4185.0,4266.0,20030,0.0,0.0
2013-12-05 00:00:00-05:00,3969.0,4275.0,3609.0,3753.0,4114,0.0,0.0
2013-12-06 00:00:00-05:00,3897.0,4257.0,3735.0,3915.0,1445,0.0,0.0
2013-12-09 00:00:00-05:00,4050.0,4095.0,3789.0,3861.0,454,0.0,0.0
2013-12-10 00:00:00-05:00,3861.0,4086.0,3735.0,3942.0,488,0.0,0.0
2013-12-11 00:00:00-05:00,3870.0,3978.0,3699.0,3852.0,271,0.0,0.0
2013-12-12 00:00:00-05:00,4140.0,4203.0,3753.0,3807.0,746,0.0,0.0
2013-12-13 00:00:00-05:00,3717.0,3807.0,3492.0,3510.0,394,0.0,0.0
2013-12-16 00:00:00-05:00,3510.0,3555.0,3438.0,3501.0,253,0.0,0.0
2013-12-17 00:00:00-05:00,3492.0,3537.0,3249.0,3303.0,300,0.0,0.0
2013-12-18 00:00:00-05:00,3321.0,3393.0,3150.0,3195.0,297,0.0,0.0
2013-12-19 00:00:00-05:00,3204.0,3456.0,3150.0,3213.0,287,0.0,0.0
2013-12-20 00:00:00-05:00,3249.0,3312.0,3051.0,3096.0,273,0.0,0.0
2013-12-23 00:00:00-05:00,3222.0,3285.0,3015.0,3078.0,276,0.0,0.0
2013-12-24 00:00:00-05:00,3033.0,3123.0,2997.0,3105.0,69,0.0,0.0
2013-12-26 00:00:00-05:00,3051.0,3348.0,3051.0,3267.0,350,0.0,0.0
2013-12-27 00:00:00-05:00,3195.0,3285.0,3132.0,3150.0,166,0.0,0.0
2013-12-30 00:00:00-05:00,3240.0,3330.0,3168.0,3168.0,204,0.0,0.0
2013-12-31 00:00:00-05:00,3276.0,3276.0,3024.0,3132.0,216,0.0,0.0
2014-01-02 00:00:00-05:00,3186.0,3348.0,3105.0,3348.0,133,0.0,0.0
2014-01-03 00:00:00-05:00,3348.0,3555.0,3276.0,3375.0,296,0.0,0.0
2014-01-06 00:00:00-05:00,3492.0,3492.0,3168.0,3222.0,192,0.0,0.0
2014-01-07 00:00:00-05:00,3537.0,3627.0,3357.0,3501.0,602,0.0,0.0
2014-01-08 00:00:00-05:00,3519.0,3519.0,3330.0,3429.0,148,0.0,0.0
2014-01-09 00:00:00-05:00,3447.0,3483.0,3348.0,3375.0,95,0.0,0.0
2014-01-10 00:00:00-05:00,3330.0,3357.0,3240.0,3294.0,97,0.0,0.0
2014-01-13 00:00:00-05:00,3357.0,3429.0,3240.0,3285.0,111,0.0,0.0
2014-01-14 00:00:00-05:00,3366.0,3402.0,3069.0,3132.0,242,0.0,0.0
2014-01-15 00:00:00-05:00,3150.0,3267.0,3105.0,3168.0,98,0.0,0.0
2014-01-16 00:00:00-05:00,3231.0,3312.0,3132.0,3240.0,118,0.0,0.0
2014-01-17 00:00:00-05:00,3267.0,3267.0,3114.0,3186.0,71,0.0,0.0
2014-01-21 00:00:00-05:00,3258.0,3393.0,3159.0,3303.0,212,0.0,0.0
2014-01-22 00:00:00-05:00,3348.0,3366.0,3078.0,3195.0,116,0.0,0.0
2014-01-23 00:00:00-05:00,3276.0,3285.0,3078.0,3114.0,87,0.0,0.0
2014-01-24 00:00:00-05:00,3123.0,3141.0,2853.0,2889.0,232,0.0,0.0
2014-01-27 00:00:00-05:00,2961.0,2961.0,2727.0,2772.0,161,0.0,0.0
2014-01-28 00:00:00-05:00,2790.0,2862.0,2727.0,2844.0,79,0.0,0.0
2014-01-29 00:00:00-05:00,2844.0,2880.0,2790.0,2862.0,63,0.0,0.0
2014-01-30 00:00:00-05:00,2898.0,2970.0,2826.0,2952.0,67,0.0,0.0
2014-01-31 00:00:00-05:00,2970.0,2970.0,2853.0,2934.0,76,0.0,0.0
2014-02-03 00:00:00-05:00,2952.0,2952.0,2700.0,2871.0,161,0.0,0.0
2014-02-04 00:00:00-05:00,3141.0,3141.0,2628.0,2835.0,265,0.0,0.0
2014-02-05 00:00:00-05:00,2799.0,2799.0,2655.0,2736.0,96,0.0,0.0
2014-02-06 00:00:00-05:00,2763.0,2835.0,2664.0,2736.0,98,0.0,0.0
2014-02-07 00:00:00-05:00,2763.0,2817.0,2682.0,2763.0,49,0.0,0.0
2014-02-10 00:00:00-05:00,2781.0,2817.0,2700.0,2727.0,71,0.0,0.0
2014-02-11 00:00:00-05:00,2709.0,2880.0,2709.0,2826.0,150,0.0,0.0
2014-02-12 00:00:00-05:00,2862.0,2925.0,2835.0,2862.0,58,0.0,0.0
2014-02-13 00:00:00-05:00,2862.0,2952.0,2862.0,2898.0,99,0.0,0.0
2014-02-14 00:00:00-05:00,2709.0,2871.0,2700.0,2781.0,143,0.0,0.0
2014-02-18 00:00:00-05:00,2745.0,2907.0,2700.0,2835.0,48,0.0,0.0
2014-02-19 00:00:00-05:00,3204.0,3915.0,3168.0,3420.0,4487,0.0,0.0
2014-02-20 00:00:00-05:00,3357.0,3366.0,3195.0,3267.0,331,0.0,0.0
2014-02-21 00:00:00-05:00,3438.0,3582.0,3384.0,3573.0,431,0.0,0.0
2014-02-24 00:00:00-05:00,3375.0,3465.0,3123.0,3150.0,595,0.0,0.0
2014-02-25 00:00:00-05:00,3168.0,3303.0,3078.0,3096.0,240,0.0,0.0
2014-02-26 00:00:00-05:00,3141.0,3258.0,3042.0,3204.0,214,0.0,0.0
2014-02-27 00:00:00-05:00,3195.0,3510.0,3195.0,3501.0,229,0.0,0.0
2014-02-28 00:00:00-05:00,3582.0,3582.0,3375.0,3438.0,222,0.0,0.0
2014-03-03 00:00:00-05:00,3438.0,3510.0,3330.0,3420.0,110,0.0,0.0
2014-03-04 00:00:00-05:00,3420.0,3510.0,3357.0,3510.0,154,0.0,0.0
2014-03-05 00:00:00-05:00,3591.0,3735.0,3483.0,3609.0,249,0.0,0.0
2014-03-06 00:00:00-05:00,3600.0,3600.0,3456.0,3546.0,177,0.0,0.0
2014-03-07 00:00:00-05:00,3528.0,3627.0,3465.0,3483.0,104,0.0,0.0
2014-03-10 00:00:00-04:00,3447.0,3582.0,3447.0,3510.0,103,0.0,0.0
2014-03-11 00:00:00-04:00,3555.0,3591.0,3447.0,3510.0,128,0.0,0.0
2014-03-12 00:00:00-04:00,3492.0,3591.0,3456.0,3519.0,86,0.0,0.0
2014-03-13 00:00:00-04:00,3546.0,3744.0,3510.0,3591.0,237,0.0,0.0
2014-03-14 00:00:00-04:00,3582.0,3996.0,3573.0,3924.0,604,0.0,0.0
2014-03-17 00:00:00-04:00,3933.0,4482.0,3681.0,4428.0,2276,0.0,0.0
2014-03-18 00:00:00-04:00,4779.0,5391.0,4725.0,5256.0,3929,0.0,0.0
2014-03-19 00:00:00-04:00,5103.0,5193.0,4662.0,5094.0,1572,0.0,0.0
2014-03-20 00:00:00-04:00,4959.0,5094.0,4779.0,5031.0,469,0.0,0.0
2014-03-21 00:00:00-04:00,5031.0,5310.0,4302.0,4428.0,1553,0.0,0.0
2014-03-24 00:00:00-04:00,4509.0,4527.0,4050.0,4383.0,555,0.0,0.0
2014-03-25 00:00:00-04:00,4401.0,4428.0,4068.0,4086.0,351,0.0,0.0
2014-03-26 00:00:00-04:00,4455.0,4680.0,4185.0,4311.0,1654,0.0,0.0
2014-03-27 00:00:00-04:00,4221.0,4266.0,3870.0,3915.0,486,0.0,0.0
2014-03-28 00:00:00-04:00,3879.0,3942.0,3438.0,3465.0,536,0.0,0.0
2014-03-31 00:00:00-04:00,3375.0,3600.0,3330.0,3393.0,369,0.0,0.0
2014-04-01 00:00:00-04:00,3429.0,3780.0,3429.0,3636.0,272,0.0,0.0
2014-04-02 00:00:00-04:00,3672.0,3798.0,3672.0,3726.0,135,0.0,0.0
2014-04-03 00:00:00-04:00,3708.0,3726.0,3510.0,3537.0,117,0.0,0.0
2014-04-04 00:00:00-04:00,3537.0,3537.0,3420.0,3474.0,146,0.0,0.0
2014-04-07 00:00:00-04:00,3465.0,3519.0,3240.0,3276.0,157,0.0,0.0
2014-04-08 00:00:00-04:00,3249.0,3465.0,3240.0,3411.0,74,0.0,0.0
2014-04-09 00:00:00-04:00,3456.0,3555.0,3456.0,3510.0,119,0.0,0.0
2014-04-10 00:00:00-04:00,3483.0,3546.0,3339.0,3375.0,95,0.0,0.0
2014-04-11 00:00:00-04:00,3321.0,3492.0,3240.0,3249.0,90,0.0,0.0
2014-04-14 00:00:00-04:00,3276.0,3375.0,3231.0,3240.0,104,0.0,0.0
2014-04-15 00:00:00-04:00,3285.0,3285.0,2979.0,3078.0,158,0.0,0.0
2014-04-16 00:00:00-04:00,3096.0,3222.0,2997.0,3033.0,111,0.0,0.0
2014-04-17 00:00:00-04:00,3024.0,3042.0,2952.0,2988.0,103,0.0,0.0
2014-04-21 00:00:00-04:00,3042.0,3042.0,2862.0,2916.0,239,0.0,0.0
2014-04-22 00:00:00-04:00,2961.0,2988.0,2862.0,2916.0,108,0.0,0.0
2014-04-23 00:00:00-04:00,2907.0,2925.0,2880.0,2898.0,110,0.0,0.0
2014-04-24 00:00:00-04:00,2898.0,2943.0,2880.0,2889.0,54,0.0,0.0
2014-04-25 00:00:00-04:00,2880.0,2880.0,2772.0,2772.0,127,0.0,0.0
2014-04-28 00:00:00-04:00,2754.0,2952.0,2637.0,2736.0,206,0.0,0.0
2014-04-29 00:00:00-04:00,2727.0,2844.0,2592.0,2682.0,118,0.0,0.0
2014-04-30 00:00:00-04:00,2700.0,2763.0,2637.0,2691.0,42,0.0,0.0
2014-05-01 00:00:00-04:00,2709.0,2790.0,2700.0,2772.0,35,0.0,0.0
2014-05-02 00:00:00-04:00,2772.0,2880.0,2700.0,2862.0,69,0.0,0.0
2014-05-05 00:00:00-04:00,2871.0,2880.0,2727.0,2826.0,37,0.0,0.0
2014-05-06 00:00:00-04:00,2799.0,2853.0,2673.0,2709.0,60,0.0,0.0
2014-05-07 00:00:00-04:00,2736.0,2790.0,2619.0,2772.0,68,0.0,0.0
2014-05-08 00:00:00-04:00,2808.0,2808.0,2655.0,2664.0,52,0.0,0.0
2014-05-09 00:00:00-04:00,2646.0,2835.0,2619.0,2754.0,19,0.0,0.0
2014-05-12 00:00:00-04:00,2763.0,2889.0,2763.0,2826.0,117,0.0,0.0
2014-05-13 00:00:00-04:00,2835.0,2961.0,2835.0,2889.0,122,0.0,0.0
2014-05-14 00:00:00-04:00,2961.0,2988.0,2907.0,2970.0,169,0.0,0.0
2014-05-15 00:00:00-04:00,2916.0,2988.0,2889.0,2943.0,96,0.0,0.0
2014-05-16 00:00:00-04:00,2925.0,2934.0,2880.0,2889.0,47,0.0,0.0
2014-05-19 00:00:00-04:00,2970.0,2970.0,2925.0,2952.0,104,0.0,0.0
2014-05-20 00:00:00-04:00,2970.0,3042.0,2952.0,3033.0,64,0.0,0.0
2014-05-21 00:00:00-04:00,3051.0,3348.0,3033.0,3087.0,72,0.0,0.0
2014-05-22 00:00:00-04:00,3150.0,3276.0,3114.0,3177.0,98,0.0,0.0
2014-05-23 00:00:00-04:00,3150.0,3222.0,3150.0,3177.0,41,0.0,0.0
2014-05-27 00:00:00-04:00,3213.0,3276.0,3168.0,3204.0,97,0.0,0.0
2014-05-28 00:00:00-04:00,3240.0,3294.0,3168.0,3177.0,50,0.0,0.0
2014-05-29 00:00:00-04:00,3204.0,3258.0,3123.0,3150.0,79,0.0,0.0
2014-05-30 00:00:00-04:00,3123.0,3222.0,3069.0,3078.0,40,0.0,0.0
2014-06-02 00:00:00-04:00,3105.0,3132.0,2970.0,2979.0,98,0.0,0.0
2014-06-03 00:00:00-04:00,2961.0,2961.0,2862.0,2943.0,25,0.0,0.0
2014-06-04 00:00:00-04:00,2898.0,3006.0,2880.0,2889.0,32,0.0,0.0
2014-06-05 00:00:00-04:00,2961.0,2961.0,2790.0,2853.0,53,0.0,0.0
2014-06-06 00:00:00-04:00,2826.0,2979.0,2799.0,2862.0,43,0.0,0.0
2014-06-09 00:00:00-04:00,2853.0,2925.0,2844.0,2871.0,38,0.0,0.0
2014-06-10 00:00:00-04:00,2889.0,2925.0,2844.0,2844.0,34,0.0,0.0
2014-06-11 00:00:00-04:00,3132.0,3132.0,2844.0,2943.0,81,0.0,0.0
2014-06-12 00:00:00-04:00,2988.0,3033.0,2880.0,2961.0,78,0.0,0.0
2014-06-13 00:00:00-04:00,2754.0,2889.0,2709.0,2736.0,207,0.0,0.0
2014-06-16 00:00:00-04:00,2736.0,2754.0,2709.0,2709.0,106,0.0,0.0
2014-06-17 00:00:00-04:00,2727.0,2772.0,2637.0,2664.0,180,0.0,0.0
2014-06-18 00:00:00-04:00,2655.0,2736.0,2655.0,2727.0,78,0.0,0.0
2014-06-19 00:00:00-04:00,2772.0,2808.0,2583.0,2610.0,122,0.0,0.0
2014-06-20 00:00:00-04:00,2718.0,2718.0,2610.0,2628.0,57,0.0,0.0
2014-06-23 00:00:00-04:00,2673.0,2700.0,2601.0,2673.0,74,0.0,0.0
2014-06-24 00:00:00-04:00,2655.0,2718.0,2628.0,2664.0,72,0.0,0.0
2014-06-25 00:00:00-04:00,2610.0,2691.0,2610.0,2655.0,37,0.0,0.0
2014-06-26 00:00:00-04:00,2628.0,2754.0,2565.0,2709.0,100,0.0,0.0
2014-06-27 00:00:00-04:00,2727.0,2871.0,2727.0,2790.0,176,0.0,0.0
2014-06-30 00:00:00-04:00,2898.0,2898.0,2718.0,2781.0,96,0.0,0.0
2014-07-01 00:00:00-04:00,2745.0,2772.0,2664.0,2682.0,66,0.0,0.0
2014-07-02 00:00:00-04:00,2682.0,2709.0,2610.0,2655.0,60,0.0,0.0
2014-07-03 00:00:00-04:00,2682.0,2700.0,2664.0,2664.0,18,0.0,0.0
2014-07-07 00:00:00-04:00,2664.0,2664.0,2601.0,2619.0,43,0.0,0.0
2014-07-08 00:00:00-04:00,2583.0,2619.0,2502.0,2574.0,56,0.0,0.0
2014-07-09 00:00:00-04:00,2592.0,2610.0,2538.0,2583.0,12,0.0,0.0
2014-07-10 00:00:00-04:00,2583.0,2610.0,2502.0,2565.0,34,0.0,0.0
2014-07-11 00:00:00-04:00,2520.0,2556.0,2457.0,2457.0,75,0.0,0.0
2014-07-14 00:00:00-04:00,2439.0,2538.0,2340.0,2349.0,75,0.0,0.0
2014-07-15 00:00:00-04:00,2367.0,2430.0,2331.0,2412.0,61,0.0,0.0
2014-07-16 00:00:00-04:00,2421.0,2439.0,2259.0,2295.0,81,0.0,0.0
2014-07-17 00:00:00-04:00,2295.0,2421.0,2196.0,2214.0,51,0.0,0.0
2014-07-18 00:00:00-04:00,2187.0,2349.0,2187.0,2304.0,59,0.0,0.0
2014-07-21 00:00:00-04:00,2313.0,2403.0,2313.0,2394.0,58,0.0,0.0
2014-07-22 00:00:00-04:00,2421.0,2574.0,2421.0,2574.0,40,0.0,0.0
2014-07-23 00:00:00-04:00,2610.0,2655.0,2484.0,2511.0,54,0.0,0.0
2014-07-24 00:00:00-04:00,2547.0,2556.0,2484.0,2493.0,33,0.0,0.0
2014-07-25 00:00:00-04:00,2475.0,2691.0,2475.0,2583.0,38,0.0,0.0
2014-07-28 00:00:00-04:00,2619.0,2700.0,2556.0,2682.0,65,0.0,0.0
2014-07-29 00:00:00-04:00,2709.0,2709.0,2574.0,2619.0,16,0.0,0.0
2014-07-30 00:00:00-04:00,2601.0,2601.0,2511.0,2520.0,41,0.0,0.0
2014-07-31 00:00:00-04:00,2430.0,2547.0,2349.0,2412.0,82,0.0,0.0
2014-08-01 00:00:00-04:00,2430.0,2448.0,2349.0,2385.0,32,0.0,0.0
2014-08-04 00:00:00-04:00,2367.0,2421.0,2349.0,2349.0,15,0.0,0.0
2014-08-05 00:00:00-04:00,2358.0,2529.0,2331.0,2385.0,28,0.0,0.0
2014-08-06 00:00:00-04:00,2376.0,2475.0,2277.0,2358.0,11,0.0,0.0
2014-08-07 00:00:00-04:00,2403.0,2439.0,2331.0,2349.0,36,0.0,0.0
2014-08-08 00:00:00-04:00,2277.0,2394.0,2232.0,2250.0,71,0.0,0.0
2014-08-11 00:00:00-04:00,2250.0,2655.0,2250.0,2439.0,319,0.0,0.0
2014-08-12 00:00:00-04:00,2511.0,2520.0,2349.0,2421.0,53,0.0,0.0
2014-08-13 00:00:00-04:00,2394.0,2511.0,2394.0,2484.0,25,0.0,0.0
2014-08-14 00:00:00-04:00,2538.0,2565.0,2457.0,2529.0,53,0.0,0.0
2014-08-15 00:00:00-04:00,2484.0,2511.0,2340.0,2385.0,72,0.0,0.0
2014-08-18 00:00:00-04:00,2421.0,2421.0,2358.0,2412.0,11,0.0,0.0
2014-08-19 00:00:00-04:00,2502.0,2502.0,2376.0,2466.0,13,0.0,0.0
2014-08-20 00:00:00-04:00,2475.0,2493.0,2394.0,2457.0,57,0.0,0.0
2014-08-21 00:00:00-04:00,2457.0,2520.0,2376.0,2475.0,35,0.0,0.0
2014-08-22 00:00:00-04:00,2430.0,2511.0,2430.0,2484.0,31,0.0,0.0
2014-08-25 00:00:00-04:00,2484.0,2700.0,2340.0,2385.0,421,0.0,0.0
2014-08-26 00:00:00-04:00,2412.0,2421.0,2295.0,2322.0,61,0.0,0.0
2014-08-27 00:00:00-04:00,2295.0,2340.0,2223.0,2295.0,73,0.0,0.0
2014-08-28 00:00:00-04:00,2286.0,2313.0,2232.0,2268.0,58,0.0,0.0
2014-08-29 00:00:00-04:00,2250.0,2277.0,2160.0,2178.0,93,0.0,0.0
2014-09-02 00:00:00-04:00,2187.0,2268.0,2088.0,2106.0,138,0.0,0.0
2014-09-03 00:00:00-04:00,2115.0,2268.0,2025.0,2223.0,130,0.0,0.0
2014-09-04 00:00:00-04:00,2196.0,2295.0,2169.0,2187.0,75,0.0,0.0
2014-09-05 00:00:00-04:00,2160.0,2223.0,2142.0,2196.0,29,0.0,0.0
2014-09-08 00:00:00-04:00,2187.0,2196.0,2169.0,2178.0,51,0.0,0.0
2014-09-09 00:00:00-04:00,2187.0,2196.0,2070.0,2070.0,72,0.0,0.0
2014-09-10 00:00:00-04:00,2070.0,2187.0,2070.0,2124.0,41,0.0,0.0
2014-09-11 00:00:00-04:00,2142.0,2187.0,2115.0,2160.0,31,0.0,0.0
2014-09-12 00:00:00-04:00,2124.0,2160.0,2088.0,2088.0,35,0.0,0.0
2014-09-15 00:00:00-04:00,2088.0,2115.0,2025.0,2043.0,70,0.0,0.0
2014-09-16 00:00:00-04:00,2079.0,2088.0,1989.0,2052.0,76,0.0,0.0
2014-09-17 00:00:00-04:00,2052.0,2070.0,2016.0,2016.0,16,0.0,0.0
2014-09-18 00:00:00-04:00,1998.0,2061.0,1998.0,1998.0,69,0.0,0.0
2014-09-19 00:00:00-04:00,2025.0,2052.0,1998.0,2052.0,67,0.0,0.0
2014-09-22 00:00:00-04:00,2070.0,2070.0,1908.0,2043.0,126,0.0,0.0
2014-09-23 00:00:00-04:00,1962.0,1989.0,1800.0,1908.0,110,0.0,0.0
2014-09-24 00:00:00-04:00,1917.0,2007.0,1890.0,1962.0,31,0.0,0.0
2014-09-25 00:00:00-04:00,1980.0,2034.0,1926.0,1971.0,38,0.0,0.0
2014-09-26 00:00:00-04:00,1989.0,2025.0,1935.0,2025.0,23,0.0,0.0
2014-09-29 00:00:00-04:00,2043.0,2115.0,2034.0,2070.0,56,0.0,0.0
2014-09-30 00:00:00-04:00,2079.0,2115.0,2052.0,2115.0,34,0.0,0.0
2014-10-01 00:00:00-04:00,2115.0,2115.0,1962.0,1989.0,43,0.0,0.0
2014-10-02 00:00:00-04:00,1989.0,2088.0,1935.0,2034.0,40,0.0,0.0
2014-10-03 00:00:00-04:00,2025.0,2115.0,2007.0,2088.0,81,0.0,0.0
2014-10-06 00:00:00-04:00,2070.0,2070.0,1998.0,2016.0,25,0.0,0.0
2014-10-07 00:00:00-04:00,2043.0,2061.0,1881.0,1935.0,33,0.0,0.0
2014-10-08 00:00:00-04:00,1926.0,1926.0,1764.0,1809.0,142,0.0,0.0
2014-10-09 00:00:00-04:00,1800.0,1836.0,1719.0,1755.0,54,0.0,0.0
2014-10-10 00:00:00-04:00,1728.0,1809.0,1674.0,1701.0,41,0.0,0.0
2014-10-13 00:00:00-04:00,1674.0,1908.0,1566.0,1728.0,226,0.0,0.0
2014-10-14 00:00:00-04:00,1755.0,1782.0,1584.0,1584.0,77,0.0,0.0
2014-10-15 00:00:00-04:00,1566.0,1575.0,1530.0,1575.0,35,0.0,0.0
2014-10-16 00:00:00-04:00,1494.0,1575.0,1494.0,1566.0,85,0.0,0.0
2014-10-17 00:00:00-04:00,1530.0,1620.0,1530.0,1575.0,31,0.0,0.0
2014-10-20 00:00:00-04:00,1584.0,1800.0,1575.0,1782.0,91,0.0,0.0
2014-10-21 00:00:00-04:00,1881.0,1881.0,1764.0,1764.0,67,0.0,0.0
2014-10-22 00:00:00-04:00,1728.0,1818.0,1620.0,1800.0,69,0.0,0.0
2014-10-23 00:00:00-04:00,1818.0,1818.0,1665.0,1719.0,24,0.0,0.0
2014-10-24 00:00:00-04:00,1620.0,1665.0,1512.0,1521.0,174,0.0,0.0
2014-10-27 00:00:00-04:00,1521.0,1611.0,1440.0,1593.0,87,0.0,0.0
2014-10-28 00:00:00-04:00,1611.0,1647.0,1548.0,1647.0,48,0.0,0.0
2014-10-29 00:00:00-04:00,1647.0,1647.0,1557.0,1593.0,37,0.0,0.0
2014-10-30 00:00:00-04:00,1872.0,1980.0,1620.0,1620.0,356,0.0,0.0
2014-10-31 00:00:00-04:00,1845.0,1845.0,1692.0,1710.0,82,0.0,0.0
2014-11-03 00:00:00-05:00,1755.0,1872.0,1755.0,1854.0,108,0.0,0.0
2014-11-04 00:00:00-05:00,1872.0,1962.0,1845.0,1890.0,213,0.0,0.0
2014-11-05 00:00:00-05:00,1890.0,1917.0,1692.0,1692.0,143,0.0,0.0
2014-11-06 00:00:00-05:00,1719.0,1764.0,1575.0,1611.0,71,0.0,0.0
2014-11-07 00:00:00-05:00,1674.0,1692.0,1539.0,1584.0,91,0.0,0.0
2014-11-10 00:00:00-05:00,1602.0,1692.0,1602.0,1611.0,60,0.0,0.0
2014-11-11 00:00:00-05:00,1674.0,1674.0,1584.0,1584.0,40,0.0,0.0
2014-11-12 00:00:00-05:00,1575.0,1629.0,1530.0,1530.0,71,0.0,0.0
2014-11-13 00:00:00-05:00,1530.0,1701.0,1494.0,1593.0,148,0.0,0.0
2014-11-14 00:00:00-05:00,1593.0,1602.0,1530.0,1566.0,50,0.0,0.0
2014-11-17 00:00:00-05:00,1566.0,1746.0,1566.0,1620.0,29,0.0,0.0
2014-11-18 00:00:00-05:00,1683.0,1683.0,1548.0,1602.0,32,0.0,0.0
2014-11-19 00:00:00-05:00,1602.0,1629.0,1557.0,1593.0,45,0.0,0.0
2014-11-20 00:00:00-05:00,1629.0,1638.0,1593.0,1611.0,16,0.0,0.0
2014-11-21 00:00:00-05:00,1566.0,1665.0,1566.0,1611.0,25,0.0,0.0
2014-11-24 00:00:00-05:00,1602.0,1692.0,1521.0,1521.0,117,0.0,0.0
2014-11-25 00:00:00-05:00,1548.0,1575.0,1485.0,1494.0,35,0.0,0.0
2014-11-26 00:00:00-05:00,1485.0,1485.0,1386.0,1422.0,70,0.0,0.0
2014-11-28 00:00:00-05:00,1386.0,1413.0,1323.0,1359.0,64,0.0,0.0
2014-12-01 00:00:00-05:00,1350.0,1368.0,1251.0,1260.0,140,0.0,0.0
2014-12-02 00:00:00-05:00,1278.0,1386.0,1206.0,1305.0,128,0.0,0.0
2014-12-03 00:00:00-05:00,1440.0,1530.0,1350.0,1404.0,170,0.0,0.0
2014-12-04 00:00:00-05:00,1404.0,1440.0,1350.0,1350.0,55,0.0,0.0
2014-12-05 00:00:00-05:00,1350.0,1359.0,1278.0,1278.0,60,0.0,0.0
2014-12-08 00:00:00-05:00,1260.0,1341.0,1206.0,1260.0,168,0.0,0.0
2014-12-09 00:00:00-05:00,1197.0,1341.0,1197.0,1323.0,84,0.0,0.0
2014-12-10 00:00:00-05:00,1341.0,1350.0,1260.0,1278.0,45,0.0,0.0
2014-12-11 00:00:00-05:00,1260.0,1332.0,1260.0,1332.0,87,0.0,0.0
2014-12-12 00:00:00-05:00,1314.0,1539.0,1287.0,1476.0,180,0.0,0.0
2014-12-15 00:00:00-05:00,1476.0,1476.0,1287.0,1296.0,71,0.0,0.0
2014-12-16 00:00:00-05:00,1287.0,1404.0,1260.0,1314.0,78,0.0,0.0
2014-12-17 00:00:00-05:00,1323.0,1368.0,1260.0,1305.0,53,0.0,0.0
2014-12-18 00:00:00-05:00,1278.0,1422.0,1278.0,1323.0,60,0.0,0.0
2014-12-19 00:00:00-05:00,1305.0,1449.0,1305.0,1413.0,87,0.0,0.0
2014-12-22 00:00:00-05:00,1476.0,1494.0,1377.0,1377.0,95,0.0,0.0
2014-12-23 00:00:00-05:00,1341.0,1377.0,1278.0,1341.0,107,0.0,0.0
2014-12-24 00:00:00-05:00,1395.0,1395.0,1350.0,1350.0,17,0.0,0.0
2014-12-26 00:00:00-05:00,1350.0,1395.0,1314.0,1341.0,29,0.0,0.0
2014-12-29 00:00:00-05:00,1341.0,1341.0,1260.0,1260.0,103,0.0,0.0
2014-12-30 00:00:00-05:00,1260.0,1350.0,1242.0,1341.0,150,0.0,0.0
2014-12-31 00:00:00-05:00,1341.0,1341.0,1278.0,1287.0,81,0.0,0.0
2015-01-02 00:00:00-05:00,1323.0,1368.0,1260.0,1260.0,29,0.0,0.0
2015-01-05 00:00:00-05:00,1305.0,1350.0,1278.0,1323.0,39,0.0,0.0
2015-01-06 00:00:00-05:00,1323.0,1395.0,1305.0,1368.0,43,0.0,0.0
2015-01-07 00:00:00-05:00,1341.0,1413.0,1341.0,1341.0,32,0.0,0.0
2015-01-08 00:00:00-05:00,1341.0,1368.0,1314.0,1323.0,44,0.0,0.0
2015-01-09 00:00:00-05:00,1305.0,1413.0,1305.0,1350.0,51,0.0,0.0
2015-01-12 00:00:00-05:00,1413.0,1422.0,1287.0,1305.0,138,0.0,0.0
2015-01-13 00:00:00-05:00,1287.0,1314.0,1233.0,1251.0,114,0.0,0.0
2015-01-14 00:00:00-05:00,1332.0,1332.0,1197.0,1260.0,112,0.0,0.0
2015-01-15 00:00:00-05:00,1305.0,1305.0,1134.0,1197.0,103,0.0,0.0
2015-01-16 00:00:00-05:00,1197.0,1215.0,1089.0,1116.0,169,0.0,0.0
2015-01-20 00:00:00-05:00,1071.0,1107.0,972.0,1026.0,214,0.0,0.0
2015-01-21 00:00:00-05:00,810.0,810.0,729.0,747.0,2770,0.0,0.0
2015-01-22 00:00:00-05:00,738.0,756.0,720.0,720.0,682,0.0,0.0
2015-01-23 00:00:00-05:00,711.0,747.0,711.0,747.0,472,0.0,0.0
2015-01-26 00:00:00-05:00,801.0,801.0,729.0,756.0,273,0.0,0.0
2015-01-27 00:00:00-05:00,765.0,765.0,729.0,729.0,423,0.0,0.0
2015-01-28 00:00:00-05:00,756.0,756.0,729.0,729.0,133,0.0,0.0
2015-01-29 00:00:00-05:00,765.0,765.0,693.0,693.0,203,0.0,0.0
2015-01-30 00:00:00-05:00,693.0,738.0,684.0,711.0,113,0.0,0.0
2015-02-02 00:00:00-05:00,747.0,756.0,711.0,756.0,258,0.0,0.0
2015-02-03 00:00:00-05:00,765.0,765.0,729.0,765.0,172,0.0,0.0
2015-02-04 00:00:00-05:00,756.0,765.0,738.0,747.0,67,0.0,0.0
2015-02-05 00:00:00-05:00,747.0,756.0,729.0,738.0,207,0.0,0.0
2015-02-06 00:00:00-05:00,747.0,765.0,729.0,729.0,188,0.0,0.0
2015-02-09 00:00:00-05:00,738.0,756.0,720.0,738.0,251,0.0,0.0
2015-02-10 00:00:00-05:00,738.0,756.0,720.0,729.0,190,0.0,0.0
2015-02-11 00:00:00-05:00,738.0,756.0,729.0,747.0,112,0.0,0.0
2015-02-12 00:00:00-05:00,756.0,756.0,729.0,729.0,125,0.0,0.0
2015-02-13 00:00:00-05:00,729.0,729.0,720.0,720.0,222,0.0,0.0
2015-02-17 00:00:00-05:00,747.0,747.0,702.0,729.0,344,0.0,0.0
2015-02-18 00:00:00-05:00,756.0,756.0,711.0,729.0,82,0.0,0.0
2015-02-19 00:00:00-05:00,738.0,756.0,720.0,756.0,801,0.0,0.0
2015-02-20 00:00:00-05:00,765.0,882.0,756.0,819.0,2317,0.0,0.0
2015-02-23 00:00:00-05:00,855.0,855.0,783.0,783.0,552,0.0,0.0
2015-02-24 00:00:00-05:00,774.0,783.0,702.0,711.0,707,0.0,0.0
2015-02-25 00:00:00-05:00,711.0,783.0,711.0,756.0,342,0.0,0.0
2015-02-26 00:00:00-05:00,756.0,792.0,729.0,774.0,318,0.0,0.0
2015-02-27 00:00:00-05:00,783.0,792.0,747.0,774.0,269,0.0,0.0
2015-03-02 00:00:00-05:00,774.0,783.0,747.0,774.0,141,0.0,0.0
2015-03-03 00:00:00-05:00,783.0,783.0,765.0,774.0,168,0.0,0.0
2015-03-04 00:00:00-05:00,774.0,837.0,765.0,819.0,654,0.0,0.0
2015-03-05 00:00:00-05:00,828.0,945.0,819.0,846.0,2004,0.0,0.0
2015-03-06 00:00:00-05:00,873.0,873.0,828.0,855.0,377,0.0,0.0
2015-03-09 00:00:00-04:00,855.0,864.0,792.0,792.0,305,0.0,0.0
2015-03-10 00:00:00-04:00,792.0,810.0,765.0,765.0,219,0.0,0.0
2015-03-11 00:00:00-04:00,765.0,828.0,747.0,756.0,156,0.0,0.0
2015-03-12 00:00:00-04:00,756.0,783.0,729.0,729.0,282,0.0,0.0
2015-03-13 00:00:00-04:00,801.0,828.0,729.0,774.0,218,0.0,0.0
2015-03-16 00:00:00-04:00,792.0,792.0,729.0,729.0,145,0.0,0.0
2015-03-17 00:00:00-04:00,747.0,756.0,711.0,711.0,357,0.0,0.0
2015-03-18 00:00:00-04:00,711.0,783.0,711.0,756.0,161,0.0,0.0
2015-03-19 00:00:00-04:00,747.0,765.0,720.0,729.0,78,0.0,0.0
2015-03-20 00:00:00-04:00,756.0,756.0,720.0,738.0,106,0.0,0.0
2015-03-23 00:00:00-04:00,756.0,756.0,711.0,729.0,119,0.0,0.0
2015-03-24 00:00:00-04:00,720.0,747.0,711.0,720.0,55,0.0,0.0
2015-03-25 00:00:00-04:00,702.0,747.0,702.0,720.0,106,0.0,0.0
2015-03-26 00:00:00-04:00,720.0,738.0,702.0,729.0,95,0.0,0.0
2015-03-27 00:00:00-04:00,720.0,765.0,711.0,738.0,230,0.0,0.0
2015-03-30 00:00:00-04:00,747.0,774.0,720.0,747.0,93,0.0,0.0
2015-03-31 00:00:00-04:00,756.0,756.0,720.0,756.0,126,0.0,0.0
2015-04-01 00:00:00-04:00,756.0,756.0,711.0,738.0,110,0.0,0.0
2015-04-02 00:00:00-04:00,729.0,756.0,711.0,729.0,189,0.0,0.0
2015-04-06 00:00:00-04:00,720.0,738.0,720.0,720.0,40,0.0,0.0
2015-04-07 00:00:00-04:00,729.0,738.0,720.0,738.0,56,0.0,0.0
2015-04-08 00:00:00-04:00,738.0,756.0,720.0,738.0,60,0.0,0.0
2015-04-09 00:00:00-04:00,729.0,756.0,729.0,729.0,89,0.0,0.0
2015-04-10 00:00:00-04:00,720.0,756.0,720.0,738.0,43,0.0,0.0
2015-04-13 00:00:00-04:00,729.0,747.0,720.0,729.0,57,0.0,0.0
2015-04-14 00:00:00-04:00,720.0,747.0,720.0,720.0,54,0.0,0.0
2015-04-15 00:00:00-04:00,720.0,756.0,720.0,720.0,132,0.0,0.0
2015-04-16 00:00:00-04:00,729.0,756.0,729.0,738.0,97,0.0,0.0
2015-04-17 00:00:00-04:00,756.0,756.0,729.0,756.0,196,0.0,0.0
2015-04-20 00:00:00-04:00,756.0,828.0,756.0,810.0,521,0.0,0.0
2015-04-21 00:00:00-04:00,828.0,828.0,756.0,765.0,126,0.0,0.0
2015-04-22 00:00:00-04:00,783.0,783.0,747.0,756.0,198,0.0,0.0
2015-04-23 00:00:00-04:00,747.0,765.0,738.0,738.0,68,0.0,0.0
2015-04-24 00:00:00-04:00,747.0,810.0,747.0,765.0,204,0.0,0.0
2015-04-27 00:00:00-04:00,774.0,792.0,729.0,756.0,208,0.0,0.0
2015-04-28 00:00:00-04:00,774.0,792.0,720.0,756.0,86,0.0,0.0
2015-04-29 00:00:00-04:00,756.0,756.0,720.0,720.0,90,0.0,0.0
2015-04-30 00:00:00-04:00,720.0,747.0,693.0,693.0,208,0.0,0.0
2015-05-01 00:00:00-04:00,702.0,720.0,585.0,648.0,274,0.0,0.0
2015-05-04 00:00:00-04:00,657.0,675.0,648.0,657.0,83,0.0,0.0
2015-05-05 00:00:00-04:00,666.0,675.0,630.0,648.0,92,0.0,0.0
2015-05-06 00:00:00-04:00,648.0,675.0,630.0,630.0,105,0.0,0.0
2015-05-07 00:00:00-04:00,648.0,675.0,639.0,675.0,109,0.0,0.0
2015-05-08 00:00:00-04:00,675.0,711.0,675.0,711.0,124,0.0,0.0
2015-05-11 00:00:00-04:00,720.0,756.0,702.0,756.0,127,0.0,0.0
2015-05-12 00:00:00-04:00,765.0,783.0,729.0,783.0,176,0.0,0.0
2015-05-13 00:00:00-04:00,783.0,783.0,738.0,774.0,78,0.0,0.0
2015-05-14 00:00:00-04:00,774.0,774.0,747.0,747.0,73,0.0,0.0
2015-05-15 00:00:00-04:00,756.0,783.0,747.0,774.0,122,0.0,0.0
2015-05-18 00:00:00-04:00,729.0,783.0,729.0,774.0,80,0.0,0.0
2015-05-19 00:00:00-04:00,765.0,783.0,756.0,756.0,117,0.0,0.0
2015-05-20 00:00:00-04:00,774.0,774.0,720.0,729.0,106,0.0,0.0
2015-05-21 00:00:00-04:00,720.0,774.0,720.0,738.0,90,0.0,0.0
2015-05-22 00:00:00-04:00,756.0,774.0,729.0,747.0,48,0.0,0.0
2015-05-26 00:00:00-04:00,738.0,765.0,729.0,729.0,114,0.0,0.0
2015-05-27 00:00:00-04:00,738.0,792.0,729.0,765.0,229,0.0,0.0
2015-05-28 00:00:00-04:00,783.0,990.0,765.0,801.0,2700,0.0,0.0
2015-05-29 00:00:00-04:00,810.0,864.0,801.0,837.0,361,0.0,0.0
2015-06-01 00:00:00-04:00,846.0,864.0,810.0,810.0,237,0.0,0.0
2015-06-02 00:00:00-04:00,828.0,927.0,819.0,873.0,1846,0.0,0.0
2015-06-03 00:00:00-04:00,909.0,1080.0,873.0,1026.0,4410,0.0,0.0
2015-06-04 00:00:00-04:00,1017.0,1458.0,1017.0,1287.0,11395,0.0,0.0
2015-06-05 00:00:00-04:00,1260.0,1386.0,1170.0,1215.0,3854,0.0,0.0
2015-06-08 00:00:00-04:00,1215.0,1674.0,1152.0,1584.0,16170,0.0,0.0
2015-06-09 00:00:00-04:00,1746.0,1773.0,1404.0,1476.0,10897,0.0,0.0
2015-06-10 00:00:00-04:00,1467.0,1476.0,1269.0,1350.0,3062,0.0,0.0
2015-06-11 00:00:00-04:00,1404.0,1575.0,1278.0,1557.0,4311,0.0,0.0
2015-06-12 00:00:00-04:00,1665.0,1746.0,1377.0,1458.0,6372,0.0,0.0
2015-06-15 00:00:00-04:00,1458.0,1485.0,1341.0,1359.0,1064,0.0,0.0
2015-06-16 00:00:00-04:00,1422.0,1548.0,1413.0,1449.0,1819,0.0,0.0
2015-06-17 00:00:00-04:00,1404.0,1449.0,1341.0,1350.0,1118,0.0,0.0
2015-06-18 00:00:00-04:00,1368.0,1431.0,1305.0,1368.0,780,0.0,0.0
2015-06-19 00:00:00-04:00,1341.0,1431.0,1332.0,1431.0,770,0.0,0.0
2015-06-22 00:00:00-04:00,1413.0,1485.0,1368.0,1377.0,574,0.0,0.0
2015-06-23 00:00:00-04:00,1368.0,1404.0,1332.0,1368.0,492,0.0,0.0
2015-06-24 00:00:00-04:00,1368.0,1377.0,1305.0,1350.0,620,0.0,0.0
2015-06-25 00:00:00-04:00,1359.0,1359.0,1215.0,1242.0,677,0.0,0.0
2015-06-26 00:00:00-04:00,1404.0,1413.0,1260.0,1296.0,672,0.0,0.0
2015-06-29 00:00:00-04:00,1305.0,1422.0,1260.0,1287.0,626,0.0,0.0
2015-06-30 00:00:00-04:00,1341.0,1341.0,1260.0,1287.0,255,0.0,0.0
2015-07-01 00:00:00-04:00,1269.0,1332.0,1260.0,1296.0,495,0.0,0.0
2015-07-02 00:00:00-04:00,1314.0,1395.0,1314.0,1368.0,783,0.0,0.0
2015-07-06 00:00:00-04:00,1350.0,1467.0,1350.0,1422.0,724,0.0,0.0
2015-07-07 00:00:00-04:00,1467.0,1467.0,1260.0,1350.0,605,0.0,0.0
2015-07-08 00:00:00-04:00,1440.0,1584.0,1395.0,1413.0,4349,0.0,0.0
2015-07-09 00:00:00-04:00,1458.0,1521.0,1413.0,1422.0,742,0.0,0.0
2015-07-10 00:00:00-04:00,1476.0,1512.0,1413.0,1440.0,446,0.0,0.0
2015-07-13 00:00:00-04:00,1422.0,1467.0,1350.0,1377.0,587,0.0,0.0
2015-07-14 00:00:00-04:00,1359.0,1404.0,1323.0,1386.0,659,0.0,0.0
2015-07-15 00:00:00-04:00,1368.0,1440.0,1323.0,1368.0,377,0.0,0.0
2015-07-16 00:00:00-04:00,1350.0,1395.0,1305.0,1323.0,445,0.0,0.0
2015-07-17 00:00:00-04:00,1314.0,1359.0,1314.0,1323.0,239,0.0,0.0
2015-07-20 00:00:00-04:00,1350.0,1368.0,1314.0,1314.0,199,0.0,0.0
2015-07-21 00:00:00-04:00,1287.0,1341.0,1287.0,1296.0,180,0.0,0.0
2015-07-22 00:00:00-04:00,1323.0,1332.0,1287.0,1296.0,245,0.0,0.0
2015-07-23 00:00:00-04:00,1314.0,1350.0,1296.0,1314.0,229,0.0,0.0
2015-07-24 00:00:00-04:00,1323.0,1386.0,1314.0,1350.0,450,0.0,0.0
2015-07-27 00:00:00-04:00,1395.0,1485.0,1341.0,1395.0,730,0.0,0.0
2015-07-28 00:00:00-04:00,1404.0,1503.0,1404.0,1449.0,643,0.0,0.0
2015-07-29 00:00:00-04:00,1494.0,1719.0,1476.0,1647.0,2681,0.0,0.0
2015-07-30 00:00:00-04:00,1719.0,1737.0,1557.0,1593.0,1506,0.0,0.0
2015-07-31 00:00:00-04:00,1323.0,1395.0,1269.0,1287.0,1335,0.0,0.0
2015-08-03 00:00:00-04:00,1305.0,1350.0,1242.0,1269.0,609,0.0,0.0
2015-08-04 00:00:00-04:00,1242.0,1260.0,1134.0,1161.0,941,0.0,0.0
2015-08-05 00:00:00-04:00,1143.0,1161.0,1035.0,1071.0,960,0.0,0.0
2015-08-06 00:00:00-04:00,1044.0,1062.0,1035.0,1044.0,302,0.0,0.0
2015-08-07 00:00:00-04:00,1071.0,1116.0,1035.0,1053.0,338,0.0,0.0
2015-08-10 00:00:00-04:00,1035.0,1071.0,954.0,963.0,730,0.0,0.0
2015-08-11 00:00:00-04:00,936.0,1071.0,918.0,1026.0,397,0.0,0.0
2015-08-12 00:00:00-04:00,1017.0,1053.0,954.0,963.0,283,0.0,0.0
2015-08-13 00:00:00-04:00,990.0,1170.0,981.0,1161.0,429,0.0,0.0
2015-08-14 00:00:00-04:00,1161.0,1161.0,1053.0,1080.0,418,0.0,0.0
2015-08-17 00:00:00-04:00,1098.0,1116.0,1035.0,1107.0,198,0.0,0.0
2015-08-18 00:00:00-04:00,1098.0,1107.0,1035.0,1053.0,161,0.0,0.0
2015-08-19 00:00:00-04:00,1161.0,1161.0,990.0,1053.0,344,0.0,0.0
2015-08-20 00:00:00-04:00,1053.0,1080.0,990.0,1080.0,179,0.0,0.0
2015-08-21 00:00:00-04:00,1062.0,1080.0,990.0,1044.0,377,0.0,0.0
2015-08-24 00:00:00-04:00,900.0,1026.0,900.0,945.0,402,0.0,0.0
2015-08-25 00:00:00-04:00,999.0,1071.0,927.0,990.0,601,0.0,0.0
2015-08-26 00:00:00-04:00,990.0,1143.0,945.0,999.0,1042,0.0,0.0
2015-08-27 00:00:00-04:00,1026.0,1071.0,1017.0,1062.0,113,0.0,0.0
2015-08-28 00:00:00-04:00,1071.0,1071.0,999.0,1062.0,127,0.0,0.0
2015-08-31 00:00:00-04:00,1017.0,1152.0,999.0,1089.0,658,0.0,0.0
2015-09-01 00:00:00-04:00,1089.0,1098.0,1035.0,1098.0,93,0.0,0.0
2015-09-02 00:00:00-04:00,1089.0,1143.0,1062.0,1116.0,99,0.0,0.0
2015-09-03 00:00:00-04:00,1125.0,1161.0,1080.0,1098.0,240,0.0,0.0
2015-09-04 00:00:00-04:00,1098.0,1152.0,1035.0,1098.0,755,0.0,0.0
2015-09-08 00:00:00-04:00,1134.0,1134.0,1035.0,1035.0,144,0.0,0.0
2015-09-09 00:00:00-04:00,1017.0,1080.0,1017.0,1044.0,188,0.0,0.0
2015-09-10 00:00:00-04:00,1044.0,1080.0,1035.0,1062.0,113,0.0,0.0
2015-09-11 00:00:00-04:00,1062.0,1062.0,1035.0,1062.0,54,0.0,0.0
2015-09-14 00:00:00-04:00,1053.0,1062.0,1026.0,1026.0,47,0.0,0.0
2015-09-15 00:00:00-04:00,1062.0,1062.0,1026.0,1062.0,81,0.0,0.0
2015-09-16 00:00:00-04:00,1062.0,1080.0,1035.0,1071.0,105,0.0,0.0
2015-09-17 00:00:00-04:00,1071.0,1089.0,1044.0,1053.0,229,0.0,0.0
2015-09-18 00:00:00-04:00,1044.0,1080.0,1035.0,1080.0,293,0.0,0.0
2015-09-21 00:00:00-04:00,1089.0,1161.0,1080.0,1125.0,189,0.0,0.0
2015-09-22 00:00:00-04:00,1116.0,1152.0,1071.0,1080.0,111,0.0,0.0
2015-09-23 00:00:00-04:00,1098.0,1116.0,1071.0,1098.0,44,0.0,0.0
2015-09-24 00:00:00-04:00,1080.0,1242.0,990.0,1242.0,654,0.0,0.0
2015-09-25 00:00:00-04:00,1224.0,1296.0,1170.0,1242.0,387,0.0,0.0
2015-09-28 00:00:00-04:00,1224.0,1260.0,1134.0,1179.0,204,0.0,0.0
2015-09-29 00:00:00-04:00,1206.0,1206.0,1107.0,1143.0,132,0.0,0.0
2015-09-30 00:00:00-04:00,1152.0,1170.0,1107.0,1161.0,130,0.0,0.0
2015-10-01 00:00:00-04:00,1161.0,1170.0,1098.0,1116.0,70,0.0,0.0
2015-10-02 00:00:00-04:00,1125.0,1179.0,1080.0,1170.0,124,0.0,0.0
2015-10-05 00:00:00-04:00,1197.0,1197.0,1071.0,1089.0,191,0.0,0.0
2015-10-06 00:00:00-04:00,1116.0,1179.0,1044.0,1062.0,152,0.0,0.0
2015-10-07 00:00:00-04:00,1080.0,1215.0,1044.0,1125.0,158,0.0,0.0
2015-10-08 00:00:00-04:00,1125.0,1125.0,1062.0,1071.0,132,0.0,0.0
2015-10-09 00:00:00-04:00,1089.0,1116.0,1053.0,1098.0,58,0.0,0.0
2015-10-12 00:00:00-04:00,1125.0,1125.0,1080.0,1080.0,31,0.0,0.0
2015-10-13 00:00:00-04:00,1098.0,1098.0,1044.0,1053.0,105,0.0,0.0
2015-10-14 00:00:00-04:00,1053.0,1071.0,1035.0,1044.0,63,0.0,0.0
2015-10-15 00:00:00-04:00,1062.0,1080.0,1026.0,1071.0,119,0.0,0.0
2015-10-16 00:00:00-04:00,1080.0,1080.0,1044.0,1080.0,120,0.0,0.0
2015-10-19 00:00:00-04:00,999.0,1080.0,999.0,1071.0,102,0.0,0.0
2015-10-20 00:00:00-04:00,1080.0,1125.0,1071.0,1080.0,170,0.0,0.0
2015-10-21 00:00:00-04:00,1089.0,1125.0,1035.0,1071.0,187,0.0,0.0
2015-10-22 00:00:00-04:00,1188.0,1260.0,1071.0,1098.0,444,0.0,0.0
2015-10-23 00:00:00-04:00,1125.0,1152.0,1080.0,1143.0,127,0.0,0.0
2015-10-26 00:00:00-04:00,1152.0,1161.0,1098.0,1116.0,59,0.0,0.0
2015-10-27 00:00:00-04:00,1107.0,1107.0,1080.0,1080.0,96,0.0,0.0
2015-10-28 00:00:00-04:00,1080.0,1116.0,1080.0,1089.0,25,0.0,0.0
2015-10-29 00:00:00-04:00,1107.0,1116.0,1044.0,1098.0,104,0.0,0.0
2015-10-30 00:00:00-04:00,1080.0,1116.0,1071.0,1098.0,52,0.0,0.0
2015-11-02 00:00:00-05:00,1107.0,1152.0,1080.0,1134.0,108,0.0,0.0
2015-11-03 00:00:00-05:00,1116.0,1170.0,1098.0,1152.0,168,0.0,0.0
2015-11-04 00:00:00-05:00,1152.0,1170.0,1089.0,1134.0,159,0.0,0.0
2015-11-05 00:00:00-05:00,1134.0,1152.0,1089.0,1098.0,242,0.0,0.0
2015-11-06 00:00:00-05:00,1107.0,1116.0,1044.0,1071.0,171,0.0,0.0
2015-11-09 00:00:00-05:00,1071.0,1107.0,1071.0,1071.0,98,0.0,0.0
2015-11-10 00:00:00-05:00,1080.0,1107.0,1053.0,1080.0,43,0.0,0.0
2015-11-11 00:00:00-05:00,1098.0,1098.0,1053.0,1062.0,81,0.0,0.0
2015-11-12 00:00:00-05:00,1062.0,1080.0,1062.0,1080.0,49,0.0,0.0
2015-11-13 00:00:00-05:00,1071.0,1080.0,972.0,990.0,156,0.0,0.0
2015-11-16 00:00:00-05:00,1026.0,1044.0,990.0,1026.0,61,0.0,0.0
2015-11-17 00:00:00-05:00,1044.0,1071.0,990.0,1035.0,108,0.0,0.0
2015-11-18 00:00:00-05:00,1035.0,1035.0,1017.0,1017.0,46,0.0,0.0
2015-11-19 00:00:00-05:00,1026.0,1062.0,1017.0,1044.0,95,0.0,0.0
2015-11-20 00:00:00-05:00,1044.0,1062.0,1035.0,1044.0,86,0.0,0.0
2015-11-23 00:00:00-05:00,1062.0,1062.0,1035.0,1044.0,61,0.0,0.0
2015-11-24 00:00:00-05:00,1035.0,1062.0,990.0,1026.0,130,0.0,0.0
2015-11-25 00:00:00-05:00,1044.0,1062.0,1035.0,1053.0,118,0.0,0.0
2015-11-27 00:00:00-05:00,1071.0,1071.0,1044.0,1071.0,37,0.0,0.0
2015-11-30 00:00:00-05:00,1062.0,1242.0,1035.0,1116.0,1724,0.0,0.0
2015-12-01 00:00:00-05:00,1134.0,1143.0,1071.0,1116.0,213,0.0,0.0
2015-12-02 00:00:00-05:00,1116.0,1125.0,1071.0,1089.0,137,0.0,0.0
2015-12-03 00:00:00-05:00,1062.0,1089.0,1053.0,1071.0,183,0.0,0.0
2015-12-04 00:00:00-05:00,1071.0,1080.0,1026.0,1044.0,141,0.0,0.0
2015-12-07 00:00:00-05:00,1053.0,1080.0,1017.0,1044.0,103,0.0,0.0
2015-12-08 00:00:00-05:00,1044.0,1044.0,1008.0,1035.0,76,0.0,0.0
2015-12-09 00:00:00-05:00,1017.0,1053.0,1017.0,1026.0,35,0.0,0.0
2015-12-10 00:00:00-05:00,1035.0,1035.0,1008.0,1035.0,49,0.0,0.0
2015-12-11 00:00:00-05:00,1062.0,1062.0,1017.0,1026.0,110,0.0,0.0
2015-12-14 00:00:00-05:00,1035.0,1044.0,1026.0,1035.0,62,0.0,0.0
2015-12-15 00:00:00-05:00,1053.0,1053.0,990.0,1008.0,82,0.0,0.0
2015-12-16 00:00:00-05:00,1008.0,1026.0,990.0,990.0,86,0.0,0.0
2015-12-17 00:00:00-05:00,1215.0,1224.0,1008.0,1026.0,1019,0.0,0.0
2015-12-18 00:00:00-05:00,1035.0,1044.0,1008.0,1008.0,162,0.0,0.0
2015-12-21 00:00:00-05:00,1026.0,1026.0,990.0,999.0,164,0.0,0.0
2015-12-22 00:00:00-05:00,1008.0,1080.0,990.0,1044.0,271,0.0,0.0
2015-12-23 00:00:00-05:00,1080.0,1080.0,1017.0,1044.0,155,0.0,0.0
2015-12-24 00:00:00-05:00,1071.0,1071.0,1035.0,1044.0,47,0.0,0.0
2015-12-28 00:00:00-05:00,1071.0,1071.0,1026.0,1044.0,844,0.0,0.0
2015-12-29 00:00:00-05:00,1044.0,1071.0,1035.0,1053.0,108,0.0,0.0
2015-12-30 00:00:00-05:00,1062.0,1071.0,1026.0,1026.0,90,0.0,0.0
2015-12-31 00:00:00-05:00,1035.0,1062.0,1008.0,1035.0,164,0.0,0.0
2016-01-04 00:00:00-05:00,1053.0,1062.0,1008.0,1035.0,122,0.0,0.0
2016-01-05 00:00:00-05:00,1044.0,1044.0,1008.0,1008.0,135,0.0,0.0
2016-01-06 00:00:00-05:00,1017.0,1125.0,1008.0,1071.0,860,0.0,0.0
2016-01-07 00:00:00-05:00,1053.0,1053.0,999.0,1017.0,343,0.0,0.0
2016-01-08 00:00:00-05:00,1035.0,1044.0,927.0,945.0,277,0.0,0.0
2016-01-11 00:00:00-05:00,927.0,954.0,864.0,864.0,333,0.0,0.0
2016-01-12 00:00:00-05:00,909.0,909.0,783.0,801.0,246,0.0,0.0
2016-01-13 00:00:00-05:00,774.0,900.0,765.0,855.0,231,0.0,0.0
2016-01-14 00:00:00-05:00,828.0,864.0,765.0,846.0,143,0.0,0.0
2016-01-15 00:00:00-05:00,855.0,855.0,810.0,810.0,110,0.0,0.0
2016-01-19 00:00:00-05:00,828.0,846.0,738.0,783.0,162,0.0,0.0
2016-01-20 00:00:00-05:00,765.0,801.0,720.0,756.0,162,0.0,0.0
2016-01-21 00:00:00-05:00,774.0,828.0,747.0,828.0,104,0.0,0.0
2016-01-22 00:00:00-05:00,864.0,927.0,855.0,882.0,368,0.0,0.0
2016-01-25 00:00:00-05:00,909.0,945.0,900.0,900.0,131,0.0,0.0
2016-01-26 00:00:00-05:00,918.0,990.0,918.0,972.0,142,0.0,0.0
2016-01-27 00:00:00-05:00,990.0,1089.0,972.0,1080.0,360,0.0,0.0
2016-01-28 00:00:00-05:00,1116.0,1251.0,1080.0,1233.0,643,0.0,0.0
2016-01-29 00:00:00-05:00,1233.0,1287.0,963.0,1125.0,554,0.0,0.0
2016-02-01 00:00:00-05:00,1098.0,1125.0,1044.0,1053.0,187,0.0,0.0
2016-02-02 00:00:00-05:00,1062.0,1125.0,1035.0,1062.0,189,0.0,0.0
2016-02-03 00:00:00-05:00,1080.0,1125.0,1044.0,1080.0,146,0.0,0.0
2016-02-04 00:00:00-05:00,1134.0,1197.0,1062.0,1116.0,268,0.0,0.0
2016-02-05 00:00:00-05:00,1062.0,1071.0,990.0,1008.0,266,0.0,0.0
2016-02-08 00:00:00-05:00,990.0,990.0,765.0,828.0,551,0.0,0.0
2016-02-09 00:00:00-05:00,837.0,1008.0,828.0,864.0,263,0.0,0.0
2016-02-10 00:00:00-05:00,909.0,972.0,864.0,891.0,130,0.0,0.0
2016-02-11 00:00:00-05:00,900.0,900.0,819.0,846.0,126,0.0,0.0
2016-02-12 00:00:00-05:00,855.0,882.0,837.0,846.0,53,0.0,0.0
2016-02-16 00:00:00-05:00,936.0,936.0,864.0,891.0,94,0.0,0.0
2016-02-17 00:00:00-05:00,918.0,936.0,882.0,918.0,133,0.0,0.0
2016-02-18 00:00:00-05:00,945.0,945.0,882.0,900.0,113,0.0,0.0
2016-02-19 00:00:00-05:00,909.0,927.0,873.0,873.0,37,0.0,0.0
2016-02-22 00:00:00-05:00,873.0,936.0,873.0,891.0,146,0.0,0.0
2016-02-23 00:00:00-05:00,909.0,945.0,873.0,891.0,66,0.0,0.0
2016-02-24 00:00:00-05:00,909.0,909.0,873.0,873.0,81,0.0,0.0
2016-02-25 00:00:00-05:00,882.0,918.0,873.0,900.0,41,0.0,0.0
2016-02-26 00:00:00-05:00,891.0,900.0,873.0,900.0,25,0.0,0.0
2016-02-29 00:00:00-05:00,900.0,909.0,882.0,891.0,78,0.0,0.0
2016-03-01 00:00:00-05:00,900.0,900.0,855.0,855.0,175,0.0,0.0
2016-03-02 00:00:00-05:00,855.0,900.0,837.0,873.0,113,0.0,0.0
2016-03-03 00:00:00-05:00,900.0,927.0,873.0,900.0,208,0.0,0.0
2016-03-04 00:00:00-05:00,927.0,927.0,900.0,900.0,125,0.0,0.0
2016-03-07 00:00:00-05:00,927.0,981.0,909.0,963.0,190,0.0,0.0
2016-03-08 00:00:00-05:00,981.0,990.0,936.0,981.0,93,0.0,0.0
2016-03-09 00:00:00-05:00,990.0,1026.0,972.0,1026.0,94,0.0,0.0
2016-03-10 00:00:00-05:00,1044.0,1080.0,963.0,1026.0,208,0.0,0.0
2016-03-11 00:00:00-05:00,1053.0,1071.0,990.0,1017.0,90,0.0,0.0
2016-03-14 00:00:00-04:00,1017.0,1062.0,972.0,990.0,87,0.0,0.0
2016-03-15 00:00:00-04:00,1017.0,1017.0,972.0,999.0,78,0.0,0.0
2016-03-16 00:00:00-04:00,999.0,1035.0,945.0,954.0,199,0.0,0.0
2016-03-17 00:00:00-04:00,981.0,990.0,900.0,900.0,320,0.0,0.0
2016-03-18 00:00:00-04:00,882.0,936.0,855.0,900.0,465,0.0,0.0
2016-03-21 00:00:00-04:00,909.0,909.0,873.0,900.0,126,0.0,0.0
2016-03-22 00:00:00-04:00,900.0,909.0,873.0,891.0,182,0.0,0.0
2016-03-23 00:00:00-04:00,909.0,936.0,891.0,900.0,315,0.0,0.0
2016-03-24 00:00:00-04:00,909.0,927.0,864.0,864.0,141,0.0,0.0
2016-03-28 00:00:00-04:00,900.0,900.0,846.0,864.0,412,0.0,0.0
2016-03-29 00:00:00-04:00,873.0,891.0,864.0,864.0,129,0.0,0.0
2016-03-30 00:00:00-04:00,900.0,900.0,864.0,882.0,111,0.0,0.0
2016-03-31 00:00:00-04:00,900.0,900.0,837.0,855.0,191,0.0,0.0
2016-04-01 00:00:00-04:00,873.0,882.0,828.0,837.0,138,0.0,0.0
2016-04-04 00:00:00-04:00,846.0,855.0,747.0,747.0,447,0.0,0.0
2016-04-05 00:00:00-04:00,720.0,819.0,720.0,738.0,212,0.0,0.0
2016-04-06 00:00:00-04:00,738.0,792.0,738.0,747.0,174,0.0,0.0
2016-04-07 00:00:00-04:00,792.0,801.0,774.0,792.0,164,0.0,0.0
2016-04-08 00:00:00-04:00,792.0,801.0,765.0,792.0,153,0.0,0.0
2016-04-11 00:00:00-04:00,792.0,810.0,765.0,810.0,125,0.0,0.0
2016-04-12 00:00:00-04:00,810.0,855.0,810.0,837.0,178,0.0,0.0
2016-04-13 00:00:00-04:00,909.0,954.0,855.0,864.0,445,0.0,0.0
2016-04-14 00:00:00-04:00,864.0,918.0,828.0,864.0,121,0.0,0.0
2016-04-15 00:00:00-04:00,855.0,864.0,828.0,837.0,100,0.0,0.0
2016-04-18 00:00:00-04:00,837.0,864.0,828.0,837.0,71,0.0,0.0
2016-04-19 00:00:00-04:00,837.0,855.0,828.0,837.0,67,0.0,0.0
2016-04-20 00:00:00-04:00,1062.0,1197.0,990.0,990.0,11928,0.0,0.0
2016-04-21 00:00:00-04:00,1035.0,1035.0,972.0,990.0,1307,0.0,0.0
2016-04-22 00:00:00-04:00,990.0,990.0,936.0,963.0,902,0.0,0.0
2016-04-25 00:00:00-04:00,954.0,963.0,882.0,909.0,648,0.0,0.0
2016-04-26 00:00:00-04:00,900.0,945.0,864.0,936.0,553,0.0,0.0
2016-04-27 00:00:00-04:00,954.0,954.0,864.0,909.0,455,0.0,0.0
2016-04-28 00:00:00-04:00,900.0,918.0,882.0,900.0,208,0.0,0.0
2016-04-29 00:00:00-04:00,900.0,900.0,882.0,891.0,123,0.0,0.0
2016-05-02 00:00:00-04:00,900.0,909.0,864.0,909.0,318,0.0,0.0
2016-05-03 00:00:00-04:00,900.0,918.0,873.0,918.0,229,0.0,0.0
2016-05-04 00:00:00-04:00,936.0,954.0,900.0,927.0,500,0.0,0.0
2016-05-05 00:00:00-04:00,945.0,972.0,909.0,918.0,299,0.0,0.0
2016-05-06 00:00:00-04:00,900.0,927.0,900.0,909.0,178,0.0,0.0
2016-05-09 00:00:00-04:00,927.0,927.0,900.0,918.0,104,0.0,0.0
2016-05-10 00:00:00-04:00,927.0,936.0,909.0,909.0,191,0.0,0.0
2016-05-11 00:00:00-04:00,909.0,936.0,900.0,909.0,100,0.0,0.0
2016-05-12 00:00:00-04:00,918.0,927.0,900.0,900.0,182,0.0,0.0
2016-05-13 00:00:00-04:00,900.0,918.0,891.0,918.0,120,0.0,0.0
2016-05-16 00:00:00-04:00,918.0,927.0,900.0,918.0,126,0.0,0.0
2016-05-17 00:00:00-04:00,909.0,909.0,882.0,900.0,159,0.0,0.0
2016-05-18 00:00:00-04:00,891.0,909.0,891.0,900.0,128,0.0,0.0
2016-05-19 00:00:00-04:00,891.0,900.0,864.0,900.0,123,0.0,0.0
2016-05-20 00:00:00-04:00,873.0,900.0,864.0,873.0,87,0.0,0.0
2016-05-23 00:00:00-04:00,882.0,900.0,864.0,873.0,41,0.0,0.0
2016-05-24 00:00:00-04:00,891.0,891.0,873.0,873.0,115,0.0,0.0
2016-05-25 00:00:00-04:00,882.0,891.0,873.0,891.0,75,0.0,0.0
2016-05-26 00:00:00-04:00,891.0,891.0,873.0,882.0,45,0.0,0.0
2016-05-27 00:00:00-04:00,882.0,882.0,864.0,864.0,116,0.0,0.0
2016-05-31 00:00:00-04:00,864.0,882.0,864.0,873.0,61,0.0,0.0
2016-06-01 00:00:00-04:00,873.0,882.0,864.0,864.0,49,0.0,0.0
2016-06-02 00:00:00-04:00,864.0,873.0,864.0,864.0,90,0.0,0.0
2016-06-03 00:00:00-04:00,864.0,873.0,864.0,873.0,71,0.0,0.0
2016-06-06 00:00:00-04:00,882.0,882.0,873.0,882.0,33,0.0,0.0
2016-06-07 00:00:00-04:00,891.0,891.0,882.0,882.0,78,0.0,0.0
2016-06-08 00:00:00-04:00,882.0,918.0,873.0,891.0,334,0.0,0.0
2016-06-09 00:00:00-04:00,900.0,900.0,864.0,864.0,77,0.0,0.0
2016-06-10 00:00:00-04:00,873.0,900.0,864.0,864.0,62,0.0,0.0
2016-06-13 00:00:00-04:00,873.0,918.0,864.0,891.0,349,0.0,0.0
2016-06-14 00:00:00-04:00,900.0,900.0,873.0,882.0,61,0.0,0.0
2016-06-15 00:00:00-04:00,873.0,882.0,873.0,882.0,82,0.0,0.0
2016-06-16 00:00:00-04:00,864.0,882.0,864.0,873.0,173,0.0,0.0
2016-06-17 00:00:00-04:00,873.0,882.0,855.0,873.0,293,0.0,0.0
2016-06-20 00:00:00-04:00,882.0,882.0,846.0,846.0,150,0.0,0.0
2016-06-21 00:00:00-04:00,855.0,864.0,819.0,819.0,95,0.0,0.0
2016-06-22 00:00:00-04:00,810.0,819.0,720.0,747.0,868,0.0,0.0
2016-06-23 00:00:00-04:00,747.0,765.0,738.0,747.0,137,0.0,0.0
2016-06-24 00:00:00-04:00,738.0,783.0,702.0,774.0,307,0.0,0.0
2016-06-27 00:00:00-04:00,754.2000122070312,871.2000122070312,651.5999755859375,714.5999755859375,324,0.0,0.2
2016-06-28 00:00:00-04:00,711.0,781.2000122070312,684.0,738.0,159,0.0,0.0
2016-06-29 00:00:00-04:00,739.7999877929688,768.5999755859375,676.7999877929688,725.4000244140625,634,0.0,0.0
2016-06-30 00:00:00-04:00,720.0,738.0,700.2000122070312,721.7999877929688,110,0.0,0.0
2016-07-01 00:00:00-04:00,727.2000122070312,756.0,718.2000122070312,754.2000122070312,228,0.0,0.0
2016-07-05 00:00:00-04:00,752.4000244140625,763.2000122070312,739.7999877929688,745.2000122070312,88,0.0,0.0
2016-07-06 00:00:00-04:00,774.0,858.5999755859375,757.7999877929688,806.4000244140625,742,0.0,0.0
2016-07-07 00:00:00-04:00,801.0,801.0,766.7999877929688,788.4000244140625,101,0.0,0.0
2016-07-08 00:00:00-04:00,786.5999755859375,786.5999755859375,770.4000244140625,777.5999755859375,124,0.0,0.0
2016-07-11 00:00:00-04:00,770.4000244140625,770.4000244140625,738.0,743.4000244140625,291,0.0,0.0
2016-07-12 00:00:00-04:00,741.5999755859375,770.4000244140625,721.7999877929688,766.7999877929688,222,0.0,0.0
2016-07-13 00:00:00-04:00,763.2000122070312,790.2000122070312,756.0,781.2000122070312,86,0.0,0.0
2016-07-14 00:00:00-04:00,772.2000122070312,792.0,747.0,761.4000244140625,176,0.0,0.0
2016-07-15 00:00:00-04:00,765.0,810.0,765.0,797.4000244140625,182,0.0,0.0
2016-07-18 00:00:00-04:00,806.4000244140625,806.4000244140625,772.2000122070312,777.5999755859375,68,0.0,0.0
2016-07-19 00:00:00-04:00,784.7999877929688,801.0,775.7999877929688,797.4000244140625,97,0.0,0.0
2016-07-20 00:00:00-04:00,795.5999755859375,804.5999755859375,783.0,799.2000122070312,59,0.0,0.0
2016-07-21 00:00:00-04:00,795.5999755859375,811.7999877929688,790.2000122070312,804.5999755859375,93,0.0,0.0
2016-07-22 00:00:00-04:00,802.7999877929688,835.2000122070312,756.0,831.5999755859375,586,0.0,0.0
2016-07-25 00:00:00-04:00,840.5999755859375,840.5999755859375,801.0,831.5999755859375,213,0.0,0.0
2016-07-26 00:00:00-04:00,833.4000244140625,833.4000244140625,811.7999877929688,826.2000122070312,64,0.0,0.0
2016-07-27 00:00:00-04:00,810.0,878.4000244140625,810.0,847.7999877929688,553,0.0,0.0
2016-07-28 00:00:00-04:00,889.2000122070312,896.4000244140625,829.7999877929688,853.2000122070312,955,0.0,0.0
2016-07-29 00:00:00-04:00,864.0,873.0,738.0,772.2000122070312,542,0.0,0.0
2016-08-01 00:00:00-04:00,765.0,765.0,693.0,702.0,451,0.0,0.0
2016-08-02 00:00:00-04:00,707.4000244140625,707.4000244140625,657.0,666.0,215,0.0,0.0
2016-08-03 00:00:00-04:00,662.4000244140625,671.4000244140625,642.5999755859375,671.4000244140625,146,0.0,0.0
2016-08-04 00:00:00-04:00,676.7999877929688,682.2000122070312,649.7999877929688,662.4000244140625,212,0.0,0.0
2016-08-05 00:00:00-04:00,651.5999755859375,675.0,651.5999755859375,675.0,225,0.0,0.0
2016-08-08 00:00:00-04:00,673.2000122070312,698.4000244140625,669.5999755859375,685.7999877929688,89,0.0,0.0
2016-08-09 00:00:00-04:00,691.2000122070312,712.7999877929688,684.0,698.4000244140625,66,0.0,0.0
2016-08-10 00:00:00-04:00,698.4000244140625,727.2000122070312,680.4000244140625,693.0,76,0.0,0.0
2016-08-11 00:00:00-04:00,732.5999755859375,756.0,682.2000122070312,693.0,147,0.0,0.0
2016-08-12 00:00:00-04:00,689.4000244140625,696.5999755859375,666.0,680.4000244140625,99,0.0,0.0
2016-08-15 00:00:00-04:00,682.2000122070312,682.2000122070312,657.0,682.2000122070312,162,0.0,0.0
2016-08-16 00:00:00-04:00,675.0,684.0,651.5999755859375,660.5999755859375,75,0.0,0.0
2016-08-17 00:00:00-04:00,669.5999755859375,684.0,662.4000244140625,662.4000244140625,176,0.0,0.0
2016-08-18 00:00:00-04:00,664.2000122070312,676.7999877929688,655.2000122070312,662.4000244140625,46,0.0,0.0
2016-08-19 00:00:00-04:00,657.0,696.5999755859375,657.0,658.7999877929688,114,0.0,0.0
2016-08-22 00:00:00-04:00,666.0,698.4000244140625,664.2000122070312,696.5999755859375,197,0.0,0.0
2016-08-23 00:00:00-04:00,705.5999755859375,741.5999755859375,703.7999877929688,716.4000244140625,384,0.0,0.0
2016-08-24 00:00:00-04:00,783.0,855.0,756.0,819.0,4686,0.0,0.0
2016-08-25 00:00:00-04:00,822.5999755859375,828.0,766.7999877929688,808.2000122070312,615,0.0,0.0
2016-08-26 00:00:00-04:00,801.0,806.4000244140625,745.2000122070312,772.2000122070312,284,0.0,0.0
2016-08-29 00:00:00-04:00,772.2000122070312,779.4000244140625,745.2000122070312,750.5999755859375,157,0.0,0.0
2016-08-30 00:00:00-04:00,765.0,766.7999877929688,718.2000122070312,741.5999755859375,152,0.0,0.0
2016-08-31 00:00:00-04:00,732.5999755859375,747.0,712.7999877929688,736.2000122070312,167,0.0,0.0
2016-09-01 00:00:00-04:00,727.2000122070312,747.0,716.4000244140625,743.4000244140625,97,0.0,0.0
2016-09-02 00:00:00-04:00,738.0,745.2000122070312,721.7999877929688,745.2000122070312,80,0.0,0.0
2016-09-06 00:00:00-04:00,747.0,756.0,739.7999877929688,752.4000244140625,181,0.0,0.0
2016-09-07 00:00:00-04:00,752.4000244140625,768.5999755859375,725.4000244140625,743.4000244140625,408,0.0,0.0
2016-09-08 00:00:00-04:00,748.7999877929688,790.2000122070312,748.7999877929688,781.2000122070312,173,0.0,0.0
2016-09-09 00:00:00-04:00,784.7999877929688,806.4000244140625,765.0,772.2000122070312,147,0.0,0.0
2016-09-12 00:00:00-04:00,774.0,801.0,774.0,781.2000122070312,90,0.0,0.0
2016-09-13 00:00:00-04:00,788.4000244140625,788.4000244140625,770.4000244140625,774.0,53,0.0,0.0
2016-09-14 00:00:00-04:00,781.2000122070312,802.7999877929688,781.2000122070312,801.0,183,0.0,0.0
2016-09-15 00:00:00-04:00,808.2000122070312,808.2000122070312,747.0,792.0,100,0.0,0.0
2016-09-16 00:00:00-04:00,795.5999755859375,795.5999755859375,774.0,783.0,137,0.0,0.0
2016-09-19 00:00:00-04:00,781.2000122070312,781.2000122070312,730.7999877929688,747.0,212,0.0,0.0
2016-09-20 00:00:00-04:00,739.7999877929688,754.2000122070312,734.4000244140625,739.7999877929688,103,0.0,0.0
2016-09-21 00:00:00-04:00,741.5999755859375,761.4000244140625,734.4000244140625,734.4000244140625,117,0.0,0.0
2016-09-22 00:00:00-04:00,741.5999755859375,743.4000244140625,736.2000122070312,738.0,85,0.0,0.0
2016-09-23 00:00:00-04:00,743.4000244140625,748.7999877929688,734.4000244140625,745.2000122070312,73,0.0,0.0
2016-09-26 00:00:00-04:00,745.2000122070312,783.0,734.4000244140625,756.0,346,0.0,0.0
2016-09-27 00:00:00-04:00,750.5999755859375,752.4000244140625,738.0,752.4000244140625,72,0.0,0.0
2016-09-28 00:00:00-04:00,743.4000244140625,772.2000122070312,738.0,765.0,141,0.0,0.0
2016-09-29 00:00:00-04:00,766.7999877929688,783.0,756.0,774.0,386,0.0,0.0
2016-09-30 00:00:00-04:00,774.0,792.0,774.0,781.2000122070312,228,0.0,0.0
2016-10-03 00:00:00-04:00,775.7999877929688,783.0,761.4000244140625,768.5999755859375,41,0.0,0.0
2016-10-04 00:00:00-04:00,772.2000122070312,772.2000122070312,759.5999755859375,766.7999877929688,131,0.0,0.0
2016-10-05 00:00:00-04:00,759.5999755859375,766.7999877929688,739.7999877929688,739.7999877929688,146,0.0,0.0
2016-10-06 00:00:00-04:00,741.5999755859375,774.0,739.7999877929688,763.2000122070312,161,0.0,0.0
2016-10-07 00:00:00-04:00,770.4000244140625,781.2000122070312,741.5999755859375,756.0,161,0.0,0.0
2016-10-10 00:00:00-04:00,754.2000122070312,793.7999877929688,754.2000122070312,783.0,269,0.0,0.0
2016-10-11 00:00:00-04:00,777.5999755859375,793.7999877929688,763.2000122070312,766.7999877929688,75,0.0,0.0
2016-10-12 00:00:00-04:00,766.7999877929688,766.7999877929688,736.2000122070312,748.7999877929688,57,0.0,0.0
2016-10-13 00:00:00-04:00,752.4000244140625,772.2000122070312,707.4000244140625,707.4000244140625,286,0.0,0.0
2016-10-14 00:00:00-04:00,712.7999877929688,732.5999755859375,707.4000244140625,707.4000244140625,105,0.0,0.0
2016-10-17 00:00:00-04:00,707.4000244140625,718.2000122070312,703.7999877929688,707.4000244140625,64,0.0,0.0
2016-10-18 00:00:00-04:00,709.2000122070312,729.0,707.4000244140625,729.0,106,0.0,0.0
2016-10-19 00:00:00-04:00,723.5999755859375,727.2000122070312,709.2000122070312,720.0,62,0.0,0.0
2016-10-20 00:00:00-04:00,720.0,727.2000122070312,711.0,714.5999755859375,68,0.0,0.0
2016-10-21 00:00:00-04:00,716.4000244140625,723.5999755859375,714.5999755859375,720.0,56,0.0,0.0
2016-10-24 00:00:00-04:00,720.0,736.2000122070312,714.5999755859375,734.4000244140625,123,0.0,0.0
2016-10-25 00:00:00-04:00,725.4000244140625,734.4000244140625,716.4000244140625,725.4000244140625,18,0.0,0.0
2016-10-26 00:00:00-04:00,729.0,736.2000122070312,725.4000244140625,734.4000244140625,96,0.0,0.0
2016-10-27 00:00:00-04:00,736.2000122070312,736.2000122070312,718.2000122070312,723.5999755859375,61,0.0,0.0
2016-10-28 00:00:00-04:00,730.7999877929688,738.0,716.4000244140625,721.7999877929688,31,0.0,0.0
2016-10-31 00:00:00-04:00,712.7999877929688,741.5999755859375,711.0,720.0,399,0.0,0.0
2016-11-01 00:00:00-04:00,999.0,1017.0,864.0,907.2000122070312,8619,0.0,0.0
2016-11-02 00:00:00-04:00,873.0,943.2000122070312,829.7999877929688,864.0,3194,0.0,0.0
2016-11-03 00:00:00-04:00,864.0,867.5999755859375,811.7999877929688,819.0,491,0.0,0.0
2016-11-04 00:00:00-04:00,900.0,900.0,799.2000122070312,813.5999755859375,1814,0.0,0.0
2016-11-07 00:00:00-05:00,822.5999755859375,831.5999755859375,801.0,802.7999877929688,399,0.0,0.0
2016-11-08 00:00:00-05:00,822.5999755859375,826.2000122070312,797.4000244140625,810.0,298,0.0,0.0
2016-11-09 00:00:00-05:00,799.2000122070312,810.0,797.4000244140625,810.0,281,0.0,0.0
2016-11-10 00:00:00-05:00,804.5999755859375,819.0,801.0,804.5999755859375,168,0.0,0.0
2016-11-11 00:00:00-05:00,828.0,828.0,801.0,813.5999755859375,482,0.0,0.0
2016-11-14 00:00:00-05:00,810.0,862.2000122070312,810.0,858.5999755859375,364,0.0,0.0
2016-11-15 00:00:00-05:00,838.7999877929688,873.0,837.0,869.4000244140625,256,0.0,0.0
2016-11-16 00:00:00-05:00,860.4000244140625,882.0,860.4000244140625,882.0,191,0.0,0.0
2016-11-17 00:00:00-05:00,889.2000122070312,892.7999877929688,874.7999877929688,891.0,108,0.0,0.0
2016-11-18 00:00:00-05:00,894.5999755859375,894.5999755859375,810.0,867.5999755859375,337,0.0,0.0
2016-11-21 00:00:00-05:00,878.4000244140625,878.4000244140625,838.7999877929688,871.2000122070312,218,0.0,0.0
2016-11-22 00:00:00-05:00,864.0,873.0,846.0,847.7999877929688,102,0.0,0.0
2016-11-23 00:00:00-05:00,849.5999755859375,871.2000122070312,849.5999755859375,862.2000122070312,62,0.0,0.0
2016-11-25 00:00:00-05:00,864.0,873.0,846.0,846.0,77,0.0,0.0
2016-11-28 00:00:00-05:00,837.0,873.0,837.0,862.2000122070312,167,0.0,0.0
2016-11-29 00:00:00-05:00,851.4000244140625,869.4000244140625,847.7999877929688,869.4000244140625,68,0.0,0.0
2016-11-30 00:00:00-05:00,865.7999877929688,873.0,847.7999877929688,865.7999877929688,127,0.0,0.0
2016-12-01 00:00:00-05:00,873.0,891.0,851.4000244140625,880.2000122070312,349,0.0,0.0
2016-12-02 00:00:00-05:00,887.4000244140625,892.7999877929688,876.5999755859375,876.5999755859375,81,0.0,0.0
2016-12-05 00:00:00-05:00,867.5999755859375,891.0,865.7999877929688,891.0,77,0.0,0.0
2016-12-06 00:00:00-05:00,885.5999755859375,927.0,855.0,858.5999755859375,79,0.0,0.0
2016-12-07 00:00:00-05:00,864.0,898.2000122070312,837.0,894.5999755859375,429,0.0,0.0
2016-12-08 00:00:00-05:00,847.7999877929688,885.5999755859375,847.7999877929688,873.0,296,0.0,0.0
2016-12-09 00:00:00-05:00,885.5999755859375,900.0,873.0,900.0,63,0.0,0.0
2016-12-12 00:00:00-05:00,900.0,918.0,882.0,882.0,85,0.0,0.0
2016-12-13 00:00:00-05:00,882.0,901.7999877929688,882.0,891.0,112,0.0,0.0
2016-12-14 00:00:00-05:00,898.2000122070312,898.2000122070312,876.5999755859375,892.7999877929688,162,0.0,0.0
2016-12-15 00:00:00-05:00,887.4000244140625,898.2000122070312,880.2000122070312,891.0,268,0.0,0.0
2016-12-16 00:00:00-05:00,894.5999755859375,930.5999755859375,894.5999755859375,921.5999755859375,193,0.0,0.0
2016-12-19 00:00:00-05:00,921.5999755859375,936.0,900.0,936.0,97,0.0,0.0
2016-12-20 00:00:00-05:00,945.0,946.7999877929688,903.5999755859375,943.2000122070312,139,0.0,0.0
2016-12-21 00:00:00-05:00,945.0,945.0,916.2000122070312,927.0,91,0.0,0.0
2016-12-22 00:00:00-05:00,918.0,932.4000244140625,905.4000244140625,909.0,98,0.0,0.0
2016-12-23 00:00:00-05:00,921.5999755859375,939.5999755859375,905.4000244140625,910.7999877929688,77,0.0,0.0
2016-12-27 00:00:00-05:00,914.4000244140625,925.2000122070312,909.0,919.7999877929688,45,0.0,0.0
2016-12-28 00:00:00-05:00,914.4000244140625,925.2000122070312,905.4000244140625,916.2000122070312,116,0.0,0.0
2016-12-29 00:00:00-05:00,923.4000244140625,930.5999755859375,907.2000122070312,909.0,41,0.0,0.0
2016-12-30 00:00:00-05:00,900.0,916.2000122070312,874.7999877929688,907.2000122070312,297,0.0,0.0
2017-01-03 00:00:00-05:00,905.4000244140625,927.0,905.4000244140625,925.2000122070312,51,0.0,0.0
2017-01-04 00:00:00-05:00,925.2000122070312,936.0,916.2000122070312,923.4000244140625,101,0.0,0.0
2017-01-05 00:00:00-05:00,916.2000122070312,932.4000244140625,916.2000122070312,923.4000244140625,63,0.0,0.0
2017-01-06 00:00:00-05:00,928.7999877929688,934.2000122070312,914.4000244140625,918.0,73,0.0,0.0
2017-01-09 00:00:00-05:00,914.4000244140625,918.0,914.4000244140625,916.2000122070312,48,0.0,0.0
2017-01-10 00:00:00-05:00,914.4000244140625,936.0,914.4000244140625,925.2000122070312,83,0.0,0.0
2017-01-11 00:00:00-05:00,925.2000122070312,954.0,923.4000244140625,934.2000122070312,67,0.0,0.0
2017-01-12 00:00:00-05:00,937.7999877929688,950.4000244140625,916.2000122070312,921.5999755859375,88,0.0,0.0
2017-01-13 00:00:00-05:00,930.5999755859375,948.5999755859375,921.5999755859375,921.5999755859375,34,0.0,0.0
2017-01-17 00:00:00-05:00,923.4000244140625,934.2000122070312,921.5999755859375,927.0,117,0.0,0.0
2017-01-18 00:00:00-05:00,936.0,936.0,914.4000244140625,914.4000244140625,44,0.0,0.0
2017-01-19 00:00:00-05:00,914.4000244140625,932.4000244140625,914.4000244140625,927.0,126,0.0,0.0
2017-01-20 00:00:00-05:00,934.2000122070312,934.2000122070312,914.4000244140625,927.0,334,0.0,0.0
2017-01-23 00:00:00-05:00,921.5999755859375,943.2000122070312,921.5999755859375,943.2000122070312,68,0.0,0.0
2017-01-24 00:00:00-05:00,946.7999877929688,954.0,921.5999755859375,932.4000244140625,273,0.0,0.0
2017-01-25 00:00:00-05:00,943.2000122070312,1017.0,927.0,975.5999755859375,373,0.0,0.0
2017-01-26 00:00:00-05:00,993.5999755859375,1049.4000244140625,993.5999755859375,1040.4000244140625,736,0.0,0.0
2017-01-27 00:00:00-05:00,1031.4000244140625,1080.0,1009.7999877929688,1078.199951171875,358,0.0,0.0
2017-01-30 00:00:00-05:00,1080.0,1080.0,1042.199951171875,1080.0,218,0.0,0.0
2017-01-31 00:00:00-05:00,1080.0,1139.4000244140625,1044.0,1125.0,392,0.0,0.0
2017-02-01 00:00:00-05:00,1139.4000244140625,1143.0,1107.0,1139.4000244140625,117,0.0,0.0
2017-02-02 00:00:00-05:00,1143.0,1157.4000244140625,1134.0,1141.199951171875,96,0.0,0.0
2017-02-03 00:00:00-05:00,1143.0,1152.0,1135.800048828125,1152.0,102,0.0,0.0
2017-02-06 00:00:00-05:00,1152.0,1195.199951171875,1146.5999755859375,1186.199951171875,382,0.0,0.0
2017-02-07 00:00:00-05:00,1186.199951171875,1222.199951171875,1171.800048828125,1186.199951171875,216,0.0,0.0
2017-02-08 00:00:00-05:00,1171.800048828125,1195.199951171875,1159.199951171875,1193.4000244140625,201,0.0,0.0
2017-02-09 00:00:00-05:00,1197.0,1198.800048828125,1161.0,1186.199951171875,122,0.0,0.0
2017-02-10 00:00:00-05:00,1224.0,1323.0,1224.0,1308.5999755859375,1606,0.0,0.0
2017-02-13 00:00:00-05:00,1323.0,1324.800048828125,1288.800048828125,1308.5999755859375,209,0.0,0.0
2017-02-14 00:00:00-05:00,1305.0,1305.0,1224.0,1270.800048828125,212,0.0,0.0
2017-02-15 00:00:00-05:00,1243.800048828125,1256.4000244140625,1188.0,1209.5999755859375,363,0.0,0.0
2017-02-16 00:00:00-05:00,1195.199951171875,1251.0,1193.4000244140625,1202.4000244140625,131,0.0,0.0
2017-02-17 00:00:00-05:00,1189.800048828125,1247.4000244140625,1189.800048828125,1233.0,105,0.0,0.0
2017-02-21 00:00:00-05:00,1215.0,1305.0,1213.199951171875,1290.5999755859375,198,0.0,0.0
2017-02-22 00:00:00-05:00,1283.4000244140625,1288.800048828125,1231.199951171875,1243.800048828125,82,0.0,0.0
2017-02-23 00:00:00-05:00,1218.5999755859375,1242.0,1206.0,1222.199951171875,99,0.0,0.0
2017-02-24 00:00:00-05:00,1225.800048828125,1243.800048828125,1215.0,1242.0,79,0.0,0.0
2017-02-27 00:00:00-05:00,1240.199951171875,1276.199951171875,1229.4000244140625,1276.199951171875,274,0.0,0.0
2017-02-28 00:00:00-05:00,1278.0,1278.0,1263.5999755859375,1269.0,116,0.0,0.0
2017-03-01 00:00:00-05:00,1260.0,1305.0,1260.0,1267.199951171875,417,0.0,0.0
2017-03-02 00:00:00-05:00,1278.0,1278.0,1207.800048828125,1222.199951171875,271,0.0,0.0
2017-03-03 00:00:00-05:00,1220.4000244140625,1252.800048828125,1197.0,1206.0,97,0.0,0.0
2017-03-06 00:00:00-05:00,1215.0,1247.4000244140625,1207.800048828125,1224.0,63,0.0,0.0
2017-03-07 00:00:00-05:00,1242.0,1243.800048828125,1206.0,1216.800048828125,89,0.0,0.0
2017-03-08 00:00:00-05:00,1224.0,1274.4000244140625,1209.5999755859375,1242.0,109,0.0,0.0
2017-03-09 00:00:00-05:00,1247.4000244140625,1256.4000244140625,1243.800048828125,1249.199951171875,59,0.0,0.0
2017-03-10 00:00:00-05:00,1242.0,1296.0,1242.0,1281.5999755859375,466,0.0,0.0
2017-03-13 00:00:00-04:00,1281.5999755859375,1350.0,1242.0,1324.800048828125,831,0.0,0.0
2017-03-14 00:00:00-04:00,1332.0,1404.0,1287.0,1299.5999755859375,411,0.0,0.0
2017-03-15 00:00:00-04:00,1290.5999755859375,1348.199951171875,1290.5999755859375,1323.0,309,0.0,0.0
2017-03-16 00:00:00-04:00,1321.199951171875,1440.0,1321.199951171875,1425.5999755859375,723,0.0,0.0
2017-03-17 00:00:00-04:00,1438.199951171875,1438.199951171875,1384.199951171875,1423.800048828125,209,0.0,0.0
2017-03-20 00:00:00-04:00,1425.5999755859375,1425.5999755859375,1355.4000244140625,1355.4000244140625,142,0.0,0.0
2017-03-21 00:00:00-04:00,1353.5999755859375,1353.5999755859375,1294.199951171875,1310.4000244140625,136,0.0,0.0
2017-03-22 00:00:00-04:00,1310.4000244140625,1310.4000244140625,1288.800048828125,1305.0,65,0.0,0.0
2017-03-23 00:00:00-04:00,1306.800048828125,1310.4000244140625,1269.0,1270.800048828125,157,0.0,0.0
2017-03-24 00:00:00-04:00,1276.199951171875,1301.4000244140625,1269.0,1276.199951171875,41,0.0,0.0
2017-03-27 00:00:00-04:00,1269.0,1344.5999755859375,1269.0,1279.800048828125,665,0.0,0.0
2017-03-28 00:00:00-04:00,1306.800048828125,1306.800048828125,1269.0,1274.4000244140625,269,0.0,0.0
2017-03-29 00:00:00-04:00,1481.4000244140625,1485.0,1278.0,1301.4000244140625,1812,0.0,0.0
2017-03-30 00:00:00-04:00,1332.0,1332.0,1276.199951171875,1283.4000244140625,203,0.0,0.0
2017-03-31 00:00:00-04:00,1296.0,1303.199951171875,1270.800048828125,1290.5999755859375,383,0.0,0.0
2017-04-03 00:00:00-04:00,1288.800048828125,1290.5999755859375,1270.800048828125,1270.800048828125,288,0.0,0.0
2017-04-04 00:00:00-04:00,1270.800048828125,1287.0,1269.0,1285.199951171875,157,0.0,0.0
2017-04-05 00:00:00-04:00,1278.0,1288.800048828125,1209.5999755859375,1254.5999755859375,623,0.0,0.0
2017-04-06 00:00:00-04:00,1242.0,1242.0,1180.800048828125,1234.800048828125,112,0.0,0.0
2017-04-07 00:00:00-04:00,1224.0,1279.800048828125,1224.0,1234.800048828125,182,0.0,0.0
2017-04-10 00:00:00-04:00,1224.0,1269.0,1224.0,1261.800048828125,74,0.0,0.0
2017-04-11 00:00:00-04:00,1263.5999755859375,1285.199951171875,1231.199951171875,1238.4000244140625,169,0.0,0.0
2017-04-12 00:00:00-04:00,1242.0,1285.199951171875,1238.4000244140625,1283.4000244140625,65,0.0,0.0
2017-04-13 00:00:00-04:00,1283.4000244140625,1323.0,1251.0,1251.0,337,0.0,0.0
2017-04-17 00:00:00-04:00,1251.0,1296.0,1251.0,1269.0,94,0.0,0.0
2017-04-18 00:00:00-04:00,1260.0,1265.4000244140625,1249.199951171875,1249.199951171875,69,0.0,0.0
2017-04-19 00:00:00-04:00,1256.4000244140625,1261.800048828125,1238.4000244140625,1254.5999755859375,83,0.0,0.0
2017-04-20 00:00:00-04:00,1260.0,1288.800048828125,1247.4000244140625,1247.4000244140625,142,0.0,0.0
2017-04-21 00:00:00-04:00,1278.0,1278.0,1243.800048828125,1258.199951171875,108,0.0,0.0
2017-04-24 00:00:00-04:00,1265.4000244140625,1290.5999755859375,1243.800048828125,1243.800048828125,140,0.0,0.0
2017-04-25 00:00:00-04:00,1236.5999755859375,1251.0,1189.800048828125,1193.4000244140625,233,0.0,0.0
2017-04-26 00:00:00-04:00,1206.0,1245.5999755859375,1197.0,1216.800048828125,89,0.0,0.0
2017-04-27 00:00:00-04:00,1197.0,1209.5999755859375,1197.0,1197.0,58,0.0,0.0
2017-04-28 00:00:00-04:00,1195.199951171875,1222.199951171875,1195.199951171875,1220.4000244140625,90,0.0,0.0
2017-05-01 00:00:00-04:00,1224.0,1240.199951171875,1198.800048828125,1222.199951171875,83,0.0,0.0
2017-05-02 00:00:00-04:00,1206.0,1224.0,1202.4000244140625,1213.199951171875,62,0.0,0.0
2017-05-03 00:00:00-04:00,1207.800048828125,1207.800048828125,1188.0,1188.0,103,0.0,0.0
2017-05-04 00:00:00-04:00,1180.800048828125,1198.800048828125,1125.0,1179.0,180,0.0,0.0
2017-05-05 00:00:00-04:00,1184.4000244140625,1195.199951171875,1179.0,1180.800048828125,48,0.0,0.0
2017-05-08 00:00:00-04:00,1171.800048828125,1206.0,1155.5999755859375,1159.199951171875,108,0.0,0.0
2017-05-09 00:00:00-04:00,1204.199951171875,1251.0,1161.0,1247.4000244140625,134,0.0,0.0
2017-05-10 00:00:00-04:00,1242.0,1242.0,1193.4000244140625,1231.199951171875,38,0.0,0.0
2017-05-11 00:00:00-04:00,1216.800048828125,1242.0,1166.4000244140625,1202.4000244140625,59,0.0,0.0
2017-05-12 00:00:00-04:00,1202.4000244140625,1224.0,1200.5999755859375,1204.199951171875,31,0.0,0.0
2017-05-15 00:00:00-04:00,1206.0,1240.199951171875,1191.5999755859375,1191.5999755859375,39,0.0,0.0
2017-05-16 00:00:00-04:00,1191.5999755859375,1247.4000244140625,1191.5999755859375,1247.4000244140625,78,0.0,0.0
2017-05-17 00:00:00-04:00,1200.5999755859375,1238.4000244140625,1198.800048828125,1225.800048828125,62,0.0,0.0
2017-05-18 00:00:00-04:00,1198.800048828125,1198.800048828125,1173.5999755859375,1173.5999755859375,86,0.0,0.0
2017-05-19 00:00:00-04:00,1175.4000244140625,1224.0,1175.4000244140625,1224.0,18,0.0,0.0
2017-05-22 00:00:00-04:00,1224.0,1224.0,1191.5999755859375,1220.4000244140625,27,0.0,0.0
2017-05-23 00:00:00-04:00,1216.800048828125,1220.4000244140625,1189.800048828125,1197.0,25,0.0,0.0
2017-05-24 00:00:00-04:00,1191.5999755859375,1206.0,1171.800048828125,1193.4000244140625,79,0.0,0.0
2017-05-25 00:00:00-04:00,1191.5999755859375,1251.0,1191.5999755859375,1215.0,85,0.0,0.0
2017-05-26 00:00:00-04:00,1222.199951171875,1222.199951171875,1204.199951171875,1218.5999755859375,22,0.0,0.0
2017-05-30 00:00:00-04:00,1220.4000244140625,1220.4000244140625,1184.4000244140625,1193.4000244140625,52,0.0,0.0
2017-05-31 00:00:00-04:00,1197.0,1279.800048828125,1191.5999755859375,1265.4000244140625,172,0.0,0.0
2017-06-01 00:00:00-04:00,1278.0,1279.800048828125,1222.199951171875,1224.0,84,0.0,0.0
2017-06-02 00:00:00-04:00,1242.0,1333.800048828125,1242.0,1315.800048828125,321,0.0,0.0
2017-06-05 00:00:00-04:00,1317.5999755859375,1395.0,1265.4000244140625,1395.0,292,0.0,0.0
2017-06-06 00:00:00-04:00,1335.5999755859375,1382.4000244140625,1260.0,1292.4000244140625,495,0.0,0.0
2017-06-07 00:00:00-04:00,1287.0,1332.0,1269.0,1269.0,243,0.0,0.0
2017-06-08 00:00:00-04:00,1261.800048828125,1276.199951171875,1231.199951171875,1276.199951171875,122,0.0,0.0
2017-06-09 00:00:00-04:00,1265.4000244140625,1285.199951171875,1251.0,1260.0,67,0.0,0.0
2017-06-12 00:00:00-04:00,1267.199951171875,1297.800048828125,1238.4000244140625,1269.0,35,0.0,0.0
2017-06-13 00:00:00-04:00,1243.800048828125,1288.800048828125,1243.800048828125,1252.800048828125,59,0.0,0.0
2017-06-14 00:00:00-04:00,1242.0,1265.4000244140625,1224.0,1234.800048828125,71,0.0,0.0
2017-06-15 00:00:00-04:00,1224.0,1249.199951171875,1224.0,1229.4000244140625,61,0.0,0.0
2017-06-16 00:00:00-04:00,1224.0,1231.199951171875,1209.5999755859375,1209.5999755859375,114,0.0,0.0
2017-06-19 00:00:00-04:00,1213.199951171875,1215.0,1198.800048828125,1206.0,102,0.0,0.0
2017-06-20 00:00:00-04:00,1206.0,1206.0,1191.5999755859375,1204.199951171875,89,0.0,0.0
2017-06-21 00:00:00-04:00,1197.0,1198.800048828125,1175.4000244140625,1191.5999755859375,93,0.0,0.0
2017-06-22 00:00:00-04:00,1193.4000244140625,1251.0,1188.0,1233.0,214,0.0,0.0
2017-06-23 00:00:00-04:00,1215.0,1272.5999755859375,1213.199951171875,1254.5999755859375,161,0.0,0.0
2017-06-26 00:00:00-04:00,1242.0,1258.199951171875,1198.800048828125,1220.4000244140625,75,0.0,0.0
2017-06-27 00:00:00-04:00,1242.0,1272.5999755859375,1193.4000244140625,1216.800048828125,211,0.0,0.0
2017-06-28 00:00:00-04:00,1260.0,1296.0,1216.800048828125,1233.0,215,0.0,0.0
2017-06-29 00:00:00-04:00,1227.5999755859375,1252.800048828125,1198.800048828125,1249.199951171875,91,0.0,0.0
2017-06-30 00:00:00-04:00,1204.199951171875,1252.800048828125,1191.5999755859375,1191.5999755859375,41,0.0,0.0
2017-07-03 00:00:00-04:00,1193.4000244140625,1260.0,1193.4000244140625,1260.0,36,0.0,0.0
2017-07-05 00:00:00-04:00,1211.4000244140625,1251.0,1211.4000244140625,1236.5999755859375,76,0.0,0.0
2017-07-06 00:00:00-04:00,1225.800048828125,1247.4000244140625,1198.800048828125,1227.5999755859375,26,0.0,0.0
2017-07-07 00:00:00-04:00,1222.199951171875,1240.199951171875,1207.800048828125,1238.4000244140625,19,0.0,0.0
2017-07-10 00:00:00-04:00,1260.0,1260.0,1215.0,1238.4000244140625,84,0.0,0.0
2017-07-11 00:00:00-04:00,1231.199951171875,1256.4000244140625,1173.5999755859375,1175.4000244140625,133,0.0,0.0
2017-07-12 00:00:00-04:00,1170.0,1242.0,1071.0,1198.800048828125,422,0.0,0.0
2017-07-13 00:00:00-04:00,1224.0,1294.199951171875,1204.199951171875,1243.800048828125,305,0.0,0.0
2017-07-14 00:00:00-04:00,1261.800048828125,1290.5999755859375,1242.0,1269.0,169,0.0,0.0
2017-07-17 00:00:00-04:00,1261.800048828125,1269.0,1252.800048828125,1269.0,63,0.0,0.0
2017-07-18 00:00:00-04:00,1263.5999755859375,1267.199951171875,1242.0,1243.800048828125,62,0.0,0.0
2017-07-19 00:00:00-04:00,1234.800048828125,1260.0,1234.800048828125,1260.0,47,0.0,0.0
2017-07-20 00:00:00-04:00,1249.199951171875,1256.4000244140625,1236.5999755859375,1243.800048828125,16,0.0,0.0
2017-07-21 00:00:00-04:00,1236.5999755859375,1245.5999755859375,1189.800048828125,1198.800048828125,84,0.0,0.0
2017-07-24 00:00:00-04:00,1224.0,1224.0,1179.0,1218.5999755859375,78,0.0,0.0
2017-07-25 00:00:00-04:00,1260.0,1260.0,1191.5999755859375,1202.4000244140625,37,0.0,0.0
2017-07-26 00:00:00-04:00,1204.199951171875,1231.199951171875,1191.5999755859375,1224.0,47,0.0,0.0
2017-07-27 00:00:00-04:00,1224.0,1224.0,1173.5999755859375,1213.199951171875,74,0.0,0.0
2017-07-28 00:00:00-04:00,1197.0,1209.5999755859375,1179.0,1179.0,17,0.0,0.0
2017-07-31 00:00:00-04:00,1189.800048828125,1225.800048828125,1188.0,1209.5999755859375,51,0.0,0.0
2017-08-01 00:00:00-04:00,1202.4000244140625,1213.199951171875,1179.0,1186.199951171875,33,0.0,0.0
2017-08-02 00:00:00-04:00,1184.4000244140625,1211.4000244140625,1162.800048828125,1204.199951171875,86,0.0,0.0
2017-08-03 00:00:00-04:00,1188.0,1209.5999755859375,1188.0,1200.5999755859375,34,0.0,0.0
2017-08-04 00:00:00-04:00,1207.800048828125,1236.5999755859375,1197.0,1236.5999755859375,69,0.0,0.0
2017-08-07 00:00:00-04:00,1227.5999755859375,1238.4000244140625,1216.800048828125,1224.0,92,0.0,0.0
2017-08-08 00:00:00-04:00,1231.199951171875,1236.5999755859375,1216.800048828125,1227.5999755859375,24,0.0,0.0
2017-08-09 00:00:00-04:00,1216.800048828125,1224.0,975.5999755859375,1074.5999755859375,752,0.0,0.0
2017-08-10 00:00:00-04:00,1045.800048828125,1045.800048828125,874.7999877929688,927.0,326,0.0,0.0
2017-08-11 00:00:00-04:00,928.7999877929688,990.0,928.7999877929688,959.4000244140625,125,0.0,0.0
2017-08-14 00:00:00-04:00,945.0,963.0,912.5999755859375,930.5999755859375,87,0.0,0.0
2017-08-15 00:00:00-04:00,930.5999755859375,999.0,930.5999755859375,972.0,289,0.0,0.0
2017-08-16 00:00:00-04:00,990.0,1009.7999877929688,957.5999755859375,981.0,104,0.0,0.0
2017-08-17 00:00:00-04:00,977.4000244140625,1006.2000122070312,950.4000244140625,1006.2000122070312,31,0.0,0.0
2017-08-18 00:00:00-04:00,1008.0,1009.7999877929688,972.0,986.4000244140625,81,0.0,0.0
2017-08-21 00:00:00-04:00,981.0,995.4000244140625,977.4000244140625,995.4000244140625,62,0.0,0.0
2017-08-22 00:00:00-04:00,993.5999755859375,1056.5999755859375,993.5999755859375,1027.800048828125,95,0.0,0.0
2017-08-23 00:00:00-04:00,1013.4000244140625,1033.199951171875,1013.4000244140625,1026.0,36,0.0,0.0
2017-08-24 00:00:00-04:00,1026.0,1067.4000244140625,1020.5999755859375,1035.0,403,0.0,0.0
2017-08-25 00:00:00-04:00,1035.0,1054.800048828125,997.2000122070312,1018.7999877929688,95,0.0,0.0
2017-08-28 00:00:00-04:00,1026.0,1035.0,1009.7999877929688,1020.5999755859375,130,0.0,0.0
2017-08-29 00:00:00-04:00,1020.5999755859375,1040.4000244140625,1020.5999755859375,1022.4000244140625,98,0.0,0.0
2017-08-30 00:00:00-04:00,1018.7999877929688,1029.5999755859375,1009.7999877929688,1017.0,36,0.0,0.0
2017-08-31 00:00:00-04:00,1026.0,1044.0,997.2000122070312,999.0,217,0.0,0.0
2017-09-01 00:00:00-04:00,1009.7999877929688,1040.4000244140625,1000.7999877929688,1022.4000244140625,22,0.0,0.0
2017-09-05 00:00:00-04:00,1011.5999755859375,1011.5999755859375,925.2000122070312,972.0,144,0.0,0.0
2017-09-06 00:00:00-04:00,972.0,988.2000122070312,954.0,972.0,82,0.0,0.0
2017-09-07 00:00:00-04:00,973.7999877929688,1008.0,968.4000244140625,990.0,182,0.0,0.0
2017-09-08 00:00:00-04:00,973.7999877929688,1000.7999877929688,970.2000122070312,973.7999877929688,91,0.0,0.0
2017-09-11 00:00:00-04:00,973.7999877929688,990.0,973.7999877929688,979.2000122070312,45,0.0,0.0
2017-09-12 00:00:00-04:00,972.0,997.2000122070312,964.7999877929688,972.0,145,0.0,0.0
2017-09-13 00:00:00-04:00,988.2000122070312,999.0,972.0,972.0,238,0.0,0.0
2017-09-14 00:00:00-04:00,990.0,999.0,963.0,982.7999877929688,64,0.0,0.0
2017-09-15 00:00:00-04:00,982.7999877929688,1009.7999877929688,975.5999755859375,1009.7999877929688,48,0.0,0.0
2017-09-18 00:00:00-04:00,990.0,990.0,972.0,973.7999877929688,41,0.0,0.0
2017-09-19 00:00:00-04:00,981.0,981.0,950.4000244140625,963.0,66,0.0,0.0
2017-09-20 00:00:00-04:00,950.4000244140625,988.2000122070312,950.4000244140625,964.7999877929688,78,0.0,0.0
2017-09-21 00:00:00-04:00,964.7999877929688,981.0,936.0,968.4000244140625,95,0.0,0.0
2017-09-22 00:00:00-04:00,964.7999877929688,970.2000122070312,943.2000122070312,961.2000122070312,97,0.0,0.0
2017-09-25 00:00:00-04:00,952.2000122070312,959.4000244140625,952.2000122070312,952.2000122070312,95,0.0,0.0
2017-09-26 00:00:00-04:00,952.2000122070312,955.7999877929688,937.7999877929688,937.7999877929688,46,0.0,0.0
2017-09-27 00:00:00-04:00,941.4000244140625,961.2000122070312,932.4000244140625,945.0,40,0.0,0.0
2017-09-28 00:00:00-04:00,932.4000244140625,972.0,932.4000244140625,946.7999877929688,102,0.0,0.0
2017-09-29 00:00:00-04:00,941.4000244140625,945.0,937.7999877929688,939.5999755859375,64,0.0,0.0
2017-10-02 00:00:00-04:00,939.5999755859375,954.0,939.5999755859375,943.2000122070312,21,0.0,0.0
2017-10-03 00:00:00-04:00,939.5999755859375,966.5999755859375,901.7999877929688,910.7999877929688,177,0.0,0.0
2017-10-04 00:00:00-04:00,912.5999755859375,936.0,900.0,903.5999755859375,228,0.0,0.0
2017-10-05 00:00:00-04:00,903.5999755859375,919.7999877929688,882.0,883.7999877929688,187,0.0,0.0
2017-10-06 00:00:00-04:00,883.7999877929688,930.5999755859375,883.7999877929688,921.5999755859375,179,0.0,0.0
2017-10-09 00:00:00-04:00,916.2000122070312,923.4000244140625,873.0,874.7999877929688,205,0.0,0.0
2017-10-10 00:00:00-04:00,894.5999755859375,894.5999755859375,837.0,837.0,168,0.0,0.0
2017-10-11 00:00:00-04:00,829.7999877929688,883.7999877929688,765.0,829.7999877929688,657,0.0,0.0
2017-10-12 00:00:00-04:00,829.7999877929688,860.4000244140625,811.7999877929688,851.4000244140625,201,0.0,0.0
2017-10-13 00:00:00-04:00,851.4000244140625,878.4000244140625,847.7999877929688,871.2000122070312,156,0.0,0.0
2017-10-16 00:00:00-04:00,873.0,873.0,842.4000244140625,842.4000244140625,76,0.0,0.0
2017-10-17 00:00:00-04:00,842.4000244140625,847.7999877929688,792.0,810.0,163,0.0,0.0
2017-10-18 00:00:00-04:00,826.2000122070312,856.7999877929688,819.0,853.2000122070312,353,0.0,0.0
2017-10-19 00:00:00-04:00,831.5999755859375,855.0,824.4000244140625,831.5999755859375,114,0.0,0.0
2017-10-20 00:00:00-04:00,838.7999877929688,846.0,829.7999877929688,840.5999755859375,54,0.0,0.0
2017-10-23 00:00:00-04:00,838.7999877929688,853.2000122070312,828.0,828.0,152,0.0,0.0
2017-10-24 00:00:00-04:00,819.0,842.4000244140625,819.0,826.2000122070312,91,0.0,0.0
2017-10-25 00:00:00-04:00,826.2000122070312,826.2000122070312,792.0,810.0,162,0.0,0.0
2017-10-26 00:00:00-04:00,802.7999877929688,808.2000122070312,774.0,784.7999877929688,63,0.0,0.0
2017-10-27 00:00:00-04:00,774.0,810.0,774.0,781.2000122070312,138,0.0,0.0
2017-10-30 00:00:00-04:00,783.0,783.0,765.0,770.4000244140625,67,0.0,0.0
2017-10-31 00:00:00-04:00,810.0,810.0,759.5999755859375,774.0,286,0.0,0.0
2017-11-01 00:00:00-04:00,784.7999877929688,806.4000244140625,759.5999755859375,759.5999755859375,138,0.0,0.0
2017-11-02 00:00:00-04:00,770.4000244140625,799.2000122070312,765.0,783.0,229,0.0,0.0
2017-11-03 00:00:00-04:00,788.4000244140625,804.5999755859375,770.4000244140625,770.4000244140625,123,0.0,0.0
2017-11-06 00:00:00-05:00,768.5999755859375,774.0,748.7999877929688,750.5999755859375,230,0.0,0.0
2017-11-07 00:00:00-05:00,750.5999755859375,783.0,750.5999755859375,759.5999755859375,129,0.0,0.0
2017-11-08 00:00:00-05:00,774.0,898.2000122070312,759.5999755859375,808.2000122070312,407,0.0,0.0
2017-11-09 00:00:00-05:00,819.0,846.0,784.7999877929688,844.2000122070312,290,0.0,0.0
2017-11-10 00:00:00-05:00,837.0,837.0,792.0,801.0,438,0.0,0.0
2017-11-13 00:00:00-05:00,792.0,792.0,766.7999877929688,775.7999877929688,131,0.0,0.0
2017-11-14 00:00:00-05:00,763.2000122070312,801.0,748.7999877929688,801.0,216,0.0,0.0
2017-11-15 00:00:00-05:00,792.0,853.2000122070312,757.7999877929688,833.4000244140625,144,0.0,0.0
2017-11-16 00:00:00-05:00,844.2000122070312,930.5999755859375,844.2000122070312,898.2000122070312,753,0.0,0.0
2017-11-17 00:00:00-05:00,885.5999755859375,894.5999755859375,855.0,885.5999755859375,143,0.0,0.0
2017-11-20 00:00:00-05:00,882.0,923.4000244140625,882.0,907.2000122070312,132,0.0,0.0
2017-11-21 00:00:00-05:00,900.0,923.4000244140625,894.5999755859375,907.2000122070312,182,0.0,0.0
2017-11-22 00:00:00-05:00,905.4000244140625,923.4000244140625,876.5999755859375,923.4000244140625,154,0.0,0.0
2017-11-24 00:00:00-05:00,923.4000244140625,923.4000244140625,858.5999755859375,923.4000244140625,113,0.0,0.0
2017-11-27 00:00:00-05:00,916.2000122070312,918.0,882.0,901.7999877929688,144,0.0,0.0
2017-11-28 00:00:00-05:00,892.7999877929688,918.0,891.0,918.0,88,0.0,0.0
2017-11-29 00:00:00-05:00,903.5999755859375,909.0,898.2000122070312,903.5999755859375,30,0.0,0.0
2017-11-30 00:00:00-05:00,898.2000122070312,900.0,885.5999755859375,891.0,89,0.0,0.0
2017-12-01 00:00:00-05:00,889.2000122070312,905.4000244140625,878.4000244140625,903.5999755859375,75,0.0,0.0
2017-12-04 00:00:00-05:00,892.7999877929688,916.2000122070312,856.7999877929688,873.0,50,0.0,0.0
2017-12-05 00:00:00-05:00,871.2000122070312,910.7999877929688,855.0,865.7999877929688,131,0.0,0.0
2017-12-06 00:00:00-05:00,864.0,891.0,851.4000244140625,876.5999755859375,138,0.0,0.0
2017-12-07 00:00:00-05:00,867.5999755859375,871.2000122070312,846.0,862.2000122070312,66,0.0,0.0
2017-12-08 00:00:00-05:00,844.2000122070312,860.4000244140625,842.4000244140625,856.7999877929688,52,0.0,0.0
2017-12-11 00:00:00-05:00,847.7999877929688,853.2000122070312,813.5999755859375,838.7999877929688,151,0.0,0.0
2017-12-12 00:00:00-05:00,833.4000244140625,833.4000244140625,804.5999755859375,811.7999877929688,143,0.0,0.0
2017-12-13 00:00:00-05:00,815.4000244140625,900.0,811.7999877929688,873.0,1454,0.0,0.0
2017-12-14 00:00:00-05:00,874.7999877929688,900.0,865.7999877929688,874.7999877929688,108,0.0,0.0
2017-12-15 00:00:00-05:00,882.0,909.0,874.7999877929688,878.4000244140625,188,0.0,0.0
2017-12-18 00:00:00-05:00,878.4000244140625,907.2000122070312,844.2000122070312,876.5999755859375,94,0.0,0.0
2017-12-19 00:00:00-05:00,889.2000122070312,889.2000122070312,822.5999755859375,829.7999877929688,108,0.0,0.0
2017-12-20 00:00:00-05:00,844.2000122070312,916.2000122070312,835.2000122070312,900.0,226,0.0,0.0
2017-12-21 00:00:00-05:00,900.0,927.0,900.0,914.4000244140625,194,0.0,0.0
2017-12-22 00:00:00-05:00,905.4000244140625,905.4000244140625,855.0,901.7999877929688,48,0.0,0.0
2017-12-26 00:00:00-05:00,901.7999877929688,901.7999877929688,873.0,885.5999755859375,61,0.0,0.0
2017-12-27 00:00:00-05:00,878.4000244140625,891.0,864.0,871.2000122070312,53,0.0,0.0
2017-12-28 00:00:00-05:00,910.7999877929688,968.4000244140625,905.4000244140625,946.7999877929688,747,0.0,0.0
2017-12-29 00:00:00-05:00,954.0,999.0,954.0,981.0,383,0.0,0.0
2018-01-02 00:00:00-05:00,970.2000122070312,1065.5999755859375,968.4000244140625,1045.800048828125,219,0.0,0.0
2018-01-03 00:00:00-05:00,1045.800048828125,1045.800048828125,979.2000122070312,1000.7999877929688,252,0.0,0.0
2018-01-04 00:00:00-05:00,1000.7999877929688,1008.0,936.0,981.0,213,0.0,0.0
2018-01-05 00:00:00-05:00,986.4000244140625,1026.0,946.7999877929688,1000.7999877929688,101,0.0,0.0
2018-01-08 00:00:00-05:00,1017.0,1017.0,982.7999877929688,988.2000122070312,59,0.0,0.0
2018-01-09 00:00:00-05:00,997.2000122070312,1033.199951171875,981.0,1008.0,122,0.0,0.0
2018-01-10 00:00:00-05:00,1017.0,1029.5999755859375,988.2000122070312,1009.7999877929688,66,0.0,0.0
2018-01-11 00:00:00-05:00,1020.5999755859375,1020.5999755859375,959.4000244140625,990.0,203,0.0,0.0
2018-01-12 00:00:00-05:00,993.5999755859375,999.0,936.0,957.5999755859375,357,0.0,0.0
2018-01-16 00:00:00-05:00,963.0,972.0,937.7999877929688,948.5999755859375,117,0.0,0.0
2018-01-17 00:00:00-05:00,954.0,955.7999877929688,900.0,930.5999755859375,159,0.0,0.0
2018-01-18 00:00:00-05:00,973.7999877929688,973.7999877929688,930.5999755859375,930.5999755859375,41,0.0,0.0
2018-01-19 00:00:00-05:00,955.7999877929688,972.0,943.2000122070312,970.2000122070312,85,0.0,0.0
2018-01-22 00:00:00-05:00,963.0,970.2000122070312,946.7999877929688,946.7999877929688,64,0.0,0.0
2018-01-23 00:00:00-05:00,959.4000244140625,972.0,918.0,954.0,152,0.0,0.0
2018-01-24 00:00:00-05:00,954.0,986.4000244140625,954.0,959.4000244140625,47,0.0,0.0
2018-01-25 00:00:00-05:00,961.2000122070312,990.0,954.0,966.5999755859375,49,0.0,0.0
2018-01-26 00:00:00-05:00,964.7999877929688,981.0,955.7999877929688,968.4000244140625,51,0.0,0.0
2018-01-29 00:00:00-05:00,957.5999755859375,977.4000244140625,914.4000244140625,977.4000244140625,76,0.0,0.0
2018-01-30 00:00:00-05:00,936.0,955.7999877929688,923.4000244140625,927.0,132,0.0,0.0
2018-01-31 00:00:00-05:00,945.0,945.0,903.5999755859375,919.7999877929688,77,0.0,0.0
2018-02-01 00:00:00-05:00,903.5999755859375,932.4000244140625,838.7999877929688,874.7999877929688,423,0.0,0.0
2018-02-02 00:00:00-05:00,869.4000244140625,923.4000244140625,860.4000244140625,860.4000244140625,110,0.0,0.0
2018-02-05 00:00:00-05:00,858.5999755859375,882.0,835.2000122070312,864.0,86,0.0,0.0
2018-02-06 00:00:00-05:00,831.5999755859375,864.0,801.0,820.7999877929688,273,0.0,0.0
2018-02-07 00:00:00-05:00,808.2000122070312,892.7999877929688,808.2000122070312,835.2000122070312,78,0.0,0.0
2018-02-08 00:00:00-05:00,871.2000122070312,873.0,784.7999877929688,802.7999877929688,308,0.0,0.0
2018-02-09 00:00:00-05:00,808.2000122070312,844.2000122070312,793.7999877929688,844.2000122070312,91,0.0,0.0
2018-02-12 00:00:00-05:00,835.2000122070312,844.2000122070312,768.5999755859375,768.5999755859375,115,0.0,0.0
2018-02-13 00:00:00-05:00,779.4000244140625,822.5999755859375,774.0,801.0,55,0.0,0.0
2018-02-14 00:00:00-05:00,783.0,835.2000122070312,783.0,806.4000244140625,161,0.0,0.0
2018-02-15 00:00:00-05:00,808.2000122070312,810.0,784.7999877929688,802.7999877929688,78,0.0,0.0
2018-02-16 00:00:00-05:00,801.0,802.7999877929688,784.7999877929688,792.0,16,0.0,0.0
2018-02-20 00:00:00-05:00,784.7999877929688,808.2000122070312,775.7999877929688,775.7999877929688,46,0.0,0.0
2018-02-21 00:00:00-05:00,774.0,808.2000122070312,770.4000244140625,772.2000122070312,203,0.0,0.0
2018-02-22 00:00:00-05:00,783.0,802.7999877929688,775.7999877929688,790.2000122070312,92,0.0,0.0
2018-02-23 00:00:00-05:00,790.2000122070312,804.5999755859375,765.0,775.7999877929688,118,0.0,0.0
2018-02-26 00:00:00-05:00,777.5999755859375,840.5999755859375,729.0,759.5999755859375,611,0.0,0.0
2018-02-27 00:00:00-05:00,774.0,784.7999877929688,666.0,734.4000244140625,793,0.0,0.0
2018-02-28 00:00:00-05:00,730.7999877929688,732.5999755859375,630.0,630.0,916,0.0,0.0
2018-03-01 00:00:00-05:00,648.0,689.4000244140625,630.0,631.7999877929688,1400,0.0,0.0
2018-03-02 00:00:00-05:00,666.0,734.4000244140625,648.0,716.4000244140625,2871,0.0,0.0
2018-03-05 00:00:00-05:00,716.4000244140625,747.0,693.0,694.7999877929688,313,0.0,0.0
2018-03-06 00:00:00-05:00,696.5999755859375,714.5999755859375,667.7999877929688,702.0,276,0.0,0.0
2018-03-07 00:00:00-05:00,700.2000122070312,729.0,693.0,727.2000122070312,301,0.0,0.0
2018-03-08 00:00:00-05:00,720.0,723.5999755859375,685.7999877929688,685.7999877929688,261,0.0,0.0
2018-03-09 00:00:00-05:00,685.7999877929688,747.0,676.7999877929688,729.0,512,0.0,0.0
2018-03-12 00:00:00-04:00,720.0,741.5999755859375,711.0,716.4000244140625,520,0.0,0.0
2018-03-13 00:00:00-04:00,720.0,741.5999755859375,703.7999877929688,723.5999755859375,397,0.0,0.0
2018-03-14 00:00:00-04:00,723.5999755859375,738.0,675.0,709.2000122070312,790,0.0,0.0
2018-03-15 00:00:00-04:00,711.0,723.5999755859375,689.4000244140625,696.5999755859375,253,0.0,0.0
2018-03-16 00:00:00-04:00,693.0,714.5999755859375,682.2000122070312,714.5999755859375,279,0.0,0.0
2018-03-19 00:00:00-04:00,705.5999755859375,714.5999755859375,676.7999877929688,693.0,58,0.0,0.0
2018-03-20 00:00:00-04:00,702.0,709.2000122070312,680.4000244140625,709.2000122070312,148,0.0,0.0
2018-03-21 00:00:00-04:00,705.5999755859375,705.5999755859375,669.5999755859375,678.5999755859375,292,0.0,0.0
2018-03-22 00:00:00-04:00,676.7999877929688,702.0,675.0,682.2000122070312,113,0.0,0.0
2018-03-23 00:00:00-04:00,675.0,693.0,675.0,676.7999877929688,166,0.0,0.0
2018-03-26 00:00:00-04:00,694.7999877929688,712.7999877929688,660.5999755859375,703.7999877929688,474,0.0,0.0
2018-03-27 00:00:00-04:00,691.2000122070312,700.2000122070312,667.7999877929688,694.7999877929688,217,0.0,0.0
2018-03-28 00:00:00-04:00,684.0,718.2000122070312,666.0,684.0,301,0.0,0.0
2018-03-29 00:00:00-04:00,676.7999877929688,691.2000122070312,662.4000244140625,662.4000244140625,181,0.0,0.0
2018-04-02 00:00:00-04:00,653.4000244140625,678.5999755859375,651.5999755859375,673.2000122070312,32,0.0,0.0
2018-04-03 00:00:00-04:00,671.4000244140625,684.0,644.4000244140625,651.5999755859375,269,0.0,0.0
2018-04-04 00:00:00-04:00,644.4000244140625,653.4000244140625,642.5999755859375,653.4000244140625,206,0.0,0.0
2018-04-05 00:00:00-04:00,847.7999877929688,864.0,730.7999877929688,748.7999877929688,26380,0.0,0.0
2018-04-06 00:00:00-04:00,718.2000122070312,739.7999877929688,696.5999755859375,738.0,2380,0.0,0.0
2018-04-09 00:00:00-04:00,736.2000122070312,736.2000122070312,694.7999877929688,709.2000122070312,725,0.0,0.0
2018-04-10 00:00:00-04:00,712.7999877929688,718.2000122070312,662.4000244140625,693.0,913,0.0,0.0
2018-04-11 00:00:00-04:00,685.7999877929688,703.7999877929688,680.4000244140625,693.0,166,0.0,0.0
2018-04-12 00:00:00-04:00,689.4000244140625,711.0,685.7999877929688,703.7999877929688,298,0.0,0.0
2018-04-13 00:00:00-04:00,709.2000122070312,711.0,693.0,702.0,162,0.0,0.0
2018-04-16 00:00:00-04:00,711.0,711.0,700.2000122070312,705.5999755859375,162,0.0,0.0
2018-04-17 00:00:00-04:00,732.5999755859375,739.7999877929688,702.0,709.2000122070312,222,0.0,0.0
2018-04-18 00:00:00-04:00,705.5999755859375,714.5999755859375,685.7999877929688,700.2000122070312,219,0.0,0.0
2018-04-19 00:00:00-04:00,694.7999877929688,705.5999755859375,685.7999877929688,693.0,247,0.0,0.0
2018-04-20 00:00:00-04:00,693.0,711.0,685.7999877929688,709.2000122070312,413,0.0,0.0
2018-04-23 00:00:00-04:00,700.2000122070312,720.0,700.2000122070312,718.2000122070312,218,0.0,0.0
2018-04-24 00:00:00-04:00,709.2000122070312,720.0,693.0,709.2000122070312,251,0.0,0.0
2018-04-25 00:00:00-04:00,712.7999877929688,718.2000122070312,693.0,694.7999877929688,189,0.0,0.0
2018-04-26 00:00:00-04:00,694.7999877929688,707.4000244140625,685.7999877929688,685.7999877929688,154,0.0,0.0
2018-04-27 00:00:00-04:00,694.7999877929688,698.4000244140625,678.5999755859375,685.7999877929688,248,0.0,0.0
2018-04-30 00:00:00-04:00,691.2000122070312,702.0,673.2000122070312,682.2000122070312,127,0.0,0.0
2018-05-01 00:00:00-04:00,675.0,678.5999755859375,657.0,676.7999877929688,213,0.0,0.0
2018-05-02 00:00:00-04:00,684.0,687.5999755859375,666.0,682.2000122070312,180,0.0,0.0
2018-05-03 00:00:00-04:00,678.5999755859375,684.0,660.5999755859375,676.7999877929688,229,0.0,0.0
2018-05-04 00:00:00-04:00,669.5999755859375,693.0,669.5999755859375,685.7999877929688,373,0.0,0.0
2018-05-07 00:00:00-04:00,687.5999755859375,693.0,675.0,678.5999755859375,128,0.0,0.0
2018-05-08 00:00:00-04:00,691.2000122070312,693.0,669.5999755859375,678.5999755859375,121,0.0,0.0
2018-05-09 00:00:00-04:00,675.0,689.4000244140625,666.0,669.5999755859375,263,0.0,0.0
2018-05-10 00:00:00-04:00,671.4000244140625,689.4000244140625,671.4000244140625,675.0,152,0.0,0.0
2018-05-11 00:00:00-04:00,666.0,685.7999877929688,666.0,684.0,30,0.0,0.0
2018-05-14 00:00:00-04:00,675.0,712.7999877929688,675.0,702.0,265,0.0,0.0
2018-05-15 00:00:00-04:00,707.4000244140625,709.2000122070312,685.7999877929688,685.7999877929688,117,0.0,0.0
2018-05-16 00:00:00-04:00,685.7999877929688,696.5999755859375,678.5999755859375,680.4000244140625,67,0.0,0.0
2018-05-17 00:00:00-04:00,675.0,691.2000122070312,675.0,682.2000122070312,314,0.0,0.0
2018-05-18 00:00:00-04:00,682.2000122070312,693.0,678.5999755859375,687.5999755859375,269,0.0,0.0
2018-05-21 00:00:00-04:00,691.2000122070312,698.4000244140625,685.7999877929688,691.2000122070312,146,0.0,0.0
2018-05-22 00:00:00-04:00,687.5999755859375,696.5999755859375,671.4000244140625,673.2000122070312,227,0.0,0.0
2018-05-23 00:00:00-04:00,673.2000122070312,703.7999877929688,666.0,691.2000122070312,328,0.0,0.0
2018-05-24 00:00:00-04:00,691.2000122070312,720.0,687.5999755859375,698.4000244140625,304,0.0,0.0
2018-05-25 00:00:00-04:00,691.2000122070312,711.0,685.7999877929688,696.5999755859375,166,0.0,0.0
2018-05-29 00:00:00-04:00,687.5999755859375,698.4000244140625,682.2000122070312,693.0,34,0.0,0.0
2018-05-30 00:00:00-04:00,702.0,709.2000122070312,689.4000244140625,694.7999877929688,106,0.0,0.0
2018-05-31 00:00:00-04:00,700.2000122070312,705.5999755859375,680.4000244140625,685.7999877929688,307,0.0,0.0
2018-06-01 00:00:00-04:00,682.2000122070312,696.5999755859375,676.7999877929688,682.2000122070312,241,0.0,0.0
2018-06-04 00:00:00-04:00,684.0,716.4000244140625,676.7999877929688,685.7999877929688,592,0.0,0.0
2018-06-05 00:00:00-04:00,711.0,714.5999755859375,691.2000122070312,696.5999755859375,866,0.0,0.0
2018-06-06 00:00:00-04:00,702.0,709.2000122070312,693.0,694.7999877929688,503,0.0,0.0
2018-06-07 00:00:00-04:00,696.5999755859375,702.0,680.4000244140625,694.7999877929688,397,0.0,0.0
2018-06-08 00:00:00-04:00,694.7999877929688,703.7999877929688,685.7999877929688,685.7999877929688,306,0.0,0.0
2018-06-11 00:00:00-04:00,685.7999877929688,694.7999877929688,680.4000244140625,680.4000244140625,698,0.0,0.0
2018-06-12 00:00:00-04:00,702.0,712.7999877929688,682.2000122070312,709.2000122070312,353,0.0,0.0
2018-06-13 00:00:00-04:00,711.0,738.0,696.5999755859375,721.7999877929688,2274,0.0,0.0
2018-06-14 00:00:00-04:00,603.0,610.2000122070312,549.0,568.7999877929688,3679,0.0,0.0
2018-06-15 00:00:00-04:00,581.4000244140625,581.4000244140625,522.0,523.7999877929688,1226,0.0,0.0
2018-06-18 00:00:00-04:00,525.5999755859375,525.5999755859375,469.79998779296875,471.6000061035156,1186,0.0,0.0
2018-06-19 00:00:00-04:00,473.3999938964844,477.0,442.79998779296875,473.3999938964844,998,0.0,0.0
2018-06-20 00:00:00-04:00,469.79998779296875,478.79998779296875,455.3999938964844,473.3999938964844,375,0.0,0.0
2018-06-21 00:00:00-04:00,469.79998779296875,500.3999938964844,468.0,484.20001220703125,393,0.0,0.0
2018-06-22 00:00:00-04:00,495.0,502.20001220703125,486.0,489.6000061035156,198,0.0,0.0
2018-06-25 00:00:00-04:00,495.0,507.6000061035156,450.0,473.3999938964844,618,0.0,0.0
2018-06-26 00:00:00-04:00,477.0,478.79998779296875,451.79998779296875,459.0,209,0.0,0.0
2018-06-27 00:00:00-04:00,468.0,468.0,432.0,444.6000061035156,294,0.0,0.0
2018-06-28 00:00:00-04:00,450.0,450.0,423.0,437.3999938964844,124,0.0,0.0
2018-06-29 00:00:00-04:00,437.3999938964844,459.0,424.79998779296875,446.3999938964844,331,0.0,0.0
2018-07-02 00:00:00-04:00,450.0,466.20001220703125,432.0,464.3999938964844,112,0.0,0.0
2018-07-03 00:00:00-04:00,468.0,468.0,437.3999938964844,450.0,22,0.0,0.0
2018-07-05 00:00:00-04:00,450.0,475.20001220703125,432.0,464.3999938964844,171,0.0,0.0
2018-07-06 00:00:00-04:00,466.20001220703125,484.20001220703125,451.79998779296875,451.79998779296875,155,0.0,0.0
2018-07-09 00:00:00-04:00,451.79998779296875,495.0,441.0,457.20001220703125,496,0.0,0.0
2018-07-10 00:00:00-04:00,460.79998779296875,480.6000061035156,433.79998779296875,441.0,1176,0.0,0.0
2018-07-11 00:00:00-04:00,459.0,459.0,442.79998779296875,453.6000061035156,107,0.0,0.0
2018-07-12 00:00:00-04:00,455.3999938964844,459.0,441.0,446.3999938964844,117,0.0,0.0
2018-07-13 00:00:00-04:00,439.20001220703125,455.3999938964844,439.20001220703125,446.3999938964844,42,0.0,0.0
2018-07-16 00:00:00-04:00,450.0,450.0,417.6000061035156,446.3999938964844,296,0.0,0.0
2018-07-17 00:00:00-04:00,446.3999938964844,450.0,428.3999938964844,441.0,163,0.0,0.0
2018-07-18 00:00:00-04:00,435.6000061035156,450.0,424.79998779296875,426.6000061035156,210,0.0,0.0
2018-07-19 00:00:00-04:00,430.20001220703125,448.20001220703125,423.0,428.3999938964844,178,0.0,0.0
2018-07-20 00:00:00-04:00,435.6000061035156,450.0,432.0,433.79998779296875,113,0.0,0.0
2018-07-23 00:00:00-04:00,424.79998779296875,448.20001220703125,419.3999938964844,428.3999938964844,184,0.0,0.0
2018-07-24 00:00:00-04:00,432.0,441.0,421.20001220703125,421.20001220703125,101,0.0,0.0
2018-07-25 00:00:00-04:00,423.0,450.0,397.79998779296875,437.3999938964844,577,0.0,0.0
2018-07-26 00:00:00-04:00,433.79998779296875,444.6000061035156,423.0,433.79998779296875,171,0.0,0.0
2018-07-27 00:00:00-04:00,426.6000061035156,439.20001220703125,403.20001220703125,415.79998779296875,269,0.0,0.0
2018-07-30 00:00:00-04:00,419.3999938964844,437.3999938964844,403.20001220703125,419.3999938964844,57,0.0,0.0
2018-07-31 00:00:00-04:00,414.0,414.0,388.79998779296875,392.3999938964844,290,0.0,0.0
2018-08-01 00:00:00-04:00,396.0,414.0,387.0,406.79998779296875,431,0.0,0.0
2018-08-02 00:00:00-04:00,405.0,423.0,392.3999938964844,417.6000061035156,272,0.0,0.0
2018-08-03 00:00:00-04:00,401.3999938964844,419.3999938964844,401.3999938964844,401.3999938964844,35,0.0,0.0
2018-08-06 00:00:00-04:00,396.0,412.20001220703125,387.0,388.79998779296875,272,0.0,0.0
2018-08-07 00:00:00-04:00,387.0,419.3999938964844,387.0,397.79998779296875,53,0.0,0.0
2018-08-08 00:00:00-04:00,388.79998779296875,412.20001220703125,331.20001220703125,345.6000061035156,677,0.0,0.0
2018-08-09 00:00:00-04:00,342.0,342.0,280.79998779296875,313.20001220703125,725,0.0,0.0
2018-08-10 00:00:00-04:00,316.79998779296875,432.0,306.0,414.0,1886,0.0,0.0
2018-08-13 00:00:00-04:00,415.79998779296875,432.0,338.3999938964844,354.6000061035156,439,0.0,0.0
2018-08-14 00:00:00-04:00,354.6000061035156,392.3999938964844,354.6000061035156,361.79998779296875,128,0.0,0.0
2018-08-15 00:00:00-04:00,361.79998779296875,363.6000061035156,324.0,351.0,382,0.0,0.0
2018-08-16 00:00:00-04:00,342.0,365.3999938964844,342.0,358.20001220703125,62,0.0,0.0
2018-08-17 00:00:00-04:00,354.6000061035156,363.6000061035156,316.79998779296875,318.6000061035156,214,0.0,0.0
2018-08-20 00:00:00-04:00,338.3999938964844,345.6000061035156,307.79998779296875,336.6000061035156,216,0.0,0.0
2018-08-21 00:00:00-04:00,336.6000061035156,356.3999938964844,334.79998779296875,342.0,58,0.0,0.0
2018-08-22 00:00:00-04:00,343.79998779296875,356.3999938964844,338.3999938964844,354.6000061035156,39,0.0,0.0
2018-08-23 00:00:00-04:00,354.6000061035156,360.0,309.6000061035156,309.6000061035156,154,0.0,0.0
2018-08-24 00:00:00-04:00,334.79998779296875,351.0,331.20001220703125,345.6000061035156,76,0.0,0.0
2018-08-27 00:00:00-04:00,343.79998779296875,352.79998779296875,329.3999938964844,329.3999938964844,137,0.0,0.0
2018-08-28 00:00:00-04:00,351.0,369.0,320.3999938964844,320.3999938964844,481,0.0,0.0
2018-08-29 00:00:00-04:00,324.0,338.3999938964844,315.0,334.79998779296875,126,0.0,0.0
2018-08-30 00:00:00-04:00,334.79998779296875,334.79998779296875,315.0,333.0,54,0.0,0.0
2018-08-31 00:00:00-04:00,360.0,360.0,342.0,342.0,115,0.0,0.0
2018-09-04 00:00:00-04:00,342.0,342.0,331.20001220703125,338.3999938964844,34,0.0,0.0
2018-09-05 00:00:00-04:00,338.3999938964844,342.0,315.0,315.0,47,0.0,0.0
2018-09-06 00:00:00-04:00,315.0,336.6000061035156,315.0,336.6000061035156,78,0.0,0.0
2018-09-07 00:00:00-04:00,318.6000061035156,336.6000061035156,316.79998779296875,333.0,14,0.0,0.0
2018-09-10 00:00:00-04:00,333.0,333.0,318.6000061035156,325.79998779296875,52,0.0,0.0
2018-09-11 00:00:00-04:00,324.0,324.0,300.6000061035156,300.6000061035156,198,0.0,0.0
2018-09-12 00:00:00-04:00,309.6000061035156,313.20001220703125,270.0,307.79998779296875,714,0.0,0.0
2018-09-13 00:00:00-04:00,315.0,315.0,264.6000061035156,275.3999938964844,569,0.0,0.0
2018-09-14 00:00:00-04:00,279.0,284.3999938964844,270.0,271.79998779296875,109,0.0,0.0
2018-09-17 00:00:00-04:00,270.0,288.0,270.0,270.0,81,0.0,0.0
2018-09-18 00:00:00-04:00,270.0,284.3999938964844,270.0,277.20001220703125,83,0.0,0.0
2018-09-19 00:00:00-04:00,273.6000061035156,295.20001220703125,271.79998779296875,273.6000061035156,79,0.0,0.0
2018-09-20 00:00:00-04:00,275.3999938964844,291.6000061035156,271.79998779296875,279.0,159,0.0,0.0
2018-09-21 00:00:00-04:00,270.0,271.79998779296875,262.79998779296875,268.20001220703125,152,0.0,0.0
2018-09-24 00:00:00-04:00,264.6000061035156,286.20001220703125,261.0,262.79998779296875,184,0.0,0.0
2018-09-25 00:00:00-04:00,264.6000061035156,284.3999938964844,264.6000061035156,273.6000061035156,167,0.0,0.0
2018-09-26 00:00:00-04:00,282.6000061035156,289.79998779296875,270.0,270.0,95,0.0,0.0
2018-09-27 00:00:00-04:00,270.0,291.6000061035156,264.6000061035156,271.79998779296875,107,0.0,0.0
2018-09-28 00:00:00-04:00,268.20001220703125,288.0,262.79998779296875,262.79998779296875,74,0.0,0.0
2018-10-01 00:00:00-04:00,262.79998779296875,279.0,261.0,261.0,50,0.0,0.0
2018-10-02 00:00:00-04:00,257.3999938964844,257.3999938964844,235.8000030517578,243.0,214,0.0,0.0
2018-10-03 00:00:00-04:00,243.0,268.20001220703125,243.0,255.60000610351562,233,0.0,0.0
2018-10-04 00:00:00-04:00,261.0,504.0,261.0,333.0,16723,0.0,0.0
2018-10-05 00:00:00-04:00,300.6000061035156,333.0,297.0,324.0,1628,0.0,0.0
2018-10-08 00:00:00-04:00,322.20001220703125,370.79998779296875,307.79998779296875,309.6000061035156,801,0.0,0.0
2018-10-09 00:00:00-04:00,311.3999938964844,354.6000061035156,307.79998779296875,340.20001220703125,398,0.0,0.0
2018-10-10 00:00:00-04:00,342.0,343.79998779296875,304.20001220703125,324.0,428,0.0,0.0
2018-10-11 00:00:00-04:00,320.3999938964844,324.0,304.20001220703125,309.6000061035156,230,0.0,0.0
2018-10-12 00:00:00-04:00,311.3999938964844,316.79998779296875,306.0,306.0,258,0.0,0.0
2018-10-15 00:00:00-04:00,295.20001220703125,302.3999938964844,271.79998779296875,280.79998779296875,990,0.0,0.0
2018-10-16 00:00:00-04:00,280.79998779296875,284.3999938964844,273.6000061035156,273.6000061035156,338,0.0,0.0
2018-10-17 00:00:00-04:00,273.6000061035156,295.20001220703125,270.0,277.20001220703125,386,0.0,0.0
2018-10-18 00:00:00-04:00,275.3999938964844,291.6000061035156,257.3999938964844,261.0,559,0.0,0.0
2018-10-19 00:00:00-04:00,261.0,284.3999938964844,257.3999938964844,270.0,131,0.0,0.0
2018-10-22 00:00:00-04:00,268.20001220703125,279.0,253.8000030517578,257.3999938964844,206,0.0,0.0
2018-10-23 00:00:00-04:00,255.60000610351562,261.0,235.8000030517578,239.39999389648438,362,0.0,0.0
2018-10-24 00:00:00-04:00,244.8000030517578,246.60000610351562,225.0,237.60000610351562,265,0.0,0.0
2018-10-25 00:00:00-04:00,241.1999969482422,244.8000030517578,225.0,232.1999969482422,36,0.0,0.0
2018-10-26 00:00:00-04:00,230.39999389648438,239.39999389648438,217.8000030517578,219.60000610351562,136,0.0,0.0
2018-10-29 00:00:00-04:00,210.60000610351562,223.1999969482422,194.39999389648438,210.60000610351562,614,0.0,0.0
2018-10-30 00:00:00-04:00,214.1999969482422,214.1999969482422,189.0,194.39999389648438,173,0.0,0.0
2018-10-31 00:00:00-04:00,192.60000610351562,207.0,190.8000030517578,190.8000030517578,173,0.0,0.0
2018-11-01 00:00:00-04:00,198.0,239.39999389648438,198.0,225.0,439,0.0,0.0
2018-11-02 00:00:00-04:00,226.8000030517578,246.60000610351562,225.0,225.0,326,0.0,0.0
2018-11-05 00:00:00-05:00,225.0,234.0,199.8000030517578,201.60000610351562,155,0.0,0.0
2018-11-06 00:00:00-05:00,208.8000030517578,237.60000610351562,208.8000030517578,226.8000030517578,330,0.0,0.0
2018-11-07 00:00:00-05:00,216.0,232.1999969482422,201.60000610351562,207.0,445,0.0,0.0
2018-11-08 00:00:00-05:00,225.0,241.1999969482422,221.39999389648438,235.8000030517578,435,0.0,0.0
2018-11-09 00:00:00-05:00,252.0,252.0,207.0,208.8000030517578,754,0.0,0.0
2018-11-12 00:00:00-05:00,214.1999969482422,225.0,203.39999389648438,203.39999389648438,511,0.0,0.0
2018-11-13 00:00:00-05:00,214.1999969482422,223.1999969482422,198.0,198.0,335,0.0,0.0
2018-11-14 00:00:00-05:00,198.0,205.1999969482422,181.8000030517578,198.0,599,0.0,0.0
2018-11-15 00:00:00-05:00,190.8000030517578,406.79998779296875,190.8000030517578,216.0,31578,0.0,0.0
2018-11-16 00:00:00-05:00,214.1999969482422,226.8000030517578,194.39999389648438,199.8000030517578,2518,0.0,0.0
2018-11-19 00:00:00-05:00,160.1999969482422,162.0,153.0,162.0,10066,0.0,0.0
2018-11-20 00:00:00-05:00,160.1999969482422,163.8000030517578,154.8000030517578,156.60000610351562,1217,0.0,0.0
2018-11-21 00:00:00-05:00,156.60000610351562,162.0,142.1999969482422,160.1999969482422,1206,0.0,0.0
2018-11-23 00:00:00-05:00,156.60000610351562,162.0,144.0,153.0,305,0.0,0.0
2018-11-26 00:00:00-05:00,153.0,160.1999969482422,144.0,144.0,718,0.0,0.0
2018-11-27 00:00:00-05:00,144.0,149.39999389648438,136.8000030517578,142.1999969482422,799,0.0,0.0
2018-11-28 00:00:00-05:00,142.1999969482422,153.0,142.1999969482422,149.39999389648438,151,0.0,0.0
2018-11-29 00:00:00-05:00,153.0,153.0,144.0,149.39999389648438,476,0.0,0.0
2018-11-30 00:00:00-05:00,149.39999389648438,153.0,144.0,145.8000030517578,372,0.0,0.0
2018-12-03 00:00:00-05:00,145.8000030517578,147.60000610351562,138.60000610351562,140.39999389648438,668,0.0,0.0
2018-12-04 00:00:00-05:00,140.39999389648438,149.39999389648438,138.60000610351562,138.60000610351562,767,0.0,0.0
2018-12-06 00:00:00-05:00,138.60000610351562,147.60000610351562,129.60000610351562,133.1999969482422,669,0.0,0.0
2018-12-07 00:00:00-05:00,135.0,142.1999969482422,129.60000610351562,135.0,711,0.0,0.0
2018-12-10 00:00:00-05:00,136.8000030517578,153.0,135.0,144.0,3056,0.0,0.0
2018-12-11 00:00:00-05:00,138.60000610351562,144.0,135.0,140.39999389648438,1379,0.0,0.0
2018-12-12 00:00:00-05:00,140.39999389648438,144.0,138.60000610351562,138.60000610351562,532,0.0,0.0
2018-12-13 00:00:00-05:00,140.39999389648438,144.0,138.60000610351562,140.39999389648438,282,0.0,0.0
2018-12-14 00:00:00-05:00,140.39999389648438,140.39999389648438,135.0,135.0,423,0.0,0.0
2018-12-17 00:00:00-05:00,135.0,144.0,135.0,140.39999389648438,809,0.0,0.0
2018-12-18 00:00:00-05:00,140.39999389648438,144.0,136.8000030517578,138.60000610351562,858,0.0,0.0
2018-12-19 00:00:00-05:00,138.60000610351562,140.39999389648438,126.0,129.60000610351562,717,0.0,0.0
2018-12-20 00:00:00-05:00,135.0,135.0,122.4000015258789,124.19999694824219,836,0.0,0.0
2018-12-21 00:00:00-05:00,124.19999694824219,126.0,118.80000305175781,120.5999984741211,245,0.0,0.0
2018-12-24 00:00:00-05:00,118.80000305175781,120.5999984741211,117.0,117.0,165,0.0,0.0
2018-12-26 00:00:00-05:00,115.19999694824219,124.19999694824219,115.19999694824219,122.4000015258789,508,0.0,0.0
2018-12-27 00:00:00-05:00,120.5999984741211,127.80000305175781,117.0,118.80000305175781,846,0.0,0.0
2018-12-28 00:00:00-05:00,120.5999984741211,129.60000610351562,120.5999984741211,122.4000015258789,711,0.0,0.0
2018-12-31 00:00:00-05:00,122.4000015258789,136.8000030517578,122.4000015258789,127.80000305175781,969,0.0,0.0
2019-01-02 00:00:00-05:00,138.60000610351562,138.60000610351562,124.19999694824219,138.60000610351562,723,0.0,0.0
2019-01-03 00:00:00-05:00,138.60000610351562,138.60000610351562,124.19999694824219,126.0,468,0.0,0.0
2019-01-04 00:00:00-05:00,124.19999694824219,131.39999389648438,120.5999984741211,127.80000305175781,373,0.0,0.0
2019-01-07 00:00:00-05:00,129.60000610351562,133.1999969482422,129.60000610351562,131.39999389648438,194,0.0,0.0
2019-01-08 00:00:00-05:00,133.1999969482422,136.8000030517578,127.80000305175781,131.39999389648438,299,0.0,0.0
2019-01-09 00:00:00-05:00,133.1999969482422,135.0,126.0,127.80000305175781,176,0.0,0.0
2019-01-10 00:00:00-05:00,127.80000305175781,135.0,126.0,129.60000610351562,90,0.0,0.0
2019-01-11 00:00:00-05:00,129.60000610351562,140.39999389648438,129.60000610351562,133.1999969482422,832,0.0,0.0
2019-01-14 00:00:00-05:00,135.0,138.60000610351562,131.39999389648438,135.0,95,0.0,0.0
2019-01-15 00:00:00-05:00,135.0,142.1999969482422,131.39999389648438,133.1999969482422,889,0.0,0.0
2019-01-16 00:00:00-05:00,138.60000610351562,149.39999389648438,135.0,144.0,2239,0.0,0.0
2019-01-17 00:00:00-05:00,149.39999389648438,151.1999969482422,138.60000610351562,144.0,481,0.0,0.0
2019-01-18 00:00:00-05:00,144.0,147.60000610351562,142.1999969482422,147.60000610351562,589,0.0,0.0
2019-01-22 00:00:00-05:00,145.8000030517578,145.8000030517578,135.0,136.8000030517578,652,0.0,0.0
2019-01-23 00:00:00-05:00,135.0,144.0,135.0,136.8000030517578,140,0.0,0.0
2019-01-24 00:00:00-05:00,136.8000030517578,138.60000610351562,124.19999694824219,133.1999969482422,749,0.0,0.0
2019-01-25 00:00:00-05:00,131.39999389648438,144.0,131.39999389648438,136.8000030517578,205,0.0,0.0
2019-01-28 00:00:00-05:00,140.39999389648438,144.0,129.60000610351562,136.8000030517578,124,0.0,0.0
2019-01-29 00:00:00-05:00,135.0,140.39999389648438,129.60000610351562,135.0,165,0.0,0.0
2019-01-30 00:00:00-05:00,136.8000030517578,136.8000030517578,129.60000610351562,131.39999389648438,101,0.0,0.0
2019-01-31 00:00:00-05:00,129.60000610351562,136.8000030517578,129.60000610351562,135.0,102,0.0,0.0
2019-02-01 00:00:00-05:00,135.0,136.8000030517578,129.60000610351562,135.0,277,0.0,0.0
2019-02-04 00:00:00-05:00,131.39999389648438,140.39999389648438,129.60000610351562,136.8000030517578,287,0.0,0.0
2019-02-05 00:00:00-05:00,142.1999969482422,144.0,133.1999969482422,135.0,170,0.0,0.0
2019-02-06 00:00:00-05:00,135.0,142.1999969482422,135.0,136.8000030517578,212,0.0,0.0
2019-02-07 00:00:00-05:00,136.8000030517578,136.8000030517578,133.1999969482422,133.1999969482422,156,0.0,0.0
2019-02-08 00:00:00-05:00,133.1999969482422,142.1999969482422,126.0,131.39999389648438,423,0.0,0.0
2019-02-11 00:00:00-05:00,142.1999969482422,142.1999969482422,133.1999969482422,133.1999969482422,217,0.0,0.0
2019-02-12 00:00:00-05:00,136.8000030517578,138.60000610351562,129.60000610351562,133.1999969482422,129,0.0,0.0
2019-02-13 00:00:00-05:00,133.1999969482422,136.8000030517578,129.60000610351562,129.60000610351562,232,0.0,0.0
2019-02-14 00:00:00-05:00,131.39999389648438,133.1999969482422,126.0,127.80000305175781,391,0.0,0.0
2019-02-15 00:00:00-05:00,142.1999969482422,151.1999969482422,138.60000610351562,144.0,3133,0.0,0.0
2019-02-19 00:00:00-05:00,144.0,147.60000610351562,135.0,140.39999389648438,787,0.0,0.0
2019-02-20 00:00:00-05:00,138.60000610351562,145.8000030517578,136.8000030517578,136.8000030517578,307,0.0,0.0
2019-02-21 00:00:00-05:00,144.0,147.60000610351562,144.0,147.60000610351562,973,0.0,0.0
2019-02-22 00:00:00-05:00,147.60000610351562,163.8000030517578,144.0,162.0,2279,0.0,0.0
2019-02-25 00:00:00-05:00,163.8000030517578,163.8000030517578,154.8000030517578,160.1999969482422,1030,0.0,0.0
2019-02-26 00:00:00-05:00,162.0,162.0,154.8000030517578,160.1999969482422,999,0.0,0.0
2019-02-27 00:00:00-05:00,158.39999389648438,169.1999969482422,158.39999389648438,165.60000610351562,1244,0.0,0.0
2019-02-28 00:00:00-05:00,165.60000610351562,172.8000030517578,163.8000030517578,167.39999389648438,1023,0.0,0.0
2019-03-01 00:00:00-05:00,163.8000030517578,172.8000030517578,163.8000030517578,169.1999969482422,503,0.0,0.0
2019-03-04 00:00:00-05:00,167.39999389648438,171.0,153.0,156.60000610351562,702,0.0,0.0
2019-03-05 00:00:00-05:00,153.0,169.1999969482422,153.0,158.39999389648438,138,0.0,0.0
2019-03-06 00:00:00-05:00,163.8000030517578,167.39999389648438,158.39999389648438,160.1999969482422,473,0.0,0.0
2019-03-07 00:00:00-05:00,162.0,167.39999389648438,154.8000030517578,165.60000610351562,500,0.0,0.0
2019-03-08 00:00:00-05:00,165.60000610351562,167.39999389648438,160.1999969482422,165.60000610351562,481,0.0,0.0
2019-03-11 00:00:00-04:00,180.0,207.0,176.39999389648438,194.39999389648438,5473,0.0,0.0
2019-03-12 00:00:00-04:00,194.39999389648438,194.39999389648438,183.60000610351562,190.8000030517578,1104,0.0,0.0
2019-03-13 00:00:00-04:00,190.8000030517578,190.8000030517578,172.8000030517578,187.1999969482422,1396,0.0,0.0
2019-03-14 00:00:00-04:00,185.39999389648438,190.8000030517578,180.0,190.8000030517578,380,0.0,0.0
2019-03-15 00:00:00-04:00,189.0,198.0,176.39999389648438,180.0,1050,0.0,0.0
2019-03-18 00:00:00-04:00,180.0,187.1999969482422,171.0,183.60000610351562,673,0.0,0.0
2019-03-19 00:00:00-04:00,178.1999969482422,187.1999969482422,174.60000610351562,180.0,539,0.0,0.0
2019-03-20 00:00:00-04:00,180.0,180.0,176.39999389648438,180.0,249,0.0,0.0
2019-03-21 00:00:00-04:00,180.0,183.60000610351562,176.39999389648438,176.39999389648438,316,0.0,0.0
2019-03-22 00:00:00-04:00,176.39999389648438,180.0,176.39999389648438,176.39999389648438,245,0.0,0.0
2019-03-25 00:00:00-04:00,181.8000030517578,181.8000030517578,176.39999389648438,176.39999389648438,109,0.0,0.0
2019-03-26 00:00:00-04:00,180.0,180.0,176.39999389648438,176.39999389648438,346,0.0,0.0
2019-03-27 00:00:00-04:00,176.39999389648438,176.39999389648438,162.0,169.1999969482422,329,0.0,0.0
2019-03-28 00:00:00-04:00,169.1999969482422,176.39999389648438,167.39999389648438,172.8000030517578,356,0.0,0.0
2019-03-29 00:00:00-04:00,169.1999969482422,172.8000030517578,169.1999969482422,169.1999969482422,123,0.0,0.0
2019-04-01 00:00:00-04:00,171.0,171.0,160.1999969482422,165.60000610351562,790,0.0,0.0
2019-04-02 00:00:00-04:00,162.0,169.1999969482422,162.0,169.1999969482422,131,0.0,0.0
2019-04-03 00:00:00-04:00,163.8000030517578,169.1999969482422,160.1999969482422,167.39999389648438,148,0.0,0.0
2019-04-04 00:00:00-04:00,169.1999969482422,174.60000610351562,163.8000030517578,169.1999969482422,128,0.0,0.0
2019-04-05 00:00:00-04:00,174.60000610351562,190.8000030517578,169.1999969482422,178.1999969482422,1498,0.0,0.0
2019-04-08 00:00:00-04:00,178.1999969482422,183.60000610351562,172.8000030517578,176.39999389648438,379,0.0,0.0
2019-04-09 00:00:00-04:00,174.60000610351562,180.0,167.39999389648438,171.0,410,0.0,0.0
2019-04-10 00:00:00-04:00,171.0,171.0,167.39999389648438,167.39999389648438,237,0.0,0.0
2019-04-11 00:00:00-04:00,167.39999389648438,174.60000610351562,167.39999389648438,169.1999969482422,282,0.0,0.0
2019-04-12 00:00:00-04:00,174.60000610351562,180.0,167.39999389648438,169.1999969482422,702,0.0,0.0
2019-04-15 00:00:00-04:00,167.39999389648438,167.39999389648438,160.1999969482422,162.0,638,0.0,0.0
2019-04-16 00:00:00-04:00,162.0,167.39999389648438,160.1999969482422,160.1999969482422,171,0.0,0.0
2019-04-17 00:00:00-04:00,160.1999969482422,163.8000030517578,154.8000030517578,160.1999969482422,203,0.0,0.0
2019-04-18 00:00:00-04:00,160.1999969482422,165.60000610351562,154.8000030517578,156.60000610351562,486,0.0,0.0
2019-04-22 00:00:00-04:00,162.0,162.0,151.1999969482422,154.8000030517578,719,0.0,0.0
2019-04-23 00:00:00-04:00,156.60000610351562,176.39999389648438,156.60000610351562,165.60000610351562,1794,0.0,0.0
2019-04-24 00:00:00-04:00,169.1999969482422,169.1999969482422,158.39999389648438,158.39999389648438,176,0.0,0.0
2019-04-25 00:00:00-04:00,160.1999969482422,162.0,144.0,158.39999389648438,1057,0.0,0.0
2019-04-26 00:00:00-04:00,151.1999969482422,156.60000610351562,147.60000610351562,154.8000030517578,569,0.0,0.0
2019-04-29 00:00:00-04:00,153.0,156.60000610351562,149.39999389648438,156.60000610351562,135,0.0,0.0
2019-04-30 00:00:00-04:00,153.0,160.1999969482422,149.39999389648438,158.39999389648438,379,0.0,0.0
2019-05-01 00:00:00-04:00,154.8000030517578,162.0,153.0,160.1999969482422,43,0.0,0.0
2019-05-02 00:00:00-04:00,154.8000030517578,160.1999969482422,153.0,160.1999969482422,148,0.0,0.0
2019-05-03 00:00:00-04:00,160.1999969482422,160.1999969482422,156.60000610351562,160.1999969482422,119,0.0,0.0
2019-05-06 00:00:00-04:00,153.0,160.1999969482422,151.1999969482422,154.8000030517578,85,0.0,0.0
2019-05-07 00:00:00-04:00,156.60000610351562,160.1999969482422,153.0,154.8000030517578,203,0.0,0.0
2019-05-08 00:00:00-04:00,154.8000030517578,160.1999969482422,154.8000030517578,154.8000030517578,80,0.0,0.0
2019-05-09 00:00:00-04:00,158.39999389648438,158.39999389648438,149.39999389648438,156.60000610351562,423,0.0,0.0
2019-05-10 00:00:00-04:00,151.1999969482422,156.60000610351562,144.0,156.60000610351562,668,0.0,0.0
2019-05-13 00:00:00-04:00,151.1999969482422,154.8000030517578,147.60000610351562,151.1999969482422,68,0.0,0.0
2019-05-14 00:00:00-04:00,154.8000030517578,154.8000030517578,149.39999389648438,153.0,223,0.0,0.0
2019-05-15 00:00:00-04:00,149.39999389648438,153.0,147.60000610351562,153.0,211,0.0,0.0
2019-05-16 00:00:00-04:00,153.0,158.39999389648438,149.39999389648438,153.0,668,0.0,0.0
2019-05-17 00:00:00-04:00,153.0,153.0,145.8000030517578,147.60000610351562,362,0.0,0.0
2019-05-20 00:00:00-04:00,145.8000030517578,151.1999969482422,136.8000030517578,142.1999969482422,714,0.0,0.0
2019-05-21 00:00:00-04:00,142.1999969482422,144.0,136.8000030517578,142.1999969482422,474,0.0,0.0
2019-05-22 00:00:00-04:00,160.1999969482422,160.1999969482422,147.60000610351562,147.60000610351562,1021,0.0,0.0
2019-05-23 00:00:00-04:00,153.0,156.60000610351562,147.60000610351562,153.0,192,0.0,0.0
2019-05-24 00:00:00-04:00,153.0,156.60000610351562,149.39999389648438,156.60000610351562,168,0.0,0.0
2019-05-28 00:00:00-04:00,154.8000030517578,154.8000030517578,147.60000610351562,147.60000610351562,111,0.0,0.0
2019-05-29 00:00:00-04:00,154.8000030517578,154.8000030517578,147.60000610351562,151.1999969482422,125,0.0,0.0
2019-05-30 00:00:00-04:00,147.60000610351562,153.0,147.60000610351562,151.1999969482422,47,0.0,0.0
2019-05-31 00:00:00-04:00,151.1999969482422,158.39999389648438,145.8000030517578,151.1999969482422,228,0.0,0.0
2019-06-03 00:00:00-04:00,151.1999969482422,158.39999389648438,144.0,153.0,151,0.0,0.0
2019-06-04 00:00:00-04:00,153.0,154.8000030517578,147.60000610351562,153.0,75,0.0,0.0
2019-06-05 00:00:00-04:00,153.0,153.0,144.0,147.60000610351562,177,0.0,0.0
2019-06-06 00:00:00-04:00,156.60000610351562,156.60000610351562,145.8000030517578,149.39999389648438,98,0.0,0.0
2019-06-07 00:00:00-04:00,140.39999389648438,149.39999389648438,140.39999389648438,140.39999389648438,360,0.0,0.0
2019-06-10 00:00:00-04:00,144.0,149.39999389648438,135.0,140.39999389648438,102,0.0,0.0
2019-06-11 00:00:00-04:00,142.1999969482422,144.0,127.80000305175781,129.60000610351562,402,0.0,0.0
2019-06-12 00:00:00-04:00,131.39999389648438,138.60000610351562,131.39999389648438,133.1999969482422,163,0.0,0.0
2019-06-13 00:00:00-04:00,138.60000610351562,138.60000610351562,124.19999694824219,131.39999389648438,247,0.0,0.0
2019-06-14 00:00:00-04:00,131.39999389648438,136.8000030517578,129.60000610351562,129.60000610351562,76,0.0,0.0
2019-06-17 00:00:00-04:00,144.0,144.0,129.60000610351562,129.60000610351562,102,0.0,0.0
2019-06-18 00:00:00-04:00,129.60000610351562,136.8000030517578,129.60000610351562,131.39999389648438,30,0.0,0.0
2019-06-19 00:00:00-04:00,127.80000305175781,135.0,124.19999694824219,127.80000305175781,691,0.0,0.0
2019-06-20 00:00:00-04:00,127.80000305175781,127.80000305175781,127.80000305175781,127.80000305175781,0,0.0,0.1111111111111111
2019-06-21 00:00:00-04:00,151.0,160.0,141.8000030517578,149.0,5275,0.0,0.0
2019-06-24 00:00:00-04:00,149.60000610351562,153.8000030517578,137.39999389648438,147.8000030517578,2595,0.0,0.0
2019-06-25 00:00:00-04:00,146.60000610351562,154.39999389648438,134.8000030517578,153.8000030517578,1915,0.0,0.0
2019-06-26 00:00:00-04:00,156.0,168.0,148.0,158.0,4220,0.0,0.0
2019-06-27 00:00:00-04:00,151.60000610351562,162.8000030517578,144.39999389648438,148.0,1905,0.0,0.0
2019-06-28 00:00:00-04:00,149.8000030517578,174.0,149.8000030517578,158.39999389648438,2720,0.0,0.0
2019-07-01 00:00:00-04:00,157.0,162.0,149.39999389648438,155.0,1825,0.0,0.0
2019-07-02 00:00:00-04:00,155.8000030517578,158.0,150.8000030517578,156.0,870,0.0,0.0
2019-07-03 00:00:00-04:00,154.0,154.0,150.1999969482422,151.0,215,0.0,0.0
2019-07-05 00:00:00-04:00,152.60000610351562,155.0,147.8000030517578,149.1999969482422,230,0.0,0.0
2019-07-08 00:00:00-04:00,144.39999389648438,149.39999389648438,133.8000030517578,143.8000030517578,820,0.0,0.0
2019-07-09 00:00:00-04:00,140.0,141.1999969482422,131.8000030517578,136.39999389648438,1125,0.0,0.0
2019-07-10 00:00:00-04:00,138.60000610351562,141.60000610351562,133.60000610351562,139.60000610351562,290,0.0,0.0
2019-07-11 00:00:00-04:00,132.1999969482422,139.8000030517578,132.1999969482422,138.8000030517578,295,0.0,0.0
2019-07-12 00:00:00-04:00,133.39999389648438,139.60000610351562,133.0,133.0,175,0.0,0.0
2019-07-15 00:00:00-04:00,137.39999389648438,137.39999389648438,132.0,133.39999389648438,330,0.0,0.0
2019-07-16 00:00:00-04:00,132.0,132.0,121.5999984741211,127.19999694824219,785,0.0,0.0
2019-07-17 00:00:00-04:00,126.5999984741211,128.60000610351562,120.19999694824219,127.0,760,0.0,0.0
2019-07-18 00:00:00-04:00,123.4000015258789,132.0,122.0,124.80000305175781,860,0.0,0.0
2019-07-19 00:00:00-04:00,127.80000305175781,127.80000305175781,118.4000015258789,123.5999984741211,565,0.0,0.0
2019-07-22 00:00:00-04:00,128.60000610351562,148.8000030517578,126.80000305175781,134.60000610351562,350,0.0,0.0
2019-07-23 00:00:00-04:00,136.0,137.1999969482422,130.0,133.39999389648438,95,0.0,0.0
2019-07-24 00:00:00-04:00,134.0,134.0,133.8000030517578,133.8000030517578,45,0.0,0.0
2019-07-25 00:00:00-04:00,133.8000030517578,133.8000030517578,133.8000030517578,133.8000030517578,10,0.0,0.0
2019-07-26 00:00:00-04:00,129.0,129.60000610351562,127.80000305175781,127.80000305175781,110,0.0,0.0
2019-07-29 00:00:00-04:00,126.0,133.60000610351562,123.19999694824219,125.80000305175781,220,0.0,0.0
2019-07-30 00:00:00-04:00,126.0,131.1999969482422,124.0,131.1999969482422,105,0.0,0.0
2019-07-31 00:00:00-04:00,127.5999984741211,128.1999969482422,121.19999694824219,121.19999694824219,110,0.0,0.0
2019-08-01 00:00:00-04:00,126.0,126.0,122.0,122.0,65,0.0,0.0
2019-08-02 00:00:00-04:00,126.0,126.0,122.0,122.0,10,0.0,0.0
2019-08-05 00:00:00-04:00,119.0,121.80000305175781,117.19999694824219,121.80000305175781,240,0.0,0.0
2019-08-06 00:00:00-04:00,120.0,121.19999694824219,116.0,120.0,355,0.0,0.0
2019-08-07 00:00:00-04:00,120.0,120.4000015258789,116.0,116.4000015258789,350,0.0,0.0
2019-08-08 00:00:00-04:00,117.0,120.0,113.4000015258789,113.4000015258789,320,0.0,0.0
2019-08-09 00:00:00-04:00,113.0,117.80000305175781,107.5999984741211,112.19999694824219,345,0.0,0.0
2019-08-12 00:00:00-04:00,113.80000305175781,117.0,107.0,110.4000015258789,630,0.0,0.0
2019-08-13 00:00:00-04:00,111.0,111.0,106.0,108.0,170,0.0,0.0
2019-08-14 00:00:00-04:00,110.0,111.0,98.0,100.19999694824219,1165,0.0,0.0
2019-08-15 00:00:00-04:00,103.0,110.0,97.0,110.0,890,0.0,0.0
2019-08-16 00:00:00-04:00,106.0,119.80000305175781,106.0,119.80000305175781,1040,0.0,0.0
2019-08-19 00:00:00-04:00,121.5999984741211,129.8000030517578,120.0,129.0,845,0.0,0.0
2019-08-20 00:00:00-04:00,129.0,142.0,129.0,138.0,230,0.0,0.0
2019-08-21 00:00:00-04:00,144.0,144.0,141.0,144.0,220,0.0,0.0
2019-08-22 00:00:00-04:00,142.0,154.0,142.0,148.1999969482422,870,0.0,0.0
2019-08-23 00:00:00-04:00,144.1999969482422,145.60000610351562,140.39999389648438,142.1999969482422,75,0.0,0.0
2019-08-26 00:00:00-04:00,142.0,145.8000030517578,124.80000305175781,126.0,340,0.0,0.0
2019-08-27 00:00:00-04:00,126.0,138.0,126.0,138.0,165,0.0,0.0
2019-08-28 00:00:00-04:00,141.8000030517578,141.8000030517578,140.39999389648438,140.39999389648438,25,0.0,0.0
2019-08-29 00:00:00-04:00,130.0,131.0,130.0,130.8000030517578,90,0.0,0.0
2019-08-30 00:00:00-04:00,130.8000030517578,138.0,130.8000030517578,136.0,335,0.0,0.0
2019-09-03 00:00:00-04:00,136.0,136.0,136.0,136.0,0,0.0,0.0
2019-09-04 00:00:00-04:00,134.60000610351562,135.8000030517578,128.0,128.0,115,0.0,0.0
2019-09-05 00:00:00-04:00,137.0,137.0,125.0,126.0,345,0.0,0.0
2019-09-06 00:00:00-04:00,118.19999694824219,126.19999694824219,116.5999984741211,120.0,205,0.0,0.0
2019-09-09 00:00:00-04:00,121.80000305175781,138.0,121.80000305175781,134.0,150,0.0,0.0
2019-09-10 00:00:00-04:00,125.19999694824219,132.0,125.19999694824219,132.0,60,0.0,0.0
2019-09-11 00:00:00-04:00,128.60000610351562,128.60000610351562,126.4000015258789,126.4000015258789,35,0.0,0.0
2019-09-12 00:00:00-04:00,128.39999389648438,128.39999389648438,120.0,124.0,805,0.0,0.0
2019-09-13 00:00:00-04:00,122.5999984741211,124.0,120.19999694824219,120.19999694824219,155,0.0,0.0
2019-09-16 00:00:00-04:00,124.0,133.60000610351562,124.0,132.0,290,0.0,0.0
2019-09-17 00:00:00-04:00,132.1999969482422,132.60000610351562,128.1999969482422,130.0,240,0.0,0.0
2019-09-18 00:00:00-04:00,127.19999694824219,128.0,127.19999694824219,128.0,65,0.0,0.0
2019-09-19 00:00:00-04:00,127.80000305175781,128.0,127.5999984741211,128.0,55,0.0,0.0
2019-09-20 00:00:00-04:00,121.4000015258789,138.0,121.4000015258789,136.0,70,0.0,0.0
2019-09-23 00:00:00-04:00,138.0,138.0,123.80000305175781,123.80000305175781,260,0.0,0.0
2019-09-24 00:00:00-04:00,125.5999984741211,127.5999984741211,125.5999984741211,127.0,90,0.0,0.0
2019-09-25 00:00:00-04:00,127.5999984741211,136.1999969482422,124.0,124.0,265,0.0,0.0
2019-09-26 00:00:00-04:00,124.0,124.0,124.0,124.0,5,0.0,0.0
2019-09-27 00:00:00-04:00,111.5999984741211,126.19999694824219,110.0,115.19999694824219,470,0.0,0.0
2019-09-30 00:00:00-04:00,114.5999984741211,119.0,114.4000015258789,115.19999694824219,280,0.0,0.0
2019-10-01 00:00:00-04:00,123.5999984741211,123.5999984741211,115.19999694824219,115.19999694824219,70,0.0,0.0
2019-10-02 00:00:00-04:00,110.0,110.0,98.4000015258789,102.19999694824219,125,0.0,0.0
2019-10-03 00:00:00-04:00,109.0,109.0,104.19999694824219,108.0,190,0.0,0.0
2019-10-04 00:00:00-04:00,109.80000305175781,118.0,108.0,115.80000305175781,455,0.0,0.0
2019-10-07 00:00:00-04:00,116.0,116.0,106.0,106.0,170,0.0,0.0
2019-10-08 00:00:00-04:00,105.4000015258789,107.0,105.19999694824219,106.4000015258789,125,0.0,0.0
2019-10-09 00:00:00-04:00,106.0,106.0,99.0,106.0,760,0.0,0.0
2019-10-10 00:00:00-04:00,100.80000305175781,100.80000305175781,100.80000305175781,100.80000305175781,25,0.0,0.0
2019-10-11 00:00:00-04:00,100.0,100.0,99.0,100.0,165,0.0,0.0
2019-10-14 00:00:00-04:00,100.0,101.4000015258789,98.5999984741211,100.19999694824219,60,0.0,0.0
2019-10-15 00:00:00-04:00,100.80000305175781,101.5999984741211,99.0,101.0,200,0.0,0.0
2019-10-16 00:00:00-04:00,99.19999694824219,101.5999984741211,98.4000015258789,101.19999694824219,370,0.0,0.0
2019-10-17 00:00:00-04:00,102.0,104.4000015258789,98.0,101.80000305175781,675,0.0,0.0
2019-10-18 00:00:00-04:00,99.0,102.19999694824219,99.0,102.0,535,0.0,0.0
2019-10-21 00:00:00-04:00,102.0,102.0,102.0,102.0,10,0.0,0.0
2019-10-22 00:00:00-04:00,102.0,102.0,102.0,102.0,10,0.0,0.0
2019-10-23 00:00:00-04:00,102.0,102.0,102.0,102.0,10,0.0,0.0
2019-10-24 00:00:00-04:00,101.80000305175781,101.80000305175781,99.4000015258789,99.4000015258789,60,0.0,0.0
2019-10-25 00:00:00-04:00,100.19999694824219,101.4000015258789,100.19999694824219,101.19999694824219,95,0.0,0.0
2019-10-28 00:00:00-04:00,104.0,114.0,100.5999984741211,114.0,780,0.0,0.0
2019-10-29 00:00:00-04:00,113.80000305175781,119.80000305175781,110.0,118.0,330,0.0,0.0
2019-10-30 00:00:00-04:00,117.0,129.1999969482422,117.0,129.0,520,0.0,0.0
2019-10-31 00:00:00-04:00,129.0,133.0,121.4000015258789,126.80000305175781,410,0.0,0.0
2019-11-01 00:00:00-04:00,124.0,133.8000030517578,122.4000015258789,122.4000015258789,210,0.0,0.0
2019-11-04 00:00:00-05:00,122.5999984741211,135.60000610351562,122.4000015258789,127.0,375,0.0,0.0
2019-11-05 00:00:00-05:00,128.0,128.0,123.80000305175781,123.80000305175781,75,0.0,0.0
2019-11-06 00:00:00-05:00,123.4000015258789,125.19999694824219,116.0,121.4000015258789,320,0.0,0.0
2019-11-07 00:00:00-05:00,116.0,121.0,116.0,120.80000305175781,250,0.0,0.0
2019-11-08 00:00:00-05:00,118.4000015258789,118.4000015258789,116.0,116.0,35,0.0,0.0
2019-11-11 00:00:00-05:00,108.4000015258789,120.0,108.4000015258789,114.4000015258789,300,0.0,0.0
2019-11-12 00:00:00-05:00,116.0,117.0,116.0,117.0,20,0.0,0.0
2019-11-13 00:00:00-05:00,115.19999694824219,115.19999694824219,109.4000015258789,109.5999984741211,195,0.0,0.0
2019-11-14 00:00:00-05:00,119.5999984741211,119.5999984741211,105.5999984741211,109.19999694824219,230,0.0,0.0
2019-11-15 00:00:00-05:00,116.4000015258789,124.4000015258789,116.0,121.0,845,0.0,0.0
2019-11-18 00:00:00-05:00,117.80000305175781,117.80000305175781,114.0,114.0,60,0.0,0.0
2019-11-19 00:00:00-05:00,114.4000015258789,119.80000305175781,114.4000015258789,114.4000015258789,130,0.0,0.0
2019-11-20 00:00:00-05:00,114.5999984741211,119.0,108.0,108.0,255,0.0,0.0
2019-11-21 00:00:00-05:00,105.5999984741211,109.19999694824219,101.0,105.80000305175781,665,0.0,0.0
2019-11-22 00:00:00-05:00,109.80000305175781,110.0,100.0,101.4000015258789,800,0.0,0.0
2019-11-25 00:00:00-05:00,100.0,107.0,82.4000015258789,82.4000015258789,3590,0.0,0.0
2019-11-26 00:00:00-05:00,68.0,86.0,66.5999984741211,82.0,11285,0.0,0.0
2019-11-27 00:00:00-05:00,84.0,85.0,78.80000305175781,78.80000305175781,810,0.0,0.0
2019-11-29 00:00:00-05:00,81.4000015258789,81.4000015258789,76.4000015258789,79.4000015258789,790,0.0,0.0
2019-12-02 00:00:00-05:00,77.0,86.0,77.0,80.0,2730,0.0,0.0
2019-12-03 00:00:00-05:00,81.80000305175781,85.0,80.0,82.0,1480,0.0,0.0
2019-12-04 00:00:00-05:00,86.4000015258789,86.4000015258789,79.0,79.0,1020,0.0,0.0
2019-12-05 00:00:00-05:00,81.80000305175781,84.80000305175781,80.19999694824219,80.19999694824219,940,0.0,0.0
2019-12-06 00:00:00-05:00,79.19999694824219,83.5999984741211,79.19999694824219,80.0,510,0.0,0.0
2019-12-09 00:00:00-05:00,82.5999984741211,82.5999984741211,80.0,81.80000305175781,225,0.0,0.0
2019-12-10 00:00:00-05:00,80.0,84.0,80.0,83.4000015258789,895,0.0,0.0
2019-12-11 00:00:00-05:00,85.5999984741211,92.0,84.19999694824219,87.19999694824219,4005,0.0,0.0
2019-12-12 00:00:00-05:00,88.0,89.80000305175781,87.4000015258789,88.0,1135,0.0,0.0
2019-12-13 00:00:00-05:00,88.0,88.4000015258789,85.0,86.0,525,0.0,0.0
2019-12-16 00:00:00-05:00,84.80000305175781,85.0,82.0,85.0,295,0.0,0.0
2019-12-17 00:00:00-05:00,82.0,84.0,80.0,84.0,220,0.0,0.0
2019-12-18 00:00:00-05:00,81.80000305175781,86.0,81.80000305175781,82.19999694824219,370,0.0,0.0
2019-12-19 00:00:00-05:00,82.0,86.0,82.0,83.0,135,0.0,0.0
2019-12-20 00:00:00-05:00,82.19999694824219,83.80000305175781,80.4000015258789,80.4000015258789,315,0.0,0.0
2019-12-23 00:00:00-05:00,80.4000015258789,85.0,78.0,80.4000015258789,800,0.0,0.0
2019-12-24 00:00:00-05:00,80.0,91.0,80.0,84.0,4540,0.0,0.0
2019-12-26 00:00:00-05:00,84.19999694824219,94.0,84.19999694824219,92.4000015258789,3230,0.0,0.0
2019-12-27 00:00:00-05:00,94.0,95.5999984741211,85.0,88.19999694824219,2235,0.0,0.0
2019-12-30 00:00:00-05:00,86.0,89.5999984741211,85.4000015258789,87.0,690,0.0,0.0
2019-12-31 00:00:00-05:00,88.0,88.0,86.0,87.19999694824219,920,0.0,0.0
2020-01-02 00:00:00-05:00,92.0,94.0,88.0,91.0,1395,0.0,0.0
2020-01-03 00:00:00-05:00,92.0,92.80000305175781,88.19999694824219,88.19999694824219,925,0.0,0.0
2020-01-06 00:00:00-05:00,89.0,89.0,86.0,87.80000305175781,1120,0.0,0.0
2020-01-07 00:00:00-05:00,87.19999694824219,87.19999694824219,86.0,86.0,290,0.0,0.0
2020-01-08 00:00:00-05:00,86.80000305175781,86.80000305175781,85.19999694824219,85.5999984741211,395,0.0,0.0
2020-01-09 00:00:00-05:00,85.0,87.4000015258789,85.0,85.19999694824219,555,0.0,0.0
2020-01-10 00:00:00-05:00,89.80000305175781,89.80000305175781,84.19999694824219,84.4000015258789,590,0.0,0.0
2020-01-13 00:00:00-05:00,86.0,89.5999984741211,86.0,89.5999984741211,515,0.0,0.0
2020-01-14 00:00:00-05:00,89.80000305175781,90.0,86.19999694824219,88.0,180,0.0,0.0
2020-01-15 00:00:00-05:00,87.0,102.0,87.0,101.19999694824219,3795,0.0,0.0
2020-01-16 00:00:00-05:00,104.19999694824219,104.19999694824219,100.0,100.80000305175781,550,0.0,0.0
2020-01-17 00:00:00-05:00,99.80000305175781,101.19999694824219,95.4000015258789,101.19999694824219,660,0.0,0.0
2020-01-21 00:00:00-05:00,101.4000015258789,106.19999694824219,97.19999694824219,106.0,445,0.0,0.0
2020-01-22 00:00:00-05:00,106.0,106.5999984741211,102.5999984741211,106.5999984741211,35,0.0,0.0
2020-01-23 00:00:00-05:00,100.80000305175781,106.0,96.19999694824219,103.5999984741211,1510,0.0,0.0
2020-01-24 00:00:00-05:00,115.0,138.0,108.80000305175781,113.80000305175781,16735,0.0,0.0
2020-01-27 00:00:00-05:00,114.0,116.0,107.4000015258789,113.0,1135,0.0,0.0
2020-01-28 00:00:00-05:00,114.80000305175781,114.80000305175781,101.80000305175781,106.0,880,0.0,0.0
2020-01-29 00:00:00-05:00,106.19999694824219,112.5999984741211,106.19999694824219,109.0,495,0.0,0.0
2020-01-30 00:00:00-05:00,107.0,107.80000305175781,103.0,104.0,735,0.0,0.0
2020-01-31 00:00:00-05:00,105.5999984741211,114.80000305175781,103.19999694824219,104.0,610,0.0,0.0
2020-02-03 00:00:00-05:00,103.4000015258789,110.0,100.0,102.0,1915,0.0,0.0
2020-02-04 00:00:00-05:00,102.5999984741211,109.4000015258789,94.19999694824219,102.5999984741211,2890,0.0,0.0
2020-02-05 00:00:00-05:00,102.0,104.0,99.19999694824219,102.19999694824219,650,0.0,0.0
2020-02-06 00:00:00-05:00,104.5999984741211,104.5999984741211,100.19999694824219,101.19999694824219,205,0.0,0.0
2020-02-07 00:00:00-05:00,100.0,105.80000305175781,100.0,103.4000015258789,195,0.0,0.0
2020-02-10 00:00:00-05:00,104.5999984741211,110.0,103.4000015258789,104.4000015258789,900,0.0,0.0
2020-02-11 00:00:00-05:00,104.5999984741211,104.5999984741211,101.0,102.4000015258789,560,0.0,0.0
2020-02-12 00:00:00-05:00,104.19999694824219,104.5999984741211,101.0,103.5999984741211,280,0.0,0.0
2020-02-13 00:00:00-05:00,102.0,105.80000305175781,100.0,104.80000305175781,290,0.0,0.0
2020-02-14 00:00:00-05:00,104.19999694824219,104.19999694824219,100.0,100.0,175,0.0,0.0
2020-02-18 00:00:00-05:00,106.0,112.0,101.80000305175781,109.80000305175781,3620,0.0,0.0
2020-02-19 00:00:00-05:00,112.4000015258789,112.4000015258789,110.19999694824219,110.80000305175781,350,0.0,0.0
2020-02-20 00:00:00-05:00,114.80000305175781,118.19999694824219,107.0,109.19999694824219,1540,0.0,0.0
2020-02-21 00:00:00-05:00,113.5999984741211,114.0,109.19999694824219,110.4000015258789,235,0.0,0.0
2020-02-24 00:00:00-05:00,110.4000015258789,113.80000305175781,109.4000015258789,109.80000305175781,320,0.0,0.0
2020-02-25 00:00:00-05:00,109.80000305175781,110.0,100.0,101.19999694824219,405,0.0,0.0
2020-02-26 00:00:00-05:00,106.0,106.0,101.4000015258789,101.4000015258789,65,0.0,0.0
2020-02-27 00:00:00-05:00,98.4000015258789,103.5999984741211,96.5999984741211,103.5999984741211,565,0.0,0.0
2020-02-28 00:00:00-05:00,106.19999694824219,110.19999694824219,100.0,105.4000015258789,2335,0.0,0.0
2020-03-02 00:00:00-05:00,107.0,109.5999984741211,100.5999984741211,101.80000305175781,955,0.0,0.0
2020-03-03 00:00:00-05:00,102.5999984741211,120.19999694824219,100.0,110.0,3050,0.0,0.0
2020-03-04 00:00:00-05:00,110.19999694824219,117.0,106.80000305175781,116.5999984741211,1460,0.0,0.0
2020-03-05 00:00:00-05:00,110.5999984741211,119.5999984741211,110.5999984741211,110.80000305175781,455,0.0,0.0
2020-03-06 00:00:00-05:00,110.0,112.5999984741211,105.0,105.0,540,0.0,0.0
2020-03-09 00:00:00-04:00,108.80000305175781,113.5999984741211,100.0,100.4000015258789,1270,0.0,0.0
2020-03-10 00:00:00-04:00,111.0,121.80000305175781,107.0,109.80000305175781,2290,0.0,0.0
2020-03-11 00:00:00-04:00,115.19999694824219,118.0,96.0,96.0,1010,0.0,0.0
2020-03-12 00:00:00-04:00,94.4000015258789,107.0,85.5999984741211,100.0,865,0.0,0.0
2020-03-13 00:00:00-04:00,109.80000305175781,109.80000305175781,85.0,85.0,280,0.0,0.0
2020-03-16 00:00:00-04:00,85.0,93.80000305175781,83.4000015258789,83.4000015258789,820,0.0,0.0
2020-03-17 00:00:00-04:00,82.4000015258789,88.5999984741211,77.80000305175781,81.0,1240,0.0,0.0
2020-03-18 00:00:00-04:00,87.4000015258789,87.80000305175781,71.0,74.19999694824219,600,0.0,0.0
2020-03-19 00:00:00-04:00,79.4000015258789,90.0,79.4000015258789,86.80000305175781,1245,0.0,0.0
2020-03-20 00:00:00-04:00,85.5999984741211,108.5999984741211,85.5999984741211,99.4000015258789,4360,0.0,0.0
2020-03-23 00:00:00-04:00,120.19999694824219,130.0,100.0,121.0,5535,0.0,0.0
2020-03-24 00:00:00-04:00,122.0,128.0,106.0,114.0,2555,0.0,0.0
2020-03-25 00:00:00-04:00,123.0,123.0,103.4000015258789,109.80000305175781,1830,0.0,0.0
2020-03-26 00:00:00-04:00,117.4000015258789,117.4000015258789,104.19999694824219,107.0,250,0.0,0.0
2020-03-27 00:00:00-04:00,107.0,109.5999984741211,91.19999694824219,94.0,1430,0.0,0.0
2020-03-30 00:00:00-04:00,100.0,104.5999984741211,95.0,101.80000305175781,200,0.0,0.0
2020-03-31 00:00:00-04:00,106.0,113.4000015258789,96.0,98.0,3010,0.0,0.0
2020-04-01 00:00:00-04:00,96.0,106.19999694824219,90.4000015258789,103.0,1495,0.0,0.0
2020-04-02 00:00:00-04:00,104.0,104.0,100.0,100.0,690,0.0,0.0
2020-04-03 00:00:00-04:00,98.0,110.80000305175781,98.0,102.4000015258789,1120,0.0,0.0
2020-04-06 00:00:00-04:00,114.80000305175781,114.80000305175781,101.4000015258789,110.0,575,0.0,0.0
2020-04-07 00:00:00-04:00,112.0,113.0,102.0,108.5999984741211,300,0.0,0.0
2020-04-08 00:00:00-04:00,102.80000305175781,108.0,102.5999984741211,107.80000305175781,135,0.0,0.0
2020-04-09 00:00:00-04:00,107.0,108.0,103.5999984741211,108.0,145,0.0,0.0
2020-04-13 00:00:00-04:00,103.19999694824219,108.0,103.0,108.0,230,0.0,0.0
2020-04-14 00:00:00-04:00,108.0,108.0,104.4000015258789,105.5999984741211,155,0.0,0.0
2020-04-15 00:00:00-04:00,107.19999694824219,107.19999694824219,103.80000305175781,104.80000305175781,270,0.0,0.0
2020-04-16 00:00:00-04:00,103.19999694824219,105.0,98.19999694824219,98.19999694824219,810,0.0,0.0
2020-04-17 00:00:00-04:00,109.0,109.0,101.5999984741211,103.0,155,0.0,0.0
2020-04-20 00:00:00-04:00,101.19999694824219,102.0,96.5999984741211,98.19999694824219,315,0.0,0.0
2020-04-21 00:00:00-04:00,95.4000015258789,95.4000015258789,93.5999984741211,94.4000015258789,100,0.0,0.0
2020-04-22 00:00:00-04:00,99.0,99.0,95.0,95.0,140,0.0,0.0
2020-04-23 00:00:00-04:00,98.0,105.0,95.5999984741211,95.80000305175781,675,0.0,0.0
2020-04-24 00:00:00-04:00,101.0,101.0,95.4000015258789,95.4000015258789,25,0.0,0.0
2020-04-27 00:00:00-04:00,107.5999984741211,108.4000015258789,102.4000015258789,102.4000015258789,740,0.0,0.0
2020-04-28 00:00:00-04:00,107.4000015258789,110.0,102.5999984741211,104.0,285,0.0,0.0
2020-04-29 00:00:00-04:00,102.5999984741211,106.0,98.4000015258789,100.4000015258789,205,0.0,0.0
2020-04-30 00:00:00-04:00,102.19999694824219,104.0,100.5999984741211,101.5999984741211,295,0.0,0.0
2020-05-01 00:00:00-04:00,100.5999984741211,100.5999984741211,100.5999984741211,100.5999984741211,35,0.0,0.0
2020-05-04 00:00:00-04:00,99.4000015258789,100.4000015258789,92.0,96.5999984741211,360,0.0,0.0
2020-05-05 00:00:00-04:00,98.0,100.0,97.0,97.4000015258789,210,0.0,0.0
2020-05-06 00:00:00-04:00,98.0,102.80000305175781,97.80000305175781,100.19999694824219,310,0.0,0.0
2020-05-07 00:00:00-04:00,101.5999984741211,104.80000305175781,97.0,104.80000305175781,95,0.0,0.0
2020-05-08 00:00:00-04:00,103.0,103.0,99.4000015258789,102.4000015258789,465,0.0,0.0
2020-05-11 00:00:00-04:00,103.80000305175781,107.80000305175781,99.80000305175781,104.5999984741211,885,0.0,0.0
2020-05-12 00:00:00-04:00,107.5999984741211,108.0,99.19999694824219,100.19999694824219,755,0.0,0.0
2020-05-13 00:00:00-04:00,104.0,106.4000015258789,99.19999694824219,99.19999694824219,885,0.0,0.0
2020-05-14 00:00:00-04:00,99.5999984741211,103.0,99.4000015258789,100.0,200,0.0,0.0
2020-05-15 00:00:00-04:00,101.0,102.4000015258789,100.0,101.0,220,0.0,0.0
2020-05-18 00:00:00-04:00,101.0,114.0,101.0,109.5999984741211,1805,0.0,0.0
2020-05-19 00:00:00-04:00,110.0,110.0,102.5999984741211,106.19999694824219,155,0.0,0.0
2020-05-20 00:00:00-04:00,112.0,112.0,103.0,107.5999984741211,270,0.0,0.0
2020-05-21 00:00:00-04:00,103.5999984741211,109.0,103.5999984741211,104.5999984741211,360,0.0,0.0
2020-05-22 00:00:00-04:00,111.0,111.0,104.4000015258789,105.5999984741211,245,0.0,0.0
2020-05-26 00:00:00-04:00,105.19999694824219,109.19999694824219,105.19999694824219,107.80000305175781,250,0.0,0.0
2020-05-27 00:00:00-04:00,110.0,112.0,105.19999694824219,107.80000305175781,2530,0.0,0.0
2020-05-28 00:00:00-04:00,109.0,110.19999694824219,108.0,108.19999694824219,42385,0.0,0.0
2020-05-29 00:00:00-04:00,262.0,392.0,190.0,194.0,1726905,0.0,0.0
2020-06-01 00:00:00-04:00,180.0,182.39999389648438,165.0,180.1999969482422,51070,0.0,0.0
2020-06-02 00:00:00-04:00,176.0,186.60000610351562,168.0,175.1999969482422,14355,0.0,0.0
2020-06-03 00:00:00-04:00,170.1999969482422,177.0,155.0,158.0,13710,0.0,0.0
2020-06-04 00:00:00-04:00,144.39999389648438,166.0,144.39999389648438,154.0,12395,0.0,0.0
2020-06-05 00:00:00-04:00,152.0,188.0,140.1999969482422,188.0,29295,0.0,0.0
2020-06-08 00:00:00-04:00,178.0,180.0,164.8000030517578,170.8000030517578,5255,0.0,0.0
2020-06-09 00:00:00-04:00,172.8000030517578,176.0,158.0,162.0,4175,0.0,0.0
2020-06-10 00:00:00-04:00,159.39999389648438,162.0,146.0,155.1999969482422,12680,0.0,0.0
2020-06-11 00:00:00-04:00,144.60000610351562,155.0,134.0,137.0,7145,0.0,0.0
2020-06-12 00:00:00-04:00,136.0,142.0,131.39999389648438,132.8000030517578,3440,0.0,0.0
2020-06-15 00:00:00-04:00,132.0,133.60000610351562,122.4000015258789,131.39999389648438,14315,0.0,0.0
2020-06-16 00:00:00-04:00,136.39999389648438,147.60000610351562,127.19999694824219,135.0,16630,0.0,0.0
2020-06-17 00:00:00-04:00,130.0,137.0,129.1999969482422,131.8000030517578,5350,0.0,0.0
2020-06-18 00:00:00-04:00,129.1999969482422,135.0,128.1999969482422,130.39999389648438,2505,0.0,0.0
2020-06-19 00:00:00-04:00,131.39999389648438,131.39999389648438,127.4000015258789,129.8000030517578,2355,0.0,0.0
2020-06-22 00:00:00-04:00,129.0,152.0,129.0,145.39999389648438,18850,0.0,0.0
2020-06-23 00:00:00-04:00,145.39999389648438,148.0,137.39999389648438,139.0,3700,0.0,0.0
2020-06-24 00:00:00-04:00,136.0,142.8000030517578,132.0,139.1999969482422,2925,0.0,0.0
2020-06-25 00:00:00-04:00,136.8000030517578,142.60000610351562,134.8000030517578,138.60000610351562,1295,0.0,0.0
2020-06-26 00:00:00-04:00,136.8000030517578,140.0,132.39999389648438,138.39999389648438,4040,0.0,0.0
2020-06-29 00:00:00-04:00,142.1999969482422,159.1999969482422,142.1999969482422,149.0,15425,0.0,0.0
2020-06-30 00:00:00-04:00,148.8000030517578,150.0,136.60000610351562,142.39999389648438,3740,0.0,0.0
2020-07-01 00:00:00-04:00,142.1999969482422,143.0,133.8000030517578,137.60000610351562,2105,0.0,0.0
2020-07-02 00:00:00-04:00,139.60000610351562,139.60000610351562,134.39999389648438,134.8000030517578,1375,0.0,0.0
2020-07-06 00:00:00-04:00,134.1999969482422,137.39999389648438,129.1999969482422,129.1999969482422,2635,0.0,0.0
2020-07-07 00:00:00-04:00,128.0,129.8000030517578,127.4000015258789,127.4000015258789,1615,0.0,0.0
2020-07-08 00:00:00-04:00,128.0,134.0,128.0,131.60000610351562,995,0.0,0.0
2020-07-09 00:00:00-04:00,131.1999969482422,131.1999969482422,124.4000015258789,127.0,1950,0.0,0.0
2020-07-10 00:00:00-04:00,127.0,133.0,124.0,128.8000030517578,3445,0.0,0.0
2020-07-13 00:00:00-04:00,136.8000030517578,138.60000610351562,131.0,134.39999389648438,4495,0.0,0.0
2020-07-14 00:00:00-04:00,133.0,137.0,127.4000015258789,135.39999389648438,2580,0.0,0.0
2020-07-15 00:00:00-04:00,137.8000030517578,138.0,128.1999969482422,130.60000610351562,3945,0.0,0.0
2020-07-16 00:00:00-04:00,131.0,139.1999969482422,130.0,137.8000030517578,1405,0.0,0.0
2020-07-17 00:00:00-04:00,140.39999389648438,141.39999389648438,138.0,140.0,2265,0.0,0.0
2020-07-20 00:00:00-04:00,141.1999969482422,145.0,137.39999389648438,140.0,4455,0.0,0.0
2020-07-21 00:00:00-04:00,141.8000030517578,141.8000030517578,130.1999969482422,141.8000030517578,4045,0.0,0.0
2020-07-22 00:00:00-04:00,138.8000030517578,141.0,137.1999969482422,140.60000610351562,1360,0.0,0.0
2020-07-23 00:00:00-04:00,139.1999969482422,140.0,132.60000610351562,137.1999969482422,1265,0.0,0.0
2020-07-24 00:00:00-04:00,136.39999389648438,137.0,130.0,132.39999389648438,1200,0.0,0.0
2020-07-27 00:00:00-04:00,132.8000030517578,135.0,126.19999694824219,129.0,1455,0.0,0.0
2020-07-28 00:00:00-04:00,127.80000305175781,132.60000610351562,127.80000305175781,129.1999969482422,104290,0.0,0.0
2020-07-29 00:00:00-04:00,228.0,250.0,180.1999969482422,196.0,1188535,0.0,0.0
2020-07-30 00:00:00-04:00,178.0,179.1999969482422,156.0,176.0,52890,0.0,0.0
2020-07-31 00:00:00-04:00,166.0,197.8000030517578,166.0,183.60000610351562,19135,0.0,0.0
2020-08-03 00:00:00-04:00,188.0,190.0,167.0,179.0,25630,0.0,0.0
2020-08-04 00:00:00-04:00,174.60000610351562,193.0,171.0,191.0,7480,0.0,0.0
2020-08-05 00:00:00-04:00,188.0,190.0,183.39999389648438,187.8000030517578,5980,0.0,0.0
2020-08-06 00:00:00-04:00,193.1999969482422,193.1999969482422,181.8000030517578,188.60000610351562,5655,0.0,0.0
2020-08-07 00:00:00-04:00,185.1999969482422,188.1999969482422,177.1999969482422,178.0,4155,0.0,0.0
2020-08-10 00:00:00-04:00,178.8000030517578,181.39999389648438,170.0,173.60000610351562,5725,0.0,0.0
2020-08-11 00:00:00-04:00,176.39999389648438,177.39999389648438,161.0,165.0,6670,0.0,0.0
2020-08-12 00:00:00-04:00,164.0,169.8000030517578,163.0,166.8000030517578,3625,0.0,0.0
2020-08-13 00:00:00-04:00,167.39999389648438,167.39999389648438,156.0,157.0,2465,0.0,0.0
2020-08-14 00:00:00-04:00,156.60000610351562,165.0,151.1999969482422,151.1999969482422,25380,0.0,0.0
2020-08-17 00:00:00-04:00,171.1999969482422,177.1999969482422,157.39999389648438,176.60000610351562,32290,0.0,0.0
2020-08-18 00:00:00-04:00,173.39999389648438,179.60000610351562,165.0,175.0,12105,0.0,0.0
2020-08-19 00:00:00-04:00,172.39999389648438,182.1999969482422,170.39999389648438,173.39999389648438,12600,0.0,0.0
2020-08-20 00:00:00-04:00,173.8000030517578,176.0,166.8000030517578,171.8000030517578,3080,0.0,0.0
2020-08-21 00:00:00-04:00,172.1999969482422,174.60000610351562,163.0,165.60000610351562,3070,0.0,0.0
2020-08-24 00:00:00-04:00,164.8000030517578,165.1999969482422,147.1999969482422,152.39999389648438,4450,0.0,0.0
2020-08-25 00:00:00-04:00,152.39999389648438,152.60000610351562,147.60000610351562,149.8000030517578,1450,0.0,0.0
2020-08-26 00:00:00-04:00,146.8000030517578,155.60000610351562,146.0,155.0,3360,0.0,0.0
2020-08-27 00:00:00-04:00,154.0,157.39999389648438,151.1999969482422,154.1999969482422,1075,0.0,0.0
2020-08-28 00:00:00-04:00,152.60000610351562,154.1999969482422,145.0,153.0,1785,0.0,0.0
2020-08-31 00:00:00-04:00,151.0,151.0,144.0,147.39999389648438,1930,0.0,0.0
2020-09-01 00:00:00-04:00,148.1999969482422,151.1999969482422,142.0,145.0,1225,0.0,0.0
2020-09-02 00:00:00-04:00,144.1999969482422,146.0,135.60000610351562,137.60000610351562,3470,0.0,0.0
2020-09-03 00:00:00-04:00,137.60000610351562,141.0,130.0,134.60000610351562,1655,0.0,0.0
2020-09-04 00:00:00-04:00,135.0,138.0,128.0,131.60000610351562,1235,0.0,0.0
2020-09-08 00:00:00-04:00,129.8000030517578,134.8000030517578,127.0,129.8000030517578,900,0.0,0.0
2020-09-09 00:00:00-04:00,130.0,139.39999389648438,129.8000030517578,135.8000030517578,10215,0.0,0.0
2020-09-10 00:00:00-04:00,143.0,149.60000610351562,137.39999389648438,145.0,10335,0.0,0.0
2020-09-11 00:00:00-04:00,143.39999389648438,143.39999389648438,138.39999389648438,141.8000030517578,1410,0.0,0.0
2020-09-14 00:00:00-04:00,141.60000610351562,149.60000610351562,138.1999969482422,145.8000030517578,2490,0.0,0.0
2020-09-15 00:00:00-04:00,145.60000610351562,149.60000610351562,145.0,146.0,505,0.0,0.0
2020-09-16 00:00:00-04:00,146.0,159.0,141.1999969482422,152.0,3535,0.0,0.0
2020-09-17 00:00:00-04:00,154.1999969482422,154.1999969482422,147.60000610351562,149.60000610351562,10985,0.0,0.0
2020-09-18 00:00:00-04:00,165.60000610351562,189.8000030517578,152.0,158.0,41365,0.0,0.0
2020-09-21 00:00:00-04:00,158.0,183.60000610351562,158.0,182.60000610351562,9490,0.0,0.0
2020-09-22 00:00:00-04:00,183.60000610351562,183.60000610351562,162.39999389648438,172.39999389648438,3835,0.0,0.0
2020-09-23 00:00:00-04:00,173.60000610351562,180.60000610351562,170.0,177.0,2215,0.0,0.0
2020-09-24 00:00:00-04:00,175.8000030517578,175.8000030517578,162.8000030517578,170.39999389648438,3210,0.0,0.0
2020-09-25 00:00:00-04:00,168.8000030517578,172.8000030517578,165.60000610351562,172.0,850,0.0,0.0
2020-09-28 00:00:00-04:00,173.60000610351562,174.0,170.39999389648438,170.60000610351562,800,0.0,0.0
2020-09-29 00:00:00-04:00,168.39999389648438,170.0,165.60000610351562,168.60000610351562,340,0.0,0.0
2020-09-30 00:00:00-04:00,167.60000610351562,172.1999969482422,166.1999969482422,167.39999389648438,750,0.0,0.0
2020-10-01 00:00:00-04:00,166.39999389648438,169.8000030517578,165.8000030517578,169.1999969482422,765,0.0,0.0
2020-10-02 00:00:00-04:00,166.39999389648438,169.1999969482422,160.39999389648438,167.0,600,0.0,0.0
2020-10-05 00:00:00-04:00,168.1999969482422,168.1999969482422,161.60000610351562,161.8000030517578,835,0.0,0.0
2020-10-06 00:00:00-04:00,161.8000030517578,164.60000610351562,157.60000610351562,160.8000030517578,1060,0.0,0.0
2020-10-07 00:00:00-04:00,161.39999389648438,170.0,161.39999389648438,168.0,780,0.0,0.0
2020-10-08 00:00:00-04:00,162.39999389648438,169.8000030517578,162.39999389648438,167.1999969482422,1150,0.0,0.0
2020-10-09 00:00:00-04:00,167.60000610351562,168.0,161.39999389648438,166.8000030517578,575,0.0,0.0
2020-10-12 00:00:00-04:00,165.8000030517578,168.60000610351562,161.1999969482422,167.0,1060,0.0,0.0
2020-10-13 00:00:00-04:00,168.39999389648438,174.0,164.0,171.39999389648438,1140,0.0,0.0
2020-10-14 00:00:00-04:00,167.0,172.0,162.1999969482422,165.8000030517578,1370,0.0,0.0
2020-10-15 00:00:00-04:00,163.60000610351562,168.39999389648438,160.0,164.0,1225,0.0,0.0
2020-10-16 00:00:00-04:00,166.1999969482422,166.1999969482422,160.0,160.8000030517578,670,0.0,0.0
2020-10-19 00:00:00-04:00,162.8000030517578,162.8000030517578,156.0,156.1999969482422,485,0.0,0.0
2020-10-20 00:00:00-04:00,158.1999969482422,160.0,156.8000030517578,160.0,700,0.0,0.0
2020-10-21 00:00:00-04:00,159.0,159.1999969482422,153.60000610351562,155.60000610351562,395,0.0,0.0
2020-10-22 00:00:00-04:00,153.8000030517578,160.0,153.1999969482422,158.60000610351562,700,0.0,0.0
2020-10-23 00:00:00-04:00,160.8000030517578,162.8000030517578,155.0,160.60000610351562,300,0.0,0.0
2020-10-26 00:00:00-04:00,157.0,160.39999389648438,154.1999969482422,155.0,275,0.0,0.0
2020-10-27 00:00:00-04:00,157.0,157.0,151.60000610351562,154.8000030517578,530,0.0,0.0
2020-10-28 00:00:00-04:00,155.0,158.1999969482422,150.8000030517578,156.8000030517578,715,0.0,0.0
2020-10-29 00:00:00-04:00,154.1999969482422,155.60000610351562,148.8000030517578,153.0,525,0.0,0.0
2020-10-30 00:00:00-04:00,149.0,155.0,147.0,148.1999969482422,945,0.0,0.0
2020-11-02 00:00:00-05:00,145.60000610351562,151.60000610351562,145.60000610351562,149.60000610351562,370,0.0,0.0
2020-11-03 00:00:00-05:00,144.1999969482422,149.39999389648438,144.1999969482422,146.60000610351562,105,0.0,0.0
2020-11-04 00:00:00-05:00,146.8000030517578,151.8000030517578,140.60000610351562,145.0,1610,0.0,0.0
2020-11-05 00:00:00-05:00,143.1999969482422,151.60000610351562,141.0,142.1999969482422,775,0.0,0.0
2020-11-06 00:00:00-05:00,142.0,150.60000610351562,142.0,146.60000610351562,260,0.0,0.0
2020-11-09 00:00:00-05:00,148.39999389648438,148.39999389648438,133.1999969482422,134.0,2100,0.0,0.0
2020-11-10 00:00:00-05:00,134.1999969482422,142.8000030517578,134.1999969482422,140.8000030517578,555,0.0,0.0
2020-11-11 00:00:00-05:00,140.8000030517578,149.60000610351562,139.60000610351562,145.60000610351562,1215,0.0,0.0
2020-11-12 00:00:00-05:00,144.0,160.0,141.60000610351562,159.0,3075,0.0,0.0
2020-11-13 00:00:00-05:00,158.0,161.0,152.39999389648438,158.0,840,0.0,0.0
2020-11-16 00:00:00-05:00,160.8000030517578,161.0,158.0,158.0,385,0.0,0.0
2020-11-17 00:00:00-05:00,157.0,158.39999389648438,152.0,154.60000610351562,590,0.0,0.0
2020-11-18 00:00:00-05:00,131.0,139.8000030517578,131.0,136.39999389648438,5375,0.0,0.0
2020-11-19 00:00:00-05:00,136.8000030517578,137.8000030517578,130.39999389648438,133.0,1715,0.0,0.0
2020-11-20 00:00:00-05:00,132.1999969482422,133.8000030517578,130.60000610351562,132.60000610351562,8525,0.0,0.0
2020-11-23 00:00:00-05:00,151.1999969482422,151.1999969482422,135.0,144.1999969482422,7135,0.0,0.0
2020-11-24 00:00:00-05:00,140.1999969482422,144.0,134.39999389648438,136.60000610351562,1925,0.0,0.0
2020-11-25 00:00:00-05:00,134.60000610351562,139.1999969482422,134.60000610351562,138.0,900,0.0,0.0
2020-11-27 00:00:00-05:00,135.39999389648438,138.8000030517578,135.39999389648438,136.8000030517578,675,0.0,0.0
2020-11-30 00:00:00-05:00,136.60000610351562,136.8000030517578,133.60000610351562,134.8000030517578,745,0.0,0.0
2020-12-01 00:00:00-05:00,134.8000030517578,135.39999389648438,132.1999969482422,133.60000610351562,920,0.0,0.0
2020-12-02 00:00:00-05:00,133.39999389648438,134.0,131.1999969482422,134.0,1110,0.0,0.0
2020-12-03 00:00:00-05:00,132.8000030517578,135.1999969482422,131.60000610351562,135.1999969482422,770,0.0,0.0
2020-12-04 00:00:00-05:00,137.0,138.0,133.1999969482422,135.0,735,0.0,0.0
2020-12-07 00:00:00-05:00,134.1999969482422,135.0,131.0,131.1999969482422,1125,0.0,0.0
2020-12-08 00:00:00-05:00,133.0,134.0,125.0,128.0,2025,0.0,0.0
2020-12-09 00:00:00-05:00,126.80000305175781,127.19999694824219,124.19999694824219,125.0,1715,0.0,0.0
2020-12-10 00:00:00-05:00,125.0,127.19999694824219,120.0,122.5999984741211,20220,0.0,0.0
2020-12-11 00:00:00-05:00,262.20001220703125,303.79998779296875,169.1999969482422,175.1999969482422,3087230,0.0,0.0
2020-12-14 00:00:00-05:00,164.0,178.60000610351562,157.8000030517578,166.1999969482422,65160,0.0,0.0
2020-12-15 00:00:00-05:00,163.1999969482422,168.0,152.1999969482422,156.60000610351562,16955,0.0,0.0
2020-12-16 00:00:00-05:00,155.8000030517578,167.8000030517578,155.8000030517578,162.0,10110,0.0,0.0
2020-12-17 00:00:00-05:00,163.0,164.0,152.1999969482422,152.60000610351562,40690,0.0,0.0
2020-12-18 00:00:00-05:00,179.0,184.0,169.0,181.60000610351562,41085,0.0,0.0
2020-12-21 00:00:00-05:00,172.0,181.1999969482422,170.0,174.0,7845,0.0,0.0
2020-12-22 00:00:00-05:00,170.60000610351562,174.0,163.0,169.0,6825,0.0,0.0
2020-12-23 00:00:00-05:00,161.8000030517578,168.0,160.0,163.60000610351562,3375,0.0,0.0
2020-12-24 00:00:00-05:00,161.60000610351562,165.0,161.1999969482422,163.60000610351562,1455,0.0,0.0
2020-12-28 00:00:00-05:00,160.0,165.0,158.0,162.1999969482422,4775,0.0,0.0
2020-12-29 00:00:00-05:00,155.8000030517578,160.8000030517578,147.1999969482422,147.60000610351562,3755,0.0,0.0
2020-12-30 00:00:00-05:00,147.8000030517578,151.8000030517578,143.39999389648438,145.1999969482422,4255,0.0,0.0
2020-12-31 00:00:00-05:00,144.0,147.0,141.60000610351562,145.1999969482422,4910,0.0,0.0
2021-01-04 00:00:00-05:00,143.1999969482422,149.60000610351562,142.60000610351562,146.1999969482422,1895,0.0,0.0
2021-01-05 00:00:00-05:00,146.1999969482422,155.39999389648438,146.1999969482422,151.60000610351562,2680,0.0,0.0
2021-01-06 00:00:00-05:00,151.60000610351562,160.39999389648438,151.60000610351562,157.1999969482422,2540,0.0,0.0
2021-01-07 00:00:00-05:00,155.8000030517578,163.1999969482422,154.0,160.60000610351562,2990,0.0,0.0
2021-01-08 00:00:00-05:00,161.60000610351562,163.1999969482422,156.0,162.0,2185,0.0,0.0
2021-01-11 00:00:00-05:00,160.8000030517578,167.0,156.8000030517578,164.60000610351562,1140,0.0,0.0
2021-01-12 00:00:00-05:00,162.39999389648438,174.8000030517578,161.1999969482422,174.8000030517578,5260,0.0,0.0
2021-01-13 00:00:00-05:00,174.60000610351562,176.0,166.1999969482422,168.0,1975,0.0,0.0
2021-01-14 00:00:00-05:00,168.0,172.8000030517578,162.0,162.0,4325,0.0,0.0
2021-01-15 00:00:00-05:00,162.1999969482422,169.1999969482422,162.1999969482422,168.39999389648438,1805,0.0,0.0
2021-01-19 00:00:00-05:00,169.8000030517578,169.8000030517578,164.0,165.39999389648438,1495,0.0,0.0
2021-01-20 00:00:00-05:00,164.39999389648438,169.8000030517578,164.0,164.60000610351562,1270,0.0,0.0
2021-01-21 00:00:00-05:00,164.0,168.1999969482422,164.0,166.60000610351562,1525,0.0,0.0
2021-01-22 00:00:00-05:00,165.60000610351562,169.60000610351562,165.60000610351562,168.60000610351562,965,0.0,0.0
2021-01-25 00:00:00-05:00,166.60000610351562,168.60000610351562,161.39999389648438,164.60000610351562,1915,0.0,0.0
2021-01-26 00:00:00-05:00,164.60000610351562,164.60000610351562,162.0,163.39999389648438,1025,0.0,0.0
2021-01-27 00:00:00-05:00,163.39999389648438,168.60000610351562,161.60000610351562,162.1999969482422,2875,0.0,0.0
2021-01-28 00:00:00-05:00,161.1999969482422,184.1999969482422,155.1999969482422,177.8000030517578,14345,0.0,0.0
2021-01-29 00:00:00-05:00,180.1999969482422,184.0,163.60000610351562,163.60000610351562,4485,0.0,0.0
2021-02-01 00:00:00-05:00,163.8000030517578,170.0,163.8000030517578,164.39999389648438,1395,0.0,0.0
2021-02-02 00:00:00-05:00,164.0,170.0,164.0,169.60000610351562,2355,0.0,0.0
2021-02-03 00:00:00-05:00,169.0,175.0,164.1999969482422,170.60000610351562,1730,0.0,0.0
2021-02-04 00:00:00-05:00,172.0,175.60000610351562,168.8000030517578,173.0,2085,0.0,0.0
2021-02-05 00:00:00-05:00,179.60000610351562,179.60000610351562,169.1999969482422,175.0,1330,0.0,0.0
2021-02-08 00:00:00-05:00,173.39999389648438,184.0,170.1999969482422,183.0,3380,0.0,0.0
2021-02-09 00:00:00-05:00,182.0,201.39999389648438,180.39999389648438,190.8000030517578,24735,0.0,0.0
2021-02-10 00:00:00-05:00,193.60000610351562,201.8000030517578,182.39999389648438,188.0,6780,0.0,0.0
2021-02-11 00:00:00-05:00,182.0,183.1999969482422,173.1999969482422,178.0,2715,0.0,0.0
2021-02-12 00:00:00-05:00,175.8000030517578,189.0,175.8000030517578,183.39999389648438,2565,0.0,0.0
2021-02-16 00:00:00-05:00,184.39999389648438,193.0,182.1999969482422,192.8000030517578,3320,0.0,0.0
2021-02-17 00:00:00-05:00,187.1999969482422,191.0,182.1999969482422,186.0,2865,0.0,0.0
2021-02-18 00:00:00-05:00,186.39999389648438,189.39999389648438,183.1999969482422,188.39999389648438,2305,0.0,0.0
2021-02-19 00:00:00-05:00,189.60000610351562,189.60000610351562,180.60000610351562,182.0,2125,0.0,0.0
2021-02-22 00:00:00-05:00,181.39999389648438,187.8000030517578,172.39999389648438,172.39999389648438,2600,0.0,0.0
2021-02-23 00:00:00-05:00,172.39999389648438,172.60000610351562,156.1999969482422,164.60000610351562,2020,0.0,0.0
2021-02-24 00:00:00-05:00,167.1999969482422,178.60000610351562,165.0,172.0,1780,0.0,0.0
2021-02-25 00:00:00-05:00,171.0,171.39999389648438,165.0,166.1999969482422,1000,0.0,0.0
2021-02-26 00:00:00-05:00,162.0,165.0,158.0,161.0,1630,0.0,0.0
2021-03-01 00:00:00-05:00,163.0,171.1999969482422,161.39999389648438,167.1999969482422,1180,0.0,0.0
2021-03-02 00:00:00-05:00,165.0,173.60000610351562,163.0,163.0,1560,0.0,0.0
2021-03-03 00:00:00-05:00,165.0,170.60000610351562,154.39999389648438,158.0,1275,0.0,0.0
2021-03-04 00:00:00-05:00,155.60000610351562,156.0,132.8000030517578,136.1999969482422,3975,0.0,0.0
2021-03-05 00:00:00-05:00,135.60000610351562,146.0,133.0,143.0,2395,0.0,0.0
2021-03-08 00:00:00-05:00,145.0,150.0,143.0,143.0,980,0.0,0.0
2021-03-09 00:00:00-05:00,147.39999389648438,150.8000030517578,146.0,150.8000030517578,865,0.0,0.0
2021-03-10 00:00:00-05:00,151.0,153.8000030517578,151.0,152.0,520,0.0,0.0
2021-03-11 00:00:00-05:00,152.39999389648438,157.60000610351562,152.0,154.8000030517578,575,0.0,0.0
2021-03-12 00:00:00-05:00,152.8000030517578,152.8000030517578,147.1999969482422,147.1999969482422,740,0.0,0.0
2021-03-15 00:00:00-04:00,149.39999389648438,154.0,147.1999969482422,150.39999389648438,850,0.0,0.0
2021-03-16 00:00:00-04:00,151.39999389648438,154.60000610351562,149.60000610351562,150.8000030517578,1980,0.0,0.0
2021-03-17 00:00:00-04:00,149.39999389648438,158.0,145.0,151.39999389648438,1565,0.0,0.0
2021-03-18 00:00:00-04:00,152.1999969482422,157.8000030517578,148.0,148.0,1050,0.0,0.0
2021-03-19 00:00:00-04:00,148.60000610351562,157.8000030517578,148.1999969482422,152.8000030517578,1190,0.0,0.0
2021-03-22 00:00:00-04:00,155.0,157.39999389648438,147.60000610351562,147.60000610351562,820,0.0,0.0
2021-03-23 00:00:00-04:00,152.39999389648438,152.8000030517578,141.60000610351562,142.0,1355,0.0,0.0
2021-03-24 00:00:00-04:00,144.0,144.0,137.0,137.1999969482422,2090,0.0,0.0
2021-03-25 00:00:00-04:00,137.0,140.0,132.39999389648438,138.0,1065,0.0,0.0
2021-03-26 00:00:00-04:00,138.8000030517578,139.8000030517578,136.0,139.60000610351562,580,0.0,0.0
2021-03-29 00:00:00-04:00,137.8000030517578,141.8000030517578,136.1999969482422,136.60000610351562,455,0.0,0.0
2021-03-30 00:00:00-04:00,136.60000610351562,139.60000610351562,136.60000610351562,137.0,165,0.0,0.0
2021-03-31 00:00:00-04:00,140.0,150.60000610351562,138.60000610351562,148.60000610351562,21015,0.0,0.0
2021-04-01 00:00:00-04:00,187.8000030517578,197.8000030517578,164.0,176.0,765230,0.0,0.0
2021-04-05 00:00:00-04:00,160.0,177.60000610351562,156.60000610351562,177.60000610351562,23205,0.0,0.0
2021-04-06 00:00:00-04:00,174.8000030517578,177.60000610351562,165.1999969482422,176.60000610351562,5925,0.0,0.0
2021-04-07 00:00:00-04:00,173.1999969482422,173.1999969482422,163.0,163.1999969482422,3610,0.0,0.0
2021-04-08 00:00:00-04:00,165.1999969482422,179.60000610351562,161.0,172.0,3470,0.0,0.0
2021-04-09 00:00:00-04:00,173.60000610351562,175.8000030517578,167.0,171.8000030517578,3700,0.0,0.0
2021-04-12 00:00:00-04:00,167.8000030517578,171.1999969482422,161.39999389648438,162.0,1495,0.0,0.0
2021-04-13 00:00:00-04:00,162.0,165.0,158.39999389648438,162.0,860,0.0,0.0
2021-04-14 00:00:00-04:00,161.1999969482422,168.39999389648438,159.1999969482422,166.1999969482422,2395,0.0,0.0
2021-04-15 00:00:00-04:00,168.39999389648438,169.0,160.0,160.0,830,0.0,0.0
2021-04-16 00:00:00-04:00,159.8000030517578,175.8000030517578,155.0,175.0,3325,0.0,0.0
2021-04-19 00:00:00-04:00,173.0,174.8000030517578,158.0,166.1999969482422,1180,0.0,0.0
2021-04-20 00:00:00-04:00,164.0,165.60000610351562,157.1999969482422,160.60000610351562,520,0.0,0.0
2021-04-21 00:00:00-04:00,159.60000610351562,162.1999969482422,159.1999969482422,160.1999969482422,430,0.0,0.0
2021-04-22 00:00:00-04:00,160.8000030517578,167.0,160.8000030517578,162.39999389648438,605,0.0,0.0
2021-04-23 00:00:00-04:00,161.8000030517578,163.39999389648438,157.39999389648438,161.0,1025,0.0,0.0
2021-04-26 00:00:00-04:00,160.0,161.1999969482422,157.1999969482422,159.0,1185,0.0,0.0
2021-04-27 00:00:00-04:00,159.8000030517578,160.60000610351562,157.0,158.60000610351562,570,0.0,0.0
2021-04-28 00:00:00-04:00,156.8000030517578,166.0,156.8000030517578,157.60000610351562,1100,0.0,0.0
2021-04-29 00:00:00-04:00,156.1999969482422,158.60000610351562,152.39999389648438,154.0,1445,0.0,0.0
2021-04-30 00:00:00-04:00,152.8000030517578,157.60000610351562,152.8000030517578,155.0,545,0.0,0.0
2021-05-03 00:00:00-04:00,155.0,186.0,152.39999389648438,183.0,47785,0.0,0.0
2021-05-04 00:00:00-04:00,169.1999969482422,171.8000030517578,153.1999969482422,157.1999969482422,12355,0.0,0.0
2021-05-05 00:00:00-04:00,156.1999969482422,158.0,153.0,155.60000610351562,1165,0.0,0.0
2021-05-06 00:00:00-04:00,156.60000610351562,156.60000610351562,143.1999969482422,144.0,2245,0.0,0.0
2021-05-07 00:00:00-04:00,145.60000610351562,154.0,145.60000610351562,148.8000030517578,1645,0.0,0.0
2021-05-10 00:00:00-04:00,152.0,152.0,144.1999969482422,147.0,930,0.0,0.0
2021-05-11 00:00:00-04:00,144.0,153.1999969482422,143.8000030517578,153.0,1010,0.0,0.0
2021-05-12 00:00:00-04:00,148.39999389648438,153.0,146.60000610351562,147.1999969482422,740,0.0,0.0
2021-05-13 00:00:00-04:00,147.39999389648438,150.0,142.0,142.39999389648438,795,0.0,0.0
2021-05-14 00:00:00-04:00,144.39999389648438,151.8000030517578,142.60000610351562,142.60000610351562,565,0.0,0.0
2021-05-17 00:00:00-04:00,142.1999969482422,151.1999969482422,142.0,149.8000030517578,735,0.0,0.0
2021-05-18 00:00:00-04:00,149.1999969482422,151.1999969482422,148.39999389648438,148.39999389648438,580,0.0,0.0
2021-05-19 00:00:00-04:00,146.8000030517578,148.0,145.39999389648438,147.39999389648438,410,0.0,0.0
2021-05-20 00:00:00-04:00,148.39999389648438,149.1999969482422,145.8000030517578,147.0,235,0.0,0.0
2021-05-21 00:00:00-04:00,147.60000610351562,150.1999969482422,145.60000610351562,150.1999969482422,715,0.0,0.0
2021-05-24 00:00:00-04:00,148.60000610351562,151.1999969482422,148.60000610351562,149.8000030517578,300,0.0,0.0
2021-05-25 00:00:00-04:00,152.39999389648438,152.8000030517578,147.60000610351562,151.60000610351562,440,0.0,0.0
2021-05-26 00:00:00-04:00,150.60000610351562,156.39999389648438,150.60000610351562,155.0,1815,0.0,0.0
2021-05-27 00:00:00-04:00,158.0,158.0,153.0,153.0,650,0.0,0.0
2021-05-28 00:00:00-04:00,152.8000030517578,154.1999969482422,152.39999389648438,152.8000030517578,635,0.0,0.0
2021-06-01 00:00:00-04:00,152.1999969482422,156.8000030517578,150.39999389648438,154.39999389648438,505,0.0,0.0
2021-06-02 00:00:00-04:00,156.0,156.0,152.0,154.60000610351562,955,0.0,0.0
2021-06-03 00:00:00-04:00,156.0,158.60000610351562,152.0,155.60000610351562,590,0.0,0.0
2021-06-04 00:00:00-04:00,158.0,158.0,150.39999389648438,155.39999389648438,1190,0.0,0.0
2021-06-07 00:00:00-04:00,154.0,157.39999389648438,152.1999969482422,156.39999389648438,505,0.0,0.0
2021-06-08 00:00:00-04:00,154.1999969482422,156.8000030517578,151.60000610351562,154.0,835,0.0,0.0
2021-06-09 00:00:00-04:00,154.8000030517578,157.60000610351562,153.39999389648438,155.60000610351562,1190,0.0,0.0
2021-06-10 00:00:00-04:00,155.39999389648438,165.39999389648438,152.8000030517578,159.39999389648438,3995,0.0,0.0
2021-06-11 00:00:00-04:00,162.1999969482422,162.39999389648438,158.39999389648438,159.0,285,0.0,0.0
2021-06-14 00:00:00-04:00,162.0,163.8000030517578,158.1999969482422,160.8000030517578,820,0.0,0.0
2021-06-15 00:00:00-04:00,160.60000610351562,160.60000610351562,156.0,157.60000610351562,365,0.0,0.0
2021-06-16 00:00:00-04:00,156.39999389648438,157.1999969482422,154.0,155.60000610351562,525,0.0,0.0
2021-06-17 00:00:00-04:00,156.8000030517578,160.0,154.8000030517578,156.39999389648438,535,0.0,0.0
2021-06-18 00:00:00-04:00,156.60000610351562,157.0,151.8000030517578,153.0,325,0.0,0.0
2021-06-21 00:00:00-04:00,149.39999389648438,154.60000610351562,147.39999389648438,152.39999389648438,750,0.0,0.0
2021-06-22 00:00:00-04:00,153.39999389648438,153.39999389648438,150.0,150.0,310,0.0,0.0
2021-06-23 00:00:00-04:00,149.0,154.0,149.0,154.0,165,0.0,0.0
2021-06-24 00:00:00-04:00,153.1999969482422,154.0,150.0,153.1999969482422,1075,0.0,0.0
2021-06-25 00:00:00-04:00,154.39999389648438,157.8000030517578,150.1999969482422,154.39999389648438,190,0.0,0.0
2021-06-28 00:00:00-04:00,155.8000030517578,163.1999969482422,152.8000030517578,155.1999969482422,450,0.0,0.0
2021-06-29 00:00:00-04:00,156.1999969482422,156.1999969482422,152.0,152.0,155,0.0,0.0
2021-06-30 00:00:00-04:00,151.0,152.1999969482422,146.0,146.8000030517578,920,0.0,0.0
2021-07-01 00:00:00-04:00,148.8000030517578,151.8000030517578,141.1999969482422,146.8000030517578,1085,0.0,0.0
2021-07-02 00:00:00-04:00,148.1999969482422,149.60000610351562,142.8000030517578,145.1999969482422,400,0.0,0.0
2021-07-06 00:00:00-04:00,145.39999389648438,148.60000610351562,141.39999389648438,141.60000610351562,555,0.0,0.0
2021-07-07 00:00:00-04:00,142.60000610351562,144.60000610351562,141.1999969482422,141.60000610351562,465,0.0,0.0
2021-07-08 00:00:00-04:00,141.39999389648438,143.8000030517578,140.0,142.1999969482422,1215,0.0,0.0
2021-07-09 00:00:00-04:00,142.1999969482422,150.0,138.1999969482422,145.39999389648438,1390,0.0,0.0
2021-07-12 00:00:00-04:00,145.39999389648438,145.60000610351562,142.1999969482422,142.1999969482422,165,0.0,0.0
2021-07-13 00:00:00-04:00,142.39999389648438,194.60000610351562,141.60000610351562,177.8000030517578,55365,0.0,0.0
2021-07-14 00:00:00-04:00,170.39999389648438,173.8000030517578,144.1999969482422,153.60000610351562,16145,0.0,0.0
2021-07-15 00:00:00-04:00,146.39999389648438,151.8000030517578,115.0,127.4000015258789,24145,0.0,0.0
2021-07-16 00:00:00-04:00,124.19999694824219,127.19999694824219,122.0,123.0,3050,0.0,0.0
2021-07-19 00:00:00-04:00,119.4000015258789,127.5999984741211,108.0,118.19999694824219,12660,0.0,0.0
2021-07-20 00:00:00-04:00,115.80000305175781,124.80000305175781,107.19999694824219,121.19999694824219,9920,0.0,0.0
2021-07-21 00:00:00-04:00,125.5999984741211,133.1999969482422,123.0,128.8000030517578,7655,0.0,0.0
2021-07-22 00:00:00-04:00,126.19999694824219,129.39999389648438,125.19999694824219,126.5999984741211,2320,0.0,0.0
2021-07-23 00:00:00-04:00,129.0,137.60000610351562,125.0,134.0,6010,0.0,0.0
2021-07-26 00:00:00-04:00,135.0,135.0,121.80000305175781,125.5999984741211,3050,0.0,0.0
2021-07-27 00:00:00-04:00,124.80000305175781,128.39999389648438,122.0,123.0,875,0.0,0.0
2021-07-28 00:00:00-04:00,122.80000305175781,137.8000030517578,122.80000305175781,130.60000610351562,6115,0.0,0.0
2021-07-29 00:00:00-04:00,132.8000030517578,139.8000030517578,130.8000030517578,132.39999389648438,3425,0.0,0.0
2021-07-30 00:00:00-04:00,130.0,137.60000610351562,127.0,134.1999969482422,2720,0.0,0.0
2021-08-02 00:00:00-04:00,135.8000030517578,150.0,120.80000305175781,129.0,100295,0.0,0.0
2021-08-03 00:00:00-04:00,127.80000305175781,127.80000305175781,115.19999694824219,120.19999694824219,14905,0.0,0.0
2021-08-04 00:00:00-04:00,120.19999694824219,122.4000015258789,115.4000015258789,118.0,3045,0.0,0.0
2021-08-05 00:00:00-04:00,117.19999694824219,122.4000015258789,115.4000015258789,117.4000015258789,1995,0.0,0.0
2021-08-06 00:00:00-04:00,117.0,118.19999694824219,111.19999694824219,114.5999984741211,2850,0.0,0.0
2021-08-09 00:00:00-04:00,114.5999984741211,117.4000015258789,112.0,115.4000015258789,1560,0.0,0.0
2021-08-10 00:00:00-04:00,117.80000305175781,127.80000305175781,115.5999984741211,124.4000015258789,11840,0.0,0.0
2021-08-11 00:00:00-04:00,122.19999694824219,123.5999984741211,115.0,117.19999694824219,3350,0.0,0.0
2021-08-12 00:00:00-04:00,118.19999694824219,120.80000305175781,112.19999694824219,115.4000015258789,5240,0.0,0.0
2021-08-13 00:00:00-04:00,116.5999984741211,118.5999984741211,110.4000015258789,115.4000015258789,3825,0.0,0.0
2021-08-16 00:00:00-04:00,114.80000305175781,116.4000015258789,109.0,114.4000015258789,2630,0.0,0.0
2021-08-17 00:00:00-04:00,110.19999694824219,112.19999694824219,104.80000305175781,107.0,8360,0.0,0.0
2021-08-18 00:00:00-04:00,107.5999984741211,113.5999984741211,105.19999694824219,108.19999694824219,4325,0.0,0.0
2021-08-19 00:00:00-04:00,221.8000030517578,267.20001220703125,162.39999389648438,163.0,5983945,0.0,0.0
2021-08-20 00:00:00-04:00,146.1999969482422,155.0,120.0,124.0,207225,0.0,0.0
2021-08-23 00:00:00-04:00,123.0,132.8000030517578,116.5999984741211,120.4000015258789,63405,0.0,0.0
2021-08-24 00:00:00-04:00,117.0,122.0,116.0,118.5999984741211,24540,0.0,0.0
2021-08-25 00:00:00-04:00,119.19999694824219,127.19999694824219,118.19999694824219,119.0,42885,0.0,0.0
2021-08-26 00:00:00-04:00,118.5999984741211,119.80000305175781,111.80000305175781,115.80000305175781,21845,0.0,0.0
2021-08-27 00:00:00-04:00,115.80000305175781,125.80000305175781,115.80000305175781,119.80000305175781,25805,0.0,0.0
2021-08-30 00:00:00-04:00,119.80000305175781,124.5999984741211,116.80000305175781,118.19999694824219,12970,0.0,0.0
2021-08-31 00:00:00-04:00,117.19999694824219,129.60000610351562,116.80000305175781,126.80000305175781,61655,0.0,0.0
2021-09-01 00:00:00-04:00,124.4000015258789,133.0,122.4000015258789,125.0,21565,0.0,0.0
2021-09-02 00:00:00-04:00,125.4000015258789,128.1999969482422,122.4000015258789,123.0,8985,0.0,0.0
2021-09-03 00:00:00-04:00,122.80000305175781,123.80000305175781,118.4000015258789,119.19999694824219,10110,0.0,0.0
2021-09-07 00:00:00-04:00,119.19999694824219,121.4000015258789,117.0,119.0,6405,0.0,0.0
2021-09-08 00:00:00-04:00,118.0,119.0,109.19999694824219,111.4000015258789,18330,0.0,0.0
2021-09-09 00:00:00-04:00,110.5999984741211,114.80000305175781,110.5999984741211,111.4000015258789,8805,0.0,0.0
2021-09-10 00:00:00-04:00,112.0,114.19999694824219,109.80000305175781,111.4000015258789,5765,0.0,0.0
2021-09-13 00:00:00-04:00,111.80000305175781,115.5999984741211,109.19999694824219,111.4000015258789,14035,0.0,0.0
2021-09-14 00:00:00-04:00,110.0,112.4000015258789,105.4000015258789,107.80000305175781,9475,0.0,0.0
2021-09-15 00:00:00-04:00,106.5999984741211,109.5999984741211,104.4000015258789,105.4000015258789,7580,0.0,0.0
2021-09-16 00:00:00-04:00,104.80000305175781,107.0,103.5999984741211,106.19999694824219,3980,0.0,0.0
2021-09-17 00:00:00-04:00,104.19999694824219,108.0,104.19999694824219,107.0,3255,0.0,0.0
2021-09-20 00:00:00-04:00,104.0,106.4000015258789,103.0,104.5999984741211,4700,0.0,0.0
2021-09-21 00:00:00-04:00,104.19999694824219,109.0,103.5999984741211,107.0,8035,0.0,0.0
2021-09-22 00:00:00-04:00,108.0,110.80000305175781,107.0,110.0,5380,0.0,0.0
2021-09-23 00:00:00-04:00,110.0,112.19999694824219,108.0,108.4000015258789,4285,0.0,0.0
2021-09-24 00:00:00-04:00,108.5999984741211,108.80000305175781,105.80000305175781,107.0,4060,0.0,0.0
2021-09-27 00:00:00-04:00,107.80000305175781,108.4000015258789,104.0,107.0,3050,0.0,0.0
2021-09-28 00:00:00-04:00,171.1999969482422,175.1999969482422,135.1999969482422,139.8000030517578,2022580,0.0,0.0
2021-09-29 00:00:00-04:00,135.1999969482422,135.1999969482422,117.5999984741211,123.0,104515,0.0,0.0
2021-09-30 00:00:00-04:00,118.4000015258789,121.0,111.5999984741211,111.5999984741211,30335,0.0,0.0
2021-10-01 00:00:00-04:00,112.5999984741211,117.4000015258789,109.19999694824219,113.4000015258789,27710,0.0,0.0
2021-10-04 00:00:00-04:00,115.0,115.19999694824219,107.0,108.4000015258789,18365,0.0,0.0
2021-10-05 00:00:00-04:00,107.5999984741211,113.4000015258789,106.4000015258789,109.0,23020,0.0,0.0
2021-10-06 00:00:00-04:00,106.19999694824219,109.19999694824219,105.0,105.5999984741211,8790,0.0,0.0
2021-10-07 00:00:00-04:00,107.0,111.5999984741211,104.19999694824219,109.19999694824219,18955,0.0,0.0
2021-10-08 00:00:00-04:00,107.5999984741211,110.0,106.4000015258789,108.80000305175781,11180,0.0,0.0
2021-10-11 00:00:00-04:00,110.0,112.4000015258789,107.4000015258789,108.80000305175781,5450,0.0,0.0
2021-10-12 00:00:00-04:00,108.4000015258789,113.4000015258789,108.19999694824219,112.0,6320,0.0,0.0
2021-10-13 00:00:00-04:00,112.0,118.80000305175781,112.0,117.19999694824219,25410,0.0,0.0
2021-10-14 00:00:00-04:00,118.19999694824219,125.4000015258789,114.4000015258789,118.80000305175781,19855,0.0,0.0
2021-10-15 00:00:00-04:00,141.60000610351562,144.0,120.5999984741211,125.4000015258789,1134045,0.0,0.0
2021-10-18 00:00:00-04:00,121.5999984741211,122.19999694824219,114.80000305175781,116.5999984741211,33600,0.0,0.0
2021-10-19 00:00:00-04:00,116.19999694824219,119.0,110.19999694824219,113.4000015258789,19750,0.0,0.0
2021-10-20 00:00:00-04:00,112.5999984741211,118.80000305175781,111.80000305175781,116.4000015258789,10670,0.0,0.0
2021-10-21 00:00:00-04:00,114.4000015258789,117.0,113.0,114.0,12670,0.0,0.0
2021-10-22 00:00:00-04:00,113.5999984741211,114.0,108.19999694824219,111.4000015258789,18010,0.0,0.0
2021-10-25 00:00:00-04:00,112.5999984741211,117.5999984741211,112.5999984741211,114.5999984741211,17680,0.0,0.0
2021-10-26 00:00:00-04:00,116.0,124.0,114.5999984741211,122.19999694824219,42915,0.0,0.0
2021-10-27 00:00:00-04:00,120.19999694824219,124.80000305175781,115.4000015258789,121.0,29255,0.0,0.0
2021-10-28 00:00:00-04:00,122.19999694824219,122.5999984741211,116.0,117.80000305175781,16055,0.0,0.0
2021-10-29 00:00:00-04:00,116.19999694824219,117.19999694824219,115.0,116.0,8105,0.0,0.0
2021-11-01 00:00:00-04:00,118.5999984741211,121.4000015258789,116.0,120.5999984741211,10420,0.0,0.0
2021-11-02 00:00:00-04:00,120.0,120.5999984741211,117.19999694824219,118.4000015258789,5425,0.0,0.0
2021-11-03 00:00:00-04:00,117.5999984741211,123.5999984741211,117.19999694824219,119.80000305175781,13210,0.0,0.0
2021-11-04 00:00:00-04:00,119.80000305175781,122.5999984741211,116.19999694824219,117.19999694824219,11495,0.0,0.0
2021-11-05 00:00:00-04:00,116.4000015258789,119.80000305175781,115.19999694824219,117.19999694824219,4185,0.0,0.0
2021-11-08 00:00:00-05:00,117.19999694824219,118.0,115.19999694824219,116.0,4395,0.0,0.0
2021-11-09 00:00:00-05:00,126.80000305175781,134.8000030517578,108.4000015258789,114.4000015258789,273045,0.0,0.0
2021-11-10 00:00:00-05:00,112.0,117.5999984741211,109.0,110.5999984741211,27795,0.0,0.0
2021-11-11 00:00:00-05:00,110.0,114.19999694824219,109.5999984741211,114.19999694824219,7885,0.0,0.0
2021-11-12 00:00:00-05:00,113.19999694824219,117.19999694824219,112.19999694824219,115.5999984741211,6240,0.0,0.0
2021-11-15 00:00:00-05:00,113.0,114.0,109.80000305175781,112.0,8920,0.0,0.0
2021-11-16 00:00:00-05:00,111.19999694824219,111.5999984741211,107.80000305175781,109.80000305175781,6940,0.0,0.0
2021-11-17 00:00:00-05:00,107.80000305175781,108.80000305175781,105.4000015258789,108.80000305175781,6035,0.0,0.0
2021-11-18 00:00:00-05:00,108.19999694824219,110.0,104.19999694824219,108.0,8555,0.0,0.0
2021-11-19 00:00:00-05:00,106.5999984741211,110.80000305175781,105.5999984741211,110.4000015258789,5930,0.0,0.0
2021-11-22 00:00:00-05:00,110.19999694824219,110.19999694824219,104.4000015258789,105.4000015258789,8115,0.0,0.0
2021-11-23 00:00:00-05:00,104.19999694824219,108.19999694824219,100.4000015258789,107.0,10965,0.0,0.0
2021-11-24 00:00:00-05:00,105.4000015258789,108.80000305175781,101.80000305175781,106.5999984741211,4695,0.0,0.0
2021-11-26 00:00:00-05:00,103.4000015258789,111.19999694824219,103.4000015258789,109.80000305175781,12440,0.0,0.0
2021-11-29 00:00:00-05:00,110.0,110.19999694824219,105.5999984741211,108.0,8025,0.0,0.0
2021-11-30 00:00:00-05:00,107.4000015258789,109.80000305175781,102.19999694824219,106.0,6765,0.0,0.0
2021-12-01 00:00:00-05:00,107.0,107.4000015258789,96.5999984741211,97.19999694824219,11560,0.0,0.0
2021-12-02 00:00:00-05:00,96.4000015258789,97.80000305175781,92.5999984741211,93.5999984741211,8670,0.0,0.0
2021-12-03 00:00:00-05:00,92.80000305175781,94.19999694824219,86.0,86.4000015258789,6225,0.0,0.0
2021-12-06 00:00:00-05:00,86.5999984741211,92.80000305175781,84.0,91.4000015258789,9755,0.0,0.0
2021-12-07 00:00:00-05:00,92.0,98.80000305175781,92.0,96.80000305175781,4955,0.0,0.0
2021-12-08 00:00:00-05:00,97.19999694824219,102.4000015258789,96.4000015258789,99.5999984741211,3910,0.0,0.0
2021-12-09 00:00:00-05:00,98.19999694824219,102.19999694824219,96.0,99.4000015258789,2465,0.0,0.0
2021-12-10 00:00:00-05:00,97.80000305175781,98.80000305175781,94.5999984741211,96.4000015258789,2385,0.0,0.0
2021-12-13 00:00:00-05:00,96.19999694824219,100.0,92.80000305175781,97.4000015258789,2180,0.0,0.0
2021-12-14 00:00:00-05:00,95.80000305175781,96.80000305175781,93.0,93.0,1080,0.0,0.0
2021-12-15 00:00:00-05:00,92.5999984741211,95.0,88.5999984741211,94.0,2360,0.0,0.0
2021-12-16 00:00:00-05:00,94.0,97.5999984741211,90.4000015258789,93.4000015258789,2565,0.0,0.0
2021-12-17 00:00:00-05:00,92.0,96.5999984741211,90.19999694824219,96.19999694824219,3685,0.0,0.0
2021-12-20 00:00:00-05:00,95.4000015258789,97.5999984741211,93.5999984741211,94.80000305175781,2585,0.0,0.0
2021-12-21 00:00:00-05:00,94.80000305175781,99.80000305175781,93.19999694824219,96.0,2770,0.0,0.0
2021-12-22 00:00:00-05:00,96.80000305175781,100.0,95.0,98.5999984741211,1885,0.0,0.0
2021-12-23 00:00:00-05:00,98.0,99.0,95.80000305175781,97.0,1405,0.0,0.0
2021-12-27 00:00:00-05:00,96.5999984741211,99.5999984741211,95.80000305175781,96.0,1460,0.0,0.0
2021-12-28 00:00:00-05:00,95.4000015258789,99.0,91.80000305175781,92.5999984741211,1680,0.0,0.0
2021-12-29 00:00:00-05:00,92.0,94.4000015258789,89.4000015258789,91.19999694824219,1575,0.0,0.0
2021-12-30 00:00:00-05:00,89.0,96.80000305175781,88.80000305175781,94.0,4065,0.0,0.0
2021-12-31 00:00:00-05:00,93.19999694824219,95.19999694824219,89.5999984741211,91.19999694824219,3995,0.0,0.0
2022-01-03 00:00:00-05:00,91.19999694824219,97.0,90.19999694824219,96.80000305175781,1455,0.0,0.0
2022-01-04 00:00:00-05:00,96.19999694824219,97.0,94.19999694824219,96.0,730,0.0,0.0
2022-01-05 00:00:00-05:00,96.4000015258789,97.0,89.80000305175781,92.0,1055,0.0,0.0
2022-01-06 00:00:00-05:00,91.4000015258789,92.80000305175781,88.19999694824219,92.5999984741211,1110,0.0,0.0
2022-01-07 00:00:00-05:00,91.5999984741211,92.5999984741211,88.4000015258789,89.4000015258789,840,0.0,0.0
2022-01-10 00:00:00-05:00,89.4000015258789,90.5999984741211,84.80000305175781,87.5999984741211,2630,0.0,0.0
2022-01-11 00:00:00-05:00,88.0,92.19999694824219,88.0,91.0,1460,0.0,0.0
2022-01-12 00:00:00-05:00,91.19999694824219,94.19999694824219,89.5999984741211,93.80000305175781,1650,0.0,0.0
2022-01-13 00:00:00-05:00,94.0,94.80000305175781,90.5999984741211,92.80000305175781,915,0.0,0.0
2022-01-14 00:00:00-05:00,91.5999984741211,93.80000305175781,89.4000015258789,92.0,1310,0.0,0.0
2022-01-18 00:00:00-05:00,90.0,91.80000305175781,87.5999984741211,89.5999984741211,1525,0.0,0.0
2022-01-19 00:00:00-05:00,89.19999694824219,89.5999984741211,85.4000015258789,87.0,1715,0.0,0.0
2022-01-20 00:00:00-05:00,88.5999984741211,88.80000305175781,85.0,85.0,13770,0.0,0.0
2022-01-21 00:00:00-05:00,76.0,82.19999694824219,73.5999984741211,76.19999694824219,15035,0.0,0.0
2022-01-24 00:00:00-05:00,73.19999694824219,76.80000305175781,65.5999984741211,75.5999984741211,4030,0.0,0.0
2022-01-25 00:00:00-05:00,74.19999694824219,74.5999984741211,71.0,74.0,555,0.0,0.0
2022-01-26 00:00:00-05:00,73.80000305175781,76.80000305175781,70.5999984741211,71.80000305175781,1525,0.0,0.0
2022-01-27 00:00:00-05:00,72.0,78.4000015258789,69.19999694824219,72.19999694824219,775,0.0,0.0
2022-01-28 00:00:00-05:00,72.5999984741211,76.0,71.80000305175781,72.19999694824219,1055,0.0,0.0
2022-01-31 00:00:00-05:00,71.80000305175781,76.80000305175781,71.80000305175781,75.80000305175781,1365,0.0,0.0
2022-02-01 00:00:00-05:00,76.0,76.5999984741211,74.4000015258789,75.80000305175781,1610,0.0,0.0
2022-02-02 00:00:00-05:00,76.19999694824219,76.19999694824219,73.0,74.5999984741211,465,0.0,0.0
2022-02-03 00:00:00-05:00,73.19999694824219,79.4000015258789,73.19999694824219,78.4000015258789,2030,0.0,0.0
2022-02-04 00:00:00-05:00,77.80000305175781,78.4000015258789,76.0,78.4000015258789,445,0.0,0.0
2022-02-07 00:00:00-05:00,77.19999694824219,78.19999694824219,76.19999694824219,77.19999694824219,610,0.0,0.0
2022-02-08 00:00:00-05:00,77.5999984741211,79.0,77.0,78.80000305175781,890,0.0,0.0
2022-02-09 00:00:00-05:00,79.4000015258789,80.5999984741211,75.5999984741211,75.80000305175781,1435,0.0,0.0
2022-02-10 00:00:00-05:00,76.19999694824219,76.19999694824219,75.4000015258789,76.0,235,0.0,0.0
2022-02-11 00:00:00-05:00,76.80000305175781,80.0,74.4000015258789,75.4000015258789,600,0.0,0.0
2022-02-14 00:00:00-05:00,76.0,76.0,70.19999694824219,70.19999694824219,1265,0.0,0.0
2022-02-15 00:00:00-05:00,70.19999694824219,72.19999694824219,68.0,70.19999694824219,3775,0.0,0.0
2022-02-16 00:00:00-05:00,70.0,72.0,67.19999694824219,71.80000305175781,2235,0.0,0.0
2022-02-17 00:00:00-05:00,71.5999984741211,71.5999984741211,67.80000305175781,69.0,865,0.0,0.0
2022-02-18 00:00:00-05:00,68.0,68.80000305175781,67.4000015258789,68.5999984741211,795,0.0,0.0
2022-02-22 00:00:00-05:00,65.80000305175781,68.5999984741211,62.20000076293945,62.400001525878906,2160,0.0,0.0
2022-02-23 00:00:00-05:00,64.4000015258789,66.4000015258789,62.599998474121094,63.599998474121094,1030,0.0,0.0
2022-02-24 00:00:00-05:00,60.400001525878906,63.0,58.0,61.400001525878906,2095,0.0,0.0
2022-02-25 00:00:00-05:00,63.400001525878906,64.0,60.400001525878906,62.20000076293945,595,0.0,0.0
2022-02-28 00:00:00-05:00,61.79999923706055,63.79999923706055,61.599998474121094,63.599998474121094,970,0.0,0.0
2022-03-01 00:00:00-05:00,62.79999923706055,63.79999923706055,60.79999923706055,61.0,560,0.0,0.0
2022-03-02 00:00:00-05:00,61.20000076293945,64.0,61.20000076293945,63.20000076293945,635,0.0,0.0
2022-03-03 00:00:00-05:00,64.0,64.19999694824219,58.0,58.599998474121094,1755,0.0,0.0
2022-03-04 00:00:00-05:00,58.0,61.0,57.0,59.0,1460,0.0,0.0
2022-03-07 00:00:00-05:00,60.20000076293945,60.20000076293945,53.0,53.0,2020,0.0,0.0
2022-03-08 00:00:00-05:00,51.79999923706055,57.599998474121094,51.0,57.0,3085,0.0,0.0
2022-03-09 00:00:00-05:00,57.0,60.20000076293945,57.0,59.599998474121094,1595,0.0,0.0
2022-03-10 00:00:00-05:00,58.599998474121094,61.599998474121094,58.599998474121094,61.20000076293945,865,0.0,0.0
2022-03-11 00:00:00-05:00,61.400001525878906,63.599998474121094,56.0,57.599998474121094,1685,0.0,0.0
2022-03-14 00:00:00-04:00,57.400001525878906,57.79999923706055,52.400001525878906,53.400001525878906,1640,0.0,0.0
2022-03-15 00:00:00-04:00,52.400001525878906,57.79999923706055,51.0,56.0,1350,0.0,0.0
2022-03-16 00:00:00-04:00,58.0,61.400001525878906,55.0,59.20000076293945,2090,0.0,0.0
2022-03-17 00:00:00-04:00,59.599998474121094,61.79999923706055,57.400001525878906,61.20000076293945,1965,0.0,0.0
2022-03-18 00:00:00-04:00,60.400001525878906,63.599998474121094,60.400001525878906,62.0,1045,0.0,0.0
2022-03-21 00:00:00-04:00,59.0,61.400001525878906,56.400001525878906,59.79999923706055,2075,0.0,0.0
2022-03-22 00:00:00-04:00,59.79999923706055,63.79999923706055,58.20000076293945,59.79999923706055,2785,0.0,0.0
2022-03-23 00:00:00-04:00,59.0,64.80000305175781,59.0,63.599998474121094,1145,0.0,0.0
2022-03-24 00:00:00-04:00,65.80000305175781,67.5999984741211,63.79999923706055,66.19999694824219,2010,0.0,0.0
2022-03-25 00:00:00-04:00,65.0,67.19999694824219,64.19999694824219,66.5999984741211,750,0.0,0.0
2022-03-28 00:00:00-04:00,66.5999984741211,67.0,63.0,65.19999694824219,1435,0.0,0.0
2022-03-29 00:00:00-04:00,64.0,68.19999694824219,64.0,67.19999694824219,2030,0.0,0.0
2022-03-30 00:00:00-04:00,81.4000015258789,82.80000305175781,69.19999694824219,76.19999694824219,293385,0.0,0.0
2022-03-31 00:00:00-04:00,73.5999984741211,80.19999694824219,72.19999694824219,80.19999694824219,36020,0.0,0.0
2022-04-01 00:00:00-04:00,79.19999694824219,79.80000305175781,72.0,73.4000015258789,8630,0.0,0.0
2022-04-04 00:00:00-04:00,73.19999694824219,74.4000015258789,68.5999984741211,71.4000015258789,7555,0.0,0.0
2022-04-05 00:00:00-04:00,71.4000015258789,71.4000015258789,65.4000015258789,67.19999694824219,3975,0.0,0.0
2022-04-06 00:00:00-04:00,66.0,69.19999694824219,64.19999694824219,69.19999694824219,1470,0.0,0.0
2022-04-07 00:00:00-04:00,69.0,69.0,65.19999694824219,67.80000305175781,655,0.0,0.0
2022-04-08 00:00:00-04:00,66.0,69.5999984741211,64.0,67.5999984741211,3325,0.0,0.0
2022-04-11 00:00:00-04:00,67.5999984741211,67.5999984741211,61.400001525878906,63.0,2840,0.0,0.0
2022-04-12 00:00:00-04:00,64.5999984741211,64.5999984741211,62.20000076293945,62.400001525878906,720,0.0,0.0
2022-04-13 00:00:00-04:00,63.400001525878906,65.5999984741211,61.400001525878906,63.79999923706055,950,0.0,0.0
2022-04-14 00:00:00-04:00,65.0,66.5999984741211,62.20000076293945,63.79999923706055,1490,0.0,0.0
2022-04-18 00:00:00-04:00,63.79999923706055,65.4000015258789,60.400001525878906,62.20000076293945,1530,0.0,0.0
2022-04-19 00:00:00-04:00,64.4000015258789,64.4000015258789,61.599998474121094,61.599998474121094,360,0.0,0.0
2022-04-20 00:00:00-04:00,62.0,63.20000076293945,59.20000076293945,60.400001525878906,1520,0.0,0.0
2022-04-21 00:00:00-04:00,60.0,60.0,53.20000076293945,55.599998474121094,3085,0.0,0.0
2022-04-22 00:00:00-04:00,56.20000076293945,58.0,54.20000076293945,56.20000076293945,1390,0.0,0.0
2022-04-25 00:00:00-04:00,54.599998474121094,57.20000076293945,54.400001525878906,56.20000076293945,615,0.0,0.0
2022-04-26 00:00:00-04:00,55.20000076293945,59.599998474121094,53.400001525878906,53.400001525878906,1285,0.0,0.0
2022-04-27 00:00:00-04:00,52.20000076293945,55.599998474121094,52.0,53.0,1240,0.0,0.0
2022-04-28 00:00:00-04:00,54.0,54.599998474121094,51.599998474121094,54.599998474121094,1150,0.0,0.0
2022-04-29 00:00:00-04:00,53.20000076293945,55.79999923706055,52.20000076293945,53.20000076293945,1360,0.0,0.0
2022-05-02 00:00:00-04:00,52.400001525878906,54.599998474121094,51.79999923706055,53.20000076293945,950,0.0,0.0
2022-05-03 00:00:00-04:00,79.4000015258789,82.0,66.4000015258789,70.0,2935035,0.0,0.0
2022-05-04 00:00:00-04:00,63.20000076293945,71.5999984741211,62.79999923706055,68.19999694824219,93560,0.0,0.0
2022-05-05 00:00:00-04:00,61.400001525878906,70.5999984741211,61.400001525878906,69.80000305175781,34870,0.0,0.0
2022-05-06 00:00:00-04:00,64.4000015258789,82.4000015258789,64.4000015258789,74.0,58670,0.0,0.0
2022-05-09 00:00:00-04:00,72.4000015258789,76.0,56.20000076293945,58.599998474121094,34660,0.0,0.0
2022-05-10 00:00:00-04:00,59.400001525878906,61.20000076293945,57.0,57.599998474121094,7770,0.0,0.0
2022-05-11 00:00:00-04:00,56.0,61.599998474121094,54.599998474121094,57.79999923706055,8950,0.0,0.0
2022-05-12 00:00:00-04:00,55.599998474121094,62.20000076293945,54.20000076293945,60.0,6935,0.0,0.0
2022-05-13 00:00:00-04:00,61.0,71.80000305175781,58.0,68.80000305175781,8280,0.0,0.0
2022-05-16 00:00:00-04:00,68.5999984741211,76.4000015258789,68.19999694824219,75.0,6095,0.0,0.0
2022-05-17 00:00:00-04:00,75.80000305175781,80.5999984741211,75.5999984741211,78.4000015258789,9020,0.0,0.0
2022-05-18 00:00:00-04:00,78.0,79.5999984741211,75.0,78.19999694824219,3320,0.0,0.0
2022-05-19 00:00:00-04:00,77.0,85.0,75.5999984741211,82.4000015258789,6460,0.0,0.0
2022-05-20 00:00:00-04:00,82.5999984741211,83.0,71.5999984741211,73.0,3195,0.0,0.0
2022-05-23 00:00:00-04:00,75.5999984741211,75.5999984741211,70.80000305175781,72.19999694824219,1560,0.0,0.0
2022-05-24 00:00:00-04:00,71.19999694824219,71.19999694824219,65.80000305175781,67.0,4485,0.0,0.0
2022-05-25 00:00:00-04:00,65.80000305175781,71.80000305175781,64.0,65.4000015258789,1415,0.0,0.0
2022-05-26 00:00:00-04:00,66.5999984741211,67.5999984741211,64.4000015258789,66.4000015258789,620,0.0,0.0
2022-05-27 00:00:00-04:00,66.80000305175781,69.80000305175781,66.0,67.4000015258789,755,0.0,0.0
2022-05-31 00:00:00-04:00,68.0,71.5999984741211,67.0,69.0,2385,0.0,0.0
2022-06-01 00:00:00-04:00,69.19999694824219,72.80000305175781,60.20000076293945,61.0,45510,0.0,0.0
2022-06-02 00:00:00-04:00,60.20000076293945,64.0,58.0,62.599998474121094,6935,0.0,0.0
2022-06-03 00:00:00-04:00,62.20000076293945,66.80000305175781,62.20000076293945,66.80000305175781,3050,0.0,0.0
2022-06-06 00:00:00-04:00,67.80000305175781,67.80000305175781,63.400001525878906,66.19999694824219,1260,0.0,0.0
2022-06-07 00:00:00-04:00,64.80000305175781,71.0,63.79999923706055,66.5999984741211,16180,0.0,0.0
2022-06-08 00:00:00-04:00,66.5999984741211,67.0,65.19999694824219,67.0,835,0.0,0.0
2022-06-09 00:00:00-04:00,65.80000305175781,67.4000015258789,65.4000015258789,67.4000015258789,1550,0.0,0.0
2022-06-10 00:00:00-04:00,65.4000015258789,67.4000015258789,65.0,65.0,1000,0.0,0.0
2022-06-13 00:00:00-04:00,63.79999923706055,65.0,60.400001525878906,62.599998474121094,1450,0.0,0.0
2022-06-14 00:00:00-04:00,62.599998474121094,62.599998474121094,58.400001525878906,59.599998474121094,1350,0.0,0.0
2022-06-15 00:00:00-04:00,60.0,62.599998474121094,59.400001525878906,60.0,1475,0.0,0.0
2022-06-16 00:00:00-04:00,58.0,59.79999923706055,56.599998474121094,57.599998474121094,915,0.0,0.0
2022-06-17 00:00:00-04:00,60.0,63.20000076293945,57.599998474121094,61.400001525878906,1290,0.0,0.0
2022-06-21 00:00:00-04:00,63.20000076293945,63.20000076293945,59.0,59.0,850,0.0,0.0
2022-06-22 00:00:00-04:00,58.0,61.0,57.400001525878906,61.0,475,0.0,0.0
2022-06-23 00:00:00-04:00,59.400001525878906,62.0,57.400001525878906,59.400001525878906,720,0.0,0.0
2022-06-24 00:00:00-04:00,60.400001525878906,62.400001525878906,60.400001525878906,61.0,1015,0.0,0.0
2022-06-27 00:00:00-04:00,60.0,61.0,59.20000076293945,60.599998474121094,115,0.0,0.0
2022-06-28 00:00:00-04:00,61.0,62.20000076293945,59.400001525878906,60.599998474121094,360,0.0,0.0
2022-06-29 00:00:00-04:00,62.0,62.0,59.20000076293945,59.20000076293945,375,0.0,0.0
2022-06-30 00:00:00-04:00,58.20000076293945,59.79999923706055,58.20000076293945,58.400001525878906,550,0.0,0.0
2022-07-01 00:00:00-04:00,60.79999923706055,62.400001525878906,57.400001525878906,58.599998474121094,1560,0.0,0.0
2022-07-05 00:00:00-04:00,57.20000076293945,58.599998474121094,57.0,58.599998474121094,1260,0.0,0.0
2022-07-06 00:00:00-04:00,59.20000076293945,60.599998474121094,58.0,59.0,165,0.0,0.0
2022-07-07 00:00:00-04:00,59.0,61.20000076293945,58.400001525878906,60.0,380,0.0,0.0
2022-07-08 00:00:00-04:00,58.400001525878906,60.599998474121094,57.79999923706055,59.400001525878906,500,0.0,0.0
2022-07-11 00:00:00-04:00,57.599998474121094,60.0,57.599998474121094,59.20000076293945,280,0.0,0.0
2022-07-12 00:00:00-04:00,59.599998474121094,60.20000076293945,57.400001525878906,57.79999923706055,1645,0.0,0.0
2022-07-13 00:00:00-04:00,57.0,60.20000076293945,57.0,58.400001525878906,655,0.0,0.0
2022-07-14 00:00:00-04:00,59.79999923706055,59.79999923706055,55.599998474121094,57.20000076293945,910,0.0,0.0
2022-07-15 00:00:00-04:00,56.79999923706055,58.0,56.0,58.0,450,0.0,0.0
2022-07-18 00:00:00-04:00,58.0,59.599998474121094,57.20000076293945,57.20000076293945,400,0.0,0.0
2022-07-19 00:00:00-04:00,57.599998474121094,59.20000076293945,57.599998474121094,59.20000076293945,280,0.0,0.0
2022-07-20 00:00:00-04:00,58.20000076293945,59.20000076293945,57.400001525878906,58.400001525878906,565,0.0,0.0
2022-07-21 00:00:00-04:00,57.79999923706055,58.20000076293945,55.400001525878906,57.20000076293945,2690,0.0,0.0
2022-07-22 00:00:00-04:00,56.599998474121094,56.599998474121094,55.79999923706055,56.599998474121094,380,0.0,0.0
2022-07-25 00:00:00-04:00,55.79999923706055,65.5999984741211,55.79999923706055,61.599998474121094,10065,0.0,0.0
2022-07-26 00:00:00-04:00,58.0,69.80000305175781,56.400001525878906,65.5999984741211,11745,0.0,0.0
2022-07-27 00:00:00-04:00,66.80000305175781,73.80000305175781,63.599998474121094,66.0,4725,0.0,0.0
2022-07-28 00:00:00-04:00,68.80000305175781,69.0,62.599998474121094,68.4000015258789,2805,0.0,0.0
2022-07-29 00:00:00-04:00,66.5999984741211,72.5999984741211,58.599998474121094,58.599998474121094,10130,0.0,0.0
2022-08-01 00:00:00-04:00,63.0,67.80000305175781,59.400001525878906,67.4000015258789,6855,0.0,0.0
2022-08-02 00:00:00-04:00,64.5999984741211,69.80000305175781,64.5999984741211,67.80000305175781,32425,0.0,0.0
2022-08-03 00:00:00-04:00,75.80000305175781,83.80000305175781,72.0,73.19999694824219,22370,0.0,0.0
2022-08-04 00:00:00-04:00,74.19999694824219,74.19999694824219,65.4000015258789,71.4000015258789,8870,0.0,0.0
2022-08-05 00:00:00-04:00,68.80000305175781,72.0,65.4000015258789,69.5999984741211,4690,0.0,0.0
2022-08-08 00:00:00-04:00,67.19999694824219,69.5999984741211,66.0,67.0,1910,0.0,0.0
2022-08-09 00:00:00-04:00,67.4000015258789,69.0,64.19999694824219,64.19999694824219,1600,0.0,0.0
2022-08-10 00:00:00-04:00,66.0,66.0,62.599998474121094,64.80000305175781,480,0.0,0.0
2022-08-11 00:00:00-04:00,62.79999923706055,67.19999694824219,62.79999923706055,66.19999694824219,690,0.0,0.0
2022-08-12 00:00:00-04:00,65.0,67.80000305175781,64.80000305175781,65.5999984741211,1180,0.0,0.0
2022-08-15 00:00:00-04:00,68.0,69.4000015258789,63.0,65.4000015258789,735,0.0,0.0
2022-08-16 00:00:00-04:00,64.0,65.80000305175781,62.0,62.0,685,0.0,0.0
2022-08-17 00:00:00-04:00,61.599998474121094,61.599998474121094,59.0,60.20000076293945,2905,0.0,0.0
2022-08-18 00:00:00-04:00,62.400001525878906,63.599998474121094,60.0,61.0,540,0.0,0.0
2022-08-19 00:00:00-04:00,60.20000076293945,61.599998474121094,58.20000076293945,59.79999923706055,630,0.0,0.0
2022-08-22 00:00:00-04:00,59.0,64.80000305175781,58.400001525878906,61.599998474121094,3020,0.0,0.0
2022-08-23 00:00:00-04:00,62.599998474121094,62.599998474121094,59.0,59.599998474121094,705,0.0,0.0
2022-08-24 00:00:00-04:00,58.79999923706055,61.599998474121094,58.79999923706055,59.79999923706055,890,0.0,0.0
2022-08-25 00:00:00-04:00,60.400001525878906,60.79999923706055,59.20000076293945,59.79999923706055,685,0.0,0.0
2022-08-26 00:00:00-04:00,59.0,59.599998474121094,58.0,58.0,715,0.0,0.0
2022-08-29 00:00:00-04:00,58.79999923706055,58.79999923706055,58.0,58.0,70,0.0,0.0
2022-08-30 00:00:00-04:00,58.0,58.599998474121094,56.20000076293945,58.400001525878906,865,0.0,0.0
2022-08-31 00:00:00-04:00,58.599998474121094,58.599998474121094,55.599998474121094,55.599998474121094,1120,0.0,0.0
2022-09-01 00:00:00-04:00,55.79999923706055,56.79999923706055,53.400001525878906,54.79999923706055,1945,0.0,0.0
2022-09-02 00:00:00-04:00,54.400001525878906,56.599998474121094,54.20000076293945,56.20000076293945,1215,0.0,0.0
2022-09-06 00:00:00-04:00,55.400001525878906,56.599998474121094,55.400001525878906,55.400001525878906,820,0.0,0.0
2022-09-07 00:00:00-04:00,54.599998474121094,56.599998474121094,54.599998474121094,56.599998474121094,780,0.0,0.0
2022-09-08 00:00:00-04:00,56.599998474121094,59.400001525878906,56.0,57.599998474121094,1860,0.0,0.0
2022-09-09 00:00:00-04:00,57.400001525878906,59.400001525878906,56.400001525878906,57.0,1355,0.0,0.0
2022-09-12 00:00:00-04:00,58.20000076293945,59.599998474121094,57.0,58.20000076293945,655,0.0,0.0
2022-09-13 00:00:00-04:00,58.20000076293945,59.599998474121094,57.400001525878906,58.0,130,0.0,0.0
2022-09-14 00:00:00-04:00,58.20000076293945,58.400001525878906,56.79999923706055,57.599998474121094,525,0.0,0.0
2022-09-15 00:00:00-04:00,58.400001525878906,60.0,56.79999923706055,59.79999923706055,630,0.0,0.0
2022-09-16 00:00:00-04:00,57.79999923706055,59.0,56.79999923706055,59.0,460,0.0,0.0
2022-09-19 00:00:00-04:00,55.0,57.0,54.20000076293945,54.79999923706055,1115,0.0,0.0
2022-09-20 00:00:00-04:00,55.0,56.0,53.599998474121094,54.20000076293945,780,0.0,0.0
2022-09-21 00:00:00-04:00,53.0,53.20000076293945,51.599998474121094,52.20000076293945,925,0.0,0.0
2022-09-22 00:00:00-04:00,52.0,52.20000076293945,50.0,50.20000076293945,1020,0.0,0.0
2022-09-23 00:00:00-04:00,50.0,50.0,43.400001525878906,43.599998474121094,1030,0.0,0.0
2022-09-26 00:00:00-04:00,43.0,44.0,41.599998474121094,42.0,890,0.0,0.0
2022-09-27 00:00:00-04:00,42.79999923706055,43.79999923706055,42.599998474121094,43.400001525878906,525,0.0,0.0
2022-09-28 00:00:00-04:00,41.400001525878906,44.79999923706055,41.400001525878906,43.400001525878906,465,0.0,0.0
2022-09-29 00:00:00-04:00,43.79999923706055,44.79999923706055,42.400001525878906,42.599998474121094,255,0.0,0.0
2022-09-30 00:00:00-04:00,43.400001525878906,43.599998474121094,42.400001525878906,42.599998474121094,285,0.0,0.0
2022-10-03 00:00:00-04:00,42.0,44.79999923706055,41.20000076293945,44.20000076293945,1770,0.0,0.0
2022-10-04 00:00:00-04:00,43.79999923706055,47.20000076293945,43.0,45.79999923706055,1040,0.0,0.0
2022-10-05 00:00:00-04:00,47.0,48.400001525878906,45.20000076293945,46.0,495,0.0,0.0
2022-10-06 00:00:00-04:00,46.400001525878906,46.400001525878906,45.0,45.400001525878906,135,0.0,0.0
2022-10-07 00:00:00-04:00,45.0,47.0,41.400001525878906,41.400001525878906,865,0.0,0.0
2022-10-10 00:00:00-04:00,42.20000076293945,42.20000076293945,39.400001525878906,39.400001525878906,460,0.0,0.0
2022-10-11 00:00:00-04:00,40.20000076293945,40.400001525878906,37.400001525878906,38.20000076293945,570,0.0,0.0
2022-10-12 00:00:00-04:00,38.0,41.0,38.0,39.400001525878906,790,0.0,0.0
2022-10-13 00:00:00-04:00,39.20000076293945,39.79999923706055,38.400001525878906,38.79999923706055,350,0.0,0.0
2022-10-14 00:00:00-04:00,38.79999923706055,39.400001525878906,37.20000076293945,38.0,415,0.0,0.0
2022-10-17 00:00:00-04:00,44.599998474121094,44.599998474121094,37.400001525878906,43.400001525878906,2180,0.0,0.0
2022-10-18 00:00:00-04:00,44.0,44.599998474121094,42.400001525878906,42.79999923706055,215,0.0,0.0
2022-10-19 00:00:00-04:00,43.20000076293945,44.400001525878906,42.20000076293945,42.400001525878906,270,0.0,0.0
2022-10-20 00:00:00-04:00,41.599998474121094,41.79999923706055,40.599998474121094,40.599998474121094,260,0.0,0.0
2022-10-21 00:00:00-04:00,40.599998474121094,41.599998474121094,40.400001525878906,41.0,205,0.0,0.0
2022-10-24 00:00:00-04:00,39.20000076293945,39.599998474121094,37.20000076293945,38.20000076293945,410,0.0,0.0
2022-10-25 00:00:00-04:00,38.599998474121094,39.400001525878906,37.79999923706055,39.20000076293945,385,0.0,0.0
2022-10-26 00:00:00-04:00,38.599998474121094,39.599998474121094,38.400001525878906,39.0,435,0.0,0.0
2022-10-27 00:00:00-04:00,39.599998474121094,40.400001525878906,38.599998474121094,38.599998474121094,765,0.0,0.0
2022-10-28 00:00:00-04:00,38.0,40.79999923706055,38.0,38.599998474121094,785,0.0,0.0
2022-10-31 00:00:00-04:00,41.0,41.0,39.0,39.79999923706055,300,0.0,0.0
2022-11-01 00:00:00-04:00,40.20000076293945,57.400001525878906,40.20000076293945,49.79999923706055,48580,0.0,0.0
2022-11-02 00:00:00-04:00,56.400001525878906,66.80000305175781,52.599998474121094,53.79999923706055,2137325,0.0,0.0
2022-11-03 00:00:00-04:00,49.0,53.400001525878906,40.0,41.0,45000,0.0,0.0
2022-11-04 00:00:00-04:00,41.0,41.0,33.400001525878906,33.79999923706055,12450,0.0,0.0
2022-11-07 00:00:00-05:00,34.400001525878906,36.599998474121094,34.20000076293945,34.79999923706055,5225,0.0,0.0
2022-11-08 00:00:00-05:00,34.79999923706055,35.79999923706055,34.0,35.0,2935,0.0,0.0
2022-11-09 00:00:00-05:00,35.0,35.0,31.600000381469727,32.599998474121094,4850,0.0,0.0
2022-11-10 00:00:00-05:00,32.20000076293945,40.400001525878906,32.0,38.79999923706055,5830,0.0,0.0
2022-11-11 00:00:00-05:00,40.0,42.79999923706055,37.599998474121094,40.79999923706055,4045,0.0,0.0
2022-11-14 00:00:00-05:00,40.79999923706055,42.0,39.79999923706055,41.599998474121094,1415,0.0,0.0
2022-11-15 00:00:00-05:00,40.400001525878906,45.0,38.20000076293945,44.599998474121094,4260,0.0,0.0
2022-11-16 00:00:00-05:00,43.599998474121094,44.20000076293945,41.599998474121094,42.79999923706055,825,0.0,0.0
2022-11-17 00:00:00-05:00,42.599998474121094,44.0,41.20000076293945,42.599998474121094,1315,0.0,0.0
2022-11-18 00:00:00-05:00,42.79999923706055,43.0,41.400001525878906,43.0,545,0.0,0.0
2022-11-21 00:00:00-05:00,42.0,42.400001525878906,36.20000076293945,37.0,1865,0.0,0.0
2022-11-22 00:00:00-05:00,36.599998474121094,37.599998474121094,34.0,34.0,1525,0.0,0.0
2022-11-23 00:00:00-05:00,34.0,35.20000076293945,33.599998474121094,33.79999923706055,900,0.0,0.0
2022-11-25 00:00:00-05:00,35.0,36.400001525878906,35.0,36.0,955,0.0,0.0
2022-11-28 00:00:00-05:00,35.79999923706055,35.79999923706055,33.599998474121094,34.20000076293945,875,0.0,0.0
2022-11-29 00:00:00-05:00,34.79999923706055,34.79999923706055,31.799999237060547,32.599998474121094,810,0.0,0.0
2022-11-30 00:00:00-05:00,32.599998474121094,34.20000076293945,32.20000076293945,34.20000076293945,495,0.0,0.0
2022-12-01 00:00:00-05:00,34.599998474121094,34.79999923706055,32.599998474121094,33.400001525878906,1295,0.0,0.0
2022-12-02 00:00:00-05:00,32.79999923706055,35.400001525878906,32.79999923706055,35.400001525878906,765,0.0,0.0
2022-12-05 00:00:00-05:00,35.400001525878906,35.400001525878906,33.599998474121094,34.599998474121094,650,0.0,0.0
2022-12-06 00:00:00-05:00,34.0,34.0,32.400001525878906,32.400001525878906,1120,0.0,0.0
2022-12-07 00:00:00-05:00,32.0,32.79999923706055,32.0,32.20000076293945,725,0.0,0.0
2022-12-08 00:00:00-05:00,31.799999237060547,31.799999237060547,30.200000762939453,30.200000762939453,1035,0.0,0.0
2022-12-09 00:00:00-05:00,30.200000762939453,30.399999618530273,28.200000762939453,29.200000762939453,1135,0.0,0.0
2022-12-12 00:00:00-05:00,29.399999618530273,29.399999618530273,28.200000762939453,29.399999618530273,795,0.0,0.0
2022-12-13 00:00:00-05:00,29.200000762939453,29.600000381469727,28.799999237060547,29.0,590,0.0,0.0
2022-12-14 00:00:00-05:00,29.799999237060547,29.799999237060547,27.799999237060547,28.200000762939453,900,0.0,0.0
2022-12-15 00:00:00-05:00,28.200000762939453,28.799999237060547,27.799999237060547,27.799999237060547,400,0.0,0.0
2022-12-16 00:00:00-05:00,26.799999237060547,28.200000762939453,22.0,22.0,3180,0.0,0.0
2022-12-19 00:00:00-05:00,23.0,26.600000381469727,23.0,24.200000762939453,3430,0.0,0.0
2022-12-20 00:00:00-05:00,24.200000762939453,24.399999618530273,23.0,23.799999237060547,2850,0.0,0.0
2022-12-21 00:00:00-05:00,23.600000381469727,23.600000381469727,22.600000381469727,22.600000381469727,1555,0.0,0.0
2022-12-22 00:00:00-05:00,24.200000762939453,25.200000762939453,23.200000762939453,23.799999237060547,1460,0.0,0.0
2022-12-23 00:00:00-05:00,23.0,24.0,22.600000381469727,23.0,705,0.0,0.0
2022-12-27 00:00:00-05:00,23.0,23.0,20.0,20.200000762939453,2510,0.0,0.0
2022-12-28 00:00:00-05:00,20.799999237060547,20.799999237060547,20.0,20.200000762939453,2815,0.0,0.0
2022-12-29 00:00:00-05:00,20.600000381469727,22.0,20.600000381469727,21.200000762939453,1850,0.0,0.0
2022-12-30 00:00:00-05:00,21.799999237060547,22.399999618530273,20.799999237060547,22.399999618530273,2090,0.0,0.0
2023-01-03 00:00:00-05:00,22.600000381469727,25.399999618530273,22.399999618530273,25.399999618530273,3055,0.0,0.0
2023-01-04 00:00:00-05:00,25.600000381469727,25.799999237060547,22.200000762939453,23.799999237060547,4755,0.0,0.0
2023-01-05 00:00:00-05:00,24.0,24.0,22.200000762939453,22.600000381469727,1085,0.0,0.0
2023-01-06 00:00:00-05:00,21.799999237060547,23.600000381469727,21.600000381469727,22.799999237060547,985,0.0,0.0
2023-01-09 00:00:00-05:00,23.0,24.0,23.0,23.0,1880,0.0,0.0
2023-01-10 00:00:00-05:00,24.0,24.399999618530273,23.399999618530273,23.399999618530273,1205,0.0,0.0
2023-01-11 00:00:00-05:00,23.399999618530273,24.600000381469727,23.399999618530273,24.399999618530273,2480,0.0,0.0
2023-01-12 00:00:00-05:00,24.399999618530273,25.0,23.200000762939453,23.799999237060547,2450,0.0,0.0
2023-01-13 00:00:00-05:00,24.399999618530273,25.399999618530273,24.0,25.0,3390,0.0,0.0
2023-01-17 00:00:00-05:00,25.0,27.600000381469727,25.0,27.0,9360,0.0,0.0
2023-01-18 00:00:00-05:00,27.600000381469727,27.799999237060547,25.0,25.200000762939453,6145,0.0,0.0
2023-01-19 00:00:00-05:00,25.399999618530273,25.799999237060547,23.200000762939453,23.799999237060547,3410,0.0,0.0
2023-01-20 00:00:00-05:00,23.600000381469727,25.0,23.399999618530273,24.600000381469727,2335,0.0,0.0
2023-01-23 00:00:00-05:00,24.600000381469727,25.799999237060547,24.200000762939453,24.600000381469727,2700,0.0,0.0
2023-01-24 00:00:00-05:00,24.200000762939453,24.799999237060547,23.200000762939453,24.0,3070,0.0,0.0
2023-01-25 00:00:00-05:00,39.79999923706055,53.599998474121094,32.400001525878906,33.79999923706055,4969575,0.0,0.0
2023-01-26 00:00:00-05:00,34.79999923706055,40.79999923706055,33.20000076293945,38.599998474121094,363115,0.0,0.0
2023-01-27 00:00:00-05:00,35.79999923706055,41.79999923706055,34.400001525878906,40.400001525878906,146165,0.0,0.0
2023-01-30 00:00:00-05:00,39.79999923706055,39.79999923706055,33.79999923706055,33.79999923706055,40920,0.0,0.0
2023-01-31 00:00:00-05:00,38.0,38.599998474121094,33.0,33.20000076293945,74495,0.0,0.0
2023-02-01 00:00:00-05:00,33.0,33.79999923706055,30.799999237060547,33.0,27530,0.0,0.0
2023-02-02 00:00:00-05:00,34.20000076293945,34.20000076293945,32.0,32.599998474121094,14265,0.0,0.0
2023-02-03 00:00:00-05:00,32.400001525878906,34.0,31.600000381469727,32.79999923706055,11690,0.0,0.0
2023-02-06 00:00:00-05:00,32.20000076293945,33.599998474121094,32.0,33.0,5670,0.0,0.0
2023-02-07 00:00:00-05:00,32.599998474121094,32.599998474121094,31.0,31.799999237060547,6200,0.0,0.0
2023-02-08 00:00:00-05:00,31.799999237060547,31.799999237060547,29.399999618530273,31.399999618530273,12540,0.0,0.0
2023-02-09 00:00:00-05:00,31.200000762939453,32.0,30.200000762939453,30.799999237060547,5780,0.0,0.0
2023-02-10 00:00:00-05:00,30.0,31.600000381469727,28.600000381469727,30.799999237060547,3890,0.0,0.0
2023-02-13 00:00:00-05:00,31.0,31.399999618530273,29.0,30.200000762939453,1585,0.0,0.0
2023-02-14 00:00:00-05:00,31.399999618530273,31.399999618530273,29.399999618530273,30.200000762939453,1435,0.0,0.0
2023-02-15 00:00:00-05:00,29.0,31.0,28.600000381469727,30.600000381469727,1725,0.0,0.0
2023-02-16 00:00:00-05:00,29.799999237060547,31.399999618530273,29.200000762939453,31.200000762939453,3095,0.0,0.0
2023-02-17 00:00:00-05:00,30.600000381469727,31.399999618530273,30.0,30.200000762939453,2065,0.0,0.0
2023-02-21 00:00:00-05:00,29.600000381469727,30.0,28.0,29.0,1400,0.0,0.0
2023-02-22 00:00:00-05:00,29.0,30.799999237060547,28.200000762939453,28.799999237060547,1620,0.0,0.0
2023-02-23 00:00:00-05:00,28.799999237060547,29.799999237060547,28.0,28.200000762939453,2955,0.0,0.0
2023-02-24 00:00:00-05:00,28.200000762939453,29.600000381469727,26.0,27.0,1770,0.0,0.0
2023-02-27 00:00:00-05:00,26.200000762939453,27.399999618530273,26.0,26.600000381469727,4365,0.0,0.0
2023-02-28 00:00:00-05:00,26.399999618530273,27.0,24.200000762939453,24.399999618530273,4640,0.0,0.0
2023-03-01 00:00:00-05:00,24.200000762939453,24.600000381469727,23.399999618530273,23.399999618530273,5340,0.0,0.0
2023-03-02 00:00:00-05:00,23.399999618530273,24.799999237060547,22.399999618530273,24.399999618530273,116690,0.0,0.0
2023-03-03 00:00:00-05:00,21.0,23.600000381469727,21.0,22.600000381469727,19385,0.0,0.0
2023-03-06 00:00:00-05:00,22.399999618530273,23.399999618530273,21.200000762939453,22.200000762939453,4425,0.0,0.0
2023-03-07 00:00:00-05:00,22.600000381469727,22.799999237060547,21.0,21.600000381469727,3970,0.0,0.0
2023-03-08 00:00:00-05:00,21.0,22.0,21.0,21.399999618530273,4690,0.0,0.0
2023-03-09 00:00:00-05:00,21.0,21.200000762939453,20.200000762939453,20.200000762939453,3185,0.0,0.0
2023-03-10 00:00:00-05:00,20.600000381469727,20.600000381469727,18.600000381469727,19.200000762939453,8005,0.0,0.0
2023-03-13 00:00:00-04:00,19.799999237060547,19.799999237060547,18.0,18.799999237060547,2305,0.0,0.0
2023-03-14 00:00:00-04:00,19.200000762939453,20.600000381469727,18.399999618530273,19.600000381469727,2145,0.0,0.0
2023-03-15 00:00:00-04:00,19.200000762939453,20.399999618530273,18.399999618530273,19.799999237060547,2460,0.0,0.0
2023-03-16 00:00:00-04:00,19.799999237060547,21.200000762939453,19.0,21.0,4665,0.0,0.0
2023-03-17 00:00:00-04:00,21.200000762939453,21.200000762939453,20.399999618530273,21.0,1980,0.0,0.0
2023-03-20 00:00:00-04:00,20.799999237060547,21.0,20.600000381469727,20.799999237060547,810,0.0,0.0
2023-03-21 00:00:00-04:00,20.600000381469727,23.0,20.600000381469727,21.799999237060547,3575,0.0,0.0
2023-03-22 00:00:00-04:00,21.200000762939453,23.0,21.0,21.0,1580,0.0,0.0
2023-03-23 00:00:00-04:00,20.399999618530273,22.0,19.399999618530273,20.799999237060547,1960,0.0,0.0
2023-03-24 00:00:00-04:00,20.0,21.200000762939453,19.799999237060547,20.200000762939453,2570,0.0,0.0
2023-03-27 00:00:00-04:00,20.600000381469727,20.799999237060547,19.600000381469727,20.0,1505,0.0,0.0
2023-03-28 00:00:00-04:00,22.0,25.799999237060547,20.200000762939453,23.0,267185,0.0,0.0
2023-03-29 00:00:00-04:00,22.0,22.0,18.399999618530273,18.799999237060547,25835,0.0,0.0
2023-03-30 00:00:00-04:00,18.600000381469727,21.200000762939453,18.399999618530273,21.200000762939453,8265,0.0,0.0
2023-03-31 00:00:00-04:00,20.399999618530273,21.200000762939453,19.0,19.600000381469727,8335,0.0,0.0
2023-04-03 00:00:00-04:00,20.0,20.399999618530273,18.799999237060547,19.0,1875,0.0,0.0
2023-04-04 00:00:00-04:00,19.200000762939453,20.600000381469727,18.799999237060547,19.799999237060547,6910,0.0,0.0
2023-04-05 00:00:00-04:00,19.200000762939453,20.0,18.0,18.799999237060547,4800,0.0,0.0
2023-04-06 00:00:00-04:00,18.799999237060547,19.200000762939453,18.399999618530273,18.799999237060547,2385,0.0,0.0
2023-04-10 00:00:00-04:00,18.399999618530273,19.399999618530273,18.399999618530273,18.799999237060547,1540,0.0,0.0
2023-04-11 00:00:00-04:00,19.200000762939453,19.799999237060547,19.0,19.200000762939453,1160,0.0,0.0
2023-04-12 00:00:00-04:00,18.600000381469727,20.0,18.600000381469727,19.200000762939453,2395,0.0,0.0
2023-04-13 00:00:00-04:00,18.799999237060547,20.0,18.799999237060547,19.799999237060547,2120,0.0,0.0
2023-04-14 00:00:00-04:00,19.399999618530273,21.200000762939453,18.799999237060547,19.399999618530273,5845,0.0,0.0
2023-04-17 00:00:00-04:00,19.600000381469727,20.0,18.399999618530273,19.799999237060547,2725,0.0,0.0
2023-04-18 00:00:00-04:00,19.200000762939453,20.0,19.0,19.600000381469727,1835,0.0,0.0
2023-04-19 00:00:00-04:00,19.399999618530273,20.600000381469727,19.399999618530273,20.399999618530273,1715,0.0,0.0
2023-04-20 00:00:00-04:00,20.0,21.600000381469727,19.200000762939453,21.0,2820,0.0,0.0
2023-04-21 00:00:00-04:00,19.799999237060547,20.399999618530273,19.399999618530273,20.200000762939453,1670,0.0,0.0
2023-04-24 00:00:00-04:00,20.200000762939453,20.600000381469727,18.799999237060547,20.399999618530273,2240,0.0,0.0
2023-04-25 00:00:00-04:00,20.200000762939453,20.600000381469727,19.799999237060547,20.200000762939453,375,0.0,0.0
2023-04-26 00:00:00-04:00,19.799999237060547,20.399999618530273,19.0,19.799999237060547,2090,0.0,0.0
2023-04-27 00:00:00-04:00,19.0,20.0,18.799999237060547,19.0,1005,0.0,0.0
2023-04-28 00:00:00-04:00,19.200000762939453,19.600000381469727,18.799999237060547,19.0,990,0.0,0.0
2023-05-01 00:00:00-04:00,18.600000381469727,19.600000381469727,18.600000381469727,19.399999618530273,725,0.0,0.0
2023-05-02 00:00:00-04:00,18.799999237060547,19.600000381469727,18.600000381469727,19.0,850,0.0,0.0
2023-05-03 00:00:00-04:00,18.399999618530273,19.0,18.399999618530273,18.799999237060547,1290,0.0,0.0
2023-05-04 00:00:00-04:00,18.600000381469727,20.399999618530273,18.399999618530273,19.600000381469727,1740,0.0,0.0
2023-05-05 00:00:00-04:00,19.600000381469727,21.200000762939453,19.200000762939453,19.399999618530273,4680,0.0,0.0
2023-05-08 00:00:00-04:00,19.399999618530273,20.799999237060547,19.399999618530273,19.799999237060547,540,0.0,0.0
2023-05-09 00:00:00-04:00,19.600000381469727,20.399999618530273,18.799999237060547,20.399999618530273,2455,0.0,0.0
2023-05-10 00:00:00-04:00,20.600000381469727,20.799999237060547,19.799999237060547,20.399999618530273,2270,0.0,0.0
2023-05-11 00:00:00-04:00,20.600000381469727,20.600000381469727,19.799999237060547,20.600000381469727,140,0.0,0.0
2023-05-12 00:00:00-04:00,19.799999237060547,20.399999618530273,19.200000762939453,19.399999618530273,615,0.0,0.0
2023-05-15 00:00:00-04:00,19.200000762939453,20.600000381469727,19.0,20.0,1685,0.0,0.0
2023-05-16 00:00:00-04:00,20.0,20.399999618530273,19.399999618530273,19.399999618530273,1325,0.0,0.0
2023-05-17 00:00:00-04:00,19.200000762939453,20.600000381469727,19.200000762939453,20.399999618530273,550,0.0,0.0
2023-05-18 00:00:00-04:00,20.399999618530273,20.399999618530273,18.799999237060547,19.399999618530273,1930,0.0,0.0
2023-05-19 00:00:00-04:00,19.200000762939453,20.0,15.199999809265137,19.0,2230,0.0,0.0
2023-05-22 00:00:00-04:00,19.399999618530273,19.600000381469727,17.799999237060547,19.600000381469727,870,0.0,0.0
2023-05-23 00:00:00-04:00,19.0,19.799999237060547,18.399999618530273,19.799999237060547,630,0.0,0.0
2023-05-24 00:00:00-04:00,19.399999618530273,19.600000381469727,18.600000381469727,19.600000381469727,415,0.0,0.0
2023-05-25 00:00:00-04:00,18.600000381469727,19.399999618530273,18.0,18.799999237060547,1215,0.0,0.0
2023-05-26 00:00:00-04:00,19.200000762939453,19.799999237060547,17.399999618530273,19.0,1860,0.0,0.0
2023-05-30 00:00:00-04:00,18.200000762939453,19.600000381469727,18.200000762939453,19.0,400,0.0,0.0
2023-05-31 00:00:00-04:00,18.600000381469727,19.600000381469727,18.399999618530273,19.399999618530273,560,0.0,0.0
2023-06-01 00:00:00-04:00,19.399999618530273,19.600000381469727,18.600000381469727,19.200000762939453,455,0.0,0.0
2023-06-02 00:00:00-04:00,19.0,19.399999618530273,19.0,19.399999618530273,870,0.0,0.0
2023-06-05 00:00:00-04:00,19.0,19.600000381469727,18.399999618530273,18.600000381469727,760,0.0,0.0
2023-06-06 00:00:00-04:00,19.0,19.399999618530273,18.399999618530273,19.399999618530273,335,0.0,0.0
2023-06-07 00:00:00-04:00,19.200000762939453,19.200000762939453,18.399999618530273,18.399999618530273,800,0.0,0.0
2023-06-08 00:00:00-04:00,18.799999237060547,19.399999618530273,18.399999618530273,19.399999618530273,15565,0.0,0.0
2023-06-09 00:00:00-04:00,28.600000381469727,30.399999618530273,23.200000762939453,28.0,1448420,0.0,0.0
2023-06-12 00:00:00-04:00,26.200000762939453,27.399999618530273,24.0,24.799999237060547,60590,0.0,0.0
2023-06-13 00:00:00-04:00,24.0,27.0,24.0,26.0,23455,0.0,0.0
2023-06-14 00:00:00-04:00,26.600000381469727,27.600000381469727,25.600000381469727,26.399999618530273,7785,0.0,0.0
2023-06-15 00:00:00-04:00,26.0,27.0,25.600000381469727,26.200000762939453,3545,0.0,0.0
2023-06-16 00:00:00-04:00,25.399999618530273,26.399999618530273,25.200000762939453,25.200000762939453,4220,0.0,0.0
2023-06-20 00:00:00-04:00,24.399999618530273,25.0,23.0,23.799999237060547,7545,0.0,0.0
2023-06-21 00:00:00-04:00,23.799999237060547,24.399999618530273,22.200000762939453,22.600000381469727,3495,0.0,0.0
2023-06-22 00:00:00-04:00,22.200000762939453,24.0,22.200000762939453,23.399999618530273,3585,0.0,0.0
2023-06-23 00:00:00-04:00,23.399999618530273,23.600000381469727,22.200000762939453,23.399999618530273,2165,0.0,0.0
2023-06-26 00:00:00-04:00,22.600000381469727,23.0,22.200000762939453,22.600000381469727,1590,0.0,0.0
2023-06-27 00:00:00-04:00,22.200000762939453,23.0,21.399999618530273,21.799999237060547,2035,0.0,0.0
2023-06-28 00:00:00-04:00,21.799999237060547,22.399999618530273,21.200000762939453,21.399999618530273,1080,0.0,0.0
2023-06-29 00:00:00-04:00,21.600000381469727,22.0,21.0,21.600000381469727,1840,0.0,0.0
2023-06-30 00:00:00-04:00,21.600000381469727,22.0,21.0,21.399999618530273,975,0.0,0.0
2023-07-03 00:00:00-04:00,21.200000762939453,22.399999618530273,21.200000762939453,21.799999237060547,435,0.0,0.0
2023-07-05 00:00:00-04:00,22.600000381469727,22.600000381469727,21.0,22.0,1205,0.0,0.0
2023-07-06 00:00:00-04:00,21.0,21.399999618530273,21.0,21.200000762939453,740,0.0,0.0
2023-07-07 00:00:00-04:00,21.399999618530273,21.399999618530273,20.600000381469727,20.799999237060547,440,0.0,0.0
2023-07-10 00:00:00-04:00,21.600000381469727,22.0,21.0,21.600000381469727,1625,0.0,0.0
2023-07-11 00:00:00-04:00,21.200000762939453,22.0,21.0,21.600000381469727,2050,0.0,0.0
2023-07-12 00:00:00-04:00,21.600000381469727,22.200000762939453,21.200000762939453,22.200000762939453,1655,0.0,0.0
2023-07-13 00:00:00-04:00,21.600000381469727,23.799999237060547,21.600000381469727,23.200000762939453,3925,0.0,0.0
2023-07-14 00:00:00-04:00,23.0,23.399999618530273,22.399999618530273,23.0,1385,0.0,0.0
2023-07-17 00:00:00-04:00,22.399999618530273,23.799999237060547,22.399999618530273,23.0,1565,0.0,0.0
2023-07-18 00:00:00-04:00,22.799999237060547,23.600000381469727,22.600000381469727,22.600000381469727,1175,0.0,0.0
2023-07-19 00:00:00-04:00,22.799999237060547,23.600000381469727,22.399999618530273,23.200000762939453,1790,0.0,0.0
2023-07-20 00:00:00-04:00,22.200000762939453,23.200000762939453,22.200000762939453,22.799999237060547,1290,0.0,0.0
2023-07-21 00:00:00-04:00,22.399999618530273,23.200000762939453,21.600000381469727,22.799999237060547,935,0.0,0.0
2023-07-24 00:00:00-04:00,22.200000762939453,23.0,22.200000762939453,22.600000381469727,160,0.0,0.0
2023-07-25 00:00:00-04:00,22.399999618530273,22.600000381469727,22.399999618530273,22.399999618530273,155,0.0,0.0
2023-07-26 00:00:00-04:00,23.200000762939453,23.399999618530273,23.0,23.200000762939453,1225,0.0,0.0
2023-07-27 00:00:00-04:00,22.600000381469727,23.0,21.600000381469727,22.399999618530273,1840,0.0,0.0
2023-07-28 00:00:00-04:00,22.0,22.600000381469727,21.799999237060547,22.200000762939453,510,0.0,0.0
2023-07-31 00:00:00-04:00,22.600000381469727,23.0,21.600000381469727,21.600000381469727,1135,0.0,0.0
2023-08-01 00:00:00-04:00,21.799999237060547,22.200000762939453,21.0,21.200000762939453,1010,0.0,0.0
2023-08-02 00:00:00-04:00,21.0,21.0,19.0,20.0,3660,0.0,0.0
2023-08-03 00:00:00-04:00,20.200000762939453,20.399999618530273,19.600000381469727,20.0,1770,0.0,0.0
2023-08-04 00:00:00-04:00,19.799999237060547,20.799999237060547,19.799999237060547,20.799999237060547,1100,0.0,0.0
2023-08-07 00:00:00-04:00,19.799999237060547,21.0,19.799999237060547,20.600000381469727,315,0.0,0.0
2023-08-08 00:00:00-04:00,20.600000381469727,20.799999237060547,20.0,20.399999618530273,405,0.0,0.0
2023-08-09 00:00:00-04:00,20.200000762939453,21.200000762939453,20.0,20.200000762939453,745,0.0,0.0
2023-08-10 00:00:00-04:00,20.0,20.200000762939453,19.799999237060547,20.0,760,0.0,0.0
2023-08-11 00:00:00-04:00,20.0,20.0,19.200000762939453,19.399999618530273,1250,0.0,0.0
2023-08-14 00:00:00-04:00,19.0,20.200000762939453,17.799999237060547,18.399999618530273,2190,0.0,0.0
2023-08-15 00:00:00-04:00,19.0,19.200000762939453,18.399999618530273,18.399999618530273,515,0.0,0.0
2023-08-16 00:00:00-04:00,18.399999618530273,19.799999237060547,17.0,18.600000381469727,2495,0.0,0.0
2023-08-17 00:00:00-04:00,18.0,19.0,17.399999618530273,17.399999618530273,500,0.0,0.0
2023-08-18 00:00:00-04:00,18.399999618530273,18.399999618530273,15.800000190734863,17.0,2845,0.0,0.0
2023-08-21 00:00:00-04:00,17.600000381469727,17.600000381469727,16.600000381469727,17.0,520,0.0,0.0
2023-08-22 00:00:00-04:00,16.600000381469727,17.600000381469727,16.600000381469727,17.600000381469727,470,0.0,0.0
2023-08-23 00:00:00-04:00,16.200000762939453,17.600000381469727,16.200000762939453,17.200000762939453,920,0.0,0.0
2023-08-24 00:00:00-04:00,17.0,17.399999618530273,16.399999618530273,17.399999618530273,975,0.0,0.0
2023-08-25 00:00:00-04:00,17.799999237060547,17.799999237060547,17.0,17.0,250,0.0,0.0
2023-08-28 00:00:00-04:00,17.200000762939453,18.600000381469727,17.200000762939453,18.0,1535,0.0,0.0
2023-08-29 00:00:00-04:00,18.0,18.0,17.399999618530273,17.600000381469727,265,0.0,0.0
2023-08-30 00:00:00-04:00,17.399999618530273,18.0,17.399999618530273,18.0,675,0.0,0.0
2023-08-31 00:00:00-04:00,17.600000381469727,17.600000381469727,17.399999618530273,17.399999618530273,655,0.0,0.0
2023-09-01 00:00:00-04:00,17.399999618530273,18.399999618530273,17.399999618530273,18.399999618530273,1120,0.0,0.0
2023-09-05 00:00:00-04:00,18.399999618530273,19.799999237060547,18.399999618530273,19.399999618530273,2535,0.0,0.0
2023-09-06 00:00:00-04:00,19.399999618530273,20.0,18.799999237060547,19.600000381469727,1670,0.0,0.0
2023-09-07 00:00:00-04:00,20.0,20.0,19.0,19.600000381469727,460,0.0,0.0
2023-09-08 00:00:00-04:00,18.799999237060547,19.399999618530273,18.799999237060547,19.0,185,0.0,0.0
2023-09-11 00:00:00-04:00,18.799999237060547,20.399999618530273,18.799999237060547,19.600000381469727,810,0.0,0.0
2023-09-12 00:00:00-04:00,20.0,20.399999618530273,19.399999618530273,20.399999618530273,740,0.0,0.0
2023-09-13 00:00:00-04:00,19.799999237060547,20.399999618530273,19.600000381469727,20.0,185,0.0,0.0
2023-09-14 00:00:00-04:00,20.200000762939453,20.200000762939453,19.399999618530273,19.799999237060547,730,0.0,0.0
2023-09-15 00:00:00-04:00,19.799999237060547,19.799999237060547,17.799999237060547,19.0,1370,0.0,0.0
2023-09-18 00:00:00-04:00,18.399999618530273,19.0,17.600000381469727,18.200000762939453,325,0.0,0.0
2023-09-19 00:00:00-04:00,18.200000762939453,18.200000762939453,17.600000381469727,17.600000381469727,115,0.0,0.0
2023-09-20 00:00:00-04:00,17.399999618530273,17.600000381469727,15.199999809265137,15.199999809265137,4520,0.0,0.0
2023-09-21 00:00:00-04:00,15.399999618530273,15.399999618530273,15.199999809265137,15.199999809265137,1105,0.0,0.0
2023-09-22 00:00:00-04:00,15.199999809265137,15.600000381469727,15.199999809265137,15.600000381469727,1230,0.0,0.0
2023-09-25 00:00:00-04:00,15.600000381469727,15.800000190734863,15.399999618530273,15.399999618530273,1785,0.0,0.0
2023-09-26 00:00:00-04:00,15.399999618530273,16.600000381469727,15.199999809265137,15.800000190734863,305,0.0,0.0
2023-09-27 00:00:00-04:00,15.800000190734863,16.0,15.600000381469727,15.800000190734863,555,0.0,0.0
2023-09-28 00:00:00-04:00,16.0,16.399999618530273,15.600000381469727,15.600000381469727,695,0.0,0.0
2023-09-29 00:00:00-04:00,15.199999809265137,15.600000381469727,14.399999618530273,15.399999618530273,3725,0.0,0.0
2023-10-02 00:00:00-04:00,15.0,15.399999618530273,14.399999618530273,15.399999618530273,340,0.0,0.0
2023-10-03 00:00:00-04:00,15.0,15.0,14.399999618530273,15.0,260,0.0,0.0
2023-10-04 00:00:00-04:00,14.600000381469727,15.0,14.600000381469727,15.0,440,0.0,0.0
2023-10-05 00:00:00-04:00,14.600000381469727,15.399999618530273,14.600000381469727,15.0,495,0.0,0.0
2023-10-06 00:00:00-04:00,14.600000381469727,15.0,14.600000381469727,14.600000381469727,695,0.0,0.0
2023-10-09 00:00:00-04:00,14.600000381469727,15.0,14.600000381469727,15.0,120,0.0,0.0
2023-10-10 00:00:00-04:00,14.600000381469727,14.800000190734863,14.399999618530273,14.399999618530273,510,0.0,0.0
2023-10-11 00:00:00-04:00,14.399999618530273,14.600000381469727,14.0,14.0,680,0.0,0.0
2023-10-12 00:00:00-04:00,14.199999809265137,16.0,14.199999809265137,15.199999809265137,1615,0.0,0.0
2023-10-13 00:00:00-04:00,15.600000381469727,15.600000381469727,14.600000381469727,15.399999618530273,410,0.0,0.0
2023-10-16 00:00:00-04:00,15.399999618530273,15.399999618530273,14.399999618530273,14.800000190734863,505,0.0,0.0
2023-10-17 00:00:00-04:00,14.199999809265137,16.0,14.199999809265137,15.0,1640,0.0,0.0
2023-10-18 00:00:00-04:00,15.600000381469727,15.800000190734863,15.199999809265137,15.399999618530273,415,0.0,0.0
2023-10-19 00:00:00-04:00,15.0,15.0,14.399999618530273,14.600000381469727,435,0.0,0.0
2023-10-20 00:00:00-04:00,14.0,14.199999809265137,11.600000381469727,12.199999809265137,3955,0.0,0.0
2023-10-23 00:00:00-04:00,12.0,12.0,9.399999618530273,10.399999618530273,1825,0.0,0.0
2023-10-24 00:00:00-04:00,11.199999809265137,11.199999809265137,7.199999809265137,7.599999904632568,13120,0.0,0.0
2023-10-25 00:00:00-04:00,8.199999809265137,8.199999809265137,7.400000095367432,7.400000095367432,7295,0.0,0.0
2023-10-26 00:00:00-04:00,3.799999952316284,4.0,3.5999999046325684,3.799999952316284,176285,0.0,0.0
2023-10-27 00:00:00-04:00,4.0,4.0,3.5999999046325684,3.5999999046325684,53470,0.0,0.0
2023-10-30 00:00:00-04:00,4.0,4.0,3.5999999046325684,3.5999999046325684,36925,0.0,0.0
2023-10-31 00:00:00-04:00,3.799999952316284,3.799999952316284,3.200000047683716,3.200000047683716,44185,0.0,0.0
2023-11-01 00:00:00-04:00,3.4000000953674316,3.4000000953674316,3.200000047683716,3.200000047683716,19150,0.0,0.0
2023-11-02 00:00:00-04:00,3.200000047683716,3.5999999046325684,3.200000047683716,3.4000000953674316,27940,0.0,0.0
2023-11-03 00:00:00-04:00,3.5999999046325684,3.799999952316284,3.5999999046325684,3.799999952316284,68495,0.0,0.0
2023-11-06 00:00:00-05:00,3.5999999046325684,3.799999952316284,3.200000047683716,3.4000000953674316,26610,0.0,0.0
2023-11-07 00:00:00-05:00,3.4000000953674316,3.4000000953674316,3.200000047683716,3.4000000953674316,10220,0.0,0.0
2023-11-08 00:00:00-05:00,3.4000000953674316,3.4000000953674316,3.200000047683716,3.4000000953674316,8960,0.0,0.0
2023-11-09 00:00:00-05:00,3.5999999046325684,3.5999999046325684,3.200000047683716,3.4000000953674316,7035,0.0,0.0
2023-11-10 00:00:00-05:00,3.5999999046325684,3.5999999046325684,2.4000000953674316,2.799999952316284,39345,0.0,0.0
2023-11-13 00:00:00-05:00,2.799999952316284,3.4000000953674316,2.799999952316284,3.200000047683716,9505,0.0,0.0
2023-11-14 00:00:00-05:00,3.0,3.200000047683716,3.0,3.200000047683716,5665,0.0,0.0
2023-11-15 00:00:00-05:00,3.200000047683716,3.4000000953674316,3.0,3.4000000953674316,6325,0.0,0.0
2023-11-16 00:00:00-05:00,3.4000000953674316,3.4000000953674316,3.0,3.200000047683716,6440,0.0,0.0
2023-11-17 00:00:00-05:00,3.200000047683716,3.200000047683716,3.200000047683716,3.200000047683716,8860,0.0,0.0
2023-11-20 00:00:00-05:00,3.200000047683716,3.799999952316284,3.200000047683716,3.799999952316284,27075,0.0,0.0
2023-11-21 00:00:00-05:00,4.199999809265137,4.199999809265137,3.4000000953674316,3.5999999046325684,46205,0.0,0.0
2023-11-22 00:00:00-05:00,3.799999952316284,3.799999952316284,3.200000047683716,3.4000000953674316,23430,0.0,0.0
2023-11-24 00:00:00-05:00,3.4000000953674316,3.5999999046325684,2.799999952316284,3.4000000953674316,14880,0.0,0.0
2023-11-27 00:00:00-05:00,3.4000000953674316,3.799999952316284,3.200000047683716,3.4000000953674316,9855,0.0,0.0
2023-11-28 00:00:00-05:00,3.200000047683716,3.4000000953674316,3.200000047683716,3.200000047683716,3995,0.0,0.0
2023-11-29 00:00:00-05:00,3.4000000953674316,3.5999999046325684,3.200000047683716,3.200000047683716,5660,0.0,0.0
2023-11-30 00:00:00-05:00,3.5999999046325684,3.5999999046325684,3.200000047683716,3.5999999046325684,21370,0.0,0.0
2023-12-01 00:00:00-05:00,3.5999999046325684,3.5999999046325684,3.4000000953674316,3.5999999046325684,5015,0.0,0.0
2023-12-04 00:00:00-05:00,3.5999999046325684,4.0,3.5999999046325684,3.799999952316284,90600,0.0,0.0
2023-12-05 00:00:00-05:00,4.0,5.199999809265137,3.5999999046325684,4.599999904632568,1483725,0.0,0.0
2023-12-06 00:00:00-05:00,4.400000095367432,4.400000095367432,3.5999999046325684,4.199999809265137,147460,0.0,0.0
2023-12-07 00:00:00-05:00,4.0,4.400000095367432,3.799999952316284,4.0,104010,0.0,0.0
2023-12-08 00:00:00-05:00,4.0,4.199999809265137,3.5999999046325684,3.5999999046325684,51550,0.0,0.0
2023-12-11 00:00:00-05:00,3.5999999046325684,3.5999999046325684,3.4000000953674316,3.4000000953674316,45485,0.0,0.0
2023-12-12 00:00:00-05:00,3.5999999046325684,3.799999952316284,3.4000000953674316,3.4000000953674316,31190,0.0,0.0
2023-12-13 00:00:00-05:00,3.5999999046325684,3.5999999046325684,3.200000047683716,3.4000000953674316,38835,0.0,0.0
2023-12-14 00:00:00-05:00,3.799999952316284,3.799999952316284,2.5999999046325684,3.200000047683716,103600,0.0,0.0
2023-12-15 00:00:00-05:00,3.200000047683716,3.200000047683716,2.799999952316284,2.799999952316284,48200,0.0,0.0
2023-12-18 00:00:00-05:00,3.200000047683716,3.4000000953674316,3.0,3.0,56870,0.0,0.0
2023-12-19 00:00:00-05:00,3.0,3.200000047683716,3.0,3.0,24305,0.0,0.0
2023-12-20 00:00:00-05:00,3.200000047683716,3.200000047683716,3.0,3.0,17970,0.0,0.0
2023-12-21 00:00:00-05:00,3.200000047683716,3.200000047683716,3.0,3.0,17615,0.0,0.0
2023-12-22 00:00:00-05:00,3.0,3.5999999046325684,3.0,3.4000000953674316,44285,0.0,0.0
2023-12-26 00:00:00-05:00,3.4000000953674316,4.0,3.200000047683716,4.0,93000,0.0,0.0
2023-12-27 00:00:00-05:00,4.0,4.0,3.200000047683716,3.799999952316284,43565,0.0,0.0
2023-12-28 00:00:00-05:00,3.799999952316284,4.0,3.5999999046325684,4.0,33145,0.0,0.0
2023-12-29 00:00:00-05:00,3.799999952316284,3.799999952316284,3.4000000953674316,3.5999999046325684,46930,0.0,0.0
2024-01-02 00:00:00-05:00,3.5999999046325684,3.799999952316284,3.5999999046325684,3.5999999046325684,21590,0.0,0.0
2024-01-03 00:00:00-05:00,3.799999952316284,3.799999952316284,3.4000000953674316,3.799999952316284,13740,0.0,0.0
2024-01-04 00:00:00-05:00,3.799999952316284,3.799999952316284,3.4000000953674316,3.799999952316284,13390,0.0,0.0
2024-01-05 00:00:00-05:00,3.5999999046325684,3.5999999046325684,3.5999999046325684,3.5999999046325684,5195,0.0,0.0
2024-01-08 00:00:00-05:00,3.799999952316284,3.799999952316284,3.5999999046325684,3.5999999046325684,7330,0.0,0.0
2024-01-09 00:00:00-05:00,3.5999999046325684,4.599999904632568,3.4000000953674316,3.5999999046325684,690990,0.0,0.0
2024-01-10 00:00:00-05:00,4.0,4.400000095367432,3.200000047683716,4.199999809265137,291160,0.0,0.0
2024-01-11 00:00:00-05:00,4.0,4.800000190734863,3.799999952316284,4.599999904632568,357210,0.0,0.0
2024-01-12 00:00:00-05:00,4.400000095367432,4.599999904632568,3.4000000953674316,3.5999999046325684,190555,0.0,0.0
2024-01-16 00:00:00-05:00,3.799999952316284,4.0,3.4000000953674316,3.5999999046325684,95540,0.0,0.0
2024-01-17 00:00:00-05:00,3.5999999046325684,4.0,3.4000000953674316,3.5999999046325684,42415,0.0,0.0
2024-01-18 00:00:00-05:00,3.5999999046325684,3.5999999046325684,3.200000047683716,3.4000000953674316,75555,0.0,0.0
2024-01-19 00:00:00-05:00,3.200000047683716,3.5999999046325684,3.0,3.4000000953674316,43435,0.0,0.0
2024-01-22 00:00:00-05:00,3.4000000953674316,3.4000000953674316,3.200000047683716,3.200000047683716,16505,0.0,0.0
2024-01-23 00:00:00-05:00,3.4000000953674316,3.5999999046325684,3.4000000953674316,3.4000000953674316,18675,0.0,0.0
2024-01-24 00:00:00-05:00,3.4000000953674316,3.5999999046325684,3.200000047683716,3.4000000953674316,35805,0.0,0.0
2024-01-25 00:00:00-05:00,3.200000047683716,3.5999999046325684,3.200000047683716,3.4000000953674316,36630,0.0,0.0
2024-01-26 00:00:00-05:00,3.4000000953674316,3.5999999046325684,3.200000047683716,3.200000047683716,64180,0.0,0.0
2024-01-29 00:00:00-05:00,3.5999999046325684,3.5999999046325684,2.799999952316284,3.4000000953674316,46080,0.0,0.0
2024-01-30 00:00:00-05:00,3.200000047683716,3.4000000953674316,3.0,3.200000047683716,56850,0.0,0.0
2024-01-31 00:00:00-05:00,3.0,6.400000095367432,3.0,3.799999952316284,2635625,0.0,0.0
2024-02-01 00:00:00-05:00,3.4000000953674316,3.799999952316284,3.200000047683716,3.4000000953674316,145160,0.0,0.0
2024-02-02 00:00:00-05:00,3.4000000953674316,3.4000000953674316,3.200000047683716,3.200000047683716,60745,0.0,0.0
2024-02-05 00:00:00-05:00,3.200000047683716,3.4000000953674316,3.200000047683716,3.200000047683716,41095,0.0,0.0
2024-02-06 00:00:00-05:00,3.200000047683716,3.4000000953674316,3.0,3.200000047683716,30945,0.0,0.0
2024-02-07 00:00:00-05:00,3.0,3.4000000953674316,3.0,3.200000047683716,48115,0.0,0.0
2024-02-08 00:00:00-05:00,3.799999952316284,3.799999952316284,3.0,3.200000047683716,68855,0.0,0.0
2024-02-09 00:00:00-05:00,3.200000047683716,3.4000000953674316,3.200000047683716,3.200000047683716,29075,0.0,0.0
2024-02-12 00:00:00-05:00,3.200000047683716,3.4000000953674316,3.200000047683716,3.4000000953674316,17930,0.0,0.0
2024-02-13 00:00:00-05:00,3.200000047683716,3.4000000953674316,3.0,3.200000047683716,14420,0.0,0.0
2024-02-14 00:00:00-05:00,3.0,3.200000047683716,3.0,3.0,28145,0.0,0.0
2024-02-15 00:00:00-05:00,3.200000047683716,3.200000047683716,3.0,3.200000047683716,14975,0.0,0.0
2024-02-16 00:00:00-05:00,3.0,3.200000047683716,3.0,3.200000047683716,9020,0.0,0.0
2024-02-20 00:00:00-05:00,3.0,3.200000047683716,3.0,3.200000047683716,14525,0.0,0.0
2024-02-21 00:00:00-05:00,3.200000047683716,3.4000000953674316,3.0,3.0,5215,0.0,0.0
2024-02-22 00:00:00-05:00,3.0,3.200000047683716,3.0,3.0,18295,0.0,0.0
2024-02-23 00:00:00-05:00,3.0,3.200000047683716,2.799999952316284,3.0,13625,0.0,0.0
2024-02-26 00:00:00-05:00,3.0,3.0,2.799999952316284,3.0,13855,0.0,0.0
2024-02-27 00:00:00-05:00,3.0,3.200000047683716,2.799999952316284,3.0,20140,0.0,0.0
2024-02-28 00:00:00-05:00,3.0,3.0,2.799999952316284,2.799999952316284,10475,0.0,0.0
2024-02-29 00:00:00-05:00,3.0,3.0,2.799999952316284,3.0,11765,0.0,0.0
2024-03-01 00:00:00-05:00,3.0,3.200000047683716,2.799999952316284,3.200000047683716,15525,0.0,0.0
2024-03-04 00:00:00-05:00,3.0,3.200000047683716,2.799999952316284,3.0,15725,0.0,0.0
2024-03-05 00:00:00-05:00,3.0,3.200000047683716,2.799999952316284,3.200000047683716,39400,0.0,0.0
2024-03-06 00:00:00-05:00,3.200000047683716,3.200000047683716,3.0,3.0,7085,0.0,0.0
2024-03-07 00:00:00-05:00,3.0,3.0,2.799999952316284,3.0,4630,0.0,0.0
2024-03-08 00:00:00-05:00,3.0,3.200000047683716,3.0,3.0,15270,0.0,0.0
2024-03-11 00:00:00-04:00,3.200000047683716,3.200000047683716,2.799999952316284,3.0,21785,0.0,0.0
2024-03-12 00:00:00-04:00,3.0,3.0,2.5999999046325684,2.799999952316284,33465,0.0,0.0
2024-03-13 00:00:00-04:00,2.799999952316284,2.799999952316284,2.5999999046325684,2.799999952316284,14045,0.0,0.0
2024-03-14 00:00:00-04:00,2.799999952316284,2.799999952316284,2.5999999046325684,2.5999999046325684,12150,0.0,0.0
2024-03-15 00:00:00-04:00,2.799999952316284,2.799999952316284,2.5999999046325684,2.799999952316284,10550,0.0,0.0
2024-03-18 00:00:00-04:00,2.799999952316284,3.0,2.5999999046325684,2.799999952316284,14280,0.0,0.0
2024-03-19 00:00:00-04:00,3.0,3.0,2.5999999046325684,2.799999952316284,8655,0.0,0.0
2024-03-20 00:00:00-04:00,2.799999952316284,2.799999952316284,2.5999999046325684,2.799999952316284,24605,0.0,0.0
2024-03-21 00:00:00-04:00,2.799999952316284,2.799999952316284,2.5999999046325684,2.5999999046325684,9595,0.0,0.0
2024-03-22 00:00:00-04:00,2.5999999046325684,3.0,2.5999999046325684,2.799999952316284,25545,0.0,0.0
2024-03-25 00:00:00-04:00,2.799999952316284,3.200000047683716,2.799999952316284,2.799999952316284,10585,0.0,0.0
2024-03-26 00:00:00-04:00,2.799999952316284,3.4000000953674316,2.799999952316284,3.200000047683716,120095,0.0,0.0
2024-03-27 00:00:00-04:00,3.4000000953674316,3.5999999046325684,3.0,3.4000000953674316,169870,0.0,0.0
2024-03-28 00:00:00-04:00,3.200000047683716,3.799999952316284,3.0,3.4000000953674316,166150,0.0,0.0
2024-04-01 00:00:00-04:00,3.0,3.200000047683716,3.0,3.0,45905,0.0,0.0
2024-04-02 00:00:00-04:00,3.0,3.0,2.799999952316284,2.799999952316284,29980,0.0,0.0
2024-04-03 00:00:00-04:00,2.799999952316284,3.200000047683716,2.799999952316284,3.200000047683716,23195,0.0,0.0
2024-04-04 00:00:00-04:00,3.0,3.200000047683716,3.0,3.200000047683716,35420,0.0,0.0
2024-04-05 00:00:00-04:00,3.4000000953674316,3.4000000953674316,3.0,3.0,7525,0.0,0.0
2024-04-08 00:00:00-04:00,3.0,3.0,2.799999952316284,3.0,9700,0.0,0.0
2024-04-09 00:00:00-04:00,3.200000047683716,3.4000000953674316,3.0,3.200000047683716,34920,0.0,0.0
2024-04-10 00:00:00-04:00,3.0,3.4000000953674316,3.0,3.4000000953674316,41140,0.0,0.0
2024-04-11 00:00:00-04:00,3.5999999046325684,3.5999999046325684,3.200000047683716,3.4000000953674316,17135,0.0,0.0
2024-04-12 00:00:00-04:00,3.4000000953674316,3.5999999046325684,3.200000047683716,3.5999999046325684,39595,0.0,0.0
2024-04-15 00:00:00-04:00,3.5999999046325684,3.799999952316284,3.200000047683716,3.200000047683716,18590,0.0,0.0
2024-04-16 00:00:00-04:00,3.200000047683716,3.5999999046325684,3.0,3.4000000953674316,11580,0.0,0.0
2024-04-17 00:00:00-04:00,3.4000000953674316,3.5999999046325684,3.200000047683716,3.4000000953674316,8970,0.0,0.0
2024-04-18 00:00:00-04:00,3.4000000953674316,3.4000000953674316,3.200000047683716,3.200000047683716,6330,0.0,0.0
2024-04-19 00:00:00-04:00,3.0,3.200000047683716,3.0,3.0,8325,0.0,0.0
2024-04-22 00:00:00-04:00,3.200000047683716,3.200000047683716,3.0,3.200000047683716,4600,0.0,0.0
2024-04-23 00:00:00-04:00,3.200000047683716,3.200000047683716,3.0,3.200000047683716,7925,0.0,0.0
2024-04-24 00:00:00-04:00,3.0,3.4000000953674316,3.0,3.200000047683716,5945,0.0,0.0
2024-04-25 00:00:00-04:00,3.4000000953674316,3.4000000953674316,3.200000047683716,3.200000047683716,5645,0.0,0.0
2024-04-26 00:00:00-04:00,3.4000000953674316,3.4000000953674316,3.0,3.200000047683716,5430,0.0,0.0
2024-04-29 00:00:00-04:00,3.200000047683716,3.4000000953674316,3.0,3.200000047683716,11795,0.0,0.0
2024-04-30 00:00:00-04:00,3.200000047683716,3.200000047683716,3.0,3.200000047683716,1700,0.0,0.0
2024-05-01 00:00:00-04:00,3.200000047683716,3.200000047683716,3.0,3.0,7305,0.0,0.0
2024-05-02 00:00:00-04:00,3.0,3.4000000953674316,2.799999952316284,3.0,12525,0.0,0.0
2024-05-03 00:00:00-04:00,3.0,3.4000000953674316,3.0,3.200000047683716,2795,0.0,0.0
2024-05-06 00:00:00-04:00,3.0,3.200000047683716,3.0,3.0,3095,0.0,0.0
2024-05-07 00:00:00-04:00,3.0,3.200000047683716,2.799999952316284,3.0,9600,0.0,0.0
2024-05-08 00:00:00-04:00,3.0,3.200000047683716,3.0,3.0,3130,0.0,0.0
2024-05-09 00:00:00-04:00,3.200000047683716,3.200000047683716,3.0,3.0,29115,0.0,0.0
2024-05-10 00:00:00-04:00,3.0,3.200000047683716,2.799999952316284,3.0,12430,0.0,0.0
2024-05-13 00:00:00-04:00,3.0,3.200000047683716,3.0,3.0,6525,0.0,0.0
2024-05-14 00:00:00-04:00,2.799999952316284,3.0,2.799999952316284,3.0,4145,0.0,0.0
2024-05-15 00:00:00-04:00,3.0,3.0,3.0,3.0,9205,0.0,0.0
2024-05-16 00:00:00-04:00,3.0,5.400000095367432,3.0,5.0,701330,0.0,0.0
2024-05-17 00:00:00-04:00,5.800000190734863,6.0,3.799999952316284,4.800000190734863,1048445,0.0,0.0
2024-05-20 00:00:00-04:00,5.0,5.199999809265137,4.199999809265137,4.599999904632568,364450,0.0,0.0
2024-05-21 00:00:00-04:00,4.400000095367432,4.400000095367432,3.4000000953674316,4.0,236460,0.0,0.0
2024-05-22 00:00:00-04:00,3.5999999046325684,4.0,3.5999999046325684,3.5999999046325684,56470,0.0,0.0
2024-05-23 00:00:00-04:00,3.200000047683716,3.799999952316284,3.200000047683716,3.799999952316284,55175,0.0,0.0
2024-05-24 00:00:00-04:00,3.799999952316284,4.400000095367432,3.5999999046325684,4.0,100320,0.0,0.0
2024-05-28 00:00:00-04:00,3.799999952316284,4.199999809265137,3.5999999046325684,4.0,110180,0.0,0.0
2024-05-29 00:00:00-04:00,4.0,6.599999904632568,3.799999952316284,5.199999809265137,2769085,0.0,0.0
2024-05-30 00:00:00-04:00,4.599999904632568,5.199999809265137,4.0,4.199999809265137,339200,0.0,0.0
2024-05-31 00:00:00-04:00,4.0,4.199999809265137,3.799999952316284,4.0,82355,0.0,0.0
2024-06-03 00:00:00-04:00,4.0,4.0,3.799999952316284,4.0,51815,0.0,0.0
2024-06-04 00:00:00-04:00,3.799999952316284,4.199999809265137,3.799999952316284,3.799999952316284,66420,0.0,0.0
2024-06-05 00:00:00-04:00,3.799999952316284,3.799999952316284,3.5999999046325684,3.799999952316284,46435,0.0,0.0
2024-06-06 00:00:00-04:00,3.5999999046325684,4.0,3.5999999046325684,3.799999952316284,61780,0.0,0.0
2024-06-07 00:00:00-04:00,3.799999952316284,4.199999809265137,3.5999999046325684,4.199999809265137,134925,0.0,0.0
2024-06-10 00:00:00-04:00,4.199999809265137,4.400000095367432,4.0,4.199999809265137,50875,0.0,0.0
2024-06-11 00:00:00-04:00,4.199999809265137,4.199999809265137,4.0,4.0,32945,0.0,0.0
2024-06-12 00:00:00-04:00,4.0,4.0,3.799999952316284,3.799999952316284,40450,0.0,0.0
2024-06-13 00:00:00-04:00,3.799999952316284,3.799999952316284,3.4000000953674316,3.5999999046325684,63220,0.0,0.0
2024-06-14 00:00:00-04:00,3.799999952316284,3.799999952316284,3.4000000953674316,3.5999999046325684,51025,0.0,0.0
2024-06-17 00:00:00-04:00,3.4000000953674316,3.5999999046325684,3.200000047683716,3.4000000953674316,377715,0.0,0.0
2024-06-18 00:00:00-04:00,5.400000095367432,6.0,3.799999952316284,3.799999952316284,3974460,0.0,0.0
2024-06-20 00:00:00-04:00,3.4000000953674316,4.199999809265137,3.4000000953674316,4.0,492410,0.0,0.0
2024-06-21 00:00:00-04:00,3.799999952316284,4.400000095367432,3.5999999046325684,4.0,179080,0.0,0.0
2024-06-24 00:00:00-04:00,4.0,4.0,3.799999952316284,3.799999952316284,77925,0.0,0.0
2024-06-25 00:00:00-04:00,4.0,4.0,3.5999999046325684,3.799999952316284,45435,0.0,0.0
2024-06-26 00:00:00-04:00,3.799999952316284,3.799999952316284,3.4000000953674316,3.5999999046325684,60470,0.0,0.0
2024-06-27 00:00:00-04:00,3.4000000953674316,4.400000095367432,3.4000000953674316,4.199999809265137,105000,0.0,0.0
2024-06-28 00:00:00-04:00,4.0,4.800000190734863,4.0,4.199999809265137,300270,0.0,0.0
2024-07-01 00:00:00-04:00,4.199999809265137,4.599999904632568,4.199999809265137,4.599999904632568,95545,0.0,0.0
2024-07-02 00:00:00-04:00,4.599999904632568,4.800000190734863,4.400000095367432,4.599999904632568,40430,0.0,0.0
2024-07-03 00:00:00-04:00,4.800000190734863,6.599999904632568,4.599999904632568,5.599999904632568,523810,0.0,0.0
2024-07-05 00:00:00-04:00,5.400000095367432,7.800000190734863,5.400000095367432,7.199999809265137,436830,0.0,0.0
2024-07-08 00:00:00-04:00,6.800000190734863,6.800000190734863,5.800000190734863,6.0,151750,0.0,0.0
2024-07-09 00:00:00-04:00,6.0,6.199999809265137,5.599999904632568,5.599999904632568,97100,0.0,0.0
2024-07-10 00:00:00-04:00,5.400000095367432,5.599999904632568,5.0,5.199999809265137,58190,0.0,0.0
2024-07-11 00:00:00-04:00,5.199999809265137,9.399999618530273,5.0,7.0,1448110,0.0,0.0
2024-07-12 00:00:00-04:00,6.400000095367432,7.800000190734863,6.400000095367432,7.400000095367432,188340,0.0,0.0
2024-07-15 00:00:00-04:00,7.199999809265137,8.800000190734863,7.199999809265137,7.800000190734863,137555,0.0,0.0
2024-07-16 00:00:00-04:00,8.399999618530273,9.0,7.800000190734863,8.0,82540,0.0,0.0
2024-07-17 00:00:00-04:00,8.399999618530273,9.0,8.0,8.600000381469727,88790,0.0,0.0
2024-07-18 00:00:00-04:00,9.0,9.0,6.599999904632568,6.800000190734863,118615,0.0,0.0
2024-07-19 00:00:00-04:00,7.0,7.400000095367432,6.0,6.199999809265137,56905,0.0,0.0
2024-07-22 00:00:00-04:00,7.0,8.600000381469727,6.599999904632568,8.399999618530273,243760,0.0,0.0
2024-07-23 00:00:00-04:00,8.199999809265137,8.600000381469727,7.199999809265137,7.400000095367432,66530,0.0,0.0
2024-07-24 00:00:00-04:00,7.599999904632568,8.0,7.199999809265137,7.199999809265137,23220,0.0,0.0
2024-07-25 00:00:00-04:00,7.199999809265137,7.599999904632568,7.0,7.599999904632568,30475,0.0,0.0
2024-07-26 00:00:00-04:00,7.400000095367432,7.800000190734863,7.0,7.0,35990,0.0,0.0
2024-07-29 00:00:00-04:00,7.0,7.0,5.400000095367432,6.199999809265137,67750,0.0,0.0
2024-07-30 00:00:00-04:00,6.199999809265137,8.600000381469727,6.199999809265137,7.599999904632568,177635,0.0,0.0
2024-07-31 00:00:00-04:00,7.400000095367432,8.199999809265137,6.599999904632568,7.400000095367432,101495,0.0,0.0
2024-08-01 00:00:00-04:00,7.400000095367432,7.800000190734863,7.0,7.0,20770,0.0,0.0
2024-08-02 00:00:00-04:00,7.0,7.599999904632568,6.400000095367432,6.400000095367432,33465,0.0,0.0
2024-08-05 00:00:00-04:00,5.599999904632568,6.199999809265137,5.599999904632568,6.0,60170,0.0,0.0
2024-08-06 00:00:00-04:00,6.199999809265137,6.400000095367432,6.0,6.0,18740,0.0,0.0
2024-08-07 00:00:00-04:00,6.199999809265137,6.400000095367432,5.400000095367432,5.400000095367432,52965,0.0,0.0
2024-08-08 00:00:00-04:00,5.599999904632568,6.199999809265137,5.599999904632568,6.199999809265137,35215,0.0,0.0
2024-08-09 00:00:00-04:00,5.800000190734863,5.800000190734863,4.199999809265137,5.0,83355,0.0,0.0
2024-08-12 00:00:00-04:00,5.0,5.0,4.0,4.400000095367432,48045,0.0,0.0
2024-08-13 00:00:00-04:00,4.599999904632568,5.0,4.400000095367432,4.800000190734863,12720,0.0,0.0
2024-08-14 00:00:00-04:00,4.800000190734863,5.0,4.599999904632568,4.800000190734863,18960,0.0,0.0
2024-08-15 00:00:00-04:00,4.800000190734863,4.800000190734863,4.599999904632568,4.599999904632568,26650,0.0,0.0
2024-08-16 00:00:00-04:00,4.599999904632568,5.0,4.599999904632568,5.0,35730,0.0,0.0
2024-08-19 00:00:00-04:00,5.400000095367432,5.400000095367432,5.199999809265137,5.199999809265137,40505,0.0,0.0
2024-08-20 00:00:00-04:00,5.0,5.199999809265137,4.800000190734863,4.800000190734863,15110,0.0,0.0
2024-08-21 00:00:00-04:00,5.400000095367432,5.599999904632568,4.0,4.400000095367432,915555,0.0,0.0
2024-08-22 00:00:00-04:00,4.400000095367432,4.800000190734863,4.400000095367432,4.599999904632568,65460,0.0,0.0
2024-08-23 00:00:00-04:00,4.599999904632568,5.0,4.599999904632568,4.800000190734863,33770,0.0,0.0
2024-08-26 00:00:00-04:00,4.400000095367432,4.800000190734863,4.400000095367432,4.599999904632568,80680,0.0,0.0
2024-08-27 00:00:00-04:00,4.800000190734863,4.800000190734863,4.199999809265137,4.400000095367432,38685,0.0,0.0
2024-08-28 00:00:00-04:00,3.799999952316284,4.0,3.200000047683716,3.200000047683716,151505,0.0,0.0
2024-08-29 00:00:00-04:00,3.200000047683716,3.4000000953674316,3.0,3.200000047683716,54520,0.0,0.0
2024-08-30 00:00:00-04:00,3.0899999141693115,3.890000104904175,2.950000047683716,3.299999952316284,206700,0.0,0.0
2024-09-03 00:00:00-04:00,3.25,3.390000104904175,2.700000047683716,2.809999942779541,76900,0.0,0.0
2024-09-04 00:00:00-04:00,2.7300000190734863,3.200000047683716,2.7300000190734863,3.200000047683716,86300,0.0,0.0
2024-09-05 00:00:00-04:00,3.2200000286102295,3.4000000953674316,3.140000104904175,3.1600000858306885,67700,0.0,0.0
2024-09-06 00:00:00-04:00,3.1600000858306885,3.3399999141693115,3.0999999046325684,3.2799999713897705,29800,0.0,0.0
