Date,Open,High,Low,Close,Volume,Dividends,Stock Splits
2010-12-07 00:00:00-05:00,13.71694129101463,14.343025955491045,13.375440466245568,14.058442115783691,10577600,0.0,0.0
2010-12-08 00:00:00-05:00,13.950298032478605,14.79835762779961,13.887689248968657,14.599148750305176,865200,0.0,0.0
2010-12-09 00:00:00-05:00,14.428402868939106,14.940653633540215,14.422711061092263,14.553619384765625,877800,0.0,0.0
2010-12-10 00:00:00-05:00,14.439783735457702,14.678834191505835,14.394250366953349,14.59345817565918,436900,0.0,0.0
2010-12-13 00:00:00-05:00,14.513771100043886,15.191080722014169,14.50807929483059,15.094322204589844,397800,0.0,0.0
2010-12-14 00:00:00-05:00,15.026022025410048,15.139855961487747,14.678830583014722,15.105706214904785,250500,0.0,0.0
2010-12-15 00:00:00-05:00,15.117085097458826,15.447202129818976,14.502384379077837,14.832501411437988,396100,0.0,0.0
2010-12-16 00:00:00-05:00,14.775586825983131,15.32767996016129,14.769896106678896,15.259379386901855,133000,0.0,0.0
2010-12-17 00:00:00-05:00,15.36183001407809,15.680563495987451,15.310604854499697,15.543963432312012,101600,0.0,0.0
2010-12-20 00:00:00-05:00,15.487052022935465,16.164361864845315,15.475669494413523,15.66918659210205,149300,0.0,0.0
2010-12-21 00:00:00-05:00,15.726095027620927,15.765937658141855,15.139853291336097,15.395977973937988,139200,0.0,0.0
2010-12-22 00:00:00-05:00,15.282152425248881,15.29922676086426,14.917884371837001,15.299226760864258,157500,0.0,0.0
2010-12-23 00:00:00-05:00,15.213847504207985,15.287839889526369,15.196773173442889,15.287839889526367,135200,0.0,0.0
2010-12-27 00:00:00-05:00,15.225235558633342,15.225235558633342,15.04310207331037,15.088635444641113,97000,0.0,0.0
2010-12-28 00:00:00-05:00,15.054482934956726,15.282149749983464,15.026023904577755,15.253690719604492,204000,0.0,0.0
2010-12-29 00:00:00-05:00,15.105701913607346,15.452893257141113,15.082934698634347,15.452893257141113,75200,0.0,0.0
2010-12-30 00:00:00-05:00,15.373215120846504,15.4756654499778,15.282148402863333,15.384598731994629,298000,0.0,0.0
2010-12-31 00:00:00-05:00,15.367521508895635,15.395979447819943,15.2479968626926,15.259379386901855,49800,0.0,0.0
2011-01-03 00:00:00-05:00,15.321988883880394,15.39598017996266,15.088630299681393,15.367522239685059,253500,0.0,0.0
2011-01-04 00:00:00-05:00,15.367527578955176,15.47566974366431,15.156935056690145,15.45859432220459,232300,0.0,0.0
2011-01-05 00:00:00-05:00,15.37321657269161,15.578117250305002,15.293533458331298,15.561041831970215,61800,0.0,0.0
2011-01-06 00:00:00-05:00,15.526890382864606,16.027757324298545,15.339065144126767,15.930998802185059,116100,0.0,0.0
2011-01-07 00:00:00-05:00,15.879776744522722,16.01068503957623,15.600884734608295,15.822859764099121,288300,0.0,0.0
2011-01-10 00:00:00-05:00,15.652109889595836,15.919618285983441,15.407367633989615,15.595192909240723,121100,0.0,0.0
2011-01-11 00:00:00-05:00,15.612269971788239,15.731794666069662,15.435828291162759,15.703336715698242,188900,0.0,0.0
2011-01-12 00:00:00-05:00,15.754561914436051,16.209895634552208,15.6122699911996,16.13590431213379,172300,0.0,0.0
2011-01-13 00:00:00-05:00,15.999302096198958,16.198509894103093,15.874084525400841,15.953768730163574,130200,0.0,0.0
2011-01-14 00:00:00-05:00,15.987917903499122,16.20420111292357,15.913925507874229,16.113134384155273,249000,0.0,0.0
2011-01-18 00:00:00-05:00,16.278196895057224,17.21732340935641,16.1757465324789,16.69938087463379,692000,0.0,0.0
2011-01-19 00:00:00-05:00,16.898586776988765,16.98965350845268,16.39202686191954,16.431869506835938,227700,0.0,0.0
2011-01-20 00:00:00-05:00,16.44325411535595,17.097797823302493,15.521203071175895,16.739221572875977,354600,0.0,0.0
2011-01-21 00:00:00-05:00,16.790446751508338,16.835980123003633,16.056219914845325,16.739221572875977,118100,0.0,0.0
2011-01-24 00:00:00-05:00,16.733521320616,17.205930218563434,16.226962682682185,17.131938934326172,129400,0.0,0.0
2011-01-25 00:00:00-05:00,17.097793497003988,17.632810205296767,16.99534316566254,17.183168411254883,204000,0.0,0.0
2011-01-26 00:00:00-05:00,17.205931994697966,17.536049076912057,16.847356973824343,17.302690505981445,125200,0.0,0.0
2011-01-27 00:00:00-05:00,17.211624074716863,17.416524710263747,17.07502401288587,17.296998977661133,37300,0.0,0.0
2011-01-28 00:00:00-05:00,17.194553149662568,17.50759598966648,16.494477242877338,17.4051456451416,256400,0.0,0.0
2011-01-31 00:00:00-05:00,17.951543109955765,18.048300540832468,17.21731652863785,17.490516662597656,202900,0.0,0.0
2011-02-01 00:00:00-05:00,17.776820894684683,17.776820894684683,17.17798713366147,17.480255126953125,85500,0.062,0.0
2011-02-02 00:00:00-05:00,17.360483683392673,17.91939517367635,17.132356655500914,17.200794219970703,88600,0.0,0.0
2011-02-03 00:00:00-05:00,17.309154455784604,17.428920733973182,16.68180433173299,16.755945205688477,287900,0.0,0.0
2011-02-04 00:00:00-05:00,16.86431273888061,17.149471902102253,16.755951952273538,17.120956420898438,131500,0.0,0.0
2011-02-07 00:00:00-05:00,17.217909347577006,17.53158396955199,17.109548568725586,17.109548568725586,97200,0.0,0.0
2011-02-08 00:00:00-05:00,17.132360962607436,18.010650512743155,17.08103223245322,17.793930053710938,270600,0.0,0.0
2011-02-09 00:00:00-05:00,17.90228836986546,17.965023721431738,17.771115441859298,17.88517951965332,45100,0.0,0.0
2011-02-10 00:00:00-05:00,17.822445125554395,18.09619762161194,17.411816381468082,17.668458938598633,74100,0.0,0.0
2011-02-11 00:00:00-05:00,17.77112077603742,17.77112077603742,17.520180382245723,17.69127655029297,78300,0.0,0.0
2011-02-14 00:00:00-05:00,17.873769363969256,18.375649901779003,17.83384727096528,17.930801391601562,219900,0.0,0.0
2011-02-15 00:00:00-05:00,18.02205522303019,18.204556871823105,17.9650231858335,18.181743621826172,201500,0.0,0.0
2011-02-16 00:00:00-05:00,18.39846529652251,18.47831167688754,18.250183512741703,18.375654220581055,220700,0.0,0.0
2011-02-17 00:00:00-05:00,18.39275951113404,18.41557275825093,18.0277562596278,18.30721092224121,91500,0.0,0.0
2011-02-18 00:00:00-05:00,18.3699498171998,18.79198626813009,18.30151223820268,18.444091796875,159600,0.0,0.0
2011-02-22 00:00:00-05:00,18.55245696945729,18.60949011516188,17.907997652139773,18.19886016845703,172300,0.0,0.0
2011-02-23 00:00:00-05:00,18.250180239665458,18.307211182678003,17.970724485281043,18.215961456298828,72100,0.0,0.0
2011-02-24 00:00:00-05:00,18.381360421997886,18.38706482391081,18.044872503667644,18.273000717163086,147100,0.0,0.0
2011-02-25 00:00:00-05:00,18.250182836342226,18.65510824588165,18.250182836342226,18.59237289428711,101100,0.0,0.0
2011-02-28 00:00:00-05:00,18.655105461717696,18.763467298514566,18.44979058735626,18.6893253326416,36600,0.0,0.0
2011-03-01 00:00:00-05:00,18.809094424634246,18.963080603386846,18.21596404810687,18.59237289428711,103300,0.0,0.0
2011-03-02 00:00:00-05:00,18.592370070560722,19.071437384279747,18.42697946717457,18.809091567993164,170900,0.0,0.0
2011-03-03 00:00:00-05:00,18.894637719911554,19.05432607868808,18.649400782881475,18.6665096282959,164400,0.0,0.0
2011-03-04 00:00:00-05:00,18.660809568150327,19.18550119386068,18.615183074301964,18.945968627929688,76000,0.0,0.0
2011-03-07 00:00:00-05:00,18.923153789262187,19.385112210459322,18.923153789262187,19.3622989654541,204000,0.0,0.0
2011-03-08 00:00:00-05:00,19.2653547397425,19.322387884754118,18.99730657276,19.15129280090332,250000,0.0,0.0
2011-03-09 00:00:00-05:00,19.18550788645367,19.328087466080216,18.64940945027087,18.917457580566406,273600,0.0,0.0
2011-03-10 00:00:00-05:00,18.809097772736923,18.854724282233338,18.08479325141922,18.36425018310547,415600,0.0,0.0
2011-03-11 00:00:00-05:00,18.25589024921927,18.64370691874948,17.565805536752137,18.449798583984375,496300,0.0,0.0
2011-03-14 00:00:00-04:00,18.387063655768944,18.57526757069287,18.176045398030567,18.278701782226562,317900,0.0,0.0
2011-03-15 00:00:00-04:00,18.033459827949454,18.512526058468804,17.879473671106354,18.215961456298828,535600,0.0,0.0
2011-03-16 00:00:00-04:00,18.335734702466066,19.13417903832787,18.14752861418093,18.36425018310547,474500,0.0,0.0
2011-03-17 00:00:00-04:00,18.535345202094323,19.037225927501325,18.48971869269745,19.02011489868164,236700,0.0,0.0
2011-03-18 00:00:00-04:00,19.10566056928606,20.24059479618445,18.96878323779813,19.85848045349121,1085000,0.0,0.0
2011-03-21 00:00:00-04:00,19.915511472469255,20.371767795227658,19.590430256638292,20.2405948638916,117300,0.0,0.0
2011-03-22 00:00:00-04:00,20.309036450915777,20.776697316023537,19.87559329385524,20.674039840698242,111800,0.0,0.0
2011-03-23 00:00:00-04:00,20.930680613335376,20.930680613335376,19.647464526114984,19.938325881958008,362400,0.0,0.0
2011-03-24 00:00:00-04:00,19.944030360702307,19.96113921240937,19.504885036958317,19.818559646606445,164000,0.0,0.0
2011-03-25 00:00:00-04:00,19.864191495346553,20.32614802043417,19.852784865942994,20.160755157470703,108300,0.0,0.0
2011-03-28 00:00:00-04:00,20.16074430939813,20.2006664030333,19.847069784154254,20.063791275024414,186900,0.0,0.0
2011-03-29 00:00:00-04:00,20.063798750483475,20.360364539119768,19.92692139588528,20.16645622253418,90900,0.0,0.0
2011-03-30 00:00:00-04:00,20.24059179745197,20.49153099647882,20.00105704673407,20.246294021606445,171200,0.0,0.0
2011-03-31 00:00:00-04:00,20.21207301096562,20.725360179586882,19.90980510921695,20.6683292388916,1790800,0.0,0.0
2011-04-01 00:00:00-04:00,20.634108251488584,20.94778275950455,20.36035583491515,20.554264068603516,390000,0.0,0.0
2011-04-04 00:00:00-04:00,20.816615105952987,20.8223173309136,19.13988031624802,19.3223819732666,687700,0.0,0.0
2011-04-05 00:00:00-04:00,19.282454783526624,19.47065861584271,18.79198089386836,19.3622989654541,263300,0.0,0.0
2011-04-06 00:00:00-04:00,19.42503825863109,19.681679702654236,19.07143941578851,19.259645462036133,141000,0.0,0.0
2011-04-07 00:00:00-04:00,19.208317617727726,19.208317617727726,18.991596087285476,19.162691116333008,85800,0.0,0.0
2011-04-08 00:00:00-04:00,19.28246200435116,19.28246200435116,18.91175424876285,19.099960327148438,93000,0.0,0.0
2011-04-11 00:00:00-04:00,19.042926876346275,19.145584340013226,18.706439006680498,18.85472297668457,87800,0.0,0.0
2011-04-12 00:00:00-04:00,18.79768574634394,18.97448515647514,18.067679208805487,18.69502830505371,201800,0.0,0.0
2011-04-13 00:00:00-04:00,18.672220543438964,19.24253879591846,18.672220543438964,19.122770309448242,204500,0.0,0.0
2011-04-14 00:00:00-04:00,18.945975637974243,19.151290585076833,18.255888804525707,18.974491119384766,288300,0.0,0.0
2011-04-15 00:00:00-04:00,18.928859868846217,19.288160936306344,18.923157644228667,19.259645462036133,310700,0.0,0.0
2011-04-18 00:00:00-04:00,19.151287620405583,19.293867180978257,18.92315945325273,19.242538452148438,283100,0.0,0.0
2011-04-19 00:00:00-04:00,19.307505097395286,19.307505097395286,18.73828349491906,18.81877899169922,403600,0.273,0.0
2011-04-20 00:00:00-04:00,18.807279764475037,20.302204001794703,18.80153102600016,20.12396240234375,4308100,0.0,0.0
2011-04-21 00:00:00-04:00,20.037722121126823,20.238963122910757,19.63524450423598,19.91697883605957,320600,0.0,0.0
2011-04-25 00:00:00-04:00,19.836476749453915,20.100962579712235,19.365001245658558,19.85947608947754,293100,0.0,0.0
2011-04-26 00:00:00-04:00,19.778986298898612,20.53219625859946,19.52024913233257,20.42295265197754,384200,0.0,0.0
2011-04-27 00:00:00-04:00,20.457452073753505,20.710438311954313,20.34820627164756,20.68743896484375,189400,0.0,0.0
2011-04-28 00:00:00-04:00,20.57819229107264,20.72193489909633,20.129713862568792,20.555192947387695,303000,0.0,0.0
2011-04-29 00:00:00-04:00,20.572444151955924,20.583943825359903,20.060720748840225,20.135467529296875,339000,0.0,0.0
2011-05-02 00:00:00-04:00,20.21596536670587,20.250464390871684,19.57774767633972,19.744489669799805,245400,0.0,0.0
2011-05-03 00:00:00-04:00,19.675493814806856,19.94572849408702,19.462753122459016,19.744489669799805,227700,0.0,0.0
2011-05-04 00:00:00-04:00,19.74448122447939,19.85372479760295,19.043016719849806,19.405248641967773,161000,0.0,0.0
2011-05-05 00:00:00-04:00,19.319007993075026,19.457001878646853,18.73828875102742,19.025774002075195,379300,0.0,0.0
2011-05-06 00:00:00-04:00,19.094767432499864,19.669737861855513,18.824532822172635,19.5259952545166,467100,0.0,0.0
2011-05-09 00:00:00-04:00,19.462747392853544,20.129712977008325,19.324755723490785,20.026220321655273,197300,0.0,0.0
2011-05-10 00:00:00-04:00,19.911232232581863,20.215965944741097,19.29601387406865,19.807737350463867,336100,0.0,0.0
2011-05-11 00:00:00-04:00,19.77323118939307,19.77323118939307,19.152264314123244,19.31900405883789,435000,0.0,0.0
2011-05-12 00:00:00-04:00,19.20976166336898,19.31325651453787,18.68653866838765,19.06601905822754,191100,0.0,0.0
2011-05-13 00:00:00-04:00,19.037276681377417,19.209767420575357,18.755540125794408,19.06027603149414,202300,0.0,0.0
2011-05-16 00:00:00-04:00,18.91653353466536,19.14652045765699,18.565801119263945,18.68654441833496,225000,0.0,0.0
2011-05-17 00:00:00-04:00,18.63479136951308,18.86478041663847,18.272560484627984,18.404802322387695,405900,0.0,0.0
2011-05-18 00:00:00-04:00,18.485303046086557,18.721040870924963,18.335809483015296,18.43930435180664,208400,0.0,0.0
2011-05-19 00:00:00-04:00,18.53129635032071,18.73828605219702,18.45080084255505,18.588794708251953,242900,0.0,0.0
2011-05-20 00:00:00-04:00,18.577300426919965,18.84178637013075,18.38180924323856,18.42205810546875,253300,0.0,0.0
2011-05-23 00:00:00-04:00,18.301308352236795,18.744034740414563,18.123067829810186,18.502548217773438,202200,0.0,0.0
2011-05-24 00:00:00-04:00,18.548552942621722,18.790041765775207,18.134575549605685,18.66354751586914,253000,0.0,0.0
2011-05-25 00:00:00-04:00,18.577300127625577,19.39950822798818,18.577300127625577,19.08902359008789,204700,0.0,0.0
2011-05-26 00:00:00-04:00,19.071768700701544,19.388004201661733,18.5370482021193,19.209762573242188,158200,0.0,0.0
2011-05-27 00:00:00-04:00,19.32475689452578,19.88822766413448,19.29600881111131,19.77898406982422,173200,0.0,0.0
2011-05-31 00:00:00-04:00,19.916979453017472,20.394206061168713,19.721489378755535,20.077970504760742,1080000,0.0,0.0
2011-06-01 00:00:00-04:00,19.974470998271798,20.106713916062528,19.382250044102037,19.658235549926758,186300,0.0,0.0
2011-06-02 00:00:00-04:00,19.600747052550204,19.669742907637374,19.00852806026308,19.08902359008789,254000,0.0,0.0
2011-06-03 00:00:00-04:00,18.86478541605058,19.261514324475154,18.795787367624722,19.08902359008789,124200,0.0,0.0
2011-06-06 00:00:00-04:00,19.112026421823302,19.215519126641347,18.721046182860604,18.73829460144043,159200,0.0,0.0
2011-06-07 00:00:00-04:00,18.893531949933454,18.910780363949794,18.57154766381791,18.61179542541504,126100,0.0,0.0
2011-06-08 00:00:00-04:00,18.623293558604175,18.974025903512324,18.243813128267462,18.784284591674805,381300,0.0,0.0
2011-06-09 00:00:00-04:00,18.84753223155213,19.485749835570367,18.807284472140026,19.31325912475586,110800,0.0,0.0
2011-06-10 00:00:00-04:00,19.250011133994395,19.359254734042167,19.04302141319796,19.175264358520508,136500,0.0,0.0
2011-06-13 00:00:00-04:00,19.21551569783754,19.227015372618457,18.485304992628105,18.531301498413086,254100,0.0,0.0
2011-06-14 00:00:00-04:00,18.761291716640237,18.813039159544658,18.502554502118123,18.5658016204834,121300,0.0,0.0
2011-06-15 00:00:00-04:00,18.27831282080518,18.531299052579186,17.726340567535374,17.9965763092041,227300,0.0,0.0
2011-06-16 00:00:00-04:00,17.841329127521266,17.97357203572022,17.542344302895845,17.628589630126953,227700,0.0,0.0
2011-06-17 00:00:00-04:00,17.74358711352265,17.783834866551434,17.421602895954344,17.576845169067383,313800,0.0,0.0
2011-06-20 00:00:00-04:00,17.674590510752022,17.8010836078613,17.38135546608734,17.65734100341797,231600,0.0,0.0
2011-06-21 00:00:00-04:00,17.75508587275388,18.065570422207337,17.6170931052198,17.85283088684082,182100,0.0,0.0
2011-06-22 00:00:00-04:00,17.772334754270315,18.151815125796663,17.57684473297868,17.737836837768555,215500,0.0,0.0
2011-06-23 00:00:00-04:00,17.444604633017118,18.094320799664306,16.92713141494966,18.019575119018555,192900,0.0,0.0
2011-06-24 00:00:00-04:00,17.96782503016839,18.209312642440615,17.622842570255358,18.105817794799805,460100,0.0,0.0
2011-06-27 00:00:00-04:00,18.02532692224498,18.341560285382723,17.9678296480374,18.157569885253906,81800,0.0,0.0
2011-06-28 00:00:00-04:00,18.261058403257802,18.847527325365338,18.13456532136577,18.801530838012695,218500,0.0,0.0
2011-06-29 00:00:00-04:00,18.939530312709405,19.261514630462358,18.715292135109863,19.169519424438477,124700,0.0,0.0
2011-06-30 00:00:00-04:00,19.232769019698427,19.48000657901736,19.04302764905594,19.23851776123047,120000,0.0,0.0
2011-07-01 00:00:00-04:00,19.15801391824031,19.15801391824031,18.45654931498189,18.99127197265625,164400,0.0,0.0
2011-07-05 00:00:00-04:00,19.01427592698908,19.186766653447968,18.801537437467736,18.945280075073242,122200,0.0,0.0
2011-07-06 00:00:00-04:00,18.91653061789075,18.997026138193007,18.69804121040003,18.922279357910156,121800,0.0,0.0
2011-07-07 00:00:00-04:00,19.261518771042077,19.54900412583375,19.2155200614726,19.428260803222656,103700,0.0,0.0
2011-07-08 00:00:00-04:00,19.261511877215558,19.750235928108054,19.227012857385883,19.68124008178711,228600,0.0,0.0
2011-07-11 00:00:00-04:00,19.520244403828954,19.681235404766287,19.227008288306944,19.25000762939453,145200,0.0,0.0
2011-07-12 00:00:00-04:00,19.163762188039446,19.33625284869896,18.95102158633288,19.112014770507812,205900,0.0,0.0
2011-07-13 00:00:00-04:00,19.089015430863146,19.209758673991033,19.008519935444554,19.112014770507812,160900,0.0,0.0
2011-07-14 00:00:00-04:00,19.11201622340123,19.41099888815956,19.060268801935766,19.232759475708008,114900,0.0,0.0
2011-07-15 00:00:00-04:00,19.267264035689035,19.71574259969273,19.083273617296317,19.514501571655273,93700,0.0,0.0
2011-07-18 00:00:00-04:00,19.457002423857364,19.652492487781274,19.319008534418767,19.566246032714844,180800,0.0,0.0
2011-07-19 00:00:00-04:00,19.717020109240277,19.798207485151444,19.2588888169529,19.728618621826172,40400,0.29,0.0
2011-07-20 00:00:00-04:00,19.74021640458956,19.74021640458956,19.363272502149474,19.46185874938965,136400,0.0,0.0
2011-07-21 00:00:00-04:00,19.560444845925545,20.238943499387037,19.444461924321246,19.66482925415039,148300,0.0,0.0
2011-07-22 00:00:00-04:00,19.693824166824573,20.09396513037211,19.438663512476587,19.82720375061035,143900,0.0,0.0
2011-07-25 00:00:00-04:00,19.705431784270136,20.140366276244823,19.45606916522935,19.59524917602539,211800,0.0,0.0
2011-07-26 00:00:00-04:00,19.543055490000086,19.595247713629586,19.142914371443574,19.427072525024414,169200,0.0,0.0
2011-07-27 00:00:00-04:00,19.415468622240756,19.630035610009344,19.264692358125373,19.45606231689453,137500,0.0,0.0
2011-07-28 00:00:00-04:00,19.456064662430503,20.05337606412748,19.456064662430503,19.92579460144043,124400,0.0,0.0
2011-07-29 00:00:00-04:00,19.699622165845152,19.78080953647858,19.392267132774407,19.577838897705078,102300,0.0,0.0
2011-08-01 00:00:00-04:00,19.82720566872298,20.244743336403975,19.41546836431001,20.035974502563477,175800,0.0,0.0
2011-08-02 00:00:00-04:00,19.896797507493524,19.954787869225033,19.508255004882812,19.508255004882812,109500,0.0,0.0
2011-08-03 00:00:00-04:00,19.58944734867572,19.635841419542412,19.14871473639744,19.427072525024414,234300,0.0,0.0
2011-08-04 00:00:00-04:00,19.224101398669497,19.374877684237273,17.983087823009782,18.110668182373047,281700,0.0,0.0
2011-08-05 00:00:00-04:00,18.249840399950227,18.30783185344804,17.252391602948727,17.82070541381836,316300,0.0,0.0
2011-08-08 00:00:00-04:00,17.542348000472405,19.427063074903323,15.26909162029962,15.472061157226562,304800,0.0,0.0
2011-08-09 00:00:00-04:00,15.796817852577787,17.50756033086993,15.083525675972759,17.46696662902832,680300,0.0,0.0
2011-08-10 00:00:00-04:00,17.275591630725817,18.632586790496823,17.04362577639953,17.65253448486328,274600,0.0,0.0
2011-08-11 00:00:00-04:00,17.797508133118214,19.200895891036044,17.664127468459224,18.870346069335938,330200,0.0,0.0
2011-08-12 00:00:00-04:00,19.119715221106595,19.316885553285143,18.09326986348801,18.54560089111328,217800,0.0,0.0
2011-08-15 00:00:00-04:00,18.847155757398316,19.531452666488327,18.649985424064063,18.957338333129883,293700,0.0,0.0
2011-08-16 00:00:00-04:00,18.731169878401737,18.765965418420258,18.319432609705213,18.45281219482422,289700,0.0,0.0
2011-08-17 00:00:00-04:00,18.62098880331726,18.818159121415114,18.331032583302207,18.510805130004883,95800,0.0,0.0
2011-08-18 00:00:00-04:00,18.017882237465386,18.09327148622792,17.14221417921719,17.600345611572266,283000,0.0,0.0
2011-08-19 00:00:00-04:00,17.3567767483936,17.710523634537967,17.252392348803784,17.51335334777832,416200,0.0,0.0
2011-08-22 00:00:00-04:00,18.116459674790416,18.116459674790416,16.515901633327907,16.72467041015625,422400,0.0,0.0
2011-08-23 00:00:00-04:00,16.92764332940048,16.92764332940048,16.272341695521504,16.881250381469727,570400,0.0,0.0
2011-08-24 00:00:00-04:00,16.898650205053144,17.38577680244822,16.747872819564638,16.904449462890625,364800,0.0,0.0
2011-08-25 00:00:00-04:00,17.061019993804877,17.08421591074912,16.69567572969727,16.77686309814453,240000,0.0,0.0
2011-08-26 00:00:00-04:00,16.695679568961772,17.188604254850837,16.53330368863308,16.88705062866211,354000,0.0,0.0
2011-08-29 00:00:00-04:00,17.113212092909425,17.39736898696513,16.82905519885372,17.061019897460938,580100,0.0,0.0
2011-08-30 00:00:00-04:00,17.003031887400955,17.350979558777752,16.927643759881974,17.130613327026367,815400,0.0,0.0
2011-08-31 00:00:00-04:00,17.29298789685451,17.73372146138038,17.24079569144387,17.30458641052246,456600,0.0,0.0
2011-09-01 00:00:00-04:00,17.37417698033232,17.838107617587813,17.11901629124181,17.478561401367188,304600,0.0,0.0
2011-09-02 00:00:00-04:00,16.95084254887861,17.76271984870224,16.939244033115116,17.745323181152344,366100,0.0,0.0
2011-09-06 00:00:00-04:00,17.136413281906492,17.727924274910183,16.974038495972728,17.716325759887695,316200,0.0,0.0
2011-09-07 00:00:00-04:00,17.913497235341612,17.925095751105104,17.617741719944615,17.745323181152344,292900,0.0,0.0
2011-09-08 00:00:00-04:00,17.693127401810628,18.000481371050824,17.693127401810628,17.86130142211914,113300,0.0,0.0
2011-09-09 00:00:00-04:00,17.704722296517048,17.704722296517048,17.368373218552286,17.490154266357422,177700,0.0,0.0
2011-09-12 00:00:00-04:00,17.22339796483531,17.727921111229666,16.939239927970814,17.693126678466797,161700,0.0,0.0
2011-09-13 00:00:00-04:00,17.780118697382978,18.31363828771293,17.745324254084075,18.27304458618164,142900,0.0,0.0
2011-09-14 00:00:00-04:00,18.41222379630193,18.52820675084279,18.093272330457708,18.302040100097656,123000,0.0,0.0
2011-09-15 00:00:00-04:00,18.487605745944812,18.53399869099242,18.14545846752812,18.26144027709961,75600,0.0,0.0
2011-09-16 00:00:00-04:00,18.40061960110129,18.42381662728891,17.727921326991535,18.31363296508789,367400,0.0,0.0
2011-09-19 00:00:00-04:00,17.988886510448154,18.60939272554686,17.774318392862124,18.464414596557617,225400,0.0,0.0
2011-09-20 00:00:00-04:00,18.615186068301966,18.870348925206393,18.1976495628735,18.26144027709961,196300,0.0,0.0
2011-09-21 00:00:00-04:00,18.313632627134997,18.644183607638197,17.76851468883129,17.878698348999023,225400,0.0,0.0
2011-09-22 00:00:00-04:00,17.397374009937955,17.820709845383586,17.10741777643899,17.478561401367188,215700,0.0,0.0
2011-09-23 00:00:00-04:00,17.414770579377894,17.57134609402094,17.055224387989597,17.565547943115234,104600,0.0,0.0
2011-09-26 00:00:00-04:00,17.762719863649554,17.762719863649554,17.31038880944615,17.53655433654785,147100,0.0,0.0
2011-09-27 00:00:00-04:00,17.94249393016348,18.0178820721389,17.629340634045505,17.785917282104492,157600,0.0,0.0
2011-09-28 00:00:00-04:00,17.85550390627401,17.919293520199076,17.3973725644836,17.629337310791016,134300,0.0,0.0
2011-09-29 00:00:00-04:00,17.86130014094694,17.90769308523141,17.003030118636705,17.530750274658203,220800,0.0,0.0
2011-09-30 00:00:00-04:00,17.287188156469636,17.4785592022573,17.20020151858344,17.25239372253418,211400,0.0,0.0
2011-10-03 00:00:00-04:00,17.21759975917432,17.432166731418267,16.28394042531,16.30133819580078,172300,0.0,0.0
2011-10-04 00:00:00-04:00,16.17375602728192,16.776865437249576,15.51845552038927,16.718873977661133,237400,0.0,0.0
2011-10-05 00:00:00-04:00,16.80006344377434,17.275592586577947,16.48691129285953,17.24079704284668,84500,0.0,0.0
2011-10-06 00:00:00-04:00,17.258196422079603,17.397375291681616,17.026231639409584,17.32198715209961,264100,0.0,0.0
2011-10-07 00:00:00-04:00,17.350984449274094,17.82651258821208,17.263997783435883,17.437971115112305,249600,0.0,0.0
2011-10-10 00:00:00-04:00,17.791714354655458,18.18025574502201,17.727923630446025,18.157058715820312,134500,0.0,0.0
2011-10-11 00:00:00-04:00,18.070069240516347,18.771762672623286,17.925091148980695,18.26144027709961,184700,0.0,0.0
2011-10-12 00:00:00-04:00,18.481810179956234,18.673181243298885,18.365827248071806,18.626787185668945,167600,0.0,0.0
2011-10-13 00:00:00-04:00,18.470213897866323,18.557200554245277,18.24404726396662,18.365829467773438,115800,0.0,0.0
2011-10-14 00:00:00-04:00,18.574597279398724,18.69638058967811,18.394824708179325,18.667383193969727,202300,0.0,0.0
2011-10-17 00:00:00-04:00,18.638387751405833,19.009531404531497,18.58619553692312,18.649986267089844,277700,0.0,0.0
2011-10-18 00:00:00-04:00,18.760161810846494,19.137105686517472,18.50500119808127,18.92253875732422,304100,0.0,0.0
2011-10-19 00:00:00-04:00,18.991625323834732,19.752697208051725,18.874539403128225,19.3428897857666,192600,0.308,0.0
2011-10-20 00:00:00-04:00,19.48924536391654,19.48924536391654,18.775009783241906,19.015039443969727,290800,0.0,0.0
2011-10-21 00:00:00-04:00,19.348747381925087,19.348747381925087,19.02090315966032,19.26093292236328,223100,0.0,0.0
2011-10-24 00:00:00-04:00,19.3838701296603,19.541938801111897,19.243363899501958,19.331180572509766,201600,0.0,0.0
2011-10-25 00:00:00-04:00,19.296048220862332,19.366302433514104,18.96234852721196,19.0501651763916,186900,0.0,0.0
2011-10-26 00:00:00-04:00,19.337036875321864,19.49510557048035,18.90381354779513,19.173114776611328,135300,0.0,0.0
2011-10-27 00:00:00-04:00,19.752696685423093,21.526574689787587,19.495102306834482,20.144939422607422,320100,0.0,0.0
2011-10-28 00:00:00-04:00,20.09810561806354,20.15079294132865,19.834657835384277,19.951745986938477,103300,0.0,0.0
2011-10-31 00:00:00-04:00,19.799532823951512,19.89905854499353,19.459979604959234,19.75269889831543,98100,0.0,0.0
2011-11-01 00:00:00-04:00,19.225799909314766,19.536081591275714,19.07358688607088,19.459976196289062,135700,0.0,0.0
2011-11-02 00:00:00-04:00,19.776108020379784,19.940032287547265,19.34288486414552,19.48924446105957,163200,0.0,0.0
2011-11-03 00:00:00-04:00,19.7468421892743,20.03956146673156,19.454122911817038,19.89320182800293,119500,0.0,0.0
2011-11-04 00:00:00-04:00,19.863927143096973,20.086394383399018,19.471682213267826,20.027849197387695,83900,0.0,0.0
2011-11-07 00:00:00-05:00,20.1976332563676,20.1976332563676,19.536086962074986,20.057126998901367,133500,0.0,0.0
2011-11-08 00:00:00-05:00,20.19762595316791,20.45521805989764,19.764400529794326,20.39667510986328,228500,0.0,0.0
2011-11-09 00:00:00-05:00,19.998577002080697,19.998577002080697,19.272632354530995,19.37215805053711,146700,0.0,0.0
2011-11-10 00:00:00-05:00,19.64731657309743,20.01028781240783,19.278489698242158,19.992725372314453,148300,0.0,0.0
2011-11-11 00:00:00-05:00,20.20348444814361,20.46107885308305,19.746843069599628,19.84636878967285,112000,0.0,0.0
2011-11-14 00:00:00-05:00,19.764404272833204,20.162502661616944,19.618044636758913,19.975162506103516,97000,0.0,0.0
2011-11-15 00:00:00-05:00,19.940041056495904,20.06298263598436,19.770263313428305,20.057126998901367,174800,0.0,0.0
2011-11-16 00:00:00-05:00,19.981009106172944,20.273728245945247,19.846358569870063,19.9049015045166,109400,0.0,0.0
2011-11-17 00:00:00-05:00,19.957595717910714,19.957595717910714,19.290196280086384,19.647314071655273,117500,0.0,0.0
2011-11-18 00:00:00-05:00,19.659030424886975,19.916622620173307,19.465834603468856,19.518524169921875,214300,0.0,0.0
2011-11-21 00:00:00-05:00,19.325326919555664,19.424852641395,18.933084135286098,19.325326919555664,210600,0.0,0.0
2011-11-22 00:00:00-05:00,19.36630187345863,19.629747346838627,19.255067156611872,19.418989181518555,165800,0.0,0.0
2011-11-23 00:00:00-05:00,19.284344001157326,19.325324518802876,19.032605259465676,19.20823860168457,149900,0.0,0.0
2011-11-25 00:00:00-05:00,19.14968925300081,19.682438100019034,19.14968925300081,19.184816360473633,37100,0.0,0.0
2011-11-28 00:00:00-05:00,19.606338593092154,19.66488155648864,19.149694992170144,19.49510383605957,212100,0.0,0.0
2011-11-29 00:00:00-05:00,19.600481817390655,19.71171433468626,19.31947158953536,19.536083221435547,217900,0.0,0.0
2011-11-30 00:00:00-05:00,20.027847315966476,20.28544164367684,19.9751577701412,20.238605499267578,274500,0.0,0.0
2011-12-01 00:00:00-05:00,20.303005486645656,20.74208432116088,20.121518764402005,20.624996185302734,214400,0.0,0.0
2011-12-02 00:00:00-05:00,21.216294176788285,22.08274296860099,21.14603994236258,21.877838134765625,1310800,0.0,0.0
2011-12-05 00:00:00-05:00,22.211529696033573,22.738425092504727,21.97150006725672,22.37545394897461,557100,0.0,0.0
2011-12-06 00:00:00-05:00,22.486692428588867,22.662323529848724,22.375459918887437,22.486692428588867,210300,0.0,0.0
2011-12-07 00:00:00-05:00,22.480840921473224,22.750142114992286,22.19982845584285,22.592073440551758,165700,0.0,0.0
2011-12-08 00:00:00-05:00,22.463268255909984,22.463268255909984,21.854414085682173,21.953937530517578,183600,0.0,0.0
2011-12-09 00:00:00-05:00,22.076883931378845,22.76184809524688,22.076883931378845,22.6330509185791,214700,0.0,0.0
2011-12-12 00:00:00-05:00,22.48669777753592,22.59207691001266,22.000784874023083,22.56865882873535,132500,0.0,0.0
2011-12-13 00:00:00-05:00,22.703303261618323,23.587316606219915,22.556943643411355,22.656469345092773,307700,0.0,0.0
2011-12-14 00:00:00-05:00,22.586216916482982,22.586216916482982,21.92467082967684,22.217390060424805,208500,0.0,0.0
2011-12-15 00:00:00-05:00,22.445708764025007,22.59792176822542,21.80758080679079,22.112009048461914,280200,0.0,0.0
2011-12-16 00:00:00-05:00,22.287647509531013,23.08384436950587,22.27593846944067,23.042863845825195,538200,0.0,0.0
2011-12-19 00:00:00-05:00,22.937480155209713,23.01944118626612,22.346186031267468,22.58036231994629,277800,0.0,0.0
2011-12-20 00:00:00-05:00,22.896504490759746,23.382417377803257,22.668183789222464,22.83795928955078,276400,0.0,0.0
2011-12-21 00:00:00-05:00,22.837949102305377,23.540475570541886,22.650609008544986,23.429243087768555,195400,0.0,0.0
2011-12-22 00:00:00-05:00,23.587323241682405,23.850771075220823,23.113117141313253,23.118972778320312,149400,0.0,0.0
2011-12-23 00:00:00-05:00,23.230200649096613,23.481939391323973,23.031151462992902,23.476083755493164,144900,0.0,0.0
2011-12-27 00:00:00-05:00,23.51706855606016,24.061526657402165,23.417545061518847,24.032255172729492,112100,0.0,0.0
2011-12-28 00:00:00-05:00,24.073230877400764,24.073230877400764,23.429249410470998,23.458520889282227,85900,0.0,0.0
2011-12-29 00:00:00-05:00,23.645861969952655,24.07323183067795,23.405832260962537,23.721969604492188,160100,0.0,0.0
2011-12-30 00:00:00-05:00,23.7746573237773,23.97955990099994,23.56975251328407,23.821491241455078,118600,0.0,0.0
2012-01-03 00:00:00-05:00,24.17861002898317,24.442057805275,23.809783142174606,24.08493995666504,237800,0.0,0.0
2012-01-04 00:00:00-05:00,24.026393536889994,24.04395597502192,23.446808512562537,24.002975463867188,248100,0.0,0.0
2012-01-05 00:00:00-05:00,23.956140697472712,24.155189863089223,23.78050960622767,24.07322883605957,260100,0.0,0.0
2012-01-06 00:00:00-05:00,24.18446753194368,24.18446753194368,23.81564061665886,23.88003921508789,270100,0.0,0.0
2012-01-09 00:00:00-05:00,23.663425958205202,23.663425958205202,22.65647313511984,23.28289222717285,431700,0.0,0.0
2012-01-10 00:00:00-05:00,23.435107340443693,23.698555167182622,23.177515150560694,23.399982452392578,344700,0.0,0.0
2012-01-11 00:00:00-05:00,23.45266820341624,23.470230644585456,23.04871419035829,23.294599533081055,180400,0.0,0.0
2012-01-12 00:00:00-05:00,23.300453196155573,23.575610021659518,23.06627912262246,23.1950740814209,168800,0.0,0.0
2012-01-13 00:00:00-05:00,23.03115717899951,23.839063162316048,23.03115717899951,23.698556900024414,178700,0.0,0.0
2012-01-17 00:00:00-05:00,23.915169204105357,24.401084380870056,23.757102725655816,24.161054611206055,267500,0.0,0.0
2012-01-18 00:00:00-05:00,24.120062783060746,24.652811643393285,24.05566420105292,24.576704025268555,209800,0.0,0.0
2012-01-19 00:00:00-05:00,24.59795965327384,24.857630200011805,24.491730281587845,24.58025550842285,31000,0.336,0.0
2012-01-20 00:00:00-05:00,24.603850650273614,24.651064686441917,24.29106554017065,24.41499900817871,56300,0.0,0.0
2012-01-23 00:00:00-05:00,24.479920802712456,24.656968961949744,24.291069132687422,24.332380294799805,71800,0.0,0.0
2012-01-24 00:00:00-05:00,24.320579652716013,24.37369433188122,23.972383922919576,24.07861328125,122000,0.0,0.0
2012-01-25 00:00:00-05:00,24.037308666335278,24.37960385898913,23.807145744311658,24.23206329345703,147700,0.0,0.0
2012-01-26 00:00:00-05:00,24.462216391232182,24.521231693227794,24.090413685049327,24.432708740234375,127200,0.0,0.0
2012-01-27 00:00:00-05:00,24.47992389381074,25.105496536816123,24.344186879546225,24.385498046875,192300,0.0,0.0
2012-01-30 00:00:00-05:00,24.22615201371284,24.60385537036257,24.072710869307485,24.34418487548828,184800,0.0,0.0
2012-01-31 00:00:00-05:00,24.556646634566157,24.59795780363877,24.226155030695374,24.456317901611328,214200,0.0,0.0
2012-02-01 00:00:00-05:00,24.51532885559673,25.034669769994725,24.497622465561186,24.993358612060547,184300,0.0,0.0
2012-02-02 00:00:00-05:00,25.070086595161413,25.40057819292747,24.881234896806472,25.30615234375,270300,0.0,0.0
2012-02-03 00:00:00-05:00,25.589427409131513,25.731065043514086,25.37696870626805,25.72516441345215,174700,0.0,0.0
2012-02-06 00:00:00-05:00,25.64254366017132,25.795984815393876,25.536314302213494,25.660247802734375,82600,0.0,0.0
2012-02-07 00:00:00-05:00,25.67205418263126,25.96123463410666,25.54812066826609,25.855005264282227,261800,0.0,0.0
2012-02-08 00:00:00-05:00,25.91401474305019,26.061555251095633,25.624834356713745,25.813688278198242,76300,0.0,0.0
2012-02-09 00:00:00-05:00,25.961224254487714,26.073354210564784,25.63073276369185,25.683847427368164,107200,0.0,0.0
2012-02-10 00:00:00-05:00,25.43598315329057,25.548115382288103,25.376967849505206,25.512704849243164,102200,0.0,0.0
2012-02-13 00:00:00-05:00,25.618934197088443,25.618934197088443,24.916642176368693,25.512704849243164,119000,0.0,0.0
2012-02-14 00:00:00-05:00,24.881231771041165,25.624834958485554,24.438610236510343,25.4950008392334,138800,0.0,0.0
2012-02-15 00:00:00-05:00,25.613036721985598,25.613036721985598,24.76910471642846,25.223529815673828,190300,0.0,0.0
2012-02-16 00:00:00-05:00,25.211723327288418,25.660245491712253,25.211723327288418,25.4950008392334,152000,0.0,0.0
2012-02-17 00:00:00-05:00,25.672045953899268,25.896308135121913,25.47729142121635,25.66614532470703,107800,0.0,0.0
2012-02-21 00:00:00-05:00,25.742867156516297,26.315325046880126,25.618933670341494,25.931718826293945,117000,0.0,0.0
2012-02-22 00:00:00-05:00,25.854993209265665,26.002533681753693,25.477287708613602,25.949419021606445,135200,0.0,0.0
2012-02-23 00:00:00-05:00,26.144172835497127,27.005808705959804,26.144172835497127,26.468761444091797,242100,0.0,0.0
2012-02-24 00:00:00-05:00,26.527786441095863,27.26548905485665,26.46876888122117,27.117948532104492,242400,0.0,0.0
2012-02-27 00:00:00-05:00,27.029415826244712,28.493017136127715,27.029415826244712,27.68449592590332,484300,0.0,0.0
2012-02-28 00:00:00-05:00,27.678602161183317,27.84384682143133,26.68712969711594,27.005815505981445,351900,0.0,0.0
2012-02-29 00:00:00-05:00,26.6812271929086,26.852374737036598,25.866805140494083,26.220901489257812,585800,0.0,0.0
2012-03-01 00:00:00-05:00,26.26221554053305,26.55139598311997,25.849101587390273,26.191396713256836,394200,0.0,0.0
2012-03-02 00:00:00-05:00,26.203195976967276,26.250407770398418,25.949426114817395,26.085163116455078,197500,0.0,0.0
2012-03-05 00:00:00-05:00,26.085166848754312,26.43926322966591,25.99664162788147,26.427459716796875,293900,0.0,0.0
2012-03-06 00:00:00-05:00,26.06155680002007,26.25040848143916,25.93172042481084,26.091064453125,368500,0.0,0.0
2012-03-07 00:00:00-05:00,25.931717455619964,26.592700516193602,25.78417695569914,26.48647117614746,236200,0.0,0.0
2012-03-08 00:00:00-05:00,26.486477281142065,26.740247179601667,26.344837378003493,26.427459716796875,170900,0.0,0.0
2012-03-09 00:00:00-05:00,26.515984458800652,26.592706165418893,26.279918708262926,26.445165634155273,215800,0.0,0.0
2012-03-12 00:00:00-04:00,26.43926409916139,26.586804637941633,26.173690679098964,26.580904006958008,168300,0.0,0.0
2012-03-13 00:00:00-04:00,26.69892850564288,26.988106610137237,26.12647067449594,26.976303100585938,203800,0.0,0.0
2012-03-14 00:00:00-04:00,27.0058188551581,27.0058188551581,26.108774372886266,26.191396713256836,220700,0.0,0.0
2012-03-15 00:00:00-04:00,26.155985674678657,26.486477281142065,25.83139695029471,26.427459716796875,237600,0.0,0.0
2012-03-16 00:00:00-04:00,26.451066264838285,26.83467254663963,26.291722220918796,26.445165634155273,274900,0.0,0.0
2012-03-19 00:00:00-04:00,26.72843818707428,27.519255376853497,26.5572906624954,27.241878509521484,240000,0.0,0.0
2012-03-20 00:00:00-04:00,27.047128189328124,27.159258169844772,26.17958924395795,26.775651931762695,273300,0.0,0.0
2012-03-21 00:00:00-04:00,26.775648351628938,26.988107024233646,26.53958491084871,26.79925537109375,122500,0.0,0.0
2012-03-22 00:00:00-04:00,26.59270028131529,26.628108560158353,26.15597941483964,26.46286392211914,144400,0.0,0.0
2012-03-23 00:00:00-04:00,26.52187852060546,26.870074178198887,26.279912199314385,26.79925537109375,131200,0.0,0.0
2012-03-26 00:00:00-04:00,26.92909131367001,27.171057631248438,26.757943802110105,26.976303100585938,223400,0.0,0.0
2012-03-27 00:00:00-04:00,26.994019965604075,27.30090232786664,26.704839497603803,26.846479415893555,175000,0.0,0.0
2012-03-28 00:00:00-04:00,26.811059588908442,26.905485417972187,26.138275275418106,26.46286392211914,157100,0.0,0.0
2012-03-29 00:00:00-04:00,26.27991635405476,26.50417857184675,25.90811586950577,26.39794921875,177500,0.0,0.0
2012-03-30 00:00:00-04:00,26.551390540814985,26.970405038973524,26.380243012962243,26.822864532470703,95400,0.0,0.0
2012-04-02 00:00:00-04:00,26.811067581176758,27.100245783948207,26.557297667803436,26.811067581176758,196800,0.0,0.0
2012-04-03 00:00:00-04:00,26.72844198964671,26.946801335798163,26.52188390433394,26.89958953857422,133400,0.0,0.0
2012-04-04 00:00:00-04:00,26.69893886618304,26.87008419286674,26.610413635840676,26.846479415893555,286300,0.0,0.0
2012-04-05 00:00:00-04:00,26.698925545165945,27.141546973458368,26.698925545165945,27.08843231201172,130300,0.0,0.0
2012-04-09 00:00:00-04:00,26.610408915361063,26.757949438899036,26.274016701797652,26.59270477294922,98100,0.0,0.0
2012-04-10 00:00:00-04:00,26.504174152401568,26.557288820093326,25.672045859423548,25.967126846313477,223200,0.0,0.0
2012-04-11 00:00:00-04:00,26.1205676170358,26.368436813354492,25.949422357925137,26.368436813354492,130500,0.0,0.0
2012-04-12 00:00:00-04:00,26.616305804521094,27.05892731291971,26.462864672176913,26.69302749633789,151100,0.0,0.0
2012-04-13 00:00:00-04:00,26.66351846013244,26.66351846013244,26.409748628404408,26.557289123535156,77300,0.0,0.0
2012-04-16 00:00:00-04:00,26.763852834219932,26.816967518232417,26.539592836202736,26.580904006958008,119300,0.0,0.0
2012-04-17 00:00:00-04:00,26.698929669733907,26.964500766704745,26.675322649602034,26.68712615966797,159200,0.0,0.0
2012-04-18 00:00:00-04:00,26.669421746978106,26.96450276664443,26.492373585436216,26.78745460510254,215200,0.0,0.0
2012-04-19 00:00:00-04:00,26.74282944728327,27.462713732003916,26.659537350808407,27.355623245239258,75000,0.365,0.0
2012-04-20 00:00:00-04:00,27.665000371974262,27.801837735877957,27.45677009419468,27.48651695251465,229400,0.0,0.0
2012-04-23 00:00:00-04:00,27.218800077059,28.051726014555733,26.879680782252333,27.88513946533203,276800,0.0,0.0
2012-04-24 00:00:00-04:00,27.873231060428846,28.378936737478433,27.772091286742835,28.09336280822754,195900,0.0,0.0
2012-04-25 00:00:00-04:00,28.277803268168167,28.44438981289562,27.926784781495353,28.13501739501953,136600,0.0,0.0
2012-04-26 00:00:00-04:00,28.010071039415514,28.372986351980828,28.010071039415514,28.26589584350586,125100,0.0,0.0
2012-04-27 00:00:00-04:00,28.3789415476819,28.60502179773669,28.337295484453417,28.36109161376953,198000,0.0,0.0
2012-04-30 00:00:00-04:00,28.367041635161968,28.634767941715126,28.331344037774823,28.61096954345703,141400,0.0,0.0
2012-05-01 00:00:00-04:00,29.04527074889329,29.384389871516127,28.63475872401813,28.842988967895508,272000,0.0,0.0
2012-05-02 00:00:00-04:00,28.670465734558142,29.289210525225347,28.545527537271603,29.277311325073242,215000,0.0,0.0
2012-05-03 00:00:00-04:00,29.34870284955009,29.6937705325739,28.67641287718462,28.73590660095215,355100,0.0,0.0
2012-05-04 00:00:00-04:00,28.99767885480555,29.420090113109627,28.27779222626211,28.741851806640625,277800,0.0,0.0
2012-05-07 00:00:00-04:00,28.741854870859115,28.86679304178335,27.986272842183187,28.729955673217773,195100,0.0,0.0
2012-05-08 00:00:00-04:00,28.599069928506616,28.997685150143393,28.367041222714228,28.92034149169922,127800,0.0,0.0
2012-05-09 00:00:00-04:00,28.545524256509804,28.62881637846133,28.176658172350148,28.50982666015625,284500,0.0,0.0
2012-05-10 00:00:00-04:00,28.551473397836677,28.92628792570831,28.432483686169817,28.71805763244629,184000,0.0,0.0
2012-05-11 00:00:00-04:00,28.622867913839123,28.676413173599403,28.31944401868416,28.50982666015625,168400,0.0,0.0
2012-05-14 00:00:00-04:00,28.271849317255693,28.37893983611023,27.403228237248978,27.510318756103516,181000,0.0,0.0
2012-05-15 00:00:00-04:00,27.242594855334,27.379432248231538,26.22523710626517,26.742839813232422,577300,0.0,0.0
2012-05-16 00:00:00-04:00,26.683335953670507,27.51626153497757,26.492953352721397,26.96891212463379,294000,0.0,0.0
2012-05-17 00:00:00-04:00,26.945119106355087,27.230693064736695,26.320425930549067,26.362071990966797,207800,0.0,0.0
2012-05-18 00:00:00-04:00,26.314473139374183,26.647643866211002,25.802818986194026,25.87421417236328,251000,0.0,0.0
2012-05-21 00:00:00-04:00,25.898012951244393,26.46916315140841,25.7909224305599,26.171689987182617,278100,0.0,0.0
2012-05-22 00:00:00-04:00,26.022950015581742,26.635743927817646,25.999151620853784,26.14788818359375,289900,0.0,0.0
2012-05-23 00:00:00-04:00,26.040799724086106,26.30852601197363,25.58269080248746,26.177637100219727,260700,0.0,0.0
2012-05-24 00:00:00-04:00,26.165739359858858,26.290677544654507,25.362562720983806,25.939659118652344,208000,0.0,0.0
2012-05-25 00:00:00-04:00,25.921816884560332,26.534611007472062,25.79092793809739,26.254987716674805,304100,0.0,0.0
2012-05-29 00:00:00-04:00,26.463206214591725,27.27233339476468,26.427508626217175,27.218788146972656,279300,0.0,0.0
2012-05-30 00:00:00-04:00,26.95107103370437,27.254494963779038,26.68334470409154,26.784486770629883,316400,0.0,0.0
2012-05-31 00:00:00-04:00,26.838014392505585,26.873709699959978,26.0883811624191,26.379905700683594,449600,0.0,0.0
2012-06-01 00:00:00-04:00,25.92180315495612,25.957500740413334,25.273311771156273,25.303058624267578,282800,0.0,0.0
2012-06-04 00:00:00-04:00,25.439898941570092,25.546989440935658,24.398743074046866,24.720014572143555,549700,0.0,0.0
2012-06-05 00:00:00-04:00,24.565323900325026,25.451792278205986,24.172659582903165,25.320905685424805,673700,0.0,0.0
2012-06-06 00:00:00-04:00,25.594584898431773,26.272823179511377,25.392303106746667,26.24307632446289,333500,0.0,0.0
2012-06-07 00:00:00-04:00,26.558397481323002,26.56434821414789,26.15383389173507,26.21927833557129,174200,0.0,0.0
2012-06-08 00:00:00-04:00,26.034848076792695,26.21333377548262,25.7433256720737,25.85041618347168,219500,0.0,0.0
2012-06-11 00:00:00-04:00,26.03484585761279,26.15978628995395,25.612434581737674,25.618385314941406,345000,0.0,0.0
2012-06-12 00:00:00-04:00,25.755225727589053,25.886112369569524,25.51129783673543,25.779024124145508,358000,0.0,0.0
2012-06-13 00:00:00-04:00,25.814714217079292,25.927755443040216,25.564837912503762,25.67192840576172,253800,0.0,0.0
2012-06-14 00:00:00-04:00,25.57673946189116,25.95750468649469,25.57673946189116,25.761171340942383,318100,0.0,0.0
2012-06-15 00:00:00-04:00,25.761175123368055,25.8920640396209,24.773564325967712,25.36256217956543,566400,0.0,0.0
2012-06-18 00:00:00-04:00,25.195974484778844,26.064597793411725,25.1245815654186,25.68383026123047,346600,0.0,0.0
2012-06-19 00:00:00-04:00,25.832571759993996,26.6476499671548,25.7254834953022,26.50486183166504,297300,0.0,0.0
2012-06-20 00:00:00-04:00,26.43941213231717,26.897521044873503,26.195484245843275,26.284727096557617,211000,0.0,0.0
2012-06-21 00:00:00-04:00,26.278779029107078,26.278779029107078,24.702172572991287,25.178129196166992,357600,0.0,0.0
2012-06-22 00:00:00-04:00,25.26738113248423,25.291177270035913,24.440405777111586,24.910411834716797,1963600,0.0,0.0
2012-06-25 00:00:00-04:00,24.535586321253806,24.612927705903356,23.732407457454485,24.119123458862305,267400,0.0,0.0
2012-06-26 00:00:00-04:00,24.119122260645018,24.6902701335015,24.023930948502272,24.612926483154297,292400,0.0,0.0
2012-06-27 00:00:00-04:00,24.583178539577304,25.207871639812556,24.583178539577304,25.195972442626953,199700,0.0,0.0
2012-06-28 00:00:00-04:00,24.92824775560439,25.160276420416874,24.541531801223755,24.987741470336914,179100,0.0,0.0
2012-06-29 00:00:00-04:00,25.493445898018393,25.564841082068405,25.285215618388772,25.404205322265625,253800,0.0,0.0
2012-07-02 00:00:00-04:00,25.326860280549056,25.338759477235897,24.880650617721145,25.12457847595215,280900,0.0,0.0
2012-07-03 00:00:00-04:00,25.20786655669315,25.612430101264835,25.14837285230175,25.523189544677734,287200,0.0,0.0
2012-07-05 00:00:00-04:00,25.49344208127403,25.784966698649793,25.17217287930704,25.576736450195312,308700,0.0,0.0
2012-07-06 00:00:00-04:00,25.38040735076832,25.445851802468784,25.154327136586677,25.20787239074707,246600,0.0,0.0
2012-07-09 00:00:00-04:00,25.14837880402124,26.58219920676556,25.047236759171955,25.410154342651367,293400,0.0,0.0
2012-07-10 00:00:00-04:00,25.398253439774027,25.487496281029163,24.66646985791701,25.243568420410156,318400,0.0,0.0
2012-07-11 00:00:00-04:00,25.27927243964554,25.517249627613495,25.041292982137275,25.428009033203125,373500,0.0,0.0
2012-07-12 00:00:00-04:00,25.237617823793684,26.088391108747647,25.18407484219857,25.618385314941406,477500,0.0,0.0
2012-07-13 00:00:00-04:00,25.66003591082457,26.83207864048988,25.624338313903234,26.772584915161133,401500,0.0,0.0
2012-07-16 00:00:00-04:00,26.61789649107346,27.21284274705191,26.600046560107003,27.206892013549805,251800,0.0,0.0
2012-07-17 00:00:00-04:00,27.432969292916333,27.486514541010454,26.957012792935036,27.24853515625,521300,0.0,0.0
2012-07-18 00:00:00-04:00,27.218793491740804,27.385377731120503,26.99271326005404,27.070056915283203,167000,0.0,0.0
2012-07-19 00:00:00-04:00,27.078458786010742,27.252500852165653,26.916419857800772,27.078458786010742,47200,0.394,0.0
2012-07-20 00:00:00-04:00,26.97043085777756,27.234495294489577,26.856404489701934,26.904417037963867,279400,0.0,0.0
2012-07-23 00:00:00-04:00,26.634356466673367,26.790392694924545,26.37629470161725,26.400300979614258,131300,0.0,0.0
2012-07-24 00:00:00-04:00,26.556332612605367,26.562333036383976,26.040209171802207,26.30427360534668,169200,0.0,0.0
2012-07-25 00:00:00-04:00,26.4303066475991,26.44831021070962,26.076222073783157,26.33428382873535,148100,0.0,0.0
2012-07-26 00:00:00-04:00,26.700371737442687,26.724375725311717,26.064219126939005,26.322280883789062,211300,0.0,0.0
2012-07-27 00:00:00-04:00,26.4423016754973,26.886406218010528,26.25625651941729,26.712364196777344,165200,0.0,0.0
2012-07-30 00:00:00-04:00,26.700373032212667,26.736380160444593,26.370292427655247,26.526330947875977,219200,0.0,0.0
2012-07-31 00:00:00-04:00,26.52633604576032,26.838410856812224,26.238267517719752,26.43631362915039,157300,0.0,0.0
2012-08-01 00:00:00-04:00,26.58033991142767,27.048450822595907,26.316275467700464,26.562334060668945,290000,0.0,0.0
2012-08-02 00:00:00-04:00,26.358282567397406,26.712367070700395,26.02220391298381,26.316272735595703,204600,0.0,0.0
2012-08-03 00:00:00-04:00,26.778385878924272,26.832398852318548,26.40029735452869,26.41229820251465,240900,0.0,0.0
2012-08-06 00:00:00-04:00,26.376288873132513,28.46478652070924,25.554093493018968,26.73037338256836,155100,0.0,0.0
2012-08-07 00:00:00-04:00,26.81439314321298,27.114464684843057,26.706367205077015,26.736373901367188,293900,0.0,0.0
2012-08-08 00:00:00-04:00,26.56233015160436,26.922417352049592,26.430300238535406,26.70036506652832,211200,0.0,0.0
2012-08-09 00:00:00-04:00,26.772382068228392,27.08445673176633,26.53832664291596,26.82639503479004,188000,0.0,0.0
2012-08-10 00:00:00-04:00,26.32227818107483,26.77238553084871,26.040210175953266,26.562334060668945,338900,0.0,0.0
2012-08-13 00:00:00-04:00,26.41829304022551,26.65234842537089,25.956182692138935,26.088214874267578,324900,0.0,0.0
2012-08-14 00:00:00-04:00,26.24426510927848,26.26827138969702,25.848170639832233,25.908184051513672,217000,0.0,0.0
2012-08-15 00:00:00-04:00,25.962196494333476,26.118235024422873,25.518091762711038,26.094228744506836,305100,0.0,0.0
2012-08-16 00:00:00-04:00,25.97419799155106,26.60435020798634,25.62611611224239,26.526330947875977,307200,0.0,0.0
2012-08-17 00:00:00-04:00,26.484311963338854,26.58033475441942,26.23825341810965,26.502315521240234,333300,0.0,0.0
2012-08-20 00:00:00-04:00,26.448309978934883,26.628352476556078,26.274267905843086,26.514326095581055,185300,0.0,0.0
2012-08-21 00:00:00-04:00,26.514326095581055,26.676365030249496,26.430306415982134,26.514326095581055,179500,0.0,0.0
2012-08-22 00:00:00-04:00,26.574337346239624,26.928421888277462,26.262262640599122,26.86240577697754,278600,0.0,0.0
2012-08-23 00:00:00-04:00,26.65835408763972,26.826395704115335,26.514321032791056,26.772382736206055,229200,0.0,0.0
2012-08-24 00:00:00-04:00,26.62834228696905,26.94641961006125,26.47830654813656,26.880403518676758,235300,0.0,0.0
2012-08-27 00:00:00-04:00,26.89241188763351,27.318512919419287,26.784385951495686,27.234493255615234,260500,0.0,0.0
2012-08-28 00:00:00-04:00,27.24050423913705,27.38453963961264,27.012449142286126,27.300519943237305,155600,0.0,0.0
2012-08-29 00:00:00-04:00,27.282508463298793,27.42654383408288,27.16848208306128,27.306514739990234,186700,0.0,0.0
2012-08-30 00:00:00-04:00,27.174481600205784,27.372529942250573,27.06045522377557,27.078458786010742,151200,0.0,0.0
2012-08-31 00:00:00-04:00,27.288501340866592,27.300504474885717,26.892407075690354,27.168472290039062,160600,0.0,0.0
2012-09-04 00:00:00-04:00,27.19247895881326,27.312505722045902,26.970424410232607,27.3125057220459,176500,0.0,0.0
2012-09-05 00:00:00-04:00,27.186475003594794,27.384523274725204,27.078449090135233,27.25849151611328,178100,0.0,0.0
2012-09-06 00:00:00-04:00,27.46855434215088,27.720613385452054,27.378531947049257,27.71461296081543,197300,0.0,0.0
2012-09-07 00:00:00-04:00,27.726613756866872,28.05069160461426,27.636591369371125,28.050691604614258,216900,0.0,0.0
2012-09-10 00:00:00-04:00,27.924657426548556,28.30874864034598,27.924657426548556,28.116703033447266,189500,0.0,0.0
2012-09-11 00:00:00-04:00,28.248742511648956,28.500803866380718,28.146719258342756,28.458791732788086,269800,0.0,0.0
2012-09-12 00:00:00-04:00,28.54281185364824,28.674841802903924,28.368769773533177,28.60882568359375,210400,0.0,0.0
2012-09-13 00:00:00-04:00,28.566816394898865,29.172962329963084,28.464793146255907,29.010923385620117,315900,0.0,0.0
2012-09-14 00:00:00-04:00,29.190960000260237,29.67707673514091,29.01691795191681,29.509035110473633,291500,0.0,0.0
2012-09-17 00:00:00-04:00,29.49703474379842,29.68307764252586,29.262977008058154,29.467025756835938,124200,0.0,0.0
2012-09-18 00:00:00-04:00,29.395004857356742,29.69507636748415,29.196958851141904,29.647066116333008,118900,0.0,0.0
2012-09-19 00:00:00-04:00,29.647065852787804,30.181192769768273,29.49703009905783,30.013151168823242,265900,0.0,0.0
2012-09-20 00:00:00-04:00,29.875127949349118,30.16319641241833,29.497039379338386,30.007160186767578,177900,0.0,0.0
2012-09-21 00:00:00-04:00,30.2892202396259,30.7873377769322,30.20520057955236,30.493268966674805,324500,0.0,0.0
2012-09-24 00:00:00-04:00,30.373238560655665,30.499268045209803,30.163187130368165,30.313222885131836,99100,0.0,0.0
2012-09-25 00:00:00-04:00,30.283218290796498,30.583289821119962,30.07916955860198,30.133182525634766,274600,0.0,0.0
2012-09-26 00:00:00-04:00,30.163200065900973,30.565297251576826,29.91114098869679,30.48727798461914,289200,0.0,0.0
2012-09-27 00:00:00-04:00,30.67932405228278,30.865369294586486,30.187206742307755,30.439268112182617,252800,0.0,0.0
2012-09-28 00:00:00-04:00,30.325227067498524,30.59529189327243,30.181194019995118,30.211200714111328,227300,0.0,0.0
2012-10-01 00:00:00-04:00,30.307231341415253,30.661315917968746,30.175199105945087,30.66131591796875,232900,0.0,0.0
2012-10-02 00:00:00-04:00,30.775340246971485,30.9013720494023,30.109180978814347,30.361242294311523,205500,0.0,0.0
2012-10-03 00:00:00-04:00,30.487268916477902,30.745330631732763,30.349236278679943,30.58929443359375,264300,0.0,0.0
2012-10-04 00:00:00-04:00,30.745335049230672,30.823354304192122,30.391250479008168,30.55328941345215,134900,0.0,0.0
2012-10-05 00:00:00-04:00,30.583294525294352,30.739333027107534,30.277222524606106,30.355241775512695,138200,0.0,0.0
2012-10-08 00:00:00-04:00,30.28322107965686,30.44525999567781,29.92913654969205,30.04316520690918,131200,0.0,0.0
2012-10-09 00:00:00-04:00,30.145187940215145,30.511275601180216,29.995152163712365,30.25321388244629,144200,0.0,0.0
2012-10-10 00:00:00-04:00,30.289223374323377,30.679315020659686,30.289223374323377,30.403249740600586,132800,0.0,0.0
2012-10-11 00:00:00-04:00,30.457260133247594,30.559283354011008,30.27721767407658,30.289220809936523,140800,0.0,0.0
2012-10-12 00:00:00-04:00,30.24720665765035,30.42724909109846,29.935132037970536,30.01915168762207,114400,0.0,0.0
2012-10-15 00:00:00-04:00,30.007153130461813,30.1151790648806,29.743091007084825,29.97114372253418,204000,0.0,0.0
2012-10-16 00:00:00-04:00,30.055172734620136,31.195443447819997,30.055172734620136,30.78734588623047,281900,0.0,0.0
2012-10-17 00:00:00-04:00,30.757327787250315,31.201434600669216,30.739324230410286,31.099409103393555,151200,0.0,0.0
2012-10-18 00:00:00-04:00,31.07097503983274,31.246449460000832,30.471944858163443,30.65346908569336,228300,0.423,0.0
2012-10-19 00:00:00-04:00,30.568753558870615,30.726073918028433,29.891062129243515,29.999977111816406,210400,0.0,0.0
2012-10-22 00:00:00-04:00,30.10284705809314,30.151254754266137,29.413053545069893,29.59457778930664,340100,0.0,0.0
2012-10-23 00:00:00-04:00,29.019753920492125,30.193615357720347,29.019753920492125,29.933429718017578,297500,0.0,0.0
2012-10-24 00:00:00-04:00,30.169399745997435,30.744228314494734,30.01812919156159,30.3751277923584,285500,0.0,0.0
2012-10-25 00:00:00-04:00,30.599007890370363,31.095175129513052,30.54455039786907,30.937854766845703,367600,0.0,0.0
2012-10-26 00:00:00-04:00,31.10122724434959,31.198040307884614,30.69582095390539,30.937854766845703,207000,0.0,0.0
2012-10-31 00:00:00-04:00,30.86524268759252,30.968107864129593,30.617159072445475,30.816837310791016,171900,0.0,0.0
2012-11-01 00:00:00-04:00,31.028623759329967,31.028623759329967,30.580864089981407,30.859201431274414,157900,0.0,0.0
2012-11-02 00:00:00-04:00,31.04072972032392,31.131493012559595,30.060496781928073,30.121004104614258,201100,0.0,0.0
2012-11-05 00:00:00-05:00,30.21781061307679,30.41143677327594,30.102845801772887,30.3630313873291,188100,0.0,0.0
2012-11-06 00:00:00-05:00,30.254117958592214,30.98021725123963,29.885017350184427,30.80474281311035,285000,0.0,0.0
2012-11-07 00:00:00-05:00,30.254118619417497,30.254118619417497,29.461459880634575,29.921323776245117,311100,0.0,0.0
2012-11-08 00:00:00-05:00,29.89107463337276,29.921328294919824,29.534075887421967,29.588533401489258,218300,0.0,0.0
2012-11-09 00:00:00-05:00,29.376748768011158,29.52801936136673,28.83217601685474,28.898733139038086,250400,0.0,0.0
2012-11-12 00:00:00-05:00,28.81401830463502,28.81401830463502,27.694616979718564,27.912446975708008,518300,0.0,0.0
2012-11-13 00:00:00-05:00,27.870096564967064,28.565939949780958,27.688569995861847,28.523584365844727,332600,0.0,0.0
2012-11-14 00:00:00-05:00,28.493322360808225,28.95923595583769,27.827732829740725,27.9366455078125,330000,0.0,0.0
2012-11-15 00:00:00-05:00,27.960846810142197,28.239184057243925,27.676459756888395,28.087913513183594,411800,0.0,0.0
2012-11-16 00:00:00-05:00,28.166585056095855,29.521970637973613,28.13633139795434,29.42515754699707,586200,0.0,0.0
2012-11-19 00:00:00-05:00,29.64903391353975,30.49615009149467,29.564322757385437,30.163352966308594,359100,0.0,0.0
2012-11-20 00:00:00-05:00,30.363027302976327,30.586907087802285,29.95762099770196,30.169401168823242,143400,0.0,0.0
2012-11-21 00:00:00-05:00,30.10890207957925,30.45380120401857,29.655090236303675,30.30858039855957,219500,0.0,0.0
2012-11-23 00:00:00-05:00,30.308574913555454,30.538506852168286,30.102846822839968,30.502201080322266,86600,0.0,0.0
2012-11-26 00:00:00-05:00,30.39327498357479,30.62320683829374,30.16334312885584,30.34486961364746,205400,0.0,0.0
2012-11-27 00:00:00-05:00,30.242015787891795,30.36303272038084,29.951576534841685,29.957626342773438,195700,0.0,0.0
2012-11-28 00:00:00-05:00,29.90922676608552,30.181514340040046,29.570379750919177,30.054445266723633,202100,0.0,0.0
2012-11-29 00:00:00-05:00,30.139158049029405,30.36908772104709,30.00603916970919,30.30858039855957,123600,0.0,0.0
2012-11-30 00:00:00-05:00,30.393291573324657,30.48405486526233,30.145207857995597,30.30858039855957,228300,0.0,0.0
2012-12-03 00:00:00-05:00,30.411435626025213,30.58086024096247,30.05443697383695,30.205707550048828,112600,0.0,0.0
2012-12-04 00:00:00-05:00,30.14519824148488,30.229909389226567,29.903164412332355,30.21175765991211,304900,0.0,0.0
2012-12-05 00:00:00-05:00,30.254116996289117,30.290422767638802,29.81845697291665,29.927371978759766,132500,0.0,0.0
2012-12-06 00:00:00-05:00,29.848721482718325,29.963686329266643,29.41911114412912,29.503822326660156,144700,0.0,0.0
2012-12-07 00:00:00-05:00,29.60668256834956,29.685343928113067,28.777720311200344,28.904787063598633,242300,0.0,0.0
2012-12-10 00:00:00-05:00,28.95318804763776,29.207323821944236,28.771663813536488,28.971342086791992,121700,0.0,0.0
2012-12-11 00:00:00-05:00,29.158917370303186,29.20127294979047,28.67485195601564,29.12261390686035,221500,0.0,0.0
2012-12-12 00:00:00-05:00,29.1407657911675,29.564323896464156,28.959241548384927,29.400951385498047,238600,0.0,0.0
2012-12-13 00:00:00-05:00,29.400955598048018,29.55222620674178,29.158921700855473,29.322294235229492,215700,0.0,0.0
2012-12-14 00:00:00-05:00,29.22548103861216,29.69139478878936,29.15892160170023,29.328346252441406,249400,0.0,0.0
2012-12-17 00:00:00-05:00,29.745849447893473,30.16335545548186,29.67324020922725,30.018136978149414,303800,0.0,0.0
2012-12-18 00:00:00-05:00,30.030233486257366,30.756332666575744,30.018131563961397,30.659517288208008,340400,0.0,0.0
2012-12-19 00:00:00-05:00,30.61716719993949,30.65347297333228,30.296474280357774,30.465896606445312,198400,0.0,0.0
2012-12-20 00:00:00-05:00,30.556656964592314,31.08913004908483,30.471945809646975,30.877349853515625,305500,0.0,0.0
2012-12-21 00:00:00-05:00,30.828943150865836,31.27065294577779,30.429588931616276,31.179889678955078,595300,0.0,0.0
2012-12-24 00:00:00-05:00,31.19803939065464,31.391665512032034,30.949955778377014,31.161733627319336,180100,0.0,0.0
2012-12-26 00:00:00-05:00,31.13147324376111,31.240388201999266,30.484035607681477,30.665559768676758,271700,0.0,0.0
2012-12-27 00:00:00-05:00,30.774482356408743,31.010464055026798,30.70792294229483,30.8531436920166,237500,0.0,0.0
2012-12-28 00:00:00-05:00,30.786591541950887,31.379571985833696,30.738183844553408,31.19199562072754,226800,0.0,0.0
2012-12-31 00:00:00-05:00,31.391678464071493,32.299302148085765,31.294865363438227,31.972557067871094,353400,0.0,0.0
2013-01-02 00:00:00-05:00,33.085906601294255,34.25371584564554,32.86202675428263,33.346092224121094,587400,0.0,0.0
2013-01-03 00:00:00-05:00,33.588123507767946,34.72567908297853,33.352141737572424,33.418701171875,474000,0.0,0.0
2013-01-04 00:00:00-05:00,33.60022100667875,34.56230200257325,33.48525619506836,33.48525619506836,489700,0.0,0.0
2013-01-07 00:00:00-05:00,33.50945936316246,34.362625337839994,33.50945936316246,34.0056266784668,462900,0.0,0.0
2013-01-08 00:00:00-05:00,34.10242920088276,34.58649444302555,34.029819991612634,34.39891815185547,372100,0.0,0.0
2013-01-09 00:00:00-05:00,34.47758565559131,35.22183653159135,34.42918027680229,35.05846405029297,362000,0.0,0.0
2013-01-10 00:00:00-05:00,35.26419221174538,35.596989290339764,34.85273610385194,35.07661819458008,363800,0.0,0.0
2013-01-11 00:00:00-05:00,34.907204340797996,34.907204340797996,34.25371652068924,34.29001998901367,423300,0.0,0.0
2013-01-14 00:00:00-05:00,34.32026488449094,34.483637363862485,34.02377357565988,34.23555374145508,336600,0.0,0.0
2013-01-15 00:00:00-05:00,34.13269940265949,34.8648485808108,34.13269940265949,34.743831634521484,266700,0.0,0.0
2013-01-16 00:00:00-05:00,34.83458142576405,35.536476672468105,34.76802201568089,35.391258239746094,249900,0.0,0.0
2013-01-17 00:00:00-05:00,35.70589954025107,35.87532412551692,35.403358440811466,35.59093475341797,254100,0.0,0.0
2013-01-18 00:00:00-05:00,35.609096858941534,35.83297899968462,35.5788432018213,35.82087707519531,225300,0.0,0.0
2013-01-22 00:00:00-05:00,35.71801945324297,36.29890041100688,35.71196964381712,36.18393325805664,290100,0.0,0.0
2013-01-23 00:00:00-05:00,36.304946589431864,36.38965776216086,35.820881096547375,36.01450729370117,386800,0.0,0.0
2013-01-24 00:00:00-05:00,36.18402046431639,36.470615235877645,35.82425340094777,35.958404541015625,361800,0.458,0.0
2013-01-25 00:00:00-05:00,36.18401754441597,36.40353672822901,35.915717612036175,36.15962600708008,261700,0.0,0.0
2013-01-28 00:00:00-05:00,36.171815971292375,36.8059818836316,36.171815971292375,36.61695098876953,235600,0.0,0.0
2013-01-29 00:00:00-05:00,36.67793982339705,37.09868342217768,36.42793235291489,37.08039093017578,194000,0.0,0.0
2013-01-30 00:00:00-05:00,36.98281197172768,37.15354803020298,36.684021543291564,36.80597686767578,207600,0.0,0.0
2013-01-31 00:00:00-05:00,36.81817263272463,37.116960735056416,36.69011826276382,36.80597686767578,259800,0.0,0.0
2013-02-01 00:00:00-05:00,37.03159934635411,37.299899247227664,36.84866749002647,36.982818603515625,319400,0.0,0.0
2013-02-04 00:00:00-05:00,36.96452500461595,37.16575168146391,36.720616630196865,36.79378890991211,205800,0.0,0.0
2013-02-05 00:00:00-05:00,36.8852693499302,37.23284071196661,36.830389538761,36.87307357788086,241600,0.0,0.0
2013-02-06 00:00:00-05:00,36.738916062782785,37.04990005493164,36.67793953917879,37.04990005493164,249300,0.0,0.0
2013-02-07 00:00:00-05:00,37.07429072812834,37.29380992973948,36.7328184821601,36.952335357666016,252900,0.0,0.0
2013-02-08 00:00:00-05:00,37.019417289244586,37.40967268090242,36.87916940324916,37.14137268066406,251200,0.0,0.0
2013-02-11 00:00:00-05:00,37.18404562382795,37.318196746972134,36.75110632326889,37.11697006225586,286800,0.0,0.0
2013-02-12 00:00:00-05:00,37.20843800844856,37.77552844508209,37.055994392710616,37.373077392578125,283500,0.0,0.0
2013-02-13 00:00:00-05:00,37.42795824389825,37.94016890028189,37.245026365069464,37.45844650268555,231000,0.0,0.0
2013-02-14 00:00:00-05:00,37.42796169899116,38.13530006823615,37.42796169899116,37.84870529174805,250100,0.0,0.0
2013-02-15 00:00:00-05:00,38.07431670444655,38.4401827786026,37.940167904083815,38.26334762573242,435100,0.0,0.0
2013-02-19 00:00:00-05:00,38.25724428171003,38.95848339843105,37.95845382251267,38.885311126708984,428000,0.0,0.0
2013-02-20 00:00:00-05:00,38.726785604368416,38.726785604368416,37.87919924354707,37.927982330322266,489600,0.0,0.0
2013-02-21 00:00:00-05:00,37.73894009549045,37.73894009549045,36.6901273038855,37.12916564941406,393600,0.0,0.0
2013-02-22 00:00:00-05:00,37.354778777907136,37.42795338081497,36.98281834726362,37.21453094482422,292200,0.0,0.0
2013-02-25 00:00:00-05:00,37.330387673072266,37.616980045200535,36.62914621718078,36.65353775024414,512400,0.0,0.0
2013-02-26 00:00:00-05:00,36.58645400957554,36.61694225602937,35.702280905789976,36.15351486206055,657700,0.0,0.0
2013-02-27 00:00:00-05:00,35.958406591953135,37.08039187678271,35.89742774021464,36.75720977783203,644400,0.0,0.0
2013-02-28 00:00:00-05:00,36.70842416727339,37.58649858122035,36.66574013975476,37.19624328613281,380900,0.0,0.0
2013-03-01 00:00:00-05:00,37.00111444761392,37.403565498482166,36.68403144903517,37.22673034667969,289300,0.0,0.0
2013-03-04 00:00:00-05:00,37.16575622118456,37.45844770190203,36.97672528888354,37.42795944213867,225400,0.0,0.0
2013-03-05 00:00:00-05:00,37.446251460970856,37.59869508397205,36.92184502566991,37.409664154052734,399800,0.0,0.0
2013-03-06 00:00:00-05:00,37.379171493839685,37.379171493839685,36.84866839956367,37.342586517333984,198900,0.0,0.0
2013-03-07 00:00:00-05:00,37.232827971154435,37.42795560496127,36.83037693566474,37.16575241088867,183200,0.0,0.0
2013-03-08 00:00:00-05:00,37.232823190964616,37.47673153885619,36.98891251696846,37.44624328613281,201800,0.0,0.0
2013-03-11 00:00:00-04:00,37.464547716690156,37.98285748264916,37.38527869955839,37.93407440185547,256000,0.0,0.0
2013-03-12 00:00:00-04:00,37.860901237509246,38.03773641216837,37.427961872879195,37.470645904541016,165400,0.0,0.0
2013-03-13 00:00:00-04:00,37.45234986818128,37.677968115174075,37.0986818564741,37.13526916503906,244500,0.0,0.0
2013-03-14 00:00:00-04:00,37.23282855170777,37.70235515478433,37.20843701557537,37.65357208251953,212900,0.0,0.0
2013-03-15 00:00:00-04:00,37.720648703066445,37.818212524230816,37.47064126595117,37.73894119262695,294700,0.0,0.0
2013-03-18 00:00:00-04:00,37.34868759639026,38.269446054872176,37.306003568082794,38.092613220214844,306800,0.0,0.0
2013-03-19 00:00:00-04:00,38.18407785286826,38.2633491877539,37.482838586126256,37.946266174316406,182100,0.0,0.0
2013-03-20 00:00:00-04:00,38.08650943930335,38.952390319011485,38.06211790441471,38.89751052856445,307900,0.0,0.0
2013-03-21 00:00:00-04:00,38.714587173146214,39.318265000667246,38.66580409265326,38.83654022216797,378900,0.0,0.0
2013-03-22 00:00:00-04:00,38.83653958767135,39.94023234168686,37.82431394503312,39.921939849853516,503800,0.0,0.0
2013-03-25 00:00:00-04:00,40.1475489909539,40.44024278439543,39.67802469463209,39.757293701171875,250300,0.0,0.0
2013-03-26 00:00:00-04:00,39.98291630987112,40.77562507093449,39.83047267522128,40.70854949951172,312200,0.0,0.0
2013-03-27 00:00:00-04:00,40.45853731602175,41.03782588480292,40.43414577765314,41.0317268371582,374900,0.0,0.0
2013-03-28 00:00:00-04:00,41.2207578934591,41.72077282919906,40.82440351278717,41.440277099609375,265000,0.0,0.0
2013-04-01 00:00:00-04:00,41.58661534228881,41.6475965086361,41.0195249216117,41.45246887207031,410500,0.0,0.0
2013-04-02 00:00:00-04:00,41.720770079805305,42.19639344438388,41.513448983331664,41.89150619506836,272300,0.0,0.0
2013-04-03 00:00:00-04:00,41.952474105742226,42.07442710603564,40.50120828032334,40.9951286315918,496000,0.0,0.0
2013-04-04 00:00:00-04:00,40.995142219654376,41.202463319312635,40.647570936184124,41.0073356628418,200700,0.0,0.0
2013-04-05 00:00:00-04:00,40.42195093756613,41.11709347431078,39.94022853890798,40.97074890136719,170000,0.0,0.0
2013-04-08 00:00:00-04:00,41.04392503041022,41.99517652803662,41.04392503041022,41.903709411621094,255800,0.0,0.0
2013-04-09 00:00:00-04:00,41.9463917455969,42.20249593941203,41.73906597997707,41.81224060058594,207100,0.0,0.0
2013-04-10 00:00:00-04:00,40.97684578045199,41.62930432912889,40.8914777200427,41.48295974731445,350800,0.0,0.0
2013-04-11 00:00:00-04:00,41.30612323856417,41.85492121782618,41.263439209744355,41.629302978515625,159600,0.0,0.0
2013-04-12 00:00:00-04:00,41.60491875203853,41.61101314782363,41.15368224457286,41.49515914916992,164300,0.0,0.0
2013-04-15 00:00:00-04:00,41.287826722523754,41.336609794193116,39.976810747720606,40.007301330566406,268800,0.0,0.0
2013-04-16 00:00:00-04:00,40.27561741433223,41.00734513201146,39.94633854571317,40.7817268371582,256100,0.0,0.0
2013-04-17 00:00:00-04:00,40.5743932275146,40.604879159264414,39.342646210015474,40.171939849853516,296100,0.0,0.0
2013-04-18 00:00:00-04:00,40.15975220557526,40.53171505297794,39.751204373906944,40.29390335083008,200600,0.0,0.0
2013-04-19 00:00:00-04:00,40.34877839408463,41.21465708570095,40.306094364278486,41.14148712158203,156800,0.0,0.0
2013-04-22 00:00:00-04:00,41.190267075097424,41.37929567101504,40.739030620272814,41.251243591308594,91500,0.0,0.0
2013-04-23 00:00:00-04:00,41.39149404829738,41.7939474772518,41.26954100133512,41.54393768310547,197800,0.0,0.0
2013-04-24 00:00:00-04:00,41.54391975588519,41.806122880696456,40.982928538403414,41.19025421142578,250400,0.0,0.0
2013-04-25 00:00:00-04:00,41.45134679969421,41.45134679969421,40.54221625196043,40.60978698730469,218900,0.495,0.0
2013-04-26 00:00:00-04:00,40.60976826696845,40.70191056237603,39.88492272914165,40.370201110839844,215200,0.0,0.0
2013-04-29 00:00:00-04:00,40.52378336156112,41.16877026832394,40.52378336156112,40.929203033447266,143900,0.0,0.0
2013-04-30 00:00:00-04:00,41.0336343700865,41.131916082768434,40.284216978853706,40.3947868347168,249500,0.0,0.0
2013-05-01 00:00:00-04:00,40.357921106175645,40.388636773019584,39.37508069235568,39.54707717895508,340600,0.0,0.0
2013-05-02 00:00:00-04:00,39.620783981800905,40.812480379554756,39.59006832114777,40.370201110839844,333200,0.0,0.0
2013-05-03 00:00:00-04:00,40.99062567126658,41.50661508711503,40.15521021903848,41.322330474853516,199600,0.0,0.0
2013-05-06 00:00:00-04:00,41.51275471173317,41.924318323617484,41.25476003143721,41.73389434814453,133300,0.0,0.0
2013-05-07 00:00:00-04:00,41.81989938234309,42.421887067691756,41.61104316437841,41.8444709777832,161700,0.0,0.0
2013-05-08 00:00:00-04:00,41.795325449918494,42.36660212393857,41.73389880802918,42.21917724609375,205700,0.0,0.0
2013-05-09 00:00:00-04:00,42.262175935124546,42.618452329087404,41.967321495875225,42.14546203613281,179900,0.0,0.0
2013-05-10 00:00:00-04:00,42.29904636763433,42.64918350540953,42.20075995661826,42.50175857543945,89000,0.0,0.0
2013-05-13 00:00:00-04:00,42.323605521212606,42.34203304621929,41.8383270543084,41.88747024536133,139800,0.0,0.0
2013-05-14 00:00:00-04:00,41.709329546138875,41.85675443222695,40.91076909726927,41.8444709777832,315400,0.0,0.0
2013-05-15 00:00:00-04:00,41.789186826792786,42.157751412721716,41.7216161059413,41.998043060302734,191000,0.0,0.0
2013-05-16 00:00:00-04:00,41.88134191657997,42.14548080957927,41.49434968632471,41.647918701171875,172900,0.0,0.0
2013-05-17 00:00:00-04:00,41.65405032528847,41.991903969615564,41.408343696563534,41.660194396972656,357100,0.0,0.0
2013-05-20 00:00:00-04:00,41.44518214343173,41.862889806032925,41.23018658618516,41.598751068115234,439700,0.0,0.0
2013-05-21 00:00:00-04:00,41.53119615016554,42.07790135488872,41.45134196614032,41.71548080444336,377600,0.0,0.0
2013-05-22 00:00:00-04:00,41.727755587399784,42.07174853822508,40.898484188630256,41.211761474609375,343500,0.0,0.0
2013-05-23 00:00:00-04:00,40.68962097190617,41.62946204112094,40.57291177600184,41.598751068115234,144900,0.0,0.0
2013-05-24 00:00:00-04:00,41.42062093507919,41.43290439004996,41.05205636076926,41.297767639160156,97700,0.0,0.0
2013-05-28 00:00:00-04:00,41.709332211026975,42.09018024830032,41.44519340136018,41.555763244628906,186200,0.0,0.0
2013-05-29 00:00:00-04:00,40.92306560077486,41.36534034941664,40.450070493364535,41.05206298828125,399600,0.0,0.0
2013-05-30 00:00:00-04:00,41.070484250066805,41.0889117759625,39.84193253378973,40.3763542175293,339000,0.0,0.0
2013-05-31 00:00:00-04:00,40.09377729456554,40.36406013204262,39.559360376075006,39.5716438293457,197300,0.0,0.0
2013-06-03 00:00:00-04:00,39.669931844814705,39.915643099375366,38.88980130635223,39.295223236083984,445400,0.0,0.0
2013-06-04 00:00:00-04:00,39.22766219477901,39.48565696672302,38.969665079558226,39.15394973754883,190100,0.0,0.0
2013-06-05 00:00:00-04:00,39.00036304483707,39.252215974033376,38.64408203397242,38.84679412841797,194200,0.0,0.0
2013-06-06 00:00:00-04:00,38.73624182005679,39.66994153487267,38.539673705703635,39.528656005859375,205700,0.0,0.0
2013-06-07 00:00:00-04:00,39.58393307071997,40.278063020359035,39.54093395324768,40.18592071533203,124900,0.0,0.0
2013-06-10 00:00:00-04:00,40.382491279441595,41.20562331901734,39.80507519285386,40.86162567138672,243700,0.0,0.0
2013-06-11 00:00:00-04:00,40.34563898801225,40.646632849533056,39.91564775726823,40.247352600097656,187100,0.0,0.0
2013-06-12 00:00:00-04:00,40.566772343857025,40.57291641378114,39.854210202329746,39.940208435058594,103700,0.0,0.0
2013-06-13 00:00:00-04:00,39.95864674735219,40.5790619944247,39.86036035976473,40.517635345458984,163600,0.0,0.0
2013-06-14 00:00:00-04:00,40.370204701847044,41.00905207053396,40.22277982801229,40.65277099609375,183700,0.0,0.0
2013-06-17 00:00:00-04:00,40.95377853647106,41.52505538637445,40.89849594771613,41.28548812866211,348500,0.0,0.0
2013-06-18 00:00:00-04:00,41.322324756868724,41.445182710226696,41.05204663258463,41.131900787353516,203600,0.0,0.0
2013-06-19 00:00:00-04:00,41.01519972126728,41.28548261657122,40.443922947635976,40.45621109008789,205700,0.0,0.0
2013-06-20 00:00:00-04:00,39.934071741104205,40.0569250285471,38.55194882460911,38.582664489746094,530800,0.0,0.0
2013-06-21 00:00:00-04:00,38.662521084435774,38.92665988691292,37.464685053756135,37.88853454589844,652600,0.0,0.0
2013-06-24 00:00:00-04:00,37.66125259526386,38.343096809334966,36.862692128615535,38.08510208129883,248300,0.0,0.0
2013-06-25 00:00:00-04:00,38.45981268171157,39.19694419601684,38.09738982386927,38.95123291015625,253000,0.0,0.0
2013-06-26 00:00:00-04:00,39.344363910661,39.55321541743534,38.97579705236713,39.36893081665039,229200,0.0,0.0
2013-06-27 00:00:00-04:00,39.58394270085901,39.84808154003592,39.48565630183809,39.725223541259766,165800,0.0,0.0
2013-06-28 00:00:00-04:00,39.65150648297446,40.21049504819175,39.29522537876194,39.51636505126953,468300,0.0,0.0
2013-07-01 00:00:00-04:00,39.69450808976199,40.90462760729969,39.559366649592064,40.87391662597656,236100,0.0,0.0
2013-07-02 00:00:00-04:00,40.806353117381754,41.439056620398084,40.54835833321945,40.800209045410156,402300,0.0,0.0
2013-07-03 00:00:00-04:00,40.54220455093517,40.59134774183014,40.27806575806545,40.57905960083008,124000,0.0,0.0
2013-07-05 00:00:00-04:00,40.923059829401,41.19948209413751,40.37635468426226,41.187198638916016,129000,0.0,0.0
2013-07-08 00:00:00-04:00,41.38375470422448,41.709320068359375,41.11347190235328,41.709320068359375,187600,0.0,0.0
2013-07-09 00:00:00-04:00,41.77075679385407,42.07789471145593,41.13805343344265,42.07175064086914,239100,0.0,0.0
2013-07-10 00:00:00-04:00,41.89974403155868,42.12702772281869,41.525035487710554,41.709320068359375,194100,0.0,0.0
2013-07-11 00:00:00-04:00,42.219177370580944,42.231460824374075,41.59261343642635,42.00417709350586,189500,0.0,0.0
2013-07-12 00:00:00-04:00,41.850608698353916,42.24374483666513,41.74618293679835,42.065608978271484,144700,0.0,0.0
2013-07-15 00:00:00-04:00,42.0164680652461,42.507885921477474,41.74618519805959,42.07175064086914,200300,0.0,0.0
2013-07-16 00:00:00-04:00,42.04717364760941,42.23760231893367,40.90462036587227,41.32847213745117,303100,0.0,0.0
2013-07-17 00:00:00-04:00,41.48203637709937,41.905888100660725,41.340755593613295,41.709320068359375,248700,0.0,0.0
2013-07-18 00:00:00-04:00,41.78918895120113,42.21918489543844,41.48205099955443,41.592620849609375,132100,0.0,0.0
2013-07-19 00:00:00-04:00,41.5680477040245,42.01647115882281,41.48819352672751,41.85675811767578,143700,0.0,0.0
2013-07-22 00:00:00-04:00,41.81375467866896,42.489457140105976,41.66018572440816,42.36660385131836,127700,0.0,0.0
2013-07-23 00:00:00-04:00,42.56931870704221,42.84574096769652,42.18846598905921,42.44646072387695,181300,0.0,0.0
2013-07-24 00:00:00-04:00,42.41574586811561,42.41574586811561,41.72775528490005,42.0778923034668,254400,0.0,0.0
2013-07-25 00:00:00-04:00,42.035784278264465,42.673439735118876,41.99863604437392,42.630104064941406,295400,0.532,0.0
2013-07-26 00:00:00-04:00,42.438210620858655,42.654889078925464,42.20295567504085,42.46916198730469,206100,0.0,0.0
2013-07-29 00:00:00-04:00,42.481546508771906,42.71679673244062,42.13485625102687,42.32058334350586,162200,0.0,0.0
2013-07-30 00:00:00-04:00,42.45058440393936,42.543447937020616,42.0481789094109,42.27104949951172,144000,0.0,0.0
2013-07-31 00:00:00-04:00,42.34534090317953,42.654882861940735,42.029606782737176,42.20294952392578,189000,0.0,0.0
2013-08-01 00:00:00-04:00,42.71679485804061,43.31730707770473,41.95531948017346,43.05729293823242,261500,0.0,0.0
2013-08-02 00:00:00-04:00,43.05109841476267,43.26777685243924,42.45058622803352,42.79108428955078,178300,0.0,0.0
2013-08-05 00:00:00-04:00,42.834427533153736,43.051106009052766,42.06675989963068,42.22153091430664,312900,0.0,0.0
2013-08-06 00:00:00-04:00,42.178181838453746,42.562015533447266,41.942931671142574,42.562015533447266,163800,0.0,0.0
2013-08-07 00:00:00-04:00,42.51248133869891,42.580580931235836,41.87482581152077,41.930545806884766,156100,0.0,0.0
2013-08-08 00:00:00-04:00,42.128656147867616,42.611540775275515,41.373373126235876,41.391944885253906,192600,0.0,0.0
2013-08-09 00:00:00-04:00,41.47862732771314,41.949132482593285,41.1195574799563,41.682926177978516,192600,0.0,0.0
2013-08-12 00:00:00-04:00,41.515771582937205,41.73864220108798,41.29909312730064,41.639591217041016,106900,0.0,0.0
2013-08-13 00:00:00-04:00,41.59006755689078,41.720074643381224,41.04527528161132,41.528160095214844,143200,0.0,0.0
2013-08-14 00:00:00-04:00,41.59625827834835,41.726265360332896,41.193852706546835,41.43529510498047,106400,0.0,0.0
2013-08-15 00:00:00-04:00,41.193852706546835,41.63340180941925,41.04527385902685,41.43529510498047,156200,0.0,0.0
2013-08-16 00:00:00-04:00,41.305279676072814,41.3981432082207,40.76048280653078,41.113365173339844,157700,0.0,0.0
2013-08-19 00:00:00-04:00,41.07622274850326,41.10098667546833,40.58714581822451,40.95240783691406,292000,0.0,0.0
2013-08-20 00:00:00-04:00,40.983360425767174,41.38576598529041,40.593339191713966,41.37338638305664,143900,0.0,0.0
2013-08-21 00:00:00-04:00,41.305276405115656,41.59624657862729,41.13193367789215,41.218605041503906,91600,0.0,0.0
2013-08-22 00:00:00-04:00,41.391953966275665,41.546724956360976,41.01431237260863,41.491004943847656,105600,0.0,0.0
2013-08-23 00:00:00-04:00,41.6767260390704,41.85006876736705,41.21241313546078,41.800540924072266,153700,0.0,0.0
2013-08-26 00:00:00-04:00,41.86863689531655,42.735355184839335,41.48480795117031,41.83149337768555,194900,0.0,0.0
2013-08-27 00:00:00-04:00,41.68291895872682,42.22151891384354,41.360992694688264,42.116275787353516,220300,0.0,0.0
2013-08-28 00:00:00-04:00,42.246290599803984,43.323500154473265,41.81912585400787,43.05110168457031,174100,0.0,0.0
2013-08-29 00:00:00-04:00,42.73536265429893,43.19967559877978,42.716790892237384,43.02633285522461,139700,0.0,0.0
2013-08-30 00:00:00-04:00,43.131584876898444,43.131584876898444,42.110095243902016,42.1534309387207,154400,0.0,0.0
2013-09-03 00:00:00-04:00,42.5991588664514,42.82202943375997,42.041987171414966,42.524871826171875,202000,0.0,0.0
2013-09-04 00:00:00-04:00,42.77870355465616,43.32968793807628,42.178191317544396,43.30492401123047,353700,0.0,0.0
2013-09-05 00:00:00-04:00,43.33587008868679,43.67636810010619,43.05728424169638,43.21205520629883,86300,0.0,0.0
2013-09-06 00:00:00-04:00,43.45967993504187,44.778331423522104,43.24919371472612,44.20258331298828,278100,0.0,0.0
2013-09-09 00:00:00-04:00,44.26449475545847,44.586416275456635,43.85589715210149,44.23973083496094,240800,0.0,0.0
2013-09-10 00:00:00-04:00,44.307836090583365,44.66071373705037,44.264500404990414,44.58023452758789,143800,0.0,0.0
2013-09-11 00:00:00-04:00,44.58643221796241,44.84645111454248,43.96734815386651,44.15926742553711,133500,0.0,0.0
2013-09-12 00:00:00-04:00,44.14068457586609,44.31402731456974,43.89305006775998,44.047821044921875,128500,0.0,0.0
2013-09-13 00:00:00-04:00,44.2149671995789,44.487365603573416,43.71351079516619,43.76922607421875,244000,0.0,0.0
2013-09-16 00:00:00-04:00,44.32641593859394,44.32641593859394,43.48446127356732,43.564945220947266,143600,0.0,0.0
2013-09-17 00:00:00-04:00,43.56494192229207,44.375940434882764,43.40397876295636,44.03544235229492,217800,0.0,0.0
2013-09-18 00:00:00-04:00,44.15306602242354,45.329326442695596,43.80638053051684,45.112648010253906,353500,0.0,0.0
2013-09-19 00:00:00-04:00,45.1993201167048,46.39415231868455,45.1993201167048,45.79364013671875,278500,0.0,0.0
2013-09-20 00:00:00-04:00,45.95459664380791,46.109367607588005,45.18692926272948,45.27979278564453,339300,0.0,0.0
2013-09-23 00:00:00-04:00,45.416003646408384,45.874124494277474,45.0631259473461,45.31694793701172,143500,0.0,0.0
2013-09-24 00:00:00-04:00,45.45313459861655,46.022690600338706,45.21169227781619,45.28598403930664,160900,0.0,0.0
2013-09-25 00:00:00-04:00,45.496470871818346,45.91126064150408,45.34169990912164,45.570762634277344,135100,0.0,0.0
2013-09-26 00:00:00-04:00,45.69457931272881,46.02269301083597,45.155979364226546,45.372657775878906,106100,0.0,0.0
2013-09-27 00:00:00-04:00,44.98264075878033,45.1126478176904,44.40070035136188,44.72262191772461,219000,0.0,0.0
2013-09-30 00:00:00-04:00,44.481181900131986,45.17455764066602,44.23354736971014,45.168365478515625,131700,0.0,0.0
2013-10-01 00:00:00-04:00,45.199323492231066,46.26414871215821,44.97026071526292,46.2641487121582,208100,0.0,0.0
2013-10-02 00:00:00-04:00,46.12175152049209,46.38176563038682,45.52743153077467,46.25175857543945,141400,0.0,0.0
2013-10-03 00:00:00-04:00,46.24555760000939,46.28270583951112,45.285980551641934,45.867916107177734,154400,0.0,0.0
2013-10-04 00:00:00-04:00,45.8184011394253,46.282714068255046,45.45933134088714,45.601722717285156,114200,0.0,0.0
2013-10-07 00:00:00-04:00,45.36028307664126,45.725545096547854,45.0321693089241,45.391239166259766,120500,0.0,0.0
2013-10-08 00:00:00-04:00,45.2797978672653,45.71315472518995,45.00739942900666,45.16217041015625,145500,0.0,0.0
2013-10-09 00:00:00-04:00,45.174547216013416,45.2921746535477,44.72261394804071,44.834049224853516,142600,0.0,0.0
2013-10-10 00:00:00-04:00,45.304569421957076,45.676018894634446,45.056934865760056,45.33552551269531,125000,0.0,0.0
2013-10-11 00:00:00-04:00,45.11883240638366,45.806015905242624,44.95787399498689,45.61410140991211,153900,0.0,0.0
2013-10-14 00:00:00-04:00,45.21789152507463,46.46225156644911,45.21789152507463,46.08460998535156,117600,0.0,0.0
2013-10-15 00:00:00-04:00,46.066029653653096,46.134124528980195,45.39122582878611,45.911258697509766,170100,0.0,0.0
2013-10-16 00:00:00-04:00,46.276522488158655,46.418913866345804,45.80601739186009,46.07222366333008,87400,0.0,0.0
2013-10-17 00:00:00-04:00,45.341690586314904,46.27650833129883,45.069296959775926,46.27650833129883,124200,0.0,0.0
2013-10-18 00:00:00-04:00,46.660352402268906,46.660352402268906,46.10317598154768,46.43128967285156,138500,0.0,0.0
2013-10-21 00:00:00-04:00,46.4374797775895,47.248478089859994,46.4374797775895,47.09989929199219,114300,0.0,0.0
2013-10-22 00:00:00-04:00,48.133782107360034,49.217179132284535,47.502318491056535,48.63523864746094,260600,0.0,0.0
2013-10-23 00:00:00-04:00,48.56094106737808,48.93858261210488,48.09043599598753,48.62284851074219,234300,0.0,0.0
2013-10-24 00:00:00-04:00,48.87667664468047,49.52052452844576,48.604282914682834,49.25431823730469,163000,0.0,0.0
2013-10-25 00:00:00-04:00,49.6195763746463,49.65052773623219,48.80857324003526,49.07477951049805,157600,0.0,0.0
2013-10-28 00:00:00-04:00,49.062394406848014,49.11192224771205,48.52378976473005,48.7590446472168,194000,0.0,0.0
2013-10-29 00:00:00-04:00,48.9710729384499,49.657028704981364,48.42230927675826,48.84635543823242,184300,0.57,0.0
2013-10-30 00:00:00-04:00,49.03343619054854,49.15815845988502,48.684223351742595,48.85259246826172,229600,0.0,0.0
2013-10-31 00:00:00-04:00,48.96484839960499,49.13945960615938,48.34125122063174,48.36619567871094,253600,0.0,0.0
2013-11-01 00:00:00-04:00,48.266419288108814,48.77776874942987,47.405852195339506,47.81742858886719,320000,0.0,0.0
2013-11-04 00:00:00-05:00,47.967077631704974,48.95236198288212,47.74258234263506,48.80270004272461,265000,0.0,0.0
2013-11-05 00:00:00-05:00,47.91095797179979,48.44101446274274,47.33101257972474,47.68022537231445,464800,0.0,0.0
2013-11-06 00:00:00-05:00,48.06686478590392,48.29759266404119,47.39961609064827,47.66152572631836,262400,0.0,0.0
2013-11-07 00:00:00-05:00,47.91097374379199,48.20406518734257,46.45799113426241,47.455745697021484,353200,0.0,0.0
2013-11-08 00:00:00-05:00,47.393373067859045,48.98977990137539,47.368428616376896,48.95860290527344,194000,0.0,0.0
2013-11-11 00:00:00-05:00,49.089542936410425,49.501114367856175,48.62184531660113,49.033416748046875,192300,0.0,0.0
2013-11-12 00:00:00-05:00,49.01473571809217,49.16439770402012,48.715411746236285,48.89625549316406,200800,0.0,0.0
2013-11-13 00:00:00-05:00,48.696680787945645,49.16437847399661,48.484660120615985,49.07084274291992,192700,0.0,0.0
2013-11-14 00:00:00-05:00,49.2205165168701,49.76928022115478,48.78400047456047,48.890010833740234,185700,0.0,0.0
2013-11-15 00:00:00-05:00,48.80893232439488,49.50112533569337,48.50960844568959,49.50112533569336,187200,0.0,0.0
2013-11-18 00:00:00-05:00,49.63832549456769,49.71939615804299,48.93366252285464,49.23298645019531,354900,0.0,0.0
2013-11-19 00:00:00-05:00,49.07084303787241,49.63831375970504,48.64679694299736,49.432525634765625,259000,0.0,0.0
2013-11-20 00:00:00-05:00,49.66327253821731,49.68197968994323,49.120741349824094,49.51984786987305,213800,0.0,0.0
2013-11-21 00:00:00-05:00,49.8191637278236,50.51759407747775,49.63832002770777,50.155906677246094,156500,0.0,0.0
2013-11-22 00:00:00-05:00,50.268146222069355,50.89798041986386,50.23073193072185,50.86056137084961,170200,0.0,0.0
2013-11-25 00:00:00-05:00,50.86055346647379,51.353195509208966,50.76701775264168,50.91044235229492,250100,0.0,0.0
2013-11-26 00:00:00-05:00,51.04764271112166,51.322026870093765,50.49887915084423,50.50511169433594,197900,0.0,0.0
2013-11-27 00:00:00-05:00,50.480182622444524,50.9852995014596,50.299343652770105,50.523834228515625,139900,0.0,0.0
2013-11-29 00:00:00-05:00,50.77950363280182,51.172368027971906,50.467705134444365,50.56747817993164,90100,0.0,0.0
2013-12-02 00:00:00-05:00,50.44899642238333,51.234729946041575,50.18084953179894,51.12248229980469,152300,0.0,0.0
2013-12-03 00:00:00-05:00,50.03119694368066,50.59866782521827,49.812934154651785,49.894004821777344,400300,0.0,0.0
2013-12-04 00:00:00-05:00,48.86506242831623,49.625851547100446,48.52208216733395,49.1955680847168,284300,0.0,0.0
2013-12-05 00:00:00-05:00,49.02096896789719,49.25170161027611,48.465967923212574,49.05215072631836,244100,0.0,0.0
2013-12-06 00:00:00-05:00,49.50737291074692,49.99377788282723,48.87753851367634,49.894004821777344,197500,0.0,0.0
2013-12-09 00:00:00-05:00,49.850346233330804,50.01247802953679,49.19556747329078,49.663265228271484,275700,0.0,0.0
2013-12-10 00:00:00-05:00,49.563496193749934,49.57596604151855,48.89624753293181,49.27040481567383,207800,0.0,0.0
2013-12-11 00:00:00-05:00,49.650787353515625,50.05612153616,49.413817484400276,49.650787353515625,241200,0.0,0.0
2013-12-12 00:00:00-05:00,49.65079172779836,50.0000045033657,49.28910434872232,49.59466552734375,247800,0.0,0.0
2013-12-13 00:00:00-05:00,49.70691904632586,50.70467334993712,49.445009433690615,50.455238342285156,217300,0.0,0.0
2013-12-16 00:00:00-05:00,50.49888169531166,51.22225166314067,50.49888169531166,51.0975341796875,269500,0.0,0.0
2013-12-17 00:00:00-05:00,51.00400493962011,51.54653610342315,50.885519973835194,51.166141510009766,220500,0.0,0.0
2013-12-18 00:00:00-05:00,51.0788302108346,51.75854862597736,50.63607217439526,51.696189880371094,251000,0.0,0.0
2013-12-19 00:00:00-05:00,51.71488543414259,52.04539099365918,51.022692570463356,51.764774322509766,288300,0.0,0.0
2013-12-20 00:00:00-05:00,51.571481655424755,53.068115745294406,51.27839499560894,52.90597915649414,351900,0.0,0.0
2013-12-23 00:00:00-05:00,53.417331993722314,53.8912623830461,53.111765977050865,53.79772186279297,197900,0.0,0.0
2013-12-24 00:00:00-05:00,53.71664737318836,54.452492053273176,53.66052592459766,54.40260314941406,139900,0.0,0.0
2013-12-26 00:00:00-05:00,54.68320889157642,54.95135572538545,54.246688245228555,54.56472396850586,188200,0.0,0.0
2013-12-27 00:00:00-05:00,54.8391232107756,55.31305351829018,54.533557246850535,54.76428985595703,228800,0.0,0.0
2013-12-30 00:00:00-05:00,54.78300413211326,55.9616022672436,54.35895791497807,55.16339874267578,382000,0.0,0.0
2013-12-31 00:00:00-05:00,55.394131760763685,55.62485964379698,54.94514108570556,54.9825553894043,227500,0.0,0.0
2014-01-02 00:00:00-05:00,54.89525262404265,54.93890423127049,53.92867996180659,54.240478515625,289900,0.0,0.0
2014-01-03 00:00:00-05:00,54.48367054938194,54.82041349379151,53.959846605522344,54.0222053527832,245100,0.0,0.0
2014-01-06 00:00:00-05:00,54.3152885170781,54.32152581816493,53.41107492382463,53.903717041015625,306600,0.0,0.0
2014-01-07 00:00:00-05:00,53.934887846736046,54.22797911454229,52.48814340881969,53.217750549316406,531500,0.0,0.0
2014-01-08 00:00:00-05:00,54.80169554343928,57.05911810357581,54.11573988389143,55.76203536987305,860800,0.0,0.0
2014-01-09 00:00:00-05:00,56.05511599316442,56.05511599316442,54.00971924959634,54.54601287841797,399500,0.0,0.0
2014-01-10 00:00:00-05:00,54.65204260004801,55.56873098315495,54.62086084589657,54.77676010131836,447700,0.0,0.0
2014-01-13 00:00:00-05:00,54.56474779757364,54.75182883594698,53.92244352758344,54.134464263916016,288000,0.0,0.0
2014-01-14 00:00:00-05:00,54.24669946970573,55.182094931284986,53.88501684038894,54.95759963989258,172400,0.0,0.0
2014-01-15 00:00:00-05:00,55.313052383543,55.83687634119139,55.15715313245335,55.48142623901367,227000,0.0,0.0
2014-01-16 00:00:00-05:00,55.506355431650164,55.69966892740666,54.52107129377368,55.43775939941406,227700,0.0,0.0
2014-01-17 00:00:00-05:00,55.213287729918676,55.68722285742201,54.645812086008746,55.03244400024414,239400,0.0,0.0
2014-01-21 00:00:00-05:00,55.587435815987696,56.60389720621662,55.288111922346026,56.34198760986328,247300,0.0,0.0
2014-01-22 00:00:00-05:00,55.774502260118666,56.37315464881588,55.21950145942022,55.43775939941406,545300,0.0,0.0
2014-01-23 00:00:00-05:00,55.32979274782372,56.25278909612885,54.95933432507307,56.221397399902344,212500,0.608,0.0
2014-01-24 00:00:00-05:00,55.98906324955658,56.1711522922313,55.30466406645559,55.336055755615234,278900,0.0,0.0
2014-01-27 00:00:00-05:00,55.50558917241832,55.989063342061556,54.62654043718222,55.116294860839844,248000,0.0,0.0
2014-01-28 00:00:00-05:00,55.07234004914322,56.39091069418559,54.87769529780949,56.102081298828125,229900,0.0,0.0
2014-01-29 00:00:00-05:00,55.78184988507114,56.84926776060768,55.1539587078483,56.03928756713867,299500,0.0,0.0
2014-01-30 00:00:00-05:00,56.59810588288587,57.11297641612136,56.064399382282964,56.52903747558594,177000,0.0,0.0
2014-01-31 00:00:00-05:00,56.139756339525164,57.38297827381136,55.951387057152175,56.692298889160156,210600,0.0,0.0
2014-02-03 00:00:00-05:00,56.69858061637286,56.962293786205485,55.26698457207439,56.007896423339844,356600,0.0,0.0
2014-02-04 00:00:00-05:00,55.9890607388931,56.246498446781324,55.59977123584456,56.00162124633789,236900,0.0,0.0
2014-02-05 00:00:00-05:00,55.832101650178146,56.32185617142742,54.965613250308756,55.89488983154297,301000,0.0,0.0
2014-02-06 00:00:00-05:00,56.08322902208555,57.63412069941222,56.08322902208555,57.32017517089844,209200,0.0,0.0
2014-02-07 00:00:00-05:00,57.42065498502306,58.69527829284916,57.31391461834356,58.35621643066406,242100,0.0,0.0
2014-02-10 00:00:00-05:00,58.43784720283217,58.83341702505374,57.439502265135964,57.78483963012695,172700,0.0,0.0
2014-02-11 00:00:00-05:00,57.979465079575554,59.28547978947221,57.67808001755583,59.021766662597656,191600,0.0,0.0
2014-02-12 00:00:00-05:00,59.12224746817042,59.71874229063805,58.97783036049979,59.28549575805664,312800,0.0,0.0
2014-02-13 00:00:00-05:00,59.48016031969937,61.935213445782104,58.50064638121164,60.472225189208984,328400,0.0,0.0
2014-02-14 00:00:00-05:00,59.36712312940717,60.9431268113943,59.17875382704813,60.60406494140625,295800,0.0,0.0
2014-02-18 00:00:00-05:00,61.32612234730797,61.67774461942363,60.61660713163894,61.00590133666992,414400,0.0,0.0
2014-02-19 00:00:00-05:00,60.40941062776043,61.40147985458781,59.850587853627324,60.346622467041016,469200,0.0,0.0
2014-02-20 00:00:00-05:00,60.27758184577411,60.848965389761105,60.1520054664348,60.57897186279297,263700,0.0,0.0
2014-02-21 00:00:00-05:00,60.8740572456945,60.8740572456945,60.164541828909435,60.27128219604492,362500,0.0,0.0
2014-02-24 00:00:00-05:00,60.27755961193098,61.062423669378,60.07663460484174,60.40941619873047,274900,0.0,0.0
2014-02-25 00:00:00-05:00,60.44708839871151,60.73592258866401,59.9008260782706,60.384300231933594,309400,0.0,0.0
2014-02-26 00:00:00-05:00,60.38430103216695,60.99335631788725,60.04523917855679,60.96195983886719,246600,0.0,0.0
2014-02-27 00:00:00-05:00,60.943132664011216,61.26963884739854,60.71081593127915,61.19429016113281,193400,0.0,0.0
2014-02-28 00:00:00-05:00,61.313591289886766,61.58358476202294,60.516166592689565,60.75476837158203,287800,0.0,0.0
2014-03-03 00:00:00-05:00,60.54126306437388,61.169154209510545,60.39685078363284,60.71079635620117,255300,0.0,0.0
2014-03-04 00:00:00-05:00,61.439155966321515,61.960306837509194,61.30729938272522,61.847286224365234,291400,0.0,0.0
2014-03-05 00:00:00-05:00,61.891238854693775,62.3809932516228,61.67775813415752,62.016815185546875,191900,0.0,0.0
2014-03-06 00:00:00-05:00,62.02310161078418,62.28681480607426,61.70915596198254,61.947757720947266,251700,0.0,0.0
2014-03-07 00:00:00-05:00,62.173796301384485,62.33704938564976,61.60869794661266,61.76567077636719,160700,0.0,0.0
2014-03-10 00:00:00-04:00,61.8724041090513,61.8724041090513,61.20056066578324,61.495670318603516,372600,0.0,0.0
2014-03-11 00:00:00-04:00,61.388922273302576,61.50194288415467,60.50987840048607,60.980796813964844,301100,0.0,0.0
2014-03-12 00:00:00-04:00,60.691972449734585,61.206843099450595,60.41569875803275,61.09382247924805,162100,0.0,0.0
2014-03-13 00:00:00-04:00,61.093821565958386,61.36381499960445,60.14570442123427,60.71708297729492,186200,0.0,0.0
2014-03-14 00:00:00-04:00,60.71709606163657,61.55847302308751,60.71709606163657,61.45173263549805,230700,0.0,0.0
2014-03-17 00:00:00-04:00,61.64008032169366,61.77193690390628,60.88661276892727,61.464271545410156,184700,0.0,0.0
2014-03-18 00:00:00-04:00,61.684045654623766,61.91008692668703,61.04987883229769,61.21312713623047,546600,0.0,0.0
2014-03-19 00:00:00-04:00,61.30728354694126,61.658901012374606,60.96822179508966,61.36379623413086,235800,0.0,0.0
2014-03-20 00:00:00-04:00,61.2319582252353,62.085890787027104,60.99964150723861,61.96659469604492,221100,0.0,0.0
2014-03-21 00:00:00-04:00,62.267971940306104,62.73889036137605,61.80333377283746,61.87240219116211,509300,0.0,0.0
2014-03-24 00:00:00-04:00,62.211470933526975,62.45634815642588,60.566394008794205,61.29475021362305,216600,0.0,0.0
2014-03-25 00:00:00-04:00,61.483118716192806,61.79706438544268,60.72965102616539,60.955692291259766,281100,0.0,0.0
2014-03-26 00:00:00-04:00,61.38892276751229,61.75310082657083,61.02474949888361,61.04986572265625,184700,0.0,0.0
2014-03-27 00:00:00-04:00,61.0812671982736,61.52079399908749,60.62918467877618,61.28219223022461,141300,0.0,0.0
2014-03-28 00:00:00-04:00,61.1252217296636,61.92264642374238,61.04359757903218,61.19429016113281,220800,0.0,0.0
2014-03-31 00:00:00-04:00,61.1943021045752,62.45008504484664,60.83640415821511,62.32450866699219,255000,0.0,0.0
2014-04-01 00:00:00-04:00,62.78912915211299,65.7025443615366,62.34960716422035,65.24418640136719,543400,0.0,0.0
2014-04-02 00:00:00-04:00,65.21277207411967,65.72764260064739,65.06835500880244,65.57695007324219,423000,0.0,0.0
2014-04-03 00:00:00-04:00,65.66486035486196,65.91601778342083,64.99301698796393,65.27556610107422,258300,0.0,0.0
2014-04-04 00:00:00-04:00,65.58323988009784,66.53135701952614,65.17511439537563,65.20022583007812,272700,0.0,0.0
2014-04-07 00:00:00-04:00,65.08091444701492,65.40114025412716,63.555138859564686,63.768619537353516,274400,0.0,0.0
2014-04-08 00:00:00-04:00,63.68073587991805,64.93651850720303,63.467255132686276,64.6037368774414,209200,0.0,0.0
2014-04-09 00:00:00-04:00,64.71047381914347,64.74815055345663,63.71840923692961,64.23955535888672,252700,0.0,0.0
2014-04-10 00:00:00-04:00,64.44675792601532,65.95369789367071,64.44675792601532,64.69163513183594,319100,0.0,0.0
2014-04-11 00:00:00-04:00,64.16420325234354,66.00392465971431,63.79374495336972,65.62091064453125,331600,0.0,0.0
2014-04-14 00:00:00-04:00,66.18601392165779,66.76367267796425,65.2253363583548,65.71509552001953,171800,0.0,0.0
2014-04-15 00:00:00-04:00,65.77788641770043,66.48112152751779,64.98674212872601,65.91602325439453,277300,0.0,0.0
2014-04-16 00:00:00-04:00,66.53762481330511,67.03993485060245,65.82182929757377,66.82645416259766,252400,0.0,0.0
2014-04-17 00:00:00-04:00,66.56902906625935,67.42924181428567,66.2174114947123,67.03994750976562,248500,0.0,0.0
2014-04-21 00:00:00-04:00,67.31622025482577,68.34596152032442,67.27854831280975,68.3271255493164,241800,0.0,0.0
2014-04-22 00:00:00-04:00,68.32711715510722,68.53432239159966,67.90015096646951,68.4024658203125,160300,0.0,0.0
2014-04-23 00:00:00-04:00,68.44014885588393,69.22501294826792,68.32084798090388,68.64735412597656,198900,0.0,0.0
2014-04-24 00:00:00-04:00,68.87349001696211,68.87349001696211,67.48388994320095,67.5786361694336,155600,0.648,0.0
2014-04-25 00:00:00-04:00,67.22490753948061,67.23122523826257,66.28377281864327,66.68801879882812,208200,0.0,0.0
2014-04-28 00:00:00-04:00,67.06700902275588,68.19763632740246,66.84593772162229,67.74917602539062,306400,0.0,0.0
2014-04-29 00:00:00-04:00,68.17867222568394,69.06927492329055,68.14708855328287,68.36184692382812,227700,0.0,0.0
2014-04-30 00:00:00-04:00,68.35555958304641,68.54504724463102,67.23756262182198,68.21028137207031,258300,0.0,0.0
2014-05-01 00:00:00-04:00,67.49019870454396,68.28606015289897,66.58064758255942,67.43966674804688,543200,0.0,0.0
2014-05-02 00:00:00-04:00,68.02078056276326,68.29869670983446,66.77014103446727,67.20597076416016,296600,0.0,0.0
2014-05-05 00:00:00-04:00,67.35124087970303,69.73250761901063,67.35124087970303,69.61249542236328,276700,0.0,0.0
2014-05-06 00:00:00-04:00,69.47984745392912,69.6251256189622,68.85453017616165,69.1324462890625,269000,0.0,0.0
2014-05-07 00:00:00-04:00,69.46092007044204,70.07991983532656,68.79138833565034,70.03570556640625,362700,0.0,0.0
2014-05-08 00:00:00-04:00,70.02937493317629,70.68627591847509,69.01244218678985,69.05033874511719,274800,0.0,0.0
2014-05-09 00:00:00-04:00,68.7724126418906,69.18929402819427,68.02077031714936,69.1766586303711,224800,0.0,0.0
2014-05-12 00:00:00-04:00,69.38510509957267,70.59153028552521,69.27141060466087,70.07990264892578,221200,0.0,0.0
2014-05-13 00:00:00-04:00,70.21886314553599,70.82523217893277,70.21886314553599,70.50941467285156,290600,0.0,0.0
2014-05-14 00:00:00-04:00,70.5599478756096,70.59784443493045,69.80830065579376,69.9662094116211,189400,0.0,0.0
2014-05-15 00:00:00-04:00,69.78935050061705,70.02305718779829,68.73452119659612,69.83356475830078,190100,0.0,0.0
2014-05-16 00:00:00-04:00,70.01672764345717,71.13472411417057,69.51142261526903,70.96417999267578,326600,0.0,0.0
2014-05-19 00:00:00-04:00,70.86944144103094,71.75373135951818,70.62310418917275,71.570556640625,240700,0.0,0.0
2014-05-20 00:00:00-04:00,71.29264631892178,71.88637995977972,71.20421780179417,71.6905746459961,218600,0.0,0.0
2014-05-21 00:00:00-04:00,71.90532896850462,72.58118307182254,71.90532896850462,72.44222259521484,191400,0.0,0.0
2014-05-22 00:00:00-04:00,72.4485271169176,73.14332941979201,72.4485271169176,72.90330505371094,183500,0.0,0.0
2014-05-23 00:00:00-04:00,72.92225029987789,73.13069098207536,72.6569647874404,72.96015167236328,240100,0.0,0.0
2014-05-27 00:00:00-04:00,73.0486075951219,73.39600404352002,72.55593293881606,72.94123077392578,275700,0.0,0.0
2014-05-28 00:00:00-04:00,73.02965236156206,73.34546991313931,72.2780050467303,72.58119201660156,253700,0.0,0.0
2014-05-29 00:00:00-04:00,72.56854763128928,72.63802786955348,72.03797652344561,72.61907958984375,206600,0.0,0.0
2014-05-30 00:00:00-04:00,72.6380360626935,72.72646459064167,72.35380219700204,72.6127700805664,255100,0.0,0.0
2014-06-02 00:00:00-04:00,72.65063571426727,73.32017190810625,72.21481096035289,73.22542572021484,249800,0.0,0.0
2014-06-03 00:00:00-04:00,73.28229592932092,74.07815743673751,72.73909422313989,74.03394317626953,230900,0.0,0.0
2014-06-04 00:00:00-04:00,73.93918046390942,74.74767237156253,73.82548598820871,74.50133514404297,235300,0.0,0.0
2014-06-05 00:00:00-04:00,74.73506594627277,75.38564933787077,74.34345044363425,75.24668884277344,191500,0.0,0.0
2014-06-06 00:00:00-04:00,75.46142706271874,76.17517281017501,75.20877212288723,76.1309585571289,257900,0.0,0.0
2014-06-09 00:00:00-04:00,76.1309610305549,77.14157600372276,75.79619527247358,76.08042907714844,335400,0.0,0.0
2014-06-10 00:00:00-04:00,75.91618676520149,76.26358300745127,75.54983743134594,76.18778991699219,245300,0.0,0.0
2014-06-11 00:00:00-04:00,75.79617812468743,76.18779344650183,75.5435232338069,75.59405517578125,221200,0.0,0.0
2014-06-12 00:00:00-04:00,75.57511960446944,75.8972547649593,74.77294055252297,75.215087890625,294500,0.0,0.0
2014-06-13 00:00:00-04:00,75.43616485595703,75.80251429606754,74.86137471864652,75.43616485595703,243500,0.0,0.0
2014-06-16 00:00:00-04:00,75.34141567483407,77.0847294771248,75.34141567483407,77.05946350097656,316900,0.0,0.0
2014-06-17 00:00:00-04:00,77.09735518485806,78.63222820120001,77.05945863252603,78.12060546875,715300,0.0,0.0
2014-06-18 00:00:00-04:00,78.31011262912915,79.03017617311448,77.91849717824529,78.9859619140625,487600,0.0,0.0
2014-06-19 00:00:00-04:00,79.08069630132177,101.67428187254873,78.80278019148959,95.13685607910156,1374400,0.0,0.0
2014-06-20 00:00:00-04:00,86.15500093714246,91.55548153757269,84.96121130024603,87.22246551513672,3476700,0.0,0.0
2014-06-23 00:00:00-04:00,87.1656497932972,90.17222960634706,85.00545875932615,88.95317840576172,910200,0.0,0.0
2014-06-24 00:00:00-04:00,88.93420039078077,88.93420039078077,84.89173104148189,84.9485855102539,1233300,0.0,0.0
2014-06-25 00:00:00-04:00,84.8980832439787,85.20757830069547,83.02843895002891,84.22222900390625,581600,0.0,0.0
2014-06-26 00:00:00-04:00,84.03903488737554,88.58049187463016,83.53372498256833,87.24774169921875,633600,0.0,0.0
2014-06-27 00:00:00-04:00,86.39501079828018,87.99936865487248,86.27499863916708,86.58450317382812,2922900,0.0,0.0
2014-06-30 00:00:00-04:00,86.44556774087415,88.41626588533718,86.06026999975948,88.15730285644531,522200,0.0,0.0
2014-07-01 00:00:00-04:00,88.78260751357668,90.05851281816298,87.79725852828639,89.39529418945312,343800,0.0,0.0
2014-07-02 00:00:00-04:00,91.08806875769717,91.587056063815,88.68785432635917,89.0352554321289,296500,0.0,0.0
2014-07-03 00:00:00-04:00,89.06683637021413,89.93849564172484,87.49407159177315,89.85006713867188,370900,0.0,0.0
2014-07-07 00:00:00-04:00,89.6353324032572,90.19748721314488,88.76998582953036,88.92789459228516,217900,0.0,0.0
2014-07-08 00:00:00-04:00,88.42889702661286,88.42889702661286,86.42030242038398,86.55294036865234,595200,0.0,0.0
2014-07-09 00:00:00-04:00,86.74872993989985,87.2414043629587,86.0981468007841,86.98875427246094,424700,0.0,0.0
2014-07-10 00:00:00-04:00,86.09817393091222,87.89201519745434,85.52970622917258,87.6520004272461,576700,0.0,0.0
2014-07-11 00:00:00-04:00,86.7234829126644,88.5489075821111,86.65400268076222,88.39099884033203,258600,0.0,0.0
2014-07-14 00:00:00-04:00,89.02895347205293,89.21213302374763,88.04991727081655,88.34678649902344,228100,0.0,0.0
2014-07-15 00:00:00-04:00,88.39730506199007,88.40362757949522,86.61609960063967,87.16561889648438,189100,0.0,0.0
2014-07-16 00:00:00-04:00,88.06888018357996,88.4857616760304,86.91299639503828,88.1004638671875,236900,0.0,0.0
2014-07-17 00:00:00-04:00,87.65829469222031,88.42889007678531,87.06455631677014,87.48143768310547,135700,0.0,0.0
2014-07-18 00:00:00-04:00,87.71513908396726,88.42888963445743,87.2287871303263,87.3866958618164,229100,0.0,0.0
2014-07-21 00:00:00-04:00,86.7171648116784,87.14036874262905,85.90235990330905,85.94657897949219,328400,0.0,0.0
2014-07-22 00:00:00-04:00,86.42031130093555,87.28564822660569,86.03501353877843,86.86876678466797,182100,0.0,0.0
2014-07-23 00:00:00-04:00,85.71285337478469,86.74873421768027,85.71285337478469,85.93392944335938,234500,0.0,0.0
2014-07-24 00:00:00-04:00,85.80060315113596,86.4672024794375,85.59110963866232,86.0037612915039,267900,0.69,0.0
2014-07-25 00:00:00-04:00,85.70538536748538,85.71173042718858,84.4483757611542,84.5626449584961,242800,0.0,0.0
2014-07-28 00:00:00-04:00,84.37218591132097,84.6324786637101,83.89604488543966,84.25157165527344,234600,0.0,0.0
2014-07-29 00:00:00-04:00,84.37853753903582,84.60708561049512,83.55956958000928,83.74368286132812,246000,0.0,0.0
2014-07-30 00:00:00-04:00,83.87066919618044,84.58170348231313,83.22311457867211,83.30564880371094,254100,0.0,0.0
2014-07-31 00:00:00-04:00,82.60730920624646,82.60730920624646,80.25834822073195,80.9439926147461,555600,0.0,0.0
2014-08-01 00:00:00-04:00,81.42013768445707,84.27698462075382,81.05827059960183,82.18831634521484,592400,0.0,0.0
2014-08-04 00:00:00-04:00,82.84854533036297,85.05783716011383,81.9914875383064,84.58805084228516,581200,0.0,0.0
2014-08-05 00:00:00-04:00,84.9879978040939,86.17518271127197,83.12152338751132,83.3183364868164,249900,0.0,0.0
2014-08-06 00:00:00-04:00,82.91837117535627,83.94683266989341,82.14384768113747,83.14691925048828,210700,0.0,0.0
2014-08-07 00:00:00-04:00,83.16595582678116,84.53724414089316,82.20097408494905,82.49301147460938,209500,0.0,0.0
2014-08-08 00:00:00-04:00,82.60730766308318,83.99764129549087,81.9026184118813,83.5278549194336,318000,0.0,0.0
2014-08-11 00:00:00-04:00,84.63882834137407,88.0924295717512,84.50550459978203,86.0291519165039,531100,0.0,0.0
2014-08-12 00:00:00-04:00,85.56572536610963,85.94664210402618,84.14364718995154,85.66094970703125,344600,0.0,0.0
2014-08-13 00:00:00-04:00,85.74347683775612,86.09899393062184,84.75945008542934,85.3816146850586,301900,0.0,0.0
2014-08-14 00:00:00-04:00,85.3816265179846,86.07361593300828,84.15635170264075,84.37220001220703,245100,0.0,0.0
2014-08-15 00:00:00-04:00,84.84197604290085,87.71152180726311,84.60708291949635,87.41313934326172,418200,0.0,0.0
2014-08-18 00:00:00-04:00,87.9019955487356,87.9019955487356,86.72751035163155,87.20365142822266,120300,0.0,0.0
2014-08-19 00:00:00-04:00,87.09573282924634,88.40987724706808,86.99415373486057,88.00357055664062,274900,0.0,0.0
2014-08-20 00:00:00-04:00,88.10513367094232,88.12417853679594,87.15285162980624,87.6924819946289,135100,0.0,0.0
2014-08-21 00:00:00-04:00,87.55282088197161,88.20036575213486,86.18153229730585,87.19730377197266,205000,0.0,0.0
2014-08-22 00:00:00-04:00,87.19732030016152,88.42258554987859,85.77524190349702,87.38142395019531,193800,0.0,0.0
2014-08-25 00:00:00-04:00,87.851193113134,88.89869945307305,87.35600724111407,88.82886505126953,153700,0.0,0.0
2014-08-26 00:00:00-04:00,89.43836140513135,89.7240441726864,88.07977230671851,88.28292083740234,154100,0.0,0.0
2014-08-27 00:00:00-04:00,88.17499255972652,89.08918512301375,87.9083546766205,88.87333679199219,214200,0.0,0.0
2014-08-28 00:00:00-04:00,88.39718124584364,89.17170483656513,88.18132326285283,88.40352630615234,197700,0.0,0.0
2014-08-29 00:00:00-04:00,88.47335493405143,89.08916479276175,88.13053764460831,88.59397888183594,248700,0.0,0.0
2014-09-02 00:00:00-04:00,88.7399960767746,88.87331983644994,88.02896185747865,88.34003448486328,229300,0.0,0.0
2014-09-03 00:00:00-04:00,88.87965452486912,89.91447074528502,88.42890344316304,89.24787139892578,324400,0.0,0.0
2014-09-04 00:00:00-04:00,89.35578340152576,89.59067649957923,88.41620132219954,88.841552734375,174400,0.0,0.0
2014-09-05 00:00:00-04:00,88.68285856053075,90.149371433203,88.55588955227306,89.87638854980469,248200,0.0,0.0
2014-09-08 00:00:00-04:00,90.04144609864109,90.08588089174098,88.89870566523616,89.63513946533203,185500,0.0,0.0
2014-09-09 00:00:00-04:00,90.16840688795239,91.07625409210326,89.07645609411249,89.62877655029297,188800,0.0,0.0
2014-09-10 00:00:00-04:00,89.63514265180575,90.12398351596806,88.87966395822252,90.08588409423828,159400,0.0,0.0
2014-09-11 00:00:00-04:00,89.31771521067965,90.01604961467939,88.21306447213004,89.93352508544922,157400,0.0,0.0
2014-09-12 00:00:00-04:00,89.6351300148295,90.33981906720551,87.74326586111613,88.53047943115234,182500,0.0,0.0
2014-09-15 00:00:00-04:00,88.04800167523231,88.18767048702864,86.98144072034341,87.98451232910156,177200,0.0,0.0
2014-09-16 00:00:00-04:00,87.5401339033191,89.83830533482717,87.5401339033191,89.27328491210938,178100,0.0,0.0
2014-09-17 00:00:00-04:00,89.28596372376502,89.90811861112445,88.68919876182044,88.96853637695312,203000,0.0,0.0
2014-09-18 00:00:00-04:00,89.10187803411252,89.73673285533992,88.1051513149699,88.613037109375,202200,0.0,0.0
2014-09-19 00:00:00-04:00,88.63206551853314,88.75903452177512,87.75596292806969,88.65745544433594,358100,0.0,0.0
2014-09-22 00:00:00-04:00,88.48603246245474,88.48603246245474,87.19727846912096,88.04798126220703,212400,0.0,0.0
2014-09-23 00:00:00-04:00,87.55917062180279,88.03531170966671,86.40373995255293,86.84178161621094,221900,0.0,0.0
2014-09-24 00:00:00-04:00,86.97507035559293,87.9210070898861,86.01008876042438,87.27345275878906,385400,0.0,0.0
2014-09-25 00:00:00-04:00,87.12111110772484,87.35601394296553,85.62285357081613,85.9783706665039,212000,0.0,0.0
2014-09-26 00:00:00-04:00,86.02281499528645,87.69248601721176,85.74347736713469,86.89256286621094,203000,0.0,0.0
2014-09-29 00:00:00-04:00,85.78789548784113,87.38772192404136,85.16573107554082,87.27345275878906,283600,0.0,0.0
2014-09-30 00:00:00-04:00,87.46392188036448,87.48296674359712,85.68632704412275,86.44815063476562,493800,0.0,0.0
2014-10-01 00:00:00-04:00,86.80369424328461,87.21635567627496,85.81332230349255,87.0385971069336,440000,0.0,0.0
2014-10-02 00:00:00-04:00,87.03857923274681,88.87330884368923,86.35928008524485,88.30828857421875,398400,0.0,0.0
2014-10-03 00:00:00-04:00,88.53684628419576,88.82887403975047,86.98144442182972,88.15592956542969,237200,0.0,0.0
2014-10-06 00:00:00-04:00,88.21306434470569,88.73999494230996,86.96239972968043,87.24173736572266,210700,0.0,0.0
2014-10-07 00:00:00-04:00,87.24173041152405,87.55915775679394,85.81330735780952,85.83870697021484,239500,0.0,0.0
2014-10-08 00:00:00-04:00,85.89584830016227,85.93393803464201,82.10576472559552,84.26426696777344,414000,0.0,0.0
2014-10-09 00:00:00-04:00,83.83889652953235,83.9531753942903,80.07420857559579,80.14404296875,375600,0.0,0.0
2014-10-10 00:00:00-04:00,79.41396880531369,79.80123054374103,74.96364103020075,77.23007202148438,810200,0.0,0.0
2014-10-13 00:00:00-04:00,78.08711178256065,79.29333642921384,68.13894187482933,69.20549774169922,1724600,0.0,0.0
2014-10-14 00:00:00-04:00,69.52295577959904,73.57332796726055,66.4502557957925,70.77362060546875,1416600,0.0,0.0
2014-10-15 00:00:00-04:00,69.8403776401693,73.45904804906606,68.1897561351209,73.1797103881836,984400,0.0,0.0
2014-10-16 00:00:00-04:00,73.15433807225227,78.753758541535,72.93848487044649,76.60160064697266,837600,0.0,0.0
2014-10-17 00:00:00-04:00,77.5792564095336,81.0773077943037,77.24278413275255,78.3474349975586,566200,0.0,0.0
2014-10-20 00:00:00-04:00,78.1506064030389,80.0742152165053,77.3252982646296,79.97264099121094,351000,0.0,0.0
2014-10-21 00:00:00-04:00,80.45513624464006,83.83890802968395,80.13135899956328,81.57882690429688,394900,0.0,0.0
2014-10-22 00:00:00-04:00,81.29950788279757,82.39780402499385,79.66158610445716,79.7504653930664,404200,0.0,0.0
2014-10-23 00:00:00-04:00,82.35970142865388,82.35970142865388,79.66157366911662,80.11231994628906,325600,0.0,0.0
2014-10-24 00:00:00-04:00,80.39798804536089,81.39471444059163,79.40761639603139,80.8423843383789,309200,0.0,0.0
2014-10-27 00:00:00-04:00,81.51535902364455,81.51535902364455,78.92515491171257,80.18851470947266,341700,0.0,0.0
2014-10-28 00:00:00-04:00,80.37897532118174,81.6359852489338,79.64254134851222,81.03287506103516,304800,0.0,0.0
2014-10-29 00:00:00-04:00,81.19158413033335,82.52478315325558,80.34088097980234,81.54075622558594,270800,0.0,0.0
2014-10-30 00:00:00-04:00,81.1723350529149,81.65120906066251,79.32069278671082,79.94641876220703,305300,0.733,0.0
2014-10-31 00:00:00-04:00,80.11880953556461,82.29608731172921,79.82509588153664,82.13008117675781,502600,0.0,0.0
2014-11-03 00:00:00-05:00,82.08538570407937,83.21553105381466,81.03186681815558,81.6575927734375,349500,0.0,0.0
2014-11-04 00:00:00-05:00,81.6958912011902,81.6958912011902,75.28536975743916,76.94546508789062,813900,0.0,0.0
2014-11-05 00:00:00-05:00,76.67091272563933,79.43561282081201,75.98771942144742,76.60067749023438,638100,0.0,0.0
2014-11-06 00:00:00-05:00,76.01324961085686,76.37080721784282,73.55502644875729,75.61099243164062,677000,0.0,0.0
2014-11-07 00:00:00-05:00,75.98133934982017,78.10115467296083,75.98133934982017,76.72200012207031,444600,0.0,0.0
2014-11-10 00:00:00-05:00,76.7411351560336,77.96066474016448,75.28535937665534,75.36836242675781,510700,0.0,0.0
2014-11-11 00:00:00-05:00,75.3683684594467,76.7092144229697,74.54470475595296,76.00048065185547,533000,0.0,0.0
2014-11-12 00:00:00-05:00,75.34284929592174,77.03487188573749,74.6085747903762,75.5599365234375,392700,0.0,0.0
2014-11-13 00:00:00-05:00,75.18321272845225,75.41307262204404,72.65475877030036,73.70828247070312,468100,0.0,0.0
2014-11-14 00:00:00-05:00,73.61889307300333,74.41701635058855,72.89738651239725,74.00199127197266,257900,0.0,0.0
2014-11-17 00:00:00-05:00,73.74659331864534,74.92781483475895,72.99955107493305,74.13607788085938,290700,0.0,0.0
2014-11-18 00:00:00-05:00,74.01475810164759,76.31335213578514,73.78489821109805,75.1895980834961,463600,0.0,0.0
2014-11-19 00:00:00-05:00,75.10021115843956,75.79617233193045,74.7873433200949,75.61739349365234,312100,0.0,0.0
2014-11-20 00:00:00-05:00,75.74509103084047,78.11392037319823,75.2406765265289,77.57119750976562,461900,0.0,0.0
2014-11-21 00:00:00-05:00,78.73966698595949,79.95281560573522,78.03093297177216,78.2352523803711,482700,0.0,0.0
2014-11-24 00:00:00-05:00,78.10755274563093,78.45872413301817,76.8177825511079,77.50736236572266,228100,0.0,0.0
2014-11-25 00:00:00-05:00,77.56482636878461,78.72689384013213,76.99017654858888,78.15863037109375,742000,0.0,0.0
2014-11-26 00:00:00-05:00,78.08837827990642,80.75730253907061,77.53288276163646,80.04856872558594,627100,0.0,0.0
2014-11-28 00:00:00-05:00,77.3477334702182,77.53928503208488,72.59092002123434,72.87824249267578,437300,0.0,0.0
2014-12-01 00:00:00-05:00,71.83108520507812,72.78244665848091,62.48985338943079,63.849853515625,1618500,0.0,0.0
2014-12-02 00:00:00-05:00,63.98395417360545,67.5787001026675,63.11559555147377,66.05268859863281,929500,0.0,0.0
2014-12-03 00:00:00-05:00,66.05269265376917,68.79823918220582,66.05269265376917,67.87879943847656,736700,0.0,0.0
2014-12-04 00:00:00-05:00,67.6808486616332,70.25399712850262,67.17004785526655,69.37925720214844,469100,0.0,0.0
2014-12-05 00:00:00-05:00,69.44949304253576,69.44949304253576,68.14057378891249,69.05362701416016,413100,0.0,0.0
2014-12-08 00:00:00-05:00,67.9554219347838,68.31936602623745,61.32780668518005,62.451560974121094,837400,0.0,0.0
2014-12-09 00:00:00-05:00,62.65586895008841,63.29436758153422,60.9766193030748,62.73249053955078,653700,0.0,0.0
2014-12-10 00:00:00-05:00,60.83615966175714,60.83615966175714,56.77530725267532,57.049861907958984,1308500,0.0,0.0
2014-12-11 00:00:00-05:00,56.194278295328374,60.38921503308343,56.194278295328374,59.38677215576172,1321900,0.0,0.0
2014-12-12 00:00:00-05:00,57.83520182484491,60.25511199745347,56.81360508384648,59.09942626953125,893100,0.0,0.0
2014-12-15 00:00:00-05:00,59.67408403252555,60.06995495444256,57.292486764533415,58.01398849487305,860400,0.0,0.0
2014-12-16 00:00:00-05:00,57.139237212739914,61.55126478917613,56.80722009074567,58.28215026855469,1162200,0.0,0.0
2014-12-17 00:00:00-05:00,58.86318599593234,64.53305166605779,57.9118195987482,64.20103454589844,1347300,0.0,0.0
2014-12-18 00:00:00-05:00,66.43578706579059,67.6553169649183,63.17305854586441,65.00554656982422,1110600,0.0,0.0
2014-12-19 00:00:00-05:00,64.95445038641272,66.86355941510578,63.99031634921007,65.61848449707031,784900,0.0,0.0
2014-12-22 00:00:00-05:00,64.77567218464105,65.75257900131012,63.07088232433746,64.8906021118164,542000,0.0,0.0
2014-12-23 00:00:00-05:00,65.73343851770318,66.21869888852518,64.48836801448181,65.5802001953125,492400,0.0,0.0
2014-12-24 00:00:00-05:00,64.94167357935622,67.01040709189888,64.38617820141654,66.60176849365234,191400,0.0,0.0
2014-12-26 00:00:00-05:00,66.73586634139006,66.85079627531115,65.57379917456896,66.53793334960938,246800,0.0,0.0
2014-12-29 00:00:00-05:00,66.56348671657497,69.02809198614914,66.47409729198799,68.43428802490234,497400,0.0,0.0
2014-12-30 00:00:00-05:00,67.98732720067302,69.0663864289727,67.18281767016248,68.20441436767578,414700,0.0,0.0
2014-12-31 00:00:00-05:00,67.59146751108386,69.16217360627323,66.44855434247344,67.71278381347656,472600,0.0,0.0
2015-01-02 00:00:00-05:00,67.52121924511607,68.91314622913681,67.11258057745468,68.35765075683594,471200,0.0,0.0
2015-01-05 00:00:00-05:00,66.8635602322359,67.68083749043922,62.88571264010841,63.332664489746094,956000,0.0,0.0
2015-01-06 00:00:00-05:00,63.92009468945309,64.3223470503267,59.59745647643365,61.3661003112793,1072700,0.0,0.0
2015-01-07 00:00:00-05:00,62.138683481302245,62.502627488003725,59.89117055544285,60.785064697265625,745000,0.0,0.0
2015-01-08 00:00:00-05:00,61.21925223352503,62.73249587237985,60.638220962622576,62.50263595581055,833000,0.0,0.0
2015-01-09 00:00:00-05:00,61.96629320877661,62.93042262054321,59.15051194772596,59.26544189453125,831500,0.0,0.0
2015-01-12 00:00:00-05:00,58.05229151657752,58.94619053044415,55.7664653604871,56.9987678527832,1033000,0.0,0.0
2015-01-13 00:00:00-05:00,57.4201918110856,57.71390064655442,54.28516066336273,54.82788848876953,974600,0.0,0.0
2015-01-14 00:00:00-05:00,53.96591012614854,55.19821286099608,52.41435802860847,54.58525466918945,969400,0.0,0.0
2015-01-15 00:00:00-05:00,54.98749486913516,56.5965090129062,53.921198627391455,55.31312561035156,902800,0.0,0.0
2015-01-16 00:00:00-05:00,55.30036024681057,56.922147161324254,54.04890366337992,56.788063049316406,781300,0.0,0.0
2015-01-20 00:00:00-05:00,56.51350123315139,58.43537813031871,55.076879668292776,57.266929626464844,690300,0.0,0.0
2015-01-21 00:00:00-05:00,57.36910161215293,58.87595878654674,57.06900647307378,58.754642486572266,515300,0.0,0.0
2015-01-22 00:00:00-05:00,59.003669525056694,59.84010129610736,57.54788833987967,58.256622314453125,455100,0.0,0.0
2015-01-23 00:00:00-05:00,58.116135109841665,59.278202260635524,57.16477364688998,58.179988861083984,326300,0.0,0.0
2015-01-26 00:00:00-05:00,58.14167619998449,58.93979938468165,57.91181633308312,58.480079650878906,424600,0.0,0.0
2015-01-27 00:00:00-05:00,58.04590242252104,59.2590457057248,57.54786948814648,58.939796447753906,509200,0.0,0.0
2015-01-28 00:00:00-05:00,58.58862756011243,59.02918824143572,55.68984359574963,55.84946823120117,687200,0.0,0.0
2015-01-29 00:00:00-05:00,55.79470912829518,55.80759109198956,53.54643047346142,55.04098892211914,958200,0.775,0.0
2015-01-30 00:00:00-05:00,54.3388241047836,56.651528285491246,53.77836752505555,55.936458587646484,663500,0.0,0.0
2015-02-02 00:00:00-05:00,56.23277933043632,59.42804260310176,55.987982658727,59.015750885009766,678300,0.0,0.0
2015-02-03 00:00:00-05:00,59.382954252702206,63.035603859609175,59.15748296491266,62.04996871948242,869200,0.0,0.0
2015-02-04 00:00:00-05:00,61.11585697538555,61.14806434330078,58.60989471703981,59.692161560058594,674400,0.0,0.0
2015-02-05 00:00:00-05:00,60.65203433302556,63.319048470573314,60.21397377872326,62.262550354003906,911900,0.0,0.0
2015-02-06 00:00:00-05:00,61.830931187209195,62.82300469807935,60.06580214808666,60.825965881347656,627700,0.0,0.0
2015-02-09 00:00:00-05:00,61.23824847653068,62.46868485203386,60.31059475921879,60.43943405151367,450200,0.0,0.0
2015-02-10 00:00:00-05:00,60.71001645215931,61.16740245679041,59.6664051146565,60.787322998046875,456600,0.0,0.0
2015-02-11 00:00:00-05:00,60.54895996154634,60.954813151162135,58.20404898896259,58.35221862792969,961600,0.0,0.0
2015-02-12 00:00:00-05:00,60.11089396180083,61.141628071147125,59.60841378669198,60.065799713134766,918800,0.0,0.0
2015-02-13 00:00:00-05:00,59.75014733065006,63.0806934470239,58.07521156905221,60.510311126708984,1017100,0.0,0.0
2015-02-17 00:00:00-05:00,61.12874311997369,64.27246849092049,59.06728466605851,63.81508255004883,1042100,0.0,0.0
2015-02-18 00:00:00-05:00,63.31903542029635,65.54798854414669,63.170865814346485,63.51873779296875,941300,0.0,0.0
2015-02-19 00:00:00-05:00,62.765029083117334,62.765029083117334,60.832409903608315,61.682762145996094,757700,0.0,0.0
2015-02-20 00:00:00-05:00,61.60545401621229,62.28187267750883,61.48949667184444,62.00486373901367,702400,0.0,0.0
2015-02-23 00:00:00-05:00,61.80517008765619,62.90031911685049,61.045006259127874,62.41072082519531,1027900,0.0,0.0
2015-02-24 00:00:00-05:00,63.035591765939536,63.11289829902382,61.64410857475408,62.32052230834961,922400,0.0,0.0
2015-02-25 00:00:00-05:00,62.32053263951849,63.422125115336975,61.747189273418314,63.286842346191406,751300,0.0,0.0
2015-02-26 00:00:00-05:00,63.19664272874157,63.377019722573806,61.89534804830587,62.823001861572266,793700,0.0,0.0
2015-02-27 00:00:00-05:00,62.958304388628505,64.17585429940897,62.82301669640346,64.15008544921875,1009300,0.0,0.0
2015-03-02 00:00:00-05:00,63.995465535758576,64.079215518688,62.99694850043432,63.679805755615234,850400,0.0,0.0
2015-03-03 00:00:00-05:00,64.09851940362036,64.18226444352618,62.616843119786346,63.09355926513672,902600,0.0,0.0
2015-03-04 00:00:00-05:00,62.95829861637896,64.34333855405183,62.53311999958075,63.86018371582031,788700,0.0,0.0
2015-03-05 00:00:00-05:00,63.77642300082585,65.0970478673096,63.248174037213154,64.76850128173828,527000,0.0,0.0
2015-03-06 00:00:00-05:00,64.00834546488767,64.33689209052315,63.061361312406,63.63470458984375,769300,0.0,0.0
2015-03-09 00:00:00-04:00,63.666921728702235,64.38199124877441,62.57176786471816,62.668399810791016,904900,0.0,0.0
2015-03-10 00:00:00-04:00,61.779402510734414,62.661962244162865,61.57969515948922,61.88247299194336,633000,0.0,0.0
2015-03-11 00:00:00-04:00,62.03707633691866,62.268991026824885,60.42011694754597,60.81952667236328,654100,0.0,0.0
2015-03-12 00:00:00-04:00,59.26055204741255,59.898319994116456,58.4166431409465,58.72586441040039,2560300,0.0,0.0
2015-03-13 00:00:00-04:00,58.67432274224432,58.71297355522088,57.07668863551161,57.405235290527344,1104000,0.0,0.0
2015-03-16 00:00:00-04:00,56.922065893947234,57.4245459936037,55.73028528824083,57.379451751708984,924300,0.0,0.0
2015-03-17 00:00:00-04:00,56.79967248970328,58.5583579812522,56.79967248970328,57.87549591064453,592300,0.0,0.0
2015-03-18 00:00:00-04:00,57.29572427628875,59.63419196289064,56.92208334892601,59.26699447631836,841200,0.0,0.0
2015-03-19 00:00:00-04:00,58.854693322351935,59.26698499871586,57.798195287306314,58.00434112548828,425300,0.0,0.0
2015-03-20 00:00:00-04:00,58.34575852363686,59.18322859533199,58.1911504033667,58.44239044189453,714400,0.0,0.0
2015-03-23 00:00:00-04:00,58.745185366556576,59.247665590799635,58.371544461127904,59.015750885009766,724200,0.0,0.0
2015-03-24 00:00:00-04:00,59.26698379958623,59.38938457802869,58.48749471114107,58.532588958740234,551000,0.0,0.0
2015-03-25 00:00:00-04:00,59.11237644235923,60.03359172553611,58.92555600983754,59.370059967041016,776200,0.0,0.0
2015-03-26 00:00:00-04:00,62.12081273274618,62.73925018127259,60.194637302084395,60.88393783569336,738500,0.0,0.0
2015-03-27 00:00:00-04:00,60.78086906562486,62.075725225027554,59.930516867264394,61.18027877807617,958500,0.0,0.0
2015-03-30 00:00:00-04:00,61.979111063207974,63.061378254680356,61.49595615478112,62.59111022949219,636600,0.0,0.0
2015-03-31 00:00:00-04:00,61.74719650483819,62.96474648464498,61.28336700492972,61.70854568481445,1050100,0.0,0.0
2015-04-01 00:00:00-04:00,61.605448849238726,62.71348451028615,60.93547368407274,61.19315719604492,625000,0.0,0.0
2015-04-02 00:00:00-04:00,61.2769238889719,61.637677955257836,60.065812526602464,61.10298538208008,563000,0.0,0.0
2015-04-06 00:00:00-04:00,61.41862642751135,63.190193756684096,61.051429032242616,62.90030288696289,602200,0.0,0.0
2015-04-07 00:00:00-04:00,62.93253347213745,63.93105058096897,62.475147454816366,63.61539077758789,849800,0.0,0.0
2015-04-08 00:00:00-04:00,63.557392648249134,63.776420419830096,62.42358824239022,63.1064453125,779200,0.0,0.0
2015-04-09 00:00:00-04:00,63.44789454259354,65.03908532714425,62.68129217711083,64.7942886352539,618900,0.0,0.0
2015-04-10 00:00:00-04:00,64.65256325679499,65.3032131831104,63.9825879223058,64.78140258789062,574100,0.0,0.0
2015-04-13 00:00:00-04:00,64.89736460079166,65.30965638771889,63.66048924000997,64.06633758544922,580400,0.0,0.0
2015-04-14 00:00:00-04:00,63.75065060423939,66.31459366970961,63.66046212144983,65.9151840209961,911200,0.0,0.0
2015-04-15 00:00:00-04:00,66.54651939626814,69.65803240042165,65.74769996582751,68.90431213378906,1220300,0.0,0.0
2015-04-16 00:00:00-04:00,68.9300866938465,68.9300866938465,67.11342479253011,67.87358856201172,831400,0.0,0.0
2015-04-17 00:00:00-04:00,67.75119559800758,67.93157262941982,66.64315964515464,67.18429565429688,609700,0.0,0.0
2015-04-20 00:00:00-04:00,67.76406407958711,68.82700057105241,67.38397979668586,67.80915832519531,480200,0.0,0.0
2015-04-21 00:00:00-04:00,67.84782023541963,68.33097505239658,66.51431313715946,67.39043426513672,483500,0.0,0.0
2015-04-22 00:00:00-04:00,67.26160086415797,68.5693392307772,66.82354026162936,67.92513275146484,645500,0.0,0.0
2015-04-23 00:00:00-04:00,68.01531731914064,69.50343262724229,67.71253950504607,69.07181549072266,517500,0.0,0.0
2015-04-24 00:00:00-04:00,69.0138239086751,69.50342210660985,68.39538640781751,68.8270034790039,522100,0.0,0.0
2015-04-27 00:00:00-04:00,69.21354390536051,69.98014625361755,68.51135630546864,68.72394561767578,437500,0.0,0.0
2015-04-28 00:00:00-04:00,69.04602324410052,69.33591407876779,67.65453544192944,68.17634582519531,433600,0.0,0.0
2015-04-29 00:00:00-04:00,67.84782093263716,69.00095103079386,67.42908577063982,68.73682403564453,565900,0.0,0.0
2015-04-30 00:00:00-04:00,68.72384061619375,69.19780032402933,67.63308884602453,68.15249633789062,532700,0.83,0.0
2015-05-01 00:00:00-04:00,68.56151830864357,68.82122202394952,67.37337715468838,68.17845916748047,479000,0.0,0.0
2015-05-04 00:00:00-04:00,68.4901061261599,68.77578073529774,67.02927816232898,68.5550308227539,685700,0.0,0.0
2015-05-05 00:00:00-04:00,68.53555298296453,69.70421731961127,67.44480125323983,67.68502807617188,733400,0.0,0.0
2015-05-06 00:00:00-04:00,67.45130596388125,68.04213218201393,65.542488894145,66.11383819580078,758500,0.0,0.0
2015-05-07 00:00:00-04:00,65.79569163856152,66.28912826780059,64.38680535930689,66.1592788696289,594400,0.0,0.0
2015-05-08 00:00:00-04:00,66.78255109840664,67.86031475016746,65.80866595303237,67.07471466064453,483200,0.0,0.0
2015-05-11 00:00:00-04:00,67.08770804576925,67.1526327367397,65.38015944797134,66.04240417480469,558900,0.0,0.0
2015-05-12 00:00:00-04:00,66.1787581340803,66.21771196422769,64.94516899389525,65.32173919677734,796300,0.0,0.0
2015-05-13 00:00:00-04:00,66.17225478487485,67.25002349804578,65.02956633296499,65.96449279785156,558600,0.0,0.0
2015-05-14 00:00:00-04:00,66.17875687014764,66.38651888269439,65.01009245367402,65.08800506591797,442700,0.0,0.0
2015-05-15 00:00:00-04:00,65.17240895688165,65.95800924905559,64.21151147283307,65.72428131103516,835200,0.0,0.0
2015-05-18 00:00:00-04:00,64.69844621865211,65.67882545101554,64.69844621865211,65.4385986328125,559900,0.0,0.0
2015-05-19 00:00:00-04:00,64.88023796791073,65.56844865175884,64.32837062972479,64.70494079589844,968400,0.0,0.0
2015-05-20 00:00:00-04:00,64.6984569680057,64.92569591301375,63.783002277982206,63.93882751464844,484900,0.0,0.0
2015-05-21 00:00:00-04:00,64.08164739357156,64.87374152186034,63.76351293257305,63.99724578857422,396600,0.0,0.0
2015-05-22 00:00:00-04:00,63.692082366141136,64.06865244739137,63.341483147746324,63.951786041259766,412100,0.0,0.0
2015-05-26 00:00:00-04:00,63.30252463666789,63.80245008762033,62.451999993315525,62.98439025878906,592100,0.0,0.0
2015-05-27 00:00:00-04:00,62.93247083552618,63.14672679903731,62.03000415054693,62.16634750366211,541000,0.0,0.0
2015-05-28 00:00:00-04:00,61.80923208091711,61.861173802567016,60.41333422398119,60.94572448730469,701100,0.0,0.0
2015-05-29 00:00:00-04:00,60.99765955519188,60.99765955519188,59.296610322774015,59.69914627075195,1130900,0.0,0.0
2015-06-01 00:00:00-04:00,59.705662993013625,59.705662993013625,58.640882089991294,59.478424072265625,659500,0.0,0.0
2015-06-02 00:00:00-04:00,59.55632908049794,60.75745318265733,59.27714845537451,60.17961502075195,596500,0.0,0.0
2015-06-03 00:00:00-04:00,59.913408837514055,60.12117078807213,59.231692259168334,59.290122985839844,643900,0.0,0.0
2015-06-04 00:00:00-04:00,59.10184401876885,59.1278148844374,57.13459676366077,57.19302749633789,605700,0.0,0.0
2015-06-05 00:00:00-04:00,57.024216496528425,58.86810312575495,56.543762977559155,58.30974197387695,1177000,0.0,0.0
2015-06-08 00:00:00-04:00,58.88110410012612,59.647227365500676,57.67997498958992,57.98512649536133,697000,0.0,0.0
2015-06-09 00:00:00-04:00,58.29028711999276,58.86163639581794,57.589088437900415,57.900733947753906,726500,0.0,0.0
2015-06-10 00:00:00-04:00,58.562948260155984,59.10183247226723,58.19287216519281,58.76422119140625,719700,0.0,0.0
2015-06-11 00:00:00-04:00,58.861626177445345,59.1992375471931,57.95915463283931,58.205875396728516,562600,0.0,0.0
2015-06-12 00:00:00-04:00,57.913704443922846,58.1799021089531,57.465720621301486,57.95915222167969,524400,0.0,0.0
2015-06-15 00:00:00-04:00,57.400783207512205,58.98496607630859,57.36831839341002,58.76422119140625,466200,0.0,0.0
2015-06-16 00:00:00-04:00,58.78372555069737,58.97849966596518,57.71894453623339,58.17991638183594,424900,0.0,0.0
2015-06-17 00:00:00-04:00,58.18640057159467,59.14080397842586,57.595574461548225,58.38766860961914,558600,0.0,0.0
2015-06-18 00:00:00-04:00,58.66684041053985,58.99146878600612,57.6734783741628,58.614898681640625,775000,0.0,0.0
2015-06-19 00:00:00-04:00,58.472072142214955,58.81617749085402,57.84878614126626,58.037071228027344,719500,0.0,0.0
2015-06-22 00:00:00-04:00,58.42013696960008,61.530073104513335,58.42013696960008,60.10820388793945,1353700,0.0,0.0
2015-06-23 00:00:00-04:00,60.25102972868052,61.70536349423962,59.803040976063315,60.887298583984375,829800,0.0,0.0
2015-06-24 00:00:00-04:00,60.906788460610905,61.56253931933715,60.14066511724436,60.41335678100586,359700,0.0,0.0
2015-06-25 00:00:00-04:00,60.41333416824575,60.52370661157356,58.96548963756044,59.127803802490234,531400,0.0,0.0
2015-06-26 00:00:00-04:00,59.2057331195294,59.510884628398834,58.524011452759964,59.192745208740234,1021000,0.0,0.0
2015-06-29 00:00:00-04:00,58.44610603886186,59.34857771914719,57.569610183350626,57.5955810546875,558400,0.0,0.0
2015-06-30 00:00:00-04:00,58.14743406956957,58.770719967212656,57.56310694601642,57.92668914794922,596300,0.0,0.0
2015-07-01 00:00:00-04:00,58.1993875041059,58.39416655342039,56.05683777539446,56.44639587402344,798500,0.0,0.0
2015-07-02 00:00:00-04:00,56.413918284578024,57.2060123075414,55.92048177047306,56.842430114746094,468500,0.0,0.0
2015-07-06 00:00:00-04:00,56.076326658763925,56.076326658763925,54.94012695363285,55.55691909790039,1004300,0.0,0.0
2015-07-07 00:00:00-04:00,55.5114548355983,58.147435784212526,54.725854724150125,57.74489974975586,1025800,0.0,0.0
2015-07-08 00:00:00-04:00,56.81646925830828,57.78386059364408,55.45303084172987,56.076316833496094,530200,0.0,0.0
2015-07-09 00:00:00-04:00,57.01774494162582,57.55662939697327,56.693116467817106,56.926849365234375,504200,0.0,0.0
2015-07-10 00:00:00-04:00,57.54363804430908,57.54363804430908,55.83609415738456,56.900875091552734,849400,0.0,0.0
2015-07-13 00:00:00-04:00,57.290433167331074,59.21223318806713,57.290433167331074,58.446109771728516,793800,0.0,0.0
2015-07-14 00:00:00-04:00,58.127969748841956,59.816036706413435,58.037074178672206,59.25118637084961,627500,0.0,0.0
2015-07-15 00:00:00-04:00,59.06938260251615,59.445947761243346,57.32937427584879,57.75788116455078,674400,0.0,0.0
2015-07-16 00:00:00-04:00,57.78386916490827,58.01760206567054,57.13461220799919,57.335880279541016,395000,0.0,0.0
2015-07-17 00:00:00-04:00,57.01773164579214,57.251464488705786,56.28407324930202,57.037208557128906,549200,0.0,0.0
2015-07-20 00:00:00-04:00,57.10214238572094,57.13460721210263,55.5634067025947,56.251617431640625,650800,0.0,0.0
2015-07-21 00:00:00-04:00,56.329526722869865,58.043564441933746,56.141241638514934,56.998260498046875,504100,0.0,0.0
2015-07-22 00:00:00-04:00,56.764520800137134,57.01773054951911,55.12839588463544,55.466007232666016,632100,0.0,0.0
2015-07-23 00:00:00-04:00,55.76468536853857,56.459390185750344,55.0569975903657,56.3749885559082,574200,0.0,0.0
2015-07-24 00:00:00-04:00,56.56974442942376,56.93333161365732,55.51145760567546,56.082801818847656,902200,0.0,0.0
2015-07-27 00:00:00-04:00,55.4465503677194,56.19319692964336,54.193484123941694,55.868568420410156,734500,0.0,0.0
2015-07-28 00:00:00-04:00,56.05684386805679,58.472080565564276,55.28423144959339,57.7643928527832,719700,0.0,0.0
2015-07-29 00:00:00-04:00,57.777373345309364,59.471934344474896,57.42677400547126,59.140811920166016,752400,0.0,0.0
2015-07-30 00:00:00-04:00,58.927746233869584,59.03918920892633,57.478972553692145,58.78352355957031,603600,0.875,0.0
2015-07-31 00:00:00-04:00,58.48854031498159,59.74720304500396,57.905097539039524,57.983760833740234,453900,0.0,0.0
2015-08-03 00:00:00-04:00,57.446199134389175,57.446199134389175,55.49265088208496,55.64998245239258,653500,0.0,0.0
2015-08-04 00:00:00-04:00,55.230426890829975,57.81331136311223,54.56176398253596,54.764984130859375,945400,0.0,0.0
2015-08-05 00:00:00-04:00,54.54864750822535,56.82342067880417,51.46098878151223,51.565879821777344,1367400,0.0,0.0
2015-08-06 00:00:00-04:00,51.13320946335122,51.13320946335122,47.53421958230663,50.3203239440918,1853900,0.0,0.0
2015-08-07 00:00:00-04:00,50.06465582678265,50.22854431056637,48.28810526274471,48.45854568481445,969700,0.0,0.0
2015-08-10 00:00:00-04:00,48.51755149606297,50.93654228304394,48.412660458475095,50.70054244995117,826300,0.0,0.0
2015-08-11 00:00:00-04:00,49.98599476451404,50.8119942423487,49.41566095814339,50.73332595825195,573300,0.0,0.0
2015-08-12 00:00:00-04:00,50.962763274480416,51.572428655240046,49.572992085013574,51.126651763916016,795100,0.0,0.0
2015-08-13 00:00:00-04:00,50.74644224155684,50.78577388472666,49.068220445089956,49.146888732910156,544300,0.0,0.0
2015-08-14 00:00:00-04:00,48.83876616892728,49.76965151836923,48.183212260619534,48.681434631347656,625400,0.0,0.0
2015-08-17 00:00:00-04:00,48.51099267924544,49.44187809516771,48.484769920862874,49.37632369995117,457300,0.0,0.0
2015-08-18 00:00:00-04:00,49.61232221703357,49.828656216881306,48.74699121912227,49.19276809692383,670800,0.0,0.0
2015-08-19 00:00:00-04:00,49.022334456359374,49.474668382683085,46.81967229558079,47.612892150878906,882800,0.0,0.0
2015-08-20 00:00:00-04:00,46.51810871279694,46.68199720389394,42.532339408962564,42.6437873840332,1863500,0.0,0.0
2015-08-21 00:00:00-04:00,42.60445677735334,42.60445677735334,41.0770171244501,41.70634841918945,1138600,0.0,0.0
2015-08-24 00:00:00-04:00,38.35646402327917,40.847571261774135,38.35646402327917,38.8677978515625,1141000,0.0,0.0
2015-08-25 00:00:00-04:00,40.02812950805269,40.39523816012339,38.481021615068634,38.49413299560547,836800,0.0,0.0
2015-08-26 00:00:00-04:00,39.477465113945065,39.96913064425528,38.02213434398997,39.02513122558594,963500,0.0,0.0
2015-08-27 00:00:00-04:00,40.21824477348268,42.17835021681042,40.10024483032189,41.91613006591797,1175700,0.0,0.0
2015-08-28 00:00:00-04:00,41.92268244692528,44.03356481004383,41.57523709619841,43.2403450012207,1066200,0.0,0.0
2015-08-31 00:00:00-04:00,42.78145654636389,43.86967361372589,42.02101148599507,43.3058967590332,1294000,0.0,0.0
2015-09-01 00:00:00-04:00,42.584787714930506,42.93878747905761,41.36545686120832,41.79812240600586,821500,0.0,0.0
2015-09-02 00:00:00-04:00,42.56511992488064,42.87323109429448,40.57223523470679,41.522789001464844,833800,0.0,0.0
2015-09-03 00:00:00-04:00,41.6342248745463,43.004332552712896,41.09011646686688,42.21111297607422,1138200,0.0,0.0
2015-09-04 00:00:00-04:00,41.614571141306115,42.1914594103292,40.90001712081147,41.62112808227539,623000,0.0,0.0
2015-09-08 00:00:00-04:00,41.8964582597453,42.66345778076761,41.58179262316237,42.204566955566406,624500,0.0,0.0
2015-09-09 00:00:00-04:00,42.62412730595043,43.043686550257135,41.58179864059711,41.699798583984375,692300,0.0,0.0
2015-09-10 00:00:00-04:00,41.55556642002013,42.093120483922334,40.7361239444692,40.92623519897461,788700,0.0,0.0
2015-09-11 00:00:00-04:00,40.38212744627493,40.47390711154798,38.48102225037073,39.16935348510742,708200,0.0,0.0
2015-09-14 00:00:00-04:00,38.97268220310674,39.13657068798041,38.35645989950826,38.5137939453125,522700,0.0,0.0
2015-09-15 00:00:00-04:00,38.677684105340504,39.39223803036707,38.50724117401542,38.835018157958984,524000,0.0,0.0
2015-09-16 00:00:00-04:00,39.35291230459362,40.487020611390605,39.22180348358069,40.329689025878906,856900,0.0,0.0
2015-09-17 00:00:00-04:00,40.31657324798208,41.62768132108718,40.04124175298529,40.57223892211914,638200,0.0,0.0
2015-09-18 00:00:00-04:00,39.73967913280798,40.13956743622789,39.26112505681459,39.811790466308594,989700,0.0,0.0
2015-09-21 00:00:00-04:00,40.18545699619815,41.050788017919984,39.61512575477691,40.50667953491211,730800,0.0,0.0
2015-09-22 00:00:00-04:00,39.798689366237475,40.860688823591445,39.372580695735124,39.746246337890625,669300,0.0,0.0
2015-09-23 00:00:00-04:00,39.82491587617135,40.23135876186068,36.776587981649605,36.92081069946289,888500,0.0,0.0
2015-09-24 00:00:00-04:00,36.80281218713937,36.80281218713937,34.01670685233627,35.000038146972656,1754900,0.0,0.0
2015-09-25 00:00:00-04:00,35.34091383149914,35.753913525897794,34.77058258734663,35.3999137878418,1221000,0.0,0.0
2015-09-28 00:00:00-04:00,34.84269632710543,35.22947328965276,32.495811791473095,32.84981155395508,955400,0.0,0.0
2015-09-29 00:00:00-04:00,33.230037041624634,33.69548236177199,31.892708553521825,32.069705963134766,1289000,0.0,0.0
2015-09-30 00:00:00-04:00,32.54170096817468,33.8462545609037,32.28603530194269,33.77414321899414,952400,0.0,0.0
2015-10-01 00:00:00-04:00,33.91180549225701,35.36713605972763,33.82002833948677,34.12813949584961,1062700,0.0,0.0
2015-10-02 00:00:00-04:00,33.95770508470932,36.278367417906296,33.63648494580787,36.24559020996094,738300,0.0,0.0
2015-10-05 00:00:00-04:00,36.92079807091394,40.02812487799396,36.5536869605669,39.66756820678711,1514600,0.0,0.0
2015-10-06 00:00:00-04:00,39.64135884779418,42.28979812024132,39.33324760796151,40.76235580444336,1362400,0.0,0.0
2015-10-07 00:00:00-04:00,41.686681266776176,43.836900206262506,40.82135013895199,41.77190399169922,1572200,0.0,0.0
2015-10-08 00:00:00-04:00,41.4244601785693,43.58778807785403,39.92324328073764,42.89290237426758,860500,0.0,0.0
2015-10-09 00:00:00-04:00,43.13545899930159,43.522233492652305,41.79812562061212,42.07345962524414,1096200,0.0,0.0
2015-10-12 00:00:00-04:00,42.21767734067966,42.30945449782297,40.015015566280375,40.92623519897461,685800,0.0,0.0
2015-10-13 00:00:00-04:00,40.32312657562299,41.444125847765264,39.6872408782126,40.257572174072266,642600,0.0,0.0
2015-10-14 00:00:00-04:00,40.106801507816705,40.88691001513808,39.084136174073464,40.159244537353516,695100,0.0,0.0
2015-10-15 00:00:00-04:00,40.00846033087615,41.03112548420724,38.88746357673289,40.749237060546875,584500,0.0,0.0
2015-10-16 00:00:00-04:00,40.95245734574527,41.17534579579044,39.313572419160174,40.58534622192383,806700,0.0,0.0
2015-10-19 00:00:00-04:00,40.40835279638608,40.854129767594294,39.156244612747244,40.48701858520508,472500,0.0,0.0
2015-10-20 00:00:00-04:00,40.46079425725263,42.198013382323325,40.28379437463961,41.11634826660156,514000,0.0,0.0
2015-10-21 00:00:00-04:00,41.16224293096206,41.66701989285541,39.58891207569084,39.877357482910156,487100,0.0,0.0
2015-10-22 00:00:00-04:00,39.77246129238438,40.3034609501771,38.238467282463446,38.71046447753906,716600,0.0,0.0
2015-10-23 00:00:00-04:00,38.50724135543557,39.32668381915514,37.61568755479029,38.454795837402344,631600,0.0,0.0
2015-10-26 00:00:00-04:00,38.11391012434391,38.33024415017341,36.80935903174702,36.940467834472656,732800,0.0,0.0
2015-10-27 00:00:00-04:00,36.33080245558945,36.3832479773535,33.7479205264726,34.72469711303711,1210600,0.0,0.0
2015-10-28 00:00:00-04:00,35.00659049483635,36.48814168397985,34.67881343964403,36.1079216003418,870500,0.0,0.0
2015-10-29 00:00:00-04:00,35.78796431992306,37.64768597705446,35.534670810985894,36.58784484863281,679000,0.91,0.0
2015-10-30 00:00:00-04:00,36.694496278493745,38.787515306918344,36.341216741635506,38.09428787231445,875700,0.0,0.0
2015-11-02 00:00:00-05:00,37.581030389279796,39.24078000997438,37.261078685805536,38.800846099853516,828300,0.0,0.0
2015-11-03 00:00:00-05:00,35.99460049406626,36.36121165721507,33.3283337908021,33.914913177490234,4109000,0.0,0.0
2015-11-04 00:00:00-05:00,34.01489797737369,34.6014773868967,32.435135606161346,33.41498947143555,1864500,0.0,0.0
2015-11-05 00:00:00-05:00,33.9282419881968,34.354844218321496,32.708423852605996,33.42164993286133,1236400,0.0,0.0
2015-11-06 00:00:00-05:00,32.80174890048152,33.65495606287322,31.38862811351294,32.2418327331543,1142800,0.0,0.0
2015-11-09 00:00:00-05:00,32.235163739664436,32.69509381475519,31.115331559421755,31.69524383544922,1082900,0.0,0.0
2015-11-10 00:00:00-05:00,31.661919522074463,32.028530713253694,30.95535787629702,31.095338821411133,795600,0.0,0.0
2015-11-11 00:00:00-05:00,30.975345796916677,31.095327969283964,28.882327412119743,29.14895248413086,1175900,0.0,0.0
2015-11-12 00:00:00-05:00,28.782350235062236,29.32227017605744,27.27590807301396,27.402557373046875,1464400,0.0,0.0
2015-11-13 00:00:00-05:00,27.075940728148495,27.782502399976973,26.48269672628088,27.629192352294922,1556700,0.0,0.0
2015-11-16 00:00:00-05:00,27.46921444660579,28.895666847863122,27.46921444660579,28.86233901977539,1111900,0.0,0.0
2015-11-17 00:00:00-05:00,28.82900595806054,29.002312158304854,27.902478774572096,28.162439346313477,858800,0.0,0.0
2015-11-18 00:00:00-05:00,28.48906372040708,29.402259446532163,28.049129771647888,28.649038314819336,882100,0.0,0.0
2015-11-19 00:00:00-05:00,28.64903551968096,28.79568100254336,27.70917660526757,28.062456130981445,696400,0.0,0.0
2015-11-20 00:00:00-05:00,28.215770360671925,28.3157538426056,26.715995246914744,26.775983810424805,794600,0.0,0.0
2015-11-23 00:00:00-05:00,26.682660261405623,27.262575035860827,26.262725132972285,26.389371871948242,1094700,0.0,0.0
2015-11-24 00:00:00-05:00,26.4826909918855,27.755833109589037,26.34937716193098,27.682510375976562,1602500,0.0,0.0
2015-11-25 00:00:00-05:00,27.362559941755425,27.82915709623023,26.762651494073474,27.0426082611084,957100,0.0,0.0
2015-11-27 00:00:00-05:00,26.869308394040445,27.149265227130538,26.416042770489362,26.622676849365234,297400,0.0,0.0
2015-11-30 00:00:00-05:00,26.67599465064195,27.12926012530001,26.069419168783327,26.19606590270996,1195200,0.0,0.0
2015-12-01 00:00:00-05:00,26.289395102153378,26.442705169336556,25.40952708186254,25.5428409576416,1372000,0.0,0.0
2015-12-02 00:00:00-05:00,25.582829195097265,25.582829195097265,24.196369317857485,24.582979202270508,1361200,0.0,0.0
2015-12-03 00:00:00-05:00,24.87626546217637,25.129561483710265,23.829756097134773,24.009729385375977,884900,0.0,0.0
2015-12-04 00:00:00-05:00,23.74310452988847,23.98973603330997,20.12364851015986,20.150310516357422,3033400,0.0,0.0
2015-12-07 00:00:00-05:00,19.930345390554972,19.930345390554972,16.064258784054402,17.350732803344727,5217000,0.0,0.0
2015-12-08 00:00:00-05:00,16.484193856710256,19.1504606034697,16.430868572630068,18.697195053100586,3108800,0.0,0.0
2015-12-09 00:00:00-05:00,18.910497102798622,21.37012848610554,18.737189614975165,20.936859130859375,2964400,0.0,0.0
2015-12-10 00:00:00-05:00,20.756886671943928,21.850055655251804,20.090319970634233,21.383460998535156,2885700,0.0,0.0
2015-12-11 00:00:00-05:00,20.863534113149722,21.130161770782543,18.723855933133123,18.943822860717773,1803100,0.0,0.0
2015-12-14 00:00:00-05:00,18.803847170570965,19.130465992770233,17.52404024719904,18.550552368164062,1812700,0.0,0.0
2015-12-15 00:00:00-05:00,18.98382114381215,19.39042727691116,18.030630467358854,18.83051109313965,1436500,0.0,0.0
2015-12-16 00:00:00-05:00,18.697190745299103,19.343761096099577,18.243926570736356,18.850502014160156,1477800,0.0,0.0
2015-12-17 00:00:00-05:00,18.95049225171825,19.023814998527087,16.89746678344703,17.610692977905273,1960300,0.0,0.0
2015-12-18 00:00:00-05:00,17.650684081057577,18.497224007428432,16.984117450159253,17.157424926757812,2749200,0.0,0.0
2015-12-21 00:00:00-05:00,16.47752807513593,17.39739081685138,15.551000785348318,17.3707275390625,3864900,0.0,0.0
2015-12-22 00:00:00-05:00,17.064112695476926,18.95716277113279,16.89747097241831,18.0306339263916,2736300,0.0,0.0
2015-12-23 00:00:00-05:00,18.750520618526902,19.250445641045527,18.17060830437534,18.783849716186523,2915800,0.0,0.0
2015-12-24 00:00:00-05:00,18.67719787036647,19.19045449688234,18.117281781690068,18.143943786621094,535200,0.0,0.0
2015-12-28 00:00:00-05:00,17.830663197638195,17.830663197638195,16.857476209074004,17.377397537231445,1536600,0.0,0.0
2015-12-29 00:00:00-05:00,17.86398432536823,17.983966516478706,16.724156052568468,17.444047927856445,1923300,0.0,0.0
2015-12-30 00:00:00-05:00,16.957456548835022,17.790664891644084,16.610841573096444,17.36406135559082,1792200,0.0,0.0
2015-12-31 00:00:00-05:00,17.13076273681535,18.403904886311068,16.99744890353179,18.03729248046875,2329000,0.0,0.0
2016-01-04 00:00:00-05:00,17.557368773280086,17.99730273851146,16.45753386020165,17.863988876342773,2263400,0.0,0.0
2016-01-05 00:00:00-05:00,17.857319812149484,17.95063872924623,16.97745083279128,17.584026336669922,1842700,0.0,0.0
2016-01-06 00:00:00-05:00,16.950785636655795,17.144089252994313,15.257706182494307,15.457676887512207,2620400,0.0,0.0
2016-01-07 00:00:00-05:00,15.051075861801579,15.331033923432303,14.184539670331521,14.304520606994629,2400100,0.0,0.0
2016-01-08 00:00:00-05:00,14.411176517085858,15.49767997299147,14.251199346941377,15.057745933532715,1811200,0.0,0.0
2016-01-11 00:00:00-05:00,14.977756039478006,15.15106356584211,14.25786392224459,14.5778169631958,1537300,0.0,0.0
2016-01-12 00:00:00-05:00,14.937761775432824,15.930946147497101,13.677950939622308,14.677801132202148,2404800,0.0,0.0
2016-01-13 00:00:00-05:00,14.817779074246541,15.13773082049304,11.4316199146997,11.518274307250977,6701900,0.0,0.0
2016-01-14 00:00:00-05:00,12.044860020617818,12.678098891804039,11.231649107348478,12.524788856506348,4930000,0.0,0.0
2016-01-15 00:00:00-05:00,11.151657007245861,11.664913506669228,10.518418972592713,11.358293533325195,3586700,0.0,0.0
2016-01-19 00:00:00-05:00,11.498273787029886,11.664915436117276,10.265125329508226,10.678397178649902,2876200,0.0,0.0
2016-01-20 00:00:00-05:00,10.665067455272498,11.198320319486077,9.838524880053892,10.818377494812012,3311300,0.0,0.0
2016-01-21 00:00:00-05:00,10.945030314493561,12.631445301239076,10.718397430223392,12.49146556854248,3306600,0.0,0.0
2016-01-22 00:00:00-05:00,13.524640804576505,14.244532888263718,12.84474237237879,13.631291389465332,3272700,0.0,0.0
2016-01-25 00:00:00-05:00,13.37132648120998,14.844439420998988,13.004715336696298,13.831257820129395,3551300,0.0,0.0
2016-01-26 00:00:00-05:00,14.164541917599806,14.984418626994396,13.377993033578962,14.857771873474121,2745800,0.0,0.0
2016-01-27 00:00:00-05:00,14.664463787811236,15.28437086953413,14.204532522117676,14.991081237792969,3274400,0.0,0.0
2016-01-28 00:00:00-05:00,15.524335708602838,16.1842364468648,15.364358616259201,15.770964622497559,2721700,0.0,0.0
2016-01-29 00:00:00-05:00,15.67392013714554,16.173044924039672,15.029216461013286,15.57686710357666,3617600,0.91,0.0
2016-02-01 00:00:00-05:00,15.251045827353472,15.251045827353472,14.322118384818083,14.91136360168457,2333700,0.0,0.0
2016-02-02 00:00:00-05:00,14.61327158676881,15.410484907977823,14.225063602239425,14.925225257873535,2609900,0.0,0.0
2016-02-03 00:00:00-05:00,15.202520411021766,15.750170929917987,14.557816880472592,15.42435359954834,3236800,0.0,0.0
2016-02-04 00:00:00-05:00,15.660050034340038,16.803878117929756,15.639252679282057,16.297821044921875,3100600,0.0,0.0
2016-02-05 00:00:00-05:00,15.847227118904312,16.665238157278008,15.403559330666667,15.812564849853516,3238400,0.0,0.0
2016-02-08 00:00:00-05:00,14.91829440635952,15.029210985257887,12.998048985557917,13.698210716247559,3003100,0.0,0.0
2016-02-09 00:00:00-05:00,13.21988341041364,13.365462260564444,11.445216655717006,12.214701652526855,3579700,0.0,0.0
2016-02-10 00:00:00-05:00,12.339481588138955,13.289206355332098,12.32561800638542,12.589044570922852,2575000,0.0,0.0
2016-02-11 00:00:00-05:00,12.124579358114367,12.43653304781545,10.08648566505188,10.696527481079102,3491800,0.0,0.0
2016-02-12 00:00:00-05:00,11.084734275851037,11.833421726981868,10.294453444721192,11.285771369934082,4946800,0.0,0.0
2016-02-16 00:00:00-05:00,11.43135354028398,12.284025451554571,10.675733329480863,11.958208084106445,7197600,0.0,0.0
2016-02-17 00:00:00-05:00,12.297888142402607,14.772716636303564,12.110715906167236,14.273591995239258,11257700,0.0,0.0
2016-02-18 00:00:00-05:00,14.634072208160822,16.10371771045476,14.280525076003205,15.965072631835938,11813000,0.0,0.0
2016-02-19 00:00:00-05:00,15.895747552799223,15.895747552799223,14.280523388283498,14.82124137878418,7923600,0.0,0.0
2016-02-22 00:00:00-05:00,15.271843117798273,16.152243390937027,14.848972789487412,15.618457794189453,5160900,0.0,0.0
2016-02-23 00:00:00-05:00,15.57686755889729,16.15224803422201,14.585550410117927,14.67566967010498,7292900,0.0,0.0
2016-02-24 00:00:00-05:00,13.947774790306912,15.888816397790249,13.566497863038027,15.341164588928223,6637100,0.0,0.0
2016-02-25 00:00:00-05:00,14.98761882601886,17.122765127997926,14.426102111856327,16.84547233581543,7662800,0.0,0.0
2016-02-26 00:00:00-05:00,17.351533040006554,19.140064909415766,17.17129323025459,17.712011337280273,7249700,0.0,0.0
2016-02-29 00:00:00-05:00,17.71200959807935,18.959823237935925,17.552567162803868,18.634004592895508,11800300,0.0,0.0
2016-03-01 00:00:00-05:00,18.59934618534541,18.973690724922626,17.829861068812406,18.32898712158203,5107400,0.0,0.0
2016-03-02 00:00:00-05:00,18.25966222518292,18.987552555264855,17.5802977408091,18.848907470703125,5137100,0.0,0.0
2016-03-03 00:00:00-05:00,18.737987839735148,20.339347099929633,18.453763941846123,19.930341720581055,4272200,0.0,0.0
2016-03-04 00:00:00-05:00,20.311621379522087,21.053377966031725,19.549070078969866,20.450267791748047,4313000,0.0,0.0
2016-03-07 00:00:00-05:00,20.69983319888262,21.490114402171343,20.159113715341196,20.81768226623535,3977500,0.0,0.0
2016-03-08 00:00:00-05:00,20.67210382179812,20.748359491178405,18.419107909376805,18.75185775756836,4224400,0.0,0.0
2016-03-09 00:00:00-05:00,19.389624245763716,19.784766081907346,18.516155115003663,19.659984588623047,4107700,0.0,0.0
2016-03-10 00:00:00-05:00,19.528267380127023,19.75703297217885,18.523084471948803,18.91822624206543,3810300,0.0,0.0
2016-03-11 00:00:00-05:00,19.556003311804695,20.263097710153964,19.029150062062833,19.6461238861084,4237700,0.0,0.0
2016-03-14 00:00:00-04:00,19.458949524074566,20.477997613314997,19.06380896793243,20.179908752441406,2971800,0.0,0.0
2016-03-15 00:00:00-04:00,19.8263621987666,19.867955594837916,18.654804077877742,19.36189842224121,2254900,0.0,0.0
2016-03-16 00:00:00-04:00,19.90954783368825,21.122699280135308,19.798631235791504,20.9632568359375,6343000,0.0,0.0
2016-03-17 00:00:00-04:00,21.20588469093101,21.774332513366538,20.526520284714408,20.956321716308594,4300900,0.0,0.0
2016-03-18 00:00:00-04:00,21.17815625811477,21.490109996635372,20.380942764621082,20.623573303222656,8939700,0.0,0.0
2016-03-21 00:00:00-04:00,20.609708235881183,20.692896339572464,19.75703645363832,20.276958465576172,2919800,0.0,0.0
2016-03-22 00:00:00-04:00,19.944206220987894,20.96325276196009,19.763966453875756,20.71368980407715,3847300,0.0,0.0
2016-03-23 00:00:00-04:00,20.380940346657383,20.658231791206006,19.237112311500624,19.45201301574707,3180500,0.0,0.0
2016-03-24 00:00:00-04:00,19.133128933221276,19.70850919899452,18.370576439222646,19.458946228027344,2780000,0.0,0.0
2016-03-28 00:00:00-04:00,19.424287796020508,19.58373023814629,18.71719350194513,19.424287796020508,3479000,0.0,0.0
2016-03-29 00:00:00-04:00,18.86970320212046,19.791698222409213,18.342848715922585,19.576797485351562,3749600,0.0,0.0
2016-03-30 00:00:00-04:00,20.103649677822656,20.755285589328192,19.888748965284112,20.166040420532227,4515500,0.0,0.0
2016-03-31 00:00:00-04:00,20.062056189234504,20.85926961490122,20.02046147948393,20.699827194213867,3685700,0.0,0.0
2016-04-01 00:00:00-04:00,20.020465417367355,20.103653531001065,19.354965797218508,19.59066390991211,3518600,0.0,0.0
2016-04-04 00:00:00-04:00,19.41042274524296,19.82636063994419,18.779584111800972,19.077672958374023,3169600,0.0,0.0
2016-04-05 00:00:00-04:00,18.95288841555955,19.770899168650413,18.79344600022283,19.45201301574707,3351900,0.0,0.0
2016-04-06 00:00:00-04:00,19.770900279959676,19.93727515604067,19.084603420289326,19.881816864013672,2647100,0.0,0.0
2016-04-07 00:00:00-04:00,19.722374984073994,20.27695791965108,19.40348880444466,19.9095458984375,2279900,0.0,0.0
2016-04-08 00:00:00-04:00,20.380937911140556,20.990980338477517,20.270021346575607,20.49878692626953,2739500,0.0,0.0
2016-04-11 00:00:00-04:00,20.776081459879787,21.185086849013896,20.52651981321978,20.796878814697266,3254700,0.0,0.0
2016-04-12 00:00:00-04:00,20.98405473098994,22.42597054055512,20.623575117483558,22.315053939819336,3597200,0.0,0.0
2016-04-13 00:00:00-04:00,22.211065300705734,22.502220309758815,21.52476719521542,22.176403045654297,4199000,0.0,0.0
2016-04-14 00:00:00-04:00,22.21800115606125,22.30812171613707,21.59409497693604,22.25959587097168,3330700,0.0,0.0
2016-04-15 00:00:00-04:00,21.947639513427138,22.932026493703333,21.781264640237204,22.557682037353516,4166800,0.0,0.0
2016-04-18 00:00:00-04:00,21.427718436553974,23.37569380149889,21.323734301732753,23.216251373291016,3248900,0.0,0.0
2016-04-19 00:00:00-04:00,23.805495560229726,25.92677828540428,23.777765752053835,25.795063018798828,4435000,0.0,0.0
2016-04-20 00:00:00-04:00,25.545502409562616,27.15379441087538,25.44845071638241,26.197139739990234,5092500,0.0,0.0
2016-04-21 00:00:00-04:00,26.162478861530236,26.96662486411543,25.857456231420475,26.640806198120117,3744300,0.0,0.0
2016-04-22 00:00:00-04:00,26.821045559320265,27.5697346092824,26.321922170472572,27.500410079956055,3706200,0.0,0.0
2016-04-25 00:00:00-04:00,27.521207719992535,27.69451507006244,25.614826869223613,26.023832321166992,3321700,0.0,0.0
2016-04-26 00:00:00-04:00,26.356585633493594,26.550689045249467,25.80893369951307,26.41204261779785,1848600,0.0,0.0
2016-04-27 00:00:00-04:00,26.758650602269338,28.075787363527457,26.557616109949716,28.048057556152344,3874400,0.0,0.0
2016-04-28 00:00:00-04:00,27.94407806575306,28.360014647965183,26.5576192657656,26.834909439086914,3346800,0.0,0.0
2016-04-29 00:00:00-04:00,27.140168637078755,29.33381567432716,27.118871960678742,28.723285675048828,3799900,0.91,0.0
2016-05-02 00:00:00-04:00,28.545809526804675,28.95756337339649,27.054982423752346,27.630014419555664,3086600,0.0,0.0
2016-05-03 00:00:00-04:00,27.161472322449264,27.33185390198395,26.636134309453706,27.111778259277344,1708300,0.0,0.0
2016-05-04 00:00:00-04:00,27.24666102682757,28.276042949103605,26.827809184306552,27.786197662353516,3174900,0.0,0.0
2016-05-05 00:00:00-04:00,28.45352212877757,29.056951502228657,27.97077754676752,28.318635940551758,2108800,0.0,0.0
2016-05-06 00:00:00-04:00,27.99917710277332,29.08535395593208,27.864293599128725,28.396732330322266,1939300,0.0,0.0
2016-05-09 00:00:00-04:00,28.01337239991797,28.318637452134034,26.48704984696073,27.566125869750977,2955700,0.0,0.0
2016-05-10 00:00:00-04:00,27.637110310041084,28.63809466695332,27.544820203908046,28.339927673339844,2234300,0.0,0.0
2016-05-11 00:00:00-04:00,28.098562372085183,29.880455781096945,27.388644204521103,29.802364349365234,3018600,0.0,0.0
2016-05-12 00:00:00-04:00,30.427092265552048,30.824644695350674,28.53871009964011,29.19183349609375,2528200,0.0,0.0
2016-05-13 00:00:00-04:00,29.2344314613852,29.674579983628874,28.744588882184477,29.09244728088379,1739900,0.0,0.0
2016-05-16 00:00:00-04:00,29.752672549879534,31.122814933800548,29.667483121587917,30.746559143066406,2837800,0.0,0.0
2016-05-17 00:00:00-04:00,30.39869652746566,31.78303753268262,30.150226245454675,31.101516723632812,2447500,0.0,0.0
2016-05-18 00:00:00-04:00,31.09441521057587,31.33578749597266,29.68167957308636,29.901752471923828,2020600,0.0,0.0
2016-05-19 00:00:00-04:00,29.63198776792063,30.7536571500806,29.127943772296042,30.5264835357666,2264400,0.0,0.0
2016-05-20 00:00:00-04:00,30.526475729960943,31.378377919863404,30.06502792056141,31.307384490966797,1819200,0.0,0.0
2016-05-23 00:00:00-04:00,30.71105839230485,30.973730061201746,30.327704644299434,30.384496688842773,1971000,0.0,0.0
2016-05-24 00:00:00-04:00,30.64006058875046,30.774944033021175,29.340912064730094,29.958539962768555,2906000,0.0,0.0
2016-05-25 00:00:00-04:00,30.292211080035315,31.420981230171723,29.972750027153317,31.19380760192871,2450400,0.0,0.0
2016-05-26 00:00:00-04:00,31.64105492728312,31.92502329923716,30.51228484635659,30.5264835357666,1957200,0.0,0.0
2016-05-27 00:00:00-04:00,30.34190598005492,30.519385535439106,29.596489680942852,30.327707290649414,2000200,0.0,0.0
2016-05-31 00:00:00-04:00,30.434188810083274,31.20799966320664,30.221213917359613,30.405794143676758,2077400,0.0,0.0
2016-06-01 00:00:00-04:00,29.866254933870025,31.051819596226657,29.24152623329813,30.924034118652344,2656700,0.0,0.0
2016-06-02 00:00:00-04:00,30.363204533950654,31.05182611793861,30.292211082541797,30.995031356811523,1599900,0.0,0.0
2016-06-03 00:00:00-04:00,31.172500178737174,31.371276357922074,30.462582158079876,31.037616729736328,1338200,0.0,0.0
2016-06-06 00:00:00-04:00,31.626858497587474,32.20189327322481,31.002129659526048,31.917924880981445,1744600,0.0,0.0
2016-06-07 00:00:00-04:00,31.99600712187419,32.40066020415846,31.591354039589916,31.80432891845703,2397900,0.0,0.0
2016-06-08 00:00:00-04:00,31.868231300728432,32.031512180895675,30.36320529856323,30.81755256652832,3052600,0.0,0.0
2016-06-09 00:00:00-04:00,30.384495951499034,30.810448461790333,30.036637578290076,30.611669540405273,2547400,0.0,0.0
2016-06-10 00:00:00-04:00,30.043731801903313,30.26380737337162,28.79427721954871,28.893665313720703,2259500,0.0,0.0
2016-06-13 00:00:00-04:00,28.481916792915992,28.943364695912777,27.96367684340498,28.26894187927246,2574300,0.0,0.0
2016-06-14 00:00:00-04:00,28.020469697354454,28.382526755177068,27.20406275762274,28.048864364624023,4507500,0.0,0.0
2016-06-15 00:00:00-04:00,27.935282814237663,29.752674558604653,27.56612769734312,28.95046615600586,3997000,0.0,0.0
2016-06-16 00:00:00-04:00,28.460617116762613,29.00725438602511,27.67970827960057,28.709087371826172,1829500,0.0,0.0
2016-06-17 00:00:00-04:00,29.149249975244857,29.73848082883897,29.014363748376383,29.44741439819336,3045800,0.0,0.0
2016-06-20 00:00:00-04:00,29.894654855903042,30.33480336720863,29.610686501957094,29.788166046142578,2043400,0.0,0.0
2016-06-21 00:00:00-04:00,29.731373634320253,30.242512873760223,28.89366997942462,29.951446533203125,2610900,0.0,0.0
2016-06-22 00:00:00-04:00,30.086336551505642,30.38450092015668,29.376418293052808,29.553897857666016,2185100,0.0,0.0
2016-06-23 00:00:00-04:00,29.965644879645378,30.498083499574214,29.773966651496256,30.483884811401367,1627600,0.0,0.0
2016-06-24 00:00:00-04:00,29.106641398126925,29.89465090342461,28.645193561005154,29.170534133911133,3532600,0.0,0.0
2016-06-27 00:00:00-04:00,28.659399886589572,28.978863650661314,26.92009957830856,27.495134353637695,3434100,0.0,0.0
2016-06-28 00:00:00-04:00,28.276042982215923,29.454507076568532,28.183752858671557,29.09244728088379,3033300,0.0,0.0
2016-06-29 00:00:00-04:00,29.717179087022952,30.412898663640345,29.198939077138263,30.00824546813965,3145000,0.0,0.0
2016-06-30 00:00:00-04:00,30.07923162667726,30.41999201788795,29.4758022750147,29.915950775146484,2148700,0.0,0.0
2016-07-01 00:00:00-04:00,30.0934284430288,30.462586187576314,29.759766062584895,30.285106658935547,1511800,0.0,0.0
2016-07-05 00:00:00-04:00,29.710069572438815,29.710069572438815,28.517407021223775,29.41190528869629,1654800,0.0,0.0
2016-07-06 00:00:00-04:00,29.028554540760833,29.82366216035257,28.822677614399538,29.781068801879883,1824500,0.0,0.0
2016-07-07 00:00:00-04:00,30.199915138461204,30.853038458436192,28.950457827371448,29.227325439453125,2185600,0.0,0.0
2016-07-08 00:00:00-04:00,29.76686444145973,30.384492394742427,29.40480471468808,30.050832748413086,1623800,0.0,0.0
2016-07-11 00:00:00-04:00,30.39159776605907,30.838844262330998,30.26381227908912,30.32060432434082,1376200,0.0,0.0
2016-07-12 00:00:00-04:00,30.959538936499456,32.208994011048276,30.888545478322886,31.541671752929688,2304400,0.0,0.0
2016-07-13 00:00:00-04:00,31.527465765044937,31.726241985690454,29.95144656386148,30.419992446899414,1825900,0.0,0.0
2016-07-14 00:00:00-04:00,30.83174394219587,31.05181953270648,30.17151987878672,30.334800720214844,1397000,0.0,0.0
2016-07-15 00:00:00-04:00,30.48388515920681,30.71105875631855,29.710074247756538,29.951446533203125,1309700,0.0,0.0
2016-07-18 00:00:00-04:00,29.816564216812665,30.79625208506809,29.12794270044406,30.647167205810547,2551800,0.0,0.0
2016-07-19 00:00:00-04:00,30.65426865243008,30.711060701243195,29.1847381682447,29.333820343017578,2072200,0.0,0.0
2016-07-20 00:00:00-04:00,29.177641218906672,30.26381806583932,28.119864462214604,29.603593826293945,2206200,0.0,0.0
2016-07-21 00:00:00-04:00,29.57519691460079,30.036644902912624,28.85107990783567,28.922073364257812,1406200,0.0,0.0
2016-07-22 00:00:00-04:00,28.929166771500686,29.078248944177297,28.09146307533254,28.63100242614746,1464600,0.0,0.0
2016-07-25 00:00:00-04:00,28.339932598317198,28.5032161637447,27.431238189623038,27.580320358276367,2541700,0.0,0.0
2016-07-26 00:00:00-04:00,27.40994264668755,28.013372044696542,27.196967724338677,27.289255142211914,1843700,0.0,0.0
2016-07-27 00:00:00-04:00,27.452537962216223,27.94948128851842,26.13919025738915,26.373464584350586,2571200,0.0,0.0
2016-07-28 00:00:00-04:00,26.29537391263614,26.792317253501643,25.642247682552618,26.39476203918457,2561400,0.0,0.0
2016-07-29 00:00:00-04:00,26.08183465494018,27.19526029707149,25.95084307632841,27.115209579467773,2033100,0.91,0.0
2016-08-01 00:00:00-04:00,26.656742103802262,27.06426899604651,26.220102578595036,26.838674545288086,3055100,0.0,0.0
2016-08-02 00:00:00-04:00,26.976938889876656,27.53001499869917,26.04544579215673,27.20981216430664,4839400,0.0,0.0
2016-08-03 00:00:00-04:00,27.209820828190484,28.446962227560924,25.725251148945954,28.024877548217773,5114500,0.0,0.0
2016-08-04 00:00:00-04:00,28.315965770286684,29.720484474792283,28.228638973549472,29.436670303344727,3367500,0.0,0.0
2016-08-05 00:00:00-04:00,29.385726807953294,30.32449603493028,28.70165909593472,30.05523681640625,2570400,0.0,0.0
2016-08-08 00:00:00-04:00,30.28811358021253,31.16138989777648,30.28811358021253,30.62287139892578,2836900,0.0,0.0
2016-08-09 00:00:00-04:00,30.702922889766306,30.979461023734977,30.324503015932653,30.535545349121094,1539300,0.0,0.0
2016-08-10 00:00:00-04:00,30.68108630810266,31.0231201807188,30.055238275685344,30.229894638061523,2094500,0.0,0.0
2016-08-11 00:00:00-04:00,30.44821105504353,30.892126620529993,30.222613846465737,30.746580123901367,1373200,0.0,0.0
2016-08-12 00:00:00-04:00,30.95034151400606,31.28509926701292,30.644696389688715,30.884845733642578,1026400,0.0,0.0
2016-08-15 00:00:00-04:00,31.074057485585215,31.903668865784848,31.074057485585215,31.714460372924805,2815400,0.0,0.0
2016-08-16 00:00:00-04:00,31.539807606337366,31.8963964067807,31.285103303212626,31.29237937927246,1515600,0.0,0.0
2016-08-17 00:00:00-04:00,31.125002665707253,31.576194346818074,30.761137779892675,31.401540756225586,1365100,0.0,0.0
2016-08-18 00:00:00-04:00,31.663516599249892,32.580457534544735,31.656240524047778,32.53679275512695,1448800,0.0,0.0
2016-08-19 00:00:00-04:00,32.22387434395324,32.26753913091566,31.69991078074843,31.961891174316406,2042400,0.0,0.0
2016-08-22 00:00:00-04:00,31.452481926580685,31.648969299975587,30.972180383638303,31.18321990966797,1198400,0.0,0.0
2016-08-23 00:00:00-04:00,31.074059835573202,31.860006495595712,31.030395052656385,31.55436134338379,1270000,0.0,0.0
2016-08-24 00:00:00-04:00,31.226886105785287,31.55436507623031,30.637423958984236,30.79752540588379,1423900,0.0,0.0
2016-08-25 00:00:00-04:00,30.724747396994683,31.67807148308533,30.724747396994683,31.488862991333008,1278200,0.0,0.0
2016-08-26 00:00:00-04:00,31.598017054958593,32.23114378880589,31.35059166259699,31.685346603393555,1423400,0.0,0.0
2016-08-29 00:00:00-04:00,31.481588484579824,32.11471538035033,31.306934895178046,32.056495666503906,1578800,0.0,0.0
2016-08-30 00:00:00-04:00,32.12926668247551,32.50040760011626,31.56891449225835,31.76540184020996,1194800,0.0,0.0
2016-08-31 00:00:00-04:00,31.4597533226086,31.721736448159724,31.11771948913148,31.714460372924805,1908500,0.0,0.0
2016-09-01 00:00:00-04:00,31.52526051373809,31.75085779262689,31.125009605316166,31.53253936767578,1565000,0.0,0.0
2016-09-02 00:00:00-04:00,32.02011930385713,32.37670821757525,31.605313434960912,32.07106018066406,871100,0.0,0.0
2016-09-06 00:00:00-04:00,32.26025908223157,33.47556635432122,32.26025908223157,33.4537353515625,1684300,0.0,0.0
2016-09-07 00:00:00-04:00,33.48285064726257,34.35612706082198,33.07532369005226,34.06503677368164,2901900,0.0,0.0
2016-09-08 00:00:00-04:00,34.39250036640956,35.48409478836934,34.196015813396784,35.1930046081543,2356400,0.0,0.0
2016-09-09 00:00:00-04:00,34.65449027017545,34.749095915936934,33.78121400607953,33.85398864746094,2121300,0.0,0.0
2016-09-12 00:00:00-04:00,33.220864978649324,34.07230747364606,32.81333530968726,33.6793327331543,2200000,0.0,0.0
2016-09-13 00:00:00-04:00,33.12625349704715,33.3081859067787,32.05649003948385,32.937042236328125,2303400,0.0,0.0
2016-09-14 00:00:00-04:00,32.711457350432326,33.84671414105715,32.42036429966905,33.511959075927734,2184000,0.0,0.0
2016-09-15 00:00:00-04:00,33.577449126070945,34.23968306593674,33.228139190588074,33.861263275146484,2340500,0.0,0.0
2016-09-16 00:00:00-04:00,33.13353361457649,34.34884370341822,33.00254204150209,34.0577507019043,3520600,0.0,0.0
2016-09-19 00:00:00-04:00,34.55260177620201,35.6005314220878,34.55260177620201,35.02562713623047,3173500,0.0,0.0
2016-09-20 00:00:00-04:00,34.78548775948424,35.36767110911891,34.34157208786619,34.42890167236328,2136800,0.0,0.0
2016-09-21 00:00:00-04:00,34.99653413773252,36.0299093558097,34.86554252191013,35.90619659423828,2856100,0.0,0.0
2016-09-22 00:00:00-04:00,36.34281793053179,37.01960673100777,35.30216430296414,35.709693908691406,2820300,0.0,0.0
2016-09-23 00:00:00-04:00,35.73153717071532,36.24094865865423,34.19602940539942,34.3051872253418,3426600,0.0,0.0
2016-09-26 00:00:00-04:00,34.676332299549976,34.952867674376385,33.948602369033246,34.04320526123047,1828200,0.0,0.0
2016-09-27 00:00:00-04:00,34.3997877571694,34.76365265482163,33.17720147897242,34.174190521240234,2140000,0.0,0.0
2016-09-28 00:00:00-04:00,34.49439027600536,36.40831746511508,34.18874234617242,35.847965240478516,3279900,0.0,0.0
2016-09-29 00:00:00-04:00,35.69514490289507,36.488370468562465,35.178457428983236,35.949851989746094,3031900,0.0,0.0
2016-09-30 00:00:00-04:00,36.204558128186875,36.38649058109234,35.6951467048378,35.73881149291992,1995700,0.0,0.0
2016-10-03 00:00:00-04:00,35.84797106975037,35.97168658739292,35.16390601242092,35.69514846801758,1454700,0.0,0.0
2016-10-04 00:00:00-04:00,35.702426797395795,35.77519867065757,34.94558710076966,35.11296463012695,1816800,0.0,0.0
2016-10-05 00:00:00-04:00,35.76064926773034,36.00807756155795,35.41133922516244,35.600547790527344,1530800,0.0,0.0
2016-10-06 00:00:00-04:00,35.86252094711471,36.328267539767836,35.53504478270269,35.59326171875,998500,0.0,0.0
2016-10-07 00:00:00-04:00,35.74608701513054,35.957129323484075,35.29489531622245,35.52049255371094,1115100,0.0,0.0
2016-10-10 00:00:00-04:00,35.862523071430175,36.64119372265953,35.862523071430175,36.19728088378906,1180200,0.0,0.0
2016-10-11 00:00:00-04:00,36.01535198219266,36.06629285029203,35.2657883388879,35.746089935302734,1371000,0.0,0.0
2016-10-12 00:00:00-04:00,35.43315697845689,35.62236824910036,34.71270615272941,34.91646957397461,1979800,0.0,0.0
2016-10-13 00:00:00-04:00,34.669049042429656,35.28762107044744,34.348848913054965,34.945587158203125,2213400,0.0,0.0
2016-10-14 00:00:00-04:00,35.07657221726037,35.55687370988881,34.77092429864127,35.01835250854492,1500400,0.0,0.0
2016-10-17 00:00:00-04:00,34.85099071790242,35.127528906803285,33.92677324600116,33.98499298095703,2000300,0.0,0.0
2016-10-18 00:00:00-04:00,34.58171903691535,34.68360076064271,33.87582027099183,34.268795013427734,1423700,0.0,0.0
2016-10-19 00:00:00-04:00,34.698158061098304,35.38222309293563,34.17419170203289,35.00380325317383,1446000,0.0,0.0
2016-10-20 00:00:00-04:00,34.61083206174168,35.04746885369873,34.36340380601429,34.74909973144531,1605400,0.0,0.0
2016-10-21 00:00:00-04:00,34.61082146547476,35.4549877072635,34.53804683838287,35.360382080078125,1508500,0.0,0.0
2016-10-24 00:00:00-04:00,35.0765787338214,35.52049437900802,33.86854731423162,34.38523483276367,1731300,0.0,0.0
2016-10-25 00:00:00-04:00,34.32700718495744,34.75636780109467,33.32274223960734,33.43190002441406,1735800,0.0,0.0
2016-10-26 00:00:00-04:00,32.929773774412205,34.11597413739751,32.50041307713955,34.02864456176758,2363800,0.0,0.0
2016-10-27 00:00:00-04:00,34.28335388122303,34.5889990875246,33.87582416341852,33.934043884277344,1230900,0.0,0.0
2016-10-28 00:00:00-04:00,33.75210434407445,34.203295981855064,33.060760572206235,33.25724792480469,2224800,0.0,0.0
2016-10-31 00:00:00-04:00,33.390903555841,33.390903555841,32.29198159373194,32.596412658691406,2609600,0.91,0.0
2016-11-01 00:00:00-04:00,33.00479484550757,33.23497270036433,32.0395258380372,32.61868667602539,2696600,0.0,0.0
2016-11-02 00:00:00-04:00,32.158327258466194,34.42299755385788,30.702995633888616,33.85868453979492,4502200,0.0,0.0
2016-11-03 00:00:00-04:00,34.49725892282771,34.63091189863916,33.25725977581937,34.38588333129883,2319600,0.0,0.0
2016-11-04 00:00:00-04:00,34.13340734199917,34.36358512449921,33.67304611206055,33.67304611206055,1413500,0.0,0.0
2016-11-07 00:00:00-05:00,34.15569434036788,34.58635445468,33.64335994495167,33.97748947143555,1623800,0.0,0.0
2016-11-08 00:00:00-05:00,33.42802917751328,35.20263976212133,33.42802917751328,34.85365676879883,1243900,0.0,0.0
2016-11-09 00:00:00-05:00,34.72742326891967,36.4426337597664,34.556645176622844,36.078800201416016,1909700,0.0,0.0
2016-11-10 00:00:00-05:00,36.093651067588496,36.717363719790605,35.529338136683435,35.67041778564453,2124500,0.0,0.0
2016-11-11 00:00:00-05:00,34.868503450867216,35.78922329004193,34.40814494751481,35.737247467041016,1772700,0.0,0.0
2016-11-14 00:00:00-05:00,35.67784466968525,36.308984110077745,35.30658717503198,36.13077926635742,1604500,0.0,0.0
2016-11-15 00:00:00-05:00,36.50204633816564,37.71234688137717,36.279292349423,37.081207275390625,2096300,0.0,0.0
2016-11-16 00:00:00-05:00,36.89557206080837,37.58611128851008,36.55401581532391,36.962398529052734,1495600,0.0,0.0
2016-11-17 00:00:00-05:00,37.43017922785254,37.86826316998052,36.64311234619911,37.10347366333008,1428500,0.0,0.0
2016-11-18 00:00:00-05:00,37.1257631758127,37.75690001681314,36.813908124721934,37.45246887207031,1234700,0.0,0.0
2016-11-21 00:00:00-05:00,38.21724368479223,39.39784251613374,38.02418822018716,39.32358932495117,3433000,0.0,0.0
2016-11-22 00:00:00-05:00,39.316174205207275,39.60575463433683,38.08359928091847,38.48455810546875,2506300,0.0,0.0
2016-11-23 00:00:00-05:00,37.95737846266132,38.86324796631371,37.58612084083274,38.37318801879883,1993900,0.0,0.0
2016-11-25 00:00:00-05:00,38.365751370027134,38.81868600485703,38.180122607062096,38.56623077392578,1618400,0.0,0.0
2016-11-28 00:00:00-05:00,38.796417466711624,38.88551849363911,36.071388164042354,36.80647659301758,1893600,0.0,0.0
2016-11-29 00:00:00-05:00,36.29413020875666,36.43520702435762,35.373410458471966,36.078800201416016,2241000,0.0,0.0
2016-11-30 00:00:00-05:00,36.502045592342846,40.18492015054793,36.36839263533398,39.568634033203125,14164000,0.0,0.0
2016-12-01 00:00:00-05:00,40.103237829600126,40.17006429944087,38.16527586915904,38.506832122802734,2903100,0.0,0.0
2016-12-02 00:00:00-05:00,38.60336539539607,39.44983224610506,38.19497978104469,39.07114791870117,2535600,0.0,0.0
2016-12-05 00:00:00-05:00,39.56862966444046,40.25916892192046,39.561202927387406,39.60575485229492,1837200,0.0,0.0
2016-12-06 00:00:00-05:00,39.21222423767894,39.89533678380326,39.01174481675888,39.81365966796875,1199800,0.0,0.0
2016-12-07 00:00:00-05:00,39.516654095688644,40.155217527891715,39.39042505718626,39.962162017822266,1624500,0.0,0.0
2016-12-08 00:00:00-05:00,40.170070512233636,40.630431967879375,39.68001060176451,40.24432373046875,1466800,0.0,0.0
2016-12-09 00:00:00-05:00,40.67497429522776,40.72695012310465,39.45725004359178,39.75425720214844,1379400,0.0,0.0
2016-12-12 00:00:00-05:00,40.697248403269526,40.78634941068933,39.47952141700568,39.672576904296875,1918300,0.0,0.0
2016-12-13 00:00:00-05:00,40.09582575962147,40.860615603830915,39.57606448883587,40.05870056152344,1951400,0.0,0.0
2016-12-14 00:00:00-05:00,40.021558413611224,40.45964236356248,39.15281441719574,39.405269622802734,1935400,0.0,0.0
2016-12-15 00:00:00-05:00,39.01916213250365,40.24431299819087,38.157844857965394,40.103233337402344,1691700,0.0,0.0
2016-12-16 00:00:00-05:00,39.94731075254385,40.81605486935541,39.79138326547801,40.778926849365234,4158700,0.0,0.0
2016-12-19 00:00:00-05:00,40.67498324925232,40.83833750566564,40.25917653470322,40.801212310791016,1255200,0.0,0.0
2016-12-20 00:00:00-05:00,41.06851253239295,42.41246309419141,41.06851253239295,41.73677444458008,2575000,0.0,0.0
2016-12-21 00:00:00-05:00,41.811033775316524,42.93965726897884,41.736780552559964,42.67977523803711,1697900,0.0,0.0
2016-12-22 00:00:00-05:00,42.902520012631655,42.924797390901965,41.94467772111486,42.501564025878906,1055400,0.0,0.0
2016-12-23 00:00:00-05:00,42.4941314642017,43.16239607130615,42.249102996576624,43.0955696105957,896000,0.0,0.0
2016-12-27 00:00:00-05:00,43.24407964001885,43.38515648596845,42.73916915745046,43.214378356933594,527100,0.0,0.0
2016-12-28 00:00:00-05:00,43.4222940654371,44.0682815783069,42.301097217469,42.382774353027344,1416600,0.0,0.0
2016-12-29 00:00:00-05:00,42.30109163318236,42.412467213128046,41.818455622672325,42.07833480834961,1327000,0.0,0.0
2016-12-30 00:00:00-05:00,42.02635221370632,42.56096397539043,41.38036488998483,41.63282012939453,1641700,0.0,0.0
2017-01-03 00:00:00-05:00,42.44215947118737,43.2663516168035,41.92982511450684,43.051021575927734,1799700,0.0,0.0
2017-01-04 00:00:00-05:00,43.09557548042795,43.281204248521654,42.367911049397044,43.266353607177734,1339200,0.0,0.0
2017-01-05 00:00:00-05:00,43.42970682784388,43.91233991427412,43.20695004529284,43.80096435546875,1393300,0.0,0.0
2017-01-06 00:00:00-05:00,43.87521887279984,44.52863297623783,43.630187521834195,44.112823486328125,1720500,0.0,0.0
2017-01-09 00:00:00-05:00,43.69700416683753,44.49149494569132,43.41485052203679,43.511375427246094,2407400,0.0,0.0
2017-01-10 00:00:00-05:00,43.56336319200223,43.56336319200223,42.04863441430249,42.33821487426758,1975300,0.0,0.0
2017-01-11 00:00:00-05:00,42.64264678955078,42.95450180392345,42.18228817346562,42.64264678955078,2374500,0.0,0.0
2017-01-12 00:00:00-05:00,42.88767927536919,43.54109348361092,42.02636170506135,42.583248138427734,1473800,0.0,0.0
2017-01-13 00:00:00-05:00,42.26395138688126,43.06586892647706,42.26395138688126,43.028743743896484,1365300,0.0,0.0
2017-01-17 00:00:00-05:00,43.451983689714524,44.38012755825986,43.1549765187919,44.31330108642578,1262200,0.0,0.0
2017-01-18 00:00:00-05:00,44.17221810610427,44.758802796917735,43.99401326179505,44.550899505615234,1821500,0.0,0.0
2017-01-19 00:00:00-05:00,44.8182175137395,45.39737845803186,44.253904380736614,44.469234466552734,1155400,0.0,0.0
2017-01-20 00:00:00-05:00,44.99641451261968,45.47905046688909,44.32815261340475,44.58803176879883,1635800,0.0,0.0
2017-01-23 00:00:00-05:00,43.36288496750045,43.719291891997244,42.71689476140895,42.89509963989258,5912200,0.0,0.0
2017-01-24 00:00:00-05:00,43.25150280765565,44.41725124042317,43.11784986851936,44.10539627075195,3113600,0.0,0.0
2017-01-25 00:00:00-05:00,44.40239953636038,44.476652741031174,43.838089343212964,44.14994430541992,2078400,0.0,0.0
2017-01-26 00:00:00-05:00,44.81821546260319,45.10037201619155,44.12767613794807,44.29845428466797,1321800,0.0,0.0
2017-01-27 00:00:00-05:00,44.33556804271235,44.3578454178234,42.91736456766774,43.47425079345703,1630400,0.0,0.0
2017-01-30 00:00:00-05:00,43.40638503581994,43.61002958812065,42.51638419710818,43.119773864746094,2384000,0.91,0.0
2017-01-31 00:00:00-05:00,43.534596784236285,43.9192567083359,43.08959646888046,43.459171295166016,1902300,0.0,0.0
2017-02-01 00:00:00-05:00,43.83629370400741,44.55282008440276,43.187648830748216,44.53773498535156,2346500,0.0,0.0
2017-02-02 00:00:00-05:00,44.7262904922017,45.299512697211334,44.2360377633044,45.16374969482422,1571600,0.0,0.0
2017-02-03 00:00:00-05:00,45.32968251739759,46.03866776392587,44.98273388200923,45.933074951171875,1986500,0.0,0.0
2017-02-06 00:00:00-05:00,46.136713196391284,46.34790168355902,45.65400158661612,46.27247619628906,1764500,0.0,0.0
2017-02-07 00:00:00-05:00,46.18196240622802,46.63450663867973,44.107809253090686,44.24357223510742,1980100,0.0,0.0
2017-02-08 00:00:00-05:00,43.86646238342492,44.58298873901367,43.55722505655251,44.58298873901367,1998500,0.0,0.0
2017-02-09 00:00:00-05:00,44.997819160626825,45.216548774885815,44.46231110683831,44.73383712768555,1228700,0.0,0.0
2017-02-10 00:00:00-05:00,45.367395627149975,45.367395627149975,44.635784188710964,44.75646209716797,2052600,0.0,0.0
2017-02-13 00:00:00-05:00,44.77909061178614,45.14112435580012,44.35671934903071,44.92239761352539,1505500,0.0,0.0
2017-02-14 00:00:00-05:00,45.07324412605317,45.23917734237337,44.522650944940764,44.726295471191406,1525300,0.0,0.0
2017-02-15 00:00:00-05:00,44.945020714709806,45.62383573602746,44.598072093675555,44.71875,2185200,0.0,0.0
2017-02-16 00:00:00-05:00,44.97519387896184,45.54841325253851,44.06256409513693,44.145530700683594,1901100,0.0,0.0
2017-02-17 00:00:00-05:00,44.00976772097322,44.38688656306275,43.64773397782988,44.26620864868164,1561500,0.0,0.0
2017-02-21 00:00:00-05:00,45.02044549383894,45.05061569116906,43.843836569848015,44.107818603515625,1517700,0.0,0.0
2017-02-22 00:00:00-05:00,43.5723104678435,44.085192312755545,42.94629182174648,43.05188751220703,1548800,0.0,0.0
2017-02-23 00:00:00-05:00,42.40324074996625,43.51951210422898,42.07891833682099,42.41078186035156,4911100,0.0,0.0
2017-02-24 00:00:00-05:00,42.22221816300139,42.74264104237454,41.94315107207851,42.5239143371582,1850300,0.0,0.0
2017-02-27 00:00:00-05:00,42.64459262128389,42.7954407097415,42.116625750276235,42.1694221496582,1479100,0.0,0.0
2017-02-28 00:00:00-05:00,41.56604326624976,42.81807782831324,41.56604326624976,42.61443328857422,3538400,0.0,0.0
2017-03-01 00:00:00-05:00,42.976460821326036,43.670360953358326,42.976460821326036,43.1951904296875,2318800,0.0,0.0
2017-03-02 00:00:00-05:00,42.93875071102205,43.39129216138521,42.8406990084743,43.05188751220703,1954800,0.0,0.0
2017-03-03 00:00:00-05:00,43.2253590594738,43.926800276597525,42.98400325112889,43.813663482666016,1257100,0.0,0.0
2017-03-06 00:00:00-05:00,43.964514446132625,44.07764837024577,43.444088612771715,43.98714065551758,1702400,0.0,0.0
2017-03-07 00:00:00-05:00,44.40951798130832,44.68858513349115,43.97960270893336,44.55282211303711,2512000,0.0,0.0
2017-03-08 00:00:00-05:00,44.34917508804331,44.545278496420266,42.73510691030078,42.848243713378906,1887900,0.0,0.0
2017-03-09 00:00:00-05:00,42.23731223248766,42.561634681590775,40.53273625478237,41.87527847290039,3694600,0.0,0.0
2017-03-10 00:00:00-05:00,42.094000730036846,42.2448459455566,41.61883024502306,42.026119232177734,1874000,0.0,0.0
2017-03-13 00:00:00-04:00,42.35044565894306,43.165020833663775,42.35044565894306,42.629512786865234,1551100,0.0,0.0
2017-03-14 00:00:00-04:00,41.890362999316665,42.041211116377674,40.68358094001712,41.452903747558594,1797400,0.0,0.0
2017-03-15 00:00:00-04:00,42.13925547803761,42.99154480343777,41.40764693523903,42.88595199584961,2257700,0.0,0.0
2017-03-16 00:00:00-04:00,43.165022708076954,43.17256669621204,42.101547678918315,42.85578536987305,1540500,0.0,0.0
2017-03-17 00:00:00-04:00,42.848245441484124,43.18010899887538,42.350448666802976,42.59180450439453,4488900,0.0,0.0
2017-03-20 00:00:00-04:00,42.19960468330121,43.051894186713646,41.9280786201122,42.93121337890625,1377200,0.0,0.0
2017-03-21 00:00:00-04:00,43.21027377745615,43.61001879384921,42.161883949957875,42.46357727050781,2331200,0.0,0.0
2017-03-22 00:00:00-04:00,42.21467932020223,42.72756111749647,42.011034823289386,42.395694732666016,1677900,0.0,0.0
2017-03-23 00:00:00-04:00,42.44849677505184,42.96137864049898,42.199599830543114,42.795448303222656,1184500,0.0,0.0
2017-03-24 00:00:00-04:00,42.8331617059467,43.16502527390568,42.599346972064396,42.75773620605469,1698400,0.0,0.0
2017-03-27 00:00:00-04:00,42.18450555887445,42.976454395114594,41.709335106255224,42.87840270996094,1938700,0.0,0.0
2017-03-28 00:00:00-04:00,43.06696552056979,43.51196581667575,42.66722051594833,43.2328987121582,1684300,0.0,0.0
2017-03-29 00:00:00-04:00,43.14238878027177,44.71120140067347,43.14238878027177,44.5075569152832,1995900,0.0,0.0
2017-03-30 00:00:00-04:00,44.764007207096384,44.854517804416986,43.97960217063768,44.54528045654297,1477900,0.0,0.0
2017-03-31 00:00:00-04:00,44.12290295142929,45.25425943736337,44.10027674241087,45.178836822509766,2104000,0.0,0.0
2017-04-03 00:00:00-04:00,45.04307652974215,45.420195381123946,44.10027940128766,44.86960220336914,2211100,0.0,0.0
2017-04-04 00:00:00-04:00,45.12604548287629,45.12604548287629,44.20587451697741,44.862060546875,1358300,0.0,0.0
2017-04-05 00:00:00-04:00,45.33722044078283,45.72188033253133,43.95696431735709,43.99467849731445,1588500,0.0,0.0
2017-04-06 00:00:00-04:00,44.40950766917391,45.18637142356665,44.092726402609976,44.741371154785156,1412300,0.0,0.0
2017-04-07 00:00:00-04:00,44.95256699851622,45.15621152834824,44.51511061669039,44.764007568359375,1658700,0.0,0.0
2017-04-10 00:00:00-04:00,44.95255354646587,45.29950498079257,44.7338268596012,45.04306411743164,986000,0.0,0.0
2017-04-11 00:00:00-04:00,45.095871658005954,45.10341276885648,44.54527849588839,44.771549224853516,1407600,0.0,0.0
2017-04-12 00:00:00-04:00,44.96765351518287,44.96765351518287,44.22850087093897,44.40951919555664,1107400,0.0,0.0
2017-04-13 00:00:00-04:00,44.42459967584598,44.477396082288024,43.52705501195451,44.0776481628418,1350400,0.0,0.0
2017-04-17 00:00:00-04:00,44.1757025696361,44.1757025696361,43.383753547330905,43.647735595703125,1243000,0.0,0.0
2017-04-18 00:00:00-04:00,43.504432652369225,43.59494037468053,43.05189116362407,43.38375473022461,1666100,0.0,0.0
2017-04-19 00:00:00-04:00,43.383752907096984,43.55722723306562,41.79231089762529,42.04875183105469,2143800,0.0,0.0
2017-04-20 00:00:00-04:00,42.18451090172134,42.6973927206082,41.928069992277905,42.380611419677734,1705400,0.0,0.0
2017-04-21 00:00:00-04:00,42.38061145401138,42.38061145401138,41.649002908361894,41.80739212036133,1627900,0.0,0.0
2017-04-24 00:00:00-04:00,42.17696434923366,42.591797322508704,41.3397630471765,42.35798263549805,1699600,0.0,0.0
2017-04-25 00:00:00-04:00,42.2523995749589,43.08205995840448,42.22977336290508,42.97646713256836,1979900,0.0,0.0
2017-04-26 00:00:00-04:00,42.81053616093803,43.5798590603839,42.576724284891064,43.021724700927734,1514200,0.0,0.0
2017-04-27 00:00:00-04:00,42.74264198600324,43.285693960599275,41.89789670777788,42.350440979003906,1686300,0.0,0.0
2017-04-28 00:00:00-04:00,42.46544428611031,42.86410922041688,42.059114012018554,42.26611328125,1846600,0.91,0.0
2017-05-01 00:00:00-04:00,42.3581104724297,42.841108750094385,42.3581104724297,42.825775146484375,1058500,0.0,0.0
2017-05-02 00:00:00-04:00,43.316438401914276,43.53877126552381,42.51144322891976,42.7337760925293,1784500,0.0,0.0
2017-05-03 00:00:00-04:00,42.56510392206176,42.98676772770863,41.928772619773305,42.166439056396484,1389600,0.0,0.0
2017-05-04 00:00:00-04:00,41.52244140158587,41.94410519693492,37.48212962517662,37.49746322631836,5975200,0.0,0.0
2017-05-05 00:00:00-04:00,37.420806490941736,39.03079695028148,37.420806490941736,38.616798400878906,4013100,0.0,0.0
2017-05-08 00:00:00-04:00,38.46346527984987,38.94646358748621,38.12613475325483,38.616798400878906,1891600,0.0,0.0
2017-05-09 00:00:00-04:00,38.54013916845459,38.73180486776583,37.29814625580197,37.76580810546875,1757200,0.0,0.0
2017-05-10 00:00:00-04:00,38.08012644967621,39.31445359053314,37.9114626818458,39.0001220703125,2011200,0.0,0.0
2017-05-11 00:00:00-04:00,39.52913031839322,39.52913031839322,38.91579781168719,39.015464782714844,1604800,0.0,0.0
2017-05-12 00:00:00-04:00,39.1841325147088,39.36812993174831,38.86980091306228,38.96179962158203,1044300,0.0,0.0
2017-05-15 00:00:00-04:00,39.682453405271076,39.9737860012608,39.07679219660471,39.25312423706055,1344100,0.0,0.0
2017-05-16 00:00:00-04:00,39.26846290217799,39.52912832702057,38.87746330262111,38.931129455566406,1332400,0.0,0.0
2017-05-17 00:00:00-04:00,38.97712796477432,38.97712796477432,37.97279887335918,37.98813247680664,1039400,0.0,0.0
2017-05-18 00:00:00-04:00,37.704465938422224,38.126129772729385,37.3058010456599,37.980464935302734,1296500,0.0,0.0
2017-05-19 00:00:00-04:00,38.087799752889474,39.42179109344116,38.087799752889474,39.03845977783203,1931200,0.0,0.0
2017-05-22 00:00:00-04:00,39.345127268850774,39.421792364610354,38.555465669100535,38.93879699707031,1014100,0.0,0.0
2017-05-23 00:00:00-04:00,39.29912182460922,39.29912182460922,38.51712858135701,38.5324592590332,1631900,0.0,0.0
2017-05-24 00:00:00-04:00,38.47112379383787,38.82378783561099,37.819461850362096,38.01112747192383,1299400,0.0,0.0
2017-05-25 00:00:00-04:00,37.903797910168535,38.47879486045706,36.562138359495314,37.16013717651367,1984800,0.0,0.0
2017-05-26 00:00:00-04:00,36.546805123279604,36.70780649366117,35.841476927648955,36.29380798339844,9959600,0.0,0.0
2017-05-30 00:00:00-04:00,36.19414229043711,36.263142044559075,35.197481450019836,35.20514678955078,3318800,0.0,0.0
2017-05-31 00:00:00-04:00,34.82181475752538,35.21281433105469,34.19315164379766,35.21281433105469,4497500,0.0,0.0
2017-06-01 00:00:00-04:00,35.33548122632999,35.54248049026627,35.01348139645604,35.159149169921875,1735600,0.0,0.0
2017-06-02 00:00:00-04:00,35.14381594661845,35.24348290987101,34.72215207459193,34.86781692504883,2015500,0.0,0.0
2017-06-05 00:00:00-04:00,34.660814976378035,35.03648093212642,34.57648162358233,34.599483489990234,1782800,0.0,0.0
2017-06-06 00:00:00-04:00,34.49981968711948,35.05948307776021,34.30048868241172,34.93681716918945,1968700,0.0,0.0
2017-06-07 00:00:00-04:00,34.75281746280274,35.251146403801364,33.602823549533326,33.802154541015625,2602600,0.0,0.0
2017-06-08 00:00:00-04:00,33.610489503104155,34.101153113799924,33.58749056028586,34.03982162475586,2867800,0.0,0.0
2017-06-09 00:00:00-04:00,34.07048992793623,35.2204839979448,34.062824587620746,35.090152740478516,4965500,0.0,0.0
2017-06-12 00:00:00-04:00,35.358475964380624,35.87980673201225,34.94448041033182,35.06714630126953,2846900,0.0,0.0
2017-06-13 00:00:00-04:00,35.17447217193911,35.504137242039604,35.005805505957,35.12847137451172,1598000,0.0,0.0
2017-06-14 00:00:00-04:00,35.11313665958443,35.19746998989564,33.288479363802985,33.357479095458984,2639200,0.0,0.0
2017-06-15 00:00:00-04:00,33.18882707009412,33.67949070185184,32.52949671819995,32.544830322265625,2994700,0.0,0.0
2017-06-16 00:00:00-04:00,32.736486015755055,33.41881510363985,32.437488139004195,33.349815368652344,2474400,0.0,0.0
2017-06-19 00:00:00-04:00,33.37282966354017,33.51082919702221,32.92816677477636,32.96649932861328,1433600,0.0,0.0
2017-06-20 00:00:00-04:00,32.42982874031254,32.736494962867724,31.571167411578198,31.747499465942383,2773600,0.0,0.0
2017-06-21 00:00:00-04:00,31.348836059255152,32.00050108248585,30.858172419157583,31.187837600708008,4519200,0.0,0.0
2017-06-22 00:00:00-04:00,31.47150178339708,31.8931656638288,31.11883765973317,31.78583335876465,2619700,0.0,0.0
2017-06-23 00:00:00-04:00,31.985163414217197,32.73649238322816,31.762830566613836,32.65982437133789,3228000,0.0,0.0
2017-06-26 00:00:00-04:00,32.66750396178954,33.19650026661872,32.39917021401129,33.04316711425781,2153500,0.0,0.0
2017-06-27 00:00:00-04:00,33.17348702816568,33.970816737329955,33.11215262380595,33.37281799316406,3371600,0.0,0.0
2017-06-28 00:00:00-04:00,33.411163603086536,34.239157841255974,33.21949791814342,33.88649368286133,2041500,0.0,0.0
2017-06-29 00:00:00-04:00,33.94781716182855,34.40014818842445,33.54148694160337,33.602821350097656,1708700,0.0,0.0
2017-06-30 00:00:00-04:00,33.9018234175829,34.745151165204135,33.7638239062142,34.65315246582031,1850200,0.0,0.0
2017-07-03 00:00:00-04:00,34.837145028276524,35.205142699309995,34.34648146689855,34.5151481628418,1109500,0.0,0.0
2017-07-05 00:00:00-04:00,34.45381390638589,34.4844811102528,33.05848830088208,33.28848648071289,2460300,0.0,0.0
2017-07-06 00:00:00-04:00,33.65649310329828,34.5534870425984,33.38815940830263,34.09349060058594,1979400,0.0,0.0
2017-07-07 00:00:00-04:00,33.84815299233402,33.86348366980746,33.09682111437145,33.43415451049805,1856000,0.0,0.0
2017-07-10 00:00:00-04:00,33.34215814831733,33.69482224651539,32.96649218313366,33.61048889160156,1239200,0.0,0.0
2017-07-11 00:00:00-04:00,33.710161157499236,33.80215986617015,33.28082897605794,33.62582778930664,1219500,0.0,0.0
2017-07-12 00:00:00-04:00,34.56115376643648,35.24348305898955,34.41548599077734,34.65315246582031,2092300,0.0,0.0
2017-07-13 00:00:00-04:00,34.538153878824495,34.70682060785571,33.909490701908624,34.54582214355469,1481100,0.0,0.0
2017-07-14 00:00:00-04:00,34.68381502651601,35.159144988326425,34.5458155336379,35.06714630126953,1308800,0.0,0.0
2017-07-17 00:00:00-04:00,35.17448374927413,36.26314332544571,35.17448374927413,35.297149658203125,2047200,0.0,0.0
2017-07-18 00:00:00-04:00,35.49647940968643,35.64981252157813,34.92148243353194,35.20514678955078,1734900,0.0,0.0
2017-07-19 00:00:00-04:00,35.082476537648745,35.94880602658616,35.07481119906766,35.764808654785156,1279900,0.0,0.0
2017-07-20 00:00:00-04:00,36.063807294526384,36.18647318636141,35.38147808840741,35.56547546386719,1170600,0.0,0.0
2017-07-21 00:00:00-04:00,35.519481546913084,35.76481335796663,34.99048245310286,35.159149169921875,1644100,0.0,0.0
2017-07-24 00:00:00-04:00,35.23581362433941,35.54247984488079,34.99815008177637,35.49647903442383,1192800,0.0,0.0
2017-07-25 00:00:00-04:00,36.03314394528036,36.35514084907527,35.69581343779248,35.757144927978516,1410300,0.0,0.0
2017-07-26 00:00:00-04:00,35.91047232784174,35.987137409525204,35.3968069218892,35.4581413269043,1632000,0.0,0.0
2017-07-27 00:00:00-04:00,35.435147290666805,36.35514009651437,35.29714778487251,36.33980941772461,1800400,0.0,0.0
2017-07-28 00:00:00-04:00,36.27727621626837,36.957327749636384,36.05059137786834,36.558677673339844,2609500,0.91,0.0
2017-07-31 00:00:00-04:00,36.5430389459961,36.566488070277984,35.714468433333366,36.27727127075195,1172700,0.0,0.0
2017-08-01 00:00:00-04:00,36.41015891340089,36.41015891340089,35.64412034408016,36.12875747680664,1183700,0.0,0.0
2017-08-02 00:00:00-04:00,35.855173071330405,36.10530703051652,35.47215675087816,35.956790924072266,1217800,0.0,0.0
2017-08-03 00:00:00-04:00,36.074031978940674,36.558666010494896,35.5659458455574,35.964595794677734,1672500,0.0,0.0
2017-08-04 00:00:00-04:00,35.98805961662738,36.230375220403104,35.49560706347759,35.823909759521484,1267700,0.0,0.0
2017-08-07 00:00:00-04:00,35.61285389911557,35.714468759820434,34.90153496502301,35.01878356933594,1291400,0.0,0.0
2017-08-08 00:00:00-04:00,34.7217509947862,35.22202188207076,34.12768360251918,34.22930145263672,1551500,0.0,0.0
2017-08-09 00:00:00-04:00,34.38564129761823,35.08132664883136,34.276205067078024,35.06569290161133,2027300,0.0,0.0
2017-08-10 00:00:00-04:00,35.19857483317491,35.534692939555505,34.44817286713875,34.51070785522461,1935200,0.0,0.0
2017-08-11 00:00:00-04:00,34.40908231517114,34.76864947096229,34.22929873727557,34.62794876098633,1303500,0.0,0.0
2017-08-14 00:00:00-04:00,34.71393418940797,34.97970187600733,34.1354975838099,34.174583435058594,1502800,0.0,0.0
2017-08-15 00:00:00-04:00,34.440351440649486,34.47943431042837,33.392914428683646,33.74466323852539,1531200,0.0,0.0
2017-08-16 00:00:00-04:00,33.72903562671655,34.08078446941524,33.346016310709224,33.51016616821289,1644100,0.0,0.0
2017-08-17 00:00:00-04:00,33.43982149143198,33.67432473556299,33.29130535440393,33.314754486083984,979100,0.0,0.0
2017-08-18 00:00:00-04:00,33.455450021009405,33.955717964363004,33.23658354125025,33.854103088378906,1943900,0.0,0.0
2017-08-21 00:00:00-04:00,33.88536248445244,34.104231913011766,33.79156300468799,33.89318084716797,2106000,0.0,0.0
2017-08-22 00:00:00-04:00,33.94790867641746,34.95626310803367,33.81502330282882,34.901546478271484,1441300,0.0,0.0
2017-08-23 00:00:00-04:00,34.65141155262352,35.15167957265776,34.573242810847795,34.807743072509766,1731800,0.0,0.0
2017-08-24 00:00:00-04:00,34.68266851770518,34.8859042202487,34.38563630911383,34.39345169067383,965900,0.0,0.0
2017-08-25 00:00:00-04:00,34.56542018976036,34.65140429679271,34.34655074045109,34.463802337646484,1180800,0.0,0.0
2017-08-28 00:00:00-04:00,34.424716855617156,34.706118282083345,33.79156364606822,33.83064651489258,1377400,0.0,0.0
2017-08-29 00:00:00-04:00,33.63523086815287,34.05733302892529,33.21313168921234,33.95571517944336,1184600,0.0,0.0
2017-08-30 00:00:00-04:00,33.79156508124939,34.21366723887603,33.447631646423176,34.18239974975586,1308500,0.0,0.0
2017-08-31 00:00:00-04:00,34.393445670476915,34.87807975182992,34.13549339666925,34.83899688720703,1631700,0.0,0.0
2017-09-01 00:00:00-04:00,34.90153203482484,35.03441437158955,34.45598081581273,34.815547943115234,1223500,0.0,0.0
2017-09-05 00:00:00-04:00,35.13604047240583,35.190757092398144,34.56542216260592,34.95625686645508,979600,0.0,0.0
2017-09-06 00:00:00-04:00,35.284556515176554,36.18347752494775,35.136040401473274,35.66757583618164,1758200,0.0,0.0
2017-09-07 00:00:00-04:00,35.565953705295755,35.933339236217954,35.378351758360736,35.620670318603516,958900,0.0,0.0
2017-09-08 00:00:00-04:00,35.425248005351115,35.65193278962988,35.05004714611283,35.339263916015625,831800,0.0,0.0
2017-09-11 00:00:00-04:00,35.3470883586586,35.76918753427122,35.33926999546599,35.605037689208984,854700,0.0,0.0
2017-09-12 00:00:00-04:00,35.62066630148437,36.36325266069967,35.62066630148437,36.261634826660156,1220000,0.0,0.0
2017-09-13 00:00:00-04:00,36.386705523336225,37.144925702787944,36.18347281619886,36.87915802001953,1698700,0.0,0.0
2017-09-14 00:00:00-04:00,37.05113488735738,37.54358451739188,37.004233644664,37.27781677246094,1594300,0.0,0.0
2017-09-15 00:00:00-04:00,37.4966793559443,37.54357760817446,36.62902590770357,36.68374252319336,2021700,0.0,0.0
2017-09-18 00:00:00-04:00,36.58212156586193,37.066755682670895,36.543038698379725,36.91823959350586,2031200,0.0,0.0
2017-09-19 00:00:00-04:00,36.96515216409614,37.58267179799099,36.69938440911814,37.12148666381836,1234300,0.0,0.0
2017-09-20 00:00:00-04:00,37.30907962952466,37.67646519703697,37.12929602763177,37.660831451416016,1741300,0.0,0.0
2017-09-21 00:00:00-04:00,37.47322419036334,37.63737700527052,36.441420979843414,36.597755432128906,1161300,0.0,0.0
2017-09-22 00:00:00-04:00,36.62121116860864,36.746278156652636,36.37107719252065,36.70719528198242,790700,0.0,0.0
2017-09-25 00:00:00-04:00,37.019854141040824,38.09074012030896,36.832252219251494,37.793704986572266,2149400,0.0,0.0
2017-09-26 00:00:00-04:00,37.72335864358743,37.785893618100125,37.06675632036268,37.35597610473633,1191700,0.0,0.0
2017-09-27 00:00:00-04:00,37.45759620310226,37.707733154296875,36.98859575600562,37.707733154296875,967100,0.0,0.0
2017-09-28 00:00:00-04:00,37.73899357957968,37.80152855606816,36.683741196906766,37.137107849121094,1285600,0.0,0.0
2017-09-29 00:00:00-04:00,36.99640971793093,37.21527616962396,36.69155618357479,36.972957611083984,1467000,0.0,0.0
2017-10-02 00:00:00-04:00,36.402345976742694,36.675929090974584,36.07404623966443,36.668113708496094,1716100,0.0,0.0
2017-10-03 00:00:00-04:00,36.863531338653566,37.184015695583625,36.69938146892088,37.035499572753906,1164700,0.0,0.0
2017-10-04 00:00:00-04:00,37.035496763460436,37.035496763460436,36.48832759069082,36.6290283203125,1253700,0.0,0.0
2017-10-05 00:00:00-04:00,36.894788623037726,37.87187517035424,36.863521137884035,37.73117446899414,1874900,0.0,0.0
2017-10-06 00:00:00-04:00,37.246546424345524,37.72336223212048,36.77754301638027,37.582664489746094,1030900,0.0,0.0
2017-10-09 00:00:00-04:00,37.731177300253975,37.864059649381076,37.37161013949997,37.426326751708984,562500,0.0,0.0
2017-10-10 00:00:00-04:00,37.715549085493166,37.864065200142264,37.152746155316095,37.254364013671875,1277000,0.0,0.0
2017-10-11 00:00:00-04:00,37.25435649984142,37.418506327424964,36.93387222520287,37.3481559753418,1071000,0.0,0.0
2017-10-12 00:00:00-04:00,36.95732935568189,37.32471493858305,36.91043109868666,37.09803009033203,1188500,0.0,0.0
2017-10-13 00:00:00-04:00,37.512309913829306,37.512309913829306,36.7384560176224,36.91823959350586,1307700,0.0,0.0
2017-10-16 00:00:00-04:00,36.77754065458888,37.05894208493051,35.519052581023146,35.71446990966797,2286200,0.0,0.0
2017-10-17 00:00:00-04:00,35.15948758675357,35.73010586387234,34.7842866503672,35.4721565246582,2131000,0.0,0.0
2017-10-18 00:00:00-04:00,35.51905690393401,35.67539138224319,34.698304620100984,34.753021240234375,1751000,0.0,0.0
2017-10-19 00:00:00-04:00,34.502884126732724,34.79210094708521,34.22148268775975,34.77647018432617,1507700,0.0,0.0
2017-10-20 00:00:00-04:00,34.89372518395256,35.13604379672506,34.11987406694102,34.22148895263672,1193400,0.0,0.0
2017-10-23 00:00:00-04:00,34.276204483932545,34.346554854309595,33.322569774394225,33.432003021240234,1588900,0.0,0.0
2017-10-24 00:00:00-04:00,33.588342714120586,33.82284299110707,32.81448852004912,33.095890045166016,2132700,0.0,0.0
2017-10-25 00:00:00-04:00,32.97081395462908,33.03334595308751,31.438742719497732,31.54035758972168,2861000,0.0,0.0
2017-10-26 00:00:00-04:00,31.470003798319826,32.3220234300187,30.94628681370438,31.806121826171875,2962700,0.0,0.0
2017-10-27 00:00:00-04:00,31.821762433569596,33.1427857057881,31.595077578571683,32.877017974853516,2702400,0.0,0.0
2017-10-30 00:00:00-04:00,32.87701315131509,33.40854853520025,32.80666279221759,32.986446380615234,1880200,0.0,0.0
2017-10-31 00:00:00-04:00,32.87460410903441,33.162204393331194,32.47515571425902,33.15421676635742,1882800,0.91,0.0
2017-11-01 00:00:00-04:00,33.465782570976764,33.96109767603787,33.26605839421271,33.561649322509766,3318600,0.0,0.0
2017-11-02 00:00:00-04:00,34.08891597116288,35.702687445766124,33.817294056698124,34.2087516784668,4447600,0.0,0.0
2017-11-03 00:00:00-04:00,34.31261394226371,35.159442495504464,34.03299826818215,35.063575744628906,2419200,0.0,0.0
2017-11-06 00:00:00-05:00,35.07156649179408,36.22996427347061,35.07156649179408,36.174041748046875,2202700,0.0,0.0
2017-11-07 00:00:00-05:00,35.1594398029261,35.486987303586695,34.81591705130056,35.38313293457031,2415800,0.0,0.0
2017-11-08 00:00:00-05:00,35.39910995951484,35.62280003556243,34.831891049103334,34.887813568115234,1207800,0.0,0.0
2017-11-09 00:00:00-05:00,34.67212006489664,35.67872862595205,34.320603545520754,35.43906021118164,1449700,0.0,0.0
2017-11-10 00:00:00-05:00,35.46302184691251,35.94236166599629,35.17541856497202,35.25531005859375,1611500,0.0,0.0
2017-11-13 00:00:00-05:00,35.21537301288613,35.21537301288613,33.66551124378111,33.78534698486328,1461000,0.0,0.0
2017-11-14 00:00:00-05:00,33.65752318641052,33.91316991973903,33.15421734686713,33.202152252197266,1636200,0.0,0.0
2017-11-15 00:00:00-05:00,32.986451940694394,34.16082824757219,32.411245228721825,33.8093147277832,1865000,0.0,0.0
2017-11-16 00:00:00-05:00,34.47240271835068,34.47240271835068,33.082320760769754,33.47378158569336,1362900,0.0,0.0
2017-11-17 00:00:00-05:00,33.729418711234636,33.945121179942056,33.2660571752967,33.58561706542969,999000,0.0,0.0
2017-11-20 00:00:00-05:00,33.49773782199402,34.05696610392769,32.778729595572315,34.032997131347656,1610100,0.0,0.0
2017-11-21 00:00:00-05:00,34.11289397024738,34.4484291634309,33.41785460754619,33.73741149902344,1881400,0.0,0.0
2017-11-22 00:00:00-05:00,34.152833893550905,34.82390724283492,33.82528636875448,34.57624816894531,1265300,0.0,0.0
2017-11-24 00:00:00-05:00,34.935760039124936,35.11950595499023,34.560277532002544,34.66413497924805,581100,0.0,0.0
2017-11-27 00:00:00-05:00,34.35255456570458,34.432443008465796,33.5137137265169,33.6495246887207,1694600,0.0,0.0
2017-11-28 00:00:00-05:00,33.577625800638735,33.64153899655925,32.87459893080658,33.226112365722656,1682800,0.0,0.0
2017-11-29 00:00:00-05:00,33.09828331189553,33.49773157484619,32.858614963634814,33.33795166015625,2810900,0.0,0.0
2017-11-30 00:00:00-05:00,33.649532960811946,34.75201141772252,33.47377773402149,34.672122955322266,2678700,0.0,0.0
2017-12-01 00:00:00-05:00,35.06358203089486,35.830522270496,34.83190121448943,35.311241149902344,2323300,0.0,0.0
2017-12-04 00:00:00-05:00,36.08616790496934,36.25393855334599,35.28727108478353,35.79057693481445,2383000,0.0,0.0
2017-12-05 00:00:00-05:00,35.91042072688378,36.19003345760966,35.399127134956345,35.97433090209961,1881200,0.0,0.0
2017-12-06 00:00:00-05:00,35.662747440177014,35.79856146100741,34.696083185194965,34.87184143066406,1912400,0.0,0.0
2017-12-07 00:00:00-05:00,34.99167168823564,36.11012818617852,34.84787005142731,35.958335876464844,1595900,0.0,0.0
2017-12-08 00:00:00-05:00,36.23794937133789,36.349794404976194,35.68670878047968,36.23794937133789,1731300,0.0,0.0
2017-12-11 00:00:00-05:00,36.36578000474349,37.38037923120462,36.34181407773667,36.94098663330078,2287000,0.0,0.0
2017-12-12 00:00:00-05:00,37.02087841810039,37.588094423639326,36.797188285786326,37.06881332397461,2368000,0.0,0.0
2017-12-13 00:00:00-05:00,37.188644456780914,37.58010521945307,36.972941960722714,37.27652359008789,1358800,0.0,0.0
2017-12-14 00:00:00-05:00,37.220593984232615,37.955577418454574,37.21260635888184,37.54814147949219,1480100,0.0,0.0
2017-12-15 00:00:00-05:00,37.763853599920786,37.8357544366753,36.97294439562109,37.03685760498047,2970100,0.0,0.0
2017-12-18 00:00:00-05:00,37.24456136393567,37.92362535215317,37.24456136393567,37.56412124633789,2280300,0.0,0.0
2017-12-19 00:00:00-05:00,37.659995539896975,37.715918073393084,36.42969370788353,36.50159454345703,2238400,0.0,0.0
2017-12-20 00:00:00-05:00,36.485617855023875,36.61344427729636,35.494987462809306,36.38176345825195,2284700,0.0,0.0
2017-12-21 00:00:00-05:00,36.25393529165838,37.10076389443633,35.998288576002864,36.948974609375,1659000,0.0,0.0
2017-12-22 00:00:00-05:00,37.02087115982865,37.71591039721406,36.909026115599836,37.69993209838867,1670900,0.0,0.0
2017-12-26 00:00:00-05:00,37.875695341898194,37.97955277420997,37.58809202014207,37.795806884765625,1456200,0.0,0.0
2017-12-27 00:00:00-05:00,37.82775836644883,38.07541744606906,37.46825728150058,38.043460845947266,856100,0.0,0.0
2017-12-28 00:00:00-05:00,38.09938810880056,38.57872802757037,37.771840535705124,38.498836517333984,1390400,0.0,0.0
2017-12-29 00:00:00-05:00,38.5867122841674,38.80241477163921,38.37100979669559,38.682579040527344,1231700,0.0,0.0
2018-01-02 00:00:00-05:00,39.0181217071593,39.28175607909066,38.610685660520076,39.21784591674805,1844500,0.0,0.0
2018-01-03 00:00:00-05:00,39.545393942172154,40.13657895010827,39.345669730343,39.888919830322266,2900600,0.0,0.0
2018-01-04 00:00:00-05:00,40.11260556493661,40.40819956020076,39.89690307415573,40.24042892456055,2291900,0.0,0.0
2018-01-05 00:00:00-05:00,40.24042702658777,40.264396000576866,38.34704264910211,38.706546783447266,3137200,0.0,0.0
2018-01-08 00:00:00-05:00,38.61068947907695,38.882311505333185,38.235206952699414,38.81840133666992,1528800,0.0,0.0
2018-01-09 00:00:00-05:00,38.86632385010398,38.946212297335364,38.482850770256405,38.76246643066406,853800,0.0,0.0
2018-01-10 00:00:00-05:00,38.7544796187551,39.8729362767265,38.5947027083728,39.56136703491211,1970400,0.0,0.0
2018-01-11 00:00:00-05:00,39.809027528270434,40.68781275661156,39.62527858925157,40.59993362426758,2345400,0.0,0.0
2018-01-12 00:00:00-05:00,40.719773542424896,41.28698957622229,40.12060090311929,41.095252990722656,1880500,0.0,0.0
2018-01-16 00:00:00-05:00,41.39084960530447,41.60655213463156,40.48010457674009,40.54401779174805,3016700,0.0,0.0
2018-01-17 00:00:00-05:00,40.74373524793745,41.35089545188697,40.28037365876468,40.911502838134766,2082500,0.0,0.0
2018-01-18 00:00:00-05:00,40.967423875283714,41.031337077343686,40.2723845644022,40.49607467651367,1573700,0.0,0.0
2018-01-19 00:00:00-05:00,40.28836957237439,40.55200395589022,39.45751609256442,40.528038024902344,1500100,0.0,0.0
2018-01-22 00:00:00-05:00,40.575968672696035,40.90351623450988,40.28037466632668,40.743736267089844,1488500,0.0,0.0
2018-01-23 00:00:00-05:00,40.743730455562925,41.07926559649112,40.080644751992025,40.767696380615234,1273200,0.0,0.0
2018-01-24 00:00:00-05:00,40.98340187506802,41.223070285935826,40.54400928055217,40.575965881347656,1210500,0.0,0.0
2018-01-25 00:00:00-05:00,40.75972235362104,41.00738150280202,39.79305778504524,39.944847106933594,1576200,0.0,0.0
2018-01-26 00:00:00-05:00,40.17651608913521,40.30433944023456,39.70516691054093,39.93684768676758,1243700,0.0,0.0
2018-01-29 00:00:00-05:00,39.69717257421454,39.809020662712314,38.962189135093396,39.05805587768555,2212000,0.0,0.0
2018-01-30 00:00:00-05:00,38.56275402079429,38.69057740386047,38.07542642049512,38.283138275146484,2191300,0.0,0.0
2018-01-31 00:00:00-05:00,38.39714562779591,39.17893191530675,38.331995217232055,39.089351654052734,2092900,0.91,0.0
2018-02-01 00:00:00-05:00,39.47210350064847,40.35161231865004,39.36623563420312,39.830421447753906,1817300,0.0,0.0
2018-02-02 00:00:00-05:00,39.34994674061709,39.66754722299422,38.25055997753585,38.388999938964844,2239000,0.0,0.0
2018-02-05 00:00:00-05:00,37.949241078463544,38.26684464300674,37.10230755930857,37.32218551635742,2407800,0.0,0.0
2018-02-06 00:00:00-05:00,36.49968430851004,38.03882713615738,36.03549847498284,37.851524353027344,2358100,0.0,0.0
2018-02-07 00:00:00-05:00,38.07954374670809,39.62683189513815,38.07954374670809,38.73917770385742,3279300,0.0,0.0
2018-02-08 00:00:00-05:00,38.82875665298339,39.05677687938575,36.85800020329447,36.89057540893555,2893300,0.0,0.0
2018-02-09 00:00:00-05:00,37.27332486174063,37.55835013367759,35.40029410169458,36.784706115722656,2514400,0.0,0.0
2018-02-12 00:00:00-05:00,37.35475649010885,38.519293538822225,37.11044869179701,38.299415588378906,1572000,0.0,0.0
2018-02-13 00:00:00-05:00,38.12840540397089,38.69031372389452,37.77822970840407,38.5192985534668,1505400,0.0,0.0
2018-02-14 00:00:00-05:00,37.98995707558873,39.203353710869045,37.843371788481555,38.93461608886719,1790200,0.0,0.0
2018-02-15 00:00:00-05:00,39.22779664563415,40.69365000581546,38.74732628557167,40.595924377441406,3421400,0.0,0.0
2018-02-16 00:00:00-05:00,40.35160831146886,40.35160831146886,38.731030802369155,39.016056060791016,3590600,0.0,0.0
2018-02-20 00:00:00-05:00,39.05677642881521,39.27665440454202,38.38900025358974,38.88576126098633,2425400,0.0,0.0
2018-02-21 00:00:00-05:00,38.86133694281522,38.99163467588367,38.030687729550266,38.063262939453125,2690400,0.0,0.0
2018-02-22 00:00:00-05:00,38.29941358266522,38.454144228508596,37.314037087370366,37.42804718017578,2225200,0.0,0.0
2018-02-23 00:00:00-05:00,37.76193822918168,38.42157209867344,37.40362032222817,38.25055694580078,1320900,0.0,0.0
2018-02-26 00:00:00-05:00,38.527443634164015,38.551873485039195,37.55835146221408,38.429718017578125,1665900,0.0,0.0
2018-02-27 00:00:00-05:00,38.34827692095252,38.641447510307785,37.34661281168343,37.40361785888672,1956700,0.0,0.0
2018-02-28 00:00:00-05:00,37.566498914639496,37.86781181624865,36.320523639204175,36.361244201660156,2413800,0.0,0.0
2018-03-01 00:00:00-05:00,36.49154001273142,37.08602353623942,36.18208177222636,36.89057540893555,1919700,0.0,0.0
2018-03-02 00:00:00-05:00,36.68698365949867,37.22446210627655,35.96220244711332,37.19188690185547,1487600,0.0,0.0
2018-03-05 00:00:00-05:00,37.053448416728514,38.14469295590047,37.053448416728514,37.90852737426758,1001100,0.0,0.0
2018-03-06 00:00:00-05:00,38.193547376946896,38.25055242116135,37.58277638332755,37.66421127319336,1332200,0.0,0.0
2018-03-07 00:00:00-05:00,37.362905021100666,37.83523305713136,36.36124078826108,36.71955871582031,1989200,0.0,0.0
2018-03-08 00:00:00-05:00,36.81727554442087,37.02901123310889,36.173929338353275,36.45895767211914,1517400,0.0,0.0
2018-03-09 00:00:00-05:00,36.800999210396924,37.29776027837849,36.58112120785379,37.18375015258789,1533800,0.0,0.0
2018-03-12 00:00:00-04:00,37.25703593606597,38.063255129757835,37.25703593606597,38.038822174072266,1854600,0.0,0.0
2018-03-13 00:00:00-04:00,38.25055997753585,38.576302707891294,38.046969606110245,38.388999938964844,1739400,0.0,0.0
2018-03-14 00:00:00-04:00,38.478585992814104,38.59259612093112,37.91667760143325,38.063262939453125,1693800,0.0,0.0
2018-03-15 00:00:00-04:00,38.29127889145458,38.86133257450426,36.0762145717382,37.74565505981445,3813300,0.0,0.0
2018-03-16 00:00:00-04:00,37.965527050947166,39.15449703878188,37.41176105840557,38.869468688964844,2473600,0.0,0.0
2018-03-19 00:00:00-04:00,38.77174799863079,38.77989024601421,36.89871733966949,37.59092330932617,1931900,0.0,0.0
2018-03-20 00:00:00-04:00,37.94924624406187,38.25056224837072,37.4117677558513,37.81080627441406,2255100,0.0,0.0
2018-03-21 00:00:00-04:00,37.94109829288576,38.934620209188374,37.72122033895606,38.682167053222656,2331800,0.0,0.0
2018-03-22 00:00:00-04:00,38.17726922995938,38.608879844885934,37.786376070046956,37.85966873168945,1396400,0.0,0.0
2018-03-23 00:00:00-04:00,37.981819920678205,38.38900067129704,37.57463917005937,37.63978958129883,1707600,0.0,0.0
2018-03-26 00:00:00-04:00,37.989964485348196,37.989964485348196,36.988297125898185,37.778228759765625,2254400,0.0,0.0
2018-03-27 00:00:00-04:00,37.78636805471637,37.892232793988285,36.76841636258006,37.02086639404297,1987600,0.0,0.0
2018-03-28 00:00:00-04:00,36.89057639654545,37.07787917418211,35.30257080426969,35.620174407958984,4264800,0.0,0.0
2018-03-29 00:00:00-04:00,35.61202739110178,36.6055493975883,35.43286687018322,35.831905364990234,4318400,0.0,0.0
2018-04-02 00:00:00-04:00,35.750469601713725,36.19836778672649,34.97682558766852,35.35957336425781,2590400,0.0,0.0
2018-04-03 00:00:00-04:00,35.473592614884296,35.78304778792268,34.48821271234139,35.734188079833984,1630000,0.0,0.0
2018-04-04 00:00:00-04:00,34.52892854953758,35.62017307453687,33.99959233641352,35.57945251464844,3098000,0.0,0.0
2018-04-05 00:00:00-04:00,35.644606905584794,37.2163250112776,35.644606905584794,36.82543182373047,2669900,0.0,0.0
2018-04-06 00:00:00-04:00,36.54039844961594,37.33847232093735,36.12507546496982,36.60554885864258,2271100,0.0,0.0
2018-04-09 00:00:00-04:00,36.92314849264929,37.24889431725468,36.32051964909205,36.33680725097656,2211400,0.0,0.0
2018-04-10 00:00:00-04:00,36.98015347379536,38.10397314929381,36.51596769389126,37.672359466552734,3309200,0.0,0.0
2018-04-11 00:00:00-04:00,37.542066970255675,37.95739310880394,36.996446211881604,37.16746139526367,3035800,0.0,0.0
2018-04-12 00:00:00-04:00,37.175607824306695,37.175607824306695,36.59740873446223,36.711421966552734,2019200,0.0,0.0
2018-04-13 00:00:00-04:00,36.71140913550633,37.43619020020511,36.564823852023224,36.80913162231445,1848400,0.0,0.0
2018-04-16 00:00:00-04:00,36.97201265137557,38.12840446861483,36.906862241453204,37.98181915283203,1977200,0.0,0.0
2018-04-17 00:00:00-04:00,37.98181193707407,38.81246086652298,37.98181193707407,38.478572845458984,1998500,0.0,0.0
2018-04-18 00:00:00-04:00,38.75545548221579,39.31736367667827,38.75545548221579,39.113773345947266,1814900,0.0,0.0
2018-04-19 00:00:00-04:00,39.3010833917028,39.49653151245757,38.34828195769731,38.413429260253906,2125600,0.0,0.0
2018-04-20 00:00:00-04:00,38.364569512006035,39.17078563107308,38.201696596004446,38.755462646484375,1668900,0.0,0.0
2018-04-23 00:00:00-04:00,38.649601140427386,39.244084741025674,38.42158088445626,39.081214904785156,1223600,0.0,0.0
2018-04-24 00:00:00-04:00,39.21965264266324,39.23594024666388,37.55021206438302,37.68865203857422,1935200,0.0,0.0
2018-04-25 00:00:00-04:00,37.49320001915386,38.112113323168494,36.809136311273356,38.07139587402344,1623200,0.0,0.0
2018-04-26 00:00:00-04:00,38.19355273550682,38.46229039500147,37.68050415905405,37.97367477416992,976600,0.0,0.0
2018-04-27 00:00:00-04:00,37.908521675907636,38.869468354306726,37.72121893100505,38.576297760009766,1546900,0.0,0.0
2018-04-30 00:00:00-04:00,38.360418988075594,39.47303730947162,38.360418988075594,38.999759674072266,3036200,0.91,0.0
2018-05-01 00:00:00-04:00,38.92503906571243,39.265466960632146,38.675946024837735,38.758975982666016,1798600,0.0,0.0
2018-05-02 00:00:00-04:00,38.551397807094936,39.539468238854994,38.551397807094936,39.381710052490234,2646400,0.0,0.0
2018-05-03 00:00:00-04:00,38.55138856593299,39.42321558113423,38.20265585941903,38.44344711303711,3503400,0.0,0.0
2018-05-04 00:00:00-04:00,38.26908867010606,38.69254649010487,37.920355905939736,38.219268798828125,1675600,0.0,0.0
2018-05-07 00:00:00-04:00,38.53478449205145,39.58097634596795,38.47666289835549,38.65102767944336,2274700,0.0,0.0
2018-05-08 00:00:00-04:00,38.5513962208861,39.40661678489019,37.729385738115084,39.3568000793457,2416800,0.0,0.0
2018-05-09 00:00:00-04:00,39.5477739501368,40.36978131628161,39.30698263383583,39.51456069946289,1852800,0.0,0.0
2018-05-10 00:00:00-04:00,39.805163544038855,40.153896295950105,39.53946390800624,39.91310501098633,1235900,0.0,0.0
2018-05-11 00:00:00-04:00,39.95462417602539,40.245235360998215,39.738744386876576,39.95462417602539,1004300,0.0,0.0
2018-05-14 00:00:00-04:00,40.15389030333745,40.65207625470138,40.045948852499286,40.56074142456055,1020100,0.0,0.0
2018-05-15 00:00:00-04:00,40.486014939299245,40.66868460736028,40.079163800749534,40.44449996948242,2113400,0.0,0.0
2018-05-16 00:00:00-04:00,40.56905236805861,40.60226561440587,40.08746979819178,40.34486770629883,1776200,0.0,0.0
2018-05-17 00:00:00-04:00,40.41960099902039,40.86797037880448,40.10408145390679,40.32826614379883,1732500,0.0,0.0
2018-05-18 00:00:00-04:00,40.3448651654056,40.386380137030336,39.87988924799629,40.13728713989258,1413500,0.0,0.0
2018-05-21 00:00:00-04:00,40.33656424401415,40.63547394611849,40.02934647959597,40.46110916137695,1552700,0.0,0.0
2018-05-22 00:00:00-04:00,40.63547176902162,41.092145943719764,40.27013559665231,40.2950439453125,2376800,0.0,0.0
2018-05-23 00:00:00-04:00,39.97123154925773,40.40299430302838,39.439832211506136,40.278446197509766,1797300,0.0,0.0
2018-05-24 00:00:00-04:00,39.69722750773122,39.962927158912116,38.60951738312902,39.265464782714844,2389600,0.0,0.0
2018-05-25 00:00:00-04:00,38.60951238239784,38.92503186507998,38.044899904920015,38.850303649902344,2122800,0.0,0.0
2018-05-29 00:00:00-04:00,38.451758418466845,39.124309261027555,38.451758418466845,38.70085144042969,1987900,0.0,0.0
2018-05-30 00:00:00-04:00,38.99976323365384,40.411291374090766,38.85860851917642,40.145591735839844,2329700,0.0,0.0
2018-05-31 00:00:00-04:00,39.755340627502456,40.519226169841254,39.680612418587664,40.378074645996094,2548300,0.0,0.0
2018-06-01 00:00:00-04:00,40.57735625119635,41.141968799530936,40.30335487275173,40.51093292236328,2393000,0.0,0.0
2018-06-04 00:00:00-04:00,40.75171771438309,40.91777759365039,40.104072149161794,40.44449996948242,1644800,0.0,0.0
2018-06-05 00:00:00-04:00,40.2950502752681,40.809846122635506,40.21202032176482,40.502628326416016,2237900,0.0,0.0
2018-06-06 00:00:00-04:00,40.59396794926171,40.94270076324131,40.27014665817426,40.49433135986328,1472600,0.0,0.0
2018-06-07 00:00:00-04:00,40.760021684491456,41.38275576818155,40.55244365659476,41.283119201660156,1824800,0.0,0.0
2018-06-08 00:00:00-04:00,41.274814750751894,41.316329723299894,40.49432249772561,40.942691802978516,1897900,0.0,0.0
2018-06-11 00:00:00-04:00,40.934386346773394,42.2213694824515,40.51923029220695,42.04700469970703,2476700,0.0,0.0
2018-06-12 00:00:00-04:00,41.507308501188085,41.681673303978805,40.38638512455554,40.502628326416016,2906700,0.0,0.0
2018-06-13 00:00:00-04:00,40.24522904140989,40.40298720226981,39.43152355256142,39.79685974121094,2780700,0.0,0.0
2018-06-14 00:00:00-04:00,40.11238218275599,40.48602012636706,39.78025604689107,40.286746978759766,1563600,0.0,0.0
2018-06-15 00:00:00-04:00,40.08746030135696,40.195401742719184,38.509869482271775,38.64271926879883,3634500,0.0,0.0
2018-06-18 00:00:00-04:00,38.53478959657469,39.664014710632365,38.53478959657469,39.3568000793457,1988600,0.0,0.0
2018-06-19 00:00:00-04:00,38.87521901526427,39.763652863057644,38.758975807872964,39.57268142700195,1907700,0.0,0.0
2018-06-20 00:00:00-04:00,40.004440713491455,40.43620342316002,39.788557774962385,40.286746978759766,2631600,0.0,0.0
2018-06-21 00:00:00-04:00,39.93802530101758,40.427909745282946,39.8466935973329,40.05427169799805,1575100,0.0,0.0
2018-06-22 00:00:00-04:00,41.29972836007381,42.071915757269096,40.69359769409212,41.058937072753906,2970000,0.0,0.0
2018-06-25 00:00:00-04:00,40.98420767953003,41.258209038302084,40.145590645571616,40.261837005615234,2693100,0.0,0.0
2018-06-26 00:00:00-04:00,40.427888679821905,40.826438045342954,39.69721642672771,40.69358825683594,2436000,0.0,0.0
2018-06-27 00:00:00-04:00,41.15856630489918,41.73978534852027,40.66868208965427,40.85965347290039,2864900,0.0,0.0
2018-06-28 00:00:00-04:00,41.100447301943056,41.7979095646716,40.560743191628546,41.68996810913086,1835300,0.0,0.0
2018-06-29 00:00:00-04:00,41.8975523116366,42.138343606705575,41.0921516418457,41.0921516418457,2497700,0.0,0.0
2018-07-02 00:00:00-04:00,40.8928680177191,41.0091111966725,39.87988631417252,40.07916259765625,2352900,0.0,0.0
2018-07-03 00:00:00-04:00,40.602260906729384,40.901170587028815,40.0874651502039,40.402984619140625,1046800,0.0,0.0
2018-07-05 00:00:00-04:00,40.486018302431866,40.66038625796977,40.23692529544985,40.35316848754883,1346100,0.0,0.0
2018-07-06 00:00:00-04:00,40.44450544586592,41.415972341544645,40.286747272245094,41.38275909423828,1484100,0.0,0.0
2018-07-09 00:00:00-04:00,41.67336455508648,42.17155373221285,41.54051474133066,42.03870391845703,1591100,0.0,0.0
2018-07-10 00:00:00-04:00,42.22136409859209,42.61161175368669,41.96396940471177,42.262882232666016,1937400,0.0,0.0
2018-07-11 00:00:00-04:00,41.87263878322243,42.428946360932045,41.49069598353619,41.92245864868164,1373500,0.0,0.0
2018-07-12 00:00:00-04:00,42.09682619271037,42.595012210479226,41.49900043747616,42.50367736816406,1864000,0.0,0.0
2018-07-13 00:00:00-04:00,42.69464662710513,43.62459845887292,42.53688846849293,43.39210891723633,2546500,0.0,0.0
2018-07-16 00:00:00-04:00,43.01846390289499,43.35889168070978,42.511973099158396,42.9105224609375,1661500,0.0,0.0
2018-07-17 00:00:00-04:00,42.744464391996225,42.96864902788056,42.395734847768914,42.84410095214844,1623200,0.0,0.0
2018-07-18 00:00:00-04:00,42.50367396986385,43.18452961782652,41.97227474876021,42.976951599121094,1826000,0.0,0.0
2018-07-19 00:00:00-04:00,43.91520776657409,44.205818910639316,43.23435207774266,43.425323486328125,2696100,0.0,0.0
2018-07-20 00:00:00-04:00,43.624602508520965,43.69933073109305,42.78598543661319,42.8690185546875,1775500,0.0,0.0
2018-07-23 00:00:00-04:00,43.03508488630744,43.33399463186911,42.82750682646777,43.159629821777344,1488600,0.0,0.0
2018-07-24 00:00:00-04:00,43.37550549091339,43.52495875489202,43.118107599693225,43.20113754272461,1893600,0.0,0.0
2018-07-25 00:00:00-04:00,43.17623429828466,43.8072701751466,42.935443000678404,43.66611862182617,1847100,0.0,0.0
2018-07-26 00:00:00-04:00,43.53326117319683,44.00653878980931,43.53326117319683,43.85708236694336,1427400,0.0,0.0
2018-07-27 00:00:00-04:00,43.68272330716907,43.79066477499328,42.520285014542445,42.545196533203125,1939600,0.0,0.0
2018-07-30 00:00:00-04:00,42.86901382517248,43.38380643088045,42.70295077473432,43.309078216552734,2211800,0.0,0.0
2018-07-31 00:00:00-04:00,43.402030099068156,43.74850255830732,42.818940021683915,43.15696334838867,1711500,0.91,0.0
2018-08-01 00:00:00-04:00,42.81894869514856,43.70625930157606,42.641487863315064,43.59640121459961,1380500,0.0,0.0
2018-08-02 00:00:00-04:00,43.42738500215259,44.01047513702834,43.14851847021044,43.87526321411133,1963400,0.0,0.0
2018-08-03 00:00:00-04:00,43.85836855029178,44.25554232378401,43.37668731803422,43.63020324707031,1690800,0.0,0.0
2018-08-06 00:00:00-04:00,43.8076581197299,44.7034177190913,43.62174495934954,44.69496536254883,2352800,0.0,0.0
2018-08-07 00:00:00-04:00,44.906234999217084,45.16820328448203,44.37384929467281,44.576663970947266,2289500,0.0,0.0
2018-08-08 00:00:00-04:00,44.22173737374778,45.00763569443239,44.21328501704831,44.940032958984375,2217100,0.0,0.0
2018-08-09 00:00:00-04:00,45.007648136146635,46.31748655450919,44.16259275585103,44.38230895996094,3031700,0.0,0.0
2018-08-10 00:00:00-04:00,44.36540358585786,45.79354589316243,44.17949038688881,45.616085052490234,2282900,0.0,0.0
2018-08-13 00:00:00-04:00,45.692134957983995,45.835796020006626,44.762575516208585,44.7963752746582,1428200,0.0,0.0
2018-08-14 00:00:00-04:00,45.11749459510017,45.59072664644956,45.092143971795075,45.18510055541992,1648300,0.0,0.0
2018-08-15 00:00:00-04:00,44.754123562766075,45.032993331993296,43.70625689788582,44.32314682006836,1519100,0.0,0.0
2018-08-16 00:00:00-04:00,44.61891592931245,45.176652257542735,44.492159577768696,44.72032165527344,1084700,0.0,0.0
2018-08-17 00:00:00-04:00,44.872431253652294,45.700588212711025,44.73722254630942,45.56537628173828,1159100,0.0,0.0
2018-08-20 00:00:00-04:00,45.56537429671753,45.9710036247051,45.52312218194416,45.81889343261719,1406500,0.0,0.0
2018-08-21 00:00:00-04:00,46.140020667014646,46.52874857668019,45.81890195609703,45.878055572509766,1759400,0.0,0.0
2018-08-22 00:00:00-04:00,46.14847009906468,47.15408473793722,46.07241499369583,47.07802963256836,1866100,0.0,0.0
2018-08-23 00:00:00-04:00,47.010427645172946,47.09493188644631,46.55409700558439,46.799163818359375,1322100,0.0,0.0
2018-08-24 00:00:00-04:00,46.98507017633745,47.24703846192327,46.63859765598456,47.04422378540039,1214800,0.0,0.0
2018-08-27 00:00:00-04:00,47.00197251649037,47.2808422987897,46.816062551920794,47.19633483886719,1340400,0.0,0.0
2018-08-28 00:00:00-04:00,47.15408016661137,47.67801349523211,46.689300444917336,46.875213623046875,1595100,0.0,0.0
2018-08-29 00:00:00-04:00,46.97662741191056,47.16254062196215,46.50339525161121,46.883670806884766,1463000,0.0,0.0
2018-08-30 00:00:00-04:00,46.883666145707316,46.934370622579536,46.241425556809425,46.7315559387207,1699300,0.0,0.0
2018-08-31 00:00:00-04:00,46.45269286885761,46.7400118121503,46.106220309913226,46.53719711303711,1591800,0.0,0.0
2018-09-04 00:00:00-04:00,46.59633864005672,46.76535030819878,45.70903141184773,45.962547302246094,1529400,0.0,0.0
2018-09-05 00:00:00-04:00,45.979460007990355,46.23297596023326,45.05834957672462,46.19917297363281,1122200,0.0,0.0
2018-09-06 00:00:00-04:00,46.19916915343393,46.37663320659671,45.51467646134165,45.582279205322266,1672300,0.0,0.0
2018-09-07 00:00:00-04:00,45.303415491739685,45.77664440019886,45.032998051582965,45.616085052490234,1146100,0.0,0.0
2018-09-10 00:00:00-04:00,45.67524242144985,46.20762821086916,45.658340927096646,45.70904541015625,1234500,0.0,0.0
2018-09-11 00:00:00-04:00,45.81044452525552,46.68085362855604,45.742841781253226,46.334381103515625,1989200,0.0,0.0
2018-09-12 00:00:00-04:00,46.52029526787077,47.11183464354719,46.12312145487267,46.95972442626953,2399100,0.0,0.0
2018-09-13 00:00:00-04:00,46.94281583446378,47.162531992254316,46.562540348772295,46.91746520996094,2065200,0.0,0.0
2018-09-14 00:00:00-04:00,46.88366247253772,46.88366247253772,45.88649707091878,46.587894439697266,1486600,0.0,0.0
2018-09-17 00:00:00-04:00,46.680848913575446,46.99351842321867,46.10621114126217,46.18226623535156,1755000,0.0,0.0
2018-09-18 00:00:00-04:00,47.13718122873642,47.948436725842676,46.96817275615134,47.19633483886719,2365700,0.0,0.0
2018-09-19 00:00:00-04:00,47.17943937404406,47.62731765554262,47.16253788105522,47.323097229003906,2337200,0.0,0.0
2018-09-20 00:00:00-04:00,47.41605283691648,47.41605283691648,46.630151159338745,46.69775390625,2396700,0.0,0.0
2018-09-21 00:00:00-04:00,47.0273220014441,47.18788132494961,46.5287393168821,46.75690460205078,4273400,0.0,0.0
2018-09-24 00:00:00-04:00,47.230134578893804,47.64421304499873,46.621693803761595,47.06112289428711,2864700,0.0,0.0
2018-09-25 00:00:00-04:00,47.34843679346021,47.7540628595251,47.15407450494762,47.42449188232422,2846700,0.0,0.0
2018-09-26 00:00:00-04:00,47.348452117288716,47.703377054731604,46.79071569299029,46.8076171875,1294700,0.0,0.0
2018-09-27 00:00:00-04:00,47.09493162848,47.72872310544907,46.95127377437614,47.65266799926758,1796700,0.0,0.0
2018-09-28 00:00:00-04:00,47.52591032267001,48.28645813980501,47.517457964644805,47.58506393432617,1301400,0.0,0.0
2018-10-01 00:00:00-04:00,47.8639258907009,48.95404786960441,47.737169545200565,48.66672897338867,1429200,0.0,0.0
2018-10-02 00:00:00-04:00,48.81038656449193,48.87799252732297,48.176595169284745,48.28645324707031,1726900,0.0,0.0
2018-10-03 00:00:00-04:00,48.94560360719027,50.035725766382036,48.18505573751693,49.33433151245117,2938900,0.0,0.0
2018-10-04 00:00:00-04:00,49.2920746792284,49.73150057599446,48.776590456770926,49.27517318725586,1002500,0.0,0.0
2018-10-05 00:00:00-04:00,49.224466595971,49.52868699114318,48.91179706699063,49.44417953491211,816900,0.0,0.0
2018-10-08 00:00:00-04:00,49.07235690125504,49.33432518281113,48.53152207035331,48.785037994384766,1186700,0.0,0.0
2018-10-09 00:00:00-04:00,48.97939730497594,49.427278741034506,48.6413771682176,49.03010177612305,1025300,0.0,0.0
2018-10-10 00:00:00-04:00,48.954057598769296,49.047014204788326,48.00759649168817,48.024497985839844,1633400,0.0,0.0
2018-10-11 00:00:00-04:00,47.86392579494961,48.02448834534381,46.21606751770381,46.72310256958008,3028100,0.0,0.0
2018-10-12 00:00:00-04:00,47.43295373445448,47.79632776248011,45.82734741417237,46.83296203613281,2218100,0.0,0.0
2018-10-15 00:00:00-04:00,46.90056429404811,47.23858766850218,46.51183966996679,46.782257080078125,665900,0.0,0.0
2018-10-16 00:00:00-04:00,47.204792431289455,48.36251735975507,46.816067743429514,47.87238693237305,1569500,0.0,0.0
2018-10-17 00:00:00-04:00,48.08365269180018,48.32871630346987,47.47521178309097,47.80478286743164,1135900,0.0,0.0
2018-10-18 00:00:00-04:00,47.601961456818884,48.36250921052542,47.26393808386278,47.72871780395508,1703000,0.0,0.0
2018-10-19 00:00:00-04:00,47.74562501917971,48.68363692914265,47.55971181940178,47.796329498291016,1053500,0.0,0.0
2018-10-22 00:00:00-04:00,47.80477214733383,48.01603594619022,47.12872863571933,47.52590560913086,2057200,0.0,0.0
2018-10-23 00:00:00-04:00,46.36818521307227,46.63015352677515,44.47526307263104,45.63298797607422,2425200,0.0,0.0
2018-10-24 00:00:00-04:00,45.72594242601529,45.92030475659519,43.41048950449399,43.520347595214844,2159400,0.0,0.0
2018-10-25 00:00:00-04:00,44.255540855299394,44.8048280363428,44.01047729208649,44.32314682006836,2484000,0.0,0.0
2018-10-26 00:00:00-04:00,43.79922075131817,44.035835219990155,42.57388983752467,43.46964645385742,1349600,0.0,0.0
2018-10-29 00:00:00-04:00,43.7062548456045,43.93442013054121,42.404869097578654,43.114715576171875,2049700,0.0,0.0
2018-10-30 00:00:00-04:00,42.88240776397409,43.26958906717212,41.99619533389827,43.06309127807617,1703100,0.91,0.0
2018-10-31 00:00:00-04:00,43.67398578063175,45.09364979879793,43.65678063615144,44.45695114135742,2333800,0.0,0.0
2018-11-01 00:00:00-04:00,44.52577074655078,45.38617211363389,44.086967493493525,45.257110595703125,1661000,0.0,0.0
2018-11-02 00:00:00-04:00,45.51523992813484,45.850795982570695,43.889078362361445,44.13859558105469,1733900,0.0,0.0
2018-11-05 00:00:00-05:00,44.499965604695,44.930166344780076,43.665375118635176,44.6634407043457,2557200,0.0,0.0
2018-11-06 00:00:00-05:00,44.637627348706886,44.973183383073454,44.069762533124006,44.439735412597656,1338000,0.0,0.0
2018-11-07 00:00:00-05:00,45.23130804676863,46.151937418796344,44.99899924043856,45.575469970703125,2597900,0.0,0.0
2018-11-08 00:00:00-05:00,45.56686310550593,47.382310813710525,44.6892531729163,44.9473762512207,2232600,0.0,0.0
2018-11-09 00:00:00-05:00,44.413919179421164,44.62901952859991,43.157733927938246,43.493289947509766,2644500,0.0,0.0
2018-11-12 00:00:00-05:00,43.648171294630565,43.74281599256992,42.478024633146674,42.607086181640625,2175200,0.0,0.0
2018-11-13 00:00:00-05:00,42.564061463708384,43.02007318921935,40.93790322230327,41.1443977355957,2784900,0.0,0.0
2018-11-14 00:00:00-05:00,41.89294933310007,42.19409183803934,39.94844331857441,40.163543701171875,2996000,0.0,0.0
2018-11-15 00:00:00-05:00,39.8365918874901,41.0067385435174,39.8365918874901,40.593746185302734,1729500,0.0,0.0
2018-11-16 00:00:00-05:00,40.70559305475051,41.32507985582036,40.16353923191476,40.86906814575195,2510400,0.0,0.0
2018-11-19 00:00:00-05:00,40.82605358957721,41.436937893163375,40.378644396449324,40.65397262573242,2315100,0.0,0.0
2018-11-20 00:00:00-05:00,40.15493889486524,40.3700392830713,38.287869100678925,38.58900833129883,3889200,0.0,0.0
2018-11-21 00:00:00-05:00,38.92456130698868,40.45607476942263,38.92456130698868,39.569862365722656,2285200,0.0,0.0
2018-11-23 00:00:00-05:00,38.39972378899372,38.86433815203362,38.13299811514899,38.20183181762695,1204800,0.0,0.0
2018-11-26 00:00:00-05:00,38.65783519650662,39.131055310463346,38.219028644128464,38.73527145385742,1775800,0.0,0.0
2018-11-27 00:00:00-05:00,38.6750495092514,39.079435997304216,38.28786816352307,38.812713623046875,3002000,0.0,0.0
2018-11-28 00:00:00-05:00,38.82131200587917,38.950373534588294,38.141597363568046,38.6578369140625,2482500,0.0,0.0
2018-11-29 00:00:00-05:00,38.46854579065326,39.39778087771783,38.38250696355655,38.898746490478516,2151000,0.0,0.0
2018-11-30 00:00:00-05:00,38.675047451221054,38.855730975555694,38.05555733102089,38.39971923828125,3311100,0.0,0.0
2018-12-03 00:00:00-05:00,39.38057939733103,40.335625644432845,39.234309426879136,40.11191940307617,2692300,0.0,0.0
2018-12-04 00:00:00-05:00,39.9140250915831,40.11191704287987,38.82131479185387,38.87294006347656,2439900,0.0,0.0
2018-12-06 00:00:00-05:00,38.22763818695877,38.22763818695877,36.40358796035121,37.54792022705078,3135300,0.0,0.0
2018-12-07 00:00:00-05:00,38.53738848384523,39.561265207116925,38.305079657790984,38.33089065551758,3219700,0.0,0.0
2018-12-10 00:00:00-05:00,37.926497150473075,37.926497150473075,36.25731625188997,36.94563674926758,3534200,0.0,0.0
2018-12-11 00:00:00-05:00,37.43607211602682,37.61675894620785,36.23151184712581,36.661712646484375,2377400,0.0,0.0
2018-12-12 00:00:00-05:00,37.1779511834413,37.9265029151517,36.627294701841606,37.38444900512695,2407000,0.0,0.0
2018-12-13 00:00:00-05:00,37.05749166062626,38.23624077493117,37.00586638999444,38.05555725097656,2122100,0.0,0.0
2018-12-14 00:00:00-05:00,37.63396338285668,37.63396338285668,36.050824477742424,36.31754684448242,3854500,0.0,0.0
2018-12-17 00:00:00-05:00,36.0164150719101,36.78217204668181,35.03555767581277,35.14740753173828,2478600,0.0,0.0
2018-12-18 00:00:00-05:00,35.052758914742554,35.4313343970553,33.46101415406555,33.61588668823242,3580000,0.0,0.0
2018-12-19 00:00:00-05:00,33.77075571449965,34.441867771397554,33.2975355902211,33.59867477416992,5207200,0.0,0.0
2018-12-20 00:00:00-05:00,32.738279516181244,33.90842619204504,31.7144028158862,32.81571578979492,6242700,0.0,0.0
2018-12-21 00:00:00-05:00,32.69526162376765,32.82432317988805,30.905624675234783,31.163747787475586,6340500,0.0,0.0
2018-12-24 00:00:00-05:00,30.62169498749594,31.00027053355476,29.27086465371542,29.34830093383789,1817800,0.0,0.0
2018-12-26 00:00:00-05:00,29.589211936545986,31.370243072509766,28.866474426142435,31.370243072509766,3320000,0.0,0.0
2018-12-27 00:00:00-05:00,30.72493859548309,30.93143641185832,29.245050159784444,30.518444061279297,3913000,0.0,0.0
2018-12-28 00:00:00-05:00,30.64750326315777,30.70773111099257,29.399920319689762,30.122657775878906,3128500,0.0,0.0
2018-12-31 00:00:00-05:00,30.22590429533266,31.112116751374785,30.03661492329605,30.991661071777344,3172000,0.0,0.0
2019-01-02 00:00:00-05:00,30.44100791701479,32.239247297194645,29.96778771847724,31.611154556274414,3183000,0.0,0.0
2019-01-03 00:00:00-05:00,31.80904343773797,32.979189963613585,31.602545640512982,32.153202056884766,2930100,0.0,0.0
2019-01-04 00:00:00-05:00,33.03942068885771,34.381645000417556,32.850131298387915,33.89982223510742,4336900,0.0,0.0
2019-01-07 00:00:00-05:00,33.93423468071985,35.43133476585912,33.93423468071985,35.293670654296875,3687800,0.0,0.0
2019-01-08 00:00:00-05:00,36.17988861728928,37.074707118320205,35.77550207488192,36.73915100097656,4160700,0.0,0.0
2019-01-09 00:00:00-05:00,37.35863195803713,38.04695579120814,37.01447332362291,37.67698287963867,3428100,0.0,0.0
2019-01-10 00:00:00-05:00,37.358631660357915,37.642565731604215,36.19709094493691,36.85099792480469,3923800,0.0,0.0
2019-01-11 00:00:00-05:00,36.429399048159446,36.7477466789683,36.00780087586837,36.20569610595703,3504100,0.0,0.0
2019-01-14 00:00:00-05:00,35.706661307882115,36.22290088139267,35.500163509175195,36.05082321166992,1989800,0.0,0.0
2019-01-15 00:00:00-05:00,36.162675343147754,36.868204336881995,36.07663650280802,36.610084533691406,1623400,0.0,0.0
2019-01-16 00:00:00-05:00,36.44660816836465,37.212364980385885,36.44660816836465,36.85099792480469,2172400,0.0,0.0
2019-01-17 00:00:00-05:00,36.49823187170422,37.21236672770122,36.49823187170422,36.773563385009766,1795700,0.0,0.0
2019-01-18 00:00:00-05:00,37.18655217285054,37.6167529030976,37.040282217837564,37.42746353149414,1887600,0.0,0.0
2019-01-22 00:00:00-05:00,37.03168445849635,37.21236800095323,36.17128288621998,36.36056900024414,1922500,0.0,0.0
2019-01-23 00:00:00-05:00,36.610074983086896,36.66170024312589,35.190414794804965,35.50876235961914,1609600,0.0,0.0
2019-01-24 00:00:00-05:00,35.44854204317384,35.69805926298605,34.98392445086926,35.50016403198242,3606800,0.0,0.0
2019-01-25 00:00:00-05:00,35.90455553995717,36.911227039223235,35.85293026645051,36.610084533691406,2354600,0.0,0.0
2019-01-28 00:00:00-05:00,35.844325649257186,36.584271449759065,35.74107839030868,36.53264617919922,1723000,0.0,0.0
2019-01-29 00:00:00-05:00,37.08330231807504,37.754417701509105,36.807974108214815,37.565128326416016,2690200,0.0,0.0
2019-01-30 00:00:00-05:00,37.951767410764674,38.19781032948578,37.609068485159135,37.9429817199707,3290300,0.91,0.0
2019-01-31 00:00:00-05:00,38.13630045282696,38.14508614362438,37.12577505720051,37.79359817504883,3193200,0.0,0.0
2019-02-01 00:00:00-05:00,37.855108807130556,38.47020768164512,37.36302635548144,38.32082748413086,1712700,0.0,0.0
2019-02-04 00:00:00-05:00,38.048425717245884,38.85684668147498,38.03085098410638,38.81290817260742,1435900,0.0,0.0
2019-02-05 00:00:00-05:00,38.68988673859067,39.09409887944306,38.15386913288339,38.59322738647461,1525600,0.0,0.0
2019-02-06 00:00:00-05:00,38.38233268036592,38.90956118037806,38.35597226097643,38.48777770996094,1587500,0.0,0.0
2019-02-07 00:00:00-05:00,38.16266441533177,38.35598315117475,37.12577849914526,37.53877639770508,2092000,0.0,0.0
2019-02-08 00:00:00-05:00,37.37181511489622,37.494834899902344,36.56339746940586,37.494834899902344,1918500,0.0,0.0
2019-02-11 00:00:00-05:00,37.143350755709896,37.38060463785591,36.730352884710776,37.345455169677734,3034100,0.0,0.0
2019-02-12 00:00:00-05:00,37.942978699429766,38.44384683575547,37.732085264748584,38.338401794433594,1832600,0.0,0.0
2019-02-13 00:00:00-05:00,38.49656713487277,39.27862420356952,38.39111875218952,39.0325813293457,1632300,0.0,0.0
2019-02-14 00:00:00-05:00,38.91834974847745,39.77949140911648,38.71624538086149,39.63010787963867,2519700,0.0,0.0
2019-02-15 00:00:00-05:00,39.99917600514648,40.34187490830054,39.761922144800415,39.990386962890625,2067500,0.0,0.0
2019-02-19 00:00:00-05:00,41.01848751644794,42.86379087189254,41.01848751644794,42.08173370361328,5120700,0.0,0.0
2019-02-20 00:00:00-05:00,40.666998748212755,41.3963350557931,38.47020748736224,39.44558334350586,6643500,0.0,0.0
2019-02-21 00:00:00-05:00,39.15561220816471,39.32256715246954,36.59854708160519,36.932456970214844,5001300,0.0,0.0
2019-02-22 00:00:00-05:00,37.301512002781486,37.398171343502256,36.77428014940555,36.80064392089844,2534600,0.0,0.0
2019-02-25 00:00:00-05:00,36.607333794698754,36.87094810697563,36.247060119111524,36.343719482421875,2821500,0.0,0.0
2019-02-26 00:00:00-05:00,36.33492462776627,36.49309386024231,35.40348731655997,35.438636779785156,2782600,0.0,0.0
2019-02-27 00:00:00-05:00,35.73739752599577,36.24705469185308,35.05199974629268,35.84284591674805,2779000,0.0,0.0
2019-02-28 00:00:00-05:00,36.01858779592719,36.14160755930713,35.341975745300346,35.35955047607422,2384900,0.0,0.0
2019-03-01 00:00:00-05:00,35.5265081698528,36.677627985322694,35.48257301549935,36.66005325317383,2482000,0.0,0.0
2019-03-04 00:00:00-05:00,36.703984152937046,36.87972810201667,36.02737212780457,36.52824020385742,2226100,0.0,0.0
2019-03-05 00:00:00-05:00,36.493092471728,36.668836429129804,36.088883716129885,36.185543060302734,2047900,0.0,0.0
2019-03-06 00:00:00-05:00,36.02736827550677,36.16796274932971,35.394691467285156,35.394691467285156,2075700,0.0,0.0
2019-03-07 00:00:00-05:00,35.40347752755627,35.64073131067004,35.078350110676446,35.22773361206055,2774600,0.0,0.0
2019-03-08 00:00:00-05:00,34.55113813234027,34.674157926026155,33.79544128308355,34.621437072753906,3018100,0.0,0.0
2019-03-11 00:00:00-04:00,34.928982942515994,35.50015004213948,34.73566422842109,35.447425842285156,2305000,0.0,0.0
2019-03-12 00:00:00-04:00,35.61437436742423,36.29098639288256,35.54407879898075,35.67588424682617,2106300,0.0,0.0
2019-03-13 00:00:00-04:00,35.97465518613049,36.220698105232835,35.60559583553353,35.83406066894531,1744300,0.0,0.0
2019-03-14 00:00:00-04:00,35.89557191377764,36.290995055778026,35.53529824040792,35.658321380615234,1509300,0.0,0.0
2019-03-15 00:00:00-04:00,35.45620348231916,35.5352880881251,34.9289750116375,35.18380355834961,2633500,0.0,0.0
2019-03-18 00:00:00-04:00,35.26289400591285,35.825272028348365,35.122299500303974,35.80769729614258,1648400,0.0,0.0
2019-03-19 00:00:00-04:00,35.95707709007598,36.009801286104235,35.51771884595264,35.68467712402344,1497600,0.0,0.0
2019-03-20 00:00:00-04:00,35.65832031838846,36.6600566802568,35.51772244805409,36.53703689575195,1583600,0.0,0.0
2019-03-21 00:00:00-04:00,36.370075551496136,37.03790197144321,36.299779974260225,36.914878845214844,2051300,0.0,0.0
2019-03-22 00:00:00-04:00,36.545823614653294,36.59854781751181,35.77255206625094,35.79012680053711,1423700,0.0,0.0
2019-03-25 00:00:00-04:00,35.64952553003398,35.85162990801099,35.12229700940153,35.614376068115234,1599900,0.0,0.0
2019-03-26 00:00:00-04:00,36.001014267613584,37.00275049092287,35.81648126434298,36.00979995727539,1485000,0.0,0.0
2019-03-27 00:00:00-04:00,36.01859369628149,36.28220799699899,35.64074530283925,35.83406066894531,1498100,0.0,0.0
2019-03-28 00:00:00-04:00,35.65832295984446,36.05374276731931,35.47378991737983,36.01859664916992,1832600,0.0,0.0
2019-03-29 00:00:00-04:00,36.59854336900186,36.98517742018921,36.13282134712088,36.51066970825195,1896900,0.0,0.0
2019-04-01 00:00:00-04:00,36.888517559101416,37.31030106875417,36.51066920319715,37.24000549316406,1558700,0.0,0.0
2019-04-02 00:00:00-04:00,37.310296387966176,37.48604033294942,37.011532687105735,37.12576675415039,1788700,0.0,0.0
2019-04-03 00:00:00-04:00,37.29271945568703,37.45088866162649,35.50014070843436,35.64952087402344,3145700,0.0,0.0
2019-04-04 00:00:00-04:00,35.62317152679056,35.75497700467359,34.82353956029747,35.37712860107422,2525100,0.0,0.0
2019-04-05 00:00:00-04:00,35.41227336793627,36.21190522826899,35.35076348268278,35.84284591674805,1694600,0.0,0.0
2019-04-08 00:00:00-04:00,35.84284555076289,36.027375204639156,35.192593889246155,35.438636779785156,1571800,0.0,0.0
2019-04-09 00:00:00-04:00,35.24532236979596,35.30683226190077,34.7093047225645,35.13987731933594,2112500,0.0,0.0
2019-04-10 00:00:00-04:00,35.24532335921373,35.289258518802285,34.45447707846844,34.53356170654297,2247600,0.0,0.0
2019-04-11 00:00:00-04:00,34.4808349247657,35.05199860524609,34.41053599988596,34.612640380859375,1571500,0.0,0.0
2019-04-12 00:00:00-04:00,35.08715012822419,35.30682925331849,34.849896270877856,35.24531936645508,2216200,0.0,0.0
2019-04-15 00:00:00-04:00,35.17501619658617,35.30682499656625,34.814742608949246,35.11350631713867,1703700,0.0,0.0
2019-04-16 00:00:00-04:00,35.148660512558166,35.18380997755972,34.515983550680126,34.80596160888672,1707100,0.0,0.0
2019-04-17 00:00:00-04:00,34.87625506942238,35.13987268889162,34.5862803808584,34.59506607055664,1613400,0.0,0.0
2019-04-18 00:00:00-04:00,34.57749601803553,34.59507075184746,34.032692678016836,34.56871032714844,2345300,0.0,0.0
2019-04-22 00:00:00-04:00,34.90261912621598,36.23826855770057,34.62143012506526,36.001014709472656,2461800,0.0,0.0
2019-04-23 00:00:00-04:00,36.01859070734226,36.44915991397536,35.623167613060644,35.94829177856445,2466700,0.0,0.0
2019-04-24 00:00:00-04:00,35.84284082313848,35.88677597035632,35.28924858249046,35.74618148803711,1737400,0.0,0.0
2019-04-25 00:00:00-04:00,35.816483911626776,35.88678284226626,35.210170719030025,35.350765228271484,1416400,0.0,0.0
2019-04-26 00:00:00-04:00,35.19259048672592,35.71982232801753,34.946550972012034,35.693458557128906,1465800,0.0,0.0
2019-04-29 00:00:00-04:00,35.790126208801844,36.77428784829098,35.728616315836135,36.51946258544922,3715400,0.0,0.0
2019-04-30 00:00:00-04:00,36.78897618223339,36.83389488081898,35.88160270625008,36.07026672363281,2089300,0.91,0.0
2019-05-01 00:00:00-04:00,36.070268852205416,36.528445088139534,35.79176742121662,35.81871795654297,1706300,0.0,0.0
2019-05-02 00:00:00-04:00,35.49529168706007,35.728874376425296,34.75861414751123,35.342567443847656,2973200,0.0,0.0
2019-05-03 00:00:00-04:00,35.52225178672142,36.1421380887681,35.50428362081144,35.81871795654297,1731300,0.0,0.0
2019-05-06 00:00:00-04:00,35.378513693652074,35.91754502064841,35.306641022277844,35.890594482421875,2598700,0.0,0.0
2019-05-07 00:00:00-04:00,35.39647606690556,36.92373238573446,34.345360696134954,36.65421676635742,7677500,0.0,0.0
2019-05-08 00:00:00-04:00,36.38469951375182,36.5194590309298,35.34256998574966,35.43240737915039,3063600,0.0,0.0
2019-05-09 00:00:00-04:00,35.08203683992564,35.28866558695627,34.201617359373735,34.632843017578125,2354400,0.0,0.0
2019-05-10 00:00:00-04:00,34.668774680456345,36.465549728052785,34.58791966623145,36.321807861328125,3385400,0.0,0.0
2019-05-13 00:00:00-04:00,35.95348167069939,36.69015942333851,35.74685287930819,36.33080291748047,3432700,0.0,0.0
2019-05-14 00:00:00-04:00,36.35774451554882,37.37291995918151,36.33977635366022,37.049503326416016,2365300,0.0,0.0
2019-05-15 00:00:00-04:00,37.17528413810315,37.84907491586756,36.95966958130461,37.67837905883789,2089500,0.0,0.0
2019-05-16 00:00:00-04:00,37.85806051480916,38.37014127543154,37.696350440183416,37.96586608886719,2446700,0.0,0.0
2019-05-17 00:00:00-04:00,37.73227789451136,38.25334432947995,37.55259969531265,37.88500213623047,1708200,0.0,0.0
2019-05-20 00:00:00-04:00,37.84908064097822,38.00180492870912,36.82491905219239,37.05849838256836,2348400,0.0,0.0
2019-05-21 00:00:00-04:00,37.2291796221703,38.244358534627885,36.923727711655474,37.88500213623047,1707200,0.0,0.0
2019-05-22 00:00:00-04:00,37.75024560805297,37.82211483063152,37.058486776967065,37.444793701171875,1545000,0.0,0.0
2019-05-23 00:00:00-04:00,36.806942372392164,36.806942372392164,35.40545643300293,36.03432846069336,2303700,0.0,0.0
2019-05-24 00:00:00-04:00,36.44758569936329,36.93271583972482,35.8366818397399,36.34876251220703,1999800,0.0,0.0
2019-05-28 00:00:00-04:00,36.35774963499347,36.59132891828212,35.31562008824997,35.387489318847656,2683800,0.0,0.0
2019-05-29 00:00:00-04:00,34.77657657966856,35.25272424780047,33.63562413275031,35.13593292236328,2885300,0.0,0.0
2019-05-30 00:00:00-04:00,35.234769153500615,35.576154035867184,34.8933808440567,35.07305908203125,1827700,0.0,0.0
2019-05-31 00:00:00-04:00,34.560972489608346,35.001180499807,34.34535795506846,34.55198669433594,2321400,0.0,0.0
2019-06-03 00:00:00-04:00,35.05508621437505,36.17807076726863,35.01016751767469,35.43240737915039,3426500,0.0,0.0
2019-06-04 00:00:00-04:00,35.68395584015211,36.81592268512847,35.48630947552264,36.627262115478516,2357000,0.0,0.0
2019-06-05 00:00:00-04:00,36.60031666105537,36.77999146064621,34.98321604812086,35.35155487060547,2600300,0.0,0.0
2019-06-06 00:00:00-04:00,35.32460686083114,35.701931506510014,34.7855755693783,35.10000991821289,2398600,0.0,0.0
2019-06-07 00:00:00-04:00,35.2706922700916,35.531225471490124,34.48909609297242,34.62385559082031,3019400,0.0,0.0
2019-06-10 00:00:00-04:00,34.7586094013942,34.99219205886486,33.95006274811218,34.56096649169922,2007000,0.0,0.0
2019-06-11 00:00:00-04:00,34.704717256834925,34.902360217268914,34.24653761798243,34.5699577331543,1992800,0.0,0.0
2019-06-12 00:00:00-04:00,34.29145665686534,34.560975706898994,33.03371594070899,33.21339416503906,2952400,0.0,0.0
2019-06-13 00:00:00-04:00,33.73445804241328,34.273492728132204,33.24034548414547,33.994991302490234,2454400,0.0,0.0
2019-06-14 00:00:00-04:00,33.950071367812534,34.04889456128867,32.57553588221808,32.872005462646484,2251900,0.0,0.0
2019-06-17 00:00:00-04:00,32.79114729540245,33.2583092571615,32.539599864869395,32.99777603149414,1712700,0.0,0.0
2019-06-18 00:00:00-04:00,33.20440441708316,34.10279200473418,33.20440441708316,33.770389556884766,2054500,0.0,0.0
2019-06-19 00:00:00-04:00,33.82429945180028,33.869218152946544,33.38408795558152,33.7075080871582,1326200,0.0,0.0
2019-06-20 00:00:00-04:00,34.36332902761926,34.713699677215594,34.18365080480453,34.64183044433594,1930000,0.0,0.0
2019-06-21 00:00:00-04:00,34.614868607586224,35.14491735939826,34.37230357603736,34.78556442260742,2083300,0.0,0.0
2019-06-24 00:00:00-04:00,34.920329791293774,35.03712115472447,33.5188471384342,33.60868453979492,2539100,0.0,0.0
2019-06-25 00:00:00-04:00,33.60868388654122,33.64462021721789,33.051684469361334,33.48291015625,2930400,0.0,0.0
2019-06-26 00:00:00-04:00,33.950064842028944,34.83946655820185,33.86920982900628,34.381290435791016,3692800,0.0,0.0
2019-06-27 00:00:00-04:00,34.282475855106384,34.722687353486116,34.19263845237284,34.435203552246094,1152300,0.0,0.0
2019-06-28 00:00:00-04:00,34.54300298929436,35.45935872824073,34.54300298929436,35.270694732666016,2103100,0.0,0.0
2019-07-01 00:00:00-04:00,35.773795802878524,36.17807092914448,35.51326256294303,35.917537689208984,2142400,0.0,0.0
2019-07-02 00:00:00-04:00,35.84567052944786,35.98042662793324,34.71370011053888,35.15391159057617,1936800,0.0,0.0
2019-07-03 00:00:00-04:00,35.18983424702205,35.66598191883716,35.00117370783219,35.621063232421875,982800,0.0,0.0
2019-07-05 00:00:00-04:00,35.62107538391897,36.21401115726811,35.288669451484054,36.16010665893555,2038300,0.0,0.0
2019-07-08 00:00:00-04:00,35.92652764203111,36.312831221744915,35.50428430272984,35.845672607421875,1205800,0.0,0.0
2019-07-09 00:00:00-04:00,35.8905873127928,36.555392254812695,35.486312184766156,36.40266799926758,2594600,0.0,0.0
2019-07-10 00:00:00-04:00,36.65421726682135,37.426831232774354,36.52844353786659,37.40886306762695,1795200,0.0,0.0
2019-07-11 00:00:00-04:00,37.507684401258786,38.064683784881574,37.26511932442058,37.6154899597168,1630300,0.0,0.0
2019-07-12 00:00:00-04:00,37.732283590947745,37.947898147952806,37.516669033942684,37.579559326171875,1134500,0.0,0.0
2019-07-15 00:00:00-04:00,37.507680657473344,37.57056751255328,36.85185814944216,36.98661422729492,1103400,0.0,0.0
2019-07-16 00:00:00-04:00,36.88780427113754,36.88780427113754,36.32181899802551,36.636253356933594,1090900,0.0,0.0
2019-07-17 00:00:00-04:00,36.708122291288944,36.708122291288944,35.55818712189919,35.594120025634766,2454200,0.0,0.0
2019-07-18 00:00:00-04:00,35.54021502629415,35.549197394465445,34.94727934176244,35.18085861206055,2048600,0.0,0.0
2019-07-19 00:00:00-04:00,35.25273267175292,35.70192649392212,34.92032677585235,35.67497253417969,1693700,0.0,0.0
2019-07-22 00:00:00-04:00,35.683953992251354,36.0792432739635,35.639031873833396,35.96245193481445,1439200,0.0,0.0
2019-07-23 00:00:00-04:00,35.92652659150086,36.17807405756194,35.11797626905137,35.54920196533203,1922700,0.0,0.0
2019-07-24 00:00:00-04:00,35.423423406739786,36.321811008377466,35.22577703771495,36.19603729248047,2123200,0.0,0.0
2019-07-25 00:00:00-04:00,36.465554475556544,36.80694273862711,36.08822988435711,36.13315200805664,1768800,0.0,0.0
2019-07-26 00:00:00-04:00,36.19603652569162,36.19603652569162,35.594115063265775,35.82769775390625,1350500,0.0,0.0
2019-07-29 00:00:00-04:00,35.836684733302576,35.85465289851604,34.88439596652831,35.15391159057617,2199900,0.0,0.0
2019-07-30 00:00:00-04:00,35.11711696617236,35.95411463053429,34.57444791947569,35.75176239013672,3126800,0.91,0.0
2019-07-31 00:00:00-04:00,35.77936272451774,36.257644158399614,35.2366936078361,35.78855895996094,2457400,0.0,0.0
2019-08-01 00:00:00-04:00,35.586199538178306,35.62299148990206,34.3445009912276,34.372093200683594,2869700,0.0,0.0
2019-08-02 00:00:00-04:00,34.40888708118786,34.81358804681362,33.72824997084008,34.16974639892578,2051500,0.0,0.0
2019-08-05 00:00:00-04:00,33.48910189319513,33.56268578451786,32.30258796066401,32.66130065917969,2019500,0.0,0.0
2019-08-06 00:00:00-04:00,32.85446893171988,33.240773979912184,32.08185532666089,32.69810485839844,2215100,0.0,0.0
2019-08-07 00:00:00-04:00,31.971475465196868,32.17382770828274,31.088489600470414,31.3828182220459,3788100,0.0,0.0
2019-08-08 00:00:00-04:00,34.344501022840475,34.362896998719286,31.98067250685498,33.0752067565918,6496100,0.0,0.0
2019-08-09 00:00:00-04:00,33.28675927282421,33.93060447235297,32.771685920140456,32.98323440551758,2882300,0.0,0.0
2019-08-12 00:00:00-04:00,32.67050542150393,32.946438039029886,32.440560988786714,32.57852554321289,2360800,0.0,0.0
2019-08-13 00:00:00-04:00,32.40377620015448,32.95564506586768,32.19222769633378,32.69810485839844,2045200,0.0,0.0
2019-08-14 00:00:00-04:00,32.03586288879326,32.16463122113636,30.398655996887513,30.84014892578125,3427900,0.0,0.0
2019-08-15 00:00:00-04:00,30.766567251823293,30.95052350841657,30.168710295063576,30.426250457763672,2688200,0.0,0.0
2019-08-16 00:00:00-04:00,30.58261574102057,31.438009484546072,30.380263476499696,31.346033096313477,1622900,0.0,0.0
2019-08-19 00:00:00-04:00,31.769124650582164,32.62451824748641,30.168709805468954,32.52334213256836,1940000,0.0,0.0
2019-08-20 00:00:00-04:00,32.44056208450229,32.79007861646638,32.19222166773889,32.67970275878906,2000200,0.0,0.0
2019-08-21 00:00:00-04:00,33.13039206507754,33.38792868967381,32.2014146543438,32.99242401123047,2417400,0.0,0.0
2019-08-22 00:00:00-04:00,33.07520677622159,33.15798691338854,32.28419735633157,32.39457321166992,2275700,0.0,0.0
2019-08-23 00:00:00-04:00,31.98987050778738,32.0358622043621,30.233095064052236,30.279083251953125,2642000,0.0,0.0
2019-08-26 00:00:00-04:00,30.702181975633668,30.84934627384013,30.14111699226101,30.3250732421875,1817100,0.0,0.0
2019-08-27 00:00:00-04:00,30.490636497698254,30.56421689965953,29.432890588697354,29.855987548828125,2120200,0.0,0.0
2019-08-28 00:00:00-04:00,30.59181197637411,31.548381852160045,30.481439608760134,31.346033096313477,2514000,0.0,0.0
2019-08-29 00:00:00-04:00,31.594358795711482,32.734884550502414,31.594358795711482,32.66130065917969,2034200,0.0,0.0
2019-08-30 00:00:00-04:00,32.909645583652555,33.42472236817245,32.69809712983373,33.22237014770508,3806100,0.0,0.0
2019-09-03 00:00:00-04:00,32.624528375740674,32.70730854012958,31.916298860118843,32.357791900634766,2404400,0.0,0.0
2019-09-04 00:00:00-04:00,32.92804294596924,33.627076005023575,32.83606657388647,33.38793182373047,1954800,0.0,0.0
2019-09-05 00:00:00-04:00,33.728253497311435,34.49167082916047,33.636277111903354,33.829429626464844,3224900,0.0,0.0
2019-09-06 00:00:00-04:00,33.599483081325886,34.510064678853375,33.075209997761995,34.491668701171875,3703900,0.0,0.0
2019-09-09 00:00:00-04:00,34.95154985292892,36.17485578194457,34.81358180530334,36.15645980834961,2702000,0.0,0.0
2019-09-10 00:00:00-04:00,36.14725863869226,36.75431170864258,35.687369843012526,35.99089813232422,4739200,0.0,0.0
2019-09-11 00:00:00-04:00,36.193253663475254,36.86469451982147,35.696576336772495,36.294429779052734,1815900,0.0,0.0
2019-09-12 00:00:00-04:00,35.67818274740267,36.37721235202758,35.36545814591085,36.12887191772461,1980000,0.0,0.0
2019-09-13 00:00:00-04:00,36.40481000184774,36.82790698255864,36.23924970353928,36.69913864135742,1613400,0.0,0.0
2019-09-16 00:00:00-04:00,37.618917347096804,39.98274625894863,37.46255328027773,39.798789978027344,5337300,0.0,0.0
2019-09-17 00:00:00-04:00,39.6700175909486,39.81718189895229,37.35217710838513,38.005218505859375,4240100,0.0,0.0
2019-09-18 00:00:00-04:00,37.62811544131741,38.400729052419656,37.38897472037656,38.29955291748047,2532200,0.0,0.0
2019-09-19 00:00:00-04:00,38.57548206426041,38.58468180768904,37.46255169923362,37.5913200378418,2121000,0.0,0.0
2019-09-20 00:00:00-04:00,37.70169195645273,38.603073740934775,37.39816361124592,38.1155891418457,2672600,0.0,0.0
2019-09-23 00:00:00-04:00,37.78447679732925,38.10639765017916,37.43496022232495,37.96842956542969,1616200,0.0,0.0
2019-09-24 00:00:00-04:00,37.71089108836082,37.848859166543924,36.800309491435065,37.14982604980469,1656300,0.0,0.0
2019-09-25 00:00:00-04:00,36.846295802269466,37.37976504198057,36.45079111189428,36.73591995239258,1851900,0.0,0.0
2019-09-26 00:00:00-04:00,36.53357495308941,36.910683706761304,36.17486217626417,36.57956314086914,1239300,0.0,0.0
2019-09-27 00:00:00-04:00,36.285228452116975,36.9290734992323,36.285228452116975,36.561161041259766,1191000,0.0,0.0
2019-09-30 00:00:00-04:00,36.56117041128079,37.06704753913601,36.55197417637759,36.94747543334961,1475800,0.0,0.0
2019-10-01 00:00:00-04:00,37.168223134096465,37.43495955523265,36.395609592350525,36.478389739990234,1880400,0.0,0.0
2019-10-02 00:00:00-04:00,36.33122318802377,36.45999151894794,35.34706122033324,35.77935791015625,2011000,0.0,0.0
2019-10-03 00:00:00-04:00,35.512623848332765,36.78191828157695,35.30107536090442,36.72673034667969,1727800,0.0,0.0
2019-10-04 00:00:00-04:00,36.84629730486895,37.333778381347656,36.65314131404419,37.333778381347656,1153200,0.0,0.0
2019-10-07 00:00:00-04:00,36.837099313763964,37.159023641325895,36.193254167313874,36.26683807373047,1911100,0.0,0.0
2019-10-08 00:00:00-04:00,35.78856052043752,35.871340677733116,34.786002397046204,34.841190338134766,1963300,0.0,0.0
2019-10-09 00:00:00-04:00,35.26427851443373,35.43903502103153,34.73080574375578,35.080322265625,1453200,0.0,0.0
2019-10-10 00:00:00-04:00,35.153909826651685,35.779359032479974,35.153909826651685,35.60459899902344,1153000,0.0,0.0
2019-10-11 00:00:00-04:00,36.15646521945286,36.524374220392914,35.751760757142954,36.294429779052734,1255200,0.0,0.0
2019-10-14 00:00:00-04:00,35.852936718206124,36.00010101968266,35.08952300075711,35.365455627441406,1256300,0.0,0.0
2019-10-15 00:00:00-04:00,35.35625666223973,36.34961835054965,35.080324029489354,35.7425651550293,1267000,0.0,0.0
2019-10-16 00:00:00-04:00,35.613797121821605,36.19325460279234,35.52181723769416,35.806949615478516,1039400,0.0,0.0
2019-10-17 00:00:00-04:00,35.91733141659739,35.990915343257214,35.485038127832546,35.85294723510742,1647700,0.0,0.0
2019-10-18 00:00:00-04:00,35.797750138427645,36.772715865372085,35.68737778532932,36.21165084838867,1262500,0.0,0.0
2019-10-21 00:00:00-04:00,36.30362821975711,36.66234097399697,36.01849585959726,36.220848083496094,1279100,0.0,0.0
2019-10-22 00:00:00-04:00,36.377212862221036,37.499342949548584,35.99090785366999,36.87389373779297,1888600,0.0,0.0
2019-10-23 00:00:00-04:00,36.7819174020938,37.64650730943328,36.33122471622782,37.306190490722656,1402700,0.0,0.0
2019-10-24 00:00:00-04:00,37.52693277337472,37.692493054694104,37.21420818740186,37.47174835205078,1044900,0.0,0.0
2019-10-25 00:00:00-04:00,37.26939919132135,37.83966048030361,37.076246683409074,37.5913200378418,1281400,0.0,0.0
2019-10-28 00:00:00-04:00,37.867254078329324,38.29955080976117,37.609717391692925,37.75688171386719,1084700,0.0,0.0
2019-10-29 00:00:00-04:00,37.554536553912484,38.253566273897036,37.214216175553005,37.784481048583984,1084900,0.0,0.0
2019-10-30 00:00:00-04:00,37.86724867480978,37.98682076597455,36.97506663398446,37.00265884399414,1689500,0.0,0.0
2019-10-31 00:00:00-04:00,36.90855848386498,37.06853775886194,35.76045840729133,36.58859634399414,1995700,0.91,0.0
2019-11-01 00:00:00-04:00,36.89914181019753,37.77433216840892,36.72974989635812,37.74610137939453,1382900,0.0,0.0
2019-11-04 00:00:00-05:00,38.3013320426385,38.950665359963885,37.81197799296324,38.536598205566406,2022600,0.0,0.0
2019-11-05 00:00:00-05:00,38.53660263436058,38.82833041239668,37.49202017653243,38.21664047241211,2182500,0.0,0.0
2019-11-06 00:00:00-05:00,37.962543032118134,38.41425357273832,37.0403002296174,37.14381790161133,1998200,0.0,0.0
2019-11-07 00:00:00-05:00,38.08489145849072,39.10123951847833,37.31321865316845,37.47319793701172,3069900,0.0,0.0
2019-11-08 00:00:00-05:00,37.2943931011513,37.91549562683078,36.70152136622374,37.54848098754883,2895500,0.0,0.0
2019-11-11 00:00:00-05:00,36.95561041594975,37.17205486157369,36.49448714318441,36.88973617553711,1828000,0.0,0.0
2019-11-12 00:00:00-05:00,36.80504285795378,37.05913077062512,36.20276199378932,36.52272415161133,2055900,0.0,0.0
2019-11-13 00:00:00-05:00,36.230989860648606,36.616826232452645,35.86397521306389,36.07101058959961,1633800,0.0,0.0
2019-11-14 00:00:00-05:00,36.12747251911359,36.456847311297665,35.73222707634494,35.78868865966797,2196400,0.0,0.0
2019-11-15 00:00:00-05:00,36.08041600780038,36.993249795796096,36.005129118537184,36.94619369506836,1495300,0.0,0.0
2019-11-18 00:00:00-05:00,36.635646559283714,37.0120738495585,36.306275372700796,36.72975158691406,1287200,0.0,0.0
2019-11-19 00:00:00-05:00,36.53213241945418,36.62623745621496,34.60295044684172,34.92291259765625,2309300,0.0,0.0
2019-11-20 00:00:00-05:00,35.00760854868686,36.212170250015205,34.86644740374124,35.892208099365234,2546900,0.0,0.0
2019-11-21 00:00:00-05:00,35.769870074578655,36.296867634398524,35.52519481565915,36.22158432006836,1689600,0.0,0.0
2019-11-22 00:00:00-05:00,36.2121693829136,36.56036231826439,35.308748128549794,35.31815719604492,2016600,0.0,0.0
2019-11-25 00:00:00-05:00,35.346394730875616,35.90162309941018,35.214642645054084,35.713409423828125,1449300,0.0,0.0
2019-11-26 00:00:00-05:00,35.741635801536816,35.87338428119878,34.88526709385719,35.007606506347656,1230900,0.0,0.0
2019-11-27 00:00:00-05:00,35.24287325106038,35.28992576744159,34.25475604754739,34.72528839111328,1802600,0.0,0.0
2019-11-29 00:00:00-05:00,34.40532483466713,34.76292681631469,34.235932910780704,34.37709045410156,1122100,0.0,0.0
2019-12-02 00:00:00-05:00,34.61235661617973,34.8476227782579,34.17005867258896,34.37709045410156,1856000,0.0,0.0
2019-12-03 00:00:00-05:00,33.87832643684017,34.24534106552568,33.181937036092734,33.821861267089844,1492600,0.0,0.0
2019-12-04 00:00:00-05:00,34.198283685079424,34.386497300916425,33.26662826111814,33.28544998168945,2088200,0.0,0.0
2019-12-05 00:00:00-05:00,33.55836957485817,33.55836957485817,32.88080179128853,33.14430236816406,2547700,0.0,0.0
2019-12-06 00:00:00-05:00,33.21958273158396,34.141825694015964,33.05960345794229,33.71834945678711,2416300,0.0,0.0
2019-12-09 00:00:00-05:00,33.50190031488949,34.358269008183875,33.45484780006872,34.24534225463867,2158300,0.0,0.0
2019-12-10 00:00:00-05:00,34.41473126430521,34.979368574072346,34.301804520327074,34.894676208496094,1967400,0.0,0.0
2019-12-11 00:00:00-05:00,35.03584559371236,35.0546673223889,34.37709944954428,34.687652587890625,1705700,0.0,0.0
2019-12-12 00:00:00-05:00,34.69705345723472,35.346390378543695,34.69705345723472,34.96996307373047,1703800,0.0,0.0
2019-12-13 00:00:00-05:00,35.148766121832956,35.25228381619605,34.631181239894545,34.92291259765625,1791000,0.0,0.0
2019-12-16 00:00:00-05:00,35.20522664072687,35.68516800852157,34.95113876723206,35.29933166503906,2029900,0.0,0.0
2019-12-17 00:00:00-05:00,35.51578085995731,36.183935888399944,35.49695913649568,35.76045608520508,5295900,0.0,0.0
2019-12-18 00:00:00-05:00,35.82633096823301,36.78621734281994,35.77927845366906,36.390968322753906,3760100,0.0,0.0
2019-12-19 00:00:00-05:00,36.49448893224689,37.03089553897561,36.174526781752824,36.86150360107422,3310700,0.0,0.0
2019-12-20 00:00:00-05:00,36.99325676469826,37.59553763275748,36.72975619251449,37.379093170166016,4219000,0.0,0.0
2019-12-23 00:00:00-05:00,37.2849796410223,38.21663520440765,37.2849796410223,37.90608215332031,2342700,0.0,0.0
2019-12-24 00:00:00-05:00,38.00959420560756,38.084881088005325,37.64257962860881,37.93431091308594,931000,0.0,0.0
2019-12-26 00:00:00-05:00,38.10370785873412,38.74362849454722,38.037830032966795,38.30133056640625,1533100,0.0,0.0
2019-12-27 00:00:00-05:00,38.461315730430506,38.461315730430506,37.90608737851632,38.21664047241211,1276100,0.0,0.0
2019-12-30 00:00:00-05:00,38.29191876430688,38.69657684516535,37.74610314190871,37.8307991027832,1353200,0.0,0.0
2019-12-31 00:00:00-05:00,37.49202357553317,38.4707318760901,37.49202357553317,38.42367935180664,2188500,0.0,0.0
2020-01-02 00:00:00-05:00,38.53660263436058,38.72481630430859,37.849625790445934,38.21664047241211,1620900,0.0,0.0
2020-01-03 00:00:00-05:00,38.59305922811583,38.81891632080078,38.188404736427984,38.81891632080078,3365300,0.0,0.0
2020-01-06 00:00:00-05:00,38.75304296842107,39.64705511299112,38.67775607251434,39.392967224121094,2325100,0.0,0.0
2020-01-07 00:00:00-05:00,39.23298231708052,39.543535361668006,38.98830709791062,39.496482849121094,1393500,0.0,0.0
2020-01-08 00:00:00-05:00,39.3835607117689,39.3835607117689,37.115594671946916,37.25675582885742,3570400,0.0,0.0
2020-01-09 00:00:00-05:00,37.190878321533674,37.99078190094562,36.82386365357109,37.98137283325195,2478300,0.0,0.0
2020-01-10 00:00:00-05:00,37.642588375420075,37.934319727685285,37.284982780688026,37.31321716308594,2112800,0.0,0.0
2020-01-13 00:00:00-05:00,37.313214284945374,37.81197739368716,36.71092990189897,37.793155670166016,1894100,0.0,0.0
2020-01-14 00:00:00-05:00,38.0190133873629,38.762451734344076,37.81197801510454,38.480133056640625,1843500,0.0,0.0
2020-01-15 00:00:00-05:00,38.4707318760901,38.75305061166835,38.27310553029558,38.42367935180664,1412100,0.0,0.0
2020-01-16 00:00:00-05:00,38.80950523156834,39.2800375260885,38.611878939563724,38.82832336425781,1501400,0.0,0.0
2020-01-17 00:00:00-05:00,38.913023135764455,39.11064944714367,38.58365193326054,38.84714889526367,1467700,0.0,0.0
2020-01-21 00:00:00-05:00,38.47072333542757,38.705989494492286,37.77433392505027,37.8496208190918,2069500,0.0,0.0
2020-01-22 00:00:00-05:00,37.849624122875184,38.113121095267005,36.946199264903065,37.0308952331543,1933000,0.0,0.0
2020-01-23 00:00:00-05:00,36.645055060423594,37.14382175081996,35.92043487125011,37.049713134765625,2922800,0.0,0.0
2020-01-24 00:00:00-05:00,36.85209362221526,37.00266383108518,35.920437986792166,36.40038299560547,1356500,0.0,0.0
2020-01-27 00:00:00-05:00,35.46872356759526,35.9204341459047,35.139352392747725,35.33697509765625,1586200,0.0,0.0
2020-01-28 00:00:00-05:00,35.68516865355012,36.24039692273188,35.365210129154605,36.005130767822266,1308300,0.0,0.0
2020-01-29 00:00:00-05:00,36.26863364897932,36.3439169566853,35.74163613553001,35.80751037597656,1308400,0.0,0.0
2020-01-30 00:00:00-05:00,35.325446852757295,35.79786848318262,35.132621622423784,35.69181442260742,1846000,0.91,0.0
2020-01-31 00:00:00-05:00,35.238680859072424,35.315812433669535,34.660208760937735,35.19047546386719,1714600,0.0,0.0
2020-02-03 00:00:00-05:00,35.08442258520521,35.576127195454724,34.9590856111249,35.24832534790039,1375800,0.0,0.0
2020-02-04 00:00:00-05:00,35.952127389526424,36.54988228449104,35.8653562210771,36.23172378540039,1779000,0.0,0.0
2020-02-05 00:00:00-05:00,36.839121637442844,37.74539918541929,36.839121637442844,36.974098205566406,2410500,0.0,0.0
2020-02-06 00:00:00-05:00,36.925888138708856,37.16691874493781,36.52095848560509,36.54988098144531,1411500,0.0,0.0
2020-02-07 00:00:00-05:00,36.20279932701523,36.405264170383774,35.83643174532298,35.94248580932617,1094800,0.0,0.0
2020-02-10 00:00:00-05:00,35.57612303094839,35.85571577108727,33.91783109298733,34.091373443603516,2626400,0.0,0.0
2020-02-11 00:00:00-05:00,34.56378913872993,35.460423331622685,34.56378913872993,34.93015670776367,1748300,0.0,0.0
2020-02-12 00:00:00-05:00,35.5471957046267,35.86535789641461,35.113339842113874,35.55683898925781,1603500,0.0,0.0
2020-02-13 00:00:00-05:00,35.3736499025075,35.99069133435229,34.96872025562683,35.20010757446289,1617600,0.0,0.0
2020-02-14 00:00:00-05:00,35.46043227156636,35.69182334135412,35.1326304014382,35.56648635864258,1631700,0.0,0.0
2020-02-18 00:00:00-05:00,35.306172257638636,35.720745313023265,35.24832724943181,35.53756332397461,1725200,0.0,0.0
2020-02-19 00:00:00-05:00,35.67253018488841,35.93284368433458,35.11333740581844,35.624324798583984,2485300,0.0,0.0
2020-02-20 00:00:00-05:00,38.285307709883725,38.728803224900915,37.49472746908408,38.034637451171875,5043300,0.0,0.0
2020-02-21 00:00:00-05:00,37.9575036649932,38.410642439222165,37.39831449992197,37.735755920410156,3776600,0.0,0.0
2020-02-24 00:00:00-05:00,36.24135914519766,36.76198609488962,35.21938813408029,36.40525817871094,2506800,0.0,0.0
2020-02-25 00:00:00-05:00,36.636654504979106,36.87768512672238,34.23598789416842,34.3902473449707,2457000,0.0,0.0
2020-02-26 00:00:00-05:00,34.708406817129415,35.0844139691947,33.185091641461206,33.493614196777344,3200100,0.0,0.0
2020-02-27 00:00:00-05:00,32.52949539480615,32.87657641210957,30.620531410459655,31.112234115600586,4686900,0.0,0.0
2020-02-28 00:00:00-05:00,29.74317886228743,31.25684902205607,28.88510860501275,31.23756980895996,3736300,0.0,0.0
2020-03-02 00:00:00-05:00,31.796763201433485,32.77052909604892,30.948334275774037,32.693397521972656,2976300,0.0,0.0
2020-03-03 00:00:00-05:00,33.050118941647,33.7924937263737,31.227927959970355,31.88353157043457,2998200,0.0,0.0
2020-03-04 00:00:00-05:00,32.8187277802284,32.96334393529678,31.671419756376253,32.74159622192383,2388200,0.0,0.0
2020-03-05 00:00:00-05:00,31.6135750374609,32.172764128639336,30.81335166342458,31.3339786529541,2258300,0.0,0.0
2020-03-06 00:00:00-05:00,30.061338964028504,30.090261461274302,26.51336797368653,26.86045265197754,4463000,0.0,0.0
2020-03-09 00:00:00-04:00,20.584015961085644,20.584015961085644,12.321485423226024,12.649287223815918,14856900,0.0,0.0
2020-03-10 00:00:00-04:00,15.425958948194927,15.474164334340992,10.778889109278023,13.642332077026367,11968000,0.0,0.0
2020-03-11 00:00:00-04:00,13.112066473188124,14.490761034039071,12.225073692501105,13.931570053100586,6876700,0.0,0.0
2020-03-12 00:00:00-04:00,12.610722865612672,12.639646284630162,10.23898135862356,10.72104263305664,6777500,0.0,0.0
2020-03-13 00:00:00-04:00,11.926196297063605,12.167226943939085,9.593019561752257,12.032249450683594,8029200,0.0,0.0
2020-03-16 00:00:00-04:00,10.44144702487703,11.52126415833197,9.18808754015756,9.477324485778809,5371000,0.0,0.0
2020-03-17 00:00:00-04:00,9.506247205281069,9.602659819882922,6.681368539006914,6.95132303237915,8110100,0.0,0.0
2020-03-18 00:00:00-04:00,6.170383383329973,6.247513100915573,3.528688027511569,4.560298919677734,12363700,0.0,0.0
2020-03-19 00:00:00-04:00,4.608505837130692,6.700651314477612,4.396398625776986,6.16074275970459,12669700,0.0,0.0
2020-03-20 00:00:00-04:00,6.353567500360257,7.385178293838138,6.266796327178215,7.038094520568848,10565100,0.0,0.0
2020-03-23 00:00:00-04:00,6.970605230192521,7.230918269505545,5.312314842666853,6.845269203186035,6707500,0.0,0.0
2020-03-24 00:00:00-04:00,7.539438772424716,7.809393298227191,6.604239608490988,7.732263565063477,6001900,0.0,0.0
2020-03-25 00:00:00-04:00,7.857598431356308,9.159164244396173,6.82598759489854,7.8865227699279785,6051700,0.0,0.0
2020-03-26 00:00:00-04:00,7.876880579973968,8.339658919916507,7.250200888374325,7.375536918640137,6119200,0.0,0.0
2020-03-27 00:00:00-04:00,7.03809422136694,7.134506376509757,6.276437506144555,6.739215850830078,7465700,0.0,0.0
2020-03-30 00:00:00-04:00,6.4981853800986995,6.4981853800986995,5.061643086652276,6.247513771057129,12807700,0.0,0.0
2020-03-31 00:00:00-04:00,6.488544133763069,6.835628345924838,5.987200476075808,6.662086009979248,10280900,0.0,0.0
2020-04-01 00:00:00-04:00,6.18966701858079,6.218590438445483,5.302674174086046,5.67868185043335,7578000,0.0,0.0
2020-04-02 00:00:00-04:00,5.794376183068189,6.86455177856249,5.775093292601837,6.093254089355469,8426900,0.0,0.0
2020-04-03 00:00:00-04:00,6.517469241320447,6.671728715997547,5.4569339737268905,6.102896213531494,6516500,0.0,0.0
2020-04-06 00:00:00-04:00,6.4692617982875555,7.549078852317668,6.064330288093909,6.95132303237915,6954400,0.0,0.0
2020-04-07 00:00:00-04:00,7.606926825708987,8.609614705264724,7.37553763331652,7.578003406524658,8605600,0.0,0.0
2020-04-08 00:00:00-04:00,7.77082830489568,8.185400384023843,7.4526674711906535,7.703339099884033,8020300,0.0,0.0
2020-04-09 00:00:00-04:00,8.445713946237223,9.31342389272424,7.8093931962188865,8.301095008850098,8643400,0.0,0.0
2020-04-13 00:00:00-04:00,8.831361388581058,8.918132555149981,7.915445255997957,8.243247032165527,6772800,0.0,0.0
2020-04-14 00:00:00-04:00,7.925085481649779,8.580688013651088,7.770826062355353,8.368581771850586,5382100,0.0,0.0
2020-04-15 00:00:00-04:00,7.857598563695344,8.021499473859594,7.375537739284998,7.703339099884033,4751600,0.0,0.0
2020-04-16 00:00:00-04:00,7.664773479571832,7.67441492497587,7.250200981516015,7.404460430145264,3675000,0.0,0.0
2020-04-17 00:00:00-04:00,7.616567706163569,7.925087066166119,7.414101947994618,7.645491123199463,9190200,0.0,0.0
2020-04-20 00:00:00-04:00,7.06701816510125,8.002217289057004,6.941682124203352,7.597285747528076,8343100,0.0,0.0
2020-04-21 00:00:00-04:00,7.115224648326098,7.664774216789605,6.9995300507263565,7.55872106552124,8309100,0.0,0.0
2020-04-22 00:00:00-04:00,8.031140711634357,8.127553333741943,7.414102412684861,8.002217292785645,7614400,0.0,0.0
2020-04-23 00:00:00-04:00,8.36858346173138,9.004904154543425,8.291453736509245,8.927774429321289,7322000,0.0,0.0
2020-04-24 00:00:00-04:00,9.082035118339673,9.593019847487229,8.812081043246868,9.371272087097168,6222700,0.0,0.0
2020-04-27 00:00:00-04:00,9.17844633784777,9.718354405098323,8.76387338232911,9.679789543151855,5171300,0.0,0.0
2020-04-28 00:00:00-04:00,10.065438877509871,10.518576727158914,9.583377609211414,10.190774917602539,5994000,0.0,0.0
2020-04-29 00:00:00-04:00,10.769248309747026,11.85870683609776,10.489652823831092,11.781577110290527,5356300,0.0,0.0
2020-04-30 00:00:00-04:00,12.1704071245283,12.734211832644013,11.2080499812559,12.59812068939209,6994600,0.1,0.0
2020-05-01 00:00:00-04:00,12.150967123431696,12.355103408187158,11.178889753557161,11.480234146118164,4932200,0.0,0.0
2020-05-04 00:00:00-04:00,10.73173486474276,12.10236390224637,10.702572801212657,11.626046180725098,4565200,0.0,0.0
2020-05-05 00:00:00-04:00,12.520356183366488,12.520356183366488,11.830181238582355,12.102362632751465,4276400,0.0,0.0
2020-05-06 00:00:00-04:00,11.96627296524223,12.325941484883613,11.276097987810049,11.33442211151123,3580800,0.0,0.0
2020-05-07 00:00:00-04:00,12.08292304619276,13.550759296731073,11.75241656360622,13.045279502868652,6504700,0.0,0.0
2020-05-08 00:00:00-04:00,13.424388125155346,13.706290509362757,12.96751152763121,13.414667129516602,6399500,0.0,0.0
2020-05-11 00:00:00-04:00,13.278575770740751,13.414666926487952,12.773096056763576,13.006394386291504,5590300,0.0,0.0
2020-05-12 00:00:00-04:00,13.200808973652775,14.804736064461906,13.10360087788763,14.017354011535645,6122000,0.0,0.0
2020-05-13 00:00:00-04:00,13.725731696299308,14.143725242050381,13.04527775527199,13.686848640441895,6336100,0.0,0.0
2020-05-14 00:00:00-04:00,13.336899925437127,14.503392422173691,12.724491156065284,13.79377555847168,5232200,0.0,0.0
2020-05-15 00:00:00-04:00,13.793775993349453,14.882503346809429,13.618802715901879,14.610321044921875,3867800,0.0,0.0
2020-05-18 00:00:00-04:00,16.06843938564244,17.264094090288626,15.883744168587125,16.95302963256836,5714900,0.0,0.0
2020-05-19 00:00:00-04:00,16.982189844950632,17.234930166653264,16.03927552690223,16.253131866455078,5763900,0.0,0.0
2020-05-20 00:00:00-04:00,16.76833411341253,17.46822913067373,16.593359895574633,16.875263214111328,4907200,0.0,0.0
2020-05-21 00:00:00-04:00,17.030795454581792,17.273814789764444,16.554477780114645,16.826658248901367,4452900,0.0,0.0
2020-05-22 00:00:00-04:00,16.603082471736446,17.584880900981357,16.175367882322,17.536277770996094,3416300,0.0,0.0
2020-05-26 00:00:00-04:00,18.67360552219186,18.89718472801043,17.66264601423969,17.769575119018555,3669600,0.0,0.0
2020-05-27 00:00:00-04:00,17.78901245396502,18.19728496212603,17.059954536112517,17.905662536621094,4479900,0.0,0.0
2020-05-28 00:00:00-04:00,18.032033762217903,18.33337907000366,17.13772254284967,17.808456420898438,4370300,0.0,0.0
2020-05-29 00:00:00-04:00,17.419625862797393,17.81817742057172,16.84610008861671,17.39046287536621,16923000,0.0,0.0
2020-06-01 00:00:00-04:00,17.312698304993567,17.96399024957679,16.962751695101915,17.779296875,4885900,0.0,0.0
2020-06-02 00:00:00-04:00,18.090360676491798,18.85830084432147,17.818178341996596,18.829139709472656,4336500,0.0,0.0
2020-06-03 00:00:00-04:00,19.44154842797476,20.092840374475532,19.09159996296224,19.89842414855957,5412400,0.0,0.0
2020-06-04 00:00:00-04:00,20.180323602963785,21.52178937025913,19.985907414502346,21.2982120513916,5261500,0.0,0.0
2020-06-05 00:00:00-04:00,23.19376603684448,23.718686838832696,22.493869162072997,22.756330490112305,4203100,0.0,0.0
2020-06-08 00:00:00-04:00,24.146400053623534,25.4392627763216,23.708964531094367,25.41982078552246,4715100,0.0,0.0
2020-06-09 00:00:00-04:00,24.214445323305863,24.389419533444613,23.35901811762679,23.55343246459961,4973700,0.0,0.0
2020-06-10 00:00:00-04:00,23.04795027225863,23.203484335084248,21.628718404025204,22.280010223388672,4292500,0.0,0.0
2020-06-11 00:00:00-04:00,20.05395218803017,20.41362157442688,18.090357617122386,18.984668731689453,4633700,0.0,0.0
2020-06-12 00:00:00-04:00,20.67608273517595,20.685803729782513,18.2750508359687,19.08187484741211,5819100,0.0,0.0
2020-06-15 00:00:00-04:00,17.468228739675553,21.570396208884627,17.1474432988498,21.346817016601562,3841500,0.0,0.0
2020-06-16 00:00:00-04:00,22.85353875941325,22.89242088935161,20.90938405614465,22.19252586364746,3932500,0.0,0.0
2020-06-17 00:00:00-04:00,21.96894887842104,22.056435989831648,20.59831993844207,20.646923065185547,2549800,0.0,0.0
2020-06-18 00:00:00-04:00,20.374738809190177,21.366258075409274,20.151161480755558,21.11351776123047,2302100,0.0,0.0
2020-06-19 00:00:00-04:00,21.910622933619315,22.027271169740413,19.985908496718384,20.034513473510742,4963400,0.0,0.0
2020-06-22 00:00:00-04:00,19.93730328463563,20.306691799095134,19.198524401626532,20.277530670166016,2884500,0.0,0.0
2020-06-23 00:00:00-04:00,20.88022014628523,20.91910412859731,19.85953971376725,19.966468811035156,2670800,0.0,0.0
2020-06-24 00:00:00-04:00,19.451268893582668,19.820657487828573,17.89594469099311,18.58612060546875,3057700,0.0,0.0
2020-06-25 00:00:00-04:00,18.27505352116093,19.402663103942455,17.944547072336306,18.99439239501953,2185300,0.0,0.0
2020-06-26 00:00:00-04:00,18.33337605477597,18.712485558496432,17.225206818062993,17.67236328125,4622300,0.0,0.0
2020-06-29 00:00:00-04:00,17.7598499442112,18.420862701701733,17.40990157751856,18.2556095123291,2427900,0.0,0.0
2020-06-30 00:00:00-04:00,18.051476035876142,19.548476040115094,17.895943808694227,19.509592056274414,4051000,0.0,0.0
2020-07-01 00:00:00-04:00,19.548474524604774,20.131719404275263,18.31393594472775,18.654163360595703,2977900,0.0,0.0
2020-07-02 00:00:00-04:00,19.159644580228516,19.324897811669285,18.323659280666817,18.53751564025879,2074300,0.0,0.0
2020-07-06 00:00:00-04:00,18.955509199714655,19.888702608814096,17.94454781909977,18.58612060546875,4795800,0.0,0.0
2020-07-07 00:00:00-04:00,18.23617428952504,19.072161540491283,17.837622659201763,18.343103408813477,4258700,0.0,0.0
2020-07-08 00:00:00-04:00,18.450027612167222,18.809697046573167,17.789014719155475,17.93482780456543,3807900,0.0,0.0
2020-07-09 00:00:00-04:00,18.002871637435675,18.002871637435675,16.71000893157964,16.78777503967285,2320400,0.0,0.0
2020-07-10 00:00:00-04:00,16.583640280343403,17.380743468775716,16.117043563323104,17.361303329467773,3051300,0.0,0.0
2020-07-13 00:00:00-04:00,17.468230579024326,17.78901605362776,16.466992022520856,16.62252426147461,2911800,0.0,0.0
2020-07-14 00:00:00-04:00,16.476710492653915,17.468227900420732,16.214249184381707,17.351579666137695,3085900,0.0,0.0
2020-07-15 00:00:00-04:00,17.954268831991925,18.605560761306666,17.468230134117952,18.53751564025879,2794800,0.0,0.0
2020-07-16 00:00:00-04:00,18.275054281678447,18.936067206835794,17.789015584249864,18.58612060546875,2319700,0.0,0.0
2020-07-17 00:00:00-04:00,18.576395420653174,19.188803225535224,18.022311727167015,18.041751861572266,2266500,0.0,0.0
2020-07-20 00:00:00-04:00,17.944544794637054,18.518070509265144,17.759851455688477,17.759851455688477,1371500,0.0,0.0
2020-07-21 00:00:00-04:00,18.177844232078282,19.334614755616098,18.177844232078282,19.101316452026367,2893800,0.0,0.0
2020-07-22 00:00:00-04:00,18.7124882533716,18.722209248981073,18.284773717006384,18.615280151367188,1836800,0.0,0.0
2020-07-23 00:00:00-04:00,18.333380661524973,18.73193225381112,18.002874191713452,18.51807403564453,1910500,0.0,0.0
2020-07-24 00:00:00-04:00,18.459744823506462,18.741648086473315,18.177843414629628,18.2556095123291,1283600,0.0,0.0
2020-07-27 00:00:00-04:00,17.759852303005484,18.090358725647327,17.53627497418608,17.623760223388672,1717400,0.0,0.0
2020-07-28 00:00:00-04:00,17.468229750902772,17.89594431479407,17.361302500497786,17.400184631347656,1753300,0.0,0.0
2020-07-29 00:00:00-04:00,17.536274161885906,18.693044733459153,17.429345073016545,18.595836639404297,1727100,0.0,0.0
2020-07-30 00:00:00-04:00,18.117018869460534,18.341771072313612,17.74568736021055,18.25382423400879,1685200,0.1,0.0
2020-07-31 00:00:00-04:00,18.204962762389787,18.37108435111493,17.30595214055367,17.86294937133789,3048100,0.0,0.0
2020-08-03 00:00:00-04:00,17.81408960125396,18.488348056946037,17.560021170647772,18.36131477355957,1618500,0.0,0.0
2020-08-04 00:00:00-04:00,18.312455677723204,19.406904235779436,18.29291152079659,19.279869079589844,1910500,0.0,0.0
2020-08-05 00:00:00-04:00,19.807550894137265,20.237511180031124,19.465535590123114,19.70005989074707,3152200,0.0,0.0
2020-08-06 00:00:00-04:00,18.996483008551376,20.071387225728788,18.732642526694242,18.91830825805664,3035000,0.0,0.0
2020-08-07 00:00:00-04:00,18.76196130922924,19.573025154877346,18.625154079378962,19.162607192993164,2631300,0.0,0.0
2020-08-10 00:00:00-04:00,19.358043087169854,20.071389876454578,19.358043087169854,19.973670959472656,2193900,0.0,0.0
2020-08-11 00:00:00-04:00,20.520894366542404,20.608841205791393,19.09420450998469,19.162607192993164,4125500,0.0,0.0
2020-08-12 00:00:00-04:00,19.53393907235114,19.97367331879526,19.172381459793563,19.563255310058594,2463400,0.0,0.0
2020-08-13 00:00:00-04:00,19.436218003398775,19.54370899932171,18.537207314876643,18.781503677368164,1757600,0.0,0.0
2020-08-14 00:00:00-04:00,18.810818158036017,19.51439094543457,18.63492449522809,19.51439094543457,2047000,0.0,0.0
2020-08-17 00:00:00-04:00,19.524165509524277,19.73914750870927,18.830364711003174,19.152835845947266,2619000,0.0,0.0
2020-08-18 00:00:00-04:00,18.947623950552224,18.967168105501873,17.892263813102602,18.038841247558594,2799500,0.0,0.0
2020-08-19 00:00:00-04:00,18.185422237851796,18.683787052437477,17.931353791366938,17.941125869750977,2208300,0.0,0.0
2020-08-20 00:00:00-04:00,17.73591457654114,18.371084711600947,17.589337139809377,18.136560440063477,2764300,0.0,0.0
2020-08-21 00:00:00-04:00,18.18542116421739,18.18542116421739,17.54047893961412,17.98021125793457,2335200,0.0,0.0
2020-08-24 00:00:00-04:00,18.117020133847635,18.371086724644762,17.794547128335687,17.88249397277832,2178000,0.0,0.0
2020-08-25 00:00:00-04:00,18.019299392863484,18.175648908581035,17.169147270295216,17.50139045715332,2525600,0.0,0.0
2020-08-26 00:00:00-04:00,17.569793653841984,17.569793653841984,16.70009921411546,16.709871292114258,2117900,0.0,0.0
2020-08-27 00:00:00-04:00,16.67078429589295,17.12029060014921,16.57306537202564,17.071430206298828,2169100,0.0,0.0
2020-08-28 00:00:00-04:00,17.15937596297661,17.481847086600983,16.87599315195317,17.364585876464844,1737000,0.0,0.0
2020-08-31 00:00:00-04:00,17.296181877045132,17.296181877045132,16.582835137028876,16.621923446655273,1901000,0.0,0.0
2020-09-01 00:00:00-04:00,16.69032522562369,16.885763035561805,16.35808206702874,16.582834243774414,1749900,0.0,0.0
2020-09-02 00:00:00-04:00,16.494889755466726,16.846677117722738,16.367856465670584,16.602380752563477,2096300,0.0,0.0
2020-09-03 00:00:00-04:00,16.54374711678803,16.690324536271056,15.898804979996306,16.084468841552734,2455800,0.0,0.0
2020-09-04 00:00:00-04:00,16.162646678990924,16.309224109589024,15.136600937137915,15.967208862304688,2650500,0.0,0.0
2020-09-08 00:00:00-04:00,15.468845919073827,15.63496752356504,14.931393724067942,15.107287406921387,2352000,0.0,0.0
2020-09-09 00:00:00-04:00,15.439530704023158,15.439530704023158,14.794588439101837,15.06820011138916,2286300,0.0,0.0
2020-09-10 00:00:00-04:00,15.136602947710406,15.371127240585512,14.550292215522644,14.560063362121582,2122200,0.0,0.0
2020-09-11 00:00:00-04:00,14.550291913469607,14.71641351712009,14.286451390524718,14.374398231506348,2453100,0.0,0.0
2020-09-14 00:00:00-04:00,14.530746667781438,15.087742043030026,13.963979214952479,14.882533073425293,2770900,0.0,0.0
2020-09-15 00:00:00-04:00,14.970481302248887,15.068200223321455,14.550292178236917,14.687097549438477,2411400,0.0,0.0
2020-09-16 00:00:00-04:00,14.882533994495885,16.123559966510975,14.804359232847954,15.78154468536377,2672300,0.0,0.0
2020-09-17 00:00:00-04:00,15.4297588142515,15.830405647037878,15.038884991919304,15.634967803955078,2090500,0.0,0.0
2020-09-18 00:00:00-04:00,15.576335702294536,15.605651936848572,14.775043929484214,15.009568214416504,5801100,0.0,0.0
2020-09-21 00:00:00-04:00,14.472116702352238,14.530747306578748,13.866260912567306,14.354853630065918,2212700,0.0,0.0
2020-09-22 00:00:00-04:00,14.276677660008222,14.83367394445988,14.003066022331618,14.257134437561035,2417300,0.0,0.0
2020-09-23 00:00:00-04:00,14.335308915951366,14.63823584744097,13.690366744995117,13.690366744995117,2997500,0.0,0.0
2020-09-24 00:00:00-04:00,13.700141551495907,13.827174850064159,12.781586633194193,13.641510009765625,3372400,0.0,0.0
2020-09-25 00:00:00-04:00,13.82717250279584,14.26690666133286,13.46561403060052,13.836944580078125,2577500,0.0,0.0
2020-09-28 00:00:00-04:00,14.149643792441445,14.472115823777175,13.934663680773085,14.315765380859375,1963500,0.0,0.0
2020-09-29 00:00:00-04:00,14.266909067452035,14.472118065405686,13.973753222958715,14.286452293395996,2799800,0.0,0.0
2020-09-30 00:00:00-04:00,14.374396738338369,14.53074624743497,13.67082301548708,13.70991039276123,3459000,0.0,0.0
2020-10-01 00:00:00-04:00,13.543790469376003,13.729456233163102,13.035654502419272,13.27017879486084,3401500,0.0,0.0
2020-10-02 00:00:00-04:00,12.996565899306836,14.1985034840843,12.918391142504234,13.98352336883545,3409700,0.0,0.0
2020-10-05 00:00:00-04:00,15.02911254010136,15.586107956069732,14.84344678016745,15.48838996887207,4348900,0.0,0.0
2020-10-06 00:00:00-04:00,15.976982863858407,16.08447199853245,14.931393773551502,15.195234298706055,3946900,0.0,0.0
2020-10-07 00:00:00-04:00,15.205004644074148,15.996525197405681,15.205004644074148,15.801087379455566,3232900,0.0,0.0
2020-10-08 00:00:00-04:00,16.016068664866157,16.768501896273733,15.683825468240302,16.709871292114258,2465100,0.0,0.0
2020-10-09 00:00:00-04:00,16.95416713326531,17.139832881910653,16.3189969933908,16.387399673461914,2955700,0.0,0.0
2020-10-12 00:00:00-04:00,16.299454405927232,16.573065152531868,16.15287695398426,16.416715621948242,2328200,0.0,0.0
2020-10-13 00:00:00-04:00,16.260364039384463,16.788045036388453,16.13333076075379,16.494888305664062,2358500,0.0,0.0
2020-10-14 00:00:00-04:00,16.573066149490096,17.73591748401177,16.573066149490096,16.93462562561035,3058500,0.0,0.0
2020-10-15 00:00:00-04:00,16.446029735747768,16.954166576493556,16.152874869689224,16.875991821289062,2364600,0.0,0.0
2020-10-16 00:00:00-04:00,16.817356881108086,16.954164080449658,16.16264456755496,16.172414779663086,1420900,0.0,0.0
2020-10-19 00:00:00-04:00,16.338540152589776,16.38740054368754,15.625195217062533,15.654511451721191,2228400,0.0,0.0
2020-10-20 00:00:00-04:00,15.918351126831498,16.67078247144699,15.74245745588678,16.387399673461914,2534100,0.0,0.0
2020-10-21 00:00:00-04:00,16.27013813498341,16.36785705734619,15.937894917250008,16.113788604736328,1656300,0.0,0.0
2020-10-22 00:00:00-04:00,16.09424326291873,17.227778205695646,16.09424326291873,16.78804588317871,2887300,0.0,0.0
2020-10-23 00:00:00-04:00,16.87599215263897,16.954166909378372,16.42648590351247,16.719642639160156,1961300,0.0,0.0
2020-10-26 00:00:00-04:00,16.42648787875062,16.45580411499055,15.56656545121395,15.693598747253418,2318500,0.0,0.0
2020-10-27 00:00:00-04:00,15.722915558838405,16.06493087215241,15.507934478129123,15.976984024047852,2488800,0.0,0.0
2020-10-28 00:00:00-04:00,15.488389917615928,15.722914204414211,15.195234093159735,15.400443077087402,2792300,0.0,0.0
2020-10-29 00:00:00-04:00,15.203757131844826,15.82331526311002,14.957900775209474,15.744641304016113,5298800,0.1,0.0
2020-10-30 00:00:00-04:00,15.685635527596693,15.96099438726635,15.48895062783265,15.783977508544922,3548200,0.0,0.0
2020-11-02 00:00:00-05:00,15.970828482894925,16.108507440487127,15.715137650412892,15.803646087646484,2899400,0.0,0.0
2020-11-03 00:00:00-05:00,16.226518802502387,16.678893577855685,15.97082797810202,16.315027236938477,2556800,0.0,0.0
2020-11-04 00:00:00-05:00,16.413371437795785,16.9247512509756,15.715138386443504,16.442873001098633,2866200,0.0,0.0
2020-11-05 00:00:00-05:00,16.54121525941773,17.672154116938103,16.54121525941773,17.445966720581055,3703700,0.0,0.0
2020-11-06 00:00:00-05:00,17.829502083636264,18.09502739787332,16.619889264203184,16.6690616607666,2936400,0.0,0.0
2020-11-09 00:00:00-05:00,18.734252439373833,19.914363626812275,18.547402970688516,19.245634078979492,4231300,0.0,0.0
2020-11-10 00:00:00-05:00,19.589835625577024,19.93403491852988,18.81292859646243,19.904531478881836,3664900,0.0,0.0
2020-11-11 00:00:00-05:00,20.140553368860445,20.53392318549146,19.648840629137865,19.904531478881836,2676700,0.0,0.0
2020-11-12 00:00:00-05:00,19.55049703086625,20.435581432388535,19.452155986906153,19.648839950561523,3138500,0.0,0.0
2020-11-13 00:00:00-05:00,19.92419866254887,20.425745837444826,19.73734731290487,20.18972396850586,2037600,0.0,0.0
2020-11-16 00:00:00-05:00,21.63535930939484,21.743536706177057,20.838785241845688,21.222320556640625,2384300,0.0,0.0
2020-11-17 00:00:00-05:00,20.681435798926053,22.33358881236007,20.661766841737137,22.27458381652832,2358900,0.0,0.0
2020-11-18 00:00:00-05:00,22.510607028217294,23.35635348081029,22.284419634158503,22.304088592529297,3743200,0.0,0.0
2020-11-19 00:00:00-05:00,21.93038829548413,22.93348277376347,21.596023469391017,22.854808807373047,2774700,0.0,0.0
2020-11-20 00:00:00-05:00,22.854806181917343,23.297348364360804,22.431932957745836,22.697458267211914,2146900,0.0,0.0
2020-11-23 00:00:00-05:00,23.267844871857598,24.369282147922647,23.00231956302025,24.349613189697266,2513200,0.0,0.0
2020-11-24 00:00:00-05:00,25.19536069128834,25.864088417343552,24.556132652336533,24.78232192993164,3075800,0.0,0.0
2020-11-25 00:00:00-05:00,24.398783262086173,25.126517821463747,24.13325983385325,24.56596565246582,1987500,0.0,0.0
2020-11-27 00:00:00-05:00,24.29060748645772,24.860994128309894,24.015247706491653,24.093921661376953,799800,0.0,0.0
2020-11-30 00:00:00-05:00,24.211935774508483,24.310276820423905,22.99248654721692,23.110498428344727,3128900,0.0,0.0
2020-12-01 00:00:00-05:00,23.897237827426537,24.182432109982685,22.94331581049413,23.21867561340332,1762300,0.0,0.0
2020-12-02 00:00:00-05:00,23.2481758758352,24.26110471397431,23.071159003564766,23.769392013549805,2357200,0.0,0.0
2020-12-03 00:00:00-05:00,24.300443776156495,24.94950634709792,23.86773789650932,24.487295150756836,2502000,0.0,0.0
2020-12-04 00:00:00-05:00,25.018343056533602,26.306629823624917,24.98883961884994,26.080442428588867,2925800,0.0,0.0
2020-12-07 00:00:00-05:00,25.962430758775472,25.972265238081086,24.949503774854286,25.293701171875,2318500,0.0,0.0
2020-12-08 00:00:00-05:00,25.028176678117106,26.33613235884427,24.97900428366267,25.834585189819336,2275300,0.0,0.0
2020-12-09 00:00:00-05:00,26.355802842094327,26.59182661446427,25.156024398601055,25.569063186645508,1864800,0.0,0.0
2020-12-10 00:00:00-05:00,25.559226938438922,27.60475177684301,25.53955797947947,27.59491729736328,2421300,0.0,0.0
2020-12-11 00:00:00-05:00,27.211380248028963,27.791601370334593,26.690164123118887,27.781766891479492,2473200,0.0,0.0
2020-12-14 00:00:00-05:00,28.214476985472707,28.214476985472707,26.98519515991211,26.98519515991211,3456900,0.0,0.0
2020-12-15 00:00:00-05:00,27.04419918296712,27.732597730645793,26.640994908843513,27.712928771972656,1745500,0.0,0.0
2020-12-16 00:00:00-05:00,27.889945626375294,27.998121147521218,27.16221103766437,27.81127166748047,1998300,0.0,0.0
2020-12-17 00:00:00-05:00,28.037459795483205,28.165304278618205,26.877017464742423,27.290056228637695,2374400,0.0,0.0
2020-12-18 00:00:00-05:00,26.995029608938108,27.42773546051453,26.227957075395025,26.50331687927246,5058300,0.0,0.0
2020-12-21 00:00:00-05:00,25.805081371469665,26.847511733929686,25.51005451204693,26.63115882873535,1923300,0.0,0.0
2020-12-22 00:00:00-05:00,26.601655874294117,26.95568961260149,26.188617138180536,26.218120574951172,1098200,0.0,0.0
2020-12-23 00:00:00-05:00,26.52298398858698,26.926188277244485,26.296796582898175,26.40497398376465,1523200,0.0,0.0
2020-12-24 00:00:00-05:00,26.267291302448832,26.444308173008388,25.667403089228767,26.109943389892578,504700,0.0,0.0
2020-12-28 00:00:00-05:00,26.23778837759465,26.345965765255723,25.07734617599943,25.30353355407715,1604600,0.0,0.0
2020-12-29 00:00:00-05:00,25.510055878476802,25.80508275370246,25.07734816917539,25.68707275390625,1534300,0.0,0.0
2020-12-30 00:00:00-05:00,25.64773367134423,26.26729083145852,25.490385761609332,25.746076583862305,1687900,0.0,0.0
2020-12-31 00:00:00-05:00,25.618232053543938,26.050939773900986,25.372375692662576,25.94276237487793,1457400,0.0,0.0
2021-01-04 00:00:00-05:00,26.34596900300909,26.749173291998016,25.421548544376698,25.726409912109375,1750100,0.0,0.0
2021-01-05 00:00:00-05:00,26.02143595518319,27.81127181186933,25.87392251595643,27.31955909729004,2210000,0.0,0.0
2021-01-06 00:00:00-05:00,28.017788673434296,28.293148453352696,27.113037254542462,28.076793670654297,2528300,0.0,0.0
2021-01-07 00:00:00-05:00,28.47016634596805,30.09281789596307,28.224309993673803,29.9649715423584,4857800,0.0,0.0
2021-01-08 00:00:00-05:00,30.289501634218293,30.348508508873234,28.381657704684123,28.716022491455078,2506900,0.0,0.0
2021-01-11 00:00:00-05:00,27.988287686140435,28.971713145961,27.752265800871722,28.72585678100586,1747500,0.0,0.0
2021-01-12 00:00:00-05:00,29.011046906813814,30.55502435733004,28.952041912887093,30.49601936340332,2037400,0.0,0.0
2021-01-13 00:00:00-05:00,31.017239833955475,31.066410356542818,29.97480749833993,30.18132781982422,1921200,0.0,0.0
2021-01-14 00:00:00-05:00,30.36817376037003,30.9582293411976,30.191158774283245,30.555025100708008,1647100,0.0,0.0
2021-01-15 00:00:00-05:00,30.09281881709285,30.269835696280747,29.30607734022833,29.53226661682129,1586600,0.0,0.0
2021-01-19 00:00:00-05:00,29.69944994630669,29.856797871458536,29.404421179845563,29.581438064575195,1402200,0.0,0.0
2021-01-20 00:00:00-05:00,30.004309671352303,30.112487067362338,28.90287237995819,29.276575088500977,1648700,0.0,0.0
2021-01-21 00:00:00-05:00,29.394585374514033,29.49292829223299,27.575249837521476,28.293149948120117,2050700,0.0,0.0
2021-01-22 00:00:00-05:00,27.801437235260476,28.342320469112025,27.53591192013984,28.293149948120117,1581000,0.0,0.0
2021-01-25 00:00:00-05:00,27.840775419288025,27.840775419288025,26.670500423157318,27.506410598754883,1678200,0.0,0.0
2021-01-26 00:00:00-05:00,27.801439138562156,28.34232240944287,27.044201058740946,27.132709503173828,2274400,0.0,0.0
2021-01-27 00:00:00-05:00,26.54265022277832,27.270384763581976,26.20828545055299,26.54265022277832,2357500,0.0,0.0
2021-01-28 00:00:00-05:00,27.00486184465982,27.870277287482708,26.680331522535035,27.5850830078125,1989900,0.0,0.0
2021-01-29 00:00:00-05:00,27.219914494719788,28.36476934416834,26.756051508589398,27.012657165527344,1725600,0.1,0.0
2021-02-01 00:00:00-05:00,27.427174503771052,27.81208205914559,26.61787884723149,27.634431838989258,1605500,0.0,0.0
2021-02-02 00:00:00-05:00,28.433853263439232,29.233279178686733,28.08842252156704,28.828630447387695,2342100,0.0,0.0
2021-02-03 00:00:00-05:00,29.1444560254942,29.983356891553523,29.1444560254942,29.637928009033203,1761500,0.0,0.0
2021-02-04 00:00:00-05:00,29.75635842708298,29.953747961511322,29.16419170624406,29.42079734802246,1345800,0.0,0.0
2021-02-05 00:00:00-05:00,30.042572995923454,30.239960647459984,29.588577820741826,29.83531379699707,1423900,0.0,0.0
2021-02-08 00:00:00-05:00,30.536044029521218,30.940690867807206,30.17087396737613,30.851865768432617,1626000,0.0,0.0
2021-02-09 00:00:00-05:00,30.45709069940459,30.654478358640844,29.71688274176472,29.914270401000977,1369700,0.0,0.0
2021-02-10 00:00:00-05:00,29.92414080649106,30.684088113585393,29.470147484816767,30.644609451293945,1224100,0.0,0.0
2021-02-11 00:00:00-05:00,30.80252146968161,30.80252146968161,29.410930574257108,30.022836685180664,1149400,0.0,0.0
2021-02-12 00:00:00-05:00,29.687274510249374,30.565654040218213,29.628058399198256,30.33865737915039,1608500,0.0,0.0
2021-02-16 00:00:00-05:00,30.99003936813252,31.39468623331055,30.417611957701688,30.634740829467773,1520000,0.0,0.0
2021-02-17 00:00:00-05:00,30.69395643238273,30.990038856792314,29.884662715380138,30.585391998291016,1750200,0.0,0.0
2021-02-18 00:00:00-05:00,30.328786331157936,31.07886393925252,29.045759983003023,29.16419219970703,2702500,0.0,0.0
2021-02-19 00:00:00-05:00,29.2628879274907,29.608318688681223,28.828632059638437,29.56884002685547,1838500,0.0,0.0
2021-02-22 00:00:00-05:00,29.60831965730278,30.960433749929297,29.450408769726202,29.97348976135254,1772600,0.0,0.0
2021-02-23 00:00:00-05:00,29.914269638011575,31.019647654836476,28.710198735308886,30.911083221435547,2138700,0.0,0.0
2021-02-24 00:00:00-05:00,31.187431024881164,33.01327781591235,30.713698352895236,32.12502670288086,3063500,0.0,0.0
2021-02-25 00:00:00-05:00,32.19410992254991,32.72706054799497,31.068994445427457,31.483510971069336,2256600,0.0,0.0
2021-02-26 00:00:00-05:00,31.15781997365921,31.680899058588643,29.746489834234172,30.52617645263672,2061000,0.0,0.0
2021-03-01 00:00:00-05:00,31.365079197259266,32.174371047166524,31.266384426435298,31.64142417907715,1833000,0.0,0.0
2021-03-02 00:00:00-05:00,31.70064020157584,32.16450508598656,31.236777199611407,31.74998664855957,1074100,0.0,0.0
2021-03-03 00:00:00-05:00,32.075677989195945,32.55928217543184,31.858549118041992,31.858549118041992,1489300,0.0,0.0
2021-03-04 00:00:00-05:00,32.15463823567831,33.76335429040996,31.700641121532254,32.963932037353516,1982800,0.0,0.0
2021-03-05 00:00:00-05:00,33.89165396819133,34.32590793256635,32.60862764013092,34.09891128540039,2305600,0.0,0.0
2021-03-08 00:00:00-05:00,34.237085949855135,34.809515276087616,33.19092772106037,33.871917724609375,1834200,0.0,0.0
2021-03-09 00:00:00-05:00,33.85218241007383,34.079179104861076,32.92445629682688,32.954063415527344,1800100,0.0,0.0
2021-03-10 00:00:00-05:00,33.21066634556118,34.11865299762336,32.70732280874596,33.95087432861328,1327800,0.0,0.0
2021-03-11 00:00:00-05:00,33.960745513093514,34.47395688452956,33.644923709885624,33.990352630615234,1363600,0.0,0.0
2021-03-12 00:00:00-05:00,34.27656518958505,34.444347629881285,33.66466095444745,34.316043853759766,1160400,0.0,0.0
2021-03-15 00:00:00-04:00,34.325908450673445,34.54303731858437,33.408050300731105,33.536354064941406,1943100,0.0,0.0
2021-03-16 00:00:00-04:00,33.111969904192875,33.171187898583405,32.233590360975604,32.50993347167969,1138600,0.0,0.0
2021-03-17 00:00:00-04:00,32.23358672776113,32.954055302955105,31.92763277190118,32.90470886230469,1586900,0.0,0.0
2021-03-18 00:00:00-04:00,33.21066496297016,33.33896496396868,31.720377510794197,31.967113494873047,1913100,0.0,0.0
2021-03-19 00:00:00-04:00,31.77959686060022,32.78628017045484,31.513121534618772,32.02633285522461,2737800,0.0,0.0
2021-03-22 00:00:00-04:00,32.24345822832434,32.450719326785276,31.374950231020758,31.59207534790039,1684400,0.0,0.0
2021-03-23 00:00:00-04:00,30.950563652084316,31.246646091545568,29.983357126122,30.318918228149414,2122200,0.0,0.0
2021-03-24 00:00:00-04:00,30.753172222787324,31.414424720747768,30.565652351962267,30.82225799560547,2024500,0.0,0.0
2021-03-25 00:00:00-04:00,30.170876989940005,31.582207174229797,29.558972780109197,31.434165954589844,1788800,0.0,0.0
2021-03-26 00:00:00-04:00,32.28293663308128,32.559283507187494,31.572337646243678,32.02633285522461,1373000,0.0,0.0
2021-03-29 00:00:00-04:00,31.7105107065163,31.878289373718964,30.792652516228042,31.256515502929688,1474800,0.0,0.0
2021-03-30 00:00:00-04:00,30.851867716496383,31.483511234202727,30.348526082406828,31.355209350585938,1412600,0.0,0.0
2021-03-31 00:00:00-04:00,31.276255993816477,31.779597661427704,30.812391107467892,31.335472106933594,1823800,0.0,0.0
2021-04-01 00:00:00-04:00,31.661165007035475,31.749986351840565,30.58539402487016,31.68090057373047,1644500,0.0,0.0
2021-04-05 00:00:00-04:00,31.641423770329187,31.69077021388062,30.457090300633272,30.871606826782227,1896000,0.0,0.0
2021-04-06 00:00:00-04:00,30.920954377632814,31.84868223270227,30.200485734283,30.753173828125,1662400,0.0,0.0
2021-04-07 00:00:00-04:00,30.75317168599983,31.809201354807083,30.654476919791115,31.799333572387695,1622700,0.0,0.0
2021-04-08 00:00:00-04:00,31.513118805287693,31.572334911783926,30.516305247444983,31.098602294921875,1237500,0.0,0.0
2021-04-09 00:00:00-04:00,30.960432254670728,31.078864473410253,30.299179738962163,30.634740829467773,1317600,0.0,0.0
2021-04-12 00:00:00-04:00,30.92095327033366,31.30586080088406,30.693956618083224,30.871606826782227,1027700,0.0,0.0
2021-04-13 00:00:00-04:00,30.812389290485218,31.463772143700844,30.210354763995735,31.226905822753906,1587900,0.0,0.0
2021-04-14 00:00:00-04:00,32.09541785970031,32.677714943588406,31.64142454409736,32.41123962402344,1661900,0.0,0.0
2021-04-15 00:00:00-04:00,32.60862645351008,33.0428804020827,32.006590088855525,32.90470886230469,1189000,0.0,0.0
2021-04-16 00:00:00-04:00,33.18105158282248,33.32909466806392,32.815883408090194,32.94418716430664,1628500,0.0,0.0
2021-04-19 00:00:00-04:00,32.64810842990478,33.23040175960517,32.440847334282424,32.54941177368164,1498900,0.0,0.0
2021-04-20 00:00:00-04:00,32.49019019770546,32.49019019770546,30.960429843836977,31.809200286865234,2024300,0.0,0.0
2021-04-21 00:00:00-04:00,31.404560283223475,32.3717650285679,31.108477812590344,32.28293991088867,1183600,0.0,0.0
2021-04-22 00:00:00-04:00,32.411237412772245,32.62836627276547,31.967111910464357,32.3421516418457,1513400,0.0,0.0
2021-04-23 00:00:00-04:00,32.50006034502328,33.51661127646033,32.18423862331678,33.49687194824219,1494600,0.0,0.0
2021-04-26 00:00:00-04:00,33.575835522970436,34.09891464118326,33.36857818536452,33.743614196777344,1678300,0.0,0.0
2021-04-27 00:00:00-04:00,33.68439877579103,34.049566990797814,33.15144812801305,33.46726989746094,1412700,0.0,0.0
2021-04-28 00:00:00-04:00,33.694270267867495,34.41473899403239,33.694270267867495,34.07917785644531,1872000,0.0,0.0
2021-04-29 00:00:00-04:00,34.43550379566728,34.74234259488209,33.524876288738824,34.44540023803711,2166800,0.1,0.0
2021-04-30 00:00:00-04:00,34.00988568266131,34.91061298859743,34.00988568266131,34.33652114868164,2260900,0.0,0.0
2021-05-03 00:00:00-04:00,34.762141724929855,35.36592669970909,34.455302903917406,35.17786407470703,2894700,0.0,0.0
2021-05-04 00:00:00-04:00,35.25704590687467,35.70246134856024,34.85122378796718,35.118473052978516,1854000,0.0,0.0
2021-05-05 00:00:00-04:00,35.62328067897948,36.603190935381406,35.17786520978437,36.05879592895508,1962600,0.0,0.0
2021-05-06 00:00:00-04:00,36.14787871662361,37.17728250874947,35.82123945003804,36.78135681152344,3166000,0.0,0.0
2021-05-07 00:00:00-04:00,36.791257345046525,38.05821745152591,36.45472537356641,37.840457916259766,2115800,0.0,0.0
2021-05-10 00:00:00-04:00,38.10770119950139,38.533319982497055,37.32575006089753,37.34554672241211,1806000,0.0,0.0
2021-05-11 00:00:00-04:00,36.54379965185751,37.46432366361374,35.88062846910151,37.167381286621094,2313900,0.0,0.0
2021-05-12 00:00:00-04:00,37.61279761712283,38.56301475598844,37.10799594204649,37.3653450012207,1867700,0.0,0.0
2021-05-13 00:00:00-04:00,36.80114877837039,37.80085556136021,36.147874104380314,37.09809112548828,1795600,0.0,0.0
2021-05-14 00:00:00-04:00,37.691983392123376,38.31556125113357,37.52371365378375,38.127498626708984,1433700,0.0,0.0
2021-05-17 00:00:00-04:00,38.058211058404055,38.80056886665969,37.80085823707895,38.652095794677734,1329400,0.0,0.0
2021-05-18 00:00:00-04:00,38.65209695198564,38.87975290023452,38.0879053028847,38.127498626708984,1143300,0.0,0.0
2021-05-19 00:00:00-04:00,37.32575286028971,37.949334529372024,36.85064427578851,37.73157501220703,1539900,0.0,0.0
2021-05-20 00:00:00-04:00,37.73157388069194,38.42444196158002,37.058502462209496,38.25617599487305,1100400,0.0,0.0
2021-05-21 00:00:00-04:00,38.55311683147243,38.82036609947804,38.167091369628906,38.167091369628906,1459200,0.0,0.0
2021-05-24 00:00:00-04:00,38.33535886866831,38.61250459069263,37.74147409980839,38.25617599487305,1218200,0.0,0.0
2021-05-25 00:00:00-04:00,38.097808641155204,38.31556438836399,36.75166572752642,36.9001350402832,2057900,0.0,0.0
2021-05-26 00:00:00-04:00,37.107996882922116,37.79096476083085,36.900133810665224,37.494022369384766,1188200,0.0,0.0
2021-05-27 00:00:00-04:00,37.61279699107374,38.40464459361512,37.59300032903181,38.36505126953125,2529000,0.0,0.0
2021-05-28 00:00:00-04:00,38.60260789428322,38.652097662059155,38.10770266486933,38.46403503417969,1315500,0.0,0.0
2021-06-01 00:00:00-04:00,39.25588094213975,39.66170306161097,38.69168930716334,39.47364044189453,1608700,0.0,0.0
2021-06-02 00:00:00-04:00,39.592418535913744,40.4040628138338,39.26577927059537,40.17640686035156,1525100,0.0,0.0
2021-06-03 00:00:00-04:00,40.13681499394151,40.96825596443823,39.859669262385076,40.78019332885742,1523300,0.0,0.0
2021-06-04 00:00:00-04:00,44.947294036105276,45.9865942916532,44.22473283413715,45.788631439208984,11428800,0.0,0.0
2021-06-07 00:00:00-04:00,45.9074107222756,47.85733478343526,45.82822407216389,46.857627868652344,7494600,0.0,0.0
2021-06-08 00:00:00-04:00,46.75864858592731,47.797948831413656,46.13506692830458,46.6497688293457,40189300,0.0,0.0
2021-06-09 00:00:00-04:00,46.52109018835543,46.99619874143512,44.58106265265656,44.74932861328125,4165800,0.0,0.0
2021-06-10 00:00:00-04:00,45.283828354846015,46.204352380846764,44.640450048216756,46.07567596435547,2515200,0.0,0.0
2021-06-11 00:00:00-04:00,46.273635130102065,46.71905055496897,46.115265620796826,46.45180130004883,1933800,0.0,0.0
2021-06-14 00:00:00-04:00,46.87742374572157,47.66927135443432,46.08557613700882,46.59037780761719,2161300,0.0,0.0
2021-06-15 00:00:00-04:00,47.08528232581075,47.77815038893318,46.60027732470409,47.213958740234375,2442000,0.0,0.0
2021-06-16 00:00:00-04:00,47.08528463073639,48.6590834583126,46.926915103626776,48.46112060546875,2603500,0.0,0.0
2021-06-17 00:00:00-04:00,48.38193762493934,48.69867667847189,44.50187855542454,44.897804260253906,3108200,0.0,0.0
2021-06-18 00:00:00-04:00,44.18513594700491,44.89780064802984,43.58135099483957,43.72982406616211,3547700,0.0,0.0
2021-06-21 00:00:00-04:00,44.5315750166336,45.432302399570176,44.24452907213702,45.24423599243164,1870600,0.0,0.0
2021-06-22 00:00:00-04:00,44.74932787263781,45.194743313723954,43.76941767807536,44.927494049072266,1979400,0.0,0.0
2021-06-23 00:00:00-04:00,45.38280996117607,45.66985591266881,44.78892517089844,44.78892517089844,1533000,0.0,0.0
2021-06-24 00:00:00-04:00,45.08586444017778,45.22443729657997,44.55136590048892,45.125457763671875,1591400,0.0,0.0
2021-06-25 00:00:00-04:00,45.30362427395078,45.42240046947211,44.610756211059844,44.84831237792969,2508100,0.0,0.0
2021-06-28 00:00:00-04:00,44.5414712157488,44.660247415092485,42.838995996571,43.60115051269531,2466500,0.0,0.0
2021-06-29 00:00:00-04:00,43.977280852272386,44.2841234668159,43.43288583200205,43.45268249511719,1161100,0.0,0.0
2021-06-30 00:00:00-04:00,43.452679148850486,44.462282459181615,43.41308582566927,43.997074127197266,1625400,0.0,0.0
2021-07-01 00:00:00-04:00,44.84831350904931,45.135355674146425,43.828806162977735,44.32371139526367,1336700,0.0,0.0
2021-07-02 00:00:00-04:00,44.096053255499214,44.47218227062199,43.60114804774765,44.343505859375,940200,0.0,0.0
2021-07-06 00:00:00-04:00,44.31381534643043,44.32371178980024,42.91818272999431,43.531864166259766,1471200,0.0,0.0
2021-07-07 00:00:00-04:00,43.37349175887137,44.01687003414079,42.51235776149282,42.70042037963867,1975200,0.0,0.0
2021-07-08 00:00:00-04:00,41.93827001474226,43.39329266449398,41.67102072545149,42.86869430541992,1461900,0.0,0.0
2021-07-09 00:00:00-04:00,43.403185498084355,44.62065563997643,42.94787361012389,44.58106231689453,1281900,0.0,0.0
2021-07-12 00:00:00-04:00,43.898094365499524,44.600862693343466,43.5912555256253,44.20493698120117,1301200,0.0,0.0
2021-07-13 00:00:00-04:00,43.86840048813216,44.145546216267576,43.551661434312436,43.937686920166016,1965900,0.0,0.0
2021-07-14 00:00:00-04:00,44.42269681689813,45.13535781767236,42.38368580374746,42.59154510498047,1794200,0.0,0.0
2021-07-15 00:00:00-04:00,41.908578492948294,42.32429710812792,41.15632414250667,41.55224609375,1894900,0.0,0.0
2021-07-16 00:00:00-04:00,42.106540522746315,42.106540522746315,40.7999909354415,40.908870697021484,1433600,0.0,0.0
2021-07-19 00:00:00-04:00,39.364762138372264,40.06752665325857,38.42444145358627,39.63201141357422,2341400,0.0,0.0
2021-07-20 00:00:00-04:00,40.09722242297981,41.27509935593421,39.34496809066083,41.04744338989258,2443600,0.0,0.0
2021-07-21 00:00:00-04:00,41.85908286634181,43.1656322967748,41.85908286634181,42.39358139038086,1774200,0.0,0.0
2021-07-22 00:00:00-04:00,42.39358139038086,42.64103399123297,41.72051001399695,42.39358139038086,823300,0.0,0.0
2021-07-23 00:00:00-04:00,42.116435507497066,42.34409146662839,41.53244716856806,42.08674240112305,954700,0.0,0.0
2021-07-26 00:00:00-04:00,42.502457186242204,43.155731898740946,42.36388433447384,43.04685592651367,1247400,0.0,0.0
2021-07-27 00:00:00-04:00,42.58164651846766,42.591542961721366,41.14642059373493,41.65122604370117,956100,0.0,0.0
2021-07-28 00:00:00-04:00,42.057049979319345,42.81920074472549,41.12662568896353,42.42327880859375,982200,0.0,0.0
2021-07-29 00:00:00-04:00,42.691145208061485,42.93917650261849,42.11571457271098,42.59193420410156,709200,0.1,0.0
2021-07-30 00:00:00-04:00,42.32406475952317,42.691150057461705,41.64941925892077,41.77839660644531,808400,0.0,0.0
2021-08-02 00:00:00-04:00,41.99666420627301,43.04831456304366,41.20296096801758,41.20296096801758,909300,0.0,0.0
2021-08-03 00:00:00-04:00,40.97477241031336,41.78831481933594,39.99257052401763,41.78831481933594,1352600,0.0,0.0
2021-08-04 00:00:00-04:00,40.964850302392556,42.21492638566683,40.478707290495336,41.08390426635742,1607900,0.0,0.0
2021-08-05 00:00:00-04:00,39.089736739693976,43.1475292025942,38.75241400006446,42.06611251831055,1650200,0.0,0.0
2021-08-06 00:00:00-04:00,42.66138566561706,43.08799982504583,42.37366843536836,42.54233169555664,1170200,0.0,0.0
2021-08-09 00:00:00-04:00,41.88752752122953,42.582012139574196,41.37162195856112,42.30421829223633,956900,0.0,0.0
2021-08-10 00:00:00-04:00,42.58201296548768,44.318232114339395,42.413353493377635,44.05036163330078,1599900,0.0,0.0
2021-08-11 00:00:00-04:00,43.584063407829234,43.941229110524915,42.810206908426956,43.84201431274414,1669000,0.0,0.0
2021-08-12 00:00:00-04:00,43.98091641441149,44.42736977218048,43.415401510899265,43.97099304199219,723000,0.0,0.0
2021-08-13 00:00:00-04:00,43.703113256768304,43.97098750851398,43.25665617052552,43.59397888183594,1039400,0.0,0.0
2021-08-16 00:00:00-04:00,43.24673972647585,43.72295939151959,42.62169976031829,42.68122863769531,1442100,0.0,0.0
2021-08-17 00:00:00-04:00,42.234769659861385,43.385634745887714,42.016500903744515,42.88957214355469,1951800,0.0,0.0
2021-08-18 00:00:00-04:00,42.88957394834145,43.09791934177071,41.996663497362846,42.12563705444336,1565800,0.0,0.0
2021-08-19 00:00:00-04:00,41.31209392770219,41.877605005427945,40.20091473098847,40.79618835449219,1923500,0.0,0.0
2021-08-20 00:00:00-04:00,40.597762386025245,41.55020547826306,40.32989190580238,41.52043914794922,1007700,0.0,0.0
2021-08-23 00:00:00-04:00,42.59193422675958,43.20705077788416,42.52248576701925,42.730831146240234,1082400,0.0,0.0
2021-08-24 00:00:00-04:00,43.29634615156682,43.742803279733444,42.93918044903352,43.5642204284668,1188400,0.0,0.0
2021-08-25 00:00:00-04:00,43.4550858270639,44.407525172641876,43.068157579463936,44.010677337646484,1281900,0.0,0.0
2021-08-26 00:00:00-04:00,43.792405436192894,44.0205937765424,43.058234912400096,43.22689437866211,1193900,0.0,0.0
2021-08-27 00:00:00-04:00,43.514614003099496,45.03256442215635,43.514614003099496,44.794456481933594,1406500,0.0,0.0
2021-08-30 00:00:00-04:00,44.80437844065022,44.99288088535873,43.81225313967509,43.832096099853516,1009200,0.0,0.0
2021-08-31 00:00:00-04:00,43.693196394884524,44.159492683231335,43.385636208592324,43.57413864135742,1926000,0.0,0.0
2021-09-01 00:00:00-04:00,43.6237465668555,43.66342869879956,42.8796526615377,43.44516372680664,1461600,0.0,0.0
2021-09-02 00:00:00-04:00,43.88170139536385,44.844064143737526,43.88170139536385,44.69524383544922,983300,0.0,0.0
2021-09-03 00:00:00-04:00,44.76469230340839,45.21114944361564,44.38768741581796,44.69524383544922,730700,0.0,0.0
2021-09-07 00:00:00-04:00,44.29839401222015,45.131779375221676,43.99083382164736,44.0702018737793,1411600,0.0,0.0
2021-09-08 00:00:00-04:00,44.35791634874438,44.73492498075178,43.73288020382623,43.95114517211914,1178900,0.0,0.0
2021-09-09 00:00:00-04:00,43.445167269386396,44.288472250314584,43.24674145485693,43.613826751708984,1229000,0.0,0.0
2021-09-10 00:00:00-04:00,44.26862843075533,44.546426079565144,43.127686642517396,43.14752960205078,898600,0.0,0.0
2021-09-13 00:00:00-04:00,43.95114635080081,44.79445505594223,43.78248688056694,44.3876838684082,956000,0.0,0.0
2021-09-14 00:00:00-04:00,44.80437566187996,44.94327258985685,43.584062071523405,43.85193634033203,896200,0.0,0.0
2021-09-15 00:00:00-04:00,44.52658342899132,46.40169959434524,44.52658342899132,46.34217071533203,1250100,0.0,0.0
2021-09-16 00:00:00-04:00,46.23303437433257,46.26280070490918,45.38972943959111,45.85602951049805,1226500,0.0,0.0
2021-09-17 00:00:00-04:00,45.74689551402549,46.20327221702631,44.5365015076988,44.68532180786133,3298200,0.0,0.0
2021-09-20 00:00:00-04:00,43.286424692739864,43.842012397409924,42.87965350125326,43.77256393432617,1470900,0.0,0.0
2021-09-21 00:00:00-04:00,44.596029255634996,44.89366606376718,43.881697888391884,44.3876838684082,1263200,0.0,0.0
2021-09-22 00:00:00-04:00,45.01272129457916,46.31240672767765,45.01272129457916,45.6576042175293,1053100,0.0,0.0
2021-09-23 00:00:00-04:00,45.94532267715459,47.20532222588575,45.736973493838335,47.06642150878906,1210500,0.0,0.0
2021-09-24 00:00:00-04:00,46.78862655432725,47.26484621931048,46.431460859425464,47.04657745361328,832700,0.0,0.0
2021-09-27 00:00:00-04:00,47.96925502970035,49.31854599510587,47.96925502970035,49.07051467895508,1642500,0.0,0.0
2021-09-28 00:00:00-04:00,49.745160150841514,50.11224543896076,48.59429499553838,48.931617736816406,1639000,0.0,0.0
2021-09-29 00:00:00-04:00,49.070513057019184,49.49712720947021,48.30657617436638,49.110198974609375,1712800,0.0,0.0
2021-09-30 00:00:00-04:00,49.37807071187613,49.62610200712285,48.40578848866785,48.822479248046875,2588800,0.0,0.0
2021-10-01 00:00:00-04:00,49.13004078535905,50.42972617113682,48.78279469154527,50.37019729614258,1730200,0.0,0.0
2021-10-04 00:00:00-04:00,50.76704745750231,52.27507829854199,50.5487824750735,51.65996170043945,2004000,0.0,0.0
2021-10-05 00:00:00-04:00,52.44374021118936,52.800905899179334,51.14405479870524,51.808780670166016,1347600,0.0,0.0
2021-10-06 00:00:00-04:00,50.95555285685991,51.808781167547835,49.93366507225609,51.471458435058594,1646500,0.0,0.0
2021-10-07 00:00:00-04:00,51.52106264816742,52.29491910373234,51.30279389007174,51.8980712890625,1210800,0.0,0.0
2021-10-08 00:00:00-04:00,52.26515932810332,52.542953191559086,51.68972485705062,52.294921875,777300,0.0,0.0
2021-10-11 00:00:00-04:00,53.07869766437931,53.44578292497099,52.20562643748549,52.60247802734375,857000,0.0,0.0
2021-10-12 00:00:00-04:00,52.48342875789575,53.96169330377311,52.25523661329258,53.34657669067383,1319500,0.0,0.0
2021-10-13 00:00:00-04:00,52.80090697624952,53.83271435913129,52.2155529278049,53.80295181274414,887400,0.0,0.0
2021-10-14 00:00:00-04:00,54.566888827932345,55.102637372015295,54.199803544612166,54.77523422241211,937600,0.0,0.0
2021-10-15 00:00:00-04:00,55.29114041423904,56.005471814190855,55.152243483061184,55.271297454833984,959900,0.0,0.0
2021-10-18 00:00:00-04:00,55.84673119230292,56.60074471653362,55.18200530723946,55.91617965698242,1095400,0.0,0.0
2021-10-19 00:00:00-04:00,56.253501274461,56.36263565526065,55.44987847601963,55.75743865966797,788400,0.0,0.0
2021-10-20 00:00:00-04:00,55.72767106081339,56.61066567415964,55.370509165403874,56.32294845581055,943000,0.0,0.0
2021-10-21 00:00:00-04:00,56.01538892805501,56.36263502532357,54.67602139694623,55.261375427246094,1018600,0.0,0.0
2021-10-22 00:00:00-04:00,55.52924894273327,55.80704278908192,54.47759486280905,55.767356872558594,710000,0.0,0.0
2021-10-25 00:00:00-04:00,56.40232142111218,56.66027611682817,55.85665326662354,56.342796325683594,1076800,0.0,0.0
2021-10-26 00:00:00-04:00,56.570982409126465,57.017439530136095,55.6383860333066,55.74751663208008,745600,0.0,0.0
2021-10-27 00:00:00-04:00,55.19192847552015,55.54909416950133,54.259328322423194,54.3883056640625,950100,0.0,0.0
2021-10-28 00:00:00-04:00,54.13982221050441,54.96478905525607,53.93109227898334,54.905155181884766,881700,0.1,0.0
2021-10-29 00:00:00-04:00,54.88527691398129,55.17351615395695,53.95097243814116,54.33860778808594,1090800,0.0,0.0
2021-11-01 00:00:00-04:00,55.06418630999592,55.720185471755734,54.408187148236095,55.51145553588867,1375200,0.0,0.0
2021-11-02 00:00:00-04:00,55.53133377643983,56.15751598982546,54.766000802651575,55.262969970703125,1476000,0.0,0.0
2021-11-03 00:00:00-04:00,54.95485076056411,55.59097068030722,54.43800237787938,54.646728515625,1301200,0.0,0.0
2021-11-04 00:00:00-04:00,54.934971661111234,56.73400139378328,54.70636630141929,55.64066696166992,1559500,0.0,0.0
2021-11-05 00:00:00-04:00,56.396063447004806,56.525272702112716,55.640668180406166,56.33642578125,1227600,0.0,0.0
2021-11-08 00:00:00-05:00,56.85327184627455,57.827330930904594,56.525270385427085,57.479454040527344,1561300,0.0,0.0
2021-11-09 00:00:00-05:00,57.48939355950107,57.62854432001898,56.44575906404284,56.89303207397461,1465100,0.0,0.0
2021-11-10 00:00:00-05:00,56.425877635655624,56.743937587707805,54.080182645590526,54.49763870239258,1391400,0.0,0.0
2021-11-11 00:00:00-05:00,54.19945566080157,55.064184733673855,54.19945566080157,54.91509246826172,1507600,0.0,0.0
2021-11-12 00:00:00-05:00,54.626850601351535,54.915093631749315,53.56333687416212,53.89133834838867,1715700,0.0,0.0
2021-11-15 00:00:00-05:00,54.457882527758066,55.36236626498323,53.6527911078471,54.80575942993164,1181000,0.0,0.0
2021-11-16 00:00:00-05:00,54.98466882191824,55.10394036141692,53.871458939591584,54.348548889160156,1089500,0.0,0.0
2021-11-17 00:00:00-05:00,53.782003037805495,55.38224433775165,53.782003037805495,54.288909912109375,1031800,0.0,0.0
2021-11-18 00:00:00-05:00,54.26902939996688,54.94490774401229,53.47387952214101,54.22927474975586,1188500,0.0,0.0
2021-11-19 00:00:00-05:00,53.17569904595524,53.553396661567156,52.38054916433047,53.22539520263672,1456900,0.0,0.0
2021-11-22 00:00:00-05:00,53.354608826852356,54.24915482319821,53.06636580674383,53.483821868896484,941500,0.0,0.0
2021-11-23 00:00:00-05:00,54.45788359029101,55.45182194912133,53.86151830004845,55.233154296875,1482700,0.0,0.0
2021-11-24 00:00:00-05:00,54.666609449571546,56.41593928366531,54.43800408322584,56.32648468017578,1161000,0.0,0.0
2021-11-26 00:00:00-05:00,53.354607936474025,54.54733464783976,51.86370049516027,54.13982009887695,846600,0.0,0.0
2021-11-29 00:00:00-05:00,55.31266989599822,55.44187914970059,53.59315323872486,53.632911682128906,1609800,0.0,0.0
2021-11-30 00:00:00-05:00,52.410366292348236,52.837760066209974,50.7803080811424,51.31703567504883,1824400,0.0,0.0
2021-12-01 00:00:00-05:00,52.88745840554328,53.46394446535972,50.412554050800836,50.54176330566406,1391100,0.0,0.0
2021-12-02 00:00:00-05:00,50.30321857885209,52.38054980267268,50.024917064785285,52.12212371826172,1562400,0.0,0.0
2021-12-03 00:00:00-05:00,52.807944223695536,53.32479260724205,50.710733753088604,50.92940139770508,1302900,0.0,0.0
2021-12-06 00:00:00-05:00,51.714609486801756,52.80794391185396,50.27340195855487,51.93327713012695,1442500,0.0,0.0
2021-12-07 00:00:00-05:00,53.016672372199054,54.10006533826741,52.84770087906783,53.05643081665039,1429000,0.0,0.0
2021-12-08 00:00:00-05:00,53.1458852799792,53.65279217488106,52.63897459350339,52.78806686401367,1286800,0.0,0.0
2021-12-09 00:00:00-05:00,52.390486953100265,52.56939615066547,51.78418398263747,51.86370086669922,977600,0.0,0.0
2021-12-10 00:00:00-05:00,52.53958179949986,52.70854949908249,50.84988584580404,51.89352035522461,1417500,0.0,0.0
2021-12-13 00:00:00-05:00,51.177886085596136,51.79412678621471,49.85594629176202,50.38273239135742,1473300,0.0,0.0
2021-12-14 00:00:00-05:00,49.965280820091714,51.29715834770927,49.766492393724015,50.0944938659668,1149900,0.0,0.0
2021-12-15 00:00:00-05:00,49.98516113101444,50.97909949293603,48.79243433839375,50.6113395690918,1728000,0.0,0.0
2021-12-16 00:00:00-05:00,51.158008001027206,51.436309525251495,49.985160446690735,50.08455276489258,1344800,0.0,0.0
2021-12-17 00:00:00-05:00,49.667099304514274,50.41255304812861,48.911704054370425,49.478248596191406,4202300,0.0,0.0
2021-12-20 00:00:00-05:00,48.45449248365222,48.88188625914161,47.281644977645094,48.68309783935547,1128600,0.0,0.0
2021-12-21 00:00:00-05:00,49.35897539193897,50.56163981437688,49.35897539193897,50.24357986450195,1286100,0.0,0.0
2021-12-22 00:00:00-05:00,50.323098214135655,50.87970124684893,49.518006809794784,50.57158279418945,1259000,0.0,0.0
2021-12-23 00:00:00-05:00,51.01885490321196,51.148064152644224,50.50200653076172,50.50200653076172,612000,0.0,0.0
2021-12-27 00:00:00-05:00,50.82006661141083,52.271215627164885,50.313155952428716,52.221519470214844,852100,0.0,0.0
2021-12-28 00:00:00-05:00,52.19169947532228,53.12600392202088,51.82394335884187,52.02273178100586,934200,0.0,0.0
2021-12-29 00:00:00-05:00,51.32697565666189,52.10224635438428,51.28721721278538,51.62515640258789,665300,0.0,0.0
2021-12-30 00:00:00-05:00,51.6152180366165,52.13206642577272,51.16794502757997,51.18782424926758,770000,0.0,0.0
2021-12-31 00:00:00-05:00,50.94927694721197,52.15194520385217,50.94927694721197,51.92333984375,1352800,0.0,0.0
2022-01-03 00:00:00-05:00,51.873640011370995,53.12600442885018,51.873640011370995,52.91727828979492,1433200,0.0,0.0
2022-01-04 00:00:00-05:00,53.275091400402985,54.26902970109389,53.08624448823826,54.04042434692383,1784600,0.0,0.0
2022-01-05 00:00:00-05:00,54.50757811744711,55.26296957924208,53.73230743408203,53.73230743408203,2019400,0.0,0.0
2022-01-06 00:00:00-05:00,54.69642331964833,55.6406654609597,53.77206039928363,55.22321319580078,1192800,0.0,0.0
2022-01-07 00:00:00-05:00,55.471698383982925,55.92890909609352,54.895212344872725,55.57109069824219,1388400,0.0,0.0
2022-01-10 00:00:00-05:00,55.48163879737021,55.58103111646385,53.275094431011276,54.23921585083008,1287900,0.0,0.0
2022-01-11 00:00:00-05:00,54.60697166742409,56.07799997268164,53.91121785462072,56.05812454223633,1827500,0.0,0.0
2022-01-12 00:00:00-05:00,56.68430199479175,57.48939341058347,56.32648358777321,56.62466812133789,1519200,0.0,0.0
2022-01-13 00:00:00-05:00,56.91290530332558,57.688179754419,56.43581537503855,56.763816833496094,1525700,0.0,0.0
2022-01-14 00:00:00-05:00,56.555093153872825,57.43969767124818,56.177395522422785,57.42975616455078,1778800,0.0,0.0
2022-01-18 00:00:00-05:00,57.807453188870674,57.976424676787055,56.29666647051161,57.081878662109375,1496800,0.0,0.0
2022-01-19 00:00:00-05:00,57.6384866238138,57.6384866238138,55.92891144735277,55.96866989135742,1300800,0.0,0.0
2022-01-20 00:00:00-05:00,55.60090701906636,56.8731506186372,55.074120934487624,55.22321319580078,1486900,0.0,0.0
2022-01-21 00:00:00-05:00,55.223213978440036,55.95872620602213,54.278971823746595,55.1138801574707,1384900,0.0,0.0
2022-01-24 00:00:00-05:00,53.71242652801733,55.352422444593564,52.28115295244686,55.22321319580078,2026100,0.0,0.0
2022-01-25 00:00:00-05:00,54.91509331922202,56.93278693737577,53.83170037628391,56.525272369384766,1489900,0.0,0.0
2022-01-26 00:00:00-05:00,57.34030007126429,58.73181522995868,56.3066071044693,57.01230239868164,1831500,0.0,0.0
2022-01-27 00:00:00-05:00,58.41375463032816,59.0697537598584,56.91290566674123,57.38999938964844,1632600,0.0,0.0
2022-01-28 00:00:00-05:00,57.150001525878906,58.02000045776367,56.209999084472656,57.95000076293945,1327300,0.35,0.0
2022-01-31 00:00:00-05:00,57.900001525878906,59.459999084472656,56.86000061035156,59.08000183105469,2437600,0.0,0.0
2022-02-01 00:00:00-05:00,58.7599983215332,60.90999984741211,58.5,60.72999954223633,1846200,0.0,0.0
2022-02-02 00:00:00-05:00,60.72999954223633,61.38999938964844,60.209999084472656,61.2599983215332,1419800,0.0,0.0
2022-02-03 00:00:00-05:00,60.84000015258789,61.18000030517578,59.95000076293945,60.31999969482422,1755600,0.0,0.0
2022-02-04 00:00:00-05:00,60.630001068115234,61.95000076293945,60.40999984741211,61.060001373291016,1587700,0.0,0.0
2022-02-07 00:00:00-05:00,61.2599983215332,62.099998474121094,60.630001068115234,61.5099983215332,1397100,0.0,0.0
2022-02-08 00:00:00-05:00,61.5099983215332,61.66999816894531,60.349998474121094,61.45000076293945,1048000,0.0,0.0
2022-02-09 00:00:00-05:00,61.70000076293945,62.97999954223633,61.70000076293945,62.400001525878906,992200,0.0,0.0
2022-02-10 00:00:00-05:00,61.81999969482422,63.599998474121094,61.630001068115234,62.130001068115234,1218300,0.0,0.0
2022-02-11 00:00:00-05:00,62.7400016784668,64.29000091552734,62.54999923706055,64.05999755859375,1343900,0.0,0.0
2022-02-14 00:00:00-05:00,63.810001373291016,63.939998626708984,62.43000030517578,62.540000915527344,1410500,0.0,0.0
2022-02-15 00:00:00-05:00,61.63999938964844,62.61000061035156,60.959999084472656,62.439998626708984,881500,0.0,0.0
2022-02-16 00:00:00-05:00,62.790000915527344,63.599998474121094,62.790000915527344,62.97999954223633,1178600,0.0,0.0
2022-02-17 00:00:00-05:00,63.09000015258789,63.5099983215332,62.439998626708984,62.459999084472656,1220400,0.0,0.0
2022-02-18 00:00:00-05:00,61.900001525878906,62.77000045776367,61.349998474121094,62.09000015258789,1048100,0.0,0.0
2022-02-22 00:00:00-05:00,63.4900016784668,63.59000015258789,59.45000076293945,60.790000915527344,1672700,0.0,0.0
2022-02-23 00:00:00-05:00,61.16999816894531,62.13999938964844,60.93000030517578,61.13999938964844,1341200,0.0,0.0
2022-02-24 00:00:00-05:00,60.36000061035156,63.810001373291016,59.849998474121094,62.099998474121094,2164900,0.0,0.0
2022-02-25 00:00:00-05:00,63.0099983215332,63.849998474121094,62.779998779296875,63.7400016784668,3044800,0.0,0.0
2022-02-28 00:00:00-05:00,63.7400016784668,65.37000274658203,63.58000183105469,65.37000274658203,3683000,0.0,0.0
2022-03-01 00:00:00-05:00,65.77999877929688,66.79000091552734,65.12000274658203,65.55000305175781,3383400,0.0,0.0
2022-03-02 00:00:00-05:00,66.7699966430664,68.44999694824219,66.51000213623047,67.58999633789062,2192700,0.0,0.0
2022-03-03 00:00:00-05:00,67.06999969482422,68.41000366210938,67.0,68.01000213623047,1571900,0.0,0.0
2022-03-04 00:00:00-05:00,67.66999816894531,69.6500015258789,67.45999908447266,69.52999877929688,1687300,0.0,0.0
2022-03-07 00:00:00-05:00,69.87000274658203,72.02999877929688,67.75,68.62000274658203,2316600,0.0,0.0
2022-03-08 00:00:00-05:00,69.7300033569336,69.91999816894531,66.9000015258789,67.01000213623047,2145400,0.0,0.0
2022-03-09 00:00:00-05:00,65.63999938964844,68.62999725341797,64.51000213623047,68.31999969482422,1780600,0.0,0.0
2022-03-10 00:00:00-05:00,68.69999694824219,70.05000305175781,68.2699966430664,69.68000030517578,1718000,0.0,0.0
2022-03-11 00:00:00-05:00,69.4800033569336,70.44000244140625,68.38999938964844,68.51000213623047,1400600,0.0,0.0
2022-03-14 00:00:00-04:00,68.19000244140625,68.19000244140625,65.22000122070312,65.5999984741211,2061700,0.0,0.0
2022-03-15 00:00:00-04:00,63.93000030517578,65.66000366210938,62.560001373291016,64.94000244140625,2017900,0.0,0.0
2022-03-16 00:00:00-04:00,65.08999633789062,66.19999694824219,64.56999969482422,65.66999816894531,1675000,0.0,0.0
2022-03-17 00:00:00-04:00,66.7300033569336,67.9000015258789,66.30000305175781,67.62999725341797,1438200,0.0,0.0
2022-03-18 00:00:00-04:00,68.01000213623047,69.4000015258789,67.77999877929688,69.26000213623047,3641000,0.0,0.0
2022-03-21 00:00:00-04:00,70.01000213623047,71.76000213623047,69.44999694824219,71.62999725341797,1298500,0.0,0.0
2022-03-22 00:00:00-04:00,71.19999694824219,71.75,70.04000091552734,71.12999725341797,1075800,0.0,0.0
2022-03-23 00:00:00-04:00,71.87000274658203,72.7300033569336,71.58999633789062,72.2300033569336,1301400,0.0,0.0
2022-03-24 00:00:00-04:00,72.30000305175781,73.30999755859375,72.12000274658203,72.87999725341797,1537500,0.0,0.0
2022-03-25 00:00:00-04:00,73.04000091552734,75.93000030517578,72.8499984741211,75.6500015258789,1848100,0.0,0.0
2022-03-28 00:00:00-04:00,74.31999969482422,74.7699966430664,73.47000122070312,74.69999694824219,1514900,0.0,0.0
2022-03-29 00:00:00-04:00,73.0,74.86000061035156,72.11000061035156,74.83999633789062,1503000,0.0,0.0
2022-03-30 00:00:00-04:00,75.80000305175781,76.55999755859375,75.3499984741211,76.25,1759000,0.0,0.0
2022-03-31 00:00:00-04:00,75.70999908447266,77.30999755859375,75.44999694824219,75.47000122070312,2515900,0.0,0.0
2022-04-01 00:00:00-04:00,76.0999984741211,77.7699966430664,75.76000213623047,77.33999633789062,1957500,0.0,0.0
2022-04-04 00:00:00-04:00,77.37999725341797,77.8499984741211,76.43000030517578,76.98999786376953,1338500,0.0,0.0
2022-04-05 00:00:00-04:00,77.55000305175781,78.1500015258789,75.6500015258789,75.70999908447266,1642700,0.0,0.0
2022-04-06 00:00:00-04:00,76.37000274658203,76.62999725341797,75.06999969482422,76.41000366210938,1765400,0.0,0.0
2022-04-07 00:00:00-04:00,76.88999938964844,77.3499984741211,74.43000030517578,75.9000015258789,1299800,0.0,0.0
2022-04-08 00:00:00-04:00,76.19000244140625,77.58000183105469,75.72000122070312,77.2699966430664,1313700,0.0,0.0
2022-04-11 00:00:00-04:00,77.0,77.04000091552734,75.26000213623047,75.76000213623047,1280700,0.0,0.0
2022-04-12 00:00:00-04:00,76.80000305175781,78.04000091552734,76.69999694824219,76.94999694824219,1184700,0.0,0.0
2022-04-13 00:00:00-04:00,77.7300033569336,78.16999816894531,77.08000183105469,77.98999786376953,1181200,0.0,0.0
2022-04-14 00:00:00-04:00,77.9000015258789,79.43000030517578,77.3499984741211,78.63999938964844,1381100,0.0,0.0
2022-04-18 00:00:00-04:00,78.91000366210938,79.68000030517578,78.2300033569336,78.80000305175781,1144300,0.0,0.0
2022-04-19 00:00:00-04:00,78.37999725341797,79.69999694824219,77.9000015258789,79.05000305175781,941500,0.0,0.0
2022-04-20 00:00:00-04:00,80.0,81.12999725341797,79.19999694824219,80.62999725341797,1326600,0.0,0.0
2022-04-21 00:00:00-04:00,80.80999755859375,81.5,78.44999694824219,78.62999725341797,1163800,0.0,0.0
2022-04-22 00:00:00-04:00,78.29000091552734,78.98999786376953,76.08000183105469,76.16999816894531,1178200,0.0,0.0
2022-04-25 00:00:00-04:00,73.9800033569336,73.98999786376953,70.38999938964844,73.06999969482422,2090000,0.0,0.0
2022-04-26 00:00:00-04:00,73.86000061035156,75.37999725341797,73.1500015258789,73.55999755859375,1450200,0.0,0.0
2022-04-27 00:00:00-04:00,73.81999969482422,76.13999938964844,72.66000366210938,75.16000366210938,2544500,0.0,0.0
2022-04-28 00:00:00-04:00,75.0199966430664,76.95999908447266,73.13999938964844,76.26000213623047,1248100,0.0,0.0
2022-04-29 00:00:00-04:00,75.9000015258789,76.94999694824219,73.20999908447266,73.41000366210938,1999000,0.0,0.0
2022-05-02 00:00:00-04:00,73.62999725341797,74.3499984741211,72.18000030517578,74.26000213623047,1506100,0.0,0.0
2022-05-03 00:00:00-04:00,74.27999877929688,76.61000061035156,74.26000213623047,76.36000061035156,1873900,0.0,0.0
2022-05-04 00:00:00-04:00,77.66000366210938,78.23999786376953,75.2699966430664,78.0199966430664,1864800,0.0,0.0
2022-05-05 00:00:00-04:00,78.05000305175781,78.45999908447266,73.55999755859375,74.69999694824219,2155900,0.0,0.0
2022-05-06 00:00:00-04:00,75.48999786376953,76.77999877929688,72.55000305175781,75.47000122070312,3099300,0.0,0.0
2022-05-09 00:00:00-04:00,73.83000183105469,74.11000061035156,67.30000305175781,67.58999633789062,2622100,0.0,0.0
2022-05-10 00:00:00-04:00,68.41000366210938,70.7300033569336,66.80000305175781,68.0199966430664,3572500,0.0,0.0
2022-05-11 00:00:00-04:00,69.2699966430664,72.4800033569336,68.55000305175781,68.79000091552734,2315000,0.0,0.0
2022-05-12 00:00:00-04:00,68.08000183105469,69.72000122070312,67.18000030517578,68.33000183105469,2255100,0.0,0.0
2022-05-13 00:00:00-04:00,69.80999755859375,72.31999969482422,69.58999633789062,71.27999877929688,2197100,0.0,0.0
2022-05-16 00:00:00-04:00,71.58000183105469,73.62000274658203,71.5199966430664,72.13999938964844,1592100,0.0,0.0
2022-05-17 00:00:00-04:00,72.83000183105469,73.27999877929688,72.0999984741211,72.95999908447266,1756600,0.0,0.0
2022-05-18 00:00:00-04:00,73.30000305175781,73.5199966430664,68.6500015258789,69.7699966430664,1590000,0.0,0.0
2022-05-19 00:00:00-04:00,68.4000015258789,70.19000244140625,68.13999938964844,68.91000366210938,1663700,0.0,0.0
2022-05-20 00:00:00-04:00,69.81999969482422,70.25,67.94999694824219,69.44000244140625,1902800,0.0,0.0
2022-05-23 00:00:00-04:00,70.01000213623047,70.19000244140625,68.88999938964844,69.26000213623047,1398600,0.0,0.0
2022-05-24 00:00:00-04:00,69.01000213623047,69.37000274658203,67.5,68.97000122070312,1946500,0.0,0.0
2022-05-25 00:00:00-04:00,69.31999969482422,70.77999877929688,69.01000213623047,70.48999786376953,2116200,0.0,0.0
2022-05-26 00:00:00-04:00,70.51000213623047,71.77999877929688,70.51000213623047,71.05000305175781,2003200,0.0,0.0
2022-05-27 00:00:00-04:00,71.04000091552734,72.94000244140625,70.4800033569336,72.81999969482422,2542000,0.0,0.0
2022-05-31 00:00:00-04:00,73.91000366210938,74.52999877929688,71.06999969482422,72.0199966430664,16817400,0.0,0.0
2022-06-01 00:00:00-04:00,72.87000274658203,75.44000244140625,72.05999755859375,75.06999969482422,2507000,0.0,0.0
2022-06-02 00:00:00-04:00,74.45999908447266,76.9000015258789,74.29000091552734,76.68000030517578,1797400,0.0,0.0
2022-06-03 00:00:00-04:00,76.80000305175781,77.9000015258789,76.2300033569336,77.3499984741211,1486700,0.0,0.0
2022-06-06 00:00:00-04:00,77.98999786376953,78.1500015258789,76.19000244140625,76.37000274658203,1220200,0.0,0.0
2022-06-07 00:00:00-04:00,76.51000213623047,80.4000015258789,76.12999725341797,80.37999725341797,2036600,0.0,0.0
2022-06-08 00:00:00-04:00,80.0999984741211,80.30999755859375,77.27999877929688,77.76000213623047,1722500,0.0,0.0
2022-06-09 00:00:00-04:00,77.58000183105469,77.62999725341797,74.93000030517578,75.08000183105469,1158300,0.0,0.0
2022-06-10 00:00:00-04:00,73.54000091552734,74.68000030517578,71.93000030517578,72.43000030517578,1358800,0.0,0.0
2022-06-13 00:00:00-04:00,70.0,70.45999908447266,67.19000244140625,67.55000305175781,2198300,0.0,0.0
2022-06-14 00:00:00-04:00,68.91999816894531,69.58999633789062,65.33000183105469,66.30000305175781,2346200,0.0,0.0
2022-06-15 00:00:00-04:00,66.51000213623047,68.0199966430664,65.4000015258789,66.7300033569336,2811500,0.0,0.0
2022-06-16 00:00:00-04:00,65.0,65.0,61.619998931884766,62.25,2498200,0.0,0.0
2022-06-17 00:00:00-04:00,62.97999954223633,64.5,59.040000915527344,60.650001525878906,6511800,0.0,0.0
2022-06-21 00:00:00-04:00,63.529998779296875,65.3499984741211,63.11000061035156,63.470001220703125,2851800,0.0,0.0
2022-06-22 00:00:00-04:00,60.290000915527344,61.65999984741211,59.939998626708984,60.02000045776367,2478900,0.0,0.0
2022-06-23 00:00:00-04:00,60.36000061035156,60.79999923706055,57.2400016784668,58.150001525878906,2236700,0.0,0.0
2022-06-24 00:00:00-04:00,58.7599983215332,60.38999938964844,58.0,58.13999938964844,6755800,0.0,0.0
2022-06-27 00:00:00-04:00,59.040000915527344,60.970001220703125,58.779998779296875,60.75,2346200,0.0,0.0
2022-06-28 00:00:00-04:00,62.45000076293945,63.7599983215332,61.72999954223633,62.4900016784668,2029700,0.0,0.0
2022-06-29 00:00:00-04:00,63.119998931884766,63.540000915527344,60.400001525878906,60.63999938964844,1390000,0.0,0.0
2022-06-30 00:00:00-04:00,59.290000915527344,60.29999923706055,58.279998779296875,59.66999816894531,2585600,0.0,0.0
2022-07-01 00:00:00-04:00,59.68000030517578,61.02000045776367,58.380001068115234,61.0,1930600,0.0,0.0
2022-07-05 00:00:00-04:00,59.75,60.119998931884766,57.220001220703125,58.959999084472656,2172400,0.0,0.0
2022-07-06 00:00:00-04:00,57.9900016784668,59.56999969482422,55.65999984741211,56.279998779296875,3983900,0.0,0.0
2022-07-07 00:00:00-04:00,57.970001220703125,59.97999954223633,57.349998474121094,59.81999969482422,2698400,0.0,0.0
2022-07-08 00:00:00-04:00,60.279998779296875,60.68000030517578,58.060001373291016,59.720001220703125,1470400,0.0,0.0
2022-07-11 00:00:00-04:00,59.11000061035156,59.59000015258789,57.869998931884766,58.93000030517578,1301500,0.0,0.0
2022-07-12 00:00:00-04:00,57.650001525878906,59.58000183105469,57.45000076293945,59.04999923706055,1783300,0.0,0.0
2022-07-13 00:00:00-04:00,57.90999984741211,59.619998931884766,57.869998931884766,58.720001220703125,1394300,0.0,0.0
2022-07-14 00:00:00-04:00,56.86000061035156,58.13999938964844,55.560001373291016,57.79999923706055,1457300,0.0,0.0
2022-07-15 00:00:00-04:00,59.16999816894531,59.16999816894531,57.790000915527344,58.86000061035156,935000,0.0,0.0
2022-07-18 00:00:00-04:00,60.25,61.47999954223633,59.91999816894531,60.5099983215332,1221700,0.0,0.0
2022-07-19 00:00:00-04:00,60.52000045776367,62.880001068115234,60.52000045776367,62.63999938964844,1568000,0.0,0.0
2022-07-20 00:00:00-04:00,62.25,63.77000045776367,61.880001068115234,63.18000030517578,1296900,0.0,0.0
2022-07-21 00:00:00-04:00,61.31999969482422,62.880001068115234,60.29999923706055,62.70000076293945,1680700,0.0,0.0
2022-07-22 00:00:00-04:00,63.189998626708984,63.619998931884766,61.09000015258789,61.709999084472656,818800,0.0,0.0
2022-07-25 00:00:00-04:00,62.619998931884766,64.19000244140625,61.70000076293945,64.1500015258789,869900,0.0,0.0
2022-07-26 00:00:00-04:00,65.2300033569336,65.66000366210938,64.45999908447266,65.41000366210938,1382500,0.0,0.0
2022-07-27 00:00:00-04:00,65.77999877929688,66.80999755859375,64.63999938964844,66.62000274658203,1350900,0.0,0.0
2022-07-28 00:00:00-04:00,67.0,67.44999694824219,65.11000061035156,67.3499984741211,1186200,0.0,0.0
2022-07-29 00:00:00-04:00,68.30000305175781,69.33000183105469,68.0,69.11000061035156,1599500,0.0,0.0
2022-08-01 00:00:00-04:00,68.0,68.93000030517578,66.7699966430664,68.41999816894531,1545100,0.0,0.0
2022-08-02 00:00:00-04:00,68.41999816894531,69.19000244140625,66.91999816894531,67.95999908447266,1711700,0.0,0.0
2022-08-03 00:00:00-04:00,68.66999816894531,69.13999938964844,67.05000305175781,67.5999984741211,1484500,0.0,0.0
2022-08-04 00:00:00-04:00,66.83000183105469,67.79000091552734,63.81999969482422,63.939998626708984,1443300,0.0,0.0
2022-08-05 00:00:00-04:00,62.72999954223633,64.37999725341797,62.54999923706055,63.720001220703125,1134800,0.0,0.0
2022-08-08 00:00:00-04:00,64.0,65.73999786376953,63.93000030517578,65.0,1143400,0.0,0.0
2022-08-09 00:00:00-04:00,65.5999984741211,67.27999877929688,65.33999633789062,67.0,1559400,0.0,0.0
2022-08-10 00:00:00-04:00,67.38999938964844,67.91000366210938,66.5199966430664,67.54000091552734,1088700,0.0,0.0
2022-08-11 00:00:00-04:00,68.68000030517578,70.63999938964844,68.31999969482422,70.38999938964844,1728600,0.0,0.0
2022-08-12 00:00:00-04:00,69.98999786376953,70.1500015258789,68.8499984741211,69.52999877929688,1346100,0.0,0.0
2022-08-15 00:00:00-04:00,67.18000030517578,68.44000244140625,66.2699966430664,68.16999816894531,1346000,0.0,0.0
2022-08-16 00:00:00-04:00,68.5,69.41000366210938,67.88999938964844,68.2300033569336,1717500,0.0,0.0
2022-08-17 00:00:00-04:00,67.58000183105469,68.05000305175781,66.44000244140625,67.44000244140625,2082500,0.0,0.0
2022-08-18 00:00:00-04:00,68.08000183105469,70.25,68.08000183105469,70.08999633789062,1163800,0.0,0.0
2022-08-19 00:00:00-04:00,69.44999694824219,69.88999938964844,68.80999755859375,68.88999938964844,1278800,0.0,0.0
2022-08-22 00:00:00-04:00,68.16999816894531,68.48999786376953,67.19000244140625,67.87999725341797,689100,0.0,0.0
2022-08-23 00:00:00-04:00,68.98999786376953,70.91999816894531,68.83000183105469,69.70999908447266,930500,0.0,0.0
2022-08-24 00:00:00-04:00,69.83999633789062,71.4000015258789,69.70999908447266,71.26000213623047,728300,0.0,0.0
2022-08-25 00:00:00-04:00,71.70999908447266,72.25,71.41000366210938,72.19999694824219,828500,0.0,0.0
2022-08-26 00:00:00-04:00,72.23999786376953,72.38999938964844,70.19999694824219,70.20999908447266,906900,0.0,0.0
2022-08-29 00:00:00-04:00,69.5999984741211,71.88999938964844,69.29000091552734,71.11000061035156,1072600,0.0,0.0
2022-08-30 00:00:00-04:00,70.12000274658203,70.16999816894531,67.83999633789062,68.0999984741211,1071500,0.0,0.0
2022-08-31 00:00:00-04:00,66.56999969482422,69.36000061035156,66.38999938964844,68.2300033569336,1741100,0.0,0.0
2022-09-01 00:00:00-04:00,67.58999633789062,67.87999725341797,65.76000213623047,67.63999938964844,1313200,0.0,0.0
2022-09-02 00:00:00-04:00,69.62000274658203,70.33000183105469,68.44000244140625,69.62000274658203,1291600,0.0,0.0
2022-09-06 00:00:00-04:00,70.05000305175781,70.44000244140625,67.66999816894531,68.05000305175781,1262900,0.0,0.0
2022-09-07 00:00:00-04:00,66.9800033569336,68.55000305175781,66.20999908447266,68.18000030517578,1453200,0.0,0.0
2022-09-08 00:00:00-04:00,68.63999938964844,70.87000274658203,68.41000366210938,70.13999938964844,1848300,0.0,0.0
2022-09-09 00:00:00-04:00,71.16999816894531,72.12000274658203,70.88999938964844,71.86000061035156,1303900,0.0,0.0
2022-09-12 00:00:00-04:00,72.70999908447266,73.66999816894531,71.87000274658203,72.72000122070312,1367000,0.0,0.0
2022-09-13 00:00:00-04:00,71.41999816894531,72.19000244140625,68.72000122070312,69.05999755859375,1984400,0.0,0.0
2022-09-14 00:00:00-04:00,69.44000244140625,72.83000183105469,69.44000244140625,72.44999694824219,2144600,0.0,0.0
2022-09-15 00:00:00-04:00,71.05000305175781,73.1500015258789,71.0,72.1500015258789,1866000,0.0,0.0
2022-09-16 00:00:00-04:00,71.58000183105469,71.69999694824219,67.88999938964844,68.73999786376953,3053600,0.0,0.0
2022-09-19 00:00:00-04:00,67.0,69.7300033569336,66.87000274658203,69.36000061035156,1577900,0.0,0.0
2022-09-20 00:00:00-04:00,69.16999816894531,69.33000183105469,67.79000091552734,68.5199966430664,1862500,0.0,0.0
2022-09-21 00:00:00-04:00,69.94999694824219,69.94999694824219,66.79000091552734,66.88999938964844,1698100,0.0,0.0
2022-09-22 00:00:00-04:00,67.81999969482422,67.81999969482422,65.29000091552734,65.44999694824219,1274100,0.0,0.0
2022-09-23 00:00:00-04:00,63.09000015258789,63.209999084472656,58.81999969482422,59.75,2195800,0.0,0.0
2022-09-26 00:00:00-04:00,59.25,60.0099983215332,57.22999954223633,57.279998779296875,2475300,0.0,0.0
2022-09-27 00:00:00-04:00,58.7599983215332,59.790000915527344,57.630001068115234,58.20000076293945,2359100,0.0,0.0
2022-09-28 00:00:00-04:00,58.61000061035156,61.290000915527344,58.45000076293945,61.099998474121094,2251500,0.0,0.0
2022-09-29 00:00:00-04:00,60.380001068115234,60.900001525878906,58.599998474121094,60.79999923706055,1599700,0.0,0.0
2022-09-30 00:00:00-04:00,60.41999816894531,61.619998931884766,59.65999984741211,60.34000015258789,2355100,0.0,0.0
2022-10-03 00:00:00-04:00,62.849998474121094,64.08000183105469,62.27000045776367,62.97999954223633,1792300,0.0,0.0
2022-10-04 00:00:00-04:00,64.70999908447266,65.63999938964844,64.36000061035156,65.37000274658203,2071900,0.0,0.0
2022-10-05 00:00:00-04:00,64.62000274658203,66.66999816894531,63.310001373291016,66.12999725341797,2018800,0.0,0.0
2022-10-06 00:00:00-04:00,65.5,66.87999725341797,64.83999633789062,64.87000274658203,1257700,0.0,0.0
2022-10-07 00:00:00-04:00,64.38999938964844,64.95999908447266,62.7400016784668,63.77000045776367,3516200,0.0,0.0
2022-10-10 00:00:00-04:00,63.5,65.37000274658203,62.90999984741211,63.36000061035156,2869300,0.0,0.0
2022-10-11 00:00:00-04:00,62.90999984741211,66.16000366210938,62.75,65.8499984741211,49033200,0.0,0.0
2022-10-12 00:00:00-04:00,65.30999755859375,65.79000091552734,64.2699966430664,64.83999633789062,2730500,0.0,0.0
2022-10-13 00:00:00-04:00,63.86000061035156,68.55999755859375,63.810001373291016,68.37999725341797,2400400,0.0,0.0
2022-10-14 00:00:00-04:00,67.77999877929688,68.55999755859375,64.80000305175781,64.95999908447266,2138500,0.0,0.0
2022-10-17 00:00:00-04:00,66.0199966430664,66.69000244140625,65.43000030517578,66.08000183105469,1818500,0.0,0.0
2022-10-18 00:00:00-04:00,66.94999694824219,68.06999969482422,65.76000213623047,67.13999938964844,1705100,0.0,0.0
2022-10-19 00:00:00-04:00,67.13999938964844,68.0999984741211,66.69999694824219,67.12000274658203,1918700,0.0,0.0
2022-10-20 00:00:00-04:00,67.45999908447266,67.45999908447266,65.16999816894531,65.7699966430664,1736700,0.0,0.0
2022-10-21 00:00:00-04:00,66.3499984741211,68.01000213623047,64.97000122070312,67.79000091552734,1416900,0.0,0.0
2022-10-24 00:00:00-04:00,68.18000030517578,68.3499984741211,66.02999877929688,66.2699966430664,1909500,0.0,0.0
2022-10-25 00:00:00-04:00,66.22000122070312,66.7699966430664,65.4800033569336,66.72000122070312,2151700,0.0,0.0
2022-10-26 00:00:00-04:00,67.19999694824219,68.4000015258789,66.81999969482422,67.30999755859375,1722100,0.0,0.0
2022-10-27 00:00:00-04:00,68.5,68.87999725341797,67.62000274658203,67.9000015258789,1655700,0.0,0.0
2022-10-28 00:00:00-04:00,67.9800033569336,68.33999633789062,65.66000366210938,67.16000366210938,1193300,0.0,0.0
2022-10-31 00:00:00-04:00,66.55999755859375,68.79000091552734,66.55999755859375,68.37000274658203,1409700,0.0,0.0
2022-11-01 00:00:00-04:00,69.41999816894531,69.69000244140625,68.02999877929688,68.5,1442000,0.0,0.0
2022-11-02 00:00:00-04:00,68.06999969482422,69.75,66.68000030517578,67.0,2012600,0.0,0.0
2022-11-03 00:00:00-04:00,66.62000274658203,71.55000305175781,65.81999969482422,69.69000244140625,2680900,0.0,0.0
2022-11-04 00:00:00-04:00,71.6500015258789,72.94999694824219,69.47000122070312,70.37000274658203,2190800,0.0,0.0
2022-11-07 00:00:00-05:00,70.70999908447266,72.18000030517578,70.02999877929688,71.33999633789062,1911400,0.0,0.0
2022-11-08 00:00:00-05:00,71.5199966430664,72.54000091552734,70.80000305175781,72.19000244140625,1561600,0.0,0.0
2022-11-09 00:00:00-05:00,71.18000030517578,71.51000213623047,68.25,68.30999755859375,1801300,0.0,0.0
2022-11-10 00:00:00-05:00,70.0199966430664,72.06999969482422,68.66999816894531,71.58999633789062,1626100,0.0,0.0
2022-11-11 00:00:00-05:00,72.8499984741211,73.79000091552734,71.36000061035156,72.63999938964844,1383100,0.0,0.0
2022-11-14 00:00:00-05:00,72.23999786376953,73.48999786376953,71.88999938964844,71.91000366210938,1202500,0.0,0.0
2022-11-15 00:00:00-05:00,72.61000061035156,74.43000030517578,72.20999908447266,74.19000244140625,1112500,0.0,0.0
2022-11-16 00:00:00-05:00,73.2699966430664,74.02999877929688,71.26000213623047,72.1500015258789,1388200,0.0,0.0
2022-11-17 00:00:00-05:00,71.0999984741211,71.27999877929688,69.7699966430664,70.97000122070312,1004400,0.0,0.0
2022-11-18 00:00:00-05:00,70.11000061035156,72.58999633789062,68.66999816894531,72.33000183105469,2910700,0.0,0.0
2022-11-21 00:00:00-05:00,70.9800033569336,71.27999877929688,68.2699966430664,70.62999725341797,1413400,0.0,0.0
2022-11-22 00:00:00-05:00,72.05999755859375,74.4000015258789,71.70999908447266,74.02999877929688,1422600,0.0,0.0
2022-11-23 00:00:00-05:00,73.05000305175781,73.69000244140625,72.61000061035156,73.38999938964844,935000,0.0,0.0
2022-11-25 00:00:00-05:00,74.06999969482422,74.30999755859375,73.18000030517578,73.30999755859375,372700,0.0,0.0
2022-11-28 00:00:00-05:00,71.37000274658203,73.1500015258789,70.88999938964844,72.29000091552734,1064000,0.0,0.0
2022-11-29 00:00:00-05:00,73.12999725341797,73.75,72.2699966430664,73.72000122070312,1535900,0.0,0.0
2022-11-30 00:00:00-05:00,74.47000122070312,74.69999694824219,72.87000274658203,74.38999938964844,3224200,0.0,0.0
2022-12-01 00:00:00-05:00,75.0,76.12999725341797,74.62000274658203,74.94999694824219,1356700,0.0,0.0
2022-12-02 00:00:00-05:00,74.04000091552734,75.51000213623047,73.94000244140625,75.19000244140625,1142100,0.0,0.0
2022-12-05 00:00:00-05:00,75.9800033569336,76.06999969482422,71.51000213623047,72.0,1499200,0.0,0.0
2022-12-06 00:00:00-05:00,71.62000274658203,72.69000244140625,68.83000183105469,69.6500015258789,1668000,0.0,0.0
2022-12-07 00:00:00-05:00,69.5999984741211,70.41000366210938,68.43000030517578,68.56999969482422,1708700,0.0,0.0
2022-12-08 00:00:00-05:00,69.80000305175781,70.02999877929688,67.73999786376953,68.2699966430664,1340900,0.0,0.0
2022-12-09 00:00:00-05:00,68.08999633789062,69.5199966430664,67.73999786376953,68.62000274658203,1637300,0.0,0.0
2022-12-12 00:00:00-05:00,69.11000061035156,70.41999816894531,68.94999694824219,70.41999816894531,1038700,0.0,0.0
2022-12-13 00:00:00-05:00,72.19000244140625,72.80000305175781,71.0,72.73999786376953,1884600,0.0,0.0
2022-12-14 00:00:00-05:00,73.27999877929688,73.9800033569336,71.18000030517578,73.2699966430664,1776300,0.0,0.0
2022-12-15 00:00:00-05:00,72.06999969482422,72.36000061035156,70.45999908447266,71.11000061035156,1223000,0.0,0.0
2022-12-16 00:00:00-05:00,69.54000091552734,70.5199966430664,68.73999786376953,70.0999984741211,3718700,0.0,0.0
2022-12-19 00:00:00-05:00,70.61000061035156,70.87000274658203,68.43000030517578,69.04000091552734,985300,0.0,0.0
2022-12-20 00:00:00-05:00,69.08000183105469,70.05000305175781,68.80999755859375,69.77999877929688,1314000,0.0,0.0
2022-12-21 00:00:00-05:00,70.95999908447266,72.16999816894531,70.18000030517578,72.08000183105469,1663800,0.0,0.0
2022-12-22 00:00:00-05:00,71.87999725341797,72.31999969482422,69.1500015258789,70.70999908447266,1374200,0.0,0.0
2022-12-23 00:00:00-05:00,71.20999908447266,73.43000030517578,71.13999938964844,73.36000061035156,882100,0.0,0.0
2022-12-27 00:00:00-05:00,73.58999633789062,73.98999786376953,73.05000305175781,73.88999938964844,711100,0.0,0.0
2022-12-28 00:00:00-05:00,73.75,73.8499984741211,71.7699966430664,71.94999694824219,850600,0.0,0.0
2022-12-29 00:00:00-05:00,71.75,73.94000244140625,71.73999786376953,73.63999938964844,824700,0.0,0.0
2022-12-30 00:00:00-05:00,73.2300033569336,73.97000122070312,72.79000091552734,73.5,1549900,0.0,0.0
2023-01-03 00:00:00-05:00,73.26000213623047,73.79000091552734,69.37999725341797,70.6500015258789,1565300,0.0,0.0
2023-01-04 00:00:00-05:00,70.1500015258789,71.88999938964844,69.5,71.02999877929688,1997400,0.0,0.0
2023-01-05 00:00:00-05:00,70.5,71.45999908447266,70.19000244140625,70.93000030517578,1218900,0.0,0.0
2023-01-06 00:00:00-05:00,72.19000244140625,74.66000366210938,72.19000244140625,73.0999984741211,1789700,0.0,0.0
2023-01-09 00:00:00-05:00,74.43000030517578,75.26000213623047,73.93000030517578,74.91999816894531,1419100,0.0,0.0
2023-01-10 00:00:00-05:00,74.73999786376953,75.25,72.80000305175781,74.38999938964844,1329600,0.0,0.0
2023-01-11 00:00:00-05:00,75.01000213623047,75.41000366210938,74.06999969482422,74.6500015258789,1280100,0.0,0.0
2023-01-12 00:00:00-05:00,75.2300033569336,76.33000183105469,74.88999938964844,75.41000366210938,1931800,0.0,0.0
2023-01-13 00:00:00-05:00,75.0999984741211,75.5999984741211,74.0199966430664,75.4000015258789,735300,0.0,0.0
2023-01-17 00:00:00-05:00,75.79000091552734,76.4000015258789,74.93000030517578,75.13999938964844,1036800,0.0,0.0
2023-01-18 00:00:00-05:00,75.8499984741211,75.8499984741211,73.37999725341797,73.41999816894531,1546100,0.0,0.0
2023-01-19 00:00:00-05:00,72.9800033569336,75.2699966430664,72.9800033569336,74.87000274658203,1192200,0.0,0.0
2023-01-20 00:00:00-05:00,75.1500015258789,75.97000122070312,74.02999877929688,75.66000366210938,1045200,0.0,0.0
2023-01-23 00:00:00-05:00,76.19999694824219,76.27999877929688,75.0,75.5999984741211,1364900,0.0,0.0
2023-01-24 00:00:00-05:00,75.2300033569336,75.56999969482422,73.44999694824219,75.08999633789062,1262600,0.0,0.0
2023-01-25 00:00:00-05:00,74.4000015258789,75.33000183105469,73.08000183105469,75.30999755859375,1248900,0.0,0.0
2023-01-26 00:00:00-05:00,76.1500015258789,76.30999755859375,74.56999969482422,76.05000305175781,1196200,0.0,0.0
2023-01-27 00:00:00-05:00,75.75,76.22000122070312,74.94000244140625,75.3499984741211,1104800,0.0,0.0
2023-01-30 00:00:00-05:00,74.18000030517578,74.87000274658203,73.62999725341797,73.83999633789062,946800,0.0,0.0
2023-01-31 00:00:00-05:00,74.18000030517578,75.05999755859375,73.33000183105469,75.0199966430664,1163100,0.0,0.0
2023-02-01 00:00:00-05:00,74.33000183105469,75.1500015258789,73.16999816894531,74.58000183105469,1522800,0.0,0.0
2023-02-02 00:00:00-05:00,75.54000091552734,75.76000213623047,73.94999694824219,74.7699966430664,1895300,0.0,0.0
2023-02-03 00:00:00-05:00,74.55000305175781,75.54000091552734,73.08000183105469,73.41000366210938,1092300,0.0,0.0
2023-02-06 00:00:00-05:00,73.2699966430664,73.77999877929688,72.08000183105469,72.52999877929688,2090100,0.0,0.0
2023-02-07 00:00:00-05:00,72.79000091552734,74.80999755859375,72.13999938964844,74.5999984741211,1339900,0.0,0.0
2023-02-08 00:00:00-05:00,74.38999938964844,75.44000244140625,74.12999725341797,75.16999816894531,1372800,0.0,0.0
2023-02-09 00:00:00-05:00,75.4000015258789,75.8499984741211,74.1500015258789,74.37999725341797,1263000,0.0,0.0
2023-02-10 00:00:00-05:00,75.26000213623047,76.7699966430664,74.8499984741211,76.75,2093500,0.0,0.0
2023-02-13 00:00:00-05:00,76.48999786376953,77.12999725341797,75.70999908447266,76.63999938964844,1568000,0.0,0.0
2023-02-14 00:00:00-05:00,76.11000061035156,77.44000244140625,75.5,77.22000122070312,1200200,0.0,0.0
2023-02-15 00:00:00-05:00,76.33999633789062,76.86000061035156,75.29000091552734,76.5,1206000,0.0,0.0
2023-02-16 00:00:00-05:00,75.76000213623047,77.2300033569336,75.33000183105469,76.08000183105469,1268400,0.0,0.0
2023-02-17 00:00:00-05:00,75.1500015258789,75.26000213623047,73.37000274658203,73.94000244140625,1436600,0.0,0.0
2023-02-21 00:00:00-05:00,73.36000061035156,74.23999786376953,72.47000122070312,73.29000091552734,2034100,0.0,0.0
2023-02-22 00:00:00-05:00,72.97000122070312,77.88999938964844,72.91999816894531,75.55999755859375,3295600,0.0,0.0
2023-02-23 00:00:00-05:00,76.98999786376953,77.06999969482422,75.37999725341797,76.47000122070312,2151500,0.0,0.0
2023-02-24 00:00:00-05:00,75.52999877929688,76.36000061035156,75.01000213623047,75.76000213623047,1780400,0.0,0.0
2023-02-27 00:00:00-05:00,76.19999694824219,76.41000366210938,74.80000305175781,75.26000213623047,1537000,0.0,0.0
2023-02-28 00:00:00-05:00,75.5999984741211,76.0199966430664,74.04000091552734,74.0999984741211,1767800,0.0,0.0
2023-03-01 00:00:00-05:00,74.63999938964844,76.4800033569336,74.04000091552734,76.29000091552734,1868800,0.0,0.0
2023-03-02 00:00:00-05:00,75.98999786376953,77.41999816894531,75.48999786376953,77.25,1699600,0.0,0.0
2023-03-03 00:00:00-05:00,76.9000015258789,79.69999694824219,76.62999725341797,79.23999786376953,1976800,0.0,0.0
2023-03-06 00:00:00-05:00,78.83999633789062,79.12000274658203,78.02999877929688,78.47000122070312,1768700,0.0,0.0
2023-03-07 00:00:00-05:00,78.22000122070312,78.30999755859375,76.83000183105469,77.02999877929688,1480400,0.0,0.0
2023-03-08 00:00:00-05:00,77.0,77.62000274658203,75.41000366210938,76.44999694824219,1060600,0.0,0.0
2023-03-09 00:00:00-05:00,76.9800033569336,77.72000122070312,75.08999633789062,75.19999694824219,1279000,0.0,0.0
2023-03-10 00:00:00-05:00,75.19000244140625,75.70999908447266,73.41000366210938,73.55000305175781,1358000,0.0,0.0
2023-03-13 00:00:00-04:00,71.79000091552734,73.91999816894531,70.0999984741211,72.20999908447266,1867300,0.0,0.0
2023-03-14 00:00:00-04:00,72.76000213623047,74.58999633789062,71.30000305175781,72.37000274658203,1538900,0.0,0.0
2023-03-15 00:00:00-04:00,69.76000213623047,69.77999877929688,66.81999969482422,68.1500015258789,2956800,0.0,0.0
2023-03-16 00:00:00-04:00,66.69000244140625,68.8499984741211,65.56999969482422,68.66999816894531,2809400,0.0,0.0
2023-03-17 00:00:00-04:00,68.2699966430664,69.4000015258789,66.37999725341797,67.47000122070312,5334000,0.0,0.0
2023-03-20 00:00:00-04:00,67.66999816894531,69.5,67.52999877929688,68.62000274658203,1799600,0.0,0.0
2023-03-21 00:00:00-04:00,70.08000183105469,71.27999877929688,69.69999694824219,70.94999694824219,1960600,0.0,0.0
2023-03-22 00:00:00-04:00,70.86000061035156,71.1500015258789,68.18000030517578,68.19999694824219,1798000,0.0,0.0
2023-03-23 00:00:00-04:00,68.45999908447266,69.38999938964844,66.29000091552734,66.8499984741211,1156600,0.0,0.0
2023-03-24 00:00:00-04:00,65.4800033569336,67.73999786376953,64.8499984741211,67.5199966430664,1504700,0.0,0.0
2023-03-27 00:00:00-04:00,68.80999755859375,70.44999694824219,68.30999755859375,69.83999633789062,1495900,0.0,0.0
2023-03-28 00:00:00-04:00,69.30000305175781,70.58000183105469,69.30000305175781,70.26000213623047,1317200,0.0,0.0
2023-03-29 00:00:00-04:00,71.3499984741211,71.83999633789062,70.66000366210938,71.16000366210938,1184100,0.0,0.0
2023-03-30 00:00:00-04:00,72.0,72.30000305175781,71.12999725341797,71.61000061035156,813900,0.0,0.0
2023-03-31 00:00:00-04:00,71.76000213623047,73.05000305175781,71.62000274658203,72.94999694824219,2256200,0.0,0.0
2023-04-03 00:00:00-04:00,75.19999694824219,77.58000183105469,75.16000366210938,75.41000366210938,2503000,0.0,0.0
2023-04-04 00:00:00-04:00,75.25,75.63999938964844,73.23999786376953,74.68000030517578,1650000,0.0,0.0
2023-04-05 00:00:00-04:00,74.62999725341797,75.33999633789062,73.48999786376953,75.27999877929688,2136600,0.0,0.0
2023-04-06 00:00:00-04:00,75.62000274658203,75.62000274658203,74.68000030517578,74.93000030517578,1027600,0.0,0.0
2023-04-10 00:00:00-04:00,75.13999938964844,76.19000244140625,74.8499984741211,75.4000015258789,1007500,0.0,0.0
2023-04-11 00:00:00-04:00,76.11000061035156,77.1500015258789,75.86000061035156,76.31999969482422,1139100,0.0,0.0
2023-04-12 00:00:00-04:00,76.69999694824219,76.9800033569336,76.01000213623047,76.12000274658203,1235500,0.0,0.0
2023-04-13 00:00:00-04:00,76.0,76.72000122070312,75.69000244140625,76.62000274658203,945200,0.0,0.0
2023-04-14 00:00:00-04:00,76.88999938964844,78.06999969482422,76.88999938964844,77.91000366210938,1119100,0.0,0.0
2023-04-17 00:00:00-04:00,77.97000122070312,78.08999633789062,76.1500015258789,76.5,1376500,0.0,0.0
2023-04-18 00:00:00-04:00,76.75,77.01000213623047,75.91999816894531,76.86000061035156,1286800,0.0,0.0
2023-04-19 00:00:00-04:00,75.94000244140625,76.2699966430664,75.31999969482422,76.2300033569336,1446800,0.0,0.0
2023-04-20 00:00:00-04:00,75.36000061035156,75.70999908447266,74.30999755859375,75.55999755859375,1301000,0.0,0.0
2023-04-21 00:00:00-04:00,76.16000366210938,76.27999877929688,75.2300033569336,75.61000061035156,1107400,0.0,0.0
2023-04-24 00:00:00-04:00,75.61000061035156,77.58000183105469,75.61000061035156,76.98999786376953,1549900,0.0,0.0
2023-04-25 00:00:00-04:00,76.29000091552734,76.83000183105469,75.47000122070312,75.51000213623047,1596100,0.0,0.0
2023-04-26 00:00:00-04:00,74.93000030517578,75.72000122070312,73.70999908447266,74.37999725341797,1290700,0.0,0.0
2023-04-27 00:00:00-04:00,73.9800033569336,74.83000183105469,73.38999938964844,74.27999877929688,1427400,0.0,0.0
2023-04-28 00:00:00-04:00,74.08999633789062,75.9800033569336,74.04000091552734,75.52999877929688,1094100,0.0,0.0
2023-05-01 00:00:00-04:00,74.76000213623047,75.76000213623047,74.61000061035156,75.4000015258789,1083000,0.0,0.0
2023-05-02 00:00:00-04:00,74.66000366210938,74.7300033569336,71.31999969482422,72.26000213623047,1605300,0.0,0.0
2023-05-03 00:00:00-04:00,71.3499984741211,72.58000183105469,70.94000244140625,71.38999938964844,2018000,0.0,0.0
2023-05-04 00:00:00-04:00,71.58000183105469,71.9800033569336,69.12000274658203,69.3499984741211,2309500,0.0,0.0
2023-05-05 00:00:00-04:00,71.62999725341797,72.3499984741211,71.04000091552734,71.87999725341797,2238400,0.0,0.0
2023-05-08 00:00:00-04:00,72.9000015258789,73.18000030517578,71.04000091552734,71.25,1493000,0.0,0.0
2023-05-09 00:00:00-04:00,70.76000213623047,71.86000061035156,70.48999786376953,71.18000030517578,1438900,0.0,0.0
2023-05-10 00:00:00-04:00,71.86000061035156,71.93000030517578,70.18000030517578,70.80000305175781,2307100,0.0,0.0
2023-05-11 00:00:00-04:00,70.11000061035156,70.87999725341797,69.37999725341797,69.69000244140625,1577600,0.0,0.0
2023-05-12 00:00:00-04:00,70.25,70.61000061035156,69.41999816894531,69.88999938964844,1862700,0.0,0.0
2023-05-15 00:00:00-04:00,70.0,71.19000244140625,68.55000305175781,70.77999877929688,2679000,0.0,0.0
2023-05-16 00:00:00-04:00,70.62000274658203,70.93000030517578,68.19999694824219,68.51000213623047,1869000,0.0,0.0
2023-05-17 00:00:00-04:00,69.19999694824219,70.06999969482422,68.16000366210938,69.44999694824219,1519800,0.0,0.0
2023-05-18 00:00:00-04:00,68.98999786376953,69.91000366210938,68.52999877929688,69.6500015258789,2320900,0.0,0.0
2023-05-19 00:00:00-04:00,70.29000091552734,70.41000366210938,69.19000244140625,70.22000122070312,1442300,0.0,0.0
2023-05-22 00:00:00-04:00,70.05000305175781,71.69000244140625,70.02999877929688,71.23999786376953,1169000,0.0,0.0
2023-05-23 00:00:00-04:00,71.33000183105469,72.04000091552734,70.70999908447266,70.95999908447266,1295000,0.0,0.0
2023-05-24 00:00:00-04:00,71.31999969482422,71.61000061035156,70.33000183105469,70.83999633789062,941800,0.0,0.0
2023-05-25 00:00:00-04:00,70.0,70.51000213623047,68.97000122070312,69.41000366210938,1157200,0.0,0.0
2023-05-26 00:00:00-04:00,69.76000213623047,70.11000061035156,68.6500015258789,69.19000244140625,1048700,0.0,0.0
2023-05-30 00:00:00-04:00,68.45999908447266,68.80999755859375,67.87000274658203,68.48999786376953,955300,0.0,0.0
2023-05-31 00:00:00-04:00,67.5999984741211,68.56999969482422,67.36000061035156,68.05000305175781,2623000,0.0,0.0
2023-06-01 00:00:00-04:00,68.23999786376953,69.5199966430664,67.55999755859375,68.80000305175781,1663300,0.0,0.0
2023-06-02 00:00:00-04:00,70.0,72.11000061035156,69.61000061035156,71.48999786376953,2418100,0.0,0.0
2023-06-05 00:00:00-04:00,72.37999725341797,72.66999816894531,70.55000305175781,70.9000015258789,1354100,0.0,0.0
2023-06-06 00:00:00-04:00,70.05000305175781,71.2699966430664,70.02999877929688,71.05999755859375,1805000,0.0,0.0
2023-06-07 00:00:00-04:00,71.62000274658203,72.87999725341797,71.44999694824219,72.77999877929688,1479600,0.0,0.0
2023-06-08 00:00:00-04:00,72.77999877929688,72.9800033569336,70.91999816894531,72.2699966430664,1804300,0.0,0.0
2023-06-09 00:00:00-04:00,72.41000366210938,72.45999908447266,70.47000122070312,70.80999755859375,1904300,0.0,0.0
2023-06-12 00:00:00-04:00,70.0,70.93000030517578,69.44000244140625,70.13999938964844,2003600,0.0,0.0
2023-06-13 00:00:00-04:00,70.75,72.11000061035156,70.43000030517578,70.91999816894531,1459100,0.0,0.0
2023-06-14 00:00:00-04:00,71.58000183105469,71.91000366210938,70.06999969482422,70.97000122070312,1591700,0.0,0.0
2023-06-15 00:00:00-04:00,70.98999786376953,72.16999816894531,70.98999786376953,71.91000366210938,1533500,0.0,0.0
2023-06-16 00:00:00-04:00,72.30999755859375,72.55000305175781,71.56999969482422,71.79000091552734,2759300,0.0,0.0
2023-06-20 00:00:00-04:00,71.68000030517578,71.68000030517578,69.94999694824219,70.94000244140625,1530100,0.0,0.0
2023-06-21 00:00:00-04:00,70.73999786376953,72.37999725341797,70.66000366210938,71.94999694824219,1602000,0.0,0.0
2023-06-22 00:00:00-04:00,71.55000305175781,71.7699966430664,70.70999908447266,71.18000030517578,1293400,0.0,0.0
2023-06-23 00:00:00-04:00,70.1500015258789,71.0,69.86000061035156,69.91999816894531,1695200,0.0,0.0
2023-06-26 00:00:00-04:00,70.1500015258789,72.19000244140625,70.0199966430664,71.52999877929688,1466900,0.0,0.0
2023-06-27 00:00:00-04:00,71.70999908447266,72.76000213623047,71.20999908447266,72.69000244140625,1662900,0.0,0.0
2023-06-28 00:00:00-04:00,72.93000030517578,74.18000030517578,72.3499984741211,74.11000061035156,2593400,0.0,0.0
2023-06-29 00:00:00-04:00,74.41000366210938,75.25,74.19999694824219,75.20999908447266,1461700,0.0,0.0
2023-06-30 00:00:00-04:00,75.88999938964844,76.58000183105469,75.30999755859375,76.0999984741211,1352100,0.0,0.0
2023-07-03 00:00:00-04:00,76.16000366210938,77.27999877929688,76.13999938964844,77.01000213623047,814000,0.0,0.0
2023-07-05 00:00:00-04:00,77.22000122070312,77.30000305175781,76.1500015258789,76.44999694824219,1454700,0.0,0.0
2023-07-06 00:00:00-04:00,75.91999816894531,76.4800033569336,74.94999694824219,76.01000213623047,1539000,0.0,0.0
2023-07-07 00:00:00-04:00,75.83999633789062,78.06999969482422,75.68000030517578,77.30000305175781,2236600,0.0,0.0
2023-07-10 00:00:00-04:00,76.87999725341797,77.76000213623047,76.61000061035156,77.0199966430664,1670100,0.0,0.0
2023-07-11 00:00:00-04:00,77.22000122070312,78.86000061035156,76.94000244140625,78.5,1958400,0.0,0.0
2023-07-12 00:00:00-04:00,79.22000122070312,79.70999908447266,78.4800033569336,79.0199966430664,1455700,0.0,0.0
2023-07-13 00:00:00-04:00,79.02999877929688,79.98999786376953,78.91999816894531,79.58000183105469,1360800,0.0,0.0
2023-07-14 00:00:00-04:00,79.01000213623047,79.11000061035156,77.77999877929688,78.02999877929688,1051900,0.0,0.0
2023-07-17 00:00:00-04:00,77.93000030517578,78.45999908447266,77.05999755859375,77.69999694824219,1184600,0.0,0.0
2023-07-18 00:00:00-04:00,77.4800033569336,78.7300033569336,77.2699966430664,78.47000122070312,1044400,0.0,0.0
2023-07-19 00:00:00-04:00,78.20999908447266,78.95999908447266,78.20999908447266,78.73999786376953,984500,0.0,0.0
2023-07-20 00:00:00-04:00,79.69000244140625,79.81999969482422,79.12000274658203,79.58999633789062,1673300,0.0,0.0
2023-07-21 00:00:00-04:00,80.0,80.91000366210938,79.55999755859375,80.66000366210938,1023100,0.0,0.0
2023-07-24 00:00:00-04:00,81.06999969482422,81.9000015258789,80.98999786376953,81.37999725341797,847700,0.0,0.0
2023-07-25 00:00:00-04:00,81.27999877929688,81.93000030517578,80.9000015258789,81.66999816894531,1262800,0.0,0.0
2023-07-26 00:00:00-04:00,80.86000061035156,81.94000244140625,80.83000183105469,81.37999725341797,758300,0.0,0.0
2023-07-27 00:00:00-04:00,81.62000274658203,81.81999969482422,80.44999694824219,80.55999755859375,1188600,0.0,0.0
2023-07-28 00:00:00-04:00,80.69000244140625,80.69000244140625,79.76000213623047,80.62999725341797,1084500,0.0,0.0
2023-07-31 00:00:00-04:00,81.30000305175781,81.98999786376953,80.6500015258789,81.98999786376953,1104900,0.0,0.0
2023-08-01 00:00:00-04:00,81.75,81.77999877929688,80.4000015258789,81.61000061035156,1161300,0.0,0.0
2023-08-02 00:00:00-04:00,80.87999725341797,81.58000183105469,80.37999725341797,81.16999816894531,1944500,0.0,0.0
2023-08-03 00:00:00-04:00,80.5,83.30000305175781,80.18000030517578,81.80999755859375,3012300,0.0,0.0
2023-08-04 00:00:00-04:00,82.25,85.30000305175781,82.25,82.47000122070312,2585500,0.0,0.0
2023-08-07 00:00:00-04:00,82.88999938964844,83.01000213623047,81.66000366210938,82.08999633789062,1417000,0.0,0.0
2023-08-08 00:00:00-04:00,81.04000091552734,82.94000244140625,80.12000274658203,82.83000183105469,1303800,0.0,0.0
2023-08-09 00:00:00-04:00,83.5,84.44999694824219,82.93000030517578,84.27999877929688,1429600,0.0,0.0
2023-08-10 00:00:00-04:00,84.36000061035156,85.52999877929688,83.97000122070312,84.20999908447266,1699300,0.0,0.0
2023-08-11 00:00:00-04:00,84.7300033569336,85.27999877929688,83.91999816894531,84.94000244140625,1064500,0.0,0.0
2023-08-14 00:00:00-04:00,84.66999816894531,84.95999908447266,83.6500015258789,84.58999633789062,1170900,0.0,0.0
2023-08-15 00:00:00-04:00,84.19999694824219,84.58999633789062,83.80000305175781,84.06999969482422,1416400,0.0,0.0
2023-08-16 00:00:00-04:00,84.12000274658203,84.72000122070312,83.08999633789062,83.19999694824219,1912600,0.0,0.0
2023-08-17 00:00:00-04:00,84.1500015258789,85.08000183105469,83.58000183105469,83.79000091552734,1705700,0.0,0.0
2023-08-18 00:00:00-04:00,83.55999755859375,84.76000213623047,83.01000213623047,84.75,2068600,0.0,0.0
2023-08-21 00:00:00-04:00,85.08000183105469,85.38999938964844,83.5,84.52999877929688,2553200,0.0,0.0
2023-08-22 00:00:00-04:00,84.72000122070312,84.83999633789062,83.56999969482422,83.69999694824219,1419900,0.0,0.0
2023-08-23 00:00:00-04:00,83.25,83.76000213623047,82.13999938964844,83.62999725341797,1231800,0.0,0.0
2023-08-24 00:00:00-04:00,82.88999938964844,84.79000091552734,82.7300033569336,84.08999633789062,1659400,0.0,0.0
2023-08-25 00:00:00-04:00,84.47000122070312,85.05999755859375,83.7699966430664,84.4800033569336,1432700,0.0,0.0
2023-08-28 00:00:00-04:00,84.4800033569336,85.5999984741211,84.4800033569336,85.29000091552734,1187500,0.0,0.0
2023-08-29 00:00:00-04:00,85.4800033569336,85.7699966430664,84.95999908447266,85.69999694824219,1011600,0.0,0.0
2023-08-30 00:00:00-04:00,85.9000015258789,86.7300033569336,85.9000015258789,86.19999694824219,853800,0.0,0.0
2023-08-31 00:00:00-04:00,86.33999633789062,87.26000213623047,85.87999725341797,86.25,1886600,0.0,0.0
2023-09-01 00:00:00-04:00,87.4800033569336,87.86000061035156,87.12999725341797,87.52999877929688,1218500,0.0,0.0
2023-09-05 00:00:00-04:00,87.75,87.83000183105469,86.80000305175781,86.8499984741211,1348700,0.0,0.0
2023-09-06 00:00:00-04:00,86.12999725341797,86.55999755859375,84.44999694824219,85.02999877929688,1664400,0.0,0.0
2023-09-07 00:00:00-04:00,85.13999938964844,85.75,84.4000015258789,85.51000213623047,1386000,0.0,0.0
2023-09-08 00:00:00-04:00,85.83000183105469,86.3499984741211,85.19999694824219,85.33000183105469,1156300,0.0,0.0
2023-09-11 00:00:00-04:00,85.94999694824219,86.37999725341797,83.22000122070312,83.83000183105469,1675300,0.0,0.0
2023-09-12 00:00:00-04:00,84.19000244140625,85.30000305175781,83.87000274658203,85.19000244140625,1246000,0.0,0.0
2023-09-13 00:00:00-04:00,84.95999908447266,85.38999938964844,83.86000061035156,84.7699966430664,1363400,0.0,0.0
2023-09-14 00:00:00-04:00,85.8499984741211,86.16999816894531,85.3499984741211,85.73999786376953,1469700,0.0,0.0
2023-09-15 00:00:00-04:00,85.33000183105469,86.0199966430664,84.30000305175781,84.66000366210938,3710500,0.0,0.0
2023-09-18 00:00:00-04:00,85.37000274658203,85.83999633789062,84.29000091552734,85.66000366210938,1200900,0.0,0.0
2023-09-19 00:00:00-04:00,86.4000015258789,86.66999816894531,84.62000274658203,85.1500015258789,1168400,0.0,0.0
2023-09-20 00:00:00-04:00,85.36000061035156,86.36000061035156,85.30000305175781,85.43000030517578,1229800,0.0,0.0
2023-09-21 00:00:00-04:00,85.58000183105469,85.58999633789062,83.05999755859375,83.06999969482422,1244700,0.0,0.0
2023-09-22 00:00:00-04:00,83.69999694824219,85.16000366210938,83.69999694824219,84.44000244140625,1283000,0.0,0.0
2023-09-25 00:00:00-04:00,84.22000122070312,86.01000213623047,84.22000122070312,85.31999969482422,1498700,0.0,0.0
2023-09-26 00:00:00-04:00,84.5,85.30999755859375,84.11000061035156,84.3499984741211,1661700,0.0,0.0
2023-09-27 00:00:00-04:00,85.30999755859375,87.12000274658203,85.0,86.58999633789062,1650600,0.0,0.0
2023-09-28 00:00:00-04:00,86.5199966430664,88.01000213623047,86.41000366210938,87.44000244140625,1467200,0.0,0.0
2023-09-29 00:00:00-04:00,87.22000122070312,87.43000030517578,85.41999816894531,85.72000122070312,1778400,0.0,0.0
2023-10-02 00:00:00-04:00,85.5199966430664,85.70999908447266,82.91000366210938,83.43000030517578,1591200,0.0,0.0
2023-10-03 00:00:00-04:00,83.11000061035156,83.37999725341797,80.9800033569336,82.06999969482422,2622100,0.0,0.0
2023-10-04 00:00:00-04:00,81.04000091552734,81.06999969482422,78.5,79.2300033569336,2904900,0.0,0.0
2023-10-05 00:00:00-04:00,77.97000122070312,80.30000305175781,77.97000122070312,80.1500015258789,2418300,0.0,0.0
2023-10-06 00:00:00-04:00,80.31999969482422,82.08999633789062,79.79000091552734,81.29000091552734,1924600,0.0,0.0
2023-10-09 00:00:00-04:00,83.22000122070312,83.55999755859375,82.12999725341797,83.13999938964844,1675600,0.0,0.0
2023-10-10 00:00:00-04:00,83.05000305175781,83.69000244140625,82.58000183105469,83.19999694824219,1509900,0.0,0.0
2023-10-11 00:00:00-04:00,82.7699966430664,85.58999633789062,82.7699966430664,85.5,1834200,0.0,0.0
2023-10-12 00:00:00-04:00,86.25,86.27999877929688,84.73999786376953,85.5199966430664,1507800,0.0,0.0
2023-10-13 00:00:00-04:00,86.91000366210938,87.77999877929688,86.19000244140625,87.22000122070312,1268300,0.0,0.0
2023-10-16 00:00:00-04:00,87.87999725341797,88.19999694824219,86.58000183105469,87.93000030517578,1188100,0.0,0.0
2023-10-17 00:00:00-04:00,87.91000366210938,88.77999877929688,87.41999816894531,87.8499984741211,1215100,0.0,0.0
2023-10-18 00:00:00-04:00,88.19000244140625,88.33999633789062,87.36000061035156,87.51000213623047,1043200,0.0,0.0
2023-10-19 00:00:00-04:00,87.52999877929688,88.7300033569336,86.63999938964844,87.70999908447266,938400,0.0,0.0
2023-10-20 00:00:00-04:00,87.44999694824219,87.83000183105469,86.43000030517578,86.69000244140625,1486100,0.0,0.0
2023-10-23 00:00:00-04:00,86.0,86.79000091552734,85.41000366210938,86.4000015258789,1656900,0.0,0.0
2023-10-24 00:00:00-04:00,86.91999816894531,86.94000244140625,84.98999786376953,85.48999786376953,2112000,0.0,0.0
2023-10-25 00:00:00-04:00,85.48999786376953,85.94000244140625,84.98999786376953,85.3499984741211,994100,0.0,0.0
2023-10-26 00:00:00-04:00,84.55999755859375,86.33999633789062,83.95999908447266,85.70999908447266,1327400,0.0,0.0
2023-10-27 00:00:00-04:00,85.58999633789062,85.79000091552734,83.80999755859375,84.38999938964844,1048900,0.0,0.0
2023-10-30 00:00:00-04:00,84.43000030517578,85.29000091552734,82.54000091552734,83.5999984741211,1621600,0.0,0.0
2023-10-31 00:00:00-04:00,83.81999969482422,84.22000122070312,82.9000015258789,83.61000061035156,1549400,0.0,0.0
2023-11-01 00:00:00-04:00,84.55999755859375,84.94999694824219,83.43000030517578,84.1500015258789,2353600,0.0,0.0
2023-11-02 00:00:00-04:00,83.4000015258789,90.5,82.97000122070312,90.25,4190000,0.0,0.0
2023-11-03 00:00:00-04:00,90.11000061035156,90.63999938964844,87.5999984741211,88.12000274658203,3436800,0.0,0.0
2023-11-06 00:00:00-05:00,88.3499984741211,89.29000091552734,87.1500015258789,87.54000091552734,2196600,0.0,0.0
2023-11-07 00:00:00-05:00,86.19999694824219,86.91999816894531,84.73999786376953,85.5199966430664,2277400,0.0,0.0
2023-11-08 00:00:00-05:00,84.7699966430664,85.18000030517578,83.33000183105469,83.37999725341797,2148800,0.0,0.0
2023-11-09 00:00:00-05:00,83.97000122070312,84.48999786376953,83.19999694824219,83.69000244140625,1913200,0.0,0.0
2023-11-10 00:00:00-05:00,84.98999786376953,84.98999786376953,83.72000122070312,84.55999755859375,1503800,0.0,0.0
2023-11-13 00:00:00-05:00,84.5999984741211,85.44000244140625,84.43000030517578,84.91000366210938,1188800,0.0,0.0
2023-11-14 00:00:00-05:00,85.76000213623047,86.7699966430664,85.56999969482422,86.43000030517578,1290800,0.0,0.0
2023-11-15 00:00:00-05:00,86.37000274658203,87.8499984741211,86.25,86.2699966430664,3314300,0.0,0.0
2023-11-16 00:00:00-05:00,85.44000244140625,86.18000030517578,83.30999755859375,83.8499984741211,1817700,0.0,0.0
2023-11-17 00:00:00-05:00,84.80000305175781,86.55000305175781,84.58000183105469,86.0199966430664,1400700,0.0,0.0
2023-11-20 00:00:00-05:00,86.61000061035156,87.26000213623047,86.13999938964844,86.87999725341797,1464600,0.0,0.0
2023-11-21 00:00:00-05:00,86.66000366210938,87.66000366210938,85.77999877929688,87.55999755859375,1260400,0.0,0.0
2023-11-22 00:00:00-05:00,86.08000183105469,87.27999877929688,85.27999877929688,87.22000122070312,1442000,0.0,0.0
2023-11-24 00:00:00-05:00,87.55000305175781,88.44000244140625,86.80000305175781,87.83999633789062,617100,0.0,0.0
2023-11-27 00:00:00-05:00,87.62999725341797,88.36000061035156,87.19000244140625,87.97000122070312,1206500,0.0,0.0
2023-11-28 00:00:00-05:00,88.30000305175781,88.81999969482422,87.5,87.5,1136200,0.0,0.0
2023-11-29 00:00:00-05:00,88.04000091552734,88.52999877929688,87.55999755859375,88.01000213623047,1352000,0.0,0.0
2023-11-30 00:00:00-05:00,88.5199966430664,90.7300033569336,88.38999938964844,90.44999694824219,5103700,0.0,0.0
2023-12-01 00:00:00-05:00,90.16000366210938,91.44000244140625,90.0,90.16000366210938,1288200,0.0,0.0
2023-12-04 00:00:00-05:00,89.4800033569336,90.66000366210938,89.0999984741211,89.30999755859375,2168400,0.0,0.0
2023-12-05 00:00:00-05:00,89.02999877929688,89.20999908447266,87.38999938964844,87.75,1436000,0.0,0.0
2023-12-06 00:00:00-05:00,87.27999877929688,88.0199966430664,85.5199966430664,85.62999725341797,1915600,0.0,0.0
2023-12-07 00:00:00-05:00,85.8499984741211,85.9800033569336,83.94999694824219,84.72000122070312,1607900,0.0,0.0
2023-12-08 00:00:00-05:00,85.19000244140625,86.7300033569336,85.08999633789062,86.55999755859375,1204700,0.0,0.0
2023-12-11 00:00:00-05:00,86.54000091552734,86.95999908447266,85.44000244140625,85.66000366210938,1241300,0.0,0.0
2023-12-12 00:00:00-05:00,84.83999633789062,84.86000061035156,83.26000213623047,84.44000244140625,1564800,0.0,0.0
2023-12-13 00:00:00-05:00,84.58000183105469,85.19000244140625,83.30999755859375,84.8499984741211,1513200,0.0,0.0
2023-12-14 00:00:00-05:00,85.80000305175781,87.0999984741211,85.56999969482422,86.27999877929688,1525500,0.0,0.0
2023-12-15 00:00:00-05:00,85.44000244140625,85.7699966430664,84.16999816894531,85.41000366210938,3494900,0.0,0.0
2023-12-18 00:00:00-05:00,87.06999969482422,87.55999755859375,85.73999786376953,85.9800033569336,1181700,0.0,0.0
2023-12-19 00:00:00-05:00,86.1500015258789,86.80000305175781,85.9000015258789,86.2699966430664,1373400,0.0,0.0
2023-12-20 00:00:00-05:00,86.2300033569336,87.18000030517578,85.6500015258789,85.77999877929688,1146500,0.0,0.0
2023-12-21 00:00:00-05:00,86.18000030517578,87.16000366210938,85.61000061035156,87.11000061035156,1028600,0.0,0.0
2023-12-22 00:00:00-05:00,87.54000091552734,87.81999969482422,86.47000122070312,86.70999908447266,874200,0.0,0.0
2023-12-26 00:00:00-05:00,87.30000305175781,87.87000274658203,86.87999725341797,87.55000305175781,658000,0.0,0.0
2023-12-27 00:00:00-05:00,87.30000305175781,88.02999877929688,86.62999725341797,87.05999755859375,695500,0.0,0.0
2023-12-28 00:00:00-05:00,86.77999877929688,87.45999908447266,86.27999877929688,86.3499984741211,917500,0.0,0.0
2023-12-29 00:00:00-05:00,86.47000122070312,86.94999694824219,86.08000183105469,86.87000274658203,1256600,0.0,0.0
2024-01-02 00:00:00-05:00,87.30000305175781,87.94999694824219,86.0999984741211,86.41999816894531,1434500,0.0,0.0
2024-01-03 00:00:00-05:00,86.23999786376953,87.94999694824219,85.9800033569336,87.75,1461900,0.0,0.0
2024-01-04 00:00:00-05:00,88.4800033569336,89.16000366210938,86.16999816894531,86.25,1313800,0.0,0.0
2024-01-05 00:00:00-05:00,86.66999816894531,86.83000183105469,85.25,85.79000091552734,1476600,0.0,0.0
2024-01-08 00:00:00-05:00,84.30000305175781,84.47000122070312,81.94999694824219,84.3499984741211,2395100,0.0,0.0
2024-01-09 00:00:00-05:00,84.22000122070312,84.29000091552734,82.80999755859375,83.5999984741211,1935400,0.0,0.0
2024-01-10 00:00:00-05:00,83.97000122070312,83.97000122070312,82.80000305175781,83.80999755859375,1436600,0.0,0.0
2024-01-11 00:00:00-05:00,83.94000244140625,84.36000061035156,82.37000274658203,83.2300033569336,1436600,0.0,0.0
2024-01-12 00:00:00-05:00,84.83000183105469,84.93000030517578,83.12000274658203,83.81999969482422,909600,0.0,0.0
2024-01-16 00:00:00-05:00,83.37000274658203,83.4800033569336,82.19000244140625,82.52999877929688,1386200,0.0,0.0
2024-01-17 00:00:00-05:00,81.76000213623047,82.87000274658203,81.43000030517578,81.48999786376953,1383200,0.0,0.0
2024-01-18 00:00:00-05:00,81.3499984741211,83.01000213623047,81.02999877929688,82.58999633789062,2369700,0.0,0.0
2024-01-19 00:00:00-05:00,82.7699966430664,82.7699966430664,81.66999816894531,82.48999786376953,1373100,0.0,0.0
2024-01-22 00:00:00-05:00,82.48999786376953,83.94000244140625,82.12999725341797,83.80999755859375,1630400,0.0,0.0
2024-01-23 00:00:00-05:00,83.69999694824219,84.4000015258789,82.8499984741211,83.2300033569336,1162900,0.0,0.0
2024-01-24 00:00:00-05:00,83.88999938964844,84.68000030517578,83.3499984741211,83.9800033569336,1141100,0.0,0.0
2024-01-25 00:00:00-05:00,84.51000213623047,86.01000213623047,84.0,85.98999786376953,1747900,0.0,0.0
2024-01-26 00:00:00-05:00,85.87999725341797,86.83999633789062,85.70999908447266,86.80999755859375,1216400,0.0,0.0
2024-01-29 00:00:00-05:00,86.6500015258789,86.75,85.16999816894531,86.4800033569336,1058600,0.0,0.0
2024-01-30 00:00:00-05:00,85.3499984741211,87.16999816894531,85.25,87.04000091552734,995400,0.0,0.0
2024-01-31 00:00:00-05:00,87.31999969482422,87.31999969482422,84.86000061035156,84.95999908447266,1088600,0.0,0.0
2024-02-01 00:00:00-05:00,85.41000366210938,86.58999633789062,84.80000305175781,86.04000091552734,1872500,0.0,0.0
2024-02-02 00:00:00-05:00,85.83000183105469,86.4800033569336,84.33000183105469,85.9800033569336,1703400,0.0,0.0
2024-02-05 00:00:00-05:00,85.75,85.94999694824219,84.43000030517578,85.56999969482422,1650300,0.0,0.0
2024-02-06 00:00:00-05:00,85.73999786376953,86.31999969482422,85.41000366210938,86.22000122070312,2364000,0.0,0.0
2024-02-07 00:00:00-05:00,86.6500015258789,87.06999969482422,85.7300033569336,87.05000305175781,1544800,0.0,0.0
2024-02-08 00:00:00-05:00,87.0,88.0,86.55999755859375,87.9000015258789,1382600,0.0,0.0
2024-02-09 00:00:00-05:00,88.05999755859375,88.62999725341797,87.05999755859375,87.08999633789062,1358100,0.0,0.0
2024-02-12 00:00:00-05:00,87.37000274658203,88.5199966430664,87.37000274658203,88.51000213623047,1448100,0.0,0.0
2024-02-13 00:00:00-05:00,88.41999816894531,88.9800033569336,87.44000244140625,88.44000244140625,1902800,0.0,0.0
2024-02-14 00:00:00-05:00,88.97000122070312,89.5999984741211,87.91999816894531,88.33999633789062,2358100,0.0,0.0
2024-02-15 00:00:00-05:00,89.55000305175781,93.48999786376953,88.5,93.2699966430664,5223500,0.0,0.0
2024-02-16 00:00:00-05:00,93.54000091552734,96.97000122070312,93.48999786376953,96.94000244140625,3841100,0.0,0.0
2024-02-20 00:00:00-05:00,96.86000061035156,96.93000030517578,95.27999877929688,96.36000061035156,3174000,0.0,0.0
2024-02-21 00:00:00-05:00,97.0,97.94000244140625,96.69999694824219,97.47000122070312,3338700,0.0,0.0
2024-02-22 00:00:00-05:00,96.97000122070312,99.04000091552734,96.83999633789062,98.36000061035156,3247600,0.0,0.0
2024-02-23 00:00:00-05:00,97.73999786376953,98.1500015258789,96.83000183105469,97.02999877929688,1944300,0.0,0.0
2024-02-26 00:00:00-05:00,96.6500015258789,97.83999633789062,95.87999725341797,97.55999755859375,1698700,0.0,0.0
2024-02-27 00:00:00-05:00,97.97000122070312,97.98999786376953,96.86000061035156,97.08000183105469,1269900,0.0,0.0
2024-02-28 00:00:00-05:00,97.05000305175781,97.76000213623047,96.63999938964844,97.4000015258789,886100,0.0,0.0
2024-02-29 00:00:00-05:00,97.44999694824219,98.41000366210938,97.29000091552734,98.23999786376953,1645400,0.0,0.0
2024-03-01 00:00:00-05:00,98.5999984741211,99.5999984741211,98.5999984741211,99.33999633789062,1241900,0.0,0.0
2024-03-04 00:00:00-05:00,99.44999694824219,101.08999633789062,99.04000091552734,100.98999786376953,1450100,0.0,0.0
2024-03-05 00:00:00-05:00,100.95999908447266,103.25,100.30000305175781,102.5199966430664,2176600,0.0,0.0
2024-03-06 00:00:00-05:00,103.61000061035156,105.58000183105469,103.04000091552734,104.29000091552734,2224800,0.0,0.0
2024-03-07 00:00:00-05:00,104.26000213623047,105.02999877929688,104.02999877929688,104.7300033569336,1679600,0.0,0.0
2024-03-08 00:00:00-05:00,104.4000015258789,105.18000030517578,103.31999969482422,103.83000183105469,1329500,0.0,0.0
2024-03-11 00:00:00-04:00,103.52999877929688,104.62000274658203,103.18000030517578,104.5999984741211,1313700,0.0,0.0
2024-03-12 00:00:00-04:00,104.31999969482422,105.70999908447266,104.23999786376953,105.55000305175781,1006100,0.0,0.0
2024-03-13 00:00:00-04:00,106.37999725341797,107.27999877929688,105.98999786376953,106.41999816894531,1120200,0.0,0.0
2024-03-14 00:00:00-04:00,106.30999755859375,106.87000274658203,104.91999816894531,105.63999938964844,1234300,0.0,0.0
2024-03-15 00:00:00-04:00,104.88999938964844,106.86000061035156,104.88999938964844,105.97000122070312,1930200,0.0,0.0
2024-03-18 00:00:00-04:00,106.52999877929688,107.44000244140625,106.04000091552734,107.36000061035156,1016400,0.0,0.0
2024-03-19 00:00:00-04:00,107.45999908447266,109.37999725341797,107.30999755859375,109.11000061035156,1912300,0.0,0.0
2024-03-20 00:00:00-04:00,109.12000274658203,109.44999694824219,108.6500015258789,109.08000183105469,1538700,0.0,0.0
2024-03-21 00:00:00-04:00,109.16999816894531,111.12999725341797,109.12999725341797,111.01000213623047,1986400,0.0,0.0
2024-03-22 00:00:00-04:00,111.04000091552734,111.76000213623047,110.44000244140625,110.9000015258789,1828600,0.0,0.0
2024-03-25 00:00:00-04:00,111.25,112.5,111.01000213623047,111.61000061035156,1894800,0.0,0.0
2024-03-26 00:00:00-04:00,111.5999984741211,111.68000030517578,110.45999908447266,110.6500015258789,1556300,0.0,0.0
2024-03-27 00:00:00-04:00,110.87999725341797,111.9800033569336,110.26000213623047,111.05000305175781,1334800,0.0,0.0
2024-03-28 00:00:00-04:00,111.7699966430664,112.27999877929688,110.55999755859375,111.98999786376953,1571200,0.0,0.0
2024-04-01 00:00:00-04:00,112.51000213623047,112.51000213623047,111.19000244140625,112.2300033569336,1116100,0.0,0.0
2024-04-02 00:00:00-04:00,112.5,113.33000183105469,111.93000030517578,113.29000091552734,1240600,0.0,0.0
2024-04-03 00:00:00-04:00,114.13999938964844,116.12999725341797,114.0,116.0,1710600,0.0,0.0
2024-04-04 00:00:00-04:00,116.44000244140625,116.69999694824219,113.75,114.36000061035156,1628100,0.0,0.0
2024-04-05 00:00:00-04:00,115.0,116.12000274658203,114.3499984741211,115.97000122070312,1177400,0.0,0.0
2024-04-08 00:00:00-04:00,115.93000030517578,116.91999816894531,115.08999633789062,115.97000122070312,1893300,0.0,0.0
2024-04-09 00:00:00-04:00,116.44999694824219,116.44999694824219,113.5199966430664,114.41000366210938,2238600,0.0,0.0
2024-04-10 00:00:00-04:00,113.79000091552734,115.68000030517578,113.22000122070312,114.68000030517578,2481500,0.0,0.0
2024-04-11 00:00:00-04:00,114.75,115.4800033569336,113.31999969482422,115.33000183105469,2178900,0.0,0.0
2024-04-12 00:00:00-04:00,116.27999877929688,117.61000061035156,114.12000274658203,114.69000244140625,2138600,0.0,0.0
2024-04-15 00:00:00-04:00,116.12999725341797,116.72000122070312,113.86000061035156,114.33999633789062,1899200,0.0,0.0
2024-04-16 00:00:00-04:00,114.36000061035156,115.05999755859375,112.72000122070312,114.06999969482422,2175400,0.0,0.0
2024-04-17 00:00:00-04:00,114.2699966430664,114.4000015258789,111.80999755859375,112.2300033569336,2013200,0.0,0.0
2024-04-18 00:00:00-04:00,112.54000091552734,112.87999725341797,111.2699966430664,111.77999877929688,1756200,0.0,0.0
2024-04-19 00:00:00-04:00,112.02999877929688,113.94000244140625,112.0,112.91999816894531,1410500,0.0,0.0
2024-04-22 00:00:00-04:00,112.91999816894531,114.83000183105469,111.61000061035156,113.80999755859375,1584700,0.0,0.0
2024-04-23 00:00:00-04:00,113.69000244140625,116.31999969482422,113.11000061035156,116.01000213623047,1659500,0.0,0.0
2024-04-24 00:00:00-04:00,115.45999908447266,116.98999786376953,115.0,116.9000015258789,1367200,0.0,0.0
2024-04-25 00:00:00-04:00,117.01000213623047,117.87000274658203,115.77999877929688,117.68000030517578,1381400,0.0,0.0
2024-04-26 00:00:00-04:00,117.33000183105469,117.4000015258789,115.94000244140625,116.86000061035156,1602700,0.0,0.0
2024-04-29 00:00:00-04:00,116.72000122070312,117.33999633789062,116.31999969482422,117.19999694824219,1172200,0.0,0.0
2024-04-30 00:00:00-04:00,116.86000061035156,117.0999984741211,113.94999694824219,114.05999755859375,1809100,0.0,0.0
2024-05-01 00:00:00-04:00,113.86000061035156,114.44000244140625,111.41000366210938,112.41000366210938,2460600,0.0,0.0
2024-05-02 00:00:00-04:00,113.1500015258789,114.58999633789062,111.9000015258789,112.98999786376953,1874500,0.0,0.0
2024-05-03 00:00:00-04:00,113.25,113.33000183105469,110.08999633789062,112.30999755859375,1753000,0.0,0.0
2024-05-06 00:00:00-04:00,113.0,113.9000015258789,112.33000183105469,112.80000305175781,1346500,0.0,0.0
2024-05-07 00:00:00-04:00,112.94999694824219,113.5199966430664,112.54000091552734,112.83000183105469,1053000,0.0,0.0
2024-05-08 00:00:00-04:00,112.36000061035156,113.11000061035156,112.05000305175781,112.44999694824219,1195200,0.0,0.0
2024-05-09 00:00:00-04:00,112.62999725341797,113.72000122070312,112.30000305175781,113.58999633789062,1246600,0.0,0.0
2024-05-10 00:00:00-04:00,113.88999938964844,114.0,112.2699966430664,113.19999694824219,1541100,0.0,0.0
2024-05-13 00:00:00-04:00,113.41999816894531,113.94999694824219,112.7300033569336,112.91000366210938,1065600,0.0,0.0
2024-05-14 00:00:00-04:00,112.58999633789062,114.48999786376953,112.2699966430664,114.43000030517578,1279400,0.0,0.0
2024-05-15 00:00:00-04:00,114.0,115.97000122070312,113.66000366210938,115.58000183105469,1523900,0.0,0.0
2024-05-16 00:00:00-04:00,115.51000213623047,117.16999816894531,115.33999633789062,116.12999725341797,1270200,0.0,0.0
2024-05-17 00:00:00-04:00,116.75,117.94999694824219,116.31999969482422,117.66999816894531,1102100,0.0,0.0
2024-05-20 00:00:00-04:00,117.69999694824219,118.12000274658203,116.7300033569336,117.55000305175781,867000,0.0,0.0
2024-05-21 00:00:00-04:00,117.75,119.68000030517578,117.5199966430664,118.19999694824219,1112900,0.0,0.0
2024-05-22 00:00:00-04:00,117.0,117.54000091552734,114.16999816894531,114.91999816894531,1379500,0.0,0.0
2024-05-23 00:00:00-04:00,115.44999694824219,116.26000213623047,113.75,113.8499984741211,1136600,0.0,0.0
2024-05-24 00:00:00-04:00,114.5,114.75,113.6500015258789,114.27999877929688,928500,0.0,0.0
2024-05-28 00:00:00-04:00,114.62000274658203,116.16999816894531,114.62000274658203,115.51000213623047,1458400,0.0,0.0
2024-05-29 00:00:00-04:00,115.2699966430664,115.83000183105469,114.36000061035156,114.68000030517578,990600,0.0,0.0
2024-05-30 00:00:00-04:00,114.7300033569336,116.66999816894531,114.7300033569336,116.58000183105469,1436100,0.0,0.0
2024-05-31 00:00:00-04:00,116.7300033569336,118.2699966430664,116.1500015258789,118.2300033569336,1858900,0.0,0.0
2024-06-03 00:00:00-04:00,118.2300033569336,118.62999725341797,114.63999938964844,116.52999877929688,1502000,0.0,0.0
2024-06-04 00:00:00-04:00,115.55999755859375,116.97000122070312,114.51000213623047,116.7300033569336,1585200,0.0,0.0
2024-06-05 00:00:00-04:00,116.97000122070312,118.2300033569336,115.81999969482422,118.19000244140625,1288600,0.0,0.0
2024-06-06 00:00:00-04:00,117.91000366210938,118.45999908447266,117.01000213623047,117.9800033569336,1250700,0.0,0.0
2024-06-07 00:00:00-04:00,117.69999694824219,118.6500015258789,116.7300033569336,118.01000213623047,1043300,0.0,0.0
2024-06-10 00:00:00-04:00,118.25,120.4800033569336,117.87999725341797,119.91000366210938,1600100,0.0,0.0
2024-06-11 00:00:00-04:00,120.16000366210938,121.1500015258789,119.08999633789062,121.0999984741211,1178200,0.0,0.0
2024-06-12 00:00:00-04:00,121.98999786376953,122.23999786376953,120.16999816894531,121.4800033569336,1539600,0.0,0.0
2024-06-13 00:00:00-04:00,121.44000244140625,121.77999877929688,119.20999908447266,120.23999786376953,1273700,0.0,0.0
2024-06-14 00:00:00-04:00,119.83999633789062,120.25,118.93000030517578,119.0,1085800,0.0,0.0
2024-06-17 00:00:00-04:00,119.16000366210938,121.91999816894531,119.0,121.5999984741211,1582300,0.0,0.0
2024-06-18 00:00:00-04:00,122.23999786376953,123.79000091552734,121.63999938964844,123.44000244140625,1588800,0.0,0.0
2024-06-20 00:00:00-04:00,123.91000366210938,126.56999969482422,123.45999908447266,126.31999969482422,2152300,0.0,0.0
2024-06-21 00:00:00-04:00,129.67999267578125,129.67999267578125,124.8499984741211,125.0999984741211,3372600,0.0,0.0
2024-06-24 00:00:00-04:00,125.54000091552734,129.0399932861328,125.16999816894531,128.60000610351562,1439900,0.0,0.0
2024-06-25 00:00:00-04:00,128.0399932861328,129.8800048828125,127.29000091552734,129.8300018310547,1496800,0.0,0.0
2024-06-26 00:00:00-04:00,130.0,130.22999572753906,127.19999694824219,127.5,1618000,0.0,0.0
2024-06-27 00:00:00-04:00,128.0,128.88999938964844,127.81999969482422,128.5800018310547,2011200,0.0,0.0
2024-06-28 00:00:00-04:00,129.11000061035156,130.52999877929688,128.64999389648438,128.77999877929688,3430500,0.0,0.0
2024-07-01 00:00:00-04:00,129.97999572753906,131.32000732421875,127.95999908447266,131.27000427246094,1858100,0.0,0.0
2024-07-02 00:00:00-04:00,131.85000610351562,132.0800018310547,130.4499969482422,131.0,1238000,0.0,0.0
2024-07-03 00:00:00-04:00,131.75999450683594,133.77999877929688,131.11000061035156,133.60000610351562,892800,0.0,0.0
2024-07-05 00:00:00-04:00,133.2899932861328,133.35000610351562,131.80999755859375,132.49000549316406,819000,0.0,0.0
2024-07-08 00:00:00-04:00,131.97999572753906,133.25,131.72000122070312,132.5500030517578,1004800,0.0,0.0
2024-07-09 00:00:00-04:00,132.0,133.6300048828125,131.52000427246094,132.41000366210938,1149600,0.0,0.0
2024-07-10 00:00:00-04:00,132.74000549316406,133.36000061035156,132.02999877929688,132.88999938964844,728700,0.0,0.0
2024-07-11 00:00:00-04:00,132.75999450683594,133.75,132.00999450683594,133.61000061035156,879000,0.0,0.0
2024-07-12 00:00:00-04:00,134.36000061035156,135.47000122070312,133.30999755859375,135.0500030517578,990300,0.0,0.0
2024-07-15 00:00:00-04:00,135.86000061035156,136.2899932861328,134.22999572753906,134.33999633789062,1150000,0.0,0.0
2024-07-16 00:00:00-04:00,134.88999938964844,135.14999389648438,133.8300018310547,134.82000732421875,807600,0.0,0.0
2024-07-17 00:00:00-04:00,135.0,136.72999572753906,133.72000122070312,133.97000122070312,994500,0.0,0.0
2024-07-18 00:00:00-04:00,134.0,136.5399932861328,133.42999267578125,136.1699981689453,1618600,0.0,0.0
2024-07-19 00:00:00-04:00,136.72999572753906,136.8800048828125,135.30999755859375,136.3699951171875,1552800,0.0,0.0
2024-07-22 00:00:00-04:00,136.14999389648438,138.27999877929688,135.8800048828125,137.75999450683594,1399300,0.0,0.0
2024-07-23 00:00:00-04:00,137.10000610351562,137.75,135.69000244140625,135.92999267578125,921500,0.0,0.0
2024-07-24 00:00:00-04:00,136.0500030517578,136.3800048828125,131.52999877929688,131.6199951171875,1557400,0.0,0.0
2024-07-25 00:00:00-04:00,131.6199951171875,133.05999755859375,130.6699981689453,131.97999572753906,1588400,0.0,0.0
2024-07-26 00:00:00-04:00,132.36000061035156,133.07000732421875,131.25,131.57000732421875,1364800,0.0,0.0
2024-07-29 00:00:00-04:00,132.27000427246094,133.10000610351562,131.1199951171875,133.00999450683594,1084400,0.0,0.0
2024-07-30 00:00:00-04:00,133.22999572753906,134.74000549316406,132.6199951171875,134.13999938964844,1264100,0.0,0.0
2024-07-31 00:00:00-04:00,134.58999633789062,136.47999572753906,134.0500030517578,135.27999877929688,1560500,0.0,0.0
2024-08-01 00:00:00-04:00,135.35000610351562,139.35000610351562,134.3000030517578,136.10000610351562,2290400,0.0,0.0
2024-08-02 00:00:00-04:00,134.82000732421875,134.8800048828125,129.22999572753906,130.5800018310547,1766900,0.0,0.0
2024-08-05 00:00:00-04:00,126.19000244140625,128.3000030517578,122.55999755859375,127.86000061035156,2917100,0.0,0.0
2024-08-06 00:00:00-04:00,129.05999755859375,133.74000549316406,128.44000244140625,131.6199951171875,3240300,0.0,0.0
2024-08-07 00:00:00-04:00,133.5500030517578,137.49000549316406,133.14999389648438,133.24000549316406,3539300,0.0,0.0
2024-08-08 00:00:00-04:00,133.8699951171875,137.1300048828125,133.5,136.7100067138672,1905400,0.0,0.0
2024-08-09 00:00:00-04:00,136.72000122070312,137.14999389648438,135.16000366210938,135.69000244140625,1744600,0.0,0.0
2024-08-12 00:00:00-04:00,136.4499969482422,138.47000122070312,136.4499969482422,137.58999633789062,1886700,0.0,0.0
2024-08-13 00:00:00-04:00,136.88999938964844,137.07000732421875,135.5,136.60000610351562,2030000,0.0,0.0
2024-08-14 00:00:00-04:00,136.86000061035156,140.25,136.60000610351562,140.16000366210938,2106600,0.0,0.0
2024-08-15 00:00:00-04:00,141.47999572753906,142.91000366210938,140.74000549316406,142.8300018310547,2235700,0.0,0.0
2024-08-16 00:00:00-04:00,142.24000549316406,142.9600067138672,141.25999450683594,142.4600067138672,1530600,0.0,0.0
2024-08-19 00:00:00-04:00,142.4199981689453,144.83999633789062,142.4199981689453,144.49000549316406,1413400,0.0,0.0
2024-08-20 00:00:00-04:00,144.35000610351562,144.80999755859375,140.89999389648438,141.60000610351562,928200,0.0,0.0
2024-08-21 00:00:00-04:00,142.5,143.2899932861328,141.5800018310547,142.30999755859375,1295100,0.0,0.0
2024-08-22 00:00:00-04:00,142.44000244140625,144.0,142.17999267578125,142.85000610351562,1363600,0.0,0.0
2024-08-23 00:00:00-04:00,143.64999389648438,144.2100067138672,142.72000122070312,144.1300048828125,869500,0.0,0.0
2024-08-26 00:00:00-04:00,145.5500030517578,146.2100067138672,143.6999969482422,145.47000122070312,1416500,0.0,0.0
2024-08-27 00:00:00-04:00,145.2100067138672,147.0800018310547,144.72999572753906,145.1300048828125,1207900,0.0,0.0
2024-08-28 00:00:00-04:00,145.0,145.8300018310547,144.16000366210938,144.2899932861328,1223000,0.0,0.0
2024-08-29 00:00:00-04:00,144.88999938964844,146.67999267578125,143.63999938964844,146.2899932861328,894100,0.0,0.0
2024-08-30 00:00:00-04:00,145.0,147.02000427246094,145.0,146.89999389648438,2325400,0.0,0.0
2024-09-03 00:00:00-04:00,146.2100067138672,150.47999572753906,143.88999938964844,149.8800048828125,3130100,0.0,0.0
2024-09-04 00:00:00-04:00,151.64999389648438,152.4199981689453,146.1999969482422,147.14999389648438,2327600,0.0,0.0
2024-09-05 00:00:00-04:00,147.63999938964844,150.02000427246094,147.63999938964844,149.77999877929688,2139600,0.0,0.0
2024-09-06 00:00:00-04:00,149.99000549316406,150.9199981689453,145.0399932861328,146.75,1612500,0.0,0.0
