Date,Open,High,Low,Close,Volume,Dividends,Stock Splits
2022-04-25 00:00:00-04:00,10.029999732971191,10.029999732971191,10.029999732971191,10.029999732971191,100,0.0,0.0
2022-04-26 00:00:00-04:00,10.029999732971191,10.050000190734863,10.020000457763672,10.050000190734863,3100,0.0,0.0
2022-04-27 00:00:00-04:00,10.050000190734863,10.050000190734863,10.050000190734863,10.050000190734863,100,0.0,0.0
2022-04-28 00:00:00-04:00,10.020000457763672,10.050000190734863,10.020000457763672,10.050000190734863,322000,0.0,0.0
2022-04-29 00:00:00-04:00,10.050000190734863,10.050000190734863,10.050000190734863,10.050000190734863,0,0.0,0.0
2022-05-02 00:00:00-04:00,10.050000190734863,10.050000190734863,10.050000190734863,10.050000190734863,0,0.0,0.0
2022-05-03 00:00:00-04:00,10.029999732971191,10.050000190734863,10.029999732971191,10.050000190734863,251000,0.0,0.0
2022-05-04 00:00:00-04:00,10.050000190734863,10.050000190734863,10.050000190734863,10.050000190734863,0,0.0,0.0
2022-05-05 00:00:00-04:00,10.050000190734863,10.050000190734863,10.050000190734863,10.050000190734863,0,0.0,0.0
2022-05-06 00:00:00-04:00,10.050000190734863,10.050000190734863,10.050000190734863,10.050000190734863,0,0.0,0.0
2022-05-09 00:00:00-04:00,10.029999732971191,10.029999732971191,10.020000457763672,10.020000457763672,56200,0.0,0.0
2022-05-10 00:00:00-04:00,10.045999526977539,10.050000190734863,10.045999526977539,10.050000190734863,2000,0.0,0.0
2022-05-11 00:00:00-04:00,10.020000457763672,10.020000457763672,10.0,10.0,10700,0.0,0.0
2022-05-12 00:00:00-04:00,10.0,10.0,10.0,10.0,0,0.0,0.0
2022-05-13 00:00:00-04:00,9.989999771118164,9.989999771118164,9.979999542236328,9.979999542236328,217300,0.0,0.0
2022-05-16 00:00:00-04:00,9.979999542236328,9.979999542236328,9.979999542236328,9.979999542236328,0,0.0,0.0
2022-05-17 00:00:00-04:00,9.993000030517578,10.008999824523926,9.979999542236328,9.980999946594238,2000,0.0,0.0
2022-05-18 00:00:00-04:00,9.980999946594238,9.980999946594238,9.980999946594238,9.980999946594238,0,0.0,0.0
2022-05-19 00:00:00-04:00,9.980999946594238,9.980999946594238,9.980999946594238,9.980999946594238,0,0.0,0.0
2022-05-20 00:00:00-04:00,9.980999946594238,9.980999946594238,9.980999946594238,9.980999946594238,0,0.0,0.0
2022-05-23 00:00:00-04:00,9.980999946594238,9.980999946594238,9.980999946594238,9.980999946594238,0,0.0,0.0
2022-05-24 00:00:00-04:00,10.0600004196167,10.100000381469727,9.970000267028809,9.970000267028809,32700,0.0,0.0
2022-05-25 00:00:00-04:00,10.010000228881836,10.010000228881836,9.970000267028809,9.989999771118164,37100,0.0,0.0
2022-05-26 00:00:00-04:00,9.989999771118164,9.989999771118164,9.989999771118164,9.989999771118164,0,0.0,0.0
2022-05-27 00:00:00-04:00,9.989999771118164,9.989999771118164,9.989999771118164,9.989999771118164,0,0.0,0.0
2022-05-31 00:00:00-04:00,9.989999771118164,9.989999771118164,9.989999771118164,9.989999771118164,0,0.0,0.0
2022-06-01 00:00:00-04:00,10.0600004196167,10.0600004196167,9.989999771118164,10.0600004196167,1900,0.0,0.0
2022-06-02 00:00:00-04:00,10.0600004196167,10.0600004196167,10.0600004196167,10.0600004196167,30000,0.0,0.0
2022-06-03 00:00:00-04:00,10.0600004196167,10.0600004196167,10.0600004196167,10.0600004196167,0,0.0,0.0
2022-06-06 00:00:00-04:00,9.989999771118164,9.989999771118164,9.989999771118164,9.989999771118164,200,0.0,0.0
2022-06-07 00:00:00-04:00,10.050000190734863,10.050000190734863,10.020000457763672,10.050000190734863,5400,0.0,0.0
2022-06-08 00:00:00-04:00,10.039999961853027,10.039999961853027,10.0,10.0,30100,0.0,0.0
2022-06-09 00:00:00-04:00,10.0,10.050000190734863,10.0,10.050000190734863,6000,0.0,0.0
2022-06-10 00:00:00-04:00,10.050000190734863,10.050000190734863,10.050000190734863,10.050000190734863,0,0.0,0.0
2022-06-13 00:00:00-04:00,10.079999923706055,10.079999923706055,10.029999732971191,10.029999732971191,20300,0.0,0.0
2022-06-14 00:00:00-04:00,10.029999732971191,10.029999732971191,10.029999732971191,10.029999732971191,25800,0.0,0.0
2022-06-15 00:00:00-04:00,10.029999732971191,10.029999732971191,10.029999732971191,10.029999732971191,0,0.0,0.0
2022-06-16 00:00:00-04:00,10.5,10.5,10.029999732971191,10.0600004196167,1400,0.0,0.0
2022-06-17 00:00:00-04:00,10.029999732971191,10.029999732971191,10.029999732971191,10.029999732971191,22700,0.0,0.0
2022-06-21 00:00:00-04:00,10.029999732971191,10.029999732971191,10.029999732971191,10.029999732971191,5000,0.0,0.0
2022-06-22 00:00:00-04:00,10.029999732971191,10.029999732971191,10.029999732971191,10.029999732971191,0,0.0,0.0
2022-06-23 00:00:00-04:00,10.029999732971191,10.029999732971191,10.029999732971191,10.029999732971191,0,0.0,0.0
2022-06-24 00:00:00-04:00,10.0600004196167,10.0600004196167,10.0600004196167,10.0600004196167,1700,0.0,0.0
2022-06-27 00:00:00-04:00,10.0600004196167,10.0600004196167,10.0600004196167,10.0600004196167,200,0.0,0.0
2022-06-28 00:00:00-04:00,10.100000381469727,10.100000381469727,10.100000381469727,10.100000381469727,200,0.0,0.0
2022-06-29 00:00:00-04:00,10.0,10.010000228881836,10.0,10.010000228881836,600,0.0,0.0
2022-06-30 00:00:00-04:00,10.010000228881836,10.010000228881836,10.010000228881836,10.010000228881836,100,0.0,0.0
2022-07-01 00:00:00-04:00,10.010000228881836,10.010000228881836,10.010000228881836,10.010000228881836,400,0.0,0.0
2022-07-05 00:00:00-04:00,10.024999618530273,10.029999732971191,10.024999618530273,10.029999732971191,267200,0.0,0.0
2022-07-06 00:00:00-04:00,10.022000312805176,10.022000312805176,10.022000312805176,10.022000312805176,1300,0.0,0.0
2022-07-07 00:00:00-04:00,10.010000228881836,10.010000228881836,10.010000228881836,10.010000228881836,26100,0.0,0.0
2022-07-08 00:00:00-04:00,10.010000228881836,10.010000228881836,10.010000228881836,10.010000228881836,0,0.0,0.0
2022-07-11 00:00:00-04:00,10.020000457763672,10.020000457763672,10.020000457763672,10.020000457763672,28700,0.0,0.0
2022-07-12 00:00:00-04:00,10.020000457763672,10.020000457763672,10.020000457763672,10.020000457763672,39500,0.0,0.0
2022-07-13 00:00:00-04:00,10.020000457763672,10.020000457763672,10.020000457763672,10.020000457763672,0,0.0,0.0
2022-07-14 00:00:00-04:00,10.020000457763672,10.020000457763672,10.020000457763672,10.020000457763672,300,0.0,0.0
2022-07-15 00:00:00-04:00,10.020000457763672,10.020000457763672,10.020000457763672,10.020000457763672,0,0.0,0.0
2022-07-18 00:00:00-04:00,10.020000457763672,10.020000457763672,10.020000457763672,10.020000457763672,300,0.0,0.0
2022-07-19 00:00:00-04:00,10.020000457763672,10.020000457763672,10.020000457763672,10.020000457763672,0,0.0,0.0
2022-07-20 00:00:00-04:00,10.020000457763672,10.020000457763672,10.020000457763672,10.020000457763672,0,0.0,0.0
2022-07-21 00:00:00-04:00,10.020000457763672,10.020000457763672,10.020000457763672,10.020000457763672,0,0.0,0.0
2022-07-22 00:00:00-04:00,10.020000457763672,10.020000457763672,10.020000457763672,10.020000457763672,0,0.0,0.0
2022-07-25 00:00:00-04:00,10.100000381469727,10.100000381469727,10.038000106811523,10.100000381469727,20000,0.0,0.0
2022-07-26 00:00:00-04:00,10.600000381469727,10.600000381469727,10.050000190734863,10.069999694824219,469200,0.0,0.0
2022-07-27 00:00:00-04:00,10.069999694824219,10.069999694824219,10.069999694824219,10.069999694824219,0,0.0,0.0
2022-07-28 00:00:00-04:00,10.109999656677246,10.109999656677246,10.109999656677246,10.109999656677246,300,0.0,0.0
2022-07-29 00:00:00-04:00,10.109999656677246,10.109999656677246,10.109999656677246,10.109999656677246,0,0.0,0.0
2022-08-01 00:00:00-04:00,10.119999885559082,10.119999885559082,10.119999885559082,10.119999885559082,300,0.0,0.0
2022-08-02 00:00:00-04:00,10.119999885559082,10.119999885559082,10.119999885559082,10.119999885559082,0,0.0,0.0
2022-08-03 00:00:00-04:00,10.0600004196167,10.079999923706055,10.0600004196167,10.079999923706055,8700,0.0,0.0
2022-08-04 00:00:00-04:00,10.079999923706055,10.079999923706055,10.079999923706055,10.079999923706055,0,0.0,0.0
2022-08-05 00:00:00-04:00,10.079999923706055,10.079999923706055,10.079999923706055,10.079999923706055,0,0.0,0.0
2022-08-08 00:00:00-04:00,10.079999923706055,10.079999923706055,10.079999923706055,10.079999923706055,0,0.0,0.0
2022-08-09 00:00:00-04:00,10.079999923706055,10.079999923706055,10.079999923706055,10.079999923706055,0,0.0,0.0
2022-08-10 00:00:00-04:00,10.079999923706055,10.079999923706055,10.079999923706055,10.079999923706055,100,0.0,0.0
2022-08-11 00:00:00-04:00,10.079999923706055,10.079999923706055,10.079999923706055,10.079999923706055,0,0.0,0.0
2022-08-12 00:00:00-04:00,10.069999694824219,10.069999694824219,10.069999694824219,10.069999694824219,50000,0.0,0.0
2022-08-15 00:00:00-04:00,10.069999694824219,10.069999694824219,10.069999694824219,10.069999694824219,0,0.0,0.0
2022-08-16 00:00:00-04:00,10.069999694824219,10.069999694824219,10.069999694824219,10.069999694824219,0,0.0,0.0
2022-08-17 00:00:00-04:00,10.069999694824219,10.069999694824219,10.069999694824219,10.069999694824219,0,0.0,0.0
2022-08-18 00:00:00-04:00,10.069999694824219,10.069999694824219,10.069999694824219,10.069999694824219,0,0.0,0.0
2022-08-19 00:00:00-04:00,10.100000381469727,10.100000381469727,10.09000015258789,10.09000015258789,10300,0.0,0.0
2022-08-22 00:00:00-04:00,10.09000015258789,10.09000015258789,10.09000015258789,10.09000015258789,0,0.0,0.0
2022-08-23 00:00:00-04:00,10.100000381469727,10.109999656677246,10.100000381469727,10.109999656677246,111100,0.0,0.0
2022-08-24 00:00:00-04:00,10.109999656677246,10.109999656677246,10.109999656677246,10.109999656677246,0,0.0,0.0
2022-08-25 00:00:00-04:00,10.109999656677246,10.109999656677246,10.109999656677246,10.109999656677246,0,0.0,0.0
2022-08-26 00:00:00-04:00,10.109999656677246,10.109999656677246,10.109999656677246,10.109999656677246,0,0.0,0.0
2022-08-29 00:00:00-04:00,10.109999656677246,10.109999656677246,10.109999656677246,10.109999656677246,0,0.0,0.0
2022-08-30 00:00:00-04:00,10.069999694824219,10.069999694824219,10.069999694824219,10.069999694824219,200,0.0,0.0
2022-08-31 00:00:00-04:00,10.069999694824219,10.069999694824219,10.069999694824219,10.069999694824219,0,0.0,0.0
2022-09-01 00:00:00-04:00,10.079999923706055,10.619999885559082,10.079999923706055,10.619999885559082,845200,0.0,0.0
2022-09-02 00:00:00-04:00,10.104999542236328,10.130000114440918,10.104999542236328,10.130000114440918,7300,0.0,0.0
2022-09-06 00:00:00-04:00,10.09000015258789,10.130000114440918,10.09000015258789,10.130000114440918,48800,0.0,0.0
2022-09-07 00:00:00-04:00,10.140000343322754,10.140000343322754,10.140000343322754,10.140000343322754,600,0.0,0.0
2022-09-08 00:00:00-04:00,10.09000015258789,10.119999885559082,10.09000015258789,10.109999656677246,100800,0.0,0.0
2022-09-09 00:00:00-04:00,10.130000114440918,10.130000114440918,10.130000114440918,10.130000114440918,100,0.0,0.0
2022-09-12 00:00:00-04:00,10.140000343322754,10.140000343322754,10.140000343322754,10.140000343322754,10600,0.0,0.0
2022-09-13 00:00:00-04:00,10.140000343322754,10.140000343322754,10.140000343322754,10.140000343322754,0,0.0,0.0
2022-09-14 00:00:00-04:00,10.140000343322754,10.15999984741211,10.140000343322754,10.15999984741211,21800,0.0,0.0
2022-09-15 00:00:00-04:00,10.149999618530273,10.149999618530273,10.135000228881836,10.149999618530273,98400,0.0,0.0
2022-09-16 00:00:00-04:00,10.149999618530273,10.149999618530273,10.149999618530273,10.149999618530273,0,0.0,0.0
2022-09-19 00:00:00-04:00,10.149999618530273,10.149999618530273,10.149999618530273,10.149999618530273,0,0.0,0.0
2022-09-20 00:00:00-04:00,10.149999618530273,10.149999618530273,10.149999618530273,10.149999618530273,0,0.0,0.0
2022-09-21 00:00:00-04:00,10.15999984741211,10.15999984741211,10.15999984741211,10.15999984741211,6400,0.0,0.0
2022-09-22 00:00:00-04:00,10.649999618530273,10.649999618530273,10.149999618530273,10.149999618530273,5100,0.0,0.0
2022-09-23 00:00:00-04:00,10.199999809265137,10.199999809265137,10.149999618530273,10.180000305175781,17800,0.0,0.0
2022-09-26 00:00:00-04:00,10.649999618530273,10.649999618530273,10.119999885559082,10.15999984741211,8400,0.0,0.0
2022-09-27 00:00:00-04:00,10.5,10.649999618530273,10.154999732971191,10.170000076293945,205200,0.0,0.0
2022-09-28 00:00:00-04:00,10.170000076293945,10.180000305175781,10.157999992370605,10.180000305175781,53200,0.0,0.0
2022-09-29 00:00:00-04:00,10.170000076293945,10.170000076293945,10.170000076293945,10.170000076293945,17000,0.0,0.0
2022-09-30 00:00:00-04:00,10.170000076293945,10.170000076293945,10.170000076293945,10.170000076293945,0,0.0,0.0
2022-10-03 00:00:00-04:00,10.1899995803833,10.1899995803833,10.1899995803833,10.1899995803833,3800,0.0,0.0
2022-10-04 00:00:00-04:00,10.1899995803833,10.1899995803833,10.1899995803833,10.1899995803833,0,0.0,0.0
2022-10-05 00:00:00-04:00,10.1899995803833,10.1899995803833,10.1899995803833,10.1899995803833,0,0.0,0.0
2022-10-06 00:00:00-04:00,10.15999984741211,10.15999984741211,10.15999984741211,10.15999984741211,200000,0.0,0.0
2022-10-07 00:00:00-04:00,10.15999984741211,10.15999984741211,10.15999984741211,10.15999984741211,0,0.0,0.0
2022-10-10 00:00:00-04:00,10.5,10.649999618530273,10.15999984741211,10.15999984741211,3700,0.0,0.0
2022-10-11 00:00:00-04:00,10.15999984741211,10.15999984741211,10.15999984741211,10.15999984741211,300,0.0,0.0
2022-10-12 00:00:00-04:00,10.15999984741211,10.15999984741211,10.15999984741211,10.15999984741211,0,0.0,0.0
2022-10-13 00:00:00-04:00,10.350000381469727,10.350000381469727,10.199999809265137,10.199999809265137,3300,0.0,0.0
2022-10-14 00:00:00-04:00,10.1899995803833,10.1899995803833,10.15999984741211,10.15999984741211,200,0.0,0.0
2022-10-17 00:00:00-04:00,10.170000076293945,10.170000076293945,10.170000076293945,10.170000076293945,400,0.0,0.0
2022-10-18 00:00:00-04:00,10.170000076293945,10.170000076293945,10.170000076293945,10.170000076293945,120200,0.0,0.0
2022-10-19 00:00:00-04:00,10.170000076293945,10.170000076293945,10.170000076293945,10.170000076293945,0,0.0,0.0
2022-10-20 00:00:00-04:00,10.170000076293945,10.170000076293945,10.170000076293945,10.170000076293945,0,0.0,0.0
2022-10-21 00:00:00-04:00,10.220000267028809,10.220000267028809,10.180000305175781,10.180000305175781,2200,0.0,0.0
2022-10-24 00:00:00-04:00,10.180000305175781,10.180000305175781,10.180000305175781,10.180000305175781,0,0.0,0.0
2022-10-25 00:00:00-04:00,10.180000305175781,10.180000305175781,10.180000305175781,10.180000305175781,200,0.0,0.0
2022-10-26 00:00:00-04:00,10.180000305175781,10.180000305175781,10.180000305175781,10.180000305175781,0,0.0,0.0
2022-10-27 00:00:00-04:00,10.180000305175781,10.180000305175781,10.180000305175781,10.180000305175781,0,0.0,0.0
2022-10-28 00:00:00-04:00,10.210000038146973,10.210000038146973,10.210000038146973,10.210000038146973,150000,0.0,0.0
2022-10-31 00:00:00-04:00,10.210000038146973,10.210000038146973,10.210000038146973,10.210000038146973,0,0.0,0.0
2022-11-01 00:00:00-04:00,10.225000381469727,10.225000381469727,10.210000038146973,10.225000381469727,29700,0.0,0.0
2022-11-02 00:00:00-04:00,10.239999771118164,10.239999771118164,10.239999771118164,10.239999771118164,100,0.0,0.0
2022-11-03 00:00:00-04:00,10.239999771118164,10.239999771118164,10.239999771118164,10.239999771118164,0,0.0,0.0
2022-11-04 00:00:00-04:00,10.239999771118164,10.239999771118164,10.239999771118164,10.239999771118164,0,0.0,0.0
2022-11-07 00:00:00-05:00,10.239999771118164,10.239999771118164,10.239999771118164,10.239999771118164,0,0.0,0.0
2022-11-08 00:00:00-05:00,10.239999771118164,10.25,10.234999656677246,10.25,2100,0.0,0.0
2022-11-09 00:00:00-05:00,10.25,10.25,10.25,10.25,0,0.0,0.0
2022-11-10 00:00:00-05:00,10.25,10.25,10.25,10.25,8400,0.0,0.0
2022-11-11 00:00:00-05:00,10.25,10.25,10.25,10.25,0,0.0,0.0
2022-11-14 00:00:00-05:00,10.25,10.25,10.25,10.25,800,0.0,0.0
2022-11-15 00:00:00-05:00,10.25,10.25,10.25,10.25,200,0.0,0.0
2022-11-16 00:00:00-05:00,10.25,10.25,10.25,10.25,1800,0.0,0.0
2022-11-17 00:00:00-05:00,10.25,10.25,10.25,10.25,0,0.0,0.0
2022-11-18 00:00:00-05:00,10.25,10.25,10.25,10.25,0,0.0,0.0
2022-11-21 00:00:00-05:00,10.25,10.25,10.25,10.25,0,0.0,0.0
2022-11-22 00:00:00-05:00,10.260000228881836,10.260000228881836,10.260000228881836,10.260000228881836,20900,0.0,0.0
2022-11-23 00:00:00-05:00,10.260000228881836,10.260000228881836,10.260000228881836,10.260000228881836,100,0.0,0.0
2022-11-25 00:00:00-05:00,10.3100004196167,10.3100004196167,10.3100004196167,10.3100004196167,200,0.0,0.0
2022-11-28 00:00:00-05:00,10.3100004196167,10.3100004196167,10.3100004196167,10.3100004196167,0,0.0,0.0
2022-11-29 00:00:00-05:00,10.279999732971191,10.279999732971191,10.279999732971191,10.279999732971191,100,0.0,0.0
2022-11-30 00:00:00-05:00,10.279999732971191,10.289999961853027,10.279999732971191,10.289999961853027,1100,0.0,0.0
2022-12-01 00:00:00-05:00,10.289999961853027,10.289999961853027,10.289999961853027,10.289999961853027,0,0.0,0.0
2022-12-02 00:00:00-05:00,10.289999961853027,10.289999961853027,10.289999961853027,10.289999961853027,0,0.0,0.0
2022-12-05 00:00:00-05:00,10.300000190734863,10.300000190734863,10.289999961853027,10.300000190734863,100700,0.0,0.0
2022-12-06 00:00:00-05:00,10.300000190734863,10.300000190734863,10.300000190734863,10.300000190734863,42400,0.0,0.0
2022-12-07 00:00:00-05:00,10.300000190734863,10.300000190734863,10.300000190734863,10.300000190734863,1100,0.0,0.0
2022-12-08 00:00:00-05:00,10.300000190734863,10.300000190734863,10.300000190734863,10.300000190734863,0,0.0,0.0
2022-12-09 00:00:00-05:00,10.300000190734863,10.300000190734863,10.300000190734863,10.300000190734863,0,0.0,0.0
2022-12-12 00:00:00-05:00,10.3100004196167,10.3100004196167,10.3100004196167,10.3100004196167,100,0.0,0.0
2022-12-13 00:00:00-05:00,10.34000015258789,10.350000381469727,10.300000190734863,10.3100004196167,5800,0.0,0.0
2022-12-14 00:00:00-05:00,10.350000381469727,10.350000381469727,10.3100004196167,10.319999694824219,16200,0.0,0.0
2022-12-15 00:00:00-05:00,10.319999694824219,10.319999694824219,10.319999694824219,10.319999694824219,100000,0.0,0.0
2022-12-16 00:00:00-05:00,10.319999694824219,10.319999694824219,10.319999694824219,10.319999694824219,3200,0.0,0.0
2022-12-19 00:00:00-05:00,10.329999923706055,10.34000015258789,10.329999923706055,10.329999923706055,217800,0.0,0.0
2022-12-20 00:00:00-05:00,10.329999923706055,10.329999923706055,10.329999923706055,10.329999923706055,42800,0.0,0.0
2022-12-21 00:00:00-05:00,10.34000015258789,10.350000381469727,10.34000015258789,10.350000381469727,20200,0.0,0.0
2022-12-22 00:00:00-05:00,10.350000381469727,10.350000381469727,10.350000381469727,10.350000381469727,100,0.0,0.0
2022-12-23 00:00:00-05:00,10.359999656677246,10.359999656677246,10.359999656677246,10.359999656677246,200,0.0,0.0
2022-12-27 00:00:00-05:00,10.399999618530273,10.40999984741211,10.329999923706055,10.329999923706055,18700,0.0,0.0
2022-12-28 00:00:00-05:00,10.329999923706055,10.329999923706055,10.329999923706055,10.329999923706055,0,0.0,0.0
2022-12-29 00:00:00-05:00,10.329999923706055,10.329999923706055,10.329999923706055,10.329999923706055,0,0.0,0.0
2022-12-30 00:00:00-05:00,10.329999923706055,10.329999923706055,10.329999923706055,10.329999923706055,0,0.0,0.0
2023-01-03 00:00:00-05:00,10.319999694824219,10.319999694824219,10.319999694824219,10.319999694824219,400,0.0,0.0
2023-01-04 00:00:00-05:00,10.369999885559082,10.369999885559082,10.369999885559082,10.369999885559082,200000,0.0,0.0
2023-01-05 00:00:00-05:00,10.319999694824219,10.369999885559082,10.319999694824219,10.34000015258789,8700,0.0,0.0
2023-01-06 00:00:00-05:00,10.34000015258789,10.34000015258789,10.34000015258789,10.34000015258789,0,0.0,0.0
2023-01-09 00:00:00-05:00,10.34000015258789,10.34000015258789,10.34000015258789,10.34000015258789,0,0.0,0.0
2023-01-10 00:00:00-05:00,10.34000015258789,10.34000015258789,10.34000015258789,10.34000015258789,100,0.0,0.0
2023-01-11 00:00:00-05:00,10.34000015258789,10.34000015258789,10.34000015258789,10.34000015258789,0,0.0,0.0
2023-01-12 00:00:00-05:00,10.34000015258789,10.34000015258789,10.34000015258789,10.34000015258789,0,0.0,0.0
2023-01-13 00:00:00-05:00,10.34000015258789,10.34000015258789,10.34000015258789,10.34000015258789,0,0.0,0.0
2023-01-17 00:00:00-05:00,10.399999618530273,10.399999618530273,10.399999618530273,10.399999618530273,1000,0.0,0.0
2023-01-18 00:00:00-05:00,10.399999618530273,10.399999618530273,10.399999618530273,10.399999618530273,490000,0.0,0.0
2023-01-19 00:00:00-05:00,10.399999618530273,10.399999618530273,10.399999618530273,10.399999618530273,0,0.0,0.0
2023-01-20 00:00:00-05:00,10.399999618530273,10.430000305175781,10.399999618530273,10.430000305175781,1000,0.0,0.0
2023-01-23 00:00:00-05:00,10.399999618530273,10.399999618530273,10.399999618530273,10.399999618530273,11800,0.0,0.0
2023-01-24 00:00:00-05:00,10.399999618530273,10.40999984741211,10.399999618530273,10.40999984741211,4100,0.0,0.0
2023-01-25 00:00:00-05:00,10.425000190734863,10.425000190734863,10.420000076293945,10.42300033569336,10200,0.0,0.0
2023-01-26 00:00:00-05:00,10.42300033569336,10.42300033569336,10.42300033569336,10.42300033569336,0,0.0,0.0
2023-01-27 00:00:00-05:00,10.420000076293945,10.420000076293945,10.420000076293945,10.420000076293945,400,0.0,0.0
2023-01-30 00:00:00-05:00,10.430000305175781,10.449999809265137,10.425000190734863,10.4399995803833,1026300,0.0,0.0
2023-01-31 00:00:00-05:00,10.4399995803833,10.449999809265137,10.4399995803833,10.4399995803833,1357800,0.0,0.0
2023-02-01 00:00:00-05:00,10.444999694824219,10.449999809265137,10.4399995803833,10.449999809265137,271800,0.0,0.0
2023-02-02 00:00:00-05:00,10.449999809265137,10.449999809265137,10.444999694824219,10.449999809265137,74600,0.0,0.0
2023-02-03 00:00:00-05:00,10.4399995803833,10.4399995803833,10.4399995803833,10.4399995803833,35000,0.0,0.0
2023-02-06 00:00:00-05:00,10.4399995803833,10.449999809265137,10.4399995803833,10.449999809265137,427900,0.0,0.0
2023-02-07 00:00:00-05:00,10.449999809265137,10.449999809265137,10.449999809265137,10.449999809265137,305200,0.0,0.0
2023-02-08 00:00:00-05:00,10.460000038146973,10.460000038146973,10.460000038146973,10.460000038146973,5000,0.0,0.0
2023-02-09 00:00:00-05:00,10.460000038146973,10.460000038146973,10.460000038146973,10.460000038146973,0,0.0,0.0
2023-02-10 00:00:00-05:00,10.460000038146973,10.460000038146973,10.460000038146973,10.460000038146973,0,0.0,0.0
2023-02-13 00:00:00-05:00,10.4399995803833,10.449999809265137,10.4399995803833,10.4399995803833,4200,0.0,0.0
2023-02-14 00:00:00-05:00,10.4399995803833,10.449999809265137,10.4399995803833,10.449999809265137,2000,0.0,0.0
2023-02-15 00:00:00-05:00,10.4399995803833,10.460000038146973,10.4399995803833,10.460000038146973,8100,0.0,0.0
2023-02-16 00:00:00-05:00,10.460000038146973,10.460000038146973,10.449999809265137,10.449999809265137,500,0.0,0.0
2023-02-17 00:00:00-05:00,10.449999809265137,10.449999809265137,10.449999809265137,10.449999809265137,100,0.0,0.0
2023-02-21 00:00:00-05:00,10.449999809265137,10.449999809265137,10.449999809265137,10.449999809265137,2400,0.0,0.0
2023-02-22 00:00:00-05:00,10.449999809265137,10.449999809265137,10.449999809265137,10.449999809265137,0,0.0,0.0
2023-02-23 00:00:00-05:00,10.479999542236328,10.479999542236328,10.479999542236328,10.479999542236328,3400,0.0,0.0
2023-02-24 00:00:00-05:00,10.949999809265137,10.949999809265137,10.460000038146973,10.489999771118164,1200,0.0,0.0
2023-02-27 00:00:00-05:00,10.484999656677246,10.489999771118164,10.484999656677246,10.489999771118164,10800,0.0,0.0
2023-02-28 00:00:00-05:00,10.489999771118164,10.949999809265137,10.489999771118164,10.5,9300,0.0,0.0
2023-03-01 00:00:00-05:00,10.5,10.800000190734863,10.494999885559082,10.520000457763672,19900,0.0,0.0
2023-03-02 00:00:00-05:00,10.520000457763672,10.520000457763672,10.520000457763672,10.520000457763672,15900,0.0,0.0
2023-03-03 00:00:00-05:00,10.520000457763672,10.520000457763672,10.520000457763672,10.520000457763672,0,0.0,0.0
2023-03-06 00:00:00-05:00,10.510000228881836,10.510000228881836,10.510000228881836,10.510000228881836,300,0.0,0.0
2023-03-07 00:00:00-05:00,10.510000228881836,10.510000228881836,10.510000228881836,10.510000228881836,1200,0.0,0.0
2023-03-08 00:00:00-05:00,10.510000228881836,10.510000228881836,10.510000228881836,10.510000228881836,100,0.0,0.0
2023-03-09 00:00:00-05:00,10.510000228881836,10.510000228881836,10.510000228881836,10.510000228881836,0,0.0,0.0
2023-03-10 00:00:00-05:00,10.550000190734863,10.550000190734863,10.479999542236328,10.5,869500,0.0,0.0
2023-03-13 00:00:00-04:00,10.489999771118164,10.510000228881836,10.489999771118164,10.510000228881836,811700,0.0,0.0
2023-03-14 00:00:00-04:00,10.510000228881836,10.510000228881836,10.510000228881836,10.510000228881836,0,0.0,0.0
2023-03-15 00:00:00-04:00,10.520000457763672,10.520000457763672,10.520000457763672,10.520000457763672,100,0.0,0.0
2023-03-16 00:00:00-04:00,10.520000457763672,10.520000457763672,10.520000457763672,10.520000457763672,40900,0.0,0.0
2023-03-17 00:00:00-04:00,10.520000457763672,10.520000457763672,10.520000457763672,10.520000457763672,0,0.0,0.0
2023-03-20 00:00:00-04:00,10.520000457763672,10.529999732971191,10.510000228881836,10.529999732971191,13900,0.0,0.0
2023-03-21 00:00:00-04:00,10.520000457763672,10.531999588012695,10.520000457763672,10.527000427246094,84400,0.0,0.0
2023-03-22 00:00:00-04:00,10.527000427246094,10.527000427246094,10.527000427246094,10.527000427246094,0,0.0,0.0
2023-03-23 00:00:00-04:00,10.510000228881836,10.510000228881836,10.510000228881836,10.510000228881836,5000,0.0,0.0
2023-03-24 00:00:00-04:00,10.510000228881836,10.510000228881836,10.510000228881836,10.510000228881836,0,0.0,0.0
2023-03-27 00:00:00-04:00,10.600000381469727,11.0,10.520000457763672,10.550000190734863,39100,0.0,0.0
2023-03-28 00:00:00-04:00,10.569999694824219,10.569999694824219,10.569999694824219,10.569999694824219,200,0.0,0.0
2023-03-29 00:00:00-04:00,10.600000381469727,11.050000190734863,10.510000228881836,10.510000228881836,9200,0.0,0.0
2023-03-30 00:00:00-04:00,10.529999732971191,10.529999732971191,10.529999732971191,10.529999732971191,50000,0.0,0.0
2023-03-31 00:00:00-04:00,10.529999732971191,10.529999732971191,10.529999732971191,10.529999732971191,0,0.0,0.0
2023-04-03 00:00:00-04:00,10.529999732971191,10.529999732971191,10.529999732971191,10.529999732971191,0,0.0,0.0
2023-04-04 00:00:00-04:00,10.529999732971191,10.529999732971191,10.529999732971191,10.529999732971191,0,0.0,0.0
2023-04-05 00:00:00-04:00,10.529999732971191,10.529999732971191,10.529999732971191,10.529999732971191,0,0.0,0.0
2023-04-06 00:00:00-04:00,10.529999732971191,10.529999732971191,10.529999732971191,10.529999732971191,0,0.0,0.0
2023-04-10 00:00:00-04:00,10.649999618530273,10.649999618530273,10.555000305175781,10.555000305175781,2700,0.0,0.0
2023-04-11 00:00:00-04:00,10.539999961853027,10.569999694824219,10.539999961853027,10.569999694824219,900,0.0,0.0
2023-04-12 00:00:00-04:00,10.569999694824219,10.569999694824219,10.569999694824219,10.569999694824219,0,0.0,0.0
2023-04-13 00:00:00-04:00,10.5600004196167,10.5600004196167,10.5600004196167,10.5600004196167,100,0.0,0.0
2023-04-14 00:00:00-04:00,10.5600004196167,10.579999923706055,10.5600004196167,10.5600004196167,1231200,0.0,0.0
2023-04-17 00:00:00-04:00,10.899999618530273,11.050000190734863,10.5600004196167,10.569999694824219,740300,0.0,0.0
2023-04-18 00:00:00-04:00,10.569999694824219,10.569999694824219,10.569999694824219,10.569999694824219,0,0.0,0.0
2023-04-19 00:00:00-04:00,10.569999694824219,10.569999694824219,10.569999694824219,10.569999694824219,500,0.0,0.0
2023-04-20 00:00:00-04:00,10.569999694824219,10.569999694824219,10.569999694824219,10.569999694824219,0,0.0,0.0
2023-04-21 00:00:00-04:00,10.569999694824219,10.574999809265137,10.5600004196167,10.5649995803833,160400,0.0,0.0
2023-04-24 00:00:00-04:00,10.569999694824219,10.569999694824219,10.569999694824219,10.569999694824219,84700,0.0,0.0
2023-04-25 00:00:00-04:00,10.579999923706055,10.579999923706055,10.579000473022461,10.579999923706055,8500,0.0,0.0
2023-04-26 00:00:00-04:00,10.579999923706055,10.579999923706055,10.579999923706055,10.579999923706055,200,0.0,0.0
2023-04-27 00:00:00-04:00,10.649999618530273,10.649999618530273,10.579999923706055,10.579999923706055,7500,0.0,0.0
2023-04-28 00:00:00-04:00,10.579999923706055,10.579999923706055,10.579999923706055,10.579999923706055,0,0.0,0.0
2023-05-01 00:00:00-04:00,10.59000015258789,10.600000381469727,10.59000015258789,10.600000381469727,1100,0.0,0.0
2023-05-02 00:00:00-04:00,10.600000381469727,10.600000381469727,10.600000381469727,10.600000381469727,0,0.0,0.0
2023-05-03 00:00:00-04:00,10.59000015258789,10.59000015258789,10.579999923706055,10.579999923706055,5100,0.0,0.0
2023-05-04 00:00:00-04:00,10.59000015258789,10.59000015258789,10.579999923706055,10.59000015258789,800,0.0,0.0
2023-05-05 00:00:00-04:00,10.585000038146973,10.595000267028809,10.585000038146973,10.595000267028809,13900,0.0,0.0
2023-05-08 00:00:00-04:00,10.595000267028809,10.595000267028809,10.59000015258789,10.59000015258789,23100,0.0,0.0
2023-05-09 00:00:00-04:00,10.595000267028809,10.619999885559082,10.59000015258789,10.614999771118164,2635400,0.0,0.0
2023-05-10 00:00:00-04:00,10.609999656677246,10.619999885559082,10.600000381469727,10.619999885559082,139500,0.0,0.0
2023-05-11 00:00:00-04:00,10.609999656677246,10.619999885559082,10.609999656677246,10.619999885559082,161600,0.0,0.0
2023-05-12 00:00:00-04:00,10.600000381469727,10.609999656677246,10.600000381469727,10.609999656677246,7800,0.0,0.0
2023-05-15 00:00:00-04:00,10.609999656677246,10.609999656677246,10.609999656677246,10.609999656677246,8800,0.0,0.0
2023-05-16 00:00:00-04:00,10.609999656677246,10.609999656677246,10.609999656677246,10.609999656677246,0,0.0,0.0
2023-05-17 00:00:00-04:00,10.619999885559082,10.619999885559082,10.619999885559082,10.619999885559082,2300,0.0,0.0
2023-05-18 00:00:00-04:00,10.619999885559082,10.649999618530273,10.619999885559082,10.649999618530273,41200,0.0,0.0
2023-05-19 00:00:00-04:00,10.609999656677246,10.619999885559082,10.59000015258789,10.614999771118164,1546200,0.0,0.0
2023-05-22 00:00:00-04:00,10.619999885559082,10.625,10.619999885559082,10.619999885559082,152600,0.0,0.0
2023-05-23 00:00:00-04:00,10.625,10.630000114440918,10.609999656677246,10.630000114440918,3300,0.0,0.0
2023-05-24 00:00:00-04:00,10.630000114440918,10.630000114440918,10.619999885559082,10.619999885559082,22300,0.0,0.0
2023-05-25 00:00:00-04:00,10.609999656677246,10.625,10.609999656677246,10.625,3500,0.0,0.0
2023-05-26 00:00:00-04:00,11.0,11.0,10.59000015258789,10.619999885559082,4700,0.0,0.0
2023-05-30 00:00:00-04:00,10.619999885559082,10.619999885559082,10.619999885559082,10.619999885559082,0,0.0,0.0
2023-05-31 00:00:00-04:00,10.59000015258789,10.59000015258789,10.59000015258789,10.59000015258789,1000,0.0,0.0
2023-06-01 00:00:00-04:00,10.649999618530273,10.649999618530273,10.59000015258789,10.59000015258789,2500,0.0,0.0
2023-06-02 00:00:00-04:00,10.640000343322754,10.699999809265137,10.619999885559082,10.699999809265137,380300,0.0,0.0
2023-06-05 00:00:00-04:00,10.649999618530273,10.649999618530273,10.649999618530273,10.649999618530273,1900,0.0,0.0
2023-06-06 00:00:00-04:00,10.649999618530273,10.649999618530273,10.649999618530273,10.649999618530273,0,0.0,0.0
2023-06-07 00:00:00-04:00,10.649999618530273,10.649999618530273,10.649999618530273,10.649999618530273,0,0.0,0.0
2023-06-08 00:00:00-04:00,10.6899995803833,10.6899995803833,10.6899995803833,10.6899995803833,1000,0.0,0.0
2023-06-09 00:00:00-04:00,10.6899995803833,10.6899995803833,10.6899995803833,10.6899995803833,0,0.0,0.0
2023-06-12 00:00:00-04:00,10.699999809265137,10.8100004196167,10.6899995803833,10.6899995803833,14200,0.0,0.0
2023-06-13 00:00:00-04:00,10.720000267028809,11.354999542236328,10.699999809265137,10.755000114440918,25600,0.0,0.0
2023-06-14 00:00:00-04:00,10.75,10.930000305175781,10.710000038146973,10.720000267028809,28900,0.0,0.0
2023-06-15 00:00:00-04:00,10.720000267028809,10.720000267028809,10.720000267028809,10.720000267028809,0,0.0,0.0
2023-06-16 00:00:00-04:00,10.720000267028809,10.720000267028809,10.720000267028809,10.720000267028809,0,0.0,0.0
2023-06-20 00:00:00-04:00,10.710000038146973,10.710000038146973,10.710000038146973,10.710000038146973,200,0.0,0.0
2023-06-21 00:00:00-04:00,10.710000038146973,10.710000038146973,10.710000038146973,10.710000038146973,0,0.0,0.0
2023-06-22 00:00:00-04:00,10.710000038146973,10.710000038146973,10.710000038146973,10.710000038146973,0,0.0,0.0
2023-06-23 00:00:00-04:00,10.710000038146973,10.710000038146973,10.704999923706055,10.710000038146973,26300,0.0,0.0
2023-06-26 00:00:00-04:00,10.710000038146973,10.710000038146973,10.710000038146973,10.710000038146973,0,0.0,0.0
2023-06-27 00:00:00-04:00,10.710000038146973,10.710000038146973,10.710000038146973,10.710000038146973,0,0.0,0.0
2023-06-28 00:00:00-04:00,10.710000038146973,10.710000038146973,10.710000038146973,10.710000038146973,0,0.0,0.0
2023-06-29 00:00:00-04:00,10.710000038146973,10.710000038146973,10.710000038146973,10.710000038146973,0,0.0,0.0
2023-06-30 00:00:00-04:00,10.71500015258789,10.720000267028809,10.710000038146973,10.710000038146973,2800,0.0,0.0
2023-07-03 00:00:00-04:00,10.710000038146973,10.710000038146973,10.710000038146973,10.710000038146973,0,0.0,0.0
2023-07-05 00:00:00-04:00,10.710000038146973,10.710000038146973,10.710000038146973,10.710000038146973,0,0.0,0.0
2023-07-06 00:00:00-04:00,10.710000038146973,10.710000038146973,10.710000038146973,10.710000038146973,100,0.0,0.0
2023-07-07 00:00:00-04:00,10.710000038146973,10.710000038146973,10.710000038146973,10.710000038146973,100,0.0,0.0
2023-07-10 00:00:00-04:00,10.710000038146973,10.710000038146973,10.710000038146973,10.710000038146973,0,0.0,0.0
2023-07-11 00:00:00-04:00,10.710000038146973,10.710000038146973,10.710000038146973,10.710000038146973,0,0.0,0.0
2023-07-12 00:00:00-04:00,10.710000038146973,10.710000038146973,10.710000038146973,10.710000038146973,0,0.0,0.0
2023-07-13 00:00:00-04:00,10.710000038146973,10.710000038146973,10.710000038146973,10.710000038146973,100,0.0,0.0
2023-07-14 00:00:00-04:00,10.710000038146973,10.710000038146973,10.710000038146973,10.710000038146973,200,0.0,0.0
2023-07-17 00:00:00-04:00,10.720000267028809,10.720000267028809,10.720000267028809,10.720000267028809,1300,0.0,0.0
2023-07-18 00:00:00-04:00,10.720000267028809,10.720000267028809,10.720000267028809,10.720000267028809,700,0.0,0.0
2023-07-19 00:00:00-04:00,10.739999771118164,10.739999771118164,10.739999771118164,10.739999771118164,100,0.0,0.0
2023-07-20 00:00:00-04:00,10.739999771118164,10.739999771118164,10.739999771118164,10.739999771118164,100,0.0,0.0
2023-07-21 00:00:00-04:00,10.739999771118164,10.739999771118164,10.739999771118164,10.739999771118164,100,0.0,0.0
2023-07-24 00:00:00-04:00,10.739999771118164,10.739999771118164,10.739999771118164,10.739999771118164,10000,0.0,0.0
2023-07-25 00:00:00-04:00,10.739999771118164,10.739999771118164,10.739999771118164,10.739999771118164,200,0.0,0.0
2023-07-26 00:00:00-04:00,10.739999771118164,10.760000228881836,10.739999771118164,10.760000228881836,800,0.0,0.0
2023-07-27 00:00:00-04:00,10.800000190734863,10.800000190734863,10.75,10.800000190734863,10200,0.0,0.0
2023-07-28 00:00:00-04:00,10.739999771118164,10.739999771118164,10.739999771118164,10.739999771118164,1400,0.0,0.0
2023-07-31 00:00:00-04:00,10.779999732971191,10.779999732971191,10.760000228881836,10.760000228881836,1700,0.0,0.0
2023-08-01 00:00:00-04:00,10.760000228881836,10.760000228881836,10.760000228881836,10.760000228881836,100,0.0,0.0
2023-08-02 00:00:00-04:00,10.760000228881836,10.760000228881836,10.760000228881836,10.760000228881836,100,0.0,0.0
2023-08-03 00:00:00-04:00,10.760000228881836,10.774999618530273,10.760000228881836,10.770000457763672,1300,0.0,0.0
2023-08-04 00:00:00-04:00,10.770000457763672,10.770000457763672,10.770000457763672,10.770000457763672,0,0.0,0.0
2023-08-07 00:00:00-04:00,10.739999771118164,10.770000457763672,10.739999771118164,10.770000457763672,3600,0.0,0.0
2023-08-08 00:00:00-04:00,10.770000457763672,10.770000457763672,10.770000457763672,10.770000457763672,0,0.0,0.0
2023-08-09 00:00:00-04:00,10.789999961853027,10.789999961853027,10.789999961853027,10.789999961853027,3100,0.0,0.0
2023-08-10 00:00:00-04:00,10.789999961853027,10.789999961853027,10.789999961853027,10.789999961853027,0,0.0,0.0
2023-08-11 00:00:00-04:00,10.789999961853027,10.789999961853027,10.789999961853027,10.789999961853027,0,0.0,0.0
2023-08-14 00:00:00-04:00,10.760000228881836,10.819999694824219,10.760000228881836,10.819999694824219,4300,0.0,0.0
2023-08-15 00:00:00-04:00,10.819999694824219,10.819999694824219,10.819999694824219,10.819999694824219,0,0.0,0.0
2023-08-16 00:00:00-04:00,10.847999572753906,10.847999572753906,10.789999961853027,10.789999961853027,700,0.0,0.0
2023-08-17 00:00:00-04:00,10.800000190734863,10.800000190734863,10.800000190734863,10.800000190734863,500,0.0,0.0
2023-08-18 00:00:00-04:00,10.800000190734863,10.800000190734863,10.800000190734863,10.800000190734863,0,0.0,0.0
2023-08-21 00:00:00-04:00,10.800000190734863,10.800000190734863,10.800000190734863,10.800000190734863,0,0.0,0.0
2023-08-22 00:00:00-04:00,10.829999923706055,10.84000015258789,10.8149995803833,10.819999694824219,8800,0.0,0.0
2023-08-23 00:00:00-04:00,10.819999694824219,10.819999694824219,10.819999694824219,10.819999694824219,0,0.0,0.0
2023-08-24 00:00:00-04:00,10.84000015258789,10.850000381469727,10.829999923706055,10.850000381469727,16800,0.0,0.0
2023-08-25 00:00:00-04:00,10.869999885559082,11.850000381469727,10.869999885559082,10.899999618530273,18100,0.0,0.0
2023-08-28 00:00:00-04:00,10.979999542236328,10.979999542236328,10.899999618530273,10.899999618530273,700,0.0,0.0
2023-08-29 00:00:00-04:00,10.899999618530273,10.899999618530273,10.899999618530273,10.899999618530273,0,0.0,0.0
2023-08-30 00:00:00-04:00,10.899999618530273,10.899999618530273,10.899999618530273,10.899999618530273,0,0.0,0.0
2023-08-31 00:00:00-04:00,10.899999618530273,10.899999618530273,10.899999618530273,10.899999618530273,0,0.0,0.0
2023-09-01 00:00:00-04:00,10.899999618530273,10.899999618530273,10.899999618530273,10.899999618530273,2400,0.0,0.0
2023-09-05 00:00:00-04:00,10.899999618530273,10.920000076293945,10.899999618530273,10.899999618530273,2200,0.0,0.0
2023-09-06 00:00:00-04:00,10.899999618530273,10.899999618530273,10.899999618530273,10.899999618530273,300,0.0,0.0
2023-09-07 00:00:00-04:00,10.899999618530273,10.899999618530273,10.899999618530273,10.899999618530273,200,0.0,0.0
2023-09-08 00:00:00-04:00,10.9399995803833,10.9399995803833,10.9399995803833,10.9399995803833,600,0.0,0.0
2023-09-11 00:00:00-04:00,10.9399995803833,10.949999809265137,10.9399995803833,10.949999809265137,14100,0.0,0.0
2023-09-12 00:00:00-04:00,10.949999809265137,10.949999809265137,10.949999809265137,10.949999809265137,200,0.0,0.0
2023-09-13 00:00:00-04:00,10.949999809265137,10.949999809265137,10.949999809265137,10.949999809265137,0,0.0,0.0
2023-09-14 00:00:00-04:00,10.949999809265137,10.949999809265137,10.949999809265137,10.949999809265137,600,0.0,0.0
2023-09-15 00:00:00-04:00,10.960000038146973,10.960000038146973,10.960000038146973,10.960000038146973,400,0.0,0.0
2023-09-18 00:00:00-04:00,10.989999771118164,11.0,10.989999771118164,11.0,6000,0.0,0.0
2023-09-19 00:00:00-04:00,11.010000228881836,11.010000228881836,11.010000228881836,11.010000228881836,7900,0.0,0.0
2023-09-20 00:00:00-04:00,11.010000228881836,11.010000228881836,11.010000228881836,11.010000228881836,100,0.0,0.0
2023-09-21 00:00:00-04:00,11.010000228881836,11.010000228881836,11.010000228881836,11.010000228881836,0,0.0,0.0
2023-09-22 00:00:00-04:00,11.010000228881836,11.010000228881836,11.010000228881836,11.010000228881836,100,0.0,0.0
2023-09-25 00:00:00-04:00,11.020000457763672,11.020000457763672,11.020000457763672,11.020000457763672,300,0.0,0.0
2023-09-26 00:00:00-04:00,11.079999923706055,11.130000114440918,11.010000228881836,11.050000190734863,269400,0.0,0.0
2023-09-27 00:00:00-04:00,11.050000190734863,11.050000190734863,11.050000190734863,11.050000190734863,0,0.0,0.0
2023-09-28 00:00:00-04:00,11.0600004196167,11.086000442504883,11.0600004196167,11.086000442504883,700,0.0,0.0
2023-09-29 00:00:00-04:00,11.100000381469727,11.100000381469727,11.100000381469727,11.100000381469727,2000,0.0,0.0
2023-10-02 00:00:00-04:00,11.109999656677246,11.149999618530273,11.109999656677246,11.119999885559082,41500,0.0,0.0
2023-10-03 00:00:00-04:00,11.100000381469727,11.100000381469727,11.100000381469727,11.100000381469727,210100,0.0,0.0
2023-10-04 00:00:00-04:00,11.100000381469727,11.100000381469727,11.100000381469727,11.100000381469727,0,0.0,0.0
2023-10-05 00:00:00-04:00,11.100000381469727,11.100000381469727,11.100000381469727,11.100000381469727,0,0.0,0.0
2023-10-06 00:00:00-04:00,11.100000381469727,11.100000381469727,11.100000381469727,11.100000381469727,0,0.0,0.0
2023-10-09 00:00:00-04:00,11.100000381469727,11.100000381469727,11.100000381469727,11.100000381469727,0,0.0,0.0
2023-10-10 00:00:00-04:00,11.100000381469727,11.100000381469727,11.100000381469727,11.100000381469727,6200,0.0,0.0
2023-10-11 00:00:00-04:00,11.010000228881836,11.010000228881836,11.010000228881836,11.010000228881836,300,0.0,0.0
2023-10-12 00:00:00-04:00,11.069999694824219,11.069999694824219,11.069999694824219,11.069999694824219,200,0.0,0.0
2023-10-13 00:00:00-04:00,11.069999694824219,11.069999694824219,11.069999694824219,11.069999694824219,100,0.0,0.0
2023-10-16 00:00:00-04:00,11.069999694824219,11.069999694824219,11.069999694824219,11.069999694824219,0,0.0,0.0
2023-10-17 00:00:00-04:00,11.069999694824219,11.069999694824219,11.069999694824219,11.069999694824219,0,0.0,0.0
2023-10-18 00:00:00-04:00,11.069999694824219,11.069999694824219,11.069999694824219,11.069999694824219,0,0.0,0.0
2023-10-19 00:00:00-04:00,11.069999694824219,11.069999694824219,11.069999694824219,11.069999694824219,0,0.0,0.0
2023-10-20 00:00:00-04:00,11.079999923706055,11.079999923706055,11.079999923706055,11.079999923706055,100,0.0,0.0
2023-10-23 00:00:00-04:00,11.079999923706055,11.079999923706055,11.079999923706055,11.079999923706055,100,0.0,0.0
2023-10-24 00:00:00-04:00,11.079999923706055,11.079999923706055,11.079999923706055,11.079999923706055,100,0.0,0.0
2023-10-25 00:00:00-04:00,11.079999923706055,11.079999923706055,11.079999923706055,11.079999923706055,0,0.0,0.0
2023-10-26 00:00:00-04:00,11.079999923706055,11.130000114440918,11.079999923706055,11.09000015258789,6700,0.0,0.0
2023-10-27 00:00:00-04:00,11.085000038146973,11.09000015258789,11.085000038146973,11.09000015258789,7700,0.0,0.0
2023-10-30 00:00:00-04:00,11.09000015258789,11.09000015258789,11.09000015258789,11.09000015258789,0,0.0,0.0
2023-10-31 00:00:00-04:00,11.09000015258789,11.09000015258789,11.09000015258789,11.09000015258789,0,0.0,0.0
2023-11-01 00:00:00-04:00,11.09000015258789,11.09000015258789,11.09000015258789,11.09000015258789,0,0.0,0.0
2023-11-02 00:00:00-04:00,11.09000015258789,11.09000015258789,11.09000015258789,11.09000015258789,100000,0.0,0.0
2023-11-03 00:00:00-04:00,11.09000015258789,11.09000015258789,11.09000015258789,11.09000015258789,0,0.0,0.0
2023-11-06 00:00:00-05:00,11.09000015258789,11.09000015258789,11.09000015258789,11.09000015258789,0,0.0,0.0
2023-11-07 00:00:00-05:00,11.0600004196167,11.0600004196167,11.0600004196167,11.0600004196167,1000,0.0,0.0
2023-11-08 00:00:00-05:00,11.0600004196167,11.0600004196167,11.0600004196167,11.0600004196167,0,0.0,0.0
2023-11-09 00:00:00-05:00,11.0600004196167,11.0600004196167,11.0600004196167,11.0600004196167,0,0.0,0.0
2023-11-10 00:00:00-05:00,11.0600004196167,11.0600004196167,11.0600004196167,11.0600004196167,100,0.0,0.0
2023-11-13 00:00:00-05:00,11.0600004196167,11.0600004196167,11.0600004196167,11.0600004196167,0,0.0,0.0
2023-11-14 00:00:00-05:00,11.0600004196167,11.0600004196167,11.0600004196167,11.0600004196167,300,0.0,0.0
2023-11-15 00:00:00-05:00,11.0600004196167,11.0600004196167,11.0600004196167,11.0600004196167,0,0.0,0.0
2023-11-16 00:00:00-05:00,11.079999923706055,11.079999923706055,11.079999923706055,11.079999923706055,26300,0.0,0.0
2023-11-17 00:00:00-05:00,11.079999923706055,11.079999923706055,11.079999923706055,11.079999923706055,0,0.0,0.0
2023-11-20 00:00:00-05:00,11.079999923706055,11.079999923706055,11.079999923706055,11.079999923706055,0,0.0,0.0
2023-11-21 00:00:00-05:00,11.079999923706055,11.079999923706055,11.079999923706055,11.079999923706055,0,0.0,0.0
2023-11-22 00:00:00-05:00,11.079999923706055,11.079999923706055,11.079999923706055,11.079999923706055,0,0.0,0.0
2023-11-24 00:00:00-05:00,11.079999923706055,11.079999923706055,11.079999923706055,11.079999923706055,0,0.0,0.0
2023-11-27 00:00:00-05:00,11.079999923706055,11.079999923706055,11.039999961853027,11.079999923706055,32700,0.0,0.0
2023-11-28 00:00:00-05:00,11.079999923706055,11.079999923706055,11.079999923706055,11.079999923706055,0,0.0,0.0
2023-11-29 00:00:00-05:00,11.079999923706055,11.079999923706055,11.079999923706055,11.079999923706055,0,0.0,0.0
2023-11-30 00:00:00-05:00,11.170000076293945,11.170000076293945,11.170000076293945,11.170000076293945,1000,0.0,0.0
2023-12-01 00:00:00-05:00,11.170000076293945,11.170000076293945,11.170000076293945,11.170000076293945,0,0.0,0.0
2023-12-04 00:00:00-05:00,11.175000190734863,11.180000305175781,11.175000190734863,11.180000305175781,62300,0.0,0.0
2023-12-05 00:00:00-05:00,11.180000305175781,11.180000305175781,11.180000305175781,11.180000305175781,0,0.0,0.0
2023-12-06 00:00:00-05:00,11.180000305175781,11.180000305175781,11.180000305175781,11.180000305175781,0,0.0,0.0
2023-12-07 00:00:00-05:00,11.180000305175781,11.180000305175781,11.180000305175781,11.180000305175781,0,0.0,0.0
2023-12-08 00:00:00-05:00,11.220000267028809,11.220000267028809,11.220000267028809,11.220000267028809,1300,0.0,0.0
2023-12-11 00:00:00-05:00,11.220000267028809,11.220000267028809,11.220000267028809,11.220000267028809,0,0.0,0.0
2023-12-12 00:00:00-05:00,11.220000267028809,11.220000267028809,11.220000267028809,11.220000267028809,0,0.0,0.0
2023-12-13 00:00:00-05:00,11.220000267028809,11.220000267028809,11.220000267028809,11.220000267028809,0,0.0,0.0
2023-12-14 00:00:00-05:00,11.220000267028809,11.220000267028809,11.220000267028809,11.220000267028809,0,0.0,0.0
2023-12-15 00:00:00-05:00,11.220000267028809,11.220000267028809,11.220000267028809,11.220000267028809,100,0.0,0.0
2023-12-18 00:00:00-05:00,11.220000267028809,11.220000267028809,11.220000267028809,11.220000267028809,0,0.0,0.0
2023-12-19 00:00:00-05:00,11.220000267028809,11.220000267028809,11.220000267028809,11.220000267028809,0,0.0,0.0
2023-12-20 00:00:00-05:00,11.220000267028809,11.220000267028809,11.220000267028809,11.220000267028809,0,0.0,0.0
2023-12-21 00:00:00-05:00,11.180000305175781,11.180000305175781,11.180000305175781,11.180000305175781,200,0.0,0.0
2023-12-22 00:00:00-05:00,11.180000305175781,11.180000305175781,11.180000305175781,11.180000305175781,0,0.0,0.0
2023-12-26 00:00:00-05:00,11.140000343322754,11.140000343322754,11.140000343322754,11.140000343322754,1800,0.0,0.0
2023-12-27 00:00:00-05:00,11.140000343322754,11.140000343322754,11.140000343322754,11.140000343322754,0,0.0,0.0
2023-12-28 00:00:00-05:00,11.140000343322754,11.140000343322754,11.140000343322754,11.140000343322754,0,0.0,0.0
2023-12-29 00:00:00-05:00,11.09000015258789,11.210000038146973,11.069999694824219,11.1899995803833,22900,0.0,0.0
2024-01-02 00:00:00-05:00,11.1899995803833,11.1899995803833,11.1899995803833,11.1899995803833,0,0.0,0.0
2024-01-03 00:00:00-05:00,11.1899995803833,11.1899995803833,11.1899995803833,11.1899995803833,0,0.0,0.0
2024-01-04 00:00:00-05:00,11.1899995803833,11.1899995803833,11.1899995803833,11.1899995803833,0,0.0,0.0
2024-01-05 00:00:00-05:00,11.1899995803833,11.1899995803833,11.1899995803833,11.1899995803833,0,0.0,0.0
2024-01-08 00:00:00-05:00,11.1899995803833,11.1899995803833,11.1899995803833,11.1899995803833,0,0.0,0.0
2024-01-09 00:00:00-05:00,11.1899995803833,11.1899995803833,11.1899995803833,11.1899995803833,0,0.0,0.0
2024-01-10 00:00:00-05:00,11.1899995803833,11.1899995803833,11.1899995803833,11.1899995803833,0,0.0,0.0
2024-01-11 00:00:00-05:00,11.1899995803833,11.1899995803833,11.1899995803833,11.1899995803833,0,0.0,0.0
2024-01-12 00:00:00-05:00,11.1899995803833,11.1899995803833,11.1899995803833,11.1899995803833,0,0.0,0.0
2024-01-16 00:00:00-05:00,11.1899995803833,11.1899995803833,11.1899995803833,11.1899995803833,0,0.0,0.0
2024-01-17 00:00:00-05:00,11.1899995803833,11.1899995803833,11.1899995803833,11.1899995803833,0,0.0,0.0
2024-01-18 00:00:00-05:00,11.199999809265137,11.199999809265137,11.199999809265137,11.199999809265137,600,0.0,0.0
2024-01-19 00:00:00-05:00,11.260000228881836,11.270000457763672,11.260000228881836,11.270000457763672,1100,0.0,0.0
2024-01-22 00:00:00-05:00,11.270000457763672,11.270000457763672,11.270000457763672,11.270000457763672,0,0.0,0.0
2024-01-23 00:00:00-05:00,11.270000457763672,11.270000457763672,11.270000457763672,11.270000457763672,0,0.0,0.0
2024-01-24 00:00:00-05:00,11.289999961853027,11.289999961853027,11.289999961853027,11.289999961853027,500,0.0,0.0
2024-01-25 00:00:00-05:00,11.289999961853027,11.289999961853027,11.289999961853027,11.289999961853027,0,0.0,0.0
2024-01-26 00:00:00-05:00,11.289999961853027,11.289999961853027,11.289999961853027,11.289999961853027,100,0.0,0.0
2024-01-29 00:00:00-05:00,11.289999961853027,11.289999961853027,11.289999961853027,11.289999961853027,0,0.0,0.0
2024-01-30 00:00:00-05:00,11.289999961853027,11.289999961853027,11.289999961853027,11.289999961853027,0,0.0,0.0
2024-01-31 00:00:00-05:00,11.1899995803833,11.1899995803833,11.1899995803833,11.1899995803833,100,0.0,0.0
2024-02-01 00:00:00-05:00,11.239999771118164,11.239999771118164,11.239999771118164,11.239999771118164,433600,0.0,0.0
2024-02-02 00:00:00-05:00,11.239999771118164,11.239999771118164,11.239999771118164,11.239999771118164,0,0.0,0.0
2024-02-05 00:00:00-05:00,11.319999694824219,11.319999694824219,11.260000228881836,11.300000190734863,518300,0.0,0.0
2024-02-06 00:00:00-05:00,11.289999961853027,11.3100004196167,11.289999961853027,11.300000190734863,37100,0.0,0.0
2024-02-07 00:00:00-05:00,11.010000228881836,11.289999961853027,11.010000228881836,11.289999961853027,3000,0.0,0.0
2024-02-08 00:00:00-05:00,11.260000228881836,11.300000190734863,11.260000228881836,11.300000190734863,900,0.0,0.0
2024-02-09 00:00:00-05:00,11.270000457763672,11.270000457763672,11.270000457763672,11.270000457763672,150200,0.0,0.0
2024-02-12 00:00:00-05:00,11.270000457763672,11.300000190734863,11.270000457763672,11.300000190734863,3900,0.0,0.0
2024-02-13 00:00:00-05:00,11.279999732971191,11.279999732971191,11.279999732971191,11.279999732971191,125100,0.0,0.0
2024-02-14 00:00:00-05:00,11.260000228881836,11.260000228881836,11.260000228881836,11.260000228881836,200,0.0,0.0
2024-02-15 00:00:00-05:00,11.260000228881836,11.260000228881836,11.260000228881836,11.260000228881836,0,0.0,0.0
2024-02-16 00:00:00-05:00,11.260000228881836,11.260000228881836,11.260000228881836,11.260000228881836,0,0.0,0.0
2024-02-20 00:00:00-05:00,11.260000228881836,11.260000228881836,11.260000228881836,11.260000228881836,300,0.0,0.0
2024-02-21 00:00:00-05:00,11.260000228881836,11.260000228881836,11.260000228881836,11.260000228881836,300,0.0,0.0
2024-02-22 00:00:00-05:00,11.289999961853027,11.289999961853027,11.274999618530273,11.289999961853027,23300,0.0,0.0
2024-02-23 00:00:00-05:00,11.289999961853027,11.289999961853027,11.289999961853027,11.289999961853027,100,0.0,0.0
2024-02-26 00:00:00-05:00,11.289999961853027,11.289999961853027,11.289999961853027,11.289999961853027,200,0.0,0.0
2024-02-27 00:00:00-05:00,11.3149995803833,11.319999694824219,11.3149995803833,11.319999694824219,2900,0.0,0.0
2024-02-28 00:00:00-05:00,11.319999694824219,11.319999694824219,11.319999694824219,11.319999694824219,0,0.0,0.0
2024-02-29 00:00:00-05:00,11.319999694824219,11.319999694824219,11.319999694824219,11.319999694824219,400,0.0,0.0
2024-03-01 00:00:00-05:00,11.319999694824219,11.319999694824219,11.319999694824219,11.319999694824219,0,0.0,0.0
2024-03-04 00:00:00-05:00,11.329999923706055,11.329999923706055,11.329999923706055,11.329999923706055,500,0.0,0.0
2024-03-05 00:00:00-05:00,11.329999923706055,11.329999923706055,11.329999923706055,11.329999923706055,0,0.0,0.0
2024-03-06 00:00:00-05:00,11.319999694824219,11.319999694824219,11.319999694824219,11.319999694824219,150100,0.0,0.0
2024-03-07 00:00:00-05:00,11.350000381469727,11.350000381469727,11.3100004196167,11.3100004196167,13700,0.0,0.0
2024-03-08 00:00:00-05:00,11.3100004196167,11.329999923706055,11.3100004196167,11.329999923706055,9200,0.0,0.0
2024-03-11 00:00:00-04:00,11.170000076293945,11.170000076293945,11.170000076293945,11.170000076293945,500,0.0,0.0
2024-03-12 00:00:00-04:00,11.3100004196167,11.3100004196167,11.3100004196167,11.3100004196167,400,0.0,0.0
2024-03-13 00:00:00-04:00,11.3100004196167,11.3100004196167,11.3100004196167,11.3100004196167,0,0.0,0.0
2024-03-14 00:00:00-04:00,11.3100004196167,11.3100004196167,11.3100004196167,11.3100004196167,400,0.0,0.0
2024-03-15 00:00:00-04:00,11.319999694824219,11.319999694824219,11.319999694824219,11.319999694824219,2100,0.0,0.0
2024-03-18 00:00:00-04:00,11.319999694824219,11.321000099182129,11.319999694824219,11.321000099182129,3600,0.0,0.0
2024-03-19 00:00:00-04:00,11.319999694824219,11.319999694824219,11.319999694824219,11.319999694824219,500,0.0,0.0
2024-03-20 00:00:00-04:00,11.319999694824219,11.319999694824219,11.319999694824219,11.319999694824219,400,0.0,0.0
2024-03-21 00:00:00-04:00,11.319999694824219,11.319999694824219,11.319999694824219,11.319999694824219,0,0.0,0.0
2024-03-22 00:00:00-04:00,11.319999694824219,11.319999694824219,11.319999694824219,11.319999694824219,0,0.0,0.0
2024-03-25 00:00:00-04:00,11.319999694824219,11.319999694824219,11.319999694824219,11.319999694824219,0,0.0,0.0
2024-03-26 00:00:00-04:00,11.319999694824219,11.319999694824219,11.319999694824219,11.319999694824219,0,0.0,0.0
2024-03-27 00:00:00-04:00,11.319999694824219,11.319999694824219,11.319999694824219,11.319999694824219,0,0.0,0.0
2024-03-28 00:00:00-04:00,11.319999694824219,11.319999694824219,11.319999694824219,11.319999694824219,300,0.0,0.0
2024-04-01 00:00:00-04:00,11.359999656677246,11.359999656677246,11.350000381469727,11.359999656677246,77400,0.0,0.0
2024-04-02 00:00:00-04:00,11.369999885559082,11.369999885559082,11.359999656677246,11.369999885559082,5200,0.0,0.0
2024-04-03 00:00:00-04:00,11.369999885559082,11.369999885559082,11.369999885559082,11.369999885559082,1100,0.0,0.0
2024-04-04 00:00:00-04:00,11.380000114440918,11.390000343322754,11.375,11.390000343322754,79600,0.0,0.0
2024-04-05 00:00:00-04:00,11.390000343322754,11.390000343322754,11.380000114440918,11.380000114440918,300,0.0,0.0
2024-04-08 00:00:00-04:00,11.390000343322754,11.430000305175781,11.390000343322754,11.430000305175781,4000,0.0,0.0
2024-04-09 00:00:00-04:00,11.430000305175781,11.430000305175781,11.430000305175781,11.430000305175781,0,0.0,0.0
2024-04-10 00:00:00-04:00,11.420000076293945,11.420000076293945,11.420000076293945,11.420000076293945,500,0.0,0.0
2024-04-11 00:00:00-04:00,11.420000076293945,11.420000076293945,11.420000076293945,11.420000076293945,100,0.0,0.0
2024-04-12 00:00:00-04:00,11.420000076293945,11.420000076293945,11.420000076293945,11.420000076293945,0,0.0,0.0
2024-04-15 00:00:00-04:00,11.399999618530273,11.420000076293945,11.399999618530273,11.420000076293945,4000,0.0,0.0
2024-04-16 00:00:00-04:00,11.420000076293945,11.420000076293945,11.420000076293945,11.420000076293945,200,0.0,0.0
2024-04-17 00:00:00-04:00,11.420000076293945,11.4350004196167,11.420000076293945,11.4350004196167,2300,0.0,0.0
2024-04-18 00:00:00-04:00,11.420000076293945,11.420000076293945,11.399999618530273,11.399999618530273,4300,0.0,0.0
2024-04-19 00:00:00-04:00,11.420000076293945,11.420000076293945,11.420000076293945,11.420000076293945,8400,0.0,0.0
2024-04-22 00:00:00-04:00,11.420000076293945,11.420000076293945,11.420000076293945,11.420000076293945,0,0.0,0.0
2024-04-23 00:00:00-04:00,11.420000076293945,11.420000076293945,11.420000076293945,11.420000076293945,0,0.0,0.0
2024-04-24 00:00:00-04:00,11.420000076293945,11.420000076293945,11.420000076293945,11.420000076293945,500,0.0,0.0
2024-04-25 00:00:00-04:00,11.420000076293945,11.420000076293945,11.420000076293945,11.420000076293945,0,0.0,0.0
2024-04-26 00:00:00-04:00,11.420000076293945,11.420000076293945,11.420000076293945,11.420000076293945,0,0.0,0.0
2024-04-29 00:00:00-04:00,11.420000076293945,11.420000076293945,11.420000076293945,11.420000076293945,0,0.0,0.0
2024-04-30 00:00:00-04:00,11.420000076293945,11.420000076293945,11.420000076293945,11.420000076293945,200,0.0,0.0
2024-05-01 00:00:00-04:00,11.420000076293945,11.420000076293945,11.420000076293945,11.420000076293945,0,0.0,0.0
2024-05-02 00:00:00-04:00,11.420000076293945,11.420000076293945,11.420000076293945,11.420000076293945,0,0.0,0.0
2024-05-03 00:00:00-04:00,11.4399995803833,11.4399995803833,11.4399995803833,11.4399995803833,2100,0.0,0.0
2024-05-06 00:00:00-04:00,11.4399995803833,11.4399995803833,11.4399995803833,11.4399995803833,400,0.0,0.0
2024-05-07 00:00:00-04:00,11.4399995803833,11.4399995803833,11.4399995803833,11.4399995803833,0,0.0,0.0
2024-05-08 00:00:00-04:00,11.4399995803833,11.4399995803833,11.4399995803833,11.4399995803833,200,0.0,0.0
2024-05-09 00:00:00-04:00,11.4399995803833,11.4399995803833,11.4399995803833,11.4399995803833,0,0.0,0.0
2024-05-10 00:00:00-04:00,11.4399995803833,11.4399995803833,11.4399995803833,11.4399995803833,100,0.0,0.0
2024-05-13 00:00:00-04:00,11.4399995803833,11.4399995803833,11.4399995803833,11.4399995803833,0,0.0,0.0
2024-05-14 00:00:00-04:00,11.4399995803833,11.4399995803833,11.4399995803833,11.4399995803833,0,0.0,0.0
2024-05-15 00:00:00-04:00,11.4399995803833,11.4399995803833,11.4399995803833,11.4399995803833,100,0.0,0.0
2024-05-16 00:00:00-04:00,11.470000267028809,11.470000267028809,11.449999809265137,11.449999809265137,100500,0.0,0.0
2024-05-17 00:00:00-04:00,11.470000267028809,11.470000267028809,11.470000267028809,11.470000267028809,2000,0.0,0.0
2024-05-20 00:00:00-04:00,11.470000267028809,11.470000267028809,11.470000267028809,11.470000267028809,0,0.0,0.0
2024-05-21 00:00:00-04:00,11.460000038146973,11.460000038146973,11.460000038146973,11.460000038146973,15100,0.0,0.0
2024-05-22 00:00:00-04:00,11.470000267028809,11.479999542236328,11.470000267028809,11.470000267028809,276000,0.0,0.0
2024-05-23 00:00:00-04:00,11.470000267028809,11.470000267028809,11.460000038146973,11.470000267028809,804600,0.0,0.0
2024-05-24 00:00:00-04:00,11.449999809265137,11.489999771118164,11.449999809265137,11.489999771118164,19400,0.0,0.0
2024-05-28 00:00:00-04:00,11.449999809265137,11.449999809265137,11.449999809265137,11.449999809265137,11300,0.0,0.0
2024-05-29 00:00:00-04:00,11.449999809265137,11.449999809265137,11.449999809265137,11.449999809265137,0,0.0,0.0
2024-05-30 00:00:00-04:00,11.489999771118164,11.489999771118164,11.479999542236328,11.479999542236328,300,0.0,0.0
2024-05-31 00:00:00-04:00,11.479999542236328,11.479999542236328,11.479999542236328,11.479999542236328,0,0.0,0.0
2024-06-03 00:00:00-04:00,11.479999542236328,11.479999542236328,11.479999542236328,11.479999542236328,300000,0.0,0.0
2024-06-04 00:00:00-04:00,11.479999542236328,11.479999542236328,11.479999542236328,11.479999542236328,0,0.0,0.0
2024-06-05 00:00:00-04:00,11.479999542236328,11.479999542236328,11.479999542236328,11.479999542236328,0,0.0,0.0
2024-06-06 00:00:00-04:00,11.479999542236328,11.479999542236328,11.479999542236328,11.479999542236328,0,0.0,0.0
2024-06-07 00:00:00-04:00,11.444999694824219,11.460000038146973,11.444999694824219,11.460000038146973,4300,0.0,0.0
2024-06-10 00:00:00-04:00,11.470000267028809,11.470000267028809,11.470000267028809,11.470000267028809,25000,0.0,0.0
2024-06-11 00:00:00-04:00,11.470000267028809,11.470000267028809,11.470000267028809,11.470000267028809,0,0.0,0.0
2024-06-12 00:00:00-04:00,11.479999542236328,11.479999542236328,11.479999542236328,11.479999542236328,200,0.0,0.0
2024-06-13 00:00:00-04:00,11.479999542236328,11.479999542236328,11.479999542236328,11.479999542236328,0,0.0,0.0
2024-06-14 00:00:00-04:00,11.479999542236328,11.479999542236328,11.460000038146973,11.460000038146973,2000,0.0,0.0
2024-06-17 00:00:00-04:00,11.479000091552734,11.479000091552734,11.479000091552734,11.479000091552734,1000,0.0,0.0
2024-06-18 00:00:00-04:00,11.479000091552734,11.479000091552734,11.479000091552734,11.479000091552734,0,0.0,0.0
2024-06-20 00:00:00-04:00,11.40999984741211,11.40999984741211,11.40999984741211,11.40999984741211,600,0.0,0.0
2024-06-21 00:00:00-04:00,11.4399995803833,11.4399995803833,11.4399995803833,11.4399995803833,500,0.0,0.0
2024-06-24 00:00:00-04:00,11.4399995803833,11.4399995803833,11.4399995803833,11.4399995803833,0,0.0,0.0
2024-06-25 00:00:00-04:00,11.467000007629395,11.491000175476074,11.40999984741211,11.491000175476074,11500,0.0,0.0
2024-06-26 00:00:00-04:00,11.491000175476074,11.491000175476074,11.491000175476074,11.491000175476074,0,0.0,0.0
2024-06-27 00:00:00-04:00,11.472999572753906,11.489999771118164,11.460000038146973,11.460000038146973,2100,0.0,0.0
2024-06-28 00:00:00-04:00,11.479999542236328,11.479999542236328,11.385000228881836,11.39799976348877,13200,0.0,0.0
2024-07-01 00:00:00-04:00,11.39799976348877,11.39799976348877,11.39799976348877,11.39799976348877,0,0.0,0.0
2024-07-02 00:00:00-04:00,11.449999809265137,11.449999809265137,11.449999809265137,11.449999809265137,100,0.0,0.0
2024-07-03 00:00:00-04:00,11.449999809265137,11.449999809265137,11.449999809265137,11.449999809265137,0,0.0,0.0
2024-07-05 00:00:00-04:00,11.449999809265137,11.470000267028809,11.449999809265137,11.470000267028809,500,0.0,0.0
2024-07-08 00:00:00-04:00,11.40999984741211,11.460000038146973,11.40999984741211,11.420000076293945,1200,0.0,0.0
2024-07-09 00:00:00-04:00,11.460000038146973,11.460000038146973,11.460000038146973,11.460000038146973,100,0.0,0.0
2024-07-10 00:00:00-04:00,11.420000076293945,11.470000267028809,11.420000076293945,11.470000267028809,2000,0.0,0.0
2024-07-11 00:00:00-04:00,11.460000038146973,11.460000038146973,11.460000038146973,11.460000038146973,100,0.0,0.0
2024-07-12 00:00:00-04:00,11.4399995803833,11.4399995803833,11.40999984741211,11.40999984741211,1000,0.0,0.0
2024-07-15 00:00:00-04:00,11.460000038146973,11.460000038146973,11.460000038146973,11.460000038146973,100,0.0,0.0
2024-07-16 00:00:00-04:00,11.420000076293945,11.470000267028809,11.420000076293945,11.470000267028809,1200,0.0,0.0
2024-07-17 00:00:00-04:00,11.460000038146973,11.460000038146973,11.460000038146973,11.460000038146973,100,0.0,0.0
2024-07-18 00:00:00-04:00,11.46500015258789,11.470000267028809,11.46500015258789,11.470000267028809,600,0.0,0.0
2024-07-19 00:00:00-04:00,11.470000267028809,11.470000267028809,11.470000267028809,11.470000267028809,0,0.0,0.0
2024-07-22 00:00:00-04:00,11.470000267028809,11.470000267028809,11.449999809265137,11.470000267028809,31000,0.0,0.0
2024-07-23 00:00:00-04:00,11.470000267028809,11.470000267028809,11.470000267028809,11.470000267028809,0,0.0,0.0
2024-07-24 00:00:00-04:00,11.470000267028809,11.470000267028809,11.470000267028809,11.470000267028809,0,0.0,0.0
2024-07-25 00:00:00-04:00,11.470000267028809,11.470000267028809,11.470000267028809,11.470000267028809,0,0.0,0.0
2024-07-26 00:00:00-04:00,11.420000076293945,11.420000076293945,11.420000076293945,11.420000076293945,500,0.0,0.0
2024-07-29 00:00:00-04:00,11.420000076293945,11.420000076293945,11.420000076293945,11.420000076293945,0,0.0,0.0
2024-07-30 00:00:00-04:00,11.460000038146973,11.470999717712402,11.460000038146973,11.470999717712402,600,0.0,0.0
2024-07-31 00:00:00-04:00,11.479999542236328,11.489999771118164,11.479999542236328,11.489999771118164,2400,0.0,0.0
2024-08-01 00:00:00-04:00,11.489999771118164,11.489999771118164,11.489999771118164,11.489999771118164,0,0.0,0.0
2024-08-02 00:00:00-04:00,11.46500015258789,11.46500015258789,11.449999809265137,11.449999809265137,1100,0.0,0.0
2024-08-05 00:00:00-04:00,11.479999542236328,11.5,11.479999542236328,11.479999542236328,2700,0.0,0.0
2024-08-06 00:00:00-04:00,11.479999542236328,11.479999542236328,11.479999542236328,11.479999542236328,0,0.0,0.0
2024-08-07 00:00:00-04:00,11.479999542236328,11.479999542236328,11.479999542236328,11.479999542236328,0,0.0,0.0
2024-08-08 00:00:00-04:00,11.479999542236328,11.479999542236328,11.479999542236328,11.479999542236328,0,0.0,0.0
2024-08-09 00:00:00-04:00,11.479999542236328,11.479999542236328,11.479999542236328,11.479999542236328,0,0.0,0.0
2024-08-12 00:00:00-04:00,11.479999542236328,11.479999542236328,11.479999542236328,11.479999542236328,0,0.0,0.0
2024-08-13 00:00:00-04:00,11.545000076293945,11.545000076293945,11.510000228881836,11.520000457763672,1900,0.0,0.0
2024-08-14 00:00:00-04:00,11.59000015258789,11.6899995803833,11.5,11.510000228881836,2900,0.0,0.0
2024-08-15 00:00:00-04:00,11.510000228881836,11.510000228881836,11.510000228881836,11.510000228881836,0,0.0,0.0
2024-08-16 00:00:00-04:00,11.510000228881836,11.510000228881836,11.510000228881836,11.510000228881836,0,0.0,0.0
2024-08-19 00:00:00-04:00,11.510000228881836,11.510000228881836,11.510000228881836,11.510000228881836,1000,0.0,0.0
2024-08-20 00:00:00-04:00,11.510000228881836,11.510000228881836,11.510000228881836,11.510000228881836,0,0.0,0.0
2024-08-21 00:00:00-04:00,11.510000228881836,11.510000228881836,11.510000228881836,11.510000228881836,500,0.0,0.0
2024-08-22 00:00:00-04:00,11.510000228881836,11.510000228881836,11.510000228881836,11.510000228881836,0,0.0,0.0
2024-08-23 00:00:00-04:00,11.489999771118164,11.489999771118164,11.489999771118164,11.489999771118164,3200,0.0,0.0
2024-08-26 00:00:00-04:00,11.489999771118164,11.489999771118164,11.489999771118164,11.489999771118164,0,0.0,0.0
2024-08-27 00:00:00-04:00,11.524999618530273,11.545000076293945,11.489999771118164,11.489999771118164,2000,0.0,0.0
2024-08-28 00:00:00-04:00,11.489999771118164,11.527000427246094,11.489999771118164,11.527000427246094,2600,0.0,0.0
2024-08-29 00:00:00-04:00,11.489999771118164,11.506999969482422,11.489999771118164,11.506999969482422,4800,0.0,0.0
2024-08-30 00:00:00-04:00,11.506999969482422,11.506999969482422,11.506999969482422,11.506999969482422,0,0.0,0.0
2024-09-03 00:00:00-04:00,11.5,11.5,11.489999771118164,11.489999771118164,2000,0.0,0.0
2024-09-04 00:00:00-04:00,11.489999771118164,11.489999771118164,11.489999771118164,11.489999771118164,0,0.0,0.0
2024-09-05 00:00:00-04:00,11.5,11.545000076293945,11.5,11.545000076293945,3000,0.0,0.0
2024-09-06 00:00:00-04:00,11.545000076293945,11.545000076293945,11.545000076293945,11.545000076293945,0,0.0,0.0
