Date,Open,High,Low,Close,Volume,Dividends,Stock Splits
2001-07-12 00:00:00-04:00,8.399999618530273,8.399999618530273,8.399999618530273,8.399999618530273,0,0.0,0.0
2001-07-13 00:00:00-04:00,8.399999618530273,8.399999618530273,8.399999618530273,8.399999618530273,0,0.0,0.0
2001-07-16 00:00:00-04:00,8.399999618530273,8.399999618530273,8.399999618530273,8.399999618530273,0,0.0,0.0
2001-07-17 00:00:00-04:00,8.399999618530273,8.399999618530273,8.399999618530273,8.399999618530273,0,0.0,0.0
2001-07-18 00:00:00-04:00,8.399999618530273,8.399999618530273,8.399999618530273,8.399999618530273,0,0.0,0.0
2001-07-19 00:00:00-04:00,8.399999618530273,8.399999618530273,8.399999618530273,8.399999618530273,0,0.0,0.0
2001-07-20 00:00:00-04:00,8.399999618530273,8.399999618530273,8.399999618530273,8.399999618530273,0,0.0,0.0
2001-07-23 00:00:00-04:00,8.399999618530273,8.399999618530273,8.399999618530273,8.399999618530273,0,0.0,0.0
2001-07-24 00:00:00-04:00,42.0,42.0,42.0,42.0,0,0.0,0.0
2001-07-25 00:00:00-04:00,42.0,42.0,42.0,42.0,0,0.0,0.0
2001-07-26 00:00:00-04:00,42.0,42.0,42.0,42.0,0,0.0,0.0
2001-07-27 00:00:00-04:00,21.0,21.0,21.0,21.0,0,0.0,0.0
2001-07-30 00:00:00-04:00,21.0,21.0,21.0,21.0,0,0.0,0.0
2001-07-31 00:00:00-04:00,21.0,21.0,21.0,21.0,0,0.0,0.0
2001-08-01 00:00:00-04:00,21.0,21.0,21.0,21.0,0,0.0,0.0
2001-08-02 00:00:00-04:00,21.0,21.0,21.0,21.0,0,0.0,0.0
2001-08-03 00:00:00-04:00,21.0,21.0,21.0,21.0,0,0.0,0.0
2001-08-06 00:00:00-04:00,21.0,21.0,21.0,21.0,0,0.0,0.0
2001-08-07 00:00:00-04:00,21.0,21.0,21.0,21.0,0,0.0,0.0
2001-08-08 00:00:00-04:00,21.0,21.0,21.0,21.0,0,0.0,0.0
2001-08-09 00:00:00-04:00,21.0,21.0,21.0,21.0,0,0.0,0.0
2001-08-10 00:00:00-04:00,21.0,21.0,21.0,21.0,0,0.0,0.0
2001-08-13 00:00:00-04:00,21.0,21.0,21.0,21.0,0,0.0,0.0
2001-08-14 00:00:00-04:00,21.0,21.0,21.0,21.0,0,0.0,0.0
2001-08-15 00:00:00-04:00,21.0,21.0,21.0,21.0,0,0.0,0.0
2001-08-16 00:00:00-04:00,21.0,21.0,21.0,21.0,0,0.0,0.0
2001-08-17 00:00:00-04:00,21.0,21.0,21.0,21.0,0,0.0,0.0
2001-08-20 00:00:00-04:00,21.0,21.0,21.0,21.0,0,0.0,0.0
2001-08-21 00:00:00-04:00,21.0,21.0,21.0,21.0,0,0.0,0.0
2001-08-22 00:00:00-04:00,21.0,21.0,21.0,21.0,0,0.0,0.0
2001-08-23 00:00:00-04:00,21.0,21.0,21.0,21.0,0,0.0,0.0
2001-08-24 00:00:00-04:00,21.0,21.0,21.0,21.0,0,0.0,0.0
2001-08-27 00:00:00-04:00,21.0,21.0,21.0,21.0,0,0.0,0.0
2001-08-28 00:00:00-04:00,21.0,21.0,21.0,21.0,0,0.0,0.0
2001-08-29 00:00:00-04:00,21.0,21.0,21.0,21.0,0,0.0,0.0
2001-08-30 00:00:00-04:00,21.0,21.0,21.0,21.0,0,0.0,0.0
2001-08-31 00:00:00-04:00,21.0,21.0,21.0,21.0,0,0.0,0.0
2001-09-04 00:00:00-04:00,21.0,21.0,21.0,21.0,0,0.0,0.0
2001-09-05 00:00:00-04:00,21.0,21.0,21.0,21.0,0,0.0,0.0
2001-09-06 00:00:00-04:00,21.0,21.0,21.0,21.0,0,0.0,0.0
2001-09-07 00:00:00-04:00,21.0,21.0,21.0,21.0,0,0.0,0.0
2001-09-10 00:00:00-04:00,21.0,21.0,21.0,21.0,0,0.0,0.0
2001-09-17 00:00:00-04:00,8.399999618530273,8.399999618530273,8.399999618530273,8.399999618530273,0,0.0,0.0
2001-09-18 00:00:00-04:00,8.399999618530273,8.399999618530273,8.399999618530273,8.399999618530273,0,0.0,0.0
2001-09-19 00:00:00-04:00,21.0,21.0,21.0,21.0,0,0.0,0.0
2001-09-20 00:00:00-04:00,21.0,21.0,21.0,21.0,0,0.0,0.0
2001-09-21 00:00:00-04:00,21.0,21.0,21.0,21.0,0,0.0,0.0
2001-09-24 00:00:00-04:00,21.0,21.0,21.0,21.0,0,0.0,0.0
2001-09-25 00:00:00-04:00,21.0,21.0,21.0,21.0,0,0.0,0.0
2001-09-26 00:00:00-04:00,21.0,21.0,21.0,21.0,0,0.0,0.0
2001-09-27 00:00:00-04:00,21.0,21.0,21.0,21.0,0,0.0,0.0
2001-09-28 00:00:00-04:00,21.0,21.0,21.0,21.0,0,0.0,0.0
2001-10-01 00:00:00-04:00,21.0,21.0,21.0,21.0,0,0.0,0.0
2001-10-02 00:00:00-04:00,21.0,21.0,21.0,21.0,0,0.0,0.0
2001-10-03 00:00:00-04:00,21.0,21.0,21.0,21.0,0,0.0,0.0
2001-10-04 00:00:00-04:00,21.0,21.0,21.0,21.0,0,0.0,0.0
2001-10-05 00:00:00-04:00,21.0,21.0,21.0,21.0,0,0.0,0.0
2001-10-08 00:00:00-04:00,21.0,21.0,21.0,21.0,0,0.0,0.0
2001-10-09 00:00:00-04:00,21.0,21.0,21.0,21.0,0,0.0,0.0
2001-10-10 00:00:00-04:00,21.0,21.0,21.0,21.0,0,0.0,0.0
2001-10-11 00:00:00-04:00,21.0,21.0,21.0,21.0,0,0.0,0.0
2001-10-12 00:00:00-04:00,21.0,21.0,21.0,21.0,0,0.0,0.0
2001-10-15 00:00:00-04:00,21.0,21.0,21.0,21.0,0,0.0,0.0
2001-10-16 00:00:00-04:00,21.0,21.0,21.0,21.0,0,0.0,0.0
2001-10-17 00:00:00-04:00,21.0,21.0,21.0,21.0,0,0.0,0.0
2001-10-18 00:00:00-04:00,21.0,21.0,21.0,21.0,0,0.0,0.0
2001-10-19 00:00:00-04:00,21.0,21.0,21.0,21.0,0,0.0,0.0
2001-10-22 00:00:00-04:00,21.0,21.0,21.0,21.0,0,0.0,0.0
2001-10-23 00:00:00-04:00,8.399999618530273,8.399999618530273,8.399999618530273,8.399999618530273,0,0.0,0.0
2001-10-24 00:00:00-04:00,8.399999618530273,8.399999618530273,8.399999618530273,8.399999618530273,0,0.0,0.0
2001-10-25 00:00:00-04:00,8.399999618530273,8.399999618530273,8.399999618530273,8.399999618530273,0,0.0,0.0
2001-10-26 00:00:00-04:00,8.399999618530273,8.399999618530273,8.399999618530273,8.399999618530273,0,0.0,0.0
2001-10-29 00:00:00-05:00,25.200000762939453,25.200000762939453,25.200000762939453,25.200000762939453,0,0.0,0.0
2001-10-30 00:00:00-05:00,8.399999618530273,8.399999618530273,8.399999618530273,8.399999618530273,0,0.0,0.0
2001-10-31 00:00:00-05:00,8.399999618530273,8.399999618530273,8.399999618530273,8.399999618530273,0,0.0,0.0
2001-11-01 00:00:00-05:00,8.399999618530273,8.399999618530273,8.399999618530273,8.399999618530273,0,0.0,0.0
2001-11-02 00:00:00-05:00,8.399999618530273,8.399999618530273,8.399999618530273,8.399999618530273,0,0.0,0.0
2001-11-05 00:00:00-05:00,8.399999618530273,8.399999618530273,8.399999618530273,8.399999618530273,0,0.0,0.0
2001-11-06 00:00:00-05:00,12.600000381469727,12.600000381469727,12.600000381469727,12.600000381469727,0,0.0,0.0
2001-11-07 00:00:00-05:00,12.600000381469727,12.600000381469727,12.600000381469727,12.600000381469727,0,0.0,0.0
2001-11-08 00:00:00-05:00,12.600000381469727,12.600000381469727,12.600000381469727,12.600000381469727,0,0.0,0.0
2001-11-09 00:00:00-05:00,12.600000381469727,12.600000381469727,12.600000381469727,12.600000381469727,0,0.0,0.0
2001-11-12 00:00:00-05:00,12.600000381469727,12.600000381469727,12.600000381469727,12.600000381469727,0,0.0,0.0
2001-11-13 00:00:00-05:00,12.600000381469727,12.600000381469727,12.600000381469727,12.600000381469727,0,0.0,0.0
2001-11-14 00:00:00-05:00,14.699999809265137,14.699999809265137,14.699999809265137,14.699999809265137,0,0.0,0.0
2001-11-15 00:00:00-05:00,16.799999237060547,16.799999237060547,16.799999237060547,16.799999237060547,0,0.0,0.0
2001-11-16 00:00:00-05:00,16.799999237060547,16.799999237060547,16.799999237060547,16.799999237060547,0,0.0,0.0
2001-11-19 00:00:00-05:00,16.799999237060547,16.799999237060547,16.799999237060547,16.799999237060547,0,0.0,0.0
2001-11-20 00:00:00-05:00,16.799999237060547,16.799999237060547,16.799999237060547,16.799999237060547,0,0.0,0.0
2001-11-21 00:00:00-05:00,16.799999237060547,16.799999237060547,16.799999237060547,16.799999237060547,0,0.0,0.0
2001-11-23 00:00:00-05:00,17.219999313354492,17.219999313354492,17.219999313354492,17.219999313354492,0,0.0,0.0
2001-11-26 00:00:00-05:00,21.0,21.0,21.0,21.0,0,0.0,0.0
2001-11-27 00:00:00-05:00,17.219999313354492,17.219999313354492,17.219999313354492,17.219999313354492,0,0.0,0.0
2001-11-28 00:00:00-05:00,17.219999313354492,17.219999313354492,17.219999313354492,17.219999313354492,0,0.0,0.0
2001-11-29 00:00:00-05:00,17.219999313354492,17.219999313354492,17.219999313354492,17.219999313354492,0,0.0,0.0
2001-11-30 00:00:00-05:00,17.219999313354492,17.219999313354492,17.219999313354492,17.219999313354492,0,0.0,0.0
2001-12-03 00:00:00-05:00,17.219999313354492,17.219999313354492,17.219999313354492,17.219999313354492,0,0.0,0.0
2001-12-04 00:00:00-05:00,17.219999313354492,17.219999313354492,17.219999313354492,17.219999313354492,0,0.0,0.0
2001-12-05 00:00:00-05:00,16.799999237060547,16.799999237060547,16.799999237060547,16.799999237060547,0,0.0,0.0
2001-12-06 00:00:00-05:00,17.219999313354492,17.219999313354492,17.219999313354492,17.219999313354492,0,0.0,0.0
2001-12-07 00:00:00-05:00,17.219999313354492,17.219999313354492,17.219999313354492,17.219999313354492,0,0.0,0.0
2001-12-10 00:00:00-05:00,15.119999885559082,15.119999885559082,15.119999885559082,15.119999885559082,0,0.0,0.0
2001-12-11 00:00:00-05:00,8.399999618530273,8.399999618530273,8.399999618530273,8.399999618530273,0,0.0,0.0
2001-12-12 00:00:00-05:00,8.399999618530273,8.399999618530273,8.399999618530273,8.399999618530273,0,0.0,0.0
2001-12-13 00:00:00-05:00,8.399999618530273,8.399999618530273,8.399999618530273,8.399999618530273,0,0.0,0.0
2001-12-14 00:00:00-05:00,8.399999618530273,8.399999618530273,8.399999618530273,8.399999618530273,0,0.0,0.0
2001-12-17 00:00:00-05:00,8.399999618530273,8.399999618530273,8.399999618530273,8.399999618530273,0,0.0,0.0
2001-12-18 00:00:00-05:00,8.399999618530273,8.399999618530273,8.399999618530273,8.399999618530273,0,0.0,0.0
2001-12-19 00:00:00-05:00,8.399999618530273,8.399999618530273,8.399999618530273,8.399999618530273,0,0.0,0.0
2001-12-20 00:00:00-05:00,8.399999618530273,8.399999618530273,8.399999618530273,8.399999618530273,0,0.0,0.0
2001-12-21 00:00:00-05:00,7.139999866485596,7.139999866485596,7.139999866485596,7.139999866485596,0,0.0,0.0
2001-12-24 00:00:00-05:00,8.399999618530273,8.399999618530273,8.399999618530273,8.399999618530273,0,0.0,0.0
2001-12-26 00:00:00-05:00,8.399999618530273,8.399999618530273,8.399999618530273,8.399999618530273,0,0.0,0.0
2001-12-27 00:00:00-05:00,7.139999866485596,7.139999866485596,7.139999866485596,7.139999866485596,0,0.0,0.0
2001-12-28 00:00:00-05:00,7.139999866485596,7.139999866485596,7.139999866485596,7.139999866485596,0,0.0,0.0
2001-12-31 00:00:00-05:00,8.399999618530273,8.399999618530273,8.399999618530273,8.399999618530273,0,0.0,0.0
2002-01-02 00:00:00-05:00,16.799999237060547,16.799999237060547,16.799999237060547,16.799999237060547,0,0.0,0.0
2002-01-03 00:00:00-05:00,16.799999237060547,16.799999237060547,16.799999237060547,16.799999237060547,0,0.0,0.0
2002-01-04 00:00:00-05:00,8.399999618530273,8.399999618530273,8.399999618530273,8.399999618530273,0,0.0,0.0
2002-01-07 00:00:00-05:00,8.399999618530273,8.399999618530273,8.399999618530273,8.399999618530273,0,0.0,0.0
2002-01-08 00:00:00-05:00,8.399999618530273,8.399999618530273,8.399999618530273,8.399999618530273,0,0.0,0.0
2002-01-09 00:00:00-05:00,8.399999618530273,8.399999618530273,8.399999618530273,8.399999618530273,0,0.0,0.0
2002-01-10 00:00:00-05:00,8.399999618530273,8.399999618530273,8.399999618530273,8.399999618530273,0,0.0,0.0
2002-01-11 00:00:00-05:00,8.399999618530273,8.399999618530273,8.399999618530273,8.399999618530273,0,0.0,0.0
2002-01-14 00:00:00-05:00,8.399999618530273,8.399999618530273,8.399999618530273,8.399999618530273,0,0.0,0.0
2002-01-15 00:00:00-05:00,8.399999618530273,8.399999618530273,8.399999618530273,8.399999618530273,0,0.0,0.0
2002-01-16 00:00:00-05:00,8.399999618530273,8.399999618530273,8.399999618530273,8.399999618530273,0,0.0,0.0
2002-01-17 00:00:00-05:00,8.399999618530273,8.399999618530273,8.399999618530273,8.399999618530273,0,0.0,0.0
2002-01-18 00:00:00-05:00,8.399999618530273,8.399999618530273,8.399999618530273,8.399999618530273,0,0.0,0.0
2002-01-22 00:00:00-05:00,8.399999618530273,8.399999618530273,8.399999618530273,8.399999618530273,0,0.0,0.0
2002-01-23 00:00:00-05:00,4.199999809265137,4.199999809265137,4.199999809265137,4.199999809265137,0,0.0,0.0
2002-01-24 00:00:00-05:00,4.199999809265137,4.199999809265137,4.199999809265137,4.199999809265137,0,0.0,0.0
2002-01-25 00:00:00-05:00,8.399999618530273,8.399999618530273,8.399999618530273,8.399999618530273,0,0.0,0.0
2002-01-28 00:00:00-05:00,8.399999618530273,8.399999618530273,8.399999618530273,8.399999618530273,0,0.0,0.0
2002-01-29 00:00:00-05:00,8.399999618530273,8.399999618530273,8.399999618530273,8.399999618530273,0,0.0,0.0
2002-01-30 00:00:00-05:00,8.399999618530273,8.399999618530273,8.399999618530273,8.399999618530273,0,0.0,0.0
2002-01-31 00:00:00-05:00,7.139999866485596,7.139999866485596,7.139999866485596,7.139999866485596,0,0.0,0.0
2002-02-01 00:00:00-05:00,7.139999866485596,7.139999866485596,7.139999866485596,7.139999866485596,0,0.0,0.0
2002-02-04 00:00:00-05:00,6.71999979019165,6.71999979019165,6.71999979019165,6.71999979019165,0,0.0,0.0
2002-02-05 00:00:00-05:00,6.71999979019165,6.71999979019165,6.71999979019165,6.71999979019165,0,0.0,0.0
2002-02-06 00:00:00-05:00,6.71999979019165,6.71999979019165,6.71999979019165,6.71999979019165,0,0.0,0.0
2002-02-07 00:00:00-05:00,6.71999979019165,6.71999979019165,6.71999979019165,6.71999979019165,0,0.0,0.0
2002-02-08 00:00:00-05:00,6.71999979019165,6.71999979019165,6.71999979019165,6.71999979019165,0,0.0,0.0
2002-02-11 00:00:00-05:00,6.71999979019165,6.71999979019165,6.71999979019165,6.71999979019165,0,0.0,0.0
2002-02-12 00:00:00-05:00,6.71999979019165,6.71999979019165,6.71999979019165,6.71999979019165,0,0.0,0.0
2002-02-13 00:00:00-05:00,6.71999979019165,6.71999979019165,6.71999979019165,6.71999979019165,0,0.0,0.0
2002-02-14 00:00:00-05:00,6.71999979019165,6.71999979019165,6.71999979019165,6.71999979019165,0,0.0,0.0
2002-02-15 00:00:00-05:00,6.71999979019165,6.71999979019165,6.71999979019165,6.71999979019165,0,0.0,0.0
2002-02-19 00:00:00-05:00,6.71999979019165,6.71999979019165,6.71999979019165,6.71999979019165,0,0.0,0.0
2002-02-20 00:00:00-05:00,6.71999979019165,6.71999979019165,6.71999979019165,6.71999979019165,0,0.0,0.0
2002-02-21 00:00:00-05:00,6.71999979019165,6.71999979019165,6.71999979019165,6.71999979019165,0,0.0,0.0
2002-02-22 00:00:00-05:00,6.71999979019165,6.71999979019165,6.71999979019165,6.71999979019165,0,0.0,0.0
2002-02-25 00:00:00-05:00,6.71999979019165,6.71999979019165,6.71999979019165,6.71999979019165,0,0.0,0.0
2002-02-26 00:00:00-05:00,12.600000381469727,12.600000381469727,12.600000381469727,12.600000381469727,0,0.0,0.0
2002-02-27 00:00:00-05:00,12.600000381469727,12.600000381469727,12.600000381469727,12.600000381469727,0,0.0,0.0
2002-02-28 00:00:00-05:00,12.600000381469727,12.600000381469727,12.600000381469727,12.600000381469727,0,0.0,0.0
2002-03-01 00:00:00-05:00,12.600000381469727,12.600000381469727,12.600000381469727,12.600000381469727,0,0.0,0.0
2002-03-04 00:00:00-05:00,8.399999618530273,8.399999618530273,8.399999618530273,8.399999618530273,0,0.0,0.0
2002-03-05 00:00:00-05:00,8.399999618530273,8.399999618530273,8.399999618530273,8.399999618530273,0,0.0,0.0
2002-03-06 00:00:00-05:00,8.399999618530273,8.399999618530273,8.399999618530273,8.399999618530273,0,0.0,0.0
2002-03-07 00:00:00-05:00,8.399999618530273,8.399999618530273,8.399999618530273,8.399999618530273,0,0.0,0.0
2002-03-08 00:00:00-05:00,8.399999618530273,8.399999618530273,8.399999618530273,8.399999618530273,0,0.0,0.0
2002-03-11 00:00:00-05:00,8.399999618530273,8.399999618530273,8.399999618530273,8.399999618530273,0,0.0,0.0
2002-03-12 00:00:00-05:00,8.399999618530273,8.399999618530273,8.399999618530273,8.399999618530273,0,0.0,0.0
2002-03-13 00:00:00-05:00,8.399999618530273,8.399999618530273,8.399999618530273,8.399999618530273,0,0.0,0.0
2002-03-14 00:00:00-05:00,8.399999618530273,8.399999618530273,8.399999618530273,8.399999618530273,0,0.0,0.0
2002-03-15 00:00:00-05:00,8.399999618530273,8.399999618530273,8.399999618530273,8.399999618530273,0,0.0,0.0
2002-03-18 00:00:00-05:00,8.399999618530273,8.399999618530273,8.399999618530273,8.399999618530273,0,0.0,0.0
2002-03-19 00:00:00-05:00,6.300000190734863,6.300000190734863,6.300000190734863,6.300000190734863,0,0.0,0.0
2002-03-20 00:00:00-05:00,4.199999809265137,4.199999809265137,4.199999809265137,4.199999809265137,0,0.0,0.0
2002-03-21 00:00:00-05:00,4.199999809265137,4.199999809265137,4.199999809265137,4.199999809265137,0,0.0,0.0
2002-03-22 00:00:00-05:00,6.71999979019165,6.71999979019165,6.71999979019165,6.71999979019165,0,0.0,0.0
2002-03-25 00:00:00-05:00,6.71999979019165,6.71999979019165,6.71999979019165,6.71999979019165,0,0.0,0.0
2002-03-26 00:00:00-05:00,6.71999979019165,6.71999979019165,6.71999979019165,6.71999979019165,0,0.0,0.0
2002-03-27 00:00:00-05:00,6.71999979019165,6.71999979019165,6.71999979019165,6.71999979019165,0,0.0,0.0
2002-03-28 00:00:00-05:00,6.71999979019165,6.71999979019165,6.71999979019165,6.71999979019165,0,0.0,0.0
2002-04-01 00:00:00-05:00,6.71999979019165,6.71999979019165,6.71999979019165,6.71999979019165,0,0.0,0.0
2002-04-02 00:00:00-05:00,4.199999809265137,4.199999809265137,4.199999809265137,4.199999809265137,0,0.0,0.0
2002-04-03 00:00:00-05:00,4.199999809265137,4.199999809265137,4.199999809265137,4.199999809265137,0,0.0,0.0
2002-04-04 00:00:00-05:00,4.199999809265137,4.199999809265137,4.199999809265137,4.199999809265137,0,0.0,0.0
2002-04-05 00:00:00-05:00,4.199999809265137,4.199999809265137,4.199999809265137,4.199999809265137,0,0.0,0.0
2002-04-08 00:00:00-04:00,4.199999809265137,4.199999809265137,4.199999809265137,4.199999809265137,0,0.0,0.0
2002-04-09 00:00:00-04:00,8.399999618530273,8.399999618530273,8.399999618530273,8.399999618530273,0,0.0,0.0
2002-04-10 00:00:00-04:00,8.399999618530273,8.399999618530273,8.399999618530273,8.399999618530273,0,0.0,0.0
2002-04-11 00:00:00-04:00,8.399999618530273,8.399999618530273,8.399999618530273,8.399999618530273,0,0.0,0.0
2002-04-12 00:00:00-04:00,8.399999618530273,8.399999618530273,8.399999618530273,8.399999618530273,0,0.0,0.0
2002-04-15 00:00:00-04:00,4.199999809265137,4.199999809265137,4.199999809265137,4.199999809265137,0,0.0,0.0
2002-04-16 00:00:00-04:00,4.199999809265137,4.199999809265137,4.199999809265137,4.199999809265137,0,0.0,0.0
2002-04-17 00:00:00-04:00,4.199999809265137,4.199999809265137,4.199999809265137,4.199999809265137,0,0.0,0.0
2002-04-18 00:00:00-04:00,4.199999809265137,4.199999809265137,4.199999809265137,4.199999809265137,0,0.0,0.0
2002-04-19 00:00:00-04:00,4.199999809265137,4.199999809265137,4.199999809265137,4.199999809265137,0,0.0,0.0
2002-04-22 00:00:00-04:00,4.199999809265137,4.199999809265137,4.199999809265137,4.199999809265137,0,0.0,0.0
2002-04-23 00:00:00-04:00,4.199999809265137,4.199999809265137,4.199999809265137,4.199999809265137,0,0.0,0.0
2002-04-24 00:00:00-04:00,4.199999809265137,4.199999809265137,4.199999809265137,4.199999809265137,0,0.0,0.0
2002-04-25 00:00:00-04:00,4.199999809265137,4.199999809265137,4.199999809265137,4.199999809265137,0,0.0,0.0
2002-04-26 00:00:00-04:00,4.199999809265137,4.199999809265137,4.199999809265137,4.199999809265137,0,0.0,0.0
2002-04-29 00:00:00-04:00,4.199999809265137,4.199999809265137,4.199999809265137,4.199999809265137,0,0.0,0.0
2002-04-30 00:00:00-04:00,4.199999809265137,4.199999809265137,4.199999809265137,4.199999809265137,0,0.0,0.0
2002-05-01 00:00:00-04:00,4.199999809265137,4.199999809265137,4.199999809265137,4.199999809265137,0,0.0,0.0
2002-05-02 00:00:00-04:00,4.199999809265137,4.199999809265137,4.199999809265137,4.199999809265137,0,0.0,0.0
2002-05-03 00:00:00-04:00,4.199999809265137,4.199999809265137,4.199999809265137,4.199999809265137,0,0.0,0.0
2002-05-06 00:00:00-04:00,4.199999809265137,4.199999809265137,4.199999809265137,4.199999809265137,0,0.0,0.0
2002-05-07 00:00:00-04:00,2.0999999046325684,2.0999999046325684,2.0999999046325684,2.0999999046325684,0,0.0,0.0
2002-05-08 00:00:00-04:00,4.199999809265137,4.199999809265137,4.199999809265137,4.199999809265137,0,0.0,0.0
2002-05-09 00:00:00-04:00,4.199999809265137,4.199999809265137,4.199999809265137,4.199999809265137,0,0.0,0.0
2002-05-10 00:00:00-04:00,4.199999809265137,4.199999809265137,4.199999809265137,4.199999809265137,0,0.0,0.0
2002-05-13 00:00:00-04:00,4.199999809265137,4.199999809265137,4.199999809265137,4.199999809265137,0,0.0,0.0
2002-05-14 00:00:00-04:00,4.199999809265137,4.199999809265137,4.199999809265137,4.199999809265137,0,0.0,0.0
2002-05-15 00:00:00-04:00,4.199999809265137,4.199999809265137,4.199999809265137,4.199999809265137,0,0.0,0.0
2002-05-16 00:00:00-04:00,4.199999809265137,4.199999809265137,4.199999809265137,4.199999809265137,0,0.0,0.0
2002-05-17 00:00:00-04:00,4.199999809265137,4.199999809265137,4.199999809265137,4.199999809265137,0,0.0,0.0
2002-05-20 00:00:00-04:00,4.199999809265137,4.199999809265137,4.199999809265137,4.199999809265137,0,0.0,0.0
2002-05-21 00:00:00-04:00,4.199999809265137,4.199999809265137,4.199999809265137,4.199999809265137,0,0.0,0.0
2002-05-22 00:00:00-04:00,4.199999809265137,4.199999809265137,4.199999809265137,4.199999809265137,0,0.0,0.0
2002-05-23 00:00:00-04:00,4.199999809265137,4.199999809265137,4.199999809265137,4.199999809265137,0,0.0,0.0
2002-05-24 00:00:00-04:00,4.199999809265137,4.199999809265137,4.199999809265137,4.199999809265137,0,0.0,0.0
2002-05-28 00:00:00-04:00,4.199999809265137,4.199999809265137,4.199999809265137,4.199999809265137,0,0.0,0.0
2002-05-29 00:00:00-04:00,4.199999809265137,4.199999809265137,4.199999809265137,4.199999809265137,0,0.0,0.0
2002-05-30 00:00:00-04:00,4.199999809265137,4.199999809265137,4.199999809265137,4.199999809265137,0,0.0,0.0
2002-05-31 00:00:00-04:00,4.199999809265137,4.199999809265137,4.199999809265137,4.199999809265137,0,0.0,0.0
2002-06-03 00:00:00-04:00,4.199999809265137,4.199999809265137,4.199999809265137,4.199999809265137,0,0.0,0.0
2002-06-04 00:00:00-04:00,4.199999809265137,4.199999809265137,4.199999809265137,4.199999809265137,0,0.0,0.0
2002-06-05 00:00:00-04:00,4.199999809265137,4.199999809265137,4.199999809265137,4.199999809265137,0,0.0,0.0
2002-06-06 00:00:00-04:00,4.199999809265137,4.199999809265137,4.199999809265137,4.199999809265137,0,0.0,0.0
2002-06-07 00:00:00-04:00,4.199999809265137,4.199999809265137,4.199999809265137,4.199999809265137,0,0.0,0.0
2002-06-10 00:00:00-04:00,4.199999809265137,4.199999809265137,4.199999809265137,4.199999809265137,0,0.0,0.0
2002-06-11 00:00:00-04:00,4.199999809265137,4.199999809265137,4.199999809265137,4.199999809265137,0,0.0,0.0
2002-06-12 00:00:00-04:00,4.199999809265137,4.199999809265137,4.199999809265137,4.199999809265137,0,0.0,0.0
2002-06-13 00:00:00-04:00,4.199999809265137,4.199999809265137,4.199999809265137,4.199999809265137,0,0.0,0.0
2002-06-14 00:00:00-04:00,4.199999809265137,4.199999809265137,4.199999809265137,4.199999809265137,0,0.0,0.0
2002-06-17 00:00:00-04:00,4.199999809265137,4.199999809265137,4.199999809265137,4.199999809265137,0,0.0,0.0
2002-06-18 00:00:00-04:00,4.199999809265137,4.199999809265137,4.199999809265137,4.199999809265137,0,0.0,0.0
2002-06-19 00:00:00-04:00,4.199999809265137,4.199999809265137,4.199999809265137,4.199999809265137,0,0.0,0.0
2002-06-20 00:00:00-04:00,4.199999809265137,4.199999809265137,4.199999809265137,4.199999809265137,0,0.0,0.0
2002-06-21 00:00:00-04:00,4.199999809265137,4.199999809265137,4.199999809265137,4.199999809265137,0,0.0,0.0
2002-06-24 00:00:00-04:00,4.199999809265137,4.199999809265137,4.199999809265137,4.199999809265137,0,0.0,0.0
2002-06-25 00:00:00-04:00,4.199999809265137,4.199999809265137,4.199999809265137,4.199999809265137,0,0.0,0.0
2002-06-26 00:00:00-04:00,4.199999809265137,4.199999809265137,4.199999809265137,4.199999809265137,0,0.0,0.0
2002-06-27 00:00:00-04:00,4.199999809265137,4.199999809265137,4.199999809265137,4.199999809265137,0,0.0,0.0
2002-06-28 00:00:00-04:00,4.199999809265137,4.199999809265137,4.199999809265137,4.199999809265137,0,0.0,0.0
2002-07-01 00:00:00-04:00,4.199999809265137,4.199999809265137,4.199999809265137,4.199999809265137,0,0.0,0.0
2002-07-02 00:00:00-04:00,4.199999809265137,4.199999809265137,4.199999809265137,4.199999809265137,0,0.0,0.0
2002-07-03 00:00:00-04:00,4.199999809265137,4.199999809265137,4.199999809265137,4.199999809265137,0,0.0,0.0
2002-07-05 00:00:00-04:00,4.199999809265137,4.199999809265137,4.199999809265137,4.199999809265137,0,0.0,0.0
2002-07-08 00:00:00-04:00,4.199999809265137,4.199999809265137,4.199999809265137,4.199999809265137,0,0.0,0.0
2002-07-09 00:00:00-04:00,4.199999809265137,4.199999809265137,4.199999809265137,4.199999809265137,0,0.0,0.0
2002-07-10 00:00:00-04:00,4.199999809265137,4.199999809265137,4.199999809265137,4.199999809265137,0,0.0,0.0
2002-07-11 00:00:00-04:00,4.199999809265137,4.199999809265137,4.199999809265137,4.199999809265137,0,0.0,0.0
2002-07-12 00:00:00-04:00,4.199999809265137,4.199999809265137,4.199999809265137,4.199999809265137,0,0.0,0.0
2002-07-15 00:00:00-04:00,4.199999809265137,4.199999809265137,4.199999809265137,4.199999809265137,0,0.0,0.0
2002-07-16 00:00:00-04:00,4.199999809265137,4.199999809265137,4.199999809265137,4.199999809265137,0,0.0,0.0
2002-07-17 00:00:00-04:00,4.199999809265137,4.199999809265137,4.199999809265137,4.199999809265137,0,0.0,0.0
2002-07-18 00:00:00-04:00,4.199999809265137,4.199999809265137,4.199999809265137,4.199999809265137,0,0.0,0.0
2002-07-19 00:00:00-04:00,4.199999809265137,4.199999809265137,4.199999809265137,4.199999809265137,0,0.0,0.0
2002-07-22 00:00:00-04:00,4.199999809265137,4.199999809265137,4.199999809265137,4.199999809265137,0,0.0,0.0
2002-07-23 00:00:00-04:00,4.199999809265137,4.199999809265137,4.199999809265137,4.199999809265137,0,0.0,0.0
2002-07-24 00:00:00-04:00,4.199999809265137,4.199999809265137,4.199999809265137,4.199999809265137,0,0.0,0.0
2002-07-25 00:00:00-04:00,4.199999809265137,4.199999809265137,4.199999809265137,4.199999809265137,0,0.0,0.0
2002-07-26 00:00:00-04:00,4.199999809265137,4.199999809265137,4.199999809265137,4.199999809265137,0,0.0,0.0
2002-07-29 00:00:00-04:00,4.199999809265137,4.199999809265137,4.199999809265137,4.199999809265137,0,0.0,0.0
2002-07-30 00:00:00-04:00,4.199999809265137,4.199999809265137,4.199999809265137,4.199999809265137,0,0.0,0.0
2002-07-31 00:00:00-04:00,4.199999809265137,4.199999809265137,4.199999809265137,4.199999809265137,0,0.0,0.0
2002-08-01 00:00:00-04:00,4.199999809265137,4.199999809265137,4.199999809265137,4.199999809265137,0,0.0,0.0
2002-08-02 00:00:00-04:00,4.199999809265137,4.199999809265137,4.199999809265137,4.199999809265137,0,0.0,0.0
2002-08-05 00:00:00-04:00,4.199999809265137,4.199999809265137,4.199999809265137,4.199999809265137,0,0.0,0.0
2002-08-06 00:00:00-04:00,4.199999809265137,4.199999809265137,4.199999809265137,4.199999809265137,0,0.0,0.0
2002-08-07 00:00:00-04:00,4.199999809265137,4.199999809265137,4.199999809265137,4.199999809265137,0,0.0,0.0
2002-08-08 00:00:00-04:00,4.199999809265137,4.199999809265137,4.199999809265137,4.199999809265137,0,0.0,0.0
2002-08-09 00:00:00-04:00,4.199999809265137,4.199999809265137,4.199999809265137,4.199999809265137,0,0.0,0.0
2002-08-12 00:00:00-04:00,4.199999809265137,4.199999809265137,4.199999809265137,4.199999809265137,0,0.0,0.0
2002-08-13 00:00:00-04:00,4.199999809265137,4.199999809265137,4.199999809265137,4.199999809265137,0,0.0,0.0
2002-08-14 00:00:00-04:00,4.199999809265137,4.199999809265137,4.199999809265137,4.199999809265137,0,0.0,0.0
2002-08-15 00:00:00-04:00,4.199999809265137,4.199999809265137,4.199999809265137,4.199999809265137,0,0.0,0.0
2002-08-16 00:00:00-04:00,4.199999809265137,4.199999809265137,4.199999809265137,4.199999809265137,0,0.0,0.0
2002-08-19 00:00:00-04:00,4.199999809265137,4.199999809265137,4.199999809265137,4.199999809265137,0,0.0,0.0
2002-08-20 00:00:00-04:00,4.199999809265137,4.199999809265137,4.199999809265137,4.199999809265137,0,0.0,0.0
2002-08-21 00:00:00-04:00,4.199999809265137,4.199999809265137,4.199999809265137,4.199999809265137,0,0.0,0.0
2002-08-22 00:00:00-04:00,4.199999809265137,4.199999809265137,4.199999809265137,4.199999809265137,0,0.0,0.0
2002-08-23 00:00:00-04:00,4.199999809265137,4.199999809265137,4.199999809265137,4.199999809265137,0,0.0,0.0
2002-08-26 00:00:00-04:00,4.199999809265137,4.199999809265137,4.199999809265137,4.199999809265137,0,0.0,0.0
2002-08-27 00:00:00-04:00,4.199999809265137,4.199999809265137,4.199999809265137,4.199999809265137,0,0.0,0.0
2002-08-28 00:00:00-04:00,4.199999809265137,4.199999809265137,4.199999809265137,4.199999809265137,0,0.0,0.0
2002-08-29 00:00:00-04:00,4.199999809265137,4.199999809265137,4.199999809265137,4.199999809265137,0,0.0,0.0
2002-08-30 00:00:00-04:00,4.199999809265137,4.199999809265137,4.199999809265137,4.199999809265137,0,0.0,0.0
2002-09-03 00:00:00-04:00,4.199999809265137,4.199999809265137,4.199999809265137,4.199999809265137,0,0.0,0.0
2002-09-04 00:00:00-04:00,4.199999809265137,4.199999809265137,4.199999809265137,4.199999809265137,0,0.0,0.0
2002-09-05 00:00:00-04:00,4.199999809265137,4.199999809265137,4.199999809265137,4.199999809265137,0,0.0,0.0
2002-09-06 00:00:00-04:00,4.199999809265137,4.199999809265137,4.199999809265137,4.199999809265137,0,0.0,0.0
2002-09-09 00:00:00-04:00,3.359999895095825,3.359999895095825,3.359999895095825,3.359999895095825,0,0.0,0.0
2002-09-10 00:00:00-04:00,3.359999895095825,3.359999895095825,3.359999895095825,3.359999895095825,0,0.0,0.0
2002-09-11 00:00:00-04:00,3.359999895095825,3.359999895095825,3.359999895095825,3.359999895095825,0,0.0,0.0
2002-09-12 00:00:00-04:00,3.359999895095825,3.359999895095825,3.359999895095825,3.359999895095825,0,0.0,0.0
2002-09-13 00:00:00-04:00,3.359999895095825,3.359999895095825,3.359999895095825,3.359999895095825,0,0.0,0.0
2002-09-16 00:00:00-04:00,3.359999895095825,3.359999895095825,3.359999895095825,3.359999895095825,0,0.0,0.0
2002-09-17 00:00:00-04:00,3.359999895095825,3.359999895095825,3.359999895095825,3.359999895095825,0,0.0,0.0
2002-09-18 00:00:00-04:00,33.599998474121094,33.599998474121094,33.599998474121094,33.599998474121094,0,0.0,0.0
2002-09-19 00:00:00-04:00,33.599998474121094,33.599998474121094,33.599998474121094,33.599998474121094,0,0.0,0.0
2002-09-20 00:00:00-04:00,33.599998474121094,33.599998474121094,33.599998474121094,33.599998474121094,0,0.0,0.0
2002-09-23 00:00:00-04:00,3.359999895095825,3.359999895095825,3.359999895095825,3.359999895095825,0,0.0,0.0
2002-09-24 00:00:00-04:00,3.359999895095825,3.359999895095825,3.359999895095825,3.359999895095825,0,0.0,0.0
2002-09-25 00:00:00-04:00,3.359999895095825,3.359999895095825,3.359999895095825,3.359999895095825,0,0.0,0.0
2002-09-26 00:00:00-04:00,3.359999895095825,3.359999895095825,3.359999895095825,3.359999895095825,0,0.0,0.0
2002-09-27 00:00:00-04:00,3.359999895095825,3.359999895095825,3.359999895095825,3.359999895095825,0,0.0,0.0
2002-09-30 00:00:00-04:00,3.359999895095825,3.359999895095825,3.359999895095825,3.359999895095825,0,0.0,0.0
2002-10-01 00:00:00-04:00,3.359999895095825,3.359999895095825,3.359999895095825,3.359999895095825,0,0.0,0.0
2002-10-02 00:00:00-04:00,3.359999895095825,3.359999895095825,3.359999895095825,3.359999895095825,0,0.0,0.0
2002-10-03 00:00:00-04:00,3.359999895095825,3.359999895095825,3.359999895095825,3.359999895095825,0,0.0,0.0
2002-10-04 00:00:00-04:00,3.359999895095825,3.359999895095825,3.359999895095825,3.359999895095825,0,0.0,0.0
2002-10-07 00:00:00-04:00,3.359999895095825,3.359999895095825,3.359999895095825,3.359999895095825,0,0.0,0.0
2002-10-08 00:00:00-04:00,3.359999895095825,3.359999895095825,3.359999895095825,3.359999895095825,0,0.0,0.0
2002-10-09 00:00:00-04:00,3.359999895095825,3.359999895095825,3.359999895095825,3.359999895095825,0,0.0,0.0
2002-10-10 00:00:00-04:00,2.0999999046325684,2.0999999046325684,2.0999999046325684,2.0999999046325684,0,0.0,0.0
2002-10-11 00:00:00-04:00,0.41999998688697815,0.41999998688697815,0.41999998688697815,0.41999998688697815,0,0.0,0.0
2002-10-14 00:00:00-04:00,0.41999998688697815,0.41999998688697815,0.41999998688697815,0.41999998688697815,0,0.0,0.0
2002-10-15 00:00:00-04:00,0.41999998688697815,0.41999998688697815,0.41999998688697815,0.41999998688697815,0,0.0,0.0
2002-10-16 00:00:00-04:00,0.41999998688697815,0.41999998688697815,0.41999998688697815,0.41999998688697815,0,0.0,0.0
2002-10-17 00:00:00-04:00,0.41999998688697815,0.41999998688697815,0.41999998688697815,0.41999998688697815,0,0.0,0.0
2002-10-18 00:00:00-04:00,0.41999998688697815,0.41999998688697815,0.41999998688697815,0.41999998688697815,0,0.0,0.0
2002-10-21 00:00:00-04:00,0.41999998688697815,0.41999998688697815,0.41999998688697815,0.41999998688697815,0,0.0,0.0
2002-10-22 00:00:00-04:00,2.0999999046325684,2.0999999046325684,2.0999999046325684,2.0999999046325684,0,0.0,0.0
2002-10-23 00:00:00-04:00,2.0999999046325684,2.0999999046325684,2.0999999046325684,2.0999999046325684,0,0.0,0.0
2002-10-24 00:00:00-04:00,0.41999998688697815,0.41999998688697815,0.41999998688697815,0.41999998688697815,0,0.0,0.0
2002-10-25 00:00:00-04:00,0.41999998688697815,0.41999998688697815,0.41999998688697815,0.41999998688697815,0,0.0,0.0
2002-10-28 00:00:00-05:00,0.41999998688697815,0.41999998688697815,0.41999998688697815,0.41999998688697815,0,0.0,0.0
2002-10-29 00:00:00-05:00,0.41999998688697815,0.41999998688697815,0.41999998688697815,0.41999998688697815,0,0.0,0.0
2002-10-30 00:00:00-05:00,0.41999998688697815,0.41999998688697815,0.41999998688697815,0.41999998688697815,0,0.0,0.0
2002-10-31 00:00:00-05:00,0.41999998688697815,0.41999998688697815,0.41999998688697815,0.41999998688697815,0,0.0,0.0
2002-11-01 00:00:00-05:00,0.41999998688697815,0.41999998688697815,0.41999998688697815,0.41999998688697815,0,0.0,0.0
2002-11-04 00:00:00-05:00,0.41999998688697815,0.41999998688697815,0.41999998688697815,0.41999998688697815,0,0.0,0.0
2002-11-05 00:00:00-05:00,0.41999998688697815,0.41999998688697815,0.41999998688697815,0.41999998688697815,0,0.0,0.0
2002-11-06 00:00:00-05:00,0.41999998688697815,0.41999998688697815,0.41999998688697815,0.41999998688697815,0,0.0,0.0
2002-11-07 00:00:00-05:00,0.41999998688697815,0.41999998688697815,0.41999998688697815,0.41999998688697815,0,0.0,0.0
2002-11-08 00:00:00-05:00,0.41999998688697815,0.41999998688697815,0.41999998688697815,0.41999998688697815,0,0.0,0.0
2002-11-11 00:00:00-05:00,0.41999998688697815,0.41999998688697815,0.41999998688697815,0.41999998688697815,0,0.0,0.0
2002-11-12 00:00:00-05:00,0.41999998688697815,0.41999998688697815,0.41999998688697815,0.41999998688697815,0,0.0,0.0
2002-11-13 00:00:00-05:00,0.41999998688697815,0.41999998688697815,0.41999998688697815,0.41999998688697815,0,0.0,0.0
2002-11-14 00:00:00-05:00,0.41999998688697815,0.41999998688697815,0.41999998688697815,0.41999998688697815,0,0.0,0.0
2002-11-15 00:00:00-05:00,0.41999998688697815,0.41999998688697815,0.41999998688697815,0.41999998688697815,0,0.0,0.0
2002-11-18 00:00:00-05:00,0.41999998688697815,0.41999998688697815,0.41999998688697815,0.41999998688697815,0,0.0,0.0
2002-11-19 00:00:00-05:00,0.41999998688697815,0.41999998688697815,0.41999998688697815,0.41999998688697815,0,0.0,0.0
2002-11-20 00:00:00-05:00,0.41999998688697815,0.41999998688697815,0.41999998688697815,0.41999998688697815,0,0.0,0.0
2002-11-21 00:00:00-05:00,0.41999998688697815,0.41999998688697815,0.41999998688697815,0.41999998688697815,0,0.0,0.0
2002-11-22 00:00:00-05:00,0.41999998688697815,0.41999998688697815,0.41999998688697815,0.41999998688697815,0,0.0,0.0
2002-11-25 00:00:00-05:00,0.41999998688697815,0.41999998688697815,0.41999998688697815,0.41999998688697815,0,0.0,0.0
2002-11-26 00:00:00-05:00,0.41999998688697815,0.41999998688697815,0.41999998688697815,0.41999998688697815,0,0.0,0.0
2002-11-27 00:00:00-05:00,0.41999998688697815,0.41999998688697815,0.41999998688697815,0.41999998688697815,0,0.0,0.0
2002-11-29 00:00:00-05:00,0.41999998688697815,0.41999998688697815,0.41999998688697815,0.41999998688697815,0,0.0,0.0
2002-12-02 00:00:00-05:00,0.41999998688697815,0.41999998688697815,0.41999998688697815,0.41999998688697815,0,0.0,0.0
2002-12-03 00:00:00-05:00,0.41999998688697815,0.41999998688697815,0.41999998688697815,0.41999998688697815,0,0.0,0.0
2002-12-04 00:00:00-05:00,0.41999998688697815,0.41999998688697815,0.41999998688697815,0.41999998688697815,0,0.0,0.0
2002-12-05 00:00:00-05:00,0.41999998688697815,0.41999998688697815,0.41999998688697815,0.41999998688697815,0,0.0,0.0
2002-12-06 00:00:00-05:00,0.41999998688697815,0.41999998688697815,0.41999998688697815,0.41999998688697815,0,0.0,0.0
2002-12-09 00:00:00-05:00,0.41999998688697815,0.41999998688697815,0.41999998688697815,0.41999998688697815,0,0.0,0.0
2002-12-10 00:00:00-05:00,0.41999998688697815,0.41999998688697815,0.41999998688697815,0.41999998688697815,0,0.0,0.0
2002-12-11 00:00:00-05:00,0.41999998688697815,0.41999998688697815,0.41999998688697815,0.41999998688697815,0,0.0,0.0
2002-12-12 00:00:00-05:00,0.41999998688697815,0.41999998688697815,0.41999998688697815,0.41999998688697815,0,0.0,0.0
2002-12-13 00:00:00-05:00,0.41999998688697815,0.41999998688697815,0.41999998688697815,0.41999998688697815,0,0.0,0.0
2002-12-16 00:00:00-05:00,0.41999998688697815,0.41999998688697815,0.41999998688697815,0.41999998688697815,0,0.0,0.0
2002-12-17 00:00:00-05:00,0.41999998688697815,0.41999998688697815,0.41999998688697815,0.41999998688697815,0,0.0,0.0
2002-12-18 00:00:00-05:00,0.41999998688697815,0.41999998688697815,0.41999998688697815,0.41999998688697815,0,0.0,0.0
2002-12-19 00:00:00-05:00,0.41999998688697815,0.41999998688697815,0.41999998688697815,0.41999998688697815,0,0.0,0.0
2002-12-20 00:00:00-05:00,0.41999998688697815,0.41999998688697815,0.41999998688697815,0.41999998688697815,0,0.0,0.0
2002-12-23 00:00:00-05:00,0.41999998688697815,0.41999998688697815,0.41999998688697815,0.41999998688697815,0,0.0,0.0
2002-12-24 00:00:00-05:00,0.41999998688697815,0.41999998688697815,0.41999998688697815,0.41999998688697815,0,0.0,0.0
2002-12-26 00:00:00-05:00,0.41999998688697815,0.41999998688697815,0.41999998688697815,0.41999998688697815,0,0.0,0.0
2002-12-27 00:00:00-05:00,0.41999998688697815,0.41999998688697815,0.41999998688697815,0.41999998688697815,0,0.0,0.0
2002-12-30 00:00:00-05:00,0.41999998688697815,0.41999998688697815,0.41999998688697815,0.41999998688697815,0,0.0,0.0
2002-12-31 00:00:00-05:00,0.41999998688697815,0.41999998688697815,0.41999998688697815,0.41999998688697815,0,0.0,0.0
2003-01-02 00:00:00-05:00,0.41999998688697815,0.41999998688697815,0.41999998688697815,0.41999998688697815,0,0.0,0.0
2003-01-03 00:00:00-05:00,0.41999998688697815,0.41999998688697815,0.41999998688697815,0.41999998688697815,0,0.0,0.0
2003-01-06 00:00:00-05:00,0.41999998688697815,0.41999998688697815,0.41999998688697815,0.41999998688697815,0,0.0,0.0
2003-01-07 00:00:00-05:00,0.41999998688697815,0.41999998688697815,0.41999998688697815,0.41999998688697815,0,0.0,0.0
2003-01-08 00:00:00-05:00,0.41999998688697815,0.41999998688697815,0.41999998688697815,0.41999998688697815,0,0.0,0.0
2003-01-09 00:00:00-05:00,0.41999998688697815,0.41999998688697815,0.41999998688697815,0.41999998688697815,0,0.0,0.0
2003-01-10 00:00:00-05:00,0.41999998688697815,0.41999998688697815,0.41999998688697815,0.41999998688697815,0,0.0,0.0
2003-01-13 00:00:00-05:00,0.41999998688697815,0.41999998688697815,0.41999998688697815,0.41999998688697815,0,0.0,0.0
2003-01-14 00:00:00-05:00,0.41999998688697815,0.41999998688697815,0.41999998688697815,0.41999998688697815,0,0.0,0.0
2003-01-15 00:00:00-05:00,0.41999998688697815,0.41999998688697815,0.41999998688697815,0.41999998688697815,0,0.0,0.0
2003-01-16 00:00:00-05:00,0.41999998688697815,0.41999998688697815,0.41999998688697815,0.41999998688697815,0,0.0,0.0
2003-01-17 00:00:00-05:00,0.41999998688697815,0.41999998688697815,0.41999998688697815,0.41999998688697815,0,0.0,0.0
2003-01-21 00:00:00-05:00,0.8399999737739563,0.8399999737739563,0.8399999737739563,0.8399999737739563,0,0.0,0.0
2003-01-22 00:00:00-05:00,0.8399999737739563,0.8399999737739563,0.8399999737739563,0.8399999737739563,0,0.0,0.0
2003-01-23 00:00:00-05:00,0.8399999737739563,0.8399999737739563,0.8399999737739563,0.8399999737739563,0,0.0,0.0
2003-01-24 00:00:00-05:00,0.8399999737739563,0.8399999737739563,0.8399999737739563,0.8399999737739563,0,0.0,0.0
2003-01-27 00:00:00-05:00,0.8399999737739563,0.8399999737739563,0.8399999737739563,0.8399999737739563,0,0.0,0.0
2003-01-28 00:00:00-05:00,0.8399999737739563,0.8399999737739563,0.8399999737739563,0.8399999737739563,0,0.0,0.0
2003-01-29 00:00:00-05:00,0.8399999737739563,0.8399999737739563,0.8399999737739563,0.8399999737739563,0,0.0,0.0
2003-01-30 00:00:00-05:00,0.8399999737739563,0.8399999737739563,0.8399999737739563,0.8399999737739563,0,0.0,0.0
2003-01-31 00:00:00-05:00,0.8399999737739563,0.8399999737739563,0.8399999737739563,0.8399999737739563,0,0.0,0.0
2003-02-03 00:00:00-05:00,0.8399999737739563,0.8399999737739563,0.8399999737739563,0.8399999737739563,0,0.0,0.0
2003-02-04 00:00:00-05:00,0.8399999737739563,0.8399999737739563,0.8399999737739563,0.8399999737739563,0,0.0,0.0
2003-02-05 00:00:00-05:00,0.8399999737739563,0.8399999737739563,0.8399999737739563,0.8399999737739563,0,0.0,0.0
2003-02-06 00:00:00-05:00,0.8399999737739563,0.8399999737739563,0.8399999737739563,0.8399999737739563,0,0.0,0.0
2003-02-07 00:00:00-05:00,0.8399999737739563,0.8399999737739563,0.8399999737739563,0.8399999737739563,0,0.0,0.0
2003-02-10 00:00:00-05:00,0.8399999737739563,0.8399999737739563,0.8399999737739563,0.8399999737739563,0,0.0,0.0
2003-02-11 00:00:00-05:00,0.8399999737739563,0.8399999737739563,0.8399999737739563,0.8399999737739563,0,0.0,0.0
2003-02-12 00:00:00-05:00,0.8399999737739563,0.8399999737739563,0.8399999737739563,0.8399999737739563,0,0.0,0.0
2003-02-13 00:00:00-05:00,0.8399999737739563,0.8399999737739563,0.8399999737739563,0.8399999737739563,0,0.0,0.0
2003-02-14 00:00:00-05:00,0.8399999737739563,0.8399999737739563,0.8399999737739563,0.8399999737739563,0,0.0,0.0
2003-02-18 00:00:00-05:00,0.8399999737739563,0.8399999737739563,0.8399999737739563,0.8399999737739563,0,0.0,0.0
2003-02-19 00:00:00-05:00,0.8399999737739563,0.8399999737739563,0.8399999737739563,0.8399999737739563,0,0.0,0.0
2003-02-20 00:00:00-05:00,0.8399999737739563,0.8399999737739563,0.8399999737739563,0.8399999737739563,0,0.0,0.0
2003-02-21 00:00:00-05:00,0.8399999737739563,0.8399999737739563,0.8399999737739563,0.8399999737739563,0,0.0,0.0
2003-02-24 00:00:00-05:00,0.8399999737739563,0.8399999737739563,0.8399999737739563,0.8399999737739563,0,0.0,0.0
2003-02-25 00:00:00-05:00,0.8399999737739563,0.8399999737739563,0.8399999737739563,0.8399999737739563,0,0.0,0.0
2003-02-26 00:00:00-05:00,0.8399999737739563,0.8399999737739563,0.8399999737739563,0.8399999737739563,0,0.0,0.0
2003-02-27 00:00:00-05:00,0.8399999737739563,0.8399999737739563,0.8399999737739563,0.8399999737739563,0,0.0,0.0
2003-02-28 00:00:00-05:00,0.8399999737739563,0.8399999737739563,0.8399999737739563,0.8399999737739563,0,0.0,0.0
2003-03-03 00:00:00-05:00,0.8399999737739563,0.8399999737739563,0.8399999737739563,0.8399999737739563,0,0.0,0.0
2003-03-04 00:00:00-05:00,0.8399999737739563,0.8399999737739563,0.8399999737739563,0.8399999737739563,0,0.0,0.0
2003-03-05 00:00:00-05:00,0.8399999737739563,0.8399999737739563,0.8399999737739563,0.8399999737739563,0,0.0,0.0
2003-03-06 00:00:00-05:00,0.8399999737739563,0.8399999737739563,0.8399999737739563,0.8399999737739563,0,0.0,0.0
2003-03-07 00:00:00-05:00,0.8399999737739563,0.8399999737739563,0.8399999737739563,0.8399999737739563,0,0.0,0.0
2003-03-10 00:00:00-05:00,0.8399999737739563,0.8399999737739563,0.8399999737739563,0.8399999737739563,0,0.0,0.0
2003-03-11 00:00:00-05:00,0.8399999737739563,0.8399999737739563,0.8399999737739563,0.8399999737739563,0,0.0,0.0
2003-03-12 00:00:00-05:00,0.8399999737739563,0.8399999737739563,0.8399999737739563,0.8399999737739563,0,0.0,0.0
2003-03-13 00:00:00-05:00,0.8399999737739563,0.8399999737739563,0.8399999737739563,0.8399999737739563,0,0.0,0.0
2003-03-14 00:00:00-05:00,0.8399999737739563,0.8399999737739563,0.8399999737739563,0.8399999737739563,0,0.0,0.0
2003-03-17 00:00:00-05:00,0.8399999737739563,0.8399999737739563,0.8399999737739563,0.8399999737739563,0,0.0,0.0
2003-03-18 00:00:00-05:00,0.8399999737739563,0.8399999737739563,0.8399999737739563,0.8399999737739563,0,0.0,0.0
2003-03-19 00:00:00-05:00,0.8399999737739563,0.8399999737739563,0.8399999737739563,0.8399999737739563,0,0.0,0.0
2003-03-20 00:00:00-05:00,0.8399999737739563,0.8399999737739563,0.8399999737739563,0.8399999737739563,0,0.0,0.0
2003-03-21 00:00:00-05:00,0.8399999737739563,0.8399999737739563,0.8399999737739563,0.8399999737739563,0,0.0,0.0
2003-03-24 00:00:00-05:00,0.8399999737739563,0.8399999737739563,0.8399999737739563,0.8399999737739563,0,0.0,0.0
2003-03-25 00:00:00-05:00,0.8399999737739563,0.8399999737739563,0.8399999737739563,0.8399999737739563,0,0.0,0.0
2003-03-26 00:00:00-05:00,0.8399999737739563,0.8399999737739563,0.8399999737739563,0.8399999737739563,0,0.0,0.0
2003-03-27 00:00:00-05:00,0.8399999737739563,0.8399999737739563,0.8399999737739563,0.8399999737739563,0,0.0,0.0
2003-03-28 00:00:00-05:00,0.8399999737739563,0.8399999737739563,0.8399999737739563,0.8399999737739563,0,0.0,0.0
2003-03-31 00:00:00-05:00,0.8399999737739563,0.8399999737739563,0.8399999737739563,0.8399999737739563,0,0.0,0.0
2003-04-01 00:00:00-05:00,0.8399999737739563,0.8399999737739563,0.8399999737739563,0.8399999737739563,0,0.0,0.0
2003-04-02 00:00:00-05:00,0.8399999737739563,0.8399999737739563,0.8399999737739563,0.8399999737739563,0,0.0,0.0
2003-04-03 00:00:00-05:00,0.8399999737739563,0.8399999737739563,0.8399999737739563,0.8399999737739563,0,0.0,0.0
2003-04-04 00:00:00-05:00,0.8399999737739563,0.8399999737739563,0.8399999737739563,0.8399999737739563,0,0.0,0.0
2003-04-07 00:00:00-04:00,0.8399999737739563,0.8399999737739563,0.8399999737739563,0.8399999737739563,0,0.0,0.0
2003-04-08 00:00:00-04:00,0.8399999737739563,0.8399999737739563,0.8399999737739563,0.8399999737739563,0,0.0,0.0
2003-04-09 00:00:00-04:00,0.8399999737739563,0.8399999737739563,0.8399999737739563,0.8399999737739563,0,0.0,0.0
2003-04-10 00:00:00-04:00,0.8399999737739563,0.8399999737739563,0.8399999737739563,0.8399999737739563,0,0.0,0.0
2003-04-11 00:00:00-04:00,0.8399999737739563,0.8399999737739563,0.8399999737739563,0.8399999737739563,0,0.0,0.0
2003-04-14 00:00:00-04:00,0.8399999737739563,0.8399999737739563,0.8399999737739563,0.8399999737739563,0,0.0,0.0
2003-04-15 00:00:00-04:00,0.8399999737739563,0.8399999737739563,0.8399999737739563,0.8399999737739563,0,0.0,0.0
2003-04-16 00:00:00-04:00,0.8399999737739563,0.8399999737739563,0.8399999737739563,0.8399999737739563,0,0.0,0.0
2003-04-17 00:00:00-04:00,0.8399999737739563,0.8399999737739563,0.8399999737739563,0.8399999737739563,0,0.0,0.0
2003-04-21 00:00:00-04:00,0.8399999737739563,0.8399999737739563,0.8399999737739563,0.8399999737739563,0,0.0,0.0
2003-04-22 00:00:00-04:00,0.8399999737739563,0.8399999737739563,0.8399999737739563,0.8399999737739563,0,0.0,0.0
2003-04-23 00:00:00-04:00,0.8399999737739563,0.8399999737739563,0.8399999737739563,0.8399999737739563,0,0.0,0.0
2003-04-24 00:00:00-04:00,0.8399999737739563,0.8399999737739563,0.8399999737739563,0.8399999737739563,0,0.0,0.0
2003-04-25 00:00:00-04:00,0.8399999737739563,0.8399999737739563,0.8399999737739563,0.8399999737739563,0,0.0,0.0
2003-04-28 00:00:00-04:00,0.8399999737739563,0.8399999737739563,0.8399999737739563,0.8399999737739563,0,0.0,0.0
2003-04-29 00:00:00-04:00,0.8399999737739563,0.8399999737739563,0.8399999737739563,0.8399999737739563,0,0.0,0.0
2003-04-30 00:00:00-04:00,0.8399999737739563,0.8399999737739563,0.8399999737739563,0.8399999737739563,0,0.0,0.0
2003-05-01 00:00:00-04:00,0.8399999737739563,0.8399999737739563,0.8399999737739563,0.8399999737739563,0,0.0,0.0
2003-05-02 00:00:00-04:00,0.8399999737739563,0.8399999737739563,0.8399999737739563,0.8399999737739563,0,0.0,0.0
2003-05-05 00:00:00-04:00,0.8399999737739563,0.8399999737739563,0.8399999737739563,0.8399999737739563,0,0.0,0.0
2003-05-06 00:00:00-04:00,0.8399999737739563,0.8399999737739563,0.8399999737739563,0.8399999737739563,0,0.0,0.0
2003-05-07 00:00:00-04:00,0.8399999737739563,0.8399999737739563,0.8399999737739563,0.8399999737739563,0,0.0,0.0
2003-05-08 00:00:00-04:00,0.8399999737739563,0.8399999737739563,0.8399999737739563,0.8399999737739563,0,0.0,0.0
2003-05-09 00:00:00-04:00,0.8399999737739563,0.8399999737739563,0.8399999737739563,0.8399999737739563,0,0.0,0.0
2003-05-12 00:00:00-04:00,0.41999998688697815,0.41999998688697815,0.41999998688697815,0.41999998688697815,0,0.0,0.0
2003-05-13 00:00:00-04:00,0.41999998688697815,0.41999998688697815,0.41999998688697815,0.41999998688697815,0,0.0,0.0
2003-05-14 00:00:00-04:00,0.41999998688697815,0.41999998688697815,0.41999998688697815,0.41999998688697815,0,0.0,0.0
2003-05-15 00:00:00-04:00,0.41999998688697815,0.41999998688697815,0.41999998688697815,0.41999998688697815,0,0.0,0.0
2003-05-16 00:00:00-04:00,0.41999998688697815,0.41999998688697815,0.41999998688697815,0.41999998688697815,0,0.0,0.0
2003-05-19 00:00:00-04:00,0.41999998688697815,0.41999998688697815,0.41999998688697815,0.41999998688697815,0,0.0,0.0
2003-05-20 00:00:00-04:00,0.41999998688697815,0.41999998688697815,0.41999998688697815,0.41999998688697815,0,0.0,0.0
2003-05-21 00:00:00-04:00,0.41999998688697815,0.41999998688697815,0.41999998688697815,0.41999998688697815,0,0.0,0.0
2003-05-22 00:00:00-04:00,0.41999998688697815,0.41999998688697815,0.41999998688697815,0.41999998688697815,0,0.0,0.0
2003-05-23 00:00:00-04:00,0.41999998688697815,0.41999998688697815,0.41999998688697815,0.41999998688697815,0,0.0,0.0
2003-05-27 00:00:00-04:00,0.41999998688697815,0.41999998688697815,0.41999998688697815,0.41999998688697815,0,0.0,0.0
2003-05-28 00:00:00-04:00,0.41999998688697815,0.41999998688697815,0.41999998688697815,0.41999998688697815,0,0.0,0.0
2003-05-29 00:00:00-04:00,0.41999998688697815,0.41999998688697815,0.41999998688697815,0.41999998688697815,0,0.0,0.0
2003-05-30 00:00:00-04:00,0.41999998688697815,0.41999998688697815,0.41999998688697815,0.41999998688697815,0,0.0,0.0
2003-06-02 00:00:00-04:00,0.41999998688697815,0.41999998688697815,0.41999998688697815,0.41999998688697815,0,0.0,0.0
2003-06-03 00:00:00-04:00,0.41999998688697815,0.41999998688697815,0.41999998688697815,0.41999998688697815,0,0.0,0.0
2003-06-04 00:00:00-04:00,0.41999998688697815,0.41999998688697815,0.41999998688697815,0.41999998688697815,0,0.0,0.0
2003-06-05 00:00:00-04:00,0.41999998688697815,0.41999998688697815,0.41999998688697815,0.41999998688697815,0,0.0,0.0
2003-06-06 00:00:00-04:00,0.41999998688697815,0.41999998688697815,0.41999998688697815,0.41999998688697815,0,0.0,0.0
2003-06-09 00:00:00-04:00,0.41999998688697815,0.41999998688697815,0.41999998688697815,0.41999998688697815,0,0.0,0.0
2003-06-10 00:00:00-04:00,0.41999998688697815,0.41999998688697815,0.41999998688697815,0.41999998688697815,0,0.0,0.0
2003-06-11 00:00:00-04:00,0.41999998688697815,0.41999998688697815,0.41999998688697815,0.41999998688697815,0,0.0,0.0
2003-06-12 00:00:00-04:00,0.41999998688697815,0.41999998688697815,0.41999998688697815,0.41999998688697815,0,0.0,0.0
2003-06-13 00:00:00-04:00,4.199999809265137,4.199999809265137,4.199999809265137,4.199999809265137,0,0.0,0.0
2003-06-16 00:00:00-04:00,4.199999809265137,4.199999809265137,4.199999809265137,4.199999809265137,0,0.0,0.0
2003-06-17 00:00:00-04:00,8.399999618530273,8.399999618530273,8.399999618530273,8.399999618530273,0,0.0,0.0
2003-06-18 00:00:00-04:00,8.399999618530273,8.399999618530273,8.399999618530273,8.399999618530273,0,0.0,0.0
2003-06-19 00:00:00-04:00,8.399999618530273,8.399999618530273,8.399999618530273,8.399999618530273,0,0.0,0.0
2003-06-20 00:00:00-04:00,8.399999618530273,8.399999618530273,8.399999618530273,8.399999618530273,0,0.0,0.0
2003-06-23 00:00:00-04:00,8.399999618530273,8.399999618530273,8.399999618530273,8.399999618530273,0,0.0,0.0
2003-06-24 00:00:00-04:00,42.0,42.0,42.0,42.0,0,0.0,0.0
2003-06-25 00:00:00-04:00,25.200000762939453,25.200000762939453,25.200000762939453,25.200000762939453,0,0.0,0.0
2003-06-26 00:00:00-04:00,25.200000762939453,25.200000762939453,25.200000762939453,25.200000762939453,0,0.0,0.0
2003-06-27 00:00:00-04:00,25.200000762939453,25.200000762939453,25.200000762939453,25.200000762939453,0,0.0,0.0
2003-06-30 00:00:00-04:00,25.200000762939453,25.200000762939453,25.200000762939453,25.200000762939453,0,0.0,0.0
2003-07-01 00:00:00-04:00,25.200000762939453,25.200000762939453,25.200000762939453,25.200000762939453,0,0.0,0.0
2003-07-02 00:00:00-04:00,25.200000762939453,25.200000762939453,25.200000762939453,25.200000762939453,0,0.0,0.0
2003-07-03 00:00:00-04:00,25.200000762939453,25.200000762939453,25.200000762939453,25.200000762939453,0,0.0,0.0
2003-07-07 00:00:00-04:00,4.199999809265137,4.199999809265137,4.199999809265137,4.199999809265137,0,0.0,0.0
2003-07-08 00:00:00-04:00,4.199999809265137,4.199999809265137,4.199999809265137,4.199999809265137,0,0.0,0.0
2003-07-09 00:00:00-04:00,4.199999809265137,4.199999809265137,4.199999809265137,4.199999809265137,0,0.0,0.0
2003-07-10 00:00:00-04:00,4.199999809265137,4.199999809265137,4.199999809265137,4.199999809265137,0,0.0,0.0
2003-07-11 00:00:00-04:00,4.199999809265137,4.199999809265137,4.199999809265137,4.199999809265137,0,0.0,0.0
2003-07-14 00:00:00-04:00,2.0999999046325684,2.0999999046325684,2.0999999046325684,2.0999999046325684,0,0.0,0.0
2003-07-15 00:00:00-04:00,2.0999999046325684,2.0999999046325684,2.0999999046325684,2.0999999046325684,0,0.0,0.0
2003-07-16 00:00:00-04:00,2.0999999046325684,2.0999999046325684,2.0999999046325684,2.0999999046325684,0,0.0,0.0
2003-07-17 00:00:00-04:00,4.199999809265137,4.199999809265137,4.199999809265137,4.199999809265137,0,0.0,0.0
2003-07-18 00:00:00-04:00,4.199999809265137,4.199999809265137,4.199999809265137,4.199999809265137,0,0.0,0.0
2003-07-21 00:00:00-04:00,3.7799999713897705,3.7799999713897705,3.7799999713897705,3.7799999713897705,0,0.0,0.0
2003-07-22 00:00:00-04:00,3.7799999713897705,3.7799999713897705,3.7799999713897705,3.7799999713897705,0,0.0,0.0
2003-07-23 00:00:00-04:00,3.7799999713897705,3.7799999713897705,3.7799999713897705,3.7799999713897705,0,0.0,0.0
2003-07-24 00:00:00-04:00,3.7799999713897705,3.7799999713897705,3.7799999713897705,3.7799999713897705,0,0.0,0.0
2003-07-25 00:00:00-04:00,4.199999809265137,4.199999809265137,4.199999809265137,4.199999809265137,0,0.0,0.0
2003-07-28 00:00:00-04:00,4.199999809265137,4.199999809265137,4.199999809265137,4.199999809265137,0,0.0,0.0
2003-07-29 00:00:00-04:00,3.7799999713897705,3.7799999713897705,3.7799999713897705,3.7799999713897705,0,0.0,0.0
2003-07-30 00:00:00-04:00,3.7799999713897705,3.7799999713897705,3.7799999713897705,3.7799999713897705,0,0.0,0.0
2003-07-31 00:00:00-04:00,3.7799999713897705,3.7799999713897705,3.7799999713897705,3.7799999713897705,0,0.0,0.0
2003-08-01 00:00:00-04:00,3.7799999713897705,3.7799999713897705,3.7799999713897705,3.7799999713897705,0,0.0,0.0
2003-08-04 00:00:00-04:00,3.7799999713897705,3.7799999713897705,3.7799999713897705,3.7799999713897705,0,0.0,0.0
2003-08-05 00:00:00-04:00,3.7799999713897705,3.7799999713897705,3.7799999713897705,3.7799999713897705,0,0.0,0.0
2003-08-06 00:00:00-04:00,3.7799999713897705,3.7799999713897705,3.7799999713897705,3.7799999713897705,0,0.0,0.0
2003-08-07 00:00:00-04:00,3.7799999713897705,3.7799999713897705,3.7799999713897705,3.7799999713897705,0,0.0,0.0
2003-08-08 00:00:00-04:00,3.7799999713897705,3.7799999713897705,3.7799999713897705,3.7799999713897705,0,0.0,0.0
2003-08-11 00:00:00-04:00,3.7799999713897705,3.7799999713897705,3.7799999713897705,3.7799999713897705,0,0.0,0.0
2003-08-12 00:00:00-04:00,0.41999998688697815,0.41999998688697815,0.41999998688697815,0.41999998688697815,0,0.0,0.0
2003-08-13 00:00:00-04:00,0.41999998688697815,0.41999998688697815,0.41999998688697815,0.41999998688697815,0,0.0,0.0
2003-08-14 00:00:00-04:00,0.41999998688697815,0.41999998688697815,0.41999998688697815,0.41999998688697815,0,0.0,0.0
2003-08-15 00:00:00-04:00,0.41999998688697815,0.41999998688697815,0.41999998688697815,0.41999998688697815,0,0.0,0.0
2003-08-18 00:00:00-04:00,0.41999998688697815,0.41999998688697815,0.41999998688697815,0.41999998688697815,0,0.0,0.0
2003-08-19 00:00:00-04:00,0.41999998688697815,0.41999998688697815,0.41999998688697815,0.41999998688697815,0,0.0,0.0
2003-08-20 00:00:00-04:00,0.41999998688697815,0.41999998688697815,0.41999998688697815,0.41999998688697815,0,0.0,0.0
2003-08-21 00:00:00-04:00,0.41999998688697815,0.41999998688697815,0.41999998688697815,0.41999998688697815,0,0.0,0.0
2003-08-22 00:00:00-04:00,0.41999998688697815,0.41999998688697815,0.41999998688697815,0.41999998688697815,0,0.0,0.0
2003-08-25 00:00:00-04:00,0.41999998688697815,0.41999998688697815,0.41999998688697815,0.41999998688697815,0,0.0,0.0
2003-08-26 00:00:00-04:00,0.41999998688697815,0.41999998688697815,0.41999998688697815,0.41999998688697815,0,0.0,0.0
2003-08-27 00:00:00-04:00,0.41999998688697815,0.41999998688697815,0.41999998688697815,0.41999998688697815,0,0.0,0.0
2003-08-28 00:00:00-04:00,0.41999998688697815,0.41999998688697815,0.41999998688697815,0.41999998688697815,0,0.0,0.0
2003-08-29 00:00:00-04:00,0.41999998688697815,0.41999998688697815,0.41999998688697815,0.41999998688697815,0,0.0,0.0
2003-09-02 00:00:00-04:00,0.41999998688697815,0.41999998688697815,0.41999998688697815,0.41999998688697815,0,0.0,0.0
2003-09-03 00:00:00-04:00,0.41999998688697815,0.41999998688697815,0.41999998688697815,0.41999998688697815,0,0.0,0.0
2003-09-04 00:00:00-04:00,0.41999998688697815,0.41999998688697815,0.41999998688697815,0.41999998688697815,0,0.0,0.0
2003-09-05 00:00:00-04:00,0.41999998688697815,0.41999998688697815,0.41999998688697815,0.41999998688697815,0,0.0,0.0
2003-09-08 00:00:00-04:00,4.199999809265137,4.199999809265137,4.199999809265137,4.199999809265137,0,0.0,0.0
2003-09-09 00:00:00-04:00,0.41999998688697815,0.41999998688697815,0.41999998688697815,0.41999998688697815,0,0.0,0.0
2003-09-10 00:00:00-04:00,0.41999998688697815,0.41999998688697815,0.41999998688697815,0.41999998688697815,0,0.0,0.0
2003-09-11 00:00:00-04:00,0.41999998688697815,0.41999998688697815,0.41999998688697815,0.41999998688697815,0,0.0,0.0
2003-09-12 00:00:00-04:00,4.199999809265137,4.199999809265137,4.199999809265137,4.199999809265137,0,0.0,0.0
2003-09-15 00:00:00-04:00,0.41999998688697815,0.41999998688697815,0.41999998688697815,0.41999998688697815,0,0.0,0.0
2003-09-16 00:00:00-04:00,0.41999998688697815,0.41999998688697815,0.41999998688697815,0.41999998688697815,0,0.0,0.0
2003-09-17 00:00:00-04:00,0.41999998688697815,0.41999998688697815,0.41999998688697815,0.41999998688697815,0,0.0,0.0
2003-09-18 00:00:00-04:00,0.41999998688697815,0.41999998688697815,0.41999998688697815,0.41999998688697815,0,0.0,0.0
2003-09-19 00:00:00-04:00,0.41999998688697815,0.41999998688697815,0.41999998688697815,0.41999998688697815,0,0.0,0.0
2003-09-22 00:00:00-04:00,0.8399999737739563,0.8399999737739563,0.8399999737739563,0.8399999737739563,0,0.0,0.0
2003-09-23 00:00:00-04:00,0.8399999737739563,0.8399999737739563,0.8399999737739563,0.8399999737739563,0,0.0,0.0
2003-09-24 00:00:00-04:00,0.8399999737739563,0.8399999737739563,0.8399999737739563,0.8399999737739563,0,0.0,0.0
2003-09-25 00:00:00-04:00,0.8399999737739563,0.8399999737739563,0.8399999737739563,0.8399999737739563,0,0.0,0.0
2003-09-26 00:00:00-04:00,0.8399999737739563,0.8399999737739563,0.8399999737739563,0.8399999737739563,0,0.0,0.0
2003-09-29 00:00:00-04:00,0.8399999737739563,0.8399999737739563,0.8399999737739563,0.8399999737739563,0,0.0,0.0
2003-09-30 00:00:00-04:00,0.8399999737739563,0.8399999737739563,0.8399999737739563,0.8399999737739563,0,0.0,0.0
2003-10-01 00:00:00-04:00,126.0,126.0,126.0,126.0,0,0.0,0.0
2003-10-02 00:00:00-04:00,126.0,126.0,126.0,126.0,0,0.0,0.0
2003-10-03 00:00:00-04:00,21.0,21.0,21.0,21.0,0,0.0,0.0
2003-10-06 00:00:00-04:00,21.0,21.0,21.0,21.0,0,0.0,0.0
2003-10-07 00:00:00-04:00,4.199999809265137,4.199999809265137,4.199999809265137,4.199999809265137,0,0.0,0.0
2003-10-08 00:00:00-04:00,4.199999809265137,4.199999809265137,4.199999809265137,4.199999809265137,0,0.0,0.0
2003-10-09 00:00:00-04:00,4.199999809265137,4.199999809265137,4.199999809265137,4.199999809265137,0,0.0,0.0
2003-10-10 00:00:00-04:00,4.199999809265137,4.199999809265137,4.199999809265137,4.199999809265137,0,0.0,0.0
2003-10-13 00:00:00-04:00,4.199999809265137,4.199999809265137,4.199999809265137,4.199999809265137,0,0.0,0.0
2003-10-14 00:00:00-04:00,4.199999809265137,4.199999809265137,4.199999809265137,4.199999809265137,0,0.0,0.0
2003-10-15 00:00:00-04:00,4.199999809265137,4.199999809265137,4.199999809265137,4.199999809265137,0,0.0,0.0
2003-10-16 00:00:00-04:00,4.199999809265137,4.199999809265137,4.199999809265137,4.199999809265137,0,0.0,0.0
2003-10-17 00:00:00-04:00,4.199999809265137,4.199999809265137,4.199999809265137,4.199999809265137,1,0.0,0.0
2003-10-20 00:00:00-04:00,4.199999809265137,4.199999809265137,4.199999809265137,4.199999809265137,5,0.0,0.0
2003-10-21 00:00:00-04:00,4.199999809265137,4.199999809265137,4.199999809265137,4.199999809265137,0,0.0,0.0
2003-10-22 00:00:00-04:00,4.199999809265137,4.199999809265137,4.199999809265137,4.199999809265137,0,0.0,0.0
2003-10-23 00:00:00-04:00,6.300000190734863,6.300000190734863,6.300000190734863,6.300000190734863,3,0.0,0.0
2003-10-24 00:00:00-04:00,6.300000190734863,6.300000190734863,6.300000190734863,6.300000190734863,1,0.0,0.0
2003-10-27 00:00:00-05:00,6.300000190734863,6.300000190734863,6.300000190734863,6.300000190734863,0,0.0,0.0
2003-10-28 00:00:00-05:00,8.399999618530273,8.399999618530273,8.399999618530273,8.399999618530273,1,0.0,0.0
2003-10-29 00:00:00-05:00,8.399999618530273,8.399999618530273,8.399999618530273,8.399999618530273,12,0.0,0.0
2003-10-30 00:00:00-05:00,8.399999618530273,8.399999618530273,8.399999618530273,8.399999618530273,0,0.0,0.0
2003-10-31 00:00:00-05:00,8.399999618530273,8.399999618530273,8.399999618530273,8.399999618530273,0,0.0,0.0
2003-11-03 00:00:00-05:00,8.399999618530273,8.399999618530273,8.399999618530273,8.399999618530273,0,0.0,0.0
2003-11-04 00:00:00-05:00,8.399999618530273,8.399999618530273,8.399999618530273,8.399999618530273,0,0.0,0.0
2003-11-05 00:00:00-05:00,8.399999618530273,8.399999618530273,8.399999618530273,8.399999618530273,0,0.0,0.0
2003-11-06 00:00:00-05:00,8.399999618530273,8.399999618530273,8.399999618530273,8.399999618530273,0,0.0,0.0
2003-11-07 00:00:00-05:00,21.0,21.0,8.399999618530273,8.399999618530273,16,0.0,0.0
2003-11-10 00:00:00-05:00,8.399999618530273,8.399999618530273,8.399999618530273,8.399999618530273,0,0.0,0.0
2003-11-11 00:00:00-05:00,8.399999618530273,8.399999618530273,4.199999809265137,4.199999809265137,27,0.0,0.0
2003-11-12 00:00:00-05:00,4.199999809265137,4.199999809265137,4.199999809265137,4.199999809265137,0,0.0,0.0
2003-11-13 00:00:00-05:00,4.199999809265137,4.199999809265137,4.199999809265137,4.199999809265137,0,0.0,0.0
2003-11-14 00:00:00-05:00,4.199999809265137,4.199999809265137,4.199999809265137,4.199999809265137,0,0.0,0.0
2003-11-17 00:00:00-05:00,4.199999809265137,4.199999809265137,4.199999809265137,4.199999809265137,0,0.0,0.0
2003-11-18 00:00:00-05:00,4.199999809265137,4.199999809265137,4.199999809265137,4.199999809265137,0,0.0,0.0
2003-11-19 00:00:00-05:00,4.199999809265137,4.199999809265137,4.199999809265137,4.199999809265137,0,0.0,0.0
2003-11-20 00:00:00-05:00,4.199999809265137,4.199999809265137,4.199999809265137,4.199999809265137,19,0.0,0.0
2003-11-21 00:00:00-05:00,4.199999809265137,4.199999809265137,4.199999809265137,4.199999809265137,0,0.0,0.0
2003-11-24 00:00:00-05:00,4.199999809265137,4.199999809265137,4.199999809265137,4.199999809265137,0,0.0,0.0
2003-11-25 00:00:00-05:00,4.199999809265137,4.199999809265137,4.199999809265137,4.199999809265137,0,0.0,0.0
2003-11-26 00:00:00-05:00,4.199999809265137,4.199999809265137,4.199999809265137,4.199999809265137,0,0.0,0.0
2003-11-28 00:00:00-05:00,4.199999809265137,4.199999809265137,4.199999809265137,4.199999809265137,0,0.0,0.0
2003-12-01 00:00:00-05:00,4.199999809265137,4.199999809265137,4.199999809265137,4.199999809265137,9,0.0,0.0
2003-12-02 00:00:00-05:00,4.199999809265137,4.199999809265137,4.199999809265137,4.199999809265137,0,0.0,0.0
2003-12-03 00:00:00-05:00,4.199999809265137,21.0,4.199999809265137,4.199999809265137,51,0.0,0.0
2003-12-04 00:00:00-05:00,4.199999809265137,21.0,4.199999809265137,21.0,6,0.0,0.0
2003-12-05 00:00:00-05:00,4.199999809265137,4.199999809265137,4.199999809265137,4.199999809265137,1,0.0,0.0
2003-12-08 00:00:00-05:00,21.0,21.0,4.199999809265137,4.199999809265137,7,0.0,0.0
2003-12-09 00:00:00-05:00,4.199999809265137,21.0,4.199999809265137,21.0,2,0.0,0.0
2003-12-10 00:00:00-05:00,4.199999809265137,4.199999809265137,4.199999809265137,4.199999809265137,1,0.0,0.0
2003-12-11 00:00:00-05:00,4.199999809265137,4.199999809265137,4.199999809265137,4.199999809265137,1,0.0,0.0
2003-12-12 00:00:00-05:00,4.199999809265137,4.199999809265137,4.199999809265137,4.199999809265137,6,0.0,0.0
2003-12-15 00:00:00-05:00,4.199999809265137,4.199999809265137,4.199999809265137,4.199999809265137,3,0.0,0.0
2003-12-16 00:00:00-05:00,4.199999809265137,8.399999618530273,4.199999809265137,4.199999809265137,13,0.0,0.0
2003-12-17 00:00:00-05:00,4.199999809265137,4.199999809265137,4.199999809265137,4.199999809265137,3,0.0,0.0
2003-12-18 00:00:00-05:00,4.199999809265137,4.199999809265137,4.199999809265137,4.199999809265137,4,0.0,0.0
2003-12-19 00:00:00-05:00,4.199999809265137,4.199999809265137,4.199999809265137,4.199999809265137,2,0.0,0.0
2003-12-22 00:00:00-05:00,4.199999809265137,4.199999809265137,4.199999809265137,4.199999809265137,3,0.0,0.0
2003-12-23 00:00:00-05:00,4.199999809265137,4.199999809265137,4.199999809265137,4.199999809265137,3,0.0,0.0
2003-12-24 00:00:00-05:00,4.199999809265137,4.199999809265137,4.199999809265137,4.199999809265137,1,0.0,0.0
2003-12-26 00:00:00-05:00,4.199999809265137,4.199999809265137,4.199999809265137,4.199999809265137,1,0.0,0.0
2003-12-29 00:00:00-05:00,4.199999809265137,4.199999809265137,4.199999809265137,4.199999809265137,4,0.0,0.0
2003-12-30 00:00:00-05:00,4.199999809265137,4.199999809265137,4.199999809265137,4.199999809265137,1,0.0,0.0
2003-12-31 00:00:00-05:00,4.199999809265137,4.199999809265137,4.199999809265137,4.199999809265137,5,0.0,0.0
2004-01-02 00:00:00-05:00,4.199999809265137,4.199999809265137,4.199999809265137,4.199999809265137,0,0.0,0.0
2004-01-05 00:00:00-05:00,4.199999809265137,4.199999809265137,4.199999809265137,4.199999809265137,2,0.0,0.0
2004-01-06 00:00:00-05:00,4.199999809265137,4.199999809265137,4.199999809265137,4.199999809265137,0,0.0,0.0
2004-01-07 00:00:00-05:00,4.199999809265137,4.199999809265137,4.199999809265137,4.199999809265137,0,0.0,0.0
2004-01-08 00:00:00-05:00,4.199999809265137,4.199999809265137,4.199999809265137,4.199999809265137,0,0.0,0.0
2004-01-09 00:00:00-05:00,4.199999809265137,4.199999809265137,4.199999809265137,4.199999809265137,0,0.0,0.0
2004-01-12 00:00:00-05:00,4.199999809265137,4.199999809265137,4.199999809265137,4.199999809265137,0,0.0,0.0
2004-01-13 00:00:00-05:00,4.199999809265137,4.199999809265137,4.199999809265137,4.199999809265137,0,0.0,0.0
2004-01-14 00:00:00-05:00,4.199999809265137,4.199999809265137,4.199999809265137,4.199999809265137,0,0.0,0.0
2004-01-15 00:00:00-05:00,4.199999809265137,4.199999809265137,4.199999809265137,4.199999809265137,0,0.0,0.0
2004-01-16 00:00:00-05:00,4.199999809265137,4.199999809265137,4.199999809265137,4.199999809265137,0,0.0,0.0
2004-01-20 00:00:00-05:00,4.199999809265137,4.199999809265137,4.199999809265137,4.199999809265137,2,0.0,0.0
2004-01-21 00:00:00-05:00,4.199999809265137,4.199999809265137,4.199999809265137,4.199999809265137,0,0.0,0.0
2004-01-22 00:00:00-05:00,4.199999809265137,4.199999809265137,4.199999809265137,4.199999809265137,0,0.0,0.0
2004-01-23 00:00:00-05:00,4.199999809265137,4.199999809265137,4.199999809265137,4.199999809265137,0,0.0,0.0
2004-01-26 00:00:00-05:00,8.399999618530273,8.399999618530273,8.399999618530273,8.399999618530273,1,0.0,0.0
2004-01-27 00:00:00-05:00,8.399999618530273,8.399999618530273,8.399999618530273,8.399999618530273,1,0.0,0.0
2004-01-28 00:00:00-05:00,8.399999618530273,8.399999618530273,8.399999618530273,8.399999618530273,8,0.0,0.0
2004-01-29 00:00:00-05:00,8.399999618530273,8.399999618530273,8.399999618530273,8.399999618530273,0,0.0,0.0
2004-01-30 00:00:00-05:00,8.399999618530273,8.399999618530273,8.399999618530273,8.399999618530273,0,0.0,0.0
2004-02-02 00:00:00-05:00,8.399999618530273,8.399999618530273,8.399999618530273,8.399999618530273,0,0.0,0.0
2004-02-03 00:00:00-05:00,8.399999618530273,8.399999618530273,8.399999618530273,8.399999618530273,0,0.0,0.0
2004-02-04 00:00:00-05:00,12.600000381469727,12.600000381469727,12.600000381469727,12.600000381469727,1,0.0,0.0
2004-02-05 00:00:00-05:00,12.600000381469727,12.600000381469727,12.600000381469727,12.600000381469727,12,0.0,0.0
2004-02-06 00:00:00-05:00,12.600000381469727,12.600000381469727,12.600000381469727,12.600000381469727,0,0.0,0.0
2004-02-09 00:00:00-05:00,4.199999809265137,4.199999809265137,4.199999809265137,4.199999809265137,0,0.0,0.0
2004-02-10 00:00:00-05:00,4.199999809265137,4.199999809265137,4.199999809265137,4.199999809265137,0,0.0,0.0
2004-02-11 00:00:00-05:00,4.199999809265137,4.199999809265137,4.199999809265137,4.199999809265137,1,0.0,0.0
2004-02-12 00:00:00-05:00,4.199999809265137,4.199999809265137,4.199999809265137,4.199999809265137,0,0.0,0.0
2004-02-13 00:00:00-05:00,4.199999809265137,4.199999809265137,4.199999809265137,4.199999809265137,0,0.0,0.0
2004-02-17 00:00:00-05:00,4.199999809265137,4.199999809265137,4.199999809265137,4.199999809265137,0,0.0,0.0
2004-02-18 00:00:00-05:00,4.199999809265137,4.199999809265137,4.199999809265137,4.199999809265137,7,0.0,0.0
2004-02-19 00:00:00-05:00,2.0999999046325684,2.0999999046325684,2.0999999046325684,2.0999999046325684,0,0.0,0.0
2004-02-20 00:00:00-05:00,4.199999809265137,4.199999809265137,4.199999809265137,4.199999809265137,65,0.0,0.0
2004-02-23 00:00:00-05:00,3.7799999713897705,3.7799999713897705,3.7799999713897705,3.7799999713897705,0,0.0,0.0
2004-02-24 00:00:00-05:00,3.7799999713897705,3.7799999713897705,3.7799999713897705,3.7799999713897705,6,0.0,0.0
2004-02-25 00:00:00-05:00,3.7799999713897705,3.7799999713897705,3.7799999713897705,3.7799999713897705,0,0.0,0.0
2004-02-26 00:00:00-05:00,3.7799999713897705,3.7799999713897705,3.7799999713897705,3.7799999713897705,0,0.0,0.0
2004-02-27 00:00:00-05:00,4.199999809265137,4.199999809265137,4.199999809265137,4.199999809265137,1,0.0,0.0
2004-03-01 00:00:00-05:00,4.199999809265137,4.199999809265137,4.199999809265137,4.199999809265137,0,0.0,0.0
2004-03-02 00:00:00-05:00,4.199999809265137,4.199999809265137,4.199999809265137,4.199999809265137,0,0.0,0.0
2004-03-03 00:00:00-05:00,4.199999809265137,4.199999809265137,4.199999809265137,4.199999809265137,1,0.0,0.0
2004-03-04 00:00:00-05:00,4.199999809265137,4.199999809265137,4.199999809265137,4.199999809265137,0,0.0,0.0
2004-03-05 00:00:00-05:00,4.199999809265137,4.199999809265137,4.199999809265137,4.199999809265137,0,0.0,0.0
2004-03-08 00:00:00-05:00,4.199999809265137,4.199999809265137,4.199999809265137,4.199999809265137,0,0.0,0.0
2004-03-09 00:00:00-05:00,4.199999809265137,4.199999809265137,4.199999809265137,4.199999809265137,0,0.0,0.0
2004-03-10 00:00:00-05:00,4.199999809265137,4.199999809265137,4.199999809265137,4.199999809265137,6,0.0,0.0
2004-03-11 00:00:00-05:00,4.199999809265137,4.199999809265137,4.199999809265137,4.199999809265137,0,0.0,0.0
2004-03-12 00:00:00-05:00,4.199999809265137,4.199999809265137,4.199999809265137,4.199999809265137,0,0.0,0.0
2004-03-15 00:00:00-05:00,4.199999809265137,4.199999809265137,4.199999809265137,4.199999809265137,0,0.0,0.0
2004-03-16 00:00:00-05:00,2.5199999809265137,2.5199999809265137,2.5199999809265137,2.5199999809265137,0,0.0,0.0
2004-03-17 00:00:00-05:00,2.5199999809265137,2.5199999809265137,2.5199999809265137,2.5199999809265137,0,0.0,0.0
2004-03-18 00:00:00-05:00,4.199999809265137,4.199999809265137,4.199999809265137,4.199999809265137,83,0.0,0.0
2004-03-19 00:00:00-05:00,2.5199999809265137,4.199999809265137,2.5199999809265137,2.5199999809265137,25,0.0,0.0
2004-03-22 00:00:00-05:00,4.199999809265137,16.799999237060547,4.199999809265137,4.199999809265137,137,0.0,0.0
2004-03-23 00:00:00-05:00,4.199999809265137,4.199999809265137,4.199999809265137,4.199999809265137,0,0.0,0.0
2004-03-24 00:00:00-05:00,4.199999809265137,4.199999809265137,4.199999809265137,4.199999809265137,0,0.0,0.0
2004-03-25 00:00:00-05:00,4.199999809265137,4.199999809265137,4.199999809265137,4.199999809265137,0,0.0,0.0
2004-03-26 00:00:00-05:00,4.199999809265137,4.199999809265137,4.199999809265137,4.199999809265137,5,0.0,0.0
2004-03-29 00:00:00-05:00,4.199999809265137,4.199999809265137,4.199999809265137,4.199999809265137,0,0.0,0.0
2004-03-30 00:00:00-05:00,4.199999809265137,4.199999809265137,4.199999809265137,4.199999809265137,0,0.0,0.0
2004-03-31 00:00:00-05:00,8.399999618530273,8.399999618530273,8.399999618530273,8.399999618530273,24,0.0,0.0
2004-04-01 00:00:00-05:00,8.399999618530273,8.399999618530273,8.399999618530273,8.399999618530273,0,0.0,0.0
2004-04-02 00:00:00-05:00,8.399999618530273,8.399999618530273,8.399999618530273,8.399999618530273,0,0.0,0.0
2004-04-05 00:00:00-04:00,4.199999809265137,4.199999809265137,2.0999999046325684,2.0999999046325684,15,0.0,0.0
2004-04-06 00:00:00-04:00,2.0999999046325684,2.0999999046325684,2.0999999046325684,2.0999999046325684,0,0.0,0.0
2004-04-07 00:00:00-04:00,4.199999809265137,4.199999809265137,4.199999809265137,4.199999809265137,2,0.0,0.0
2004-04-08 00:00:00-04:00,4.199999809265137,4.199999809265137,4.199999809265137,4.199999809265137,4,0.0,0.0
2004-04-12 00:00:00-04:00,4.199999809265137,4.199999809265137,3.359999895095825,3.359999895095825,1,0.0,0.0
2004-04-13 00:00:00-04:00,4.199999809265137,8.399999618530273,4.199999809265137,8.399999618530273,50,0.0,0.0
2004-04-14 00:00:00-04:00,8.399999618530273,8.399999618530273,8.399999618530273,8.399999618530273,0,0.0,0.0
2004-04-15 00:00:00-04:00,8.399999618530273,8.399999618530273,8.399999618530273,8.399999618530273,1,0.0,0.0
2004-04-16 00:00:00-04:00,8.399999618530273,8.399999618530273,8.399999618530273,8.399999618530273,0,0.0,0.0
2004-04-19 00:00:00-04:00,4.199999809265137,4.199999809265137,4.199999809265137,4.199999809265137,2,0.0,0.0
2004-04-20 00:00:00-04:00,4.199999809265137,4.199999809265137,4.199999809265137,4.199999809265137,3,0.0,0.0
2004-04-21 00:00:00-04:00,4.199999809265137,4.199999809265137,4.199999809265137,4.199999809265137,0,0.0,0.0
2004-04-22 00:00:00-04:00,4.199999809265137,4.199999809265137,4.199999809265137,4.199999809265137,0,0.0,0.0
2004-04-23 00:00:00-04:00,4.199999809265137,4.199999809265137,4.199999809265137,4.199999809265137,0,0.0,0.0
2004-04-26 00:00:00-04:00,4.199999809265137,4.199999809265137,4.199999809265137,4.199999809265137,0,0.0,0.0
2004-04-27 00:00:00-04:00,4.199999809265137,4.199999809265137,4.199999809265137,4.199999809265137,0,0.0,0.0
2004-04-28 00:00:00-04:00,4.199999809265137,4.199999809265137,4.199999809265137,4.199999809265137,0,0.0,0.0
2004-04-29 00:00:00-04:00,4.199999809265137,4.199999809265137,4.199999809265137,4.199999809265137,0,0.0,0.0
2004-04-30 00:00:00-04:00,4.199999809265137,4.199999809265137,4.199999809265137,4.199999809265137,25,0.0,0.0
2004-05-03 00:00:00-04:00,4.199999809265137,4.199999809265137,4.199999809265137,4.199999809265137,0,0.0,0.0
2004-05-04 00:00:00-04:00,4.199999809265137,4.199999809265137,4.199999809265137,4.199999809265137,0,0.0,0.0
2004-05-05 00:00:00-04:00,4.199999809265137,4.199999809265137,4.199999809265137,4.199999809265137,0,0.0,0.0
2004-05-06 00:00:00-04:00,4.199999809265137,4.199999809265137,4.199999809265137,4.199999809265137,0,0.0,0.0
2004-05-07 00:00:00-04:00,4.199999809265137,4.199999809265137,4.199999809265137,4.199999809265137,0,0.0,0.0
2004-05-10 00:00:00-04:00,4.199999809265137,4.199999809265137,4.199999809265137,4.199999809265137,0,0.0,0.0
2004-05-11 00:00:00-04:00,4.199999809265137,4.199999809265137,4.199999809265137,4.199999809265137,0,0.0,0.0
2004-05-12 00:00:00-04:00,4.199999809265137,4.199999809265137,4.199999809265137,4.199999809265137,0,0.0,0.0
2004-05-13 00:00:00-04:00,4.199999809265137,4.199999809265137,4.199999809265137,4.199999809265137,0,0.0,0.0
2004-05-14 00:00:00-04:00,4.199999809265137,4.199999809265137,4.199999809265137,4.199999809265137,0,0.0,0.0
2004-05-17 00:00:00-04:00,4.199999809265137,4.199999809265137,4.199999809265137,4.199999809265137,1,0.0,0.0
2004-05-18 00:00:00-04:00,4.199999809265137,4.199999809265137,4.199999809265137,4.199999809265137,0,0.0,0.0
2004-05-19 00:00:00-04:00,8.399999618530273,8.399999618530273,8.399999618530273,8.399999618530273,1,0.0,0.0
2004-05-20 00:00:00-04:00,8.399999618530273,8.399999618530273,8.399999618530273,8.399999618530273,0,0.0,0.0
2004-05-21 00:00:00-04:00,8.399999618530273,8.399999618530273,8.399999618530273,8.399999618530273,0,0.0,0.0
2004-05-24 00:00:00-04:00,4.199999809265137,4.199999809265137,4.199999809265137,4.199999809265137,2,0.0,0.0
2004-05-25 00:00:00-04:00,4.199999809265137,4.199999809265137,4.199999809265137,4.199999809265137,0,0.0,0.0
2004-05-26 00:00:00-04:00,4.199999809265137,4.199999809265137,4.199999809265137,4.199999809265137,0,0.0,0.0
2004-05-27 00:00:00-04:00,4.199999809265137,4.199999809265137,4.199999809265137,4.199999809265137,0,0.0,0.0
2004-05-28 00:00:00-04:00,4.199999809265137,4.199999809265137,4.199999809265137,4.199999809265137,4,0.0,0.0
2004-06-01 00:00:00-04:00,4.199999809265137,4.199999809265137,4.199999809265137,4.199999809265137,1,0.0,0.0
2004-06-02 00:00:00-04:00,4.199999809265137,4.199999809265137,4.199999809265137,4.199999809265137,0,0.0,0.0
2004-06-03 00:00:00-04:00,4.199999809265137,4.199999809265137,4.199999809265137,4.199999809265137,0,0.0,0.0
2004-06-04 00:00:00-04:00,4.199999809265137,4.199999809265137,4.199999809265137,4.199999809265137,0,0.0,0.0
2004-06-07 00:00:00-04:00,4.199999809265137,4.199999809265137,4.199999809265137,4.199999809265137,5,0.0,0.0
2004-06-08 00:00:00-04:00,4.199999809265137,4.199999809265137,4.199999809265137,4.199999809265137,0,0.0,0.0
2004-06-09 00:00:00-04:00,4.199999809265137,4.199999809265137,4.199999809265137,4.199999809265137,0,0.0,0.0
2004-06-10 00:00:00-04:00,4.199999809265137,4.199999809265137,4.199999809265137,4.199999809265137,2,0.0,0.0
2004-06-14 00:00:00-04:00,4.199999809265137,4.199999809265137,4.199999809265137,4.199999809265137,0,0.0,0.0
2004-06-15 00:00:00-04:00,4.199999809265137,4.199999809265137,4.199999809265137,4.199999809265137,0,0.0,0.0
2004-06-16 00:00:00-04:00,4.199999809265137,4.199999809265137,4.199999809265137,4.199999809265137,0,0.0,0.0
2004-06-17 00:00:00-04:00,4.199999809265137,4.199999809265137,4.199999809265137,4.199999809265137,0,0.0,0.0
2004-06-18 00:00:00-04:00,4.199999809265137,4.199999809265137,4.199999809265137,4.199999809265137,0,0.0,0.0
2004-06-21 00:00:00-04:00,4.199999809265137,4.199999809265137,4.199999809265137,4.199999809265137,0,0.0,0.0
2004-06-22 00:00:00-04:00,4.199999809265137,4.199999809265137,4.199999809265137,4.199999809265137,0,0.0,0.0
2004-06-23 00:00:00-04:00,4.199999809265137,4.199999809265137,4.199999809265137,4.199999809265137,0,0.0,0.0
2004-06-24 00:00:00-04:00,4.199999809265137,4.199999809265137,4.199999809265137,4.199999809265137,0,0.0,0.0
2004-06-25 00:00:00-04:00,4.199999809265137,4.199999809265137,4.199999809265137,4.199999809265137,0,0.0,0.0
2004-06-28 00:00:00-04:00,4.199999809265137,4.199999809265137,4.199999809265137,4.199999809265137,0,0.0,0.0
2004-06-29 00:00:00-04:00,4.199999809265137,4.199999809265137,4.199999809265137,4.199999809265137,3,0.0,0.0
2004-06-30 00:00:00-04:00,4.199999809265137,4.199999809265137,4.199999809265137,4.199999809265137,0,0.0,0.0
2004-07-01 00:00:00-04:00,4.199999809265137,4.199999809265137,4.199999809265137,4.199999809265137,0,0.0,0.0
2004-07-02 00:00:00-04:00,8.399999618530273,8.399999618530273,8.399999618530273,8.399999618530273,0,0.0,0.0
2004-07-06 00:00:00-04:00,8.399999618530273,8.399999618530273,8.399999618530273,8.399999618530273,0,0.0,0.0
2004-07-07 00:00:00-04:00,4.199999809265137,4.199999809265137,4.199999809265137,4.199999809265137,1,0.0,0.0
2004-07-08 00:00:00-04:00,4.199999809265137,4.199999809265137,4.199999809265137,4.199999809265137,0,0.0,0.0
2004-07-09 00:00:00-04:00,4.199999809265137,4.199999809265137,4.199999809265137,4.199999809265137,0,0.0,0.0
2004-07-12 00:00:00-04:00,4.199999809265137,4.199999809265137,4.199999809265137,4.199999809265137,0,0.0,0.0
2004-07-13 00:00:00-04:00,4.199999809265137,4.199999809265137,4.199999809265137,4.199999809265137,0,0.0,0.0
2004-07-14 00:00:00-04:00,4.199999809265137,4.199999809265137,4.199999809265137,4.199999809265137,0,0.0,0.0
2004-07-15 00:00:00-04:00,4.199999809265137,4.199999809265137,4.199999809265137,4.199999809265137,0,0.0,0.0
2004-07-16 00:00:00-04:00,4.199999809265137,4.199999809265137,4.199999809265137,4.199999809265137,0,0.0,0.0
2004-07-19 00:00:00-04:00,4.199999809265137,4.199999809265137,4.199999809265137,4.199999809265137,0,0.0,0.0
2004-07-20 00:00:00-04:00,4.199999809265137,4.199999809265137,4.199999809265137,4.199999809265137,45,0.0,0.0
2004-07-21 00:00:00-04:00,4.199999809265137,4.199999809265137,4.199999809265137,4.199999809265137,3,0.0,0.0
2004-07-22 00:00:00-04:00,4.199999809265137,4.199999809265137,4.199999809265137,4.199999809265137,2,0.0,0.0
2004-07-23 00:00:00-04:00,4.199999809265137,4.199999809265137,4.199999809265137,4.199999809265137,0,0.0,0.0
2004-07-26 00:00:00-04:00,2.0999999046325684,2.0999999046325684,2.0999999046325684,2.0999999046325684,0,0.0,0.0
2004-07-27 00:00:00-04:00,3.359999895095825,3.359999895095825,3.359999895095825,3.359999895095825,47,0.0,0.0
2004-07-28 00:00:00-04:00,3.359999895095825,3.359999895095825,3.359999895095825,3.359999895095825,0,0.0,0.0
2004-07-29 00:00:00-04:00,3.359999895095825,3.359999895095825,3.359999895095825,3.359999895095825,0,0.0,0.0
2004-07-30 00:00:00-04:00,2.0999999046325684,2.0999999046325684,2.0999999046325684,2.0999999046325684,0,0.0,0.0
2004-08-02 00:00:00-04:00,2.0999999046325684,2.0999999046325684,2.0999999046325684,2.0999999046325684,0,0.0,0.0
2004-08-03 00:00:00-04:00,2.0999999046325684,2.0999999046325684,2.0999999046325684,2.0999999046325684,0,0.0,0.0
2004-08-04 00:00:00-04:00,2.0999999046325684,2.0999999046325684,2.0999999046325684,2.0999999046325684,3,0.0,0.0
2004-08-05 00:00:00-04:00,2.0999999046325684,2.0999999046325684,2.0999999046325684,2.0999999046325684,0,0.0,0.0
2004-08-06 00:00:00-04:00,2.0999999046325684,2.0999999046325684,2.0999999046325684,2.0999999046325684,0,0.0,0.0
2004-08-09 00:00:00-04:00,2.0999999046325684,2.0999999046325684,2.0999999046325684,2.0999999046325684,0,0.0,0.0
2004-08-10 00:00:00-04:00,2.0999999046325684,2.0999999046325684,2.0999999046325684,2.0999999046325684,0,0.0,0.0
2004-08-11 00:00:00-04:00,2.0999999046325684,2.0999999046325684,2.0999999046325684,2.0999999046325684,0,0.0,0.0033333333333333335
2004-08-12 00:00:00-04:00,2.0999999046325684,2.0999999046325684,2.0999999046325684,2.0999999046325684,0,0.0,0.0
2004-08-13 00:00:00-04:00,2.0999999046325684,2.0999999046325684,2.0999999046325684,2.0999999046325684,0,0.0,0.0
2004-08-16 00:00:00-04:00,2.0999999046325684,2.0999999046325684,2.0999999046325684,2.0999999046325684,0,0.0,0.0
2004-08-17 00:00:00-04:00,2.0999999046325684,2.0999999046325684,2.0999999046325684,2.0999999046325684,0,0.0,0.0
2004-08-18 00:00:00-04:00,2.0999999046325684,2.0999999046325684,2.0999999046325684,2.0999999046325684,0,0.0,0.0
2004-08-19 00:00:00-04:00,2.0999999046325684,2.0999999046325684,2.0999999046325684,2.0999999046325684,0,0.0,0.0
2004-08-20 00:00:00-04:00,2.0999999046325684,2.0999999046325684,2.0999999046325684,2.0999999046325684,0,0.0,0.0
2004-08-23 00:00:00-04:00,2.799999952316284,2.799999952316284,2.799999952316284,2.799999952316284,193,0.0,0.0
2004-08-24 00:00:00-04:00,2.799999952316284,2.799999952316284,2.799999952316284,2.799999952316284,407,0.0,0.0
2004-08-25 00:00:00-04:00,2.799999952316284,2.799999952316284,2.799999952316284,2.799999952316284,0,0.0,0.0
2004-08-26 00:00:00-04:00,2.799999952316284,2.799999952316284,2.799999952316284,2.799999952316284,0,0.0,0.0
2004-08-27 00:00:00-04:00,2.799999952316284,2.799999952316284,2.799999952316284,2.799999952316284,0,0.0,0.0
2004-08-30 00:00:00-04:00,2.799999952316284,2.799999952316284,2.799999952316284,2.799999952316284,0,0.0,0.0
2004-08-31 00:00:00-04:00,2.799999952316284,2.799999952316284,2.799999952316284,2.799999952316284,0,0.0,0.0
2004-09-01 00:00:00-04:00,2.799999952316284,2.799999952316284,2.799999952316284,2.799999952316284,0,0.0,0.0
2004-09-02 00:00:00-04:00,2.799999952316284,2.799999952316284,2.799999952316284,2.799999952316284,0,0.0,0.0
2004-09-03 00:00:00-04:00,2.799999952316284,2.799999952316284,2.799999952316284,2.799999952316284,0,0.0,0.0
2004-09-07 00:00:00-04:00,2.799999952316284,2.799999952316284,2.799999952316284,2.799999952316284,0,0.0,0.0
2004-09-08 00:00:00-04:00,2.799999952316284,2.799999952316284,2.799999952316284,2.799999952316284,0,0.0,0.0
2004-09-09 00:00:00-04:00,2.799999952316284,2.799999952316284,2.799999952316284,2.799999952316284,0,0.0,0.0
2004-09-10 00:00:00-04:00,2.799999952316284,2.799999952316284,2.799999952316284,2.799999952316284,0,0.0,0.0
2004-09-13 00:00:00-04:00,2.799999952316284,2.799999952316284,2.799999952316284,2.799999952316284,0,0.0,0.0
2004-09-14 00:00:00-04:00,2.799999952316284,2.799999952316284,2.799999952316284,2.799999952316284,0,0.0,0.0
2004-09-15 00:00:00-04:00,2.799999952316284,2.799999952316284,2.799999952316284,2.799999952316284,0,0.0,0.0
2004-09-16 00:00:00-04:00,2.799999952316284,2.799999952316284,2.799999952316284,2.799999952316284,0,0.0,0.0
2004-09-17 00:00:00-04:00,2.799999952316284,2.799999952316284,2.799999952316284,2.799999952316284,0,0.0,0.0
2004-09-20 00:00:00-04:00,2.799999952316284,2.799999952316284,2.799999952316284,2.799999952316284,0,0.0,0.0
2004-09-21 00:00:00-04:00,2.799999952316284,2.799999952316284,2.799999952316284,2.799999952316284,0,0.0,0.0
2004-09-22 00:00:00-04:00,2.799999952316284,2.799999952316284,2.799999952316284,2.799999952316284,0,0.0,0.0
2004-09-23 00:00:00-04:00,2.799999952316284,2.799999952316284,2.799999952316284,2.799999952316284,0,0.0,0.0
2004-09-24 00:00:00-04:00,2.799999952316284,10.5,2.799999952316284,10.5,2714,0.0,0.0
2004-09-27 00:00:00-04:00,7.139999866485596,10.5,7.139999866485596,10.5,371,0.0,0.0
2004-09-28 00:00:00-04:00,14.140000343322754,14.140000343322754,10.5,10.5,36,0.0,0.0
2004-09-29 00:00:00-04:00,14.0,14.0,11.0600004196167,12.460000038146973,429,0.0,0.0
2004-09-30 00:00:00-04:00,5.739999771118164,10.5,5.739999771118164,10.5,14,0.0,0.0
2004-10-01 00:00:00-04:00,14.140000343322754,14.140000343322754,14.140000343322754,14.140000343322754,79,0.0,0.0
2004-10-04 00:00:00-04:00,14.140000343322754,21.0,14.0,14.0,1264,0.0,0.0
2004-10-05 00:00:00-04:00,14.140000343322754,14.140000343322754,11.199999809265137,14.0,921,0.0,0.0
2004-10-06 00:00:00-04:00,14.0,14.0,14.0,14.0,0,0.0,0.0
2004-10-07 00:00:00-04:00,14.0,14.0,14.0,14.0,0,0.0,0.0
2004-10-08 00:00:00-04:00,14.0,14.0,14.0,14.0,0,0.0,0.0
2004-10-11 00:00:00-04:00,14.0,14.0,14.0,14.0,0,0.0,0.0
2004-10-12 00:00:00-04:00,14.0,14.0,14.0,14.0,0,0.0,0.0
2004-10-13 00:00:00-04:00,14.699999809265137,14.699999809265137,14.0,14.0,143,0.0,0.0
2004-10-14 00:00:00-04:00,14.0,14.0,14.0,14.0,0,0.0,0.0
2004-10-15 00:00:00-04:00,14.0,14.0,14.0,14.0,0,0.0,0.0
2004-10-18 00:00:00-04:00,14.0,14.0,14.0,14.0,0,0.0,0.0
2004-10-19 00:00:00-04:00,14.0,14.0,14.0,14.0,0,0.0,0.0
2004-10-20 00:00:00-04:00,14.0,14.0,14.0,14.0,0,0.0,0.0
2004-10-21 00:00:00-04:00,14.0,14.0,14.0,14.0,0,0.0,0.0
2004-10-22 00:00:00-04:00,14.0,14.0,14.0,14.0,0,0.0,0.0
2004-10-25 00:00:00-04:00,14.0,14.0,14.0,14.0,0,0.0,0.0
2004-10-26 00:00:00-04:00,14.0,14.0,14.0,14.0,0,0.0,0.0
2004-10-27 00:00:00-04:00,4.900000095367432,4.900000095367432,4.900000095367432,4.900000095367432,7,0.0,0.0
2004-10-28 00:00:00-04:00,14.699999809265137,14.699999809265137,14.0,14.0,71,0.0,0.0
2004-10-29 00:00:00-04:00,14.0,14.0,14.0,14.0,36,0.0,0.0
2004-11-01 00:00:00-05:00,14.0,14.0,14.0,14.0,0,0.0,0.0
2004-11-02 00:00:00-05:00,14.0,14.0,14.0,14.0,0,0.0,0.0
2004-11-03 00:00:00-05:00,14.0,14.0,14.0,14.0,0,0.0,0.0
2004-11-04 00:00:00-05:00,14.0,14.0,14.0,14.0,0,0.0,0.0
2004-11-05 00:00:00-05:00,14.0,14.0,14.0,14.0,0,0.0,0.0
2004-11-08 00:00:00-05:00,14.699999809265137,14.699999809265137,9.100000381469727,14.699999809265137,71,0.0,0.0
2004-11-09 00:00:00-05:00,4.900000095367432,14.699999809265137,4.900000095367432,14.699999809265137,57,0.0,0.0
2004-11-10 00:00:00-05:00,14.699999809265137,14.699999809265137,4.900000095367432,14.140000343322754,236,0.0,0.0
2004-11-11 00:00:00-05:00,14.140000343322754,14.140000343322754,14.140000343322754,14.140000343322754,107,0.0,0.0
2004-11-12 00:00:00-05:00,14.140000343322754,14.140000343322754,14.140000343322754,14.140000343322754,0,0.0,0.0
2004-11-15 00:00:00-05:00,14.140000343322754,14.140000343322754,14.140000343322754,14.140000343322754,0,0.0,0.0
2004-11-16 00:00:00-05:00,14.140000343322754,14.140000343322754,14.140000343322754,14.140000343322754,0,0.0,0.0
2004-11-17 00:00:00-05:00,14.140000343322754,14.140000343322754,14.140000343322754,14.140000343322754,0,0.0,0.0
2004-11-18 00:00:00-05:00,14.140000343322754,14.140000343322754,14.140000343322754,14.140000343322754,0,0.0,0.0
2004-11-19 00:00:00-05:00,14.140000343322754,14.140000343322754,14.140000343322754,14.140000343322754,0,0.0,0.0
2004-11-22 00:00:00-05:00,14.0,14.0,14.0,14.0,7,0.0,0.0
2004-11-23 00:00:00-05:00,14.0,14.0,13.300000190734863,13.300000190734863,114,0.0,0.0
2004-11-24 00:00:00-05:00,13.300000190734863,13.300000190734863,13.300000190734863,13.300000190734863,0,0.0,0.0
2004-11-26 00:00:00-05:00,13.300000190734863,13.300000190734863,13.300000190734863,13.300000190734863,0,0.0,0.0
2004-11-29 00:00:00-05:00,13.300000190734863,13.300000190734863,13.300000190734863,13.300000190734863,0,0.0,0.0
2004-11-30 00:00:00-05:00,13.300000190734863,13.300000190734863,13.300000190734863,13.300000190734863,0,0.0,0.0
2004-12-01 00:00:00-05:00,13.300000190734863,13.300000190734863,13.300000190734863,13.300000190734863,0,0.0,0.0
2004-12-02 00:00:00-05:00,13.300000190734863,13.300000190734863,13.300000190734863,13.300000190734863,0,0.0,0.0
2004-12-03 00:00:00-05:00,13.300000190734863,13.300000190734863,13.300000190734863,13.300000190734863,0,0.0,0.0
2004-12-06 00:00:00-05:00,13.300000190734863,13.300000190734863,13.300000190734863,13.300000190734863,0,0.0,0.0
2004-12-07 00:00:00-05:00,13.300000190734863,13.300000190734863,13.300000190734863,13.300000190734863,0,0.0,0.0
2004-12-08 00:00:00-05:00,13.300000190734863,13.300000190734863,13.300000190734863,13.300000190734863,0,0.0,0.0
2004-12-09 00:00:00-05:00,13.300000190734863,13.300000190734863,13.300000190734863,13.300000190734863,0,0.0,0.0
2004-12-10 00:00:00-05:00,13.300000190734863,13.300000190734863,13.300000190734863,13.300000190734863,0,0.0,0.0
2004-12-13 00:00:00-05:00,13.300000190734863,13.300000190734863,13.300000190734863,13.300000190734863,0,0.0,0.0
2004-12-14 00:00:00-05:00,7.139999866485596,13.300000190734863,7.139999866485596,13.300000190734863,86,0.0,0.0
2004-12-15 00:00:00-05:00,13.300000190734863,13.300000190734863,13.300000190734863,13.300000190734863,0,0.0,0.0
2004-12-16 00:00:00-05:00,13.300000190734863,13.300000190734863,13.300000190734863,13.300000190734863,0,0.0,0.0
2004-12-17 00:00:00-05:00,13.300000190734863,13.300000190734863,13.300000190734863,13.300000190734863,0,0.0,0.0
2004-12-20 00:00:00-05:00,7.139999866485596,7.139999866485596,7.139999866485596,7.139999866485596,179,0.0,0.0
2004-12-21 00:00:00-05:00,7.139999866485596,7.139999866485596,7.139999866485596,7.139999866485596,0,0.0,0.0
2004-12-22 00:00:00-05:00,4.900000095367432,4.900000095367432,4.900000095367432,4.900000095367432,14,0.0,0.0
2004-12-23 00:00:00-05:00,4.900000095367432,4.900000095367432,4.900000095367432,4.900000095367432,0,0.0,0.0
2004-12-27 00:00:00-05:00,10.5,10.5,10.5,10.5,143,0.0,0.0
2004-12-28 00:00:00-05:00,10.5,10.5,10.5,10.5,0,0.0,0.0
2004-12-29 00:00:00-05:00,10.5,10.5,10.5,10.5,0,0.0,0.0
2004-12-30 00:00:00-05:00,10.5,10.5,10.5,10.5,0,0.0,0.0
2004-12-31 00:00:00-05:00,10.5,10.5,10.5,10.5,71,0.0,0.0
2005-01-03 00:00:00-05:00,10.5,10.5,10.5,10.5,0,0.0,0.0
2005-01-04 00:00:00-05:00,10.5,10.5,10.5,10.5,143,0.0,0.0
2005-01-05 00:00:00-05:00,10.5,10.5,10.5,10.5,0,0.0,0.0
2005-01-06 00:00:00-05:00,10.5,10.5,10.5,10.5,0,0.0,0.0
2005-01-07 00:00:00-05:00,4.900000095367432,7.139999866485596,4.900000095367432,7.139999866485596,571,0.0,0.0
2005-01-10 00:00:00-05:00,6.300000190734863,7.139999866485596,4.900000095367432,4.900000095367432,1236,0.0,0.0
2005-01-11 00:00:00-05:00,4.900000095367432,5.599999904632568,4.900000095367432,5.460000038146973,1429,0.0,0.0
2005-01-12 00:00:00-05:00,5.460000038146973,5.460000038146973,5.460000038146973,5.460000038146973,0,0.0,0.0
2005-01-13 00:00:00-05:00,7.139999866485596,7.139999866485596,4.900000095367432,4.900000095367432,193,0.0,0.0
2005-01-14 00:00:00-05:00,4.900000095367432,4.900000095367432,4.900000095367432,4.900000095367432,0,0.0,0.0
2005-01-18 00:00:00-05:00,10.5,10.5,9.800000190734863,9.800000190734863,357,0.0,0.0
2005-01-19 00:00:00-05:00,9.800000190734863,9.800000190734863,9.800000190734863,9.800000190734863,0,0.0,0.0
2005-01-20 00:00:00-05:00,9.800000190734863,9.800000190734863,9.800000190734863,9.800000190734863,0,0.0,0.0
2005-01-21 00:00:00-05:00,9.800000190734863,9.800000190734863,9.800000190734863,9.800000190734863,0,0.0,0.0
2005-01-24 00:00:00-05:00,9.100000381469727,9.100000381469727,9.100000381469727,9.100000381469727,179,0.0,0.0
2005-01-25 00:00:00-05:00,9.100000381469727,9.100000381469727,9.100000381469727,9.100000381469727,0,0.0,0.0
2005-01-26 00:00:00-05:00,9.100000381469727,9.100000381469727,9.100000381469727,9.100000381469727,0,0.0,0.0
2005-01-27 00:00:00-05:00,7.139999866485596,7.139999866485596,4.900000095367432,4.900000095367432,236,0.0,0.0
2005-01-28 00:00:00-05:00,4.900000095367432,4.900000095367432,4.900000095367432,4.900000095367432,0,0.0,0.0
2005-01-31 00:00:00-05:00,4.900000095367432,4.900000095367432,4.900000095367432,4.900000095367432,0,0.0,0.0
2005-02-01 00:00:00-05:00,9.800000190734863,14.140000343322754,8.399999618530273,8.399999618530273,521,0.0,0.0
2005-02-02 00:00:00-05:00,8.399999618530273,8.399999618530273,8.399999618530273,8.399999618530273,0,0.0,0.0
2005-02-03 00:00:00-05:00,11.199999809265137,11.199999809265137,11.199999809265137,11.199999809265137,107,0.0,0.0
2005-02-04 00:00:00-05:00,11.199999809265137,11.199999809265137,11.199999809265137,11.199999809265137,0,0.0,0.0
2005-02-07 00:00:00-05:00,7.139999866485596,7.139999866485596,7.139999866485596,7.139999866485596,179,0.0,0.0
2005-02-08 00:00:00-05:00,7.139999866485596,7.139999866485596,7.139999866485596,7.139999866485596,0,0.0,0.0
2005-02-09 00:00:00-05:00,7.139999866485596,7.139999866485596,7.139999866485596,7.139999866485596,0,0.0,0.0
2005-02-10 00:00:00-05:00,9.100000381469727,9.100000381469727,9.100000381469727,9.100000381469727,143,0.0,0.0
2005-02-11 00:00:00-05:00,9.100000381469727,9.100000381469727,9.100000381469727,9.100000381469727,0,0.0,0.0
2005-02-14 00:00:00-05:00,9.100000381469727,9.100000381469727,9.100000381469727,9.100000381469727,0,0.0,0.0
2005-02-15 00:00:00-05:00,9.100000381469727,9.100000381469727,9.100000381469727,9.100000381469727,0,0.0,0.0
2005-02-16 00:00:00-05:00,10.5,10.5,10.5,10.5,64,0.0,0.0
2005-02-17 00:00:00-05:00,10.5,10.5,10.5,10.5,0,0.0,0.0
2005-02-18 00:00:00-05:00,10.5,10.5,10.5,10.5,0,0.0,0.0
2005-02-22 00:00:00-05:00,10.5,10.5,10.5,10.5,0,0.0,0.0
2005-02-23 00:00:00-05:00,10.5,10.5,10.5,10.5,0,0.0,0.0
2005-02-24 00:00:00-05:00,10.5,10.5,10.5,10.5,0,0.0,0.0
2005-02-25 00:00:00-05:00,10.5,10.5,10.5,10.5,0,0.0,0.0
2005-02-28 00:00:00-05:00,10.5,10.5,10.5,10.5,0,0.0,0.0
2005-03-01 00:00:00-05:00,10.5,10.5,10.5,10.5,0,0.0,0.0
2005-03-02 00:00:00-05:00,7.139999866485596,7.699999809265137,5.599999904632568,6.300000190734863,3000,0.0,0.0
2005-03-03 00:00:00-05:00,4.199999809265137,4.199999809265137,4.199999809265137,4.199999809265137,14,0.0,0.0
2005-03-04 00:00:00-05:00,7.139999866485596,7.139999866485596,5.599999904632568,5.739999771118164,1143,0.0,0.0
2005-03-07 00:00:00-05:00,5.739999771118164,5.739999771118164,5.739999771118164,5.739999771118164,0,0.0,0.0
2005-03-08 00:00:00-05:00,5.739999771118164,5.739999771118164,5.739999771118164,5.739999771118164,0,0.0,0.0
2005-03-09 00:00:00-05:00,5.739999771118164,5.739999771118164,5.739999771118164,5.739999771118164,0,0.0,0.0
2005-03-10 00:00:00-05:00,5.739999771118164,5.739999771118164,5.739999771118164,5.739999771118164,0,0.0,0.0
2005-03-11 00:00:00-05:00,5.739999771118164,5.739999771118164,5.739999771118164,5.739999771118164,0,0.0,0.0
2005-03-14 00:00:00-05:00,8.399999618530273,9.100000381469727,8.399999618530273,9.100000381469727,536,0.0,0.0
2005-03-15 00:00:00-05:00,14.0,14.0,13.300000190734863,14.0,721,0.0,0.0
2005-03-16 00:00:00-05:00,14.0,14.0,14.0,14.0,0,0.0,0.0
2005-03-17 00:00:00-05:00,13.720000267028809,13.720000267028809,13.720000267028809,13.720000267028809,143,0.0,0.0
2005-03-18 00:00:00-05:00,13.720000267028809,13.720000267028809,13.720000267028809,13.720000267028809,0,0.0,0.0
2005-03-21 00:00:00-05:00,9.800000190734863,9.800000190734863,9.800000190734863,9.800000190734863,179,0.0,0.0
2005-03-22 00:00:00-05:00,9.800000190734863,9.800000190734863,9.800000190734863,9.800000190734863,0,0.0,0.0
2005-03-23 00:00:00-05:00,9.800000190734863,9.800000190734863,9.800000190734863,9.800000190734863,0,0.0,0.0
2005-03-24 00:00:00-05:00,9.800000190734863,9.800000190734863,9.800000190734863,9.800000190734863,0,0.0,0.0
2005-03-28 00:00:00-05:00,9.800000190734863,9.800000190734863,9.800000190734863,9.800000190734863,0,0.0,0.0
2005-03-29 00:00:00-05:00,9.800000190734863,9.800000190734863,9.800000190734863,9.800000190734863,0,0.0,0.0
2005-03-30 00:00:00-05:00,14.140000343322754,14.140000343322754,14.140000343322754,14.140000343322754,7,0.0,0.0
2005-03-31 00:00:00-05:00,14.140000343322754,14.140000343322754,14.140000343322754,14.140000343322754,0,0.0,0.0
2005-04-01 00:00:00-05:00,14.140000343322754,14.140000343322754,14.140000343322754,14.140000343322754,0,0.0,0.0
2005-04-04 00:00:00-04:00,14.140000343322754,14.140000343322754,14.140000343322754,14.140000343322754,0,0.0,0.0
2005-04-05 00:00:00-04:00,14.140000343322754,14.140000343322754,14.140000343322754,14.140000343322754,0,0.0,0.0
2005-04-06 00:00:00-04:00,14.140000343322754,14.140000343322754,14.140000343322754,14.140000343322754,0,0.0,0.0
2005-04-07 00:00:00-04:00,14.140000343322754,14.140000343322754,14.140000343322754,14.140000343322754,0,0.0,0.0
2005-04-08 00:00:00-04:00,14.140000343322754,14.140000343322754,14.140000343322754,14.140000343322754,0,0.0,0.0
2005-04-11 00:00:00-04:00,14.140000343322754,14.140000343322754,14.140000343322754,14.140000343322754,0,0.0,0.0
2005-04-12 00:00:00-04:00,14.140000343322754,14.140000343322754,14.140000343322754,14.140000343322754,0,0.0,0.0
2005-04-13 00:00:00-04:00,14.140000343322754,14.140000343322754,14.140000343322754,14.140000343322754,0,0.0,0.0
2005-04-14 00:00:00-04:00,14.140000343322754,14.140000343322754,14.140000343322754,14.140000343322754,0,0.0,0.0
2005-04-15 00:00:00-04:00,14.140000343322754,14.140000343322754,14.140000343322754,14.140000343322754,0,0.0,0.0
2005-04-18 00:00:00-04:00,14.140000343322754,14.140000343322754,14.140000343322754,14.140000343322754,0,0.0,0.0
2005-04-19 00:00:00-04:00,7.139999866485596,7.139999866485596,7.139999866485596,7.139999866485596,36,0.0,0.0
2005-04-20 00:00:00-04:00,13.300000190734863,13.300000190734863,13.300000190734863,13.300000190734863,21,0.0,0.0
2005-04-21 00:00:00-04:00,13.300000190734863,13.300000190734863,13.300000190734863,13.300000190734863,0,0.0,0.0
2005-04-22 00:00:00-04:00,13.300000190734863,13.300000190734863,13.300000190734863,13.300000190734863,0,0.0,0.0
2005-04-25 00:00:00-04:00,13.300000190734863,13.300000190734863,13.300000190734863,13.300000190734863,0,0.0,0.0
2005-04-26 00:00:00-04:00,13.300000190734863,13.300000190734863,13.300000190734863,13.300000190734863,0,0.0,0.0
2005-04-27 00:00:00-04:00,13.300000190734863,13.300000190734863,13.300000190734863,13.300000190734863,0,0.0,0.0
2005-04-28 00:00:00-04:00,13.300000190734863,13.300000190734863,13.300000190734863,13.300000190734863,0,0.0,0.0
2005-04-29 00:00:00-04:00,5.599999904632568,5.739999771118164,5.599999904632568,5.739999771118164,1429,0.0,0.0
2005-05-02 00:00:00-04:00,5.739999771118164,5.739999771118164,5.739999771118164,5.739999771118164,0,0.0,0.0
2005-05-03 00:00:00-04:00,5.739999771118164,5.739999771118164,5.739999771118164,5.739999771118164,0,0.0,0.0
2005-05-04 00:00:00-04:00,7.420000076293945,7.420000076293945,7.420000076293945,7.420000076293945,0,0.0,0.0
2005-05-05 00:00:00-04:00,7.420000076293945,7.420000076293945,7.420000076293945,7.420000076293945,0,0.0,0.0
2005-05-06 00:00:00-04:00,7.420000076293945,7.420000076293945,7.420000076293945,7.420000076293945,0,0.0,0.0
2005-05-09 00:00:00-04:00,7.420000076293945,7.420000076293945,7.420000076293945,7.420000076293945,0,0.0,0.0
2005-05-10 00:00:00-04:00,7.420000076293945,7.420000076293945,7.420000076293945,7.420000076293945,0,0.0,0.0
2005-05-11 00:00:00-04:00,7.420000076293945,7.420000076293945,7.420000076293945,7.420000076293945,0,0.0,0.0
2005-05-12 00:00:00-04:00,7.420000076293945,7.420000076293945,7.420000076293945,7.420000076293945,0,0.0,0.0
2005-05-13 00:00:00-04:00,7.420000076293945,7.420000076293945,7.420000076293945,7.420000076293945,0,0.0,0.0
2005-05-16 00:00:00-04:00,7.420000076293945,7.420000076293945,7.420000076293945,7.420000076293945,0,0.0,0.0
2005-05-17 00:00:00-04:00,7.420000076293945,7.420000076293945,7.420000076293945,7.420000076293945,0,0.0,0.0
2005-05-18 00:00:00-04:00,7.420000076293945,7.420000076293945,7.420000076293945,7.420000076293945,0,0.0,0.0
2005-05-19 00:00:00-04:00,7.420000076293945,7.420000076293945,7.420000076293945,7.420000076293945,0,0.0,0.0
2005-05-20 00:00:00-04:00,7.420000076293945,7.420000076293945,7.420000076293945,7.420000076293945,0,0.0,0.0
2005-05-23 00:00:00-04:00,8.399999618530273,8.399999618530273,8.399999618530273,8.399999618530273,179,0.0,0.0
2005-05-24 00:00:00-04:00,8.399999618530273,8.399999618530273,8.399999618530273,8.399999618530273,0,0.0,0.0
2005-05-25 00:00:00-04:00,8.399999618530273,8.399999618530273,8.399999618530273,8.399999618530273,0,0.0,0.0
2005-05-26 00:00:00-04:00,8.399999618530273,8.399999618530273,8.399999618530273,8.399999618530273,0,0.0,0.0
2005-05-27 00:00:00-04:00,8.119999885559082,8.119999885559082,8.119999885559082,8.119999885559082,143,0.0,0.0
2005-05-31 00:00:00-04:00,8.119999885559082,8.399999618530273,7.840000152587891,7.840000152587891,929,0.0,0.0
2005-06-01 00:00:00-04:00,7.699999809265137,7.699999809265137,7.699999809265137,7.699999809265137,179,0.0,0.0
2005-06-02 00:00:00-04:00,7.699999809265137,7.699999809265137,7.699999809265137,7.699999809265137,0,0.0,0.0
2005-06-03 00:00:00-04:00,7.699999809265137,7.699999809265137,7.699999809265137,7.699999809265137,0,0.0,0.0
2005-06-06 00:00:00-04:00,7.699999809265137,7.699999809265137,7.699999809265137,7.699999809265137,0,0.0,0.0
2005-06-07 00:00:00-04:00,7.699999809265137,7.699999809265137,7.699999809265137,7.699999809265137,0,0.0,0.0
2005-06-08 00:00:00-04:00,7.699999809265137,7.699999809265137,7.699999809265137,7.699999809265137,0,0.0,0.0
2005-06-09 00:00:00-04:00,7.699999809265137,7.699999809265137,7.699999809265137,7.699999809265137,536,0.0,0.0
2005-06-10 00:00:00-04:00,7.699999809265137,7.699999809265137,7.699999809265137,7.699999809265137,0,0.0,0.0
2005-06-13 00:00:00-04:00,5.739999771118164,5.739999771118164,5.739999771118164,5.739999771118164,21,0.0,0.0
2005-06-14 00:00:00-04:00,5.739999771118164,5.739999771118164,5.739999771118164,5.739999771118164,0,0.0,0.0
2005-06-15 00:00:00-04:00,5.739999771118164,5.739999771118164,5.739999771118164,5.739999771118164,0,0.0,0.0
2005-06-16 00:00:00-04:00,5.739999771118164,5.739999771118164,5.739999771118164,5.739999771118164,0,0.0,0.0
2005-06-17 00:00:00-04:00,5.739999771118164,5.739999771118164,5.739999771118164,5.739999771118164,0,0.0,0.0
2005-06-20 00:00:00-04:00,5.739999771118164,5.739999771118164,5.739999771118164,5.739999771118164,14,0.0,0.0
2005-06-21 00:00:00-04:00,5.739999771118164,5.739999771118164,5.739999771118164,5.739999771118164,0,0.0,0.0
2005-06-22 00:00:00-04:00,5.739999771118164,5.739999771118164,5.739999771118164,5.739999771118164,0,0.0,0.0
2005-06-23 00:00:00-04:00,5.739999771118164,5.739999771118164,5.739999771118164,5.739999771118164,0,0.0,0.0
2005-06-24 00:00:00-04:00,5.739999771118164,5.739999771118164,5.739999771118164,5.739999771118164,0,0.0,0.0
2005-06-27 00:00:00-04:00,5.739999771118164,5.739999771118164,5.739999771118164,5.739999771118164,0,0.0,0.0
2005-06-28 00:00:00-04:00,5.739999771118164,5.739999771118164,5.739999771118164,5.739999771118164,21,0.0,0.0
2005-06-29 00:00:00-04:00,5.739999771118164,5.739999771118164,5.739999771118164,5.739999771118164,0,0.0,0.0
2005-06-30 00:00:00-04:00,5.739999771118164,5.739999771118164,5.739999771118164,5.739999771118164,0,0.0,0.0
2005-07-01 00:00:00-04:00,5.599999904632568,5.739999771118164,5.599999904632568,5.739999771118164,714,0.0,0.0
2005-07-05 00:00:00-04:00,5.739999771118164,5.739999771118164,5.739999771118164,5.739999771118164,0,0.0,0.0
2005-07-06 00:00:00-04:00,5.739999771118164,5.739999771118164,5.739999771118164,5.739999771118164,0,0.0,0.0
2005-07-07 00:00:00-04:00,7.139999866485596,7.139999866485596,7.139999866485596,7.139999866485596,179,0.0,0.0
2005-07-08 00:00:00-04:00,7.139999866485596,7.139999866485596,7.139999866485596,7.139999866485596,0,0.0,0.0
2005-07-11 00:00:00-04:00,7.139999866485596,7.139999866485596,7.139999866485596,7.139999866485596,0,0.0,0.0
2005-07-12 00:00:00-04:00,7.139999866485596,7.139999866485596,7.139999866485596,7.139999866485596,7,0.0,0.0
2005-07-13 00:00:00-04:00,7.139999866485596,7.139999866485596,7.139999866485596,7.139999866485596,0,0.0,0.0
2005-07-14 00:00:00-04:00,7.139999866485596,7.139999866485596,7.139999866485596,7.139999866485596,0,0.0,0.0
2005-07-15 00:00:00-04:00,4.900000095367432,4.900000095367432,4.900000095367432,4.900000095367432,14,0.0,0.0
2005-07-18 00:00:00-04:00,7.139999866485596,7.139999866485596,7.139999866485596,7.139999866485596,179,0.0,0.0
2005-07-19 00:00:00-04:00,7.139999866485596,7.139999866485596,7.139999866485596,7.139999866485596,0,0.0,0.0
2005-07-20 00:00:00-04:00,7.139999866485596,7.139999866485596,7.139999866485596,7.139999866485596,0,0.0,0.0
2005-07-21 00:00:00-04:00,7.139999866485596,7.139999866485596,7.139999866485596,7.139999866485596,0,0.0,0.0
2005-07-22 00:00:00-04:00,7.139999866485596,7.139999866485596,7.139999866485596,7.139999866485596,0,0.0,0.0
2005-07-25 00:00:00-04:00,7.139999866485596,7.139999866485596,7.139999866485596,7.139999866485596,0,0.0,0.0
2005-07-26 00:00:00-04:00,7.139999866485596,7.139999866485596,7.139999866485596,7.139999866485596,0,0.0,0.0
2005-07-27 00:00:00-04:00,7.139999866485596,7.139999866485596,7.139999866485596,7.139999866485596,0,0.0,0.0
2005-07-28 00:00:00-04:00,7.139999866485596,7.139999866485596,7.139999866485596,7.139999866485596,221,0.0,0.0
2005-07-29 00:00:00-04:00,7.139999866485596,14.140000343322754,6.300000190734863,13.300000190734863,607,0.0,0.0
2005-08-01 00:00:00-04:00,13.300000190734863,13.300000190734863,13.300000190734863,13.300000190734863,0,0.0,0.0
2005-08-02 00:00:00-04:00,10.5,10.5,9.800000190734863,9.800000190734863,1321,0.0,0.0
2005-08-03 00:00:00-04:00,9.800000190734863,9.800000190734863,9.800000190734863,9.800000190734863,0,0.0,0.0
2005-08-04 00:00:00-04:00,9.800000190734863,9.800000190734863,9.800000190734863,9.800000190734863,357,0.0,0.0
2005-08-05 00:00:00-04:00,9.800000190734863,9.800000190734863,9.800000190734863,9.800000190734863,0,0.0,0.0
2005-08-08 00:00:00-04:00,9.800000190734863,9.800000190734863,9.800000190734863,9.800000190734863,0,0.0,0.0
2005-08-09 00:00:00-04:00,9.800000190734863,9.800000190734863,9.800000190734863,9.800000190734863,0,0.0,0.0
2005-08-10 00:00:00-04:00,9.800000190734863,9.800000190734863,9.800000190734863,9.800000190734863,0,0.0,0.0
2005-08-11 00:00:00-04:00,9.800000190734863,9.800000190734863,9.800000190734863,9.800000190734863,0,0.0,0.0
2005-08-12 00:00:00-04:00,9.800000190734863,9.800000190734863,9.800000190734863,9.800000190734863,107,0.0,0.0
2005-08-15 00:00:00-04:00,9.800000190734863,9.800000190734863,9.800000190734863,9.800000190734863,0,0.0,0.0
2005-08-16 00:00:00-04:00,9.800000190734863,9.800000190734863,9.800000190734863,9.800000190734863,0,0.0,0.0
2005-08-17 00:00:00-04:00,9.800000190734863,9.800000190734863,9.800000190734863,9.800000190734863,0,0.0,0.0
2005-08-18 00:00:00-04:00,9.800000190734863,9.800000190734863,6.860000133514404,6.860000133514404,236,0.0,0.0
2005-08-19 00:00:00-04:00,6.860000133514404,7.0,5.599999904632568,5.739999771118164,6214,0.0,0.0
2005-08-22 00:00:00-04:00,6.159999847412109,6.159999847412109,6.159999847412109,6.159999847412109,357,0.0,0.0
2005-08-23 00:00:00-04:00,6.159999847412109,6.159999847412109,6.159999847412109,6.159999847412109,0,0.0,0.0
2005-08-24 00:00:00-04:00,6.159999847412109,6.159999847412109,6.159999847412109,6.159999847412109,0,0.0,0.0
2005-08-25 00:00:00-04:00,6.579999923706055,6.579999923706055,6.579999923706055,6.579999923706055,71,0.0,0.0
2005-08-26 00:00:00-04:00,6.579999923706055,6.579999923706055,6.579999923706055,6.579999923706055,0,0.0,0.0
2005-08-29 00:00:00-04:00,6.579999923706055,6.579999923706055,6.579999923706055,6.579999923706055,0,0.0,0.0
2005-08-30 00:00:00-04:00,5.739999771118164,5.880000114440918,5.739999771118164,5.880000114440918,714,0.0,0.0
2005-08-31 00:00:00-04:00,5.880000114440918,5.880000114440918,5.880000114440918,5.880000114440918,0,0.0,0.0
2005-09-01 00:00:00-04:00,5.880000114440918,5.880000114440918,5.880000114440918,5.880000114440918,0,0.0,0.0
2005-09-02 00:00:00-04:00,5.880000114440918,5.880000114440918,5.880000114440918,5.880000114440918,0,0.0,0.0
2005-09-06 00:00:00-04:00,5.739999771118164,5.739999771118164,5.320000171661377,5.320000171661377,1429,0.0,0.0
2005-09-07 00:00:00-04:00,5.320000171661377,5.320000171661377,5.320000171661377,5.320000171661377,0,0.0,0.0
2005-09-08 00:00:00-04:00,5.880000114440918,5.880000114440918,5.880000114440918,5.880000114440918,71,0.0,0.0
2005-09-09 00:00:00-04:00,5.880000114440918,5.880000114440918,5.880000114440918,5.880000114440918,0,0.0,0.0
2005-09-12 00:00:00-04:00,5.880000114440918,5.880000114440918,5.880000114440918,5.880000114440918,0,0.0,0.0
2005-09-13 00:00:00-04:00,5.320000171661377,5.320000171661377,5.320000171661377,5.320000171661377,443,0.0,0.0
2005-09-14 00:00:00-04:00,5.320000171661377,5.320000171661377,5.320000171661377,5.320000171661377,1114,0.0,0.0
2005-09-15 00:00:00-04:00,5.320000171661377,5.599999904632568,5.320000171661377,5.599999904632568,6364,0.0,0.0
2005-09-16 00:00:00-04:00,5.599999904632568,5.599999904632568,5.599999904632568,5.599999904632568,0,0.0,0.0
2005-09-19 00:00:00-04:00,5.599999904632568,5.599999904632568,5.599999904632568,5.599999904632568,0,0.0,0.0
2005-09-20 00:00:00-04:00,5.880000114440918,5.880000114440918,5.880000114440918,5.880000114440918,3571,0.0,0.0
2005-09-21 00:00:00-04:00,5.460000038146973,5.460000038146973,5.460000038146973,5.460000038146973,71,0.0,0.0
2005-09-22 00:00:00-04:00,5.880000114440918,7.0,5.460000038146973,5.460000038146973,2507,0.0,0.0
2005-09-23 00:00:00-04:00,5.460000038146973,5.460000038146973,5.460000038146973,5.460000038146973,0,0.0,0.0
2005-09-26 00:00:00-04:00,5.460000038146973,5.460000038146973,5.460000038146973,5.460000038146973,0,0.0,0.0
2005-09-27 00:00:00-04:00,5.460000038146973,5.460000038146973,5.460000038146973,5.460000038146973,0,0.0,0.0
2005-09-28 00:00:00-04:00,5.460000038146973,5.460000038146973,5.460000038146973,5.460000038146973,0,0.0,0.0
2005-09-29 00:00:00-04:00,5.460000038146973,5.460000038146973,5.460000038146973,5.460000038146973,0,0.0,0.0
2005-09-30 00:00:00-04:00,5.460000038146973,5.460000038146973,5.460000038146973,5.460000038146973,0,0.0,0.0
2005-10-03 00:00:00-04:00,5.460000038146973,5.460000038146973,5.460000038146973,5.460000038146973,0,0.0,0.0
2005-10-04 00:00:00-04:00,5.460000038146973,5.460000038146973,5.460000038146973,5.460000038146973,0,0.0,0.0
2005-10-05 00:00:00-04:00,5.460000038146973,5.460000038146973,5.460000038146973,5.460000038146973,0,0.0,0.0
2005-10-06 00:00:00-04:00,5.599999904632568,5.599999904632568,5.599999904632568,5.599999904632568,357,0.0,0.0
2005-10-07 00:00:00-04:00,5.599999904632568,5.599999904632568,5.599999904632568,5.599999904632568,0,0.0,0.0
2005-10-10 00:00:00-04:00,5.599999904632568,5.599999904632568,5.599999904632568,5.599999904632568,0,0.0,0.0
2005-10-11 00:00:00-04:00,4.480000019073486,4.480000019073486,4.480000019073486,4.480000019073486,36,0.0,0.0
2005-10-12 00:00:00-04:00,4.480000019073486,4.480000019073486,4.480000019073486,4.480000019073486,0,0.0,0.0
2005-10-13 00:00:00-04:00,4.199999809265137,4.480000019073486,4.199999809265137,4.480000019073486,10821,0.0,0.0
2005-10-14 00:00:00-04:00,4.480000019073486,4.480000019073486,4.480000019073486,4.480000019073486,0,0.0,0.0
2005-10-17 00:00:00-04:00,4.480000019073486,4.480000019073486,4.480000019073486,4.480000019073486,0,0.0,0.0
2005-10-18 00:00:00-04:00,4.199999809265137,4.199999809265137,4.199999809265137,4.199999809265137,10714,0.0,0.0
2005-10-19 00:00:00-04:00,5.599999904632568,7.699999809265137,5.599999904632568,7.699999809265137,1429,0.0,0.0
2005-10-20 00:00:00-04:00,7.699999809265137,7.699999809265137,7.699999809265137,7.699999809265137,357,0.0,0.0
2005-10-21 00:00:00-04:00,5.599999904632568,8.399999618530273,5.599999904632568,8.119999885559082,9643,0.0,0.0
2005-10-24 00:00:00-04:00,9.100000381469727,9.100000381469727,7.699999809265137,7.699999809265137,3614,0.0,0.0
2005-10-25 00:00:00-04:00,7.699999809265137,8.399999618530273,7.0,8.399999618530273,8486,0.0,0.0
2005-10-26 00:00:00-04:00,8.399999618530273,8.399999618530273,8.399999618530273,8.399999618530273,0,0.0,0.0
2005-10-27 00:00:00-04:00,8.119999885559082,8.119999885559082,8.119999885559082,8.119999885559082,500,0.0,0.0
2005-10-28 00:00:00-04:00,8.119999885559082,8.119999885559082,8.119999885559082,8.119999885559082,0,0.0,0.0
2005-10-31 00:00:00-05:00,8.119999885559082,8.119999885559082,8.119999885559082,8.119999885559082,0,0.0,0.0
2005-11-01 00:00:00-05:00,8.119999885559082,8.119999885559082,8.119999885559082,8.119999885559082,0,0.0,0.0
2005-11-02 00:00:00-05:00,7.699999809265137,7.699999809265137,7.699999809265137,7.699999809265137,893,0.0,0.0
2005-11-03 00:00:00-05:00,7.139999866485596,7.139999866485596,7.139999866485596,7.139999866485596,1071,0.0,0.0
2005-11-04 00:00:00-05:00,7.559999942779541,7.559999942779541,7.559999942779541,7.559999942779541,143,0.0,0.0
2005-11-07 00:00:00-05:00,7.559999942779541,7.559999942779541,7.559999942779541,7.559999942779541,0,0.0,0.0
2005-11-08 00:00:00-05:00,7.28000020980835,9.100000381469727,7.28000020980835,9.100000381469727,357,0.0,0.0
2005-11-09 00:00:00-05:00,9.100000381469727,9.100000381469727,9.100000381469727,9.100000381469727,0,0.0,0.0
2005-11-10 00:00:00-05:00,8.399999618530273,9.100000381469727,8.399999618530273,9.100000381469727,714,0.0,0.0
2005-11-11 00:00:00-05:00,8.399999618530273,8.399999618530273,8.399999618530273,8.399999618530273,321,0.0,0.0
2005-11-14 00:00:00-05:00,8.399999618530273,8.399999618530273,8.399999618530273,8.399999618530273,0,0.0,0.0
2005-11-15 00:00:00-05:00,8.399999618530273,8.399999618530273,8.399999618530273,8.399999618530273,0,0.0,0.0
2005-11-16 00:00:00-05:00,7.699999809265137,9.100000381469727,7.699999809265137,8.399999618530273,1071,0.0,0.0
2005-11-17 00:00:00-05:00,7.840000152587891,9.100000381469727,7.840000152587891,7.840000152587891,1250,0.0,0.0
2005-11-18 00:00:00-05:00,9.100000381469727,9.100000381469727,7.980000019073486,7.980000019073486,221,0.0,0.0
2005-11-21 00:00:00-05:00,8.680000305175781,9.100000381469727,8.680000305175781,9.100000381469727,536,0.0,0.0
2005-11-22 00:00:00-05:00,9.100000381469727,9.100000381469727,8.539999961853027,8.539999961853027,857,0.0,0.0
2005-11-23 00:00:00-05:00,8.399999618530273,8.399999618530273,8.399999618530273,8.399999618530273,14,0.0,0.0
2005-11-25 00:00:00-05:00,8.399999618530273,8.399999618530273,8.399999618530273,8.399999618530273,0,0.0,0.0
2005-11-28 00:00:00-05:00,8.399999618530273,8.399999618530273,8.399999618530273,8.399999618530273,0,0.0,0.0
2005-11-29 00:00:00-05:00,8.399999618530273,8.399999618530273,7.699999809265137,7.699999809265137,593,0.0,0.0
2005-11-30 00:00:00-05:00,7.699999809265137,7.699999809265137,7.699999809265137,7.699999809265137,0,0.0,0.0
2005-12-01 00:00:00-05:00,7.699999809265137,7.699999809265137,7.699999809265137,7.699999809265137,0,0.0,0.0
2005-12-02 00:00:00-05:00,8.119999885559082,8.399999618530273,7.840000152587891,7.840000152587891,1607,0.0,0.0
2005-12-05 00:00:00-05:00,7.840000152587891,7.840000152587891,7.840000152587891,7.840000152587891,0,0.0,0.0
2005-12-06 00:00:00-05:00,7.840000152587891,7.840000152587891,7.840000152587891,7.840000152587891,0,0.0,0.0
2005-12-07 00:00:00-05:00,7.840000152587891,7.840000152587891,7.840000152587891,7.840000152587891,0,0.0,0.0
2005-12-08 00:00:00-05:00,7.840000152587891,7.840000152587891,7.840000152587891,7.840000152587891,0,0.0,0.0
2005-12-09 00:00:00-05:00,7.840000152587891,7.840000152587891,7.840000152587891,7.840000152587891,0,0.0,0.0
2005-12-12 00:00:00-05:00,7.699999809265137,7.699999809265137,7.699999809265137,7.699999809265137,71,0.0,0.0
2005-12-13 00:00:00-05:00,7.699999809265137,7.699999809265137,7.699999809265137,7.699999809265137,0,0.0,0.0
2005-12-14 00:00:00-05:00,7.0,7.0,7.0,7.0,214,0.0,0.0
2005-12-15 00:00:00-05:00,6.300000190734863,6.300000190734863,6.300000190734863,6.300000190734863,893,0.0,0.0
2005-12-16 00:00:00-05:00,6.300000190734863,6.300000190734863,6.300000190734863,6.300000190734863,0,0.0,0.0
2005-12-19 00:00:00-05:00,6.300000190734863,6.300000190734863,6.300000190734863,6.300000190734863,0,0.0,0.0
2005-12-20 00:00:00-05:00,6.300000190734863,6.300000190734863,6.300000190734863,6.300000190734863,0,0.0,0.0
2005-12-21 00:00:00-05:00,6.300000190734863,6.300000190734863,6.300000190734863,6.300000190734863,0,0.0,0.0
2005-12-22 00:00:00-05:00,6.300000190734863,6.300000190734863,6.300000190734863,6.300000190734863,0,0.0,0.0
2005-12-23 00:00:00-05:00,6.300000190734863,7.420000076293945,6.300000190734863,7.420000076293945,986,0.0,0.0
2005-12-27 00:00:00-05:00,8.119999885559082,8.119999885559082,7.420000076293945,8.119999885559082,1307,0.0,0.0
2005-12-28 00:00:00-05:00,8.119999885559082,8.119999885559082,8.119999885559082,8.119999885559082,0,0.0,0.0
2005-12-29 00:00:00-05:00,8.119999885559082,8.119999885559082,8.119999885559082,8.119999885559082,0,0.0,0.0
2005-12-30 00:00:00-05:00,8.119999885559082,8.119999885559082,8.119999885559082,8.119999885559082,0,0.0,0.0
2006-01-03 00:00:00-05:00,8.119999885559082,8.119999885559082,8.119999885559082,8.119999885559082,0,0.0,0.0
2006-01-04 00:00:00-05:00,7.139999866485596,7.139999866485596,6.440000057220459,7.0,250,0.0,0.0
2006-01-05 00:00:00-05:00,7.699999809265137,7.699999809265137,7.699999809265137,7.699999809265137,36,0.0,0.0
2006-01-06 00:00:00-05:00,7.699999809265137,7.699999809265137,7.699999809265137,7.699999809265137,0,0.0,0.0
2006-01-09 00:00:00-05:00,7.699999809265137,7.699999809265137,7.699999809265137,7.699999809265137,0,0.0,0.0
2006-01-10 00:00:00-05:00,7.699999809265137,7.699999809265137,7.699999809265137,7.699999809265137,279,0.0,0.0
2006-01-11 00:00:00-05:00,7.699999809265137,7.699999809265137,7.699999809265137,7.699999809265137,0,0.0,0.0
2006-01-12 00:00:00-05:00,7.699999809265137,7.699999809265137,7.699999809265137,7.699999809265137,536,0.0,0.0
2006-01-13 00:00:00-05:00,7.699999809265137,7.699999809265137,7.699999809265137,7.699999809265137,0,0.0,0.0
2006-01-17 00:00:00-05:00,7.699999809265137,7.699999809265137,7.699999809265137,7.699999809265137,0,0.0,0.0
2006-01-18 00:00:00-05:00,7.28000020980835,7.699999809265137,7.28000020980835,7.699999809265137,793,0.0,0.0
2006-01-19 00:00:00-05:00,7.699999809265137,7.699999809265137,7.699999809265137,7.699999809265137,0,0.0,0.0
2006-01-20 00:00:00-05:00,7.699999809265137,7.699999809265137,7.699999809265137,7.699999809265137,0,0.0,0.0
2006-01-23 00:00:00-05:00,7.699999809265137,7.699999809265137,7.699999809265137,7.699999809265137,357,0.0,0.0
2006-01-24 00:00:00-05:00,9.029999732971191,9.100000381469727,7.699999809265137,7.699999809265137,1607,0.0,0.0
2006-01-25 00:00:00-05:00,8.960000038146973,8.960000038146973,8.399999618530273,8.399999618530273,286,0.0,0.0
2006-01-26 00:00:00-05:00,8.960000038146973,8.960000038146973,8.960000038146973,8.960000038146973,36,0.0,0.0
2006-01-27 00:00:00-05:00,8.960000038146973,8.960000038146973,6.440000057220459,6.440000057220459,164,0.0,0.0
2006-01-30 00:00:00-05:00,6.440000057220459,6.440000057220459,6.440000057220459,6.440000057220459,786,0.0,0.0
2006-01-31 00:00:00-05:00,6.440000057220459,6.440000057220459,6.440000057220459,6.440000057220459,0,0.0,0.0
2006-02-01 00:00:00-05:00,6.71999979019165,7.420000076293945,6.71999979019165,7.0,671,0.0,0.0
2006-02-02 00:00:00-05:00,6.71999979019165,6.71999979019165,6.71999979019165,6.71999979019165,7,0.0,0.0
2006-02-03 00:00:00-05:00,6.71999979019165,6.71999979019165,6.71999979019165,6.71999979019165,0,0.0,0.0
2006-02-06 00:00:00-05:00,7.980000019073486,7.980000019073486,7.699999809265137,7.699999809265137,1250,0.0,0.0
2006-02-07 00:00:00-05:00,7.0,7.0,7.0,7.0,357,0.0,0.0
2006-02-08 00:00:00-05:00,7.0,7.0,7.0,7.0,357,0.0,0.0
2006-02-09 00:00:00-05:00,7.0,7.0,6.860000133514404,6.860000133514404,607,0.0,0.0
2006-02-10 00:00:00-05:00,6.860000133514404,6.860000133514404,6.860000133514404,6.860000133514404,0,0.0,0.0
2006-02-13 00:00:00-05:00,6.860000133514404,6.860000133514404,6.860000133514404,6.860000133514404,0,0.0,0.0
2006-02-14 00:00:00-05:00,6.860000133514404,6.860000133514404,6.860000133514404,6.860000133514404,179,0.0,0.0
2006-02-15 00:00:00-05:00,6.71999979019165,6.71999979019165,6.71999979019165,6.71999979019165,7,0.0,0.0
2006-02-16 00:00:00-05:00,6.71999979019165,6.71999979019165,6.71999979019165,6.71999979019165,300,0.0,0.0
2006-02-17 00:00:00-05:00,6.71999979019165,6.71999979019165,6.71999979019165,6.71999979019165,357,0.0,0.0
2006-02-21 00:00:00-05:00,6.71999979019165,6.71999979019165,6.71999979019165,6.71999979019165,0,0.0,0.0
2006-02-22 00:00:00-05:00,6.579999923706055,6.579999923706055,6.579999923706055,6.579999923706055,43,0.0,0.0
2006-02-23 00:00:00-05:00,6.579999923706055,6.579999923706055,6.579999923706055,6.579999923706055,0,0.0,0.0
2006-02-24 00:00:00-05:00,6.440000057220459,6.440000057220459,6.300000190734863,6.300000190734863,714,0.0,0.0
2006-02-27 00:00:00-05:00,6.300000190734863,6.300000190734863,6.300000190734863,6.300000190734863,0,0.0,0.0
2006-02-28 00:00:00-05:00,5.599999904632568,5.599999904632568,5.599999904632568,5.599999904632568,71,0.0,0.0
2006-03-01 00:00:00-05:00,5.599999904632568,5.599999904632568,5.599999904632568,5.599999904632568,0,0.0,0.0
2006-03-02 00:00:00-05:00,6.300000190734863,6.300000190734863,6.300000190734863,6.300000190734863,36,0.0,0.0
2006-03-03 00:00:00-05:00,6.300000190734863,8.960000038146973,6.300000190734863,8.819999694824219,4621,0.0,0.0
2006-03-06 00:00:00-05:00,9.100000381469727,9.100000381469727,7.840000152587891,9.100000381469727,2321,0.0,0.0
2006-03-07 00:00:00-05:00,9.100000381469727,9.100000381469727,7.840000152587891,9.100000381469727,2607,0.0,0.0
2006-03-08 00:00:00-05:00,8.399999618530273,9.100000381469727,8.399999618530273,9.100000381469727,821,0.0,0.0
2006-03-09 00:00:00-05:00,7.699999809265137,8.960000038146973,7.699999809265137,8.960000038146973,93,0.0,0.0
2006-03-10 00:00:00-05:00,8.819999694824219,9.100000381469727,8.399999618530273,8.960000038146973,3893,0.0,0.0
2006-03-13 00:00:00-05:00,8.960000038146973,8.960000038146973,8.960000038146973,8.960000038146973,0,0.0,0.0
2006-03-14 00:00:00-05:00,8.050000190734863,9.100000381469727,6.579999923706055,9.100000381469727,3179,0.0,0.0
2006-03-15 00:00:00-05:00,8.399999618530273,8.399999618530273,8.399999618530273,8.399999618530273,1786,0.0,0.0
2006-03-16 00:00:00-05:00,8.399999618530273,8.399999618530273,8.399999618530273,8.399999618530273,0,0.0,0.0
2006-03-17 00:00:00-05:00,8.399999618530273,8.399999618530273,8.399999618530273,8.399999618530273,14,0.0,0.0
2006-03-20 00:00:00-05:00,8.399999618530273,8.399999618530273,8.399999618530273,8.399999618530273,0,0.0,0.0
2006-03-21 00:00:00-05:00,8.399999618530273,8.399999618530273,8.399999618530273,8.399999618530273,0,0.0,0.0
2006-03-22 00:00:00-05:00,8.399999618530273,8.399999618530273,8.399999618530273,8.399999618530273,71,0.0,0.0
2006-03-23 00:00:00-05:00,8.399999618530273,8.399999618530273,8.399999618530273,8.399999618530273,0,0.0,0.0
2006-03-24 00:00:00-05:00,8.399999618530273,8.399999618530273,8.399999618530273,8.399999618530273,0,0.0,0.0
2006-03-27 00:00:00-05:00,8.399999618530273,8.399999618530273,8.399999618530273,8.399999618530273,143,0.0,0.0
2006-03-28 00:00:00-05:00,9.100000381469727,9.800000190734863,9.100000381469727,9.800000190734863,321,0.0,0.0
2006-03-29 00:00:00-05:00,9.800000190734863,10.5,9.800000190734863,9.800000190734863,1629,0.0,0.0
2006-03-30 00:00:00-05:00,10.5,10.5,10.079999923706055,10.079999923706055,429,0.0,0.0
2006-03-31 00:00:00-05:00,10.079999923706055,10.079999923706055,10.079999923706055,10.079999923706055,0,0.0,0.0
2006-04-03 00:00:00-04:00,10.5,10.5,10.5,10.5,129,0.0,0.0
2006-04-04 00:00:00-04:00,10.5,10.5,9.800000190734863,10.5,521,0.0,0.0
2006-04-05 00:00:00-04:00,10.5,10.5,9.800000190734863,10.5,1064,0.0,0.0
2006-04-06 00:00:00-04:00,10.5,10.5,10.5,10.5,0,0.0,0.0
2006-04-07 00:00:00-04:00,10.5,10.5,10.5,10.5,0,0.0,0.0
2006-04-10 00:00:00-04:00,9.800000190734863,9.800000190734863,9.100000381469727,9.100000381469727,3464,0.0,0.0
2006-04-11 00:00:00-04:00,9.100000381469727,9.100000381469727,9.100000381469727,9.100000381469727,0,0.0,0.0
2006-04-12 00:00:00-04:00,9.100000381469727,9.100000381469727,9.100000381469727,9.100000381469727,71,0.0,0.0
2006-04-13 00:00:00-04:00,9.100000381469727,9.100000381469727,9.100000381469727,9.100000381469727,0,0.0,0.0
2006-04-17 00:00:00-04:00,8.399999618530273,8.399999618530273,8.399999618530273,8.399999618530273,157,0.0,0.0
2006-04-18 00:00:00-04:00,5.599999904632568,5.599999904632568,5.599999904632568,5.599999904632568,143,0.0,0.0
2006-04-19 00:00:00-04:00,5.599999904632568,5.599999904632568,5.599999904632568,5.599999904632568,0,0.0,0.0
2006-04-20 00:00:00-04:00,7.28000020980835,7.28000020980835,7.28000020980835,7.28000020980835,357,0.0,0.0
2006-04-21 00:00:00-04:00,7.28000020980835,7.28000020980835,7.28000020980835,7.28000020980835,0,0.0,0.0
2006-04-24 00:00:00-04:00,7.28000020980835,7.28000020980835,7.28000020980835,7.28000020980835,21,0.0,0.0
2006-04-25 00:00:00-04:00,7.28000020980835,7.28000020980835,7.28000020980835,7.28000020980835,0,0.0,0.0
2006-04-26 00:00:00-04:00,9.65999984741211,9.65999984741211,9.100000381469727,9.100000381469727,5086,0.0,0.0
2006-04-27 00:00:00-04:00,9.65999984741211,9.65999984741211,9.520000457763672,9.520000457763672,2357,0.0,0.0
2006-04-28 00:00:00-04:00,8.399999618530273,8.399999618530273,8.399999618530273,8.399999618530273,7,0.0,0.0
2006-05-01 00:00:00-04:00,8.399999618530273,8.399999618530273,8.399999618530273,8.399999618530273,0,0.0,0.0
2006-05-02 00:00:00-04:00,9.800000190734863,9.800000190734863,9.800000190734863,9.800000190734863,143,0.0,0.0
2006-05-03 00:00:00-04:00,10.079999923706055,10.079999923706055,10.079999923706055,10.079999923706055,214,0.0,0.0
2006-05-04 00:00:00-04:00,11.199999809265137,11.199999809265137,10.079999923706055,11.199999809265137,600,0.0,0.0
2006-05-05 00:00:00-04:00,11.199999809265137,11.199999809265137,11.199999809265137,11.199999809265137,179,0.0,0.0
2006-05-08 00:00:00-04:00,11.199999809265137,11.199999809265137,11.199999809265137,11.199999809265137,0,0.0,0.0
2006-05-09 00:00:00-04:00,11.199999809265137,12.600000381469727,9.100000381469727,11.34000015258789,16214,0.0,0.0
2006-05-10 00:00:00-04:00,14.0,17.360000610351562,10.5,14.979999542236328,23271,0.0,0.0
2006-05-11 00:00:00-04:00,14.979999542236328,17.780000686645508,14.699999809265137,17.5,8714,0.0,0.0
2006-05-12 00:00:00-04:00,16.799999237060547,17.639999389648438,15.680000305175781,16.520000457763672,3371,0.0,0.0
2006-05-15 00:00:00-04:00,16.100000381469727,16.100000381469727,15.119999885559082,15.680000305175781,1186,0.0,0.0
2006-05-16 00:00:00-04:00,15.260000228881836,16.100000381469727,15.260000228881836,16.100000381469727,1043,0.0,0.0
2006-05-17 00:00:00-04:00,16.100000381469727,16.799999237060547,16.100000381469727,16.799999237060547,1157,0.0,0.0
2006-05-18 00:00:00-04:00,16.520000457763672,17.5,15.119999885559082,16.799999237060547,1329,0.0,0.0
2006-05-19 00:00:00-04:00,16.799999237060547,16.799999237060547,15.119999885559082,15.119999885559082,157,0.0,0.0
2006-05-22 00:00:00-04:00,15.119999885559082,16.100000381469727,15.119999885559082,15.680000305175781,2264,0.0,0.0
2006-05-23 00:00:00-04:00,16.520000457763672,16.799999237060547,16.239999771118164,16.799999237060547,1200,0.0,0.0
2006-05-24 00:00:00-04:00,15.960000038146973,16.3799991607666,15.399999618530273,16.3799991607666,1207,0.0,0.0
2006-05-25 00:00:00-04:00,16.3799991607666,16.3799991607666,16.3799991607666,16.3799991607666,14,0.0,0.0
2006-05-26 00:00:00-04:00,16.3799991607666,16.3799991607666,15.960000038146973,15.960000038146973,436,0.0,0.0
2006-05-30 00:00:00-04:00,15.819999694824219,15.819999694824219,15.399999618530273,15.819999694824219,107,0.0,0.0
2006-05-31 00:00:00-04:00,15.819999694824219,15.819999694824219,15.819999694824219,15.819999694824219,71,0.0,0.0
2006-06-01 00:00:00-04:00,16.239999771118164,16.239999771118164,13.020000457763672,14.699999809265137,1557,0.0,0.0
2006-06-02 00:00:00-04:00,14.699999809265137,16.239999771118164,14.699999809265137,16.239999771118164,450,0.0,0.0
2006-06-05 00:00:00-04:00,16.100000381469727,16.100000381469727,14.699999809265137,16.100000381469727,450,0.0,0.0
2006-06-06 00:00:00-04:00,16.100000381469727,16.239999771118164,16.100000381469727,16.239999771118164,14,0.0,0.0
2006-06-07 00:00:00-04:00,15.680000305175781,16.100000381469727,15.399999618530273,16.100000381469727,400,0.0,0.0
2006-06-08 00:00:00-04:00,14.699999809265137,16.100000381469727,14.699999809265137,15.399999618530273,793,0.0,0.0
2006-06-09 00:00:00-04:00,15.399999618530273,15.399999618530273,15.399999618530273,15.399999618530273,14,0.0,0.0
2006-06-12 00:00:00-04:00,14.699999809265137,17.360000610351562,14.699999809265137,17.360000610351562,1607,0.0,0.0
2006-06-13 00:00:00-04:00,17.360000610351562,17.5,15.399999618530273,16.100000381469727,1743,0.0,0.0
2006-06-14 00:00:00-04:00,16.100000381469727,17.5,15.119999885559082,17.5,500,0.0,0.0
2006-06-15 00:00:00-04:00,17.5,17.5,16.799999237060547,17.5,371,0.0,0.0
2006-06-16 00:00:00-04:00,17.5,17.5,15.399999618530273,16.799999237060547,650,0.0,0.0
2006-06-19 00:00:00-04:00,16.799999237060547,16.799999237060547,16.799999237060547,16.799999237060547,0,0.0,0.0
2006-06-20 00:00:00-04:00,17.5,17.5,17.5,17.5,7,0.0,0.0
2006-06-21 00:00:00-04:00,14.84000015258789,17.5,14.84000015258789,17.5,436,0.0,0.0
2006-06-22 00:00:00-04:00,14.84000015258789,16.799999237060547,14.84000015258789,16.100000381469727,2493,0.0,0.0
2006-06-23 00:00:00-04:00,16.100000381469727,16.100000381469727,14.84000015258789,16.100000381469727,243,0.0,0.0
2006-06-26 00:00:00-04:00,16.100000381469727,16.799999237060547,15.399999618530273,16.799999237060547,857,0.0,0.0
2006-06-27 00:00:00-04:00,15.399999618530273,16.799999237060547,15.399999618530273,16.799999237060547,679,0.0,0.0
2006-06-28 00:00:00-04:00,16.799999237060547,17.5,15.399999618530273,17.5,779,0.0,0.0
2006-06-29 00:00:00-04:00,16.100000381469727,17.5,16.100000381469727,17.5,500,0.0,0.0
2006-06-30 00:00:00-04:00,17.5,17.5,16.799999237060547,17.5,964,0.0,0.0
2006-07-03 00:00:00-04:00,17.5,17.5,16.799999237060547,17.5,164,0.0,0.0
2006-07-05 00:00:00-04:00,17.5,17.5,16.100000381469727,17.5,107,0.0,0.0
2006-07-06 00:00:00-04:00,17.5,17.5,16.799999237060547,17.5,150,0.0,0.0
2006-07-07 00:00:00-04:00,17.5,19.600000381469727,16.799999237060547,19.600000381469727,2029,0.0,0.0
2006-07-10 00:00:00-04:00,19.600000381469727,19.600000381469727,18.200000762939453,19.600000381469727,43,0.0,0.0
2006-07-11 00:00:00-04:00,19.600000381469727,19.600000381469727,18.200000762939453,19.600000381469727,136,0.0,0.0
2006-07-12 00:00:00-04:00,19.600000381469727,19.600000381469727,18.200000762939453,18.899999618530273,614,0.0,0.0
2006-07-13 00:00:00-04:00,18.899999618530273,19.600000381469727,18.200000762939453,19.600000381469727,1364,0.0,0.0
2006-07-14 00:00:00-04:00,19.600000381469727,19.600000381469727,18.200000762939453,18.899999618530273,693,0.0,0.0
2006-07-17 00:00:00-04:00,19.600000381469727,19.600000381469727,18.200000762939453,19.600000381469727,814,0.0,0.0
2006-07-18 00:00:00-04:00,19.600000381469727,19.600000381469727,18.200000762939453,19.600000381469727,6586,0.0,0.0
2006-07-19 00:00:00-04:00,19.600000381469727,19.600000381469727,19.600000381469727,19.600000381469727,79,0.0,0.0
2006-07-20 00:00:00-04:00,19.600000381469727,19.600000381469727,18.200000762939453,19.600000381469727,536,0.0,0.0
2006-07-21 00:00:00-04:00,19.600000381469727,19.600000381469727,19.600000381469727,19.600000381469727,21,0.0,0.0
2006-07-24 00:00:00-04:00,19.600000381469727,19.600000381469727,18.200000762939453,19.459999084472656,79,0.0,0.0
2006-07-25 00:00:00-04:00,18.200000762939453,18.899999618530273,18.200000762939453,18.899999618530273,1207,0.0,0.0
2006-07-26 00:00:00-04:00,18.899999618530273,18.899999618530273,18.200000762939453,18.899999618530273,1014,0.0,0.0
2006-07-27 00:00:00-04:00,18.6200008392334,18.899999618530273,18.200000762939453,18.200000762939453,2564,0.0,0.0
2006-07-28 00:00:00-04:00,18.899999618530273,19.600000381469727,17.5,19.600000381469727,4143,0.0,0.0
2006-07-31 00:00:00-04:00,18.899999618530273,19.600000381469727,18.899999618530273,19.600000381469727,214,0.0,0.0
2006-08-01 00:00:00-04:00,19.600000381469727,19.600000381469727,19.600000381469727,19.600000381469727,0,0.0,0.0
2006-08-02 00:00:00-04:00,18.899999618530273,18.899999618530273,18.899999618530273,18.899999618530273,371,0.0,0.0
2006-08-03 00:00:00-04:00,18.899999618530273,18.899999618530273,18.899999618530273,18.899999618530273,500,0.0,0.0
2006-08-04 00:00:00-04:00,18.899999618530273,18.899999618530273,16.799999237060547,18.899999618530273,1257,0.0,0.0
2006-08-07 00:00:00-04:00,18.899999618530273,18.899999618530273,17.5,18.899999618530273,221,0.0,0.0
2006-08-08 00:00:00-04:00,17.5,18.899999618530273,16.799999237060547,18.899999618530273,293,0.0,0.0
2006-08-09 00:00:00-04:00,18.899999618530273,18.899999618530273,18.899999618530273,18.899999618530273,0,0.0,0.0
2006-08-10 00:00:00-04:00,16.799999237060547,18.899999618530273,16.799999237060547,16.799999237060547,900,0.0,0.0
2006-08-11 00:00:00-04:00,16.799999237060547,18.760000228881836,16.799999237060547,18.760000228881836,29,0.0,0.0
2006-08-14 00:00:00-04:00,18.760000228881836,18.760000228881836,18.760000228881836,18.760000228881836,0,0.0,0.0
2006-08-15 00:00:00-04:00,16.799999237060547,18.760000228881836,16.799999237060547,18.760000228881836,29,0.0,0.0
2006-08-16 00:00:00-04:00,18.760000228881836,18.760000228881836,18.760000228881836,18.760000228881836,343,0.0,0.0
2006-08-17 00:00:00-04:00,18.200000762939453,18.200000762939453,16.799999237060547,16.799999237060547,964,0.0,0.0
2006-08-18 00:00:00-04:00,16.940000534057617,16.940000534057617,16.799999237060547,16.799999237060547,314,0.0,0.0
2006-08-21 00:00:00-04:00,18.760000228881836,18.760000228881836,18.760000228881836,18.760000228881836,357,0.0,0.0
2006-08-22 00:00:00-04:00,18.200000762939453,18.200000762939453,16.799999237060547,16.799999237060547,429,0.0,0.0
2006-08-23 00:00:00-04:00,18.200000762939453,18.760000228881836,16.940000534057617,16.940000534057617,1036,0.0,0.0
2006-08-24 00:00:00-04:00,16.799999237060547,18.6200008392334,16.799999237060547,16.799999237060547,250,0.0,0.0
2006-08-25 00:00:00-04:00,18.6200008392334,18.6200008392334,16.520000457763672,18.6200008392334,429,0.0,0.0
2006-08-28 00:00:00-04:00,16.520000457763672,18.6200008392334,16.520000457763672,16.799999237060547,650,0.0,0.0
2006-08-29 00:00:00-04:00,18.760000228881836,18.760000228881836,18.760000228881836,18.760000228881836,7,0.0,0.0
2006-08-30 00:00:00-04:00,18.6200008392334,18.6200008392334,16.799999237060547,18.6200008392334,200,0.0,0.0
2006-08-31 00:00:00-04:00,18.6200008392334,18.6200008392334,18.6200008392334,18.6200008392334,0,0.0,0.0
2006-09-01 00:00:00-04:00,18.6200008392334,18.899999618530273,18.6200008392334,18.899999618530273,357,0.0,0.0
2006-09-05 00:00:00-04:00,16.799999237060547,18.200000762939453,16.799999237060547,18.200000762939453,236,0.0,0.0
2006-09-06 00:00:00-04:00,18.200000762939453,18.200000762939453,18.200000762939453,18.200000762939453,43,0.0,0.0
2006-09-07 00:00:00-04:00,18.200000762939453,18.200000762939453,16.799999237060547,18.200000762939453,71,0.0,0.0
2006-09-08 00:00:00-04:00,18.200000762939453,18.200000762939453,16.799999237060547,17.5,1636,0.0,0.0
2006-09-11 00:00:00-04:00,18.200000762939453,18.200000762939453,16.799999237060547,16.799999237060547,736,0.0,0.0
2006-09-12 00:00:00-04:00,16.100000381469727,17.5,15.399999618530273,17.5,2129,0.0,0.0
2006-09-13 00:00:00-04:00,17.5,17.5,17.5,17.5,7,0.0,0.0
2006-09-14 00:00:00-04:00,17.5,17.5,17.5,17.5,7,0.0,0.0
2006-09-15 00:00:00-04:00,14.979999542236328,14.979999542236328,14.979999542236328,14.979999542236328,214,0.0,0.0
2006-09-18 00:00:00-04:00,15.399999618530273,15.399999618530273,15.399999618530273,15.399999618530273,364,0.0,0.0
2006-09-19 00:00:00-04:00,14.979999542236328,15.399999618530273,14.0,15.399999618530273,779,0.0,0.0
2006-09-20 00:00:00-04:00,15.399999618530273,15.399999618530273,14.0,14.0,293,0.0,0.0
2006-09-21 00:00:00-04:00,14.0,14.0,14.0,14.0,64,0.0,0.0
2006-09-22 00:00:00-04:00,14.279999732971191,14.279999732971191,14.0,14.0,393,0.0,0.0
2006-09-25 00:00:00-04:00,14.0,14.0,14.0,14.0,1036,0.0,0.0
2006-09-26 00:00:00-04:00,14.140000343322754,14.5600004196167,14.140000343322754,14.5600004196167,364,0.0,0.0
2006-09-27 00:00:00-04:00,14.5600004196167,14.5600004196167,14.5600004196167,14.5600004196167,0,0.0,0.0
2006-09-28 00:00:00-04:00,14.279999732971191,14.279999732971191,14.0,14.279999732971191,929,0.0,0.0
2006-09-29 00:00:00-04:00,14.699999809265137,14.699999809265137,14.699999809265137,14.699999809265137,7,0.0,0.0
2006-10-02 00:00:00-04:00,14.279999732971191,14.279999732971191,14.279999732971191,14.279999732971191,7,0.0,0.0
2006-10-03 00:00:00-04:00,14.699999809265137,14.699999809265137,14.699999809265137,14.699999809265137,143,0.0,0.0
2006-10-04 00:00:00-04:00,15.260000228881836,16.799999237060547,14.5600004196167,15.539999961853027,1029,0.0,0.0
2006-10-05 00:00:00-04:00,15.539999961853027,16.940000534057617,15.399999618530273,16.239999771118164,4286,0.0,0.0
2006-10-06 00:00:00-04:00,16.520000457763672,17.079999923706055,15.960000038146973,15.960000038146973,464,0.0,0.0
2006-10-09 00:00:00-04:00,15.960000038146973,15.960000038146973,15.960000038146973,15.960000038146973,714,0.0,0.0
2006-10-10 00:00:00-04:00,15.960000038146973,15.960000038146973,15.960000038146973,15.960000038146973,0,0.0,0.0
2006-10-11 00:00:00-04:00,15.960000038146973,15.960000038146973,15.960000038146973,15.960000038146973,0,0.0,0.0
2006-10-12 00:00:00-04:00,16.520000457763672,16.520000457763672,16.520000457763672,16.520000457763672,714,0.0,0.0
2006-10-13 00:00:00-04:00,15.960000038146973,17.639999389648438,15.960000038146973,17.639999389648438,1357,0.0,0.0
2006-10-16 00:00:00-04:00,18.200000762939453,18.200000762939453,17.5,18.200000762939453,607,0.0,0.0
2006-10-17 00:00:00-04:00,17.5,18.899999618530273,17.5,18.899999618530273,214,0.0,0.0
2006-10-18 00:00:00-04:00,18.899999618530273,19.600000381469727,18.200000762939453,19.600000381469727,136,0.0,0.0
2006-10-19 00:00:00-04:00,19.600000381469727,19.600000381469727,18.899999618530273,19.600000381469727,193,0.0,0.0
2006-10-20 00:00:00-04:00,19.600000381469727,19.600000381469727,18.899999618530273,19.600000381469727,129,0.0,0.0
2006-10-23 00:00:00-04:00,19.600000381469727,19.600000381469727,19.18000030517578,19.18000030517578,643,0.0,0.0
2006-10-24 00:00:00-04:00,18.899999618530273,18.899999618530273,18.899999618530273,18.899999618530273,1143,0.0,0.0
2006-10-25 00:00:00-04:00,18.200000762939453,18.899999618530273,18.200000762939453,18.899999618530273,486,0.0,0.0
2006-10-26 00:00:00-04:00,19.600000381469727,19.600000381469727,18.899999618530273,18.899999618530273,421,0.0,0.0
2006-10-27 00:00:00-04:00,18.899999618530273,21.0,18.899999618530273,21.0,2929,0.0,0.0
2006-10-30 00:00:00-05:00,21.0,21.0,20.299999237060547,20.299999237060547,550,0.0,0.0
2006-10-31 00:00:00-05:00,20.860000610351562,20.860000610351562,19.600000381469727,19.600000381469727,129,0.0,0.0
2006-11-01 00:00:00-05:00,20.860000610351562,20.860000610351562,20.860000610351562,20.860000610351562,179,0.0,0.0
2006-11-02 00:00:00-05:00,20.860000610351562,20.860000610351562,20.860000610351562,20.860000610351562,0,0.0,0.0
2006-11-03 00:00:00-05:00,19.600000381469727,20.860000610351562,19.600000381469727,20.860000610351562,1071,0.0,0.0
2006-11-06 00:00:00-05:00,20.860000610351562,20.860000610351562,20.860000610351562,20.860000610351562,0,0.0,0.0
2006-11-07 00:00:00-05:00,20.860000610351562,21.700000762939453,20.860000610351562,21.700000762939453,157,0.0,0.0
2006-11-08 00:00:00-05:00,21.0,21.0,19.040000915527344,21.0,300,0.0,0.0
2006-11-09 00:00:00-05:00,21.0,21.0,20.020000457763672,20.860000610351562,400,0.0,0.0
2006-11-10 00:00:00-05:00,19.600000381469727,19.600000381469727,19.600000381469727,19.600000381469727,86,0.0,0.0
2006-11-13 00:00:00-05:00,19.600000381469727,19.600000381469727,19.040000915527344,19.600000381469727,450,0.0,0.0
2006-11-14 00:00:00-05:00,19.600000381469727,19.600000381469727,19.600000381469727,19.600000381469727,0,0.0,0.0
2006-11-15 00:00:00-05:00,19.040000915527344,19.600000381469727,19.040000915527344,19.600000381469727,957,0.0,0.0
2006-11-16 00:00:00-05:00,19.040000915527344,19.600000381469727,19.040000915527344,19.600000381469727,186,0.0,0.0
2006-11-17 00:00:00-05:00,19.600000381469727,19.600000381469727,19.600000381469727,19.600000381469727,143,0.0,0.0
2006-11-20 00:00:00-05:00,19.040000915527344,19.040000915527344,17.920000076293945,17.920000076293945,1271,0.0,0.0
2006-11-21 00:00:00-05:00,17.920000076293945,18.899999618530273,17.920000076293945,18.899999618530273,293,0.0,0.0
2006-11-22 00:00:00-05:00,18.899999618530273,19.459999084472656,18.899999618530273,19.459999084472656,93,0.0,0.0
2006-11-24 00:00:00-05:00,18.34000015258789,19.459999084472656,18.34000015258789,19.459999084472656,29,0.0,0.0
2006-11-27 00:00:00-05:00,19.459999084472656,19.459999084472656,19.459999084472656,19.459999084472656,0,0.0,0.0
2006-11-28 00:00:00-05:00,18.899999618530273,18.899999618530273,18.899999618530273,18.899999618530273,221,0.0,0.0
2006-11-29 00:00:00-05:00,18.34000015258789,18.899999618530273,18.34000015258789,18.899999618530273,1100,0.0,0.0
2006-11-30 00:00:00-05:00,18.6200008392334,19.040000915527344,18.34000015258789,19.040000915527344,814,0.0,0.0
2006-12-01 00:00:00-05:00,18.34000015258789,18.899999618530273,18.34000015258789,18.899999618530273,57,0.0,0.0
2006-12-04 00:00:00-05:00,18.34000015258789,18.34000015258789,17.5,17.5,557,0.0,0.0
2006-12-05 00:00:00-05:00,17.5,17.5,17.5,17.5,286,0.0,0.0
2006-12-06 00:00:00-05:00,16.799999237060547,16.799999237060547,15.399999618530273,15.399999618530273,157,0.0,0.0
2006-12-07 00:00:00-05:00,15.399999618530273,18.200000762939453,15.399999618530273,18.200000762939453,4179,0.0,0.0
2006-12-08 00:00:00-05:00,17.5,18.200000762939453,17.5,18.200000762939453,771,0.0,0.0
2006-12-11 00:00:00-05:00,17.5,18.200000762939453,17.5,18.200000762939453,686,0.0,0.0
2006-12-12 00:00:00-05:00,17.5,18.200000762939453,17.5,18.200000762939453,186,0.0,0.0
2006-12-13 00:00:00-05:00,18.200000762939453,18.200000762939453,18.200000762939453,18.200000762939453,14,0.0,0.0
2006-12-14 00:00:00-05:00,17.5,18.200000762939453,17.5,18.200000762939453,379,0.0,0.0
2006-12-15 00:00:00-05:00,18.200000762939453,18.200000762939453,18.200000762939453,18.200000762939453,0,0.0,0.0
2006-12-18 00:00:00-05:00,18.200000762939453,18.200000762939453,18.200000762939453,18.200000762939453,0,0.0,0.0
2006-12-19 00:00:00-05:00,17.5,17.5,17.5,17.5,143,0.0,0.0
2006-12-20 00:00:00-05:00,17.5,17.5,17.5,17.5,50,0.0,0.0
2006-12-21 00:00:00-05:00,17.5,17.5,17.5,17.5,36,0.0,0.0
2006-12-22 00:00:00-05:00,17.920000076293945,18.200000762939453,17.5,17.5,300,0.0,0.0
2006-12-26 00:00:00-05:00,17.5,17.5,17.5,17.5,1050,0.0,0.0
2006-12-27 00:00:00-05:00,17.5,17.5,16.100000381469727,17.5,1729,0.0,0.0
2006-12-28 00:00:00-05:00,17.360000610351562,17.360000610351562,16.799999237060547,17.360000610351562,186,0.0,0.0
2006-12-29 00:00:00-05:00,16.100000381469727,17.5,16.100000381469727,17.5,71,0.0,0.0
2007-01-03 00:00:00-05:00,16.100000381469727,16.3799991607666,16.100000381469727,16.3799991607666,543,0.0,0.0
2007-01-04 00:00:00-05:00,14.699999809265137,16.100000381469727,10.079999923706055,15.119999885559082,950,0.0,0.0
2007-01-05 00:00:00-05:00,14.5600004196167,14.5600004196167,14.5600004196167,14.5600004196167,107,0.0,0.0
2007-01-08 00:00:00-05:00,14.5600004196167,14.5600004196167,14.5600004196167,14.5600004196167,50,0.0,0.0
2007-01-09 00:00:00-05:00,12.600000381469727,12.600000381469727,12.600000381469727,12.600000381469727,536,0.0,0.0
2007-01-10 00:00:00-05:00,12.600000381469727,12.600000381469727,12.600000381469727,12.600000381469727,0,0.0,0.0
2007-01-11 00:00:00-05:00,12.600000381469727,12.600000381469727,12.600000381469727,12.600000381469727,0,0.0,0.0
2007-01-12 00:00:00-05:00,13.300000190734863,13.300000190734863,13.300000190734863,13.300000190734863,521,0.0,0.0
2007-01-16 00:00:00-05:00,14.5600004196167,15.399999618530273,11.899999618530273,15.399999618530273,79,0.0,0.0
2007-01-17 00:00:00-05:00,15.819999694824219,15.819999694824219,15.819999694824219,15.819999694824219,71,0.0,0.0
2007-01-18 00:00:00-05:00,16.3799991607666,17.219999313354492,16.3799991607666,17.219999313354492,143,0.0,0.0
2007-01-19 00:00:00-05:00,17.219999313354492,17.219999313354492,17.219999313354492,17.219999313354492,0,0.0,0.0
2007-01-22 00:00:00-05:00,17.219999313354492,17.219999313354492,17.219999313354492,17.219999313354492,0,0.0,0.0
2007-01-23 00:00:00-05:00,15.399999618530273,16.799999237060547,14.0,16.520000457763672,550,0.0,0.0
2007-01-24 00:00:00-05:00,15.399999618530273,15.399999618530273,15.399999618530273,15.399999618530273,7,0.0,0.0
2007-01-25 00:00:00-05:00,14.0,15.399999618530273,14.0,15.399999618530273,464,0.0,0.0
2007-01-26 00:00:00-05:00,15.399999618530273,15.399999618530273,15.399999618530273,15.399999618530273,0,0.0,0.0
2007-01-29 00:00:00-05:00,15.399999618530273,15.399999618530273,15.399999618530273,15.399999618530273,0,0.0,0.0
2007-01-30 00:00:00-05:00,15.960000038146973,16.100000381469727,15.539999961853027,15.539999961853027,343,0.0,0.0
2007-01-31 00:00:00-05:00,15.539999961853027,15.539999961853027,15.539999961853027,15.539999961853027,0,0.0,0.0
2007-02-01 00:00:00-05:00,15.399999618530273,16.799999237060547,14.699999809265137,15.399999618530273,464,0.0,0.0
2007-02-02 00:00:00-05:00,16.100000381469727,17.079999923706055,16.100000381469727,16.3799991607666,10729,0.0,0.0
2007-02-05 00:00:00-05:00,16.520000457763672,16.799999237060547,16.100000381469727,16.100000381469727,2621,0.0,0.0
2007-02-06 00:00:00-05:00,16.520000457763672,16.520000457763672,16.520000457763672,16.520000457763672,1164,0.0,0.0
2007-02-07 00:00:00-05:00,16.100000381469727,16.239999771118164,16.100000381469727,16.239999771118164,1500,0.0,0.0
2007-02-08 00:00:00-05:00,16.520000457763672,16.520000457763672,16.100000381469727,16.100000381469727,1650,0.0,0.0
2007-02-09 00:00:00-05:00,16.239999771118164,16.520000457763672,16.239999771118164,16.520000457763672,1393,0.0,0.0
2007-02-12 00:00:00-05:00,16.520000457763672,16.520000457763672,16.100000381469727,16.520000457763672,1979,0.0,0.0
2007-02-13 00:00:00-05:00,16.520000457763672,16.520000457763672,16.3799991607666,16.3799991607666,750,0.0,0.0
2007-02-14 00:00:00-05:00,16.799999237060547,16.799999237060547,16.520000457763672,16.799999237060547,521,0.0,0.0
2007-02-15 00:00:00-05:00,16.799999237060547,16.799999237060547,16.799999237060547,16.799999237060547,1543,0.0,0.0
2007-02-16 00:00:00-05:00,16.100000381469727,16.520000457763672,16.100000381469727,16.520000457763672,1057,0.0,0.0
2007-02-20 00:00:00-05:00,16.100000381469727,16.799999237060547,16.100000381469727,16.100000381469727,1314,0.0,0.0
2007-02-21 00:00:00-05:00,16.520000457763672,16.520000457763672,15.960000038146973,15.960000038146973,1893,0.0,0.0
2007-02-22 00:00:00-05:00,16.3799991607666,16.3799991607666,16.3799991607666,16.3799991607666,1157,0.0,0.0
2007-02-23 00:00:00-05:00,16.520000457763672,16.799999237060547,16.520000457763672,16.799999237060547,886,0.0,0.0
2007-02-26 00:00:00-05:00,15.960000038146973,16.520000457763672,15.960000038146973,16.520000457763672,1179,0.0,0.0
2007-02-27 00:00:00-05:00,16.520000457763672,16.520000457763672,15.960000038146973,15.960000038146973,1007,0.0,0.0
2007-02-28 00:00:00-05:00,16.520000457763672,16.520000457763672,16.520000457763672,16.520000457763672,714,0.0,0.0
2007-03-01 00:00:00-05:00,15.960000038146973,16.239999771118164,15.960000038146973,16.239999771118164,964,0.0,0.0
2007-03-02 00:00:00-05:00,16.239999771118164,16.239999771118164,16.239999771118164,16.239999771118164,871,0.0,0.0
2007-03-05 00:00:00-05:00,16.239999771118164,16.520000457763672,16.239999771118164,16.3799991607666,1671,0.0,0.0
2007-03-06 00:00:00-05:00,16.3799991607666,16.3799991607666,15.960000038146973,15.960000038146973,857,0.0,0.0
2007-03-07 00:00:00-05:00,15.960000038146973,15.960000038146973,15.960000038146973,15.960000038146973,3629,0.0,0.0
2007-03-08 00:00:00-05:00,16.100000381469727,16.3799991607666,16.100000381469727,16.309999465942383,714,0.0,0.0
2007-03-09 00:00:00-05:00,15.960000038146973,16.3799991607666,15.960000038146973,15.960000038146973,607,0.0,0.0
2007-03-12 00:00:00-04:00,15.960000038146973,16.3799991607666,15.960000038146973,16.3799991607666,714,0.0,0.0
2007-03-13 00:00:00-04:00,15.960000038146973,15.960000038146973,15.960000038146973,15.960000038146973,86,0.0,0.0
2007-03-14 00:00:00-04:00,15.960000038146973,15.960000038146973,15.960000038146973,15.960000038146973,0,0.0,0.0
2007-03-15 00:00:00-04:00,15.960000038146973,16.239999771118164,15.960000038146973,15.960000038146973,1050,0.0,0.0
2007-03-16 00:00:00-04:00,16.3799991607666,16.3799991607666,16.239999771118164,16.239999771118164,750,0.0,0.0
2007-03-19 00:00:00-04:00,15.960000038146973,15.960000038146973,15.960000038146973,15.960000038146973,1200,0.0,0.0
2007-03-20 00:00:00-04:00,16.520000457763672,16.520000457763672,16.239999771118164,16.3799991607666,1257,0.0,0.0
2007-03-21 00:00:00-04:00,16.100000381469727,16.100000381469727,15.960000038146973,15.960000038146973,500,0.0,0.0
2007-03-22 00:00:00-04:00,15.960000038146973,15.960000038146973,15.960000038146973,15.960000038146973,914,0.0,0.0
2007-03-23 00:00:00-04:00,15.960000038146973,15.960000038146973,15.960000038146973,15.960000038146973,714,0.0,0.0
2007-03-26 00:00:00-04:00,15.960000038146973,15.960000038146973,15.960000038146973,15.960000038146973,0,0.0,0.0
2007-03-27 00:00:00-04:00,15.960000038146973,15.960000038146973,15.960000038146973,15.960000038146973,1607,0.0,0.0
2007-03-28 00:00:00-04:00,16.100000381469727,16.100000381469727,16.100000381469727,16.100000381469727,107,0.0,0.0
2007-03-29 00:00:00-04:00,16.100000381469727,16.3799991607666,16.100000381469727,16.100000381469727,857,0.0,0.0
2007-03-30 00:00:00-04:00,16.3799991607666,16.520000457763672,15.960000038146973,16.100000381469727,9093,0.0,0.0
2007-04-02 00:00:00-04:00,16.100000381469727,16.940000534057617,16.100000381469727,16.940000534057617,3536,0.0,0.0
2007-04-03 00:00:00-04:00,16.799999237060547,17.079999923706055,16.520000457763672,16.520000457763672,3500,0.0,0.0
2007-04-04 00:00:00-04:00,16.65999984741211,17.360000610351562,16.65999984741211,17.360000610351562,2657,0.0,0.0
2007-04-05 00:00:00-04:00,17.5,21.0,16.799999237060547,20.860000610351562,3986,0.0,0.0
2007-04-09 00:00:00-04:00,21.0,21.84000015258789,19.600000381469727,21.84000015258789,13064,0.0,0.0
2007-04-10 00:00:00-04:00,21.559999465942383,21.559999465942383,21.559999465942383,21.559999465942383,757,0.0,0.0
2007-04-11 00:00:00-04:00,20.299999237060547,21.0,19.600000381469727,21.0,457,0.0,0.0
2007-04-12 00:00:00-04:00,18.34000015258789,21.0,18.34000015258789,20.579999923706055,79,0.0,0.0
2007-04-13 00:00:00-04:00,20.299999237060547,21.0,20.15999984741211,21.0,429,0.0,0.0
2007-04-16 00:00:00-04:00,21.0,21.700000762939453,21.0,21.700000762939453,693,0.0,0.0
2007-04-17 00:00:00-04:00,21.280000686645508,21.280000686645508,21.0,21.0,129,0.0,0.0
2007-04-18 00:00:00-04:00,21.0,21.0,21.0,21.0,0,0.0,0.0
2007-04-19 00:00:00-04:00,21.0,21.280000686645508,20.299999237060547,20.860000610351562,1143,0.0,0.0
2007-04-20 00:00:00-04:00,21.0,21.280000686645508,21.0,21.280000686645508,1071,0.0,0.0
2007-04-23 00:00:00-04:00,21.139999389648438,21.139999389648438,21.139999389648438,21.139999389648438,307,0.0,0.0
2007-04-24 00:00:00-04:00,21.700000762939453,23.799999237060547,21.700000762939453,23.799999237060547,2929,0.0,0.0
2007-04-25 00:00:00-04:00,23.799999237060547,23.799999237060547,23.100000381469727,23.65999984741211,6500,0.0,0.0
2007-04-26 00:00:00-04:00,23.100000381469727,23.65999984741211,22.959999084472656,23.100000381469727,3057,0.0,0.0
2007-04-27 00:00:00-04:00,23.65999984741211,23.65999984741211,23.100000381469727,23.100000381469727,793,0.0,0.0
2007-04-30 00:00:00-04:00,23.799999237060547,23.799999237060547,23.100000381469727,23.3799991607666,3643,0.0,0.0
2007-05-01 00:00:00-04:00,23.799999237060547,23.799999237060547,23.799999237060547,23.799999237060547,357,0.0,0.0
2007-05-02 00:00:00-04:00,23.799999237060547,24.079999923706055,23.100000381469727,23.799999237060547,714,0.0,0.0
2007-05-03 00:00:00-04:00,24.079999923706055,24.079999923706055,23.100000381469727,23.100000381469727,1279,0.0,0.0
2007-05-04 00:00:00-04:00,23.100000381469727,23.65999984741211,23.100000381469727,23.100000381469727,693,0.0,0.0
2007-05-07 00:00:00-04:00,23.100000381469727,23.100000381469727,22.399999618530273,22.68000030517578,1036,0.0,0.0
2007-05-08 00:00:00-04:00,21.420000076293945,22.399999618530273,21.0,22.399999618530273,121,0.0,0.0
2007-05-09 00:00:00-04:00,22.81999969482422,22.81999969482422,22.81999969482422,22.81999969482422,14,0.0,0.0
2007-05-10 00:00:00-04:00,21.0,21.979999542236328,21.0,21.979999542236328,1000,0.0,0.0
2007-05-11 00:00:00-04:00,21.700000762939453,21.700000762939453,21.700000762939453,21.700000762939453,143,0.0,0.0
2007-05-14 00:00:00-04:00,21.0,21.0,21.0,21.0,714,0.0,0.0
2007-05-15 00:00:00-04:00,21.0,21.0,21.0,21.0,500,0.0,0.0
2007-05-16 00:00:00-04:00,21.0,21.0,21.0,21.0,2464,0.0,0.0
2007-05-17 00:00:00-04:00,21.0,21.0,21.0,21.0,957,0.0,0.0
2007-05-18 00:00:00-04:00,21.0,22.399999618530273,19.600000381469727,22.399999618530273,1429,0.0,0.0
2007-05-21 00:00:00-04:00,21.0,21.0,21.0,21.0,2857,0.0,0.0
2007-05-22 00:00:00-04:00,23.100000381469727,23.100000381469727,21.280000686645508,21.280000686645508,407,0.0,0.0
2007-05-23 00:00:00-04:00,21.420000076293945,21.420000076293945,21.139999389648438,21.280000686645508,1329,0.0,0.0
2007-05-24 00:00:00-04:00,21.139999389648438,21.139999389648438,21.0,21.0,1343,0.0,0.0
2007-05-25 00:00:00-04:00,21.0,21.0,21.0,21.0,757,0.0,0.0
2007-05-29 00:00:00-04:00,21.0,21.0,21.0,21.0,79,0.0,0.0
2007-05-30 00:00:00-04:00,21.0,21.0,21.0,21.0,807,0.0,0.0
2007-05-31 00:00:00-04:00,21.420000076293945,21.420000076293945,21.420000076293945,21.420000076293945,14,0.0,0.0
2007-06-01 00:00:00-04:00,21.0,23.100000381469727,21.0,23.100000381469727,293,0.0,0.0
2007-06-04 00:00:00-04:00,21.0,23.100000381469727,21.0,23.100000381469727,507,0.0,0.0
2007-06-05 00:00:00-04:00,23.799999237060547,23.799999237060547,23.799999237060547,23.799999237060547,114,0.0,0.0
2007-06-06 00:00:00-04:00,21.700000762939453,21.700000762939453,21.0,21.0,536,0.0,0.0
2007-06-07 00:00:00-04:00,21.0,21.0,21.0,21.0,579,0.0,0.0
2007-06-08 00:00:00-04:00,21.700000762939453,22.1200008392334,21.0,21.700000762939453,3707,0.0,0.0
2007-06-11 00:00:00-04:00,21.700000762939453,21.700000762939453,21.0,21.0,857,0.0,0.0
2007-06-12 00:00:00-04:00,21.0,21.139999389648438,21.0,21.139999389648438,443,0.0,0.0
2007-06-13 00:00:00-04:00,21.0,21.0,21.0,21.0,100,0.0,0.0
2007-06-14 00:00:00-04:00,21.0,21.0,21.0,21.0,0,0.0,0.0
2007-06-15 00:00:00-04:00,21.0,21.0,21.0,21.0,1014,0.0,0.0
2007-06-18 00:00:00-04:00,21.700000762939453,21.700000762939453,21.0,21.0,550,0.0,0.0
2007-06-19 00:00:00-04:00,21.0,21.0,21.0,21.0,14,0.0,0.0
2007-06-20 00:00:00-04:00,21.0,21.0,21.0,21.0,3214,0.0,0.0
2007-06-21 00:00:00-04:00,21.700000762939453,22.1200008392334,21.700000762939453,21.700000762939453,643,0.0,0.0
2007-06-22 00:00:00-04:00,21.139999389648438,22.1200008392334,21.0,22.1200008392334,1114,0.0,0.0
2007-06-25 00:00:00-04:00,21.0,21.0,21.0,21.0,143,0.0,0.0
2007-06-26 00:00:00-04:00,21.0,21.0,21.0,21.0,864,0.0,0.0
2007-06-27 00:00:00-04:00,21.0,21.0,21.0,21.0,307,0.0,0.0
2007-06-28 00:00:00-04:00,21.0,21.0,21.0,21.0,0,0.0,0.0
2007-06-29 00:00:00-04:00,21.0,21.84000015258789,21.0,21.84000015258789,786,0.0,0.0
2007-07-02 00:00:00-04:00,21.0,21.0,21.0,21.0,36,0.0,0.0
2007-07-03 00:00:00-04:00,21.0,21.0,21.0,21.0,7,0.0,0.0
2007-07-05 00:00:00-04:00,21.0,21.0,21.0,21.0,429,0.0,0.0
2007-07-06 00:00:00-04:00,21.84000015258789,21.84000015258789,21.84000015258789,21.84000015258789,14,0.0,0.0
2007-07-09 00:00:00-04:00,21.0,21.0,21.0,21.0,143,0.0,0.0
2007-07-10 00:00:00-04:00,21.0,21.559999465942383,21.0,21.559999465942383,750,0.0,0.0
2007-07-11 00:00:00-04:00,21.559999465942383,21.700000762939453,21.420000076293945,21.420000076293945,536,0.0,0.0
2007-07-12 00:00:00-04:00,21.420000076293945,21.420000076293945,21.420000076293945,21.420000076293945,0,0.0,0.0
2007-07-13 00:00:00-04:00,22.260000228881836,22.260000228881836,21.0,22.1200008392334,579,0.0,0.0
2007-07-16 00:00:00-04:00,22.1200008392334,22.1200008392334,21.420000076293945,21.420000076293945,136,0.0,0.0
2007-07-17 00:00:00-04:00,22.1200008392334,22.1200008392334,21.700000762939453,21.700000762939453,936,0.0,0.0
2007-07-18 00:00:00-04:00,21.0,21.700000762939453,21.0,21.700000762939453,536,0.0,0.0
2007-07-19 00:00:00-04:00,21.700000762939453,21.700000762939453,21.700000762939453,21.700000762939453,0,0.0,0.0
2007-07-20 00:00:00-04:00,22.1200008392334,22.1200008392334,22.1200008392334,22.1200008392334,14,0.0,0.0
2007-07-23 00:00:00-04:00,22.1200008392334,23.799999237060547,22.1200008392334,23.799999237060547,2393,0.0,0.0
2007-07-24 00:00:00-04:00,23.799999237060547,23.799999237060547,22.399999618530273,22.68000030517578,3464,0.0,0.0
2007-07-25 00:00:00-04:00,22.68000030517578,22.68000030517578,21.0,22.399999618530273,429,0.0,0.0
2007-07-26 00:00:00-04:00,22.399999618530273,22.399999618530273,22.399999618530273,22.399999618530273,0,0.0,0.0
2007-07-27 00:00:00-04:00,21.700000762939453,21.700000762939453,21.0,21.280000686645508,429,0.0,0.0
2007-07-30 00:00:00-04:00,21.0,21.0,21.0,21.0,250,0.0,0.0
2007-07-31 00:00:00-04:00,21.0,21.0,21.0,21.0,0,0.0,0.0
2007-08-01 00:00:00-04:00,21.0,21.0,21.0,21.0,0,0.0,0.0
2007-08-02 00:00:00-04:00,21.0,21.0,19.600000381469727,21.0,429,0.0,0.0
2007-08-03 00:00:00-04:00,18.899999618530273,21.0,18.899999618530273,21.0,629,0.0,0.0
2007-08-06 00:00:00-04:00,19.600000381469727,19.600000381469727,17.079999923706055,17.780000686645508,2929,0.0,0.0
2007-08-07 00:00:00-04:00,17.5,17.5,16.799999237060547,16.799999237060547,143,0.0,0.0
2007-08-08 00:00:00-04:00,19.600000381469727,21.0,19.600000381469727,21.0,71,0.0,0.0
2007-08-09 00:00:00-04:00,21.0,21.0,21.0,21.0,179,0.0,0.0
2007-08-10 00:00:00-04:00,16.799999237060547,18.200000762939453,16.799999237060547,18.200000762939453,457,0.0,0.0
2007-08-13 00:00:00-04:00,18.200000762939453,18.200000762939453,16.799999237060547,16.799999237060547,107,0.0,0.0
2007-08-14 00:00:00-04:00,16.799999237060547,16.799999237060547,16.799999237060547,16.799999237060547,450,0.0,0.0
2007-08-15 00:00:00-04:00,16.799999237060547,16.799999237060547,16.799999237060547,16.799999237060547,0,0.0,0.0
2007-08-16 00:00:00-04:00,18.899999618530273,18.899999618530273,18.899999618530273,18.899999618530273,71,0.0,0.0
2007-08-17 00:00:00-04:00,16.799999237060547,18.34000015258789,16.799999237060547,18.34000015258789,14,0.0,0.0
2007-08-20 00:00:00-04:00,16.799999237060547,16.799999237060547,16.65999984741211,16.65999984741211,114,0.0,0.0
2007-08-21 00:00:00-04:00,16.100000381469727,16.100000381469727,14.0,14.140000343322754,7786,0.0,0.0
2007-08-22 00:00:00-04:00,14.979999542236328,14.979999542236328,14.140000343322754,14.420000076293945,8707,0.0,0.0
2007-08-23 00:00:00-04:00,15.539999961853027,16.940000534057617,15.539999961853027,16.940000534057617,1279,0.0,0.0
2007-08-24 00:00:00-04:00,17.079999923706055,17.079999923706055,17.079999923706055,17.079999923706055,7,0.0,0.0
2007-08-27 00:00:00-04:00,17.079999923706055,17.079999923706055,17.079999923706055,17.079999923706055,0,0.0,0.0
2007-08-28 00:00:00-04:00,16.100000381469727,16.100000381469727,16.100000381469727,16.100000381469727,179,0.0,0.0
2007-08-29 00:00:00-04:00,17.079999923706055,19.8799991607666,17.079999923706055,18.200000762939453,4371,0.0,0.0
2007-08-30 00:00:00-04:00,17.5,19.600000381469727,17.360000610351562,17.5,1043,0.0,0.0
2007-08-31 00:00:00-04:00,19.459999084472656,19.459999084472656,16.799999237060547,17.5,679,0.0,0.0
2007-09-04 00:00:00-04:00,17.5,17.5,17.5,17.5,0,0.0,0.0
2007-09-05 00:00:00-04:00,17.5,17.5,17.5,17.5,0,0.0,0.0
2007-09-06 00:00:00-04:00,17.5,17.5,17.5,17.5,0,0.0,0.0
2007-09-07 00:00:00-04:00,15.539999961853027,15.539999961853027,15.399999618530273,15.399999618530273,236,0.0,0.0
2007-09-10 00:00:00-04:00,15.399999618530273,15.399999618530273,14.420000076293945,14.420000076293945,86,0.0,0.0
2007-09-11 00:00:00-04:00,14.420000076293945,14.420000076293945,14.0,14.0,957,0.0,0.0
2007-09-12 00:00:00-04:00,14.0,14.0,14.0,14.0,0,0.0,0.0
2007-09-13 00:00:00-04:00,14.0,14.0,14.0,14.0,0,0.0,0.0
2007-09-14 00:00:00-04:00,13.859999656677246,13.859999656677246,13.859999656677246,13.859999656677246,50,0.0,0.0
2007-09-17 00:00:00-04:00,13.859999656677246,13.859999656677246,13.859999656677246,13.859999656677246,0,0.0,0.0
2007-09-18 00:00:00-04:00,13.859999656677246,13.859999656677246,13.859999656677246,13.859999656677246,0,0.0,0.0
2007-09-19 00:00:00-04:00,12.600000381469727,13.859999656677246,12.600000381469727,13.859999656677246,50,0.0,0.0
2007-09-20 00:00:00-04:00,13.859999656677246,13.859999656677246,13.859999656677246,13.859999656677246,0,0.0,0.0
2007-09-21 00:00:00-04:00,13.859999656677246,13.859999656677246,13.859999656677246,13.859999656677246,0,0.0,0.0
2007-09-24 00:00:00-04:00,13.859999656677246,13.859999656677246,13.859999656677246,13.859999656677246,0,0.0,0.0
2007-09-25 00:00:00-04:00,13.300000190734863,13.4399995803833,13.300000190734863,13.300000190734863,1836,0.0,0.0
2007-09-26 00:00:00-04:00,13.4399995803833,13.4399995803833,13.4399995803833,13.4399995803833,3079,0.0,0.0
2007-09-27 00:00:00-04:00,12.880000114440918,12.880000114440918,12.880000114440918,12.880000114440918,21,0.0,0.0
2007-09-28 00:00:00-04:00,12.880000114440918,12.880000114440918,12.880000114440918,12.880000114440918,0,0.0,0.0
2007-10-01 00:00:00-04:00,12.880000114440918,12.880000114440918,12.880000114440918,12.880000114440918,0,0.0,0.0
2007-10-02 00:00:00-04:00,13.4399995803833,13.579999923706055,13.4399995803833,13.4399995803833,2714,0.0,0.0
2007-10-03 00:00:00-04:00,13.4399995803833,13.720000267028809,13.15999984741211,13.300000190734863,3614,0.0,0.0
2007-10-04 00:00:00-04:00,13.300000190734863,13.300000190734863,13.300000190734863,13.300000190734863,0,0.0,0.0
2007-10-05 00:00:00-04:00,13.300000190734863,13.300000190734863,13.300000190734863,13.300000190734863,0,0.0,0.0
2007-10-08 00:00:00-04:00,13.020000457763672,13.020000457763672,12.600000381469727,12.600000381469727,1214,0.0,0.0
2007-10-09 00:00:00-04:00,12.600000381469727,12.600000381469727,12.600000381469727,12.600000381469727,0,0.0,0.0
2007-10-10 00:00:00-04:00,12.739999771118164,12.739999771118164,12.600000381469727,12.600000381469727,1250,0.0,0.0
2007-10-11 00:00:00-04:00,12.600000381469727,12.600000381469727,12.600000381469727,12.600000381469727,0,0.0,0.0
2007-10-12 00:00:00-04:00,12.600000381469727,12.600000381469727,12.600000381469727,12.600000381469727,357,0.0,0.0
2007-10-15 00:00:00-04:00,12.600000381469727,12.600000381469727,12.600000381469727,12.600000381469727,0,0.0,0.0
2007-10-16 00:00:00-04:00,12.600000381469727,12.600000381469727,11.199999809265137,11.899999618530273,1357,0.0,0.0
2007-10-17 00:00:00-04:00,12.319999694824219,12.319999694824219,12.319999694824219,12.319999694824219,357,0.0,0.0
2007-10-18 00:00:00-04:00,11.899999618530273,11.899999618530273,11.899999618530273,11.899999618530273,7,0.0,0.0
2007-10-19 00:00:00-04:00,12.460000038146973,12.460000038146973,12.460000038146973,12.460000038146973,736,0.0,0.0
2007-10-22 00:00:00-04:00,11.199999809265137,11.899999618530273,11.199999809265137,11.199999809265137,2507,0.0,0.0
2007-10-23 00:00:00-04:00,12.600000381469727,12.600000381469727,12.600000381469727,12.600000381469727,1786,0.0,0.0
2007-10-24 00:00:00-04:00,12.600000381469727,12.600000381469727,11.899999618530273,11.899999618530273,350,0.0,0.0
2007-10-25 00:00:00-04:00,12.600000381469727,12.600000381469727,12.600000381469727,12.600000381469727,357,0.0,0.0
2007-10-26 00:00:00-04:00,12.600000381469727,13.4399995803833,11.199999809265137,12.600000381469727,2743,0.0,0.0
2007-10-29 00:00:00-04:00,12.600000381469727,12.600000381469727,12.460000038146973,12.460000038146973,1321,0.0,0.0
2007-10-30 00:00:00-04:00,12.460000038146973,12.460000038146973,12.460000038146973,12.460000038146973,0,0.0,0.0
2007-10-31 00:00:00-04:00,11.899999618530273,12.319999694824219,11.199999809265137,11.899999618530273,6907,0.0,0.0
2007-11-01 00:00:00-04:00,11.899999618530273,11.899999618530273,11.899999618530273,11.899999618530273,0,0.0,0.0
2007-11-02 00:00:00-04:00,11.899999618530273,11.899999618530273,11.899999618530273,11.899999618530273,0,0.0,0.0
2007-11-05 00:00:00-05:00,11.899999618530273,11.899999618530273,11.899999618530273,11.899999618530273,0,0.0,0.0
2007-11-06 00:00:00-05:00,11.899999618530273,11.899999618530273,11.899999618530273,11.899999618530273,0,0.0,0.0
2007-11-07 00:00:00-05:00,11.899999618530273,11.899999618530273,11.899999618530273,11.899999618530273,0,0.0,0.0
2007-11-08 00:00:00-05:00,11.619999885559082,11.619999885559082,11.199999809265137,11.199999809265137,900,0.0,0.0
2007-11-09 00:00:00-05:00,11.199999809265137,11.199999809265137,11.199999809265137,11.199999809265137,857,0.0,0.0
2007-11-12 00:00:00-05:00,11.199999809265137,11.199999809265137,10.779999732971191,10.779999732971191,2107,0.0,0.0
2007-11-13 00:00:00-05:00,10.5,10.5,10.5,10.5,571,0.0,0.0
2007-11-14 00:00:00-05:00,10.5,10.5,10.5,10.5,357,0.0,0.0
2007-11-15 00:00:00-05:00,10.5,10.5,10.5,10.5,0,0.0,0.0
2007-11-16 00:00:00-05:00,10.079999923706055,11.199999809265137,10.079999923706055,10.5,1014,0.0,0.0
2007-11-19 00:00:00-05:00,12.319999694824219,12.319999694824219,12.319999694824219,12.319999694824219,14,0.0,0.0
2007-11-20 00:00:00-05:00,9.800000190734863,11.199999809265137,9.100000381469727,11.199999809265137,1414,0.0,0.0
2007-11-21 00:00:00-05:00,11.899999618530273,11.899999618530273,10.5,10.5,1143,0.0,0.0
2007-11-23 00:00:00-05:00,10.5,10.5,9.100000381469727,9.100000381469727,336,0.0,0.0
2007-11-26 00:00:00-05:00,10.5,10.5,10.5,10.5,29,0.0,0.0
2007-11-27 00:00:00-05:00,9.800000190734863,9.800000190734863,9.800000190734863,9.800000190734863,14,0.0,0.0
2007-11-28 00:00:00-05:00,10.5,10.5,10.5,10.5,1386,0.0,0.0
2007-11-29 00:00:00-05:00,9.800000190734863,9.800000190734863,9.65999984741211,9.65999984741211,214,0.0,0.0
2007-11-30 00:00:00-05:00,11.199999809265137,11.199999809265137,10.5,10.5,1300,0.0,0.0
2007-12-03 00:00:00-05:00,9.239999771118164,9.800000190734863,9.239999771118164,9.800000190734863,64,0.0,0.0
2007-12-04 00:00:00-05:00,10.5,10.5,9.520000457763672,9.520000457763672,86,0.0,0.0
2007-12-05 00:00:00-05:00,9.239999771118164,10.5,9.100000381469727,9.100000381469727,564,0.0,0.0
2007-12-06 00:00:00-05:00,9.100000381469727,9.100000381469727,9.100000381469727,9.100000381469727,0,0.0,0.0
2007-12-07 00:00:00-05:00,10.359999656677246,10.5,10.359999656677246,10.5,893,0.0,0.0
2007-12-10 00:00:00-05:00,10.5,10.5,9.380000114440918,9.380000114440918,421,0.0,0.0
2007-12-11 00:00:00-05:00,7.699999809265137,10.850000381469727,7.699999809265137,10.850000381469727,36,0.0,0.0
2007-12-12 00:00:00-05:00,9.380000114440918,9.380000114440918,9.380000114440918,9.380000114440918,429,0.0,0.0
2007-12-13 00:00:00-05:00,9.100000381469727,10.5,9.100000381469727,10.5,257,0.0,0.0
2007-12-14 00:00:00-05:00,9.520000457763672,9.520000457763672,9.520000457763672,9.520000457763672,71,0.0,0.0
2007-12-17 00:00:00-05:00,9.100000381469727,9.100000381469727,8.399999618530273,8.399999618530273,679,0.0,0.0
2007-12-18 00:00:00-05:00,9.100000381469727,9.100000381469727,6.300000190734863,7.139999866485596,5486,0.0,0.0
2007-12-19 00:00:00-05:00,7.139999866485596,7.699999809265137,5.599999904632568,7.699999809265137,679,0.0,0.0
2007-12-20 00:00:00-05:00,7.699999809265137,7.699999809265137,7.699999809265137,7.699999809265137,0,0.0,0.0
2007-12-21 00:00:00-05:00,6.300000190734863,6.300000190734863,6.300000190734863,6.300000190734863,643,0.0,0.0
2007-12-24 00:00:00-05:00,6.300000190734863,11.199999809265137,6.300000190734863,11.199999809265137,600,0.0,0.0
2007-12-26 00:00:00-05:00,8.399999618530273,8.399999618530273,7.0,8.399999618530273,1764,0.0,0.0
2007-12-27 00:00:00-05:00,7.699999809265137,9.800000190734863,7.0,8.399999618530273,9121,0.0,0.0
2007-12-28 00:00:00-05:00,8.539999961853027,11.199999809265137,8.539999961853027,11.199999809265137,7736,0.0,0.0
2007-12-31 00:00:00-05:00,11.199999809265137,11.199999809265137,9.800000190734863,10.079999923706055,864,0.0,0.0
2008-01-02 00:00:00-05:00,9.800000190734863,9.800000190734863,9.800000190734863,9.800000190734863,1143,0.0,0.0
2008-01-03 00:00:00-05:00,11.199999809265137,11.199999809265137,11.199999809265137,11.199999809265137,786,0.0,0.0
2008-01-04 00:00:00-05:00,9.800000190734863,9.800000190734863,9.800000190734863,9.800000190734863,629,0.0,0.0
2008-01-07 00:00:00-05:00,10.5,11.199999809265137,10.5,11.199999809265137,1300,0.0,0.0
2008-01-08 00:00:00-05:00,10.5,11.199999809265137,10.5,11.199999809265137,193,0.0,0.0
2008-01-09 00:00:00-05:00,11.199999809265137,11.199999809265137,11.199999809265137,11.199999809265137,0,0.0,0.0
2008-01-10 00:00:00-05:00,11.199999809265137,11.199999809265137,11.199999809265137,11.199999809265137,186,0.0,0.0
2008-01-11 00:00:00-05:00,11.199999809265137,11.199999809265137,11.199999809265137,11.199999809265137,0,0.0,0.0
2008-01-14 00:00:00-05:00,10.5,10.5,9.800000190734863,9.800000190734863,1264,0.0,0.0
2008-01-15 00:00:00-05:00,10.5,10.5,10.5,10.5,36,0.0,0.0
2008-01-16 00:00:00-05:00,10.5,10.5,10.5,10.5,0,0.0,0.0
2008-01-17 00:00:00-05:00,9.800000190734863,9.800000190734863,9.800000190734863,9.800000190734863,1786,0.0,0.0
2008-01-18 00:00:00-05:00,10.920000076293945,10.920000076293945,9.800000190734863,9.800000190734863,1286,0.0,0.0
2008-01-22 00:00:00-05:00,10.079999923706055,10.079999923706055,9.100000381469727,9.800000190734863,857,0.0,0.0
2008-01-23 00:00:00-05:00,9.800000190734863,9.800000190734863,9.800000190734863,9.800000190734863,0,0.0,0.0
2008-01-24 00:00:00-05:00,9.800000190734863,9.800000190734863,9.800000190734863,9.800000190734863,0,0.0,0.0
2008-01-25 00:00:00-05:00,8.399999618530273,8.399999618530273,8.260000228881836,8.260000228881836,214,0.0,0.0
2008-01-28 00:00:00-05:00,9.800000190734863,9.800000190734863,9.800000190734863,9.800000190734863,143,0.0,0.0
2008-01-29 00:00:00-05:00,9.800000190734863,9.800000190734863,9.800000190734863,9.800000190734863,443,0.0,0.0
2008-01-30 00:00:00-05:00,9.800000190734863,9.800000190734863,9.800000190734863,9.800000190734863,171,0.0,0.0
2008-01-31 00:00:00-05:00,8.539999961853027,9.800000190734863,8.260000228881836,9.800000190734863,393,0.0,0.0
2008-02-01 00:00:00-05:00,10.5,10.5,10.5,10.5,1057,0.0,0.0
2008-02-04 00:00:00-05:00,10.5,10.5,10.5,10.5,1000,0.0,0.0
2008-02-05 00:00:00-05:00,10.5,10.5,10.5,10.5,807,0.0,0.0
2008-02-06 00:00:00-05:00,12.460000038146973,12.460000038146973,10.5,10.5,536,0.0,0.0
2008-02-07 00:00:00-05:00,10.920000076293945,11.199999809265137,10.920000076293945,11.199999809265137,357,0.0,0.0
2008-02-08 00:00:00-05:00,11.199999809265137,11.199999809265137,11.199999809265137,11.199999809265137,536,0.0,0.0
2008-02-11 00:00:00-05:00,11.199999809265137,11.199999809265137,11.199999809265137,11.199999809265137,357,0.0,0.0
2008-02-12 00:00:00-05:00,11.199999809265137,11.199999809265137,11.199999809265137,11.199999809265137,0,0.0,0.0
2008-02-13 00:00:00-05:00,9.100000381469727,9.100000381469727,9.100000381469727,9.100000381469727,36,0.0,0.0
2008-02-14 00:00:00-05:00,9.100000381469727,9.100000381469727,9.100000381469727,9.100000381469727,0,0.0,0.0
2008-02-15 00:00:00-05:00,11.199999809265137,11.199999809265137,11.199999809265137,11.199999809265137,714,0.0,0.0
2008-02-19 00:00:00-05:00,11.199999809265137,11.199999809265137,11.199999809265137,11.199999809265137,0,0.0,0.0
2008-02-20 00:00:00-05:00,11.199999809265137,11.199999809265137,11.199999809265137,11.199999809265137,0,0.0,0.0
2008-02-21 00:00:00-05:00,10.5,10.5,10.5,10.5,507,0.0,0.0
2008-02-22 00:00:00-05:00,10.5,10.5,10.5,10.5,0,0.0,0.0
2008-02-25 00:00:00-05:00,10.5,10.5,10.5,10.5,0,0.0,0.0
2008-02-26 00:00:00-05:00,10.5,10.5,10.5,10.5,14464,0.0,0.0
2008-02-27 00:00:00-05:00,11.199999809265137,11.619999885559082,11.0600004196167,11.199999809265137,14693,0.0,0.0
2008-02-28 00:00:00-05:00,9.800000190734863,9.800000190734863,7.699999809265137,8.399999618530273,3107,0.0,0.0
2008-02-29 00:00:00-05:00,8.399999618530273,8.399999618530273,8.399999618530273,8.399999618530273,0,0.0,0.0
2008-03-03 00:00:00-05:00,8.399999618530273,9.65999984741211,7.699999809265137,7.699999809265137,1600,0.0,0.0
2008-03-04 00:00:00-05:00,9.520000457763672,9.520000457763672,8.399999618530273,8.399999618530273,571,0.0,0.0
2008-03-05 00:00:00-05:00,8.399999618530273,8.399999618530273,8.399999618530273,8.399999618530273,0,0.0,0.0
2008-03-06 00:00:00-05:00,8.399999618530273,8.399999618530273,8.399999618530273,8.399999618530273,0,0.0,0.0
2008-03-07 00:00:00-05:00,8.399999618530273,9.800000190734863,8.399999618530273,9.800000190734863,1286,0.0,0.0
2008-03-10 00:00:00-04:00,10.5,10.5,9.100000381469727,9.800000190734863,42686,0.0,0.0
2008-03-11 00:00:00-04:00,10.220000267028809,10.359999656677246,9.800000190734863,9.800000190734863,514,0.0,0.0
2008-03-12 00:00:00-04:00,9.800000190734863,9.800000190734863,9.800000190734863,9.800000190734863,0,0.0,0.0
2008-03-13 00:00:00-04:00,9.800000190734863,9.800000190734863,9.800000190734863,9.800000190734863,0,0.0,0.0
2008-03-14 00:00:00-04:00,9.800000190734863,9.800000190734863,7.840000152587891,9.520000457763672,507,0.0,0.0
2008-03-17 00:00:00-04:00,7.699999809265137,8.399999618530273,7.699999809265137,8.399999618530273,721,0.0,0.0
2008-03-18 00:00:00-04:00,7.699999809265137,7.699999809265137,7.699999809265137,7.699999809265137,129,0.0,0.0
2008-03-19 00:00:00-04:00,7.699999809265137,7.699999809265137,7.28000020980835,7.28000020980835,943,0.0,0.0
2008-03-20 00:00:00-04:00,7.699999809265137,8.399999618530273,7.0,7.0,2614,0.0,0.0
2008-03-24 00:00:00-04:00,7.0,7.139999866485596,7.0,7.0,750,0.0,0.0
2008-03-25 00:00:00-04:00,6.300000190734863,6.300000190734863,6.300000190734863,6.300000190734863,436,0.0,0.0
2008-03-26 00:00:00-04:00,5.739999771118164,8.539999961853027,5.739999771118164,8.260000228881836,6279,0.0,0.0
2008-03-27 00:00:00-04:00,7.699999809265137,7.699999809265137,7.699999809265137,7.699999809265137,64,0.0,0.0
2008-03-28 00:00:00-04:00,6.300000190734863,6.300000190734863,6.300000190734863,6.300000190734863,71,0.0,0.0
2008-03-31 00:00:00-04:00,6.300000190734863,8.119999885559082,5.599999904632568,7.699999809265137,1864,0.0,0.0
2008-04-01 00:00:00-04:00,6.300000190734863,8.119999885559082,6.300000190734863,7.0,1357,0.0,0.0
2008-04-02 00:00:00-04:00,7.0,7.0,7.0,7.0,0,0.0,0.0
2008-04-03 00:00:00-04:00,7.0,7.0,7.0,7.0,0,0.0,0.0
2008-04-04 00:00:00-04:00,7.0,7.0,5.599999904632568,5.599999904632568,1550,0.0,0.0
2008-04-07 00:00:00-04:00,5.599999904632568,6.159999847412109,5.599999904632568,5.599999904632568,1143,0.0,0.0
2008-04-08 00:00:00-04:00,5.599999904632568,6.300000190734863,5.599999904632568,6.300000190734863,2900,0.0,0.0
2008-04-09 00:00:00-04:00,5.880000114440918,5.880000114440918,5.739999771118164,5.739999771118164,1629,0.0,0.0
2008-04-10 00:00:00-04:00,5.599999904632568,6.019999980926514,5.599999904632568,6.019999980926514,4643,0.0,0.0
2008-04-11 00:00:00-04:00,6.019999980926514,6.159999847412109,6.019999980926514,6.019999980926514,1786,0.0,0.0
2008-04-14 00:00:00-04:00,6.019999980926514,6.019999980926514,6.019999980926514,6.019999980926514,0,0.0,0.0
2008-04-15 00:00:00-04:00,6.159999847412109,6.159999847412109,5.739999771118164,5.880000114440918,2143,0.0,0.0
2008-04-16 00:00:00-04:00,5.739999771118164,6.300000190734863,5.739999771118164,6.300000190734863,286,0.0,0.0
2008-04-17 00:00:00-04:00,5.880000114440918,5.880000114440918,4.900000095367432,4.900000095367432,3286,0.0,0.0
2008-04-18 00:00:00-04:00,5.599999904632568,5.599999904632568,5.599999904632568,5.599999904632568,1157,0.0,0.0
2008-04-21 00:00:00-04:00,5.739999771118164,5.739999771118164,5.320000171661377,5.320000171661377,943,0.0,0.0
2008-04-22 00:00:00-04:00,5.739999771118164,5.739999771118164,5.739999771118164,5.739999771118164,357,0.0,0.0
2008-04-23 00:00:00-04:00,5.739999771118164,5.739999771118164,5.739999771118164,5.739999771118164,0,0.0,0.0
2008-04-24 00:00:00-04:00,5.739999771118164,5.739999771118164,5.739999771118164,5.739999771118164,0,0.0,0.0
2008-04-25 00:00:00-04:00,5.599999904632568,5.599999904632568,5.599999904632568,5.599999904632568,7500,0.0,0.0
2008-04-28 00:00:00-04:00,4.900000095367432,4.900000095367432,4.199999809265137,4.900000095367432,4379,0.0,0.0
2008-04-29 00:00:00-04:00,4.900000095367432,4.900000095367432,4.900000095367432,4.900000095367432,7,0.0,0.0
2008-04-30 00:00:00-04:00,4.900000095367432,4.900000095367432,4.900000095367432,4.900000095367432,0,0.0,0.0
2008-05-01 00:00:00-04:00,4.900000095367432,4.900000095367432,4.900000095367432,4.900000095367432,86,0.0,0.0
2008-05-02 00:00:00-04:00,5.320000171661377,5.460000038146973,4.199999809265137,5.460000038146973,4371,0.0,0.0
2008-05-05 00:00:00-04:00,4.900000095367432,4.900000095367432,4.900000095367432,4.900000095367432,1786,0.0,0.0
2008-05-06 00:00:00-04:00,4.900000095367432,4.900000095367432,4.900000095367432,4.900000095367432,0,0.0,0.0
2008-05-07 00:00:00-04:00,4.480000019073486,4.480000019073486,4.199999809265137,4.340000152587891,2143,0.0,0.0
2008-05-08 00:00:00-04:00,4.199999809265137,4.900000095367432,4.199999809265137,4.900000095367432,107,0.0,0.0
2008-05-09 00:00:00-04:00,4.900000095367432,4.900000095367432,4.199999809265137,4.199999809265137,221,0.0,0.0
2008-05-12 00:00:00-04:00,4.199999809265137,4.199999809265137,4.199999809265137,4.199999809265137,0,0.0,0.0
2008-05-13 00:00:00-04:00,4.900000095367432,4.900000095367432,4.199999809265137,4.199999809265137,2043,0.0,0.0
2008-05-14 00:00:00-04:00,4.619999885559082,5.179999828338623,4.619999885559082,4.900000095367432,15100,0.0,0.0
2008-05-15 00:00:00-04:00,5.179999828338623,5.599999904632568,4.900000095367432,4.900000095367432,2200,0.0,0.0
2008-05-16 00:00:00-04:00,5.179999828338623,5.599999904632568,4.900000095367432,4.900000095367432,6493,0.0,0.0
2008-05-19 00:00:00-04:00,4.900000095367432,4.900000095367432,4.619999885559082,4.619999885559082,786,0.0,0.0
2008-05-20 00:00:00-04:00,4.199999809265137,5.039999961853027,3.927000045776367,5.039999961853027,1700,0.0,0.0
2008-05-21 00:00:00-04:00,5.039999961853027,5.039999961853027,5.039999961853027,5.039999961853027,0,0.0,0.0
2008-05-22 00:00:00-04:00,4.619999885559082,4.900000095367432,4.480000019073486,4.900000095367432,900,0.0,0.0
2008-05-23 00:00:00-04:00,4.760000228881836,4.760000228881836,4.619999885559082,4.619999885559082,57,0.0,0.0
2008-05-27 00:00:00-04:00,4.199999809265137,4.340000152587891,4.059999942779541,4.059999942779541,4793,0.0,0.0
2008-05-28 00:00:00-04:00,3.927000045776367,4.199999809265137,3.927000045776367,4.199999809265137,229,0.0,0.0
2008-05-29 00:00:00-04:00,4.900000095367432,4.900000095367432,4.199999809265137,4.199999809265137,2979,0.0,0.0
2008-05-30 00:00:00-04:00,4.900000095367432,4.900000095367432,4.900000095367432,4.900000095367432,1000,0.0,0.0
2008-06-02 00:00:00-04:00,4.900000095367432,4.900000095367432,4.900000095367432,4.900000095367432,736,0.0,0.0
2008-06-03 00:00:00-04:00,4.199999809265137,4.199999809265137,4.059999942779541,4.199999809265137,786,0.0,0.0
2008-06-04 00:00:00-04:00,4.199999809265137,4.199999809265137,3.9200000762939453,3.9200000762939453,1271,0.0,0.0
2008-06-05 00:00:00-04:00,3.9200000762939453,3.9200000762939453,3.9200000762939453,3.9200000762939453,357,0.0,0.0
2008-06-06 00:00:00-04:00,3.9200000762939453,3.9200000762939453,3.9200000762939453,3.9200000762939453,0,0.0,0.0
2008-06-09 00:00:00-04:00,3.9200000762939453,3.9200000762939453,3.9200000762939453,3.9200000762939453,0,0.0,0.0
2008-06-10 00:00:00-04:00,4.199999809265137,4.199999809265137,4.199999809265137,4.199999809265137,79,0.0,0.0
2008-06-11 00:00:00-04:00,4.760000228881836,4.900000095367432,4.760000228881836,4.900000095367432,143,0.0,0.0
2008-06-12 00:00:00-04:00,4.900000095367432,4.900000095367432,4.199999809265137,4.199999809265137,8286,0.0,0.0
2008-06-13 00:00:00-04:00,4.480000019073486,4.900000095367432,4.480000019073486,4.900000095367432,3321,0.0,0.0
2008-06-16 00:00:00-04:00,4.900000095367432,4.900000095367432,4.900000095367432,4.900000095367432,0,0.0,0.0
2008-06-17 00:00:00-04:00,4.340000152587891,4.900000095367432,3.9200000762939453,4.199999809265137,9336,0.0,0.0
2008-06-18 00:00:00-04:00,3.9200000762939453,4.199999809265137,3.9200000762939453,4.199999809265137,2336,0.0,0.0
2008-06-19 00:00:00-04:00,4.199999809265137,4.199999809265137,4.199999809265137,4.199999809265137,143,0.0,0.0
2008-06-20 00:00:00-04:00,4.199999809265137,4.199999809265137,4.059999942779541,4.059999942779541,1357,0.0,0.0
2008-06-23 00:00:00-04:00,4.059999942779541,4.059999942779541,4.059999942779541,4.059999942779541,0,0.0,0.0
2008-06-24 00:00:00-04:00,4.130000114440918,4.199999809265137,4.130000114440918,4.199999809265137,279,0.0,0.0
2008-06-25 00:00:00-04:00,4.199999809265137,4.199999809265137,4.199999809265137,4.199999809265137,143,0.0,0.0
2008-06-26 00:00:00-04:00,4.199999809265137,4.199999809265137,4.199999809265137,4.199999809265137,0,0.0,0.0
2008-06-27 00:00:00-04:00,4.199999809265137,4.199999809265137,4.199999809265137,4.199999809265137,279,0.0,0.0
2008-06-30 00:00:00-04:00,4.199999809265137,4.199999809265137,4.199999809265137,4.199999809265137,3764,0.0,0.0
2008-07-01 00:00:00-04:00,4.199999809265137,4.199999809265137,4.199999809265137,4.199999809265137,0,0.0,0.0
2008-07-02 00:00:00-04:00,4.199999809265137,4.199999809265137,4.199999809265137,4.199999809265137,500,0.0,0.0
2008-07-03 00:00:00-04:00,4.199999809265137,4.199999809265137,4.199999809265137,4.199999809265137,0,0.0,0.0
2008-07-07 00:00:00-04:00,4.059999942779541,4.199999809265137,3.640000104904175,3.9200000762939453,2143,0.0,0.0
2008-07-08 00:00:00-04:00,3.640000104904175,4.199999809265137,3.640000104904175,4.199999809265137,179,0.0,0.0
2008-07-09 00:00:00-04:00,4.199999809265137,4.199999809265137,4.199999809265137,4.199999809265137,0,0.0,0.0
2008-07-10 00:00:00-04:00,4.199999809265137,4.199999809265137,4.199999809265137,4.199999809265137,0,0.0,0.0
2008-07-11 00:00:00-04:00,3.640000104904175,4.199999809265137,3.640000104904175,4.199999809265137,279,0.0,0.0
2008-07-14 00:00:00-04:00,4.199999809265137,4.199999809265137,4.199999809265137,4.199999809265137,0,0.0,0.0
2008-07-15 00:00:00-04:00,4.199999809265137,4.199999809265137,4.199999809265137,4.199999809265137,0,0.0,0.0
2008-07-16 00:00:00-04:00,4.059999942779541,4.199999809265137,4.059999942779541,4.199999809265137,386,0.0,0.0
2008-07-17 00:00:00-04:00,4.199999809265137,4.199999809265137,4.199999809265137,4.199999809265137,3571,0.0,0.0
2008-07-18 00:00:00-04:00,4.199999809265137,4.199999809265137,4.199999809265137,4.199999809265137,143,0.0,0.0
2008-07-21 00:00:00-04:00,4.199999809265137,4.199999809265137,4.199999809265137,4.199999809265137,64,0.0,0.0
2008-07-22 00:00:00-04:00,4.199999809265137,4.199999809265137,4.199999809265137,4.199999809265137,214,0.0,0.0
2008-07-23 00:00:00-04:00,3.640000104904175,5.460000038146973,3.640000104904175,4.760000228881836,48121,0.0,0.0
2008-07-24 00:00:00-04:00,4.900000095367432,4.900000095367432,4.619999885559082,4.619999885559082,2807,0.0,0.0
2008-07-25 00:00:00-04:00,4.619999885559082,4.619999885559082,4.480000019073486,4.480000019073486,9643,0.0,0.0
2008-07-28 00:00:00-04:00,4.199999809265137,4.480000019073486,4.199999809265137,4.480000019073486,71,0.0,0.0
2008-07-29 00:00:00-04:00,4.199999809265137,4.340000152587891,4.199999809265137,4.199999809265137,5029,0.0,0.0
2008-07-30 00:00:00-04:00,4.199999809265137,4.199999809265137,4.199999809265137,4.199999809265137,729,0.0,0.0
2008-07-31 00:00:00-04:00,4.199999809265137,4.199999809265137,4.199999809265137,4.199999809265137,11429,0.0,0.0
2008-08-01 00:00:00-04:00,4.199999809265137,4.199999809265137,4.199999809265137,4.199999809265137,0,0.0,0.0
2008-08-04 00:00:00-04:00,4.199999809265137,4.199999809265137,4.199999809265137,4.199999809265137,43,0.0,0.0
2008-08-05 00:00:00-04:00,3.7799999713897705,4.199999809265137,3.4719998836517334,3.4719998836517334,10693,0.0,0.0
2008-08-06 00:00:00-04:00,3.2200000286102295,3.7799999713897705,3.2200000286102295,3.640000104904175,736,0.0,0.0
2008-08-07 00:00:00-04:00,3.9200000762939453,3.9200000762939453,3.9200000762939453,3.9200000762939453,193,0.0,0.0
2008-08-08 00:00:00-04:00,3.9200000762939453,4.199999809265137,3.5,3.9200000762939453,4714,0.0,0.0
2008-08-11 00:00:00-04:00,3.9200000762939453,3.9200000762939453,3.9200000762939453,3.9200000762939453,0,0.0,0.0
2008-08-12 00:00:00-04:00,3.7799999713897705,3.7799999713897705,3.7799999713897705,3.7799999713897705,1643,0.0,0.0
2008-08-13 00:00:00-04:00,3.7799999713897705,3.7799999713897705,3.640000104904175,3.7799999713897705,2150,0.0,0.0
2008-08-14 00:00:00-04:00,3.7799999713897705,4.059999942779541,3.7799999713897705,4.059999942779541,300,0.0,0.0
2008-08-15 00:00:00-04:00,3.5,4.199999809265137,3.5,4.199999809265137,86,0.0,0.0
2008-08-18 00:00:00-04:00,3.5,4.199999809265137,3.5,4.199999809265137,250,0.0,0.0
2008-08-19 00:00:00-04:00,3.5,3.5,3.5,3.5,4000,0.0,0.0
2008-08-20 00:00:00-04:00,3.359999895095825,3.359999895095825,3.2200000286102295,3.2200000286102295,3307,0.0,0.0
2008-08-21 00:00:00-04:00,3.5,3.5,3.2200000286102295,3.2200000286102295,2143,0.0,0.0
2008-08-22 00:00:00-04:00,3.359999895095825,3.359999895095825,3.2200000286102295,3.2200000286102295,1429,0.0,0.0
2008-08-25 00:00:00-04:00,4.059999942779541,4.059999942779541,4.059999942779541,4.059999942779541,3679,0.0,0.0
2008-08-26 00:00:00-04:00,4.059999942779541,4.059999942779541,3.7799999713897705,3.7799999713897705,3907,0.0,0.0
2008-08-27 00:00:00-04:00,3.359999895095825,3.9200000762939453,3.359999895095825,3.878000020980835,9029,0.0,0.0
2008-08-28 00:00:00-04:00,3.7799999713897705,4.059999942779541,3.7799999713897705,4.059999942779541,1500,0.0,0.0
2008-08-29 00:00:00-04:00,4.059999942779541,4.059999942779541,4.059999942779541,4.059999942779541,357,0.0,0.0
2008-09-02 00:00:00-04:00,3.7799999713897705,3.7799999713897705,3.7799999713897705,3.7799999713897705,714,0.0,0.0
2008-09-03 00:00:00-04:00,3.7799999713897705,3.7799999713897705,3.7799999713897705,3.7799999713897705,0,0.0,0.0
2008-09-04 00:00:00-04:00,4.059999942779541,4.059999942779541,4.059999942779541,4.059999942779541,71,0.0,0.0
2008-09-05 00:00:00-04:00,4.059999942779541,4.059999942779541,4.059999942779541,4.059999942779541,0,0.0,0.0
2008-09-08 00:00:00-04:00,3.5,4.059999942779541,3.5,4.059999942779541,429,0.0,0.0
2008-09-09 00:00:00-04:00,4.059999942779541,4.059999942779541,4.059999942779541,4.059999942779541,0,0.0,0.0
2008-09-10 00:00:00-04:00,3.5,4.059999942779541,3.5,4.059999942779541,571,0.0,0.0
2008-09-11 00:00:00-04:00,4.900000095367432,4.900000095367432,3.8499999046325684,3.8499999046325684,357,0.0,0.0
2008-09-12 00:00:00-04:00,3.5,4.199999809265137,3.5,4.199999809265137,1679,0.0,0.0
2008-09-15 00:00:00-04:00,4.199999809265137,4.199999809265137,4.199999809265137,4.199999809265137,0,0.0,0.0
2008-09-16 00:00:00-04:00,3.2200000286102295,4.199999809265137,3.2200000286102295,4.199999809265137,900,0.0,0.0
2008-09-17 00:00:00-04:00,4.199999809265137,4.199999809265137,4.199999809265137,4.199999809265137,0,0.0,0.0
2008-09-18 00:00:00-04:00,4.199999809265137,4.199999809265137,4.199999809265137,4.199999809265137,36,0.0,0.0
2008-09-19 00:00:00-04:00,4.199999809265137,4.199999809265137,4.199999809265137,4.199999809265137,0,0.0,0.0
2008-09-22 00:00:00-04:00,3.5,4.619999885559082,3.5,4.059999942779541,2550,0.0,0.0
2008-09-23 00:00:00-04:00,4.199999809265137,4.199999809265137,4.199999809265137,4.199999809265137,800,0.0,0.0
2008-09-24 00:00:00-04:00,4.199999809265137,4.199999809265137,4.199999809265137,4.199999809265137,0,0.0,0.0
2008-09-25 00:00:00-04:00,4.199999809265137,4.199999809265137,4.199999809265137,4.199999809265137,57,0.0,0.0
2008-09-26 00:00:00-04:00,4.199999809265137,4.199999809265137,3.2200000286102295,4.199999809265137,814,0.0,0.0
2008-09-29 00:00:00-04:00,3.0799999237060547,3.0799999237060547,3.0799999237060547,3.0799999237060547,500,0.0,0.0
2008-09-30 00:00:00-04:00,3.5,3.9200000762939453,3.0799999237060547,3.9200000762939453,707,0.0,0.0
2008-10-01 00:00:00-04:00,2.940000057220459,3.2200000286102295,2.799999952316284,3.2200000286102295,5536,0.0,0.0
2008-10-02 00:00:00-04:00,2.380000114440918,3.0799999237060547,2.380000114440918,3.0799999237060547,71,0.0,0.0
2008-10-03 00:00:00-04:00,2.799999952316284,2.799999952316284,1.6799999475479126,1.6799999475479126,12421,0.0,0.0
2008-10-06 00:00:00-04:00,2.0999999046325684,2.0999999046325684,1.5399999618530273,2.0999999046325684,2671,0.0,0.0
2008-10-07 00:00:00-04:00,1.5399999618530273,2.0999999046325684,1.399999976158142,1.9600000381469727,115900,0.0,0.0
2008-10-08 00:00:00-04:00,1.6799999475479126,2.5199999809265137,1.6799999475479126,2.5199999809265137,4150,0.0,0.0
2008-10-09 00:00:00-04:00,2.0999999046325684,2.0999999046325684,1.6799999475479126,2.0999999046325684,13529,0.0,0.0
2008-10-10 00:00:00-04:00,2.0999999046325684,2.0999999046325684,2.0999999046325684,2.0999999046325684,5721,0.0,0.0
2008-10-13 00:00:00-04:00,2.0999999046325684,2.0999999046325684,1.5399999618530273,1.9600000381469727,3057,0.0,0.0
2008-10-14 00:00:00-04:00,2.940000057220459,3.359999895095825,2.240000009536743,2.240000009536743,536,0.0,0.0
2008-10-15 00:00:00-04:00,2.240000009536743,2.240000009536743,2.240000009536743,2.240000009536743,1014,0.0,0.0
2008-10-16 00:00:00-04:00,2.0999999046325684,2.0999999046325684,2.0999999046325684,2.0999999046325684,1071,0.0,0.0
2008-10-17 00:00:00-04:00,2.0999999046325684,2.0999999046325684,2.0999999046325684,2.0999999046325684,71,0.0,0.0
2008-10-20 00:00:00-04:00,2.0999999046325684,2.0999999046325684,2.0999999046325684,2.0999999046325684,607,0.0,0.0
2008-10-21 00:00:00-04:00,1.9600000381469727,2.240000009536743,1.4700000286102295,2.240000009536743,15836,0.0,0.0
2008-10-22 00:00:00-04:00,1.4700000286102295,1.4700000286102295,1.4700000286102295,1.4700000286102295,3571,0.0,0.0
2008-10-23 00:00:00-04:00,1.5399999618530273,2.0999999046325684,1.4700000286102295,2.0999999046325684,3500,0.0,0.0
2008-10-24 00:00:00-04:00,2.0999999046325684,2.5199999809265137,2.0999999046325684,2.0999999046325684,2571,0.0,0.0
2008-10-27 00:00:00-04:00,2.5199999809265137,2.5199999809265137,2.5199999809265137,2.5199999809265137,71,0.0,0.0
2008-10-28 00:00:00-04:00,2.5199999809265137,2.799999952316284,2.5199999809265137,2.799999952316284,1236,0.0,0.0
2008-10-29 00:00:00-04:00,2.799999952316284,2.799999952316284,2.799999952316284,2.799999952316284,71,0.0,0.0
2008-10-30 00:00:00-04:00,1.8200000524520874,2.799999952316284,1.8200000524520874,2.799999952316284,250,0.0,0.0
2008-10-31 00:00:00-04:00,1.8200000524520874,2.799999952316284,1.8200000524520874,2.799999952316284,157,0.0,0.0
2008-11-03 00:00:00-05:00,2.799999952316284,2.799999952316284,2.799999952316284,2.799999952316284,357,0.0,0.0
2008-11-04 00:00:00-05:00,2.799999952316284,2.799999952316284,2.799999952316284,2.799999952316284,71,0.0,0.0
2008-11-05 00:00:00-05:00,2.799999952316284,2.799999952316284,2.799999952316284,2.799999952316284,0,0.0,0.0
2008-11-06 00:00:00-05:00,2.240000009536743,2.799999952316284,2.240000009536743,2.240000009536743,2236,0.0,0.0
2008-11-07 00:00:00-05:00,2.799999952316284,2.799999952316284,2.799999952316284,2.799999952316284,1386,0.0,0.0
2008-11-10 00:00:00-05:00,2.799999952316284,2.799999952316284,2.799999952316284,2.799999952316284,36,0.0,0.0
2008-11-11 00:00:00-05:00,2.799999952316284,2.799999952316284,2.799999952316284,2.799999952316284,0,0.0,0.0
2008-11-12 00:00:00-05:00,2.0999999046325684,2.0999999046325684,1.8200000524520874,1.8200000524520874,1429,0.0,0.0
2008-11-13 00:00:00-05:00,2.0999999046325684,2.0999999046325684,2.0999999046325684,2.0999999046325684,21,0.0,0.0
2008-11-14 00:00:00-05:00,2.0999999046325684,2.0999999046325684,2.0999999046325684,2.0999999046325684,0,0.0,0.0
2008-11-17 00:00:00-05:00,2.0999999046325684,2.0999999046325684,2.0999999046325684,2.0999999046325684,0,0.0,0.0
2008-11-18 00:00:00-05:00,2.0999999046325684,2.0999999046325684,2.0999999046325684,2.0999999046325684,0,0.0,0.0
2008-11-19 00:00:00-05:00,2.0999999046325684,2.0999999046325684,2.0999999046325684,2.0999999046325684,0,0.0,0.0
2008-11-20 00:00:00-05:00,2.0999999046325684,2.0999999046325684,2.0999999046325684,2.0999999046325684,0,0.0,0.0
2008-11-21 00:00:00-05:00,2.0999999046325684,2.0999999046325684,2.0999999046325684,2.0999999046325684,71,0.0,0.0
2008-11-24 00:00:00-05:00,1.5399999618530273,2.240000009536743,1.5399999618530273,2.0999999046325684,1171,0.0,0.0
2008-11-25 00:00:00-05:00,2.240000009536743,2.240000009536743,2.240000009536743,2.240000009536743,21,0.0,0.0
2008-11-26 00:00:00-05:00,2.240000009536743,2.240000009536743,2.240000009536743,2.240000009536743,36,0.0,0.0
2008-11-28 00:00:00-05:00,2.240000009536743,2.240000009536743,2.240000009536743,2.240000009536743,0,0.0,0.0
2008-12-01 00:00:00-05:00,1.6799999475479126,2.240000009536743,1.6799999475479126,2.240000009536743,114,0.0,0.0
2008-12-02 00:00:00-05:00,2.240000009536743,2.240000009536743,2.240000009536743,2.240000009536743,64,0.0,0.0
2008-12-03 00:00:00-05:00,2.240000009536743,2.240000009536743,2.240000009536743,2.240000009536743,0,0.0,0.0
2008-12-04 00:00:00-05:00,2.240000009536743,2.240000009536743,2.240000009536743,2.240000009536743,71,0.0,0.0
2008-12-05 00:00:00-05:00,2.240000009536743,2.240000009536743,2.240000009536743,2.240000009536743,0,0.0,0.0
2008-12-08 00:00:00-05:00,2.240000009536743,2.240000009536743,2.240000009536743,2.240000009536743,0,0.0,0.0
2008-12-09 00:00:00-05:00,2.240000009536743,2.240000009536743,2.240000009536743,2.240000009536743,0,0.0,0.0
2008-12-10 00:00:00-05:00,2.240000009536743,2.240000009536743,2.240000009536743,2.240000009536743,0,0.0,0.0
2008-12-11 00:00:00-05:00,2.240000009536743,2.240000009536743,2.240000009536743,2.240000009536743,0,0.0,0.0
2008-12-12 00:00:00-05:00,2.240000009536743,2.240000009536743,2.240000009536743,2.240000009536743,0,0.0,0.0
2008-12-15 00:00:00-05:00,1.6799999475479126,2.5199999809265137,1.6799999475479126,2.5199999809265137,343,0.0,0.0
2008-12-16 00:00:00-05:00,1.722000002861023,2.5199999809265137,1.722000002861023,2.5199999809265137,71,0.0,0.0
2008-12-17 00:00:00-05:00,2.5199999809265137,2.5199999809265137,2.5199999809265137,2.5199999809265137,0,0.0,0.0
2008-12-18 00:00:00-05:00,2.5199999809265137,2.5199999809265137,2.5199999809265137,2.5199999809265137,0,0.0,0.0
2008-12-19 00:00:00-05:00,1.5399999618530273,1.9600000381469727,1.5399999618530273,1.8200000524520874,5357,0.0,0.0
2008-12-22 00:00:00-05:00,1.6799999475479126,1.6799999475479126,1.6799999475479126,1.6799999475479126,714,0.0,0.0
2008-12-23 00:00:00-05:00,1.6799999475479126,1.6799999475479126,1.6799999475479126,1.6799999475479126,0,0.0,0.0
2008-12-24 00:00:00-05:00,1.6799999475479126,1.6799999475479126,1.6799999475479126,1.6799999475479126,0,0.0,0.0
2008-12-26 00:00:00-05:00,1.6799999475479126,1.6799999475479126,1.6799999475479126,1.6799999475479126,0,0.0,0.0
2008-12-29 00:00:00-05:00,1.399999976158142,1.6799999475479126,1.399999976158142,1.6799999475479126,429,0.0,0.0
2008-12-30 00:00:00-05:00,1.6799999475479126,1.6799999475479126,1.6799999475479126,1.6799999475479126,0,0.0,0.0
2008-12-31 00:00:00-05:00,2.5199999809265137,2.5199999809265137,1.6799999475479126,1.6799999475479126,429,0.0,0.0
2009-01-02 00:00:00-05:00,2.380000114440918,2.380000114440918,2.380000114440918,2.380000114440918,107,0.0,0.0
2009-01-05 00:00:00-05:00,2.380000114440918,2.380000114440918,2.380000114440918,2.380000114440918,0,0.0,0.0
2009-01-06 00:00:00-05:00,2.380000114440918,2.380000114440918,2.380000114440918,2.380000114440918,0,0.0,0.0
2009-01-07 00:00:00-05:00,2.380000114440918,2.380000114440918,2.380000114440918,2.380000114440918,0,0.0,0.0
2009-01-08 00:00:00-05:00,2.380000114440918,2.380000114440918,2.380000114440918,2.380000114440918,0,0.0,0.0
2009-01-09 00:00:00-05:00,2.380000114440918,2.380000114440918,2.380000114440918,2.380000114440918,0,0.0,0.0
2009-01-12 00:00:00-05:00,2.240000009536743,2.240000009536743,2.240000009536743,2.240000009536743,71,0.0,0.0
2009-01-13 00:00:00-05:00,2.240000009536743,2.240000009536743,2.240000009536743,2.240000009536743,14,0.0,0.0
2009-01-14 00:00:00-05:00,2.240000009536743,2.240000009536743,2.240000009536743,2.240000009536743,143,0.0,0.0
2009-01-15 00:00:00-05:00,2.240000009536743,2.240000009536743,2.240000009536743,2.240000009536743,0,0.0,0.0
2009-01-16 00:00:00-05:00,2.240000009536743,2.240000009536743,2.240000009536743,2.240000009536743,229,0.0,0.0
2009-01-20 00:00:00-05:00,2.240000009536743,2.240000009536743,2.240000009536743,2.240000009536743,0,0.0,0.0
2009-01-21 00:00:00-05:00,2.240000009536743,2.240000009536743,2.240000009536743,2.240000009536743,714,0.0,0.0
2009-01-22 00:00:00-05:00,2.240000009536743,2.240000009536743,2.240000009536743,2.240000009536743,0,0.0,0.0
2009-01-23 00:00:00-05:00,2.240000009536743,2.240000009536743,2.240000009536743,2.240000009536743,0,0.0,0.0
2009-01-26 00:00:00-05:00,2.240000009536743,2.240000009536743,2.240000009536743,2.240000009536743,0,0.0,0.0
2009-01-27 00:00:00-05:00,2.240000009536743,2.240000009536743,2.240000009536743,2.240000009536743,143,0.0,0.0
2009-01-28 00:00:00-05:00,2.240000009536743,2.240000009536743,2.240000009536743,2.240000009536743,21,0.0,0.0
2009-01-29 00:00:00-05:00,2.240000009536743,2.240000009536743,2.240000009536743,2.240000009536743,0,0.0,0.0
2009-01-30 00:00:00-05:00,2.240000009536743,2.240000009536743,2.240000009536743,2.240000009536743,0,0.0,0.0
2009-02-02 00:00:00-05:00,2.240000009536743,2.240000009536743,2.240000009536743,2.240000009536743,0,0.0,0.0
2009-02-03 00:00:00-05:00,2.240000009536743,2.240000009536743,2.240000009536743,2.240000009536743,0,0.0,0.0
2009-02-04 00:00:00-05:00,2.240000009536743,2.240000009536743,2.240000009536743,2.240000009536743,0,0.0,0.0
2009-02-05 00:00:00-05:00,2.0999999046325684,2.0999999046325684,2.0999999046325684,2.0999999046325684,71,0.0,0.0
2009-02-06 00:00:00-05:00,2.0999999046325684,2.0999999046325684,2.0999999046325684,2.0999999046325684,0,0.0,0.0
2009-02-09 00:00:00-05:00,2.0999999046325684,2.0999999046325684,2.0999999046325684,2.0999999046325684,0,0.0,0.0
2009-02-10 00:00:00-05:00,2.0999999046325684,2.0999999046325684,2.0999999046325684,2.0999999046325684,0,0.0,0.0
2009-02-11 00:00:00-05:00,2.0999999046325684,2.0999999046325684,2.0999999046325684,2.0999999046325684,0,0.0,0.0
2009-02-12 00:00:00-05:00,2.0999999046325684,2.0999999046325684,2.0999999046325684,2.0999999046325684,0,0.0,0.0
2009-02-13 00:00:00-05:00,1.9600000381469727,1.9600000381469727,1.9600000381469727,1.9600000381469727,7,0.0,0.0
2009-02-17 00:00:00-05:00,1.9600000381469727,1.9600000381469727,1.9600000381469727,1.9600000381469727,0,0.0,0.0
2009-02-18 00:00:00-05:00,1.399999976158142,1.399999976158142,1.1200000047683716,1.1200000047683716,1786,0.0,0.0
2009-02-19 00:00:00-05:00,1.1200000047683716,1.1200000047683716,1.1200000047683716,1.1200000047683716,0,0.0,0.0
2009-02-20 00:00:00-05:00,1.1200000047683716,1.1200000047683716,1.1200000047683716,1.1200000047683716,714,0.0,0.0
2009-02-23 00:00:00-05:00,1.1200000047683716,1.1200000047683716,1.1200000047683716,1.1200000047683716,0,0.0,0.0
2009-02-24 00:00:00-05:00,1.1200000047683716,1.1200000047683716,1.1200000047683716,1.1200000047683716,0,0.0,0.0
2009-02-25 00:00:00-05:00,1.1200000047683716,1.1200000047683716,1.1200000047683716,1.1200000047683716,0,0.0,0.0
2009-02-26 00:00:00-05:00,1.1200000047683716,1.1200000047683716,1.1200000047683716,1.1200000047683716,0,0.0,0.0
2009-02-27 00:00:00-05:00,1.1200000047683716,1.1200000047683716,1.1200000047683716,1.1200000047683716,0,0.0,0.0
2009-03-02 00:00:00-05:00,1.1200000047683716,1.1200000047683716,1.1200000047683716,1.1200000047683716,0,0.0,0.0
2009-03-03 00:00:00-05:00,0.699999988079071,0.699999988079071,0.699999988079071,0.699999988079071,36,0.0,0.0
2009-03-04 00:00:00-05:00,1.2599999904632568,1.2599999904632568,1.2599999904632568,1.2599999904632568,29,0.0,0.0
2009-03-05 00:00:00-05:00,1.2599999904632568,1.2599999904632568,1.2599999904632568,1.2599999904632568,0,0.0,0.0
2009-03-06 00:00:00-05:00,1.2599999904632568,1.2599999904632568,0.699999988079071,0.699999988079071,2900,0.0,0.0
2009-03-09 00:00:00-04:00,0.699999988079071,0.699999988079071,0.699999988079071,0.699999988079071,0,0.0,0.0
2009-03-10 00:00:00-04:00,0.699999988079071,0.699999988079071,0.699999988079071,0.699999988079071,357,0.0,0.0
2009-03-11 00:00:00-04:00,0.699999988079071,0.699999988079071,0.699999988079071,0.699999988079071,0,0.0,0.0
2009-03-12 00:00:00-04:00,0.699999988079071,0.699999988079071,0.699999988079071,0.699999988079071,0,0.0,0.0
2009-03-13 00:00:00-04:00,0.699999988079071,0.699999988079071,0.699999988079071,0.699999988079071,1364,0.0,0.0
2009-03-16 00:00:00-04:00,0.699999988079071,0.699999988079071,0.699999988079071,0.699999988079071,50,0.0,0.0
2009-03-17 00:00:00-04:00,0.699999988079071,0.699999988079071,0.699999988079071,0.699999988079071,286,0.0,0.0
2009-03-18 00:00:00-04:00,0.699999988079071,0.699999988079071,0.699999988079071,0.699999988079071,0,0.0,0.0
2009-03-19 00:00:00-04:00,0.41999998688697815,0.699999988079071,0.41999998688697815,0.699999988079071,364,0.0,0.0
2009-03-20 00:00:00-04:00,0.699999988079071,0.699999988079071,0.699999988079071,0.699999988079071,0,0.0,0.0
2009-03-23 00:00:00-04:00,0.699999988079071,0.699999988079071,0.699999988079071,0.699999988079071,0,0.0,0.0
2009-03-24 00:00:00-04:00,0.699999988079071,0.699999988079071,0.699999988079071,0.699999988079071,0,0.0,0.0
2009-03-25 00:00:00-04:00,0.699999988079071,0.699999988079071,0.699999988079071,0.699999988079071,357,0.0,0.0
2009-03-26 00:00:00-04:00,1.3300000429153442,1.3300000429153442,1.3300000429153442,1.3300000429153442,71,0.0,0.0
2009-03-27 00:00:00-04:00,1.3300000429153442,1.3300000429153442,1.3300000429153442,1.3300000429153442,0,0.0,0.0
2009-03-30 00:00:00-04:00,1.3300000429153442,1.3300000429153442,1.3300000429153442,1.3300000429153442,0,0.0,0.0
2009-03-31 00:00:00-04:00,1.3300000429153442,1.3300000429153442,1.3300000429153442,1.3300000429153442,0,0.0,0.0
2009-04-01 00:00:00-04:00,1.3300000429153442,1.3300000429153442,1.3300000429153442,1.3300000429153442,0,0.0,0.0
2009-04-02 00:00:00-04:00,1.3300000429153442,1.3300000429153442,1.3300000429153442,1.3300000429153442,0,0.0,0.0
2009-04-03 00:00:00-04:00,1.3300000429153442,1.3300000429153442,1.3300000429153442,1.3300000429153442,0,0.0,0.0
2009-04-06 00:00:00-04:00,1.3300000429153442,1.3300000429153442,1.3300000429153442,1.3300000429153442,0,0.0,0.0
2009-04-07 00:00:00-04:00,1.3300000429153442,1.3300000429153442,1.3300000429153442,1.3300000429153442,0,0.0,0.0
2009-04-08 00:00:00-04:00,1.3300000429153442,1.3300000429153442,1.3300000429153442,1.3300000429153442,0,0.0,0.0
2009-04-09 00:00:00-04:00,0.8399999737739563,0.8399999737739563,0.7699999809265137,0.8399999737739563,2943,0.0,0.0
2009-04-13 00:00:00-04:00,0.8399999737739563,0.8399999737739563,0.8399999737739563,0.8399999737739563,0,0.0,0.0
2009-04-14 00:00:00-04:00,0.7699999809265137,0.7699999809265137,0.7699999809265137,0.7699999809265137,357,0.0,0.0
2009-04-15 00:00:00-04:00,0.699999988079071,0.699999988079071,0.699999988079071,0.699999988079071,357,0.0,0.0
2009-04-16 00:00:00-04:00,0.6650000214576721,0.699999988079071,0.6650000214576721,0.699999988079071,5714,0.0,0.0
2009-04-17 00:00:00-04:00,0.699999988079071,0.699999988079071,0.699999988079071,0.699999988079071,0,0.0,0.0
2009-04-20 00:00:00-04:00,0.699999988079071,0.699999988079071,0.699999988079071,0.699999988079071,0,0.0,0.0
2009-04-21 00:00:00-04:00,0.6299999952316284,0.6299999952316284,0.6299999952316284,0.6299999952316284,357,0.0,0.0
2009-04-22 00:00:00-04:00,0.5600000023841858,0.5600000023841858,0.5600000023841858,0.5600000023841858,2857,0.0,0.0
2009-04-23 00:00:00-04:00,0.5600000023841858,0.5600000023841858,0.5600000023841858,0.5600000023841858,0,0.0,0.0
2009-04-24 00:00:00-04:00,0.2939999997615814,0.5600000023841858,0.2939999997615814,0.5600000023841858,250,0.0,0.0
2009-04-27 00:00:00-04:00,0.5600000023841858,0.5600000023841858,0.5600000023841858,0.5600000023841858,893,0.0,0.0
2009-04-28 00:00:00-04:00,0.5600000023841858,0.5600000023841858,0.5600000023841858,0.5600000023841858,893,0.0,0.0
2009-04-29 00:00:00-04:00,0.5600000023841858,0.5600000023841858,0.5600000023841858,0.5600000023841858,3857,0.0,0.0
2009-04-30 00:00:00-04:00,0.5600000023841858,0.5600000023841858,0.5600000023841858,0.5600000023841858,0,0.0,0.0
2009-05-01 00:00:00-04:00,0.5740000009536743,0.8399999737739563,0.5740000009536743,0.8399999737739563,1286,0.0,0.0
2009-05-04 00:00:00-04:00,0.8399999737739563,0.8399999737739563,0.8399999737739563,0.8399999737739563,0,0.0,0.0
2009-05-05 00:00:00-04:00,0.8399999737739563,1.1200000047683716,0.8399999737739563,1.1200000047683716,8350,0.0,0.0
2009-05-06 00:00:00-04:00,1.0499999523162842,1.75,1.0499999523162842,1.6100000143051147,7293,0.0,0.0
2009-05-07 00:00:00-04:00,1.4700000286102295,1.5399999618530273,1.4700000286102295,1.5399999618530273,1786,0.0,0.0
2009-05-08 00:00:00-04:00,1.3300000429153442,1.6100000143051147,1.2599999904632568,1.5399999618530273,8064,0.0,0.0
2009-05-11 00:00:00-04:00,1.3300000429153442,1.3300000429153442,1.2599999904632568,1.2599999904632568,714,0.0,0.0
2009-05-12 00:00:00-04:00,1.2599999904632568,1.2599999904632568,1.2599999904632568,1.2599999904632568,0,0.0,0.0
2009-05-13 00:00:00-04:00,1.5399999618530273,1.5399999618530273,1.1200000047683716,1.1200000047683716,1929,0.0,0.0
2009-05-14 00:00:00-04:00,1.1200000047683716,1.1200000047683716,1.1200000047683716,1.1200000047683716,0,0.0,0.0
2009-05-15 00:00:00-04:00,1.1200000047683716,1.1200000047683716,1.1200000047683716,1.1200000047683716,0,0.0,0.0
2009-05-18 00:00:00-04:00,1.0499999523162842,1.0499999523162842,1.0499999523162842,1.0499999523162842,350,0.0,0.0
2009-05-19 00:00:00-04:00,1.246000051498413,1.246000051498413,1.246000051498413,1.246000051498413,3571,0.0,0.0
2009-05-20 00:00:00-04:00,1.246000051498413,1.246000051498413,1.246000051498413,1.246000051498413,0,0.0,0.0
2009-05-21 00:00:00-04:00,1.246000051498413,1.246000051498413,1.246000051498413,1.246000051498413,0,0.0,0.0
2009-05-22 00:00:00-04:00,1.2319999933242798,1.2319999933242798,0.9800000190734863,1.2319999933242798,621,0.0,0.0
2009-05-26 00:00:00-04:00,1.2319999933242798,1.2319999933242798,1.2319999933242798,1.2319999933242798,0,0.0,0.0
2009-05-27 00:00:00-04:00,0.8399999737739563,0.8399999737739563,0.8399999737739563,0.8399999737739563,357,0.0,0.0
2009-05-28 00:00:00-04:00,0.8399999737739563,0.8399999737739563,0.8399999737739563,0.8399999737739563,0,0.0,0.0
2009-05-29 00:00:00-04:00,0.8399999737739563,0.8399999737739563,0.8399999737739563,0.8399999737739563,0,0.0,0.0
2009-06-01 00:00:00-04:00,0.847000002861023,0.847000002861023,0.847000002861023,0.847000002861023,2764,0.0,0.0
2009-06-02 00:00:00-04:00,0.847000002861023,0.847000002861023,0.847000002861023,0.847000002861023,0,0.0,0.0
2009-06-03 00:00:00-04:00,0.9800000190734863,0.9800000190734863,0.9800000190734863,0.9800000190734863,71,0.0,0.0
2009-06-04 00:00:00-04:00,0.9800000190734863,0.9800000190734863,0.9800000190734863,0.9800000190734863,0,0.0,0.0
2009-06-05 00:00:00-04:00,0.9800000190734863,0.9800000190734863,0.847000002861023,0.847000002861023,1000,0.0,0.0
2009-06-08 00:00:00-04:00,0.8399999737739563,0.8539999723434448,0.8399999737739563,0.8539999723434448,1429,0.0,0.0
2009-06-09 00:00:00-04:00,0.699999988079071,1.218000054359436,0.699999988079071,1.218000054359436,2650,0.0,0.0
2009-06-10 00:00:00-04:00,1.218000054359436,1.218000054359436,1.218000054359436,1.218000054359436,0,0.0,0.0
2009-06-11 00:00:00-04:00,0.8399999737739563,1.218000054359436,0.699999988079071,1.218000054359436,2407,0.0,0.0
2009-06-12 00:00:00-04:00,1.218000054359436,1.218000054359436,1.218000054359436,1.218000054359436,0,0.0,0.0
2009-06-15 00:00:00-04:00,1.218000054359436,1.218000054359436,1.218000054359436,1.218000054359436,0,0.0,0.0
2009-06-16 00:00:00-04:00,1.218000054359436,1.218000054359436,1.218000054359436,1.218000054359436,0,0.0,0.0
2009-06-17 00:00:00-04:00,1.218000054359436,1.218000054359436,1.218000054359436,1.218000054359436,0,0.0,0.0
2009-06-18 00:00:00-04:00,1.190000057220459,1.190000057220459,1.190000057220459,1.190000057220459,714,0.0,0.0
2009-06-19 00:00:00-04:00,1.190000057220459,1.190000057220459,1.190000057220459,1.190000057220459,0,0.0,0.0
2009-06-22 00:00:00-04:00,1.190000057220459,1.190000057220459,1.190000057220459,1.190000057220459,0,0.0,0.0
2009-06-23 00:00:00-04:00,1.190000057220459,1.2319999933242798,1.190000057220459,1.2319999933242798,857,0.0,0.0
2009-06-24 00:00:00-04:00,1.1200000047683716,1.1200000047683716,1.1200000047683716,1.1200000047683716,893,0.0,0.0
2009-06-25 00:00:00-04:00,1.1200000047683716,1.1200000047683716,1.1200000047683716,1.1200000047683716,1179,0.0,0.0
2009-06-26 00:00:00-04:00,1.1200000047683716,1.1200000047683716,1.1200000047683716,1.1200000047683716,0,0.0,0.0
2009-06-29 00:00:00-04:00,1.399999976158142,1.399999976158142,1.399999976158142,1.399999976158142,714,0.0,0.0
2009-06-30 00:00:00-04:00,1.399999976158142,1.399999976158142,1.1200000047683716,1.1200000047683716,2286,0.0,0.0
2009-07-01 00:00:00-04:00,1.1200000047683716,1.399999976158142,1.1200000047683716,1.399999976158142,3786,0.0,0.0
2009-07-02 00:00:00-04:00,1.399999976158142,1.399999976158142,1.399999976158142,1.399999976158142,0,0.0,0.0
2009-07-06 00:00:00-04:00,1.399999976158142,1.399999976158142,1.399999976158142,1.399999976158142,0,0.0,0.0
2009-07-07 00:00:00-04:00,0.8399999737739563,0.8399999737739563,0.8399999737739563,0.8399999737739563,3121,0.0,0.0
2009-07-08 00:00:00-04:00,0.8399999737739563,0.8399999737739563,0.8399999737739563,0.8399999737739563,0,0.0,0.0
2009-07-09 00:00:00-04:00,1.399999976158142,2.240000009536743,1.399999976158142,1.6799999475479126,429,0.0,0.0
2009-07-10 00:00:00-04:00,1.399999976158142,1.399999976158142,1.399999976158142,1.399999976158142,29,0.0,0.0
2009-07-13 00:00:00-04:00,1.399999976158142,1.399999976158142,1.399999976158142,1.399999976158142,0,0.0,0.0
2009-07-14 00:00:00-04:00,1.399999976158142,1.399999976158142,1.399999976158142,1.399999976158142,0,0.0,0.0
2009-07-15 00:00:00-04:00,1.399999976158142,1.399999976158142,1.399999976158142,1.399999976158142,0,0.0,0.0
2009-07-16 00:00:00-04:00,0.9800000190734863,0.9800000190734863,0.8399999737739563,0.8399999737739563,22143,0.0,0.0
2009-07-17 00:00:00-04:00,0.9800000190734863,0.9800000190734863,0.9800000190734863,0.9800000190734863,593,0.0,0.0
2009-07-20 00:00:00-04:00,0.8399999737739563,0.8399999737739563,0.8399999737739563,0.8399999737739563,714,0.0,0.0
2009-07-21 00:00:00-04:00,0.8399999737739563,0.8399999737739563,0.8399999737739563,0.8399999737739563,0,0.0,0.0
2009-07-22 00:00:00-04:00,1.1200000047683716,1.1200000047683716,0.699999988079071,0.699999988079071,7936,0.0,0.0
2009-07-23 00:00:00-04:00,0.8399999737739563,0.8399999737739563,0.699999988079071,0.699999988079071,1643,0.0,0.0
2009-07-24 00:00:00-04:00,0.699999988079071,1.1200000047683716,0.699999988079071,0.8399999737739563,4357,0.0,0.0
2009-07-27 00:00:00-04:00,0.8399999737739563,0.8399999737739563,0.8399999737739563,0.8399999737739563,0,0.0,0.0
2009-07-28 00:00:00-04:00,0.8399999737739563,0.8399999737739563,0.699999988079071,0.699999988079071,7664,0.0,0.0
2009-07-29 00:00:00-04:00,0.699999988079071,1.6799999475479126,0.699999988079071,1.0499999523162842,11871,0.0,0.0
2009-07-30 00:00:00-04:00,1.1200000047683716,1.1200000047683716,0.9100000262260437,1.1200000047683716,3900,0.0,0.0
2009-07-31 00:00:00-04:00,1.4700000286102295,1.4700000286102295,1.2599999904632568,1.2599999904632568,2686,0.0,0.0
2009-08-03 00:00:00-04:00,1.2599999904632568,1.2599999904632568,1.2599999904632568,1.2599999904632568,0,0.0,0.0
2009-08-04 00:00:00-04:00,1.2599999904632568,1.2599999904632568,0.9100000262260437,0.9100000262260437,821,0.0,0.0
2009-08-05 00:00:00-04:00,0.9800000190734863,0.9800000190734863,0.9800000190734863,0.9800000190734863,3571,0.0,0.0
2009-08-06 00:00:00-04:00,0.9800000190734863,0.9800000190734863,0.9800000190734863,0.9800000190734863,0,0.0,0.0
2009-08-07 00:00:00-04:00,1.3650000095367432,1.3650000095367432,1.3650000095367432,1.3650000095367432,3571,0.0,0.0
2009-08-10 00:00:00-04:00,1.190000057220459,1.190000057220459,1.190000057220459,1.190000057220459,1429,0.0,0.0
2009-08-11 00:00:00-04:00,1.1200000047683716,1.1200000047683716,1.1200000047683716,1.1200000047683716,357,0.0,0.0
2009-08-12 00:00:00-04:00,1.1200000047683716,1.1200000047683716,1.1200000047683716,1.1200000047683716,0,0.0,0.0
2009-08-13 00:00:00-04:00,1.1200000047683716,1.1200000047683716,1.1200000047683716,1.1200000047683716,0,0.0,0.0
2009-08-14 00:00:00-04:00,1.1200000047683716,1.1200000047683716,1.1200000047683716,1.1200000047683716,0,0.0,0.0
2009-08-17 00:00:00-04:00,0.2800000011920929,1.5399999618530273,0.2800000011920929,1.5399999618530273,5364,0.0,0.0
2009-08-18 00:00:00-04:00,1.5399999618530273,1.5399999618530273,1.5399999618530273,1.5399999618530273,21,0.0,0.0
2009-08-19 00:00:00-04:00,1.5399999618530273,1.5399999618530273,1.5399999618530273,1.5399999618530273,0,0.0,0.0
2009-08-20 00:00:00-04:00,1.5399999618530273,1.5399999618530273,1.5399999618530273,1.5399999618530273,0,0.0,0.0
2009-08-21 00:00:00-04:00,1.6799999475479126,1.6799999475479126,1.5399999618530273,1.5399999618530273,264,0.0,0.0
2009-08-24 00:00:00-04:00,1.1200000047683716,1.5399999618530273,1.1200000047683716,1.5399999618530273,929,0.0,0.0
2009-08-25 00:00:00-04:00,1.1200000047683716,1.1200000047683716,1.1200000047683716,1.1200000047683716,214,0.0,0.0
2009-08-26 00:00:00-04:00,1.1200000047683716,1.1200000047683716,1.1200000047683716,1.1200000047683716,0,0.0,0.0
2009-08-27 00:00:00-04:00,1.1200000047683716,1.1200000047683716,1.1200000047683716,1.1200000047683716,0,0.0,0.0
2009-08-28 00:00:00-04:00,1.1200000047683716,1.1200000047683716,1.1200000047683716,1.1200000047683716,407,0.0,0.0
2009-08-31 00:00:00-04:00,1.1200000047683716,1.1200000047683716,1.1200000047683716,1.1200000047683716,0,0.0,0.0
2009-09-01 00:00:00-04:00,0.9100000262260437,0.9100000262260437,0.9100000262260437,0.9100000262260437,714,0.0,0.0
2009-09-02 00:00:00-04:00,0.9100000262260437,0.9100000262260437,0.9100000262260437,0.9100000262260437,0,0.0,0.0
2009-09-03 00:00:00-04:00,0.9100000262260437,0.9100000262260437,0.9100000262260437,0.9100000262260437,0,0.0,0.0
2009-09-04 00:00:00-04:00,0.9100000262260437,0.9100000262260437,0.9100000262260437,0.9100000262260437,214,0.0,0.0
2009-09-08 00:00:00-04:00,0.9100000262260437,0.9100000262260437,0.9100000262260437,0.9100000262260437,0,0.0,0.0
2009-09-09 00:00:00-04:00,0.9100000262260437,0.9100000262260437,0.5600000023841858,0.5600000023841858,9357,0.0,0.0
2009-09-10 00:00:00-04:00,1.5399999618530273,1.5399999618530273,1.5399999618530273,1.5399999618530273,714,0.0,0.0
2009-09-11 00:00:00-04:00,0.5600000023841858,0.5600000023841858,0.5600000023841858,0.5600000023841858,179,0.0,0.0
2009-09-14 00:00:00-04:00,1.5399999618530273,1.5399999618530273,1.5399999618530273,1.5399999618530273,714,0.0,0.0
2009-09-15 00:00:00-04:00,1.5399999618530273,1.5399999618530273,1.5399999618530273,1.5399999618530273,0,0.0,0.0
2009-09-16 00:00:00-04:00,0.8399999737739563,0.8399999737739563,0.8399999737739563,0.8399999737739563,79,0.0,0.0
2009-09-17 00:00:00-04:00,1.1200000047683716,1.399999976158142,1.1200000047683716,1.399999976158142,1143,0.0,0.0
2009-09-18 00:00:00-04:00,0.9800000190734863,1.4700000286102295,0.9800000190734863,1.1200000047683716,2021,0.0,0.0
2009-09-21 00:00:00-04:00,1.1200000047683716,1.1200000047683716,1.1200000047683716,1.1200000047683716,0,0.0,0.0
2009-09-22 00:00:00-04:00,1.399999976158142,1.399999976158142,0.6299999952316284,0.6299999952316284,12000,0.0,0.0
2009-09-23 00:00:00-04:00,0.6439999938011169,0.6439999938011169,0.47600001096725464,0.6019999980926514,17829,0.0,0.0
2009-09-24 00:00:00-04:00,0.6159999966621399,0.6159999966621399,0.5180000066757202,0.5600000023841858,9643,0.0,0.0
2009-09-25 00:00:00-04:00,0.6019999980926514,0.6019999980926514,0.5320000052452087,0.5320000052452087,786,0.0,0.0
2009-09-28 00:00:00-04:00,0.5320000052452087,0.5320000052452087,0.5320000052452087,0.5320000052452087,1429,0.0,0.0
2009-09-29 00:00:00-04:00,0.5320000052452087,0.5320000052452087,0.5320000052452087,0.5320000052452087,0,0.0,0.0
2009-09-30 00:00:00-04:00,0.5320000052452087,0.5320000052452087,0.5320000052452087,0.5320000052452087,179,0.0,0.0
2009-10-01 00:00:00-04:00,0.5320000052452087,0.5320000052452087,0.5320000052452087,0.5320000052452087,0,0.0,0.0
2009-10-02 00:00:00-04:00,0.5320000052452087,0.5320000052452087,0.5320000052452087,0.5320000052452087,0,0.0,0.0
2009-10-05 00:00:00-04:00,0.2939999997615814,0.2939999997615814,0.2939999997615814,0.2939999997615814,357,0.0,0.0
2009-10-06 00:00:00-04:00,0.2939999997615814,0.2939999997615814,0.2939999997615814,0.2939999997615814,0,0.0,0.0
2009-10-07 00:00:00-04:00,0.41999998688697815,0.41999998688697815,0.2800000011920929,0.2800000011920929,4829,0.0,0.0
2009-10-08 00:00:00-04:00,0.2800000011920929,0.2800000011920929,0.2800000011920929,0.2800000011920929,2143,0.0,0.0
2009-10-09 00:00:00-04:00,0.2800000011920929,0.2800000011920929,0.2800000011920929,0.2800000011920929,5000,0.0,0.0
2009-10-12 00:00:00-04:00,0.26600000262260437,0.26600000262260437,0.26600000262260437,0.26600000262260437,929,0.0,0.0
2009-10-13 00:00:00-04:00,0.2800000011920929,0.2800000011920929,0.18199999630451202,0.18199999630451202,4736,0.0,0.0
2009-10-14 00:00:00-04:00,0.2800000011920929,0.2800000011920929,0.2800000011920929,0.2800000011920929,1700,0.0,0.0
2009-10-15 00:00:00-04:00,0.3499999940395355,0.4185999929904938,0.3499999940395355,0.4185999929904938,1929,0.0,0.0
2009-10-16 00:00:00-04:00,0.5320000052452087,1.1059999465942383,0.5320000052452087,1.1059999465942383,8286,0.0,0.0
2009-10-19 00:00:00-04:00,1.1200000047683716,1.1200000047683716,0.3346000015735626,0.4480000138282776,7457,0.0,0.0
2009-10-20 00:00:00-04:00,0.335999995470047,1.1200000047683716,0.335999995470047,1.1200000047683716,3293,0.0,0.0
2009-10-21 00:00:00-04:00,1.1200000047683716,1.1200000047683716,1.1200000047683716,1.1200000047683716,0,0.0,0.0
2009-10-22 00:00:00-04:00,1.1200000047683716,1.1200000047683716,1.1200000047683716,1.1200000047683716,0,0.0,0.0
2009-10-23 00:00:00-04:00,1.1200000047683716,1.1200000047683716,1.1200000047683716,1.1200000047683716,0,0.0,0.0
2009-10-26 00:00:00-04:00,1.1200000047683716,1.1200000047683716,1.1200000047683716,1.1200000047683716,0,0.0,0.0
2009-10-27 00:00:00-04:00,1.1200000047683716,1.1200000047683716,1.1200000047683716,1.1200000047683716,0,0.0,0.0
2009-10-28 00:00:00-04:00,1.1200000047683716,1.1200000047683716,1.1200000047683716,1.1200000047683716,0,0.0,0.0
2009-10-29 00:00:00-04:00,1.1200000047683716,1.1200000047683716,1.1200000047683716,1.1200000047683716,0,0.0,0.0
2009-10-30 00:00:00-04:00,1.1200000047683716,1.1200000047683716,1.1200000047683716,1.1200000047683716,0,0.0,0.0
2009-11-02 00:00:00-05:00,0.41999998688697815,0.41999998688697815,0.41999998688697815,0.41999998688697815,3857,0.0,0.0
2009-11-03 00:00:00-05:00,0.41999998688697815,0.41999998688697815,0.41999998688697815,0.41999998688697815,0,0.0,0.0
2009-11-04 00:00:00-05:00,0.41999998688697815,0.41999998688697815,0.41999998688697815,0.41999998688697815,0,0.0,0.0
2009-11-05 00:00:00-05:00,0.41999998688697815,0.41999998688697815,0.41999998688697815,0.41999998688697815,0,0.0,0.0
2009-11-06 00:00:00-05:00,0.41999998688697815,0.41999998688697815,0.41999998688697815,0.41999998688697815,0,0.0,0.0
2009-11-09 00:00:00-05:00,0.41999998688697815,0.41999998688697815,0.41999998688697815,0.41999998688697815,121,0.0,0.0
2009-11-10 00:00:00-05:00,0.41999998688697815,0.41999998688697815,0.41999998688697815,0.41999998688697815,0,0.0,0.0
2009-11-11 00:00:00-05:00,0.41999998688697815,0.41999998688697815,0.41999998688697815,0.41999998688697815,0,0.0,0.0
2009-11-12 00:00:00-05:00,0.41999998688697815,0.41999998688697815,0.41999998688697815,0.41999998688697815,0,0.0,0.0
2009-11-13 00:00:00-05:00,0.41999998688697815,0.41999998688697815,0.41999998688697815,0.41999998688697815,0,0.0,0.0
2009-11-16 00:00:00-05:00,0.41999998688697815,0.41999998688697815,0.41999998688697815,0.41999998688697815,500,0.0,0.0
2009-11-17 00:00:00-05:00,0.41999998688697815,0.41999998688697815,0.41999998688697815,0.41999998688697815,0,0.0,0.0
2009-11-18 00:00:00-05:00,0.41999998688697815,0.41999998688697815,0.41999998688697815,0.41999998688697815,0,0.0,0.0
2009-11-19 00:00:00-05:00,0.41999998688697815,0.41999998688697815,0.41999998688697815,0.41999998688697815,7793,0.0,0.0
2009-11-20 00:00:00-05:00,0.41999998688697815,0.41999998688697815,0.41999998688697815,0.41999998688697815,0,0.0,0.0
2009-11-23 00:00:00-05:00,0.41999998688697815,0.41999998688697815,0.41999998688697815,0.41999998688697815,0,0.0,0.0
2009-11-24 00:00:00-05:00,0.699999988079071,0.699999988079071,0.41999998688697815,0.41999998688697815,12800,0.0,0.0
2009-11-25 00:00:00-05:00,0.699999988079071,0.699999988079071,0.699999988079071,0.699999988079071,143,0.0,0.0
2009-11-27 00:00:00-05:00,0.9660000205039978,0.9660000205039978,0.9660000205039978,0.9660000205039978,207,0.0,0.0
2009-11-30 00:00:00-05:00,0.9660000205039978,0.9660000205039978,0.9660000205039978,0.9660000205039978,0,0.0,0.0
2009-12-01 00:00:00-05:00,0.9660000205039978,0.9660000205039978,0.9660000205039978,0.9660000205039978,0,0.0,0.0
2009-12-02 00:00:00-05:00,0.699999988079071,0.699999988079071,0.699999988079071,0.699999988079071,7693,0.0,0.0
2009-12-03 00:00:00-05:00,0.41999998688697815,0.8259999752044678,0.41999998688697815,0.8259999752044678,143,0.0,0.0
2009-12-04 00:00:00-05:00,0.8259999752044678,0.8259999752044678,0.8259999752044678,0.8259999752044678,57,0.0,0.0
2009-12-07 00:00:00-05:00,0.8259999752044678,0.8259999752044678,0.8259999752044678,0.8259999752044678,0,0.0,0.0
2009-12-08 00:00:00-05:00,0.8259999752044678,0.8259999752044678,0.8259999752044678,0.8259999752044678,0,0.0,0.0
2009-12-09 00:00:00-05:00,0.8259999752044678,0.8259999752044678,0.8259999752044678,0.8259999752044678,0,0.0,0.0
2009-12-10 00:00:00-05:00,0.8259999752044678,0.8259999752044678,0.8259999752044678,0.8259999752044678,0,0.0,0.0
2009-12-11 00:00:00-05:00,0.8259999752044678,0.8259999752044678,0.8259999752044678,0.8259999752044678,0,0.0,0.0
2009-12-14 00:00:00-05:00,0.699999988079071,0.8259999752044678,0.699999988079071,0.8259999752044678,7700,0.0,0.0
2009-12-15 00:00:00-05:00,0.5180000066757202,0.5180000066757202,0.5180000066757202,0.5180000066757202,714,0.0,0.0
2009-12-16 00:00:00-05:00,0.41999998688697815,0.41999998688697815,0.41999998688697815,0.41999998688697815,71,0.0,0.0
2009-12-17 00:00:00-05:00,0.41999998688697815,0.41999998688697815,0.41999998688697815,0.41999998688697815,1786,0.0,0.0
2009-12-18 00:00:00-05:00,0.41999998688697815,0.41999998688697815,0.41999998688697815,0.41999998688697815,0,0.0,0.0
2009-12-21 00:00:00-05:00,0.41999998688697815,0.41999998688697815,0.41999998688697815,0.41999998688697815,14,0.0,0.0
2009-12-22 00:00:00-05:00,0.5180000066757202,0.5180000066757202,0.41999998688697815,0.41999998688697815,1464,0.0,0.0
2009-12-23 00:00:00-05:00,0.5180000066757202,0.5180000066757202,0.3779999911785126,0.3779999911785126,24550,0.0,0.0
2009-12-24 00:00:00-05:00,0.3779999911785126,0.3779999911785126,0.3779999911785126,0.3779999911785126,0,0.0,0.0
2009-12-28 00:00:00-05:00,0.8259999752044678,0.8259999752044678,0.335999995470047,0.41999998688697815,4000,0.0,0.0
2009-12-29 00:00:00-05:00,0.41999998688697815,0.41999998688697815,0.41999998688697815,0.41999998688697815,0,0.0,0.0
2009-12-30 00:00:00-05:00,0.41999998688697815,0.41999998688697815,0.3346000015735626,0.3346000015735626,28600,0.0,0.0
2009-12-31 00:00:00-05:00,0.3346000015735626,0.3346000015735626,0.3346000015735626,0.3346000015735626,0,0.0,0.0
2010-01-04 00:00:00-05:00,0.3346000015735626,0.3346000015735626,0.3346000015735626,0.3346000015735626,0,0.0,0.0
2010-01-05 00:00:00-05:00,0.36399999260902405,0.36399999260902405,0.36399999260902405,0.36399999260902405,250,0.0,0.0
2010-01-06 00:00:00-05:00,0.36399999260902405,0.36399999260902405,0.36399999260902405,0.36399999260902405,0,0.0,0.0
2010-01-07 00:00:00-05:00,0.36399999260902405,0.36399999260902405,0.36399999260902405,0.36399999260902405,0,0.0,0.0
2010-01-08 00:00:00-05:00,0.36399999260902405,0.36399999260902405,0.36399999260902405,0.36399999260902405,0,0.0,0.0
2010-01-11 00:00:00-05:00,0.671999990940094,0.671999990940094,0.671999990940094,0.671999990940094,179,0.0,0.0
2010-01-12 00:00:00-05:00,0.671999990940094,0.671999990940094,0.671999990940094,0.671999990940094,0,0.0,0.0
2010-01-13 00:00:00-05:00,0.671999990940094,0.671999990940094,0.671999990940094,0.671999990940094,0,0.0,0.0
2010-01-14 00:00:00-05:00,0.671999990940094,0.671999990940094,0.671999990940094,0.671999990940094,0,0.0,0.0
2010-01-15 00:00:00-05:00,0.671999990940094,0.671999990940094,0.671999990940094,0.671999990940094,0,0.0,0.0
2010-01-19 00:00:00-05:00,0.671999990940094,0.671999990940094,0.671999990940094,0.671999990940094,0,0.0,0.0
2010-01-20 00:00:00-05:00,0.671999990940094,0.671999990940094,0.671999990940094,0.671999990940094,0,0.0,0.0
2010-01-21 00:00:00-05:00,0.4269999861717224,0.4269999861717224,0.4269999861717224,0.4269999861717224,357,0.0,0.0
2010-01-22 00:00:00-05:00,0.4269999861717224,0.4269999861717224,0.4269999861717224,0.4269999861717224,0,0.0,0.0
2010-01-25 00:00:00-05:00,0.4269999861717224,0.4269999861717224,0.4269999861717224,0.4269999861717224,0,0.0,0.0
2010-01-26 00:00:00-05:00,0.4269999861717224,0.4269999861717224,0.4269999861717224,0.4269999861717224,0,0.0,0.0
2010-01-27 00:00:00-05:00,0.4269999861717224,0.4269999861717224,0.4269999861717224,0.4269999861717224,0,0.0,0.0
2010-01-28 00:00:00-05:00,0.4269999861717224,0.4269999861717224,0.4269999861717224,0.4269999861717224,0,0.0,0.0
2010-01-29 00:00:00-05:00,0.41999998688697815,0.41999998688697815,0.41999998688697815,0.41999998688697815,16071,0.0,0.0
2010-02-01 00:00:00-05:00,0.41999998688697815,0.41999998688697815,0.41999998688697815,0.41999998688697815,0,0.0,0.0
2010-02-02 00:00:00-05:00,0.4269999861717224,0.4269999861717224,0.4269999861717224,0.4269999861717224,1286,0.0,0.0
2010-02-03 00:00:00-05:00,0.4269999861717224,0.9800000190734863,0.4269999861717224,0.9169999957084656,20743,0.0,0.0
2010-02-04 00:00:00-05:00,0.9380000233650208,0.9380000233650208,0.7770000100135803,0.7770000100135803,69321,0.0,0.0
2010-02-05 00:00:00-05:00,0.7770000100135803,0.7770000100135803,0.6370000243186951,0.699999988079071,29621,0.0,0.0
2010-02-08 00:00:00-05:00,0.699999988079071,0.699999988079071,0.699999988079071,0.699999988079071,2757,0.0,0.0
2010-02-09 00:00:00-05:00,0.699999988079071,0.699999988079071,0.699999988079071,0.699999988079071,0,0.0,0.0
2010-02-10 00:00:00-05:00,0.7699999809265137,0.7699999809265137,0.7699999809265137,0.7699999809265137,43,0.0,0.0
2010-02-11 00:00:00-05:00,0.7699999809265137,0.7699999809265137,0.7699999809265137,0.7699999809265137,0,0.0,0.0
2010-02-12 00:00:00-05:00,0.7699999809265137,0.7699999809265137,0.7699999809265137,0.7699999809265137,0,0.0,0.0
2010-02-16 00:00:00-05:00,0.7699999809265137,0.7699999809265137,0.7699999809265137,0.7699999809265137,0,0.0,0.0
2010-02-17 00:00:00-05:00,0.946399986743927,1.399999976158142,0.946399986743927,1.190000057220459,9536,0.0,0.0
2010-02-18 00:00:00-05:00,1.190000057220459,1.190000057220459,1.190000057220459,1.190000057220459,0,0.0,0.0
2010-02-19 00:00:00-05:00,1.190000057220459,1.190000057220459,1.190000057220459,1.190000057220459,0,0.0,0.0
2010-02-22 00:00:00-05:00,1.190000057220459,1.190000057220459,1.190000057220459,1.190000057220459,0,0.0,0.0
2010-02-23 00:00:00-05:00,1.190000057220459,1.190000057220459,1.190000057220459,1.190000057220459,0,0.0,0.0
2010-02-24 00:00:00-05:00,1.190000057220459,1.190000057220459,1.190000057220459,1.190000057220459,0,0.0,0.0
2010-02-25 00:00:00-05:00,1.190000057220459,1.190000057220459,1.190000057220459,1.190000057220459,0,0.0,0.0
2010-02-26 00:00:00-05:00,0.8399999737739563,0.8399999737739563,0.8399999737739563,0.8399999737739563,143,0.0,0.0
2010-03-01 00:00:00-05:00,0.8399999737739563,0.8399999737739563,0.8399999737739563,0.8399999737739563,1429,0.0,0.0
2010-03-02 00:00:00-05:00,0.8399999737739563,0.8399999737739563,0.8399999737739563,0.8399999737739563,71,0.0,0.0
2010-03-03 00:00:00-05:00,0.8399999737739563,0.8399999737739563,0.8399999737739563,0.8399999737739563,0,0.0,0.0
2010-03-04 00:00:00-05:00,0.8399999737739563,0.8399999737739563,0.8399999737739563,0.8399999737739563,0,0.0,0.0
2010-03-05 00:00:00-05:00,0.8399999737739563,0.8399999737739563,0.8399999737739563,0.8399999737739563,0,0.0,0.0
2010-03-08 00:00:00-05:00,0.8399999737739563,0.8399999737739563,0.8399999737739563,0.8399999737739563,0,0.0,0.0
2010-03-09 00:00:00-05:00,0.9100000262260437,0.9100000262260437,0.9100000262260437,0.9100000262260437,1071,0.0,0.0
2010-03-10 00:00:00-05:00,0.9100000262260437,0.9100000262260437,0.9100000262260437,0.9100000262260437,0,0.0,0.0
2010-03-11 00:00:00-05:00,0.9100000262260437,0.9100000262260437,0.9100000262260437,0.9100000262260437,0,0.0,0.0
2010-03-12 00:00:00-05:00,0.7770000100135803,0.7770000100135803,0.699999988079071,0.699999988079071,3000,0.0,0.0
2010-03-15 00:00:00-04:00,0.7699999809265137,0.7699999809265137,0.7699999809265137,0.7699999809265137,736,0.0,0.0
2010-03-16 00:00:00-04:00,0.7699999809265137,0.7699999809265137,0.7699999809265137,0.7699999809265137,0,0.0,0.0
2010-03-17 00:00:00-04:00,0.7699999809265137,0.7699999809265137,0.7699999809265137,0.7699999809265137,0,0.0,0.0
2010-03-18 00:00:00-04:00,0.7699999809265137,1.399999976158142,0.7699999809265137,1.1200000047683716,12757,0.0,0.0
2010-03-19 00:00:00-04:00,1.1200000047683716,1.1200000047683716,1.1200000047683716,1.1200000047683716,714,0.0,0.0
2010-03-22 00:00:00-04:00,1.1200000047683716,1.2599999904632568,1.1200000047683716,1.2599999904632568,786,0.0,0.0
2010-03-23 00:00:00-04:00,1.190000057220459,1.190000057220459,1.190000057220459,1.190000057220459,71,0.0,0.0
2010-03-24 00:00:00-04:00,1.190000057220459,1.190000057220459,1.190000057220459,1.190000057220459,0,0.0,0.0
2010-03-25 00:00:00-04:00,1.190000057220459,1.190000057220459,1.0499999523162842,1.0499999523162842,507,0.0,0.0
2010-03-26 00:00:00-04:00,1.2599999904632568,1.2599999904632568,1.2599999904632568,1.2599999904632568,1429,0.0,0.0
2010-03-29 00:00:00-04:00,1.2599999904632568,1.2599999904632568,1.2599999904632568,1.2599999904632568,0,0.0,0.0
2010-03-30 00:00:00-04:00,1.2599999904632568,1.2599999904632568,1.2599999904632568,1.2599999904632568,0,0.0,0.0
2010-03-31 00:00:00-04:00,1.2599999904632568,1.2599999904632568,1.2599999904632568,1.2599999904632568,0,0.0,0.0
2010-04-01 00:00:00-04:00,1.2599999904632568,1.2599999904632568,1.2599999904632568,1.2599999904632568,0,0.0,0.0
2010-04-05 00:00:00-04:00,1.2599999904632568,1.2599999904632568,1.2599999904632568,1.2599999904632568,0,0.0,0.0
2010-04-06 00:00:00-04:00,1.0499999523162842,1.0499999523162842,1.0499999523162842,1.0499999523162842,357,0.0,0.0
2010-04-07 00:00:00-04:00,1.399999976158142,1.399999976158142,1.2599999904632568,1.2599999904632568,571,0.0,0.0
2010-04-08 00:00:00-04:00,1.399999976158142,1.399999976158142,0.8399999737739563,0.8679999709129333,2000,0.0,0.0
2010-04-09 00:00:00-04:00,0.8679999709129333,0.8679999709129333,0.8679999709129333,0.8679999709129333,0,0.0,0.0
2010-04-12 00:00:00-04:00,0.8679999709129333,0.8679999709129333,0.8679999709129333,0.8679999709129333,0,0.0,0.0
2010-04-13 00:00:00-04:00,0.8679999709129333,0.8679999709129333,0.8679999709129333,0.8679999709129333,0,0.0,0.0
2010-04-14 00:00:00-04:00,0.8399999737739563,0.8399999737739563,0.8399999737739563,0.8399999737739563,214,0.0,0.0
2010-04-15 00:00:00-04:00,1.2599999904632568,1.6799999475479126,1.2599999904632568,1.5399999618530273,20000,0.0,0.0
2010-04-16 00:00:00-04:00,1.399999976158142,1.399999976158142,1.2599999904632568,1.2599999904632568,3929,0.0,0.0
2010-04-19 00:00:00-04:00,1.2599999904632568,1.2599999904632568,1.2599999904632568,1.2599999904632568,0,0.0,0.0
2010-04-20 00:00:00-04:00,1.399999976158142,1.6799999475479126,1.399999976158142,1.5399999618530273,6786,0.0,0.0
2010-04-21 00:00:00-04:00,1.6799999475479126,2.5199999809265137,1.5399999618530273,2.240000009536743,17093,0.0,0.0
2010-04-22 00:00:00-04:00,2.799999952316284,3.0799999237060547,2.6600000858306885,2.6600000858306885,5979,0.0,0.0
2010-04-23 00:00:00-04:00,2.799999952316284,2.799999952316284,2.240000009536743,2.799999952316284,1800,0.0,0.0
2010-04-26 00:00:00-04:00,2.799999952316284,3.7799999713897705,2.799999952316284,3.5,5400,0.0,0.0
2010-04-27 00:00:00-04:00,2.5199999809265137,7.0,2.450000047683716,3.640000104904175,2750,0.0,0.0
2010-04-28 00:00:00-04:00,2.799999952316284,3.5,2.6600000858306885,2.6600000858306885,3536,0.0,0.0
2010-04-29 00:00:00-04:00,2.940000057220459,2.940000057220459,2.940000057220459,2.940000057220459,179,0.0,0.0
2010-04-30 00:00:00-04:00,2.940000057220459,2.940000057220459,2.940000057220459,2.940000057220459,0,0.0,0.0
2010-05-03 00:00:00-04:00,2.940000057220459,2.940000057220459,2.940000057220459,2.940000057220459,0,0.0,0.0
2010-05-04 00:00:00-04:00,4.900000095367432,4.900000095367432,3.0799999237060547,3.0799999237060547,79,0.0,0.0
2010-05-05 00:00:00-04:00,3.0799999237060547,3.0799999237060547,3.0799999237060547,3.0799999237060547,143,0.0,0.0
2010-05-06 00:00:00-04:00,2.6600000858306885,4.760000228881836,2.6600000858306885,4.760000228881836,857,0.0,0.0
2010-05-07 00:00:00-04:00,5.039999961853027,5.039999961853027,5.039999961853027,5.039999961853027,357,0.0,0.0
2010-05-10 00:00:00-04:00,3.2200000286102295,3.2200000286102295,2.6600000858306885,2.940000057220459,5900,0.0,0.0
2010-05-11 00:00:00-04:00,2.799999952316284,2.799999952316284,2.5899999141693115,2.799999952316284,1286,0.0,0.0
2010-05-12 00:00:00-04:00,2.799999952316284,3.0799999237060547,2.5899999141693115,3.0799999237060547,864,0.0,0.0
2010-05-13 00:00:00-04:00,3.0799999237060547,3.0799999237060547,3.0799999237060547,3.0799999237060547,207,0.0,0.0
2010-05-14 00:00:00-04:00,2.7300000190734863,3.0799999237060547,2.5199999809265137,2.5899999141693115,3764,0.0,0.0
2010-05-17 00:00:00-04:00,2.5199999809265137,2.5199999809265137,2.0999999046325684,2.1700000762939453,6436,0.0,0.0
2010-05-18 00:00:00-04:00,2.309999942779541,2.6600000858306885,2.309999942779541,2.6600000858306885,214,0.0,0.0
2010-05-19 00:00:00-04:00,2.1700000762939453,2.1700000762939453,2.0999999046325684,2.0999999046325684,714,0.0,0.0
2010-05-20 00:00:00-04:00,2.0999999046325684,2.0999999046325684,2.0999999046325684,2.0999999046325684,457,0.0,0.0
2010-05-21 00:00:00-04:00,2.0999999046325684,4.619999885559082,2.0999999046325684,4.619999885559082,6386,0.0,0.0
2010-05-24 00:00:00-04:00,2.799999952316284,3.2200000286102295,2.380000114440918,2.380000114440918,5100,0.0,0.0
2010-05-25 00:00:00-04:00,2.380000114440918,3.2200000286102295,2.380000114440918,3.0799999237060547,4000,0.0,0.0
2010-05-26 00:00:00-04:00,2.799999952316284,2.940000057220459,2.6600000858306885,2.7300000190734863,6064,0.0,0.0
2010-05-27 00:00:00-04:00,2.799999952316284,2.799999952316284,2.799999952316284,2.799999952316284,714,0.0,0.0
2010-05-28 00:00:00-04:00,2.799999952316284,2.799999952316284,2.799999952316284,2.799999952316284,0,0.0,0.0
2010-06-01 00:00:00-04:00,2.799999952316284,2.799999952316284,2.799999952316284,2.799999952316284,1907,0.0,0.0
2010-06-02 00:00:00-04:00,2.799999952316284,2.799999952316284,2.799999952316284,2.799999952316284,0,0.0,0.0
2010-06-03 00:00:00-04:00,2.799999952316284,2.799999952316284,2.799999952316284,2.799999952316284,0,0.0,0.0
2010-06-04 00:00:00-04:00,2.6600000858306885,2.6600000858306885,2.6600000858306885,2.6600000858306885,71,0.0,0.0
2010-06-07 00:00:00-04:00,2.5199999809265137,2.5199999809265137,2.240000009536743,2.380000114440918,1757,0.0,0.0
2010-06-08 00:00:00-04:00,2.240000009536743,2.240000009536743,2.240000009536743,2.240000009536743,71,0.0,0.0
2010-06-09 00:00:00-04:00,2.240000009536743,2.240000009536743,2.240000009536743,2.240000009536743,0,0.0,0.0
2010-06-10 00:00:00-04:00,2.240000009536743,2.240000009536743,2.240000009536743,2.240000009536743,357,0.0,0.0
2010-06-11 00:00:00-04:00,2.380000114440918,2.380000114440918,2.380000114440918,2.380000114440918,721,0.0,0.0
2010-06-14 00:00:00-04:00,2.380000114440918,2.380000114440918,2.380000114440918,2.380000114440918,0,0.0,0.0
2010-06-15 00:00:00-04:00,2.799999952316284,2.799999952316284,2.5199999809265137,2.5199999809265137,1107,0.0,0.0
2010-06-16 00:00:00-04:00,2.5199999809265137,2.5199999809265137,2.5199999809265137,2.5199999809265137,0,0.0,0.0
2010-06-17 00:00:00-04:00,2.5199999809265137,2.5199999809265137,2.5199999809265137,2.5199999809265137,0,0.0,0.0
2010-06-18 00:00:00-04:00,2.5199999809265137,2.5199999809265137,2.5199999809265137,2.5199999809265137,0,0.0,0.0
2010-06-21 00:00:00-04:00,2.5199999809265137,2.5199999809265137,2.5199999809265137,2.5199999809265137,0,0.0,0.0
2010-06-22 00:00:00-04:00,2.5199999809265137,2.5199999809265137,2.5199999809265137,2.5199999809265137,0,0.0,0.0
2010-06-23 00:00:00-04:00,2.5199999809265137,2.5199999809265137,2.5199999809265137,2.5199999809265137,0,0.0,0.0
2010-06-24 00:00:00-04:00,2.5199999809265137,2.5199999809265137,2.5199999809265137,2.5199999809265137,0,0.0,0.0
2010-06-25 00:00:00-04:00,2.5199999809265137,2.5199999809265137,2.5199999809265137,2.5199999809265137,0,0.0,0.0
2010-06-28 00:00:00-04:00,2.240000009536743,2.240000009536743,2.240000009536743,2.240000009536743,1000,0.0,0.0
2010-06-29 00:00:00-04:00,2.240000009536743,2.240000009536743,2.240000009536743,2.240000009536743,0,0.0,0.0
2010-06-30 00:00:00-04:00,2.0999999046325684,2.0999999046325684,1.399999976158142,1.6100000143051147,4036,0.0,0.0
2010-07-01 00:00:00-04:00,1.8200000524520874,1.8200000524520874,1.8200000524520874,1.8200000524520874,214,0.0,0.0
2010-07-02 00:00:00-04:00,1.8200000524520874,1.8200000524520874,1.8200000524520874,1.8200000524520874,0,0.0,0.0
2010-07-06 00:00:00-04:00,1.6799999475479126,1.6799999475479126,1.6799999475479126,1.6799999475479126,1079,0.0,0.0
2010-07-07 00:00:00-04:00,1.5399999618530273,1.6799999475479126,1.5399999618530273,1.6799999475479126,807,0.0,0.0
2010-07-08 00:00:00-04:00,1.9600000381469727,1.9600000381469727,1.9600000381469727,1.9600000381469727,29,0.0,0.0
2010-07-09 00:00:00-04:00,1.9600000381469727,1.9600000381469727,1.9600000381469727,1.9600000381469727,7,0.0,0.0
2010-07-12 00:00:00-04:00,2.0999999046325684,2.0999999046325684,1.5399999618530273,1.5399999618530273,893,0.0,0.0
2010-07-13 00:00:00-04:00,1.5399999618530273,1.5399999618530273,1.5399999618530273,1.5399999618530273,4193,0.0,0.0
2010-07-14 00:00:00-04:00,1.5399999618530273,1.5399999618530273,1.1200000047683716,1.190000057220459,2500,0.0,0.0
2010-07-15 00:00:00-04:00,1.2599999904632568,1.5399999618530273,1.2599999904632568,1.5399999618530273,1000,0.0,0.0
2010-07-16 00:00:00-04:00,1.190000057220459,1.2599999904632568,1.190000057220459,1.2599999904632568,2857,0.0,0.0
2010-07-19 00:00:00-04:00,1.2599999904632568,1.3300000429153442,1.2599999904632568,1.3020000457763672,2143,0.0,0.0
2010-07-20 00:00:00-04:00,1.399999976158142,1.399999976158142,1.3020000457763672,1.3020000457763672,1586,0.0,0.0
2010-07-21 00:00:00-04:00,1.2599999904632568,1.2599999904632568,1.1200000047683716,1.1200000047683716,1179,0.0,0.0
2010-07-22 00:00:00-04:00,1.1200000047683716,1.399999976158142,1.1200000047683716,1.399999976158142,229,0.0,0.0
2010-07-23 00:00:00-04:00,0.9800000190734863,1.399999976158142,0.9800000190734863,1.399999976158142,2357,0.0,0.0
2010-07-26 00:00:00-04:00,1.2599999904632568,1.2599999904632568,1.2599999904632568,1.2599999904632568,14,0.0,0.0
2010-07-27 00:00:00-04:00,1.2599999904632568,1.2599999904632568,1.2599999904632568,1.2599999904632568,0,0.0,0.0
2010-07-28 00:00:00-04:00,1.2599999904632568,1.399999976158142,1.2599999904632568,1.399999976158142,8929,0.0,0.0
2010-07-29 00:00:00-04:00,1.399999976158142,1.399999976158142,1.399999976158142,1.399999976158142,0,0.0,0.0
2010-07-30 00:00:00-04:00,2.240000009536743,2.240000009536743,2.240000009536743,2.240000009536743,143,0.0,0.0
2010-08-02 00:00:00-04:00,2.240000009536743,2.240000009536743,1.399999976158142,1.5399999618530273,700,0.0,0.0
2010-08-03 00:00:00-04:00,1.5399999618530273,1.5399999618530273,1.5399999618530273,1.5399999618530273,571,0.0,0.0
2010-08-04 00:00:00-04:00,1.5399999618530273,1.5399999618530273,1.5399999618530273,1.5399999618530273,0,0.0,0.0
2010-08-05 00:00:00-04:00,1.343999981880188,1.3580000400543213,1.2599999904632568,1.2599999904632568,3286,0.0,0.0
2010-08-06 00:00:00-04:00,1.2599999904632568,1.2599999904632568,1.2599999904632568,1.2599999904632568,2057,0.0,0.0
2010-08-09 00:00:00-04:00,1.1200000047683716,1.2599999904632568,0.9800000190734863,1.2599999904632568,2871,0.0,0.0
2010-08-10 00:00:00-04:00,1.1619999408721924,1.1619999408721924,1.1619999408721924,1.1619999408721924,1071,0.0,0.0
2010-08-11 00:00:00-04:00,1.2599999904632568,1.2599999904632568,1.2599999904632568,1.2599999904632568,357,0.0,0.0
2010-08-12 00:00:00-04:00,1.2599999904632568,1.2599999904632568,1.0499999523162842,1.190000057220459,5121,0.0,0.0
2010-08-13 00:00:00-04:00,1.190000057220459,1.399999976158142,1.190000057220459,1.3300000429153442,3750,0.0,0.0
2010-08-16 00:00:00-04:00,1.3300000429153442,1.3300000429153442,1.3300000429153442,1.3300000429153442,0,0.0,0.0
2010-08-17 00:00:00-04:00,1.3300000429153442,1.3300000429153442,1.3300000429153442,1.3300000429153442,5714,0.0,0.0
2010-08-18 00:00:00-04:00,1.3300000429153442,1.3300000429153442,1.3300000429153442,1.3300000429153442,2414,0.0,0.0
2010-08-19 00:00:00-04:00,1.3300000429153442,1.3300000429153442,1.3300000429153442,1.3300000429153442,2643,0.0,0.0
2010-08-20 00:00:00-04:00,1.3300000429153442,1.3300000429153442,1.3300000429153442,1.3300000429153442,2500,0.0,0.0
2010-08-23 00:00:00-04:00,1.3300000429153442,1.3300000429153442,1.3300000429153442,1.3300000429153442,0,0.0,0.0
2010-08-24 00:00:00-04:00,1.3300000429153442,1.3300000429153442,1.3300000429153442,1.3300000429153442,0,0.0,0.0
2010-08-25 00:00:00-04:00,1.3300000429153442,1.3300000429153442,1.3300000429153442,1.3300000429153442,0,0.0,0.0
2010-08-26 00:00:00-04:00,1.190000057220459,1.190000057220459,1.190000057220459,1.190000057220459,414,0.0,0.0
2010-08-27 00:00:00-04:00,1.190000057220459,1.190000057220459,1.190000057220459,1.190000057220459,357,0.0,0.0
2010-08-30 00:00:00-04:00,1.1200000047683716,1.1200000047683716,0.5600000023841858,0.8399999737739563,3836,0.0,0.0
2010-08-31 00:00:00-04:00,0.8399999737739563,0.8399999737739563,0.8399999737739563,0.8399999737739563,0,0.0,0.0
2010-09-01 00:00:00-04:00,0.8399999737739563,0.8399999737739563,0.8399999737739563,0.8399999737739563,0,0.0,0.0
2010-09-02 00:00:00-04:00,0.5600000023841858,0.5600000023841858,0.5600000023841858,0.5600000023841858,214,0.0,0.0
2010-09-03 00:00:00-04:00,0.5600000023841858,0.5600000023841858,0.5600000023841858,0.5600000023841858,7143,0.0,0.0
2010-09-07 00:00:00-04:00,0.49000000953674316,0.49000000953674316,0.49000000953674316,0.49000000953674316,1429,0.0,0.0
2010-09-08 00:00:00-04:00,0.5600000023841858,0.5600000023841858,0.5600000023841858,0.5600000023841858,286,0.0,0.0
2010-09-09 00:00:00-04:00,0.5600000023841858,0.5600000023841858,0.5600000023841858,0.5600000023841858,0,0.0,0.0
2010-09-10 00:00:00-04:00,0.49000000953674316,0.49000000953674316,0.49000000953674316,0.49000000953674316,1429,0.0,0.0
2010-09-13 00:00:00-04:00,0.49000000953674316,0.49000000953674316,0.49000000953674316,0.49000000953674316,0,0.0,0.0
2010-09-14 00:00:00-04:00,0.49000000953674316,0.49000000953674316,0.49000000953674316,0.49000000953674316,0,0.0,0.0
2010-09-15 00:00:00-04:00,0.49000000953674316,0.49000000953674316,0.49000000953674316,0.49000000953674316,0,0.0,0.0
2010-09-16 00:00:00-04:00,0.8399999737739563,0.8399999737739563,0.699999988079071,0.699999988079071,407,0.0,0.0
2010-09-17 00:00:00-04:00,0.699999988079071,0.699999988079071,0.699999988079071,0.699999988079071,0,0.0,0.0
2010-09-20 00:00:00-04:00,0.5600000023841858,0.8399999737739563,0.5600000023841858,0.8399999737739563,5000,0.0,0.0
2010-09-21 00:00:00-04:00,0.699999988079071,0.699999988079071,0.699999988079071,0.699999988079071,357,0.0,0.0
2010-09-22 00:00:00-04:00,0.699999988079071,0.699999988079071,0.699999988079071,0.699999988079071,0,0.0,0.0
2010-09-23 00:00:00-04:00,0.6299999952316284,0.6299999952316284,0.6299999952316284,0.6299999952316284,929,0.0,0.0
2010-09-24 00:00:00-04:00,0.6299999952316284,0.6299999952316284,0.6299999952316284,0.6299999952316284,0,0.0,0.0
2010-09-27 00:00:00-04:00,0.6299999952316284,0.6299999952316284,0.6299999952316284,0.6299999952316284,0,0.0,0.0
2010-09-28 00:00:00-04:00,0.5600000023841858,0.5600000023841858,0.41999998688697815,0.41999998688697815,1714,0.0,0.0
2010-09-29 00:00:00-04:00,0.41999998688697815,0.41999998688697815,0.41999998688697815,0.41999998688697815,0,0.0,0.0
2010-09-30 00:00:00-04:00,1.1200000047683716,1.1200000047683716,1.1200000047683716,1.1200000047683716,21,0.0,0.0
2010-10-01 00:00:00-04:00,0.9800000190734863,0.9800000190734863,0.9800000190734863,0.9800000190734863,286,0.0,0.0
2010-10-04 00:00:00-04:00,0.9800000190734863,0.9800000190734863,0.9800000190734863,0.9800000190734863,0,0.0,0.0
2010-10-05 00:00:00-04:00,0.9800000190734863,0.9800000190734863,0.9800000190734863,0.9800000190734863,0,0.0,0.0
2010-10-06 00:00:00-04:00,0.9800000190734863,0.9800000190734863,0.9800000190734863,0.9800000190734863,0,0.0,0.0
2010-10-07 00:00:00-04:00,0.9800000190734863,0.9800000190734863,0.9800000190734863,0.9800000190734863,0,0.0,0.0
2010-10-08 00:00:00-04:00,0.9100000262260437,0.9100000262260437,0.9100000262260437,0.9100000262260437,857,0.0,0.0
2010-10-11 00:00:00-04:00,0.9100000262260437,0.9100000262260437,0.9100000262260437,0.9100000262260437,0,0.0,0.0
2010-10-12 00:00:00-04:00,0.9100000262260437,0.9100000262260437,0.9100000262260437,0.9100000262260437,0,0.0,0.0
2010-10-13 00:00:00-04:00,0.8960000276565552,0.9100000262260437,0.8960000276565552,0.9100000262260437,1643,0.0,0.0
2010-10-14 00:00:00-04:00,0.9100000262260437,0.9100000262260437,0.9100000262260437,0.9100000262260437,0,0.0,0.0
2010-10-15 00:00:00-04:00,0.9100000262260437,0.9100000262260437,0.9100000262260437,0.9100000262260437,0,0.0,0.0
2010-10-18 00:00:00-04:00,0.9100000262260437,0.9100000262260437,0.9100000262260437,0.9100000262260437,0,0.0,0.0
2010-10-19 00:00:00-04:00,0.9100000262260437,0.9100000262260437,0.9100000262260437,0.9100000262260437,0,0.0,0.0
2010-10-20 00:00:00-04:00,0.9100000262260437,0.9100000262260437,0.9100000262260437,0.9100000262260437,0,0.0,0.0
2010-10-21 00:00:00-04:00,0.5040000081062317,0.5040000081062317,0.5040000081062317,0.5040000081062317,143,0.0,0.0
2010-10-22 00:00:00-04:00,0.5040000081062317,0.5040000081062317,0.5040000081062317,0.5040000081062317,500,0.0,0.0
2010-10-25 00:00:00-04:00,0.5040000081062317,0.5040000081062317,0.5040000081062317,0.5040000081062317,21,0.0,0.0
2010-10-26 00:00:00-04:00,0.5040000081062317,0.5040000081062317,0.5040000081062317,0.5040000081062317,0,0.0,0.0
2010-10-27 00:00:00-04:00,0.5040000081062317,0.5040000081062317,0.5040000081062317,0.5040000081062317,0,0.0,0.0
2010-10-28 00:00:00-04:00,0.5040000081062317,0.5040000081062317,0.5040000081062317,0.5040000081062317,0,0.0,0.0
2010-10-29 00:00:00-04:00,0.5040000081062317,0.5040000081062317,0.5040000081062317,0.5040000081062317,0,0.0,0.0
2010-11-01 00:00:00-04:00,0.5040000081062317,0.5040000081062317,0.5040000081062317,0.5040000081062317,0,0.0,0.0
2010-11-02 00:00:00-04:00,0.9800000190734863,0.9800000190734863,0.9800000190734863,0.9800000190734863,357,0.0,0.0
2010-11-03 00:00:00-04:00,0.9800000190734863,0.9800000190734863,0.9800000190734863,0.9800000190734863,0,0.0,0.0
2010-11-04 00:00:00-04:00,0.9800000190734863,0.9800000190734863,0.9800000190734863,0.9800000190734863,0,0.0,0.0
2010-11-05 00:00:00-04:00,0.9800000190734863,0.9800000190734863,0.9800000190734863,0.9800000190734863,0,0.0,0.0
2010-11-08 00:00:00-05:00,0.9800000190734863,0.9800000190734863,0.9800000190734863,0.9800000190734863,557,0.0,0.0
2010-11-09 00:00:00-05:00,0.9800000190734863,0.9800000190734863,0.9800000190734863,0.9800000190734863,0,0.0,0.0
2010-11-10 00:00:00-05:00,0.9800000190734863,0.9800000190734863,0.9800000190734863,0.9800000190734863,0,0.0,0.0
2010-11-11 00:00:00-05:00,0.9800000190734863,0.9800000190734863,0.9800000190734863,0.9800000190734863,0,0.0,0.0
2010-11-12 00:00:00-05:00,0.9800000190734863,0.9800000190734863,0.9800000190734863,0.9800000190734863,0,0.0,0.0
2010-11-15 00:00:00-05:00,0.9800000190734863,0.9800000190734863,0.9800000190734863,0.9800000190734863,0,0.0,0.0
2010-11-16 00:00:00-05:00,0.5600000023841858,0.9800000190734863,0.5600000023841858,0.5600000023841858,1000,0.0,0.0
2010-11-17 00:00:00-05:00,0.5600000023841858,0.5600000023841858,0.5600000023841858,0.5600000023841858,0,0.0,0.0
2010-11-18 00:00:00-05:00,0.5600000023841858,0.5600000023841858,0.5600000023841858,0.5600000023841858,0,0.0,0.0
2010-11-19 00:00:00-05:00,0.5600000023841858,0.5600000023841858,0.5600000023841858,0.5600000023841858,1071,0.0,0.0
2010-11-22 00:00:00-05:00,0.5600000023841858,0.5600000023841858,0.5600000023841858,0.5600000023841858,0,0.0,0.0
2010-11-23 00:00:00-05:00,0.41999998688697815,0.41999998688697815,0.36399999260902405,0.36399999260902405,1929,0.0,0.0
2010-11-24 00:00:00-05:00,0.699999988079071,0.699999988079071,0.5600000023841858,0.5600000023841858,821,0.0,0.0
2010-11-26 00:00:00-05:00,0.5600000023841858,0.5600000023841858,0.5600000023841858,0.5600000023841858,1429,0.0,0.0
2010-11-29 00:00:00-05:00,0.5600000023841858,0.5600000023841858,0.5600000023841858,0.5600000023841858,0,0.0,0.0
2010-11-30 00:00:00-05:00,0.5600000023841858,0.5600000023841858,0.5600000023841858,0.5600000023841858,0,0.0,0.0
2010-12-01 00:00:00-05:00,0.5600000023841858,0.5600000023841858,0.5600000023841858,0.5600000023841858,179,0.0,0.0
2010-12-02 00:00:00-05:00,0.36399999260902405,0.5600000023841858,0.36399999260902405,0.5600000023841858,714,0.0,0.0
2010-12-03 00:00:00-05:00,0.5600000023841858,0.5600000023841858,0.5600000023841858,0.5600000023841858,0,0.0,0.0
2010-12-06 00:00:00-05:00,0.5600000023841858,0.5600000023841858,0.5600000023841858,0.5600000023841858,0,0.0,0.0
2010-12-07 00:00:00-05:00,0.5600000023841858,0.5600000023841858,0.5600000023841858,0.5600000023841858,0,0.0,0.0
2010-12-08 00:00:00-05:00,0.2800000011920929,0.5600000023841858,0.2800000011920929,0.41999998688697815,1329,0.0,0.0
2010-12-09 00:00:00-05:00,0.41999998688697815,0.41999998688697815,0.41999998688697815,0.41999998688697815,0,0.0,0.0
2010-12-10 00:00:00-05:00,0.41999998688697815,0.41999998688697815,0.41999998688697815,0.41999998688697815,0,0.0,0.0
2010-12-13 00:00:00-05:00,0.41999998688697815,0.41999998688697815,0.41999998688697815,0.41999998688697815,0,0.0,0.0
2010-12-14 00:00:00-05:00,0.41999998688697815,0.41999998688697815,0.41999998688697815,0.41999998688697815,0,0.0,0.0
2010-12-15 00:00:00-05:00,0.41999998688697815,0.41999998688697815,0.41999998688697815,0.41999998688697815,0,0.0,0.0
2010-12-16 00:00:00-05:00,0.41999998688697815,0.41999998688697815,0.41999998688697815,0.41999998688697815,0,0.0,0.0
2010-12-17 00:00:00-05:00,0.41999998688697815,0.41999998688697815,0.41999998688697815,0.41999998688697815,357,0.0,0.0
2010-12-20 00:00:00-05:00,0.41999998688697815,0.41999998688697815,0.15399999916553497,0.2800000011920929,9036,0.0,0.0
2010-12-21 00:00:00-05:00,0.3779999911785126,0.3779999911785126,0.3779999911785126,0.3779999911785126,16071,0.0,0.0
2010-12-22 00:00:00-05:00,0.3499999940395355,0.3499999940395355,0.3499999940395355,0.3499999940395355,1821,0.0,0.0
2010-12-23 00:00:00-05:00,0.3499999940395355,0.3499999940395355,0.3499999940395355,0.3499999940395355,0,0.0,0.0
2010-12-27 00:00:00-05:00,0.3499999940395355,0.3499999940395355,0.3499999940395355,0.3499999940395355,1071,0.0,0.0
2010-12-28 00:00:00-05:00,0.41999998688697815,0.41999998688697815,0.2800000011920929,0.41999998688697815,571,0.0,0.0
2010-12-29 00:00:00-05:00,0.2800000011920929,0.41999998688697815,0.2800000011920929,0.41999998688697815,1593,0.0,0.0
2010-12-30 00:00:00-05:00,0.2800000011920929,0.2800000011920929,0.2800000011920929,0.2800000011920929,1143,0.0,0.0
2010-12-31 00:00:00-05:00,0.2800000011920929,0.2800000011920929,0.2800000011920929,0.2800000011920929,0,0.0,0.0
2011-01-03 00:00:00-05:00,0.2800000011920929,0.2800000011920929,0.2800000011920929,0.2800000011920929,0,0.0,0.0
2011-01-04 00:00:00-05:00,0.2800000011920929,0.2800000011920929,0.2800000011920929,0.2800000011920929,0,0.0,0.0
2011-01-05 00:00:00-05:00,0.2800000011920929,0.2800000011920929,0.2800000011920929,0.2800000011920929,0,0.0,0.0
2011-01-06 00:00:00-05:00,0.18199999630451202,0.18199999630451202,0.15399999916553497,0.15399999916553497,1571,0.0,0.0
2011-01-07 00:00:00-05:00,0.15399999916553497,0.15399999916553497,0.15399999916553497,0.15399999916553497,0,0.0,0.0
2011-01-10 00:00:00-05:00,0.41999998688697815,0.5600000023841858,0.41999998688697815,0.5600000023841858,893,0.0,0.0
2011-01-11 00:00:00-05:00,0.5600000023841858,0.5600000023841858,0.5600000023841858,0.5600000023841858,0,0.0,0.0
2011-01-12 00:00:00-05:00,0.5600000023841858,0.5600000023841858,0.5600000023841858,0.5600000023841858,0,0.0,0.0
2011-01-13 00:00:00-05:00,0.5600000023841858,0.5600000023841858,0.5600000023841858,0.5600000023841858,143,0.0,0.0
2011-01-14 00:00:00-05:00,0.5600000023841858,0.5600000023841858,0.5600000023841858,0.5600000023841858,0,0.0,0.0
2011-01-18 00:00:00-05:00,0.5600000023841858,0.5600000023841858,0.5600000023841858,0.5600000023841858,0,0.0,0.0
2011-01-19 00:00:00-05:00,0.5600000023841858,0.5600000023841858,0.5600000023841858,0.5600000023841858,93,0.0,0.0
2011-01-20 00:00:00-05:00,0.2800000011920929,0.5600000023841858,0.2800000011920929,0.5600000023841858,464,0.0,0.0
2011-01-21 00:00:00-05:00,0.5600000023841858,0.5600000023841858,0.5600000023841858,0.5600000023841858,0,0.0,0.0
2011-01-24 00:00:00-05:00,0.5600000023841858,0.5600000023841858,0.5600000023841858,0.5600000023841858,0,0.0,0.0
2011-01-25 00:00:00-05:00,0.5600000023841858,0.5600000023841858,0.5600000023841858,0.5600000023841858,0,0.0,0.0
2011-01-26 00:00:00-05:00,0.5600000023841858,0.5600000023841858,0.5600000023841858,0.5600000023841858,0,0.0,0.0
2011-01-27 00:00:00-05:00,0.5600000023841858,0.5600000023841858,0.5600000023841858,0.5600000023841858,0,0.0,0.0
2011-01-28 00:00:00-05:00,0.5600000023841858,0.5600000023841858,0.5600000023841858,0.5600000023841858,0,0.0,0.0
2011-01-31 00:00:00-05:00,0.5600000023841858,0.5600000023841858,0.5600000023841858,0.5600000023841858,0,0.0,0.0
2011-02-01 00:00:00-05:00,0.29679998755455017,0.29679998755455017,0.29679998755455017,0.29679998755455017,100,0.0,0.0
2011-02-02 00:00:00-05:00,0.29679998755455017,0.29679998755455017,0.29679998755455017,0.29679998755455017,0,0.0,0.0
2011-02-03 00:00:00-05:00,0.29679998755455017,0.29679998755455017,0.29679998755455017,0.29679998755455017,0,0.0,0.0
2011-02-04 00:00:00-05:00,0.29679998755455017,0.29679998755455017,0.29679998755455017,0.29679998755455017,0,0.0,0.0
2011-02-07 00:00:00-05:00,0.29679998755455017,0.29679998755455017,0.29679998755455017,0.29679998755455017,0,0.0,0.0
2011-02-08 00:00:00-05:00,0.2800000011920929,0.2800000011920929,0.1679999977350235,0.1679999977350235,4036,0.0,0.0
2011-02-09 00:00:00-05:00,0.3919999897480011,0.699999988079071,0.3919999897480011,0.5600000023841858,5907,0.0,0.0
2011-02-10 00:00:00-05:00,0.5600000023841858,0.5600000023841858,0.5600000023841858,0.5600000023841858,0,0.0,0.0
2011-02-11 00:00:00-05:00,0.5600000023841858,0.5600000023841858,0.5600000023841858,0.5600000023841858,0,0.0,0.0
2011-02-14 00:00:00-05:00,0.41999998688697815,0.699999988079071,0.2800000011920929,0.699999988079071,1771,0.0,0.0
2011-02-15 00:00:00-05:00,0.699999988079071,0.699999988079071,0.699999988079071,0.699999988079071,0,0.0,0.0
2011-02-16 00:00:00-05:00,0.699999988079071,0.699999988079071,0.699999988079071,0.699999988079071,0,0.0,0.0
2011-02-17 00:00:00-05:00,0.699999988079071,0.699999988079071,0.699999988079071,0.699999988079071,0,0.0,0.0
2011-02-18 00:00:00-05:00,0.699999988079071,0.699999988079071,0.699999988079071,0.699999988079071,0,0.0,0.0
2011-02-22 00:00:00-05:00,0.699999988079071,0.699999988079071,0.699999988079071,0.699999988079071,0,0.0,0.0
2011-02-23 00:00:00-05:00,0.28700000047683716,0.28700000047683716,0.28700000047683716,0.28700000047683716,664,0.0,0.0
2011-02-24 00:00:00-05:00,0.28700000047683716,0.28700000047683716,0.28700000047683716,0.28700000047683716,0,0.0,0.0
2011-02-25 00:00:00-05:00,0.28700000047683716,0.28700000047683716,0.28700000047683716,0.28700000047683716,0,0.0,0.0
2011-02-28 00:00:00-05:00,0.41999998688697815,0.699999988079071,0.41999998688697815,0.699999988079071,150,0.0,0.0
2011-03-01 00:00:00-05:00,0.699999988079071,0.699999988079071,0.699999988079071,0.699999988079071,714,0.0,0.0
2011-03-02 00:00:00-05:00,0.699999988079071,0.699999988079071,0.699999988079071,0.699999988079071,0,0.0,0.0
2011-03-03 00:00:00-05:00,0.6439999938011169,0.6439999938011169,0.6439999938011169,0.6439999938011169,357,0.0,0.0
2011-03-04 00:00:00-05:00,0.6439999938011169,0.6439999938011169,0.6439999938011169,0.6439999938011169,0,0.0,0.0
2011-03-07 00:00:00-05:00,0.6439999938011169,0.6439999938011169,0.6439999938011169,0.6439999938011169,0,0.0,0.0
2011-03-08 00:00:00-05:00,0.6439999938011169,0.6439999938011169,0.6439999938011169,0.6439999938011169,0,0.0,0.0
2011-03-09 00:00:00-05:00,0.41999998688697815,0.41999998688697815,0.41999998688697815,0.41999998688697815,143,0.0,0.0
2011-03-10 00:00:00-05:00,0.41999998688697815,0.41999998688697815,0.41999998688697815,0.41999998688697815,0,0.0,0.0
2011-03-11 00:00:00-05:00,0.6439999938011169,0.6439999938011169,0.6439999938011169,0.6439999938011169,2171,0.0,0.0
2011-03-14 00:00:00-04:00,0.6439999938011169,0.6439999938011169,0.6439999938011169,0.6439999938011169,0,0.0,0.0
2011-03-15 00:00:00-04:00,0.6439999938011169,0.6439999938011169,0.6439999938011169,0.6439999938011169,0,0.0,0.0
2011-03-16 00:00:00-04:00,0.5600000023841858,0.5600000023841858,0.5600000023841858,0.5600000023841858,157,0.0,0.0
2011-03-17 00:00:00-04:00,0.5600000023841858,0.5600000023841858,0.5600000023841858,0.5600000023841858,371,0.0,0.0
2011-03-18 00:00:00-04:00,0.5600000023841858,0.5600000023841858,0.5600000023841858,0.5600000023841858,0,0.0,0.0
2011-03-21 00:00:00-04:00,0.5600000023841858,0.5600000023841858,0.5600000023841858,0.5600000023841858,0,0.0,0.0
2011-03-22 00:00:00-04:00,0.5600000023841858,0.5600000023841858,0.5600000023841858,0.5600000023841858,21,0.0,0.0
2011-03-23 00:00:00-04:00,0.5600000023841858,0.5600000023841858,0.5600000023841858,0.5600000023841858,0,0.0,0.0
2011-03-24 00:00:00-04:00,0.5600000023841858,0.5600000023841858,0.5600000023841858,0.5600000023841858,1364,0.0,0.0
2011-03-25 00:00:00-04:00,0.5600000023841858,0.5600000023841858,0.5600000023841858,0.5600000023841858,1671,0.0,0.0
2011-03-28 00:00:00-04:00,0.5600000023841858,0.5600000023841858,0.5600000023841858,0.5600000023841858,0,0.0,0.0
2011-03-29 00:00:00-04:00,0.5600000023841858,0.5600000023841858,0.38499999046325684,0.4059999883174896,3636,0.0,0.0
2011-03-30 00:00:00-04:00,0.4059999883174896,0.4059999883174896,0.4059999883174896,0.4059999883174896,357,0.0,0.0
2011-03-31 00:00:00-04:00,0.4059999883174896,0.4059999883174896,0.4059999883174896,0.4059999883174896,0,0.0,0.0
2011-04-01 00:00:00-04:00,0.4059999883174896,0.4059999883174896,0.4059999883174896,0.4059999883174896,0,0.0,0.0
2011-04-04 00:00:00-04:00,0.4059999883174896,0.4059999883174896,0.4059999883174896,0.4059999883174896,0,0.0,0.0
2011-04-05 00:00:00-04:00,0.2842000126838684,0.2842000126838684,0.2842000126838684,0.2842000126838684,2014,0.0,0.0
2011-04-06 00:00:00-04:00,0.3499999940395355,0.3499999940395355,0.3499999940395355,0.3499999940395355,21,0.0,0.0
2011-04-07 00:00:00-04:00,0.3499999940395355,0.3499999940395355,0.3499999940395355,0.3499999940395355,0,0.0,0.0
2011-04-08 00:00:00-04:00,0.3499999940395355,0.3499999940395355,0.3499999940395355,0.3499999940395355,0,0.0,0.0
2011-04-11 00:00:00-04:00,0.2842000126838684,0.2842000126838684,0.2800000011920929,0.2800000011920929,7236,0.0,0.0
2011-04-12 00:00:00-04:00,0.2800000011920929,0.2800000011920929,0.2800000011920929,0.2800000011920929,0,0.0,0.0
2011-04-13 00:00:00-04:00,0.2800000011920929,0.2800000011920929,0.2800000011920929,0.2800000011920929,0,0.0,0.0
2011-04-14 00:00:00-04:00,0.2800000011920929,0.2800000011920929,0.2800000011920929,0.2800000011920929,0,0.0,0.0
2011-04-15 00:00:00-04:00,0.2800000011920929,0.2800000011920929,0.2800000011920929,0.2800000011920929,0,0.0,0.0
2011-04-18 00:00:00-04:00,0.2800000011920929,0.2800000011920929,0.2800000011920929,0.2800000011920929,0,0.0,0.0
2011-04-19 00:00:00-04:00,0.2800000011920929,0.2800000011920929,0.2800000011920929,0.2800000011920929,0,0.0,0.0
2011-04-20 00:00:00-04:00,0.2800000011920929,0.2800000011920929,0.2800000011920929,0.2800000011920929,0,0.0,0.0
2011-04-21 00:00:00-04:00,0.2800000011920929,0.2800000011920929,0.2800000011920929,0.2800000011920929,714,0.0,0.0
2011-04-25 00:00:00-04:00,0.2800000011920929,0.2800000011920929,0.2800000011920929,0.2800000011920929,0,0.0,0.0
2011-04-26 00:00:00-04:00,0.2800000011920929,0.2800000011920929,0.2800000011920929,0.2800000011920929,0,0.0,0.0
2011-04-27 00:00:00-04:00,0.2800000011920929,0.2800000011920929,0.2800000011920929,0.2800000011920929,0,0.0,0.0
2011-04-28 00:00:00-04:00,0.2800000011920929,0.2800000011920929,0.2800000011920929,0.2800000011920929,429,0.0,0.0
2011-04-29 00:00:00-04:00,0.2800000011920929,0.2800000011920929,0.2800000011920929,0.2800000011920929,5679,0.0,0.0
2011-05-02 00:00:00-04:00,0.2800000011920929,0.2800000011920929,0.2800000011920929,0.2800000011920929,0,0.0,0.0
2011-05-03 00:00:00-04:00,0.2800000011920929,0.2800000011920929,0.2800000011920929,0.2800000011920929,0,0.0,0.0
2011-05-04 00:00:00-04:00,0.1679999977350235,0.1679999977350235,0.1679999977350235,0.1679999977350235,71,0.0,0.0
2011-05-05 00:00:00-04:00,0.2800000011920929,0.335999995470047,0.2800000011920929,0.335999995470047,714,0.0,0.0
2011-05-06 00:00:00-04:00,0.2800000011920929,0.2800000011920929,0.2800000011920929,0.2800000011920929,229,0.0,0.0
2011-05-09 00:00:00-04:00,0.2800000011920929,0.2800000011920929,0.2800000011920929,0.2800000011920929,0,0.0,0.0
2011-05-10 00:00:00-04:00,0.2800000011920929,0.2800000011920929,0.2800000011920929,0.2800000011920929,0,0.0,0.0
2011-05-11 00:00:00-04:00,0.2800000011920929,0.2800000011920929,0.2800000011920929,0.2800000011920929,0,0.0,0.0
2011-05-12 00:00:00-04:00,0.2800000011920929,0.2800000011920929,0.2800000011920929,0.2800000011920929,0,0.0,0.0
2011-05-13 00:00:00-04:00,0.2800000011920929,0.2800000011920929,0.2800000011920929,0.2800000011920929,0,0.0,0.0
2011-05-16 00:00:00-04:00,0.2800000011920929,0.2800000011920929,0.2800000011920929,0.2800000011920929,0,0.0,0.0
2011-05-17 00:00:00-04:00,0.2800000011920929,0.2800000011920929,0.2800000011920929,0.2800000011920929,0,0.0,0.0
2011-05-18 00:00:00-04:00,0.2800000011920929,0.2800000011920929,0.2800000011920929,0.2800000011920929,0,0.0,0.0
2011-05-19 00:00:00-04:00,0.2800000011920929,0.2800000011920929,0.2800000011920929,0.2800000011920929,0,0.0,0.0
2011-05-20 00:00:00-04:00,0.2800000011920929,0.2800000011920929,0.2800000011920929,0.2800000011920929,0,0.0,0.0
2011-05-23 00:00:00-04:00,0.2800000011920929,0.2800000011920929,0.2800000011920929,0.2800000011920929,0,0.0,0.0
2011-05-24 00:00:00-04:00,0.2800000011920929,0.2800000011920929,0.2800000011920929,0.2800000011920929,0,0.0,0.0
2011-05-25 00:00:00-04:00,0.2800000011920929,0.2800000011920929,0.2800000011920929,0.2800000011920929,0,0.0,0.0
2011-05-26 00:00:00-04:00,0.2800000011920929,0.2800000011920929,0.2800000011920929,0.2800000011920929,0,0.0,0.0
2011-05-27 00:00:00-04:00,0.2800000011920929,0.2800000011920929,0.2800000011920929,0.2800000011920929,0,0.0,0.0
2011-05-31 00:00:00-04:00,0.2800000011920929,0.2800000011920929,0.2800000011920929,0.2800000011920929,0,0.0,0.0
2011-06-01 00:00:00-04:00,0.2800000011920929,0.2800000011920929,0.2800000011920929,0.2800000011920929,0,0.0,0.0
2011-06-02 00:00:00-04:00,0.2800000011920929,0.2800000011920929,0.2800000011920929,0.2800000011920929,0,0.0,0.0
2011-06-03 00:00:00-04:00,0.2800000011920929,0.2800000011920929,0.2800000011920929,0.2800000011920929,0,0.0,0.0
2011-06-06 00:00:00-04:00,0.2800000011920929,0.2800000011920929,0.2800000011920929,0.2800000011920929,0,0.0,0.0
2011-06-07 00:00:00-04:00,0.2800000011920929,0.2800000011920929,0.2800000011920929,0.2800000011920929,0,0.0,0.0
2011-06-08 00:00:00-04:00,0.2800000011920929,0.2800000011920929,0.2800000011920929,0.2800000011920929,321,0.0,0.0
2011-06-09 00:00:00-04:00,0.2800000011920929,0.2800000011920929,0.2800000011920929,0.2800000011920929,0,0.0,0.0
2011-06-10 00:00:00-04:00,0.2800000011920929,0.2800000011920929,0.2800000011920929,0.2800000011920929,0,0.0,0.0
2011-06-13 00:00:00-04:00,0.2800000011920929,0.2800000011920929,0.2800000011920929,0.2800000011920929,0,0.0,0.0
2011-06-14 00:00:00-04:00,0.2800000011920929,0.2800000011920929,0.2800000011920929,0.2800000011920929,0,0.0,0.0
2011-06-15 00:00:00-04:00,0.2800000011920929,0.2800000011920929,0.2800000011920929,0.2800000011920929,43,0.0,0.0
2011-06-16 00:00:00-04:00,0.2800000011920929,0.2800000011920929,0.2800000011920929,0.2800000011920929,0,0.0,0.0
2011-06-17 00:00:00-04:00,0.2800000011920929,0.2800000011920929,0.2800000011920929,0.2800000011920929,0,0.0,0.0
2011-06-20 00:00:00-04:00,0.2800000011920929,0.2800000011920929,0.2800000011920929,0.2800000011920929,0,0.0,0.0
2011-06-21 00:00:00-04:00,0.2800000011920929,0.2800000011920929,0.2800000011920929,0.2800000011920929,0,0.0,0.0
2011-06-22 00:00:00-04:00,0.2800000011920929,0.2800000011920929,0.2800000011920929,0.2800000011920929,0,0.0,0.0
2011-06-23 00:00:00-04:00,0.2800000011920929,0.2800000011920929,0.2800000011920929,0.2800000011920929,0,0.0,0.0
2011-06-24 00:00:00-04:00,0.2800000011920929,0.2800000011920929,0.2800000011920929,0.2800000011920929,0,0.0,0.0
2011-06-27 00:00:00-04:00,0.2800000011920929,0.2800000011920929,0.2800000011920929,0.2800000011920929,0,0.0,0.0
2011-06-28 00:00:00-04:00,0.2800000011920929,0.2800000011920929,0.2800000011920929,0.2800000011920929,0,0.0,0.0
2011-06-29 00:00:00-04:00,0.2800000011920929,0.2800000011920929,0.2800000011920929,0.2800000011920929,0,0.0,0.0
2011-06-30 00:00:00-04:00,0.2800000011920929,0.2800000011920929,0.2800000011920929,0.2800000011920929,0,0.0,0.0
2011-07-01 00:00:00-04:00,0.2800000011920929,0.2800000011920929,0.2800000011920929,0.2800000011920929,0,0.0,0.0
2011-07-05 00:00:00-04:00,0.2800000011920929,0.2800000011920929,0.2800000011920929,0.2800000011920929,0,0.0,0.0
2011-07-06 00:00:00-04:00,0.2800000011920929,0.2800000011920929,0.2800000011920929,0.2800000011920929,0,0.0,0.0
2011-07-07 00:00:00-04:00,0.2800000011920929,0.2800000011920929,0.2800000011920929,0.2800000011920929,0,0.0,0.0
2011-07-08 00:00:00-04:00,0.335999995470047,0.41999998688697815,0.335999995470047,0.41999998688697815,7143,0.0,0.0
2011-07-11 00:00:00-04:00,0.41999998688697815,0.41999998688697815,0.41999998688697815,0.41999998688697815,0,0.0,0.0
2011-07-12 00:00:00-04:00,0.41999998688697815,0.41999998688697815,0.41999998688697815,0.41999998688697815,0,0.0,0.0
2011-07-13 00:00:00-04:00,0.41999998688697815,0.41999998688697815,0.41999998688697815,0.41999998688697815,0,0.0,0.0
2011-07-14 00:00:00-04:00,0.41999998688697815,0.41999998688697815,0.41999998688697815,0.41999998688697815,143,0.0,0.0
2011-07-15 00:00:00-04:00,0.15399999916553497,0.2800000011920929,0.15399999916553497,0.2800000011920929,5871,0.0,0.0
2011-07-18 00:00:00-04:00,0.2800000011920929,0.2800000011920929,0.2800000011920929,0.2800000011920929,0,0.0,0.0
2011-07-19 00:00:00-04:00,0.2800000011920929,0.2800000011920929,0.2800000011920929,0.2800000011920929,0,0.0,0.0
2011-07-20 00:00:00-04:00,0.2800000011920929,0.2800000011920929,0.2800000011920929,0.2800000011920929,0,0.0,0.0
2011-07-21 00:00:00-04:00,0.2800000011920929,0.2800000011920929,0.2800000011920929,0.2800000011920929,0,0.0,0.0
2011-07-22 00:00:00-04:00,0.2800000011920929,0.2800000011920929,0.2800000011920929,0.2800000011920929,0,0.0,0.0
2011-07-25 00:00:00-04:00,0.2800000011920929,0.2800000011920929,0.2800000011920929,0.2800000011920929,0,0.0,0.0
2011-07-26 00:00:00-04:00,0.2800000011920929,0.2800000011920929,0.2800000011920929,0.2800000011920929,0,0.0,0.0
2011-07-27 00:00:00-04:00,0.2800000011920929,0.2800000011920929,0.2800000011920929,0.2800000011920929,0,0.0,0.0
2011-07-28 00:00:00-04:00,0.2800000011920929,0.41999998688697815,0.20999999344348907,0.20999999344348907,25343,0.0,0.0
2011-07-29 00:00:00-04:00,0.21279999613761902,0.21279999613761902,0.20999999344348907,0.20999999344348907,1429,0.0,0.0
2011-08-01 00:00:00-04:00,0.20999999344348907,0.20999999344348907,0.20999999344348907,0.20999999344348907,0,0.0,0.0
2011-08-02 00:00:00-04:00,0.20999999344348907,0.20999999344348907,0.20999999344348907,0.20999999344348907,0,0.0,0.0
2011-08-03 00:00:00-04:00,0.20999999344348907,0.20999999344348907,0.20999999344348907,0.20999999344348907,357,0.0,0.0
2011-08-04 00:00:00-04:00,0.20999999344348907,0.20999999344348907,0.20999999344348907,0.20999999344348907,0,0.0,0.0
2011-08-05 00:00:00-04:00,0.26600000262260437,0.26600000262260437,0.26600000262260437,0.26600000262260437,3571,0.0,0.0
2011-08-08 00:00:00-04:00,0.20999999344348907,0.20999999344348907,0.20999999344348907,0.20999999344348907,379,0.0,0.0
2011-08-09 00:00:00-04:00,0.18199999630451202,0.18199999630451202,0.15399999916553497,0.15399999916553497,1121,0.0,0.0
2011-08-10 00:00:00-04:00,0.15399999916553497,0.15399999916553497,0.15399999916553497,0.15399999916553497,0,0.0,0.0
2011-08-11 00:00:00-04:00,0.15399999916553497,0.15399999916553497,0.15399999916553497,0.15399999916553497,629,0.0,0.0
2011-08-12 00:00:00-04:00,0.15399999916553497,0.15399999916553497,0.15399999916553497,0.15399999916553497,1429,0.0,0.0
2011-08-15 00:00:00-04:00,0.1679999977350235,0.1679999977350235,0.15399999916553497,0.15399999916553497,4643,0.0,0.0
2011-08-16 00:00:00-04:00,0.14139999449253082,0.14139999449253082,0.14000000059604645,0.14000000059604645,3693,0.0,0.0
2011-08-17 00:00:00-04:00,0.14000000059604645,0.14000000059604645,0.14000000059604645,0.14000000059604645,9364,0.0,0.0
2011-08-18 00:00:00-04:00,0.14000000059604645,0.14000000059604645,0.14000000059604645,0.14000000059604645,0,0.0,0.0
2011-08-19 00:00:00-04:00,0.14000000059604645,0.14000000059604645,0.14000000059604645,0.14000000059604645,0,0.0,0.0
2011-08-22 00:00:00-04:00,0.14000000059604645,0.14000000059604645,0.14000000059604645,0.14000000059604645,0,0.0,0.0
2011-08-23 00:00:00-04:00,0.14000000059604645,0.14000000059604645,0.14000000059604645,0.14000000059604645,0,0.0,0.0
2011-08-24 00:00:00-04:00,0.20999999344348907,0.20999999344348907,0.20999999344348907,0.20999999344348907,357,0.0,0.0
2011-08-25 00:00:00-04:00,0.20999999344348907,0.20999999344348907,0.20999999344348907,0.20999999344348907,0,0.0,0.0
2011-08-26 00:00:00-04:00,0.20999999344348907,0.20999999344348907,0.20999999344348907,0.20999999344348907,0,0.0,0.0
2011-08-29 00:00:00-04:00,0.20999999344348907,0.20999999344348907,0.20999999344348907,0.20999999344348907,357,0.0,0.0
2011-08-30 00:00:00-04:00,0.20999999344348907,0.20999999344348907,0.20999999344348907,0.20999999344348907,0,0.0,0.0
2011-08-31 00:00:00-04:00,0.20999999344348907,0.20999999344348907,0.20999999344348907,0.20999999344348907,0,0.0,0.0
2011-09-01 00:00:00-04:00,0.20999999344348907,0.20999999344348907,0.20999999344348907,0.20999999344348907,0,0.0,0.0
2011-09-02 00:00:00-04:00,0.20999999344348907,0.20999999344348907,0.20999999344348907,0.20999999344348907,0,0.0,0.0
2011-09-06 00:00:00-04:00,0.14000000059604645,0.14000000059604645,0.14000000059604645,0.14000000059604645,357,0.0,0.0
2011-09-07 00:00:00-04:00,0.14000000059604645,0.14000000059604645,0.14000000059604645,0.14000000059604645,357,0.0,0.0
2011-09-08 00:00:00-04:00,0.14000000059604645,0.14000000059604645,0.14000000059604645,0.14000000059604645,1071,0.0,0.0
2011-09-09 00:00:00-04:00,0.14000000059604645,0.20999999344348907,0.14000000059604645,0.14000000059604645,9364,0.0,0.0
2011-09-12 00:00:00-04:00,0.14000000059604645,0.14000000059604645,0.14000000059604645,0.14000000059604645,5007,0.0,0.0
2011-09-13 00:00:00-04:00,0.14000000059604645,0.14000000059604645,0.14000000059604645,0.14000000059604645,0,0.0,0.0
2011-09-14 00:00:00-04:00,0.14000000059604645,0.14000000059604645,0.14000000059604645,0.14000000059604645,0,0.0,0.0
2011-09-15 00:00:00-04:00,0.14000000059604645,0.14000000059604645,0.14000000059604645,0.14000000059604645,0,0.0,0.0
2011-09-16 00:00:00-04:00,0.14000000059604645,0.14000000059604645,0.14000000059604645,0.14000000059604645,0,0.0,0.0
2011-09-19 00:00:00-04:00,0.14000000059604645,0.14000000059604645,0.14000000059604645,0.14000000059604645,2143,0.0,0.0
2011-09-20 00:00:00-04:00,0.14000000059604645,0.14000000059604645,0.14000000059604645,0.14000000059604645,0,0.0,0.0
2011-09-21 00:00:00-04:00,0.14000000059604645,0.14000000059604645,0.14000000059604645,0.14000000059604645,0,0.0,0.0
2011-09-22 00:00:00-04:00,0.14000000059604645,0.14000000059604645,0.14000000059604645,0.14000000059604645,0,0.0,0.0
2011-09-23 00:00:00-04:00,0.14000000059604645,0.14000000059604645,0.14000000059604645,0.14000000059604645,0,0.0,0.0
2011-09-26 00:00:00-04:00,0.14000000059604645,0.14000000059604645,0.14000000059604645,0.14000000059604645,0,0.0,0.0
2011-09-27 00:00:00-04:00,0.14000000059604645,0.14000000059604645,0.14000000059604645,0.14000000059604645,0,0.0,0.0
2011-09-28 00:00:00-04:00,0.14000000059604645,0.14000000059604645,0.14000000059604645,0.14000000059604645,0,0.0,0.0
2011-09-29 00:00:00-04:00,0.14000000059604645,0.14000000059604645,0.14000000059604645,0.14000000059604645,0,0.0,0.0
2011-09-30 00:00:00-04:00,0.014000000432133675,0.07699999958276749,0.014000000432133675,0.06300000101327896,117500,0.0,0.0
2011-10-03 00:00:00-04:00,0.041999999433755875,0.04899999871850014,0.041999999433755875,0.04899999871850014,9429,0.0,0.0
2011-10-04 00:00:00-04:00,0.053199999034404755,0.07000000029802322,0.053199999034404755,0.07000000029802322,16786,0.0,0.0
2011-10-05 00:00:00-04:00,0.07000000029802322,0.07000000029802322,0.07000000029802322,0.07000000029802322,0,0.0,0.0
2011-10-06 00:00:00-04:00,0.07000000029802322,0.07000000029802322,0.07000000029802322,0.07000000029802322,0,0.0,0.0
2011-10-07 00:00:00-04:00,0.07699999958276749,0.07699999958276749,0.07699999958276749,0.07699999958276749,321,0.0,0.0
2011-10-10 00:00:00-04:00,0.07699999958276749,0.07699999958276749,0.07699999958276749,0.07699999958276749,0,0.0,0.0
2011-10-11 00:00:00-04:00,0.07699999958276749,0.07699999958276749,0.07699999958276749,0.07699999958276749,307,0.0,0.0
2011-10-12 00:00:00-04:00,0.07699999958276749,0.07699999958276749,0.07699999958276749,0.07699999958276749,4000,0.0,0.0
2011-10-13 00:00:00-04:00,0.08399999886751175,0.08399999886751175,0.08399999886751175,0.08399999886751175,1429,0.0,0.0
2011-10-14 00:00:00-04:00,0.08399999886751175,0.08399999886751175,0.08399999886751175,0.08399999886751175,0,0.0,0.0
2011-10-17 00:00:00-04:00,0.08399999886751175,0.08399999886751175,0.08399999886751175,0.08399999886751175,0,0.0,0.0
2011-10-18 00:00:00-04:00,0.07280000299215317,0.08399999886751175,0.07280000299215317,0.08399999886751175,28571,0.0,0.0
2011-10-19 00:00:00-04:00,0.07699999958276749,0.07699999958276749,0.07699999958276749,0.07699999958276749,3571,0.0,0.0
2011-10-20 00:00:00-04:00,0.07699999958276749,0.07699999958276749,0.07699999958276749,0.07699999958276749,0,0.0,0.0
2011-10-21 00:00:00-04:00,0.07000000029802322,0.07000000029802322,0.07000000029802322,0.07000000029802322,714,0.0,0.0
2011-10-24 00:00:00-04:00,0.07000000029802322,0.07000000029802322,0.07000000029802322,0.07000000029802322,0,0.0,0.0
2011-10-25 00:00:00-04:00,0.07000000029802322,0.07000000029802322,0.07000000029802322,0.07000000029802322,0,0.0,0.0
2011-10-26 00:00:00-04:00,0.07000000029802322,0.07000000029802322,0.07000000029802322,0.07000000029802322,0,0.0,0.0
2011-10-27 00:00:00-04:00,0.07000000029802322,0.07000000029802322,0.07000000029802322,0.07000000029802322,0,0.0,0.0
2011-10-28 00:00:00-04:00,0.07000000029802322,0.07000000029802322,0.07000000029802322,0.07000000029802322,0,0.0,0.0
2011-10-31 00:00:00-04:00,0.07000000029802322,0.07000000029802322,0.07000000029802322,0.07000000029802322,0,0.0,0.0
2011-11-01 00:00:00-04:00,0.07000000029802322,0.07000000029802322,0.07000000029802322,0.07000000029802322,0,0.0,0.0
2011-11-02 00:00:00-04:00,0.07000000029802322,0.07000000029802322,0.07000000029802322,0.07000000029802322,0,0.0,0.0
2011-11-03 00:00:00-04:00,0.07000000029802322,0.07000000029802322,0.07000000029802322,0.07000000029802322,0,0.0,0.0
2011-11-04 00:00:00-04:00,0.07000000029802322,0.07000000029802322,0.07000000029802322,0.07000000029802322,0,0.0,0.0
2011-11-07 00:00:00-05:00,0.07000000029802322,0.07000000029802322,0.07000000029802322,0.07000000029802322,0,0.0,0.0
2011-11-08 00:00:00-05:00,0.07000000029802322,0.07000000029802322,0.07000000029802322,0.07000000029802322,0,0.0,0.0
2011-11-09 00:00:00-05:00,0.04899999871850014,0.04899999871850014,0.04899999871850014,0.04899999871850014,464,0.0,0.0
2011-11-10 00:00:00-05:00,0.04899999871850014,0.04899999871850014,0.04899999871850014,0.04899999871850014,336,0.0,0.0
2011-11-11 00:00:00-05:00,0.04899999871850014,0.04899999871850014,0.04899999871850014,0.04899999871850014,2143,0.0,0.0
2011-11-14 00:00:00-05:00,0.04899999871850014,0.04899999871850014,0.04899999871850014,0.04899999871850014,229,0.0,0.0
2011-11-15 00:00:00-05:00,0.04899999871850014,0.04899999871850014,0.04899999871850014,0.04899999871850014,0,0.0,0.0
2011-11-16 00:00:00-05:00,0.04899999871850014,0.04899999871850014,0.04899999871850014,0.04899999871850014,0,0.0,0.0
2011-11-17 00:00:00-05:00,0.04899999871850014,0.04899999871850014,0.04899999871850014,0.04899999871850014,0,0.0,0.0
2011-11-18 00:00:00-05:00,0.06159999966621399,0.06159999966621399,0.0560000017285347,0.0560000017285347,3786,0.0,0.0
2011-11-21 00:00:00-05:00,0.0560000017285347,0.0560000017285347,0.0560000017285347,0.0560000017285347,1071,0.0,0.0
2011-11-22 00:00:00-05:00,0.0560000017285347,0.0560000017285347,0.0560000017285347,0.0560000017285347,714,0.0,0.0
2011-11-23 00:00:00-05:00,0.0560000017285347,0.0560000017285347,0.0560000017285347,0.0560000017285347,0,0.0,0.0
2011-11-25 00:00:00-05:00,0.0560000017285347,0.0560000017285347,0.0560000017285347,0.0560000017285347,0,0.0,0.0
2011-11-28 00:00:00-05:00,0.06019999831914902,0.06019999831914902,0.06019999831914902,0.06019999831914902,3571,0.0,0.0
2011-11-29 00:00:00-05:00,0.06019999831914902,0.06019999831914902,0.06019999831914902,0.06019999831914902,0,0.0,0.0
2011-11-30 00:00:00-05:00,0.0560000017285347,0.0560000017285347,0.0560000017285347,0.0560000017285347,43,0.0,0.0
2011-12-01 00:00:00-05:00,0.0560000017285347,0.0560000017285347,0.0560000017285347,0.0560000017285347,0,0.0,0.0
2011-12-02 00:00:00-05:00,0.07699999958276749,0.07699999958276749,0.07699999958276749,0.07699999958276749,3571,0.0,0.0
2011-12-05 00:00:00-05:00,0.07699999958276749,0.07699999958276749,0.07699999958276749,0.07699999958276749,0,0.0,0.0
2011-12-06 00:00:00-05:00,0.08399999886751175,0.08399999886751175,0.08399999886751175,0.08399999886751175,1071,0.0,0.0
2011-12-07 00:00:00-05:00,0.11900000274181366,0.14000000059604645,0.11900000274181366,0.14000000059604645,9750,0.0,0.0
2011-12-08 00:00:00-05:00,0.14000000059604645,0.14000000059604645,0.14000000059604645,0.14000000059604645,7857,0.0,0.0
2011-12-09 00:00:00-05:00,0.12600000202655792,0.12600000202655792,0.12600000202655792,0.12600000202655792,714,0.0,0.0
2011-12-12 00:00:00-05:00,0.12600000202655792,0.12600000202655792,0.12600000202655792,0.12600000202655792,0,0.0,0.0
2011-12-13 00:00:00-05:00,0.14000000059604645,0.14000000059604645,0.14000000059604645,0.14000000059604645,5500,0.0,0.0
2011-12-14 00:00:00-05:00,0.11900000274181366,0.11900000274181366,0.11900000274181366,0.11900000274181366,536,0.0,0.0
2011-12-15 00:00:00-05:00,0.11900000274181366,0.11900000274181366,0.11900000274181366,0.11900000274181366,0,0.0,0.0
2011-12-16 00:00:00-05:00,0.14000000059604645,0.14000000059604645,0.14000000059604645,0.14000000059604645,357,0.0,0.0
2011-12-19 00:00:00-05:00,0.14000000059604645,0.14000000059604645,0.14000000059604645,0.14000000059604645,3171,0.0,0.0
2011-12-20 00:00:00-05:00,0.11900000274181366,0.11900000274181366,0.11900000274181366,0.11900000274181366,9214,0.0,0.0
2011-12-21 00:00:00-05:00,0.11900000274181366,0.11900000274181366,0.11900000274181366,0.11900000274181366,0,0.0,0.0
2011-12-22 00:00:00-05:00,0.11900000274181366,0.11900000274181366,0.11900000274181366,0.11900000274181366,0,0.0,0.0
2011-12-23 00:00:00-05:00,0.11900000274181366,0.14000000059604645,0.11900000274181366,0.14000000059604645,5357,0.0,0.0
2011-12-27 00:00:00-05:00,0.14000000059604645,0.14000000059604645,0.14000000059604645,0.14000000059604645,0,0.0,0.0
2011-12-28 00:00:00-05:00,0.14000000059604645,0.14000000059604645,0.14000000059604645,0.14000000059604645,0,0.0,0.0
2011-12-29 00:00:00-05:00,0.14000000059604645,0.14000000059604645,0.14000000059604645,0.14000000059604645,0,0.0,0.0
2011-12-30 00:00:00-05:00,0.11900000274181366,0.11900000274181366,0.11900000274181366,0.11900000274181366,7250,0.0,0.0
2012-01-03 00:00:00-05:00,0.19599999487400055,0.19599999487400055,0.19599999487400055,0.19599999487400055,357,0.0,0.0
2012-01-04 00:00:00-05:00,0.12600000202655792,0.12600000202655792,0.12600000202655792,0.12600000202655792,1429,0.0,0.0
2012-01-05 00:00:00-05:00,0.13300000131130219,0.13300000131130219,0.13300000131130219,0.13300000131130219,10714,0.0,0.0
2012-01-06 00:00:00-05:00,0.13300000131130219,0.13300000131130219,0.13300000131130219,0.13300000131130219,36,0.0,0.0
2012-01-09 00:00:00-05:00,0.13300000131130219,0.13300000131130219,0.13300000131130219,0.13300000131130219,0,0.0,0.0
2012-01-10 00:00:00-05:00,0.13300000131130219,0.13300000131130219,0.13300000131130219,0.13300000131130219,0,0.0,0.0
2012-01-11 00:00:00-05:00,0.13300000131130219,0.13300000131130219,0.13300000131130219,0.13300000131130219,0,0.0,0.0
2012-01-12 00:00:00-05:00,0.13300000131130219,0.13300000131130219,0.13300000131130219,0.13300000131130219,0,0.0,0.0
2012-01-13 00:00:00-05:00,0.13860000669956207,0.13860000669956207,0.12600000202655792,0.12600000202655792,9857,0.0,0.0
2012-01-17 00:00:00-05:00,0.09799999743700027,0.09799999743700027,0.07000000029802322,0.07000000029802322,5000,0.0,0.0
2012-01-18 00:00:00-05:00,0.07000000029802322,0.07000000029802322,0.07000000029802322,0.07000000029802322,5714,0.0,0.0
2012-01-19 00:00:00-05:00,0.07000000029802322,0.07000000029802322,0.07000000029802322,0.07000000029802322,0,0.0,0.0
2012-01-20 00:00:00-05:00,0.07000000029802322,0.07000000029802322,0.07000000029802322,0.07000000029802322,0,0.0,0.0
2012-01-23 00:00:00-05:00,0.07000000029802322,0.07000000029802322,0.07000000029802322,0.07000000029802322,0,0.0,0.0
2012-01-24 00:00:00-05:00,0.07000000029802322,0.07000000029802322,0.07000000029802322,0.07000000029802322,0,0.0,0.0
2012-01-25 00:00:00-05:00,0.07000000029802322,0.07000000029802322,0.07000000029802322,0.07000000029802322,0,0.0,0.0
2012-01-26 00:00:00-05:00,0.041999999433755875,0.041999999433755875,0.041999999433755875,0.041999999433755875,714,0.0,0.0
2012-01-27 00:00:00-05:00,0.041999999433755875,0.041999999433755875,0.041999999433755875,0.041999999433755875,0,0.0,0.0
2012-01-30 00:00:00-05:00,0.041999999433755875,0.041999999433755875,0.041999999433755875,0.041999999433755875,10821,0.0,0.0
2012-01-31 00:00:00-05:00,0.041999999433755875,0.09799999743700027,0.041999999433755875,0.09799999743700027,29457,0.0,0.0
2012-02-01 00:00:00-05:00,0.09799999743700027,0.12600000202655792,0.09799999743700027,0.12600000202655792,10214,0.0,0.0
2012-02-02 00:00:00-05:00,0.14000000059604645,0.14000000059604645,0.08399999886751175,0.08399999886751175,12179,0.0,0.0
2012-02-03 00:00:00-05:00,0.07000000029802322,0.07000000029802322,0.07000000029802322,0.07000000029802322,714,0.0,0.0
2012-02-06 00:00:00-05:00,0.07000000029802322,0.07000000029802322,0.07000000029802322,0.07000000029802322,0,0.0,0.0
2012-02-07 00:00:00-05:00,0.07000000029802322,0.07000000029802322,0.07000000029802322,0.07000000029802322,0,0.0,0.0
2012-02-08 00:00:00-05:00,0.029400000348687172,0.029400000348687172,0.029400000348687172,0.029400000348687172,1643,0.0,0.0
2012-02-09 00:00:00-05:00,0.029400000348687172,0.029400000348687172,0.029400000348687172,0.029400000348687172,0,0.0,0.0
2012-02-10 00:00:00-05:00,0.029400000348687172,0.029400000348687172,0.029400000348687172,0.029400000348687172,0,0.0,0.0
2012-02-13 00:00:00-05:00,0.029400000348687172,0.029400000348687172,0.029400000348687172,0.029400000348687172,0,0.0,0.0
2012-02-14 00:00:00-05:00,0.041999999433755875,0.041999999433755875,0.041999999433755875,0.041999999433755875,2414,0.0,0.0
2012-02-15 00:00:00-05:00,0.03500000014901161,0.03500000014901161,0.020999999716877937,0.02800000086426735,95357,0.0,0.0
2012-02-16 00:00:00-05:00,0.02800000086426735,0.02800000086426735,0.02800000086426735,0.02800000086426735,191071,0.0,0.0
2012-02-17 00:00:00-05:00,0.02800000086426735,0.02800000086426735,0.02800000086426735,0.02800000086426735,0,0.0,0.0
2012-02-21 00:00:00-05:00,0.02800000086426735,0.02800000086426735,0.02800000086426735,0.02800000086426735,0,0.0,0.0
2012-02-22 00:00:00-05:00,0.02800000086426735,0.02800000086426735,0.02800000086426735,0.02800000086426735,0,0.0,0.0
2012-02-23 00:00:00-05:00,0.02800000086426735,0.02800000086426735,0.02800000086426735,0.02800000086426735,0,0.0,0.0
2012-02-24 00:00:00-05:00,0.02800000086426735,0.02800000086426735,0.02800000086426735,0.02800000086426735,0,0.0,0.0
2012-02-27 00:00:00-05:00,0.02800000086426735,0.02800000086426735,0.02800000086426735,0.02800000086426735,0,0.0,0.0
2012-02-28 00:00:00-05:00,0.0560000017285347,0.0560000017285347,0.03500000014901161,0.03500000014901161,9157,0.0,0.0
2012-02-29 00:00:00-05:00,0.03500000014901161,0.03500000014901161,0.03500000014901161,0.03500000014901161,0,0.0,0.0
2012-03-01 00:00:00-05:00,0.03500000014901161,0.03500000014901161,0.03500000014901161,0.03500000014901161,0,0.0,0.0
2012-03-02 00:00:00-05:00,0.07000000029802322,0.32199999690055847,0.07000000029802322,0.23800000548362732,191757,0.0,0.0
2012-03-05 00:00:00-05:00,0.23800000548362732,0.23800000548362732,0.14000000059604645,0.14000000059604645,42421,0.0,0.0
2012-03-06 00:00:00-05:00,0.12600000202655792,0.14000000059604645,0.12600000202655792,0.14000000059604645,83000,0.0,0.0
2012-03-07 00:00:00-05:00,0.15399999916553497,0.17499999701976776,0.15399999916553497,0.17499999701976776,1243,0.0,0.0
2012-03-08 00:00:00-05:00,0.20999999344348907,0.30799999833106995,0.14000000059604645,0.30799999833106995,23500,0.0,0.0
2012-03-09 00:00:00-05:00,0.25200000405311584,0.9800000190734863,0.20999999344348907,0.699999988079071,61621,0.0,0.0
2012-03-12 00:00:00-04:00,0.699999988079071,0.902999997138977,0.699999988079071,0.8399999737739563,10807,0.0,0.0
2012-03-13 00:00:00-04:00,0.8399999737739563,0.8399999737739563,0.699999988079071,0.7699999809265137,7686,0.0,0.0
2012-03-14 00:00:00-04:00,0.7699999809265137,0.8399999737739563,0.6439999938011169,0.699999988079071,7564,0.0,0.0
2012-03-15 00:00:00-04:00,0.7699999809265137,1.1200000047683716,0.699999988079071,1.1200000047683716,2607,0.0,0.0
2012-03-16 00:00:00-04:00,1.1200000047683716,1.1200000047683716,0.2800000011920929,0.9800000190734863,45450,0.0,0.0
2012-03-19 00:00:00-04:00,0.6299999952316284,0.8399999737739563,0.6299999952316284,0.699999988079071,2371,0.0,0.0
2012-03-20 00:00:00-04:00,0.699999988079071,0.699999988079071,0.5950000286102295,0.5950000286102295,12664,0.0,0.0
2012-03-21 00:00:00-04:00,0.5935999751091003,0.699999988079071,0.5935999751091003,0.699999988079071,3500,0.0,0.0
2012-03-22 00:00:00-04:00,0.699999988079071,0.699999988079071,0.5879999995231628,0.699999988079071,3329,0.0,0.0
2012-03-23 00:00:00-04:00,0.699999988079071,0.7699999809265137,0.699999988079071,0.7699999809265137,12286,0.0,0.0
2012-03-26 00:00:00-04:00,0.6579999923706055,0.699999988079071,0.5600000023841858,0.5600000023841858,2729,0.0,0.0
2012-03-27 00:00:00-04:00,0.7699999809265137,1.399999976158142,0.699999988079071,1.399999976158142,52986,0.0,0.0
2012-03-28 00:00:00-04:00,1.6100000143051147,1.6799999475479126,1.1339999437332153,1.2599999904632568,30564,0.0,0.0
2012-03-29 00:00:00-04:00,1.2599999904632568,1.399999976158142,0.9800000190734863,1.399999976158142,7064,0.0,0.0
2012-03-30 00:00:00-04:00,1.2599999904632568,1.399999976158142,0.8539999723434448,1.1759999990463257,4343,0.0,0.0
2012-04-02 00:00:00-04:00,1.3300000429153442,1.3300000429153442,0.8539999723434448,1.3020000457763672,5036,0.0,0.0
2012-04-03 00:00:00-04:00,1.0499999523162842,1.2599999904632568,1.0499999523162842,1.190000057220459,1814,0.0,0.0
2012-04-04 00:00:00-04:00,1.2599999904632568,1.2599999904632568,0.9940000176429749,1.246000051498413,5521,0.0,0.0
2012-04-05 00:00:00-04:00,1.246000051498413,1.246000051498413,1.246000051498413,1.246000051498413,1186,0.0,0.0
2012-04-09 00:00:00-04:00,1.3860000371932983,1.3860000371932983,1.0080000162124634,1.2431999444961548,1229,0.0,0.0
2012-04-10 00:00:00-04:00,1.246000051498413,1.246000051498413,1.0080000162124634,1.246000051498413,3579,0.0,0.0
2012-04-11 00:00:00-04:00,0.9800000190734863,1.246000051498413,0.9800000190734863,1.246000051498413,1714,0.0,0.0
2012-04-12 00:00:00-04:00,1.246000051498413,1.399999976158142,0.8539999723434448,1.2599999904632568,2521,0.0,0.0
2012-04-13 00:00:00-04:00,1.2599999904632568,1.2599999904632568,1.2599999904632568,1.2599999904632568,0,0.0,0.0
2012-04-16 00:00:00-04:00,1.218000054359436,1.218000054359436,0.6299999952316284,1.0499999523162842,19814,0.0,0.0
2012-04-17 00:00:00-04:00,0.9520000219345093,0.9520000219345093,0.7699999809265137,0.7699999809265137,2143,0.0,0.0
2012-04-18 00:00:00-04:00,0.9520000219345093,1.2599999904632568,0.9380000233650208,1.2599999904632568,4050,0.0,0.0
2012-04-19 00:00:00-04:00,1.190000057220459,1.190000057220459,0.9800000190734863,0.9800000190734863,2536,0.0,0.0
2012-04-20 00:00:00-04:00,1.190000057220459,1.190000057220459,1.0499999523162842,1.0499999523162842,1564,0.0,0.0
2012-04-23 00:00:00-04:00,1.0499999523162842,1.1829999685287476,0.9800000190734863,1.1759999990463257,12521,0.0,0.0
2012-04-24 00:00:00-04:00,0.699999988079071,0.8399999737739563,0.699999988079071,0.8399999737739563,8286,0.0,0.0
2012-04-25 00:00:00-04:00,0.9800000190734863,0.9800000190734863,0.9800000190734863,0.9800000190734863,307,0.0,0.0
2012-04-26 00:00:00-04:00,0.9800000190734863,0.9800000190734863,0.9800000190734863,0.9800000190734863,579,0.0,0.0
2012-04-27 00:00:00-04:00,0.9800000190734863,0.9800000190734863,0.9800000190734863,0.9800000190734863,0,0.0,0.0
2012-04-30 00:00:00-04:00,0.9800000190734863,0.9800000190734863,0.8050000071525574,0.8050000071525574,5814,0.0,0.0
2012-05-01 00:00:00-04:00,0.9100000262260437,0.9100000262260437,0.7699999809265137,0.8399999737739563,3414,0.0,0.0
2012-05-02 00:00:00-04:00,0.7699999809265137,0.9800000190734863,0.7699999809265137,0.9800000190734863,8121,0.0,0.0
2012-05-03 00:00:00-04:00,0.9800000190734863,0.9800000190734863,0.9800000190734863,0.9800000190734863,0,0.0,0.0
2012-05-04 00:00:00-04:00,0.8399999737739563,0.8399999737739563,0.7699999809265137,0.7699999809265137,714,0.0,0.0
2012-05-07 00:00:00-04:00,0.8399999737739563,0.8399999737739563,0.8399999737739563,0.8399999737739563,714,0.0,0.0
2012-05-08 00:00:00-04:00,0.9771999716758728,0.9800000190734863,0.9771999716758728,0.9800000190734863,2071,0.0,0.0
2012-05-09 00:00:00-04:00,0.9800000190734863,0.9800000190734863,0.7699999809265137,0.9800000190734863,1514,0.0,0.0
2012-05-10 00:00:00-04:00,0.9800000190734863,0.9800000190734863,0.9800000190734863,0.9800000190734863,71,0.0,0.0
2012-05-11 00:00:00-04:00,0.7699999809265137,0.9800000190734863,0.7699999809265137,0.9800000190734863,2679,0.0,0.0
2012-05-14 00:00:00-04:00,0.9100000262260437,0.9800000190734863,0.9100000262260437,0.9800000190734863,1714,0.0,0.0
2012-05-15 00:00:00-04:00,0.8399999737739563,0.8399999737739563,0.699999988079071,0.8399999737739563,12929,0.0,0.0
2012-05-16 00:00:00-04:00,0.8399999737739563,0.8399999737739563,0.8399999737739563,0.8399999737739563,0,0.0,0.0
2012-05-17 00:00:00-04:00,0.8399999737739563,0.8399999737739563,0.8399999737739563,0.8399999737739563,214,0.0,0.0
2012-05-18 00:00:00-04:00,0.8399999737739563,0.8399999737739563,0.7391999959945679,0.7391999959945679,5450,0.0,0.0
2012-05-21 00:00:00-04:00,0.823199987411499,0.8399999737739563,0.823199987411499,0.8399999737739563,1629,0.0,0.0
2012-05-22 00:00:00-04:00,0.8399999737739563,0.8399999737739563,0.8399999737739563,0.8399999737739563,0,0.0,0.0
2012-05-23 00:00:00-04:00,0.8399999737739563,0.8399999737739563,0.8399999737739563,0.8399999737739563,0,0.0,0.0
2012-05-24 00:00:00-04:00,0.8399999737739563,0.8399999737739563,0.8399999737739563,0.8399999737739563,471,0.0,0.0
2012-05-25 00:00:00-04:00,0.8399999737739563,0.8399999737739563,0.8399999737739563,0.8399999737739563,1429,0.0,0.0
2012-05-29 00:00:00-04:00,0.8399999737739563,0.8399999737739563,0.8399999737739563,0.8399999737739563,1929,0.0,0.0
2012-05-30 00:00:00-04:00,0.823199987411499,0.8399999737739563,0.823199987411499,0.8399999737739563,1857,0.0,0.0
2012-05-31 00:00:00-04:00,0.8399999737739563,0.8399999737739563,0.8399999737739563,0.8399999737739563,336,0.0,0.0
2012-06-01 00:00:00-04:00,0.6650000214576721,0.6650000214576721,0.6650000214576721,0.6650000214576721,3571,0.0,0.0
2012-06-04 00:00:00-04:00,0.6412000060081482,0.8399999737739563,0.6412000060081482,0.8399999737739563,1964,0.0,0.0
2012-06-05 00:00:00-04:00,0.8399999737739563,0.8399999737739563,0.8399999737739563,0.8399999737739563,857,0.0,0.0
2012-06-06 00:00:00-04:00,0.8399999737739563,0.8399999737739563,0.699999988079071,0.8399999737739563,1607,0.0,0.0
2012-06-07 00:00:00-04:00,0.8399999737739563,0.8399999737739563,0.8399999737739563,0.8399999737739563,0,0.0,0.0
2012-06-08 00:00:00-04:00,0.8399999737739563,0.8399999737739563,0.8399999737739563,0.8399999737739563,0,0.0,0.0
2012-06-11 00:00:00-04:00,0.8399999737739563,0.8399999737739563,0.8399999737739563,0.8399999737739563,0,0.0,0.0
2012-06-12 00:00:00-04:00,0.8385999798774719,0.8385999798774719,0.8385999798774719,0.8385999798774719,393,0.0,0.0
2012-06-13 00:00:00-04:00,0.8385999798774719,0.8385999798774719,0.8385999798774719,0.8385999798774719,0,0.0,0.0
2012-06-14 00:00:00-04:00,0.8385999798774719,0.8385999798774719,0.8385999798774719,0.8385999798774719,0,0.0,0.0
2012-06-15 00:00:00-04:00,0.8399999737739563,1.399999976158142,0.8399999737739563,1.0920000076293945,155629,0.0,0.0
2012-06-18 00:00:00-04:00,1.1059999465942383,1.6100000143051147,1.1031999588012695,1.229200005531311,70871,0.0,0.0
2012-06-19 00:00:00-04:00,1.2599999904632568,1.371999979019165,1.2039999961853027,1.246000051498413,14779,0.0,0.0
2012-06-20 00:00:00-04:00,1.1914000511169434,1.1914000511169434,1.0205999612808228,1.1200000047683716,27671,0.0,0.0
2012-06-21 00:00:00-04:00,1.190000057220459,1.2039999961853027,1.1200000047683716,1.1619999408721924,4571,0.0,0.0
2012-06-22 00:00:00-04:00,1.2599999904632568,1.2599999904632568,1.190000057220459,1.190000057220459,8629,0.0,0.0
2012-06-25 00:00:00-04:00,1.190000057220459,1.371999979019165,1.190000057220459,1.2740000486373901,6936,0.0,0.0
2012-06-26 00:00:00-04:00,1.2740000486373901,1.2740000486373901,1.0920000076293945,1.1480000019073486,10536,0.0,0.0
2012-06-27 00:00:00-04:00,1.1480000019073486,1.1480000019073486,1.0360000133514404,1.1200000047683716,25836,0.0,0.0
2012-06-28 00:00:00-04:00,1.0360000133514404,1.1200000047683716,1.0262000560760498,1.0920000076293945,16229,0.0,0.0
2012-06-29 00:00:00-04:00,1.0374000072479248,1.1200000047683716,1.0374000072479248,1.1200000047683716,18200,0.0,0.0
2012-07-02 00:00:00-04:00,1.1200000047683716,1.4140000343322754,1.1200000047683716,1.399999976158142,29171,0.0,0.0
2012-07-03 00:00:00-04:00,1.399999976158142,1.5371999740600586,1.399999976158142,1.4980000257492065,6464,0.0,0.0
2012-07-05 00:00:00-04:00,1.5399999618530273,1.5399999618530273,1.399999976158142,1.4700000286102295,2836,0.0,0.0
2012-07-06 00:00:00-04:00,1.4140000343322754,1.4140000343322754,1.3300000429153442,1.399999976158142,5464,0.0,0.0
2012-07-09 00:00:00-04:00,1.399999976158142,1.4112000465393066,1.399999976158142,1.4013999700546265,9571,0.0,0.0
2012-07-10 00:00:00-04:00,1.5077999830245972,1.5077999830245972,1.399999976158142,1.399999976158142,2507,0.0,0.0
2012-07-11 00:00:00-04:00,1.371999979019165,1.5077999830245972,1.3314000368118286,1.5077999830245972,950,0.0,0.0
2012-07-12 00:00:00-04:00,1.5049999952316284,1.5049999952316284,1.5049999952316284,1.5049999952316284,214,0.0,0.0
2012-07-13 00:00:00-04:00,1.371999979019165,1.371999979019165,1.371999979019165,1.371999979019165,1071,0.0,0.0
2012-07-16 00:00:00-04:00,1.371999979019165,1.399999976158142,1.3300000429153442,1.399999976158142,16200,0.0,0.0
2012-07-17 00:00:00-04:00,1.399999976158142,1.75,1.3650000095367432,1.6449999809265137,52071,0.0,0.0
2012-07-18 00:00:00-04:00,1.6449999809265137,1.6660000085830688,1.6100000143051147,1.6100000143051147,3479,0.0,0.0
2012-07-19 00:00:00-04:00,1.6100000143051147,1.6660000085830688,1.5399999618530273,1.6660000085830688,8486,0.0,0.0
2012-07-20 00:00:00-04:00,1.5540000200271606,1.5959999561309814,1.5399999618530273,1.5959999561309814,14007,0.0,0.0
2012-07-23 00:00:00-04:00,1.5959999561309814,1.5959999561309814,1.3314000368118286,1.5399999618530273,16271,0.0,0.0
2012-07-24 00:00:00-04:00,1.5399999618530273,1.5399999618530273,1.5399999618530273,1.5399999618530273,7143,0.0,0.0
2012-07-25 00:00:00-04:00,1.3580000400543213,1.4700000286102295,1.3580000400543213,1.4700000286102295,14557,0.0,0.0
2012-07-26 00:00:00-04:00,1.4700000286102295,1.4700000286102295,1.4140000343322754,1.4140000343322754,8657,0.0,0.0
2012-07-27 00:00:00-04:00,1.399999976158142,1.4700000286102295,1.3580000400543213,1.3580000400543213,5093,0.0,0.0
2012-07-30 00:00:00-04:00,1.3580000400543213,1.371999979019165,1.2319999933242798,1.371999979019165,17650,0.0,0.0
2012-07-31 00:00:00-04:00,1.190000057220459,1.2599999904632568,1.1480000019073486,1.190000057220459,10836,0.0,0.0
2012-08-01 00:00:00-04:00,1.190000057220459,1.3300000429153442,1.1200000047683716,1.257200002670288,20514,0.0,0.0
2012-08-02 00:00:00-04:00,1.2319999933242798,1.246000051498413,1.1059999465942383,1.1059999465942383,16157,0.0,0.0
2012-08-03 00:00:00-04:00,1.1059999465942383,1.1200000047683716,1.1059999465942383,1.1200000047683716,8029,0.0,0.0
2012-08-06 00:00:00-04:00,1.1200000047683716,1.190000057220459,1.1200000047683716,1.1200000047683716,2857,0.0,0.0
2012-08-07 00:00:00-04:00,1.1619999408721924,1.1619999408721924,1.0779999494552612,1.0779999494552612,3914,0.0,0.0
2012-08-08 00:00:00-04:00,1.1059999465942383,1.1059999465942383,1.0850000381469727,1.0850000381469727,1429,0.0,0.0
2012-08-09 00:00:00-04:00,1.188599944114685,1.188599944114685,1.188599944114685,1.188599944114685,357,0.0,0.0
2012-08-10 00:00:00-04:00,1.1059999465942383,1.1200000047683716,1.0640000104904175,1.0640000104904175,7643,0.0,0.0
2012-08-13 00:00:00-04:00,1.188599944114685,1.4279999732971191,1.0219999551773071,1.3300000429153442,3500,0.0,0.0
2012-08-14 00:00:00-04:00,1.0219999551773071,1.1200000047683716,0.9800000190734863,1.1200000047683716,9607,0.0,0.0
2012-08-15 00:00:00-04:00,1.246000051498413,1.246000051498413,0.9869999885559082,1.0499999523162842,12764,0.0,0.0
2012-08-16 00:00:00-04:00,1.190000057220459,1.190000057220459,0.9869999885559082,1.1200000047683716,12071,0.0,0.0
2012-08-17 00:00:00-04:00,0.9828000068664551,1.1200000047683716,0.9380000233650208,0.9380000233650208,9629,0.0,0.0
2012-08-20 00:00:00-04:00,0.9800000190734863,1.1200000047683716,0.9800000190734863,1.1200000047683716,11129,0.0,0.0
2012-08-21 00:00:00-04:00,1.1200000047683716,1.1871999502182007,1.0499999523162842,1.1871999502182007,429,0.0,0.0
2012-08-22 00:00:00-04:00,1.1200000047683716,1.1200000047683716,1.1200000047683716,1.1200000047683716,2857,0.0,0.0
2012-08-23 00:00:00-04:00,1.1200000047683716,1.1200000047683716,1.1200000047683716,1.1200000047683716,0,0.0,0.0
2012-08-24 00:00:00-04:00,0.9449999928474426,1.1200000047683716,0.9380000233650208,1.1200000047683716,16500,0.0,0.0
2012-08-27 00:00:00-04:00,1.1200000047683716,1.1200000047683716,1.1200000047683716,1.1200000047683716,0,0.0,0.0
2012-08-28 00:00:00-04:00,1.1200000047683716,1.1200000047683716,1.1200000047683716,1.1200000047683716,0,0.0,0.0
2012-08-29 00:00:00-04:00,1.1200000047683716,1.1200000047683716,1.1200000047683716,1.1200000047683716,0,0.0,0.0
2012-08-30 00:00:00-04:00,1.1200000047683716,1.1200000047683716,1.1200000047683716,1.1200000047683716,0,0.0,0.0
2012-08-31 00:00:00-04:00,1.1172000169754028,1.1172000169754028,1.1158000230789185,1.1158000230789185,357,0.0,0.0
2012-09-04 00:00:00-04:00,0.9800000190734863,1.114400029182434,0.9800000190734863,1.114400029182434,7293,0.0,0.0
2012-09-05 00:00:00-04:00,1.184399962425232,1.184399962425232,1.1815999746322632,1.1815999746322632,150,0.0,0.0
2012-09-06 00:00:00-04:00,1.1815999746322632,1.1815999746322632,1.1815999746322632,1.1815999746322632,0,0.0,0.0
2012-09-07 00:00:00-04:00,1.1200000047683716,1.2446000576019287,1.1200000047683716,1.1200000047683716,10571,0.0,0.0
2012-09-10 00:00:00-04:00,1.1200000047683716,1.1200000047683716,1.1200000047683716,1.1200000047683716,0,0.0,0.0
2012-09-11 00:00:00-04:00,0.9911999702453613,0.9911999702453613,0.699999988079071,0.8931999802589417,77836,0.0,0.0
2012-09-12 00:00:00-04:00,0.8050000071525574,0.9100000262260437,0.7699999809265137,0.9100000262260437,8250,0.0,0.0
2012-09-13 00:00:00-04:00,0.7811999917030334,1.3300000429153442,0.7811999917030334,1.3300000429153442,45757,0.0,0.0
2012-09-14 00:00:00-04:00,1.3300000429153442,1.6660000085830688,1.2949999570846558,1.5399999618530273,71821,0.0,0.0
2012-09-17 00:00:00-04:00,1.5399999618530273,1.9459999799728394,1.399999976158142,1.4559999704360962,50707,0.0,0.0
2012-09-18 00:00:00-04:00,1.4700000286102295,1.5399999618530273,1.4700000286102295,1.5399999618530273,18443,0.0,0.0
2012-09-19 00:00:00-04:00,1.5399999618530273,1.5399999618530273,1.2599999904632568,1.3300000429153442,41993,0.0,0.0
2012-09-20 00:00:00-04:00,1.2319999933242798,1.3300000429153442,1.1759999990463257,1.3243999481201172,10493,0.0,0.0
2012-09-21 00:00:00-04:00,1.1759999990463257,1.3145999908447266,1.1759999990463257,1.3145999908447266,2921,0.0,0.0
2012-09-24 00:00:00-04:00,1.2599999904632568,1.2613999843597412,1.0360000133514404,1.104599952697754,45936,0.0,0.0
2012-09-25 00:00:00-04:00,1.104599952697754,1.104599952697754,1.104599952697754,1.104599952697754,0,0.0,0.0
2012-09-26 00:00:00-04:00,1.0640000104904175,1.1186000108718872,1.0640000104904175,1.0640000104904175,5393,0.0,0.0
2012-09-27 00:00:00-04:00,1.0640000104904175,1.1200000047683716,1.0219999551773071,1.1200000047683716,6450,0.0,0.0
2012-09-28 00:00:00-04:00,1.1200000047683716,1.1200000047683716,1.1200000047683716,1.1200000047683716,0,0.0,0.0
2012-10-01 00:00:00-04:00,1.1200000047683716,1.1200000047683716,1.1200000047683716,1.1200000047683716,0,0.0,0.0
2012-10-02 00:00:00-04:00,1.1200000047683716,1.1200000047683716,1.1200000047683716,1.1200000047683716,0,0.0,0.0
2012-10-03 00:00:00-04:00,1.0499999523162842,1.097599983215332,1.0499999523162842,1.097599983215332,371,0.0,0.0
2012-10-04 00:00:00-04:00,1.097599983215332,1.097599983215332,1.097599983215332,1.097599983215332,0,0.0,0.0
2012-10-05 00:00:00-04:00,1.097599983215332,1.097599983215332,1.0499999523162842,1.097599983215332,1043,0.0,0.0
2012-10-08 00:00:00-04:00,1.0499999523162842,1.062600016593933,1.0080000162124634,1.062600016593933,3186,0.0,0.0
2012-10-09 00:00:00-04:00,1.0485999584197998,1.0499999523162842,1.0094000101089478,1.0094000101089478,4857,0.0,0.0
2012-10-10 00:00:00-04:00,1.0080000162124634,1.0080000162124634,1.0080000162124634,1.0080000162124634,1786,0.0,0.0
2012-10-11 00:00:00-04:00,1.0080000162124634,1.0080000162124634,0.9800000190734863,0.9800000190734863,11286,0.0,0.0
2012-10-12 00:00:00-04:00,0.978600025177002,0.9800000190734863,0.978600025177002,0.9800000190734863,2507,0.0,0.0
2012-10-15 00:00:00-04:00,1.0219999551773071,1.0219999551773071,0.9940000176429749,0.9940000176429749,807,0.0,0.0
2012-10-16 00:00:00-04:00,0.9940000176429749,0.9940000176429749,0.9940000176429749,0.9940000176429749,943,0.0,0.0
2012-10-17 00:00:00-04:00,0.9800000190734863,0.9800000190734863,0.9800000190734863,0.9800000190734863,5129,0.0,0.0
2012-10-18 00:00:00-04:00,1.0485999584197998,1.0779999494552612,1.0485999584197998,1.0779999494552612,23750,0.0,0.0
2012-10-19 00:00:00-04:00,1.0836000442504883,1.0836000442504883,0.9828000068664551,0.9828000068664551,893,0.0,0.0
2012-10-22 00:00:00-04:00,0.9828000068664551,1.0205999612808228,0.9800000190734863,1.0205999612808228,1786,0.0,0.0
2012-10-23 00:00:00-04:00,0.9800000190734863,0.9800000190734863,0.9800000190734863,0.9800000190734863,357,0.0,0.0
2012-10-24 00:00:00-04:00,0.9800000190734863,0.9800000190734863,0.9800000190734863,0.9800000190734863,0,0.0,0.0
2012-10-25 00:00:00-04:00,0.9800000190734863,0.9800000190734863,0.9800000190734863,0.9800000190734863,0,0.0,0.0
2012-10-26 00:00:00-04:00,0.9828000068664551,0.9828000068664551,0.9828000068664551,0.9828000068664551,1436,0.0,0.0
2012-10-31 00:00:00-04:00,0.9828000068664551,1.0080000162124634,0.9800000190734863,0.9800000190734863,9643,0.0,0.0
2012-11-01 00:00:00-04:00,0.9800000190734863,0.9800000190734863,0.9800000190734863,0.9800000190734863,2250,0.0,0.0
2012-11-02 00:00:00-04:00,1.0038000345230103,1.0779999494552612,1.0038000345230103,1.0499999523162842,4107,0.0,0.0
2012-11-05 00:00:00-05:00,1.184399962425232,1.184399962425232,1.184399962425232,1.184399962425232,857,0.0,0.0
2012-11-06 00:00:00-05:00,1.184399962425232,1.184399962425232,1.184399962425232,1.184399962425232,0,0.0,0.0
2012-11-07 00:00:00-05:00,1.184399962425232,1.184399962425232,1.184399962425232,1.184399962425232,0,0.0,0.0
2012-11-08 00:00:00-05:00,1.184399962425232,1.184399962425232,1.184399962425232,1.184399962425232,0,0.0,0.0
2012-11-09 00:00:00-05:00,1.0779999494552612,1.1535999774932861,1.0779999494552612,1.1535999774932861,5836,0.0,0.0
2012-11-12 00:00:00-05:00,1.0892000198364258,1.1466000080108643,1.0779999494552612,1.0779999494552612,25114,0.0,0.0
2012-11-13 00:00:00-05:00,1.1480000019073486,1.1480000019073486,1.1480000019073486,1.1480000019073486,1193,0.0,0.0
2012-11-14 00:00:00-05:00,0.9954000115394592,0.9954000115394592,0.9954000115394592,0.9954000115394592,379,0.0,0.0
2012-11-15 00:00:00-05:00,1.1521999835968018,1.1521999835968018,1.1521999835968018,1.1521999835968018,57,0.0,0.0
2012-11-16 00:00:00-05:00,0.9940000176429749,1.1186000108718872,0.9940000176429749,1.1186000108718872,379,0.0,0.0
2012-11-19 00:00:00-05:00,1.1186000108718872,1.1186000108718872,1.1186000108718872,1.1186000108718872,0,0.0,0.0
2012-11-20 00:00:00-05:00,1.0499999523162842,1.0499999523162842,1.0499999523162842,1.0499999523162842,1443,0.0,0.0
2012-11-21 00:00:00-05:00,0.9954000115394592,0.9954000115394592,0.9954000115394592,0.9954000115394592,250,0.0,0.0
2012-11-23 00:00:00-05:00,0.9800000190734863,0.9800000190734863,0.9800000190734863,0.9800000190734863,50,0.0,0.0
2012-11-26 00:00:00-05:00,1.1311999559402466,1.1311999559402466,0.9800000190734863,1.1186000108718872,229,0.0,0.0
2012-11-27 00:00:00-05:00,1.1186000108718872,1.1186000108718872,1.1186000108718872,1.1186000108718872,0,0.0,0.0
2012-11-28 00:00:00-05:00,1.1017999649047852,1.1017999649047852,1.1017999649047852,1.1017999649047852,1071,0.0,0.0
2012-11-29 00:00:00-05:00,0.9814000129699707,1.1186000108718872,0.9800000190734863,0.9800000190734863,3093,0.0,0.0
2012-11-30 00:00:00-05:00,0.9800000190734863,0.9800000190734863,0.9800000190734863,0.9800000190734863,0,0.0,0.0
2012-12-03 00:00:00-05:00,0.9800000190734863,0.9800000190734863,0.9800000190734863,0.9800000190734863,0,0.0,0.0
2012-12-04 00:00:00-05:00,0.9800000190734863,0.9800000190734863,0.9800000190734863,0.9800000190734863,214,0.0,0.0
2012-12-05 00:00:00-05:00,0.9800000190734863,0.9800000190734863,0.9800000190734863,0.9800000190734863,607,0.0,0.0
2012-12-06 00:00:00-05:00,0.9800000190734863,0.9800000190734863,0.9800000190734863,0.9800000190734863,0,0.0,0.0
2012-12-07 00:00:00-05:00,0.9380000233650208,0.9380000233650208,0.9380000233650208,0.9380000233650208,750,0.0,0.0
2012-12-10 00:00:00-05:00,0.699999988079071,1.0920000076293945,0.699999988079071,0.9800000190734863,229,0.0,0.0
2012-12-11 00:00:00-05:00,1.1186000108718872,1.1186000108718872,1.1186000108718872,1.1186000108718872,2643,0.0,0.0
2012-12-12 00:00:00-05:00,1.1186000108718872,1.1186000108718872,1.1186000108718872,1.1186000108718872,0,0.0,0.0
2012-12-13 00:00:00-05:00,1.0121999979019165,1.0121999979019165,1.0121999979019165,1.0121999979019165,14,0.0,0.0
2012-12-14 00:00:00-05:00,1.0121999979019165,1.0121999979019165,1.0121999979019165,1.0121999979019165,7,0.0,0.0
2012-12-17 00:00:00-05:00,1.1172000169754028,1.2599999904632568,1.0499999523162842,1.2599999904632568,34229,0.0,0.0
2012-12-18 00:00:00-05:00,1.1200000047683716,1.1200000047683716,0.9800000190734863,1.1200000047683716,23471,0.0,0.0
2012-12-19 00:00:00-05:00,0.9800000190734863,1.2599999904632568,0.9800000190734863,1.2585999965667725,17629,0.0,0.0
2012-12-20 00:00:00-05:00,1.2585999965667725,1.2585999965667725,1.2585999965667725,1.2585999965667725,0,0.0,0.0
2012-12-21 00:00:00-05:00,1.2585999965667725,1.2585999965667725,1.2585999965667725,1.2585999965667725,0,0.0,0.0
2012-12-24 00:00:00-05:00,1.2431999444961548,1.2599999904632568,1.2431999444961548,1.2599999904632568,9029,0.0,0.0
2012-12-26 00:00:00-05:00,1.3020000457763672,1.3370000123977661,1.2599999904632568,1.3300000429153442,4286,0.0,0.0
2012-12-27 00:00:00-05:00,1.149399995803833,1.246000051498413,1.0360000133514404,1.0360000133514404,18786,0.0,0.0
2012-12-28 00:00:00-05:00,1.0779999494552612,1.1186000108718872,1.0640000104904175,1.1186000108718872,2286,0.0,0.0
2012-12-31 00:00:00-05:00,1.1186000108718872,1.1186000108718872,1.1186000108718872,1.1186000108718872,0,0.0,0.0
2013-01-02 00:00:00-05:00,1.1186000108718872,1.1186000108718872,1.1186000108718872,1.1186000108718872,0,0.0,0.0
2013-01-03 00:00:00-05:00,1.1186000108718872,1.1186000108718872,1.1186000108718872,1.1186000108718872,0,0.0,0.0
2013-01-04 00:00:00-05:00,1.1480000019073486,1.1480000019073486,1.1480000019073486,1.1480000019073486,1214,0.0,0.0
2013-01-07 00:00:00-05:00,1.1549999713897705,1.1549999713897705,1.1549999713897705,1.1549999713897705,2500,0.0,0.0
2013-01-08 00:00:00-05:00,1.0920000076293945,1.0920000076293945,1.0920000076293945,1.0920000076293945,1071,0.0,0.0
2013-01-09 00:00:00-05:00,1.188599944114685,1.190000057220459,1.188599944114685,1.190000057220459,2143,0.0,0.0
2013-01-10 00:00:00-05:00,1.1549999713897705,1.1549999713897705,1.1549999713897705,1.1549999713897705,943,0.0,0.0
2013-01-11 00:00:00-05:00,1.1549999713897705,1.1549999713897705,1.1549999713897705,1.1549999713897705,0,0.0,0.0
2013-01-14 00:00:00-05:00,1.1591999530792236,1.190000057220459,1.0779999494552612,1.190000057220459,6500,0.0,0.0
2013-01-15 00:00:00-05:00,1.190000057220459,1.190000057220459,1.190000057220459,1.190000057220459,0,0.0,0.0
2013-01-16 00:00:00-05:00,1.216599941253662,1.216599941253662,1.216599941253662,1.216599941253662,21,0.0,0.0
2013-01-17 00:00:00-05:00,1.216599941253662,1.216599941253662,1.216599941253662,1.216599941253662,0,0.0,0.0
2013-01-18 00:00:00-05:00,1.1339999437332153,1.1339999437332153,1.1339999437332153,1.1339999437332153,714,0.0,0.0
2013-01-22 00:00:00-05:00,1.1031999588012695,1.1031999588012695,1.1031999588012695,1.1031999588012695,143,0.0,0.0
2013-01-23 00:00:00-05:00,1.1031999588012695,1.1311999559402466,1.1031999588012695,1.1311999559402466,4129,0.0,0.0
2013-01-24 00:00:00-05:00,1.2431999444961548,1.246000051498413,1.216599941253662,1.246000051498413,2007,0.0,0.0
2013-01-25 00:00:00-05:00,1.1339999437332153,1.1339999437332153,1.1200000047683716,1.1227999925613403,13579,0.0,0.0
2013-01-28 00:00:00-05:00,1.121399998664856,1.367799997329712,1.121399998664856,1.367799997329712,23514,0.0,0.0
2013-01-29 00:00:00-05:00,1.3580000400543213,1.5049999952316284,1.3300000429153442,1.399999976158142,9029,0.0,0.0
2013-01-30 00:00:00-05:00,1.4811999797821045,1.5651999711990356,1.4811999797821045,1.5260000228881836,5843,0.0,0.0
2013-01-31 00:00:00-05:00,1.5260000228881836,1.5260000228881836,1.5260000228881836,1.5260000228881836,357,0.0,0.0
2013-02-01 00:00:00-05:00,1.5260000228881836,1.5260000228881836,1.5260000228881836,1.5260000228881836,386,0.0,0.0
2013-02-04 00:00:00-05:00,1.5260000228881836,1.9880000352859497,1.5260000228881836,1.5651999711990356,57293,0.0,0.0
2013-02-05 00:00:00-05:00,1.6757999658584595,1.7079999446868896,1.5679999589920044,1.5820000171661377,24129,0.0,0.0
2013-02-06 00:00:00-05:00,1.6100000143051147,1.6380000114440918,1.5399999618530273,1.6380000114440918,16529,0.0,0.0
2013-02-07 00:00:00-05:00,1.5413999557495117,1.6660000085830688,1.4980000257492065,1.5413999557495117,10486,0.0,0.0
2013-02-08 00:00:00-05:00,1.5413999557495117,1.5413999557495117,1.4853999614715576,1.4853999614715576,921,0.0,0.0
2013-02-11 00:00:00-05:00,1.5399999618530273,1.5399999618530273,1.5119999647140503,1.5119999647140503,1786,0.0,0.0
2013-02-12 00:00:00-05:00,1.5119999647140503,1.5119999647140503,1.5119999647140503,1.5119999647140503,0,0.0,0.0
2013-02-13 00:00:00-05:00,1.5119999647140503,1.5119999647140503,1.5119999647140503,1.5119999647140503,0,0.0,0.0
2013-02-14 00:00:00-05:00,1.4910000562667847,1.6100000143051147,1.4853999614715576,1.4853999614715576,3214,0.0,0.0
2013-02-15 00:00:00-05:00,1.5399999618530273,1.6016000509262085,1.4839999675750732,1.4839999675750732,4121,0.0,0.0
2013-02-19 00:00:00-05:00,1.5399999618530273,1.5399999618530273,1.4839999675750732,1.4839999675750732,4593,0.0,0.0
2013-02-20 00:00:00-05:00,1.406999945640564,1.4839999675750732,1.399999976158142,1.4700000286102295,19579,0.0,0.0
2013-02-21 00:00:00-05:00,1.3580000400543213,1.399999976158142,1.3580000400543213,1.3971999883651733,5786,0.0,0.0
2013-02-22 00:00:00-05:00,1.3300000429153442,1.3636000156402588,1.2992000579833984,1.2992000579833984,6071,0.0,0.0
2013-02-25 00:00:00-05:00,1.2893999814987183,1.2893999814987183,1.2893999814987183,1.2893999814987183,421,0.0,0.0
2013-02-26 00:00:00-05:00,1.2893999814987183,1.2893999814987183,1.2893999814987183,1.2893999814987183,0,0.0,0.0
2013-02-27 00:00:00-05:00,1.2893999814987183,1.3650000095367432,1.2740000486373901,1.3650000095367432,9857,0.0,0.0
2013-02-28 00:00:00-05:00,1.332800030708313,1.5077999830245972,1.332800030708313,1.5077999830245972,900,0.0,0.0
2013-03-01 00:00:00-05:00,1.3173999786376953,1.6016000509262085,1.3173999786376953,1.6016000509262085,93,0.0,0.0
2013-03-04 00:00:00-05:00,1.6016000509262085,1.6016000509262085,1.6016000509262085,1.6016000509262085,0,0.0,0.0
2013-03-05 00:00:00-05:00,1.4013999700546265,1.6016000509262085,1.4013999700546265,1.6016000509262085,1171,0.0,0.0
2013-03-06 00:00:00-05:00,1.6016000509262085,1.6660000085830688,1.5399999618530273,1.6660000085830688,4457,0.0,0.0
2013-03-07 00:00:00-05:00,1.6519999504089355,2.197999954223633,1.5399999618530273,1.75,24307,0.0,0.0
2013-03-08 00:00:00-05:00,1.6799999475479126,1.8760000467300415,1.6799999475479126,1.8760000467300415,2871,0.0,0.0
2013-03-11 00:00:00-04:00,1.7640000581741333,1.9600000381469727,1.6799999475479126,1.9600000381469727,11893,0.0,0.0
2013-03-12 00:00:00-04:00,1.9600000381469727,1.9600000381469727,1.8200000524520874,1.8760000467300415,7371,0.0,0.0
2013-03-13 00:00:00-04:00,1.8480000495910645,2.058000087738037,1.722000002861023,2.0299999713897705,8064,0.0,0.0
2013-03-14 00:00:00-04:00,2.0299999713897705,2.2260000705718994,1.9600000381469727,2.2260000705718994,18921,0.0,0.0
2013-03-15 00:00:00-04:00,1.9600000381469727,2.2260000705718994,1.9600000381469727,2.2260000705718994,7364,0.0,0.0
2013-03-18 00:00:00-04:00,2.2119998931884766,2.2960000038146973,1.9600000381469727,1.9739999771118164,7979,0.0,0.0
2013-03-19 00:00:00-04:00,2.0999999046325684,2.0999999046325684,1.6953999996185303,1.8200000524520874,20843,0.0,0.0
2013-03-20 00:00:00-04:00,1.8200000524520874,1.8760000467300415,1.8200000524520874,1.8200000524520874,1829,0.0,0.0
2013-03-21 00:00:00-04:00,1.9880000352859497,2.0299999713897705,1.9586000442504883,1.9600000381469727,5186,0.0,0.0
2013-03-22 00:00:00-04:00,1.8899999856948853,1.8899999856948853,1.722000002861023,1.75,5057,0.0,0.0
2013-03-25 00:00:00-04:00,1.722000002861023,1.817199945449829,1.6799999475479126,1.75,21236,0.0,0.0
2013-03-26 00:00:00-04:00,1.6519999504089355,1.6799999475479126,1.6519999504089355,1.6519999504089355,5750,0.0,0.0
2013-03-27 00:00:00-04:00,1.6505999565124512,1.6505999565124512,1.6100000143051147,1.6100000143051147,5714,0.0,0.0
2013-03-28 00:00:00-04:00,1.5679999589920044,1.5679999589920044,1.5679999589920044,1.5679999589920044,2943,0.0,0.0
2013-04-01 00:00:00-04:00,1.5679999589920044,1.6660000085830688,1.4980000257492065,1.5399999618530273,15650,0.0,0.0
2013-04-02 00:00:00-04:00,1.5399999618530273,1.5399999618530273,1.4140000343322754,1.4140000343322754,9557,0.0,0.0
2013-04-03 00:00:00-04:00,1.4279999732971191,1.4434000253677368,1.4140000343322754,1.4140000343322754,5179,0.0,0.0
2013-04-04 00:00:00-04:00,1.4140000343322754,1.4140000343322754,1.3860000371932983,1.3860000371932983,4471,0.0,0.0
2013-04-05 00:00:00-04:00,1.3860000371932983,1.4140000343322754,1.3860000371932983,1.4140000343322754,2857,0.0,0.0
2013-04-08 00:00:00-04:00,1.4140000343322754,1.4140000343322754,1.3314000368118286,1.343999981880188,3293,0.0,0.0
2013-04-09 00:00:00-04:00,1.343999981880188,1.4700000286102295,1.343999981880188,1.4700000286102295,8007,0.0,0.0
2013-04-10 00:00:00-04:00,1.3020000457763672,1.3020000457763672,1.2740000486373901,1.3020000457763672,10700,0.0,0.0
2013-04-11 00:00:00-04:00,1.2740000486373901,1.3300000429153442,1.2599999904632568,1.3300000429153442,8336,0.0,0.0
2013-04-12 00:00:00-04:00,1.2949999570846558,1.3300000429153442,1.2949999570846558,1.3300000429153442,1421,0.0,0.0
2013-04-15 00:00:00-04:00,1.3860000371932983,1.3860000371932983,1.3860000371932983,1.3860000371932983,1071,0.0,0.0
2013-04-16 00:00:00-04:00,1.3860000371932983,1.3860000371932983,1.3860000371932983,1.3860000371932983,0,0.0,0.0
2013-04-17 00:00:00-04:00,1.3860000371932983,1.3860000371932983,1.3860000371932983,1.3860000371932983,0,0.0,0.0
2013-04-18 00:00:00-04:00,1.399999976158142,1.399999976158142,1.399999976158142,1.399999976158142,1179,0.0,0.0
2013-04-19 00:00:00-04:00,1.3020000457763672,1.3300000429153442,1.3020000457763672,1.3020000457763672,9929,0.0,0.0
2013-04-22 00:00:00-04:00,1.3020000457763672,1.4559999704360962,1.3020000457763672,1.4559999704360962,2243,0.0,0.0
2013-04-23 00:00:00-04:00,1.4559999704360962,1.4559999704360962,1.4559999704360962,1.4559999704360962,0,0.0,0.0
2013-04-24 00:00:00-04:00,1.4559999704360962,1.4559999704360962,1.4559999704360962,1.4559999704360962,0,0.0,0.0
2013-04-25 00:00:00-04:00,1.399999976158142,1.399999976158142,1.399999976158142,1.399999976158142,357,0.0,0.0
2013-04-26 00:00:00-04:00,1.399999976158142,1.399999976158142,1.399999976158142,1.399999976158142,0,0.0,0.0
2013-04-29 00:00:00-04:00,1.3650000095367432,1.4700000286102295,1.1200000047683716,1.3300000429153442,28557,0.0,0.0
2013-04-30 00:00:00-04:00,1.315999984741211,1.315999984741211,1.315999984741211,1.315999984741211,186,0.0,0.0
2013-05-01 00:00:00-04:00,1.1339999437332153,1.3145999908447266,1.1339999437332153,1.3145999908447266,207,0.0,0.0
2013-05-02 00:00:00-04:00,1.2599999904632568,1.2599999904632568,1.2599999904632568,1.2599999904632568,107,0.0,0.0
2013-05-03 00:00:00-04:00,1.1480000019073486,1.3020000457763672,1.1339999437332153,1.3020000457763672,1364,0.0,0.0
2013-05-06 00:00:00-04:00,1.3020000457763672,1.3020000457763672,1.3020000457763672,1.3020000457763672,0,0.0,0.0
2013-05-07 00:00:00-04:00,1.3020000457763672,1.3020000457763672,1.3020000457763672,1.3020000457763672,0,0.0,0.0
2013-05-08 00:00:00-04:00,1.2599999904632568,1.2599999904632568,1.190000057220459,1.190000057220459,2164,0.0,0.0
2013-05-09 00:00:00-04:00,1.2039999961853027,1.2039999961853027,1.2039999961853027,1.2039999961853027,736,0.0,0.0
2013-05-10 00:00:00-04:00,1.218000054359436,1.2599999904632568,1.218000054359436,1.2599999904632568,907,0.0,0.0
2013-05-13 00:00:00-04:00,1.399999976158142,1.399999976158142,1.399999976158142,1.399999976158142,21,0.0,0.0
2013-05-14 00:00:00-04:00,1.434999942779541,1.434999942779541,1.434999942779541,1.434999942779541,343,0.0,0.0
2013-05-15 00:00:00-04:00,1.2893999814987183,1.2893999814987183,1.2893999814987183,1.2893999814987183,1286,0.0,0.0
2013-05-16 00:00:00-04:00,1.2599999904632568,1.5679999589920044,1.2599999904632568,1.4420000314712524,13214,0.0,0.0
2013-05-17 00:00:00-04:00,1.5959999561309814,1.5959999561309814,1.5959999561309814,1.5959999561309814,714,0.0,0.0
2013-05-20 00:00:00-04:00,1.3370000123977661,1.6799999475479126,1.3370000123977661,1.6785999536514282,2486,0.0,0.0
2013-05-21 00:00:00-04:00,1.4140000343322754,1.4140000343322754,1.4140000343322754,1.4140000343322754,357,0.0,0.0
2013-05-22 00:00:00-04:00,1.6785999536514282,1.6799999475479126,1.5260000228881836,1.5260000228881836,4143,0.0,0.0
2013-05-23 00:00:00-04:00,1.5260000228881836,1.5260000228881836,1.5260000228881836,1.5260000228881836,0,0.0,0.0
2013-05-24 00:00:00-04:00,1.5260000228881836,1.5260000228881836,1.5260000228881836,1.5260000228881836,0,0.0,0.0
2013-05-28 00:00:00-04:00,1.5820000171661377,1.6799999475479126,1.5693999528884888,1.5693999528884888,7607,0.0,0.0
2013-05-29 00:00:00-04:00,1.6114000082015991,1.6114000082015991,1.6114000082015991,1.6114000082015991,1357,0.0,0.0
2013-05-30 00:00:00-04:00,1.6799999475479126,1.7640000581741333,1.6100000143051147,1.7640000581741333,10929,0.0,0.0
2013-05-31 00:00:00-04:00,1.5413999557495117,1.7640000581741333,1.5413999557495117,1.7640000581741333,86,0.0,0.0
2013-06-03 00:00:00-04:00,1.6799999475479126,1.6799999475479126,1.5413999557495117,1.5413999557495117,893,0.0,0.0
2013-06-04 00:00:00-04:00,1.5413999557495117,1.5413999557495117,1.5413999557495117,1.5413999557495117,1171,0.0,0.0
2013-06-05 00:00:00-04:00,1.7640000581741333,1.8200000524520874,1.7640000581741333,1.8200000524520874,3571,0.0,0.0
2013-06-06 00:00:00-04:00,1.6114000082015991,1.6114000082015991,1.6100000143051147,1.6100000143051147,1936,0.0,0.0
2013-06-07 00:00:00-04:00,1.8200000524520874,1.8200000524520874,1.8200000524520874,1.8200000524520874,1707,0.0,0.0
2013-06-10 00:00:00-04:00,1.8200000524520874,1.8200000524520874,1.8200000524520874,1.8200000524520874,0,0.0,0.0
2013-06-11 00:00:00-04:00,1.6141999959945679,1.8200000524520874,1.6141999959945679,1.6799999475479126,5907,0.0,0.0
2013-06-12 00:00:00-04:00,1.6799999475479126,1.6799999475479126,1.6799999475479126,1.6799999475479126,286,0.0,0.0
2013-06-13 00:00:00-04:00,1.6799999475479126,1.6799999475479126,1.6799999475479126,1.6799999475479126,429,0.0,0.0
2013-06-14 00:00:00-04:00,1.6128000020980835,1.6128000020980835,1.6128000020980835,1.6128000020980835,357,0.0,0.0
2013-06-17 00:00:00-04:00,1.4700000286102295,1.6799999475479126,1.4700000286102295,1.6799999475479126,7057,0.0,0.0
2013-06-18 00:00:00-04:00,1.6785999536514282,1.6785999536514282,1.1339999437332153,1.4559999704360962,22929,0.0,0.0
2013-06-19 00:00:00-04:00,1.4559999704360962,1.4559999704360962,1.4559999704360962,1.4559999704360962,464,0.0,0.0
2013-06-20 00:00:00-04:00,1.3300000429153442,1.3300000429153442,1.3300000429153442,1.3300000429153442,1093,0.0,0.0
2013-06-21 00:00:00-04:00,1.3300000429153442,1.399999976158142,1.3300000429153442,1.399999976158142,921,0.0,0.0
2013-06-24 00:00:00-04:00,1.399999976158142,1.399999976158142,1.2599999904632568,1.2599999904632568,2071,0.0,0.0
2013-06-25 00:00:00-04:00,1.2599999904632568,1.2599999904632568,1.2599999904632568,1.2599999904632568,250,0.0,0.0
2013-06-26 00:00:00-04:00,1.2599999904632568,1.2599999904632568,1.2599999904632568,1.2599999904632568,1043,0.0,0.0
2013-06-27 00:00:00-04:00,1.2613999843597412,1.2613999843597412,1.2613999843597412,1.2613999843597412,271,0.0,0.0
2013-06-28 00:00:00-04:00,1.2613999843597412,1.2613999843597412,1.2613999843597412,1.2613999843597412,0,0.0,0.0
2013-07-01 00:00:00-04:00,1.2613999843597412,1.2613999843597412,1.2613999843597412,1.2613999843597412,0,0.0,0.0
2013-07-02 00:00:00-04:00,1.2613999843597412,1.2613999843597412,1.190000057220459,1.190000057220459,1243,0.0,0.0
2013-07-03 00:00:00-04:00,1.2599999904632568,1.2599999904632568,1.2599999904632568,1.2599999904632568,5000,0.0,0.0
2013-07-05 00:00:00-04:00,1.2599999904632568,1.2599999904632568,1.2599999904632568,1.2599999904632568,357,0.0,0.0
2013-07-08 00:00:00-04:00,1.281000018119812,1.281000018119812,1.2599999904632568,1.2599999904632568,1300,0.0,0.0
2013-07-09 00:00:00-04:00,1.2599999904632568,1.2599999904632568,1.2599999904632568,1.2599999904632568,893,0.0,0.0
2013-07-10 00:00:00-04:00,1.2599999904632568,1.2599999904632568,1.2599999904632568,1.2599999904632568,621,0.0,0.0
2013-07-11 00:00:00-04:00,1.3860000371932983,1.3860000371932983,1.2740000486373901,1.2740000486373901,2379,0.0,0.0
2013-07-12 00:00:00-04:00,1.2740000486373901,1.3020000457763672,1.2740000486373901,1.3020000457763672,4979,0.0,0.0
2013-07-15 00:00:00-04:00,1.384600043296814,1.384600043296814,1.384600043296814,1.384600043296814,686,0.0,0.0
2013-07-16 00:00:00-04:00,1.2879999876022339,1.2879999876022339,1.2879999876022339,1.2879999876022339,714,0.0,0.0
2013-07-17 00:00:00-04:00,1.2879999876022339,1.2879999876022339,1.2879999876022339,1.2879999876022339,0,0.0,0.0
2013-07-18 00:00:00-04:00,1.2879999876022339,1.2879999876022339,1.2879999876022339,1.2879999876022339,800,0.0,0.0
2013-07-19 00:00:00-04:00,1.1200000047683716,1.4700000286102295,1.1200000047683716,1.4700000286102295,14421,0.0,0.0
2013-07-22 00:00:00-04:00,1.4686000347137451,1.4700000286102295,1.4686000347137451,1.4700000286102295,1429,0.0,0.0
2013-07-23 00:00:00-04:00,1.2879999876022339,1.2879999876022339,1.2768000364303589,1.2768000364303589,1393,0.0,0.0
2013-07-24 00:00:00-04:00,1.2768000364303589,1.2768000364303589,1.2768000364303589,1.2768000364303589,0,0.0,0.0
2013-07-25 00:00:00-04:00,1.2768000364303589,1.2768000364303589,1.2768000364303589,1.2768000364303589,7,0.0,0.0
2013-07-26 00:00:00-04:00,1.2768000364303589,1.2768000364303589,1.2768000364303589,1.2768000364303589,1357,0.0,0.0
2013-07-29 00:00:00-04:00,1.2768000364303589,1.2768000364303589,1.2768000364303589,1.2768000364303589,457,0.0,0.0
2013-07-30 00:00:00-04:00,1.2768000364303589,1.2768000364303589,1.2768000364303589,1.2768000364303589,1429,0.0,0.0
2013-07-31 00:00:00-04:00,1.2768000364303589,1.2768000364303589,1.2768000364303589,1.2768000364303589,0,0.0,0.0
2013-08-01 00:00:00-04:00,1.2740000486373901,1.3300000429153442,1.2599999904632568,1.2599999904632568,3857,0.0,0.0
2013-08-02 00:00:00-04:00,1.2599999904632568,1.2599999904632568,1.2599999904632568,1.2599999904632568,0,0.0,0.0
2013-08-05 00:00:00-04:00,1.2599999904632568,1.2599999904632568,1.218000054359436,1.218000054359436,3929,0.0,0.0
2013-08-06 00:00:00-04:00,1.190000057220459,1.3580000400543213,1.190000057220459,1.3580000400543213,5050,0.0,0.0
2013-08-07 00:00:00-04:00,1.3580000400543213,1.3580000400543213,1.3580000400543213,1.3580000400543213,0,0.0,0.0
2013-08-08 00:00:00-04:00,1.1480000019073486,1.1480000019073486,1.1480000019073486,1.1480000019073486,857,0.0,0.0
2013-08-09 00:00:00-04:00,1.1480000019073486,1.1480000019073486,1.1480000019073486,1.1480000019073486,1643,0.0,0.0
2013-08-12 00:00:00-04:00,1.1480000019073486,1.190000057220459,1.1480000019073486,1.1480000019073486,4336,0.0,0.0
2013-08-13 00:00:00-04:00,1.149399995803833,1.1914000511169434,1.149399995803833,1.190000057220459,3021,0.0,0.0
2013-08-14 00:00:00-04:00,1.190000057220459,1.2599999904632568,1.190000057220459,1.190000057220459,2279,0.0,0.0
2013-08-15 00:00:00-04:00,1.190000057220459,1.190000057220459,1.190000057220459,1.190000057220459,1879,0.0,0.0
2013-08-16 00:00:00-04:00,1.190000057220459,1.190000057220459,1.190000057220459,1.190000057220459,2036,0.0,0.0
2013-08-19 00:00:00-04:00,1.1339999437332153,1.190000057220459,1.1339999437332153,1.190000057220459,2164,0.0,0.0
2013-08-20 00:00:00-04:00,1.190000057220459,1.190000057220459,1.190000057220459,1.190000057220459,0,0.0,0.0
2013-08-21 00:00:00-04:00,1.1914000511169434,1.2599999904632568,1.1563999652862549,1.190000057220459,6157,0.0,0.0
2013-08-22 00:00:00-04:00,1.2599999904632568,1.2599999904632568,1.2599999904632568,1.2599999904632568,714,0.0,0.0
2013-08-23 00:00:00-04:00,1.2879999876022339,1.2879999876022339,1.190000057220459,1.2879999876022339,1693,0.0,0.0
2013-08-26 00:00:00-04:00,1.2879999876022339,1.2879999876022339,1.190000057220459,1.190000057220459,821,0.0,0.0
2013-08-27 00:00:00-04:00,1.2319999933242798,1.2319999933242798,1.190000057220459,1.2319999933242798,2450,0.0,0.0
2013-08-28 00:00:00-04:00,1.2319999933242798,1.2319999933242798,1.2319999933242798,1.2319999933242798,0,0.0,0.0
2013-08-29 00:00:00-04:00,1.2319999933242798,1.2319999933242798,1.2319999933242798,1.2319999933242798,3214,0.0,0.0
2013-08-30 00:00:00-04:00,1.190000057220459,1.190000057220459,1.190000057220459,1.190000057220459,1429,0.0,0.0
2013-09-03 00:00:00-04:00,1.190000057220459,1.190000057220459,1.190000057220459,1.190000057220459,0,0.0,0.0
2013-09-04 00:00:00-04:00,1.1914000511169434,1.1914000511169434,1.190000057220459,1.190000057220459,807,0.0,0.0
2013-09-05 00:00:00-04:00,1.1200000047683716,1.1200000047683716,1.1200000047683716,1.1200000047683716,714,0.0,0.0
2013-09-06 00:00:00-04:00,1.0360000133514404,1.0499999523162842,0.9954000115394592,0.9954000115394592,2543,0.0,0.0
2013-09-09 00:00:00-04:00,1.0080000162124634,1.0080000162124634,1.0080000162124634,1.0080000162124634,2500,0.0,0.0
2013-09-10 00:00:00-04:00,1.0080000162124634,1.1200000047683716,1.0080000162124634,1.0513999462127686,5721,0.0,0.0
2013-09-11 00:00:00-04:00,1.0513999462127686,1.1059999465942383,1.0513999462127686,1.1059999465942383,2229,0.0,0.0
2013-09-12 00:00:00-04:00,1.253000020980835,1.253000020980835,1.1200000047683716,1.246000051498413,4857,0.0,0.0
2013-09-13 00:00:00-04:00,1.246000051498413,1.246000051498413,1.246000051498413,1.246000051498413,0,0.0,0.0
2013-09-16 00:00:00-04:00,1.1200000047683716,1.190000057220459,1.0640000104904175,1.0640000104904175,2964,0.0,0.0
2013-09-17 00:00:00-04:00,1.246000051498413,1.6100000143051147,1.1480000019073486,1.6100000143051147,54536,0.0,0.0
2013-09-18 00:00:00-04:00,1.475600004196167,1.6100000143051147,1.3020000457763672,1.6100000143051147,4293,0.0,0.0
2013-09-19 00:00:00-04:00,1.399999976158142,1.399999976158142,1.3300000429153442,1.399999976158142,8114,0.0,0.0
2013-09-20 00:00:00-04:00,1.399999976158142,1.399999976158142,1.3300000429153442,1.3300000429153442,11429,0.0,0.0
2013-09-23 00:00:00-04:00,1.5399999618530273,1.5399999618530273,1.3300000429153442,1.399999976158142,9379,0.0,0.0
2013-09-24 00:00:00-04:00,1.399999976158142,1.399999976158142,1.399999976158142,1.399999976158142,393,0.0,0.0
2013-09-25 00:00:00-04:00,1.4279999732971191,1.4279999732971191,1.399999976158142,1.399999976158142,9193,0.0,0.0
2013-09-26 00:00:00-04:00,1.399999976158142,1.399999976158142,1.399999976158142,1.399999976158142,57,0.0,0.0
2013-09-27 00:00:00-04:00,1.399999976158142,1.4545999765396118,1.399999976158142,1.399999976158142,4164,0.0,0.0
2013-09-30 00:00:00-04:00,1.399999976158142,1.399999976158142,1.371999979019165,1.399999976158142,8193,0.0,0.0
2013-10-01 00:00:00-04:00,1.5119999647140503,1.5119999647140503,1.399999976158142,1.399999976158142,4571,0.0,0.0
2013-10-02 00:00:00-04:00,1.399999976158142,1.4700000286102295,1.399999976158142,1.4700000286102295,1107,0.0,0.0
2013-10-03 00:00:00-04:00,1.4700000286102295,1.4700000286102295,1.399999976158142,1.399999976158142,1843,0.0,0.0
2013-10-04 00:00:00-04:00,1.399999976158142,1.4700000286102295,1.399999976158142,1.399999976158142,3364,0.0,0.0
2013-10-07 00:00:00-04:00,1.4462000131607056,1.4462000131607056,1.4462000131607056,1.4462000131607056,50,0.0,0.0
2013-10-08 00:00:00-04:00,1.4700000286102295,1.5399999618530273,1.4700000286102295,1.4700000286102295,7621,0.0,0.0
2013-10-09 00:00:00-04:00,1.4700000286102295,1.4700000286102295,1.4700000286102295,1.4700000286102295,0,0.0,0.0
2013-10-10 00:00:00-04:00,1.5750000476837158,1.5750000476837158,1.5232000350952148,1.5232000350952148,2500,0.0,0.0
2013-10-11 00:00:00-04:00,1.4700000286102295,1.4700000286102295,1.4700000286102295,1.4700000286102295,107,0.0,0.0
2013-10-14 00:00:00-04:00,1.4700000286102295,1.4700000286102295,1.4700000286102295,1.4700000286102295,0,0.0,0.0
2013-10-15 00:00:00-04:00,1.4700000286102295,1.4700000286102295,1.4700000286102295,1.4700000286102295,357,0.0,0.0
2013-10-16 00:00:00-04:00,1.4700000286102295,1.4700000286102295,1.4700000286102295,1.4700000286102295,0,0.0,0.0
2013-10-17 00:00:00-04:00,1.3300000429153442,1.3300000429153442,1.3300000429153442,1.3300000429153442,707,0.0,0.0
2013-10-18 00:00:00-04:00,1.3300000429153442,1.3300000429153442,1.3300000429153442,1.3300000429153442,1071,0.0,0.0
2013-10-21 00:00:00-04:00,1.3300000429153442,1.4700000286102295,1.3300000429153442,1.4700000286102295,357,0.0,0.0
2013-10-22 00:00:00-04:00,1.4700000286102295,1.4700000286102295,1.4700000286102295,1.4700000286102295,0,0.0,0.0
2013-10-23 00:00:00-04:00,1.4700000286102295,1.4700000286102295,1.4700000286102295,1.4700000286102295,0,0.0,0.0
2013-10-24 00:00:00-04:00,1.4700000286102295,1.4700000286102295,1.4700000286102295,1.4700000286102295,4536,0.0,0.0
2013-10-25 00:00:00-04:00,1.4700000286102295,1.4700000286102295,1.4279999732971191,1.4279999732971191,4343,0.0,0.0
2013-10-28 00:00:00-04:00,1.4279999732971191,1.4279999732971191,1.4279999732971191,1.4279999732971191,0,0.0,0.0
2013-10-29 00:00:00-04:00,1.4279999732971191,1.4279999732971191,1.4279999732971191,1.4279999732971191,0,0.0,0.0
2013-10-30 00:00:00-04:00,1.4279999732971191,1.4279999732971191,1.4279999732971191,1.4279999732971191,14,0.0,0.0
2013-10-31 00:00:00-04:00,1.4279999732971191,1.4279999732971191,1.4279999732971191,1.4279999732971191,0,0.0,0.0
2013-11-01 00:00:00-04:00,1.4279999732971191,1.4279999732971191,1.4279999732971191,1.4279999732971191,0,0.0,0.0
2013-11-04 00:00:00-05:00,1.4700000286102295,1.538599967956543,1.399999976158142,1.399999976158142,3057,0.0,0.0
2013-11-05 00:00:00-05:00,1.371999979019165,1.371999979019165,1.371999979019165,1.371999979019165,7,0.0,0.0
2013-11-06 00:00:00-05:00,1.399999976158142,1.399999976158142,1.399999976158142,1.399999976158142,1100,0.0,0.0
2013-11-07 00:00:00-05:00,1.399999976158142,1.399999976158142,1.399999976158142,1.399999976158142,286,0.0,0.0
2013-11-08 00:00:00-05:00,1.399999976158142,1.4700000286102295,1.371999979019165,1.4700000286102295,21114,0.0,0.0
2013-11-11 00:00:00-05:00,1.4700000286102295,1.4700000286102295,1.4700000286102295,1.4700000286102295,0,0.0,0.0
2013-11-12 00:00:00-05:00,1.4700000286102295,1.4700000286102295,1.4700000286102295,1.4700000286102295,714,0.0,0.0
2013-11-13 00:00:00-05:00,1.371999979019165,1.4700000286102295,1.371999979019165,1.4700000286102295,286,0.0,0.0
2013-11-14 00:00:00-05:00,1.4686000347137451,1.4686000347137451,1.399999976158142,1.4686000347137451,2236,0.0,0.0
2013-11-15 00:00:00-05:00,1.399999976158142,1.4686000347137451,1.3860000371932983,1.4686000347137451,4843,0.0,0.0
2013-11-18 00:00:00-05:00,1.4686000347137451,1.4686000347137451,1.4686000347137451,1.4686000347137451,0,0.0,0.0
2013-11-19 00:00:00-05:00,1.399999976158142,1.4686000347137451,1.399999976158142,1.4686000347137451,1907,0.0,0.0
2013-11-20 00:00:00-05:00,1.4140000343322754,1.4686000347137451,1.4140000343322754,1.4559999704360962,1007,0.0,0.0
2013-11-21 00:00:00-05:00,1.4559999704360962,1.4559999704360962,1.4279999732971191,1.4279999732971191,1786,0.0,0.0
2013-11-22 00:00:00-05:00,1.4140000343322754,1.4140000343322754,1.4140000343322754,1.4140000343322754,214,0.0,0.0
2013-11-25 00:00:00-05:00,1.4140000343322754,1.4140000343322754,1.4140000343322754,1.4140000343322754,0,0.0,0.0
2013-11-26 00:00:00-05:00,1.4140000343322754,1.4140000343322754,1.4140000343322754,1.4140000343322754,0,0.0,0.0
2013-11-27 00:00:00-05:00,1.4140000343322754,1.4140000343322754,1.4140000343322754,1.4140000343322754,3571,0.0,0.0
2013-11-29 00:00:00-05:00,1.4140000343322754,1.4140000343322754,1.4140000343322754,1.4140000343322754,0,0.0,0.0
2013-12-02 00:00:00-05:00,1.4279999732971191,1.4700000286102295,1.4279999732971191,1.4559999704360962,2086,0.0,0.0
2013-12-03 00:00:00-05:00,1.538599967956543,1.538599967956543,1.4434000253677368,1.4700000286102295,5450,0.0,0.0
2013-12-04 00:00:00-05:00,1.5399999618530273,1.805999994277954,1.5399999618530273,1.805999994277954,23136,0.0,0.0
2013-12-05 00:00:00-05:00,1.6239999532699585,1.805999994277954,1.6239999532699585,1.805999994277954,107,0.0,0.0
2013-12-06 00:00:00-05:00,1.805999994277954,1.805999994277954,1.805999994277954,1.805999994277954,4957,0.0,0.0
2013-12-09 00:00:00-05:00,1.6799999475479126,1.8760000467300415,1.6799999475479126,1.805999994277954,10379,0.0,0.0
2013-12-10 00:00:00-05:00,1.9040000438690186,2.0859999656677246,1.9040000438690186,2.0859999656677246,15814,0.0,0.0
2013-12-11 00:00:00-05:00,2.0859999656677246,2.0859999656677246,1.9880000352859497,1.9880000352859497,3536,0.0,0.0
2013-12-12 00:00:00-05:00,2.0859999656677246,2.0859999656677246,2.0160000324249268,2.0859999656677246,3250,0.0,0.0
2013-12-13 00:00:00-05:00,2.0859999656677246,2.0859999656677246,2.0859999656677246,2.0859999656677246,0,0.0,0.0
2013-12-16 00:00:00-05:00,1.8242000341415405,2.1559998989105225,1.8242000341415405,2.1559998989105225,6414,0.0,0.0
2013-12-17 00:00:00-05:00,2.0859999656677246,2.1700000762939453,1.8480000495910645,2.1700000762939453,7521,0.0,0.0
2013-12-18 00:00:00-05:00,2.1700000762939453,2.2119998931884766,2.0999999046325684,2.2119998931884766,4336,0.0,0.0
2013-12-19 00:00:00-05:00,2.2260000705718994,2.436000108718872,2.2260000705718994,2.436000108718872,11236,0.0,0.0
2013-12-20 00:00:00-05:00,2.450000047683716,3.065999984741211,2.380000114440918,3.065999984741211,26164,0.0,0.0
2013-12-23 00:00:00-05:00,2.940000057220459,3.2802000045776367,2.940000057220459,3.065999984741211,10043,0.0,0.0
2013-12-24 00:00:00-05:00,2.799999952316284,2.940000057220459,2.6600000858306885,2.7971999645233154,5543,0.0,0.0
2013-12-26 00:00:00-05:00,2.6600000858306885,2.7971999645233154,2.5199999809265137,2.7971999645233154,7364,0.0,0.0
2013-12-27 00:00:00-05:00,3.2046000957489014,3.2046000957489014,3.0785999298095703,3.0785999298095703,686,0.0,0.0
2013-12-30 00:00:00-05:00,3.0799999237060547,3.0799999237060547,2.799999952316284,2.940000057220459,5457,0.0,0.0
2013-12-31 00:00:00-05:00,3.0785999298095703,3.2899999618530273,3.0785999298095703,3.2899999618530273,7264,0.0,0.0
2014-01-02 00:00:00-05:00,3.400599956512451,3.763200044631958,3.091200113296509,3.4860000610351562,8614,0.0,0.0
2014-01-03 00:00:00-05:00,3.4019999504089355,3.4019999504089355,3.1500000953674316,3.359999895095825,2400,0.0,0.0
2014-01-06 00:00:00-05:00,3.359999895095825,3.5,2.799999952316284,3.1500000953674316,34943,0.0,0.0
2014-01-07 00:00:00-05:00,2.8041999340057373,3.2200000286102295,2.3519999980926514,3.2200000286102295,17479,0.0,0.0
2014-01-08 00:00:00-05:00,2.940000057220459,3.2200000286102295,2.114000082015991,2.6600000858306885,62914,0.0,0.0
2014-01-09 00:00:00-05:00,2.7300000190734863,2.7300000190734863,2.658600091934204,2.658600091934204,8400,0.0,0.0
2014-01-10 00:00:00-05:00,2.9049999713897705,3.065999984741211,2.9049999713897705,3.065999984741211,7714,0.0,0.0
2014-01-13 00:00:00-05:00,3.065999984741211,3.0799999237060547,2.2960000038146973,2.5199999809265137,39236,0.0,0.0
2014-01-14 00:00:00-05:00,2.4570000171661377,2.8559999465942383,2.3239998817443848,2.8559999465942383,14007,0.0,0.0
2014-01-15 00:00:00-05:00,2.7985999584198,2.7985999584198,2.3239998817443848,2.380000114440918,40364,0.0,0.0
2014-01-16 00:00:00-05:00,2.3239998817443848,2.7300000190734863,1.75,2.6600000858306885,97821,0.0,0.0
2014-01-17 00:00:00-05:00,2.6600000858306885,3.1500000953674316,2.6600000858306885,3.0799999237060547,25400,0.0,0.0
2014-01-21 00:00:00-05:00,2.799999952316284,3.359999895095825,2.7985999584198,3.359999895095825,30207,0.0,0.0
2014-01-22 00:00:00-05:00,3.1094000339508057,4.760000228881836,3.081399917602539,4.340000152587891,48736,0.0,0.0
2014-01-23 00:00:00-05:00,4.059999942779541,4.185999870300293,3.7799999713897705,3.8919999599456787,16321,0.0,0.0
2014-01-24 00:00:00-05:00,3.9200000762939453,4.340000152587891,3.9200000762939453,4.130000114440918,10686,0.0,0.0
2014-01-27 00:00:00-05:00,4.340000152587891,4.480000019073486,3.9200000762939453,4.478600025177002,12571,0.0,0.0
2014-01-28 00:00:00-05:00,4.464600086212158,4.480000019073486,4.340000152587891,4.340000152587891,12471,0.0,0.0
2014-01-29 00:00:00-05:00,4.340000152587891,4.464600086212158,2.4639999866485596,2.5199999809265137,99521,0.0,0.0
2014-01-30 00:00:00-05:00,2.6963999271392822,2.9386000633239746,2.1700000762939453,2.6040000915527344,43571,0.0,0.0
2014-01-31 00:00:00-05:00,2.799999952316284,2.799999952316284,2.5199999809265137,2.6600000858306885,3800,0.0,0.0
2014-02-03 00:00:00-05:00,2.5199999809265137,2.5759999752044678,2.2567999362945557,2.5199999809265137,4379,0.0,0.0
2014-02-04 00:00:00-05:00,2.5199999809265137,2.5199999809265137,2.380000114440918,2.5199999809265137,2686,0.0,0.0
2014-02-05 00:00:00-05:00,2.6459999084472656,2.6600000858306885,2.5899999141693115,2.5899999141693115,1929,0.0,0.0
2014-02-06 00:00:00-05:00,2.799999952316284,2.940000057220459,2.5199999809265137,2.6600000858306885,3250,0.0,0.0
2014-02-07 00:00:00-05:00,2.7985999584198,2.799999952316284,2.598400115966797,2.6600000858306885,4921,0.0,0.0
2014-02-10 00:00:00-05:00,2.6600000858306885,2.799999952316284,2.5899999141693115,2.6600000858306885,1443,0.0,0.0
2014-02-11 00:00:00-05:00,2.6600000858306885,2.6600000858306885,2.380000114440918,2.5199999809265137,5314,0.0,0.0
2014-02-12 00:00:00-05:00,2.450000047683716,2.5199999809265137,2.240000009536743,2.240000009536743,5471,0.0,0.0
2014-02-13 00:00:00-05:00,2.240000009536743,2.240000009536743,2.1013998985290527,2.1013998985290527,486,0.0,0.0
2014-02-14 00:00:00-05:00,2.240000009536743,2.240000009536743,1.989400029182434,2.1700000762939453,9536,0.0,0.0
2014-02-18 00:00:00-05:00,2.309999942779541,2.5199999809265137,2.309999942779541,2.5199999809265137,3664,0.0,0.0
2014-02-19 00:00:00-05:00,2.5199999809265137,2.5199999809265137,2.294600009918213,2.5199999809265137,1907,0.0,0.0
2014-02-20 00:00:00-05:00,2.799999952316284,2.799999952316284,2.5199999809265137,2.5199999809265137,357,0.0,0.0
2014-02-21 00:00:00-05:00,2.253999948501587,2.799999952316284,2.2414000034332275,2.799999952316284,2893,0.0,0.0
2014-02-24 00:00:00-05:00,2.799999952316284,2.940000057220459,2.3589999675750732,2.940000057220459,2300,0.0,0.0
2014-02-25 00:00:00-05:00,2.940000057220459,2.940000057220459,2.6600000858306885,2.6600000858306885,3143,0.0,0.0
2014-02-26 00:00:00-05:00,2.2553999423980713,2.658600091934204,2.2553999423980713,2.658600091934204,1571,0.0,0.0
2014-02-27 00:00:00-05:00,2.2553999423980713,2.5199999809265137,2.2553999423980713,2.5199999809265137,500,0.0,0.0
2014-02-28 00:00:00-05:00,2.450000047683716,2.5185999870300293,2.253999948501587,2.5185999870300293,750,0.0,0.0
2014-03-03 00:00:00-05:00,2.253999948501587,2.5199999809265137,2.253999948501587,2.5199999809265137,1500,0.0,0.0
2014-03-04 00:00:00-05:00,1.9739999771118164,2.5046000480651855,1.9739999771118164,2.253999948501587,5229,0.0,0.0
2014-03-05 00:00:00-05:00,2.253999948501587,2.365999937057495,2.253999948501587,2.365999937057495,5986,0.0,0.0
2014-03-06 00:00:00-05:00,2.365999937057495,2.365999937057495,2.253999948501587,2.3519999980926514,3671,0.0,0.0
2014-03-07 00:00:00-05:00,2.3519999980926514,2.3519999980926514,2.3519999980926514,2.3519999980926514,71,0.0,0.0
2014-03-10 00:00:00-04:00,2.2553999423980713,2.658600091934204,1.8913999795913696,2.380000114440918,5036,0.0,0.0
2014-03-11 00:00:00-04:00,2.380000114440918,2.380000114440918,2.380000114440918,2.380000114440918,0,0.0,0.0
2014-03-12 00:00:00-04:00,2.5199999809265137,2.5480000972747803,2.5199999809265137,2.5480000972747803,1714,0.0,0.0
2014-03-13 00:00:00-04:00,2.380000114440918,2.380000114440918,2.380000114440918,2.380000114440918,43,0.0,0.0
2014-03-14 00:00:00-04:00,2.114000082015991,2.365999937057495,2.114000082015991,2.365999937057495,107,0.0,0.0
2014-03-17 00:00:00-04:00,2.365999937057495,2.450000047683716,2.240000009536743,2.240000009536743,4771,0.0,0.0
2014-03-18 00:00:00-04:00,2.114000082015991,2.114000082015991,1.7359999418258667,1.9600000381469727,11993,0.0,0.0
2014-03-19 00:00:00-04:00,1.8480000495910645,1.9586000442504883,1.8200000524520874,1.957200050354004,2257,0.0,0.0
2014-03-20 00:00:00-04:00,1.957200050354004,2.0999999046325684,1.8200000524520874,2.0999999046325684,1314,0.0,0.0
2014-03-21 00:00:00-04:00,1.8200000524520874,2.0999999046325684,1.7359999418258667,2.0999999046325684,6400,0.0,0.0
2014-03-24 00:00:00-04:00,1.8899999856948853,2.0999999046325684,1.8899999856948853,2.0999999046325684,993,0.0,0.0
2014-03-25 00:00:00-04:00,2.0999999046325684,2.0999999046325684,2.0999999046325684,2.0999999046325684,2500,0.0,0.0
2014-03-26 00:00:00-04:00,2.0999999046325684,2.0999999046325684,2.0999999046325684,2.0999999046325684,0,0.0,0.0
2014-03-27 00:00:00-04:00,1.8214000463485718,1.9600000381469727,1.8214000463485718,1.9600000381469727,2464,0.0,0.0
2014-03-28 00:00:00-04:00,1.9600000381469727,1.9600000381469727,1.8200000524520874,1.8200000524520874,5886,0.0,0.0
2014-03-31 00:00:00-04:00,1.8200000524520874,1.8200000524520874,1.8200000524520874,1.8200000524520874,1450,0.0,0.0
2014-04-01 00:00:00-04:00,1.75,1.818600058555603,1.5399999618530273,1.818600058555603,5536,0.0,0.0
2014-04-02 00:00:00-04:00,1.5778000354766846,1.8200000524520874,1.5778000354766846,1.8200000524520874,1964,0.0,0.0
2014-04-03 00:00:00-04:00,1.8200000524520874,1.8200000524520874,1.6799999475479126,1.6799999475479126,5350,0.0,0.0
2014-04-04 00:00:00-04:00,1.6799999475479126,1.6799999475479126,1.5540000200271606,1.6799999475479126,4129,0.0,0.0
2014-04-07 00:00:00-04:00,1.6799999475479126,1.6799999475479126,1.6799999475479126,1.6799999475479126,21,0.0,0.0
2014-04-08 00:00:00-04:00,1.5540000200271606,1.805999994277954,1.5540000200271606,1.805999994277954,3064,0.0,0.0
2014-04-09 00:00:00-04:00,1.805999994277954,1.805999994277954,1.805999994277954,1.805999994277954,179,0.0,0.0
2014-04-10 00:00:00-04:00,1.805999994277954,1.805999994277954,1.805999994277954,1.805999994277954,0,0.0,0.0
2014-04-11 00:00:00-04:00,1.555400013923645,1.555400013923645,1.555400013923645,1.555400013923645,314,0.0,0.0
2014-04-14 00:00:00-04:00,1.555400013923645,1.555400013923645,1.555400013923645,1.555400013923645,71,0.0,0.0
2014-04-15 00:00:00-04:00,1.538599967956543,1.5399999618530273,1.4013999700546265,1.4013999700546265,7136,0.0,0.0
2014-04-16 00:00:00-04:00,1.5399999618530273,1.5399999618530273,1.5399999618530273,1.5399999618530273,71,0.0,0.0
2014-04-17 00:00:00-04:00,1.5399999618530273,1.5399999618530273,1.4140000343322754,1.5399999618530273,1286,0.0,0.0
2014-04-21 00:00:00-04:00,1.4140000343322754,1.4140000343322754,1.4140000343322754,1.4140000343322754,857,0.0,0.0
2014-04-22 00:00:00-04:00,1.4140000343322754,1.4279999732971191,1.1200000047683716,1.399999976158142,38471,0.0,0.0
2014-04-23 00:00:00-04:00,1.343999981880188,1.343999981880188,1.343999981880188,1.343999981880188,71,0.0,0.0
2014-04-24 00:00:00-04:00,1.343999981880188,1.4700000286102295,1.343999981880188,1.4700000286102295,1143,0.0,0.0
2014-04-25 00:00:00-04:00,1.4700000286102295,1.4700000286102295,1.4700000286102295,1.4700000286102295,0,0.0,0.0
2014-04-28 00:00:00-04:00,1.4700000286102295,1.4700000286102295,1.4700000286102295,1.4700000286102295,0,0.0,0.0
2014-04-29 00:00:00-04:00,1.4700000286102295,1.4700000286102295,1.343999981880188,1.343999981880188,836,0.0,0.0
2014-04-30 00:00:00-04:00,1.3300000429153442,1.3300000429153442,1.3300000429153442,1.3300000429153442,71,0.0,0.0
2014-05-01 00:00:00-04:00,1.343999981880188,1.343999981880188,1.3370000123977661,1.3370000123977661,1271,0.0,0.0
2014-05-02 00:00:00-04:00,1.4700000286102295,1.4700000286102295,1.4700000286102295,1.4700000286102295,21,0.0,0.0
2014-05-05 00:00:00-04:00,1.399999976158142,1.4700000286102295,1.399999976158142,1.399999976158142,3736,0.0,0.0
2014-05-06 00:00:00-04:00,1.399999976158142,1.399999976158142,1.399999976158142,1.399999976158142,357,0.0,0.0
2014-05-07 00:00:00-04:00,1.399999976158142,1.399999976158142,1.399999976158142,1.399999976158142,1064,0.0,0.0
2014-05-08 00:00:00-04:00,1.4420000314712524,1.6100000143051147,1.4420000314712524,1.4700000286102295,1771,0.0,0.0
2014-05-09 00:00:00-04:00,1.399999976158142,1.399999976158142,1.399999976158142,1.399999976158142,1457,0.0,0.0
2014-05-12 00:00:00-04:00,1.399999976158142,1.5399999618530273,1.281000018119812,1.5399999618530273,4421,0.0,0.0
2014-05-13 00:00:00-04:00,1.5399999618530273,1.6100000143051147,1.5399999618530273,1.6100000143051147,1486,0.0,0.0
2014-05-14 00:00:00-04:00,1.4700000286102295,1.6715999841690063,1.4700000286102295,1.6715999841690063,1521,0.0,0.0
2014-05-15 00:00:00-04:00,1.9600000381469727,1.9600000381469727,1.6100000143051147,1.6799999475479126,1286,0.0,0.0
2014-05-16 00:00:00-04:00,1.4714000225067139,1.4714000225067139,1.4714000225067139,1.4714000225067139,1714,0.0,0.0
2014-05-19 00:00:00-04:00,1.4714000225067139,1.4714000225067139,1.4714000225067139,1.4714000225067139,0,0.0,0.0
2014-05-20 00:00:00-04:00,1.6799999475479126,1.6799999475479126,1.6799999475479126,1.6799999475479126,6507,0.0,0.0
2014-05-21 00:00:00-04:00,1.4714000225067139,1.6799999475479126,1.4714000225067139,1.6799999475479126,1071,0.0,0.0
2014-05-22 00:00:00-04:00,1.5441999435424805,1.7920000553131104,1.4700000286102295,1.4700000286102295,1064,0.0,0.0
2014-05-23 00:00:00-04:00,1.4700000286102295,1.5399999618530273,1.4700000286102295,1.5399999618530273,1500,0.0,0.0
2014-05-27 00:00:00-04:00,1.5399999618530273,1.6799999475479126,1.4700000286102295,1.6058000326156616,2393,0.0,0.0
2014-05-28 00:00:00-04:00,1.4700000286102295,1.4700000286102295,1.4013999700546265,1.4700000286102295,1286,0.0,0.0
2014-05-29 00:00:00-04:00,1.4700000286102295,1.4700000286102295,1.399999976158142,1.4013999700546265,5286,0.0,0.0
2014-05-30 00:00:00-04:00,1.434999942779541,1.6799999475479126,1.4140000343322754,1.6785999536514282,3243,0.0,0.0
2014-06-02 00:00:00-04:00,1.4658000469207764,1.6799999475479126,1.399999976158142,1.6799999475479126,957,0.0,0.0
2014-06-03 00:00:00-04:00,1.6044000387191772,1.6044000387191772,1.6044000387191772,1.6044000387191772,14,0.0,0.0
2014-06-04 00:00:00-04:00,1.6044000387191772,1.6044000387191772,1.6044000387191772,1.6044000387191772,0,0.0,0.0
2014-06-05 00:00:00-04:00,1.5399999618530273,1.5399999618530273,1.4210000038146973,1.4210000038146973,207,0.0,0.0
2014-06-06 00:00:00-04:00,1.4210000038146973,1.4210000038146973,1.4154000282287598,1.4154000282287598,2821,0.0,0.0
2014-06-09 00:00:00-04:00,1.4210000038146973,1.4279999732971191,1.399999976158142,1.399999976158142,1736,0.0,0.0
2014-06-10 00:00:00-04:00,1.399999976158142,1.399999976158142,1.399999976158142,1.399999976158142,0,0.0,0.0
2014-06-11 00:00:00-04:00,1.399999976158142,1.399999976158142,1.399999976158142,1.399999976158142,1429,0.0,0.0
2014-06-12 00:00:00-04:00,1.399999976158142,1.399999976158142,1.399999976158142,1.399999976158142,0,0.0,0.0
2014-06-13 00:00:00-04:00,1.6799999475479126,1.6799999475479126,1.6799999475479126,1.6799999475479126,93,0.0,0.0
2014-06-16 00:00:00-04:00,1.6799999475479126,1.6799999475479126,1.6799999475479126,1.6799999475479126,0,0.0,0.0
2014-06-17 00:00:00-04:00,1.399999976158142,1.6100000143051147,1.399999976158142,1.399999976158142,4893,0.0,0.0
2014-06-18 00:00:00-04:00,1.399999976158142,1.399999976158142,1.399999976158142,1.399999976158142,0,0.0,0.0
2014-06-19 00:00:00-04:00,1.399999976158142,1.399999976158142,1.399999976158142,1.399999976158142,0,0.0,0.0
2014-06-20 00:00:00-04:00,1.399999976158142,1.399999976158142,1.399999976158142,1.399999976158142,0,0.0,0.0
2014-06-23 00:00:00-04:00,1.3300000429153442,1.3300000429153442,1.3300000429153442,1.3300000429153442,357,0.0,0.0
2014-06-24 00:00:00-04:00,1.3411999940872192,1.4700000286102295,1.3300000429153442,1.3300000429153442,1643,0.0,0.0
2014-06-25 00:00:00-04:00,1.3300000429153442,1.3971999883651733,1.3300000429153442,1.3971999883651733,1493,0.0,0.0
2014-06-26 00:00:00-04:00,1.2599999904632568,1.2599999904632568,1.2599999904632568,1.2599999904632568,786,0.0,0.0
2014-06-27 00:00:00-04:00,1.6100000143051147,1.6100000143051147,1.399999976158142,1.399999976158142,3286,0.0,0.0
2014-06-30 00:00:00-04:00,1.3985999822616577,1.399999976158142,1.3985999822616577,1.399999976158142,1436,0.0,0.0
2014-07-01 00:00:00-04:00,1.2627999782562256,1.2740000486373901,1.2627999782562256,1.2740000486373901,3021,0.0,0.0
2014-07-02 00:00:00-04:00,1.2740000486373901,1.2740000486373901,1.2740000486373901,1.2740000486373901,1307,0.0,0.0
2014-07-03 00:00:00-04:00,1.2599999904632568,1.2599999904632568,1.2599999904632568,1.2599999904632568,5486,0.0,0.0
2014-07-07 00:00:00-04:00,1.2599999904632568,1.3370000123977661,1.2599999904632568,1.3370000123977661,807,0.0,0.0
2014-07-08 00:00:00-04:00,1.3370000123977661,1.4700000286102295,1.3370000123977661,1.4700000286102295,7393,0.0,0.0
2014-07-09 00:00:00-04:00,1.399999976158142,1.399999976158142,1.399999976158142,1.399999976158142,8229,0.0,0.0
2014-07-10 00:00:00-04:00,1.3243999481201172,1.3243999481201172,1.3243999481201172,1.3243999481201172,500,0.0,0.0
2014-07-11 00:00:00-04:00,1.2599999904632568,1.371999979019165,1.1480000019073486,1.315999984741211,6914,0.0,0.0
2014-07-14 00:00:00-04:00,1.3243999481201172,1.3243999481201172,1.3243999481201172,1.3243999481201172,157,0.0,0.0
2014-07-15 00:00:00-04:00,1.3243999481201172,1.3257999420166016,1.2740000486373901,1.2740000486373901,5357,0.0,0.0
2014-07-16 00:00:00-04:00,1.2669999599456787,1.2669999599456787,1.2669999599456787,1.2669999599456787,793,0.0,0.0
2014-07-17 00:00:00-04:00,1.2599999904632568,1.2599999904632568,1.2599999904632568,1.2599999904632568,1164,0.0,0.0
2014-07-18 00:00:00-04:00,1.2599999904632568,1.3860000371932983,1.190000057220459,1.3860000371932983,4050,0.0,0.0
2014-07-21 00:00:00-04:00,1.194200038909912,1.2907999753952026,1.194200038909912,1.2907999753952026,93,0.0,0.0
2014-07-22 00:00:00-04:00,1.2907999753952026,1.2907999753952026,1.2907999753952026,1.2907999753952026,0,0.0,0.0
2014-07-23 00:00:00-04:00,1.194200038909912,1.3860000371932983,1.1928000450134277,1.3860000371932983,2586,0.0,0.0
2014-07-24 00:00:00-04:00,1.3860000371932983,1.3860000371932983,1.3860000371932983,1.3860000371932983,0,0.0,0.0
2014-07-25 00:00:00-04:00,1.3860000371932983,1.3860000371932983,1.3860000371932983,1.3860000371932983,0,0.0,0.0
2014-07-28 00:00:00-04:00,1.240399956703186,1.240399956703186,1.240399956703186,1.240399956703186,714,0.0,0.0
2014-07-29 00:00:00-04:00,1.2151999473571777,1.2151999473571777,1.1928000450134277,1.2151999473571777,2179,0.0,0.0
2014-07-30 00:00:00-04:00,1.2599999904632568,1.2599999904632568,1.2599999904632568,1.2599999904632568,707,0.0,0.0
2014-07-31 00:00:00-04:00,1.3860000371932983,1.3860000371932983,1.1507999897003174,1.1507999897003174,2307,0.0,0.0
2014-08-01 00:00:00-04:00,1.190000057220459,1.190000057220459,1.190000057220459,1.190000057220459,1114,0.0,0.0
2014-08-04 00:00:00-04:00,1.190000057220459,1.190000057220459,1.190000057220459,1.190000057220459,0,0.0,0.0
2014-08-05 00:00:00-04:00,1.190000057220459,1.190000057220459,1.190000057220459,1.190000057220459,0,0.0,0.0
2014-08-06 00:00:00-04:00,1.190000057220459,1.190000057220459,1.190000057220459,1.190000057220459,1786,0.0,0.0
2014-08-07 00:00:00-04:00,1.190000057220459,1.190000057220459,1.190000057220459,1.190000057220459,0,0.0,0.0
2014-08-08 00:00:00-04:00,1.2585999965667725,1.2585999965667725,1.2585999965667725,1.2585999965667725,107,0.0,0.0
2014-08-11 00:00:00-04:00,1.2585999965667725,1.2599999904632568,1.2585999965667725,1.2599999904632568,1121,0.0,0.0
2014-08-12 00:00:00-04:00,1.2599999904632568,1.2599999904632568,1.2599999904632568,1.2599999904632568,0,0.0,0.0
2014-08-13 00:00:00-04:00,1.2599999904632568,1.2599999904632568,1.2599999904632568,1.2599999904632568,0,0.0,0.0
2014-08-14 00:00:00-04:00,1.2599999904632568,1.2599999904632568,1.2599999904632568,1.2599999904632568,400,0.0,0.0
2014-08-15 00:00:00-04:00,1.2599999904632568,1.2599999904632568,1.2599999904632568,1.2599999904632568,0,0.0,0.0
2014-08-18 00:00:00-04:00,1.2599999904632568,1.2599999904632568,1.2599999904632568,1.2599999904632568,0,0.0,0.0
2014-08-19 00:00:00-04:00,1.3860000371932983,1.3860000371932983,1.3860000371932983,1.3860000371932983,1464,0.0,0.0
2014-08-20 00:00:00-04:00,1.3300000429153442,1.3300000429153442,1.3300000429153442,1.3300000429153442,893,0.0,0.0
2014-08-21 00:00:00-04:00,1.3300000429153442,1.3300000429153442,1.3300000429153442,1.3300000429153442,0,0.0,0.0
2014-08-22 00:00:00-04:00,1.3300000429153442,1.3300000429153442,1.3300000429153442,1.3300000429153442,0,0.0,0.0
2014-08-25 00:00:00-04:00,1.4140000343322754,1.4559999704360962,1.4140000343322754,1.4559999704360962,2036,0.0,0.0
2014-08-26 00:00:00-04:00,1.399999976158142,1.4700000286102295,1.399999976158142,1.4700000286102295,1707,0.0,0.0
2014-08-27 00:00:00-04:00,1.6016000509262085,1.6016000509262085,1.6016000509262085,1.6016000509262085,329,0.0,0.0
2014-08-28 00:00:00-04:00,1.8200000524520874,1.8200000524520874,1.8200000524520874,1.8200000524520874,71,0.0,0.0
2014-08-29 00:00:00-04:00,1.8899999856948853,1.8899999856948853,1.8760000467300415,1.8760000467300415,3107,0.0,0.0
2014-09-02 00:00:00-04:00,1.8760000467300415,1.8760000467300415,1.8760000467300415,1.8760000467300415,0,0.0,0.0
2014-09-03 00:00:00-04:00,1.4279999732971191,1.4279999732971191,1.4279999732971191,1.4279999732971191,14,0.0,0.0
2014-09-04 00:00:00-04:00,1.4279999732971191,1.4279999732971191,1.4279999732971191,1.4279999732971191,0,0.0,0.0
2014-09-05 00:00:00-04:00,1.4279999732971191,1.4279999732971191,1.4279999732971191,1.4279999732971191,43,0.0,0.0
2014-09-08 00:00:00-04:00,1.8200000524520874,1.8200000524520874,1.8200000524520874,1.8200000524520874,514,0.0,0.0
2014-09-09 00:00:00-04:00,1.805999994277954,1.805999994277954,1.805999994277954,1.805999994277954,714,0.0,0.0
2014-09-10 00:00:00-04:00,1.6799999475479126,1.6799999475479126,1.5399999618530273,1.5399999618530273,1629,0.0,0.0
2014-09-11 00:00:00-04:00,1.4700000286102295,1.4700000286102295,1.4700000286102295,1.4700000286102295,86,0.0,0.0
2014-09-12 00:00:00-04:00,1.4700000286102295,1.5399999618530273,1.399999976158142,1.5399999618530273,5429,0.0,0.0
2014-09-15 00:00:00-04:00,1.4279999732971191,1.4279999732971191,1.399999976158142,1.399999976158142,3564,0.0,0.0
2014-09-16 00:00:00-04:00,1.2599999904632568,1.2599999904632568,1.2599999904632568,1.2599999904632568,714,0.0,0.0
2014-09-17 00:00:00-04:00,1.2949999570846558,1.2949999570846558,1.2949999570846558,1.2949999570846558,1429,0.0,0.0
2014-09-18 00:00:00-04:00,1.2599999904632568,1.2599999904632568,1.2599999904632568,1.2599999904632568,207,0.0,0.0
2014-09-19 00:00:00-04:00,1.2599999904632568,1.2599999904632568,1.2599999904632568,1.2599999904632568,143,0.0,0.0
2014-09-22 00:00:00-04:00,1.399999976158142,1.399999976158142,1.399999976158142,1.399999976158142,714,0.0,0.0
2014-09-23 00:00:00-04:00,1.399999976158142,1.399999976158142,1.399999976158142,1.399999976158142,0,0.0,0.0
2014-09-24 00:00:00-04:00,1.399999976158142,1.399999976158142,1.399999976158142,1.399999976158142,0,0.0,0.0
2014-09-25 00:00:00-04:00,1.399999976158142,1.399999976158142,1.2599999904632568,1.3860000371932983,5386,0.0,0.0
2014-09-26 00:00:00-04:00,1.3300000429153442,1.3300000429153442,1.3300000429153442,1.3300000429153442,721,0.0,0.0
2014-09-29 00:00:00-04:00,1.3300000429153442,1.3300000429153442,1.3300000429153442,1.3300000429153442,0,0.0,0.0
2014-09-30 00:00:00-04:00,1.3300000429153442,1.3300000429153442,1.3300000429153442,1.3300000429153442,0,0.0,0.0
2014-10-01 00:00:00-04:00,1.2151999473571777,1.2151999473571777,1.1200000047683716,1.1200000047683716,1429,0.0,0.0
2014-10-02 00:00:00-04:00,1.1200000047683716,1.1200000047683716,1.1200000047683716,1.1200000047683716,1100,0.0,0.0
2014-10-03 00:00:00-04:00,1.3300000429153442,1.3300000429153442,1.3300000429153442,1.3300000429153442,714,0.0,0.0
2014-10-06 00:00:00-04:00,1.1200000047683716,1.1200000047683716,1.1200000047683716,1.1200000047683716,214,0.0,0.0
2014-10-07 00:00:00-04:00,1.1200000047683716,1.1200000047683716,1.1200000047683716,1.1200000047683716,0,0.0,0.0
2014-10-08 00:00:00-04:00,1.1200000047683716,1.253000020980835,1.0850000381469727,1.1130000352859497,8129,0.0,0.0
2014-10-09 00:00:00-04:00,1.1130000352859497,1.1130000352859497,1.1130000352859497,1.1130000352859497,214,0.0,0.0
2014-10-10 00:00:00-04:00,1.0499999523162842,1.0612000226974487,0.9800000190734863,0.9800000190734863,3450,0.0,0.0
2014-10-13 00:00:00-04:00,1.0499999523162842,1.1130000352859497,1.0499999523162842,1.1130000352859497,2071,0.0,0.0
2014-10-14 00:00:00-04:00,0.8399999737739563,1.399999976158142,0.8385999798774719,0.8876000046730042,27600,0.0,0.0
2014-10-15 00:00:00-04:00,1.2319999933242798,1.2599999904632568,0.8889999985694885,0.8889999985694885,6371,0.0,0.0
2014-10-16 00:00:00-04:00,0.9240000247955322,0.9800000190734863,0.8399999737739563,0.8399999737739563,5443,0.0,0.0
2014-10-17 00:00:00-04:00,0.8399999737739563,0.9800000190734863,0.83160001039505,0.8371999859809875,7679,0.0,0.0
2014-10-20 00:00:00-04:00,0.847000002861023,0.847000002861023,0.771399974822998,0.8399999737739563,36843,0.0,0.0
2014-10-21 00:00:00-04:00,0.7279999852180481,0.8259999752044678,0.715399980545044,0.8259999752044678,12650,0.0,0.0
2014-10-22 00:00:00-04:00,0.8259999752044678,0.8399999737739563,0.7699999809265137,0.8399999737739563,33329,0.0,0.0
2014-10-23 00:00:00-04:00,0.8190000057220459,0.8190000057220459,0.8190000057220459,0.8190000057220459,643,0.0,0.0
2014-10-24 00:00:00-04:00,0.8399999737739563,0.8399999737739563,0.8399999737739563,0.8399999737739563,643,0.0,0.0
2014-10-27 00:00:00-04:00,0.8399999737739563,0.8399999737739563,0.8259999752044678,0.8259999752044678,2393,0.0,0.0
2014-10-28 00:00:00-04:00,0.7839999794960022,0.7839999794960022,0.7839999794960022,0.7839999794960022,1000,0.0,0.0
2014-10-29 00:00:00-04:00,0.8259999752044678,0.8259999752044678,0.8259999752044678,0.8259999752044678,714,0.0,0.0
2014-10-30 00:00:00-04:00,0.8385999798774719,0.8399999737739563,0.7839999794960022,0.8399999737739563,5514,0.0,0.0
2014-10-31 00:00:00-04:00,0.771399974822998,0.7728000283241272,0.771399974822998,0.7728000283241272,6250,0.0,0.0
2014-11-03 00:00:00-05:00,0.7139999866485596,0.8385999798774719,0.7139999866485596,0.8385999798774719,3657,0.0,0.0
2014-11-04 00:00:00-05:00,0.7993999719619751,0.7993999719619751,0.7699999809265137,0.7699999809265137,1086,0.0,0.0
2014-11-05 00:00:00-05:00,0.8385999798774719,0.8385999798774719,0.8385999798774719,0.8385999798774719,2143,0.0,0.0
2014-11-06 00:00:00-05:00,0.8385999798774719,0.8385999798774719,0.8385999798774719,0.8385999798774719,4643,0.0,0.0
2014-11-07 00:00:00-05:00,0.8050000071525574,0.8050000071525574,0.8050000071525574,0.8050000071525574,1214,0.0,0.0
2014-11-10 00:00:00-05:00,0.8050000071525574,0.8050000071525574,0.8050000071525574,0.8050000071525574,0,0.0,0.0
2014-11-11 00:00:00-05:00,0.8050000071525574,0.8050000071525574,0.8050000071525574,0.8050000071525574,0,0.0,0.0
2014-11-12 00:00:00-05:00,0.7573999762535095,0.7825999855995178,0.7559999823570251,0.7559999823570251,5414,0.0,0.0
2014-11-13 00:00:00-05:00,0.7139999866485596,0.7559999823570251,0.7139999866485596,0.7139999866485596,9250,0.0,0.0
2014-11-14 00:00:00-05:00,0.699999988079071,0.7279999852180481,0.699999988079071,0.699999988079071,35343,0.0,0.0
2014-11-17 00:00:00-05:00,0.699999988079071,0.7139999866485596,0.699999988079071,0.7139999866485596,70700,0.0,0.0
2014-11-18 00:00:00-05:00,0.699999988079071,0.7279999852180481,0.699999988079071,0.7279999852180481,136429,0.0,0.0
2014-11-19 00:00:00-05:00,0.699999988079071,0.699999988079071,0.699999988079071,0.699999988079071,6071,0.0,0.0
2014-11-20 00:00:00-05:00,0.699999988079071,0.699999988079071,0.699999988079071,0.699999988079071,13143,0.0,0.0
2014-11-21 00:00:00-05:00,0.699999988079071,0.699999988079071,0.699999988079071,0.699999988079071,3643,0.0,0.0
2014-11-24 00:00:00-05:00,0.7616000175476074,0.7699999809265137,0.699999988079071,0.7013999819755554,5714,0.0,0.0
2014-11-25 00:00:00-05:00,0.7013999819755554,0.7013999819755554,0.7013999819755554,0.7013999819755554,0,0.0,0.0
2014-11-26 00:00:00-05:00,0.7013999819755554,0.7013999819755554,0.7013999819755554,0.7013999819755554,0,0.0,0.0
2014-11-28 00:00:00-05:00,0.7013999819755554,0.7013999819755554,0.7013999819755554,0.7013999819755554,0,0.0,0.0
2014-12-01 00:00:00-05:00,0.7013999819755554,0.7013999819755554,0.7013999819755554,0.7013999819755554,0,0.0,0.0
2014-12-02 00:00:00-05:00,0.7013999819755554,0.7013999819755554,0.7013999819755554,0.7013999819755554,0,0.0,0.0
2014-12-03 00:00:00-05:00,0.7699999809265137,0.7699999809265137,0.7699999809265137,0.7699999809265137,950,0.0,0.0
2014-12-04 00:00:00-05:00,0.7699999809265137,0.7699999809265137,0.7699999809265137,0.7699999809265137,0,0.0,0.0
2014-12-05 00:00:00-05:00,0.7699999809265137,0.7699999809265137,0.7699999809265137,0.7699999809265137,0,0.0,0.0
2014-12-08 00:00:00-05:00,0.699999988079071,0.699999988079071,0.699999988079071,0.699999988079071,929,0.0,0.0
2014-12-09 00:00:00-05:00,0.699999988079071,0.699999988079071,0.699999988079071,0.699999988079071,0,0.0,0.0
2014-12-10 00:00:00-05:00,0.8399999737739563,0.8399999737739563,0.8399999737739563,0.8399999737739563,1000,0.0,0.0
2014-12-11 00:00:00-05:00,0.8399999737739563,0.8399999737739563,0.8399999737739563,0.8399999737739563,71,0.0,0.0
2014-12-12 00:00:00-05:00,0.8399999737739563,0.8679999709129333,0.8399999737739563,0.8399999737739563,2429,0.0,0.0
2014-12-15 00:00:00-05:00,0.8399999737739563,0.8399999737739563,0.8330000042915344,0.8399999737739563,1929,0.0,0.0
2014-12-16 00:00:00-05:00,0.8399999737739563,0.8399999737739563,0.8399999737739563,0.8399999737739563,214,0.0,0.0
2014-12-17 00:00:00-05:00,0.8399999737739563,0.8399999737739563,0.8399999737739563,0.8399999737739563,0,0.0,0.0
2014-12-18 00:00:00-05:00,0.699999988079071,0.7293999791145325,0.699999988079071,0.7027999758720398,12693,0.0,0.0
2014-12-19 00:00:00-05:00,0.7419999837875366,0.8119999766349792,0.715399980545044,0.8119999766349792,2857,0.0,0.0
2014-12-22 00:00:00-05:00,0.8119999766349792,0.8119999766349792,0.8119999766349792,0.8119999766349792,0,0.0,0.0
2014-12-23 00:00:00-05:00,0.7350000143051147,0.7350000143051147,0.7350000143051147,0.7350000143051147,786,0.0,0.0
2014-12-24 00:00:00-05:00,0.7350000143051147,0.7350000143051147,0.7350000143051147,0.7350000143051147,0,0.0,0.0
2014-12-26 00:00:00-05:00,0.7839999794960022,0.7839999794960022,0.7699999809265137,0.7699999809265137,6929,0.0,0.0
2014-12-29 00:00:00-05:00,0.8399999737739563,0.8679999709129333,0.7699999809265137,0.7699999809265137,9821,0.0,0.0
2014-12-30 00:00:00-05:00,0.8399999737739563,1.2599999904632568,0.775600016117096,0.8399999737739563,11943,0.0,0.0
2014-12-31 00:00:00-05:00,0.8414000272750854,0.9800000190734863,0.8399999737739563,0.8399999737739563,4479,0.0,0.0
2015-01-02 00:00:00-05:00,0.978600025177002,0.978600025177002,0.978600025177002,0.978600025177002,71,0.0,0.0
2015-01-05 00:00:00-05:00,0.978600025177002,0.978600025177002,0.978600025177002,0.978600025177002,0,0.0,0.0
2015-01-06 00:00:00-05:00,0.978600025177002,0.978600025177002,0.978600025177002,0.978600025177002,643,0.0,0.0
2015-01-07 00:00:00-05:00,0.9100000262260437,0.9100000262260437,0.9100000262260437,0.9100000262260437,871,0.0,0.0
2015-01-08 00:00:00-05:00,0.9100000262260437,0.9100000262260437,0.9100000262260437,0.9100000262260437,0,0.0,0.0
2015-01-09 00:00:00-05:00,0.8679999709129333,0.8679999709129333,0.8679999709129333,0.8679999709129333,714,0.0,0.0
2015-01-12 00:00:00-05:00,0.8679999709129333,0.8679999709129333,0.8679999709129333,0.8679999709129333,0,0.0,0.0
2015-01-13 00:00:00-05:00,0.8399999737739563,0.8399999737739563,0.8399999737739563,0.8399999737739563,950,0.0,0.0
2015-01-14 00:00:00-05:00,0.9100000262260437,0.9100000262260437,0.9100000262260437,0.9100000262260437,729,0.0,0.0
2015-01-15 00:00:00-05:00,0.9100000262260437,0.9100000262260437,0.9100000262260437,0.9100000262260437,0,0.0,0.0
2015-01-16 00:00:00-05:00,0.9100000262260437,0.9100000262260437,0.8399999737739563,0.9100000262260437,2564,0.0,0.0
2015-01-20 00:00:00-05:00,0.8399999737739563,0.9800000190734863,0.8399999737739563,0.9800000190734863,329,0.0,0.0
2015-01-21 00:00:00-05:00,0.9800000190734863,0.9800000190734863,0.9800000190734863,0.9800000190734863,721,0.0,0.0
2015-01-22 00:00:00-05:00,0.8399999737739563,0.9800000190734863,0.8399999737739563,0.9800000190734863,2843,0.0,0.0
2015-01-23 00:00:00-05:00,0.9800000190734863,0.9800000190734863,0.9800000190734863,0.9800000190734863,5843,0.0,0.0
2015-01-26 00:00:00-05:00,0.9800000190734863,0.9800000190734863,0.9800000190734863,0.9800000190734863,0,0.0,0.0
2015-01-27 00:00:00-05:00,0.9800000190734863,0.9800000190734863,0.9800000190734863,0.9800000190734863,0,0.0,0.0
2015-01-28 00:00:00-05:00,0.9800000190734863,0.9800000190734863,0.9800000190734863,0.9800000190734863,0,0.0,0.0
2015-01-29 00:00:00-05:00,0.9800000190734863,0.9800000190734863,0.9800000190734863,0.9800000190734863,0,0.0,0.0
2015-01-30 00:00:00-05:00,0.9800000190734863,0.9800000190734863,0.9800000190734863,0.9800000190734863,0,0.0,0.0
2015-02-02 00:00:00-05:00,1.1200000047683716,1.1200000047683716,1.0499999523162842,1.0499999523162842,236,0.0,0.0
2015-02-03 00:00:00-05:00,1.0779999494552612,1.0779999494552612,1.0779999494552612,1.0779999494552612,364,0.0,0.0
2015-02-04 00:00:00-05:00,1.0499999523162842,1.0499999523162842,1.0499999523162842,1.0499999523162842,2143,0.0,0.0
2015-02-05 00:00:00-05:00,1.0499999523162842,1.0499999523162842,1.0499999523162842,1.0499999523162842,0,0.0,0.0
2015-02-06 00:00:00-05:00,1.1186000108718872,1.1186000108718872,0.9660000205039978,0.9800000190734863,4714,0.0,0.0
2015-02-09 00:00:00-05:00,0.9800000190734863,0.9800000190734863,0.9800000190734863,0.9800000190734863,0,0.0,0.0
2015-02-10 00:00:00-05:00,0.9800000190734863,0.9800000190734863,0.9800000190734863,0.9800000190734863,0,0.0,0.0
2015-02-11 00:00:00-05:00,0.9800000190734863,0.9800000190734863,0.9800000190734863,0.9800000190734863,0,0.0,0.0
2015-02-12 00:00:00-05:00,0.9800000190734863,0.9800000190734863,0.9800000190734863,0.9800000190734863,0,0.0,0.0
2015-02-13 00:00:00-05:00,0.9757999777793884,0.9757999777793884,0.9757999777793884,0.9757999777793884,393,0.0,0.0
2015-02-17 00:00:00-05:00,0.9449999928474426,0.9449999928474426,0.9100000262260437,0.9100000262260437,686,0.0,0.0
2015-02-18 00:00:00-05:00,0.9100000262260437,0.9100000262260437,0.9100000262260437,0.9100000262260437,714,0.0,0.0
2015-02-19 00:00:00-05:00,0.9156000018119812,0.9156000018119812,0.9100000262260437,0.9100000262260437,1429,0.0,0.0
2015-02-20 00:00:00-05:00,0.9100000262260437,0.9100000262260437,0.9100000262260437,0.9100000262260437,0,0.0,0.0
2015-02-23 00:00:00-05:00,0.9323999881744385,0.9366000294685364,0.9323999881744385,0.9366000294685364,2286,0.0,0.0
2015-02-24 00:00:00-05:00,0.9366000294685364,0.9366000294685364,0.9366000294685364,0.9366000294685364,0,0.0,0.0
2015-02-25 00:00:00-05:00,0.9366000294685364,0.9366000294685364,0.9366000294685364,0.9366000294685364,0,0.0,0.0
2015-02-26 00:00:00-05:00,0.9366000294685364,0.9366000294685364,0.9366000294685364,0.9366000294685364,0,0.0,0.0
2015-02-27 00:00:00-05:00,0.9100000262260437,0.9100000262260437,0.9100000262260437,0.9100000262260437,1050,0.0,0.0
2015-03-02 00:00:00-05:00,0.9100000262260437,0.9100000262260437,0.9100000262260437,0.9100000262260437,0,0.0,0.0
2015-03-03 00:00:00-05:00,0.9100000262260437,0.9100000262260437,0.8399999737739563,0.8399999737739563,1714,0.0,0.0
2015-03-04 00:00:00-05:00,0.8539999723434448,0.8539999723434448,0.8525999784469604,0.8539999723434448,1429,0.0,0.0
2015-03-05 00:00:00-05:00,0.8399999737739563,0.9380000233650208,0.8399999737739563,0.9380000233650208,7971,0.0,0.0
2015-03-06 00:00:00-05:00,0.8428000211715698,0.8428000211715698,0.8428000211715698,0.8428000211715698,471,0.0,0.0
2015-03-09 00:00:00-04:00,0.8428000211715698,0.8428000211715698,0.8428000211715698,0.8428000211715698,0,0.0,0.0
2015-03-10 00:00:00-04:00,0.8428000211715698,0.8428000211715698,0.8428000211715698,0.8428000211715698,0,0.0,0.0
2015-03-11 00:00:00-04:00,0.8428000211715698,0.8428000211715698,0.8428000211715698,0.8428000211715698,0,0.0,0.0
2015-03-12 00:00:00-04:00,0.8428000211715698,0.8428000211715698,0.8428000211715698,0.8428000211715698,0,0.0,0.0
2015-03-13 00:00:00-04:00,0.8428000211715698,0.8428000211715698,0.8428000211715698,0.8428000211715698,0,0.0,0.0
2015-03-16 00:00:00-04:00,0.8414000272750854,0.8414000272750854,0.8414000272750854,0.8414000272750854,4150,0.0,0.0
2015-03-17 00:00:00-04:00,0.8414000272750854,0.8414000272750854,0.8414000272750854,0.8414000272750854,0,0.0,0.0
2015-03-18 00:00:00-04:00,0.9800000190734863,0.9800000190734863,0.8414000272750854,0.8414000272750854,814,0.0,0.0
2015-03-19 00:00:00-04:00,0.8414000272750854,0.8414000272750854,0.8414000272750854,0.8414000272750854,0,0.0,0.0
2015-03-20 00:00:00-04:00,0.8414000272750854,0.8414000272750854,0.8414000272750854,0.8414000272750854,0,0.0,0.0
2015-03-23 00:00:00-04:00,0.9800000190734863,0.9800000190734863,0.9800000190734863,0.9800000190734863,571,0.0,0.0
2015-03-24 00:00:00-04:00,0.8414000272750854,0.9800000190734863,0.8399999737739563,0.9800000190734863,16093,0.0,0.0
2015-03-25 00:00:00-04:00,0.9800000190734863,0.9800000190734863,0.9800000190734863,0.9800000190734863,0,0.0,0.0
2015-03-26 00:00:00-04:00,0.9800000190734863,0.9800000190734863,0.9800000190734863,0.9800000190734863,0,0.0,0.0
2015-03-27 00:00:00-04:00,0.9800000190734863,0.9800000190734863,0.9800000190734863,0.9800000190734863,0,0.0,0.0
2015-03-30 00:00:00-04:00,0.9800000190734863,0.9800000190734863,0.9800000190734863,0.9800000190734863,0,0.0,0.0
2015-03-31 00:00:00-04:00,0.8399999737739563,0.8399999737739563,0.8399999737739563,0.8399999737739563,2621,0.0,0.0
2015-04-01 00:00:00-04:00,0.8399999737739563,0.8399999737739563,0.8399999737739563,0.8399999737739563,1429,0.0,0.0
2015-04-02 00:00:00-04:00,0.8428000211715698,0.8428000211715698,0.8428000211715698,0.8428000211715698,143,0.0,0.0
2015-04-06 00:00:00-04:00,0.8428000211715698,0.8428000211715698,0.8428000211715698,0.8428000211715698,0,0.0,0.0
2015-04-07 00:00:00-04:00,0.8428000211715698,0.8428000211715698,0.8428000211715698,0.8428000211715698,0,0.0,0.0
2015-04-08 00:00:00-04:00,0.9800000190734863,1.0779999494552612,0.8414000272750854,0.8414000272750854,5286,0.0,0.0
2015-04-09 00:00:00-04:00,0.8399999737739563,0.9940000176429749,0.8399999737739563,0.9940000176429749,714,0.0,0.0
2015-04-10 00:00:00-04:00,0.9940000176429749,0.9940000176429749,0.9940000176429749,0.9940000176429749,0,0.0,0.0
2015-04-13 00:00:00-04:00,0.8399999737739563,0.8399999737739563,0.8399999737739563,0.8399999737739563,36,0.0,0.0
2015-04-14 00:00:00-04:00,0.9100000262260437,0.9100000262260437,0.9100000262260437,0.9100000262260437,71,0.0,0.0
2015-04-15 00:00:00-04:00,0.9100000262260437,0.9100000262260437,0.902999997138977,0.902999997138977,293,0.0,0.0
2015-04-16 00:00:00-04:00,0.8414000272750854,0.8582000136375427,0.8399999737739563,0.8399999737739563,4500,0.0,0.0
2015-04-17 00:00:00-04:00,0.8399999737739563,0.8399999737739563,0.8399999737739563,0.8399999737739563,36,0.0,0.0
2015-04-20 00:00:00-04:00,0.8414000272750854,0.8414000272750854,0.8414000272750854,0.8414000272750854,14,0.0,0.0
2015-04-21 00:00:00-04:00,0.8414000272750854,0.8414000272750854,0.8414000272750854,0.8414000272750854,0,0.0,0.0
2015-04-22 00:00:00-04:00,0.8679999709129333,0.9800000190734863,0.8414000272750854,0.8414000272750854,2029,0.0,0.0
2015-04-23 00:00:00-04:00,0.9100000262260437,0.9100000262260437,0.902999997138977,0.902999997138977,1786,0.0,0.0
2015-04-24 00:00:00-04:00,0.902999997138977,0.902999997138977,0.902999997138977,0.902999997138977,0,0.0,0.0
2015-04-27 00:00:00-04:00,0.9100000262260437,1.0779999494552612,0.9100000262260437,1.0779999494552612,3900,0.0,0.0
2015-04-28 00:00:00-04:00,1.0779999494552612,1.0779999494552612,1.0779999494552612,1.0779999494552612,0,0.0,0.0
2015-04-29 00:00:00-04:00,1.0779999494552612,1.0779999494552612,1.0779999494552612,1.0779999494552612,0,0.0,0.0
2015-04-30 00:00:00-04:00,1.0779999494552612,1.0779999494552612,1.0779999494552612,1.0779999494552612,0,0.0,0.0
2015-05-01 00:00:00-04:00,1.0779999494552612,1.0779999494552612,1.0779999494552612,1.0779999494552612,0,0.0,0.0
2015-05-04 00:00:00-04:00,0.9100000262260437,0.9100000262260437,0.9100000262260437,0.9100000262260437,143,0.0,0.0
2015-05-05 00:00:00-04:00,0.9100000262260437,0.9100000262260437,0.9100000262260437,0.9100000262260437,0,0.0,0.0
2015-05-06 00:00:00-04:00,0.8428000211715698,0.8428000211715698,0.8399999737739563,0.8399999737739563,3436,0.0,0.0
2015-05-07 00:00:00-04:00,0.8399999737739563,0.8399999737739563,0.8399999737739563,0.8399999737739563,0,0.0,0.0
2015-05-08 00:00:00-04:00,0.8399999737739563,0.8399999737739563,0.8399999737739563,0.8399999737739563,0,0.0,0.0
2015-05-11 00:00:00-04:00,0.8399999737739563,0.8399999737739563,0.8399999737739563,0.8399999737739563,0,0.0,0.0
2015-05-12 00:00:00-04:00,1.0612000226974487,1.1059999465942383,0.8679999709129333,1.1059999465942383,5714,0.0,0.0
2015-05-13 00:00:00-04:00,0.8414000272750854,0.8414000272750854,0.8399999737739563,0.8399999737739563,2357,0.0,0.0
2015-05-14 00:00:00-04:00,1.0793999433517456,1.0793999433517456,1.0793999433517456,1.0793999433517456,71,0.0,0.0
2015-05-15 00:00:00-04:00,0.9800000190734863,1.1059999465942383,0.9800000190734863,1.1059999465942383,357,0.0,0.0
2015-05-18 00:00:00-04:00,1.1059999465942383,1.1059999465942383,1.1059999465942383,1.1059999465942383,0,0.0,0.0
2015-05-19 00:00:00-04:00,1.1059999465942383,1.1059999465942383,1.1059999465942383,1.1059999465942383,71,0.0,0.0
2015-05-20 00:00:00-04:00,0.9800000190734863,0.9800000190734863,0.9800000190734863,0.9800000190734863,714,0.0,0.0
2015-05-21 00:00:00-04:00,0.9100000262260437,0.9800000190734863,0.9100000262260437,0.9800000190734863,5114,0.0,0.0
2015-05-22 00:00:00-04:00,0.9800000190734863,1.6799999475479126,0.9800000190734863,1.5399999618530273,24314,0.0,0.0
2015-05-26 00:00:00-04:00,1.5399999618530273,1.6799999475479126,1.5399999618530273,1.6799999475479126,3314,0.0,0.0
2015-05-27 00:00:00-04:00,1.1480000019073486,1.5260000228881836,1.0850000381469727,1.5260000228881836,2293,0.0,0.0
2015-05-28 00:00:00-04:00,1.5260000228881836,1.5260000228881836,1.5260000228881836,1.5260000228881836,0,0.0,0.0
2015-05-29 00:00:00-04:00,1.399999976158142,1.4700000286102295,1.399999976158142,1.4700000286102295,1571,0.0,0.0
2015-06-01 00:00:00-04:00,1.4700000286102295,1.4700000286102295,1.4700000286102295,1.4700000286102295,2429,0.0,0.0
2015-06-02 00:00:00-04:00,1.4700000286102295,1.4700000286102295,1.4700000286102295,1.4700000286102295,0,0.0,0.0
2015-06-03 00:00:00-04:00,1.4700000286102295,1.4700000286102295,1.4700000286102295,1.4700000286102295,0,0.0,0.0
2015-06-04 00:00:00-04:00,1.4700000286102295,1.4700000286102295,1.4700000286102295,1.4700000286102295,0,0.0,0.0
2015-06-05 00:00:00-04:00,1.399999976158142,1.4700000286102295,1.399999976158142,1.4700000286102295,1786,0.0,0.0
2015-06-08 00:00:00-04:00,1.5119999647140503,1.5119999647140503,1.5119999647140503,1.5119999647140503,371,0.0,0.0
2015-06-09 00:00:00-04:00,1.4700000286102295,1.4700000286102295,1.4700000286102295,1.4700000286102295,357,0.0,0.0
2015-06-10 00:00:00-04:00,1.4420000314712524,1.4420000314712524,1.399999976158142,1.399999976158142,4029,0.0,0.0
2015-06-11 00:00:00-04:00,1.399999976158142,1.399999976158142,1.399999976158142,1.399999976158142,0,0.0,0.0
2015-06-12 00:00:00-04:00,1.399999976158142,1.399999976158142,1.399999976158142,1.399999976158142,0,0.0,0.0
2015-06-15 00:00:00-04:00,1.399999976158142,1.399999976158142,1.399999976158142,1.399999976158142,0,0.0,0.0
2015-06-16 00:00:00-04:00,1.399999976158142,1.399999976158142,1.399999976158142,1.399999976158142,0,0.0,0.0
2015-06-17 00:00:00-04:00,1.399999976158142,1.399999976158142,1.399999976158142,1.399999976158142,0,0.0,0.0
2015-06-18 00:00:00-04:00,1.399999976158142,1.4700000286102295,1.399999976158142,1.4700000286102295,4393,0.0,0.0
2015-06-19 00:00:00-04:00,1.4700000286102295,1.5119999647140503,1.4700000286102295,1.5119999647140503,2357,0.0,0.0
2015-06-22 00:00:00-04:00,1.5260000228881836,1.6799999475479126,1.5260000228881836,1.5399999618530273,1586,0.0,0.0
2015-06-23 00:00:00-04:00,1.5399999618530273,1.5399999618530273,1.5399999618530273,1.5399999618530273,0,0.0,0.0
2015-06-24 00:00:00-04:00,1.5399999618530273,1.6799999475479126,1.5399999618530273,1.6799999475479126,3286,0.0,0.0
2015-06-25 00:00:00-04:00,1.5399999618530273,1.6799999475479126,1.5399999618530273,1.6799999475479126,436,0.0,0.0
2015-06-26 00:00:00-04:00,1.399999976158142,1.399999976158142,1.399999976158142,1.399999976158142,357,0.0,0.0
2015-06-29 00:00:00-04:00,1.1200000047683716,1.36080002784729,0.9940000176429749,1.3300000429153442,15714,0.0,0.0
2015-06-30 00:00:00-04:00,1.190000057220459,1.190000057220459,1.190000057220459,1.190000057220459,1786,0.0,0.0
2015-07-01 00:00:00-04:00,1.190000057220459,1.190000057220459,1.190000057220459,1.190000057220459,1643,0.0,0.0
2015-07-02 00:00:00-04:00,1.190000057220459,1.190000057220459,1.190000057220459,1.190000057220459,714,0.0,0.0
2015-07-06 00:00:00-04:00,1.190000057220459,1.190000057220459,1.190000057220459,1.190000057220459,0,0.0,0.0
2015-07-07 00:00:00-04:00,1.190000057220459,1.190000057220459,1.190000057220459,1.190000057220459,0,0.0,0.0
2015-07-08 00:00:00-04:00,1.190000057220459,1.190000057220459,1.190000057220459,1.190000057220459,0,0.0,0.0
2015-07-09 00:00:00-04:00,1.1759999990463257,1.1759999990463257,1.1759999990463257,1.1759999990463257,2500,0.0,0.0
2015-07-10 00:00:00-04:00,1.1759999990463257,1.1759999990463257,1.1759999990463257,1.1759999990463257,0,0.0,0.0
2015-07-13 00:00:00-04:00,1.1759999990463257,1.1759999990463257,1.1759999990463257,1.1759999990463257,0,0.0,0.0
2015-07-14 00:00:00-04:00,1.1759999990463257,1.1759999990463257,1.1759999990463257,1.1759999990463257,0,0.0,0.0
2015-07-15 00:00:00-04:00,1.1759999990463257,1.1759999990463257,1.1619999408721924,1.1759999990463257,5207,0.0,0.0
2015-07-16 00:00:00-04:00,1.1759999990463257,1.1759999990463257,1.1759999990463257,1.1759999990463257,0,0.0,0.0
2015-07-17 00:00:00-04:00,1.343999981880188,1.343999981880188,1.343999981880188,1.343999981880188,3000,0.0,0.0
2015-07-20 00:00:00-04:00,1.2599999904632568,1.2599999904632568,1.2599999904632568,1.2599999904632568,357,0.0,0.0
2015-07-21 00:00:00-04:00,1.2599999904632568,1.2599999904632568,1.2599999904632568,1.2599999904632568,1071,0.0,0.0
2015-07-22 00:00:00-04:00,1.2599999904632568,1.2599999904632568,1.2599999904632568,1.2599999904632568,0,0.0,0.0
2015-07-23 00:00:00-04:00,1.2599999904632568,1.2599999904632568,1.2599999904632568,1.2599999904632568,0,0.0,0.0
2015-07-24 00:00:00-04:00,1.2319999933242798,1.2319999933242798,1.2319999933242798,1.2319999933242798,714,0.0,0.0
2015-07-27 00:00:00-04:00,1.2599999904632568,1.2599999904632568,1.1200000047683716,1.1200000047683716,2714,0.0,0.0
2015-07-28 00:00:00-04:00,1.1200000047683716,1.1200000047683716,1.1200000047683716,1.1200000047683716,0,0.0,0.0
2015-07-29 00:00:00-04:00,1.1480000019073486,1.1480000019073486,1.1200000047683716,1.1200000047683716,1393,0.0,0.0
2015-07-30 00:00:00-04:00,1.1480000019073486,1.1480000019073486,1.1059999465942383,1.1200000047683716,3157,0.0,0.0
2015-07-31 00:00:00-04:00,1.1200000047683716,1.2599999904632568,1.1200000047683716,1.2599999904632568,5357,0.0,0.0
2015-08-03 00:00:00-04:00,1.121399998664856,1.190000057220459,1.121399998664856,1.190000057220459,1257,0.0,0.0
2015-08-04 00:00:00-04:00,1.190000057220459,1.190000057220459,1.1200000047683716,1.1619999408721924,4929,0.0,0.0
2015-08-05 00:00:00-04:00,1.2740000486373901,1.2740000486373901,1.2740000486373901,1.2740000486373901,143,0.0,0.0
2015-08-06 00:00:00-04:00,1.1619999408721924,1.1619999408721924,1.0640000104904175,1.1619999408721924,6571,0.0,0.0
2015-08-07 00:00:00-04:00,1.1619999408721924,1.1619999408721924,1.1619999408721924,1.1619999408721924,0,0.0,0.0
2015-08-10 00:00:00-04:00,1.1200000047683716,1.1200000047683716,1.1200000047683716,1.1200000047683716,7,0.0,0.0
2015-08-11 00:00:00-04:00,1.1200000047683716,1.1200000047683716,1.1200000047683716,1.1200000047683716,0,0.0,0.0
2015-08-12 00:00:00-04:00,1.1200000047683716,1.1200000047683716,1.1200000047683716,1.1200000047683716,0,0.0,0.0
2015-08-13 00:00:00-04:00,1.1619999408721924,1.1619999408721924,1.1172000169754028,1.1172000169754028,857,0.0,0.0
2015-08-14 00:00:00-04:00,1.1200000047683716,1.1200000047683716,1.1172000169754028,1.1172000169754028,793,0.0,0.0
2015-08-17 00:00:00-04:00,1.0920000076293945,1.0920000076293945,0.9940000176429749,1.0499999523162842,4850,0.0,0.0
2015-08-18 00:00:00-04:00,1.0499999523162842,1.0499999523162842,1.0499999523162842,1.0499999523162842,0,0.0,0.0
2015-08-19 00:00:00-04:00,1.0499999523162842,1.0499999523162842,1.0499999523162842,1.0499999523162842,0,0.0,0.0
2015-08-20 00:00:00-04:00,1.0499999523162842,1.0499999523162842,1.0499999523162842,1.0499999523162842,0,0.0,0.0
2015-08-21 00:00:00-04:00,1.0499999523162842,1.0499999523162842,1.0499999523162842,1.0499999523162842,714,0.0,0.0
2015-08-24 00:00:00-04:00,0.9800000190734863,0.9800000190734863,0.9800000190734863,0.9800000190734863,164,0.0,0.0
2015-08-25 00:00:00-04:00,0.9800000190734863,0.9800000190734863,0.9800000190734863,0.9800000190734863,0,0.0,0.0
2015-08-26 00:00:00-04:00,0.9800000190734863,0.9800000190734863,0.9800000190734863,0.9800000190734863,0,0.0,0.0
2015-08-27 00:00:00-04:00,0.9800000190734863,0.9800000190734863,0.9800000190734863,0.9800000190734863,0,0.0,0.0
2015-08-28 00:00:00-04:00,0.9800000190734863,0.9800000190734863,0.9800000190734863,0.9800000190734863,0,0.0,0.0
2015-08-31 00:00:00-04:00,0.9800000190734863,0.9800000190734863,0.9800000190734863,0.9800000190734863,0,0.0,0.0
2015-09-01 00:00:00-04:00,0.9800000190734863,0.9800000190734863,0.9800000190734863,0.9800000190734863,0,0.0,0.0
2015-09-02 00:00:00-04:00,0.9800000190734863,0.9800000190734863,0.9800000190734863,0.9800000190734863,0,0.0,0.0
2015-09-03 00:00:00-04:00,0.9800000190734863,0.9800000190734863,0.9800000190734863,0.9800000190734863,0,0.0,0.0
2015-09-04 00:00:00-04:00,0.9800000190734863,0.9800000190734863,0.9800000190734863,0.9800000190734863,0,0.0,0.0
2015-09-08 00:00:00-04:00,0.9800000190734863,0.9800000190734863,0.9800000190734863,0.9800000190734863,0,0.0,0.0
2015-09-09 00:00:00-04:00,0.9800000190734863,0.9800000190734863,0.9800000190734863,0.9800000190734863,0,0.0,0.0
2015-09-10 00:00:00-04:00,0.9800000190734863,0.9800000190734863,0.9800000190734863,0.9800000190734863,0,0.0,0.0
2015-09-11 00:00:00-04:00,1.0080000162124634,1.0360000133514404,1.0080000162124634,1.030400037765503,364,0.0,0.0
2015-09-14 00:00:00-04:00,1.0499999523162842,1.0499999523162842,1.0485999584197998,1.0499999523162842,3571,0.0,0.0
2015-09-15 00:00:00-04:00,1.0709999799728394,1.0709999799728394,1.0360000133514404,1.0360000133514404,764,0.0,0.0
2015-09-16 00:00:00-04:00,1.1059999465942383,1.2599999904632568,1.1059999465942383,1.2599999904632568,8257,0.0,0.0
2015-09-17 00:00:00-04:00,1.2599999904632568,1.2599999904632568,1.2599999904632568,1.2599999904632568,0,0.0,0.0
2015-09-18 00:00:00-04:00,1.2599999904632568,1.2599999904632568,1.2599999904632568,1.2599999904632568,714,0.0,0.0
2015-09-21 00:00:00-04:00,1.2599999904632568,1.2599999904632568,1.2599999904632568,1.2599999904632568,714,0.0,0.0
2015-09-22 00:00:00-04:00,1.2599999904632568,1.2599999904632568,1.2599999904632568,1.2599999904632568,0,0.0,0.0
2015-09-23 00:00:00-04:00,1.2599999904632568,1.2599999904632568,1.2599999904632568,1.2599999904632568,0,0.0,0.0
2015-09-24 00:00:00-04:00,1.2599999904632568,1.2599999904632568,1.2599999904632568,1.2599999904632568,0,0.0,0.0
2015-09-25 00:00:00-04:00,1.2599999904632568,1.2599999904632568,1.2599999904632568,1.2599999904632568,7557,0.0,0.0
2015-09-28 00:00:00-04:00,1.2599999904632568,1.2599999904632568,1.2599999904632568,1.2599999904632568,0,0.0,0.0
2015-09-29 00:00:00-04:00,1.3300000429153442,1.399999976158142,1.3300000429153442,1.399999976158142,1293,0.0,0.0
2015-09-30 00:00:00-04:00,1.3300000429153442,1.3300000429153442,1.3300000429153442,1.3300000429153442,714,0.0,0.0
2015-10-01 00:00:00-04:00,1.3300000429153442,1.3300000429153442,1.3300000429153442,1.3300000429153442,0,0.0,0.0
2015-10-02 00:00:00-04:00,1.3300000429153442,1.3300000429153442,1.3300000429153442,1.3300000429153442,0,0.0,0.0
2015-10-05 00:00:00-04:00,1.3229999542236328,1.3300000429153442,1.3229999542236328,1.3300000429153442,1429,0.0,0.0
2015-10-06 00:00:00-04:00,1.3300000429153442,1.3300000429153442,1.3300000429153442,1.3300000429153442,0,0.0,0.0
2015-10-07 00:00:00-04:00,1.3300000429153442,1.3300000429153442,1.3300000429153442,1.3300000429153442,0,0.0,0.0
2015-10-08 00:00:00-04:00,1.399999976158142,1.399999976158142,1.399999976158142,1.399999976158142,536,0.0,0.0
2015-10-09 00:00:00-04:00,1.399999976158142,1.399999976158142,1.399999976158142,1.399999976158142,0,0.0,0.0
2015-10-12 00:00:00-04:00,1.2599999904632568,1.2599999904632568,1.2599999904632568,1.2599999904632568,3214,0.0,0.0
2015-10-13 00:00:00-04:00,1.2599999904632568,1.2599999904632568,1.2599999904632568,1.2599999904632568,200,0.0,0.0
2015-10-14 00:00:00-04:00,1.2599999904632568,1.2599999904632568,1.2599999904632568,1.2599999904632568,0,0.0,0.0
2015-10-15 00:00:00-04:00,1.2599999904632568,1.2599999904632568,1.2599999904632568,1.2599999904632568,7,0.0,0.0
2015-10-16 00:00:00-04:00,1.2599999904632568,1.2599999904632568,1.2599999904632568,1.2599999904632568,0,0.0,0.0
2015-10-19 00:00:00-04:00,1.2599999904632568,1.2599999904632568,1.2599999904632568,1.2599999904632568,0,0.0,0.0
2015-10-20 00:00:00-04:00,1.2599999904632568,1.2599999904632568,1.2599999904632568,1.2599999904632568,0,0.0,0.0
2015-10-21 00:00:00-04:00,1.2599999904632568,1.2599999904632568,1.2599999904632568,1.2599999904632568,0,0.0,0.0
2015-10-22 00:00:00-04:00,1.2599999904632568,1.2599999904632568,1.2599999904632568,1.2599999904632568,0,0.0,0.0
2015-10-23 00:00:00-04:00,1.3300000429153442,1.3300000429153442,1.3300000429153442,1.3300000429153442,543,0.0,0.0
2015-10-26 00:00:00-04:00,1.3300000429153442,1.3300000429153442,1.3300000429153442,1.3300000429153442,0,0.0,0.0
2015-10-27 00:00:00-04:00,1.3300000429153442,1.3300000429153442,1.3300000429153442,1.3300000429153442,0,0.0,0.0
2015-10-28 00:00:00-04:00,1.3300000429153442,1.3300000429153442,1.3300000429153442,1.3300000429153442,0,0.0,0.0
2015-10-29 00:00:00-04:00,1.2599999904632568,1.2599999904632568,1.2599999904632568,1.2599999904632568,3214,0.0,0.0
2015-10-30 00:00:00-04:00,1.2599999904632568,1.2599999904632568,1.2599999904632568,1.2599999904632568,1786,0.0,0.0
2015-11-02 00:00:00-05:00,1.2599999904632568,1.2599999904632568,1.2599999904632568,1.2599999904632568,486,0.0,0.0
2015-11-03 00:00:00-05:00,1.2599999904632568,1.2599999904632568,1.2599999904632568,1.2599999904632568,0,0.0,0.0
2015-11-04 00:00:00-05:00,1.2599999904632568,1.2599999904632568,1.2599999904632568,1.2599999904632568,0,0.0,0.0
2015-11-05 00:00:00-05:00,1.2669999599456787,1.2740000486373901,1.2599999904632568,1.2599999904632568,5529,0.0,0.0
2015-11-06 00:00:00-05:00,1.2599999904632568,1.2599999904632568,1.2599999904632568,1.2599999904632568,0,0.0,0.0
2015-11-09 00:00:00-05:00,1.2599999904632568,1.2599999904632568,1.2599999904632568,1.2599999904632568,0,0.0,0.0
2015-11-10 00:00:00-05:00,1.3300000429153442,1.3300000429153442,1.3300000429153442,1.3300000429153442,64,0.0,0.0
2015-11-11 00:00:00-05:00,1.2879999876022339,1.2879999876022339,1.2879999876022339,1.2879999876022339,714,0.0,0.0
2015-11-12 00:00:00-05:00,1.2879999876022339,1.2879999876022339,1.2879999876022339,1.2879999876022339,0,0.0,0.0
2015-11-13 00:00:00-05:00,1.292199969291687,1.292199969291687,1.2879999876022339,1.2879999876022339,1429,0.0,0.0
2015-11-16 00:00:00-05:00,1.2879999876022339,1.2879999876022339,1.2879999876022339,1.2879999876022339,0,0.0,0.0
2015-11-17 00:00:00-05:00,1.2879999876022339,1.2879999876022339,1.2879999876022339,1.2879999876022339,0,0.0,0.0
2015-11-18 00:00:00-05:00,1.3300000429153442,1.3300000429153442,1.3300000429153442,1.3300000429153442,71,0.0,0.0
2015-11-19 00:00:00-05:00,1.3300000429153442,1.3300000429153442,1.3286000490188599,1.3286000490188599,186,0.0,0.0
2015-11-20 00:00:00-05:00,1.2599999904632568,1.2879999876022339,1.2599999904632568,1.2879999876022339,1414,0.0,0.0
2015-11-23 00:00:00-05:00,1.2879999876022339,1.2879999876022339,1.2879999876022339,1.2879999876022339,0,0.0,0.0
2015-11-24 00:00:00-05:00,1.2879999876022339,1.399999976158142,1.2879999876022339,1.3300000429153442,3086,0.0,0.0
2015-11-25 00:00:00-05:00,1.3300000429153442,1.3300000429153442,1.3300000429153442,1.3300000429153442,0,0.0,0.0
2015-11-27 00:00:00-05:00,1.3300000429153442,1.3300000429153442,1.3300000429153442,1.3300000429153442,0,0.0,0.0
2015-11-30 00:00:00-05:00,1.3300000429153442,1.3300000429153442,1.3300000429153442,1.3300000429153442,2071,0.0,0.0
2015-12-01 00:00:00-05:00,1.3300000429153442,1.3300000429153442,1.3300000429153442,1.3300000429153442,207,0.0,0.0
2015-12-02 00:00:00-05:00,1.399999976158142,1.399999976158142,1.399999976158142,1.399999976158142,357,0.0,0.0
2015-12-03 00:00:00-05:00,1.5190000534057617,1.5190000534057617,1.3300000429153442,1.3300000429153442,500,0.0,0.0
2015-12-04 00:00:00-05:00,1.3300000429153442,1.3300000429153442,1.3300000429153442,1.3300000429153442,871,0.0,0.0
2015-12-07 00:00:00-05:00,1.3300000429153442,1.3509999513626099,1.2879999876022339,1.3300000429153442,9850,0.0,0.0
2015-12-08 00:00:00-05:00,1.3300000429153442,1.3300000429153442,1.3300000429153442,1.3300000429153442,0,0.0,0.0
2015-12-09 00:00:00-05:00,1.3300000429153442,1.3300000429153442,1.3300000429153442,1.3300000429153442,0,0.0,0.0
2015-12-10 00:00:00-05:00,1.5399999618530273,1.5399999618530273,1.5399999618530273,1.5399999618530273,829,0.0,0.0
2015-12-11 00:00:00-05:00,1.4700000286102295,1.4700000286102295,1.4700000286102295,1.4700000286102295,929,0.0,0.0
2015-12-14 00:00:00-05:00,1.4700000286102295,1.4700000286102295,1.4700000286102295,1.4700000286102295,0,0.0,0.0
2015-12-15 00:00:00-05:00,1.4700000286102295,1.4700000286102295,1.4700000286102295,1.4700000286102295,0,0.0,0.0
2015-12-16 00:00:00-05:00,1.3300000429153442,1.399999976158142,1.3300000429153442,1.399999976158142,3607,0.0,0.0
2015-12-17 00:00:00-05:00,1.399999976158142,1.399999976158142,1.399999976158142,1.399999976158142,0,0.0,0.0
2015-12-18 00:00:00-05:00,1.3314000368118286,1.399999976158142,1.3314000368118286,1.399999976158142,864,0.0,0.0
2015-12-21 00:00:00-05:00,1.5399999618530273,1.5399999618530273,1.5260000228881836,1.5399999618530273,4493,0.0,0.0
2015-12-22 00:00:00-05:00,1.5399999618530273,1.5399999618530273,1.5399999618530273,1.5399999618530273,0,0.0,0.0
2015-12-23 00:00:00-05:00,1.5399999618530273,1.5399999618530273,1.5399999618530273,1.5399999618530273,0,0.0,0.0
2015-12-24 00:00:00-05:00,1.5399999618530273,1.5399999618530273,1.5399999618530273,1.5399999618530273,0,0.0,0.0
2015-12-28 00:00:00-05:00,1.5399999618530273,1.5399999618530273,1.5399999618530273,1.5399999618530273,0,0.0,0.0
2015-12-29 00:00:00-05:00,1.5399999618530273,1.5399999618530273,1.5399999618530273,1.5399999618530273,0,0.0,0.0
2015-12-30 00:00:00-05:00,1.399999976158142,1.399999976158142,1.399999976158142,1.399999976158142,2879,0.0,0.0
2015-12-31 00:00:00-05:00,1.399999976158142,1.399999976158142,1.399999976158142,1.399999976158142,0,0.0,0.0
2016-01-04 00:00:00-05:00,1.399999976158142,1.399999976158142,1.399999976158142,1.399999976158142,0,0.0,0.0
2016-01-05 00:00:00-05:00,1.399999976158142,1.399999976158142,1.399999976158142,1.399999976158142,0,0.0,0.0
2016-01-06 00:00:00-05:00,1.315999984741211,1.315999984741211,1.315999984741211,1.315999984741211,150,0.0,0.0
2016-01-07 00:00:00-05:00,1.315999984741211,1.315999984741211,1.315999984741211,1.315999984741211,7029,0.0,0.0
2016-01-08 00:00:00-05:00,1.315999984741211,1.315999984741211,1.315999984741211,1.315999984741211,0,0.0,0.0
2016-01-11 00:00:00-05:00,1.2879999876022339,1.2879999876022339,1.2599999904632568,1.2599999904632568,4157,0.0,0.0
2016-01-12 00:00:00-05:00,1.2599999904632568,1.2599999904632568,1.2599999904632568,1.2599999904632568,0,0.0,0.0
2016-01-13 00:00:00-05:00,1.2599999904632568,1.2599999904632568,1.2599999904632568,1.2599999904632568,221,0.0,0.0
2016-01-14 00:00:00-05:00,1.2599999904632568,1.2599999904632568,1.2599999904632568,1.2599999904632568,0,0.0,0.0
2016-01-15 00:00:00-05:00,1.3300000429153442,1.3300000429153442,1.3300000429153442,1.3300000429153442,864,0.0,0.0
2016-01-19 00:00:00-05:00,1.3370000123977661,1.3370000123977661,1.3300000429153442,1.3300000429153442,571,0.0,0.0
2016-01-20 00:00:00-05:00,1.3300000429153442,1.3300000429153442,1.3300000429153442,1.3300000429153442,714,0.0,0.0
2016-01-21 00:00:00-05:00,1.3300000429153442,1.3300000429153442,1.3300000429153442,1.3300000429153442,0,0.0,0.0
2016-01-22 00:00:00-05:00,1.3300000429153442,1.3300000429153442,1.3300000429153442,1.3300000429153442,0,0.0,0.0
2016-01-25 00:00:00-05:00,1.3300000429153442,1.3300000429153442,1.3300000429153442,1.3300000429153442,0,0.0,0.0
2016-01-26 00:00:00-05:00,1.3300000429153442,1.3300000429153442,1.3300000429153442,1.3300000429153442,79,0.0,0.0
2016-01-27 00:00:00-05:00,1.3300000429153442,1.3300000429153442,1.3300000429153442,1.3300000429153442,0,0.0,0.0
2016-01-28 00:00:00-05:00,1.378999948501587,1.399999976158142,1.378999948501587,1.399999976158142,1429,0.0,0.0
2016-01-29 00:00:00-05:00,1.4630000591278076,1.4700000286102295,1.4630000591278076,1.4700000286102295,714,0.0,0.0
2016-02-01 00:00:00-05:00,1.4700000286102295,1.4700000286102295,1.4700000286102295,1.4700000286102295,0,0.0,0.0
2016-02-02 00:00:00-05:00,1.5820000171661377,1.5820000171661377,1.5820000171661377,1.5820000171661377,357,0.0,0.0
2016-02-03 00:00:00-05:00,1.5820000171661377,1.5820000171661377,1.5820000171661377,1.5820000171661377,0,0.0,0.0
2016-02-04 00:00:00-05:00,1.5820000171661377,1.5820000171661377,1.5820000171661377,1.5820000171661377,0,0.0,0.0
2016-02-05 00:00:00-05:00,1.6100000143051147,1.6100000143051147,1.6100000143051147,1.6100000143051147,1000,0.0,0.0
2016-02-08 00:00:00-05:00,1.6100000143051147,1.6100000143051147,1.6100000143051147,1.6100000143051147,0,0.0,0.0
2016-02-09 00:00:00-05:00,1.6100000143051147,1.6100000143051147,1.6100000143051147,1.6100000143051147,0,0.0,0.0
2016-02-10 00:00:00-05:00,1.5679999589920044,1.5679999589920044,1.5679999589920044,1.5679999589920044,357,0.0,0.0
2016-02-11 00:00:00-05:00,1.5679999589920044,1.5679999589920044,1.5679999589920044,1.5679999589920044,0,0.0,0.0
2016-02-12 00:00:00-05:00,1.4839999675750732,1.4839999675750732,1.4700000286102295,1.4700000286102295,14,0.0,0.0
2016-02-16 00:00:00-05:00,1.4700000286102295,1.4700000286102295,1.4700000286102295,1.4700000286102295,0,0.0,0.0
2016-02-17 00:00:00-05:00,1.4700000286102295,1.4700000286102295,1.4700000286102295,1.4700000286102295,0,0.0,0.0
2016-02-18 00:00:00-05:00,1.3300000429153442,1.3300000429153442,1.3257999420166016,1.3300000429153442,2857,0.0,0.0
2016-02-19 00:00:00-05:00,1.3243999481201172,1.3243999481201172,1.3243999481201172,1.3243999481201172,714,0.0,0.0
2016-02-22 00:00:00-05:00,1.3243999481201172,1.3243999481201172,1.3243999481201172,1.3243999481201172,0,0.0,0.0
2016-02-23 00:00:00-05:00,1.3243999481201172,1.3243999481201172,1.3243999481201172,1.3243999481201172,0,0.0,0.0
2016-02-24 00:00:00-05:00,1.5399999618530273,1.5399999618530273,1.5399999618530273,1.5399999618530273,286,0.0,0.0
2016-02-25 00:00:00-05:00,1.3733999729156494,1.5399999618530273,1.371999979019165,1.371999979019165,2371,0.0,0.0
2016-02-26 00:00:00-05:00,1.399999976158142,1.399999976158142,1.399999976158142,1.399999976158142,500,0.0,0.0
2016-02-29 00:00:00-05:00,1.3300000429153442,1.3300000429153442,1.3300000429153442,1.3300000429153442,500,0.0,0.0
2016-03-01 00:00:00-05:00,1.3300000429153442,1.3300000429153442,1.3300000429153442,1.3300000429153442,0,0.0,0.0
2016-03-02 00:00:00-05:00,1.399999976158142,1.399999976158142,1.3314000368118286,1.3314000368118286,214,0.0,0.0
2016-03-03 00:00:00-05:00,1.399999976158142,1.399999976158142,1.399999976158142,1.399999976158142,79,0.0,0.0
2016-03-04 00:00:00-05:00,1.3930000066757202,1.399999976158142,1.3930000066757202,1.399999976158142,1871,0.0,0.0
2016-03-07 00:00:00-05:00,1.5399999618530273,1.5399999618530273,1.3300000429153442,1.3300000429153442,250,0.0,0.0
2016-03-08 00:00:00-05:00,1.3300000429153442,1.3300000429153442,1.3300000429153442,1.3300000429153442,71,0.0,0.0
2016-03-09 00:00:00-05:00,1.3300000429153442,1.3300000429153442,1.3300000429153442,1.3300000429153442,79,0.0,0.0
2016-03-10 00:00:00-05:00,1.3300000429153442,1.3300000429153442,1.3300000429153442,1.3300000429153442,0,0.0,0.0
2016-03-11 00:00:00-05:00,1.3300000429153442,1.3300000429153442,1.3300000429153442,1.3300000429153442,0,0.0,0.0
2016-03-14 00:00:00-04:00,1.3300000429153442,1.3300000429153442,1.3300000429153442,1.3300000429153442,0,0.0,0.0
2016-03-15 00:00:00-04:00,1.3300000429153442,1.3300000429153442,1.3300000429153442,1.3300000429153442,0,0.0,0.0
2016-03-16 00:00:00-04:00,1.399999976158142,1.399999976158142,1.3300000429153442,1.3300000429153442,2286,0.0,0.0
2016-03-17 00:00:00-04:00,1.3300000429153442,1.3300000429153442,1.3300000429153442,1.3300000429153442,0,0.0,0.0
2016-03-18 00:00:00-04:00,1.2599999904632568,1.2599999904632568,1.2599999904632568,1.2599999904632568,321,0.0,0.0
2016-03-21 00:00:00-04:00,1.2599999904632568,1.2599999904632568,1.2599999904632568,1.2599999904632568,0,0.0,0.0
2016-03-22 00:00:00-04:00,1.399999976158142,1.399999976158142,1.399999976158142,1.399999976158142,143,0.0,0.0
2016-03-23 00:00:00-04:00,1.399999976158142,1.399999976158142,1.399999976158142,1.399999976158142,0,0.0,0.0
2016-03-24 00:00:00-04:00,1.399999976158142,1.399999976158142,1.399999976158142,1.399999976158142,0,0.0,0.0
2016-03-28 00:00:00-04:00,1.399999976158142,1.399999976158142,1.399999976158142,1.399999976158142,0,0.0,0.0
2016-03-29 00:00:00-04:00,1.399999976158142,1.399999976158142,1.399999976158142,1.399999976158142,0,0.0,0.0
2016-03-30 00:00:00-04:00,1.399999976158142,1.399999976158142,1.399999976158142,1.399999976158142,929,0.0,0.0
2016-03-31 00:00:00-04:00,1.5399999618530273,1.5399999618530273,1.4321999549865723,1.5399999618530273,2229,0.0,0.0
2016-04-01 00:00:00-04:00,1.5399999618530273,1.5399999618530273,1.5399999618530273,1.5399999618530273,0,0.0,0.0
2016-04-04 00:00:00-04:00,1.399999976158142,1.399999976158142,1.1759999990463257,1.1759999990463257,2786,0.0,0.0
2016-04-05 00:00:00-04:00,1.1759999990463257,1.1759999990463257,1.1759999990463257,1.1759999990463257,0,0.0,0.0
2016-04-06 00:00:00-04:00,1.1759999990463257,1.1759999990463257,1.1759999990463257,1.1759999990463257,0,0.0,0.0
2016-04-07 00:00:00-04:00,1.3874000310897827,1.399999976158142,1.26419997215271,1.26419997215271,250,0.0,0.0
2016-04-08 00:00:00-04:00,1.26419997215271,1.26419997215271,1.26419997215271,1.26419997215271,79,0.0,0.0
2016-04-11 00:00:00-04:00,1.3874000310897827,1.399999976158142,1.3874000310897827,1.399999976158142,1186,0.0,0.0
2016-04-12 00:00:00-04:00,1.399999976158142,1.399999976158142,1.399999976158142,1.399999976158142,0,0.0,0.0
2016-04-13 00:00:00-04:00,1.399999976158142,1.399999976158142,1.399999976158142,1.399999976158142,0,0.0,0.0
2016-04-14 00:00:00-04:00,1.399999976158142,1.399999976158142,1.399999976158142,1.399999976158142,0,0.0,0.0
2016-04-15 00:00:00-04:00,1.399999976158142,1.399999976158142,1.399999976158142,1.399999976158142,0,0.0,0.0
2016-04-18 00:00:00-04:00,1.399999976158142,1.399999976158142,1.3300000429153442,1.399999976158142,886,0.0,0.0
2016-04-19 00:00:00-04:00,1.399999976158142,1.399999976158142,1.399999976158142,1.399999976158142,0,0.0,0.0
2016-04-20 00:00:00-04:00,1.399999976158142,1.399999976158142,1.399999976158142,1.399999976158142,0,0.0,0.0
2016-04-21 00:00:00-04:00,1.399999976158142,1.399999976158142,1.3971999883651733,1.399999976158142,793,0.0,0.0
2016-04-22 00:00:00-04:00,1.399999976158142,1.399999976158142,1.399999976158142,1.399999976158142,336,0.0,0.0
2016-04-25 00:00:00-04:00,1.399999976158142,1.399999976158142,1.399999976158142,1.399999976158142,0,0.0,0.0
2016-04-26 00:00:00-04:00,1.399999976158142,1.399999976158142,1.399999976158142,1.399999976158142,0,0.0,0.0
2016-04-27 00:00:00-04:00,1.399999976158142,1.399999976158142,1.399999976158142,1.399999976158142,0,0.0,0.0
2016-04-28 00:00:00-04:00,1.399999976158142,1.399999976158142,1.399999976158142,1.399999976158142,0,0.0,0.0
2016-04-29 00:00:00-04:00,1.399999976158142,1.399999976158142,1.399999976158142,1.399999976158142,0,0.0,0.0
2016-05-02 00:00:00-04:00,1.399999976158142,1.399999976158142,1.399999976158142,1.399999976158142,0,0.0,0.0
2016-05-03 00:00:00-04:00,1.371999979019165,1.371999979019165,1.371999979019165,1.371999979019165,714,0.0,0.0
2016-05-04 00:00:00-04:00,1.371999979019165,1.371999979019165,1.371999979019165,1.371999979019165,0,0.0,0.0
2016-05-05 00:00:00-04:00,1.3370000123977661,1.3370000123977661,1.315999984741211,1.315999984741211,736,0.0,0.0
2016-05-06 00:00:00-04:00,1.315999984741211,1.315999984741211,1.315999984741211,1.315999984741211,0,0.0,0.0
2016-05-09 00:00:00-04:00,1.315999984741211,1.399999976158142,0.8399999737739563,1.2599999904632568,16536,0.0,0.0
2016-05-10 00:00:00-04:00,1.2599999904632568,1.2599999904632568,1.2599999904632568,1.2599999904632568,0,0.0,0.0
2016-05-11 00:00:00-04:00,1.399999976158142,1.399999976158142,1.3832000494003296,1.399999976158142,9500,0.0,0.0
2016-05-12 00:00:00-04:00,1.399999976158142,1.399999976158142,1.399999976158142,1.399999976158142,0,0.0,0.0
2016-05-13 00:00:00-04:00,1.399999976158142,1.399999976158142,1.399999976158142,1.399999976158142,86,0.0,0.0
2016-05-16 00:00:00-04:00,1.399999976158142,1.399999976158142,1.399999976158142,1.399999976158142,0,0.0,0.0
2016-05-17 00:00:00-04:00,1.399999976158142,1.399999976158142,1.399999976158142,1.399999976158142,0,0.0,0.0
2016-05-18 00:00:00-04:00,1.5568000078201294,1.5568000078201294,1.5399999618530273,1.5399999618530273,107507,0.0,0.0
2016-05-19 00:00:00-04:00,1.5399999618530273,1.5399999618530273,1.5399999618530273,1.5399999618530273,64,0.0,0.0
2016-05-20 00:00:00-04:00,1.5399999618530273,1.5399999618530273,1.5399999618530273,1.5399999618530273,0,0.0,0.0
2016-05-23 00:00:00-04:00,1.5399999618530273,1.5399999618530273,1.5399999618530273,1.5399999618530273,0,0.0,0.0
2016-05-24 00:00:00-04:00,1.5399999618530273,1.5399999618530273,1.5399999618530273,1.5399999618530273,0,0.0,0.0
2016-05-25 00:00:00-04:00,1.5399999618530273,1.5399999618530273,1.5399999618530273,1.5399999618530273,0,0.0,0.0
2016-05-26 00:00:00-04:00,1.5399999618530273,1.5399999618530273,1.5399999618530273,1.5399999618530273,0,0.0,0.0
2016-05-27 00:00:00-04:00,1.5399999618530273,1.5399999618530273,1.5399999618530273,1.5399999618530273,0,0.0,0.0
2016-05-31 00:00:00-04:00,1.399999976158142,1.399999976158142,1.399999976158142,1.399999976158142,4643,0.0,0.0
2016-06-01 00:00:00-04:00,1.399999976158142,1.4700000286102295,1.1200000047683716,1.3580000400543213,5879,0.0,0.0
2016-06-02 00:00:00-04:00,1.3580000400543213,1.3580000400543213,1.3580000400543213,1.3580000400543213,0,0.0,0.0
2016-06-03 00:00:00-04:00,1.2599999904632568,1.2613999843597412,1.1200000047683716,1.2599999904632568,7650,0.0,0.0
2016-06-06 00:00:00-04:00,1.190000057220459,1.6086000204086304,1.190000057220459,1.6086000204086304,186,0.0,0.0
2016-06-07 00:00:00-04:00,1.2740000486373901,1.2740000486373901,1.2599999904632568,1.2613999843597412,1607,0.0,0.0
2016-06-08 00:00:00-04:00,1.2613999843597412,1.2613999843597412,1.2613999843597412,1.2613999843597412,0,0.0,0.0
2016-06-09 00:00:00-04:00,1.2613999843597412,1.2613999843597412,1.2613999843597412,1.2613999843597412,0,0.0,0.0
2016-06-10 00:00:00-04:00,1.2613999843597412,1.2613999843597412,1.2613999843597412,1.2613999843597412,0,0.0,0.0
2016-06-13 00:00:00-04:00,1.268399953842163,1.268399953842163,1.268399953842163,1.268399953842163,679,0.0,0.0
2016-06-14 00:00:00-04:00,1.268399953842163,1.268399953842163,1.268399953842163,1.268399953842163,0,0.0,0.0
2016-06-15 00:00:00-04:00,1.5260000228881836,1.8899999856948853,1.5260000228881836,1.8200000524520874,24936,0.0,0.0
2016-06-16 00:00:00-04:00,1.8200000524520874,2.177000045776367,1.75,2.177000045776367,5579,0.0,0.0
2016-06-17 00:00:00-04:00,2.240000009536743,2.380000114440918,1.8200000524520874,2.2232000827789307,33036,0.0,0.0
2016-06-20 00:00:00-04:00,2.380000114440918,2.799999952316284,2.380000114440918,2.6600000858306885,8164,0.0,0.0
2016-06-21 00:00:00-04:00,2.6600000858306885,2.6600000858306885,2.240000009536743,2.309999942779541,564,0.0,0.0
2016-06-22 00:00:00-04:00,2.309999942779541,2.309999942779541,2.309999942779541,2.309999942779541,0,0.0,0.0
2016-06-23 00:00:00-04:00,2.240000009536743,2.2960000038146973,2.240000009536743,2.2960000038146973,3814,0.0,0.0
2016-06-24 00:00:00-04:00,2.240000009536743,2.240000009536743,1.8200000524520874,1.8200000524520874,800,0.0,0.0
2016-06-27 00:00:00-04:00,2.240000009536743,2.240000009536743,1.9600000381469727,1.9600000381469727,1350,0.0,0.0
2016-06-28 00:00:00-04:00,1.9600000381469727,2.0999999046325684,1.9600000381469727,2.0999999046325684,1521,0.0,0.0
2016-06-29 00:00:00-04:00,2.0999999046325684,2.0999999046325684,2.0999999046325684,2.0999999046325684,1071,0.0,0.0
2016-06-30 00:00:00-04:00,2.0999999046325684,2.0999999046325684,2.0999999046325684,2.0999999046325684,1071,0.0,0.0
2016-07-01 00:00:00-04:00,2.240000009536743,2.240000009536743,1.9600000381469727,1.9600000381469727,1207,0.0,0.0
2016-07-05 00:00:00-04:00,1.9600000381469727,1.9600000381469727,1.9600000381469727,1.9600000381469727,193,0.0,0.0
2016-07-06 00:00:00-04:00,1.9600000381469727,2.5185999870300293,1.9558000564575195,2.5185999870300293,1164,0.0,0.0
2016-07-07 00:00:00-04:00,2.3743999004364014,2.492000102996826,2.3743999004364014,2.492000102996826,179,0.0,0.0
2016-07-08 00:00:00-04:00,2.492000102996826,2.492000102996826,2.492000102996826,2.492000102996826,0,0.0,0.0
2016-07-11 00:00:00-04:00,1.9600000381469727,1.9600000381469727,1.944599986076355,1.9600000381469727,4271,0.0,0.0
2016-07-12 00:00:00-04:00,1.8242000341415405,2.0929999351501465,1.8228000402450562,2.0299999713897705,4607,0.0,0.0
2016-07-13 00:00:00-04:00,1.8242000341415405,2.238600015640259,1.8242000341415405,2.238600015640259,150,0.0,0.0
2016-07-14 00:00:00-04:00,2.238600015640259,2.238600015640259,2.238600015640259,2.238600015640259,0,0.0,0.0
2016-07-15 00:00:00-04:00,2.238600015640259,2.238600015640259,2.238600015640259,2.238600015640259,0,0.0,0.0
2016-07-18 00:00:00-04:00,1.8242000341415405,1.9753999710083008,1.7513999938964844,1.8228000402450562,2671,0.0,0.0
2016-07-19 00:00:00-04:00,1.9459999799728394,1.9459999799728394,1.9459999799728394,1.9459999799728394,71,0.0,0.0
2016-07-20 00:00:00-04:00,1.7934000492095947,2.2119998931884766,1.7920000553131104,1.8339999914169312,1171,0.0,0.0
2016-07-21 00:00:00-04:00,1.8339999914169312,1.8339999914169312,1.8339999914169312,1.8339999914169312,0,0.0,0.0
2016-07-22 00:00:00-04:00,1.8619999885559082,2.0859999656677246,1.8619999885559082,2.0859999656677246,1150,0.0,0.0
2016-07-25 00:00:00-04:00,1.9600000381469727,1.9600000381469727,1.9600000381469727,1.9600000381469727,364,0.0,0.0
2016-07-26 00:00:00-04:00,1.93340003490448,2.197999954223633,1.9320000410079956,2.1965999603271484,1086,0.0,0.0
2016-07-27 00:00:00-04:00,2.1965999603271484,2.1965999603271484,2.1965999603271484,2.1965999603271484,0,0.0,0.0
2016-07-28 00:00:00-04:00,2.1405999660491943,2.1405999660491943,2.1405999660491943,2.1405999660491943,536,0.0,0.0
2016-07-29 00:00:00-04:00,2.1405999660491943,2.1405999660491943,2.1405999660491943,2.1405999660491943,0,0.0,0.0
2016-08-01 00:00:00-04:00,2.1405999660491943,2.1405999660491943,2.1405999660491943,2.1405999660491943,0,0.0,0.0
2016-08-02 00:00:00-04:00,1.9600000381469727,1.9600000381469727,1.9600000381469727,1.9600000381469727,357,0.0,0.0
2016-08-03 00:00:00-04:00,1.9600000381469727,1.9600000381469727,1.8339999914169312,1.8339999914169312,2500,0.0,0.0
2016-08-04 00:00:00-04:00,1.8339999914169312,1.8339999914169312,1.8339999914169312,1.8339999914169312,0,0.0,0.0
2016-08-05 00:00:00-04:00,1.9600000381469727,1.9753999710083008,1.9600000381469727,1.9753999710083008,1071,0.0,0.0
2016-08-08 00:00:00-04:00,1.8899999856948853,1.8899999856948853,1.8899999856948853,1.8899999856948853,1786,0.0,0.0
2016-08-09 00:00:00-04:00,1.8899999856948853,1.9249999523162842,1.8899999856948853,1.9249999523162842,1786,0.0,0.0
2016-08-10 00:00:00-04:00,1.9249999523162842,1.9249999523162842,1.9249999523162842,1.9249999523162842,0,0.0,0.0
2016-08-11 00:00:00-04:00,1.8899999856948853,1.9249999523162842,1.8899999856948853,1.9249999523162842,464,0.0,0.0
2016-08-12 00:00:00-04:00,1.8899999856948853,1.9249999523162842,1.698199987411499,1.7513999938964844,5379,0.0,0.0
2016-08-15 00:00:00-04:00,1.8242000341415405,1.8339999914169312,1.8200000524520874,1.8200000524520874,4957,0.0,0.0
2016-08-16 00:00:00-04:00,1.681399941444397,1.681399941444397,1.681399941444397,1.681399941444397,357,0.0,0.0
2016-08-17 00:00:00-04:00,1.8200000524520874,1.8381999731063843,1.8101999759674072,1.8381999731063843,2986,0.0,0.0
2016-08-18 00:00:00-04:00,1.8381999731063843,1.8381999731063843,1.8381999731063843,1.8381999731063843,1071,0.0,0.0
2016-08-19 00:00:00-04:00,1.8858000040054321,1.8899999856948853,1.8858000040054321,1.8899999856948853,3321,0.0,0.0
2016-08-22 00:00:00-04:00,1.9278000593185425,1.9600000381469727,1.8200000524520874,1.8200000524520874,1821,0.0,0.0
2016-08-23 00:00:00-04:00,1.8200000524520874,1.8200000524520874,1.8200000524520874,1.8200000524520874,0,0.0,0.0
2016-08-24 00:00:00-04:00,1.8200000524520874,1.8200000524520874,1.8200000524520874,1.8200000524520874,657,0.0,0.0
2016-08-25 00:00:00-04:00,1.9697999954223633,1.9697999954223633,1.9529999494552612,1.9600000381469727,5207,0.0,0.0
2016-08-26 00:00:00-04:00,1.9600000381469727,1.9600000381469727,1.9600000381469727,1.9600000381469727,143,0.0,0.0
2016-08-29 00:00:00-04:00,1.9600000381469727,1.9600000381469727,1.9600000381469727,1.9600000381469727,0,0.0,0.0
2016-08-30 00:00:00-04:00,1.9600000381469727,1.9600000381469727,1.9600000381469727,1.9600000381469727,0,0.0,0.0
2016-08-31 00:00:00-04:00,1.9600000381469727,1.9600000381469727,1.9600000381469727,1.9600000381469727,0,0.0,0.0
2016-09-01 00:00:00-04:00,1.9600000381469727,1.9600000381469727,1.9600000381469727,1.9600000381469727,0,0.0,0.0
2016-09-02 00:00:00-04:00,1.9600000381469727,1.9600000381469727,1.9600000381469727,1.9600000381469727,0,0.0,0.0
2016-09-06 00:00:00-04:00,1.9600000381469727,1.9600000381469727,1.9600000381469727,1.9600000381469727,0,0.0,0.0
2016-09-07 00:00:00-04:00,1.9320000410079956,1.9320000410079956,1.8353999853134155,1.8353999853134155,29,0.0,0.0
2016-09-08 00:00:00-04:00,1.9600000381469727,1.9600000381469727,1.9600000381469727,1.9600000381469727,929,0.0,0.0
2016-09-09 00:00:00-04:00,1.9600000381469727,1.9600000381469727,1.9600000381469727,1.9600000381469727,0,0.0,0.0
2016-09-12 00:00:00-04:00,1.8353999853134155,1.8353999853134155,1.7079999446868896,1.8353999853134155,4893,0.0,0.0
2016-09-13 00:00:00-04:00,1.8353999853134155,1.8353999853134155,1.8353999853134155,1.8353999853134155,0,0.0,0.0
2016-09-14 00:00:00-04:00,1.9600000381469727,1.9600000381469727,1.9600000381469727,1.9600000381469727,1214,0.0,0.0
2016-09-15 00:00:00-04:00,1.9600000381469727,1.9600000381469727,1.9600000381469727,1.9600000381469727,0,0.0,0.0
2016-09-16 00:00:00-04:00,1.9459999799728394,1.9600000381469727,1.9459999799728394,1.9600000381469727,1700,0.0,0.0
2016-09-19 00:00:00-04:00,1.9600000381469727,1.9600000381469727,1.9600000381469727,1.9600000381469727,0,0.0,0.0
2016-09-20 00:00:00-04:00,1.9600000381469727,1.9600000381469727,1.9600000381469727,1.9600000381469727,0,0.0,0.0
2016-09-21 00:00:00-04:00,1.9600000381469727,1.9600000381469727,1.9600000381469727,1.9600000381469727,0,0.0,0.0
2016-09-22 00:00:00-04:00,1.9600000381469727,1.9600000381469727,1.9600000381469727,1.9600000381469727,0,0.0,0.0
2016-09-23 00:00:00-04:00,1.9600000381469727,1.9600000381469727,1.9600000381469727,1.9600000381469727,0,0.0,0.0
2016-09-26 00:00:00-04:00,1.9600000381469727,1.9600000381469727,1.9600000381469727,1.9600000381469727,0,0.0,0.0
2016-09-27 00:00:00-04:00,1.7640000581741333,1.8899999856948853,1.75,1.8339999914169312,10521,0.0,0.0
2016-09-28 00:00:00-04:00,1.8339999914169312,1.8339999914169312,1.8339999914169312,1.8339999914169312,0,0.0,0.0
2016-09-29 00:00:00-04:00,1.8339999914169312,1.8339999914169312,1.8339999914169312,1.8339999914169312,0,0.0,0.0
2016-09-30 00:00:00-04:00,1.8339999914169312,1.8339999914169312,1.8339999914169312,1.8339999914169312,0,0.0,0.0
2016-10-03 00:00:00-04:00,1.8899999856948853,1.8913999795913696,1.8830000162124634,1.8899999856948853,4371,0.0,0.0
2016-10-04 00:00:00-04:00,1.9459999799728394,1.9600000381469727,1.9459999799728394,1.9600000381469727,2736,0.0,0.0
2016-10-05 00:00:00-04:00,1.9600000381469727,2.0999999046325684,1.9600000381469727,2.0999999046325684,3321,0.0,0.0
2016-10-06 00:00:00-04:00,2.0999999046325684,2.0999999046325684,2.0999999046325684,2.0999999046325684,1786,0.0,0.0
2016-10-07 00:00:00-04:00,2.0999999046325684,2.0999999046325684,2.0999999046325684,2.0999999046325684,0,0.0,0.0
2016-10-10 00:00:00-04:00,1.8200000524520874,1.8200000524520874,1.8200000524520874,1.8200000524520874,3571,0.0,0.0
2016-10-11 00:00:00-04:00,1.8200000524520874,1.8339999914169312,1.6856000423431396,1.8200000524520874,4179,0.0,0.0
2016-10-12 00:00:00-04:00,1.8200000524520874,1.9600000381469727,1.8087999820709229,1.9600000381469727,4100,0.0,0.0
2016-10-13 00:00:00-04:00,1.9600000381469727,1.9600000381469727,1.9040000438690186,1.9600000381469727,5486,0.0,0.0
2016-10-14 00:00:00-04:00,1.9040000438690186,1.9040000438690186,1.9040000438690186,1.9040000438690186,179,0.0,0.0
2016-10-17 00:00:00-04:00,1.9040000438690186,1.9040000438690186,1.8200000524520874,1.8200000524520874,2500,0.0,0.0
2016-10-18 00:00:00-04:00,1.8200000524520874,1.8200000524520874,1.8200000524520874,1.8200000524520874,0,0.0,0.0
2016-10-19 00:00:00-04:00,1.8200000524520874,1.8200000524520874,1.8200000524520874,1.8200000524520874,0,0.0,0.0
2016-10-20 00:00:00-04:00,1.8200000524520874,1.8200000524520874,1.8200000524520874,1.8200000524520874,0,0.0,0.0
2016-10-21 00:00:00-04:00,1.8200000524520874,1.8200000524520874,1.8200000524520874,1.8200000524520874,0,0.0,0.0
2016-10-24 00:00:00-04:00,1.8339999914169312,1.8339999914169312,1.8339999914169312,1.8339999914169312,464,0.0,0.0
2016-10-25 00:00:00-04:00,1.8339999914169312,1.8339999914169312,1.8339999914169312,1.8339999914169312,0,0.0,0.0
2016-10-26 00:00:00-04:00,1.8339999914169312,1.8339999914169312,1.8339999914169312,1.8339999914169312,0,0.0,0.0
2016-10-27 00:00:00-04:00,1.7920000553131104,1.7920000553131104,1.722000002861023,1.722000002861023,11429,0.0,0.0
2016-10-28 00:00:00-04:00,1.722000002861023,1.722000002861023,1.722000002861023,1.722000002861023,0,0.0,0.0
2016-10-31 00:00:00-04:00,1.7303999662399292,1.7527999877929688,1.6100000143051147,1.6785999536514282,4850,0.0,0.0
2016-11-01 00:00:00-04:00,1.6785999536514282,1.6799999475479126,1.6785999536514282,1.6799999475479126,1464,0.0,0.0
2016-11-02 00:00:00-04:00,1.6799999475479126,1.6799999475479126,1.6799999475479126,1.6799999475479126,536,0.0,0.0
2016-11-03 00:00:00-04:00,1.6799999475479126,1.6799999475479126,1.6799999475479126,1.6799999475479126,0,0.0,0.0
2016-11-04 00:00:00-04:00,1.6239999532699585,1.6239999532699585,1.5413999557495117,1.5413999557495117,714,0.0,0.0
2016-11-07 00:00:00-05:00,1.5582000017166138,1.5582000017166138,1.399999976158142,1.4700000286102295,3929,0.0,0.0
2016-11-08 00:00:00-05:00,1.4420000314712524,1.4420000314712524,1.4140000343322754,1.4140000343322754,1786,0.0,0.0
2016-11-09 00:00:00-05:00,1.399999976158142,1.4154000282287598,1.399999976158142,1.4154000282287598,5000,0.0,0.0
2016-11-10 00:00:00-05:00,1.5540000200271606,1.5959999561309814,1.5540000200271606,1.5959999561309814,871,0.0,0.0
2016-11-11 00:00:00-05:00,1.4700000286102295,1.4700000286102295,1.4700000286102295,1.4700000286102295,714,0.0,0.0
2016-11-14 00:00:00-05:00,1.4839999675750732,1.4839999675750732,1.4420000314712524,1.4420000314712524,636,0.0,0.0
2016-11-15 00:00:00-05:00,1.4420000314712524,1.4420000314712524,1.343999981880188,1.399999976158142,2714,0.0,0.0
2016-11-16 00:00:00-05:00,1.399999976158142,1.399999976158142,1.399999976158142,1.399999976158142,0,0.0,0.0
2016-11-17 00:00:00-05:00,1.6799999475479126,1.6799999475479126,1.6799999475479126,1.6799999475479126,286,0.0,0.0
2016-11-18 00:00:00-05:00,1.8200000524520874,1.8200000524520874,1.6799999475479126,1.6799999475479126,714,0.0,0.0
2016-11-21 00:00:00-05:00,1.6799999475479126,1.6799999475479126,1.6799999475479126,1.6799999475479126,0,0.0,0.0
2016-11-22 00:00:00-05:00,1.6799999475479126,1.6799999475479126,1.6799999475479126,1.6799999475479126,0,0.0,0.0
2016-11-23 00:00:00-05:00,1.4853999614715576,1.4853999614715576,1.4700000286102295,1.4700000286102295,1071,0.0,0.0
2016-11-25 00:00:00-05:00,1.4700000286102295,1.4700000286102295,1.4700000286102295,1.4700000286102295,0,0.0,0.0
2016-11-28 00:00:00-05:00,1.4700000286102295,1.4700000286102295,1.4700000286102295,1.4700000286102295,0,0.0,0.0
2016-11-29 00:00:00-05:00,1.6799999475479126,1.6799999475479126,1.6799999475479126,1.6799999475479126,714,0.0,0.0
2016-11-30 00:00:00-05:00,1.6799999475479126,1.6799999475479126,1.5119999647140503,1.6799999475479126,493,0.0,0.0
2016-12-01 00:00:00-05:00,1.6799999475479126,1.6799999475479126,1.6799999475479126,1.6799999475479126,0,0.0,0.0
2016-12-02 00:00:00-05:00,1.6799999475479126,1.6799999475479126,1.6799999475479126,1.6799999475479126,143,0.0,0.0
2016-12-05 00:00:00-05:00,1.4531999826431274,1.5399999618530273,1.2599999904632568,1.5399999618530273,10000,0.0,0.0
2016-12-06 00:00:00-05:00,1.5540000200271606,1.5540000200271606,1.5540000200271606,1.5540000200271606,21,0.0,0.0
2016-12-07 00:00:00-05:00,1.5778000354766846,1.6799999475479126,1.5778000354766846,1.6799999475479126,1143,0.0,0.0
2016-12-08 00:00:00-05:00,1.6799999475479126,1.6799999475479126,1.6799999475479126,1.6799999475479126,4121,0.0,0.0
2016-12-09 00:00:00-05:00,1.8200000524520874,1.8480000495910645,1.8200000524520874,1.8480000495910645,2143,0.0,0.0
2016-12-12 00:00:00-05:00,1.75,1.75,1.75,1.75,2857,0.0,0.0
2016-12-13 00:00:00-05:00,1.75,1.75,0.9100000262260437,1.6799999475479126,22529,0.0,0.0
2016-12-14 00:00:00-05:00,1.4630000591278076,1.6799999475479126,1.3300000429153442,1.6799999475479126,5221,0.0,0.0
2016-12-15 00:00:00-05:00,1.75,1.75,1.75,1.75,3686,0.0,0.0
2016-12-16 00:00:00-05:00,1.75,1.75,1.6239999532699585,1.75,6550,0.0,0.0
2016-12-19 00:00:00-05:00,1.75,1.75,1.75,1.75,0,0.0,0.0
2016-12-20 00:00:00-05:00,1.75,1.75,1.75,1.75,0,0.0,0.0
2016-12-21 00:00:00-05:00,1.75,2.0999999046325684,1.75,1.9600000381469727,3721,0.0,0.0
2016-12-22 00:00:00-05:00,1.9600000381469727,1.9600000381469727,1.6799999475479126,1.8830000162124634,9329,0.0,0.0
2016-12-23 00:00:00-05:00,1.8830000162124634,1.8830000162124634,1.784999966621399,1.784999966621399,3421,0.0,0.0
2016-12-27 00:00:00-05:00,1.9600000381469727,2.6600000858306885,1.8899999856948853,2.098599910736084,17271,0.0,0.0
2016-12-28 00:00:00-05:00,2.197999954223633,2.2049999237060547,2.065000057220459,2.0999999046325684,5607,0.0,0.0
2016-12-29 00:00:00-05:00,2.3450000286102295,2.4416000843048096,2.309999942779541,2.406599998474121,7314,0.0,0.0
2016-12-30 00:00:00-05:00,2.5899999141693115,2.5899999141693115,2.380000114440918,2.4598000049591064,13586,0.0,0.0
2017-01-03 00:00:00-05:00,2.3113999366760254,2.6459999084472656,2.3113999366760254,2.4570000171661377,3929,0.0,0.0
2017-01-04 00:00:00-05:00,2.4863998889923096,2.6459999084472656,2.483599901199341,2.483599901199341,1343,0.0,0.0
2017-01-05 00:00:00-05:00,2.5815999507904053,2.799999952316284,2.5199999809265137,2.6459999084472656,3836,0.0,0.0
2017-01-06 00:00:00-05:00,2.6530001163482666,2.769200086593628,2.5227999687194824,2.769200086593628,2150,0.0,0.0
2017-01-09 00:00:00-05:00,2.5199999809265137,2.799999952316284,2.5199999809265137,2.7720000743865967,1393,0.0,0.0
2017-01-10 00:00:00-05:00,2.6600000858306885,2.799999952316284,2.5480000972747803,2.799999952316284,8121,0.0,0.0
2017-01-11 00:00:00-05:00,3.0,3.0,2.799999952316284,3.0,2300,0.0,0.07142857142857142
2017-01-12 00:00:00-05:00,3.200000047683716,4.25,3.200000047683716,3.609999895095825,14400,0.0,0.0
2017-01-13 00:00:00-05:00,3.7799999713897705,4.150000095367432,3.6500000953674316,4.0,10400,0.0,0.0
2017-01-17 00:00:00-05:00,4.190000057220459,4.25,3.549999952316284,3.799999952316284,12700,0.0,0.0
2017-01-18 00:00:00-05:00,3.869999885559082,4.0,3.869999885559082,4.0,2100,0.0,0.0
2017-01-19 00:00:00-05:00,4.050000190734863,4.25,4.050000190734863,4.239999771118164,11300,0.0,0.0
2017-01-20 00:00:00-05:00,4.199999809265137,4.880000114440918,4.050000190734863,4.699999809265137,13500,0.0,0.0
2017-01-23 00:00:00-05:00,4.820000171661377,4.820000171661377,4.400000095367432,4.599999904632568,12800,0.0,0.0
2017-01-24 00:00:00-05:00,4.599999904632568,4.739999771118164,4.400000095367432,4.400000095367432,6200,0.0,0.0
2017-01-25 00:00:00-05:00,4.510000228881836,4.639999866485596,4.449999809265137,4.449999809265137,6700,0.0,0.0
2017-01-26 00:00:00-05:00,4.449999809265137,4.449999809265137,4.409999847412109,4.409999847412109,700,0.0,0.0
2017-01-27 00:00:00-05:00,4.739999771118164,4.739999771118164,4.099999904632568,4.489999771118164,10200,0.0,0.0
2017-01-30 00:00:00-05:00,4.5,4.900000095367432,4.5,4.610000133514404,13100,0.0,0.0
2017-01-31 00:00:00-05:00,4.670000076293945,4.800000190734863,4.442500114440918,4.579999923706055,41500,0.0,0.0
2017-02-01 00:00:00-05:00,4.349999904632568,4.699999809265137,4.349999904632568,4.679999828338623,6700,0.0,0.0
2017-02-02 00:00:00-05:00,4.699999809265137,4.699999809265137,4.630000114440918,4.630000114440918,500,0.0,0.0
2017-02-03 00:00:00-05:00,4.599999904632568,5.0,4.599999904632568,4.699999809265137,9300,0.0,0.0
2017-02-06 00:00:00-05:00,5.0,5.0,4.800000190734863,4.980000019073486,14100,0.0,0.0
2017-02-07 00:00:00-05:00,5.0,5.0,4.75,4.989999771118164,6900,0.0,0.0
2017-02-08 00:00:00-05:00,4.989999771118164,4.989999771118164,4.349999904632568,4.400000095367432,3000,0.0,0.0
2017-02-09 00:00:00-05:00,4.5,4.75,4.5,4.75,1200,0.0,0.0
2017-02-10 00:00:00-05:00,4.75,4.96999979019165,4.75,4.949999809265137,2000,0.0,0.0
2017-02-13 00:00:00-05:00,5.0,5.0,4.900000095367432,4.900000095367432,3400,0.0,0.0
2017-02-14 00:00:00-05:00,4.900000095367432,4.900000095367432,4.599999904632568,4.599999904632568,1800,0.0,0.0
2017-02-15 00:00:00-05:00,4.590000152587891,4.900000095367432,4.590000152587891,4.900000095367432,2100,0.0,0.0
2017-02-16 00:00:00-05:00,4.849999904632568,4.900000095367432,4.849999904632568,4.900000095367432,500,0.0,0.0
2017-02-17 00:00:00-05:00,4.599999904632568,5.0,4.599999904632568,5.0,6700,0.0,0.0
2017-02-21 00:00:00-05:00,5.0,5.989999771118164,5.0,5.625,5900,0.0,0.0
2017-02-22 00:00:00-05:00,6.25,6.25,5.619999885559082,5.949999809265137,3300,0.0,0.0
2017-02-23 00:00:00-05:00,5.949999809265137,5.980000019073486,5.699999809265137,5.769999980926514,4000,0.0,0.0
2017-02-24 00:00:00-05:00,5.949999809265137,5.949999809265137,5.519999980926514,5.940000057220459,2200,0.0,0.0
2017-02-27 00:00:00-05:00,5.949999809265137,6.0,5.860000133514404,5.860000133514404,17600,0.0,0.0
2017-02-28 00:00:00-05:00,5.949999809265137,6.0,5.929299831390381,6.0,4600,0.0,0.0
2017-03-01 00:00:00-05:00,6.0,7.0,6.0,6.739999771118164,3800,0.0,0.0
2017-03-02 00:00:00-05:00,6.72599983215332,6.72599983215332,6.199999809265137,6.690000057220459,6900,0.0,0.0
2017-03-03 00:00:00-05:00,6.199999809265137,6.199999809265137,6.199999809265137,6.199999809265137,2200,0.0,0.0
2017-03-06 00:00:00-05:00,6.25,6.25,5.0,5.28000020980835,53900,0.0,0.0
2017-03-07 00:00:00-05:00,5.179999828338623,5.28000020980835,4.059999942779541,4.46999979019165,63900,0.0,0.0
2017-03-08 00:00:00-05:00,4.559999942779541,4.75,4.5,4.550000190734863,20500,0.0,0.0
2017-03-09 00:00:00-05:00,4.549900054931641,4.599999904632568,4.25,4.25,20700,0.0,0.0
2017-03-10 00:00:00-05:00,4.25,4.550000190734863,4.159999847412109,4.300000190734863,24600,0.0,0.0
2017-03-13 00:00:00-04:00,4.507999897003174,4.539999961853027,4.309999942779541,4.539999961853027,4600,0.0,0.0
2017-03-14 00:00:00-04:00,4.539999961853027,4.539999961853027,4.5,4.5,3800,0.0,0.0
2017-03-15 00:00:00-04:00,4.5,4.920000076293945,4.5,4.920000076293945,1500,0.0,0.0
2017-03-16 00:00:00-04:00,4.96999979019165,5.599999904632568,4.96999979019165,5.599999904632568,10900,0.0,0.0
2017-03-17 00:00:00-04:00,5.650000095367432,5.809999942779541,5.599999904632568,5.679999828338623,5700,0.0,0.0
2017-03-20 00:00:00-04:00,5.829999923706055,5.829999923706055,5.300000190734863,5.300000190734863,2200,0.0,0.0
2017-03-21 00:00:00-04:00,5.260000228881836,5.260000228881836,4.599999904632568,4.849999904632568,8100,0.0,0.0
2017-03-22 00:00:00-04:00,4.849999904632568,4.849999904632568,4.599999904632568,4.610000133514404,4400,0.0,0.0
2017-03-23 00:00:00-04:00,4.650000095367432,4.650000095367432,4.599999904632568,4.639999866485596,2000,0.0,0.0
2017-03-24 00:00:00-04:00,4.599999904632568,4.757999897003174,4.5,4.75,6200,0.0,0.0
2017-03-27 00:00:00-04:00,4.894999980926514,5.199999809265137,4.699999809265137,5.0,7000,0.0,0.0
2017-03-28 00:00:00-04:00,5.0,5.0,5.0,5.0,1700,0.0,0.0
2017-03-29 00:00:00-04:00,5.0,5.090000152587891,5.0,5.090000152587891,1400,0.0,0.0
2017-03-30 00:00:00-04:00,5.0,5.0,5.0,5.0,500,0.0,0.0
2017-03-31 00:00:00-04:00,5.0,5.0,5.0,5.0,0,0.0,0.0
2017-04-03 00:00:00-04:00,4.900000095367432,5.0,4.800000190734863,5.0,5300,0.0,0.0
2017-04-04 00:00:00-04:00,5.0,5.019999980926514,5.0,5.0,2400,0.0,0.0
2017-04-05 00:00:00-04:00,5.0,5.0,5.0,5.0,2100,0.0,0.0
2017-04-06 00:00:00-04:00,5.0,5.0,5.0,5.0,4900,0.0,0.0
2017-04-07 00:00:00-04:00,4.96999979019165,4.96999979019165,4.96999979019165,4.96999979019165,300,0.0,0.0
2017-04-10 00:00:00-04:00,4.96999979019165,4.96999979019165,4.849999904632568,4.849999904632568,1400,0.0,0.0
2017-04-11 00:00:00-04:00,4.849999904632568,4.96999979019165,4.849999904632568,4.96999979019165,3700,0.0,0.0
2017-04-12 00:00:00-04:00,5.0,5.0,5.0,5.0,6600,0.0,0.0
2017-04-13 00:00:00-04:00,5.0,5.050000190734863,5.0,5.050000190734863,500,0.0,0.0
2017-04-17 00:00:00-04:00,5.072999954223633,5.072999954223633,4.953999996185303,4.953999996185303,1000,0.0,0.0
2017-04-18 00:00:00-04:00,4.800000190734863,4.800000190734863,4.75,4.769999980926514,5000,0.0,0.0
2017-04-19 00:00:00-04:00,4.769999980926514,4.769999980926514,4.75,4.769999980926514,1400,0.0,0.0
2017-04-20 00:00:00-04:00,4.75,4.800000190734863,4.400000095367432,4.800000190734863,2600,0.0,0.0
2017-04-21 00:00:00-04:00,4.409999847412109,4.789999961853027,4.400000095367432,4.789999961853027,3600,0.0,0.0
2017-04-24 00:00:00-04:00,4.519999980926514,4.519999980926514,4.5,4.5,700,0.0,0.0
2017-04-25 00:00:00-04:00,4.519999980926514,4.949999809265137,4.5,4.510000228881836,6100,0.0,0.0
2017-04-26 00:00:00-04:00,4.510000228881836,4.510000228881836,4.510000228881836,4.510000228881836,0,0.0,0.0
2017-04-27 00:00:00-04:00,4.510000228881836,4.510000228881836,4.510000228881836,4.510000228881836,0,0.0,0.0
2017-04-28 00:00:00-04:00,4.599999904632568,4.599999904632568,4.599999904632568,4.599999904632568,100,0.0,0.0
2017-05-01 00:00:00-04:00,4.5,4.610000133514404,4.400000095367432,4.400000095367432,2400,0.0,0.0
2017-05-02 00:00:00-04:00,4.389999866485596,4.938300132751465,4.389999866485596,4.938300132751465,12300,0.0,0.0
2017-05-03 00:00:00-04:00,4.809999942779541,4.840000152587891,4.300000190734863,4.840000152587891,11000,0.0,0.0
2017-05-04 00:00:00-04:00,4.5,4.5,4.5,4.5,200,0.0,0.0
2017-05-05 00:00:00-04:00,4.5,4.619999885559082,4.5,4.599999904632568,19000,0.0,0.0
2017-05-08 00:00:00-04:00,4.5,4.500100135803223,4.5,4.5,800,0.0,0.0
2017-05-09 00:00:00-04:00,4.599999904632568,4.599999904632568,4.5,4.5,3100,0.0,0.0
2017-05-10 00:00:00-04:00,4.599999904632568,4.599999904632568,4.560400009155273,4.590000152587891,1600,0.0,0.0
2017-05-11 00:00:00-04:00,4.5,4.5,4.300000190734863,4.341400146484375,1800,0.0,0.0
2017-05-12 00:00:00-04:00,4.300000190734863,4.599999904632568,4.28000020980835,4.599999904632568,9500,0.0,0.0
2017-05-15 00:00:00-04:00,4.565499782562256,4.565499782562256,4.565499782562256,4.565499782562256,400,0.0,0.0
2017-05-16 00:00:00-04:00,4.449999809265137,4.599999904632568,4.449999809265137,4.599999904632568,41700,0.0,0.0
2017-05-17 00:00:00-04:00,4.599999904632568,4.599999904632568,4.599999904632568,4.599999904632568,200,0.0,0.0
2017-05-18 00:00:00-04:00,4.5,4.599999904632568,4.5,4.550000190734863,14300,0.0,0.0
2017-05-19 00:00:00-04:00,4.550000190734863,4.550000190734863,4.449999809265137,4.484499931335449,3300,0.0,0.0
2017-05-22 00:00:00-04:00,4.480000019073486,4.599999904632568,4.420000076293945,4.420000076293945,7400,0.0,0.0
2017-05-23 00:00:00-04:00,4.550000190734863,4.599999904632568,4.420000076293945,4.420000076293945,2200,0.0,0.0
2017-05-24 00:00:00-04:00,4.5,4.5,4.420000076293945,4.420000076293945,1300,0.0,0.0
2017-05-25 00:00:00-04:00,4.5,4.5,4.5,4.5,200,0.0,0.0
2017-05-26 00:00:00-04:00,4.590000152587891,4.599999904632568,4.420000076293945,4.559999942779541,6800,0.0,0.0
2017-05-30 00:00:00-04:00,5.0,5.0,4.339000225067139,4.590000152587891,9400,0.0,0.0
2017-05-31 00:00:00-04:00,4.590000152587891,4.599999904632568,4.5,4.5,2800,0.0,0.0
2017-06-01 00:00:00-04:00,4.449999809265137,4.525000095367432,4.269999980926514,4.309999942779541,5600,0.0,0.0
2017-06-02 00:00:00-04:00,4.550000190734863,4.550000190734863,4.46999979019165,4.5,1600,0.0,0.0
2017-06-05 00:00:00-04:00,4.5,4.599999904632568,4.010000228881836,4.440000057220459,24300,0.0,0.0
2017-06-06 00:00:00-04:00,4.440000057220459,4.440000057220459,4.440000057220459,4.440000057220459,0,0.0,0.0
2017-06-07 00:00:00-04:00,4.599999904632568,4.599999904632568,4.300000190734863,4.5,1500,0.0,0.0
2017-06-08 00:00:00-04:00,4.599999904632568,4.599999904632568,4.599999904632568,4.599999904632568,500,0.0,0.0
2017-06-09 00:00:00-04:00,4.599999904632568,4.599999904632568,4.550000190734863,4.550000190734863,1000,0.0,0.0
2017-06-12 00:00:00-04:00,4.559999942779541,4.579999923706055,4.449999809265137,4.5229997634887695,3800,0.0,0.0
2017-06-13 00:00:00-04:00,4.599999904632568,4.599999904632568,4.5,4.5,500,0.0,0.0
2017-06-14 00:00:00-04:00,4.5,4.5,4.451499938964844,4.5,800,0.0,0.0
2017-06-15 00:00:00-04:00,4.5,4.5,4.5,4.5,300,0.0,0.0
2017-06-16 00:00:00-04:00,4.349999904632568,4.5,4.320000171661377,4.5,800,0.0,0.0
2017-06-19 00:00:00-04:00,4.420000076293945,4.5,4.420000076293945,4.5,800,0.0,0.0
2017-06-20 00:00:00-04:00,4.5,4.5,4.300000190734863,4.300000190734863,2800,0.0,0.0
2017-06-21 00:00:00-04:00,4.300000190734863,4.320000171661377,4.300000190734863,4.300000190734863,2800,0.0,0.0
2017-06-22 00:00:00-04:00,4.300000190734863,4.300000190734863,4.25,4.300000190734863,3700,0.0,0.0
2017-06-23 00:00:00-04:00,4.300000190734863,4.400000095367432,4.25,4.400000095367432,3600,0.0,0.0
2017-06-26 00:00:00-04:00,4.409999847412109,4.449999809265137,4.130000114440918,4.130000114440918,3300,0.0,0.0
2017-06-27 00:00:00-04:00,4.159999847412109,4.199999809265137,4.159999847412109,4.199999809265137,4800,0.0,0.0
2017-06-28 00:00:00-04:00,4.199999809265137,4.199999809265137,4.199999809265137,4.199999809265137,100,0.0,0.0
2017-06-29 00:00:00-04:00,4.199999809265137,4.199999809265137,4.199999809265137,4.199999809265137,0,0.0,0.0
2017-06-30 00:00:00-04:00,4.199999809265137,4.199999809265137,4.199999809265137,4.199999809265137,5000,0.0,0.0
2017-07-03 00:00:00-04:00,4.199999809265137,4.199999809265137,4.099999904632568,4.199999809265137,5700,0.0,0.0
2017-07-05 00:00:00-04:00,4.380000114440918,4.380000114440918,4.019999980926514,4.165500164031982,1300,0.0,0.0
2017-07-06 00:00:00-04:00,4.5,4.5,4.25,4.5,3700,0.0,0.0
2017-07-07 00:00:00-04:00,4.550000190734863,4.579999923706055,4.25,4.25,2000,0.0,0.0
2017-07-10 00:00:00-04:00,4.25,4.260000228881836,4.25,4.260000228881836,400,0.0,0.0
2017-07-11 00:00:00-04:00,4.349999904632568,4.349999904632568,4.349999904632568,4.349999904632568,100,0.0,0.0
2017-07-12 00:00:00-04:00,4.349999904632568,4.349999904632568,4.349999904632568,4.349999904632568,300,0.0,0.0
2017-07-13 00:00:00-04:00,4.349999904632568,4.349999904632568,4.349999904632568,4.349999904632568,0,0.0,0.0
2017-07-14 00:00:00-04:00,4.309999942779541,4.309999942779541,4.050000190734863,4.150000095367432,5300,0.0,0.0
2017-07-17 00:00:00-04:00,4.21999979019165,4.21999979019165,4.150000095367432,4.199999809265137,2100,0.0,0.0
2017-07-18 00:00:00-04:00,4.300000190734863,4.599999904632568,4.300000190734863,4.550000190734863,9300,0.0,0.0
2017-07-19 00:00:00-04:00,4.050000190734863,4.5,4.050000190734863,4.31279993057251,2900,0.0,0.0
2017-07-20 00:00:00-04:00,4.349999904632568,4.599999904632568,4.299900054931641,4.35699987411499,15300,0.0,0.0
2017-07-21 00:00:00-04:00,4.416999816894531,4.440000057220459,4.355400085449219,4.355400085449219,9900,0.0,0.0
2017-07-24 00:00:00-04:00,4.360000133514404,4.360000133514404,4.300000190734863,4.300000190734863,4200,0.0,0.0
2017-07-25 00:00:00-04:00,4.355599880218506,4.355599880218506,4.309999942779541,4.309999942779541,3800,0.0,0.0
2017-07-26 00:00:00-04:00,4.349999904632568,4.349999904632568,4.300000190734863,4.302999973297119,4900,0.0,0.0
2017-07-27 00:00:00-04:00,4.349999904632568,4.380000114440918,4.300099849700928,4.380000114440918,1300,0.0,0.0
2017-07-28 00:00:00-04:00,4.360000133514404,4.380000114440918,4.360000133514404,4.380000114440918,4400,0.0,0.0
2017-07-31 00:00:00-04:00,4.367199897766113,4.367300033569336,4.25,4.349999904632568,8400,0.0,0.0
2017-08-01 00:00:00-04:00,4.263999938964844,4.263999938964844,4.119999885559082,4.169899940490723,6200,0.0,0.0
2017-08-02 00:00:00-04:00,4.199999809265137,4.203499794006348,4.099999904632568,4.13640022277832,2100,0.0,0.0
2017-08-03 00:00:00-04:00,4.239999771118164,4.239999771118164,4.0,4.139999866485596,6900,0.0,0.0
2017-08-04 00:00:00-04:00,4.157199859619141,4.239999771118164,4.157199859619141,4.239999771118164,600,0.0,0.0
2017-08-07 00:00:00-04:00,4.400000095367432,4.599999904632568,4.400000095367432,4.560200214385986,4700,0.0,0.0
2017-08-08 00:00:00-04:00,4.539999961853027,4.598999977111816,4.500100135803223,4.590000152587891,5000,0.0,0.0
2017-08-09 00:00:00-04:00,4.5229997634887695,4.559999942779541,4.231800079345703,4.559999942779541,4500,0.0,0.0
2017-08-10 00:00:00-04:00,4.099999904632568,4.5,4.099999904632568,4.480000019073486,2400,0.0,0.0
2017-08-11 00:00:00-04:00,4.199999809265137,4.539999961853027,4.199999809265137,4.489999771118164,2100,0.0,0.0
2017-08-14 00:00:00-04:00,4.559999942779541,4.559999942779541,4.281300067901611,4.559999942779541,8700,0.0,0.0
2017-08-15 00:00:00-04:00,4.579999923706055,4.579999923706055,4.360000133514404,4.559999942779541,5500,0.0,0.0
2017-08-16 00:00:00-04:00,4.559999942779541,4.559999942779541,4.559999942779541,4.559999942779541,1000,0.0,0.0
2017-08-17 00:00:00-04:00,4.409999847412109,4.559999942779541,4.409999847412109,4.550000190734863,400,0.0,0.0
2017-08-18 00:00:00-04:00,4.559999942779541,4.559999942779541,4.559999942779541,4.559999942779541,700,0.0,0.0
2017-08-21 00:00:00-04:00,4.579999923706055,4.579999923706055,4.433000087738037,4.559999942779541,8700,0.0,0.0
2017-08-22 00:00:00-04:00,4.579999923706055,4.579999923706055,4.375999927520752,4.559999942779541,4700,0.0,0.0
2017-08-23 00:00:00-04:00,4.559999942779541,4.559999942779541,4.535999774932861,4.535999774932861,800,0.0,0.0
2017-08-24 00:00:00-04:00,4.579999923706055,4.579999923706055,4.199999809265137,4.400000095367432,32200,0.0,0.0
2017-08-25 00:00:00-04:00,4.348999977111816,4.400000095367432,4.234300136566162,4.400000095367432,26500,0.0,0.0
2017-08-28 00:00:00-04:00,4.360000133514404,4.400000095367432,4.320000171661377,4.400000095367432,8900,0.0,0.0
2017-08-29 00:00:00-04:00,4.217400074005127,4.449999809265137,4.217400074005127,4.449999809265137,4900,0.0,0.0
2017-08-30 00:00:00-04:00,4.449999809265137,4.5,4.380000114440918,4.5,4800,0.0,0.0
2017-08-31 00:00:00-04:00,4.369999885559082,4.550000190734863,4.230000019073486,4.5,55400,0.0,0.0
2017-09-01 00:00:00-04:00,4.460000038146973,4.460000038146973,4.400000095367432,4.460000038146973,1200,0.0,0.0
2017-09-05 00:00:00-04:00,4.349999904632568,4.550000190734863,4.349999904632568,4.519999980926514,29400,0.0,0.0
2017-09-06 00:00:00-04:00,4.349999904632568,4.5,4.349999904632568,4.480000019073486,8200,0.0,0.0
2017-09-07 00:00:00-04:00,4.494500160217285,4.5,4.349999904632568,4.5,3100,0.0,0.0
2017-09-08 00:00:00-04:00,4.415900230407715,4.429999828338623,4.349999904632568,4.369999885559082,3900,0.0,0.0
2017-09-11 00:00:00-04:00,4.410200119018555,4.46999979019165,4.349999904632568,4.46999979019165,1000,0.0,0.0
2017-09-12 00:00:00-04:00,4.349999904632568,4.409999847412109,4.239999771118164,4.409999847412109,2300,0.0,0.0
2017-09-13 00:00:00-04:00,4.369999885559082,4.369999885559082,4.190000057220459,4.190000057220459,9300,0.0,0.0
2017-09-14 00:00:00-04:00,4.340000152587891,4.369900226593018,3.799999952316284,4.150000095367432,51700,0.0,0.0
2017-09-15 00:00:00-04:00,4.170000076293945,4.349999904632568,4.110000133514404,4.110000133514404,28800,0.0,0.0
2017-09-18 00:00:00-04:00,4.150000095367432,4.300000190734863,4.059999942779541,4.059999942779541,10300,0.0,0.0
2017-09-19 00:00:00-04:00,4.079999923706055,4.329999923706055,4.070000171661377,4.150000095367432,24600,0.0,0.0
2017-09-20 00:00:00-04:00,4.150000095367432,4.173500061035156,4.050000190734863,4.170000076293945,5300,0.0,0.0
2017-09-21 00:00:00-04:00,4.070000171661377,4.179999828338623,4.070000171661377,4.10890007019043,700,0.0,0.0
2017-09-22 00:00:00-04:00,4.179699897766113,4.199999809265137,4.150000095367432,4.199999809265137,2300,0.0,0.0
2017-09-25 00:00:00-04:00,4.164999961853027,4.164999961853027,4.089900016784668,4.150000095367432,5000,0.0,0.0
2017-09-26 00:00:00-04:00,4.052499771118164,4.09499979019165,4.050000190734863,4.050000190734863,16500,0.0,0.0
2017-09-27 00:00:00-04:00,4.010000228881836,4.010000228881836,4.010000228881836,4.010000228881836,300,0.0,0.0
2017-09-28 00:00:00-04:00,3.910099983215332,3.910099983215332,3.910099983215332,3.910099983215332,300,0.0,0.0
2017-09-29 00:00:00-04:00,4.041999816894531,4.050000190734863,4.010000228881836,4.050000190734863,2900,0.0,0.0
2017-10-02 00:00:00-04:00,4.012199878692627,4.046000003814697,4.010000228881836,4.010000228881836,2900,0.0,0.0
2017-10-03 00:00:00-04:00,4.013700008392334,4.05210018157959,3.950000047683716,4.0,5200,0.0,0.0
2017-10-04 00:00:00-04:00,3.9795000553131104,4.20989990234375,3.9719998836517334,4.199999809265137,10400,0.0,0.0
2017-10-05 00:00:00-04:00,4.163599967956543,4.349899768829346,4.03000020980835,4.340000152587891,8400,0.0,0.0
2017-10-06 00:00:00-04:00,4.201499938964844,4.315000057220459,4.201499938964844,4.269599914550781,2000,0.0,0.0
2017-10-09 00:00:00-04:00,4.199999809265137,4.199999809265137,4.081200122833252,4.081200122833252,1300,0.0,0.0
2017-10-10 00:00:00-04:00,4.050000190734863,4.053199768066406,4.0,4.053199768066406,1300,0.0,0.0
2017-10-11 00:00:00-04:00,4.008999824523926,4.150000095367432,4.008999824523926,4.139999866485596,3200,0.0,0.0
2017-10-12 00:00:00-04:00,4.079999923706055,4.199999809265137,4.079999923706055,4.099999904632568,4100,0.0,0.0
2017-10-13 00:00:00-04:00,4.181700229644775,4.289999961853027,4.181700229644775,4.261000156402588,6600,0.0,0.0
2017-10-16 00:00:00-04:00,4.289999961853027,4.440000057220459,4.250999927520752,4.313899993896484,2400,0.0,0.0
2017-10-17 00:00:00-04:00,4.420000076293945,4.420000076293945,4.3668999671936035,4.380000114440918,5300,0.0,0.0
2017-10-18 00:00:00-04:00,4.400000095367432,4.449999809265137,4.380000114440918,4.431000232696533,4500,0.0,0.0
2017-10-19 00:00:00-04:00,4.431000232696533,4.431000232696533,4.431000232696533,4.431000232696533,0,0.0,0.0
2017-10-20 00:00:00-04:00,4.321400165557861,4.449999809265137,4.321400165557861,4.449999809265137,6500,0.0,0.0
2017-10-23 00:00:00-04:00,4.349999904632568,4.449999809265137,4.349999904632568,4.360000133514404,1000,0.0,0.0
2017-10-24 00:00:00-04:00,4.254300117492676,4.315000057220459,4.254300117492676,4.315000057220459,1100,0.0,0.0
2017-10-25 00:00:00-04:00,4.449999809265137,4.5,4.443399906158447,4.449999809265137,14800,0.0,0.0
2017-10-26 00:00:00-04:00,4.5,4.599999904632568,4.46999979019165,4.580100059509277,6100,0.0,0.0
2017-10-27 00:00:00-04:00,4.586900234222412,4.599999904632568,4.539999961853027,4.599999904632568,6200,0.0,0.0
2017-10-30 00:00:00-04:00,4.5441999435424805,4.75,4.507199764251709,4.75,9700,0.0,0.0
2017-10-31 00:00:00-04:00,4.889999866485596,4.9766998291015625,4.75,4.9766998291015625,3700,0.0,0.0
2017-11-01 00:00:00-04:00,4.96999979019165,5.0,4.75,4.769999980926514,4800,0.0,0.0
2017-11-02 00:00:00-04:00,4.884200096130371,4.940000057220459,4.810999870300293,4.810999870300293,7200,0.0,0.0
2017-11-03 00:00:00-04:00,5.349999904632568,5.349999904632568,4.9456000328063965,5.238999843597412,5300,0.0,0.0
2017-11-06 00:00:00-05:00,5.230000019073486,5.25,5.002500057220459,5.166399955749512,10000,0.0,0.0
2017-11-07 00:00:00-05:00,5.000100135803223,5.25,5.000100135803223,5.25,7100,0.0,0.0
2017-11-08 00:00:00-05:00,5.269999980926514,5.5,5.269999980926514,5.5,8200,0.0,0.0
2017-11-09 00:00:00-05:00,5.5,5.590000152587891,5.489999771118164,5.590000152587891,4700,0.0,0.0
2017-11-10 00:00:00-05:00,5.622900009155273,5.739999771118164,5.622900009155273,5.670000076293945,11100,0.0,0.0
2017-11-13 00:00:00-05:00,5.738999843597412,5.75,5.672399997711182,5.720699787139893,11300,0.0,0.0
2017-11-14 00:00:00-05:00,5.829999923706055,5.829999923706055,5.401000022888184,5.510000228881836,23900,0.0,0.0
2017-11-15 00:00:00-05:00,5.409999847412109,5.505000114440918,5.400100231170654,5.461999893188477,6700,0.0,0.0
2017-11-16 00:00:00-05:00,5.4380998611450195,5.477200031280518,5.021100044250488,5.329999923706055,13900,0.0,0.0
2017-11-17 00:00:00-05:00,5.269999980926514,5.489999771118164,5.260000228881836,5.400000095367432,16200,0.0,0.0
2017-11-20 00:00:00-05:00,5.428500175476074,5.550000190734863,5.081999778747559,5.5,39900,0.0,0.0
2017-11-21 00:00:00-05:00,5.266900062561035,5.5,5.210000038146973,5.340000152587891,36800,0.0,0.0
2017-11-22 00:00:00-05:00,5.389999866485596,5.389999866485596,5.241000175476074,5.260000228881836,7700,0.0,0.0
2017-11-24 00:00:00-05:00,5.090000152587891,5.369999885559082,5.079999923706055,5.360000133514404,3600,0.0,0.0
2017-11-27 00:00:00-05:00,5.309999942779541,5.46999979019165,5.300000190734863,5.300000190734863,15700,0.0,0.0
2017-11-28 00:00:00-05:00,5.157599925994873,5.324999809265137,5.139999866485596,5.324999809265137,3000,0.0,0.0
2017-11-29 00:00:00-05:00,5.25,5.296000003814697,5.21999979019165,5.21999979019165,4900,0.0,0.0
2017-11-30 00:00:00-05:00,5.25,5.25,5.215000152587891,5.21999979019165,4500,0.0,0.0
2017-12-01 00:00:00-05:00,5.18209981918335,5.18209981918335,5.159999847412109,5.159999847412109,1300,0.0,0.0
2017-12-04 00:00:00-05:00,5.170000076293945,5.239999771118164,5.170000076293945,5.239999771118164,5000,0.0,0.0
2017-12-05 00:00:00-05:00,5.199999809265137,5.211699962615967,5.0493998527526855,5.074999809265137,8300,0.0,0.0
2017-12-06 00:00:00-05:00,5.0,5.0,4.980000019073486,4.984000205993652,2500,0.0,0.0
2017-12-07 00:00:00-05:00,4.810100078582764,4.953700065612793,4.810100078582764,4.934999942779541,3100,0.0,0.0
2017-12-08 00:00:00-05:00,4.934999942779541,4.934999942779541,4.934999942779541,4.934999942779541,0,0.0,0.0
2017-12-11 00:00:00-05:00,4.840000152587891,4.880000114440918,4.809999942779541,4.880000114440918,11400,0.0,0.0
2017-12-12 00:00:00-05:00,4.874599933624268,5.0,4.874599933624268,5.0,3200,0.0,0.0
2017-12-13 00:00:00-05:00,4.860000133514404,4.860000133514404,4.860000133514404,4.860000133514404,2300,0.0,0.0
2017-12-14 00:00:00-05:00,4.820000171661377,4.919000148773193,4.619999885559082,4.820000171661377,8100,0.0,0.0
2017-12-15 00:00:00-05:00,4.800000190734863,4.949999809265137,4.800000190734863,4.900000095367432,9500,0.0,0.0
2017-12-18 00:00:00-05:00,4.924499988555908,4.949999809265137,4.769999980926514,4.920000076293945,4600,0.0,0.0
2017-12-19 00:00:00-05:00,4.949999809265137,4.949999809265137,4.840000152587891,4.840000152587891,4500,0.0,0.0
2017-12-20 00:00:00-05:00,4.809999942779541,4.989999771118164,4.745999813079834,4.960000038146973,20400,0.0,0.0
2017-12-21 00:00:00-05:00,4.880000114440918,5.099999904632568,4.880000114440918,4.999000072479248,17400,0.0,0.0
2017-12-22 00:00:00-05:00,5.099999904632568,5.099999904632568,4.964700222015381,4.964700222015381,4200,0.0,0.0
2017-12-26 00:00:00-05:00,5.0,5.0,4.710000038146973,4.800000190734863,2800,0.0,0.0
2017-12-27 00:00:00-05:00,4.679999828338623,4.856500148773193,4.679999828338623,4.699399948120117,2300,0.0,0.0
2017-12-28 00:00:00-05:00,4.830399990081787,4.830399990081787,4.830399990081787,4.830399990081787,200,0.0,0.0
2017-12-29 00:00:00-05:00,4.770500183105469,4.787600040435791,4.734499931335449,4.771999835968018,9700,0.0,0.0
2018-01-02 00:00:00-05:00,4.781799793243408,4.880000114440918,4.773499965667725,4.800000190734863,2800,0.0,0.0
2018-01-03 00:00:00-05:00,4.7484002113342285,4.869999885559082,4.680099964141846,4.840000152587891,4600,0.0,0.0
2018-01-04 00:00:00-05:00,4.690899848937988,4.835899829864502,3.9200000762939453,4.679999828338623,13800,0.0,0.0
2018-01-05 00:00:00-05:00,4.710000038146973,4.739999771118164,4.710000038146973,4.730000019073486,2500,0.0,0.0
2018-01-08 00:00:00-05:00,4.800000190734863,4.800000190734863,4.572999954223633,4.760000228881836,1900,0.0,0.0
2018-01-09 00:00:00-05:00,4.735199928283691,4.809999942779541,4.735199928283691,4.809999942779541,1700,0.0,0.0
2018-01-10 00:00:00-05:00,4.579999923706055,4.759900093078613,4.579999923706055,4.759900093078613,4100,0.0,0.0
2018-01-11 00:00:00-05:00,4.747099876403809,4.80079984664917,4.747099876403809,4.80079984664917,2500,0.0,0.0
2018-01-12 00:00:00-05:00,4.809999942779541,4.835000038146973,4.699999809265137,4.699999809265137,8100,0.0,0.0
2018-01-16 00:00:00-05:00,4.699999809265137,4.699999809265137,4.590000152587891,4.650000095367432,9200,0.0,0.0
2018-01-17 00:00:00-05:00,4.679999828338623,4.699999809265137,4.28000020980835,4.670000076293945,30000,0.0,0.0
2018-01-18 00:00:00-05:00,4.688799858093262,4.699999809265137,4.670000076293945,4.699999809265137,15200,0.0,0.0
2018-01-19 00:00:00-05:00,4.699999809265137,5.050000190734863,4.677299976348877,5.050000190734863,43100,0.0,0.0
2018-01-22 00:00:00-05:00,5.050000190734863,5.050000190734863,4.920000076293945,4.920000076293945,5500,0.0,0.0
2018-01-23 00:00:00-05:00,5.0,5.099999904632568,4.980000019073486,5.099999904632568,7500,0.0,0.0
2018-01-24 00:00:00-05:00,5.050000190734863,5.099999904632568,4.909999847412109,5.099999904632568,9100,0.0,0.0
2018-01-25 00:00:00-05:00,5.149899959564209,5.25,5.019999980926514,5.239999771118164,19500,0.0,0.0
2018-01-26 00:00:00-05:00,4.949999809265137,5.736000061035156,4.949999809265137,5.650000095367432,20400,0.0,0.0
2018-01-29 00:00:00-05:00,5.840000152587891,6.559999942779541,5.794000148773193,6.099999904632568,79800,0.0,0.0
2018-01-30 00:00:00-05:00,5.900000095367432,6.0,5.400000095367432,5.920100212097168,57800,0.0,0.0
2018-01-31 00:00:00-05:00,4.0,5.0,3.9700000286102295,4.78000020980835,111000,0.0,0.0
2018-02-01 00:00:00-05:00,4.53000020980835,4.619999885559082,4.360099792480469,4.619999885559082,45600,0.0,0.0
2018-02-02 00:00:00-05:00,4.650000095367432,4.659900188446045,4.300000190734863,4.650000095367432,38700,0.0,0.0
2018-02-05 00:00:00-05:00,4.619999885559082,5.46999979019165,4.5,5.229899883270264,34400,0.0,0.0
2018-02-06 00:00:00-05:00,5.309999942779541,5.590000152587891,5.291600227355957,5.429999828338623,16500,0.0,0.0
2018-02-07 00:00:00-05:00,5.900000095367432,6.489999771118164,5.150100231170654,5.539999961853027,20900,0.0,0.0
2018-02-08 00:00:00-05:00,5.230000019073486,5.400000095367432,4.730000019073486,4.909999847412109,46200,0.0,0.0
2018-02-09 00:00:00-05:00,4.690000057220459,5.75,4.690000057220459,4.769999980926514,47100,0.0,0.0
2018-02-12 00:00:00-05:00,5.079999923706055,5.279900074005127,4.829999923706055,4.939000129699707,35800,0.0,0.0
2018-02-13 00:00:00-05:00,4.920000076293945,4.920000076293945,4.650000095367432,4.789999961853027,63200,0.0,0.0
2018-02-14 00:00:00-05:00,4.460000038146973,5.139999866485596,4.25,5.0,43300,0.0,0.0
2018-02-15 00:00:00-05:00,5.310999870300293,5.550000190734863,4.829999923706055,4.949999809265137,35200,0.0,0.0
2018-02-16 00:00:00-05:00,5.019999980926514,5.099999904632568,5.019999980926514,5.099999904632568,1800,0.0,0.0
2018-02-20 00:00:00-05:00,4.800000190734863,5.199999809265137,4.789999961853027,5.019999980926514,15300,0.0,0.0
2018-02-21 00:00:00-05:00,5.179999828338623,5.230000019073486,5.099999904632568,5.230000019073486,4000,0.0,0.0
2018-02-22 00:00:00-05:00,4.8404998779296875,5.360000133514404,4.815400123596191,4.960000038146973,21200,0.0,0.0
2018-02-23 00:00:00-05:00,4.960000038146973,5.079599857330322,4.674300193786621,5.0,11700,0.0,0.0
2018-02-26 00:00:00-05:00,5.019999980926514,5.135000228881836,4.739999771118164,5.010000228881836,15700,0.0,0.0
2018-02-27 00:00:00-05:00,5.0,5.0,4.75,4.949999809265137,52700,0.0,0.0
2018-02-28 00:00:00-05:00,4.920000076293945,5.099999904632568,4.486999988555908,4.639999866485596,45700,0.0,0.0
2018-03-01 00:00:00-05:00,4.699999809265137,4.849999904632568,4.5,4.590000152587891,17000,0.0,0.0
2018-03-02 00:00:00-05:00,4.53000020980835,4.584099769592285,4.5,4.550000190734863,2100,0.0,0.0
2018-03-05 00:00:00-05:00,4.550000190734863,4.550000190734863,4.391900062561035,4.539999961853027,8500,0.0,0.0
2018-03-06 00:00:00-05:00,4.449999809265137,4.570000171661377,4.230000019073486,4.230000019073486,28100,0.0,0.0
2018-03-07 00:00:00-05:00,4.190000057220459,4.440000057220459,4.190000057220459,4.429999828338623,17000,0.0,0.0
2018-03-08 00:00:00-05:00,4.400000095367432,4.400000095367432,4.25,4.25,26300,0.0,0.0
2018-03-09 00:00:00-05:00,4.300000190734863,4.699999809265137,4.289999961853027,4.400000095367432,59400,0.0,0.0
2018-03-12 00:00:00-04:00,4.329999923706055,4.5,4.215000152587891,4.215000152587891,26700,0.0,0.0
2018-03-13 00:00:00-04:00,4.21999979019165,4.340000152587891,3.6500000953674316,3.950000047683716,70100,0.0,0.0
2018-03-14 00:00:00-04:00,4.070000171661377,4.440000057220459,3.859800100326538,4.0,11500,0.0,0.0
2018-03-15 00:00:00-04:00,4.079999923706055,4.150000095367432,4.010000228881836,4.010000228881836,4900,0.0,0.0
2018-03-16 00:00:00-04:00,3.9800000190734863,4.170000076293945,3.809999942779541,4.170000076293945,3800,0.0,0.0
2018-03-19 00:00:00-04:00,4.130000114440918,4.130000114440918,3.2799999713897705,3.680000066757202,43500,0.0,0.0
2018-03-20 00:00:00-04:00,3.6700000762939453,3.930000066757202,3.4200000762939453,3.450000047683716,36000,0.0,0.0
2018-03-21 00:00:00-04:00,3.4800000190734863,3.6078999042510986,3.4700000286102295,3.5299999713897705,8500,0.0,0.0
2018-03-22 00:00:00-04:00,3.490000009536743,3.490000009536743,3.309999942779541,3.309999942779541,13800,0.0,0.0
2018-03-23 00:00:00-04:00,3.440200090408325,3.489000082015991,3.3499999046325684,3.4100000858306885,2800,0.0,0.0
2018-03-26 00:00:00-04:00,3.3499999046325684,3.4100000858306885,3.3499999046325684,3.4100000858306885,13700,0.0,0.0
2018-03-27 00:00:00-04:00,3.361999988555908,3.430000066757202,3.3499999046325684,3.3499999046325684,169300,0.0,0.0
2018-03-28 00:00:00-04:00,3.369999885559082,3.509999990463257,3.369999885559082,3.509999990463257,8100,0.0,0.0
2018-03-29 00:00:00-04:00,3.380000114440918,3.9700000286102295,3.369999885559082,3.450000047683716,16200,0.0,0.0
2018-04-02 00:00:00-04:00,3.4800000190734863,3.809999942779541,3.4800000190734863,3.5,17000,0.0,0.0
2018-04-03 00:00:00-04:00,3.5999999046325684,4.090000152587891,3.4700000286102295,3.740000009536743,22600,0.0,0.0
2018-04-04 00:00:00-04:00,3.808300018310547,3.9700000286102295,3.3499999046325684,3.4200000762939453,38900,0.0,0.0
2018-04-05 00:00:00-04:00,3.4800000190734863,3.559999942779541,3.4600000381469727,3.559999942779541,1400,0.0,0.0
2018-04-06 00:00:00-04:00,3.5199999809265137,3.5199999809265137,3.357800006866455,3.359999895095825,1100,0.0,0.0
2018-04-09 00:00:00-04:00,3.4000000953674316,3.5999999046325684,3.4000000953674316,3.593899965286255,29900,0.0,0.0
2018-04-10 00:00:00-04:00,3.5999999046325684,4.0,3.420099973678589,3.7100000381469727,26000,0.0,0.0
2018-04-11 00:00:00-04:00,3.7200000286102295,3.869999885559082,3.4800000190734863,3.869999885559082,13700,0.0,0.0
2018-04-12 00:00:00-04:00,3.900399923324585,4.059999942779541,3.7095000743865967,3.869999885559082,14100,0.0,0.0
2018-04-13 00:00:00-04:00,3.880000114440918,4.300000190734863,3.880000114440918,4.090000152587891,16800,0.0,0.0
2018-04-16 00:00:00-04:00,4.050000190734863,4.099999904632568,3.8499999046325684,3.9000000953674316,10200,0.0,0.0
2018-04-17 00:00:00-04:00,3.950000047683716,3.950000047683716,3.930000066757202,3.930000066757202,1100,0.0,0.0
2018-04-18 00:00:00-04:00,4.050000190734863,4.190000057220459,3.944999933242798,4.130000114440918,13600,0.0,0.0
2018-04-19 00:00:00-04:00,4.130000114440918,4.130000114440918,4.130000114440918,4.130000114440918,0,0.0,0.0
2018-04-20 00:00:00-04:00,3.9600000381469727,4.019999980926514,3.934000015258789,3.9600000381469727,14500,0.0,0.0
2018-04-23 00:00:00-04:00,4.170000076293945,4.599999904632568,3.8338000774383545,3.9800000190734863,52800,0.0,0.0
2018-04-24 00:00:00-04:00,4.03000020980835,4.03000020980835,3.740000009536743,3.740000009536743,8400,0.0,0.0
2018-04-25 00:00:00-04:00,3.769200086593628,3.769200086593628,3.640000104904175,3.640000104904175,22900,0.0,0.0
2018-04-26 00:00:00-04:00,3.628000020980835,3.6698999404907227,3.628000020980835,3.6698999404907227,2100,0.0,0.0
2018-04-27 00:00:00-04:00,3.640000104904175,3.680000066757202,3.6398000717163086,3.6600000858306885,9500,0.0,0.0
2018-04-30 00:00:00-04:00,3.6700000762939453,4.150000095367432,3.5999999046325684,4.010000228881836,36600,0.0,0.0
2018-05-01 00:00:00-04:00,4.0,4.239999771118164,4.0,4.190000057220459,11300,0.0,0.0
2018-05-02 00:00:00-04:00,4.190000057220459,4.190000057220459,4.089900016784668,4.150000095367432,4400,0.0,0.0
2018-05-03 00:00:00-04:00,4.159999847412109,4.159999847412109,4.079999923706055,4.139999866485596,5400,0.0,0.0
2018-05-04 00:00:00-04:00,4.230000019073486,4.230000019073486,4.19789981842041,4.199999809265137,8400,0.0,0.0
2018-05-07 00:00:00-04:00,4.25,4.25,4.179999828338623,4.179999828338623,4800,0.0,0.0
2018-05-08 00:00:00-04:00,4.110300064086914,4.110300064086914,4.099999904632568,4.099999904632568,300,0.0,0.0
2018-05-09 00:00:00-04:00,4.149700164794922,4.199999809265137,4.010000228881836,4.010000228881836,20100,0.0,0.0
2018-05-10 00:00:00-04:00,4.050000190734863,4.070000171661377,4.050000190734863,4.050000190734863,3400,0.0,0.0
2018-05-11 00:00:00-04:00,4.03000020980835,4.03000020980835,4.0,4.010000228881836,800,0.0,0.0
2018-05-14 00:00:00-04:00,4.010000228881836,4.010000228881836,4.010000228881836,4.010000228881836,0,0.0,0.0
2018-05-15 00:00:00-04:00,3.990000009536743,4.010000228881836,3.865000009536743,4.0,34300,0.0,0.0
2018-05-16 00:00:00-04:00,4.0,4.039999961853027,4.0,4.039999961853027,18000,0.0,0.0
2018-05-17 00:00:00-04:00,3.640000104904175,3.9700000286102295,3.640000104904175,3.9700000286102295,4200,0.0,0.0
2018-05-18 00:00:00-04:00,3.700000047683716,4.0,3.5399999618530273,4.0,10500,0.0,0.0
2018-05-21 00:00:00-04:00,3.8550000190734863,4.0,3.710099935531616,3.9600000381469727,11600,0.0,0.0
2018-05-22 00:00:00-04:00,3.8099000453948975,3.9600000381469727,3.8099000453948975,3.9600000381469727,2200,0.0,0.0
2018-05-23 00:00:00-04:00,3.9709999561309814,4.150000095367432,3.5660998821258545,4.150000095367432,80600,0.0,0.0
2018-05-24 00:00:00-04:00,4.159999847412109,4.199999809265137,3.7699999809265137,3.8499999046325684,68400,0.0,0.0
2018-05-25 00:00:00-04:00,3.873699903488159,3.873699903488159,3.873699903488159,3.873699903488159,200,0.0,0.0
2018-05-29 00:00:00-04:00,3.9001998901367188,3.990000009536743,3.7100000381469727,3.85479998588562,14400,0.0,0.0
2018-05-30 00:00:00-04:00,3.75,4.070000171661377,3.75,3.75,15700,0.0,0.0
2018-05-31 00:00:00-04:00,3.8499999046325684,3.869999885559082,3.811000108718872,3.859999895095825,8300,0.0,0.0
2018-06-01 00:00:00-04:00,3.7899999618530273,4.01230001449585,3.777600049972534,3.8499999046325684,3200,0.0,0.0
2018-06-04 00:00:00-04:00,3.988100051879883,4.039999961853027,3.930000066757202,3.930000066757202,12500,0.0,0.0
2018-06-05 00:00:00-04:00,3.9000000953674316,3.9393999576568604,3.799999952316284,3.799999952316284,3000,0.0,0.0
2018-06-06 00:00:00-04:00,3.8499999046325684,3.9200000762939453,3.7100000381469727,3.7200000286102295,4800,0.0,0.0
2018-06-07 00:00:00-04:00,3.759999990463257,3.930000066757202,3.6745998859405518,3.9100000858306885,3700,0.0,0.0
2018-06-08 00:00:00-04:00,3.915800094604492,3.915800094604492,3.869999885559082,3.869999885559082,900,0.0,0.0
2018-06-11 00:00:00-04:00,3.869999885559082,3.880000114440918,3.869999885559082,3.880000114440918,500,0.0,0.0
2018-06-12 00:00:00-04:00,3.9000000953674316,3.900099992752075,3.700000047683716,3.9000000953674316,8400,0.0,0.0
2018-06-13 00:00:00-04:00,3.8499999046325684,4.070000171661377,3.7300000190734863,3.7300000190734863,39600,0.0,0.0
2018-06-14 00:00:00-04:00,3.7100000381469727,4.079999923706055,3.7100000381469727,3.819999933242798,5900,0.0,0.0
2018-06-15 00:00:00-04:00,3.75,3.7760000228881836,3.4000000953674316,3.6500000953674316,22600,0.0,0.0
2018-06-18 00:00:00-04:00,3.869999885559082,4.0,3.869999885559082,3.990000009536743,7300,0.0,0.0
2018-06-19 00:00:00-04:00,4.0,4.0,3.9200000762939453,3.9200000762939453,600,0.0,0.0
2018-06-20 00:00:00-04:00,3.9100000858306885,3.9700000286102295,3.9000000953674316,3.9700000286102295,3300,0.0,0.0
2018-06-21 00:00:00-04:00,3.819999933242798,3.8499999046325684,3.799999952316284,3.8499999046325684,2300,0.0,0.0
2018-06-22 00:00:00-04:00,3.80049991607666,4.0,3.799999952316284,4.0,15600,0.0,0.0
2018-06-25 00:00:00-04:00,3.8124001026153564,3.9800000190734863,3.8124001026153564,3.9800000190734863,500,0.0,0.0
2018-06-26 00:00:00-04:00,3.9800000190734863,3.9800000190734863,3.9800000190734863,3.9800000190734863,0,0.0,0.0
2018-06-27 00:00:00-04:00,3.8499999046325684,3.8499999046325684,3.8299999237060547,3.8299999237060547,700,0.0,0.0
2018-06-28 00:00:00-04:00,3.819999933242798,3.819999933242798,3.819999933242798,3.819999933242798,100,0.0,0.0
2018-06-29 00:00:00-04:00,3.819999933242798,3.819999933242798,3.819999933242798,3.819999933242798,200,0.0,0.0
2018-07-02 00:00:00-04:00,3.819999933242798,3.8299999237060547,3.700000047683716,3.700000047683716,10200,0.0,0.0
2018-07-03 00:00:00-04:00,3.75,3.910599946975708,3.700000047683716,3.700000047683716,4800,0.0,0.0
2018-07-05 00:00:00-04:00,3.880000114440918,3.880000114440918,3.880000114440918,3.880000114440918,1600,0.0,0.0
2018-07-06 00:00:00-04:00,3.799999952316284,3.799999952316284,3.6303000450134277,3.7200000286102295,17500,0.0,0.0
2018-07-09 00:00:00-04:00,3.5999999046325684,3.75,3.5999999046325684,3.690000057220459,9500,0.0,0.0
2018-07-10 00:00:00-04:00,3.690000057220459,3.690000057220459,3.690000057220459,3.690000057220459,0,0.0,0.0
2018-07-11 00:00:00-04:00,3.7100000381469727,3.799999952316284,3.700000047683716,3.7040998935699463,11700,0.0,0.0
2018-07-12 00:00:00-04:00,3.759999990463257,3.759999990463257,3.5299999713897705,3.719899892807007,600,0.0,0.0
2018-07-13 00:00:00-04:00,3.700000047683716,3.8420000076293945,3.700000047683716,3.73009991645813,10200,0.0,0.0
2018-07-16 00:00:00-04:00,7.909999847412109,8.4399995803833,5.409999847412109,6.150000095367432,10604800,0.0,0.0
2018-07-17 00:00:00-04:00,5.559999942779541,5.760000228881836,4.5,4.809999942779541,1183900,0.0,0.0
2018-07-18 00:00:00-04:00,4.809999942779541,4.809999942779541,4.239999771118164,4.539999961853027,473200,0.0,0.0
2018-07-19 00:00:00-04:00,4.570000171661377,5.329999923706055,4.570000171661377,5.289999961853027,566000,0.0,0.0
2018-07-20 00:00:00-04:00,5.300000190734863,5.409999847412109,4.880000114440918,5.050000190734863,230900,0.0,0.0
2018-07-23 00:00:00-04:00,5.010000228881836,5.050000190734863,4.849999904632568,4.949999809265137,58100,0.0,0.0
2018-07-24 00:00:00-04:00,5.0,5.050000190734863,4.690000057220459,4.800000190734863,80000,0.0,0.0
2018-07-25 00:00:00-04:00,4.78000020980835,4.809999942779541,4.630000114440918,4.710000038146973,67700,0.0,0.0
2018-07-26 00:00:00-04:00,4.760000228881836,4.900000095367432,4.630099773406982,4.820000171661377,45900,0.0,0.0
2018-07-27 00:00:00-04:00,4.849999904632568,4.881999969482422,4.650000095367432,4.789999961853027,63100,0.0,0.0
2018-07-30 00:00:00-04:00,4.800000190734863,4.800000190734863,4.520100116729736,4.590000152587891,53600,0.0,0.0
2018-07-31 00:00:00-04:00,4.407800197601318,4.630000114440918,4.400000095367432,4.630000114440918,28100,0.0,0.0
2018-08-01 00:00:00-04:00,4.570000171661377,4.584199905395508,4.539999961853027,4.561999797821045,15900,0.0,0.0
2018-08-02 00:00:00-04:00,4.550099849700928,4.7895002365112305,4.429999828338623,4.71019983291626,23900,0.0,0.0
2018-08-03 00:00:00-04:00,4.699999809265137,4.699999809265137,4.570000171661377,4.619999885559082,48400,0.0,0.0
2018-08-06 00:00:00-04:00,4.650000095367432,4.6605000495910645,4.484000205993652,4.6605000495910645,11900,0.0,0.0
2018-08-07 00:00:00-04:00,4.560100078582764,4.7399001121521,4.510000228881836,4.590000152587891,14800,0.0,0.0
2018-08-08 00:00:00-04:00,4.585299968719482,4.696000099182129,4.510000228881836,4.637800216674805,10200,0.0,0.0
2018-08-09 00:00:00-04:00,4.540999889373779,4.601399898529053,4.28000020980835,4.5,9300,0.0,0.0
2018-08-10 00:00:00-04:00,4.53000020980835,4.547900199890137,4.349999904632568,4.539999961853027,13400,0.0,0.0
2018-08-13 00:00:00-04:00,4.5,4.5,4.250999927520752,4.329999923706055,22600,0.0,0.0
2018-08-14 00:00:00-04:00,4.361700057983398,4.445000171661377,4.340000152587891,4.340000152587891,23000,0.0,0.0
2018-08-15 00:00:00-04:00,4.320000171661377,4.320000171661377,3.9100000858306885,4.2434000968933105,52300,0.0,0.0
2018-08-16 00:00:00-04:00,4.1234002113342285,4.320000171661377,4.11929988861084,4.210000038146973,8600,0.0,0.0
2018-08-17 00:00:00-04:00,4.231100082397461,4.400000095367432,4.099999904632568,4.199999809265137,48600,0.0,0.0
2018-08-20 00:00:00-04:00,4.179999828338623,4.39709997177124,4.159299850463867,4.39709997177124,15300,0.0,0.0
2018-08-21 00:00:00-04:00,4.340000152587891,4.389999866485596,4.210000038146973,4.349999904632568,40100,0.0,0.0
2018-08-22 00:00:00-04:00,4.301000118255615,4.349999904632568,4.260000228881836,4.349999904632568,3000,0.0,0.0
2018-08-23 00:00:00-04:00,4.300000190734863,4.304999828338623,4.244200229644775,4.289999961853027,7400,0.0,0.0
2018-08-24 00:00:00-04:00,4.320000171661377,4.320000171661377,4.170000076293945,4.25,4600,0.0,0.0
2018-08-27 00:00:00-04:00,4.21999979019165,4.310999870300293,4.198500156402588,4.239999771118164,13800,0.0,0.0
2018-08-28 00:00:00-04:00,4.260000228881836,4.267899990081787,4.199999809265137,4.2434000968933105,2500,0.0,0.0
2018-08-29 00:00:00-04:00,4.169000148773193,4.196000099182129,4.117199897766113,4.183199882507324,19600,0.0,0.0
2018-08-30 00:00:00-04:00,4.142899990081787,4.159900188446045,4.142899990081787,4.159900188446045,1100,0.0,0.0
2018-08-31 00:00:00-04:00,4.2220001220703125,4.2220001220703125,4.113100051879883,4.124499797821045,7400,0.0,0.0
2018-09-04 00:00:00-04:00,4.11899995803833,4.230000019073486,4.116099834442139,4.119999885559082,4200,0.0,0.0
2018-09-05 00:00:00-04:00,4.099999904632568,4.150000095367432,4.099999904632568,4.150000095367432,5800,0.0,0.0
2018-09-06 00:00:00-04:00,4.158699989318848,4.1793999671936035,4.110000133514404,4.1793999671936035,1900,0.0,0.0
2018-09-07 00:00:00-04:00,4.144899845123291,4.144899845123291,4.144899845123291,4.144899845123291,200,0.0,0.0
2018-09-10 00:00:00-04:00,4.090000152587891,4.25,4.090000152587891,4.25,22400,0.0,0.0
2018-09-11 00:00:00-04:00,4.25,4.5,4.1392998695373535,4.429999828338623,24900,0.0,0.0
2018-09-12 00:00:00-04:00,4.320000171661377,4.550000190734863,4.320000171661377,4.53000020980835,26000,0.0,0.0
2018-09-13 00:00:00-04:00,5.150000095367432,5.599999904632568,4.770100116729736,5.119999885559082,554300,0.0,0.0
2018-09-14 00:00:00-04:00,5.0,5.489999771118164,5.0,5.429999828338623,150300,0.0,0.0
2018-09-17 00:00:00-04:00,5.489999771118164,5.699999809265137,5.300000190734863,5.670000076293945,117900,0.0,0.0
2018-09-18 00:00:00-04:00,5.670000076293945,5.71999979019165,5.301000118255615,5.630000114440918,33100,0.0,0.0
2018-09-19 00:00:00-04:00,5.519999980926514,5.880000114440918,5.340000152587891,5.869999885559082,46900,0.0,0.0
2018-09-20 00:00:00-04:00,6.0,6.889999866485596,6.0,6.519999980926514,209000,0.0,0.0
2018-09-21 00:00:00-04:00,6.579999923706055,6.889999866485596,5.769999980926514,5.96999979019165,158100,0.0,0.0
2018-09-24 00:00:00-04:00,6.099999904632568,6.583600044250488,6.0,6.130000114440918,32700,0.0,0.0
2018-09-25 00:00:00-04:00,6.099999904632568,6.269999980926514,6.0,6.010000228881836,14900,0.0,0.0
2018-09-26 00:00:00-04:00,6.4720001220703125,6.4720001220703125,6.0,6.0,13400,0.0,0.0
2018-09-27 00:00:00-04:00,6.0,6.1803998947143555,6.0,6.0,17500,0.0,0.0
2018-09-28 00:00:00-04:00,6.21999979019165,6.357999801635742,6.0,6.03000020980835,16900,0.0,0.0
2018-10-01 00:00:00-04:00,6.03000020980835,6.170000076293945,6.0,6.090000152587891,11200,0.0,0.0
2018-10-02 00:00:00-04:00,6.070000171661377,6.070000171661377,5.800000190734863,5.96999979019165,16900,0.0,0.0
2018-10-03 00:00:00-04:00,6.0,6.159999847412109,5.699999809265137,5.824999809265137,13200,0.0,0.0
2018-10-04 00:00:00-04:00,5.820000171661377,6.190000057220459,5.559999942779541,6.0,31000,0.0,0.0
2018-10-05 00:00:00-04:00,6.0,6.0,5.869999885559082,5.869999885559082,1200,0.0,0.0
2018-10-08 00:00:00-04:00,5.71999979019165,5.855000019073486,5.71999979019165,5.800000190734863,2900,0.0,0.0
2018-10-09 00:00:00-04:00,5.800000190734863,5.84499979019165,5.599999904632568,5.699999809265137,4000,0.0,0.0
2018-10-10 00:00:00-04:00,5.857999801635742,6.179999828338623,5.764999866485596,6.110000133514404,14600,0.0,0.0
2018-10-11 00:00:00-04:00,6.170000076293945,6.400000095367432,6.010000228881836,6.400000095367432,3100,0.0,0.0
2018-10-12 00:00:00-04:00,6.289999961853027,6.480000019073486,6.0,6.0,14200,0.0,0.0
2018-10-15 00:00:00-04:00,6.090000152587891,6.090000152587891,5.909999847412109,6.0,4500,0.0,0.0
2018-10-16 00:00:00-04:00,6.03000020980835,6.670000076293945,5.639999866485596,6.489999771118164,56200,0.0,0.0
2018-10-17 00:00:00-04:00,6.5,6.5,6.070000171661377,6.090000152587891,5400,0.0,0.0
2018-10-18 00:00:00-04:00,6.050000190734863,6.410799980163574,6.050000190734863,6.21999979019165,5000,0.0,0.0
2018-10-19 00:00:00-04:00,6.150000095367432,6.199999809265137,5.840000152587891,6.099999904632568,2500,0.0,0.0
2018-10-22 00:00:00-04:00,5.828999996185303,5.880000114440918,5.800000190734863,5.800000190734863,1400,0.0,0.0
2018-10-23 00:00:00-04:00,5.769999980926514,6.161200046539307,5.760000228881836,5.800000190734863,3700,0.0,0.0
2018-10-24 00:00:00-04:00,5.809999942779541,5.880000114440918,5.809999942779541,5.880000114440918,1100,0.0,0.0
2018-10-25 00:00:00-04:00,6.010000228881836,6.010000228881836,5.449999809265137,5.769999980926514,7200,0.0,0.0
2018-10-26 00:00:00-04:00,5.710000038146973,5.789999961853027,5.699999809265137,5.699999809265137,1300,0.0,0.0
2018-10-29 00:00:00-04:00,5.698299884796143,6.137599945068359,5.698299884796143,5.989999771118164,17800,0.0,0.0
2018-10-30 00:00:00-04:00,6.019999980926514,6.079999923706055,5.778800010681152,5.989999771118164,5000,0.0,0.0
2018-10-31 00:00:00-04:00,5.901800155639648,6.079899787902832,5.901800155639648,6.079899787902832,1400,0.0,0.0
2018-11-01 00:00:00-04:00,5.949999809265137,6.199999809265137,5.828999996185303,6.079999923706055,4500,0.0,0.0
2018-11-02 00:00:00-04:00,5.985499858856201,6.135000228881836,5.985499858856201,6.135000228881836,5100,0.0,0.0
2018-11-05 00:00:00-05:00,5.974999904632568,6.126299858093262,5.7600998878479,5.940000057220459,7400,0.0,0.0
2018-11-06 00:00:00-05:00,5.989999771118164,6.199999809265137,5.980000019073486,6.199999809265137,6500,0.0,0.0
2018-11-07 00:00:00-05:00,6.170000076293945,6.400000095367432,6.170000076293945,6.179999828338623,2500,0.0,0.0
2018-11-08 00:00:00-05:00,6.340000152587891,6.340000152587891,6.0,6.300000190734863,4700,0.0,0.0
2018-11-09 00:00:00-05:00,6.130000114440918,6.150000095367432,6.010000228881836,6.150000095367432,2300,0.0,0.0
2018-11-12 00:00:00-05:00,6.319699764251709,6.319699764251709,5.8993000984191895,5.96999979019165,9100,0.0,0.0
2018-11-13 00:00:00-05:00,6.199999809265137,6.860000133514404,6.199999809265137,6.400000095367432,81700,0.0,0.0
2018-11-14 00:00:00-05:00,6.400000095367432,6.400000095367432,6.269999980926514,6.329999923706055,5500,0.0,0.0
2018-11-15 00:00:00-05:00,6.163599967956543,6.203800201416016,6.050099849700928,6.203800201416016,4100,0.0,0.0
2018-11-16 00:00:00-05:00,6.3429999351501465,6.3429999351501465,6.132500171661377,6.132500171661377,600,0.0,0.0
2018-11-19 00:00:00-05:00,6.28000020980835,6.340000152587891,6.035699844360352,6.320000171661377,27000,0.0,0.0
2018-11-20 00:00:00-05:00,6.159999847412109,6.170000076293945,5.849999904632568,5.849999904632568,11200,0.0,0.0
2018-11-21 00:00:00-05:00,6.320000171661377,6.320000171661377,6.320000171661377,6.320000171661377,200,0.0,0.0
2018-11-23 00:00:00-05:00,6.260700225830078,6.260700225830078,6.260700225830078,6.260700225830078,400,0.0,0.0
2018-11-26 00:00:00-05:00,5.947999954223633,6.180799961090088,5.920000076293945,5.920000076293945,15500,0.0,0.0
2018-11-27 00:00:00-05:00,6.0,6.0,5.900000095367432,5.940000057220459,2400,0.0,0.0
2018-11-28 00:00:00-05:00,5.949999809265137,5.980000019073486,5.900599956512451,5.980000019073486,4400,0.0,0.0
2018-11-29 00:00:00-05:00,6.070000171661377,6.210000038146973,5.909999847412109,5.909999847412109,1300,0.0,0.0
2018-11-30 00:00:00-05:00,6.25,6.25,5.900000095367432,5.949999809265137,7000,0.0,0.0
2018-12-03 00:00:00-05:00,5.920000076293945,6.03000020980835,5.920000076293945,6.0,1600,0.0,0.0
2018-12-04 00:00:00-05:00,6.0,6.0,6.0,6.0,100,0.0,0.0
2018-12-06 00:00:00-05:00,5.989999771118164,6.107800006866455,5.769999980926514,5.880000114440918,6000,0.0,0.0
2018-12-07 00:00:00-05:00,5.860000133514404,6.174900054931641,5.75,5.75,27500,0.0,0.0
2018-12-10 00:00:00-05:00,6.182600021362305,6.182600021362305,5.848199844360352,5.848199844360352,700,0.0,0.0
2018-12-11 00:00:00-05:00,6.0,6.0,5.699999809265137,5.699999809265137,600,0.0,0.0
2018-12-12 00:00:00-05:00,5.832099914550781,5.875,5.832099914550781,5.875,300,0.0,0.0
2018-12-13 00:00:00-05:00,5.778800010681152,5.880000114440918,5.750100135803223,5.760000228881836,1700,0.0,0.0
2018-12-14 00:00:00-05:00,5.8572001457214355,5.9019999504089355,5.8572001457214355,5.9019999504089355,1400,0.0,0.0
2018-12-17 00:00:00-05:00,5.784800052642822,5.900000095367432,5.75,5.849999904632568,11100,0.0,0.0
2018-12-18 00:00:00-05:00,5.699999809265137,5.900000095367432,5.699999809265137,5.75,9000,0.0,0.0
2018-12-19 00:00:00-05:00,5.885000228881836,5.885000228881836,5.860000133514404,5.880000114440918,1300,0.0,0.0
2018-12-20 00:00:00-05:00,5.867400169372559,5.900000095367432,5.550000190734863,5.599999904632568,7100,0.0,0.0
2018-12-21 00:00:00-05:00,5.6407999992370605,6.199999809265137,5.314499855041504,5.599999904632568,17500,0.0,0.0
2018-12-24 00:00:00-05:00,5.639999866485596,5.759500026702881,5.230000019073486,5.420000076293945,16200,0.0,0.0
2018-12-26 00:00:00-05:00,5.599999904632568,5.599999904632568,5.376800060272217,5.501999855041504,2800,0.0,0.0
2018-12-27 00:00:00-05:00,5.377299785614014,5.619999885559082,5.376800060272217,5.619999885559082,3100,0.0,0.0
2018-12-28 00:00:00-05:00,5.539999961853027,5.880000114440918,5.539999961853027,5.675000190734863,3100,0.0,0.0
2018-12-31 00:00:00-05:00,5.9222002029418945,5.9222002029418945,5.784999847412109,5.820000171661377,1500,0.0,0.0
2019-01-02 00:00:00-05:00,5.790900230407715,5.989999771118164,5.790900230407715,5.989999771118164,1600,0.0,0.0
2019-01-03 00:00:00-05:00,5.989999771118164,5.989999771118164,5.989999771118164,5.989999771118164,100,0.0,0.0
2019-01-04 00:00:00-05:00,5.752399921417236,5.953999996185303,5.752399921417236,5.869999885559082,2100,0.0,0.0
2019-01-07 00:00:00-05:00,5.880000114440918,5.945000171661377,5.699999809265137,5.929999828338623,11700,0.0,0.0
2019-01-08 00:00:00-05:00,5.896399974822998,5.9496002197265625,5.8130998611450195,5.940000057220459,14900,0.0,0.0
2019-01-09 00:00:00-05:00,5.920000076293945,6.0370001792907715,5.920000076293945,5.960000038146973,16300,0.0,0.0
2019-01-10 00:00:00-05:00,5.917699813842773,6.049900054931641,5.910999774932861,6.049900054931641,4900,0.0,0.0
2019-01-11 00:00:00-05:00,5.739999771118164,6.039999961853027,5.71999979019165,5.87939977645874,1800,0.0,0.0
2019-01-14 00:00:00-05:00,5.87939977645874,5.87939977645874,5.87939977645874,5.87939977645874,100,0.0,0.0
2019-01-15 00:00:00-05:00,5.869999885559082,5.869999885559082,5.869999885559082,5.869999885559082,100,0.0,0.0
2019-01-16 00:00:00-05:00,5.789999961853027,5.929999828338623,5.789999961853027,5.86359977722168,14200,0.0,0.0
2019-01-17 00:00:00-05:00,5.730000019073486,5.830999851226807,5.728499889373779,5.78000020980835,6100,0.0,0.0
2019-01-18 00:00:00-05:00,5.934999942779541,5.934999942779541,5.849999904632568,5.853600025177002,1500,0.0,0.0
2019-01-22 00:00:00-05:00,5.900000095367432,5.900000095367432,5.78000020980835,5.78000020980835,500,0.0,0.0
2019-01-23 00:00:00-05:00,5.739999771118164,5.889999866485596,5.659999847412109,5.75,27500,0.0,0.0
2019-01-24 00:00:00-05:00,5.876999855041504,5.876999855041504,5.876999855041504,5.876999855041504,200,0.0,0.0
2019-01-25 00:00:00-05:00,5.876999855041504,5.876999855041504,5.876999855041504,5.876999855041504,400,0.0,0.0
2019-01-28 00:00:00-05:00,5.876999855041504,5.876999855041504,5.876999855041504,5.876999855041504,100,0.0,0.0
2019-01-29 00:00:00-05:00,5.750500202178955,5.889999866485596,5.75,5.866000175476074,15800,0.0,0.0
2019-01-30 00:00:00-05:00,5.800000190734863,6.349999904632568,5.771200180053711,6.349999904632568,55600,0.0,0.0
2019-01-31 00:00:00-05:00,6.349999904632568,6.349999904632568,6.199999809265137,6.289999961853027,3200,0.0,0.0
2019-02-01 00:00:00-05:00,6.300000190734863,6.300000190734863,5.857500076293945,5.920000076293945,29500,0.0,0.0
2019-02-04 00:00:00-05:00,6.0,6.0,5.900000095367432,5.909999847412109,33800,0.0,0.0
2019-02-05 00:00:00-05:00,5.971099853515625,6.349999904632568,5.910099983215332,6.019999980926514,72000,0.0,0.0
2019-02-06 00:00:00-05:00,6.130000114440918,6.938399791717529,6.130000114440918,6.803899765014648,104100,0.0,0.0
2019-02-07 00:00:00-05:00,6.800000190734863,7.31279993057251,6.800000190734863,7.21999979019165,63800,0.0,0.0
2019-02-08 00:00:00-05:00,7.150000095367432,7.389999866485596,6.579999923706055,7.050000190734863,34500,0.0,0.0
2019-02-11 00:00:00-05:00,7.170000076293945,7.897299766540527,7.0,7.449999809265137,93500,0.0,0.0
2019-02-12 00:00:00-05:00,7.570000171661377,7.570000171661377,6.25,7.199999809265137,33100,0.0,0.0
2019-02-13 00:00:00-05:00,7.239999771118164,7.259900093078613,7.023499965667725,7.139999866485596,11700,0.0,0.0
2019-02-14 00:00:00-05:00,7.099999904632568,7.659900188446045,6.46999979019165,6.46999979019165,90000,0.0,0.0
2019-02-15 00:00:00-05:00,6.559999942779541,7.320000171661377,6.559999942779541,6.829999923706055,39300,0.0,0.0
2019-02-19 00:00:00-05:00,7.019999980926514,7.25,6.949999809265137,7.03000020980835,35200,0.0,0.0
2019-02-20 00:00:00-05:00,7.099999904632568,7.275000095367432,6.900000095367432,6.900000095367432,28600,0.0,0.0
2019-02-21 00:00:00-05:00,6.900000095367432,7.077300071716309,6.550000190734863,6.599999904632568,46900,0.0,0.0
2019-02-22 00:00:00-05:00,6.769999980926514,6.987400054931641,6.730000019073486,6.730000019073486,8700,0.0,0.0
2019-02-25 00:00:00-05:00,6.869999885559082,7.139999866485596,6.869999885559082,7.039999961853027,11400,0.0,0.0
2019-02-26 00:00:00-05:00,7.0,7.050000190734863,6.809999942779541,7.050000190734863,24900,0.0,0.0
2019-02-27 00:00:00-05:00,6.960000038146973,7.5,6.960000038146973,7.363699913024902,26100,0.0,0.0
2019-02-28 00:00:00-05:00,7.46999979019165,7.799900054931641,7.122700214385986,7.210000038146973,52800,0.0,0.0
2019-03-01 00:00:00-05:00,7.289999961853027,7.400000095367432,7.010000228881836,7.199999809265137,19000,0.0,0.0
2019-03-04 00:00:00-05:00,7.199999809265137,7.648499965667725,7.045000076293945,7.480000019073486,32200,0.0,0.0
2019-03-05 00:00:00-05:00,7.639999866485596,7.848999977111816,7.47599983215332,7.820000171661377,54300,0.0,0.0
2019-03-06 00:00:00-05:00,7.920000076293945,7.940000057220459,7.519999980926514,7.78000020980835,45100,0.0,0.0
2019-03-07 00:00:00-05:00,7.699999809265137,7.869999885559082,7.25,7.409999847412109,21800,0.0,0.0
2019-03-08 00:00:00-05:00,7.210000038146973,7.78000020980835,7.150000095367432,7.78000020980835,51300,0.0,0.0
2019-03-11 00:00:00-04:00,7.699999809265137,7.829999923706055,7.539000034332275,7.670000076293945,16000,0.0,0.0
2019-03-12 00:00:00-04:00,7.690000057220459,8.479999542236328,7.650000095367432,7.989999771118164,117600,0.0,0.0
2019-03-13 00:00:00-04:00,8.050000190734863,8.439900398254395,8.0,8.149999618530273,50200,0.0,0.0
2019-03-14 00:00:00-04:00,8.3100004196167,8.949899673461914,8.160099983215332,8.819999694824219,49500,0.0,0.0
2019-03-15 00:00:00-04:00,9.0600004196167,9.439900398254395,8.850000381469727,9.25,88200,0.0,0.0
2019-03-18 00:00:00-04:00,9.470000267028809,9.470000267028809,8.0,8.539999961853027,83200,0.0,0.0
2019-03-19 00:00:00-04:00,8.65999984741211,9.239999771118164,8.5,9.0,47400,0.0,0.0
2019-03-20 00:00:00-04:00,9.15999984741211,11.385700225830078,9.154999732971191,11.053999900817871,335500,0.0,0.0
2019-03-21 00:00:00-04:00,11.0,11.800000190734863,10.839400291442871,11.265000343322754,182500,0.0,0.0
2019-03-22 00:00:00-04:00,11.100000381469727,11.100000381469727,9.859999656677246,10.9975004196167,235300,0.0,0.0
2019-03-25 00:00:00-04:00,10.670000076293945,11.0,10.5,10.949999809265137,73000,0.0,0.0
2019-03-26 00:00:00-04:00,10.800000190734863,10.949999809265137,10.5,10.75,50200,0.0,0.0
2019-03-27 00:00:00-04:00,10.539999961853027,10.709199905395508,10.199999809265137,10.278599739074707,35000,0.0,0.0
2019-03-28 00:00:00-04:00,10.199999809265137,10.289999961853027,8.899999618530273,9.119999885559082,85500,0.0,0.0
2019-03-29 00:00:00-04:00,9.029999732971191,9.510000228881836,9.012499809265137,9.369999885559082,59100,0.0,0.0
2019-04-01 00:00:00-04:00,9.569999694824219,10.300000190734863,9.489999771118164,10.270000457763672,67100,0.0,0.0
2019-04-02 00:00:00-04:00,10.199999809265137,10.474900245666504,9.800000190734863,10.399999618530273,53000,0.0,0.0
2019-04-03 00:00:00-04:00,10.300000190734863,10.300000190734863,9.680000305175781,9.899999618530273,33700,0.0,0.0
2019-04-04 00:00:00-04:00,9.949999809265137,10.789999961853027,9.750100135803223,10.609999656677246,68000,0.0,0.0
2019-04-05 00:00:00-04:00,10.210000038146973,10.648699760437012,10.210000038146973,10.460000038146973,27800,0.0,0.0
2019-04-08 00:00:00-04:00,10.600000381469727,11.380000114440918,10.399999618530273,11.100000381469727,94900,0.0,0.0
2019-04-09 00:00:00-04:00,11.0,11.199999809265137,10.609600067138672,11.199999809265137,43300,0.0,0.0
2019-04-10 00:00:00-04:00,11.229999542236328,12.640000343322754,11.229999542236328,12.399999618530273,243400,0.0,0.0
2019-04-11 00:00:00-04:00,12.460000038146973,13.390000343322754,12.0,12.859999656677246,154900,0.0,0.0
2019-04-12 00:00:00-04:00,12.920000076293945,13.75,12.869999885559082,13.75,250300,0.0,0.0
2019-04-15 00:00:00-04:00,13.75,13.75,11.399999618530273,13.75,306900,0.0,0.0
2019-04-16 00:00:00-04:00,13.989999771118164,14.0,13.0,13.600000381469727,78000,0.0,0.0
2019-04-17 00:00:00-04:00,13.630000114440918,13.736000061035156,12.527000427246094,12.960000038146973,113900,0.0,0.0
2019-04-18 00:00:00-04:00,13.0,13.778599739074707,13.0,13.539999961853027,74900,0.0,0.0
2019-04-22 00:00:00-04:00,13.699999809265137,14.25,13.4399995803833,14.039999961853027,142200,0.0,0.0
2019-04-23 00:00:00-04:00,14.210000038146973,14.699999809265137,13.130000114440918,13.529999732971191,251300,0.0,0.0
2019-04-24 00:00:00-04:00,13.5,14.441399574279785,13.09000015258789,14.390000343322754,110200,0.0,0.0
2019-04-25 00:00:00-04:00,14.390000343322754,14.62339973449707,14.220999717712402,14.5600004196167,72100,0.0,0.0
2019-04-26 00:00:00-04:00,14.59000015258789,14.739999771118164,14.000100135803223,14.569999694824219,131100,0.0,0.0
2019-04-29 00:00:00-04:00,14.720000267028809,14.872099876403809,14.069999694824219,14.800000190734863,125600,0.0,0.0
2019-04-30 00:00:00-04:00,14.880000114440918,15.300000190734863,14.61709976196289,15.300000190734863,151000,0.0,0.0
2019-05-01 00:00:00-04:00,15.5,15.710000038146973,14.710100173950195,15.279999732971191,219800,0.0,0.0
2019-05-02 00:00:00-04:00,15.279999732971191,15.800000190734863,15.050000190734863,15.510000228881836,127900,0.0,0.0
2019-05-03 00:00:00-04:00,15.5,15.880000114440918,15.180000305175781,15.869999885559082,139200,0.0,0.0
2019-05-06 00:00:00-04:00,15.850000381469727,17.350000381469727,15.289999961853027,17.25,382300,0.0,0.0
2019-05-07 00:00:00-04:00,17.540000915527344,19.1299991607666,17.469999313354492,18.969999313354492,528900,0.0,0.0
2019-05-08 00:00:00-04:00,19.200000762939453,19.200000762939453,16.079999923706055,16.979999542236328,675400,0.0,0.0
2019-05-09 00:00:00-04:00,16.5,16.6825008392334,14.550000190734863,14.880000114440918,386300,0.0,0.0
2019-05-10 00:00:00-04:00,14.75,15.619999885559082,14.229999542236328,15.5,264400,0.0,0.0
2019-05-13 00:00:00-04:00,14.989999771118164,15.0,13.560099601745605,13.920000076293945,196000,0.0,0.0
2019-05-14 00:00:00-04:00,13.970000267028809,15.0,13.8100004196167,14.829999923706055,206900,0.0,0.0
2019-05-15 00:00:00-04:00,14.84000015258789,14.899999618530273,13.899999618530273,14.699999809265137,126600,0.0,0.0
2019-05-16 00:00:00-04:00,14.75,14.95199966430664,13.720000267028809,14.180000305175781,218700,0.0,0.0
2019-05-17 00:00:00-04:00,14.0,14.600000381469727,13.5600004196167,13.600000381469727,105600,0.0,0.0
2019-05-20 00:00:00-04:00,13.600000381469727,13.600000381469727,12.270000457763672,12.800000190734863,168400,0.0,0.0
2019-05-21 00:00:00-04:00,12.670000076293945,14.552800178527832,12.65999984741211,14.390000343322754,139300,0.0,0.0
2019-05-22 00:00:00-04:00,14.399999618530273,15.036600112915039,13.680000305175781,14.180000305175781,144400,0.0,0.0
2019-05-23 00:00:00-04:00,14.0,14.062100410461426,12.83899974822998,13.039999961853027,101200,0.0,0.0
2019-05-24 00:00:00-04:00,13.149999618530273,13.979999542236328,12.890000343322754,13.170000076293945,91400,0.0,0.0
2019-05-28 00:00:00-04:00,13.390000343322754,13.390000343322754,11.029999732971191,11.329999923706055,246700,0.0,0.0
2019-05-29 00:00:00-04:00,10.649999618530273,11.300000190734863,9.520000457763672,10.449999809265137,258300,0.0,0.0
2019-05-30 00:00:00-04:00,10.119999885559082,10.399999618530273,9.600000381469727,9.850000381469727,188100,0.0,0.0
2019-05-31 00:00:00-04:00,9.579999923706055,9.885000228881836,9.079999923706055,9.729999542236328,112700,0.0,0.0
2019-06-03 00:00:00-04:00,9.760000228881836,10.430000305175781,9.5600004196167,10.430000305175781,205400,0.0,0.0
2019-06-04 00:00:00-04:00,10.449999809265137,10.890000343322754,9.949999809265137,10.350000381469727,150100,0.0,0.0
2019-06-05 00:00:00-04:00,10.34000015258789,11.032600402832031,10.0600004196167,10.890000343322754,90100,0.0,0.0
2019-06-06 00:00:00-04:00,11.010000228881836,11.550000190734863,9.307999610900879,9.979999542236328,374600,0.0,0.0
2019-06-07 00:00:00-04:00,9.899999618530273,10.569999694824219,9.800000190734863,10.319999694824219,98900,0.0,0.0
2019-06-10 00:00:00-04:00,10.350000381469727,10.8100004196167,9.890000343322754,10.039999961853027,118700,0.0,0.0
2019-06-11 00:00:00-04:00,9.90999984741211,10.220600128173828,9.390000343322754,9.779999732971191,118600,0.0,0.0
2019-06-12 00:00:00-04:00,9.550000190734863,9.899999618530273,9.300000190734863,9.710000038146973,154100,0.0,0.0
2019-06-13 00:00:00-04:00,12.119999885559082,14.852299690246582,11.699999809265137,14.15999984741211,3872600,0.0,0.0
2019-06-14 00:00:00-04:00,14.100000381469727,15.399999618530273,13.600000381469727,14.770000457763672,952200,0.0,0.0
2019-06-17 00:00:00-04:00,14.5,14.720000267028809,13.699999809265137,14.569999694824219,395600,0.0,0.0
2019-06-18 00:00:00-04:00,14.449999809265137,14.979999542236328,13.850000381469727,14.75,339200,0.0,0.0
2019-06-19 00:00:00-04:00,14.75,14.920000076293945,14.435199737548828,14.670000076293945,148300,0.0,0.0
2019-06-20 00:00:00-04:00,14.5,15.640000343322754,14.350099563598633,14.890000343322754,368600,0.0,0.0
2019-06-21 00:00:00-04:00,14.600000381469727,15.0,14.380000114440918,14.59000015258789,169200,0.0,0.0
2019-06-24 00:00:00-04:00,14.5,14.550000190734863,13.609999656677246,14.479999542236328,246700,0.0,0.0
2019-06-25 00:00:00-04:00,14.09000015258789,14.3100004196167,12.760000228881836,12.979999542236328,384800,0.0,0.0
2019-06-26 00:00:00-04:00,12.800000190734863,13.460000038146973,12.529999732971191,12.75,185200,0.0,0.0
2019-06-27 00:00:00-04:00,12.720000267028809,13.08080005645752,12.291000366210938,12.489999771118164,183900,0.0,0.0
2019-06-28 00:00:00-04:00,12.3100004196167,13.260000228881836,12.0600004196167,13.050000190734863,808000,0.0,0.0
2019-07-01 00:00:00-04:00,13.510000228881836,13.760600090026855,12.279999732971191,13.3100004196167,232800,0.0,0.0
2019-07-02 00:00:00-04:00,13.270000457763672,13.270000457763672,12.25,12.649999618530273,196100,0.0,0.0
2019-07-03 00:00:00-04:00,12.390000343322754,13.229999542236328,12.149999618530273,13.029999732971191,167100,0.0,0.0
2019-07-05 00:00:00-04:00,13.020000457763672,13.24590015411377,12.5600004196167,13.100000381469727,118100,0.0,0.0
2019-07-08 00:00:00-04:00,13.039999961853027,13.085000038146973,12.550000190734863,12.8100004196167,127700,0.0,0.0
2019-07-09 00:00:00-04:00,12.640000343322754,12.670000076293945,11.649999618530273,12.279999732971191,271500,0.0,0.0
2019-07-10 00:00:00-04:00,12.300000190734863,12.925299644470215,12.130000114440918,12.569999694824219,212700,0.0,0.0
2019-07-11 00:00:00-04:00,12.649999618530273,12.732399940490723,12.070899963378906,12.319999694824219,162700,0.0,0.0
2019-07-12 00:00:00-04:00,12.350000381469727,12.539999961853027,11.90999984741211,12.220000267028809,118800,0.0,0.0
2019-07-15 00:00:00-04:00,12.210000038146973,12.289999961853027,11.850099563598633,12.109999656677246,93300,0.0,0.0
2019-07-16 00:00:00-04:00,12.050000190734863,12.800000190734863,11.946499824523926,12.5,179900,0.0,0.0
2019-07-17 00:00:00-04:00,12.569999694824219,12.645000457763672,12.25,12.5,131300,0.0,0.0
2019-07-18 00:00:00-04:00,12.5,13.350000381469727,12.430000305175781,12.869999885559082,100800,0.0,0.0
2019-07-19 00:00:00-04:00,12.970000267028809,14.109999656677246,12.970000267028809,13.510000228881836,236600,0.0,0.0
2019-07-22 00:00:00-04:00,13.550000190734863,13.569999694824219,12.259200096130371,12.880000114440918,228500,0.0,0.0
2019-07-23 00:00:00-04:00,13.050000190734863,13.100000381469727,11.860099792480469,12.710000038146973,181200,0.0,0.0
2019-07-24 00:00:00-04:00,12.40999984741211,12.749500274658203,11.680000305175781,12.6899995803833,224100,0.0,0.0
2019-07-25 00:00:00-04:00,12.520000457763672,13.050000190734863,12.479999542236328,12.920000076293945,133100,0.0,0.0
2019-07-26 00:00:00-04:00,12.90999984741211,12.979999542236328,12.550000190734863,12.880000114440918,128400,0.0,0.0
2019-07-29 00:00:00-04:00,12.84000015258789,12.911600112915039,12.149999618530273,12.380000114440918,112600,0.0,0.0
2019-07-30 00:00:00-04:00,12.239999771118164,12.432000160217285,12.0,12.220000267028809,94500,0.0,0.0
2019-07-31 00:00:00-04:00,12.229999542236328,12.390000343322754,11.734999656677246,11.84000015258789,163900,0.0,0.0
2019-08-01 00:00:00-04:00,11.84000015258789,12.091699600219727,11.380000114440918,11.520000457763672,157500,0.0,0.0
2019-08-02 00:00:00-04:00,11.369999885559082,11.890000343322754,11.302200317382812,11.65999984741211,146800,0.0,0.0
2019-08-05 00:00:00-04:00,11.34000015258789,11.607500076293945,11.170000076293945,11.399999618530273,199300,0.0,0.0
2019-08-06 00:00:00-04:00,11.539999961853027,11.828900337219238,11.145000457763672,11.40999984741211,113500,0.0,0.0
2019-08-07 00:00:00-04:00,11.229999542236328,11.335000038146973,10.640000343322754,10.880000114440918,162800,0.0,0.0
2019-08-08 00:00:00-04:00,10.9399995803833,11.40999984741211,10.84000015258789,11.069999694824219,126300,0.0,0.0
2019-08-09 00:00:00-04:00,11.140000343322754,11.140000343322754,10.529999732971191,10.84000015258789,109100,0.0,0.0
2019-08-12 00:00:00-04:00,10.630000114440918,10.880000114440918,10.579999923706055,10.739999771118164,57300,0.0,0.0
2019-08-13 00:00:00-04:00,10.710000038146973,11.243399620056152,10.609999656677246,11.050000190734863,123300,0.0,0.0
2019-08-14 00:00:00-04:00,10.829999923706055,10.829999923706055,10.0,10.170000076293945,129100,0.0,0.0
2019-08-15 00:00:00-04:00,10.140000343322754,10.21500015258789,9.5649995803833,9.75,168700,0.0,0.0
2019-08-16 00:00:00-04:00,9.960000038146973,10.3100004196167,9.87559986114502,10.109999656677246,90500,0.0,0.0
2019-08-19 00:00:00-04:00,10.34000015258789,10.34000015258789,10.050000190734863,10.170000076293945,49500,0.0,0.0
2019-08-20 00:00:00-04:00,10.25,10.260000228881836,9.800000190734863,10.1899995803833,62800,0.0,0.0
2019-08-21 00:00:00-04:00,10.329999923706055,10.760000228881836,10.100000381469727,10.520000457763672,88400,0.0,0.0
2019-08-22 00:00:00-04:00,10.569999694824219,10.787400245666504,10.109999656677246,10.1899995803833,59100,0.0,0.0
2019-08-23 00:00:00-04:00,10.119999885559082,10.40880012512207,9.574999809265137,9.619999885559082,109700,0.0,0.0
2019-08-26 00:00:00-04:00,9.829999923706055,10.25,9.630000114440918,10.020000457763672,61400,0.0,0.0
2019-08-27 00:00:00-04:00,10.25,10.25,9.630000114440918,9.65999984741211,53400,0.0,0.0
2019-08-28 00:00:00-04:00,9.640000343322754,10.260000228881836,9.5,10.109999656677246,106300,0.0,0.0
2019-08-29 00:00:00-04:00,10.270000457763672,10.399900436401367,10.100000381469727,10.319999694824219,52300,0.0,0.0
2019-08-30 00:00:00-04:00,10.210000038146973,10.210000038146973,8.670000076293945,8.880000114440918,336700,0.0,0.0
2019-09-03 00:00:00-04:00,8.6899995803833,9.140000343322754,8.680000305175781,9.0600004196167,89400,0.0,0.0
2019-09-04 00:00:00-04:00,9.25,9.649999618530273,9.069999694824219,9.520000457763672,102800,0.0,0.0
2019-09-05 00:00:00-04:00,9.59000015258789,9.890000343322754,9.390000343322754,9.479999542236328,82600,0.0,0.0
2019-09-06 00:00:00-04:00,9.520000457763672,9.725000381469727,9.30109977722168,9.529999732971191,41500,0.0,0.0
2019-09-09 00:00:00-04:00,9.829999923706055,10.710000038146973,9.82699966430664,10.539999961853027,138100,0.0,0.0
2019-09-10 00:00:00-04:00,10.739999771118164,11.093199729919434,10.5600004196167,10.880000114440918,164700,0.0,0.0
2019-09-11 00:00:00-04:00,10.90999984741211,11.489899635314941,10.010000228881836,10.680000305175781,163700,0.0,0.0
2019-09-12 00:00:00-04:00,10.699999809265137,10.699999809265137,10.109999656677246,10.420000076293945,103900,0.0,0.0
2019-09-13 00:00:00-04:00,10.470000267028809,10.90999984741211,10.284799575805664,10.819999694824219,65500,0.0,0.0
2019-09-16 00:00:00-04:00,9.9399995803833,10.09000015258789,9.119999885559082,9.479999542236328,370200,0.0,0.0
2019-09-17 00:00:00-04:00,9.75,9.75,9.279999732971191,9.3100004196167,99400,0.0,0.0
2019-09-18 00:00:00-04:00,9.239999771118164,9.460000038146973,9.0600004196167,9.149999618530273,107700,0.0,0.0
2019-09-19 00:00:00-04:00,9.170000076293945,9.460000038146973,8.880000114440918,8.920000076293945,103800,0.0,0.0
2019-09-20 00:00:00-04:00,8.960000038146973,8.960000038146973,8.449999809265137,8.729999542236328,197200,0.0,0.0
2019-09-23 00:00:00-04:00,8.630000114440918,8.650099754333496,8.300000190734863,8.34000015258789,133400,0.0,0.0
2019-09-24 00:00:00-04:00,8.399999618530273,8.47029972076416,7.909999847412109,8.109999656677246,150200,0.0,0.0
2019-09-25 00:00:00-04:00,8.100000381469727,8.390000343322754,7.900000095367432,8.350000381469727,94300,0.0,0.0
2019-09-26 00:00:00-04:00,8.329999923706055,8.420000076293945,8.029999732971191,8.239999771118164,77500,0.0,0.0
2019-09-27 00:00:00-04:00,8.279999732971191,8.279999732971191,8.029999732971191,8.079999923706055,72100,0.0,0.0
2019-09-30 00:00:00-04:00,8.0600004196167,8.399999618530273,8.029999732971191,8.210000038146973,70600,0.0,0.0
2019-10-01 00:00:00-04:00,8.289999961853027,8.460000038146973,7.699999809265137,7.760000228881836,93900,0.0,0.0
2019-10-02 00:00:00-04:00,7.679999828338623,8.0,7.610000133514404,7.929999828338623,100800,0.0,0.0
2019-10-03 00:00:00-04:00,7.929999828338623,7.949999809265137,7.46999979019165,7.539999961853027,105800,0.0,0.0
2019-10-04 00:00:00-04:00,7.550000190734863,7.749499797821045,7.449999809265137,7.699999809265137,168000,0.0,0.0
2019-10-07 00:00:00-04:00,7.599999904632568,7.940000057220459,7.309999942779541,7.389999866485596,98000,0.0,0.0
2019-10-08 00:00:00-04:00,7.28000020980835,7.489999771118164,7.179999828338623,7.320000171661377,82800,0.0,0.0
2019-10-09 00:00:00-04:00,7.409999847412109,7.659999847412109,7.190000057220459,7.300000190734863,45600,0.0,0.0
2019-10-10 00:00:00-04:00,7.28000020980835,7.309999942779541,7.150000095367432,7.159999847412109,52100,0.0,0.0
2019-10-11 00:00:00-04:00,7.269999980926514,7.559999942779541,7.230000019073486,7.380000114440918,108000,0.0,0.0
2019-10-14 00:00:00-04:00,7.349999904632568,7.550000190734863,7.199999809265137,7.46999979019165,85100,0.0,0.0
2019-10-15 00:00:00-04:00,7.5,7.830699920654297,7.480000019073486,7.71999979019165,83000,0.0,0.0
2019-10-16 00:00:00-04:00,7.730000019073486,7.929999828338623,7.53000020980835,7.630000114440918,82500,0.0,0.0
2019-10-17 00:00:00-04:00,7.659999847412109,7.949999809265137,7.650000095367432,7.860000133514404,29500,0.0,0.0
2019-10-18 00:00:00-04:00,7.820000171661377,7.935100078582764,7.449999809265137,7.5,76900,0.0,0.0
2019-10-21 00:00:00-04:00,7.550000190734863,7.96999979019165,7.550000190734863,7.800000190734863,92900,0.0,0.0
2019-10-22 00:00:00-04:00,7.809999942779541,7.809999942779541,7.590000152587891,7.610000133514404,24400,0.0,0.0
2019-10-23 00:00:00-04:00,7.550000190734863,7.760000228881836,7.519999980926514,7.71999979019165,30400,0.0,0.0
2019-10-24 00:00:00-04:00,7.739999771118164,7.799900054931641,7.300000190734863,7.400000095367432,68500,0.0,0.0
2019-10-25 00:00:00-04:00,7.289999961853027,7.589200019836426,7.28000020980835,7.380000114440918,29600,0.0,0.0
2019-10-28 00:00:00-04:00,7.420000076293945,7.590000152587891,7.269999980926514,7.429999828338623,67200,0.0,0.0
2019-10-29 00:00:00-04:00,7.389999866485596,7.570000171661377,7.289999961853027,7.400000095367432,30300,0.0,0.0
2019-10-30 00:00:00-04:00,7.409999847412109,7.554999828338623,7.25,7.460000038146973,37600,0.0,0.0
2019-10-31 00:00:00-04:00,7.460000038146973,7.480000019073486,7.199999809265137,7.340000152587891,48400,0.0,0.0
2019-11-01 00:00:00-04:00,7.309999942779541,7.570000171661377,7.260000228881836,7.480000019073486,44800,0.0,0.0
2019-11-04 00:00:00-05:00,7.53000020980835,7.618599891662598,7.400000095367432,7.46999979019165,61300,0.0,0.0
2019-11-05 00:00:00-05:00,7.46999979019165,7.7256999015808105,7.44890022277832,7.559999942779541,27400,0.0,0.0
2019-11-06 00:00:00-05:00,7.559999942779541,7.559999942779541,7.28000020980835,7.309999942779541,35100,0.0,0.0
2019-11-07 00:00:00-05:00,7.28000020980835,7.609000205993652,7.28000020980835,7.440000057220459,28500,0.0,0.0
2019-11-08 00:00:00-05:00,7.440000057220459,7.75,7.356900215148926,7.619999885559082,58400,0.0,0.0
2019-11-11 00:00:00-05:00,7.659999847412109,7.789899826049805,7.505000114440918,7.690000057220459,58900,0.0,0.0
2019-11-12 00:00:00-05:00,7.610000133514404,7.860000133514404,7.329999923706055,7.539999961853027,65500,0.0,0.0
2019-11-13 00:00:00-05:00,7.590000152587891,7.61299991607666,7.230000019073486,7.269999980926514,60600,0.0,0.0
2019-11-14 00:00:00-05:00,7.269999980926514,7.340000152587891,7.199999809265137,7.289999961853027,36300,0.0,0.0
2019-11-15 00:00:00-05:00,7.340000152587891,7.449999809265137,7.239999771118164,7.309999942779541,51400,0.0,0.0
2019-11-18 00:00:00-05:00,7.368800163269043,7.368800163269043,7.110000133514404,7.210000038146973,40600,0.0,0.0
2019-11-19 00:00:00-05:00,7.175000190734863,7.199999809265137,6.849999904632568,6.960000038146973,69100,0.0,0.0
2019-11-20 00:00:00-05:00,7.079999923706055,7.215000152587891,6.960000038146973,7.070000171661377,35900,0.0,0.0
2019-11-21 00:00:00-05:00,7.150000095367432,7.150000095367432,6.829999923706055,6.940000057220459,37100,0.0,0.0
2019-11-22 00:00:00-05:00,6.889999866485596,6.900000095367432,6.699999809265137,6.829999923706055,48400,0.0,0.0
2019-11-25 00:00:00-05:00,6.849999904632568,7.329999923706055,6.780700206756592,7.204999923706055,64400,0.0,0.0
2019-11-26 00:00:00-05:00,7.21999979019165,7.21999979019165,7.039999961853027,7.130000114440918,23700,0.0,0.0
2019-11-27 00:00:00-05:00,7.079999923706055,7.289999961853027,7.03000020980835,7.179999828338623,35600,0.0,0.0
2019-11-29 00:00:00-05:00,7.199999809265137,7.420000076293945,6.949999809265137,7.199999809265137,17500,0.0,0.0
2019-12-02 00:00:00-05:00,7.110000133514404,7.25,6.87060022354126,7.199999809265137,78600,0.0,0.0
2019-12-03 00:00:00-05:00,7.21999979019165,7.329999923706055,7.0,7.300000190734863,59500,0.0,0.0
2019-12-04 00:00:00-05:00,7.559999942779541,8.140000343322754,7.369999885559082,8.069999694824219,249800,0.0,0.0
2019-12-05 00:00:00-05:00,8.100000381469727,8.218299865722656,7.449999809265137,7.46999979019165,102700,0.0,0.0
2019-12-06 00:00:00-05:00,7.590000152587891,7.800000190734863,7.519999980926514,7.670000076293945,40300,0.0,0.0
2019-12-09 00:00:00-05:00,7.710000038146973,7.872900009155273,7.429999828338623,7.579999923706055,86900,0.0,0.0
2019-12-10 00:00:00-05:00,7.650000095367432,7.7891998291015625,7.5,7.579999923706055,81700,0.0,0.0
2019-12-11 00:00:00-05:00,7.570000171661377,7.730000019073486,7.389999866485596,7.449999809265137,59400,0.0,0.0
2019-12-12 00:00:00-05:00,7.480000019073486,7.800000190734863,7.457600116729736,7.75,75800,0.0,0.0
2019-12-13 00:00:00-05:00,7.789999961853027,7.927299976348877,7.610000133514404,7.679999828338623,47000,0.0,0.0
2019-12-16 00:00:00-05:00,7.690000057220459,7.989999771118164,7.679999828338623,7.760000228881836,44300,0.0,0.0
2019-12-17 00:00:00-05:00,7.800000190734863,8.84000015258789,7.800000190734863,8.489999771118164,165600,0.0,0.0
2019-12-18 00:00:00-05:00,8.59000015258789,8.75,8.279999732971191,8.489999771118164,102100,0.0,0.0
2019-12-19 00:00:00-05:00,8.510000228881836,8.563699722290039,8.300000190734863,8.40999984741211,57300,0.0,0.0
2019-12-20 00:00:00-05:00,8.430000305175781,8.75,8.350000381469727,8.489999771118164,74900,0.0,0.0
2019-12-23 00:00:00-05:00,8.520000457763672,9.420000076293945,8.520000457763672,9.260000228881836,195500,0.0,0.0
2019-12-24 00:00:00-05:00,9.350000381469727,9.734999656677246,9.050000190734863,9.09000015258789,104600,0.0,0.0
2019-12-26 00:00:00-05:00,9.260000228881836,9.282099723815918,8.770000457763672,8.920000076293945,132900,0.0,0.0
2019-12-27 00:00:00-05:00,8.989999771118164,8.989999771118164,8.430000305175781,8.680000305175781,108700,0.0,0.0
2019-12-30 00:00:00-05:00,8.710000038146973,8.779999732971191,8.359999656677246,8.489999771118164,129800,0.0,0.0
2019-12-31 00:00:00-05:00,8.4399995803833,8.529999732971191,8.300000190734863,8.369999885559082,106900,0.0,0.0
2020-01-02 00:00:00-05:00,8.579999923706055,8.899999618530273,8.210000038146973,8.529999732971191,75500,0.0,0.0
2020-01-03 00:00:00-05:00,8.520000457763672,8.520000457763672,8.15999984741211,8.229999542236328,56100,0.0,0.0
2020-01-06 00:00:00-05:00,8.25,8.611200332641602,8.149999618530273,8.210000038146973,71300,0.0,0.0
2020-01-07 00:00:00-05:00,8.210000038146973,8.437299728393555,8.050000190734863,8.220000267028809,58400,0.0,0.0
2020-01-08 00:00:00-05:00,8.170000076293945,8.319999694824219,8.010000228881836,8.260000228881836,76900,0.0,0.0
2020-01-09 00:00:00-05:00,8.300000190734863,8.479999542236328,8.25,8.270000457763672,86800,0.0,0.0
2020-01-10 00:00:00-05:00,8.25,8.25,7.820000171661377,8.039999961853027,96600,0.0,0.0
2020-01-13 00:00:00-05:00,8.050000190734863,8.34000015258789,8.039999961853027,8.319999694824219,58400,0.0,0.0
2020-01-14 00:00:00-05:00,8.329999923706055,8.442000389099121,8.149999618530273,8.289999961853027,58400,0.0,0.0
2020-01-15 00:00:00-05:00,8.25,8.452300071716309,8.149999618530273,8.3100004196167,67200,0.0,0.0
2020-01-16 00:00:00-05:00,8.390000343322754,8.420000076293945,8.020000457763672,8.109999656677246,59900,0.0,0.0
2020-01-17 00:00:00-05:00,8.149999618530273,8.34000015258789,8.0600004196167,8.210000038146973,48000,0.0,0.0
2020-01-21 00:00:00-05:00,8.210000038146973,8.210000038146973,7.929999828338623,8.079999923706055,60800,0.0,0.0
2020-01-22 00:00:00-05:00,8.103500366210938,8.170000076293945,8.0,8.0600004196167,50400,0.0,0.0
2020-01-23 00:00:00-05:00,8.039999961853027,8.05270004272461,7.849999904632568,7.909999847412109,77000,0.0,0.0
2020-01-24 00:00:00-05:00,7.860000133514404,7.929999828338623,7.630000114440918,7.659999847412109,109200,0.0,0.0
2020-01-27 00:00:00-05:00,7.440000057220459,7.739999771118164,7.420000076293945,7.599999904632568,71800,0.0,0.0
2020-01-28 00:00:00-05:00,7.199999809265137,7.300000190734863,6.823400020599365,6.980000019073486,298900,0.0,0.0
2020-01-29 00:00:00-05:00,6.929999828338623,6.96999979019165,6.5,6.570000171661377,139300,0.0,0.0
2020-01-30 00:00:00-05:00,6.510000228881836,6.53000020980835,6.239999771118164,6.369999885559082,172700,0.0,0.0
2020-01-31 00:00:00-05:00,6.320000171661377,6.449999809265137,6.230000019073486,6.289999961853027,88600,0.0,0.0
2020-02-03 00:00:00-05:00,6.28000020980835,6.539999961853027,6.050000190734863,6.150000095367432,98600,0.0,0.0
2020-02-04 00:00:00-05:00,6.25,6.550000190734863,6.199999809265137,6.519999980926514,58900,0.0,0.0
2020-02-05 00:00:00-05:00,7.170000076293945,7.229899883270264,6.610000133514404,6.679999828338623,144900,0.0,0.0
2020-02-06 00:00:00-05:00,6.739999771118164,6.761099815368652,6.400000095367432,6.5,73800,0.0,0.0
2020-02-07 00:00:00-05:00,6.489999771118164,6.599999904632568,6.304999828338623,6.349999904632568,60600,0.0,0.0
2020-02-10 00:00:00-05:00,6.5,6.820000171661377,6.409999847412109,6.570000171661377,76500,0.0,0.0
2020-02-11 00:00:00-05:00,6.619999885559082,6.619999885559082,6.349999904632568,6.539999961853027,46200,0.0,0.0
2020-02-12 00:00:00-05:00,6.610000133514404,6.749499797821045,6.559999942779541,6.690000057220459,43600,0.0,0.0
2020-02-13 00:00:00-05:00,6.699999809265137,6.940000057220459,6.659999847412109,6.860000133514404,72000,0.0,0.0
2020-02-14 00:00:00-05:00,6.869999885559082,7.139999866485596,6.800000190734863,7.039999961853027,65500,0.0,0.0
2020-02-18 00:00:00-05:00,6.960000038146973,7.090000152587891,6.650000095367432,6.690000057220459,67500,0.0,0.0
2020-02-19 00:00:00-05:00,6.710000038146973,6.840000152587891,6.710000038146973,6.760000228881836,18900,0.0,0.0
2020-02-20 00:00:00-05:00,6.800000190734863,7.099999904632568,6.739999771118164,6.900000095367432,41200,0.0,0.0
2020-02-21 00:00:00-05:00,6.869999885559082,6.9918999671936035,6.570000171661377,6.650000095367432,44400,0.0,0.0
2020-02-24 00:00:00-05:00,6.139999866485596,6.505000114440918,6.139999866485596,6.340000152587891,127200,0.0,0.0
2020-02-25 00:00:00-05:00,6.420000076293945,6.860000133514404,6.166399955749512,6.679999828338623,177700,0.0,0.0
2020-02-26 00:00:00-05:00,6.630000114440918,6.75,6.150000095367432,6.380000114440918,86200,0.0,0.0
2020-02-27 00:00:00-05:00,6.369999885559082,6.75,6.139999866485596,6.170000076293945,113100,0.0,0.0
2020-02-28 00:00:00-05:00,6.010000228881836,6.460000038146973,6.0,6.400000095367432,146000,0.0,0.0
2020-03-02 00:00:00-05:00,6.28000020980835,6.314700126647949,6.050000190734863,6.260000228881836,89300,0.0,0.0
2020-03-03 00:00:00-05:00,6.380000114440918,6.429999828338623,6.079999923706055,6.210000038146973,121000,0.0,0.0
2020-03-04 00:00:00-05:00,6.340000152587891,6.400000095367432,6.099999904632568,6.340000152587891,38000,0.0,0.0
2020-03-05 00:00:00-05:00,6.179999828338623,6.449999809265137,6.179999828338623,6.400000095367432,70300,0.0,0.0
2020-03-06 00:00:00-05:00,6.139999866485596,6.400000095367432,5.885000228881836,5.989999771118164,143600,0.0,0.0
2020-03-09 00:00:00-04:00,5.789999961853027,6.279900074005127,5.550000190734863,5.869999885559082,99100,0.0,0.0
2020-03-10 00:00:00-04:00,6.03000020980835,6.070000171661377,5.659999847412109,5.829999923706055,59600,0.0,0.0
2020-03-11 00:00:00-04:00,5.789999961853027,5.860000133514404,5.460000038146973,5.670000076293945,78900,0.0,0.0
2020-03-12 00:00:00-04:00,5.46999979019165,5.78000020980835,5.21999979019165,5.619999885559082,120400,0.0,0.0
2020-03-13 00:00:00-04:00,5.829999923706055,5.829999923706055,5.170000076293945,5.760000228881836,90600,0.0,0.0
2020-03-16 00:00:00-04:00,5.210000038146973,5.730000019073486,5.099999904632568,5.550000190734863,99200,0.0,0.0
2020-03-17 00:00:00-04:00,5.690000057220459,5.796500205993652,5.269999980926514,5.519999980926514,64800,0.0,0.0
2020-03-18 00:00:00-04:00,5.28000020980835,5.351600170135498,4.489999771118164,4.730000019073486,88700,0.0,0.0
2020-03-19 00:00:00-04:00,4.670000076293945,5.190000057220459,4.561299800872803,5.170000076293945,93900,0.0,0.0
2020-03-20 00:00:00-04:00,5.179999828338623,5.710000038146973,5.010000228881836,5.039999961853027,142000,0.0,0.0
2020-03-23 00:00:00-04:00,5.199999809265137,5.21999979019165,4.409999847412109,4.630000114440918,69000,0.0,0.0
2020-03-24 00:00:00-04:00,4.809999942779541,5.400000095367432,4.710100173950195,5.099999904632568,57200,0.0,0.0
2020-03-25 00:00:00-04:00,5.090000152587891,5.730000019073486,5.027100086212158,5.309999942779541,61900,0.0,0.0
2020-03-26 00:00:00-04:00,5.329999923706055,5.699999809265137,5.329999923706055,5.579999923706055,31700,0.0,0.0
2020-03-27 00:00:00-04:00,5.429999828338623,5.699999809265137,5.050000190734863,5.090000152587891,30400,0.0,0.0
2020-03-30 00:00:00-04:00,5.050000190734863,5.679999828338623,4.900000095367432,5.349999904632568,40400,0.0,0.0
2020-03-31 00:00:00-04:00,5.400000095367432,5.699999809265137,5.260000228881836,5.610000133514404,53300,0.0,0.0
2020-04-01 00:00:00-04:00,5.480000019073486,5.650000095367432,5.190000057220459,5.309999942779541,47000,0.0,0.0
2020-04-02 00:00:00-04:00,5.289999961853027,5.5,5.074999809265137,5.400000095367432,39000,0.0,0.0
2020-04-03 00:00:00-04:00,5.46999979019165,5.619999885559082,5.159999847412109,5.320000171661377,25600,0.0,0.0
2020-04-06 00:00:00-04:00,5.489999771118164,5.650000095367432,5.481299877166748,5.650000095367432,41000,0.0,0.0
2020-04-07 00:00:00-04:00,5.849999904632568,5.949999809265137,5.199999809265137,5.239999771118164,42400,0.0,0.0
2020-04-08 00:00:00-04:00,5.349999904632568,5.630000114440918,5.349999904632568,5.579999923706055,38000,0.0,0.0
2020-04-09 00:00:00-04:00,5.710000038146973,5.929999828338623,5.309999942779541,5.340000152587891,68500,0.0,0.0
2020-04-13 00:00:00-04:00,5.409999847412109,5.409999847412109,5.0,5.150000095367432,46400,0.0,0.0
2020-04-14 00:00:00-04:00,5.239999771118164,5.599999904632568,5.0,5.050000190734863,45400,0.0,0.0
2020-04-15 00:00:00-04:00,4.949999809265137,5.050000190734863,4.820000171661377,4.900000095367432,22000,0.0,0.0
2020-04-16 00:00:00-04:00,4.949999809265137,4.949999809265137,4.599999904632568,4.769999980926514,51100,0.0,0.0
2020-04-17 00:00:00-04:00,5.0,5.349999904632568,4.940000057220459,5.03000020980835,47100,0.0,0.0
2020-04-20 00:00:00-04:00,4.909999847412109,5.170000076293945,4.810200214385986,4.909999847412109,20300,0.0,0.0
2020-04-21 00:00:00-04:00,4.769999980926514,4.849999904632568,4.510000228881836,4.690000057220459,48100,0.0,0.0
2020-04-22 00:00:00-04:00,4.769999980926514,4.864999771118164,4.570000171661377,4.78000020980835,28700,0.0,0.0
2020-04-23 00:00:00-04:00,4.789999961853027,5.139999866485596,4.699999809265137,5.090000152587891,65000,0.0,0.0
2020-04-24 00:00:00-04:00,5.090000152587891,5.239999771118164,4.908699989318848,5.170000076293945,51100,0.0,0.0
2020-04-27 00:00:00-04:00,5.110000133514404,5.46999979019165,4.928199768066406,5.380000114440918,58200,0.0,0.0
2020-04-28 00:00:00-04:00,5.380000114440918,5.809999942779541,5.269999980926514,5.800000190734863,109600,0.0,0.0
2020-04-29 00:00:00-04:00,5.75,6.207300186157227,5.75,6.079999923706055,210900,0.0,0.0
2020-04-30 00:00:00-04:00,6.059999942779541,6.239999771118164,5.789999961853027,6.099999904632568,56400,0.0,0.0
2020-05-01 00:00:00-04:00,5.929999828338623,6.093100070953369,5.769999980926514,6.039999961853027,42000,0.0,0.0
2020-05-04 00:00:00-04:00,5.940000057220459,6.199999809265137,5.860099792480469,6.170000076293945,61500,0.0,0.0
2020-05-05 00:00:00-04:00,6.269999980926514,6.300000190734863,5.75,5.75,60800,0.0,0.0
2020-05-06 00:00:00-04:00,5.820000171661377,5.820000171661377,5.389999866485596,5.440000057220459,26200,0.0,0.0
2020-05-07 00:00:00-04:00,5.539999961853027,5.71999979019165,5.425000190734863,5.550000190734863,21700,0.0,0.0
2020-05-08 00:00:00-04:00,5.679999828338623,5.840000152587891,5.679999828338623,5.789999961853027,20400,0.0,0.0
2020-05-11 00:00:00-04:00,5.699999809265137,5.699999809265137,5.420000076293945,5.489999771118164,24400,0.0,0.0
2020-05-12 00:00:00-04:00,5.599999904632568,5.7469000816345215,4.929999828338623,4.960000038146973,39300,0.0,0.0
2020-05-13 00:00:00-04:00,5.159999847412109,5.244999885559082,4.760000228881836,4.764999866485596,45500,0.0,0.0
2020-05-14 00:00:00-04:00,4.75,4.802499771118164,4.260000228881836,4.75,55600,0.0,0.0
2020-05-15 00:00:00-04:00,4.75,4.940000057220459,4.722599983215332,4.820000171661377,30400,0.0,0.0
2020-05-18 00:00:00-04:00,4.829999923706055,4.937099933624268,4.699999809265137,4.75,39700,0.0,0.0
2020-05-19 00:00:00-04:00,4.75,4.864999771118164,4.309999942779541,4.40500020980835,62400,0.0,0.0
2020-05-20 00:00:00-04:00,4.510000228881836,4.590000152587891,4.400000095367432,4.46999979019165,84300,0.0,0.0
2020-05-21 00:00:00-04:00,4.559999942779541,4.809999942779541,4.409999847412109,4.690000057220459,88900,0.0,0.0
2020-05-22 00:00:00-04:00,4.699999809265137,4.820000171661377,4.53000020980835,4.690000057220459,54900,0.0,0.0
2020-05-26 00:00:00-04:00,4.71999979019165,4.900000095367432,4.679999828338623,4.860000133514404,61000,0.0,0.0
2020-05-27 00:00:00-04:00,4.900000095367432,5.739999771118164,4.829999923706055,5.739999771118164,85500,0.0,0.0
2020-05-28 00:00:00-04:00,5.760000228881836,6.139999866485596,5.739999771118164,5.809999942779541,54900,0.0,0.0
2020-05-29 00:00:00-04:00,5.78000020980835,5.800000190734863,5.429999828338623,5.599999904632568,24700,0.0,0.0
2020-06-01 00:00:00-04:00,5.510000228881836,5.799900054931641,5.400000095367432,5.650000095367432,27500,0.0,0.0
2020-06-02 00:00:00-04:00,5.599999904632568,5.769999980926514,5.510000228881836,5.590000152587891,28200,0.0,0.0
2020-06-03 00:00:00-04:00,5.599999904632568,5.815000057220459,5.599999904632568,5.650000095367432,24700,0.0,0.0
2020-06-04 00:00:00-04:00,5.570000171661377,5.650000095367432,5.309999942779541,5.5,40100,0.0,0.0
2020-06-05 00:00:00-04:00,5.630000114440918,5.699999809265137,5.340000152587891,5.420000076293945,43700,0.0,0.0
2020-06-08 00:00:00-04:00,5.429999828338623,5.688899993896484,5.260000228881836,5.389999866485596,56200,0.0,0.0
2020-06-09 00:00:00-04:00,5.389999866485596,5.869999885559082,5.139999866485596,5.860000133514404,37100,0.0,0.0
2020-06-10 00:00:00-04:00,5.840000152587891,5.840000152587891,5.539999961853027,5.610000133514404,37600,0.0,0.0
2020-06-11 00:00:00-04:00,5.53000020980835,5.53000020980835,5.050000190734863,5.21999979019165,36900,0.0,0.0
2020-06-12 00:00:00-04:00,5.179999828338623,5.760000228881836,5.159999847412109,5.690000057220459,39900,0.0,0.0
2020-06-15 00:00:00-04:00,5.5,5.546000003814697,5.107500076293945,5.239999771118164,121300,0.0,0.0
2020-06-16 00:00:00-04:00,5.25,5.485099792480469,5.25,5.289999961853027,41900,0.0,0.0
2020-06-17 00:00:00-04:00,5.340000152587891,5.340000152587891,5.099999904632568,5.110000133514404,42800,0.0,0.0
2020-06-18 00:00:00-04:00,5.199999809265137,5.199999809265137,4.989999771118164,4.989999771118164,42700,0.0,0.0
2020-06-19 00:00:00-04:00,5.010000228881836,5.199999809265137,5.010000228881836,5.070000171661377,66900,0.0,0.0
2020-06-22 00:00:00-04:00,5.159999847412109,5.159999847412109,4.949999809265137,5.010000228881836,45600,0.0,0.0
2020-06-23 00:00:00-04:00,5.119999885559082,5.119999885559082,4.920000076293945,4.960000038146973,42400,0.0,0.0
2020-06-24 00:00:00-04:00,4.929999828338623,4.980000019073486,4.739999771118164,4.820000171661377,68500,0.0,0.0
2020-06-25 00:00:00-04:00,4.789999961853027,4.900000095367432,4.699999809265137,4.889999866485596,86000,0.0,0.0
2020-06-26 00:00:00-04:00,4.900000095367432,5.190000057220459,4.75,5.119999885559082,575800,0.0,0.0
2020-06-29 00:00:00-04:00,5.119999885559082,5.429999828338623,5.067999839782715,5.260000228881836,65600,0.0,0.0
2020-06-30 00:00:00-04:00,5.320000171661377,5.400000095367432,5.019999980926514,5.150000095367432,28300,0.0,0.0
2020-07-01 00:00:00-04:00,5.245999813079834,5.300000190734863,5.170000076293945,5.21999979019165,9500,0.0,0.0
2020-07-02 00:00:00-04:00,5.21999979019165,5.21999979019165,5.059999942779541,5.110000133514404,9700,0.0,0.0
2020-07-06 00:00:00-04:00,5.099999904632568,5.099999904632568,4.880000114440918,5.070000171661377,29600,0.0,0.0
2020-07-07 00:00:00-04:00,4.980000019073486,5.079999923706055,4.871699810028076,4.980000019073486,25800,0.0,0.0
2020-07-08 00:00:00-04:00,4.940000057220459,4.96999979019165,4.800000190734863,4.809999942779541,25200,0.0,0.0
2020-07-09 00:00:00-04:00,4.809999942779541,4.920000076293945,4.78000020980835,4.909999847412109,14900,0.0,0.0
2020-07-10 00:00:00-04:00,4.849999904632568,5.099999904632568,4.808700084686279,5.099999904632568,21600,0.0,0.0
2020-07-13 00:00:00-04:00,5.130000114440918,5.150000095367432,4.950099945068359,4.989999771118164,13000,0.0,0.0
2020-07-14 00:00:00-04:00,5.0,5.260000228881836,4.905900001525879,5.210000038146973,77400,0.0,0.0
2020-07-15 00:00:00-04:00,5.050000190734863,5.284999847412109,5.050000190734863,5.070000171661377,16600,0.0,0.0
2020-07-16 00:00:00-04:00,5.039999961853027,5.389999866485596,5.039999961853027,5.300000190734863,30300,0.0,0.0
2020-07-17 00:00:00-04:00,5.360000133514404,5.53000020980835,5.329999923706055,5.53000020980835,33000,0.0,0.0
2020-07-20 00:00:00-04:00,5.510000228881836,6.889999866485596,5.400000095367432,6.090000152587891,1110700,0.0,0.0
2020-07-21 00:00:00-04:00,6.010000228881836,6.139999866485596,5.539999961853027,5.820000171661377,131700,0.0,0.0
2020-07-22 00:00:00-04:00,5.730000019073486,5.929999828338623,5.679999828338623,5.704999923706055,46500,0.0,0.0
2020-07-23 00:00:00-04:00,5.452099800109863,5.764999866485596,5.409999847412109,5.5,39300,0.0,0.0
2020-07-24 00:00:00-04:00,5.5,5.75,5.445899963378906,5.730000019073486,37900,0.0,0.0
2020-07-27 00:00:00-04:00,5.75,5.869999885559082,5.739999771118164,5.809999942779541,39300,0.0,0.0
2020-07-28 00:00:00-04:00,5.760000228881836,5.889999866485596,5.670000076293945,5.849999904632568,20800,0.0,0.0
2020-07-29 00:00:00-04:00,5.849999904632568,6.130000114440918,5.849999904632568,5.880000114440918,49900,0.0,0.0
2020-07-30 00:00:00-04:00,5.860000133514404,6.013700008392334,5.760000228881836,5.889999866485596,27900,0.0,0.0
2020-07-31 00:00:00-04:00,5.900000095367432,5.941500186920166,5.760000228881836,5.769999980926514,14400,0.0,0.0
2020-08-03 00:00:00-04:00,5.78000020980835,5.989999771118164,5.699999809265137,5.809999942779541,44200,0.0,0.0
2020-08-04 00:00:00-04:00,5.853600025177002,5.889999866485596,5.71999979019165,5.71999979019165,8400,0.0,0.0
2020-08-05 00:00:00-04:00,5.75,5.929999828338623,5.730100154876709,5.820000171661377,17400,0.0,0.0
2020-08-06 00:00:00-04:00,5.718599796295166,5.820000171661377,5.559999942779541,5.599999904632568,23500,0.0,0.0
2020-08-07 00:00:00-04:00,5.550000190734863,5.760000228881836,5.550000190734863,5.679999828338623,13600,0.0,0.0
2020-08-10 00:00:00-04:00,5.639999866485596,5.800000190734863,5.610000133514404,5.610000133514404,13100,0.0,0.0
2020-08-11 00:00:00-04:00,5.699999809265137,6.989999771118164,5.659999847412109,5.96999979019165,639300,0.0,0.0
2020-08-12 00:00:00-04:00,5.96999979019165,5.96999979019165,5.75,5.940000057220459,54800,0.0,0.0
2020-08-13 00:00:00-04:00,5.949999809265137,6.079999923706055,5.829999923706055,6.039999961853027,28500,0.0,0.0
2020-08-14 00:00:00-04:00,6.039999961853027,6.119999885559082,5.970099925994873,6.010000228881836,27700,0.0,0.0
2020-08-17 00:00:00-04:00,6.010000228881836,6.010000228881836,5.909999847412109,5.929999828338623,16200,0.0,0.0
2020-08-18 00:00:00-04:00,6.059999942779541,6.210000038146973,5.739999771118164,5.940000057220459,160300,0.0,0.0
2020-08-19 00:00:00-04:00,5.849999904632568,6.159999847412109,5.810100078582764,6.063899993896484,47800,0.0,0.0
2020-08-20 00:00:00-04:00,6.119999885559082,6.129000186920166,6.0,6.110000133514404,19800,0.0,0.0
2020-08-21 00:00:00-04:00,6.039999961853027,6.059999942779541,5.909999847412109,5.960000038146973,23900,0.0,0.0
2020-08-24 00:00:00-04:00,6.0,6.400000095367432,6.0,6.309999942779541,57500,0.0,0.0
2020-08-25 00:00:00-04:00,6.300000190734863,6.360000133514404,6.150000095367432,6.329999923706055,37400,0.0,0.0
2020-08-26 00:00:00-04:00,6.309999942779541,6.380000114440918,6.289999961853027,6.349999904632568,15600,0.0,0.0
2020-08-27 00:00:00-04:00,6.289999961853027,6.630000114440918,6.289999961853027,6.550000190734863,24700,0.0,0.0
2020-08-28 00:00:00-04:00,6.5,6.651000022888184,6.429999828338623,6.429999828338623,30100,0.0,0.0
2020-08-31 00:00:00-04:00,6.360000133514404,6.800000190734863,6.190000057220459,6.730000019073486,48500,0.0,0.0
2020-09-01 00:00:00-04:00,6.710000038146973,6.78000020980835,6.3744001388549805,6.570000171661377,31900,0.0,0.0
2020-09-02 00:00:00-04:00,6.659999847412109,6.739999771118164,6.539899826049805,6.679999828338623,8800,0.0,0.0
2020-09-03 00:00:00-04:00,6.749899864196777,6.749899864196777,6.28000020980835,6.300000190734863,23800,0.0,0.0
2020-09-04 00:00:00-04:00,6.289999961853027,6.300000190734863,5.800000190734863,6.300000190734863,47400,0.0,0.0
2020-09-08 00:00:00-04:00,6.039999961853027,6.28000020980835,6.0,6.050000190734863,15500,0.0,0.0
2020-09-09 00:00:00-04:00,6.199999809265137,6.320000171661377,6.119999885559082,6.289999961853027,13600,0.0,0.0
2020-09-10 00:00:00-04:00,6.309999942779541,6.309999942779541,5.820000171661377,5.920000076293945,27600,0.0,0.0
2020-09-11 00:00:00-04:00,5.929999828338623,6.21999979019165,5.929999828338623,6.21999979019165,11300,0.0,0.0
2020-09-14 00:00:00-04:00,6.210000038146973,6.260000228881836,5.809999942779541,5.960000038146973,56700,0.0,0.0
2020-09-15 00:00:00-04:00,5.960000038146973,6.070000171661377,5.800000190734863,5.929999828338623,19600,0.0,0.0
2020-09-16 00:00:00-04:00,5.945000171661377,5.949999809265137,5.809999942779541,5.809999942779541,10900,0.0,0.0
2020-09-17 00:00:00-04:00,5.690000057220459,5.980000019073486,5.659999847412109,5.980000019073486,33000,0.0,0.0
2020-09-18 00:00:00-04:00,6.010000228881836,6.019999980926514,5.75,5.769999980926514,49200,0.0,0.0
2020-09-21 00:00:00-04:00,5.840000152587891,5.840000152587891,5.510000228881836,5.510000228881836,31500,0.0,0.0
2020-09-22 00:00:00-04:00,5.510000228881836,5.775000095367432,5.510000228881836,5.590000152587891,19100,0.0,0.0
2020-09-23 00:00:00-04:00,5.579999923706055,5.760000228881836,5.510000228881836,5.570000171661377,17400,0.0,0.0
2020-09-24 00:00:00-04:00,5.639999866485596,5.679999828338623,5.5,5.53000020980835,6400,0.0,0.0
2020-09-25 00:00:00-04:00,5.510000228881836,5.619999885559082,5.340000152587891,5.420000076293945,29500,0.0,0.0
2020-09-28 00:00:00-04:00,5.5,5.550000190734863,5.349999904632568,5.489999771118164,11400,0.0,0.0
2020-09-29 00:00:00-04:00,5.590000152587891,5.619999885559082,5.369999885559082,5.480000019073486,17400,0.0,0.0
2020-09-30 00:00:00-04:00,5.440000057220459,5.599999904632568,5.399499893188477,5.53000020980835,18800,0.0,0.0
2020-10-01 00:00:00-04:00,5.510000228881836,5.671000003814697,5.5,5.539999961853027,11900,0.0,0.0
2020-10-02 00:00:00-04:00,5.340000152587891,5.659999847412109,5.340000152587891,5.579999923706055,21600,0.0,0.0
2020-10-05 00:00:00-04:00,5.670000076293945,6.039999961853027,5.600100040435791,5.909999847412109,30900,0.0,0.0
2020-10-06 00:00:00-04:00,6.0,6.090000152587891,5.869999885559082,5.869999885559082,7000,0.0,0.0
2020-10-07 00:00:00-04:00,5.949999809265137,6.050000190734863,5.800000190734863,6.050000190734863,14000,0.0,0.0
2020-10-08 00:00:00-04:00,6.0,6.099999904632568,5.949999809265137,6.079999923706055,13000,0.0,0.0
2020-10-09 00:00:00-04:00,6.099999904632568,6.099999904632568,5.842400074005127,6.079999923706055,17200,0.0,0.0
2020-10-12 00:00:00-04:00,6.050000190734863,6.099999904632568,5.840000152587891,5.840000152587891,11300,0.0,0.0
2020-10-13 00:00:00-04:00,5.929999828338623,6.090000152587891,5.929999828338623,6.079999923706055,15500,0.0,0.0
2020-10-14 00:00:00-04:00,6.019999980926514,6.355000019073486,6.019999980926514,6.159999847412109,10700,0.0,0.0
2020-10-15 00:00:00-04:00,6.300000190734863,6.300000190734863,6.079999923706055,6.130000114440918,8500,0.0,0.0
2020-10-16 00:00:00-04:00,6.130000114440918,6.130000114440918,5.949999809265137,5.949999809265137,8500,0.0,0.0
2020-10-19 00:00:00-04:00,6.03000020980835,6.139999866485596,5.760000228881836,5.889999866485596,10000,0.0,0.0
2020-10-20 00:00:00-04:00,6.0,6.329999923706055,6.0,6.289999961853027,23200,0.0,0.0
2020-10-21 00:00:00-04:00,6.260000228881836,6.260000228881836,5.849999904632568,6.090000152587891,12800,0.0,0.0
2020-10-22 00:00:00-04:00,6.099999904632568,6.099999904632568,5.869999885559082,5.869999885559082,5500,0.0,0.0
2020-10-23 00:00:00-04:00,5.849999904632568,6.034999847412109,5.840000152587891,5.920000076293945,4600,0.0,0.0
2020-10-26 00:00:00-04:00,5.849999904632568,6.25,5.849999904632568,6.019999980926514,15200,0.0,0.0
2020-10-27 00:00:00-04:00,5.9953999519348145,6.0,5.820000171661377,5.869999885559082,7200,0.0,0.0
2020-10-28 00:00:00-04:00,5.789999961853027,5.960000038146973,5.739999771118164,5.894999980926514,11400,0.0,0.0
2020-10-29 00:00:00-04:00,5.829999923706055,5.900000095367432,5.610000133514404,5.619999885559082,15200,0.0,0.0
2020-10-30 00:00:00-04:00,5.599999904632568,5.889999866485596,5.519999980926514,5.519999980926514,3600,0.0,0.0
2020-11-02 00:00:00-05:00,5.510000228881836,5.539999961853027,5.150000095367432,5.210000038146973,77000,0.0,0.0
2020-11-03 00:00:00-05:00,5.2291998863220215,5.400000095367432,5.190000057220459,5.360000133514404,4800,0.0,0.0
2020-11-04 00:00:00-05:00,5.25,5.429999828338623,5.230000019073486,5.300000190734863,11000,0.0,0.0
2020-11-05 00:00:00-05:00,5.309999942779541,5.510000228881836,5.309999942779541,5.5,8000,0.0,0.0
2020-11-06 00:00:00-05:00,5.400000095367432,5.489999771118164,5.320000171661377,5.369999885559082,10200,0.0,0.0
2020-11-09 00:00:00-05:00,5.619999885559082,5.619999885559082,5.25,5.400000095367432,12400,0.0,0.0
2020-11-10 00:00:00-05:00,5.480000019073486,5.489999771118164,5.289999961853027,5.300000190734863,6000,0.0,0.0
2020-11-11 00:00:00-05:00,5.369999885559082,5.480000019073486,5.293499946594238,5.46999979019165,3400,0.0,0.0
2020-11-12 00:00:00-05:00,5.570000171661377,5.570000171661377,5.170000076293945,5.230000019073486,3900,0.0,0.0
2020-11-13 00:00:00-05:00,5.239999771118164,5.449999809265137,5.215000152587891,5.320000171661377,9500,0.0,0.0
2020-11-16 00:00:00-05:00,5.5,5.525000095367432,5.159999847412109,5.21999979019165,13800,0.0,0.0
2020-11-17 00:00:00-05:00,5.46999979019165,5.519999980926514,5.400000095367432,5.489999771118164,18900,0.0,0.0
2020-11-18 00:00:00-05:00,5.480000019073486,5.619999885559082,5.409999847412109,5.610000133514404,18300,0.0,0.0
2020-11-19 00:00:00-05:00,5.539999961853027,5.670000076293945,5.521100044250488,5.670000076293945,7200,0.0,0.0
2020-11-20 00:00:00-05:00,5.666800022125244,5.730000019073486,5.550000190734863,5.630000114440918,7700,0.0,0.0
2020-11-23 00:00:00-05:00,5.690000057220459,5.739999771118164,5.429999828338623,5.579999923706055,31000,0.0,0.0
2020-11-24 00:00:00-05:00,5.440000057220459,5.679999828338623,5.420000076293945,5.590000152587891,12700,0.0,0.0
2020-11-25 00:00:00-05:00,5.800000190734863,6.151700019836426,5.710000038146973,6.0,80600,0.0,0.0
2020-11-27 00:00:00-05:00,6.044899940490723,6.119999885559082,6.010000228881836,6.013000011444092,5800,0.0,0.0
2020-11-30 00:00:00-05:00,5.923799991607666,6.0,5.590000152587891,5.590000152587891,23400,0.0,0.0
2020-12-01 00:00:00-05:00,5.71999979019165,5.920000076293945,5.71999979019165,5.789999961853027,10100,0.0,0.0
2020-12-02 00:00:00-05:00,5.690000057220459,5.840000152587891,5.571100234985352,5.809999942779541,8900,0.0,0.0
2020-12-03 00:00:00-05:00,5.704800128936768,6.019999980926514,5.677000045776367,5.900000095367432,29500,0.0,0.0
2020-12-04 00:00:00-05:00,5.940000057220459,6.269999980926514,5.808899879455566,6.260000228881836,53600,0.0,0.0
2020-12-07 00:00:00-05:00,6.199999809265137,6.35860013961792,5.967899799346924,6.269999980926514,9500,0.0,0.0
2020-12-08 00:00:00-05:00,6.320000171661377,6.75,6.320000171661377,6.56879997253418,61600,0.0,0.0
2020-12-09 00:00:00-05:00,6.559999942779541,6.745200157165527,6.28000020980835,6.289999961853027,30700,0.0,0.0
2020-12-10 00:00:00-05:00,6.340000152587891,6.389999866485596,6.130099773406982,6.320000171661377,5400,0.0,0.0
2020-12-11 00:00:00-05:00,6.46999979019165,6.46999979019165,6.119999885559082,6.409999847412109,10000,0.0,0.0
2020-12-14 00:00:00-05:00,6.429999828338623,6.429999828338623,6.179999828338623,6.340000152587891,14300,0.0,0.0
2020-12-15 00:00:00-05:00,6.340000152587891,6.409999847412109,6.199999809265137,6.210000038146973,11500,0.0,0.0
2020-12-16 00:00:00-05:00,6.150000095367432,6.434999942779541,6.150000095367432,6.329999923706055,11900,0.0,0.0
2020-12-17 00:00:00-05:00,6.349999904632568,6.429999828338623,6.320000171661377,6.429999828338623,7100,0.0,0.0
2020-12-18 00:00:00-05:00,6.420000076293945,6.650000095367432,6.400000095367432,6.449999809265137,54100,0.0,0.0
2020-12-21 00:00:00-05:00,6.349999904632568,6.550000190734863,6.260000228881836,6.389999866485596,22900,0.0,0.0
2020-12-22 00:00:00-05:00,6.274400234222412,6.606400012969971,6.039999961853027,6.159999847412109,27300,0.0,0.0
2020-12-23 00:00:00-05:00,6.119999885559082,6.190000057220459,5.940000057220459,6.010000228881836,19700,0.0,0.0
2020-12-24 00:00:00-05:00,5.960000038146973,6.130000114440918,5.849999904632568,5.96999979019165,16200,0.0,0.0
2020-12-28 00:00:00-05:00,5.960000038146973,6.0,5.860000133514404,5.860000133514404,19000,0.0,0.0
2020-12-29 00:00:00-05:00,6.0,6.090000152587891,5.860000133514404,6.090000152587891,12500,0.0,0.0
2020-12-30 00:00:00-05:00,6.6442999839782715,6.6442999839782715,6.210000038146973,6.21999979019165,13000,0.0,0.0
2020-12-31 00:00:00-05:00,6.28000020980835,6.329999923706055,6.159999847412109,6.289999961853027,13800,0.0,0.0
2021-01-04 00:00:00-05:00,6.289999961853027,6.510000228881836,6.150000095367432,6.510000228881836,31700,0.0,0.0
2021-01-05 00:00:00-05:00,6.579999923706055,6.599899768829346,6.369999885559082,6.494999885559082,31800,0.0,0.0
2021-01-06 00:00:00-05:00,6.300000190734863,6.505000114440918,6.300000190734863,6.369999885559082,18500,0.0,0.0
2021-01-07 00:00:00-05:00,6.349999904632568,6.491000175476074,6.260000228881836,6.260000228881836,11200,0.0,0.0
2021-01-08 00:00:00-05:00,6.260000228881836,6.460599899291992,6.260000228881836,6.420000076293945,4300,0.0,0.0
2021-01-11 00:00:00-05:00,6.389999866485596,6.5,6.199999809265137,6.200099945068359,11400,0.0,0.0
2021-01-12 00:00:00-05:00,6.210000038146973,6.440000057220459,6.210000038146973,6.269999980926514,2200,0.0,0.0
2021-01-13 00:00:00-05:00,6.25,6.275000095367432,5.920100212097168,6.010000228881836,43500,0.0,0.0
2021-01-14 00:00:00-05:00,6.070000171661377,6.269999980926514,5.960000038146973,5.960000038146973,16000,0.0,0.0
2021-01-15 00:00:00-05:00,5.929999828338623,5.998799800872803,5.760000228881836,5.800000190734863,30300,0.0,0.0
2021-01-19 00:00:00-05:00,5.989999771118164,5.989999771118164,5.829999923706055,5.885000228881836,17500,0.0,0.0
2021-01-20 00:00:00-05:00,5.880000114440918,6.03000020980835,5.880000114440918,6.010000228881836,17100,0.0,0.0
2021-01-21 00:00:00-05:00,6.0,6.019899845123291,5.889999866485596,5.974999904632568,9500,0.0,0.0
2021-01-22 00:00:00-05:00,6.019899845123291,6.03000020980835,5.96750020980835,5.989999771118164,8100,0.0,0.0
2021-01-25 00:00:00-05:00,6.019999980926514,6.03000020980835,5.960000038146973,5.960000038146973,18300,0.0,0.0
2021-01-26 00:00:00-05:00,6.0,6.039999961853027,6.0,6.019999980926514,19800,0.0,0.0
2021-01-27 00:00:00-05:00,5.949999809265137,6.762400150299072,5.940000057220459,6.664999961853027,142500,0.0,0.0
2021-01-28 00:00:00-05:00,6.289999961853027,6.409999847412109,5.949999809265137,6.059999942779541,50600,0.0,0.0
2021-01-29 00:00:00-05:00,6.049499988555908,6.25,5.960000038146973,6.130000114440918,30000,0.0,0.0
2021-02-01 00:00:00-05:00,6.199999809265137,7.96999979019165,6.159999847412109,6.954999923706055,408100,0.0,0.0
2021-02-02 00:00:00-05:00,7.420000076293945,8.229999542236328,7.150000095367432,8.140000343322754,257700,0.0,0.0
2021-02-03 00:00:00-05:00,8.40999984741211,8.489999771118164,7.480000019073486,7.782400131225586,206100,0.0,0.0
2021-02-04 00:00:00-05:00,7.650000095367432,8.189900398254395,7.419899940490723,7.670000076293945,124000,0.0,0.0
2021-02-05 00:00:00-05:00,7.650000095367432,8.3100004196167,7.650000095367432,8.109999656677246,75600,0.0,0.0
2021-02-08 00:00:00-05:00,8.199999809265137,8.649999618530273,8.069999694824219,8.529999732971191,115200,0.0,0.0
2021-02-09 00:00:00-05:00,8.539999961853027,8.739999771118164,8.510000228881836,8.670000076293945,37600,0.0,0.0
2021-02-10 00:00:00-05:00,8.699999809265137,8.75,7.5,7.940000057220459,153600,0.0,0.0
2021-02-11 00:00:00-05:00,7.889999866485596,8.619999885559082,7.889999866485596,8.09000015258789,36800,0.0,0.0
2021-02-12 00:00:00-05:00,8.029999732971191,8.5,8.0,8.3100004196167,95100,0.0,0.0
2021-02-16 00:00:00-05:00,8.539999961853027,8.539999961853027,8.0600004196167,8.319999694824219,67200,0.0,0.0
2021-02-17 00:00:00-05:00,8.40999984741211,8.619999885559082,8.020000457763672,8.359999656677246,41900,0.0,0.0
2021-02-18 00:00:00-05:00,8.430000305175781,8.550000190734863,8.140000343322754,8.34000015258789,43500,0.0,0.0
2021-02-19 00:00:00-05:00,8.3149995803833,8.539999961853027,8.199999809265137,8.289999961853027,21900,0.0,0.0
2021-02-22 00:00:00-05:00,8.220000267028809,8.399999618530273,8.109999656677246,8.270000457763672,50500,0.0,0.0
2021-02-23 00:00:00-05:00,8.100000381469727,8.199999809265137,7.429999828338623,7.599999904632568,76100,0.0,0.0
2021-02-24 00:00:00-05:00,7.510000228881836,7.909999847412109,7.130099773406982,7.610000133514404,29500,0.0,0.0
2021-02-25 00:00:00-05:00,7.619999885559082,7.6596999168396,7.449999809265137,7.559999942779541,49100,0.0,0.0
2021-02-26 00:00:00-05:00,7.400000095367432,7.710000038146973,7.400000095367432,7.5,38200,0.0,0.0
2021-03-01 00:00:00-05:00,7.5,7.909900188446045,7.5,7.659999847412109,52500,0.0,0.0
2021-03-02 00:00:00-05:00,7.519999980926514,7.949999809265137,7.519999980926514,7.679999828338623,17300,0.0,0.0
2021-03-03 00:00:00-05:00,7.800000190734863,7.889999866485596,7.639999866485596,7.75,27100,0.0,0.0
2021-03-04 00:00:00-05:00,7.75,7.829999923706055,7.170000076293945,7.320000171661377,41800,0.0,0.0
2021-03-05 00:00:00-05:00,7.409999847412109,7.449999809265137,6.679999828338623,6.96999979019165,75300,0.0,0.0
2021-03-08 00:00:00-05:00,7.110000133514404,7.320000171661377,7.050000190734863,7.150000095367432,21800,0.0,0.0
2021-03-09 00:00:00-05:00,7.21999979019165,7.380000114440918,7.199999809265137,7.269999980926514,21200,0.0,0.0
2021-03-10 00:00:00-05:00,7.369999885559082,8.079999923706055,7.269999980926514,8.079999923706055,49000,0.0,0.0
2021-03-11 00:00:00-05:00,8.149999618530273,8.5,8.0,8.4350004196167,72400,0.0,0.0
2021-03-12 00:00:00-05:00,8.510000228881836,8.5600004196167,8.250100135803223,8.430000305175781,19800,0.0,0.0
2021-03-15 00:00:00-04:00,8.109999656677246,8.399999618530273,8.020000457763672,8.399999618530273,26500,0.0,0.0
2021-03-16 00:00:00-04:00,8.41819953918457,8.41819953918457,7.820000171661377,8.050000190734863,57500,0.0,0.0
2021-03-17 00:00:00-04:00,7.940000057220459,8.390000343322754,7.940000057220459,8.09000015258789,16800,0.0,0.0
2021-03-18 00:00:00-04:00,8.020000457763672,8.75,8.020000457763672,8.260000228881836,84200,0.0,0.0
2021-03-19 00:00:00-04:00,8.210000038146973,8.84000015258789,8.210000038146973,8.630000114440918,85200,0.0,0.0
2021-03-22 00:00:00-04:00,8.720000267028809,9.319999694824219,8.609999656677246,9.170000076293945,88000,0.0,0.0
2021-03-23 00:00:00-04:00,9.199999809265137,9.220000267028809,8.65999984741211,8.989999771118164,33300,0.0,0.0
2021-03-24 00:00:00-04:00,8.90999984741211,8.949999809265137,8.140000343322754,8.449999809265137,34800,0.0,0.0
2021-03-25 00:00:00-04:00,8.300000190734863,8.300000190734863,7.940000057220459,8.100000381469727,14200,0.0,0.0
2021-03-26 00:00:00-04:00,8.109999656677246,8.90999984741211,7.670000076293945,8.010000228881836,12300,0.0,0.0
2021-03-29 00:00:00-04:00,7.960000038146973,8.210000038146973,7.610000133514404,8.0,15800,0.0,0.0
2021-03-30 00:00:00-04:00,7.960000038146973,8.180000305175781,7.960000038146973,8.180000305175781,16900,0.0,0.0
2021-03-31 00:00:00-04:00,7.980000019073486,9.109999656677246,7.949999809265137,8.880000114440918,39500,0.0,0.0
2021-04-01 00:00:00-04:00,8.960000038146973,9.510000228881836,8.746000289916992,9.0,50900,0.0,0.0
2021-04-05 00:00:00-04:00,9.0,9.270000457763672,8.710000038146973,8.829999923706055,18800,0.0,0.0
2021-04-06 00:00:00-04:00,8.84000015258789,9.630000114440918,8.8100004196167,9.5,37600,0.0,0.0
2021-04-07 00:00:00-04:00,9.390000343322754,9.390000343322754,9.020000457763672,9.170000076293945,32300,0.0,0.0
2021-04-08 00:00:00-04:00,9.260000228881836,9.359999656677246,8.65999984741211,8.739999771118164,20400,0.0,0.0
2021-04-09 00:00:00-04:00,8.800000190734863,9.125,8.6899995803833,8.949999809265137,11300,0.0,0.0
2021-04-12 00:00:00-04:00,9.0,9.0,8.390000343322754,8.550000190734863,19900,0.0,0.0
2021-04-13 00:00:00-04:00,8.600000381469727,8.600000381469727,8.34000015258789,8.34000015258789,10400,0.0,0.0
2021-04-14 00:00:00-04:00,8.3100004196167,8.59000015258789,8.3100004196167,8.5600004196167,8000,0.0,0.0
2021-04-15 00:00:00-04:00,8.420000076293945,8.471099853515625,8.229999542236328,8.300000190734863,6100,0.0,0.0
2021-04-16 00:00:00-04:00,8.279999732971191,8.5,8.079999923706055,8.359999656677246,20800,0.0,0.0
2021-04-19 00:00:00-04:00,8.25,8.789999961853027,8.21500015258789,8.579999923706055,22200,0.0,0.0
2021-04-20 00:00:00-04:00,8.65999984741211,8.699999809265137,8.5,8.699999809265137,13100,0.0,0.0
2021-04-21 00:00:00-04:00,8.770000457763672,8.770000457763672,8.59000015258789,8.600000381469727,15800,0.0,0.0
2021-04-22 00:00:00-04:00,8.380000114440918,8.600000381469727,8.100000381469727,8.109999656677246,9300,0.0,0.0
2021-04-23 00:00:00-04:00,8.260000228881836,8.260000228881836,7.860000133514404,7.860000133514404,7500,0.0,0.0
2021-04-26 00:00:00-04:00,7.960000038146973,8.149999618530273,7.722499847412109,8.119999885559082,13800,0.0,0.0
2021-04-27 00:00:00-04:00,8.25,8.25,7.864999771118164,8.079999923706055,9500,0.0,0.0
2021-04-28 00:00:00-04:00,8.1899995803833,8.1899995803833,7.920000076293945,8.069999694824219,7800,0.0,0.0
2021-04-29 00:00:00-04:00,8.039999961853027,8.050000190734863,7.855299949645996,8.039999961853027,12600,0.0,0.0
2021-04-30 00:00:00-04:00,7.989999771118164,8.350000381469727,7.989999771118164,8.0,15300,0.0,0.0
2021-05-03 00:00:00-04:00,8.420000076293945,8.420000076293945,7.985000133514404,8.020000457763672,3800,0.0,0.0
2021-05-04 00:00:00-04:00,7.909999847412109,8.100000381469727,7.670000076293945,7.714900016784668,5700,0.0,0.0
2021-05-05 00:00:00-04:00,7.789999961853027,8.050000190734863,7.789999961853027,7.900000095367432,14100,0.0,0.0
2021-05-06 00:00:00-04:00,8.15999984741211,8.270000457763672,7.699999809265137,7.699999809265137,6500,0.0,0.0
2021-05-07 00:00:00-04:00,7.699999809265137,8.15999984741211,7.659999847412109,7.949999809265137,13100,0.0,0.0
2021-05-10 00:00:00-04:00,7.829999923706055,7.849999904632568,7.659999847412109,7.769999980926514,16600,0.0,0.0
2021-05-11 00:00:00-04:00,7.639999866485596,7.916299819946289,7.610000133514404,7.912099838256836,3300,0.0,0.0
2021-05-12 00:00:00-04:00,7.650000095367432,7.989999771118164,7.650000095367432,7.75,21700,0.0,0.0
2021-05-13 00:00:00-04:00,7.980000019073486,7.980000019073486,7.630000114440918,7.900000095367432,13800,0.0,0.0
2021-05-14 00:00:00-04:00,7.900000095367432,7.929999828338623,7.869999885559082,7.880000114440918,4000,0.0,0.0
2021-05-17 00:00:00-04:00,7.747000217437744,7.889999866485596,7.747000217437744,7.829999923706055,1800,0.0,0.0
2021-05-18 00:00:00-04:00,7.699999809265137,8.199999809265137,7.699999809265137,8.149999618530273,20500,0.0,0.0
2021-05-19 00:00:00-04:00,8.130000114440918,8.130000114440918,7.743599891662598,8.100000381469727,5100,0.0,0.0
2021-05-20 00:00:00-04:00,8.093700408935547,8.149900436401367,7.813399791717529,8.003700256347656,11900,0.0,0.0
2021-05-21 00:00:00-04:00,7.880099773406982,8.100000381469727,7.809700012207031,7.920000076293945,9300,0.0,0.0
2021-05-24 00:00:00-04:00,8.050000190734863,8.100000381469727,8.010000228881836,8.069999694824219,4800,0.0,0.0
2021-05-25 00:00:00-04:00,8.020000457763672,8.100000381469727,7.800000190734863,7.800000190734863,5300,0.0,0.0
2021-05-26 00:00:00-04:00,7.929999828338623,8.149999618530273,7.800000190734863,8.0,14500,0.0,0.0
2021-05-27 00:00:00-04:00,8.099900245666504,8.777799606323242,8.099900245666504,8.460000038146973,18600,0.0,0.0
2021-05-28 00:00:00-04:00,8.390000343322754,8.569999694824219,8.149999618530273,8.569999694824219,4500,0.0,0.0
2021-06-01 00:00:00-04:00,8.789999961853027,8.979499816894531,8.489999771118164,8.699999809265137,32400,0.0,0.0
2021-06-02 00:00:00-04:00,8.739999771118164,9.25,8.699999809265137,9.079999923706055,16400,0.0,0.0
2021-06-03 00:00:00-04:00,8.880000114440918,8.960000038146973,8.510000228881836,8.960000038146973,6800,0.0,0.0
2021-06-04 00:00:00-04:00,8.920000076293945,8.920000076293945,8.565600395202637,8.694999694824219,2100,0.0,0.0
2021-06-07 00:00:00-04:00,8.739999771118164,8.75,8.529999732971191,8.562299728393555,2800,0.0,0.0
2021-06-08 00:00:00-04:00,8.550000190734863,9.095000267028809,8.550000190734863,8.899999618530273,25200,0.0,0.0
2021-06-09 00:00:00-04:00,8.826199531555176,8.880000114440918,8.800000190734863,8.800000190734863,4900,0.0,0.0
2021-06-10 00:00:00-04:00,9.010600090026855,9.07040023803711,8.760000228881836,8.819999694824219,7400,0.0,0.0
2021-06-11 00:00:00-04:00,9.073699951171875,9.468299865722656,9.0,9.152400016784668,27100,0.0,0.0
2021-06-14 00:00:00-04:00,9.5,10.109999656677246,9.300000190734863,9.899999618530273,164900,0.0,0.0
2021-06-15 00:00:00-04:00,10.0,10.170000076293945,9.270000457763672,9.489999771118164,72800,0.0,0.0
2021-06-16 00:00:00-04:00,9.350000381469727,9.5,9.300000190734863,9.300000190734863,9400,0.0,0.0
2021-06-17 00:00:00-04:00,9.40999984741211,9.460000038146973,9.029999732971191,9.350000381469727,57700,0.0,0.0
2021-06-18 00:00:00-04:00,9.359999656677246,9.739999771118164,9.1899995803833,9.399999618530273,94400,0.0,0.0
2021-06-21 00:00:00-04:00,9.359999656677246,10.0,9.0,9.470000267028809,50500,0.0,0.0
2021-06-22 00:00:00-04:00,9.369999885559082,9.760000228881836,9.3100004196167,9.5,19900,0.0,0.0
2021-06-23 00:00:00-04:00,8.619999885559082,9.25,8.609999656677246,9.175000190734863,131600,0.0,0.0
2021-06-24 00:00:00-04:00,9.25,9.25,8.899999618530273,8.899999618530273,40100,0.0,0.0
2021-06-25 00:00:00-04:00,8.989999771118164,9.220000267028809,8.869999885559082,8.880000114440918,31900,0.0,0.0
2021-06-28 00:00:00-04:00,9.050000190734863,9.149999618530273,8.70009994506836,8.989999771118164,16000,0.0,0.0
2021-06-29 00:00:00-04:00,8.72350025177002,9.029999732971191,8.673999786376953,8.835000038146973,4800,0.0,0.0
2021-06-30 00:00:00-04:00,8.9399995803833,8.979999542236328,8.63010025024414,8.649999618530273,16700,0.0,0.0
2021-07-01 00:00:00-04:00,8.829999923706055,8.930000305175781,8.65999984741211,8.699999809265137,6900,0.0,0.0
2021-07-02 00:00:00-04:00,8.924799919128418,8.924799919128418,8.652600288391113,8.800000190734863,3800,0.0,0.0
2021-07-06 00:00:00-04:00,8.949999809265137,8.95989990234375,8.680000305175781,8.779999732971191,9200,0.0,0.0
2021-07-07 00:00:00-04:00,8.75,9.047499656677246,8.75,8.869999885559082,16400,0.0,0.0
2021-07-08 00:00:00-04:00,8.710000038146973,8.850000381469727,8.710000038146973,8.84000015258789,7600,0.0,0.0
2021-07-09 00:00:00-04:00,8.800000190734863,8.989999771118164,8.5600004196167,8.869999885559082,14000,0.0,0.0
2021-07-12 00:00:00-04:00,8.800000190734863,8.994999885559082,8.800000190734863,8.829999923706055,11300,0.0,0.0
2021-07-13 00:00:00-04:00,8.829999923706055,9.0,8.600000381469727,8.600000381469727,6100,0.0,0.0
2021-07-14 00:00:00-04:00,8.729999542236328,8.960000038146973,8.729999542236328,8.859999656677246,25300,0.0,0.0
2021-07-15 00:00:00-04:00,8.899999618530273,9.149999618530273,8.859999656677246,8.989999771118164,28800,0.0,0.0
2021-07-16 00:00:00-04:00,9.130000114440918,9.130000114440918,8.90999984741211,8.9399995803833,10600,0.0,0.0
2021-07-19 00:00:00-04:00,8.710000038146973,9.5,8.649999618530273,9.300000190734863,28900,0.0,0.0
2021-07-20 00:00:00-04:00,9.779999732971191,9.779999732971191,9.149999618530273,9.199999809265137,34600,0.0,0.0
2021-07-21 00:00:00-04:00,9.180000305175781,9.399999618530273,8.970000267028809,8.970000267028809,20600,0.0,0.0
2021-07-22 00:00:00-04:00,8.960000038146973,9.197999954223633,8.869999885559082,9.0,18300,0.0,0.0
2021-07-23 00:00:00-04:00,9.020000457763672,9.079999923706055,8.880000114440918,9.0,6100,0.0,0.0
2021-07-26 00:00:00-04:00,8.949999809265137,9.359999656677246,8.949999809265137,9.010000228881836,30200,0.0,0.0
2021-07-27 00:00:00-04:00,8.930000305175781,9.049500465393066,8.930000305175781,9.029999732971191,7900,0.0,0.0
2021-07-28 00:00:00-04:00,9.050000190734863,9.339900016784668,8.895000457763672,9.100000381469727,10400,0.0,0.0
2021-07-29 00:00:00-04:00,9.0600004196167,9.329899787902832,8.880800247192383,9.0,19000,0.0,0.0
2021-07-30 00:00:00-04:00,8.90999984741211,9.130000114440918,8.90999984741211,9.010000228881836,10400,0.0,0.0
2021-08-02 00:00:00-04:00,8.869999885559082,9.149900436401367,8.850000381469727,8.850000381469727,7600,0.0,0.0
2021-08-03 00:00:00-04:00,9.0,9.010000228881836,8.869999885559082,8.989999771118164,3000,0.0,0.0
2021-08-04 00:00:00-04:00,8.949999809265137,8.949999809265137,8.5,8.510000228881836,14900,0.0,0.0
2021-08-05 00:00:00-04:00,8.539999961853027,8.779999732971191,8.449999809265137,8.619999885559082,2500,0.0,0.0
2021-08-06 00:00:00-04:00,8.569999694824219,8.689900398254395,8.3100004196167,8.3100004196167,12300,0.0,0.0
2021-08-09 00:00:00-04:00,8.399999618530273,9.077699661254883,8.25,8.994999885559082,17000,0.0,0.0
2021-08-10 00:00:00-04:00,9.079999923706055,9.109999656677246,8.71500015258789,8.71500015258789,6600,0.0,0.0
2021-08-11 00:00:00-04:00,8.880000114440918,9.109999656677246,8.872400283813477,8.979999542236328,5800,0.0,0.0
2021-08-12 00:00:00-04:00,8.760000228881836,9.069999694824219,8.75,9.029999732971191,2500,0.0,0.0
2021-08-13 00:00:00-04:00,9.100000381469727,9.100000381469727,8.800000190734863,8.960000038146973,4900,0.0,0.0
2021-08-16 00:00:00-04:00,8.789999961853027,8.944999694824219,8.65999984741211,8.65999984741211,5500,0.0,0.0
2021-08-17 00:00:00-04:00,8.65999984741211,8.949999809265137,8.649999618530273,8.649999618530273,4100,0.0,0.0
2021-08-18 00:00:00-04:00,8.649999618530273,8.970000267028809,8.539999961853027,8.699999809265137,7400,0.0,0.0
2021-08-19 00:00:00-04:00,8.65999984741211,8.879899978637695,8.600000381469727,8.609999656677246,10200,0.0,0.0
2021-08-20 00:00:00-04:00,8.751399993896484,8.90999984741211,8.729999542236328,8.90999984741211,2700,0.0,0.0
2021-08-23 00:00:00-04:00,8.76449966430664,8.949999809265137,8.510100364685059,8.510100364685059,2000,0.0,0.0
2021-08-24 00:00:00-04:00,8.510000228881836,8.859999656677246,8.510000228881836,8.859999656677246,3000,0.0,0.0
2021-08-25 00:00:00-04:00,8.579999923706055,8.949999809265137,8.579999923706055,8.630000114440918,7300,0.0,0.0
2021-08-26 00:00:00-04:00,8.774999618530273,8.859999656677246,8.529999732971191,8.739999771118164,12500,0.0,0.0
2021-08-27 00:00:00-04:00,8.739999771118164,8.799300193786621,8.510100364685059,8.699999809265137,6500,0.0,0.0
2021-08-30 00:00:00-04:00,8.829999923706055,9.399999618530273,8.829999923706055,9.15999984741211,39700,0.0,0.0
2021-08-31 00:00:00-04:00,9.253199577331543,9.40999984741211,9.052000045776367,9.109999656677246,2300,0.0,0.0
2021-09-01 00:00:00-04:00,9.40999984741211,9.40999984741211,9.102999687194824,9.119999885559082,16000,0.0,0.0
2021-09-02 00:00:00-04:00,9.119999885559082,9.279999732971191,9.010000228881836,9.010000228881836,28600,0.0,0.0
2021-09-03 00:00:00-04:00,8.949999809265137,9.34000015258789,8.880000114440918,9.34000015258789,29300,0.0,0.0
2021-09-07 00:00:00-04:00,9.329999923706055,9.329999923706055,9.015000343322754,9.015000343322754,8800,0.0,0.0
2021-09-08 00:00:00-04:00,9.199999809265137,9.210000038146973,9.0,9.010000228881836,4200,0.0,0.0
2021-09-09 00:00:00-04:00,9.109999656677246,9.800000190734863,9.109999656677246,9.5,47300,0.0,0.0
2021-09-10 00:00:00-04:00,9.699999809265137,9.904399871826172,9.170000076293945,9.170000076293945,24300,0.0,0.0
2021-09-13 00:00:00-04:00,9.229999542236328,9.895000457763672,8.989999771118164,9.0,17100,0.0,0.0
2021-09-14 00:00:00-04:00,9.100000381469727,9.100000381469727,8.586999893188477,8.899999618530273,20900,0.0,0.0
2021-09-15 00:00:00-04:00,8.989999771118164,8.989999771118164,8.739999771118164,8.979999542236328,2900,0.0,0.0
2021-09-16 00:00:00-04:00,8.970000267028809,8.970000267028809,8.769000053405762,8.781999588012695,4900,0.0,0.0
2021-09-17 00:00:00-04:00,8.728099822998047,9.050000190734863,8.050000190734863,9.050000190734863,46900,0.0,0.0
2021-09-20 00:00:00-04:00,8.789999961853027,9.079999923706055,8.380000114440918,9.020000457763672,10800,0.0,0.0
2021-09-21 00:00:00-04:00,8.970000267028809,9.083900451660156,8.920000076293945,8.920000076293945,20400,0.0,0.0
2021-09-22 00:00:00-04:00,9.0,9.119999885559082,8.989999771118164,9.119999885559082,6700,0.0,0.0
2021-09-23 00:00:00-04:00,9.050000190734863,9.130000114440918,8.699999809265137,8.949999809265137,26300,0.0,0.0
2021-09-24 00:00:00-04:00,9.130000114440918,9.150500297546387,8.779999732971191,8.960000038146973,10900,0.0,0.0
2021-09-27 00:00:00-04:00,8.740099906921387,9.0,8.740099906921387,8.899999618530273,3000,0.0,0.0
2021-09-28 00:00:00-04:00,8.90999984741211,8.979999542236328,8.779399871826172,8.890000343322754,7000,0.0,0.0
2021-09-29 00:00:00-04:00,8.970000267028809,9.085000038146973,8.660099983215332,8.800000190734863,21400,0.0,0.0
2021-09-30 00:00:00-04:00,8.710000038146973,8.989999771118164,8.710000038146973,8.960000038146973,6300,0.0,0.0
2021-10-01 00:00:00-04:00,8.890000343322754,9.09000015258789,8.79010009765625,8.890000343322754,63100,0.0,0.0
2021-10-04 00:00:00-04:00,8.960000038146973,9.035300254821777,8.811699867248535,9.0,18700,0.0,0.0
2021-10-05 00:00:00-04:00,9.029999732971191,9.300000190734863,8.827400207519531,9.010000228881836,12100,0.0,0.0
2021-10-06 00:00:00-04:00,9.010000228881836,9.180000305175781,8.823100090026855,8.823100090026855,10300,0.0,0.0
2021-10-07 00:00:00-04:00,8.949999809265137,9.0600004196167,8.8100004196167,8.899999618530273,11700,0.0,0.0
2021-10-08 00:00:00-04:00,8.789999961853027,8.899900436401367,8.789999961853027,8.819999694824219,4500,0.0,0.0
2021-10-11 00:00:00-04:00,8.890000343322754,8.899999618530273,8.880000114440918,8.880000114440918,900,0.0,0.0
2021-10-12 00:00:00-04:00,8.929900169372559,8.929900169372559,8.800000190734863,8.828100204467773,1700,0.0,0.0
2021-10-13 00:00:00-04:00,8.850000381469727,8.857799530029297,8.8100004196167,8.857799530029297,1300,0.0,0.0
2021-10-14 00:00:00-04:00,8.982600212097168,8.989999771118164,8.899999618530273,8.9399995803833,4600,0.0,0.0
2021-10-15 00:00:00-04:00,8.920000076293945,8.944899559020996,8.89900016784668,8.90999984741211,3100,0.0,0.0
2021-10-18 00:00:00-04:00,8.920000076293945,8.920000076293945,8.755399703979492,8.755399703979492,3000,0.0,0.0
2021-10-19 00:00:00-04:00,8.75,8.774999618530273,8.710000038146973,8.76930046081543,3700,0.0,0.0
2021-10-20 00:00:00-04:00,8.710000038146973,8.762800216674805,8.600000381469727,8.609999656677246,10300,0.0,0.0
2021-10-21 00:00:00-04:00,8.630000114440918,8.630000114440918,8.510000228881836,8.510000228881836,3700,0.0,0.0
2021-10-22 00:00:00-04:00,8.520000457763672,8.520000457763672,8.40999984741211,8.479999542236328,4900,0.0,0.0
2021-10-25 00:00:00-04:00,8.460000038146973,8.741499900817871,8.458700180053711,8.470000267028809,20200,0.0,0.0
2021-10-26 00:00:00-04:00,8.601900100708008,8.680000305175781,8.470000267028809,8.550000190734863,5500,0.0,0.0
2021-10-27 00:00:00-04:00,8.460000038146973,8.460000038146973,8.460000038146973,8.460000038146973,3700,0.0,0.0
2021-10-28 00:00:00-04:00,8.569999694824219,8.569999694824219,8.40999984741211,8.42300033569336,5800,0.0,0.0
2021-10-29 00:00:00-04:00,8.420000076293945,8.59000015258789,8.40999984741211,8.4399995803833,5100,0.0,0.0
2021-11-01 00:00:00-04:00,8.40999984741211,8.574199676513672,8.40999984741211,8.454999923706055,3900,0.0,0.0
2021-11-02 00:00:00-04:00,8.550000190734863,8.729900360107422,8.438899993896484,8.699999809265137,22500,0.0,0.0
2021-11-03 00:00:00-04:00,8.699999809265137,9.027299880981445,8.699999809265137,8.949999809265137,14600,0.0,0.0
2021-11-04 00:00:00-04:00,8.9399995803833,9.089900016784668,8.852100372314453,8.852100372314453,15000,0.0,0.0
2021-11-05 00:00:00-04:00,8.79520034790039,8.839599609375,8.5,8.5,8800,0.0,0.0
2021-11-08 00:00:00-05:00,8.59000015258789,8.6899995803833,8.40999984741211,8.550100326538086,19900,0.0,0.0
2021-11-09 00:00:00-05:00,8.489999771118164,8.489999771118164,8.079999923706055,8.210000038146973,33500,0.0,0.0
2021-11-10 00:00:00-05:00,8.199999809265137,8.34000015258789,8.130000114440918,8.199999809265137,55000,0.0,0.0
2021-11-11 00:00:00-05:00,8.1899995803833,8.260000228881836,8.071599960327148,8.170000076293945,18800,0.0,0.0
2021-11-12 00:00:00-05:00,8.270000457763672,8.767399787902832,8.270000457763672,8.5600004196167,23100,0.0,0.0
2021-11-15 00:00:00-05:00,8.600000381469727,8.770000457763672,8.523300170898438,8.680000305175781,15400,0.0,0.0
2021-11-16 00:00:00-05:00,8.569999694824219,8.645600318908691,8.396699905395508,8.399999618530273,7800,0.0,0.0
2021-11-17 00:00:00-05:00,8.330100059509277,8.479999542236328,8.199999809265137,8.289999961853027,8100,0.0,0.0
2021-11-18 00:00:00-05:00,8.369999885559082,8.390000343322754,8.264800071716309,8.369999885559082,2400,0.0,0.0
2021-11-19 00:00:00-05:00,8.25,8.75,8.069999694824219,8.149999618530273,34500,0.0,0.0
2021-11-22 00:00:00-05:00,8.319999694824219,8.479999542236328,8.069999694824219,8.170000076293945,13100,0.0,0.0
2021-11-23 00:00:00-05:00,8.473999977111816,8.479999542236328,8.170000076293945,8.170000076293945,6600,0.0,0.0
2021-11-24 00:00:00-05:00,8.086099624633789,8.399999618530273,8.086099624633789,8.350000381469727,9300,0.0,0.0
2021-11-26 00:00:00-05:00,8.239999771118164,8.359999656677246,7.989999771118164,7.989999771118164,11700,0.0,0.0
2021-11-29 00:00:00-05:00,8.010000228881836,8.149999618530273,7.840000152587891,7.869999885559082,54700,0.0,0.0
2021-11-30 00:00:00-05:00,7.789999961853027,8.012100219726562,7.675000190734863,7.675000190734863,9100,0.0,0.0
2021-12-01 00:00:00-05:00,7.75,7.994999885559082,7.410099983215332,7.5,10700,0.0,0.0
2021-12-02 00:00:00-05:00,7.510000228881836,7.900000095367432,7.300000190734863,7.579999923706055,19700,0.0,0.0
2021-12-03 00:00:00-05:00,7.4019999504089355,7.449999809265137,7.306099891662598,7.372700214385986,3500,0.0,0.0
2021-12-06 00:00:00-05:00,7.380000114440918,7.800000190734863,7.369999885559082,7.480000019073486,6900,0.0,0.0
2021-12-07 00:00:00-05:00,7.5,8.010000228881836,7.410099983215332,7.849999904632568,46200,0.0,0.0
2021-12-08 00:00:00-05:00,8.010000228881836,8.010000228881836,7.989999771118164,7.989999771118164,1200,0.0,0.0
2021-12-09 00:00:00-05:00,8.0,8.020000457763672,7.75,7.75,5700,0.0,0.0
2021-12-10 00:00:00-05:00,7.889999866485596,8.0,7.579999923706055,7.920000076293945,8000,0.0,0.0
2021-12-13 00:00:00-05:00,7.829999923706055,8.1899995803833,7.510000228881836,7.519999980926514,12400,0.0,0.0
2021-12-14 00:00:00-05:00,7.559999942779541,7.804999828338623,7.550000190734863,7.789999961853027,2600,0.0,0.0
2021-12-15 00:00:00-05:00,7.769999980926514,7.769999980926514,7.420100212097168,7.46999979019165,18400,0.0,0.0
2021-12-16 00:00:00-05:00,7.579899787902832,7.639999866485596,7.409999847412109,7.619999885559082,5800,0.0,0.0
2021-12-17 00:00:00-05:00,7.429999828338623,7.519999980926514,7.420000076293945,7.519999980926514,4800,0.0,0.0
2021-12-20 00:00:00-05:00,7.570000171661377,7.584000110626221,7.25,7.420000076293945,3700,0.0,0.0
2021-12-21 00:00:00-05:00,7.400000095367432,7.579999923706055,7.239999771118164,7.579999923706055,7300,0.0,0.0
2021-12-22 00:00:00-05:00,7.599999904632568,7.960000038146973,7.599999904632568,7.784999847412109,1900,0.0,0.0
2021-12-23 00:00:00-05:00,7.760000228881836,7.969299793243408,7.739999771118164,7.960000038146973,6100,0.0,0.0
2021-12-27 00:00:00-05:00,8.220000267028809,8.220000267028809,7.441699981689453,7.599999904632568,9600,0.0,0.0
2021-12-28 00:00:00-05:00,7.619999885559082,8.010000228881836,7.610899925231934,7.9141998291015625,3400,0.0,0.0
2021-12-29 00:00:00-05:00,7.610000133514404,7.610000133514404,7.253300189971924,7.380000114440918,13200,0.0,0.0
2021-12-30 00:00:00-05:00,7.572999954223633,7.599999904632568,7.505000114440918,7.505000114440918,5400,0.0,0.0
2021-12-31 00:00:00-05:00,7.53000020980835,8.105500221252441,7.53000020980835,8.0,23500,0.0,0.0
2022-01-03 00:00:00-05:00,8.0600004196167,8.239999771118164,7.720099925994873,8.1899995803833,31700,0.0,0.0
2022-01-04 00:00:00-05:00,8.100000381469727,8.239899635314941,7.754499912261963,8.050000190734863,12100,0.0,0.0
2022-01-05 00:00:00-05:00,7.943699836730957,8.089900016784668,7.809999942779541,7.887700080871582,10800,0.0,0.0
2022-01-06 00:00:00-05:00,7.786600112915039,7.929999828338623,7.655799865722656,7.829999923706055,27700,0.0,0.0
2022-01-07 00:00:00-05:00,7.800000190734863,8.0,7.429999828338623,7.739999771118164,14100,0.0,0.0
2022-01-10 00:00:00-05:00,7.699999809265137,7.769999980926514,7.413099765777588,7.769999980926514,5400,0.0,0.0
2022-01-11 00:00:00-05:00,7.579999923706055,7.989999771118164,7.579999923706055,7.815000057220459,11300,0.0,0.0
2022-01-12 00:00:00-05:00,7.651500225067139,8.0,7.605000019073486,7.789000034332275,7800,0.0,0.0
2022-01-13 00:00:00-05:00,7.550099849700928,7.964700222015381,7.550000190734863,7.550000190734863,11800,0.0,0.0
2022-01-14 00:00:00-05:00,7.550000190734863,7.649700164794922,6.78000020980835,6.9710001945495605,18300,0.0,0.0
2022-01-18 00:00:00-05:00,6.909999847412109,6.96999979019165,6.75,6.75,12200,0.0,0.0
2022-01-19 00:00:00-05:00,6.650000095367432,6.869999885559082,6.5,6.78000020980835,28200,0.0,0.0
2022-01-20 00:00:00-05:00,6.809999942779541,7.085000038146973,6.699999809265137,6.949999809265137,24800,0.0,0.0
2022-01-21 00:00:00-05:00,6.600100040435791,7.230000019073486,6.600100040435791,6.96999979019165,73400,0.0,0.0
2022-01-24 00:00:00-05:00,6.900000095367432,6.900000095367432,6.429999828338623,6.493000030517578,18800,0.0,0.0
2022-01-25 00:00:00-05:00,6.449999809265137,6.739999771118164,6.400000095367432,6.510000228881836,16000,0.0,0.0
2022-01-26 00:00:00-05:00,6.532899856567383,6.710000038146973,6.532899856567383,6.640200138092041,7100,0.0,0.0
2022-01-27 00:00:00-05:00,6.599999904632568,6.610000133514404,6.270100116729736,6.534999847412109,9800,0.0,0.0
2022-01-28 00:00:00-05:00,6.619999885559082,6.696000099182129,6.5,6.579999923706055,4800,0.0,0.0
2022-01-31 00:00:00-05:00,6.550000190734863,6.78000020980835,6.550000190734863,6.739999771118164,13100,0.0,0.0
2022-02-01 00:00:00-05:00,6.5,6.513500213623047,5.949999809265137,5.960000038146973,51100,0.0,0.0
2022-02-02 00:00:00-05:00,6.260000228881836,6.260000228881836,5.780099868774414,6.010000228881836,55700,0.0,0.0
2022-02-03 00:00:00-05:00,6.010000228881836,6.186500072479248,6.010000228881836,6.130000114440918,5500,0.0,0.0
2022-02-04 00:00:00-05:00,6.010000228881836,6.139999866485596,6.010000228881836,6.130000114440918,23500,0.0,0.0
2022-02-07 00:00:00-05:00,6.135700225830078,6.135700225830078,5.890399932861328,6.0100998878479,14500,0.0,0.0
2022-02-08 00:00:00-05:00,6.0,6.170000076293945,6.0,6.150000095367432,11300,0.0,0.0
2022-02-09 00:00:00-05:00,6.130000114440918,6.179999828338623,6.079999923706055,6.119999885559082,6400,0.0,0.0
2022-02-10 00:00:00-05:00,6.179999828338623,6.179999828338623,5.789999961853027,5.800000190734863,20500,0.0,0.0
2022-02-11 00:00:00-05:00,5.968800067901611,6.019999980926514,5.820000171661377,5.920000076293945,7700,0.0,0.0
2022-02-14 00:00:00-05:00,6.130000114440918,6.629899978637695,5.989999771118164,6.550000190734863,96100,0.0,0.0
2022-02-15 00:00:00-05:00,6.480000019073486,6.480000019073486,5.980000019073486,6.034999847412109,50300,0.0,0.0
2022-02-16 00:00:00-05:00,6.119999885559082,6.17519998550415,6.050000190734863,6.059999942779541,9800,0.0,0.0
2022-02-17 00:00:00-05:00,6.099999904632568,6.199900150299072,5.909999847412109,6.0,8400,0.0,0.0
2022-02-18 00:00:00-05:00,6.010000228881836,6.039400100708008,5.830100059509277,5.989999771118164,11800,0.0,0.0
2022-02-22 00:00:00-05:00,5.849999904632568,5.949999809265137,5.849999904632568,5.929999828338623,5600,0.0,0.0
2022-02-23 00:00:00-05:00,6.019999980926514,6.040800094604492,5.829999923706055,5.860000133514404,7400,0.0,0.0
2022-02-24 00:00:00-05:00,5.860000133514404,5.960000038146973,5.800000190734863,5.882699966430664,6800,0.0,0.0
2022-02-25 00:00:00-05:00,6.119999885559082,6.269999980926514,5.940000057220459,6.0,22000,0.0,0.0
2022-02-28 00:00:00-05:00,5.960000038146973,6.190000057220459,5.860000133514404,5.920000076293945,35900,0.0,0.0
2022-03-01 00:00:00-05:00,5.949999809265137,6.039999961853027,5.949999809265137,5.96999979019165,2000,0.0,0.0
2022-03-02 00:00:00-05:00,6.079999923706055,6.190000057220459,6.026800155639648,6.189899921417236,9800,0.0,0.0
2022-03-03 00:00:00-05:00,6.190000057220459,6.329999923706055,6.059999942779541,6.190000057220459,15300,0.0,0.0
2022-03-04 00:00:00-05:00,6.090000152587891,6.247900009155273,6.050000190734863,6.059999942779541,7700,0.0,0.0
2022-03-07 00:00:00-05:00,6.0,6.139999866485596,5.900000095367432,5.909999847412109,13000,0.0,0.0
2022-03-08 00:00:00-05:00,5.96999979019165,7.118199825286865,5.96999979019165,6.908999919891357,200000,0.0,0.0
2022-03-09 00:00:00-05:00,6.949999809265137,6.980800151824951,6.119999885559082,6.570000171661377,43800,0.0,0.0
2022-03-10 00:00:00-05:00,6.735000133514404,6.880000114440918,6.599999904632568,6.699999809265137,10300,0.0,0.0
2022-03-11 00:00:00-05:00,6.390100002288818,6.599999904632568,6.389999866485596,6.599999904632568,17800,0.0,0.0
2022-03-14 00:00:00-04:00,6.5,6.590000152587891,6.035099983215332,6.420000076293945,9200,0.0,0.0
2022-03-15 00:00:00-04:00,6.329999923706055,6.329999923706055,5.579999923706055,5.889999866485596,46600,0.0,0.0
2022-03-16 00:00:00-04:00,6.019999980926514,6.440000057220459,6.019999980926514,6.239999771118164,30100,0.0,0.0
2022-03-17 00:00:00-04:00,6.342700004577637,6.440000057220459,6.199999809265137,6.400000095367432,11400,0.0,0.0
2022-03-18 00:00:00-04:00,6.389999866485596,6.940000057220459,6.197000026702881,6.78000020980835,64800,0.0,0.0
2022-03-21 00:00:00-04:00,6.849999904632568,6.849999904632568,6.420000076293945,6.75,24900,0.0,0.0
2022-03-22 00:00:00-04:00,6.78000020980835,7.098999977111816,6.57919979095459,7.010000228881836,27200,0.0,0.0
2022-03-23 00:00:00-04:00,6.8180999755859375,7.019000053405762,6.8180999755859375,7.011099815368652,4400,0.0,0.0
2022-03-24 00:00:00-04:00,7.110000133514404,7.110000133514404,6.888000011444092,6.974999904632568,14800,0.0,0.0
2022-03-25 00:00:00-04:00,6.7621002197265625,6.949999809265137,6.7621002197265625,6.864999771118164,4200,0.0,0.0
2022-03-28 00:00:00-04:00,6.840000152587891,7.440000057220459,6.840000152587891,7.369999885559082,21100,0.0,0.0
2022-03-29 00:00:00-04:00,7.300000190734863,7.300000190734863,6.820000171661377,6.940000057220459,19300,0.0,0.0
2022-03-30 00:00:00-04:00,6.829999923706055,6.869900226593018,6.53000020980835,6.559999942779541,24100,0.0,0.0
2022-03-31 00:00:00-04:00,6.570000171661377,6.697500228881836,6.199999809265137,6.570000171661377,36000,0.0,0.0
2022-04-01 00:00:00-04:00,6.409999847412109,6.559999942779541,6.230000019073486,6.340000152587891,17800,0.0,0.0
2022-04-04 00:00:00-04:00,6.349999904632568,6.635000228881836,6.210000038146973,6.260000228881836,16700,0.0,0.0
2022-04-05 00:00:00-04:00,6.3277997970581055,6.423999786376953,6.25,6.309999942779541,20700,0.0,0.0
2022-04-06 00:00:00-04:00,6.340000152587891,6.369999885559082,6.236499786376953,6.28000020980835,3900,0.0,0.0
2022-04-07 00:00:00-04:00,6.300000190734863,6.429999828338623,6.224999904632568,6.269999980926514,4500,0.0,0.0
2022-04-08 00:00:00-04:00,6.21999979019165,6.460000038146973,6.130000114440918,6.239999771118164,7500,0.0,0.0
2022-04-11 00:00:00-04:00,6.310200214385986,6.310200214385986,6.164999961853027,6.179999828338623,9600,0.0,0.0
2022-04-12 00:00:00-04:00,6.210000038146973,6.25,6.0,6.070000171661377,17200,0.0,0.0
2022-04-13 00:00:00-04:00,6.070000171661377,6.149899959564209,5.96999979019165,6.0,17700,0.0,0.0
2022-04-14 00:00:00-04:00,5.900000095367432,6.059999942779541,5.900000095367432,6.03000020980835,9000,0.0,0.0
2022-04-18 00:00:00-04:00,6.050000190734863,6.21999979019165,5.989999771118164,6.010000228881836,8200,0.0,0.0
2022-04-19 00:00:00-04:00,6.124100208282471,6.28000020980835,6.019999980926514,6.150000095367432,13000,0.0,0.0
2022-04-20 00:00:00-04:00,6.150000095367432,6.289999961853027,6.144999980926514,6.239999771118164,5800,0.0,0.0
2022-04-21 00:00:00-04:00,6.239999771118164,6.239999771118164,6.050000190734863,6.090000152587891,1800,0.0,0.0
2022-04-22 00:00:00-04:00,5.710000038146973,6.190000057220459,5.710000038146973,6.0,14200,0.0,0.0
2022-04-25 00:00:00-04:00,6.039999961853027,6.138999938964844,5.769999980926514,5.849999904632568,9800,0.0,0.0
2022-04-26 00:00:00-04:00,5.809999942779541,5.849999904632568,5.550099849700928,5.599999904632568,39400,0.0,0.0
2022-04-27 00:00:00-04:00,5.710000038146973,5.739999771118164,5.650000095367432,5.659999847412109,14000,0.0,0.0
2022-04-28 00:00:00-04:00,5.670000076293945,5.840000152587891,5.670000076293945,5.75,5500,0.0,0.0
2022-04-29 00:00:00-04:00,5.75,5.940000057220459,5.619999885559082,5.710000038146973,6200,0.0,0.0
2022-05-02 00:00:00-04:00,5.659999847412109,5.699999809265137,5.619999885559082,5.659999847412109,6500,0.0,0.0
2022-05-03 00:00:00-04:00,5.659999847412109,5.849999904632568,5.659999847412109,5.679999828338623,5600,0.0,0.0
2022-05-04 00:00:00-04:00,5.679999828338623,5.989999771118164,5.610000133514404,5.75,15800,0.0,0.0
2022-05-05 00:00:00-04:00,5.789999961853027,5.829999923706055,5.610000133514404,5.610000133514404,4500,0.0,0.0
2022-05-06 00:00:00-04:00,5.659999847412109,5.659999847412109,5.559999942779541,5.559999942779541,10800,0.0,0.0
2022-05-09 00:00:00-04:00,5.510000228881836,5.789999961853027,5.5,5.5,6400,0.0,0.0
2022-05-10 00:00:00-04:00,5.489999771118164,5.659900188446045,5.25,5.25,11900,0.0,0.0
2022-05-11 00:00:00-04:00,5.332900047302246,5.5,5.199999809265137,5.239999771118164,15400,0.0,0.0
2022-05-12 00:00:00-04:00,5.170000076293945,5.269999980926514,4.980000019073486,5.010000228881836,75400,0.0,0.0
2022-05-13 00:00:00-04:00,5.063399791717529,5.139999866485596,5.0,5.079999923706055,44700,0.0,0.0
2022-05-16 00:00:00-04:00,5.079999923706055,5.099999904632568,4.909999847412109,4.989999771118164,35700,0.0,0.0
2022-05-17 00:00:00-04:00,5.099999904632568,5.374599933624268,5.03000020980835,5.039999961853027,25200,0.0,0.0
2022-05-18 00:00:00-04:00,5.065000057220459,5.079999923706055,4.769999980926514,4.900000095367432,12200,0.0,0.0
2022-05-19 00:00:00-04:00,4.900100231170654,5.070000171661377,4.900100231170654,5.039999961853027,11200,0.0,0.0
2022-05-20 00:00:00-04:00,5.232699871063232,5.249899864196777,4.980000019073486,5.0,22600,0.0,0.0
2022-05-23 00:00:00-04:00,5.010000228881836,5.179999828338623,4.909999847412109,4.909999847412109,27700,0.0,0.0
2022-05-24 00:00:00-04:00,4.940000057220459,5.010000228881836,4.900000095367432,5.0,9100,0.0,0.0
2022-05-25 00:00:00-04:00,4.933800220489502,5.175000190734863,4.933800220489502,5.059999942779541,47400,0.0,0.0
2022-05-26 00:00:00-04:00,5.03000020980835,5.28000020980835,5.03000020980835,5.150000095367432,21300,0.0,0.0
2022-05-27 00:00:00-04:00,5.139999866485596,5.190000057220459,5.099999904632568,5.110000133514404,5600,0.0,0.0
2022-05-31 00:00:00-04:00,5.25,5.400000095367432,5.230000019073486,5.349999904632568,43600,0.0,0.0
2022-06-01 00:00:00-04:00,5.349999904632568,5.525000095367432,5.230000019073486,5.239999771118164,13800,0.0,0.0
2022-06-02 00:00:00-04:00,5.309999942779541,5.489999771118164,5.260000228881836,5.269999980926514,8400,0.0,0.0
2022-06-03 00:00:00-04:00,5.300000190734863,5.532199859619141,5.25,5.260000228881836,14200,0.0,0.0
2022-06-06 00:00:00-04:00,5.480000019073486,5.510000228881836,5.289999961853027,5.309999942779541,13800,0.0,0.0
2022-06-07 00:00:00-04:00,5.300000190734863,5.46999979019165,5.260000228881836,5.349999904632568,13200,0.0,0.0
2022-06-08 00:00:00-04:00,5.654099941253662,5.789299964904785,5.380000114440918,5.769999980926514,34600,0.0,0.0
2022-06-09 00:00:00-04:00,5.719900131225586,5.71999979019165,5.610000133514404,5.610000133514404,12400,0.0,0.0
2022-06-10 00:00:00-04:00,5.610000133514404,5.650000095367432,5.5,5.539999961853027,9800,0.0,0.0
2022-06-13 00:00:00-04:00,5.501999855041504,5.519999980926514,5.25,5.289999961853027,16600,0.0,0.0
2022-06-14 00:00:00-04:00,5.230000019073486,5.269999980926514,4.980000019073486,4.980000019073486,66000,0.0,0.0
2022-06-15 00:00:00-04:00,4.980000019073486,5.019999980926514,4.960000038146973,4.980000019073486,41600,0.0,0.0
2022-06-16 00:00:00-04:00,4.980000019073486,5.039999961853027,4.906499862670898,5.0,23300,0.0,0.0
2022-06-17 00:00:00-04:00,5.130000114440918,5.130000114440918,4.820000171661377,4.889999866485596,27900,0.0,0.0
2022-06-21 00:00:00-04:00,4.900000095367432,4.949999809265137,4.809999942779541,4.809999942779541,17400,0.0,0.0
2022-06-22 00:00:00-04:00,4.800000190734863,4.860000133514404,4.75,4.769999980926514,21500,0.0,0.0
2022-06-23 00:00:00-04:00,4.809999942779541,4.849999904632568,4.75,4.789999961853027,19700,0.0,0.0
2022-06-24 00:00:00-04:00,4.769999980926514,4.929999828338623,4.769999980926514,4.880000114440918,16300,0.0,0.0
2022-06-27 00:00:00-04:00,4.960000038146973,5.0,4.798600196838379,5.0,13000,0.0,0.0
2022-06-28 00:00:00-04:00,4.911799907684326,5.039999961853027,4.800000190734863,4.800000190734863,13900,0.0,0.0
2022-06-29 00:00:00-04:00,4.75,5.099999904632568,4.75,4.960000038146973,27400,0.0,0.0
2022-06-30 00:00:00-04:00,5.150000095367432,5.150000095367432,4.929999828338623,5.0,19400,0.0,0.0
2022-07-01 00:00:00-04:00,4.960000038146973,5.150000095367432,4.960000038146973,5.150000095367432,6900,0.0,0.0
2022-07-05 00:00:00-04:00,4.994999885559082,5.119999885559082,4.989999771118164,5.03000020980835,13800,0.0,0.0
2022-07-06 00:00:00-04:00,5.099999904632568,5.099999904632568,5.03000020980835,5.090000152587891,3600,0.0,0.0
2022-07-07 00:00:00-04:00,5.139999866485596,5.139999866485596,5.0,5.0,15500,0.0,0.0
2022-07-08 00:00:00-04:00,5.079999923706055,5.079999923706055,5.0,5.0,1100,0.0,0.0
2022-07-11 00:00:00-04:00,5.070000171661377,5.070000171661377,4.910399913787842,4.970099925994873,13100,0.0,0.0
2022-07-12 00:00:00-04:00,4.864500045776367,5.059999942779541,4.864500045776367,5.059999942779541,5500,0.0,0.0
2022-07-13 00:00:00-04:00,4.925000190734863,5.059999942779541,4.920000076293945,4.929999828338623,17500,0.0,0.0
2022-07-14 00:00:00-04:00,4.929999828338623,4.960000038146973,4.927199840545654,4.949999809265137,6100,0.0,0.0
2022-07-15 00:00:00-04:00,5.03000020980835,5.0472002029418945,4.925000190734863,4.929999828338623,2700,0.0,0.0
2022-07-18 00:00:00-04:00,4.989999771118164,5.059999942779541,4.954999923706055,4.989999771118164,2100,0.0,0.0
2022-07-19 00:00:00-04:00,4.940499782562256,5.070000171661377,4.920000076293945,4.920000076293945,2700,0.0,0.0
2022-07-20 00:00:00-04:00,5.0,5.0,4.928400039672852,4.96999979019165,5100,0.0,0.0
2022-07-21 00:00:00-04:00,4.989999771118164,5.0,4.901500225067139,5.0,1500,0.0,0.0
2022-07-22 00:00:00-04:00,4.889999866485596,4.940000057220459,4.809999942779541,4.829999923706055,6000,0.0,0.0
2022-07-25 00:00:00-04:00,4.760000228881836,5.0,4.760000228881836,4.869999885559082,5800,0.0,0.0
2022-07-26 00:00:00-04:00,4.900000095367432,4.96999979019165,4.835000038146973,4.869999885559082,9600,0.0,0.0
2022-07-27 00:00:00-04:00,4.989999771118164,4.989999771118164,4.889999866485596,4.889999866485596,1100,0.0,0.0
2022-07-28 00:00:00-04:00,5.190000057220459,5.190000057220459,5.079999923706055,5.079999923706055,700,0.0,0.0
2022-07-29 00:00:00-04:00,5.03000020980835,5.050000190734863,4.909999847412109,4.96999979019165,5300,0.0,0.0
2022-08-01 00:00:00-04:00,5.099999904632568,5.099999904632568,4.929999828338623,4.940000057220459,6800,0.0,0.0
2022-08-02 00:00:00-04:00,5.03000020980835,5.03000020980835,4.949999809265137,4.949999809265137,3800,0.0,0.0
2022-08-03 00:00:00-04:00,4.960000038146973,5.099999904632568,4.960000038146973,4.960000038146973,3400,0.0,0.0
2022-08-04 00:00:00-04:00,4.960000038146973,4.980000019073486,4.929999828338623,4.929999828338623,9300,0.0,0.0
2022-08-05 00:00:00-04:00,5.005000114440918,5.005000114440918,4.909999847412109,4.949999809265137,5400,0.0,0.0
2022-08-08 00:00:00-04:00,4.929999828338623,5.098499774932861,4.909999847412109,5.010000228881836,17600,0.0,0.0
2022-08-09 00:00:00-04:00,4.949999809265137,5.0,4.929999828338623,4.929999828338623,3700,0.0,0.0
2022-08-10 00:00:00-04:00,4.989999771118164,5.0121002197265625,4.909999847412109,4.920000076293945,7600,0.0,0.0
2022-08-11 00:00:00-04:00,5.058000087738037,5.059999942779541,4.954999923706055,5.0,5200,0.0,0.0
2022-08-12 00:00:00-04:00,5.050000190734863,5.050000190734863,4.960000038146973,4.96999979019165,5200,0.0,0.0
2022-08-15 00:00:00-04:00,5.010000228881836,5.050000190734863,4.96999979019165,4.96999979019165,9200,0.0,0.0
2022-08-16 00:00:00-04:00,5.039999961853027,5.039999961853027,4.929999828338623,4.929999828338623,6700,0.0,0.0
2022-08-17 00:00:00-04:00,4.900100231170654,5.0,4.900100231170654,4.96999979019165,8600,0.0,0.0
2022-08-18 00:00:00-04:00,5.050000190734863,5.130000114440918,4.929999828338623,5.03000020980835,11700,0.0,0.0
2022-08-19 00:00:00-04:00,5.079999923706055,5.170000076293945,5.059100151062012,5.170000076293945,4200,0.0,0.0
2022-08-22 00:00:00-04:00,5.159999847412109,5.440000057220459,5.050000190734863,5.050000190734863,34500,0.0,0.0
2022-08-23 00:00:00-04:00,5.119999885559082,5.300000190734863,5.019999980926514,5.099999904632568,15500,0.0,0.0
2022-08-24 00:00:00-04:00,5.199999809265137,5.199999809265137,4.920000076293945,5.0,14500,0.0,0.0
2022-08-25 00:00:00-04:00,5.289999961853027,5.289999961853027,5.0,5.0,6800,0.0,0.0
2022-08-26 00:00:00-04:00,5.039999961853027,5.039999961853027,4.960000038146973,4.96999979019165,2100,0.0,0.0
2022-08-29 00:00:00-04:00,4.960000038146973,5.019999980926514,4.929999828338623,5.019999980926514,4000,0.0,0.0
2022-08-30 00:00:00-04:00,5.0,5.090000152587891,4.947199821472168,4.980000019073486,3900,0.0,0.0
2022-08-31 00:00:00-04:00,4.970099925994873,5.090000152587891,4.889999866485596,4.96999979019165,12500,0.0,0.0
2022-09-01 00:00:00-04:00,4.96999979019165,5.0,4.849999904632568,4.988500118255615,6400,0.0,0.0
2022-09-02 00:00:00-04:00,5.159999847412109,5.159999847412109,5.050000190734863,5.050000190734863,3100,0.0,0.0
2022-09-06 00:00:00-04:00,4.949999809265137,5.1529998779296875,4.860000133514404,4.860000133514404,11300,0.0,0.0
2022-09-07 00:00:00-04:00,4.860099792480469,4.929999828338623,4.860099792480469,4.929999828338623,3000,0.0,0.0
2022-09-08 00:00:00-04:00,5.049600124359131,5.049600124359131,4.849999904632568,4.940000057220459,3900,0.0,0.0
2022-09-09 00:00:00-04:00,5.138400077819824,5.138400077819824,5.0,5.0,1700,0.0,0.0
2022-09-12 00:00:00-04:00,4.900000095367432,4.9980998039245605,4.849999904632568,4.849999904632568,11600,0.0,0.0
2022-09-13 00:00:00-04:00,4.900000095367432,5.010000228881836,4.849999904632568,4.91379976272583,6700,0.0,0.0
2022-09-14 00:00:00-04:00,5.260000228881836,5.360000133514404,5.079999923706055,5.179999828338623,90500,0.0,0.0
2022-09-15 00:00:00-04:00,5.159999847412109,5.260000228881836,5.119999885559082,5.190000057220459,29900,0.0,0.0
2022-09-16 00:00:00-04:00,5.150000095367432,5.197500228881836,5.03000020980835,5.039999961853027,42000,0.0,0.0
2022-09-19 00:00:00-04:00,5.179999828338623,5.199999809265137,5.039999961853027,5.179999828338623,39100,0.0,0.0
2022-09-20 00:00:00-04:00,5.135000228881836,5.28000020980835,5.110000133514404,5.28000020980835,22700,0.0,0.0
2022-09-21 00:00:00-04:00,5.269999980926514,5.349899768829346,5.21999979019165,5.340000152587891,11700,0.0,0.0
2022-09-22 00:00:00-04:00,5.300000190734863,5.300000190734863,5.060100078582764,5.079999923706055,7500,0.0,0.0
2022-09-23 00:00:00-04:00,5.099999904632568,5.110000133514404,5.039999961853027,5.099999904632568,14500,0.0,0.0
2022-09-26 00:00:00-04:00,5.099999904632568,5.150000095367432,4.949999809265137,5.03000020980835,20000,0.0,0.0
2022-09-27 00:00:00-04:00,5.03000020980835,5.085000038146973,4.980000019073486,5.037300109863281,27100,0.0,0.0
2022-09-28 00:00:00-04:00,5.039999961853027,5.110000133514404,5.036799907684326,5.110000133514404,11600,0.0,0.0
2022-09-29 00:00:00-04:00,5.149899959564209,5.480000019073486,5.090000152587891,5.480000019073486,49800,0.0,0.0
2022-09-30 00:00:00-04:00,5.480000019073486,5.550000190734863,5.269999980926514,5.400000095367432,33900,0.0,0.0
2022-10-03 00:00:00-04:00,5.510000228881836,5.588699817657471,5.440000057220459,5.449999809265137,70500,0.0,0.0
2022-10-04 00:00:00-04:00,5.449999809265137,5.710000038146973,5.349999904632568,5.610000133514404,40800,0.0,0.0
2022-10-05 00:00:00-04:00,5.590000152587891,5.699999809265137,5.351200103759766,5.449999809265137,16000,0.0,0.0
2022-10-06 00:00:00-04:00,5.460000038146973,5.739999771118164,5.454999923706055,5.71999979019165,37800,0.0,0.0
2022-10-07 00:00:00-04:00,5.840000152587891,5.840000152587891,5.5,5.610000133514404,17600,0.0,0.0
2022-10-10 00:00:00-04:00,5.570000171661377,5.769999980926514,5.570000171661377,5.7505998611450195,8600,0.0,0.0
2022-10-11 00:00:00-04:00,5.670000076293945,5.900000095367432,5.611599922180176,5.869999885559082,19700,0.0,0.0
2022-10-12 00:00:00-04:00,5.929999828338623,6.099999904632568,5.778299808502197,6.0,43700,0.0,0.0
2022-10-13 00:00:00-04:00,5.949999809265137,6.214300155639648,5.840099811553955,6.090000152587891,45500,0.0,0.0
2022-10-14 00:00:00-04:00,6.050000190734863,6.050000190734863,5.670000076293945,5.760000228881836,40800,0.0,0.0
2022-10-17 00:00:00-04:00,5.71999979019165,5.929999828338623,5.71999979019165,5.849999904632568,14600,0.0,0.0
2022-10-18 00:00:00-04:00,5.949999809265137,5.949999809265137,5.866000175476074,5.909999847412109,13500,0.0,0.0
2022-10-19 00:00:00-04:00,5.889999866485596,5.949999809265137,5.769999980926514,5.789999961853027,15500,0.0,0.0
2022-10-20 00:00:00-04:00,5.75,5.960000038146973,5.6717000007629395,5.909999847412109,26900,0.0,0.0
2022-10-21 00:00:00-04:00,5.880000114440918,6.110000133514404,5.880000114440918,6.070000171661377,14900,0.0,0.0
2022-10-24 00:00:00-04:00,6.099999904632568,6.199999809265137,6.009500026702881,6.190000057220459,11300,0.0,0.0
2022-10-25 00:00:00-04:00,6.199999809265137,6.411799907684326,6.074999809265137,6.349999904632568,17400,0.0,0.0
2022-10-26 00:00:00-04:00,6.46999979019165,6.480000019073486,6.400000095367432,6.440000057220459,17300,0.0,0.0
2022-10-27 00:00:00-04:00,6.480000019073486,6.480000019073486,6.300600051879883,6.320000171661377,7400,0.0,0.0
2022-10-28 00:00:00-04:00,6.400000095367432,6.480000019073486,6.329999923706055,6.405600070953369,13700,0.0,0.0
2022-10-31 00:00:00-04:00,6.389999866485596,6.480000019073486,6.302499771118164,6.420000076293945,11500,0.0,0.0
2022-11-01 00:00:00-04:00,6.480000019073486,6.480000019073486,6.396399974822998,6.440000057220459,4800,0.0,0.0
2022-11-02 00:00:00-04:00,6.380000114440918,6.409999847412109,6.050000190734863,6.239999771118164,23000,0.0,0.0
2022-11-03 00:00:00-04:00,6.110000133514404,6.21999979019165,5.920000076293945,5.920000076293945,24900,0.0,0.0
2022-11-04 00:00:00-04:00,6.071400165557861,6.100100040435791,5.989999771118164,6.010000228881836,15700,0.0,0.0
2022-11-07 00:00:00-05:00,6.065000057220459,6.119999885559082,6.010000228881836,6.039999961853027,11800,0.0,0.0
2022-11-08 00:00:00-05:00,6.079999923706055,6.179999828338623,6.039999961853027,6.130000114440918,10500,0.0,0.0
2022-11-09 00:00:00-05:00,6.130000114440918,6.130000114440918,5.929999828338623,5.949999809265137,10800,0.0,0.0
2022-11-10 00:00:00-05:00,6.110000133514404,6.110000133514404,5.875999927520752,5.980000019073486,4700,0.0,0.0
2022-11-11 00:00:00-05:00,5.889999866485596,6.0,5.889999866485596,5.949999809265137,18100,0.0,0.0
2022-11-14 00:00:00-05:00,5.949999809265137,6.070000171661377,5.949999809265137,5.970099925994873,8300,0.0,0.0
2022-11-15 00:00:00-05:00,6.0,6.139999866485596,5.985000133514404,6.03000020980835,14500,0.0,0.0
2022-11-16 00:00:00-05:00,6.110000133514404,6.150000095367432,6.0,6.090000152587891,6600,0.0,0.0
2022-11-17 00:00:00-05:00,6.150000095367432,6.150000095367432,5.96999979019165,6.039999961853027,2800,0.0,0.0
2022-11-18 00:00:00-05:00,6.179999828338623,6.269999980926514,6.100100040435791,6.224999904632568,18500,0.0,0.0
2022-11-21 00:00:00-05:00,6.255000114440918,6.28000020980835,6.130000114440918,6.150000095367432,8500,0.0,0.0
2022-11-22 00:00:00-05:00,6.199999809265137,6.269999980926514,6.150000095367432,6.150000095367432,1700,0.0,0.0
2022-11-23 00:00:00-05:00,6.309999942779541,6.429900169372559,6.186600208282471,6.380000114440918,12900,0.0,0.0
2022-11-25 00:00:00-05:00,6.391900062561035,6.480000019073486,6.309999942779541,6.46999979019165,2200,0.0,0.0
2022-11-28 00:00:00-05:00,6.46999979019165,6.46999979019165,6.309999942779541,6.375999927520752,8400,0.0,0.0
2022-11-29 00:00:00-05:00,6.439899921417236,6.449999809265137,6.400000095367432,6.440000057220459,2400,0.0,0.0
2022-11-30 00:00:00-05:00,6.440000057220459,6.449999809265137,6.369999885559082,6.409999847412109,2600,0.0,0.0
2022-12-01 00:00:00-05:00,6.429999828338623,6.449999809265137,6.349999904632568,6.449999809265137,17600,0.0,0.0
2022-12-02 00:00:00-05:00,6.440000057220459,6.460000038146973,6.369999885559082,6.440000057220459,9400,0.0,0.0
2022-12-05 00:00:00-05:00,6.400000095367432,6.699999809265137,6.400000095367432,6.679999828338623,26600,0.0,0.0
2022-12-06 00:00:00-05:00,6.690000057220459,6.900000095367432,6.509900093078613,6.900000095367432,30100,0.0,0.0
2022-12-07 00:00:00-05:00,6.800000190734863,6.809999942779541,6.664999961853027,6.75,30500,0.0,0.0
2022-12-08 00:00:00-05:00,6.75,6.848599910736084,6.739999771118164,6.739999771118164,6700,0.0,0.0
2022-12-09 00:00:00-05:00,6.78000020980835,6.909999847412109,6.599999904632568,6.78000020980835,24800,0.0,0.0
2022-12-12 00:00:00-05:00,6.900000095367432,7.230000019073486,6.900000095367432,7.050000190734863,64200,0.0,0.0
2022-12-13 00:00:00-05:00,7.230000019073486,7.230000019073486,6.900000095367432,6.949999809265137,21800,0.0,0.0
2022-12-14 00:00:00-05:00,7.093200206756592,7.093200206756592,6.849999904632568,6.849999904632568,9300,0.0,0.0
2022-12-15 00:00:00-05:00,7.0,7.000100135803223,6.900000095367432,6.909999847412109,12900,0.0,0.0
2022-12-16 00:00:00-05:00,6.994999885559082,6.994999885559082,6.800000190734863,6.900000095367432,8700,0.0,0.0
2022-12-19 00:00:00-05:00,7.085000038146973,7.085000038146973,6.840000152587891,6.929999828338623,9300,0.0,0.0
2022-12-20 00:00:00-05:00,6.939899921417236,7.190000057220459,6.939700126647949,7.060800075531006,7100,0.0,0.0
2022-12-21 00:00:00-05:00,7.079999923706055,7.199999809265137,7.000100135803223,7.150000095367432,10200,0.0,0.0
2022-12-22 00:00:00-05:00,7.010000228881836,7.130000114440918,6.908299922943115,6.949999809265137,5200,0.0,0.0
2022-12-23 00:00:00-05:00,6.980000019073486,7.093800067901611,6.900000095367432,7.093800067901611,7000,0.0,0.0
2022-12-27 00:00:00-05:00,7.119999885559082,7.168099880218506,6.920000076293945,6.949999809265137,5100,0.0,0.0
2022-12-28 00:00:00-05:00,6.957200050354004,6.987299919128418,6.849999904632568,6.889999866485596,12000,0.0,0.0
2022-12-29 00:00:00-05:00,7.0,7.0,6.648799896240234,6.710000038146973,18900,0.0,0.0
2022-12-30 00:00:00-05:00,6.769999980926514,6.920000076293945,6.420000076293945,6.860000133514404,10600,0.0,0.0
2023-01-03 00:00:00-05:00,6.849999904632568,6.849999904632568,6.579999923706055,6.650000095367432,15800,0.0,0.0
2023-01-04 00:00:00-05:00,6.619999885559082,6.760000228881836,6.619999885559082,6.760000228881836,14000,0.0,0.0
2023-01-05 00:00:00-05:00,6.699999809265137,7.050000190734863,6.639999866485596,6.989999771118164,21300,0.0,0.0
2023-01-06 00:00:00-05:00,7.110000133514404,7.25,7.022299766540527,7.179999828338623,20900,0.0,0.0
2023-01-09 00:00:00-05:00,7.190000057220459,7.25,6.970099925994873,7.059999942779541,26400,0.0,0.0
2023-01-10 00:00:00-05:00,6.96999979019165,7.090000152587891,6.96999979019165,7.079999923706055,5300,0.0,0.0
2023-01-11 00:00:00-05:00,7.21999979019165,7.31879997253418,7.070000171661377,7.070000171661377,55400,0.0,0.0
2023-01-12 00:00:00-05:00,7.070000171661377,7.389900207519531,7.070000171661377,7.360000133514404,12700,0.0,0.0
2023-01-13 00:00:00-05:00,7.396599769592285,7.479100227355957,7.2600998878479,7.2600998878479,6200,0.0,0.0
2023-01-17 00:00:00-05:00,7.329999923706055,7.570000171661377,7.329999923706055,7.510000228881836,30700,0.0,0.0
2023-01-18 00:00:00-05:00,7.590000152587891,7.650000095367432,7.5,7.599999904632568,23900,0.0,0.0
2023-01-19 00:00:00-05:00,7.599999904632568,7.789999961853027,7.480599880218506,7.657599925994873,17400,0.0,0.0
2023-01-20 00:00:00-05:00,7.710000038146973,7.800000190734863,7.579999923706055,7.75,7700,0.0,0.0
2023-01-23 00:00:00-05:00,7.789999961853027,7.956299781799316,7.7600998878479,7.900000095367432,24500,0.0,0.0
2023-01-24 00:00:00-05:00,7.96999979019165,8.173500061035156,7.820199966430664,8.100000381469727,14400,0.0,0.0
2023-01-25 00:00:00-05:00,7.989999771118164,8.09630012512207,7.811500072479248,7.909999847412109,4200,0.0,0.0
2023-01-26 00:00:00-05:00,8.039999961853027,8.149999618530273,7.949999809265137,8.116700172424316,13700,0.0,0.0
2023-01-27 00:00:00-05:00,8.149999618530273,8.220000267028809,8.038599967956543,8.199999809265137,59500,0.0,0.0
2023-01-30 00:00:00-05:00,7.5,7.539000034332275,6.949999809265137,7.150000095367432,100100,0.0,0.0
2023-01-31 00:00:00-05:00,7.28000020980835,7.489999771118164,7.150000095367432,7.21999979019165,23000,0.0,0.0
2023-02-01 00:00:00-05:00,7.090000152587891,7.239999771118164,7.050000190734863,7.159999847412109,10900,0.0,0.0
2023-02-02 00:00:00-05:00,7.159999847412109,7.309999942779541,7.130000114440918,7.199999809265137,13500,0.0,0.0
2023-02-03 00:00:00-05:00,7.199999809265137,7.269999980926514,7.119999885559082,7.179999828338623,13000,0.0,0.0
2023-02-06 00:00:00-05:00,7.25,7.75,7.25,7.75,28300,0.0,0.0
2023-02-07 00:00:00-05:00,7.989999771118164,8.149999618530273,7.700099945068359,7.960000038146973,52700,0.0,0.0
2023-02-08 00:00:00-05:00,7.989999771118164,7.989999771118164,7.269999980926514,7.649899959564209,40700,0.0,0.0
2023-02-09 00:00:00-05:00,7.760000228881836,7.760000228881836,7.539999961853027,7.610000133514404,12900,0.0,0.0
2023-02-10 00:00:00-05:00,7.650000095367432,7.650000095367432,7.460000038146973,7.550000190734863,6500,0.0,0.0
2023-02-13 00:00:00-05:00,7.400000095367432,7.400000095367432,6.550000190734863,6.599999904632568,67500,0.0,0.0
2023-02-14 00:00:00-05:00,6.550000190734863,7.1570000648498535,6.550000190734863,7.119999885559082,36700,0.0,0.0
2023-02-15 00:00:00-05:00,7.1570000648498535,7.639999866485596,7.1570000648498535,7.610000133514404,13800,0.0,0.0
2023-02-16 00:00:00-05:00,7.650000095367432,7.650000095367432,7.5,7.575399875640869,19500,0.0,0.0
2023-02-17 00:00:00-05:00,7.699999809265137,8.0,7.389999866485596,7.579999923706055,17200,0.0,0.0
2023-02-21 00:00:00-05:00,7.5,7.5,7.199999809265137,7.289999961853027,11700,0.0,0.0
2023-02-22 00:00:00-05:00,7.369999885559082,7.389999866485596,7.199999809265137,7.389999866485596,15400,0.0,0.0
2023-02-23 00:00:00-05:00,7.420000076293945,7.449999809265137,6.889999866485596,7.0,10900,0.0,0.0
2023-02-24 00:00:00-05:00,6.519999980926514,6.929100036621094,6.519999980926514,6.690000057220459,10400,0.0,0.0
2023-02-27 00:00:00-05:00,6.980000019073486,6.980000019073486,6.670000076293945,6.735000133514404,16500,0.0,0.0
2023-02-28 00:00:00-05:00,6.639999866485596,7.127500057220459,6.520100116729736,7.039999961853027,16900,0.0,0.0
2023-03-01 00:00:00-05:00,6.949999809265137,7.190000057220459,6.909999847412109,6.909999847412109,3100,0.0,0.0
2023-03-02 00:00:00-05:00,6.980000019073486,6.989999771118164,6.960000038146973,6.960000038146973,2700,0.0,0.0
2023-03-03 00:00:00-05:00,6.989999771118164,7.0980000495910645,6.690000057220459,7.039999961853027,2100,0.0,0.0
2023-03-06 00:00:00-05:00,7.039999961853027,7.039999961853027,6.818600177764893,6.909999847412109,13400,0.0,0.0
2023-03-07 00:00:00-05:00,6.929999828338623,7.070000171661377,6.639999866485596,6.650000095367432,19700,0.0,0.0
2023-03-08 00:00:00-05:00,6.816999912261963,6.929999828338623,6.769999980926514,6.880000114440918,6100,0.0,0.0
2023-03-09 00:00:00-05:00,6.703000068664551,6.920000076293945,6.663000106811523,6.800000190734863,3700,0.0,0.0
2023-03-10 00:00:00-05:00,6.900000095367432,6.900000095367432,6.651000022888184,6.651000022888184,8000,0.0,0.0
2023-03-13 00:00:00-04:00,6.690000057220459,6.699900150299072,6.130000114440918,6.420000076293945,64800,0.0,0.0
2023-03-14 00:00:00-04:00,6.389999866485596,6.920000076293945,6.389999866485596,6.639999866485596,20200,0.0,0.0
2023-03-15 00:00:00-04:00,6.440000057220459,6.599999904632568,6.201900005340576,6.289999961853027,38000,0.0,0.0
2023-03-16 00:00:00-04:00,6.699999809265137,7.349999904632568,6.610099792480469,7.150000095367432,63800,0.0,0.0
2023-03-17 00:00:00-04:00,7.239999771118164,7.2993998527526855,6.820000171661377,7.0,24500,0.0,0.0
2023-03-20 00:00:00-04:00,7.0,7.0,6.680099964141846,6.769999980926514,14700,0.0,0.0
2023-03-21 00:00:00-04:00,6.889999866485596,7.059999942779541,6.760000228881836,6.909999847412109,15500,0.0,0.0
2023-03-22 00:00:00-04:00,6.900000095367432,7.230000019073486,6.900000095367432,7.0,3800,0.0,0.0
2023-03-23 00:00:00-04:00,7.03000020980835,7.059999942779541,6.800000190734863,7.0,6000,0.0,0.0
2023-03-24 00:00:00-04:00,6.881100177764893,6.929999828338623,6.622099876403809,6.75,1300,0.0,0.0
2023-03-27 00:00:00-04:00,6.569900035858154,6.829999923706055,6.569900035858154,6.71999979019165,8500,0.0,0.0
2023-03-28 00:00:00-04:00,6.699999809265137,7.039999961853027,6.699999809265137,7.039999961853027,24300,0.0,0.0
2023-03-29 00:00:00-04:00,6.920000076293945,7.048600196838379,6.920000076293945,7.019999980926514,2200,0.0,0.0
2023-03-30 00:00:00-04:00,7.018499851226807,7.03000020980835,6.929999828338623,6.929999828338623,10800,0.0,0.0
2023-03-31 00:00:00-04:00,6.929999828338623,7.329999923706055,6.906199932098389,7.320000171661377,20000,0.0,0.0
2023-04-03 00:00:00-04:00,7.199999809265137,7.4899001121521,7.119999885559082,7.453800201416016,36200,0.0,0.0
2023-04-04 00:00:00-04:00,7.429999828338623,7.599999904632568,7.225900173187256,7.5802001953125,35600,0.0,0.0
2023-04-05 00:00:00-04:00,7.599999904632568,7.849999904632568,7.460000038146973,7.460000038146973,16200,0.0,0.0
2023-04-06 00:00:00-04:00,7.500100135803223,7.610400199890137,7.500100135803223,7.610000133514404,9000,0.0,0.0
2023-04-10 00:00:00-04:00,7.510000228881836,7.789999961853027,7.510000228881836,7.789999961853027,10800,0.0,0.0
2023-04-11 00:00:00-04:00,7.760000228881836,8.059900283813477,7.550000190734863,8.0,34400,0.0,0.0
2023-04-12 00:00:00-04:00,8.0,8.050000190734863,7.920000076293945,7.980000019073486,12100,0.0,0.0
2023-04-13 00:00:00-04:00,8.0600004196167,8.130000114440918,7.721199989318848,8.050000190734863,8400,0.0,0.0
2023-04-14 00:00:00-04:00,8.050000190734863,8.050000190734863,7.989999771118164,7.989999771118164,7800,0.0,0.0
2023-04-17 00:00:00-04:00,7.989999771118164,8.0802001953125,7.989999771118164,7.989999771118164,5000,0.0,0.0
2023-04-18 00:00:00-04:00,8.109999656677246,8.109999656677246,7.989999771118164,8.020000457763672,8500,0.0,0.0
2023-04-19 00:00:00-04:00,7.980000019073486,8.04990005493164,7.949999809265137,7.960000038146973,5700,0.0,0.0
2023-04-20 00:00:00-04:00,7.940000057220459,8.1899995803833,7.940000057220459,8.154199600219727,6300,0.0,0.0
2023-04-21 00:00:00-04:00,7.960000038146973,8.117899894714355,7.960000038146973,8.029999732971191,15300,0.0,0.0
2023-04-24 00:00:00-04:00,8.050000190734863,8.15999984741211,8.050000190734863,8.130000114440918,7100,0.0,0.0
2023-04-25 00:00:00-04:00,8.0,8.079500198364258,7.119999885559082,7.989999771118164,30800,0.0,0.0
2023-04-26 00:00:00-04:00,7.742300033569336,7.860000133514404,7.699999809265137,7.795000076293945,8100,0.0,0.0
2023-04-27 00:00:00-04:00,7.71999979019165,7.980000019073486,7.710000038146973,7.949999809265137,36800,0.0,0.0
2023-04-28 00:00:00-04:00,7.880000114440918,8.043899536132812,7.699999809265137,7.989999771118164,13000,0.0,0.0
2023-05-01 00:00:00-04:00,7.889999866485596,8.261500358581543,7.885000228881836,8.109999656677246,26900,0.0,0.0
2023-05-02 00:00:00-04:00,8.199999809265137,8.789999961853027,8.100000381469727,8.550000190734863,41400,0.0,0.0
2023-05-03 00:00:00-04:00,8.5,9.050000190734863,8.484999656677246,8.899999618530273,31300,0.0,0.0
2023-05-04 00:00:00-04:00,8.899999618530273,9.050000190734863,8.8100004196167,9.0,25000,0.0,0.0
2023-05-05 00:00:00-04:00,8.960000038146973,9.109999656677246,8.907699584960938,9.0,26800,0.0,0.0
2023-05-08 00:00:00-04:00,9.1899995803833,9.1899995803833,8.819999694824219,8.850000381469727,9000,0.0,0.0
2023-05-09 00:00:00-04:00,8.90999984741211,9.0,8.399999618530273,8.949999809265137,40100,0.0,0.0
2023-05-10 00:00:00-04:00,8.800000190734863,9.119999885559082,8.800000190734863,9.0,7800,0.0,0.0
2023-05-11 00:00:00-04:00,8.920000076293945,9.085000038146973,8.920000076293945,9.010000228881836,12300,0.0,0.0
2023-05-12 00:00:00-04:00,9.010000228881836,9.010000228881836,8.65999984741211,8.65999984741211,6200,0.0,0.0
2023-05-15 00:00:00-04:00,8.75,8.989899635314941,8.550000190734863,8.800000190734863,9500,0.0,0.0
2023-05-16 00:00:00-04:00,8.930000305175781,8.930800437927246,8.770000457763672,8.880000114440918,1800,0.0,0.0
2023-05-17 00:00:00-04:00,8.880000114440918,9.0,8.803199768066406,8.803199768066406,8000,0.0,0.0
2023-05-18 00:00:00-04:00,8.899999618530273,8.899999618530273,8.800000190734863,8.880000114440918,4200,0.0,0.0
2023-05-19 00:00:00-04:00,9.0,9.0,8.885499954223633,9.0,12600,0.0,0.0
2023-05-22 00:00:00-04:00,8.90999984741211,9.199899673461914,8.90999984741211,8.989999771118164,27000,0.0,0.0
2023-05-23 00:00:00-04:00,8.989999771118164,9.380000114440918,8.970000267028809,9.180999755859375,18700,0.0,0.0
2023-05-24 00:00:00-04:00,9.369999885559082,9.369999885559082,9.060099601745605,9.329999923706055,19400,0.0,0.0
2023-05-25 00:00:00-04:00,9.350000381469727,9.630000114440918,9.220000267028809,9.529999732971191,40700,0.0,0.0
2023-05-26 00:00:00-04:00,9.699999809265137,9.989399909973145,9.489999771118164,9.880000114440918,79400,0.0,0.0
2023-05-30 00:00:00-04:00,9.979999542236328,10.470000267028809,9.829999923706055,10.34000015258789,173500,0.0,0.0
2023-05-31 00:00:00-04:00,10.470000267028809,10.729999542236328,10.10159969329834,10.59000015258789,135700,0.0,0.0
2023-06-01 00:00:00-04:00,10.699999809265137,10.729999542236328,10.303500175476074,10.579999923706055,99000,0.0,0.0
2023-06-02 00:00:00-04:00,10.800000190734863,11.09000015258789,10.300000190734863,10.539999961853027,168900,0.0,0.0
2023-06-05 00:00:00-04:00,10.630000114440918,10.630000114440918,9.899999618530273,10.149999618530273,156500,0.0,0.0
2023-06-06 00:00:00-04:00,10.239999771118164,10.40999984741211,9.895000457763672,10.079999923706055,31200,0.0,0.0
2023-06-07 00:00:00-04:00,10.210000038146973,10.25,9.520000457763672,9.8100004196167,52500,0.0,0.0
2023-06-08 00:00:00-04:00,9.8100004196167,10.039999961853027,9.649999618530273,9.930000305175781,63900,0.0,0.0
2023-06-09 00:00:00-04:00,9.949999809265137,10.260000228881836,9.949999809265137,10.050000190734863,49800,0.0,0.0
2023-06-12 00:00:00-04:00,10.180000305175781,10.244999885559082,9.899999618530273,10.149999618530273,67300,0.0,0.0
2023-06-13 00:00:00-04:00,10.149999618530273,10.157299995422363,9.600000381469727,9.890000343322754,52900,0.0,0.0
2023-06-14 00:00:00-04:00,8.699999809265137,8.989999771118164,8.170000076293945,8.1899995803833,155300,0.0,0.0
2023-06-15 00:00:00-04:00,8.0600004196167,8.229999542236328,7.965000152587891,8.005000114440918,59300,0.0,0.0
2023-06-16 00:00:00-04:00,8.010000228881836,8.354299545288086,7.849999904632568,8.350000381469727,85700,0.0,0.0
2023-06-20 00:00:00-04:00,8.260000228881836,8.699899673461914,8.122699737548828,8.520000457763672,64200,0.0,0.0
2023-06-21 00:00:00-04:00,8.5600004196167,8.5600004196167,7.940000057220459,8.100000381469727,67900,0.0,0.0
2023-06-22 00:00:00-04:00,7.860000133514404,8.380000114440918,7.860000133514404,8.25,38100,0.0,0.0
2023-06-23 00:00:00-04:00,8.239999771118164,8.470000267028809,8.070099830627441,8.399999618530273,34100,0.0,0.0
2023-06-26 00:00:00-04:00,8.279999732971191,8.300000190734863,7.909999847412109,7.96999979019165,44600,0.0,0.0
2023-06-27 00:00:00-04:00,7.96999979019165,8.210000038146973,7.849999904632568,8.029999732971191,29700,0.0,0.0
2023-06-28 00:00:00-04:00,8.109999656677246,8.15999984741211,7.829999923706055,7.980000019073486,48000,0.0,0.0
2023-06-29 00:00:00-04:00,8.050000190734863,8.319999694824219,8.0,8.270000457763672,22000,0.0,0.0
2023-06-30 00:00:00-04:00,8.359999656677246,8.362000465393066,8.15999984741211,8.210000038146973,23400,0.0,0.0
2023-07-03 00:00:00-04:00,8.199999809265137,8.319999694824219,8.010000228881836,8.100000381469727,4900,0.0,0.0
2023-07-05 00:00:00-04:00,8.079999923706055,8.154000282287598,7.900000095367432,7.960000038146973,35100,0.0,0.0
2023-07-06 00:00:00-04:00,7.960000038146973,8.0649995803833,7.75,8.020000457763672,26300,0.0,0.0
2023-07-07 00:00:00-04:00,8.074999809265137,8.5,8.029999732971191,8.359999656677246,34800,0.0,0.0
2023-07-10 00:00:00-04:00,8.449999809265137,8.84000015258789,8.039999961853027,8.699999809265137,59500,0.0,0.0
2023-07-11 00:00:00-04:00,8.6899995803833,8.6899995803833,8.279999732971191,8.369999885559082,24200,0.0,0.0
2023-07-12 00:00:00-04:00,8.449999809265137,8.75,8.449999809265137,8.75,40100,0.0,0.0
2023-07-13 00:00:00-04:00,8.75,9.089900016784668,8.710100173950195,8.949999809265137,23600,0.0,0.0
2023-07-14 00:00:00-04:00,8.90999984741211,8.979999542236328,8.760000228881836,8.899999618530273,17200,0.0,0.0
2023-07-17 00:00:00-04:00,8.989999771118164,8.989999771118164,8.829999923706055,8.949999809265137,12800,0.0,0.0
2023-07-18 00:00:00-04:00,8.899999618530273,9.25,8.88029956817627,9.25,37700,0.0,0.0
2023-07-19 00:00:00-04:00,9.300000190734863,9.329999923706055,8.989999771118164,9.010000228881836,15800,0.0,0.0
2023-07-20 00:00:00-04:00,9.0,9.319999694824219,8.959799766540527,9.149999618530273,9500,0.0,0.0
2023-07-21 00:00:00-04:00,9.229999542236328,9.25,8.760000228881836,8.930000305175781,37500,0.0,0.0
2023-07-24 00:00:00-04:00,8.890000343322754,9.0,8.760100364685059,8.975000381469727,14300,0.0,0.0
2023-07-25 00:00:00-04:00,8.979999542236328,9.09000015258789,8.949999809265137,9.0,3800,0.0,0.0
2023-07-26 00:00:00-04:00,9.0,9.100000381469727,8.770099639892578,8.979999542236328,48700,0.0,0.0
2023-07-27 00:00:00-04:00,8.960000038146973,9.100000381469727,8.800100326538086,8.920000076293945,25500,0.0,0.0
2023-07-28 00:00:00-04:00,8.979999542236328,9.189900398254395,8.800000190734863,8.800000190734863,12800,0.0,0.0
2023-07-31 00:00:00-04:00,8.880000114440918,8.890000343322754,8.649999618530273,8.670000076293945,24200,0.0,0.0
2023-08-01 00:00:00-04:00,8.65999984741211,8.760000228881836,8.270000457763672,8.270000457763672,25900,0.0,0.0
2023-08-02 00:00:00-04:00,8.329999923706055,8.493300437927246,8.081600189208984,8.390000343322754,12700,0.0,0.0
2023-08-03 00:00:00-04:00,8.263999938964844,8.454999923706055,8.263999938964844,8.359999656677246,10300,0.0,0.0
2023-08-04 00:00:00-04:00,8.369999885559082,8.369999885559082,8.199999809265137,8.199999809265137,4300,0.0,0.0
2023-08-07 00:00:00-04:00,8.199999809265137,8.199999809265137,7.78000020980835,7.800000190734863,54800,0.0,0.0
2023-08-08 00:00:00-04:00,7.829999923706055,7.84499979019165,7.599999904632568,7.619999885559082,31200,0.0,0.0
2023-08-09 00:00:00-04:00,7.699999809265137,7.744999885559082,7.599999904632568,7.639999866485596,21900,0.0,0.0
2023-08-10 00:00:00-04:00,7.639999866485596,7.809999942779541,7.639999866485596,7.739999771118164,19600,0.0,0.0
2023-08-11 00:00:00-04:00,7.75,7.761899948120117,7.650000095367432,7.690000057220459,21900,0.0,0.0
2023-08-14 00:00:00-04:00,7.789899826049805,8.18970012664795,7.730000019073486,8.100000381469727,101400,0.0,0.0
2023-08-15 00:00:00-04:00,8.09000015258789,8.09000015258789,7.730000019073486,7.869999885559082,7500,0.0,0.0
2023-08-16 00:00:00-04:00,7.789999961853027,7.8520002365112305,7.650000095367432,7.650000095367432,5700,0.0,0.0
2023-08-17 00:00:00-04:00,7.673999786376953,7.730000019073486,7.650000095367432,7.690000057220459,5600,0.0,0.0
2023-08-18 00:00:00-04:00,7.650000095367432,7.789999961853027,7.559999942779541,7.570000171661377,10200,0.0,0.0
2023-08-21 00:00:00-04:00,7.639999866485596,7.75,7.590000152587891,7.590000152587891,7200,0.0,0.0
2023-08-22 00:00:00-04:00,7.630000114440918,7.860000133514404,7.630000114440918,7.71999979019165,13900,0.0,0.0
2023-08-23 00:00:00-04:00,7.800000190734863,7.800000190734863,7.650000095367432,7.75,18100,0.0,0.0
2023-08-24 00:00:00-04:00,7.659999847412109,7.889999866485596,7.639999866485596,7.840000152587891,6900,0.0,0.0
2023-08-25 00:00:00-04:00,7.909999847412109,7.909999847412109,7.71999979019165,7.840000152587891,1900,0.0,0.0
2023-08-28 00:00:00-04:00,7.78000020980835,7.809999942779541,7.576399803161621,7.639999866485596,4300,0.0,0.0
2023-08-29 00:00:00-04:00,7.614999771118164,7.78000020980835,7.614999771118164,7.78000020980835,1900,0.0,0.0
2023-08-30 00:00:00-04:00,7.670000076293945,7.78000020980835,7.530099868774414,7.539999961853027,17600,0.0,0.0
2023-08-31 00:00:00-04:00,7.550000190734863,7.699999809265137,7.550000190734863,7.599999904632568,1400,0.0,0.0
2023-09-01 00:00:00-04:00,7.599999904632568,7.739999771118164,7.413899898529053,7.53000020980835,26000,0.0,0.0
2023-09-05 00:00:00-04:00,7.510000228881836,7.800000190734863,7.460000038146973,7.760000228881836,18000,0.0,0.0
2023-09-06 00:00:00-04:00,7.630000114440918,7.789899826049805,7.53000020980835,7.619999885559082,3300,0.0,0.0
2023-09-07 00:00:00-04:00,7.559999942779541,7.749899864196777,7.550099849700928,7.749899864196777,3000,0.0,0.0
2023-09-08 00:00:00-04:00,7.78000020980835,7.78000020980835,7.62939977645874,7.62939977645874,8500,0.0,0.0
2023-09-11 00:00:00-04:00,7.619999885559082,7.710000038146973,7.550000190734863,7.570000171661377,7700,0.0,0.0
2023-09-12 00:00:00-04:00,7.675000190734863,7.739999771118164,7.349999904632568,7.480000019073486,5900,0.0,0.0
2023-09-13 00:00:00-04:00,6.539999961853027,6.679999828338623,6.150000095367432,6.230000019073486,116900,0.0,0.0
2023-09-14 00:00:00-04:00,6.21999979019165,6.440000057220459,6.199999809265137,6.340000152587891,41400,0.0,0.0
2023-09-15 00:00:00-04:00,6.440000057220459,6.447500228881836,5.699999809265137,5.849999904632568,91900,0.0,0.0
2023-09-18 00:00:00-04:00,5.960000038146973,6.279900074005127,5.960000038146973,6.199999809265137,42700,0.0,0.0
2023-09-19 00:00:00-04:00,6.21999979019165,6.442299842834473,5.96999979019165,6.010000228881836,17100,0.0,0.0
2023-09-20 00:00:00-04:00,6.019999980926514,6.090000152587891,5.900000095367432,6.090000152587891,20900,0.0,0.0
2023-09-21 00:00:00-04:00,5.929999828338623,6.164999961853027,5.929999828338623,6.019999980926514,19500,0.0,0.0
2023-09-22 00:00:00-04:00,6.070000171661377,6.260000228881836,6.019999980926514,6.070000171661377,9200,0.0,0.0
2023-09-25 00:00:00-04:00,6.110000133514404,6.210400104522705,6.010000228881836,6.039999961853027,7700,0.0,0.0
2023-09-26 00:00:00-04:00,6.079999923706055,6.09499979019165,5.957699775695801,6.070000171661377,5600,0.0,0.0
2023-09-27 00:00:00-04:00,6.0,6.179999828338623,5.980100154876709,6.010000228881836,168400,0.0,0.0
2023-09-28 00:00:00-04:00,6.110000133514404,6.150000095367432,6.005899906158447,6.019999980926514,117200,0.0,0.0
2023-09-29 00:00:00-04:00,6.150000095367432,6.359000205993652,6.150000095367432,6.199999809265137,22600,0.0,0.0
2023-10-02 00:00:00-04:00,6.269999980926514,6.445000171661377,6.010000228881836,6.159999847412109,29500,0.0,0.0
2023-10-03 00:00:00-04:00,6.170000076293945,6.21999979019165,5.929999828338623,5.980000019073486,25100,0.0,0.0
2023-10-04 00:00:00-04:00,5.920000076293945,6.199999809265137,5.909999847412109,6.0,28900,0.0,0.0
2023-10-05 00:00:00-04:00,6.179999828338623,6.179999828338623,5.880000114440918,5.909999847412109,17600,0.0,0.0
2023-10-06 00:00:00-04:00,5.920000076293945,6.03000020980835,5.889999866485596,6.0,26300,0.0,0.0
2023-10-09 00:00:00-04:00,5.889999866485596,6.269999980926514,5.889999866485596,5.929999828338623,24600,0.0,0.0
2023-10-10 00:00:00-04:00,5.940000057220459,6.230000019073486,5.940000057220459,6.139999866485596,17100,0.0,0.0
2023-10-11 00:00:00-04:00,6.230000019073486,6.349999904632568,6.230000019073486,6.300000190734863,12700,0.0,0.0
2023-10-12 00:00:00-04:00,6.300000190734863,6.315000057220459,6.199999809265137,6.289999961853027,10900,0.0,0.0
2023-10-13 00:00:00-04:00,6.360000133514404,6.559999942779541,6.269999980926514,6.559999942779541,11800,0.0,0.0
2023-10-16 00:00:00-04:00,6.450099945068359,6.789999961853027,6.450099945068359,6.610000133514404,13300,0.0,0.0
2023-10-17 00:00:00-04:00,6.860000133514404,6.860000133514404,6.650000095367432,6.75,8600,0.0,0.0
2023-10-18 00:00:00-04:00,6.75,6.75,6.614999771118164,6.670000076293945,1600,0.0,0.0
2023-10-19 00:00:00-04:00,6.699999809265137,6.699999809265137,6.449999809265137,6.449999809265137,5500,0.0,0.0
2023-10-20 00:00:00-04:00,6.519999980926514,6.605000019073486,6.400000095367432,6.400000095367432,7300,0.0,0.0
2023-10-23 00:00:00-04:00,6.440000057220459,6.519999980926514,6.199999809265137,6.309999942779541,16600,0.0,0.0
2023-10-24 00:00:00-04:00,6.400000095367432,6.400000095367432,6.230000019073486,6.320000171661377,3200,0.0,0.0
2023-10-25 00:00:00-04:00,6.400000095367432,6.508800029754639,6.300000190734863,6.394999980926514,1700,0.0,0.0
2023-10-26 00:00:00-04:00,6.320000171661377,6.69189977645874,6.320000171661377,6.619900226593018,2700,0.0,0.0
2023-10-27 00:00:00-04:00,6.579999923706055,6.579999923706055,6.500199794769287,6.579999923706055,1700,0.0,0.0
2023-10-30 00:00:00-04:00,6.590000152587891,6.75,6.460000038146973,6.739999771118164,16700,0.0,0.0
2023-10-31 00:00:00-04:00,6.610000133514404,6.75,6.599999904632568,6.599999904632568,4500,0.0,0.0
2023-11-01 00:00:00-04:00,6.599999904632568,6.769999980926514,6.599999904632568,6.681700229644775,4300,0.0,0.0
2023-11-02 00:00:00-04:00,6.800000190734863,6.949999809265137,6.732699871063232,6.869999885559082,7400,0.0,0.0
2023-11-03 00:00:00-04:00,6.940000057220459,7.119999885559082,6.800000190734863,7.019999980926514,20100,0.0,0.0
2023-11-06 00:00:00-05:00,6.980000019073486,7.039999961853027,6.800000190734863,6.800000190734863,5100,0.0,0.0
2023-11-07 00:00:00-05:00,6.800000190734863,6.96999979019165,6.699999809265137,6.699999809265137,3500,0.0,0.0
2023-11-08 00:00:00-05:00,6.739999771118164,6.849999904632568,6.659999847412109,6.699999809265137,14900,0.0,0.0
2023-11-09 00:00:00-05:00,6.75,6.78000020980835,6.579999923706055,6.599999904632568,9600,0.0,0.0
2023-11-10 00:00:00-05:00,6.619999885559082,6.670000076293945,6.519999980926514,6.519999980926514,6200,0.0,0.0
2023-11-13 00:00:00-05:00,6.519999980926514,6.650000095367432,6.409999847412109,6.409999847412109,20300,0.0,0.0
2023-11-14 00:00:00-05:00,6.400000095367432,6.599999904632568,6.349999904632568,6.489999771118164,22900,0.0,0.0
2023-11-15 00:00:00-05:00,6.599999904632568,6.599999904632568,6.460000038146973,6.460000038146973,4400,0.0,0.0
2023-11-16 00:00:00-05:00,6.489999771118164,6.489999771118164,6.329999923706055,6.329999923706055,15600,0.0,0.0
2023-11-17 00:00:00-05:00,6.329999923706055,6.355000019073486,6.230000019073486,6.230000019073486,9300,0.0,0.0
2023-11-20 00:00:00-05:00,6.46999979019165,6.46999979019165,6.139999866485596,6.139999866485596,30600,0.0,0.0
2023-11-21 00:00:00-05:00,6.146399974822998,6.393799781799316,6.0,6.0,33900,0.0,0.0
2023-11-22 00:00:00-05:00,6.0,6.130000114440918,6.0,6.019999980926514,13900,0.0,0.0
2023-11-24 00:00:00-05:00,6.03000020980835,6.130000114440918,5.960000038146973,6.054999828338623,25500,0.0,0.0
2023-11-27 00:00:00-05:00,5.960000038146973,6.224999904632568,5.960000038146973,6.150000095367432,17600,0.0,0.0
2023-11-28 00:00:00-05:00,6.150000095367432,6.150000095367432,6.010000228881836,6.010000228881836,12300,0.0,0.0
2023-11-29 00:00:00-05:00,6.090000152587891,6.090000152587891,6.010000228881836,6.070000171661377,12600,0.0,0.0
2023-11-30 00:00:00-05:00,6.079999923706055,6.263999938964844,5.920000076293945,5.929999828338623,42600,0.0,0.0
2023-12-01 00:00:00-05:00,5.929999828338623,6.07289981842041,5.900000095367432,5.974999904632568,53800,0.0,0.0
2023-12-04 00:00:00-05:00,6.07289981842041,6.07289981842041,5.860000133514404,5.96999979019165,45300,0.0,0.0
2023-12-05 00:00:00-05:00,6.000100135803223,6.019999980926514,5.849999904632568,5.849999904632568,25400,0.0,0.0
2023-12-06 00:00:00-05:00,5.9899001121521,5.989999771118164,5.860000133514404,5.909999847412109,19900,0.0,0.0
2023-12-07 00:00:00-05:00,5.880000114440918,5.950099945068359,5.860000133514404,5.889999866485596,13400,0.0,0.0
2023-12-08 00:00:00-05:00,5.928699970245361,6.019999980926514,5.860000133514404,5.900000095367432,7700,0.0,0.0
2023-12-11 00:00:00-05:00,5.869999885559082,6.119999885559082,5.869999885559082,5.880000114440918,15200,0.0,0.0
2023-12-12 00:00:00-05:00,5.934999942779541,5.940000057220459,5.510000228881836,5.699999809265137,101100,0.0,0.0
2023-12-13 00:00:00-05:00,5.820000171661377,5.880000114440918,5.659999847412109,5.659999847412109,81300,0.0,0.0
2023-12-14 00:00:00-05:00,5.735000133514404,5.889999866485596,5.670000076293945,5.809999942779541,47600,0.0,0.0
2023-12-15 00:00:00-05:00,5.920000076293945,5.920000076293945,5.809999942779541,5.829999923706055,12100,0.0,0.0
2023-12-18 00:00:00-05:00,5.828499794006348,6.090000152587891,5.828499794006348,5.989999771118164,29800,0.0,0.0
2023-12-19 00:00:00-05:00,5.949999809265137,6.14109992980957,5.949999809265137,6.099999904632568,16700,0.0,0.0
2023-12-20 00:00:00-05:00,5.960000038146973,6.099100112915039,5.949999809265137,5.960000038146973,15300,0.0,0.0
2023-12-21 00:00:00-05:00,6.0,6.070000171661377,5.977700233459473,6.03000020980835,6900,0.0,0.0
2023-12-22 00:00:00-05:00,5.960000038146973,6.079999923706055,5.949999809265137,6.079999923706055,36400,0.0,0.0
2023-12-26 00:00:00-05:00,6.099999904632568,6.11929988861084,6.019999980926514,6.059999942779541,11800,0.0,0.0
2023-12-27 00:00:00-05:00,6.019999980926514,6.139999866485596,6.010000228881836,6.010000228881836,10700,0.0,0.0
2023-12-28 00:00:00-05:00,6.150000095367432,6.150000095367432,6.010000228881836,6.010000228881836,15400,0.0,0.0
2023-12-29 00:00:00-05:00,6.039999961853027,6.110000133514404,6.010000228881836,6.019999980926514,8900,0.0,0.0
2024-01-02 00:00:00-05:00,6.0,6.139999866485596,6.0,6.09499979019165,37600,0.0,0.0
2024-01-03 00:00:00-05:00,6.110000133514404,6.150000095367432,5.960000038146973,6.0,32100,0.0,0.0
2024-01-04 00:00:00-05:00,6.050000190734863,6.139999866485596,5.989999771118164,6.070000171661377,7700,0.0,0.0
2024-01-05 00:00:00-05:00,6.084700107574463,6.084700107574463,6.010000228881836,6.010000228881836,3600,0.0,0.0
2024-01-08 00:00:00-05:00,6.03000020980835,6.199999809265137,6.03000020980835,6.184999942779541,18700,0.0,0.0
2024-01-09 00:00:00-05:00,6.199999809265137,6.440000057220459,6.199999809265137,6.4334001541137695,26500,0.0,0.0
2024-01-10 00:00:00-05:00,6.420000076293945,6.629899978637695,6.409999847412109,6.53000020980835,42800,0.0,0.0
2024-01-11 00:00:00-05:00,6.599999904632568,6.800000190734863,6.528200149536133,6.659999847412109,42500,0.0,0.0
2024-01-12 00:00:00-05:00,6.590000152587891,6.840000152587891,6.590000152587891,6.769999980926514,3900,0.0,0.0
2024-01-16 00:00:00-05:00,6.679999828338623,6.849999904632568,6.6697998046875,6.730000019073486,19600,0.0,0.0
2024-01-17 00:00:00-05:00,6.807799816131592,6.820000171661377,6.730000019073486,6.730000019073486,8800,0.0,0.0
2024-01-18 00:00:00-05:00,6.739999771118164,6.739999771118164,6.619999885559082,6.619999885559082,21200,0.0,0.0
2024-01-19 00:00:00-05:00,6.670000076293945,6.679999828338623,6.619999885559082,6.619999885559082,4600,0.0,0.0
2024-01-22 00:00:00-05:00,6.630000114440918,6.75,6.579999923706055,6.610000133514404,19000,0.0,0.0
2024-01-23 00:00:00-05:00,6.659999847412109,6.659999847412109,6.510000228881836,6.510000228881836,33700,0.0,0.0
2024-01-24 00:00:00-05:00,6.510000228881836,6.53000020980835,6.059999942779541,6.150000095367432,70700,0.0,0.0
2024-01-25 00:00:00-05:00,6.210000038146973,6.409999847412109,6.119999885559082,6.239999771118164,12100,0.0,0.0
2024-01-26 00:00:00-05:00,6.199999809265137,6.289999961853027,6.0,6.179999828338623,53500,0.0,0.0
2024-01-29 00:00:00-05:00,5.599999904632568,5.78000020980835,5.210000038146973,5.360000133514404,348700,0.0,0.0
2024-01-30 00:00:00-05:00,5.349999904632568,5.480000019073486,5.28000020980835,5.480000019073486,49200,0.0,0.0
2024-01-31 00:00:00-05:00,5.429999828338623,5.570000171661377,5.260000228881836,5.28000020980835,57800,0.0,0.0
2024-02-01 00:00:00-05:00,5.329999923706055,5.425000190734863,5.260000228881836,5.340000152587891,19100,0.0,0.0
2024-02-02 00:00:00-05:00,5.269999980926514,5.46999979019165,5.260000228881836,5.349999904632568,29000,0.0,0.0
2024-02-05 00:00:00-05:00,5.329999923706055,5.400599956512451,5.329999923706055,5.380000114440918,19600,0.0,0.0
2024-02-06 00:00:00-05:00,5.369999885559082,5.5,5.369999885559082,5.440000057220459,33800,0.0,0.0
2024-02-07 00:00:00-05:00,5.480000019073486,5.59499979019165,5.409999847412109,5.429999828338623,84400,0.0,0.0
2024-02-08 00:00:00-05:00,5.46999979019165,5.590000152587891,5.420000076293945,5.53000020980835,45700,0.0,0.0
2024-02-09 00:00:00-05:00,5.566400051116943,5.670000076293945,5.5,5.630000114440918,25100,0.0,0.0
2024-02-12 00:00:00-05:00,5.699999809265137,5.869999885559082,5.590000152587891,5.590000152587891,21400,0.0,0.0
2024-02-13 00:00:00-05:00,5.559999942779541,5.684800148010254,5.510000228881836,5.570000171661377,22600,0.0,0.0
2024-02-14 00:00:00-05:00,5.590000152587891,5.78000020980835,5.550000190734863,5.550000190734863,11600,0.0,0.0
2024-02-15 00:00:00-05:00,5.550000190734863,5.699999809265137,5.550000190734863,5.659999847412109,23800,0.0,0.0
2024-02-16 00:00:00-05:00,5.699999809265137,5.861199855804443,5.680099964141846,5.690000057220459,7700,0.0,0.0
2024-02-20 00:00:00-05:00,5.650000095367432,5.66349983215332,5.559999942779541,5.559999942779541,20500,0.0,0.0
2024-02-21 00:00:00-05:00,5.579999923706055,5.6219000816345215,5.5,5.510000228881836,25600,0.0,0.0
2024-02-22 00:00:00-05:00,5.550000190734863,5.619999885559082,5.519999980926514,5.519999980926514,20600,0.0,0.0
2024-02-23 00:00:00-05:00,5.599999904632568,5.610000133514404,5.519999980926514,5.545000076293945,18700,0.0,0.0
2024-02-26 00:00:00-05:00,5.550000190734863,5.579999923706055,5.480000019073486,5.579999923706055,27700,0.0,0.0
2024-02-27 00:00:00-05:00,5.5971999168396,5.799900054931641,5.589099884033203,5.690000057220459,24200,0.0,0.0
2024-02-28 00:00:00-05:00,5.619999885559082,5.799900054931641,5.610000133514404,5.650000095367432,8900,0.0,0.0
2024-02-29 00:00:00-05:00,5.699999809265137,5.929999828338623,5.620100021362305,5.929999828338623,21400,0.0,0.0
2024-03-01 00:00:00-05:00,5.929999828338623,6.105000019073486,5.770100116729736,5.809999942779541,18700,0.0,0.0
2024-03-04 00:00:00-05:00,5.809999942779541,5.940000057220459,5.769999980926514,5.769999980926514,3600,0.0,0.0
2024-03-05 00:00:00-05:00,5.820000171661377,5.900000095367432,5.670000076293945,5.704999923706055,17000,0.0,0.0
2024-03-06 00:00:00-05:00,5.739999771118164,5.809999942779541,5.659999847412109,5.670000076293945,16100,0.0,0.0
2024-03-07 00:00:00-05:00,5.742599964141846,5.742599964141846,5.650000095367432,5.699999809265137,3700,0.0,0.0
2024-03-08 00:00:00-05:00,5.659999847412109,5.670000076293945,5.619999885559082,5.639999866485596,10300,0.0,0.0
2024-03-11 00:00:00-04:00,5.670000076293945,5.739999771118164,5.570000171661377,5.570000171661377,31500,0.0,0.0
2024-03-12 00:00:00-04:00,5.570000171661377,5.630000114440918,5.550000190734863,5.550000190734863,13600,0.0,0.0
2024-03-13 00:00:00-04:00,5.550000190734863,5.730000019073486,5.550000190734863,5.590000152587891,23500,0.0,0.0
2024-03-14 00:00:00-04:00,5.570000171661377,5.639999866485596,5.519999980926514,5.519999980926514,28700,0.0,0.0
2024-03-15 00:00:00-04:00,5.519999980926514,5.599999904632568,5.5,5.510000228881836,45500,0.0,0.0
2024-03-18 00:00:00-04:00,5.989999771118164,6.070000171661377,5.5,5.5,67800,0.0,0.0
2024-03-19 00:00:00-04:00,5.570000171661377,5.769999980926514,5.5,5.599999904632568,13800,0.0,0.0
2024-03-20 00:00:00-04:00,5.670000076293945,5.800000190734863,5.550000190734863,5.590000152587891,6800,0.0,0.0
2024-03-21 00:00:00-04:00,5.679999828338623,5.719900131225586,5.570000171661377,5.650000095367432,17900,0.0,0.0
2024-03-22 00:00:00-04:00,5.78000020980835,5.880000114440918,5.650000095367432,5.724999904632568,15800,0.0,0.0
2024-03-25 00:00:00-04:00,5.744999885559082,5.900000095367432,5.650000095367432,5.65500020980835,5000,0.0,0.0
2024-03-26 00:00:00-04:00,5.874000072479248,5.874000072479248,5.659999847412109,5.71999979019165,23600,0.0,0.0
2024-03-27 00:00:00-04:00,5.75,5.789999961853027,5.71999979019165,5.71999979019165,1700,0.0,0.0
2024-03-28 00:00:00-04:00,5.710000038146973,5.969900131225586,5.710000038146973,5.769999980926514,21300,0.0,0.0
2024-04-01 00:00:00-04:00,5.969900131225586,5.969900131225586,5.804999828338623,5.929999828338623,11000,0.0,0.0
2024-04-02 00:00:00-04:00,5.929999828338623,6.230000019073486,5.929999828338623,6.070000171661377,23900,0.0,0.0
2024-04-03 00:00:00-04:00,6.074999809265137,6.539999961853027,6.070000171661377,6.519999980926514,45300,0.0,0.0
2024-04-04 00:00:00-04:00,6.639999866485596,6.639999866485596,6.360000133514404,6.5,43300,0.0,0.0
2024-04-05 00:00:00-04:00,6.420000076293945,6.550000190734863,6.380000114440918,6.39769983291626,7200,0.0,0.0
2024-04-08 00:00:00-04:00,6.389999866485596,6.449999809265137,6.349999904632568,6.349999904632568,13300,0.0,0.0
2024-04-09 00:00:00-04:00,6.349999904632568,6.380000114440918,6.304999828338623,6.320000171661377,13300,0.0,0.0
2024-04-10 00:00:00-04:00,6.699999809265137,6.710000038146973,6.420000076293945,6.519999980926514,26800,0.0,0.0
2024-04-11 00:00:00-04:00,6.590000152587891,6.590000152587891,6.329999923706055,6.329999923706055,10400,0.0,0.0
2024-04-12 00:00:00-04:00,6.329999923706055,6.360000133514404,6.150000095367432,6.159999847412109,42400,0.0,0.0
2024-04-15 00:00:00-04:00,6.190000057220459,6.378699779510498,6.110000133514404,6.119999885559082,19400,0.0,0.0
2024-04-16 00:00:00-04:00,6.130000114440918,6.300000190734863,6.122900009155273,6.230000019073486,4100,0.0,0.0
2024-04-17 00:00:00-04:00,6.199999809265137,6.199999809265137,6.079999923706055,6.079999923706055,6400,0.0,0.0
2024-04-18 00:00:00-04:00,6.119999885559082,6.179999828338623,5.980000019073486,6.0,16600,0.0,0.0
2024-04-19 00:00:00-04:00,6.114999771118164,6.15500020980835,6.0,6.03000020980835,11800,0.0,0.0
2024-04-22 00:00:00-04:00,6.090000152587891,6.090000152587891,5.949999809265137,6.0,10700,0.0,0.0
2024-04-23 00:00:00-04:00,6.099999904632568,6.75,6.099999904632568,6.559999942779541,47300,0.0,0.0
2024-04-24 00:00:00-04:00,6.650000095367432,7.019599914550781,6.650000095367432,6.900000095367432,36700,0.0,0.0
2024-04-25 00:00:00-04:00,6.929999828338623,6.994999885559082,6.735000133514404,6.914999961853027,17800,0.0,0.0
2024-04-26 00:00:00-04:00,7.039999961853027,7.039999961853027,6.75,6.75,10400,0.0,0.0
2024-04-29 00:00:00-04:00,6.900000095367432,6.948999881744385,6.710000038146973,6.710000038146973,6500,0.0,0.0
2024-04-30 00:00:00-04:00,6.670000076293945,6.690000057220459,6.571400165557861,6.650000095367432,4400,0.0,0.0
2024-05-01 00:00:00-04:00,6.559999942779541,6.649700164794922,6.5,6.614999771118164,2700,0.0,0.0
2024-05-02 00:00:00-04:00,6.5,6.510000228881836,6.449999809265137,6.510000228881836,8300,0.0,0.0
2024-05-03 00:00:00-04:00,6.5100998878479,6.900000095367432,6.5100998878479,6.699999809265137,3800,0.0,0.0
2024-05-06 00:00:00-04:00,6.849999904632568,6.900000095367432,6.590000152587891,6.769999980926514,18700,0.0,0.0
2024-05-07 00:00:00-04:00,6.888800144195557,7.0,6.809999942779541,6.809999942779541,6500,0.0,0.0
2024-05-08 00:00:00-04:00,6.900000095367432,7.179999828338623,6.849999904632568,7.079999923706055,17900,0.0,0.0
2024-05-09 00:00:00-04:00,7.150000095367432,7.150000095367432,6.829999923706055,6.889999866485596,4600,0.0,0.0
2024-05-10 00:00:00-04:00,6.699999809265137,7.130000114440918,6.659999847412109,7.019999980926514,6500,0.0,0.0
2024-05-13 00:00:00-04:00,6.860000133514404,6.873300075531006,6.559999942779541,6.650000095367432,12200,0.0,0.0
2024-05-14 00:00:00-04:00,6.550000190734863,6.78000020980835,6.550000190734863,6.769999980926514,2000,0.0,0.0
2024-05-15 00:00:00-04:00,6.679999828338623,6.690000057220459,6.560100078582764,6.690000057220459,2900,0.0,0.0
2024-05-16 00:00:00-04:00,6.649799823760986,6.649799823760986,6.550000190734863,6.590000152587891,1100,0.0,0.0
2024-05-17 00:00:00-04:00,6.769999980926514,6.769999980926514,6.570000171661377,6.570000171661377,1200,0.0,0.0
2024-05-20 00:00:00-04:00,6.570000171661377,6.879899978637695,6.550000190734863,6.789999961853027,7900,0.0,0.0
2024-05-21 00:00:00-04:00,6.715000152587891,6.715000152587891,6.688799858093262,6.688799858093262,1200,0.0,0.0
2024-05-22 00:00:00-04:00,6.822999954223633,6.929900169372559,6.550300121307373,6.650000095367432,4400,0.0,0.0
2024-05-23 00:00:00-04:00,6.98390007019043,6.98390007019043,6.550000190734863,6.550000190734863,3400,0.0,0.0
2024-05-24 00:00:00-04:00,6.900000095367432,6.900000095367432,6.639999866485596,6.639999866485596,2400,0.0,0.0
2024-05-28 00:00:00-04:00,6.559999942779541,6.659999847412109,6.519999980926514,6.659999847412109,16000,0.0,0.0
2024-05-29 00:00:00-04:00,6.670000076293945,6.670000076293945,6.400000095367432,6.409999847412109,13500,0.0,0.0
2024-05-30 00:00:00-04:00,6.409999847412109,6.519999980926514,6.400000095367432,6.409999847412109,2700,0.0,0.0
2024-05-31 00:00:00-04:00,6.400000095367432,6.590000152587891,6.400000095367432,6.5,13400,0.0,0.0
2024-06-03 00:00:00-04:00,6.507800102233887,6.599999904632568,6.507800102233887,6.590000152587891,2500,0.0,0.0
2024-06-04 00:00:00-04:00,6.539999961853027,6.599999904632568,6.53000020980835,6.539999961853027,12400,0.0,0.0
2024-06-05 00:00:00-04:00,6.449999809265137,6.541500091552734,6.400000095367432,6.409999847412109,6500,0.0,0.0
2024-06-06 00:00:00-04:00,6.360099792480469,6.5,6.360000133514404,6.489999771118164,1600,0.0,0.0
2024-06-07 00:00:00-04:00,6.389999866485596,6.5980000495910645,6.360000133514404,6.579999923706055,8500,0.0,0.0
2024-06-10 00:00:00-04:00,6.529200077056885,6.529200077056885,6.350100040435791,6.389999866485596,3400,0.0,0.0
2024-06-11 00:00:00-04:00,6.25,6.590000152587891,6.25,6.489999771118164,13800,0.0,0.0
2024-06-12 00:00:00-04:00,7.190000057220459,7.249899864196777,6.329999923706055,6.510000228881836,79800,0.0,0.0
2024-06-13 00:00:00-04:00,6.739999771118164,6.880000114440918,6.269999980926514,6.389999866485596,11100,0.0,0.0
2024-06-14 00:00:00-04:00,6.5,6.555600166320801,6.239999771118164,6.320000171661377,10500,0.0,0.0
2024-06-17 00:00:00-04:00,6.380000114440918,6.380000114440918,5.860000133514404,6.260000228881836,76500,0.0,0.0
2024-06-18 00:00:00-04:00,6.170000076293945,6.239999771118164,5.900000095367432,5.960000038146973,36500,0.0,0.0
2024-06-20 00:00:00-04:00,5.960000038146973,6.239999771118164,5.960000038146973,6.099999904632568,5800,0.0,0.0
2024-06-21 00:00:00-04:00,6.179999828338623,6.179999828338623,6.010000228881836,6.110000133514404,25800,0.0,0.0
2024-06-24 00:00:00-04:00,6.179999828338623,6.300000190734863,5.960000038146973,6.014999866485596,29600,0.0,0.0
2024-06-25 00:00:00-04:00,6.090000152587891,6.448699951171875,6.010000228881836,6.050000190734863,3500,0.0,0.0
2024-06-26 00:00:00-04:00,6.070000171661377,6.224999904632568,5.960000038146973,5.980000019073486,17300,0.0,0.0
2024-06-27 00:00:00-04:00,6.039999961853027,6.260000228881836,6.039999961853027,6.110000133514404,3400,0.0,0.0
2024-06-28 00:00:00-04:00,6.090000152587891,6.114999771118164,6.019999980926514,6.025000095367432,2400,0.0,0.0
2024-07-01 00:00:00-04:00,5.960000038146973,6.369999885559082,5.960000038146973,6.0,5900,0.0,0.0
2024-07-02 00:00:00-04:00,5.960000038146973,6.019999980926514,5.960000038146973,5.960000038146973,5400,0.0,0.0
2024-07-03 00:00:00-04:00,6.039999961853027,6.039999961853027,5.960000038146973,6.03000020980835,900,0.0,0.0
2024-07-05 00:00:00-04:00,6.0,6.0,5.960000038146973,5.980000019073486,10000,0.0,0.0
2024-07-08 00:00:00-04:00,5.960000038146973,6.050000190734863,5.960000038146973,6.050000190734863,5900,0.0,0.0
2024-07-09 00:00:00-04:00,6.099999904632568,6.357399940490723,6.0,6.150000095367432,15400,0.0,0.0
2024-07-10 00:00:00-04:00,6.119999885559082,6.25,6.072199821472168,6.199999809265137,30000,0.0,0.0
2024-07-11 00:00:00-04:00,6.130000114440918,6.449999809265137,6.130000114440918,6.239999771118164,16000,0.0,0.0
2024-07-12 00:00:00-04:00,6.210000038146973,6.389999866485596,6.210000038146973,6.380000114440918,5900,0.0,0.0
2024-07-15 00:00:00-04:00,6.420000076293945,6.420000076293945,6.310100078582764,6.409999847412109,10700,0.0,0.0
2024-07-16 00:00:00-04:00,6.420000076293945,6.849999904632568,6.420000076293945,6.69290018081665,48000,0.0,0.0
2024-07-17 00:00:00-04:00,6.559999942779541,6.75,6.559999942779541,6.679999828338623,7900,0.0,0.0
2024-07-18 00:00:00-04:00,6.630000114440918,6.809999942779541,6.550099849700928,6.71999979019165,51700,0.0,0.0
2024-07-19 00:00:00-04:00,6.619999885559082,6.979899883270264,6.619999885559082,6.760000228881836,12400,0.0,0.0
2024-07-22 00:00:00-04:00,6.849999904632568,6.975900173187256,6.800000190734863,6.96999979019165,37100,0.0,0.0
2024-07-23 00:00:00-04:00,6.909999847412109,6.992499828338623,6.78000020980835,6.78000020980835,5500,0.0,0.0
2024-07-24 00:00:00-04:00,6.710000038146973,6.848899841308594,6.510000228881836,6.800000190734863,28500,0.0,0.0
2024-07-25 00:00:00-04:00,6.78000020980835,6.854499816894531,6.550000190734863,6.550000190734863,28700,0.0,0.0
2024-07-26 00:00:00-04:00,6.650000095367432,6.800000190734863,6.559999942779541,6.800000190734863,10500,0.0,0.0
2024-07-29 00:00:00-04:00,6.829999923706055,6.849999904632568,6.699999809265137,6.840000152587891,11900,0.0,0.0
2024-07-30 00:00:00-04:00,6.940000057220459,7.199999809265137,6.881999969482422,7.199999809265137,34600,0.0,0.0
2024-07-31 00:00:00-04:00,7.070000171661377,7.489999771118164,6.87470006942749,7.320000171661377,88900,0.0,0.0
2024-08-01 00:00:00-04:00,7.349999904632568,7.559999942779541,7.273200035095215,7.409999847412109,19800,0.0,0.0
2024-08-02 00:00:00-04:00,7.460000038146973,7.460000038146973,7.290900230407715,7.340000152587891,6200,0.0,0.0
2024-08-05 00:00:00-04:00,7.25,7.25,6.849999904632568,7.070000171661377,65900,0.0,0.0
2024-08-06 00:00:00-04:00,7.0,7.074999809265137,6.800000190734863,6.909999847412109,24600,0.0,0.0
2024-08-07 00:00:00-04:00,6.860000133514404,7.082699775695801,6.860000133514404,6.960000038146973,23900,0.0,0.0
2024-08-08 00:00:00-04:00,6.920000076293945,7.150000095367432,6.909999847412109,7.099999904632568,10100,0.0,0.0
2024-08-09 00:00:00-04:00,7.079999923706055,7.150000095367432,6.900000095367432,6.920000076293945,5800,0.0,0.0
2024-08-12 00:00:00-04:00,6.989999771118164,7.119999885559082,6.9019999504089355,7.119999885559082,16200,0.0,0.0
2024-08-13 00:00:00-04:00,7.150000095367432,7.199999809265137,7.099999904632568,7.130000114440918,7100,0.0,0.0
2024-08-14 00:00:00-04:00,7.0457000732421875,7.136099815368652,7.03000020980835,7.099999904632568,5900,0.0,0.0
2024-08-15 00:00:00-04:00,6.980000019073486,7.090000152587891,6.960000038146973,7.03000020980835,17800,0.0,0.0
2024-08-16 00:00:00-04:00,7.090000152587891,7.150000095367432,7.050000190734863,7.150000095367432,14300,0.0,0.0
2024-08-19 00:00:00-04:00,7.150000095367432,7.449999809265137,7.050000190734863,7.400000095367432,39500,0.0,0.0
2024-08-20 00:00:00-04:00,7.449999809265137,7.78000020980835,7.25,7.670000076293945,97800,0.0,0.0
2024-08-21 00:00:00-04:00,7.75,7.827400207519531,7.579999923706055,7.579999923706055,27100,0.0,0.0
2024-08-22 00:00:00-04:00,7.800000190734863,7.800000190734863,7.409999847412109,7.409999847412109,12100,0.0,0.0
2024-08-23 00:00:00-04:00,7.5,7.619999885559082,7.28000020980835,7.5,18600,0.0,0.0
2024-08-26 00:00:00-04:00,7.559999942779541,7.699999809265137,7.440000057220459,7.519999980926514,7600,0.0,0.0
2024-08-27 00:00:00-04:00,7.510000228881836,7.550000190734863,7.300000190734863,7.369999885559082,17000,0.0,0.0
2024-08-28 00:00:00-04:00,7.449999809265137,7.510000228881836,7.099999904632568,7.329999923706055,56100,0.0,0.0
2024-08-29 00:00:00-04:00,7.28000020980835,7.299900054931641,6.989999771118164,6.989999771118164,137000,0.0,0.0
2024-08-30 00:00:00-04:00,7.249800205230713,7.25,7.010000228881836,7.110000133514404,13600,0.0,0.0
2024-09-03 00:00:00-04:00,7.119999885559082,7.119999885559082,7.019999980926514,7.099999904632568,2500,0.0,0.0
2024-09-04 00:00:00-04:00,7.114999771118164,7.144999980926514,7.010000228881836,7.070000171661377,1200,0.0,0.0
2024-09-05 00:00:00-04:00,7.210000038146973,7.230000019073486,7.059999942779541,7.210000038146973,7600,0.0,0.0
2024-09-06 00:00:00-04:00,7.148099899291992,7.148099899291992,6.96999979019165,7.010000228881836,42600,0.0,0.0
2024-09-09 00:00:00-04:00,7.050000190734863,7.099999904632568,6.900000095367432,6.989999771118164,30400,0.0,0.0
2024-09-10 00:00:00-04:00,7.059999942779541,7.069900035858154,7.0,7.019999980926514,11800,0.0,0.0
2024-09-11 00:00:00-04:00,7.0,7.099999904632568,6.820000171661377,6.820000171661377,62500,0.0,0.0
2024-09-12 00:00:00-04:00,6.909999847412109,6.96999979019165,6.820000171661377,6.96999979019165,7300,0.0,0.0
2024-09-13 00:00:00-04:00,6.949999809265137,7.059999942779541,6.949999809265137,7.050000190734863,28400,0.0,0.0
2024-09-16 00:00:00-04:00,7.400000095367432,7.639999866485596,7.09689998626709,7.429999828338623,136500,0.0,0.0
2024-09-17 00:00:00-04:00,7.5,7.5,7.119999885559082,7.119999885559082,31600,0.0,0.0
2024-09-18 00:00:00-04:00,7.121500015258789,7.302499771118164,6.989999771118164,7.059999942779541,34400,0.0,0.0
2024-09-19 00:00:00-04:00,7.21999979019165,7.239999771118164,7.0100998878479,7.21999979019165,7700,0.0,0.0
2024-09-20 00:00:00-04:00,7.190000057220459,7.380000114440918,7.159999847412109,7.360000133514404,13600,0.0,0.0
2024-09-23 00:00:00-04:00,7.300000190734863,7.309999942779541,7.179999828338623,7.260000228881836,13000,0.0,0.0
2024-09-24 00:00:00-04:00,7.260000228881836,7.429999828338623,7.150100231170654,7.369999885559082,16100,0.0,0.0
2024-09-25 00:00:00-04:00,7.28000020980835,7.360000133514404,7.260499954223633,7.300000190734863,9000,0.0,0.0
2024-09-26 00:00:00-04:00,7.30019998550415,7.340000152587891,7.269999980926514,7.284999847412109,16800,0.0,0.0
2024-09-27 00:00:00-04:00,7.380000114440918,7.409999847412109,7.289999961853027,7.389999866485596,9400,0.0,0.0
2024-09-30 00:00:00-04:00,7.380000114440918,7.434999942779541,7.21999979019165,7.25,9800,0.0,0.0
2024-10-01 00:00:00-04:00,7.349999904632568,7.380000114440918,7.25,7.380000114440918,16500,0.0,0.0
2024-10-02 00:00:00-04:00,7.260000228881836,7.440000057220459,7.23390007019043,7.440000057220459,15700,0.0,0.0
2024-10-03 00:00:00-04:00,7.400000095367432,7.400000095367432,7.310100078582764,7.400000095367432,3600,0.0,0.0
2024-10-04 00:00:00-04:00,7.400000095367432,7.5960001945495605,7.389999866485596,7.46999979019165,18600,0.0,0.0
2024-10-07 00:00:00-04:00,7.382999897003174,7.989999771118164,7.382999897003174,7.985000133514404,49400,0.0,0.0
2024-10-08 00:00:00-04:00,7.989999771118164,8.119999885559082,7.849999904632568,8.0600004196167,23100,0.0,0.0
2024-10-09 00:00:00-04:00,8.109999656677246,8.140399932861328,7.769999980926514,7.809999942779541,44100,0.0,0.0
2024-10-10 00:00:00-04:00,7.760000228881836,8.039999961853027,7.661499977111816,8.0,40000,0.0,0.0
2024-10-11 00:00:00-04:00,8.029999732971191,8.0649995803833,7.900000095367432,7.909999847412109,34000,0.0,0.0
2024-10-14 00:00:00-04:00,7.96999979019165,8.329999923706055,7.900000095367432,8.210000038146973,59300,0.0,0.0
2024-10-15 00:00:00-04:00,8.350000381469727,8.5,8.1899995803833,8.479999542236328,55300,0.0,0.0
2024-10-16 00:00:00-04:00,8.480899810791016,8.829999923706055,8.471500396728516,8.5600004196167,36000,0.0,0.0
2024-10-17 00:00:00-04:00,8.710000038146973,8.710000038146973,8.199999809265137,8.470000267028809,46800,0.0,0.0
2024-10-18 00:00:00-04:00,8.489999771118164,8.5600004196167,8.199600219726562,8.300000190734863,26000,0.0,0.0
2024-10-21 00:00:00-04:00,8.300000190734863,8.494999885559082,8.149999618530273,8.270000457763672,48200,0.0,0.0
2024-10-22 00:00:00-04:00,8.270000457763672,8.550000190734863,8.270000457763672,8.5,29800,0.0,0.0
2024-10-23 00:00:00-04:00,8.420000076293945,8.420000076293945,8.140000343322754,8.289999961853027,20400,0.0,0.0
2024-10-24 00:00:00-04:00,8.289999961853027,8.289999961853027,8.039999961853027,8.1899995803833,36500,0.0,0.0
2024-10-25 00:00:00-04:00,8.1850004196167,8.390000343322754,8.1850004196167,8.319999694824219,23700,0.0,0.0
2024-10-28 00:00:00-04:00,8.390000343322754,8.899999618530273,8.310099601745605,8.8100004196167,61800,0.0,0.0
2024-10-29 00:00:00-04:00,8.829999923706055,8.890000343322754,8.720000267028809,8.779999732971191,39700,0.0,0.0
2024-10-30 00:00:00-04:00,8.78499984741211,9.029999732971191,8.65999984741211,8.65999984741211,78700,0.0,0.0
2024-10-31 00:00:00-04:00,8.760000228881836,8.949999809265137,8.479999542236328,8.529999732971191,22600,0.0,0.0
2024-11-01 00:00:00-04:00,8.5,8.670000076293945,8.460000038146973,8.510000228881836,43400,0.0,0.0
2024-11-04 00:00:00-05:00,8.755000114440918,8.850000381469727,8.580100059509277,8.699999809265137,21100,0.0,0.0
2024-11-05 00:00:00-05:00,8.820199966430664,8.84000015258789,8.609999656677246,8.609999656677246,14200,0.0,0.0
2024-11-06 00:00:00-05:00,8.729999542236328,8.840900421142578,8.649999618530273,8.670000076293945,19100,0.0,0.0
2024-11-07 00:00:00-05:00,8.680000305175781,8.753600120544434,8.5,8.579999923706055,43600,0.0,0.0
2024-11-08 00:00:00-05:00,8.649999618530273,9.119999885559082,8.59000015258789,9.079999923706055,168400,0.0,0.0
2024-11-11 00:00:00-05:00,9.149999618530273,9.149999618530273,8.930000305175781,9.020000457763672,71400,0.0,0.0
2024-11-12 00:00:00-05:00,9.140000343322754,9.140000343322754,8.729999542236328,8.819999694824219,31200,0.0,0.0
2024-11-13 00:00:00-05:00,8.930000305175781,8.99269962310791,8.670000076293945,8.869999885559082,26900,0.0,0.0
2024-11-14 00:00:00-05:00,8.819999694824219,8.933699607849121,8.670000076293945,8.670000076293945,27900,0.0,0.0
2024-11-15 00:00:00-05:00,8.6899995803833,8.899999618530273,8.6899995803833,8.739999771118164,15200,0.0,0.0
2024-11-18 00:00:00-05:00,8.84000015258789,8.899999618530273,8.149999618530273,8.529999732971191,345900,0.0,0.0
2024-11-19 00:00:00-05:00,8.539999961853027,9.15999984741211,8.539999961853027,9.020000457763672,191600,0.0,0.0
2024-11-20 00:00:00-05:00,9.109999656677246,9.800000190734863,8.760199546813965,9.729999542236328,251600,0.0,0.0
2024-11-21 00:00:00-05:00,9.800000190734863,9.889900207519531,9.329999923706055,9.470000267028809,40400,0.0,0.0
2024-11-22 00:00:00-05:00,9.520000457763672,9.520000457763672,9.001399993896484,9.319999694824219,57800,0.0,0.0
2024-11-25 00:00:00-05:00,9.319999694824219,9.380000114440918,8.979999542236328,9.380000114440918,87300,0.0,0.0
2024-11-26 00:00:00-05:00,9.350000381469727,9.350000381469727,8.8100004196167,9.020000457763672,23700,0.0,0.0
2024-11-27 00:00:00-05:00,8.949999809265137,9.0,8.800000190734863,8.84000015258789,5900,0.0,0.0
2024-11-29 00:00:00-05:00,8.850000381469727,9.649999618530273,8.850000381469727,9.460000038146973,42500,0.0,0.0
2024-12-02 00:00:00-05:00,9.539999961853027,9.640000343322754,9.0649995803833,9.15999984741211,58700,0.0,0.0
2024-12-03 00:00:00-05:00,9.119999885559082,9.366800308227539,9.029999732971191,9.069999694824219,131300,0.0,0.0
2024-12-04 00:00:00-05:00,9.069999694824219,9.258899688720703,8.899999618530273,9.039999961853027,98900,0.0,0.0
2024-12-05 00:00:00-05:00,9.050000190734863,9.145299911499023,8.90999984741211,9.140000343322754,12500,0.0,0.0
2024-12-06 00:00:00-05:00,9.170000076293945,9.170000076293945,8.979999542236328,8.979999542236328,12600,0.0,0.0
2024-12-09 00:00:00-05:00,8.9399995803833,9.029999732971191,8.84000015258789,9.0,37700,0.0,0.0
2024-12-10 00:00:00-05:00,8.949999809265137,9.057900428771973,8.899999618530273,9.0,14300,0.0,0.0
2024-12-11 00:00:00-05:00,9.010000228881836,9.010000228881836,8.90999984741211,8.90999984741211,3700,0.0,0.0
2024-12-12 00:00:00-05:00,8.949999809265137,8.949999809265137,8.8100004196167,8.869999885559082,8900,0.0,0.0
2024-12-13 00:00:00-05:00,8.779999732971191,8.850000381469727,8.5,8.529999732971191,15300,0.0,0.0
2024-12-16 00:00:00-05:00,8.5600004196167,8.800000190734863,8.142999649047852,8.300000190734863,38500,0.0,0.0
2024-12-17 00:00:00-05:00,8.300000190734863,8.649999618530273,8.199999809265137,8.229999542236328,51500,0.0,0.0
2024-12-18 00:00:00-05:00,8.210000038146973,8.4399995803833,8.020000457763672,8.020000457763672,26400,0.0,0.0
2024-12-19 00:00:00-05:00,8.048999786376953,8.100000381469727,7.820000171661377,7.869999885559082,19500,0.0,0.0
2024-12-20 00:00:00-05:00,8.0,8.229999542236328,7.96999979019165,8.229999542236328,11200,0.0,0.0
2024-12-23 00:00:00-05:00,8.210000038146973,8.210000038146973,7.829999923706055,7.860000133514404,18400,0.0,0.0
2024-12-24 00:00:00-05:00,7.829999923706055,7.940000057220459,7.730000019073486,7.730000019073486,17200,0.0,0.0
2024-12-26 00:00:00-05:00,7.835000038146973,8.069999694824219,7.742700099945068,8.0600004196167,9900,0.0,0.0
2024-12-27 00:00:00-05:00,8.09000015258789,8.1899995803833,7.789999961853027,8.010000228881836,11900,0.0,0.0
2024-12-30 00:00:00-05:00,7.880000114440918,7.940000057220459,7.800000190734863,7.875,27300,0.0,0.0
2024-12-31 00:00:00-05:00,7.864999771118164,7.909999847412109,7.829999923706055,7.829999923706055,10000,0.0,0.0
2025-01-02 00:00:00-05:00,7.920000076293945,7.921999931335449,7.75,7.840000152587891,26000,0.0,0.0
2025-01-03 00:00:00-05:00,7.800000190734863,7.929999828338623,7.78000020980835,7.889999866485596,15600,0.0,0.0
2025-01-06 00:00:00-05:00,7.869999885559082,8.220499992370605,7.789999961853027,8.170000076293945,18100,0.0,0.0
2025-01-07 00:00:00-05:00,8.25,8.699999809265137,8.25,8.449999809265137,71800,0.0,0.0
2025-01-08 00:00:00-05:00,8.449999809265137,8.989899635314941,8.145000457763672,8.760000228881836,99100,0.0,0.0
2025-01-10 00:00:00-05:00,8.760000228881836,9.020000457763672,8.277899742126465,8.800000190734863,66000,0.0,0.0
2025-01-13 00:00:00-05:00,8.899999618530273,9.023799896240234,8.319999694824219,8.550000190734863,35300,0.0,0.0
2025-01-14 00:00:00-05:00,8.430000305175781,8.640000343322754,8.25,8.510000228881836,17400,0.0,0.0
2025-01-15 00:00:00-05:00,8.380000114440918,8.999899864196777,8.380000114440918,8.539999961853027,35600,0.0,0.0
2025-01-16 00:00:00-05:00,8.5,8.630000114440918,8.390000343322754,8.470000267028809,29400,0.0,0.0
2025-01-17 00:00:00-05:00,8.5,8.635000228881836,8.020000457763672,8.140000343322754,38900,0.0,0.0
2025-01-21 00:00:00-05:00,8.210000038146973,8.720000267028809,8.140000343322754,8.579999923706055,37000,0.0,0.0
2025-01-22 00:00:00-05:00,8.600000381469727,8.699999809265137,8.510000228881836,8.510000228881836,10700,0.0,0.0
2025-01-23 00:00:00-05:00,8.529999732971191,8.529999732971191,8.050000190734863,8.260000228881836,16900,0.0,0.0
2025-01-24 00:00:00-05:00,8.260000228881836,8.260000228881836,8.0600004196167,8.140000343322754,24100,0.0,0.0
2025-01-27 00:00:00-05:00,8.069999694824219,8.538000106811523,7.980000019073486,8.5,32200,0.0,0.0
2025-01-28 00:00:00-05:00,8.40999984741211,8.4399995803833,7.949999809265137,8.380000114440918,18600,0.0,0.0
2025-01-29 00:00:00-05:00,8.170000076293945,8.170000076293945,7.800000190734863,7.849999904632568,111100,0.0,0.0
2025-01-30 00:00:00-05:00,8.066300392150879,8.066300392150879,7.849999904632568,7.849999904632568,5900,0.0,0.0
2025-01-31 00:00:00-05:00,7.860000133514404,8.050000190734863,7.800000190734863,8.050000190734863,27300,0.0,0.0
2025-02-03 00:00:00-05:00,7.900000095367432,7.974999904632568,7.75,7.949999809265137,52200,0.0,0.0
2025-02-04 00:00:00-05:00,7.96999979019165,8.130000114440918,7.809999942779541,7.809999942779541,8400,0.0,0.0
2025-02-05 00:00:00-05:00,7.820000171661377,8.079999923706055,7.820000171661377,7.869999885559082,8000,0.0,0.0
2025-02-06 00:00:00-05:00,7.820799827575684,7.875199794769287,7.809999942779541,7.820000171661377,5900,0.0,0.0
2025-02-07 00:00:00-05:00,7.829999923706055,7.929900169372559,7.809999942779541,7.809999942779541,7300,0.0,0.0
2025-02-10 00:00:00-05:00,7.820000171661377,7.989999771118164,7.800000190734863,7.849999904632568,33300,0.0,0.0
2025-02-11 00:00:00-05:00,7.800000190734863,8.579999923706055,7.800000190734863,7.909999847412109,116800,0.0,0.0
2025-02-12 00:00:00-05:00,7.960000038146973,8.27649974822998,7.960000038146973,8.010000228881836,16300,0.0,0.0
2025-02-13 00:00:00-05:00,8.010000228881836,8.079999923706055,7.809999942779541,7.989999771118164,16200,0.0,0.0
2025-02-14 00:00:00-05:00,7.869999885559082,8.029999732971191,7.809999942779541,7.889999866485596,14100,0.0,0.0
2025-02-18 00:00:00-05:00,7.889999866485596,7.947000026702881,7.78000020980835,7.78000020980835,22300,0.0,0.0
2025-02-19 00:00:00-05:00,7.889999866485596,7.889999866485596,7.771500110626221,7.829999923706055,14500,0.0,0.0
2025-02-20 00:00:00-05:00,7.820000171661377,7.889999866485596,7.789999961853027,7.880000114440918,16300,0.0,0.0
2025-02-21 00:00:00-05:00,7.800000190734863,7.869999885559082,7.769999980926514,7.769999980926514,14800,0.0,0.0
2025-02-24 00:00:00-05:00,7.78000020980835,7.980000019073486,7.75,7.75,33500,0.0,0.0
2025-02-25 00:00:00-05:00,7.820000171661377,7.820000171661377,7.71999979019165,7.71999979019165,5800,0.0,0.0
2025-02-26 00:00:00-05:00,7.71999979019165,7.800000190734863,7.510000228881836,7.599999904632568,48600,0.0,0.0
2025-02-27 00:00:00-05:00,7.690000057220459,7.78000020980835,7.619999885559082,7.690000057220459,11100,0.0,0.0
2025-02-28 00:00:00-05:00,7.690000057220459,7.690000057220459,7.611999988555908,7.659999847412109,6600,0.0,0.0
2025-03-03 00:00:00-05:00,7.639999866485596,7.639999866485596,7.349999904632568,7.360000133514404,31000,0.0,0.0
2025-03-04 00:00:00-05:00,7.464799880981445,7.464799880981445,6.900000095367432,6.940000057220459,23400,0.0,0.0
2025-03-05 00:00:00-05:00,6.900000095367432,6.992099761962891,6.528500080108643,6.809999942779541,14200,0.0,0.0
2025-03-06 00:00:00-05:00,6.809999942779541,7.759500026702881,6.809999942779541,7.059999942779541,20600,0.0,0.0
2025-03-07 00:00:00-05:00,6.819499969482422,7.389999866485596,6.71999979019165,6.849999904632568,12300,0.0,0.0
2025-03-10 00:00:00-04:00,6.909999847412109,7.205699920654297,6.659999847412109,6.699999809265137,9600,0.0,0.0
2025-03-11 00:00:00-04:00,7.107999801635742,7.107999801635742,6.636499881744385,6.809999942779541,4300,0.0,0.0
2025-03-12 00:00:00-04:00,6.626299858093262,6.96999979019165,6.626299858093262,6.75,5400,0.0,0.0
2025-03-13 00:00:00-04:00,6.739999771118164,6.829999923706055,6.610000133514404,6.619999885559082,4700,0.0,0.0
2025-03-14 00:00:00-04:00,6.610000133514404,6.699999809265137,6.610000133514404,6.619999885559082,7300,0.0,0.0
2025-03-17 00:00:00-04:00,6.960000038146973,6.960000038146973,6.659999847412109,6.679999828338623,16400,0.0,0.0
2025-03-18 00:00:00-04:00,6.659999847412109,7.019899845123291,6.610000133514404,6.659999847412109,9100,0.0,0.0
2025-03-19 00:00:00-04:00,6.909999847412109,6.909999847412109,6.599999904632568,6.71999979019165,18200,0.0,0.0
2025-03-20 00:00:00-04:00,6.71999979019165,7.110000133514404,6.550000190734863,6.732999801635742,42800,0.0,0.0
2025-03-21 00:00:00-04:00,6.650000095367432,6.869999885559082,6.53000020980835,6.690000057220459,21500,0.0,0.0
2025-03-24 00:00:00-04:00,6.679999828338623,6.699999809265137,6.300099849700928,6.369999885559082,22700,0.0,0.0
2025-03-25 00:00:00-04:00,6.369999885559082,6.480000019073486,6.0,6.050000190734863,100700,0.0,0.0
2025-03-26 00:00:00-04:00,6.45989990234375,6.45989990234375,6.099999904632568,6.119999885559082,26200,0.0,0.0
2025-03-27 00:00:00-04:00,6.130000114440918,6.320000171661377,6.099999904632568,6.159999847412109,6000,0.0,0.0
2025-03-28 00:00:00-04:00,6.099999904632568,6.289999961853027,6.099999904632568,6.119999885559082,13200,0.0,0.0
2025-03-31 00:00:00-04:00,6.099999904632568,6.2778000831604,6.099999904632568,6.239999771118164,8900,0.0,0.0
2025-04-01 00:00:00-04:00,6.289999961853027,6.46999979019165,6.110000133514404,6.46999979019165,14100,0.0,0.0
2025-04-02 00:00:00-04:00,6.309999942779541,6.679999828338623,6.1605000495910645,6.349999904632568,15900,0.0,0.0
2025-04-03 00:00:00-04:00,6.28000020980835,6.400000095367432,6.099999904632568,6.190000057220459,8400,0.0,0.0
2025-04-04 00:00:00-04:00,6.099999904632568,6.380000114440918,5.769999980926514,5.849999904632568,30400,0.0,0.0
2025-04-07 00:00:00-04:00,5.760000228881836,6.185800075531006,5.760000228881836,5.980000019073486,11300,0.0,0.0
2025-04-08 00:00:00-04:00,6.03000020980835,6.099999904632568,5.869999885559082,5.960000038146973,18300,0.0,0.0
2025-04-09 00:00:00-04:00,5.960000038146973,6.320000171661377,5.949999809265137,6.239999771118164,15600,0.0,0.0
2025-04-10 00:00:00-04:00,6.099999904632568,6.320000171661377,5.900000095367432,6.150000095367432,29700,0.0,0.0
2025-04-11 00:00:00-04:00,6.099999904632568,6.5,6.099999904632568,6.239999771118164,71000,0.0,0.0
2025-04-14 00:00:00-04:00,6.159999847412109,6.800000190734863,6.149499893188477,6.199999809265137,211100,0.0,0.0
2025-04-15 00:00:00-04:00,6.179999828338623,6.429999828338623,6.179999828338623,6.429999828338623,9900,0.0,0.0
2025-04-16 00:00:00-04:00,6.519999980926514,6.579999923706055,6.39709997177124,6.480000019073486,8600,0.0,0.0
2025-04-17 00:00:00-04:00,6.46999979019165,6.46999979019165,6.239999771118164,6.440000057220459,3000,0.0,0.0
2025-04-21 00:00:00-04:00,6.489999771118164,6.489999771118164,6.019999980926514,6.269999980926514,5500,0.0,0.0
2025-04-22 00:00:00-04:00,6.300000190734863,6.424099922180176,6.010000228881836,6.110000133514404,5700,0.0,0.0
2025-04-23 00:00:00-04:00,5.974800109863281,6.480000019073486,5.974800109863281,6.349999904632568,55500,0.0,0.0
2025-04-24 00:00:00-04:00,6.400000095367432,6.5,6.199999809265137,6.21999979019165,61200,0.0,0.0
2025-04-25 00:00:00-04:00,6.349999904632568,6.710000038146973,6.3379998207092285,6.710000038146973,52500,0.0,0.0
