Date,Open,High,Low,Close,Volume,Dividends,Stock Splits
2021-10-28 00:00:00-04:00,22.360000610351562,23.389999389648438,17.0,17.610000610351562,10474188,0.0,0.0
2021-10-29 00:00:00-04:00,18.0,19.350000381469727,17.5,18.360000610351562,2027392,0.0,0.0
2021-11-01 00:00:00-04:00,18.360000610351562,19.578899383544922,18.110000610351562,18.770000457763672,1062947,0.0,0.0
2021-11-02 00:00:00-04:00,18.950000762939453,19.440000534057617,18.3700008392334,18.5,693945,0.0,0.0
2021-11-03 00:00:00-04:00,18.43000030517578,18.889999389648438,18.1200008392334,18.299999237060547,1649402,0.0,0.0
2021-11-04 00:00:00-04:00,18.3700008392334,19.260000228881836,18.31999969482422,19.260000228881836,500489,0.0,0.0
2021-11-05 00:00:00-04:00,19.450000762939453,19.68000030517578,19.059999465942383,19.239999771118164,316634,0.0,0.0
2021-11-08 00:00:00-05:00,19.3799991607666,19.459999084472656,18.25,19.200000762939453,619669,0.0,0.0
2021-11-09 00:00:00-05:00,19.440000534057617,21.079999923706055,19.200000762939453,20.989999771118164,1117935,0.0,0.0
2021-11-10 00:00:00-05:00,20.93000030517578,21.209999084472656,19.06999969482422,20.65999984741211,2255700,0.0,0.0
2021-11-11 00:00:00-05:00,20.65999984741211,20.93000030517578,19.520000457763672,19.959999084472656,225823,0.0,0.0
2021-11-12 00:00:00-05:00,20.209999084472656,21.030000686645508,19.360000610351562,21.030000686645508,405969,0.0,0.0
2021-11-15 00:00:00-05:00,20.920000076293945,21.950000762939453,20.549999237060547,21.93000030517578,891678,0.0,0.0
2021-11-16 00:00:00-05:00,21.670000076293945,21.7101993560791,19.5,19.559999465942383,431384,0.0,0.0
2021-11-17 00:00:00-05:00,19.780000686645508,20.520000457763672,18.59000015258789,20.5,467784,0.0,0.0
2021-11-18 00:00:00-05:00,20.549999237060547,20.549999237060547,18.360000610351562,18.600000381469727,489320,0.0,0.0
2021-11-19 00:00:00-05:00,18.579999923706055,18.989999771118164,16.5,17.260000228881836,870833,0.0,0.0
2021-11-22 00:00:00-05:00,17.709999084472656,18.219900131225586,17.270000457763672,17.610000610351562,742560,0.0,0.0
2021-11-23 00:00:00-05:00,17.420000076293945,17.5,16.0,16.6200008392334,781260,0.0,0.0
2021-11-24 00:00:00-05:00,16.489999771118164,17.329999923706055,15.279999732971191,16.799999237060547,888667,0.0,0.0
2021-11-26 00:00:00-05:00,16.5,17.18000030517578,16.030000686645508,17.139999389648438,306040,0.0,0.0
2021-11-29 00:00:00-05:00,17.549999237060547,17.6299991607666,16.5,16.75,715755,0.0,0.0
2021-11-30 00:00:00-05:00,16.5,17.149999618530273,16.350000381469727,16.700000762939453,507071,0.0,0.0
2021-12-01 00:00:00-05:00,16.770000457763672,17.459999084472656,16.770000457763672,17.239999771118164,579709,0.0,0.0
2021-12-02 00:00:00-05:00,17.239999771118164,17.84000015258789,16.479999542236328,17.049999237060547,831049,0.0,0.0
2021-12-03 00:00:00-05:00,17.110000610351562,17.40999984741211,15.399999618530273,15.75,702273,0.0,0.0
2021-12-06 00:00:00-05:00,16.040000915527344,16.6299991607666,15.734999656677246,16.329999923706055,934049,0.0,0.0
2021-12-07 00:00:00-05:00,16.639999389648438,17.81999969482422,16.200000762939453,17.43000030517578,894022,0.0,0.0
2021-12-08 00:00:00-05:00,17.75,18.34000015258789,14.760000228881836,15.920000076293945,3056279,0.0,0.0
2021-12-09 00:00:00-05:00,16.170000076293945,17.0,15.140000343322754,15.510000228881836,1067475,0.0,0.0
2021-12-10 00:00:00-05:00,15.609999656677246,16.899999618530273,15.609999656677246,16.40999984741211,1117855,0.0,0.0
2021-12-13 00:00:00-05:00,16.389999389648438,16.790000915527344,15.199999809265137,15.420000076293945,415305,0.0,0.0
2021-12-14 00:00:00-05:00,15.239999771118164,15.680000305175781,13.850000381469727,14.770000457763672,758331,0.0,0.0
2021-12-15 00:00:00-05:00,14.779999732971191,15.539999961853027,14.160099983215332,15.34000015258789,571666,0.0,0.0
2021-12-16 00:00:00-05:00,15.859999656677246,16.200000762939453,14.520000457763672,14.729999542236328,460537,0.0,0.0
2021-12-17 00:00:00-05:00,14.5,15.300000190734863,13.9399995803833,14.430000305175781,2544696,0.0,0.0
2021-12-20 00:00:00-05:00,14.069999694824219,14.420000076293945,13.460000038146973,14.25,532175,0.0,0.0
2021-12-21 00:00:00-05:00,14.300000190734863,14.89900016784668,14.0,14.199999809265137,194534,0.0,0.0
2021-12-22 00:00:00-05:00,14.09000015258789,14.800000190734863,13.869999885559082,14.739999771118164,227912,0.0,0.0
2021-12-23 00:00:00-05:00,14.65999984741211,15.100000381469727,14.65999984741211,14.979999542236328,151451,0.0,0.0
2021-12-27 00:00:00-05:00,14.949999809265137,15.90999984741211,14.800000190734863,15.65999984741211,241855,0.0,0.0
2021-12-28 00:00:00-05:00,15.670000076293945,15.670000076293945,15.0,15.319999694824219,178115,0.0,0.0
2021-12-29 00:00:00-05:00,15.149999618530273,15.385000228881836,14.770000457763672,15.170000076293945,234868,0.0,0.0
2021-12-30 00:00:00-05:00,15.050000190734863,15.388799667358398,15.0,15.199999809265137,175090,0.0,0.0
2021-12-31 00:00:00-05:00,15.1899995803833,15.75,15.1899995803833,15.630000114440918,309399,0.0,0.0
2022-01-03 00:00:00-05:00,15.579999923706055,15.920000076293945,15.020000457763672,15.479999542236328,339150,0.0,0.0
2022-01-04 00:00:00-05:00,15.5,15.739999771118164,15.0,15.319999694824219,380669,0.0,0.0
2022-01-05 00:00:00-05:00,15.420000076293945,15.550000190734863,14.510000228881836,14.75,293941,0.0,0.0
2022-01-06 00:00:00-05:00,14.600000381469727,15.300000190734863,14.225700378417969,15.170000076293945,268004,0.0,0.0
2022-01-07 00:00:00-05:00,15.149999618530273,15.545000076293945,14.75,14.789999961853027,160453,0.0,0.0
2022-01-10 00:00:00-05:00,15.930000305175781,15.9399995803833,13.600000381469727,14.829999923706055,1003581,0.0,0.0
2022-01-11 00:00:00-05:00,15.079999923706055,16.0,14.5600004196167,15.739999771118164,328551,0.0,0.0
2022-01-12 00:00:00-05:00,16.260000228881836,17.450000762939453,16.0,16.360000610351562,603880,0.0,0.0
2022-01-13 00:00:00-05:00,16.540000915527344,16.979999542236328,16.209999084472656,16.65999984741211,578720,0.0,0.0
2022-01-14 00:00:00-05:00,16.510000228881836,16.829999923706055,15.21150016784668,15.930000305175781,498439,0.0,0.0
2022-01-18 00:00:00-05:00,15.5,15.5,13.550100326538086,13.609999656677246,735586,0.0,0.0
2022-01-19 00:00:00-05:00,13.90999984741211,13.999899864196777,11.75,11.800000190734863,1362322,0.0,0.0
2022-01-20 00:00:00-05:00,11.960000038146973,12.800000190734863,11.65999984741211,11.710000038146973,586296,0.0,0.0
2022-01-21 00:00:00-05:00,11.520000457763672,11.640000343322754,10.529999732971191,10.84000015258789,1405138,0.0,0.0
2022-01-24 00:00:00-05:00,10.380000114440918,12.010000228881836,10.010000228881836,11.979999542236328,951476,0.0,0.0
2022-01-25 00:00:00-05:00,11.59000015258789,11.989999771118164,11.180000305175781,11.579999923706055,461887,0.0,0.0
2022-01-26 00:00:00-05:00,11.899999618530273,11.899999618530273,10.770000457763672,10.850000381469727,502761,0.0,0.0
2022-01-27 00:00:00-05:00,11.069999694824219,11.069999694824219,9.949999809265137,10.289999961853027,629601,0.0,0.0
2022-01-28 00:00:00-05:00,10.210000038146973,11.109999656677246,9.800000190734863,10.9399995803833,624055,0.0,0.0
2022-01-31 00:00:00-05:00,10.90999984741211,11.600000381469727,10.739999771118164,11.15999984741211,471781,0.0,0.0
2022-02-01 00:00:00-05:00,11.40999984741211,12.1899995803833,11.029999732971191,12.050000190734863,556794,0.0,0.0
2022-02-02 00:00:00-05:00,12.170000076293945,12.170000076293945,10.75,10.930000305175781,656548,0.0,0.0
2022-02-03 00:00:00-05:00,10.640000343322754,10.949999809265137,9.930000305175781,10.270000457763672,667613,0.0,0.0
2022-02-04 00:00:00-05:00,10.210000038146973,10.529999732971191,9.5,10.100000381469727,922866,0.0,0.0
2022-02-07 00:00:00-05:00,10.180000305175781,10.6899995803833,9.869999885559082,10.25,506616,0.0,0.0
2022-02-08 00:00:00-05:00,10.1899995803833,10.65999984741211,10.010000228881836,10.579999923706055,187410,0.0,0.0
2022-02-09 00:00:00-05:00,10.739999771118164,11.670000076293945,10.619999885559082,11.229999542236328,431469,0.0,0.0
2022-02-10 00:00:00-05:00,10.829999923706055,11.5,10.600000381469727,10.8100004196167,299589,0.0,0.0
2022-02-11 00:00:00-05:00,10.75,11.25,10.489999771118164,10.680000305175781,226514,0.0,0.0
2022-02-14 00:00:00-05:00,10.670000076293945,11.180800437927246,10.5600004196167,10.90999984741211,225008,0.0,0.0
2022-02-15 00:00:00-05:00,11.1899995803833,11.600000381469727,10.75,11.119999885559082,379604,0.0,0.0
2022-02-16 00:00:00-05:00,11.029999732971191,11.111499786376953,10.170000076293945,10.420000076293945,338127,0.0,0.0
2022-02-17 00:00:00-05:00,10.25,10.494999885559082,9.779999732971191,9.869999885559082,245483,0.0,0.0
2022-02-18 00:00:00-05:00,9.850000381469727,10.289999961853027,9.630000114440918,9.800000190734863,162729,0.0,0.0
2022-02-22 00:00:00-05:00,9.710000038146973,10.199999809265137,9.390000343322754,9.6899995803833,377972,0.0,0.0
2022-02-23 00:00:00-05:00,9.84000015258789,9.84000015258789,9.260000228881836,9.270000457763672,170667,0.0,0.0
2022-02-24 00:00:00-05:00,8.970000267028809,10.145000457763672,8.744999885559082,10.109999656677246,344461,0.0,0.0
2022-02-25 00:00:00-05:00,10.1899995803833,10.46500015258789,9.699999809265137,10.319999694824219,251159,0.0,0.0
2022-02-28 00:00:00-05:00,10.210000038146973,10.770000457763672,10.0,10.5600004196167,521901,0.0,0.0
2022-03-01 00:00:00-05:00,10.40999984741211,10.75,9.680000305175781,9.760000228881836,427693,0.0,0.0
2022-03-02 00:00:00-05:00,9.819999694824219,10.239999771118164,9.550000190734863,10.199999809265137,452395,0.0,0.0
2022-03-03 00:00:00-05:00,10.210000038146973,10.460000038146973,9.819999694824219,9.970000267028809,212660,0.0,0.0
2022-03-04 00:00:00-05:00,9.859999656677246,9.994999885559082,9.210000038146973,9.40999984741211,296204,0.0,0.0
2022-03-07 00:00:00-05:00,9.40999984741211,9.539999961853027,8.770000457763672,8.770000457763672,394938,0.0,0.0
2022-03-08 00:00:00-05:00,8.819999694824219,9.8100004196167,8.510000228881836,9.029999732971191,379211,0.0,0.0
2022-03-09 00:00:00-05:00,9.279999732971191,9.729999542236328,9.229999542236328,9.640000343322754,438051,0.0,0.0
2022-03-10 00:00:00-05:00,9.489999771118164,9.949999809265137,9.359999656677246,9.710000038146973,678661,0.0,0.0
2022-03-11 00:00:00-05:00,9.779999732971191,9.930000305175781,9.210000038146973,9.229999542236328,477338,0.0,0.0
2022-03-14 00:00:00-04:00,9.260000228881836,9.760000228881836,9.000100135803223,9.449999809265137,710683,0.0,0.0
2022-03-15 00:00:00-04:00,9.600000381469727,10.40999984741211,9.600000381469727,10.010000228881836,622942,0.0,0.0
2022-03-16 00:00:00-04:00,10.079999923706055,10.739999771118164,9.619999885559082,10.109999656677246,495330,0.0,0.0
2022-03-17 00:00:00-04:00,10.0,10.319999694824219,9.760000228881836,9.9399995803833,267369,0.0,0.0
2022-03-18 00:00:00-04:00,9.899999618530273,10.15999984741211,9.729999542236328,10.050000190734863,719524,0.0,0.0
2022-03-21 00:00:00-04:00,9.960000038146973,10.09000015258789,9.680000305175781,9.869999885559082,366058,0.0,0.0
2022-03-22 00:00:00-04:00,9.920000076293945,10.039999961853027,9.520000457763672,9.710000038146973,299689,0.0,0.0
2022-03-23 00:00:00-04:00,9.609999656677246,9.84000015258789,9.425999641418457,9.449999809265137,227114,0.0,0.0
2022-03-24 00:00:00-04:00,9.489999771118164,9.489999771118164,8.699999809265137,8.90999984741211,532768,0.0,0.0
2022-03-25 00:00:00-04:00,8.970000267028809,8.970000267028809,8.09000015258789,8.1899995803833,395203,0.0,0.0
2022-03-28 00:00:00-04:00,8.279999732971191,8.649999618530273,7.800000190734863,8.630000114440918,484473,0.0,0.0
2022-03-29 00:00:00-04:00,8.600000381469727,9.609999656677246,8.470000267028809,9.510000228881836,1000029,0.0,0.0
2022-03-30 00:00:00-04:00,9.5,10.210000038146973,8.859999656677246,8.970000267028809,697781,0.0,0.0
2022-03-31 00:00:00-04:00,8.949999809265137,9.0,8.420000076293945,8.529999732971191,555221,0.0,0.0
2022-04-01 00:00:00-04:00,8.619999885559082,8.799099922180176,8.050000190734863,8.210000038146973,424288,0.0,0.0
2022-04-04 00:00:00-04:00,8.239999771118164,8.239999771118164,7.710000038146973,7.809999942779541,823485,0.0,0.0
2022-04-05 00:00:00-04:00,7.889999866485596,7.929999828338623,7.440000057220459,7.519999980926514,302733,0.0,0.0
2022-04-06 00:00:00-04:00,7.420000076293945,7.420000076293945,7.079999923706055,7.179999828338623,405641,0.0,0.0
2022-04-07 00:00:00-04:00,7.150000095367432,7.440000057220459,7.059999942779541,7.119999885559082,269455,0.0,0.0
2022-04-08 00:00:00-04:00,7.050000190734863,7.484000205993652,6.949999809265137,7.190000057220459,306586,0.0,0.0
2022-04-11 00:00:00-04:00,7.130000114440918,7.449999809265137,6.840000152587891,6.900000095367432,452809,0.0,0.0
2022-04-12 00:00:00-04:00,6.869999885559082,7.105100154876709,6.679999828338623,6.739999771118164,235043,0.0,0.0
2022-04-13 00:00:00-04:00,6.710000038146973,6.954999923706055,6.625,6.820000171661377,434543,0.0,0.0
2022-04-14 00:00:00-04:00,6.829999923706055,6.999899864196777,6.54010009765625,6.639999866485596,386568,0.0,0.0
2022-04-18 00:00:00-04:00,6.699999809265137,6.699999809265137,6.0,6.199999809265137,408053,0.0,0.0
2022-04-19 00:00:00-04:00,6.199999809265137,6.599999904632568,6.199999809265137,6.329999923706055,409975,0.0,0.0
2022-04-20 00:00:00-04:00,6.860000133514404,6.889999866485596,6.059999942779541,6.579999923706055,938473,0.0,0.0
2022-04-21 00:00:00-04:00,6.730000019073486,6.960000038146973,6.600100040435791,6.71999979019165,284789,0.0,0.0
2022-04-22 00:00:00-04:00,6.659999847412109,6.730000019073486,6.385000228881836,6.480000019073486,281915,0.0,0.0
2022-04-25 00:00:00-04:00,6.480000019073486,7.324999809265137,6.309999942779541,7.0,785522,0.0,0.0
2022-04-26 00:00:00-04:00,7.050000190734863,7.059999942779541,6.360000133514404,6.5,565603,0.0,0.0
2022-04-27 00:00:00-04:00,6.489999771118164,6.75,6.130000114440918,6.199999809265137,413614,0.0,0.0
2022-04-28 00:00:00-04:00,6.369999885559082,6.5,6.03000020980835,6.309999942779541,324179,0.0,0.0
2022-04-29 00:00:00-04:00,6.300000190734863,6.400000095367432,5.929999828338623,5.96999979019165,312412,0.0,0.0
2022-05-02 00:00:00-04:00,5.989999771118164,6.429999828338623,5.900000095367432,6.360000133514404,490182,0.0,0.0
2022-05-03 00:00:00-04:00,6.380000114440918,6.53000020980835,6.212399959564209,6.5,343997,0.0,0.0
2022-05-04 00:00:00-04:00,6.539999961853027,6.71999979019165,6.099999904632568,6.510000228881836,389287,0.0,0.0
2022-05-05 00:00:00-04:00,6.420000076293945,6.510000228881836,6.035900115966797,6.460000038146973,490909,0.0,0.0
2022-05-06 00:00:00-04:00,6.460000038146973,6.5,5.860000133514404,6.380000114440918,977726,0.0,0.0
2022-05-09 00:00:00-04:00,6.289999961853027,6.289999961853027,5.699999809265137,5.829999923706055,537049,0.0,0.0
2022-05-10 00:00:00-04:00,6.110000133514404,6.135000228881836,5.664999961853027,5.920000076293945,695007,0.0,0.0
2022-05-11 00:00:00-04:00,5.880000114440918,5.960000038146973,4.869999885559082,5.079999923706055,2187302,0.0,0.0
2022-05-12 00:00:00-04:00,4.329999923706055,5.25,4.239999771118164,4.880000114440918,1372188,0.0,0.0
2022-05-13 00:00:00-04:00,4.920000076293945,5.409999847412109,4.760000228881836,4.800000190734863,838519,0.0,0.0
2022-05-16 00:00:00-04:00,4.900000095367432,4.900000095367432,4.031000137329102,4.210000038146973,852243,0.0,0.0
2022-05-17 00:00:00-04:00,4.610000133514404,4.690000057220459,4.130000114440918,4.289999961853027,964657,0.0,0.0
2022-05-18 00:00:00-04:00,4.130000114440918,4.329999923706055,4.010000228881836,4.090000152587891,515980,0.0,0.0
2022-05-19 00:00:00-04:00,4.070000171661377,4.260000228881836,4.070000171661377,4.170000076293945,475242,0.0,0.0
2022-05-20 00:00:00-04:00,4.21999979019165,4.260000228881836,3.8299999237060547,4.130000114440918,378892,0.0,0.0
2022-05-23 00:00:00-04:00,4.139999866485596,4.230000019073486,3.950000047683716,4.070000171661377,306572,0.0,0.0
2022-05-24 00:00:00-04:00,4.019999980926514,4.019999980926514,3.6600000858306885,3.890000104904175,372115,0.0,0.0
2022-05-25 00:00:00-04:00,3.880000114440918,4.324999809265137,3.880000114440918,4.309999942779541,628219,0.0,0.0
2022-05-26 00:00:00-04:00,4.409999847412109,4.679999828338623,4.400000095367432,4.559999942779541,834112,0.0,0.0
2022-05-27 00:00:00-04:00,5.159999847412109,5.550000190734863,4.739999771118164,4.940000057220459,2207471,0.0,0.0
2022-05-31 00:00:00-04:00,5.0,5.179999828338623,4.659999847412109,5.03000020980835,970656,0.0,0.0
2022-06-01 00:00:00-04:00,5.090000152587891,5.230000019073486,4.760200023651123,5.039999961853027,880531,0.0,0.0
2022-06-02 00:00:00-04:00,5.059999942779541,5.739999771118164,5.0,5.53000020980835,1751995,0.0,0.0
2022-06-03 00:00:00-04:00,5.53000020980835,5.582499980926514,5.099999904632568,5.210000038146973,1024209,0.0,0.0
2022-06-06 00:00:00-04:00,5.309999942779541,5.340199947357178,5.010000228881836,5.110000133514404,749902,0.0,0.0
2022-06-07 00:00:00-04:00,4.980000019073486,5.289999961853027,4.880000114440918,5.03000020980835,745254,0.0,0.0
2022-06-08 00:00:00-04:00,5.010000228881836,5.2399001121521,4.960000038146973,5.079999923706055,523998,0.0,0.0
2022-06-09 00:00:00-04:00,5.099999904632568,5.099999904632568,4.739999771118164,4.800000190734863,672195,0.0,0.0
2022-06-10 00:00:00-04:00,4.630000114440918,4.798799991607666,4.46999979019165,4.650000095367432,539962,0.0,0.0
2022-06-13 00:00:00-04:00,4.369999885559082,4.484099864959717,4.170000076293945,4.210000038146973,401983,0.0,0.0
2022-06-14 00:00:00-04:00,4.199999809265137,4.21999979019165,4.010000228881836,4.150000095367432,294926,0.0,0.0
2022-06-15 00:00:00-04:00,4.170000076293945,4.269999980926514,4.019999980926514,4.179999828338623,530644,0.0,0.0
2022-06-16 00:00:00-04:00,4.0,4.059999942779541,3.75,3.799999952316284,657057,0.0,0.0
2022-06-17 00:00:00-04:00,3.8299999237060547,4.170000076293945,3.7709999084472656,4.090000152587891,498206,0.0,0.0
2022-06-21 00:00:00-04:00,4.28000020980835,4.389900207519531,4.059999942779541,4.119999885559082,431353,0.0,0.0
2022-06-22 00:00:00-04:00,3.990000009536743,4.289999961853027,3.990000009536743,4.199999809265137,368021,0.0,0.0
2022-06-23 00:00:00-04:00,4.210000038146973,4.699999809265137,4.190000057220459,4.699999809265137,800575,0.0,0.0
2022-06-24 00:00:00-04:00,4.800000190734863,4.929999828338623,4.619999885559082,4.739999771118164,1550779,0.0,0.0
2022-06-27 00:00:00-04:00,4.730000019073486,4.809999942779541,4.550000190734863,4.639999866485596,343687,0.0,0.0
2022-06-28 00:00:00-04:00,4.650000095367432,4.739999771118164,4.28000020980835,4.309999942779541,387850,0.0,0.0
2022-06-29 00:00:00-04:00,4.300000190734863,4.300000190734863,4.130000114440918,4.269999980926514,256242,0.0,0.0
2022-06-30 00:00:00-04:00,4.150000095367432,4.260000228881836,3.9800000190734863,4.059999942779541,369548,0.0,0.0
2022-07-01 00:00:00-04:00,4.039999961853027,4.25,3.9700000286102295,4.170000076293945,193720,0.0,0.0
2022-07-05 00:00:00-04:00,4.150000095367432,4.539999961853027,4.019999980926514,4.539999961853027,482717,0.0,0.0
2022-07-06 00:00:00-04:00,4.489999771118164,4.576900005340576,4.329999923706055,4.510000228881836,259148,0.0,0.0
2022-07-07 00:00:00-04:00,4.550000190734863,4.739999771118164,4.510000228881836,4.610000133514404,336357,0.0,0.0
2022-07-08 00:00:00-04:00,4.670000076293945,4.78000020980835,4.519999980926514,4.78000020980835,289134,0.0,0.0
2022-07-11 00:00:00-04:00,4.789999961853027,4.829100131988525,4.380000114440918,4.389999866485596,209472,0.0,0.0
2022-07-12 00:00:00-04:00,4.409999847412109,4.59499979019165,4.389999866485596,4.480000019073486,142003,0.0,0.0
2022-07-13 00:00:00-04:00,4.380000114440918,4.635000228881836,4.289999961853027,4.539999961853027,177336,0.0,0.0
2022-07-14 00:00:00-04:00,4.440000057220459,4.480000019073486,4.239999771118164,4.300000190734863,257338,0.0,0.0
2022-07-15 00:00:00-04:00,4.340000152587891,4.459199905395508,4.019999980926514,4.210000038146973,471080,0.0,0.0
2022-07-18 00:00:00-04:00,4.239999771118164,4.53000020980835,4.039999961853027,4.389999866485596,348710,0.0,0.0
2022-07-19 00:00:00-04:00,4.440000057220459,4.510000228881836,4.28000020980835,4.420000076293945,239973,0.0,0.0
2022-07-20 00:00:00-04:00,4.480000019073486,4.75,4.429999828338623,4.679999828338623,395390,0.0,0.0
2022-07-21 00:00:00-04:00,4.670000076293945,4.78000020980835,4.571199893951416,4.75,186463,0.0,0.0
2022-07-22 00:00:00-04:00,4.760000228881836,4.889999866485596,4.525000095367432,4.599999904632568,260445,0.0,0.0
2022-07-25 00:00:00-04:00,4.5,4.650000095367432,3.930000066757202,4.110000133514404,1547133,0.0,0.0
2022-07-26 00:00:00-04:00,4.010000228881836,4.340000152587891,4.0,4.170000076293945,589855,0.0,0.0
2022-07-27 00:00:00-04:00,4.179999828338623,4.400000095367432,4.070000171661377,4.349999904632568,379757,0.0,0.0
2022-07-28 00:00:00-04:00,4.300000190734863,4.96999979019165,4.215000152587891,4.889999866485596,713649,0.0,0.0
2022-07-29 00:00:00-04:00,4.860000133514404,5.380000114440918,4.760000228881836,4.989999771118164,905583,0.0,0.0
2022-08-01 00:00:00-04:00,5.03000020980835,5.269999980926514,4.851799964904785,5.010000228881836,697072,0.0,0.0
2022-08-02 00:00:00-04:00,4.980000019073486,5.119999885559082,4.890900135040283,5.079999923706055,254947,0.0,0.0
2022-08-03 00:00:00-04:00,5.190000057220459,5.4899001121521,5.070000171661377,5.380000114440918,487563,0.0,0.0
2022-08-04 00:00:00-04:00,5.409999847412109,5.449999809265137,4.880000114440918,4.900000095367432,451012,0.0,0.0
2022-08-05 00:00:00-04:00,4.760000228881836,4.849999904632568,4.620100021362305,4.760000228881836,445416,0.0,0.0
2022-08-08 00:00:00-04:00,4.800000190734863,5.53000020980835,4.78000020980835,5.5,1236251,0.0,0.0
2022-08-09 00:00:00-04:00,5.989999771118164,6.639999866485596,5.110000133514404,5.380000114440918,1832374,0.0,0.0
2022-08-10 00:00:00-04:00,5.53000020980835,6.098899841308594,5.409999847412109,6.03000020980835,1425750,0.0,0.0
2022-08-11 00:00:00-04:00,6.400000095367432,7.409999847412109,5.390100002288818,6.0,3205008,0.0,0.0
2022-08-12 00:00:00-04:00,6.010000228881836,6.019999980926514,5.449999809265137,5.909999847412109,1422617,0.0,0.0
2022-08-15 00:00:00-04:00,5.769999980926514,5.829999923706055,5.164999961853027,5.239999771118164,1458441,0.0,0.0
2022-08-16 00:00:00-04:00,5.260000228881836,5.840000152587891,5.099999904632568,5.670000076293945,1088468,0.0,0.0
2022-08-17 00:00:00-04:00,5.53000020980835,5.71999979019165,5.379000186920166,5.510000228881836,554416,0.0,0.0
2022-08-18 00:00:00-04:00,5.400000095367432,5.559999942779541,5.139999866485596,5.260000228881836,748503,0.0,0.0
2022-08-19 00:00:00-04:00,5.170000076293945,5.25,4.960000038146973,5.070000171661377,496681,0.0,0.0
2022-08-22 00:00:00-04:00,4.949999809265137,5.130000114440918,4.769999980926514,4.869999885559082,290119,0.0,0.0
2022-08-23 00:00:00-04:00,4.860000133514404,5.090000152587891,4.760000228881836,4.800000190734863,319887,0.0,0.0
2022-08-24 00:00:00-04:00,4.849999904632568,4.889999866485596,4.639999866485596,4.78000020980835,292346,0.0,0.0
2022-08-25 00:00:00-04:00,4.789999961853027,4.860000133514404,4.610000133514404,4.710000038146973,251694,0.0,0.0
2022-08-26 00:00:00-04:00,4.699999809265137,4.960000038146973,4.545000076293945,4.559999942779541,418040,0.0,0.0
2022-08-29 00:00:00-04:00,4.489999771118164,4.558800220489502,4.329999923706055,4.329999923706055,408305,0.0,0.0
2022-08-30 00:00:00-04:00,4.349999904632568,4.400000095367432,4.159999847412109,4.300000190734863,265985,0.0,0.0
2022-08-31 00:00:00-04:00,4.260000228881836,4.320000171661377,4.139999866485596,4.150000095367432,447109,0.0,0.0
2022-09-01 00:00:00-04:00,4.099999904632568,4.179999828338623,4.0,4.070000171661377,412374,0.0,0.0
2022-09-02 00:00:00-04:00,4.099999904632568,4.119999885559082,3.9200000762939453,4.03000020980835,258068,0.0,0.0
2022-09-06 00:00:00-04:00,4.349999904632568,4.389999866485596,4.119999885559082,4.199999809265137,625980,0.0,0.0
2022-09-07 00:00:00-04:00,4.130000114440918,4.340000152587891,4.059999942779541,4.309999942779541,601985,0.0,0.0
2022-09-08 00:00:00-04:00,4.230000019073486,4.489999771118164,4.159999847412109,4.46999979019165,389053,0.0,0.0
2022-09-09 00:00:00-04:00,4.519999980926514,4.880000114440918,4.508999824523926,4.78000020980835,525008,0.0,0.0
2022-09-12 00:00:00-04:00,4.78000020980835,5.269999980926514,4.78000020980835,5.230000019073486,442558,0.0,0.0
2022-09-13 00:00:00-04:00,4.960000038146973,5.210000038146973,4.910099983215332,5.079999923706055,340518,0.0,0.0
2022-09-14 00:00:00-04:00,5.090000152587891,5.119999885559082,4.829999923706055,4.900000095367432,336199,0.0,0.0
2022-09-15 00:00:00-04:00,4.860000133514404,5.300000190734863,4.860000133514404,5.079999923706055,326727,0.0,0.0
2022-09-16 00:00:00-04:00,4.989999771118164,5.03000020980835,4.710000038146973,4.739999771118164,506665,0.0,0.0
2022-09-19 00:00:00-04:00,4.699999809265137,4.829999923706055,4.610000133514404,4.739999771118164,349977,0.0,0.0
2022-09-20 00:00:00-04:00,4.659999847412109,4.699999809265137,4.380000114440918,4.480000019073486,319761,0.0,0.0
2022-09-21 00:00:00-04:00,4.46999979019165,4.53000020980835,4.21999979019165,4.239999771118164,224750,0.0,0.0
2022-09-22 00:00:00-04:00,4.210000038146973,4.289999961853027,4.122200012207031,4.210000038146973,214837,0.0,0.0
2022-09-23 00:00:00-04:00,4.119999885559082,4.179999828338623,3.9600000381469727,4.110000133514404,275913,0.0,0.0
2022-09-26 00:00:00-04:00,4.119999885559082,4.278900146484375,3.950000047683716,3.9600000381469727,151287,0.0,0.0
2022-09-27 00:00:00-04:00,4.03000020980835,4.25,3.7799999713897705,3.859999895095825,293238,0.0,0.0
2022-09-28 00:00:00-04:00,3.859999895095825,4.130000114440918,3.859999895095825,4.070000171661377,255505,0.0,0.0
2022-09-29 00:00:00-04:00,3.990000009536743,4.03000020980835,3.8299999237060547,3.990000009536743,246199,0.0,0.0
2022-09-30 00:00:00-04:00,3.9600000381469727,4.0,3.759999990463257,3.799999952316284,391368,0.0,0.0
2022-10-03 00:00:00-04:00,3.869999885559082,4.010000228881836,3.75,3.859999895095825,295687,0.0,0.0
2022-10-04 00:00:00-04:00,3.9700000286102295,4.190000057220459,3.9200000762939453,3.9800000190734863,403665,0.0,0.0
2022-10-05 00:00:00-04:00,3.880000114440918,3.9800000190734863,3.819999933242798,3.940000057220459,242948,0.0,0.0
2022-10-06 00:00:00-04:00,4.0,4.068399906158447,3.890000104904175,3.9100000858306885,223733,0.0,0.0
2022-10-07 00:00:00-04:00,3.890000104904175,3.940000057220459,3.762700080871582,3.8399999141693115,270395,0.0,0.0
2022-10-10 00:00:00-04:00,3.8499999046325684,3.859999895095825,3.684999942779541,3.8299999237060547,206173,0.0,0.0
2022-10-11 00:00:00-04:00,3.8299999237060547,3.9800000190734863,3.759999990463257,3.9600000381469727,188670,0.0,0.0
2022-10-12 00:00:00-04:00,3.950000047683716,4.050000190734863,3.869999885559082,4.039999961853027,200875,0.0,0.0
2022-10-13 00:00:00-04:00,3.9200000762939453,4.139999866485596,3.799999952316284,4.119999885559082,279285,0.0,0.0
2022-10-14 00:00:00-04:00,4.230000019073486,4.230000019073486,3.9000000953674316,3.9000000953674316,218851,0.0,0.0
2022-10-17 00:00:00-04:00,4.059999942779541,4.110000133514404,3.940000057220459,4.010000228881836,166291,0.0,0.0
2022-10-18 00:00:00-04:00,4.190000057220459,4.278500080108643,4.050000190734863,4.130000114440918,150954,0.0,0.0
2022-10-19 00:00:00-04:00,4.119999885559082,4.139999866485596,3.9800000190734863,4.019999980926514,141243,0.0,0.0
2022-10-20 00:00:00-04:00,4.0,4.059999942779541,3.680000066757202,3.75,496908,0.0,0.0
2022-10-21 00:00:00-04:00,3.759999990463257,3.8299999237060547,3.501499891281128,3.759999990463257,281185,0.0,0.0
2022-10-24 00:00:00-04:00,3.7699999809265137,3.8399999141693115,3.6500000953674316,3.6600000858306885,169323,0.0,0.0
2022-10-25 00:00:00-04:00,3.7100000381469727,4.21999979019165,3.7100000381469727,3.9100000858306885,433613,0.0,0.0
2022-10-26 00:00:00-04:00,3.944999933242798,4.090000152587891,3.884999990463257,4.03000020980835,153057,0.0,0.0
2022-10-27 00:00:00-04:00,4.090000152587891,4.309999942779541,4.039999961853027,4.119999885559082,144334,0.0,0.0
2022-10-28 00:00:00-04:00,4.159999847412109,4.380000114440918,4.019999980926514,4.210000038146973,128983,0.0,0.0
2022-10-31 00:00:00-04:00,4.199999809265137,4.25,4.050000190734863,4.130000114440918,224872,0.0,0.0
2022-11-01 00:00:00-04:00,4.179999828338623,4.309999942779541,4.0,4.179999828338623,222984,0.0,0.0
2022-11-02 00:00:00-04:00,4.269999980926514,4.269999980926514,3.990000009536743,3.990000009536743,149321,0.0,0.0
2022-11-03 00:00:00-04:00,3.930000066757202,4.144999980926514,3.9200000762939453,4.119999885559082,86938,0.0,0.0
2022-11-04 00:00:00-04:00,4.119999885559082,4.21999979019165,4.039999961853027,4.070000171661377,262429,0.0,0.0
2022-11-07 00:00:00-05:00,4.119999885559082,4.329999923706055,4.0,4.239999771118164,341357,0.0,0.0
2022-11-08 00:00:00-05:00,4.28000020980835,4.440000057220459,4.099999904632568,4.349999904632568,280067,0.0,0.0
2022-11-09 00:00:00-05:00,4.349999904632568,4.46999979019165,4.019999980926514,4.03000020980835,233201,0.0,0.0
2022-11-10 00:00:00-05:00,4.300000190734863,4.659999847412109,4.179999828338623,4.489999771118164,320207,0.0,0.0
2022-11-11 00:00:00-05:00,4.460000038146973,5.0,4.409999847412109,5.0,404015,0.0,0.0
2022-11-14 00:00:00-05:00,4.900000095367432,4.980000019073486,4.679999828338623,4.880000114440918,185406,0.0,0.0
2022-11-15 00:00:00-05:00,5.0,5.150000095367432,4.900000095367432,5.070000171661377,277529,0.0,0.0
2022-11-16 00:00:00-05:00,4.96999979019165,4.96999979019165,4.630000114440918,4.670000076293945,137496,0.0,0.0
2022-11-17 00:00:00-05:00,4.739999771118164,4.739999771118164,4.400000095367432,4.510000228881836,182284,0.0,0.0
2022-11-18 00:00:00-05:00,4.590000152587891,4.639999866485596,4.239999771118164,4.309999942779541,145759,0.0,0.0
2022-11-21 00:00:00-05:00,4.260000228881836,4.309999942779541,4.139200210571289,4.199999809265137,82501,0.0,0.0
2022-11-22 00:00:00-05:00,4.25,4.300000190734863,4.110000133514404,4.21999979019165,95369,0.0,0.0
2022-11-23 00:00:00-05:00,4.21999979019165,4.313700199127197,4.110000133514404,4.210000038146973,73892,0.0,0.0
2022-11-25 00:00:00-05:00,4.269999980926514,4.389999866485596,4.21999979019165,4.230000019073486,54430,0.0,0.0
2022-11-28 00:00:00-05:00,4.190000057220459,4.31850004196167,4.119999885559082,4.179999828338623,118451,0.0,0.0
2022-11-29 00:00:00-05:00,4.199999809265137,4.239999771118164,4.119999885559082,4.159999847412109,76169,0.0,0.0
2022-11-30 00:00:00-05:00,4.25,4.449999809265137,4.179999828338623,4.349999904632568,192446,0.0,0.0
2022-12-01 00:00:00-05:00,4.400000095367432,4.400000095367432,4.190100193023682,4.340000152587891,72199,0.0,0.0
2022-12-02 00:00:00-05:00,4.239999771118164,4.53000020980835,4.239999771118164,4.440000057220459,153633,0.0,0.0
2022-12-05 00:00:00-05:00,4.409999847412109,4.539999961853027,4.309999942779541,4.389999866485596,111445,0.0,0.0
2022-12-06 00:00:00-05:00,4.380000114440918,4.394999980926514,4.25,4.28000020980835,103685,0.0,0.0
2022-12-07 00:00:00-05:00,4.28000020980835,4.379899978637695,4.210000038146973,4.269999980926514,129961,0.0,0.0
2022-12-08 00:00:00-05:00,4.320000171661377,4.323500156402588,4.190000057220459,4.300000190734863,124410,0.0,0.0
2022-12-09 00:00:00-05:00,4.239999771118164,4.289999961853027,4.164999961853027,4.239999771118164,124920,0.0,0.0
2022-12-12 00:00:00-05:00,4.380000114440918,4.380000114440918,4.150000095367432,4.199999809265137,149035,0.0,0.0
2022-12-13 00:00:00-05:00,4.380000114440918,4.380000114440918,4.103300094604492,4.260000228881836,331628,0.0,0.0
2022-12-14 00:00:00-05:00,4.269999980926514,4.270699977874756,3.923799991607666,3.990000009536743,459345,0.0,0.0
2022-12-15 00:00:00-05:00,3.880000114440918,4.019999980926514,3.869999885559082,3.9700000286102295,359848,0.0,0.0
2022-12-16 00:00:00-05:00,3.9100000858306885,3.9798998832702637,3.799999952316284,3.809999942779541,305444,0.0,0.0
2022-12-19 00:00:00-05:00,3.869999885559082,3.869999885559082,3.490000009536743,3.549999952316284,307284,0.0,0.0
2022-12-20 00:00:00-05:00,3.5899999141693115,3.7797999382019043,3.5299999713897705,3.5999999046325684,208707,0.0,0.0
2022-12-21 00:00:00-05:00,3.640000104904175,3.7699999809265137,3.559999942779541,3.75,171640,0.0,0.0
2022-12-22 00:00:00-05:00,3.690000057220459,3.7699999809265137,3.533799886703491,3.5999999046325684,144211,0.0,0.0
2022-12-23 00:00:00-05:00,3.5999999046325684,3.6600000858306885,3.509999990463257,3.5799999237060547,133771,0.0,0.0
2022-12-27 00:00:00-05:00,3.5799999237060547,3.6050000190734863,3.509999990463257,3.5399999618530273,101979,0.0,0.0
2022-12-28 00:00:00-05:00,3.5299999713897705,3.569999933242798,3.4000000953674316,3.4100000858306885,103389,0.0,0.0
2022-12-29 00:00:00-05:00,3.430000066757202,3.609999895095825,3.390000104904175,3.5899999141693115,221868,0.0,0.0
2022-12-30 00:00:00-05:00,3.5399999618530273,3.7260000705718994,3.5399999618530273,3.7200000286102295,238292,0.0,0.0
2023-01-03 00:00:00-05:00,3.799999952316284,3.869999885559082,3.640000104904175,3.700000047683716,143272,0.0,0.0
2023-01-04 00:00:00-05:00,3.7799999713897705,4.079999923706055,3.6500000953674316,4.010000228881836,286093,0.0,0.0
2023-01-05 00:00:00-05:00,3.950000047683716,4.050000190734863,3.809999942779541,3.9100000858306885,116036,0.0,0.0
2023-01-06 00:00:00-05:00,3.950000047683716,4.045000076293945,3.840100049972534,3.9100000858306885,189342,0.0,0.0
2023-01-09 00:00:00-05:00,3.950000047683716,4.090000152587891,3.940000057220459,4.03000020980835,104527,0.0,0.0
2023-01-10 00:00:00-05:00,4.010000228881836,4.110000133514404,3.9704999923706055,4.0,89468,0.0,0.0
2023-01-11 00:00:00-05:00,4.070000171661377,4.21999979019165,4.0,4.03000020980835,111642,0.0,0.0
2023-01-12 00:00:00-05:00,4.079999923706055,4.135700225830078,3.990000009536743,4.090000152587891,177931,0.0,0.0
2023-01-13 00:00:00-05:00,4.039999961853027,4.135000228881836,4.0,4.130000114440918,85412,0.0,0.0
2023-01-17 00:00:00-05:00,4.139999866485596,4.239999771118164,4.079999923706055,4.099999904632568,147699,0.0,0.0
2023-01-18 00:00:00-05:00,4.150000095367432,4.28000020980835,4.010000228881836,4.070000171661377,215529,0.0,0.0
2023-01-19 00:00:00-05:00,4.019999980926514,4.125,3.984999895095825,4.03000020980835,101748,0.0,0.0
2023-01-20 00:00:00-05:00,4.090000152587891,4.269999980926514,4.050000190734863,4.239999771118164,197711,0.0,0.0
2023-01-23 00:00:00-05:00,4.239999771118164,4.429999828338623,4.199999809265137,4.400000095367432,225771,0.0,0.0
2023-01-24 00:00:00-05:00,4.394999980926514,4.559999942779541,4.309999942779541,4.309999942779541,108346,0.0,0.0
2023-01-25 00:00:00-05:00,4.230000019073486,4.239999771118164,3.984999895095825,4.130000114440918,178123,0.0,0.0
2023-01-26 00:00:00-05:00,4.199999809265137,4.320000171661377,4.082499980926514,4.300000190734863,101987,0.0,0.0
2023-01-27 00:00:00-05:00,4.21999979019165,4.349999904632568,4.130000114440918,4.21999979019165,259901,0.0,0.0
2023-01-30 00:00:00-05:00,4.21999979019165,4.460000038146973,4.190000057220459,4.360000133514404,263112,0.0,0.0
2023-01-31 00:00:00-05:00,4.429999828338623,4.559999942779541,4.380000114440918,4.420000076293945,171081,0.0,0.0
2023-02-01 00:00:00-05:00,4.440000057220459,4.769999980926514,4.40500020980835,4.699999809265137,251883,0.0,0.0
2023-02-02 00:00:00-05:00,4.789999961853027,5.03000020980835,4.460000038146973,4.820000171661377,497604,0.0,0.0
2023-02-03 00:00:00-05:00,4.730000019073486,4.999000072479248,4.570000171661377,4.940000057220459,375260,0.0,0.0
2023-02-06 00:00:00-05:00,4.860000133514404,4.949999809265137,4.670000076293945,4.800000190734863,238163,0.0,0.0
2023-02-07 00:00:00-05:00,4.760000228881836,4.760000228881836,4.400000095367432,4.579999923706055,134822,0.0,0.0
2023-02-08 00:00:00-05:00,4.5,4.579999923706055,4.409999847412109,4.46999979019165,98827,0.0,0.0
2023-02-09 00:00:00-05:00,4.559999942779541,4.565000057220459,4.295000076293945,4.309999942779541,64904,0.0,0.0
2023-02-10 00:00:00-05:00,4.340000152587891,4.340000152587891,4.210000038146973,4.289999961853027,81178,0.0,0.0
2023-02-13 00:00:00-05:00,4.28000020980835,4.335000038146973,4.19379997253418,4.260000228881836,114092,0.0,0.0
2023-02-14 00:00:00-05:00,4.21999979019165,4.264999866485596,4.159999847412109,4.21999979019165,168747,0.0,0.0
2023-02-15 00:00:00-05:00,4.21999979019165,4.360000133514404,4.190000057220459,4.329999923706055,134693,0.0,0.0
2023-02-16 00:00:00-05:00,4.25,4.349999904632568,4.179999828338623,4.210000038146973,70475,0.0,0.0
2023-02-17 00:00:00-05:00,4.199999809265137,4.25,4.050000190734863,4.119999885559082,124278,0.0,0.0
2023-02-21 00:00:00-05:00,4.119999885559082,4.184000015258789,4.0,4.0,128463,0.0,0.0
2023-02-22 00:00:00-05:00,4.050000190734863,4.230000019073486,4.045000076293945,4.139999866485596,104123,0.0,0.0
2023-02-23 00:00:00-05:00,4.170000076293945,4.2204999923706055,4.019999980926514,4.150000095367432,72185,0.0,0.0
2023-02-24 00:00:00-05:00,4.150000095367432,4.150000095367432,4.0,4.070000171661377,122345,0.0,0.0
2023-02-27 00:00:00-05:00,4.150000095367432,4.159900188446045,4.03000020980835,4.059999942779541,65016,0.0,0.0
2023-02-28 00:00:00-05:00,4.059999942779541,4.199999809265137,4.059999942779541,4.130000114440918,98101,0.0,0.0
2023-03-01 00:00:00-05:00,4.139999866485596,4.190000057220459,3.9700000286102295,4.059999942779541,132291,0.0,0.0
2023-03-02 00:00:00-05:00,4.0,4.079999923706055,3.940000057220459,4.059999942779541,60892,0.0,0.0
2023-03-03 00:00:00-05:00,3.990000009536743,4.179999828338623,3.9800000190734863,4.159999847412109,117410,0.0,0.0
2023-03-06 00:00:00-05:00,4.230000019073486,4.230000019073486,3.799999952316284,3.880000114440918,371941,0.0,0.0
2023-03-07 00:00:00-05:00,3.9100000858306885,4.079999923706055,3.8399999141693115,3.9200000762939453,101820,0.0,0.0
2023-03-08 00:00:00-05:00,3.930000066757202,4.03000020980835,3.819999933242798,4.019999980926514,145222,0.0,0.0
2023-03-09 00:00:00-05:00,4.429999828338623,5.590000152587891,4.360000133514404,4.53000020980835,4024618,0.0,0.0
2023-03-10 00:00:00-05:00,4.800000190734863,5.71999979019165,4.639999866485596,5.489999771118164,3566447,0.0,0.0
2023-03-13 00:00:00-04:00,5.480000019073486,6.460000038146973,5.179999828338623,6.230000019073486,1974180,0.0,0.0
2023-03-14 00:00:00-04:00,6.269999980926514,6.75,6.090000152587891,6.690000057220459,1000776,0.0,0.0
2023-03-15 00:00:00-04:00,6.389999866485596,6.590000152587891,6.204999923706055,6.289999961853027,669932,0.0,0.0
2023-03-16 00:00:00-04:00,6.239999771118164,6.289999961853027,5.860000133514404,5.949999809265137,565364,0.0,0.0
2023-03-17 00:00:00-04:00,6.050000190734863,6.869999885559082,6.050000190734863,6.380000114440918,884148,0.0,0.0
2023-03-20 00:00:00-04:00,6.385000228881836,6.579999923706055,6.099999904632568,6.510000228881836,354382,0.0,0.0
2023-03-21 00:00:00-04:00,6.510000228881836,6.804999828338623,6.421500205993652,6.599999904632568,278593,0.0,0.0
2023-03-22 00:00:00-04:00,6.599999904632568,6.7947001457214355,6.449999809265137,6.46999979019165,217688,0.0,0.0
2023-03-23 00:00:00-04:00,6.579999923706055,6.909999847412109,6.53000020980835,6.539999961853027,537191,0.0,0.0
2023-03-24 00:00:00-04:00,6.480000019073486,6.840000152587891,6.360000133514404,6.760000228881836,273558,0.0,0.0
2023-03-27 00:00:00-04:00,6.849999904632568,7.150000095367432,6.781499862670898,6.889999866485596,317633,0.0,0.0
2023-03-28 00:00:00-04:00,6.960000038146973,7.005000114440918,6.650000095367432,6.71999979019165,229188,0.0,0.0
2023-03-29 00:00:00-04:00,6.739999771118164,6.909900188446045,6.659999847412109,6.820000171661377,199885,0.0,0.0
2023-03-30 00:00:00-04:00,6.949999809265137,7.21999979019165,6.866000175476074,7.03000020980835,291398,0.0,0.0
2023-03-31 00:00:00-04:00,7.179999828338623,7.199999809265137,6.920499801635742,7.179999828338623,273691,0.0,0.0
2023-04-03 00:00:00-04:00,7.25,7.579999923706055,7.070000171661377,7.570000171661377,567029,0.0,0.0
2023-04-04 00:00:00-04:00,7.670000076293945,8.029999732971191,7.630000114440918,8.010000228881836,719858,0.0,0.0
2023-04-05 00:00:00-04:00,8.100000381469727,8.164999961853027,7.590000152587891,7.860000133514404,1154861,0.0,0.0
2023-04-06 00:00:00-04:00,7.809999942779541,8.130000114440918,7.75,8.029999732971191,434964,0.0,0.0
2023-04-10 00:00:00-04:00,8.029999732971191,8.270000457763672,7.929999828338623,8.239999771118164,484088,0.0,0.0
2023-04-11 00:00:00-04:00,8.289999961853027,8.359999656677246,8.0600004196167,8.140000343322754,344088,0.0,0.0
2023-04-12 00:00:00-04:00,8.210000038146973,8.619999885559082,8.15149974822998,8.449999809265137,468183,0.0,0.0
2023-04-13 00:00:00-04:00,8.529999732971191,8.529999732971191,8.119999885559082,8.229999542236328,351700,0.0,0.0
2023-04-14 00:00:00-04:00,8.229999542236328,8.529999732971191,8.140000343322754,8.300000190734863,518322,0.0,0.0
2023-04-17 00:00:00-04:00,8.3100004196167,8.3100004196167,7.540599822998047,8.010000228881836,588597,0.0,0.0
2023-04-18 00:00:00-04:00,8.0600004196167,8.15999984741211,7.909999847412109,7.949999809265137,310454,0.0,0.0
2023-04-19 00:00:00-04:00,7.809999942779541,8.050000190734863,7.730000019073486,7.880000114440918,331509,0.0,0.0
2023-04-20 00:00:00-04:00,7.710000038146973,8.239999771118164,7.679999828338623,8.050000190734863,386071,0.0,0.0
2023-04-21 00:00:00-04:00,8.0600004196167,8.300000190734863,8.010000228881836,8.119999885559082,347538,0.0,0.0
2023-04-24 00:00:00-04:00,8.180000305175781,8.279999732971191,7.909999847412109,8.109999656677246,289674,0.0,0.0
2023-04-25 00:00:00-04:00,8.079999923706055,8.079999923706055,7.75,7.800000190734863,152352,0.0,0.0
2023-04-26 00:00:00-04:00,7.800000190734863,7.909999847412109,7.650000095367432,7.78000020980835,171544,0.0,0.0
2023-04-27 00:00:00-04:00,7.78000020980835,7.920000076293945,7.735000133514404,7.860000133514404,198413,0.0,0.0
2023-04-28 00:00:00-04:00,7.829999923706055,8.123499870300293,7.800000190734863,7.989999771118164,301410,0.0,0.0
2023-05-01 00:00:00-04:00,7.96999979019165,8.249899864196777,7.69189977645874,7.71999979019165,289252,0.0,0.0
2023-05-02 00:00:00-04:00,7.769999980926514,7.880000114440918,7.420000076293945,7.489999771118164,244149,0.0,0.0
2023-05-03 00:00:00-04:00,7.510000228881836,7.804999828338623,7.449999809265137,7.519999980926514,423845,0.0,0.0
2023-05-04 00:00:00-04:00,8.1899995803833,8.855600357055664,7.260000228881836,7.400000095367432,1145757,0.0,0.0
2023-05-05 00:00:00-04:00,7.5,7.679999828338623,7.090000152587891,7.130000114440918,373217,0.0,0.0
2023-05-08 00:00:00-04:00,7.21999979019165,7.21999979019165,6.590099811553955,6.829999923706055,687340,0.0,0.0
2023-05-09 00:00:00-04:00,6.820000171661377,7.179999828338623,6.720099925994873,7.019999980926514,295486,0.0,0.0
2023-05-10 00:00:00-04:00,7.130000114440918,7.130000114440918,6.829999923706055,6.909999847412109,211277,0.0,0.0
2023-05-11 00:00:00-04:00,6.150000095367432,6.150000095367432,5.519999980926514,5.690000057220459,1545781,0.0,0.0
2023-05-12 00:00:00-04:00,5.230000019073486,5.260000228881836,5.045000076293945,5.159999847412109,7000956,0.0,0.0
2023-05-15 00:00:00-04:00,5.150000095367432,5.309999942779541,4.989999771118164,5.190000057220459,1469297,0.0,0.0
2023-05-16 00:00:00-04:00,5.150000095367432,5.260000228881836,5.079999923706055,5.230000019073486,1888593,0.0,0.0
2023-05-17 00:00:00-04:00,5.21999979019165,5.340000152587891,5.110000133514404,5.239999771118164,1187768,0.0,0.0
2023-05-18 00:00:00-04:00,5.239999771118164,5.289999961853027,5.019999980926514,5.170000076293945,837852,0.0,0.0
2023-05-19 00:00:00-04:00,5.150000095367432,5.190000057220459,5.019999980926514,5.090000152587891,559623,0.0,0.0
2023-05-22 00:00:00-04:00,5.070000171661377,5.170000076293945,4.949999809265137,5.119999885559082,722555,0.0,0.0
2023-05-23 00:00:00-04:00,5.099999904632568,5.260000228881836,5.03000020980835,5.050000190734863,503523,0.0,0.0
2023-05-24 00:00:00-04:00,5.090000152587891,5.110000133514404,5.0,5.039999961853027,1047928,0.0,0.0
2023-05-25 00:00:00-04:00,5.010000228881836,5.070000171661377,4.760000228881836,4.78000020980835,1648065,0.0,0.0
2023-05-26 00:00:00-04:00,4.699999809265137,4.730000019073486,4.309999942779541,4.320000171661377,1838512,0.0,0.0
2023-05-30 00:00:00-04:00,4.340000152587891,4.369999885559082,4.079999923706055,4.150000095367432,1078505,0.0,0.0
2023-05-31 00:00:00-04:00,4.099999904632568,4.144999980926514,3.9800000190734863,4.119999885559082,860562,0.0,0.0
2023-06-01 00:00:00-04:00,4.110000133514404,4.329999923706055,4.010000228881836,4.190000057220459,1301449,0.0,0.0
2023-06-02 00:00:00-04:00,4.199999809265137,4.380000114440918,4.199999809265137,4.360000133514404,545566,0.0,0.0
2023-06-05 00:00:00-04:00,4.389999866485596,4.489999771118164,4.34499979019165,4.360000133514404,505307,0.0,0.0
2023-06-06 00:00:00-04:00,4.349999904632568,4.809999942779541,4.300000190734863,4.800000190734863,860816,0.0,0.0
2023-06-07 00:00:00-04:00,4.769999980926514,4.980000019073486,4.769999980926514,4.960000038146973,739640,0.0,0.0
2023-06-08 00:00:00-04:00,4.960000038146973,4.960000038146973,4.690000057220459,4.710000038146973,424194,0.0,0.0
2023-06-09 00:00:00-04:00,4.760000228881836,5.039999961853027,4.659999847412109,5.039999961853027,633853,0.0,0.0
2023-06-12 00:00:00-04:00,5.039999961853027,5.119999885559082,4.810100078582764,5.099999904632568,617565,0.0,0.0
2023-06-13 00:00:00-04:00,5.059999942779541,5.389999866485596,5.050000190734863,5.269999980926514,842509,0.0,0.0
2023-06-14 00:00:00-04:00,5.369999885559082,5.510000228881836,5.159999847412109,5.25,808423,0.0,0.0
2023-06-15 00:00:00-04:00,5.239999771118164,5.300000190734863,5.010000228881836,5.239999771118164,668916,0.0,0.0
2023-06-16 00:00:00-04:00,5.309999942779541,5.309999942779541,5.019999980926514,5.03000020980835,831115,0.0,0.0
2023-06-20 00:00:00-04:00,5.019999980926514,5.019999980926514,4.739999771118164,5.0,601184,0.0,0.0
2023-06-21 00:00:00-04:00,5.0,5.110000133514404,4.940000057220459,5.090000152587891,390006,0.0,0.0
2023-06-22 00:00:00-04:00,5.059999942779541,5.340000152587891,4.960000038146973,5.159999847412109,394686,0.0,0.0
2023-06-23 00:00:00-04:00,5.119999885559082,5.309999942779541,5.059999942779541,5.099999904632568,1206647,0.0,0.0
2023-06-26 00:00:00-04:00,5.099999904632568,5.239999771118164,5.03000020980835,5.150000095367432,328637,0.0,0.0
2023-06-27 00:00:00-04:00,5.190000057220459,5.320000171661377,5.119999885559082,5.309999942779541,498488,0.0,0.0
2023-06-28 00:00:00-04:00,5.320000171661377,5.320000171661377,5.090000152587891,5.289999961853027,633658,0.0,0.0
2023-06-29 00:00:00-04:00,5.28000020980835,5.5,5.25,5.489999771118164,616121,0.0,0.0
2023-06-30 00:00:00-04:00,5.570000171661377,5.699999809265137,5.5,5.659999847412109,733038,0.0,0.0
2023-07-03 00:00:00-04:00,5.71999979019165,5.809999942779541,5.639999866485596,5.639999866485596,222408,0.0,0.0
2023-07-05 00:00:00-04:00,5.630000114440918,5.630000114440918,5.380000114440918,5.519999980926514,422332,0.0,0.0
2023-07-06 00:00:00-04:00,5.46999979019165,5.510000228881836,5.28000020980835,5.389999866485596,367131,0.0,0.0
2023-07-07 00:00:00-04:00,5.380000114440918,5.590000152587891,5.380000114440918,5.420000076293945,492031,0.0,0.0
2023-07-10 00:00:00-04:00,5.480000019073486,5.539999961853027,5.430099964141846,5.510000228881836,504900,0.0,0.0
2023-07-11 00:00:00-04:00,5.539999961853027,5.559999942779541,5.340000152587891,5.409999847412109,451504,0.0,0.0
2023-07-12 00:00:00-04:00,5.46999979019165,5.610000133514404,5.460000038146973,5.579999923706055,395949,0.0,0.0
2023-07-13 00:00:00-04:00,5.599999904632568,5.628699779510498,5.46999979019165,5.510000228881836,349103,0.0,0.0
2023-07-14 00:00:00-04:00,5.510000228881836,5.550000190734863,5.139999866485596,5.210000038146973,330485,0.0,0.0
2023-07-17 00:00:00-04:00,5.199999809265137,5.409999847412109,5.110000133514404,5.409999847412109,477956,0.0,0.0
2023-07-18 00:00:00-04:00,5.400000095367432,5.510000228881836,5.340000152587891,5.349999904632568,482033,0.0,0.0
2023-07-19 00:00:00-04:00,5.409999847412109,5.760000228881836,5.409999847412109,5.639999866485596,476265,0.0,0.0
2023-07-20 00:00:00-04:00,5.610000133514404,5.610000133514404,5.349999904632568,5.480000019073486,407428,0.0,0.0
2023-07-21 00:00:00-04:00,5.489999771118164,5.550000190734863,5.385000228881836,5.449999809265137,243109,0.0,0.0
2023-07-24 00:00:00-04:00,5.440000057220459,5.590000152587891,5.400000095367432,5.570000171661377,366660,0.0,0.0
2023-07-25 00:00:00-04:00,5.559999942779541,5.672699928283691,5.559999942779541,5.650000095367432,250861,0.0,0.0
2023-07-26 00:00:00-04:00,5.619999885559082,5.710000038146973,5.519999980926514,5.670000076293945,370588,0.0,0.0
2023-07-27 00:00:00-04:00,5.699999809265137,5.760000228881836,5.5,5.550000190734863,308222,0.0,0.0
2023-07-28 00:00:00-04:00,5.579999923706055,5.820000171661377,5.559999942779541,5.789999961853027,278182,0.0,0.0
2023-07-31 00:00:00-04:00,5.820000171661377,5.880000114440918,5.769999980926514,5.860000133514404,366398,0.0,0.0
2023-08-01 00:00:00-04:00,5.849999904632568,5.860000133514404,5.71999979019165,5.789999961853027,334915,0.0,0.0
2023-08-02 00:00:00-04:00,5.75,5.75,5.5,5.550000190734863,534989,0.0,0.0
2023-08-03 00:00:00-04:00,5.550000190734863,6.019999980926514,5.440000057220459,5.789999961853027,2654336,0.0,0.0
2023-08-04 00:00:00-04:00,5.889999866485596,6.670000076293945,5.810999870300293,6.119999885559082,1229159,0.0,0.0
2023-08-07 00:00:00-04:00,6.110000133514404,6.21999979019165,5.78000020980835,6.059999942779541,519588,0.0,0.0
2023-08-08 00:00:00-04:00,5.989999771118164,6.079999923706055,5.710999965667725,5.920000076293945,576650,0.0,0.0
2023-08-09 00:00:00-04:00,5.889999866485596,5.934999942779541,5.710000038146973,5.789999961853027,442945,0.0,0.0
2023-08-10 00:00:00-04:00,5.789999961853027,6.0,5.760000228881836,5.809999942779541,420160,0.0,0.0
2023-08-11 00:00:00-04:00,5.789999961853027,5.989999771118164,5.75,5.989999771118164,397775,0.0,0.0
2023-08-14 00:00:00-04:00,5.940000057220459,6.019999980926514,5.699999809265137,5.920000076293945,267346,0.0,0.0
2023-08-15 00:00:00-04:00,5.900000095367432,6.110000133514404,5.739999771118164,6.079999923706055,388206,0.0,0.0
2023-08-16 00:00:00-04:00,6.059999942779541,6.434999942779541,6.059999942779541,6.369999885559082,479922,0.0,0.0
2023-08-17 00:00:00-04:00,6.420000076293945,6.635000228881836,6.385000228881836,6.400000095367432,977721,0.0,0.0
2023-08-18 00:00:00-04:00,6.289999961853027,6.32289981842041,6.144999980926514,6.21999979019165,396361,0.0,0.0
2023-08-21 00:00:00-04:00,6.210000038146973,6.340000152587891,6.139999866485596,6.150000095367432,324686,0.0,0.0
2023-08-22 00:00:00-04:00,6.230000019073486,6.25,5.889999866485596,6.119999885559082,535196,0.0,0.0
2023-08-23 00:00:00-04:00,6.079999923706055,6.182600021362305,6.059999942779541,6.130000114440918,254549,0.0,0.0
2023-08-24 00:00:00-04:00,6.130000114440918,6.130000114440918,5.619999885559082,5.639999866485596,385383,0.0,0.0
2023-08-25 00:00:00-04:00,5.699999809265137,5.789999961853027,5.635000228881836,5.650000095367432,206799,0.0,0.0
2023-08-28 00:00:00-04:00,5.699999809265137,5.710000038146973,5.560200214385986,5.639999866485596,273195,0.0,0.0
2023-08-29 00:00:00-04:00,5.659999847412109,5.764900207519531,5.53000020980835,5.679999828338623,195904,0.0,0.0
2023-08-30 00:00:00-04:00,5.650000095367432,5.840000152587891,5.5,5.760000228881836,282629,0.0,0.0
2023-08-31 00:00:00-04:00,5.739999771118164,5.769999980926514,5.559999942779541,5.590000152587891,305147,0.0,0.0
2023-09-01 00:00:00-04:00,5.599999904632568,5.699999809265137,5.429999828338623,5.449999809265137,243050,0.0,0.0
2023-09-05 00:00:00-04:00,5.440000057220459,5.440000057220459,5.269999980926514,5.380000114440918,256663,0.0,0.0
2023-09-06 00:00:00-04:00,5.349999904632568,5.349999904632568,5.119999885559082,5.269999980926514,432048,0.0,0.0
2023-09-07 00:00:00-04:00,5.260000228881836,5.329999923706055,5.179999828338623,5.199999809265137,605510,0.0,0.0
2023-09-08 00:00:00-04:00,5.230000019073486,5.369999885559082,5.139999866485596,5.239999771118164,346670,0.0,0.0
2023-09-11 00:00:00-04:00,5.300000190734863,5.420000076293945,5.079999923706055,5.079999923706055,385033,0.0,0.0
2023-09-12 00:00:00-04:00,5.070000171661377,5.260000228881836,5.010000228881836,5.019999980926514,268920,0.0,0.0
2023-09-13 00:00:00-04:00,5.0,5.03000020980835,4.71999979019165,4.75,756688,0.0,0.0
2023-09-14 00:00:00-04:00,4.78000020980835,4.849999904632568,4.550000190734863,4.570000171661377,461892,0.0,0.0
2023-09-15 00:00:00-04:00,4.570000171661377,4.599999904632568,4.360000133514404,4.559999942779541,639254,0.0,0.0
2023-09-18 00:00:00-04:00,4.559999942779541,4.769999980926514,4.519999980926514,4.730000019073486,743822,0.0,0.0
2023-09-19 00:00:00-04:00,4.71999979019165,4.84499979019165,4.190000057220459,4.460000038146973,2401754,0.0,0.0
2023-09-20 00:00:00-04:00,4.510000228881836,4.610000133514404,4.400000095367432,4.480000019073486,658080,0.0,0.0
2023-09-21 00:00:00-04:00,4.429999828338623,4.519999980926514,4.389999866485596,4.489999771118164,452331,0.0,0.0
2023-09-22 00:00:00-04:00,4.489999771118164,4.550000190734863,4.40500020980835,4.510000228881836,350071,0.0,0.0
2023-09-25 00:00:00-04:00,4.590000152587891,5.099999904632568,4.590000152587891,4.840000152587891,719425,0.0,0.0
2023-09-26 00:00:00-04:00,4.75,4.7804999351501465,4.425000190734863,4.480000019073486,684155,0.0,0.0
2023-09-27 00:00:00-04:00,4.480000019073486,4.644999980926514,4.454999923706055,4.570000171661377,488218,0.0,0.0
2023-09-28 00:00:00-04:00,4.559999942779541,4.730000019073486,4.449999809265137,4.699999809265137,385076,0.0,0.0
2023-09-29 00:00:00-04:00,4.760000228881836,5.139999866485596,4.760000228881836,5.099999904632568,1030245,0.0,0.0
2023-10-02 00:00:00-04:00,5.099999904632568,5.269999980926514,4.96999979019165,5.260000228881836,918222,0.0,0.0
2023-10-03 00:00:00-04:00,5.239999771118164,5.2795000076293945,4.909999847412109,5.0,772954,0.0,0.0
2023-10-04 00:00:00-04:00,5.010000228881836,5.057600021362305,4.849999904632568,4.900000095367432,434840,0.0,0.0
2023-10-05 00:00:00-04:00,4.880000114440918,4.929999828338623,4.735000133514404,4.829999923706055,459153,0.0,0.0
2023-10-06 00:00:00-04:00,4.829999923706055,4.929999828338623,4.739999771118164,4.829999923706055,380485,0.0,0.0
2023-10-09 00:00:00-04:00,4.829999923706055,4.869999885559082,4.5,4.679999828338623,450204,0.0,0.0
2023-10-10 00:00:00-04:00,4.690000057220459,4.945000171661377,4.690000057220459,4.900000095367432,293214,0.0,0.0
2023-10-11 00:00:00-04:00,4.889999866485596,4.900000095367432,4.46999979019165,4.539999961853027,510459,0.0,0.0
2023-10-12 00:00:00-04:00,4.570000171661377,4.570000171661377,4.375,4.510000228881836,579334,0.0,0.0
2023-10-13 00:00:00-04:00,4.489999771118164,4.570000171661377,4.190000057220459,4.230000019073486,460672,0.0,0.0
2023-10-16 00:00:00-04:00,4.28000020980835,4.53000020980835,4.28000020980835,4.489999771118164,322619,0.0,0.0
2023-10-17 00:00:00-04:00,4.429999828338623,4.610000133514404,4.370100021362305,4.519999980926514,323683,0.0,0.0
2023-10-18 00:00:00-04:00,4.489999771118164,4.489999771118164,4.119999885559082,4.139999866485596,393828,0.0,0.0
2023-10-19 00:00:00-04:00,4.159999847412109,4.235000133514404,4.050000190734863,4.050000190734863,388065,0.0,0.0
2023-10-20 00:00:00-04:00,4.050000190734863,4.130000114440918,3.950000047683716,4.019999980926514,278937,0.0,0.0
2023-10-23 00:00:00-04:00,3.9600000381469727,4.085000038146973,3.8801000118255615,3.9700000286102295,292701,0.0,0.0
2023-10-24 00:00:00-04:00,4.019999980926514,4.09499979019165,3.930000066757202,3.940000057220459,286355,0.0,0.0
2023-10-25 00:00:00-04:00,3.9200000762939453,3.940000057220459,3.7200000286102295,3.7799999713897705,280241,0.0,0.0
2023-10-26 00:00:00-04:00,3.799999952316284,3.927500009536743,3.799999952316284,3.9200000762939453,433849,0.0,0.0
2023-10-27 00:00:00-04:00,3.940000057220459,3.9700000286102295,3.799999952316284,3.8299999237060547,373322,0.0,0.0
2023-10-30 00:00:00-04:00,3.9000000953674316,3.9000000953674316,3.759999990463257,3.819999933242798,375421,0.0,0.0
2023-10-31 00:00:00-04:00,3.859999895095825,3.9000000953674316,3.759999990463257,3.8499999046325684,303445,0.0,0.0
2023-11-01 00:00:00-04:00,3.8499999046325684,3.875,3.684999942779541,3.75,453046,0.0,0.0
2023-11-02 00:00:00-04:00,3.869999885559082,4.019999980926514,3.8399999141693115,4.0,302151,0.0,0.0
2023-11-03 00:00:00-04:00,4.070000171661377,4.289999961853027,4.059999942779541,4.170000076293945,533152,0.0,0.0
2023-11-06 00:00:00-05:00,4.190000057220459,4.224999904632568,3.859999895095825,3.950000047683716,965203,0.0,0.0
2023-11-07 00:00:00-05:00,4.199999809265137,4.75,3.9600000381469727,4.699999809265137,2312939,0.0,0.0
2023-11-08 00:00:00-05:00,4.78000020980835,4.78000020980835,4.40500020980835,4.53000020980835,717639,0.0,0.0
2023-11-09 00:00:00-05:00,4.550000190734863,4.550000190734863,4.239999771118164,4.489999771118164,1280710,0.0,0.0
2023-11-10 00:00:00-05:00,4.449999809265137,4.5,4.360000133514404,4.480000019073486,405469,0.0,0.0
2023-11-13 00:00:00-05:00,4.440000057220459,4.460000038146973,4.300000190734863,4.429999828338623,504212,0.0,0.0
2023-11-14 00:00:00-05:00,4.5,4.710000038146973,4.449999809265137,4.550000190734863,1049813,0.0,0.0
2023-11-15 00:00:00-05:00,4.570000171661377,4.789999961853027,4.480000019073486,4.690000057220459,1005610,0.0,0.0
2023-11-16 00:00:00-05:00,4.650000095367432,4.650000095367432,4.429999828338623,4.590000152587891,389934,0.0,0.0
2023-11-17 00:00:00-05:00,4.650000095367432,4.670000076293945,4.349999904632568,4.650000095367432,517915,0.0,0.0
2023-11-20 00:00:00-05:00,4.690000057220459,5.329999923706055,4.599999904632568,5.300000190734863,2033540,0.0,0.0
2023-11-21 00:00:00-05:00,5.239999771118164,5.445000171661377,5.110000133514404,5.409999847412109,994814,0.0,0.0
2023-11-22 00:00:00-05:00,5.489999771118164,5.554999828338623,5.320000171661377,5.429999828338623,608709,0.0,0.0
2023-11-24 00:00:00-05:00,5.420000076293945,5.539999961853027,5.230000019073486,5.269999980926514,466065,0.0,0.0
2023-11-27 00:00:00-05:00,5.289999961853027,5.40500020980835,5.199999809265137,5.360000133514404,489337,0.0,0.0
2023-11-28 00:00:00-05:00,5.309999942779541,5.409999847412109,5.181300163269043,5.360000133514404,458058,0.0,0.0
2023-11-29 00:00:00-05:00,5.420000076293945,5.5,5.239999771118164,5.349999904632568,433924,0.0,0.0
2023-11-30 00:00:00-05:00,5.349999904632568,5.360000133514404,5.159999847412109,5.210000038146973,397847,0.0,0.0
2023-12-01 00:00:00-05:00,5.179999828338623,5.389999866485596,5.03000020980835,5.380000114440918,478995,0.0,0.0
2023-12-04 00:00:00-05:00,5.309999942779541,5.510000228881836,5.309999942779541,5.429999828338623,359483,0.0,0.0
2023-12-05 00:00:00-05:00,5.429999828338623,5.449999809265137,5.130000114440918,5.150000095367432,341010,0.0,0.0
2023-12-06 00:00:00-05:00,5.199999809265137,5.340000152587891,5.135000228881836,5.150000095367432,562238,0.0,0.0
2023-12-07 00:00:00-05:00,5.130000114440918,5.360000133514404,5.130000114440918,5.349999904632568,333151,0.0,0.0
2023-12-08 00:00:00-05:00,5.320000171661377,5.369999885559082,5.210000038146973,5.210000038146973,282407,0.0,0.0
2023-12-11 00:00:00-05:00,5.190000057220459,5.360000133514404,5.138999938964844,5.329999923706055,301907,0.0,0.0
2023-12-12 00:00:00-05:00,5.150000095367432,5.199999809265137,4.974999904632568,5.110000133514404,592019,0.0,0.0
2023-12-13 00:00:00-05:00,5.050000190734863,5.434999942779541,5.0,5.380000114440918,453623,0.0,0.0
2023-12-14 00:00:00-05:00,5.449999809265137,5.760000228881836,5.434999942779541,5.539999961853027,725678,0.0,0.0
2023-12-15 00:00:00-05:00,5.599999904632568,5.699999809265137,5.369999885559082,5.420000076293945,656567,0.0,0.0
2023-12-18 00:00:00-05:00,5.420000076293945,5.550000190734863,5.329999923706055,5.46999979019165,370310,0.0,0.0
2023-12-19 00:00:00-05:00,5.510000228881836,5.679999828338623,5.429999828338623,5.639999866485596,442108,0.0,0.0
2023-12-20 00:00:00-05:00,5.630000114440918,5.960000038146973,5.505000114440918,5.53000020980835,703480,0.0,0.0
2023-12-21 00:00:00-05:00,5.679999828338623,5.78000020980835,5.570000171661377,5.730000019073486,353073,0.0,0.0
2023-12-22 00:00:00-05:00,5.760000228881836,5.96999979019165,5.724999904632568,5.960000038146973,460703,0.0,0.0
2023-12-26 00:00:00-05:00,5.960000038146973,6.050300121307373,5.840000152587891,6.0,428842,0.0,0.0
2023-12-27 00:00:00-05:00,6.039999961853027,6.210000038146973,5.9959001541137695,6.199999809265137,461575,0.0,0.0
2023-12-28 00:00:00-05:00,6.170000076293945,6.360000133514404,6.099999904632568,6.230000019073486,616138,0.0,0.0
2023-12-29 00:00:00-05:00,6.21999979019165,6.28000020980835,6.110000133514404,6.159999847412109,439229,0.0,0.0
2024-01-02 00:00:00-05:00,6.110000133514404,6.224999904632568,5.940000057220459,5.96999979019165,439404,0.0,0.0
2024-01-03 00:00:00-05:00,5.730000019073486,5.816100120544434,5.46999979019165,5.539999961853027,721780,0.0,0.0
2024-01-04 00:00:00-05:00,5.619999885559082,5.670100212097168,5.5,5.5,451691,0.0,0.0
2024-01-05 00:00:00-05:00,5.510000228881836,6.014999866485596,5.441999912261963,5.900000095367432,1114579,0.0,0.0
2024-01-08 00:00:00-05:00,3.8299999237060547,4.059999942779541,3.549999952316284,3.5999999046325684,8371773,0.0,0.0
2024-01-09 00:00:00-05:00,3.6600000858306885,3.6600000858306885,3.380000114440918,3.5,2704196,0.0,0.0
2024-01-10 00:00:00-05:00,3.440000057220459,3.450000047683716,3.2200000286102295,3.369999885559082,2318967,0.0,0.0
2024-01-11 00:00:00-05:00,3.359999895095825,3.359999895095825,3.130000114440918,3.200000047683716,2311129,0.0,0.0
2024-01-12 00:00:00-05:00,3.2699999809265137,3.2699999809265137,3.0450000762939453,3.059999942779541,1776192,0.0,0.0
2024-01-16 00:00:00-05:00,3.059999942779541,3.1500000953674316,2.9000000953674316,3.0,2152824,0.0,0.0
2024-01-17 00:00:00-05:00,2.9700000286102295,3.0899999141693115,2.940000057220459,2.9800000190734863,1449161,0.0,0.0
2024-01-18 00:00:00-05:00,3.0199999809265137,3.0350000858306885,2.890000104904175,2.9700000286102295,1292749,0.0,0.0
2024-01-19 00:00:00-05:00,2.9700000286102295,3.109999895095825,2.8499999046325684,3.069999933242798,1449524,0.0,0.0
2024-01-22 00:00:00-05:00,3.0799999237060547,3.1600000858306885,2.9800000190734863,3.009999990463257,1086756,0.0,0.0
2024-01-23 00:00:00-05:00,3.049999952316284,3.049999952316284,2.880000114440918,2.9000000953674316,950723,0.0,0.0
2024-01-24 00:00:00-05:00,2.940000057220459,2.950000047683716,2.859999895095825,2.9100000858306885,978474,0.0,0.0
2024-01-25 00:00:00-05:00,2.990000009536743,2.990000009536743,2.880000114440918,2.890000104904175,717630,0.0,0.0
2024-01-26 00:00:00-05:00,2.9200000762939453,2.9649999141693115,2.799999952316284,2.799999952316284,850318,0.0,0.0
2024-01-29 00:00:00-05:00,2.799999952316284,2.9100000858306885,2.690000057220459,2.9100000858306885,1237702,0.0,0.0
2024-01-30 00:00:00-05:00,2.890000104904175,2.9700000286102295,2.8550000190734863,2.9200000762939453,811850,0.0,0.0
2024-01-31 00:00:00-05:00,2.880000114440918,2.9600000381469727,2.7899999618530273,2.7899999618530273,764710,0.0,0.0
2024-02-01 00:00:00-05:00,2.809999942779541,2.869999885559082,2.7300000190734863,2.7699999809265137,778099,0.0,0.0
2024-02-02 00:00:00-05:00,2.6600000858306885,2.700000047683716,2.609999895095825,2.690000057220459,1441163,0.0,0.0
2024-02-05 00:00:00-05:00,2.6700000762939453,2.680000066757202,2.569999933242798,2.5899999141693115,1198286,0.0,0.0
2024-02-06 00:00:00-05:00,2.569999933242798,2.6700000762939453,2.569999933242798,2.6500000953674316,751837,0.0,0.0
2024-02-07 00:00:00-05:00,2.640000104904175,2.640000104904175,2.569999933242798,2.5999999046325684,929369,0.0,0.0
2024-02-08 00:00:00-05:00,2.5999999046325684,2.7799999713897705,2.5899999141693115,2.7799999713897705,790967,0.0,0.0
2024-02-09 00:00:00-05:00,2.7799999713897705,2.880000114440918,2.75,2.8499999046325684,751011,0.0,0.0
2024-02-12 00:00:00-05:00,2.8499999046325684,3.026599884033203,2.8499999046325684,2.9800000190734863,780462,0.0,0.0
2024-02-13 00:00:00-05:00,2.7799999713897705,2.8489999771118164,2.7200000286102295,2.7699999809265137,867868,0.0,0.0
2024-02-14 00:00:00-05:00,2.809999942779541,2.859999895095825,2.7200000286102295,2.809999942779541,527963,0.0,0.0
2024-02-15 00:00:00-05:00,2.8299999237060547,2.930000066757202,2.7750000953674316,2.809999942779541,689472,0.0,0.0
2024-02-16 00:00:00-05:00,2.7899999618530273,2.8399999141693115,2.7200000286102295,2.7200000286102295,565145,0.0,0.0
2024-02-20 00:00:00-05:00,2.694999933242798,2.7100000381469727,2.630000114440918,2.640000104904175,660622,0.0,0.0
2024-02-21 00:00:00-05:00,2.630000114440918,2.6600000858306885,2.5899999141693115,2.640000104904175,527845,0.0,0.0
2024-02-22 00:00:00-05:00,2.6700000762939453,2.680000066757202,2.5999999046325684,2.5999999046325684,399017,0.0,0.0
2024-02-23 00:00:00-05:00,2.609999895095825,2.7300000190734863,2.5999999046325684,2.619999885559082,921921,0.0,0.0
2024-02-26 00:00:00-05:00,2.630000114440918,2.630000114440918,2.559999942779541,2.5799999237060547,776423,0.0,0.0
2024-02-27 00:00:00-05:00,2.5999999046325684,2.6500000953674316,2.5199999809265137,2.5299999713897705,973264,0.0,0.0
2024-02-28 00:00:00-05:00,2.5299999713897705,2.680000066757202,2.5,2.6500000953674316,820424,0.0,0.0
2024-02-29 00:00:00-05:00,2.690000057220459,2.759999990463257,2.6600000858306885,2.700000047683716,480312,0.0,0.0
2024-03-01 00:00:00-05:00,2.7100000381469727,2.75,2.640000104904175,2.7300000190734863,611362,0.0,0.0
2024-03-04 00:00:00-05:00,2.7699999809265137,2.799999952316284,2.6700000762939453,2.680000066757202,514350,0.0,0.0
2024-03-05 00:00:00-05:00,2.6500000953674316,2.6598000526428223,2.559999942779541,2.569999933242798,430847,0.0,0.0
2024-03-06 00:00:00-05:00,2.559999942779541,2.569999933242798,2.390000104904175,2.5,1301702,0.0,0.0
2024-03-07 00:00:00-05:00,2.509999990463257,2.569999933242798,2.415299892425537,2.450000047683716,458477,0.0,0.0
2024-03-08 00:00:00-05:00,2.450000047683716,2.569999933242798,2.430000066757202,2.4600000381469727,551039,0.0,0.0
2024-03-11 00:00:00-04:00,2.4600000381469727,2.494999885559082,2.4423000812530518,2.4800000190734863,265587,0.0,0.0
2024-03-12 00:00:00-04:00,2.490000009536743,2.5399999618530273,2.430000066757202,2.450000047683716,413525,0.0,0.0
2024-03-13 00:00:00-04:00,2.450000047683716,2.5299999713897705,2.4000000953674316,2.4100000858306885,1137135,0.0,0.0
2024-03-14 00:00:00-04:00,2.3499999046325684,2.4000000953674316,2.069999933242798,2.119999885559082,2392611,0.0,0.0
2024-03-15 00:00:00-04:00,2.109999895095825,2.380000114440918,2.0399999618530273,2.3399999141693115,1390606,0.0,0.0
2024-03-18 00:00:00-04:00,2.3299999237060547,2.3299999237060547,2.0299999713897705,2.0299999713897705,878380,0.0,0.0
2024-03-19 00:00:00-04:00,2.190000057220459,2.319999933242798,2.140000104904175,2.1600000858306885,1255833,0.0,0.0
2024-03-20 00:00:00-04:00,2.1600000858306885,2.259999990463257,2.0799999237060547,2.25,1040107,0.0,0.0
2024-03-21 00:00:00-04:00,2.240000009536743,2.319999933242798,2.2100000381469727,2.2200000286102295,544575,0.0,0.0
2024-03-22 00:00:00-04:00,2.2200000286102295,2.240000009536743,2.1500000953674316,2.1600000858306885,351530,0.0,0.0
2024-03-25 00:00:00-04:00,2.1500000953674316,2.240000009536743,2.119999885559082,2.119999885559082,696208,0.0,0.0
2024-03-26 00:00:00-04:00,2.140000104904175,2.1500000953674316,2.0199999809265137,2.059999942779541,935594,0.0,0.0
2024-03-27 00:00:00-04:00,2.0899999141693115,2.1500000953674316,2.080199956893921,2.0999999046325684,500368,0.0,0.0
2024-03-28 00:00:00-04:00,2.130000114440918,2.200000047683716,2.115000009536743,2.1700000762939453,634994,0.0,0.0
2024-04-01 00:00:00-04:00,2.180000066757202,2.180000066757202,2.0299999713897705,2.0299999713897705,708567,0.0,0.0
2024-04-02 00:00:00-04:00,2.0199999809265137,2.0350000858306885,1.9550000429153442,2.0,1121398,0.0,0.0
2024-04-03 00:00:00-04:00,1.9900000095367432,2.0299999713897705,1.9199999570846558,1.940000057220459,574020,0.0,0.0
2024-04-04 00:00:00-04:00,1.9900000095367432,2.0199999809265137,1.909999966621399,1.909999966621399,534646,0.0,0.0
2024-04-05 00:00:00-04:00,1.9199999570846558,1.9500000476837158,1.8949999809265137,1.909999966621399,511690,0.0,0.0
2024-04-08 00:00:00-04:00,1.9199999570846558,2.0399999618530273,1.9199999570846558,2.0199999809265137,608781,0.0,0.0
2024-04-09 00:00:00-04:00,2.0299999713897705,2.049999952316284,1.9700000286102295,1.9800000190734863,1339710,0.0,0.0
2024-04-10 00:00:00-04:00,1.9700000286102295,1.9900000095367432,1.8799999952316284,1.940000057220459,487091,0.0,0.0
2024-04-11 00:00:00-04:00,1.899999976158142,2.005000114440918,1.899999976158142,1.9900000095367432,439372,0.0,0.0
2024-04-12 00:00:00-04:00,1.9600000381469727,1.9700000286102295,1.899999976158142,1.899999976158142,370582,0.0,0.0
2024-04-15 00:00:00-04:00,1.940000057220459,1.940000057220459,1.8200000524520874,1.8200000524520874,548240,0.0,0.0
2024-04-16 00:00:00-04:00,1.8200000524520874,1.840000033378601,1.7699999809265137,1.7799999713897705,349389,0.0,0.0
2024-04-17 00:00:00-04:00,1.809999942779541,1.850000023841858,1.7400000095367432,1.7699999809265137,625497,0.0,0.0
2024-04-18 00:00:00-04:00,1.7899999618530273,1.857800006866455,1.75,1.7799999713897705,464781,0.0,0.0
2024-04-19 00:00:00-04:00,1.7799999713897705,1.8200000524520874,1.7400000095367432,1.809999942779541,438251,0.0,0.0
2024-04-22 00:00:00-04:00,1.809999942779541,1.8899999856948853,1.7899999618530273,1.8200000524520874,350203,0.0,0.0
2024-04-23 00:00:00-04:00,1.8200000524520874,1.9299999475479126,1.809999942779541,1.8899999856948853,285371,0.0,0.0
2024-04-24 00:00:00-04:00,1.899999976158142,1.9600000381469727,1.8805999755859375,1.940000057220459,351420,0.0,0.0
2024-04-25 00:00:00-04:00,1.8799999952316284,1.9199999570846558,1.8300000429153442,1.8799999952316284,327172,0.0,0.0
2024-04-26 00:00:00-04:00,1.8700000047683716,1.934999942779541,1.840000033378601,1.8799999952316284,284394,0.0,0.0
2024-04-29 00:00:00-04:00,1.899999976158142,2.0,1.899999976158142,1.9500000476837158,417533,0.0,0.0
2024-04-30 00:00:00-04:00,1.9500000476837158,1.9500000476837158,1.8700000047683716,1.8799999952316284,201312,0.0,0.0
2024-05-01 00:00:00-04:00,1.940000057220459,1.940000057220459,1.8350000381469727,1.850000023841858,295932,0.0,0.0
2024-05-02 00:00:00-04:00,1.8600000143051147,1.8899999856948853,1.8200000524520874,1.8799999952316284,237334,0.0,0.0
2024-05-03 00:00:00-04:00,1.899999976158142,2.0399999618530273,1.899999976158142,1.9700000286102295,343611,0.0,0.0
2024-05-06 00:00:00-04:00,1.9900000095367432,2.0183000564575195,1.909999966621399,1.9199999570846558,318200,0.0,0.0
2024-05-07 00:00:00-04:00,1.9299999475479126,1.9900000095367432,1.9299999475479126,1.9500000476837158,188667,0.0,0.0
2024-05-08 00:00:00-04:00,1.9500000476837158,1.9800000190734863,1.8899999856948853,1.9700000286102295,776714,0.0,0.0
2024-05-09 00:00:00-04:00,2.009999990463257,2.2699999809265137,1.9199999570846558,2.069999933242798,988291,0.0,0.0
2024-05-10 00:00:00-04:00,2.0799999237060547,2.1549999713897705,1.975000023841858,2.0299999713897705,476373,0.0,0.0
2024-05-13 00:00:00-04:00,2.0299999713897705,2.130000114440918,2.0,2.0,289470,0.0,0.0
2024-05-14 00:00:00-04:00,2.009999990463257,2.0999999046325684,2.0,2.009999990463257,231920,0.0,0.0
2024-05-15 00:00:00-04:00,2.0299999713897705,2.049999952316284,1.9700000286102295,2.0,334463,0.0,0.0
2024-05-16 00:00:00-04:00,2.0,2.065000057220459,1.9900000095367432,2.0399999618530273,409044,0.0,0.0
2024-05-17 00:00:00-04:00,2.059999942779541,2.0850000381469727,1.9900000095367432,2.0199999809265137,325362,0.0,0.0
2024-05-20 00:00:00-04:00,2.0299999713897705,2.059999942779541,2.0,2.0199999809265137,309632,0.0,0.0
2024-05-21 00:00:00-04:00,2.0199999809265137,2.059999942779541,1.9800000190734863,2.049999952316284,385954,0.0,0.0
2024-05-22 00:00:00-04:00,2.0399999618530273,2.0799999237060547,2.0,2.0799999237060547,275141,0.0,0.0
2024-05-23 00:00:00-04:00,2.069999933242798,2.069999933242798,1.940000057220459,1.9600000381469727,363777,0.0,0.0
2024-05-24 00:00:00-04:00,1.9700000286102295,1.9700000286102295,1.8300000429153442,1.8600000143051147,388582,0.0,0.0
2024-05-28 00:00:00-04:00,1.8300000429153442,1.8600000143051147,1.809999942779541,1.8600000143051147,324189,0.0,0.0
2024-05-29 00:00:00-04:00,1.8300000429153442,1.940000057220459,1.8300000429153442,1.9299999475479126,306651,0.0,0.0
2024-05-30 00:00:00-04:00,1.940000057220459,1.9600000381469727,1.9249999523162842,1.940000057220459,217237,0.0,0.0
2024-05-31 00:00:00-04:00,1.9500000476837158,1.9900000095367432,1.9500000476837158,1.9500000476837158,226195,0.0,0.0
2024-06-03 00:00:00-04:00,1.9500000476837158,2.0299999713897705,1.8899999856948853,1.8899999856948853,584296,0.0,0.0
2024-06-04 00:00:00-04:00,1.899999976158142,1.9800000190734863,1.8700000047683716,1.8700000047683716,177727,0.0,0.0
2024-06-05 00:00:00-04:00,1.909999966621399,1.9800000190734863,1.8650000095367432,1.9700000286102295,284171,0.0,0.0
2024-06-06 00:00:00-04:00,1.9500000476837158,2.005000114440918,1.899999976158142,1.9199999570846558,196683,0.0,0.0
2024-06-07 00:00:00-04:00,1.899999976158142,1.9500000476837158,1.8300000429153442,1.8600000143051147,230953,0.0,0.0
2024-06-10 00:00:00-04:00,1.850000023841858,1.909999966621399,1.840000033378601,1.8799999952316284,178693,0.0,0.0
2024-06-11 00:00:00-04:00,1.850000023841858,2.0,1.850000023841858,1.9900000095367432,283250,0.0,0.0
2024-06-12 00:00:00-04:00,2.0,2.069999933242798,1.965000033378601,1.9800000190734863,264667,0.0,0.0
2024-06-13 00:00:00-04:00,1.9800000190734863,1.9900000095367432,1.940000057220459,1.9500000476837158,161478,0.0,0.0
2024-06-14 00:00:00-04:00,2.049999952316284,2.190000057220459,2.0199999809265137,2.0899999141693115,682168,0.0,0.0
2024-06-17 00:00:00-04:00,2.069999933242798,2.140000104904175,2.0299999713897705,2.0999999046325684,266482,0.0,0.0
2024-06-18 00:00:00-04:00,2.0799999237060547,2.1700000762939453,2.069999933242798,2.069999933242798,264570,0.0,0.0
2024-06-20 00:00:00-04:00,2.0299999713897705,2.1500000953674316,2.0299999713897705,2.119999885559082,316670,0.0,0.0
2024-06-21 00:00:00-04:00,2.119999885559082,2.1700000762939453,2.0999999046325684,2.1600000858306885,383975,0.0,0.0
2024-06-24 00:00:00-04:00,2.180000066757202,2.259999990463257,2.1500000953674316,2.2100000381469727,335769,0.0,0.0
2024-06-25 00:00:00-04:00,2.2300000190734863,2.2300000190734863,2.130000114440918,2.130000114440918,162391,0.0,0.0
2024-06-26 00:00:00-04:00,2.109999895095825,2.25,2.100100040435791,2.2100000381469727,216929,0.0,0.0
2024-06-27 00:00:00-04:00,2.2100000381469727,2.2300000190734863,2.119999885559082,2.200000047683716,165481,0.0,0.0
2024-06-28 00:00:00-04:00,2.1700000762939453,2.299999952316284,2.0999999046325684,2.2799999713897705,934088,0.0,0.0
2024-07-01 00:00:00-04:00,2.2799999713897705,2.2799999713897705,2.049999952316284,2.119999885559082,497106,0.0,0.0
2024-07-02 00:00:00-04:00,2.0799999237060547,2.0999999046325684,2.0399999618530273,2.059999942779541,106191,0.0,0.0
2024-07-03 00:00:00-04:00,2.059999942779541,2.0899999141693115,2.049999952316284,2.0799999237060547,69905,0.0,0.0
2024-07-05 00:00:00-04:00,2.059999942779541,2.130000114440918,2.0299999713897705,2.0899999141693115,251573,0.0,0.0
2024-07-08 00:00:00-04:00,2.0899999141693115,2.180000066757202,2.0845000743865967,2.1600000858306885,156174,0.0,0.0
2024-07-09 00:00:00-04:00,2.1600000858306885,2.1700000762939453,2.0950000286102295,2.109999895095825,112408,0.0,0.0
2024-07-10 00:00:00-04:00,2.119999885559082,2.1426000595092773,2.059999942779541,2.109999895095825,91245,0.0,0.0
2024-07-11 00:00:00-04:00,2.1500000953674316,2.509999990463257,2.109999895095825,2.5,1016417,0.0,0.0
2024-07-12 00:00:00-04:00,2.4700000286102295,2.569999933242798,2.450000047683716,2.4800000190734863,231680,0.0,0.0
2024-07-15 00:00:00-04:00,2.4700000286102295,2.490000009536743,2.2799999713897705,2.319999933242798,748442,0.0,0.0
2024-07-16 00:00:00-04:00,2.380000114440918,2.5,2.319999933242798,2.4200000762939453,571757,0.0,0.0
2024-07-17 00:00:00-04:00,2.369999885559082,2.450000047683716,2.3499999046325684,2.4200000762939453,237734,0.0,0.0
2024-07-18 00:00:00-04:00,2.390000104904175,2.4600000381469727,2.259999990463257,2.3299999237060547,174155,0.0,0.0
2024-07-19 00:00:00-04:00,2.2899999618530273,2.390000104904175,2.2899999618530273,2.3499999046325684,108087,0.0,0.0
2024-07-22 00:00:00-04:00,2.369999885559082,2.440000057220459,2.299999952316284,2.4100000858306885,256738,0.0,0.0
2024-07-23 00:00:00-04:00,2.359999895095825,2.444999933242798,2.359999895095825,2.4200000762939453,154965,0.0,0.0
2024-07-24 00:00:00-04:00,2.369999885559082,2.440000057220459,2.325000047683716,2.3499999046325684,195006,0.0,0.0
2024-07-25 00:00:00-04:00,2.369999885559082,2.450000047683716,2.369999885559082,2.4000000953674316,163876,0.0,0.0
2024-07-26 00:00:00-04:00,2.430000066757202,2.5,2.4000000953674316,2.430000066757202,187832,0.0,0.0
2024-07-29 00:00:00-04:00,2.440000057220459,2.4549999237060547,2.390000104904175,2.430000066757202,249350,0.0,0.0
2024-07-30 00:00:00-04:00,2.4100000858306885,2.4700000286102295,2.369999885559082,2.4200000762939453,178261,0.0,0.0
2024-07-31 00:00:00-04:00,2.4600000381469727,2.4800000190734863,2.380000114440918,2.390000104904175,229101,0.0,0.0
2024-08-01 00:00:00-04:00,2.369999885559082,2.4200000762939453,2.265000104904175,2.309999942779541,232886,0.0,0.0
2024-08-02 00:00:00-04:00,2.240000009536743,2.2899999618530273,2.1500000953674316,2.1600000858306885,206078,0.0,0.0
2024-08-05 00:00:00-04:00,2.109999895095825,2.130000114440918,1.965000033378601,1.9800000190734863,484817,0.0,0.0
2024-08-06 00:00:00-04:00,2.0199999809265137,2.0399999618530273,1.9299999475479126,2.0199999809265137,227693,0.0,0.0
2024-08-07 00:00:00-04:00,1.8200000524520874,1.8350000381469727,1.0800000429153442,1.090000033378601,3053917,0.0,0.0
2024-08-08 00:00:00-04:00,1.1699999570846558,1.2100000381469727,1.1200000047683716,1.1799999475479126,1205075,0.0,0.0
2024-08-09 00:00:00-04:00,1.1699999570846558,1.3798999786376953,1.1699999570846558,1.3200000524520874,755722,0.0,0.0
2024-08-12 00:00:00-04:00,1.2999999523162842,1.3380000591278076,1.2599999904632568,1.2699999809265137,424429,0.0,0.0
2024-08-13 00:00:00-04:00,1.3600000143051147,1.4397000074386597,1.309999942779541,1.3300000429153442,592451,0.0,0.0
2024-08-14 00:00:00-04:00,1.3600000143051147,1.3600000143051147,1.2200000286102295,1.2799999713897705,509095,0.0,0.0
2024-08-15 00:00:00-04:00,1.2799999713897705,1.350000023841858,1.2699999809265137,1.340000033378601,310052,0.0,0.0
2024-08-16 00:00:00-04:00,1.3300000429153442,1.4500000476837158,1.3300000429153442,1.4299999475479126,257876,0.0,0.0
2024-08-19 00:00:00-04:00,1.409999966621399,1.559999942779541,1.399999976158142,1.559999942779541,394318,0.0,0.0
2024-08-20 00:00:00-04:00,1.559999942779541,1.559999942779541,1.5199999809265137,1.5399999618530273,203165,0.0,0.0
2024-08-21 00:00:00-04:00,1.5299999713897705,1.5299999713897705,1.3600000143051147,1.5,511288,0.0,0.0
2024-08-22 00:00:00-04:00,1.4800000190734863,1.4800000190734863,1.4234999418258667,1.4600000381469727,94697,0.0,0.0
2024-08-23 00:00:00-04:00,1.4600000381469727,1.6699999570846558,1.440000057220459,1.559999942779541,393873,0.0,0.0
2024-08-26 00:00:00-04:00,1.5499999523162842,1.6164000034332275,1.4600000381469727,1.5199999809265137,363994,0.0,0.0
2024-08-27 00:00:00-04:00,1.5199999809265137,1.590000033378601,1.4957000017166138,1.5399999618530273,196600,0.0,0.0
2024-08-28 00:00:00-04:00,1.5099999904632568,1.5169999599456787,1.399999976158142,1.4199999570846558,211872,0.0,0.0
2024-08-29 00:00:00-04:00,1.4500000476837158,1.4900000095367432,1.409999966621399,1.409999966621399,131398,0.0,0.0
2024-08-30 00:00:00-04:00,1.409999966621399,1.440000057220459,1.3600000143051147,1.3700000047683716,227673,0.0,0.0
2024-09-03 00:00:00-04:00,1.3200000524520874,1.3799999952316284,1.3200000524520874,1.3700000047683716,221380,0.0,0.0
2024-09-04 00:00:00-04:00,1.3300000429153442,1.4700000286102295,1.3300000429153442,1.3899999856948853,182662,0.0,0.0
2024-09-05 00:00:00-04:00,1.3799999952316284,1.5,1.3799999952316284,1.440000057220459,203557,0.0,0.0
2024-09-06 00:00:00-04:00,1.4199999570846558,1.4900000095367432,1.4199999570846558,1.440000057220459,161085,0.0,0.0
2024-09-09 00:00:00-04:00,1.4299999475479126,1.4850000143051147,1.3910000324249268,1.409999966621399,175412,0.0,0.0
2024-09-10 00:00:00-04:00,1.3899999856948853,1.4500000476837158,1.3799999952316284,1.440000057220459,148884,0.0,0.0
2024-09-11 00:00:00-04:00,1.3700000047683716,1.4249999523162842,1.3700000047683716,1.3899999856948853,233279,0.0,0.0
2024-09-12 00:00:00-04:00,1.399999976158142,1.559999942779541,1.3899999856948853,1.4900000095367432,266770,0.0,0.0
2024-09-13 00:00:00-04:00,1.5199999809265137,1.625,1.5099999904632568,1.559999942779541,171073,0.0,0.0
2024-09-16 00:00:00-04:00,1.5499999523162842,1.6200000047683716,1.4900000095367432,1.559999942779541,240092,0.0,0.0
2024-09-17 00:00:00-04:00,1.600000023841858,1.649999976158142,1.5099999904632568,1.5700000524520874,161395,0.0,0.0
2024-09-18 00:00:00-04:00,1.5549999475479126,1.649999976158142,1.5299999713897705,1.5299999713897705,174831,0.0,0.0
2024-09-19 00:00:00-04:00,1.559999942779541,1.6100000143051147,1.5299999713897705,1.5700000524520874,171967,0.0,0.0
2024-09-20 00:00:00-04:00,1.5399999618530273,1.590000033378601,1.4306999444961548,1.4700000286102295,1139228,0.0,0.0
2024-09-23 00:00:00-04:00,1.5199999809265137,1.5499999523162842,1.4700000286102295,1.5,160463,0.0,0.0
2024-09-24 00:00:00-04:00,1.4900000095367432,1.559999942779541,1.4600000381469727,1.5199999809265137,217005,0.0,0.0
2024-09-25 00:00:00-04:00,1.4900000095367432,1.5199999809265137,1.4600000381469727,1.4700000286102295,98157,0.0,0.0
2024-09-26 00:00:00-04:00,1.5,1.649999976158142,1.4800000190734863,1.4800000190734863,511362,0.0,0.0
2024-09-27 00:00:00-04:00,1.5199999809265137,1.590000033378601,1.4199999570846558,1.4199999570846558,438323,0.0,0.0
2024-09-30 00:00:00-04:00,1.4199999570846558,1.4700000286102295,1.3899999856948853,1.409999966621399,174152,0.0,0.0
2024-10-01 00:00:00-04:00,1.4299999475479126,1.4500000476837158,1.3200000524520874,1.3200000524520874,242437,0.0,0.0
2024-10-02 00:00:00-04:00,1.350000023841858,1.3899999856948853,1.3049999475479126,1.3700000047683716,242667,0.0,0.0
2024-10-03 00:00:00-04:00,1.340000033378601,1.350000023841858,1.2999999523162842,1.3200000524520874,162598,0.0,0.0
2024-10-04 00:00:00-04:00,1.3600000143051147,1.4591000080108643,1.3592000007629395,1.4299999475479126,198224,0.0,0.0
2024-10-07 00:00:00-04:00,1.4299999475479126,1.4299999475479126,1.3700000047683716,1.3700000047683716,101116,0.0,0.0
2024-10-08 00:00:00-04:00,1.3799999952316284,1.4299999475479126,1.3600000143051147,1.3700000047683716,93633,0.0,0.0
2024-10-09 00:00:00-04:00,1.350000023841858,1.3799999952316284,1.2899999618530273,1.350000023841858,171873,0.0,0.0
2024-10-10 00:00:00-04:00,1.309999942779541,1.350000023841858,1.309999942779541,1.3300000429153442,69076,0.0,0.0
2024-10-11 00:00:00-04:00,1.3300000429153442,1.4700000286102295,1.3300000429153442,1.4199999570846558,238957,0.0,0.0
2024-10-14 00:00:00-04:00,1.4299999475479126,1.4299999475479126,1.340000033378601,1.350000023841858,186410,0.0,0.0
2024-10-15 00:00:00-04:00,1.3700000047683716,1.3899999856948853,1.309999942779541,1.350000023841858,200167,0.0,0.0
2024-10-16 00:00:00-04:00,1.340000033378601,1.3899999856948853,1.340000033378601,1.3799999952316284,144759,0.0,0.0
2024-10-17 00:00:00-04:00,1.350000023841858,1.3798999786376953,1.3200000524520874,1.340000033378601,287260,0.0,0.0
2024-10-18 00:00:00-04:00,1.340000033378601,1.340000033378601,1.3200000524520874,1.3300000429153442,182495,0.0,0.0
2024-10-21 00:00:00-04:00,1.3200000524520874,1.350000023841858,1.2999999523162842,1.2999999523162842,158187,0.0,0.0
2024-10-22 00:00:00-04:00,1.309999942779541,1.3200000524520874,1.2699999809265137,1.2999999523162842,149502,0.0,0.0
2024-10-23 00:00:00-04:00,1.309999942779541,1.309999942779541,1.2599999904632568,1.2799999713897705,171921,0.0,0.0
2024-10-24 00:00:00-04:00,1.2999999523162842,1.2999999523162842,1.25,1.2599999904632568,166853,0.0,0.0
2024-10-25 00:00:00-04:00,1.2799999713897705,1.2799999713897705,1.25,1.25,185953,0.0,0.0
2024-10-28 00:00:00-04:00,1.25,1.340000033378601,1.25,1.309999942779541,365277,0.0,0.0
2024-10-29 00:00:00-04:00,1.2699999809265137,1.315000057220459,1.2649999856948853,1.2999999523162842,180375,0.0,0.0
2024-10-30 00:00:00-04:00,1.350000023841858,1.350000023841858,1.2899999618530273,1.2999999523162842,121925,0.0,0.0
2024-10-31 00:00:00-04:00,1.2999999523162842,1.2999999523162842,1.25,1.25,132730,0.0,0.0
2024-11-01 00:00:00-04:00,1.2699999809265137,1.2699999809265137,1.2300000190734863,1.2300000190734863,363568,0.0,0.0
2024-11-04 00:00:00-05:00,1.2300000190734863,1.3799999952316284,1.2300000190734863,1.3700000047683716,204986,0.0,0.0
2024-11-05 00:00:00-05:00,1.3899999856948853,1.4696999788284302,1.3799999952316284,1.4299999475479126,331240,0.0,0.0
2024-11-06 00:00:00-05:00,1.4700000286102295,1.5049999952316284,1.440000057220459,1.4600000381469727,357862,0.0,0.0
2024-11-07 00:00:00-05:00,1.2300000190734863,1.585800051689148,1.2300000190734863,1.399999976158142,371723,0.0,0.0
2024-11-08 00:00:00-05:00,1.4299999475479126,1.4299999475479126,1.2999999523162842,1.309999942779541,215038,0.0,0.0
2024-11-11 00:00:00-05:00,1.3113000392913818,1.3550000190734863,1.25,1.2899999618530273,289586,0.0,0.0
2024-11-12 00:00:00-05:00,1.2899999618530273,1.2999999523162842,1.225000023841858,1.25,255190,0.0,0.0
2024-11-13 00:00:00-05:00,1.2300000190734863,1.2400000095367432,1.1749999523162842,1.1799999475479126,502010,0.0,0.0
2024-11-14 00:00:00-05:00,1.1799999475479126,1.190999984741211,1.1399999856948853,1.1399999856948853,431438,0.0,0.0
2024-11-15 00:00:00-05:00,1.1399999856948853,1.149999976158142,1.090000033378601,1.1200000047683716,335533,0.0,0.0
2024-11-18 00:00:00-05:00,1.1200000047683716,1.1699999570846558,1.1100000143051147,1.1299999952316284,288163,0.0,0.0
2024-11-19 00:00:00-05:00,1.100000023841858,1.100000023841858,1.0299999713897705,1.0399999618530273,271480,0.0,0.0
2024-11-20 00:00:00-05:00,1.0499999523162842,1.089900016784668,1.0299999713897705,1.0800000429153442,202670,0.0,0.0
2024-11-21 00:00:00-05:00,1.1100000143051147,1.2000000476837158,1.0799000263214111,1.190000057220459,495045,0.0,0.0
2024-11-22 00:00:00-05:00,1.2200000286102295,1.3200000524520874,1.1663000583648682,1.2699999809265137,717300,0.0,0.0
2024-11-25 00:00:00-05:00,1.2899999618530273,1.309999942779541,1.2699999809265137,1.2899999618530273,292293,0.0,0.0
2024-11-26 00:00:00-05:00,1.2899999618530273,1.3600000143051147,1.2401000261306763,1.3600000143051147,245065,0.0,0.0
2024-11-27 00:00:00-05:00,1.3700000047683716,1.3899999856948853,1.2100000381469727,1.2599999904632568,702933,0.0,0.0
2024-11-29 00:00:00-05:00,1.2300000190734863,1.2799999713897705,1.215000033378601,1.2400000095367432,80537,0.0,0.0
2024-12-02 00:00:00-05:00,1.2400000095367432,1.2599999904632568,1.1799999475479126,1.190000057220459,313389,0.0,0.0
2024-12-03 00:00:00-05:00,1.2000000476837158,1.2000000476837158,1.149999976158142,1.159999966621399,280231,0.0,0.0
2024-12-04 00:00:00-05:00,1.149999976158142,1.2000000476837158,1.149999976158142,1.1699999570846558,168875,0.0,0.0
2024-12-05 00:00:00-05:00,1.1699999570846558,1.1778000593185425,1.1299999952316284,1.149999976158142,278197,0.0,0.0
2024-12-06 00:00:00-05:00,1.1799999475479126,1.25,1.1299999952316284,1.1399999856948853,260725,0.0,0.0
2024-12-09 00:00:00-05:00,1.1799999475479126,1.2200000286102295,1.159999966621399,1.1799999475479126,247281,0.0,0.0
2024-12-10 00:00:00-05:00,1.1799999475479126,1.190000057220459,1.1549999713897705,1.1699999570846558,212754,0.0,0.0
2024-12-11 00:00:00-05:00,1.1699999570846558,1.1799999475479126,1.1399999856948853,1.1399999856948853,355972,0.0,0.0
2024-12-12 00:00:00-05:00,1.1399999856948853,1.1649999618530273,1.1150000095367432,1.1200000047683716,479452,0.0,0.0
2024-12-13 00:00:00-05:00,1.1100000143051147,1.1299999952316284,1.100000023841858,1.1299999952316284,168781,0.0,0.0
2024-12-16 00:00:00-05:00,1.149999976158142,1.149999976158142,1.090000033378601,1.1299999952316284,538933,0.0,0.0
2024-12-17 00:00:00-05:00,1.100000023841858,1.159999966621399,1.0954999923706055,1.1200000047683716,254573,0.0,0.0
2024-12-18 00:00:00-05:00,1.1399999856948853,1.190000057220459,1.0499999523162842,1.059999942779541,476842,0.0,0.0
2024-12-19 00:00:00-05:00,1.0800000429153442,1.1100000143051147,1.0299999713897705,1.0299999713897705,554130,0.0,0.0
2024-12-20 00:00:00-05:00,1.0499999523162842,1.1100000143051147,1.0449999570846558,1.0800000429153442,423108,0.0,0.0
2024-12-23 00:00:00-05:00,1.100000023841858,1.1100000143051147,1.059999942779541,1.0800000429153442,263526,0.0,0.0
2024-12-24 00:00:00-05:00,1.059999942779541,1.0887999534606934,1.0499999523162842,1.059999942779541,137536,0.0,0.0
2024-12-26 00:00:00-05:00,1.0499999523162842,1.1399999856948853,1.0499999523162842,1.1299999952316284,215175,0.0,0.0
2024-12-27 00:00:00-05:00,1.1100000143051147,1.1349999904632568,1.0700000524520874,1.1200000047683716,253502,0.0,0.0
2024-12-30 00:00:00-05:00,1.0800000429153442,1.1799999475479126,1.0800000429153442,1.149999976158142,345308,0.0,0.0
2024-12-31 00:00:00-05:00,1.1799999475479126,1.1799999475479126,1.0950000286102295,1.1399999856948853,658980,0.0,0.0
2025-01-02 00:00:00-05:00,1.152400016784668,1.2300000190734863,1.1399999856948853,1.159999966621399,301448,0.0,0.0
2025-01-03 00:00:00-05:00,1.159999966621399,1.190000057220459,1.1399999856948853,1.149999976158142,387031,0.0,0.0
2025-01-06 00:00:00-05:00,1.1799999475479126,1.2000000476837158,1.149999976158142,1.149999976158142,200273,0.0,0.0
2025-01-07 00:00:00-05:00,1.1799999475479126,1.184999942779541,1.090000033378601,1.1100000143051147,255212,0.0,0.0
2025-01-08 00:00:00-05:00,1.1100000143051147,1.1100000143051147,1.0700000524520874,1.0800000429153442,241855,0.0,0.0
2025-01-10 00:00:00-05:00,1.0700000524520874,1.090000033378601,1.0499999523162842,1.059999942779541,152281,0.0,0.0
2025-01-13 00:00:00-05:00,1.059999942779541,1.0800000429153442,1.0499999523162842,1.059999942779541,197529,0.0,0.0
2025-01-14 00:00:00-05:00,1.059999942779541,1.0800000429153442,1.0399999618530273,1.0499999523162842,182452,0.0,0.0
2025-01-15 00:00:00-05:00,1.0800000429153442,1.0800000429153442,1.0399999618530273,1.0499999523162842,135702,0.0,0.0
2025-01-16 00:00:00-05:00,1.0399999618530273,1.0800000429153442,1.0299999713897705,1.0499999523162842,154575,0.0,0.0
2025-01-17 00:00:00-05:00,1.0700000524520874,1.0800000429153442,1.0399999618530273,1.0499999523162842,152037,0.0,0.0
2025-01-21 00:00:00-05:00,1.0800000429153442,1.0800000429153442,1.0399999618530273,1.0700000524520874,216954,0.0,0.0
2025-01-22 00:00:00-05:00,1.0700000524520874,1.090000033378601,1.059999942779541,1.059999942779541,158490,0.0,0.0
2025-01-23 00:00:00-05:00,1.0499999523162842,1.059999942779541,1.0299999713897705,1.0399999618530273,226802,0.0,0.0
2025-01-24 00:00:00-05:00,1.0399999618530273,1.0700000524520874,1.0299999713897705,1.0399999618530273,406901,0.0,0.0
2025-01-27 00:00:00-05:00,1.0199999809265137,1.0800000429153442,1.0199999809265137,1.0399999618530273,147904,0.0,0.0
2025-01-28 00:00:00-05:00,1.0399999618530273,1.0475000143051147,1.0199999809265137,1.0399999618530273,129857,0.0,0.0
2025-01-29 00:00:00-05:00,1.059999942779541,1.059999942779541,1.0,1.0199999809265137,153403,0.0,0.0
2025-01-30 00:00:00-05:00,1.0199999809265137,1.0259000062942505,0.9900000095367432,0.9984999895095825,195525,0.0,0.0
2025-01-31 00:00:00-05:00,1.0,1.0099999904632568,0.9800000190734863,0.9800000190734863,322404,0.0,0.0
2025-02-03 00:00:00-05:00,0.9663000106811523,0.9900000095367432,0.9498999714851379,0.9498999714851379,127140,0.0,0.0
2025-02-04 00:00:00-05:00,0.9700000286102295,0.9700000286102295,0.9039999842643738,0.9200000166893005,208866,0.0,0.0
2025-02-05 00:00:00-05:00,0.9301999807357788,0.9580000042915344,0.9110000133514404,0.9193000197410583,223782,0.0,0.0
2025-02-06 00:00:00-05:00,0.9351999759674072,0.9556000232696533,0.9211999773979187,0.926800012588501,166684,0.0,0.0
2025-02-07 00:00:00-05:00,0.9222000241279602,0.9398999810218811,0.9000999927520752,0.9100000262260437,187900,0.0,0.0
2025-02-10 00:00:00-05:00,0.9300000071525574,0.9987999796867371,0.8902999758720398,0.9613000154495239,243575,0.0,0.0
2025-02-11 00:00:00-05:00,0.949999988079071,0.9700000286102295,0.9301000237464905,0.9350000023841858,153420,0.0,0.0
2025-02-12 00:00:00-05:00,0.9330999851226807,0.9380000233650208,0.8999999761581421,0.9007999897003174,272874,0.0,0.0
2025-02-13 00:00:00-05:00,0.8999999761581421,0.9700000286102295,0.8923500180244446,0.9679999947547913,181747,0.0,0.0
2025-02-14 00:00:00-05:00,0.949999988079071,0.9976999759674072,0.9449999928474426,0.9962999820709229,120495,0.0,0.0
2025-02-18 00:00:00-05:00,0.9973999857902527,1.0,0.9653000235557556,0.9900000095367432,109567,0.0,0.0
2025-02-19 00:00:00-05:00,0.9501000046730042,0.9501000046730042,0.8799999952316284,0.8881000280380249,619131,0.0,0.0
2025-02-20 00:00:00-05:00,0.9200000166893005,0.9200000166893005,0.8600000143051147,0.8726000189781189,169696,0.0,0.0
2025-02-21 00:00:00-05:00,0.8945000171661377,0.8945000171661377,0.7799999713897705,0.8299999833106995,910687,0.0,0.0
2025-02-24 00:00:00-05:00,0.8399999737739563,0.8798999786376953,0.8100000023841858,0.8399999737739563,273913,0.0,0.0
2025-02-25 00:00:00-05:00,0.8148000240325928,0.8399999737739563,0.7900000214576721,0.7901999950408936,249215,0.0,0.0
2025-02-26 00:00:00-05:00,0.7889999747276306,0.8077999949455261,0.784500002861023,0.7960000038146973,140627,0.0,0.0
2025-02-27 00:00:00-05:00,0.800000011920929,0.8001000285148621,0.741599977016449,0.741599977016449,568230,0.0,0.0
2025-02-28 00:00:00-05:00,0.75,0.7526999711990356,0.7103999853134155,0.7461000084877014,355905,0.0,0.0
2025-03-03 00:00:00-05:00,0.7300000190734863,0.7412999868392944,0.6901000142097473,0.697700023651123,227518,0.0,0.0
2025-03-04 00:00:00-05:00,0.699999988079071,0.7450000047683716,0.6901999711990356,0.7282999753952026,158902,0.0,0.0
2025-03-05 00:00:00-05:00,0.7099999785423279,0.7450000047683716,0.7099999785423279,0.7372000217437744,146308,0.0,0.0
2025-03-06 00:00:00-05:00,0.7311000227928162,0.7459999918937683,0.6933000087738037,0.7128999829292297,470876,0.0,0.0
2025-03-07 00:00:00-05:00,0.699999988079071,0.7250000238418579,0.6685000061988831,0.7059999704360962,208182,0.0,0.0
2025-03-10 00:00:00-04:00,0.7156999707221985,0.7203999757766724,0.6499999761581421,0.6500999927520752,315725,0.0,0.0
2025-03-11 00:00:00-04:00,0.6833999752998352,0.7020000219345093,0.640500009059906,0.6549999713897705,281844,0.0,0.0
2025-03-12 00:00:00-04:00,0.46880000829696655,0.46880000829696655,0.23399999737739563,0.24320000410079956,6943848,0.0,0.0
2025-03-13 00:00:00-04:00,0.23000000417232513,0.25189998745918274,0.20270000398159027,0.2199999988079071,3091656,0.0,0.0
2025-03-14 00:00:00-04:00,0.23000000417232513,0.272599995136261,0.22759999334812164,0.23549999296665192,5058095,0.0,0.0
2025-03-17 00:00:00-04:00,0.27000001072883606,0.27000001072883606,0.21629999577999115,0.23000000417232513,1605344,0.0,0.0
2025-03-18 00:00:00-04:00,0.2199999988079071,0.23000000417232513,0.19099999964237213,0.21209999918937683,2278818,0.0,0.0
2025-03-19 00:00:00-04:00,0.20890000462532043,0.23899999260902405,0.20759999752044678,0.23170000314712524,2276132,0.0,0.0
2025-03-20 00:00:00-04:00,0.2199999988079071,0.23479999601840973,0.20419999957084656,0.20919999480247498,1404130,0.0,0.0
2025-03-21 00:00:00-04:00,0.210099995136261,0.2184000015258789,0.1987999975681305,0.20999999344348907,1006460,0.0,0.0
2025-03-24 00:00:00-04:00,0.2206999957561493,0.23100000619888306,0.20329999923706055,0.21359999477863312,1228900,0.0,0.0
2025-03-25 00:00:00-04:00,0.20999999344348907,0.21490000188350677,0.18209999799728394,0.18469999730587006,2117527,0.0,0.0
2025-03-26 00:00:00-04:00,0.18649999797344208,0.20000000298023224,0.1754000037908554,0.18019999563694,1271240,0.0,0.0
2025-03-27 00:00:00-04:00,0.17649999260902405,0.2084999978542328,0.17649999260902405,0.20749999582767487,2003199,0.0,0.0
2025-03-28 00:00:00-04:00,0.20999999344348907,0.21119999885559082,0.1808999925851822,0.19280000030994415,1043201,0.0,0.0
2025-03-31 00:00:00-04:00,0.1850000023841858,0.1860000044107437,0.15399999916553497,0.16779999434947968,1777411,0.0,0.0
2025-04-01 00:00:00-04:00,0.17000000178813934,0.18359999358654022,0.16279999911785126,0.1770000010728836,500425,0.0,0.0
2025-04-02 00:00:00-04:00,0.17000000178813934,0.17499999701976776,0.15489999949932098,0.1599999964237213,1229900,0.0,0.0
2025-04-03 00:00:00-04:00,0.15199999511241913,0.1573999971151352,0.14000000059604645,0.14249999821186066,1169546,0.0,0.0
2025-04-04 00:00:00-04:00,0.1446000039577484,0.1550000011920929,0.12809999287128448,0.1459999978542328,775349,0.0,0.0
2025-04-07 00:00:00-04:00,0.15129999816417694,0.15129999816417694,0.13089999556541443,0.14409999549388885,707033,0.0,0.0
2025-04-08 00:00:00-04:00,0.15000000596046448,0.15690000355243683,0.14419999718666077,0.14509999752044678,371550,0.0,0.0
2025-04-09 00:00:00-04:00,0.15000000596046448,0.16300000250339508,0.13760000467300415,0.16300000250339508,834553,0.0,0.0
2025-04-10 00:00:00-04:00,0.16699999570846558,0.17000000178813934,0.14810000360012054,0.14810000360012054,553657,0.0,0.0
2025-04-11 00:00:00-04:00,0.1445000022649765,0.1599999964237213,0.1421000063419342,0.1599999964237213,416402,0.0,0.0
2025-04-14 00:00:00-04:00,0.15929999947547913,0.16290000081062317,0.14399999380111694,0.14409999549388885,1098280,0.0,0.0
2025-04-15 00:00:00-04:00,0.14910000562667847,0.14910000562667847,0.13699999451637268,0.1370999962091446,465857,0.0,0.0
2025-04-16 00:00:00-04:00,0.13619999587535858,0.13729999959468842,0.12160000205039978,0.12610000371932983,1272868,0.0,0.0
2025-04-17 00:00:00-04:00,0.12610000371932983,0.12999999523162842,0.125,0.12839999794960022,609031,0.0,0.0
2025-04-21 00:00:00-04:00,0.12780000269412994,0.12999999523162842,0.08810000121593475,0.10209999978542328,1963818,0.0,0.0
2025-04-22 00:00:00-04:00,0.10970000177621841,0.10999999940395355,0.093299999833107,0.09399999678134918,2305935,0.0,0.0
2025-04-23 00:00:00-04:00,0.051100000739097595,0.08969999849796295,0.042100001126527786,0.042100001126527786,9327283,0.0,0.0
2025-04-24 00:00:00-04:00,0.03449999913573265,0.04500000178813934,0.030500000342726707,0.03200000151991844,4298091,0.0,0.0
2025-04-25 00:00:00-04:00,0.030700000002980232,0.03700000047683716,0.020099999383091927,0.02850000001490116,2724165,0.0,0.0
