Date,Open,High,Low,Close,Volume,Dividends,Stock Splits,Capital Gains
2021-05-13 00:00:00-04:00,14.176094542096111,14.73634834721463,14.153458624379493,14.17326545715332,161800,0.0,0.0,0.0
2021-05-14 00:00:00-04:00,14.425096902668177,14.58355265292093,14.360017151508515,14.572234153747559,41500,0.0,0.0,0.0
2021-05-17 00:00:00-04:00,14.572232428575733,14.572232428575733,14.317571624280971,14.436979293823242,58100,0.0,0.0,0.0
2021-05-18 00:00:00-04:00,14.50431720130331,14.566567837164365,14.379817008972166,14.379817008972168,20400,0.0,0.0,0.0
2021-05-19 00:00:00-04:00,14.249662089281637,14.266638755798338,13.796931912923133,14.26663875579834,51800,0.0,0.0,0.0
2021-05-20 00:00:00-04:00,14.316435260232064,14.396794838848786,14.300589800735047,14.369065284729004,5400,0.0,0.0,0.0
2021-05-21 00:00:00-04:00,14.402461788705619,14.464711378855489,14.337380954516922,14.404158592224121,10900,0.0,0.0,0.0
2021-05-24 00:00:00-04:00,14.560910459650174,14.600524113232451,14.53261530120315,14.544499397277832,4500,0.0,0.0,0.0
2021-05-25 00:00:00-04:00,14.543935184100958,14.566571097140244,14.493003030523552,14.527523040771484,5200,0.0,0.0,0.0
2021-05-26 00:00:00-04:00,14.594862579850231,14.708044266932605,14.594862579850231,14.70181941986084,12800,0.0,0.0,0.0
2021-05-27 00:00:00-04:00,14.788409713235792,14.900460243225098,14.775960014145188,14.900460243225098,11700,0.0,0.0,0.0
2021-05-28 00:00:00-04:00,14.911778365516561,14.934414279602576,14.88235092163086,14.88235092163086,2200,0.0,0.0,0.0
2021-06-01 00:00:00-04:00,14.90045493825379,14.90045493825379,14.75614793045641,14.798590660095215,76500,0.0,0.0,0.0
2021-06-02 00:00:00-04:00,14.838215900346608,14.883488828304204,14.79860222330768,14.837650299072266,87000,0.0,0.0,0.0
2021-06-03 00:00:00-04:00,14.83255076356984,14.83255076356984,14.742004943585075,14.778789520263672,38900,0.0,0.0,0.0
2021-06-04 00:00:00-04:00,14.900462259450546,14.978558388329343,14.891973925230305,14.94969654083252,9300,0.0,0.0,0.0
2021-06-07 00:00:00-04:00,15.064573799032093,15.064573799032093,14.948561913904191,15.002323150634766,9900,0.0,0.0,0.0
2021-06-08 00:00:00-04:00,15.024959063166676,15.047596055089773,14.9230958376863,15.002323150634766,52500,0.0,0.0,0.0
2021-06-09 00:00:00-04:00,15.013643524330618,15.013643524330618,14.8834829632762,14.907817840576172,13600,0.0,0.0,0.0
2021-06-10 00:00:00-04:00,15.041934699130731,15.138139742539332,15.041934699130731,15.12795352935791,3800,0.0,0.0,0.0
2021-06-11 00:00:00-04:00,15.24566108415871,15.26829699025768,15.206047438942356,15.224156379699707,14100,0.0,0.0,0.0
2021-06-14 00:00:00-04:00,15.155116014665424,15.217365568912204,15.115501288192656,15.20038890838623,12000,0.0,0.0,0.0
2021-06-15 00:00:00-04:00,15.223029900005496,15.223029900005496,15.104188919067383,15.104188919067383,12700,0.0,0.0,0.0
2021-06-16 00:00:00-04:00,15.143798987844404,15.217367042493114,14.968366642612068,15.04306697845459,28500,0.0,0.0,0.0
2021-06-17 00:00:00-04:00,15.041938781144415,15.190207211890497,15.041938781144415,15.116639137268066,5100,0.0,0.0,0.0
2021-06-18 00:00:00-04:00,14.996666409288332,14.996666409288332,14.758983351323957,14.790108680725098,12500,0.0,0.0,0.0
2021-06-21 00:00:00-04:00,14.770298459848458,15.041935869649215,14.770298459848458,14.987607955932617,8100,0.0,0.0,0.0
2021-06-22 00:00:00-04:00,14.968365825761195,15.132479667663574,14.945728838248606,15.132479667663574,3300,0.0,0.0,0.0
2021-06-23 00:00:00-04:00,15.121162038286199,15.256980732952691,15.109844623273935,15.19246768951416,19300,0.0,0.0,0.0
2021-06-24 00:00:00-04:00,15.18907559545994,15.336212820082583,15.18907559545994,15.272830963134766,11800,0.0,0.0,0.0
2021-06-25 00:00:00-04:00,15.307917995530602,15.364509407073529,15.279622829454837,15.350361824035645,20100,0.0,0.0,0.0
2021-06-28 00:00:00-04:00,15.392801465909546,15.398459634072639,15.336210069758705,15.362241744995117,24100,0.0,0.0,0.0
2021-06-29 00:00:00-04:00,15.356014949004555,15.364503279563777,15.30225372314453,15.302253723144531,10600,0.0,0.0,0.0
2021-06-30 00:00:00-04:00,15.279616179050153,15.34186681259212,15.251321025289764,15.305647850036621,28000,0.0,0.0,0.0
2021-07-01 00:00:00-04:00,15.35262032278724,15.358845170951385,15.307913025039596,15.356581687927246,41700,0.0,0.0,0.0
2021-07-02 00:00:00-04:00,15.415434490014892,15.48900361505164,15.364502350955883,15.376953125,11400,0.0,0.0,0.0
2021-07-06 00:00:00-04:00,15.45504759312247,15.45504759312247,15.194728739869342,15.2750883102417,11000,0.0,0.0,0.0
2021-07-07 00:00:00-04:00,15.358846311909785,15.358846311909785,15.160778040195707,15.245664596557617,12400,0.0,0.0,0.0
2021-07-08 00:00:00-04:00,15.024958324915145,15.087208970253785,14.900458113628993,14.991569519042969,10300,0.0,0.0,0.0
2021-07-09 00:00:00-04:00,14.996665063330592,15.256984014246635,14.996665063330592,15.230386734008789,10200,0.0,0.0,0.0
2021-07-12 00:00:00-04:00,15.279615275521847,15.302252260704307,15.268296782930616,15.2750883102417,3700,0.0,0.0,0.0
2021-07-13 00:00:00-04:00,15.285277565276582,15.347528207532244,15.219631158689246,15.244531631469727,16800,0.0,0.0,0.0
2021-07-14 00:00:00-04:00,15.319237366564703,15.341874364228227,15.240010033525293,15.320935249328613,8600,0.0,0.0,0.0
2021-07-15 00:00:00-04:00,15.296594526846343,15.296594526846343,15.19755932596735,15.262639045715332,12800,0.0,0.0,0.0
2021-07-16 00:00:00-04:00,15.421094365368013,15.421094365368013,15.155116245628646,15.179450035095215,5700,0.0,0.0,0.0
2021-07-19 00:00:00-04:00,14.996660697232036,14.996660697232036,14.39679457157222,14.590335845947266,269100,0.0,0.0,0.0
2021-07-20 00:00:00-04:00,14.702386957191846,14.94006993457931,14.702386957191846,14.906115531921387,14100,0.0,0.0,0.0
2021-07-21 00:00:00-04:00,15.030616025537087,15.138139562039001,14.985343127966443,15.113805770874023,4500,0.0,0.0,0.0
2021-07-22 00:00:00-04:00,15.087206964205185,15.126820613465828,15.019298159584364,15.051554679870605,6000,0.0,0.0,0.0
2021-07-23 00:00:00-04:00,15.01364310138369,15.183416239692793,15.01364310138369,15.104188919067383,7600,0.0,0.0,0.0
2021-07-26 00:00:00-04:00,14.992700703233206,15.086642265319826,14.979684326530354,15.086642265319824,6600,0.0,0.0,0.0
2021-07-27 00:00:00-04:00,15.053258926331814,15.053258926331814,14.804257352199972,14.968372344970703,10900,0.0,0.0,0.0
2021-07-28 00:00:00-04:00,14.979687599577803,15.126824823057204,14.962710933393714,15.06966781616211,5700,0.0,0.0,0.0
2021-07-29 00:00:00-04:00,15.13247845059134,15.189069835430319,15.081546312175348,15.173789978027344,18500,0.0,0.0,0.0
2021-07-30 00:00:00-04:00,15.00232351333477,15.166437391180132,14.996664265217177,15.109847068786621,5800,0.0,0.0,0.0
2021-08-02 00:00:00-04:00,15.054951923607934,15.054951923607934,14.900457596915828,14.934412002563477,3100,0.0,0.0,0.0
2021-08-03 00:00:00-04:00,14.88914342871194,15.090608596801758,14.877826009801261,15.090608596801758,4300,0.0,0.0,0.0
2021-08-04 00:00:00-04:00,15.078720485719389,15.132481719264058,15.024958172783599,15.126822471618652,4500,0.0,0.0,0.0
2021-08-05 00:00:00-04:00,15.152291731123475,15.214542388916014,15.149462646401698,15.214542388916016,44800,0.0,0.0,0.0
2021-08-06 00:00:00-04:00,15.22302468299775,15.290934562683104,15.21736543640806,15.290934562683105,14000,0.0,0.0,0.0
2021-08-09 00:00:00-04:00,15.307911299965506,15.364502686755786,15.30225313273831,15.330548286437988,6100,0.0,0.0,0.0
2021-08-10 00:00:00-04:00,15.404122373376644,15.41544087105067,15.358849462071895,15.393936157226562,12400,0.0,0.0,0.0
2021-08-11 00:00:00-04:00,15.439209829111192,15.500328208413904,15.415441630459659,15.499197006225586,2900,0.0,0.0,0.0
2021-08-12 00:00:00-04:00,15.551254453234696,15.613505090428449,15.551254453234696,15.565402030944824,3200,0.0,0.0,0.0
2021-08-13 00:00:00-04:00,15.596529622094002,15.602188869880854,15.522961559647221,15.558048248291016,33000,0.0,0.0,0.0
2021-08-16 00:00:00-04:00,15.794598393649244,15.794598393649244,15.409778193486963,15.531449317932129,6100,0.0,0.0,0.0
2021-08-17 00:00:00-04:00,15.50032667480357,15.517304420471193,15.211711474801753,15.517304420471191,184000,0.0,0.0,0.0
2021-08-18 00:00:00-04:00,15.366766744625755,15.39279949592157,15.21453699864754,15.30791187286377,54500,0.0,0.0,0.0
2021-08-19 00:00:00-04:00,15.058913951413057,15.279619216918944,14.94573115508683,15.279619216918945,37600,0.0,0.0,0.0
2021-08-20 00:00:00-04:00,15.206048022619601,15.336207456009701,15.135309059334862,15.290934562683105,186000,0.0,0.0,0.0
2021-08-23 00:00:00-04:00,15.556918392669122,15.556918392669122,15.421099662780762,15.421099662780762,40200,0.0,0.0,0.0
2021-08-24 00:00:00-04:00,15.443732261284676,15.477686664243564,15.439204216003418,15.439204216003418,1100,0.0,0.0,0.0
2021-08-25 00:00:00-04:00,15.517303676841435,15.55691733544287,15.51221002956786,15.551258087158203,3300,0.0,0.0,0.0
2021-08-26 00:00:00-04:00,16.05492044235957,16.05492044235957,15.341871347060378,15.36677074432373,18200,0.0,0.0,0.0
2021-08-27 00:00:00-04:00,15.466936900000256,15.607849265903388,15.426757640966198,15.602190017700195,14100,0.0,0.0,0.0
2021-08-30 00:00:00-04:00,15.72103739328625,15.72103739328625,15.57333344778003,15.619173049926758,8200,0.0,0.0,0.0
2021-08-31 00:00:00-04:00,15.5937009439673,15.641802932321431,15.57106395223041,15.636143684387207,11100,0.0,0.0,0.0
2021-09-01 00:00:00-04:00,15.626525460267011,15.749327804622041,15.619168329396626,15.743668556213379,13600,0.0,0.0,0.0
2021-09-02 00:00:00-04:00,15.992669941982422,15.992669941982422,15.664441093041152,15.749327659606934,57200,0.0,0.0,0.0
2021-09-03 00:00:00-04:00,15.856847014305787,15.856847014305787,15.603884184749939,15.721028327941895,37700,0.0,0.0,0.0
2021-09-07 00:00:00-04:00,15.845532592137715,15.845532592137715,15.5625766529924,15.670100212097168,11700,0.0,0.0,0.0
2021-09-08 00:00:00-04:00,15.568234867958886,15.636143684387209,15.50598422007361,15.636143684387207,8200,0.0,0.0,0.0
2021-09-09 00:00:00-04:00,15.658780386833657,15.687075546590851,15.489007269508175,15.647461891174316,27700,0.0,0.0,0.0
2021-09-10 00:00:00-04:00,15.655951620334914,15.67575844844514,15.37016553578821,15.381484031677246,61600,0.0,0.0,0.0
2021-09-13 00:00:00-04:00,15.494662445820996,15.500321692557826,15.341867101490354,15.483345031738281,13100,0.0,0.0,0.0
2021-09-14 00:00:00-04:00,15.585209314219341,15.658777363016245,15.392799242730883,15.483345031738281,71600,0.0,0.0,0.0
2021-09-15 00:00:00-04:00,15.61350873889831,15.62765631991436,15.47769001824,15.551258087158203,18700,0.0,0.0,0.0
2021-09-16 00:00:00-04:00,15.64180529639235,15.678589873828757,15.512211413468265,15.613510131835938,5400,0.0,0.0,0.0
2021-09-17 00:00:00-04:00,15.704052782380787,15.704052782380787,15.375823974609375,15.375823974609375,27600,0.0,0.0,0.0
2021-09-20 00:00:00-04:00,15.364508275754542,15.364508275754542,14.651459133356227,14.962711334228516,62700,0.0,0.0,0.0
2021-09-21 00:00:00-04:00,15.189070177395335,15.189070177395335,14.917432819321688,15.17209243774414,10500,0.0,0.0,0.0
2021-09-22 00:00:00-04:00,15.251326313239105,15.370167295506468,15.098529839417091,15.312444686889648,44200,0.0,0.0,0.0
2021-09-23 00:00:00-04:00,15.477693850323805,15.54277360262356,15.40978393348538,15.466375350952148,37100,0.0,0.0,0.0
2021-09-24 00:00:00-04:00,15.455048748740818,15.69839096069336,15.36450296002233,15.69839096069336,16900,0.0,0.0,0.0
2021-09-27 00:00:00-04:00,15.787499379717472,15.787499379717472,15.593297052777643,15.690398216247559,47700,0.256,0.0,0.0
2021-09-28 00:00:00-04:00,15.536178674027333,15.59900806578578,15.137492949795414,15.199180603027344,27200,0.0,0.0,0.0
2021-09-29 00:00:00-04:00,15.164907455444336,15.267720564611292,15.142060703098936,15.164907455444336,25900,0.0,0.0,0.0
2021-09-30 00:00:00-04:00,15.25629364074057,15.2877088722963,15.084939218820931,15.147197723388672,105600,0.0,0.0,0.0
2021-10-01 00:00:00-04:00,15.130640363354708,15.353401426309947,15.124928401555174,15.27914810180664,10000,0.0,0.0,0.0
2021-10-04 00:00:00-04:00,15.222027159061176,15.347688119830611,15.044960729139417,15.090655326843262,38800,0.0,0.0,0.0
2021-10-05 00:00:00-04:00,15.08494027406296,15.381955642982739,15.08494027406296,15.319125175476074,68700,0.0,0.0,0.0
2021-10-06 00:00:00-04:00,15.279149404361743,15.347691862354113,15.102082931262451,15.346549034118652,28900,0.0,0.0,0.0
2021-10-07 00:00:00-04:00,15.536173931865127,15.536173931865127,15.421936926263026,15.507614135742188,12000,0.0,0.0,0.0
2021-10-08 00:00:00-04:00,15.576159496245788,15.610430168615434,15.501905101759016,15.604718208312988,10100,0.0,0.0,0.0
2021-10-11 00:00:00-04:00,15.656127000664526,15.661838961783873,15.439077925355262,15.44478988647461,118200,0.0,0.0,0.0
2021-10-12 00:00:00-04:00,15.644699953280687,15.644699953280687,15.484769431667022,15.585868835449219,26200,0.0,0.0,0.0
2021-10-13 00:00:00-04:00,15.569302425164471,15.684681173798717,15.553309374440708,15.638986587524414,42900,0.0,0.0,0.0
2021-10-14 00:00:00-04:00,15.781787406800195,15.941719055175781,15.781787406800195,15.941719055175781,83200,0.0,0.0,0.0
2021-10-15 00:00:00-04:00,15.924581756994263,15.9874122363914,15.844616484630729,15.85032844543457,52100,0.0,0.0,0.0
2021-10-18 00:00:00-04:00,15.793208637671777,15.953140258789062,15.781784716996606,15.953140258789062,17700,0.0,0.0,0.0
2021-10-19 00:00:00-04:00,16.084512078218417,16.084512078218417,15.93029241743872,15.953140258789062,4000,0.0,0.0,0.0
2021-10-20 00:00:00-04:00,16.018833286953672,16.018833286953672,15.898313375997557,15.975994110107422,13100,0.0,0.0,0.0
2021-10-21 00:00:00-04:00,15.993124326598823,16.114215064062716,15.978844969196244,16.073089599609375,17000,0.0,0.0,0.0
2021-10-22 00:00:00-04:00,16.06566648459428,16.12449761672705,15.975989889524248,15.981701850891113,15000,0.0,0.0,0.0
2021-10-25 00:00:00-04:00,16.015968757250533,16.221593856811523,16.015968757250533,16.221593856811523,250600,0.0,0.0,0.0
2021-10-26 00:00:00-04:00,16.371376012345834,16.371376012345834,16.030185107097747,16.140060424804688,39200,0.349,0.0,0.0
2021-10-27 00:00:00-04:00,16.088009917178727,16.1643440955179,15.943437576293945,15.943437576293945,14400,0.0,0.0,0.0
2021-10-28 00:00:00-04:00,16.099580764770508,16.13427782807827,16.059100673744826,16.099580764770508,5700,0.0,0.0,0.0
2021-10-29 00:00:00-04:00,16.018621391657422,16.099581577797267,15.949226158537689,16.01283836364746,9700,0.0,0.0,0.0
2021-11-01 00:00:00-04:00,16.061989787084944,16.116927992580944,16.01283571164076,16.105361938476562,71600,0.0,0.0,0.0
2021-11-02 00:00:00-04:00,16.18342981927349,16.221017837524414,16.18342981927349,16.221017837524414,31700,0.0,0.0,0.0
2021-11-03 00:00:00-04:00,16.221021273893726,16.35402870734188,16.197312293804927,16.267284393310547,10500,0.0,0.0,0.0
2021-11-04 00:00:00-04:00,16.429206077594536,16.429206077594536,16.23837056962986,16.290416717529297,67700,0.0,0.0,0.0
2021-11-05 00:00:00-04:00,16.342457967741804,16.36443302589139,16.19210259698133,16.20945167541504,12800,0.0,0.0,0.0
2021-11-08 00:00:00-05:00,16.20367341905567,16.238370483137217,16.102472086234787,16.16608428955078,75700,0.0,0.0,0.0
2021-11-09 00:00:00-05:00,16.19210353550015,16.19210353550015,16.01977309660155,16.053314208984375,7200,0.0,0.0,0.0
2021-11-10 00:00:00-05:00,16.07644552655007,16.167815802519296,15.983919307061976,16.00126838684082,20800,0.0,0.0,0.0
2021-11-11 00:00:00-05:00,16.10536406454418,16.145844156253663,16.041751861572266,16.041751861572266,11100,0.0,0.0,0.0
2021-11-12 00:00:00-05:00,16.163190787558374,16.249933985633007,16.12270959899058,16.157407760620117,11700,0.0,0.0,0.0
2021-11-15 00:00:00-05:00,16.17476074669407,16.290419115271767,16.168977717965188,16.255722045898438,9900,0.0,0.0,0.0
2021-11-16 00:00:00-05:00,16.278850988341862,16.325114109291686,16.238370895385742,16.238370895385742,5400,0.0,0.0,0.0
2021-11-17 00:00:00-05:00,16.247045160740473,16.26728520756095,16.1805419921875,16.1805419921875,3100,0.0,0.0,0.0
2021-11-18 00:00:00-05:00,16.296193615310283,16.296193615310283,16.111141204833984,16.111141204833984,13400,0.0,0.0,0.0
2021-11-19 00:00:00-05:00,16.10535748623354,16.209449738397957,16.041745309244323,16.122705459594727,149300,0.0,0.0,0.0
2021-11-22 00:00:00-05:00,16.307761914516366,16.307761914516366,16.053314263539647,16.059097290039062,82600,0.0,0.0,0.0
2021-11-23 00:00:00-05:00,16.192104819250048,16.192104819250048,15.943440175903058,16.157407760620117,86900,0.0,0.0,0.0
2021-11-24 00:00:00-05:00,16.19481359445352,16.253257751464844,15.961038081137819,16.253257751464844,80200,0.294,0.0,0.0
2021-11-26 00:00:00-05:00,15.937656876758846,15.937656876758846,15.388283729553224,15.388283729553223,198300,0.0,0.0,0.0
2021-11-29 00:00:00-05:00,15.68050603017405,15.871617480886156,15.557774314938559,15.662972450256348,18500,0.0,0.0,0.0
2021-11-30 00:00:00-05:00,15.56361527531301,15.692776729817155,15.300618306350843,15.312307357788086,69000,0.0,0.0,0.0
2021-12-01 00:00:00-05:00,15.376594306103772,15.619137097599685,15.136974334716797,15.136974334716797,71600,0.0,0.0,0.0
2021-12-02 00:00:00-05:00,15.347379558165303,15.347379558165303,15.12529195062376,15.236335754394531,70800,0.0,0.0,0.0
2021-12-03 00:00:00-05:00,15.236329352471456,15.236329352471456,14.792155438748845,14.903199195861816,135700,0.0,0.0,0.0
2021-12-06 00:00:00-05:00,15.183731596770453,15.183731596770453,14.803846303480825,15.090221405029297,60900,0.0,0.0,0.0
2021-12-07 00:00:00-05:00,15.405823975789547,15.511023253214356,15.399979447629306,15.458423614501953,19400,0.0,0.0,0.0
2021-12-08 00:00:00-05:00,15.481795437151417,15.658880233764648,15.470106384738356,15.658880233764648,18100,0.0,0.0,0.0
2021-12-09 00:00:00-05:00,15.505171204411932,15.715568542480469,15.505171204411932,15.715568542480469,37100,0.0,0.0,0.0
2021-12-10 00:00:00-05:00,15.931813754840702,15.931813754840702,15.65128318825561,15.838303565979004,58900,0.0,0.0,0.0
2021-12-13 00:00:00-05:00,15.756479105029095,15.757064337872093,15.613292136108905,15.715568542480469,45000,0.0,0.0,0.0
2021-12-14 00:00:00-05:00,15.557773192843722,15.633749804215048,15.45257395038389,15.550759315490723,10200,0.0,0.0,0.0
2021-12-15 00:00:00-05:00,15.511017359837357,15.849992061230287,15.411662648322395,15.762325286865234,174600,0.0,0.0,0.0
2021-12-16 00:00:00-05:00,15.925973672458213,15.949351783561431,15.604532447896805,15.707978248596191,16400,0.0,0.0,0.0
2021-12-17 00:00:00-05:00,15.586993011084632,15.65128167774605,15.487054187527342,15.582901954650879,15300,0.0,0.0,0.0
2021-12-20 00:00:00-05:00,15.51686354443857,15.604530334472656,15.055157059978871,15.604530334472656,154200,0.0,0.0,0.0
2021-12-21 00:00:00-05:00,15.51686437489231,15.657130800562012,15.446732276787058,15.622063636779785,11700,0.0,0.0,0.0
2021-12-22 00:00:00-05:00,15.575304796065616,15.82076930999756,15.575304796065616,15.820769309997559,27000,0.0,0.0,0.0
2021-12-23 00:00:00-05:00,15.89090972435646,15.996109008789062,15.721421740608413,15.996109008789062,66200,0.0,0.0,0.0
2021-12-27 00:00:00-05:00,16.076634172216373,16.076634172216373,15.768720461486671,16.011499404907227,13300,0.356,0.0,0.0
2021-12-28 00:00:00-05:00,15.952282419083353,16.04110336303711,15.952282419083353,16.04110336303711,13800,0.0,0.0,0.0
2021-12-29 00:00:00-05:00,16.08847474013365,16.19506032551845,16.052946588145243,16.177295684814453,11000,0.0,0.0,0.0
2021-12-30 00:00:00-05:00,16.23059688947493,16.23059688947493,16.14769744873047,16.14769744873047,5000,0.0,0.0,0.0
2021-12-31 00:00:00-05:00,16.01741997404167,16.22111647780583,15.975970268249512,15.975970268249512,26900,0.0,0.0,0.0
2022-01-03 00:00:00-05:00,16.088479369517618,16.283885955810547,16.088479369517618,16.283885955810547,43300,0.0,0.0,0.0
2022-01-04 00:00:00-05:00,16.289805254015935,16.337176506893627,16.195062748260547,16.331254959106445,43700,0.0,0.0,0.0
2022-01-05 00:00:00-05:00,16.36678093880698,16.36678093880698,16.058868400779662,16.064788818359375,24100,0.0,0.0,0.0
2022-01-06 00:00:00-05:00,16.165454552759332,16.165454552759332,15.910834781620375,15.98248291015625,16200,0.0,0.0,0.0
2022-01-07 00:00:00-05:00,16.029262298513636,16.101503372192383,15.91083473472313,16.101503372192383,15900,0.0,0.0,0.0
2022-01-10 00:00:00-05:00,16.064791552358255,16.135848999023438,15.810171764572535,16.135848999023438,80200,0.0,0.0,0.0
2022-01-11 00:00:00-05:00,16.21223647706073,16.313492359239817,16.12400732399337,16.31290054321289,8000,0.0,0.0,0.0
2022-01-12 00:00:00-05:00,16.417119188515276,16.417119188515276,16.289808707648934,16.378629684448242,15500,0.0,0.0,0.0
2022-01-13 00:00:00-05:00,16.455611270667298,16.455611270667298,16.082561528476862,16.14769744873047,24400,0.0,0.0,0.0
2022-01-14 00:00:00-05:00,15.99373533917594,16.27204132080078,15.984853581817427,16.27204132080078,62900,0.0,0.0,0.0
2022-01-18 00:00:00-05:00,15.88122839966114,15.975970910831006,15.810172080993652,15.810172080993652,35100,0.0,0.0,0.0
2022-01-19 00:00:00-05:00,16.005575160144165,16.005575160144165,15.71542614179952,15.798325538635254,28800,0.0,0.0,0.0
2022-01-20 00:00:00-05:00,15.875302624167835,16.001429419759557,15.537782376824566,15.614761352539062,14200,0.0,0.0,0.0
2022-01-21 00:00:00-05:00,15.662135127825913,15.662135127825913,15.158814883996818,15.454885482788086,126000,0.0,0.0,0.0
2022-01-24 00:00:00-05:00,15.099605358712687,15.164148327121184,14.566678336642134,15.069998741149902,307200,0.0,0.0,0.0
2022-01-25 00:00:00-05:00,15.069992279713915,15.200262922323187,14.803528318218156,15.09959888458252,267100,0.0,0.0,0.0
2022-01-26 00:00:00-05:00,15.304667080747302,15.379837349027971,14.943849563598633,14.943849563598633,48900,0.391,0.0,0.0
2022-01-27 00:00:00-05:00,14.913780416354932,15.635415433633206,14.81756256698546,14.883712768554688,39900,0.0,0.0,0.0
2022-01-28 00:00:00-05:00,14.889727027284811,15.250544548034666,14.871685749794771,15.250544548034668,79100,0.0,0.0,0.0
2022-01-31 00:00:00-05:00,15.244528225835667,15.394868738621014,15.094187713050319,15.38885498046875,28100,0.0,0.0,0.0
2022-02-01 00:00:00-05:00,15.485072125618679,15.779739379882812,15.430949451671488,15.779739379882812,34600,0.0,0.0,0.0
2022-02-02 00:00:00-05:00,15.78635503530215,15.815821647644043,15.629399731049432,15.815821647644043,52000,0.0,0.0,0.0
2022-02-03 00:00:00-05:00,15.635413280092454,15.665480923751337,15.304664611816408,15.304664611816406,29300,0.0,0.0,0.0
2022-02-04 00:00:00-05:00,15.33473433427403,15.551225068388451,15.250544003010528,15.436965942382812,27900,0.0,0.0,0.0
2022-02-07 00:00:00-05:00,15.617370830585873,15.629398345947266,15.473044087270146,15.629398345947266,10800,0.0,0.0,0.0
2022-02-08 00:00:00-05:00,15.635416269150065,15.725620364378317,15.539198414638957,15.689538955688477,13800,0.0,0.0,0.0
2022-02-09 00:00:00-05:00,15.815821439770726,15.978189468383789,15.785753796104787,15.978189468383789,170500,0.0,0.0,0.0
2022-02-10 00:00:00-05:00,15.73163030610118,15.869943295020878,15.394867897033691,15.394867897033691,297300,0.0,0.0,0.0
2022-02-11 00:00:00-05:00,15.58129186846458,15.58129186846458,14.799521599815012,14.889725685119629,137100,0.0,0.0,0.0
2022-02-14 00:00:00-05:00,14.883711926498364,14.982335044471315,14.67323496278281,14.889725685119629,56100,0.0,0.0,0.0
2022-02-15 00:00:00-05:00,15.304665207110707,15.304665207110707,15.082160735556299,15.244528770446777,52800,0.0,0.0,0.0
2022-02-16 00:00:00-05:00,15.22949491389753,15.391260769683731,15.106215735165994,15.381638526916504,160800,0.0,0.0,0.0
2022-02-17 00:00:00-05:00,15.198821396027046,15.198821396027046,14.919789040680051,14.95587158203125,25600,0.0,0.0,0.0
2022-02-18 00:00:00-05:00,14.991956190386352,14.991956190386352,14.751411598177418,14.841615676879883,31100,0.0,0.0,0.0
2022-02-22 00:00:00-05:00,15.00398700343749,15.00398700343749,14.643169462341405,14.81155014038086,99800,0.0,0.0,0.0
2022-02-23 00:00:00-05:00,15.019489524749977,15.019489524749977,14.591406822204588,14.59140682220459,38100,0.341,0.0,0.0
2022-02-24 00:00:00-05:00,14.2816235335492,14.830447431513132,14.196251263208795,14.793859481811523,398500,0.0,0.0,0.0
2022-02-25 00:00:00-05:00,14.879235361124804,14.96460881528257,14.732882363710358,14.81215763092041,199600,0.0,0.0,0.0
2022-02-28 00:00:00-05:00,14.78167194459814,14.818259916165207,14.549946573859186,14.66580867767334,382400,0.0,0.0,0.0
2022-03-01 00:00:00-05:00,14.610919598632421,14.688974755984281,14.256013990762243,14.33041000366211,276800,0.0,0.0,0.0
2022-03-02 00:00:00-05:00,14.543846360752367,14.63531685849587,14.418836409110467,14.525551795959473,34200,0.0,0.0,0.0
2022-03-03 00:00:00-05:00,14.714589549528954,14.732884112543712,14.45237445831299,14.452374458312988,207700,0.0,0.0,0.0
2022-03-04 00:00:00-05:00,14.427979469299316,14.427979469299316,14.184057815829247,14.427979469299316,59700,0.0,0.0,0.0
2022-03-07 00:00:00-05:00,14.287723159299198,14.318212926605751,14.025506973266603,14.025506973266602,41900,0.0,0.0,0.0
2022-03-08 00:00:00-05:00,14.007216927466754,14.214550668652437,13.934040997113243,14.06209945678711,45400,0.0,0.0,0.0
2022-03-09 00:00:00-05:00,14.29992390081259,14.29992390081259,14.161497476956034,14.19015884399414,60900,0.0,0.0,0.0
2022-03-10 00:00:00-05:00,14.15357199146173,14.309072901321013,14.10905625909495,14.293828010559082,29100,0.0,0.0,0.0
2022-03-11 00:00:00-05:00,14.568235244566411,14.568235244566411,14.184058760162477,14.299921989440918,22600,0.0,0.0,0.0
2022-03-14 00:00:00-04:00,14.324312412533692,14.348705159080481,14.049900992543341,14.068194389343262,123300,0.0,0.0,0.0
2022-03-15 00:00:00-04:00,14.025508744792996,14.458469543404572,14.025508744792996,14.232842445373535,37600,0.0,0.0,0.0
2022-03-16 00:00:00-04:00,14.551773494514777,14.655440364318045,14.318217430191096,14.620680809020996,79100,0.0,0.0,0.0
2022-03-17 00:00:00-04:00,14.670073768347953,14.738982241965205,14.604825603051632,14.695075988769531,196700,0.0,0.0,0.0
2022-03-18 00:00:00-04:00,14.593848128125037,14.867040653200801,14.592629188465041,14.848747253417969,56800,0.0,0.0,0.0
2022-03-21 00:00:00-04:00,14.92192276431756,14.989001663285817,14.812158879338138,14.873138427734375,61200,0.0,0.0,0.0
2022-03-22 00:00:00-04:00,15.001198454863513,15.001198454863513,14.834111835725485,14.848747253417969,157600,0.0,0.0,0.0
2022-03-23 00:00:00-04:00,14.860946612175749,14.989005088806154,14.757279727856117,14.989005088806152,9700,0.0,0.0,0.0
2022-03-24 00:00:00-04:00,14.99510047894924,15.068276405334473,14.867040863109512,15.068276405334473,49700,0.0,0.0,0.0
2022-03-25 00:00:00-04:00,15.171940970560415,15.171940970560415,14.91338389871833,15.056078910827637,18200,0.0,0.0,0.0
2022-03-28 00:00:00-04:00,15.140261828743716,15.143357392256476,14.886479928829221,15.084554672241211,79600,0.366,0.0,0.0
2022-03-29 00:00:00-04:00,15.121692141297384,15.313575744628906,15.115502195304563,15.313575744628906,68200,0.0,0.0,0.0
2022-03-30 00:00:00-04:00,15.31976498177255,15.31976498177255,15.152639989533744,15.30119514465332,71500,0.0,0.0,0.0
2022-03-31 00:00:00-04:00,15.14026060645484,15.226918668642705,15.041223833049965,15.109312057495117,50400,0.0,0.0,0.0
2022-04-01 00:00:00-04:00,15.140261069263925,15.146451015367377,15.010894383352817,15.134072303771973,68100,0.0,0.0,0.0
2022-04-04 00:00:00-04:00,15.214537071535135,15.332143669501114,15.134070144891886,15.316049575805664,150800,0.0,0.0,0.0
2022-04-05 00:00:00-04:00,15.241158355968215,15.276440938586989,15.022658994649685,15.029467582702637,39900,0.0,0.0,0.0
2022-04-06 00:00:00-04:00,15.035034271283257,15.065982818603516,14.762682568541644,15.065982818603516,73800,0.0,0.0,0.0
2022-04-07 00:00:00-04:00,15.010275840759277,15.041224390866756,14.905049117537741,15.010275840759277,11500,0.0,0.0,0.0
2022-04-08 00:00:00-04:00,15.041225625949705,15.167497940306472,14.98551728669265,15.090744018554688,19600,0.0,0.0,0.0
2022-04-11 00:00:00-04:00,15.059796258641619,15.059796258641619,14.886481285095215,14.886481285095215,48700,0.0,0.0,0.0
2022-04-12 00:00:00-04:00,14.923620939748531,15.05051190103507,14.793634414672852,14.793634414672852,11500,0.0,0.0,0.0
2022-04-13 00:00:00-04:00,14.836961538129113,15.158831667985593,14.799823040256923,15.084554672241211,50300,0.0,0.0,0.0
2022-04-14 00:00:00-04:00,15.134072491768949,15.220729377070745,15.041224479675293,15.041224479675293,47300,0.0,0.0,0.0
2022-04-18 00:00:00-04:00,15.01027940652931,15.12788604997651,14.997899511300806,15.022659301757812,25100,0.0,0.0,0.0
2022-04-19 00:00:00-04:00,14.966951580163526,15.24858771503276,14.966951580163526,15.202163696289062,12000,0.0,0.0,0.0
2022-04-20 00:00:00-04:00,15.35690327385336,15.35690327385336,15.195968229433099,15.251676559448242,19100,0.0,0.0,0.0
2022-04-21 00:00:00-04:00,15.33833590271148,15.356904560531362,14.997895948471683,15.010275840759277,17400,0.0,0.0,0.0
2022-04-22 00:00:00-04:00,15.053605081153947,15.053605081153947,14.558421169515292,14.651268005371094,38700,0.0,0.0,0.0
2022-04-25 00:00:00-04:00,14.626508219483375,14.700786396534959,14.36034760485983,14.651268005371094,73500,0.0,0.0,0.0
2022-04-26 00:00:00-04:00,14.724071536779707,14.724071536779707,14.24707792677169,14.253353118896484,174600,0.326,0.0,0.0
2022-04-27 00:00:00-04:00,14.347497593098375,14.4416410361591,14.152933120727539,14.152933120727539,86000,0.0,0.0,0.0
2022-04-28 00:00:00-04:00,14.460467503510186,14.585991671786639,14.289125583279995,14.40398120880127,31300,0.0,0.0,0.0
2022-04-29 00:00:00-04:00,14.403981168400747,14.422181855518653,14.090168952941896,14.090168952941895,41900,0.0,0.0,0.0
2022-05-02 00:00:00-04:00,14.05879167138749,14.156073921368806,13.870504758564493,14.121554374694824,138800,0.0,0.0,0.0
2022-05-03 00:00:00-04:00,14.247081031806932,14.366328861748608,14.124693210920839,14.322395324707031,49900,0.0,0.0,0.0
2022-05-04 00:00:00-04:00,14.460472061381726,14.680139724378364,14.35000975291843,14.623653411865234,31900,0.0,0.0,0.0
2022-05-05 00:00:00-04:00,14.667585447475918,14.686413416789389,13.97908127766239,14.09644603729248,66700,0.0,0.0,0.0
2022-05-06 00:00:00-04:00,14.071344017684044,14.109001159667969,13.814018019445806,14.109001159667969,28000,0.0,0.0,0.0
2022-05-09 00:00:00-04:00,14.058789273705205,14.058789273705205,13.744977007787238,13.819664001464844,287100,0.0,0.0,0.0
2022-05-10 00:00:00-04:00,13.996027606976895,13.996027606976895,13.807740712464657,13.952094078063965,31600,0.0,0.0,0.0
2022-05-11 00:00:00-04:00,13.933267410087767,14.132224065530504,13.915065519907882,13.989753723144531,39000,0.0,0.0,0.0
2022-05-12 00:00:00-04:00,13.832845329147021,14.052512958767839,13.824685903732878,14.027408599853516,84600,0.0,0.0,0.0
2022-05-13 00:00:00-04:00,14.226989633513268,14.303560845650534,14.153558410892545,14.265902519226074,59700,0.0,0.0,0.0
2022-05-16 00:00:00-04:00,14.397704820822657,14.454191115531572,14.309836586220676,14.40398120880127,32300,0.0,0.0,0.0
2022-05-17 00:00:00-04:00,14.410257260509802,14.59854531982019,14.410257260509802,14.516953468322754,48800,0.0,0.0,0.0
2022-05-18 00:00:00-04:00,14.51695737046272,14.529510150543986,13.93954265481346,14.121554374694824,112700,0.0,0.0,0.0
2022-05-19 00:00:00-04:00,13.883055731492618,14.253353118896486,13.883055731492618,14.253353118896484,342200,0.0,0.0,0.0
2022-05-20 00:00:00-04:00,14.316116413300263,14.444779405023498,14.027409679520863,14.366326332092285,155600,0.0,0.0,0.0
2022-05-23 00:00:00-04:00,14.548340582918133,14.548340582918133,14.259632601494943,14.397710800170898,29400,0.0,0.0,0.0
2022-05-24 00:00:00-04:00,14.347498634807803,14.37260299613393,14.152934148310488,14.353775024414062,36000,0.0,0.0,0.0
2022-05-25 00:00:00-04:00,14.493812512988967,14.525638580322266,14.25829548682795,14.525638580322266,106600,0.32,0.0,0.0
2022-05-26 00:00:00-04:00,14.458799360854908,14.493171358970747,14.404693603515625,14.404693603515625,29600,0.0,0.0,0.0
2022-05-27 00:00:00-04:00,14.614753187879678,14.614753187879678,14.481082242251281,14.557466506958008,52700,0.0,0.0,0.0
2022-05-31 00:00:00-04:00,14.684770270919486,14.742058159197933,14.436523564437259,14.697501182556152,126000,0.0,0.0,0.0
2022-06-01 00:00:00-04:00,14.703865640709683,14.73569170355538,14.485535255892238,14.729326248168945,32000,0.0,0.0,0.0
2022-06-02 00:00:00-04:00,14.621116608105329,14.786614813514731,14.621116608105329,14.69113540649414,39300,0.0,0.0,0.0
2022-06-03 00:00:00-04:00,14.640211435879147,14.66567325592041,14.617932950386244,14.66567325592041,31900,0.0,0.0,0.0
2022-06-06 00:00:00-04:00,14.735691391367077,14.773882908790087,14.683496600842465,14.742056846618652,22200,0.0,0.0,0.0
2022-06-07 00:00:00-04:00,14.6784006354628,14.805707287406104,14.672035181457014,14.792976379394531,46700,0.0,0.0,0.0
2022-06-08 00:00:00-04:00,14.735696057220684,14.843906402587892,14.735696057220684,14.84390640258789,24900,0.0,0.0,0.0
2022-06-09 00:00:00-04:00,14.748424887368943,14.786616411487186,14.640214557295035,14.684771537780762,25800,0.0,0.0,0.0
2022-06-10 00:00:00-04:00,14.640211231289399,14.640211231289399,14.32194576973963,14.436521530151367,66900,0.0,0.0,0.0
2022-06-13 00:00:00-04:00,14.321948000449751,14.321948000449751,13.819087910116847,13.94002914428711,124900,0.0,0.0,0.0
2022-06-14 00:00:00-04:00,13.825451834889915,13.914566993713379,13.780894862521404,13.914566993713379,154300,0.0,0.0,0.0
2022-06-15 00:00:00-04:00,13.971859694881594,14.204193426702565,13.952763322672402,14.10616683959961,195000,0.0,0.0,0.0
2022-06-16 00:00:00-04:00,13.927295413764309,13.984583291298737,13.80635541815725,13.90820026397705,813600,0.0,0.0,0.0
2022-06-17 00:00:00-04:00,13.971851538285629,14.058419523073622,13.844544892718128,14.026592254638672,46500,0.0,0.0,0.0
2022-06-21 00:00:00-04:00,14.258291343655703,14.37286709530081,14.035505294799805,14.035505294799805,65900,0.0,0.0,0.0
2022-06-22 00:00:00-04:00,13.978220447490584,14.283756256103516,13.908202861715719,14.283756256103516,19600,0.0,0.0,0.0
2022-06-23 00:00:00-04:00,14.436522934321372,14.436522934321372,14.16281441651246,14.201005935668945,22600,0.0,0.0,0.0
2022-06-24 00:00:00-04:00,14.379235861833164,14.494447821233617,14.238562078830597,14.423792839050293,23500,0.0,0.0,0.0
2022-06-27 00:00:00-04:00,14.105526212225199,14.194640159606934,14.105526212225199,14.194640159606934,17100,0.0,0.0,0.0
2022-06-28 00:00:00-04:00,14.194637037215399,14.258290363094748,14.105523109436035,14.105523109436035,28000,0.0,0.0,0.0
2022-06-29 00:00:00-04:00,14.201005615003698,14.244290226067099,14.051421662482422,14.194640159606934,32700,0.0,0.0,0.0
2022-06-30 00:00:00-04:00,14.188273737101735,14.188273737101735,13.971853143228502,14.121437072753906,109700,0.0,0.0,0.0
2022-07-01 00:00:00-04:00,14.130985772068563,14.3155790926836,14.113162985444854,14.309213638305664,23900,0.0,0.0,0.0
2022-07-05 00:00:00-04:00,14.30921776698238,14.30921776698238,14.067336501261547,14.296486854553223,29700,0.0,0.0,0.0
2022-07-06 00:00:00-04:00,14.315582275390623,14.315582275390623,14.169180434408185,14.315582275390625,20500,0.0,0.0,0.0
2022-07-07 00:00:00-04:00,14.32194713411511,14.32194713411511,14.264659248451729,14.271024703979492,111100,0.0,0.0,0.0
2022-07-08 00:00:00-04:00,14.290119062376492,14.404693603515625,14.277388153110033,14.404693603515625,15100,0.0,0.0,0.0
2022-07-11 00:00:00-04:00,14.34104386044357,14.353773557731923,14.226468086242676,14.226468086242676,40000,0.0,0.0,0.0
2022-07-12 00:00:00-04:00,14.22646707339972,14.353772535825547,14.207370707696944,14.347408294677734,51800,0.0,0.0,0.0
2022-07-13 00:00:00-04:00,14.213735835785094,14.372868570719584,14.169178864257264,14.321946144104004,26200,0.0,0.0,0.0
2022-07-14 00:00:00-04:00,14.220102912055548,14.283756256103516,14.118258047213423,14.283756256103516,53700,0.0,0.0,0.0
2022-07-15 00:00:00-04:00,14.39833222953475,14.461984360366893,14.321947972814979,14.423792839050293,23500,0.0,0.0,0.0
2022-07-18 00:00:00-04:00,14.449252817686162,14.538366760741821,14.290120082751672,14.321946144104004,47600,0.0,0.0,0.0
2022-07-19 00:00:00-04:00,14.372869483541491,14.455617976764763,14.35377311706543,14.35377311706543,73300,0.0,0.0,0.0
2022-07-20 00:00:00-04:00,14.404693603515625,14.455616026495127,14.321945121456308,14.404693603515625,117300,0.0,0.0,0.0
2022-07-21 00:00:00-04:00,14.512908624989109,14.557466821915979,14.442891029420336,14.5447359085083,34400,0.0,0.0,0.0
2022-07-22 00:00:00-04:00,14.557463594211946,14.627481174256308,14.531365591738716,14.57019329071045,51600,0.0,0.0,0.0
2022-07-25 00:00:00-04:00,14.640213652870841,14.659310020793583,14.58929121916345,14.652944564819336,49800,0.0,0.0,0.0
2022-07-26 00:00:00-04:00,14.711039103038717,14.711039103038717,14.501249777016257,14.581937789916992,70900,0.32,0.0,0.0
2022-07-27 00:00:00-04:00,14.66585180296036,14.745894661002664,14.620666715743344,14.652942657470703,39200,0.0,0.0,0.0
2022-07-28 00:00:00-04:00,14.685220207886067,14.85950663331418,14.685220207886067,14.833685874938965,155100,0.0,0.0,0.0
2022-07-29 00:00:00-04:00,14.87241437877507,14.975694931583122,14.846593624972405,14.885323524475098,23500,0.0,0.0,0.0
2022-08-01 00:00:00-04:00,14.853049532849697,14.93050933560695,14.804636232725391,14.87886905670166,35100,0.0,0.0,0.0
2022-08-02 00:00:00-04:00,14.885327370724863,14.885327370724863,14.70458697220955,14.749772071838379,152400,0.0,0.0,0.0
2022-08-03 00:00:00-04:00,14.840137930019736,14.92405414581299,14.76913209068718,14.924054145812988,47800,0.0,0.0,0.0
2022-08-04 00:00:00-04:00,14.924053909076264,14.995058516081228,14.820772130230303,14.872413635253906,21400,0.0,0.0,0.0
2022-08-05 00:00:00-04:00,14.859502575229968,15.027333765230098,14.8207714482445,14.988602638244629,34500,0.0,0.0,0.0
2022-08-08 00:00:00-04:00,14.969239743132457,15.014424831085815,14.865959190324405,14.885323524475098,76700,0.0,0.0,0.0
2022-08-09 00:00:00-04:00,14.878872652224159,14.904693413517148,14.827232360839844,14.827232360839844,66100,0.0,0.0,0.0
2022-08-10 00:00:00-04:00,14.930508803050918,15.08543086544224,14.930508803050918,15.033790588378906,37300,0.0,0.0,0.0
2022-08-11 00:00:00-04:00,15.111252331014837,15.124162709740707,14.977632496725192,15.00797176361084,71100,0.0,0.0,0.0
2022-08-12 00:00:00-04:00,15.195169258181165,15.195169258181165,15.072523117065431,15.07252311706543,49300,0.0,0.0,0.0
2022-08-15 00:00:00-04:00,15.07251787988504,15.201617934600305,15.07251787988504,15.175798416137695,41900,0.0,0.0,0.0
2022-08-16 00:00:00-04:00,15.17580393665428,15.17580393665428,15.104798080450296,15.12545394897461,109800,0.0,0.0,0.0
2022-08-17 00:00:00-04:00,15.285536572734356,15.285536572734356,15.040244336691439,15.09188461303711,64600,0.0,0.0,0.0
2022-08-18 00:00:00-04:00,15.137069731343873,15.208074336185687,15.120931145915035,15.201619148254395,23700,0.0,0.0,0.0
2022-08-19 00:00:00-04:00,15.195169554460513,15.195169554460513,14.911147359939333,14.982151985168457,56000,0.0,0.0,0.0
2022-08-22 00:00:00-04:00,14.975694224115207,14.975694224115207,14.77558708520174,14.820772171020508,50500,0.0,0.0,0.0
2022-08-23 00:00:00-04:00,14.859500874341531,14.911141139876646,14.801405421714396,14.814315795898438,67000,0.0,0.0,0.0
2022-08-24 00:00:00-04:00,14.924051546010114,14.965363266046227,14.853045719046928,14.949871063232422,46700,0.0,0.0,0.0
2022-08-25 00:00:00-04:00,15.046702839370225,15.104798316955565,14.975698213256033,15.104798316955566,61100,0.0,0.0,0.0
2022-08-26 00:00:00-04:00,15.163696750617591,15.242231767016516,14.67285633087158,14.672856330871582,84300,0.32,0.0,0.0
2022-08-29 00:00:00-04:00,14.672859063822324,14.731760025024414,14.587780591125957,14.731760025024414,94900,0.0,0.0,0.0
2022-08-30 00:00:00-04:00,14.797202256808657,14.797202256808657,14.541964401156354,14.633588790893555,67000,0.0,0.0,0.0
2022-08-31 00:00:00-04:00,14.633592100882716,14.7592469016391,14.613958031154045,14.685948371887207,50900,0.0,0.0,0.0
2022-09-01 00:00:00-04:00,14.613953942700837,14.756625146962243,14.496152053829428,14.725211143493652,80900,0.0,0.0,0.0
2022-09-02 00:00:00-04:00,14.856102408522242,14.920892698438548,14.613953942700837,14.725211143493652,51600,0.0,0.0,0.0
2022-09-06 00:00:00-04:00,14.75138857754391,14.75138857754391,14.561596385040476,14.61395263671875,83300,0.0,0.0,0.0
2022-09-07 00:00:00-04:00,14.633590551305252,14.80374872611948,14.55505552897875,14.764480590820312,33200,0.0,0.0,0.0
2022-09-08 00:00:00-04:00,14.81029267627879,14.895372390747072,14.718669520640832,14.89537239074707,67500,0.0,0.0,0.0
2022-09-09 00:00:00-04:00,14.92154862801052,15.045895220254275,14.862647676330413,14.967361450195312,94300,0.0,0.0,0.0
2022-09-12 00:00:00-04:00,15.045896121713888,15.065530189540867,14.856105125807117,14.888827323913574,50000,0.0,0.0,0.0
2022-09-13 00:00:00-04:00,14.816837736809655,14.816837736809655,14.476522615228925,14.535422325134277,94900,0.0,0.0,0.0
2022-09-14 00:00:00-04:00,14.594316005034653,14.594316005034653,14.469970709358353,14.541959762573242,107000,0.0,0.0,0.0
2022-09-15 00:00:00-04:00,14.555055240539467,14.600866815875477,14.476521468041112,14.548510551452637,28500,0.0,0.0,0.0
2022-09-16 00:00:00-04:00,14.50924428679384,14.51578897616105,14.365264865530758,14.437253952026367,69500,0.0,0.0,0.0
2022-09-19 00:00:00-04:00,14.430702591308833,14.646672247496063,14.384891035189009,14.541959762573242,73700,0.0,0.0,0.0
2022-09-20 00:00:00-04:00,14.555052312698534,14.555052312698534,14.39798355102539,14.39798355102539,120300,0.0,0.0,0.0
2022-09-21 00:00:00-04:00,14.515785148822873,14.627042342186868,14.36526107788086,14.36526107788086,47600,0.0,0.0,0.0
2022-09-22 00:00:00-04:00,14.365261934011269,14.45034038187934,14.28018223787159,14.391439437866211,72700,0.0,0.0,0.0
2022-09-23 00:00:00-04:00,14.312903241674862,14.312903241674862,13.894052016848544,14.05112075805664,130300,0.0,0.0,0.0
2022-09-26 00:00:00-04:00,14.024947102752206,14.11264318528751,13.863951255611958,13.946412086486816,40800,0.0,0.0,0.0
2022-09-27 00:00:00-04:00,14.079296629427532,14.079296629427532,13.720503194870876,13.886610984802246,105300,0.32,0.0,0.0
2022-09-28 00:00:00-04:00,13.886610897979056,14.066007614135742,13.822160994781324,14.066007614135742,77700,0.0,0.0,0.0
2022-09-29 00:00:00-04:00,13.95305701193721,13.982956470512017,13.800238120244689,13.893258094787598,64300,0.0,0.0,0.0
2022-09-30 00:00:00-04:00,13.899899912149204,14.03942984738666,13.81352441899771,13.886610984802246,62400,0.0,0.0,0.0
2022-10-03 00:00:00-04:00,13.939765147064184,14.098564403957585,13.912523226740332,14.03278636932373,104600,0.0,0.0,0.0
2022-10-04 00:00:00-04:00,14.23211641451834,14.23211641451834,14.066008613820086,14.172317504882812,64200,0.0,0.0,0.0
2022-10-05 00:00:00-04:00,14.172317504882812,14.172317504882812,14.019498632392887,14.172317504882812,53100,0.0,0.0,0.0
2022-10-06 00:00:00-04:00,14.18560809250109,14.356366911317158,13.953056890859676,14.072654724121094,33900,0.0,0.0,0.0
2022-10-07 00:00:00-04:00,14.026147090024757,14.056046553355502,13.79425991578368,13.913193702697754,54200,0.0,0.0,0.0
2022-10-10 00:00:00-04:00,13.8998988968381,13.8998988968381,13.666019622203823,13.780301094055176,70200,0.0,0.0,0.0
2022-10-11 00:00:00-04:00,13.713860056257154,13.80688128937188,13.654061144719824,13.767014503479004,37000,0.0,0.0,0.0
2022-10-12 00:00:00-04:00,13.707214949618715,13.78894071629764,13.706550883408882,13.786947250366211,38900,0.0,0.0,0.0
2022-10-13 00:00:00-04:00,13.747081497139341,13.860034848662258,13.660704733873747,13.833456993103027,62800,0.0,0.0,0.0
2022-10-14 00:00:00-04:00,13.853388921822912,14.02614116280916,13.66070329127225,13.780301094055176,63900,0.0,0.0,0.0
2022-10-17 00:00:00-04:00,13.833457231093114,13.886611675824136,13.786947250366211,13.786947250366211,61400,0.0,0.0,0.0
2022-10-18 00:00:00-04:00,13.899896822834112,13.933117866516113,13.800232424486527,13.933117866516113,18000,0.0,0.0,0.0
2022-10-19 00:00:00-04:00,13.893256139828255,13.906545067836491,13.773658322357974,13.786947250366211,123100,0.0,0.0,0.0
2022-10-20 00:00:00-04:00,13.84010198056098,13.913189818811857,13.753726481329727,13.846746444702148,55700,0.0,0.0,0.0
2022-10-21 00:00:00-04:00,13.933125712886756,13.933125712886756,13.828146192583734,13.926481246948242,46800,0.0,0.0,0.0
2022-10-24 00:00:00-04:00,13.926473404319395,13.966340177499696,13.820164543775094,13.933117866516113,65100,0.0,0.0,0.0
2022-10-25 00:00:00-04:00,13.979636214760042,14.085945129394533,13.933124955718004,14.085945129394531,87700,0.0,0.0,0.0
2022-10-26 00:00:00-04:00,14.160150823224551,14.227612495422363,14.052212662397801,14.227612495422363,84000,0.32,0.0,0.0
2022-10-27 00:00:00-04:00,14.254596392266862,14.254596392266862,14.099435446918957,14.227612495422363,61000,0.0,0.0,0.0
2022-10-28 00:00:00-04:00,14.261344243904821,14.382775009762684,14.220867750860373,14.328805923461914,107200,0.0,0.0,0.0
2022-10-31 00:00:00-04:00,14.315309524536133,14.335548409040186,14.187133782849648,14.315309524536133,83400,0.0,0.0,0.0
2022-11-01 00:00:00-04:00,14.409758918031574,14.490711896939391,14.274835570886012,14.301820755004883,105600,0.0,0.0,0.0
2022-11-02 00:00:00-04:00,14.315312064260922,14.382773737852181,14.213445953650398,14.295074462890625,144200,0.0,0.0,0.0
2022-11-03 00:00:00-04:00,14.241109501756846,14.328808802092528,14.085947221586371,14.30856990814209,61800,0.0,0.0,0.0
2022-11-04 00:00:00-04:00,14.443493294362126,14.469802955790353,14.281586002932947,14.30856990814209,88300,0.0,0.0,0.0
2022-11-07 00:00:00-05:00,14.335549975703161,14.423249244689941,14.301819784567703,14.423249244689941,68000,0.0,0.0,0.0
2022-11-08 00:00:00-05:00,14.477218975696903,14.477218975696903,14.288327838057404,14.369280815124512,32400,0.0,0.0,0.0
2022-11-09 00:00:00-05:00,14.33554969199032,14.33554969199032,14.200626356670107,14.234357833862305,77000,0.0,0.0,0.0
2022-11-10 00:00:00-05:00,14.477221847933444,14.504207036792506,14.382776260375978,14.382776260375977,164500,0.0,0.0,0.0
2022-11-11 00:00:00-05:00,14.50420092858552,14.54467740810348,14.452255877304722,14.524439811706543,28200,0.0,0.0,0.0
2022-11-14 00:00:00-05:00,14.517693517332868,14.603368753757952,14.517693517332868,14.524439811706543,44100,0.0,0.0,0.0
2022-11-15 00:00:00-05:00,14.666110075251012,14.666110075251012,14.37197906461403,14.490710258483887,84900,0.0,0.0,0.0
2022-11-16 00:00:00-05:00,14.510951643556625,14.612143516540527,14.483966457841197,14.612143516540527,115500,0.0,0.0,0.0
2022-11-17 00:00:00-05:00,14.544679645020603,14.589204165355289,14.508251193869105,14.537933349609375,69800,0.0,0.0,0.0
2022-11-18 00:00:00-05:00,14.659364401654955,14.659364401654955,14.55817254180836,14.591902732849121,42700,0.0,0.0,0.0
2022-11-21 00:00:00-05:00,14.56491691826904,14.686347648774804,14.56491691826904,14.632378578186035,55100,0.0,0.0,0.0
2022-11-22 00:00:00-05:00,14.659360881982138,14.841506958007812,14.659360881982138,14.841506958007812,122500,0.0,0.0,0.0
2022-11-23 00:00:00-05:00,14.80103364049313,14.91571808839035,14.797659849444353,14.895479202270508,69800,0.0,0.0,0.0
2022-11-25 00:00:00-05:00,14.902324809335711,14.950242042541506,14.833871059478858,14.950242042541504,69600,0.32,0.0,0.0
2022-11-28 00:00:00-05:00,14.847560700104454,14.909168938724326,14.594282240706475,14.731189727783203,102000,0.0,0.0,0.0
2022-11-29 00:00:00-05:00,14.765415915996787,14.806487639775696,14.717498687313633,14.738035202026367,59600,0.0,0.0,0.0
2022-11-30 00:00:00-05:00,14.806488257466489,14.991312980651855,14.731190311671668,14.991312980651855,33800,0.0,0.0,0.0
2022-12-01 00:00:00-05:00,15.046077728271484,15.046077728271484,14.922861229673149,15.046077728271484,48700,0.0,0.0,0.0
2022-12-02 00:00:00-05:00,14.963936309313604,15.12137905428617,14.963936309313604,15.103580474853516,109000,0.0,0.0,0.0
2022-12-05 00:00:00-05:00,15.121369265190546,15.128214767798701,14.963926622141363,15.059761047363281,54800,0.0,0.0,0.0
2022-12-06 00:00:00-05:00,15.100837180361372,15.116581971536347,14.902322769165037,14.902322769165039,72300,0.0,0.0,0.0
2022-12-07 00:00:00-05:00,14.957091342993527,14.957091342993527,14.881792068481445,14.881792068481445,35000,0.0,0.0,0.0
2022-12-08 00:00:00-05:00,14.895485084838404,15.011856113065548,14.883847851450971,15.005010604858398,37300,0.0,0.0,0.0
2022-12-09 00:00:00-05:00,14.98446934800386,14.991314854049135,14.888634874663568,14.922861099243164,34400,0.0,0.0,0.0
2022-12-12 00:00:00-05:00,14.929705525890444,14.963933053642211,14.888633798235006,14.950242042541504,45000,0.0,0.0,0.0
2022-12-13 00:00:00-05:00,15.100836573276313,15.196672328361593,14.96872212592799,15.1419095993042,82700,0.0,0.0,0.0
2022-12-14 00:00:00-05:00,15.09399978353327,15.265133573848374,15.09399978353327,15.251443862915039,49000,0.0,0.0,0.0
2022-12-15 00:00:00-05:00,15.196676251290246,15.196676251290246,14.933130141654201,15.046077728271484,55400,0.0,0.0,0.0
2022-12-16 00:00:00-05:00,14.991314097558528,15.059767848910187,14.88863412335439,15.03238582611084,95300,0.0,0.0,0.0
2022-12-19 00:00:00-05:00,15.066616148513594,15.155605127819879,14.985840994182231,15.121378898620605,102100,0.0,0.0,0.0
2022-12-20 00:00:00-05:00,15.10768803973622,15.17614180448428,15.039234274988159,15.162450790405273,39300,0.0,0.0,0.0
2022-12-21 00:00:00-05:00,15.237752846334503,15.28567009871918,15.182990085659558,15.251443862915039,61700,0.0,0.0,0.0
2022-12-22 00:00:00-05:00,15.265125937987648,15.265125937987648,14.922858528565085,15.093992233276367,48700,0.0,0.0,0.0
2022-12-23 00:00:00-05:00,15.100836773774594,15.196672530132314,15.026222995098898,15.176136016845703,45100,0.0,0.0,0.0
2022-12-27 00:00:00-05:00,15.196308582510294,15.425817991448106,15.050256416897707,15.147624969482422,128800,0.349,0.0,0.0
2022-12-28 00:00:00-05:00,15.224125662258459,15.244990634217354,15.126758446174605,15.189352035522461,59100,0.0,0.0,0.0
2022-12-29 00:00:00-05:00,15.258901128360833,15.272809783605389,15.154578918117842,15.238036155700684,47700,0.0,0.0,0.0
2022-12-30 00:00:00-05:00,15.196308332859376,15.238036953836453,15.133714738129287,15.23108196258545,161700,0.0,0.0,0.0
2023-01-03 00:00:00-05:00,15.279767177651095,15.279767177651095,15.098941365743325,15.21717357635498,140500,0.0,0.0,0.0
2023-01-04 00:00:00-05:00,15.293677150413103,15.349315759687899,15.258903517064763,15.328452110290527,76800,0.0,0.0,0.0
2023-01-05 00:00:00-05:00,15.321494102478027,15.321494102478027,15.231080551122542,15.321494102478027,64600,0.0,0.0,0.0
2023-01-06 00:00:00-05:00,15.391041114585802,15.439726048069184,15.328448853164767,15.404951095581055,56700,0.0,0.0,0.0
2023-01-09 00:00:00-05:00,15.460594937241455,15.460594937241455,15.335407718878487,15.35627269744873,86600,0.0,0.0,0.0
2023-01-10 00:00:00-05:00,15.391042905497976,15.547526893581146,15.377134249413103,15.537095069885254,66500,0.0,0.0,0.0
2023-01-11 00:00:00-05:00,15.537095225298323,15.55796019942777,15.505798427368637,15.544050216674805,75800,0.0,0.0,0.0
2023-01-12 00:00:00-05:00,15.613603437566645,15.696365604408905,15.546141460375908,15.676197052001953,124400,0.0,0.0,0.0
2023-01-13 00:00:00-05:00,15.648372727128612,15.815288543701172,15.640722634429997,15.815288543701172,76500,0.0,0.0,0.0
2023-01-17 00:00:00-05:00,15.76660256066619,15.80137618644551,15.6796671696891,15.794421195983887,142000,0.0,0.0,0.0
2023-01-18 00:00:00-05:00,15.780514541685415,15.822243163215235,15.620552393851339,15.704010963439941,1018700,0.0,0.0,0.0
2023-01-19 00:00:00-05:00,15.655322794048063,15.780509948730469,15.578819238069132,15.780509948730469,93200,0.0,0.0,0.0
2023-01-20 00:00:00-05:00,15.780509948730469,15.780509948730469,15.601770835474241,15.780509948730469,214300,0.0,0.0,0.0
2023-01-23 00:00:00-05:00,15.794421195983887,15.794421195983887,15.717918953963627,15.794421195983887,124800,0.0,0.0,0.0
2023-01-24 00:00:00-05:00,15.72488028652033,15.919614791870115,15.72488028652033,15.919614791870117,96000,0.0,0.0,0.0
2023-01-25 00:00:00-05:00,15.912654234943854,15.92656421661377,15.6935779930226,15.92656421661377,128800,0.0,0.0,0.0
2023-01-26 00:00:00-05:00,16.018265054063143,16.018265054063143,15.870144352530685,15.940678596496582,98200,0.32,0.0,0.0
2023-01-27 00:00:00-05:00,15.997099103496277,15.997099103496277,15.950546710086766,15.990045547485352,104800,0.0,0.0,0.0
2023-01-30 00:00:00-05:00,15.975940813551157,15.975940813551157,15.841925920051366,15.919513702392578,74500,0.0,0.0,0.0
2023-01-31 00:00:00-05:00,15.997098922729494,15.997098922729494,15.799603392640009,15.997098922729492,145700,0.0,0.0,0.0
2023-02-01 00:00:00-05:00,16.060580102506396,16.11700720646095,15.912458113795516,16.08173942565918,131300,0.0,0.0,0.0
2023-02-02 00:00:00-05:00,16.131113430685733,16.188245483512443,15.926564349281715,16.011205673217773,112800,0.0,0.0,0.0
2023-02-03 00:00:00-05:00,16.145223000443757,16.145223000443757,15.863087429737528,15.97594165802002,82700,0.0,0.0,0.0
2023-02-06 00:00:00-05:00,15.940674373575213,16.09866974668785,15.866614042428665,15.919513702392578,155000,0.0,0.0,0.0
2023-02-07 00:00:00-05:00,15.9759384354635,15.990045547485352,15.8278177952188,15.990045547485352,96300,0.0,0.0,0.0
2023-02-08 00:00:00-05:00,15.982992558876836,15.982992558876836,15.792550575805818,15.86308479309082,131300,0.0,0.0,0.0
2023-02-09 00:00:00-05:00,15.891297717212574,15.926564150303879,15.729068627139284,15.771389961242676,85700,0.0,0.0,0.0
2023-02-10 00:00:00-05:00,15.771387548498629,15.771387548498629,15.592936518447601,15.70085334777832,89400,0.0,0.0,0.0
2023-02-13 00:00:00-05:00,15.672640338834846,15.856028736728751,15.672640338834846,15.84897518157959,178100,0.0,0.0,0.0
2023-02-14 00:00:00-05:00,15.870141141263952,15.954782485961914,15.838400805168282,15.954782485961914,78800,0.0,0.0,0.0
2023-02-15 00:00:00-05:00,16.060583157837968,16.060583157837968,15.926568255953082,15.954782485961914,108200,0.0,0.0,0.0
2023-02-16 00:00:00-05:00,15.954780273690943,16.004153824031786,15.827818946912574,15.877192497253418,152600,0.0,0.0,0.0
2023-02-17 00:00:00-05:00,15.863084714638667,15.863084714638667,15.700856957415281,15.813711166381836,123800,0.0,0.0,0.0
2023-02-21 00:00:00-05:00,15.714961599003699,15.733299766046516,15.52451964681773,15.588000297546387,216000,0.0,0.0,0.0
2023-02-22 00:00:00-05:00,15.623271942138672,15.757286843441443,15.531578385665322,15.623271942138672,171500,0.0,0.0,0.0
2023-02-23 00:00:00-05:00,15.75924815209352,15.795031547546388,15.644739648585494,15.795031547546387,122300,0.32,0.0,0.0
2023-02-24 00:00:00-05:00,15.737774503118262,15.737774503118262,15.537383975014077,15.666206359863281,115700,0.0,0.0,0.0
2023-02-27 00:00:00-05:00,15.716307019333914,15.759248733520506,15.694837527289705,15.759248733520508,165300,0.0,0.0,0.0
2023-02-28 00:00:00-05:00,15.759249640586738,15.823660850524902,15.723464876704888,15.823660850524902,121700,0.0,0.0,0.0
2023-03-01 00:00:00-05:00,15.845127890167776,15.91240159778924,15.68052209694817,15.766404151916504,223800,0.0,0.0,0.0
2023-03-02 00:00:00-05:00,15.744932889312897,15.85228443145752,15.701992545464831,15.85228443145752,209800,0.0,0.0,0.0
2023-03-03 00:00:00-05:00,15.888072911834985,15.981110572814941,15.862307607449573,15.981110572814941,201200,0.0,0.0,0.0
2023-03-06 00:00:00-05:00,16.031206711549423,16.031206711549423,15.968227439401272,16.024049758911133,296600,0.0,0.0,0.0
2023-03-07 00:00:00-05:00,16.00257819273104,16.03120463452618,15.86659884031948,15.945323944091797,193200,0.0,0.0,0.0
2023-03-08 00:00:00-05:00,16.00973568730527,16.00973568730527,15.902382773048691,16.002578735351562,156700,0.0,0.0,0.0
2023-03-09 00:00:00-05:00,15.99541847485857,16.024044911703207,15.673362528801853,15.687676429748535,234900,0.0,0.0,0.0
2023-03-10 00:00:00-05:00,15.694840117390303,15.694840117390303,15.070051586853243,15.3799409866333,343800,0.0,0.0,0.0
2023-03-13 00:00:00-04:00,15.315529769772793,15.3799409866333,15.072198809421835,15.3799409866333,342800,0.0,0.0,0.0
2023-03-14 00:00:00-04:00,15.551703886578201,15.55886084017436,15.294775668207944,15.46582317352295,148900,0.0,0.0,0.0
2023-03-15 00:00:00-04:00,15.229645934098958,15.246105695333815,14.99633448354833,15.243958473205566,246700,0.0,0.0,0.0
2023-03-16 00:00:00-04:00,15.322681736396046,15.458661079406738,15.065036952807125,15.458661079406738,107800,0.0,0.0,0.0
2023-03-17 00:00:00-04:00,15.379936320224223,15.379936320224223,15.107978993254699,15.186702728271484,338400,0.0,0.0,0.0
2023-03-20 00:00:00-04:00,15.1723886053221,15.35918051200702,15.072192661602985,15.322680473327637,244200,0.0,0.0,0.0
2023-03-21 00:00:00-04:00,15.46581854085683,15.601796523304714,15.404269850405763,15.580327033996582,162700,0.0,0.0,0.0
2023-03-22 00:00:00-04:00,15.551700632549675,15.716306435671322,15.469397730988852,15.487289428710938,162700,0.0,0.0,0.0
2023-03-23 00:00:00-04:00,15.587484886826747,15.701993386588184,15.265428878092086,15.365623474121094,183800,0.0,0.0,0.0
2023-03-24 00:00:00-04:00,15.236800654959993,15.544541358947754,15.075772669411911,15.544541358947754,284800,0.0,0.0,0.0
2023-03-27 00:00:00-04:00,15.573600913957648,15.689821702568736,15.537281051603506,15.66802978515625,166600,0.32,0.0,0.0
2023-03-28 00:00:00-04:00,15.653501217291018,15.740667498011135,15.617182741843235,15.682557106018066,65300,0.0,0.0,0.0
2023-03-29 00:00:00-04:00,15.769722644024228,15.820570451369035,15.718876222140509,15.798778533935547,164500,0.0,0.0,0.0
2023-03-30 00:00:00-04:00,15.856889716126995,15.864153688965725,15.689822497219648,15.726140975952148,141200,0.0,0.0,0.0
2023-03-31 00:00:00-04:00,15.747932112051826,15.835097010863608,15.747932112051826,15.798778533935547,230000,0.0,0.0,0.0
2023-04-03 00:00:00-04:00,15.91499963255544,15.922263605174715,15.769722951092197,15.900471687316895,235300,0.0,0.0,0.0
2023-04-04 00:00:00-04:00,15.922263792684946,15.9440557107994,15.747932604152691,15.820570945739746,201900,0.0,0.0,0.0
2023-04-05 00:00:00-04:00,15.83509590147604,15.925167491337515,15.734129046391672,15.856887817382812,175200,0.0,0.0,0.0
2023-04-06 00:00:00-04:00,15.936791385312954,15.936791385312954,15.77698676026669,15.893207550048828,173500,0.0,0.0,0.0
2023-04-10 00:00:00-04:00,15.893208506742484,15.965846851094069,15.871417973259836,15.958582878112793,180900,0.0,0.0,0.0
2023-04-11 00:00:00-04:00,15.987637821537595,16.038484243928778,15.965845903886615,16.023956298828125,142600,0.0,0.0,0.0
2023-04-12 00:00:00-04:00,16.11111893871701,16.14017343688343,15.965842291502549,16.00942611694336,126400,0.0,0.0,0.0
2023-04-13 00:00:00-04:00,16.074800491333008,16.089328434418352,16.023954075995206,16.074800491333008,246500,0.0,0.0,0.0
2023-04-14 00:00:00-04:00,16.118385442516814,16.1256494145651,15.987636716569698,16.08206558227539,148900,0.0,0.0,0.0
2023-04-17 00:00:00-04:00,16.08206512488021,16.161967429677812,16.053010622974423,16.103857040405273,114500,0.0,0.0,0.0
2023-04-18 00:00:00-04:00,16.191024109916736,16.196834733490245,16.08932988461412,16.096593856811523,155500,0.0,0.0,0.0
2023-04-19 00:00:00-04:00,16.111120680946087,16.132911210562096,16.053010292868503,16.08932876586914,177600,0.0,0.0,0.0
2023-04-20 00:00:00-04:00,16.118389461339767,16.118389461339767,15.99490467665228,16.067543029785156,243500,0.0,0.0,0.0
2023-04-21 00:00:00-04:00,16.111125487480344,16.111125487480344,16.0166952127692,16.067543029785156,188600,0.0,0.0,0.0
2023-04-24 00:00:00-04:00,16.082067353833093,16.08933132668156,16.009430396270762,16.05301284790039,450200,0.0,0.0,0.0
2023-04-25 00:00:00-04:00,16.082490880298757,16.10165497169627,15.84294957854582,15.89822769165039,323400,0.32,0.0,0.0
2023-04-26 00:00:00-04:00,15.986673998232066,16.023526072153974,15.883485660781014,15.949820518493652,210500,0.0,0.0,0.0
2023-04-27 00:00:00-04:00,16.02353045843067,16.03827185436134,15.957195582559542,16.0087890625,199600,0.0,0.0,0.0
2023-04-28 00:00:00-04:00,16.060382739318253,16.060382739318253,15.979306473619438,16.00141716003418,202600,0.0,0.0,0.0
2023-05-01 00:00:00-04:00,15.994047077015933,16.141456800481564,15.986676379970143,16.104604721069336,235700,0.0,0.0,0.0
2023-05-02 00:00:00-04:00,16.148824569833447,16.148824569833447,15.883485147556499,16.075119018554688,337500,0.0,0.0,0.0
2023-05-03 00:00:00-04:00,16.06038369615361,16.06038369615361,15.942453936376305,15.986678123474121,471400,0.0,0.0,0.0
2023-05-04 00:00:00-04:00,16.01615606005381,16.01615606005381,15.787670099185924,15.850318908691406,287200,0.0,0.0,0.0
2023-05-05 00:00:00-04:00,16.0161593589975,16.06775283764469,15.876120318617076,16.05301284790039,116900,0.0,0.0,0.0
2023-05-08 00:00:00-04:00,16.134083300242104,16.14882469177246,16.016154979632205,16.14882469177246,169200,0.0,0.0,0.0
2023-05-09 00:00:00-04:00,16.141455085304624,16.141455085304624,16.03089745299898,16.082490921020508,128800,0.0,0.0,0.0
2023-05-10 00:00:00-04:00,16.163572107591463,16.200424194335938,16.049328389376395,16.200424194335938,198900,0.0,0.0,0.0
2023-05-11 00:00:00-04:00,16.170939305704657,16.25201416015625,16.075121651602736,16.25201416015625,149100,0.0,0.0,0.0
2023-05-12 00:00:00-04:00,16.2741236348018,16.288128378437463,16.14882461899143,16.24464225769043,132300,0.0,0.0,0.0
2023-05-15 00:00:00-04:00,16.28149515521017,16.32571792602539,16.211475650934688,16.32571792602539,269400,0.0,0.0,0.0
2023-05-16 00:00:00-04:00,16.34783444013125,16.34783444013125,16.159885153104792,16.22990608215332,207100,0.0,0.0,0.0
2023-05-17 00:00:00-04:00,16.26675826464583,16.303611755371094,16.229906179737494,16.303611755371094,179100,0.0,0.0,0.0
2023-05-18 00:00:00-04:00,16.303610153619736,16.369943618774414,16.274127363936067,16.369943618774414,144200,0.0,0.0,0.0
2023-05-19 00:00:00-04:00,16.406800225471738,16.471660406964833,16.30361325359248,16.362577438354492,162100,0.0,0.0,0.0
2023-05-22 00:00:00-04:00,16.36994101029654,16.399423795282257,16.288866163218948,16.37731170654297,254600,0.0,0.0,0.0
2023-05-23 00:00:00-04:00,16.392058827826972,16.392058827826972,16.285185803627993,16.362577438354492,324700,0.0,0.0,0.0
2023-05-24 00:00:00-04:00,16.31835164772831,16.31835164772831,16.22990608215332,16.22990608215332,214400,0.0,0.0,0.0
2023-05-25 00:00:00-04:00,16.34209016465482,16.364526903672676,16.252338928940905,16.3046932220459,205000,0.32,0.0,0.0
2023-05-26 00:00:00-04:00,16.364530827062662,16.469240864924338,16.357800374362682,16.461761474609375,153600,0.0,0.0,0.0
2023-05-30 00:00:00-04:00,16.469239512886944,16.529073203946798,16.304695792561553,16.47671890258789,462500,0.0,0.0,0.0
2023-05-31 00:00:00-04:00,16.506636220744113,16.529074391458998,16.41688639098022,16.521595001220703,277500,0.0,0.0,0.0
2023-06-01 00:00:00-04:00,16.536554547668125,16.6779111780404,16.40118085914449,16.671180725097656,335200,0.0,0.0,0.0
2023-06-02 00:00:00-04:00,16.73101525664672,16.843203267910432,16.693618301860177,16.835723876953125,331400,0.0,0.0,0.0
2023-06-05 00:00:00-04:00,16.865635634471236,16.947907487088855,16.78411271933843,16.82076072692871,413000,0.0,0.0,0.0
2023-06-06 00:00:00-04:00,16.865636266020264,17.030179977416992,16.790845226164635,17.030179977416992,274900,0.0,0.0,0.0
2023-06-07 00:00:00-04:00,16.970349661674806,17.0227039705958,16.94417250721431,16.992786407470703,318700,0.0,0.0,0.0
2023-06-08 00:00:00-04:00,16.947910571748334,17.05261918392125,16.940431181372002,17.045141220092773,477100,0.0,0.0,0.0
2023-06-09 00:00:00-04:00,17.067576686233714,17.08253546586589,17.015222384068835,17.075056076049805,210300,0.0,0.0,0.0
2023-06-12 00:00:00-04:00,17.10497363531416,17.10497363531416,17.015222384068835,17.075056076049805,395400,0.0,0.0,0.0
2023-06-13 00:00:00-04:00,17.10497363531416,17.10497363531416,17.04738247638505,17.075056076049805,356600,0.0,0.0,0.0
2023-06-14 00:00:00-04:00,17.097495983675334,17.134891510009766,17.060099030793012,17.134891510009766,310100,0.0,0.0,0.0
2023-06-15 00:00:00-04:00,17.142370271666564,17.172286406326972,17.05635942301463,17.1049747467041,309300,0.0,0.0,0.0
2023-06-16 00:00:00-04:00,17.090014017054596,17.157327095548524,17.054861029298753,17.14236831665039,285500,0.0,0.0,0.0
2023-06-20 00:00:00-04:00,17.179763837348048,17.179763837348048,17.10497279595273,17.14236831665039,511200,0.0,0.0,0.0
2023-06-21 00:00:00-04:00,17.179765701293945,17.184253620759844,17.142370176539,17.179765701293945,467100,0.0,0.0,0.0
2023-06-22 00:00:00-04:00,17.194722453883276,17.217160622018604,17.142368154781845,17.20220184326172,343000,0.0,0.0,0.0
2023-06-23 00:00:00-04:00,17.2171630859375,17.2171630859375,17.153588980396595,17.2171630859375,511100,0.0,0.0,0.0
2023-06-26 00:00:00-04:00,17.217163037641164,17.254558563232422,17.198465274845535,17.254558563232422,458700,0.0,0.0,0.0
2023-06-27 00:00:00-04:00,17.292477541776616,17.330400510885905,17.25455601928068,17.315231323242188,402200,0.32,0.0,0.0
2023-06-28 00:00:00-04:00,17.315233471361417,17.398662567138672,17.30006428183582,17.398662567138672,304900,0.0,0.0,0.0
2023-06-29 00:00:00-04:00,17.37590510087798,17.383489694033596,17.330398988557512,17.353151321411133,275400,0.0,0.0,0.0
2023-06-30 00:00:00-04:00,17.368323213616453,17.413829333026538,17.337986282880884,17.406246185302734,240500,0.0,0.0,0.0
2023-07-03 00:00:00-04:00,17.42141392736379,17.436583116038303,17.383492402290965,17.406246185302734,266600,0.0,0.0,0.0
2023-07-05 00:00:00-04:00,17.40624944359052,17.436586380004883,17.29248195384892,17.436586380004883,386700,0.0,0.0,0.0
2023-07-06 00:00:00-04:00,17.398662371105996,17.398662371105996,17.17871346530362,17.300064086914062,521800,0.0,0.0,0.0
2023-07-07 00:00:00-04:00,17.330398988557512,17.398658880344826,17.296269042663855,17.353151321411133,270700,0.0,0.0,0.0
2023-07-10 00:00:00-04:00,17.330402660887014,17.40624716190147,17.330402660887014,17.398662567138672,410700,0.0,0.0,0.0
2023-07-11 00:00:00-04:00,17.436586380004883,17.44265347796501,17.383495656319454,17.436586380004883,353200,0.0,0.0,0.0
2023-07-12 00:00:00-04:00,17.474504941762753,17.51242646434872,17.451751160243155,17.482088088989258,407100,0.0,0.0,0.0
2023-07-13 00:00:00-04:00,17.527595946571772,17.6337773688875,17.497257570702487,17.55034828186035,303100,0.0,0.0,0.0
2023-07-14 00:00:00-04:00,17.53518295288086,17.55035069628877,17.451753854376246,17.53518295288086,240300,0.0,0.0,0.0
2023-07-17 00:00:00-04:00,17.55035116625877,17.565520356686466,17.520014232016997,17.542766571044922,347900,0.0,0.0,0.0
2023-07-18 00:00:00-04:00,17.55035069628877,17.557935291299515,17.512429167848627,17.53518295288086,446300,0.0,0.0,0.0
2023-07-19 00:00:00-04:00,17.55793440484481,17.55793440484481,17.474506757165823,17.512428283691406,381600,0.0,0.0,0.0
2023-07-20 00:00:00-04:00,17.489672682829124,17.49725727666899,17.44416656640329,17.482088088989258,330600,0.0,0.0,0.0
2023-07-21 00:00:00-04:00,17.542766101278023,17.542766101278023,17.48891735729939,17.53518295288086,367500,0.0,0.0,0.0
2023-07-24 00:00:00-04:00,17.527598780560684,17.565520309915335,17.504844994979724,17.55793571472168,753100,0.0,0.0,0.0
2023-07-25 00:00:00-04:00,17.55793376234925,17.595856734100632,17.542764573648697,17.573102951049805,648400,0.0,0.0,0.0
2023-07-26 00:00:00-04:00,17.63457555526744,17.63457555526744,17.557736155530637,17.61920738220215,474000,0.3,0.0,0.0
2023-07-27 00:00:00-04:00,17.649942259455834,17.672994519049478,17.457844492944428,17.519315719604492,404300,0.0,0.0,0.0
2023-07-28 00:00:00-04:00,17.54236740689082,17.60383863154543,17.526999234329768,17.588470458984375,446800,0.0,0.0,0.0
2023-07-31 00:00:00-04:00,17.59615440862994,17.615363891387293,17.526999098231798,17.557735443115234,566700,0.0,0.0,0.0
2023-08-01 00:00:00-04:00,17.526996612548828,17.57310112333543,17.51931252741773,17.526996612548828,509700,0.0,0.0,0.0
2023-08-02 00:00:00-04:00,17.450160267307737,17.473212526717614,17.361795471287653,17.388689041137695,1035200,0.0,0.0,0.0
2023-08-03 00:00:00-04:00,17.3118504461352,17.42710880760132,17.296482273782495,17.404056549072266,195700,0.0,0.0,0.0
2023-08-04 00:00:00-04:00,17.47321128845215,17.55005068211677,17.416350811311514,17.47321128845215,218300,0.0,0.0,0.0
2023-08-07 00:00:00-04:00,17.4732113415754,17.550050735473633,17.457075200759828,17.550050735473633,397600,0.0,0.0,0.0
2023-08-08 00:00:00-04:00,17.4962622594657,17.4962622594657,17.35026756879905,17.480894088745117,379500,0.0,0.0,0.0
2023-08-09 00:00:00-04:00,17.519315719604492,17.57310432532299,17.434793698940435,17.519315719604492,220400,0.0,0.0,0.0
2023-08-10 00:00:00-04:00,17.51931811588245,17.63457796402616,17.442480171239772,17.496267318725586,324100,0.0,0.0,0.0
2023-08-11 00:00:00-04:00,17.44247460728549,17.57310112333543,17.44247460728549,17.526996612548828,229900,0.0,0.0,0.0
2023-08-14 00:00:00-04:00,17.503949059182855,17.603839253177846,17.480896799527244,17.596155166625977,347500,0.0,0.0,0.0
2023-08-15 00:00:00-04:00,17.596153064079644,17.596153064079644,17.45015836821819,17.48857879638672,469300,0.0,0.0,0.0
2023-08-16 00:00:00-04:00,17.47321128845215,17.55005068211677,17.41174006663836,17.47321128845215,227900,0.0,0.0,0.0
2023-08-17 00:00:00-04:00,17.44247880314029,17.487044455795974,17.3041681686881,17.350271224975586,265100,0.0,0.0,0.0
2023-08-18 00:00:00-04:00,17.28880003720507,17.42711067199707,17.25806368921141,17.42711067199707,327100,0.0,0.0,0.0
2023-08-21 00:00:00-04:00,17.442474365234375,17.442474365234375,17.334898640481192,17.442474365234375,353400,0.0,0.0,0.0
2023-08-22 00:00:00-04:00,17.519321241641087,17.519321241641087,17.373327948300325,17.434799194335938,343100,0.0,0.0,0.0
2023-08-23 00:00:00-04:00,17.44247778547165,17.531610551172363,17.424036270914666,17.519315719604492,349900,0.0,0.0,0.0
2023-08-24 00:00:00-04:00,17.5807834989067,17.5807834989067,17.411738025136504,17.442474365234375,253900,0.0,0.0,0.0
2023-08-25 00:00:00-04:00,17.519316251048277,17.573104858398438,17.388689707234413,17.573104858398438,357900,0.0,0.0,0.0
2023-08-28 00:00:00-04:00,17.658746930616235,17.682104110717773,17.59645864189556,17.682104110717773,456100,0.3,0.0,0.0
2023-08-29 00:00:00-04:00,17.658755827575916,17.713257922032398,17.612039958766175,17.666542053222656,307600,0.0,0.0,0.0
2023-08-30 00:00:00-04:00,17.721041127722195,17.791115661530302,17.68833987662114,17.775543212890625,402700,0.0,0.0,0.0
2023-08-31 00:00:00-04:00,17.752181142150633,17.845614331035076,17.752181142150633,17.830041885375977,402500,0.0,0.0,0.0
2023-09-01 00:00:00-04:00,17.900117037638225,17.923475706951425,17.811355876332314,17.85340118408203,361600,0.0,0.0,0.0
2023-09-05 00:00:00-04:00,17.85340118408203,17.85340118408203,17.77554043810824,17.85340118408203,428400,0.0,0.0,0.0
2023-09-06 00:00:00-04:00,17.830042737541064,17.837828960742744,17.736611029261322,17.814470291137695,307100,0.0,0.0,0.0
2023-09-07 00:00:00-04:00,17.752180718484244,17.837827682495117,17.72882353562318,17.837827682495117,181900,0.0,0.0,0.0
2023-09-08 00:00:00-04:00,17.837827670758166,17.90790218943548,17.837827670758166,17.900115966796875,265300,0.0,0.0,0.0
2023-09-11 00:00:00-04:00,17.907904079295438,17.962406158447266,17.884545408914537,17.962406158447266,407000,0.0,0.0,0.0
2023-09-12 00:00:00-04:00,17.977977122433625,17.983427329899243,17.919581193833366,17.954618453979492,300200,0.0,0.0,0.0
2023-09-13 00:00:00-04:00,17.95462246626987,18.001339813617992,17.93905150222432,17.985767364501953,356300,0.0,0.0,0.0
2023-09-14 00:00:00-04:00,18.02469168511635,18.040264129638672,17.985762058880585,18.040264129638672,225200,0.0,0.0,0.0
2023-09-15 00:00:00-04:00,18.05584190045365,18.05584190045365,17.970194915385914,17.985767364501953,383000,0.0,0.0,0.0
2023-09-18 00:00:00-04:00,18.016910125821337,18.04805502292661,17.977980489510177,18.024696350097656,649300,0.0,0.0,0.0
2023-09-19 00:00:00-04:00,18.040269451337608,18.040269451337608,17.91569282855026,17.985767364501953,354500,0.0,0.0,0.0
2023-09-20 00:00:00-04:00,18.05583892652747,18.079196111283952,17.946833285739686,17.970191955566406,749700,0.0,0.0,0.0
2023-09-21 00:00:00-04:00,17.970193910130035,17.970193910130035,17.796565418903405,17.845617294311523,595200,0.0,0.0,0.0
2023-09-22 00:00:00-04:00,17.884546929853407,17.884546929853407,17.80668765876964,17.845617294311523,599900,0.0,0.0,0.0
2023-09-25 00:00:00-04:00,17.900118114098277,17.900118114098277,17.73661187428372,17.806686401367188,775500,0.0,0.0,0.0
2023-09-26 00:00:00-04:00,17.798898948947745,17.798898948947745,17.588675382211306,17.635391235351562,805700,0.0,0.0,0.0
2023-09-27 00:00:00-04:00,17.745862438535102,17.745862438535102,17.493364856386773,17.619613647460938,556100,0.3,0.0,0.0
2023-09-28 00:00:00-04:00,17.595938170156053,17.76164061832555,17.532813786330536,17.745859146118164,565200,0.0,0.0,0.0
2023-09-29 00:00:00-04:00,17.80898537257121,17.86343040381709,17.715876783919683,17.761642456054688,410600,0.0,0.0,0.0
2023-10-02 00:00:00-04:00,17.753750425011635,17.753750425011635,17.635392389845705,17.714298248291016,542700,0.0,0.0,0.0
2023-10-03 00:00:00-04:00,17.674843715315244,17.674843715315244,17.390784745598598,17.406564712524414,706500,0.0,0.0,0.0
2023-10-04 00:00:00-04:00,17.46969201428796,17.524925670267418,17.382896914179206,17.51703643798828,392100,0.0,0.0,0.0
2023-10-05 00:00:00-04:00,17.50914145150336,17.524921417236328,17.38289269561632,17.524921417236328,261100,0.0,0.0,0.0
2023-10-06 00:00:00-04:00,17.48546897439209,17.627499198814668,17.406563126934675,17.58804702758789,430900,0.0,0.0,0.0
2023-10-09 00:00:00-04:00,17.501249843436316,17.63538932800293,17.485468373486405,17.63538932800293,281600,0.0,0.0,0.0
2023-10-10 00:00:00-04:00,17.70640967042312,17.752963967030546,17.611722327745195,17.65906524658203,388000,0.0,0.0,0.0
2023-10-11 00:00:00-04:00,17.75375358919472,17.769535064697266,17.661433613009585,17.769535064697266,261400,0.0,0.0,0.0
2023-10-12 00:00:00-04:00,17.76953001872902,17.801091455767356,17.603827583015047,17.706405639648438,294800,0.0,0.0,0.0
2023-10-13 00:00:00-04:00,17.753752536472884,17.753752536472884,17.46969201428796,17.51703643798828,419200,0.0,0.0,0.0
2023-10-16 00:00:00-04:00,17.611720897330272,17.64328384399414,17.540705772340704,17.64328384399414,496200,0.0,0.0,0.0
2023-10-17 00:00:00-04:00,17.635393938226386,17.65117541230187,17.50125441859318,17.54859733581543,326900,0.0,0.0,0.0
2023-10-18 00:00:00-04:00,17.548594914946715,17.548594914946715,17.38289397502557,17.41445541381836,568300,0.0,0.0,0.0
2023-10-19 00:00:00-04:00,17.477580000258843,17.477580000258843,17.209300994873047,17.209300994873047,627000,0.0,0.0,0.0
2023-10-20 00:00:00-04:00,17.20140961561662,17.276370852703266,17.17773891338206,17.26453399658203,465100,0.0,0.0,0.0
2023-10-23 00:00:00-04:00,17.19352086148793,17.406564712524414,17.106724270877955,17.406564712524414,493600,0.0,0.0,0.0
2023-10-24 00:00:00-04:00,17.382895266236996,17.489417951957723,17.355278440865412,17.46179962158203,445300,0.0,0.0,0.0
2023-10-25 00:00:00-04:00,17.359222990510528,17.461799555070833,17.24086495293969,17.31977081298828,406600,0.0,0.0,0.0
2023-10-26 00:00:00-04:00,17.439767511191146,17.439767511191146,17.15977245469744,17.271770477294922,538700,0.3,0.0,0.0
2023-10-27 00:00:00-04:00,17.34377147580489,17.367770182693924,17.16777282070514,17.207773208618164,373500,0.0,0.0,0.0
2023-10-30 00:00:00-04:00,17.247772167588604,17.41577074604974,17.239772089961043,17.359771728515625,320800,0.0,0.0,0.0
2023-10-31 00:00:00-04:00,17.37576891997892,17.575766266540708,17.368569918811023,17.567766189575195,350800,0.0,0.0,0.0
2023-11-01 00:00:00-04:00,17.61576997152477,17.791767120361328,17.61576997152477,17.791767120361328,476900,0.0,0.0,0.0
2023-11-02 00:00:00-04:00,17.879758180235196,17.919757028225376,17.82375918270565,17.887758255004883,384600,0.0,0.0,0.0
2023-11-03 00:00:00-04:00,17.99175769127986,18.015757917611175,17.919758538144297,17.999757766723633,679900,0.0,0.0,0.0
2023-11-06 00:00:00-05:00,18.023762553267513,18.063761414748154,17.983762165928116,18.055761337280273,550900,0.0,0.0,0.0
2023-11-07 00:00:00-05:00,18.111759185791016,18.111759185791016,18.03576074353493,18.111759185791016,531200,0.0,0.0,0.0
2023-11-08 00:00:00-05:00,18.167755068079302,18.191755294799805,18.07175721291408,18.191755294799805,332300,0.0,0.0,0.0
2023-11-09 00:00:00-05:00,18.199754514353916,18.199754514353916,18.03975606212616,18.07175636291504,404900,0.0,0.0,0.0
2023-11-10 00:00:00-05:00,18.11975729412338,18.159757674537584,18.095758591733354,18.135757446289062,270400,0.0,0.0,0.0
2023-11-13 00:00:00-05:00,18.151758407281687,18.18375718718039,18.1117580250851,18.167757034301758,242700,0.0,0.0,0.0
2023-11-14 00:00:00-05:00,18.36775496852969,18.36775496852969,18.183757781982422,18.183757781982422,518100,0.0,0.0,0.0
2023-11-15 00:00:00-05:00,18.263756898402654,18.263756898402654,18.1757575811512,18.23175811767578,444900,0.0,0.0,0.0
2023-11-16 00:00:00-05:00,18.287756622445567,18.287756622445567,18.20775738405351,18.279756546020508,341500,0.0,0.0,0.0
2023-11-17 00:00:00-05:00,18.327755630690618,18.327755630690618,18.27175662110939,18.31975555419922,389900,0.0,0.0,0.0
2023-11-20 00:00:00-05:00,18.335756301879883,18.335756301879883,18.29575744398414,18.335756301879883,687000,0.0,0.0,0.0
2023-11-21 00:00:00-05:00,18.311754107022495,18.35975456237793,18.303754031129923,18.35975456237793,372600,0.0,0.0,0.0
2023-11-22 00:00:00-05:00,18.399754073423942,18.399754073423942,18.319754837498223,18.351755142211914,545400,0.0,0.0,0.0
2023-11-24 00:00:00-05:00,18.38375532432711,18.399755477905273,18.31175615908401,18.399755477905273,364600,0.0,0.0,0.0
2023-11-27 00:00:00-05:00,18.497019886238157,18.497019886238157,18.334908455100525,18.359224319458008,582000,0.3,0.0,0.0
2023-11-28 00:00:00-05:00,18.334909606659135,18.424070358276367,18.334909606659135,18.424070358276367,367800,0.0,0.0,0.0
2023-11-29 00:00:00-05:00,18.432176162245938,18.44028196621551,18.383542884452538,18.424070358276367,614300,0.0,0.0,0.0
2023-11-30 00:00:00-05:00,18.415963631659626,18.415963631659626,18.359224552739303,18.39975357055664,312700,0.0,0.0,0.0
2023-12-01 00:00:00-05:00,18.39975429652656,18.456493377685547,18.38354268875999,18.456493377685547,329800,0.0,0.0,0.0
2023-12-04 00:00:00-05:00,18.39975567646089,18.41191361018563,18.343015045022497,18.367332458496094,985300,0.0,0.0,0.0
2023-12-05 00:00:00-05:00,18.359224552739303,18.43217523878656,18.359224552739303,18.39975357055664,368400,0.0,0.0,0.0
2023-12-06 00:00:00-05:00,18.40786150826786,18.44839053418792,18.399757249108106,18.440284729003906,255500,0.0,0.0,0.0
2023-12-07 00:00:00-05:00,18.472707321632033,18.480811580516225,18.41596668727324,18.464601516723633,277300,0.0,0.0,0.0
2023-12-08 00:00:00-05:00,18.464597148148233,18.497018814086914,18.44027973917634,18.497018814086914,276700,0.0,0.0,0.0
2023-12-11 00:00:00-05:00,18.49702334709763,18.553762435913086,18.464601673213465,18.553762435913086,452600,0.0,0.0,0.0
2023-12-12 00:00:00-05:00,18.553760627566533,18.634817123413086,18.546466486015024,18.634817123413086,470600,0.0,0.0,0.0
2023-12-13 00:00:00-05:00,18.642923451825368,18.723979949951172,18.58618436694454,18.723979949951172,498900,0.0,0.0,0.0
2023-12-14 00:00:00-05:00,18.756400865068688,18.7888240814209,18.714251611425244,18.7888240814209,896500,0.0,0.0,0.0
2023-12-15 00:00:00-05:00,18.780716135628385,18.780716135628385,18.707765453179068,18.748292922973633,412400,0.0,0.0,0.0
2023-12-18 00:00:00-05:00,18.77261385838254,18.77261385838254,18.66724148951105,18.699663162231445,470700,0.0,0.0,0.0
2023-12-19 00:00:00-05:00,18.699662439688996,18.699662439688996,18.617795825353667,18.64292335510254,419400,0.0,0.0,0.0
2023-12-20 00:00:00-05:00,18.675345745368617,18.675345745368617,18.505126953125,18.505126953125,1485500,0.0,0.0,0.0
2023-12-21 00:00:00-05:00,18.545657908838912,18.618608612635285,18.52134203825634,18.578081130981445,382700,0.0,0.0,0.0
2023-12-22 00:00:00-05:00,18.64292071718304,18.650216403893594,18.505125154388992,18.586181640625,456500,0.0,0.0,0.0
2023-12-26 00:00:00-05:00,18.63383605333973,18.64862452357175,18.559892135106377,18.625619888305664,639400,0.308,0.0,0.0
2023-12-27 00:00:00-05:00,18.617407171674184,18.715999603271484,18.615764878607127,18.715999603271484,328400,0.0,0.0,0.0
2023-12-28 00:00:00-05:00,18.715998739114905,18.744754537196084,18.703673706313353,18.73242950439453,364800,0.0,0.0,0.0
2023-12-29 00:00:00-05:00,18.740646535865658,18.740646535865658,18.691351103603775,18.715999603271484,322800,0.0,0.0,0.0
2024-01-02 00:00:00-05:00,18.658483156368444,18.748859405517578,18.584540804514827,18.748859405517578,1032000,0.0,0.0,0.0
2024-01-03 00:00:00-05:00,18.732426901892953,18.732426901892953,18.592755230443235,18.674915313720703,401600,0.0,0.0,0.0
2024-01-04 00:00:00-05:00,18.724211259817892,18.724211259817892,18.642051181121897,18.707778930664062,531100,0.0,0.0,0.0
2024-01-05 00:00:00-05:00,18.691351103603775,18.765295035533367,18.658486437380162,18.715999603271484,284900,0.0,0.0,0.0
2024-01-08 00:00:00-05:00,18.71599786266699,18.81458871802171,18.6995655310834,18.789941787719727,470300,0.0,0.0,0.0
2024-01-09 00:00:00-05:00,18.83923530851343,18.888530731201172,18.781723720865525,18.888530731201172,387700,0.0,0.0,0.0
2024-01-10 00:00:00-05:00,18.888530731201172,18.904963061121496,18.855667638433754,18.888530731201172,503100,0.0,0.0,0.0
2024-01-11 00:00:00-05:00,18.913180612583965,18.937827542198054,18.806372027345077,18.904964447021484,341800,0.0,0.0,0.0
2024-01-12 00:00:00-05:00,18.921395041246416,18.946041968598028,18.863881887588512,18.929611206054688,620400,0.0,0.0,0.0
2024-01-16 00:00:00-05:00,18.896747588189303,18.896747588189303,18.7611832119919,18.84745216369629,513200,0.0,0.0,0.0
2024-01-17 00:00:00-05:00,18.806374301239345,18.806374301239345,18.64534182454955,18.715999603271484,563700,0.0,0.0,0.0
2024-01-18 00:00:00-05:00,18.81459046779525,18.81459046779525,18.682313790514343,18.715999603271484,459300,0.0,0.0,0.0
2024-01-19 00:00:00-05:00,18.814589070172396,18.814589070172396,18.72503552539046,18.79815673828125,482300,0.0,0.0,0.0
2024-01-22 00:00:00-05:00,18.855665041529637,18.880311965942383,18.814584222386696,18.880311965942383,579400,0.0,0.0,0.0
2024-01-23 00:00:00-05:00,18.89674965987406,18.970693588256836,18.89674965987406,18.970693588256836,913600,0.0,0.0,0.0
2024-01-24 00:00:00-05:00,19.011767453053753,19.011767453053753,18.855665041529637,18.880311965942383,617800,0.0,0.0,0.0
2024-01-25 00:00:00-05:00,18.872100830078125,18.89674932813082,18.82280540104617,18.872100830078125,471900,0.0,0.0,0.0
2024-01-26 00:00:00-05:00,18.938697814941406,18.938697814941406,18.872100259763943,18.938697814941406,638600,0.3,0.0,0.0
2024-01-29 00:00:00-05:00,18.938697814941406,18.94702270781496,18.876261912295238,18.938697814941406,595400,0.0,0.0,0.0
2024-01-30 00:00:00-05:00,18.93869537021075,18.97032932392235,18.922045586612906,18.955345153808594,349500,0.0,0.0,0.0
2024-01-31 00:00:00-05:00,18.92204806003146,18.955347631579944,18.84462798521111,18.888750076293945,599700,0.0,0.0,0.0
2024-02-01 00:00:00-05:00,18.938699073035306,18.938699073035306,18.847126833154054,18.88042640686035,681000,0.0,0.0,0.0
2024-02-02 00:00:00-05:00,18.872100290519704,18.90539827425722,18.830477413895068,18.888750076293945,429700,0.0,0.0,0.0
2024-02-05 00:00:00-05:00,18.88875398894403,18.972001347248273,18.840470235321533,18.96367645263672,455900,0.0,0.0,0.0
2024-02-06 00:00:00-05:00,18.897075555831467,19.046918869018555,18.897075555831467,19.046918869018555,294800,0.0,0.0,0.0
2024-02-07 00:00:00-05:00,19.04691955235655,19.05524444580078,19.021946459834925,19.05524444580078,261000,0.0,0.0,0.0
2024-02-08 00:00:00-05:00,19.0718936920166,19.0718936920166,18.981987068303184,19.0718936920166,369000,0.0,0.0,0.0
2024-02-09 00:00:00-05:00,19.096867718008838,19.096867718008838,18.997802603689372,19.013620376586914,589800,0.0,0.0,0.0
2024-02-12 00:00:00-05:00,19.038598916329413,19.071896906964334,18.955351558025164,18.96367645263672,588300,0.0,0.0,0.0
2024-02-13 00:00:00-05:00,18.94702396646188,18.94702396646188,18.738906394230725,18.88042640686035,848700,0.0,0.0,0.0
2024-02-14 00:00:00-05:00,18.97199464116395,18.980317945022147,18.847122853940714,18.9053955078125,439900,0.0,0.0,0.0
2024-02-15 00:00:00-05:00,18.95535069661542,18.980323791503906,18.92038709352256,18.980323791503906,488500,0.0,0.0,0.0
2024-02-16 00:00:00-05:00,18.99696936885701,19.021944046020508,18.926210165276732,19.021944046020508,536600,0.0,0.0,0.0
2024-02-20 00:00:00-05:00,19.013620117852476,19.013620117852476,18.884586661013817,18.91372299194336,1131400,0.0,0.0,0.0
2024-02-21 00:00:00-05:00,18.938697814941406,18.96367249356207,18.897074938384602,18.938697814941406,556100,0.0,0.0,0.0
2024-02-22 00:00:00-05:00,19.01362336843685,19.063571146025048,18.980323791503906,18.980323791503906,923300,0.0,0.0,0.0
2024-02-23 00:00:00-05:00,19.038595706994716,19.10519326484951,19.02194592057826,19.0718936920166,695500,0.0,0.0,0.0
2024-02-26 00:00:00-05:00,19.139378859366822,19.173118663399976,19.105637446454548,19.114072799682617,1021500,0.3,0.0,0.0
2024-02-27 00:00:00-05:00,19.11406722564335,19.173113072141774,19.11406722564335,19.15624237060547,536100,0.0,0.0,0.0
2024-02-28 00:00:00-05:00,19.16467772137362,19.16467772137362,19.123345628824723,19.15624237060547,632800,0.0,0.0,0.0
2024-02-29 00:00:00-05:00,19.156245773550694,19.189987182617188,19.139376677896387,19.189987182617188,567700,0.0,0.0,0.0
2024-03-01 00:00:00-05:00,19.18998442331934,19.240594920762938,19.17733220117812,19.181549072265625,662000,0.0,0.0,0.0
2024-03-04 00:00:00-05:00,19.232163187302778,19.240598539943196,19.181552680339284,19.198423385620117,694700,0.0,0.0,0.0
2024-03-05 00:00:00-05:00,19.232159831754743,19.232159831754743,19.088762079645118,19.105632781982422,964700,0.0,0.0,0.0
2024-03-06 00:00:00-05:00,19.173113072141774,19.198419124446236,19.122502576411506,19.15624237060547,527800,0.0,0.0,0.0
2024-03-07 00:00:00-05:00,19.215291389308202,19.215291389308202,19.10563342927926,19.130939483642578,577000,0.0,0.0,0.0
2024-03-08 00:00:00-05:00,19.181552309571448,19.18577079024962,19.038154535214165,19.097200393676758,638100,0.0,0.0,0.0
2024-03-11 00:00:00-04:00,19.105634279326523,19.1520279099507,19.038153073567408,19.139375686645508,653200,0.0,0.0,0.0
2024-03-12 00:00:00-04:00,19.13937267144895,19.20685386657715,19.11912815202263,19.20685386657715,397600,0.0,0.0,0.0
2024-03-13 00:00:00-04:00,19.24059591972898,19.24059591972898,19.189985419657706,19.232160568237305,498800,0.0,0.0,0.0
2024-03-14 00:00:00-04:00,19.257467394504243,19.257467394504243,19.0550237772269,19.139375686645508,669400,0.0,0.0,0.0
2024-03-15 00:00:00-04:00,19.097198989855254,19.130940397284416,19.000194856814705,19.08032989501953,601200,0.0,0.0,0.0
2024-03-18 00:00:00-04:00,19.097198077824817,19.14781018655146,19.08032898379472,19.130939483642578,736700,0.0,0.0,0.0
2024-03-19 00:00:00-04:00,19.164681125817317,19.215293239417054,19.114070621096516,19.189987182617188,673500,0.0,0.0,0.0
2024-03-20 00:00:00-04:00,19.2237243130149,19.28277015686035,19.198418261847454,19.28277015686035,580900,0.0,0.0,0.0
2024-03-21 00:00:00-04:00,19.308074599149215,19.308074599149215,19.257464105692907,19.28277015686035,740100,0.0,0.0,0.0
2024-03-22 00:00:00-04:00,19.308073896743892,19.333379946990732,19.282769455375576,19.316509246826172,962000,0.0,0.0,0.0
2024-03-25 00:00:00-04:00,19.359249470986,19.3677967967675,19.307967146532704,19.325061798095703,1132600,0.3,0.0,0.0
2024-03-26 00:00:00-04:00,19.367794532423808,19.376341857206018,19.33360686353049,19.3592472076416,745300,0.0,0.0,0.0
2024-03-27 00:00:00-04:00,19.410530863592573,19.410530863592573,19.316513544980996,19.40198516845703,755700,0.0,0.0,0.0
2024-03-28 00:00:00-04:00,19.401987156550494,19.4190801788087,19.359250525315503,19.3677978515625,594000,0.0,0.0,0.0
2024-04-01 00:00:00-04:00,19.393438276017488,19.393438276017488,19.273777348385526,19.333608627319336,993400,0.0,0.0,0.0
2024-04-02 00:00:00-04:00,19.290872014337705,19.307966665474794,19.18830736798651,19.23958969116211,1057000,0.0,0.0,0.0
2024-04-03 00:00:00-04:00,19.239586793698095,19.256681442260742,19.145567856838944,19.256681442260742,972800,0.0,0.0,0.0
2024-04-04 00:00:00-04:00,19.282325624093357,19.29942027605965,19.106255273500608,19.16266632080078,628100,0.0,0.0,0.0
2024-04-05 00:00:00-04:00,19.162663353046902,19.19685102144905,19.102833710666534,19.11992835998535,838700,0.0,0.0,0.0
2024-04-08 00:00:00-04:00,19.128477432637816,19.231043716429177,19.11993173670466,19.188308715820312,745300,0.0,0.0,0.0
2024-04-09 00:00:00-04:00,19.256682081813082,19.273775100708008,19.138731285143013,19.273775100708008,741700,0.0,0.0,0.0
2024-04-10 00:00:00-04:00,19.20539941901421,19.20539941901421,18.966080836123247,19.068645477294922,1670000,0.0,0.0,0.0
2024-04-11 00:00:00-04:00,19.102832721557895,19.102832721557895,18.880607182626164,19.04300308227539,791200,0.0,0.0,0.0
2024-04-12 00:00:00-04:00,18.9746284600801,18.981465668203068,18.769495914035083,18.8806095123291,1141400,0.0,0.0,0.0
2024-04-15 00:00:00-04:00,18.948984427396056,18.96607907608349,18.504533342935357,18.666929244995117,1560500,0.0,0.0,0.0
2024-04-16 00:00:00-04:00,18.649834596307684,18.70966423647827,18.504533342935357,18.666929244995117,681600,0.0,0.0,0.0
2024-04-17 00:00:00-04:00,18.718212616596496,18.829326209096592,18.61137350162707,18.80368423461914,522400,0.0,0.0,0.0
2024-04-18 00:00:00-04:00,18.880607959989156,18.880607959989156,18.68402438561411,18.75240135192871,522900,0.0,0.0,0.0
2024-04-19 00:00:00-04:00,18.675476990941302,18.803683598520486,18.63274036825793,18.69257164001465,599900,0.0,0.0,0.0
2024-04-22 00:00:00-04:00,18.795136622304664,19.017362173670193,18.786589297609588,18.99172019958496,736700,0.0,0.0,0.0
2024-04-23 00:00:00-04:00,19.10283385427343,19.15411617237991,19.051551536166954,19.14556884765625,721300,0.0,0.0,0.0
2024-04-24 00:00:00-04:00,19.188303488391178,19.205396505836646,19.09001007934426,19.17975616455078,942000,0.0,0.0,0.0
2024-04-25 00:00:00-04:00,19.101791381835938,19.127780809384358,18.945859773521864,19.101791381835938,922500,0.3,0.0,0.0
2024-04-26 00:00:00-04:00,19.3010385317868,19.3010385317868,19.120849150053807,19.188419342041016,493200,0.0,0.0,0.0
2024-04-29 00:00:00-04:00,19.223070109250635,19.30103672490641,19.205743827477093,19.275047302246094,647700,0.0,0.0,0.0
2024-04-30 00:00:00-04:00,19.283712248391243,19.3010385317868,19.171093058645457,19.188419342041016,669800,0.0,0.0,0.0
2024-05-01 00:00:00-04:00,19.16243164069648,19.335689518321832,19.127779073776207,19.205745697021484,680800,0.0,0.0,0.0
2024-05-02 00:00:00-04:00,19.283712382188106,19.366009750400014,19.192751872218317,19.34435272216797,606300,0.0,0.0,0.0
2024-05-03 00:00:00-04:00,19.42232130855469,19.482961654663086,19.379007247713123,19.482961654663086,496700,0.0,0.0,0.0
2024-05-06 00:00:00-04:00,19.49162116362267,19.5869140625,19.49162116362267,19.5869140625,759000,0.0,0.0,0.0
2024-05-07 00:00:00-04:00,19.61290377876904,19.618967812850943,19.560926579827793,19.595579147338867,628000,0.0,0.0,0.0
2024-05-08 00:00:00-04:00,19.56959147620833,19.62156867980957,19.561794152121664,19.62156867980957,518900,0.0,0.0,0.0
2024-05-09 00:00:00-04:00,19.58691969941623,19.630233764648438,19.58691969941623,19.630233764648438,381800,0.0,0.0,0.0
2024-05-10 00:00:00-04:00,19.630230056796155,19.656219482421875,19.60510810198571,19.656219482421875,452000,0.0,0.0,0.0
2024-05-13 00:00:00-04:00,19.673544113846994,19.682207255722236,19.638893198671393,19.656219482421875,651800,0.0,0.0,0.0
2024-05-14 00:00:00-04:00,19.664884590229036,19.734188079833984,19.638895162005106,19.734188079833984,583500,0.0,0.0,0.0
2024-05-15 00:00:00-04:00,19.760173898653516,19.846803665161133,19.735917762310425,19.846803665161133,837000,0.0,0.0,0.0
2024-05-16 00:00:00-04:00,19.86412994892773,19.86412994892773,19.82081423951124,19.846803665161133,588100,0.0,0.0,0.0
2024-05-17 00:00:00-04:00,19.890117864742056,19.90657833013585,19.829477523449913,19.88145637512207,796200,0.0,0.0,0.0
2024-05-20 00:00:00-04:00,19.89878666750107,19.89878666750107,19.85547259777765,19.8641357421875,750000,0.0,0.0,0.0
2024-05-21 00:00:00-04:00,19.89011775204555,19.92477031963065,19.864129978682094,19.916107177734375,801500,0.0,0.0,0.0
2024-05-22 00:00:00-04:00,19.92477043252349,19.937764319278845,19.838140665395272,19.88145637512207,894200,0.0,0.0,0.0
2024-05-23 00:00:00-04:00,19.950761562800395,19.950761562800395,19.794828299112922,19.829479217529297,1062200,0.0,0.0,0.0
2024-05-24 00:00:00-04:00,19.926038552999817,19.926038552999817,19.829480124407283,19.899703979492188,765300,0.3,0.0,0.0
2024-05-28 00:00:00-04:00,19.873365050791623,19.899699618528103,19.76803012838251,19.794363021850586,691700,0.0,0.0,0.0
2024-05-29 00:00:00-04:00,19.750477219326758,19.77681179168926,19.680253367295457,19.715364456176758,950600,0.0,0.0,0.0
2024-05-30 00:00:00-04:00,19.697811126708984,19.732922218046266,19.640753719733485,19.697811126708984,616300,0.0,0.0,0.0
2024-05-31 00:00:00-04:00,19.785586506873496,19.80314121109608,19.663570848349018,19.794363021850586,840500,0.0,0.0,0.0
2024-06-03 00:00:00-04:00,19.847035026451987,19.847035026451987,19.73731015642387,19.8382568359375,1207700,0.0,0.0,0.0
2024-06-04 00:00:00-04:00,19.820702316085722,19.864591598510742,19.785591224999465,19.864591598510742,526400,0.0,0.0,0.0
2024-06-05 00:00:00-04:00,19.87336940598456,19.908482170661397,19.820701933238073,19.899703979492188,641400,0.0,0.0,0.0
2024-06-06 00:00:00-04:00,19.917259788817056,19.922525363952076,19.882147025150402,19.90848159790039,458400,0.0,0.0,0.0
2024-06-07 00:00:00-04:00,19.90848045389232,19.93481335086041,19.8821458826556,19.926036834716797,592700,0.0,0.0,0.0
2024-06-10 00:00:00-04:00,19.90848045389232,19.926036834716797,19.8821458826556,19.926036834716797,517000,0.0,0.0,0.0
2024-06-11 00:00:00-04:00,19.926037936496105,19.934814453125,19.864590600212793,19.934814453125,405300,0.0,0.0,0.0
2024-06-12 00:00:00-04:00,19.97870445251465,19.987482642992617,19.934813500124815,19.97870445251465,420000,0.0,0.0,0.0
2024-06-13 00:00:00-04:00,19.969927596142682,19.987483978271484,19.926038315089432,19.987483978271484,556200,0.0,0.0,0.0
2024-06-14 00:00:00-04:00,19.987482493333847,19.987482493333847,19.8821458826556,19.926036834716797,737700,0.0,0.0,0.0
2024-06-17 00:00:00-04:00,19.93481388088757,19.96114845282447,19.89092460192807,19.943592071533203,1386400,0.0,0.0,0.0
2024-06-18 00:00:00-04:00,19.969925498491943,19.987481878776613,19.926036222048843,19.96114730834961,767600,0.0,0.0,0.0
2024-06-20 00:00:00-04:00,19.961150218190994,19.97431666818955,19.847914395104464,19.890926361083984,1226100,0.0,0.0,0.0
2024-06-21 00:00:00-04:00,19.89092407306784,19.94359154127265,19.851423053347077,19.926036834716797,1034700,0.0,0.0,0.0
2024-06-24 00:00:00-04:00,19.92603565157125,19.97870311664883,19.917257461680233,19.969924926757812,1071800,0.0,0.0,0.0
2024-06-25 00:00:00-04:00,20.076671821943812,20.081120417631286,19.95213828896868,20.032196044921875,1106100,0.3,0.0,0.0
2024-06-26 00:00:00-04:00,20.014405825275162,20.023301320350125,19.961034551467577,20.005510330200195,531100,0.0,0.0,0.0
2024-06-27 00:00:00-04:00,20.00550956072343,20.032196044921875,20.00550956072343,20.032196044921875,388900,0.0,0.0,0.0
2024-06-28 00:00:00-04:00,20.032195675542614,20.04998666468019,19.978822708129883,19.978822708129883,694000,0.0,0.0,0.0
2024-07-01 00:00:00-04:00,20.032194517542113,20.04109001159668,19.961032261747587,20.04109001159668,1629100,0.0,0.0,0.0
2024-07-02 00:00:00-04:00,20.049986045939885,20.103357315063477,20.049986045939885,20.103357315063477,490000,0.0,0.0,0.0
2024-07-03 00:00:00-04:00,20.130039595924185,20.138935089111328,20.11225030619174,20.138935089111328,383700,0.0,0.0,0.0
2024-07-05 00:00:00-04:00,20.138939661441928,20.165626147062238,20.121150367670616,20.15673065185547,699500,0.0,0.0,0.0
2024-07-08 00:00:00-04:00,20.16562401949579,20.21899528846327,20.16562401949579,20.201204299926758,715400,0.0,0.0,0.0
2024-07-09 00:00:00-04:00,20.23678610757883,20.23678610757883,20.183414839058173,20.192310333251953,638800,0.0,0.0,0.0
2024-07-10 00:00:00-04:00,20.218992994804957,20.245679474582385,20.192308211669385,20.236783981323242,603600,0.0,0.0,0.0
2024-07-11 00:00:00-04:00,20.281264726770903,20.281264726770903,20.192313165639863,20.218997955322266,624200,0.0,0.0,0.0
2024-07-12 00:00:00-04:00,20.272368026420544,20.31684380062032,20.25457703808382,20.290157318115234,586200,0.0,0.0,0.0
2024-07-15 00:00:00-04:00,20.290156775519808,20.307947763380767,20.227890014648438,20.227890014648438,813700,0.0,0.0,0.0
2024-07-16 00:00:00-04:00,20.254576489562073,20.272367477416992,20.236785501707157,20.272367477416992,681000,0.0,0.0,0.0
2024-07-17 00:00:00-04:00,20.236785726744785,20.245681220771164,20.147832483123,20.183414459228516,1250400,0.0,0.0,0.0
2024-07-18 00:00:00-04:00,20.210099853310663,20.210099853310663,20.05977058067097,20.103357315063477,1646400,0.0,0.0,0.0
2024-07-19 00:00:00-04:00,20.13004309369856,20.13004309369856,19.9877185712578,20.032196044921875,1156000,0.0,0.0,0.0
2024-07-22 00:00:00-04:00,20.121146939367936,20.174518204872772,20.058878483530034,20.16562271118164,946900,0.0,0.0,0.0
2024-07-23 00:00:00-04:00,20.218995119191266,20.218995119191266,20.147832862283042,20.192310333251953,1128300,0.0,0.0,0.0
2024-07-24 00:00:00-04:00,20.15672849912378,20.15672849912378,19.84539298670626,19.863183975219727,1467800,0.0,0.0,0.0
2024-07-25 00:00:00-04:00,19.952135904567232,20.001060271429886,19.765333930786365,19.82760238647461,1410400,0.0,0.0,0.0
2024-07-26 00:00:00-04:00,20.025968551635742,20.034985403385043,19.935803473719975,20.025968551635742,1225500,0.3,0.0,0.0
2024-07-29 00:00:00-04:00,20.08006596139591,20.107114791870117,19.998916030396668,20.107114791870117,930900,0.0,0.0,0.0
2024-07-30 00:00:00-04:00,20.134168142512436,20.143184993854057,19.908752018337513,20.016952514648438,989400,0.0,0.0,0.0
2024-07-31 00:00:00-04:00,20.10711697840592,20.201793054726057,20.098101847126376,20.125150680541992,824000,0.0,0.0,0.0
2024-08-01 00:00:00-04:00,20.14318238504993,20.161216085397577,19.80054895759795,19.89973258972168,2004100,0.0,0.0,0.0
2024-08-02 00:00:00-04:00,19.74645322212224,19.74645322212224,19.197340187524013,19.223487854003906,3894700,0.0,0.0,0.0
2024-08-05 00:00:00-04:00,17.86197367669056,18.75011378006975,17.501308212304384,18.078372955322266,5456900,0.0,0.0,0.0
2024-08-06 00:00:00-04:00,18.700520998859176,19.295619414576688,18.46699091802722,18.952987670898438,2672100,0.0,0.0,0.0
2024-08-07 00:00:00-04:00,19.223487978472672,19.336196047501982,18.700522606968228,18.934955596923828,1256400,0.0,0.0,0.0
2024-08-08 00:00:00-04:00,19.160371610922343,19.288408155368643,19.009793796773863,19.223487854003906,837600,0.0,0.0,0.0
2024-08-09 00:00:00-04:00,19.304637473574953,19.79153714587523,19.231603210645353,19.782520294189453,859500,0.0,0.0,0.0
2024-08-12 00:00:00-04:00,19.836619516188588,20.01695310879665,19.70137018162684,19.84563636779785,1073100,0.0,0.0,0.0
2024-08-13 00:00:00-04:00,19.980885221270555,20.098102569580078,19.890718427137514,20.098102569580078,1042000,0.0,0.0,0.0
2024-08-14 00:00:00-04:00,20.12514970587532,20.242367044294436,20.071050321875642,20.197282791137695,1095400,0.0,0.0,0.0
2024-08-15 00:00:00-04:00,20.278432592844716,20.348763339388473,20.242366910346387,20.323516845703125,876000,0.0,0.0,0.0
2024-08-16 00:00:00-04:00,20.341548827058087,20.341548827058087,20.25138204112967,20.323516845703125,894400,0.0,0.0,0.0
2024-08-19 00:00:00-04:00,20.323516125696656,20.35958180691728,20.26039817393098,20.35056495666504,886700,0.0,0.0,0.0
2024-08-20 00:00:00-04:00,20.341548799994865,20.341548799994865,20.219823897121707,20.260398864746094,1074400,0.0,0.0,0.0
2024-08-21 00:00:00-04:00,20.305485755191864,20.305485755191864,20.17023641880472,20.233352661132812,826300,0.0,0.0,0.0
2024-08-22 00:00:00-04:00,20.269416858053596,20.269416858053596,20.116133829473956,20.125150680541992,1000000,0.0,0.0,0.0
2024-08-23 00:00:00-04:00,20.287453616077073,20.45877037259813,20.197286811603426,20.359586715698242,702100,0.0,0.0,0.0
2024-08-26 00:00:00-04:00,20.41368447670262,20.41368447670262,20.287451992415505,20.37761878967285,1126100,0.0,0.0,0.0
2024-08-27 00:00:00-04:00,20.405032073520143,20.54210090637207,20.295375961483735,20.54210090637207,998500,0.3,0.0,0.0
2024-08-28 00:00:00-04:00,20.450717075210015,20.450717075210015,20.258821095601036,20.30451011657715,1136400,0.0,0.0,0.0
2024-08-29 00:00:00-04:00,20.359342575073242,20.429704446503713,20.341066266333588,20.359342575073242,713600,0.0,0.0,0.0
2024-08-30 00:00:00-04:00,20.37761620474782,20.478134155273438,20.37761620474782,20.478134155273438,834100,0.0,0.0,0.0
2024-09-03 00:00:00-04:00,20.459860075374223,20.48270633419948,20.030377250501942,20.176584243774414,1218100,0.0,0.0,0.0
2024-09-04 00:00:00-04:00,20.1583078529219,20.284411950563506,19.84761755773452,19.92072105407715,1614500,0.0,0.0,0.0
2024-09-05 00:00:00-04:00,19.993823463807114,20.08977321366862,19.875030942303223,20.066926956176758,913500,0.0,0.0,0.0
2024-09-06 00:00:00-04:00,20.112615909385106,20.185719395143757,19.678563200163605,19.801925659179688,1338200,0.0,0.0,0.0
2024-09-09 00:00:00-04:00,19.920720228434895,20.076065369590086,19.820204014457836,20.04865264892578,958900,0.0,0.0,0.0
2024-09-10 00:00:00-04:00,20.10347898672641,20.149168014526367,19.902444824312035,20.149168014526367,527200,0.0,0.0,0.0
2024-09-11 00:00:00-04:00,20.1583072964744,20.286239718736198,19.87503147383183,20.267963409423828,683200,0.0,0.0,0.0
2024-09-12 00:00:00-04:00,20.313650038673117,20.331926345825195,20.18023613372718,20.331926345825195,698700,0.0,0.0,0.0
2024-09-13 00:00:00-04:00,20.313650084928543,20.414168031569286,20.286237367062586,20.32278823852539,828400,0.0,0.0,0.0
2024-09-16 00:00:00-04:00,20.304511885097078,20.345632704726963,20.249684706565418,20.331926345825195,673000,0.0,0.0,0.0
2024-09-17 00:00:00-04:00,20.341066903748516,20.3502050584047,20.194859915099137,20.267963409423828,759900,0.0,0.0,0.0
2024-09-18 00:00:00-04:00,20.304515790589125,20.441586377670117,20.21496430841348,20.31365394592285,742900,0.0,0.0,0.0
2024-09-19 00:00:00-04:00,20.405031016995068,20.459858198712062,20.37761655467423,20.44158363342285,940100,0.0,0.0,0.0
2024-09-20 00:00:00-04:00,20.423306927993373,20.52108325781888,20.40503062013494,20.487272262573242,1003700,0.0,0.0,0.0
2024-09-23 00:00:00-04:00,20.532963153332084,20.54210130809089,20.444324969388983,20.49641227722168,1068900,0.0,0.0,0.0
2024-09-24 00:00:00-04:00,20.51468849182129,20.52382490361301,20.386756068714778,20.51468849182129,1400500,0.0,0.0,0.0
2024-09-25 00:00:00-04:00,20.523937105333,20.551696034596052,20.40364252873642,20.422149658203125,1064500,0.28,0.0,0.0
2024-09-26 00:00:00-04:00,20.449914043087954,20.468421175894722,20.368483364713104,20.44066047668457,858000,0.0,0.0,0.0
2024-09-27 00:00:00-04:00,20.449914965058195,20.449914965058195,20.297233759924815,20.329620361328125,810300,0.0,0.0,0.0
2024-09-30 00:00:00-04:00,20.274097935613856,20.371257726454537,20.218578307267347,20.320363998413086,1134200,0.0,0.0,0.0
2024-10-01 00:00:00-04:00,20.283353214001796,20.375887112351503,20.089031850973676,20.135299682617188,1343600,0.0,0.0,0.0
2024-10-02 00:00:00-04:00,20.153805398956667,20.186191996362485,20.024257244396207,20.181564331054688,786500,0.0,0.0,0.0
2024-10-03 00:00:00-04:00,20.153806841870725,20.153806841870725,20.001125644651623,20.015005111694336,814400,0.0,0.0,0.0
2024-10-04 00:00:00-04:00,20.089032108601454,20.098285675048828,19.977992841107653,20.098285675048828,966200,0.0,0.0,0.0
2024-10-07 00:00:00-04:00,19.98724381951399,20.015002750324417,19.728149287348323,19.74665641784668,1302800,0.0,0.0,0.0
2024-10-08 00:00:00-04:00,19.802178292430245,19.95023182335053,19.802178292430245,19.931726455688477,783900,0.0,0.0,0.0
2024-10-09 00:00:00-04:00,19.876206687941565,19.97799416064836,19.85769955382443,19.950233459472656,1157600,0.0,0.0,0.0
2024-10-10 00:00:00-04:00,19.89471143039175,19.92247212823017,19.848445365598295,19.90396499633789,551700,0.0,0.0,0.0
2024-10-11 00:00:00-04:00,19.8762036469921,19.996498235411625,19.8762036469921,19.977991104125977,799400,0.0,0.0,0.0
2024-10-14 00:00:00-04:00,19.987247420625533,20.11679382758025,19.977993853709137,20.089033126831055,576700,0.0,0.0,0.0
2024-10-15 00:00:00-04:00,20.09828442193825,20.200071881575656,20.00112462770467,20.02425765991211,1136600,0.0,0.0,0.0
2024-10-16 00:00:00-04:00,20.05201987889578,20.121420745720854,20.010379711788207,20.07978057861328,562600,0.0,0.0,0.0
2024-10-17 00:00:00-04:00,20.135300213110927,20.135300213110927,20.04276631232328,20.07978057861328,582200,0.0,0.0,0.0
2024-10-18 00:00:00-04:00,20.098282866144423,20.21857744821075,20.079777500773293,20.20932388305664,570200,0.0,0.0,0.0
2024-10-21 00:00:00-04:00,20.153807346255928,20.18989502043253,20.010379711788207,20.07978057861328,665300,0.0,0.0,0.0
2024-10-22 00:00:00-04:00,20.06127203054908,20.12604522705078,19.99649883404738,20.12604522705078,571600,0.0,0.0,0.0
2024-10-23 00:00:00-04:00,19.99650106853502,20.084407307190713,19.76516718950037,19.866952896118164,1095700,0.0,0.0,0.0
2024-10-24 00:00:00-04:00,19.931726713798167,19.936352614539256,19.73740534886307,19.894712448120117,1029300,0.0,0.0,0.0
2024-10-25 00:00:00-04:00,19.894710700207558,20.005751722548517,19.73740361477122,19.774417877197266,797300,0.0,0.0,0.0
2024-10-28 00:00:00-04:00,19.877556573637097,19.961942567048435,19.877556573637097,19.952566146850586,1215900,0.28,0.0,0.0
2024-10-29 00:00:00-04:00,19.97131730460768,19.980693724855165,19.858803838376428,19.961942672729492,856300,0.0,0.0,0.0
2024-10-30 00:00:00-04:00,19.961943435781368,19.961943435781368,19.830675335668076,19.849428176879883,779500,0.0,0.0,0.0
2024-10-31 00:00:00-04:00,19.793170751059478,19.81192180324772,19.57282934543153,19.58689308166504,1212600,0.0,0.0,0.0
2024-11-01 00:00:00-04:00,19.690033938942392,19.736914256782555,19.596271514892578,19.596271514892578,857100,0.0,0.0,0.0
2024-11-04 00:00:00-05:00,19.605645166709387,19.73691146881521,19.577515906957036,19.69940757751465,1083800,0.0,0.0,0.0
2024-11-05 00:00:00-05:00,19.690029758942345,19.943187713623047,19.690029758942345,19.943187713623047,548900,0.0,0.0,0.0
2024-11-06 00:00:00-05:00,20.158843124683578,20.29010943786843,20.111962809508814,20.261981964111328,1414700,0.0,0.0,0.0
2024-11-07 00:00:00-05:00,20.271358120961995,20.440128326416016,20.271358120961995,20.440128326416016,1186100,0.0,0.0,0.0
2024-11-08 00:00:00-05:00,20.43075442854736,20.515138640122732,20.426065323900744,20.50576400756836,912900,0.0,0.0,0.0
2024-11-11 00:00:00-05:00,20.496385983803226,20.580771977148945,20.496385983803226,20.54326629638672,768200,0.0,0.0,0.0
2024-11-12 00:00:00-05:00,20.505764203186136,20.5807737829227,20.440129256093375,20.533891677856445,743700,0.0,0.0,0.0
2024-11-13 00:00:00-05:00,20.496386194505217,20.608899661209954,20.487009774218272,20.56201934814453,664500,0.0,0.0,0.0
2024-11-14 00:00:00-05:00,20.53388925365147,20.608898824532503,20.451379262193107,20.477632522583008,532300,0.0,0.0,0.0
2024-11-15 00:00:00-05:00,20.458881540031573,20.458881540031573,20.196348912299822,20.271358489990234,1083300,0.0,0.0,0.0
2024-11-18 00:00:00-05:00,20.290108873243472,20.416687866736215,20.280732452795565,20.402624130249023,648500,0.0,0.0,0.0
2024-11-19 00:00:00-05:00,20.3557421331499,20.41200065612793,20.258231294400552,20.41200065612793,622000,0.0,0.0,0.0
2024-11-20 00:00:00-05:00,20.42137644229009,20.426063758207984,20.235727614315703,20.355741500854492,662900,0.0,0.0,0.0
2024-11-21 00:00:00-05:00,20.393247709801116,20.430753391592745,20.285421557204188,20.402624130249023,753000,0.0,0.0,0.0
2024-11-22 00:00:00-05:00,20.402622846069164,20.47763241656184,20.402622846069164,20.4682559967041,646700,0.0,0.0,0.0
2024-11-25 00:00:00-05:00,20.591674051869234,20.596420067844527,20.435028363204353,20.525218963623047,1107900,0.27,0.0,0.0
2024-11-26 00:00:00-05:00,20.506232058273632,20.582180992124943,20.49673821519654,20.57268714904785,671600,0.0,0.0,0.0
2024-11-27 00:00:00-05:00,20.56319236755371,20.60116773812904,20.544204682266045,20.56319236755371,558400,0.0,0.0,0.0
2024-11-29 00:00:00-05:00,20.553700400012143,20.610661650306344,20.52522068024779,20.582181930541992,612800,0.0,0.0,0.0
2024-12-02 00:00:00-05:00,20.56319681990733,20.724588558266426,20.56319681990733,20.686614990234375,1113700,0.0,0.0,0.0
2024-12-03 00:00:00-05:00,20.69610208388046,20.73407745361328,20.648634682479727,20.73407745361328,646000,0.0,0.0,0.0
2024-12-04 00:00:00-05:00,20.715090520443685,20.810027137455446,20.715090520443685,20.800533294677734,912100,0.0,0.0,0.0
2024-12-05 00:00:00-05:00,20.77205101258081,20.79103869744722,20.705595926313666,20.73407745361328,472300,0.0,0.0,0.0
2024-12-06 00:00:00-05:00,20.77205273409219,20.81002810697227,20.75401569950996,20.791040420532227,553100,0.0,0.0,0.0
2024-12-09 00:00:00-05:00,20.78154579579401,20.819521167245973,20.696103020792464,20.743572235107422,733300,0.0,0.0,0.0
2024-12-10 00:00:00-05:00,20.74357229539045,20.77205201329681,20.696103080937544,20.705596923828125,593700,0.0,0.0,0.0
2024-12-11 00:00:00-05:00,20.753065891554535,20.838508665788584,20.753065891554535,20.800533294677734,612000,0.0,0.0,0.0
2024-12-12 00:00:00-05:00,20.791041775619313,20.791041775619313,20.629650051890913,20.667625427246094,506000,0.0,0.0,0.0
2024-12-13 00:00:00-05:00,20.696103298786365,20.73217917784416,20.55369927545945,20.629648208618164,581400,0.0,0.0,0.0
2024-12-16 00:00:00-05:00,20.610660522637136,20.667623580580223,20.591674647421506,20.629648208618164,799700,0.0,0.0,0.0
2024-12-17 00:00:00-05:00,20.620154742752305,20.620154742752305,20.458763030492648,20.51572608947754,963500,0.0,0.0,0.0
2024-12-18 00:00:00-05:00,20.50623267225321,20.579333274293564,19.670792564109355,19.680286407470703,1542900,0.0,0.0,0.0
2024-12-19 00:00:00-05:00,20.202436870930825,20.202436870930825,19.29579565627508,19.36699676513672,2920900,0.0,0.0,0.0
2024-12-20 00:00:00-05:00,19.366996842242024,20.07901879828596,19.291047906027956,20.012563705444336,1802300,0.0,0.0,0.0
2024-12-23 00:00:00-05:00,20.12791045315938,20.252868017637006,19.85107949744978,20.243255615234375,1276900,0.26,0.0,0.0
2024-12-24 00:00:00-05:00,20.22403301844316,20.541234970092773,20.214420615862462,20.541234970092773,579200,0.0,0.0,0.0
2024-12-26 00:00:00-05:00,20.45472518024485,20.560457941875836,20.339378182654837,20.541234970092773,629600,0.0,0.0,0.0
2024-12-27 00:00:00-05:00,20.473947772762656,20.473947772762656,20.031788262511355,20.243255615234375,1103500,0.0,0.0,0.0
2024-12-30 00:00:00-05:00,19.94527863366073,20.147133585594265,19.802056953460045,20.127910614013672,2158800,0.0,0.0,0.0
2024-12-31 00:00:00-05:00,19.954889296540422,20.22403104236724,19.954889296540422,19.983726501464844,1398100,0.0,0.0,0.0
2025-01-02 00:00:00-05:00,20.089461821770744,20.232683507800793,19.685750068093622,19.906829833984375,1378200,0.0,0.0,0.0
2025-01-03 00:00:00-05:00,19.97411702612381,20.276899471987587,19.964504623074074,20.14713478088379,1487200,0.0,0.0,0.0
2025-01-06 00:00:00-05:00,20.28170586045538,20.459530727031208,20.147134055979468,20.25286865234375,1397300,0.0,0.0,0.0
2025-01-07 00:00:00-05:00,20.377827750613662,20.454725137721027,19.88279910231781,19.954891204833984,1145400,0.0,0.0,0.0
2025-01-08 00:00:00-05:00,19.93566695049554,20.02217674255371,19.714587185626158,20.02217674255371,803500,0.0,0.0,0.0
2025-01-10 00:00:00-05:00,19.849158337514815,19.849158337514815,19.39738637811366,19.512731552124023,1781100,0.0,0.0,0.0
2025-01-13 00:00:00-05:00,19.330098314515464,19.48869836190931,19.089793767923787,19.46466827392578,1541200,0.0,0.0,0.0
2025-01-14 00:00:00-05:00,19.531955084654932,19.680944577524947,19.320487723846387,19.522342681884766,995800,0.0,0.0,0.0
2025-01-15 00:00:00-05:00,19.753034788295793,20.26248113329852,19.753034788295793,20.22403335571289,1970100,0.0,0.0,0.0
2025-01-16 00:00:00-05:00,20.233643842813652,20.339378439156395,20.204808468086252,20.281705856323242,813200,0.0,0.0,0.0
2025-01-17 00:00:00-05:00,20.310542329700493,20.502786727381142,20.310542329700493,20.416276931762695,1037500,0.0,0.0,0.0
2025-01-21 00:00:00-05:00,20.512397600497383,20.71425255296425,20.512397600497383,20.656579971313477,1137900,0.0,0.0,0.0
2025-01-22 00:00:00-05:00,20.69502822614323,20.800760980016143,20.685415824267835,20.781538009643555,929600,0.0,0.0,0.0
2025-01-23 00:00:00-05:00,20.7142530156268,20.877660195102365,20.70464244628561,20.83921241760254,787900,0.0,0.0,0.0
2025-01-24 00:00:00-05:00,20.868047153519623,20.944946372921763,20.829599377196853,20.858436584472656,711900,0.0,0.0,0.0
2025-01-27 00:00:00-05:00,20.445110804641452,20.570068359375,20.300928446601773,20.570068359375,991600,0.0,0.0,0.0
2025-01-28 00:00:00-05:00,20.74530029296875,20.78229342514737,20.445463371611343,20.74530029296875,1067100,0.27,0.0,0.0
2025-01-29 00:00:00-05:00,20.735565605299836,20.77450652726692,20.554495517207904,20.706361770629883,555000,0.0,0.0,0.0
2025-01-30 00:00:00-05:00,20.75503681405669,20.88159295820398,20.657686362436948,20.793977737426758,825100,0.0,0.0,0.0
2025-01-31 00:00:00-05:00,20.852385086662338,20.964337444444443,20.6090099114477,20.66741943359375,1658100,0.0,0.0,0.0
2025-02-03 00:00:00-05:00,20.33643072224445,20.589541148137677,20.162175107390606,20.54086685180664,1403400,0.0,0.0,0.0
2025-02-04 00:00:00-05:00,20.599275969649877,20.716096878051758,20.455197158755112,20.716096878051758,458300,0.0,0.0,0.0
2025-02-05 00:00:00-05:00,20.65768417420322,20.828047910692778,20.589539422329484,20.813444137573242,837400,0.0,0.0,0.0
2025-02-06 00:00:00-05:00,20.8329157680195,20.891325293364606,20.747248340392986,20.871856689453125,484500,0.0,0.0,0.0
2025-02-07 00:00:00-05:00,20.88159144714432,20.95947143144338,20.609010573694963,20.618745803833008,729400,0.0,0.0,0.0
2025-02-10 00:00:00-05:00,20.755034371647042,20.879642712240006,20.755034371647042,20.832914352416992,552100,0.0,0.0,0.0
2025-02-11 00:00:00-05:00,20.82318003173848,20.82318003173848,20.69662575376464,20.7647705078125,625400,0.0,0.0,0.0
2025-02-12 00:00:00-05:00,20.677156202108687,20.71317636946189,20.560337149123505,20.696626663208008,540600,0.0,0.0,0.0
2025-02-13 00:00:00-05:00,20.706361608989546,20.91079587730478,20.706361608989546,20.86212158203125,703800,0.0,0.0,0.0
2025-02-14 00:00:00-05:00,20.90105973666031,20.95752332789071,20.784240690369103,20.930265426635742,822300,0.0,0.0,0.0
2025-02-18 00:00:00-05:00,20.93026567200387,20.993543739289827,20.828048541099445,20.910795211791992,816200,0.0,0.0,0.0
2025-02-19 00:00:00-05:00,20.84265108285771,21.008146286010742,20.84265108285771,21.008146286010742,610200,0.0,0.0,0.0
2025-02-20 00:00:00-05:00,20.978939056396484,20.998409515764415,20.8163646199652,20.978939056396484,576000,0.0,0.0,0.0
2025-02-21 00:00:00-05:00,20.97894083777442,20.97894083777442,20.544760326472343,20.56033706665039,1108100,0.0,0.0,0.0
2025-02-24 00:00:00-05:00,20.735564092027722,20.774505011152915,20.41430893646578,20.531129837036133,1016800,0.0,0.0,0.0
2025-02-25 00:00:00-05:00,20.55085395275364,20.580438392543464,20.15541669536839,20.39307403564453,1629000,0.27,0.0,0.0
2025-02-26 00:00:00-05:00,20.462101915595095,20.644534586749007,20.304322003102264,20.48182487487793,1216600,0.0,0.0,0.0
2025-02-27 00:00:00-05:00,20.600159589028745,20.61002106901494,19.969039916992188,19.969039916992188,1145500,0.0,0.0,0.0
2025-02-28 00:00:00-05:00,20.018344951752866,20.33390666102204,19.81816236744241,20.324045181274414,1611100,0.0,0.0,0.0
2025-03-03 00:00:00-05:00,20.363489096718293,20.462102012715594,19.55486657113329,19.712646484375,1457300,0.0,0.0,0.0
2025-03-04 00:00:00-05:00,19.6534804263881,19.791537386851232,18.970094710325558,19.387226104736328,2962700,0.0,0.0,0.0
2025-03-05 00:00:00-05:00,19.614034608939583,19.72250901037988,19.091389323930933,19.653480529785156,1350100,0.0,0.0,0.0
2025-03-06 00:00:00-05:00,19.49570013163409,19.52528269066015,18.86951026015446,18.973052978515625,1782900,0.0,0.0,0.0
2025-03-07 00:00:00-05:00,18.982914677022958,19.229446036464815,18.618047437459605,19.160417556762695,2024500,0.0,0.0,0.0
2025-03-10 00:00:00-04:00,18.844857463990817,18.894162982861598,18.0510261963304,18.32221031188965,2686500,0.0,0.0,0.0
2025-03-11 00:00:00-04:00,18.29262488391665,18.31234784275357,17.73053372325854,17.996788024902344,2523600,0.0,0.0,0.0
2025-03-12 00:00:00-04:00,18.243319367709223,18.243319367709223,17.779841120350845,17.996788024902344,1616800,0.0,0.0,0.0
2025-03-13 00:00:00-04:00,17.996788959431694,18.026373399223324,17.577686407250976,17.671367645263672,1459600,0.0,0.0,0.0
2025-03-14 00:00:00-04:00,17.819285490516652,18.184152712286398,17.809424010913695,18.105262756347656,1530600,0.0,0.0,0.0
2025-03-17 00:00:00-04:00,18.105263176313294,18.603255682061995,18.07567873681819,18.479990005493164,925700,0.0,0.0,0.0
2025-03-18 00:00:00-04:00,18.479989849074034,18.479989849074034,18.08554006356948,18.25318145751953,675000,0.0,0.0,0.0
2025-03-19 00:00:00-04:00,18.27290537974535,18.779773804022767,18.223597978406374,18.578603744506836,857500,0.0,0.0,0.0
2025-03-20 00:00:00-04:00,18.470128857715586,18.859648854088235,18.4484347302268,18.588464736938477,512900,0.0,0.0,0.0
2025-03-21 00:00:00-04:00,18.440545815132644,18.613117008553335,18.253181461643795,18.598325729370117,565700,0.0,0.0,0.0
2025-03-24 00:00:00-04:00,18.864577438221254,19.1278731067539,18.84485636035888,19.111108779907227,956000,0.0,0.0,0.0
2025-03-25 00:00:00-04:00,19.111108673045987,19.209721585345946,19.0815261159754,19.189998626708984,684500,0.0,0.0,0.0
2025-03-26 00:00:00-04:00,19.190000534057617,19.190000534057617,18.68600082397461,18.780000686645508,652000,0.27,0.0,0.0
2025-03-27 00:00:00-04:00,18.709999084472656,18.850000381469727,18.549999237060547,18.670000076293945,645000,0.0,0.0,0.0
2025-03-28 00:00:00-04:00,18.59000015258789,18.639999389648438,18.02400016784668,18.06999969482422,846900,0.0,0.0,0.0
2025-03-31 00:00:00-04:00,17.729999542236328,18.239999771118164,17.530000686645508,18.18000030517578,1419800,0.0,0.0,0.0
2025-04-01 00:00:00-04:00,18.049999237060547,18.434999465942383,17.96500015258789,18.309999465942383,640800,0.0,0.0,0.0
2025-04-02 00:00:00-04:00,18.1200008392334,18.655000686645508,18.013999938964844,18.559999465942383,763600,0.0,0.0,0.0
2025-04-03 00:00:00-04:00,17.75,17.829999923706055,17.170000076293945,17.209999084472656,1890400,0.0,0.0,0.0
2025-04-04 00:00:00-04:00,16.799999237060547,16.829999923706055,15.369999885559082,15.609999656677246,3679700,0.0,0.0,0.0
2025-04-07 00:00:00-04:00,14.489999771118164,16.020000457763672,13.180000305175781,14.890000343322754,3881500,0.0,0.0,0.0
2025-04-08 00:00:00-04:00,15.800000190734863,15.909000396728516,13.550000190734863,13.970000267028809,2151600,0.0,0.0,0.0
2025-04-09 00:00:00-04:00,13.949999809265137,17.030000686645508,13.949999809265137,16.639999389648438,3218000,0.0,0.0,0.0
2025-04-10 00:00:00-04:00,16.1299991607666,16.139999389648438,14.5,15.300000190734863,1470000,0.0,0.0,0.0
2025-04-11 00:00:00-04:00,15.130000114440918,15.869999885559082,14.770000457763672,15.75,1214400,0.0,0.0,0.0
2025-04-14 00:00:00-04:00,16.209999084472656,16.415000915527344,15.789999961853027,16.170000076293945,1096200,0.0,0.0,0.0
2025-04-15 00:00:00-04:00,16.25,16.540000915527344,16.211999893188477,16.280000686645508,455200,0.0,0.0,0.0
2025-04-16 00:00:00-04:00,15.960000038146973,16.079999923706055,15.220000267028809,15.5,696600,0.0,0.0,0.0
2025-04-17 00:00:00-04:00,15.680000305175781,15.8100004196167,15.449999809265137,15.59000015258789,288400,0.0,0.0,0.0
2025-04-21 00:00:00-04:00,15.289999961853027,15.289999961853027,14.399999618530273,14.6899995803833,760700,0.0,0.0,0.0
2025-04-22 00:00:00-04:00,14.930000305175781,15.489999771118164,14.90999984741211,15.34000015258789,593500,0.0,0.0,0.0
2025-04-23 00:00:00-04:00,15.9399995803833,16.770000457763672,15.788999557495117,15.890000343322754,807800,0.0,0.0,0.0
2025-04-24 00:00:00-04:00,15.800000190734863,16.6299991607666,15.619999885559082,16.510000228881836,571000,0.0,0.0,0.0
2025-04-25 00:00:00-04:00,16.34000015258789,16.549999237060547,16.079999923706055,16.440000534057617,430700,0.0,0.0,0.0
