Date,Open,High,Low,Close,Volume,Dividends,Stock Splits
2005-08-03 00:00:00+09:00,83809.3046875,83809.3046875,83809.3046875,83809.3046875,0,0.0,0.0
2005-08-04 00:00:00+09:00,105809.25770184136,123269.53125,105809.25770184136,123269.53125,7500000,0.0,0.0
2005-08-05 00:00:00+09:00,140729.796875,140729.796875,140729.796875,140729.796875,2750000,0.0,0.0
2005-08-08 00:00:00+09:00,144221.85930601545,158190.078125,140031.3936603201,158190.078125,5500000,0.0,0.0
2005-08-09 00:00:00+09:00,166920.19253230616,175650.328125,164475.75456635188,175650.328125,2750000,0.0,0.0
2005-08-10 00:00:00+09:00,196602.6723414179,210570.890625,181936.04314365672,210570.890625,5500000,0.0,0.0
2005-08-11 00:00:00+09:00,204285.18493652344,245142.22192382812,196951.87060546875,223491.484375,5500000,0.0,0.0
2005-08-12 00:00:00+09:00,213015.34890518707,242697.81555590985,205332.82812499997,205332.828125,4500000,0.0,0.0
2005-08-15 00:00:00+09:00,221396.26430777615,240253.359375,214062.94955941133,240253.359375,5750000,0.0,0.0
2005-08-16 00:00:00+09:00,268189.8449809403,275173.95552731893,262602.55654383736,274824.75,3000000,0.0,0.0
2005-08-17 00:00:00+09:00,277967.55312500003,310094.45625000005,277618.34765625,307300.8125,4500000,0.0,0.0
2005-08-18 00:00:00+09:00,322316.6291666667,331395.9708333334,272380.25,272380.25,4500000,0.0,0.0
2005-08-19 00:00:00+09:00,261904.08653846156,285650.0570512821,246189.84134615387,272380.25,3750000,0.0,0.0
2005-08-22 00:00:00+09:00,293332.5862068966,307300.8045977011,266094.5603448276,303808.75,4250000,0.0,0.0
2005-08-23 00:00:00+09:00,307300.7808716707,327903.90140738495,286348.4549031477,288443.6875,4500000,0.0,0.0
2005-08-24 00:00:00+09:00,281808.7699416342,289142.08365758753,266094.52626459143,269237.375,2500000,0.0,0.0
2005-08-25 00:00:00+09:00,244793.02298342026,256316.80295268257,234316.859375,234316.859375,2500000,0.0,0.0
2005-08-26 00:00:00+09:00,216856.57370192307,231523.201875,199396.3020673077,226983.53125,6250000,0.0,0.0
2005-08-29 00:00:00+09:00,226983.4874092559,228380.30887023595,192412.15625,192412.15625,3000000,0.0,0.0
2005-08-30 00:00:00+09:00,189269.35049536257,214761.34788680437,189269.35049536257,207078.828125,3000000,0.0,0.0
2005-08-31 00:00:00+09:00,204983.5652589598,218253.37016499127,197650.2520214161,199745.484375,1750000,0.0,0.0
2005-09-01 00:00:00+09:00,197650.25143129771,205681.9754293893,178793.1603053435,182983.625,2750000,0.0,0.0
2005-09-02 00:00:00+09:00,181237.65970523484,189269.38643590998,176348.7825648239,178444.015625,2250000,0.0,0.0
2005-09-05 00:00:00+09:00,178094.77056962025,182983.64662447257,164126.5532700422,165523.375,2750000,0.0,0.0
2005-09-06 00:00:00+09:00,165523.44035823172,173555.1684768801,159237.74009146343,171809.140625,3750000,0.0,0.0
2005-09-07 00:00:00+09:00,177396.37373154983,189269.359375,172856.70275023064,189269.359375,5500000,0.0,0.0
2005-09-08 00:00:00+09:00,199745.4987934363,204983.58005550195,178443.96832770272,180888.40625,4250000,0.0,0.0
2005-09-09 00:00:00+09:00,175650.3092242579,199047.07009508347,169713.81766001854,188221.703125,4000000,0.0,0.0
2005-09-12 00:00:00+09:00,191713.83794466403,192063.04347826086,175301.17786561264,176698.0,1750000,0.0,0.0
2005-09-13 00:00:00+09:00,176697.96128731343,176697.96128731343,162380.53754664178,163777.359375,1500000,0.0,0.0
2005-09-14 00:00:00+09:00,162380.57970505618,165872.63518258426,155047.26320224718,155396.46875,1250000,0.0,0.0
2005-09-15 00:00:00+09:00,150158.33180147057,152602.7697610294,141428.19623161765,142475.8125,1750000,0.0,0.0
2005-09-16 00:00:00+09:00,142475.8125,154348.796875,140380.57996323527,154348.796875,1500000,0.0,0.0
2005-09-19 00:00:00+09:00,154348.796875,154348.796875,154348.796875,154348.796875,0,0.0,0.0
2005-09-20 00:00:00+09:00,154348.7870145631,155047.197815534,143872.625,143872.625,1000000,0.0,0.0
2005-09-21 00:00:00+09:00,141777.40795454546,144920.25689935067,133396.47743506494,134444.09375,1250000,0.0,0.0
2005-09-22 00:00:00+09:00,129206.01540798611,137586.9461371528,124317.13914930556,125713.9609375,1500000,0.0,0.0
2005-09-23 00:00:00+09:00,125713.9609375,125713.9609375,125713.9609375,125713.9609375,0,0.0,0.0
2005-09-26 00:00:00+09:00,122221.9060202206,132348.8639476103,118729.85156250001,118729.8515625,1500000,0.0,0.0
2005-09-27 00:00:00+09:00,136190.125,136190.125,136190.125,136190.125,0,0.0,5.0
2005-09-28 00:00:00+09:00,153650.40625,153650.40625,153650.40625,153650.40625,0,0.0,0.0
2005-09-29 00:00:00+09:00,171110.71875,171110.71875,171110.71875,171110.71875,0,0.0,0.0
2005-09-30 00:00:00+09:00,204285.19921875,206031.2265625,159586.89921875,174602.734375,900000,0.0,0.0
2005-10-03 00:00:00+09:00,164126.57238700567,172856.7092161017,153650.4081920904,154523.421875,400000,0.0,0.0
2005-10-04 00:00:00+09:00,155570.99765625002,165697.9537326389,153824.97074652778,157142.421875,200000,0.0,0.0
2005-10-05 00:00:00+09:00,158190.06181437644,158539.26724884525,149285.32323542147,151205.953125,100000,0.0,0.0
2005-10-06 00:00:00+09:00,144221.85522885283,150682.15625,141777.417004635,150682.15625,150000,0.0,0.0
2005-10-07 00:00:00+09:00,150682.15976562502,150682.15976562502,144920.26953125,146666.296875,50000,0.0,0.0
2005-10-10 00:00:00+09:00,146666.296875,146666.296875,146666.296875,146666.296875,0,0.0,0.0
2005-10-11 00:00:00+09:00,146666.30246350364,146666.30246350364,140729.80926855232,143523.453125,46000,0.0,0.0
2005-10-12 00:00:00+09:00,142999.64026717556,142999.64026717556,136713.94179389311,137237.75,50000,0.0,0.0
2005-10-13 00:00:00+09:00,137063.146484375,137063.146484375,129380.626171875,132698.078125,50000,0.0,0.0
2005-10-14 00:00:00+09:00,129555.21966019418,129555.21966019418,124840.94616851595,125888.5625,100000,0.0,0.0
2005-10-17 00:00:00+09:00,125713.94031668696,143348.8125,123618.70797807552,143348.8125,200000,0.0,0.0
2005-10-18 00:00:00+09:00,143348.85066336318,143348.85066336318,133047.28892263427,136539.34375,150000,0.0,0.0
2005-10-19 00:00:00+09:00,132698.10761589406,139682.21854304636,131301.28543046358,131825.09375,50000,0.0,0.0
2005-10-20 00:00:00+09:00,133571.08015422078,136015.5182224026,132872.66927759742,134444.09375,50000,0.0,0.0
2005-10-21 00:00:00+09:00,136190.11441929135,136190.11441929135,130952.03309547245,133047.265625,37000,0.0,0.0
2005-10-24 00:00:00+09:00,131301.249829235,132872.67436176573,127809.19531250001,127809.1953125,40000,0.0,0.0
2005-10-25 00:00:00+09:00,126063.16462585035,132523.46530612244,124317.13741496598,128333.0,50000,0.0,0.0
2005-10-26 00:00:00+09:00,126586.97193287038,127809.19097222223,125713.95833333334,127285.3828125,47000,0.0,0.0
2005-10-27 00:00:00+09:00,127285.36504014157,127809.17312672651,125888.54347591505,126412.3515625,22000,0.0,0.0
2005-10-28 00:00:00+09:00,126412.36629526463,127809.18802228413,124840.94185236769,125364.75,24500,0.0,0.0
2005-10-31 00:00:00+09:00,125713.95921610169,126586.97282176907,122920.31567796611,123618.7265625,46000,0.0,0.0
2005-11-01 00:00:00+09:00,123618.73320698166,126237.77416475669,123444.13047646332,123793.3359375,27000,0.0,0.0
2005-11-02 00:00:00+09:00,124840.95468307992,124840.95468307992,122920.32461103254,123444.1328125,25500,0.0,0.0
2005-11-03 00:00:00+09:00,123444.1328125,123444.1328125,123444.1328125,123444.1328125,0,0.0,0.0
2005-11-04 00:00:00+09:00,123618.73593750001,123967.94140625001,121348.90039062501,122221.9140625,37000,0.0,0.0
2005-11-07 00:00:00+09:00,122221.9060202206,122221.9060202206,117856.83794806986,118729.8515625,50000,0.0,0.0
2005-11-08 00:00:00+09:00,118206.02798802005,118729.8360884101,113666.35778463967,117507.6171875,50000,0.0,0.0
2005-11-09 00:00:00+09:00,114364.7755089962,117856.82972301135,113840.96737689394,115237.7890625,49500,0.0,0.0
2005-11-10 00:00:00+09:00,114888.5644847973,131650.42191722975,113491.7430320946,129205.984375,200000,0.0,0.0
2005-11-11 00:00:00+09:00,129206.0393048926,146666.31488663485,129206.0393048926,146317.109375,450000,0.0,0.0
2005-11-14 00:00:00+09:00,155047.2324074074,155047.2324074074,139856.7940972222,141428.21875,250000,0.0,0.0
2005-11-15 00:00:00+09:00,140555.18172116624,140555.18172116624,133571.0733126611,135491.703125,100000,0.0,0.0
2005-11-16 00:00:00+09:00,134793.32280359566,134793.32280359566,128682.22656250001,128682.2265625,50000,0.0,0.0
2005-11-17 00:00:00+09:00,123444.13047646332,124840.95232061001,122571.11682387165,123793.3359375,200000,0.0,0.0
2005-11-18 00:00:00+09:00,118729.84721196454,123793.32599012186,116983.82004708271,118206.0390625,400000,0.0,0.0
2005-11-21 00:00:00+09:00,118729.83011444921,127459.96468168813,118380.62473175966,122047.28125,500000,0.0,0.0
2005-11-22 00:00:00+09:00,118555.24476445894,119602.86106576491,116983.82031249999,116983.8203125,450000,0.0,0.0
2005-11-23 00:00:00+09:00,116983.82031249999,116983.82031249999,116983.82031249999,116983.8203125,0,0.0,0.0
2005-11-24 00:00:00+09:00,117856.81929652467,121872.68128736921,115761.58695347534,116809.203125,450000,0.0,0.0
2005-11-25 00:00:00+09:00,116983.82204198472,117856.83563931297,113491.76765267176,114364.78125,350000,0.0,0.0
2005-11-28 00:00:00+09:00,114015.58392217357,114539.3921178344,108952.10469745223,109650.515625,400000,0.0,0.0
2005-11-29 00:00:00+09:00,108777.4847341954,108777.4847341954,104412.41712848932,106333.046875,450000,0.0,0.0
2005-11-30 00:00:00+09:00,106158.47388698629,106158.47388698629,99698.17202215325,101968.0078125,550000,0.0,0.0
2005-12-01 00:00:00+09:00,101269.6027892562,110348.9464876033,97602.9447572314,105634.671875,1050000,0.0,0.0
2005-12-02 00:00:00+09:00,106507.66033410624,112444.15287731872,102317.19500948566,103539.4140625,650000,0.0,0.0
2005-12-05 00:00:00+09:00,103539.4104926406,103714.0132084798,98825.13716498243,99348.9453125,550000,0.0,0.0
2005-12-06 00:00:00+09:00,99523.54738084532,99523.54738084532,96031.49308678058,97079.109375,550000,0.0,0.0
2005-12-07 00:00:00+09:00,97253.72228876308,102841.00974520907,97079.11955574913,100221.96875,650000,0.0,0.0
2005-12-08 00:00:00+09:00,100396.56160753516,104587.02678767576,98126.72630162566,99348.9453125,650000,0.0,0.0
2005-12-09 00:00:00+09:00,99523.55781794425,101793.39334712544,98126.73595383276,100221.96875,350000,0.0,0.0
2005-12-12 00:00:00+09:00,101269.57380022322,117333.0234375,101269.57380022322,117333.0234375,1550000,0.0,0.0
2005-12-13 00:00:00+09:00,119602.85509701639,119952.06051335804,110174.30885579174,111920.3359375,1000000,0.0,0.0
2005-12-14 00:00:00+09:00,115063.19033216484,128856.80495468537,113666.36859823873,127634.5859375,1600000,0.0,0.0
2005-12-15 00:00:00+09:00,122396.53489803094,129380.64530590716,120475.90453586497,124142.5625,1150000,0.0,0.0
2005-12-16 00:00:00+09:00,127634.60213561777,137063.15003619692,126586.98570222009,135666.328125,1750000,0.0,0.0
2005-12-19 00:00:00+09:00,137237.77164672542,141602.84071945844,134444.12744017632,138634.59375,1350000,0.0,0.0
2005-12-20 00:00:00+09:00,141428.20740861617,142126.61830939946,133571.08477480416,133745.6875,800000,0.0,0.0
2005-12-21 00:00:00+09:00,131650.43206795302,132698.04823825503,122396.48923028524,130079.0078125,1450000,0.0,0.0
2005-12-22 00:00:00+09:00,138809.14604889855,138809.14604889855,125713.94359145527,130777.421875,1250000,0.0,0.0
2005-12-23 00:00:00+09:00,130777.421875,130777.421875,130777.421875,130777.421875,0,0.0,0.0
2005-12-26 00:00:00+09:00,130952.03874143836,133047.2713613014,126761.57350171234,127459.984375,750000,0.0,0.0
2005-12-27 00:00:00+09:00,128158.40420045839,128507.60966149505,123094.92501542665,123793.3359375,600000,0.0,0.0
2005-12-28 00:00:00+09:00,123793.321744961,135142.49792750325,123793.321744961,134269.484375,1050000,0.0,0.0
2005-12-29 00:00:00+09:00,135840.92292767504,138809.1693155548,130952.04652410831,132174.265625,900000,0.0,0.0
2005-12-30 00:00:00+09:00,133920.3125,136190.14830508476,131126.66843220338,133920.3125,300000,0.0,0.0
2006-01-02 00:00:00+09:00,133920.3125,133920.3125,133920.3125,133920.3125,0,0.0,0.0
2006-01-03 00:00:00+09:00,133920.3125,133920.3125,133920.3125,133920.3125,0,0.0,0.0
2006-01-04 00:00:00+09:00,137412.3423461914,137586.94506835938,132872.67156982422,134094.890625,400000,0.0,0.0
2006-01-05 00:00:00+09:00,134269.49788936492,135317.1142578125,128682.21059097782,129904.4296875,700000,0.0,0.0
2006-01-06 00:00:00+09:00,129205.99902077657,129904.40982629429,126586.95850008515,128158.3828125,450000,0.0,0.0
2006-01-09 00:00:00+09:00,128158.3828125,128158.3828125,128158.3828125,128158.3828125,0,0.0,0.0
2006-01-10 00:00:00+09:00,128333.02874472573,128682.23426511955,123967.95973980309,124142.5625,550000,0.0,0.0
2006-01-11 00:00:00+09:00,123967.9448875523,126412.38323744769,122571.12297332635,125190.1640625,550000,0.0,0.0
2006-01-12 00:00:00+09:00,128332.9979666096,128682.20340325343,126063.16262842466,127459.984375,450000,0.0,0.0
2006-01-13 00:00:00+09:00,127459.97216729712,128332.98567529231,125190.13704650964,126936.1640625,600000,0.0,0.0
2006-01-16 00:00:00+09:00,128682.22440286624,137063.15625,128682.22440286624,137063.15625,1900000,0.0,0.0
2006-01-17 00:00:00+09:00,126586.99275775548,133396.49995437957,119602.88281250001,119602.8828125,1500000,0.0,0.0
2006-01-18 00:00:00+09:00,102142.6015625,104412.43715277778,102142.6015625,102142.6015625,550000,0.0,0.0
2006-01-19 00:00:00+09:00,96031.49828941993,109999.71622242646,96031.49828941993,106856.8671875,1500000,0.0,0.0
2006-01-20 00:00:00+09:00,108253.69922576302,110174.32937331688,96206.11011837971,97253.7265625,1150000,0.0,0.0
2006-01-23 00:00:00+09:00,96031.48901608911,101269.57023514851,88174.3671875,88174.3671875,1050000,0.0,0.0
2006-01-24 00:00:00+09:00,97777.53522727273,98126.74071022727,93587.06943181818,96031.5078125,500000,0.0,0.0
2006-01-25 00:00:00+09:00,97253.7265625,100920.384116921,95158.49367425943,97253.7265625,750000,0.0,0.0
2006-01-26 00:00:00+09:00,97602.92851562501,98126.73671875,95682.29843750001,97777.53125,350000,0.0,0.0
2006-01-27 00:00:00+09:00,99523.551171875,105285.4409765625,98126.72940104167,104761.6328125,550000,0.0,0.0
2006-01-30 00:00:00+09:00,108253.6806344697,118380.63785511363,107380.66708096591,115237.7890625,1450000,0.0,0.0
2006-01-31 00:00:00+09:00,111745.75,112444.16093750001,107380.681640625,108253.6953125,500000,0.0,0.0
2006-02-01 00:00:00+09:00,107380.67394340219,108253.68755269815,103364.81134064081,103539.4140625,400000,0.0,0.0
2006-02-02 00:00:00+09:00,106682.2420625,109126.6796875,103539.3936875,109126.6796875,300000,0.0,0.0
2006-02-03 00:00:00+09:00,107380.66274578653,109650.49789325843,104936.22489466293,108777.484375,250000,0.0,0.0
2006-02-06 00:00:00+09:00,107031.48201219512,108253.7012195122,106158.46829268293,107380.6875,200000,0.0,0.0
2006-02-07 00:00:00+09:00,108253.69304906543,113317.1722400701,108253.69304906543,112094.953125,750000,0.0,0.0
2006-02-08 00:00:00+09:00,112094.94352678572,114364.77883184525,107380.67020089287,109999.7109375,400000,0.0,0.0
2006-02-09 00:00:00+09:00,111571.13304736947,114015.57101710839,108777.48965338212,110348.9140625,250000,0.0,0.0
2006-02-10 00:00:00+09:00,112444.14895833335,113142.55982142859,96031.49367559525,109999.7109375,750000,0.0,0.0
2006-02-13 00:00:00+09:00,101269.59100979478,104412.44038596081,93587.0703125,93587.0703125,800000,0.0,0.0
2006-02-14 00:00:00+09:00,90793.41014897579,95856.88879189944,78745.82303305401,93761.65625,700000,0.0,0.0
2006-02-15 00:00:00+09:00,94983.88496015937,95856.89860869024,87650.5703125,87650.5703125,300000,0.0,0.0
2006-02-16 00:00:00+09:00,85206.12081589959,88698.17494769875,82063.27209728034,83460.09375,350000,0.0,0.0
2006-02-17 00:00:00+09:00,83285.49384856892,83285.49384856892,74729.9609375,74729.9609375,600000,0.0,0.0
2006-02-20 00:00:00+09:00,69491.87429728836,73158.53098131614,65999.8203125,65999.8203125,700000,0.0,0.0
2006-02-21 00:00:00+09:00,67396.64513150118,74729.95885047282,63031.57744163711,73856.9453125,1350000,0.0,0.0
2006-02-22 00:00:00+09:00,71237.91173780488,74206.15806021342,68444.2681402439,71587.1171875,850000,0.0,0.0
2006-02-23 00:00:00+09:00,72460.1358251634,80317.25898692811,71936.32761437909,80142.65625,900000,0.0,0.0
2006-02-24 00:00:00+09:00,77523.60406312127,88174.36948620775,76301.38508014413,87825.1640625,1250000,0.0,0.0
2006-02-27 00:00:00+09:00,89571.18848064853,91666.42095972803,83460.09375,83460.09375,900000,0.0,0.0
2006-02-28 00:00:00+09:00,83809.29166666667,84507.70243055557,77698.19748263889,78571.2109375,650000,0.0,0.0
2006-03-01 00:00:00+09:00,75777.56470671982,80142.63179812072,74555.34592112756,76650.578125,400000,0.0,0.0
2006-03-02 00:00:00+09:00,79269.64223884977,79618.8477112676,73856.95741637325,74380.765625,250000,0.0,0.0
2006-03-03 00:00:00+09:00,76126.78932510504,83110.8984375,83110.8984375,83110.8984375,950000,0.0,0.0
2006-03-06 00:00:00+09:00,86602.94961977187,91841.03125,84682.31968868822,91841.03125,2300000,0.0,0.0
2006-03-07 00:00:00+09:00,89745.80546875001,91491.83281250001,84856.92890625,87301.3671875,1300000,0.0,0.0
2006-03-08 00:00:00+09:00,85555.34633857285,89920.41502931637,84856.9353480539,87475.9765625,550000,0.0,0.0
2006-03-09 00:00:00+09:00,88174.35062157847,97428.29236998176,87650.54259808395,95682.265625,2400000,0.0,0.0
2006-03-10 00:00:00+09:00,94285.48128498135,98650.54986298973,93412.46756937966,93587.0703125,1600000,0.0,0.0
2006-03-13 00:00:00+09:00,95333.0750292056,95856.88313376169,92888.63720794393,93412.4453125,600000,0.0,0.0
2006-03-14 00:00:00+09:00,93412.44240196078,93412.44240196078,88698.16960784313,89047.375,550000,0.0,0.0
2006-03-15 00:00:00+09:00,90444.23320158102,90618.83596837944,87825.19169960474,88349.0,250000,0.0,0.0
2006-03-16 00:00:00+09:00,88348.97535807292,88348.97535807292,83110.89381510417,83809.3046875,500000,0.0,0.0
2006-03-17 00:00:00+09:00,83460.12608418366,86602.97602040815,81190.29001913265,85555.359375,350000,0.0,0.0
2006-03-20 00:00:00+09:00,87301.38282854209,88698.20495379876,84682.34134368582,85031.546875,300000,0.0,0.0
2006-03-21 00:00:00+09:00,85031.546875,85031.546875,85031.546875,85031.546875,0,0.0,0.0
2006-03-22 00:00:00+09:00,85729.9555214724,86253.76380368098,84333.13343558283,85380.75,100000,0.0,0.0
2006-03-23 00:00:00+09:00,86952.1518939394,87301.35732323233,85555.33017676767,86428.34375,100000,0.0,0.0
2006-03-24 00:00:00+09:00,87126.75806840077,92539.44243737958,85904.53901734104,90618.8125,1000000,0.0,0.0
2006-03-27 00:00:00+09:00,91841.04154265874,92364.84976438493,87825.17850942462,87999.78125,350000,0.0,0.0
2006-03-28 00:00:00+09:00,86952.15509143287,89745.79862850701,85729.93604396292,87126.7578125,200000,0.0,0.0
2006-03-29 00:00:00+09:00,90793.41928506375,95856.8984375,89047.39199112021,95856.8984375,1050000,0.0,0.0
2006-03-30 00:00:00+09:00,96380.6763229927,98126.70306797446,93237.82818202555,95682.265625,1350000,0.0,0.0
2006-03-31 00:00:00+09:00,96206.12264979338,111047.35754132232,94634.69777892562,105634.671875,4550000,0.0,0.0
2006-04-03 00:00:00+09:00,107904.48353247548,112269.55163654003,105983.85356668709,106856.8671875,2500000,0.0,0.0
2006-04-04 00:00:00+09:00,108428.29844259788,110174.32579272024,106507.66835746329,107031.4765625,900000,0.0,0.0
2006-04-05 00:00:00+09:00,108253.67699579832,108952.08781512605,101967.97962184875,103888.609375,750000,0.0,0.0
2006-04-06 00:00:00+09:00,103539.4140625,105110.83855923271,101444.18140018971,103539.4140625,500000,0.0,0.0
2006-04-07 00:00:00+09:00,103015.62003766285,108777.51064993892,102142.60630853013,107206.0859375,1400000,0.0,0.0
2006-04-10 00:00:00+09:00,103888.64424070247,106507.68569214876,103888.64424070247,105634.671875,500000,0.0,0.0
2006-04-11 00:00:00+09:00,105460.04369791667,105809.249140625,102841.00287760417,104761.6328125,300000,0.0,0.0
2006-04-12 00:00:00+09:00,103539.42713414633,109650.5231707317,103364.8243902439,107380.6875,950000,0.0,0.0
2006-04-13 00:00:00+09:00,109650.51999795416,109650.51999795416,106158.46522094926,106682.2734375,400000,0.0,0.0
2006-04-14 00:00:00+09:00,106682.270703125,109126.708984375,106158.46250000001,108253.6953125,450000,0.0,0.0
2006-04-17 00:00:00+09:00,109999.7187222469,110523.52690663854,96206.1031999334,98301.3359375,1300000,0.0,0.0
2006-04-18 00:00:00+09:00,96031.51197205632,104237.84117694113,93237.86798741468,102317.2109375,800000,0.0,0.0
2006-04-19 00:00:00+09:00,104237.80959079984,105110.82307145979,98650.52331457606,99872.7421875,400000,0.0,0.0
2006-04-20 00:00:00+09:00,99872.7344600726,100221.9398253176,96031.4754423775,96206.078125,350000,0.0,0.0
2006-04-21 00:00:00+09:00,94460.065425917,96904.50334821429,90444.203125,90444.203125,500000,0.0,0.0
2006-04-24 00:00:00+09:00,88698.169370229,93412.44215171755,86602.93702290076,91491.8125,300000,0.0,0.0
2006-04-25 00:00:00+09:00,91841.03753948557,97777.5304602888,90269.61294280234,96729.9140625,350000,0.0,0.0
2006-04-26 00:00:00+09:00,96380.70109689214,99174.34460694698,93412.45486745887,95507.6875,200000,0.0,0.0
2006-04-27 00:00:00+09:00,95333.06471188748,97428.29690335754,94809.25666401997,96206.078125,100000,0.0,0.0
2006-04-28 00:00:00+09:00,95158.48206124315,95856.89293875686,92539.44127056673,95507.6875,100000,0.0,0.0
2006-05-01 00:00:00+09:00,95333.08536585365,95333.08536585365,92714.04455909943,93063.25,100000,0.0,0.0
2006-05-02 00:00:00+09:00,91841.0360066882,94634.6796875,91317.22781653599,94634.6796875,100000,0.0,0.0
2006-05-03 00:00:00+09:00,94634.6796875,94634.6796875,94634.6796875,94634.6796875,0,0.0,0.0
2006-05-04 00:00:00+09:00,94634.6796875,94634.6796875,94634.6796875,94634.6796875,0,0.0,0.0
2006-05-05 00:00:00+09:00,94634.6796875,94634.6796875,94634.6796875,94634.6796875,0,0.0,0.0
2006-05-08 00:00:00+09:00,96031.4754423775,97079.09153811252,95682.27007713249,96206.078125,150000,0.0,0.0
2006-05-09 00:00:00+09:00,96729.89195848793,96904.4946515538,93761.64617636826,94110.8515625,100000,0.0,0.0
2006-05-10 00:00:00+09:00,98475.91299909256,98475.91299909256,94460.05129877495,96206.078125,300000,0.0,0.0
2006-05-11 00:00:00+09:00,96031.49505500936,96904.50864641853,92714.04340765449,93237.8515625,100000,0.0,0.0
2006-05-12 00:00:00+09:00,88872.78528420039,91491.8261078998,88174.37439788054,90618.8125,250000,0.0,0.0
2006-05-15 00:00:00+09:00,88174.37894417475,90793.41990291262,87301.36529126213,89920.40625,100000,0.0,0.0
2006-05-16 00:00:00+09:00,90444.208590397,90618.81130968349,79444.23727534871,81364.8671875,300000,0.0,0.0
2006-05-17 00:00:00+09:00,81539.4799683626,84507.7265625,75428.3840392562,84507.7265625,350000,0.0,0.0
2006-05-18 00:00:00+09:00,79444.23923500531,84682.32094280786,79269.6365114119,82237.8828125,200000,0.0,0.0
2006-05-19 00:00:00+09:00,81539.46773989899,86428.34375,79793.44059343434,86428.34375,250000,0.0,0.0
2006-05-22 00:00:00+09:00,88348.9783604888,89920.40287678209,84507.7184317719,85729.9375,250000,0.0,0.0
2006-05-23 00:00:00+09:00,83110.88873922413,84507.7103987069,80841.05354256465,81015.65625,200000,0.0,0.0
2006-05-24 00:00:00+09:00,81364.86663411457,83809.3046875,79618.839453125,83809.3046875,200000,0.0,0.0
2006-05-25 00:00:00+09:00,83110.8840811966,83110.8840811966,81190.25440705128,81714.0625,100000,0.0,0.0
2006-05-26 00:00:00+09:00,83460.10375548246,83460.10375548246,78745.83011239035,79618.84375,150000,0.0,0.0
2006-05-29 00:00:00+09:00,79095.05097796762,79269.65373950839,72634.74880095923,72809.3515625,200000,0.0,0.0
2006-05-30 00:00:00+09:00,71237.90625,72634.72794117646,68793.46829044117,71237.90625,300000,0.0,0.0
2006-05-31 00:00:00+09:00,67745.85178805774,70190.28973917324,66349.03010170604,66523.6328125,200000,0.0,0.0
2006-06-01 00:00:00+09:00,68269.66999868328,70015.69736437852,61110.957799332864,62158.57421875,300000,0.0,0.0
2006-06-02 00:00:00+09:00,63031.585576596466,64777.61287788723,53428.435419497284,64253.8046875,600000,0.0,0.0
2006-06-05 00:00:00+09:00,62856.97567654639,70190.2895054768,61460.15399484536,67745.8515625,350000,0.0,0.0
2006-06-06 00:00:00+09:00,64253.812,68968.08625,63904.606499999994,65476.03125,250000,0.0,0.0
2006-06-07 00:00:00+09:00,65999.8294921875,67396.65128038195,62507.77502170139,62856.98046875,200000,0.0,0.0
2006-06-08 00:00:00+09:00,61110.9530101103,61285.55573299633,57618.89855238971,59364.92578125,250000,0.0,0.0
2006-06-09 00:00:00+09:00,61285.553272980505,63729.99129526463,58491.90981894151,62682.375,200000,0.0,0.0
2006-06-12 00:00:00+09:00,61634.76301033266,65476.02302797379,61110.95482610887,64952.21484375,200000,0.0,0.0
2006-06-13 00:00:00+09:00,64253.8031079235,66872.84399547473,63206.18675290301,63904.59765625,250000,0.0,0.0
2006-06-14 00:00:00+09:00,62507.775320512825,68269.66522435898,62333.17259615385,68095.0625,300000,0.0,0.0
2006-06-15 00:00:00+09:00,70888.70286016949,72809.33274061744,69491.88112893462,72110.921875,350000,0.0,0.0
2006-06-16 00:00:00+09:00,75079.1806265024,75777.59160907452,71936.33120492788,72634.7421875,350000,0.0,0.0
2006-06-19 00:00:00+09:00,72983.95432404077,72983.95432404077,71237.9267086331,72809.3515625,100000,0.0,0.0
2006-06-20 00:00:00+09:00,72110.9131640625,72983.926640625,69666.4754296875,69841.078125,100000,0.0,0.0
2006-06-21 00:00:00+09:00,71237.91324626865,71761.72143190299,69142.68050373135,70190.296875,50000,0.0,0.0
2006-06-22 00:00:00+09:00,71761.72108037898,72110.92653575794,70190.29653117359,71412.515625,100000,0.0,0.0
2006-06-23 00:00:00+09:00,70539.48991687191,70888.6953125,70015.6818234298,70888.6953125,50000,0.0,0.0
2006-06-26 00:00:00+09:00,69666.48553313442,70888.70457757536,69142.67737123116,69491.8828125,50000,0.0,0.0
2006-06-27 00:00:00+09:00,70714.10506063432,70714.10506063432,69491.88596082089,70190.296875,50000,0.0,0.0
2006-06-28 00:00:00+09:00,69317.28594147583,69841.0941475827,68618.875,68618.875,50000,0.0,0.0
2006-06-29 00:00:00+09:00,69317.28818810827,73682.35671380778,68968.08270605232,71761.7265625,250000,0.0,0.0
2006-06-30 00:00:00+09:00,73682.35866135817,74206.16689828725,71936.33120492788,72634.7421875,200000,0.0,0.0
2006-07-03 00:00:00+09:00,72110.91585286458,75602.9698893229,71412.5050455729,75428.3671875,300000,0.0,0.0
2006-07-04 00:00:00+09:00,76825.20514705882,76999.8078860294,74206.1640625,74206.1640625,250000,0.0,0.0
2006-07-05 00:00:00+09:00,72460.12730780871,73333.14088983051,71412.51100938256,72110.921875,200000,0.0,0.0
2006-07-06 00:00:00+09:00,71237.91173780488,72110.92536204269,70714.1035632622,71587.1171875,100000,0.0,0.0
2006-07-07 00:00:00+09:00,72110.93542325949,72285.53817246835,68618.88043908228,68968.0859375,150000,0.0,0.0
2006-07-10 00:00:00+09:00,66698.23643410853,68444.26356589148,65476.017441860466,67571.25,200000,0.0,0.0
2006-07-11 00:00:00+09:00,67047.43089430894,67047.43089430894,63380.77451727642,64428.390625,150000,0.0,0.0
2006-07-12 00:00:00+09:00,63555.39136284722,66174.4322157118,62856.98046875,62856.98046875,100000,0.0,0.0
2006-07-13 00:00:00+09:00,62158.568287037044,64603.006365740745,61110.9519675926,61285.5546875,150000,0.0,0.0
2006-07-14 00:00:00+09:00,59539.51779263006,61809.35278179191,59364.91510115607,60412.53125,100000,0.0,0.0
2006-07-17 00:00:00+09:00,60412.53125,60412.53125,60412.53125,60412.53125,0,0.0,0.0
2006-07-18 00:00:00+09:00,58841.12413485738,59190.32961933725,52031.6171875,52031.6171875,350000,0.0,0.0
2006-07-19 00:00:00+09:00,53253.83722629677,53777.64546130952,49761.78232621173,51333.20703125,300000,0.0,0.0
2006-07-20 00:00:00+09:00,55349.05951286764,56571.278492647056,53777.63511029411,56396.67578125,300000,0.0,0.0
2006-07-21 00:00:00+09:00,52904.631985443804,55174.46768118892,52904.631985443804,53603.04296875,200000,0.0,0.0
2006-07-24 00:00:00+09:00,52380.81640625,53428.432734375005,51507.80279947917,52380.81640625,150000,0.0,0.0
2006-07-25 00:00:00+09:00,54999.86380557886,54999.86380557886,52031.6171875,52031.6171875,150000,0.0,0.0
2006-07-26 00:00:00+09:00,52380.8203125,52730.025781250006,48888.765625,48888.765625,150000,0.0,0.0
2006-07-27 00:00:00+09:00,48190.342026245555,50285.574288256226,47142.72589524021,49063.35546875,200000,0.0,0.0
2006-07-28 00:00:00+09:00,50460.18647135417,52730.021848958335,49587.172864583335,52380.81640625,200000,0.0,0.0
2006-07-31 00:00:00+09:00,54126.84006291254,54476.04548267326,52730.01838386963,52904.62109375,150000,0.0,0.0
2006-08-01 00:00:00+09:00,52730.02181288227,59364.925219801225,52206.213649178135,57095.08984375,550000,0.0,0.0
2006-08-02 00:00:00+09:00,56745.88273254752,60063.334338450295,56047.47186814693,59714.12890625,350000,0.0,0.0
2006-08-03 00:00:00+09:00,60063.33819653615,60936.35183311371,56920.48910485693,57968.10546875,250000,0.0,0.0
2006-08-04 00:00:00+09:00,58317.307439365664,59539.52645755596,57618.89657182835,58491.91015625,200000,0.0,0.0
2006-08-07 00:00:00+09:00,57968.09513012619,58317.30052247635,54999.84929514985,55349.0546875,150000,0.0,0.0
2006-08-08 00:00:00+09:00,54825.245479559744,55872.86163522012,53952.232016509435,55523.65625,100000,0.0,0.0
2006-08-09 00:00:00+09:00,54825.252255889056,57444.29296874999,53952.23868493541,57444.29296875,150000,0.0,0.0
2006-08-10 00:00:00+09:00,55698.26651442308,57618.89639423077,55698.26651442308,56745.8828125,150000,0.0,0.0
2006-08-11 00:00:00+09:00,57968.11258627301,59364.93457630368,56745.89334499617,56920.49609375,200000,0.0,0.0
2006-08-14 00:00:00+09:00,57095.08816474781,59714.12890625001,57095.08816474781,59714.12890625,200000,0.0,0.0
2006-08-15 00:00:00+09:00,60237.93961588542,63206.18591579861,59190.32327473958,62856.98046875,450000,0.0,0.0
2006-08-16 00:00:00+09:00,63555.39301915323,65301.42029989919,63555.39301915323,64952.21484375,300000,0.0,0.0
2006-08-17 00:00:00+09:00,66698.22731370192,66698.22731370192,63380.77621694712,63555.37890625,200000,0.0,0.0
2006-08-18 00:00:00+09:00,64253.795545212764,65825.2198927859,63729.98742935505,65650.6171875,200000,0.0,0.0
2006-08-21 00:00:00+09:00,67047.45153061225,68444.2734375,66349.04057716837,68444.2734375,300000,0.0,0.0
2006-08-22 00:00:00+09:00,67571.25974569516,68968.08165258291,67222.05426897322,68444.2734375,250000,0.0,0.0
2006-08-23 00:00:00+09:00,68095.06679389313,69142.68320610687,67745.86132315522,68618.875,150000,0.0,0.0
2006-08-24 00:00:00+09:00,72809.3365966191,76475.99383529776,70364.8984375,70364.8984375,2350000,0.0,0.0
2006-08-25 00:00:00+09:00,69491.87297603628,71412.50263115285,67396.640625,67396.640625,650000,0.0,0.0
2006-08-28 00:00:00+09:00,65999.83151408451,66174.43424295775,61460.16056338028,61983.96875,600000,0.0,0.0
2006-08-29 00:00:00+09:00,63729.99649711278,64253.8046875,61983.969195822014,64253.8046875,250000,0.0,0.0
2006-08-30 00:00:00+09:00,61634.759977547656,61809.362697030796,59015.719185300586,59539.52734375,1000000,0.0,0.0
2006-08-31 00:00:00+09:00,59364.92282484802,60587.14182418313,57095.087540368535,57444.29296875,550000,0.0,0.0
2006-09-01 00:00:00+09:00,56571.28515624999,58491.915207851074,55349.066032503855,56571.28515625,800000,0.0,0.0
2006-09-04 00:00:00+09:00,58317.307177448834,60587.14248675074,57618.89631304825,59714.12890625,750000,0.0,0.0
2006-09-05 00:00:00+09:00,60237.93705455044,60412.53977065059,59190.320757949565,59714.12890625,800000,0.0,0.0
2006-09-06 00:00:00+09:00,59888.73394990809,60063.336672794125,58491.91216681986,59364.92578125,400000,0.0,0.0
2006-09-07 00:00:00+09:00,57618.89587942478,59190.3203125,57444.29316463864,59190.3203125,250000,0.0,0.0
2006-09-08 00:00:00+09:00,58666.51836053412,59364.929293397625,58317.31289410237,58841.12109375,200000,0.0,0.0
2006-09-11 00:00:00+09:00,59015.71621685606,59015.71621685606,57444.29182054924,57618.89453125,200000,0.0,0.0
2006-09-12 00:00:00+09:00,57444.300817985895,57793.506294083076,54999.862485305646,55698.2734375,300000,0.0,0.0
2006-09-13 00:00:00+09:00,56745.892393627844,57095.09788528094,53253.8374770969,53603.04296875,400000,0.0,0.0
2006-09-14 00:00:00+09:00,54301.44797702815,54476.05070364238,51857.00980442881,52730.0234375,300000,0.0,0.0
2006-09-15 00:00:00+09:00,51158.59622871678,52730.02068625415,50460.18535870017,52555.41796875,450000,0.0,0.0
2006-09-18 00:00:00+09:00,52555.41796875,52555.41796875,52555.41796875,52555.41796875,0,0.0,0.0
2006-09-19 00:00:00+09:00,52730.02456507732,52730.02456507732,50809.39453125,50809.39453125,200000,0.0,0.0
2006-09-20 00:00:00+09:00,50809.395703125,50809.395703125,48539.56015625,48888.765625,400000,0.0,0.0
2006-09-21 00:00:00+09:00,49936.38124449824,50110.983976122356,47491.94300176056,49587.17578125,600000,0.0,0.0
2006-09-22 00:00:00+09:00,48714.16585618622,51857.01526626275,48364.960366177715,51333.20703125,450000,0.0,0.0
2006-09-25 00:00:00+09:00,51333.20514112904,51333.20514112904,48364.958585349465,48714.1640625,400000,0.0,0.0
2006-09-26 00:00:00+09:00,49063.377701130325,49761.78877160905,48539.56939827128,49237.98046875,150000,0.0,0.0
2006-09-27 00:00:00+09:00,50110.98781622024,51507.809776254246,49412.576836203225,51333.20703125,200000,0.0,0.0
2006-09-28 00:00:00+09:00,52555.42078575721,54650.653508112984,51682.40715144231,54476.05078125,400000,0.0,0.0
2006-09-29 00:00:00+09:00,54476.05070364238,54650.65343025662,52380.817984271525,52730.0234375,350000,0.0,0.0
2006-10-02 00:00:00+09:00,52380.8235012755,52904.63173628826,51333.20703124999,51333.20703125,200000,0.0,0.0
2006-10-03 00:00:00+09:00,50634.78336864407,51682.399576271186,50285.5779661017,51507.796875,200000,0.0,0.0
2006-10-04 00:00:00+09:00,52206.217990834804,52206.217990834804,49412.57421875,49412.57421875,250000,0.0,0.0
2006-10-05 00:00:00+09:00,50285.59707446809,50285.59707446809,49063.377701130325,49237.98046875,150000,0.0,0.0
2006-10-06 00:00:00+09:00,49412.56826101619,49412.56826101619,48190.34925809353,48539.5546875,150000,0.0,0.0
2006-10-09 00:00:00+09:00,48539.5546875,48539.5546875,48539.5546875,48539.5546875,0,0.0,0.0
2006-10-10 00:00:00+09:00,47142.73664607558,48015.75028766957,45047.50390625,45047.50390625,450000,0.0,0.0
2006-10-11 00:00:00+09:00,45396.72130102041,45920.529623724484,42603.0769132653,42777.6796875,400000,0.0,0.0
2006-10-12 00:00:00+09:00,41380.84661155524,45047.50390625,41380.84661155524,45047.50390625,400000,0.0,0.0
2006-10-13 00:00:00+09:00,45571.31676136364,46793.53598484849,44872.90577651515,46095.125,450000,0.0,0.0
2006-10-16 00:00:00+09:00,46968.137457386365,48015.75390625,46444.329232954544,48015.75390625,500000,0.0,0.0
2006-10-17 00:00:00+09:00,48190.3473919173,48364.95009985902,46269.717604558275,46444.3203125,350000,0.0,0.0
2006-10-18 00:00:00+09:00,46095.121148767605,49587.17578125,45920.51841714348,49587.17578125,450000,0.0,0.0
2006-10-19 00:00:00+09:00,50460.17918214598,50809.38457440997,49587.16570148602,49936.37109375,500000,0.0,0.0
2006-10-20 00:00:00+09:00,49761.78049395161,49761.78049395161,48190.3558467742,48714.1640625,250000,0.0,0.0
2006-10-23 00:00:00+09:00,48364.958545090834,50809.39688310987,48015.75306823097,50460.19140625,450000,0.0,0.0
2006-10-24 00:00:00+09:00,51682.40856073944,52031.61402398768,49587.17578125,49587.17578125,500000,0.0,0.0
2006-10-25 00:00:00+09:00,49936.38162793322,50285.587093862814,48190.3542982852,48364.95703125,200000,0.0,0.0
2006-10-26 00:00:00+09:00,48714.16406250001,50110.985971102156,48714.16406250001,48714.1640625,300000,0.0,0.0
2006-10-27 00:00:00+09:00,48888.74885948905,49063.35153398723,47491.92746350365,47841.1328125,150000,0.0,0.0
2006-10-30 00:00:00+09:00,46968.12387152778,48015.74001736112,46793.52118055556,47142.7265625,100000,0.0,0.0
2006-10-31 00:00:00+09:00,47666.5390625,48015.74447687729,46793.52552655678,47666.5390625,100000,0.0,0.0
2006-11-01 00:00:00+09:00,47491.93635531136,48015.74447687729,47142.73094093407,47666.5390625,150000,0.0,0.0
2006-11-02 00:00:00+09:00,47841.14292279411,48888.75919117647,47142.73207720588,47491.9375,400000,0.0,0.0
2006-11-03 00:00:00+09:00,47491.9375,47491.9375,47491.9375,47491.9375,0,0.0,0.0
2006-11-06 00:00:00+09:00,46793.53562021073,46968.13836506227,45047.50817169541,45571.31640625,200000,0.0,0.0
2006-11-07 00:00:00+09:00,46095.12064243028,46618.9288315488,43301.47696713147,43825.28515625,250000,0.0,0.0
2006-11-08 00:00:00+09:00,44174.4933655754,45571.31529017857,43650.68514384921,43999.890625,200000,0.0,0.0
2006-11-09 00:00:00+09:00,44523.69690602437,48364.95703125,44174.49144009477,48364.95703125,1750000,0.0,0.0
2006-11-10 00:00:00+09:00,44174.5,45047.513833992096,42952.280632411064,44174.5,2350000,0.0,0.0
2006-11-13 00:00:00+09:00,43476.09078443878,43650.69355867347,42079.26859056122,42777.6796875,350000,0.0,0.0
2006-11-14 00:00:00+09:00,43126.87614440918,45047.506256103516,43126.87614440918,44698.30078125,700000,0.0,0.0
2006-11-15 00:00:00+09:00,45222.106993899404,45222.106993899404,43301.47696713147,43825.28515625,350000,0.0,0.0
2006-11-16 00:00:00+09:00,43650.68201864919,44349.092930947576,42079.25746597782,43301.4765625,500000,0.0,0.0
2006-11-17 00:00:00+09:00,42952.268652343744,43301.47408854166,41555.44690755208,41904.65234375,300000,0.0,0.0
2006-11-20 00:00:00+09:00,40507.834375000006,41031.642578125,35793.560546875,36666.57421875,750000,0.0,0.0
2006-11-21 00:00:00+09:00,37888.79375733568,38412.60196596244,36142.76639524648,37190.3828125,350000,0.0,0.0
2006-11-22 00:00:00+09:00,36666.583806818184,40682.44774756493,36317.378246753244,40333.2421875,900000,0.0,0.0
2006-11-23 00:00:00+09:00,40333.2421875,40333.2421875,40333.2421875,40333.2421875,0,0.0,0.0
2006-11-24 00:00:00+09:00,39634.81640625,39984.02183714207,38063.39196723568,39634.81640625,400000,0.0,0.0
2006-11-27 00:00:00+09:00,38587.196180555555,41031.63394764958,38587.196180555555,40857.03125,300000,0.0,0.0
2006-11-28 00:00:00+09:00,39809.41710251046,46618.92265951883,39460.21168933054,41730.046875,2050000,0.0,0.0
2006-11-29 00:00:00+09:00,42428.46285779937,43126.873769038866,40507.83285189076,41555.44921875,850000,0.0,0.0
2006-11-30 00:00:00+09:00,42777.66873054979,42952.271460062235,41730.052353475105,42079.2578125,300000,0.0,0.0
2006-12-01 00:00:00+09:00,41730.04945652174,41904.65217391304,39984.02228260869,40158.625,500000,0.0,0.0
2006-12-04 00:00:00+09:00,39634.82258976064,41380.85001662234,39634.82258976064,41031.64453125,350000,0.0,0.0
2006-12-05 00:00:00+09:00,41380.84447089592,41555.44719018241,40333.22815517704,40682.43359375,250000,0.0,0.0
2006-12-06 00:00:00+09:00,40682.43597640041,42253.860542012444,40158.627787863064,42079.2578125,700000,0.0,0.0
2006-12-07 00:00:00+09:00,42777.66547995781,42777.66547995781,41206.24103375527,41380.84375,450000,0.0,0.0
2006-12-08 00:00:00+09:00,41555.44962396265,42603.06600103734,41031.64143542531,42079.2578125,500000,0.0,0.0
2006-12-11 00:00:00+09:00,42777.6695494893,45396.71054231518,42603.066816634244,44872.90234375,2050000,0.0,0.0
2006-12-12 00:00:00+09:00,46095.12351190476,46444.32899305556,42952.27418154762,43999.890625,1500000,0.0,0.0
2006-12-13 00:00:00+09:00,43999.88983154297,44872.90351867676,43476.081619262695,44698.30078125,550000,0.0,0.0
2006-12-14 00:00:00+09:00,44698.30078125,45047.506256103516,43650.68435668945,44698.30078125,750000,0.0,0.0
2006-12-15 00:00:00+09:00,45047.513833992096,45222.11660079051,43999.897233201584,44174.5,400000,0.0,0.0
2006-12-18 00:00:00+09:00,43650.6852079029,43825.287948734505,41730.05505875517,42253.86328125,700000,0.0,0.0
2006-12-19 00:00:00+09:00,40857.03586956522,41730.04945652174,39634.816847826085,40158.625,700000,0.0,0.0
2006-12-20 00:00:00+09:00,40158.62543589056,41380.84447089592,39809.4199973176,40682.43359375,550000,0.0,0.0
2006-12-21 00:00:00+09:00,40333.231640625,40682.437109375,38237.998828125004,38412.6015625,800000,0.0,0.0
2006-12-22 00:00:00+09:00,38412.59650735294,39111.007352941175,37888.78837316176,38587.19921875,550000,0.0,0.0
2006-12-25 00:00:00+09:00,38761.80105064655,40507.828125,37888.787513469826,40507.828125,850000,0.0,0.0
2006-12-26 00:00:00+09:00,40507.830168776374,41555.44646624473,39460.21387130802,41380.84375,700000,0.0,0.0
2006-12-27 00:00:00+09:00,41380.858867694806,41904.66720779221,40158.63940746753,40333.2421875,350000,0.0,0.0
2006-12-28 00:00:00+09:00,40158.62890625,40333.231640625,38237.998828125004,38412.6015625,700000,0.0,0.0
2006-12-29 00:00:00+09:00,38237.99266258446,39285.60889991554,38063.38995636262,38761.80078125,150000,0.0,0.0
2007-01-04 00:00:00+09:00,38936.40698130708,38936.40698130708,38063.39337186073,38237.99609375,150000,0.0,0.0
2007-01-05 00:00:00+09:00,37888.7890625,38237.99449164747,37015.775489631334,37888.7890625,250000,0.0,0.0
2007-01-09 00:00:00+09:00,38063.38995636262,38936.40348747185,37714.18454391892,38761.80078125,250000,0.0,0.0
2007-01-10 00:00:00+09:00,38587.204296875,38761.807031250006,38063.39609375,38412.6015625,100000,0.0,0.0
2007-01-11 00:00:00+09:00,38412.596043577985,38936.404171444956,37888.787915711015,38063.390625,150000,0.0,0.0
2007-01-12 00:00:00+09:00,38063.39609375,38936.409765625,38063.39609375,38412.6015625,200000,0.0,0.0
2007-01-15 00:00:00+09:00,38587.19470486111,40158.61892361112,38412.59201388889,39285.60546875,600000,0.0,0.0
2007-01-16 00:00:00+09:00,39634.821454581564,41380.84883143538,38936.410503840045,41206.24609375,750000,0.0,0.0
2007-01-17 00:00:00+09:00,40333.22315705128,41380.83934294872,39460.20966880342,40857.03125,600000,0.0,0.0
2007-01-18 00:00:00+09:00,41206.238104423865,43126.86784657922,41031.635400591564,42428.45703125,1300000,0.0,0.0
2007-01-19 00:00:00+09:00,42428.45514705882,44523.6875,41555.441666666666,44523.6875,1250000,0.0,0.0
2007-01-22 00:00:00+09:00,41031.639032322964,41904.652628755364,39984.02271660408,40682.43359375,1950000,0.0,0.0
2007-01-23 00:00:00+09:00,41904.65234375,42777.66593424479,41206.241471354166,41904.65234375,1500000,0.0,0.0
2007-01-24 00:00:00+09:00,42428.46078661481,42428.46078661481,40682.43359375,40682.43359375,750000,0.0,0.0
2007-01-25 00:00:00+09:00,41380.841662176725,41555.444369612065,40333.22541756465,40507.828125,550000,0.0,0.0
2007-01-26 00:00:00+09:00,40333.23240532309,41206.24609375,40158.62966763771,41206.24609375,400000,0.0,0.0
2007-01-29 00:00:00+09:00,41380.841461820084,41730.046875,40857.03334205021,41730.046875,300000,0.0,0.0
2007-01-30 00:00:00+09:00,41904.651707048455,41904.651707048455,39460.21369080396,39634.81640625,400000,0.0,0.0
2007-01-31 00:00:00+09:00,39285.618373325895,39634.82386997768,38412.60463169643,39111.015625,300000,0.0,0.0
2007-02-01 00:00:00+09:00,39111.0061936937,39460.21160613739,38587.19807502816,38761.80078125,150000,0.0,0.0
2007-02-02 00:00:00+09:00,38761.801930147056,39111.007352941175,38587.19921875,38587.19921875,200000,0.0,0.0
2007-02-05 00:00:00+09:00,38063.390625,38412.596043577985,37539.58249713303,38063.390625,250000,0.0,0.0
2007-02-06 00:00:00+09:00,38237.99379595588,38761.801930147056,38063.39108455882,38587.19921875,200000,0.0,0.0
2007-02-07 00:00:00+09:00,38587.20738002232,39460.22112165179,38587.20738002232,39111.015625,250000,0.0,0.0
2007-02-08 00:00:00+09:00,39285.612425085616,39285.612425085616,37714.187928082196,38237.99609375,250000,0.0,0.0
2007-02-09 00:00:00+09:00,39111.015625,40507.837611607145,38587.20738002232,39111.015625,700000,0.0,0.0
2007-02-13 00:00:00+09:00,38761.802635368666,38761.802635368666,37714.18634792627,37888.7890625,250000,0.0,0.0
2007-02-14 00:00:00+09:00,37539.58089192708,38237.99169921875,37015.77278645833,37714.18359375,300000,0.0,0.0
2007-02-15 00:00:00+09:00,37539.58828491784,37888.79375733568,37015.78007629108,37190.3828125,250000,0.0,0.0
2007-02-16 00:00:00+09:00,37015.78087619617,37015.78087619617,36317.36991626794,36491.97265625,250000,0.0,0.0
2007-02-19 00:00:00+09:00,36491.976875737026,37190.38791642099,36491.976875737026,37015.78515625,100000,0.0,0.0
2007-02-20 00:00:00+09:00,37190.38791642099,37364.99067659198,36666.57963590802,37015.78515625,150000,0.0,0.0
2007-02-21 00:00:00+09:00,36841.176953125,37015.779687500006,36317.36875,36666.57421875,350000,0.0,0.0
2007-02-22 00:00:00+09:00,36491.96887485731,38237.99609375,36491.96887485731,38237.99609375,450000,0.0,0.0
2007-02-23 00:00:00+09:00,38063.39108455882,38761.801930147056,37539.58295036764,38587.19921875,400000,0.0,0.0
2007-02-26 00:00:00+09:00,39111.00806451613,39809.41892281106,37888.7890625,37888.7890625,550000,0.0,0.0
2007-02-27 00:00:00+09:00,37888.78860616238,37888.78860616238,36841.17233133761,37364.98046875,200000,0.0,0.0
2007-02-28 00:00:00+09:00,32999.91499618902,36491.96949314024,32999.91499618902,35793.55859375,900000,0.0,0.0
2007-03-01 00:00:00+09:00,35968.16089108911,35968.16089108911,34920.544554455446,35269.75,250000,0.0,0.0
2007-03-02 00:00:00+09:00,34571.33868561558,35095.146847518845,34396.735964981155,34745.94140625,200000,0.0,0.0
2007-03-05 00:00:00+09:00,33698.325640190975,34047.531087239586,30380.873893229167,31428.490234375,600000,0.0,0.0
2007-03-06 00:00:00+09:00,31952.29855769231,34047.53125,31777.695833333335,34047.53125,450000,0.0,0.0
2007-03-07 00:00:00+09:00,34571.33564660904,35095.14376246675,32650.705888464094,32825.30859375,300000,0.0,0.0
2007-03-08 00:00:00+09:00,32476.101441062176,33698.3203125,32476.101441062176,33698.3203125,150000,0.0,0.0
2007-03-09 00:00:00+09:00,33698.32537841797,33698.32537841797,32999.914489746094,33523.72265625,150000,0.0,0.0
2007-03-12 00:00:00+09:00,33698.32537841797,33872.92810058594,33349.11993408203,33523.72265625,50000,0.0,0.0
2007-03-13 00:00:00+09:00,33698.326518397174,33698.326518397174,32476.107421875,32476.107421875,100000,0.0,0.0
2007-03-14 00:00:00+09:00,31428.485195096684,31952.29328168163,30904.67710851174,31603.087890625,300000,0.0,0.0
2007-03-15 00:00:00+09:00,31603.092957899305,31952.298404947916,31253.887510850695,31428.490234375,100000,0.0,0.0
2007-03-16 00:00:00+09:00,31603.0925251589,31603.0925251589,30730.078919491527,30904.681640625,150000,0.0,0.0
2007-03-19 00:00:00+09:00,30555.475317525586,30555.475317525586,29333.256304824565,29857.064453125,400000,0.0,0.0
2007-03-20 00:00:00+09:00,29857.0683371804,31079.287508877842,29507.86285955256,30730.08203125,250000,0.0,0.0
2007-03-22 00:00:00+09:00,31079.287109375,31777.69805565309,30730.081636235955,31079.287109375,200000,0.0,0.0
2007-03-23 00:00:00+09:00,31253.88664017601,31428.48935883621,30206.2703282148,30380.873046875,100000,0.0,0.0
2007-03-26 00:00:00+09:00,30031.670689957868,31777.69805565309,29857.067953388345,31079.287109375,250000,0.0,0.0
2007-03-27 00:00:00+09:00,31079.287508877842,31253.890247691765,30206.273814808243,30730.08203125,100000,0.0,0.0
2007-03-28 00:00:00+09:00,30555.47062800481,31777.689453125,30555.47062800481,31777.689453125,200000,0.0,0.0
2007-03-29 00:00:00+09:00,31079.283999650837,31253.88671875,30730.078561452516,31253.88671875,100000,0.0,0.0
2007-03-30 00:00:00+09:00,31428.492582514045,31428.492582514045,30555.478899666432,31079.287109375,150000,0.0,0.0
2007-04-02 00:00:00+09:00,31079.279804040056,31777.690586153312,30555.471717455108,31603.087890625,150000,0.0,0.0
2007-04-03 00:00:00+09:00,31952.3011200574,35968.1641023597,31952.3011200574,34222.13671875,2200000,0.0,0.0
2007-04-04 00:00:00+09:00,34920.547672193876,34920.547672193876,33523.725765306124,34222.13671875,250000,0.0,0.0
2007-04-05 00:00:00+09:00,38063.39609375,39460.21796875,36666.57421875,36666.57421875,2650000,0.0,0.0
2007-04-06 00:00:00+09:00,36666.56705097087,37364.977851941745,35444.34814927184,35968.15625,750000,0.0,0.0
2007-04-09 00:00:00+09:00,36317.360625,36491.9633203125,34396.7309765625,34920.5390625,300000,0.0,0.0
2007-04-10 00:00:00+09:00,34745.942244664635,36317.36676829268,34222.13407012195,35793.55859375,350000,0.0,0.0
2007-04-11 00:00:00+09:00,35793.55773005653,36142.76317132537,34745.94140625,34745.94140625,250000,0.0,0.0
2007-04-12 00:00:00+09:00,34396.735964981155,34920.54412688442,34222.13324434673,34745.94140625,150000,0.0,0.0
2007-04-13 00:00:00+09:00,34571.33898925781,34571.33898925781,33349.11993408203,33523.72265625,200000,0.0,0.0
2007-04-16 00:00:00+09:00,33174.51215037984,33349.114845908145,31253.882499568368,31603.087890625,350000,0.0,0.0
2007-04-17 00:00:00+09:00,31777.696883491848,32825.313264266304,31428.491423233696,32126.90234375,250000,0.0,0.0
2007-04-18 00:00:00+09:00,32126.90031424581,32301.503033344972,30904.68128055168,31253.88671875,150000,0.0,0.0
2007-04-19 00:00:00+09:00,31428.490234375,31777.69568142361,31079.28478732639,31428.490234375,100000,0.0,0.0
2007-04-20 00:00:00+09:00,31253.881773843932,31253.881773843932,30031.66293352601,30206.265625,200000,0.0,0.0
2007-04-23 00:00:00+09:00,29857.063529829546,29857.063529829546,28111.03642282197,28809.447265625,350000,0.0,0.0
2007-04-24 00:00:00+09:00,28460.24314161279,30380.873046875004,28460.24314161279,30380.873046875,350000,0.0,0.0
2007-04-25 00:00:00+09:00,31079.283465826025,31079.283465826025,29333.256304824565,29857.064453125,250000,0.0,0.0
2007-04-26 00:00:00+09:00,30380.875386082847,30380.875386082847,29507.861725563227,30031.669921875,100000,0.0,0.0
2007-04-27 00:00:00+09:00,29682.46445766715,30031.669921875,29507.861725563227,30031.669921875,100000,0.0,0.0
2007-05-01 00:00:00+09:00,30031.667685055865,31253.88671875,29507.85952775838,31253.88671875,150000,0.0,0.0
2007-05-02 00:00:00+09:00,30904.682063802084,31428.490234375,30380.873893229167,31428.490234375,200000,0.0,0.0
2007-05-07 00:00:00+09:00,32301.5042797985,32301.5042797985,31603.093376451507,31952.298828125,100000,0.0,0.0
2007-05-08 00:00:00+09:00,32301.5046938004,32476.107421875,31428.491053427417,32476.107421875,150000,0.0,0.0
2007-05-09 00:00:00+09:00,28809.449932391828,28984.05265925481,27238.025390625,27238.025390625,1900000,0.0,0.0
2007-05-10 00:00:00+09:00,25317.395697699652,26190.409342447914,24618.98478190104,25142.79296875,3250000,0.0,0.0
2007-05-11 00:00:00+09:00,24793.590692934784,24968.19344429348,23920.576936141304,24095.1796875,1700000,0.0,0.0
2007-05-14 00:00:00+09:00,24444.377385496184,24793.582776717558,22174.54234255725,22872.953125,1750000,0.0,0.0
2007-05-15 00:00:00+09:00,22698.34982638889,23745.965972222224,21825.33637152778,23571.36328125,1150000,0.0,0.0
2007-05-16 00:00:00+09:00,23047.560937500002,23222.163671875,21476.136328125,21825.341796875,1050000,0.0,0.0
2007-05-17 00:00:00+09:00,21476.134326171872,21825.33976236979,20777.72345377604,20952.326171875,1050000,0.0,0.0
2007-05-18 00:00:00+09:00,21126.937007748984,21999.950933689026,20428.52586699695,21476.142578125,850000,0.0,0.0
2007-05-21 00:00:00+09:00,20952.32730263158,21126.93003015351,19904.7109375,19904.7109375,700000,0.0,0.0
2007-05-22 00:00:00+09:00,19904.71171875,22523.752734375,19730.108984375,21825.341796875,1400000,0.0,0.0
2007-05-23 00:00:00+09:00,22698.35546875,22872.958203125003,21825.341796875,21825.341796875,900000,0.0,0.0
2007-05-24 00:00:00+09:00,21999.94370404412,22523.75188747374,20603.121881565126,20777.724609375,1250000,0.0,0.0
2007-05-25 00:00:00+09:00,20428.520677298555,21301.534381456615,20079.315195635332,21126.931640625,850000,0.0,0.0
2007-05-28 00:00:00+09:00,21825.341039849805,22872.9574097626,21650.738311531008,22523.751953125,1150000,0.0,0.0
2007-05-29 00:00:00+09:00,22174.544767311152,24269.77734375,22174.544767311152,24269.77734375,1400000,0.0,0.0
2007-05-30 00:00:00+09:00,24444.379111842107,24444.379111842107,22872.954740366542,23222.16015625,1450000,0.0,0.0
2007-05-31 00:00:00+09:00,23571.36557213346,23745.96828007519,22698.352032424813,23222.16015625,700000,0.0,0.0
2007-06-01 00:00:00+09:00,23222.16015625,23222.16015625,22698.352032424813,23222.16015625,300000,0.0,0.0
2007-06-04 00:00:00+09:00,23047.560138081397,23047.560138081397,22174.546496487405,22523.751953125,500000,0.0,0.0
2007-06-05 00:00:00+09:00,26015.80859375,26015.80859375,26015.80859375,26015.80859375,50000,0.0,0.0
2007-06-06 00:00:00+09:00,28984.049301960058,29507.857421875,27587.22764885355,29507.857421875,4350000,0.0,0.0
2007-06-07 00:00:00+09:00,28984.049976325758,30904.67979403409,28460.241844223485,28809.447265625,2200000,0.0,0.0
2007-06-08 00:00:00+09:00,27761.83282470703,28285.640991210938,27412.627380371094,27936.435546875,650000,0.0,0.0
2007-06-11 00:00:00+09:00,28111.036651997627,28809.44750049446,27238.023091376584,27587.228515625,800000,0.0,0.0
2007-06-12 00:00:00+09:00,27587.23165027006,28460.245310088732,26015.80706259645,28285.642578125,1250000,0.0,0.0
2007-06-13 00:00:00+09:00,27761.831227749208,27936.43393987342,27412.625803500792,27587.228515625,300000,0.0,0.0
2007-06-14 00:00:00+09:00,27936.435546875,28111.03826904297,27412.627380371094,27936.435546875,400000,0.0,0.0
2007-06-15 00:00:00+09:00,28460.244552428467,29507.860916321537,28111.039097797442,28984.052734375,1000000,0.0,0.0
2007-06-18 00:00:00+09:00,28460.242076246046,28634.844788370254,27587.228515625,27587.228515625,1000000,0.0,0.0
2007-06-19 00:00:00+09:00,27761.831227749208,27936.43393987342,27238.023091376584,27587.228515625,350000,0.0,0.0
2007-06-20 00:00:00+09:00,27761.828125,28111.033510220124,27587.225432389936,27761.828125,200000,0.0,0.0
2007-06-21 00:00:00+09:00,27238.024658203125,27936.435546875,27238.024658203125,27936.435546875,150000,0.0,0.0
2007-06-22 00:00:00+09:00,27761.831227749208,27936.43393987342,27412.625803500792,27587.228515625,200000,0.0,0.0
2007-06-25 00:00:00+09:00,27063.42107599432,27412.626509232956,26888.818359375,26888.818359375,300000,0.0,0.0
2007-06-26 00:00:00+09:00,26714.217171978475,26888.819898592716,26015.80626552152,26365.01171875,350000,0.0,0.0
2007-06-27 00:00:00+09:00,25841.199027534967,26015.80172366696,24793.58285074301,24968.185546875,350000,0.0,0.0
2007-06-28 00:00:00+09:00,26015.80859375,26714.21956270973,25492.000367030203,26015.80859375,350000,0.0,0.0
2007-06-29 00:00:00+09:00,26015.810212435787,26015.810212435787,24968.193693814213,25492.001953125,250000,0.0,0.0
2007-07-02 00:00:00+09:00,25142.79296875,25317.395697699652,24793.587510850695,25142.79296875,50000,0.0,0.0
2007-07-03 00:00:00+09:00,25317.393631969426,25491.996346672662,23920.571914343524,24269.77734375,250000,0.0,0.0
2007-07-04 00:00:00+09:00,24444.38746675532,24618.990234375,24095.18193151596,24618.990234375,150000,0.0,0.0
2007-07-05 00:00:00+09:00,24444.385190217392,24618.987941576088,23920.576936141304,24095.1796875,150000,0.0,0.0
2007-07-06 00:00:00+09:00,24269.774762347028,24968.185546875,24095.172066215036,24968.185546875,200000,0.0,0.0
2007-07-09 00:00:00+09:00,24793.588281250002,24793.588281250002,24269.780078125,24444.3828125,150000,0.0,0.0
2007-07-10 00:00:00+09:00,24444.385190217392,24444.385190217392,23920.576936141304,24095.1796875,100000,0.0,0.0
2007-07-11 00:00:00+09:00,23745.96875,23920.571461397056,23571.36603860294,23745.96875,100000,0.0,0.0
2007-07-12 00:00:00+09:00,23396.76121183206,23571.36390744275,22523.747733778626,22872.953125,400000,0.0,0.0
2007-07-13 00:00:00+09:00,23047.560138081397,23047.560138081397,21999.943768168607,22523.751953125,250000,0.0,0.0
2007-07-17 00:00:00+09:00,21476.13558321221,22872.9574097626,20952.327398255813,22523.751953125,400000,0.0,0.0
2007-07-18 00:00:00+09:00,22349.149224806202,22698.354681443798,21650.738311531008,22523.751953125,200000,0.0,0.0
2007-07-19 00:00:00+09:00,22523.751921622985,22523.751921622985,21476.1355531754,21650.73828125,200000,0.0,0.0
2007-07-20 00:00:00+09:00,21476.142578125,21825.348148501016,21301.539792936994,21476.142578125,200000,0.0,0.0
2007-07-23 00:00:00+09:00,21476.13673530191,21476.13673530191,20428.52030918962,20603.123046875,200000,0.0,0.0
2007-07-24 00:00:00+09:00,20603.120735677083,21301.531608072914,20603.120735677083,20952.326171875,300000,0.0,0.0
2007-07-25 00:00:00+09:00,20603.123418130166,21301.534381456615,20428.520677298555,21126.931640625,400000,0.0,0.0
2007-07-26 00:00:00+09:00,21650.732710040982,21825.335393186473,21301.52734375,21301.52734375,200000,0.0,0.0
2007-07-27 00:00:00+09:00,20428.520677298555,21126.931640625,20079.315195635332,21126.931640625,200000,0.0,0.0
2007-07-30 00:00:00+09:00,20603.12191280242,21650.73828125,20603.12191280242,21650.73828125,50000,0.0,0.0
2007-07-31 00:00:00+09:00,21825.341796875,22174.547265625002,21650.7390625,21825.341796875,150000,0.0,0.0
2007-08-01 00:00:00+09:00,21301.52734375,21825.335393186473,20952.321977459014,21301.52734375,200000,0.0,0.0
2007-08-02 00:00:00+09:00,21476.131810897437,21476.131810897437,19730.10483440171,20428.515625,300000,0.0,0.0
2007-08-03 00:00:00+09:00,20603.11947737069,20777.722184806033,20079.311355064656,20253.9140625,150000,0.0,0.0
2007-08-06 00:00:00+09:00,19555.5078125,19730.110560825895,19380.90506417411,19555.5078125,150000,0.0,0.0
2007-08-07 00:00:00+09:00,19904.7080078125,20079.310709635414,18857.091796875,18857.091796875,250000,0.0,0.0
2007-08-08 00:00:00+09:00,19206.298913043476,20428.51793478261,19031.696195652174,20079.3125,250000,0.0,0.0
2007-08-09 00:00:00+09:00,19730.10483440171,20777.72102029915,19555.502136752137,20428.515625,150000,0.0,0.0
2007-08-10 00:00:00+09:00,19380.900062223453,20079.31087527655,19206.29735896018,19730.10546875,250000,0.0,0.0
2007-08-13 00:00:00+09:00,19730.10546875,19730.10546875,19730.10546875,19730.10546875,0,0.0,0.0
2007-08-14 00:00:00+09:00,20079.31366502193,20079.31366502193,19555.50548245614,19904.7109375,50000,0.0,0.0
2007-08-15 00:00:00+09:00,19555.503440366974,19555.503440366974,18857.09260321101,19031.6953125,50000,0.0,0.0
2007-08-16 00:00:00+09:00,18333.28589108911,18333.28589108911,17285.669554455446,17634.875,500000,0.0,0.0
2007-08-17 00:00:00+09:00,17634.873713560042,17634.873713560042,16325.353388295684,16482.49609375,250000,0.0,0.0
2007-08-20 00:00:00+09:00,17285.6739597293,17285.6739597293,16657.104263980007,16831.70703125,100000,0.0,0.0
2007-08-21 00:00:00+09:00,16831.701197609455,17285.66796875,16499.955788352272,17285.66796875,100000,0.0,0.0
2007-08-22 00:00:00+09:00,16761.864976415094,19031.70085863797,16761.864976415094,18507.892578125,550000,0.0,0.0
2007-08-23 00:00:00+09:00,15015.8349609375,15015.8349609375,15015.8349609375,15015.8349609375,50000,0.0,0.0
2007-08-24 00:00:00+09:00,13269.807617187498,13269.807617187498,13269.807617187498,13269.8076171875,50000,0.0,0.0
2007-08-27 00:00:00+09:00,12396.793272119492,12745.998716404547,12099.969177322415,12623.77734375,2950000,0.0,0.0
2007-08-28 00:00:00+09:00,12396.795346467392,12501.556730859953,12047.58984375,12047.58984375,850000,0.0,0.0
2007-08-29 00:00:00+09:00,12047.588419894644,12047.588419894644,11192.034772928779,11541.240234375,950000,0.0,0.0
2007-08-30 00:00:00+09:00,11698.380384409244,11820.601736177345,11017.429617998678,11157.1123046875,550000,0.0,0.0
2007-08-31 00:00:00+09:00,11157.116122551988,12030.1298828125,11069.814746525937,12030.1298828125,550000,0.0,0.0
2007-09-03 00:00:00+09:00,11838.064260946583,11942.825620436393,11349.176140510192,11453.9375,450000,0.0,0.0
2007-09-04 00:00:00+09:00,11261.877160740649,11349.178534079723,11052.353731515546,11087.2744140625,150000,0.0,0.0
2007-09-05 00:00:00+09:00,11314.255315027169,11349.175321633204,10703.145208575104,10807.9072265625,150000,0.0,0.0
2007-09-06 00:00:00+09:00,10476.163668592437,10633.306390043943,10126.95821297269,10388.8623046875,450000,0.0,0.0
2007-09-07 00:00:00+09:00,10388.862084282424,10825.368894546391,10196.799354188892,10353.94140625,200000,0.0,0.0
2007-09-10 00:00:00+09:00,10004.735109047879,10004.735109047879,9515.84765625,9515.84765625,300000,0.0,0.0
2007-09-11 00:00:00+09:00,9515.848646868819,9515.848646868819,8904.739100739627,9288.865234375,400000,0.0,0.0
2007-09-12 00:00:00+09:00,9114.263126116517,9253.945184367347,8572.994234566735,8703.9462890625,400000,0.0,0.0
2007-09-13 00:00:00+09:00,8354.741121877749,8625.375910770392,8119.027681420448,8223.7890625,300000,0.0,0.0
2007-09-14 00:00:00+09:00,8712.676476013892,8922.19921875,8398.391029796618,8922.19921875,300000,0.0,0.0
2007-09-18 00:00:00+09:00,8922.199912778273,8922.199912778273,8049.186196613799,8153.9482421875,300000,0.0,0.0
2007-09-19 00:00:00+09:00,8084.107206713295,8293.630640311438,7682.521014183227,8049.1865234375,200000,0.0,0.0
2007-09-20 00:00:00+09:00,8031.726162942342,8119.027534278672,7682.520677597023,7734.9013671875,250000,0.0,0.0
2007-09-21 00:00:00+09:00,7682.51948566115,7682.51948566115,7342.044057062594,7472.99609375,150000,0.0,0.0
2007-09-25 00:00:00+09:00,7507.9192289322655,7507.9192289322655,6853.158831060266,7315.8564453125,350000,0.0,0.0
2007-09-26 00:00:00+09:00,7176.173294418422,8014.26708984375,7176.173294418422,8014.26708984375,200000,0.0,0.0
2007-09-27 00:00:00+09:00,8206.327639216188,8712.67578125,8119.026281352186,8712.67578125,350000,0.0,0.0
2007-09-28 00:00:00+09:00,8712.675008534228,9114.261085881191,8380.929611650485,8992.0390625,400000,0.0,0.0
2007-10-01 00:00:00+09:00,8817.438336048132,8974.581067865685,8572.994234566735,8703.9462890625,250000,0.0,0.0
2007-10-02 00:00:00+09:00,8834.899565715998,9131.724396845037,8494.424709773391,9096.8037109375,300000,0.0,0.0
2007-10-03 00:00:00+09:00,9131.72158013965,9969.814453125,9114.261575599812,9969.814453125,600000,0.0,0.0
2007-10-04 00:00:00+09:00,10511.084319245192,10842.8291015625,10476.163640565333,10842.8291015625,1050000,0.0,0.0
2007-10-05 00:00:00+09:00,11279.33595377058,11715.8427734375,11174.574583473139,11715.8427734375,800000,0.0,0.0
2007-10-09 00:00:00+09:00,12588.857421875,12588.857421875,12239.651938149684,12588.857421875,650000,0.0,0.0
2007-10-10 00:00:00+09:00,13461.870503211336,13776.155956748436,11890.445899752118,12239.6513671875,1150000,0.0,0.0
2007-10-11 00:00:00+09:00,11366.63760436298,12588.856730253907,11366.63760436298,12379.333984375,450000,0.0,0.0
2007-10-12 00:00:00+09:00,12379.332504474063,12379.332504474063,11838.064365565777,11872.984375,250000,0.0,0.0
2007-10-15 00:00:00+09:00,12012.667721860029,12134.889093554208,11174.574129316105,11209.494140625,600000,0.0,0.0
2007-10-16 00:00:00+09:00,10912.671335160136,10965.052024357585,10336.482421875,10336.482421875,350000,0.0,0.0
2007-10-17 00:00:00+09:00,9812.67399112975,10825.369736493643,9638.071253444368,10301.5615234375,250000,0.0,0.0
2007-10-18 00:00:00+09:00,10126.958770751953,11174.5751953125,10126.958770751953,11174.5751953125,300000,0.0,0.0
2007-10-19 00:00:00+09:00,11349.177880024905,11838.06607539432,10825.3696701776,11628.5419921875,400000,0.0,0.0
2007-10-22 00:00:00+09:00,11279.33309376504,11872.982484407992,11034.889736366938,11733.2998046875,350000,0.0,0.0
2007-10-23 00:00:00+09:00,12396.793678540513,12693.61778306878,11715.8427734375,11715.8427734375,900000,0.0,0.0
2007-10-24 00:00:00+09:00,11977.747266610964,12466.635453865756,11890.445899752118,12239.6513671875,350000,0.0,0.0
2007-10-25 00:00:00+09:00,12588.854124694126,12938.059516958112,12047.586033107518,12484.0927734375,400000,0.0,0.0
2007-10-26 00:00:00+09:00,12396.793140522626,12676.1572265625,12065.04770555082,12676.1572265625,250000,0.0,0.0
2007-10-29 00:00:00+09:00,13095.204149577885,14422.1845703125,12745.998705589142,14422.1845703125,1000000,0.0,0.0
2007-10-30 00:00:00+09:00,15295.19922123798,16168.212890625,14876.152393509581,16168.212890625,1100000,0.0,0.0
2007-10-31 00:00:00+09:00,16692.017876781305,17984.078125,16639.637865976223,17984.078125,1150000,0.0,0.0
2007-11-01 00:00:00+09:00,20079.32015572768,20777.73129157908,15941.234708653561,16342.8203125,6200000,0.0,0.0
2007-11-02 00:00:00+09:00,15819.008488835767,18158.685546875,15819.008488835767,18158.685546875,2400000,0.0,0.0
2007-11-05 00:00:00+09:00,19206.300088205644,21650.73828125,19031.69736013105,21650.73828125,8500000,0.0,0.0
2007-11-06 00:00:00+09:00,21126.929041466345,24793.586147836537,19730.107286658655,22698.353515625,9450000,0.0,0.0
2007-11-07 00:00:00+09:00,23396.76640625,23920.574609375002,19206.30078125,19206.30078125,2500000,0.0,0.0
2007-11-08 00:00:00+09:00,18857.096529447113,20428.521240234375,15766.628464410798,18158.685546875,3800000,0.0,0.0
2007-11-09 00:00:00+09:00,15714.244210379466,16779.3204959937,14666.6279296875,14666.6279296875,2050000,0.0,0.0
2007-11-12 00:00:00+09:00,14649.167540846975,14649.167540846975,13007.90181102046,14003.13671875,1200000,0.0,0.0
2007-11-13 00:00:00+09:00,14422.185935426909,15609.48509021621,14195.20317461728,14509.4873046875,1050000,0.0,0.0
2007-11-14 00:00:00+09:00,15557.101826924312,16255.512695312502,15207.896392730217,16255.5126953125,950000,0.0,0.0
2007-11-15 00:00:00+09:00,15207.896260874812,15626.943044697111,14526.9454036777,14945.9921875,1350000,0.0,0.0
2007-11-16 00:00:00+09:00,14247.579357854893,15190.434158236994,14142.818009393064,15103.1328125,400000,0.0,0.0
2007-11-19 00:00:00+09:00,15190.437371795308,16028.531001015463,14230.122365532387,14457.1064453125,700000,0.0,0.0
2007-11-20 00:00:00+09:00,13619.012645538502,14596.787645975059,12780.919026813976,14526.9462890625,600000,0.0,0.0
2007-11-21 00:00:00+09:00,14003.139394797336,14439.646250397167,12833.301554635067,13007.904296875,650000,0.0,0.0
2007-11-22 00:00:00+09:00,12658.69804274868,12990.443499257131,11785.68438462808,12396.7939453125,450000,0.0,0.0
2007-11-26 00:00:00+09:00,12780.918545157587,12955.521264802435,12623.777163167653,12798.3798828125,200000,0.0,0.0
2007-11-27 00:00:00+09:00,12274.573224105628,13252.34830720017,12117.430490796298,13042.82421875,400000,0.0,0.0
2007-11-28 00:00:00+09:00,13007.903995285777,14142.821793532186,12798.38124230094,13653.93359375,550000,0.0,0.0
2007-11-29 00:00:00+09:00,14317.425397814417,14911.075010000106,14055.521274683666,14230.1240234375,550000,0.0,0.0
2007-11-30 00:00:00+09:00,14526.943876222997,14544.405211635723,13898.374432637813,13985.67578125,200000,0.0,0.0
2007-12-03 00:00:00+09:00,14492.02413404801,14823.76953125,14125.358729609132,14823.76953125,200000,0.0,0.0
2007-12-04 00:00:00+09:00,14841.232111728656,14841.232111728656,14230.122554186888,14282.50390625,250000,0.0,0.0
2007-12-05 00:00:00+09:00,13968.2177734375,14230.121856689453,13566.63097960595,13968.2177734375,200000,0.0,0.0
2007-12-06 00:00:00+09:00,14072.979876670264,14404.725332570264,13619.013041702796,13723.7744140625,200000,0.0,0.0
2007-12-07 00:00:00+09:00,13619.010570088136,13828.533276782802,13147.5838139687,13217.423828125,350000,0.0,0.0
2007-12-10 00:00:00+09:00,13095.205182394975,13531.712021808142,12763.45971801834,12955.5224609375,200000,0.0,0.0
2007-12-11 00:00:00+09:00,13077.744016072533,13095.20402167883,12571.395860811677,12676.1572265625,100000,0.0,0.0
2007-12-12 00:00:00+09:00,12501.554582535724,13165.045456526777,12484.094576822918,13095.2041015625,100000,0.0,0.0
2007-12-13 00:00:00+09:00,13060.285740530031,13496.792599075643,12920.603012950147,13304.728515625,100000,0.0,0.0
2007-12-14 00:00:00+09:00,13357.106520663365,13636.470573627212,12955.519778700229,13217.423828125,150000,0.0,0.0
2007-12-17 00:00:00+09:00,12711.080831758354,12920.603600543478,11960.288468070652,12047.58984375,300000,0.0,0.0
2007-12-18 00:00:00+09:00,11628.541799175582,12361.874080057769,11366.637698599046,12239.6513671875,300000,0.0,0.0
2007-12-19 00:00:00+09:00,12065.049496834929,12169.810878139555,11523.78125,11523.78125,250000,0.0,0.0
2007-12-20 00:00:00+09:00,11349.18103722053,11541.243834504632,10650.769896468497,10738.0712890625,300000,0.0,0.0
2007-12-21 00:00:00+09:00,11104.73316525562,11331.717243087991,10825.36906861715,11296.7958984375,100000,0.0,0.0
2007-12-25 00:00:00+09:00,11296.795498174393,11384.09685853776,11296.795498174393,11314.2568359375,3000,0.0,0.0
2007-12-26 00:00:00+09:00,11349.173842381388,11960.283203125,11349.173842381388,11960.283203125,50000,0.0,0.0
2007-12-27 00:00:00+09:00,11907.905855134752,11960.28720786848,11384.09765625,11384.09765625,50000,0.0,0.0
2007-12-28 00:00:00+09:00,11349.177497002202,11646.001606386242,11349.177497002202,11541.240234375,23500,0.0,0.0
2008-01-04 00:00:00+09:00,10842.8291015625,10912.67045892222,10738.067731579466,10842.8291015625,50000,0.0,0.0
2008-01-07 00:00:00+09:00,10266.640602957998,10580.925390241662,10161.879229215632,10493.6240234375,100000,0.0,0.0
2008-01-08 00:00:00+09:00,10476.160988729507,10650.763671875,10388.859647156762,10650.763671875,50000,0.0,0.0
2008-01-09 00:00:00+09:00,10336.481044669636,10650.765804036457,10266.639691007447,10476.1630859375,50000,0.0,0.0
2008-01-10 00:00:00+09:00,10476.164261122882,10650.766998808263,10301.5615234375,10301.5615234375,50000,0.0,0.0
2008-01-11 00:00:00+09:00,10336.482791564038,10476.16485643856,9428.548370794704,10004.7373046875,150000,0.0,0.0
2008-01-15 00:00:00+09:00,9428.547430801353,9428.547430801353,9131.72265625,9131.72265625,150000,0.0,0.0
2008-01-16 00:00:00+09:00,8258.70703125,8555.53173485418,8258.70703125,8258.70703125,200000,0.0,0.0
2008-01-17 00:00:00+09:00,8206.327768540488,8712.67591855389,8031.725050060903,8328.5498046875,100000,0.0,0.0
2008-01-18 00:00:00+09:00,7944.42263671875,8799.97611017257,7892.041961336285,8730.134765625,150000,0.0,0.0
2008-01-21 00:00:00+09:00,8747.595703125,8747.595703125,8747.595703125,8747.595703125,4000,0.0,0.0
2008-01-22 00:00:00+09:00,7988.075248207681,8119.0273014569875,7918.23388671875,7918.23388671875,100000,0.0,0.0
2008-01-23 00:00:00+09:00,8206.328724254263,8206.328724254263,7438.076407050376,7682.5205078125,100000,0.0,0.0
2008-01-24 00:00:00+09:00,7961.88505239996,8206.329166330323,7804.742978636121,7970.61572265625,50000,0.0,0.0
2008-01-25 00:00:00+09:00,7996.805413919205,8669.0263671875,7996.805413919205,8669.0263671875,100000,0.0,0.0
2008-01-28 00:00:00+09:00,9079.342413680508,9131.723102086577,8695.216255275014,8765.0576171875,150000,0.0,0.0
2008-01-29 00:00:00+09:00,8730.137493401075,9358.707126503297,8730.137493401075,9323.787109375,50000,0.0,0.0
2008-01-30 00:00:00+09:00,9253.94230042008,9428.544985333667,8869.816260398913,9044.4189453125,50000,0.0,0.0
2008-01-31 00:00:00+09:00,8887.278224802712,8992.03958460857,8572.99281327218,8695.21484375,50000,0.0,0.0
2008-02-01 00:00:00+09:00,8712.676177230755,8992.040268669725,8590.454137455006,8799.9775390625,33000,0.0,0.0
2008-02-04 00:00:00+09:00,9672.991399916404,9672.991399916404,9341.245950215116,9498.388671875,100000,0.0,0.0
2008-02-05 00:00:00+09:00,9498.390309019662,9707.9130859375,9498.390309019662,9707.9130859375,4000,0.0,0.0
2008-02-06 00:00:00+09:00,8607.913309812695,8730.135337752525,8555.532630997473,8642.833984375,49000,0.0,0.0
2008-02-07 00:00:00+09:00,8957.117602855706,9079.339615506493,8555.531560765734,9044.4189453125,32000,0.0,0.0
2008-02-08 00:00:00+09:00,9603.151692177566,9917.4365234375,9428.548934137974,9917.4365234375,4000,0.0,0.0
2008-02-12 00:00:00+09:00,9026.959480867536,9026.959480867536,8450.77071954757,8730.134765625,50000,0.0,0.0
2008-02-13 00:00:00+09:00,8887.278224802712,8887.278224802712,8572.99281327218,8695.21484375,50000,0.0,0.0
2008-02-14 00:00:00+09:00,8887.278498173353,8992.039861201645,8730.135787574412,8939.6591796875,50000,0.0,0.0
2008-02-15 00:00:00+09:00,8817.4375,8817.4375,8817.4375,8817.4375,1000,0.0,0.0
2008-02-18 00:00:00+09:00,9166.6435546875,9166.6435546875,9166.6435546875,9166.6435546875,3000,0.0,0.0
2008-02-19 00:00:00+09:00,10231.720743365679,10231.720743365679,9638.0718011348,10004.7373046875,100000,0.0,0.0
2008-02-20 00:00:00+09:00,10144.416509204646,10231.717858392487,9253.943013911234,10196.7978515625,150000,0.0,0.0
2008-02-21 00:00:00+09:00,10161.8798828125,10161.8798828125,10161.8798828125,10161.8798828125,1000,0.0,0.0
2008-02-22 00:00:00+09:00,9952.353901814173,9952.353901814173,9515.847151734604,9812.671875,50000,0.0,0.0
2008-02-25 00:00:00+09:00,9987.276177179621,9987.276177179621,9463.467993055408,9498.388671875,100000,0.0,0.0
2008-02-26 00:00:00+09:00,9585.688748862987,9585.688748862987,8992.039286806572,9026.9599609375,100000,0.0,0.0
2008-02-27 00:00:00+09:00,9096.801224229937,9149.182571800586,8782.51646908856,8939.6591796875,150000,0.0,0.0
2008-02-28 00:00:00+09:00,8939.661084876438,9428.548659959293,8799.979015717998,8957.12109375,200000,0.0,0.0
2008-02-29 00:00:00+09:00,8974.5810546875,8974.5810546875,8974.5810546875,8974.5810546875,1000,0.0,0.0
2008-03-03 00:00:00+09:00,8555.5341796875,8634.105545161254,8346.01076044302,8555.5341796875,150000,0.0,0.0
2008-03-04 00:00:00+09:00,8555.532574000586,8555.532574000586,8223.787166953489,8433.310546875,50000,0.0,0.0
2008-03-05 00:00:00+09:00,8293.62843948817,8363.469787506443,7996.803709495197,8284.8984375,50000,0.0,0.0
2008-03-06 00:00:00+09:00,8258.708130201425,8258.708130201425,7874.58203125,7874.58203125,100000,0.0,0.0
2008-03-07 00:00:00+09:00,7857.123270442763,7857.123270442763,7490.457784244738,7673.79052734375,100000,0.0,0.0
2008-03-10 00:00:00+09:00,7403.1553166458125,7857.122105189733,7071.409894670759,7333.31396484375,50000,0.0,0.0
2008-03-11 00:00:00+09:00,7363.346191406251,7363.346191406251,7363.346191406251,7363.34619140625,41500,0.0,0.0
2008-03-12 00:00:00+09:00,7630.139172099654,7944.423942091987,7350.774414062499,7350.7744140625,100000,0.0,0.0
2008-03-13 00:00:00+09:00,7280.933549129488,7499.186948887227,7123.790834881308,7298.3935546875,50000,0.0,0.0
2008-03-14 00:00:00+09:00,7333.314323763615,7394.4250100390345,7010.299554496638,7211.09228515625,50000,0.0,0.0
2008-03-17 00:00:00+09:00,7001.56928532313,7071.410644531249,6896.807912567515,7071.41064453125,50000,0.0,0.0
2008-03-18 00:00:00+09:00,7123.791083469682,7246.013124810322,6984.109035961756,7097.60107421875,45500,0.0,0.0
2008-03-19 00:00:00+09:00,7333.314369473608,7368.235047301455,7123.790968563056,7193.63232421875,50000,0.0,0.0
2008-03-21 00:00:00+09:00,7211.092550181175,7350.774599699017,6984.109136457613,7228.55322265625,50000,0.0,0.0
2008-03-24 00:00:00+09:00,7324.585188329392,7734.9013671875,7211.093139169521,7734.9013671875,100000,0.0,0.0
2008-03-25 00:00:00+09:00,7822.2021484375,7822.2021484375,7822.2021484375,7822.2021484375,1000,0.0,0.0
2008-03-26 00:00:00+09:00,7691.250412676149,7769.82177734375,7612.679048008547,7769.82177734375,26500,0.0,0.0
2008-03-27 00:00:00+09:00,7682.521573649834,8014.26708984375,7595.220192131086,8014.26708984375,50000,0.0,0.0
2008-03-28 00:00:00+09:00,8084.105604995285,8712.67578125,8031.724923488184,8712.67578125,150000,0.0,0.0
2008-03-31 00:00:00+09:00,8869.817918271629,8904.738594992707,8276.169078239354,8346.009765625,150000,0.0,0.0
2008-04-01 00:00:00+09:00,8293.629083571639,8852.357912939346,8206.3277247972,8346.009765625,50000,0.0,0.0
2008-04-02 00:00:00+09:00,8730.135337752525,8904.738044507574,8468.231277619949,8642.833984375,100000,0.0,0.0
2008-04-03 00:00:00+09:00,8730.136370017593,8730.136370017593,8293.629551516713,8625.375,50000,0.0,0.0
2008-04-04 00:00:00+09:00,8686.4853515625,8686.4853515625,8686.4853515625,8686.4853515625,1000,0.0,0.0
2008-04-07 00:00:00+09:00,8276.16929718433,8442.041350398678,8276.16929718433,8380.9306640625,26000,0.0,0.0
2008-04-08 00:00:00+09:00,8433.31228308145,8660.29571386973,8328.5509045812,8398.3916015625,34500,0.0,0.0
2008-04-09 00:00:00+09:00,8293.628726674278,8293.628726674278,7944.423306603781,8241.248046875,50000,0.0,0.0
2008-04-10 00:00:00+09:00,8031.726188713153,8206.328931946047,7961.884824997352,8153.9482421875,30500,0.0,0.0
2008-04-11 00:00:00+09:00,8162.676007407094,8206.326681243496,8049.18398900988,8197.5966796875,16500,0.0,0.0
2008-04-14 00:00:00+09:00,8127.75673150728,8127.75673150728,7778.551280821197,7996.8046875,25000,0.0,0.0
2008-04-15 00:00:00+09:00,7926.964185772086,7944.424192299573,7691.250101311683,7822.2021484375,50000,0.0,0.0
2008-04-16 00:00:00+09:00,7996.806760804709,8206.330218750096,7857.124677526687,8110.298828125,46500,0.0,0.0
2008-04-17 00:00:00+09:00,8258.711548231424,8276.172226261766,8040.458068277862,8171.41015625,50000,0.0,0.0
2008-04-18 00:00:00+09:00,8215.057150490502,8215.057150490502,7944.423090508643,8206.3271484375,50000,0.0,0.0
2008-04-21 00:00:00+09:00,8346.010993321042,8363.471667278296,8049.186196613799,8153.9482421875,47000,0.0,0.0
2008-04-22 00:00:00+09:00,8049.186136590434,8119.027499785423,7857.1233868891195,7961.884765625,50000,0.0,0.0
2008-04-23 00:00:00+09:00,7822.201215382306,8014.264594557552,7656.328508930745,7804.7412109375,100000,0.0,0.0
2008-04-24 00:00:00+09:00,7769.821462798484,7874.582834076516,7769.821462798484,7822.2021484375,18000,0.0,0.0
2008-04-25 00:00:00+09:00,7769.821900771177,7822.202589362811,7665.06052358791,7673.79052734375,50000,0.0,0.0
2008-04-28 00:00:00+09:00,7804.742810549514,7857.123500676032,7577.759375963528,7656.330078125,50000,0.0,0.0
2008-04-30 00:00:00+09:00,7656.329283215232,8066.646089728268,7656.329283215232,7979.3447265625,50000,0.0,0.0
2008-05-01 00:00:00+09:00,7865.851739918694,8206.3271484375,7865.851739918694,8206.3271484375,100000,0.0,0.0
2008-05-02 00:00:00+09:00,8276.168786643182,8904.73828125,8276.168786643182,8904.73828125,200000,0.0,0.0
2008-05-07 00:00:00+09:00,9061.883691086647,9096.8037109375,9061.883691086647,9096.8037109375,12000,0.0,0.0
2008-05-08 00:00:00+09:00,10214.26015459481,10301.5615234375,10214.26015459481,10301.5615234375,1500,0.0,0.0
2008-05-09 00:00:00+09:00,9882.515070171412,9952.356434379173,9096.802720088845,9742.8330078125,250000,0.0,0.0
2008-05-12 00:00:00+09:00,9393.626806724362,9568.229537949932,9253.944754955219,9550.76953125,200000,0.0,0.0
2008-05-13 00:00:00+09:00,9463.469296949554,9603.151365417018,9131.723801539763,9393.6279296875,100000,0.0,0.0
2008-05-14 00:00:00+09:00,9428.54904923349,9428.54904923349,9219.025603816968,9253.9462890625,50000,0.0,0.0
2008-05-15 00:00:00+09:00,9026.961669083597,9253.94509480137,9026.961669083597,9219.0244140625,50000,0.0,0.0
2008-05-16 00:00:00+09:00,9184.10414454641,9184.10414454641,8869.8193359375,8869.8193359375,50000,0.0,0.0
2008-05-19 00:00:00+09:00,8660.295908179354,9079.342763695646,8642.835900056432,8869.8193359375,50000,0.0,0.0
2008-05-20 00:00:00+09:00,9079.340639105665,9166.641991404756,8852.357256339315,9026.9599609375,150000,0.0,0.0
2008-05-21 00:00:00+09:00,9166.6435546875,9219.024241788686,8904.739453125001,9166.6435546875,50000,0.0,0.0
2008-05-22 00:00:00+09:00,9201.565768660112,9201.565768660112,8904.74093753107,9096.8037109375,50000,0.0,0.0
2008-05-23 00:00:00+09:00,9236.485510938872,9236.485510938872,8939.6607101344,9079.3427734375,50000,0.0,0.0
2008-05-26 00:00:00+09:00,9166.644146259014,9166.644146259014,8922.200035936126,9079.3427734375,43500,0.0,0.0
2008-05-27 00:00:00+09:00,8922.200035936126,9166.644146259014,8904.74002779447,9079.3427734375,35500,0.0,0.0
2008-05-28 00:00:00+09:00,9253.944921875001,9253.944921875001,8957.120140226187,9166.6435546875,50000,0.0,0.0
2008-05-29 00:00:00+09:00,9166.642404716706,9446.00647824738,9009.499697070394,9341.2451171875,100000,0.0,0.0
2008-05-30 00:00:00+09:00,9498.387484891056,9725.370869768163,9428.54613597973,9690.4501953125,200000,0.0,0.0
2008-06-02 00:00:00+09:00,10388.863079480889,10563.4658203125,10388.863079480889,10563.4658203125,200000,0.0,0.0
2008-06-03 00:00:00+09:00,11087.27233016512,11279.335048989478,11087.27233016512,11244.4150390625,11500,0.0,0.0
2008-06-04 00:00:00+09:00,10266.639691007447,10476.1630859375,10266.639691007447,10476.1630859375,5500,0.0,0.0
2008-06-05 00:00:00+09:00,9952.357955356558,10126.960726503165,9777.755184209951,10092.0400390625,150000,0.0,0.0
2008-06-06 00:00:00+09:00,9917.435008219587,10092.037739582807,9777.752956340324,9987.2763671875,50000,0.0,0.0
2008-06-09 00:00:00+09:00,9725.370524984086,9952.353901814173,9620.608505331124,9812.671875,50000,0.0,0.0
2008-06-10 00:00:00+09:00,9812.67239525258,9952.354429472478,9341.24494696101,9515.84765625,100000,0.0,0.0
2008-06-11 00:00:00+09:00,9620.608846401175,9690.4501953125,9271.403433957481,9690.4501953125,50000,0.0,0.0
2008-06-12 00:00:00+09:00,9428.546122469375,9550.768149860827,9288.864090903344,9463.466796875,40000,0.0,0.0
2008-06-13 00:00:00+09:00,9463.468903458468,10423.784000070264,9463.468903458468,10161.8798828125,200000,0.0,0.0
2008-06-16 00:00:00+09:00,10825.366267397141,10825.366267397141,10336.478891758223,10441.240234375,150000,0.0,0.0
2008-06-17 00:00:00+09:00,10301.5615234375,10476.164261122882,9987.27672881513,10301.5615234375,50000,0.0,0.0
2008-06-18 00:00:00+09:00,10301.562054010827,11157.115779156407,10301.562054010827,11087.2744140625,150000,0.0,0.0
2008-06-19 00:00:00+09:00,11087.2740265377,11087.2740265377,10825.369915674604,10999.97265625,50000,0.0,0.0
2008-06-20 00:00:00+09:00,11157.11696138315,11331.7197265625,10738.070058530035,11331.7197265625,100000,0.0,0.0
2008-06-23 00:00:00+09:00,10912.67224903463,11471.400535339879,10842.830880218145,11419.0205078125,100000,0.0,0.0
2008-06-24 00:00:00+09:00,11349.178214936743,11401.5595703125,11017.432739154412,11401.5595703125,100000,0.0,0.0
2008-06-25 00:00:00+09:00,11087.271301085178,11087.271301085178,10703.145233033147,11034.890625,50000,0.0,0.0
2008-06-26 00:00:00+09:00,10738.067163085936,10825.368522135415,10388.86172688802,10476.1630859375,49500,0.0,0.0
2008-06-27 00:00:00+09:00,10249.17855122632,10423.78125,9690.449781939256,10423.78125,50000,0.0,0.0
2008-06-30 00:00:00+09:00,10336.47987705176,10388.860553353177,9777.751109038283,10196.7978515625,50000,0.0,0.0
2008-07-01 00:00:00+09:00,10039.655677532328,10126.95703125,9690.450262661638,10126.95703125,18000,0.0,0.0
2008-07-02 00:00:00+09:00,9952.35546875,10022.19682618139,9690.451377467107,9952.35546875,44000,0.0,0.0
2008-07-03 00:00:00+09:00,9795.21138664711,9952.354086006639,9777.751382743363,9865.052734375,37000,0.0,0.0
2008-07-04 00:00:00+09:00,9952.354323814656,10126.95703125,9480.92688052793,10126.95703125,50000,0.0,0.0
2008-07-07 00:00:00+09:00,10126.95655791527,10126.95655791527,9777.751159366468,9830.1318359375,27000,0.0,0.0
2008-07-08 00:00:00+09:00,9917.434625785903,9917.434625785903,9463.467808169913,9672.9912109375,31000,0.0,0.0
2008-07-09 00:00:00+09:00,9603.15017147691,9777.752901867398,8992.040615110196,9568.2294921875,50000,0.0,0.0
2008-07-10 00:00:00+09:00,9131.722874601186,9358.706296077371,8992.0408203125,9166.6435546875,43000,0.0,0.0
2008-07-11 00:00:00+09:00,9026.960312439238,9201.563023836297,8642.83421415441,8904.73828125,50000,0.0,0.0
2008-07-14 00:00:00+09:00,8747.596943681083,8904.739674955883,8642.835566868944,8765.0576171875,50000,0.0,0.0
2008-07-15 00:00:00+09:00,8555.533642617242,8642.835006317417,8127.75682727507,8625.375,50000,0.0,0.0
2008-07-16 00:00:00+09:00,8555.533070672196,8712.67578125,8293.62899708019,8712.67578125,50000,0.0,0.0
2008-07-17 00:00:00+09:00,8642.83421415441,8904.73828125,8468.231502757353,8904.73828125,50000,0.0,0.0
2008-07-18 00:00:00+09:00,8712.67476251632,8817.43611328125,8686.484091796876,8730.134765625,35500,0.0,0.0
2008-07-22 00:00:00+09:00,8642.835802851992,8642.835802851992,7979.345510793868,8363.4716796875,50000,0.0,0.0
2008-07-23 00:00:00+09:00,8153.9458000069435,8450.7705078125,8153.9458000069435,8450.7705078125,19500,0.0,0.0
2008-07-24 00:00:00+09:00,8546.804890711466,8957.12109375,8468.233518667143,8957.12109375,50000,0.0,0.0
2008-07-25 00:00:00+09:00,8730.136278525822,8730.136278525822,8354.740152126597,8660.294921875,35500,0.0,0.0
2008-07-28 00:00:00+09:00,8651.564166154812,8817.43687422782,8546.802806348956,8695.21484375,26000,0.0,0.0
2008-07-29 00:00:00+09:00,8686.486840254067,8686.486840254067,8503.154085379629,8677.7568359375,27500,0.0,0.0
2008-07-30 00:00:00+09:00,8817.438323100692,9201.564482268874,8730.136953565043,8974.5810546875,50000,0.0,0.0
2008-07-31 00:00:00+09:00,8974.579058898305,8992.0390625,8555.532311893203,8992.0390625,25500,0.0,0.0
2008-08-01 00:00:00+09:00,8974.58021691766,8974.58021691766,8476.962057382752,8817.4375,29000,0.0,0.0
2008-08-04 00:00:00+09:00,8572.993165227237,8599.183839282172,8188.867719464916,8346.009765625,39000,0.0,0.0
2008-08-05 00:00:00+09:00,8346.00917945493,8415.850527991877,8101.565791688542,8206.3271484375,50000,0.0,0.0
2008-08-06 00:00:00+09:00,8276.170064732585,8555.5341796875,8276.170064732585,8555.5341796875,17500,0.0,0.0
2008-08-07 00:00:00+09:00,8346.010569913686,8346.010569913686,8136.487155452372,8293.6298828125,17000,0.0,0.0
2008-08-08 00:00:00+09:00,8141.900878906251,8141.900878906251,8141.900878906251,8141.90087890625,0,0.0,0.0
2008-08-11 00:00:00+09:00,8311.089889827372,8503.153297273815,8293.6298828125,8293.6298828125,33000,0.0,0.0
2008-08-12 00:00:00+09:00,8468.233402056729,8677.7568359375,8468.233402056729,8677.7568359375,45000,0.0,0.0
2008-08-13 00:00:00+09:00,8328.548216620537,8555.531574152068,7979.342846246982,8136.48486328125,200000,0.0,0.0
2008-08-14 00:00:00+09:00,7857.122202791705,7857.122202791705,7516.646774126098,7752.36083984375,100000,0.0,0.0
2008-08-15 00:00:00+09:00,7691.250037543291,7691.250037543291,7315.854571862297,7455.53662109375,26500,0.0,0.0
2008-08-18 00:00:00+09:00,7525.377776457336,7682.520507812501,7507.91776899858,7682.5205078125,14500,0.0,0.0
2008-08-19 00:00:00+09:00,7333.314748364825,7507.91748046875,7071.410650208939,7507.91748046875,50000,0.0,0.0
2008-08-20 00:00:00+09:00,7507.91690238865,7638.868941383801,7298.393506785106,7595.21826171875,49500,0.0,0.0
2008-08-21 00:00:00+09:00,7525.377487256516,7577.7588397329455,7333.314748364825,7507.91748046875,25000,0.0,0.0
2008-08-22 00:00:00+09:00,7464.266747531215,7577.7587890625,7350.774705999928,7577.7587890625,10000,0.0,0.0
2008-08-25 00:00:00+09:00,7673.790527343751,7673.790527343751,7673.790527343751,7673.79052734375,500,0.0,0.0
2008-08-26 00:00:00+09:00,7857.121890328394,7926.96324022057,7647.598506708342,7804.7412109375,43500,0.0,0.0
2008-08-27 00:00:00+09:00,7804.741521317727,7804.741521317727,7516.646774126098,7752.36083984375,50000,0.0,0.0
2008-08-28 00:00:00+09:00,7822.202565652319,7822.202565652319,7542.838449972683,7682.5205078125,21000,0.0,0.0
2008-08-29 00:00:00+09:00,7612.678853308478,7612.678853308478,7368.235427996923,7507.91748046875,20000,0.0,0.0
2008-09-01 00:00:00+09:00,7237.283135231448,7307.123826087463,7001.5690551939715,7263.47314453125,100000,0.0,0.0
2008-09-02 00:00:00+09:00,7246.012962766429,7246.012962766429,6984.108879774872,7211.09228515625,50000,0.0,0.0
2008-09-03 00:00:00+09:00,7141.251059318387,7158.711063783072,6634.9029371647985,7001.568359375,100000,0.0,0.0
2008-09-04 00:00:00+09:00,6826.966796875,6826.966796875,6826.966796875,6826.966796875,500,0.0,0.0
2008-09-05 00:00:00+09:00,6373.000091757551,6599.983523458142,6294.42872453826,6503.9521484375,49500,0.0,0.0
2008-09-08 00:00:00+09:00,6434.11040059526,6739.665181254183,6434.11040059526,6634.90380859375,54500,0.0,0.0
2008-09-09 00:00:00+09:00,6111.094898897059,6425.3796462004675,5936.4921875,5936.4921875,578000,0.0,0.0
2008-09-10 00:00:00+09:00,5657.129410444394,6023.794921875,5657.129410444394,6023.794921875,67000,0.0,0.0
2008-09-11 00:00:00+09:00,6023.792849494952,6425.378906250001,5709.508138384758,6425.37890625,127500,0.0,0.0
2008-09-12 00:00:00+09:00,6372.999530498798,6809.50634765625,6285.698167067308,6809.50634765625,73500,0.0,0.0
2008-09-16 00:00:00+09:00,6285.697684151786,7507.916678292411,6163.475651526424,7333.31396484375,433000,0.0,0.0
2008-09-17 00:00:00+09:00,7752.36119090178,7857.12255859375,7158.711664496528,7857.12255859375,161000,0.0,0.0
2008-09-18 00:00:00+09:00,7717.440512985612,8084.105965964041,7595.218473307292,7857.12255859375,200000,0.0,0.0
2008-09-19 00:00:00+09:00,7717.442218861801,7857.124295345496,7507.9187711079185,7665.0615234375,116500,0.0,0.0
2008-09-22 00:00:00+09:00,7595.218846520712,7595.218846520712,7246.013382312863,7507.91748046875,105500,0.0,0.0
2008-09-24 00:00:00+09:00,7088.8698582190345,7403.155273437501,6809.505784754276,7403.1552734375,79000,0.0,0.0
2008-09-25 00:00:00+09:00,7333.314054494734,7472.99609375,7228.55269156741,7472.99609375,7000,0.0,0.0
2008-09-26 00:00:00+09:00,7394.425001419813,7577.758392145424,7088.870238285829,7490.45703125,24000,0.0,0.0
2008-09-29 00:00:00+09:00,7490.45703125,7490.45703125,7490.45703125,7490.45703125,8500,0.0,0.0
2008-09-30 00:00:00+09:00,6687.284119173134,7228.5529569896025,6687.284119173134,7211.09228515625,64500,0.0,0.0
2008-10-01 00:00:00+09:00,7141.251781647851,7141.251781647851,6949.188382826938,7036.48974609375,37000,0.0,0.0
2008-10-02 00:00:00+09:00,6687.284570609389,6984.109351248777,6460.301149905119,6774.5859375,113000,0.0,0.0
2008-10-03 00:00:00+09:00,6215.855400123647,6617.44211367259,6215.855400123647,6599.9814453125,45500,0.0,0.0
2008-10-06 00:00:00+09:00,6111.095557631147,6268.23828125,5901.572148158196,6268.23828125,184000,0.0,0.0
2008-10-07 00:00:00+09:00,5499.9859034001665,5971.413399760062,5499.9859034001665,5919.03271484375,350000,0.0,0.0
2008-10-08 00:00:00+09:00,5290.4611232747475,5552.365145873066,5220.6201171875,5220.6201171875,264500,0.0,0.0
2008-10-09 00:00:00+09:00,4853.956139791758,5360.304362750694,4853.956139791758,5307.92333984375,184000,0.0,0.0
2008-10-10 00:00:00+09:00,4646.178673310442,5203.1611328125,4646.178673310442,5203.1611328125,99500,0.0,0.0
2008-10-14 00:00:00+09:00,5552.366774967047,5726.96950792863,5456.335405049489,5692.048828125,100000,0.0,0.0
2008-10-15 00:00:00+09:00,5552.366774967047,5726.96950792863,5456.335405049489,5692.048828125,122500,0.0,0.0
2008-10-16 00:00:00+09:00,5325.383350621216,5744.43017578125,5119.352072624132,5744.43017578125,71000,0.0,0.0
2008-10-17 00:00:00+09:00,4967.448020360417,5238.082130561441,4888.876655190678,5150.78076171875,177000,0.0,0.0
2008-10-20 00:00:00+09:00,5238.082201818138,5316.653568056729,5028.558780534093,5290.462890625,59500,0.0,0.0
2008-10-21 00:00:00+09:00,5307.922299891542,5421.413994411657,5152.525995072996,5386.49365234375,43000,0.0,0.0
2008-10-22 00:00:00+09:00,5255.542177517884,5255.542177517884,4906.336721643317,5204.9072265625,35500,0.0,0.0
2008-10-23 00:00:00+09:00,4890.6230205716565,4941.257644411443,4681.09958936926,4888.876953125,236500,0.0,0.0
2008-10-24 00:00:00+09:00,4888.875670116295,4941.25634765625,4626.971616360064,4941.25634765625,47000,0.0,0.0
2008-10-27 00:00:00+09:00,4710.782171690496,4714.274306659263,4487.290862142553,4696.81396484375,59000,0.0,0.0
2008-10-28 00:00:00+09:00,4853.9549774657935,4853.9549774657935,4548.400249275689,4714.27294921875,163500,0.0,0.0
2008-10-29 00:00:00+09:00,4923.796343828415,5063.478372620448,4714.272967612141,4941.25634765625,44500,0.0,0.0
2008-10-30 00:00:00+09:00,4941.25659729078,5154.2721182455525,4731.733543517531,4977.92333984375,67000,0.0,0.0
2008-10-31 00:00:00+09:00,4976.178144644619,5150.7808865619745,4801.575402727264,5054.74951171875,42500,0.0,0.0
2008-11-04 00:00:00+09:00,5150.780447909476,5290.462496336389,5063.479084385586,5203.1611328125,46000,0.0,0.0
2008-11-05 00:00:00+09:00,5238.082113546409,5552.366907147877,5203.16143291145,5482.52587890625,132000,0.0,0.0
2008-11-06 00:00:00+09:00,5238.080451966359,5238.080451966359,5063.477770234146,5220.6201171875,50000,0.0,0.0
2008-11-07 00:00:00+09:00,4923.797335939072,5150.78076171875,4888.876655190678,5150.78076171875,42500,0.0,0.0
2008-11-10 00:00:00+09:00,5150.780400389099,5552.366535682704,5063.47903767064,5273.00244140625,21500,0.0,0.0
2008-11-11 00:00:00+09:00,5325.382232346986,5377.762907978458,5150.779536204462,5299.19189453125,178500,0.0,0.0
2008-11-12 00:00:00+09:00,5229.352518576926,5447.60595703125,5203.161839539753,5447.60595703125,86000,0.0,0.0
2008-11-13 00:00:00+09:00,5569.826426960528,5936.4921875,5447.6047287995325,5936.4921875,136500,0.0,0.0
2008-11-14 00:00:00+09:00,6076.174309146909,6233.3170180442885,5587.286843547778,5622.20751953125,60000,0.0,0.0
2008-11-17 00:00:00+09:00,6320.61857371611,6320.61857371611,5273.002257610342,5674.58837890625,19500,0.0,0.0
2008-11-18 00:00:00+09:00,5377.763602972603,5569.82666015625,5290.4622436189675,5569.82666015625,51500,0.0,0.0
2008-11-19 00:00:00+09:00,5744.4300973809595,5744.4300973809595,5150.780547515833,5334.11328125,63500,0.0,0.0
2008-11-20 00:00:00+09:00,5238.080787511545,5395.22314453125,4974.430681243412,5395.22314453125,148500,0.0,0.0
2008-11-21 00:00:00+09:00,5395.224003850391,5657.12841796875,5325.38298216535,5657.12841796875,15500,0.0,0.0
2008-11-25 00:00:00+09:00,5761.889602418566,5761.889602418566,5290.462138100293,5552.3662109375,23500,0.0,0.0
2008-11-26 00:00:00+09:00,5622.209330955675,5622.209330955675,5238.083103488509,5360.30517578125,34000,0.0,0.0
2008-11-27 00:00:00+09:00,5360.30369186123,5604.747102719493,5255.5419921875,5255.5419921875,29000,0.0,0.0
2008-11-28 00:00:00+09:00,5238.082201818138,5342.84391246016,5238.082201818138,5290.462890625,32500,0.0,0.0
2008-12-01 00:00:00+09:00,5168.240631297436,5264.271995065202,5168.240631297436,5255.5419921875,10000,0.0,0.0
2008-12-02 00:00:00+09:00,5080.938105013005,5220.6201171875,5063.477770234146,5220.6201171875,20000,0.0,0.0
2008-12-03 00:00:00+09:00,5168.241619307536,5168.241619307536,5046.019557485012,5047.765625,41000,0.0,0.0
2008-12-04 00:00:00+09:00,4976.177383819071,4995.3837890625,4766.653992341705,4995.3837890625,92500,0.0,0.0
2008-12-05 00:00:00+09:00,4803.321153005753,4853.95577164429,4626.972355347965,4784.11474609375,102000,0.0,0.0
2008-12-08 00:00:00+09:00,4679.3522756428765,4714.27294921875,4365.067545572916,4714.27294921875,200000,0.0,0.0
2008-12-09 00:00:00+09:00,4766.653746645126,4923.7964486673745,4719.511269066685,4845.22509765625,39000,0.0,0.0
2008-12-10 00:00:00+09:00,4846.9710614786845,5037.28803385047,4803.320385852647,4941.25634765625,58500,0.0,0.0
2008-12-11 00:00:00+09:00,4941.257644411443,4958.717985849695,4871.416611686748,4888.876953125,41000,0.0,0.0
2008-12-12 00:00:00+09:00,4888.876065383383,5028.55810546875,4714.273348762548,5028.55810546875,82500,0.0,0.0
2008-12-15 00:00:00+09:00,5028.558918137714,5080.93994140625,4958.717886807972,5080.93994140625,36000,0.0,0.0
2008-12-16 00:00:00+09:00,5084.43155816376,5238.081811433365,4976.177720861697,5203.1611328125,29500,0.0,0.0
2008-12-17 00:00:00+09:00,5255.542395455681,5255.542395455681,4956.971545127033,5011.0986328125,52000,0.0,0.0
2008-12-18 00:00:00+09:00,4487.290230524906,4979.669868852225,4487.290230524906,4976.177734375,13000,0.0,0.0
2008-12-19 00:00:00+09:00,4452.369551809211,4976.177734375,4452.369551809211,4976.177734375,39500,0.0,0.0
2008-12-22 00:00:00+09:00,4487.289587568032,5046.018035764388,4487.289587568032,4941.25634765625,42500,0.0,0.0
2008-12-24 00:00:00+09:00,4876.654511387458,4906.336990081933,4745.702458269764,4827.765625,27500,0.0,0.0
2008-12-25 00:00:00+09:00,4775.385501624561,4871.416885388014,4749.195154509831,4853.95654296875,11000,0.0,0.0
2008-12-26 00:00:00+09:00,4365.067655546171,4853.955099756049,4365.067655546171,4845.22509765625,10500,0.0,0.0
2008-12-29 00:00:00+09:00,4365.067557897386,4930.7802734375,4365.067557897386,4930.7802734375,29000,0.0,0.0
2008-12-30 00:00:00+09:00,4836.4951291703455,5063.478515625,4803.320521509724,5063.478515625,32000,0.0,0.0
2009-01-05 00:00:00+09:00,4539.671365801214,5255.542686244758,4539.671365801214,5080.93994140625,18000,0.0,0.0
2009-01-06 00:00:00+09:00,5063.4794617575335,5307.92323123672,4930.781339348078,5290.462890625,52000,0.0,0.0
2009-01-07 00:00:00+09:00,5290.463801312052,5360.30517578125,5238.083103488509,5360.30517578125,45000,0.0,0.0
2009-01-08 00:00:00+09:00,5290.462246263432,5360.303600203855,5238.081563836371,5342.84326171875,20000,0.0,0.0
2009-01-09 00:00:00+09:00,5325.3818359375,5325.3818359375,5238.080494364754,5325.3818359375,19000,0.0,0.0
2009-01-13 00:00:00+09:00,5063.477770234146,5220.6201171875,5028.557100676429,5220.6201171875,26500,0.0,0.0
2009-01-14 00:00:00+09:00,5220.621472122933,5238.081811433365,5011.098399482562,5203.1611328125,10500,0.0,0.0
2009-01-15 00:00:00+09:00,5011.098443300465,5185.701171875,4976.177764374248,5185.701171875,18000,0.0,0.0
2009-01-16 00:00:00+09:00,5028.558127188111,5140.304092767311,5028.558127188111,5133.31982421875,19500,0.0,0.0
2009-01-19 00:00:00+09:00,4976.177742581408,5194.43115234375,4976.177742581408,5194.43115234375,38500,0.0,0.0
2009-01-20 00:00:00+09:00,5246.811837475403,5246.811837475403,5012.844155567909,5194.43115234375,12000,0.0,0.0
2009-01-21 00:00:00+09:00,5089.669034567026,5115.859375,4888.875980543221,5115.859375,38500,0.0,0.0
2009-01-22 00:00:00+09:00,5115.859814022566,5185.701171875,5115.859814022566,5185.701171875,3000,0.0,0.0
2009-01-23 00:00:00+09:00,5065.223837014851,5238.080451966359,5011.097098925758,5220.6201171875,44500,0.0,0.0
2009-01-26 00:00:00+09:00,5255.542885173953,5255.542885173953,5063.479791976093,5229.3525390625,15500,0.0,0.0
2009-01-27 00:00:00+09:00,5168.241509450228,5229.3525390625,5066.971926931838,5229.3525390625,50500,0.0,0.0
2009-01-28 00:00:00+09:00,5325.382021752445,5412.683366371338,5281.731349442999,5377.7626953125,54500,0.0,0.0
2009-01-29 00:00:00+09:00,5063.479389718419,5140.3046875,4836.49596408029,5140.3046875,173000,0.0,0.0
2009-01-30 00:00:00+09:00,5140.304616880634,5140.304616880634,4923.797265223629,5011.0986328125,91500,0.0,0.0
2009-02-02 00:00:00+09:00,4976.177021368371,5009.351628092063,4888.875670116295,4941.25634765625,34500,0.0,0.0
2009-02-03 00:00:00+09:00,4941.25634765625,4941.25634765625,4801.574318864217,4941.25634765625,18000,0.0,0.0
2009-02-04 00:00:00+09:00,5063.478416727528,5115.859094723763,4909.828183717872,4923.79638671875,73000,0.0,0.0
2009-02-05 00:00:00+09:00,4906.3359375,4958.71661429826,4862.685262492043,4906.3359375,8000,0.0,0.0
2009-02-06 00:00:00+09:00,4890.62170368188,5142.049686817488,4785.860016289691,5114.11328125,69500,0.0,0.0
2009-02-09 00:00:00+09:00,4943.003231644841,5028.558530049426,4836.495791972508,4993.63818359375,35000,0.0,0.0
2009-02-10 00:00:00+09:00,4941.257919309124,4976.178604128376,4801.575846088783,4958.71826171875,56500,0.0,0.0
2009-02-12 00:00:00+09:00,5011.097576593408,5115.8589291962435,4801.574205331301,5098.39892578125,101000,0.0,0.0
2009-02-13 00:00:00+09:00,4626.972482210153,5011.0986328125,4626.972482210153,5011.0986328125,67500,0.0,0.0
2009-02-16 00:00:00+09:00,4923.797047737928,4923.797047737928,4644.4326171875,4644.4326171875,318000,0.0,0.0
2009-02-17 00:00:00+09:00,4696.813488081843,4714.273828125,4487.290406648815,4583.32177734375,28500,0.0,0.0
2009-02-18 00:00:00+09:00,4504.74997428637,4504.74997428637,4138.084534284744,4276.0205078125,132500,0.0,0.0
2009-02-19 00:00:00+09:00,4120.624691924537,4277.76708984375,4017.609049649301,4277.76708984375,35000,0.0,0.0
2009-02-20 00:00:00+09:00,4277.767003777803,4277.767003777803,4007.1328979746045,4251.57666015625,71000,0.0,0.0
2009-02-23 00:00:00+09:00,4146.8148405655575,4146.8148405655575,3727.7683548614305,4015.86279296875,88000,0.0,0.0
2009-02-24 00:00:00+09:00,3596.816143265809,3649.196826704894,3492.054443359375,3492.054443359375,195500,0.0,0.0
2009-02-25 00:00:00+09:00,3474.594037676149,3544.43505859375,3317.451657354483,3544.43505859375,56500,0.0,0.0
2009-02-26 00:00:00+09:00,3568.8798172839024,3666.657250721904,3535.7052060532646,3631.736572265625,35000,0.0,0.0
2009-02-27 00:00:00+09:00,3526.9749448742455,3666.656982421875,3509.51460692373,3666.656982421875,21000,0.0,0.0
2009-03-02 00:00:00+09:00,3736.4981797185,3745.228515625,3596.8161354971267,3745.228515625,39000,0.0,0.0
2009-03-03 00:00:00+09:00,3596.815965629818,3780.148681640625,3579.3556276696822,3780.148681640625,10500,0.0,0.0
2009-03-04 00:00:00+09:00,3753.9582777418896,3858.7199707031255,3579.3555671492436,3858.719970703125,15000,0.0,0.0
2009-03-05 00:00:00+09:00,3788.879835048979,3823.8001854793392,3649.1974342425815,3806.33984375,63000,0.0,0.0
2009-03-06 00:00:00+09:00,3753.9583172363314,3753.9583172363314,3544.4349291095173,3701.57763671875,7000,0.0,0.0
2009-03-09 00:00:00+09:00,3526.9745754327714,3647.4501953124995,3492.0539031895905,3647.4501953125,39500,0.0,0.0
2009-03-10 00:00:00+09:00,3492.0545244970517,3631.736572265625,3474.594185268912,3631.736572265625,50500,0.0,0.0
2009-03-11 00:00:00+09:00,3579.355625697545,3666.656982421875,3450.1496577089256,3666.656982421875,21000,0.0,0.0
2009-03-12 00:00:00+09:00,3457.1336991896846,3577.6096684152067,3457.1336991896846,3544.43505859375,34500,0.0,0.0
2009-03-13 00:00:00+09:00,3492.054443359375,3579.3558044433594,3471.101970166783,3492.054443359375,50500,0.0,0.0
2009-03-16 00:00:00+09:00,3439.6733859057467,3575.86328125,3439.6733859057467,3575.86328125,27500,0.0,0.0
2009-03-17 00:00:00+09:00,3570.6259765625,3614.2766592440553,3492.0546145243898,3570.6259765625,31500,0.0,0.0
2009-03-18 00:00:00+09:00,3561.8955505576782,4094.4340656858253,3553.16554745241,3989.67236328125,122000,0.0,0.0
2009-03-19 00:00:00+09:00,4017.6088602334344,4017.6088602334344,3753.958697775136,4015.86279296875,61500,0.0,0.0
2009-03-23 00:00:00+09:00,3963.482107141339,4015.86279296875,3876.180742076801,4015.86279296875,49000,0.0,0.0
2009-03-24 00:00:00+09:00,3858.7204024582375,4085.703818414725,3841.260062839674,4015.86279296875,65000,0.0,0.0
2009-03-25 00:00:00+09:00,4015.8620421356322,4050.78271484375,3884.9100190225136,4050.78271484375,28500,0.0,0.0
2009-03-26 00:00:00+09:00,4050.783361169874,4050.783361169874,3858.720296686874,3998.40234375,60000,0.0,0.0
2009-03-27 00:00:00+09:00,3946.0213828721917,4015.862401510198,3911.1007070390656,3975.703857421875,44500,0.0,0.0
2009-03-30 00:00:00+09:00,3806.339067252237,3876.180419921875,3719.0377094434402,3876.180419921875,51500,0.0,0.0
2009-03-31 00:00:00+09:00,3631.737318859471,3832.53076171875,3631.737318859471,3832.53076171875,30500,0.0,0.0
2009-04-01 00:00:00+09:00,3675.386986908058,3806.3390220667047,3675.386986908058,3780.148681640625,32000,0.0,0.0
2009-04-02 00:00:00+09:00,3806.3393459761833,3946.021728515625,3806.3393459761833,3946.021728515625,52500,0.0,0.0
2009-04-03 00:00:00+09:00,3893.6406013807077,3928.561279296875,3841.2599175347223,3928.561279296875,25000,0.0,0.0
2009-04-06 00:00:00+09:00,3788.879256672534,3911.100964064,3788.879256672534,3893.640625,43000,0.0,0.0
2009-04-07 00:00:00+09:00,3862.2125230965426,3972.2120961497867,3862.2125230965426,3911.10107421875,22000,0.0,0.0
2009-04-08 00:00:00+09:00,3876.1805653402116,4225.386009676149,3876.1805653402116,4190.46533203125,71500,0.0,0.0
2009-04-09 00:00:00+09:00,4138.085296408947,4312.688045910956,4050.7839216579423,4242.8466796875,28500,0.0,0.0
2009-04-10 00:00:00+09:00,4277.766490338537,4277.766490338537,4120.624114441954,4260.30615234375,34000,0.0,0.0
2009-04-13 00:00:00+09:00,4164.2764641196345,4173.006470106425,3998.403686143575,4085.705078125,41000,0.0,0.0
2009-04-14 00:00:00+09:00,4085.7034150430113,4155.54443359375,4015.8623964922735,4155.54443359375,41000,0.0,0.0
2009-04-15 00:00:00+09:00,4103.163970947266,4190.46533203125,3946.0215876017464,4190.46533203125,90000,0.0,0.0
2009-04-16 00:00:00+09:00,4190.465457608445,4714.2736398095,3980.942051516713,4312.6875,249000,0.0,0.0
2009-04-17 00:00:00+09:00,4277.76603515625,4365.0673828125,4173.004351363108,4365.0673828125,49500,0.0,0.0
2009-04-20 00:00:00+09:00,4461.0988002023005,4574.5908203125,4312.686773341056,4574.5908203125,115500,0.0,0.0
2009-04-21 00:00:00+09:00,4522.211126672281,4555.3857421875,4368.560854282555,4555.3857421875,45500,0.0,0.0
2009-04-22 00:00:00+09:00,4487.289928024549,4539.670609538694,4227.13158848997,4469.82958984375,80000,0.0,0.0
2009-04-23 00:00:00+09:00,4365.068476782521,4546.655485270256,4365.068476782521,4487.29052734375,44000,0.0,0.0
2009-04-24 00:00:00+09:00,4464.5912511512315,4504.749794612026,4050.7830140446717,4347.607421875,85000,0.0,0.0
2009-04-27 00:00:00+09:00,4218.401965022362,4487.290331298268,4155.544875133806,4443.6396484375,73000,0.0,0.0
2009-04-28 00:00:00+09:00,4443.639896350276,4443.639896350276,4146.815103125745,4417.44921875,51000,0.0,0.0
2009-04-30 00:00:00+09:00,4417.449147321208,4417.449147321208,4260.306749401994,4277.76708984375,11000,0.0,0.0
2009-05-01 00:00:00+09:00,4207.9256708537,4225.386009676149,4138.084648592165,4190.46533203125,23000,0.0,0.0
2009-05-07 00:00:00+09:00,4138.084428727249,4291.734669538873,4129.354093265753,4155.54443359375,17500,0.0,0.0
2009-05-08 00:00:00+09:00,4138.083706219281,4347.606725288851,4138.083706219281,4303.9560546875,32000,0.0,0.0
2009-05-11 00:00:00+09:00,4365.068476782521,4600.782241134437,4365.068476782521,4487.29052734375,56500,0.0,0.0
2009-05-12 00:00:00+09:00,4403.481575100652,4548.40185546875,4399.989772932572,4548.40185546875,26000,0.0,0.0
2009-05-13 00:00:00+09:00,4548.401527267935,4590.306480544565,4417.449464106344,4569.35400390625,83500,0.0,0.0
2009-05-14 00:00:00+09:00,4539.670864833428,4539.670864833428,4225.386092017806,4330.1474609375,98500,0.0,0.0
2009-05-15 00:00:00+09:00,4365.068529606047,4469.830240922252,4330.147848157879,4417.44921875,27000,0.0,0.0
2009-05-18 00:00:00+09:00,4260.306481962931,4347.607845663107,4260.306481962931,4312.6875,20500,0.0,0.0
2009-05-19 00:00:00+09:00,4382.528393021668,4382.528393021668,4068.2432933023665,4190.46533203125,211500,0.0,0.0
2009-05-20 00:00:00+09:00,4347.608838417154,4347.608838417154,4190.466414479831,4207.9267578125,26000,0.0,0.0
2009-05-21 00:00:00+09:00,4190.464592870717,4328.40087890625,4190.464592870717,4328.40087890625,21500,0.0,0.0
2009-05-22 00:00:00+09:00,4242.845362882465,4469.829066605643,4207.925023636893,4365.0673828125,114000,0.0,0.0
2009-05-25 00:00:00+09:00,4653.163385932033,4653.163385932033,4452.3702829159965,4504.7509765625,201500,0.0,0.0
2009-05-26 00:00:00+09:00,4557.131203996133,4574.591543158839,4225.386092017806,4330.1474609375,103500,0.0,0.0
2009-05-27 00:00:00+09:00,4434.910222052151,4443.64056023266,4190.466414479831,4207.9267578125,274500,0.0,0.0
2009-05-28 00:00:00+09:00,4277.766287000293,4382.527976961049,4207.9252713692,4216.6552734375,316500,0.0,0.0
2009-05-29 00:00:00+09:00,4321.417589237072,4330.147592569673,4131.1005859375,4131.1005859375,381000,0.0,0.0
2009-06-01 00:00:00+09:00,4288.24289682228,4654.90869140625,4193.957597088273,4654.90869140625,578000,0.0,0.0
2009-06-02 00:00:00+09:00,5178.716796875,5178.716796875,4871.415960910584,5178.716796875,435000,0.0,0.0
2009-06-03 00:00:00+09:00,5630.938880501869,5709.51025390625,5630.938880501869,5709.51025390625,203500,0.0,0.0
2009-06-04 00:00:00+09:00,5238.080769138467,5901.570866684724,5238.080769138467,5578.55615234375,688000,0.0,0.0
2009-06-05 00:00:00+09:00,5098.399519463576,5587.286998632629,5098.399519463576,5569.82666015625,298000,0.0,0.0
2009-06-08 00:00:00+09:00,5499.984976128868,5622.206997698574,5342.842614845115,5517.4453125,84500,0.0,0.0
2009-06-09 00:00:00+09:00,5587.288643721076,5613.479325661203,5185.702405664966,5360.30517578125,124500,0.0,0.0
2009-06-10 00:00:00+09:00,5290.462496336389,5386.494196029632,5080.939423696019,5203.1611328125,84000,0.0,0.0
2009-06-11 00:00:00+09:00,5203.159782408641,5360.302462390181,5063.477770234146,5220.6201171875,344500,0.0,0.0
2009-06-12 00:00:00+09:00,5238.08198421759,5744.43017578125,5238.08198421759,5744.43017578125,225000,0.0,0.0
2009-06-15 00:00:00+09:00,6285.698101355985,6442.8408203125,5761.889926242987,6442.8408203125,571500,0.0,0.0
2009-06-16 00:00:00+09:00,6111.095513237847,6390.459613134671,5971.413463289436,6285.6982421875,220500,0.0,0.0
2009-06-17 00:00:00+09:00,6128.555281673092,6984.10888671875,6006.333909000736,6984.10888671875,358000,0.0,0.0
2009-06-18 00:00:00+09:00,7542.837761887778,7647.599129196783,6984.108915441177,7420.61572265625,399000,0.0,0.0
2009-06-19 00:00:00+09:00,7490.45703998116,7507.917045757987,6722.204796783314,7211.09228515625,393000,0.0,0.0
2009-06-22 00:00:00+09:00,6957.918211970944,7071.410247802734,6739.664809260983,6984.10888671875,167500,0.0,0.0
2009-06-23 00:00:00+09:00,6722.20458984375,6722.20458984375,6599.982554998926,6722.20458984375,93500,0.0,0.0
2009-06-24 00:00:00+09:00,6861.885961717734,6949.187311525991,6582.521908753887,6608.7119140625,111500,0.0,0.0
2009-06-25 00:00:00+09:00,6565.062886103377,6949.189054834839,6495.222188370045,6652.3642578125,99500,0.0,0.0
2009-06-26 00:00:00+09:00,6722.204545824515,6809.505903562495,6599.982511780041,6792.0458984375,33500,0.0,0.0
2009-06-29 00:00:00+09:00,6722.20498422476,7053.950431687042,6652.36362705695,6809.50634765625,78000,0.0,0.0
2009-06-30 00:00:00+09:00,6826.966461378445,7228.553272329635,6818.236458109192,7158.7119140625,125000,0.0,0.0
2009-07-01 00:00:00+09:00,7158.712940000579,7158.712940000579,6905.538812569715,6931.7294921875,100500,0.0,0.0
2009-07-02 00:00:00+09:00,6949.188356257788,7612.678581337498,6931.728350093798,7542.837890625,149500,0.0,0.0
2009-07-03 00:00:00+09:00,7455.536682907834,7892.043506660558,7088.870551321613,7822.2021484375,186000,0.0,0.0
2009-07-06 00:00:00+09:00,7892.045364860371,8119.028833444243,7665.0618962764975,8110.298828125,473500,0.0,0.0
2009-07-07 00:00:00+09:00,7970.614678332467,8075.376047115676,7534.107864974862,7996.8046875,228000,0.0,0.0
2009-07-08 00:00:00+09:00,7647.598994299882,7717.440348644966,7298.393554687499,7298.3935546875,220500,0.0,0.0
2009-07-09 00:00:00+09:00,6966.649130039089,7228.55322265625,6905.5377754611545,7228.55322265625,65500,0.0,0.0
2009-07-10 00:00:00+09:00,7280.933228790807,7280.933228790807,6634.903060719937,6896.80712890625,94500,0.0,0.0
2009-07-13 00:00:00+09:00,6547.602489834538,6634.903856365665,6128.5556640625,6128.5556640625,220500,0.0,0.0
2009-07-14 00:00:00+09:00,6189.666611201504,6495.221373866746,6111.09525330485,6320.61865234375,64500,0.0,0.0
2009-07-15 00:00:00+09:00,6477.7618737207495,6477.7618737207495,6198.397735177654,6373.00048828125,29000,0.0,0.0
2009-07-16 00:00:00+09:00,6372.9993294270835,6652.363417171141,6372.9993294270835,6547.60205078125,68500,0.0,0.0
2009-07-17 00:00:00+09:00,6617.443055930112,6896.80712890625,6495.221024231868,6896.80712890625,27500,0.0,0.0
2009-07-21 00:00:00+09:00,6931.728389671645,6931.728389671645,6669.824299377175,6809.50634765625,43500,0.0,0.0
2009-07-22 00:00:00+09:00,6809.505722195413,6861.886402231774,6634.90301136989,6687.28369140625,20500,0.0,0.0
2009-07-23 00:00:00+09:00,6774.585550910316,6809.506228885136,6460.30078125,6460.30078125,26000,0.0,0.0
2009-07-24 00:00:00+09:00,6634.90301136989,6896.807077608175,6634.90301136989,6687.28369140625,28500,0.0,0.0
2009-07-27 00:00:00+09:00,6669.824862779448,6809.506922857512,6460.30143963405,6512.68212890625,69000,0.0,0.0
2009-07-28 00:00:00+09:00,6634.903808593749,6678.554491545025,6460.301076788651,6634.90380859375,22500,0.0,0.0
2009-07-29 00:00:00+09:00,6669.824862779448,6669.824862779448,6495.222121167717,6512.68212890625,20500,0.0,0.0
2009-07-30 00:00:00+09:00,6460.301076788651,6634.903808593749,6460.301076788651,6634.90380859375,8000,0.0,0.0
2009-07-31 00:00:00+09:00,6512.681763118868,6704.745167738414,6477.761083546536,6634.90380859375,29500,0.0,0.0
2009-08-03 00:00:00+09:00,6809.5054100513125,6914.266765321829,6634.902707229484,6739.6640625,25000,0.0,0.0
2009-08-04 00:00:00+09:00,6809.50634765625,6957.918399067166,6809.50634765625,6809.50634765625,55000,0.0,0.0
2009-08-05 00:00:00+09:00,6879.347124116424,6896.80712890625,6879.347124116424,6896.80712890625,21000,0.0,0.0
2009-08-06 00:00:00+09:00,6826.965953392739,6879.347301223739,6669.823908069256,6722.20458984375,31500,0.0,0.0
2009-08-07 00:00:00+09:00,6669.823402271345,6757.124753960613,6669.823402271345,6730.93408203125,22000,0.0,0.0
2009-08-10 00:00:00+09:00,6757.125834671546,6879.347879795575,6643.633792901398,6861.88720703125,19000,0.0,0.0
2009-08-11 00:00:00+09:00,6949.187865874231,7560.29736328125,6931.727860942342,7560.29736328125,354000,0.0,0.0
2009-08-12 00:00:00+09:00,7280.933093205298,7472.995806542741,6949.187679924467,7001.568359375,277500,0.0,0.0
2009-08-13 00:00:00+09:00,7193.632690117177,7193.632690117177,6879.3479057937675,7071.41064453125,50000,0.0,0.0
2009-08-14 00:00:00+09:00,6844.42684219568,6984.10888671875,6844.42684219568,6984.10888671875,205500,0.0,0.0
2009-08-17 00:00:00+09:00,6984.108050984676,6984.108050984676,6809.505349710059,6818.2353515625,26500,0.0,0.0
2009-08-18 00:00:00+09:00,6678.554567131643,6774.5859375,6634.903883686338,6774.5859375,39500,0.0,0.0
2009-08-19 00:00:00+09:00,6774.585860826515,6774.585860826515,6547.6024426912,6634.90380859375,50500,0.0,0.0
2009-08-20 00:00:00+09:00,6704.745568436065,6704.745568436065,6399.190769516182,6503.9521484375,116000,0.0,0.0
2009-08-21 00:00:00+09:00,6652.363569168839,6661.09423828125,6486.491512937642,6661.09423828125,68000,0.0,0.0
2009-08-24 00:00:00+09:00,6565.062449449085,6687.284494923966,6547.6024426912,6634.90380859375,23000,0.0,0.0
2009-08-25 00:00:00+09:00,6573.791441856956,6669.822786640071,6547.600772345018,6599.9814453125,45500,0.0,0.0
2009-08-26 00:00:00+09:00,6634.903808593749,6669.824488166082,6503.951759739925,6634.90380859375,34500,0.0,0.0
2009-08-27 00:00:00+09:00,6687.282788943767,6722.203459607553,6599.9814453125,6599.9814453125,19500,0.0,0.0
2009-08-28 00:00:00+09:00,6722.204997779482,6722.204997779482,6582.52294921875,6582.52294921875,13000,0.0,0.0
2009-08-31 00:00:00+09:00,6582.523757793723,6722.205823512528,6530.14306640625,6530.14306640625,9000,0.0,0.0
2009-09-02 00:00:00+09:00,7507.91799174177,7926.964843750001,7455.537301754893,7926.96484375,1402000,0.0,0.0
2009-09-03 00:00:00+09:00,7926.963693595738,7944.423699039153,7507.91690238865,7595.21826171875,514000,0.0,0.0
2009-09-04 00:00:00+09:00,7403.155537615135,7595.218261718751,7211.092147455005,7595.21826171875,255000,0.0,0.0
2009-09-07 00:00:00+09:00,7630.139197508801,8031.7253308394675,7542.837835217068,7787.28125,309500,0.0,0.0
2009-09-08 00:00:00+09:00,7874.583254085177,7944.424616033381,7525.377776457336,7682.5205078125,189500,0.0,0.0
2009-09-09 00:00:00+09:00,7560.297767753768,7560.297767753768,7333.314361213236,7420.61572265625,98500,0.0,0.0
2009-09-10 00:00:00+09:00,7350.774081393554,7507.916792306287,7350.774081393554,7464.26611328125,44500,0.0,0.0
2009-09-11 00:00:00+09:00,7350.774367079227,7595.21844554228,7219.822324914705,7420.61572265625,142500,0.0,0.0
2009-09-14 00:00:00+09:00,7490.457366746556,7507.917373285061,7053.950542718354,7158.7119140625,146500,0.0,0.0
2009-09-15 00:00:00+09:00,7176.171826244927,7246.01318359375,7088.870462587171,7246.01318359375,44000,0.0,0.0
2009-09-16 00:00:00+09:00,7246.011608114189,7246.011608114189,6896.806229409891,7106.32958984375,62000,0.0,0.0
2009-09-17 00:00:00+09:00,6984.10939806752,7071.410765543363,6879.348023519136,6975.37939453125,54000,0.0,0.0
2009-09-18 00:00:00+09:00,6905.537131301163,6984.108484968355,6809.505772844146,6896.80712890625,34000,0.0,0.0
2009-09-21 00:00:00+09:00,6896.80712890625,6896.80712890625,6896.80712890625,6896.80712890625,0,0.0,0.0
2009-09-24 00:00:00+09:00,6896.807742582715,7019.02978515625,6757.125693665767,7019.02978515625,50000,0.0,0.0
2009-09-25 00:00:00+09:00,6984.109797105793,6984.109797105793,6739.665687784445,6844.427734375,20500,0.0,0.0
2009-09-28 00:00:00+09:00,6634.902308984506,6774.584329646581,6547.600962813657,6704.74365234375,62500,0.0,0.0
2009-09-29 00:00:00+09:00,6582.522549759597,6722.20458984375,6582.522549759597,6722.20458984375,3500,0.0,0.0
2009-09-30 00:00:00+09:00,6722.20470747305,6722.20470747305,6346.80859375,6346.80859375,62000,0.0,0.0
2009-10-01 00:00:00+09:00,6372.9994638748185,6495.221504612492,6372.9994638748185,6442.8408203125,25500,0.0,0.0
2009-10-02 00:00:00+09:00,6285.69833846831,6285.69833846831,6041.254247771917,6198.39697265625,83500,0.0,0.0
2009-10-05 00:00:00+09:00,5919.033560988922,6023.794945797527,5901.572886149727,6015.06494140625,45000,0.0,0.0
2009-10-06 00:00:00+09:00,5849.190942558454,6067.4443359375,5849.190942558454,6067.4443359375,8000,0.0,0.0
2009-10-07 00:00:00+09:00,5945.223183474979,6146.0166015625,5945.223183474979,6146.0166015625,30500,0.0,0.0
2009-10-08 00:00:00+09:00,5796.810581932796,6146.016030650958,5796.810581932796,6006.333984375,136000,0.0,0.0
2009-10-09 00:00:00+09:00,6111.094878893319,6687.28369140625,6111.094878893319,6687.28369140625,123500,0.0,0.0
2009-10-13 00:00:00+09:00,6792.046585939654,6809.50659283198,6372.999759958136,6565.0625,44000,0.0,0.0
2009-10-14 00:00:00+09:00,6617.444173507249,6617.444173507249,6320.619379555986,6512.68212890625,30000,0.0,0.0
2009-10-15 00:00:00+09:00,6783.315553889887,6792.046222925992,6329.348738386825,6460.30078125,74000,0.0,0.0
2009-10-16 00:00:00+09:00,6495.221100631061,6495.221100631061,6268.237705411025,6355.5390625,41000,0.0,0.0
2009-10-19 00:00:00+09:00,6250.7780254718355,6390.460085750641,6250.7780254718355,6294.4287109375,25500,0.0,0.0
2009-10-20 00:00:00+09:00,6372.999953514889,6390.4599609375,6233.317895964236,6390.4599609375,51000,0.0,0.0
2009-10-21 00:00:00+09:00,6250.77683372012,6320.618183572111,6215.856158794124,6259.5068359375,18000,0.0,0.0
2009-10-22 00:00:00+09:00,6346.807737975375,6346.807737975375,6233.316385123436,6242.04638671875,20000,0.0,0.0
2009-10-23 00:00:00+09:00,6233.318419009702,6373.00048828125,6215.857744065355,6373.00048828125,21500,0.0,0.0
2009-10-26 00:00:00+09:00,6372.999652958197,6442.841011468033,6268.23828125,6268.23828125,24000,0.0,0.0
2009-10-27 00:00:00+09:00,6198.395754761094,6512.680476720793,6198.395754761094,6224.58642578125,51500,0.0,0.0
2009-10-28 00:00:00+09:00,6294.4287109375,6294.4287109375,6215.857343887983,6294.4287109375,9500,0.0,0.0
2009-10-29 00:00:00+09:00,6154.745080431791,6224.58642578125,6111.0944061024875,6224.58642578125,15000,0.0,0.0
2009-10-30 00:00:00+09:00,6076.175452339293,6207.127512372711,6067.445448215056,6180.9375,23000,0.0,0.0
2009-11-02 00:00:00+09:00,6084.905618427888,6093.636288841134,5953.953554908867,6023.794921875,19500,0.0,0.0
2009-11-04 00:00:00+09:00,6023.793992914283,6023.793992914283,5953.95263671875,5953.95263671875,14000,0.0,0.0
2009-11-05 00:00:00+09:00,5936.493044936104,5953.953052175048,5709.509620546922,5814.27099609375,71000,0.0,0.0
2009-11-06 00:00:00+09:00,5910.3013344032,5910.3013344032,5761.889300657339,5884.111328125,15500,0.0,0.0
2009-11-09 00:00:00+09:00,5770.620311939808,5901.572364401633,5552.366891170098,5814.27099609375,105500,0.0,0.0
2009-11-10 00:00:00+09:00,5761.889300657339,5919.032002552398,5761.889300657339,5884.111328125,33000,0.0,0.0
2009-11-11 00:00:00+09:00,5953.9519276585015,5997.602603568187,5849.19057189784,5971.41259765625,19000,0.0,0.0
2009-11-12 00:00:00+09:00,5622.207977213326,5709.509341250624,5412.6845703125,5412.6845703125,106500,0.0,0.0
2009-11-13 00:00:00+09:00,5412.683992151739,5412.683992151739,5178.716334880986,5386.49365234375,76000,0.0,0.0
2009-11-16 00:00:00+09:00,5482.526012178792,5482.526012178792,5168.2412109375,5168.2412109375,38500,0.0,0.0
2009-11-17 00:00:00+09:00,4915.066727759869,5063.479113200718,4644.432632507002,4749.1943359375,147000,0.0,0.0
2009-11-18 00:00:00+09:00,4749.195209862278,4749.195209862278,4225.386929349306,4626.97314453125,327500,0.0,0.0
2009-11-19 00:00:00+09:00,4651.41703736123,4679.353450021849,4382.528982245685,4539.67138671875,54500,0.0,0.0
2009-11-20 00:00:00+09:00,4539.670393318966,5063.478515625,4487.289714299656,5063.478515625,198500,0.0,0.0
2009-11-24 00:00:00+09:00,4906.336570653934,4998.875800474763,4819.035209371937,4822.52734375,64000,0.0,0.0
2009-11-25 00:00:00+09:00,4827.765625,4988.40015681217,4801.57528098212,4827.765625,18500,0.0,0.0
2009-11-26 00:00:00+09:00,4775.3845669869515,4888.876270957088,4775.3845669869515,4855.70166015625,5000,0.0,0.0
2009-11-27 00:00:00+09:00,4887.130585638717,4887.130585638717,4539.671177765449,4838.24169921875,36500,0.0,0.0
2009-11-30 00:00:00+09:00,4785.860748972623,4801.575021138611,4705.543653927149,4749.1943359375,21500,0.0,0.0
2009-12-01 00:00:00+09:00,4714.273008677354,5063.478416727528,4626.97165666481,4923.79638671875,63000,0.0,0.0
2009-12-02 00:00:00+09:00,5028.558883424962,5325.383680812732,5004.114605885371,5307.92333984375,92000,0.0,0.0
2009-12-03 00:00:00+09:00,5360.302692811282,5395.223030841919,5133.318996985241,5377.7626953125,40000,0.0,0.0
2009-12-04 00:00:00+09:00,5238.081812762064,5919.03271484375,5238.081812762064,5919.03271484375,136000,0.0,0.0
2009-12-07 00:00:00+09:00,5936.493371212121,5953.9533794106865,5761.890625,5761.890625,57500,0.0,0.0
2009-12-08 00:00:00+09:00,5770.619741337976,5796.810415663226,5674.58837890625,5674.58837890625,18000,0.0,0.0
2009-12-09 00:00:00+09:00,5753.160942902388,5753.160942902388,5421.415440109073,5709.51025390625,45000,0.0,0.0
2009-12-10 00:00:00+09:00,5639.667909875727,5726.969272771811,5377.763821187475,5491.255859375,31000,0.0,0.0
2009-12-11 00:00:00+09:00,5325.383277940099,5552.366694280332,5325.383277940099,5334.11328125,29000,0.0,0.0
2009-12-14 00:00:00+09:00,5238.080929646541,5569.8259885851785,5238.080929646541,5517.4453125,26000,0.0,0.0
2009-12-15 00:00:00+09:00,5508.716086857518,5744.43017578125,5430.145056911224,5744.43017578125,44000,0.0,0.0
2009-12-16 00:00:00+09:00,5674.58864748429,5761.890011291741,5456.3352379656635,5639.66796875,54500,0.0,0.0
2009-12-17 00:00:00+09:00,5569.827357749499,5587.287698412699,5412.684957837302,5499.986328125,38500,0.0,0.0
2009-12-18 00:00:00+09:00,5499.987258662934,5499.987258662934,5325.384488546651,5360.30517578125,41000,0.0,0.0
2009-12-21 00:00:00+09:00,5534.907945897533,5534.907945897533,5255.543447105809,5360.30517578125,41500,0.0,0.0
2009-12-22 00:00:00+09:00,5395.2239441458105,5430.144621116023,5316.652920505219,5342.84326171875,20000,0.0,0.0
2009-12-24 00:00:00+09:00,5342.843831864448,5587.28759765625,5316.653487856092,5587.28759765625,53000,0.0,0.0
2009-12-25 00:00:00+09:00,5587.286998632629,5622.207675585385,5412.684279925359,5569.82666015625,59000,0.0,0.0
2009-12-28 00:00:00+09:00,5465.0655482462025,5604.747604976292,5465.0655482462025,5587.28759765625,22000,0.0,0.0
2009-12-29 00:00:00+09:00,5587.287449832095,5761.8901826393485,5587.287449832095,5744.43017578125,62500,0.0,0.0
2009-12-30 00:00:00+09:00,5761.888802083334,6372.998220486112,5761.888802083334,5892.8408203125,254000,0.0,0.0
2010-01-04 00:00:00+09:00,5884.111507292179,6198.396254595587,5884.111507292179,5936.4921875,63000,0.0,0.0
2010-01-05 00:00:00+09:00,5814.270421175716,5814.270421175716,5534.906336636784,5674.58837890625,44000,0.0,0.0
2010-01-06 00:00:00+09:00,5753.160179210299,5761.8901826393485,5604.747456690194,5744.43017578125,54000,0.0,0.0
2010-01-07 00:00:00+09:00,5744.429733069241,5744.429733069241,5657.12837339376,5674.58837890625,29000,0.0,0.0
2010-01-08 00:00:00+09:00,5709.5096470662975,5709.5096470662975,5526.176572951226,5587.28759765625,40500,0.0,0.0
2010-01-12 00:00:00+09:00,5377.763602972603,5569.82666015625,5377.763602972603,5569.82666015625,16000,0.0,0.0
2010-01-13 00:00:00+09:00,5569.827572445724,5569.827572445724,5430.1455078125,5430.1455078125,49000,0.0,0.0
2010-01-14 00:00:00+09:00,5491.254518136992,5491.254518136992,5115.858482951634,5325.3818359375,75500,0.0,0.0
2010-01-15 00:00:00+09:00,5351.572604287552,5534.905636223171,5334.11226795632,5403.95361328125,55000,0.0,0.0
2010-01-18 00:00:00+09:00,5412.684850664623,5587.287587782836,5360.3041627404755,5482.52587890625,65500,0.0,0.0
2010-01-19 00:00:00+09:00,5430.144917320287,5674.588670360949,5430.144917320287,5630.93798828125,28500,0.0,0.0
2010-01-20 00:00:00+09:00,5683.319072517847,5692.049076335298,5465.065646798602,5499.986328125,25000,0.0,0.0
2010-01-21 00:00:00+09:00,5473.795884934516,5587.28759765625,5473.795884934516,5587.28759765625,5000,0.0,0.0
2010-01-22 00:00:00+09:00,5473.795884934516,5587.28759765625,5430.1452005778265,5587.28759765625,30500,0.0,0.0
2010-01-25 00:00:00+09:00,5412.684860229492,5657.128959049587,5342.843831864448,5587.28759765625,82000,0.0,0.0
2010-01-26 00:00:00+09:00,5604.7475950720245,5604.7475950720245,5465.06553858877,5482.52587890625,63500,0.0,0.0
2010-01-27 00:00:00+09:00,5430.144895429083,5639.66796875,5430.144895429083,5639.66796875,253000,0.0,0.0
2010-01-28 00:00:00+09:00,5657.1291435215235,5901.57258425603,5657.1291435215235,5849.19189453125,69000,0.0,0.0
2010-01-29 00:00:00+09:00,5814.270466988897,5919.03249905885,5657.12841796875,5657.12841796875,37500,0.0,0.0
2010-02-01 00:00:00+09:00,5657.128959049587,5761.890335083008,5569.827257307916,5587.28759765625,40500,0.0,0.0
2010-02-02 00:00:00+09:00,5604.74730560473,6128.555489906352,5604.74730560473,6076.1748046875,68500,0.0,0.0
2010-02-03 00:00:00+09:00,6111.09568011918,6119.82568359375,5936.4929464014895,6119.82568359375,34500,0.0,0.0
2010-02-04 00:00:00+09:00,6146.016068099071,6163.476074218751,5936.492664380226,6163.47607421875,48500,0.0,0.0
2010-02-05 00:00:00+09:00,5936.4921875,6093.634894179947,5814.270156310761,5936.4921875,40000,0.0,0.0
2010-02-08 00:00:00+09:00,5849.1914352462845,6372.999623477295,5849.1914352462845,6058.71484375,131500,0.0,0.0
2010-02-09 00:00:00+09:00,5980.1424931249,6111.094518521796,5744.429113833066,5779.34912109375,86000,0.0,0.0
2010-02-10 00:00:00+09:00,5761.889817866941,6041.25390625,5683.31845986654,6041.25390625,34000,0.0,0.0
2010-02-12 00:00:00+09:00,6809.505454965556,6931.7274809582805,6372.998695031866,6434.109375,298500,0.0,0.0
2010-02-15 00:00:00+09:00,6538.872830096808,6669.824886776757,6486.492140636148,6503.9521484375,90500,0.0,0.0
2010-02-16 00:00:00+09:00,6634.903403072034,7726.17041015625,6634.903403072034,7726.17041015625,989000,0.0,0.0
2010-02-17 00:00:00+09:00,8084.107328938954,8957.12109375,8049.186645135183,8957.12109375,1742500,0.0,0.0
2010-02-18 00:00:00+09:00,10650.768717515566,10703.1494140625,10563.467334585112,10703.1494140625,1111000,0.0,0.0
2010-02-19 00:00:00+09:00,10179.338331957968,11471.398046256352,9446.006782731041,10476.1630859375,4121500,0.0,0.0
2010-02-22 00:00:00+09:00,12222.19140625,12222.19140625,12099.970025032759,12222.19140625,1119000,0.0,0.0
2010-02-23 00:00:00+09:00,13269.806222098216,14841.230643136161,12571.395368303572,14666.6279296875,5372500,0.0,0.0
2010-02-24 00:00:00+09:00,14614.247312613763,15539.642272949219,13566.63097960595,13968.2177734375,2056500,0.0,0.0
2010-02-25 00:00:00+09:00,14230.124235733696,14282.505593986616,11349.178838315218,12047.58984375,3168500,0.0,0.0
2010-02-26 00:00:00+09:00,12431.711431752761,13793.612994427449,12047.586033107518,12484.0927734375,4604000,0.0,0.0
2010-03-01 00:00:00+09:00,12676.157332884659,13269.806853269318,12047.587800994512,12082.5078125,2149000,0.0,0.0
2010-03-02 00:00:00+09:00,11733.300612193027,11995.204655609057,11122.191843612049,11436.4765625,1216000,0.0,0.0
2010-03-03 00:00:00+09:00,11960.287811125643,12396.794665546287,11331.718207182557,11401.5595703125,864500,0.0,0.0
2010-03-04 00:00:00+09:00,11750.763566947453,13147.58532434445,11471.398149777626,12693.6171875,3724000,0.0,0.0
2010-03-05 00:00:00+09:00,12938.061446223874,14841.231384277344,12780.918729850091,13968.2177734375,3847000,0.0,0.0
2010-03-08 00:00:00+09:00,14492.025939941406,14858.69139007153,13461.86961272778,13968.2177734375,2177500,0.0,0.0
2010-03-09 00:00:00+09:00,13444.4100733847,14299.96370811362,13165.04597464608,14020.599609375,1434500,0.0,0.0
2010-03-10 00:00:00+09:00,13514.25190704763,14020.60010315776,13322.189165657759,13531.7119140625,765500,0.0,0.0
2010-03-11 00:00:00+09:00,13549.17172165303,13968.218544407893,13269.807617187498,13269.8076171875,498000,0.0,0.0
2010-03-12 00:00:00+09:00,13269.807617187498,13723.77445345813,13095.2048853824,13269.8076171875,627500,0.0,0.0
2010-03-15 00:00:00+09:00,13182.506550277609,13182.506550277609,12745.999710864444,12955.5224609375,551000,0.0,0.0
2010-03-16 00:00:00+09:00,13095.204548663403,15539.642731080572,12920.601821347893,14492.0263671875,3390000,0.0,0.0
2010-03-17 00:00:00+09:00,14230.121038123023,14806.310520978102,13619.011545688292,13793.6142578125,1039000,0.0,0.0
2010-03-18 00:00:00+09:00,13636.470703125,14020.597445196894,13461.868001850384,13636.470703125,754000,0.0,0.0
2010-03-19 00:00:00+09:00,13933.298110228454,14823.77174912732,13758.695383694829,14072.9794921875,1233000,0.0,0.0
2010-03-23 00:00:00+09:00,14492.025556556757,16692.01953125,14177.740132123572,16692.01953125,2781500,0.0,0.0
2010-03-24 00:00:00+09:00,17809.477189985413,18333.285342632043,16080.91001982893,16692.01953125,4028000,0.0,0.0
2010-03-25 00:00:00+09:00,16761.861895161288,16953.924629620728,15452.341434601814,16238.0537109375,1463000,0.0,0.0
2010-03-26 00:00:00+09:00,15993.608989403661,16692.01987393756,14701.54858659334,15452.3408203125,945000,0.0,0.0
2010-03-29 00:00:00+09:00,15312.659661135553,16342.81608656032,14806.312784265729,15365.041015625,683000,0.0,0.0
2010-03-30 00:00:00+09:00,15731.706781548684,16063.452257639978,15225.358563526523,15923.76953125,817500,0.0,0.0
2010-03-31 00:00:00+09:00,16238.05278384453,16587.25822005624,15417.42054159222,15661.86328125,963500,0.0,0.0
2010-04-01 00:00:00+09:00,15417.422828600227,15644.405596540464,14841.233240534199,14998.3759765625,671000,0.0,0.0
2010-04-02 00:00:00+09:00,15120.596914862876,15522.183746980165,14404.72595214844,15365.041015625,663500,0.0,0.0
2010-04-05 00:00:00+09:00,16587.25537077108,17984.076875678118,16499.95402671439,17128.5234375,4892500,0.0,0.0
2010-04-06 00:00:00+09:00,17338.049639345307,17599.953704398176,16272.972042439924,16482.49609375,1616500,0.0,0.0
2010-04-07 00:00:00+09:00,16412.658108677893,17198.37046494439,15923.769887489005,16447.578125,1064000,0.0,0.0
2010-04-08 00:00:00+09:00,16185.672202283002,19066.6171875,16185.672202283002,19066.6171875,6013000,0.0,0.0
2010-04-09 00:00:00+09:00,19590.42286511484,19939.62827327812,18420.585280613017,18542.806640625,2971500,0.0,0.0
2010-04-12 00:00:00+09:00,20288.835228024356,21511.05424976349,19782.48841327999,20079.3125,4161000,0.0,0.0
2010-04-13 00:00:00+09:00,20428.5162818031,20498.35762953099,18944.393304065266,19730.10546875,1626500,0.0,0.0
2010-04-14 00:00:00+09:00,20079.310116376415,21825.337083017843,19922.167422956114,20585.658203125,3140000,0.0,0.0
2010-04-15 00:00:00+09:00,20690.419328151675,20725.339334257,19992.008549142334,20201.53125,1271500,0.0,0.0
2010-04-16 00:00:00+09:00,19852.333067214935,20026.93582535091,19206.30339495716,19415.826171875,867000,0.0,0.0
2010-04-19 00:00:00+09:00,18368.20679208473,20306.29817437906,18088.842688546443,19101.5390625,1405000,0.0,0.0
2010-04-20 00:00:00+09:00,19904.709099264706,20236.45451734171,17547.57249540441,17809.4765625,1689500,0.0,0.0
2010-04-21 00:00:00+09:00,18333.283922634153,20044.390954925173,18333.283922634153,19695.185546875,1409000,0.0,0.0
2010-04-22 00:00:00+09:00,19171.380855361294,20218.99726642774,19049.158141468983,20044.39453125,1359500,0.0,0.0
2010-04-23 00:00:00+09:00,20480.902275496966,21336.454650036518,19782.49130388054,20934.869140625,3200000,0.0,0.0
2010-04-26 00:00:00+09:00,21371.37580920025,21685.65994438494,20428.520739419775,20672.96484375,1828500,0.0,0.0
2010-04-27 00:00:00+09:00,20498.361179674674,20865.026653608344,20096.77435977252,20655.50390625,598500,0.0,0.0
2010-04-28 00:00:00+09:00,20114.232421875,20655.50190909,19922.169700014685,20114.232421875,566000,0.0,0.0
2010-04-30 00:00:00+09:00,20411.057929466082,20463.437945415662,19904.709782608694,20079.3125,458000,0.0,0.0
2010-05-06 00:00:00+09:00,19380.903604729323,21004.70957472758,19258.682222950163,20044.39453125,620000,0.0,0.0
2010-05-07 00:00:00+09:00,17984.085916529293,18857.099795972463,17844.403162973,18699.95703125,584000,0.0,0.0
2010-05-10 00:00:00+09:00,19171.380538929054,20899.946522967417,18822.175074337363,20271.376953125,940000,0.0,0.0
2010-05-11 00:00:00+09:00,20690.41986401654,21161.846619212276,19520.582311723207,19660.263671875,637000,0.0,0.0
2010-05-12 00:00:00+09:00,20079.314603537274,20952.328281951937,19730.10913217141,19922.171875,887500,0.0,0.0
2010-05-13 00:00:00+09:00,20777.72342304574,21528.515642606046,19031.696244638533,19049.15625,3134500,0.0,0.0
2010-05-14 00:00:00+09:00,18857.091711388883,19799.946563380905,18368.203615655864,18892.01171875,1051500,0.0,0.0
2010-05-17 00:00:00+09:00,18612.648117054807,18752.3308141287,16203.131583377084,16412.654296875,1301000,0.0,0.0
2010-05-18 00:00:00+09:00,16936.46207205211,17023.763422938977,14893.610994144592,15138.0537109375,1368000,0.0,0.0
2010-05-19 00:00:00+09:00,14876.151708445752,16447.57624097649,14387.264875370705,15976.1494140625,797500,0.0,0.0
2010-05-20 00:00:00+09:00,15277.737838057295,16325.354146952654,15190.436478982683,15207.896484375,612000,0.0,0.0
2010-05-21 00:00:00+09:00,14160.280918865408,14614.247743463122,14090.439561516585,14492.0263671875,779500,0.0,0.0
2010-05-24 00:00:00+09:00,14841.230409564394,15068.214466320565,14020.59820211602,14404.7236328125,231500,0.0,0.0
2010-05-25 00:00:00+09:00,14317.4232156873,14317.4232156873,12431.713283702777,12623.77734375,633000,0.0,0.0
2010-05-26 00:00:00+09:00,13025.364304676352,13496.792507992095,11838.066456712733,13007.904296875,823500,0.0,0.0
2010-05-27 00:00:00+09:00,13269.806859184117,15417.420870555188,13007.902776437062,14876.1513671875,1450500,0.0,0.0
2010-05-28 00:00:00+09:00,15399.960438720882,15626.944523301234,14666.62949672965,15015.8349609375,1078500,0.0,0.0
2010-05-31 00:00:00+09:00,15120.59499289387,16115.831276897288,15120.59499289387,15819.005859375,890000,0.0,0.0
2010-06-01 00:00:00+09:00,15836.4665868752,15923.767949166933,15155.517026690137,15574.5625,670500,0.0,0.0
2010-06-02 00:00:00+09:00,15365.041355194046,15976.150954548355,14928.534498512397,15469.802734375,671000,0.0,0.0
2010-06-03 00:00:00+09:00,16220.592864319296,16238.052869799702,15766.62606126363,16080.91015625,473500,0.0,0.0
2010-06-04 00:00:00+09:00,16080.910415186681,16744.401291029895,15923.767699106651,16325.3544921875,696000,0.0,0.0
2010-06-07 00:00:00+09:00,15539.641505492767,15626.942862265198,15103.134721630611,15120.5947265625,530000,0.0,0.0
2010-06-08 00:00:00+09:00,14841.231296345339,15976.148983712923,14701.54858659334,15452.3408203125,391500,0.0,0.0
2010-06-09 00:00:00+09:00,15679.325315617212,15679.325315617212,14684.088978912834,15085.67578125,237500,0.0,0.0
2010-06-10 00:00:00+09:00,15260.27697901373,15277.736983429344,14666.627504092172,15050.7529296875,198000,0.0,0.0
2010-06-11 00:00:00+09:00,15539.641505492767,15609.48285733331,14911.07200315386,15120.5947265625,294000,0.0,0.0
2010-06-14 00:00:00+09:00,15347.58061798513,15452.341992187501,15120.596530452372,15277.7392578125,256500,0.0,0.0
2010-06-15 00:00:00+09:00,15452.339282610623,15452.339282610623,15068.213867187502,15068.2138671875,143000,0.0,0.0
2010-06-16 00:00:00+09:00,15469.79969622701,15504.721037171188,14893.611557834016,15050.7529296875,301000,0.0,0.0
2010-06-17 00:00:00+09:00,15050.754467737059,15103.135818449748,14492.026276662764,14526.9462890625,261500,0.0,0.0
2010-06-18 00:00:00+09:00,14422.184389568807,14788.849834739201,13985.677590053328,14596.787109375,206000,0.0,0.0
2010-06-21 00:00:00+09:00,14492.027661828011,15050.755906306216,14439.64630610865,15033.2958984375,134000,0.0,0.0
2010-06-22 00:00:00+09:00,14841.22997734241,15138.054044044085,14579.32591891872,14788.8486328125,179000,0.0,0.0
2010-06-23 00:00:00+09:00,14404.727662355295,14579.330421898996,14160.283532571448,14265.044921875,96000,0.0,0.0
2010-06-24 00:00:00+09:00,14299.962359809719,14596.786436961575,14038.058292165266,14369.8037109375,80000,0.0,0.0
2010-06-25 00:00:00+09:00,14142.820267924399,14317.422987281489,13968.217548567307,14160.2802734375,178500,0.0,0.0
2010-06-28 00:00:00+09:00,14125.360236528684,14142.820242009795,12571.395770675372,12815.83984375,397500,0.0,0.0
2010-06-29 00:00:00+09:00,12292.032384478176,13252.347393701266,12134.889662000867,12571.396484375,380000,0.0,0.0
2010-06-30 00:00:00+09:00,11872.985568576389,12711.079200379963,11872.985568576389,12571.396484375,206000,0.0,0.0
2010-07-01 00:00:00+09:00,12309.491737061038,12693.6171875,12222.190377223727,12693.6171875,20000,0.0,0.0
2010-07-02 00:00:00+09:00,11785.683762141753,12309.491929348053,11715.8424067583,12065.0478515625,189000,0.0,0.0
2010-07-05 00:00:00+09:00,12222.189757786638,13741.232809123507,12222.189757786638,13374.5673828125,521000,0.0,0.0
2010-07-06 00:00:00+09:00,13601.55327423513,13880.9173828125,13269.807812500001,13531.7119140625,277000,0.0,0.0
2010-07-07 00:00:00+09:00,13758.694647843891,13758.694647843891,12745.99835526528,13426.94921875,160000,0.0,0.0
2010-07-08 00:00:00+09:00,13758.696001595259,13793.616015625,13112.665085139872,13531.7119140625,140500,0.0,0.0
2010-07-09 00:00:00+09:00,13287.267228920926,13444.409949296358,13112.664502306687,13182.505859375,59000,0.0,0.0
2010-07-12 00:00:00+09:00,13112.663414105491,14544.406452791789,13112.663414105491,13793.6142578125,213500,0.0,0.0
2010-07-13 00:00:00+09:00,14317.424899158088,16115.833681531767,14142.822156485428,15469.802734375,2076000,0.0,0.0
2010-07-14 00:00:00+09:00,15888.851352809781,16325.358258106753,14928.536161156442,15330.123046875,1241000,0.0,0.0
2010-07-15 00:00:00+09:00,15033.2940972928,15207.896819287173,14282.503191984833,14422.1845703125,541000,0.0,0.0
2010-07-16 00:00:00+09:00,14684.086493805557,14736.467835545687,13706.31166085503,14125.3583984375,318000,0.0,0.0
2010-07-21 00:00:00+09:00,13880.914874335369,13915.83488205457,13479.328125,13479.328125,135000,0.0,0.0
2010-07-22 00:00:00+09:00,13426.951284121767,13426.951284121767,12396.794827784626,12431.71484375,283000,0.0,0.0
2010-07-23 00:00:00+09:00,12885.681550581714,13025.362930367928,12693.617488691936,12920.6015625,139500,0.0,0.0
2010-07-26 00:00:00+09:00,13095.204514723559,13619.0126953125,13025.363157555748,13619.0126953125,85500,0.0,0.0
2010-07-27 00:00:00+09:00,13793.61649018509,14666.630192095537,13793.61649018509,14352.3447265625,324000,0.0,0.0
2010-07-28 00:00:00+09:00,14474.567097722786,14649.169833926648,13968.218896308954,14247.5830078125,228000,0.0,0.0
2010-07-29 00:00:00+09:00,14247.582193525353,14806.311716712733,14055.519461100632,14526.9462890625,247000,0.0,0.0
2010-07-30 00:00:00+09:00,14526.946874442838,14526.946874442838,14090.440041291153,14439.6455078125,159000,0.0,0.0
2010-08-02 00:00:00+09:00,14963.451009163766,15696.783155881185,14614.245605616301,15138.0537109375,830500,0.0,0.0
2010-08-03 00:00:00+09:00,15120.595552539637,15452.340992819389,14142.8205696991,14387.2646484375,413500,0.0,0.0
2010-08-04 00:00:00+09:00,14387.265380234354,14579.328118971835,13793.61582513503,14142.8212890625,249000,0.0,0.0
2010-08-05 00:00:00+09:00,14177.738408064773,14492.023794279841,13863.454353962563,14125.3583984375,226000,0.0,0.0
2010-08-06 00:00:00+09:00,14125.363087297048,14614.249999999998,13863.458955884049,14614.25,149000,0.0,0.0
2010-08-09 00:00:00+09:00,14771.390658691707,14771.390658691707,14020.599720631068,14317.423828125,203000,0.0,0.0
2010-08-10 00:00:00+09:00,14544.40513601997,14544.40513601997,13968.215705329967,14125.3583984375,162500,0.0,0.0
2010-08-11 00:00:00+09:00,14055.520600758224,14596.788829520063,13880.917860376134,14352.3447265625,387000,0.0,0.0
2010-08-12 00:00:00+09:00,12780.918276578288,13025.362345366912,11803.143333536796,11995.2060546875,1216500,0.0,0.0
2010-08-13 00:00:00+09:00,11995.205502751627,12065.046852350908,11366.63602058399,11611.080078125,469000,0.0,0.0
2010-08-16 00:00:00+09:00,11349.18103722053,11349.18103722053,10546.008491778399,10738.0712890625,593000,0.0,0.0
2010-08-17 00:00:00+09:00,10912.671747500872,11244.417235047547,10511.085560404164,10633.3076171875,340000,0.0,0.0
2010-08-18 00:00:00+09:00,11087.272599283853,11087.272599283853,10336.481044669636,10476.1630859375,281000,0.0,0.0
2010-08-19 00:00:00+09:00,10476.163547530095,11157.114444542169,10161.8787743155,10982.51171875,627000,0.0,0.0
2010-08-20 00:00:00+09:00,10493.62509556918,10877.7512819649,10441.24440334627,10458.705078125,404500,0.0,0.0
2010-08-23 00:00:00+09:00,10284.098633486621,11296.793428938323,10231.717294018084,11122.19140625,324000,0.0,0.0
2010-08-24 00:00:00+09:00,10947.59074222362,11506.319582752936,10476.163262212742,10528.5439453125,788000,0.0,0.0
2010-08-25 00:00:00+09:00,10301.561874359055,11087.274220708474,10266.641192421092,10615.8466796875,298000,0.0,0.0
2010-08-26 00:00:00+09:00,10650.765846467288,10965.050607086167,10580.924492526863,10685.6865234375,126000,0.0,0.0
2010-08-27 00:00:00+09:00,10738.065388123783,10860.287403801512,10563.462698885998,10755.525390625,146500,0.0,0.0
2010-08-30 00:00:00+09:00,10912.670504662297,11157.114590389354,10825.369140625,10825.369140625,210000,0.0,0.0
2010-08-31 00:00:00+09:00,10493.624268468786,10598.386310713966,10284.101516091596,10301.5615234375,231000,0.0,0.0
2010-09-01 00:00:00+09:00,10057.120629997487,10196.803397515429,9812.677118954685,9899.978515625,319500,0.0,0.0
2010-09-02 00:00:00+09:00,9865.052970096982,10284.099734364398,9498.387550905347,10126.95703125,386500,0.0,0.0
2010-09-03 00:00:00+09:00,9952.35546875,10388.862287554824,9899.97478370473,9952.35546875,193000,0.0,0.0
2010-09-06 00:00:00+09:00,10126.95913072585,10615.8466796875,10126.95913072585,10615.8466796875,222500,0.0,0.0
2010-09-07 00:00:00+09:00,10528.54494921718,10563.465629965573,10301.5615234375,10301.5615234375,149500,0.0,0.0
2010-09-08 00:00:00+09:00,9987.276585378137,10109.49863321387,9952.355905131273,10022.197265625,135500,0.0,0.0
2010-09-09 00:00:00+09:00,10057.116642059194,10353.94140625,10039.65663607125,10353.94140625,165000,0.0,0.0
2010-09-10 00:00:00+09:00,10388.862845557684,10598.386263049155,10231.720115924934,10319.021484375,188500,0.0,0.0
2010-09-13 00:00:00+09:00,10528.542578842436,10738.065950104545,10196.7978515625,10196.7978515625,164500,0.0,0.0
2010-09-14 00:00:00+09:00,10284.100979462732,10423.78302911105,9987.276207674713,10371.40234375,131000,0.0,0.0
2010-09-16 00:00:00+09:00,10301.56349764977,10511.08695623704,10057.119351621835,10092.0400390625,99500,0.0,0.0
2010-09-17 00:00:00+09:00,10161.878240543905,10161.878240543905,10022.196200458538,10057.1162109375,29500,0.0,0.0
2010-09-21 00:00:00+09:00,10109.496248681611,10126.956251658456,9690.449516673176,9934.8935546875,120500,0.0,0.0
2010-09-22 00:00:00+09:00,9760.29296875,9865.054341350567,9690.451609645248,9760.29296875,101500,0.0,0.0
2010-09-24 00:00:00+09:00,9777.753125000001,9882.51449920237,9498.38901642263,9603.150390625,71000,0.0,0.0
2010-09-27 00:00:00+09:00,9603.1487244902,9620.60872847578,9253.943316326919,9271.4033203125,93500,0.0,0.0
2010-09-28 00:00:00+09:00,9271.404504184819,9690.451313911726,9271.404504184819,9533.30859375,67000,0.0,0.0
2010-09-29 00:00:00+09:00,9585.690337700005,9620.6103515625,9393.626931173438,9620.6103515625,36000,0.0,0.0
2010-09-30 00:00:00+09:00,9393.62544806375,9498.387471280623,9253.943416497721,9463.466796875,84500,0.0,0.0
2010-10-01 00:00:00+09:00,9393.626751550037,9393.626751550037,9096.801976998682,9131.72265625,145500,0.0,0.0
2010-10-04 00:00:00+09:00,9079.340696876665,9411.086104146667,9079.340696876665,9236.4833984375,118000,0.0,0.0
2010-10-05 00:00:00+09:00,9131.72088680108,9655.52897590313,9114.260883586918,9184.1015625,170000,0.0,0.0
2010-10-06 00:00:00+09:00,9515.847829658294,9515.847829658294,9288.864436657559,9341.2451171875,83000,0.0,0.0
2010-10-07 00:00:00+09:00,9253.943196614582,9428.5458984375,9253.943196614582,9428.5458984375,54500,0.0,0.0
2010-10-08 00:00:00+09:00,9428.548389840753,11139.655186637565,9428.548389840753,10633.3076171875,1643000,0.0,0.0
2010-10-12 00:00:00+09:00,11331.716716188621,11646.000810750988,10668.225851924137,10685.6865234375,929500,0.0,0.0
2010-10-13 00:00:00+09:00,10650.76637883772,10650.76637883772,9952.35546875,9952.35546875,273500,0.0,0.0
2010-10-14 00:00:00+09:00,9847.593260707079,9934.894617039388,9446.006488733263,9795.2119140625,215500,0.0,0.0
2010-10-15 00:00:00+09:00,9515.84720621013,9550.767879627694,9341.24450517875,9446.005859375,96000,0.0,0.0
2010-10-18 00:00:00+09:00,9463.466572013373,9463.466572013373,9219.02252303871,9428.5458984375,107500,0.0,0.0
2010-10-19 00:00:00+09:00,9306.323831761187,9760.291254076637,9288.863828080626,9446.005859375,105500,0.0,0.0
2010-10-20 00:00:00+09:00,9341.247117939149,9480.92918462224,9253.945743005139,9323.787109375,104500,0.0,0.0
2010-10-21 00:00:00+09:00,9341.245073382395,9428.546429208398,9219.023042014693,9358.705078125,83000,0.0,0.0
2010-10-22 00:00:00+09:00,9096.800701024995,9341.244755440415,9044.420022523538,9236.4833984375,125000,0.0,0.0
2010-10-25 00:00:00+09:00,9184.103561702372,9236.48491486013,8782.517405851186,9166.6435546875,62500,0.0,0.0
2010-10-26 00:00:00+09:00,8834.896169765301,9498.386948806372,8834.896169765301,9184.1015625,140500,0.0,0.0
2010-10-27 00:00:00+09:00,9341.245950215116,9498.388671875,9149.183215792193,9498.388671875,88000,0.0,0.0
2010-10-28 00:00:00+09:00,9323.78686587759,10371.40333772646,9323.78686587759,9725.373046875,401500,0.0,0.0
2010-10-29 00:00:00+09:00,9707.911589719077,9707.911589719077,9428.547486180789,9550.76953125,95500,0.0,0.0
2010-11-01 00:00:00+09:00,9428.549227974076,9428.549227974076,9096.8037109375,9096.8037109375,155000,0.0,0.0
2010-11-02 00:00:00+09:00,8974.581392474329,9131.723463919085,8957.120718276055,9079.3427734375,106500,0.0,0.0
2010-11-04 00:00:00+09:00,9166.6435546875,9219.024241788686,9131.722874601186,9166.6435546875,56500,0.0,0.0
2010-11-05 00:00:00+09:00,9341.245073382395,9393.6257536667,9253.94371755639,9358.705078125,60500,0.0,0.0
2010-11-08 00:00:00+09:00,9288.865434411644,9568.229537949932,9288.865434411644,9550.76953125,98500,0.0,0.0
2010-11-09 00:00:00+09:00,9603.150224977104,10179.339105264418,9515.848859295495,9987.2763671875,344500,0.0,0.0
2010-11-10 00:00:00+09:00,10179.337182091069,10406.32055676817,10092.035832903228,10196.7978515625,220500,0.0,0.0
2010-11-11 00:00:00+09:00,11942.8251953125,11942.8251953125,11942.8251953125,11942.8251953125,82500,0.0,0.0
2010-11-12 00:00:00+09:00,12728.539899607167,13479.330875684851,12449.175784505864,12780.919921875,2068000,0.0,0.0
2010-11-15 00:00:00+09:00,12571.396153853831,12745.998878212911,11855.525250404213,12012.66796875,522000,0.0,0.0
2010-11-16 00:00:00+09:00,11820.6026688064,12309.490778677042,11698.381307395204,11768.22265625,293000,0.0,0.0
2010-11-17 00:00:00+09:00,11506.320870523286,12414.254588684435,11471.399523139738,12292.033203125,725000,0.0,0.0
2010-11-18 00:00:00+09:00,12711.080493422449,12711.080493422449,12065.049531322973,12361.875,223500,0.0,0.0
2010-11-19 00:00:00+09:00,12326.953471264911,12431.714851338194,11960.287974951807,12099.970703125,225500,0.0,0.0
2010-11-22 00:00:00+09:00,12134.888635367566,13007.902206257319,11977.745926184813,12711.078125,608500,0.0,0.0
2010-11-24 00:00:00+09:00,12222.191868964786,13042.82421875,12012.669112627811,13042.82421875,326000,0.0,0.0
2010-11-25 00:00:00+09:00,13426.947226601167,13619.009920597284,12833.297809793594,12850.7578125,403500,0.0,0.0
2010-11-26 00:00:00+09:00,12780.920943523526,12780.920943523526,12169.81131009059,12344.4140625,319000,0.0,0.0
2010-11-29 00:00:00+09:00,12396.793695138376,12536.476410464047,12012.668226162426,12152.349609375,220500,0.0,0.0
2010-11-30 00:00:00+09:00,12222.190950673745,12222.190950673745,11715.8427734375,11715.8427734375,212500,0.0,0.0
2010-12-01 00:00:00+09:00,11628.541512305812,12222.19105872358,11593.62149926899,12117.4296875,135000,0.0,0.0
2010-12-02 00:00:00+09:00,12326.951391625962,12344.411396673686,12012.667304427932,12134.888671875,194500,0.0,0.0
2010-12-03 00:00:00+09:00,12152.350477817195,12501.555958973513,12152.350477817195,12292.033203125,146500,0.0,0.0
2010-12-06 00:00:00+09:00,12658.69747677365,13007.902924408785,12396.793391047298,12920.6015625,455500,0.0,0.0
2010-12-07 00:00:00+09:00,13060.28414910632,13060.28414910632,12553.935988470377,12623.77734375,229000,0.0,0.0
2010-12-08 00:00:00+09:00,12745.998705589142,14596.787292306872,12571.395983594768,14422.1845703125,2019000,0.0,0.0
2010-12-09 00:00:00+09:00,14666.6296875,15347.58061798513,14177.741498404743,15277.7392578125,1872000,0.0,0.0
2010-12-10 00:00:00+09:00,14771.390014301243,14980.91407996232,14334.883209315314,14422.1845703125,569500,0.0,0.0
2010-12-13 00:00:00+09:00,14160.281918610146,14736.47149227673,14142.821911068502,14474.5673828125,592000,0.0,0.0
2010-12-14 00:00:00+09:00,14544.407402419878,15941.229190614324,14544.407402419878,15714.2451171875,1604000,0.0,0.0
2010-12-15 00:00:00+09:00,15539.643754438921,16307.896071642808,15103.136907404121,15365.041015625,1261000,0.0,0.0
2010-12-16 00:00:00+09:00,15592.023743565713,16028.530552376476,15277.738308376736,15714.2451171875,593000,0.0,0.0
2010-12-17 00:00:00+09:00,15731.70658247531,15906.309322196706,15574.563850303413,15766.6279296875,441500,0.0,0.0
2010-12-20 00:00:00+09:00,15766.626537570002,16674.560171109813,15696.785181425463,16133.2919921875,915500,0.0,0.0
2010-12-21 00:00:00+09:00,16255.515592840178,16377.738315861985,15923.77010479992,15941.2314453125,486500,0.0,0.0
2010-12-22 00:00:00+09:00,15801.548233679941,16028.532332312892,14963.454534849421,15033.2958984375,700000,0.0,0.0
2010-12-24 00:00:00+09:00,15033.294190998284,15242.818257965368,14334.883298667464,14387.2646484375,693500,0.0,0.0
2010-12-27 00:00:00+09:00,14422.187671886999,14561.870412367294,14142.823523039746,14265.044921875,394000,0.0,0.0
2010-12-28 00:00:00+09:00,14474.565782655765,14911.072583507188,14299.963062315197,14579.3271484375,392000,0.0,0.0
2010-12-29 00:00:00+09:00,14404.724564535672,14649.168641750404,14352.34321509214,14422.1845703125,170000,0.0,0.0
2010-12-30 00:00:00+09:00,14317.423203538487,14457.105913979205,14142.820481544115,14422.1845703125,159500,0.0,0.0
2011-01-04 00:00:00+09:00,14719.00870245501,14963.451426058302,14666.627357618343,14753.9287109375,266500,0.0,0.0
2011-01-05 00:00:00+09:00,14841.231445312502,15050.754179930513,14649.16871656048,14841.2314453125,170000,0.0,0.0
2011-01-06 00:00:00+09:00,15050.755906306216,15365.041376395964,14858.69315552391,15033.2958984375,323000,0.0,0.0
2011-01-07 00:00:00+09:00,15207.895399097615,15225.355403243939,14806.309975280452,14893.611328125,240000,0.0,0.0
2011-01-11 00:00:00+09:00,14945.994659307762,15365.041512433128,14893.614635237856,15312.66015625,212500,0.0,0.0
2011-01-12 00:00:00+09:00,15504.72149562899,15592.022852401422,15085.674716698722,15120.5947265625,248500,0.0,0.0
2011-01-13 00:00:00+09:00,15190.438193622822,15260.27955518855,14666.629980049622,14963.4541015625,223500,0.0,0.0
2011-01-14 00:00:00+09:00,15015.8349609375,15277.739059093386,14806.312215258042,15015.8349609375,263000,0.0,0.0
2011-01-17 00:00:00+09:00,15172.977141636075,16150.75213989925,15172.977141636075,15976.1494140625,669500,0.0,0.0
2011-01-18 00:00:00+09:00,15976.149202473958,15976.149202473958,15539.642393663195,15714.2451171875,365000,0.0,0.0
2011-01-19 00:00:00+09:00,15888.8447265625,15923.764731577956,15434.87800079756,15888.8447265625,318500,0.0,0.0
2011-01-20 00:00:00+09:00,15801.545992504974,15801.545992504974,15155.516468198046,15207.896484375,305000,0.0,0.0
2011-01-21 00:00:00+09:00,14928.533477091765,15138.05622111798,13968.218458097559,14282.50390625,582500,0.0,0.0
2011-01-24 00:00:00+09:00,14230.123280889911,14526.947405437433,14142.821911068502,14474.5673828125,173000,0.0,0.0
2011-01-25 00:00:00+09:00,14492.026908184673,14911.073735807822,14422.185548228625,14858.6923828125,304000,0.0,0.0
2011-01-26 00:00:00+09:00,14858.6923828125,14858.6923828125,14858.6923828125,14858.6923828125,0,0.0,0.0
2011-01-27 00:00:00+09:00,14753.92920030093,15033.293273765688,14753.92920030093,14806.310546875,76000,0.0,0.0
2011-01-28 00:00:00+09:00,14771.388471530623,15155.515219066658,14544.405755912565,15068.2138671875,213500,0.0,0.0
2011-01-31 00:00:00+09:00,14841.229534868444,14998.372231660216,14666.626834458226,14823.76953125,127500,0.0,0.0
2011-02-01 00:00:00+09:00,14649.168569521125,15574.562192260713,14649.168569521125,15452.3408203125,302500,0.0,0.0
2011-02-02 00:00:00+09:00,15696.784490586007,16063.449929065999,15539.64177920515,15819.005859375,433000,0.0,0.0
2011-02-03 00:00:00+09:00,15784.086614524236,15836.466632783277,15382.49981397288,15557.1025390625,208500,0.0,0.0
2011-02-04 00:00:00+09:00,15661.865760956998,15801.548490402534,15469.80300705431,15696.787109375,160500,0.0,0.0
2011-02-07 00:00:00+09:00,15819.006332424315,16534.877225552173,15801.546326662767,16325.3544921875,606000,0.0,0.0
2011-02-08 00:00:00+09:00,16674.56057602612,18019.001052975655,16430.11648964081,17547.57421875,1951000,0.0,0.0
2011-02-09 00:00:00+09:00,17931.701949448012,18158.68605801855,17198.370929950263,17355.513671875,1060000,0.0,0.0
2011-02-10 00:00:00+09:00,16063.449836818598,16220.592547297032,15347.578969209064,15504.7216796875,1382000,0.0,0.0
2011-02-14 00:00:00+09:00,15714.243159635978,15853.925853900124,15050.752360050634,15138.0537109375,727000,0.0,0.0
2011-02-15 00:00:00+09:00,14841.22981945653,15190.435226973153,14352.34171608809,15068.2138671875,955000,0.0,0.0
2011-02-16 00:00:00+09:00,14876.151741512205,14980.914442937585,14526.9462890625,14526.9462890625,409500,0.0,0.0
2011-02-17 00:00:00+09:00,14457.107436482307,14719.011547055441,14230.123341140314,14352.3447265625,400500,0.0,0.0
2011-02-18 00:00:00+09:00,14561.867267158865,15050.75408901887,14561.867267158865,14876.1513671875,480000,0.0,0.0
2011-02-21 00:00:00+09:00,15172.978149931056,16395.197312008833,14928.534051092865,16377.7373046875,1304500,0.0,0.0
2011-02-22 00:00:00+09:00,16115.8293132446,16395.193359375,15941.226617898994,16395.193359375,957500,0.0,0.0
2011-02-23 00:00:00+09:00,16482.500909866427,18193.607168922026,16133.295387759566,16919.0078125,3110000,0.0,0.0
2011-02-24 00:00:00+09:00,16499.956383985227,16761.860453572295,15103.13467952087,15242.8173828125,1230500,0.0,0.0
2011-02-25 00:00:00+09:00,15277.739059093386,15399.960438720882,14317.424032521802,15015.8349609375,1307000,0.0,0.0
2011-02-28 00:00:00+09:00,15103.136907404121,15417.42237011445,15015.83553799716,15365.041015625,254000,0.0,0.0
2011-03-01 00:00:00+09:00,15592.024179241715,16150.752377286382,15417.42145083862,15784.0869140625,339000,0.0,0.0
2011-03-02 00:00:00+09:00,15539.643754438921,15871.389224608007,15312.659661135553,15365.041015625,272000,0.0,0.0
2011-03-03 00:00:00+09:00,15277.739155589357,15609.484615104782,15225.35780278208,15417.421875,219500,0.0,0.0
2011-03-04 00:00:00+09:00,15714.243820319236,15766.625165898815,15242.81703855484,15487.259765625,145500,0.0,0.0
2011-03-07 00:00:00+09:00,15452.343484453095,15661.866253091895,15103.137981979578,15225.359375,186500,0.0,0.0
2011-03-08 00:00:00+09:00,15225.359375,15225.359375,15225.359375,15225.359375,0,0.0,0.0
2011-03-09 00:00:00+09:00,15068.215517909563,15068.215517909563,14614.24737271544,14841.2314453125,307500,0.0,0.0
2011-03-10 00:00:00+09:00,14544.407606343628,14544.407606343628,14055.519440775759,14090.439453125,381000,0.0,0.0
2011-03-11 00:00:00+09:00,13845.994910763024,14090.437629802645,13461.8681640625,13461.8681640625,346500,0.0,0.0
2011-03-14 00:00:00+09:00,13461.8681640625,13461.8681640625,13461.8681640625,13461.8681640625,0,0.0,0.0
2011-03-15 00:00:00+09:00,9096.8037109375,9096.8037109375,9096.8037109375,9096.8037109375,39000,0.0,0.0
2011-03-16 00:00:00+09:00,8572.99399138987,9952.355859375,8555.533984375,9166.6435546875,1774000,0.0,0.0
2011-03-17 00:00:00+09:00,8730.137416294643,10057.118037148779,8572.994676378688,9777.75390625,523000,0.0,0.0
2011-03-18 00:00:00+09:00,10476.163825455931,11052.352702644697,10196.79972319973,10668.2265625,1051000,0.0,0.0
2011-03-22 00:00:00+09:00,11872.985396844802,11925.366747617292,11349.177217572236,11855.525390625,499500,0.0,0.0
2011-03-23 00:00:00+09:00,11558.69885948981,12012.666970800587,11349.176140510192,11453.9375,219500,0.0,0.0
2011-03-24 00:00:00+09:00,11698.383386920314,11698.383386920314,10842.829708618434,10965.0517578125,383500,0.0,0.0
2011-03-25 00:00:00+09:00,11087.273065244332,11087.273065244332,10493.623532336193,10546.0048828125,257500,0.0,0.0
2011-03-28 00:00:00+09:00,10406.322852825064,10685.68763149922,10161.879420798832,10319.021484375,216000,0.0,0.0
2011-03-29 00:00:00+09:00,10074.57700765659,10772.987882834772,10074.57700765659,10685.6865234375,123000,0.0,0.0
2011-03-30 00:00:00+09:00,10720.60815704763,11226.956353157759,10720.60815704763,10912.6708984375,156500,0.0,0.0
2011-03-31 00:00:00+09:00,11087.273807006566,11209.495190144049,10790.449020694286,10965.0517578125,117000,0.0,0.0
2011-04-01 00:00:00+09:00,11401.556556223002,11838.06329524972,11069.811168140128,11436.4765625,645500,0.0,0.0
2011-04-04 00:00:00+09:00,11960.284574791884,11960.284574791884,11506.317835455928,11576.1591796875,148500,0.0,0.0
2011-04-05 00:00:00+09:00,11680.922191001933,11680.922191001933,10999.971319110577,11349.1767578125,144500,0.0,0.0
2011-04-06 00:00:00+09:00,10999.973040723426,11349.178534079723,10772.989603253154,11087.2744140625,90500,0.0,0.0
2011-04-07 00:00:00+09:00,10912.668603430295,11087.271301085178,10912.668603430295,11034.890625,40000,0.0,0.0
2011-04-08 00:00:00+09:00,10825.369390846696,11506.3203125,10807.909384058277,11506.3203125,64000,0.0,0.0
2011-04-11 00:00:00+09:00,11523.781589673914,12169.811236855776,11453.940222707779,12047.58984375,244500,0.0,0.0
2011-04-12 00:00:00+09:00,11872.98803219581,11872.98803219581,11296.798374258602,11331.7197265625,205000,0.0,0.0
2011-04-13 00:00:00+09:00,11174.575098981963,11646.001953125,11017.432370229897,11646.001953125,84500,0.0,0.0
2011-04-14 00:00:00+09:00,11698.383996212122,11872.986742424242,11384.098520185009,11523.78125,196500,0.0,0.0
2011-04-15 00:00:00+09:00,11715.844396273404,12047.589891595055,11471.400276977804,12030.1298828125,174000,0.0,0.0
2011-04-18 00:00:00+09:00,12047.587845744902,12379.333284731503,12047.587845744902,12065.0478515625,237500,0.0,0.0
2011-04-19 00:00:00+09:00,11907.906823655627,12047.589554231141,11750.765416899729,11925.3681640625,96000,0.0,0.0
2011-04-20 00:00:00+09:00,11960.286382004311,12728.538620409678,11960.286382004311,12658.697265625,411500,0.0,0.0
2011-04-21 00:00:00+09:00,12745.997859281697,12798.379205247218,12239.64973269586,12466.6337890625,400000,0.0,0.0
2011-04-22 00:00:00+09:00,12396.79409395605,12396.79409395605,11977.747266610964,12239.6513671875,214000,0.0,0.0
2011-04-25 00:00:00+09:00,12431.711966233228,12501.553314111306,11890.443851375712,11942.8251953125,197500,0.0,0.0
2011-04-26 00:00:00+09:00,11890.442486344864,12065.045169939098,11715.839802750628,11733.2998046875,169000,0.0,0.0
2011-04-27 00:00:00+09:00,11838.065482212096,12082.508235535093,11663.462754345328,11715.8427734375,201500,0.0,0.0
2011-04-28 00:00:00+09:00,11698.38029513889,11785.681640625,11541.237606841327,11785.681640625,135500,0.0,0.0
2011-05-02 00:00:00+09:00,11785.681640625,11785.681640625,11785.681640625,11785.681640625,0,0.0,0.0
2011-05-06 00:00:00+09:00,12030.1298828125,12030.1298828125,12030.1298828125,12030.1298828125,0,0.0,0.0
2011-05-09 00:00:00+09:00,12030.1298828125,12030.1298828125,12030.1298828125,12030.1298828125,0,0.0,0.0
2011-05-10 00:00:00+09:00,11768.223677575765,11960.286404510254,11646.000973444328,11750.763671875,171000,0.0,0.0
2011-05-11 00:00:00+09:00,12204.72955154947,12222.189555921053,11523.778724154135,11611.080078125,639500,0.0,0.0
2011-05-12 00:00:00+09:00,11698.383698473257,11715.843706227442,11366.638222690928,11401.5595703125,407000,0.0,0.0
2011-05-13 00:00:00+09:00,11401.55625502804,11558.697611236172,11174.572223885243,11192.0322265625,363500,0.0,0.0
2011-05-16 00:00:00+09:00,10999.971240234374,10999.971240234374,10476.1630859375,10476.1630859375,266000,0.0,0.0
2011-05-17 00:00:00+09:00,10528.546904800562,10772.991049386043,10528.546904800562,10720.6103515625,91000,0.0,0.0
2011-05-18 00:00:00+09:00,10772.989603253154,11087.2744140625,10720.608912461033,11087.2744140625,240500,0.0,0.0
2011-05-19 00:00:00+09:00,11192.03500701487,11209.495014029742,10738.0681640625,10912.6708984375,272500,0.0,0.0
2011-05-20 00:00:00+09:00,10965.050297251215,11244.4150390625,10650.765545512952,11244.4150390625,196000,0.0,0.0
2011-05-23 00:00:00+09:00,11017.434527914813,11052.355215149411,10685.6896643279,10720.6103515625,109000,0.0,0.0
2011-05-24 00:00:00+09:00,10633.3076171875,10668.227633934202,10563.466251580843,10633.3076171875,46500,0.0,0.0
2011-05-25 00:00:00+09:00,10650.767190728307,10825.369931559919,10476.164449896694,10563.4658203125,112500,0.0,0.0
2011-05-26 00:00:00+09:00,11611.08354720554,12047.590447476427,10930.132516360292,11226.9580078125,2661000,0.0,0.0
2011-05-27 00:00:00+09:00,11593.620831326452,11593.620831326452,11139.653361380042,11349.1767578125,523500,0.0,0.0
2011-05-30 00:00:00+09:00,11349.1767578125,11349.1767578125,11349.1767578125,11349.1767578125,0,0.0,0.0
2011-05-31 00:00:00+09:00,11349.1767578125,11349.1767578125,11349.1767578125,11349.1767578125,0,0.0,0.0
2011-06-01 00:00:00+09:00,11401.558985158874,11768.224457631477,11331.717625613344,11488.8603515625,267500,0.0,0.0
2011-06-02 00:00:00+09:00,11261.87504402599,11366.636405919911,11174.573687095555,11244.4150390625,135500,0.0,0.0
2011-06-03 00:00:00+09:00,11366.638096858185,11419.019451654063,10947.591920887318,11017.4326171875,162000,0.0,0.0
2011-06-06 00:00:00+09:00,11017.4326171875,11139.654668283558,10877.750558530544,11017.4326171875,93000,0.0,0.0
2011-06-07 00:00:00+09:00,10965.051356200047,11663.46294514905,10965.051356200047,11541.240234375,227500,0.0,0.0
2011-06-08 00:00:00+09:00,11541.241289003041,11576.162637606614,10912.67166738435,11087.2744140625,242500,0.0,0.0
2011-06-09 00:00:00+09:00,10947.591750523312,11069.813799717378,10860.290381964205,10965.0517578125,190500,0.0,0.0
2011-06-10 00:00:00+09:00,11104.732870732669,11174.574226068205,10930.130148450353,10947.5908203125,125500,0.0,0.0
2011-06-13 00:00:00+09:00,10947.58871750528,11296.793428938323,10825.366702172696,11122.19140625,129000,0.0,0.0
2011-06-14 00:00:00+09:00,11331.71657492691,11331.71657492691,10982.51114169103,11069.8125,105000,0.0,0.0
2011-06-15 00:00:00+09:00,11034.89372327038,11157.115779156407,10982.513032478259,11087.2744140625,73000,0.0,0.0
2011-06-16 00:00:00+09:00,10860.289459171343,11157.114220262585,10860.289459171343,10947.5908203125,91500,0.0,0.0
2011-06-17 00:00:00+09:00,10912.671069888353,11052.353126371607,10895.211062599165,10965.0517578125,82500,0.0,0.0
2011-06-20 00:00:00+09:00,10999.971868699597,11034.892547525826,10825.369140625,10825.369140625,73000,0.0,0.0
2011-06-21 00:00:00+09:00,10842.829923309504,10999.97265625,10738.068545386905,10999.97265625,81500,0.0,0.0
2011-06-22 00:00:00+09:00,11139.651635823191,11209.49231311119,10965.048943518575,11157.1123046875,89500,0.0,0.0
2011-06-23 00:00:00+09:00,11157.112830238086,11558.6982421875,11017.430136969575,11558.6982421875,209500,0.0,0.0
2011-06-24 00:00:00+09:00,11872.982986111112,11960.284331597222,11593.61894697812,11785.681640625,455500,0.0,0.0
2011-06-27 00:00:00+09:00,11698.38053300812,11785.681880269374,11523.77783848561,11576.1591796875,90000,0.0,0.0
2011-06-28 00:00:00+09:00,-4133.894081959722,-4196.910761504167,-4096.084170388877,-4102.3857421875,225500,500.0,0.0
2011-06-29 00:00:00+09:00,-4178.004770407215,-4222.116240307801,-4114.988110104114,-4190.60791015625,108000,0.0,0.0
2011-06-30 00:00:00+09:00,-4203.210963478859,-4360.752610997242,-4203.210963478859,-4285.1328125,329500,0.0,0.0
2011-07-01 00:00:00+09:00,-4329.24439512836,-4348.149585638374,-4228.417834225872,-4272.52978515625,190000,0.0,0.0
2011-07-04 00:00:00+09:00,-4304.038002513787,-4329.244281493566,-4228.417723237591,-4285.1328125,105500,0.0,0.0
2011-07-05 00:00:00+09:00,-4379.65771484375,-4493.087891136893,-4310.33948745525,-4379.65771484375,455500,0.0,0.0
2011-07-06 00:00:00+09:00,-4442.6755272117825,-4839.680766635952,-4404.865618880687,-4663.23388671875,1487000,0.0,0.0
2011-07-07 00:00:00+09:00,-4663.233192448749,-4738.852997852535,-4524.596722282142,-4575.009765625,581500,0.0,0.0
2011-07-08 00:00:00+09:00,-4631.724816464191,-4644.327956986509,-4493.088347602709,-4524.5966796875,293000,0.0,0.0
2011-07-11 00:00:00+09:00,-4537.19953125,-4852.28283203125,-4524.596391530335,-4726.24951171875,545000,0.0,0.0
2011-07-12 00:00:00+09:00,-4663.233084909918,-4688.439846389552,-4511.992996811096,-4587.61328125,274000,0.0,0.0
2011-07-13 00:00:00+09:00,-4600.216604132402,-4789.2666015625,-4568.708271227385,-4789.2666015625,222500,0.0,0.0
2011-07-14 00:00:00+09:00,-4864.886164959245,-4940.506448617373,-4726.2496994211515,-4732.55126953125,580000,0.0,0.0
2011-07-15 00:00:00+09:00,-4864.886164959245,-4940.506448617373,-4726.2496994211515,-4732.55126953125,580000,0.0,0.0
2011-07-19 00:00:00+09:00,-4978.315700975078,-5205.175560813095,-4927.902185109332,-5116.9521484375,444500,0.0,0.0
2011-07-20 00:00:00+09:00,-5135.859151132528,-5249.289361505986,-5135.859151132528,-5161.06591796875,439000,0.0,0.0
2011-07-21 00:00:00+09:00,-5091.745871283546,-5198.873991524607,-4984.617270263567,-5116.9521484375,419000,0.0,0.0
2011-07-22 00:00:00+09:00,-5098.049238279608,-5167.3674864542745,-5003.5242232834935,-5079.14404296875,301000,0.0,0.0
2011-07-25 00:00:00+09:00,-5016.126241852963,-5016.126241852963,-4694.741359065987,-4845.9814453125,587000,0.0,0.0
2011-07-26 00:00:00+09:00,-4871.187933579964,-4871.187933579964,-4764.059324800091,-4820.7744140625,107000,0.0,0.0
2011-07-27 00:00:00+09:00,-4820.774501953125,-4820.774501953125,-4644.32766120404,-4726.24951171875,183500,0.0,0.0
2011-07-28 00:00:00+09:00,-4612.819013417595,-4701.042427715742,-4493.087751990391,-4537.19921875,268500,0.0,0.0
2011-07-29 00:00:00+09:00,-4455.2790021795045,-4518.2956810266205,-4373.357608145716,-4461.5810546875,201000,0.0,0.0
2011-08-01 00:00:00+09:00,-4505.691558581882,-4764.0597895615465,-4505.691558581882,-4738.85302734375,246500,0.0,0.0
2011-08-02 00:00:00+09:00,-4606.517784724465,-4839.679716957329,-4606.517784724465,-4808.17138671875,245000,0.0,0.0
2011-08-03 00:00:00+09:00,-4619.121735026697,-4852.283203125,-4593.914972880637,-4852.283203125,179500,0.0,0.0
2011-08-04 00:00:00+09:00,-4915.299475192771,-5129.556215139017,-4757.757825346848,-4953.109375,312000,0.0,0.0
2011-08-05 00:00:00+09:00,-4486.785515440584,-4726.24898990746,-4474.182377112395,-4644.3271484375,341500,0.0,0.0
2011-08-08 00:00:00+09:00,-4474.184079674964,-4669.535682772559,-4379.659063907183,-4392.26220703125,404500,0.0,0.0
2011-08-09 00:00:00+09:00,-4159.100461409396,-4707.345329919917,-4064.575450922819,-4694.7421875,307000,0.0,0.0
2011-08-10 00:00:00+09:00,-4776.664011162825,-4915.300499609415,-4562.4072265625,-4562.4072265625,251500,0.0,0.0
2011-08-11 00:00:00+09:00,-4146.49592296303,-4228.417282669653,-3894.4290728075316,-4108.685546875,1290000,0.0,0.0
2011-08-12 00:00:00+09:00,-4064.5753359375,-4070.87690696919,-3938.5419921875,-3938.5419921875,222500,0.0,0.0
2011-08-15 00:00:00+09:00,-3875.52587890625,-3907.0342193851625,-3781.000857469512,-3875.52587890625,350500,0.0,0.0
2011-08-16 00:00:00+09:00,-3907.0338396011257,-3995.2572805221275,-3856.6205478132124,-3862.922119140625,140000,0.0,0.0
2011-08-17 00:00:00+09:00,-3881.827450846208,-3944.844131804033,-3787.3024294094703,-3875.52587890625,120500,0.0,0.0
2011-08-18 00:00:00+09:00,-4014.161455548601,-4285.133056640625,-4001.558074951172,-4033.06640625,882000,0.0,0.0
2011-08-19 00:00:00+09:00,-3913.3342558503664,-4033.065998846921,-3881.825927734375,-3881.825927734375,263500,0.0,0.0
2011-08-22 00:00:00+09:00,-3793.6033568798284,-3907.0333080684304,-3749.49164242051,-3755.793212890625,199000,0.0,0.0
2011-08-23 00:00:00+09:00,-3762.095441043982,-3869.2238336452106,-3749.4920583162734,-3818.810302734375,71500,0.0,0.0
2011-08-24 00:00:00+09:00,-3888.1292943492194,-3900.7326787197453,-3371.392458274148,-3465.91748046875,753500,0.0,0.0
2011-08-25 00:00:00+09:00,-3566.74225554875,-3591.9490114338864,-3390.2956855211137,-3415.50244140625,460000,0.0,0.0
2011-08-26 00:00:00+09:00,-3352.486216642315,-3654.966123622865,-3352.486216642315,-3478.51953125,531500,0.0,0.0
2011-08-29 00:00:00+09:00,-3547.8379665280813,-3667.5697185942013,-3465.916355298913,-3623.4580078125,331000,0.0,0.0
2011-08-30 00:00:00+09:00,-3705.379773492546,-3970.0498088254767,-3699.078203285129,-3717.983154296875,505500,0.0,0.0
2011-08-31 00:00:00+09:00,-3762.0948925467874,-3812.508175718053,-3617.156613283339,-3743.18994140625,197500,0.0,0.0
2011-09-01 00:00:00+09:00,-3869.222539665886,-3888.1274872403255,-3717.9824782914698,-3768.395751953125,252000,0.0,0.0
2011-09-02 00:00:00+09:00,-3749.492090828462,-3781.0004277261805,-3629.76031446132,-3705.38037109375,188000,0.0,0.0
2011-09-05 00:00:00+09:00,-3686.4750535660837,-3686.4750535660837,-3591.9500521925947,-3636.061767578125,111000,0.0,0.0
2011-09-06 00:00:00+09:00,-3573.0446865384097,-3623.4579666927602,-3447.011365957792,-3459.61474609375,311000,0.0,0.0
2011-09-07 00:00:00+09:00,-3541.536982197017,-3636.0619893354274,-3465.9169284083837,-3610.855224609375,175000,0.0,0.0
2011-09-08 00:00:00+09:00,-3711.680924551687,-3711.680924551687,-3510.0275886831873,-3566.742431640625,142000,0.0,0.0
2011-09-09 00:00:00+09:00,-3528.9341731946542,-3591.950854858844,-3528.9341731946542,-3573.0458984375,78500,0.0,0.0
2011-09-12 00:00:00+09:00,-3484.8208520234766,-3503.725799787004,-3402.899251455223,-3421.80419921875,149500,0.0,0.0
2011-09-13 00:00:00+09:00,-3478.5208648392763,-3510.02920557081,-3402.9007990056816,-3465.91748046875,78500,0.0,0.0
2011-09-14 00:00:00+09:00,-3421.8046174721794,-3478.5197080846037,-3289.4697265625,-3289.4697265625,125000,0.0,0.0
2011-09-15 00:00:00+09:00,-3346.184517951375,-3402.8996075666096,-3327.279568209456,-3352.486328125,94000,0.0,0.0
2011-09-16 00:00:00+09:00,-3377.6940302646294,-3465.91748046875,-3377.6940302646294,-3465.91748046875,144500,0.0,0.0
2011-09-20 00:00:00+09:00,-3371.391112219259,-3371.391112219259,-3308.3744559160955,-3314.676025390625,91500,0.0,0.0
2011-09-21 00:00:00+09:00,-3276.866450553376,-3333.58154296875,-3213.8497880427344,-3333.58154296875,180000,0.0,0.0
2011-09-22 00:00:00+09:00,-3213.850053675525,-3320.9784368759447,-3157.134956572506,-3163.436767578125,253000,0.0,0.0
2011-09-26 00:00:00+09:00,-3087.816105769231,-3087.816105769231,-2854.654433378151,-2867.2578125,283000,0.0,0.0
2011-09-27 00:00:00+09:00,-2977.537604233215,-3050.00686959258,-2971.2360335017547,-3018.49853515625,126500,0.0,0.0
2011-09-28 00:00:00+09:00,-3056.3083735644764,-3081.51513671875,-3031.1016104102027,-3081.51513671875,50500,0.0,0.0
2011-09-29 00:00:00+09:00,-3018.498306566771,-3295.771484375,-3018.498306566771,-3295.771484375,148500,0.0,0.0
2011-09-30 00:00:00+09:00,-3226.4536669267804,-3270.5653855748856,-3169.7385657521418,-3220.15185546875,102500,0.0,0.0
2011-10-03 00:00:00+09:00,-3150.8335993840146,-3465.916959322416,-3150.8335993840146,-3276.866943359375,153500,0.0,0.0
2011-10-04 00:00:00+09:00,-3213.850020401482,-3276.866687468178,-3157.1349238856533,-3194.945068359375,112500,0.0,0.0
2011-10-05 00:00:00+09:00,-3194.9450057622316,-3213.8499574339426,-3031.1015303652307,-3062.60986328125,100500,0.0,0.0
2011-10-06 00:00:00+09:00,-3131.9283005193065,-3194.944965558369,-3119.324919433594,-3150.833251953125,31000,0.0,0.0
2011-10-07 00:00:00+09:00,-3087.8169950597426,-3213.850341796875,-3087.8169950597426,-3213.850341796875,36000,0.0,0.0
2011-10-11 00:00:00+09:00,-3213.8497880427344,-3339.8831130640183,-3182.3414567874133,-3333.58154296875,108000,0.0,0.0
2011-10-12 00:00:00+09:00,-3276.8669144990904,-3396.598686376982,-3251.6601497702104,-3390.296875,58500,0.0,0.0
2011-10-13 00:00:00+09:00,-3402.8994909520957,-3617.156221723386,-3402.8994909520957,-3535.234375,226000,0.0,0.0
2011-10-14 00:00:00+09:00,-3591.9500080249427,-3610.854959989278,-3516.3299597780956,-3585.6484375,175000,0.0,0.0
2011-10-17 00:00:00+09:00,-3623.4584293202456,-3869.223531986467,-3434.408424312233,-3686.47509765625,627500,0.0,0.0
2011-10-18 00:00:00+09:00,-3560.44237870005,-3686.475737238105,-3535.2356108366175,-3642.364013671875,174500,0.0,0.0
2011-10-19 00:00:00+09:00,-3743.190160051313,-3749.4917306697434,-3453.313344202803,-3579.3466796875,172000,0.0,0.0
2011-10-20 00:00:00+09:00,-3591.9498515029586,-3881.826410029855,-3591.9498515029586,-3743.18994140625,525000,0.0,0.0
2011-10-21 00:00:00+09:00,-3837.714976526893,-3837.714976526893,-3654.966552734375,-3654.966552734375,239500,0.0,0.0
2011-10-24 00:00:00+09:00,-3717.9836141108117,-3749.4919498236154,-3579.3468888965717,-3610.855224609375,161500,0.0,0.0
2011-10-25 00:00:00+09:00,-3642.363018846881,-3654.9663993362833,-3547.838025760598,-3560.44140625,64000,0.0,0.0
2011-10-26 00:00:00+09:00,-3503.727182792555,-3560.442288859409,-3484.8222275667863,-3516.33056640625,64500,0.0,0.0
2011-10-27 00:00:00+09:00,-3528.933393571523,-3610.8550135586747,-3510.028441326721,-3579.3466796875,84000,0.0,0.0
2011-10-28 00:00:00+09:00,-3705.3800500791485,-3749.4917659922544,-3598.251665830039,-3686.47509765625,304000,0.0,0.0
2011-10-31 00:00:00+09:00,-3781.000133767871,-3875.5251371120676,-3699.078512280803,-3793.603515625,237000,0.0,0.0
2011-11-01 00:00:00+09:00,-3730.587460804335,-3762.0958004388485,-3604.55410226628,-3642.364013671875,101500,0.0,0.0
2011-11-02 00:00:00+09:00,-3566.743245146158,-3629.7599119536135,-3465.9166744100326,-3585.6484375,88500,0.0,0.0
2011-11-04 00:00:00+09:00,-3604.5525673350353,-3604.5525673350353,-3497.4242101183836,-3566.742431640625,73500,0.0,0.0
2011-11-07 00:00:00+09:00,-3535.235745205248,-3617.1576236803458,-3535.235745205248,-3573.0458984375,40500,0.0,0.0
2011-11-08 00:00:00+09:00,-3636.0625684969464,-3636.0625684969464,-3402.9007990056816,-3465.91748046875,77000,0.0,0.0
2011-11-09 00:00:00+09:00,-3421.8050016424118,-3642.3633381805535,-3421.8050016424118,-3636.061767578125,146000,0.0,0.0
2011-11-10 00:00:00+09:00,-3257.96221249925,-3352.487226940875,-3122.4762623104375,-3169.73876953125,392500,0.0,0.0
2011-11-11 00:00:00+09:00,-3157.1346044033476,-3239.0564556116783,-3141.3804392308966,-3176.039794921875,109500,0.0,0.0
2011-11-14 00:00:00+09:00,-3147.6821152631487,-3213.8495580870463,-3056.307913082779,-3106.72119140625,102500,0.0,0.0
2011-11-15 00:00:00+09:00,-3106.72171319912,-3116.1743096427867,-3037.4034739106105,-3075.21337890625,36000,0.0,0.0
2011-11-16 00:00:00+09:00,-3068.9118393748217,-3087.8167920646615,-2968.0850243798172,-3002.744384765625,58500,0.0,0.0
2011-11-17 00:00:00+09:00,-2917.671290820122,-3012.196280201267,-2876.71060632198,-2971.235595703125,82500,0.0,0.0
2011-11-18 00:00:00+09:00,-2914.520758767285,-2999.5931604349626,-2857.8056640625,-2857.8056640625,94000,0.0,0.0
2011-11-21 00:00:00+09:00,-2857.8058146377084,-2930.2750794244407,-2851.5042439560416,-2854.655029296875,53000,0.0,0.0
2011-11-22 00:00:00+09:00,-2854.655029296875,-2854.655029296875,-2854.655029296875,-2854.655029296875,0,0.0,0.0
2011-11-24 00:00:00+09:00,-2785.336989571937,-2832.5994942352972,-2772.7336069171347,-2804.241943359375,40500,0.0,0.0
2011-11-25 00:00:00+09:00,-2772.7329242109813,-2835.7495815794127,-2760.129544659401,-2813.69384765625,45000,0.0,0.0
2011-11-28 00:00:00+09:00,-2848.3533174393133,-2933.425719372847,-2848.3533174393133,-2898.7666015625,52000,0.0,0.0
2011-11-29 00:00:00+09:00,-2942.8783937878543,-2980.688297791066,-2911.3700603220086,-2917.671630859375,59500,0.0,0.0
2011-11-30 00:00:00+09:00,-2917.6717295748717,-3100.420166015625,-2917.6717295748717,-3100.420166015625,73500,0.0,0.0
2011-12-01 00:00:00+09:00,-3201.246337890625,-3226.453098502864,-3109.8721311581144,-3201.246337890625,169500,0.0,0.0
2011-12-02 00:00:00+09:00,-3213.850341796875,-3232.7552957295384,-3131.928714495645,-3213.850341796875,205500,0.0,0.0
2011-12-05 00:00:00+09:00,-3213.850020401482,-3213.850020401482,-3131.928401292679,-3194.945068359375,53500,0.0,0.0
2011-12-06 00:00:00+09:00,-3213.849974917793,-3308.374974180081,-3119.324975655505,-3144.53173828125,190500,0.0,0.0
2011-12-07 00:00:00+09:00,-3059.459790022739,-3131.9290687494326,-3024.800663827626,-3078.36474609375,79500,0.0,0.0
2011-12-08 00:00:00+09:00,-3119.3247369260203,-3150.8330676020405,-3087.81640625,-3087.81640625,22000,0.0,0.0
2011-12-09 00:00:00+09:00,-3075.2129392364604,-3182.34130859375,-3024.7996596534654,-3182.34130859375,56500,0.0,0.0
2011-12-12 00:00:00+09:00,-3182.3415844726565,-3207.5483466440814,-3106.7215383478815,-3150.833251953125,75500,0.0,0.0
2011-12-13 00:00:00+09:00,-3138.229902798046,-3141.380688004158,-3090.9674035378666,-3119.324951171875,43000,0.0,0.0
2011-12-14 00:00:00+09:00,-3119.3254011130616,-3150.833738498042,-3068.912109375,-3068.912109375,40000,0.0,0.0
2011-12-15 00:00:00+09:00,-3024.8001058877103,-3056.3084403240405,-2986.99020071992,-3018.49853515625,74000,0.0,0.0
2011-12-16 00:00:00+09:00,-3024.8001058877103,-3056.3084403240405,-2986.99020071992,-3018.49853515625,74000,0.0,0.0
2011-12-19 00:00:00+09:00,-2901.9170911962774,-2914.5204710408357,-2823.1462676546334,-2848.35302734375,54500,0.0,0.0
2011-12-20 00:00:00+09:00,-2864.107691254567,-2930.275146484375,-2775.884257355144,-2930.275146484375,135500,0.0,0.0
2011-12-21 00:00:00+09:00,-2946.0294176868556,-3056.30859375,-2930.2752496778353,-3056.30859375,121500,0.0,0.0
2011-12-22 00:00:00+09:00,-3024.800211774483,-3050.006976361746,-2961.783540695848,-2964.934326171875,262000,0.0,0.0
2011-12-26 00:00:00+09:00,-2964.934326171875,-2964.934326171875,-2964.934326171875,-2964.934326171875,0,0.0,0.0
2011-12-27 00:00:00+09:00,-2917.6716885314468,-3053.157621268463,-2898.7667361561566,-3050.0068359375,51500,0.0,0.0
2011-12-28 00:00:00+09:00,-3050.0066994849462,-3150.83326790201,-3050.0066994849462,-3135.0791015625,42000,0.0,0.0
2011-12-29 00:00:00+09:00,-3106.7215699579265,-3150.8332840119947,-3056.308285491635,-3119.324951171875,59000,0.0,0.0
2011-12-30 00:00:00+09:00,-3119.324894545921,-3125.62646484375,-3056.30823000964,-3125.62646484375,15000,0.0,0.0
2012-01-04 00:00:00+09:00,-3037.4036005828943,-3125.6267960484956,-3037.4036005828943,-3046.85595703125,36000,0.0,0.0
2012-01-05 00:00:00+09:00,-3081.5149285982316,-3081.5149285982316,-2968.0847424544,-2993.29150390625,15500,0.0,0.0
2012-01-06 00:00:00+09:00,-2955.481696444523,-2955.481696444523,-2851.504102623981,-2898.7666015625,58000,0.0,0.0
2012-01-10 00:00:00+09:00,-2860.956787109375,-2898.766691274544,-2848.353405591149,-2860.956787109375,48500,0.0,0.0
2012-01-11 00:00:00+09:00,-2867.258974954002,-2895.6165293776126,-2848.354018801448,-2873.560546875,12500,0.0,0.0
2012-01-12 00:00:00+09:00,-2857.805537009812,-2860.9565624340444,-2788.4873046875,-2788.4873046875,58500,0.0,0.0
2012-01-13 00:00:00+09:00,-2797.940152361841,-2860.956820294409,-2797.940152361841,-2829.448486328125,11500,0.0,0.0
2012-01-16 00:00:00+09:00,-2832.598974322756,-2832.598974322756,-2772.733097992743,-2779.03466796875,32500,0.0,0.0
2012-01-17 00:00:00+09:00,-2791.637995638361,-2816.8447558457674,-2750.677310788177,-2785.33642578125,44500,0.0,0.0
2012-01-18 00:00:00+09:00,-2804.241533351652,-2829.4482949757794,-2756.979035598534,-2823.146484375,37000,0.0,0.0
2012-01-19 00:00:00+09:00,-2835.7502798016153,-2848.353662456417,-2804.241943359375,-2804.241943359375,31500,0.0,0.0
2012-01-20 00:00:00+09:00,-2835.7500768623618,-2854.655029296875,-2772.733408487643,-2854.655029296875,33000,0.0,0.0
2012-01-23 00:00:00+09:00,-2823.1467087851584,-2848.3534724129554,-2775.884207275174,-2797.940185546875,60000,0.0,0.0
2012-01-24 00:00:00+09:00,-2807.3920376857245,-2829.4480119983577,-2791.637873343617,-2813.69384765625,65000,0.0,0.0
2012-01-25 00:00:00+09:00,-2804.24115728022,-2930.27446771978,-2804.24115728022,-2867.2578125,73000,0.0,0.0
2012-01-26 00:00:00+09:00,-2867.2578125,-2930.27446771978,-2848.3528640119584,-2867.2578125,47000,0.0,0.0
2012-01-27 00:00:00+09:00,-2794.7889376452304,-2823.146484375,-2794.7889376452304,-2823.146484375,52000,0.0,0.0
2012-01-30 00:00:00+09:00,-3087.8161061037495,-3201.24603743375,-2971.2353900903113,-2980.687744140625,340000,0.0,0.0
2012-01-31 00:00:00+09:00,-2946.029424894087,-2946.029424894087,-2857.805987671929,-2876.711181640625,69500,0.0,0.0
2012-02-01 00:00:00+09:00,-2914.521129028827,-2983.839373239106,-2879.8620069236877,-2927.12451171875,46000,0.0,0.0
2012-02-02 00:00:00+09:00,-2961.78279532967,-2961.78279532967,-2848.3528640119584,-2867.2578125,178000,0.0,0.0
2012-02-03 00:00:00+09:00,-2864.1071920520785,-2870.40876177962,-2848.35302734375,-2848.35302734375,39500,0.0,0.0
2012-02-06 00:00:00+09:00,-2854.654433378151,-2892.464570743697,-2854.654433378151,-2867.2578125,54500,0.0,0.0
2012-02-07 00:00:00+09:00,-2851.5038122075202,-2898.766306332507,-2848.35302734375,-2848.35302734375,50000,0.0,0.0
2012-02-08 00:00:00+09:00,-2851.5040317277476,-2958.6324080694517,-2826.2972700981136,-2920.822265625,116000,0.0,0.0
2012-02-09 00:00:00+09:00,-2905.0678428188758,-2952.330336403062,-2879.86132380766,-2936.576171875,43500,0.0,0.0
2012-02-10 00:00:00+09:00,-2936.576776108585,-2990.1410907591385,-2936.576776108585,-2964.934326171875,33500,0.0,0.0
2012-02-13 00:00:00+09:00,-2980.6877458942613,-2983.8385305795528,-2886.1627629987383,-2923.972900390625,42000,0.0,0.0
2012-02-14 00:00:00+09:00,-2901.917648515333,-2930.275198514344,-2879.8619098436147,-2883.0126953125,38500,0.0,0.0
2012-02-15 00:00:00+09:00,-2883.012568436452,-2911.3701171875,-2867.258401395816,-2911.3701171875,55000,0.0,0.0
2012-02-16 00:00:00+09:00,-2901.9178187803477,-2914.521201784892,-2864.10791015625,-2864.10791015625,63000,0.0,0.0
2012-02-17 00:00:00+09:00,-2857.8060984592094,-2911.3704161311402,-2854.6553128054575,-2864.10791015625,105500,0.0,0.0
2012-02-20 00:00:00+09:00,-2914.520119577826,-2974.385986328125,-2879.8610094769524,-2974.385986328125,72500,0.0,0.0
2012-02-21 00:00:00+09:00,-2949.1796225302123,-2949.1796225302123,-2914.5205078125,-2914.5205078125,41000,0.0,0.0
2012-02-22 00:00:00+09:00,-2914.5211156209307,-3046.856032282502,-2914.5211156209307,-3024.80029296875,128000,0.0,0.0
2012-02-23 00:00:00+09:00,-3024.800182282378,-3056.308517514486,-2983.839250324829,-3037.403564453125,68500,0.0,0.0
2012-02-24 00:00:00+09:00,-3050.0068029706626,-3106.7216594835145,-2999.5932766621154,-3081.51513671875,108000,0.0,0.0
2012-02-27 00:00:00+09:00,-3100.419786598305,-3119.3247369260203,-3012.196364549654,-3087.81640625,114000,0.0,0.0
2012-02-28 00:00:00+09:00,-2968.0850602743158,-3018.498588576251,-2942.8785365128665,-3012.19677734375,101000,0.0,0.0
2012-02-29 00:00:00+09:00,-2942.8785114803095,-2983.839202390316,-2942.8785114803095,-2946.029296875,83500,0.0,0.0
2012-03-01 00:00:00+09:00,-2946.028633577129,-2949.1794182624203,-2879.8611936281554,-2923.972900390625,102500,0.0,0.0
2012-03-02 00:00:00+09:00,-2920.8224731781747,-2930.2750695583613,-2898.7667354770883,-2911.3701171875,206500,0.0,0.0
2012-03-05 00:00:00+09:00,-2911.3695192317386,-2911.3695192317386,-2867.2578125,-2867.2578125,114500,0.0,0.0
2012-03-06 00:00:00+09:00,-2867.2578125,-2867.2578125,-2867.2578125,-2867.2578125,0,0.0,0.0
2012-03-07 00:00:00+09:00,-2848.353405591149,-2889.3140950384977,-2835.750024072923,-2860.956787109375,53000,0.0,0.0
2012-03-08 00:00:00+09:00,-2860.956787109375,-2860.956787109375,-2860.956787109375,-2860.956787109375,0,0.0,0.0
2012-03-09 00:00:00+09:00,-2895.6163061290454,-2958.6329820387546,-2842.0519873720677,-2939.72802734375,50500,0.0,0.0
2012-03-12 00:00:00+09:00,-2939.72802734375,-2939.72802734375,-2939.72802734375,-2939.72802734375,0,0.0,0.0
2012-03-13 00:00:00+09:00,-2946.02952283494,-2968.0852626789597,-2905.0685883937203,-2961.78369140625,30500,0.0,0.0
2012-03-14 00:00:00+09:00,-2968.0852088793645,-3009.046142578125,-2930.2753011493783,-3009.046142578125,64000,0.0,0.0
2012-03-15 00:00:00+09:00,-3009.0456697162826,-3015.347239884499,-2964.9339573702923,-2993.29150390625,43500,0.0,0.0
2012-03-16 00:00:00+09:00,-2990.141108379548,-2990.141108379548,-2898.7668866991694,-2949.18017578125,36000,0.0,0.0
2012-03-19 00:00:00+09:00,-2930.275580533405,-2958.633134229381,-2895.616455078125,-2895.616455078125,46500,0.0,0.0
2012-03-21 00:00:00+09:00,-2939.7277431127127,-2990.1410308883037,-2901.9175969888806,-2930.275146484375,49000,0.0,0.0
2012-03-22 00:00:00+09:00,-2917.671432533013,-2942.8781937480826,-2867.258150492364,-2870.408935546875,94000,0.0,0.0
2012-03-23 00:00:00+09:00,-2905.0681719318354,-2917.6715530600077,-2860.956698567485,-2898.7666015625,178500,0.0,0.0
2012-03-26 00:00:00+09:00,-2889.314012726659,-2889.314012726659,-2835.7499432870377,-2842.051513671875,75000,0.0,0.0
2012-03-27 00:00:00+09:00,-2848.353945714683,-2911.3706248659387,-2848.353945714683,-2895.616455078125,51000,0.0,0.0
2012-03-28 00:00:00+09:00,-2917.6715118845677,-2917.6715118845677,-2854.6548475225272,-2889.31396484375,47000,0.0,0.0
2012-03-29 00:00:00+09:00,-2889.314642929267,-2898.767240957777,-2867.258901382149,-2895.616455078125,22500,0.0,0.0
2012-03-30 00:00:00+09:00,-2895.6159501468633,-2914.5209025177246,-2876.7109977760024,-2911.3701171875,22500,0.0,0.0
2012-04-02 00:00:00+09:00,-2914.520305945288,-2923.972900390625,-2898.7661421293674,-2923.972900390625,47000,0.0,0.0
2012-04-03 00:00:00+09:00,-2930.2750695583613,-2930.2750695583613,-2873.5599720562655,-2911.3701171875,43000,0.0,0.0
2012-04-04 00:00:00+09:00,-2876.710406938752,-2911.3695192317386,-2867.2578125,-2867.2578125,25000,0.0,0.0
2012-04-05 00:00:00+09:00,-2867.258357673734,-2867.258357673734,-2823.146642554698,-2860.956787109375,37000,0.0,0.0
2012-04-06 00:00:00+09:00,-2835.7498651870637,-2838.900650292706,-2810.5431035629363,-2823.146484375,55500,0.0,0.0
2012-04-09 00:00:00+09:00,-2810.543514492011,-2832.5994942352972,-2775.8843924834528,-2804.241943359375,45500,0.0,0.0
2012-04-10 00:00:00+09:00,-2804.2417902764673,-2804.2417902764673,-2747.526691620687,-2766.431884765625,62500,0.0,0.0
2012-04-11 00:00:00+09:00,-2722.320424168024,-2741.2253787018535,-2709.717041015625,-2709.717041015625,59500,0.0,0.0
2012-04-12 00:00:00+09:00,-2725.47109833881,-2763.281005859375,-2722.320312777018,-2763.281005859375,23000,0.0,0.0
2012-04-13 00:00:00+09:00,-2763.2807412198367,-2763.2807412198367,-2731.772407840411,-2738.07421875,25000,0.0,0.0
2012-04-16 00:00:00+09:00,-2747.5261368362503,-2747.5261368362503,-2716.0178084762497,-2731.77197265625,49500,0.0,0.0
2012-04-17 00:00:00+09:00,-2728.621699131919,-2756.979248046875,-2722.3201284350457,-2756.979248046875,6000,0.0,0.0
2012-04-18 00:00:00+09:00,-2725.470564989204,-2772.7330603358373,-2725.470564989204,-2769.582275390625,17000,0.0,0.0
2012-04-19 00:00:00+09:00,-2772.7330751618433,-2772.7330751618433,-2753.828125,-2753.828125,7000,0.0,0.0
2012-04-20 00:00:00+09:00,-2731.7725242595834,-2766.431884765625,-2719.1693826823134,-2766.431884765625,26500,0.0,0.0
2012-04-23 00:00:00+09:00,-2766.4316721443024,-2779.034812752925,-2734.92333984375,-2734.92333984375,40500,0.0,0.0
2012-04-24 00:00:00+09:00,-2719.1693826823134,-2766.431884765625,-2716.0183568984794,-2766.431884765625,58500,0.0,0.0
2012-04-25 00:00:00+09:00,-2763.28031504558,-2763.28031504558,-2716.017822265625,-2716.017822265625,42500,0.0,0.0
2012-04-26 00:00:00+09:00,-2722.320290457357,-2722.320290457357,-2602.5885169746716,-2697.113525390625,85500,0.0,0.0
2012-04-27 00:00:00+09:00,-2640.398703325045,-2706.566162109375,-2640.398703325045,-2706.566162109375,65500,0.0,0.0
2012-05-01 00:00:00+09:00,-2678.208022258691,-2697.112971984974,-2646.699692585059,-2662.453857421875,74500,0.0,0.0
2012-05-02 00:00:00+09:00,-2678.208022258691,-2697.112971984974,-2646.699692585059,-2662.453857421875,74500,0.0,0.0
2012-05-07 00:00:00+09:00,-2589.9848343433882,-2596.2866450746533,-2400.9348394164404,-2426.1416015625,284500,0.0,0.0
2012-05-08 00:00:00+09:00,-2489.1585802292793,-2511.2143195944864,-2435.5945044054743,-2501.761962890625,82500,0.0,0.0
2012-05-09 00:00:00+09:00,-2426.1416336862667,-2451.348396166081,-2394.63330078125,-2394.63330078125,61000,0.0,0.0
2012-05-10 00:00:00+09:00,-2218.1869066035956,-2359.9744188673117,-2218.1869066035956,-2353.672607421875,179000,0.0,0.0
2012-05-11 00:00:00+09:00,-2353.6719985707764,-2372.57718762714,-2268.599609375,-2268.599609375,125500,0.0,0.0
2012-05-14 00:00:00+09:00,-1842.6076603829304,-1975.5728901531004,-1834.4155450837882,-1859.6221923828125,675000,0.0,0.0
2012-05-15 00:00:00+09:00,-1877.8965264982783,-1877.8965264982783,-1723.5057728529912,-1876.006103515625,341500,0.0,0.0
2012-05-16 00:00:00+09:00,-1876.0059714622553,-1876.0059714622553,-1770.7681458896718,-1795.3446044921875,339500,0.0,0.0
2012-05-17 00:00:00+09:00,-1796.6054533162421,-1890.5002864533878,-1796.6054533162421,-1882.938232421875,91000,0.0,0.0
2012-05-18 00:00:00+09:00,-1795.975213964559,-1814.8801681389107,-1772.0289306640625,-1772.0289306640625,70500,0.0,0.0
2012-05-21 00:00:00+09:00,-1795.974594385116,-1851.4291956418542,-1777.6997074856235,-1783.3712158203125,66000,0.0,0.0
2012-05-22 00:00:00+09:00,-1802.27705113314,-1840.0870827335118,-1795.9753591672818,-1821.1820068359375,69500,0.0,0.0
2012-05-23 00:00:00+09:00,-1815.510086399813,-1827.4832864136044,-1759.42529296875,-1759.42529296875,53500,0.0,0.0
2012-05-24 00:00:00+09:00,-1749.9731020561387,-1783.3718630429369,-1714.0536163636666,-1751.863525390625,123000,0.0,0.0
2012-05-25 00:00:00+09:00,-1739.2602624465621,-1764.4669085294574,-1702.0804144012527,-1751.863525390625,28000,0.0,0.0
2012-05-28 00:00:00+09:00,-1814.8797965649792,-1814.8797965649792,-1695.148164186516,-1715.3134765625,82000,0.0,0.0
2012-05-29 00:00:00+09:00,-1715.3139231502905,-1758.165283203125,-1695.1486055241974,-1758.165283203125,78000,0.0,0.0
2012-05-30 00:00:00+09:00,-1758.7953981364599,-1827.483583834081,-1751.863525390625,-1751.863525390625,72500,0.0,0.0
2012-05-31 00:00:00+09:00,-1714.0537838733671,-1745.562124604901,-1707.752091688104,-1732.958740234375,60000,0.0,0.0
2012-06-01 00:00:00+09:00,-1732.958461216518,-1795.975132533482,-1726.656770045869,-1764.466796875,78500,0.0,0.0
2012-06-04 00:00:00+09:00,-1669.9415962802746,-1701.4499282855627,-1651.0366451550008,-1670.57177734375,115000,0.0,0.0
2012-06-05 00:00:00+09:00,-1676.2434502330166,-1731.6980670860735,-1670.5719403032454,-1726.65673828125,74000,0.0,0.0
2012-06-06 00:00:00+09:00,-1709.011666911095,-1783.3712158203125,-1707.7513050156695,-1783.3712158203125,89500,0.0,0.0
2012-06-07 00:00:00+09:00,-1784.0019079864487,-1814.880062104373,-1783.3717268581531,-1808.5784912109375,126000,0.0,0.0
2012-06-08 00:00:00+09:00,-1814.2500249088876,-1814.2500249088876,-1764.466796875,-1764.466796875,22500,0.0,0.0
2012-06-11 00:00:00+09:00,-1814.8798953488244,-1840.0866573855506,-1802.2766345252105,-1827.4832763671875,16500,0.0,0.0
2012-06-12 00:00:00+09:00,-1764.4666116648707,-1827.4832763671875,-1714.053327980917,-1827.4832763671875,38500,0.0,0.0
2012-06-13 00:00:00+09:00,-1827.483524221377,-1915.706842731042,-1827.483524221377,-1909.4051513671875,87500,0.0,0.0
2012-06-14 00:00:00+09:00,-1909.4051679238144,-2041.7403271279506,-1842.6075273551867,-1852.690185546875,218000,0.0,0.0
2012-06-15 00:00:00+09:00,-1827.4833215158787,-1890.499987775047,-1809.2084306072388,-1877.8966064453125,76000,0.0,0.0
2012-06-18 00:00:00+09:00,-1881.0473438080385,-1985.0248098065777,-1865.2931786508434,-1953.5164794921875,62000,0.0,0.0
2012-06-19 00:00:00+09:00,-1912.5556741224286,-1985.0248098065777,-1909.4047689741449,-1953.5164794921875,54500,0.0,0.0
2012-06-20 00:00:00+09:00,-2003.929499562181,-2126.812019901019,-1962.9686995141437,-2054.3427734375,213500,0.0,0.0
2012-06-21 00:00:00+09:00,-2073.248029627462,-2114.208710827117,-2003.9295654296875,-2003.9295654296875,99500,0.0,0.0
2012-06-22 00:00:00+09:00,-1922.0079626409174,-2003.9295654296875,-1922.0079626409174,-2003.9295654296875,131000,0.0,0.0
2012-06-25 00:00:00+09:00,-2076.398962370175,-2142.56640625,-2051.192202611443,-2142.56640625,166000,0.0,0.0
2012-06-26 00:00:00+09:00,-2054.343060649171,-2098.4547716032484,-1997.6282097563449,-2035.4381103515625,216000,0.0,0.0
2012-06-27 00:00:00+09:00,293.58179752382483,302.4640387677177,290.3093853463015,292.6468200683594,116500,500.0,0.0
2012-06-28 00:00:00+09:00,299.1916881216443,303.3990783691406,294.5168179947436,303.3990783691406,68500,0.0,0.0
2012-06-29 00:00:00+09:00,302.9316082497808,313.21630859375,299.191697761194,313.21630859375,78500,0.0,0.0
2012-07-02 00:00:00+09:00,329.1108067656374,330.9807616241057,316.0211584227817,317.89111328125,113500,0.0,0.0
2012-07-03 00:00:00+09:00,316.0211676492776,328.175821084553,316.0211676492776,316.4886474609375,34000,0.0,0.0
2012-07-04 00:00:00+09:00,316.02117919921875,316.02117919921875,304.80148497720586,316.02117919921875,30500,0.0,0.0
2012-07-05 00:00:00+09:00,307.1389296212825,313.6837544325432,303.86653504886505,304.3340148925781,42000,0.0,0.0
2012-07-06 00:00:00+09:00,304.33402649239065,304.33402649239065,294.5168067345253,303.8665466308594,30000,0.0,0.0
2012-07-09 00:00:00+09:00,291.244362801767,299.19164442340605,291.244362801767,292.6468200683594,30000,0.0,0.0
2012-07-10 00:00:00+09:00,293.5818260444287,299.1916734889899,283.297108701602,294.9842834472656,28000,0.0,0.0
2012-07-11 00:00:00+09:00,287.9720117036522,293.1143798828125,285.16709657553963,293.1143798828125,6000,0.0,0.0
2012-07-12 00:00:00+09:00,287.5044765472412,299.191650390625,286.10201925267756,299.191650390625,39000,0.0,0.0
2012-07-13 00:00:00+09:00,289.84192573891744,306.6714497775694,289.84192573891744,304.3340148925781,32500,0.0,0.0
2012-07-17 00:00:00+09:00,295.91923814783513,299.191650390625,291.7118662641442,299.191650390625,18000,0.0,0.0
2012-07-18 00:00:00+09:00,290.30938537113855,290.30938537113855,281.42714412648576,282.36212158203125,25500,0.0,0.0
2012-07-19 00:00:00+09:00,282.36211005167286,291.71184855890425,282.36211005167286,282.82958984375,8000,0.0,0.0
2012-07-20 00:00:00+09:00,289.841898820524,289.841898820524,280.95963994919117,288.90692138671875,15500,0.0,0.0
2012-07-23 00:00:00+09:00,281.4271691767459,282.36214671551517,275.81732177734375,275.81732177734375,37000,0.0,0.0
2012-07-24 00:00:00+09:00,275.81730249873823,275.81730249873823,271.8904113769531,271.8904113769531,30500,0.0,0.0
2012-07-25 00:00:00+09:00,272.2644230859588,272.918902000047,269.2724914550781,269.2724914550781,52500,0.0,0.0
2012-07-26 00:00:00+09:00,254.31295283598,262.7277158550879,254.31295283598,262.63421630859375,272000,0.0,0.0
2012-07-27 00:00:00+09:00,263.5691929460998,272.82543401552414,259.92278197944296,261.979736328125,68500,0.0,0.0
2012-07-30 00:00:00+09:00,263.0081523248955,266.00008380869986,258.9877795026696,261.7926940917969,22000,0.0,0.0
2012-07-31 00:00:00+09:00,261.79270367473026,266.4675733832076,260.01624819220933,263.66265869140625,10000,0.0,0.0
2012-08-01 00:00:00+09:00,263.66261311399785,263.66261311399785,262.26013817731996,262.3536376953125,13000,0.0,0.0
2012-08-02 00:00:00+09:00,262.8211974341161,271.14246033785633,262.8211974341161,266.46759033203125,12500,0.0,0.0
2012-08-03 00:00:00+09:00,266.4675774841425,266.4675774841425,251.50799062014454,258.98779296875,96000,0.0,0.0
2012-08-06 00:00:00+09:00,262.72767249362846,262.72767249362846,253.37793338590654,253.8454132080078,35500,0.0,0.0
2012-08-07 00:00:00+09:00,254.31291086332115,257.11782546235287,253.8454132080078,253.8454132080078,21500,0.0,0.0
2012-08-08 00:00:00+09:00,253.93889085509252,258.80075905209213,253.93889085509252,255.2478485107422,22000,0.0,0.0
2012-08-09 00:00:00+09:00,254.7803897857666,269.2724782182777,254.7803897857666,261.7926940917969,42500,0.0,0.0
2012-08-10 00:00:00+09:00,271.1424255371094,271.4229241214142,265.06509887619575,271.1424255371094,43000,0.0,0.0
2012-08-13 00:00:00+09:00,275.81734067183856,288.9069736116558,271.23597003456325,276.2848205566406,106000,0.0,0.0
2012-08-14 00:00:00+09:00,271.6099277625481,285.16705729166665,271.6099277625481,280.4921875,16000,0.0,0.0
2012-08-15 00:00:00+09:00,273.94736265838145,289.8419270833333,272.0774254416426,280.4921875,38000,0.0,0.0
2012-08-16 00:00:00+09:00,280.49212346311475,286.1019694990188,280.49212346311475,285.1669921875,11000,0.0,0.0
2012-08-17 00:00:00+09:00,285.16710693359374,301.9966339799948,285.16710693359374,292.1794128417969,79000,0.0,0.0
2012-08-20 00:00:00+09:00,305.2690734863281,306.2040333674417,299.19172725979035,305.2690734863281,64500,0.0,0.0
2012-08-21 00:00:00+09:00,300.12661003152607,303.399040107528,289.84191131591797,299.191650390625,130000,0.0,0.0
2012-08-22 00:00:00+09:00,299.191611163421,299.191611163421,294.51674223899255,297.7891540527344,18500,0.0,0.0
2012-08-23 00:00:00+09:00,297.78921386540634,363.2373741198334,297.78921386540634,357.1600646972656,1608000,0.0,0.0
2012-08-24 00:00:00+09:00,344.0704156452011,353.8876352488019,330.04580602107796,343.6029357910156,479000,0.0,0.0
2012-08-27 00:00:00+09:00,336.59060864621625,380.5343896860905,327.2408695171547,347.810302734375,443000,0.0,0.0
2012-08-28 00:00:00+09:00,341.2655281369117,344.07044315269627,302.46409080819785,326.7734375,594000,0.0,0.0
2012-08-29 00:00:00+09:00,320.22859687739464,320.22859687739464,309.4763815477869,310.411376953125,142500,0.0,0.0
2012-08-30 00:00:00+09:00,314.61871514520544,317.8911093573149,310.87880547443297,312.2812805175781,42000,0.0,0.0
2012-08-31 00:00:00+09:00,310.4114051063306,316.9562308715786,309.00892970433785,312.74884033203125,39000,0.0,0.0
2012-09-03 00:00:00+09:00,307.60646706864077,317.8911670294942,307.60646706864077,316.9562072753906,12000,0.0,0.0
2012-09-04 00:00:00+09:00,304.801442880732,318.8260498046875,301.0615691008624,318.8260498046875,142500,0.0,0.0
2012-09-05 00:00:00+09:00,318.82616690597666,324.4360331358519,311.34638093257587,323.50103759765625,46000,0.0,0.0
2012-09-06 00:00:00+09:00,327.24086944404064,330.9807793613994,313.21626075358176,320.696044921875,70000,0.0,0.0
2012-09-07 00:00:00+09:00,314.151296214297,329.11090382753156,311.34638093257587,323.50103759765625,43000,0.0,0.0
2012-09-10 00:00:00+09:00,315.08622129692895,335.65565487413136,313.216266305106,327.2408752441406,27500,0.0,0.0
2012-09-11 00:00:00+09:00,320.696025937969,321.16350573335984,316.4886364466069,320.2285461425781,32000,0.0,0.0
2012-09-12 00:00:00+09:00,317.89113787095323,326.7733973859266,315.5537030336668,324.9034423828125,30500,0.0,0.0
2012-09-13 00:00:00+09:00,319.2936452037884,322.5660400390625,317.4236900123052,322.5660400390625,19500,0.0,0.0
2012-09-14 00:00:00+09:00,319.761125085052,331.4483004487862,319.761125085052,322.5660400390625,51000,0.0,0.0
2012-09-18 00:00:00+09:00,320.6960819582335,322.56603713286916,316.9562072753906,316.9562072753906,21000,0.0,0.0
2012-09-19 00:00:00+09:00,323.5009187793394,323.5009187793394,316.9561307479626,318.8260498046875,21500,0.0,0.0
2012-09-20 00:00:00+09:00,322.09842086917666,346.8752005259359,316.95607306618234,334.7205505371094,221500,0.0,0.0
2012-09-21 00:00:00+09:00,345.9403638272602,388.0141918603054,340.3305343560913,360.8999328613281,897500,0.0,0.0
2012-09-24 00:00:00+09:00,364.6398679094828,364.6398679094828,344.07043233002116,349.6802978515625,260000,0.0,0.0
2012-09-25 00:00:00+09:00,347.810354406829,354.82265979540847,342.6680042551566,345.9403991699219,93000,0.0,0.0
2012-09-26 00:00:00+09:00,341.2653996190437,350.1476568793979,335.65557170009157,347.3427429199219,82000,0.0,0.0
2012-09-27 00:00:00+09:00,339.86305356658113,345.9403991699219,335.6556988665771,345.9403991699219,45000,0.0,0.0
2012-09-28 00:00:00+09:00,345.9404485075061,354.35523044047875,339.863102037422,346.4079284667969,21500,0.0,0.0
2012-10-01 00:00:00+09:00,352.9526258961105,353.8875854729752,335.6556240591611,337.5255432128906,44500,0.0,0.0
2012-10-02 00:00:00+09:00,337.5256184370546,347.810354406829,337.5256184370546,345.9403991699219,36500,0.0,0.0
2012-10-03 00:00:00+09:00,344.0703869698831,344.5378667851081,337.9930780391107,341.2654724121094,16000,0.0,0.0
2012-10-04 00:00:00+09:00,345.94031913994115,350.1477085330355,338.928015373591,345.47283935546875,17000,0.0,0.0
2012-10-05 00:00:00+09:00,346.407861824234,372.5871268388851,345.9403819548778,364.6398620605469,145500,0.0,0.0
2012-10-09 00:00:00+09:00,364.6398851988636,364.6398851988636,351.08275412869676,352.4852294921875,55000,0.0,0.0
2012-10-10 00:00:00+09:00,354.82260674657704,355.29008656930444,339.39552293160335,344.5378723144531,58500,0.0,0.0
2012-10-11 00:00:00+09:00,338.92806591630796,345.9403707283695,337.52559068732495,343.6029357910156,27500,0.0,0.0
2012-10-12 00:00:00+09:00,343.1354770241562,345.940391988071,337.52561142989776,341.7330017089844,53500,0.0,0.0
2012-10-15 00:00:00+09:00,338.46061388872295,348.7453141920677,338.46061388872295,345.9403991699219,11000,0.0,0.0
2012-10-16 00:00:00+09:00,346.8752752862645,356.22501354914414,340.3304870353856,350.147705078125,44500,0.0,0.0
2012-10-17 00:00:00+09:00,345.9403309069182,364.17232845286463,345.9403309069182,355.2900695800781,45500,0.0,0.0
2012-10-18 00:00:00+09:00,357.16005921661855,420.73828125,355.29010416666665,420.73828125,1429000,0.0,0.0
2012-10-19 00:00:00+09:00,414.1934241146779,433.827897108679,403.90872564145576,409.5185546875,1013000,0.0,0.0
2012-10-22 00:00:00+09:00,389.8841551697448,397.3639398453124,372.1196353571484,386.6117248535156,525000,0.0,0.0
2012-10-23 00:00:00+09:00,385.2092894827132,385.2092894827132,375.39206976000594,381.9368591308594,112000,0.0,0.0
2012-10-24 00:00:00+09:00,380.5343322753906,380.5343322753906,372.11955406219175,380.5343322753906,132000,0.0,0.0
2012-10-25 00:00:00+09:00,381.93688014558535,392.68909584603654,376.79453007136357,383.33935546875,126500,0.0,0.0
2012-10-26 00:00:00+09:00,383.33933334350587,383.80681320210283,370.24968330423,373.9895935058594,209500,0.0,0.0
2012-10-29 00:00:00+09:00,378.6644847042522,392.68909524885413,374.92457429245337,375.39208984375,56000,0.0,0.0
2012-10-30 00:00:00+09:00,376.79453007136357,385.2093106774931,376.327050185785,383.33935546875,143500,0.0,0.0
2012-10-31 00:00:00+09:00,383.33924645765063,384.27420596293103,379.59933710369137,380.5343322753906,79500,0.0,0.0
2012-11-01 00:00:00+09:00,383.33930764423764,383.33930764423764,375.8595234088545,377.261962890625,48000,0.0,0.0
2012-11-02 00:00:00+09:00,375.8595329499431,381.46936235227827,375.39205311081946,379.1319274902344,86500,0.0,0.0
2012-11-05 00:00:00+09:00,380.53444271910354,383.3393577154429,373.98961728335894,381.0019226074219,37500,0.0,0.0
2012-11-06 00:00:00+09:00,377.2619535972904,378.6644287109375,371.1846446598086,378.6644287109375,131500,0.0,0.0
2012-11-07 00:00:00+09:00,373.9896150914634,389.8841808661364,373.9896150914634,383.33935546875,259000,0.0,0.0
2012-11-08 00:00:00+09:00,383.33929820119596,383.33929820119596,374.9245188521612,378.6644287109375,139000,0.0,0.0
2012-11-09 00:00:00+09:00,374.92453563888057,383.80679520134714,374.92453563888057,381.4693603515625,186000,0.0,0.0
2012-11-12 00:00:00+09:00,388.0141676914544,388.0141676914544,378.6644287109375,378.6644287109375,79500,0.0,0.0
2012-11-13 00:00:00+09:00,380.5343836403256,381.93682308754893,375.8595141500671,378.6644287109375,80500,0.0,0.0
2012-11-14 00:00:00+09:00,375.39208984375,375.8595697286176,375.39208984375,375.39208984375,28000,0.0,0.0
2012-11-15 00:00:00+09:00,374.92457429245337,375.39208984375,359.03004420838107,375.39208984375,156000,0.0,0.0
2012-11-16 00:00:00+09:00,375.3920585374037,386.6117175042629,375.3920585374037,385.6767578125,76000,0.0,0.0
2012-11-19 00:00:00+09:00,382.4043684502208,388.94915771484375,382.4043684502208,388.94915771484375,42000,0.0,0.0
2012-11-20 00:00:00+09:00,391.7541360748795,391.7541360748795,378.6644852801067,383.33935546875,62000,0.0,0.0
2012-11-21 00:00:00+09:00,383.33934083170294,383.33934083170294,374.45708067914626,374.924560546875,40000,0.0,0.0
2012-11-22 00:00:00+09:00,374.92446588695253,382.4042845478385,373.9895063875511,379.5993347167969,41000,0.0,0.0
2012-11-26 00:00:00+09:00,375.39203621344694,376.3269958496093,373.98956109277947,376.3269958496094,32500,0.0,0.0
2012-11-27 00:00:00+09:00,374.92455322305324,378.19698356608575,373.9895935058594,373.9895935058594,58000,0.0,0.0
2012-11-28 00:00:00+09:00,377.2619457525452,377.2619457525452,373.9895514439796,374.45703125,22000,0.0,0.0
2012-11-29 00:00:00+09:00,373.9896356730238,376.3270708959802,373.52215576171875,373.52215576171875,21500,0.0,0.0
2012-11-30 00:00:00+09:00,373.5221209436888,374.924560546875,373.05464107596003,374.924560546875,53000,0.0,0.0
2012-12-03 00:00:00+09:00,373.9895935058594,378.19698356608575,372.5871182636416,373.9895935058594,13500,0.0,0.0
2012-12-04 00:00:00+09:00,372.1196803613725,377.7295462963265,372.1196803613725,373.52215576171875,35000,0.0,0.0
2012-12-05 00:00:00+09:00,373.0546782239394,373.98963805249815,371.1847229003906,371.1847229003906,42500,0.0,0.0
2012-12-06 00:00:00+09:00,371.18467868785086,373.9895935058594,370.7171988292539,373.9895935058594,30500,0.0,0.0
2012-12-07 00:00:00+09:00,371.1845823533027,371.65206209057334,365.10723876953125,365.10723876953125,84000,0.0,0.0
2012-12-10 00:00:00+09:00,367.444829187194,367.444829187194,359.96504321472014,362.76995849609375,24000,0.0,0.0
2012-12-11 00:00:00+09:00,359.96497134841275,369.31471086395595,359.03001166342875,366.5097961425781,29000,0.0,0.0
2012-12-12 00:00:00+09:00,359.96504321472014,369.3147845969207,359.96504321472014,362.76995849609375,12000,0.0,0.0
2012-12-13 00:00:00+09:00,365.5748737774673,366.5098693155471,361.8349986244468,362.76995849609375,16500,0.0,0.0
2012-12-14 00:00:00+09:00,361.834898067713,364.639812569579,356.22503339755804,364.1723327636719,42000,0.0,0.0
2012-12-17 00:00:00+09:00,360.89985672911826,371.18458947858727,358.09494258523335,359.0299377441406,27500,0.0,0.0
2012-12-18 00:00:00+09:00,358.09494258523335,364.1722862856659,355.2900284413485,359.0299377441406,51000,0.0,0.0
2012-12-19 00:00:00+09:00,355.29009964723963,376.7944932820769,355.29009964723963,368.84722900390625,75500,0.0,0.0
2012-12-20 00:00:00+09:00,359.9649911797003,364.63986119502107,355.2901211643795,356.6925964355469,97000,0.0,0.0
2012-12-21 00:00:00+09:00,357.16002444799466,357.16002444799466,355.2900695800781,355.2900695800781,93500,0.0,0.0
2012-12-25 00:00:00+09:00,356.2250291808251,359.9649389166581,355.2900695800781,355.2900695800781,123500,0.0,0.0
2012-12-26 00:00:00+09:00,-155.18417579090547,-156.40931090514601,-154.77580261230466,-154.7758026123047,22000,250.0,0.0
2012-12-27 00:00:00+09:00,67.68414066348353,68.2184877834873,67.50602722167969,67.50602722167969,22000,249.592,0.0
2012-12-28 00:00:00+09:00,68.39662023175877,68.39662023175877,66.17016783872748,67.32791900634766,57000,0.0,0.0
2013-01-04 00:00:00+09:00,66.7935483793351,68.04036264133426,66.7935483793351,67.77318572998047,43000,0.0,0.0
2013-01-07 00:00:00+09:00,67.3279041839671,68.04037151072333,67.23884746677058,67.86225128173828,17500,0.0,0.0
2013-01-08 00:00:00+09:00,68.04038036497143,68.48567080349271,67.50603319766445,68.39661407470703,38000,0.0,0.0
2013-01-09 00:00:00+09:00,68.0403578663461,70.89021301269531,67.50601087572946,70.89021301269531,93000,0.0,0.0
2013-01-10 00:00:00+09:00,71.60269361966057,71.60269361966057,71.2464599609375,71.2464599609375,152000,0.0,0.0
2013-01-11 00:00:00+09:00,71.33552191331533,71.42457863588528,70.89023150587316,71.06835174560547,28500,0.0,0.0
2013-01-15 00:00:00+09:00,71.33551667697029,71.33551667697029,70.71211287014884,71.2464599609375,135500,0.0,0.0
2013-01-16 00:00:00+09:00,71.33551667697029,71.42457339300309,70.53399264349136,71.2464599609375,69500,0.0,0.0
2013-01-17 00:00:00+09:00,71.24647006867038,71.24647006867038,69.73248529754828,69.91059875488281,62000,0.0,0.0
2013-01-18 00:00:00+09:00,70.71212005615234,71.24646720124315,69.73248249105377,70.71212005615234,32000,0.0,0.0
2013-01-21 00:00:00+09:00,71.24646116576199,71.42457460083958,69.91059001890395,71.33551788330078,82500,0.0,0.0
2013-01-22 00:00:00+09:00,71.33551546762025,71.33551546762025,69.73247422243064,71.15740203857422,53000,0.0,0.0
2013-01-23 00:00:00+09:00,70.3558578491211,70.3558578491211,69.64339074800293,70.3558578491211,54000,0.0,0.0
2013-01-24 00:00:00+09:00,69.55435517794685,71.2464599609375,69.55435517794685,71.2464599609375,83000,0.0,0.0
2013-01-25 00:00:00+09:00,71.24645875309723,71.24645875309723,70.44493473320654,71.15740203857422,27000,0.0,0.0
2013-01-28 00:00:00+09:00,71.33551546762025,71.33551546762025,69.99964436599967,71.15740203857422,91000,0.0,0.0
2013-01-29 00:00:00+09:00,71.15738353111927,71.15738353111927,69.82151277694777,69.99962615966797,38000,0.0,0.0
2013-01-30 00:00:00+09:00,70.08868285102807,71.06832683975917,69.82151277694777,69.99962615966797,50500,0.0,0.0
2013-01-31 00:00:00+09:00,70.3558893778238,75.6993746470256,70.3558893778238,73.918212890625,392000,0.0,0.0
2013-02-01 00:00:00+09:00,76.5899435479451,76.76805697789429,73.02762059222673,74.63066864013672,364000,0.0,0.0
2013-02-04 00:00:00+09:00,74.45254151910176,75.6993557970299,72.13703317128731,74.18537139892578,172500,0.0,0.0
2013-02-05 00:00:00+09:00,73.74009780189122,74.98690556812133,72.13704953874861,74.80879211425781,152000,0.0,0.0
2013-02-06 00:00:00+09:00,74.80878764827077,75.07596460770867,73.02762603759766,73.02762603759766,89000,0.0,0.0
2013-02-07 00:00:00+09:00,73.0276276388286,74.80878928855614,71.5136429543972,72.13704681396484,105500,0.0,0.0
2013-02-08 00:00:00+09:00,72.1370480412587,72.1370480412587,69.46530552121207,70.71212005615234,138000,0.0,0.0
2013-02-12 00:00:00+09:00,83.18025207519531,83.18025207519531,79.5288719786884,83.18025207519531,3253000,0.0,0.0
2013-02-13 00:00:00+09:00,81.57717464843948,88.7018188412218,76.94615864096704,78.37108612060547,1782500,0.0,0.0
2013-02-14 00:00:00+09:00,79.08357222507861,83.35835568925552,76.58994344169822,81.57719421386719,534500,0.0,0.0
2013-02-15 00:00:00+09:00,79.9741524306876,80.15226585920468,73.11667671931168,76.5899429321289,392000,0.0,0.0
2013-02-18 00:00:00+09:00,74.80879803825827,76.58995989631204,74.80879803825827,75.69937896728516,153000,0.0,0.0
2013-02-19 00:00:00+09:00,76.94617881427553,87.2769142433449,76.32276820721076,84.15988159179688,897000,0.0,0.0
2013-02-20 00:00:00+09:00,86.38633472186703,92.08605301088801,84.24893951416016,84.24893951416016,1047500,0.0,0.0
2013-02-21 00:00:00+09:00,89.9486447602814,96.71705627441406,89.0580641190905,96.71705627441406,2847000,0.0,0.0
2013-02-22 00:00:00+09:00,92.62039407768627,95.11402278992216,88.34560394087949,94.22344207763672,1505500,0.0,0.0
2013-02-25 00:00:00+09:00,112.03507232666016,112.03507232666016,112.03507232666016,112.03507232666016,51000,0.0,0.0
2013-02-26 00:00:00+09:00,129.8466796875,129.8466796875,129.8466796875,129.8466796875,474000,0.0,0.0
2013-02-27 00:00:00+09:00,156.5640869140625,156.5640869140625,147.65828007696206,156.5640869140625,6392500,0.0,0.0
2013-02-28 00:00:00+09:00,151.2206532416301,165.11370838712335,140.88990842977142,146.94586181640625,3620000,0.0,0.0
2013-03-01 00:00:00+09:00,142.67106762454642,150.50818282061715,138.57440334625488,149.79571533203125,1870500,0.0,0.0
2013-03-04 00:00:00+09:00,145.16466217041014,149.61756591796873,140.88987185491715,142.492919921875,1159500,0.0,0.0
2013-03-05 00:00:00+09:00,141.60235277738028,145.69903005441248,135.1901734826567,140.3555450439453,965500,0.0,0.0
2013-03-06 00:00:00+09:00,139.46492875146424,146.76768702462084,136.79318692549123,139.1086883544922,904500,0.0,0.0
2013-03-07 00:00:00+09:00,137.1494435991331,138.39625128708772,125.57189316544003,132.1621856689453,1119000,0.0,0.0
2013-03-08 00:00:00+09:00,135.3682643942637,136.97131234834814,127.35303821302439,130.0247802734375,495500,0.0,0.0
2013-03-11 00:00:00+09:00,127.70927470937573,130.73725742699463,121.83144988549886,122.72203063964844,560000,0.0,0.0
2013-03-12 00:00:00+09:00,120.94088256290101,126.64059458678804,117.55667260344947,123.61262512207031,479500,0.0,0.0
2013-03-13 00:00:00+09:00,118.62534476450504,133.40898960113066,118.62534476450504,130.0247802734375,550500,0.0,0.0
2013-03-14 00:00:00+09:00,127.35305414313348,137.68379683797056,127.35305414313348,135.01205444335938,502500,0.0,0.0
2013-03-15 00:00:00+09:00,137.6838250133767,137.8619384916294,130.91540412627526,132.8746795654297,400500,0.0,0.0
2013-03-18 00:00:00+09:00,137.14942474159992,137.50565157798292,131.0934733988096,133.94332885742188,400000,0.0,0.0
2013-03-19 00:00:00+09:00,136.9713496021721,158.5234053667854,135.90265520517715,151.3987579345703,2545000,0.0,0.0
2013-03-21 00:00:00+09:00,154.07048269252874,156.74222516696568,143.73973968903204,147.30206298828125,833500,0.0,0.0
2013-03-22 00:00:00+09:00,148.72699279683206,148.72699279683206,140.71176564011657,143.91786193847656,429000,0.0,0.0
2013-03-25 00:00:00+09:00,141.24612751104863,142.49293525888982,135.54640194718186,139.4649658203125,425500,0.0,0.0
2013-03-26 00:00:00+09:00,138.9305877685547,145.69900645449079,138.39623391838708,138.9305877685547,350500,0.0,0.0
2013-03-27 00:00:00+09:00,138.93058714148117,138.93058714148117,125.57187683941567,130.0247802734375,354100,0.0,500.0
2013-03-28 00:00:00+09:00,130.02476917613637,132.69651100852272,121.11896306818183,127.35302734375,488700,0.0,0.0
2013-03-29 00:00:00+09:00,125.57189700478001,126.46247783460115,117.5566695363898,118.44725036621094,364900,0.0,0.0
2013-04-01 00:00:00+09:00,114.8849213367372,122.00956762118602,106.86969426673228,113.103759765625,490900,0.0,0.0
2013-04-02 00:00:00+09:00,110.43201740895668,117.55666369340551,101.52620955339566,113.103759765625,457100,0.0,0.0
2013-04-03 00:00:00+09:00,115.77549443100439,119.33781733657375,115.77549443100439,117.55665588378906,171500,0.0,0.0
2013-04-04 00:00:00+09:00,110.43200707250787,115.77549128569375,107.76026496591494,114.8849105834961,393900,0.0,0.0
2013-04-05 00:00:00+09:00,114.8849213367372,117.55666369340551,109.54143662340059,113.103759765625,307700,0.0,0.0
2013-04-08 00:00:00+09:00,113.103759765625,114.8849213367372,108.65085583784449,113.103759765625,241000,0.0,0.0
2013-04-09 00:00:00+09:00,115.77549128569375,115.77549128569375,110.43200707250787,114.8849105834961,214600,0.0,0.0
2013-04-10 00:00:00+09:00,113.99433739505596,123.79072576494359,113.99433739505596,119.33782196044922,273200,0.0,0.0
2013-04-11 00:00:00+09:00,118.44724119955033,122.00956424314583,116.66607967775259,119.33782196044922,184300,0.0,0.0
2013-04-12 00:00:00+09:00,119.33783119603207,120.2284120258532,116.66608870656866,118.44725036621094,173200,0.0,0.0
2013-04-15 00:00:00+09:00,118.44723672240319,123.79072108581988,117.55665599516708,122.00955963134766,300200,0.0,0.0
2013-04-16 00:00:00+09:00,120.2284148160149,122.9001573674819,118.4472531150369,121.1189956665039,168400,0.0,0.0
2013-04-17 00:00:00+09:00,122.0095537875561,127.35303789504032,122.0095537875561,125.5718765258789,354700,0.0,0.0
2013-04-18 00:00:00+09:00,128.24361947866586,154.96104020338794,127.3530387878418,138.9305877685547,5988800,0.0,0.0
2013-04-19 00:00:00+09:00,140.71178697284898,141.6023679030569,132.69655860097785,135.36830139160156,912700,0.0,0.0
2013-04-22 00:00:00+09:00,139.82119750976562,141.60235926148238,135.36829313047372,139.82119750976562,520500,0.0,0.0
2013-04-23 00:00:00+09:00,172.7726784171639,183.4596482161637,161.19512780158075,162.08570861816406,7846200,0.0,0.0
2013-04-24 00:00:00+09:00,163.86688197544643,163.86688197544643,154.0704922921317,155.85165405273438,1491000,0.0,0.0
2013-04-25 00:00:00+09:00,155.8516608344184,162.97630818684897,152.28933715820312,160.3045654296875,1178400,0.0,0.0
2013-04-26 00:00:00+09:00,156.7422167383982,158.52337829224365,146.9458281922483,148.72698974609375,753900,0.0,0.0
2013-04-30 00:00:00+09:00,149.617587890625,156.74223493303572,147.83642613002232,155.85165405273438,406600,0.0,0.0
2013-05-01 00:00:00+09:00,156.74224350873163,157.6328244377585,151.3987579345703,151.3987579345703,357400,0.0,0.0
2013-05-02 00:00:00+09:00,149.61759110820086,158.52340010273662,149.61759110820086,154.07049560546875,346900,0.0,0.0
2013-05-07 00:00:00+09:00,158.52339229481743,170.10094341747265,156.74223058363972,166.5386199951172,1816900,0.0,0.0
2013-05-08 00:00:00+09:00,172.7726914796187,180.78791943485874,165.6480444082942,171.88211059570312,3291200,0.0,0.0
2013-05-09 00:00:00+09:00,173.66324949800298,173.66324949800298,157.63279569818732,158.52337646484375,1287500,0.0,0.0
2013-05-10 00:00:00+09:00,159.41397422316385,162.97629766949154,151.39874646892656,157.6328125,483700,0.0,0.0
2013-05-13 00:00:00+09:00,154.07047876818427,156.74222117456895,152.2893171639278,154.9610595703125,289900,0.0,0.0
2013-05-14 00:00:00+09:00,154.07048905367233,159.41397422316385,153.1799081920904,157.6328125,358000,0.0,0.0
2013-05-15 00:00:00+09:00,159.4139810021902,160.30456190164378,145.164686610933,154.07049560546875,846100,0.0,0.0
2013-05-16 00:00:00+09:00,152.2893389589298,153.17991988851418,130.02481571932017,143.38352966308594,665400,0.0,0.0
2013-05-17 00:00:00+09:00,142.49292430763472,150.5081512999392,138.93060119994388,148.72698974609375,354500,0.0,0.0
2013-05-20 00:00:00+09:00,149.6175687982795,162.08569953146946,149.6175687982795,158.52337646484375,803600,0.0,0.0
2013-05-21 00:00:00+09:00,158.52337025487145,158.52337025487145,151.39872440071994,153.1798858642578,407500,0.0,0.0
2013-05-22 00:00:00+09:00,153.1799110504518,154.0704919286521,147.83642578125,147.83642578125,224800,0.0,0.0
2013-05-23 00:00:00+09:00,146.9458236694336,150.50814666748047,131.80595092773436,133.5871124267578,492500,0.0,0.0
2013-05-24 00:00:00+09:00,137.1494140625,143.3834783380682,132.69651100852272,137.1494140625,410800,0.0,0.0
2013-05-27 00:00:00+09:00,137.1494649924979,138.04004593400765,132.6965602849493,134.47772216796875,148000,0.0,0.0
2013-05-28 00:00:00+09:00,132.69655860097785,138.93062511243318,131.80597767076995,135.36830139160156,315600,0.0,0.0
2013-05-29 00:00:00+09:00,139.82114228335294,165.64797748218882,139.82114228335294,156.74217224121094,3374000,0.0,0.0
2013-05-30 00:00:00+09:00,151.3987402268398,154.96106352629485,135.36828537929205,144.2740936279297,1057500,0.0,0.0
2013-05-31 00:00:00+09:00,146.94580941830043,147.83639008144164,138.93058345002947,141.60232543945312,421900,0.0,0.0
2013-06-03 00:00:00+09:00,138.9305547400366,140.7117156982422,135.3682328236254,140.7117156982422,222700,0.0,0.0
2013-06-04 00:00:00+09:00,140.71173919490508,145.16464233398438,131.80593291674654,145.16464233398438,548900,0.0,0.0
2013-06-05 00:00:00+09:00,151.3986890966242,164.75739695809105,149.61752804842862,156.74217224121094,2083300,0.0,0.0
2013-06-06 00:00:00+09:00,157.63278736787683,157.63278736787683,135.36826937806373,136.25885009765625,887500,0.0,0.0
2013-06-07 00:00:00+09:00,135.36830840239654,135.36830840239654,124.68133668641786,131.8059844970703,766300,0.0,0.0
2013-06-10 00:00:00+09:00,138.04003575804887,142.49294013734075,137.14945488219047,139.82119750976562,259000,0.0,0.0
2013-06-11 00:00:00+09:00,138.9306268755174,140.71178875853684,130.0248174604201,134.47772216796875,315900,0.0,0.0
2013-06-12 00:00:00+09:00,131.80593039772728,138.9305752840909,129.1341885653409,137.1494140625,223300,0.0,0.0
2013-06-13 00:00:00+09:00,134.4776886584712,136.25885009765625,130.9153657801011,136.25885009765625,118300,0.0,0.0
2013-06-14 00:00:00+09:00,137.14943081724877,140.71175369561888,132.69652721928614,136.25885009765625,205500,0.0,0.0
2013-06-17 00:00:00+09:00,137.1494470290196,145.16467445279346,135.36828537929205,144.2740936279297,721600,0.0,0.0
2013-06-18 00:00:00+09:00,145.16466217041014,148.72698516845702,142.492919921875,142.492919921875,449600,0.0,0.0
2013-06-19 00:00:00+09:00,144.2740936279297,146.94583610252099,140.71177032847464,144.2740936279297,237800,0.0,0.0
2013-06-20 00:00:00+09:00,142.49295691287878,148.72702377781724,140.7117949514678,146.94586181640625,415800,0.0,0.0
2013-06-21 00:00:00+09:00,140.71175842285155,145.16466217041014,138.93059692382812,142.492919921875,230900,0.0,0.0
2013-06-24 00:00:00+09:00,146.94577905196178,146.94577905196178,140.7117156982422,140.7117156982422,272500,0.0,0.0
2013-06-25 00:00:00+09:00,138.9305922564338,139.82117297602633,132.69652721928614,136.25885009765625,409100,0.0,0.0
2013-06-26 00:00:00+09:00,134.46599220742985,140.74107184377658,128.19091257108312,131.77667236328125,376300,1.0,0.0
2013-06-27 00:00:00+09:00,129.98375905354817,134.46595764160156,122.81224131266276,134.46595764160156,255400,0.0,0.0
2013-06-28 00:00:00+09:00,135.36239735921225,138.94815622965496,130.88019877115886,134.46595764160156,164600,0.0,0.0
2013-07-01 00:00:00+09:00,134.4659938933743,140.74107360839844,133.56955393408512,140.74107360839844,251900,0.0,0.0
2013-07-02 00:00:00+09:00,139.8446044921875,141.63748403695914,138.05172494741586,139.8446044921875,166400,0.0,0.0
2013-07-03 00:00:00+09:00,140.74104665780996,141.63748644543932,137.1552875072925,138.05172729492188,162800,0.0,0.0
2013-07-04 00:00:00+09:00,138.9482045173645,143.43040466308594,138.05176448822021,143.43040466308594,185700,0.0,0.0
2013-07-05 00:00:00+09:00,144.32682032785016,149.70545959472656,144.32682032785016,149.70545959472656,466100,0.0,0.0
2013-07-08 00:00:00+09:00,155.08409886160297,155.9805387394157,147.01613996128836,149.70545959472656,431000,0.0,0.0
2013-07-09 00:00:00+09:00,147.91257206697642,151.4983313898122,143.43037291343168,144.32681274414062,267800,0.0,0.0
2013-07-10 00:00:00+09:00,152.39479064941406,159.5663102093865,145.22327108944165,152.39479064941406,1313600,0.0,0.0
2013-07-11 00:00:00+09:00,153.2912349058001,161.35919463768434,149.70547502496268,159.56631469726562,1139200,0.0,0.0
2013-07-12 00:00:00+09:00,161.35917002066023,161.35917002066023,154.18765135307532,155.08409118652344,283700,0.0,0.0
2013-07-16 00:00:00+09:00,155.9805387394157,155.9805387394157,148.80901971691384,149.70545959472656,441400,0.0,0.0
2013-07-17 00:00:00+09:00,148.80901971691384,152.39477922816477,147.01613996128836,149.70545959472656,164900,0.0,0.0
2013-07-18 00:00:00+09:00,147.0161412250565,149.7054608816124,147.0161412250565,148.80902099609375,270800,0.0,0.0
2013-07-19 00:00:00+09:00,147.91261291503906,148.80905299331204,141.6375323671283,147.91261291503906,330500,0.0,0.0
2013-07-22 00:00:00+09:00,146.11968289888821,147.01612267127405,136.25884540264423,139.8446044921875,501400,0.0,0.0
2013-07-23 00:00:00+09:00,134.46595764160156,137.1552767944336,129.0873193359375,134.46595764160156,896000,0.0,0.0
2013-07-24 00:00:00+09:00,138.94816828709023,140.7410478778914,135.3624091054879,137.15528869628906,185200,0.0,0.0
2013-07-25 00:00:00+09:00,136.25884771966315,141.63748644543932,136.25884771966315,138.05172729492188,116200,0.0,0.0
2013-07-26 00:00:00+09:00,138.94821618732652,138.94821618732652,136.25889587402344,136.25889587402344,103100,0.0,0.0
2013-07-29 00:00:00+09:00,134.46597186001864,134.46597186001864,116.53717561201616,118.3300552368164,1170300,0.0,0.0
2013-07-30 00:00:00+09:00,122.81226221720378,124.60514195760092,116.53718312581381,123.70870208740234,508800,0.0,0.0
2013-07-31 00:00:00+09:00,120.12293486161666,121.01937467401677,116.53717561201616,118.3300552368164,499600,0.0,0.0
2013-08-01 00:00:00+09:00,118.33005115597747,118.33005115597747,111.15853290410006,115.64073181152344,600200,0.0,0.0
2013-08-02 00:00:00+09:00,117.43363189697266,118.3300718351175,114.74431208253817,117.43363189697266,289100,0.0,0.0
2013-08-05 00:00:00+09:00,117.43362669768156,121.91582618995949,116.53718679922598,121.0193862915039,398300,0.0,0.0
2013-08-06 00:00:00+09:00,120.12293638800182,124.60513550695711,120.12293638800182,122.812255859375,233400,0.0,0.0
2013-08-07 00:00:00+09:00,121.91582618995949,121.91582618995949,117.43362669768156,121.0193862915039,312900,0.0,0.0
2013-08-08 00:00:00+09:00,112.05498504638672,113.84786480712891,108.46922552490234,112.05498504638672,1161800,0.0,0.0
2013-08-09 00:00:00+09:00,112.05498246121998,112.05498246121998,108.46922302246094,108.46922302246094,349100,0.0,0.0
2013-08-12 00:00:00+09:00,107.57277925135725,107.57277925135725,104.88345977007332,105.77989959716797,220600,0.0,0.0
2013-08-13 00:00:00+09:00,105.77990344339166,109.3656628821507,105.77990344339166,108.46922302246094,185000,0.0,0.0
2013-08-14 00:00:00+09:00,107.57278070217225,111.15854005891133,106.67634086298749,110.26210021972656,188400,0.0,0.0
2013-08-15 00:00:00+09:00,110.26208385344474,112.95140297182144,107.57276473506803,111.15852355957031,138800,0.0,0.0
2013-08-16 00:00:00+09:00,110.26210021972656,111.15854005891133,108.46922054135702,110.26210021972656,125000,0.0,0.0
2013-08-19 00:00:00+09:00,110.26210274184045,110.26210274184045,106.67634330308142,108.46922302246094,193000,0.0,0.0
2013-08-20 00:00:00+09:00,109.36565939096305,121.91581702599159,109.36565939096305,116.53717803955078,879600,0.0,0.0
2013-08-21 00:00:00+09:00,119.22649093746216,121.91581028191618,114.74429203003876,115.64073181152344,566200,0.0,0.0
2013-08-22 00:00:00+09:00,115.64073925483517,115.64073925483517,110.26210021972656,110.26210021972656,236000,0.0,0.0
2013-08-23 00:00:00+09:00,111.15852355957031,113.84784267794701,110.26208385344474,111.15852355957031,230900,0.0,0.0
2013-08-26 00:00:00+09:00,112.95142995278665,115.64074971356729,112.05499003252645,113.84786987304688,121300,0.0,0.0
2013-08-27 00:00:00+09:00,112.95142865180969,115.64074838161469,112.0549887418747,114.74430847167969,192500,0.0,0.0
2013-08-28 00:00:00+09:00,112.05498246121998,112.95142232090974,105.77990344339166,108.46922302246094,420100,0.0,0.0
2013-08-29 00:00:00+09:00,108.4692242940267,110.26210403442383,107.57278442382812,107.57278442382812,97500,0.0,0.0
2013-08-30 00:00:00+09:00,108.46921782934365,111.15853727965796,104.88345856225791,106.67633819580078,245100,0.0,0.0
2013-09-02 00:00:00+09:00,107.57278442382812,107.57278442382812,103.0905850728353,107.57278442382812,267300,0.0,0.0
2013-09-03 00:00:00+09:00,105.77990344339166,109.3656628821507,105.77990344339166,108.46922302246094,155600,0.0,0.0
2013-09-04 00:00:00+09:00,108.4692303514856,114.74430979330708,108.4692303514856,113.84786987304688,445700,0.0,0.0
2013-09-05 00:00:00+09:00,113.84784267794701,113.84784267794701,109.36564414731917,111.15852355957031,231500,0.0,0.0
2013-09-06 00:00:00+09:00,112.95141313896805,112.95141313896805,108.46921420488201,109.36565399169922,214700,0.0,0.0
2013-09-09 00:00:00+09:00,112.05496326569587,112.05496326569587,110.26208385344474,111.15852355957031,91700,0.0,0.0
2013-09-10 00:00:00+09:00,111.15853356533363,112.95141313896805,109.36565399169922,109.36565399169922,149200,0.0,0.0
2013-09-11 00:00:00+09:00,109.36564414731917,112.05496326569587,108.46920444119361,111.15852355957031,155100,0.0,0.0
2013-09-12 00:00:00+09:00,111.15854005891133,111.15854005891133,109.36566038054178,110.26210021972656,99800,0.0,0.0
2013-09-13 00:00:00+09:00,108.46922302246094,109.3656628821507,107.57278316277117,108.46922302246094,259900,0.0,0.0
2013-09-17 00:00:00+09:00,108.46922054135702,110.26210021972656,107.57278070217225,110.26210021972656,105600,0.0,0.0
2013-09-18 00:00:00+09:00,108.46921420488201,109.36565399169922,107.57277441806481,109.36565399169922,186900,0.0,0.0
2013-09-19 00:00:00+09:00,109.36566038054178,112.0549798980961,108.46922054135702,110.26210021972656,247200,0.0,0.0
2013-09-20 00:00:00+09:00,110.26208385344474,113.84784267794701,109.36564414731917,111.15852355957031,243400,0.0,0.0
2013-09-24 00:00:00+09:00,111.15855232995885,117.43363189697266,110.26211239181403,117.43363189697266,531900,0.0,0.0
2013-09-25 00:00:00+09:00,116.53718444824219,116.53718444824219,112.05498504638672,112.05498504638672,277600,0.0,0.0
2013-09-26 00:00:00+09:00,111.15855011226624,113.84786987304688,110.26211019200602,113.84786987304688,136100,0.0,0.0
2013-09-27 00:00:00+09:00,112.05498504638672,113.84786480712891,111.15854516601563,112.05498504638672,123900,0.0,0.0
2013-09-30 00:00:00+09:00,112.05498504638672,113.84786480712891,111.15854516601563,112.05498504638672,148900,0.0,0.0
2013-10-01 00:00:00+09:00,112.05496326569587,113.84784267794701,111.15852355957031,111.15852355957031,115700,0.0,0.0
2013-10-02 00:00:00+09:00,111.15854260153021,112.95142232090974,108.46922302246094,108.46922302246094,170700,0.0,0.0
2013-10-03 00:00:00+09:00,108.46921420488201,109.36565399169922,106.6763346312476,109.36565399169922,191500,0.0,0.0
2013-10-04 00:00:00+09:00,107.57277801257221,108.46921782934365,105.77989837902935,106.67633819580078,125800,0.0,0.0
2013-10-07 00:00:00+09:00,107.57277268629808,107.57277268629808,103.9870135967548,104.88345336914062,251200,0.0,0.0
2013-10-08 00:00:00+09:00,103.09057892871505,109.36565764611508,103.09057892871505,106.67633819580078,330100,0.0,0.0
2013-10-09 00:00:00+09:00,105.77990344339166,108.46922302246094,103.98702372401213,108.46922302246094,154000,0.0,0.0
2013-10-10 00:00:00+09:00,108.46922054135702,111.15854005891133,107.57278070217225,110.26210021972656,196000,0.0,0.0
2013-10-11 00:00:00+09:00,109.36566416422527,112.95142364501953,109.36566416422527,112.95142364501953,197100,0.0,0.0
2013-10-15 00:00:00+09:00,112.05496326569587,112.95140297182144,110.26208385344474,111.15852355957031,156500,0.0,0.0
2013-10-16 00:00:00+09:00,112.95143689607319,129.08735645265506,111.15855694534187,119.22651672363281,3707900,0.0,0.0
2013-10-17 00:00:00+09:00,121.0193681716919,136.25884416368274,121.0193681716919,129.0873260498047,3940100,0.0,0.0
2013-10-18 00:00:00+09:00,127.29443467593363,129.0873140375665,120.12291722940215,126.39799499511719,1158900,0.0,0.0
2013-10-21 00:00:00+09:00,127.294474219061,141.6375135676876,124.60515434119351,140.74107360839844,1761100,0.0,0.0
2013-10-22 00:00:00+09:00,137.15531065657333,140.74107041230073,130.88023108405037,132.67311096191406,1341200,0.0,0.0
2013-10-23 00:00:00+09:00,132.673099491514,134.4659792143723,129.08734004579742,129.98377990722656,671200,0.0,0.0
2013-10-24 00:00:00+09:00,128.19088745117188,131.77664654071515,127.29444767878606,128.19088745117188,317800,0.0,0.0
2013-10-25 00:00:00+09:00,127.2944549783303,128.19089480212133,122.812255859375,122.812255859375,480400,0.0,0.0
2013-10-28 00:00:00+09:00,123.70872214181082,131.77668228149415,121.01940209524973,125.50160217285156,542800,0.0,0.0
2013-10-29 00:00:00+09:00,125.50160217285156,125.50160217285156,125.50160217285156,125.50160217285156,0,0.0,0.0
2013-10-30 00:00:00+09:00,122.81224401673275,123.70868375408116,119.22648506733908,120.1229248046875,441100,0.0,0.0
2013-10-31 00:00:00+09:00,120.1229248046875,120.1229248046875,120.1229248046875,120.1229248046875,0,0.0,0.0
2013-11-01 00:00:00+09:00,116.53717159300813,120.12293071894683,111.15853290410006,115.64073181152344,536000,0.0,0.0
2013-11-05 00:00:00+09:00,116.53718829154968,117.43362820148468,112.95142865180969,114.74430847167969,135700,0.0,0.0
2013-11-06 00:00:00+09:00,116.53718679922598,127.294465580693,116.53718679922598,121.0193862915039,407400,0.0,0.0
2013-11-07 00:00:00+09:00,121.01937467401677,121.01937467401677,118.3300552368164,118.3300552368164,164900,0.0,0.0
2013-11-08 00:00:00+09:00,122.81226221720378,129.08734130859375,121.91582234700522,123.70870208740234,895900,0.0,0.0
2013-11-11 00:00:00+09:00,122.81224401673275,122.81224401673275,118.33004532999067,120.1229248046875,169900,0.0,0.0
2013-11-12 00:00:00+09:00,120.12294639304832,121.91582618995949,119.22650649459274,121.0193862915039,128400,0.0,0.0
2013-11-13 00:00:00+09:00,121.0193862915039,121.91582618995949,119.22650649459274,121.0193862915039,94900,0.0,0.0
2013-11-14 00:00:00+09:00,121.0193862915039,122.81226608841507,120.12294639304832,121.0193862915039,120100,0.0,0.0
2013-11-15 00:00:00+09:00,121.01938500123866,122.81226477903479,120.12294511234059,121.91582489013672,173500,0.0,0.0
2013-11-18 00:00:00+09:00,123.70870466793285,123.70870466793285,121.01938500123866,121.91582489013672,260500,0.0,0.0
2013-11-19 00:00:00+09:00,121.91582489013672,121.91582489013672,120.12294511234059,121.91582489013672,166700,0.0,0.0
2013-11-20 00:00:00+09:00,122.81224881685696,130.88020676832932,121.91580904447115,128.19088745117188,523300,0.0,0.0
2013-11-21 00:00:00+09:00,128.19088628556995,133.56952487097846,124.60512722863092,129.0873260498047,933100,0.0,0.0
2013-11-22 00:00:00+09:00,129.9838022504534,131.77668228149415,123.70872214181082,125.50160217285156,558200,0.0,0.0
2013-11-25 00:00:00+09:00,125.5015959156503,126.39803588647636,123.70871597399814,124.60515594482422,177100,0.0,0.0
2013-11-26 00:00:00+09:00,123.70870208740234,123.70870208740234,121.91582234700522,123.70870208740234,236900,0.0,0.0
2013-11-27 00:00:00+09:00,122.81226608841507,123.70870598687065,120.12294639304832,121.0193862915039,206300,0.0,0.0
2013-11-28 00:00:00+09:00,121.01938247680664,124.60514195760092,121.01938247680664,123.70870208740234,120500,0.0,0.0
2013-11-29 00:00:00+09:00,123.70871597399814,129.98379576978067,121.915836032346,124.60515594482422,480300,0.0,0.0
2013-12-02 00:00:00+09:00,123.70871197337836,127.29447174072266,121.01939214787012,127.29447174072266,423100,0.0,0.0
2013-12-03 00:00:00+09:00,127.2944822038923,129.9838022504534,125.50160217285156,125.50160217285156,410300,0.0,0.0
2013-12-04 00:00:00+09:00,124.6051283616286,128.19088745117188,122.81224881685696,128.19088745117188,315700,0.0,0.0
2013-12-05 00:00:00+09:00,127.29447585730244,127.29447585730244,124.60515594482422,124.60515594482422,359800,0.0,0.0
2013-12-06 00:00:00+09:00,124.6051621573312,125.50160217285156,123.70872214181082,125.50160217285156,170000,0.0,0.0
2013-12-09 00:00:00+09:00,125.50160217285156,127.2944822038923,124.6051621573312,125.50160217285156,175400,0.0,0.0
2013-12-10 00:00:00+09:00,125.50157585400062,135.36241395681495,125.50157585400062,133.5695343017578,1319500,0.0,0.0
2013-12-11 00:00:00+09:00,130.8802055782742,130.8802055782742,127.29444652133517,129.0873260498047,357500,0.0,0.0
2013-12-12 00:00:00+09:00,126.39799499511719,128.19087435675007,124.60511563348433,126.39799499511719,335900,0.0,0.0
2013-12-13 00:00:00+09:00,126.39804218837193,128.19092221941267,124.6051621573312,125.50160217285156,272100,0.0,0.0
2013-12-16 00:00:00+09:00,125.50159655119243,125.50159655119243,119.22651672363281,119.22651672363281,566100,0.0,0.0
2013-12-17 00:00:00+09:00,120.12293486161666,121.01937467401677,117.43361542441627,118.3300552368164,342100,0.0,0.0
2013-12-18 00:00:00+09:00,118.33006533454447,123.70870466793285,117.4336254456464,121.91582489013672,604400,0.0,0.0
2013-12-19 00:00:00+09:00,122.81226477903479,122.81226477903479,120.12294511234059,121.91582489013672,184900,0.0,0.0
2013-12-20 00:00:00+09:00,121.01939808238637,166.73783735795456,121.01939808238637,157.7734375,23568800,0.0,0.0
2013-12-24 00:00:00+09:00,191.83814907917935,202.59542846679688,189.14882923227495,202.59542846679688,7978000,0.0,0.0
2013-12-25 00:00:00+09:00,198.1132167389034,255.48537000265821,182.8737385282185,232.1779327392578,39828500,0.0,0.0
2013-12-26 00:00:00+09:00,222.7470757378472,296.3973185221354,217.35803358289928,282.9247131347656,26879400,0.5,0.0
2013-12-27 00:00:00+09:00,272.1466082763672,314.3607686360677,263.1648720296224,269.45208740234375,31435600,0.0,0.0
2013-12-30 00:00:00+09:00,274.84117373904667,287.4156065244932,264.0630884943782,265.85943603515625,9478800,0.0,0.0
2014-01-06 00:00:00+09:00,260.47040617867805,276.63753483804425,233.525191746401,239.81240844726562,6961800,0.0,0.0
2014-01-07 00:00:00+09:00,239.8123911662274,240.71056491591366,215.5616999246988,223.645263671875,5254000,0.0,0.0
2014-01-08 00:00:00+09:00,229.9325,238.91423828125,222.747109375,224.54345703125,4084900,0.0,0.0
2014-01-09 00:00:00+09:00,224.54346227281877,256.87772084010464,219.15441917827113,235.32154846191406,6576200,0.0,0.0
2014-01-10 00:00:00+09:00,226.33980402453193,229.03432550101445,207.47815368915428,208.37632751464844,4092000,0.0,0.0
2014-01-14 00:00:00+09:00,206.57999914603172,216.45991214866802,202.08912959937885,209.27452087402344,2199400,0.0,0.0
2014-01-15 00:00:00+09:00,220.05256202150497,221.84890946657848,210.17265107360066,212.86717224121094,1896500,0.0,0.0
2014-01-16 00:00:00+09:00,210.17270751953123,211.96905544704862,201.19096788194443,202.08914184570312,1168400,0.0,0.0
2014-01-17 00:00:00+09:00,205.68180366678442,216.45988944844999,202.08910840622923,211.0708465576172,1186200,0.0,0.0
2014-01-20 00:00:00+09:00,218.25621684853962,220.95073804420062,214.66352192099166,216.45986938476562,1408200,0.0,0.0
2014-01-21 00:00:00+09:00,221.8489162350489,222.74708998498838,217.35804748535156,217.35804748535156,1281800,0.0,0.0
2014-01-22 00:00:00+09:00,219.15438255896936,243.40507243229794,218.25620885995718,233.52516174316406,4250200,0.0,0.0
2014-01-23 00:00:00+09:00,253.28501415252686,262.266752243042,226.33979988098145,229.9324951171875,6478300,0.0,0.0
2014-01-24 00:00:00+09:00,220.95074248510946,227.23795873468572,213.7653524855937,217.35804748535156,1479500,0.0,0.0
2014-01-27 00:00:00+09:00,202.98727210792333,207.47814095986854,199.3945770263672,199.3945770263672,1234700,0.0,0.0
2014-01-28 00:00:00+09:00,202.98727685433846,209.27449339407463,188.6164961920844,194.0055389404297,1224400,0.0,0.0
2014-01-29 00:00:00+09:00,198.49642019356247,204.78363712277033,195.80189865247337,202.98728942871094,755800,0.0,0.0
2014-01-30 00:00:00+09:00,199.39459299486737,201.19094067950581,189.51468072935592,193.1073760986328,1171000,0.0,0.0
2014-01-31 00:00:00+09:00,196.70004926409038,200.29274422781808,175.14387948172433,182.3292694091797,1533600,0.0,0.0
2014-02-03 00:00:00+09:00,178.73656045236896,181.43108146421372,167.060302734375,167.060302734375,1272400,0.0,0.0
2014-02-04 00:00:00+09:00,153.58770751953125,161.67127107319078,146.4023176940561,153.58770751953125,1668100,0.0,0.0
2014-02-05 00:00:00+09:00,169.7548626398636,169.7548626398636,150.89321123543434,158.97677612304688,774300,0.0,0.0
2014-02-06 00:00:00+09:00,161.67128129438922,182.32927834867226,159.87493372445155,177.83840942382812,1786900,0.0,0.0
2014-02-07 00:00:00+09:00,173.34754943847656,177.83841859491378,168.85668028203935,173.34754943847656,1101500,0.0,0.0
2014-02-10 00:00:00+09:00,177.83842295223903,188.61650919176867,169.7548582725918,174.2457275390625,3104300,0.0,0.0
2014-02-12 00:00:00+09:00,183.2274160627181,186.82011049532042,175.14385358936292,176.94020080566406,1787900,0.0,0.0
2014-02-13 00:00:00+09:00,174.24571036250214,174.24571036250214,161.67127765592983,164.3657989501953,1283000,0.0,0.0
2014-02-14 00:00:00+09:00,161.6712890625,165.263984375,152.68955078125,157.180419921875,962000,0.0,0.0
2014-02-17 00:00:00+09:00,157.1804293464212,158.07860322840074,149.99503829058477,152.68955993652344,575400,0.0,0.0
2014-02-18 00:00:00+09:00,153.58771961293323,180.53293358011447,152.68954581402718,168.85667419433594,3718400,0.0,0.0
2014-02-19 00:00:00+09:00,177.8383893464741,181.4310840807463,168.85665251079357,170.6529998779297,2358500,0.0,0.0
2014-02-20 00:00:00+09:00,167.06032948011764,167.95850329452688,158.97676515043452,159.87493896484375,767900,0.0,0.0
2014-02-21 00:00:00+09:00,163.46764289008246,167.95851220024954,160.7731213039822,161.67129516601562,855700,0.0,0.0
2014-02-24 00:00:00+09:00,159.87493896484375,165.26398185129918,158.07859133602528,159.87493896484375,654300,0.0,0.0
2014-02-25 00:00:00+09:00,163.46764289008246,170.65303378634982,160.7731213039822,161.67129516601562,1969700,0.0,0.0
2014-02-26 00:00:00+09:00,161.67127555975034,163.4676230659698,158.07858054731145,160.77310180664062,959300,0.0,0.0
2014-02-27 00:00:00+09:00,158.97677711038028,158.97677711038028,150.89321217256435,152.68955993652344,1465300,0.0,0.0
2014-02-28 00:00:00+09:00,150.8932217684659,151.7913957075639,145.50417813387784,148.19869995117188,850600,0.0,0.0
2014-03-03 00:00:00+09:00,147.3004935128348,147.3004935128348,138.31875610351562,144.60597229003906,910600,0.0,0.0
2014-03-04 00:00:00+09:00,141.91148237748578,158.976787220348,141.01330843838778,148.19869995117188,724600,0.0,0.0
2014-03-05 00:00:00+09:00,153.58770751953125,155.38405497590003,152.68953379134686,153.58770751953125,544200,0.0,0.0
2014-03-06 00:00:00+09:00,154.48589560019002,166.1621551513672,153.58772178856103,166.1621551513672,1161300,0.0,0.0
2014-03-07 00:00:00+09:00,178.736574445452,202.0890917096819,174.2457057407924,176.04205322265625,13968400,0.0,0.0
2014-03-10 00:00:00+09:00,171.55119559105407,174.2457169877722,163.46763140089968,168.85667419433594,2589600,0.0,0.0
2014-03-11 00:00:00+09:00,169.7548324837869,170.65300620063235,159.87492159848713,162.56944274902344,1490400,0.0,0.0
2014-03-12 00:00:00+09:00,159.87492142600576,159.87492142600576,155.38405284662358,156.2822265625,701900,0.0,0.0
2014-03-13 00:00:00+09:00,158.0786022466455,164.36581938145525,158.0786022466455,158.97677612304688,1177400,0.0,0.0
2014-03-14 00:00:00+09:00,152.68956533292445,153.58773924664754,146.40234793686284,147.30052185058594,1194600,0.0,0.0
2014-03-17 00:00:00+09:00,148.198695764309,156.28226098781678,145.50417402313977,147.30052185058594,803000,0.0,0.0
2014-03-18 00:00:00+09:00,150.89320373535156,152.68955139886765,149.09685607183548,150.89320373535156,455300,0.0,0.0
2014-03-19 00:00:00+09:00,150.89318173648388,151.7913554372963,144.60596583079706,146.40231323242188,476200,0.0,0.0
2014-03-20 00:00:00+09:00,146.40230362136643,146.40230362136643,133.8278726354822,138.31874084472656,1492000,0.0,0.0
2014-03-24 00:00:00+09:00,141.0132837835348,146.40232647589917,141.0132837835348,142.80963134765625,561300,0.0,0.0
2014-03-25 00:00:00+09:00,144.6059655409593,144.6059655409593,139.21692334688626,140.11509704589844,425400,0.0,0.0
2014-03-26 00:00:00+09:00,141.9114444439228,142.80961814293494,139.21692334688626,140.11509704589844,392300,0.0,0.0
2014-03-27 00:00:00+09:00,139.21691701382022,141.91143798828125,134.7260487230518,141.91143798828125,462600,0.0,0.0
2014-03-28 00:00:00+09:00,141.91148237748578,148.19869995117188,140.11513449928978,148.19869995117188,442100,0.0,0.0
2014-03-31 00:00:00+09:00,149.09684546199847,149.99501922984183,143.70780285493828,145.504150390625,481300,0.0,0.0
2014-04-01 00:00:00+09:00,147.30049971211164,156.28223749943552,146.40232593337925,155.38406372070312,973800,0.0,0.0
2014-04-02 00:00:00+09:00,154.48590770048253,156.28225546444165,150.89321217256435,152.68955993652344,710300,0.0,0.0
2014-04-03 00:00:00+09:00,153.5877252306257,158.97676822117396,150.89320373535156,150.89320373535156,895500,0.0,0.0
2014-04-04 00:00:00+09:00,150.89319509483244,151.79136887515884,147.3004999735269,149.0968475341797,492300,0.0,0.0
2014-04-07 00:00:00+09:00,145.504146030971,147.3004935128348,143.70779854910714,144.60597229003906,467000,0.0,0.0
2014-04-08 00:00:00+09:00,143.70780512971697,144.60597891177773,141.0132837835348,142.80963134765625,535200,0.0,0.0
2014-04-09 00:00:00+09:00,141.91146422951084,143.70781187798568,140.11511658103603,141.01329040527344,259700,0.0,0.0
2014-04-10 00:00:00+09:00,143.70777994791666,145.50412719726563,131.13334920247397,134.72604370117188,1235900,0.0,0.0
2014-04-11 00:00:00+09:00,129.33704858896684,135.62426622870828,127.54070069189785,132.0315704345703,1005300,0.0,0.0
2014-04-14 00:00:00+09:00,132.03152774859078,149.09682725351067,132.03152774859078,141.91143798828125,1083100,0.0,0.0
2014-04-15 00:00:00+09:00,144.60596770242927,148.19866255217906,137.4205780029297,137.4205780029297,531600,0.0,0.0
2014-04-16 00:00:00+09:00,141.01326433012756,143.7077853045886,140.1150906719739,141.91143798828125,304300,0.0,0.0
2014-04-17 00:00:00+09:00,142.80962928033642,144.60597681845388,139.21693420410156,139.21693420410156,401400,0.0,0.0
2014-04-18 00:00:00+09:00,139.21694275679863,141.01329040527344,137.4205951083238,141.01329040527344,166500,0.0,0.0
2014-04-21 00:00:00+09:00,140.11509914024202,141.91144656511693,137.4205780029297,137.4205780029297,268600,0.0,0.0
2014-04-22 00:00:00+09:00,138.31876063991237,139.2169344103014,132.92971801757812,132.92971801757812,470700,0.0,0.0
2014-04-23 00:00:00+09:00,135.62423057805478,139.2169254278046,134.72605686561735,137.4205780029297,278300,0.0,0.0
2014-04-24 00:00:00+09:00,138.31874992511024,147.30048693323428,138.31874992511024,146.40231323242188,1483700,0.0,0.0
2014-04-25 00:00:00+09:00,145.50415952646048,148.19868099917272,140.11511658103603,141.01329040527344,890200,0.0,0.0
2014-04-28 00:00:00+09:00,140.11510797316026,141.013281742219,136.5224128969254,139.21693420410156,445200,0.0,0.0
2014-04-30 00:00:00+09:00,141.01330991991523,141.01330991991523,132.0315704345703,132.0315704345703,531800,0.0,0.0
2014-05-01 00:00:00+09:00,132.9297307500776,137.4206000321748,132.03155689365815,135.62425231933594,244900,0.0,0.0
2014-05-02 00:00:00+09:00,135.62421991917995,138.31874084472656,134.72604627733108,138.31874084472656,170300,0.0,0.0
2014-05-07 00:00:00+09:00,139.21691448657543,142.80960905397095,137.4205672028777,138.31874084472656,275300,0.0,0.0
2014-05-08 00:00:00+09:00,140.1150881284243,144.6059563376687,137.4205672028777,138.31874084472656,504400,0.0,0.0
2014-05-09 00:00:00+09:00,138.31876063991237,140.11510818069044,132.0315442471891,132.92971801757812,460400,0.0,0.0
2014-05-12 00:00:00+09:00,135.62425231933594,141.91146931427204,134.7260784629165,135.62425231933594,563800,0.0,0.0
2014-05-13 00:00:00+09:00,137.42061966343928,139.21696763289603,135.62427169398256,136.52244567871094,277600,0.0,0.0
2014-05-14 00:00:00+09:00,136.52239095052084,137.4205645751953,132.9296964518229,134.72604370117188,235400,0.0,0.0
2014-05-15 00:00:00+09:00,133.8278700764974,134.72604370117188,132.9296964518229,134.72604370117188,158900,0.0,0.0
2014-05-16 00:00:00+09:00,132.92970021565756,133.82787386576337,125.7443110148112,129.33700561523438,847300,0.0,0.0
2014-05-19 00:00:00+09:00,129.3370069816931,129.3370069816931,120.35527038574219,120.35527038574219,556700,0.0,0.0
2014-05-20 00:00:00+09:00,122.15164689537433,126.6425162665278,122.15164689537433,124.8461685180664,618800,0.0,0.0
2014-05-21 00:00:00+09:00,123.94798278808592,125.74433036472486,122.151635211447,123.94798278808594,263900,0.0,0.0
2014-05-22 00:00:00+09:00,124.84613172382328,128.4388261619189,124.84613172382328,126.6424789428711,262900,0.0,0.0
2014-05-23 00:00:00+09:00,125.74432159637239,129.33701649912587,124.846147870684,128.4388427734375,308100,0.0,0.0
2014-05-26 00:00:00+09:00,131.13335976824666,133.827880859375,130.23518607120386,133.827880859375,338900,0.0,0.0
2014-05-27 00:00:00+09:00,134.7260784629165,139.2169477450137,132.9297307500776,135.62425231933594,649300,0.0,0.0
2014-05-28 00:00:00+09:00,138.31874335566653,142.80961164643492,136.52239603935917,141.91143798828125,567000,0.0,0.0
2014-05-29 00:00:00+09:00,140.11510358537944,144.60597229003906,139.21692984444755,144.60597229003906,373200,0.0,0.0
2014-05-30 00:00:00+09:00,144.6059655409593,145.50413923997147,135.62422855083759,140.11509704589844,933000,0.0,0.0
2014-06-02 00:00:00+09:00,139.21694275679863,142.80963805374827,139.21694275679863,141.01329040527344,274100,0.0,0.0
2014-06-03 00:00:00+09:00,141.0132832609849,157.1804112781679,140.11510948225254,155.38406372070312,2492300,0.0,0.0
2014-06-04 00:00:00+09:00,161.67129775225106,173.3475581454692,157.1804283702441,158.97677612304688,6111300,0.0,0.0
2014-06-05 00:00:00+09:00,156.28225546444165,159.87495099235983,148.19869052662568,152.68955993652344,1310400,0.0,0.0
2014-06-06 00:00:00+09:00,150.89319482704119,156.28223749943552,146.40232593337925,155.38406372070312,957500,0.0,0.0
2014-06-09 00:00:00+09:00,157.18040027837645,162.56944257363506,152.68953169899424,156.2822265625,967900,0.0,0.0
2014-06-10 00:00:00+09:00,156.28224672589982,158.0785943894159,148.19868224007743,150.89320373535156,1018100,0.0,0.0
2014-06-11 00:00:00+09:00,149.99501055136494,158.9767477101293,147.30048940373564,156.2822265625,886100,0.0,0.0
2014-06-12 00:00:00+09:00,152.68953186372366,163.46761646586887,151.79135814687822,162.56944274902344,829200,0.0,0.0
2014-06-13 00:00:00+09:00,160.77309531533257,165.26396389955974,158.07857416479627,162.56944274902344,606700,0.0,0.0
2014-06-16 00:00:00+09:00,164.3657792479127,164.3657792479127,158.0785636482658,163.4676055908203,597900,0.0,0.0
2014-06-17 00:00:00+09:00,162.56945142068497,164.3657989501953,160.77310389117466,164.3657989501953,335100,0.0,0.0
2014-06-18 00:00:00+09:00,165.2639473320926,175.14385722694598,164.36577370528775,171.55116271972656,2626900,0.0,0.0
2014-06-19 00:00:00+09:00,169.75483933773785,175.1438818563962,160.77310180664062,160.77310180664062,1756000,0.0,0.0
2014-06-20 00:00:00+09:00,160.77311277925298,162.56946040807145,156.28224370720682,159.87493896484375,672800,0.0,0.0
2014-06-23 00:00:00+09:00,156.2822265625,158.9767477101293,156.2822265625,156.2822265625,197600,0.0,0.0
2014-06-24 00:00:00+09:00,158.0785850569003,159.87493261436506,154.48588994197073,155.38406372070312,399100,0.0,0.0
2014-06-25 00:00:00+09:00,152.68955139886765,154.48589906238374,149.09685607183548,150.89320373535156,478200,0.0,0.0
2014-06-26 00:00:00+09:00,153.60383467240766,182.51749766956675,150.893178766424,168.96421813964844,4799400,1.0,0.0
2014-06-27 00:00:00+09:00,168.0606875447832,169.8677917119314,150.89319795687524,152.70030212402344,2251300,0.0,0.0
2014-06-30 00:00:00+09:00,152.70029735565186,159.02516174316406,150.89319324493408,159.02516174316406,768500,0.0,0.0
2014-07-01 00:00:00+09:00,159.0251740708863,162.63938257249737,156.31451769467802,159.92872619628906,833900,0.0,0.0
2014-07-02 00:00:00+09:00,161.7358304470946,163.5429346979001,159.92872619628906,159.92872619628906,559100,0.0,0.0
2014-07-03 00:00:00+09:00,162.63937588395743,162.63937588395743,156.314511266248,157.2180633544922,621700,0.0,0.0
2014-07-04 00:00:00+09:00,158.12161544273638,159.9287196192248,156.314511266248,157.2180633544922,346700,0.0,0.0
2014-07-07 00:00:00+09:00,156.31447373775012,157.21802560906661,154.5073699951172,154.5073699951172,257800,0.0,0.0
2014-07-08 00:00:00+09:00,154.50739767385082,156.31450174021165,153.60384564067041,155.41094970703125,261900,0.0,0.0
2014-07-09 00:00:00+09:00,154.50740629117166,157.21806254189397,151.79675004044935,152.70030212402344,405900,0.0,0.0
2014-07-10 00:00:00+09:00,151.79673767089844,159.92870576041085,149.98963365100678,151.79673767089844,580900,0.0,0.0
2014-07-11 00:00:00+09:00,149.98963365100678,152.70028968084426,148.18252963111516,151.79673767089844,199800,0.0,0.0
2014-07-14 00:00:00+09:00,155.41095837474575,155.41095837474575,152.70030212402344,152.70030212402344,110100,0.0,0.0
2014-07-15 00:00:00+09:00,154.50739767385082,155.41094970703125,152.70029360749,155.41094970703125,166600,0.0,0.0
2014-07-16 00:00:00+09:00,154.50739370073592,154.50739370073592,151.79673767089844,151.79673767089844,165900,0.0,0.0
2014-07-17 00:00:00+09:00,151.79674627130683,153.60385039358428,148.1825380267519,149.08609008789062,428300,0.0,0.0
2014-07-18 00:00:00+09:00,146.37543296813965,148.18253707885742,142.7612247467041,144.56832885742188,671200,0.0,0.0
2014-07-22 00:00:00+09:00,143.664776802063,146.37543296813965,143.664776802063,144.56832885742188,166100,0.0,0.0
2014-07-23 00:00:00+09:00,142.7612191659433,146.37542724609375,142.7612191659433,146.37542724609375,226300,0.0,0.0
2014-07-24 00:00:00+09:00,145.47188380979142,147.2789879564969,140.95412344302773,143.66477966308594,306600,0.0,0.0
2014-07-25 00:00:00+09:00,142.7612191659433,146.37542724609375,142.7612191659433,146.37542724609375,130700,0.0,0.0
2014-07-28 00:00:00+09:00,143.664776802063,147.27898502349854,143.664776802063,144.56832885742188,365700,0.0,0.0
2014-07-29 00:00:00+09:00,144.56832159133185,158.12160174051922,144.56832159133185,151.79673767089844,2386700,0.0,0.0
2014-07-30 00:00:00+09:00,149.08609008789062,151.79674627130683,148.1825380267519,149.08609008789062,523800,0.0,0.0
2014-07-31 00:00:00+09:00,149.98963365100678,153.6038416907901,149.08608164106099,151.79673767089844,399500,0.0,0.0
2014-08-01 00:00:00+09:00,148.18252963111516,152.70028968084426,146.3754256112235,151.79673767089844,354600,0.0,0.0
2014-08-04 00:00:00+09:00,149.98964587330113,155.41095837474575,149.98964587330113,152.70030212402344,335400,0.0,0.0
2014-08-05 00:00:00+09:00,150.89322193216833,153.60387861358453,144.5683563421972,145.47190856933594,738800,0.0,0.0
2014-08-06 00:00:00+09:00,144.56831919996046,145.47187119496022,141.85766321496118,142.76121520996094,404600,0.0,0.0
2014-08-07 00:00:00+09:00,140.05055795308033,140.95410993987437,135.53279801910998,138.2434539794922,557400,0.0,0.0
2014-08-08 00:00:00+09:00,135.53278674818065,137.33989057148972,130.1114752782534,131.9185791015625,568200,0.0,0.0
2014-08-11 00:00:00+09:00,134.62925154325978,138.24345963838084,133.72569951947952,136.4363555908203,376400,0.0,0.0
2014-08-12 00:00:00+09:00,137.3399200439453,140.05057636060212,135.53281583284078,137.3399200439453,116200,0.0,0.0
2014-08-13 00:00:00+09:00,135.53281583284078,138.2434721494976,135.53281583284078,137.3399200439453,149700,0.0,0.0
2014-08-14 00:00:00+09:00,138.2434721494976,140.05057636060212,137.3399200439453,137.3399200439453,112900,0.0,0.0
2014-08-15 00:00:00+09:00,137.3399114793347,140.05056762695312,137.3399114793347,140.05056762695312,112000,0.0,0.0
2014-08-18 00:00:00+09:00,139.14702494432973,146.37544182455466,137.3399207242735,141.85768127441406,655400,0.0,0.0
2014-08-19 00:00:00+09:00,142.76120542868588,144.5683092948718,140.05054962940704,140.9541015625,139000,0.0,0.0
2014-08-20 00:00:00+09:00,141.8576717253654,141.8576717253654,140.05056762695312,140.05056762695312,89600,0.0,0.0
2014-08-21 00:00:00+09:00,140.05054962940704,141.85765349559296,139.1469976963141,140.9541015625,322000,0.0,0.0
2014-08-22 00:00:00+09:00,140.95411570972166,140.95411570972166,136.4363555908203,136.4363555908203,372400,0.0,0.0
2014-08-25 00:00:00+09:00,138.2434721494976,138.2434721494976,135.53281583284078,137.3399200439453,377500,0.0,0.0
2014-08-26 00:00:00+09:00,137.3398992365057,142.761211048473,137.3398992365057,139.14700317382812,374000,0.0,0.0
2014-08-27 00:00:00+09:00,141.85765907981178,141.85765907981178,139.14700317382812,139.14700317382812,148600,0.0,0.0
2014-08-28 00:00:00+09:00,138.24346446990967,149.0860891342163,137.33991241455078,144.56832885742188,893600,0.0,0.0
2014-08-29 00:00:00+09:00,142.761211048473,142.761211048473,138.2434512051669,139.14700317382812,508800,0.0,0.0
2014-09-01 00:00:00+09:00,140.05057705435783,143.6647854944703,140.05057705435783,141.85768127441406,234900,0.0,0.0
2014-09-02 00:00:00+09:00,142.761211048473,144.56831498579544,139.14700317382812,139.14700317382812,379600,0.0,0.0
2014-09-03 00:00:00+09:00,140.05057705435783,143.6647854944703,140.05057705435783,141.85768127441406,256000,0.0,0.0
2014-09-04 00:00:00+09:00,141.8576717253654,141.8576717253654,140.05056762695312,140.05056762695312,93400,0.0,0.0
2014-09-05 00:00:00+09:00,140.0505636859414,140.95411570972166,135.53280356704005,136.4363555908203,519000,0.0,0.0
2014-09-08 00:00:00+09:00,138.2434721494976,139.14702425504987,136.43636793839303,137.3399200439453,229500,0.0,0.0
2014-09-09 00:00:00+09:00,140.05055514248934,141.85765907981178,137.3398992365057,139.14700317382812,484900,0.0,0.0
2014-09-10 00:00:00+09:00,139.1470429793648,146.37546079647467,135.53283407080988,145.47190856933594,1123400,0.0,0.0
2014-09-11 00:00:00+09:00,147.27899393458276,147.27899393458276,140.95412916438596,141.85768127441406,427000,0.0,0.0
2014-09-12 00:00:00+09:00,141.85765349559296,142.76120542868588,140.05054962940704,140.9541015625,234300,0.0,0.0
2014-09-16 00:00:00+09:00,140.05055795308033,140.05055795308033,138.2434539794922,138.2434539794922,178800,0.0,0.0
2014-09-17 00:00:00+09:00,138.2434512051669,140.05055514248934,138.2434512051669,139.14700317382812,176100,0.0,0.0
2014-09-18 00:00:00+09:00,141.85765907981178,141.85765907981178,138.2434512051669,139.14700317382812,285900,0.0,0.0
2014-09-19 00:00:00+09:00,140.95411967615928,140.95411967615928,139.14701557774697,140.05056762695312,134800,0.0,0.0
2014-09-22 00:00:00+09:00,140.95410711115056,140.95410711115056,139.14700317382812,139.14700317382812,94600,0.0,0.0
2014-09-24 00:00:00+09:00,139.14702425504987,140.05057636060212,137.3399200439453,137.3399200439453,185100,0.0,0.0
2014-09-25 00:00:00+09:00,137.33990199269812,139.14700596628626,137.33990199269812,138.2434539794922,120700,0.0,0.0
2014-09-26 00:00:00+09:00,137.3399200439453,139.14702425504987,137.3399200439453,137.3399200439453,178300,0.0,0.0
2014-09-29 00:00:00+09:00,139.14702494432973,144.56833760449842,137.3399207242735,141.85768127441406,346000,0.0,0.0
2014-09-30 00:00:00+09:00,139.14700317382812,141.85765907981178,139.14700317382812,139.14700317382812,161900,0.0,0.0
2014-10-01 00:00:00+09:00,139.14702425504987,140.05057636060212,137.3399200439453,137.3399200439453,237100,0.0,0.0
2014-10-02 00:00:00+09:00,133.72570419311523,135.532808303833,127.40083980560303,130.1114959716797,903800,0.0,0.0
2014-10-03 00:00:00+09:00,131.01502186543232,134.62922936516838,130.1114699904983,133.72567749023438,226600,0.0,0.0
2014-10-06 00:00:00+09:00,134.62925154325978,138.24345963838084,134.62925154325978,136.4363555908203,228500,0.0,0.0
2014-10-07 00:00:00+09:00,136.4363331150364,136.4363331150364,131.91857374036633,133.72567749023438,243000,0.0,0.0
2014-10-08 00:00:00+09:00,131.01504802703857,131.91860008239746,127.40083980560303,130.1114959716797,329600,0.0,0.0
2014-10-09 00:00:00+09:00,131.91860596562776,132.82215806128275,127.40084548735283,128.3043975830078,305200,0.0,0.0
2014-10-10 00:00:00+09:00,123.78661075536756,125.59371456201526,121.07595504539601,124.6901626586914,511300,0.0,0.0
2014-10-14 00:00:00+09:00,121.0759858308015,125.59374649612991,120.17243369773581,121.97953796386719,348900,0.0,0.0
2014-10-15 00:00:00+09:00,121.97951713617701,123.78662109375,121.97951713617701,123.78662109375,85600,0.0,0.0
2014-10-16 00:00:00+09:00,121.07596951998197,121.97952153132512,115.65465745192307,117.46176147460938,732900,0.0,0.0
2014-10-17 00:00:00+09:00,117.4617738214158,120.17243014037155,117.4617738214158,118.36532592773438,330000,0.0,0.0
2014-10-20 00:00:00+09:00,121.07595504539601,125.59371456201526,120.17240314207216,124.6901626586914,247000,0.0,0.0
2014-10-21 00:00:00+09:00,122.88309009693286,125.59374649612991,121.97953796386719,121.97953796386719,337000,0.0,0.0
2014-10-22 00:00:00+09:00,122.88306841169084,128.3043802533831,122.88306841169084,126.49727630615234,243800,0.0,0.0
2014-10-23 00:00:00+09:00,125.59373569488525,132.82215213775635,125.59373569488525,130.1114959716797,333400,0.0,0.0
2014-10-24 00:00:00+09:00,131.9185972016433,133.7257012728987,130.1114931303879,131.01504516601562,144600,0.0,0.0
2014-10-27 00:00:00+09:00,130.11150251116072,133.7257109142485,129.20795041038875,132.82215881347656,162200,0.0,0.0
2014-10-28 00:00:00+09:00,131.01502186543232,135.5327812401024,131.01502186543232,133.72567749023438,299700,0.0,0.0
2014-10-29 00:00:00+09:00,135.53280926390784,135.53280926390784,132.82215307862967,134.62925720214844,133800,0.0,0.0
2014-10-30 00:00:00+09:00,132.82214923727102,133.7257012728987,128.30438905913255,131.01504516601562,476200,0.0,0.0
2014-10-31 00:00:00+09:00,131.01502718990795,131.9185791015625,128.30437145494435,131.9185791015625,271700,0.0,0.0
2014-11-04 00:00:00+09:00,133.72570514038907,134.62925720214844,132.82215307862967,134.62925720214844,256200,0.0,0.0
2014-11-05 00:00:00+09:00,133.72567749023438,139.14698873983846,132.82212561530037,133.72567749023438,324500,0.0,0.0
2014-11-06 00:00:00+09:00,133.72568292487156,136.43633865983517,127.4008195432898,131.9185791015625,516900,0.0,0.0
2014-11-07 00:00:00+09:00,131.91860671270462,135.5328151157924,131.91860671270462,132.82215881347656,250800,0.0,0.0
2014-11-10 00:00:00+09:00,128.3043975830078,129.2079496786628,126.49729339169785,128.3043975830078,197900,0.0,0.0
2014-11-11 00:00:00+09:00,129.2079439163208,131.01504802703857,127.40083980560303,130.1114959716797,133900,0.0,0.0
2014-11-12 00:00:00+09:00,129.2079315185547,131.01503545587713,128.30437954989347,129.2079315185547,132700,0.0,0.0
2014-11-13 00:00:00+09:00,131.01505530507941,142.76123267725896,130.11150319952714,137.3399200439453,1191200,0.0,0.0
2014-11-14 00:00:00+09:00,134.62922936516838,136.4363331150364,131.01502186543232,133.72567749023438,440300,0.0,0.0
2014-11-17 00:00:00+09:00,132.82215213775635,132.82215213775635,127.40083980560303,130.1114959716797,448300,0.0,0.0
2014-11-18 00:00:00+09:00,130.1114699904983,136.4363331150364,129.2079181155643,133.72567749023438,440200,0.0,0.0
2014-11-19 00:00:00+09:00,133.72570328251007,140.95411967615928,133.72570328251007,140.05056762695312,798900,0.0,0.0
2014-11-20 00:00:00+09:00,142.7612197572822,150.8931879713046,135.53280356704005,136.4363555908203,2887700,0.0,0.0
2014-11-21 00:00:00+09:00,135.53283407080988,145.47190856933594,133.72572961653242,145.47190856933594,1182100,0.0,0.0
2014-11-25 00:00:00+09:00,143.6647672049607,148.18252717995946,141.85766321496118,142.76121520996094,678300,0.0,0.0
2014-11-26 00:00:00+09:00,141.85768127441406,143.6647854944703,140.05057705435783,141.85768127441406,282600,0.0,0.0
2014-11-27 00:00:00+09:00,141.85765907981178,142.761211048473,138.2434512051669,139.14700317382812,445500,0.0,0.0
2014-11-28 00:00:00+09:00,140.05059520650354,147.2790130236134,139.1470429793648,145.47190856933594,1088200,0.0,0.0
2014-12-01 00:00:00+09:00,144.56832428892216,152.70029253017404,142.76122023531065,150.8931884765625,1514900,0.0,0.0
2014-12-02 00:00:00+09:00,150.89318445123777,155.4109444647479,147.2789764404297,147.2789764404297,1416100,0.0,0.0
2014-12-03 00:00:00+09:00,149.08608811901462,149.98964016822077,139.14701557774697,140.05056762695312,1270500,0.0,0.0
2014-12-04 00:00:00+09:00,140.9541284661544,141.85768057170668,135.53281583284078,137.3399200439453,1011100,0.0,0.0
2014-12-05 00:00:00+09:00,137.33990761460058,138.24345963838084,135.53280356704005,136.4363555908203,370800,0.0,0.0
2014-12-08 00:00:00+09:00,136.4363555908203,138.24345963838084,136.4363555908203,136.4363555908203,283300,0.0,0.0
2014-12-09 00:00:00+09:00,138.24346252441407,140.95411865234377,135.53280639648438,135.53280639648438,497900,0.0,0.0
2014-12-10 00:00:00+09:00,132.82215881347656,134.62926301502046,131.91860671270462,132.82215881347656,369900,0.0,0.0
2014-12-11 00:00:00+09:00,130.1114699904983,135.5327812401024,130.1114699904983,133.72567749023438,232100,0.0,0.0
2014-12-12 00:00:00+09:00,134.62925720214844,135.53280926390784,133.72570514038907,134.62925720214844,121900,0.0,0.0
2014-12-15 00:00:00+09:00,134.62925720214844,136.4363613256672,132.82215307862967,134.62925720214844,122100,0.0,0.0
2014-12-16 00:00:00+09:00,132.82215112919428,133.72570317769222,125.59373474121094,125.59373474121094,702800,0.0,0.0
2014-12-17 00:00:00+09:00,124.69018920038788,130.1115017743178,123.78663710473289,128.3043975830078,352000,0.0,0.0
2014-12-18 00:00:00+09:00,133.72570231119792,149.08608703613282,131.91859822591147,135.53280639648438,3160300,0.0,0.0
2014-12-19 00:00:00+09:00,136.4363613256672,137.3399133874266,132.82215307862967,134.62925720214844,533400,0.0,0.0
2014-12-22 00:00:00+09:00,133.7257109142485,133.7257109142485,131.91860671270462,132.82215881347656,284900,0.0,0.0
2014-12-24 00:00:00+09:00,132.82215806128275,132.82215806128275,128.3043975830078,128.3043975830078,485100,0.0,0.0
2014-12-25 00:00:00+09:00,131.01505386997277,138.24347063521265,127.40084548735283,128.3043975830078,1437300,0.0,0.0
2014-12-26 00:00:00+09:00,129.21433143093162,132.8541717529297,128.3043713504321,132.8541717529297,384200,1.0,0.0
2014-12-29 00:00:00+09:00,133.7641318334292,133.7641318334292,131.94421167243016,132.8541717529297,262600,0.0,0.0
2014-12-30 00:00:00+09:00,131.94421167243016,133.7641318334292,130.12429151143112,132.8541717529297,238900,0.0,0.0
2015-01-05 00:00:00+09:00,132.85419988307825,133.76416015625,131.94423960990648,133.76416015625,123400,0.0,0.0
2015-01-06 00:00:00+09:00,131.9442183487899,131.9442183487899,130.12429809570312,130.12429809570312,168000,0.0,0.0
2015-01-07 00:00:00+09:00,130.12431571852994,131.03427596830986,129.21435546875,129.21435546875,181900,0.0,0.0
2015-01-08 00:00:00+09:00,131.03426892510777,131.94422912597656,130.12430872423897,131.94422912597656,87800,0.0,0.0
2015-01-09 00:00:00+09:00,132.85417847533327,133.76413860187665,128.30437784261636,130.12429809570312,244200,0.0,0.0
2015-01-13 00:00:00+09:00,129.21434852337015,131.94422912597656,129.21434852337015,131.94422912597656,162400,0.0,0.0
2015-01-14 00:00:00+09:00,131.0342793367347,135.58408070259355,130.12431906356292,133.76416015625,329100,0.0,0.0
2015-01-15 00:00:00+09:00,132.85419988307825,134.67412042942178,131.94423960990648,133.76416015625,161600,0.0,0.0
2015-01-16 00:00:00+09:00,131.9442362180898,132.8541964678697,129.21435546875,129.21435546875,283700,0.0,0.0
2015-01-19 00:00:00+09:00,131.94422603432648,144.6836685479856,131.94422603432648,139.22390747070312,2594100,0.0,0.0
2015-01-20 00:00:00+09:00,138.31392571864984,146.5035660572541,135.58404560578174,141.95376586914062,1494900,0.0,0.0
2015-01-21 00:00:00+09:00,142.86375539143881,142.86375539143881,136.49403381347656,136.49403381347656,566000,0.0,0.0
2015-01-22 00:00:00+09:00,137.4040045487253,141.043845728824,136.49404425370065,138.31396484375,321800,0.0,0.0
2015-01-23 00:00:00+09:00,140.13388543379935,142.86376631887336,138.31396484375,138.31396484375,344600,0.0,0.0
2015-01-26 00:00:00+09:00,138.31396484375,141.043845728824,137.4040045487253,138.31396484375,232200,0.0,0.0
2015-01-27 00:00:00+09:00,139.2239168922373,139.2239168922373,133.7641554454829,135.58407592773438,535100,0.0,0.0
2015-01-28 00:00:00+09:00,132.8541674227328,135.58404757525471,132.8541674227328,134.67408752441406,585900,0.0,0.0
2015-01-29 00:00:00+09:00,134.67411210801868,135.58407232496475,131.03427124023438,131.03427124023438,537400,0.0,0.0
2015-01-30 00:00:00+09:00,132.8541717529297,135.58405199442825,131.03425159193065,132.8541717529297,908500,0.0,0.0
2015-02-02 00:00:00+09:00,132.8541717529297,134.67409191392872,131.94421167243016,132.8541717529297,172200,0.0,0.0
2015-02-03 00:00:00+09:00,132.8541964678697,136.49403746698945,128.3043952189701,129.21435546875,793100,0.0,0.0
2015-02-04 00:00:00+09:00,131.03427124023438,132.85419167412653,129.21435080634222,131.03427124023438,303400,0.0,0.0
2015-02-05 00:00:00+09:00,131.03427596830986,131.9442362180898,129.21435546875,129.21435546875,182500,0.0,0.0
2015-02-06 00:00:00+09:00,131.03425159193065,133.7641318334292,129.21433143093162,132.8541717529297,273100,0.0,0.0
2015-02-09 00:00:00+09:00,139.2239144897461,142.86375539143881,135.5840735880534,136.49403381347656,1201900,0.0,0.0
2015-02-10 00:00:00+09:00,136.49403381347656,141.04383494059246,134.6741133626302,136.49403381347656,646100,0.0,0.0
2015-02-12 00:00:00+09:00,139.22392513877466,140.13388543379935,136.49404425370065,138.31396484375,347100,0.0,0.0
2015-02-13 00:00:00+09:00,138.31395426432292,138.31395426432292,135.5840735880534,136.49403381347656,157200,0.0,0.0
2015-02-16 00:00:00+09:00,136.49404425370065,140.13388543379935,135.584083958676,138.31396484375,415100,0.0,0.0
2015-02-17 00:00:00+09:00,138.31394729115604,139.22390747070312,137.40398711160896,139.22390747070312,208000,0.0,0.0
2015-02-18 00:00:00+09:00,139.22390747070312,142.86374818889144,137.40398711160896,139.22390747070312,700400,0.0,0.0
2015-02-19 00:00:00+09:00,140.13384579389523,146.5035660572541,140.13384579389523,141.95376586914062,1104900,0.0,0.0
2015-02-20 00:00:00+09:00,141.95376586914062,145.5936060196314,141.04380583151791,141.95376586914062,432800,0.0,0.0
2015-02-23 00:00:00+09:00,144.6836700439453,144.6836700439453,141.95378947707843,144.6836700439453,288200,0.0,0.0
2015-02-24 00:00:00+09:00,149.23350028532099,157.42314359366176,146.50361918254072,151.0534210205078,3795100,0.0,0.0
2015-02-25 00:00:00+09:00,151.0533962371243,153.78327689201208,141.953794054165,142.86375427246094,1189700,0.0,0.0
2015-02-26 00:00:00+09:00,143.77369689941406,148.32349743420565,142.86373679245574,143.77369689941406,633300,0.0,0.0
2015-02-27 00:00:00+09:00,143.77370985498968,147.4135506108122,143.77370985498968,144.6836700439453,326600,0.0,0.0
2015-03-02 00:00:00+09:00,144.6836638419859,148.32350444178428,139.2239029422883,141.0438232421875,758200,0.0,0.0
2015-03-03 00:00:00+09:00,141.04382782979727,141.95378800934435,137.40398711160896,139.22390747070312,721900,0.0,0.0
2015-03-04 00:00:00+09:00,137.40398711160896,141.95378800934435,137.40398711160896,139.22390747070312,384100,0.0,0.0
2015-03-05 00:00:00+09:00,139.22389636462248,144.68365700637239,139.22389636462248,143.77369689941406,415600,0.0,0.0
2015-03-06 00:00:00+09:00,142.8637259067633,146.5035660572541,141.04380583151791,141.95376586914062,336300,0.0,0.0
2015-03-09 00:00:00+09:00,141.953794054165,144.6836747090528,141.04383383586907,142.86375427246094,234800,0.0,0.0
2015-03-10 00:00:00+09:00,141.95377668549742,145.5936171133307,141.95377668549742,143.77369689941406,253300,0.0,0.0
2015-03-11 00:00:00+09:00,142.86377493343,147.4135766829023,140.13389388374662,146.5036163330078,482700,0.0,0.0
2015-03-12 00:00:00+09:00,147.4135506108122,148.32351079976783,144.6836700439453,144.6836700439453,350600,0.0,0.0
2015-03-13 00:00:00+09:00,147.4135506108122,148.32351079976783,141.95378947707843,144.6836700439453,441100,0.0,0.0
2015-03-16 00:00:00+09:00,151.05339685467442,190.1816864013672,148.3235161886261,190.1816864013672,13353900,0.0,0.0
2015-03-17 00:00:00+09:00,219.3004162128155,262.97850740872894,214.75061504657452,224.7601776123047,66701600,0.0,0.0
2015-03-18 00:00:00+09:00,214.75060119628907,219.3004020690918,192.0015968322754,200.1912384033203,13386400,0.0,0.0
2015-03-19 00:00:00+09:00,205.65096572932282,267.52824745318986,203.83104567862085,246.5991668701172,50536200,0.0,0.0
2015-03-20 00:00:00+09:00,238.40958111102765,247.5091834435096,220.2103764460637,224.7601776123047,11390300,0.0,0.0
2015-03-23 00:00:00+09:00,235.67967723624054,239.3195178113176,202.0111519167776,202.92111206054688,7595500,0.0,0.0
2015-03-24 00:00:00+09:00,204.74101676315559,230.21989884923718,197.4613361671323,222.03025817871094,12622600,0.0,0.0
2015-03-25 00:00:00+09:00,214.750622241528,220.21038382393974,202.92113881296925,210.20082092285156,3720600,0.0,0.0
2015-03-26 00:00:00+09:00,204.74105934043985,217.48050303273388,202.92113881296925,210.20082092285156,2727600,0.0,0.0
2015-03-27 00:00:00+09:00,232.03983174327718,272.07807722054855,224.76015074740965,235.67967224121094,42805900,0.0,0.0
2015-03-30 00:00:00+09:00,241.13944946773466,277.53785693456257,226.58008648100352,229.30996704101562,35560800,0.0,0.0
2015-03-31 00:00:00+09:00,236.58965091781312,245.68925287619055,224.76016837192248,228.40000915527344,8218300,0.0,0.0
2015-04-01 00:00:00+09:00,225.67010084249205,230.2199012627036,202.01113865739208,214.75057983398438,5840400,0.0,0.0
2015-04-02 00:00:00+09:00,215.66058443799432,237.49963096336083,207.47094199098188,221.12034606933594,6700100,0.0,0.0
2015-04-03 00:00:00+09:00,218.39044189453125,240.22948608398437,215.66056137084962,236.5896453857422,5034600,0.0,0.0
2015-04-06 00:00:00+09:00,272.98809275907627,309.3865051269531,271.16817214068243,309.3865051269531,32100700,0.0,0.0
2015-04-07 00:00:00+09:00,345.78490430935506,352.1546262308432,276.627923447484,284.81756591796875,27895400,0.0,0.0
2015-04-08 00:00:00+09:00,282.9976134615908,295.7370558682219,257.5187286483286,261.1585693359375,11369300,0.0,0.0
2015-04-09 00:00:00+09:00,261.1585880467149,299.37691800477074,259.3386675725218,277.5378723144531,17855900,0.0,0.0
2015-04-10 00:00:00+09:00,284.8175457076521,287.5474263374379,269.3482221388659,274.8079833984375,6494400,0.0,0.0
2015-04-13 00:00:00+09:00,315.75618556760395,327.58566802402714,285.7274993320681,289.3673400878906,19290700,0.0,0.0
2015-04-14 00:00:00+09:00,300.2868253267728,362.164110545623,291.18722455929486,354.8844299316406,35049700,0.0,0.0
2015-04-15 00:00:00+09:00,350.33465521676203,381.2733000930475,334.8653327786193,356.7043762207031,38748200,0.0,0.0
2015-04-16 00:00:00+09:00,353.9744726924573,429.50115966796875,346.6947920201188,429.50115966796875,44922400,0.0,0.0
2015-04-17 00:00:00+09:00,427.6813179016113,436.7809204101562,362.1641798400879,363.9841003417969,24051200,0.0,0.0
2015-04-20 00:00:00+09:00,371.263768745811,379.45341070343915,328.49563852264157,339.4151611328125,10336100,0.0,0.0
2015-04-21 00:00:00+09:00,352.15461153944,356.7044127221201,318.48608278760724,324.8558044433594,9083600,0.0,0.0
2015-04-22 00:00:00+09:00,323.0358524785209,351.2446170611523,318.4860517393868,337.59521484375,8095000,0.0,0.0
2015-04-23 00:00:00+09:00,330.315508259518,334.8653086487676,320.305947403169,323.03582763671875,2689900,0.0,0.0
2015-04-24 00:00:00+09:00,321.2160014682346,338.5052480061849,313.9363187154134,327.5857238769531,3533100,0.0,0.0
2015-04-27 00:00:00+09:00,326.675676654837,333.95535747165786,320.30595594011874,325.7657165527344,1863300,0.0,0.0
2015-04-28 00:00:00+09:00,333.0454019267907,342.14500307233146,320.3059603230337,323.94580078125,3766300,0.0,0.0
2015-04-30 00:00:00+09:00,320.3060431628494,321.21600351274384,286.63751021675444,293.0072326660156,4538100,0.0,0.0
2015-05-01 00:00:00+09:00,293.91712277652294,302.10676396843843,272.9880397305167,296.6470031738281,4044700,0.0,0.0
2015-05-07 00:00:00+09:00,286.6374565573299,290.27729727551826,269.34821314593546,278.44781494140625,2710700,0.0,0.0
2015-05-08 00:00:00+09:00,285.7275085449219,315.75619574868756,282.08766767173813,285.7275085449219,8784400,0.0,0.0
2015-05-11 00:00:00+09:00,301.19682123889663,337.5952286393675,295.737060128826,332.1354675292969,12286500,0.0,0.0
2015-05-12 00:00:00+09:00,328.4956823031974,346.6948890789978,317.57615823771715,333.9554443359375,10483700,0.0,0.0
2015-05-13 00:00:00+09:00,338.5051935369318,353.9745168974905,327.5856711647727,330.3155517578125,8844600,0.0,0.0
2015-05-14 00:00:00+09:00,330.3155507616898,333.04543134649714,303.01674491361626,306.6565856933594,3993500,0.0,0.0
2015-05-15 00:00:00+09:00,313.93620942768297,322.1258496736225,309.38640929104986,311.2063293457031,2588600,0.0,0.0
2015-05-18 00:00:00+09:00,313.02630408653846,314.84622445913465,291.1872596153846,295.737060546875,2440500,0.0,0.0
2015-05-19 00:00:00+09:00,293.0071450676717,327.5856280259683,287.5473846005722,323.03582763671875,6034800,0.0,0.0
2015-05-20 00:00:00+09:00,332.13547485351563,344.87491772460936,324.85579321289066,341.2350769042969,7320500,0.0,0.0
2015-05-21 00:00:00+09:00,337.595240697784,393.1028139661528,332.1354793926985,339.4151611328125,22895400,0.0,0.0
2015-05-22 00:00:00+09:00,339.41510855340834,370.3537511561319,338.5051484768577,361.254150390625,14527000,0.0,0.0
2015-05-25 00:00:00+09:00,377.6334140370193,391.28281454438144,370.35373376642616,374.9035339355469,11166400,0.0,0.0
2015-05-26 00:00:00+09:00,369.44392105295685,375.813643829732,353.97459430936016,359.4343566894531,3646600,0.0,0.0
2015-05-27 00:00:00+09:00,359.4342583915937,359.4342583915937,333.04541410461593,337.59521484375,4272800,0.0,0.0
2015-05-28 00:00:00+09:00,342.14508475966124,361.25425172762107,337.5952831006232,357.6144104003906,3228000,0.0,0.0
2015-05-29 00:00:00+09:00,351.2446641921997,368.5339093208313,347.6048231124878,349.42474365234375,3613300,0.0,0.0
2015-06-01 00:00:00+09:00,349.42474365234375,358.52434635162354,343.0550217628479,349.42474365234375,1840100,0.0,0.0
2015-06-02 00:00:00+09:00,346.69481120862457,353.9744922838713,342.1450105365954,345.78485107421875,1495700,0.0,0.0
2015-06-03 00:00:00+09:00,345.78492874020776,345.78492874020776,329.4056426419874,333.9554443359375,2378500,0.0,0.0
2015-06-04 00:00:00+09:00,333.95533002886856,334.86529005619514,301.19676904511033,311.2063293457031,4815800,0.0,0.0
2015-06-05 00:00:00+09:00,345.7848344924133,348.5147147647218,306.6565505893244,314.84619140625,12119400,0.0,0.0
2015-06-08 00:00:00+09:00,335.7753052103621,338.5051857405276,318.48606185264697,321.2159423828125,4621000,0.0,0.0
2015-06-09 00:00:00+09:00,327.5856874047256,349.4247332317073,325.7657669191438,335.77532958984375,9643500,0.0,0.0
2015-06-10 00:00:00+09:00,339.41520835028757,341.23512903849286,320.306041124132,327.5857238769531,2432300,0.0,0.0
2015-06-11 00:00:00+09:00,332.135492522141,334.865373282597,307.5665656780374,316.6661682128906,3464200,0.0,0.0
2015-06-12 00:00:00+09:00,313.02629316235425,316.66613378052114,306.6565720805621,312.1163330078125,1891300,0.0,0.0
2015-06-15 00:00:00+09:00,307.56655054804105,308.47651075676305,299.3769086695429,304.836669921875,1655400,0.0,0.0
2015-06-16 00:00:00+09:00,294.82708797996355,300.2868488684814,284.8175263510142,288.4573669433594,2215700,0.0,0.0
2015-06-17 00:00:00+09:00,292.09721456744717,304.8366569473358,291.1872543974551,303.92669677734375,2001700,0.0,0.0
2015-06-18 00:00:00+09:00,309.38646721117425,311.20638760653407,290.2773030598958,300.286865234375,1645200,0.0,0.0
2015-06-19 00:00:00+09:00,295.7371194678617,309.386524981763,287.5474761595209,302.1068420410156,1893100,0.0,0.0
2015-06-22 00:00:00+09:00,301.19682637973466,303.9267069813637,292.09722437430463,293.9171447753906,1184200,0.0,0.0
2015-06-23 00:00:00+09:00,301.1968124064993,308.4764936731217,292.0972108232214,299.37689208984375,2014100,0.0,0.0
2015-06-24 00:00:00+09:00,301.19682908698695,306.656590339319,298.4669484608209,304.836669921875,1106400,0.0,0.0
2015-06-25 00:00:00+09:00,301.19683370504293,311.2063961544552,300.28687348236906,303.0167541503906,1377300,0.0,0.0
2015-06-26 00:00:00+09:00,303.0167188957556,310.3183265799907,302.1040179352262,305.75482177734375,667500,1.0,0.0
2015-06-29 00:00:00+09:00,306.6675180288462,326.74693885216345,294.8024057241587,296.6278076171875,8209900,0.0,0.0
2015-06-30 00:00:00+09:00,290.2389151657684,302.10402804990355,284.76270921924447,288.41351318359375,2525800,0.0,0.0
2015-07-01 00:00:00+09:00,292.0642744479495,292.0642744479495,275.63565901025237,289.326171875,1827600,0.0,0.0
2015-07-02 00:00:00+09:00,292.0643028846154,293.8897047776442,282.0245924729567,284.7626953125,1059500,0.0,0.0
2015-07-03 00:00:00+09:00,283.85002290309444,285.67542497964166,277.4611156351791,280.19921875,928400,0.0,0.0
2015-07-06 00:00:00+09:00,273.8103438396843,282.02465415487484,265.5960335244938,268.3341369628906,1324700,0.0,0.0
2015-07-07 00:00:00+09:00,270.1595339791141,274.72303962065314,266.5087294658828,271.0722351074219,790300,0.0,0.0
2015-07-08 00:00:00+09:00,272.8975565920594,278.37376174106396,248.25463342153898,254.64353942871094,2168800,0.0,0.0
2015-07-09 00:00:00+09:00,233.65147257194243,255.55629812556205,193.49262572363983,253.73089599609375,2339800,0.0,0.0
2015-07-10 00:00:00+09:00,282.93726603190106,290.2388728972404,253.7308385705435,254.64353942871094,8544200,0.0,0.0
2015-07-13 00:00:00+09:00,261.94521579084727,270.15952569369614,256.469009188948,264.6833190917969,1409100,0.0,0.0
2015-07-14 00:00:00+09:00,270.1594918270239,278.37380070014285,266.50868788341546,271.9848937988281,2016200,0.0,0.0
2015-07-15 00:00:00+09:00,272.89759478473025,276.54839872833867,269.2467908411218,271.9848937988281,789000,0.0,0.0
2015-07-16 00:00:00+09:00,271.98486783302434,271.98486783302434,264.68326064287606,269.24676513671875,656400,0.0,0.0
2015-07-17 00:00:00+09:00,268.3340829385294,271.9848867880332,265.5959800514015,270.15948486328125,680800,0.0,0.0
2015-07-21 00:00:00+09:00,273.81029577063237,280.1992026719471,271.072192812926,271.9848937988281,1269100,0.0,0.0
2015-07-22 00:00:00+09:00,271.9849192470411,277.46112567483385,270.1595171044435,274.7230224609375,768900,0.0,0.0
2015-07-23 00:00:00+09:00,275.63567142809853,279.28647502317267,268.3340642379502,269.24676513671875,1318700,0.0,0.0
2015-07-24 00:00:00+09:00,267.4213416287643,268.33404245343587,261.03243585606344,263.7705383300781,866400,0.0,0.0
2015-07-27 00:00:00+09:00,261.03254150390626,261.03254150390626,247.3420235928622,250.99282836914062,1089500,0.0,0.0
2015-07-28 00:00:00+09:00,239.12767896034734,257.38170025503035,239.12767896034734,253.73089599609375,869600,0.0,0.0
2015-07-29 00:00:00+09:00,256.46896233278164,259.2070651334875,248.25465393066406,248.25465393066406,663700,0.0,0.0
2015-07-30 00:00:00+09:00,255.55628622731854,285.67541996125254,251.90548213835686,282.93731689453125,5946300,0.0,0.0
2015-07-31 00:00:00+09:00,285.67541794073384,285.67541794073384,269.2467996566022,278.3738098144531,2164900,0.0,0.0
2015-08-03 00:00:00+09:00,278.37386656644054,278.37386656644054,255.55633652001097,260.1198425292969,1586600,0.0,0.0
2015-08-04 00:00:00+09:00,262.85783750540656,266.50864080409275,255.55623090803417,263.7705383300781,668900,0.0,0.0
2015-08-05 00:00:00+09:00,261.9452449330112,263.77064733672563,258.2944401255825,260.1198425292969,405700,0.0,0.0
2015-08-06 00:00:00+09:00,259.20707575480145,264.6832815806071,258.29437478383386,262.8578796386719,505800,0.0,0.0
2015-08-07 00:00:00+09:00,264.68335513869226,269.2468612617732,260.1198490156114,261.94525146484375,689500,0.0,0.0
2015-08-10 00:00:00+09:00,218.13552621694714,227.26253568209137,206.2704139122596,213.572021484375,5202500,0.0,0.0
2015-08-11 00:00:00+09:00,213.57205551282496,213.57205551282496,204.44504459347345,206.27044677734375,2190200,0.0,0.0
2015-08-12 00:00:00+09:00,206.27041513469362,207.18311608661705,194.40530275968914,198.0561065673828,1887200,0.0,0.0
2015-08-13 00:00:00+09:00,205.35771418277022,209.92121894238733,191.66719990391886,198.0561065673828,2177000,0.0,0.0
2015-08-14 00:00:00+09:00,198.05609587196992,201.70689948251314,193.4925913587909,195.3179931640625,1093500,0.0,0.0
2015-08-17 00:00:00+09:00,197.14344454033431,203.53235246525253,194.40534114394077,196.23074340820312,806200,0.0,0.0
2015-08-18 00:00:00+09:00,196.23071834512427,214.48473865629862,195.31801732956555,201.70692443847656,1830000,0.0,0.0
2015-08-19 00:00:00+09:00,197.14344454033431,200.79424906885902,195.31804227607194,196.23074340820312,804700,0.0,0.0
2015-08-20 00:00:00+09:00,193.49260299754255,197.14340682768486,193.49260299754255,194.40530395507812,532200,0.0,0.0
2015-08-21 00:00:00+09:00,182.54021538628473,188.01642184787326,179.80211215549045,180.71481323242188,1408100,0.0,0.0
2015-08-24 00:00:00+09:00,171.58779696760507,177.97670430150524,156.0718791567046,158.8099822998047,2481000,0.0,0.0
2015-08-25 00:00:00+09:00,149.68296329703873,172.50048818988,146.03215931418413,152.4210662841797,2413700,0.0,0.0
2015-08-26 00:00:00+09:00,164.28615959323182,196.2306906252491,159.7226551600865,178.88937377929688,5764900,0.0,0.0
2015-08-27 00:00:00+09:00,183.45291646321616,195.31803046332467,178.88941107855905,180.71481323242188,2670700,0.0,0.0
2015-08-28 00:00:00+09:00,187.10371208190918,188.929114151001,180.7148048400879,182.5402069091797,1055800,0.0,0.0
2015-08-31 00:00:00+09:00,181.62750587463378,188.01641311645508,180.7148048400879,182.5402069091797,751400,0.0,0.0
2015-09-01 00:00:00+09:00,180.71479724702382,181.6274982432209,170.67508628885582,172.50048828125,758700,0.0,0.0
2015-09-02 00:00:00+09:00,164.28618731983207,175.23859980782086,162.4607852385006,170.6750946044922,818700,0.0,0.0
2015-09-03 00:00:00+09:00,174.3259022489507,175.23860330784575,170.6750980133706,171.58779907226562,394800,0.0,0.0
2015-09-04 00:00:00+09:00,173.41321934291295,173.41321934291295,157.8972997174944,159.7227020263672,746000,0.0,0.0
2015-09-07 00:00:00+09:00,156.07188906912074,169.76240565413136,153.33378575211864,161.548095703125,700600,0.0,0.0
2015-09-08 00:00:00+09:00,159.72266445270165,164.28616915135026,156.98456163351247,157.8972625732422,350200,0.0,0.0
2015-09-09 00:00:00+09:00,164.28617726201597,169.7623831707498,162.460775292438,167.93698120117188,559400,0.0,0.0
2015-09-10 00:00:00+09:00,163.37348158986947,174.325893763492,162.46078057540092,173.41319274902344,499400,0.0,0.0
2015-09-11 00:00:00+09:00,177.97671000162762,185.278318617079,175.23860677083334,180.71481323242188,1243200,0.0,0.0
2015-09-14 00:00:00+09:00,198.96882755930832,202.61963173470846,183.45290981385767,187.1037139892578,3135800,0.0,0.0
2015-09-15 00:00:00+09:00,183.45287821244222,188.9290835322166,178.88937377929688,178.88937377929688,819200,0.0,0.0
2015-09-16 00:00:00+09:00,182.54020495292468,182.54020495292468,177.06399880433696,177.97669982910156,397000,0.0,0.0
2015-09-17 00:00:00+09:00,175.2385702327806,180.714775552555,173.41316845952247,178.88937377929688,328300,0.0,0.0
2015-09-18 00:00:00+09:00,175.23860508419688,178.8894093567843,174.32590401605003,176.15130615234375,242300,0.0,0.0
2015-09-24 00:00:00+09:00,175.2385703997905,175.2385703997905,162.46075797480577,163.3734588623047,568200,0.0,0.0
2015-09-25 00:00:00+09:00,164.2861597498036,167.93696329979923,158.80995442481014,163.3734588623047,438000,0.0,0.0
2015-09-28 00:00:00+09:00,163.37348779563695,167.93699304132514,160.63538464822403,167.0242919921875,409500,0.0,0.0
2015-09-29 00:00:00+09:00,160.63537739598473,163.37348041977992,154.24647034046262,156.9845733642578,612600,0.0,0.0
2015-09-30 00:00:00+09:00,158.80997397682884,161.54807697642934,157.897272976962,160.6353759765625,220500,0.0,0.0
2015-10-01 00:00:00+09:00,164.28617997602984,164.28617997602984,159.72267497669566,160.6353759765625,297800,0.0,0.0
2015-10-02 00:00:00+09:00,158.80998075678107,170.67509426159805,157.897279717949,162.46078491210938,494900,0.0,0.0
2015-10-05 00:00:00+09:00,166.1115792315939,172.50048612511677,166.1115792315939,167.93698120117188,571600,0.0,0.0
2015-10-06 00:00:00+09:00,171.58777910002863,185.27829338992453,168.84967624204944,174.3258819580078,1824000,0.0,0.0
2015-10-07 00:00:00+09:00,170.6750657996353,183.45287821244222,170.6750657996353,178.88937377929688,857900,0.0,0.0
2015-10-08 00:00:00+09:00,181.62750392816005,182.54020495292468,173.41319470527844,177.97669982910156,519200,0.0,0.0
2015-10-09 00:00:00+09:00,175.23858291066753,177.063984815987,172.50048005268835,174.3258819580078,360100,0.0,0.0
2015-10-13 00:00:00+09:00,176.1513043667408,177.0640054256358,171.58779907226562,171.58779907226562,334800,0.0,0.0
2015-10-14 00:00:00+09:00,170.67508912481657,171.5877901361792,165.19888305664062,165.19888305664062,484700,0.0,0.0
2015-10-15 00:00:00+09:00,162.46078002255265,168.84968710209125,160.63537799982734,165.19888305664062,389100,0.0,0.0
2015-10-16 00:00:00+09:00,164.28621034364443,171.58781969225086,164.28621034364443,168.84971618652344,579100,0.0,0.0
2015-10-19 00:00:00+09:00,170.67509618873805,171.5877972378757,165.19888989391222,167.0242919921875,346500,0.0,0.0
2015-10-20 00:00:00+09:00,167.93699815538196,167.93699815538196,162.46079169379342,164.28619384765625,318800,0.0,0.0
2015-10-21 00:00:00+09:00,162.46078002255265,167.9369860907286,162.46078002255265,165.19888305664062,322900,0.0,0.0
2015-10-22 00:00:00+09:00,166.11159094304986,168.84969409046278,164.28618884477459,167.0242919921875,308900,0.0,0.0
2015-10-23 00:00:00+09:00,167.9369948366855,172.50050013116066,167.9369948366855,171.58779907226562,491000,0.0,0.0
2015-10-26 00:00:00+09:00,176.15129579242907,177.06399680689762,171.58779072008636,173.41319274902344,629300,0.0,0.0
2015-10-27 00:00:00+09:00,171.58781969225086,173.41322202940245,167.02431384937185,168.84971618652344,359600,0.0,0.0
2015-10-28 00:00:00+09:00,167.93699815538196,168.84969923231338,163.37349277072482,164.28619384765625,457200,0.0,0.0
2015-10-29 00:00:00+09:00,165.19889492458768,167.02429707845053,163.37349277072482,164.28619384765625,151000,0.0,0.0
2015-10-30 00:00:00+09:00,164.28619384765625,167.02429707845053,162.46079169379342,164.28619384765625,284000,0.0,0.0
2015-11-02 00:00:00+09:00,165.19889492458768,165.19889492458768,162.46079169379342,164.28619384765625,220200,0.0,0.0
2015-11-04 00:00:00+09:00,164.2861990201271,164.2861990201271,160.6353945974576,161.548095703125,270600,0.0,0.0
2015-11-05 00:00:00+09:00,161.5481029734892,163.37350526697495,154.2464937995462,155.15919494628906,644600,0.0,0.0
2015-11-06 00:00:00+09:00,155.15919625418525,160.63540318080356,155.15919625418525,159.7227020263672,440400,0.0,0.0
2015-11-09 00:00:00+09:00,156.98458020440464,162.4607864906048,153.33377601360453,158.8099822998047,479500,0.0,0.0
2015-11-10 00:00:00+09:00,158.80997597710203,165.19888305664062,158.80997597710203,165.19888305664062,413700,0.0,0.0
2015-11-11 00:00:00+09:00,166.1115960015191,167.93699815538196,162.46079169379342,164.28619384765625,329500,0.0,0.0
2015-11-12 00:00:00+09:00,164.28617997602984,166.1115819757635,159.72267497669566,160.6353759765625,382700,0.0,0.0
2015-11-13 00:00:00+09:00,159.72267497669566,162.46077797629616,158.80997397682884,160.6353759765625,285500,0.0,0.0
2015-11-16 00:00:00+09:00,156.9845733642578,159.722676388053,156.07187235632608,156.9845733642578,189200,0.0,0.0
2015-11-17 00:00:00+09:00,158.8099635129719,159.72266445270165,156.07186069378275,157.8972625732422,298400,0.0,0.0
2015-11-18 00:00:00+09:00,158.8099822998047,161.54808544290475,156.98458020440464,158.8099822998047,327800,0.0,0.0
2015-11-19 00:00:00+09:00,158.80999238612287,162.46079680879237,157.8972912804555,161.548095703125,316500,0.0,0.0
2015-11-20 00:00:00+09:00,158.8099713532821,168.84968218596086,158.8099713532821,167.93698120117188,1013700,0.0,0.0
2015-11-24 00:00:00+09:00,167.93698666221218,174.325893763492,167.93698666221218,173.41319274902344,1034500,0.0,0.0
2015-11-25 00:00:00+09:00,182.54017995957713,204.4450015547264,177.9766754605877,183.452880859375,11837100,0.0,0.0
2015-11-26 00:00:00+09:00,183.4529079437256,185.2783100128174,177.9767017364502,182.5402069091797,1863500,0.0,0.0
2015-11-27 00:00:00+09:00,182.54021538628473,186.19101969401044,179.80211215549045,180.71481323242188,1052700,0.0,0.0
2015-11-30 00:00:00+09:00,184.36560461656103,198.9688208238134,181.62750157770122,193.49261474609375,3655800,0.0,0.0
2015-12-01 00:00:00+09:00,193.4926006610577,199.88150728665866,189.841796875,189.841796875,1536700,0.0,0.0
2015-12-02 00:00:00+09:00,195.31803367412198,208.09584896121405,192.57993039831652,206.27044677734375,4202400,0.0,0.0
2015-12-03 00:00:00+09:00,208.09584385234717,221.78635989526475,204.4450395742358,209.008544921875,7747900,0.0,0.0
2015-12-04 00:00:00+09:00,203.53232297030362,206.27042596990412,199.88151897083628,200.79421997070312,1397800,0.0,0.0
2015-12-07 00:00:00+09:00,207.18316119650137,212.65936810037365,202.61965544327447,209.9212646484375,1630300,0.0,0.0
2015-12-08 00:00:00+09:00,214.48474593226686,216.31014802530743,200.7942302344626,203.53233337402344,1975800,0.0,0.0
2015-12-09 00:00:00+09:00,198.96880751930624,209.92121894238733,194.40530275968914,198.0561065673828,2015400,0.0,0.0
2015-12-10 00:00:00+09:00,192.57992212204707,198.0561284383138,188.01641685849145,191.66722106933594,1025800,0.0,0.0
2015-12-11 00:00:00+09:00,192.57992025235805,195.31802338390816,187.1037139892578,187.1037139892578,650500,0.0,0.0
2015-12-14 00:00:00+09:00,186.19097539591672,186.19097539591672,179.80206937742938,185.2782745361328,637400,0.0,0.0
2015-12-15 00:00:00+09:00,183.45289148460506,188.92909720056343,174.3258819580078,174.3258819580078,1060100,0.0,0.0
2015-12-16 00:00:00+09:00,178.88940670615747,214.48474783646432,177.97670565153422,208.09584045410156,11991100,0.0,0.0
2015-12-17 00:00:00+09:00,215.39745415581598,219.04825846354169,197.1434326171875,205.3577423095703,7866300,0.0,0.0
2015-12-18 00:00:00+09:00,209.0085179904639,212.6593217981576,193.4926018077657,198.0561065673828,2572300,0.0,0.0
2015-12-21 00:00:00+09:00,194.40532422746932,201.70693264915832,188.01641685849145,191.66722106933594,1296300,0.0,0.0
2015-12-22 00:00:00+09:00,194.40534508746603,200.79425314198372,188.92913818359375,188.92913818359375,1174400,0.0,0.0
2015-12-24 00:00:00+09:00,191.66720005854262,191.66720005854262,174.3258819580078,174.3258819580078,1528700,0.0,0.0
2015-12-25 00:00:00+09:00,174.3258819580078,174.3258819580078,174.3258819580078,174.3258819580078,0,0.0,0.0
2015-12-28 00:00:00+09:00,172.49089121447943,177.99591965749474,172.49089121447943,177.0784149169922,883200,1.0,0.0
2015-12-29 00:00:00+09:00,176.16091635792526,179.83093544871537,172.49089726713515,177.9959259033203,805500,0.0,0.0
2015-12-30 00:00:00+09:00,177.99590037128712,186.2534421410891,177.07839573019803,185.3359375,1283600,0.0,0.0
2016-01-04 00:00:00+09:00,184.41845223563058,201.85104224795387,183.50094749813988,192.67599487304688,2175600,0.0,0.0
2016-01-05 00:00:00+09:00,191.7584991455078,193.59350870670886,184.41846090070368,191.7584991455078,1290700,0.0,0.0
2016-01-06 00:00:00+09:00,194.5109895546531,221.1186249182613,190.84097088381057,208.2735595703125,7094900,0.0,0.0
2016-01-07 00:00:00+09:00,214.69609111064187,223.8711377393018,199.09851184192004,203.68603515625,9792600,0.0,0.0
2016-01-08 00:00:00+09:00,199.09853158870212,200.0160363425671,189.00597929618726,195.4285125732422,2756400,0.0,0.0
2016-01-12 00:00:00+09:00,192.67599626020953,197.26351998069072,177.99592035466975,181.6659393310547,1847700,0.0,0.0
2016-01-13 00:00:00+09:00,188.08847324014297,189.92348273516876,184.4184542500914,186.2534637451172,851500,0.0,0.0
2016-01-14 00:00:00+09:00,177.99591965749474,177.99591965749474,168.82087225246923,177.0784149169922,2035600,0.0,0.0
2016-01-15 00:00:00+09:00,181.6659109696098,182.5834155704664,167.90334195676056,168.8208465576172,1282900,0.0,0.0
2016-01-18 00:00:00+09:00,156.89330596923827,167.90336252848306,155.97580125596787,165.15084838867188,1037000,0.0,0.0
2016-01-19 00:00:00+09:00,162.39836720951268,170.65591130491163,161.48086231002392,167.9033966064453,579800,0.0,0.0
2016-01-20 00:00:00+09:00,168.8208597117457,170.65586905643858,157.81080364358837,159.64581298828125,940000,0.0,0.0
2016-01-21 00:00:00+09:00,156.89331268682713,165.15085545981802,149.55327466639076,150.4707794189453,1413700,0.0,0.0
2016-01-22 00:00:00+09:00,155.97582123496315,161.48085021972656,154.14081157337534,161.48085021972656,670600,0.0,0.0
2016-01-25 00:00:00+09:00,165.15086028535487,166.06836506471797,159.64583160917638,162.39834594726562,622700,0.0,0.0
2016-01-26 00:00:00+09:00,158.7283083159348,165.1508410223599,155.97579429889547,159.64581298828125,681300,0.0,0.0
2016-01-27 00:00:00+09:00,164.2333555059918,165.15086028535487,159.64583160917638,162.39834594726562,636700,0.0,0.0
2016-01-28 00:00:00+09:00,161.48084116790255,167.9033746234441,160.56333638853945,162.39834594726562,678200,0.0,0.0
2016-01-29 00:00:00+09:00,162.39832804589298,166.06834675879452,160.5633186894422,164.23333740234375,701400,0.0,0.0
2016-02-01 00:00:00+09:00,166.98589170695655,168.8209015059341,165.150881907979,167.9033966064453,598900,0.0,0.0
2016-02-02 00:00:00+09:00,166.98587036132812,168.82087992573832,165.15086079691793,166.98587036132812,352700,0.0,0.0
2016-02-03 00:00:00+09:00,171.57336036018702,184.41842477217963,166.98583735590395,168.8208465576172,3999200,0.0,0.0
2016-02-04 00:00:00+09:00,173.40840329962262,173.40840329962262,161.48084116790255,162.39834594726562,1316300,0.0,0.0
2016-02-05 00:00:00+09:00,157.81079610188803,159.64580535888672,150.47075907389325,154.14077758789062,859000,0.0,0.0
2016-02-08 00:00:00+09:00,149.55325200697956,158.72829814237707,149.55325200697956,155.9757843017578,420100,0.0,0.0
2016-02-09 00:00:00+09:00,149.55325182178353,153.22327027139784,144.96572875976562,144.96572875976562,564200,0.0,0.0
2016-02-10 00:00:00+09:00,146.80077469588926,148.63578437958788,131.20319238445103,136.70822143554688,1029200,0.0,0.0
2016-02-12 00:00:00+09:00,126.61565157262291,128.45066101570438,112.85308074951172,112.85308074951172,2088100,0.0,0.0
2016-02-15 00:00:00+09:00,126.61564532975505,126.61564532975505,117.44059856672932,122.02812194824219,874300,0.0,0.0
2016-02-16 00:00:00+09:00,119.27562007197628,129.36817253960504,118.35811530219183,123.86314392089844,1093600,0.0,0.0
2016-02-17 00:00:00+09:00,120.19310050911004,144.96572427816326,120.19310050911004,131.20315551757812,3362300,0.0,0.0
2016-02-18 00:00:00+09:00,136.708218195667,138.5432278358773,133.03819891524643,133.95570373535156,1011100,0.0,0.0
2016-02-19 00:00:00+09:00,135.79067993164062,136.70818452577333,132.1206615551098,135.79067993164062,465600,0.0,0.0
2016-02-22 00:00:00+09:00,136.70818452577333,142.21321209056958,133.9556707433752,135.79067993164062,740000,0.0,0.0
2016-02-23 00:00:00+09:00,136.708218195667,138.5432278358773,133.95570373535156,133.95570373535156,548900,0.0,0.0
2016-02-24 00:00:00+09:00,132.12067024075253,137.62569816745057,129.36815627740353,134.87318420410156,547000,0.0,0.0
2016-02-25 00:00:00+09:00,136.7081883916792,141.2957114920711,135.79068377160078,138.54319763183594,504000,0.0,0.0
2016-02-26 00:00:00+09:00,139.46069830817146,141.29570749643688,135.79067993164062,135.79067993164062,363100,0.0,0.0
2016-02-29 00:00:00+09:00,137.62572627739618,141.2957456447934,136.70822143554688,136.70822143554688,504300,0.0,0.0
2016-03-01 00:00:00+09:00,137.62570288873488,144.96574037613408,134.87318883096017,142.21322631835938,780400,0.0,0.0
2016-03-02 00:00:00+09:00,151.3883056640625,152.305810546875,144.96577148437498,146.80078125,1299100,0.0,0.0
2016-03-03 00:00:00+09:00,145.8832763671875,153.2233154296875,145.8832763671875,146.80078125,795600,0.0,0.0
2016-03-04 00:00:00+09:00,147.7182414661754,153.22326909845526,147.7182414661754,151.3882598876953,605200,0.0,0.0
2016-03-07 00:00:00+09:00,155.97578684488934,155.97578684488934,151.38826370239258,154.14077758789062,671500,0.0,0.0
2016-03-08 00:00:00+09:00,154.1408172424682,155.9758269715452,146.80077832616018,153.2233123779297,741400,0.0,0.0
2016-03-09 00:00:00+09:00,151.3882624152248,152.3057670359231,147.71824393243145,149.55325317382812,406000,0.0,0.0
2016-03-10 00:00:00+09:00,150.4707977843142,155.9758269715452,149.55329291977569,153.2233123779297,498600,0.0,0.0
2016-03-11 00:00:00+09:00,149.55329291977569,155.9758269715452,149.55329291977569,153.2233123779297,374400,0.0,0.0
2016-03-14 00:00:00+09:00,157.81080465476606,167.9033561152453,155.0582906200899,164.23333740234375,2735700,0.0,0.0
2016-03-15 00:00:00+09:00,171.57338138156467,177.07840966118707,165.15084838867188,165.15084838867188,2677300,0.0,0.0
2016-03-16 00:00:00+09:00,165.15083190591577,171.5733642578125,160.5633087974181,171.5733642578125,1020500,0.0,0.0
2016-03-17 00:00:00+09:00,173.40839080810545,175.24340023464626,161.48082953559026,165.15084838867188,1790500,0.0,0.0
2016-03-18 00:00:00+09:00,162.39832804589298,167.9033561152453,162.39832804589298,164.23333740234375,314800,0.0,0.0
2016-03-22 00:00:00+09:00,164.23335601471283,170.65588949014852,164.23335601471283,166.98587036132812,927100,0.0,0.0
2016-03-23 00:00:00+09:00,168.82085810708736,170.65586743433832,165.15083945258547,166.06834411621094,617700,0.0,0.0
2016-03-24 00:00:00+09:00,166.06835310194228,166.98585781521268,163.31583896213107,165.15084838867188,340700,0.0,0.0
2016-03-25 00:00:00+09:00,164.2333555059918,165.15086028535487,161.48084116790255,162.39834594726562,346500,0.0,0.0
2016-03-28 00:00:00+09:00,161.48084063862646,161.48084063862646,156.8933167568473,157.81082153320312,488100,0.0,0.0
2016-03-29 00:00:00+09:00,166.98586058884524,168.82087004586552,161.4808322177844,163.3158416748047,835700,0.0,0.0
2016-03-30 00:00:00+09:00,160.56333638853945,168.8208794028072,160.56333638853945,162.39834594726562,685900,0.0,0.0
2016-03-31 00:00:00+09:00,162.39832546170905,166.9858487798364,161.48082079808356,166.06834411621094,388500,0.0,0.0
2016-04-01 00:00:00+09:00,169.7383576321464,170.65586226799584,157.81079736610369,158.72830200195312,832100,0.0,0.0
2016-04-04 00:00:00+09:00,156.89329147338867,160.56330998738608,153.2232729593913,154.14077758789062,477800,0.0,0.0
2016-04-05 00:00:00+09:00,151.38827038418717,153.2232797221773,142.2132236942364,144.04823303222656,842000,0.0,0.0
2016-04-06 00:00:00+09:00,139.46071226058467,146.80074974798387,139.46071226058467,142.21322631835938,408800,0.0,0.0
2016-04-07 00:00:00+09:00,144.96573007033646,153.22327165662145,143.1307208289398,149.55325317382812,523000,0.0,0.0
2016-04-08 00:00:00+09:00,144.9657337234681,154.1407801616623,144.04822907964868,152.30577087402344,358700,0.0,0.0
2016-04-11 00:00:00+09:00,154.14079632675438,158.7283200269554,148.63576788651315,156.893310546875,484700,0.0,0.0
2016-04-12 00:00:00+09:00,156.89332878519093,159.645843325282,154.14081424509985,155.05831909179688,372100,0.0,0.0
2016-04-13 00:00:00+09:00,155.05828962654903,160.5633176606277,155.05828962654903,159.64581298828125,381700,0.0,0.0
2016-04-14 00:00:00+09:00,161.48084063862646,163.31585019133811,155.97581198049147,157.81082153320312,719500,0.0,0.0
2016-04-15 00:00:00+09:00,156.89328891529757,158.72829814237707,155.05827968821808,155.9757843017578,305500,0.0,0.0
2016-04-18 00:00:00+09:00,153.22327551784286,154.1407801616623,150.4707615863846,152.30577087402344,393500,0.0,0.0
2016-04-19 00:00:00+09:00,154.14077507467832,156.89328891529757,153.22327046113855,155.9757843017578,447000,0.0,0.0
2016-04-20 00:00:00+09:00,157.81079352883734,158.72829814237707,154.14077507467832,155.9757843017578,319700,0.0,0.0
2016-04-21 00:00:00+09:00,156.8933085752337,164.2333464033148,155.97580384672358,163.3158416748047,820100,0.0,0.0
2016-04-22 00:00:00+09:00,160.56332562420818,170.65587752058698,160.56332562420818,169.73837280273438,1373100,0.0,0.0
2016-04-25 00:00:00+09:00,215.61363220214844,215.61363220214844,215.61363220214844,215.61363220214844,770100,0.0,0.0
2016-04-26 00:00:00+09:00,259.65382096210766,283.508942322584,201.8510268963381,208.2735595703125,48228300,0.0,0.0
2016-04-27 00:00:00+09:00,218.36611258766868,229.37616868452594,198.1810097434304,201.8510284423828,10799500,0.0,0.0
2016-04-28 00:00:00+09:00,199.09852946888319,203.68605318936434,178.913425098766,181.6659393310547,4710300,0.0,0.0
2016-05-02 00:00:00+09:00,177.0783970759465,188.0884528526893,175.2433877798227,178.9134063720703,2790500,0.0,0.0
2016-05-06 00:00:00+09:00,183.50094749813988,203.68605172293528,177.078414335705,192.67599487304688,7549300,0.0,0.0
2016-05-09 00:00:00+09:00,190.8409938438266,195.4285177343032,183.50095561906403,187.1709747314453,1497500,0.0,0.0
2016-05-10 00:00:00+09:00,192.67598590579644,201.8510328536915,189.0059671266384,193.59349060058594,2606100,0.0,0.0
2016-05-11 00:00:00+09:00,191.75849862192192,195.4285177343032,187.1709747314453,187.1709747314453,1042400,0.0,0.0
2016-05-12 00:00:00+09:00,201.85102088429105,214.69608584965502,195.42848840160906,196.3459930419922,10921100,0.0,0.0
2016-05-13 00:00:00+09:00,198.18100232275847,210.1085626477393,192.67597448045962,196.3459930419922,2418700,0.0,0.0
2016-05-16 00:00:00+09:00,191.7585205078125,193.5935302734375,183.5009765625,183.5009765625,1515600,0.0,0.0
2016-05-17 00:00:00+09:00,179.83090965346534,190.84096534653466,178.91340501237624,185.3359375,1366600,0.0,0.0
2016-05-18 00:00:00+09:00,185.3359389085036,188.0884528526893,174.3258831317608,178.9134063720703,1158000,0.0,0.0
2016-05-19 00:00:00+09:00,182.5834324015907,188.08846051420147,178.91341365985016,184.41844177246094,1372000,0.0,0.0
2016-05-20 00:00:00+09:00,188.08848284292912,195.42852119777513,186.25347325421762,189.92349243164062,1738700,0.0,0.0
2016-05-23 00:00:00+09:00,189.92348136014715,197.26351928710938,186.25346239666604,197.26351928710938,1493400,0.0,0.0
2016-05-24 00:00:00+09:00,198.1810082254956,210.10856890573376,194.5109895546531,208.2735595703125,3904500,0.0,0.0
2016-05-25 00:00:00+09:00,211.94355970813382,212.8610642956149,199.09849548339844,199.09849548339844,2665200,0.0,0.0
2016-05-26 00:00:00+09:00,200.93352116765203,204.60353981911598,194.5109885275901,203.68603515625,1084500,0.0,0.0
2016-05-27 00:00:00+09:00,200.93352911207413,202.7685385103579,198.18101501464844,198.18101501464844,578400,0.0,0.0
2016-05-30 00:00:00+09:00,197.2635050686923,203.68603779185904,197.2635050686923,201.8510284423828,761500,0.0,0.0
2016-05-31 00:00:00+09:00,201.85103743043663,202.76854214602955,199.09852328365795,200.93353271484375,426600,0.0,0.0
2016-06-01 00:00:00+09:00,200.9335162439079,201.85102088429105,194.5109837612259,196.3459930419922,536200,0.0,0.0
2016-06-02 00:00:00+09:00,198.18102329799106,199.09852803548176,189.00597592308407,192.67599487304688,749300,0.0,0.0
2016-06-03 00:00:00+09:00,192.67597448045962,200.01601160352476,191.7584698400765,196.3459930419922,528700,0.0,0.0
2016-06-06 00:00:00+09:00,189.92348906573127,192.67600340001724,185.33596517525467,187.1709747314453,880800,0.0,0.0
2016-06-07 00:00:00+09:00,189.0059732401146,194.51100158691406,189.0059732401146,194.51100158691406,387200,0.0,0.0
2016-06-08 00:00:00+09:00,192.6759822552021,196.34600096482498,189.0059635455792,190.84097290039062,473600,0.0,0.0
2016-06-09 00:00:00+09:00,190.84099436490732,196.3460230485104,190.84099436490732,191.7584991455078,527400,0.0,0.0
2016-06-10 00:00:00+09:00,190.84097290039062,192.6759822552021,188.08845886817346,190.84097290039062,320500,0.0,0.0
2016-06-13 00:00:00+09:00,187.17095855252825,187.17095855252825,179.83092096223302,182.58343505859375,862700,0.0,0.0
2016-06-14 00:00:00+09:00,179.8309227625529,181.66593217849731,170.6558756828308,176.16090393066406,1187100,0.0,0.0
2016-06-15 00:00:00+09:00,172.49086527921716,180.7484067021584,172.49086527921716,179.83090209960938,376200,0.0,0.0
2016-06-16 00:00:00+09:00,179.83092380099825,179.83092380099825,164.23334367540147,165.15084838867188,677400,0.0,0.0
2016-06-17 00:00:00+09:00,167.90337514353322,171.57339427235362,163.31585123250773,166.98587036132812,482700,0.0,0.0
2016-06-20 00:00:00+09:00,169.73837765780362,200.93353895707565,169.73837765780362,181.6659393310547,7627600,0.0,0.0
2016-06-21 00:00:00+09:00,183.50095887115037,190.84099722599638,181.66594928243887,189.92349243164062,1373900,0.0,0.0
2016-06-22 00:00:00+09:00,215.61362344112123,222.03615690532484,190.84099436490732,191.7584991455078,14417900,0.0,0.0
2016-06-23 00:00:00+09:00,190.84097457050686,192.6759839413771,182.5834324015907,184.41844177246094,2005700,0.0,0.0
2016-06-24 00:00:00+09:00,188.08846522739955,188.08846522739955,152.3057815987723,160.56332397460938,2979100,0.0,0.0
2016-06-27 00:00:00+09:00,165.15086079691793,170.65588949014852,164.23335601471283,166.98587036132812,1085200,0.0,0.0
2016-06-28 00:00:00+09:00,167.90842953027854,176.2115936279297,166.06328195302274,176.2115936279297,865400,1.0,0.0
2016-06-29 00:00:00+09:00,178.97931499381338,181.7470363596971,172.52129847341806,176.2115936279297,1370600,0.0,0.0
2016-06-30 00:00:00+09:00,178.0567348419674,179.90188235328313,172.52129230802024,174.36643981933594,756800,0.0,0.0
2016-07-01 00:00:00+09:00,174.36644911766052,178.97931814193726,173.44387531280518,177.13417053222656,831900,0.0,0.0
2016-07-04 00:00:00+09:00,176.21160290588685,184.51476744071923,175.28902906868325,183.59219360351562,829500,0.0,0.0
2016-07-05 00:00:00+09:00,182.66962280273438,183.59219665527345,178.05675354003907,179.9019012451172,581000,0.0,0.0
2016-07-06 00:00:00+09:00,175.28902597377956,178.97932125743807,173.4438783319503,178.05674743652344,655300,0.0,0.0
2016-07-07 00:00:00+09:00,179.901894914343,180.82446873441654,173.44387817382812,173.44387817382812,489000,0.0,0.0
2016-07-08 00:00:00+09:00,173.44390935845715,177.1342053022541,166.98589145681245,168.83103942871094,710300,0.0,0.0
2016-07-11 00:00:00+09:00,168.83103942871094,168.83103942871094,168.83103942871094,168.83103942871094,0,0.0,0.0
2016-07-12 00:00:00+09:00,176.2115997946942,184.51476418292586,176.2115997946942,178.05674743652344,1350400,0.0,0.0
2016-07-13 00:00:00+09:00,181.74704585124536,182.66961968805373,178.05675050401197,178.9793243408203,704000,0.0,0.0
2016-07-14 00:00:00+09:00,178.05674479267384,187.2824828648331,178.05674479267384,186.3599090576172,1048200,0.0,0.0
2016-07-15 00:00:00+09:00,185.43734119847878,187.28248887209548,178.9793243408203,178.9793243408203,886900,0.0,0.0
2016-07-19 00:00:00+09:00,181.7470363596971,185.43733151420872,175.28901983930177,176.2115936279297,977100,0.0,0.0
2016-07-20 00:00:00+09:00,177.13414884868422,179.90186992444492,174.36642777292352,175.28900146484375,484100,0.0,0.0
2016-07-21 00:00:00+09:00,176.2115936279297,177.13416741655757,174.36644605067386,176.2115936279297,328900,0.0,0.0
2016-07-22 00:00:00+09:00,175.28901357499382,176.21158733065167,172.52129230802024,174.36643981933594,313200,0.0,0.0
2016-07-25 00:00:00+09:00,175.28901357499382,178.97930859762525,173.4438660636781,174.36643981933594,397200,0.0,0.0
2016-07-26 00:00:00+09:00,175.28902581397523,178.97932109426944,171.59873053368102,173.44387817382812,624100,0.0,0.0
2016-07-27 00:00:00+09:00,174.36643981933594,177.13416108630952,173.4438660636781,174.36643981933594,288200,0.0,0.0
2016-07-28 00:00:00+09:00,174.3664549951968,174.3664549951968,169.7535858154297,169.7535858154297,496200,0.0,0.0
2016-07-29 00:00:00+09:00,170.67615057832452,171.59872436523438,165.14070785686533,171.59872436523438,474800,0.0,0.0
2016-08-01 00:00:00+09:00,169.75357679141464,173.4438719390541,167.90842921759494,171.59872436523438,321600,0.0,0.0
2016-08-02 00:00:00+09:00,169.75358289353392,174.36645199390168,168.83100907346034,173.44387817382812,379500,0.0,0.0
2016-08-03 00:00:00+09:00,171.59876138655866,172.5213353725079,166.0633174708632,168.83103942871094,352500,0.0,0.0
2016-08-04 00:00:00+09:00,166.98589145681245,170.67618740060942,166.98589145681245,168.83103942871094,247400,0.0,0.0
2016-08-05 00:00:00+09:00,168.83102115169987,171.59874280992446,167.908447265625,167.908447265625,451600,0.0,0.0
2016-08-08 00:00:00+09:00,170.67618740060942,178.05677928820333,167.9084654427617,168.83103942871094,912700,0.0,0.0
2016-08-09 00:00:00+09:00,169.7535736908784,171.59872123099663,168.83099992081927,170.6761474609375,193500,0.0,0.0
2016-08-10 00:00:00+09:00,170.67613856677704,172.5212860107422,168.8309911228119,172.5212860107422,259900,0.0,0.0
2016-08-12 00:00:00+09:00,173.4438719390541,174.36644572596396,169.75357679141464,171.59872436523438,465000,0.0,0.0
2016-08-15 00:00:00+09:00,170.6761474609375,172.52129500105576,168.83099992081927,170.6761474609375,224900,0.0,0.0
2016-08-16 00:00:00+09:00,171.59876138655866,171.59876138655866,168.83103942871094,168.83103942871094,178800,0.0,0.0
2016-08-17 00:00:00+09:00,168.83101501464844,169.75358886718752,166.06329345703125,166.06329345703125,266200,0.0,0.0
2016-08-18 00:00:00+09:00,166.98586730957032,168.83101501464844,166.06329345703125,166.06329345703125,178800,0.0,0.0
2016-08-19 00:00:00+09:00,167.908447265625,168.83102115169987,166.98587337955016,167.908447265625,134900,0.0,0.0
2016-08-22 00:00:00+09:00,167.90842921759494,173.4438719390541,166.0632816437752,171.59872436523438,473100,0.0,0.0
2016-08-23 00:00:00+09:00,171.59872123099663,174.366442541174,168.83099992081927,170.6761474609375,375400,0.0,0.0
2016-08-24 00:00:00+09:00,170.6761689238496,171.59874280992446,167.908447265625,167.908447265625,231300,0.0,0.0
2016-08-25 00:00:00+09:00,168.83103942871094,170.67618740060942,167.9084654427617,168.83103942871094,178000,0.0,0.0
2016-08-26 00:00:00+09:00,168.83101810012735,170.67616583892655,166.06329649192853,166.98587036132812,285600,0.0,0.0
2016-08-29 00:00:00+09:00,167.9084654427617,168.83103942871094,166.98589145681245,168.83103942871094,124100,0.0,0.0
2016-08-30 00:00:00+09:00,169.75359503777474,169.75359503777474,166.98587337955016,167.908447265625,291400,0.0,0.0
2016-08-31 00:00:00+09:00,169.7535858154297,170.6761596513831,166.98586430756941,169.7535858154297,306500,0.0,0.0
2016-09-01 00:00:00+09:00,168.83102115169987,169.75359503777474,167.908447265625,167.908447265625,130500,0.0,0.0
2016-09-02 00:00:00+09:00,167.90844423072772,169.75359196952695,166.98587036132812,166.98587036132812,137700,0.0,0.0
2016-09-05 00:00:00+09:00,168.83103942871094,170.67618740060942,166.98589145681245,168.83103942871094,311300,0.0,0.0
2016-09-06 00:00:00+09:00,167.9084174008293,172.5212860107422,166.98584367884672,172.5212860107422,640300,0.0,0.0
2016-09-07 00:00:00+09:00,171.59873053368102,175.28902581397523,169.75358289353392,173.44387817382812,487600,0.0,0.0
2016-09-08 00:00:00+09:00,175.2890289935869,178.9793243408203,171.5987336463535,178.9793243408203,1019400,0.0,0.0
2016-09-09 00:00:00+09:00,178.05675647033388,186.3599212798313,175.28903486716806,185.43734741210938,1662500,0.0,0.0
2016-09-12 00:00:00+09:00,179.90192749921013,189.1276673709645,176.2116315505084,188.20509338378906,2585300,0.0,0.0
2016-09-13 00:00:00+09:00,190.05021675071904,190.972790618441,182.66962580894355,185.43734741210938,1564300,0.0,0.0
2016-09-14 00:00:00+09:00,182.669610148325,185.43733151420872,174.36644605067386,176.2115936279297,1401100,0.0,0.0
2016-09-15 00:00:00+09:00,174.36644605067386,178.0567412051855,172.52129847341806,176.2115936279297,360700,0.0,0.0
2016-09-16 00:00:00+09:00,174.36644635881694,182.66961047114157,173.44387256855867,180.824462890625,814600,0.0,0.0
2016-09-20 00:00:00+09:00,179.9018950783527,186.3599118247551,177.1341736156088,178.05674743652344,931800,0.0,0.0
2016-09-21 00:00:00+09:00,177.1341766672036,178.9793243408203,174.36645515677856,178.9793243408203,406600,0.0,0.0
2016-09-23 00:00:00+09:00,181.74705783486954,187.28250122070312,179.90191003959166,187.28250122070312,1460500,0.0,0.0
2016-09-26 00:00:00+09:00,194.6630828857422,203.88882141113282,190.97278747558596,198.35337829589844,3953000,0.0,0.0
2016-09-27 00:00:00+09:00,193.74050903320312,200.19852600097659,190.97278747558596,198.35337829589844,1292000,0.0,0.0
2016-09-28 00:00:00+09:00,198.35335465164871,205.7339445921752,195.5856334239513,204.81137084960938,1807100,0.0,0.0
2016-09-29 00:00:00+09:00,204.81137028707337,205.73394402710522,199.27592784688218,200.19850158691406,933500,0.0,0.0
2016-09-30 00:00:00+09:00,197.4308075385071,199.27595527251185,192.81793820349526,194.6630859375,1138700,0.0,0.0
2016-10-03 00:00:00+09:00,194.6630828857422,201.12109985351563,192.81793518066408,198.35337829589844,712500,0.0,0.0
2016-10-04 00:00:00+09:00,199.27592784688218,204.81137028707337,195.58563288675475,200.19850158691406,1193100,0.0,0.0
2016-10-05 00:00:00+09:00,199.27592784688218,202.96622280700964,197.43078036681845,200.19850158691406,656200,0.0,0.0
2016-10-06 00:00:00+09:00,200.19852304458618,208.50168759482247,200.19852304458618,206.6565399169922,2085700,0.0,0.0
2016-10-07 00:00:00+09:00,209.42423956243843,215.8822557603991,204.81137084960938,204.81137084960938,4365200,0.0,0.0
2016-10-11 00:00:00+09:00,202.04367072241646,209.4242614337376,201.1210968835013,206.6565399169922,794100,0.0,0.0
2016-10-12 00:00:00+09:00,206.656518334741,209.42423956243843,203.8887971070436,204.81137084960938,573100,0.0,0.0
2016-10-13 00:00:00+09:00,204.8113604394075,205.7339341350805,194.6630497870044,197.43077087402344,1427200,0.0,0.0
2016-10-14 00:00:00+09:00,196.50821511404857,201.12108401343937,193.74049377441406,193.74049377441406,615100,0.0,0.0
2016-10-17 00:00:00+09:00,194.66305914672287,202.04364906697776,193.74048540669102,200.19850158691406,635400,0.0,0.0
2016-10-18 00:00:00+09:00,198.35335722757043,202.04365224575778,196.50820971847676,201.12107849121094,736500,0.0,0.0
2016-10-19 00:00:00+09:00,202.04368591308594,204.81140763792274,200.1985380965281,202.04368591308594,849700,0.0,0.0
2016-10-20 00:00:00+09:00,202.96625982136487,203.8888337296438,200.1985380965281,202.04368591308594,443000,0.0,0.0
2016-10-21 00:00:00+09:00,204.81138944830505,221.41771832249194,202.9662417956176,214.95970153808594,4256600,0.0,0.0
2016-10-24 00:00:00+09:00,220.49514152430282,221.41771533821202,211.26940338521064,218.64999389648438,3091100,0.0,0.0
2016-10-25 00:00:00+09:00,217.7274483199668,218.65002225352598,207.5791350508158,208.501708984375,1845500,0.0,0.0
2016-10-26 00:00:00+09:00,208.5016658198726,218.6499769880965,202.96622336447777,204.81137084960938,3043900,0.0,0.0
2016-10-27 00:00:00+09:00,205.73396607807703,209.4242614337376,201.1210968835013,206.6565399169922,1091000,0.0,0.0
2016-10-28 00:00:00+09:00,208.5016658198726,209.42423956243843,202.96622336447777,204.81137084960938,760100,0.0,0.0
2016-10-31 00:00:00+09:00,204.8113922391619,208.50168759482247,203.88881840024675,206.6565399169922,472100,0.0,0.0
2016-11-01 00:00:00+09:00,205.7339341350805,206.6565078307535,197.43077087402344,197.43077087402344,1085100,0.0,0.0
2016-11-02 00:00:00+09:00,191.895361328125,194.6630828857422,187.2824920654297,189.1276397705078,1271800,0.0,0.0
2016-11-04 00:00:00+09:00,184.51476144318534,188.20505667204904,184.51476144318534,186.3599090576172,650400,0.0,0.0
2016-11-07 00:00:00+09:00,199.2759521484375,205.73396911621094,195.58565673828127,198.35337829589844,2470100,0.0,0.0
2016-11-08 00:00:00+09:00,198.35338140550948,202.04367687351896,193.74051207049763,194.6630859375,596800,0.0,0.0
2016-11-09 00:00:00+09:00,200.19852929566036,207.57912023743586,178.9793303380558,185.43734741210938,2636300,0.0,0.0
2016-11-10 00:00:00+09:00,199.2759521484375,201.12109985351563,195.58565673828127,198.35337829589844,774300,0.0,0.0
2016-11-11 00:00:00+09:00,197.43081060445533,199.27595836711382,194.66308896046766,195.58566284179688,560700,0.0,0.0
2016-11-14 00:00:00+09:00,200.19849196104246,200.19849196104246,195.58562348267742,197.43077087402344,834000,0.0,0.0
2016-11-15 00:00:00+09:00,198.35334456969645,200.19849196104246,194.6630497870044,197.43077087402344,840500,0.0,0.0
2016-11-16 00:00:00+09:00,202.96622336447777,205.7339445921752,200.19850213678035,204.81137084960938,1842800,0.0,0.0
2016-11-17 00:00:00+09:00,202.96623540679795,203.88880920410156,201.1210878121907,203.88880920410156,653400,0.0,0.0
2016-11-18 00:00:00+09:00,205.73396911621094,206.65654296875002,202.0436737060547,202.96624755859375,860400,0.0,0.0
2016-11-21 00:00:00+09:00,204.81141325013826,210.34685685149336,202.0436914494607,208.501708984375,1443100,0.0,0.0
2016-11-22 00:00:00+09:00,205.73396607807703,208.50168759482247,203.88881840024675,206.6565399169922,1219500,0.0,0.0
2016-11-24 00:00:00+09:00,206.6565399169922,208.50168759482247,204.8113922391619,206.6565399169922,800200,0.0,0.0
2016-11-25 00:00:00+09:00,205.73394402710522,208.5016652472008,197.43078036681845,200.19850158691406,1239300,0.0,0.0
2016-11-28 00:00:00+09:00,202.96622600030463,204.8113735093983,199.27593098211727,201.12107849121094,593300,0.0,0.0
2016-11-29 00:00:00+09:00,201.1210878121907,208.50167819061969,200.19851401488705,203.88880920410156,1140600,0.0,0.0
2016-11-30 00:00:00+09:00,208.50168759482247,210.34683527265275,204.8113922391619,206.6565399169922,1126800,0.0,0.0
2016-12-01 00:00:00+09:00,210.34683837890626,214.95970764160157,206.65654296875002,207.57911682128906,2796300,0.0,0.0
2016-12-02 00:00:00+09:00,207.57911682128906,210.34683837890626,201.12109985351563,202.96624755859375,1223500,0.0,0.0
2016-12-05 00:00:00+09:00,204.8113952636719,204.8113952636719,201.12109985351563,202.96624755859375,463600,0.0,0.0
2016-12-06 00:00:00+09:00,204.8113952636719,204.8113952636719,202.0436737060547,202.96624755859375,353700,0.0,0.0
2016-12-07 00:00:00+09:00,205.7339445921752,208.5016658198726,203.8887971070436,204.81137084960938,808800,0.0,0.0
2016-12-08 00:00:00+09:00,205.73396911621094,206.65654296875002,201.12109985351563,202.96624755859375,625300,0.0,0.0
2016-12-09 00:00:00+09:00,204.81138668784612,218.64999389648438,202.9662390600277,218.64999389648438,2553400,0.0,0.0
2016-12-12 00:00:00+09:00,223.26286597517938,225.1080136278668,213.1145538853985,214.95970153808594,2436000,0.0,0.0
2016-12-13 00:00:00+09:00,212.19201532999674,222.34032910664877,210.34686737060548,221.41775512695312,1460800,0.0,0.0
2016-12-14 00:00:00+09:00,223.26285724250636,233.41116893534758,217.72741450095663,226.03057861328125,4869900,0.0,0.0
2016-12-15 00:00:00+09:00,226.03058771832,233.4111783376937,222.34029240863313,224.18544006347656,1737800,0.0,0.0
2016-12-16 00:00:00+09:00,230.6434534773042,230.6434534773042,215.88227245475673,218.64999389648438,1535300,0.0,0.0
2016-12-19 00:00:00+09:00,216.80484626866595,222.34028915212124,214.9596986408475,218.64999389648438,613700,0.0,0.0
2016-12-20 00:00:00+09:00,218.65003318786623,223.2629030863444,215.8823112487793,221.41775512695312,815500,0.0,0.0
2016-12-21 00:00:00+09:00,221.41770582932693,222.34027960361578,212.19196808643832,215.88226318359375,1062200,0.0,0.0
2016-12-22 00:00:00+09:00,212.19198301890012,215.88227837575053,210.34683534047488,211.2694091796875,1140800,0.0,0.0
2016-12-26 00:00:00+09:00,214.95971377142544,218.6500092868147,212.19199213488346,214.03713989257812,805400,0.0,0.0
2016-12-27 00:00:00+09:00,214.03713069732532,214.95970453653794,208.50168766204968,211.2694091796875,736800,0.0,0.0
2016-12-28 00:00:00+09:00,214.0492860859838,218.68238751641636,213.12266579989728,214.9759063720703,668300,1.0,0.0
2016-12-29 00:00:00+09:00,215.90250998341565,215.90250998341565,209.41616848176798,210.34278869628906,708600,0.0,0.0
2016-12-30 00:00:00+09:00,208.4895490563434,215.90251080056896,206.63630862028702,213.12265014648438,980800,0.0,0.0
2017-01-04 00:00:00+09:00,214.97587960665345,227.9485619967101,214.97587960665345,226.09532165527344,2606700,0.0,0.0
2017-01-05 00:00:00+09:00,227.0219433642774,231.65504424926266,223.3154626562892,230.72842407226562,2379900,0.0,0.0
2017-01-06 00:00:00+09:00,238.14139968181345,239.0680199140384,225.16871643066406,225.16871643066406,2772400,0.0,0.0
2017-01-10 00:00:00+09:00,229.8017802991365,263.16010324578536,227.02192005358245,246.48094177246094,19131900,0.0,0.0
2017-01-11 00:00:00+09:00,242.77450442778,245.55436516550265,235.36154246051953,238.1414031982422,3868800,0.0,0.0
2017-01-12 00:00:00+09:00,251.11405842339815,260.3802598412357,238.14137643842554,248.33419799804688,8864900,0.0,0.0
2017-01-13 00:00:00+09:00,258.5270216447594,265.9399828388743,250.18744030138,253.8939208984375,9081900,0.0,0.0
2017-01-16 00:00:00+09:00,252.96729870696564,259.45363969945197,248.33419799804688,248.33419799804688,2427900,0.0,0.0
2017-01-17 00:00:00+09:00,245.55433478722205,249.2608153123122,233.5082730806791,240.92123413085938,2952100,0.0,0.0
2017-01-18 00:00:00+09:00,236.28817921764445,245.55438232421875,234.4349385963296,245.55438232421875,1612700,0.0,0.0
2017-01-19 00:00:00+09:00,252.96732763341956,255.74718837664395,239.0680239172976,239.99464416503906,5179600,0.0,0.0
2017-01-20 00:00:00+09:00,239.99461399958685,245.55433478722205,238.14137373704176,240.92123413085938,992800,0.0,0.0
2017-01-23 00:00:00+09:00,242.77449093442976,246.48097171205464,240.9212505456173,244.6277313232422,1022600,0.0,0.0
2017-01-24 00:00:00+09:00,244.62770432692307,252.96728515625,241.84784405048077,252.96728515625,1772100,0.0,0.0
2017-01-25 00:00:00+09:00,254.82054365442153,263.16012508311167,251.11406301944814,261.306884765625,3901000,0.0,0.0
2017-01-26 00:00:00+09:00,263.16017068842405,266.8666519657258,255.74720813382058,258.5270690917969,2741900,0.0,0.0
2017-01-27 00:00:00+09:00,258.527067740465,258.527067740465,249.26086459564544,251.11410522460938,1805400,0.0,0.0
2017-01-30 00:00:00+09:00,251.11410653719338,260.3803097304478,249.2608658985425,258.5270690917969,1490100,0.0,0.0
2017-01-31 00:00:00+09:00,257.60040081248565,257.60040081248565,251.1140597848331,252.04067993164062,1144900,0.0,0.0
2017-02-01 00:00:00+09:00,249.26081949121811,256.6737806656781,246.4809590507956,252.04067993164062,1067600,0.0,0.0
2017-02-02 00:00:00+09:00,250.18745248967952,252.96731307289818,243.70111112883598,244.6277313232422,1218200,0.0,0.0
2017-02-03 00:00:00+09:00,245.55435151764843,249.2608322952733,242.77449093442976,244.6277313232422,681200,0.0,0.0
2017-02-06 00:00:00+09:00,248.33424526173286,257.6004484431408,245.55438430731047,256.673828125,1615900,0.0,0.0
2017-02-07 00:00:00+09:00,252.96734717584425,261.3069300497732,250.18748621786796,258.5270690917969,1991900,0.0,0.0
2017-02-08 00:00:00+09:00,259.453611512115,262.2334716354591,252.96727122431216,255.74713134765625,1872700,0.0,0.0
2017-02-09 00:00:00+09:00,258.5270396525784,265.94000136304663,257.6004194387699,262.2335205078125,4418800,0.0,0.0
2017-02-10 00:00:00+09:00,266.86660298813865,266.86660298813865,252.04068059990874,253.8939208984375,3280700,0.0,0.0
2017-02-13 00:00:00+09:00,257.60040954589846,281.6925341796875,256.6737893676758,277.9860534667969,10033900,0.0,0.0
2017-02-14 00:00:00+09:00,278.91270507009403,287.2522876137181,272.42636309171974,281.69256591796875,6008300,0.0,0.0
2017-02-15 00:00:00+09:00,280.765976641255,287.2523193359375,275.2062543315272,287.2523193359375,3009300,0.0,0.0
2017-02-16 00:00:00+09:00,290.9587687442177,294.6652498747173,281.69256591796875,281.69256591796875,4796600,0.0,0.0
2017-02-17 00:00:00+09:00,282.6191567755365,289.1054980785816,275.2061952863421,285.3990173339844,2061300,0.0,0.0
2017-02-20 00:00:00+09:00,289.1054392043193,294.6651591890177,288.1788192068695,290.95867919921875,2546000,0.0,0.0
2017-02-21 00:00:00+09:00,295.5918741108459,307.6379379460841,292.8120132257909,300.2249755859375,5834400,0.0,0.0
2017-02-22 00:00:00+09:00,299.2983545303345,304.8580762863159,293.73863277435305,296.51849365234375,2385700,0.0,0.0
2017-02-23 00:00:00+09:00,296.51847668730034,297.4450969269481,287.2522742908222,290.0321350097656,1918700,0.0,0.0
2017-02-24 00:00:00+09:00,287.252319531563,290.9588010739057,285.3990787603916,289.1055603027344,1128200,0.0,0.0
2017-02-27 00:00:00+09:00,281.6925204918033,286.3256211577869,275.20617955942623,282.619140625,2470000,0.0,0.0
2017-02-28 00:00:00+09:00,283.54579236669446,289.1055137856493,283.54579236669446,286.3256530761719,1603300,0.0,0.0
2017-03-01 00:00:00+09:00,289.1055281789679,290.0321484615928,276.1328442222194,281.69256591796875,1527500,0.0,0.0
2017-03-02 00:00:00+09:00,284.47241260318697,287.25227331266433,280.7659316572171,286.3256530761719,1182300,0.0,0.0
2017-03-03 00:00:00+09:00,282.619140625,286.3256211577869,281.6925204918033,282.619140625,675000,0.0,0.0
2017-03-06 00:00:00+09:00,286.32565592828195,297.4450988769531,285.3990356825594,297.4450988769531,2353900,0.0,0.0
2017-03-07 00:00:00+09:00,300.2248801702185,302.0781201712693,291.88530016549026,292.8119201660156,1994400,0.0,0.0
2017-03-08 00:00:00+09:00,293.7386178940627,298.3717191226757,290.03213691117236,297.4450988769531,1469600,0.0,0.0
2017-03-09 00:00:00+09:00,297.44501918136694,297.44501918136694,290.032059201769,290.95867919921875,1147200,0.0,0.0
2017-03-10 00:00:00+09:00,290.958800875756,294.6652824155746,286.3256989509828,287.2523193359375,1393700,0.0,0.0
2017-03-13 00:00:00+09:00,288.17885696359053,289.1054770824445,270.5730747053648,271.49969482421875,2660000,0.0,0.0
2017-03-14 00:00:00+09:00,267.79323091442956,277.986052852349,265.01337038590606,276.1328125,1455200,0.0,0.0
2017-03-15 00:00:00+09:00,274.27953585772445,275.20615591129786,258.5269949469768,263.16009521484375,1747200,0.0,0.0
2017-03-16 00:00:00+09:00,264.0867477943157,269.64646880051185,264.0867477943157,268.7198486328125,857500,0.0,0.0
2017-03-17 00:00:00+09:00,277.98608144124347,282.61918279859754,265.0133976406521,266.86663818359375,2812800,0.0,0.0
2017-03-21 00:00:00+09:00,269.64646880051185,272.4263293036099,266.8666082974138,268.7198486328125,820400,0.0,0.0
2017-03-22 00:00:00+09:00,264.08676093542954,265.01338114923806,261.306900294004,262.2335205078125,696200,0.0,0.0
2017-03-23 00:00:00+09:00,262.2335503690986,264.0867910077495,256.67382845314603,258.5270690917969,1003100,0.0,0.0
2017-03-24 00:00:00+09:00,256.67382845314603,261.3069300497732,254.82058781449513,258.5270690917969,602800,0.0,0.0
2017-03-27 00:00:00+09:00,258.5270209592931,261.3068813997156,251.1140597848331,252.04067993164062,674000,0.0,0.0
2017-03-28 00:00:00+09:00,252.0407255390913,254.82058648253718,249.26086459564544,251.11410522460938,609200,0.0,0.0
2017-03-29 00:00:00+09:00,251.11406301944814,262.23350492436833,251.11406301944814,261.306884765625,637400,0.0,0.0
2017-03-30 00:00:00+09:00,258.5269914710003,264.0867117176885,252.96727122431216,255.74713134765625,1030500,0.0,0.0
2017-03-31 00:00:00+09:00,253.89396582394284,257.6004470768471,248.33424394458643,249.2608642578125,1074300,0.0,0.0
2017-04-03 00:00:00+09:00,246.48097171205464,250.18745248967952,242.77449093442976,244.6277313232422,875000,0.0,0.0
2017-04-04 00:00:00+09:00,240.92124758742926,244.62772831954356,231.6550457571435,235.3615264892578,1443400,0.0,0.0
2017-04-05 00:00:00+09:00,235.36154198740041,240.92126345166972,228.87520027908624,236.2881622314453,827900,0.0,0.0
2017-04-06 00:00:00+09:00,231.65504170651258,233.5082820401647,218.68235937094786,223.31546020507812,1626900,0.0,0.0
2017-04-07 00:00:00+09:00,225.16870271005936,231.6550439403903,219.60898165549,229.8018035888672,1234300,0.0,0.0
2017-04-10 00:00:00+09:00,227.94856231066646,230.72842282665022,225.16870179468273,227.02194213867188,572100,0.0,0.0
2017-04-11 00:00:00+09:00,224.24211082458498,226.09535140991213,218.68238906860353,222.3888702392578,707100,0.0,0.0
2017-04-12 00:00:00+09:00,215.90250998341565,217.75575041245784,205.70968762368358,210.34278869628906,1387200,0.0,0.0
2017-04-13 00:00:00+09:00,202.92982749439224,215.90251053056343,202.92982749439224,212.19602966308594,846300,0.0,0.0
2017-04-14 00:00:00+09:00,205.70965576171875,213.12261632970862,204.78303569072003,205.70965576171875,613300,0.0,0.0
2017-04-17 00:00:00+09:00,209.41617029956262,223.31547363802918,205.7096894093049,216.82913208007812,1317200,0.0,0.0
2017-04-18 00:00:00+09:00,221.4622185944505,222.38883875593356,214.9758774640691,219.60897827148438,918100,0.0,0.0
2017-04-19 00:00:00+09:00,217.75573794851826,222.38883875593356,217.75573794851826,219.60897827148438,442300,0.0,0.0
2017-04-20 00:00:00+09:00,222.38885368184842,222.38885368184842,216.8291323398022,217.75575256347656,460400,0.0,0.0
2017-04-21 00:00:00+09:00,220.5356436064749,220.5356436064749,214.04930114746094,214.04930114746094,719000,0.0,0.0
2017-04-24 00:00:00+09:00,217.75575041245784,220.53561105602114,210.34278869628906,210.34278869628906,749500,0.0,0.0
2017-04-25 00:00:00+09:00,209.41618465555123,216.82914694424332,209.41618465555123,214.9759063720703,592100,0.0,0.0
2017-04-26 00:00:00+09:00,217.75575358498546,224.24209518113395,215.902513128943,221.4622344970703,818600,0.0,0.0
2017-04-27 00:00:00+09:00,221.46222080168178,227.9485619967101,219.6089804602451,226.09532165527344,709500,0.0,0.0
2017-04-28 00:00:00+09:00,228.87519632124003,229.80181654926125,220.5356142690491,221.4622344970703,765800,0.0,0.0
2017-05-01 00:00:00+09:00,221.46223550176427,227.021956895114,221.46223550176427,225.16871643066406,374400,0.0,0.0
2017-05-02 00:00:00+09:00,230.72842407226562,231.65504424926266,226.09532318728037,230.72842407226562,849200,0.0,0.0
2017-05-08 00:00:00+09:00,233.5083158576631,234.43493615868556,230.7284549545957,232.58169555664062,986700,0.0,0.0
2017-05-09 00:00:00+09:00,235.3615252685547,235.3615252685547,229.80180419921876,231.65504455566406,533800,0.0,0.0
2017-05-10 00:00:00+09:00,231.6550463438034,237.2147674560547,227.94856560230255,237.2147674560547,804200,0.0,0.0
2017-05-11 00:00:00+09:00,244.6277454037464,248.33422639471223,228.8752011921415,239.99464416503906,4164100,0.0,0.0
2017-05-12 00:00:00+09:00,237.214765625,239.99462615966797,230.72842437744143,231.65504455566406,1723900,0.0,0.0
2017-05-15 00:00:00+09:00,231.6550439403903,232.58166411615187,223.31546235853625,229.8018035888672,1229000,0.0,0.0
2017-05-16 00:00:00+09:00,230.72842407226562,232.58166442625972,228.87518371827153,230.72842407226562,376800,0.0,0.0
2017-05-17 00:00:00+09:00,235.36155645970805,237.214797061753,229.8018346535732,232.58169555664062,1335700,0.0,0.0
2017-05-18 00:00:00+09:00,226.09532288582093,229.8018035888672,222.38884218277468,229.8018035888672,853100,0.0,0.0
2017-05-19 00:00:00+09:00,230.7284234545009,232.58166380353302,228.87518310546875,228.87518310546875,406100,0.0,0.0
2017-05-22 00:00:00+09:00,230.7284234545009,233.5082839780491,228.87518310546875,228.87518310546875,453400,0.0,0.0
2017-05-23 00:00:00+09:00,229.80180539108636,238.14138703834354,227.9485650250292,235.3615264892578,1762700,0.0,0.0
2017-05-24 00:00:00+09:00,238.14138703834354,238.14138703834354,231.6550457571435,235.3615264892578,1135400,0.0,0.0
2017-05-25 00:00:00+09:00,237.214797061753,237.214797061753,232.58169555664062,232.58169555664062,743500,0.0,0.0
2017-05-26 00:00:00+09:00,232.58166380353302,234.43490415256517,227.0219427564366,228.87518310546875,1074800,0.0,0.0
2017-05-29 00:00:00+09:00,228.87519735956388,229.80181759178885,224.24209619843913,225.16871643066406,789600,0.0,0.0
2017-05-30 00:00:00+09:00,225.16870179468273,227.94856231066646,222.388841278699,227.02194213867188,685900,0.0,0.0
2017-05-31 00:00:00+09:00,227.02194087238232,227.94856103920839,222.38884003825208,223.31546020507812,605300,0.0,0.0
2017-06-01 00:00:00+09:00,224.24208162268815,228.87518248266105,224.24208162268815,227.02194213867188,540600,0.0,0.0
2017-06-02 00:00:00+09:00,230.72842282665022,236.28814385861767,227.02194213867188,227.02194213867188,1989000,0.0,0.0
2017-06-05 00:00:00+09:00,228.87518279533077,230.72842314185166,227.02194244880985,227.9485626220703,599400,0.0,0.0
2017-06-06 00:00:00+09:00,234.43491875291363,235.3615389851386,224.24209619843913,225.16871643066406,1645800,0.0,0.0
2017-06-07 00:00:00+09:00,225.1687014845551,227.02194182599177,223.31546114311845,226.09532165527344,1174300,0.0,0.0
2017-06-08 00:00:00+09:00,226.09535140991213,227.94859199523927,222.3888702392578,222.3888702392578,633300,0.0,0.0
2017-06-09 00:00:00+09:00,222.3888702392578,223.3154905319214,219.6090093612671,222.3888702392578,707400,0.0,0.0
2017-06-12 00:00:00+09:00,222.38885472509153,222.38885472509153,217.75575358498546,221.4622344970703,905100,0.0,0.0
2017-06-13 00:00:00+09:00,221.4622491739564,223.31548975281797,217.75576801623328,218.68238830566406,757600,0.0,0.0
2017-06-14 00:00:00+09:00,219.60897953777393,224.24208037190417,217.75573920412182,223.31546020507812,977700,0.0,0.0
2017-06-15 00:00:00+09:00,221.4622185944505,222.38883875593356,218.68235811000133,219.60897827148438,533700,0.0,0.0
2017-06-16 00:00:00+09:00,219.60899378672366,222.38885446756828,218.68237355977547,220.53561401367188,389100,0.0,0.0
2017-06-19 00:00:00+09:00,222.3888557339892,226.09533666288903,220.5356152695393,225.16871643066406,875100,0.0,0.0
2017-06-20 00:00:00+09:00,227.021956895114,227.021956895114,223.31547596621417,225.16871643066406,825700,0.0,0.0
2017-06-21 00:00:00+09:00,224.24208192902853,228.87518279533077,223.31546175576807,227.9485626220703,592400,0.0,0.0
2017-06-22 00:00:00+09:00,228.8751852080578,235.3615264892578,227.9485650250292,235.3615264892578,1480100,0.0,0.0
2017-06-23 00:00:00+09:00,236.28815921736353,237.2147794495885,223.31547596621417,225.16871643066406,1721300,0.0,0.0
2017-06-26 00:00:00+09:00,254.82055254822947,259.4536535036518,241.84786987304688,241.84786987304688,12868600,0.0,0.0
2017-06-27 00:00:00+09:00,241.84788418187242,245.55436516550265,232.58168172279687,238.1414031982422,3594500,0.0,0.0
2017-06-28 00:00:00+09:00,242.9426202660063,247.74385782067046,237.1811352004093,241.02212524414062,1517000,9.0,0.0
2017-06-29 00:00:00+09:00,245.82338500494072,246.78363260261628,241.02214701656297,242.94264221191406,1095400,0.0,0.0
2017-06-30 00:00:00+09:00,240.0618994188874,243.90288980958962,236.22090902818522,242.94264221191406,942900,0.0,0.0
2017-07-03 00:00:00+09:00,241.02212524414062,242.9426202660063,238.14138271134215,241.02212524414062,604000,0.0,0.0
2017-07-04 00:00:00+09:00,241.02215489333238,241.9824025223895,236.22091674804688,236.22091674804688,965900,0.0,0.0
2017-07-05 00:00:00+09:00,237.1811576074408,248.7041288272355,236.22091000579124,247.74388122558594,1700400,0.0,0.0
2017-07-06 00:00:00+09:00,247.7438701171875,247.7438701171875,240.0618896484375,240.0618896484375,1169700,0.0,0.0
2017-07-07 00:00:00+09:00,240.0618994188874,242.94264221191406,238.1414042235363,242.94264221191406,724000,0.0,0.0
2017-07-10 00:00:00+09:00,243.90288980958962,243.90288980958962,241.02214701656297,242.94264221191406,580100,0.0,0.0
2017-07-11 00:00:00+09:00,242.94265426151335,242.94265426151335,240.06191132560608,241.98240661621094,537400,0.0,0.0
2017-07-12 00:00:00+09:00,242.94263788566735,250.62461853027344,241.9823903050916,250.62461853027344,1607200,0.0,0.0
2017-07-13 00:00:00+09:00,253.50537916843993,261.18736035536233,246.7836456298828,246.7836456298828,4377700,0.0,0.0
2017-07-14 00:00:00+09:00,247.74389166581005,255.42587280273438,245.82339638157896,255.42587280273438,1570600,0.0,0.0
2017-07-17 00:00:00+09:00,255.42587280273438,255.42587280273438,255.42587280273438,255.42587280273438,0,0.0,0.0
2017-07-18 00:00:00+09:00,254.46562349796295,254.46562349796295,244.86314713954926,245.82339477539062,1544800,0.0,0.0
2017-07-19 00:00:00+09:00,244.8631134033203,245.82336090686275,241.982370892693,244.8631134033203,921700,0.0,0.0
2017-07-20 00:00:00+09:00,246.783642411232,248.70413768291473,244.86314713954926,245.82339477539062,785200,0.0,0.0
2017-07-21 00:00:00+09:00,245.8233590733591,251.58484405164094,242.94261658421817,248.7041015625,850300,0.0,0.0
2017-07-24 00:00:00+09:00,247.74389004707336,247.74389004707336,244.86314713954926,245.82339477539062,716000,0.0,0.0
2017-07-25 00:00:00+09:00,245.82339477539062,247.74389004707336,244.86314713954926,245.82339477539062,564700,0.0,0.0
2017-07-26 00:00:00+09:00,246.78357573116529,267.90901801165415,246.78357573116529,261.1872863769531,6363800,0.0,0.0
2017-07-27 00:00:00+09:00,271.75006419994213,274.63080692997687,256.3861029730903,259.266845703125,8222600,0.0,0.0
2017-07-28 00:00:00+09:00,261.1873544546274,262.1476020812988,247.74388768122745,249.6643829345703,3221900,0.0,0.0
2017-07-31 00:00:00+09:00,255.42581859987175,262.1475506682894,251.5848288464902,257.3463134765625,2251700,0.0,0.0
2017-08-01 00:00:00+09:00,255.4258379081331,256.3860854190659,241.02212524414062,241.02212524414062,2983800,0.0,0.0
2017-08-02 00:00:00+09:00,241.9823675681287,246.78360501987729,241.02212007777896,243.90286254882812,1254300,0.0,0.0
2017-08-03 00:00:00+09:00,244.8631261708785,244.8631261708785,235.26065063476562,235.26065063476562,2319700,0.0,0.0
2017-08-04 00:00:00+09:00,233.3401778084891,241.98240661621094,230.45943487258185,241.98240661621094,1466300,0.0,0.0
2017-08-07 00:00:00+09:00,242.9426202660063,243.90286777693913,240.0618777332078,241.02212524414062,634700,0.0,0.0
2017-08-08 00:00:00+09:00,240.0618994188874,245.82338500494072,240.0618994188874,242.94264221191406,1055800,0.0,0.0
2017-08-09 00:00:00+09:00,244.86311003917783,246.78360501987729,237.1811301163801,243.90286254882812,1411100,0.0,0.0
2017-08-10 00:00:00+09:00,190.12901846078728,193.0097611647386,180.52654278094954,187.24827575683594,10853700,0.0,0.0
2017-08-11 00:00:00+09:00,187.24827575683594,187.24827575683594,187.24827575683594,187.24827575683594,0,0.0,0.0
2017-08-14 00:00:00+09:00,182.44702483971082,185.32776733717995,178.60603484308533,183.4072723388672,1879100,0.0,0.0
2017-08-15 00:00:00+09:00,185.32777735130074,188.20852000442977,184.36752980025773,186.28802490234375,1082000,0.0,0.0
2017-08-16 00:00:00+09:00,186.2880378491951,193.00977117365056,186.2880378491951,190.1290283203125,1162300,0.0,0.0
2017-08-17 00:00:00+09:00,199.73151200457318,208.37374088938643,196.85076904296875,196.85076904296875,3465200,0.0,0.0
2017-08-18 00:00:00+09:00,211.25446755047804,227.57867640665134,208.37372481115332,210.29421997070312,12239700,0.0,0.0
2017-08-21 00:00:00+09:00,214.13523098190814,218.9364693447312,201.6520112385682,202.6122589111328,2610000,0.0,0.0
2017-08-22 00:00:00+09:00,204.53274448101337,205.49299210768478,198.77125872098483,199.73150634765625,1218400,0.0,0.0
2017-08-23 00:00:00+09:00,205.49297978889427,207.41347492710824,199.73149437425238,200.69174194335938,1066800,0.0,0.0
2017-08-24 00:00:00+09:00,202.6122589111328,203.57250658369742,198.7712682208744,202.6122589111328,894700,0.0,0.0
2017-08-25 00:00:00+09:00,205.49297978889427,206.45322735800127,200.69174194335938,200.69174194335938,902700,0.0,0.0
2017-08-28 00:00:00+09:00,201.65200246891504,206.45324062293685,201.65200246891504,204.53274536132812,733100,0.0,0.0
2017-08-29 00:00:00+09:00,201.65199279785156,203.57248796735493,199.73149762834822,201.65199279785156,558800,0.0,0.0
2017-08-30 00:00:00+09:00,204.53275425626205,206.45324960139126,201.6520112385682,202.6122589111328,454200,0.0,0.0
2017-08-31 00:00:00+09:00,203.57248051375288,211.25446091049827,203.57248051375288,208.37371826171875,1103800,0.0,0.0
2017-09-01 00:00:00+09:00,207.41345380550058,214.1351861047529,207.41345380550058,212.21469116210938,1210200,0.0,0.0
2017-09-04 00:00:00+09:00,210.29423114615426,210.29423114615426,204.53274536132812,204.53274536132812,963800,0.0,0.0
2017-09-05 00:00:00+09:00,208.37373498769907,208.37373498769907,195.89051584097055,199.73150634765625,1028200,0.0,0.0
2017-09-06 00:00:00+09:00,193.0097784274962,201.65200731230945,191.0892831197599,196.85076904296875,950300,0.0,0.0
2017-09-07 00:00:00+09:00,200.69173530910328,201.6519828464674,195.89049762228262,198.771240234375,562000,0.0,0.0
2017-09-08 00:00:00+09:00,196.85076904296875,198.77126435070502,194.93027373523248,196.85076904296875,480700,0.0,0.0
2017-09-11 00:00:00+09:00,197.81097412109375,200.69171646266307,195.8904792267142,197.81097412109375,460600,0.0,0.0
2017-09-12 00:00:00+09:00,199.73149437425238,201.65198951246634,196.85075166693144,200.69174194335938,633300,0.0,0.0
2017-09-13 00:00:00+09:00,199.73150720730632,205.49299299213249,199.73150720730632,204.53274536132812,678600,0.0,0.0
2017-09-14 00:00:00+09:00,203.57247792119566,204.53272545855978,197.81099269701087,198.771240234375,561500,0.0,0.0
2017-09-15 00:00:00+09:00,194.93026821429913,200.69175397432767,194.93026821429913,199.73150634765625,322800,0.0,0.0
2017-09-18 00:00:00+09:00,199.73150634765625,199.73150634765625,199.73150634765625,199.73150634765625,0,0.0,0.0
2017-09-19 00:00:00+09:00,201.65200246891504,205.49299299213249,201.65200246891504,204.53274536132812,657700,0.0,0.0
2017-09-20 00:00:00+09:00,204.53273129244465,210.2942166809642,202.61223616293813,209.33396911621094,885000,0.0,0.0
2017-09-21 00:00:00+09:00,211.25446091049827,211.25446091049827,207.41347071212556,208.37371826171875,533500,0.0,0.0
2017-09-22 00:00:00+09:00,208.37373258482737,209.33398020042563,203.57249450683594,203.57249450683594,503900,0.0,0.0
2017-09-25 00:00:00+09:00,206.45322756916954,214.1352081298828,204.5327324289912,214.1352081298828,875700,0.0,0.0
2017-09-26 00:00:00+09:00,211.2544436907876,213.17493863343114,208.37370127682235,212.21469116210938,570600,0.0,0.0
2017-09-27 00:00:00+09:00,212.21469116210938,216.05568104739643,210.29419621946585,212.21469116210938,581900,0.0,0.0
2017-09-28 00:00:00+09:00,214.13519951714412,217.97618964301216,212.21470445421008,216.05569458007812,680600,0.0,0.0
2017-09-29 00:00:00+09:00,216.0557044179816,219.89669471874572,215.09545684279055,218.9364471435547,707500,0.0,0.0
2017-10-02 00:00:00+09:00,223.7376816535311,225.65817677502065,217.0159487283177,217.9761962890625,1168200,0.0,0.0
2017-10-03 00:00:00+09:00,219.8966901624525,220.85693771774706,211.25446216480154,213.17495727539062,882900,0.0,0.0
2017-10-04 00:00:00+09:00,215.09544566761363,215.09544566761363,208.3737129905007,211.25445556640625,706800,0.0,0.0
2017-10-05 00:00:00+09:00,209.33396911621094,213.174959375224,206.45322642195117,209.33396911621094,481000,0.0,0.0
2017-10-06 00:00:00+09:00,207.41347492710824,208.37372249621524,200.69174194335938,200.69174194335938,1085800,0.0,0.0
2017-10-09 00:00:00+09:00,200.69174194335938,200.69174194335938,200.69174194335938,200.69174194335938,0,0.0,0.0
2017-10-10 00:00:00+09:00,199.73148713288484,207.41346740722656,199.73148713288484,207.41346740722656,563900,0.0,0.0
2017-10-11 00:00:00+09:00,207.41349473110466,208.3737423918968,205.49299940952037,206.4532470703125,229100,0.0,0.0
2017-10-12 00:00:00+09:00,207.41349473110466,210.2942377134811,206.4532470703125,206.4532470703125,303600,0.0,0.0
2017-10-13 00:00:00+09:00,207.4134882537412,207.4134882537412,203.57249773052376,204.53274536132812,356900,0.0,0.0
2017-10-16 00:00:00+09:00,206.4532470703125,207.41349473110466,203.57250408793604,206.4532470703125,311800,0.0,0.0
2017-10-17 00:00:00+09:00,206.45324062293685,208.37373588454554,203.57249773052376,204.53274536132812,276700,0.0,0.0
2017-10-18 00:00:00+09:00,203.57249773052376,205.49299299213249,202.6122500997194,204.53274536132812,345200,0.0,0.0
2017-10-19 00:00:00+09:00,204.53274212243423,206.45323735363078,201.65199927563938,203.57249450683594,324700,0.0,0.0
2017-10-20 00:00:00+09:00,203.57249773052376,207.4134882537412,203.57249773052376,204.53274536132812,375600,0.0,0.0
2017-10-23 00:00:00+09:00,205.49297041459516,211.25445556640625,204.53272288929332,211.25445556640625,632100,0.0,0.0
2017-10-24 00:00:00+09:00,207.41346740722656,208.3737149415193,205.49297233864112,207.41346740722656,468300,0.0,0.0
2017-10-25 00:00:00+09:00,208.37372368072795,209.33397125529353,205.49298095703125,205.49298095703125,332500,0.0,0.0
2017-10-26 00:00:00+09:00,207.41346740722656,208.3737149415193,205.49297233864112,207.41346740722656,152000,0.0,0.0
2017-10-27 00:00:00+09:00,207.41346740722656,211.25445754439744,204.53272480434842,207.41346740722656,512500,0.0,0.0
2017-10-30 00:00:00+09:00,207.4134761061624,209.33397125529353,205.49298095703125,205.49298095703125,255000,0.0,0.0
2017-10-31 00:00:00+09:00,205.49298207182864,210.29421997070312,203.57248691227883,210.29421997070312,515400,0.0,0.0
2017-11-01 00:00:00+09:00,209.33397125529353,209.33397125529353,204.5327333824657,205.49298095703125,410300,0.0,0.0
2017-11-02 00:00:00+09:00,206.45323072160994,206.45323072160994,201.65199279785156,201.65199279785156,449400,0.0,0.0
2017-11-03 00:00:00+09:00,201.65199279785156,201.65199279785156,201.65199279785156,201.65199279785156,0,0.0,0.0
2017-11-06 00:00:00+09:00,202.6122589111328,204.53275425626205,201.6520112385682,202.6122589111328,217700,0.0,0.0
2017-11-07 00:00:00+09:00,202.61221135704264,203.5724588042324,197.81097412109375,197.81097412109375,540400,0.0,0.0
2017-11-08 00:00:00+09:00,194.9302215576172,197.81096374812384,193.96997416078162,194.9302215576172,613500,0.0,0.0
2017-11-09 00:00:00+09:00,193.97002058762772,202.61224922767053,193.97002058762772,199.73150634765625,1047000,0.0,0.0
2017-11-10 00:00:00+09:00,195.8905072893415,203.57248796735493,194.93025970458984,201.65199279785156,614900,0.0,0.0
2017-11-13 00:00:00+09:00,203.57250408793604,206.4532470703125,201.65200876635174,206.4532470703125,472200,0.0,0.0
2017-11-14 00:00:00+09:00,206.45321987293386,209.333962475812,203.5724772700557,207.41346740722656,456800,0.0,0.0
2017-11-15 00:00:00+09:00,206.45323072160994,206.45323072160994,199.73149762834822,201.65199279785156,368600,0.0,0.0
2017-11-16 00:00:00+09:00,201.65199279785156,204.5327355521066,200.6917452130999,201.65199279785156,194300,0.0,0.0
2017-11-17 00:00:00+09:00,203.57249450683594,203.57249450683594,200.6917516600411,203.57249450683594,230000,0.0,0.0
2017-11-20 00:00:00+09:00,202.61224038260323,204.5327355521066,201.65199279785156,201.65199279785156,152800,0.0,0.0
2017-11-21 00:00:00+09:00,202.61222783868962,211.25445556640625,201.65198031338778,211.25445556640625,758400,0.0,0.0
2017-11-22 00:00:00+09:00,209.3339658113119,210.2942133609051,207.41347071212556,208.37371826171875,386800,0.0,0.0
2017-11-23 00:00:00+09:00,208.37371826171875,208.37371826171875,208.37371826171875,208.37371826171875,0,0.0,0.0
2017-11-24 00:00:00+09:00,206.45323735363078,206.45323735363078,202.61224689123767,203.57249450683594,387000,0.0,0.0
2017-11-27 00:00:00+09:00,203.57250658369742,206.45324960139126,197.81102054830976,202.6122589111328,559000,0.0,0.0
2017-11-28 00:00:00+09:00,202.61223708157334,203.5724846506803,197.8109992360384,200.69174194335938,439600,0.0,0.0
2017-11-29 00:00:00+09:00,199.73149437425238,202.61223708157334,199.73149437425238,200.69174194335938,278700,0.0,0.0
2017-11-30 00:00:00+09:00,202.61224689123767,203.57249450683594,199.7315040444428,203.57249450683594,327400,0.0,0.0
2017-12-01 00:00:00+09:00,202.6122589111328,203.57250658369742,200.6917635660036,202.6122589111328,194300,0.0,0.0
2017-12-04 00:00:00+09:00,200.69174194335938,201.65198951246634,198.7712468051454,200.69174194335938,269100,0.0,0.0
2017-12-05 00:00:00+09:00,198.771240234375,200.69173530910328,197.81099269701087,198.771240234375,347300,0.0,0.0
2017-12-06 00:00:00+09:00,198.7712468051454,201.65198951246634,195.89050409782445,200.69174194335938,448000,0.0,0.0
2017-12-07 00:00:00+09:00,200.69173530910328,200.69173530910328,197.81099269701087,198.771240234375,168700,0.0,0.0
2017-12-08 00:00:00+09:00,197.81097412109375,198.77122156828352,196.85072667390398,197.81097412109375,202200,0.0,0.0
2017-12-11 00:00:00+09:00,197.8110166968369,198.77126435070502,196.85076904296875,196.85076904296875,419400,0.0,0.0
2017-12-12 00:00:00+09:00,196.85076904296875,200.69175965844133,196.85076904296875,196.85076904296875,530100,0.0,0.0
2017-12-13 00:00:00+09:00,197.81097412109375,198.77122156828352,196.85072667390398,197.81097412109375,271500,0.0,0.0
2017-12-14 00:00:00+09:00,197.8110166968369,198.77126435070502,195.89052138910063,196.85076904296875,264500,0.0,0.0
2017-12-15 00:00:00+09:00,196.85076582665536,197.81101346483416,195.89051818847656,195.89051818847656,395700,0.0,0.0
2017-12-18 00:00:00+09:00,195.89049628229424,195.89049628229424,193.97000122070312,193.97000122070312,513600,0.0,0.0
2017-12-19 00:00:00+09:00,193.96999788047071,194.93024539473046,193.00975036621094,193.00975036621094,498600,0.0,0.0
2017-12-20 00:00:00+09:00,192.04954809072066,192.04954809072066,186.28806164799903,188.20855712890625,774000,0.0,0.0
2017-12-21 00:00:00+09:00,188.20853308475378,190.1290283203125,187.24828546697444,190.1290283203125,666700,0.0,0.0
2017-12-22 00:00:00+09:00,188.20855712890625,193.97004357162785,186.28806164799903,188.20855712890625,1797900,0.0,0.0
2017-12-25 00:00:00+09:00,189.16877975859174,190.1290273715795,185.32778930664062,185.32778930664062,695000,0.0,0.0
2017-12-26 00:00:00+09:00,182.44704221021684,185.32778498195708,177.6458042573164,179.56629943847656,1462800,0.0,0.0
2017-12-27 00:00:00+09:00,179.56627539190322,186.3241459711684,179.56627539190322,184.39332580566406,590400,1.0,0.0
2017-12-28 00:00:00+09:00,187.28957917728525,187.28957917728525,180.53170776367188,180.53170776367188,457900,0.0,0.0
2017-12-29 00:00:00+09:00,181.49712941003224,184.3933601984902,181.49712941003224,182.46253967285156,325800,0.0,0.0
2018-01-01 00:00:00+09:00,182.46253967285156,182.46253967285156,182.46253967285156,182.46253967285156,0,0.0,0.0
2018-01-02 00:00:00+09:00,182.46253967285156,182.46253967285156,182.46253967285156,182.46253967285156,0,0.0,0.0
2018-01-03 00:00:00+09:00,182.46253967285156,182.46253967285156,182.46253967285156,182.46253967285156,0,0.0,0.0
2018-01-04 00:00:00+09:00,184.3933525283102,187.28958319629413,183.42794230564888,186.3241729736328,391000,0.0,0.0
2018-01-05 00:00:00+09:00,185.35877403846155,189.22041516426282,184.3933637570112,188.2550048828125,472400,0.0,0.0
2018-01-08 00:00:00+09:00,188.2550048828125,188.2550048828125,188.2550048828125,188.2550048828125,0,0.0,0.0
2018-01-09 00:00:00+09:00,187.28958129882812,188.25499151170868,186.32417108594757,187.28958129882812,357300,0.0,0.0
2018-01-10 00:00:00+09:00,188.25499910296816,192.11664011020852,187.28958885115807,191.15122985839844,512800,0.0,0.0
2018-01-11 00:00:00+09:00,193.08204087130542,196.94368168873154,191.15122046259236,195.978271484375,868300,0.0,0.0
2018-01-12 00:00:00+09:00,197.9090844490678,201.7707251212447,197.9090844490678,199.83990478515625,922900,0.0,0.0
2018-01-15 00:00:00+09:00,199.83991813659668,201.77073860168457,193.08204650878906,200.80532836914062,1023100,0.0,0.0
2018-01-16 00:00:00+09:00,199.83989403953015,205.63235473632812,197.90907380726415,205.63235473632812,1054100,0.0,0.0
2018-01-17 00:00:00+09:00,204.66695188677483,205.63236203718415,198.87449098431892,201.77072143554688,1028400,0.0,0.0
2018-01-18 00:00:00+09:00,198.87451560824525,201.77074641807405,195.97828479841644,196.94369506835938,659900,0.0,0.0
2018-01-19 00:00:00+09:00,196.94368168873154,197.90909189308806,194.04745107566197,195.978271484375,302400,0.0,0.0
2018-01-22 00:00:00+09:00,192.1166437186447,199.83992587818818,191.15123344870173,196.94369506835938,689500,0.0,0.0
2018-01-23 00:00:00+09:00,197.9091053383023,198.87451560824525,195.0128745284735,196.94369506835938,479700,0.0,0.0
2018-01-24 00:00:00+09:00,196.94367794874236,198.87449832078886,196.94367794874236,197.90908813476562,258900,0.0,0.0
2018-01-25 00:00:00+09:00,194.04744377689084,200.80531495320048,194.04744377689084,199.83990478515625,555900,0.0,0.0
2018-01-26 00:00:00+09:00,197.9090844490678,201.7707251212447,197.9090844490678,199.83990478515625,347800,0.0,0.0
2018-01-29 00:00:00+09:00,201.77073860168457,201.77073860168457,199.83991813659668,200.80532836914062,275600,0.0,0.0
2018-01-30 00:00:00+09:00,200.80531060517723,200.80531060517723,192.11661928091476,194.0474395751953,889700,0.0,0.0
2018-01-31 00:00:00+09:00,193.08201599121094,196.94365631103514,192.11660591125488,193.08201599121094,282300,0.0,0.0
2018-02-01 00:00:00+09:00,194.04746425853057,197.9091053383023,194.04746425853057,196.94369506835938,367100,0.0,0.0
2018-02-02 00:00:00+09:00,195.0128631591797,197.9090938001576,194.04745294552038,195.0128631591797,417800,0.0,0.0
2018-02-05 00:00:00+09:00,190.18580627441406,193.0820368268163,190.18580627441406,190.18580627441406,405700,0.0,0.0
2018-02-06 00:00:00+09:00,181.49710357323121,183.42792382401026,162.18890106544066,171.84300231933594,1976600,0.0,0.0
2018-02-07 00:00:00+09:00,176.6700529462836,180.5316934478417,170.8775921939464,171.84300231933594,793500,0.0,0.0
2018-02-08 00:00:00+09:00,172.80841244472546,176.6700529462836,169.9121820685569,171.84300231933594,416700,0.0,0.0
2018-02-09 00:00:00+09:00,164.1197265625,168.94677734375,164.1197265625,168.94677734375,492700,0.0,0.0
2018-02-12 00:00:00+09:00,168.94677734375,168.94677734375,168.94677734375,168.94677734375,0,0.0,0.0
2018-02-13 00:00:00+09:00,172.80842036991328,179.56629155756352,172.80842036991328,175.70465087890625,678400,0.0,0.0
2018-02-14 00:00:00+09:00,174.7392363981767,178.60087698156184,167.01595523140648,169.9121856689453,671700,0.0,0.0
2018-02-15 00:00:00+09:00,170.8776092529297,172.80842969646562,168.94678880939375,170.8776092529297,291500,0.0,0.0
2018-02-16 00:00:00+09:00,171.84300231933594,174.7392326955045,170.8775921939464,171.84300231933594,436000,0.0,0.0
2018-02-19 00:00:00+09:00,172.80843704465835,183.42794993567088,172.80843704465835,182.46253967285156,762000,0.0,0.0
2018-02-20 00:00:00+09:00,183.42794799804688,186.32417875591076,179.56630698756166,183.42794799804688,456200,0.0,0.0
2018-02-21 00:00:00+09:00,183.42794799804688,186.32417875591076,181.49712749280428,183.42794799804688,372600,0.0,0.0
2018-02-22 00:00:00+09:00,183.4279157229119,184.39332580566406,180.5316854746554,184.39332580566406,236000,0.0,0.0
2018-02-23 00:00:00+09:00,184.3933601984902,185.35877046130952,181.49712941003224,182.46253967285156,156400,0.0,0.0
2018-02-26 00:00:00+09:00,183.42794993567088,185.35877046130952,182.46253967285156,182.46253967285156,119100,0.0,0.0
2018-02-27 00:00:00+09:00,185.35876850328947,186.32417875591076,182.46253774542558,183.42794799804688,477200,0.0,0.0
2018-02-28 00:00:00+09:00,183.42792908350626,186.3241595427195,183.42792908350626,185.35874938964844,341500,0.0,0.0
2018-03-01 00:00:00+09:00,183.42794799804688,185.35876850328947,183.42794799804688,183.42794799804688,332600,0.0,0.0
2018-03-02 00:00:00+09:00,180.53173625215572,182.46255696073493,178.60091554357652,181.4971466064453,435900,0.0,0.0
2018-03-05 00:00:00+09:00,181.49711189689216,182.4625220665565,175.70465087890625,175.70465087890625,445500,0.0,0.0
2018-03-06 00:00:00+09:00,180.53170965051137,182.46253007458103,178.60088922644175,179.56629943847656,178800,0.0,0.0
2018-03-07 00:00:00+09:00,188.25499341895545,193.082044532262,183.42794230564888,186.3241729736328,2064100,0.0,0.0
2018-03-08 00:00:00+09:00,189.22039000193277,189.22039000193277,183.42792908350626,185.35874938964844,446300,0.0,0.0
2018-03-09 00:00:00+09:00,186.32417108594757,188.25499151170868,184.39335066018646,187.28958129882812,238500,0.0,0.0
2018-03-12 00:00:00+09:00,189.22039609028,190.18580627441406,186.32416553787775,190.18580627441406,405500,0.0,0.0
2018-03-13 00:00:00+09:00,189.2203964605564,197.90908813476562,187.2895760885099,197.90908813476562,1003500,0.0,0.0
2018-03-14 00:00:00+09:00,196.94367428102356,199.83990478515625,195.01285394493507,199.83990478515625,568500,0.0,0.0
2018-03-15 00:00:00+09:00,200.80531869283536,200.80531869283536,194.04744739067263,197.90908813476562,530300,0.0,0.0
2018-03-16 00:00:00+09:00,195.9782811174489,197.90910162106908,189.22040935477824,191.15122985839844,637900,0.0,0.0
2018-03-19 00:00:00+09:00,190.18582544571314,191.15123572716345,186.32418431991186,188.2550048828125,464200,0.0,0.0
2018-03-20 00:00:00+09:00,187.2895696957906,189.22039000193277,183.42792908350626,185.35874938964844,664700,0.0,0.0
2018-03-21 00:00:00+09:00,185.35874938964844,185.35874938964844,185.35874938964844,185.35874938964844,0,0.0,0.0
2018-03-22 00:00:00+09:00,185.3587571747449,189.22039794921875,185.3587571747449,189.22039794921875,252300,0.0,0.0
2018-03-23 00:00:00+09:00,182.46255696073493,186.32419837789334,180.53173625215572,181.4971466064453,595400,0.0,0.0
2018-03-26 00:00:00+09:00,177.63548835875497,183.42794993567088,174.73925757029699,182.46253967285156,723800,0.0,0.0
2018-03-27 00:00:00+09:00,184.39335825066817,187.28958900853206,183.42794799804688,183.42794799804688,227600,0.0,0.0
2018-03-28 00:00:00+09:00,185.35878802360372,186.32419837789334,181.4971466064453,181.4971466064453,230600,0.0,0.0
2018-03-29 00:00:00+09:00,183.42795347556088,189.22041516426282,183.42795347556088,188.2550048828125,419600,0.0,0.0
2018-03-30 00:00:00+09:00,187.28957756198182,192.11662853007414,187.28957756198182,189.22039794921875,347400,0.0,0.0
2018-04-02 00:00:00+09:00,191.15119583129882,195.97824623107908,189.2203756713867,193.08201599121094,465900,0.0,0.0
2018-04-03 00:00:00+09:00,188.25496613667275,192.1166064676814,184.39332580566406,184.39332580566406,669800,0.0,0.0
2018-04-04 00:00:00+09:00,186.32418072412884,186.32418072412884,180.53171914721293,182.46253967285156,552500,0.0,0.0
2018-04-05 00:00:00+09:00,184.39335825066817,185.35876850328947,180.53171724018299,183.42794799804688,297200,0.0,0.0
2018-04-06 00:00:00+09:00,183.42794993567088,184.3933601984902,180.53171914721293,182.46253967285156,188500,0.0,0.0
2018-04-09 00:00:00+09:00,182.46253967285156,183.42794993567088,180.53171914721293,182.46253967285156,124100,0.0,0.0
2018-04-10 00:00:00+09:00,183.42794028661584,183.42794028661584,178.60088922644175,179.56629943847656,231300,0.0,0.0
2018-04-11 00:00:00+09:00,180.53172698149808,181.497137286212,178.6009063720703,178.6009063720703,133300,0.0,0.0
2018-04-12 00:00:00+09:00,178.6009063720703,183.42795789563976,178.6009063720703,178.6009063720703,266300,0.0,0.0
2018-04-13 00:00:00+09:00,180.53170965051137,181.4971198625462,178.60088922644175,179.56629943847656,119800,0.0,0.0
2018-04-16 00:00:00+09:00,179.5662796020508,179.5662796020508,173.77381896972656,173.77381896972656,375300,0.0,0.0
2018-04-17 00:00:00+09:00,176.67004928588867,177.63545939127604,173.77381896972656,173.77381896972656,275200,0.0,0.0
2018-04-18 00:00:00+09:00,174.7392578125,177.63548860497238,173.77384754834253,174.7392578125,198600,0.0,0.0
2018-04-19 00:00:00+09:00,175.70466232299805,178.60089302062988,175.70466232299805,177.63548278808594,189200,0.0,0.0
2018-04-20 00:00:00+09:00,176.6700439453125,177.63545402151638,175.7046338691086,176.6700439453125,81200,0.0,0.0
2018-04-23 00:00:00+09:00,177.63548278808594,179.56630325317383,176.670072555542,177.63548278808594,133800,0.0,0.0
2018-04-24 00:00:00+09:00,177.63545402151638,180.53168425012808,176.6700439453125,176.6700439453125,176200,0.0,0.0
2018-04-25 00:00:00+09:00,176.670072555542,178.60089302062988,176.670072555542,177.63548278808594,71600,0.0,0.0
2018-04-26 00:00:00+09:00,178.60088922644175,179.56629943847656,177.63547901440694,179.56629943847656,98300,0.0,0.0
2018-04-27 00:00:00+09:00,179.5663166767842,179.5663166767842,177.63549606735643,178.6009063720703,119700,0.0,0.0
2018-04-30 00:00:00+09:00,178.6009063720703,178.6009063720703,178.6009063720703,178.6009063720703,0,0.0,0.0
2018-05-01 00:00:00+09:00,178.6008640977203,178.6008640977203,175.7046338691086,176.6700439453125,124500,0.0,0.0
2018-05-02 00:00:00+09:00,176.6700688023721,180.53170965051137,176.6700688023721,179.56629943847656,113500,0.0,0.0
2018-05-03 00:00:00+09:00,179.56629943847656,179.56629943847656,179.56629943847656,179.56629943847656,0,0.0,0.0
2018-05-04 00:00:00+09:00,179.56629943847656,179.56629943847656,179.56629943847656,179.56629943847656,0,0.0,0.0
2018-05-07 00:00:00+09:00,180.53171914721293,182.46253967285156,178.6008986215743,182.46253967285156,223200,0.0,0.0
2018-05-08 00:00:00+09:00,182.46253208298756,186.3241729736328,180.53171163766496,186.3241729736328,345900,0.0,0.0
2018-05-09 00:00:00+09:00,186.3241729736328,188.25499341895545,184.3933525283102,186.3241729736328,196300,0.0,0.0
2018-05-10 00:00:00+09:00,187.28958319629413,188.25499341895545,183.42794230564888,186.3241729736328,190200,0.0,0.0
2018-05-11 00:00:00+09:00,185.3587627509715,188.25499341895545,184.3933525283102,186.3241729736328,184000,0.0,0.0
2018-05-14 00:00:00+09:00,181.49710877736408,185.35874938964844,178.60087831815082,185.35874938964844,320300,0.0,0.0
2018-05-15 00:00:00+09:00,183.42796731502452,185.35878802360372,181.4971466064453,181.4971466064453,149300,0.0,0.0
2018-05-16 00:00:00+09:00,180.531698624293,189.22039000193277,180.531698624293,185.35874938964844,658400,0.0,0.0
2018-05-17 00:00:00+09:00,183.42794993567088,184.3933601984902,181.49712941003224,182.46253967285156,173800,0.0,0.0
2018-05-18 00:00:00+09:00,182.4625281675614,183.42793836950617,180.53170776367188,180.53170776367188,160000,0.0,0.0
2018-05-21 00:00:00+09:00,180.5316854746554,186.3241459711684,180.5316854746554,184.39332580566406,277100,0.0,0.0
2018-05-22 00:00:00+09:00,186.32418072412884,186.32418072412884,182.46253967285156,182.46253967285156,89000,0.0,0.0
2018-05-23 00:00:00+09:00,182.46254759092588,182.46254759092588,177.63549606735643,178.6009063720703,413200,0.0,0.0
2018-05-24 00:00:00+09:00,178.60091554357652,182.46255696073493,178.60091554357652,181.4971466064453,178500,0.0,0.0
2018-05-25 00:00:00+09:00,180.53171914721293,182.46253967285156,179.5663088843936,182.46253967285156,109300,0.0,0.0
2018-05-28 00:00:00+09:00,184.39333923657733,185.35874938964844,182.46251893043518,185.35874938964844,210700,0.0,0.0
2018-05-29 00:00:00+09:00,183.42796731502452,184.39337766931413,180.53173625215572,181.4971466064453,253500,0.0,0.0
2018-05-30 00:00:00+09:00,178.60088922644175,180.53170965051137,177.63547901440694,179.56629943847656,193200,0.0,0.0
2018-05-31 00:00:00+09:00,180.53170965051137,181.4971198625462,179.56629943847656,179.56629943847656,71700,0.0,0.0
2018-06-01 00:00:00+09:00,179.5663258978661,181.4971466064453,178.60091554357652,181.4971466064453,186400,0.0,0.0
2018-06-04 00:00:00+09:00,183.42793836950617,184.39334857145096,179.5662975617271,180.53170776367188,474200,0.0,0.0
2018-06-05 00:00:00+09:00,181.497137286212,181.497137286212,178.6009063720703,178.6009063720703,140200,0.0,0.0
2018-06-06 00:00:00+09:00,178.6009063720703,179.5663166767842,177.63549606735643,178.6009063720703,143900,0.0,0.0
2018-06-07 00:00:00+09:00,178.60088922644175,181.4971198625462,177.63547901440694,179.56629943847656,123000,0.0,0.0
2018-06-08 00:00:00+09:00,179.56629943847656,180.53170965051137,178.60088922644175,179.56629943847656,108500,0.0,0.0
2018-06-11 00:00:00+09:00,179.56630325317383,179.56630325317383,176.670072555542,177.63548278808594,165300,0.0,0.0
2018-06-12 00:00:00+09:00,177.63548278808594,179.56630325317383,177.63548278808594,177.63548278808594,64700,0.0,0.0
2018-06-13 00:00:00+09:00,178.60088922644175,180.53170965051137,177.63547901440694,179.56629943847656,102000,0.0,0.0
2018-06-14 00:00:00+09:00,179.5663166767842,180.53172698149808,178.6009063720703,178.6009063720703,129000,0.0,0.0
2018-06-15 00:00:00+09:00,178.6009063720703,181.497137286212,177.63549606735643,178.6009063720703,430300,0.0,0.0
2018-06-18 00:00:00+09:00,177.63548278808594,177.63548278808594,175.70466232299805,177.63548278808594,200100,0.0,0.0
2018-06-19 00:00:00+09:00,178.60089886912982,181.4971296616022,174.7392578125,174.7392578125,915700,0.0,0.0
2018-06-20 00:00:00+09:00,172.80841244472546,175.70464282089404,167.0159516923883,171.84300231933594,1009800,0.0,0.0
2018-06-21 00:00:00+09:00,172.80841796875,175.7046484375,168.94677734375,168.94677734375,412700,0.0,0.0
2018-06-22 00:00:00+09:00,168.9467810481959,168.9467810481959,166.05055051594113,167.01596069335938,399000,0.0,0.0
2018-06-25 00:00:00+09:00,167.01596827760955,167.9813784988674,162.18891717132027,163.15432739257812,388500,0.0,0.0
2018-06-26 00:00:00+09:00,161.22349366687592,164.11972409202937,161.22349366687592,162.18890380859375,218100,0.0,0.0
2018-06-27 00:00:00+09:00,164.1312858901338,165.10247693090383,162.18890380859375,162.18890380859375,166800,1.0,0.0
2018-06-28 00:00:00+09:00,161.21771165801258,162.18890269209697,158.30413855575932,159.27532958984375,232500,0.0,0.0
2018-06-29 00:00:00+09:00,159.27536101030879,164.13131713867188,159.27536101030879,164.13131713867188,184000,0.0,0.0
2018-07-02 00:00:00+09:00,162.18890380859375,165.10247693090383,161.21771276782374,162.18890380859375,158700,0.0,0.0
2018-07-03 00:00:00+09:00,160.24653653064405,164.13130105259907,160.24653653064405,161.2177276611328,101500,0.0,0.0
2018-07-04 00:00:00+09:00,160.24651947969235,160.24651947969235,156.36175537109375,156.36175537109375,215600,0.0,0.0
2018-07-05 00:00:00+09:00,158.30415138831503,158.30415138831503,150.53462248582105,151.5058135986328,360500,0.0,0.0
2018-07-06 00:00:00+09:00,151.5058023601235,162.18890380859375,151.5058023601235,162.18890380859375,392500,0.0,0.0
2018-07-09 00:00:00+09:00,162.18890380859375,166.07366797167384,159.2753306862837,162.18890380859375,524000,0.0,0.0
2018-07-10 00:00:00+09:00,160.24652208600725,165.10247730073476,160.24652208600725,163.16009521484375,207400,0.0,0.0
2018-07-11 00:00:00+09:00,163.16012591299926,165.1025083643445,161.21774346165404,164.13131713867188,232800,0.0,0.0
2018-07-12 00:00:00+09:00,161.21774346165404,165.1025083643445,161.21774346165404,164.13131713867188,163400,0.0,0.0
2018-07-13 00:00:00+09:00,162.1889069297097,172.87200858376244,162.1889069297097,170.92962646484375,574000,0.0,0.0
2018-07-16 00:00:00+09:00,170.92962646484375,170.92962646484375,170.92962646484375,170.92962646484375,0,0.0,0.0
2018-07-17 00:00:00+09:00,171.9008185530508,176.75677387940817,171.9008185530508,173.84320068359375,487200,0.0,0.0
2018-07-18 00:00:00+09:00,173.84321718630585,179.6703641310982,173.84321718630585,178.6991729736328,607800,0.0,0.0
2018-07-19 00:00:00+09:00,178.69915837113575,183.55511376165575,178.69915837113575,180.64154052734375,428200,0.0,0.0
2018-07-20 00:00:00+09:00,181.612746446029,182.5839376034944,178.6991729736328,178.6991729736328,183600,0.0,0.0
2018-07-23 00:00:00+09:00,177.72798206226247,180.64155553869298,176.75679090345227,179.6703643798828,68800,0.0,0.0
2018-07-24 00:00:00+09:00,179.67034811501975,180.64153918591174,176.75677490234375,176.75677490234375,118700,0.0,0.0
2018-07-25 00:00:00+09:00,177.72796597323574,179.67034811501975,176.75677490234375,176.75677490234375,128200,0.0,0.0
2018-07-26 00:00:00+09:00,179.67036558452406,184.5263214111328,176.7567920885588,184.5263214111328,364600,0.0,0.0
2018-07-27 00:00:00+09:00,182.58392366278107,184.52630582940643,181.61273257946843,183.55511474609375,254300,0.0,0.0
2018-07-30 00:00:00+09:00,182.5839246114095,186.46868896484375,181.61273352305093,186.46868896484375,330100,0.0,0.0
2018-07-31 00:00:00+09:00,184.52632212268256,189.3822779680163,183.55513095361582,187.4398956298828,296000,0.0,0.0
2018-08-01 00:00:00+09:00,186.46867330660996,186.46867330660996,181.61271827258366,185.4974822998047,289000,0.0,0.0
2018-08-02 00:00:00+09:00,184.52629129299942,186.46867330660996,183.55510028619418,185.4974822998047,189900,0.0,0.0
2018-08-03 00:00:00+09:00,185.49751133274387,187.43989365036424,178.69917322107264,179.6703643798828,274900,0.0,0.0
2018-08-06 00:00:00+09:00,183.55513095361582,202.00776316588406,183.55513095361582,187.4398956298828,2579400,0.0,0.0
2018-08-07 00:00:00+09:00,185.49751133274387,187.43989365036424,179.6703643798828,179.6703643798828,395400,0.0,0.0
2018-08-08 00:00:00+09:00,182.58392301345253,184.5263051731701,179.67034977387615,181.61273193359375,208900,0.0,0.0
2018-08-09 00:00:00+09:00,174.81439590454102,188.41107114156085,173.84320481618244,186.46868896484375,664100,0.0,0.0
2018-08-10 00:00:00+09:00,183.55512901512353,185.49751133274387,177.72798206226247,179.6703643798828,323800,0.0,0.0
2018-08-13 00:00:00+09:00,182.5839209793681,182.5839209793681,175.78558349609375,175.78558349609375,263400,0.0,0.0
2018-08-14 00:00:00+09:00,175.78559950123662,179.6703641310982,175.78559950123662,178.6991729736328,141200,0.0,0.0
2018-08-15 00:00:00+09:00,178.69915704412776,180.64153918591174,175.78558383145176,176.75677490234375,222700,0.0,0.0
2018-08-16 00:00:00+09:00,175.7855997446421,179.6703643798828,174.81440858583193,179.6703643798828,195500,0.0,0.0
2018-08-17 00:00:00+09:00,179.67034062728507,203.950116387729,179.67034062728507,197.1517791748047,2490700,0.0,0.0
2018-08-20 00:00:00+09:00,210.74844802053352,222.40274007696854,202.97891998291016,221.43154907226562,7686200,0.0,0.0
2018-08-21 00:00:00+09:00,234.05707053532677,249.59612916007873,230.17230587913878,244.74017333984375,12009700,0.0,0.0
2018-08-22 00:00:00+09:00,234.05705763942512,250.5673065185547,224.34514653405478,250.5673065185547,4822200,0.0,0.0
2018-08-23 00:00:00+09:00,258.33682518283814,266.1063537597656,251.53848767802663,266.1063537597656,5892100,0.0,0.0
2018-08-24 00:00:00+09:00,271.93353678385415,291.35736083984375,268.04877197265625,291.35736083984375,9008600,0.0,0.0
2018-08-27 00:00:00+09:00,311.75235838809255,347.68643085027145,301.0692557642015,343.8016662597656,18729400,0.0,0.0
2018-08-28 00:00:00+09:00,312.7235252213304,320.49305379825785,266.1063537597656,266.1063537597656,16282400,0.0,0.0
2018-08-29 00:00:00+09:00,281.6454143255529,297.1844716676524,256.3944461446413,275.8182678222656,20471000,0.0,0.0
2018-08-30 00:00:00+09:00,288.44372800317143,301.06921104708124,282.6165819829053,294.2708740234375,10474200,0.0,0.0
2018-08-31 00:00:00+09:00,282.616608290949,286.50137266608226,274.84707954068233,284.5589904785156,4884500,0.0,0.0
2018-09-03 00:00:00+09:00,294.2709017383809,297.18447502291934,279.7030353156888,285.5301818847656,3871500,0.0,0.0
2018-09-04 00:00:00+09:00,274.84707236202,274.84707236202,259.3080152673475,263.1927795410156,4920700,0.0,0.0
2018-09-05 00:00:00+09:00,260.2792130767322,263.1927863574419,233.08586245677512,236.9706268310547,7229400,0.0,0.0
2018-09-06 00:00:00+09:00,233.08585166931152,251.53848159313202,229.201087474823,248.62490844726562,4179200,0.0,0.0
2018-09-07 00:00:00+09:00,242.79779726075955,273.8759153101368,239.88422369363045,272.90472412109375,4702800,0.0,0.0
2018-09-10 00:00:00+09:00,269.0198965731534,287.47252485795457,265.1351327237216,267.0775146484375,5046100,0.0,0.0
2018-09-11 00:00:00+09:00,270.9623097958772,275.8182651685632,261.2503990505053,268.0487365722656,2327800,0.0,0.0
2018-09-12 00:00:00+09:00,263.19278670330436,287.4725640744579,261.2504045136121,285.5301818847656,3004300,0.0,0.0
2018-09-13 00:00:00+09:00,292.3285520426432,295.24212565104165,282.61664001464845,291.35736083984375,3738500,0.0,0.0
2018-09-14 00:00:00+09:00,290.3861432895539,314.66592115657346,287.47256994551157,304.9540100097656,5374100,0.0,0.0
2018-09-17 00:00:00+09:00,304.9540100097656,304.9540100097656,304.9540100097656,304.9540100097656,0,0.0,0.0
2018-09-18 00:00:00+09:00,297.18448109231934,318.5506856152966,296.21328997763857,304.9540100097656,3789600,0.0,0.0
2018-09-19 00:00:00+09:00,307.8675859291856,319.5218794028456,305.9252036835756,313.6947326660156,3071000,0.0,0.0
2018-09-20 00:00:00+09:00,319.5218702043806,391.3900112229951,317.5794880146883,380.7069091796875,23464500,0.0,0.0
2018-09-21 00:00:00+09:00,374.8797310111449,393.33236025780747,359.340674803429,376.8221130371094,10094600,0.0,0.0
2018-09-24 00:00:00+09:00,376.8221130371094,376.8221130371094,376.8221130371094,376.8221130371094,0,0.0,0.0
2018-09-25 00:00:00+09:00,367.11023233103197,377.79333433008316,342.8304550604611,375.8509521484375,5834400,0.0,0.0
2018-09-26 00:00:00+09:00,362.2542977913918,372.9374004072238,340.88809255972797,342.8304748535156,3548000,0.0,0.0
2018-09-27 00:00:00+09:00,332.1473340437405,349.62877267762155,318.5506595507219,319.5218505859375,4170300,0.0,0.0
2018-09-28 00:00:00+09:00,326.32019150995575,351.57115871013093,320.49304523299224,329.2337646484375,5817700,0.0,0.0
2018-10-01 00:00:00+09:00,341.85922580295136,354.4847085740831,335.0608889261881,349.6287536621094,2664100,0.0,0.0
2018-10-02 00:00:00+09:00,342.8304699342642,347.6864255990555,319.5218827432661,325.3490295410156,2957900,0.0,0.0
2018-10-03 00:00:00+09:00,318.55066685267855,343.8016343470982,311.7523294503348,339.9168701171875,2838300,0.0,0.0
2018-10-04 00:00:00+09:00,355.4559167932581,402.07308620876734,349.62877061631946,393.3323669433594,13617800,0.0,0.0
2018-10-05 00:00:00+09:00,386.5340874394284,410.8138668012015,370.9950286478936,383.6205139160156,10731000,0.0,0.0
2018-10-08 00:00:00+09:00,383.6205139160156,383.6205139160156,383.6205139160156,383.6205139160156,0,0.0,0.0
2018-10-09 00:00:00+09:00,382.6492864876907,404.9866813841802,334.08973236488725,366.1390380859375,9670000,0.0,0.0
2018-10-10 00:00:00+09:00,363.22549055944245,374.87978437418394,346.7152409885587,348.6576232910156,3472000,0.0,0.0
2018-10-11 00:00:00+09:00,320.49304729959243,348.6575878198596,315.6370920374774,335.0609130859375,3389700,0.0,0.0
2018-10-12 00:00:00+09:00,339.9168791594329,376.82214032531414,332.14735049293154,367.1102294921875,3881200,0.0,0.0
2018-10-15 00:00:00+09:00,378.7644831339518,380.7068650987413,342.83041678534613,349.6287536621094,2688100,0.0,0.0
2018-10-16 00:00:00+09:00,349.62874840045794,364.19661291714374,333.1185019482141,337.9744567871094,3925700,0.0,0.0
2018-10-17 00:00:00+09:00,342.8304392946857,356.4271139409338,321.46423627915283,329.2337646484375,6849000,0.0,0.0
2018-10-18 00:00:00+09:00,325.3489460357248,332.14728222154594,276.7894018512883,283.5877380371094,10224700,0.0,0.0
2018-10-19 00:00:00+09:00,284.5589960538424,309.8099649869479,279.70304048978363,303.0116271972656,6000600,0.0,0.0
2018-10-22 00:00:00+09:00,301.06927286783855,303.98284647623694,291.35736083984375,291.35736083984375,2548800,0.0,0.0
2018-10-23 00:00:00+09:00,286.50134599641603,297.18444703357056,279.7030089727723,294.2708740234375,2139600,0.0,0.0
2018-10-24 00:00:00+09:00,300.09801795498635,303.98278194145865,289.4149169921875,289.4149169921875,1726700,0.0,0.0
2018-10-25 00:00:00+09:00,270.9623133430082,293.2997083497795,268.04874008125546,278.7318420410156,2730800,0.0,0.0
2018-10-26 00:00:00+09:00,288.4437158203125,291.3572887073864,266.1063236860795,267.0775146484375,2229100,0.0,0.0
2018-10-29 00:00:00+09:00,270.9622784978693,281.6453790838068,264.1639417613636,267.0775146484375,2100700,0.0,0.0
2018-10-30 00:00:00+09:00,268.04874188419905,290.3861370412156,264.1639775090657,284.5589904785156,2323900,0.0,0.0
2018-10-31 00:00:00+09:00,289.4149182088351,303.0115922186462,286.50134520673276,292.3284912109375,2155100,0.0,0.0
2018-11-01 00:00:00+09:00,292.32854881955865,294.2709312037418,276.78948974609375,276.78948974609375,1836800,0.0,0.0
2018-11-02 00:00:00+09:00,275.81826940622295,285.5301803008083,268.0487406905547,280.6742248535156,2217500,0.0,0.0
2018-11-05 00:00:00+09:00,277.760681576199,284.5590199364556,270.9623432159424,279.70306396484375,1414600,0.0,0.0
2018-11-06 00:00:00+09:00,280.67425363343807,280.67425363343807,270.9623417430077,272.90472412109375,1222600,0.0,0.0
2018-11-07 00:00:00+09:00,272.9046942505314,283.58779616069455,269.01992991956297,274.8470764160156,1300200,0.0,0.0
2018-11-08 00:00:00+09:00,298.15570424085746,347.6864564111628,295.2421305837807,316.60833740234375,15809300,0.0,0.0
2018-11-09 00:00:00+09:00,324.37780187720415,332.1473300658797,303.01159935834636,309.8099365234375,4361100,0.0,0.0
2018-11-12 00:00:00+09:00,313.6947374987113,332.14736911628256,312.7235463609444,331.1761779785156,4027900,0.0,0.0
2018-11-13 00:00:00+09:00,325.3489733569195,354.48470231425557,316.60825466971863,336.0320739746094,6220200,0.0,0.0
2018-11-14 00:00:00+09:00,348.65759034590286,353.51354564319956,339.91687081076884,341.8592529296875,3341100,0.0,0.0
2018-11-15 00:00:00+09:00,332.1473336568693,337.97447986137576,315.6370860774343,318.5506591796875,2797300,0.0,0.0
2018-11-16 00:00:00+09:00,317.5794576682792,326.3201766866722,289.41491860901283,293.2996826171875,3973700,0.0,0.0
2018-11-19 00:00:00+09:00,300.09805748572717,323.40664447490985,297.1844841120793,315.6371154785156,3290100,0.0,0.0
2018-11-20 00:00:00+09:00,309.80994023378133,328.262569902878,308.8387491985657,319.5218505859375,2027600,0.0,0.0
2018-11-21 00:00:00+09:00,315.6370822738551,327.2913745424283,304.95398102766313,308.8387451171875,2391100,0.0,0.0
2018-11-22 00:00:00+09:00,315.6370810856895,315.6370810856895,301.0692158048115,305.9251708984375,1433600,0.0,0.0
2018-11-23 00:00:00+09:00,305.9251708984375,305.9251708984375,305.9251708984375,305.9251708984375,0,0.0,0.0
2018-11-26 00:00:00+09:00,304.9540395397199,310.7811867920712,298.1557010786433,300.09808349609375,1361300,0.0,0.0
2018-11-27 00:00:00+09:00,305.92520423302284,316.6083066030649,301.0692486102764,315.6371154785156,1597900,0.0,0.0
2018-11-28 00:00:00+09:00,321.46424228871234,347.6864010252538,315.6370959028142,346.7152099609375,4253000,0.0,0.0
2018-11-29 00:00:00+09:00,346.71523944109083,371.96620926032995,328.2626076501084,342.8304748535156,12287500,0.0,0.0
2018-11-30 00:00:00+09:00,345.74401128859745,352.542348589216,323.406617300851,326.3201904296875,4449000,0.0,0.0
2018-12-03 00:00:00+09:00,334.0897816313794,339.9169289854151,327.29144305167114,328.26263427734375,2763400,0.0,0.0
2018-12-04 00:00:00+09:00,340.8880893561847,360.3119121115229,328.26260456521493,331.1761779785156,9345700,0.0,0.0
2018-12-05 00:00:00+09:00,328.26260483055785,333.11856052331757,323.4066491377981,332.1473693847656,2417700,0.0,0.0
2018-12-06 00:00:00+09:00,334.0897157250381,337.0032888272913,312.723512975181,318.5506591796875,3206700,0.0,0.0
2018-12-07 00:00:00+09:00,321.46425802838,323.4066402521164,301.0692446791474,302.0404357910156,2853900,0.0,0.0
2018-12-10 00:00:00+09:00,301.0692377321448,309.8099575372716,275.81826940622295,280.6742248535156,3520000,0.0,0.0
2018-12-11 00:00:00+09:00,289.41494530746616,296.21328294891674,279.70303439110825,282.6166076660156,2659500,0.0,0.0
2018-12-12 00:00:00+09:00,289.4149513367288,303.01162690288385,285.53018688925596,302.0404357910156,2182200,0.0,0.0
2018-12-13 00:00:00+09:00,307.86761316589553,308.83880437462074,298.1557010786433,300.09808349609375,1915200,0.0,0.0
2018-12-14 00:00:00+09:00,297.18444703357056,300.09802004370357,286.50134599641603,294.2708740234375,1545200,0.0,0.0
2018-12-17 00:00:00+09:00,286.5013106881756,291.3572651066192,279.70297450235444,283.5877380371094,1753700,0.0,0.0
2018-12-18 00:00:00+09:00,271.93350087041443,282.61660269032353,264.1639722741169,268.0487365722656,2522700,0.0,0.0
2018-12-19 00:00:00+09:00,275.81826940622295,290.38613574810097,274.84707831676445,280.6742248535156,2218400,0.0,0.0
2018-12-20 00:00:00+09:00,283.58782651613086,283.58782651613086,264.1640027821493,269.99114990234375,1843300,0.0,0.0
2018-12-21 00:00:00+09:00,262.22158081054687,264.163962890625,222.40274816894532,242.79776000976562,5704400,0.0,0.0
2018-12-24 00:00:00+09:00,242.79776000976562,242.79776000976562,242.79776000976562,242.79776000976562,0,0.0,0.0
2018-12-25 00:00:00+09:00,224.34513533742805,267.0775420683667,222.40275321329446,258.3368225097656,4513600,0.0,0.0
2018-12-26 00:00:00+09:00,257.3619600183824,268.0853750191483,235.9151300168505,248.5882568359375,3272700,1.0,0.0
2018-12-27 00:00:00+09:00,264.1859292695016,265.1607850970644,253.46251516631153,257.3619384765625,1934700,0.0,0.0
2018-12-28 00:00:00+09:00,272.9596813012522,299.2807934267301,271.98482529660487,274.9093933105469,5056300,0.0,0.0
2018-12-31 00:00:00+09:00,274.9093933105469,274.9093933105469,274.9093933105469,274.9093933105469,0,0.0,0.0
2019-01-04 00:00:00+09:00,267.1105110275913,280.7584933428697,266.1356551479286,276.85906982421875,2121500,0.0,0.0
2019-01-07 00:00:00+09:00,290.50704477556076,294.4064681953669,278.8087745161422,279.78363037109375,2381600,0.0,0.0
2019-01-08 00:00:00+09:00,280.7584862260453,285.63276550080303,277.83391866119064,279.78363037109375,1307500,0.0,0.0
2019-01-09 00:00:00+09:00,280.7585260032288,282.7082379893623,262.2362621349602,264.18597412109375,1911800,0.0,0.0
2019-01-10 00:00:00+09:00,261.2613713191106,267.1105064978966,254.4373802771935,266.1356506347656,1086300,0.0,0.0
2019-01-11 00:00:00+09:00,265.16080912043543,271.9848005316231,256.3871058774798,260.2865295410156,1554100,0.0,0.0
2019-01-15 00:00:00+09:00,256.38708264899975,264.1859292695016,255.412226821437,257.3619384765625,1035800,0.0,0.0
2019-01-16 00:00:00+09:00,263.2110997250206,270.0350911993729,258.3368201004831,259.3116760253906,1196100,0.0,0.0
2019-01-17 00:00:00+09:00,266.13566998175855,266.13566998175855,255.41225470776826,258.3368225097656,1001000,0.0,0.0
2019-01-18 00:00:00+09:00,259.3116364655671,263.2110595703125,257.36192491319446,263.2110595703125,677100,0.0,0.0
2019-01-21 00:00:00+09:00,271.00992995042066,272.9596416766827,253.4625244140625,253.4625244140625,1526500,0.0,0.0
2019-01-22 00:00:00+09:00,250.53795801697984,256.38709322360194,244.68882281035775,246.63853454589844,1329200,0.0,0.0
2019-01-23 00:00:00+09:00,245.66366854580966,261.26136178681344,239.81453358043322,257.3619384765625,1881600,0.0,0.0
2019-01-24 00:00:00+09:00,260.28651545597955,261.2613713191106,252.4876685509315,253.4625244140625,656500,0.0,0.0
2019-01-25 00:00:00+09:00,253.46254697569614,255.41225887550917,248.5882672261635,250.53797912597656,755700,0.0,0.0
2019-01-28 00:00:00+09:00,292.4567699432373,325.6018705368042,287.58249044418335,311.9538879394531,32165300,0.0,0.0
2019-01-29 00:00:00+09:00,305.1299240730262,315.8533399350175,289.53222827376607,312.92877197265625,14559100,0.0,0.0
2019-01-30 00:00:00+09:00,342.17439058602577,348.02352546783817,315.8532836178699,323.6521301269531,15252500,0.0,0.0
2019-01-31 00:00:00+09:00,330.4761609387887,351.92299144219095,323.6521694149789,332.4258728027344,14174400,0.0,0.0
2019-02-01 00:00:00+09:00,329.5013296813043,341.19960174099555,318.7779136265873,322.6773376464844,6732400,0.0,0.0
2019-02-04 00:00:00+09:00,324.6269952727527,329.5012744810523,313.9035810144936,319.7527160644531,3334500,0.0,0.0
2019-02-05 00:00:00+09:00,311.95387861736333,316.82815797075966,300.2556081692122,303.18017578125,3681300,0.0,0.0
2019-02-06 00:00:00+09:00,307.07965594891925,310.0042241008137,300.2556635944988,305.12994384765625,1949800,0.0,0.0
2019-02-07 00:00:00+09:00,310.0041550262065,318.7778575269482,303.1801641922963,308.054443359375,4485300,0.0,0.0
2019-02-08 00:00:00+09:00,299.2808075438673,313.90364830333965,298.3059514932358,305.12994384765625,2902700,0.0,0.0
2019-02-12 00:00:00+09:00,306.1047525405884,313.9035997390747,305.1298966407776,311.9538879394531,2743900,0.0,0.0
2019-02-13 00:00:00+09:00,308.0544679400864,309.0293238512892,274.909366959191,285.6327819824219,6285200,0.0,0.0
2019-02-14 00:00:00+09:00,280.75850803732015,282.70821989869046,271.00994873046875,271.00994873046875,2419400,0.0,0.0
2019-02-15 00:00:00+09:00,269.0602368690985,278.80879617594985,267.1105250077282,271.00994873046875,2349300,0.0,0.0
2019-02-18 00:00:00+09:00,280.7584885817308,282.7082003079928,274.9093534029447,278.80877685546875,1213800,0.0,0.0
2019-02-19 00:00:00+09:00,275.88421630859375,279.7836398606587,272.95964864454504,275.88421630859375,1025300,0.0,0.0
2019-02-20 00:00:00+09:00,276.85910531984155,279.7836733337835,273.93453730589954,274.9093933105469,871000,0.0,0.0
2019-02-21 00:00:00+09:00,274.9093700121808,276.8590818562388,271.98480224609375,271.98480224609375,784700,0.0,0.0
2019-02-22 00:00:00+09:00,271.98481201171876,305.1299145507813,268.08538818359375,292.456787109375,4543500,0.0,0.0
2019-02-25 00:00:00+09:00,297.3310761733961,314.8784839475638,287.58251629885854,312.92877197265625,5540500,0.0,0.0
2019-02-26 00:00:00+09:00,320.7275814534767,328.52642841891077,301.2304640398915,303.18017578125,5272100,0.0,0.0
2019-02-27 00:00:00+09:00,307.0796360479337,314.8784839475638,301.23050012321113,312.92877197265625,1970400,0.0,0.0
2019-02-28 00:00:00+09:00,326.57676166638146,355.82244181560964,312.92877759674167,322.6773376464844,12742300,0.0,0.0
2019-03-01 00:00:00+09:00,317.80302333831787,324.6270146369934,307.07960844039917,311.9538879394531,4232400,0.0,0.0
2019-03-04 00:00:00+09:00,316.82815065809115,317.8030065062699,305.1298804799463,306.104736328125,1957100,0.0,0.0
2019-03-05 00:00:00+09:00,304.1550225978944,321.70242774777296,300.25559923125473,319.7527160644531,2355300,0.0,0.0
2019-03-06 00:00:00+09:00,316.82815787232954,320.7275813538351,311.9538785204475,315.8533020019531,1628800,0.0,0.0
2019-03-07 00:00:00+09:00,310.00418862735523,346.07385837330537,309.02933268827553,331.4510192871094,10389000,0.0,0.0
2019-03-08 00:00:00+09:00,335.3504657111499,345.0990257608927,321.70248164151013,322.6773376464844,6263100,0.0,0.0
2019-03-11 00:00:00+09:00,326.57670495105765,337.30011914348046,322.67728160835844,333.40069580078125,3520300,0.0,0.0
2019-03-12 00:00:00+09:00,354.84757702330694,368.4955607549726,341.19959329164124,349.9732971191406,8984900,0.0,0.0
2019-03-13 00:00:00+09:00,342.1744304106086,365.5709726609066,342.1744304106086,357.7721252441406,4854100,0.0,0.0
2019-03-14 00:00:00+09:00,361.6715489525236,369.47039636928963,352.89784560866184,357.7721252441406,3362000,0.0,0.0
2019-03-15 00:00:00+09:00,362.64639370427653,363.62124960133104,335.35042858675035,337.3001403808594,4312600,0.0,0.0
2019-03-18 00:00:00+09:00,334.37558614498494,348.9984251892263,331.45101833613666,344.1241455078125,1889300,0.0,0.0
2019-03-19 00:00:00+09:00,344.1241052317065,344.1241052317065,333.40069118765894,335.35040283203125,1174000,0.0,0.0
2019-03-20 00:00:00+09:00,335.3504265882298,339.2498501532092,325.60186767578125,325.60186767578125,1824600,0.0,0.0
2019-03-22 00:00:00+09:00,326.5767517089844,333.4007435357393,323.6521837832323,326.5767517089844,1179900,0.0,0.0
2019-03-25 00:00:00+09:00,313.9036380033764,319.7527741152405,305.1299338355802,309.02935791015625,2173500,0.0,0.0
2019-03-26 00:00:00+09:00,314.8784341932852,315.85329002670096,308.054443359375,308.054443359375,854700,0.0,0.0
2019-03-27 00:00:00+09:00,309.02934317101636,317.80304692035116,306.1047752545714,314.87847900390625,988900,0.0,0.0
2019-03-28 00:00:00+09:00,316.8281674385071,316.8281674385071,309.02932024002075,311.9538879394531,941900,0.0,0.0
2019-03-29 00:00:00+09:00,310.00419780186246,328.5264611925398,305.1299179622105,327.5516052246094,2132400,0.0,0.0
2019-04-01 00:00:00+09:00,325.60184911538283,338.2749749791552,319.75271410133405,333.40069580078125,1697100,0.0,0.0
2019-04-02 00:00:00+09:00,335.3504265882298,336.32528247947465,324.6270117845364,325.60186767578125,1592800,0.0,0.0
2019-04-03 00:00:00+09:00,323.6521837832323,334.37559951099,318.7779039069788,326.5767517089844,972400,0.0,0.0
2019-04-04 00:00:00+09:00,324.62701416015625,329.5012936520505,320.72759056664086,324.62701416015625,629500,0.0,0.0
2019-04-05 00:00:00+09:00,327.55156078673247,336.32526330780564,327.55156078673247,333.40069580078125,1359900,0.0,0.0
2019-04-08 00:00:00+09:00,314.87844622940116,320.7275814534767,296.35618468649517,303.18017578125,5540400,0.0,0.0
2019-04-09 00:00:00+09:00,302.20534015523975,303.1801960912244,277.83394175562364,282.7082214355469,4681500,0.0,0.0
2019-04-10 00:00:00+09:00,277.8339619539222,295.3813700773278,276.8591059470663,286.607666015625,2952100,0.0,0.0
2019-04-11 00:00:00+09:00,284.6579308788391,289.53221051717543,279.7836512405028,283.6830749511719,1387900,0.0,0.0
2019-04-12 00:00:00+09:00,285.63276312086316,286.6076189676921,280.75848388671875,280.75848388671875,957500,0.0,0.0
2019-04-15 00:00:00+09:00,283.68305142720544,286.6076189676921,280.75848388671875,280.75848388671875,843200,0.0,0.0
2019-04-16 00:00:00+09:00,292.4568149870242,294.4065270869377,281.7333984375,281.7333984375,1407600,0.0,0.0
2019-04-17 00:00:00+09:00,278.808791242327,280.7585030691964,270.0350880214146,272.95965576171875,1795000,0.0,0.0
2019-04-18 00:00:00+09:00,271.00992995042066,278.80877685546875,265.1607947716346,278.80877685546875,1682800,0.0,0.0
2019-04-19 00:00:00+09:00,277.8339257038815,282.7082051021952,275.884213944556,276.85906982421875,897500,0.0,0.0
2019-04-22 00:00:00+09:00,272.95966549196106,275.88423333651775,269.06024169921875,269.06024169921875,621700,0.0,0.0
2019-04-23 00:00:00+09:00,268.0853600049541,272.95963927777143,267.1105041503906,267.1105041503906,593800,0.0,0.0
2019-04-24 00:00:00+09:00,268.0854012780156,276.85910531984155,267.11054527336825,274.9093933105469,742300,0.0,0.0
2019-04-25 00:00:00+09:00,275.8842283838945,275.8842283838945,270.0350927997836,271.00994873046875,492300,0.0,0.0
2019-04-26 00:00:00+09:00,271.00993224026865,280.75849095394733,270.0350763689008,277.83392333984375,1034600,0.0,0.0
2019-05-07 00:00:00+09:00,273.93450218523054,281.73334922253247,272.9596463055678,276.85906982421875,652200,0.0,0.0
2019-05-08 00:00:00+09:00,272.95965576171875,277.83393532889227,270.0350880214146,272.95965576171875,734300,0.0,0.0
2019-05-09 00:00:00+09:00,275.88421630859375,278.80878397264246,269.06022509248015,275.88421630859375,845800,0.0,0.0
2019-05-10 00:00:00+09:00,275.8842621377595,282.7082544874567,271.9848379379325,281.7333984375,1290700,0.0,0.0
2019-05-13 00:00:00+09:00,277.83391866119064,285.63276550080303,276.8590628062391,279.78363037109375,1262100,0.0,0.0
2019-05-14 00:00:00+09:00,269.06024169921875,275.88423333651775,268.0853857510332,269.06024169921875,1123300,0.0,0.0
2019-05-15 00:00:00+09:00,266.1356315043435,267.11048729739974,258.3367851598939,261.2613525390625,951000,0.0,0.0
2019-05-16 00:00:00+09:00,258.3368292450905,262.2362530827522,247.6134136915207,249.56312561035156,1158000,0.0,0.0
2019-05-17 00:00:00+09:00,250.53794768362334,259.31165013168794,249.5630918560606,257.3619384765625,896400,0.0,0.0
2019-05-20 00:00:00+09:00,255.41223614032452,259.31165959284857,251.51281268780048,253.4625244140625,673500,0.0,0.0
2019-05-21 00:00:00+09:00,253.4625256202909,254.43738148806125,244.68882281035775,246.63853454589844,804500,0.0,0.0
2019-05-22 00:00:00+09:00,248.5882648201876,254.43740046301554,247.61340887971625,251.51283264160156,637600,0.0,0.0
2019-05-23 00:00:00+09:00,263.2111013994254,263.2111013994254,247.61340650168165,252.48768615722656,1947300,0.0,0.0
2019-05-24 00:00:00+09:00,248.58826243279063,255.4122539505535,248.58826243279063,252.48768615722656,687700,0.0,0.0
2019-05-27 00:00:00+09:00,255.41225887550917,255.41225887550917,249.56312317607004,250.53797912597656,448600,0.0,0.0
2019-05-28 00:00:00+09:00,249.56312317607004,251.5128350758831,247.61341127625698,250.53797912597656,421100,0.0,0.0
2019-05-29 00:00:00+09:00,246.63854501761642,251.51282456341912,246.63854501761642,248.5882568359375,369300,0.0,0.0
2019-05-30 00:00:00+09:00,248.58825923889643,252.48768291323205,246.6385474017286,247.6134033203125,370600,0.0,0.0
2019-05-31 00:00:00+09:00,247.6134033203125,249.56311515748033,246.6385474017286,247.6134033203125,427400,0.0,0.0
2019-06-03 00:00:00+09:00,245.66369987936582,246.63855583126806,232.01571655273438,232.01571655273438,1155000,0.0,0.0
2019-06-04 00:00:00+09:00,229.09114869702765,234.9402844084411,226.1665808413209,232.01571655273438,1142500,0.0,0.0
2019-06-05 00:00:00+09:00,236.8900018487095,236.8900018487095,232.01572197527923,235.91514587402344,727500,0.0,0.0
2019-06-06 00:00:00+09:00,236.88998894275966,246.6385481585111,233.96542117803423,234.94027709960938,1127800,0.0,0.0
2019-06-07 00:00:00+09:00,239.81457027312248,245.66370613344256,236.89000234296245,241.7642822265625,979600,0.0,0.0
2019-06-10 00:00:00+09:00,243.71398682613295,250.53797845726467,242.73913087882843,244.6888427734375,892900,0.0,0.0
2019-06-11 00:00:00+09:00,246.63853454589844,260.28651669468337,243.7139669425874,246.63853454589844,2418500,0.0,0.0
2019-06-12 00:00:00+09:00,247.61341808688258,249.5631300403226,240.7894262498425,241.7642822265625,1012700,0.0,0.0
2019-06-13 00:00:00+09:00,239.8145567074851,240.78941262906025,232.9905652564591,234.94027709960938,753100,0.0,0.0
2019-06-14 00:00:00+09:00,232.01571012798107,240.78941345214844,231.0408542030736,240.78941345214844,814900,0.0,0.0
2019-06-17 00:00:00+09:00,245.66370364269576,245.66370364269576,236.8899999411709,242.7391357421875,704300,0.0,0.0
2019-06-18 00:00:00+09:00,239.8145672833478,241.76427921248072,236.88999938964844,236.88999938964844,904100,0.0,0.0
2019-06-19 00:00:00+09:00,236.88999137878417,238.83970324198404,232.0157117207845,233.96542358398438,824500,0.0,0.0
2019-06-20 00:00:00+09:00,234.94028264259805,239.81456236547353,232.99057075344786,238.83970642089844,441900,0.0,0.0
2019-06-21 00:00:00+09:00,236.89001445528825,238.8397265084182,231.04087829589844,231.04087829589844,744700,0.0,0.0
2019-06-24 00:00:00+09:00,232.9905652564591,235.91513302118452,232.01570933488395,234.94027709960938,343000,0.0,0.0
2019-06-25 00:00:00+09:00,239.8145672833478,260.2865425392433,235.915143425082,236.88999938964844,5016400,0.0,0.0
2019-06-26 00:00:00+09:00,237.86887321472167,239.82664171854654,233.95333620707194,234.93222045898438,875200,1.0,0.0
2019-06-27 00:00:00+09:00,238.8477655104649,238.8477655104649,233.95334408607013,237.86888122558594,810900,0.0,0.0
2019-06-28 00:00:00+09:00,235.91111023699654,239.82664733636577,233.9533416873119,238.84776306152344,728600,0.0,0.0
2019-07-01 00:00:00+09:00,240.80552746000743,247.65771726578,238.8477589440724,246.6788330078125,1216700,0.0,0.0
2019-07-02 00:00:00+09:00,245.69993829345705,246.67882250976564,242.76328564453127,244.72105407714844,622600,0.0,0.0
2019-07-03 00:00:00+09:00,244.72106690425795,247.65771970710907,241.78441410140687,245.699951171875,970500,0.0,0.0
2019-07-04 00:00:00+09:00,248.6366070508957,250.59437561035156,244.72106993198395,250.59437561035156,778700,0.0,0.0
2019-07-05 00:00:00+09:00,250.5944060114504,260.3832499962727,249.61552161296817,256.46771240234375,1744300,0.0,0.0
2019-07-08 00:00:00+09:00,258.42544984817505,259.404334127903,250.59437561035156,250.59437561035156,897100,0.0,0.0
2019-07-09 00:00:00+09:00,247.65771651849514,249.61548502852278,240.80552673339844,240.80552673339844,1148600,0.0,0.0
2019-07-10 00:00:00+09:00,240.80552746000743,246.6788330078125,239.82664320203992,246.6788330078125,743800,0.0,0.0
2019-07-11 00:00:00+09:00,245.69995855516004,246.67884285219256,242.7633056640625,242.7633056640625,402000,0.0,0.0
2019-07-12 00:00:00+09:00,243.7421794984399,244.7210637534537,237.868873968357,240.80552673339844,1040100,0.0,0.0
2019-07-16 00:00:00+09:00,240.8055340802228,241.78441836510177,236.889996940707,237.86888122558594,500200,0.0,0.0
2019-07-17 00:00:00+09:00,239.82664489746094,241.7844134272361,236.88999210279815,239.82664489746094,474200,0.0,0.0
2019-07-18 00:00:00+09:00,241.7844102223714,241.7844102223714,233.95333620707194,234.93222045898438,817700,0.0,0.0
2019-07-19 00:00:00+09:00,234.93222837094908,238.8477655104649,234.93222837094908,237.86888122558594,422900,0.0,0.0
2019-07-22 00:00:00+09:00,237.86889372753495,238.84777806386225,232.97447204589844,232.97447204589844,630500,0.0,0.0
2019-07-23 00:00:00+09:00,232.9744745568384,235.91112759747082,230.03782151620598,231.99559020996094,775600,0.0,0.0
2019-07-24 00:00:00+09:00,231.99556938466085,236.8899906796959,226.1222638306188,228.0800323486328,1291700,0.0,0.0
2019-07-25 00:00:00+09:00,227.10116847557356,232.9744745568384,227.10116847557356,231.99559020996094,658900,0.0,0.0
2019-07-26 00:00:00+09:00,230.03781127929688,231.01669558261304,227.1011583693484,230.03781127929688,570900,0.0,0.0
2019-07-29 00:00:00+09:00,228.08003723672977,230.0378057967017,226.1222686767578,226.1222686767578,448400,0.0,0.0
2019-07-30 00:00:00+09:00,226.12226806640626,228.08003662109377,219.270078125,220.24896240234375,1374500,0.0,0.0
2019-07-31 00:00:00+09:00,218.29118433789915,226.12225821549194,216.33341586850096,224.16448974609375,912700,0.0,0.0
2019-08-01 00:00:00+09:00,220.24895280729734,225.14337398079286,219.27006857259826,224.16448974609375,734700,0.0,0.0
2019-08-02 00:00:00+09:00,221.2278545446563,225.14339179323431,220.24897023251182,223.1856231689453,740400,0.0,0.0
2019-08-05 00:00:00+09:00,220.2489592812278,221.2278435446999,212.4178851734508,215.3545379638672,1227700,0.0,0.0
2019-08-06 00:00:00+09:00,207.52347143883128,219.27008302970853,205.56570284035175,218.29119873046875,1274000,0.0,0.0
2019-08-07 00:00:00+09:00,217.31230010320004,225.14337398079286,215.35453163380186,224.16448974609375,994700,0.0,0.0
2019-08-08 00:00:00+09:00,225.14338439677186,227.1011529567438,222.20673155681396,226.1222686767578,747500,0.0,0.0
2019-08-09 00:00:00+09:00,227.1011574236267,231.01669462058575,212.41789293503012,218.29119873046875,2326500,0.0,0.0
2019-08-13 00:00:00+09:00,221.22784727682802,227.1011529567438,217.31231015688414,226.1222686767578,704200,0.0,0.0
2019-08-14 00:00:00+09:00,231.99556938466085,232.97445364366786,223.1856110535978,228.0800323486328,878300,0.0,0.0
2019-08-15 00:00:00+09:00,220.24896299684204,231.99557435667361,220.24896299684204,226.1222686767578,799100,0.0,0.0
2019-08-16 00:00:00+09:00,227.1011480896258,231.01668512565385,225.1433795716118,228.0800323486328,533700,0.0,0.0
2019-08-19 00:00:00+09:00,229.05893716932852,231.99559020996094,226.1222841286961,231.99559020996094,958900,0.0,0.0
2019-08-20 00:00:00+09:00,232.9744574124696,239.82664733636577,231.99557313762728,238.84776306152344,951600,0.0,0.0
2019-08-21 00:00:00+09:00,238.8477487792969,245.69993829345705,235.9110961303711,244.72105407714844,650600,0.0,0.0
2019-08-22 00:00:00+09:00,246.67882250976564,249.61547515869142,244.72105407714844,244.72105407714844,999400,0.0,0.0
2019-08-23 00:00:00+09:00,244.72106690425795,246.67883543949202,242.7632983690239,245.699951171875,461200,0.0,0.0
2019-08-26 00:00:00+09:00,239.82665324774314,249.61549623744696,238.84776894877277,248.63661193847656,856000,0.0,0.0
2019-08-27 00:00:00+09:00,250.59437250996015,256.46767811566235,242.7632983690239,245.699951171875,1388700,0.0,0.0
2019-08-28 00:00:00+09:00,246.67883543949202,252.55214104519422,244.72106690425795,245.699951171875,851700,0.0,0.0
2019-08-29 00:00:00+09:00,247.65771726578,249.61548578171502,238.8477589440724,246.6788330078125,999300,0.0,0.0
2019-08-30 00:00:00+09:00,245.6999388060162,263.3198547363281,245.6999388060162,263.3198547363281,2089200,0.0,0.0
2019-09-02 00:00:00+09:00,264.2987597119677,267.23541259765625,257.44656964536114,267.23541259765625,1591300,0.0,0.0
2019-09-03 00:00:00+09:00,266.2565412248884,275.06650030953546,265.2776568821498,274.0876159667969,1798300,0.0,0.0
2019-09-04 00:00:00+09:00,274.0876159667969,293.6653028215681,271.1509629385812,274.0876159667969,4935600,0.0,0.0
2019-09-05 00:00:00+09:00,273.1086826324463,286.81306097242566,273.1086826324463,281.91864013671875,2390300,0.0,0.0
2019-09-06 00:00:00+09:00,287.7919611728929,301.496340276364,286.8130769512164,300.5174560546875,3804700,0.0,0.0
2019-09-09 00:00:00+09:00,307.3696262789088,308.34851043903274,293.665248037174,295.6230163574219,3305200,0.0,0.0
2019-09-10 00:00:00+09:00,294.64413219729795,296.60190051754574,277.0242173150675,295.6230163574219,4224900,0.0,0.0
2019-09-11 00:00:00+09:00,298.55970458984376,302.47524169921877,290.72863037109374,293.665283203125,2196900,0.0,0.0
2019-09-12 00:00:00+09:00,293.6652694545915,294.6441536861068,281.91865867640786,286.8130798339844,2034500,0.0,0.0
2019-09-13 00:00:00+09:00,283.87641778297296,293.66525977548923,283.87641778297296,290.7286071777344,1078300,0.0,0.0
2019-09-17 00:00:00+09:00,288.7708740234375,291.7075269796081,284.85533674854344,288.7708740234375,682500,0.0,0.0
2019-09-18 00:00:00+09:00,287.79198723870354,299.53859896273224,287.79198723870354,289.749755859375,1637000,0.0,0.0
2019-09-19 00:00:00+09:00,291.7074818081326,293.6652501424154,279.960871802436,281.91864013671875,2524700,0.0,0.0
2019-09-20 00:00:00+09:00,281.91869070870536,286.81311242239815,274.0876159667969,274.0876159667969,1685500,0.0,0.0
2019-09-24 00:00:00+09:00,271.1509375263461,278.9820115343272,271.1509375263461,272.12982177734375,1004500,0.0,0.0
2019-09-25 00:00:00+09:00,271.15093669039277,285.8342004100891,261.3620942105952,284.8553161621094,2789200,0.0,0.0
2019-09-26 00:00:00+09:00,287.79199153818985,288.7708758631497,276.0453796386719,276.0453796386719,2141900,0.0,0.0
2019-09-27 00:00:00+09:00,274.08755896226415,274.08755896226415,259.404296875,259.404296875,2125900,0.0,0.0
2019-09-30 00:00:00+09:00,259.4043322661077,267.23540644772606,255.48879517529855,257.4465637207031,1160400,0.0,0.0
2019-10-01 00:00:00+09:00,262.3409492924528,264.2987175707547,257.4465285966981,259.404296875,594400,0.0,0.0
2019-10-02 00:00:00+09:00,255.48876031839623,260.3831810141509,253.53099204009433,259.404296875,888600,0.0,0.0
2019-10-03 00:00:00+09:00,251.57325502144272,257.44656058614567,251.57325502144272,252.55213928222656,916900,0.0,0.0
2019-10-04 00:00:00+09:00,253.5310120239258,254.50989624023438,244.72105407714844,244.72105407714844,1500800,0.0,0.0
2019-10-07 00:00:00+09:00,245.69996189426732,256.4676893079603,244.7210775839316,253.53103637695312,1089400,0.0,0.0
2019-10-08 00:00:00+09:00,253.5310301397839,269.19317871984777,252.55214585352988,268.21429443359375,1572700,0.0,0.0
2019-10-09 00:00:00+09:00,265.2776304546155,265.2776304546155,260.3832092285156,260.3832092285156,932000,0.0,0.0
2019-10-10 00:00:00+09:00,261.3620651533019,263.3198334316038,255.48876031839623,259.404296875,923600,0.0,0.0
2019-10-11 00:00:00+09:00,259.404334127903,259.404334127903,250.59437561035156,250.59437561035156,1092300,0.0,0.0
2019-10-15 00:00:00+09:00,252.55214235719166,260.38321653881,252.55214235719166,257.4465637207031,858000,0.0,0.0
2019-10-16 00:00:00+09:00,259.4043316080413,261.36210014847927,251.57325744628906,251.57325744628906,572800,0.0,0.0
2019-10-17 00:00:00+09:00,251.57326775628167,258.4254579286318,251.57326775628167,253.53103637695312,362200,0.0,0.0
2019-10-18 00:00:00+09:00,255.48876259543678,260.38318333481294,254.50987844756153,258.4254150390625,450800,0.0,0.0
2019-10-21 00:00:00+09:00,254.50990295410156,258.4254399226262,252.55213446983925,254.50990295410156,493200,0.0,0.0
2019-10-23 00:00:00+09:00,257.4465517641893,263.3198571276309,254.5098990824685,262.3409729003906,733800,0.0,0.0
2019-10-24 00:00:00+09:00,262.3409681532118,268.21427341037327,259.40431552463104,264.2987365722656,629300,0.0,0.0
2019-10-25 00:00:00+09:00,265.2776040741891,265.2776040741891,257.44653089118725,258.4254150390625,750400,0.0,0.0
2019-10-28 00:00:00+09:00,257.44656863157775,261.36210579707705,254.50991575745329,255.48880004882812,586600,0.0,0.0
2019-10-29 00:00:00+09:00,255.48879452716514,255.48879452716514,251.57325744628906,251.57325744628906,610100,0.0,0.0
2019-10-30 00:00:00+09:00,252.5521491343581,257.44657062921,246.67884334053582,248.63661193847656,1019100,0.0,0.0
2019-10-31 00:00:00+09:00,253.53102281358505,253.53102281358505,245.699948749845,246.6788330078125,666300,0.0,0.0
2019-11-01 00:00:00+09:00,245.69995855516004,245.69995855516004,239.826652772965,242.7633056640625,993000,0.0,0.0
2019-11-05 00:00:00+09:00,246.67883609519393,252.5521417165081,245.69995182497493,251.57325744628906,724900,0.0,0.0
2019-11-06 00:00:00+09:00,251.5732518373271,251.5732518373271,246.67883059535575,247.65771484375,484100,0.0,0.0
2019-11-07 00:00:00+09:00,247.65770672607422,247.65770672607422,243.74216986083985,244.72105407714844,473100,0.0,0.0
2019-11-08 00:00:00+09:00,246.67884334053582,251.5732648353877,245.69995904156542,248.63661193847656,595000,0.0,0.0
2019-11-11 00:00:00+09:00,248.63661397710018,254.50991981907893,241.784423828125,241.784423828125,1092500,0.0,0.0
2019-11-12 00:00:00+09:00,242.76330321285138,245.69995607429718,239.82665035140562,243.7421875,567000,0.0,0.0
2019-11-13 00:00:00+09:00,242.7632811478491,242.7632811478491,232.974439166081,233.9533233642578,1074200,0.0,0.0
2019-11-14 00:00:00+09:00,236.88999575660344,238.84776431657536,225.14338439677186,226.1222686767578,1382400,0.0,0.0
2019-11-15 00:00:00+09:00,226.1222841286961,233.95335890371587,220.24897804743125,231.99559020996094,990100,0.0,0.0
2019-11-18 00:00:00+09:00,234.93222837094908,239.82664979534385,232.9744598011912,237.86888122558594,708100,0.0,0.0
2019-11-19 00:00:00+09:00,236.88998896280924,237.86887321472167,231.01668345133464,234.93222045898438,565600,0.0,0.0
2019-11-20 00:00:00+09:00,231.9955877095711,237.86889372753495,231.9955877095711,232.97447204589844,646900,0.0,0.0
2019-11-21 00:00:00+09:00,232.97446418924534,232.97446418924534,226.12227406603225,230.03781127929688,515800,0.0,0.0
2019-11-22 00:00:00+09:00,231.99555496790418,236.88997595878826,228.08001817519695,233.9533233642578,689600,0.0,0.0
2019-11-25 00:00:00+09:00,233.95334650465279,238.84776797964554,233.95334650465279,236.88999938964844,516700,0.0,0.0
2019-11-26 00:00:00+09:00,238.84776797964554,242.7633051596397,235.9111150946499,236.88999938964844,518600,0.0,0.0
2019-11-27 00:00:00+09:00,236.8899897133432,242.7632952434261,235.91110545832936,240.80552673339844,515900,0.0,0.0
2019-11-28 00:00:00+09:00,240.8055340802228,240.8055340802228,235.91111265582805,237.86888122558594,357100,0.0,0.0
2019-11-29 00:00:00+09:00,237.86887878668114,239.82664733636577,236.88999451183884,238.84776306152344,326100,0.0,0.0
2019-12-02 00:00:00+09:00,239.82664247838463,244.7210637534537,237.868873968357,240.80552673339844,540500,0.0,0.0
2019-12-03 00:00:00+09:00,238.8477709071356,242.76330813512146,235.91111798614625,241.784423828125,472500,0.0,0.0
2019-12-04 00:00:00+09:00,239.82664489746094,241.7844134272361,237.86887636768574,239.82664489746094,318600,0.0,0.0
2019-12-05 00:00:00+09:00,241.78441836510177,243.74218693485966,236.889996940707,237.86888122558594,729200,0.0,0.0
2019-12-06 00:00:00+09:00,236.88999451183884,239.82664733636577,233.9533416873119,238.84776306152344,438300,0.0,0.0
2019-12-09 00:00:00+09:00,239.826652772965,246.67884285219256,239.826652772965,242.7633056640625,721400,0.0,0.0
2019-12-10 00:00:00+09:00,244.72106993198395,251.5732598900795,244.72106993198395,250.59437561035156,862800,0.0,0.0
2019-12-11 00:00:00+09:00,249.61549623744696,251.5732648353877,245.69995904156542,248.63661193847656,432800,0.0,0.0
2019-12-12 00:00:00+09:00,249.61549623744696,252.5521491343581,245.69995904156542,248.63661193847656,553900,0.0,0.0
2019-12-13 00:00:00+09:00,248.63660152374752,251.57325429765004,245.699948749845,246.6788330078125,741100,0.0,0.0
2019-12-16 00:00:00+09:00,246.67884036144576,248.63660893574297,242.76330321285138,243.7421875,837700,0.0,0.0
2019-12-17 00:00:00+09:00,244.72107674911436,244.72107674911436,238.8477709071356,241.784423828125,507800,0.0,0.0
2019-12-18 00:00:00+09:00,243.74216986083985,245.69993829345705,241.78440142822268,244.72105407714844,412800,0.0,0.0
2019-12-19 00:00:00+09:00,244.72106690425795,247.65771970710907,244.72106690425795,245.699951171875,218400,0.0,0.0
2019-12-20 00:00:00+09:00,246.67884036144576,246.67884036144576,242.76330321285138,243.7421875,188600,0.0,0.0
2019-12-23 00:00:00+09:00,244.7210717871486,247.65772464859435,241.7844189257028,243.7421875,448200,0.0,0.0
2019-12-24 00:00:00+09:00,244.72106449187748,248.63660152374752,243.74218023390995,246.6788330078125,535600,0.0,0.0
2019-12-25 00:00:00+09:00,248.63660152374752,252.55213855561755,246.6788330078125,246.6788330078125,532000,0.0,0.0
2019-12-26 00:00:00+09:00,247.65771005667892,252.55213120404412,247.65771005667892,249.615478515625,689800,0.0,0.0
2019-12-27 00:00:00+09:00,250.59823852074916,262.39109680407853,247.65002394991683,258.46014404296875,1376300,1.0,0.0
2019-12-30 00:00:00+09:00,262.3910684438852,262.3910684438852,255.51190185546875,255.51190185546875,707500,0.0,0.0
2020-01-06 00:00:00+09:00,257.47742005572815,260.42563478919067,252.56372883329058,254.52920532226562,903800,0.0,0.0
2020-01-07 00:00:00+09:00,256.4946620331378,267.3047818889405,255.51192386442844,264.3565673828125,1317300,0.0,0.0
2020-01-08 00:00:00+09:00,264.35655171002526,265.3392898204715,249.61548005333242,253.5464324951172,2057100,0.0,0.0
2020-01-09 00:00:00+09:00,261.40835538237536,274.18395169805535,259.4428790261169,272.2184753417969,2320200,0.0,0.0
2020-01-10 00:00:00+09:00,275.1666702049366,275.1666702049366,266.3220272340636,271.2357177734375,1241100,0.0,0.0
2020-01-14 00:00:00+09:00,275.1666898761846,276.1494280543138,269.27026080740916,272.2184753417969,1028600,0.0,0.0
2020-01-15 00:00:00+09:00,272.21845000432427,272.21845000432427,264.3565453110586,266.322021484375,888000,0.0,0.0
2020-01-16 00:00:00+09:00,264.35658154757516,265.33931976894166,260.4256286621094,260.4256286621094,615300,0.0,0.0
2020-01-17 00:00:00+09:00,263.3738320716341,266.32204660974946,258.4601411747753,261.4083557128906,513400,0.0,0.0
2020-01-20 00:00:00+09:00,261.40834738991475,265.3392999822443,256.4946566495028,259.44287109375,621000,0.0,0.0
2020-01-21 00:00:00+09:00,258.46012304734813,259.4428611577943,252.56369438467098,253.5464324951172,1132400,0.0,0.0
2020-01-22 00:00:00+09:00,253.54644359781582,255.51191990477565,251.58096729085602,252.56370544433594,423300,0.0,0.0
2020-01-23 00:00:00+09:00,252.56370405717328,253.5464422052557,248.63275146484375,248.63275146484375,597400,0.0,0.0
2020-01-24 00:00:00+09:00,248.63274728684198,249.61548541841054,245.68453289213636,247.65000915527344,472300,0.0,0.0
2020-01-27 00:00:00+09:00,240.77085876464844,244.70181156080596,239.78812056560906,240.77085876464844,723800,0.0,0.0
2020-01-28 00:00:00+09:00,238.80536597115653,248.63274728684198,236.83988970801943,247.65000915527344,481700,0.0,0.0
2020-01-29 00:00:00+09:00,247.65000767861645,248.63274580432522,242.73631705007244,243.71905517578125,410200,0.0,0.0
2020-01-30 00:00:00+09:00,241.75358018044122,244.7017945728856,232.90893700310798,236.8398895263672,1179900,0.0,0.0
2020-01-31 00:00:00+09:00,236.8398882958197,246.66726955290764,236.8398882958197,243.71905517578125,655800,0.0,0.0
2020-02-03 00:00:00+09:00,235.8571435546875,248.6327388305664,234.87440545654297,245.6845245361328,712000,0.0,0.0
2020-02-04 00:00:00+09:00,249.61548005333242,256.4946468264558,245.68452761154765,253.5464324951172,716600,0.0,0.0
2020-02-05 00:00:00+09:00,254.5292133901311,260.42564304395654,254.5292133901311,256.49468994140625,740800,0.0,0.0
2020-02-06 00:00:00+09:00,257.4773919582367,259.44286823272705,251.58096313476562,251.58096313476562,525400,0.0,0.0
2020-02-07 00:00:00+09:00,251.58095894607843,254.5291733087278,247.65000646254595,250.5982208251953,526000,0.0,0.0
2020-02-10 00:00:00+09:00,271.2357460135844,277.1321752747493,260.4256257014488,263.37384033203125,3114000,0.0,0.0
2020-02-12 00:00:00+09:00,267.30479621167456,267.30479621167456,258.4601522193765,260.4256286621094,1017100,0.0,0.0
2020-02-13 00:00:00+09:00,258.46015830021565,259.44289654470316,252.56372883329058,254.52920532226562,1052600,0.0,0.0
2020-02-14 00:00:00+09:00,251.58096018145162,252.56369830716042,241.75357892436367,243.71905517578125,1297900,0.0,0.0
2020-02-17 00:00:00+09:00,241.7535758972168,241.7535758972168,234.87440910339356,235.85714721679688,1054700,0.0,0.0
2020-02-18 00:00:00+09:00,238.8053823665697,242.73633516272722,235.85716776945154,240.77085876464844,651200,0.0,0.0
2020-02-19 00:00:00+09:00,243.7190448467548,257.47737802358773,243.7190448467548,255.51190185546875,1155800,0.0,0.0
2020-02-20 00:00:00+09:00,254.52917754650116,259.44286823272705,247.6500105857849,251.58096313476562,841800,0.0,0.0
2020-02-21 00:00:00+09:00,248.63273526705228,259.4428541917067,246.66725909893327,255.51190185546875,958100,0.0,0.0
2020-02-25 00:00:00+09:00,231.92618963970403,245.68452292341527,230.94345154801036,241.75357055664062,1294300,0.0,0.0
2020-02-26 00:00:00+09:00,238.80536429489717,243.71905491824896,230.9434592975343,232.908935546875,1538800,0.0,0.0
2020-02-27 00:00:00+09:00,231.92620448439334,233.8916807935831,207.35775061952117,209.32322692871094,2794000,0.0,0.0
2020-02-28 00:00:00+09:00,194.582151819448,200.47858066246158,177.87560343090954,179.84107971191406,3864200,0.0,0.0
2020-03-02 00:00:00+09:00,187.7029849913062,208.34048595893674,185.73750870867474,201.46131896972656,2675700,0.0,0.0
2020-03-03 00:00:00+09:00,221.11607551574707,222.09881362915038,192.61667022705078,196.54762268066406,2624200,0.0,0.0
2020-03-04 00:00:00+09:00,190.65120603063423,205.39227866186883,189.66846785521858,199.495849609375,1112800,0.0,0.0
2020-03-05 00:00:00+09:00,204.40953339367377,211.28870038288395,199.4958426870951,201.46131896972656,1159700,0.0,0.0
2020-03-06 00:00:00+09:00,197.5303497314453,201.4613019649069,193.59939749798372,197.5303497314453,867800,0.0,0.0
2020-03-09 00:00:00+09:00,183.7720366902434,187.7029893467192,167.06548790022129,170.01370239257812,2924200,0.0,0.0
2020-03-10 00:00:00+09:00,160.18631813742897,184.75477183948863,153.30715110085228,183.77203369140625,3432000,0.0,0.0
2020-03-11 00:00:00+09:00,181.80653488426876,185.73748698987458,167.065464488247,168.04820251464844,2267100,0.0,0.0
2020-03-12 00:00:00+09:00,161.1690436469184,172.96190049913193,158.22082943386502,159.2035675048828,2618700,0.0,0.0
2020-03-13 00:00:00+09:00,134.63511407034738,147.41070883614677,132.6696379525321,137.5833282470703,4551200,0.0,0.0
2020-03-16 00:00:00+09:00,142.49705102708603,151.34169557359482,137.58335961235895,141.51431274414062,2625100,0.0,0.0
2020-03-17 00:00:00+09:00,140.5315502166748,161.16905059814454,134.63512153625487,157.23809814453125,3372000,0.0,0.0
2020-03-18 00:00:00+09:00,162.15179886356478,170.99644243794103,152.3244171142578,152.3244171142578,2257000,0.0,0.0
2020-03-19 00:00:00+09:00,160.18630818301025,164.1172605310596,150.35892731288692,156.25535583496094,1650500,0.0,0.0
2020-03-23 00:00:00+09:00,154.28988647460938,159.203577126667,147.4107195617287,154.28988647460938,1892100,0.0,0.0
2020-03-24 00:00:00+09:00,161.1690494742936,167.065478113597,157.2380970480913,164.1172637939453,1852000,0.0,0.0
2020-03-25 00:00:00+09:00,172.96190049913193,179.8410669962565,169.03094821506076,176.89285278320312,1968200,0.0,0.0
2020-03-26 00:00:00+09:00,170.01369961825284,170.99643776633522,161.16905628551137,162.15179443359375,1758700,0.0,0.0
2020-03-27 00:00:00+09:00,166.08275421704252,169.0309687889427,158.22084869197542,160.1863250732422,1274500,0.0,0.0
2020-03-30 00:00:00+09:00,152.32440651533847,165.10000190049587,152.32440651533847,164.1172637939453,1011600,0.0,0.0
2020-03-31 00:00:00+09:00,167.06548943577042,170.0137039552252,162.15179857001246,163.13453674316406,905700,0.0,0.0
2020-04-01 00:00:00+09:00,164.1172605310596,165.09999861807194,156.25535583496094,156.25535583496094,954200,0.0,0.0
2020-04-02 00:00:00+09:00,157.23809392197327,160.18630818301025,153.30714157392393,156.25535583496094,909700,0.0,0.0
2020-04-03 00:00:00+09:00,163.1345479329427,165.1000244140625,145.44525960286458,147.41073608398438,1369800,0.0,0.0
2020-04-06 00:00:00+09:00,145.44523451063367,162.1517817179362,145.44523451063367,159.2035675048828,1465300,0.0,0.0
2020-04-07 00:00:00+09:00,167.065478113597,170.01369243324874,158.2208351546419,164.1172637939453,1315100,0.0,0.0
2020-04-08 00:00:00+09:00,164.11727072975853,175.91012850674716,162.15179443359375,172.9619140625,1445400,0.0,0.0
2020-04-09 00:00:00+09:00,178.85834427279326,188.68572582624344,177.87560611744826,187.70298767089844,2057200,0.0,0.0
2020-04-10 00:00:00+09:00,195.5648942996294,196.5476324619391,181.80656002729367,191.63394165039062,2025100,0.0,0.0
2020-04-13 00:00:00+09:00,189.66846257990056,203.42679665305397,188.6857244318182,194.5821533203125,1988600,0.0,0.0
2020-04-14 00:00:00+09:00,195.56488456726075,199.495837020874,192.61667022705078,196.54762268066406,1154200,0.0,0.0
2020-04-15 00:00:00+09:00,195.56490267835898,196.54764088277284,191.63394986070352,193.59942626953125,673300,0.0,0.0
2020-04-16 00:00:00+09:00,189.66846940955338,193.59942214343013,186.72025485914583,192.61668395996094,649200,0.0,0.0
2020-04-17 00:00:00+09:00,196.5476310690036,196.5476310690036,185.7375113602084,187.70298767089844,2123800,0.0,0.0
2020-04-20 00:00:00+09:00,188.68572575030942,204.40953622950187,187.7029875953599,198.5131072998047,1488700,0.0,0.0
2020-04-21 00:00:00+09:00,195.56488856265418,197.53036482961554,186.72024536132812,186.72024536132812,1278600,0.0,0.0
2020-04-22 00:00:00+09:00,183.77201928032767,183.77201928032767,176.89285278320312,176.89285278320312,1061300,0.0,0.0
2020-04-23 00:00:00+09:00,181.8065559929186,185.73750855492764,178.85834157141178,179.84107971191406,760100,0.0,0.0
2020-04-24 00:00:00+09:00,179.8410908625676,182.78930546687198,175.91013805682843,178.8583526611328,779700,0.0,0.0
2020-04-27 00:00:00+09:00,180.8238192471591,187.70298628373578,179.8410810990767,183.77203369140625,846200,0.0,0.0
2020-04-28 00:00:00+09:00,187.70298767089844,188.68572582624344,182.78929689417333,187.70298767089844,827400,0.0,0.0
2020-04-30 00:00:00+09:00,193.59940418645965,216.20238030975187,190.65118990950847,195.56488037109375,6486800,0.0,0.0
2020-05-01 00:00:00+09:00,191.63393755656918,203.42679525235803,191.63393755656918,201.46131896972656,2063200,0.0,0.0
2020-05-07 00:00:00+09:00,204.4095279639366,215.21964723126018,199.49583738788044,207.3577423095703,2977000,0.0,0.0
2020-05-08 00:00:00+09:00,213.25416564941406,214.23690373996436,203.42678474391113,213.25416564941406,2719000,0.0,0.0
2020-05-11 00:00:00+09:00,218.16787285640322,229.96073084864122,216.20239652436356,227.99525451660156,2759800,0.0,0.0
2020-05-12 00:00:00+09:00,230.9434607414784,238.8053657879968,224.06429382577477,236.8398895263672,2650900,0.0,0.0
2020-05-13 00:00:00+09:00,236.83990888359133,242.73633815040273,230.94347961677994,237.82264709472656,2425900,0.0,0.0
2020-05-14 00:00:00+09:00,206.37501109730113,214.23691628196022,193.59941517223012,194.5821533203125,6464700,0.0,0.0
2020-05-15 00:00:00+09:00,196.54764391712308,197.53038213670868,183.77204706251007,190.65121459960938,2276700,0.0,0.0
2020-05-18 00:00:00+09:00,187.70298628373578,195.56489146839488,184.75477183948863,194.5821533203125,1478400,0.0,0.0
2020-05-19 00:00:00+09:00,199.49584545475423,202.4440599196028,194.5821546800066,198.5131072998047,1888800,0.0,0.0
2020-05-20 00:00:00+09:00,199.49583738788044,208.34048042478153,198.5130992726692,207.3577423095703,1490100,0.0,0.0
2020-05-21 00:00:00+09:00,211.28870473324673,211.28870473324673,198.51310863309695,202.44406127929688,2121700,0.0,0.0
2020-05-22 00:00:00+09:00,203.42678833007812,207.35774076157722,200.4785740064538,203.42678833007812,1427600,0.0,0.0
2020-05-25 00:00:00+09:00,206.37500567768893,211.2886962890625,202.44405318859012,211.2886962890625,1804300,0.0,0.0
2020-05-26 00:00:00+09:00,211.2886962890625,217.18512502271074,208.34048192223835,211.2886962890625,1737800,0.0,0.0
2020-05-27 00:00:00+09:00,211.2887032379007,211.2887032379007,206.37501246492627,209.32322692871094,1156300,0.0,0.0
2020-05-28 00:00:00+09:00,210.305956655204,213.25417100083772,203.42678984872538,207.3577423095703,1737400,0.0,0.0
2020-05-29 00:00:00+09:00,218.16786624223758,237.8226289667635,212.2714374248798,229.96072387695312,8591700,0.0,0.0
2020-06-01 00:00:00+09:00,234.8744216787404,240.77085067485942,226.0297781845619,227.99525451660156,3552500,0.0,0.0
2020-06-02 00:00:00+09:00,227.99524760450052,229.96072387695312,220.13334251469016,229.96072387695312,2219400,0.0,0.0
2020-06-03 00:00:00+09:00,232.90894827363792,232.90894827363792,223.08156648994012,225.0470428466797,2034400,0.0,0.0
2020-06-04 00:00:00+09:00,227.0125221319958,227.0125221319958,218.1678784125674,222.0988311767578,1555800,0.0,0.0
2020-06-05 00:00:00+09:00,220.13334789610744,226.02977685761033,217.185133415356,224.06430053710938,1438300,0.0,0.0
2020-06-08 00:00:00+09:00,228.9779857407268,231.9262001494057,225.04703319582163,229.96072387695312,2091100,0.0,0.0
2020-06-09 00:00:00+09:00,229.96072241741678,230.94346054740575,222.0988173775051,226.02976989746094,1437600,0.0,0.0
2020-06-10 00:00:00+09:00,224.06430312334479,231.92620849609375,223.08156495175118,231.92620849609375,1446700,0.0,0.0
2020-06-11 00:00:00+09:00,229.96074095066425,232.90895557823686,223.08157348632812,223.08157348632812,2249900,0.0,0.0
2020-06-12 00:00:00+09:00,201.4613061384721,220.13332963423295,200.47856805974786,216.20237731933594,2350900,0.0,0.0
2020-06-15 00:00:00+09:00,219.1505980560745,219.1505980560745,201.4613121143286,203.42678833007812,1395700,0.0,0.0
2020-06-16 00:00:00+09:00,209.32323746617067,222.09883411903553,208.34049926210412,219.15061950683594,2134300,0.0,0.0
2020-06-17 00:00:00+09:00,225.0470372626122,232.90894249449386,218.16787018471575,230.94346618652344,3326900,0.0,0.0
2020-06-18 00:00:00+09:00,229.96073670513863,229.96073670513863,220.1333547946626,222.0988311767578,2607800,0.0,0.0
2020-06-19 00:00:00+09:00,223.0815636865024,227.99525451660156,220.13334918844288,227.99525451660156,1452600,0.0,0.0
2020-06-22 00:00:00+09:00,227.01251357058263,232.90894249449386,225.0470372626122,230.94346618652344,1423000,0.0,0.0
2020-06-23 00:00:00+09:00,233.89166352243134,234.87440160445837,224.06428270216114,227.0124969482422,2078200,0.0,0.0
2020-06-24 00:00:00+09:00,227.9952350302692,229.96071119432327,223.0815446201341,227.0124969482422,1170600,0.0,0.0
2020-06-25 00:00:00+09:00,223.081567723352,228.97799682617188,223.081567723352,228.97799682617188,1111800,0.0,0.0
2020-06-26 00:00:00+09:00,227.01249618530272,227.01249618530272,216.20237731933594,216.20237731933594,2106700,0.0,0.0
2020-06-29 00:00:00+09:00,209.29180032100402,213.24070221385315,206.3301239013672,206.3301239013672,1604600,1.0,0.0
2020-06-30 00:00:00+09:00,208.30458356749335,211.26626011110702,203.36845599480395,209.29180908203125,1358300,0.0,0.0
2020-07-01 00:00:00+09:00,209.29180908203125,213.24071114018278,206.3301325384176,209.29180908203125,1202500,0.0,0.0
2020-07-02 00:00:00+09:00,205.34290283203126,208.30457931518555,195.47064788818358,197.44509887695312,2137200,0.0,0.0
2020-07-03 00:00:00+09:00,197.44510374207428,205.34290789175725,196.4578782233639,204.35568237304688,1205900,0.0,0.0
2020-07-06 00:00:00+09:00,202.3812248593285,208.30457778204055,202.3812248593285,207.31735229492188,866000,0.0,0.0
2020-07-07 00:00:00+09:00,206.33013816191772,211.26626586914062,202.3812359961394,211.26626586914062,898800,0.0,0.0
2020-07-08 00:00:00+09:00,209.29181478625148,214.2279424934744,207.3173637033623,211.26626586914062,870300,0.0,0.0
2020-07-09 00:00:00+09:00,211.26625719115634,211.26625719115634,205.3429041857968,208.30458068847656,769400,0.0,0.0
2020-07-10 00:00:00+09:00,208.30457778204055,210.2790287562779,204.35567583356587,207.31735229492188,422900,0.0,0.0
2020-07-13 00:00:00+09:00,206.3301239013672,208.30457484779174,203.36844748173033,206.3301239013672,634000,0.0,0.0
2020-07-14 00:00:00+09:00,205.34291754001526,205.34291754001526,199.4195641494379,202.38124084472656,735100,0.0,0.0
2020-07-15 00:00:00+09:00,203.3684597015381,208.30458736419678,201.3940086364746,205.34291076660156,903500,0.0,0.0
2020-07-16 00:00:00+09:00,205.34290880259903,205.34290880259903,198.43233014097308,199.4195556640625,821500,0.0,0.0
2020-07-17 00:00:00+09:00,199.4195565935319,201.39400764891337,192.50897789969662,194.48342895507812,987800,0.0,0.0
2020-07-20 00:00:00+09:00,193.49621015725677,195.4706612813104,187.57285678509584,191.52175903320312,974100,0.0,0.0
2020-07-21 00:00:00+09:00,189.54730409564394,197.44510843296243,189.54730409564394,195.4706573486328,584100,0.0,0.0
2020-07-22 00:00:00+09:00,196.45787710073043,197.4451026137994,192.50897504845443,193.49620056152344,414700,0.0,0.0
2020-07-27 00:00:00+09:00,189.54730790914948,193.49621015725677,189.54730790914948,191.52175903320312,331700,0.0,0.0
2020-07-28 00:00:00+09:00,192.5089759227493,194.48342695785442,187.5728483349865,188.56007385253906,606200,0.0,0.0
2020-07-29 00:00:00+09:00,187.5728590592094,187.5728590592094,179.6750544672427,181.64950561523438,792700,0.0,0.0
2020-07-30 00:00:00+09:00,181.64950841955238,183.62395959802578,179.67505724107897,182.63673400878906,334100,0.0,0.0
2020-07-31 00:00:00+09:00,179.67503417279087,181.6494850977666,171.77723047288796,174.73890686035156,947800,0.0,0.0
2020-08-03 00:00:00+09:00,173.75170102326766,183.62395676322606,173.75170102326766,181.64950561523438,538200,0.0,0.0
2020-08-04 00:00:00+09:00,181.64949522967112,189.54729937009162,181.64949522967112,188.56007385253906,731200,0.0,0.0
2020-08-05 00:00:00+09:00,189.5472964638158,189.5472964638158,183.62394344932156,187.57284545898438,375100,0.0,0.0
2020-08-06 00:00:00+09:00,189.54730902777777,189.54730902777777,183.62395562065973,186.58563232421875,564600,0.0,0.0
2020-08-07 00:00:00+09:00,187.5728483349865,188.56007385253906,184.61117178232882,188.56007385253906,545500,0.0,0.0
2020-08-11 00:00:00+09:00,214.22792768706543,224.1001824191883,205.3428984281549,206.3301239013672,8007800,0.0,0.0
2020-08-12 00:00:00+09:00,210.27902734929864,219.1640566739169,206.3301254272461,217.18960571289062,2689300,0.0,0.0
2020-08-13 00:00:00+09:00,221.1385249585177,227.06187830562087,219.16407384281666,223.11297607421875,2382500,0.0,0.0
2020-08-14 00:00:00+09:00,224.1001923357854,242.85747715684235,222.12574130198993,240.88302612304688,4686100,0.0,0.0
2020-08-17 00:00:00+09:00,240.8830338817532,243.8447105278403,228.04910174870895,232.9852294921875,3056300,0.0,0.0
2020-08-18 00:00:00+09:00,233.97244587094764,252.72973056102362,229.03631832092765,250.75527954101562,3386400,0.0,0.0
2020-08-19 00:00:00+09:00,254.7041824524661,261.6147610461377,242.85747629188631,245.81915283203125,3940100,0.0,0.0
2020-08-20 00:00:00+09:00,247.79360385879457,253.71695693908447,244.8319273186496,245.81915283203125,1937500,0.0,0.0
2020-08-21 00:00:00+09:00,246.80637251510313,247.79359800516355,234.95966663437818,243.84469604492188,2424900,0.0,0.0
2020-08-24 00:00:00+09:00,248.78083876693202,264.57644757753087,245.81916211494473,259.64031982421875,3716600,0.0,0.0
2020-08-25 00:00:00+09:00,263.5892073165539,264.5764328121215,251.74250136974246,254.7041778564453,3012700,0.0,0.0
2020-08-26 00:00:00+09:00,254.70418554320372,267.53811737290005,249.76805791639745,262.60198974609375,2956800,0.0,0.0
2020-08-27 00:00:00+09:00,261.6147642207325,266.55089184753876,256.6786365939262,262.60198974609375,2219600,0.0,0.0
2020-08-28 00:00:00+09:00,263.5892201583209,267.5381223329774,246.80638591603082,253.7169647216797,3770900,0.0,0.0
2020-08-31 00:00:00+09:00,254.7041742455868,264.57642906130724,254.7041742455868,258.653076171875,1371100,0.0,0.0
2020-09-01 00:00:00+09:00,261.61473765714993,294.1931766861535,260.6275122320286,289.2570495605469,8110800,0.0,0.0
2020-09-02 00:00:00+09:00,297.1548852920532,350.4650640487671,297.1548852920532,347.5033874511719,22287800,0.0,0.0
2020-09-03 00:00:00+09:00,326.7716618221944,334.66946633753446,316.8994061780193,324.7972106933594,10604000,0.0,0.0
2020-09-04 00:00:00+09:00,303.07822104905466,324.7971815151107,301.10377009759503,314.9249267578125,6572900,0.0,0.0
2020-09-07 00:00:00+09:00,322.8227319809997,324.79718294112814,301.1037714195869,305.05267333984375,4532600,0.0,0.0
2020-09-08 00:00:00+09:00,310.9760370794332,327.7588708265772,307.02713502128165,313.9377136230469,4307200,0.0,0.0
2020-09-09 00:00:00+09:00,307.02713338340203,323.8099670410156,306.0399078741306,323.8099670410156,3000900,0.0,0.0
2020-09-10 00:00:00+09:00,326.77162577943034,332.6949785125922,313.9376948575796,317.8865966796875,3098200,0.0,0.0
2020-09-11 00:00:00+09:00,319.86104543585526,340.5927798622533,316.899369089227,337.631103515625,4481600,0.0,0.0
2020-09-14 00:00:00+09:00,351.45226853362954,376.1329053688563,338.6183373793116,366.2606506347656,8836400,0.0,0.0
2020-09-15 00:00:00+09:00,365.27345351972605,380.0818367705258,358.3628746693529,376.1329345703125,4614000,0.0,0.0
2020-09-16 00:00:00+09:00,389.95409715032,414.6347362104668,387.97964602550826,409.6986083984375,9343800,0.0,0.0
2020-09-17 00:00:00+09:00,434.3792451746324,439.31537296070775,400.81357622931984,419.57086181640625,14033100,0.0,0.0
2020-09-18 00:00:00+09:00,416.6091707437345,498.54888916015625,410.68581760519805,498.54888916015625,11426100,0.0,0.0
2020-09-23 00:00:00+09:00,543.9613022985537,597.271484375,543.9613022985537,597.271484375,51801100,0.0,0.0
2020-09-24 00:00:00+09:00,578.5142085522677,627.8754891454646,518.2934462285675,557.782470703125,33386100,0.0,0.0
2020-09-25 00:00:00+09:00,567.6546470067834,568.6418724798388,459.0598449707031,459.0598449707031,25602800,0.0,0.0
2020-09-28 00:00:00+09:00,450.17483790391157,475.84270146860825,392.9157576442035,435.366455078125,29555300,0.0,0.0
2020-09-29 00:00:00+09:00,444.25147975095405,462.02153894099223,416.60916545533917,428.45587158203125,14748800,0.0,0.0
2020-09-30 00:00:00+09:00,436.35370458516,442.27705804106716,408.7113884575933,411.6730651855469,9155400,0.0,0.0
2020-10-02 00:00:00+09:00,404.76247026415297,433.39201084381256,396.86466596631584,400.8135681152344,9174600,0.0,0.0
2020-10-05 00:00:00+09:00,414.6347340303309,437.3409218462776,406.7369295726103,419.57086181640625,8147100,0.0,0.0
2020-10-06 00:00:00+09:00,434.3792333172506,447.2131652107148,412.6602716513881,415.6219482421875,8454500,0.0,0.0
2020-10-07 00:00:00+09:00,415.621967489485,428.4558999772838,407.7241628816088,411.6730651855469,5536200,0.0,0.0
2020-10-08 00:00:00+09:00,415.62192700256657,415.62192700256657,382.0562606888201,392.9157409667969,9658800,0.0,0.0
2020-10-09 00:00:00+09:00,390.9413423538208,400.8135984738668,376.13295817375183,379.0946350097656,7247500,0.0,0.0
2020-10-12 00:00:00+09:00,368.2351312028601,382.05628894237765,365.27345454439205,371.1968078613281,4990300,0.0,0.0
2020-10-13 00:00:00+09:00,376.13292152003237,450.1748352050781,372.18401945682996,450.1748352050781,29760000,0.0,0.0
2020-10-14 00:00:00+09:00,427.4686576204347,474.8554834074575,397.85189150354546,400.8135681152344,38189800,0.0,0.0
2020-10-15 00:00:00+09:00,400.81357833678464,418.58363846009036,386.9924204631024,409.6986083984375,11864500,0.0,0.0
2020-10-16 00:00:00+09:00,413.64749512636575,413.64749512636575,381.06905278944436,393.9029846191406,7377500,0.0,0.0
2020-10-19 00:00:00+09:00,393.902963811701,415.6219242223712,385.01793455279045,412.6602478027344,4601200,0.0,0.0
2020-10-20 00:00:00+09:00,415.6219446437429,446.2259358170351,409.69859151342825,435.366455078125,10024700,0.0,0.0
2020-10-21 00:00:00+09:00,438.3281452047414,445.2387240705819,425.4942130253233,429.443115234375,4742200,0.0,0.0
2020-10-22 00:00:00+09:00,429.4430782370371,440.3025583763645,403.77521608953606,432.4047546386719,6991400,0.0,0.0
2020-10-23 00:00:00+09:00,434.379217225502,440.3025701876679,417.5963838326985,436.3536682128906,5271200,0.0,0.0
2020-10-26 00:00:00+09:00,447.2131537286635,462.02153630246033,441.2898006991448,443.2642517089844,13251800,0.0,0.0
2020-10-27 00:00:00+09:00,429.44310194781036,450.17483790391157,424.5069743392148,435.366455078125,4452300,0.0,0.0
2020-10-28 00:00:00+09:00,443.26425659447386,485.71495377390005,439.3153545312714,450.1748352050781,15490300,0.0,0.0
2020-10-29 00:00:00+09:00,442.2769995687367,466.957635705385,439.3153232323389,464.9831848144531,6843400,0.0,0.0
2020-10-30 00:00:00+09:00,469.9193366721824,472.8810131638138,426.4814147949219,426.4814147949219,7483000,0.0,0.0
2020-11-02 00:00:00+09:00,429.44310766066945,434.37923533493006,399.82634161510606,405.74969482421875,5829000,0.0,0.0
2020-11-04 00:00:00+09:00,424.50695090097923,447.2131366468456,417.5963726304982,432.4047546386719,5763500,0.0,0.0
2020-11-05 00:00:00+09:00,436.35367883652646,448.20038504928283,432.40477676560766,445.23870849609375,4893000,0.0,0.0
2020-11-06 00:00:00+09:00,451.1620664638203,464.9832238609614,444.25148776524975,452.1492919921875,6586800,0.0,0.0
2020-11-09 00:00:00+09:00,444.2514788860069,455.1109594809982,432.40477278238006,433.3919982910156,5189400,0.0,0.0
2020-11-10 00:00:00+09:00,437.3409301611445,439.31538131311356,409.6986140335778,411.6730651855469,4134400,0.0,0.0
2020-11-11 00:00:00+09:00,399.82634161510606,417.59640124244413,386.9924096620286,405.74969482421875,4023300,0.0,0.0
2020-11-12 00:00:00+09:00,413.64749910303567,418.5836267772962,399.82634161510606,405.74969482421875,2590000,0.0,0.0
2020-11-13 00:00:00+09:00,398.83910955899,414.63471785835594,398.83910955899,408.71136474609375,1965900,0.0,0.0
2020-11-16 00:00:00+09:00,403.775250453575,410.6858293121936,394.8902204924939,402.78802490234375,2630800,0.0,0.0
2020-11-17 00:00:00+09:00,403.7752097161693,403.7752097161693,384.03070068359375,384.03070068359375,3032600,0.0,0.0
2020-11-18 00:00:00+09:00,380.0818337334527,397.8518934924193,377.12015710695823,390.9413146972656,3379400,0.0,0.0
2020-11-19 00:00:00+09:00,394.89019262881675,396.8646435919608,385.01793781309635,387.9796142578125,2053500,0.0,0.0
2020-11-20 00:00:00+09:00,386.99241154925187,395.87744140625,383.04350939058605,395.87744140625,1846800,0.0,0.0
2020-11-24 00:00:00+09:00,397.85189054540183,408.71137142877507,388.9668607317328,405.74969482421875,3057700,0.0,0.0
2020-11-25 00:00:00+09:00,404.76245947388617,405.7496849847981,390.94130232111934,391.92852783203125,2581900,0.0,0.0
2020-11-26 00:00:00+09:00,394.89019775390625,400.81355072021483,389.9540702819824,394.89019775390625,1864600,0.0,0.0
2020-11-27 00:00:00+09:00,392.91576002091927,395.8774366039915,387.97963238246547,388.96685791015625,2080600,0.0,0.0
2020-11-30 00:00:00+09:00,387.97960249010885,391.92850429662394,382.0562497803362,384.03070068359375,1438200,0.0,0.0
2020-12-01 00:00:00+09:00,385.01795489088937,402.78801434739194,384.0307293655281,393.9029846191406,2779800,0.0,0.0
2020-12-02 00:00:00+09:00,394.89021686592486,400.81357011891373,389.9540891551008,390.9413146972656,1103900,0.0,0.0
2020-12-03 00:00:00+09:00,390.9413283128005,390.9413283128005,384.03074927696815,385.0179748535156,1408200,0.0,0.0
2020-12-04 00:00:00+09:00,383.04351806640625,384.0307436284331,377.1201646942453,383.04351806640625,1398200,0.0,0.0
2020-12-07 00:00:00+09:00,383.04348975787536,384.03071524694207,367.24788193280835,368.235107421875,1313900,0.0,0.0
2020-12-08 00:00:00+09:00,363.29901683910475,371.1968215529983,348.4906330005543,365.2734680175781,2209900,0.0,0.0
2020-12-09 00:00:00+09:00,365.2734460483412,368.23512263792236,348.4906120407147,352.43951416015625,2229700,0.0,0.0
2020-12-10 00:00:00+09:00,349.4778327287946,353.42673479352675,334.6694499860491,345.5289306640625,3042700,0.0,0.0
2020-12-11 00:00:00+09:00,343.55447713773543,360.3373107910156,343.55447713773543,360.3373107910156,1354600,0.0,0.0
2020-12-14 00:00:00+09:00,356.38842203889385,358.3628731305221,349.47784321819506,354.4139709472656,1041100,0.0,0.0
2020-12-15 00:00:00+09:00,348.4906366912412,360.337343887544,347.5034110915493,350.465087890625,1066800,0.0,0.0
2020-12-16 00:00:00+09:00,354.41397304589566,355.40119859755555,344.5417175292969,344.5417175292969,809400,0.0,0.0
2020-12-17 00:00:00+09:00,342.56725589527804,342.56725589527804,330.72054963953354,335.65667724609375,1901000,0.0,0.0
2020-12-18 00:00:00+09:00,332.6950006821576,344.5417069379021,332.6950006821576,335.65667724609375,1413500,0.0,0.0
2020-12-21 00:00:00+09:00,342.56726857413236,347.503396363385,331.7077874377766,334.6694641113281,1147300,0.0,0.0
2020-12-22 00:00:00+09:00,334.6694746641355,335.6567002531153,312.950511706581,316.8994140625,2315100,0.0,0.0
2020-12-23 00:00:00+09:00,312.95048011249645,328.7460879415184,312.95048011249645,326.7716369628906,1999000,0.0,0.0
2020-12-24 00:00:00+09:00,327.7588547107785,342.56723670072336,321.8355019148006,339.6055603027344,2028000,0.0,0.0
2020-12-25 00:00:00+09:00,338.61834968008645,346.5161537542576,321.83551602247286,323.8099670410156,1853400,0.0,0.0
2020-12-28 00:00:00+09:00,322.82277327499156,327.7589013067192,314.92496842422725,318.8738708496094,1612500,0.0,0.0
2020-12-29 00:00:00+09:00,314.9126797125779,334.71850862531863,314.9126797125779,327.7864685058594,1516700,1.0,0.0
2020-12-30 00:00:00+09:00,321.8447080472621,326.796165094143,318.8738338191335,324.8155822753906,775800,0.0,0.0
2021-01-04 00:00:00+09:00,326.79619904990506,329.7670735867224,314.9127009026358,317.8835754394531,1233500,0.0,0.0
2021-01-05 00:00:00+09:00,312.93208536287636,324.8155822753906,311.94179395350017,324.8155822753906,1342800,0.0,0.0
2021-01-06 00:00:00+09:00,322.8349994566383,337.68937059728114,322.8349994566383,324.8155822753906,1790900,0.0,0.0
2021-01-07 00:00:00+09:00,328.77673565204327,328.77673565204327,317.88353055513824,321.8446960449219,1356500,0.0,0.0
2021-01-08 00:00:00+09:00,320.8544333065257,338.67967960133274,318.87385038488054,336.6990966796875,1880600,0.0,0.0
2021-01-12 00:00:00+09:00,332.7379216974432,333.7282131310665,322.83500736120976,326.7961730957031,1515900,0.0,0.0
2021-01-13 00:00:00+09:00,326.79618207146143,342.64084544462315,326.79618207146143,336.6990966796875,1930800,0.0,0.0
2021-01-14 00:00:00+09:00,336.6990996123076,339.66997402065147,325.80589344838,329.7670593261719,1312100,0.0,0.0
2021-01-15 00:00:00+09:00,335.7088130482456,340.66027046783626,329.7670641447368,338.6796875,1533900,0.0,0.0
2021-01-18 00:00:00+09:00,341.65055398380053,344.6214283662684,329.76705645392923,336.6990966796875,1813300,0.0,0.0
2021-01-19 00:00:00+09:00,336.6990847262148,336.6990847262148,330.7573361722227,333.72821044921875,991400,0.0,0.0
2021-01-20 00:00:00+09:00,334.71852856590635,340.6602775937035,329.76707104274203,332.7379455566406,1334800,0.0,0.0
2021-01-21 00:00:00+09:00,334.7185232492799,354.52435302734375,333.7282317603767,354.52435302734375,3078400,0.0,0.0
2021-01-22 00:00:00+09:00,374.3301618105967,375.320453243958,346.6020016764784,349.5728759765625,4441000,0.0,0.0
2021-01-25 00:00:00+09:00,352.5437426235586,373.33986227270117,351.5534512116947,370.3689880371094,2645500,0.0,0.0
2021-01-26 00:00:00+09:00,373.3398921945707,374.33018368580304,357.4952283348542,362.4466857910156,2135500,0.0,0.0
2021-01-27 00:00:00+09:00,365.41753616333006,365.41753616333006,353.5340390523275,356.5049133300781,1167600,0.0,0.0
2021-01-28 00:00:00+09:00,345.611729627215,355.51464451624696,341.65056367160224,354.52435302734375,1502300,0.0,0.0
2021-01-29 00:00:00+09:00,357.495210239653,358.48550168076,341.6505471819398,342.6408386230469,1317600,0.0,0.0
2021-02-01 00:00:00+09:00,335.7087882278312,348.58257656695156,331.7476225850249,347.59228515625,1296100,0.0,0.0
2021-02-02 00:00:00+09:00,343.63115043958913,356.5049399373259,341.65056743993733,355.5146484375,1093100,0.0,0.0
2021-02-03 00:00:00+09:00,356.5049173032808,361.4563744880486,353.53404299242015,357.4952087402344,926100,0.0,0.0
2021-02-04 00:00:00+09:00,357.49521664285794,360.46609101939134,352.5437593486355,359.4757995605469,974400,0.0,0.0
2021-02-05 00:00:00+09:00,361.45638247823587,363.4369653959248,353.53405080748,359.4757995605469,949000,0.0,0.0
2021-02-08 00:00:00+09:00,360.46609101939134,362.44667393708033,356.5049251840134,359.4757995605469,1002900,0.0,0.0
2021-02-09 00:00:00+09:00,360.4660989003639,367.3981392638324,354.5243500173908,361.4563903808594,1608000,0.0,0.0
2021-02-10 00:00:00+09:00,363.4369609882305,381.26220703125,357.49521230722405,381.26220703125,2704500,0.0,0.0
2021-02-12 00:00:00+09:00,302.03887939453125,302.03887939453125,302.03887939453125,302.03887939453125,270400,0.0,0.0
2021-02-15 00:00:00+09:00,262.427261848312,274.3107604980469,250.54376319857712,274.3107604980469,12934700,0.0,0.0
2021-02-16 00:00:00+09:00,277.2815897116882,295.1068347645824,277.2815897116882,278.2718811035156,6496400,0.0,0.0
2021-02-17 00:00:00+09:00,276.29132383009966,278.2719067966237,267.3787004807416,269.3592834472656,3000000,0.0,0.0
2021-02-18 00:00:00+09:00,267.378703567217,275.3010355247642,259.4563716096698,262.42724609375,2898800,0.0,0.0
2021-02-19 00:00:00+09:00,264.4078290831368,267.378703567217,258.4660801149764,262.42724609375,1384500,0.0,0.0
2021-02-22 00:00:00+09:00,262.4272353560836,267.3786926269531,256.4854866310402,267.3786926269531,1419800,0.0,0.0
2021-02-24 00:00:00+09:00,267.3786765650699,271.33984214381167,261.43692819695724,263.4175109863281,1428700,0.0,0.0
2021-02-25 00:00:00+09:00,267.3786806256584,274.31072049373097,263.4175149867597,264.4078063964844,1555100,0.0,0.0
2021-02-26 00:00:00+09:00,262.42724216345584,264.40782512318003,255.49520180442116,261.43695068359375,1326400,0.0,0.0
2021-03-01 00:00:00+09:00,262.42724216345584,263.41753364331794,254.50491032455906,261.43695068359375,1533400,0.0,0.0
2021-03-02 00:00:00+09:00,263.41752966819155,268.36898699278163,257.47578087868345,260.4466552734375,883600,0.0,0.0
2021-03-03 00:00:00+09:00,258.466064453125,262.4272301918702,256.4854815837524,258.466064453125,818700,0.0,0.0
2021-03-04 00:00:00+09:00,258.4660638000251,258.4660638000251,251.53402377473705,254.50489807128906,1220500,0.0,0.0
2021-03-05 00:00:00+09:00,250.54372128035672,256.4854696111162,244.60197294959727,255.49517822265625,1327000,0.0,0.0
2021-03-08 00:00:00+09:00,253.5146019345238,257.4757675897507,249.55343627929688,249.55343627929688,980800,0.0,0.0
2021-03-09 00:00:00+09:00,249.55344536468272,259.45635986328125,245.5922795652433,259.45635986328125,1215100,0.0,0.0
2021-03-10 00:00:00+09:00,260.4466351649558,261.4369265534157,254.50488683419633,255.49517822265625,626300,0.0,0.0
2021-03-11 00:00:00+09:00,258.4660618340791,266.38839323129224,257.47577040942747,265.3981018066406,931500,0.0,0.0
2021-03-12 00:00:00+09:00,266.38839323129224,267.3786846559439,261.43693610803405,265.3981018066406,661000,0.0,0.0
2021-03-15 00:00:00+09:00,267.3787004807416,270.34957493052764,265.39811751421763,269.3592834472656,738800,0.0,0.0
2021-03-16 00:00:00+09:00,269.3592507420475,285.20391255040323,266.3883766529808,276.2912902832031,2491700,0.0,0.0
2021-03-17 00:00:00+09:00,278.2718811035156,281.242755278998,272.33013275255087,278.2718811035156,748700,0.0,0.0
2021-03-18 00:00:00+09:00,281.2427791369501,295.10685979863075,279.2621961852815,284.2136535644531,2420900,0.0,0.0
2021-03-19 00:00:00+09:00,282.23303846133655,283.22332982435876,273.32041619413644,276.2912902832031,1526500,0.0,0.0
2021-03-22 00:00:00+09:00,275.3010442560369,276.29133578213776,269.3592950994318,272.3301696777344,1303900,0.0,0.0
2021-03-23 00:00:00+09:00,270.3495629746675,276.29131161147336,264.40781433786157,266.3883972167969,1386300,0.0,0.0
2021-03-24 00:00:00+09:00,273.3204493803137,280.2524897631477,266.3884089974796,269.3592834472656,2167600,0.0,0.0
2021-03-25 00:00:00+09:00,265.3981166030421,267.3786995627663,254.50491032455906,261.43695068359375,1733600,0.0,0.0
2021-03-26 00:00:00+09:00,259.4563371118252,276.2912902832031,259.4563371118252,276.2912902832031,1567900,0.0,0.0
2021-03-29 00:00:00+09:00,272.33015789705166,279.2621982798857,268.3689919640036,269.3592834472656,1348600,0.0,0.0
2021-03-30 00:00:00+09:00,269.359302727324,275.30105205219144,269.359302727324,274.3107604980469,480100,0.0,0.0
2021-03-31 00:00:00+09:00,273.3204424741457,276.29131684886465,272.33015101590604,275.301025390625,527900,0.0,0.0
2021-04-01 00:00:00+09:00,275.30100692803325,282.23304667082544,275.30100692803325,278.2718811035156,783800,0.0,0.0
2021-04-02 00:00:00+09:00,277.281601596886,284.2136416368082,277.281601596886,281.2427673339844,888400,0.0,0.0
2021-04-05 00:00:00+09:00,281.2427512032645,282.2330425807408,276.2912943158831,277.2815856933594,593700,0.0,0.0
2021-04-06 00:00:00+09:00,280.2525098229143,282.2330929312035,270.34959428146857,274.3107604980469,816200,0.0,0.0
2021-04-07 00:00:00+09:00,276.2912902832031,277.28158164622533,272.3301248311142,276.2912902832031,609600,0.0,0.0
2021-04-08 00:00:00+09:00,274.3107328061704,274.3107328061704,265.3981097186053,267.3786926269531,864400,0.0,0.0
2021-04-09 00:00:00+09:00,270.3495904673701,274.31075662806415,268.36900738702303,273.3204650878906,541800,0.0,0.0
2021-04-12 00:00:00+09:00,272.3301498978226,272.3301498978226,267.3786926269531,267.3786926269531,314400,0.0,0.0
2021-04-13 00:00:00+09:00,270.3495788574219,277.2816193409455,270.3495788574219,270.3495788574219,652400,0.0,0.0
2021-04-14 00:00:00+09:00,267.3787004807416,271.33986641378965,267.3787004807416,269.3592834472656,411200,0.0,0.0
2021-04-15 00:00:00+09:00,270.3495629746675,270.3495629746675,263.41752289839394,266.3883972167969,603500,0.0,0.0
2021-04-16 00:00:00+09:00,264.4078221620229,269.359279505881,263.41753069325125,268.3689880371094,477400,0.0,0.0
2021-04-19 00:00:00+09:00,265.3981251960253,272.3301657795036,265.3981251960253,271.3398742675781,493800,0.0,0.0
2021-04-20 00:00:00+09:00,270.3495788574219,275.301036345653,267.37870436448316,270.3495788574219,461800,0.0,0.0
2021-04-21 00:00:00+09:00,267.3786955278636,268.36898699278163,259.4563638085195,260.4466552734375,826500,0.0,0.0
2021-04-22 00:00:00+09:00,261.43694276300096,264.4078171125805,259.45635986328125,259.45635986328125,350100,0.0,0.0
2021-04-23 00:00:00+09:00,256.4854736328125,264.407804864714,256.4854736328125,256.4854736328125,514100,0.0,0.0
2021-04-26 00:00:00+09:00,255.49518620417666,259.4563518817608,254.50489478478065,257.47576904296875,452000,0.0,0.0
2021-04-27 00:00:00+09:00,256.4854809356571,259.4563552322091,254.50489807128906,254.50489807128906,386700,0.0,0.0
2021-04-28 00:00:00+09:00,253.51460597826087,255.49518883746603,249.55344025985056,250.54373168945312,497400,0.0,0.0
2021-04-30 00:00:00+09:00,248.56316354284326,249.55345503106176,245.59228907818775,246.58258056640625,503200,0.0,0.0
2021-05-06 00:00:00+09:00,247.57287205462475,248.56316354284326,243.61170610175074,246.58258056640625,498400,0.0,0.0
2021-05-07 00:00:00+09:00,247.5728534516834,251.53401910691034,244.60197921026318,249.55343627929688,482500,0.0,0.0
2021-05-10 00:00:00+09:00,257.47577577125367,259.4563586618018,250.54373565433534,251.53402709960938,691800,0.0,0.0
2021-05-11 00:00:00+09:00,250.54373565433534,256.48548432597966,249.55344420906127,251.53402709960938,562500,0.0,0.0
2021-05-12 00:00:00+09:00,253.51462098393574,256.4854954485912,243.61170610175074,246.58258056640625,797800,0.0,0.0
2021-05-13 00:00:00+09:00,241.63110680797783,244.60198107201035,237.66994112260116,238.6602325439453,751900,0.0,0.0
2021-05-14 00:00:00+09:00,240.64081607740752,244.60198177415498,231.72819325972577,242.62139892578125,1306100,0.0,0.0
2021-05-17 00:00:00+09:00,241.63111424146837,247.57286295232413,235.68936553061258,236.67965698242188,743900,0.0,0.0
2021-05-18 00:00:00+09:00,237.6699528928663,244.60199318557488,237.6699528928663,241.63111877441406,615700,0.0,0.0
2021-05-19 00:00:00+09:00,239.65053246378415,247.5728641154795,239.65053246378415,244.60198974609375,648500,0.0,0.0
2021-05-20 00:00:00+09:00,242.6214107390373,247.57286810105848,242.6214107390373,245.59228515625,414900,0.0,0.0
2021-05-21 00:00:00+09:00,246.5825726590176,250.54373848486526,244.60198974609375,244.60198974609375,582500,0.0,0.0
2021-05-24 00:00:00+09:00,244.6019891809534,244.6019891809534,239.6505319100839,240.6408233642578,438400,0.0,0.0
2021-05-25 00:00:00+09:00,240.6408233642578,244.6019891809534,239.6505319100839,240.6408233642578,319700,0.0,0.0
2021-05-26 00:00:00+09:00,243.6116943359375,245.5922772167175,240.64082001476754,243.6116943359375,490700,0.0,0.0
2021-05-27 00:00:00+09:00,241.63110275268556,242.62139415740967,236.67964572906496,237.66993713378906,551300,0.0,0.0
2021-05-28 00:00:00+09:00,237.66995586926424,238.66024735205283,232.71849845532125,234.69908142089844,794200,0.0,0.0
2021-05-31 00:00:00+09:00,233.70878204995012,237.66994784740692,231.72819915122173,232.71849060058594,699200,0.0,0.0
2021-06-01 00:00:00+09:00,232.7184866228674,234.6990694877429,229.7476123255542,231.7281951904297,545800,0.0,0.0
2021-06-02 00:00:00+09:00,232.71849402065936,232.71849402065936,228.75732816498856,229.74761962890625,574400,0.0,0.0
2021-06-03 00:00:00+09:00,229.74762014615334,233.7087860107422,225.7864542815645,233.7087860107422,837800,0.0,0.0
2021-06-04 00:00:00+09:00,232.71849402065936,232.71849402065936,229.74761962890625,229.74761962890625,332800,0.0,0.0
2021-06-07 00:00:00+09:00,233.70877932714035,239.65052795410156,231.7281964514866,239.65052795410156,401300,0.0,0.0
2021-06-08 00:00:00+09:00,236.67965364062096,242.62140226758214,236.67965364062096,239.65052795410156,429100,0.0,0.0
2021-06-09 00:00:00+09:00,237.6699528928663,243.61170171518793,237.6699528928663,241.63111877441406,464100,0.0,0.0
2021-06-10 00:00:00+09:00,241.63110750159439,244.60198177415498,238.6602332290338,242.62139892578125,303900,0.0,0.0
2021-06-11 00:00:00+09:00,243.61169034996811,245.59227319834184,241.63110750159439,242.62139892578125,284500,0.0,0.0
2021-06-14 00:00:00+09:00,244.60198177415498,244.60198177415498,238.6602332290338,242.62139892578125,367500,0.0,0.0
2021-06-15 00:00:00+09:00,242.62141461353227,247.57287205462475,241.63112312531376,246.58258056640625,401300,0.0,0.0
2021-06-16 00:00:00+09:00,245.59228515625,245.59228515625,242.6214107390373,245.59228515625,310500,0.0,0.0
2021-06-17 00:00:00+09:00,243.61170171518793,243.61170171518793,240.6408273040271,241.63111877441406,195700,0.0,0.0
2021-06-18 00:00:00+09:00,240.64082219549948,240.64082219549948,232.71849060058594,232.71849060058594,520100,0.0,0.0
2021-06-21 00:00:00+09:00,229.7476116677989,229.7476116677989,226.77673737899119,227.76702880859375,436500,0.0,0.0
2021-06-22 00:00:00+09:00,231.72819855925326,232.71849000608768,228.75732421875,228.75732421875,400900,0.0,0.0
2021-06-23 00:00:00+09:00,229.74762355820815,231.72820651991685,228.7573320773538,230.7379150390625,222600,0.0,0.0
2021-06-24 00:00:00+09:00,228.75732023819634,230.7379030974015,226.77673737899119,227.76702880859375,185400,0.0,0.0
2021-06-25 00:00:00+09:00,229.74762355820815,230.7379150390625,227.76704059649947,230.7379150390625,178500,0.0,0.0
2021-06-28 00:00:00+09:00,230.73791161230054,234.69907747688939,229.74762014615334,233.7087860107422,348100,0.0,0.0
2021-06-29 00:00:00+09:00,235.69779418159453,235.69779418159453,231.7197723388672,231.7197723388672,175500,1.0,0.0
2021-06-30 00:00:00+09:00,233.70878464136368,233.70878464136368,229.73076277512772,232.7142791748047,194900,0.0,0.0
2021-07-01 00:00:00+09:00,233.7087777455648,240.67031580607096,232.71427230834962,238.68130493164062,611300,0.0,0.0
2021-07-02 00:00:00+09:00,239.67582298727595,239.67582298727595,234.70329553940715,236.6923065185547,289100,0.0,0.0
2021-07-05 00:00:00+09:00,236.69230104104068,236.69230104104068,232.7142791748047,232.7142791748047,129100,0.0,0.0
2021-07-06 00:00:00+09:00,233.70878186719173,233.70878186719173,230.7252655029297,230.7252655029297,145500,0.0,0.0
2021-07-07 00:00:00+09:00,231.7197695645419,231.7197695645419,228.7362532182173,229.7307586669922,155000,0.0,0.0
2021-07-08 00:00:00+09:00,229.73076578776042,229.73076578776042,223.76373291015625,223.76373291015625,477900,0.0,0.0
2021-07-09 00:00:00+09:00,219.78570830340877,224.75823564058996,219.78570830340877,221.77471923828125,433800,0.0,0.0
2021-07-12 00:00:00+09:00,225.7527341217974,229.730755868437,224.7582286851375,227.7417449951172,240200,0.0,0.0
2021-07-13 00:00:00+09:00,227.74175049613984,231.7197723388672,227.74175049613984,231.7197723388672,122500,0.0,0.0
2021-07-14 00:00:00+09:00,231.7197737082457,233.70878464136368,228.73625730856872,232.7142791748047,200700,0.0,0.0
2021-07-15 00:00:00+09:00,230.7252613050969,231.7197667417568,225.7527341217974,227.7417449951172,336300,0.0,0.0
2021-07-16 00:00:00+09:00,226.74725207358205,228.73626305668364,223.76373559892966,225.75274658203125,415400,0.0,0.0
2021-07-19 00:00:00+09:00,225.75274249485562,225.75274249485562,221.77472060067313,222.76922607421875,253900,0.0,0.0
2021-07-20 00:00:00+09:00,221.77472195095487,223.76373291015625,219.7857109917535,223.76373291015625,279400,0.0,0.0
2021-07-21 00:00:00+09:00,224.75824242307428,227.741758915416,223.76373692562706,226.74725341796875,278200,0.0,0.0
2021-07-26 00:00:00+09:00,227.74175756513284,228.73626305668364,225.75274658203125,225.75274658203125,114000,0.0,0.0
2021-07-27 00:00:00+09:00,225.75274658203125,227.74175756513284,224.75824109048045,225.75274658203125,155600,0.0,0.0
2021-07-28 00:00:00+09:00,224.75823424743103,225.75273970870285,219.78570694107194,220.78021240234375,348200,0.0,0.0
2021-07-29 00:00:00+09:00,220.78021512712752,222.76922607421875,220.78021512712752,222.76922607421875,86400,0.0,0.0
2021-07-30 00:00:00+09:00,221.7747264809323,221.7747264809323,214.81318798153083,215.8076934814453,402300,0.0,0.0
2021-08-02 00:00:00+09:00,215.80769213923702,215.80769213923702,212.8241756580494,214.8131866455078,195700,0.0,0.0
2021-08-03 00:00:00+09:00,212.82416331439939,221.77471223883674,212.82416331439939,216.80218505859375,351900,0.0,0.0
2021-08-04 00:00:00+09:00,217.7966918211717,217.7966918211717,206.8571319580078,206.8571319580078,694900,0.0,0.0
2021-08-05 00:00:00+09:00,205.86263061812704,211.82966338966696,205.86263061812704,209.8406524658203,406700,0.0,0.0
2021-08-06 00:00:00+09:00,207.85164423839586,213.81867708734504,207.85164423839586,211.8296661376953,463800,0.0,0.0
2021-08-10 00:00:00+09:00,197.9065870666504,203.8736198425293,196.91208160400393,198.90109252929688,1174600,0.0,0.0
2021-08-11 00:00:00+09:00,198.90108842116138,207.85163740011362,196.91207753694974,206.8571319580078,702100,0.0,0.0
2021-08-12 00:00:00+09:00,206.85714183134192,207.85164732091567,202.87911987304688,202.87911987304688,230100,0.0,0.0
2021-08-13 00:00:00+09:00,203.87361699884588,207.8516387939453,201.88460610129616,207.8516387939453,329000,0.0,0.0
2021-08-16 00:00:00+09:00,205.86263218210703,206.85713765158582,199.89559936523438,199.89559936523438,369600,0.0,0.0
2021-08-17 00:00:00+09:00,200.89009634164663,200.89009634164663,193.92855834960938,193.92855834960938,604200,0.0,0.0
2021-08-18 00:00:00+09:00,193.92857046688303,202.87911987304688,193.92857046688303,202.87911987304688,386700,0.0,0.0
2021-08-19 00:00:00+09:00,198.9010938957556,204.86812671262825,198.9010938957556,199.89559936523438,274100,0.0,0.0
2021-08-20 00:00:00+09:00,198.90109252929688,200.89010345458985,195.91757614135744,198.90109252929688,205800,0.0,0.0
2021-08-23 00:00:00+09:00,198.9010938957556,200.89010483471316,197.9065884262768,199.89559936523438,257800,0.0,0.0
2021-08-24 00:00:00+09:00,200.89010755416794,205.86263496887508,200.89010755416794,201.88461303710938,245300,0.0,0.0
2021-08-25 00:00:00+09:00,204.8681182861328,206.85712914327974,202.8791074289859,204.8681182861328,250900,0.0,0.0
2021-08-26 00:00:00+09:00,204.8681264913307,213.8186757069714,203.8736210229262,210.8351593017578,774700,0.0,0.0
2021-08-27 00:00:00+09:00,214.8131782911482,219.78570556640625,210.83515647094174,219.78570556640625,878700,0.0,0.0
2021-08-30 00:00:00+09:00,227.74174776944247,266.52746027166194,224.75823142311788,229.7307586669922,8637200,0.0,0.0
2021-08-31 00:00:00+09:00,230.7252709340241,239.67582023749918,226.7472490213685,234.7032928466797,1772400,0.0,0.0
2021-09-01 00:00:00+09:00,235.69778993026068,235.69778993026068,227.74174638831096,228.7362518310547,885000,0.0,0.0
2021-09-02 00:00:00+09:00,229.7307643890381,229.7307643890381,220.78021512712752,222.76922607421875,1170100,0.0,0.0
2021-09-03 00:00:00+09:00,219.78571493583814,230.7252754077577,218.7912094383909,226.74725341796875,854100,0.0,0.0
2021-09-06 00:00:00+09:00,228.73625609251832,228.73625609251832,220.78021240234375,220.78021240234375,571900,0.0,0.0
2021-09-07 00:00:00+09:00,220.78021102145786,225.75273829671593,219.78570556640625,219.78570556640625,481200,0.0,0.0
2021-09-08 00:00:00+09:00,220.78022043328536,226.74725341796875,219.78571493583814,226.74725341796875,641000,0.0,0.0
2021-09-09 00:00:00+09:00,226.74725071729813,230.72527265970686,223.76373426049156,224.75823974609375,611400,0.0,0.0
2021-09-10 00:00:00+09:00,225.7527341217974,227.7417449951172,223.7637232484776,227.7417449951172,238700,0.0,0.0
2021-09-13 00:00:00+09:00,230.7252655029297,230.7252655029297,226.74724368391367,230.7252655029297,440800,0.0,0.0
2021-09-14 00:00:00+09:00,229.73076991031044,229.73076991031044,225.75274792052153,226.74725341796875,461700,0.0,0.0
2021-09-15 00:00:00+09:00,226.74724375176754,226.74724375176754,216.80218920125142,219.78570556640625,875000,0.0,0.0
2021-09-16 00:00:00+09:00,219.78570136673954,219.78570136673954,209.8406470062536,216.80218505859375,1074700,0.0,0.0
2021-09-17 00:00:00+09:00,212.8241660378196,219.7857041792436,212.8241660378196,218.79119873046875,357500,0.0,0.0
2021-09-21 00:00:00+09:00,210.83516598187285,215.8076934814453,208.84615498204386,215.8076934814453,328800,0.0,0.0
2021-09-22 00:00:00+09:00,212.8241660378196,215.80768238414416,207.8516387939453,207.8516387939453,577200,0.0,0.0
2021-09-24 00:00:00+09:00,210.8351524423022,218.79119593069095,210.8351524423022,216.80218505859375,396000,0.0,0.0
2021-09-27 00:00:00+09:00,215.80769213923702,217.7967031266954,212.8241756580494,214.8131866455078,190600,0.0,0.0
2021-09-28 00:00:00+09:00,213.8186757069714,213.8186757069714,209.84065383335331,210.8351593017578,272600,0.0,0.0
2021-09-29 00:00:00+09:00,208.846151048892,214.8131839360032,207.8516455677068,212.8241729736328,339800,0.0,0.0
2021-09-30 00:00:00+09:00,213.81867148659444,219.7857041792436,212.8241660378196,218.79119873046875,443800,0.0,0.0
2021-10-01 00:00:00+09:00,217.7967044812743,219.7857154811033,212.82417698170184,215.8076934814453,557400,0.0,0.0
2021-10-04 00:00:00+09:00,218.79120304899396,218.79120304899396,208.8461483649488,210.8351593017578,730100,0.0,0.0
2021-10-05 00:00:00+09:00,208.846147003897,209.8406524658203,200.89010330851045,209.8406524658203,965200,0.0,0.0
2021-10-06 00:00:00+09:00,212.8241756580494,220.78021960788303,211.8296701643202,214.8131866455078,842000,0.0,0.0
2021-10-07 00:00:00+09:00,212.8241729736328,214.8131839360032,210.8351620112624,212.8241729736328,355200,0.0,0.0
2021-10-08 00:00:00+09:00,210.83515514026988,219.7857041792436,210.83515514026988,218.79119873046875,550800,0.0,0.0
2021-10-11 00:00:00+09:00,218.79119733697203,218.79119733697203,214.8131755672089,217.79669189453125,278200,0.0,0.0
2021-10-12 00:00:00+09:00,217.79669328169388,219.7857041792436,215.80768238414416,218.79119873046875,267300,0.0,0.0
2021-10-13 00:00:00+09:00,218.79120018368675,218.79120018368675,207.85164017450242,208.8461456298828,968200,0.0,0.0
2021-10-14 00:00:00+09:00,208.84614971322074,211.8296661376953,206.85713876357102,211.8296661376953,327300,0.0,0.0
2021-10-15 00:00:00+09:00,210.8351620112624,212.8241729736328,207.8516455677068,212.8241729736328,269200,0.0,0.0
2021-10-18 00:00:00+09:00,212.82417023856686,214.8131811753759,210.8351593017578,210.8351593017578,165800,0.0,0.0
2021-10-19 00:00:00+09:00,209.8406596858327,210.83516518197408,203.87362670898438,203.87362670898438,748500,0.0,0.0
2021-10-20 00:00:00+09:00,205.862626515902,208.84614284221942,204.8681210737962,206.8571319580078,248800,0.0,0.0
2021-10-21 00:00:00+09:00,204.8681182861328,208.84614000042666,204.8681182861328,204.8681182861328,258900,0.0,0.0
2021-10-22 00:00:00+09:00,204.8681182861328,207.8516345718532,203.87361285755935,204.8681182861328,230400,0.0,0.0
2021-10-25 00:00:00+09:00,204.86812948593365,204.86812948593365,200.89010755416794,201.88461303710938,274400,0.0,0.0
2021-10-26 00:00:00+09:00,201.88460338058104,205.8626251220703,201.88460338058104,205.8626251220703,173200,0.0,0.0
2021-10-27 00:00:00+09:00,203.8736156316904,206.8571319580078,203.8736156316904,206.8571319580078,133500,0.0,0.0
2021-10-28 00:00:00+09:00,203.8736156316904,207.85163740011362,202.8791101895846,206.8571319580078,173200,0.0,0.0
2021-10-29 00:00:00+09:00,206.85713055744264,206.85713055744264,203.87361425132568,205.8626251220703,155800,0.0,0.0
2021-11-01 00:00:00+09:00,206.85713334517044,208.84614424272016,205.8626278963956,207.8516387939453,219800,0.0,0.0
2021-11-02 00:00:00+09:00,205.862626515902,207.85163740011362,204.8681210737962,206.8571319580078,88100,0.0,0.0
2021-11-04 00:00:00+09:00,204.868119686698,208.84614142818728,204.868119686698,205.8626251220703,310000,0.0,0.0
2021-11-05 00:00:00+09:00,204.8681182861328,206.85712914327974,200.89009657183897,204.8681182861328,489000,0.0,0.0
2021-11-08 00:00:00+09:00,205.862633582389,209.8406554873627,199.89560072492844,200.89010620117188,426600,0.0,0.0
2021-11-09 00:00:00+09:00,201.88460610129616,201.88460610129616,196.91207885742188,196.91207885742188,481000,0.0,0.0
2021-11-10 00:00:00+09:00,197.90659110534367,202.8791185200508,196.91208562240226,201.88461303710938,273200,0.0,0.0
2021-11-11 00:00:00+09:00,200.89010483471316,201.8846103041919,197.9065884262768,199.89559936523438,178500,0.0,0.0
2021-11-12 00:00:00+09:00,199.89560340432558,203.87362536262063,199.89560340432558,202.87911987304688,221300,0.0,0.0
2021-11-15 00:00:00+09:00,202.87910881595337,205.8626251220703,201.88460338058104,205.8626251220703,279900,0.0,0.0
2021-11-16 00:00:00+09:00,203.87361835298086,212.8241674514044,203.87361835298086,208.8461456298828,716300,0.0,0.0
2021-11-17 00:00:00+09:00,208.846141570205,220.78020680278814,208.846141570205,216.80218505859375,1023800,0.0,0.0
2021-11-18 00:00:00+09:00,215.80768381754558,215.80768381754558,207.85164017450242,208.8461456298828,585300,0.0,0.0
2021-11-19 00:00:00+09:00,207.85164154197366,211.82966338966696,204.86812515620372,209.8406524658203,487700,0.0,0.0
2021-11-22 00:00:00+09:00,211.8296578783508,219.78570136673954,210.8351524423022,216.80218505859375,992900,0.0,0.0
2021-11-24 00:00:00+09:00,218.7912086204246,219.78571411415382,212.8241756580494,214.8131866455078,298300,0.0,0.0
2021-11-25 00:00:00+09:00,216.8021935118196,216.8021935118196,207.85164423839586,211.8296661376953,365400,0.0,0.0
2021-11-26 00:00:00+09:00,207.85164017450242,208.8461456298828,204.86812380836125,208.8461456298828,305100,0.0,0.0
2021-11-29 00:00:00+09:00,198.9010911491049,204.86812388357805,197.90658569335938,197.90658569335938,576300,0.0,0.0
2021-11-30 00:00:00+09:00,201.88460610129616,203.87361699884588,195.917573408647,196.91207885742188,466100,0.0,0.0
2021-12-01 00:00:00+09:00,196.91207885742188,199.89559520374644,191.93955161354756,196.91207885742188,620200,0.0,0.0
2021-12-02 00:00:00+09:00,195.91757913160075,197.90659008725152,189.95054626464844,189.95054626464844,730300,0.0,0.0
2021-12-03 00:00:00+09:00,190.9450475031407,197.90658569335938,190.9450475031407,197.90658569335938,580000,0.0,0.0
2021-12-06 00:00:00+09:00,196.91207605478715,196.91207605478715,192.9340543163066,194.92306518554688,314300,0.0,0.0
2021-12-07 00:00:00+09:00,195.91757748731925,200.89010483471316,195.91757748731925,199.89559936523438,280100,0.0,0.0
2021-12-08 00:00:00+09:00,206.85714319740853,208.8461541896913,203.87362670898438,203.87362670898438,550000,0.0,0.0
2021-12-09 00:00:00+09:00,201.8846157167016,205.86263770126715,201.8846157167016,203.87362670898438,302800,0.0,0.0
2021-12-10 00:00:00+09:00,201.88460751634148,201.88460751634148,197.90658569335938,197.90658569335938,277700,0.0,0.0
2021-12-13 00:00:00+09:00,201.8846103041919,201.8846103041919,197.9065884262768,199.89559936523438,209600,0.0,0.0
2021-12-14 00:00:00+09:00,196.9120774632178,198.90108834668465,192.9340556962841,195.91757202148438,442700,0.0,0.0
2021-12-15 00:00:00+09:00,195.91757614135744,199.89559799194336,193.92856521606447,198.90109252929688,314400,0.0,0.0
2021-12-16 00:00:00+09:00,204.868119686698,206.85713055744264,200.8900979452087,205.8626251220703,738400,0.0,0.0
2021-12-17 00:00:00+09:00,201.88461303710938,202.8791185200508,198.9010965882851,201.88461303710938,392300,0.0,0.0
2021-12-20 00:00:00+09:00,196.91207463191105,198.90108548677884,191.9395474947416,193.92855834960938,578200,0.0,0.0
2021-12-21 00:00:00+09:00,193.92855834960938,195.91756920447716,190.9450420673077,193.92855834960938,419600,0.0,0.0
2021-12-22 00:00:00+09:00,188.95604213078818,194.9230750401815,187.96153664588928,190.94505310058594,495300,0.0,0.0
2021-12-23 00:00:00+09:00,190.94505310058594,195.91758052508038,190.94505310058594,190.94505310058594,418000,0.0,0.0
2021-12-24 00:00:00+09:00,191.9395487192515,191.9395487192515,183.98350524902344,183.98350524902344,960000,0.0,0.0
2021-12-27 00:00:00+09:00,182.98901098901098,182.98901098901098,177.02197802197801,181.0,1247700,0.0,0.0
2021-12-28 00:00:00+09:00,181.9945054945055,187.96153846153845,179.01098901098902,181.0,954700,0.0,0.0
2021-12-29 00:00:00+09:00,183.0,194.0,183.0,192.0,714200,1.0,0.0
2021-12-30 00:00:00+09:00,187.0,195.0,187.0,194.0,364600,0.0,0.0
2022-01-04 00:00:00+09:00,197.0,197.0,189.0,197.0,523200,0.0,0.0
2022-01-05 00:00:00+09:00,195.0,195.0,188.0,188.0,381000,0.0,0.0
2022-01-06 00:00:00+09:00,188.0,189.0,184.0,184.0,303200,0.0,0.0
2022-01-07 00:00:00+09:00,185.0,188.0,180.0,182.0,494000,0.0,0.0
2022-01-11 00:00:00+09:00,184.0,185.0,182.0,183.0,233500,0.0,0.0
2022-01-12 00:00:00+09:00,185.0,187.0,184.0,184.0,237000,0.0,0.0
2022-01-13 00:00:00+09:00,184.0,185.0,182.0,183.0,159000,0.0,0.0
2022-01-14 00:00:00+09:00,181.0,181.0,178.0,179.0,461200,0.0,0.0
2022-01-17 00:00:00+09:00,180.0,182.0,178.0,179.0,280100,0.0,0.0
2022-01-18 00:00:00+09:00,179.0,183.0,178.0,182.0,547000,0.0,0.0
2022-01-19 00:00:00+09:00,179.0,181.0,174.0,176.0,745600,0.0,0.0
2022-01-20 00:00:00+09:00,175.0,178.0,173.0,176.0,343400,0.0,0.0
2022-01-21 00:00:00+09:00,174.0,176.0,173.0,176.0,354900,0.0,0.0
2022-01-24 00:00:00+09:00,175.0,180.0,174.0,180.0,195600,0.0,0.0
2022-01-25 00:00:00+09:00,179.0,180.0,173.0,176.0,444700,0.0,0.0
2022-01-26 00:00:00+09:00,176.0,180.0,175.0,180.0,377900,0.0,0.0
2022-01-27 00:00:00+09:00,179.0,179.0,171.0,173.0,702100,0.0,0.0
2022-01-28 00:00:00+09:00,173.0,174.0,170.0,174.0,400400,0.0,0.0
2022-01-31 00:00:00+09:00,175.0,180.0,174.0,179.0,268000,0.0,0.0
2022-02-01 00:00:00+09:00,179.0,185.0,179.0,182.0,316200,0.0,0.0
2022-02-02 00:00:00+09:00,184.0,188.0,183.0,186.0,318800,0.0,0.0
2022-02-03 00:00:00+09:00,184.0,186.0,182.0,185.0,181200,0.0,0.0
2022-02-04 00:00:00+09:00,182.0,187.0,181.0,187.0,309200,0.0,0.0
2022-02-07 00:00:00+09:00,185.0,185.0,182.0,185.0,234000,0.0,0.0
2022-02-08 00:00:00+09:00,185.0,185.0,182.0,182.0,195900,0.0,0.0
2022-02-09 00:00:00+09:00,182.0,186.0,181.0,185.0,212400,0.0,0.0
2022-02-10 00:00:00+09:00,186.0,190.0,184.0,190.0,551600,0.0,0.0
2022-02-14 00:00:00+09:00,170.0,174.0,170.0,172.0,666300,0.0,0.0
2022-02-15 00:00:00+09:00,174.0,174.0,171.0,171.0,163200,0.0,0.0
2022-02-16 00:00:00+09:00,171.0,171.0,166.0,168.0,640400,0.0,0.0
2022-02-17 00:00:00+09:00,166.0,168.0,163.0,164.0,412100,0.0,0.0
2022-02-18 00:00:00+09:00,162.0,168.0,162.0,168.0,376200,0.0,0.0
2022-02-21 00:00:00+09:00,164.0,165.0,163.0,164.0,212900,0.0,0.0
2022-02-22 00:00:00+09:00,162.0,165.0,159.0,161.0,453900,0.0,0.0
2022-02-24 00:00:00+09:00,162.0,162.0,153.0,154.0,741300,0.0,0.0
2022-02-25 00:00:00+09:00,154.0,163.0,154.0,163.0,580800,0.0,0.0
2022-02-28 00:00:00+09:00,157.0,166.0,157.0,163.0,447600,0.0,0.0
2022-03-01 00:00:00+09:00,166.0,172.0,166.0,171.0,292600,0.0,0.0
2022-03-02 00:00:00+09:00,166.0,171.0,165.0,169.0,269200,0.0,0.0
2022-03-03 00:00:00+09:00,172.0,173.0,166.0,166.0,293600,0.0,0.0
2022-03-04 00:00:00+09:00,167.0,168.0,163.0,166.0,331700,0.0,0.0
2022-03-07 00:00:00+09:00,162.0,162.0,156.0,158.0,446000,0.0,0.0
2022-03-08 00:00:00+09:00,154.0,162.0,154.0,156.0,247800,0.0,0.0
2022-03-09 00:00:00+09:00,172.0,175.0,164.0,165.0,1615000,0.0,0.0
2022-03-10 00:00:00+09:00,172.0,174.0,169.0,174.0,526500,0.0,0.0
2022-03-11 00:00:00+09:00,173.0,175.0,171.0,174.0,364000,0.0,0.0
2022-03-14 00:00:00+09:00,171.0,174.0,169.0,174.0,383900,0.0,0.0
2022-03-15 00:00:00+09:00,171.0,177.0,170.0,177.0,233300,0.0,0.0
2022-03-16 00:00:00+09:00,178.0,181.0,177.0,181.0,282400,0.0,0.0
2022-03-17 00:00:00+09:00,181.0,185.0,181.0,184.0,282300,0.0,0.0
2022-03-18 00:00:00+09:00,181.0,187.0,181.0,185.0,381900,0.0,0.0
2022-03-22 00:00:00+09:00,188.0,188.0,181.0,183.0,317100,0.0,0.0
2022-03-23 00:00:00+09:00,183.0,188.0,182.0,186.0,334200,0.0,0.0
2022-03-24 00:00:00+09:00,182.0,191.0,182.0,191.0,351200,0.0,0.0
2022-03-25 00:00:00+09:00,190.0,194.0,189.0,191.0,408900,0.0,0.0
2022-03-28 00:00:00+09:00,192.0,192.0,189.0,189.0,236100,0.0,0.0
2022-03-29 00:00:00+09:00,191.0,206.0,191.0,206.0,940900,0.0,0.0
2022-03-30 00:00:00+09:00,206.0,215.0,206.0,213.0,1081500,0.0,0.0
2022-03-31 00:00:00+09:00,212.0,223.0,206.0,217.0,1239300,0.0,0.0
2022-04-01 00:00:00+09:00,213.0,223.0,210.0,222.0,568700,0.0,0.0
2022-04-04 00:00:00+09:00,223.0,223.0,207.0,214.0,852600,0.0,0.0
2022-04-05 00:00:00+09:00,214.0,225.0,213.0,225.0,865600,0.0,0.0
2022-04-06 00:00:00+09:00,223.0,227.0,220.0,226.0,471200,0.0,0.0
2022-04-07 00:00:00+09:00,224.0,230.0,221.0,223.0,762300,0.0,0.0
2022-04-08 00:00:00+09:00,222.0,222.0,212.0,216.0,474600,0.0,0.0
2022-04-11 00:00:00+09:00,214.0,215.0,202.0,206.0,547700,0.0,0.0
2022-04-12 00:00:00+09:00,205.0,211.0,202.0,203.0,288700,0.0,0.0
2022-04-13 00:00:00+09:00,204.0,208.0,203.0,208.0,227700,0.0,0.0
2022-04-14 00:00:00+09:00,209.0,211.0,201.0,202.0,303800,0.0,0.0
2022-04-15 00:00:00+09:00,202.0,202.0,199.0,201.0,206300,0.0,0.0
2022-04-18 00:00:00+09:00,198.0,200.0,196.0,199.0,137100,0.0,0.0
2022-04-19 00:00:00+09:00,198.0,201.0,198.0,199.0,108800,0.0,0.0
2022-04-20 00:00:00+09:00,198.0,199.0,192.0,192.0,259700,0.0,0.0
2022-04-21 00:00:00+09:00,193.0,196.0,188.0,195.0,288500,0.0,0.0
2022-04-22 00:00:00+09:00,192.0,194.0,187.0,190.0,255200,0.0,0.0
2022-04-25 00:00:00+09:00,187.0,190.0,187.0,190.0,123400,0.0,0.0
2022-04-26 00:00:00+09:00,191.0,194.0,191.0,193.0,89800,0.0,0.0
2022-04-27 00:00:00+09:00,190.0,194.0,187.0,194.0,245800,0.0,0.0
2022-04-28 00:00:00+09:00,193.0,193.0,188.0,190.0,211500,0.0,0.0
2022-05-02 00:00:00+09:00,192.0,193.0,188.0,191.0,214300,0.0,0.0
2022-05-06 00:00:00+09:00,191.0,195.0,187.0,192.0,298500,0.0,0.0
2022-05-09 00:00:00+09:00,194.0,198.0,180.0,181.0,547300,0.0,0.0
2022-05-10 00:00:00+09:00,182.0,183.0,178.0,181.0,217600,0.0,0.0
2022-05-11 00:00:00+09:00,181.0,185.0,179.0,184.0,163900,0.0,0.0
2022-05-12 00:00:00+09:00,183.0,183.0,173.0,173.0,316200,0.0,0.0
2022-05-13 00:00:00+09:00,171.0,183.0,171.0,181.0,221600,0.0,0.0
2022-05-16 00:00:00+09:00,179.0,183.0,179.0,180.0,191000,0.0,0.0
2022-05-17 00:00:00+09:00,179.0,181.0,177.0,178.0,183700,0.0,0.0
2022-05-18 00:00:00+09:00,179.0,186.0,179.0,186.0,431000,0.0,0.0
2022-05-19 00:00:00+09:00,182.0,184.0,180.0,182.0,245700,0.0,0.0
2022-05-20 00:00:00+09:00,181.0,185.0,180.0,184.0,193700,0.0,0.0
2022-05-23 00:00:00+09:00,184.0,187.0,184.0,187.0,162600,0.0,0.0
2022-05-24 00:00:00+09:00,186.0,187.0,181.0,181.0,209200,0.0,0.0
2022-05-25 00:00:00+09:00,181.0,181.0,178.0,178.0,110600,0.0,0.0
2022-05-26 00:00:00+09:00,178.0,182.0,178.0,179.0,92000,0.0,0.0
2022-05-27 00:00:00+09:00,181.0,182.0,179.0,182.0,86700,0.0,0.0
2022-05-30 00:00:00+09:00,182.0,186.0,180.0,186.0,201000,0.0,0.0
2022-05-31 00:00:00+09:00,186.0,187.0,183.0,186.0,195900,0.0,0.0
2022-06-01 00:00:00+09:00,186.0,197.0,185.0,191.0,588000,0.0,0.0
2022-06-02 00:00:00+09:00,190.0,191.0,187.0,188.0,244600,0.0,0.0
2022-06-03 00:00:00+09:00,192.0,197.0,191.0,197.0,369000,0.0,0.0
2022-06-06 00:00:00+09:00,195.0,199.0,193.0,195.0,286400,0.0,0.0
2022-06-07 00:00:00+09:00,196.0,196.0,190.0,190.0,223200,0.0,0.0
2022-06-08 00:00:00+09:00,188.0,195.0,188.0,195.0,209500,0.0,0.0
2022-06-09 00:00:00+09:00,194.0,198.0,193.0,198.0,273300,0.0,0.0
2022-06-10 00:00:00+09:00,196.0,196.0,193.0,193.0,177700,0.0,0.0
2022-06-13 00:00:00+09:00,189.0,192.0,189.0,191.0,193600,0.0,0.0
2022-06-14 00:00:00+09:00,189.0,192.0,187.0,192.0,223200,0.0,0.0
2022-06-15 00:00:00+09:00,193.0,195.0,186.0,186.0,291900,0.0,0.0
2022-06-16 00:00:00+09:00,188.0,191.0,182.0,182.0,260400,0.0,0.0
2022-06-17 00:00:00+09:00,178.0,184.0,177.0,183.0,260500,0.0,0.0
2022-06-20 00:00:00+09:00,183.0,183.0,177.0,181.0,230400,0.0,0.0
2022-06-21 00:00:00+09:00,182.0,188.0,182.0,185.0,176600,0.0,0.0
2022-06-22 00:00:00+09:00,187.0,187.0,181.0,181.0,162300,0.0,0.0
2022-06-23 00:00:00+09:00,181.0,185.0,181.0,184.0,65200,0.0,0.0
2022-06-24 00:00:00+09:00,183.0,187.0,183.0,186.0,155300,0.0,0.0
2022-06-27 00:00:00+09:00,188.0,188.0,185.0,185.0,191900,0.0,0.0
2022-06-28 00:00:00+09:00,185.0,188.0,184.0,188.0,201800,0.0,0.0
2022-06-29 00:00:00+09:00,185.0,186.0,184.0,184.0,141800,0.0,0.0
2022-06-30 00:00:00+09:00,184.0,185.0,181.0,183.0,123400,0.0,0.0
2022-07-01 00:00:00+09:00,182.0,182.0,178.0,180.0,179700,0.0,0.0
2022-07-04 00:00:00+09:00,180.0,181.0,176.0,178.0,358800,0.0,0.0
2022-07-05 00:00:00+09:00,178.0,185.0,178.0,182.0,277700,0.0,0.0
2022-07-06 00:00:00+09:00,182.0,185.0,181.0,181.0,140900,0.0,0.0
2022-07-07 00:00:00+09:00,184.0,184.0,180.0,180.0,82400,0.0,0.0
2022-07-08 00:00:00+09:00,182.0,185.0,182.0,182.0,146600,0.0,0.0
2022-07-11 00:00:00+09:00,183.0,184.0,181.0,182.0,86500,0.0,0.0
2022-07-12 00:00:00+09:00,181.0,181.0,179.0,180.0,111500,0.0,0.0
2022-07-13 00:00:00+09:00,179.0,181.0,179.0,181.0,56700,0.0,0.0
2022-07-14 00:00:00+09:00,180.0,182.0,179.0,181.0,59200,0.0,0.0
2022-07-15 00:00:00+09:00,181.0,183.0,181.0,183.0,116700,0.0,0.0
2022-07-19 00:00:00+09:00,183.0,185.0,179.0,185.0,219800,0.0,0.0
2022-07-20 00:00:00+09:00,185.0,187.0,183.0,183.0,193300,0.0,0.0
2022-07-21 00:00:00+09:00,187.0,203.0,187.0,200.0,1405200,0.0,0.0
2022-07-22 00:00:00+09:00,200.0,200.0,196.0,197.0,410000,0.0,0.0
2022-07-25 00:00:00+09:00,194.0,194.0,190.0,191.0,348700,0.0,0.0
2022-07-26 00:00:00+09:00,193.0,196.0,190.0,195.0,181900,0.0,0.0
2022-07-27 00:00:00+09:00,192.0,194.0,190.0,192.0,173900,0.0,0.0
2022-07-28 00:00:00+09:00,193.0,194.0,191.0,191.0,113400,0.0,0.0
2022-07-29 00:00:00+09:00,193.0,196.0,192.0,193.0,245200,0.0,0.0
2022-08-01 00:00:00+09:00,194.0,198.0,193.0,196.0,272800,0.0,0.0
2022-08-02 00:00:00+09:00,195.0,196.0,193.0,196.0,120500,0.0,0.0
2022-08-03 00:00:00+09:00,197.0,200.0,196.0,196.0,293000,0.0,0.0
2022-08-04 00:00:00+09:00,197.0,200.0,196.0,198.0,357800,0.0,0.0
2022-08-05 00:00:00+09:00,198.0,198.0,192.0,196.0,390600,0.0,0.0
2022-08-08 00:00:00+09:00,186.0,187.0,181.0,181.0,786000,0.0,0.0
2022-08-09 00:00:00+09:00,181.0,182.0,179.0,181.0,368400,0.0,0.0
2022-08-10 00:00:00+09:00,181.0,181.0,179.0,179.0,226700,0.0,0.0
2022-08-12 00:00:00+09:00,180.0,181.0,179.0,180.0,130800,0.0,0.0
2022-08-15 00:00:00+09:00,180.0,182.0,179.0,181.0,165000,0.0,0.0
2022-08-16 00:00:00+09:00,181.0,184.0,181.0,183.0,271800,0.0,0.0
2022-08-17 00:00:00+09:00,182.0,185.0,182.0,183.0,195800,0.0,0.0
2022-08-18 00:00:00+09:00,182.0,186.0,182.0,184.0,168700,0.0,0.0
2022-08-19 00:00:00+09:00,185.0,186.0,183.0,185.0,171100,0.0,0.0
2022-08-22 00:00:00+09:00,183.0,183.0,181.0,182.0,136500,0.0,0.0
2022-08-23 00:00:00+09:00,181.0,183.0,181.0,183.0,72100,0.0,0.0
2022-08-24 00:00:00+09:00,182.0,184.0,181.0,181.0,96400,0.0,0.0
2022-08-25 00:00:00+09:00,182.0,184.0,181.0,182.0,83300,0.0,0.0
2022-08-26 00:00:00+09:00,183.0,184.0,182.0,182.0,104600,0.0,0.0
2022-08-29 00:00:00+09:00,181.0,183.0,180.0,183.0,119700,0.0,0.0
2022-08-30 00:00:00+09:00,182.0,183.0,181.0,181.0,126900,0.0,0.0
2022-08-31 00:00:00+09:00,183.0,185.0,182.0,185.0,169100,0.0,0.0
2022-09-01 00:00:00+09:00,183.0,184.0,181.0,181.0,225400,0.0,0.0
2022-09-02 00:00:00+09:00,181.0,181.0,178.0,179.0,289100,0.0,0.0
2022-09-05 00:00:00+09:00,179.0,183.0,179.0,180.0,111400,0.0,0.0
2022-09-06 00:00:00+09:00,182.0,183.0,180.0,180.0,147600,0.0,0.0
2022-09-07 00:00:00+09:00,182.0,182.0,178.0,179.0,185800,0.0,0.0
2022-09-08 00:00:00+09:00,180.0,180.0,178.0,179.0,210800,0.0,0.0
2022-09-09 00:00:00+09:00,180.0,182.0,180.0,180.0,68200,0.0,0.0
2022-09-12 00:00:00+09:00,182.0,182.0,180.0,182.0,255300,0.0,0.0
2022-09-13 00:00:00+09:00,182.0,184.0,180.0,181.0,186400,0.0,0.0
2022-09-14 00:00:00+09:00,180.0,183.0,179.0,181.0,116000,0.0,0.0
2022-09-15 00:00:00+09:00,181.0,182.0,179.0,180.0,147200,0.0,0.0
2022-09-16 00:00:00+09:00,179.0,179.0,176.0,176.0,349200,0.0,0.0
2022-09-20 00:00:00+09:00,177.0,178.0,174.0,175.0,386000,0.0,0.0
2022-09-21 00:00:00+09:00,174.0,175.0,171.0,172.0,276400,0.0,0.0
2022-09-22 00:00:00+09:00,172.0,175.0,170.0,173.0,169300,0.0,0.0
2022-09-26 00:00:00+09:00,171.0,173.0,169.0,169.0,124200,0.0,0.0
2022-09-27 00:00:00+09:00,169.0,171.0,169.0,171.0,128500,0.0,0.0
2022-09-28 00:00:00+09:00,170.0,171.0,157.0,163.0,483200,0.0,0.0
2022-09-29 00:00:00+09:00,165.0,168.0,163.0,166.0,251800,0.0,0.0
2022-09-30 00:00:00+09:00,164.0,166.0,161.0,162.0,340100,0.0,0.0
2022-10-03 00:00:00+09:00,161.0,164.0,160.0,161.0,214000,0.0,0.0
2022-10-04 00:00:00+09:00,164.0,166.0,162.0,166.0,224900,0.0,0.0
2022-10-05 00:00:00+09:00,166.0,167.0,164.0,165.0,111300,0.0,0.0
2022-10-06 00:00:00+09:00,166.0,169.0,165.0,169.0,133500,0.0,0.0
2022-10-07 00:00:00+09:00,165.0,169.0,165.0,169.0,100500,0.0,0.0
2022-10-11 00:00:00+09:00,166.0,170.0,165.0,168.0,261800,0.0,0.0
2022-10-12 00:00:00+09:00,168.0,168.0,163.0,164.0,150800,0.0,0.0
2022-10-13 00:00:00+09:00,165.0,165.0,161.0,161.0,147900,0.0,0.0
2022-10-14 00:00:00+09:00,163.0,166.0,162.0,164.0,138300,0.0,0.0
2022-10-17 00:00:00+09:00,164.0,168.0,163.0,167.0,134600,0.0,0.0
2022-10-18 00:00:00+09:00,167.0,170.0,166.0,168.0,155000,0.0,0.0
2022-10-19 00:00:00+09:00,168.0,170.0,168.0,170.0,75000,0.0,0.0
2022-10-20 00:00:00+09:00,170.0,171.0,168.0,168.0,115100,0.0,0.0
2022-10-21 00:00:00+09:00,170.0,170.0,167.0,167.0,86700,0.0,0.0
2022-10-24 00:00:00+09:00,168.0,168.0,166.0,167.0,46000,0.0,0.0
2022-10-25 00:00:00+09:00,167.0,174.0,166.0,170.0,263100,0.0,0.0
2022-10-26 00:00:00+09:00,172.0,173.0,171.0,173.0,80800,0.0,0.0
2022-10-27 00:00:00+09:00,172.0,175.0,171.0,173.0,114700,0.0,0.0
2022-10-28 00:00:00+09:00,173.0,174.0,172.0,174.0,63800,0.0,0.0
2022-10-31 00:00:00+09:00,174.0,174.0,172.0,173.0,111000,0.0,0.0
2022-11-01 00:00:00+09:00,173.0,173.0,170.0,170.0,72000,0.0,0.0
2022-11-02 00:00:00+09:00,167.0,174.0,167.0,171.0,184500,0.0,0.0
2022-11-04 00:00:00+09:00,171.0,172.0,168.0,168.0,257500,0.0,0.0
2022-11-07 00:00:00+09:00,177.0,177.0,168.0,172.0,552000,0.0,0.0
2022-11-08 00:00:00+09:00,172.0,177.0,171.0,174.0,447200,0.0,0.0
2022-11-09 00:00:00+09:00,174.0,177.0,173.0,176.0,138800,0.0,0.0
2022-11-10 00:00:00+09:00,176.0,176.0,174.0,174.0,82800,0.0,0.0
2022-11-11 00:00:00+09:00,176.0,176.0,173.0,176.0,106900,0.0,0.0
2022-11-14 00:00:00+09:00,176.0,178.0,173.0,173.0,310600,0.0,0.0
2022-11-15 00:00:00+09:00,174.0,175.0,173.0,173.0,87200,0.0,0.0
2022-11-16 00:00:00+09:00,174.0,175.0,171.0,171.0,154500,0.0,0.0
2022-11-17 00:00:00+09:00,171.0,174.0,171.0,171.0,147700,0.0,0.0
2022-11-18 00:00:00+09:00,172.0,173.0,171.0,171.0,71400,0.0,0.0
2022-11-21 00:00:00+09:00,173.0,173.0,170.0,171.0,96600,0.0,0.0
2022-11-22 00:00:00+09:00,170.0,171.0,170.0,170.0,80400,0.0,0.0
2022-11-24 00:00:00+09:00,170.0,172.0,170.0,170.0,95000,0.0,0.0
2022-11-25 00:00:00+09:00,170.0,170.0,169.0,169.0,97700,0.0,0.0
2022-11-28 00:00:00+09:00,169.0,170.0,168.0,168.0,83900,0.0,0.0
2022-11-29 00:00:00+09:00,168.0,169.0,167.0,168.0,99600,0.0,0.0
2022-11-30 00:00:00+09:00,168.0,168.0,167.0,167.0,87000,0.0,0.0
2022-12-01 00:00:00+09:00,167.0,168.0,166.0,168.0,124200,0.0,0.0
2022-12-02 00:00:00+09:00,166.0,168.0,166.0,166.0,155400,0.0,0.0
2022-12-05 00:00:00+09:00,166.0,166.0,164.0,164.0,128000,0.0,0.0
2022-12-06 00:00:00+09:00,163.0,163.0,159.0,162.0,171400,0.0,0.0
2022-12-07 00:00:00+09:00,162.0,164.0,161.0,163.0,81200,0.0,0.0
2022-12-08 00:00:00+09:00,163.0,163.0,161.0,161.0,126100,0.0,0.0
2022-12-09 00:00:00+09:00,161.0,163.0,161.0,161.0,161500,0.0,0.0
2022-12-12 00:00:00+09:00,162.0,164.0,161.0,162.0,110000,0.0,0.0
2022-12-13 00:00:00+09:00,163.0,163.0,161.0,162.0,139200,0.0,0.0
2022-12-14 00:00:00+09:00,162.0,166.0,162.0,165.0,202000,0.0,0.0
2022-12-15 00:00:00+09:00,165.0,170.0,164.0,168.0,256500,0.0,0.0
2022-12-16 00:00:00+09:00,171.0,180.0,169.0,178.0,1025200,0.0,0.0
2022-12-19 00:00:00+09:00,175.0,176.0,166.0,166.0,353400,0.0,0.0
2022-12-20 00:00:00+09:00,168.0,168.0,162.0,165.0,251800,0.0,0.0
2022-12-21 00:00:00+09:00,165.0,166.0,162.0,163.0,274800,0.0,0.0
2022-12-22 00:00:00+09:00,163.0,163.0,161.0,162.0,138900,0.0,0.0
2022-12-23 00:00:00+09:00,162.0,162.0,159.0,159.0,251800,0.0,0.0
2022-12-26 00:00:00+09:00,161.0,161.0,158.0,158.0,186300,0.0,0.0
2022-12-27 00:00:00+09:00,160.0,160.0,158.0,159.0,181600,0.0,0.0
2022-12-28 00:00:00+09:00,160.0,160.0,157.0,157.0,309500,0.0,0.0
2022-12-29 00:00:00+09:00,157.0,162.0,156.0,162.0,139200,0.0,0.0
2022-12-30 00:00:00+09:00,161.0,164.0,161.0,163.0,156300,0.0,0.0
2023-01-04 00:00:00+09:00,161.0,163.0,160.0,160.0,78200,0.0,0.0
2023-01-05 00:00:00+09:00,160.0,162.0,160.0,160.0,55800,0.0,0.0
2023-01-06 00:00:00+09:00,160.0,162.0,159.0,162.0,85100,0.0,0.0
2023-01-10 00:00:00+09:00,162.0,166.0,161.0,166.0,208900,0.0,0.0
2023-01-11 00:00:00+09:00,167.0,168.0,165.0,166.0,115600,0.0,0.0
2023-01-12 00:00:00+09:00,166.0,166.0,164.0,165.0,108600,0.0,0.0
2023-01-13 00:00:00+09:00,164.0,166.0,162.0,164.0,149900,0.0,0.0
2023-01-16 00:00:00+09:00,163.0,164.0,161.0,161.0,120700,0.0,0.0
2023-01-17 00:00:00+09:00,160.0,162.0,160.0,160.0,87600,0.0,0.0
2023-01-18 00:00:00+09:00,161.0,164.0,161.0,163.0,148800,0.0,0.0
2023-01-19 00:00:00+09:00,162.0,164.0,162.0,164.0,36000,0.0,0.0
2023-01-20 00:00:00+09:00,162.0,165.0,162.0,165.0,72700,0.0,0.0
2023-01-23 00:00:00+09:00,165.0,168.0,164.0,167.0,122200,0.0,0.0
2023-01-24 00:00:00+09:00,167.0,167.0,164.0,164.0,161500,0.0,0.0
2023-01-25 00:00:00+09:00,164.0,168.0,164.0,165.0,155500,0.0,0.0
2023-01-26 00:00:00+09:00,166.0,169.0,165.0,169.0,179800,0.0,0.0
2023-01-27 00:00:00+09:00,169.0,170.0,166.0,167.0,166200,0.0,0.0
2023-01-30 00:00:00+09:00,168.0,169.0,164.0,164.0,153200,0.0,0.0
2023-01-31 00:00:00+09:00,166.0,167.0,164.0,165.0,57900,0.0,0.0
2023-02-01 00:00:00+09:00,164.0,166.0,164.0,166.0,101200,0.0,0.0
2023-02-02 00:00:00+09:00,167.0,168.0,162.0,162.0,159400,0.0,0.0
2023-02-03 00:00:00+09:00,163.0,171.0,163.0,169.0,497600,0.0,0.0
2023-02-06 00:00:00+09:00,170.0,170.0,166.0,167.0,192600,0.0,0.0
2023-02-07 00:00:00+09:00,167.0,169.0,166.0,167.0,110500,0.0,0.0
2023-02-08 00:00:00+09:00,167.0,170.0,167.0,169.0,103400,0.0,0.0
2023-02-09 00:00:00+09:00,169.0,174.0,168.0,174.0,317700,0.0,0.0
2023-02-10 00:00:00+09:00,173.0,174.0,168.0,169.0,296500,0.0,0.0
2023-02-13 00:00:00+09:00,152.0,155.0,150.0,151.0,1041800,0.0,0.0
2023-02-14 00:00:00+09:00,152.0,154.0,150.0,151.0,323100,0.0,0.0
2023-02-15 00:00:00+09:00,150.0,150.0,141.0,144.0,1384000,0.0,0.0
2023-02-16 00:00:00+09:00,144.0,147.0,143.0,147.0,405000,0.0,0.0
2023-02-17 00:00:00+09:00,147.0,152.0,146.0,147.0,350900,0.0,0.0
2023-02-20 00:00:00+09:00,148.0,148.0,145.0,147.0,158500,0.0,0.0
2023-02-21 00:00:00+09:00,147.0,150.0,147.0,147.0,154000,0.0,0.0
2023-02-22 00:00:00+09:00,147.0,149.0,147.0,149.0,111300,0.0,0.0
2023-02-24 00:00:00+09:00,150.0,150.0,147.0,147.0,106900,0.0,0.0
2023-02-27 00:00:00+09:00,149.0,149.0,147.0,149.0,111700,0.0,0.0
2023-02-28 00:00:00+09:00,148.0,151.0,147.0,151.0,237100,0.0,0.0
2023-03-01 00:00:00+09:00,149.0,150.0,148.0,150.0,115700,0.0,0.0
2023-03-02 00:00:00+09:00,150.0,150.0,148.0,148.0,53900,0.0,0.0
2023-03-03 00:00:00+09:00,149.0,150.0,149.0,149.0,92800,0.0,0.0
2023-03-06 00:00:00+09:00,150.0,150.0,149.0,149.0,131100,0.0,0.0
2023-03-07 00:00:00+09:00,150.0,152.0,149.0,150.0,140600,0.0,0.0
2023-03-08 00:00:00+09:00,152.0,154.0,150.0,150.0,391500,0.0,0.0
2023-03-09 00:00:00+09:00,151.0,151.0,149.0,151.0,180900,0.0,0.0
2023-03-10 00:00:00+09:00,150.0,151.0,147.0,147.0,242400,0.0,0.0
2023-03-13 00:00:00+09:00,146.0,148.0,145.0,148.0,186900,0.0,0.0
2023-03-14 00:00:00+09:00,146.0,147.0,143.0,144.0,310900,0.0,0.0
2023-03-15 00:00:00+09:00,146.0,146.0,143.0,143.0,189900,0.0,0.0
2023-03-16 00:00:00+09:00,142.0,144.0,141.0,141.0,165800,0.0,0.0
2023-03-17 00:00:00+09:00,143.0,144.0,142.0,144.0,74500,0.0,0.0
2023-03-20 00:00:00+09:00,143.0,144.0,140.0,142.0,227700,0.0,0.0
2023-03-22 00:00:00+09:00,144.0,144.0,142.0,143.0,37200,0.0,0.0
2023-03-23 00:00:00+09:00,142.0,143.0,141.0,142.0,122100,0.0,0.0
2023-03-24 00:00:00+09:00,143.0,143.0,141.0,142.0,104400,0.0,0.0
2023-03-27 00:00:00+09:00,142.0,143.0,141.0,142.0,103700,0.0,0.0
2023-03-28 00:00:00+09:00,142.0,145.0,141.0,145.0,227800,0.0,0.0
2023-03-29 00:00:00+09:00,143.0,146.0,143.0,145.0,101800,0.0,0.0
2023-03-30 00:00:00+09:00,146.0,150.0,146.0,148.0,199500,0.0,0.0
2023-03-31 00:00:00+09:00,148.0,150.0,147.0,147.0,80700,0.0,0.0
2023-04-03 00:00:00+09:00,147.0,150.0,147.0,147.0,96900,0.0,0.0
2023-04-04 00:00:00+09:00,147.0,149.0,145.0,145.0,182200,0.0,0.0
2023-04-05 00:00:00+09:00,145.0,147.0,144.0,144.0,187200,0.0,0.0
2023-04-06 00:00:00+09:00,143.0,144.0,142.0,143.0,112800,0.0,0.0
2023-04-07 00:00:00+09:00,143.0,144.0,142.0,143.0,51800,0.0,0.0
2023-04-10 00:00:00+09:00,147.0,147.0,143.0,145.0,177600,0.0,0.0
2023-04-11 00:00:00+09:00,145.0,147.0,145.0,146.0,67200,0.0,0.0
2023-04-12 00:00:00+09:00,145.0,149.0,144.0,149.0,200200,0.0,0.0
2023-04-13 00:00:00+09:00,147.0,149.0,147.0,149.0,61200,0.0,0.0
2023-04-14 00:00:00+09:00,148.0,149.0,148.0,148.0,40600,0.0,0.0
2023-04-17 00:00:00+09:00,146.0,147.0,144.0,144.0,267400,0.0,0.0
2023-04-18 00:00:00+09:00,144.0,147.0,144.0,146.0,122000,0.0,0.0
2023-04-19 00:00:00+09:00,147.0,148.0,145.0,148.0,105800,0.0,0.0
2023-04-20 00:00:00+09:00,145.0,148.0,145.0,146.0,120600,0.0,0.0
2023-04-21 00:00:00+09:00,146.0,147.0,143.0,145.0,364400,0.0,0.0
2023-04-24 00:00:00+09:00,144.0,146.0,143.0,144.0,220400,0.0,0.0
2023-04-25 00:00:00+09:00,143.0,144.0,142.0,142.0,91400,0.0,0.0
2023-04-26 00:00:00+09:00,142.0,143.0,141.0,141.0,56800,0.0,0.0
2023-04-27 00:00:00+09:00,141.0,143.0,141.0,141.0,79200,0.0,0.0
2023-04-28 00:00:00+09:00,142.0,143.0,141.0,142.0,102700,0.0,0.0
2023-05-01 00:00:00+09:00,143.0,145.0,142.0,145.0,138600,0.0,0.0
2023-05-02 00:00:00+09:00,143.0,146.0,142.0,146.0,250800,0.0,0.0
2023-05-08 00:00:00+09:00,142.0,143.0,141.0,143.0,246800,0.0,0.0
2023-05-09 00:00:00+09:00,142.0,143.0,141.0,141.0,199600,0.0,0.0
2023-05-10 00:00:00+09:00,141.0,141.0,139.0,139.0,302600,0.0,0.0
2023-05-11 00:00:00+09:00,138.0,139.0,138.0,139.0,201600,0.0,0.0
2023-05-12 00:00:00+09:00,140.0,140.0,137.0,138.0,179900,0.0,0.0
2023-05-15 00:00:00+09:00,137.0,138.0,136.0,136.0,182400,0.0,0.0
2023-05-16 00:00:00+09:00,137.0,137.0,134.0,134.0,261400,0.0,0.0
2023-05-17 00:00:00+09:00,135.0,135.0,133.0,135.0,209200,0.0,0.0
2023-05-18 00:00:00+09:00,134.0,134.0,130.0,132.0,340600,0.0,0.0
2023-05-19 00:00:00+09:00,130.0,133.0,130.0,131.0,219600,0.0,0.0
2023-05-22 00:00:00+09:00,132.0,133.0,131.0,133.0,98400,0.0,0.0
2023-05-23 00:00:00+09:00,133.0,134.0,131.0,131.0,120200,0.0,0.0
2023-05-24 00:00:00+09:00,131.0,133.0,131.0,132.0,94700,0.0,0.0
2023-05-25 00:00:00+09:00,133.0,133.0,131.0,131.0,98600,0.0,0.0
2023-05-26 00:00:00+09:00,132.0,132.0,129.0,129.0,161800,0.0,0.0
2023-05-29 00:00:00+09:00,133.0,144.0,133.0,136.0,1742800,0.0,0.0
2023-05-30 00:00:00+09:00,136.0,142.0,134.0,139.0,822700,0.0,0.0
2023-05-31 00:00:00+09:00,140.0,140.0,136.0,137.0,207900,0.0,0.0
2023-06-01 00:00:00+09:00,138.0,143.0,136.0,138.0,323100,0.0,0.0
2023-06-02 00:00:00+09:00,139.0,139.0,136.0,136.0,164900,0.0,0.0
2023-06-05 00:00:00+09:00,138.0,139.0,136.0,139.0,257500,0.0,0.0
2023-06-06 00:00:00+09:00,138.0,139.0,136.0,136.0,260100,0.0,0.0
2023-06-07 00:00:00+09:00,138.0,139.0,137.0,137.0,289100,0.0,0.0
2023-06-08 00:00:00+09:00,138.0,138.0,133.0,133.0,350500,0.0,0.0
2023-06-09 00:00:00+09:00,134.0,135.0,133.0,134.0,109000,0.0,0.0
2023-06-12 00:00:00+09:00,135.0,140.0,135.0,137.0,340700,0.0,0.0
2023-06-13 00:00:00+09:00,137.0,139.0,137.0,138.0,302700,0.0,0.0
2023-06-14 00:00:00+09:00,140.0,140.0,136.0,136.0,235600,0.0,0.0
2023-06-15 00:00:00+09:00,136.0,136.0,133.0,133.0,200900,0.0,0.0
2023-06-16 00:00:00+09:00,153.0,172.0,146.0,147.0,23511500,0.0,0.0
2023-06-19 00:00:00+09:00,152.0,160.0,147.0,157.0,3406900,0.0,0.0
2023-06-20 00:00:00+09:00,158.0,158.0,147.0,147.0,1881100,0.0,0.0
2023-06-21 00:00:00+09:00,149.0,154.0,146.0,150.0,1007000,0.0,0.0
2023-06-22 00:00:00+09:00,149.0,152.0,145.0,148.0,932900,0.0,0.0
2023-06-23 00:00:00+09:00,150.0,154.0,148.0,149.0,991600,0.0,0.0
2023-06-26 00:00:00+09:00,147.0,149.0,144.0,145.0,557700,0.0,0.0
2023-06-27 00:00:00+09:00,144.0,144.0,140.0,140.0,402900,0.0,0.0
2023-06-28 00:00:00+09:00,140.0,143.0,140.0,142.0,192500,0.0,0.0
2023-06-29 00:00:00+09:00,143.0,147.0,141.0,146.0,473300,0.0,0.0
2023-06-30 00:00:00+09:00,145.0,145.0,142.0,144.0,394200,0.0,0.0
2023-07-03 00:00:00+09:00,143.0,147.0,142.0,144.0,244100,0.0,0.0
2023-07-04 00:00:00+09:00,143.0,148.0,142.0,147.0,431800,0.0,0.0
2023-07-05 00:00:00+09:00,147.0,148.0,145.0,146.0,302800,0.0,0.0
2023-07-06 00:00:00+09:00,145.0,146.0,142.0,142.0,302100,0.0,0.0
2023-07-07 00:00:00+09:00,142.0,155.0,142.0,153.0,1672300,0.0,0.0
2023-07-10 00:00:00+09:00,150.0,153.0,148.0,150.0,430000,0.0,0.0
2023-07-11 00:00:00+09:00,148.0,154.0,148.0,152.0,511400,0.0,0.0
2023-07-12 00:00:00+09:00,151.0,153.0,149.0,149.0,332500,0.0,0.0
2023-07-13 00:00:00+09:00,148.0,154.0,145.0,154.0,582100,0.0,0.0
2023-07-14 00:00:00+09:00,153.0,156.0,151.0,151.0,522600,0.0,0.0
2023-07-18 00:00:00+09:00,152.0,156.0,152.0,152.0,439000,0.0,0.0
2023-07-19 00:00:00+09:00,152.0,153.0,148.0,150.0,341100,0.0,0.0
2023-07-20 00:00:00+09:00,150.0,150.0,148.0,150.0,117800,0.0,0.0
2023-07-21 00:00:00+09:00,148.0,149.0,146.0,146.0,225400,0.0,0.0
2023-07-24 00:00:00+09:00,148.0,150.0,145.0,146.0,255700,0.0,0.0
2023-07-25 00:00:00+09:00,146.0,148.0,145.0,145.0,100900,0.0,0.0
2023-07-26 00:00:00+09:00,145.0,147.0,145.0,147.0,108500,0.0,0.0
2023-07-27 00:00:00+09:00,145.0,147.0,145.0,146.0,46200,0.0,0.0
2023-07-28 00:00:00+09:00,144.0,146.0,143.0,144.0,276300,0.0,0.0
2023-07-31 00:00:00+09:00,145.0,146.0,143.0,145.0,126800,0.0,0.0
2023-08-01 00:00:00+09:00,144.0,145.0,141.0,143.0,181700,0.0,0.0
2023-08-02 00:00:00+09:00,141.0,142.0,140.0,140.0,192800,0.0,0.0
2023-08-03 00:00:00+09:00,139.0,140.0,138.0,138.0,213300,0.0,0.0
2023-08-04 00:00:00+09:00,138.0,139.0,137.0,137.0,191300,0.0,0.0
2023-08-07 00:00:00+09:00,142.0,144.0,139.0,142.0,355400,0.0,0.0
2023-08-08 00:00:00+09:00,142.0,142.0,140.0,142.0,218700,0.0,0.0
2023-08-09 00:00:00+09:00,141.0,141.0,139.0,139.0,107400,0.0,0.0
2023-08-10 00:00:00+09:00,138.0,139.0,137.0,138.0,187600,0.0,0.0
2023-08-14 00:00:00+09:00,140.0,140.0,138.0,138.0,121300,0.0,0.0
2023-08-15 00:00:00+09:00,138.0,139.0,136.0,139.0,296500,0.0,0.0
2023-08-16 00:00:00+09:00,137.0,138.0,136.0,137.0,102900,0.0,0.0
2023-08-17 00:00:00+09:00,136.0,137.0,134.0,135.0,317500,0.0,0.0
2023-08-18 00:00:00+09:00,135.0,137.0,134.0,136.0,229700,0.0,0.0
2023-08-21 00:00:00+09:00,134.0,138.0,134.0,138.0,129200,0.0,0.0
2023-08-22 00:00:00+09:00,138.0,139.0,137.0,138.0,99500,0.0,0.0
2023-08-23 00:00:00+09:00,137.0,139.0,137.0,139.0,25600,0.0,0.0
2023-08-24 00:00:00+09:00,137.0,142.0,137.0,142.0,328400,0.0,0.0
2023-08-25 00:00:00+09:00,140.0,144.0,139.0,143.0,276400,0.0,0.0
2023-08-28 00:00:00+09:00,143.0,146.0,143.0,146.0,269000,0.0,0.0
2023-08-29 00:00:00+09:00,146.0,149.0,144.0,148.0,236300,0.0,0.0
2023-08-30 00:00:00+09:00,150.0,150.0,145.0,147.0,549700,0.0,0.0
2023-08-31 00:00:00+09:00,148.0,155.0,148.0,153.0,626100,0.0,0.0
2023-09-01 00:00:00+09:00,151.0,155.0,150.0,151.0,252300,0.0,0.0
2023-09-04 00:00:00+09:00,151.0,153.0,149.0,149.0,190600,0.0,0.0
2023-09-05 00:00:00+09:00,150.0,152.0,150.0,150.0,109700,0.0,0.0
2023-09-06 00:00:00+09:00,151.0,152.0,150.0,151.0,104800,0.0,0.0
2023-09-07 00:00:00+09:00,151.0,152.0,149.0,150.0,171400,0.0,0.0
2023-09-08 00:00:00+09:00,148.0,149.0,146.0,147.0,409600,0.0,0.0
2023-09-11 00:00:00+09:00,148.0,151.0,143.0,144.0,359800,0.0,0.0
2023-09-12 00:00:00+09:00,145.0,148.0,145.0,147.0,146100,0.0,0.0
2023-09-13 00:00:00+09:00,145.0,148.0,145.0,146.0,167000,0.0,0.0
2023-09-14 00:00:00+09:00,146.0,148.0,145.0,146.0,156400,0.0,0.0
2023-09-15 00:00:00+09:00,147.0,147.0,145.0,145.0,86300,0.0,0.0
2023-09-19 00:00:00+09:00,143.0,146.0,143.0,144.0,97000,0.0,0.0
2023-09-20 00:00:00+09:00,145.0,147.0,144.0,146.0,177500,0.0,0.0
2023-09-21 00:00:00+09:00,145.0,146.0,141.0,141.0,399900,0.0,0.0
2023-09-22 00:00:00+09:00,140.0,144.0,140.0,142.0,131100,0.0,0.0
2023-09-25 00:00:00+09:00,142.0,147.0,142.0,145.0,167800,0.0,0.0
2023-09-26 00:00:00+09:00,146.0,146.0,142.0,142.0,90200,0.0,0.0
2023-09-27 00:00:00+09:00,142.0,144.0,141.0,142.0,49600,0.0,0.0
2023-09-28 00:00:00+09:00,144.0,145.0,142.0,142.0,95800,0.0,0.0
2023-09-29 00:00:00+09:00,143.0,145.0,142.0,142.0,40200,0.0,0.0
2023-10-02 00:00:00+09:00,142.0,145.0,138.0,138.0,313100,0.0,0.0
2023-10-03 00:00:00+09:00,136.0,139.0,136.0,136.0,255400,0.0,0.0
2023-10-04 00:00:00+09:00,135.0,137.0,133.0,133.0,313700,0.0,0.0
2023-10-05 00:00:00+09:00,134.0,136.0,134.0,135.0,85600,0.0,0.0
2023-10-06 00:00:00+09:00,134.0,137.0,134.0,136.0,142500,0.0,0.0
2023-10-10 00:00:00+09:00,138.0,139.0,136.0,138.0,84900,0.0,0.0
2023-10-11 00:00:00+09:00,137.0,139.0,136.0,138.0,78300,0.0,0.0
2023-10-12 00:00:00+09:00,137.0,138.0,134.0,135.0,163200,0.0,0.0
2023-10-13 00:00:00+09:00,136.0,136.0,134.0,134.0,54100,0.0,0.0
2023-10-16 00:00:00+09:00,134.0,134.0,132.0,132.0,129400,0.0,0.0
2023-10-17 00:00:00+09:00,134.0,134.0,132.0,132.0,74500,0.0,0.0
2023-10-18 00:00:00+09:00,133.0,134.0,131.0,133.0,82100,0.0,0.0
2023-10-19 00:00:00+09:00,133.0,134.0,132.0,134.0,46300,0.0,0.0
2023-10-20 00:00:00+09:00,132.0,134.0,131.0,133.0,118400,0.0,0.0
2023-10-23 00:00:00+09:00,132.0,132.0,128.0,129.0,246800,0.0,0.0
2023-10-24 00:00:00+09:00,129.0,131.0,125.0,130.0,362500,0.0,0.0
2023-10-25 00:00:00+09:00,130.0,131.0,129.0,130.0,92300,0.0,0.0
2023-10-26 00:00:00+09:00,131.0,131.0,128.0,129.0,167300,0.0,0.0
2023-10-27 00:00:00+09:00,129.0,130.0,128.0,129.0,62000,0.0,0.0
2023-10-30 00:00:00+09:00,130.0,131.0,126.0,126.0,108400,0.0,0.0
2023-10-31 00:00:00+09:00,128.0,129.0,124.0,129.0,216500,0.0,0.0
2023-11-01 00:00:00+09:00,130.0,130.0,127.0,129.0,113100,0.0,0.0
2023-11-02 00:00:00+09:00,130.0,131.0,128.0,131.0,147700,0.0,0.0
2023-11-06 00:00:00+09:00,131.0,131.0,128.0,130.0,152900,0.0,0.0
2023-11-07 00:00:00+09:00,130.0,130.0,128.0,128.0,84900,0.0,0.0
2023-11-08 00:00:00+09:00,128.0,129.0,126.0,127.0,131700,0.0,0.0
2023-11-09 00:00:00+09:00,127.0,128.0,126.0,127.0,60000,0.0,0.0
2023-11-10 00:00:00+09:00,127.0,127.0,125.0,125.0,121700,0.0,0.0
2023-11-13 00:00:00+09:00,126.0,126.0,123.0,123.0,187000,0.0,0.0
2023-11-14 00:00:00+09:00,123.0,124.0,116.0,120.0,656300,0.0,0.0
2023-11-15 00:00:00+09:00,120.0,121.0,119.0,121.0,194800,0.0,0.0
2023-11-16 00:00:00+09:00,121.0,121.0,117.0,117.0,196000,0.0,0.0
2023-11-17 00:00:00+09:00,116.0,118.0,116.0,116.0,167200,0.0,0.0
2023-11-20 00:00:00+09:00,116.0,122.0,116.0,122.0,235100,0.0,0.0
2023-11-21 00:00:00+09:00,123.0,123.0,120.0,120.0,75100,0.0,0.0
2023-11-22 00:00:00+09:00,121.0,121.0,119.0,121.0,50200,0.0,0.0
2023-11-24 00:00:00+09:00,120.0,121.0,119.0,120.0,48000,0.0,0.0
2023-11-27 00:00:00+09:00,123.0,123.0,120.0,121.0,131000,0.0,0.0
2023-11-28 00:00:00+09:00,121.0,132.0,119.0,127.0,1328200,0.0,0.0
2023-11-29 00:00:00+09:00,130.0,174.0,126.0,168.0,24488500,0.0,0.0
2023-11-30 00:00:00+09:00,148.0,151.0,135.0,136.0,6525100,0.0,0.0
2023-12-01 00:00:00+09:00,138.0,141.0,130.0,131.0,1545500,0.0,0.0
2023-12-04 00:00:00+09:00,132.0,144.0,127.0,139.0,2132400,0.0,0.0
2023-12-05 00:00:00+09:00,138.0,148.0,133.0,136.0,4126600,0.0,0.0
2023-12-06 00:00:00+09:00,135.0,140.0,133.0,139.0,1018100,0.0,0.0
2023-12-07 00:00:00+09:00,144.0,146.0,134.0,135.0,1838400,0.0,0.0
2023-12-08 00:00:00+09:00,133.0,138.0,133.0,137.0,633800,0.0,0.0
2023-12-11 00:00:00+09:00,137.0,139.0,136.0,138.0,355000,0.0,0.0
2023-12-12 00:00:00+09:00,136.0,137.0,131.0,131.0,597400,0.0,0.0
2023-12-13 00:00:00+09:00,130.0,134.0,130.0,134.0,386700,0.0,0.0
2023-12-14 00:00:00+09:00,132.0,134.0,124.0,126.0,922100,0.0,0.0
2023-12-15 00:00:00+09:00,125.0,131.0,124.0,129.0,376500,0.0,0.0
2023-12-18 00:00:00+09:00,128.0,130.0,126.0,129.0,229400,0.0,0.0
2023-12-19 00:00:00+09:00,128.0,131.0,126.0,129.0,293000,0.0,0.0
2023-12-20 00:00:00+09:00,129.0,131.0,128.0,128.0,188000,0.0,0.0
2023-12-21 00:00:00+09:00,127.0,128.0,124.0,126.0,347000,0.0,0.0
2023-12-22 00:00:00+09:00,125.0,126.0,122.0,122.0,418400,0.0,0.0
2023-12-25 00:00:00+09:00,124.0,127.0,122.0,124.0,415100,0.0,0.0
2023-12-26 00:00:00+09:00,122.0,124.0,121.0,121.0,237800,0.0,0.0
2023-12-27 00:00:00+09:00,121.0,129.0,121.0,126.0,778000,0.0,0.0
2023-12-28 00:00:00+09:00,128.0,129.0,125.0,128.0,372700,0.0,0.0
2023-12-29 00:00:00+09:00,128.0,131.0,127.0,130.0,348300,0.0,0.0
2024-01-04 00:00:00+09:00,127.0,131.0,126.0,130.0,231800,0.0,0.0
2024-01-05 00:00:00+09:00,129.0,129.0,126.0,127.0,326100,0.0,0.0
2024-01-09 00:00:00+09:00,127.0,131.0,127.0,131.0,292300,0.0,0.0
2024-01-10 00:00:00+09:00,130.0,132.0,128.0,130.0,223500,0.0,0.0
2024-01-11 00:00:00+09:00,130.0,130.0,128.0,130.0,295600,0.0,0.0
2024-01-12 00:00:00+09:00,130.0,130.0,127.0,129.0,259200,0.0,0.0
2024-01-15 00:00:00+09:00,129.0,131.0,128.0,130.0,117100,0.0,0.0
2024-01-16 00:00:00+09:00,129.0,136.0,128.0,130.0,803900,0.0,0.0
2024-01-17 00:00:00+09:00,135.0,140.0,128.0,132.0,3325900,0.0,0.0
2024-01-18 00:00:00+09:00,137.0,141.0,134.0,134.0,1666900,0.0,0.0
2024-01-19 00:00:00+09:00,133.0,150.0,132.0,140.0,3649400,0.0,0.0
2024-01-22 00:00:00+09:00,141.0,148.0,136.0,146.0,2125700,0.0,0.0
2024-01-23 00:00:00+09:00,147.0,154.0,143.0,153.0,3100400,0.0,0.0
2024-01-24 00:00:00+09:00,155.0,157.0,146.0,146.0,2018400,0.0,0.0
2024-01-25 00:00:00+09:00,146.0,152.0,143.0,143.0,1292700,0.0,0.0
2024-01-26 00:00:00+09:00,142.0,146.0,140.0,140.0,787800,0.0,0.0
2024-01-29 00:00:00+09:00,140.0,141.0,137.0,139.0,395000,0.0,0.0
2024-01-30 00:00:00+09:00,138.0,141.0,135.0,136.0,570700,0.0,0.0
2024-01-31 00:00:00+09:00,135.0,137.0,132.0,134.0,551200,0.0,0.0
2024-02-01 00:00:00+09:00,135.0,135.0,131.0,132.0,269300,0.0,0.0
2024-02-02 00:00:00+09:00,134.0,134.0,132.0,133.0,304000,0.0,0.0
2024-02-05 00:00:00+09:00,133.0,133.0,129.0,131.0,554600,0.0,0.0
2024-02-06 00:00:00+09:00,129.0,130.0,127.0,127.0,534400,0.0,0.0
2024-02-07 00:00:00+09:00,127.0,128.0,125.0,126.0,547600,0.0,0.0
2024-02-08 00:00:00+09:00,126.0,126.0,122.0,126.0,794700,0.0,0.0
2024-02-09 00:00:00+09:00,126.0,127.0,124.0,124.0,324800,0.0,0.0
2024-02-13 00:00:00+09:00,140.0,156.0,140.0,147.0,10884200,0.0,0.0
2024-02-14 00:00:00+09:00,146.0,177.0,144.0,174.0,14181400,0.0,0.0
2024-02-15 00:00:00+09:00,172.0,172.0,161.0,163.0,5095200,0.0,0.0
2024-02-16 00:00:00+09:00,162.0,176.0,161.0,169.0,3696500,0.0,0.0
2024-02-19 00:00:00+09:00,167.0,180.0,167.0,176.0,3457200,0.0,0.0
2024-02-20 00:00:00+09:00,175.0,178.0,168.0,170.0,2630300,0.0,0.0
2024-02-21 00:00:00+09:00,168.0,171.0,158.0,159.0,1507300,0.0,0.0
2024-02-22 00:00:00+09:00,162.0,164.0,154.0,154.0,1140000,0.0,0.0
2024-02-26 00:00:00+09:00,156.0,166.0,154.0,163.0,1205200,0.0,0.0
2024-02-27 00:00:00+09:00,163.0,166.0,160.0,163.0,664700,0.0,0.0
2024-02-28 00:00:00+09:00,163.0,167.0,160.0,162.0,868000,0.0,0.0
2024-02-29 00:00:00+09:00,161.0,163.0,156.0,157.0,627900,0.0,0.0
2024-03-01 00:00:00+09:00,158.0,163.0,156.0,156.0,701800,0.0,0.0
2024-03-04 00:00:00+09:00,156.0,161.0,150.0,158.0,1117900,0.0,0.0
2024-03-05 00:00:00+09:00,162.0,175.0,154.0,175.0,4378100,0.0,0.0
2024-03-06 00:00:00+09:00,170.0,191.0,166.0,191.0,6708700,0.0,0.0
2024-03-07 00:00:00+09:00,233.0,241.0,224.0,241.0,3431700,0.0,0.0
2024-03-08 00:00:00+09:00,217.0,217.0,182.0,186.0,14078900,0.0,0.0
2024-03-11 00:00:00+09:00,180.0,186.0,172.0,184.0,3498200,0.0,0.0
2024-03-12 00:00:00+09:00,183.0,196.0,179.0,192.0,4588400,0.0,0.0
2024-03-13 00:00:00+09:00,195.0,198.0,176.0,178.0,3446900,0.0,0.0
2024-03-14 00:00:00+09:00,176.0,179.0,174.0,175.0,1254600,0.0,0.0
2024-03-15 00:00:00+09:00,172.0,176.0,170.0,172.0,1180700,0.0,0.0
2024-03-18 00:00:00+09:00,172.0,181.0,170.0,179.0,1362600,0.0,0.0
2024-03-19 00:00:00+09:00,179.0,179.0,173.0,176.0,820600,0.0,0.0
2024-03-21 00:00:00+09:00,178.0,184.0,176.0,178.0,1219800,0.0,0.0
2024-03-22 00:00:00+09:00,178.0,184.0,175.0,184.0,871500,0.0,0.0
2024-03-25 00:00:00+09:00,184.0,191.0,182.0,182.0,2125400,0.0,0.0
2024-03-26 00:00:00+09:00,185.0,186.0,176.0,176.0,1074500,0.0,0.0
2024-03-27 00:00:00+09:00,176.0,178.0,173.0,175.0,561200,0.0,0.0
2024-03-28 00:00:00+09:00,174.0,176.0,168.0,169.0,1027700,0.0,0.0
2024-03-29 00:00:00+09:00,174.0,193.0,173.0,190.0,9330900,0.0,0.0
2024-04-01 00:00:00+09:00,190.0,200.0,188.0,197.0,4702800,0.0,0.0
2024-04-02 00:00:00+09:00,204.0,206.0,184.0,185.0,4900400,0.0,0.0
2024-04-03 00:00:00+09:00,184.0,202.0,183.0,191.0,4862200,0.0,0.0
2024-04-04 00:00:00+09:00,191.0,199.0,187.0,189.0,2871500,0.0,0.0
2024-04-05 00:00:00+09:00,184.0,185.0,172.0,173.0,2869100,0.0,0.0
2024-04-08 00:00:00+09:00,177.0,183.0,175.0,177.0,1714300,0.0,0.0
2024-04-09 00:00:00+09:00,175.0,180.0,173.0,178.0,986700,0.0,0.0
2024-04-10 00:00:00+09:00,190.0,202.0,183.0,190.0,8485200,0.0,0.0
2024-04-11 00:00:00+09:00,186.0,196.0,182.0,184.0,2369300,0.0,0.0
2024-04-12 00:00:00+09:00,182.0,194.0,181.0,187.0,2717200,0.0,0.0
2024-04-15 00:00:00+09:00,182.0,184.0,174.0,179.0,2066800,0.0,0.0
2024-04-16 00:00:00+09:00,178.0,179.0,172.0,173.0,1552000,0.0,0.0
2024-04-17 00:00:00+09:00,173.0,175.0,167.0,168.0,1562600,0.0,0.0
2024-04-18 00:00:00+09:00,166.0,172.0,165.0,166.0,1019800,0.0,0.0
2024-04-19 00:00:00+09:00,175.0,176.0,161.0,170.0,2918900,0.0,0.0
2024-04-22 00:00:00+09:00,166.0,171.0,165.0,166.0,1017100,0.0,0.0
2024-04-23 00:00:00+09:00,167.0,171.0,166.0,168.0,783900,0.0,0.0
2024-04-24 00:00:00+09:00,171.0,174.0,170.0,174.0,607000,0.0,0.0
2024-04-25 00:00:00+09:00,175.0,203.0,172.0,179.0,15758900,0.0,0.0
2024-04-26 00:00:00+09:00,176.0,187.0,172.0,185.0,3433700,0.0,0.0
2024-04-30 00:00:00+09:00,190.0,207.0,186.0,206.0,10349800,0.0,0.0
2024-05-01 00:00:00+09:00,199.0,201.0,188.0,194.0,9092900,0.0,0.0
2024-05-02 00:00:00+09:00,191.0,198.0,189.0,189.0,4446700,0.0,0.0
2024-05-07 00:00:00+09:00,216.0,239.0,216.0,239.0,14983900,0.0,0.0
2024-05-08 00:00:00+09:00,251.0,316.0,228.0,276.0,67143000,0.0,0.0
2024-05-09 00:00:00+09:00,278.0,296.0,245.0,277.0,40309500,0.0,0.0
2024-05-10 00:00:00+09:00,285.0,301.0,259.0,264.0,25431300,0.0,0.0
2024-05-13 00:00:00+09:00,250.0,264.0,243.0,255.0,9942300,0.0,0.0
2024-05-14 00:00:00+09:00,261.0,285.0,252.0,257.0,15677500,0.0,0.0
2024-05-15 00:00:00+09:00,260.0,270.0,248.0,249.0,6860900,0.0,0.0
2024-05-16 00:00:00+09:00,250.0,255.0,235.0,243.0,6024400,0.0,0.0
2024-05-17 00:00:00+09:00,244.0,264.0,239.0,252.0,8894300,0.0,0.0
2024-05-20 00:00:00+09:00,247.0,278.0,247.0,274.0,9278600,0.0,0.0
2024-05-21 00:00:00+09:00,285.0,297.0,270.0,291.0,15364800,0.0,0.0
2024-05-22 00:00:00+09:00,297.0,298.0,282.0,290.0,9429500,0.0,0.0
2024-05-23 00:00:00+09:00,296.0,301.0,280.0,281.0,8873100,0.0,0.0
2024-05-24 00:00:00+09:00,270.0,285.0,256.0,259.0,10401600,0.0,0.0
2024-05-27 00:00:00+09:00,258.0,268.0,251.0,265.0,3803300,0.0,0.0
2024-05-28 00:00:00+09:00,262.0,274.0,260.0,262.0,2773100,0.0,0.0
2024-05-29 00:00:00+09:00,262.0,262.0,240.0,240.0,5667000,0.0,0.0
2024-05-30 00:00:00+09:00,235.0,237.0,222.0,229.0,5177700,0.0,0.0
2024-05-31 00:00:00+09:00,228.0,245.0,228.0,237.0,3211500,0.0,0.0
2024-06-03 00:00:00+09:00,235.0,240.0,229.0,234.0,2488900,0.0,0.0
2024-06-04 00:00:00+09:00,240.0,255.0,235.0,235.0,4581300,0.0,0.0
2024-06-05 00:00:00+09:00,232.0,235.0,223.0,225.0,2709300,0.0,0.0
2024-06-06 00:00:00+09:00,229.0,229.0,215.0,219.0,2450300,0.0,0.0
2024-06-07 00:00:00+09:00,217.0,228.0,216.0,226.0,1743100,0.0,0.0
2024-06-10 00:00:00+09:00,222.0,225.0,216.0,216.0,1527000,0.0,0.0
2024-06-11 00:00:00+09:00,217.0,222.0,214.0,216.0,1340300,0.0,0.0
2024-06-12 00:00:00+09:00,216.0,222.0,216.0,219.0,830200,0.0,0.0
2024-06-13 00:00:00+09:00,220.0,236.0,220.0,230.0,2590500,0.0,0.0
2024-06-14 00:00:00+09:00,228.0,231.0,220.0,221.0,1443300,0.0,0.0
2024-06-17 00:00:00+09:00,221.0,222.0,216.0,218.0,761100,0.0,0.0
2024-06-18 00:00:00+09:00,219.0,223.0,215.0,219.0,762600,0.0,0.0
2024-06-19 00:00:00+09:00,219.0,226.0,218.0,222.0,816600,0.0,0.0
2024-06-20 00:00:00+09:00,220.0,224.0,218.0,220.0,686000,0.0,0.0
2024-06-21 00:00:00+09:00,220.0,229.0,219.0,226.0,1076500,0.0,0.0
2024-06-24 00:00:00+09:00,223.0,232.0,223.0,231.0,998300,0.0,0.0
2024-06-25 00:00:00+09:00,232.0,236.0,228.0,230.0,685000,0.0,0.0
2024-06-26 00:00:00+09:00,230.0,231.0,223.0,224.0,816400,0.0,0.0
2024-06-27 00:00:00+09:00,226.0,226.0,220.0,220.0,714500,0.0,0.0
2024-06-28 00:00:00+09:00,220.0,220.0,217.0,217.0,564900,0.0,0.0
2024-07-01 00:00:00+09:00,222.0,222.0,206.0,206.0,2256000,0.0,0.0
2024-07-02 00:00:00+09:00,207.0,212.0,205.0,206.0,1050000,0.0,0.0
2024-07-03 00:00:00+09:00,209.0,217.0,207.0,213.0,1292600,0.0,0.0
2024-07-04 00:00:00+09:00,213.0,216.0,209.0,209.0,834700,0.0,0.0
2024-07-05 00:00:00+09:00,210.0,217.0,208.0,212.0,1156900,0.0,0.0
2024-07-08 00:00:00+09:00,211.0,218.0,211.0,211.0,944400,0.0,0.0
2024-07-09 00:00:00+09:00,211.0,215.0,209.0,209.0,825700,0.0,0.0
2024-07-10 00:00:00+09:00,210.0,210.0,199.0,203.0,2714800,0.0,0.0
2024-07-11 00:00:00+09:00,201.0,204.0,196.0,203.0,1372700,0.0,0.0
2024-07-12 00:00:00+09:00,201.0,208.0,201.0,205.0,937700,0.0,0.0
2024-07-16 00:00:00+09:00,205.0,208.0,203.0,203.0,678500,0.0,0.0
2024-07-17 00:00:00+09:00,204.0,207.0,201.0,204.0,606300,0.0,0.0
2024-07-18 00:00:00+09:00,202.0,204.0,199.0,200.0,746700,0.0,0.0
2024-07-19 00:00:00+09:00,199.0,199.0,195.0,196.0,1186900,0.0,0.0
