Date,Open,High,Low,Close,Volume,Dividends,Stock Splits,Capital Gains
2021-10-08 00:00:00-04:00,25.09000015258789,25.09000015258789,24.92099952697754,24.92099952697754,7300,0.0,0.0,0.0
2021-10-11 00:00:00-04:00,24.969999313354492,24.989999771118164,24.732999801635742,24.732999801635742,3000,0.0,0.0,0.0
2021-10-12 00:00:00-04:00,24.719999313354492,24.920000076293945,24.649999618530273,24.920000076293945,92800,0.0,0.0,0.0
2021-10-13 00:00:00-04:00,24.6200008392334,24.780000686645508,24.610000610351562,24.74799919128418,21400,0.0,0.0,0.0
2021-10-14 00:00:00-04:00,24.94499969482422,25.100000381469727,24.94499969482422,25.08300018310547,900,0.0,0.0,0.0
2021-10-15 00:00:00-04:00,25.170000076293945,25.270000457763672,25.170000076293945,25.215999603271484,1600,0.0,0.0,0.0
2021-10-18 00:00:00-04:00,25.280000686645508,25.280000686645508,24.934999465942383,24.986000061035156,1100,0.0,0.0,0.0
2021-10-19 00:00:00-04:00,25.170000076293945,25.389999389648438,25.170000076293945,25.327999114990234,5500,0.0,0.0,0.0
2021-10-20 00:00:00-04:00,25.6200008392334,25.690000534057617,25.600000381469727,25.655000686645508,2200,0.0,0.0,0.0
2021-10-21 00:00:00-04:00,25.799999237060547,25.840999603271484,25.6299991607666,25.840999603271484,2900,0.0,0.0,0.0
2021-10-22 00:00:00-04:00,25.920000076293945,25.947999954223633,25.858999252319336,25.947999954223633,2100,0.0,0.0,0.0
2021-10-25 00:00:00-04:00,25.950000762939453,26.020000457763672,25.878999710083008,25.93600082397461,1500,0.0,0.0,0.0
2021-10-26 00:00:00-04:00,25.899999618530273,26.100000381469727,25.885000228881836,26.086000442504883,1000,0.0,0.0,0.0
2021-10-27 00:00:00-04:00,26.09000015258789,26.09000015258789,25.8439998626709,25.8439998626709,2000,0.0,0.0,0.0
2021-10-28 00:00:00-04:00,25.84000015258789,26.079999923706055,25.84000015258789,26.03499984741211,2000,0.0,0.0,0.0
2021-10-29 00:00:00-04:00,26.309999465942383,26.37299919128418,26.309999465942383,26.37299919128418,1100,0.0,0.0,0.0
2021-11-01 00:00:00-04:00,26.40399932861328,26.40399932861328,26.336000442504883,26.336000442504883,1700,0.0,0.0,0.0
2021-11-02 00:00:00-04:00,26.43000030517578,26.520000457763672,26.43000030517578,26.45599937438965,2100,0.0,0.0,0.0
2021-11-03 00:00:00-04:00,26.420000076293945,26.601999282836914,26.420000076293945,26.601999282836914,6700,0.0,0.0,0.0
2021-11-04 00:00:00-04:00,26.440000534057617,26.440000534057617,26.299999237060547,26.437999725341797,3400,0.0,0.0,0.0
2021-11-05 00:00:00-04:00,26.559999465942383,26.65999984741211,26.350000381469727,26.405000686645508,1300,0.0,0.0,0.0
2021-11-08 00:00:00-05:00,26.559999465942383,26.559999465942383,26.405000686645508,26.533000946044922,5300,0.0,0.0,0.0
2021-11-09 00:00:00-05:00,26.81999969482422,26.81999969482422,26.445999145507812,26.445999145507812,2000,0.0,0.0,0.0
2021-11-10 00:00:00-05:00,26.549999237060547,26.639999389648438,26.400999069213867,26.485000610351562,2900,0.0,0.0,0.0
2021-11-11 00:00:00-05:00,26.479999542236328,26.670000076293945,26.40999984741211,26.5,51500,0.0,0.0,0.0
2021-11-12 00:00:00-05:00,26.719999313354492,27.145000457763672,26.489999771118164,26.618999481201172,29600,0.0,0.0,0.0
2021-11-15 00:00:00-05:00,26.719999313354492,26.719999313354492,26.382999420166016,26.382999420166016,27500,0.0,0.0,0.0
2021-11-16 00:00:00-05:00,26.569000244140625,26.600000381469727,26.507999420166016,26.507999420166016,4200,0.0,0.0,0.0
2021-11-17 00:00:00-05:00,26.479999542236328,26.59000015258789,26.479999542236328,26.523000717163086,3100,0.0,0.0,0.0
2021-11-18 00:00:00-05:00,26.510000228881836,26.540000915527344,26.434999465942383,26.48900032043457,4400,0.0,0.0,0.0
2021-11-19 00:00:00-05:00,26.649999618530273,26.649999618530273,26.339000701904297,26.339000701904297,10400,0.0,0.0,0.0
2021-11-22 00:00:00-05:00,26.260000228881836,26.440000534057617,26.209999084472656,26.211000442504883,10300,0.0,0.0,0.0
2021-11-23 00:00:00-05:00,26.209999084472656,26.209999084472656,25.969999313354492,26.159000396728516,7500,0.0,0.0,0.0
2021-11-24 00:00:00-05:00,26.18000030517578,26.18000030517578,26.030000686645508,26.15399932861328,4700,0.0,0.0,0.0
2021-11-26 00:00:00-05:00,26.389999389648438,26.389999389648438,25.8700008392334,25.8700008392334,6200,0.0,0.0,0.0
2021-11-29 00:00:00-05:00,27.899999618530273,27.899999618530273,26.059999465942383,26.079999923706055,20000,0.0,0.0,0.0
2021-11-30 00:00:00-05:00,25.81999969482422,26.059999465942383,25.56999969482422,25.690000534057617,19800,0.0,0.0,0.0
2021-12-01 00:00:00-05:00,25.81999969482422,26.020000457763672,25.510000228881836,25.510000228881836,12900,0.0,0.0,0.0
2021-12-02 00:00:00-05:00,25.520000457763672,25.719999313354492,25.450000762939453,25.65999984741211,23500,0.0,0.0,0.0
2021-12-03 00:00:00-05:00,25.80500030517578,25.80500030517578,25.399999618530273,25.549999237060547,42900,0.0,0.0,0.0
2021-12-06 00:00:00-05:00,25.68000030517578,25.739999771118164,25.56999969482422,25.610000610351562,9300,0.0,0.0,0.0
2021-12-07 00:00:00-05:00,25.75,26.100000381469727,25.690000534057617,26.049999237060547,5800,0.0,0.0,0.0
2021-12-08 00:00:00-05:00,26.290000915527344,26.329999923706055,26.1200008392334,26.329999923706055,4700,0.0,0.0,0.0
2021-12-09 00:00:00-05:00,26.18000030517578,26.34000015258789,26.18000030517578,26.209999084472656,14700,0.0,0.0,0.0
2021-12-10 00:00:00-05:00,26.229999542236328,26.3700008392334,26.219999313354492,26.35700035095215,6900,0.0,0.0,0.0
2021-12-13 00:00:00-05:00,26.459999084472656,26.649999618530273,26.3700008392334,26.59000015258789,12900,0.0,0.0,0.0
2021-12-14 00:00:00-05:00,26.520000457763672,26.559999465942383,26.31999969482422,26.450000762939453,5600,0.0,0.0,0.0
2021-12-15 00:00:00-05:00,26.59000015258789,27.09000015258789,26.59000015258789,27.079999923706055,13200,0.0,0.0,0.0
2021-12-16 00:00:00-05:00,27.190000534057617,27.3700008392334,27.049999237060547,27.3700008392334,59100,0.0,0.0,0.0
2021-12-17 00:00:00-05:00,27.110000610351562,27.35099983215332,27.0,27.18000030517578,18100,0.0,0.0,0.0
2021-12-20 00:00:00-05:00,27.219999313354492,27.270000457763672,26.809999465942383,27.079999923706055,83200,0.0,0.0,0.0
2021-12-21 00:00:00-05:00,27.25,27.559999465942383,27.040000915527344,27.334999084472656,26500,0.0,0.0,0.0
2021-12-22 00:00:00-05:00,27.34000015258789,27.709999084472656,27.34000015258789,27.709999084472656,28900,0.0,0.0,0.0
2021-12-23 00:00:00-05:00,29.90999984741211,29.90999984741211,27.760000228881836,27.857999801635742,24700,0.0,0.0,0.0
2021-12-27 00:00:00-05:00,29.34000015258789,29.34000015258789,27.899999618530273,28.049999237060547,22400,0.0,0.0,0.0
2021-12-28 00:00:00-05:00,28.049999237060547,28.099000930786133,27.850000381469727,27.899999618530273,9300,0.0,0.0,0.0
2021-12-29 00:00:00-05:00,28.010000228881836,28.049999237060547,27.898000717163086,28.035999298095703,12600,0.0,0.0,0.0
2021-12-30 00:00:00-05:00,28.170000076293945,28.219999313354492,28.049999237060547,28.049999237060547,13900,0.0,0.0,0.0
2021-12-31 00:00:00-05:00,28.09000015258789,28.143999099731445,27.940000534057617,27.950000762939453,8800,0.0,0.0,0.0
2022-01-03 00:00:00-05:00,27.989999771118164,27.989999771118164,27.44499969482422,27.729999542236328,80100,0.0,0.0,0.0
2022-01-04 00:00:00-05:00,27.809999465942383,27.860000610351562,27.149999618530273,27.270000457763672,774000,0.0,0.0,0.0
2022-01-05 00:00:00-05:00,27.40999984741211,27.489999771118164,26.790000915527344,26.790000915527344,415100,0.0,0.0,0.0
2022-01-06 00:00:00-05:00,26.760000228881836,26.760000228881836,26.30900001525879,26.329999923706055,279300,0.0,0.0,0.0
2022-01-07 00:00:00-05:00,26.219999313354492,26.31999969482422,26.030000686645508,26.030000686645508,88800,0.0,0.0,0.0
2022-01-10 00:00:00-05:00,26.049999237060547,26.260000228881836,25.729999542236328,26.260000228881836,87700,0.0,0.0,0.0
2022-01-11 00:00:00-05:00,26.399999618530273,26.549999237060547,26.010000228881836,26.540000915527344,500800,0.0,0.0,0.0
2022-01-12 00:00:00-05:00,26.639999389648438,26.639999389648438,26.420000076293945,26.520000457763672,58400,0.0,0.0,0.0
2022-01-13 00:00:00-05:00,26.530000686645508,26.530000686645508,26.0,26.09000015258789,91400,0.0,0.0,0.0
2022-01-14 00:00:00-05:00,26.020000457763672,26.049999237060547,25.660999298095703,26.040000915527344,42100,0.0,0.0,0.0
2022-01-18 00:00:00-05:00,25.799999237060547,25.799999237060547,25.5,25.579999923706055,67700,0.0,0.0,0.0
2022-01-19 00:00:00-05:00,25.65999984741211,25.81800079345703,25.399999618530273,25.43000030517578,48000,0.0,0.0,0.0
2022-01-20 00:00:00-05:00,25.40999984741211,25.8799991607666,25.260000228881836,25.299999237060547,45300,0.0,0.0,0.0
2022-01-21 00:00:00-05:00,25.290000915527344,25.329999923706055,24.8700008392334,24.940000534057617,64200,0.0,0.0,0.0
2022-01-24 00:00:00-05:00,24.75,25.020000457763672,24.059999465942383,25.020000457763672,128600,0.0,0.0,0.0
2022-01-25 00:00:00-05:00,24.59000015258789,24.899999618530273,24.301000595092773,24.690000534057617,53500,0.0,0.0,0.0
2022-01-26 00:00:00-05:00,24.739999771118164,24.950000762939453,24.280000686645508,24.479999542236328,108000,0.0,0.0,0.0
2022-01-27 00:00:00-05:00,24.43000030517578,24.860000610351562,24.371000289916992,24.40999984741211,109300,0.0,0.0,0.0
2022-01-28 00:00:00-05:00,24.31999969482422,24.959999084472656,24.270000457763672,24.959999084472656,52300,0.0,0.0,0.0
2022-01-31 00:00:00-05:00,24.920000076293945,25.290000915527344,24.920000076293945,25.270000457763672,76900,0.0,0.0,0.0
2022-02-01 00:00:00-05:00,25.309999465942383,25.389999389648438,25.121000289916992,25.350000381469727,73400,0.0,0.0,0.0
2022-02-02 00:00:00-05:00,25.389999389648438,25.690000534057617,25.339000701904297,25.610000610351562,46300,0.0,0.0,0.0
2022-02-03 00:00:00-05:00,25.469999313354492,25.639999389648438,25.469999313354492,25.520000457763672,12700,0.0,0.0,0.0
2022-02-04 00:00:00-05:00,25.420000076293945,25.690000534057617,25.315000534057617,25.510000228881836,27200,0.0,0.0,0.0
2022-02-07 00:00:00-05:00,25.459999084472656,25.670000076293945,25.459999084472656,25.549999237060547,9400,0.0,0.0,0.0
2022-02-08 00:00:00-05:00,25.440000534057617,25.81999969482422,25.440000534057617,25.780000686645508,7300,0.0,0.0,0.0
2022-02-09 00:00:00-05:00,26.020000457763672,26.1299991607666,26.020000457763672,26.06999969482422,9900,0.0,0.0,0.0
2022-02-10 00:00:00-05:00,25.90999984741211,26.104999542236328,25.649999618530273,25.700000762939453,54800,0.0,0.0,0.0
2022-02-11 00:00:00-05:00,25.760000228881836,25.8799991607666,25.299999237060547,25.299999237060547,22400,0.0,0.0,0.0
2022-02-14 00:00:00-05:00,25.25,25.288999557495117,24.899999618530273,25.010000228881836,28200,0.0,0.0,0.0
2022-02-15 00:00:00-05:00,25.170000076293945,25.450000762939453,25.170000076293945,25.299999237060547,10500,0.0,0.0,0.0
2022-02-16 00:00:00-05:00,25.09000015258789,25.450000762939453,25.09000015258789,25.399999618530273,10900,0.0,0.0,0.0
2022-02-17 00:00:00-05:00,25.15999984741211,25.190000534057617,24.8700008392334,24.8700008392334,20200,0.0,0.0,0.0
2022-02-18 00:00:00-05:00,24.729999542236328,24.899999618530273,24.559999465942383,24.600000381469727,14300,0.0,0.0,0.0
2022-02-22 00:00:00-05:00,24.600000381469727,24.739999771118164,24.440000534057617,24.549999237060547,10000,0.0,0.0,0.0
2022-02-23 00:00:00-05:00,24.700000762939453,24.799999237060547,24.40999984741211,24.440000534057617,4600,0.0,0.0,0.0
2022-02-24 00:00:00-05:00,24.15999984741211,25.049999237060547,24.149999618530273,25.040000915527344,7400,0.0,0.0,0.0
2022-02-25 00:00:00-05:00,25.3700008392334,25.93000030517578,25.31100082397461,25.93000030517578,30200,0.0,0.0,0.0
2022-02-28 00:00:00-05:00,25.450000762939453,25.827999114990234,25.450000762939453,25.790000915527344,141200,0.0,0.0,0.0
2022-03-01 00:00:00-05:00,25.738000869750977,25.969999313354492,25.700000762939453,25.850000381469727,25900,0.0,0.0,0.0
2022-03-02 00:00:00-05:00,25.950000762939453,26.430999755859375,25.950000762939453,26.34000015258789,50100,0.0,0.0,0.0
2022-03-03 00:00:00-05:00,26.5,26.579999923706055,26.18000030517578,26.299999237060547,26300,0.0,0.0,0.0
2022-03-04 00:00:00-05:00,25.969999313354492,26.459999084472656,25.969999313354492,26.459999084472656,17200,0.0,0.0,0.0
2022-03-07 00:00:00-05:00,26.260000228881836,26.280000686645508,25.889999389648438,25.93000030517578,24500,0.0,0.0,0.0
2022-03-08 00:00:00-05:00,25.559999465942383,25.780000686645508,25.2450008392334,25.260000228881836,19000,0.0,0.0,0.0
2022-03-09 00:00:00-05:00,25.760000228881836,25.910999298095703,25.6200008392334,25.81399917602539,6600,0.0,0.0,0.0
2022-03-10 00:00:00-05:00,25.3799991607666,25.735000610351562,25.35099983215332,25.709999084472656,2500,0.0,0.0,0.0
2022-03-11 00:00:00-05:00,25.989999771118164,25.989999771118164,25.430999755859375,25.430999755859375,26000,0.0,0.0,0.0
2022-03-14 00:00:00-04:00,25.260000228881836,25.770000457763672,25.173999786376953,25.209999084472656,8500,0.0,0.0,0.0
2022-03-15 00:00:00-04:00,25.520000457763672,25.81800079345703,25.40999984741211,25.81800079345703,5800,0.0,0.0,0.0
2022-03-16 00:00:00-04:00,26.2810001373291,26.350000381469727,25.860000610351562,26.350000381469727,9400,0.0,0.0,0.0
2022-03-17 00:00:00-04:00,26.139999389648438,26.84000015258789,26.139999389648438,26.81999969482422,18800,0.0,0.0,0.0
2022-03-18 00:00:00-04:00,26.799999237060547,27.09000015258789,26.799999237060547,27.040000915527344,10800,0.0,0.0,0.0
2022-03-21 00:00:00-04:00,27.030000686645508,27.118999481201172,26.774999618530273,26.854000091552734,21300,0.0,0.0,0.0
2022-03-22 00:00:00-04:00,27.045000076293945,27.08099937438965,26.959999084472656,26.968000411987305,12300,0.0,0.0,0.0
2022-03-23 00:00:00-04:00,26.959999084472656,26.959999084472656,26.270000457763672,26.44099998474121,7700,0.0,0.0,0.0
2022-03-24 00:00:00-04:00,26.5,26.690000534057617,26.34000015258789,26.652000427246094,74000,0.0,0.0,0.0
2022-03-25 00:00:00-04:00,26.84000015258789,26.91900062561035,26.600000381469727,26.770000457763672,18700,0.0,0.0,0.0
2022-03-28 00:00:00-04:00,26.783000946044922,27.030000686645508,26.650999069213867,27.020000457763672,19800,0.0,0.0,0.0
2022-03-29 00:00:00-04:00,27.320999145507812,27.40999984741211,27.190000534057617,27.399999618530273,42600,0.0,0.0,0.0
2022-03-30 00:00:00-04:00,27.209999084472656,27.450000762939453,27.209999084472656,27.309999465942383,25100,0.0,0.0,0.0
2022-03-31 00:00:00-04:00,27.3700008392334,27.5,27.1299991607666,27.1299991607666,94000,0.0,0.0,0.0
2022-04-01 00:00:00-04:00,27.31999969482422,27.559999465942383,27.0310001373291,27.559999465942383,70000,0.0,0.0,0.0
2022-04-04 00:00:00-04:00,27.809999465942383,27.809999465942383,27.218000411987305,27.270000457763672,73900,0.0,0.0,0.0
2022-04-05 00:00:00-04:00,27.459999084472656,27.540000915527344,27.155000686645508,27.219999313354492,147300,0.0,0.0,0.0
2022-04-06 00:00:00-04:00,27.1200008392334,27.469999313354492,27.0,27.459999084472656,205500,0.0,0.0,0.0
2022-04-07 00:00:00-04:00,27.5,28.0,27.440000534057617,27.90999984741211,248000,0.0,0.0,0.0
2022-04-08 00:00:00-04:00,28.18000030517578,28.18000030517578,27.790000915527344,28.030000686645508,67600,0.0,0.0,0.0
2022-04-11 00:00:00-04:00,28.1200008392334,28.1200008392334,27.389999389648438,27.450000762939453,178500,0.0,0.0,0.0
2022-04-12 00:00:00-04:00,27.65999984741211,27.68899917602539,27.18600082397461,27.299999237060547,141100,0.0,0.0,0.0
2022-04-13 00:00:00-04:00,27.360000610351562,27.56999969482422,27.280000686645508,27.549999237060547,102100,0.0,0.0,0.0
2022-04-14 00:00:00-04:00,27.670000076293945,27.739999771118164,27.40999984741211,27.459999084472656,287400,0.0,0.0,0.0
2022-04-18 00:00:00-04:00,27.489999771118164,27.5,27.110000610351562,27.219999313354492,216500,0.0,0.0,0.0
2022-04-19 00:00:00-04:00,27.450000762939453,27.719999313354492,27.389999389648438,27.670000076293945,85500,0.0,0.0,0.0
2022-04-20 00:00:00-04:00,28.139999389648438,28.239999771118164,27.739999771118164,28.190000534057617,76800,0.0,0.0,0.0
2022-04-21 00:00:00-04:00,28.459999084472656,28.459999084472656,27.520000457763672,27.520000457763672,147300,0.0,0.0,0.0
2022-04-22 00:00:00-04:00,27.5,27.5,26.350000381469727,26.389999389648438,762000,0.0,0.0,0.0
2022-04-25 00:00:00-04:00,26.290000915527344,26.608999252319336,26.030000686645508,26.549999237060547,258300,0.0,0.0,0.0
2022-04-26 00:00:00-04:00,26.540000915527344,26.540000915527344,25.850000381469727,25.854999542236328,407300,0.0,0.0,0.0
2022-04-27 00:00:00-04:00,25.639999389648438,26.03700065612793,25.56999969482422,25.729999542236328,1380800,0.0,0.0,0.0
2022-04-28 00:00:00-04:00,25.899999618530273,26.139999389648438,25.59000015258789,26.09000015258789,110900,0.0,0.0,0.0
2022-04-29 00:00:00-04:00,25.899999618530273,26.079999923706055,25.489999771118164,25.530000686645508,124500,0.0,0.0,0.0
2022-05-02 00:00:00-04:00,25.5,25.639999389648438,25.0,25.3799991607666,71900,0.0,0.0,0.0
2022-05-03 00:00:00-04:00,25.40999984741211,25.67099952697754,25.360000610351562,25.3700008392334,42700,0.0,0.0,0.0
2022-05-04 00:00:00-04:00,25.270000457763672,26.059999465942383,25.139999389648438,25.989999771118164,56800,0.0,0.0,0.0
2022-05-05 00:00:00-04:00,25.804000854492188,25.899999618530273,25.219999313354492,25.399999618530273,17500,0.0,0.0,0.0
2022-05-06 00:00:00-04:00,25.15999984741211,25.260000228881836,24.989999771118164,25.229999542236328,153000,0.0,0.0,0.0
2022-05-09 00:00:00-04:00,24.899999618530273,24.899999618530273,24.09000015258789,24.219999313354492,225500,0.0,0.0,0.0
2022-05-10 00:00:00-04:00,24.55500030517578,24.649999618530273,24.190000534057617,24.469999313354492,115200,0.0,0.0,0.0
2022-05-11 00:00:00-04:00,24.239999771118164,25.009000778198242,24.18000030517578,24.25,23400,0.0,0.0,0.0
2022-05-12 00:00:00-04:00,24.159000396728516,24.469999313354492,24.06999969482422,24.469999313354492,29500,0.0,0.0,0.0
2022-05-13 00:00:00-04:00,24.75,25.0,24.715999603271484,24.920000076293945,30300,0.0,0.0,0.0
2022-05-16 00:00:00-04:00,24.770000457763672,25.25200080871582,24.770000457763672,25.079999923706055,69800,0.0,0.0,0.0
2022-05-17 00:00:00-04:00,25.31999969482422,25.489999771118164,25.270000457763672,25.489999771118164,23300,0.0,0.0,0.0
2022-05-18 00:00:00-04:00,25.030000686645508,25.030000686645508,24.481000900268555,24.59000015258789,13100,0.0,0.0,0.0
2022-05-19 00:00:00-04:00,24.510000228881836,24.78499984741211,24.299999237060547,24.579999923706055,23900,0.0,0.0,0.0
2022-05-20 00:00:00-04:00,24.75,24.934999465942383,24.399999618530273,24.90999984741211,25100,0.0,0.0,0.0
2022-05-23 00:00:00-04:00,25.290000915527344,25.34000015258789,25.084999084472656,25.229999542236328,40800,0.0,0.0,0.0
2022-05-24 00:00:00-04:00,25.139999389648438,25.257999420166016,24.969999313354492,25.200000762939453,7500,0.0,0.0,0.0
2022-05-25 00:00:00-04:00,25.292999267578125,25.3799991607666,25.292999267578125,25.299999237060547,6700,0.0,0.0,0.0
2022-05-26 00:00:00-04:00,25.434999465942383,25.600000381469727,25.3799991607666,25.489999771118164,11200,0.0,0.0,0.0
2022-05-27 00:00:00-04:00,25.670000076293945,26.062999725341797,25.59000015258789,26.059999465942383,18400,0.0,0.0,0.0
2022-05-31 00:00:00-04:00,25.829999923706055,25.834999084472656,25.479999542236328,25.579999923706055,22200,0.0,0.0,0.0
2022-06-01 00:00:00-04:00,25.606000900268555,25.606000900268555,24.940000534057617,25.15999984741211,12100,0.0,0.0,0.0
2022-06-02 00:00:00-04:00,25.079999923706055,25.5310001373291,24.850000381469727,25.520000457763672,5200,0.0,0.0,0.0
2022-06-03 00:00:00-04:00,25.309999465942383,25.454999923706055,25.18000030517578,25.18000030517578,20900,0.0,0.0,0.0
2022-06-06 00:00:00-04:00,25.31999969482422,25.3799991607666,25.110000610351562,25.170000076293945,8200,0.0,0.0,0.0
2022-06-07 00:00:00-04:00,25.010000228881836,25.59000015258789,25.010000228881836,25.59000015258789,2000,0.0,0.0,0.0
2022-06-08 00:00:00-04:00,25.399999618530273,25.600000381469727,25.329999923706055,25.3799991607666,5200,0.0,0.0,0.0
2022-06-09 00:00:00-04:00,25.190000534057617,25.260000228881836,24.79599952697754,24.79599952697754,37500,0.0,0.0,0.0
2022-06-10 00:00:00-04:00,24.290000915527344,24.520000457763672,24.229999542236328,24.395000457763672,10300,0.0,0.0,0.0
2022-06-13 00:00:00-04:00,23.940000534057617,24.010000228881836,23.44499969482422,23.530000686645508,27700,0.0,0.0,0.0
2022-06-14 00:00:00-04:00,23.399999618530273,23.420000076293945,23.100000381469727,23.229999542236328,5000,0.0,0.0,0.0
2022-06-15 00:00:00-04:00,23.3799991607666,23.604999542236328,23.19499969482422,23.52400016784668,10800,0.0,0.0,0.0
2022-06-16 00:00:00-04:00,23.0,23.075000762939453,22.790000915527344,22.989999771118164,42900,0.0,0.0,0.0
2022-06-17 00:00:00-04:00,23.299999237060547,23.399999618530273,23.020000457763672,23.030000686645508,6900,0.0,0.0,0.0
2022-06-21 00:00:00-04:00,23.260000228881836,23.68000030517578,23.260000228881836,23.610000610351562,8900,0.0,0.0,0.0
2022-06-22 00:00:00-04:00,23.6200008392334,24.100000381469727,23.6200008392334,23.899999618530273,16700,0.0,0.0,0.0
2022-06-23 00:00:00-04:00,24.190000534057617,24.420000076293945,24.135000228881836,24.399999618530273,3400,0.0,0.0,0.0
2022-06-24 00:00:00-04:00,24.530000686645508,24.790000915527344,24.469999313354492,24.790000915527344,127300,0.0,0.0,0.0
2022-06-27 00:00:00-04:00,24.799999237060547,25.000999450683594,24.700000762939453,24.93000030517578,6400,0.0,0.0,0.0
2022-06-28 00:00:00-04:00,25.110000610351562,25.110000610351562,24.520000457763672,24.52199935913086,5900,0.0,0.0,0.0
2022-06-29 00:00:00-04:00,24.5,24.899999618530273,24.5,24.760000228881836,3200,0.0,0.0,0.0
2022-06-30 00:00:00-04:00,24.5,24.729999542236328,24.40999984741211,24.610000610351562,4600,0.0,0.0,0.0
2022-07-01 00:00:00-04:00,24.610000610351562,24.860000610351562,24.469999313354492,24.829999923706055,10800,0.0,0.0,0.0
2022-07-05 00:00:00-04:00,24.540000915527344,24.742000579833984,24.211000442504883,24.742000579833984,3400,0.0,0.0,0.0
2022-07-06 00:00:00-04:00,24.68000030517578,24.93600082397461,24.68000030517578,24.809999465942383,5200,0.0,0.0,0.0
2022-07-07 00:00:00-04:00,24.780000686645508,25.040000915527344,24.780000686645508,24.969999313354492,33600,0.0,0.0,0.0
2022-07-08 00:00:00-04:00,25.010000228881836,25.389999389648438,25.010000228881836,25.209999084472656,1800,0.0,0.0,0.0
2022-07-11 00:00:00-04:00,25.040000915527344,25.2450008392334,25.040000915527344,25.058000564575195,2600,0.0,0.0,0.0
2022-07-12 00:00:00-04:00,25.079999923706055,25.190000534057617,24.760000228881836,24.825000762939453,1900,0.0,0.0,0.0
2022-07-13 00:00:00-04:00,24.549999237060547,24.7450008392334,24.549999237060547,24.6299991607666,3600,0.0,0.0,0.0
2022-07-14 00:00:00-04:00,24.25,24.597999572753906,24.19300079345703,24.57900047302246,2700,0.0,0.0,0.0
2022-07-15 00:00:00-04:00,24.959999084472656,25.219999313354492,24.959999084472656,25.219999313354492,2300,0.0,0.0,0.0
2022-07-18 00:00:00-04:00,25.270000457763672,25.270000457763672,24.68000030517578,24.726999282836914,7000,0.0,0.0,0.0
2022-07-19 00:00:00-04:00,25.09000015258789,25.29199981689453,25.09000015258789,25.29199981689453,5300,0.0,0.0,0.0
2022-07-20 00:00:00-04:00,25.190000534057617,25.190000534057617,25.010000228881836,25.073999404907227,2800,0.0,0.0,0.0
2022-07-21 00:00:00-04:00,25.06999969482422,25.277999877929688,25.059999465942383,25.277999877929688,3800,0.0,0.0,0.0
2022-07-22 00:00:00-04:00,25.149999618530273,25.200000762939453,25.131999969482422,25.131999969482422,1700,0.0,0.0,0.0
2022-07-25 00:00:00-04:00,25.260000228881836,25.3439998626709,25.239999771118164,25.3439998626709,1200,0.0,0.0,0.0
2022-07-26 00:00:00-04:00,25.350000381469727,25.579999923706055,25.350000381469727,25.457000732421875,3700,0.0,0.0,0.0
2022-07-27 00:00:00-04:00,25.3700008392334,25.690000534057617,25.360000610351562,25.679000854492188,7700,0.0,0.0,0.0
2022-07-28 00:00:00-04:00,25.34000015258789,25.959999084472656,25.31999969482422,25.8700008392334,3900,0.0,0.0,0.0
2022-07-29 00:00:00-04:00,25.670000076293945,25.843000411987305,25.64900016784668,25.843000411987305,5400,0.0,0.0,0.0
2022-08-01 00:00:00-04:00,25.829999923706055,25.84000015258789,25.59000015258789,25.604000091552734,4900,0.0,0.0,0.0
2022-08-02 00:00:00-04:00,25.729999542236328,25.93000030517578,25.559999465942383,25.6299991607666,82900,0.0,0.0,0.0
2022-08-03 00:00:00-04:00,25.729999542236328,25.8799991607666,25.65999984741211,25.799999237060547,28100,0.0,0.0,0.0
2022-08-04 00:00:00-04:00,25.8700008392334,25.875,25.700000762939453,25.700000762939453,56300,0.0,0.0,0.0
2022-08-05 00:00:00-04:00,25.655000686645508,25.81800079345703,25.565000534057617,25.809999465942383,103900,0.0,0.0,0.0
2022-08-08 00:00:00-04:00,25.899999618530273,25.98900032043457,25.690000534057617,25.816999435424805,46100,0.0,0.0,0.0
2022-08-09 00:00:00-04:00,25.979000091552734,25.979000091552734,25.6200008392334,25.65999984741211,49600,0.0,0.0,0.0
2022-08-10 00:00:00-04:00,25.8799991607666,26.0,25.819000244140625,25.96299934387207,69100,0.0,0.0,0.0
2022-08-11 00:00:00-04:00,26.06999969482422,26.16900062561035,25.799999237060547,25.8700008392334,42800,0.0,0.0,0.0
2022-08-12 00:00:00-04:00,26.030000686645508,26.229999542236328,25.95800018310547,26.229999542236328,24300,0.0,0.0,0.0
2022-08-15 00:00:00-04:00,26.219999313354492,26.459999084472656,26.051000595092773,26.389999389648438,78700,0.0,0.0,0.0
2022-08-16 00:00:00-04:00,26.239999771118164,26.429000854492188,26.19499969482422,26.3700008392334,54300,0.0,0.0,0.0
2022-08-17 00:00:00-04:00,26.200000762939453,26.260000228881836,26.06999969482422,26.118999481201172,105900,0.0,0.0,0.0
2022-08-18 00:00:00-04:00,26.1200008392334,26.15999984741211,25.8700008392334,26.110000610351562,81900,0.0,0.0,0.0
2022-08-19 00:00:00-04:00,26.09000015258789,26.18000030517578,26.010000228881836,26.1200008392334,21900,0.0,0.0,0.0
2022-08-22 00:00:00-04:00,25.959999084472656,25.969999313354492,25.600000381469727,25.75,500700,0.0,0.0,0.0
2022-08-23 00:00:00-04:00,25.829999923706055,25.829999923706055,25.399999618530273,25.489999771118164,463800,0.0,0.0,0.0
2022-08-24 00:00:00-04:00,25.6200008392334,25.690000534057617,25.469999313354492,25.625999450683594,100300,0.0,0.0,0.0
2022-08-25 00:00:00-04:00,25.649999618530273,25.90999984741211,25.579999923706055,25.90999984741211,94300,0.0,0.0,0.0
2022-08-26 00:00:00-04:00,25.90999984741211,25.90999984741211,24.940000534057617,25.020000457763672,183200,0.0,0.0,0.0
2022-08-29 00:00:00-04:00,24.8799991607666,25.18000030517578,24.711000442504883,24.93899917602539,238600,0.0,0.0,0.0
2022-08-30 00:00:00-04:00,24.920000076293945,24.9689998626709,24.65999984741211,24.746999740600586,201400,0.0,0.0,0.0
2022-08-31 00:00:00-04:00,24.899999618530273,25.020000457763672,24.6200008392334,24.700000762939453,67600,0.0,0.0,0.0
2022-09-01 00:00:00-04:00,24.540000915527344,24.829999923706055,24.290000915527344,24.81999969482422,1011900,0.0,0.0,0.0
2022-09-02 00:00:00-04:00,24.959999084472656,25.0,24.40399932861328,24.481000900268555,81500,0.0,0.0,0.0
2022-09-06 00:00:00-04:00,24.5,24.674999237060547,24.360000610351562,24.389999389648438,31600,0.0,0.0,0.0
2022-09-07 00:00:00-04:00,24.389999389648438,25.049999237060547,24.389999389648438,25.003999710083008,73800,0.0,0.0,0.0
2022-09-08 00:00:00-04:00,24.889999389648438,25.55299949645996,24.8799991607666,25.55299949645996,41800,0.0,0.0,0.0
2022-09-09 00:00:00-04:00,25.610000610351562,25.90999984741211,25.610000610351562,25.790000915527344,86500,0.0,0.0,0.0
2022-09-12 00:00:00-04:00,25.81999969482422,26.049999237060547,25.75,25.934999465942383,52700,0.0,0.0,0.0
2022-09-13 00:00:00-04:00,25.530000686645508,25.530000686645508,25.1299991607666,25.170000076293945,47600,0.0,0.0,0.0
2022-09-14 00:00:00-04:00,25.149999618530273,25.25,24.920000076293945,25.110000610351562,50400,0.0,0.0,0.0
2022-09-15 00:00:00-04:00,25.334999084472656,25.420000076293945,25.190000534057617,25.229999542236328,23400,0.0,0.0,0.0
2022-09-16 00:00:00-04:00,25.025999069213867,25.059999465942383,24.799999237060547,25.040000915527344,53500,0.0,0.0,0.0
2022-09-19 00:00:00-04:00,24.799999237060547,24.97599983215332,24.52899932861328,24.969999313354492,29000,0.0,0.0,0.0
2022-09-20 00:00:00-04:00,24.700000762939453,24.709999084472656,24.5,24.641000747680664,20100,0.0,0.0,0.0
2022-09-21 00:00:00-04:00,24.764999389648438,24.829999923706055,24.190000534057617,24.209999084472656,38900,0.0,0.0,0.0
2022-09-22 00:00:00-04:00,24.1299991607666,24.209999084472656,23.950000762939453,24.058000564575195,40200,0.0,0.0,0.0
2022-09-23 00:00:00-04:00,23.850000381469727,23.899999618530273,23.56999969482422,23.899999618530273,93800,0.0,0.0,0.0
2022-09-26 00:00:00-04:00,23.709999084472656,23.84000015258789,23.530000686645508,23.600000381469727,18500,0.0,0.0,0.0
2022-09-27 00:00:00-04:00,23.708999633789062,23.851999282836914,23.469999313354492,23.530000686645508,20100,0.0,0.0,0.0
2022-09-28 00:00:00-04:00,23.75,24.200000762939453,23.75,24.110000610351562,72500,0.0,0.0,0.0
2022-09-29 00:00:00-04:00,23.8799991607666,23.90999984741211,23.65999984741211,23.888999938964844,17500,0.0,0.0,0.0
2022-09-30 00:00:00-04:00,23.920000076293945,24.22599983215332,23.743000030517578,23.743000030517578,6500,0.0,0.0,0.0
2022-10-03 00:00:00-04:00,24.209999084472656,24.40999984741211,24.1299991607666,24.336999893188477,13500,0.0,0.0,0.0
2022-10-04 00:00:00-04:00,24.649999618530273,24.8799991607666,24.649999618530273,24.860000610351562,33700,0.0,0.0,0.0
2022-10-05 00:00:00-04:00,24.639999389648438,25.030000686645508,24.600000381469727,24.957000732421875,61400,0.0,0.0,0.0
2022-10-06 00:00:00-04:00,24.959999084472656,24.959999084472656,24.649999618530273,24.72100067138672,6600,0.0,0.0,0.0
2022-10-07 00:00:00-04:00,24.40999984741211,24.40999984741211,24.020000457763672,24.049999237060547,9300,0.0,0.0,0.0
2022-10-10 00:00:00-04:00,24.059999465942383,24.059999465942383,23.834999084472656,23.92300033569336,13800,0.0,0.0,0.0
2022-10-11 00:00:00-04:00,23.780000686645508,24.19499969482422,23.709999084472656,24.023000717163086,4800,0.0,0.0,0.0
2022-10-12 00:00:00-04:00,24.040000915527344,24.09000015258789,23.815000534057617,23.815000534057617,4400,0.0,0.0,0.0
2022-10-13 00:00:00-04:00,23.450000762939453,24.42099952697754,23.43000030517578,24.334999084472656,20200,0.0,0.0,0.0
2022-10-14 00:00:00-04:00,24.545000076293945,24.645000457763672,24.038999557495117,24.038999557495117,8500,0.0,0.0,0.0
2022-10-17 00:00:00-04:00,24.360000610351562,24.520000457763672,24.360000610351562,24.493000030517578,8900,0.0,0.0,0.0
2022-10-18 00:00:00-04:00,24.889999389648438,24.889999389648438,24.549999237060547,24.559999465942383,13800,0.0,0.0,0.0
2022-10-19 00:00:00-04:00,24.461000442504883,24.461000442504883,24.170000076293945,24.309999465942383,6600,0.0,0.0,0.0
2022-10-20 00:00:00-04:00,24.510000228881836,24.510000228881836,24.190000534057617,24.26099967956543,86000,0.0,0.0,0.0
2022-10-21 00:00:00-04:00,24.21299934387207,24.639999389648438,24.21299934387207,24.600000381469727,83900,0.0,0.0,0.0
2022-10-24 00:00:00-04:00,24.969999313354492,25.094999313354492,24.902999877929688,25.045000076293945,23300,0.0,0.0,0.0
2022-10-25 00:00:00-04:00,25.139999389648438,25.55500030517578,25.139999389648438,25.534000396728516,16600,0.0,0.0,0.0
2022-10-26 00:00:00-04:00,25.84000015258789,26.1299991607666,25.75,25.80500030517578,15600,0.0,0.0,0.0
2022-10-27 00:00:00-04:00,25.989999771118164,25.989999771118164,25.604999542236328,25.604999542236328,7700,0.0,0.0,0.0
2022-10-28 00:00:00-04:00,25.719999313354492,26.114999771118164,25.719999313354492,26.114999771118164,9200,0.0,0.0,0.0
2022-10-31 00:00:00-04:00,25.93000030517578,26.1299991607666,25.93000030517578,26.091999053955078,6000,0.0,0.0,0.0
2022-11-01 00:00:00-04:00,26.06999969482422,26.110000610351562,25.84000015258789,26.048999786376953,117800,0.0,0.0,0.0
2022-11-02 00:00:00-04:00,26.0,26.41200065612793,25.757999420166016,25.757999420166016,8100,0.0,0.0,0.0
2022-11-03 00:00:00-04:00,25.5,25.700000762939453,25.5,25.56100082397461,28200,0.0,0.0,0.0
2022-11-04 00:00:00-04:00,25.829999923706055,25.829999923706055,25.3799991607666,25.729999542236328,29400,0.0,0.0,0.0
2022-11-07 00:00:00-05:00,25.600000381469727,26.010000228881836,25.600000381469727,25.909000396728516,37300,0.0,0.0,0.0
2022-11-08 00:00:00-05:00,25.8799991607666,26.1200008392334,25.690000534057617,25.8700008392334,18600,0.0,0.0,0.0
2022-11-09 00:00:00-05:00,25.799999237060547,25.917999267578125,25.420000076293945,25.461000442504883,12600,0.0,0.0,0.0
2022-11-10 00:00:00-05:00,26.15999984741211,26.309999465942383,25.850000381469727,26.253999710083008,42900,0.0,0.0,0.0
2022-11-11 00:00:00-05:00,26.200000762939453,26.200000762939453,25.600000381469727,25.97599983215332,34800,0.0,0.0,0.0
2022-11-14 00:00:00-05:00,25.950000762939453,26.250999450683594,25.940000534057617,25.951000213623047,19700,0.0,0.0,0.0
2022-11-15 00:00:00-05:00,26.195999145507812,26.200000762939453,25.7810001373291,25.95400047302246,9800,0.0,0.0,0.0
2022-11-16 00:00:00-05:00,26.0,26.1299991607666,25.889999389648438,25.933000564575195,7500,0.0,0.0,0.0
2022-11-17 00:00:00-05:00,25.753000259399414,25.959999084472656,25.702999114990234,25.826000213623047,7400,0.0,0.0,0.0
2022-11-18 00:00:00-05:00,26.22599983215332,26.23699951171875,26.06800079345703,26.15999984741211,8300,0.0,0.0,0.0
2022-11-21 00:00:00-05:00,26.1200008392334,26.277999877929688,26.09000015258789,26.152999877929688,28600,0.0,0.0,0.0
2022-11-22 00:00:00-05:00,26.225000381469727,26.350000381469727,26.200000762939453,26.3439998626709,8700,0.0,0.0,0.0
2022-11-23 00:00:00-05:00,26.420000076293945,26.527999877929688,26.31999969482422,26.469999313354492,11100,0.0,0.0,0.0
2022-11-25 00:00:00-05:00,26.569000244140625,26.670000076293945,26.569000244140625,26.642000198364258,7000,0.0,0.0,0.0
2022-11-28 00:00:00-05:00,26.608999252319336,26.610000610351562,26.280000686645508,26.332000732421875,10700,0.0,0.0,0.0
2022-11-29 00:00:00-05:00,26.325000762939453,26.389999389648438,26.18899917602539,26.309999465942383,146400,0.0,0.0,0.0
2022-11-30 00:00:00-05:00,26.549999237060547,27.290000915527344,26.530000686645508,27.270000457763672,43000,0.0,0.0,0.0
2022-12-01 00:00:00-05:00,27.3700008392334,27.579999923706055,27.301000595092773,27.3799991607666,80500,0.0,0.0,0.0
2022-12-02 00:00:00-05:00,27.170000076293945,27.65999984741211,27.170000076293945,27.590999603271484,30400,0.0,0.0,0.0
2022-12-05 00:00:00-05:00,27.309999465942383,27.389999389648438,27.124000549316406,27.200000762939453,39400,0.0,0.0,0.0
2022-12-06 00:00:00-05:00,27.229999542236328,27.229999542236328,26.8799991607666,27.020000457763672,80600,0.0,0.0,0.0
2022-12-07 00:00:00-05:00,27.219999313354492,27.268999099731445,27.114999771118164,27.260000228881836,27300,0.0,0.0,0.0
2022-12-08 00:00:00-05:00,27.239999771118164,27.399999618530273,27.141000747680664,27.302000045776367,44200,0.0,0.0,0.0
2022-12-09 00:00:00-05:00,27.270000457763672,27.329999923706055,27.030000686645508,27.030000686645508,43300,0.0,0.0,0.0
2022-12-12 00:00:00-05:00,27.209999084472656,27.43400001525879,27.209999084472656,27.43400001525879,49300,0.0,0.0,0.0
2022-12-13 00:00:00-05:00,27.979999542236328,27.979999542236328,27.3799991607666,27.458999633789062,44000,0.0,0.0,0.0
2022-12-14 00:00:00-05:00,27.54800033569336,27.6299991607666,27.299999237060547,27.440000534057617,55600,0.0,0.0,0.0
2022-12-15 00:00:00-05:00,27.190000534057617,27.190000534057617,26.690000534057617,26.790000915527344,212800,0.0,0.0,0.0
2022-12-16 00:00:00-05:00,26.450000762939453,26.6299991607666,26.290000915527344,26.559999465942383,101700,0.0,0.0,0.0
2022-12-19 00:00:00-05:00,26.559999465942383,26.559999465942383,26.31999969482422,26.40999984741211,89800,0.0,0.0,0.0
2022-12-20 00:00:00-05:00,26.264999389648438,26.549999237060547,26.209999084472656,26.422000885009766,95900,0.0,0.0,0.0
2022-12-21 00:00:00-05:00,26.6299991607666,26.8700008392334,26.530000686645508,26.719999313354492,102700,0.0,0.0,0.0
2022-12-22 00:00:00-05:00,26.62700080871582,26.649999618530273,26.360000610351562,26.649999618530273,78500,0.0,0.0,0.0
2022-12-23 00:00:00-05:00,26.670000076293945,26.670000076293945,26.43000030517578,26.549999237060547,12900,0.0,0.0,0.0
2022-12-27 00:00:00-05:00,26.479999542236328,26.540000915527344,26.340999603271484,26.389999389648438,25300,0.0,0.0,0.0
2022-12-28 00:00:00-05:00,26.530000686645508,26.530000686645508,26.260000228881836,26.309999465942383,13100,0.0,0.0,0.0
2022-12-29 00:00:00-05:00,26.413999557495117,26.739999771118164,26.413999557495117,26.617000579833984,21900,0.0,0.0,0.0
2022-12-30 00:00:00-05:00,26.549999237060547,26.60099983215332,26.299999237060547,26.599000930786133,22700,0.0,0.0,0.0
2023-01-03 00:00:00-05:00,26.670000076293945,26.76099967956543,26.200000762939453,26.392000198364258,18700,0.0,0.0,0.0
2023-01-04 00:00:00-05:00,26.58799934387207,26.599000930786133,26.31999969482422,26.479999542236328,32700,0.0,0.0,0.0
2023-01-05 00:00:00-05:00,26.350000381469727,26.3799991607666,26.125,26.229999542236328,67400,0.0,0.0,0.0
2023-01-06 00:00:00-05:00,26.329999923706055,26.55900001525879,26.049999237060547,26.389999389648438,71800,0.0,0.0,0.0
2023-01-09 00:00:00-05:00,26.389999389648438,26.389999389648438,25.469999313354492,25.514999389648438,305400,0.0,0.0,0.0
2023-01-10 00:00:00-05:00,25.40999984741211,25.790000915527344,25.3799991607666,25.690000534057617,85800,0.0,0.0,0.0
2023-01-11 00:00:00-05:00,25.68000030517578,25.780000686645508,25.530000686645508,25.780000686645508,58400,0.0,0.0,0.0
2023-01-12 00:00:00-05:00,25.829999923706055,25.895000457763672,25.5,25.8799991607666,22000,0.0,0.0,0.0
2023-01-13 00:00:00-05:00,25.780000686645508,26.132999420166016,25.780000686645508,26.132999420166016,19900,0.0,0.0,0.0
2023-01-17 00:00:00-05:00,25.979999542236328,26.224000930786133,25.979999542236328,26.200000762939453,28300,0.0,0.0,0.0
2023-01-18 00:00:00-05:00,26.18000030517578,26.23699951171875,25.799999237060547,25.802000045776367,117800,0.0,0.0,0.0
2023-01-19 00:00:00-05:00,25.829999923706055,25.889999389648438,25.735000610351562,25.770000457763672,21300,0.0,0.0,0.0
2023-01-20 00:00:00-05:00,25.75,26.010000228881836,25.709999084472656,25.989999771118164,45900,0.0,0.0,0.0
2023-01-23 00:00:00-05:00,25.950000762939453,26.187000274658203,25.920000076293945,26.06999969482422,40600,0.0,0.0,0.0
2023-01-24 00:00:00-05:00,26.079999923706055,26.079999923706055,25.8700008392334,25.90999984741211,65000,0.0,0.0,0.0
2023-01-25 00:00:00-05:00,25.760000228881836,25.959999084472656,25.665000915527344,25.959999084472656,13000,0.0,0.0,0.0
2023-01-26 00:00:00-05:00,26.040000915527344,26.079999923706055,25.892000198364258,26.079999923706055,58200,0.0,0.0,0.0
2023-01-27 00:00:00-05:00,25.920000076293945,25.969999313354492,25.8700008392334,25.8700008392334,4400,0.0,0.0,0.0
2023-01-30 00:00:00-05:00,25.920000076293945,25.93000030517578,25.6200008392334,25.649999618530273,7200,0.0,0.0,0.0
2023-01-31 00:00:00-05:00,25.854999542236328,26.049999237060547,25.799999237060547,26.049999237060547,55700,0.0,0.0,0.0
2023-02-01 00:00:00-05:00,26.110000610351562,26.368999481201172,25.8799991607666,26.219999313354492,174400,0.0,0.0,0.0
2023-02-02 00:00:00-05:00,26.219999313354492,26.219999313354492,25.90999984741211,26.030000686645508,81100,0.0,0.0,0.0
2023-02-03 00:00:00-05:00,25.8799991607666,26.09000015258789,25.825000762939453,25.8799991607666,14100,0.0,0.0,0.0
2023-02-06 00:00:00-05:00,25.81999969482422,25.81999969482422,25.559999465942383,25.56999969482422,11300,0.0,0.0,0.0
2023-02-07 00:00:00-05:00,25.4060001373291,25.847000122070312,25.3700008392334,25.770000457763672,22600,0.0,0.0,0.0
2023-02-08 00:00:00-05:00,25.739999771118164,25.760000228881836,25.639999389648438,25.670000076293945,6100,0.0,0.0,0.0
2023-02-09 00:00:00-05:00,25.75,25.77899932861328,25.360000610351562,25.40999984741211,24300,0.0,0.0,0.0
2023-02-10 00:00:00-05:00,25.47800064086914,25.59000015258789,25.44499969482422,25.57200050354004,16100,0.0,0.0,0.0
2023-02-13 00:00:00-05:00,25.6299991607666,25.81999969482422,25.6299991607666,25.790000915527344,7800,0.0,0.0,0.0
2023-02-14 00:00:00-05:00,25.850000381469727,25.850000381469727,25.610000610351562,25.68000030517578,2200,0.0,0.0,0.0
2023-02-15 00:00:00-05:00,25.549999237060547,25.709999084472656,25.541000366210938,25.65999984741211,7500,0.0,0.0,0.0
2023-02-16 00:00:00-05:00,25.450000762939453,25.739999771118164,25.43000030517578,25.43000030517578,24500,0.0,0.0,0.0
2023-02-17 00:00:00-05:00,25.31999969482422,25.610000610351562,25.31999969482422,25.579999923706055,8600,0.0,0.0,0.0
2023-02-21 00:00:00-05:00,25.40999984741211,25.40999984741211,25.1200008392334,25.1200008392334,12700,0.0,0.0,0.0
2023-02-22 00:00:00-05:00,25.040000915527344,25.1299991607666,24.988000869750977,24.989999771118164,4300,0.0,0.0,0.0
2023-02-23 00:00:00-05:00,25.049999237060547,25.170000076293945,24.8799991607666,25.110000610351562,4600,0.0,0.0,0.0
2023-02-24 00:00:00-05:00,24.8700008392334,24.8700008392334,24.68000030517578,24.719999313354492,8900,0.0,0.0,0.0
2023-02-27 00:00:00-05:00,24.829999923706055,25.0,24.700000762939453,24.732999801635742,5700,0.0,0.0,0.0
2023-02-28 00:00:00-05:00,24.790000915527344,24.809999465942383,24.660999298095703,24.7189998626709,7700,0.0,0.0,0.0
2023-03-01 00:00:00-05:00,24.59000015258789,24.709999084472656,24.59000015258789,24.67300033569336,9900,0.0,0.0,0.0
2023-03-02 00:00:00-05:00,24.649999618530273,24.860000610351562,24.649999618530273,24.84000015258789,4000,0.0,0.0,0.0
2023-03-03 00:00:00-05:00,24.926000595092773,25.267000198364258,24.926000595092773,25.267000198364258,11300,0.0,0.0,0.0
2023-03-06 00:00:00-05:00,25.200000762939453,25.270000457763672,25.038999557495117,25.09000015258789,8400,0.0,0.0,0.0
2023-03-07 00:00:00-05:00,25.079999923706055,25.079999923706055,24.719999313354492,24.729999542236328,7900,0.0,0.0,0.0
2023-03-08 00:00:00-05:00,24.65999984741211,24.65999984741211,24.469999313354492,24.489999771118164,19800,0.0,0.0,0.0
2023-03-09 00:00:00-05:00,24.649999618530273,24.68000030517578,24.209999084472656,24.25,18100,0.0,0.0,0.0
2023-03-10 00:00:00-05:00,24.149999618530273,24.18000030517578,23.709999084472656,23.84000015258789,11200,0.0,0.0,0.0
2023-03-13 00:00:00-04:00,23.670000076293945,24.209999084472656,23.670000076293945,24.018999099731445,7000,0.0,0.0,0.0
2023-03-14 00:00:00-04:00,24.368999481201172,24.399999618530273,24.139999389648438,24.297000885009766,8400,0.0,0.0,0.0
2023-03-15 00:00:00-04:00,24.049999237060547,24.200000762939453,23.920000076293945,24.15999984741211,5500,0.0,0.0,0.0
2023-03-16 00:00:00-04:00,24.030000686645508,24.469999313354492,23.969999313354492,24.44499969482422,10100,0.0,0.0,0.0
2023-03-17 00:00:00-04:00,24.329999923706055,24.329999923706055,24.06999969482422,24.136999130249023,4400,0.0,0.0,0.0
2023-03-20 00:00:00-04:00,24.350000381469727,24.489999771118164,24.33099937438965,24.43000030517578,12500,0.0,0.0,0.0
2023-03-21 00:00:00-04:00,24.670000076293945,24.719999313354492,24.510000228881836,24.70400047302246,2700,0.0,0.0,0.0
2023-03-22 00:00:00-04:00,24.68000030517578,24.719999313354492,24.31999969482422,24.32200050354004,10400,0.0,0.0,0.0
2023-03-23 00:00:00-04:00,24.600000381469727,24.670000076293945,24.25,24.312000274658203,9400,0.0,0.0,0.0
2023-03-24 00:00:00-04:00,24.304000854492188,24.635000228881836,24.299999237060547,24.635000228881836,2900,0.0,0.0,0.0
2023-03-27 00:00:00-04:00,24.739999771118164,24.920000076293945,24.739999771118164,24.792999267578125,6400,0.0,0.0,0.0
2023-03-28 00:00:00-04:00,24.84600067138672,24.889999389648438,24.6200008392334,24.652999877929688,7200,0.0,0.0,0.0
2023-03-29 00:00:00-04:00,24.78499984741211,24.78499984741211,24.690000534057617,24.7450008392334,4800,0.0,0.0,0.0
2023-03-30 00:00:00-04:00,24.81999969482422,24.850000381469727,24.7189998626709,24.81599998474121,3200,0.0,0.0,0.0
2023-03-31 00:00:00-04:00,24.799999237060547,25.10700035095215,24.799999237060547,25.10700035095215,9400,0.0,0.0,0.0
2023-04-03 00:00:00-04:00,25.065000534057617,25.198999404907227,25.065000534057617,25.179000854492188,7800,0.0,0.0,0.0
2023-04-04 00:00:00-04:00,25.29400062561035,25.29400062561035,25.100000381469727,25.118999481201172,4600,0.0,0.0,0.0
2023-04-05 00:00:00-04:00,25.260000228881836,25.43000030517578,25.260000228881836,25.38800048828125,3700,0.0,0.0,0.0
2023-04-06 00:00:00-04:00,25.399999618530273,25.510000228881836,25.3700008392334,25.459999084472656,113200,0.0,0.0,0.0
2023-04-10 00:00:00-04:00,25.25,25.420000076293945,25.229999542236328,25.417999267578125,97600,0.0,0.0,0.0
2023-04-11 00:00:00-04:00,25.600000381469727,25.670000076293945,25.579999923706055,25.617000579833984,12400,0.0,0.0,0.0
2023-04-12 00:00:00-04:00,25.610000610351562,25.829999923706055,25.56999969482422,25.6200008392334,36200,0.0,0.0,0.0
2023-04-13 00:00:00-04:00,25.739999771118164,25.93000030517578,25.719999313354492,25.92799949645996,21600,0.0,0.0,0.0
2023-04-14 00:00:00-04:00,25.90999984741211,25.947999954223633,25.69499969482422,25.80699920654297,7800,0.0,0.0,0.0
2023-04-17 00:00:00-04:00,25.899999618530273,25.899999618530273,25.719999313354492,25.836000442504883,14400,0.0,0.0,0.0
2023-04-18 00:00:00-04:00,25.799999237060547,25.799999237060547,25.600000381469727,25.65999984741211,124900,0.0,0.0,0.0
2023-04-19 00:00:00-04:00,25.700000762939453,25.90999984741211,25.700000762939453,25.885000228881836,47200,0.0,0.0,0.0
2023-04-20 00:00:00-04:00,25.815000534057617,25.860000610351562,25.700000762939453,25.790000915527344,44200,0.0,0.0,0.0
2023-04-21 00:00:00-04:00,26.0,26.049999237060547,25.8700008392334,26.0049991607666,47100,0.0,0.0,0.0
2023-04-24 00:00:00-04:00,26.049999237060547,26.15999984741211,26.049999237060547,26.1200008392334,36100,0.0,0.0,0.0
2023-04-25 00:00:00-04:00,26.200000762939453,26.202999114990234,25.829999923706055,25.860000610351562,27600,0.0,0.0,0.0
2023-04-26 00:00:00-04:00,25.68199920654297,25.76799964904785,25.517000198364258,25.72599983215332,126900,0.0,0.0,0.0
2023-04-27 00:00:00-04:00,25.889999389648438,25.889999389648438,25.469999313354492,25.760000228881836,121600,0.0,0.0,0.0
2023-04-28 00:00:00-04:00,25.809999465942383,26.1200008392334,25.700000762939453,25.969999313354492,90400,0.0,0.0,0.0
2023-05-01 00:00:00-04:00,25.93000030517578,26.101999282836914,25.93000030517578,26.014999389648438,48600,0.0,0.0,0.0
2023-05-02 00:00:00-04:00,26.049999237060547,26.049999237060547,25.670000076293945,25.8799991607666,105200,0.0,0.0,0.0
2023-05-03 00:00:00-04:00,25.950000762939453,26.21299934387207,25.950000762939453,25.96500015258789,50700,0.0,0.0,0.0
2023-05-04 00:00:00-04:00,25.989999771118164,25.989999771118164,25.6200008392334,25.739999771118164,459500,0.0,0.0,0.0
2023-05-05 00:00:00-04:00,25.959999084472656,26.110000610351562,25.829999923706055,26.049999237060547,312300,0.0,0.0,0.0
2023-05-08 00:00:00-04:00,26.100000381469727,26.100000381469727,25.850000381469727,26.020000457763672,69900,0.0,0.0,0.0
2023-05-09 00:00:00-04:00,25.850000381469727,25.93000030517578,25.770000457763672,25.8799991607666,61800,0.0,0.0,0.0
2023-05-10 00:00:00-04:00,26.09000015258789,26.18000030517578,25.940000534057617,26.084999084472656,111300,0.0,0.0,0.0
2023-05-11 00:00:00-04:00,26.110000610351562,26.110000610351562,25.889999389648438,25.988000869750977,30000,0.0,0.0,0.0
2023-05-12 00:00:00-04:00,26.149999618530273,26.149999618530273,25.809999465942383,25.913999557495117,119100,0.0,0.0,0.0
2023-05-15 00:00:00-04:00,26.0,26.010000228881836,25.892000198364258,25.959999084472656,12200,0.0,0.0,0.0
2023-05-16 00:00:00-04:00,25.969999313354492,25.969999313354492,25.760000228881836,25.84000015258789,39400,0.0,0.0,0.0
2023-05-17 00:00:00-04:00,25.899999618530273,25.899999618530273,25.540000915527344,25.844999313354492,227800,0.0,0.0,0.0
2023-05-18 00:00:00-04:00,25.709999084472656,25.84000015258789,25.6299991607666,25.809999465942383,166900,0.0,0.0,0.0
2023-05-19 00:00:00-04:00,25.93000030517578,26.110000610351562,25.8700008392334,25.950000762939453,179500,0.0,0.0,0.0
2023-05-22 00:00:00-04:00,25.920000076293945,26.104999542236328,25.8700008392334,25.899999618530273,55500,0.0,0.0,0.0
2023-05-23 00:00:00-04:00,25.809999465942383,25.8799991607666,25.5,25.565000534057617,297300,0.0,0.0,0.0
2023-05-24 00:00:00-04:00,25.600000381469727,25.600000381469727,25.280000686645508,25.350000381469727,186500,0.0,0.0,0.0
2023-05-25 00:00:00-04:00,25.329999923706055,25.329999923706055,24.8799991607666,25.040000915527344,60900,0.0,0.0,0.0
2023-05-26 00:00:00-04:00,25.010000228881836,25.204999923706055,24.969999313354492,24.979999542236328,31800,0.0,0.0,0.0
2023-05-30 00:00:00-04:00,25.030000686645508,25.149999618530273,24.84000015258789,24.860000610351562,42000,0.0,0.0,0.0
2023-05-31 00:00:00-04:00,24.809999465942383,25.010000228881836,24.700000762939453,24.969999313354492,601100,0.0,0.0,0.0
2023-06-01 00:00:00-04:00,24.969999313354492,25.229999542236328,24.829999923706055,25.18000030517578,23900,0.0,0.0,0.0
2023-06-02 00:00:00-04:00,25.34000015258789,25.540000915527344,25.260000228881836,25.520000457763672,37400,0.0,0.0,0.0
2023-06-05 00:00:00-04:00,25.5,25.690000534057617,25.5,25.66699981689453,122700,0.0,0.0,0.0
2023-06-06 00:00:00-04:00,25.709999084472656,25.75,25.5,25.600000381469727,131200,0.0,0.0,0.0
2023-06-07 00:00:00-04:00,25.59000015258789,25.600000381469727,25.420000076293945,25.440000534057617,46700,0.0,0.0,0.0
2023-06-08 00:00:00-04:00,25.450000762939453,25.670000076293945,25.450000762939453,25.65999984741211,11400,0.0,0.0,0.0
2023-06-09 00:00:00-04:00,25.719999313354492,25.719999313354492,25.41200065612793,25.610000610351562,12600,0.0,0.0,0.0
2023-06-12 00:00:00-04:00,25.700000762939453,25.829999923706055,25.660999298095703,25.81999969482422,27000,0.0,0.0,0.0
2023-06-13 00:00:00-04:00,25.790000915527344,26.079999923706055,25.790000915527344,26.030000686645508,42600,0.0,0.0,0.0
2023-06-14 00:00:00-04:00,26.059999465942383,26.15999984741211,25.850000381469727,25.979999542236328,22500,0.0,0.0,0.0
2023-06-15 00:00:00-04:00,26.100000381469727,26.351999282836914,26.090999603271484,26.350000381469727,18800,0.0,0.0,0.0
2023-06-16 00:00:00-04:00,26.5,26.5,26.290000915527344,26.31999969482422,10700,0.0,0.0,0.0
2023-06-20 00:00:00-04:00,26.290000915527344,26.454999923706055,26.209999084472656,26.3700008392334,14900,0.0,0.0,0.0
2023-06-21 00:00:00-04:00,26.5,26.5,26.290000915527344,26.420000076293945,94300,0.0,0.0,0.0
2023-06-22 00:00:00-04:00,26.3700008392334,26.6200008392334,26.3700008392334,26.56999969482422,13400,0.0,0.0,0.0
2023-06-23 00:00:00-04:00,26.5,26.530000686645508,26.416000366210938,26.420000076293945,10800,0.0,0.0,0.0
2023-06-26 00:00:00-04:00,26.309999465942383,26.40999984741211,26.139999389648438,26.329999923706055,182000,0.0,0.0,0.0
2023-06-27 00:00:00-04:00,26.25,26.299999237060547,26.024999618530273,26.100000381469727,128900,0.0,0.0,0.0
2023-06-28 00:00:00-04:00,26.1299991607666,26.190000534057617,26.011999130249023,26.1200008392334,100300,0.0,0.0,0.0
2023-06-29 00:00:00-04:00,26.09000015258789,26.309999465942383,26.020000457763672,26.299999237060547,56600,0.0,0.0,0.0
2023-06-30 00:00:00-04:00,26.514999389648438,26.600000381469727,26.450000762939453,26.53700065612793,97700,0.0,0.0,0.0
2023-07-03 00:00:00-04:00,26.40999984741211,26.40999984741211,26.240999221801758,26.319000244140625,68600,0.0,0.0,0.0
2023-07-05 00:00:00-04:00,26.260000228881836,26.375999450683594,26.190000534057617,26.270000457763672,88800,0.0,0.0,0.0
2023-07-06 00:00:00-04:00,26.1200008392334,26.1200008392334,25.924999237060547,26.049999237060547,351800,0.0,0.0,0.0
2023-07-07 00:00:00-04:00,26.010000228881836,26.03499984741211,25.84000015258789,25.850000381469727,263900,0.0,0.0,0.0
2023-07-10 00:00:00-04:00,25.989999771118164,26.18600082397461,25.989999771118164,26.184999465942383,234900,0.0,0.0,0.0
2023-07-11 00:00:00-04:00,26.249000549316406,26.270000457763672,26.094999313354492,26.209999084472656,84800,0.0,0.0,0.0
2023-07-12 00:00:00-04:00,26.34000015258789,26.34000015258789,26.170000076293945,26.190000534057617,23300,0.0,0.0,0.0
2023-07-13 00:00:00-04:00,26.309999465942383,26.420000076293945,26.260000228881836,26.350000381469727,73000,0.0,0.0,0.0
2023-07-14 00:00:00-04:00,26.5,26.56999969482422,26.472000122070312,26.489999771118164,24500,0.0,0.0,0.0
2023-07-17 00:00:00-04:00,26.59000015258789,26.739999771118164,26.559999465942383,26.65999984741211,42900,0.0,0.0,0.0
2023-07-18 00:00:00-04:00,26.690000534057617,26.899999618530273,26.690000534057617,26.84000015258789,27900,0.0,0.0,0.0
2023-07-19 00:00:00-04:00,26.93000030517578,27.079999923706055,26.8700008392334,26.899999618530273,38800,0.0,0.0,0.0
2023-07-20 00:00:00-04:00,27.149999618530273,27.219999313354492,27.020999908447266,27.145000457763672,77100,0.0,0.0,0.0
2023-07-21 00:00:00-04:00,27.25,27.309999465942383,27.184999465942383,27.219999313354492,46800,0.0,0.0,0.0
2023-07-24 00:00:00-04:00,27.18000030517578,27.219999313354492,26.979999542236328,26.989999771118164,51300,0.0,0.0,0.0
2023-07-25 00:00:00-04:00,27.110000610351562,27.1200008392334,27.020000457763672,27.06999969482422,18700,0.0,0.0,0.0
2023-07-26 00:00:00-04:00,27.0,27.15999984741211,26.934999465942383,27.059999465942383,70200,0.0,0.0,0.0
2023-07-27 00:00:00-04:00,27.260000228881836,27.260000228881836,26.8700008392334,26.8799991607666,24000,0.0,0.0,0.0
2023-07-28 00:00:00-04:00,27.010000228881836,27.101999282836914,26.899999618530273,27.079999923706055,61000,0.0,0.0,0.0
2023-07-31 00:00:00-04:00,27.139999389648438,27.139999389648438,26.834999084472656,26.915000915527344,165800,0.0,0.0,0.0
2023-08-01 00:00:00-04:00,26.829999923706055,26.829999923706055,26.639999389648438,26.690000534057617,313500,0.0,0.0,0.0
2023-08-02 00:00:00-04:00,26.6299991607666,26.6299991607666,26.299999237060547,26.309999465942383,242700,0.0,0.0,0.0
2023-08-03 00:00:00-04:00,26.280000686645508,26.280000686645508,26.110000610351562,26.14699935913086,335900,0.0,0.0,0.0
2023-08-04 00:00:00-04:00,26.260000228881836,26.39699935913086,26.139999389648438,26.170000076293945,123200,0.0,0.0,0.0
2023-08-07 00:00:00-04:00,26.270000457763672,26.349000930786133,26.15999984741211,26.290000915527344,262800,0.0,0.0,0.0
2023-08-08 00:00:00-04:00,26.280000686645508,26.3700008392334,26.15999984741211,26.34000015258789,269500,0.0,0.0,0.0
2023-08-09 00:00:00-04:00,26.393999099731445,26.454999923706055,26.290000915527344,26.329999923706055,97200,0.0,0.0,0.0
2023-08-10 00:00:00-04:00,26.389999389648438,26.65999984741211,26.329999923706055,26.360000610351562,40300,0.0,0.0,0.0
2023-08-11 00:00:00-04:00,26.25,26.5,26.25,26.441999435424805,36300,0.0,0.0,0.0
2023-08-14 00:00:00-04:00,26.469999313354492,26.559999465942383,26.389999389648438,26.530000686645508,71000,0.0,0.0,0.0
2023-08-15 00:00:00-04:00,26.40999984741211,26.530000686645508,26.399999618530273,26.440000534057617,16700,0.0,0.0,0.0
2023-08-16 00:00:00-04:00,26.459999084472656,26.459999084472656,26.165000915527344,26.18000030517578,70000,0.0,0.0,0.0
2023-08-17 00:00:00-04:00,26.110000610351562,26.155000686645508,25.8700008392334,25.899999618530273,61600,0.0,0.0,0.0
2023-08-18 00:00:00-04:00,25.829999923706055,25.900999069213867,25.780000686645508,25.860000610351562,41400,0.0,0.0,0.0
2023-08-21 00:00:00-04:00,25.8700008392334,26.049999237060547,25.8700008392334,26.045000076293945,30300,0.0,0.0,0.0
2023-08-22 00:00:00-04:00,26.139999389648438,26.208999633789062,26.09000015258789,26.1200008392334,20300,0.0,0.0,0.0
2023-08-23 00:00:00-04:00,26.29800033569336,26.349000930786133,26.170000076293945,26.290000915527344,36800,0.0,0.0,0.0
2023-08-24 00:00:00-04:00,26.326000213623047,26.326000213623047,25.959999084472656,25.979999542236328,18500,0.0,0.0,0.0
2023-08-25 00:00:00-04:00,26.030000686645508,26.170000076293945,25.90999984741211,26.09000015258789,25600,0.0,0.0,0.0
2023-08-28 00:00:00-04:00,26.209999084472656,26.360000610351562,26.139999389648438,26.280000686645508,108200,0.0,0.0,0.0
2023-08-29 00:00:00-04:00,26.25,26.479999542236328,26.25,26.469999313354492,26700,0.0,0.0,0.0
2023-08-30 00:00:00-04:00,26.5,26.6299991607666,26.479999542236328,26.489999771118164,61100,0.0,0.0,0.0
2023-08-31 00:00:00-04:00,26.489999771118164,26.510000228881836,26.231000900268555,26.231000900268555,15400,0.0,0.0,0.0
2023-09-01 00:00:00-04:00,26.389999389648438,26.40999984741211,26.25,26.329999923706055,81100,0.0,0.0,0.0
2023-09-05 00:00:00-04:00,26.235000610351562,26.28499984741211,26.010000228881836,26.010000228881836,25700,0.0,0.0,0.0
2023-09-06 00:00:00-04:00,26.0,26.020000457763672,25.81999969482422,25.989999771118164,150400,0.0,0.0,0.0
2023-09-07 00:00:00-04:00,25.979999542236328,26.06999969482422,25.930999755859375,25.969999313354492,61300,0.0,0.0,0.0
2023-09-08 00:00:00-04:00,25.93000030517578,26.075000762939453,25.93000030517578,25.959999084472656,23100,0.0,0.0,0.0
2023-09-11 00:00:00-04:00,26.0,26.270000457763672,25.974000930786133,26.18000030517578,28500,0.0,0.0,0.0
2023-09-12 00:00:00-04:00,26.0,26.139999389648438,25.989999771118164,26.059999465942383,31700,0.0,0.0,0.0
2023-09-13 00:00:00-04:00,25.989999771118164,26.079999923706055,25.940000534057617,25.940000534057617,18900,0.0,0.0,0.0
2023-09-14 00:00:00-04:00,26.020000457763672,26.030000686645508,25.882999420166016,25.93000030517578,42900,0.0,0.0,0.0
2023-09-15 00:00:00-04:00,25.860000610351562,25.889999389648438,25.68000030517578,25.68000030517578,45100,0.0,0.0,0.0
2023-09-18 00:00:00-04:00,25.68000030517578,25.780000686645508,25.628000259399414,25.670000076293945,492800,0.0,0.0,0.0
2023-09-19 00:00:00-04:00,25.540000915527344,25.790000915527344,25.540000915527344,25.790000915527344,83800,0.0,0.0,0.0
2023-09-20 00:00:00-04:00,25.899999618530273,26.0,25.739999771118164,25.760000228881836,31300,0.0,0.0,0.0
2023-09-21 00:00:00-04:00,25.6299991607666,25.6299991607666,25.510000228881836,25.531999588012695,72300,0.0,0.0,0.0
2023-09-22 00:00:00-04:00,25.520000457763672,25.559999465942383,25.420000076293945,25.43000030517578,24100,0.0,0.0,0.0
2023-09-25 00:00:00-04:00,25.360000610351562,25.549999237060547,25.350000381469727,25.549999237060547,13200,0.0,0.0,0.0
2023-09-26 00:00:00-04:00,25.3799991607666,25.479999542236328,25.280000686645508,25.280000686645508,28100,0.0,0.0,0.0
2023-09-27 00:00:00-04:00,25.280000686645508,25.3799991607666,24.950000762939453,25.1200008392334,94800,0.0,0.0,0.0
2023-09-28 00:00:00-04:00,25.139999389648438,25.309999465942383,25.139999389648438,25.260000228881836,14900,0.0,0.0,0.0
2023-09-29 00:00:00-04:00,25.34000015258789,25.34000015258789,25.06999969482422,25.110000610351562,11800,0.0,0.0,0.0
2023-10-02 00:00:00-04:00,25.06999969482422,25.06999969482422,24.739999771118164,24.930999755859375,8300,0.0,0.0,0.0
2023-10-03 00:00:00-04:00,24.780000686645508,24.780000686645508,24.520000457763672,24.59000015258789,25100,0.0,0.0,0.0
2023-10-04 00:00:00-04:00,24.729999542236328,24.73900032043457,24.549999237060547,24.73900032043457,24000,0.0,0.0,0.0
2023-10-05 00:00:00-04:00,24.690000534057617,24.850000381469727,24.649999618530273,24.833999633789062,20100,0.0,0.0,0.0
2023-10-06 00:00:00-04:00,24.719999313354492,25.1299991607666,24.719999313354492,25.099000930786133,17500,0.0,0.0,0.0
2023-10-09 00:00:00-04:00,25.010000228881836,25.135000228881836,24.899999618530273,25.100000381469727,21000,0.0,0.0,0.0
2023-10-10 00:00:00-04:00,25.062999725341797,25.43000030517578,25.062999725341797,25.34000015258789,9400,0.0,0.0,0.0
2023-10-11 00:00:00-04:00,25.350000381469727,25.354999542236328,25.010000228881836,25.118999481201172,5300,0.0,0.0,0.0
2023-10-12 00:00:00-04:00,25.10300064086914,25.10300064086914,24.739999771118164,24.75,24400,0.0,0.0,0.0
2023-10-13 00:00:00-04:00,24.84000015258789,25.007999420166016,24.829999923706055,24.913999557495117,3000,0.0,0.0,0.0
2023-10-16 00:00:00-04:00,25.079999923706055,25.229999542236328,25.079999923706055,25.14900016784668,12400,0.0,0.0,0.0
2023-10-17 00:00:00-04:00,25.209999084472656,25.298999786376953,25.100000381469727,25.15999984741211,8900,0.0,0.0,0.0
2023-10-18 00:00:00-04:00,25.125,25.125,24.860000610351562,24.899999618530273,9100,0.0,0.0,0.0
2023-10-19 00:00:00-04:00,24.700000762939453,24.860000610351562,24.540000915527344,24.610000610351562,16800,0.0,0.0,0.0
2023-10-20 00:00:00-04:00,24.600000381469727,24.645000457763672,24.520000457763672,24.530000686645508,5100,0.0,0.0,0.0
2023-10-23 00:00:00-04:00,24.469999313354492,24.549999237060547,24.329999923706055,24.34000015258789,7500,0.0,0.0,0.0
2023-10-24 00:00:00-04:00,24.513999938964844,24.600000381469727,24.513999938964844,24.579999923706055,22000,0.0,0.0,0.0
2023-10-25 00:00:00-04:00,24.520000457763672,24.520000457763672,24.25,24.280000686645508,10800,0.0,0.0,0.0
2023-10-26 00:00:00-04:00,24.350000381469727,24.350000381469727,24.15999984741211,24.174999237060547,4300,0.0,0.0,0.0
2023-10-27 00:00:00-04:00,23.950000762939453,23.950000762939453,23.510000228881836,23.566999435424805,12300,0.0,0.0,0.0
2023-10-30 00:00:00-04:00,23.700000762939453,23.764999389648438,23.600000381469727,23.739999771118164,4000,0.0,0.0,0.0
2023-10-31 00:00:00-04:00,23.884000778198242,23.922000885009766,23.81800079345703,23.91900062561035,11100,0.0,0.0,0.0
2023-11-01 00:00:00-04:00,23.93000030517578,24.18000030517578,23.93000030517578,24.099000930786133,8800,0.0,0.0,0.0
2023-11-02 00:00:00-04:00,24.489999771118164,24.56100082397461,24.381000518798828,24.56100082397461,3400,0.0,0.0,0.0
2023-11-03 00:00:00-04:00,24.729999542236328,24.799999237060547,24.64900016784668,24.708999633789062,10200,0.0,0.0,0.0
2023-11-06 00:00:00-05:00,24.75,24.780000686645508,24.628000259399414,24.639999389648438,9900,0.0,0.0,0.0
2023-11-07 00:00:00-05:00,24.600000381469727,24.704999923706055,24.549999237060547,24.586000442504883,20500,0.0,0.0,0.0
2023-11-08 00:00:00-05:00,24.329999923706055,24.399999618530273,24.280000686645508,24.399999618530273,18300,0.0,0.0,0.0
2023-11-09 00:00:00-05:00,24.3799991607666,24.3799991607666,23.7189998626709,23.7189998626709,10800,0.0,0.0,0.0
2023-11-10 00:00:00-05:00,23.670000076293945,23.94300079345703,23.610000610351562,23.94300079345703,4800,0.0,0.0,0.0
2023-11-13 00:00:00-05:00,24.0,24.1299991607666,23.90999984741211,24.09000015258789,15100,0.0,0.0,0.0
2023-11-14 00:00:00-05:00,24.3799991607666,24.59000015258789,24.3799991607666,24.450000762939453,35500,0.0,0.0,0.0
2023-11-15 00:00:00-05:00,24.530000686645508,24.6200008392334,24.4689998626709,24.4689998626709,26000,0.0,0.0,0.0
2023-11-16 00:00:00-05:00,24.489999771118164,24.55900001525879,24.469999313354492,24.55900001525879,23400,0.0,0.0,0.0
2023-11-17 00:00:00-05:00,24.65999984741211,24.65999984741211,24.610000610351562,24.656999588012695,2500,0.0,0.0,0.0
2023-11-20 00:00:00-05:00,24.59000015258789,24.832000732421875,24.59000015258789,24.816999435424805,6800,0.0,0.0,0.0
2023-11-21 00:00:00-05:00,24.851999282836914,24.899999618530273,24.808000564575195,24.8799991607666,4500,0.0,0.0,0.0
2023-11-22 00:00:00-05:00,25.059999465942383,25.059999465942383,24.940000534057617,25.000999450683594,3500,0.0,0.0,0.0
2023-11-24 00:00:00-05:00,25.06999969482422,25.106000900268555,25.06999969482422,25.106000900268555,19100,0.0,0.0,0.0
2023-11-27 00:00:00-05:00,25.100000381469727,25.100000381469727,25.010000228881836,25.051000595092773,14000,0.0,0.0,0.0
2023-11-28 00:00:00-05:00,24.920000076293945,24.920000076293945,24.774999618530273,24.82200050354004,7100,0.0,0.0,0.0
2023-11-29 00:00:00-05:00,24.90999984741211,25.06999969482422,24.90999984741211,24.940000534057617,12700,0.0,0.0,0.0
2023-11-30 00:00:00-05:00,24.84000015258789,25.13800048828125,24.829999923706055,25.13800048828125,6400,0.0,0.0,0.0
2023-12-01 00:00:00-05:00,25.170000076293945,25.466999053955078,25.170000076293945,25.466999053955078,28700,0.0,0.0,0.0
2023-12-04 00:00:00-05:00,25.360000610351562,25.6200008392334,25.360000610351562,25.608999252319336,6500,0.0,0.0,0.0
2023-12-05 00:00:00-05:00,25.3799991607666,25.479000091552734,25.3799991607666,25.395000457763672,11500,0.0,0.0,0.0
2023-12-06 00:00:00-05:00,25.479999542236328,25.68899917602539,25.452999114990234,25.452999114990234,5400,0.0,0.0,0.0
2023-12-07 00:00:00-05:00,25.420000076293945,25.700000762939453,25.420000076293945,25.670000076293945,12700,0.0,0.0,0.0
2023-12-08 00:00:00-05:00,25.690000534057617,25.770000457763672,25.579999923706055,25.663000106811523,17900,0.0,0.0,0.0
2023-12-11 00:00:00-05:00,25.670000076293945,25.770000457763672,25.639999389648438,25.764999389648438,7800,0.0,0.0,0.0
2023-12-12 00:00:00-05:00,25.700000762939453,25.979999542236328,25.700000762939453,25.957000732421875,11200,0.0,0.0,0.0
2023-12-13 00:00:00-05:00,25.959999084472656,26.780000686645508,25.959999084472656,26.760000228881836,22100,0.0,0.0,0.0
2023-12-14 00:00:00-05:00,26.940000534057617,27.1200008392334,26.81999969482422,26.860000610351562,24700,0.0,0.0,0.0
2023-12-15 00:00:00-05:00,26.860000610351562,26.860000610351562,26.479999542236328,26.582000732421875,3500,0.0,0.0,0.0
2023-12-18 00:00:00-05:00,26.459999084472656,26.459999084472656,26.309999465942383,26.309999465942383,146100,0.0,0.0,0.0
2023-12-19 00:00:00-05:00,26.3799991607666,26.690000534057617,26.344999313354492,26.68000030517578,27300,0.0,0.0,0.0
2023-12-20 00:00:00-05:00,26.549999237060547,26.639999389648438,26.15999984741211,26.163000106811523,14300,0.0,0.0,0.0
2023-12-21 00:00:00-05:00,26.40999984741211,26.670000076293945,26.40999984741211,26.667999267578125,8200,0.0,0.0,0.0
2023-12-22 00:00:00-05:00,26.8700008392334,26.8700008392334,26.711000442504883,26.829999923706055,11000,0.0,0.0,0.0
2023-12-26 00:00:00-05:00,26.8700008392334,27.020000457763672,26.790000915527344,26.97800064086914,14200,0.0,0.0,0.0
2023-12-27 00:00:00-05:00,27.110000610351562,27.280000686645508,27.110000610351562,27.280000686645508,8900,0.0,0.0,0.0
2023-12-28 00:00:00-05:00,27.260000228881836,27.559999465942383,27.260000228881836,27.43000030517578,10200,0.0,0.0,0.0
2023-12-29 00:00:00-05:00,27.44099998474121,27.479999542236328,27.34000015258789,27.34000015258789,17600,0.0,0.0,0.0
2024-01-02 00:00:00-05:00,27.559999465942383,27.75,27.479999542236328,27.586000442504883,44800,0.0,0.0,0.0
2024-01-03 00:00:00-05:00,27.5,27.5,27.229999542236328,27.277000427246094,19000,0.0,0.0,0.0
2024-01-04 00:00:00-05:00,27.40999984741211,27.649999618530273,27.389999389648438,27.520000457763672,37500,0.0,0.0,0.0
2024-01-05 00:00:00-05:00,27.350000381469727,27.690000534057617,27.299999237060547,27.670000076293945,24200,0.0,0.0,0.0
2024-01-08 00:00:00-05:00,27.57900047302246,28.149999618530273,27.5,28.14699935913086,23800,0.0,0.0,0.0
2024-01-09 00:00:00-05:00,28.239999771118164,28.375,28.149999618530273,28.290000915527344,11300,0.0,0.0,0.0
2024-01-10 00:00:00-05:00,28.309999465942383,28.489999771118164,28.149999618530273,28.458999633789062,81100,0.0,0.0,0.0
2024-01-11 00:00:00-05:00,28.360000610351562,28.399999618530273,28.229999542236328,28.350000381469727,16400,0.0,0.0,0.0
2024-01-12 00:00:00-05:00,28.280000686645508,28.280000686645508,28.1299991607666,28.170000076293945,16300,0.0,0.0,0.0
2024-01-16 00:00:00-05:00,28.079999923706055,28.290000915527344,28.079999923706055,28.218000411987305,22700,0.0,0.0,0.0
2024-01-17 00:00:00-05:00,28.09000015258789,28.309999465942383,28.09000015258789,28.290000915527344,129600,0.0,0.0,0.0
2024-01-18 00:00:00-05:00,28.1200008392334,28.229999542236328,27.920000076293945,28.229999542236328,89300,0.0,0.0,0.0
2024-01-19 00:00:00-05:00,28.209999084472656,28.280000686645508,28.079999923706055,28.218000411987305,48900,0.0,0.0,0.0
2024-01-22 00:00:00-05:00,28.290000915527344,28.510000228881836,28.290000915527344,28.44700050354004,65800,0.0,0.0,0.0
2024-01-23 00:00:00-05:00,28.520000457763672,28.520000457763672,28.260000228881836,28.40999984741211,31600,0.0,0.0,0.0
2024-01-24 00:00:00-05:00,28.59000015258789,28.59000015258789,28.128999710083008,28.128999710083008,36100,0.0,0.0,0.0
2024-01-25 00:00:00-05:00,28.100000381469727,28.139999389648438,27.84000015258789,28.125,222500,0.0,0.0,0.0
2024-01-26 00:00:00-05:00,28.3700008392334,28.3700008392334,28.18000030517578,28.270000457763672,49500,0.0,0.0,0.0
2024-01-29 00:00:00-05:00,28.25,28.68000030517578,28.25,28.649999618530273,106200,0.0,0.0,0.0
2024-01-30 00:00:00-05:00,28.65999984741211,28.65999984741211,28.406999588012695,28.56999969482422,61400,0.0,0.0,0.0
2024-01-31 00:00:00-05:00,28.739999771118164,28.8700008392334,28.469999313354492,28.469999313354492,215300,0.0,0.0,0.0
2024-02-01 00:00:00-05:00,28.639999389648438,29.010000228881836,28.459999084472656,28.950000762939453,42000,0.0,0.0,0.0
2024-02-02 00:00:00-05:00,28.93000030517578,29.084999084472656,28.729999542236328,28.989999771118164,14900,0.0,0.0,0.0
2024-02-05 00:00:00-05:00,28.940000534057617,29.280000686645508,28.940000534057617,29.170000076293945,91900,0.0,0.0,0.0
2024-02-06 00:00:00-05:00,29.350000381469727,29.520000457763672,29.25,29.510000228881836,14300,0.0,0.0,0.0
2024-02-07 00:00:00-05:00,29.59600067138672,29.739999771118164,29.524999618530273,29.59000015258789,85300,0.0,0.0,0.0
2024-02-08 00:00:00-05:00,29.540000915527344,29.65999984741211,29.479999542236328,29.610000610351562,32500,0.0,0.0,0.0
2024-02-09 00:00:00-05:00,29.700000762939453,29.709999084472656,29.559999465942383,29.610000610351562,42400,0.0,0.0,0.0
2024-02-12 00:00:00-05:00,29.540000915527344,29.559999465942383,29.426000595092773,29.51799964904785,19700,0.0,0.0,0.0
2024-02-13 00:00:00-05:00,29.270000457763672,29.43000030517578,29.040000915527344,29.229999542236328,173700,0.0,0.0,0.0
2024-02-14 00:00:00-05:00,29.280000686645508,29.33099937438965,29.110000610351562,29.33099937438965,103500,0.0,0.0,0.0
2024-02-15 00:00:00-05:00,29.479999542236328,29.729000091552734,29.479999542236328,29.695999145507812,142400,0.0,0.0,0.0
2024-02-16 00:00:00-05:00,29.979999542236328,30.290000915527344,29.947999954223633,30.059999465942383,239900,0.0,0.0,0.0
2024-02-20 00:00:00-05:00,30.200000762939453,30.200000762939453,29.920000076293945,30.110000610351562,66200,0.0,0.0,0.0
2024-02-21 00:00:00-05:00,30.1299991607666,30.1299991607666,29.760000228881836,30.0,92400,0.0,0.0,0.0
2024-02-22 00:00:00-05:00,30.149999618530273,30.264999389648438,30.010000228881836,30.149999618530273,33700,0.0,0.0,0.0
2024-02-23 00:00:00-05:00,30.280000686645508,30.360000610351562,30.110000610351562,30.35099983215332,45900,0.0,0.0,0.0
2024-02-26 00:00:00-05:00,30.329999923706055,30.399999618530273,30.190000534057617,30.219999313354492,77800,0.0,0.0,0.0
2024-02-27 00:00:00-05:00,30.350000381469727,30.3700008392334,30.1299991607666,30.322999954223633,52700,0.0,0.0,0.0
2024-02-28 00:00:00-05:00,30.149999618530273,30.18000030517578,29.959999084472656,29.969999313354492,90600,0.0,0.0,0.0
2024-02-29 00:00:00-05:00,30.15999984741211,30.15999984741211,29.799999237060547,29.799999237060547,83900,0.0,0.0,0.0
2024-03-01 00:00:00-05:00,29.899999618530273,30.299999237060547,29.719999313354492,30.15999984741211,127900,0.0,0.0,0.0
2024-03-04 00:00:00-05:00,30.31999969482422,30.31999969482422,30.030000686645508,30.200000762939453,173500,0.0,0.0,0.0
2024-03-05 00:00:00-05:00,30.219999313354492,30.219999313354492,29.6299991607666,29.700000762939453,442700,0.0,0.0,0.0
2024-03-06 00:00:00-05:00,30.049999237060547,30.18000030517578,29.70599937438965,29.739999771118164,125800,0.0,0.0,0.0
2024-03-07 00:00:00-05:00,29.920000076293945,30.049999237060547,29.790000915527344,29.989999771118164,83700,0.0,0.0,0.0
2024-03-08 00:00:00-05:00,30.100000381469727,30.34000015258789,29.989999771118164,29.989999771118164,178900,0.0,0.0,0.0
2024-03-11 00:00:00-04:00,30.0,30.083999633789062,29.6299991607666,29.700000762939453,287200,0.0,0.0,0.0
2024-03-12 00:00:00-04:00,29.790000915527344,29.959999084472656,29.62299919128418,29.920000076293945,63400,0.0,0.0,0.0
2024-03-13 00:00:00-04:00,30.059999465942383,30.104999542236328,29.8799991607666,29.950000762939453,191800,0.0,0.0,0.0
2024-03-14 00:00:00-04:00,29.889999389648438,29.889999389648438,29.579999923706055,29.790000915527344,78200,0.0,0.0,0.0
2024-03-15 00:00:00-04:00,29.93000030517578,29.93000030517578,29.655000686645508,29.889999389648438,44900,0.0,0.0,0.0
2024-03-18 00:00:00-04:00,30.020000457763672,30.079999923706055,29.760000228881836,29.940000534057617,72500,0.0,0.0,0.0
2024-03-19 00:00:00-04:00,29.829999923706055,30.100000381469727,29.799999237060547,30.09000015258789,56800,0.0,0.0,0.0
2024-03-20 00:00:00-04:00,30.110000610351562,30.350000381469727,29.93199920654297,30.31999969482422,86900,0.0,0.0,0.0
2024-03-21 00:00:00-04:00,30.329999923706055,30.645000457763672,30.239999771118164,30.270000457763672,78400,0.0,0.0,0.0
2024-03-22 00:00:00-04:00,30.270000457763672,30.34000015258789,30.010000228881836,30.190000534057617,21600,0.0,0.0,0.0
2024-03-25 00:00:00-04:00,30.209999084472656,30.3700008392334,30.09000015258789,30.139999389648438,38400,0.0,0.0,0.0
2024-03-26 00:00:00-04:00,30.25,30.440000534057617,30.25,30.34000015258789,44100,0.0,0.0,0.0
2024-03-27 00:00:00-04:00,30.579999923706055,30.899999618530273,30.559999465942383,30.899999618530273,38200,0.0,0.0,0.0
2024-03-28 00:00:00-04:00,30.90999984741211,31.045000076293945,30.90999984741211,30.920000076293945,25000,0.0,0.0,0.0
2024-04-01 00:00:00-04:00,30.670000076293945,30.670000076293945,30.44499969482422,30.639999389648438,87800,0.0,0.0,0.0
2024-04-02 00:00:00-04:00,30.489999771118164,30.489999771118164,30.15999984741211,30.309999465942383,117100,0.0,0.0,0.0
2024-04-03 00:00:00-04:00,30.459999084472656,30.459999084472656,30.190000534057617,30.299999237060547,111200,0.0,0.0,0.0
2024-04-04 00:00:00-04:00,30.510000228881836,30.549999237060547,29.88800048828125,30.0,52300,0.0,0.0,0.0
2024-04-05 00:00:00-04:00,29.969999313354492,30.399999618530273,29.969999313354492,30.309999465942383,44800,0.0,0.0,0.0
2024-04-08 00:00:00-04:00,30.43000030517578,30.43000030517578,30.174999237060547,30.350000381469727,63900,0.0,0.0,0.0
2024-04-09 00:00:00-04:00,30.350000381469727,30.670000076293945,30.350000381469727,30.670000076293945,58900,0.0,0.0,0.0
2024-04-10 00:00:00-04:00,30.260000228881836,30.31999969482422,30.09000015258789,30.309999465942383,37200,0.0,0.0,0.0
2024-04-11 00:00:00-04:00,30.389999389648438,30.479999542236328,30.059999465942383,30.239999771118164,45200,0.0,0.0,0.0
2024-04-12 00:00:00-04:00,30.020000457763672,30.070999145507812,29.5,29.610000610351562,142000,0.0,0.0,0.0
2024-04-15 00:00:00-04:00,29.860000610351562,29.89900016784668,29.059999465942383,29.09000015258789,257900,0.0,0.0,0.0
2024-04-16 00:00:00-04:00,29.040000915527344,29.15399932861328,28.90999984741211,28.90999984741211,67400,0.0,0.0,0.0
2024-04-17 00:00:00-04:00,28.961999893188477,29.040000915527344,28.756000518798828,28.850000381469727,68800,0.0,0.0,0.0
2024-04-18 00:00:00-04:00,28.84000015258789,29.049999237060547,28.700000762939453,28.799999237060547,125200,0.0,0.0,0.0
2024-04-19 00:00:00-04:00,28.780000686645508,28.920000076293945,28.579999923706055,28.709999084472656,73800,0.0,0.0,0.0
2024-04-22 00:00:00-04:00,28.760000228881836,29.100000381469727,28.72100067138672,28.90999984741211,89400,0.0,0.0,0.0
2024-04-23 00:00:00-04:00,28.989999771118164,29.31999969482422,28.937000274658203,29.18199920654297,112600,0.0,0.0,0.0
2024-04-24 00:00:00-04:00,29.209999084472656,29.290000915527344,28.975000381469727,29.209999084472656,41400,0.0,0.0,0.0
2024-04-25 00:00:00-04:00,29.010000228881836,29.165000915527344,28.770000457763672,29.06999969482422,191500,0.0,0.0,0.0
2024-04-26 00:00:00-04:00,29.010000228881836,29.18000030517578,28.93000030517578,29.030000686645508,60500,0.0,0.0,0.0
2024-04-29 00:00:00-04:00,29.100000381469727,29.2549991607666,28.979999542236328,29.100000381469727,37500,0.0,0.0,0.0
2024-04-30 00:00:00-04:00,29.110000610351562,29.2450008392334,28.959999084472656,28.959999084472656,115600,0.0,0.0,0.0
2024-05-01 00:00:00-04:00,28.90999984741211,29.649999618530273,28.90999984741211,29.329999923706055,65600,0.0,0.0,0.0
2024-05-02 00:00:00-04:00,29.690000534057617,29.690000534057617,29.280000686645508,29.43000030517578,14400,0.0,0.0,0.0
2024-05-03 00:00:00-04:00,29.559999465942383,29.69499969482422,29.475000381469727,29.6200008392334,36800,0.0,0.0,0.0
2024-05-06 00:00:00-04:00,29.68000030517578,29.709999084472656,29.530000686645508,29.670000076293945,17600,0.0,0.0,0.0
2024-05-07 00:00:00-04:00,29.729999542236328,30.0,29.610000610351562,29.799999237060547,60900,0.0,0.0,0.0
2024-05-08 00:00:00-04:00,29.59000015258789,29.59000015258789,29.229999542236328,29.309999465942383,509200,0.0,0.0,0.0
2024-05-09 00:00:00-04:00,29.270000457763672,29.56999969482422,29.270000457763672,29.520000457763672,30700,0.0,0.0,0.0
2024-05-10 00:00:00-04:00,29.639999389648438,29.700000762939453,29.40999984741211,29.489999771118164,15100,0.0,0.0,0.0
2024-05-13 00:00:00-04:00,29.549999237060547,29.68600082397461,29.459999084472656,29.479999542236328,39700,0.0,0.0,0.0
2024-05-14 00:00:00-04:00,29.6200008392334,29.84000015258789,29.610000610351562,29.700000762939453,29000,0.0,0.0,0.0
2024-05-15 00:00:00-04:00,29.81999969482422,30.049999237060547,29.790000915527344,29.979999542236328,57800,0.0,0.0,0.0
2024-05-16 00:00:00-04:00,29.959999084472656,29.969999313354492,29.860000610351562,29.923999786376953,22400,0.0,0.0,0.0
2024-05-17 00:00:00-04:00,29.760000228881836,29.899999618530273,29.760000228881836,29.899999618530273,20300,0.0,0.0,0.0
2024-05-20 00:00:00-04:00,29.920000076293945,30.049999237060547,29.899999618530273,29.940000534057617,26700,0.0,0.0,0.0
2024-05-21 00:00:00-04:00,30.04199981689453,30.04199981689453,29.81999969482422,29.90999984741211,24000,0.0,0.0,0.0
2024-05-22 00:00:00-04:00,29.850000381469727,30.052000045776367,29.850000381469727,29.8799991607666,36700,0.0,0.0,0.0
2024-05-23 00:00:00-04:00,29.889999389648438,29.889999389648438,29.4950008392334,29.604999542236328,154700,0.0,0.0,0.0
2024-05-24 00:00:00-04:00,29.670000076293945,29.81999969482422,29.559999465942383,29.559999465942383,23900,0.0,0.0,0.0
2024-05-28 00:00:00-04:00,29.6200008392334,29.6200008392334,29.0,29.15999984741211,60300,0.0,0.0,0.0
2024-05-29 00:00:00-04:00,28.90999984741211,29.020000457763672,28.81999969482422,29.020000457763672,98500,0.0,0.0,0.0
2024-05-30 00:00:00-04:00,29.190000534057617,29.540000915527344,29.190000534057617,29.450000762939453,173700,0.0,0.0,0.0
2024-05-31 00:00:00-04:00,29.68000030517578,29.905000686645508,29.589000701904297,29.850000381469727,27100,0.0,0.0,0.0
2024-06-03 00:00:00-04:00,29.950000762939453,30.239999771118164,29.809999465942383,30.040000915527344,30800,0.0,0.0,0.0
2024-06-04 00:00:00-04:00,29.969999313354492,29.9950008392334,29.799999237060547,29.899999618530273,28200,0.0,0.0,0.0
2024-06-05 00:00:00-04:00,29.979999542236328,30.23900032043457,29.90999984741211,30.079999923706055,9500,0.0,0.0,0.0
2024-06-06 00:00:00-04:00,30.079999923706055,30.079999923706055,29.933000564575195,30.025999069213867,13000,0.0,0.0,0.0
2024-06-07 00:00:00-04:00,29.90999984741211,30.270000457763672,29.90999984741211,30.176000595092773,7200,0.0,0.0,0.0
2024-06-10 00:00:00-04:00,30.05500030517578,30.420000076293945,30.05500030517578,30.360000610351562,15700,0.0,0.0,0.0
2024-06-11 00:00:00-04:00,30.270000457763672,30.450000762939453,30.06999969482422,30.31999969482422,12100,0.0,0.0,0.0
2024-06-12 00:00:00-04:00,30.709999084472656,30.709999084472656,30.28499984741211,30.420000076293945,17900,0.0,0.0,0.0
2024-06-13 00:00:00-04:00,30.459999084472656,30.559999465942383,30.3799991607666,30.5,24200,0.0,0.0,0.0
2024-06-14 00:00:00-04:00,30.433000564575195,30.440000534057617,30.290000915527344,30.40999984741211,12800,0.0,0.0,0.0
2024-06-17 00:00:00-04:00,30.3700008392334,30.399999618530273,30.23900032043457,30.290000915527344,196700,0.0,0.0,0.0
2024-06-18 00:00:00-04:00,30.350000381469727,30.450000762939453,30.25,30.25,26700,0.0,0.0,0.0
2024-06-20 00:00:00-04:00,30.25,30.43000030517578,30.174999237060547,30.43000030517578,58400,0.0,0.0,0.0
2024-06-21 00:00:00-04:00,31.350000381469727,31.690000534057617,31.260000228881836,31.549999237060547,71500,0.0,0.0,0.0
2024-06-24 00:00:00-04:00,31.719999313354492,31.8799991607666,31.6200008392334,31.65999984741211,31100,0.0,0.0,0.0
2024-06-25 00:00:00-04:00,31.729999542236328,31.809999465942383,31.520000457763672,31.520000457763672,64400,0.0,0.0,0.0
2024-06-26 00:00:00-04:00,31.40999984741211,31.510000228881836,31.270000457763672,31.489999771118164,55800,0.0,0.0,0.0
2024-06-27 00:00:00-04:00,31.5,31.5,31.270000457763672,31.450000762939453,96700,0.0,0.0,0.0
2024-06-28 00:00:00-04:00,31.56999969482422,31.56999969482422,31.200000762939453,31.399999618530273,87000,0.0,0.0,0.0
2024-07-01 00:00:00-04:00,31.459999084472656,31.670000076293945,31.1299991607666,31.200000762939453,45700,0.0,0.0,0.0
2024-07-02 00:00:00-04:00,31.049999237060547,31.077999114990234,30.8799991607666,30.959999084472656,479400,0.0,0.0,0.0
2024-07-03 00:00:00-04:00,30.950000762939453,30.969999313354492,30.510000228881836,30.709999084472656,393800,0.0,0.0,0.0
2024-07-05 00:00:00-04:00,30.899999618530273,30.959999084472656,30.614999771118164,30.940000534057617,175300,0.0,0.0,0.0
2024-07-08 00:00:00-04:00,31.110000610351562,31.1299991607666,30.899999618530273,30.950000762939453,250000,0.0,0.0,0.0
2024-07-09 00:00:00-04:00,30.959999084472656,31.020000457763672,30.760000228881836,30.969999313354492,151300,0.0,0.0,0.0
2024-07-10 00:00:00-04:00,31.049999237060547,31.260000228881836,30.969999313354492,31.25,101700,0.0,0.0,0.0
2024-07-11 00:00:00-04:00,31.3700008392334,31.700000762939453,31.3700008392334,31.690000534057617,109500,0.0,0.0,0.0
2024-07-12 00:00:00-04:00,31.84000015258789,31.979999542236328,31.77899932861328,31.899999618530273,44500,0.0,0.0,0.0
2024-07-15 00:00:00-04:00,32.04999923706055,32.04999923706055,31.790000915527344,31.889999389648438,26400,0.0,0.0,0.0
2024-07-16 00:00:00-04:00,32.08000183105469,32.2599983215332,32.08000183105469,32.189998626708984,73300,0.0,0.0,0.0
2024-07-17 00:00:00-04:00,31.81999969482422,32.165000915527344,31.81999969482422,31.920000076293945,42000,0.0,0.0,0.0
2024-07-18 00:00:00-04:00,31.860000610351562,31.950000762939453,31.170000076293945,31.280000686645508,80100,0.0,0.0,0.0
2024-07-19 00:00:00-04:00,31.479999542236328,31.530000686645508,31.33099937438965,31.450000762939453,27400,0.0,0.0,0.0
2024-07-22 00:00:00-04:00,31.56999969482422,31.81999969482422,31.48200035095215,31.81999969482422,44300,0.0,0.0,0.0
2024-07-23 00:00:00-04:00,31.860000610351562,32.16999816894531,31.799999237060547,32.06999969482422,85900,0.0,0.0,0.0
2024-07-24 00:00:00-04:00,32.099998474121094,32.22999954223633,31.90999984741211,32.060001373291016,97700,0.0,0.0,0.0
2024-07-25 00:00:00-04:00,32.20000076293945,32.540000915527344,32.13999938964844,32.18000030517578,163400,0.0,0.0,0.0
2024-07-26 00:00:00-04:00,32.400001525878906,32.65999984741211,32.375,32.5099983215332,95800,0.0,0.0,0.0
2024-07-29 00:00:00-04:00,32.59000015258789,32.63999938964844,32.3849983215332,32.540000915527344,110200,0.0,0.0,0.0
2024-07-30 00:00:00-04:00,32.599998474121094,32.680999755859375,32.1150016784668,32.310001373291016,259500,0.0,0.0,0.0
2024-07-31 00:00:00-04:00,32.40999984741211,32.5620002746582,32.18299865722656,32.29999923706055,155400,0.0,0.0,0.0
2024-08-01 00:00:00-04:00,32.439998626708984,32.58000183105469,32.25,32.459999084472656,84800,0.0,0.0,0.0
2024-08-02 00:00:00-04:00,32.279998779296875,32.33000183105469,31.670000076293945,32.209999084472656,392900,0.0,0.0,0.0
2024-08-05 00:00:00-04:00,31.5,31.65999984741211,31.100000381469727,31.450000762939453,181000,0.0,0.0,0.0
2024-08-06 00:00:00-04:00,31.510000228881836,31.886999130249023,31.395000457763672,31.559999465942383,107000,0.0,0.0,0.0
2024-08-07 00:00:00-04:00,31.690000534057617,31.709999084472656,31.049999237060547,31.15999984741211,303300,0.0,0.0,0.0
2024-08-08 00:00:00-04:00,31.440000534057617,31.790000915527344,31.3799991607666,31.739999771118164,112200,0.0,0.0,0.0
2024-08-09 00:00:00-04:00,31.75,31.860000610351562,31.329999923706055,31.450000762939453,115400,0.0,0.0,0.0
2024-08-12 00:00:00-04:00,31.510000228881836,31.639999389648438,31.290000915527344,31.450000762939453,137300,0.0,0.0,0.0
2024-08-13 00:00:00-04:00,31.559999465942383,32.04999923706055,31.559999465942383,32.04999923706055,90300,0.0,0.0,0.0
2024-08-14 00:00:00-04:00,32.11000061035156,32.11000061035156,31.790000915527344,32.0099983215332,67000,0.0,0.0,0.0
2024-08-15 00:00:00-04:00,32.220001220703125,32.290000915527344,32.09000015258789,32.27000045776367,44100,0.0,0.0,0.0
2024-08-16 00:00:00-04:00,32.189998626708984,32.34000015258789,32.099998474121094,32.220001220703125,73600,0.0,0.0,0.0
2024-08-19 00:00:00-04:00,32.13999938964844,32.470001220703125,32.13999938964844,32.470001220703125,85800,0.0,0.0,0.0
2024-08-20 00:00:00-04:00,32.54999923706055,32.77299880981445,32.459999084472656,32.66999816894531,53400,0.0,0.0,0.0
2024-08-21 00:00:00-04:00,32.790000915527344,32.91999816894531,32.691001892089844,32.90999984741211,144800,0.0,0.0,0.0
2024-08-22 00:00:00-04:00,32.95000076293945,33.02000045776367,32.66999816894531,32.7599983215332,78400,0.0,0.0,0.0
2024-08-23 00:00:00-04:00,32.970001220703125,33.11000061035156,32.84000015258789,32.959999084472656,39000,0.0,0.0,0.0
2024-08-26 00:00:00-04:00,33.11000061035156,33.11000061035156,32.90999984741211,32.97999954223633,67500,0.0,0.0,0.0
2024-08-27 00:00:00-04:00,32.849998474121094,33.040000915527344,32.709999084472656,33.029998779296875,55400,0.0,0.0,0.0
2024-08-28 00:00:00-04:00,32.91999816894531,33.09000015258789,32.7599983215332,32.900001525878906,27400,0.0,0.0,0.0
2024-08-29 00:00:00-04:00,32.9900016784668,33.220001220703125,32.90399932861328,32.959999084472656,41600,0.0,0.0,0.0
2024-08-30 00:00:00-04:00,33.02000045776367,33.119998931884766,32.68000030517578,33.04999923706055,52900,0.0,0.0,0.0
2024-09-03 00:00:00-04:00,32.90999984741211,33.220001220703125,32.619998931884766,32.77000045776367,282700,0.0,0.0,0.0
2024-09-04 00:00:00-04:00,32.75,32.81999969482422,32.540000915527344,32.619998931884766,182500,0.0,0.0,0.0
2024-09-05 00:00:00-04:00,32.77000045776367,32.77000045776367,32.18000030517578,32.36000061035156,368000,0.0,0.0,0.0
2024-09-06 00:00:00-04:00,32.52000045776367,32.52000045776367,31.760000228881836,31.93000030517578,122500,0.0,0.0,0.0
2024-09-09 00:00:00-04:00,31.969999313354492,32.099998474121094,31.899999618530273,31.979999542236328,70500,0.0,0.0,0.0
2024-09-10 00:00:00-04:00,32.0,32.02399826049805,31.729999542236328,32.02000045776367,219900,0.0,0.0,0.0
2024-09-11 00:00:00-04:00,31.979999542236328,32.54499816894531,31.790000915527344,32.5,396800,0.0,0.0,0.0
2024-09-12 00:00:00-04:00,32.36000061035156,32.68000030517578,32.224998474121094,32.68000030517578,83100,0.0,0.0,0.0
2024-09-13 00:00:00-04:00,32.83000183105469,33.13999938964844,32.707000732421875,32.970001220703125,118600,0.0,0.0,0.0
2024-09-16 00:00:00-04:00,33.130001068115234,33.33000183105469,33.040000915527344,33.08000183105469,45900,0.0,0.0,0.0
2024-09-17 00:00:00-04:00,33.2400016784668,33.2400016784668,32.77299880981445,32.900001525878906,163600,0.0,0.0,0.0
2024-09-18 00:00:00-04:00,32.88999938964844,33.16999816894531,32.70000076293945,32.7400016784668,68700,0.0,0.0,0.0
2024-09-19 00:00:00-04:00,33.130001068115234,33.34400177001953,33.0099983215332,33.22999954223633,78700,0.0,0.0,0.0
2024-09-20 00:00:00-04:00,33.11000061035156,33.220001220703125,32.95500183105469,33.06999969482422,111500,0.0,0.0,0.0
2024-09-23 00:00:00-04:00,33.130001068115234,33.13999938964844,32.83000183105469,32.88999938964844,89900,0.0,0.0,0.0
2024-09-24 00:00:00-04:00,32.900001525878906,33.04999923706055,32.7599983215332,33.04999923706055,127100,0.0,0.0,0.0
2024-09-25 00:00:00-04:00,33.11000061035156,33.11000061035156,32.599998474121094,32.650001525878906,77100,0.0,0.0,0.0
2024-09-26 00:00:00-04:00,32.75,32.869998931884766,32.67399978637695,32.7599983215332,200900,0.0,0.0,0.0
2024-09-27 00:00:00-04:00,32.84000015258789,32.95000076293945,32.689998626708984,32.7400016784668,122900,0.0,0.0,0.0
2024-09-30 00:00:00-04:00,32.65999984741211,32.84299850463867,32.5099983215332,32.83000183105469,77600,0.0,0.0,0.0
2024-10-01 00:00:00-04:00,32.720001220703125,32.720001220703125,32.27000045776367,32.41999816894531,98100,0.0,0.0,0.0
2024-10-02 00:00:00-04:00,32.2599983215332,32.540000915527344,32.18000030517578,32.40999984741211,111400,0.0,0.0,0.0
2024-10-03 00:00:00-04:00,32.27000045776367,32.400001525878906,31.93000030517578,32.029998779296875,96000,0.0,0.0,0.0
2024-10-04 00:00:00-04:00,32.209999084472656,32.209999084472656,31.959999084472656,32.150001525878906,499200,0.0,0.0,0.0
2024-10-07 00:00:00-04:00,32.0099983215332,32.055999755859375,31.660999298095703,31.760000228881836,273700,0.0,0.0,0.0
2024-10-08 00:00:00-04:00,31.770000457763672,32.11000061035156,31.770000457763672,32.0,222300,0.0,0.0,0.0
2024-10-09 00:00:00-04:00,32.06999969482422,32.117000579833984,31.93000030517578,32.06999969482422,57200,0.0,0.0,0.0
2024-10-10 00:00:00-04:00,31.959999084472656,31.959999084472656,31.780000686645508,31.920000076293945,93800,0.0,0.0,0.0
2024-10-11 00:00:00-04:00,31.950000762939453,32.29399871826172,31.950000762939453,32.220001220703125,554300,0.0,0.0,0.0
2024-10-14 00:00:00-04:00,32.290000915527344,32.439998626708984,32.18899917602539,32.400001525878906,43700,0.0,0.0,0.0
2024-10-15 00:00:00-04:00,32.16999816894531,32.290000915527344,32.15999984741211,32.15999984741211,45500,0.0,0.0,0.0
2024-10-16 00:00:00-04:00,32.25,32.529998779296875,32.150001525878906,32.415000915527344,40200,0.0,0.0,0.0
2024-10-17 00:00:00-04:00,32.439998626708984,32.439998626708984,32.15999984741211,32.16999816894531,114800,0.0,0.0,0.0
2024-10-18 00:00:00-04:00,32.310001373291016,32.569000244140625,32.310001373291016,32.52000045776367,19900,0.0,0.0,0.0
2024-10-21 00:00:00-04:00,32.41999816894531,32.457000732421875,32.06999969482422,32.25,69200,0.0,0.0,0.0
2024-10-22 00:00:00-04:00,32.15999984741211,32.2599983215332,32.058998107910156,32.249000549316406,159100,0.0,0.0,0.0
2024-10-23 00:00:00-04:00,32.09000015258789,32.18000030517578,31.760000228881836,31.985000610351562,134400,0.0,0.0,0.0
2024-10-24 00:00:00-04:00,32.0,32.7599983215332,32.0,32.63999938964844,78600,0.0,0.0,0.0
2024-10-25 00:00:00-04:00,32.849998474121094,33.2599983215332,32.64099884033203,32.68000030517578,29300,0.0,0.0,0.0
2024-10-28 00:00:00-04:00,32.810001373291016,32.900001525878906,32.689998626708984,32.77000045776367,28900,0.0,0.0,0.0
2024-10-29 00:00:00-04:00,32.70000076293945,32.900001525878906,32.57500076293945,32.75,27300,0.0,0.0,0.0
2024-10-30 00:00:00-04:00,32.36000061035156,32.709999084472656,32.36000061035156,32.40999984741211,19300,0.0,0.0,0.0
2024-10-31 00:00:00-04:00,32.380001068115234,32.380001068115234,31.799999237060547,31.84000015258789,23400,0.0,0.0,0.0
2024-11-01 00:00:00-04:00,31.93000030517578,32.125999450683594,31.850000381469727,31.8799991607666,14400,0.0,0.0,0.0
2024-11-04 00:00:00-05:00,31.899999618530273,31.93000030517578,31.670000076293945,31.709999084472656,21800,0.0,0.0,0.0
2024-11-05 00:00:00-05:00,31.670000076293945,31.989999771118164,31.670000076293945,31.989999771118164,19100,0.0,0.0,0.0
2024-11-06 00:00:00-05:00,32.41999816894531,32.41999816894531,31.815000534057617,32.189998626708984,116300,0.0,0.0,0.0
2024-11-07 00:00:00-05:00,32.220001220703125,32.50400161743164,31.920000076293945,32.0880012512207,86500,0.0,0.0,0.0
2024-11-08 00:00:00-05:00,32.06999969482422,32.18199920654297,32.04999923706055,32.11000061035156,106800,0.0,0.0,0.0
2024-11-11 00:00:00-05:00,32.310001373291016,32.689998626708984,32.310001373291016,32.48500061035156,80000,0.0,0.0,0.0
2024-11-12 00:00:00-05:00,32.36000061035156,32.75,32.02000045776367,32.029998779296875,67300,0.0,0.0,0.0
2024-11-13 00:00:00-05:00,32.09000015258789,32.220001220703125,31.420000076293945,31.479999542236328,66600,0.0,0.0,0.0
2024-11-14 00:00:00-05:00,31.399999618530273,31.399999618530273,30.639999389648438,30.690000534057617,187500,0.0,0.0,0.0
2024-11-15 00:00:00-05:00,30.56999969482422,30.56999969482422,30.059999465942383,30.079999923706055,71100,0.0,0.0,0.0
2024-11-18 00:00:00-05:00,30.059999465942383,30.389999389648438,30.010000228881836,30.3799991607666,53000,0.0,0.0,0.0
2024-11-19 00:00:00-05:00,30.09000015258789,30.375,30.06999969482422,30.31999969482422,64900,0.0,0.0,0.0
2024-11-20 00:00:00-05:00,30.479999542236328,30.760000228881836,30.350000381469727,30.75,704800,0.0,0.0,0.0
2024-11-21 00:00:00-05:00,30.860000610351562,31.040000915527344,30.62299919128418,30.90999984741211,83600,0.0,0.0,0.0
2024-11-22 00:00:00-05:00,31.020000457763672,31.020000457763672,30.719999313354492,30.90999984741211,87000,0.0,0.0,0.0
2024-11-25 00:00:00-05:00,31.25,31.56999969482422,31.25,31.5049991607666,45700,0.0,0.0,0.0
2024-11-26 00:00:00-05:00,31.579999923706055,31.909000396728516,31.43000030517578,31.889999389648438,34600,0.0,0.0,0.0
2024-11-27 00:00:00-05:00,31.979999542236328,32.13999938964844,31.979999542236328,32.07899856567383,50000,0.0,0.0,0.0
2024-11-29 00:00:00-05:00,32.16999816894531,32.20000076293945,32.029998779296875,32.029998779296875,13000,0.0,0.0,0.0
2024-12-02 00:00:00-05:00,32.119998931884766,32.25,31.885000228881836,32.154998779296875,131800,0.0,0.0,0.0
2024-12-03 00:00:00-05:00,32.09000015258789,32.11000061035156,31.8799991607666,31.8799991607666,32100,0.0,0.0,0.0
2024-12-04 00:00:00-05:00,31.93000030517578,32.040000915527344,31.760000228881836,31.864999771118164,29300,0.0,0.0,0.0
2024-12-05 00:00:00-05:00,31.809999465942383,31.809999465942383,31.200000762939453,31.200000762939453,43600,0.0,0.0,0.0
2024-12-06 00:00:00-05:00,31.350000381469727,31.530000686645508,31.31999969482422,31.40999984741211,24000,0.0,0.0,0.0
2024-12-09 00:00:00-05:00,31.520000457763672,31.599000930786133,31.270000457763672,31.280000686645508,12600,0.0,0.0,0.0
2024-12-10 00:00:00-05:00,31.3799991607666,31.489999771118164,31.270000457763672,31.31999969482422,38700,0.0,0.0,0.0
2024-12-11 00:00:00-05:00,31.329999923706055,31.347000122070312,30.969999313354492,31.1200008392334,66000,0.0,0.0,0.0
2024-12-12 00:00:00-05:00,31.020000457763672,31.06999969482422,30.43000030517578,30.510000228881836,24000,0.0,0.0,0.0
2024-12-13 00:00:00-05:00,30.389999389648438,30.457000732421875,30.290000915527344,30.350000381469727,97900,0.0,0.0,0.0
2024-12-16 00:00:00-05:00,30.3700008392334,30.729999542236328,30.290000915527344,30.420000076293945,54800,0.0,0.0,0.0
2024-12-17 00:00:00-05:00,30.260000228881836,30.714000701904297,30.260000228881836,30.59000015258789,109600,0.0,0.0,0.0
2024-12-18 00:00:00-05:00,30.60300064086914,30.649999618530273,29.336000442504883,29.530000686645508,79400,0.0,0.0,0.0
2024-12-19 00:00:00-05:00,29.68000030517578,29.770000457763672,29.290000915527344,29.450000762939453,88300,0.0,0.0,0.0
2024-12-20 00:00:00-05:00,29.3799991607666,30.350000381469727,29.3799991607666,30.030000686645508,32400,0.0,0.0,0.0
2024-12-23 00:00:00-05:00,29.959999084472656,30.145000457763672,29.799999237060547,30.110000610351562,19300,0.0,0.0,0.0
2024-12-24 00:00:00-05:00,30.1299991607666,30.225000381469727,29.917999267578125,30.21500015258789,13700,0.0,0.0,0.0
2024-12-26 00:00:00-05:00,30.09000015258789,30.509000778198242,30.09000015258789,30.479999542236328,20400,0.0,0.0,0.0
2024-12-27 00:00:00-05:00,30.389999389648438,30.450000762939453,30.040000915527344,30.128999710083008,30000,0.0,0.0,0.0
