Date,Open,High,Low,Close,Volume,Dividends,Stock Splits
2006-11-28 00:00:00-05:00,3.895490884780884,3.895490884780884,3.7256873639036034,3.895490884780884,19800,0.0,0.0
2006-11-29 00:00:00-05:00,3.9154675006866455,3.9554212118131784,3.8355598402906774,3.9154675006866455,58200,0.0,0.0
2006-11-30 00:00:00-05:00,3.9354443550109863,3.9354443550109863,3.8355598390831966,3.9354443550109863,24300,0.0,0.0
2006-12-01 00:00:00-05:00,3.8055946826934814,3.9454329143999027,3.7756293983584435,3.8055946826934814,23000,0.0,0.0
2006-12-04 00:00:00-05:00,3.8855020999908447,3.9454326648706055,3.7956060145283073,3.8855020999908447,86200,0.0,0.0
2006-12-05 00:00:00-05:00,3.7656409740448,3.8655252552623365,3.7456641178012924,3.7656409740448,40600,0.0,0.0
2006-12-06 00:00:00-05:00,3.6857335567474365,3.7656409818878975,3.6857335567474365,3.6857335567474365,10400,0.0,0.0
2006-12-07 00:00:00-05:00,3.725687265396118,4.644623606115821,3.6457798403397654,3.725687265396118,17200,0.0,0.0
2006-12-08 00:00:00-05:00,3.635791301727295,3.795606146983723,3.6058257800988103,3.635791301727295,20300,0.0,0.0
2006-12-11 00:00:00-05:00,3.6857335567474365,3.7356756974602248,3.6857335567474365,3.6857335567474365,900,0.0,0.0
2006-12-12 00:00:00-05:00,3.735675573348999,3.735675573348999,3.735675573348999,3.735675573348999,3000,0.0,0.0
2006-12-13 00:00:00-05:00,3.7756292819976807,3.845548276624609,3.755652426389987,3.7756292819976807,15500,0.0,0.0
2006-12-14 00:00:00-05:00,3.9254560470581055,4.035328755975375,3.9054791908913296,3.9254560470581055,4700,0.0,0.0
2006-12-15 00:00:00-05:00,3.995375156402588,4.025340679641374,3.89549087274969,3.995375156402588,20000,0.0,0.0
2006-12-18 00:00:00-05:00,3.985386610031128,4.055305606517875,3.9654097538920574,3.985386610031128,20900,0.0,0.0
2006-12-19 00:00:00-05:00,3.995375156402588,4.005363822910795,3.9054793011149798,3.995375156402588,15600,0.0,0.0
2006-12-20 00:00:00-05:00,3.9354443550109863,4.025340443160287,3.9354443550109863,3.9354443550109863,9000,0.0,0.0
2006-12-21 00:00:00-05:00,3.845548391342163,3.90547919809596,3.8155831070367205,3.845548391342163,55400,0.0,0.0
2006-12-22 00:00:00-05:00,3.9354443550109863,3.98538649390343,3.845548266861685,3.9354443550109863,8500,0.0,0.0
2006-12-26 00:00:00-05:00,3.9354443550109863,3.9354443550109863,3.9354443550109863,3.9354443550109863,0,0.0,0.0
2006-12-27 00:00:00-05:00,4.055305480957031,4.055305480957031,3.9454327755940346,4.055305480957031,10500,0.0,0.0
2006-12-28 00:00:00-05:00,4.145201683044434,4.145201683044434,4.065294258762699,4.145201683044434,63000,0.0,0.0
2006-12-29 00:00:00-05:00,4.175166606903076,4.245085839247692,4.135212895930668,4.175166606903076,30800,0.0,0.0
2007-01-03 00:00:00-05:00,4.544739246368408,4.714542283540015,4.295028309233569,4.544739246368408,63000,0.0,0.0
2007-01-04 00:00:00-05:00,4.344970226287842,4.4947968843569015,4.344970226287842,4.344970226287842,27000,0.0,0.0
2007-01-05 00:00:00-05:00,4.08527135848999,4.344970502894801,4.015352119930387,4.08527135848999,37700,0.0,0.0
2007-01-08 00:00:00-05:00,4.3949127197265625,4.4348664327552365,4.105248062125764,4.3949127197265625,13800,0.0,0.0
2007-01-09 00:00:00-05:00,4.514773845672607,4.5547275585849984,4.454843276304021,4.514773845672607,49100,0.0,0.0
2007-01-10 00:00:00-05:00,4.504785537719727,4.504785537719727,4.344970213965904,4.504785537719727,5700,0.0,0.0
2007-01-11 00:00:00-05:00,4.544739246368408,4.544739246368408,4.48480820232453,4.544739246368408,7100,0.0,0.0
2007-01-12 00:00:00-05:00,4.6246466636657715,4.6745885652523524,4.534750574009787,4.6246466636657715,52100,0.0,0.0
2007-01-16 00:00:00-05:00,4.654612064361572,4.734519494023185,4.654612064361572,4.654612064361572,59100,0.0,0.0
2007-01-17 00:00:00-05:00,4.784461498260498,4.784461498260498,4.714542264679561,4.784461498260498,22800,0.0,0.0
2007-01-18 00:00:00-05:00,4.814427375793457,4.854381090423622,4.814427375793457,4.814427375793457,12900,0.0,0.0
2007-01-19 00:00:00-05:00,4.614658355712891,4.774473691536065,4.614658355712891,4.614658355712891,14300,0.0,0.0
2007-01-22 00:00:00-05:00,4.494797229766846,4.494797229766846,4.474820372241538,4.494797229766846,35800,0.0,0.0
2007-01-23 00:00:00-05:00,4.58469295501709,4.58469295501709,4.484808199204002,4.58469295501709,4600,0.0,0.0
2007-01-24 00:00:00-05:00,4.58469295501709,4.58469295501709,4.574704288921455,4.58469295501709,5800,0.0,0.0
2007-01-25 00:00:00-05:00,4.674588680267334,4.754496582086406,4.674588680267334,4.674588680267334,14500,0.0,0.0
2007-01-26 00:00:00-05:00,4.674588680267334,4.754496582086406,4.584693064685345,4.674588680267334,8000,0.0,0.0
2007-01-29 00:00:00-05:00,4.674588680267334,4.754496582086406,4.674588680267334,4.674588680267334,4500,0.0,0.0
2007-01-30 00:00:00-05:00,4.664600372314453,4.7245309399495605,4.504785525287499,4.664600372314453,30300,0.0,0.0
2007-01-31 00:00:00-05:00,4.614658355712891,4.6745889280393875,4.554727783386394,4.614658355712891,21900,0.0,0.0
2007-02-01 00:00:00-05:00,4.5946807861328125,4.644623160140493,4.564715742756826,4.5946807861328125,15000,0.0,0.0
2007-02-02 00:00:00-05:00,4.3949127197265625,4.3949127197265625,4.185155488183112,4.3949127197265625,39800,0.0,0.0
2007-02-05 00:00:00-05:00,4.3949127197265625,4.3949127197265625,4.3949127197265625,4.3949127197265625,0,0.0,0.0
2007-02-06 00:00:00-05:00,4.2950286865234375,4.3050168772176045,4.2950286865234375,4.2950286865234375,89400,0.0,0.0
2007-02-07 00:00:00-05:00,4.225109100341797,4.3150051906530535,4.155189866067951,4.225109100341797,121300,0.0,0.0
2007-02-08 00:00:00-05:00,4.125224590301514,4.24508571984744,3.9953747951505316,4.125224590301514,217500,0.0,0.0
2007-02-09 00:00:00-05:00,4.205132484436035,4.265063055970567,3.975398388744072,4.205132484436035,183800,0.0,0.0
2007-02-12 00:00:00-05:00,4.075282096862793,4.155189514246647,4.075282096862793,4.075282096862793,74800,0.0,0.0
2007-02-13 00:00:00-05:00,4.344970226287842,4.344970226287842,4.295028324455366,4.344970226287842,76000,0.0,0.0
2007-02-14 00:00:00-05:00,4.614658355712891,4.654612070597222,4.514774068502063,4.614658355712891,114600,0.0,0.0
2007-02-15 00:00:00-05:00,4.704554557800293,4.734519606492296,4.624647126240469,4.704554557800293,45000,0.0,0.0
2007-02-16 00:00:00-05:00,4.914311408996582,4.964253311566458,4.65461180100426,4.914311408996582,50600,0.0,0.0
2007-02-20 00:00:00-05:00,5.054149150848389,5.263906369520535,5.054149150848389,5.054149150848389,105200,0.0,0.0
2007-02-21 00:00:00-05:00,5.044161319732666,5.104091889856208,5.0241844630248185,5.044161319732666,78000,0.0,0.0
2007-02-22 00:00:00-05:00,5.034172534942627,5.054149391181057,4.94427644372678,5.034172534942627,131900,0.0,0.0
2007-02-23 00:00:00-05:00,5.243929862976074,5.253918529427513,5.094103200205306,5.243929862976074,42800,0.0,0.0
2007-02-26 00:00:00-05:00,5.473664283752441,5.473664283752441,5.243930180598593,5.473664283752441,50200,0.0,0.0
2007-02-27 00:00:00-05:00,4.944276332855225,5.164022222836148,4.834403864150574,4.944276332855225,44600,0.0,0.0
2007-02-28 00:00:00-05:00,4.634634971618652,4.744507919967402,4.464831454066719,4.634634971618652,85100,0.0,0.0
2007-03-01 00:00:00-05:00,4.664600372314453,4.71454227386747,4.534750570962146,4.664600372314453,133500,0.0,0.0
2007-03-02 00:00:00-05:00,4.464831352233887,4.594681154022115,4.295028314840607,4.464831352233887,147000,0.0,0.0
2007-03-05 00:00:00-05:00,4.195143699645996,4.23509741287799,4.155189986414002,4.195143699645996,95400,0.0,0.0
2007-03-06 00:00:00-05:00,4.514773845672607,4.514773845672607,4.215120522543849,4.514773845672607,27900,0.0,0.0
2007-03-07 00:00:00-05:00,4.3949127197265625,4.704554233841698,4.3949127197265625,4.3949127197265625,54000,0.0,0.0
2007-03-08 00:00:00-05:00,4.6246466636657715,4.6745885652523524,4.5447392400985915,4.6246466636657715,26400,0.0,0.0
2007-03-09 00:00:00-05:00,4.654612064361572,4.654612064361572,4.5047858718889735,4.654612064361572,15800,0.0,0.0
2007-03-12 00:00:00-04:00,4.614658355712891,4.704554452345561,4.544739592808237,4.614658355712891,14700,0.0,0.0
2007-03-13 00:00:00-04:00,4.364947319030762,4.57470455644742,4.364947319030762,4.364947319030762,34100,0.0,0.0
2007-03-14 00:00:00-04:00,4.145201683044434,4.265062819467036,4.045317402692265,4.145201683044434,58900,0.0,0.0
2007-03-15 00:00:00-04:00,4.3949127197265625,4.424877766355153,4.344970340297806,4.3949127197265625,1600,0.0,0.0
2007-03-16 00:00:00-04:00,4.5946807861328125,4.694565057862396,4.574703931786896,4.5946807861328125,45900,0.0,0.0
2007-03-19 00:00:00-04:00,4.60467004776001,4.60467004776001,4.594681381150616,4.60467004776001,9000,0.0,0.0
2007-03-20 00:00:00-04:00,4.614658355712891,4.7345195003658835,4.564716450250402,4.614658355712891,43100,0.0,0.0
2007-03-21 00:00:00-04:00,4.28503942489624,4.474819784607605,4.225108860190407,4.28503942489624,86500,0.0,0.0
2007-03-22 00:00:00-04:00,4.374935626983643,4.374935626983643,4.265062683944564,4.374935626983643,26800,0.0,0.0
2007-03-23 00:00:00-04:00,4.374935985710527,4.4348665569315955,4.305016747809694,4.364947319030762,45600,0.0,0.0
2007-03-26 00:00:00-04:00,4.28503942489624,4.364946844504017,4.28503942489624,4.28503942489624,24400,0.0,0.0
2007-03-27 00:00:00-04:00,4.30501651763916,4.384923941661614,4.30501651763916,4.30501651763916,30800,0.0,0.0
2007-03-28 00:00:00-04:00,4.28503942489624,4.374935510097884,4.28503942489624,4.28503942489624,13800,0.0,0.0
2007-03-29 00:00:00-04:00,4.245086193084717,4.3749360027112045,4.245086193084717,4.245086193084717,58500,0.0,0.0
2007-03-30 00:00:00-04:00,4.364947319030762,4.364947319030762,4.265063033662315,4.364947319030762,16000,0.0,0.0
2007-04-02 00:00:00-04:00,4.2950286865234375,4.334982401871817,4.275051828849248,4.2950286865234375,26400,0.0,0.0
2007-04-03 00:00:00-04:00,4.344970226287842,4.364947082277996,4.275051468465213,4.344970226287842,39800,0.0,0.0
2007-04-04 00:00:00-04:00,4.364947319030762,4.364947319030762,4.295028557415771,4.364947319030762,25400,0.0,0.0
2007-04-05 00:00:00-04:00,4.404901027679443,4.444854741776948,4.36494731358194,4.404901027679443,32300,0.0,0.0
2007-04-09 00:00:00-04:00,4.404901027679443,4.424877884728195,4.36494731358194,4.404901027679443,27800,0.0,0.0
2007-04-10 00:00:00-04:00,4.3949127197265625,4.594681284869931,4.3649471968121425,4.3949127197265625,31000,0.0,0.0
2007-04-11 00:00:00-04:00,4.384923934936523,4.464831358836425,4.364947078961548,4.384923934936523,36700,0.0,0.0
2007-04-12 00:00:00-04:00,4.494797229766846,4.494797229766846,4.494797229766846,4.494797229766846,2000,0.0,0.0
2007-04-13 00:00:00-04:00,4.674588680267334,4.674588680267334,4.4947969728175305,4.674588680267334,33400,0.0,0.0
2007-04-16 00:00:00-04:00,4.894334316253662,4.894334316253662,4.774473184333768,4.894334316253662,6100,0.0,0.0
2007-04-17 00:00:00-04:00,4.714542388916016,4.894334572494604,4.7045541988759965,4.714542388916016,86300,0.0,0.0
2007-04-18 00:00:00-04:00,4.804438591003418,4.864369161476865,4.694565640325848,4.804438591003418,14500,0.0,0.0
2007-04-19 00:00:00-04:00,4.684577465057373,4.7844617494996315,4.614658227804873,4.684577465057373,90800,0.0,0.0
2007-04-20 00:00:00-04:00,4.764484882354736,4.90432288027287,4.724531168663841,4.764484882354736,57800,0.0,0.0
2007-04-23 00:00:00-04:00,4.60467004776001,4.764484903223595,4.60467004776001,4.60467004776001,19300,0.0,0.0
2007-04-24 00:00:00-04:00,4.514773845672607,4.63463498440978,4.514773845672607,4.514773845672607,3000,0.0,0.0
2007-04-25 00:00:00-04:00,4.414889335632324,4.5047854231904765,4.374935624781101,4.414889335632324,54500,0.0,0.0
2007-04-26 00:00:00-04:00,4.334981918334961,4.434866195564517,4.285039541577281,4.334981918334961,66100,0.0,0.0
2007-04-27 00:00:00-04:00,4.145201683044434,4.384923955889637,4.125224826974,4.145201683044434,66800,0.0,0.0
2007-04-30 00:00:00-04:00,4.045317649841309,4.06529450713223,3.945433125243777,4.045317649841309,82800,0.0,0.0
2007-05-01 00:00:00-04:00,4.2650628089904785,4.344970233075931,4.155189862730072,4.2650628089904785,78100,0.0,0.0
2007-05-02 00:00:00-04:00,4.484807968139648,4.494796633720651,4.364946838882354,4.484807968139648,63300,0.0,0.0
2007-05-03 00:00:00-04:00,4.384923934936523,4.494796880941796,4.344970222986572,4.384923934936523,77500,0.0,0.0
2007-05-04 00:00:00-04:00,4.3949127197265625,4.454843289269573,4.344970340297806,4.3949127197265625,43400,0.0,0.0
2007-05-07 00:00:00-04:00,4.614658355712891,4.6346352131550566,4.474820353617732,4.614658355712891,40400,0.0,0.0
2007-05-08 00:00:00-04:00,4.464831352233887,4.564716108246871,4.454843162404077,4.464831352233887,5500,0.0,0.0
2007-05-09 00:00:00-04:00,4.484807968139648,4.494796633720651,4.384923693758569,4.484807968139648,17800,0.0,0.0
2007-05-10 00:00:00-04:00,4.504785537719727,4.504785537719727,4.344970213965904,4.504785537719727,33600,0.0,0.0
2007-05-11 00:00:00-04:00,4.484807968139648,4.574704053225514,4.394912359339572,4.484807968139648,21500,0.0,0.0
2007-05-14 00:00:00-04:00,4.2950286865234375,4.534750978613711,4.275051828849248,4.2950286865234375,53100,0.0,0.0
2007-05-15 00:00:00-04:00,4.165178298950195,4.364946848135854,4.135212778429452,4.165178298950195,22000,0.0,0.0
2007-05-16 00:00:00-04:00,4.225109100341797,4.275051478578232,4.02534053996769,4.225109100341797,42700,0.0,0.0
2007-05-17 00:00:00-04:00,4.245086193084717,4.3150054312572514,4.075282669155593,4.245086193084717,59100,0.0,0.0
2007-05-18 00:00:00-04:00,4.324993133544922,4.324993133544922,4.145201439475446,4.324993133544922,11300,0.0,0.0
2007-05-21 00:00:00-04:00,4.324993133544922,4.324993133544922,4.324993133544922,4.324993133544922,500,0.0,0.0
2007-05-22 00:00:00-04:00,4.055305480957031,4.344970124147833,4.055305480957031,4.055305480957031,23200,0.0,0.0
2007-05-23 00:00:00-04:00,4.095259189605713,4.295028220980263,4.095259189605713,4.095259189605713,21000,0.0,0.0
2007-05-24 00:00:00-04:00,3.8255715370178223,4.045317431651506,3.5858490243136063,3.8255715370178223,40100,0.0,0.0
2007-05-25 00:00:00-04:00,3.9154675006866455,4.075282345192776,3.7956061291641445,3.9154675006866455,58100,0.0,0.0
2007-05-29 00:00:00-04:00,3.965409517288208,3.985386372235321,3.865525004409749,3.965409517288208,56200,0.0,0.0
2007-05-30 00:00:00-04:00,3.965409517288208,4.045317175219555,3.7956060120948543,3.965409517288208,22400,0.0,0.0
2007-05-31 00:00:00-04:00,4.175166606903076,4.18515527278908,4.125224706330468,4.175166606903076,20900,0.0,0.0
2007-06-01 00:00:00-04:00,4.384923934936523,4.384923934936523,4.275051465217067,4.384923934936523,40400,0.0,0.0
2007-06-04 00:00:00-04:00,4.404901027679443,4.6046700744528035,4.344970456533188,4.404901027679443,31900,0.0,0.0
2007-06-05 00:00:00-04:00,4.344970226287842,4.384923938268149,4.265062802327227,4.344970226287842,16100,0.0,0.0
2007-06-06 00:00:00-04:00,4.2950286865234375,4.354959259546006,4.185155731172467,4.2950286865234375,50700,0.0,0.0
2007-06-07 00:00:00-04:00,4.06529426574707,4.275051492989905,4.06529426574707,4.06529426574707,13600,0.0,0.0
2007-06-08 00:00:00-04:00,3.995375156402588,4.055305726594327,3.9554214429414287,3.995375156402588,21700,0.0,0.0
2007-06-11 00:00:00-04:00,3.955421209335327,4.045317297456614,3.9054790704584477,3.955421209335327,49900,0.0,0.0
2007-06-12 00:00:00-04:00,3.8155832290649414,3.8855024661566766,3.8055948006436817,3.8155832290649414,18800,0.0,0.0
2007-06-13 00:00:00-04:00,3.7656409740448,3.8655252552623365,3.725687261557785,3.7656409740448,29500,0.0,0.0
2007-06-14 00:00:00-04:00,4.075282096862793,4.075282096862793,3.825571179395359,4.075282096862793,20700,0.0,0.0
2007-06-15 00:00:00-04:00,4.145201683044434,4.145201683044434,3.9354444561619717,4.145201683044434,23100,0.0,0.0
2007-06-18 00:00:00-04:00,4.245086193084717,4.285039907387352,4.12522505017681,4.245086193084717,38200,0.0,0.0
2007-06-19 00:00:00-04:00,4.344970226287842,4.384923938268149,4.255074612475059,4.344970226287842,23400,0.0,0.0
2007-06-20 00:00:00-04:00,4.444854736328125,4.484808450376651,4.434866545958914,4.444854736328125,21300,0.0,0.0
2007-06-21 00:00:00-04:00,4.434866428375244,4.444854618479633,4.32499347951199,4.434866428375244,7500,0.0,0.0
2007-06-22 00:00:00-04:00,4.464831352233887,4.464831352233887,4.434866306458644,4.464831352233887,9200,0.0,0.0
2007-06-25 00:00:00-04:00,4.354959011077881,4.484808340408752,4.245086061995609,4.354959011077881,4500,0.0,0.0
2007-06-26 00:00:00-04:00,3.955421209335327,4.205132141862629,3.955421209335327,3.955421209335327,24100,0.0,0.0
2007-06-27 00:00:00-04:00,4.045317649841309,4.045317649841309,3.855537029291707,4.045317649841309,11300,0.0,0.0
2007-06-28 00:00:00-04:00,4.135213375091553,4.155190232892541,4.115236517290564,4.135213375091553,3000,0.0,0.0
2007-06-29 00:00:00-04:00,4.135213375091553,4.235097664096497,4.135213375091553,4.135213375091553,2200,0.0,0.0
2007-07-02 00:00:00-04:00,4.135213375091553,4.135213375091553,4.135213375091553,4.135213375091553,0,0.0,0.0
2007-07-03 00:00:00-04:00,4.324993133544922,4.34496998844153,4.195143338574073,4.324993133544922,7600,0.0,0.0
2007-07-05 00:00:00-04:00,4.2950286865234375,4.354959259546006,4.195143921866634,4.2950286865234375,19000,0.0,0.0
2007-07-06 00:00:00-04:00,4.614658355712891,4.614658355712891,4.225109397447738,4.614658355712891,19300,0.0,0.0
2007-07-09 00:00:00-04:00,4.644623279571533,4.6546114688584375,4.444854254689764,4.644623279571533,25600,0.0,0.0
2007-07-10 00:00:00-04:00,4.644623279571533,4.704553844150327,4.584692714992739,4.644623279571533,29900,0.0,0.0
2007-07-11 00:00:00-04:00,4.714542388916016,4.714542388916016,4.604669917046683,4.714542388916016,33000,0.0,0.0
2007-07-12 00:00:00-04:00,4.834403991699219,4.904322750667643,4.494796958015475,4.834403991699219,21900,0.0,0.0
2007-07-13 00:00:00-04:00,4.774473667144775,4.874357953845325,4.774473667144775,4.774473667144775,49900,0.0,0.0
2007-07-16 00:00:00-04:00,4.814427375793457,4.86436928093824,4.734519470247277,4.814427375793457,12200,0.0,0.0
2007-07-17 00:00:00-04:00,4.794450283050537,4.794450283050537,4.69456552509404,4.794450283050537,12000,0.0,0.0
2007-07-18 00:00:00-04:00,4.784461498260498,4.834403876001998,4.724530930742185,4.784461498260498,16400,0.0,0.0
2007-07-19 00:00:00-04:00,4.694565296173096,4.7744731938989124,4.664600251275991,4.694565296173096,3000,0.0,0.0
2007-07-20 00:00:00-04:00,4.654612064361572,4.714542636607781,4.54473958671978,4.654612064361572,13200,0.0,0.0
2007-07-23 00:00:00-04:00,4.574704170227051,4.654611591775607,4.574704170227051,4.574704170227051,4900,0.0,0.0
2007-07-24 00:00:00-04:00,4.704554557800293,4.704554557800293,4.534751027592737,4.704554557800293,28600,0.0,0.0
2007-07-25 00:00:00-04:00,4.514773845672607,4.594681271497389,4.494796989216412,4.514773845672607,10600,0.0,0.0
2007-07-26 00:00:00-04:00,4.434866428375244,4.494796997859066,4.25507471992378,4.434866428375244,25800,0.0,0.0
2007-07-27 00:00:00-04:00,4.384923934936523,4.394912601066919,4.324993367011597,4.384923934936523,13100,0.0,0.0
2007-07-30 00:00:00-04:00,4.2950286865234375,4.354959259546006,4.245086304195036,4.2950286865234375,14800,0.0,0.0
2007-07-31 00:00:00-04:00,4.2950286865234375,4.2950286865234375,4.2950286865234375,4.2950286865234375,300,0.0,0.0
2007-08-01 00:00:00-04:00,4.494797229766846,4.524762754197733,4.384924275234728,4.494797229766846,17400,0.0,0.0
2007-08-02 00:00:00-04:00,4.454843521118164,4.474820378672179,4.444854854198229,4.454843521118164,5200,0.0,0.0
2007-08-03 00:00:00-04:00,4.225109100341797,4.444854516753313,4.1651785322295645,4.225109100341797,14500,0.0,0.0
2007-08-06 00:00:00-04:00,4.225109100341797,4.225109100341797,4.225109100341797,4.225109100341797,0,0.0,0.0
2007-08-07 00:00:00-04:00,4.01535177230835,4.1352129055030336,3.8755137835812183,4.01535177230835,65000,0.0,0.0
2007-08-08 00:00:00-04:00,3.985386610031128,4.075282462656945,3.985386610031128,3.985386610031128,31600,0.0,0.0
2007-08-09 00:00:00-04:00,3.6557681560516357,3.835559856899574,3.5958373509594193,3.6557681560516357,35200,0.0,0.0
2007-08-10 00:00:00-04:00,3.8155832290649414,3.8155832290649414,3.3161613317161245,3.8155832290649414,49600,0.0,0.0
2007-08-13 00:00:00-04:00,3.7956061363220215,3.7956061363220215,3.5858489143692553,3.7956061363220215,141500,0.0,0.0
2007-08-14 00:00:00-04:00,3.735675573348999,3.7556524289704187,3.6158142014775785,3.735675573348999,26200,0.0,0.0
2007-08-15 00:00:00-04:00,3.3261497020721436,3.535906933399741,3.3261497020721436,3.3261497020721436,106500,0.0,0.0
2007-08-16 00:00:00-04:00,3.046473264694214,3.076438547385815,2.6469359239966352,3.046473264694214,111000,0.0,0.0
2007-08-17 00:00:00-04:00,3.1064038276672363,3.1663346311468374,2.9066352765448915,3.1064038276672363,37600,0.0,0.0
2007-08-20 00:00:00-04:00,3.1064038276672363,3.7356754781313164,3.1064038276672363,3.1064038276672363,25100,0.0,0.0
2007-08-21 00:00:00-04:00,3.116392135620117,3.1263808009357796,3.0664499997562475,3.116392135620117,71700,0.0,0.0
2007-08-22 00:00:00-04:00,3.146358013153076,3.226265439624065,3.1363695848442026,3.146358013153076,14700,0.0,0.0
2007-08-23 00:00:00-04:00,3.026496410369873,3.2861957652422515,3.026496410369873,3.026496410369873,30900,0.0,0.0
2007-08-24 00:00:00-04:00,3.0864269733428955,3.1263809217204614,3.026496407990893,3.0864269733428955,21800,0.0,0.0
2007-08-27 00:00:00-04:00,3.1962997913360596,3.266218781549652,3.146357655469208,3.1962997913360596,18600,0.0,0.0
2007-08-28 00:00:00-04:00,3.0864269733428955,3.206288342189798,3.0564616906668944,3.0864269733428955,13300,0.0,0.0
2007-08-29 00:00:00-04:00,2.9865429401397705,3.09641565220222,2.9865429401397705,2.9865429401397705,47800,0.0,0.0
2007-08-30 00:00:00-04:00,2.926612377166748,3.0464735178951465,2.926612377166748,2.926612377166748,18100,0.0,0.0
2007-08-31 00:00:00-04:00,3.1064038276672363,3.186311486259072,3.0964154001111193,3.1064038276672363,19700,0.0,0.0
2007-09-04 00:00:00-04:00,3.3561148643493652,3.3561148643493652,3.176323162465887,3.3561148643493652,38200,0.0,0.0
2007-09-05 00:00:00-04:00,3.2062883377075195,3.3361378957886663,3.2062883377075195,3.2062883377075195,10100,0.0,0.0
2007-09-06 00:00:00-04:00,3.2362537384033203,3.3561148733124146,3.206288454676047,3.2362537384033203,67700,0.0,0.0
2007-09-07 00:00:00-04:00,3.3261497020721436,3.3261497020721436,3.2762075608376953,3.3261497020721436,29800,0.0,0.0
2007-09-10 00:00:00-04:00,3.246242046356201,3.396068697599031,3.206288336196219,3.246242046356201,35800,0.0,0.0
2007-09-11 00:00:00-04:00,3.2961840629577637,3.396068572830962,3.236253499919578,3.2961840629577637,120900,0.0,0.0
2007-09-12 00:00:00-04:00,3.3361380100250244,3.3661032936852093,3.2762074427046546,3.3361380100250244,17200,0.0,0.0
2007-09-13 00:00:00-04:00,3.2262654304504395,3.286196000133273,3.1963001456090225,3.2262654304504395,13000,0.0,0.0
2007-09-14 00:00:00-04:00,3.3061728477478027,3.3061728477478027,3.236253849973696,3.3061728477478027,4800,0.0,0.0
2007-09-17 00:00:00-04:00,3.266218900680542,3.306172610831281,3.216276762992119,3.266218900680542,11600,0.0,0.0
2007-09-18 00:00:00-04:00,3.485964775085449,3.5159300596793,3.2362538319937775,3.485964775085449,12500,0.0,0.0
2007-09-19 00:00:00-04:00,3.396068811416626,3.6757450300526098,3.396068811416626,3.396068811416626,31000,0.0,0.0
2007-09-20 00:00:00-04:00,3.845548391342163,3.8954907699941455,3.635791401204063,3.845548391342163,44000,0.0,0.0
2007-09-21 00:00:00-04:00,3.75565242767334,3.8954906551178845,3.70571028863704,3.75565242767334,26900,0.0,0.0
2007-09-24 00:00:00-04:00,3.7057101726531982,3.805594447599553,3.6857333176639275,3.7057101726531982,52700,0.0,0.0
2007-09-25 00:00:00-04:00,3.5858490467071533,3.6957219947101496,3.5758606185380546,3.5858490467071533,17400,0.0,0.0
2007-09-26 00:00:00-04:00,3.595837354660034,3.595837354660034,3.5359067876490444,3.595837354660034,10100,0.0,0.0
2007-09-27 00:00:00-04:00,3.7057101726531982,3.7057101726531982,3.63579118019075,3.7057101726531982,6700,0.0,0.0
2007-09-28 00:00:00-04:00,3.995375156402588,4.005363822910795,3.7756294942232955,3.995375156402588,42700,0.0,0.0
2007-10-01 00:00:00-04:00,3.855536699295044,3.995374926505618,3.835559843713948,3.855536699295044,31400,0.0,0.0
2007-10-02 00:00:00-04:00,3.715698719024658,3.7456640024672474,3.6258028686968893,3.715698719024658,44900,0.0,0.0
2007-10-03 00:00:00-04:00,3.735675573348999,3.825571423645387,3.6857334342954506,3.735675573348999,40500,0.0,0.0
2007-10-04 00:00:00-04:00,3.7856175899505615,3.8255712999010325,3.6457796051239133,3.7856175899505615,40100,0.0,0.0
2007-10-05 00:00:00-04:00,3.895490884780884,3.9654098835538565,3.7956063626765766,3.895490884780884,42100,0.0,0.0
2007-10-08 00:00:00-04:00,3.895490884780884,3.895490884780884,3.895490884780884,3.895490884780884,0,0.0,0.0
2007-10-09 00:00:00-04:00,4.315005302429199,4.32499349256373,3.905479266768078,4.315005302429199,52900,0.0,0.0
2007-10-10 00:00:00-04:00,4.414889335632324,4.474819901909158,4.295028203078656,4.414889335632324,87300,0.0,0.0
2007-10-11 00:00:00-04:00,4.344970226287842,4.554727452327363,4.275051468465213,4.344970226287842,110700,0.0,0.0
2007-10-12 00:00:00-04:00,4.424877643585205,4.424877643585205,4.245085939944564,4.424877643585205,27100,0.0,0.0
2007-10-15 00:00:00-04:00,4.3949127197265625,4.484808335898164,4.315005293669215,4.3949127197265625,17200,0.0,0.0
2007-10-16 00:00:00-04:00,4.245086193084717,4.394912859862522,4.185155621630763,4.245086193084717,24100,0.0,0.0
2007-10-17 00:00:00-04:00,4.095259189605713,4.295028220980263,4.075282334096838,4.095259189605713,62300,0.0,0.0
2007-10-18 00:00:00-04:00,4.245086193084717,4.245086193084717,4.115236383458229,4.245086193084717,12800,0.0,0.0
2007-10-19 00:00:00-04:00,4.2950286865234375,4.364947450240172,4.225109446520847,4.2950286865234375,51400,0.0,0.0
2007-10-22 00:00:00-04:00,4.06529426574707,4.10524797795658,3.905479178766122,4.06529426574707,59800,0.0,0.0
2007-10-23 00:00:00-04:00,4.205132484436035,4.255074865524401,4.005363912654261,4.205132484436035,100900,0.0,0.0
2007-10-24 00:00:00-04:00,4.1551899909973145,4.255074750473306,4.0952594210832185,4.1551899909973145,54700,0.0,0.0
2007-10-25 00:00:00-04:00,4.205132484436035,4.2350975320603785,4.145201912901503,4.205132484436035,61000,0.0,0.0
2007-10-26 00:00:00-04:00,4.414889335632324,4.474819901909158,4.2550744922274335,4.414889335632324,41200,0.0,0.0
2007-10-29 00:00:00-04:00,4.6246466636657715,4.6346348534687625,4.474820006334402,4.6246466636657715,98900,0.0,0.0
2007-10-30 00:00:00-04:00,4.574704170227051,4.604669691450661,4.544739125289244,4.574704170227051,16200,0.0,0.0
2007-10-31 00:00:00-04:00,4.654612064361572,4.744508160873811,3.7456643375319563,4.654612064361572,94200,0.0,0.0
2007-11-01 00:00:00-04:00,4.554727554321289,4.654611836508764,4.4548432721338145,4.554727554321289,59600,0.0,0.0
2007-11-02 00:00:00-04:00,4.814427375793457,4.814427375793457,4.524762706581831,4.814427375793457,52300,0.0,0.0
2007-11-05 00:00:00-05:00,4.784461498260498,4.7944501643231225,4.7445077865816225,4.784461498260498,7700,0.0,0.0
2007-11-06 00:00:00-05:00,5.024184703826904,5.104092134488143,4.82441565088795,5.024184703826904,63300,0.0,0.0
2007-11-07 00:00:00-05:00,5.13405704498291,5.393756663944311,5.064138283174721,5.13405704498291,90800,0.0,0.0
2007-11-08 00:00:00-05:00,4.944276332855225,5.223952790207542,4.844392053902901,4.944276332855225,44300,0.0,0.0
2007-11-09 00:00:00-05:00,4.854381084442139,4.854381084442139,4.76448498849211,4.854381084442139,12300,0.0,0.0
2007-11-12 00:00:00-05:00,4.614658355712891,4.6346352131550566,4.39491292384907,4.614658355712891,29900,0.0,0.0
2007-11-13 00:00:00-05:00,4.854381084442139,4.854381084442139,4.564716415587433,4.854381084442139,35900,0.0,0.0
2007-11-14 00:00:00-05:00,4.854381084442139,4.984230418687256,4.854381084442139,4.854381084442139,56400,0.0,0.0
2007-11-15 00:00:00-05:00,4.534750461578369,4.734519015543398,4.514773606181866,4.534750461578369,69000,0.0,0.0
2007-11-16 00:00:00-05:00,4.514773845672607,4.614658127953584,4.424877753476815,4.514773845672607,24200,0.0,0.0
2007-11-19 00:00:00-05:00,4.354959011077881,4.464831483874323,4.285039775064466,4.354959011077881,61100,0.0,0.0
2007-11-20 00:00:00-05:00,4.564716339111328,4.574704529446299,4.374935959888493,4.564716339111328,36500,0.0,0.0
2007-11-21 00:00:00-05:00,4.564715998918589,4.564715998918589,4.2350971692848205,4.255074501037598,40000,0.0,0.0
2007-11-23 00:00:00-05:00,4.404901027679443,4.404901027679443,4.245086171289429,4.404901027679443,17800,0.0,0.0
2007-11-26 00:00:00-05:00,4.404901027679443,4.404901027679443,4.404901027679443,4.404901027679443,0,0.0,0.0
2007-11-27 00:00:00-05:00,4.3949127197265625,4.464831479383827,4.344970340297806,4.3949127197265625,96900,0.0,0.0
2007-11-28 00:00:00-05:00,4.3949127197265625,4.3949127197265625,4.3949127197265625,4.3949127197265625,0,0.0,0.0
2007-11-29 00:00:00-05:00,4.324993133544922,4.324993133544922,4.215120193470681,4.324993133544922,34800,0.0,0.0
2007-11-30 00:00:00-05:00,4.255074501037598,4.315005067438518,4.135212891949953,4.255074501037598,22700,0.0,0.0
2007-12-03 00:00:00-05:00,4.245086193084717,4.275051716954615,4.105248193025492,4.245086193084717,36200,0.0,0.0
2007-12-04 00:00:00-05:00,4.364947319030762,4.4148896998579055,4.235097509908861,4.364947319030762,9900,0.0,0.0
2007-12-05 00:00:00-05:00,4.28503942489624,4.444854264111793,4.275051235588164,4.28503942489624,21600,0.0,0.0
2007-12-06 00:00:00-05:00,4.195143699645996,4.344970362408889,4.115236273182009,4.195143699645996,30600,0.0,0.0
2007-12-07 00:00:00-05:00,4.175166606903076,4.285039550220101,4.155189751416872,4.175166606903076,13700,0.0,0.0
2007-12-10 00:00:00-05:00,4.245086193084717,4.275051716954615,4.235097526366136,4.245086193084717,4300,0.0,0.0
2007-12-11 00:00:00-05:00,4.2950286865234375,4.434866690242764,4.235097637215013,4.2950286865234375,31800,0.0,0.0
2007-12-12 00:00:00-05:00,4.514773845672607,4.574704415041194,4.315005281110653,4.514773845672607,376000,0.0,0.0
2007-12-13 00:00:00-05:00,4.334981918334961,4.514773617348162,4.255074496551316,4.334981918334961,27700,0.0,0.0
2007-12-14 00:00:00-05:00,4.2950286865234375,4.3050168772176045,4.185155731172467,4.2950286865234375,16700,0.0,0.0
2007-12-17 00:00:00-05:00,4.225109100341797,4.295028334615643,4.075282441918309,4.225109100341797,40100,0.0,0.0
2007-12-18 00:00:00-05:00,4.225109100341797,4.225109100341797,4.055305585880897,4.225109100341797,22100,0.0,0.0
2007-12-19 00:00:00-05:00,4.225109100341797,4.235097290217594,4.11523615399313,4.225109100341797,16300,0.0,0.0
2007-12-20 00:00:00-05:00,4.1551899909973145,4.225109227373342,4.055305707807155,4.1551899909973145,30200,0.0,0.0
2007-12-21 00:00:00-05:00,4.275051593780518,4.334982163507733,4.185155501046779,4.275051593780518,18300,0.0,0.0
2007-12-24 00:00:00-05:00,4.374935626983643,4.384923816558575,4.374935626983643,4.374935626983643,7000,0.0,0.0
2007-12-26 00:00:00-05:00,4.374935626983643,4.374935626983643,4.374935626983643,4.374935626983643,0,0.0,0.0
2007-12-27 00:00:00-05:00,4.484807968139648,4.654611472730378,4.444854258387217,4.484807968139648,30900,0.0,0.0
2007-12-28 00:00:00-05:00,4.614658355712891,4.7145426429237185,4.494797211059898,4.614658355712891,18200,0.0,0.0
2007-12-31 00:00:00-05:00,4.644623279571533,4.714542033437231,4.544739005273543,4.644623279571533,9200,0.0,0.0
2008-01-02 00:00:00-05:00,4.804438591003418,4.8443923046523825,4.664600593232042,4.804438591003418,48000,0.0,0.0
2008-01-03 00:00:00-05:00,4.744507789611816,4.774473311533018,4.6446235103508355,4.744507789611816,27800,0.0,0.0
2008-01-04 00:00:00-05:00,4.614658355712891,4.794450548978231,4.614658355712891,4.614658355712891,15700,0.0,0.0
2008-01-07 00:00:00-05:00,4.5946807861328125,4.764484286215993,4.524762034064993,4.5946807861328125,45600,0.0,0.0
2008-01-08 00:00:00-05:00,4.7544965744018555,4.89433456885902,3.9953750804913106,4.7544965744018555,54100,0.0,0.0
2008-01-09 00:00:00-05:00,4.664600372314453,4.804438363463038,4.484808193123316,4.664600372314453,114800,0.0,0.0
2008-01-10 00:00:00-05:00,4.794450283050537,4.794450283050537,4.524762484396808,4.794450283050537,15400,0.0,0.0
2008-01-11 00:00:00-05:00,4.724531173706055,4.804438601173126,4.644623746238983,4.724531173706055,23100,0.0,0.0
2008-01-14 00:00:00-05:00,4.954265117645264,5.034172542722474,4.834403980029448,4.954265117645264,54700,0.0,0.0
2008-01-15 00:00:00-05:00,4.924299716949463,5.10409190410794,4.844392289894955,4.924299716949463,23700,0.0,0.0
2008-01-16 00:00:00-05:00,4.644623279571533,4.774473074301815,4.4348660654028595,4.644623279571533,49600,0.0,0.0
2008-01-17 00:00:00-05:00,4.564716339111328,4.734519385092543,4.554727672490518,4.564716339111328,123100,0.0,0.0
2008-01-18 00:00:00-05:00,4.484807968139648,4.574704053225514,4.434866069092004,4.484807968139648,40900,0.0,0.0
2008-01-22 00:00:00-05:00,4.135213375091553,4.42487805134882,3.805594983232308,4.135213375091553,51800,0.0,0.0
2008-01-23 00:00:00-05:00,4.215120315551758,4.265062692382638,3.765640829217056,4.215120315551758,93200,0.0,0.0
2008-01-24 00:00:00-05:00,4.514773845672607,4.574704415041194,4.394912706935435,4.514773845672607,24000,0.0,0.0
2008-01-25 00:00:00-05:00,4.554727554321289,4.724531072182909,4.384924036459669,4.554727554321289,24900,0.0,0.0
2008-01-28 00:00:00-05:00,4.334981918334961,4.474819906456339,4.245085830685459,4.334981918334961,21000,0.0,0.0
2008-01-29 00:00:00-05:00,4.28503942489624,4.384923699405961,4.245085715092352,4.28503942489624,26000,0.0,0.0
2008-01-30 00:00:00-05:00,4.3949127197265625,4.494797002298246,4.285039770754795,4.3949127197265625,25400,0.0,0.0
2008-01-31 00:00:00-05:00,4.534750461578369,4.574704172371375,4.235097154345024,4.534750461578369,13200,0.0,0.0
2008-02-01 00:00:00-05:00,4.5247626304626465,4.584693201399695,4.4348665359141535,4.5247626304626465,33200,0.0,0.0
2008-02-04 00:00:00-05:00,4.30501651763916,4.414889463812943,4.135213003448537,4.30501651763916,110700,0.0,0.0
2008-02-05 00:00:00-05:00,4.145201683044434,4.265062819467036,4.125224826974,4.145201683044434,37100,0.0,0.0
2008-02-06 00:00:00-05:00,4.125224590301514,4.2251088649231185,4.125224590301514,4.125224590301514,19100,0.0,0.0
2008-02-07 00:00:00-05:00,4.255074501037598,4.255074501037598,4.095259181016005,4.255074501037598,11800,0.0,0.0
2008-02-08 00:00:00-05:00,4.2650628089904785,4.315005187186795,4.215120430794162,4.2650628089904785,32400,0.0,0.0
2008-02-11 00:00:00-05:00,4.354959011077881,4.384924057736609,4.275051584940167,4.354959011077881,19000,0.0,0.0
2008-02-12 00:00:00-05:00,4.344970226287842,4.504785550494887,4.334982036435673,4.344970226287842,37600,0.0,0.0
2008-02-13 00:00:00-05:00,4.2950286865234375,4.374936117220195,4.255074971175059,4.2950286865234375,25200,0.0,0.0
2008-02-14 00:00:00-05:00,4.315005302429199,4.334982158984092,4.315005302429199,4.315005302429199,5100,0.0,0.0
2008-02-15 00:00:00-05:00,4.225109100341797,4.404900804678492,4.225109100341797,4.225109100341797,26700,0.0,0.0
2008-02-19 00:00:00-05:00,4.2350969314575195,4.3949122425044775,4.2350969314575195,4.2350969314575195,36400,0.0,0.0
2008-02-20 00:00:00-05:00,4.374935626983643,4.374935626983643,4.175166596341154,4.374935626983643,24600,0.0,0.0
2008-02-21 00:00:00-05:00,4.474820137023926,4.584693085780604,4.464831470643397,4.474820137023926,66700,0.0,0.0
2008-02-22 00:00:00-05:00,4.464831352233887,4.554727442131247,4.454843162404077,4.464831352233887,29500,0.0,0.0
2008-02-25 00:00:00-05:00,4.614658355712891,4.644623880019064,4.554727783386394,4.614658355712891,34100,0.0,0.0
2008-02-26 00:00:00-05:00,4.784461498260498,4.804438354099935,4.514773706285186,4.784461498260498,24800,0.0,0.0
2008-02-27 00:00:00-05:00,5.044161319732666,5.114080080067215,4.944276559907597,5.044161319732666,40000,0.0,0.0
2008-02-28 00:00:00-05:00,5.333826065063477,5.403744826511257,4.984230352681208,5.333826065063477,105600,0.0,0.0
2008-02-29 00:00:00-05:00,5.213964462280273,5.243929986052056,5.124068843536611,5.213964462280273,29900,0.0,0.0
2008-03-03 00:00:00-05:00,5.8132710456848145,5.8132710456848145,5.273895435663999,5.8132710456848145,135800,0.0,0.0
2008-03-04 00:00:00-05:00,5.423721790313721,5.643467698210751,5.124068929025749,5.423721790313721,78700,0.0,0.0
2008-03-05 00:00:00-05:00,5.70339822769165,5.753340609007992,5.4836523214427615,5.70339822769165,58900,0.0,0.0
2008-03-06 00:00:00-05:00,5.154033660888672,5.333825842919742,5.104091758546791,5.154033660888672,113100,0.0,0.0
2008-03-07 00:00:00-05:00,5.074126243591309,5.183999190962692,5.06413805362254,5.074126243591309,76600,0.0,0.0
2008-03-10 00:00:00-04:00,5.044161319732666,5.154033793482909,4.9242997031997495,5.044161319732666,131800,0.0,0.0
2008-03-11 00:00:00-04:00,5.124068737030029,5.124068737030029,5.014195787198386,5.124068737030029,15900,0.0,0.0
2008-03-12 00:00:00-04:00,5.174010753631592,5.193987610738824,5.134057039417127,5.174010753631592,33600,0.0,0.0
2008-03-13 00:00:00-04:00,5.273895740509033,5.293872598468748,5.054149826666315,5.273895740509033,28000,0.0,0.0
2008-03-14 00:00:00-04:00,5.104091644287109,5.223952778767409,5.054149266777412,5.104091644287109,32000,0.0,0.0
2008-03-17 00:00:00-04:00,4.974242210388184,5.044161448797588,4.904322971978779,4.974242210388184,57700,0.0,0.0
2008-03-18 00:00:00-04:00,4.974242210388184,5.024184591578593,4.914311638731199,4.974242210388184,44300,0.0,0.0
2008-03-19 00:00:00-04:00,4.534750461578369,4.8643688137635674,4.474819895388861,4.534750461578369,149500,0.0,0.0
2008-03-20 00:00:00-04:00,4.2950286865234375,4.315005544197627,4.095259633495687,4.2950286865234375,56200,0.0,0.0
2008-03-24 00:00:00-04:00,4.444854736328125,4.524762640711017,4.3649473082310735,4.444854736328125,123900,0.0,0.0
2008-03-25 00:00:00-04:00,4.574704170227051,4.584692836063521,4.484808082842024,4.574704170227051,60700,0.0,0.0
2008-03-26 00:00:00-04:00,4.564716339111328,4.654611957269421,4.564716339111328,4.564716339111328,25000,0.0,0.0
2008-03-27 00:00:00-04:00,4.544739246368408,4.594681148023887,4.504785534529699,4.544739246368408,9000,0.0,0.0
2008-03-28 00:00:00-04:00,4.5247626304626465,4.614658248725299,4.444854726260742,4.5247626304626465,29600,0.0,0.0
2008-03-31 00:00:00-04:00,4.185155391693115,4.4947968986693745,4.185155391693115,4.185155391693115,31700,0.0,0.0
2008-04-01 00:00:00-04:00,4.105247974395752,4.185155398745461,3.985386599728279,4.105247974395752,24200,0.0,0.0
2008-04-02 00:00:00-04:00,4.2950286865234375,4.434866690242764,4.195143921866634,4.2950286865234375,30000,0.0,0.0
2008-04-03 00:00:00-04:00,4.28503942489624,4.364946844504017,4.28503942489624,4.28503942489624,5900,0.0,0.0
2008-04-04 00:00:00-04:00,4.315005302429199,4.4049009187833,4.285039779453946,4.315005302429199,42500,0.0,0.0
2008-04-07 00:00:00-04:00,4.554727554321289,4.554727554321289,4.344970323584679,4.554727554321289,67500,0.0,0.0
2008-04-08 00:00:00-04:00,4.275051593780518,4.454843302962164,4.23509740434321,4.275051593780518,40600,0.0,0.0
2008-04-09 00:00:00-04:00,4.414889335632324,4.414889335632324,4.275051347653045,4.414889335632324,23100,0.0,0.0
2008-04-10 00:00:00-04:00,4.354959011077881,4.424877770805466,4.334982154543452,4.354959011077881,30300,0.0,0.0
2008-04-11 00:00:00-04:00,4.354959011077881,4.374935867612309,4.324993488133323,4.354959011077881,22100,0.0,0.0
2008-04-14 00:00:00-04:00,4.344970226287842,4.404900794258302,4.334982036435673,4.344970226287842,22100,0.0,0.0
2008-04-15 00:00:00-04:00,4.334981918334961,4.374935629226783,4.2950282074431385,4.334981918334961,12400,0.0,0.0
2008-04-16 00:00:00-04:00,4.494797229766846,4.494797229766846,4.374936084615001,4.494797229766846,24800,0.0,0.0
2008-04-17 00:00:00-04:00,4.424877643585205,4.444854499545277,4.34497021974492,4.424877643585205,67900,0.0,0.0
2008-04-18 00:00:00-04:00,4.28503942489624,4.414889219901772,4.255074380686219,4.28503942489624,54300,0.0,0.0
2008-04-21 00:00:00-04:00,4.055305480957031,4.394912501092097,4.055305480957031,4.055305480957031,34800,0.0,0.0
2008-04-22 00:00:00-04:00,4.095259189605713,4.125224711011927,4.0652941444853035,4.095259189605713,54600,0.0,0.0
2008-04-23 00:00:00-04:00,3.835559844970703,4.035328638990021,3.8155829893830617,3.835559844970703,49400,0.0,0.0
2008-04-24 00:00:00-04:00,4.045317649841309,4.045317649841309,3.685733742318874,4.045317649841309,40900,0.0,0.0
2008-04-25 00:00:00-04:00,4.1551899909973145,4.1551899909973145,3.9853867095740423,4.1551899909973145,25100,0.0,0.0
2008-04-28 00:00:00-04:00,4.06529426574707,4.195143592285067,4.015351887342273,4.06529426574707,15700,0.0,0.0
2008-04-29 00:00:00-04:00,3.845548391342163,3.9354444824014023,3.795606250833092,3.845548391342163,38100,0.0,0.0
2008-04-30 00:00:00-04:00,3.75565242767334,3.865525133553201,3.73567557205882,3.75565242767334,57000,0.0,0.0
2008-05-01 00:00:00-04:00,3.725687265396118,3.7656409779242948,3.6357914122077215,3.725687265396118,32000,0.0,0.0
2008-05-02 00:00:00-04:00,3.955421209335327,3.9753980648860794,3.755652415684905,3.955421209335327,13400,0.0,0.0
2008-05-05 00:00:00-04:00,3.995375156402588,4.035328869863747,3.9654098713067185,3.995375156402588,13000,0.0,0.0
2008-05-06 00:00:00-04:00,4.025340557098389,4.145201693832947,3.9953750347718393,4.025340557098389,19300,0.0,0.0
2008-05-07 00:00:00-04:00,3.975398302078247,4.065294395563185,3.955421445335576,3.975398302078247,14300,0.0,0.0
2008-05-08 00:00:00-04:00,4.055305480957031,4.055305480957031,3.975398058874852,4.055305480957031,11600,0.0,0.0
2008-05-09 00:00:00-04:00,4.135213375091553,4.195143948494519,4.095259659489575,4.135213375091553,10000,0.0,0.0
2008-05-12 00:00:00-04:00,4.135213375091553,4.205132615537943,4.065294610931022,4.135213375091553,20900,0.0,0.0
2008-05-13 00:00:00-04:00,4.0353288650512695,4.145201815081341,3.9953751516377585,4.0353288650512695,17900,0.0,0.0
2008-05-14 00:00:00-04:00,4.0353288650512695,4.065294388254319,3.9953751516377585,4.0353288650512695,15700,0.0,0.0
2008-05-15 00:00:00-04:00,4.095259189605713,4.145201566520801,4.025340433467554,4.095259189605713,21000,0.0,0.0
2008-05-16 00:00:00-04:00,4.374935626983643,4.374935626983643,0.4295028086169518,4.374935626983643,58700,0.0,0.0
2008-05-19 00:00:00-04:00,4.374935626983643,4.374935626983643,4.374935626983643,4.374935626983643,0,0.0,0.0
2008-05-20 00:00:00-04:00,4.784461498260498,4.784461498260498,4.434866282927436,4.784461498260498,137800,0.0,0.0
2008-05-21 00:00:00-04:00,4.854381084442139,5.034172800056349,4.804438703073046,4.854381084442139,51700,0.0,0.0
2008-05-22 00:00:00-04:00,4.684577465057373,4.794450416086776,4.6646006081689215,4.684577465057373,13000,0.0,0.0
2008-05-23 00:00:00-04:00,4.844391822814941,4.844391822814941,4.734518883065657,4.844391822814941,12700,0.0,0.0
2008-05-27 00:00:00-04:00,4.644623279571533,4.844391828167513,4.4348660654028595,4.644623279571533,81200,0.0,0.0
2008-05-28 00:00:00-04:00,4.7544965744018555,4.7544965744018555,4.494796965552725,4.7544965744018555,34100,0.0,0.0
2008-05-29 00:00:00-04:00,4.544739246368408,4.714542283540015,4.544739246368408,4.544739246368408,30100,0.0,0.0
2008-05-30 00:00:00-04:00,4.564716339111328,4.63463510031364,4.534750815534737,4.564716339111328,10600,0.0,0.0
2008-06-02 00:00:00-04:00,4.544739246368408,4.574704292104533,4.504785534529699,4.544739246368408,12000,0.0,0.0
2008-06-03 00:00:00-04:00,4.484807968139648,4.5247621541778695,4.434866069092004,4.484807968139648,6100,0.0,0.0
2008-06-04 00:00:00-04:00,4.374935626983643,4.394912482419311,4.265062683944564,4.374935626983643,20400,0.0,0.0
2008-06-05 00:00:00-04:00,4.384923934936523,4.424877646886474,4.255074609242092,4.384923934936523,26600,0.0,0.0
2008-06-06 00:00:00-04:00,4.484807968139648,4.5247621541778695,4.394912359339572,4.484807968139648,38600,0.0,0.0
2008-06-09 00:00:00-04:00,4.504785537719727,4.674588575011578,4.394912591942564,4.504785537719727,32600,0.0,0.0
2008-06-10 00:00:00-04:00,4.364947319030762,4.564716366053497,4.31500541448946,4.364947319030762,12800,0.0,0.0
2008-06-11 00:00:00-04:00,4.364947319030762,4.484808461472897,4.354959128636838,4.364947319030762,10100,0.0,0.0
2008-06-12 00:00:00-04:00,4.384923934936523,4.394912601066919,4.245085943111696,4.384923934936523,9900,0.0,0.0
2008-06-13 00:00:00-04:00,4.245086193084717,4.295028574105933,4.2151206692148175,4.245086193084717,33500,0.0,0.0
2008-06-16 00:00:00-04:00,4.225109100341797,4.354958902727875,4.205132244304386,4.225109100341797,43300,0.0,0.0
2008-06-17 00:00:00-04:00,4.2950286865234375,4.2950286865234375,4.155190206518255,4.2950286865234375,20600,0.0,0.0
2008-06-18 00:00:00-04:00,4.255074501037598,4.3050164015621295,4.215120313817847,4.255074501037598,36500,0.0,0.0
2008-06-19 00:00:00-04:00,4.2350969314575195,4.3949122425044775,4.2350969314575195,4.2350969314575195,76100,0.0,0.0
2008-06-20 00:00:00-04:00,4.215120315551758,4.295028213738326,4.215120315551758,4.215120315551758,16100,0.0,0.0
2008-06-23 00:00:00-04:00,4.215120315551758,4.215120315551758,4.215120315551758,4.215120315551758,0,0.0,0.0
2008-06-24 00:00:00-04:00,4.245086193084717,4.285039907387352,4.12522505017681,4.245086193084717,7900,0.0,0.0
2008-06-25 00:00:00-04:00,4.195143699645996,4.2750516023958145,4.045317513168935,4.195143699645996,16800,0.0,0.0
2008-06-26 00:00:00-04:00,4.424877643585205,4.58469296755159,4.245085939944564,4.424877643585205,41900,0.0,0.0
2008-06-27 00:00:00-04:00,4.664600372314453,4.684577228192822,4.504785525287499,4.664600372314453,20100,0.0,0.0
2008-06-30 00:00:00-04:00,4.654612064361572,4.754496827724438,4.634635206946169,4.654612064361572,12000,0.0,0.0
2008-07-01 00:00:00-04:00,4.654612064361572,4.654612064361572,4.654612064361572,4.654612064361572,0,0.0,0.0
2008-07-02 00:00:00-04:00,4.634634971618652,4.664600494363158,4.315005269201672,4.634634971618652,13500,0.0,0.0
2008-07-03 00:00:00-04:00,4.404901027679443,4.594681407785507,4.404901027679443,4.404901027679443,11200,0.0,0.0
2008-07-07 00:00:00-04:00,4.255074501037598,4.504785432517669,4.255074501037598,4.255074501037598,19000,0.0,0.0
2008-07-08 00:00:00-04:00,4.225109100341797,4.245085956379207,3.9853865897499605,4.225109100341797,21500,0.0,0.0
2008-07-09 00:00:00-04:00,4.514773845672607,4.514773845672607,4.285039758283447,4.514773845672607,25400,0.0,0.0
2008-07-10 00:00:00-04:00,4.3949127197265625,4.50478566869833,4.324993483783469,4.3949127197265625,21300,0.0,0.0
2008-07-11 00:00:00-04:00,4.494797229766846,4.604670184298962,4.384924275234728,4.494797229766846,83800,0.0,0.0
2008-07-14 00:00:00-04:00,4.744507789611816,4.744507789611816,4.4548431416120655,4.744507789611816,150600,0.0,0.0
2008-07-15 00:00:00-04:00,4.8643693923950195,4.924299965713451,4.584693383575672,4.8643693923950195,63200,0.0,0.0
2008-07-16 00:00:00-04:00,4.8643693923950195,4.88434625016783,4.684577672439725,4.8643693923950195,26600,0.0,0.0
2008-07-17 00:00:00-04:00,4.60467004776001,4.874357854497728,4.60467004776001,4.60467004776001,69700,0.0,0.0
2008-07-18 00:00:00-04:00,4.714542388916016,4.774473434299429,4.664600486144272,4.714542388916016,46700,0.0,0.0
2008-07-21 00:00:00-04:00,4.5946807861328125,4.764484286215993,4.5946807861328125,4.5946807861328125,10500,0.0,0.0
2008-07-22 00:00:00-04:00,4.454843521118164,4.544739618254161,4.434866663564148,4.454843521118164,39500,0.0,0.0
2008-07-23 00:00:00-04:00,4.324993133544922,4.514773493205596,4.3050162786483135,4.324993133544922,46000,0.0,0.0
2008-07-24 00:00:00-04:00,4.30501651763916,4.344970229650388,4.145201669594252,4.30501651763916,37300,0.0,0.0
2008-07-25 00:00:00-04:00,4.364947319030762,4.384924176104451,4.2151206528351715,4.364947319030762,13500,0.0,0.0
2008-07-28 00:00:00-04:00,4.08527135848999,4.275051740621045,4.08527135848999,4.08527135848999,26800,0.0,0.0
2008-07-29 00:00:00-04:00,4.175166606903076,4.175166606903076,4.055305473985852,4.175166606903076,19300,0.0,0.0
2008-07-30 00:00:00-04:00,4.2650628089904785,4.324993377054568,4.035328726601894,4.2650628089904785,21300,0.0,0.0
2008-07-31 00:00:00-04:00,4.095259189605713,4.265062699574049,3.9554212010435914,4.095259189605713,16900,0.0,0.0
2008-08-01 00:00:00-04:00,4.095259189605713,4.21512032265896,4.085270999994178,4.095259189605713,7900,0.0,0.0
2008-08-04 00:00:00-04:00,4.095259189605713,4.095259189605713,4.095259189605713,4.095259189605713,0,0.0,0.0
2008-08-05 00:00:00-04:00,3.895490884780884,4.115236309495941,3.895490884780884,3.895490884780884,80100,0.0,0.0
2008-08-06 00:00:00-04:00,4.105247974395752,4.125224830483179,3.935444459509711,4.105247974395752,33200,0.0,0.0
2008-08-07 00:00:00-04:00,3.8855020999908447,4.095259077070009,3.8855020999908447,3.8855020999908447,44100,0.0,0.0
2008-08-08 00:00:00-04:00,3.645779848098755,3.8455484111647866,3.5858490410360333,3.645779848098755,83100,0.0,0.0
2008-08-11 00:00:00-04:00,3.3561148643493652,3.725687172284548,3.2961842970548725,3.3561148643493652,67500,0.0,0.0
2008-08-12 00:00:00-04:00,3.416045665740967,3.6657566006485136,3.356114860374548,3.416045665740967,79600,0.0,0.0
2008-08-13 00:00:00-04:00,3.625802755355835,3.625802755355835,3.4759761046835007,3.625802755355835,30800,0.0,0.0
2008-08-14 00:00:00-04:00,3.50594162940979,3.6857335750095754,3.4260342038734026,3.50594162940979,28200,0.0,0.0
2008-08-15 00:00:00-04:00,3.2362537384033203,3.396068823091685,3.1963000267669557,3.2362537384033203,47900,0.0,0.0
2008-08-18 00:00:00-04:00,3.266218900680542,3.4060571243510243,3.266218900680542,3.266218900680542,22000,0.0,0.0
2008-08-19 00:00:00-04:00,3.49595308303833,3.49595308303833,3.186311581409232,3.49595308303833,16300,0.0,0.0
2008-08-20 00:00:00-04:00,3.2961840629577637,3.495952844561271,3.2961840629577637,3.2961840629577637,31900,0.0,0.0
2008-08-21 00:00:00-04:00,3.635791301727295,3.6457797295558216,3.446010934842383,3.635791301727295,21300,0.0,0.0
2008-08-22 00:00:00-04:00,3.4360225200653076,3.535906798729977,3.3261495753912658,3.4360225200653076,24700,0.0,0.0
2008-08-25 00:00:00-04:00,3.416045665740967,3.555883655929166,3.3760919542586243,3.416045665740967,10000,0.0,0.0
2008-08-26 00:00:00-04:00,3.386080265045166,3.495952967822425,3.2961841791754214,3.386080265045166,22400,0.0,0.0
2008-08-27 00:00:00-04:00,3.4260339736938477,3.4959529663406497,3.356114742904149,3.4260339736938477,31200,0.0,0.0
2008-08-28 00:00:00-04:00,3.4559993743896484,3.5458952251512112,3.396068807215273,3.4559993743896484,9100,0.0,0.0
2008-08-29 00:00:00-04:00,3.376091718673706,3.51592969910396,3.32614934466287,3.376091718673706,22200,0.0,0.0
2008-09-02 00:00:00-04:00,3.176323175430298,3.2562305988157703,3.126381035814378,3.176323175430298,9800,0.0,0.0
2008-09-03 00:00:00-04:00,3.1263809204101562,3.1962999132915217,3.096415399603816,3.1263809204101562,16800,0.0,0.0
2008-09-04 00:00:00-04:00,2.8566930294036865,3.0964155397003035,2.8566930294036865,2.8566930294036865,19300,0.0,0.0
2008-09-05 00:00:00-04:00,2.7568087577819824,2.8866585604057966,2.606982099084183,2.7568087577819824,52100,0.0,0.0
2008-09-08 00:00:00-04:00,2.4172019958496094,2.7667972195492037,2.387236711373322,2.4172019958496094,44200,0.0,0.0
2008-09-09 00:00:00-04:00,2.087583303451538,2.367259518401297,2.027652736992926,2.087583303451538,56700,0.0,0.0
2008-09-10 00:00:00-04:00,2.137525796890259,2.217433223193213,1.9777107061414354,2.137525796890259,95300,0.0,0.0
2008-09-11 00:00:00-04:00,2.317317485809326,2.3672596268119794,2.017664401650494,2.317317485809326,88800,0.0,0.0
2008-09-12 00:00:00-04:00,2.6369478702545166,2.6369478702545166,2.2473986637542276,2.6369478702545166,48600,0.0,0.0
2008-09-15 00:00:00-04:00,2.3872368335723877,2.4871211202729375,2.307329166069023,2.3872368335723877,20600,0.0,0.0
2008-09-16 00:00:00-04:00,2.2973403930664062,2.2973403930664062,2.15750241264499,2.2973403930664062,30300,0.0,0.0
2008-09-17 00:00:00-04:00,2.5070979595184326,2.6169706740960472,2.227421720632491,2.5070979595184326,54700,0.0,0.0
2008-09-18 00:00:00-04:00,2.467144250869751,2.776785776270391,2.4571558222485343,2.467144250869751,53500,0.0,0.0
2008-09-19 00:00:00-04:00,2.4971094131469727,2.656924501319827,2.4971094131469727,2.4971094131469727,29600,0.0,0.0
2008-09-22 00:00:00-04:00,2.916624069213867,3.1163926453439177,2.786774256586407,2.916624069213867,98100,0.0,0.0
2008-09-23 00:00:00-04:00,2.8666815757751465,2.996531383362802,2.8167394336810165,2.8666815757751465,46800,0.0,0.0
2008-09-24 00:00:00-04:00,2.8566930294036865,2.9066354075786176,2.826727745384473,2.8566930294036865,43100,0.0,0.0
2008-09-25 00:00:00-04:00,2.926612377166748,3.0065198043190136,2.8067509982954317,2.926612377166748,38200,0.0,0.0
2008-09-26 00:00:00-04:00,2.8566930294036865,2.9965312596362583,2.806750889371664,2.8566930294036865,31800,0.0,0.0
2008-09-29 00:00:00-04:00,2.547051429748535,2.7268433654198727,2.4671440086247847,2.547051429748535,47200,0.0,0.0
2008-09-30 00:00:00-04:00,2.3972251415252686,2.5470515640312774,2.34728276254702,2.3972251415252686,44800,0.0,0.0
2008-10-01 00:00:00-04:00,2.2873520851135254,2.437178738659969,2.2873520851135254,2.2873520851135254,10100,0.0,0.0
2008-10-02 00:00:00-04:00,1.9677221775054932,2.2673752490030563,1.9677221775054932,1.9677221775054932,32400,0.0,0.0
2008-10-03 00:00:00-04:00,1.8978030681610107,2.1175485988427947,1.8578493569591321,1.8978030681610107,67800,0.0,0.0
2008-10-06 00:00:00-04:00,1.6580805778503418,1.9177799411616683,1.2885083886655386,1.6580805778503418,112400,0.0,0.0
2008-10-07 00:00:00-04:00,1.4483236074447632,1.7979188542121867,1.4483236074447632,1.4483236074447632,74200,0.0,0.0
2008-10-08 00:00:00-04:00,1.4283465147018433,1.4683003457989154,1.3384506626442025,1.4283465147018433,85000,0.0,0.0
2008-10-09 00:00:00-04:00,1.398381233215332,1.508254060556234,1.3684159491418462,1.398381233215332,129900,0.0,0.0
2008-10-10 00:00:00-04:00,1.2585431337356567,1.3983812464761234,1.1087165928759748,1.2585431337356567,123100,0.0,0.0
2008-10-13 00:00:00-04:00,1.2585431337356567,1.2585431337356567,1.2585431337356567,1.2585431337356567,0,0.0,0.0
2008-10-14 00:00:00-04:00,1.4483236074447632,1.488277322716134,1.4083697731019285,1.4483236074447632,38300,0.0,0.0
2008-10-15 00:00:00-04:00,1.2984968423843384,1.438335073783995,1.2984968423843384,1.2984968423843384,20500,0.0,0.0
2008-10-16 00:00:00-04:00,1.0787513256072998,1.2585431536727878,1.0288090651486117,1.0787513256072998,30200,0.0,0.0
2008-10-17 00:00:00-04:00,1.0987281799316406,1.1187050364459774,0.958890005724097,1.0987281799316406,46900,0.0,0.0
2008-10-20 00:00:00-04:00,1.178635597229004,1.178635597229004,1.118705028131416,1.178635597229004,24800,0.0,0.0
2008-10-21 00:00:00-04:00,1.0687628984451294,1.168647181323822,1.0687628984451294,1.0687628984451294,46700,0.0,0.0
2008-10-22 00:00:00-04:00,0.9289246797561646,1.0687628477620934,0.9289246797561646,0.9289246797561646,23100,0.0,0.0
2008-10-23 00:00:00-04:00,0.7990749478340149,0.9688783883884771,0.7491327524314411,0.7990749478340149,238600,0.0,0.0
2008-10-24 00:00:00-04:00,0.7691096663475037,0.8190518656182163,0.7191675266125178,0.7691096663475037,163600,0.0,0.0
2008-10-27 00:00:00-04:00,0.7291559593302632,0.739144387342613,0.6692253317204371,0.7091790437698364,83100,0.0,0.0
2008-10-28 00:00:00-04:00,0.7591212329099286,0.8789824864784149,0.7491328050351759,0.8490172028541565,40300,0.0,0.0
2008-10-29 00:00:00-04:00,0.9289247299000664,1.068762905454542,0.9289247299000664,1.0088322162628174,84600,0.0,0.0
2008-10-30 00:00:00-04:00,1.0787513300968505,1.0887397584158667,1.0387974977493286,1.0387974977493286,22000,0.0,0.0
2008-10-31 00:00:00-04:00,1.0887397445335874,1.218589430096569,1.0887397445335874,1.1686471700668335,22700,0.0,0.0
2008-11-03 00:00:00-05:00,1.2585431249966186,1.4283465209156545,1.2185894127971877,1.3584275245666504,31700,0.0,0.0
2008-11-04 00:00:00-05:00,1.4283466243816103,1.718011416024461,1.4283466243816103,1.4882773160934448,55300,0.0,0.0
2008-11-05 00:00:00-05:00,1.528230902587841,1.6081384451223217,1.4982656187892056,1.568184733390808,34300,0.0,0.0
2008-11-06 00:00:00-05:00,1.5382193455851012,1.5681847487486529,1.3883928060531616,1.3883928060531616,26800,0.0,0.0
2008-11-07 00:00:00-05:00,1.4283465256102044,1.4283465256102044,1.3084852695465088,1.3084852695465088,35900,0.0,0.0
2008-11-10 00:00:00-05:00,1.328462256005965,1.3883928250083686,1.128693454521707,1.1986125707626343,94400,0.0,0.0
2008-11-11 00:00:00-05:00,1.1187049150143282,1.2485545873342305,1.1187049150143282,1.1486701965332031,54300,0.0,0.0
2008-11-12 00:00:00-05:00,1.1586586943125097,1.1586586943125097,0.9788668751716614,0.9788668751716614,56900,0.0,0.0
2008-11-13 00:00:00-05:00,0.9988437708647836,1.2185894290321855,0.8590056572322886,1.178635597229004,62100,0.0,0.0
2008-11-14 00:00:00-05:00,1.178635478052078,1.178635478052078,1.10871648784137,1.1486701965332031,14000,0.0,0.0
2008-11-17 00:00:00-05:00,1.1087166060183666,1.148670318968826,1.0787513213055218,1.1187050342559814,14100,0.0,0.0
2008-11-18 00:00:00-05:00,1.0288090181638414,1.0288090181638414,0.9189362525939941,0.9189362525939941,8300,0.0,0.0
2008-11-19 00:00:00-05:00,0.9189362506790963,0.9988437326185795,0.8989593355424312,0.9489015340805054,31800,0.0,0.0
2008-11-20 00:00:00-05:00,0.8390287121182929,0.9189362538710645,0.8290402842831279,0.8989593386650085,57500,0.0,0.0
2008-11-21 00:00:00-05:00,0.9888553035855298,1.0288090147376072,0.8789824788458651,0.968878448009491,45300,0.0,0.0
2008-11-24 00:00:00-05:00,1.3584276586254174,1.3584276586254174,1.2185895330557892,1.278520107269287,52900,0.0,0.0
2008-11-25 00:00:00-05:00,1.2984968502917238,1.2984968502917238,1.1486703089613641,1.218589425086975,231000,0.0,0.0
2008-11-26 00:00:00-05:00,1.1986125726663228,1.2185894290321855,1.1586587408631412,1.178635597229004,45400,0.0,0.0
2008-11-28 00:00:00-05:00,1.2885084142945709,1.2984968423843384,1.2685315581150356,1.2984968423843384,15100,0.0,0.0
2008-12-01 00:00:00-05:00,1.2485547146715361,1.2485547146715361,1.138681885491866,1.1686471700668335,27300,0.0,0.0
2008-12-02 00:00:00-05:00,1.1686471743305427,1.1686471743305427,1.0987281767338588,1.1286934614181519,57600,0.0,0.0
2008-12-03 00:00:00-05:00,1.068762893067907,1.1187050342559814,1.0288090610459903,1.1187050342559814,7300,0.0,0.0
2008-12-04 00:00:00-05:00,1.1286934123448054,1.1486702679324468,0.9588899612426758,0.9588899612426758,11600,0.0,0.0
2008-12-05 00:00:00-05:00,0.9588900149601995,1.0088322162628174,0.8989593853042039,1.0088322162628174,39800,0.0,0.0
2008-12-08 00:00:00-05:00,1.0887397427738899,1.2086009999514875,1.0887397427738899,1.1886241436004639,37700,0.0,0.0
2008-12-09 00:00:00-05:00,1.138681885491866,1.1886241455216016,1.0288090563121963,1.1686471700668335,44700,0.0,0.0
2008-12-10 00:00:00-05:00,1.1386818798946712,1.2585431366768183,1.1386818798946712,1.2285778522491455,64000,0.0,0.0
2008-12-11 00:00:00-05:00,1.298496846212517,1.3084852743317321,1.2385662774972266,1.2585431337356567,88300,0.0,0.0
2008-12-12 00:00:00-05:00,1.248554709538756,1.248554709538756,1.198612568785788,1.218589425086975,20600,0.0,0.0
2008-12-15 00:00:00-05:00,1.2585431387186163,1.2585431387186163,1.1986125697660424,1.2086009979248047,61100,0.0,0.0
2008-12-16 00:00:00-05:00,1.2086009904465018,1.3384506747784146,1.2086009904465018,1.288508415222168,30300,0.0,0.0
2008-12-17 00:00:00-05:00,1.3184739351272583,1.3184739351272583,1.3184739351272583,1.3184739351272583,2000,0.0,0.0
2008-12-18 00:00:00-05:00,1.3883928114994235,1.3983812395693043,1.3184738150102584,1.3284622430801392,67100,0.0,0.0
2008-12-19 00:00:00-05:00,1.3684159544316299,1.3784043824947365,1.3184738141160959,1.3384506702423096,95100,0.0,0.0
2008-12-22 00:00:00-05:00,1.4283465190759548,1.4383350661844019,1.308485263560588,1.3784043788909912,86500,0.0,0.0
2008-12-23 00:00:00-05:00,1.3883929287651469,1.398381357678665,1.3584276420245922,1.3684160709381104,22200,0.0,0.0
2008-12-24 00:00:00-05:00,1.378404371629032,1.4782887705441843,1.3584275156602923,1.4683003425598145,18900,0.0,0.0
2008-12-26 00:00:00-05:00,1.4683003425598145,1.4683003425598145,1.4683003425598145,1.4683003425598145,0,0.0,0.0
2008-12-29 00:00:00-05:00,1.5482077576975237,1.6680690119049835,1.5482077576975237,1.5781731605529785,123900,0.0,0.0
2008-12-30 00:00:00-05:00,1.5881615800145796,1.7279996893325713,1.568184724265074,1.698034405708313,38400,0.0,0.0
2008-12-31 00:00:00-05:00,1.7080228261777202,1.8079071044921875,1.5781731452974608,1.8079071044921875,76900,0.0,0.0
2009-01-02 00:00:00-05:00,1.8079070916096205,2.0676064515196053,1.797918663849348,2.0276527404785156,58200,0.0,0.0
2009-01-05 00:00:00-05:00,1.9477454295415937,2.0576181411743164,1.817895742176918,2.0576181411743164,137600,0.0,0.0
2009-01-06 00:00:00-05:00,1.957733843548325,2.247398501149123,1.957733843548325,2.1974563598632812,67000,0.0,0.0
2009-01-07 00:00:00-05:00,2.027652845464885,2.2074447926018306,1.9876991323551005,2.1575026512145996,114300,0.0,0.0
2009-01-08 00:00:00-05:00,2.037641162774516,2.2374099555871534,1.9876990241070822,2.127537250518799,89200,0.0,0.0
2009-01-09 00:00:00-05:00,2.117548594182823,2.137525687882704,1.9477453219485157,1.9677221775054932,76700,0.0,0.0
2009-01-12 00:00:00-05:00,1.7779418300702898,1.8079071137175362,1.6680690042922672,1.6780574321746826,71600,0.0,0.0
2009-01-13 00:00:00-05:00,1.6680690009489965,1.7279996871948242,1.6680690009489965,1.7279996871948242,28300,0.0,0.0
2009-01-14 00:00:00-05:00,1.757964974305459,1.7679534021878744,1.6480921485274362,1.6780574321746826,23600,0.0,0.0
2009-01-15 00:00:00-05:00,1.6580805656705562,1.8478609323501587,1.6081384265819514,1.8478609323501587,28200,0.0,0.0
2009-01-16 00:00:00-05:00,2.0176644325256348,2.0975718593526564,1.9277684582737769,2.0176644325256348,69600,0.0,0.0
2009-01-20 00:00:00-05:00,2.0076760178165256,2.0376413030803047,1.8079072112484156,1.9077916145324707,51000,0.0,0.0
2009-01-21 00:00:00-05:00,1.8378725105564697,1.8678377941078506,1.6580805711052806,1.7579649686813354,118700,0.0,0.0
2009-01-22 00:00:00-05:00,1.7679533938245222,1.797918677330017,1.6281152850607612,1.797918677330017,53300,0.0,0.0
2009-01-23 00:00:00-05:00,1.8678377879856005,1.9577337574165412,1.7879302463723807,1.8478609323501587,123500,0.0,0.0
2009-01-26 00:00:00-05:00,1.9677221798811653,2.147514118253931,1.927768349647522,1.927768349647522,62400,0.0,0.0
2009-01-27 00:00:00-05:00,1.9277683479269718,1.9976874614698554,1.9277683479269718,1.9577337503433228,28700,0.0,0.0
2009-01-28 00:00:00-05:00,2.0476297212671373,2.0676065780098085,1.9277684617396513,1.9876991510391235,44100,0.0,0.0
2009-01-29 00:00:00-05:00,1.987699026020518,2.087583303451538,1.977710598277416,2.087583303451538,33700,0.0,0.0
2009-01-30 00:00:00-05:00,2.137525558216796,2.207444548424813,2.107560038556186,2.1175484657287598,122700,0.0,0.0
2009-02-02 00:00:00-05:00,2.017664318323137,2.017664318323137,1.9177799213714917,1.937756896018982,66300,0.0,0.0
2009-02-03 00:00:00-05:00,1.9477454472889681,1.9577338757102278,1.847861044004913,1.9077916145324707,79300,0.0,0.0
2009-02-04 00:00:00-05:00,1.8978030633932046,2.0476295990952953,1.8878146356178285,1.9777106046676636,26000,0.0,0.0
2009-02-05 00:00:00-05:00,2.007675884957971,2.037641168238788,1.957733746156609,2.0276527404785156,32000,0.0,0.0
2009-02-06 00:00:00-05:00,2.0376410483481693,2.1575024125619437,2.0176641940030215,2.1175484657287598,37500,0.0,0.0
2009-02-09 00:00:00-05:00,2.0775948694067874,2.3173173726570244,2.0775948694067874,2.207444667816162,88400,0.0,0.0
2009-02-10 00:00:00-05:00,2.227421519996179,2.297340513883939,2.207444664599676,2.2673752307891846,31900,0.0,0.0
2009-02-11 00:00:00-05:00,2.3572713064660973,2.41720211655427,2.327306020493473,2.4072136878967285,70200,0.0,0.0
2009-02-12 00:00:00-05:00,2.4471671675006115,2.4471671675006115,2.1475140984101673,2.2673752307891846,63300,0.0,0.0
2009-02-13 00:00:00-05:00,2.267375226646533,2.347282648086548,2.1974562328865197,2.347282648086548,33700,0.0,0.0
2009-02-17 00:00:00-05:00,2.407213567690847,2.487120992960946,2.387236711373322,2.4172019958496094,67800,0.0,0.0
2009-02-18 00:00:00-05:00,2.3772483042873933,2.387236732534697,2.217433214187622,2.217433214187622,132000,0.0,0.0
2009-02-19 00:00:00-05:00,1.8478609398705348,1.867837795587278,1.7379881143569946,1.7379881143569946,156900,0.0,0.0
2009-02-20 00:00:00-05:00,1.7979186800831766,1.84786093840693,1.7080228294290343,1.7579649686813354,184300,0.0,0.0
2009-02-23 00:00:00-05:00,1.7679533944899972,1.7879302501678467,1.648092141351449,1.7879302501678467,173200,0.0,0.0
2009-02-24 00:00:00-05:00,1.7679534069094809,1.7679534069094809,1.5981500133834778,1.6181268692016602,163000,0.0,0.0
2009-02-25 00:00:00-05:00,1.6081384443369802,1.658080583976983,1.5581961856255242,1.5781731605529785,120300,0.0,0.0
2009-02-26 00:00:00-05:00,1.518242473913522,1.5781731605529785,1.498265618057521,1.5781731605529785,55800,0.0,0.0
2009-02-27 00:00:00-05:00,1.6181268730552003,1.6281153009880787,1.5482077584535978,1.568184733390808,77400,0.0,0.0
2009-03-02 00:00:00-05:00,1.5082541786394463,1.5082541786394463,1.4383351769939285,1.4583120346069336,58500,0.0,0.0
2009-03-03 00:00:00-05:00,1.4583120297732592,1.49826574486684,1.4283466243816103,1.4882773160934448,82700,0.0,0.0
2009-03-04 00:00:00-05:00,1.488277201080798,1.5082540570837961,1.42834651400035,1.4383350610733032,67500,0.0,0.0
2009-03-05 00:00:00-05:00,1.4383351852497603,1.448323614113595,1.408369779586792,1.408369779586792,16000,0.0,0.0
2009-03-06 00:00:00-05:00,1.448323614113595,1.4683004718412642,1.3983813507229572,1.408369779586792,75300,0.0,0.0
2009-03-09 00:00:00-04:00,1.3784043834295427,1.3784043834295427,1.3184738150102584,1.3284622430801392,48800,0.0,0.0
2009-03-10 00:00:00-04:00,1.348439091453224,1.4183580875396729,1.3284622354285243,1.4183580875396729,22500,0.0,0.0
2009-03-11 00:00:00-04:00,1.3983813507229572,1.4183582084506265,1.3584276352676188,1.408369779586792,20900,0.0,0.0
2009-03-12 00:00:00-04:00,1.4083696586890342,1.438335061779702,1.3883928026762251,1.4283465147018433,66400,0.0,0.0
2009-03-13 00:00:00-04:00,1.438335061779702,1.4683003457989154,1.3883928026762251,1.4283465147018433,124600,0.0,0.0
2009-03-16 00:00:00-04:00,1.4183580928657966,1.4183580928657966,1.3184738123672195,1.3584275245666504,46300,0.0,0.0
2009-03-17 00:00:00-04:00,1.33845067115002,1.3484390992199007,1.3284622430801392,1.3284622430801392,21800,0.0,0.0
2009-03-18 00:00:00-04:00,1.3584276290127146,1.4483236074447632,1.2885085082163517,1.4483236074447632,45300,0.0,0.0
2009-03-19 00:00:00-04:00,1.5482077533547065,1.7080228378973306,1.538219325454724,1.638103723526001,92700,0.0,0.0
2009-03-20 00:00:00-04:00,1.6281151771881408,1.6580804587082518,1.5981498956680298,1.5981498956680298,59900,0.0,0.0
2009-03-23 00:00:00-04:00,1.6580805730866004,1.73798811505722,1.6580805730866004,1.7279996871948242,34900,0.0,0.0
2009-03-24 00:00:00-04:00,1.7279996886116549,1.7279996886116549,1.6381037187049312,1.7080228328704834,113000,0.0,0.0
2009-03-25 00:00:00-04:00,1.6780574268062012,1.777941824382256,1.6780574268062012,1.7579649686813354,14100,0.0,0.0
2009-03-26 00:00:00-04:00,1.7879302550979226,1.827884085635243,1.6281152901629985,1.7180112600326538,21800,0.0,0.0
2009-03-27 00:00:00-04:00,1.6381037220681556,1.678057433632528,1.5781731547215971,1.6580805778503418,20100,0.0,0.0
2009-03-30 00:00:00-04:00,1.638103723526001,1.638103723526001,1.588161584026089,1.638103723526001,4600,0.0,0.0
2009-03-31 00:00:00-04:00,1.6181268648801899,1.718011262775797,1.5981500091153589,1.6780574321746826,43600,0.0,0.0
2009-04-01 00:00:00-04:00,1.7080228356308782,1.7579649750645197,1.6580805771257838,1.6680690050125122,20200,0.0,0.0
2009-04-02 00:00:00-04:00,1.6980344099973481,1.737988121597278,1.6281152956260185,1.638103723526001,34600,0.0,0.0
2009-04-03 00:00:00-04:00,1.6181270092190458,1.6181270092190458,1.4583120297732592,1.4882773160934448,63900,0.0,0.0
2009-04-06 00:00:00-04:00,1.4683003425598145,1.4683003425598145,1.3584275156602923,1.4683003425598145,59000,0.0,0.0
2009-04-07 00:00:00-04:00,1.4383349417873315,1.5082539319992065,1.4383349417873315,1.5082539319992065,19500,0.0,0.0
2009-04-08 00:00:00-04:00,1.5182423591723315,1.5282307863454565,1.4583117961335816,1.5082539319992065,15200,0.0,0.0
2009-04-09 00:00:00-04:00,1.4882771977007994,1.5282309096160571,1.4782887697219849,1.4782887697219849,10800,0.0,0.0
2009-04-13 00:00:00-04:00,1.5182424710392954,1.6480921529289336,1.5182424710392954,1.6181268692016602,68300,0.0,0.0
2009-04-14 00:00:00-04:00,1.6081384376921424,1.6980344077441498,1.6081384376921424,1.6680690050125122,12800,0.0,0.0
2009-04-15 00:00:00-04:00,1.688045980595074,1.688045980595074,1.6480921499592487,1.6580805778503418,11300,0.0,0.0
2009-04-16 00:00:00-04:00,1.608138443561517,1.6480921552542531,1.5482077569509598,1.588161587715149,43000,0.0,0.0
2009-04-17 00:00:00-04:00,1.5382193384504035,1.5482077664347733,1.4683003425598145,1.4683003425598145,25300,0.0,0.0
2009-04-20 00:00:00-04:00,1.4882771929600214,1.5482077606420044,1.4882771929600214,1.5382193326950073,14700,0.0,0.0
2009-04-21 00:00:00-04:00,1.4882772018117245,1.4882772018117245,1.4283465147018433,1.4283465147018433,17300,0.0,0.0
2009-04-22 00:00:00-04:00,1.4782888922199386,1.5082541786394463,1.4583120346069336,1.4583120346069336,31000,0.0,0.0
2009-04-23 00:00:00-04:00,1.4782887629234487,1.6281153009880787,1.4782887629234487,1.568184733390808,18900,0.0,0.0
2009-04-24 00:00:00-04:00,1.5881614684406962,1.6480920314788818,1.578173041267665,1.6480920314788818,58000,0.0,0.0
2009-04-27 00:00:00-04:00,1.678057439023805,1.678057439023805,1.588161587715149,1.588161587715149,80700,0.0,0.0
2009-04-28 00:00:00-04:00,1.5881614684441916,1.6081383227902977,1.488277077642218,1.518242359161377,67400,0.0,0.0
2009-04-29 00:00:00-04:00,1.5581961863864764,1.588161589256565,1.5581961863864764,1.568184733390808,13900,0.0,0.0
2009-04-30 00:00:00-04:00,1.5082541736402353,1.5382194599604209,1.4782888873200497,1.4882773160934448,112000,0.0,0.0
2009-05-01 00:00:00-04:00,1.4882771937243298,1.5581961893892171,1.4882771937243298,1.528230905532837,24400,0.0,0.0
2009-05-04 00:00:00-04:00,1.5581960678100586,1.5981498955725983,1.5382192134645107,1.5581960678100586,54200,0.0,0.0
2009-05-05 00:00:00-04:00,1.6281152963638306,1.678057435886375,1.608138440554813,1.6281152963638306,71800,0.0,0.0
2009-05-06 00:00:00-04:00,1.7080228268135327,1.797918677330017,1.6880459711432028,1.797918677330017,55500,0.0,0.0
2009-05-07 00:00:00-04:00,1.857849370000721,1.8678377978713065,1.6880459771293121,1.7080228328704834,156600,0.0,0.0
2009-05-08 00:00:00-04:00,1.757964962298912,1.857849359512329,1.7080228232279295,1.857849359512329,151300,0.0,0.0
2009-05-11 00:00:00-04:00,1.737988107283776,1.8478609323501587,1.737988107283776,1.8478609323501587,102600,0.0,0.0
2009-05-12 00:00:00-04:00,1.8678377853911465,1.917779924410381,1.8378725019796058,1.8878146409988403,149600,0.0,0.0
2009-05-13 00:00:00-04:00,1.887814650552124,1.887814650552124,1.747976541519165,1.747976541519165,42600,0.0,0.0
2009-05-14 00:00:00-04:00,1.767953390736939,1.8478609323501587,1.767953390736939,1.8478609323501587,33800,0.0,0.0
2009-05-15 00:00:00-04:00,1.8778262197896207,1.8778262197896207,1.7279996831342985,1.7879302501678467,51800,0.0,0.0
2009-05-18 00:00:00-04:00,1.7879302501678467,1.7879302501678467,1.7879302501678467,1.7879302501678467,0,0.0,0.0
2009-05-19 00:00:00-04:00,1.8578493546433754,1.9477453238070013,1.7979186688438078,1.937756896018982,93100,0.0,0.0
2009-05-20 00:00:00-04:00,1.9777107040776543,2.237410077434169,1.9577338475227621,2.1575026512145996,134300,0.0,0.0
2009-05-21 00:00:00-04:00,2.1475141026204843,2.2274215243631583,2.0975717258884115,2.1874678134918213,105700,0.0,0.0
2009-05-22 00:00:00-04:00,2.247398375392682,2.2873520861856873,2.2374099476944305,2.2673752307891846,87500,0.0,0.0
2009-05-26 00:00:00-04:00,2.137525670711916,2.2673752307891846,2.0775948663795063,2.2673752307891846,90600,0.0,0.0
2009-05-27 00:00:00-04:00,2.2374099476944305,2.2873520861856873,2.177479381504922,2.2673752307891846,95600,0.0,0.0
2009-05-28 00:00:00-04:00,2.2773637653775487,2.417201997859403,2.257386909043414,2.3972251415252686,86100,0.0,0.0
2009-05-29 00:00:00-04:00,2.52707457940676,2.547051434726743,2.427190302806849,2.447167158126831,92500,0.0,0.0
2009-06-01 00:00:00-04:00,2.5070978452110793,2.537063129638752,2.4271904200706182,2.457155704498291,108000,0.0,0.0
2009-06-02 00:00:00-04:00,2.387236688511613,2.676901340484619,2.387236688511613,2.676901340484619,135000,0.0,0.0
2009-06-03 00:00:00-04:00,2.65692451425817,2.65692451425817,2.297340623653921,2.3772482872009277,213300,0.0,0.0
2009-06-04 00:00:00-04:00,2.4172018751468576,2.4771324411068045,2.3572710710440106,2.447167158126831,126200,0.0,0.0
2009-06-05 00:00:00-04:00,2.317317485809326,2.4172020059575456,2.247398488405612,2.317317485809326,67600,0.0,0.0
2009-06-08 00:00:00-04:00,2.207444548424813,2.247398257115108,2.0176641940030215,2.1175484657287598,99300,0.0,0.0
2009-06-09 00:00:00-04:00,2.2274215232417736,2.2274215232417736,2.1375256738265227,2.207444667816162,95000,0.0,0.0
2009-06-10 00:00:00-04:00,2.2074449162842873,2.257387060469761,2.097571960933317,2.1475143432617188,90400,0.0,0.0
2009-06-11 00:00:00-04:00,2.1475142044922073,2.3672596247086344,2.1475142044922073,2.337294340133667,110400,0.0,0.0
2009-06-12 00:00:00-04:00,2.2074447837991182,2.2873522097000376,2.127537357898199,2.237410068511963,69800,0.0,0.0
2009-06-15 00:00:00-04:00,2.177479519280203,2.177479519280203,1.9777107145323363,2.0576181411743164,83100,0.0,0.0
2009-06-16 00:00:00-04:00,2.067606567179641,2.127537375236653,2.0176644255845613,2.0775949954986572,71300,0.0,0.0
2009-06-17 00:00:00-04:00,2.0276527404785156,2.037641168238788,1.9277683438043403,2.0276527404785156,74900,0.0,0.0
2009-06-18 00:00:00-04:00,2.0176643157691676,2.0476295990952953,1.9577337491169118,1.9777106046676636,10000,0.0,0.0
2009-06-19 00:00:00-04:00,1.997687578201294,2.037641291662453,1.9677222931054246,1.997687578201294,14000,0.0,0.0
2009-06-22 00:00:00-04:00,1.9277683528729703,1.9377568997516823,1.8378725026076297,1.87782621383667,91600,0.0,0.0
2009-06-23 00:00:00-04:00,1.867837783516248,1.9377568971444448,1.8578493557224274,1.9177799224853516,22700,0.0,0.0
2009-06-24 00:00:00-04:00,1.9876991510391235,2.057618149638473,1.977710722667788,1.9876991510391235,25400,0.0,0.0
2009-06-25 00:00:00-04:00,2.047629720027743,2.0775950051236123,1.997687578201294,1.997687578201294,49700,0.0,0.0
2009-06-26 00:00:00-04:00,2.0975718544953064,2.0975718544953064,2.007675999523079,2.0576181411743164,33500,0.0,0.0
2009-06-29 00:00:00-04:00,2.057618145939146,2.057618145939146,1.9876991474655015,2.0176644325256348,28700,0.0,0.0
2009-06-30 00:00:00-04:00,1.9976875711928312,2.0576181411743164,1.9277684538096407,2.0576181411743164,47000,0.0,0.0
2009-07-01 00:00:00-04:00,2.0576181411743164,2.0576181411743164,2.0576181411743164,2.0576181411743164,0,0.0,0.0
2009-07-02 00:00:00-04:00,2.097571741845576,2.097571741845576,1.9077914946915309,1.9177799224853516,67500,0.0,0.0
2009-07-06 00:00:00-04:00,1.8778262144852094,1.8978030701066289,1.8278840754316605,1.8678377866744995,46600,0.0,0.0
2009-07-07 00:00:00-04:00,1.8778262125600713,1.9377568984343412,1.8578493569591321,1.8978030681610107,23600,0.0,0.0
2009-07-08 00:00:00-04:00,1.8478609348894266,1.8778262183837668,1.7479765375035072,1.8079071044921875,59200,0.0,0.0
2009-07-09 00:00:00-04:00,1.8178956488969957,1.8678377879856005,1.7979186741901019,1.8478609323501587,21700,0.0,0.0
2009-07-10 00:00:00-04:00,1.8079071013698946,1.857849359512329,1.7679533901131086,1.857849359512329,35900,0.0,0.0
2009-07-13 00:00:00-04:00,1.7879302457415016,1.8678377873265255,1.7679533901131086,1.857849359512329,29700,0.0,0.0
2009-07-14 00:00:00-04:00,1.9377568935661598,1.9976874602184156,1.9377568935661598,1.9777106046676636,13900,0.0,0.0
2009-07-15 00:00:00-04:00,2.1275373620631024,2.237410072891955,2.097571839148683,2.1974563598632812,60600,0.0,0.0
2009-07-16 00:00:00-04:00,2.217433096645324,2.217433096645324,2.0975717258884115,2.1874678134918213,44200,0.0,0.0
2009-07-17 00:00:00-04:00,2.2074449030050665,2.2873523332211287,2.2074449030050665,2.227421760559082,35600,0.0,0.0
2009-07-20 00:00:00-04:00,2.327306032180786,2.397225271277622,2.2773638886422782,2.327306032180786,43000,0.0,0.0
2009-07-21 00:00:00-04:00,2.3273057958878036,2.3472826512749427,2.177479380484261,2.2873520851135254,33400,0.0,0.0
2009-07-22 00:00:00-04:00,2.1974562328865197,2.35727107576655,2.1974562328865197,2.347282648086548,74600,0.0,0.0
2009-07-23 00:00:00-04:00,2.35727107576655,2.3972250246294577,2.3173173650465424,2.347282648086548,20100,0.0,0.0
2009-07-24 00:00:00-04:00,2.38723684256992,2.38723684256992,2.307329174765383,2.327306032180786,40400,0.0,0.0
2009-07-27 00:00:00-04:00,2.3772482974910325,2.3772482974910325,2.267375348941897,2.2773637771606445,7500,0.0,0.0
2009-07-28 00:00:00-04:00,2.2374099555871534,2.2374099555871534,2.0975717291754368,2.127537250518799,33800,0.0,0.0
2009-07-29 00:00:00-04:00,2.1175487111558016,2.127537377628965,2.0176644278533264,2.0576181411743164,25800,0.0,0.0
2009-07-30 00:00:00-04:00,2.157502533719259,2.1874678169197193,2.0975717291754368,2.127537250518799,33300,0.0,0.0
2009-07-31 00:00:00-04:00,2.147514218577439,2.2274216446347865,2.097571839148683,2.1974563598632812,37900,0.0,0.0
2009-08-03 00:00:00-04:00,2.1974563598632812,2.1974563598632812,2.1974563598632812,2.1974563598632812,0,0.0,0.0
2009-08-04 00:00:00-04:00,2.28735232041428,2.3572713214618592,2.2673754629721143,2.3073291778564453,59900,0.0,0.0
2009-08-05 00:00:00-04:00,2.3273057917083606,2.3772481682294213,2.307328936357097,2.3672595024108887,285600,0.0,0.0
2009-08-06 00:00:00-04:00,2.407213703210198,2.4271905606523636,2.277363891693197,2.3073291778564453,27300,0.0,0.0
2009-08-07 00:00:00-04:00,2.277363904444121,2.277363904444121,2.227421760559082,2.227421760559082,14200,0.0,0.0
2009-08-10 00:00:00-04:00,2.187467694079665,2.187467694079665,2.1175484657287598,2.1175484657287598,48600,0.0,0.0
2009-08-11 00:00:00-04:00,2.1175484657287598,2.2274214027699606,1.9976873396578738,2.1175484657287598,54200,0.0,0.0
2009-08-12 00:00:00-04:00,2.0676066875457764,2.0975719742472596,1.9976876852423155,2.0676066875457764,71800,0.0,0.0
2009-08-13 00:00:00-04:00,2.097571843407008,2.1974563643243843,2.047629702019777,2.1575026512145996,106300,0.0,0.0
2009-08-14 00:00:00-04:00,2.1475141104901314,2.1575025382445685,2.0476295948028564,2.0476295948028564,30900,0.0,0.0
2009-08-17 00:00:00-04:00,2.017664317033122,2.037641172596388,1.877826209018806,1.9577337503433228,49800,0.0,0.0
2009-08-18 00:00:00-04:00,1.9976873397394692,2.0376410484313965,1.9477452038745602,2.0376410484313965,15900,0.0,0.0
2009-08-19 00:00:00-04:00,1.957733746156609,2.0276527404785156,1.957733746156609,2.0276527404785156,15800,0.0,0.0
2009-08-20 00:00:00-04:00,1.9577337491169118,2.0176643157691676,1.9377568935661598,1.9777106046676636,32300,0.0,0.0
2009-08-21 00:00:00-04:00,2.0176644278533264,2.067606569504564,1.9777107145323363,2.0576181411743164,30200,0.0,0.0
2009-08-24 00:00:00-04:00,2.097571849822998,2.1075602781309963,1.9976875667430136,2.097571849822998,20700,0.0,0.0
2009-08-25 00:00:00-04:00,2.087583430999279,2.0975718593526564,2.0176644325256348,2.0176644325256348,21200,0.0,0.0
2009-08-26 00:00:00-04:00,2.0076760065665837,2.0276528632971633,1.9777107214707144,1.997687578201294,61600,0.0,0.0
2009-08-27 00:00:00-04:00,2.027652739293982,2.0476295948028564,1.9677221727673584,2.0476295948028564,17300,0.0,0.0
2009-08-28 00:00:00-04:00,2.0775951164462705,2.197456501395133,2.037641400844293,2.0676066875457764,27800,0.0,0.0
2009-08-31 00:00:00-04:00,2.077595002645901,2.077595002645901,2.0176644325256348,2.0176644325256348,18200,0.0,0.0
2009-09-01 00:00:00-04:00,2.037641291662453,2.0775950051236123,1.9876991498360042,1.997687578201294,67500,0.0,0.0
2009-09-02 00:00:00-04:00,2.0076760893219836,2.227421760559082,2.0076760893219836,2.227421760559082,82100,0.0,0.0
2009-09-03 00:00:00-04:00,2.1974562358714,2.3472826512749427,2.1874678081778303,2.2873520851135254,242800,0.0,0.0
2009-09-04 00:00:00-04:00,2.2673751115475316,2.347282528931198,2.2274214028556982,2.2973403930664062,59500,0.0,0.0
2009-09-08 00:00:00-04:00,2.4571558311844357,2.4971095458146015,2.3872368305816454,2.4072136878967285,131300,0.0,0.0
2009-09-09 00:00:00-04:00,2.4371787353494656,2.467144018389471,2.2973405096865385,2.347282648086548,52100,0.0,0.0
2009-09-10 00:00:00-04:00,2.3173174800049448,2.427190428078487,2.3173174800049448,2.3772482872009277,59800,0.0,0.0
2009-09-11 00:00:00-04:00,2.447167158126831,2.547051434726743,2.4172018751468576,2.447167158126831,113900,0.0,0.0
2009-09-14 00:00:00-04:00,2.4771326884995184,2.4771326884995184,2.3572713064660973,2.4072136878967285,80800,0.0,0.0
2009-09-15 00:00:00-04:00,2.4072135618800727,2.5070978432265854,2.3972251337454216,2.477132558822632,104300,0.0,0.0
2009-09-16 00:00:00-04:00,2.54705163047855,2.85669314987845,2.4871210599126825,2.8467047214508057,113600,0.0,0.0
2009-09-17 00:00:00-04:00,2.8167394573939655,2.8966471235602005,2.6369477443415072,2.686889886856079,95700,0.0,0.0
2009-09-18 00:00:00-04:00,2.6769014610446957,2.6769014610446957,2.587005366285159,2.6669130325317383,48800,0.0,0.0
2009-09-21 00:00:00-04:00,2.507097951104788,2.587005379620344,2.4671442368470102,2.567028522491455,119200,0.0,0.0
2009-09-22 00:00:00-04:00,2.6868897685477258,2.7368319088632598,2.646936056295299,2.676901340484619,61600,0.0,0.0
2009-09-23 00:00:00-04:00,2.66691304054078,2.6968783261696414,2.547051659882414,2.6069822311401367,83000,0.0,0.0
2009-09-24 00:00:00-04:00,2.6669129315239175,2.6669129315239175,2.3972251337454216,2.477132558822632,137700,0.0,0.0
2009-09-25 00:00:00-04:00,2.3972251435519514,2.427190428078487,2.3572711927069916,2.3772482872009277,48300,0.0,0.0
2009-09-28 00:00:00-04:00,2.37724839048962,2.4971095338035894,2.2473985804232304,2.487121105194092,54800,0.0,0.0
2009-09-29 00:00:00-04:00,2.4271904220233567,2.43717885017395,2.3872367094209825,2.43717885017395,33900,0.0,0.0
2009-09-30 00:00:00-04:00,2.507097720135695,2.547051430712694,2.4371787266259464,2.5270745754241943,97500,0.0,0.0
2009-10-01 00:00:00-04:00,2.507097990421026,2.5270748478631915,2.2573870342510314,2.3073291778564453,60300,0.0,0.0
2009-10-02 00:00:00-04:00,2.237409946645678,2.3472826512749427,2.2174330912585387,2.2873520851135254,84900,0.0,0.0
2009-10-05 00:00:00-04:00,2.2673754485482243,2.4571558311844357,2.247398591233141,2.4072136878967285,70100,0.0,0.0
2009-10-06 00:00:00-04:00,2.5470517712928715,2.676901586173945,2.5170864843533,2.6369478702545166,119500,0.0,0.0
2009-10-07 00:00:00-04:00,2.6769014610446957,2.7068667465835676,2.587005366285159,2.6669130325317383,44600,0.0,0.0
2009-10-08 00:00:00-04:00,2.686889878987131,2.766797306776425,2.5470516422129466,2.7468204498291016,96400,0.0,0.0
2009-10-09 00:00:00-04:00,2.70686661589143,2.8267277522598184,2.6769013317993333,2.7767856121063232,85200,0.0,0.0
2009-10-12 00:00:00-04:00,2.7767856192604254,2.7967624753732916,2.69687819480896,2.69687819480896,44300,0.0,0.0
2009-10-13 00:00:00-04:00,2.846704593534103,2.9965312513592277,2.7068666018307006,2.9565775394439697,152900,0.0,0.0
2009-10-14 00:00:00-04:00,3.076438547385815,3.196299916295117,2.9965311268748787,3.046473264694214,151900,0.0,0.0
2009-10-15 00:00:00-04:00,3.0464733815490233,3.1163923771780033,3.0165080977080314,3.0764386653900146,113500,0.0,0.0
2009-10-16 00:00:00-04:00,3.0564618022091836,3.20628845919985,3.0065196625932633,3.176323175430298,91600,0.0,0.0
2009-10-19 00:00:00-04:00,3.2062884532051172,3.326149588059223,3.1863115973960996,3.256230592727661,85600,0.0,0.0
2009-10-20 00:00:00-04:00,3.2861956358963926,3.3161609174165037,3.146357655469208,3.1962997913360596,38400,0.0,0.0
2009-10-21 00:00:00-04:00,3.166334735950643,3.3960688154882996,3.166334735950643,3.3361380100250244,51300,0.0,0.0
2009-10-22 00:00:00-04:00,3.2462420456051726,3.316161038368965,2.2573867668028043,3.266218900680542,43500,0.0,0.0
2009-10-23 00:00:00-04:00,3.306172866095053,3.3161612944039267,3.066450348539172,3.146358013153076,56600,0.0,0.0
2009-10-26 00:00:00-04:00,3.126381188526982,3.1663349021713145,2.7667972894421498,2.8866586685180664,219900,0.0,0.0
2009-10-27 00:00:00-04:00,2.8666817177519577,2.896647242635442,2.6968784262221477,2.7368321418762207,115800,0.0,0.0
2009-10-28 00:00:00-04:00,2.746820463438917,2.746820463438917,2.5470516548329574,2.6469361782073975,150500,0.0,0.0
2009-10-29 00:00:00-04:00,2.8467044767953515,3.0065195560455322,2.7967623389493257,3.0065195560455322,87200,0.0,0.0
2009-10-30 00:00:00-04:00,2.946589113103999,2.996531253025848,2.7168550313205846,2.936600685119629,81500,0.0,0.0
2009-11-02 00:00:00-05:00,2.936600805560781,3.066450374683213,2.8467047118715643,2.926612377166748,59900,0.0,0.0
2009-11-03 00:00:00-05:00,2.8666813249018026,3.2062883377075195,2.826727614722988,3.2062883377075195,92100,0.0,0.0
2009-11-04 00:00:00-05:00,3.3461261989366147,3.5059412718534286,3.1962997913360596,3.1962997913360596,102800,0.0,0.0
2009-11-05 00:00:00-05:00,3.266218781354614,3.266218781354614,3.0864268541017954,3.116392135620117,63100,0.0,0.0
2009-11-06 00:00:00-05:00,3.0764386595390465,3.20628846074596,3.0764386595390465,3.156346321105957,111200,0.0,0.0
2009-11-09 00:00:00-05:00,3.356114742205267,3.4460108280181885,3.2961841770919165,3.4460108280181885,144100,0.0,0.0
2009-11-10 00:00:00-05:00,3.3860805096963955,3.4260342226839544,3.226265419603247,3.3261497020721436,68600,0.0,0.0
2009-11-11 00:00:00-05:00,3.475976113994125,3.475976113994125,3.3461263179779053,3.3461263179779053,30700,0.0,0.0
2009-11-12 00:00:00-05:00,3.296184316695938,3.346126456405607,3.0564618079466204,3.0964155197143555,64400,0.0,0.0
2009-11-13 00:00:00-05:00,3.1263809181005673,3.2662189037599942,3.096415397316364,3.1863114833831787,29400,0.0,0.0
2009-11-16 00:00:00-05:00,3.4460108287357913,3.4659876837777346,3.256230467694432,3.4260339736938477,184100,0.0,0.0
2009-11-17 00:00:00-05:00,3.326149462196079,3.4460108306574777,3.316161034669537,3.366103172302246,64200,0.0,0.0
2009-11-18 00:00:00-05:00,3.4260339722751865,3.5159298199267077,3.416045544758351,3.4659876823425293,178700,0.0,0.0
2009-11-19 00:00:00-05:00,3.436022517280503,3.4759762287139893,3.32614957269551,3.4759762287139893,40900,0.0,0.0
2009-11-20 00:00:00-05:00,3.4659878050938953,3.4859646608350667,3.3960688099997958,3.416045665740967,64200,0.0,0.0
2009-11-23 00:00:00-05:00,3.595837354660034,3.685733443319423,3.5159299319787145,3.595837354660034,99600,0.0,0.0
2009-11-24 00:00:00-05:00,3.6058259030453503,3.615814331214449,3.525918477692562,3.5858490467071533,57100,0.0,0.0
2009-11-25 00:00:00-05:00,3.6058257724215355,3.75565242767334,3.5958373446142753,3.75565242767334,53400,0.0,0.0
2009-11-27 00:00:00-05:00,3.276207542849763,3.565872198562081,3.276207542849763,3.50594162940979,113900,0.0,0.0
2009-11-30 00:00:00-05:00,3.585848935156077,3.585848935156077,3.426034089422131,3.4759762287139893,78700,0.0,0.0
2009-12-01 00:00:00-05:00,3.5658720661989514,3.7156987216611115,3.5558836383776677,3.6757450103759766,123100,0.0,0.0
2009-12-02 00:00:00-05:00,3.73567557205882,3.8555367057459407,3.72568714425156,3.75565242767334,67100,0.0,0.0
2009-12-03 00:00:00-05:00,3.7556524302814442,3.7556524302814442,3.675745007767872,3.715698719024658,98500,0.0,0.0
2009-12-04 00:00:00-05:00,3.675745022560315,3.675745022560315,3.4659877994751502,3.49595308303833,77500,0.0,0.0
2009-12-07 00:00:00-05:00,3.3161611528197033,3.436022525551594,3.266219013407626,3.3561148643493652,89400,0.0,0.0
2009-12-08 00:00:00-05:00,3.3261497227128003,3.3261497227128003,3.106404061774666,3.146358013153076,124400,0.0,0.0
2009-12-09 00:00:00-05:00,3.246241927092609,3.2961840629577637,3.1763229368813923,3.2961840629577637,48300,0.0,0.0
2009-12-10 00:00:00-05:00,3.3161611488922054,3.416045665740967,3.3161611488922054,3.416045665740967,79400,0.0,0.0
2009-12-11 00:00:00-05:00,3.4360222817152435,3.4360222817152435,3.3161609174892805,3.376091718673706,43800,0.0,0.0
2009-12-14 00:00:00-05:00,3.4060573495018462,3.4959532032833995,3.336138113973281,3.485964775085449,75200,0.0,0.0
2009-12-15 00:00:00-05:00,3.4759763134321235,3.845548391342163,3.4759763134321235,3.845548391342163,78400,0.0,0.0
2009-12-16 00:00:00-05:00,3.835560150353907,4.215120674882201,3.81558329317573,4.205132484436035,178900,0.0,0.0
2009-12-17 00:00:00-05:00,3.935444246500392,4.015351666525043,3.605825662612915,3.605825662612915,163100,0.0,0.0
2009-12-18 00:00:00-05:00,3.6258028591945766,3.875513792037964,3.6258028591945766,3.875513792037964,64700,0.0,0.0
2009-12-21 00:00:00-05:00,3.93544459836544,3.9454330267615787,3.8255716478649933,3.895490884780884,103400,0.0,0.0
2009-12-22 00:00:00-05:00,3.8855023293357753,3.995375038100663,3.7256872420803013,3.985386610031128,74300,0.0,0.0
2009-12-23 00:00:00-05:00,3.965409397959993,4.105247616524627,3.965409397959993,4.075282096862793,56100,0.0,0.0
2009-12-24 00:00:00-05:00,4.095259554925689,4.1152364122166105,4.045317649841309,4.045317649841309,17400,0.0,0.0
2009-12-28 00:00:00-05:00,4.025340433467554,4.135212900623462,3.945432773289154,4.095259189605713,17200,0.0,0.0
2009-12-29 00:00:00-05:00,4.055305612142152,4.075282468308928,3.9254560470581055,3.9254560470581055,42800,0.0,0.0
2009-12-30 00:00:00-05:00,3.9054791961972475,3.9054791961972475,3.8455483894725875,3.865525245666504,23800,0.0,0.0
2009-12-31 00:00:00-05:00,3.885502216118543,3.955421210567964,3.755652416855287,3.9354443550109863,32600,0.0,0.0
2010-01-04 00:00:00-05:00,4.075282334096838,4.205132133047425,4.055305478587964,4.095259189605713,68000,0.0,0.0
2010-01-05 00:00:00-05:00,4.095259304725441,4.1751667290071754,4.075282448655007,4.145201683044434,57700,0.0,0.0
2010-01-06 00:00:00-05:00,4.225109214198256,4.344970353652688,4.175166834615995,4.275051593780518,85800,0.0,0.0
2010-01-07 00:00:00-05:00,4.245086084011374,4.255074750473306,4.10524808754515,4.1551899909973145,44900,0.0,0.0
2010-01-08 00:00:00-05:00,4.185155501046779,4.2850397839254715,4.145201787895302,4.275051593780518,78800,0.0,0.0
2010-01-11 00:00:00-05:00,4.3449701124960765,4.394912489306413,4.255074501037598,4.255074501037598,75300,0.0,0.0
2010-01-12 00:00:00-05:00,4.125224595008006,4.225108869743569,3.9154673799204263,3.965409517288208,135600,0.0,0.0
2010-01-13 00:00:00-05:00,4.005363929442356,4.135213263501838,3.925456262251799,4.08527135848999,41200,0.0,0.0
2010-01-14 00:00:00-05:00,4.075282334096838,4.145201566520801,3.9753980565524656,4.095259189605713,21900,0.0,0.0
2010-01-15 00:00:00-05:00,4.055305483373244,4.055305483373244,3.9654096334772313,4.01535177230835,70400,0.0,0.0
2010-01-19 00:00:00-05:00,3.97539794379916,4.04531717424002,3.955421088856884,4.005363464355469,42500,0.0,0.0
2010-01-20 00:00:00-05:00,3.865525259244736,3.865525259244736,3.6357914122077215,3.725687265396118,119400,0.0,0.0
2010-01-21 00:00:00-05:00,3.655768165412019,3.725687160365241,3.4759762259608302,3.515929937362671,111600,0.0,0.0
2010-01-22 00:00:00-05:00,3.495952844756781,3.495952844756781,3.3161609174892805,3.376091718673706,205200,0.0,0.0
2010-01-25 00:00:00-05:00,3.3960686960372004,3.3960686960372004,3.2262651897924712,3.286195755004883,83700,0.0,0.0
2010-01-26 00:00:00-05:00,3.21627687152817,3.4759762344146483,3.1463578764049007,3.396068811416626,121300,0.0,0.0
2010-01-27 00:00:00-05:00,3.3361378934443344,3.37609184173797,3.17632305284138,3.266218900680542,89100,0.0,0.0
2010-01-28 00:00:00-05:00,3.286195758854198,3.286195758854198,3.106403824863466,3.1863114833831787,70700,0.0,0.0
2010-01-29 00:00:00-05:00,3.196300154697444,3.196300154697444,3.0564619202302983,3.146358013153076,67600,0.0,0.0
2010-02-01 00:00:00-05:00,3.1163921358746007,3.376091718673706,3.1163921358746007,3.376091718673706,67100,0.0,0.0
2010-02-02 00:00:00-05:00,3.396068811416626,3.4759762344146483,3.396068811416626,3.396068811416626,29100,0.0,0.0
2010-02-03 00:00:00-05:00,3.406057117942622,3.4460108280181885,3.2861957495730247,3.4460108280181885,47100,0.0,0.0
2010-02-04 00:00:00-05:00,3.465987700514766,3.465987700514766,2.996531128476327,3.0065195560455322,177400,0.0,0.0
2010-02-05 00:00:00-05:00,2.9865426950243914,3.166334629058838,2.8866584195290863,3.166334629058838,107800,0.0,0.0
2010-02-08 00:00:00-05:00,3.0864268541880184,3.236253499926701,3.016507863976648,3.036484718322754,46200,0.0,0.0
2010-02-09 00:00:00-05:00,3.176323055073409,3.296184185609852,3.11639225166229,3.2062883377075195,59300,0.0,0.0
2010-02-10 00:00:00-05:00,3.276207454662138,3.276207454662138,3.1163923697482874,3.176323175430298,80200,0.0,0.0
2010-02-11 00:00:00-05:00,3.246242276097026,3.3261497020721436,3.196300134862578,3.3261497020721436,61400,0.0,0.0
2010-02-12 00:00:00-05:00,3.2562307064805833,3.3161612760012464,3.2262654217202518,3.3061728477478027,38300,0.0,0.0
2010-02-16 00:00:00-05:00,3.426034086708529,3.5658720766149723,3.3860803753066877,3.515929937362671,108000,0.0,0.0
2010-02-17 00:00:00-05:00,3.545895229537918,3.545895229537918,3.396068811416626,3.396068811416626,41300,0.0,0.0
2010-02-18 00:00:00-05:00,3.4759762315311753,3.4859646593976423,3.3960688085994395,3.4360225200653076,18300,0.0,0.0
2010-02-19 00:00:00-05:00,3.386080376640004,3.515929938747117,3.356114854933919,3.49595308303833,69500,0.0,0.0
2010-02-22 00:00:00-05:00,3.4759761112987064,3.5059413938616215,3.386080263609961,3.4260339736938477,30800,0.0,0.0
2010-02-23 00:00:00-05:00,3.3461264438682408,3.3461264438682408,3.1863115973960996,3.256230592727661,55800,0.0,0.0
2010-02-24 00:00:00-05:00,3.196300154697444,3.3161612944039267,3.126381156535329,3.146358013153076,52800,0.0,0.0
2010-02-25 00:00:00-05:00,3.0564616871279564,3.206288338477383,3.0065195493924466,3.1863114833831787,30200,0.0,0.0
2010-02-26 00:00:00-05:00,3.216277002169967,3.246242287011384,3.1863117173285502,3.2262654304504395,29100,0.0,0.0
2010-03-01 00:00:00-05:00,3.3161610391361696,3.3461263217561563,3.22626519127621,3.246242046356201,22500,0.0,0.0
2010-03-02 00:00:00-05:00,3.296184298478111,3.4260340991484846,3.2662190148179264,3.3361380100250244,63000,0.0,0.0
2010-03-03 00:00:00-05:00,3.436022522915637,3.535906801663165,3.396068811416626,3.396068811416626,73900,0.0,0.0
2010-03-04 00:00:00-05:00,3.396068693764388,3.4260339763505394,3.2861957528056025,3.3461263179779053,21800,0.0,0.0
2010-03-05 00:00:00-05:00,3.3361377718364595,3.4559991360624225,3.3361377718364595,3.376091718673706,81700,0.0,0.0
2010-03-08 00:00:00-05:00,3.3960688169723343,3.4060572448634274,3.2961842999184974,3.3161611557006836,56600,0.0,0.0
2010-03-09 00:00:00-05:00,3.3161611616760496,3.3161611616760496,3.166334743039682,3.2362537384033203,145500,0.0,0.0
2010-03-10 00:00:00-05:00,3.2662191528595588,3.3161612944039267,3.11639249008354,3.146358013153076,104600,0.0,0.0
2010-03-11 00:00:00-05:00,3.1363692282958375,3.20628821850943,3.0864268542860973,3.1962997913360596,21700,0.0,0.0
2010-03-12 00:00:00-05:00,3.20628821850943,3.236253500029541,3.146357655469208,3.1962997913360596,40400,0.0,0.0
2010-03-15 00:00:00-04:00,3.156346325508865,3.1763231813927324,3.066450235888554,3.0964155197143555,66400,0.0,0.0
2010-03-16 00:00:00-04:00,3.1863114833831787,3.2262651935715865,3.1263809181005673,3.1863114833831787,71200,0.0,0.0
2010-03-17 00:00:00-04:00,3.256230473896197,3.3261494666761653,3.216276763736215,3.246242046356201,47800,0.0,0.0
2010-03-18 00:00:00-04:00,3.2362537461104006,3.2362537461104006,3.0964155169071956,3.136369466781616,59800,0.0,0.0
2010-03-19 00:00:00-04:00,3.1563462060396485,3.166334633603516,3.046473264694214,3.046473264694214,82200,0.0,0.0
2010-03-22 00:00:00-04:00,3.0664501214607633,3.0664501214607633,2.996531128476327,3.0065195560455322,140000,0.0,0.0
2010-03-23 00:00:00-04:00,3.006519778685931,3.1563464414619498,2.996531350377057,3.146358013153076,103100,0.0,0.0
2010-03-24 00:00:00-04:00,3.076438547385815,3.076438547385815,3.016507982002613,3.046473264694214,99800,0.0,0.0
2010-03-25 00:00:00-04:00,3.046473510355652,3.0564619387249654,2.976554511770457,2.9865429401397705,53700,0.0,0.0
2010-03-26 00:00:00-04:00,2.9765542717471445,3.0564616922580807,2.9465889890555435,3.046473264694214,38500,0.0,0.0
2010-03-29 00:00:00-04:00,3.076438663830488,3.1263810416830635,3.066450235888554,3.0964155197143555,39200,0.0,0.0
2010-03-30 00:00:00-04:00,3.106403829263555,3.146357777651453,3.0564616914573044,3.0664501190185547,13100,0.0,0.0
2010-03-31 00:00:00-04:00,3.1263809204101562,3.146357775519118,3.0864269720493356,3.1263809204101562,48400,0.0,0.0
2010-04-01 00:00:00-04:00,3.146357885778064,3.296184304345697,3.146357885778064,3.256230592727661,74300,0.0,0.0
2010-04-05 00:00:00-04:00,3.3061727196583317,3.4559993757982412,3.3061727196583317,3.4360225200653076,117600,0.0,0.0
2010-04-06 00:00:00-04:00,3.485964657976836,3.485964657976836,3.406057235077669,3.4559993743896484,72300,0.0,0.0
2010-04-07 00:00:00-04:00,3.4659878008556175,3.555883651580962,3.4659878008556175,3.4759762287139893,49700,0.0,0.0
2010-04-08 00:00:00-04:00,3.515929937362671,3.5458952209140517,3.396068803157148,3.515929937362671,109400,0.0,0.0
2010-04-09 00:00:00-04:00,3.535906907858594,3.605825905081771,3.5259184796838543,3.5658721923828125,69800,0.0,0.0
2010-04-12 00:00:00-04:00,3.605825782495199,3.685733443319423,3.5758604989897043,3.595837354660034,143700,0.0,0.0
2010-04-13 00:00:00-04:00,3.6158142130677127,3.6158142130677127,3.446010939741359,3.5558836460113525,71200,0.0,0.0
2010-04-14 00:00:00-04:00,3.635791182857797,3.6457796103597597,3.5458950971972385,3.625802755355835,73000,0.0,0.0
2010-04-15 00:00:00-04:00,3.615814331214449,3.615814331214449,3.5758606185380546,3.5858490467071533,52300,0.0,0.0
2010-04-16 00:00:00-04:00,3.4659878065398955,3.545895229537918,3.3061727224009454,3.396068811416626,129700,0.0,0.0
2010-04-19 00:00:00-04:00,3.32614934466287,3.3860801458472958,3.3161609174892805,3.376091718673706,44900,0.0,0.0
2010-04-20 00:00:00-04:00,3.4659876823425293,3.5259182474435433,3.4260339722751865,3.4659876823425293,62000,0.0,0.0
2010-04-21 00:00:00-04:00,3.4759762259608302,3.525918365213131,3.426034086708529,3.515929937362671,40300,0.0,0.0
2010-04-22 00:00:00-04:00,3.4859647730256933,3.50594162940979,3.4260342038734026,3.50594162940979,21700,0.0,0.0
2010-04-23 00:00:00-04:00,3.4460109335861375,3.6557681560516357,3.436022505761252,3.6557681560516357,89800,0.0,0.0
2010-04-26 00:00:00-04:00,3.6457796103597597,3.6957217478695723,3.615814089710976,3.625802755355835,68300,0.0,0.0
2010-04-27 00:00:00-04:00,3.5958373573822593,3.6158142130677127,3.5059415067977193,3.5558836460113525,63200,0.0,0.0
2010-04-28 00:00:00-04:00,3.5758604989897043,3.655768159813928,3.5359067876490444,3.595837354660034,103500,0.0,0.0
2010-04-29 00:00:00-04:00,3.595837467244882,3.6857335587188964,3.595837467244882,3.6657567024230957,54800,0.0,0.0
2010-04-30 00:00:00-04:00,3.695721745158563,3.7656407376210113,3.675744890169292,3.7057101726531982,100800,0.0,0.0
2010-05-03 00:00:00-04:00,3.795606372222422,3.8155832290649414,3.6857336595885664,3.8155832290649414,63600,0.0,0.0
2010-05-04 00:00:00-04:00,3.7756292966942437,3.78561772453697,3.495953078954993,3.5558836460113525,100100,0.0,0.0
2010-05-05 00:00:00-04:00,3.4759762219464467,3.5958373560135426,3.4160456549128986,3.5758605003356934,72900,0.0,0.0
2010-05-06 00:00:00-04:00,3.5858490570649524,3.635791436197617,3.3561149703691817,3.485964775085449,67900,0.0,0.0
2010-05-07 00:00:00-04:00,3.5359067972888156,3.5458952251512112,3.396068807215273,3.4559993743896484,75300,0.0,0.0
2010-05-10 00:00:00-04:00,3.5858490467071533,3.595837474876252,3.525918477692562,3.5858490467071533,48100,0.0,0.0
2010-05-11 00:00:00-04:00,3.68573342356618,3.9154675006866455,3.6657565680029136,3.9154675006866455,161300,0.0,0.0
2010-05-12 00:00:00-04:00,3.9953749167759023,4.095259194438139,3.975398061243455,4.01535177230835,95800,0.0,0.0
2010-05-13 00:00:00-04:00,4.04531729999078,4.075282345192776,3.8954906451233793,3.9154675006866455,79400,0.0,0.0
2010-05-14 00:00:00-04:00,3.935444742772385,4.744508186976114,3.7256875006137307,4.494797229766846,68500,0.0,0.0
2010-05-17 00:00:00-04:00,3.925455938539665,3.975398077575965,3.6657565774079997,3.75565242767334,151000,0.0,0.0
2010-05-18 00:00:00-04:00,3.8055945654092214,3.855536704428456,3.6957218595669055,3.7756292819976807,73200,0.0,0.0
2010-05-19 00:00:00-04:00,3.655768038271218,3.685733320780462,3.465987677569776,3.605825662612915,151000,0.0,0.0
2010-05-20 00:00:00-04:00,3.386080511918268,3.4160457966785995,3.3061728477478027,3.3061728477478027,106900,0.0,0.0
2010-05-21 00:00:00-04:00,3.2961842945261925,3.495953090164154,3.236253727277676,3.396068811416626,80100,0.0,0.0
2010-05-24 00:00:00-04:00,3.47597610707799,3.5458950996398926,3.3960686870072445,3.5458950996398926,58200,0.0,0.0
2010-05-25 00:00:00-04:00,3.286195635968512,3.4060570001944748,3.2462419272741534,3.376091718673706,28500,0.0,0.0
2010-05-26 00:00:00-04:00,3.515929934640446,3.6258028790533436,3.515929934640446,3.5558836460113525,59900,0.0,0.0
2010-05-27 00:00:00-04:00,3.6158143178007216,3.725687265396118,3.5958374615366338,3.725687265396118,39300,0.0,0.0
2010-05-28 00:00:00-04:00,3.635791292743824,3.7856177098015276,3.635791292743824,3.7756292819976807,26800,0.0,0.0
2010-06-01 00:00:00-04:00,3.6258028790533436,3.6957218739524302,3.485964651112266,3.5558836460113525,97800,0.0,0.0
2010-06-02 00:00:00-04:00,3.5259183511811907,3.775629284591838,3.485964639938352,3.735675573348999,144000,0.0,0.0
2010-06-03 00:00:00-04:00,3.755652545923046,3.7656409740448,3.6158143140755836,3.7656409740448,44200,0.0,0.0
2010-06-04 00:00:00-04:00,3.6357914256955586,3.735675707386544,3.5758606185380546,3.5858490467071533,29100,0.0,0.0
2010-06-07 00:00:00-04:00,3.6058258896686777,3.7356756935281625,3.5758606052725455,3.725687265396118,93000,0.0,0.0
2010-06-08 00:00:00-04:00,3.7756293983584435,3.855536823251878,3.7756293983584435,3.8055946826934814,170800,0.0,0.0
2010-06-09 00:00:00-04:00,3.8055946884816874,3.8055946884816874,3.7356756915935874,3.745664119720459,34800,0.0,0.0
2010-06-10 00:00:00-04:00,3.7856177047612087,3.8655251270855917,3.745663993599017,3.855536699295044,39400,0.0,0.0
2010-06-11 00:00:00-04:00,3.8555368213379855,3.8555368213379855,3.785617824590938,3.8255715370178223,41000,0.0,0.0
2010-06-14 00:00:00-04:00,3.8555367031248395,3.9454327914719696,3.7756292807210823,3.7956061363220215,67600,0.0,0.0
2010-06-15 00:00:00-04:00,3.805594442008267,3.915467382430725,3.785617587048347,3.8855020999908447,41800,0.0,0.0
2010-06-16 00:00:00-04:00,3.8855023293357753,3.995375038100663,3.8555368069842597,3.985386610031128,141900,0.0,0.0
2010-06-17 00:00:00-04:00,3.955421296336939,4.364947082277996,3.955421296336939,4.344970226287842,202900,0.0,0.0
2010-06-18 00:00:00-04:00,4.245086304195036,4.384924307914362,4.195143921866634,4.2950286865234375,110700,0.0,0.0
2010-06-21 00:00:00-04:00,4.3749358952209,4.3749358952209,4.115236282348633,4.115236282348633,70400,0.0,0.0
2010-06-22 00:00:00-04:00,4.105248083016925,4.2750516023958145,4.105248083016925,4.195143699645996,67000,0.0,0.0
2010-06-23 00:00:00-04:00,4.015352119930387,4.155190120763747,4.015352119930387,4.08527135848999,40200,0.0,0.0
2010-06-24 00:00:00-04:00,4.055305599551783,4.10524797795658,4.0453174096423155,4.06529426574707,23100,0.0,0.0
2010-06-25 00:00:00-04:00,4.095259404039554,4.334982158984092,4.095259404039554,4.315005302429199,62700,0.0,0.0
2010-06-28 00:00:00-04:00,4.334982271563149,4.424877890251829,4.285039890736004,4.364947319030762,98900,0.0,0.0
2010-06-29 00:00:00-04:00,4.065294388254319,4.135213148585047,4.025340674840808,4.0353288650512695,58300,0.0,0.0
2010-06-30 00:00:00-04:00,4.035328747016692,4.105247981588095,3.9853866067106263,4.025340557098389,31300,0.0,0.0
2010-07-01 00:00:00-04:00,4.055305497277136,4.055305497277136,3.7356755695192034,3.7956061363220215,82400,0.0,0.0
2010-07-02 00:00:00-04:00,3.895490530457253,3.915467385432488,3.775629162462944,3.7856175899505615,100900,0.0,0.0
2010-07-06 00:00:00-04:00,3.735675689679539,3.8255715427753216,3.665756692827263,3.7656409740448,133900,0.0,0.0
2010-07-07 00:00:00-04:00,3.665756680476448,3.9054791927337646,3.665756680476448,3.9054791927337646,44200,0.0,0.0
2010-07-08 00:00:00-04:00,3.885502227310625,3.885502227310625,3.6857334330225195,3.75565242767334,39900,0.0,0.0
2010-07-09 00:00:00-04:00,3.8155831070367205,3.955421338605031,3.8155831070367205,3.845548391342163,35500,0.0,0.0
2010-07-12 00:00:00-04:00,3.795606248987796,3.875513911906373,3.795606248987796,3.865525245666504,31000,0.0,0.0
2010-07-13 00:00:00-04:00,3.9254559272324974,4.015351777238895,3.9054790716755203,3.9354443550109863,59000,0.0,0.0
2010-07-14 00:00:00-04:00,3.8755139156943383,3.8954907719077805,3.795606252697659,3.8255715370178223,28100,0.0,0.0
2010-07-15 00:00:00-04:00,3.8455483951401987,3.8455483951401987,3.7456641140234055,3.8055946826934814,37600,0.0,0.0
2010-07-16 00:00:00-04:00,3.6957219868667965,3.7456641276062985,3.635791417979395,3.6657567024230957,46600,0.0,0.0
2010-07-19 00:00:00-04:00,3.555883527148736,3.6058256646929516,3.5059413896045197,3.5458950996398926,49000,0.0,0.0
2010-07-20 00:00:00-04:00,3.5259183574705966,3.6757450130414018,3.475976218327963,3.635791301727295,46400,0.0,0.0
2010-07-21 00:00:00-04:00,3.7057102912104614,3.715698719024658,3.635791296511086,3.715698719024658,14900,0.0,0.0
2010-07-22 00:00:00-04:00,3.755652426389987,3.7956061376053745,3.735675570782293,3.7756292819976807,10800,0.0,0.0
2010-07-23 00:00:00-04:00,3.725687257800047,3.8355599670285194,3.725687257800047,3.8055946826934814,29100,0.0,0.0
2010-07-26 00:00:00-04:00,3.815582982337161,3.9753980648860794,3.815582982337161,3.955421209335327,44200,0.0,0.0
2010-07-27 00:00:00-04:00,3.8954906476140025,3.955421214342119,3.8355598427429833,3.875513792037964,35300,0.0,0.0
2010-07-28 00:00:00-04:00,3.785617584621298,3.965409517288208,3.785617584621298,3.965409517288208,18500,0.0,0.0
2010-07-29 00:00:00-04:00,3.9354444751414936,3.9354444751414936,3.84554838424809,3.9254560470581055,9500,0.0,0.0
2010-07-30 00:00:00-04:00,3.9054793131770227,3.9654098835538565,3.885502456384745,3.895490884780884,10800,0.0,0.0
2010-08-02 00:00:00-04:00,3.9254560416139164,3.995375038100663,3.9254560416139164,3.985386610031128,12000,0.0,0.0
2010-08-03 00:00:00-04:00,3.925455937198288,3.925455937198288,3.755652426389987,3.7756292819976807,56800,0.0,0.0
2010-08-04 00:00:00-04:00,3.8355600859074603,3.8655253711712394,3.8155832290649414,3.8155832290649414,26300,0.0,0.0
2010-08-05 00:00:00-04:00,3.8355599632403488,3.90547919809596,3.805594678934906,3.845548391342163,16000,0.0,0.0
2010-08-06 00:00:00-04:00,3.8255714149549642,3.8954906476140025,3.8255714149549642,3.875513792037964,28600,0.0,0.0
2010-08-09 00:00:00-04:00,3.8954907628079414,3.965409759391658,3.8954907628079414,3.9254560470581055,36600,0.0,0.0
2010-08-10 00:00:00-04:00,3.8855024467362265,4.025340682077842,3.845548495107967,3.975398302078247,26200,0.0,0.0
2010-08-11 00:00:00-04:00,3.995374922939711,3.995374922939711,3.8455482680723105,3.9154675006866455,18200,0.0,0.0
2010-08-12 00:00:00-04:00,3.895490636792673,4.095259191998121,3.895490636792673,4.055305480957031,89700,0.0,0.0
2010-08-13 00:00:00-04:00,4.075282455656538,4.075282455656538,4.005363697432806,4.06529426574707,9000,0.0,0.0
2010-08-16 00:00:00-04:00,4.1252248135886385,4.30501651763916,4.09525929143731,4.30501651763916,199000,0.0,0.0
2010-08-17 00:00:00-04:00,4.344970213965904,4.524762393653228,4.23509726818874,4.504785537719727,208900,0.0,0.0
2010-08-18 00:00:00-04:00,4.454843284869852,4.484808331468848,4.334982145902209,4.434866428375244,110000,0.0,0.0
2010-08-19 00:00:00-04:00,4.334982294237111,4.4148897229498205,4.175166960525846,4.205132484436035,66100,0.0,0.0
2010-08-20 00:00:00-04:00,4.165178535639351,4.1951435815770886,4.095259301308266,4.185155391693115,16200,0.0,0.0
2010-08-23 00:00:00-04:00,4.2051321282752845,4.2650626947338965,4.115236040444464,4.175166606903076,31200,0.0,0.0
2010-08-24 00:00:00-04:00,4.085271114833133,4.195143585077608,3.965409740267622,4.145201683044434,66700,0.0,0.0
2010-08-25 00:00:00-04:00,4.185155149268663,4.34496998844153,4.185155149268663,4.324993133544922,108200,0.0,0.0
2010-08-26 00:00:00-04:00,4.364946838882354,4.514773488596867,4.354958649587141,4.484807968139648,85000,0.0,0.0
2010-08-27 00:00:00-04:00,4.5047859031461295,4.664600763578255,4.404901139090198,4.454843521118164,69500,0.0,0.0
2010-08-30 00:00:00-04:00,4.474820372241538,4.634635232443998,4.474820372241538,4.494797229766846,97400,0.0,0.0
2010-08-31 00:00:00-04:00,4.554727546014408,4.664600494363158,4.554727546014408,4.634634971618652,85600,0.0,0.0
2010-09-01 00:00:00-04:00,4.69456565535868,4.794450416086776,4.604670037503566,4.684577465057373,127300,0.0,0.0
2010-09-02 00:00:00-04:00,4.794450390917588,4.914311531619069,4.7445080108157205,4.884346008300781,79000,0.0,0.0
2010-09-03 00:00:00-04:00,4.924299583773208,5.084114909845899,4.844392158879773,5.074126243591309,111600,0.0,0.0
2010-09-07 00:00:00-04:00,5.11408032517787,5.373779951112754,4.984230512210428,5.024184703826904,464200,0.0,0.0
2010-09-08 00:00:00-04:00,5.054149639264163,5.124068877673568,4.894334781512204,4.974242210388184,103300,0.0,0.0
2010-09-09 00:00:00-04:00,4.984230053524301,5.084114808944563,4.7844614952554,4.82441520690918,91000,0.0,0.0
2010-09-10 00:00:00-04:00,4.884345985204352,5.1040918850704635,4.864369128515235,5.084115028381348,47700,0.0,0.0
2010-09-13 00:00:00-04:00,5.144045816920119,5.243930104607861,5.144045816920119,5.2239532470703125,70800,0.0,0.0
2010-09-14 00:00:00-04:00,5.373779747858386,5.6135020307750025,5.2938723202195135,5.573548316955566,208700,0.0,0.0
2010-09-15 00:00:00-04:00,5.633478872335743,5.723374966327463,5.433710303782853,5.693409442901611,116500,0.0,0.0
2010-09-16 00:00:00-04:00,5.71338607270383,5.71338607270383,5.443698277732048,5.5535712242126465,199400,0.0,0.0
2010-09-17 00:00:00-04:00,5.583536852740265,5.81327093996265,5.553571329934811,5.6834211349487305,263400,0.0,0.0
2010-09-20 00:00:00-04:00,5.753339879329687,6.172853828780747,5.733362548308136,6.1229119300842285,223200,0.0,0.0
2010-09-21 00:00:00-04:00,6.182842852763928,6.4425419793858545,5.963096961644176,6.152877330780029,213100,0.0,0.0
2010-09-22 00:00:00-04:00,6.312692165285156,6.422564626049342,6.312692165285156,6.392599582672119,113000,0.0,0.0
2010-09-23 00:00:00-04:00,6.382611151629555,6.512460947792394,6.3126923969924835,6.492484092712402,112200,0.0,0.0
2010-09-24 00:00:00-04:00,6.612345331112414,6.772160650646482,6.5923684757063805,6.742195129394531,114200,0.0,0.0
2010-09-27 00:00:00-04:00,6.792137633944669,6.822102679475042,6.632322311401367,6.632322311401367,92300,0.0,0.0
2010-09-28 00:00:00-04:00,6.452530949018174,6.732206944690719,6.2227968572870935,6.702241897583008,112400,0.0,0.0
2010-09-29 00:00:00-04:00,6.762172222137451,6.882033358780504,6.68226479770875,6.762172222137451,111200,0.0,0.0
2010-09-30 00:00:00-04:00,6.822102905655508,6.94196404432251,6.652299387734343,6.812114715576172,146400,0.0,0.0
2010-10-01 00:00:00-04:00,6.9219869441743,7.041848554907138,6.752183908517249,6.832091331481934,145600,0.0,0.0
2010-10-04 00:00:00-04:00,6.662287714299709,6.722218280576543,6.5024728708948185,6.622334003448486,146300,0.0,0.0
2010-10-05 00:00:00-04:00,6.792137487958292,7.161709550128269,6.792137487958292,7.101778984069824,155100,0.0,0.0
2010-10-06 00:00:00-04:00,7.121756057142483,7.491328130610682,7.111767391017811,7.361478328704834,202200,0.0,0.0
2010-10-07 00:00:00-04:00,7.431397206579412,7.4913277715979,7.02187144081018,7.21165132522583,238300,0.0,0.0
2010-10-08 00:00:00-04:00,7.22164033376139,7.401432037353516,7.191674811686461,7.401432037353516,69500,0.0,0.0
2010-10-11 00:00:00-04:00,7.39144372679253,7.561247237776775,7.321524493950251,7.431397438049316,61100,0.0,0.0
2010-10-12 00:00:00-04:00,7.431397443322223,7.431397443322223,7.181686509647226,7.351490020751953,104900,0.0,0.0
2010-10-13 00:00:00-04:00,7.471351026301642,7.651142723997181,7.411420460403129,7.501316547393799,154000,0.0,0.0
2010-10-14 00:00:00-04:00,7.561247361276776,7.571235551111209,7.371466991564402,7.401432037353516,147300,0.0,0.0
2010-10-15 00:00:00-04:00,7.381454956883241,7.381454956883241,7.081802126677322,7.141732692718506,119300,0.0,0.0
2010-10-18 00:00:00-04:00,6.981917736100522,7.091790684355968,6.892022120514999,7.01188325881958,152300,0.0,0.0
2010-10-19 00:00:00-04:00,6.722218547012431,6.762172259447223,6.292715900195501,6.362634658813477,412400,0.0,0.0
2010-10-20 00:00:00-04:00,6.442541828332182,6.662287714299709,6.412576783336666,6.622334003448486,95800,0.0,0.0
2010-10-21 00:00:00-04:00,6.64231049992357,6.74219477165388,6.392599582454908,6.592368125915527,171000,0.0,0.0
2010-10-22 00:00:00-04:00,6.552414773508459,6.662287716528987,6.362634408758748,6.582380294799805,89500,0.0,0.0
2010-10-25 00:00:00-04:00,6.782148810737614,7.411420467722127,6.772160621220898,7.341501235961914,225800,0.0,0.0
2010-10-26 00:00:00-04:00,7.2815709016254315,7.401432037353516,7.0618254861239445,7.401432037353516,113500,0.0,0.0
2010-10-27 00:00:00-04:00,7.321524388756789,7.321524388756789,7.111767169529487,7.1816864013671875,59300,0.0,0.0
2010-10-28 00:00:00-04:00,7.251605739952541,7.421408774710893,7.251605739952541,7.391443729400635,69000,0.0,0.0
2010-10-29 00:00:00-04:00,7.401432018937259,7.6910966677022925,7.36147830712731,7.641154766082764,145200,0.0,0.0
2010-11-01 00:00:00-04:00,7.790981049946628,7.96078407885419,7.761015529383062,7.930819034576416,138100,0.0,0.0
2010-11-02 00:00:00-04:00,7.930819454801644,8.67995179315506,7.321524632201705,8.61003303527832,201500,0.0,0.0
2010-11-03 00:00:00-04:00,8.610033146041095,8.699929237365723,7.870888988038943,8.699929237365723,206300,0.0,0.0
2010-11-04 00:00:00-04:00,9.219327862384578,9.698773384094238,9.179374148289748,9.698773384094238,227600,0.0,0.0
2010-11-05 00:00:00-04:00,9.548946475123955,10.437916784916752,9.40910801003929,9.95847225189209,199000,0.0,0.0
2010-11-08 00:00:00-05:00,10.118287365332868,11.057200077095999,10.028391274857025,11.02723503112793,269000,0.0,0.0
2010-11-09 00:00:00-05:00,11.39680720919132,11.746402908060555,9.818634136288164,9.98843765258789,473500,0.0,0.0
2010-11-10 00:00:00-05:00,10.198194263758355,10.278101683933865,9.479026529607168,10.258125305175781,347700,0.0,0.0
2010-11-11 00:00:00-05:00,10.188206073867697,10.228159785821232,9.938495136015197,10.218171119689941,89200,0.0,0.0
2010-11-12 00:00:00-05:00,9.82862354993995,10.048369461726725,9.568923922607555,9.728738784790039,137600,0.0,0.0
2010-11-15 00:00:00-05:00,9.808645525069247,9.978449042321992,9.419097064077837,9.429084777832031,96100,0.0,0.0
2010-11-16 00:00:00-05:00,9.099466310366804,9.309223538062582,8.440229581200537,9.259282112121582,342900,0.0,0.0
2010-11-17 00:00:00-05:00,9.159397890253693,9.628854751586914,9.149409223453228,9.628854751586914,162800,0.0,0.0
2010-11-18 00:00:00-05:00,10.178217290525428,10.318055757038255,10.048368442600486,10.208183288574219,148600,0.0,0.0
2010-11-19 00:00:00-05:00,10.038379960574623,10.807489159062888,9.89854149149874,10.78751277923584,120300,0.0,0.0
2010-11-22 00:00:00-05:00,10.887396535463473,11.426772124416182,10.867420155724592,11.346864700317383,149300,0.0,0.0
2010-11-23 00:00:00-05:00,11.16707372235896,11.207027435302734,10.867420398994826,11.207027435302734,120700,0.0,0.0
2010-11-24 00:00:00-05:00,11.246981470033928,11.486703754555268,11.207027755947038,11.476715087890625,81200,0.0,0.0
2010-11-26 00:00:00-05:00,11.157085679415133,11.157085679415133,10.61771004824915,11.017247200012207,119800,0.0,0.0
2010-11-29 00:00:00-05:00,11.017246229394337,11.296923163560686,10.957316138195564,11.256969451904297,85900,0.0,0.0
2010-11-30 00:00:00-05:00,11.32688873459399,11.87625300978208,11.21701530801337,11.866264343261719,158200,0.0,0.0
2010-12-01 00:00:00-05:00,12.175904616643908,12.61539639009559,12.135950905654811,12.445592880249023,236500,0.0,0.0
2010-12-02 00:00:00-05:00,12.515511636337042,12.755234854843236,12.435604214358847,12.445592880249023,162500,0.0,0.0
2010-12-03 00:00:00-05:00,12.535488836641692,12.775211100062004,12.405639039146124,12.675326347351074,191300,0.0,0.0
2010-12-06 00:00:00-05:00,12.775211625827094,13.5343331104714,12.655350489184041,13.524344444274902,230800,0.0,0.0
2010-12-07 00:00:00-05:00,14.263487602764082,14.263487602764082,12.885083198547363,12.885083198547363,249400,0.0,0.0
2010-12-08 00:00:00-05:00,12.775211361622363,12.775211361622363,11.846286381135297,12.3756742477417,221800,0.0,0.0
2010-12-09 00:00:00-05:00,12.665339149589347,12.765222953793733,12.235836029052734,12.235836029052734,101300,0.0,0.0
2010-12-10 00:00:00-05:00,12.095997532739961,12.56545436441154,11.486703184983991,12.555465698242188,149800,0.0,0.0
2010-12-13 00:00:00-05:00,13.204715002105505,14.023766594636287,13.01493415098586,13.304598808288574,131200,0.0,0.0
2010-12-14 00:00:00-05:00,13.444436877941634,14.033754841311852,13.384505833966854,13.833986282348633,317400,0.0,0.0
2010-12-15 00:00:00-05:00,13.46441271369111,14.0337542744537,12.555465092694389,12.825153350830078,336800,0.0,0.0
2010-12-16 00:00:00-05:00,12.685315500728864,12.82515396938489,12.175904956951511,12.555465698242188,297200,0.0,0.0
2010-12-17 00:00:00-05:00,12.615396594470367,13.324575690444558,12.545477837249635,12.945014953613281,236900,0.0,0.0
2010-12-20 00:00:00-05:00,12.895072484514705,12.984968573202178,12.425615661686573,12.535489082336426,265300,0.0,0.0
2010-12-21 00:00:00-05:00,12.445593353227377,12.545478110781914,12.145940033135412,12.485547065734863,189000,0.0,0.0
2010-12-22 00:00:00-05:00,12.535489093293965,12.68531527285631,12.295766824965566,12.3756742477417,113900,0.0,0.0
2010-12-23 00:00:00-05:00,12.375674371617759,12.50552417307163,12.155928480498007,12.305754661560059,106100,0.0,0.0
2010-12-27 00:00:00-05:00,12.305753829895545,12.435603622573728,11.786355611754383,12.076020240783691,179800,0.0,0.0
2010-12-28 00:00:00-05:00,12.385661995552926,13.83398618067823,12.36568561608923,13.584275245666504,438200,0.0,0.0
2010-12-29 00:00:00-05:00,13.564298696396996,14.033755548030415,13.41447250777247,13.973824501037598,660800,0.0,0.0
2010-12-30 00:00:00-05:00,14.073708672652236,14.193569809048316,13.534333082584057,13.843974113464355,282400,0.0,0.0
2010-12-31 00:00:00-05:00,14.063719258765403,14.603094820157171,14.023765548757554,14.50321102142334,285500,0.0,0.0
2011-01-03 00:00:00-05:00,14.982656882783527,16.430981143509936,14.842818408951745,15.581963539123535,625500,0.0,0.0
2011-01-04 00:00:00-05:00,15.052575177998776,15.362217163133929,13.564298202275934,14.33340835571289,998100,0.0,0.0
2011-01-05 00:00:00-05:00,13.983812651047998,14.563141956099969,13.664182952418397,14.413315773010254,669500,0.0,0.0
2011-01-06 00:00:00-05:00,14.413316010693727,14.433292390901677,13.254657381482868,13.304598808288574,598900,0.0,0.0
2011-01-07 00:00:00-05:00,12.785199512803594,13.414471156256107,12.785199512803594,13.134794235229492,469000,0.0,0.0
2011-01-10 00:00:00-05:00,13.174749047231593,13.204715046501756,12.635373443800262,12.905061721801758,395500,0.0,0.0
2011-01-11 00:00:00-05:00,13.654194790600382,13.973824501037598,13.394495174584305,13.973824501037598,456600,0.0,0.0
2011-01-12 00:00:00-05:00,14.443280118398846,14.443280118398846,13.843973509972034,14.033754348754883,502400,0.0,0.0
2011-01-13 00:00:00-05:00,13.84397304861118,14.033753881069437,12.765221951450389,13.034910202026367,657100,0.0,0.0
2011-01-14 00:00:00-05:00,12.725269212834638,12.92503777336351,12.355697137713314,12.555465698242188,509600,0.0,0.0
2011-01-18 00:00:00-05:00,12.49553453917361,12.935025334801905,12.38566112583787,12.785199165344238,390600,0.0,0.0
2011-01-19 00:00:00-05:00,13.034910573710878,13.484390051582647,12.535488719948557,12.665338516235352,347100,0.0,0.0
2011-01-20 00:00:00-05:00,11.676483528987594,11.726425909185927,10.737570782059935,11.546634674072266,1155200,0.0,0.0
2011-01-21 00:00:00-05:00,11.53664594555218,11.606564705911294,11.027235384894349,11.05720043182373,402800,0.0,0.0
2011-01-24 00:00:00-05:00,10.91736269395829,11.366842199245509,10.777524223449795,10.877408981323242,631500,0.0,0.0
2011-01-25 00:00:00-05:00,10.597733044094493,10.747560195095883,10.308068361911229,10.477871894836426,638800,0.0,0.0
2011-01-26 00:00:00-05:00,10.58774434696785,11.866264106323465,10.517824635293115,11.84628677368164,560400,0.0,0.0
2011-01-27 00:00:00-05:00,12.215858779428576,12.245824778207378,11.087166164099706,11.356853485107422,894100,0.0,0.0
2011-01-28 00:00:00-05:00,11.24698039148756,12.225846769032323,11.187049349818562,12.185893058776855,656100,0.0,0.0
2011-01-31 00:00:00-05:00,12.31574261360074,12.645360954883753,12.036066647300034,12.245823860168457,656400,0.0,0.0
2011-02-01 00:00:00-05:00,12.635372274500789,13.044898986816406,12.375673639527305,13.044898986816406,456600,0.0,0.0
2011-02-02 00:00:00-05:00,12.945014712381345,13.154771932706314,12.67532644943284,13.004945755004883,398700,0.0,0.0
2011-02-03 00:00:00-05:00,12.974980193781173,13.56429816368417,12.525500692988398,13.444437026977539,600000,0.0,0.0
2011-02-04 00:00:00-05:00,13.654193164555604,13.903904084240128,13.314586161373198,13.434447288513184,576100,0.0,0.0
2011-02-07 00:00:00-05:00,13.58427429208354,13.814007878933213,13.47440087874539,13.504366874694824,297300,0.0,0.0
2011-02-08 00:00:00-05:00,13.784044021552134,13.983812582212266,13.634216886628305,13.843974113464355,488900,0.0,0.0
2011-02-09 00:00:00-05:00,13.903904330987851,13.933869375161736,13.254656309314731,13.454424858093262,453400,0.0,0.0
2011-02-10 00:00:00-05:00,13.184737442649299,13.394494670370676,12.715280608687808,13.20471477508545,436400,0.0,0.0
2011-02-11 00:00:00-05:00,13.11481761932373,13.584274415164645,12.964990495933703,13.11481761932373,348200,0.0,0.0
2011-02-14 00:00:00-05:00,13.294610024643344,13.564297327464514,13.144782898567955,13.214701652526855,344400,0.0,0.0
2011-02-15 00:00:00-05:00,13.724112884912417,13.794032595102687,13.444436901866222,13.514355659484863,309500,0.0,0.0
2011-02-16 00:00:00-05:00,13.504368071616673,13.574286829885965,13.194726087362481,13.444437026977539,301900,0.0,0.0
2011-02-17 00:00:00-05:00,13.674170731114472,13.764066822424558,13.364529697237117,13.694148063659668,482900,0.0,0.0
2011-02-18 00:00:00-05:00,13.79403184790973,14.473244912801839,13.71412347593908,14.173591613769531,1125000,0.0,0.0
2011-02-22 00:00:00-05:00,14.772899289164837,15.1724364152969,14.473245968279967,14.58311939239502,999700,0.0,0.0
2011-02-23 00:00:00-05:00,14.593107376542612,15.40217126266726,14.573130996151653,15.332252502441406,689700,0.0,0.0
2011-02-24 00:00:00-05:00,15.322262566438086,15.332251232091789,13.823997010959602,14.103672981262207,1030300,0.0,0.0
2011-02-25 00:00:00-05:00,14.283465934314062,14.912737616356493,14.283465934314062,14.81285285949707,451900,0.0,0.0
2011-02-28 00:00:00-05:00,14.9826562173051,15.332251910070871,14.942702505495152,15.282309532165527,707100,0.0,0.0
2011-03-01 00:00:00-05:00,15.781731563902527,16.42099191182632,15.781731563902527,16.26117706298828,1195500,0.0,0.0
2011-03-02 00:00:00-05:00,16.43097925042618,17.21007609927609,15.931556459302373,16.470932006835938,2052200,0.0,0.0
2011-03-03 00:00:00-05:00,16.351073034278915,16.470933217461113,16.021454672812975,16.251188278198242,742200,0.0,0.0
2011-03-04 00:00:00-05:00,16.480921922063125,17.230054736702357,16.33109574016393,17.22006607055664,1029500,0.0,0.0
2011-03-07 00:00:00-05:00,18.168968807628247,18.518564510040406,17.609614921711465,18.05909538269043,1837600,0.0,0.0
2011-03-08 00:00:00-05:00,17.669545169369545,18.358745934398627,17.10020457863112,18.228897094726562,1247100,0.0,0.0
2011-03-09 00:00:00-05:00,18.46861984015139,18.77826085464631,17.75944172547865,17.949220657348633,1124100,0.0,0.0
2011-03-10 00:00:00-05:00,16.880458526337513,16.880458526337513,15.671857584216125,15.891603469848633,2286800,0.0,0.0
2011-03-11 00:00:00-05:00,15.092527178392292,16.89044593531113,14.982654720037766,16.271163940429688,1349100,0.0,0.0
2011-03-14 00:00:00-04:00,16.40101409021753,16.80055120039502,15.861638515192114,16.38103675842285,861800,0.0,0.0
2011-03-15 00:00:00-04:00,14.203557930235823,15.182424316197338,14.163604219636813,15.002633094787598,1479400,0.0,0.0
2011-03-16 00:00:00-04:00,15.152459259758034,16.03144089226141,14.832829575211353,15.242355346679688,1119800,0.0,0.0
2011-03-17 00:00:00-04:00,15.581963928065894,16.39102688649114,15.472090498537055,16.181270599365234,1008800,0.0,0.0
2011-03-18 00:00:00-04:00,16.7006664115356,17.1601355161334,16.680690984926038,17.02029800415039,960400,0.0,0.0
2011-03-21 00:00:00-04:00,17.859325131536124,18.528550509742157,17.7294762843364,18.478609085083008,1736100,0.0,0.0
2011-03-22 00:00:00-04:00,18.34875893350903,18.618445274697525,17.98917460506691,18.208919525146484,1084000,0.0,0.0
2011-03-23 00:00:00-04:00,18.208920994356678,19.727163942343577,18.089060811966963,19.29766082763672,1807200,0.0,0.0
2011-03-24 00:00:00-04:00,19.926933277959137,20.466307904256436,19.677222344175906,20.086748123168945,3108500,0.0,0.0
2011-03-25 00:00:00-04:00,20.3264694305787,20.476295602740862,19.667232748950692,19.84702491760254,1582400,0.0,0.0
2011-03-28 00:00:00-04:00,19.377569178934483,19.926934407483362,19.22774299120055,19.537384033203125,1071000,0.0,0.0
2011-03-29 00:00:00-04:00,19.287671431578325,19.80707061599081,19.177799919403387,19.717174530029297,728600,0.0,0.0
2011-03-30 00:00:00-04:00,20.236576031777346,20.576183083155968,19.867002979932355,20.55620574951172,1018600,0.0,0.0
2011-03-31 00:00:00-04:00,20.89581105903178,21.345291502842024,20.726007547497158,21.21544075012207,1234700,0.0,0.0
2011-04-01 00:00:00-04:00,20.716019088811848,21.72485150212544,20.506262816363538,21.5550479888916,1003900,0.0,0.0
2011-04-04 00:00:00-04:00,22.573869039753685,23.57271278571497,22.404065526734534,23.482816696166992,2254000,0.0,0.0
2011-04-05 00:00:00-04:00,23.542746860295523,25.760181202479146,23.472828102684915,25.58038902282715,3283000,0.0,0.0
2011-04-06 00:00:00-04:00,26.439392498450562,26.848918269936497,24.231948798740692,25.35065269470215,5094500,0.0,0.0
2011-04-07 00:00:00-04:00,24.751350450108767,25.96993921996311,24.561569591599657,25.24078369140625,1933200,0.0,0.0
2011-04-08 00:00:00-04:00,26.109773684332097,26.109773684332097,23.632641767845524,24.511625289916992,3326300,0.0,0.0
2011-04-11 00:00:00-04:00,24.531602847676695,24.601521607865088,22.12438947612678,22.593847274780273,3601300,0.0,0.0
2011-04-12 00:00:00-04:00,22.533913315164746,22.673752728516916,20.366422412209353,20.506261825561523,4741700,0.0,0.0
2011-04-13 00:00:00-04:00,21.31532594329091,23.602677157916965,21.285359944706137,23.023347854614258,4967500,0.0,0.0
2011-04-14 00:00:00-04:00,23.472826476221908,24.331832650529446,22.713705050926915,23.992225646972656,3542400,0.0,0.0
2011-04-15 00:00:00-04:00,24.371785287738597,24.771322376689763,23.183160781108647,23.662607192993164,2844800,0.0,0.0
2011-04-18 00:00:00-04:00,23.40290957880026,23.40290957880026,21.105567789954673,22.703718185424805,2963300,0.0,0.0
2011-04-19 00:00:00-04:00,22.773637300106653,23.063302909225772,22.174332559427512,22.733684539794922,1615700,0.0,0.0
2011-04-20 00:00:00-04:00,23.562726360330494,24.022193612696864,23.33299273414731,23.67259979248047,1995200,0.0,0.0
2011-04-21 00:00:00-04:00,23.942283429239712,24.022190851123565,22.973405700755077,23.28304672241211,1805900,0.0,0.0
2011-04-25 00:00:00-04:00,23.872366414854554,23.97225117578232,21.834726055587602,22.13437843322754,2297700,0.0,0.0
2011-04-26 00:00:00-04:00,21.225430941592922,21.29534970340111,20.446332084708718,20.53622817993164,2500000,0.0,0.0
2011-04-27 00:00:00-04:00,20.87583287541604,22.65377534100306,20.476295777852428,22.424041748046875,3057000,0.0,0.0
2011-04-28 00:00:00-04:00,22.593846679503702,22.70371819755784,21.195463892005485,21.255395889282227,2731800,0.0,0.0
2011-04-29 00:00:00-04:00,21.215443422684533,21.425201624600824,20.785940256747654,20.95574378967285,1362700,0.0,0.0
2011-05-02 00:00:00-04:00,19.847026456882197,20.30649367450022,18.58848308385332,18.688365936279297,3353000,0.0,0.0
2011-05-03 00:00:00-04:00,18.208919522452124,18.35874569089981,17.120179777179555,17.729475021362305,4513300,0.0,0.0
2011-05-04 00:00:00-04:00,17.80938488422565,18.638425162319304,17.27999698418287,18.258865356445312,3428400,0.0,0.0
2011-05-05 00:00:00-04:00,17.579651339627194,18.30880685965284,16.540852868513923,16.8105411529541,3819700,0.0,0.0
2011-05-06 00:00:00-04:00,17.619603571588655,19.46746493534316,17.449800053727035,18.218910217285156,4577300,0.0,0.0
2011-05-09 00:00:00-04:00,19.38755653404648,19.91694439371683,18.95805342782342,19.747140884399414,3023700,0.0,0.0
2011-05-10 00:00:00-04:00,20.00684181463449,20.186632096649628,19.597316012837222,19.69719886779785,2160000,0.0,0.0
2011-05-11 00:00:00-04:00,19.15782416760849,19.30765035484978,17.77941867264459,18.079072952270508,2499500,0.0,0.0
2011-05-12 00:00:00-04:00,17.24004351216975,19.04795018285652,17.090217329320485,18.67837905883789,2779800,0.0,0.0
2011-05-13 00:00:00-04:00,18.96804408099888,19.167813608823657,17.55967443475007,17.979188919067383,1955000,0.0,0.0
2011-05-16 00:00:00-04:00,17.96919863729675,18.568505261768887,17.03028498912851,17.200088500976562,2257500,0.0,0.0
2011-05-17 00:00:00-04:00,16.970353721776466,17.27000796581101,16.091372130589967,16.940387725830078,2647400,0.0,0.0
2011-05-18 00:00:00-04:00,17.39985645381816,17.92924427400575,17.110190880939175,17.709497451782227,1562900,0.0,0.0
2011-05-19 00:00:00-04:00,17.82935927605182,17.85932336582754,17.130167969091733,17.369890213012695,1255000,0.0,0.0
2011-05-20 00:00:00-04:00,17.279997249971885,18.019143350133998,16.920414771808662,17.959211349487305,1387400,0.0,0.0
2011-05-23 00:00:00-04:00,17.79939580669897,18.158980176173554,17.559673528763682,17.739465713500977,773400,0.0,0.0
2011-05-24 00:00:00-04:00,18.398703209767717,19.387558361293095,18.238888351247056,19.257709503173828,2270000,0.0,0.0
2011-05-25 00:00:00-04:00,19.65724408345413,20.15666592742342,19.377567164979794,19.84702491760254,2379500,0.0,0.0
2011-05-26 00:00:00-04:00,19.597315645043835,19.87699068191413,19.107880520234215,19.827049255371094,1813300,0.0,0.0
2011-05-27 00:00:00-04:00,20.176646655884,20.59616115166435,20.166657988705484,20.456321716308594,1038000,0.0,0.0
2011-05-31 00:00:00-04:00,21.175488714903764,21.23541880774528,20.63611216390021,21.115556716918945,1139700,0.0,0.0
2011-06-01 00:00:00-04:00,20.686052586236553,21.095580265346346,20.036804547397573,20.226585388183594,1704800,0.0,0.0
2011-06-02 00:00:00-04:00,20.026815916942468,20.45631902335989,19.25770769687975,19.587326049804688,1303100,0.0,0.0
2011-06-03 00:00:00-04:00,19.1977754752555,19.657244573844075,18.97803054427856,19.407533645629883,1092800,0.0,0.0
2011-06-06 00:00:00-04:00,19.597314894768378,19.876989920931425,18.438654410867073,18.638423919677734,1258600,0.0,0.0
2011-06-07 00:00:00-04:00,18.868158976219785,19.09789450061097,18.278840975440886,18.598472595214844,864700,0.0,0.0
2011-06-08 00:00:00-04:00,18.059094947667084,18.3587473110059,17.419835556467874,17.539695739746094,1360100,0.0,0.0
2011-06-09 00:00:00-04:00,17.86931412868869,18.768275030360655,17.65955785506074,18.66839027404785,978100,0.0,0.0
2011-06-10 00:00:00-04:00,18.308804515132337,18.308804515132337,17.599626419243698,17.90926742553711,1082500,0.0,0.0
2011-06-13 00:00:00-04:00,17.749452341728453,17.84933708901759,16.19125485636134,16.45095443725586,2053700,0.0,0.0
2011-06-14 00:00:00-04:00,16.610771907419135,17.579651633223946,16.530864477933076,17.3199520111084,1136400,0.0,0.0
2011-06-15 00:00:00-04:00,16.99033346190157,17.589640129818584,16.590796318338022,16.82052993774414,1182200,0.0,0.0
2011-06-16 00:00:00-04:00,16.710654869595892,16.970354463722693,16.021454078985013,16.361059188842773,1067700,0.0,0.0
2011-06-17 00:00:00-04:00,16.31111647201934,16.920411698592076,16.27116371732146,16.73063087463379,1096300,0.0,0.0
2011-06-20 00:00:00-04:00,16.63074886696535,16.91042581644689,16.460945344984303,16.640737533569336,803400,0.0,0.0
2011-06-21 00:00:00-04:00,16.86048096257177,18.47860860873479,16.86048096257177,18.43865394592285,1964700,0.0,0.0
2011-06-22 00:00:00-04:00,18.518562675358037,19.027971273808014,18.17895567296264,18.228897094726562,1326100,0.0,0.0
2011-06-23 00:00:00-04:00,17.3798793616214,18.448641776605143,17.030283698413037,18.36873435974121,1257000,0.0,0.0
2011-06-24 00:00:00-04:00,18.288827796831352,18.37872388314365,17.689521189797095,17.799394607543945,865300,0.0,0.0
2011-06-27 00:00:00-04:00,17.25003111136685,17.709498297703053,17.060250275420387,17.299972534179688,996300,0.0,0.0
2011-06-28 00:00:00-04:00,17.549683329419054,17.999163752000438,17.32993840345879,17.76943016052246,784200,0.0,0.0
2011-06-29 00:00:00-04:00,18.23888647240385,18.528550159204638,17.859324793659532,18.288827896118164,873400,0.0,0.0
2011-06-30 00:00:00-04:00,18.578495046503622,18.698355235529636,18.258865335576456,18.41868019104004,867000,0.0,0.0
2011-07-01 00:00:00-04:00,18.178957712145817,18.178957712145817,17.729477245278602,18.079072952270508,460800,0.0,0.0
2011-07-05 00:00:00-04:00,18.898124258450615,19.80707193932894,18.79823950013736,19.667234420776367,1755500,0.0,0.0
2011-07-06 00:00:00-04:00,20.12669968534861,20.30649185180664,19.747139926826303,20.30649185180664,1632300,0.0,0.0
2011-07-07 00:00:00-04:00,20.78593984721,20.83588318246485,20.316483926675016,20.596160888671875,1407300,0.0,0.0
2011-07-08 00:00:00-04:00,20.626123179377323,20.79592669409487,20.256552056555364,20.765962600708008,1399700,0.0,0.0
2011-07-11 00:00:00-04:00,20.775949819751215,20.935764671815203,19.69719861574766,19.837038040161133,1431600,0.0,0.0
2011-07-12 00:00:00-04:00,19.357591528891614,20.765963004930377,18.97803173250458,20.316482543945312,1539100,0.0,0.0
2011-07-13 00:00:00-04:00,21.2553976845446,22.304182958606944,21.08559415487186,21.894657135009766,2513000,0.0,0.0
2011-07-14 00:00:00-04:00,22.74367192267088,23.063301607700392,21.98455046815419,22.144365310668945,2516200,0.0,0.0
2011-07-15 00:00:00-04:00,22.07444746963882,22.663765440252995,21.9745627126436,22.543903350830078,1099500,0.0,0.0
2011-07-18 00:00:00-04:00,23.362954537572715,24.44170570373535,23.133220933932353,24.44170570373535,3243100,0.0,0.0
2011-07-19 00:00:00-04:00,24.59153397441776,25.05100118515741,23.173175772568666,23.652620315551758,3503800,0.0,0.0
2011-07-20 00:00:00-04:00,22.91347553615277,24.731370806959198,22.753660692904507,24.72138214111328,2357700,0.0,0.0
2011-07-21 00:00:00-04:00,24.701406498463253,25.40059791434139,24.072135748287604,24.54159164428711,2232200,0.0,0.0
2011-07-22 00:00:00-04:00,24.99107075281911,25.24078168702759,24.771323911423973,24.911163330078125,1189500,0.0,0.0
2011-07-25 00:00:00-04:00,25.340665356503735,25.530444286671607,24.62149667749066,24.66145133972168,1694800,0.0,0.0
2011-07-26 00:00:00-04:00,23.90233085311849,24.501637474388563,23.80244609871627,24.26191520690918,1276200,0.0,0.0
2011-07-27 00:00:00-04:00,24.501637069744167,24.651463246301496,22.264227371744166,22.623809814453125,2390500,0.0,0.0
2011-07-28 00:00:00-04:00,22.184320053311403,22.733685290601798,21.86469033968816,22.47398567199707,1528800,0.0,0.0
2011-07-29 00:00:00-04:00,22.503950130286206,22.633798978120673,21.7648059918869,22.344135284423828,901200,0.0,0.0
2011-08-01 00:00:00-04:00,22.134378624986535,23.073292337612333,22.02450519649978,22.47398567199707,966400,0.0,0.0
2011-08-02 00:00:00-04:00,23.253085276201762,24.082125587023114,22.77363878519275,23.832414627075195,1533700,0.0,0.0
2011-08-03 00:00:00-04:00,24.31185651240952,24.871208467120564,23.802445982083253,24.25192642211914,1935000,0.0,0.0
2011-08-04 00:00:00-04:00,24.441705564136647,24.48166022809455,21.00568447977278,21.21544075012207,2586600,0.0,0.0
2011-08-05 00:00:00-04:00,20.536226160236904,21.265383517016552,19.00799650203215,20.366422653198242,2470500,0.0,0.0
2011-08-08 00:00:00-04:00,20.6061466493699,20.646101315632468,18.738309819891782,19.057939529418945,1835000,0.0,0.0
2011-08-09 00:00:00-04:00,18.548527884634815,19.607301712036133,18.22889819373202,19.607301712036133,2339400,0.0,0.0
2011-08-10 00:00:00-04:00,19.916943645132218,21.96457244069627,19.237729633391027,21.285358428955078,2272000,0.0,0.0
2011-08-11 00:00:00-04:00,21.10556882336755,21.225430918582628,19.91694606363015,20.696043014526367,2268900,0.0,0.0
2011-08-12 00:00:00-04:00,20.59615743224305,20.78593635893264,19.976873515014624,20.30649185180664,1233800,0.0,0.0
2011-08-15 00:00:00-04:00,20.646100432209064,21.754817606691084,20.316482070220257,21.724851608276367,1059500,0.0,0.0
2011-08-16 00:00:00-04:00,21.365266963525926,21.86468883293153,20.586170066544856,20.73599624633789,1460400,0.0,0.0
2011-08-17 00:00:00-04:00,21.325314674969295,21.614978374938477,20.566193188113463,20.93576431274414,747200,0.0,0.0
2011-08-18 00:00:00-04:00,20.726006509346238,21.18547369098834,19.63726673788961,20.646099090576172,1375700,0.0,0.0
2011-08-19 00:00:00-04:00,21.255393861681767,21.81474578023723,20.955739619312588,21.085590362548828,1568400,0.0,0.0
2011-08-22 00:00:00-04:00,21.724850627094995,22.70371700271365,21.5750244520747,22.44401741027832,1703100,0.0,0.0
2011-08-23 00:00:00-04:00,22.06445836060634,22.773636501267436,21.82473609171485,22.18431854248047,1643900,0.0,0.0
2011-08-24 00:00:00-04:00,21.984550277108095,22.024503034817997,20.33645853728212,21.00568389892578,1349600,0.0,0.0
2011-08-25 00:00:00-04:00,20.88582293202617,22.573869424944988,20.84587017218047,21.744829177856445,1356600,0.0,0.0
2011-08-26 00:00:00-04:00,21.90464395428993,22.58385801568548,21.14552246832687,22.543903350830078,1052300,0.0,0.0
2011-08-29 00:00:00-04:00,22.563880187780462,23.163186811448394,21.974562230107043,22.823579788208008,1491500,0.0,0.0
2011-08-30 00:00:00-04:00,23.173174247120603,24.381774191140114,23.143208250728044,24.162029266357422,1588900,0.0,0.0
2011-08-31 00:00:00-04:00,24.34182313072766,24.5216134061826,23.552735650356265,23.98223876953125,1355800,0.0,0.0
2011-09-01 00:00:00-04:00,23.982239733258123,24.471672963919307,23.692574118400067,23.902332305908203,993700,0.0,0.0
2011-09-02 00:00:00-04:00,24.421729207237146,24.97109247973403,24.062144865883162,24.351808547973633,1523400,0.0,0.0
2011-09-06 00:00:00-04:00,24.132064393837492,24.45169408300463,22.663764794797252,23.29303550720215,1701300,0.0,0.0
2011-09-07 00:00:00-04:00,22.70372004747093,23.67259979248047,22.573871186411047,23.67259979248047,1078100,0.0,0.0
2011-09-08 00:00:00-04:00,24.11208788650743,24.211972644073594,23.372943728747103,23.682584762573242,1166600,0.0,0.0
2011-09-09 00:00:00-04:00,23.342980599997695,23.4928067899686,22.404066888293514,22.633800506591797,1046600,0.0,0.0
2011-09-12 00:00:00-04:00,21.37525525299999,21.63495484913341,19.717174828192405,20.8658447265625,2833600,0.0,0.0
2011-09-13 00:00:00-04:00,21.435187278779942,21.724852898562936,20.925778611477742,21.02566146850586,1042100,0.0,0.0
2011-09-14 00:00:00-04:00,20.845870654285722,20.97571950821638,19.54737258926252,20.496274948120117,2092600,0.0,0.0
2011-09-15 00:00:00-04:00,20.196620843082922,20.396390364081256,19.577338757246114,20.026817321777344,1805800,0.0,0.0
2011-09-16 00:00:00-04:00,20.27652656681641,21.08559134425289,20.22658514333459,20.366422653198242,2227300,0.0,0.0
2011-09-19 00:00:00-04:00,20.496272683639354,20.556202770744324,19.817058679305955,20.30649185180664,1484500,0.0,0.0
2011-09-20 00:00:00-04:00,20.276528193549932,21.415211410692343,20.14667933899384,20.666078567504883,1617900,0.0,0.0
2011-09-21 00:00:00-04:00,20.755973501913733,21.39523288275297,19.986863368627006,20.086748123168945,1593600,0.0,0.0
2011-09-22 00:00:00-04:00,18.85816986818397,18.85816986818397,17.559673706598236,18.238887786865234,2322400,0.0,0.0
2011-09-23 00:00:00-04:00,16.870470521230484,17.93923304115816,16.720644338041765,16.910425186157227,1669600,0.0,0.0
2011-09-26 00:00:00-04:00,16.171280462741645,17.030284771889058,16.171280462741645,16.86048126220703,2652900,0.0,0.0
2011-09-27 00:00:00-04:00,18.18894382497181,18.278839915139976,17.120181314242757,17.22006607055664,1532500,0.0,0.0
2011-09-28 00:00:00-04:00,17.250032448510012,17.539696152535544,15.74177811990288,15.88161563873291,2139600,0.0,0.0
2011-09-29 00:00:00-04:00,16.48092130664344,16.720643569759254,15.232366662200759,15.641892433166504,1806000,0.0,0.0
2011-09-30 00:00:00-04:00,15.202401996099637,15.991488512938288,15.002633438527502,15.192413330078125,1252400,0.0,0.0
2011-10-03 00:00:00-04:00,15.671858016297241,15.83167381643629,14.8328300665683,14.882771492004395,1435400,0.0,0.0
2011-10-04 00:00:00-04:00,14.463256979237922,14.483234311384557,13.33456438495857,14.153615951538086,1900000,0.0,0.0
2011-10-05 00:00:00-04:00,14.123650158844661,15.691834451687432,13.893915614167884,15.611927032470703,1287400,0.0,0.0
2011-10-06 00:00:00-04:00,15.611927676557364,16.84050596470113,15.601939010600287,16.710655212402344,1880800,0.0,0.0
2011-10-07 00:00:00-04:00,17.05026254336761,17.299973481390317,15.651881671469095,15.931557655334473,1525000,0.0,0.0
2011-10-10 00:00:00-04:00,16.660713787760184,16.740621210273577,16.32110676579245,16.710655212402344,741400,0.0,0.0
2011-10-11 00:00:00-04:00,16.490911304382077,17.060251963410504,16.151304261252253,16.96036720275879,945800,0.0,0.0
2011-10-12 00:00:00-04:00,17.589638988853125,17.649569080214402,16.98034369372651,17.050262451171875,1232100,0.0,0.0
2011-10-13 00:00:00-04:00,16.82052840157136,16.83051706739113,16.051418279737636,16.53086280822754,1073400,0.0,0.0
2011-10-14 00:00:00-04:00,17.16013552319231,17.22006561333208,16.60078356988696,16.86048126220703,905700,0.0,0.0
2011-10-17 00:00:00-04:00,16.800549601171234,16.840504260957356,15.981498126986082,16.091371536254883,857600,0.0,0.0
2011-10-18 00:00:00-04:00,15.66187073379518,16.73063327074523,15.102517799343213,16.61077117919922,1013400,0.0,0.0
2011-10-19 00:00:00-04:00,16.331095894101757,16.43098065135716,15.33225213183429,15.462100982666016,999400,0.0,0.0
2011-10-20 00:00:00-04:00,15.20240175809344,15.721799999649383,14.663026184807235,15.172435760498047,1453400,0.0,0.0
2011-10-21 00:00:00-04:00,15.751765866907734,15.821684622241902,15.162447921743755,15.32226276397705,669700,0.0,0.0
2011-10-24 00:00:00-04:00,15.532020498727,16.480921870450747,15.502055452955327,16.41100311279297,878200,0.0,0.0
2011-10-25 00:00:00-04:00,16.411002834157493,17.369891903143472,15.661870034583487,17.030284881591797,1227100,0.0,0.0
2011-10-26 00:00:00-04:00,17.599626661646425,17.92924500324527,16.80055056630703,17.449798583984375,1279400,0.0,0.0
2011-10-27 00:00:00-04:00,17.979187588847257,18.49858679864834,17.659557892090675,18.18894386291504,1281600,0.0,0.0
2011-10-28 00:00:00-04:00,17.989175550951227,18.608457587893753,17.879302132562664,18.129013061523438,838800,0.0,0.0
2011-10-31 00:00:00-04:00,17.759441759824487,17.759441759824487,16.990331649780273,16.990331649780273,856300,0.0,0.0
2011-11-01 00:00:00-04:00,15.981500533944109,17.140159170243592,15.402171215794368,16.780574798583984,1472100,0.0,0.0
2011-11-02 00:00:00-04:00,17.260020477039312,17.609614261195304,17.03028496940978,17.51972007751465,855300,0.0,0.0
2011-11-03 00:00:00-04:00,18.049107050819384,18.318795332404832,17.329940205068194,18.248876571655273,966500,0.0,0.0
2011-11-04 00:00:00-04:00,18.1290128342954,18.258863582607646,17.399857388103502,17.789405822753906,752600,0.0,0.0
2011-11-07 00:00:00-05:00,18.09904883773729,18.468619943031804,17.849337910592226,18.43865394592285,866000,0.0,0.0
2011-11-08 00:00:00-05:00,18.49858715998174,18.958054381758295,18.08906136487018,18.218910217285156,977700,0.0,0.0
2011-11-09 00:00:00-05:00,17.699510137455885,18.158979242053686,16.870469921147777,17.02029800415039,1241000,0.0,0.0
2011-11-10 00:00:00-05:00,17.030283690565238,17.469775435685882,16.371047025455812,16.930400848388672,928900,0.0,0.0
2011-11-11 00:00:00-05:00,17.260021091278578,17.519720700995947,17.1101930011446,17.250032424926758,708300,0.0,0.0
2011-11-14 00:00:00-05:00,17.15014527724824,17.15014527724824,16.600782040436883,16.73063087463379,551300,0.0,0.0
2011-11-15 00:00:00-05:00,16.73063268682114,16.96036629036102,16.321106904808918,16.40101432800293,982500,0.0,0.0
2011-11-16 00:00:00-05:00,16.221223337816816,16.74062257919813,16.131327241995304,16.34108543395996,739100,0.0,0.0
2011-11-17 00:00:00-05:00,16.02145500952754,16.151303861561097,15.122495043623395,15.232367515563965,1337800,0.0,0.0
2011-11-18 00:00:00-05:00,15.502055556823796,15.641893073076305,14.92272530173612,15.132482528686523,1034000,0.0,0.0
2011-11-21 00:00:00-05:00,14.70297993195874,14.712967645276898,13.993800847502651,14.53317642211914,1163000,0.0,0.0
2011-11-22 00:00:00-05:00,14.683002219086038,15.26233148965366,14.543164710545183,15.142470359802246,824300,0.0,0.0
2011-11-23 00:00:00-05:00,14.722956329405218,14.76291004044217,14.153615708985747,14.213545799255371,891000,0.0,0.0
2011-11-25 00:00:00-05:00,14.053731202085364,14.413315560308815,13.863951309467584,14.073708534240723,387200,0.0,0.0
2011-11-28 00:00:00-05:00,15.17243541478214,15.18242408041967,14.683002229402105,14.822840690612793,617800,0.0,0.0
2011-11-29 00:00:00-05:00,14.722956292620024,15.22237815561993,14.69299124756008,14.852806091308594,528600,0.0,0.0
2011-11-30 00:00:00-05:00,15.542009290645469,16.27116572918357,15.512043292059609,16.26117706298828,892400,0.0,0.0
2011-12-01 00:00:00-05:00,16.450955612948004,16.960366145899606,16.28115210196414,16.710655212402344,852500,0.0,0.0
2011-12-02 00:00:00-05:00,17.190100860785073,17.190100860785073,16.401015250503743,16.640737533569336,942700,0.0,0.0
2011-12-05 00:00:00-05:00,16.670700790015452,17.13016794732778,16.510885960937856,16.73063087463379,748200,0.0,0.0
2011-12-06 00:00:00-05:00,16.470933759178948,16.99033298376653,16.121338053970256,16.780574798583984,790000,0.0,0.0
2011-12-07 00:00:00-05:00,16.780575793978077,16.88046055926888,16.231212442593815,16.54085350036621,546300,0.0,0.0
2011-12-08 00:00:00-05:00,16.291140339963125,16.500898509265088,15.551996224845276,15.711811065673828,968100,0.0,0.0
2011-12-09 00:00:00-05:00,16.58080541833539,16.8205276721853,16.081383579862294,16.79056167602539,1163000,0.0,0.0
2011-12-12 00:00:00-05:00,15.891604263697605,16.29114139155918,15.791720458018037,16.281152725219727,808300,0.0,0.0
2011-12-13 00:00:00-05:00,16.27116542798158,16.560829121709716,15.282309402100955,15.432135581970215,815100,0.0,0.0
2011-12-14 00:00:00-05:00,14.712967640567372,14.952690858986998,14.143627021035433,14.613083839416504,1522800,0.0,0.0
2011-12-15 00:00:00-05:00,15.452112413596117,16.37104774764564,15.302285286007177,16.03144073486328,4405500,0.0,0.0
2011-12-16 00:00:00-05:00,16.2911393813509,17.07023811340332,16.181267875460875,17.07023811340332,7863100,0.0,0.0
2011-12-19 00:00:00-05:00,16.55084143927682,16.890448483238917,16.281153156399267,16.640737533569336,1600700,0.0,0.0
2011-12-20 00:00:00-05:00,16.950378496175833,17.41983629858796,16.810540974679462,17.279996871948242,1073500,0.0,0.0
2011-12-21 00:00:00-05:00,16.97035291484668,17.539693474754483,16.840504082206113,17.509729385375977,986300,0.0,0.0
2011-12-22 00:00:00-05:00,16.950376622903445,17.529705883119515,16.950376622903445,17.439809799194336,1012800,0.0,0.0
2011-12-23 00:00:00-05:00,17.609614261195304,17.75944234599729,17.240043145046617,17.51972007751465,462500,0.0,0.0
2011-12-27 00:00:00-05:00,17.379881652681327,17.439811746943636,16.910425754863752,17.120182037353516,403900,0.0,0.0
2011-12-28 00:00:00-05:00,17.100206715184697,17.120182143300184,16.201245769970157,16.321107864379883,711600,0.0,0.0
2011-12-29 00:00:00-05:00,16.041428233522257,16.930400363552305,15.851648362135492,16.73063087463379,781600,0.0,0.0
2011-12-30 00:00:00-05:00,16.88046003299283,16.940390128241514,16.55084165140998,16.82052993774414,678100,0.0,0.0
2012-01-03 00:00:00-05:00,17.449800587660462,17.77941896710779,17.379881826132753,17.619604110717773,720800,0.0,0.0
2012-01-04 00:00:00-05:00,17.429822449160387,17.95920836420491,17.389867788704084,17.709497451782227,577900,0.0,0.0
2012-01-05 00:00:00-05:00,17.37988131060813,18.218910234339994,17.220066458958566,18.05909538269043,812400,0.0,0.0
2012-01-06 00:00:00-05:00,18.10903726227652,18.348761450889242,17.899280978669584,18.258865356445312,934000,0.0,0.0
2012-01-09 00:00:00-05:00,18.20892024003136,18.428667073881325,17.859324563114466,18.26885223388672,677400,0.0,0.0
2012-01-10 00:00:00-05:00,18.95805301137978,18.978030342659046,18.368735074643652,18.428667068481445,716700,0.0,0.0
2012-01-11 00:00:00-05:00,18.318794229695264,18.74829734003792,18.208920809335076,18.638423919677734,538100,0.0,0.0
2012-01-12 00:00:00-05:00,18.958053609660205,18.958053609660205,18.538539165272404,18.638423919677734,527300,0.0,0.0
2012-01-13 00:00:00-05:00,18.19893110106498,18.248874427978834,17.589637753860927,17.90926742553711,829500,0.0,0.0
2012-01-17 00:00:00-05:00,18.228900172178616,18.43865646517045,17.50973328959362,17.679536819458008,607200,0.0,0.0
2012-01-18 00:00:00-05:00,17.619603621961677,17.819373139479406,17.489754769175473,17.739465713500977,535000,0.0,0.0
2012-01-19 00:00:00-05:00,17.709499025048846,17.829361111922925,17.100205640106722,17.35990333557129,798400,0.0,0.0
2012-01-20 00:00:00-05:00,17.27999577689753,17.78940630810818,17.170124262031624,17.669546127319336,832900,0.0,0.0
2012-01-23 00:00:00-05:00,17.87930296355902,18.318794752396826,17.749454112727292,18.03911781311035,717500,0.0,0.0
2012-01-24 00:00:00-05:00,17.879301431916478,18.06908226392971,17.55967176019511,17.589637756347656,571500,0.0,0.0
2012-01-25 00:00:00-05:00,17.4398102160787,19.227741366726114,17.140157865927254,19.07791519165039,1382700,0.0,0.0
2012-01-26 00:00:00-05:00,19.447488902550745,20.006842825332875,19.25770994442369,19.457477569580078,1209200,0.0,0.0
2012-01-27 00:00:00-05:00,19.40753405826464,20.48628521488017,19.367579394432138,20.4063777923584,976400,0.0,0.0
2012-01-30 00:00:00-05:00,19.747140974506188,20.39638901716124,19.747140974506188,20.236574172973633,912700,0.0,0.0
2012-01-31 00:00:00-05:00,20.775947931648854,21.17548693064233,20.346446746474207,20.646099090576172,1122300,0.0,0.0
2012-02-01 00:00:00-05:00,21.015672093102197,21.145520934174876,20.516250249503493,20.646099090576172,619100,0.0,0.0
2012-02-02 00:00:00-05:00,20.765962506282715,20.935764115084883,20.276527391565743,20.436342239379883,549300,0.0,0.0
2012-02-03 00:00:00-05:00,20.096735956280654,20.276526220833325,19.737151616889,20.016828536987305,691800,0.0,0.0
2012-02-06 00:00:00-05:00,19.697199199879904,20.08674958033862,19.597316343235313,19.886980056762695,514000,0.0,0.0
2012-02-07 00:00:00-05:00,19.847027856348316,20.446332633735896,19.647258327123506,20.096738815307617,486100,0.0,0.0
2012-02-08 00:00:00-05:00,20.126699445254296,20.286514279056508,19.557358861691025,19.647254943847656,515900,0.0,0.0
2012-02-09 00:00:00-05:00,20.006839023105282,20.15666518978451,19.2976590399471,19.307647705078125,587600,0.0,0.0
2012-02-10 00:00:00-05:00,18.938077904714827,19.277684955782544,18.728321617072446,19.0978946685791,506400,0.0,0.0
2012-02-13 00:00:00-05:00,19.30765069519596,19.44748821840038,18.988020982075362,19.23773193359375,335500,0.0,0.0
2012-02-14 00:00:00-05:00,19.107879164230848,19.397544752025404,18.738308061695303,19.06792640686035,412500,0.0,0.0
2012-02-15 00:00:00-05:00,19.44748821840038,19.577338980070227,19.137847171957723,19.23773193359375,677200,0.0,0.0
2012-02-16 00:00:00-05:00,18.978030296637314,19.95689666522951,18.898122876857197,19.867000579833984,603700,0.0,0.0
2012-02-17 00:00:00-05:00,19.966886564914713,20.046793989633574,19.427511924348238,19.487442016601562,360900,0.0,0.0
2012-02-21 00:00:00-05:00,19.787094708176564,20.116713078701448,19.69719861574766,19.837038040161133,485800,0.0,0.0
2012-02-22 00:00:00-05:00,19.69719775047735,20.416366458316524,19.69719775047735,20.4063777923584,682300,0.0,0.0
2012-02-23 00:00:00-05:00,20.536226618821285,20.925776970222472,20.406377771783042,20.72600746154785,761500,0.0,0.0
2012-02-24 00:00:00-05:00,20.74598660884528,20.86584680042397,20.306494794388815,20.55620574951172,477100,0.0,0.0
2012-02-27 00:00:00-05:00,20.45632006285475,20.745985672188084,20.09673759921001,20.316482543945312,388300,0.0,0.0
2012-02-28 00:00:00-05:00,20.586170565181938,21.75481784410369,20.506263140347258,21.744829177856445,1252900,0.0,0.0
2012-02-29 00:00:00-05:00,21.774793018680747,22.174332043359357,20.206608633789966,20.436342239379883,1805800,0.0,0.0
2012-03-01 00:00:00-05:00,20.566191432812513,21.035647274488355,20.426353927875688,20.78593635559082,806800,0.0,0.0
2012-03-02 00:00:00-05:00,20.526240037313546,20.586172039087963,20.11671421757212,20.256553649902344,551300,0.0,0.0
2012-03-05 00:00:00-05:00,19.976875611239816,20.096737703170316,19.23773144224114,19.35759162902832,933200,0.0,0.0
2012-03-06 00:00:00-05:00,18.638424195332973,18.638424195332973,17.889291383928455,18.178956985473633,1248500,0.0,0.0
2012-03-07 00:00:00-05:00,18.318794012581144,18.56850494306328,17.919256904838363,18.298816680908203,717200,0.0,0.0
2012-03-08 00:00:00-05:00,18.62843418061825,18.87814509967518,18.338770505186634,18.708341598510742,563600,0.0,0.0
2012-03-09 00:00:00-05:00,18.5984712462215,19.367579476837236,18.428667734497353,19.127857208251953,666800,0.0,0.0
2012-03-12 00:00:00-04:00,18.978030952247412,19.107879799447137,18.438654421241104,18.478609085083008,500400,0.0,0.0
2012-03-13 00:00:00-04:00,18.658399936587397,18.848180766067895,18.28882694287728,18.36873435974121,706500,0.0,0.0
2012-03-14 00:00:00-04:00,18.15897961964339,18.15897961964339,17.010309691978776,17.050262451171875,1451600,0.0,0.0
2012-03-15 00:00:00-04:00,17.240043402848073,17.569661765083602,17.09021722094888,17.22006607055664,845400,0.0,0.0
2012-03-16 00:00:00-04:00,17.27999631101318,17.37988106818675,16.810540428983654,16.910425186157227,2388800,0.0,0.0
2012-03-19 00:00:00-04:00,16.94038881398545,17.20008841343979,16.690677880488188,16.710655212402344,771200,0.0,0.0
2012-03-20 00:00:00-04:00,16.430979830320897,16.920413020758375,16.15130290500954,16.840505599975586,812300,0.0,0.0
2012-03-21 00:00:00-04:00,16.980342995899484,17.13016917071702,16.550839897650885,16.67070198059082,692000,0.0,0.0
2012-03-22 00:00:00-04:00,16.351073646340595,16.55084126083648,15.981500606551034,16.141315460205078,758400,0.0,0.0
2012-03-23 00:00:00-04:00,16.311117974782178,16.890447259848525,16.111348467458658,16.86048126220703,1530900,0.0,0.0
2012-03-26 00:00:00-04:00,17.31995084052545,17.359903599996546,17.01030981033723,17.060251235961914,539600,0.0,0.0
2012-03-27 00:00:00-04:00,17.140157836390614,17.349916005249707,16.650724649243635,16.67070198059082,670000,0.0,0.0
2012-03-28 00:00:00-04:00,16.51088741152794,16.63074759129512,15.781730999085818,15.971510887145996,815100,0.0,0.0
2012-03-29 00:00:00-04:00,15.86163747551564,16.341082928874215,15.741776350318883,16.291139602661133,616300,0.0,0.0
2012-03-30 00:00:00-04:00,16.51088773756568,16.620759253664676,16.121337382771934,16.560829162597656,541000,0.0,0.0
2012-04-02 00:00:00-04:00,16.570817449587675,17.279995575564694,16.550840117974552,17.01030921936035,735600,0.0,0.0
2012-04-03 00:00:00-04:00,17.03028491319018,17.070239577043676,16.2611766854427,16.550840377807617,782500,0.0,0.0
2012-04-04 00:00:00-04:00,15.911581163147863,16.181269431540294,15.561985471358778,15.84166145324707,966100,0.0,0.0
2012-04-05 00:00:00-04:00,15.921569129781142,16.111349025222605,15.661870475898871,15.701824188232422,476800,0.0,0.0
2012-04-09 00:00:00-04:00,15.711811676780057,15.95153489991844,15.48207807229649,15.522031784057617,523000,0.0,0.0
2012-04-10 00:00:00-04:00,15.512043361293717,15.67185821084505,15.052575192547817,15.462100982666016,691500,0.0,0.0
2012-04-11 00:00:00-04:00,15.581963087631122,15.741777937338657,15.272321101894036,15.302286148071289,462200,0.0,0.0
2012-04-12 00:00:00-04:00,15.39218068739968,16.321105598388982,15.352226979000761,16.291139602661133,738500,0.0,0.0
2012-04-13 00:00:00-04:00,16.091373476330734,16.151303568092427,15.661870357561536,15.691835403442383,553900,0.0,0.0
2012-04-16 00:00:00-04:00,15.691834699566426,15.841660874821654,15.1824241795841,15.392181396484375,745000,0.0,0.0
2012-04-17 00:00:00-04:00,15.631904703417936,16.081385164389058,15.482078518141996,15.801708221435547,403600,0.0,0.0
2012-04-18 00:00:00-04:00,15.651881705047098,15.91158130976504,15.432135812395636,15.532020568847656,442200,0.0,0.0
2012-04-19 00:00:00-04:00,15.641892543503552,15.911580805839906,15.532020076943336,15.81169605255127,507700,0.0,0.0
2012-04-20 00:00:00-04:00,15.89160349181724,16.001476911071183,15.452112672516273,15.492066383361816,403000,0.0,0.0
2012-04-23 00:00:00-04:00,15.12249399173765,15.142470370441128,14.663025850698626,14.822840690612793,765500,0.0,0.0
2012-04-24 00:00:00-04:00,15.002634204870393,15.04258791842568,14.653038496832897,14.692992210388184,414800,0.0,0.0
2012-04-25 00:00:00-04:00,14.852806300345632,15.322263124892684,14.553152987814073,15.272320747375488,757900,0.0,0.0
2012-04-26 00:00:00-04:00,15.372205125304115,15.681846143685805,15.282309038492786,15.641892433166504,461500,0.0,0.0
2012-04-27 00:00:00-04:00,15.831673764635063,15.871627476396188,15.332251891335176,15.522031784057617,437800,0.0,0.0
2012-04-30 00:00:00-04:00,15.272320715276843,15.891603718502285,15.202401958442692,15.751766204833984,686500,0.0,0.0
2012-05-01 00:00:00-04:00,15.821684470867627,16.15130281796307,15.791719426378474,16.03144073486328,512800,0.0,0.0
2012-05-02 00:00:00-04:00,15.831674117885473,15.831674117885473,15.372205946094649,15.631904602050781,454700,0.0,0.0
2012-05-03 00:00:00-04:00,15.522031700051247,15.532020366080378,14.712967850552628,15.032598495483398,689100,0.0,0.0
2012-05-04 00:00:00-04:00,15.022609922932284,15.422147040867333,14.802864031782192,15.36221694946289,917400,0.0,0.0
2012-05-07 00:00:00-04:00,15.342239544824219,15.482078011726893,14.663026447542325,14.712967872619629,746000,0.0,0.0
2012-05-08 00:00:00-04:00,14.29345473007716,14.673014523411549,14.253501017485558,14.663026809692383,836600,0.0,0.0
2012-05-09 00:00:00-04:00,14.263488615855785,14.98265638926034,14.04374367466488,14.653038024902344,1150400,0.0,0.0
2012-05-10 00:00:00-04:00,14.892760410985199,15.182425065262281,14.663026801849286,14.742934226989746,661100,0.0,0.0
2012-05-11 00:00:00-04:00,14.523187980639651,15.022609851985681,14.463256936946614,14.712967872619629,479300,0.0,0.0
2012-05-14 00:00:00-04:00,14.343395001456766,14.732944382287071,14.003788948059082,14.003788948059082,569200,0.0,0.0
2012-05-15 00:00:00-04:00,14.003790046162612,14.09368518487572,12.335720881974703,12.485547065734863,1861100,0.0,0.0
2012-05-16 00:00:00-04:00,12.485546834562573,13.034911085797653,12.105986096483276,12.385662078857422,1202000,0.0,0.0
2012-05-17 00:00:00-04:00,12.735257976347686,13.064876341882718,12.51551208180045,12.805176734924316,992900,0.0,0.0
2012-05-18 00:00:00-04:00,13.194726108867375,13.584275518227544,12.935026502627261,13.20471477508545,1121600,0.0,0.0
2012-05-21 00:00:00-04:00,13.274633817911266,13.92388189485169,13.234680104754496,13.873940467834473,512500,0.0,0.0
2012-05-22 00:00:00-04:00,13.933869851072814,14.233523160761052,13.584275116912877,13.734101295471191,780800,0.0,0.0
2012-05-23 00:00:00-04:00,13.354540421084161,14.353384141008824,13.03491073553118,14.283465385437012,1000000,0.0,0.0
2012-05-24 00:00:00-04:00,14.63306011169999,14.782887241188979,14.013777119831671,14.363372802734375,760100,0.0,0.0
2012-05-25 00:00:00-04:00,14.393337724899563,14.633059986952377,14.203557838917318,14.4332914352417,414200,0.0,0.0
2012-05-29 00:00:00-04:00,14.613083487438894,14.762909661842217,14.273476476048335,14.42330265045166,489100,0.0,0.0
2012-05-30 00:00:00-04:00,14.083697070533047,14.423303140899943,13.624228913481812,14.22353458404541,725700,0.0,0.0
2012-05-31 00:00:00-04:00,14.213545457242201,14.3234188743787,13.644204850522478,13.784043312072754,522000,0.0,0.0
2012-06-01 00:00:00-04:00,13.933870020039878,14.762910250268556,13.863951262874354,14.712967872619629,849400,0.0,0.0
2012-06-04 00:00:00-04:00,14.712967754896479,14.812852509395125,14.183580842225537,14.702980041503906,698100,0.0,0.0
2012-06-05 00:00:00-04:00,14.702980714881297,15.12249517887424,14.623073288651373,15.082541465759277,787200,0.0,0.0
2012-06-06 00:00:00-04:00,15.462100606357373,15.931557429917746,15.412159181516763,15.751766204833984,1321800,0.0,0.0
2012-06-07 00:00:00-04:00,15.891603868869739,15.981499958548032,15.132482392221515,15.36221694946289,641400,0.0,0.0
2012-06-08 00:00:00-04:00,15.072552976491695,15.631904966675478,14.812853361906246,15.581963539123535,549700,0.0,0.0
2012-06-11 00:00:00-04:00,15.68184702223021,15.77174311407779,15.102517710958756,15.232367515563965,576400,0.0,0.0
2012-06-12 00:00:00-04:00,15.352229601257724,16.051420093950696,15.302287219085716,16.041431427001953,865900,0.0,0.0
2012-06-13 00:00:00-04:00,16.071395520609723,16.361059207174385,15.801707260428586,15.961522102355957,993300,0.0,0.0
2012-06-14 00:00:00-04:00,16.121337562723994,16.28115241078212,15.502055502784563,15.771742820739746,983300,0.0,0.0
2012-06-15 00:00:00-04:00,15.8316732687945,15.991488110833677,15.442123876895305,15.721799850463867,2356500,0.0,0.0
2012-06-18 00:00:00-04:00,15.571973783526152,16.121337068750016,15.3722052295746,15.891603469848633,659400,0.0,0.0
2012-06-19 00:00:00-04:00,15.921567330028658,16.430978771698644,15.681845083125223,16.271163940429688,586800,0.0,0.0
2012-06-20 00:00:00-04:00,16.171280523908177,16.311118036477634,15.62191628183379,15.821684837341309,711600,0.0,0.0
2012-06-21 00:00:00-04:00,15.69183511023971,15.701823776203897,14.702980041503906,14.702980041503906,971300,0.0,0.0
2012-06-22 00:00:00-04:00,14.673014285928108,14.852806465966193,14.343395924239374,14.643049240112305,600800,0.0,0.0
2012-06-25 00:00:00-04:00,14.53317642211914,14.643048889191748,14.233523113427399,14.53317642211914,488800,0.0,0.0
2012-06-26 00:00:00-04:00,14.493223105951277,14.663026620416607,14.063719986707012,14.083697319030762,462200,0.0,0.0
2012-06-27 00:00:00-04:00,14.113661989651103,14.433291677758804,13.86395105767406,14.373361587524414,644900,0.0,0.0
2012-06-28 00:00:00-04:00,14.00378967536753,14.263488323504014,13.664182651760258,13.823997497558594,532600,0.0,0.0
2012-06-29 00:00:00-04:00,14.553152566268105,14.603094942338673,14.233522883531021,14.4332914352417,539800,0.0,0.0
2012-07-02 00:00:00-04:00,14.373361456535589,14.782887228834351,14.373361456535589,14.603095054626465,381400,0.0,0.0
2012-07-03 00:00:00-04:00,14.982656663463962,15.502055885031774,14.892760571071713,15.482078552246094,518800,0.0,0.0
2012-07-05 00:00:00-04:00,15.502055509434848,15.911581295902394,15.372205707189007,15.691835403442383,888900,0.0,0.0
2012-07-06 00:00:00-04:00,15.382192747103128,15.492066164807031,14.91273688943377,14.992644309997559,629500,0.0,0.0
2012-07-09 00:00:00-04:00,14.912737360848718,15.092528586514927,14.732945182610885,15.032598495483398,691400,0.0,0.0
2012-07-10 00:00:00-04:00,15.122493885073894,15.272320058293758,14.133637903079427,14.253499984741211,618500,0.0,0.0
2012-07-11 00:00:00-04:00,14.333407761947564,14.473245273091193,14.063719500333537,14.283465385437012,389000,0.0,0.0
2012-07-12 00:00:00-04:00,13.933870157793722,14.513199458076784,13.67417055350914,14.403326988220215,515000,0.0,0.0
2012-07-13 00:00:00-04:00,14.583118687775263,14.683002488196319,14.333407757865217,14.363372802734375,330100,0.0,0.0
2012-07-16 00:00:00-04:00,14.36337304466213,14.573130267422453,14.193569533257506,14.303442001342773,286000,0.0,0.0
2012-07-17 00:00:00-04:00,14.343395697767027,14.603095297594532,14.103673429882386,14.54316520690918,317800,0.0,0.0
2012-07-18 00:00:00-04:00,14.213545781647866,14.83282973081088,14.213545781647866,14.53317642211914,329700,0.0,0.0
2012-07-19 00:00:00-04:00,14.712967936111243,15.442124366760254,14.69299155650844,15.442124366760254,750100,0.0,0.0
2012-07-20 00:00:00-04:00,15.272321220125141,15.561985875605409,15.192413794652767,15.312274932861328,548400,0.0,0.0
2012-07-23 00:00:00-04:00,14.882772072719556,15.122495305996143,14.832830645334782,15.012621879577637,383000,0.0,0.0
2012-07-24 00:00:00-04:00,15.15245960168084,15.442124247980598,15.012621135250342,15.432135581970215,489900,0.0,0.0
2012-07-25 00:00:00-04:00,15.711811384446849,16.530862936596506,15.62191624908562,16.38103675842285,926500,0.0,0.0
2012-07-26 00:00:00-04:00,16.580807651606012,16.930403366652882,16.34108536546788,16.82052993774414,815700,0.0,0.0
2012-07-27 00:00:00-04:00,16.98034479516956,17.010310795365594,16.640737746854697,16.82052993774414,515000,0.0,0.0
2012-07-30 00:00:00-04:00,16.84050630954077,17.01030982400167,16.49091061445736,16.900436401367188,440000,0.0,0.0
2012-07-31 00:00:00-04:00,16.980342513574083,16.980342513574083,16.151302337646484,16.151302337646484,541500,0.0,0.0
2012-08-01 00:00:00-04:00,16.05141903006658,16.23121121294054,15.571974479164881,15.95153522491455,582300,0.0,0.0
2012-08-02 00:00:00-04:00,15.941545247621889,16.26117587450878,15.80170678882315,16.001476287841797,708800,0.0,0.0
2012-08-03 00:00:00-04:00,16.301130313859122,16.42099240667132,16.05141936688176,16.141315460205078,660700,0.0,0.0
2012-08-06 00:00:00-04:00,16.610769963916333,17.479764824903082,16.610769963916333,17.309961318969727,1132200,0.0,0.0
2012-08-07 00:00:00-04:00,17.3299392539362,17.38986934484044,17.11019241204858,17.200088500976562,522500,0.0,0.0
2012-08-08 00:00:00-04:00,17.20008695267176,17.40984510966961,17.170122862488547,17.230052947998047,473600,0.0,0.0
2012-08-09 00:00:00-04:00,17.23005413571989,17.399857643987787,17.16013538028191,17.329938888549805,330200,0.0,0.0
2012-08-10 00:00:00-04:00,17.240041613106808,17.37987911434333,17.090215446761526,17.230052947998047,268200,0.0,0.0
2012-08-13 00:00:00-04:00,17.27999460629284,17.44979810519333,16.91042351789612,16.930400848388672,467300,0.0,0.0
2012-08-14 00:00:00-04:00,16.85049366966767,17.090215923536395,16.630746841430664,16.630746841430664,618800,0.0,0.0
2012-08-15 00:00:00-04:00,16.56083029587535,17.040274867506977,16.5208775341444,16.980344772338867,399900,0.0,0.0
2012-08-16 00:00:00-04:00,17.000320645757053,17.51971983965604,16.890447226432173,17.49974250793457,531500,0.0,0.0
2012-08-17 00:00:00-04:00,17.679534322069557,17.679534322069557,17.190099230605373,17.469776153564453,454400,0.0,0.0
2012-08-20 00:00:00-04:00,17.609614460955967,18.04910624406462,17.419835520302247,18.019142150878906,791700,0.0,0.0
2012-08-21 00:00:00-04:00,18.41867827940935,19.207763808220577,18.39870094826396,18.578493118286133,1333400,0.0,0.0
2012-08-22 00:00:00-04:00,18.67837878502074,19.137845993041992,18.348760425527118,19.137845993041992,874900,0.0,0.0
2012-08-23 00:00:00-04:00,19.557360713642886,19.677222802916237,18.818216561029846,18.838193893432617,1426100,0.0,0.0
2012-08-24 00:00:00-04:00,19.017984036850695,19.677220694353753,18.978029376326596,19.307647705078125,822800,0.0,0.0
2012-08-27 00:00:00-04:00,19.37756862319524,19.527394806632234,19.097893588817733,19.16781234741211,627800,0.0,0.0
2012-08-28 00:00:00-04:00,19.177801623063303,19.37756923894611,18.998009435168438,19.057939529418945,492600,0.0,0.0
2012-08-29 00:00:00-04:00,19.057938728010193,19.127857485886178,18.568505517735048,18.66839027404785,516600,0.0,0.0
2012-08-30 00:00:00-04:00,18.718333045885565,18.82820647624625,18.188945132953553,18.458633422851562,560900,0.0,0.0
2012-08-31 00:00:00-04:00,18.708342045164567,19.707185745239258,18.43865378891004,19.707185745239258,1108200,0.0,0.0
2012-09-04 00:00:00-04:00,19.996854024310124,20.31648374653334,19.707188397830695,20.256553649902344,1115500,0.0,0.0
2012-09-05 00:00:00-04:00,20.156665682587146,20.2066071043202,19.717173931792452,20.146677017211914,805000,0.0,0.0
2012-09-06 00:00:00-04:00,20.30649413310292,20.41636755942483,19.956898426286845,20.176645278930664,839900,0.0,0.0
2012-09-07 00:00:00-04:00,20.59615967061426,20.955742137466284,20.526239005392576,20.81590461730957,877800,0.0,0.0
2012-09-10 00:00:00-04:00,20.845869930189785,20.96573011347876,20.39638947999798,20.436342239379883,637000,0.0,0.0
2012-09-11 00:00:00-04:00,20.79592597090027,21.05562556703369,20.74598454689674,20.8658447265625,885100,0.0,0.0
2012-09-12 00:00:00-04:00,21.025659444342494,21.115555531128106,20.156666478939176,21.01567268371582,1062900,0.0,0.0
2012-09-13 00:00:00-04:00,20.74598404361768,21.974561333675158,20.416365699818275,21.944595336914062,1630600,0.0,0.0
2012-09-14 00:00:00-04:00,22.094426555951664,22.953430961955583,22.074449221938135,22.533916473388672,1238500,0.0,0.0
2012-09-17 00:00:00-04:00,22.5738691117934,22.87352147448076,22.07444723721896,22.52392578125,980100,0.0,0.0
2012-09-18 00:00:00-04:00,22.434031858347144,23.053315880899927,22.32416033082555,23.03333854675293,1127600,0.0,0.0
2012-09-19 00:00:00-04:00,23.053313240326798,23.342978836849028,22.803602307522066,23.29303550720215,1063800,0.0,0.0
2012-09-20 00:00:00-04:00,22.903489144966674,23.542748581447782,22.773638381216823,23.472829818725586,1286000,0.0,0.0
2012-09-21 00:00:00-04:00,23.792458424347547,23.92230918202512,23.093268924678732,23.70256233215332,4438900,0.0,0.0
2012-09-24 00:00:00-04:00,23.173175367207538,23.34297887801997,22.304180481251382,22.653776168823242,1346000,0.0,0.0
2012-09-25 00:00:00-04:00,22.953428679221865,23.093268098266,22.124388451543403,22.18431854248047,857500,0.0,0.0
2012-09-26 00:00:00-04:00,21.654932683856913,22.374099493988023,21.28535966015834,22.354122161865234,1424500,0.0,0.0
2012-09-27 00:00:00-04:00,22.73368470412687,23.43287420835444,22.583858517874052,23.392921447753906,940400,0.0,0.0
2012-09-28 00:00:00-04:00,23.10325479345751,23.552735237065786,22.923464521157435,23.14320945739746,794400,0.0,0.0
2012-10-01 00:00:00-04:00,23.392921503171866,23.522770356860367,22.833569517436036,22.913476943969727,1122200,0.0,0.0
2012-10-02 00:00:00-04:00,23.00337400703444,23.143211533079633,22.483974760090295,22.83357048034668,878500,0.0,0.0
2012-10-03 00:00:00-04:00,22.813592221821416,22.973407075150124,22.424043754975607,22.593847274780273,565000,0.0,0.0
2012-10-04 00:00:00-04:00,22.973406260420745,23.68258440877366,22.96341759429902,23.652620315551758,746300,0.0,0.0
2012-10-05 00:00:00-04:00,23.452850351785717,23.672597191945542,23.0932679040443,23.29303550720215,524800,0.0,0.0
2012-10-08 00:00:00-04:00,22.513939228695847,23.023347868951298,22.5039505624947,22.86353302001953,398500,0.0,0.0
2012-10-09 00:00:00-04:00,22.67375448102583,23.05331427770586,22.2242740196938,22.41405487060547,746400,0.0,0.0
2012-10-10 00:00:00-04:00,22.26422841939253,22.823580393927166,22.014517478332372,22.713706970214844,679200,0.0,0.0
2012-10-11 00:00:00-04:00,22.963418270301972,23.243095214513605,22.73368465816919,22.74367332458496,580200,0.0,0.0
2012-10-12 00:00:00-04:00,22.753660813275328,22.95342841582086,22.37409912969534,22.483972549438477,462200,0.0,0.0
2012-10-15 00:00:00-04:00,22.174332592942825,22.45400763097759,21.924621648901322,22.41405487060547,658400,0.0,0.0
2012-10-16 00:00:00-04:00,22.62381205227884,22.90348900662168,22.49396319445672,22.8135929107666,563500,0.0,0.0
2012-10-17 00:00:00-04:00,22.82358059838542,23.223117726632147,22.643788414388563,23.053314208984375,405500,0.0,0.0
2012-10-18 00:00:00-04:00,22.873522693776795,23.0033734549682,22.414055459144713,22.46399688720703,555200,0.0,0.0
2012-10-19 00:00:00-04:00,22.274215446444778,22.503950962871876,21.874678317007035,22.41405487060547,760700,0.0,0.0
2012-10-22 00:00:00-04:00,22.334146678648082,23.1531982421875,22.274214682430628,23.1531982421875,702800,0.0,0.0
2012-10-23 00:00:00-04:00,22.623812028014477,22.83357021983248,22.104412786996292,22.164344787597656,879400,0.0,0.0
2012-10-24 00:00:00-04:00,22.334149261264283,22.374102024885957,21.565039033826537,21.59500503540039,802900,0.0,0.0
2012-10-25 00:00:00-04:00,22.034492100467006,22.69372880836283,22.024503434572434,22.643787384033203,613600,0.0,0.0
2012-10-26 00:00:00-04:00,22.67375461911144,22.813592138980447,22.074447968733324,22.26422882080078,528300,0.0,0.0
2012-10-31 00:00:00-04:00,22.39407884246691,23.24309648269818,22.3641128415846,23.17317771911621,758400,0.0,0.0
2012-11-01 00:00:00-04:00,23.263070104041997,23.7425146107834,23.193149446475317,23.662607192993164,732300,0.0,0.0
2012-11-02 00:00:00-04:00,23.31301347335467,23.31301347335467,22.833568926559376,22.86353302001953,773100,0.0,0.0
2012-11-05 00:00:00-05:00,22.823582368987893,22.973408565560685,22.394079208374023,22.394079208374023,691300,0.0,0.0
2012-11-06 00:00:00-05:00,22.563880786607406,22.973406577534604,22.124388996901406,22.713706970214844,677500,0.0,0.0
2012-11-07 00:00:00-05:00,22.85354435381839,23.01336110789343,22.19430762568904,22.86353302001953,796300,0.0,0.0
2012-11-08 00:00:00-05:00,22.683740544465184,23.832412375835357,22.663765117465264,23.64263153076172,830800,0.0,0.0
2012-11-09 00:00:00-05:00,23.73252594541673,24.172017695834572,23.572711109836263,23.662607192993164,908700,0.0,0.0
2012-11-12 00:00:00-05:00,23.672597191945542,23.74251594830795,23.243094082698494,23.29303550720215,397800,0.0,0.0
2012-11-13 00:00:00-05:00,23.14320920134544,23.862375998018724,22.753660757956975,23.442861557006836,630100,0.0,0.0
2012-11-14 00:00:00-05:00,23.712551239182307,23.77248133287225,21.495118721221147,21.624967575073242,1641800,0.0,0.0
2012-11-15 00:00:00-05:00,21.475142333156,21.595004430952997,20.775950890484253,20.89581298828125,1314600,0.0,0.0
2012-11-16 00:00:00-05:00,20.486286552513796,21.29534949651667,20.386401791553887,21.16550064086914,712900,0.0,0.0
2012-11-19 00:00:00-05:00,21.874676802115292,22.46399474165254,21.83472404451003,22.44401741027832,639000,0.0,0.0
2012-11-20 00:00:00-05:00,22.47398366149853,22.983394186443014,21.944595804953902,22.144365310668945,757600,0.0,0.0
2012-11-21 00:00:00-05:00,22.224274332963635,22.783626322061014,21.854701292309713,22.76365089416504,542600,0.0,0.0
2012-11-23 00:00:00-05:00,22.843556863684555,23.203139309732936,22.503949844257647,23.123231887817383,356200,0.0,0.0
2012-11-26 00:00:00-05:00,23.193151727584905,23.223117726632147,22.713707173688828,23.053314208984375,485100,0.0,0.0
2012-11-27 00:00:00-05:00,23.053315726879788,23.053315726879788,22.47398637649152,22.533916473388672,679800,0.0,0.0
2012-11-28 00:00:00-05:00,21.894654703140787,22.743672257202956,21.664921101789623,22.653776168823242,821700,0.0,0.0
2012-11-29 00:00:00-05:00,22.803601738393343,22.973405244668356,22.523924814780617,22.923463821411133,546100,0.0,0.0
2012-11-30 00:00:00-05:00,22.803604220602924,23.323003461645506,22.603834695542428,22.973407745361328,558600,0.0,0.0
2012-12-03 00:00:00-05:00,23.0133596768669,23.25308193535804,22.5439019203215,22.5838565826416,444300,0.0,0.0
2012-12-04 00:00:00-05:00,21.98455043758517,22.863532070194122,21.98455043758517,22.78362464904785,781500,0.0,0.0
2012-12-05 00:00:00-05:00,22.82357972222838,22.84355705415965,21.9445961686849,22.014516830444336,602000,0.0,0.0
2012-12-06 00:00:00-05:00,21.854700815376635,22.434030124870677,21.734840630043134,21.754817962646484,782500,0.0,0.0
2012-12-07 00:00:00-05:00,21.764806582121768,22.344135890369394,21.75481791584158,22.234262466430664,520000,0.0,0.0
2012-12-10 00:00:00-05:00,22.434028974737465,22.763649230364074,22.35412155356401,22.623809814453125,469100,0.0,0.0
2012-12-11 00:00:00-05:00,22.543902408950682,22.703717251408687,22.28420281367062,22.304180145263672,526700,0.0,0.0
2012-12-12 00:00:00-05:00,22.51393873097887,23.462839137390915,22.414053976318858,23.303024291992188,960100,0.0,0.0
2012-12-13 00:00:00-05:00,22.633800978184095,23.013362699505105,22.394078688207177,22.673755645751953,666300,0.0,0.0
2012-12-14 00:00:00-05:00,22.573869671559052,22.96341813374093,22.483973579495032,22.89349937438965,634900,0.0,0.0
2012-12-17 00:00:00-05:00,22.214284406341854,22.214284406341854,20.536226629093974,20.566192626953125,2336400,0.0,0.0
2012-12-18 00:00:00-05:00,20.4563205366384,20.98570843571035,20.16665682573955,20.356435775756836,1439300,0.0,0.0
2012-12-19 00:00:00-05:00,20.07676163288204,20.895813279627237,20.07676163288204,20.596160888671875,1072100,0.0,0.0
2012-12-20 00:00:00-05:00,20.266539330617952,20.63611042805397,19.77710424729489,20.486284255981445,1283700,0.0,0.0
2012-12-21 00:00:00-05:00,20.20660888321721,20.466308490406693,19.966886608536907,20.296504974365234,2191700,0.0,0.0
2012-12-24 00:00:00-05:00,20.296504974365234,20.35643506674949,20.02681670092116,20.296504974365234,332600,0.0,0.0
2012-12-26 00:00:00-05:00,20.38640094639418,20.50626303560561,20.106724008329685,20.286516189575195,310100,0.0,0.0
2012-12-27 00:00:00-05:00,20.216596970473205,20.396389147620045,19.97687470265849,20.086748123168945,943200,0.0,0.0
2012-12-28 00:00:00-05:00,20.076760838009147,20.1566682661098,19.507420174649056,19.557361602783203,913100,0.0,0.0
2012-12-31 00:00:00-05:00,19.577338510287195,20.316482680427715,19.087905285672928,20.166656494140625,1222300,0.0,0.0
2013-01-02 00:00:00-05:00,20.61613506233488,21.165500285827335,20.61613506233488,21.135534286499023,731000,0.0,0.0
2013-01-03 00:00:00-05:00,21.075604059697323,21.075604059697323,20.106724377452586,20.156667709350586,818900,0.0,0.0
2013-01-04 00:00:00-05:00,19.95689978824358,20.516253719379687,19.83703959238831,20.456321716308594,570200,0.0,0.0
2013-01-07 00:00:00-05:00,20.346447233656853,20.54621483279376,20.00684021946661,20.206607818603516,576400,0.0,0.0
2013-01-08 00:00:00-05:00,20.306495371073254,20.43634423316165,19.92693554677041,19.956899642944336,1012800,0.0,0.0
2013-01-09 00:00:00-05:00,20.096737987727103,20.326471603274843,19.90695713329302,20.026817321777344,715100,0.0,0.0
2013-01-10 00:00:00-05:00,20.236574529102516,20.44633080136139,20.086748348182855,20.26654052734375,825400,0.0,0.0
2013-01-11 00:00:00-05:00,20.296505005235666,20.34644833658458,19.93692064009665,19.97687530517578,426700,0.0,0.0
2013-01-14 00:00:00-05:00,20.186631369473545,20.206608701803372,19.577337974560045,19.63726806640625,543700,0.0,0.0
2013-01-15 00:00:00-05:00,19.777103781883294,20.046792028353188,19.56734752694655,19.647254943847656,1203800,0.0,0.0
2013-01-16 00:00:00-05:00,19.537381287662477,19.697196119472732,19.2676949496971,19.307647705078125,889300,0.0,0.0
2013-01-17 00:00:00-05:00,19.16781315028612,19.58732762456769,18.99800962724016,19.397546768188477,745300,0.0,0.0
2013-01-18 00:00:00-05:00,19.447486899698998,19.47745289770087,19.037961119389568,19.127857208251953,514600,0.0,0.0
2013-01-22 00:00:00-05:00,18.86815666538673,19.277682425244382,18.738307824149754,19.207763671875,757700,0.0,0.0
2013-01-23 00:00:00-05:00,19.12785747222369,19.387557076394177,18.828205108642578,18.828205108642578,765600,0.0,0.0
2013-01-24 00:00:00-05:00,18.6284350416707,18.778261219001568,18.099049088092077,18.139001846313477,974600,0.0,0.0
2013-01-25 00:00:00-05:00,17.97918766010061,18.129013842906126,17.270009505754306,17.389869689941406,1356700,0.0,0.0
2013-01-28 00:00:00-05:00,17.240044131021484,17.379881652681327,16.870471088593316,17.120182037353516,1195800,0.0,0.0
2013-01-29 00:00:00-05:00,17.399857599029588,18.328782559204175,17.369891601715082,18.288827896118164,1129900,0.0,0.0
2013-01-30 00:00:00-05:00,18.538539426551278,18.76827493646436,18.268853062542174,18.33877182006836,1145800,0.0,0.0
2013-01-31 00:00:00-05:00,18.26885354909346,18.58848325209338,17.939233274588574,18.218910217285156,570600,0.0,0.0
2013-02-01 00:00:00-05:00,18.478607772357776,18.778260109311745,18.178955435403807,18.36873435974121,689400,0.0,0.0
2013-02-04 00:00:00-05:00,18.178957090420703,18.688365728590522,18.089061000121728,18.3487606048584,491600,0.0,0.0
2013-02-05 00:00:00-05:00,18.5784934805467,18.5784934805467,18.28882788871989,18.44864273071289,392500,0.0,0.0
2013-02-06 00:00:00-05:00,18.448642723378157,18.828204401818024,18.42866729699437,18.608457565307617,767600,0.0,0.0
2013-02-07 00:00:00-05:00,18.468621362959503,18.71833230930316,18.328783842652925,18.558517456054688,533300,0.0,0.0
2013-02-08 00:00:00-05:00,18.538538333747418,19.03796017822984,18.49858557686326,18.72831916809082,914900,0.0,0.0
2013-02-11 00:00:00-05:00,18.51856449270506,18.51856449270506,17.979187940035217,18.218910217285156,649200,0.0,0.0
2013-02-12 00:00:00-05:00,18.158980038364938,18.228898797422534,17.809384337933654,17.889291763305664,535000,0.0,0.0
2013-02-13 00:00:00-05:00,18.248876711050286,19.117869751494574,18.02912985542359,18.099050521850586,1697100,0.0,0.0
2013-02-14 00:00:00-05:00,18.178957630218864,18.478610003351008,17.539696312983853,17.749454498291016,1002900,0.0,0.0
2013-02-15 00:00:00-05:00,17.519719976740305,17.55967273535265,16.80055127028584,17.190099716186523,967200,0.0,0.0
2013-02-19 00:00:00-05:00,17.040274867506977,17.16013696298657,16.63074905776204,16.980344772338867,934900,0.0,0.0
2013-02-20 00:00:00-05:00,17.31995084052545,17.769431291720664,16.980343811876462,17.060251235961914,2264500,0.0,0.0
2013-02-21 00:00:00-05:00,17.110192285992557,17.659557481521023,17.060250861464162,17.349916458129883,1213300,0.0,0.0
2013-02-22 00:00:00-05:00,17.459789080078856,17.519721079484516,17.000321848828893,17.120182037353516,448200,0.0,0.0
2013-02-25 00:00:00-05:00,17.4098463097851,17.68952133153702,17.190099472530644,17.329938888549805,808000,0.0,0.0
2013-02-26 00:00:00-05:00,17.41983474773076,17.41983474773076,16.530862554829806,16.990331649780273,1210500,0.0,0.0
2013-02-27 00:00:00-05:00,16.800552168908776,16.810540835381943,16.38103770275255,16.46094512939453,812100,0.0,0.0
2013-02-28 00:00:00-05:00,16.401014832986863,16.58080701699497,16.021455037414547,16.121337890625,826500,0.0,0.0
2013-03-01 00:00:00-05:00,16.121336831383662,16.301129003578648,15.691834684854607,15.791719436645508,848700,0.0,0.0
2013-03-04 00:00:00-05:00,15.821685006859518,15.851650052363798,15.042587155746903,15.112505912780762,995300,0.0,0.0
2013-03-05 00:00:00-05:00,15.272320514006147,15.651881243736677,15.072551959561553,15.172435760498047,1018200,0.0,0.0
2013-03-06 00:00:00-05:00,15.132481553058163,16.171279907226562,14.892759295590798,16.171279907226562,1289500,0.0,0.0
2013-03-07 00:00:00-05:00,16.341083411075505,16.670701753236028,16.11134791400236,16.171279907226562,940700,0.0,0.0
2013-03-08 00:00:00-05:00,16.081385464207408,16.800552310025907,15.871628229367426,16.311119079589844,1171500,0.0,0.0
2013-03-11 00:00:00-04:00,16.490909938477767,16.690677538091556,16.32110643097729,16.361059188842773,862300,0.0,0.0
2013-03-12 00:00:00-04:00,16.710653312788885,17.190097793367542,16.590793145215727,16.870468139648438,1119200,0.0,0.0
2013-03-13 00:00:00-04:00,16.970353350945608,17.000319346237188,16.17127919460082,16.271163940429688,920300,0.0,0.0
2013-03-14 00:00:00-04:00,16.1812702246347,16.490911267330304,16.071396797650344,16.311119079589844,749800,0.0,0.0
2013-03-15 00:00:00-04:00,16.31111705276704,16.510886548798233,16.041428804667866,16.301128387451172,1974000,0.0,0.0
2013-03-18 00:00:00-04:00,16.4309812503157,16.69067896144591,16.30113048960724,16.640737533569336,877300,0.0,0.0
2013-03-19 00:00:00-04:00,16.610769872575343,16.760597951508018,16.33109485620643,16.500898361206055,978900,0.0,0.0
2013-03-20 00:00:00-04:00,16.520875811673253,16.760598072495558,16.34108363977073,16.510887145996094,454900,0.0,0.0
2013-03-21 00:00:00-04:00,16.69067740094742,16.910424235403116,16.540851226182372,16.830516815185547,726500,0.0,0.0
2013-03-22 00:00:00-04:00,16.680690407602775,16.83051658027665,16.54085099531643,16.650724411010742,544100,0.0,0.0
2013-03-25 00:00:00-04:00,16.61077011224234,16.780573619691957,16.241199005238762,16.520875930786133,827200,0.0,0.0
2013-03-26 00:00:00-04:00,16.510886914924452,16.510886914924452,16.00147640337762,16.171279907226562,622200,0.0,0.0
2013-03-27 00:00:00-04:00,15.98150033952198,16.450956226143852,15.98150033952198,16.440967559814453,533600,0.0,0.0
2013-03-28 00:00:00-04:00,16.24119842101215,16.38103592618402,16.011464832474616,16.151302337646484,406000,0.0,0.0
2013-04-01 00:00:00-04:00,16.111348289791465,16.13132562133216,15.581962339965385,15.721799850463867,671800,0.0,0.0
2013-04-02 00:00:00-04:00,15.591950475427854,15.591950475427854,14.772898911509582,14.792876243591309,1218000,0.0,0.0
2013-04-03 00:00:00-04:00,14.732944501102038,15.232366348597022,13.893915644899012,14.253499984741211,1828000,0.0,0.0
2013-04-04 00:00:00-04:00,14.103673516813627,14.982656123713408,13.893916292978775,14.952691078186035,1117200,0.0,0.0
2013-04-05 00:00:00-04:00,15.122494822119615,15.542009276215795,14.732945414009837,15.05257511138916,1067800,0.0,0.0
2013-04-08 00:00:00-04:00,15.022609851985681,15.092528609151206,14.593106737805176,14.712967872619629,503900,0.0,0.0
2013-04-09 00:00:00-04:00,14.782887423428853,15.48207784528211,14.702980001078288,15.342239379882812,1001400,0.0,0.0
2013-04-10 00:00:00-04:00,15.28230956349457,15.372205653394149,14.673014266429252,14.882771492004395,796700,0.0,0.0
2013-04-11 00:00:00-04:00,14.832829480963255,15.12249411888605,14.643048642540835,14.673013687133789,760900,0.0,0.0
2013-04-12 00:00:00-04:00,14.113662975639718,14.15361668944437,13.404483841178388,13.973824501037598,1487200,0.0,0.0
2013-04-15 00:00:00-04:00,12.535488860340166,13.114818140986948,12.095997090667131,12.195881843566895,2746500,0.0,0.0
2013-04-16 00:00:00-04:00,12.715281245345174,12.775212293082749,11.736414768681078,11.88624095916748,2150700,0.0,0.0
2013-04-17 00:00:00-04:00,11.726425604428602,12.016090258964857,10.897385353425815,10.957316398620605,2258600,0.0,0.0
2013-04-18 00:00:00-04:00,11.067189519916957,11.726426292906293,10.867420945158324,11.41678524017334,1579000,0.0,0.0
2013-04-19 00:00:00-04:00,11.586588158469038,11.706449297030513,11.00725884580275,11.446749687194824,1487200,0.0,0.0
2013-04-22 00:00:00-04:00,11.696460751585933,11.736414464852778,11.21701523981213,11.456738471984863,1173200,0.0,0.0
2013-04-23 00:00:00-04:00,11.22700444283074,11.256970443641752,10.757548527652073,11.017247200012207,1465500,0.0,0.0
2013-04-24 00:00:00-04:00,11.27694566501327,12.17590464030035,11.197038242879824,12.046055793762207,1678000,0.0,0.0
2013-04-25 00:00:00-04:00,12.43560420512329,13.174748334158462,12.095997185682373,12.60540771484375,2320500,0.0,0.0
2013-04-26 00:00:00-04:00,12.635372294568828,12.905060548041233,11.8962281927558,12.006101608276367,1321800,0.0,0.0
2013-04-29 00:00:00-04:00,12.245823983140932,12.41562748824299,12.06603181242779,12.095996856689453,785800,0.0,0.0
2013-04-30 00:00:00-04:00,12.076020355159208,12.335719942975263,11.746402013920207,12.32573127746582,1099200,0.0,0.0
2013-05-01 00:00:00-04:00,11.80633222437455,12.225846654409628,11.616552340583246,12.01608943939209,1134200,0.0,0.0
2013-05-02 00:00:00-04:00,12.145940207589023,12.285778679659563,11.9162065955142,11.936182975769043,790800,0.0,0.0
2013-05-03 00:00:00-04:00,12.026078573862192,12.415627974816744,11.976136196421104,12.135951042175293,732800,0.0,0.0
2013-05-06 00:00:00-04:00,12.105986734228082,12.225847875845588,11.806333403898483,11.956160545349121,536100,0.0,0.0
2013-05-07 00:00:00-04:00,11.736414100242012,11.736414100242012,11.23699222363597,11.426772117614746,1037500,0.0,0.0
2013-05-08 00:00:00-04:00,11.566610900272417,11.986125364226062,11.496692140470696,11.85627555847168,1024300,0.0,0.0
2013-05-09 00:00:00-04:00,11.726425532892591,12.285778458535653,11.566610683443614,11.676483154296875,983600,0.0,0.0
2013-05-10 00:00:00-04:00,11.336876730363315,11.706448796605718,11.147095887991618,11.646517753601074,1102700,0.0,0.0
2013-05-13 00:00:00-04:00,11.51666919643313,11.546635197453421,11.246981855252525,11.266958236694336,565200,0.0,0.0
2013-05-14 00:00:00-04:00,11.167074074286372,11.506681121296909,11.067189312493268,11.236992835998535,699700,0.0,0.0
2013-05-15 00:00:00-04:00,11.087167184072031,11.137108614821146,10.128277044084331,10.228160858154297,1993700,0.0,0.0
2013-05-16 00:00:00-04:00,10.138263702392578,10.427928352387463,9.938495142494663,10.138263702392578,2195900,0.0,0.0
2013-05-17 00:00:00-04:00,10.018403243639211,10.11828800662561,9.389131522996973,9.54894733428955,2126200,0.0,0.0
2013-05-20 00:00:00-04:00,9.439073016437384,10.757547381982507,9.399119305516114,10.67763900756836,1812800,0.0,0.0
2013-05-21 00:00:00-04:00,10.268113609389511,10.497848170048282,9.97844895643481,10.308067321777344,1926700,0.0,0.0
2013-05-22 00:00:00-04:00,10.587745120812048,10.827467414605024,10.068345865022213,10.298080444335938,1930100,0.0,0.0
2013-05-23 00:00:00-04:00,10.517824308688871,10.53780164071035,10.09830986195401,10.288090705871582,708100,0.0,0.0
2013-05-24 00:00:00-04:00,10.268113250505358,10.567766559226648,10.178217162631812,10.358009338378906,690700,0.0,0.0
2013-05-28 00:00:00-04:00,10.457894343982781,10.577755479843386,10.03837989218485,10.218171119689941,904500,0.0,0.0
2013-05-29 00:00:00-04:00,10.278103043137806,10.737571246194097,10.168230564009544,10.697617530822754,1173800,0.0,0.0
2013-05-30 00:00:00-04:00,10.947327931304839,11.426772491290963,10.797501744452092,11.296923637390137,1504800,0.0,0.0
2013-05-31 00:00:00-04:00,11.197038812280537,11.25696985821409,10.437917310837735,10.807489395141602,2158800,0.0,0.0
2013-06-03 00:00:00-04:00,10.91736276181645,11.406795982780848,10.76753562407501,11.366842269897461,1244200,0.0,0.0
2013-06-04 00:00:00-04:00,11.21701562039298,11.366842764655864,11.09715447652569,11.246981620788574,923500,0.0,0.0
2013-06-05 00:00:00-04:00,11.276946421339014,11.626542131048344,11.15708528009996,11.30691146850586,981900,0.0,0.0
2013-06-06 00:00:00-04:00,11.296923370376586,11.746402872882618,11.107142522105647,11.596575736999512,956200,0.0,0.0
2013-06-07 00:00:00-04:00,11.246980910155445,11.396807092379964,11.057200063261309,11.187049865722656,993600,0.0,0.0
2013-06-10 00:00:00-04:00,11.18705010254502,11.476714759530298,11.117131343036329,11.207027435302734,829600,0.0,0.0
2013-06-11 00:00:00-04:00,10.977292896137653,11.16707374747618,10.86742042343806,10.967304229736328,840400,0.0,0.0
2013-06-12 00:00:00-04:00,10.987282503413955,11.376831953279003,10.977293836157271,11.047213554382324,799300,0.0,0.0
2013-06-13 00:00:00-04:00,10.967303628481773,11.187049514405606,10.81747745096238,11.077177047729492,832600,0.0,0.0
2013-06-14 00:00:00-04:00,11.167073887797619,11.21701531528847,10.787513132922795,10.81747817993164,773000,0.0,0.0
2013-06-17 00:00:00-04:00,10.767535091838456,10.867419845395471,10.627697579944563,10.757547378540039,732000,0.0,0.0
2013-06-18 00:00:00-04:00,10.697617058945879,10.85743191338174,10.587744584664144,10.657663345336914,641200,0.0,0.0
2013-06-19 00:00:00-04:00,10.667652052829572,10.89738566882003,10.288091295801635,10.338033676147461,916000,0.0,0.0
2013-06-20 00:00:00-04:00,9.538958538516725,10.138264250617844,9.508993491054591,9.618865966796875,1886800,0.0,0.0
2013-06-21 00:00:00-04:00,9.718750192151926,10.148253351983731,9.538958947106297,9.978449821472168,2961700,0.0,0.0
2013-06-24 00:00:00-04:00,9.858587289378564,9.858587289378564,9.159396883886702,9.219326972961426,1790900,0.0,0.0
2013-06-25 00:00:00-04:00,9.30922398940018,9.508993513136136,9.169386465871034,9.459051132202148,784200,0.0,0.0
2013-06-26 00:00:00-04:00,9.069502036856282,9.24929423378839,8.799814694029838,8.839768409729004,1266200,0.0,0.0
2013-06-27 00:00:00-04:00,8.959629228005628,9.538958560667856,8.88970951366937,9.459051132202148,1418000,0.0,0.0
2013-06-28 00:00:00-04:00,9.389130433547903,10.62769735006347,9.32920034476729,10.577754974365234,2420900,0.0,0.0
2013-07-01 00:00:00-04:00,10.857431405560012,11.197038431638015,10.69761655859898,10.937338829040527,1353900,0.0,0.0
2013-07-02 00:00:00-04:00,10.987282277133676,11.007259611235616,10.138264629235568,10.298080444335938,1207500,0.0,0.0
2013-07-03 00:00:00-04:00,10.407952583399002,11.047212965154339,10.38797524995117,10.997270584106445,1027300,0.0,0.0
2013-07-05 00:00:00-04:00,10.717593068412079,10.877408869886649,10.427928416632607,10.78751277923584,1164900,0.0,0.0
2013-07-08 00:00:00-04:00,10.917362848173198,11.047212654214235,10.567767143249512,10.567767143249512,753200,0.0,0.0
2013-07-09 00:00:00-04:00,10.747559848071102,11.29692414552779,10.747559848071102,11.09715461730957,1221100,0.0,0.0
2013-07-10 00:00:00-04:00,11.306910859297716,11.636529218088436,11.157084678964344,11.496691703796387,1587900,0.0,0.0
2013-07-11 00:00:00-04:00,12.28577817449856,12.405639308814202,11.90621743954655,12.135951042175293,1696500,0.0,0.0
2013-07-12 00:00:00-04:00,12.016091139861768,12.056044855396744,11.62654265153868,11.836299896240234,993500,0.0,0.0
2013-07-15 00:00:00-04:00,11.86626456709217,12.115975519381385,11.836299519537535,11.966148376464844,732300,0.0,0.0
2013-07-16 00:00:00-04:00,12.066031683409285,12.685314656100804,12.016089308459478,12.645360946655273,1380400,0.0,0.0
2013-07-17 00:00:00-04:00,12.795188580552823,12.935026092889741,12.086009495251744,12.205870628356934,1274300,0.0,0.0
2013-07-18 00:00:00-04:00,12.335719704096693,12.40563845616568,11.986124038608652,12.066031455993652,693500,0.0,0.0
2013-07-19 00:00:00-04:00,12.135951016233388,12.565454127708378,12.066032259508294,12.535489082336426,858300,0.0,0.0
2013-07-22 00:00:00-04:00,13.384505514165554,13.514355312532,13.074864493313846,13.324575424194336,1758400,0.0,0.0
2013-07-23 00:00:00-04:00,13.32457632884927,13.81400955798728,13.194726521666837,13.724113464355469,1319500,0.0,0.0
2013-07-24 00:00:00-04:00,13.704135790298862,13.953846714562324,12.785199512803594,13.134794235229492,1298000,0.0,0.0
2013-07-25 00:00:00-04:00,13.004945383071224,13.55430865397942,13.004945383071224,13.534332275390625,920100,0.0,0.0
2013-07-26 00:00:00-04:00,13.384506234263691,13.514356039616171,13.024922817375664,13.304598808288574,969200,0.0,0.0
2013-07-29 00:00:00-04:00,13.334563736697527,13.424458869272247,13.134794235229492,13.134794235229492,594100,0.0,0.0
2013-07-30 00:00:00-04:00,13.064875005344478,13.114817378892235,12.775210381853338,12.935025215148926,673200,0.0,0.0
2013-07-31 00:00:00-04:00,12.955002902468383,13.274632577864406,12.68531464942431,13.044898986816406,906500,0.0,0.0
2013-08-01 00:00:00-04:00,13.124807657577309,13.17474908469293,12.565454719708727,12.585432052612305,716700,0.0,0.0
2013-08-02 00:00:00-04:00,12.645360584464575,12.765221709368085,12.18589246271535,12.21585750579834,1082600,0.0,0.0
2013-08-05 00:00:00-04:00,12.125963084134959,12.405639058563063,12.115974418333911,12.275789260864258,655000,0.0,0.0
2013-08-06 00:00:00-04:00,12.185893466930176,12.215858512482527,11.376830569015365,11.496691703796387,1589900,0.0,0.0
2013-08-07 00:00:00-04:00,11.386818993052202,11.706449658319006,11.336877564872351,11.476715087890625,933300,0.0,0.0
2013-08-08 00:00:00-04:00,11.756391482699748,12.395650877837063,11.686471771927875,12.235836029052734,1735500,0.0,0.0
2013-08-09 00:00:00-04:00,12.32573150026864,12.955003150164753,12.145939328135011,12.745245933532715,1619700,0.0,0.0
2013-08-12 00:00:00-04:00,13.524343495171514,13.674169667318008,13.184736488896453,13.284621238708496,1777900,0.0,0.0
2013-08-13 00:00:00-04:00,13.464413070508856,13.464413070508856,12.755234934184008,13.094841003417969,1566800,0.0,0.0
2013-08-14 00:00:00-04:00,13.21470228029406,14.423303249040117,13.18473723468412,14.393338203430176,2113100,0.0,0.0
2013-08-15 00:00:00-04:00,14.34339554194781,15.382192977401251,14.133638321684538,15.252344131469727,2598400,0.0,0.0
2013-08-16 00:00:00-04:00,15.382193873915844,15.482078633223368,14.503212183324933,14.762910842895508,1963600,0.0,0.0
2013-08-19 00:00:00-04:00,14.643049133399012,14.982656158741957,14.353384485766199,14.473245620727539,1701900,0.0,0.0
2013-08-20 00:00:00-04:00,14.473245343656167,15.462100402585607,14.473245343656167,15.172435760498047,1394800,0.0,0.0
2013-08-21 00:00:00-04:00,15.07255199673563,15.092528375943555,14.493222711131683,14.53317642211914,1462200,0.0,0.0
2013-08-22 00:00:00-04:00,14.862795333744126,15.282309791143602,14.862795333744126,15.0625638961792,835600,0.0,0.0
2013-08-23 00:00:00-04:00,15.012621833875205,15.65188219971391,14.9626794540708,15.41215991973877,1174500,0.0,0.0
2013-08-26 00:00:00-04:00,15.621916404590833,16.041429898167355,15.571974027178603,15.751766204833984,1426900,0.0,0.0
2013-08-27 00:00:00-04:00,16.201245461024907,16.44096774012968,14.792876833141456,14.842818260192871,2378600,0.0,0.0
2013-08-28 00:00:00-04:00,15.032597918854103,15.342238933306728,14.293453807340292,14.42330265045166,1778800,0.0,0.0
2013-08-29 00:00:00-04:00,14.303442474152218,14.583119415458627,13.774055543047083,14.343396186828613,2684400,0.0,0.0
2013-08-30 00:00:00-04:00,14.113662710913424,14.603095933983159,13.973824238934219,14.193570137023926,1139300,0.0,0.0
2013-09-03 00:00:00-04:00,14.573130128441834,14.92272486132729,14.433291663744688,14.613083839416504,1161500,0.0,0.0
2013-09-04 00:00:00-04:00,14.30344256659194,14.663026935575044,14.293454852787029,14.593107223510742,990800,0.0,0.0
2013-09-05 00:00:00-04:00,14.363373316565754,14.433292074618908,13.843974106537646,13.923881530761719,1265900,0.0,0.0
2013-09-06 00:00:00-04:00,14.213545322472898,14.413314823528154,14.023765439556298,14.253499984741211,1035100,0.0,0.0
2013-09-09 00:00:00-04:00,14.253500846400563,14.363373316565754,13.913893817162437,13.923881530761719,960500,0.0,0.0
2013-09-10 00:00:00-04:00,13.464412687407433,13.664182190483128,13.27463280257143,13.544321060180664,1397800,0.0,0.0
2013-09-11 00:00:00-04:00,13.61423957190875,13.804019453360093,13.314586275211013,13.684158325195312,936400,0.0,0.0
2013-09-12 00:00:00-04:00,13.12480665979955,13.224690459009059,12.635372519158068,12.665338516235352,1693400,0.0,0.0
2013-09-13 00:00:00-04:00,12.535489414291854,12.935026538403518,12.405639610812655,12.805176734924316,1293300,0.0,0.0
2013-09-16 00:00:00-04:00,12.795188565832335,12.935026078008372,12.385661837479573,12.445592880249023,1307600,0.0,0.0
2013-09-17 00:00:00-04:00,12.545477506254608,12.685315017006655,12.395650377142504,12.595418930053711,1128000,0.0,0.0
2013-09-18 00:00:00-04:00,12.485546720220537,14.26348830645989,12.10598598561724,14.063719749450684,2792500,0.0,0.0
2013-09-19 00:00:00-04:00,14.403326913536715,14.453269291420426,13.494379255825345,13.833986282348633,2103600,0.0,0.0
2013-09-20 00:00:00-04:00,13.504366749478892,13.534331792578929,12.775210381853338,12.935025215148926,6778700,0.0,0.0
2013-09-23 00:00:00-04:00,12.984967708036265,13.254655956129826,12.435603499105035,12.465568542480469,1747100,0.0,0.0
2013-09-24 00:00:00-04:00,12.335720536353632,12.665338893448084,12.016089892677483,12.3756742477417,1320600,0.0,0.0
2013-09-25 00:00:00-04:00,12.435603968167458,12.964990866435471,12.435603968167458,12.665338516235352,1299100,0.0,0.0
2013-09-26 00:00:00-04:00,12.685315032991168,12.8850835861541,12.165916794767545,12.275789260864258,1199000,0.0,0.0
2013-09-27 00:00:00-04:00,12.415627485746665,12.785199540138139,12.105985519866467,12.175904273986816,1382600,0.0,0.0
2013-09-30 00:00:00-04:00,12.036067623492372,12.215858854410541,11.776368014578555,11.84628677368164,1644300,0.0,0.0
2013-10-01 00:00:00-04:00,11.446749678842842,11.756391667662797,11.376830919542577,11.526657104492188,1361300,0.0,0.0
2013-10-02 00:00:00-04:00,11.61655367119264,12.006103101580598,11.486703861063322,11.566611289978027,1333300,0.0,0.0
2013-10-03 00:00:00-04:00,11.566610842993663,11.706449314476274,11.286934852600098,11.286934852600098,912600,0.0,0.0
2013-10-04 00:00:00-04:00,11.356854334611777,11.406796717073878,11.127120708886508,11.266958236694336,642900,0.0,0.0
2013-10-07 00:00:00-04:00,11.36684214377755,11.706449175804078,11.326888431337467,11.436760902404785,928100,0.0,0.0
2013-10-08 00:00:00-04:00,11.416784198466086,11.586587709660384,10.86741995357698,10.927350044250488,1012300,0.0,0.0
2013-10-09 00:00:00-04:00,10.787512654300802,11.067188636641877,10.437916961945739,10.857431411743164,1099200,0.0,0.0
2013-10-10 00:00:00-04:00,10.897385478848335,11.246981182603022,10.857431765782513,10.887396812438965,1061500,0.0,0.0
2013-10-11 00:00:00-04:00,10.777523761157337,10.817477472078608,10.587743872424207,10.67763900756836,825600,0.0,0.0
2013-10-14 00:00:00-04:00,10.747559074190903,10.957316301659056,10.647674317274015,10.707605361938477,609300,0.0,0.0
2013-10-15 00:00:00-04:00,10.547790037876446,10.907373431953339,10.457893951214324,10.827466011047363,900800,0.0,0.0
2013-10-16 00:00:00-04:00,10.827466391663302,10.867420103520777,10.477870698481686,10.537801742553711,898900,0.0,0.0
2013-10-17 00:00:00-04:00,10.977293072435197,11.696460871162337,10.967304405873453,11.466726303100586,1478000,0.0,0.0
2013-10-18 00:00:00-04:00,11.456738490718845,11.686472104235948,11.147096497965725,11.296923637390137,829000,0.0,0.0
2013-10-21 00:00:00-04:00,11.36684294927971,11.646518956179307,11.36684294927971,11.586588859558105,685100,0.0,0.0
2013-10-22 00:00:00-04:00,11.846285934255434,12.42561520381405,11.816320889987667,12.01608943939209,1170000,0.0,0.0
2013-10-23 00:00:00-04:00,11.916206772662344,12.036067913688255,11.41678487543521,11.466726303100586,1050200,0.0,0.0
2013-10-24 00:00:00-04:00,11.776367059449305,12.345707657561494,11.74640201548855,12.245823860168457,1479200,0.0,0.0
2013-10-25 00:00:00-04:00,12.125962960271224,12.445592642066975,11.976135832500772,12.425615310668945,1237200,0.0,0.0
2013-10-28 00:00:00-04:00,12.465568787662313,12.485546118686566,12.086009023917224,12.165916442871094,770200,0.0,0.0
2013-10-29 00:00:00-04:00,12.115975179162902,12.235836318587404,11.696460714891316,11.776368141174316,768000,0.0,0.0
2013-10-30 00:00:00-04:00,12.06603193445895,12.305754196119873,11.606563789989716,12.026078224182129,1297700,0.0,0.0
2013-10-31 00:00:00-04:00,11.65650705737973,11.816321910708439,11.296923637390137,11.296923637390137,1105100,0.0,0.0
2013-11-01 00:00:00-04:00,11.187050379550596,11.217015426857486,10.787513240219806,10.907374382019043,922100,0.0,0.0
2013-11-04 00:00:00-05:00,11.017246128616186,11.16707326038585,10.787512526836299,11.007258415222168,671000,0.0,0.0
2013-11-05 00:00:00-05:00,10.967304007965819,10.997270006563847,10.6576629763593,10.78751277923584,799400,0.0,0.0
2013-11-06 00:00:00-05:00,10.937340048091253,10.937340048091253,10.66765270192869,10.797502517700195,616400,0.0,0.0
2013-11-07 00:00:00-05:00,10.687627930434893,10.777524020312281,10.457894325256348,10.457894325256348,619900,0.0,0.0
2013-11-08 00:00:00-05:00,10.377986888851124,10.64767420558316,10.25812575335115,10.617709159851074,876400,0.0,0.0
2013-11-11 00:00:00-05:00,10.497848249542926,10.75754785831623,10.367998445156275,10.7175931930542,667100,0.0,0.0
2013-11-12 00:00:00-05:00,10.99727079085198,10.99727079085198,10.338034015827036,10.447906494140625,1080800,0.0,0.0
2013-11-13 00:00:00-05:00,10.51782405505618,10.687627562857536,10.338032834056555,10.50783634185791,745400,0.0,0.0
2013-11-14 00:00:00-05:00,10.607720955382192,10.78751314274226,10.407952387521936,10.737570762634277,1054400,0.0,0.0
2013-11-15 00:00:00-05:00,10.747560060615209,10.817478825331277,10.487860430853061,10.547791481018066,1040300,0.0,0.0
2013-11-18 00:00:00-05:00,10.487859906285093,10.487859906285093,9.998426672608993,10.018403053283691,1378200,0.0,0.0
2013-11-19 00:00:00-05:00,10.048368558316142,10.288090830037351,10.028391226053559,10.218171119689941,857900,0.0,0.0
2013-11-20 00:00:00-05:00,10.118287594143471,10.218171400486309,9.738726843868708,9.838611602783203,1042000,0.0,0.0
2013-11-21 00:00:00-05:00,9.788669008367906,9.798657674554336,9.439073312415909,9.578911781311035,1423100,0.0,0.0
2013-11-22 00:00:00-05:00,9.578911899791095,9.818634175800709,9.439073429166328,9.588900566101074,919600,0.0,0.0
2013-11-25 00:00:00-05:00,9.489015907716347,9.818634278831288,9.259282295606031,9.75870418548584,1047900,0.0,0.0
2013-11-26 00:00:00-05:00,9.688784762435192,9.688784762435192,9.259282572063496,9.379143714904785,987700,0.0,0.0
2013-11-27 00:00:00-05:00,9.479026675462087,9.628853805025269,9.33918916428904,9.469038009643555,877600,0.0,0.0
2013-11-29 00:00:00-05:00,9.668808546574457,10.028391981234444,9.608877497845274,9.878565788269043,632300,0.0,0.0
2013-12-02 00:00:00-05:00,9.58889998673901,9.688783786088871,9.059512135155536,9.139419555664062,1633300,0.0,0.0
2013-12-03 00:00:00-05:00,9.10945500519106,9.149408717612316,8.839767684490495,8.939651489257812,1075400,0.0,0.0
2013-12-04 00:00:00-05:00,8.989594163190612,9.479027394569343,8.809801975103863,9.44906234741211,1682300,0.0,0.0
2013-12-05 00:00:00-05:00,9.129432074691117,9.389130721662179,9.099466076809689,9.239304542541504,939300,0.0,0.0
2013-12-06 00:00:00-05:00,9.339189307789399,9.42908444382266,9.049524662602357,9.079489707946777,763300,0.0,0.0
2013-12-09 00:00:00-05:00,9.129431944957867,9.469038009643555,9.129431944957867,9.469038009643555,874300,0.0,0.0
2013-12-10 00:00:00-05:00,9.948483227737851,10.338032611221616,9.938494562183289,10.008414268493652,1539400,0.0,0.0
2013-12-11 00:00:00-05:00,9.958472646425475,10.028391405452034,9.528969520812845,9.588900566101074,1079800,0.0,0.0
2013-12-12 00:00:00-05:00,9.239305238637437,9.429085143326557,9.019559333809232,9.379143714904785,1117600,0.0,0.0
2013-12-13 00:00:00-05:00,9.479027735067827,9.778681075119104,9.429085352963996,9.558935165405273,982200,0.0,0.0
2013-12-16 00:00:00-05:00,9.518981321925185,9.818634657937277,9.44906255946532,9.628854751586914,1011000,0.0,0.0
2013-12-17 00:00:00-05:00,9.538958076217417,9.698772925032394,9.419096939606183,9.499004364013672,582300,0.0,0.0
2013-12-18 00:00:00-05:00,9.548946997796891,9.788669277430705,9.349177478863716,9.359166145324707,1476100,0.0,0.0
2013-12-19 00:00:00-05:00,9.10945415488196,9.27925765496514,9.099465489566112,9.189361572265625,936800,0.0,0.0
2013-12-20 00:00:00-05:00,9.219327681773335,9.479027294587935,9.219327681773335,9.279258728027344,2091800,0.0,0.0
2013-12-23 00:00:00-05:00,9.259282357044752,9.429084924364663,9.169386263858428,9.19935131072998,848000,0.0,0.0
2013-12-24 00:00:00-05:00,9.159397347942518,9.359165909265416,9.149408681733464,9.339189529418945,649800,0.0,0.0
2013-12-26 00:00:00-05:00,9.578911781311035,9.788669008367906,9.489015690776428,9.578911781311035,719500,0.0,0.0
2013-12-27 00:00:00-05:00,9.588900322623502,9.678795459415788,9.349177100129195,9.64883041381836,911700,0.0,0.0
2013-12-30 00:00:00-05:00,9.518980869621325,9.678795720548226,9.429084777832031,9.429084777832031,802900,0.0,0.0
2013-12-31 00:00:00-05:00,9.349176862896114,9.898541098624326,9.309223152256148,9.788668632507324,1269700,0.0,0.0
2014-01-02 00:00:00-05:00,10.128275733774831,10.577755220369195,9.988437269081906,10.43791675567627,1835900,0.0,0.0
2014-01-03 00:00:00-05:00,10.487859773622276,10.53780215353481,10.028391593055957,10.088322639465332,1028900,0.0,0.0
2014-01-06 00:00:00-05:00,10.138264174040128,10.417941123479839,10.088322746171022,10.178217887878418,1054200,0.0,0.0
2014-01-07 00:00:00-05:00,10.088322933072082,10.537802460223043,9.818634645238488,10.51782512664795,2423200,0.0,0.0
2014-01-08 00:00:00-05:00,10.288091159781677,10.597732199202992,10.238148780096145,10.487859725952148,1370800,0.0,0.0
2014-01-09 00:00:00-05:00,10.38797440287398,10.467881825005962,10.038379669189453,10.038379669189453,1238600,0.0,0.0
2014-01-10 00:00:00-05:00,10.308067415619302,10.61770940387264,10.288091035529346,10.557778358459473,1456400,0.0,0.0
2014-01-13 00:00:00-05:00,10.537802886157184,10.867421282895725,10.397964403194393,10.797502517700195,1593200,0.0,0.0
2014-01-14 00:00:00-05:00,10.657663885025404,10.997270944184645,10.278103110233996,10.298080444335938,1941200,0.0,0.0
2014-01-15 00:00:00-05:00,10.258126333422656,10.627698426922198,10.168230238571367,10.58774471282959,1243300,0.0,0.0
2014-01-16 00:00:00-05:00,10.657663474348734,10.757548235866095,10.507837284644374,10.58774471282959,896800,0.0,0.0
2014-01-17 00:00:00-05:00,10.747558815545377,11.057199839907106,10.707605104254457,11.007258415222168,1500400,0.0,0.0
2014-01-21 00:00:00-05:00,10.917363017592294,11.276946441967219,10.707605781897335,11.147096633911133,1396600,0.0,0.0
2014-01-22 00:00:00-05:00,11.057200098616626,11.217014947519557,10.717593068412079,10.78751277923584,1151100,0.0,0.0
2014-01-23 00:00:00-05:00,11.047212232420996,11.50668039295724,10.977292522562864,11.177061080932617,1621900,0.0,0.0
2014-01-24 00:00:00-05:00,11.316899704369707,11.466725887073295,10.547790505881444,10.78751277923584,2148000,0.0,0.0
2014-01-27 00:00:00-05:00,10.72758116056401,10.787512201981437,10.228159308181274,10.258125305175781,1640300,0.0,0.0
2014-01-28 00:00:00-05:00,10.278102260943934,10.507836821274458,10.148252457726096,10.46788215637207,1367800,0.0,0.0
2014-01-29 00:00:00-05:00,10.697616688585033,10.797501445435183,10.46788212885834,10.78751277923584,1327300,0.0,0.0
2014-01-30 00:00:00-05:00,10.387974718392337,10.70760536920016,10.387974718392337,10.627697944641113,1134700,0.0,0.0
2014-01-31 00:00:00-05:00,10.477871305418237,10.61770978130543,10.208183972901407,10.427928924560547,1568300,0.0,0.0
2014-02-03 00:00:00-05:00,10.537802244959094,10.747559480354226,10.228160248872307,10.338033676147461,1304200,0.0,0.0
2014-02-04 00:00:00-05:00,10.367998235378959,10.487859371024934,10.238148433619578,10.457894325256348,1045300,0.0,0.0
2014-02-05 00:00:00-05:00,10.597732227654,10.64767460747361,10.238148807581803,10.248137474060059,999900,0.0,0.0
2014-02-06 00:00:00-05:00,10.37798667016041,10.447905426252454,10.198194494413315,10.358009338378906,722100,0.0,0.0
2014-02-07 00:00:00-05:00,10.348020999094993,10.72758174177887,10.198194816291302,10.707605361938477,1292000,0.0,0.0
2014-02-10 00:00:00-05:00,10.867420299321411,11.12711990735987,10.857431633034167,11.037223815917969,1545800,0.0,0.0
2014-02-11 00:00:00-05:00,11.157084900733349,11.686471828015046,11.107142522105647,11.596575736999512,2194200,0.0,0.0
2014-02-12 00:00:00-05:00,11.64651865631698,11.696461037263258,11.137108085293987,11.157085418701172,1706300,0.0,0.0
2014-02-13 00:00:00-05:00,11.187050741571637,11.676483991233189,11.047213214566456,11.666496276855469,1344200,0.0,0.0
2014-02-14 00:00:00-05:00,12.056043144392682,12.43560386439323,12.006101721490479,12.175904273986816,2288200,0.0,0.0
2014-02-18 00:00:00-05:00,12.285777804305376,12.415627600710945,12.056043256027339,12.345707893371582,1668400,0.0,0.0
2014-02-19 00:00:00-05:00,12.225847795519606,12.435605030115017,11.596576091733375,11.626542091369629,2040800,0.0,0.0
2014-02-20 00:00:00-05:00,11.656506612848563,12.265800956071201,11.656506612848563,12.225847244262695,1566300,0.0,0.0
2014-02-21 00:00:00-05:00,12.285777451637436,12.315742495310383,11.886239408188056,12.076020240783691,1532900,0.0,0.0
2014-02-24 00:00:00-05:00,12.315742983676866,12.315742983676866,12.016089677350317,12.036067008972168,1280700,0.0,0.0
2014-02-25 00:00:00-05:00,11.99611466561298,11.99611466561298,11.52665779727858,11.666496276855469,1403900,0.0,0.0
2014-02-26 00:00:00-05:00,11.536646047452663,11.61655347501793,11.167073956820383,11.227004051208496,1795000,0.0,0.0
2014-02-27 00:00:00-05:00,11.18705000796207,11.256969719451268,10.84744297452543,10.957316398620605,1773700,0.0,0.0
2014-02-28 00:00:00-05:00,11.057200679306568,11.097154393630545,10.837455726810532,10.997270584106445,1592000,0.0,0.0
2014-03-03 00:00:00-05:00,11.296923978544703,11.676483790376839,11.087166739073421,11.4067964553833,1857000,0.0,0.0
2014-03-04 00:00:00-05:00,11.15708506459342,11.356853629466515,10.987281546308378,11.127120018005371,1297200,0.0,0.0
2014-03-05 00:00:00-05:00,11.157085629107435,11.386819252192389,11.037224484118976,11.336877822875977,1084600,0.0,0.0
2014-03-06 00:00:00-05:00,11.426772580567595,11.626542101360933,11.426772580567595,11.546634674072266,979400,0.0,0.0
2014-03-07 00:00:00-05:00,11.296923536290414,11.356853629466515,10.997270212694946,11.127120018005371,1267500,0.0,0.0
2014-03-10 00:00:00-04:00,11.087165962495213,11.087165962495213,10.807489027741783,10.937338829040527,1036300,0.0,0.0
2014-03-11 00:00:00-04:00,11.117131020913476,11.227003490182346,10.697616570873599,10.7775239944458,1266300,0.0,0.0
2014-03-12 00:00:00-04:00,10.897385453972571,11.15708506459342,10.897385453972571,11.127120018005371,953300,0.0,0.0
2014-03-13 00:00:00-04:00,11.147096823163853,11.61655368294131,11.017247012903207,11.486703872680664,1922200,0.0,0.0
2014-03-14 00:00:00-04:00,11.656507754690274,11.856276333301627,11.40679679328315,11.516669273376465,1370000,0.0,0.0
2014-03-17 00:00:00-04:00,11.426772630647186,11.57659977189883,11.117131586689474,11.147096633911133,1456200,0.0,0.0
2014-03-18 00:00:00-04:00,10.967304311685094,11.486703537575062,10.9573165977808,11.296923637390137,1395500,0.0,0.0
2014-03-19 00:00:00-04:00,11.127120914438736,11.246982063018956,10.757548801506788,10.797502517700195,1595700,0.0,0.0
2014-03-20 00:00:00-04:00,10.69761690490218,11.057200322204931,10.687628238500855,10.967304229736328,1131800,0.0,0.0
2014-03-21 00:00:00-04:00,11.107143297301823,11.306911873183353,10.907374721420293,11.017247200012207,2455300,0.0,0.0
2014-03-24 00:00:00-04:00,10.807488708989004,10.937338506457998,10.178217053210773,10.18820571899414,1828300,0.0,0.0
2014-03-25 00:00:00-04:00,10.258126637747282,10.367999116618584,10.068345775748464,10.128276824951172,1279900,0.0,0.0
2014-03-26 00:00:00-04:00,10.168230608363588,10.358010519062358,9.678796402215083,9.728738784790039,1777600,0.0,0.0
2014-03-27 00:00:00-04:00,9.6288544763222,10.028391611202098,9.528969716316391,9.928506851196289,1263000,0.0,0.0
2014-03-28 00:00:00-04:00,9.868576515065433,10.088322410142426,9.628854240020518,9.98843765258789,1421500,0.0,0.0
2014-03-31 00:00:00-04:00,9.938495801827775,9.94848446862824,9.568923703355818,9.628854751586914,1479900,0.0,0.0
2014-04-01 00:00:00-04:00,9.67879568921291,9.80864549331354,9.598888264008162,9.7487154006958,796300,0.0,0.0
2014-04-02 00:00:00-04:00,9.988437644931533,10.168229827363227,9.938495266192547,10.068345069885254,1481700,0.0,0.0
2014-04-03 00:00:00-04:00,9.928507098920457,9.948484432448737,9.708762145539536,9.868577003479004,868600,0.0,0.0
2014-04-04 00:00:00-04:00,10.108299424184985,10.1882068542124,9.76869237028262,9.79865837097168,860100,0.0,0.0
2014-04-07 00:00:00-04:00,9.798658134702606,10.0783341330549,9.698773373290946,9.778680801391602,855200,0.0,0.0
2014-04-08 00:00:00-04:00,9.988437897714107,10.078333991205001,9.788669330274159,9.928506851196289,825700,0.0,0.0
2014-04-09 00:00:00-04:00,9.848599045976837,10.377986920075712,9.728737910116232,10.218171119689941,1138900,0.0,0.0
2014-04-10 00:00:00-04:00,10.328045319736951,10.467882845818872,9.838612073306821,9.878565788269043,1226100,0.0,0.0
2014-04-11 00:00:00-04:00,9.838612124158043,9.888553553690166,9.429085352963996,9.558935165405273,1265500,0.0,0.0
2014-04-14 00:00:00-04:00,9.648831003332779,9.908530621235025,9.588900908476372,9.698773384094238,830100,0.0,0.0
2014-04-15 00:00:00-04:00,9.429084653228392,9.548946742411262,9.239304758403515,9.499004364013672,1722100,0.0,0.0
2014-04-16 00:00:00-04:00,9.518981238600444,9.558934952880874,9.249293905350466,9.379143714904785,893700,0.0,0.0
2014-04-17 00:00:00-04:00,9.32920147492246,9.459051286439461,9.18936299654145,9.229316711425781,1177800,0.0,0.0
2014-04-21 00:00:00-04:00,9.20933986711588,9.20933986711588,8.83976778487931,9.109455108642578,1371800,0.0,0.0
2014-04-22 00:00:00-04:00,9.119443980866182,9.37914359670189,9.02954788672523,9.369154930114746,1084800,0.0,0.0
2014-04-23 00:00:00-04:00,9.399120304730381,9.63884259574272,9.309224207457827,9.558935165405273,1051200,0.0,0.0
2014-04-24 00:00:00-04:00,9.459049939831761,9.688783529568443,9.349176525112854,9.439072608947754,801300,0.0,0.0
2014-04-25 00:00:00-04:00,9.528969402950516,9.668807871845642,9.419096932614684,9.578911781311035,821300,0.0,0.0
2014-04-28 00:00:00-04:00,9.518980637330507,9.528969303412598,9.24929332111543,9.329200744628906,866400,0.0,0.0
2014-04-29 00:00:00-04:00,9.369154554254164,9.628854159671555,9.349177221881302,9.578911781311035,891800,0.0,0.0
2014-04-30 00:00:00-04:00,9.499004245292637,9.638841759972198,9.419096821883853,9.489015579223633,827700,0.0,0.0
2014-05-01 00:00:00-04:00,9.35916660243685,9.57891251245298,9.329201554162013,9.47902774810791,543500,0.0,0.0
2014-05-02 00:00:00-04:00,9.50899346969481,9.86857689614776,9.439073755677976,9.778680801391602,806200,0.0,0.0
2014-05-05 00:00:00-04:00,9.898540859566795,9.948483234803504,9.668807267078146,9.688783645629883,634600,0.0,0.0
2014-05-06 00:00:00-04:00,9.718749177173871,9.768691554915371,9.49900423922587,9.568922996520996,376300,0.0,0.0
2014-05-07 00:00:00-04:00,9.518980151885549,9.528968817458242,9.129431720266282,9.289246559143066,1212200,0.0,0.0
2014-05-08 00:00:00-04:00,9.269270052319111,9.479027285141614,9.269270052319111,9.359166145324707,634900,0.0,0.0
2014-05-09 00:00:00-04:00,9.399120225235382,9.40910889208601,9.109455554569113,9.309224128723145,715100,0.0,0.0
2014-05-12 00:00:00-04:00,9.409108280514923,9.548946749619406,9.369154568281019,9.419096946716309,753800,0.0,0.0
2014-05-13 00:00:00-04:00,9.459051013988411,9.548947108031786,9.339189872787804,9.44906234741211,518000,0.0,0.0
2014-05-14 00:00:00-04:00,9.578911931882494,9.578911931882494,9.209339850319948,9.269269943237305,764400,0.0,0.0
2014-05-15 00:00:00-04:00,9.189362055535756,9.20933938721806,9.009570833253033,9.069500923156738,920300,0.0,0.0
2014-05-16 00:00:00-04:00,9.049524897837523,9.109454990084199,8.969616520555887,9.099466323852539,1314200,0.0,0.0
2014-05-19 00:00:00-04:00,9.209339139704674,9.39911902272796,9.04952430082789,9.289246559143066,1075800,0.0,0.0
2014-05-20 00:00:00-04:00,9.189362762301233,9.299236189861206,9.139420381825943,9.20934009552002,472500,0.0,0.0
2014-05-21 00:00:00-04:00,9.159397606826461,9.159397606826461,8.949640373365867,9.119443893432617,832800,0.0,0.0
2014-05-22 00:00:00-04:00,9.199351320220304,9.259282366596901,9.099466560449862,9.119443893432617,598600,0.0,0.0
2014-05-23 00:00:00-04:00,9.129432688841359,9.159397736166962,9.00957154696726,9.049525260925293,507500,0.0,0.0
2014-05-27 00:00:00-04:00,9.019558686661043,9.019558686661043,8.739882706764629,8.759860038757324,1151700,0.0,0.0
2014-05-28 00:00:00-04:00,8.739883104500684,8.739883104500684,8.290403592497839,8.390287399291992,1845800,0.0,0.0
2014-05-29 00:00:00-04:00,8.33035728894208,8.620021947433205,8.180530150195297,8.550103187561035,1076600,0.0,0.0
2014-05-30 00:00:00-04:00,8.520137086246155,8.530125752557332,8.200507384861675,8.38029956817627,984600,0.0,0.0
2014-06-02 00:00:00-04:00,8.29040276808852,8.490171314383224,8.270425437173266,8.400275230407715,672600,0.0,0.0
2014-06-03 00:00:00-04:00,8.36032187508325,8.45021796286451,8.210495697162218,8.430240631103516,729400,0.0,0.0
2014-06-04 00:00:00-04:00,8.420253398644734,8.47019482575598,8.330357305729832,8.390287399291992,659300,0.0,0.0
2014-06-05 00:00:00-04:00,8.4602070859989,8.729894411347031,8.450218419578539,8.630010604858398,966200,0.0,0.0
2014-06-06 00:00:00-04:00,8.66996419111473,8.73988294989093,8.490172008465475,8.699929237365723,501600,0.0,0.0
2014-06-09 00:00:00-04:00,8.719905260855995,8.759859924319423,8.63999783907235,8.669963836669922,823800,0.0,0.0
2014-06-10 00:00:00-04:00,8.709917650546934,8.94963991873232,8.709917650546934,8.91967487335205,915000,0.0,0.0
2014-06-11 00:00:00-04:00,9.009570829029931,9.229315762002658,8.909686075808434,9.149408340454102,1459300,0.0,0.0
2014-06-12 00:00:00-04:00,9.199351513402753,9.55893494149844,9.099466751534775,9.459051132202148,1479700,0.0,0.0
2014-06-13 00:00:00-04:00,9.499004356962859,9.618865493485123,9.319212175893645,9.578911781311035,885100,0.0,0.0
2014-06-16 00:00:00-04:00,9.648830188312042,9.648830188312042,9.379142879094891,9.389130592346191,733400,0.0,0.0
2014-06-17 00:00:00-04:00,9.289247838938326,9.518981463331597,9.129432978043582,9.47902774810791,919000,0.0,0.0
2014-06-18 00:00:00-04:00,9.528969375800264,9.918518782816431,9.419096905777483,9.898541450500488,1298800,0.0,0.0
2014-06-19 00:00:00-04:00,10.06834526070833,10.567767152420336,10.05835659425689,10.487859725952148,2166700,0.0,0.0
2014-06-20 00:00:00-04:00,10.417940613374356,10.60772050667091,10.258125765846389,10.457894325256348,1372100,0.0,0.0
2014-06-23 00:00:00-04:00,10.507837147737899,10.757548095706138,10.358010007413954,10.737570762634277,1551700,0.0,0.0
2014-06-24 00:00:00-04:00,10.797501727459196,10.957316580536391,10.367998595385487,10.407952308654785,1743800,0.0,0.0
2014-06-25 00:00:00-04:00,10.338034146054909,10.547791390984397,10.208184332282205,10.3779878616333,1277700,0.0,0.0
2014-06-26 00:00:00-04:00,10.358009562909265,10.567766788303908,10.268113473087041,10.537801742553711,923400,0.0,0.0
2014-06-27 00:00:00-04:00,10.567767626464308,10.717593819670078,10.367999051332712,10.527813911437988,887300,0.0,0.0
2014-06-30 00:00:00-04:00,10.477871835581208,10.837456233893603,10.348022019809703,10.797502517700195,820800,0.0,0.0
2014-07-01 00:00:00-04:00,10.767535700042684,10.917362838841193,10.607720847381605,10.647674560546875,893500,0.0,0.0
2014-07-02 00:00:00-04:00,10.637685651067999,10.837455164901774,10.637685651067999,10.707605361938477,905400,0.0,0.0
2014-07-03 00:00:00-04:00,10.617709612253226,10.827466846458478,10.46788247206566,10.81747817993164,705600,0.0,0.0
2014-07-07 00:00:00-04:00,10.737571033115504,10.857432176850981,10.487860078857004,10.51782512664795,807500,0.0,0.0
2014-07-08 00:00:00-04:00,10.627697832375935,10.667651544233408,10.278102139194317,10.537801742553711,1070500,0.0,0.0
2014-07-09 00:00:00-04:00,10.67763888241996,10.897384766197193,10.627697458782421,10.827466011047363,1246400,0.0,0.0
2014-07-10 00:00:00-04:00,11.017246514517884,11.276946123291188,10.687628146679325,10.7175931930542,2139100,0.0,0.0
2014-07-11 00:00:00-04:00,10.70760510835214,10.927350044250488,10.457894174545421,10.927350044250488,1953400,0.0,0.0
2014-07-14 00:00:00-04:00,10.567767058670054,10.597732105186878,10.118287550631067,10.23814868927002,2277100,0.0,0.0
2014-07-15 00:00:00-04:00,10.318056652853471,10.358010367815691,9.778681024577638,9.878565788269043,2011100,0.0,0.0
2014-07-16 00:00:00-04:00,9.918518769359874,10.18820608725777,9.86857639120941,10.058356285095215,1250100,0.0,0.0
2014-07-17 00:00:00-04:00,10.178217848694686,10.537802224426665,10.088322707333365,10.497848510742188,1951300,0.0,0.0
2014-07-18 00:00:00-04:00,10.397963633032521,10.497848392403588,10.248137446547585,10.487859725952148,1398600,0.0,0.0
2014-07-21 00:00:00-04:00,10.51782441679352,10.617709172784314,10.288090811614977,10.457894325256348,1236300,0.0,0.0
2014-07-22 00:00:00-04:00,10.437917733623047,10.477871448339844,10.248137826861187,10.27810287475586,777100,0.0,0.0
2014-07-23 00:00:00-04:00,10.258126030540817,10.407952215821402,10.14825260560151,10.158241271972656,702300,0.0,0.0
2014-07-24 00:00:00-04:00,10.088322756539974,10.148252851073169,9.978449328942988,10.098310470581055,1157000,0.0,0.0
2014-07-25 00:00:00-04:00,10.06834537420529,10.507837177306225,9.99842661340037,10.497848510742188,1286500,0.0,0.0
2014-07-28 00:00:00-04:00,10.437917212153128,10.687628154800676,10.437917212153128,10.637685775756836,1211800,0.0,0.0
2014-07-29 00:00:00-04:00,10.727582579208333,10.837456010908308,10.627698767065834,10.697617530822754,1145900,0.0,0.0
2014-07-30 00:00:00-04:00,10.657663218006807,10.78751302382751,10.487859699054477,10.727581977844238,820700,0.0,0.0
2014-07-31 00:00:00-04:00,10.627698426922198,10.717593569201803,10.48785995131223,10.58774471282959,1210000,0.0,0.0
2014-08-01 00:00:00-04:00,10.647674324495055,10.85743155210546,10.507836807802544,10.627697944641113,891400,0.0,0.0
2014-08-04 00:00:00-04:00,10.637686402604407,10.717593832754599,10.358010397078731,10.447906494140625,520000,0.0,0.0
2014-08-05 00:00:00-04:00,10.367998477396693,10.47787094949399,10.138263914283879,10.397963523864746,929800,0.0,0.0
2014-08-06 00:00:00-04:00,10.62769770159548,10.767535215090035,10.527812946895125,10.687627792358398,984800,0.0,0.0
2014-08-07 00:00:00-04:00,10.667651649686048,10.807489166283725,10.527813180516734,10.707605361938477,897200,0.0,0.0
2014-08-08 00:00:00-04:00,10.737570046799993,10.947327267212438,10.647673959113002,10.757547378540039,805200,0.0,0.0
2014-08-11 00:00:00-04:00,10.757548309347014,10.987281928805816,10.73757097587841,10.917363166809082,653500,0.0,0.0
2014-08-12 00:00:00-04:00,10.957316881174599,11.207027834102004,10.887397166606178,10.917363166809082,1053200,0.0,0.0
2014-08-13 00:00:00-04:00,10.767535982800904,10.78751331619398,10.188206650405325,10.348021507263184,1986900,0.0,0.0
2014-08-14 00:00:00-04:00,10.288091604774731,10.358010367815691,9.828623406423342,9.878565788269043,1665600,0.0,0.0
2014-08-15 00:00:00-04:00,9.738726959841895,9.968460574480687,9.648830866262657,9.848599433898926,1424900,0.0,0.0
2014-08-18 00:00:00-04:00,9.798658229776828,10.028391849652348,9.738727181833998,9.948484420776367,765200,0.0,0.0
2014-08-19 00:00:00-04:00,9.91851866975505,10.008414759008796,9.748715157291672,9.808645248413086,774800,0.0,0.0
2014-08-20 00:00:00-04:00,9.818634622229997,9.988438146933603,9.77868090774513,9.868577003479004,543300,0.0,0.0
2014-08-21 00:00:00-04:00,9.748715883465213,9.80864597905077,9.548947310560536,9.708762168884277,1128200,0.0,0.0
2014-08-22 00:00:00-04:00,9.748715510274488,9.868576649428888,9.648830751359993,9.838611602783203,652900,0.0,0.0
2014-08-25 00:00:00-04:00,9.818634286718636,9.888553046535044,9.67879581451416,9.67879581451416,677000,0.0,0.0
2014-08-26 00:00:00-04:00,9.838611576994838,10.118287567622035,9.798657864048094,10.078333854675293,847100,0.0,0.0
2014-08-27 00:00:00-04:00,10.05835653056374,10.20818366867158,9.948484058008649,9.99842643737793,732200,0.0,0.0
2014-08-28 00:00:00-04:00,10.168229819691797,10.228159912076052,10.048368682351645,10.148252487182617,759100,0.0,0.0
2014-08-29 00:00:00-04:00,10.098311042548785,10.30806829043896,10.058357326406453,10.228160858154297,607900,0.0,0.0
2014-09-02 00:00:00-04:00,10.018403314350964,10.088323029963627,9.85858845450208,9.878565788269043,794300,0.0,0.0
2014-09-03 00:00:00-04:00,9.928507217543041,10.038380648117926,9.85858845450208,9.878565788269043,724800,0.0,0.0
2014-09-04 00:00:00-04:00,9.928506289019822,9.988437332144196,9.309223288735474,9.39911937713623,1371900,0.0,0.0
2014-09-05 00:00:00-04:00,9.459050761786287,9.628854278769342,9.299235911113211,9.588900566101074,1067200,0.0,0.0
2014-09-08 00:00:00-04:00,9.508992808044658,9.528969187393995,9.229315876581028,9.239304542541504,915700,0.0,0.0
2014-09-09 00:00:00-04:00,9.259282347657116,9.389131201492752,8.999582734842516,9.279258728027344,1080600,0.0,0.0
2014-09-10 00:00:00-04:00,9.199351183976503,9.40910841433056,9.159397471174382,9.269269943237305,724400,0.0,0.0
2014-09-11 00:00:00-04:00,9.149409154445571,9.329201345211116,9.009571630580536,9.299236297607422,883400,0.0,0.0
2014-09-12 00:00:00-04:00,9.189363127365375,9.319212940730978,9.059513313999775,9.159398078918457,717500,0.0,0.0
2014-09-15 00:00:00-04:00,9.209339263037716,9.289246683546242,9.069500800862,9.139419555664062,641900,0.0,0.0
2014-09-16 00:00:00-04:00,9.129432550505802,9.319212450787857,9.009571410447924,9.19935131072998,747900,0.0,0.0
2014-09-17 00:00:00-04:00,9.199351580923057,9.249293962223607,8.919675579240346,8.979605674743652,1037900,0.0,0.0
2014-09-18 00:00:00-04:00,8.94964004993364,8.959628716064037,8.739882824053492,8.769847869873047,1022100,0.0,0.0
2014-09-19 00:00:00-04:00,8.73988298223381,8.829779073891107,8.360322235553914,8.38029956817627,2029000,0.0,0.0
2014-09-22 00:00:00-04:00,8.3303564823804,8.360321526199819,8.010726808115765,8.080645561218262,1653000,0.0,0.0
2014-09-23 00:00:00-04:00,8.2104961750903,8.340345981380425,8.080646368800176,8.310379981994629,1160900,0.0,0.0
2014-09-24 00:00:00-04:00,8.240460756126515,8.290403133041602,8.090634577952859,8.190518379211426,806200,0.0,0.0
2014-09-25 00:00:00-04:00,8.070657711413306,8.260438564116756,8.040692664565478,8.230472564697266,980400,0.0,0.0
2014-09-26 00:00:00-04:00,8.210495233049254,8.22048294579357,8.080645441657602,8.150564193725586,1103700,0.0,0.0
2014-09-29 00:00:00-04:00,8.220483796621192,8.240461129320606,8.04069256518474,8.0606689453125,735400,0.0,0.0
2014-09-30 00:00:00-04:00,7.9807616709454905,8.110611478238216,7.741039389438155,7.790981769561768,1052600,0.0,0.0
2014-10-01 00:00:00-04:00,7.860900168295268,8.030703681355211,7.780992744804898,7.80096960067749,1354000,0.0,0.0
2014-10-02 00:00:00-04:00,7.860900046575288,7.90085375770182,7.631165969454822,7.830935001373291,1145400,0.0,0.0
2014-10-03 00:00:00-04:00,7.671119586872145,7.701085107993893,7.321524380642682,7.341501235961914,1678600,0.0,0.0
2014-10-06 00:00:00-04:00,7.421408534658136,7.481339099625949,7.251605505392229,7.4114203453063965,1652900,0.0,0.0
2014-10-07 00:00:00-04:00,7.441385522924424,7.451374188740855,7.1217558373714445,7.141732692718506,1869100,0.0,0.0
2014-10-08 00:00:00-04:00,7.221640201076571,7.73105025670433,6.782148901862653,7.671119689941406,4013700,0.0,0.0
2014-10-09 00:00:00-04:00,7.761015799567491,7.780992655210058,7.191674699325605,7.351490020751953,2083100,0.0,0.0
2014-10-10 00:00:00-04:00,7.271582366530111,7.531281481610225,7.081802005828669,7.21165132522583,1439300,0.0,0.0
2014-10-13 00:00:00-04:00,7.321524496533684,7.641154662986563,7.231628408031291,7.391443729400635,1306300,0.0,0.0
2014-10-14 00:00:00-04:00,7.401432050684074,7.641154798857817,7.201663490777468,7.241617202758789,2290200,0.0,0.0
2014-10-15 00:00:00-04:00,7.111767505502551,7.481339584920096,7.091790649217437,7.371467113494873,1819200,0.0,0.0
2014-10-16 00:00:00-04:00,7.301547628287519,7.771004449338304,7.261593917085641,7.591212272644043,1553300,0.0,0.0
2014-10-17 00:00:00-04:00,7.591211922369192,7.711073050444178,7.111766933783465,7.161709308624268,1944900,0.0,0.0
2014-10-20 00:00:00-04:00,7.23162853003711,7.341501476028626,7.051836826284841,7.321524620056152,940800,0.0,0.0
2014-10-21 00:00:00-04:00,7.461362611863472,7.591212413827463,7.271582718267874,7.321524620056152,986900,0.0,0.0
2014-10-22 00:00:00-04:00,7.211651587590492,7.261593965065732,6.862056374121243,6.872045040130615,1330700,0.0,0.0
2014-10-23 00:00:00-04:00,6.832090977197031,6.842079166406764,6.502472636417487,6.642310619354248,2630100,0.0,0.0
2014-10-24 00:00:00-04:00,6.65229868932574,6.842079043766829,6.5224493742119645,6.752183437347412,1551600,0.0,0.0
2014-10-27 00:00:00-04:00,6.702241063189488,6.722217917536229,6.36263406300912,6.392599582672119,1063100,0.0,0.0
2014-10-28 00:00:00-04:00,6.452530839206494,6.692253117131846,6.382611603335352,6.652299404144287,1024600,0.0,0.0
2014-10-29 00:00:00-04:00,6.5524146674547366,6.642310753587961,6.15287708898971,6.2527618408203125,2592800,0.0,0.0
2014-10-30 00:00:00-04:00,6.122912596401571,6.152877643623229,5.573548316955566,5.573548316955566,3468300,0.0,0.0
2014-10-31 00:00:00-04:00,5.203976163712739,5.283883590395449,4.824415410684034,5.124068737030029,4677600,0.0,0.0
2014-11-03 00:00:00-05:00,5.174010384731567,5.383767607545018,5.064137916618471,5.343813896179199,2141300,0.0,0.0
2014-11-04 00:00:00-05:00,5.293871767328114,5.313848622151451,4.994218468692263,5.004207134246826,2283100,0.0,0.0
2014-11-05 00:00:00-05:00,4.804438366691927,4.89433445634791,4.604669807773976,4.6246466636657715,3641400,0.0,0.0
2014-11-06 00:00:00-05:00,4.734519117545268,4.994218719580652,4.684577216120949,4.82441520690918,2371400,0.0,0.0
2014-11-07 00:00:00-05:00,4.954265195351775,5.353802803290305,4.9143114821865055,5.3238372802734375,2582300,0.0,0.0
2014-11-10 00:00:00-05:00,5.2838834884141255,5.35380272355494,4.8543808401412365,4.914311408996582,2606900,0.0,0.0
2014-11-11 00:00:00-05:00,5.064137927235722,5.273895150488941,4.944276316601162,5.183999061584473,2546700,0.0,0.0
2014-11-12 00:00:00-05:00,4.994218834137043,5.154033684417965,4.764484748715306,4.914311408996582,3433600,0.0,0.0
2014-11-13 00:00:00-05:00,4.944276716392786,5.034172812566205,4.704554428311466,4.774473667144775,2439800,0.0,0.0
2014-11-14 00:00:00-05:00,4.644624000349243,5.283883931345959,4.604670284429814,5.273895740509033,3209200,0.0,0.0
2014-11-17 00:00:00-05:00,5.16402221152726,5.183999067273976,4.934288132297113,5.104091644287109,2821100,0.0,0.0
2014-11-18 00:00:00-05:00,5.2439296099410875,5.493640543747806,5.213964088318526,5.463675022125244,2335400,0.0,0.0
2014-11-19 00:00:00-05:00,5.443698707615656,5.463675565254608,5.004207839558733,5.064138412475586,3421600,0.0,0.0
2014-11-20 00:00:00-05:00,5.174010753631592,5.243929991649826,5.02418456347027,5.174010753631592,2017500,0.0,0.0
2014-11-21 00:00:00-05:00,5.353802812512749,5.453687095597984,5.1340569134394,5.243929862976074,3243500,0.0,0.0
2014-11-24 00:00:00-05:00,5.084114925562973,5.0941031155626195,4.784461605000422,4.914311408996582,4417600,0.0,0.0
2014-11-25 00:00:00-05:00,4.9342882575327165,5.0641380613249565,4.864369022501705,4.994218826293945,2429700,0.0,0.0
2014-11-26 00:00:00-05:00,4.984230302423758,4.984230302423758,4.754496687085131,4.804438591003418,2204000,0.0,0.0
2014-11-28 00:00:00-05:00,4.554727478456473,4.554727478456473,4.0453174096423155,4.06529426574707,2533400,0.0,0.0
2014-12-01 00:00:00-05:00,4.185155381605479,4.374935751801716,4.105247957583025,4.30501651763916,2521000,0.0,0.0
2014-12-02 00:00:00-05:00,4.195143595996104,4.344970255057212,4.015351890894266,4.025340557098389,2183400,0.0,0.0
2014-12-03 00:00:00-05:00,4.125224585680687,4.374935510097884,4.0652940209748545,4.28503942489624,1844200,0.0,0.0
2014-12-04 00:00:00-05:00,4.344970367201535,4.364947223839566,4.135213134359282,4.1551899909973145,1758800,0.0,0.0
2014-12-05 00:00:00-05:00,4.0553052425168294,4.2151200772845385,4.015351533824902,4.075282096862793,1312100,0.0,0.0
2014-12-08 00:00:00-05:00,4.145201815081341,4.145201815081341,3.7456642046603985,4.0353288650512695,2978700,0.0,0.0
2014-12-09 00:00:00-05:00,4.195143441585608,4.714542157937024,4.125224685873522,4.574704170227051,3083800,0.0,0.0
2014-12-10 00:00:00-05:00,4.614658238083565,4.8344041406318325,4.504785763095269,4.60467004776001,2917600,0.0,0.0
2014-12-11 00:00:00-05:00,4.5247623904490535,4.784461517400663,4.494796868427114,4.544739246368408,2450200,0.0,0.0
2014-12-12 00:00:00-05:00,4.494796961752694,4.954265133723613,4.484808295442715,4.794450283050537,3007700,0.0,0.0
2014-12-15 00:00:00-05:00,4.744507818771895,5.213964172326724,4.364947078961548,4.384923934936523,6183200,0.0,0.0
2014-12-16 00:00:00-05:00,4.544739390953375,4.604669960618052,4.2650629228990535,4.315005302429199,3208900,0.0,0.0
2014-12-17 00:00:00-05:00,4.344969980391774,4.6745883237180355,4.275051226526076,4.644623279571533,3508400,0.0,0.0
2014-12-18 00:00:00-05:00,4.754496562540778,4.8743577003479,4.5747043795442695,4.8743577003479,2997300,0.0,0.0
2014-12-19 00:00:00-05:00,4.844392606973474,5.14404595432683,4.794450699938492,5.114080429077148,26663300,0.0,0.0
2014-12-22 00:00:00-05:00,4.954265282229521,5.004207662704811,4.594681381150616,4.60467004776001,4051500,0.0,0.0
2014-12-23 00:00:00-05:00,4.574704410758784,4.944276492995354,4.52476250780796,4.554727554321289,1900200,0.0,0.0
2014-12-24 00:00:00-05:00,4.514773933643721,4.824415452891079,4.454843363107377,4.764484882354736,1299700,0.0,0.0
2014-12-26 00:00:00-05:00,4.934288269251462,4.994218838155024,4.864369034054395,4.8743577003479,1246000,0.0,0.0
2014-12-29 00:00:00-05:00,4.8943347005290345,4.8943347005290345,4.654611941581777,4.684577465057373,1754900,0.0,0.0
2014-12-30 00:00:00-05:00,4.824415419660514,5.08411503314836,4.7345193263322845,5.044161319732666,2221700,0.0,0.0
2014-12-31 00:00:00-05:00,4.974242204645005,5.054149633428725,4.804438680336679,5.014195919036865,2261800,0.0,0.0
2015-01-02 00:00:00-05:00,4.864369225133971,5.223953128966148,4.744508082618527,5.213964462280273,2392100,0.0,0.0
2015-01-05 00:00:00-05:00,5.303860515487537,5.533594608306885,5.203976230845612,5.533594608306885,2906000,0.0,0.0
2015-01-06 00:00:00-05:00,5.573548020280618,6.40258825233361,5.503629262961236,6.352646350860596,5724400,0.0,0.0
2015-01-07 00:00:00-05:00,6.122911692754343,6.412576313338149,5.913154488016309,6.182842254638672,4826400,0.0,0.0
2015-01-08 00:00:00-05:00,6.232785152378114,6.462519247972645,5.833248008984013,5.903166770935059,3117000,0.0,0.0
2015-01-09 00:00:00-05:00,5.923142790741355,6.262749790901444,5.923142790741355,6.232784271240234,2429000,0.0,0.0
2015-01-12 00:00:00-05:00,6.30270372197699,7.141732586665826,6.28272686692658,6.772160530090332,4658600,0.0,0.0
2015-01-13 00:00:00-05:00,6.971929345348541,6.991906201157559,6.372623194792199,6.512461185455322,4551400,0.0,0.0
2015-01-14 00:00:00-05:00,6.472507785637547,6.532438355951637,5.803282369368126,5.893178462982178,3971200,0.0,0.0
2015-01-15 00:00:00-05:00,6.3326699145124845,6.40258867646353,5.883189913765354,5.903166770935059,2988900,0.0,0.0
2015-01-16 00:00:00-05:00,5.96309649943245,6.312692164908203,5.933131456057017,6.232784271240234,2536500,0.0,0.0
2015-01-20 00:00:00-05:00,6.40258812790977,6.612345348363251,6.242773284244565,6.42256498336792,2529000,0.0,0.0
2015-01-21 00:00:00-05:00,6.552415027146942,6.612345595763691,6.182842949200744,6.402588367462158,2799100,0.0,0.0
2015-01-22 00:00:00-05:00,6.462518457206649,6.5624032071189315,6.2227962005030575,6.282726764678955,2381500,0.0,0.0
2015-01-23 00:00:00-05:00,6.182843119209839,6.242773689474494,5.84323607809096,5.933132171630859,2480800,0.0,0.0
2015-01-26 00:00:00-05:00,5.903166050916856,6.202819348199105,5.823258631984467,6.16286563873291,2380700,0.0,0.0
2015-01-27 00:00:00-05:00,6.182842597986195,6.622333885829672,6.142888887844587,6.572391510009766,2996200,0.0,0.0
2015-01-28 00:00:00-05:00,6.332669019430661,6.542426228207661,6.01303887360719,6.072969436645508,2672200,0.0,0.0
2015-01-29 00:00:00-05:00,5.903166658160744,6.082958845539178,5.6534557101669956,5.853224754333496,2631200,0.0,0.0
2015-01-30 00:00:00-05:00,5.873200780093423,6.272738335608048,5.753339656324766,6.182842254638672,2340500,0.0,0.0
2015-02-02 00:00:00-05:00,5.9930622451478435,6.462518578118675,5.943119869257293,6.332669258117676,2171900,0.0,0.0
2015-02-03 00:00:00-05:00,6.282727129049022,6.382611408468359,6.003051146674876,6.192831039428711,2216000,0.0,0.0
2015-02-04 00:00:00-05:00,6.3027041016286605,6.352646480405928,6.122912395344974,6.242773532867432,1862000,0.0,0.0
2015-02-05 00:00:00-05:00,6.172854174934094,6.402588255421013,6.122912273436998,6.312692642211914,2023400,0.0,0.0
2015-02-06 00:00:00-05:00,6.033015965606709,6.292715558621985,5.9630967344981824,6.052992820739746,2875000,0.0,0.0
2015-02-09 00:00:00-05:00,6.142888546715786,6.302703378407329,6.072969319707852,6.182842254638672,1548800,0.0,0.0
2015-02-10 00:00:00-05:00,6.033015960864452,6.172853946685791,5.9131548301604475,6.172853946685791,1797000,0.0,0.0
2015-02-11 00:00:00-05:00,6.142889400700789,6.2028199709166705,5.933132166802286,5.973085880279541,1912800,0.0,0.0
2015-02-12 00:00:00-05:00,6.0729702950204745,6.092947152190179,5.823259342256239,5.903166770935059,1793200,0.0,0.0
2015-02-13 00:00:00-05:00,5.983073353945143,6.152876854029931,5.963096499599037,6.072969436645508,1888300,0.0,0.0
2015-02-17 00:00:00-05:00,5.92314338684082,6.052993191297729,5.893178340449733,5.92314338684082,1166600,0.0,0.0
2015-02-18 00:00:00-05:00,5.893178207184559,6.122912288226382,5.833247639471798,6.112923622131348,1871700,0.0,0.0
2015-02-19 00:00:00-05:00,6.132900749366426,6.18284312947951,5.813271040757363,5.853224754333496,1817500,0.0,0.0
2015-02-20 00:00:00-05:00,5.873201522698895,5.943120282261564,5.4636752502803105,5.5635600090026855,3380000,0.0,0.0
2015-02-23 00:00:00-05:00,5.443698291757176,5.553571238520851,5.2539183968278556,5.39375638961792,2042500,0.0,0.0
2015-02-24 00:00:00-05:00,5.373779506589619,5.743351580969495,5.313848938551192,5.713386058807373,1775000,0.0,0.0
2015-02-25 00:00:00-05:00,5.793293936826785,6.292715811508894,5.7633284147801005,5.993062496185303,2971000,0.0,0.0
2015-02-26 00:00:00-05:00,6.112923145337719,6.242772936730296,6.023027538923132,6.072969436645508,1564300,0.0,0.0
2015-02-27 00:00:00-05:00,6.132900236451123,6.232784512037793,6.07296967109912,6.172853946685791,1216700,0.0,0.0
2015-03-02 00:00:00-05:00,6.172853708376037,6.232784271414355,5.963096499599037,6.072969436645508,1249500,0.0,0.0
2015-03-03 00:00:00-05:00,6.112923877449931,6.262750541132552,5.933132166802286,5.973085880279541,1637900,0.0,0.0
2015-03-04 00:00:00-05:00,5.993062751849961,6.023028275174978,5.753340470393163,5.853224754333496,1376400,0.0,0.0
2015-03-05 00:00:00-05:00,5.84323632909131,5.983074332382345,5.753340707975714,5.833248138427734,963500,0.0,0.0
2015-03-06 00:00:00-05:00,5.593525184394821,5.743351849642667,5.373779757974262,5.493640899658203,2132300,0.0,0.0
2015-03-09 00:00:00-04:00,5.533594421430825,5.5435830877006085,4.994218826293945,4.994218826293945,2087300,0.0,0.0
2015-03-10 00:00:00-04:00,4.944276459259144,5.0841149296532775,4.7844616088496466,4.8743577003479,2633200,0.0,0.0
2015-03-11 00:00:00-04:00,4.874357681357722,5.084114909845899,4.674588642838314,5.074126243591309,2131100,0.0,0.0
2015-03-12 00:00:00-04:00,5.124068746564054,5.183999316687596,4.994218939820131,5.044161319732666,1583300,0.0,0.0
2015-03-13 00:00:00-04:00,5.094103204693905,5.213964344501801,4.92429968515647,5.203976154327393,1195900,0.0,0.0
2015-03-16 00:00:00-04:00,5.223953134542594,5.303860562971523,5.0341727538809655,5.174010753631592,1799300,0.0,0.0
2015-03-17 00:00:00-04:00,5.0941032185829895,5.283883595272511,5.044161315003115,5.084115028381348,1400100,0.0,0.0
2015-03-18 00:00:00-04:00,5.044160945690641,5.423721194994029,4.984229903725361,5.413733005523682,2001000,0.0,0.0
2015-03-19 00:00:00-04:00,5.323837367441171,5.663444411192216,5.283883653621735,5.573548316955566,1499000,0.0,0.0
2015-03-20 00:00:00-04:00,5.673432715529401,5.9331323368610445,5.623490810394287,5.623490810394287,6311100,0.0,0.0
2015-03-23 00:00:00-04:00,5.803281778026206,6.142888784819993,5.783304923290441,6.1229119300842285,2205400,0.0,0.0
2015-03-24 00:00:00-04:00,6.14288878734604,6.14288878734604,5.953108429135341,6.003050804138184,1498000,0.0,0.0
2015-03-25 00:00:00-04:00,6.043004997144874,6.132900612542704,5.913155192776446,5.963097095489502,1311500,0.0,0.0
2015-03-26 00:00:00-04:00,6.052993579042964,6.242773964724903,5.713386522950455,5.793294429779053,1879000,0.0,0.0
2015-03-27 00:00:00-04:00,5.813271157456564,5.933132300591129,5.593525252090682,5.863213062286377,1405000,0.0,0.0
2015-03-30 00:00:00-04:00,5.74335183883109,5.8132710761580215,5.52360641282419,5.573548316955566,1399000,0.0,0.0
2015-03-31 00:00:00-04:00,5.5835368827997955,5.623490595898277,5.273895368143651,5.403744697570801,2107100,0.0,0.0
2015-04-01 00:00:00-04:00,5.463675726222793,5.583537351873661,5.313849527659481,5.523606777191162,2377900,0.0,0.0
2015-04-02 00:00:00-04:00,5.473663924752669,5.633478776887225,5.3737796421685715,5.483652114868164,1309900,0.0,0.0
2015-04-06 00:00:00-04:00,5.743351584388049,5.7633284404127485,5.573548070035193,5.673432350158691,1121900,0.0,0.0
2015-04-07 00:00:00-04:00,5.333825706480649,5.573547974675559,5.333825706480649,5.343813896179199,1815300,0.0,0.0
2015-04-08 00:00:00-04:00,5.243929877054095,5.313849113544382,5.054149500539742,5.124068737030029,2918800,0.0,0.0
2015-04-09 00:00:00-04:00,5.0541497521819405,5.144045849818763,4.994219179186011,5.024184703826904,1311300,0.0,0.0
2015-04-10 00:00:00-04:00,5.1540339021118,5.1939876163695775,5.024184568916943,5.13405704498291,1518800,0.0,0.0
2015-04-13 00:00:00-04:00,5.134056936775062,5.144045603271902,5.034172653235826,5.044161319732666,731400,0.0,0.0
2015-04-14 00:00:00-04:00,5.054149633428725,5.154033919408375,4.954265347449075,5.014195919036865,1143800,0.0,0.0
2015-04-15 00:00:00-04:00,5.024184665561079,5.293872480131659,4.974242283635254,5.263906955718994,1819000,0.0,0.0
2015-04-16 00:00:00-04:00,5.273895400203027,5.313849113544382,5.074126357210419,5.124068737030029,1516000,0.0,0.0
2015-04-17 00:00:00-04:00,5.2039761685160455,5.283883595272511,5.024184458313998,5.084115028381348,1198600,0.0,0.0
2015-04-20 00:00:00-04:00,5.01419544027139,5.064137816635538,4.904322498041743,5.054149150848389,1503700,0.0,0.0
2015-04-21 00:00:00-04:00,5.044161448797588,5.074126496483158,4.944276686416768,4.974242210388184,1294500,0.0,0.0
2015-04-22 00:00:00-04:00,4.954264762564226,4.98422980667762,4.8044381131398906,4.844391822814941,1391900,0.0,0.0
2015-04-23 00:00:00-04:00,4.874357818051909,4.954265245186229,4.754496677350428,4.884346008300781,1282300,0.0,0.0
2015-04-24 00:00:00-04:00,4.864369161476865,4.984230302423758,4.754496687085131,4.804438591003418,1621200,0.0,0.0
2015-04-27 00:00:00-04:00,4.854380597963393,5.094102861425388,4.794450032097894,5.054149150848389,2156000,0.0,0.0
2015-04-28 00:00:00-04:00,5.074126357210419,5.174010640563807,4.944276550708099,5.124068737030029,2056700,0.0,0.0
2015-04-29 00:00:00-04:00,5.104091766069257,5.243929759632768,5.014195674921233,5.074126243591309,2176000,0.0,0.0
2015-04-30 00:00:00-04:00,4.944276823486262,5.054149779379649,4.824415676849399,4.8643693923950195,2710700,0.0,0.0
2015-05-01 00:00:00-04:00,4.804438109727663,5.024183989070163,4.804438109727663,5.004207134246826,1120000,0.0,0.0
2015-05-04 00:00:00-04:00,5.104092238184498,5.174011003290646,5.044161663971,5.114080429077148,1078500,0.0,0.0
2015-05-05 00:00:00-04:00,5.183999075576839,5.233940976880715,4.964253185725194,4.984230041503906,1061400,0.0,0.0
2015-05-06 00:00:00-04:00,5.044160847475986,5.07412589158938,4.794449923864022,4.844391822814941,1609800,0.0,0.0
2015-05-07 00:00:00-04:00,4.754496577933566,4.814427147031154,4.514773825257389,4.714542388916016,2121700,0.0,0.0
2015-05-08 00:00:00-04:00,4.764484744943978,4.994218830183868,4.684577319866768,4.954265117645264,1488200,0.0,0.0
2015-05-11 00:00:00-04:00,4.934288490253145,5.0841151573655425,4.924299823512258,5.014195919036865,957800,0.0,0.0
2015-05-12 00:00:00-04:00,5.034172293654257,5.1540334253398825,4.994218583092382,5.09410285949707,954400,0.0,0.0
2015-05-13 00:00:00-04:00,5.253918529427513,5.373779669129796,5.154033770056447,5.243929862976074,1833700,0.0,0.0
2015-05-14 00:00:00-04:00,5.333825706480649,5.4736636962610135,5.303860184813381,5.343813896179199,1339100,0.0,0.0
2015-05-15 00:00:00-04:00,5.3438141323563055,5.493640794742822,5.323837275790492,5.363790988922119,1207800,0.0,0.0
2015-05-18 00:00:00-04:00,5.3737798910868815,5.483652368875867,5.323837509338542,5.383768081665039,621100,0.0,0.0
2015-05-19 00:00:00-04:00,5.213964344501801,5.363791007404587,5.203976154327393,5.203976154327393,1015800,0.0,0.0
2015-05-20 00:00:00-04:00,5.2239528882462585,5.343814025238499,5.213964222020662,5.233941078186035,851700,0.0,0.0
2015-05-21 00:00:00-04:00,5.23394131936618,5.293872366909746,5.164022557708425,5.213964462280273,432200,0.0,0.0
2015-05-22 00:00:00-04:00,5.213964580158612,5.333826201669754,5.183999531995216,5.2239532470703125,763300,0.0,0.0
2015-05-26 00:00:00-04:00,5.0241843527307335,5.124068634077247,4.884345882559793,4.954265117645264,1493400,0.0,0.0
2015-05-27 00:00:00-04:00,4.964253435435102,4.99421895875339,4.844392294733621,4.884346008300781,840400,0.0,0.0
2015-05-28 00:00:00-04:00,4.844392394728539,5.034172776232795,4.844392394728539,5.014195919036865,963100,0.0,0.0
2015-05-29 00:00:00-04:00,5.0241843527307335,5.074126255261079,4.9242995950983985,4.954265117645264,623400,0.0,0.0
2015-06-01 00:00:00-04:00,5.01419556331488,5.154033553765865,4.954264995978743,4.984230041503906,922300,0.0,0.0
2015-06-02 00:00:00-04:00,5.024184104156689,5.144045235842314,4.984229917309014,5.09410285949707,870200,0.0,0.0
2015-06-03 00:00:00-04:00,5.034172787951668,5.124068883685542,4.924299834975362,4.934288501739502,835000,0.0,0.0
2015-06-04 00:00:00-04:00,4.874357578645836,5.004207379504398,4.854380722843427,4.904322624206543,880100,0.0,0.0
2015-06-05 00:00:00-04:00,4.844392423623157,4.934288519683954,4.814427375793457,4.814427375793457,932000,0.0,0.0
2015-06-08 00:00:00-04:00,4.814427247701168,4.894334674835489,4.714542487497432,4.884346008300781,955600,0.0,0.0
2015-06-09 00:00:00-04:00,4.924299602957957,4.974241981853837,4.824415321452021,4.8743577003479,760300,0.0,0.0
2015-06-10 00:00:00-04:00,4.9542651255526495,4.994218838155024,4.854380844046713,4.8743577003479,798100,0.0,0.0
2015-06-11 00:00:00-04:00,4.854381096505215,4.864369287032346,4.714542618838597,4.774473667144775,781100,0.0,0.0
2015-06-12 00:00:00-04:00,4.744507908083431,4.814427143454926,4.714542385413983,4.7544965744018555,883100,0.0,0.0
2015-06-15 00:00:00-04:00,4.794450030283007,5.114079714778008,4.714542132873457,5.09410285949707,2151900,0.0,0.0
2015-06-16 00:00:00-04:00,5.054149509943673,5.124068746564054,5.014195796527979,5.044161319732666,1059600,0.0,0.0
2015-06-17 00:00:00-04:00,5.0341727538809655,5.193987610738824,5.0141958967737335,5.174010753631592,1225400,0.0,0.0
2015-06-18 00:00:00-04:00,5.273895260041034,5.443698299086096,5.233941071475691,5.313848972320557,1861300,0.0,0.0
2015-06-19 00:00:00-04:00,5.273895150488941,5.333825717663316,5.124068494410097,5.183999061584473,2630600,0.0,0.0
2015-06-22 00:00:00-04:00,5.124068486292228,5.373779420599424,5.114079820302752,5.303860187530518,1859900,0.0,0.0
2015-06-23 00:00:00-04:00,5.253918543532349,5.263906733724772,5.094103213881096,5.124068737030029,865900,0.0,0.0
2015-06-24 00:00:00-04:00,5.094102861425388,5.183998948366536,5.01419544027139,5.054149150848389,961600,0.0,0.0
2015-06-25 00:00:00-04:00,5.054149500539742,5.154033783893129,5.044161310347319,5.124068737030029,725500,0.0,0.0
2015-06-26 00:00:00-04:00,5.074126380819582,5.183999331162448,4.914311526710566,4.924299716949463,1121200,0.0,0.0
2015-06-29 00:00:00-04:00,4.984230418687256,5.014195942765881,4.844392417653982,4.854381084442139,986200,0.0,0.0
2015-06-30 00:00:00-04:00,4.82441520690918,4.984230053524301,4.774473305484861,4.82441520690918,1120100,0.0,0.0
2015-07-01 00:00:00-04:00,4.804438489170587,4.854380868316153,4.5946812588165304,4.634634971618652,1352100,0.0,0.0
2015-07-02 00:00:00-04:00,4.694565532550153,4.784461624339447,4.654611819818427,4.714542388916016,886700,0.0,0.0
2015-07-06 00:00:00-04:00,4.6945658631832,4.934288632742786,4.6945658631832,4.8643693923950195,1146800,0.0,0.0
2015-07-07 00:00:00-04:00,4.704554321945825,4.7844617494996315,4.534750800251067,4.684577465057373,1567900,0.0,0.0
2015-07-08 00:00:00-04:00,4.714542397222898,4.804438489170587,4.574704402415469,4.634634971618652,997900,0.0,0.0
2015-07-09 00:00:00-04:00,4.7145425281367626,4.734519385092543,4.494797101623177,4.564716339111328,1441400,0.0,0.0
2015-07-10 00:00:00-04:00,4.574704301428647,4.654611725268932,4.414889453748077,4.424877643585205,1138500,0.0,0.0
2015-07-13 00:00:00-04:00,4.384924145211742,4.614658238083565,4.324993574412898,4.60467004776001,899700,0.0,0.0
2015-07-14 00:00:00-04:00,4.584692838212527,4.684577115195042,4.504785416626516,4.534750461578369,693800,0.0,0.0
2015-07-15 00:00:00-04:00,4.484808335898164,4.514773858812584,4.38492405332648,4.3949127197265625,609400,0.0,0.0
2015-07-16 00:00:00-04:00,4.3649470637712735,4.654611712543274,4.34497020786582,4.58469295501709,1208700,0.0,0.0
2015-07-17 00:00:00-04:00,4.454843057539855,4.494796768490238,4.165178415006682,4.215120315551758,2003300,0.0,0.0
2015-07-20 00:00:00-04:00,4.085271027334418,4.165178449904688,3.6357912990908416,3.6757450103759766,2406800,0.0,0.0
2015-07-21 00:00:00-04:00,3.895490649876531,4.005363593751462,3.7656408504139582,3.835559844970703,1487600,0.0,0.0
2015-07-22 00:00:00-04:00,3.7456641178012924,3.8655252552623365,3.60582588595383,3.7656409740448,1257900,0.0,0.0
2015-07-23 00:00:00-04:00,3.78561785693006,3.7956062851221084,3.4460110602574994,3.50594162940979,1802200,0.0,0.0
2015-07-24 00:00:00-04:00,3.4260341960015763,3.595837474876252,3.156346397293003,3.5858490467071533,2740900,0.0,0.0
2015-07-27 00:00:00-04:00,3.455999403661721,3.455999403661721,3.05646180949602,3.0764386653900146,4207100,0.0,0.0
2015-07-28 00:00:00-04:00,3.1962999109302808,3.256230476212892,3.106403824863466,3.1863114833831787,1506800,0.0,0.0
2015-07-29 00:00:00-04:00,3.196300154697444,3.2362538679329385,3.106404061774666,3.146358013153076,1804600,0.0,0.0
2015-07-30 00:00:00-04:00,3.1163921357296633,3.136369228218802,3.0065194368252883,3.016507863998413,1455800,0.0,0.0
2015-07-31 00:00:00-04:00,3.0664501190185547,3.146357777651453,3.0364848363348043,3.0664501190185547,1584900,0.0,0.0
2015-08-03 00:00:00-04:00,3.0464731455177883,3.1463576553919266,3.0065194368252883,3.016507863998413,895900,0.0,0.0
2015-08-04 00:00:00-04:00,3.046473515347905,3.1163925140476767,2.9066355179483625,2.946589231491089,1872600,0.0,0.0
2015-08-05 00:00:00-04:00,2.9965312596362583,3.0664502556810898,2.846704601397282,2.8566930294036865,1286500,0.0,0.0
2015-08-06 00:00:00-04:00,2.876669883574663,3.036484718344663,2.8467043639123997,3.016507863998413,1534800,0.0,0.0
2015-08-07 00:00:00-04:00,3.026496410369873,3.276207337675733,3.0165079828033545,3.026496410369873,2354300,0.0,0.0
2015-08-10 00:00:00-04:00,3.076438645498827,3.3760919582571014,3.0264965060867497,3.3561148643493652,2097100,0.0,0.0
2015-08-11 00:00:00-04:00,3.515929933302145,3.5958373560135426,3.356114849736446,3.5758605003356934,2194800,0.0,0.0
2015-08-12 00:00:00-04:00,3.745664209127426,4.005363822910795,3.655768353839818,3.995375156402588,3162000,0.0,0.0
2015-08-13 00:00:00-04:00,3.8355598514560967,3.925455939895388,3.665756578674031,3.735675573348999,2164900,0.0,0.0
2015-08-14 00:00:00-04:00,3.77562928328786,3.925455938539665,3.6957218608297797,3.75565242767334,1223900,0.0,0.0
2015-08-17 00:00:00-04:00,3.8255712935891975,4.015351653683711,3.7856175837046466,4.005363464355469,1763000,0.0,0.0
2015-08-18 00:00:00-04:00,3.875514037735417,3.8954908945779363,3.7356758016948644,3.8155832290649414,1263600,0.0,0.0
2015-08-19 00:00:00-04:00,3.8855023329101037,3.985386613697341,3.855536810531022,3.9454329013824463,1224500,0.0,0.0
2015-08-20 00:00:00-04:00,4.075282583324906,4.115236296786065,3.9753982996720083,3.995375156402588,2241600,0.0,0.0
2015-08-21 00:00:00-04:00,4.015351791593457,4.025340457550557,3.7057102912104614,3.715698719024658,2189100,0.0,0.0
2015-08-24 00:00:00-04:00,3.535906798729977,3.6757450270034195,3.3261495753912658,3.4360225200653076,2652400,0.0,0.0
2015-08-25 00:00:00-04:00,3.6258028998371974,3.6258028998371974,3.256230591252037,3.276207447052002,1532600,0.0,0.0
2015-08-26 00:00:00-04:00,3.2462420515957757,3.256230479151893,3.046473262330533,3.1064038276672363,1651900,0.0,0.0
2015-08-27 00:00:00-04:00,3.146357766297341,3.416045547620782,3.136369338772136,3.386080265045166,1759100,0.0,0.0
2015-08-28 00:00:00-04:00,3.3860803753066877,3.6258028818606385,3.3661032814628626,3.515929937362671,1681900,0.0,0.0
2015-08-31 00:00:00-04:00,3.4559993743896484,3.585848936600795,3.296184290448409,3.4559993743896484,1206000,0.0,0.0
2015-09-01 00:00:00-04:00,3.4559993889607443,3.5658720959103416,3.2362537369186435,3.256230592727661,1595700,0.0,0.0
2015-09-02 00:00:00-04:00,3.3061727416405495,3.3860804032464835,3.0464733772428034,3.136369466781616,2077900,0.0,0.0
2015-09-03 00:00:00-04:00,3.0964152813610712,3.326149344484177,3.026496291149701,3.036484718322754,2427700,0.0,0.0
2015-09-04 00:00:00-04:00,3.036484959964355,3.116392383707762,2.8866585404454668,2.9965312480926514,3110100,0.0,0.0
2015-09-08 00:00:00-04:00,3.056461572690913,3.086426854210288,2.956577300959663,3.016507863998413,1594500,0.0,0.0
2015-09-09 00:00:00-04:00,2.996531381039982,3.126381188526982,2.856693145141899,2.8866586685180664,1424700,0.0,0.0
2015-09-10 00:00:00-04:00,2.9665661060755775,2.976554534521236,2.7468204421281732,2.806751012802124,2893300,0.0,0.0
2015-09-11 00:00:00-04:00,2.7767856053524502,2.866681457410091,2.656924469275596,2.8566930294036865,2276100,0.0,0.0
2015-09-14 00:00:00-04:00,2.8267277439962033,2.8966469781496045,2.75680874798571,2.8766701221466064,3872400,0.0,0.0
2015-09-15 00:00:00-04:00,2.8666816775366155,3.056462062374051,2.8467048199898253,2.9765546321868896,3083600,0.0,0.0
2015-09-16 00:00:00-04:00,3.0564616893858934,3.1263809204101562,2.9965311240590085,3.1263809204101562,2691600,0.0,0.0
2015-09-17 00:00:00-04:00,3.096415397316364,3.24624204866579,3.0364848320337527,3.1863114833831787,2905900,0.0,0.0
2015-09-18 00:00:00-04:00,3.2562305942215026,3.366103301221506,3.1463578872215,3.2362537384033203,18162200,0.0,0.0
2015-09-21 00:00:00-04:00,3.2362537384033203,3.3261495895851407,3.1763231709487734,3.2362537384033203,1733600,0.0,0.0
2015-09-22 00:00:00-04:00,3.1563462043964625,3.1763230595137966,3.0764385457842285,3.0864269733428955,975400,0.0,0.0
2015-09-23 00:00:00-04:00,3.1563464631297546,3.1563464631297546,2.9366008006831024,2.9665660858154297,1492600,0.0,0.0
2015-09-24 00:00:00-04:00,3.0364848284769383,3.2961841825402844,2.986542690799929,3.286195755004883,2195600,0.0,0.0
2015-09-25 00:00:00-04:00,3.2262654304504395,3.356114998096579,3.1663348607676056,3.2262654304504395,1278100,0.0,0.0
2015-09-28 00:00:00-04:00,3.1064040805715334,3.116392508940847,2.9865429401397705,2.9865429401397705,1324300,0.0,0.0
2015-09-29 00:00:00-04:00,3.016508227702642,3.106404083099625,2.9565776574379874,2.9665660858154297,877800,0.0,0.0
2015-09-30 00:00:00-04:00,2.956577301032283,3.20628821850943,2.936600446685542,3.1962997913360596,1652200,0.0,0.0
2015-10-01 00:00:00-04:00,3.2262650726635185,3.346126198736805,3.0564615725834736,3.116392135620117,1173000,0.0,0.0
2015-10-02 00:00:00-04:00,3.23625371566935,3.605825783852467,3.1963000043136516,3.5758605003356934,1934200,0.0,0.0
2015-10-05 00:00:00-04:00,3.625802876308433,3.805594577341402,3.5259183598138795,3.595837354660034,2961200,0.0,0.0
2015-10-06 00:00:00-04:00,3.7156988260185773,3.90547919809596,3.6557682574076917,3.845548391342163,4336100,0.0,0.0
2015-10-07 00:00:00-04:00,3.7556525402707748,3.8655252494447065,3.6357914029901224,3.8255715370178223,3910100,0.0,0.0
2015-10-08 00:00:00-04:00,3.705710415014697,3.8155831246416008,3.645779846127295,3.6657567024230957,2102100,0.0,0.0
2015-10-09 00:00:00-04:00,3.8055945603423043,3.8655251270855917,3.7057102824368253,3.855536699295044,1601600,0.0,0.0
2015-10-12 00:00:00-04:00,3.9454326706673455,3.9853863806458873,3.675744890169292,3.7057101726531982,1395900,0.0,0.0
2015-10-13 00:00:00-04:00,3.725687022168586,3.8855020999908447,3.6557680298088644,3.8855020999908447,2001900,0.0,0.0
2015-10-14 00:00:00-04:00,3.8655253449009312,4.115236291878292,3.8555369165475537,4.0353288650512695,2926000,0.0,0.0
2015-10-15 00:00:00-04:00,4.045317282155535,4.285039547857829,3.945432766636678,4.215120315551758,2629600,0.0,0.0
2015-10-16 00:00:00-04:00,4.205132135504019,4.235097180641934,4.035328625436486,4.055305480957031,2040500,0.0,0.0
2015-10-19 00:00:00-04:00,4.025340456145389,4.045317311766809,3.665756578674031,3.735675573348999,2218000,0.0,0.0
2015-10-20 00:00:00-04:00,3.7756295058842984,3.9554214551577176,3.7456642206958817,3.895490884780884,1689800,0.0,0.0
2015-10-21 00:00:00-04:00,3.835559856899574,3.855536712549345,3.6457797282267506,3.6557681560516357,1427200,0.0,0.0
2015-10-22 00:00:00-04:00,3.6557682723197638,3.7956062663155703,3.645779844177206,3.6857335567474365,849500,0.0,0.0
2015-10-23 00:00:00-04:00,3.7856178381730126,3.7956062663155703,3.595837465321506,3.6857335567474365,1667800,0.0,0.0
2015-10-26 00:00:00-04:00,3.675745007767872,3.7656408580956406,3.595837347111396,3.715698719024658,1558600,0.0,0.0
2015-10-27 00:00:00-04:00,3.665756586284513,3.7456640089360866,3.5558836419956945,3.615814208984375,1650900,0.0,0.0
2015-10-28 00:00:00-04:00,3.7156987216611115,3.8855022327658393,3.5558836383776677,3.6757450103759766,2157000,0.0,0.0
2015-10-29 00:00:00-04:00,3.6258027637929913,3.675744901419018,3.346126316801448,3.386080265045166,1706200,0.0,0.0
2015-10-30 00:00:00-04:00,3.386080511918268,3.4160457966785995,3.2662191347340275,3.3061728477478027,1486500,0.0,0.0
2015-11-02 00:00:00-05:00,3.266219013407626,3.3760919582571014,3.156346306701056,3.3561148643493652,1482200,0.0,0.0
2015-11-03 00:00:00-05:00,3.306172605299291,3.4460108287357913,3.2462420401734606,3.4260339736938477,1540500,0.0,0.0
2015-11-04 00:00:00-05:00,3.455999264468007,3.455999264468007,3.176323055073409,3.2062883377075195,1948800,0.0,0.0
2015-11-05 00:00:00-05:00,3.2062882183179706,3.2162766454907445,3.0864268541017954,3.116392135620117,1459100,0.0,0.0
2015-11-06 00:00:00-05:00,3.0065197993251997,3.036485084457527,2.8966470871733323,2.9665660858154297,1734600,0.0,0.0
2015-11-09 00:00:00-05:00,2.976554155284436,3.0564615726688595,2.88665831072696,3.036484718322754,1261400,0.0,0.0
2015-11-10 00:00:00-05:00,2.986543074250111,2.9965315030679536,2.8666816902930705,2.8966472148895264,1266000,0.0,0.0
2015-11-11 00:00:00-05:00,2.8966469781496045,2.9366006901556,2.8267277439962033,2.8766701221466064,1031500,0.0,0.0
2015-11-12 00:00:00-05:00,2.8267279880374185,2.89664722822719,2.7667974148544108,2.816739559173584,1733000,0.0,0.0
2015-11-13 00:00:00-05:00,2.8167393095976596,2.9665659674227842,2.7468203137459586,2.9565775394439697,2922200,0.0,0.0
2015-11-16 00:00:00-05:00,2.9665659641888737,3.0664502438681325,2.876670112477541,2.9965312480926514,1762800,0.0,0.0
2015-11-17 00:00:00-05:00,2.9765545291531037,2.986542957580748,2.776785722457294,2.8467047214508057,2430100,0.0,0.0
2015-11-18 00:00:00-05:00,2.8666816775366155,2.9765546321868896,2.7767858185760588,2.9765546321868896,1882700,0.0,0.0
2015-11-19 00:00:00-05:00,3.0165081984176068,3.246242287011384,2.956577628734773,3.2262654304504395,2305800,0.0,0.0
2015-11-20 00:00:00-05:00,3.216276768927424,3.2462420515957757,3.0364848347744156,3.1064038276672363,1921400,0.0,0.0
2015-11-23 00:00:00-05:00,3.086426854210288,3.156346082565052,3.016507863998413,3.016507863998413,1025500,0.0,0.0
2015-11-24 00:00:00-05:00,3.1163923639216313,3.276207448536679,3.1064039360171227,3.256230592727661,1864300,0.0,0.0
2015-11-25 00:00:00-05:00,3.216276881109626,3.276207448536679,3.146357885778064,3.256230592727661,889100,0.0,0.0
2015-11-27 00:00:00-05:00,3.166334509793897,3.2562303543536038,3.1064037086112033,3.2162766456604004,674800,0.0,0.0
2015-11-30 00:00:00-05:00,3.2362537311577415,3.376091959714843,3.2162768753842848,3.3361380100250244,1257200,0.0,0.0
2015-12-01 00:00:00-05:00,3.3561149703691817,3.50594163148135,3.2861959729835295,3.485964775085449,1501200,0.0,0.0
2015-12-02 00:00:00-05:00,3.396068693764388,3.4659876864654082,3.2961841803343197,3.3461263179779053,855900,0.0,0.0
2015-12-03 00:00:00-05:00,3.4060571186519044,3.4559992562567627,3.336137887862206,3.4260339736938477,945200,0.0,0.0
2015-12-04 00:00:00-05:00,3.4559993636812276,3.6357913027901727,3.4559993636812276,3.615814208984375,1743200,0.0,0.0
2015-12-07 00:00:00-05:00,3.5658720852874235,3.585848941036929,3.326149578150451,3.396068811416626,1288800,0.0,0.0
2015-12-08 00:00:00-05:00,3.366103417268466,3.3960689401717117,3.2462422782271396,3.3061728477478027,1054300,0.0,0.0
2015-12-09 00:00:00-05:00,3.3760919542586243,3.4759762329644808,3.3161611488922054,3.416045665740967,1105400,0.0,0.0
2015-12-10 00:00:00-05:00,3.3760919528665054,3.4859646593976423,3.356114858990667,3.4360225200653076,1144700,0.0,0.0
2015-12-11 00:00:00-05:00,3.3361380085845345,3.436022525551594,3.2961842970548725,3.3561148643493652,1241600,0.0,0.0
2015-12-14 00:00:00-05:00,3.3361378934443344,3.4060571243510243,3.2062883354544343,3.266218900680542,1666200,0.0,0.0
2015-12-15 00:00:00-05:00,3.3161610414955036,3.3261494690426057,3.166334628288975,3.1863114833831787,983300,0.0,0.0
2015-12-16 00:00:00-05:00,3.2462421537981054,3.446010949352724,3.2462421537981054,3.416045665740967,1958100,0.0,0.0
2015-12-17 00:00:00-05:00,3.276207336806053,3.306172619497654,3.046473264694214,3.046473264694214,2915200,0.0,0.0
2015-12-18 00:00:00-05:00,3.11639249008354,3.2162770113151913,3.0564619202302983,3.146358013153076,2801100,0.0,0.0
2015-12-21 00:00:00-05:00,3.196300025300608,3.3661032996772584,3.126381029969046,3.256230592727661,1272500,0.0,0.0
2015-12-22 00:00:00-05:00,3.2961840629577637,3.396068572830962,3.246241927092609,3.2961840629577637,1109900,0.0,0.0
2015-12-23 00:00:00-05:00,3.3061727210216194,3.4360225214821383,3.2861958652804484,3.416045665740967,975400,0.0,0.0
2015-12-24 00:00:00-05:00,3.426033967173688,3.6457796103597597,3.426033967173688,3.625802755355835,907300,0.0,0.0
2015-12-28 00:00:00-05:00,3.545895106695145,3.555883534223862,3.3161610353917537,3.3461263179779053,1239400,0.0,0.0
2015-12-29 00:00:00-05:00,3.416045547620782,3.4559992577216034,3.3361378892762428,3.386080265045166,866700,0.0,0.0
2015-12-30 00:00:00-05:00,3.3061727337669584,3.3361380174942323,3.2362537384033203,3.2362537384033203,713100,0.0,0.0
2015-12-31 00:00:00-05:00,3.236253618067488,3.306172610831281,3.2062883354544343,3.266218900680542,848700,0.0,0.0
2016-01-04 00:00:00-05:00,3.3760919542586243,3.4559993772233097,3.3061727210216194,3.416045665740967,1342900,0.0,0.0
2016-01-05 00:00:00-05:00,3.4559993813164254,3.4659878091988405,3.2762074412900417,3.3561148643493652,951300,0.0,0.0
2016-01-06 00:00:00-05:00,3.3960686930247688,3.416045548077852,3.326149462196079,3.366103172302246,1078400,0.0,0.0
2016-01-07 00:00:00-05:00,3.396068572830962,3.4160454271770235,3.25623035426564,3.2961840629577637,2176900,0.0,0.0
2016-01-08 00:00:00-05:00,3.226265315046218,3.276207454662138,3.126381035814378,3.176323175430298,1543200,0.0,0.0
2016-01-11 00:00:00-05:00,3.1663348967664633,3.2162770387366293,2.926612377166748,2.926612377166748,2409600,0.0,0.0
2016-01-12 00:00:00-05:00,2.9066354128430203,2.926612268892011,2.706866614210207,2.796762466430664,2914000,0.0,0.0
2016-01-13 00:00:00-05:00,2.806751012802124,2.8766702500646515,2.7568088705738316,2.806751012802124,2228000,0.0,0.0
2016-01-14 00:00:00-05:00,2.776785735250087,2.806751020671072,2.676901450513469,2.7468204498291016,1716200,0.0,0.0
2016-01-15 00:00:00-05:00,2.8067510233709188,2.836716308820728,2.6669130246051425,2.7268435955047607,1265800,0.0,0.0
2016-01-19 00:00:00-05:00,2.7667973412084446,2.7767857698064096,2.447167387930643,2.5070979595184326,2566200,0.0,0.0
2016-01-20 00:00:00-05:00,2.577016826762271,2.6169705390930176,2.39722512127391,2.6169705390930176,1398000,0.0,0.0
2016-01-21 00:00:00-05:00,2.5870052548449576,2.646936061483988,2.497109402100777,2.6169705390930176,1356600,0.0,0.0
2016-01-22 00:00:00-05:00,2.626959315838593,2.776785743382308,2.606982220689844,2.686889886856079,1619600,0.0,0.0
2016-01-25 00:00:00-05:00,2.7867741718852224,2.8666815999085373,2.686889886856079,2.686889886856079,1852900,0.0,0.0
2016-01-26 00:00:00-05:00,2.8167394336810165,2.906635527593368,2.776785720005713,2.8666815757751465,1780100,0.0,0.0
2016-01-27 00:00:00-05:00,2.96656621324638,2.96656621324638,2.8367164006189194,2.916624069213867,1797800,0.0,0.0
2016-01-28 00:00:00-05:00,2.8866585532840032,2.946589121358102,2.796762463029946,2.8367161750793457,1640000,0.0,0.0
2016-01-29 00:00:00-05:00,2.846704704826463,2.9965313685090837,2.836716276457149,2.9865429401397705,1589000,0.0,0.0
2016-02-01 00:00:00-05:00,3.076438663830488,3.1363694696249973,3.0165080961788853,3.0964155197143555,1683600,0.0,0.0
2016-02-02 00:00:00-05:00,3.0764386718360583,3.09641552777191,2.946589108253022,2.9965312480926514,782400,0.0,0.0
2016-02-03 00:00:00-05:00,3.086426969028179,3.2262651927969266,3.066450113938772,3.2062883377075195,1683600,0.0,0.0
2016-02-04 00:00:00-05:00,3.3161609174892805,3.485964417583191,3.296184063142101,3.376091718673706,2152500,0.0,0.0
2016-02-05 00:00:00-05:00,3.31616124799858,3.5858490467071533,3.2662191071530873,3.5858490467071533,2092200,0.0,0.0
2016-02-08 00:00:00-05:00,3.745664230116124,3.975398321948013,3.7356758016948644,3.8155832290649414,3576900,0.0,0.0
2016-02-09 00:00:00-05:00,3.8855023619209046,3.9154676463808094,3.615814325495938,3.645779848098755,3570100,0.0,0.0
2016-02-10 00:00:00-05:00,3.5558836383776677,3.6757450103759766,3.4060572210584117,3.6757450103759766,2335500,0.0,0.0
2016-02-11 00:00:00-05:00,4.115236291878292,4.155190005291802,3.915467724810737,4.0353288650512695,4396400,0.0,0.0
2016-02-12 00:00:00-05:00,3.935444224918164,4.364946843338139,3.86552499463714,4.324993133544922,2766100,0.0,0.0
2016-02-16 00:00:00-05:00,4.165178899935966,4.275051855984334,4.025340895329044,4.135213375091553,2371200,0.0,0.0
2016-02-17 00:00:00-05:00,4.215120313817847,4.3449701124960765,4.115236036482979,4.255074501037598,1918600,0.0,0.0
2016-02-18 00:00:00-05:00,4.225109184959709,4.654611836508764,4.185155472084719,4.554727554321289,2513100,0.0,0.0
2016-02-19 00:00:00-05:00,4.47482002496682,4.664600394871994,4.354958889116968,4.384923934936523,2282800,0.0,0.0
2016-02-22 00:00:00-05:00,4.285039658317381,4.474820028366748,4.245085946337074,4.344970226287842,2383700,0.0,0.0
2016-02-23 00:00:00-05:00,4.404900914271037,4.5047856732290095,4.265062918530038,4.354959011077881,2261800,0.0,0.0
2016-02-24 00:00:00-05:00,4.514773858812584,4.594681284869931,4.265062914240459,4.3949127197265625,3074800,0.0,0.0
2016-02-25 00:00:00-05:00,4.295028412800611,4.644623637962097,4.275051556399549,4.634634971618652,2195200,0.0,0.0
2016-02-26 00:00:00-05:00,4.484808544195889,4.794450548978231,4.474820353617732,4.614658355712891,2713100,0.0,0.0
2016-02-29 00:00:00-05:00,4.624646781561035,4.70455420716528,4.504785643154667,4.634634971618652,2282300,0.0,0.0
2016-03-01 00:00:00-05:00,4.654611477481855,4.694565187275071,4.285039423751705,4.324993133544922,2542700,0.0,0.0
2016-03-02 00:00:00-05:00,4.305016737158285,4.464831593352388,4.295028546789074,4.444854736328125,2225900,0.0,0.0
2016-03-03 00:00:00-05:00,4.4348662857598695,4.784461501316208,4.4348662857598695,4.744507789611816,2558300,0.0,0.0
2016-03-04 00:00:00-05:00,4.794450275143152,5.34381406156871,4.734519229953767,4.8743577003479,5977300,0.0,0.0
2016-03-07 00:00:00-05:00,5.094103075042643,5.443698295394289,5.094103075042643,5.353802680969238,4822900,0.0,0.0
2016-03-08 00:00:00-05:00,5.4337102342655035,5.463675281022154,5.134056908984009,5.283883571624756,4295200,0.0,0.0
2016-03-09 00:00:00-05:00,5.114079934637123,5.423721442946334,5.004207464011345,5.313848972320557,3193200,0.0,0.0
2016-03-10 00:00:00-05:00,5.413733442147863,5.793294198349085,5.413733442147863,5.733363151550293,3661600,0.0,0.0
2016-03-11 00:00:00-05:00,5.793294198349085,5.8831898159756,5.533594583173774,5.733363151550293,3105900,0.0,0.0
2016-03-14 00:00:00-04:00,5.743352073992278,5.993063033731072,5.453687398798144,5.633479118347168,7211400,0.0,0.0
2016-03-15 00:00:00-04:00,5.59352503459832,5.793294075007512,5.483652086187556,5.763328552246094,3890500,0.0,0.0
2016-03-16 00:00:00-04:00,5.6834210814768085,6.282727245374917,5.5535712776845685,6.242773532867432,4705900,0.0,0.0
2016-03-17 00:00:00-04:00,6.46251857499566,6.961940428516634,6.302703734280402,6.412576675415039,7837000,0.0,0.0
2016-03-18 00:00:00-04:00,6.4824957637896885,6.832091460279424,6.442542051554145,6.7222185134887695,19460800,0.0,0.0
2016-03-21 00:00:00-04:00,6.6922528622484,6.981917508518847,6.612345439316663,6.872045040130615,4701100,0.0,0.0
2016-03-22 00:00:00-04:00,6.981917392039822,7.041848434524606,6.662287705645247,6.782148838043213,3981200,0.0,0.0
2016-03-23 00:00:00-04:00,6.4225651081799775,6.562403575390366,6.212807883650207,6.352646350860596,4461500,0.0,0.0
2016-03-24 00:00:00-04:00,6.392599697395711,6.732206227384987,6.312692278574705,6.642310619354248,3447900,0.0,0.0
2016-03-28 00:00:00-04:00,6.642311103539832,6.712229861961988,6.292715882571593,6.562403678894043,2688500,0.0,0.0
2016-03-29 00:00:00-04:00,6.412576992151657,6.94196391631187,6.392600136075533,6.882033348083496,4155300,0.0,0.0
2016-03-30 00:00:00-04:00,6.8320912168645815,6.951952349300781,6.542426575334199,6.742195129394531,3252600,0.0,0.0
2016-03-31 00:00:00-04:00,6.822102691767738,6.892021925274283,6.392600053533911,6.472507476806641,3516100,0.0,0.0
2016-04-01 00:00:00-04:00,6.222796424973881,6.522449732948353,6.033016060094823,6.502472877502441,4233500,0.0,0.0
2016-04-04 00:00:00-04:00,6.462518826145016,6.472507492220801,6.192831033814391,6.272738933563232,2030500,0.0,0.0
2016-04-05 00:00:00-04:00,6.392599938323595,6.452530504698047,6.182842717870114,6.42256498336792,2264700,0.0,0.0
2016-04-06 00:00:00-04:00,6.38261091735586,6.4325532913656005,6.232784271612417,6.392599582672119,1984200,0.0,0.0
2016-04-07 00:00:00-04:00,6.482495660661221,6.672276028903792,6.462518804861256,6.552414894104004,2322700,0.0,0.0
2016-04-08 00:00:00-04:00,6.552415214017513,6.911999112258926,6.542427023772775,6.862056732177734,2805400,0.0,0.0
2016-04-11 00:00:00-04:00,7.021871986099289,7.611189492687909,7.001895129541808,7.541270732879639,4367600,0.0,0.0
2016-04-12 00:00:00-04:00,7.6511428318468,7.8509118639435655,7.501316653131485,7.711073398590088,4017300,0.0,0.0
2016-04-13 00:00:00-04:00,7.641154876603294,8.030703810527577,7.621178020409378,7.731050491333008,3391000,0.0,0.0
2016-04-14 00:00:00-04:00,7.751027596358107,7.920830630880601,7.3315131523107295,7.551258563995361,4394300,0.0,0.0
2016-04-15 00:00:00-04:00,7.701085404133382,8.240460994779735,7.541270555433964,8.210495948791504,4302600,0.0,0.0
2016-04-18 00:00:00-04:00,8.310379494833853,8.560090426313923,8.19051836203201,8.510149002075195,4676800,0.0,0.0
2016-04-19 00:00:00-04:00,9.269269325997245,9.918518306512853,9.179373240035732,9.858587265014648,8237900,0.0,0.0
2016-04-20 00:00:00-04:00,9.838611394031318,10.318055940476249,9.379143227402439,9.499004364013672,10531900,0.0,0.0
2016-04-21 00:00:00-04:00,9.998426604512995,9.998426604512995,9.28924747281512,9.608877182006836,7235100,0.0,0.0
2016-04-22 00:00:00-04:00,9.459051088562342,9.618865944756445,8.719905949807096,8.88970947265625,7982800,0.0,0.0
2016-04-25 00:00:00-04:00,8.809801918864826,9.299236099690836,8.799814204923956,8.95962905883789,4962900,0.0,0.0
2016-04-26 00:00:00-04:00,9.049525413163662,9.648831132616149,8.959629317102864,9.628854751586914,4841200,0.0,0.0
2016-04-27 00:00:00-04:00,9.838611944214819,10.148252992966317,9.638842419453178,9.948484420776367,5679900,0.0,0.0
2016-04-28 00:00:00-04:00,10.048367978140327,10.278101570465815,9.788668389151152,10.008414268493652,6150400,0.0,0.0
2016-04-29 00:00:00-04:00,10.268113581553768,10.70760536920016,10.248137201699826,10.627697944641113,7289300,0.0,0.0
2016-05-02 00:00:00-04:00,10.717593387619601,10.807489480947831,9.948484166224569,10.088322639465332,5883700,0.0,0.0
2016-05-03 00:00:00-04:00,10.04836846460579,10.208183310929508,9.688784107805802,9.88855266571045,5089300,0.0,0.0
2016-05-04 00:00:00-04:00,9.668808744455873,10.058357235167083,9.379144066908584,9.409109115600586,5124100,0.0,0.0
2016-05-05 00:00:00-04:00,9.608877510227792,9.868577134102742,9.548947413993083,9.79865837097168,3715100,0.0,0.0
2016-05-06 00:00:00-04:00,9.988438079333001,10.49784864999619,9.908530650904073,10.348021507263184,6711800,0.0,0.0
2016-05-09 00:00:00-04:00,9.798657317940773,9.828622362837876,9.279258126009072,9.389130592346191,4957100,0.0,0.0
2016-05-10 00:00:00-04:00,9.40910881061719,9.91851938472801,9.359166429368184,9.868577003479004,3602100,0.0,0.0
2016-05-11 00:00:00-04:00,10.318055857383563,10.84744277796286,10.088322252205018,10.457894325256348,7467100,0.0,0.0
2016-05-12 00:00:00-04:00,10.44790644425543,10.877409593690764,10.35801034762276,10.767536163330078,6330700,0.0,0.0
2016-05-13 00:00:00-04:00,10.67763912637404,10.827466258424572,10.447905524163488,10.687627792358398,4811700,0.0,0.0
2016-05-16 00:00:00-04:00,10.877409179130574,11.426772499709845,10.867420512647254,11.217015266418457,6022500,0.0,0.0
2016-05-17 00:00:00-04:00,11.566609621051626,12.215857625447638,11.246979951511625,12.066031455993652,9966900,0.0,0.0
2016-05-18 00:00:00-04:00,11.786356374674893,12.07602102245394,11.10714232364611,11.177061080932617,7874500,0.0,0.0
2016-05-19 00:00:00-04:00,10.687628410146326,11.636529824363544,10.308067653945104,11.466726303100586,8382500,0.0,0.0
2016-05-20 00:00:00-04:00,11.596575992132989,11.756391797772032,10.887396867217742,11.456738471984863,5400100,0.0,0.0
2016-05-23 00:00:00-04:00,11.1670731180669,11.666494979124325,10.897384855861523,11.396806716918945,3936000,0.0,0.0
2016-05-24 00:00:00-04:00,11.0172475427836,11.236993459375928,10.38797579474994,10.477871894836426,6188000,0.0,0.0
2016-05-25 00:00:00-04:00,10.387974461355478,11.057199839907106,10.05835610506248,11.007258415222168,6585700,0.0,0.0
2016-05-26 00:00:00-04:00,11.406796158780818,11.466726252744756,10.717593410193853,10.897385597229004,4572600,0.0,0.0
2016-05-27 00:00:00-04:00,10.767535860949552,10.887397002236531,10.248137582039309,10.338033676147461,4582600,0.0,0.0
2016-05-31 00:00:00-04:00,10.088322602500396,10.697616968000117,10.078333936040154,10.407952308654785,4971200,0.0,0.0
2016-06-01 00:00:00-04:00,10.487859503808414,10.607720640971912,10.068345047450345,10.308067321777344,3591100,0.0,0.0
2016-06-02 00:00:00-04:00,10.238149251853443,10.61771002135271,10.108299439716452,10.447906494140625,3686900,0.0,0.0
2016-06-03 00:00:00-04:00,11.177061154654895,11.776367786288718,11.117131063034492,11.746402740478516,7107800,0.0,0.0
2016-06-06 00:00:00-04:00,11.776368014578555,11.986125244459462,11.446749646561651,11.84628677368164,5525600,0.0,0.0
2016-06-07 00:00:00-04:00,11.596575500594613,11.81632139053383,11.416784274800364,11.57659912109375,3363400,0.0,0.0
2016-06-08 00:00:00-04:00,12.345708367089687,12.815165194789294,12.225847231786481,12.385662078857422,5945900,0.0,0.0
2016-06-09 00:00:00-04:00,12.425615525828876,12.925037388568441,12.135950883542792,12.84512996673584,5497600,0.0,0.0
2016-06-10 00:00:00-04:00,12.855118656030177,13.304598142800428,12.325731747281731,12.445592880249023,5785800,0.0,0.0
2016-06-13 00:00:00-04:00,12.69530344363669,12.83514190432601,12.2857776797406,12.57544231414795,4589400,0.0,0.0
2016-06-14 00:00:00-04:00,12.535488491979939,12.635372289372976,11.936181897335423,12.245823860168457,4577900,0.0,0.0
2016-06-15 00:00:00-04:00,12.265800226085632,13.03491032334119,12.155927763294084,12.885083198547363,5413500,0.0,0.0
2016-06-16 00:00:00-04:00,13.434447556880917,13.55430868641526,12.175904267912959,12.415627479553223,7704000,0.0,0.0
2016-06-17 00:00:00-04:00,12.725269241597651,12.775211619985663,11.996113755876241,12.235836029052734,22165100,0.0,0.0
2016-06-20 00:00:00-04:00,11.966147828794252,12.845130454931331,11.856275357741485,12.725269317626953,5365700,0.0,0.0
2016-06-21 00:00:00-04:00,12.375673769708442,12.555464987724164,12.24582397457001,12.415627479553223,3472000,0.0,0.0
2016-06-22 00:00:00-04:00,12.415627835150103,12.525500302227218,11.996113393478772,12.445592880249023,5206700,0.0,0.0
2016-06-23 00:00:00-04:00,12.335720653576473,12.54547787849999,12.13595114216617,12.385662078857422,2949600,0.0,0.0
2016-06-24 00:00:00-04:00,13.25465728770247,13.314587380473958,12.735258069967445,13.054887771606445,7128000,0.0,0.0
2016-06-27 00:00:00-04:00,13.004945786668,13.234679386712408,12.06603214956679,12.445592880249023,7215400,0.0,0.0
2016-06-28 00:00:00-04:00,12.25581263551131,12.81516457312543,12.185892928880858,12.57544231414795,4359500,0.0,0.0
2016-06-29 00:00:00-04:00,12.984968653408218,13.384505769407514,12.745246383808642,13.104829788208008,6706900,0.0,0.0
2016-06-30 00:00:00-04:00,13.284621700491172,13.594262721043016,13.014933438167047,13.564297676086426,5209300,0.0,0.0
2016-07-01 00:00:00-04:00,13.983812280811975,14.932713637924179,13.963834948890726,14.78288745880127,6816100,0.0,0.0
2016-07-05 00:00:00-04:00,14.712967504988894,15.032598142412493,14.383349154342369,14.922724723815918,5571600,0.0,0.0
2016-07-06 00:00:00-04:00,15.092528919687236,15.37220585924707,14.9327140699797,15.302286148071289,6940600,0.0,0.0
2016-07-07 00:00:00-04:00,15.062564039927008,15.102517752795316,14.543165772639002,14.832830429077148,4680500,0.0,0.0
2016-07-08 00:00:00-04:00,14.663026803651675,16.011466270063085,14.64304947107828,15.95153522491455,7911500,0.0,0.0
2016-07-11 00:00:00-04:00,15.711810129025475,16.79056119288082,15.65188004357325,16.430978775024414,8368700,0.0,0.0
2016-07-12 00:00:00-04:00,16.381036439340708,16.520875854036348,15.33225130741092,15.392181396484375,7117500,0.0,0.0
2016-07-13 00:00:00-04:00,15.861638823447512,17.22006597702229,15.791720065950551,16.89044761657715,7863900,0.0,0.0
2016-07-14 00:00:00-04:00,16.430980753024997,17.090217487789136,16.20124523837308,16.920413970947266,7241300,0.0,0.0
2016-07-15 00:00:00-04:00,16.660714260541045,17.08022871692673,16.560829503279066,16.7506103515625,4251400,0.0,0.0
2016-07-18 00:00:00-04:00,16.540852868513923,16.830518486277825,16.40101534553458,16.8105411529541,4096900,0.0,0.0
2016-07-19 00:00:00-04:00,16.61076974888803,17.030284175460768,16.54085099531643,16.650724411010742,3462700,0.0,0.0
2016-07-20 00:00:00-04:00,15.941546523465167,16.011466234746177,14.992645137469834,15.0625638961792,6905900,0.0,0.0
2016-07-21 00:00:00-04:00,15.182425074640435,16.051419038008458,14.932714132779337,15.871627807617188,6426300,0.0,0.0
2016-07-22 00:00:00-04:00,15.581962466510648,15.801707399813326,15.292297824819295,15.57197380065918,3725000,0.0,0.0
2016-07-25 00:00:00-04:00,15.252344881848773,15.252344881848773,14.463257386145843,14.912737846374512,5504800,0.0,0.0
2016-07-26 00:00:00-04:00,15.192413762872086,15.821685451579409,15.142471383913414,15.631904602050781,5165000,0.0,0.0
2016-07-27 00:00:00-04:00,15.881614544337266,16.760598072495558,15.412158688369818,16.510887145996094,6163700,0.0,0.0
2016-07-28 00:00:00-04:00,16.700666198841738,16.910424369288062,16.101361495036674,16.520875930786133,5399800,0.0,0.0
2016-07-29 00:00:00-04:00,16.790564100048623,17.449800869594473,16.59079647890517,17.3199520111084,5637100,0.0,0.0
2016-08-01 00:00:00-04:00,17.7494538919502,17.949221498832905,17.3399281069259,17.859325408935547,4587900,0.0,0.0
2016-08-02 00:00:00-04:00,18.20892109153263,18.65840154075094,17.84933863730124,18.019142150878906,5427500,0.0,0.0
2016-08-03 00:00:00-04:00,17.949221475400705,18.248875743048465,17.41983550796653,18.178956985473633,3949900,0.0,0.0
2016-08-04 00:00:00-04:00,18.148990267430467,18.418678526075432,17.999164092119877,18.278839111328125,3272200,0.0,0.0
2016-08-05 00:00:00-04:00,17.619600665699753,18.089058381556598,17.28998235070003,17.80938148498535,5069600,0.0,0.0
2016-08-08 00:00:00-04:00,17.74945340422457,18.538538954243535,17.709498740859964,18.139001846313477,4864100,0.0,0.0
2016-08-09 00:00:00-04:00,18.35874795553567,18.76827566068633,18.20892176860624,18.39870262145996,5444700,0.0,0.0
2016-08-10 00:00:00-04:00,18.958052521281274,19.127856022478973,17.939231514095084,18.228897094726562,6965300,0.0,0.0
2016-08-11 00:00:00-04:00,18.17895472544548,18.848180029973737,18.029126657676763,18.30880355834961,6464400,0.0,0.0
2016-08-12 00:00:00-04:00,18.688366367737544,18.778262461110987,17.859326099516167,18.079072952270508,4842100,0.0,0.0
2016-08-15 00:00:00-04:00,18.109035514450156,18.158978842733834,17.359902736483534,17.469776153564453,6386900,0.0,0.0
2016-08-16 00:00:00-04:00,17.5596725027188,17.729476011143934,16.920413132244505,17.01030921936035,5869400,0.0,0.0
2016-08-17 00:00:00-04:00,16.720642442329382,16.750608437627026,15.951533328548965,16.430978775024414,8319100,0.0,0.0
2016-08-18 00:00:00-04:00,16.650726242577427,16.750611003728306,16.141315675336976,16.321107864379883,4940700,0.0,0.0
2016-08-19 00:00:00-04:00,15.701823748793151,15.721800128115039,15.032598371506698,15.102517127990723,7643700,0.0,0.0
2016-08-22 00:00:00-04:00,14.203558063783243,14.673013929592704,13.903904755187419,14.613083839416504,8303400,0.0,0.0
2016-08-23 00:00:00-04:00,14.88277178424576,14.97266787591056,14.31343114046423,14.343396186828613,5097600,0.0,0.0
2016-08-24 00:00:00-04:00,14.10367353077787,14.10367353077787,12.835142473051388,13.104829788208008,9011100,0.0,0.0
2016-08-25 00:00:00-04:00,13.044900247979156,13.634217280822028,12.865108061901049,13.47440242767334,7237400,0.0,0.0
2016-08-26 00:00:00-04:00,13.853962464059542,14.163604440458112,12.885083776213527,13.174748420715332,11479300,0.0,0.0
2016-08-29 00:00:00-04:00,12.994956607339455,13.484389785761012,12.84512948262139,13.284621238708496,4590400,0.0,0.0
2016-08-30 00:00:00-04:00,13.134794384934972,13.184736760871205,12.14593934219824,12.345707893371582,6741000,0.0,0.0
2016-08-31 00:00:00-04:00,12.145939115198438,12.375673659182882,11.916205523785566,12.006101608276367,6239600,0.0,0.0
2016-09-01 00:00:00-04:00,11.526657195897023,11.906217947027109,11.077177684912225,11.776368141174316,18040300,0.0,0.0
2016-09-02 00:00:00-04:00,12.086009369621168,12.45558143099681,11.966147285190301,12.355696678161621,9636100,0.0,0.0
2016-09-06 00:00:00-04:00,12.865107965425429,13.454425946420661,12.735258160072949,13.304598808288574,8798600,0.0,0.0
2016-09-07 00:00:00-04:00,13.284621831848495,13.38450563354864,12.935026144468951,13.334564208984375,7356000,0.0,0.0
2016-09-08 00:00:00-04:00,13.364529491008598,13.744090230365476,13.214702356946562,13.354540824890137,6360400,0.0,0.0
2016-09-09 00:00:00-04:00,13.02492230174435,13.104829724556089,12.105985986837744,12.295766830444336,7949100,0.0,0.0
2016-09-12 00:00:00-04:00,11.776367287430066,12.505523690115812,11.616552446450065,12.265800476074219,10780400,0.0,0.0
2016-09-13 00:00:00-04:00,12.15592913624385,12.335721325274418,11.526657427208544,11.796345710754395,7310400,0.0,0.0
2016-09-14 00:00:00-04:00,11.896229519326738,12.21585923087292,11.646518569038362,11.796345710754395,5656000,0.0,0.0
2016-09-15 00:00:00-04:00,11.76637888703875,11.916206018264555,11.306910732575185,11.646517753601074,5984900,0.0,0.0
2016-09-16 00:00:00-04:00,11.43676139578696,11.666495966656926,11.236992824968523,11.316900253295898,27131100,0.0,0.0
2016-09-19 00:00:00-04:00,11.69646025581379,11.916206145753009,11.486703031910814,11.57659912109375,4453300,0.0,0.0
2016-09-20 00:00:00-04:00,11.586588623492549,11.636530052135472,11.376831384448526,11.566611289978027,3881100,0.0,0.0
2016-09-21 00:00:00-04:00,11.916205511131436,12.725268365546336,11.876251801685905,12.645360946655273,7845000,0.0,0.0
2016-09-22 00:00:00-04:00,12.984969263539364,13.094841737458896,11.75639185968504,11.946171760559082,8291900,0.0,0.0
2016-09-23 00:00:00-04:00,11.76637978732995,11.84628721573576,11.137108074205429,11.236992835998535,5431300,0.0,0.0
2016-09-26 00:00:00-04:00,11.316899202239368,11.606563841166432,10.807488679535071,10.827466011047363,5059100,0.0,0.0
2016-09-27 00:00:00-04:00,10.74755909525894,10.757547761484537,10.248137214838783,10.46788215637207,5774600,0.0,0.0
2016-09-28 00:00:00-04:00,10.477870795057683,11.00725867276319,10.318055946154752,10.78751277923584,4549500,0.0,0.0
2016-09-29 00:00:00-04:00,10.687628050476999,10.767535475138493,10.31805597327468,10.46788215637207,4355200,0.0,0.0
2016-09-30 00:00:00-04:00,11.007258464927288,11.017246178366408,10.248136994400243,10.288090705871582,4012400,0.0,0.0
2016-10-03 00:00:00-04:00,10.268113274660948,10.437916784916752,9.808645120893175,9.95847225189209,4915000,0.0,0.0
2016-10-04 00:00:00-04:00,9.459050577736308,9.518980669286794,8.849755280686038,8.929662704467773,7627100,0.0,0.0
2016-10-05 00:00:00-04:00,8.92966309809447,9.129432618926439,8.320368726757646,8.639998435974121,10516400,0.0,0.0
2016-10-06 00:00:00-04:00,8.260438334317957,8.500160607575015,8.080646153089344,8.13058853149414,11428700,0.0,0.0
2016-10-07 00:00:00-04:00,8.53012576811699,8.699929285430144,7.950796457015051,8.220483779907227,9358300,0.0,0.0
2016-10-10 00:00:00-04:00,8.330356844059352,8.4502179771126,8.180529713314085,8.190518379211426,3996200,0.0,0.0
2016-10-11 00:00:00-04:00,8.270425829052934,8.270425829052934,7.751027584075928,7.751027584075928,6151200,0.0,0.0
2016-10-12 00:00:00-04:00,7.691096764904597,8.090634840625187,7.661131718811336,7.890865802764893,5427700,0.0,0.0
2016-10-13 00:00:00-04:00,7.920830367042011,8.300391563516827,7.81095790300239,8.010726928710938,5242200,0.0,0.0
2016-10-14 00:00:00-04:00,7.990749966454354,8.120599767717833,7.761015885867359,7.840923309326172,4704900,0.0,0.0
2016-10-17 00:00:00-04:00,7.920830732784986,7.980761300379096,7.780992741732062,7.840923309326172,3177300,0.0,0.0
2016-10-18 00:00:00-04:00,8.010727502419785,8.290403491641358,7.880877221566745,8.220483779907227,6455300,0.0,0.0
2016-10-19 00:00:00-04:00,8.480182885811853,8.679951437686912,8.300391665410098,8.500160217285156,6532700,0.0,0.0
2016-10-20 00:00:00-04:00,8.679951567471422,8.69992889924343,8.26043807854694,8.350333213806152,5050900,0.0,0.0
2016-10-21 00:00:00-04:00,8.310379991339245,8.390287417981225,8.130588757680622,8.230472564697266,3136100,0.0,0.0
2016-10-24 00:00:00-04:00,8.38029898328593,8.430240406212931,7.850911612886942,8.010726928710938,4354700,0.0,0.0
2016-10-25 00:00:00-04:00,8.140576231131888,8.510149259149456,8.130588517525398,8.290403366088867,3837000,0.0,0.0
2016-10-26 00:00:00-04:00,8.32036806655944,8.360321777041284,7.8509117302548885,7.9807610511779785,4523000,0.0,0.0
2016-10-27 00:00:00-04:00,8.040692599906658,8.060668980120681,7.711073753230354,7.741039276123047,3561900,0.0,0.0
2016-10-28 00:00:00-04:00,7.741038679398913,7.980760938917957,7.641154404599311,7.7710041999816895,4259600,0.0,0.0
2016-10-31 00:00:00-04:00,7.820946439015089,8.080646041062344,7.671119782163658,8.040692329406738,3842400,0.0,0.0
2016-11-01 00:00:00-04:00,8.380299429356674,8.88970901935691,8.360322097065243,8.61003303527832,7312100,0.0,0.0
2016-11-02 00:00:00-04:00,8.999582922985091,9.54894720694031,8.639998543087001,8.729894638061523,11125400,0.0,0.0
2016-11-03 00:00:00-04:00,8.590056648910732,8.88970901247722,8.450218180693842,8.689940452575684,6328500,0.0,0.0
2016-11-04 00:00:00-04:00,8.689940969366555,8.80980211243562,8.150565349269918,8.41026496887207,7045500,0.0,0.0
2016-11-07 00:00:00-05:00,8.09063482644163,8.21049596317619,7.840923410482571,8.050681114196777,6121100,0.0,0.0
2016-11-08 00:00:00-05:00,8.090634819284631,8.380299470946486,7.8908657819512635,8.13058853149414,5855200,0.0,0.0
2016-11-09 00:00:00-05:00,9.069501600502134,9.708761973504261,8.949640459171423,9.369154930114746,14863500,0.0,0.0
2016-11-10 00:00:00-05:00,9.229316529668518,9.34917767196103,8.739883293831177,8.809802055358887,9787500,0.0,0.0
2016-11-11 00:00:00-05:00,8.679951331134271,8.789824747745474,7.790981048060115,8.010726928710938,12011600,0.0,0.0
2016-11-14 00:00:00-05:00,7.860900016251252,8.709917565129434,7.741038883334028,8.350333213806152,6187000,0.0,0.0
2016-11-15 00:00:00-05:00,8.450218045294056,9.039536001989534,8.260438154571391,8.999582290649414,7068500,0.0,0.0
2016-11-16 00:00:00-05:00,8.939651625167738,8.989594004596492,8.639998301166855,8.789825439453125,4818500,0.0,0.0
2016-11-17 00:00:00-05:00,8.859743966634898,9.199350994753324,8.530125604654454,8.689940452575684,7480400,0.0,0.0
2016-11-18 00:00:00-05:00,8.530125261923516,8.759859811008528,8.320368044311808,8.500160217285156,5292900,0.0,0.0
2016-11-21 00:00:00-05:00,8.659975876446532,8.879721780542956,8.550103400684161,8.729894638061523,4427800,0.0,0.0
2016-11-22 00:00:00-05:00,8.819790234910796,8.969616416358642,8.58006796356559,8.929662704467773,3983300,0.0,0.0
2016-11-23 00:00:00-05:00,8.3703105550771,8.540114065045437,8.060668580260838,8.190518379211426,6170000,0.0,0.0
2016-11-25 00:00:00-05:00,8.290403366088867,8.360322124192477,8.170542229666266,8.290403366088867,2024400,0.0,0.0
2016-11-28 00:00:00-05:00,8.460206853379127,8.719905505166286,8.340345717345446,8.61003303527832,4519700,0.0,0.0
2016-11-29 00:00:00-05:00,8.380299634489699,9.039536375097564,8.340345921500484,8.869732856750488,3869800,0.0,0.0
2016-11-30 00:00:00-05:00,8.779836647049887,8.86973273821718,8.590056751030213,8.85974407196045,3703300,0.0,0.0
2016-12-01 00:00:00-05:00,8.759860500974687,9.179374016669291,8.550103266841552,8.879721641540527,4250200,0.0,0.0
2016-12-02 00:00:00-05:00,9.00957101631674,9.848598960017902,8.919674927062994,9.808645248413086,7362900,0.0,0.0
2016-12-05 00:00:00-05:00,9.60887670216458,9.808645260433481,9.219327299111503,9.64883041381836,6773600,0.0,0.0
2016-12-06 00:00:00-05:00,9.64883053947278,9.938495190877827,9.439073312415909,9.578911781311035,5385100,0.0,0.0
2016-12-07 00:00:00-05:00,9.888553029668794,10.188206353840624,9.658819417765773,9.838611602783203,5904500,0.0,0.0
2016-12-08 00:00:00-05:00,9.848599607829554,9.898541988763544,9.409108751268159,9.459051132202148,4517700,0.0,0.0
2016-12-09 00:00:00-05:00,9.339189582093692,9.449062053298077,8.719905609642375,8.779836654663086,6415100,0.0,0.0
2016-12-12 00:00:00-05:00,8.919674522622742,8.969615945435578,8.510148759099376,8.649986267089844,6200500,0.0,0.0
2016-12-13 00:00:00-05:00,8.719905971381758,8.859744447183425,8.450218639029874,8.729894638061523,4121500,0.0,0.0
2016-12-14 00:00:00-05:00,8.919674666364704,9.039535797675937,8.150564549736478,8.180529594421387,6288100,0.0,0.0
2016-12-15 00:00:00-05:00,7.81095805039257,7.81095805039257,7.191674582924773,7.341501235961914,8446500,0.0,0.0
2016-12-16 00:00:00-05:00,7.501316437243878,7.621177567280854,7.191674470219667,7.21165132522583,7798600,0.0,0.0
2016-12-19 00:00:00-05:00,7.2416174626261185,7.331513555952943,7.041848895550766,7.061825752258301,4534800,0.0,0.0
2016-12-20 00:00:00-05:00,6.872045141724378,7.1017792241923265,6.612345537071124,7.0818023681640625,6900400,0.0,0.0
2016-12-21 00:00:00-05:00,7.141732456840382,7.161709311527645,6.902009724307441,7.001894474029541,2909700,0.0,0.0
2016-12-22 00:00:00-05:00,6.892022014264468,7.231628567558587,6.842079635931247,6.882033348083496,4044000,0.0,0.0
2016-12-23 00:00:00-05:00,6.892022255483616,7.001895205890738,6.812114828382377,6.862056732177734,3335200,0.0,0.0
2016-12-27 00:00:00-05:00,7.071813560452434,7.441385627720609,7.051836704824042,7.431397438049316,4742000,0.0,0.0
2016-12-28 00:00:00-05:00,7.391444083351255,7.501317032750523,7.191675041144781,7.4214091300964355,3785600,0.0,0.0
2016-12-29 00:00:00-05:00,7.561247192538976,8.210495711006105,7.551258526641637,8.190518379211426,6274000,0.0,0.0
2016-12-30 00:00:00-05:00,8.300391705573142,8.460206547846484,7.601200818055676,7.621177673339844,8045700,0.0,0.0
2017-01-03 00:00:00-05:00,7.7310506898018625,8.100622777019755,7.61118954956133,8.070657730102539,6131200,0.0,0.0
2017-01-04 00:00:00-05:00,8.220483531918116,8.410264376164905,8.06066868575553,8.360321998596191,4917200,0.0,0.0
2017-01-05 00:00:00-05:00,8.659975815435189,9.598888567569588,8.639998482216402,9.20934009552002,10992700,0.0,0.0
2017-01-06 00:00:00-05:00,8.979605217112715,9.25928215711384,8.500160667233606,8.779836654663086,7039500,0.0,0.0
2017-01-09 00:00:00-05:00,9.029547708707346,9.229316273653417,8.78982543077206,8.869732856750488,5456200,0.0,0.0
2017-01-10 00:00:00-05:00,8.969616411000821,9.369154482242472,8.82977889575213,9.009571075439453,5656400,0.0,0.0
2017-01-11 00:00:00-05:00,8.879721279032912,9.109454884262494,8.600044343225209,8.929662704467773,5766800,0.0,0.0
2017-01-12 00:00:00-05:00,9.169386065868597,9.21932749205227,8.649986850927917,8.779836654663086,5835500,0.0,0.0
2017-01-13 00:00:00-05:00,8.669964036111997,9.219327335369096,8.600044326014185,9.16938591003418,5126000,0.0,0.0
2017-01-17 00:00:00-05:00,9.558935178555283,9.58890117940183,9.269270505040629,9.47902774810791,5720300,0.0,0.0
2017-01-18 00:00:00-05:00,9.439073239866818,9.528969329710481,8.869732607619131,9.009571075439453,6450100,0.0,0.0
2017-01-19 00:00:00-05:00,8.889708987266818,9.199350968664806,8.809801563532814,9.009571075439453,4265800,0.0,0.0
2017-01-20 00:00:00-05:00,9.039536231605863,9.289247171967508,8.899697762077551,9.099466323852539,4040100,0.0,0.0
2017-01-23 00:00:00-05:00,9.259282919568848,9.449062831380498,9.119444438053295,9.409109115600586,4005700,0.0,0.0
2017-01-24 00:00:00-05:00,9.379143255335212,9.648830575370754,9.099466316504436,9.179373741149902,5234000,0.0,0.0
2017-01-25 00:00:00-05:00,8.94964014066421,9.139420036207536,8.829779003599217,9.099466323852539,4938300,0.0,0.0
2017-01-26 00:00:00-05:00,8.809802278180396,9.019559520640486,8.769848563072365,8.909687042236328,3177900,0.0,0.0
2017-01-27 00:00:00-05:00,8.93965169765208,9.269270070954159,8.899697984299454,9.19935131072998,3281900,0.0,0.0
2017-01-30 00:00:00-05:00,9.259281885156533,9.349177021189794,9.01955866468632,9.079489707946777,3140000,0.0,0.0
2017-01-31 00:00:00-05:00,9.36915467013977,9.628854278769342,9.3292009574715,9.588900566101074,5510200,0.0,0.0
2017-02-01 00:00:00-05:00,9.429085214246035,9.838611979415242,9.379143785448635,9.708762168884277,5371000,0.0,0.0
2017-02-02 00:00:00-05:00,9.968460094832356,10.028391138525393,9.678795447554524,9.808645248413086,5086400,0.0,0.0
2017-02-03 00:00:00-05:00,9.778680896271988,10.118287945280747,9.738727181833998,9.948484420776367,3715300,0.0,0.0
2017-02-06 00:00:00-05:00,10.138263433845411,10.707605005188016,9.99842592190677,10.67763900756836,5708300,0.0,0.0
2017-02-07 00:00:00-05:00,10.557778358459473,10.907374059464372,10.397963507453227,10.557778358459473,6159300,0.0,0.0
2017-02-08 00:00:00-05:00,10.75754785831623,10.867420330071866,10.547790628548816,10.7175931930542,4081800,0.0,0.0
2017-02-09 00:00:00-05:00,10.717592622081884,10.767534998427129,10.148252008432266,10.18820571899414,5649300,0.0,0.0
2017-02-10 00:00:00-05:00,10.09831052448054,10.64767480768266,10.028391762961398,10.58774471282959,4406500,0.0,0.0
2017-02-13 00:00:00-05:00,10.407952198615787,10.52781333715644,10.288091060075132,10.318056106567383,3338500,0.0,0.0
2017-02-14 00:00:00-05:00,10.597732087937855,10.617709420630993,10.178217627098501,10.397963523864746,3954800,0.0,0.0
2017-02-15 00:00:00-05:00,10.118286731879115,10.23814786081914,9.91851818364574,10.008414268493652,5535900,0.0,0.0
2017-02-16 00:00:00-05:00,10.208183406130281,10.348020921681837,10.078333604138384,10.218171119689941,4421200,0.0,0.0
2017-02-17 00:00:00-05:00,10.108299504363881,10.278103032661942,9.97844969139644,10.048369407653809,3791500,0.0,0.0
2017-02-21 00:00:00-05:00,9.748715753996777,10.008415371609747,9.638842325929614,9.778680801391602,4696800,0.0,0.0
2017-02-22 00:00:00-05:00,9.628853936438098,9.988437337668378,9.129432069554678,9.319211959838867,7625600,0.0,0.0
2017-02-23 00:00:00-05:00,9.698773275859924,9.788669369713013,9.489016041059942,9.608877182006836,4877200,0.0,0.0
2017-02-24 00:00:00-05:00,9.858588384918331,9.90853076641153,9.439073904490172,9.54894733428955,4156300,0.0,0.0
2017-02-27 00:00:00-05:00,9.508993582929115,9.91851939496458,8.849755864390898,8.979605674743652,7708900,0.0,0.0
2017-02-28 00:00:00-05:00,9.179373389694604,9.399119275341937,8.909686079984716,9.069500923156738,6155000,0.0,0.0
2017-03-01 00:00:00-05:00,8.939651358912934,9.139419918106482,8.67995175567551,9.089478492736816,6175400,0.0,0.0
2017-03-02 00:00:00-05:00,8.849755597458444,9.019559117215566,8.210496184322603,8.230472564697266,6349100,0.0,0.0
2017-03-03 00:00:00-05:00,8.260438207682787,8.350333344347334,7.790981381989243,8.200507164001465,9016400,0.0,0.0
2017-03-06 00:00:00-05:00,8.150564564570843,8.18052960931029,7.721061938447653,7.860899925231934,4202500,0.0,0.0
2017-03-07 00:00:00-05:00,7.731050252214083,7.960784329481432,7.591212263181812,7.751027584075928,3930300,0.0,0.0
2017-03-08 00:00:00-05:00,7.601200938587416,7.771004449338304,7.5312817058412245,7.591212272644043,3409100,0.0,0.0
2017-03-09 00:00:00-05:00,7.581224330725672,7.780992893263101,7.481339573171135,7.491328239440918,3092400,0.0,0.0
2017-03-10 00:00:00-05:00,7.681108346505891,7.910842423626357,7.571235402765023,7.830935001373291,4446400,0.0,0.0
2017-03-13 00:00:00-04:00,7.840923079500984,7.8808767900593075,7.4913278739727485,7.661131381988525,8488800,0.0,0.0
2017-03-14 00:00:00-04:00,7.621178196234763,7.731050669693221,7.161710016888642,7.221640586853027,5883200,0.0,0.0
2017-03-15 00:00:00-04:00,7.321524574862809,7.960784438321863,7.241617151466154,7.920830726623535,5806100,0.0,0.0
2017-03-16 00:00:00-04:00,8.200507433841304,8.260438479494672,7.771004781897683,7.900854110717773,4404600,0.0,0.0
2017-03-17 00:00:00-04:00,7.980761056761317,8.110610854061049,7.7510274594728985,7.860899925231934,4209800,0.0,0.0
2017-03-20 00:00:00-04:00,7.890865677969835,7.99074995717739,7.780992732698619,7.960784435272217,2522600,0.0,0.0
2017-03-21 00:00:00-04:00,8.020714522279821,8.210495355833222,7.840922830477452,8.000738143920898,4556900,0.0,0.0
2017-03-22 00:00:00-04:00,8.020715249452856,8.110611341647079,7.830935351265223,7.900854110717773,3560600,0.0,0.0
2017-03-23 00:00:00-04:00,7.930819392691023,8.020715005869354,7.721062168131898,7.920830726623535,3043500,0.0,0.0
2017-03-24 00:00:00-04:00,7.95079601202187,7.990749722531665,7.771004314727795,7.860899925231934,2132700,0.0,0.0
2017-03-27 00:00:00-04:00,8.060669299317464,8.13058901426446,7.8409238691173275,8.090635299682617,3028000,0.0,0.0
2017-03-28 00:00:00-04:00,8.100622426162793,8.180529849528838,7.82094644438164,7.960784435272217,3126400,0.0,0.0
2017-03-29 00:00:00-04:00,7.910842295977653,8.060668472141664,7.8509117302548885,7.9807610511779785,2546700,0.0,0.0
2017-03-30 00:00:00-04:00,7.880877136543258,8.030703795867025,7.820946568070916,7.890865802764893,2431900,0.0,0.0
2017-03-31 00:00:00-04:00,7.910842406708614,8.220483429134156,7.8509118401469795,8.110610961914062,3167900,0.0,0.0
2017-04-03 00:00:00-04:00,8.090634221793817,8.420252561322968,8.040691847077248,8.400275230407715,3204300,0.0,0.0
2017-04-04 00:00:00-04:00,8.560090657121378,8.630010367569751,8.430240854941982,8.61003303527832,3422100,0.0,0.0
2017-04-05 00:00:00-04:00,8.490171427916977,8.769847396469494,8.410264008330543,8.649986267089844,5062100,0.0,0.0
2017-04-06 00:00:00-04:00,8.600044596787662,8.789825448293476,8.580068216539061,8.709918022155762,2769700,0.0,0.0
2017-04-07 00:00:00-04:00,8.889709614786053,9.059513140350047,8.630010945604383,8.739883422851562,4656500,0.0,0.0
2017-04-10 00:00:00-04:00,8.62002229081117,8.719906101382895,8.370311335524304,8.6599760055542,3408600,0.0,0.0
2017-04-11 00:00:00-04:00,8.75986023804702,9.28924716446615,8.719905573152646,9.179373741149902,5626800,0.0,0.0
2017-04-12 00:00:00-04:00,9.149408218183716,9.249292970070378,8.989593377222329,9.219326972961426,3594400,0.0,0.0
2017-04-13 00:00:00-04:00,9.339189529418945,9.578911803006422,9.289247150945311,9.339189529418945,7041700,0.0,0.0
2017-04-17 00:00:00-04:00,9.379143497102628,9.439073590845735,9.129432550505802,9.19935131072998,4242500,0.0,0.0
2017-04-18 00:00:00-04:00,9.129431485513653,9.219326615641611,8.91967427673864,9.189361572265625,4645900,0.0,0.0
2017-04-19 00:00:00-04:00,9.04952543872752,9.079490486641868,8.560091242410774,8.6599760055542,4540500,0.0,0.0
2017-04-20 00:00:00-04:00,8.709917895948626,8.80980170088762,8.570079425948064,8.779836654663086,3448700,0.0,0.0
2017-04-21 00:00:00-04:00,8.779836418178402,8.899697552419722,8.679951663358159,8.759860038757324,3019000,0.0,0.0
2017-04-24 00:00:00-04:00,8.570078972298528,8.659975058785202,8.470194220075202,8.500160217285156,4259900,0.0,0.0
2017-04-25 00:00:00-04:00,8.380299102878649,8.430240526518348,7.9208304800777904,8.100622177124023,5940100,0.0,0.0
2017-04-26 00:00:00-04:00,8.01072726635399,8.370310670470982,7.950796222715347,8.280414581298828,4620700,0.0,0.0
2017-04-27 00:00:00-04:00,8.270426055257648,8.270426055257648,7.990750069543679,8.050681114196777,4121800,0.0,0.0
2017-04-28 00:00:00-04:00,8.160554416696556,8.210496800237163,7.950797167883397,8.120600700378418,3849900,0.0,0.0
2017-05-01 00:00:00-04:00,8.020715245146944,8.190518763073397,7.840923537140843,7.940807819366455,3235100,0.0,0.0
2017-05-02 00:00:00-04:00,7.900854224156899,8.070657744612522,7.860900510671557,7.950796604156494,3031700,0.0,0.0
2017-05-03 00:00:00-04:00,7.920830613265086,8.050680888855027,7.810958145810025,7.830935001373291,4672400,0.0,0.0
2017-05-04 00:00:00-04:00,7.711073435936977,7.741038957596655,7.05183672228214,7.151721000671387,7081100,0.0,0.0
2017-05-05 00:00:00-04:00,7.221640213287351,7.5212935238944505,7.2016633576659315,7.471351146697998,2898000,0.0,0.0
2017-05-08 00:00:00-04:00,7.491327760000182,7.6012007005068725,7.41142034009924,7.571235179901123,2856200,0.0,0.0
2017-05-09 00:00:00-04:00,7.491328004934495,7.531281716191281,7.351490015535744,7.431397438049316,3467600,0.0,0.0
2017-05-10 00:00:00-04:00,7.591212255938483,7.930819276692905,7.571235400381506,7.870888710021973,4434900,0.0,0.0
2017-05-11 00:00:00-04:00,7.970772959568276,8.390286924778561,7.910842393109664,8.350333213806152,4490200,0.0,0.0
2017-05-12 00:00:00-04:00,8.530125720990682,8.73988294989093,8.500160674739687,8.699929237365723,4603800,0.0,0.0
2017-05-15 00:00:00-04:00,8.949640530985992,8.949640530985992,8.659975865636168,8.809802055358887,3834000,0.0,0.0
2017-05-16 00:00:00-04:00,8.869732730663527,8.97960520167907,8.839767684490495,8.939651489257812,2756900,0.0,0.0
2017-05-17 00:00:00-04:00,9.089478953922331,9.349177617764818,9.059512954094151,9.20934009552002,4703400,0.0,0.0
2017-05-18 00:00:00-04:00,8.899697552419722,8.939651263833495,8.600044240530611,8.759860038757324,4655400,0.0,0.0
2017-05-19 00:00:00-04:00,8.969617138612522,9.02954818756042,8.809802278180396,8.909687042236328,3721500,0.0,0.0
2017-05-22 00:00:00-04:00,9.089478254839044,9.229315766328762,9.039535878204886,9.069500923156738,2879800,0.0,0.0
2017-05-23 00:00:00-04:00,9.039536270115805,9.179373787668206,8.679951904817296,8.699929237365723,3752800,0.0,0.0
2017-05-24 00:00:00-04:00,8.679952121359126,8.919675355062473,8.550103266841552,8.879721641540527,4494500,0.0,0.0
2017-05-25 00:00:00-04:00,8.779836422656837,8.889708890957854,8.590056531487514,8.679951667785645,3690200,0.0,0.0
2017-05-26 00:00:00-04:00,8.879721420014977,8.929662846242751,8.649986858566303,8.699929237365723,3120600,0.0,0.0
2017-05-30 00:00:00-04:00,8.510149245081642,8.639998094896086,8.390287156285543,8.450218200683594,2324100,0.0,0.0
2017-05-31 00:00:00-04:00,8.460206753733619,8.470194467190064,8.210495818461672,8.360321998596191,2356900,0.0,0.0
2017-06-01 00:00:00-04:00,8.230472564697266,8.440229797775379,8.190518851376275,8.230472564697266,2171900,0.0,0.0
2017-06-02 00:00:00-04:00,8.330357204387296,8.390287297220379,8.17054235340354,8.220483779907227,2193200,0.0,0.0
2017-06-05 00:00:00-04:00,8.270426040767967,8.310379752942822,8.060668813707071,8.210495948791504,2209000,0.0,0.0
2017-06-06 00:00:00-04:00,8.480183207552605,8.939651370583398,8.40027578377087,8.929662704467773,6856600,0.0,0.0
2017-06-07 00:00:00-04:00,8.759860401634748,8.909686587500047,8.600044596787662,8.709918022155762,3926300,0.0,0.0
2017-06-08 00:00:00-04:00,8.580067515386348,8.699928644798012,8.450217720380815,8.57007884979248,2798500,0.0,0.0
2017-06-09 00:00:00-04:00,8.390287290051724,8.480183381796193,8.260438438167103,8.300392150878906,3479800,0.0,0.0
2017-06-12 00:00:00-04:00,8.240460756126515,8.350333223282421,8.190518379211426,8.190518379211426,3825500,0.0,0.0
2017-06-13 00:00:00-04:00,8.180529699520726,8.46020662874501,8.080645898430573,8.430240631103516,4270900,0.0,0.0
2017-06-14 00:00:00-04:00,8.649986937597038,8.719905697012054,7.82094668069572,7.940807819366455,7054300,0.0,0.0
2017-06-15 00:00:00-04:00,7.860900171431623,8.010727304964565,7.711073514184494,7.761015892028809,4447700,0.0,0.0
2017-06-16 00:00:00-04:00,7.81095803472514,7.890865455841788,7.551258439810235,7.661131381988525,16825200,0.0,0.0
2017-06-19 00:00:00-04:00,7.551258553941321,7.8509118639435655,7.511304842779129,7.711073398590088,2936300,0.0,0.0
2017-06-20 00:00:00-04:00,7.751027584075928,7.8009694848731215,7.61118911875785,7.751027584075928,1940800,0.0,0.0
2017-06-21 00:00:00-04:00,7.790981404761736,7.9907499633306776,7.741039026976594,7.8808770179748535,2328000,0.0,0.0
2017-06-22 00:00:00-04:00,8.030703067649805,8.210495233049254,8.010726689589617,8.150564193725586,3847100,0.0,0.0
2017-06-23 00:00:00-04:00,8.26043843015709,8.400275948226975,8.200507384861675,8.38029956817627,3365400,0.0,0.0
2017-06-26 00:00:00-04:00,8.170542106921026,8.460206753733619,8.130588395380379,8.360321998596191,2632400,0.0,0.0
2017-06-27 00:00:00-04:00,8.460207613721288,8.510149996366689,8.2604390357114,8.270426750183105,2434000,0.0,0.0
2017-06-28 00:00:00-04:00,8.37031089390186,8.47019469920366,8.14057633182159,8.460206985473633,1990600,0.0,0.0
2017-06-29 00:00:00-04:00,8.300392046527467,8.390287184570134,8.040692440879834,8.13058853149414,2982500,0.0,0.0
2017-06-30 00:00:00-04:00,8.060668922036442,8.380299576302512,8.040692541966365,8.300392150878906,3063500,0.0,0.0
2017-07-03 00:00:00-04:00,8.060668612043317,8.140576034393883,7.651142834353765,7.671119689941406,3589100,0.0,0.0
2017-07-05 00:00:00-04:00,7.711073775475317,7.721062441896972,7.341501691018993,7.541270732879639,6821500,0.0,0.0
2017-07-06 00:00:00-04:00,7.5512588200609105,7.621178055201725,7.271582832069297,7.371467113494873,4309200,0.0,0.0
2017-07-07 00:00:00-04:00,7.301547533415417,7.311536199229003,7.091790314188115,7.1816864013671875,4386400,0.0,0.0
2017-07-10 00:00:00-04:00,7.11176714916487,7.6411545286240115,7.071813438596535,7.621177673339844,4857400,0.0,0.0
2017-07-11 00:00:00-04:00,7.601201391892209,7.810958626354045,7.44138606126815,7.790981769561768,3726100,0.0,0.0
2017-07-12 00:00:00-04:00,7.80096960693459,7.990749976019347,7.711073517292912,7.721062183380127,4449300,0.0,0.0
2017-07-13 00:00:00-04:00,7.731050510524673,7.77100469929751,7.491328235602585,7.5312819480896,3587800,0.0,0.0
2017-07-14 00:00:00-04:00,7.761015773721044,7.940807473905393,7.711073396638044,7.751027584075928,3906900,0.0,0.0
2017-07-17 00:00:00-04:00,7.910842179629304,8.110610729100431,7.860899804118626,7.930819034576416,3254000,0.0,0.0
2017-07-18 00:00:00-04:00,8.090635072743908,8.110611453188653,7.9607847895663895,7.990750312805176,2727000,0.0,0.0
2017-07-19 00:00:00-04:00,7.990749722531665,8.110610854061049,7.840923069977037,7.860899925231934,2446500,0.0,0.0
2017-07-20 00:00:00-04:00,7.820946094224401,7.980760933801303,7.761015529383062,7.930819034576416,1966700,0.0,0.0
2017-07-21 00:00:00-04:00,8.050681359282748,8.070657739727494,7.840923649182912,7.990750312805176,2183200,0.0,0.0
2017-07-24 00:00:00-04:00,8.020714900868034,8.020714900868034,7.6311659787661235,7.671119689941406,2518000,0.0,0.0
2017-07-25 00:00:00-04:00,7.721062055201739,7.89086556557895,7.701085199644762,7.870888710021973,3511000,0.0,0.0
2017-07-26 00:00:00-04:00,7.810958350757141,8.330357085316066,7.711073594034186,8.210495948791504,5195500,0.0,0.0
2017-07-27 00:00:00-04:00,8.300392060785649,8.310379774426455,7.960784553849811,7.970773220062256,3819500,0.0,0.0
2017-07-28 00:00:00-04:00,8.04069220103777,8.290403133041602,8.00073849002002,8.190518379211426,2813000,0.0,0.0
2017-07-31 00:00:00-04:00,8.190518733490684,8.390287297220379,8.190518733490684,8.220483779907227,2916900,0.0,0.0
2017-08-01 00:00:00-04:00,8.150564549736478,8.390286812358939,8.110610839299401,8.180529594421387,2386700,0.0,0.0
2017-08-02 00:00:00-04:00,8.170542022234624,8.190518401512085,7.800969479885489,7.830935001373291,3498200,0.0,0.0
2017-08-03 00:00:00-04:00,7.790981420306491,7.830935132099996,7.661131618834693,7.681108474731445,2909200,0.0,0.0
2017-08-04 00:00:00-04:00,7.301547169441483,7.381454586823675,6.192830562549139,6.232784271240234,13933700,0.0,0.0
2017-08-07 00:00:00-04:00,6.342657333035619,6.372622853286212,6.052992701184953,6.082958221435547,6759100,0.0,0.0
2017-08-08 00:00:00-04:00,6.242773059343283,6.2827267688202175,5.913154718015684,6.082958221435547,6700400,0.0,0.0
2017-08-09 00:00:00-04:00,6.232784510446708,6.282726886370192,6.052992814436597,6.212807655334473,5662900,0.0,0.0
2017-08-10 00:00:00-04:00,6.342657432926465,6.7921373860495375,6.332669243542821,6.732206344604492,7682700,0.0,0.0
2017-08-11 00:00:00-04:00,6.762172121210949,6.772160787258365,6.392600050601216,6.512461185455322,5693200,0.0,0.0
2017-08-14 00:00:00-04:00,6.422565114413502,6.422565114413502,6.2227965557559335,6.272738933563232,3648900,0.0,0.0
2017-08-15 00:00:00-04:00,6.043004625023378,6.272738696956972,6.013039104212128,6.212807655334473,2728600,0.0,0.0
2017-08-16 00:00:00-04:00,6.202819682272643,6.592368608691394,6.162865970654607,6.512461185455322,3663500,0.0,0.0
2017-08-17 00:00:00-04:00,6.5624034415901855,6.632322197484,6.452530498532443,6.542426586151123,3300000,0.0,0.0
2017-08-18 00:00:00-04:00,6.752183812856107,6.762172002442282,6.372623082865445,6.42256498336792,3949000,0.0,0.0
2017-08-21 00:00:00-04:00,6.442542079873324,6.492484458530193,6.312692752679944,6.402588367462158,2029300,0.0,0.0
2017-08-22 00:00:00-04:00,6.372622971474082,6.412576681692006,6.202819464905011,6.2527618408203125,2562900,0.0,0.0
2017-08-23 00:00:00-04:00,6.302703973101769,6.362634540640873,6.202819693869929,6.352646350860596,2251200,0.0,0.0
2017-08-24 00:00:00-04:00,6.292715896474362,6.482495792284491,6.2427735178174935,6.402588367462158,1965000,0.0,0.0
2017-08-25 00:00:00-04:00,6.462518810754643,6.58238042194955,6.342657675845549,6.472507476806641,2656800,0.0,0.0
2017-08-28 00:00:00-04:00,6.592368463450296,7.041848423679103,6.5124610419747215,6.981917381286621,4918900,0.0,0.0
2017-08-29 00:00:00-04:00,7.151720648499565,7.241616732766043,6.712229368942918,6.842079162597656,5718200,0.0,0.0
2017-08-30 00:00:00-04:00,6.732206590312298,6.792137633944669,6.5723917440548085,6.632322311401367,3611800,0.0,0.0
2017-08-31 00:00:00-04:00,6.672276332032613,7.1017794656733715,6.672276332032613,7.061825752258301,4505600,0.0,0.0
2017-09-01 00:00:00-04:00,7.171697739661776,7.211651450367406,6.872044909369552,7.101778984069824,3202700,0.0,0.0
2017-09-05 00:00:00-04:00,7.231628520427054,7.501316790125794,7.2216403305969985,7.441385746002197,5216800,0.0,0.0
2017-09-06 00:00:00-04:00,7.411420830029394,7.621178059278213,7.201663600780575,7.331513404846191,3608200,0.0,0.0
2017-09-07 00:00:00-04:00,7.45137428850312,7.631165989033801,7.4014319113239155,7.51130485534668,2934300,0.0,0.0
2017-09-08 00:00:00-04:00,7.451374186618604,7.471351041959975,7.121755835343072,7.1816864013671875,3804800,0.0,0.0
2017-09-11 00:00:00-04:00,6.99190616607666,7.141732822035465,6.9319755989503005,6.99190616607666,3054000,0.0,0.0
2017-09-12 00:00:00-04:00,6.951952209367001,7.351489785731295,6.911998499359152,7.25160551071167,2443000,0.0,0.0
2017-09-13 00:00:00-04:00,7.181686776227317,7.241617345379608,7.01188325881958,7.01188325881958,2388300,0.0,0.0
2017-09-14 00:00:00-04:00,7.011883013595439,7.181686525064697,6.931975590853625,7.111767292022705,2546800,0.0,0.0
2017-09-15 00:00:00-04:00,7.06182503809133,7.15172064604112,6.991905808543017,7.001894474029541,4216200,0.0,0.0
2017-09-18 00:00:00-04:00,6.902009726680046,6.931975246864134,6.7521835546169635,6.842079162597656,3417900,0.0,0.0
2017-09-19 00:00:00-04:00,6.911998740519819,7.0917904418281035,6.852068173417058,7.031859874725342,1974300,0.0,0.0
2017-09-20 00:00:00-04:00,7.0518364978071295,7.1916744831007335,6.74219500651411,6.852067947387695,4020000,0.0,0.0
2017-09-21 00:00:00-04:00,6.712229368942918,6.971928956252395,6.692252514248788,6.842079162597656,2639700,0.0,0.0
2017-09-22 00:00:00-04:00,6.9020102986037015,7.151721241115104,6.882033442254222,7.131744384765625,3035800,0.0,0.0
2017-09-25 00:00:00-04:00,7.051836829477112,7.331513289504173,7.031859973495593,7.281570911407471,3318800,0.0,0.0
2017-09-26 00:00:00-04:00,7.141732453945104,7.411420230256714,7.071813224425136,7.161709308624268,2878500,0.0,0.0
2017-09-27 00:00:00-04:00,7.091790199279785,7.201663140019957,7.061825154896152,7.091790199279785,1719900,0.0,0.0
2017-09-28 00:00:00-04:00,7.0917905678878865,7.1417329461708405,6.8420796290447505,6.961940765380859,3312300,0.0,0.0
2017-09-29 00:00:00-04:00,6.981917511397814,6.9919061774113045,6.832091331481934,6.832091331481934,1992000,0.0,0.0
2017-10-02 00:00:00-04:00,6.792137497536731,6.981917385513205,6.7621719763223505,6.902009963989258,2345700,0.0,0.0
2017-10-03 00:00:00-04:00,6.921986823658711,7.001894721517966,6.732206459278859,6.8221025466918945,3491100,0.0,0.0
2017-10-04 00:00:00-04:00,6.902009724307441,7.081801892778593,6.87204468041944,7.001894474029541,2623100,0.0,0.0
2017-10-05 00:00:00-04:00,6.971929310367874,7.11176730032938,6.971929310367874,6.99190616607666,1900800,0.0,0.0
2017-10-06 00:00:00-04:00,6.951952319093988,7.361478091281146,6.852068042497827,7.341501235961914,3723000,0.0,0.0
2017-10-09 00:00:00-04:00,7.391443490317126,7.541270140879554,7.301547404722511,7.4114203453063965,2471700,0.0,0.0
2017-10-10 00:00:00-04:00,7.521293291407553,7.57123519077447,7.191674469414102,7.25160551071167,2503900,0.0,0.0
2017-10-11 00:00:00-04:00,7.3015477640836774,7.341501476028626,7.061825492413987,7.321524620056152,1813800,0.0,0.0
2017-10-12 00:00:00-04:00,7.311536316906133,7.321524506594675,7.181686516954421,7.23162841796875,1597900,0.0,0.0
2017-10-13 00:00:00-04:00,7.311536195132901,7.351489905793262,7.221640108004191,7.261593818664551,1649700,0.0,0.0
2017-10-16 00:00:00-04:00,7.261594189180152,7.331513424546242,7.101779338384318,7.131744384765625,1704700,0.0,0.0
2017-10-17 00:00:00-04:00,7.0118826632302795,7.0518363726048054,6.931975244481228,7.001894474029541,2128700,0.0,0.0
2017-10-18 00:00:00-04:00,6.9619405301322175,7.0318597621085726,6.792137497536731,6.902009963989258,2473600,0.0,0.0
2017-10-19 00:00:00-04:00,6.96194028836923,7.0518363726048054,6.902009724307441,7.001894474029541,1924400,0.0,0.0
2017-10-20 00:00:00-04:00,6.951952454659088,7.011883021785447,6.862056365826643,6.99190616607666,2217200,0.0,0.0
2017-10-23 00:00:00-04:00,6.911998624124707,7.071813467040857,6.8520680580311515,7.021871566772461,2164300,0.0,0.0
2017-10-24 00:00:00-04:00,6.941963554058997,7.041848305513148,6.902009843991655,6.931975364685059,1598400,0.0,0.0
2017-10-25 00:00:00-04:00,6.892022014264468,6.98191762846412,6.842079635931247,6.882033348083496,1709500,0.0,0.0
2017-10-26 00:00:00-04:00,6.882032752076313,6.902009606422375,6.582379936885385,6.592368125915527,3037100,0.0,0.0
2017-10-27 00:00:00-04:00,6.572392090020694,6.752184277810309,6.492484662685681,6.702241897583008,2378100,0.0,0.0
2017-10-30 00:00:00-04:00,6.702241296430223,6.931975367555469,6.692252630766355,6.852067947387695,1919600,0.0,0.0
2017-10-31 00:00:00-04:00,6.782148840206597,6.782148840206597,6.65229904192448,6.742195129394531,1602700,0.0,0.0
2017-11-01 00:00:00-04:00,6.8320910923457525,7.021871453387111,6.752183672177979,6.852067947387695,2723300,0.0,0.0
2017-11-02 00:00:00-04:00,6.892021893054505,7.021871693408556,6.852068181604921,6.911998748779297,2672000,0.0,0.0
2017-11-03 00:00:00-04:00,6.941964084786935,6.96194094134788,6.41257714777899,6.452530860900879,4921000,0.0,0.0
2017-11-06 00:00:00-05:00,6.502472860398082,6.892021778711568,6.44254181793219,6.8221025466918945,3361600,0.0,0.0
2017-11-07 00:00:00-05:00,6.8021255745230516,6.832091095241564,6.682264444220587,6.772160530090332,1625100,0.0,0.0
2017-11-08 00:00:00-05:00,6.892021884818899,7.221640242026991,6.8820332188255335,7.031859874725342,3874500,0.0,0.0
2017-11-09 00:00:00-05:00,7.051836375795643,7.051836375795643,6.772160410047414,6.802125453948975,3083500,0.0,0.0
2017-11-10 00:00:00-05:00,6.792137512709084,6.792137512709084,6.61234533759278,6.622334003448486,3006100,0.0,0.0
2017-11-13 00:00:00-05:00,6.642311103539832,6.682264815862727,6.492484444186067,6.562403678894043,2529800,0.0,0.0
2017-11-14 00:00:00-05:00,6.492484574022768,6.59236885682749,6.432554004339934,6.452530860900879,2236700,0.0,0.0
2017-11-15 00:00:00-05:00,6.522449848546962,6.602357271746821,6.402588237461362,6.552414894104004,2072500,0.0,0.0
2017-11-16 00:00:00-05:00,6.572391868831856,6.682264815862727,6.512461300347514,6.562403678894043,1263700,0.0,0.0
2017-11-17 00:00:00-05:00,6.612345329003194,6.832091214685266,6.592368473603533,6.782148838043213,2656000,0.0,0.0
2017-11-20 00:00:00-05:00,6.742195496509209,6.792137875886571,6.522450075077636,6.652299404144287,2219800,0.0,0.0
2017-11-21 00:00:00-05:00,6.6822648012532255,6.782149081842085,6.642311089017682,6.7222185134887695,1211500,0.0,0.0
2017-11-22 00:00:00-05:00,6.772160761465945,6.882033229854176,6.712229717981334,6.872045040130615,2256700,0.0,0.0
2017-11-24 00:00:00-05:00,6.872045051103188,6.951952474162512,6.692252872933899,6.7122297286987305,1246900,0.0,0.0
2017-11-27 00:00:00-05:00,6.762172353002987,6.782149209496767,6.5524151216753905,6.652299404144287,1909200,0.0,0.0
2017-11-28 00:00:00-05:00,6.642311214040312,6.742195496509209,6.582380644558974,6.652299404144287,1380100,0.0,0.0
2017-11-29 00:00:00-05:00,6.582380294799805,6.642310861096692,6.462518685920227,6.582380294799805,2239000,0.0,0.0
2017-11-30 00:00:00-05:00,6.502472868745112,6.732206467920791,6.492484202892707,6.662287712097168,2039900,0.0,0.0
2017-12-01 00:00:00-05:00,6.6423109716647275,6.842079529313037,6.6423109716647275,6.7122297286987305,2098100,0.0,0.0
2017-12-04 00:00:00-05:00,6.63232243362531,6.692253002076301,6.542426819091734,6.602357387542725,1886600,0.0,0.0
2017-12-05 00:00:00-05:00,6.532437801361084,6.562403322117035,6.442541715379025,6.532437801361084,2269600,0.0,0.0
2017-12-06 00:00:00-05:00,6.512461071072498,6.532437926530649,6.362634416993468,6.42256498336792,2079700,0.0,0.0
2017-12-07 00:00:00-05:00,6.292715789428989,6.3926000687577735,6.24277341162169,6.272738933563232,2273700,0.0,0.0
2017-12-08 00:00:00-05:00,6.31269228100524,6.522449493634036,6.292715426292297,6.482495307922363,1982200,0.0,0.0
2017-12-11 00:00:00-05:00,6.51246117670825,6.712229734530112,6.462518799109879,6.632322311401367,2008100,0.0,0.0
2017-12-12 00:00:00-05:00,6.592368838988718,6.672276265016269,6.492484556454279,6.6123456954956055,1920400,0.0,0.0
2017-12-13 00:00:00-05:00,6.612345302381241,7.371466757083663,6.592368447062009,7.341501235961914,5633700,0.0,0.0
2017-12-14 00:00:00-05:00,7.2915592207195195,7.341501120086436,6.9619403987260675,7.25160551071167,3448200,0.0,0.0
2017-12-15 00:00:00-05:00,7.341501120086436,7.391443495739145,7.161709425051111,7.25160551071167,3596500,0.0,0.0
2017-12-18 00:00:00-05:00,7.381455053187061,7.591212275210749,7.351490007918423,7.551258563995361,3189700,0.0,0.0
2017-12-19 00:00:00-05:00,7.541270486557893,7.7510277117030295,7.49132810865255,7.641154766082764,2568700,0.0,0.0
2017-12-20 00:00:00-05:00,7.661131609569343,7.830935122629286,7.591212375872362,7.80096960067749,2210300,0.0,0.0
2017-12-21 00:00:00-05:00,7.631166458129883,7.800969979434214,7.561247697323983,7.631166458129883,2587000,0.0,0.0
2017-12-22 00:00:00-05:00,7.501316835218201,7.5113050251083,6.782149064270084,6.921987056732178,8249000,0.0,0.0
2017-12-26 00:00:00-05:00,6.951952334853745,7.021871566772461,6.892021768760189,7.021871566772461,1884800,0.0,0.0
2017-12-27 00:00:00-05:00,7.0418486658907495,7.1417329461708405,6.911998863383723,6.961940765380859,2598100,0.0,0.0
2017-12-28 00:00:00-05:00,7.0318602529107865,7.0418489194413585,6.742195591525874,6.862056732177734,3316900,0.0,0.0
2017-12-29 00:00:00-05:00,6.892021661314955,6.892021661314955,6.612345214285991,6.732206344604492,3245200,0.0,0.0
2018-01-02 00:00:00-05:00,6.8320910801087384,7.21165132522583,6.762171849444273,7.21165132522583,4063000,0.0,0.0
2018-01-03 00:00:00-05:00,7.2316284317345465,7.241617097727912,6.8820332188255335,7.031859874725342,3287800,0.0,0.0
2018-01-04 00:00:00-05:00,7.041848659515381,7.07181370542937,6.882033334926107,7.041848659515381,2555200,0.0,0.0
2018-01-05 00:00:00-05:00,6.991906168861465,7.021871690579485,6.852068178844262,6.9519524574279785,2419800,0.0,0.0
2018-01-08 00:00:00-05:00,6.931975604504089,7.071813594577631,6.852068181604921,6.911998748779297,2332600,0.0,0.0
2018-01-09 00:00:00-05:00,6.832090854736129,6.8520677090833075,6.6423105002950384,6.752183437347412,2343000,0.0,0.0
2018-01-10 00:00:00-05:00,6.872045158188343,6.961940772387995,6.782149067702873,6.882033348083496,2248300,0.0,0.0
2018-01-11 00:00:00-05:00,6.902010197212805,7.0418486658907495,6.872045151271687,6.961940765380859,1957500,0.0,0.0
2018-01-12 00:00:00-05:00,6.921986825840839,6.951952347083232,6.592368473603533,6.782148838043213,8569400,0.0,0.0
2018-01-16 00:00:00-05:00,6.981917363929936,7.381454946600379,6.902009942653007,7.341501235961914,8354200,0.0,0.0
2018-01-17 00:00:00-05:00,7.261593939605994,7.491328017872173,7.221640228280208,7.23162841796875,3856800,0.0,0.0
2018-01-18 00:00:00-05:00,7.251605772386567,7.291559483836151,6.892021893054505,6.911998748779297,3588300,0.0,0.0
2018-01-19 00:00:00-05:00,6.981917508518847,7.021871696270525,6.852068184397681,6.872045040130615,2716400,0.0,0.0
2018-01-22 00:00:00-05:00,6.892021770269501,7.001894712941317,6.812114348793926,6.981917381286621,2829800,0.0,0.0
2018-01-23 00:00:00-05:00,6.9119989768990955,7.101779350690929,6.862056597795941,7.01188325881958,4207400,0.0,0.0
2018-01-24 00:00:00-05:00,7.131743909315158,7.291559225742442,7.041848299878466,7.091790199279785,8271700,0.0,0.0
2018-01-25 00:00:00-05:00,7.041848450827847,7.091790351299723,6.492484211636584,6.502472877502441,14428700,0.0,0.0
2018-01-26 00:00:00-05:00,6.552414657952376,6.712229498592303,6.4025880067095455,6.492484092712402,7206900,0.0,0.0
2018-01-29 00:00:00-05:00,6.532437933581472,6.532437933581472,6.282727001942162,6.302703857421875,5653500,0.0,0.0
2018-01-30 00:00:00-05:00,6.362634313444717,6.432553544553244,5.993062255340636,6.052992820739746,7313800,0.0,0.0
2018-01-31 00:00:00-05:00,6.162866000034889,6.1728541898441085,5.793293927663291,6.112923622131348,7730300,0.0,0.0
2018-02-01 00:00:00-05:00,6.04300439331284,6.212807417113076,5.973085164958076,6.033015727996826,3450900,0.0,0.0
2018-02-02 00:00:00-05:00,5.933132206763227,5.933132206763227,5.613502020506578,5.65345573425293,6833200,0.0,0.0
2018-02-05 00:00:00-05:00,5.643467533923777,5.8632129591379485,5.603513820248474,5.733363151550293,5039200,0.0,0.0
2018-02-06 00:00:00-05:00,5.65345573425293,5.793294208650996,5.623490687086084,5.65345573425293,3989800,0.0,0.0
2018-02-07 00:00:00-05:00,5.593525184394821,5.723374992695343,5.443698519146975,5.493640899658203,4629600,0.0,0.0
2018-02-08 00:00:00-05:00,5.513617886843037,5.573548459100632,5.413733599747047,5.423721790313721,3769400,0.0,0.0
2018-02-09 00:00:00-05:00,5.433710378202089,5.443698568623612,4.924299806986654,5.13405704498291,6907000,0.0,0.0
2018-02-12 00:00:00-05:00,5.164022289665124,5.713386069155271,5.13405676744873,5.593524932861328,6666900,0.0,0.0
2018-02-13 00:00:00-05:00,5.643467304264551,5.823259008486847,5.573548070035193,5.673432350158691,3185900,0.0,0.0
2018-02-14 00:00:00-05:00,5.643467616993461,6.052993426336306,5.643467616993461,5.983074188232422,4885300,0.0,0.0
2018-02-15 00:00:00-05:00,6.033016208057006,6.132900487736265,5.8532245046343405,5.993062496185303,3077900,0.0,0.0
2018-02-16 00:00:00-05:00,5.933132191613464,6.062981999100464,5.683421243193466,5.773317337036133,3901000,0.0,0.0
2018-02-20 00:00:00-05:00,5.683421394576807,5.803282538702422,5.513617868922595,5.543583393096924,3004900,0.0,0.0
2018-02-21 00:00:00-05:00,5.62349058677173,5.713386202954504,5.463675258351345,5.483652114868164,3003300,0.0,0.0
2018-02-22 00:00:00-05:00,5.533594608306885,5.663444416484307,5.503629561057227,5.533594608306885,2021800,0.0,0.0
2018-02-23 00:00:00-05:00,5.513617629641498,5.623490578464613,5.4636752502803105,5.5635600090026855,1684800,0.0,0.0
2018-02-26 00:00:00-05:00,5.713386069155271,5.733362925204261,5.493640652616375,5.593524932861328,2588300,0.0,0.0
2018-02-27 00:00:00-05:00,5.523606439398794,5.583537010416279,5.313849202694672,5.373779773712158,2860100,0.0,0.0
2018-02-28 00:00:00-05:00,5.35380256490628,5.423721321689377,5.283883331837374,5.303860187530518,2123600,0.0,0.0
2018-03-01 00:00:00-05:00,5.193987230677739,5.523606063256545,5.084114762770612,5.503629207611084,4573900,0.0,0.0
2018-03-02 00:00:00-05:00,5.533594608306885,5.693409463733965,5.503629561057227,5.533594608306885,3564600,0.0,0.0
2018-03-05 00:00:00-05:00,5.523606523838212,5.663444525016717,5.493640999728465,5.623490810394287,2713900,0.0,0.0
2018-03-06 00:00:00-05:00,5.753340688905875,6.043005361477262,5.753340688905875,5.953109264373779,3737700,0.0,0.0
2018-03-07 00:00:00-05:00,5.94312051492406,6.013039753509769,5.653455846375309,5.70339822769165,3148400,0.0,0.0
2018-03-08 00:00:00-05:00,5.7133864123240885,5.773317460356576,5.593525268830806,5.743351936340332,2104400,0.0,0.0
2018-03-09 00:00:00-05:00,5.743351454508753,5.883189443519375,5.683420887789915,5.823258876800537,2663100,0.0,0.0
2018-03-12 00:00:00-04:00,5.783305388408019,6.0030512844601,5.763328532065632,5.963097095489502,2161600,0.0,0.0
2018-03-13 00:00:00-04:00,5.983073589631219,6.072969675872783,5.913154834808488,6.052992820739746,2375100,0.0,0.0
2018-03-14 00:00:00-04:00,6.082958830484907,6.112923877449931,5.953109023540914,5.973085880279541,1844000,0.0,0.0
2018-03-15 00:00:00-04:00,5.9231432720182,5.9531087941142165,5.793293946364299,5.873201370239258,2017400,0.0,0.0
2018-03-16 00:00:00-04:00,5.88318979160073,5.993062741895514,5.7633286510714195,5.933132171630859,3481100,0.0,0.0
2018-03-19 00:00:00-04:00,5.893178336434059,5.983073951831889,5.823259101092793,5.963097095489502,1897800,0.0,0.0
2018-03-20 00:00:00-04:00,5.923143282175787,5.923143282175787,5.683421010139812,5.753340244293213,2398400,0.0,0.0
2018-03-21 00:00:00-04:00,5.823258632761971,6.182842494291522,5.823258632761971,6.1229119300842285,3785400,0.0,0.0
2018-03-22 00:00:00-04:00,6.072969907204052,6.2827271322339,6.013039339522069,6.152877330780029,3109000,0.0,0.0
2018-03-23 00:00:00-04:00,6.352646350860596,6.502473007851263,6.332669495014228,6.352646350860596,4655900,0.0,0.0
2018-03-26 00:00:00-04:00,6.4824954374925365,6.4824954374925365,6.1928308002222385,6.212807655334473,3371500,0.0,0.0
2018-03-27 00:00:00-04:00,6.142888783999813,6.242773057665301,6.023027655601227,6.16286563873291,2531200,0.0,0.0
2018-03-28 00:00:00-04:00,6.102935198356809,6.212807663475168,6.003050922664757,6.0130391120910645,2460500,0.0,0.0
2018-03-29 00:00:00-04:00,6.0529929372417355,6.122912169695999,5.963096849269941,6.102935314178467,2567600,0.0,0.0
2018-04-02 00:00:00-04:00,6.192830918739786,6.352646238981981,6.1628658736408655,6.222796440124512,2785000,0.0,0.0
2018-04-03 00:00:00-04:00,6.21280765852711,6.2327845136496105,6.052992817547109,6.132900238037109,1882100,0.0,0.0
2018-04-04 00:00:00-04:00,6.162866000034889,6.262750279556156,6.082958576417874,6.112923622131348,1811300,0.0,0.0
2018-04-05 00:00:00-04:00,6.052992699557981,6.192830682689664,6.033015844824884,6.16286563873291,1431900,0.0,0.0
2018-04-06 00:00:00-04:00,6.202819711843396,6.2827271354604095,6.112923622131348,6.112923622131348,1812000,0.0,0.0
2018-04-09 00:00:00-04:00,6.0929466412670426,6.292715672498335,6.013039219288847,6.222796440124512,2257000,0.0,0.0
2018-04-10 00:00:00-04:00,6.302703737326187,6.3826111577224305,6.212807651237514,6.332669258117676,2167700,0.0,0.0
2018-04-11 00:00:00-04:00,6.472507584422668,6.792137759113772,6.442542062054263,6.602357387542725,5488900,0.0,0.0
2018-04-12 00:00:00-04:00,6.522449851502738,6.58238041892979,6.372623194792199,6.512461185455322,2356400,0.0,0.0
2018-04-13 00:00:00-04:00,6.652299404144287,6.742195496509209,6.5424269315714145,6.652299404144287,2301000,0.0,0.0
2018-04-16 00:00:00-04:00,6.692252640434588,6.732206350576195,6.512460944797354,6.572391510009766,2124300,0.0,0.0
2018-04-17 00:00:00-04:00,6.562403899746735,6.722218754416761,6.512461519519434,6.702241897583008,1578100,0.0,0.0
2018-04-18 00:00:00-04:00,6.862056017291787,6.991905810946524,6.822102307903526,6.842079162597656,4107100,0.0,0.0
2018-04-19 00:00:00-04:00,6.892021657471583,6.941963556933544,6.722218151472167,6.852067947387695,2578700,0.0,0.0
2018-04-20 00:00:00-04:00,6.762171626378113,6.842079043766829,6.682264208989397,6.752183437347412,2197500,0.0,0.0
2018-04-23 00:00:00-04:00,6.622334011911532,6.652299056945341,6.42256498111432,6.462518692016602,3081300,0.0,0.0
2018-04-24 00:00:00-04:00,6.532438038304039,6.562403560146892,6.422565093261326,6.552414894104004,1823800,0.0,0.0
2018-04-25 00:00:00-04:00,6.492484320926064,6.712229734530112,6.432553753579505,6.632322311401367,2466600,0.0,0.0
2018-04-26 00:00:00-04:00,6.68226444511468,6.782148720380098,6.652298924392158,6.732206344604492,1694100,0.0,0.0
2018-04-27 00:00:00-04:00,6.732206699833779,6.882033358780504,6.692252987619428,6.762172222137451,1767600,0.0,0.0
2018-04-30 00:00:00-04:00,6.572391755897552,6.612345467533917,6.462518810754643,6.472507476806641,2510500,0.0,0.0
2018-05-01 00:00:00-04:00,6.442541832670011,6.552414775727753,6.3526462213371335,6.542426586151123,1777200,0.0,0.0
2018-05-02 00:00:00-04:00,6.612345214285991,6.9020098506986,6.592368359232907,6.732206344604492,3898400,0.0,0.0
2018-05-03 00:00:00-04:00,6.862056379813616,6.872045045831274,6.742195245316583,6.792137622833252,2067000,0.0,0.0
2018-05-04 00:00:00-04:00,6.762171743821136,6.862056017291787,6.712229368942918,6.842079162597656,1785100,0.0,0.0
2018-05-07 00:00:00-04:00,6.792137503885944,6.862056259641856,6.742195127243891,6.782148838043213,1396500,0.0,0.0
2018-05-08 00:00:00-04:00,6.742194889127005,6.882032871985916,6.622333760962225,6.842079162597656,1908400,0.0,0.0
2018-05-09 00:00:00-04:00,6.8720450429642765,6.9319756101877905,6.812114475740763,6.832091331481934,2405000,0.0,0.0
2018-05-10 00:00:00-04:00,6.712230027727002,7.291559823287726,6.692253171072207,7.221640586853027,5982000,0.0,0.0
2018-05-11 00:00:00-04:00,7.261593582020089,7.301547291378418,7.031859515066808,7.161709308624268,3243300,0.0,0.0
2018-05-14 00:00:00-04:00,7.2416172163901775,7.371467018716804,7.0818023681640625,7.0818023681640625,3584200,0.0,0.0
2018-05-15 00:00:00-04:00,6.961940644370576,7.021871687782745,6.822102654409069,6.99190616607666,3232000,0.0,0.0
2018-05-16 00:00:00-04:00,7.021871560636138,7.3115362013114265,7.021871560636138,7.141732692718506,2828700,0.0,0.0
2018-05-17 00:00:00-04:00,7.131744384765625,7.191674953814062,7.071813815717188,7.131744384765625,1675800,0.0,0.0
2018-05-18 00:00:00-04:00,7.11176741406355,7.251605882547218,7.0818023681640625,7.0818023681640625,2355100,0.0,0.0
2018-05-21 00:00:00-04:00,7.0917905414401465,7.311536433522655,7.061825495610778,7.281570911407471,1810800,0.0,0.0
2018-05-22 00:00:00-04:00,7.3315130484431466,7.381454948611937,7.231628295533966,7.301547527313232,3009300,0.0,0.0
2018-05-23 00:00:00-04:00,7.251605747797536,7.321524504454319,7.161709659197891,7.27158260345459,2569900,0.0,0.0
2018-05-24 00:00:00-04:00,7.321524499145198,7.471351154607358,7.281570787860063,7.351490020751953,2961600,0.0,0.0
2018-05-25 00:00:00-04:00,7.321524509320117,7.391443742309176,7.1617096639574775,7.191674709320068,1977700,0.0,0.0
2018-05-29 00:00:00-04:00,6.93197559352202,7.141732816442929,6.892021882135734,7.071813583374023,2856200,0.0,0.0
2018-05-30 00:00:00-04:00,7.131744026902075,7.191674592943258,7.081802126677322,7.141732692718506,1584200,0.0,0.0
2018-05-31 00:00:00-04:00,7.16170979227712,7.191674838176608,7.0418486561075335,7.0818023681640625,1248500,0.0,0.0
2018-06-01 00:00:00-04:00,7.071813698623073,7.18168664486886,6.961940752377286,7.121756076812744,1690400,0.0,0.0
2018-06-04 00:00:00-04:00,7.17169798561903,7.191674841656962,7.041848659515381,7.041848659515381,1265800,0.0,0.0
2018-06-05 00:00:00-04:00,7.0418484159832,7.171697737596197,7.0418484159832,7.141732692718506,1243700,0.0,0.0
2018-06-06 00:00:00-04:00,7.201663370511999,7.301547648797266,7.1816865148549445,7.27158260345459,1851800,0.0,0.0
2018-06-07 00:00:00-04:00,7.311536185276484,7.471351027702484,7.301547519481959,7.461362361907959,3201600,0.0,0.0
2018-06-08 00:00:00-04:00,7.461362736660725,7.4913282592635415,7.281571029901296,7.29155969619751,1916900,0.0,0.0
2018-06-11 00:00:00-04:00,7.361477964518255,7.6111888898515945,7.341501109543019,7.571235179901123,3089400,0.0,0.0
2018-06-12 00:00:00-04:00,7.561247105592716,7.671119571485207,7.521293395034391,7.661131381988525,2016800,0.0,0.0
2018-06-13 00:00:00-04:00,7.691096658303931,7.830935125753685,7.571235523020554,7.761015892028809,3158200,0.0,0.0
2018-06-14 00:00:00-04:00,7.8609001560646625,7.960784435272217,7.830935110445302,7.960784435272217,2776400,0.0,0.0
2018-06-15 00:00:00-04:00,7.840923466084868,7.850912132359823,7.371467105735884,7.451374530792236,8457300,0.0,0.0
2018-06-18 00:00:00-04:00,7.431397796535383,7.491328366311576,7.37146722675919,7.4214091300964355,1958400,0.0,0.0
2018-06-19 00:00:00-04:00,7.221640457076377,7.451374542620996,7.151721221898162,7.331513404846191,2239800,0.0,0.0
2018-06-20 00:00:00-04:00,7.341501354787765,7.401431921715468,7.301547643502631,7.351490020751953,1204100,0.0,0.0
2018-06-21 00:00:00-04:00,7.311536309466819,7.421408777358035,7.281570787860063,7.351490020751953,1484500,0.0,0.0
2018-06-22 00:00:00-04:00,7.431397540937628,7.661131621987738,7.36147830712731,7.641154766082764,2380400,0.0,0.0
2018-06-25 00:00:00-04:00,7.581223970013259,7.691096436038234,7.411420461792734,7.461362361907959,1993600,0.0,0.0
2018-06-26 00:00:00-04:00,7.381455404133956,7.581224445994602,7.311536644325686,7.541270732879639,1309800,0.0,0.0
2018-06-27 00:00:00-04:00,7.441385864517281,7.641154903443986,7.4313976745281485,7.451374530792236,1775300,0.0,0.0
2018-06-28 00:00:00-04:00,7.411420944497178,7.511305227518872,7.3714672312885,7.381455421447754,1642200,0.0,0.0
2018-06-29 00:00:00-04:00,7.4513741652815195,7.671119573407363,7.411420454713184,7.621177673339844,1595300,0.0,0.0
2018-07-02 00:00:00-04:00,7.491327994639346,7.641154649789295,7.441385617494094,7.591212272644043,1775000,0.0,0.0
2018-07-03 00:00:00-04:00,7.6711201288300686,8.090635072743908,7.651143272099489,7.990750312805176,3127600,0.0,0.0
2018-07-05 00:00:00-04:00,8.0307035446167,8.140576011902256,7.980761167642679,8.0307035446167,2495200,0.0,0.0
2018-07-06 00:00:00-04:00,8.070657009998348,8.3103792690902,8.060668344393292,8.250449180603027,2968900,0.0,0.0
2018-07-09 00:00:00-04:00,8.390286812358939,8.470194233233094,8.180529594421387,8.180529594421387,2835700,0.0,0.0
2018-07-10 00:00:00-04:00,8.140575650148069,8.170541646543807,7.86089968512216,8.000738143920898,2569700,0.0,0.0
2018-07-11 00:00:00-04:00,7.890865706319584,7.980761319786447,7.541270489694234,7.601201057434082,3753700,0.0,0.0
2018-07-12 00:00:00-04:00,7.711073646503756,7.780992881428422,7.561247462971477,7.611189365386963,1615200,0.0,0.0
2018-07-13 00:00:00-04:00,7.5612474555036515,7.7310504950915835,7.531281933055298,7.691096782684326,1296100,0.0,0.0
2018-07-16 00:00:00-04:00,7.671120075640155,7.681108742079102,7.401432273504371,7.4214091300964355,2089700,0.0,0.0
2018-07-17 00:00:00-04:00,7.091790210896903,7.281570572018701,6.772160530090332,6.772160530090332,7783200,0.0,0.0
2018-07-18 00:00:00-04:00,6.672275659554658,6.931975246864134,6.672275659554658,6.842079162597656,4319600,0.0,0.0
2018-07-19 00:00:00-04:00,6.702241182705904,6.822102310923748,6.632321953102601,6.68226432800293,3110900,0.0,0.0
2018-07-20 00:00:00-04:00,6.832091593357199,6.91199901938475,6.57239198248183,6.6123456954956055,3259300,0.0,0.0
2018-07-23 00:00:00-04:00,6.572391271792785,6.642310500149266,6.312692165285156,6.392599582672119,4042200,0.0,0.0
2018-07-24 00:00:00-04:00,6.462518452985663,6.59236824675819,6.462518452985663,6.522449493408203,2588000,0.0,0.0
2018-07-25 00:00:00-04:00,6.652299164276592,6.702241541853139,6.562403551438943,6.672276020050049,1992400,0.0,0.0
2018-07-26 00:00:00-04:00,6.652298811125273,6.652298811125273,6.482495307922363,6.482495307922363,1996500,0.0,0.0
2018-07-27 00:00:00-04:00,6.582380303318927,6.582380303318927,6.392599938323595,6.42256498336792,1632700,0.0,0.0
2018-07-30 00:00:00-04:00,6.422564861789537,6.5224496134752865,6.412576672392438,6.492484092712402,1644600,0.0,0.0
2018-07-31 00:00:00-04:00,6.462518799109879,6.702241544781925,6.432553753579505,6.632322311401367,1983200,0.0,0.0
2018-08-01 00:00:00-04:00,6.59236824675819,6.632321956182693,6.492483973196934,6.522449493408203,2047500,0.0,0.0
2018-08-02 00:00:00-04:00,6.53243792028869,6.632322197484,6.502472875272999,6.542426586151123,1553100,0.0,0.0
2018-08-03 00:00:00-04:00,6.532437799868158,6.722218161183691,6.532437799868158,6.572391510009766,1402500,0.0,0.0
2018-08-06 00:00:00-04:00,6.442541830487931,6.662287716528987,6.442541830487931,6.582380294799805,1039800,0.0,0.0
2018-08-07 00:00:00-04:00,6.662287727518512,6.6922527725734815,6.382611274719238,6.382611274719238,1921500,0.0,0.0
2018-08-08 00:00:00-04:00,6.392599942894545,6.432553653839414,6.232784622829263,6.342657566070557,2484300,0.0,0.0
2018-08-09 00:00:00-04:00,6.352645990431126,6.552414537560558,6.322680470218819,6.482495307922363,1403400,0.0,0.0
2018-08-10 00:00:00-04:00,6.442541954936461,6.612345467533917,6.442541954936461,6.472507476806641,1192800,0.0,0.0
2018-08-13 00:00:00-04:00,6.302704184629423,6.302704184629423,5.363790975767247,5.483652114868164,8076500,0.0,0.0
2018-08-14 00:00:00-04:00,5.523606407736241,5.703398119758092,5.4936408842563464,5.613502025604248,3712300,0.0,0.0
2018-08-15 00:00:00-04:00,5.393756663944311,5.403744854365834,5.0042077117880535,5.13405704498291,6158100,0.0,0.0
2018-08-16 00:00:00-04:00,5.213964606624791,5.513617947494914,5.064138412475586,5.064138412475586,4486000,0.0,0.0
2018-08-17 00:00:00-04:00,5.154033770056447,5.293872242661608,5.064138153422651,5.243929862976074,4643400,0.0,0.0
2018-08-20 00:00:00-04:00,5.283883788379334,5.49364102942384,5.263906930960136,5.423721790313721,3138800,0.0,0.0
2018-08-21 00:00:00-04:00,5.453686830354529,5.5535711085818305,5.423721308743436,5.503629207611084,2297500,0.0,0.0
2018-08-22 00:00:00-04:00,5.573548322163655,5.583536988770766,5.473664037521729,5.533594608306885,1701300,0.0,0.0
2018-08-23 00:00:00-04:00,5.453687346895044,5.463675537520891,5.183999531995216,5.2239532470703125,2935400,0.0,0.0
2018-08-24 00:00:00-04:00,5.363790741807055,5.6334785311636715,5.293871985190848,5.503629207611084,3167800,0.0,0.0
2018-08-27 00:00:00-04:00,5.5735481702194765,5.893178348645827,5.5036294110191495,5.843235969543457,3302800,0.0,0.0
2018-08-28 00:00:00-04:00,5.973086176003403,6.062982273920843,5.583537212170923,5.633479118347168,4107400,0.0,0.0
2018-08-29 00:00:00-04:00,5.613501782084592,5.693409206183391,5.533594357985794,5.673432350158691,2016200,0.0,0.0
2018-08-30 00:00:00-04:00,5.613501677666437,5.623490343635893,5.39375626548228,5.463675022125244,2842500,0.0,0.0
2018-08-31 00:00:00-04:00,5.463675133793447,5.60351360250905,5.463675133793447,5.5535712242126465,2174400,0.0,0.0
2018-09-04 00:00:00-04:00,5.403744465996233,5.403744465996233,5.124068486292228,5.303860187530518,3552100,0.0,0.0
2018-09-05 00:00:00-04:00,5.35380317234789,5.373780030307604,5.213964690344028,5.273895740509033,1928200,0.0,0.0
2018-09-06 00:00:00-04:00,5.313848972320557,5.413733253019364,5.263906593828243,5.313848972320557,2561400,0.0,0.0
2018-09-07 00:00:00-04:00,5.193987461415179,5.523606308636956,5.144045558225816,5.443698406219482,3125900,0.0,0.0
2018-09-10 00:00:00-04:00,5.463675276351882,5.513617655951385,5.313849090125035,5.3238372802734375,2049000,0.0,0.0
2018-09-11 00:00:00-04:00,5.233941548303742,5.333826314388176,5.044161635829389,5.273895740509033,3146700,0.0,0.0
2018-09-12 00:00:00-04:00,5.293872204194202,5.683421143538916,5.174010589077052,5.603513717651367,3183600,0.0,0.0
2018-09-13 00:00:00-04:00,5.7233749872694615,5.753340510804959,5.4636753709146175,5.533594608306885,2712200,0.0,0.0
2018-09-14 00:00:00-04:00,5.543583285501869,5.583536999434948,5.433710334042982,5.4536871910095215,1802300,0.0,0.0
2018-09-17 00:00:00-04:00,5.503629312091653,5.703397872338649,5.433710077862296,5.673432350158691,2863300,0.0,0.0
2018-09-18 00:00:00-04:00,5.693409560914043,5.78330565676912,5.643467655883548,5.70339822769165,2072300,0.0,0.0
2018-09-19 00:00:00-04:00,5.773317090395559,5.943120127986939,5.723374712330802,5.873201370239258,3124400,0.0,0.0
2018-09-20 00:00:00-04:00,5.953108930649818,5.963097120720361,5.613501895106481,5.723374843597412,3409200,0.0,0.0
2018-09-21 00:00:00-04:00,5.573548301769876,5.743351823182753,5.483652207778157,5.693409442901611,4366900,0.0,0.0
2018-09-24 00:00:00-04:00,5.69340921310628,5.873201393833012,5.583536742979741,5.593524932861328,2223500,0.0,0.0
2018-09-25 00:00:00-04:00,5.643467304264551,5.783305296437448,5.633478638109292,5.673432350158691,2144500,0.0,0.0
2018-09-26 00:00:00-04:00,5.60351360250905,5.723374738877439,5.493640656028452,5.5535712242126465,2868100,0.0,0.0
2018-09-27 00:00:00-04:00,5.503629207611084,5.583536630192925,5.363790741807055,5.503629207611084,2402800,0.0,0.0
2018-09-28 00:00:00-04:00,5.5635598801657515,5.7633284404127485,5.533594357985794,5.673432350158691,2380900,0.0,0.0
2018-10-01 00:00:00-04:00,5.593525047015427,5.7633285650401485,5.593525047015427,5.643467426300049,1612600,0.0,0.0
2018-10-02 00:00:00-04:00,5.773317572143367,5.963097481539451,5.743352047546911,5.793294429779053,2976100,0.0,0.0
2018-10-03 00:00:00-04:00,5.843235864511547,5.903166432585646,5.643467304264551,5.673432350158691,2047700,0.0,0.0
2018-10-04 00:00:00-04:00,5.753340247118808,5.833247671170044,5.62349044489264,5.713386058807373,1939700,0.0,0.0
2018-10-05 00:00:00-04:00,5.743351464638531,5.813270697410064,5.62349033098945,5.6634440422058105,1148500,0.0,0.0
2018-10-08 00:00:00-04:00,5.543583358244898,5.783305644989014,5.4337104053442555,5.783305644989014,2067400,0.0,0.0
2018-10-09 00:00:00-04:00,5.663444278507037,5.80328227359889,5.603513709181958,5.6834211349487305,1931500,0.0,0.0
2018-10-10 00:00:00-04:00,5.663444156918259,5.753340247118808,5.523606164828595,5.713386058807373,1978600,0.0,0.0
2018-10-11 00:00:00-04:00,5.823258742503002,6.282726886370192,5.693408946130581,6.212807655334473,5198500,0.0,0.0
2018-10-12 00:00:00-04:00,6.162865996869933,6.212807898462012,5.873201348264108,6.152877330780029,3790800,0.0,0.0
2018-10-15 00:00:00-04:00,6.242773646618869,6.482495926031834,6.23278498016708,6.292716026306152,3553500,0.0,0.0
2018-10-16 00:00:00-04:00,6.372623092095054,6.442541848156944,6.12291216036361,6.262750148773193,2727200,0.0,0.0
2018-10-17 00:00:00-04:00,6.262749790901444,6.352645873599298,6.142888664828158,6.232784271240234,1925400,0.0,0.0
2018-10-18 00:00:00-04:00,6.1928309164255,6.382611281695694,6.102935304876526,6.262750148773193,2451400,0.0,0.0
2018-10-19 00:00:00-04:00,6.372623336659672,6.422565239151117,6.132900585328934,6.242773532867432,2164100,0.0,0.0
2018-10-22 00:00:00-04:00,6.182842610809019,6.262750031257957,6.023027769911143,6.212807655334473,1772200,0.0,0.0
2018-10-23 00:00:00-04:00,6.402588264352227,6.4924843539725385,6.122912281978081,6.192831039428711,2413100,0.0,0.0
2018-10-24 00:00:00-04:00,6.182842738682152,6.27273882668933,6.062981605529785,6.062981605529785,2095500,0.0,0.0
2018-10-25 00:00:00-04:00,6.0829588660085046,6.162866293429661,5.673432586046322,5.693409442901611,4131700,0.0,0.0
2018-10-26 00:00:00-04:00,5.733363275452779,5.913155467162932,5.593525274567206,5.70339822769165,2867400,0.0,0.0
2018-10-29 00:00:00-04:00,5.673432721599328,5.773317484548116,5.54358338708043,5.5835371017456055,2034100,0.0,0.0
2018-10-30 00:00:00-04:00,5.5935250428181975,5.80328227359889,5.553571329934811,5.6834211349487305,2138700,0.0,0.0
2018-10-31 00:00:00-04:00,5.573548440985403,5.583537107805462,5.4137335821512504,5.543583393096924,3175400,0.0,0.0
2018-11-01 00:00:00-04:00,5.713386522950455,5.853225002686109,5.66344461700417,5.793294429779053,2829600,0.0,0.0
2018-11-02 00:00:00-04:00,5.763328421062815,5.923143268723846,5.693409187068206,5.9131550788879395,2108100,0.0,0.0
2018-11-05 00:00:00-05:00,5.92314363385366,5.993062872158412,5.773317443078375,5.863213062286377,1869200,0.0,0.0
2018-11-06 00:00:00-05:00,5.833247917174472,5.903166678025066,5.693409442901611,5.693409442901611,1579800,0.0,0.0
2018-11-07 00:00:00-05:00,5.743351849642667,5.753340516259248,5.463675376094298,5.493640899658203,3011900,0.0,0.0
2018-11-08 00:00:00-05:00,5.483652227843002,5.623490702627537,5.453687180593344,5.533594608306885,2025300,0.0,0.0
2018-11-09 00:00:00-05:00,5.42372143564431,5.52360619249446,5.323837155079978,5.39375638961792,2589400,0.0,0.0
2018-11-12 00:00:00-05:00,5.3138491184491015,5.323837308650743,5.074126361893873,5.084115028381348,3082900,0.0,0.0
2018-11-13 00:00:00-05:00,5.09410349492527,5.164022735273036,4.744508245758157,4.8643693923950195,5990000,0.0,0.0
2018-11-14 00:00:00-05:00,4.874357670664791,5.25391841436178,4.874357670664791,5.1939873695373535,3930600,0.0,0.0
2018-11-15 00:00:00-05:00,5.2239529973602625,5.453687086203479,5.2239529973602625,5.3238372802734375,2478200,0.0,0.0
2018-11-16 00:00:00-05:00,5.443698410669282,5.4736639336360575,5.323837271373838,5.403744697570801,1727900,0.0,0.0
2018-11-19 00:00:00-05:00,5.333826195157979,5.44369867333743,5.233941431306328,5.263906955718994,1889400,0.0,0.0
2018-11-20 00:00:00-05:00,5.253918410637229,5.31384897913335,5.074126228863048,5.233941078186035,2305800,0.0,0.0
2018-11-21 00:00:00-05:00,5.2838834292408645,5.5935249363354425,5.273895239353075,5.5535712242126465,2309900,0.0,0.0
2018-11-23 00:00:00-05:00,5.363791022028976,5.443698448785441,5.024184458313998,5.084115028381348,3016900,0.0,0.0
2018-11-26 00:00:00-05:00,5.124068896006377,5.154033943799155,4.854381084442139,4.854381084442139,3732500,0.0,0.0
2018-11-27 00:00:00-05:00,4.924299859052676,4.9342885258656555,4.714542618838597,4.774473667144775,3398000,0.0,0.0
2018-11-28 00:00:00-05:00,4.794450152569645,4.984230044436154,4.65461168575058,4.944276332855225,3844800,0.0,0.0
2018-11-29 00:00:00-05:00,4.9542651255526495,4.984230171861518,4.864369034054395,4.8743577003479,1752700,0.0,0.0
2018-11-30 00:00:00-05:00,4.794450283050537,4.834403995718806,4.584693053399212,4.794450283050537,2337500,0.0,0.0
2018-12-03 00:00:00-05:00,4.94427633581136,4.994218713460288,4.794450155436201,4.904322624206543,2609400,0.0,0.0
2018-12-04 00:00:00-05:00,4.984230406702662,5.134057074163835,4.924299834975362,4.934288501739502,2565200,0.0,0.0
2018-12-06 00:00:00-05:00,4.924299480008951,4.984230047416178,4.844392056799316,4.904322624206543,1608200,0.0,0.0
2018-12-07 00:00:00-05:00,4.974242187951798,5.164022568819165,4.924299806986654,5.13405704498291,2301600,0.0,0.0
2018-12-10 00:00:00-05:00,5.034172643869064,5.223953020383417,4.994218930527709,5.124068737030029,2430100,0.0,0.0
2018-12-11 00:00:00-05:00,5.223952778767409,5.343813913247709,5.084114788540393,5.104091644287109,2043200,0.0,0.0
2018-12-12 00:00:00-05:00,5.134056675995896,5.32383704322366,5.124068486292228,5.303860187530518,2296600,0.0,0.0
2018-12-13 00:00:00-05:00,5.243930215426531,5.393756888267318,5.183999641547389,5.273895740509033,2005400,0.0,0.0
2018-12-14 00:00:00-05:00,5.104091641464453,5.243929631614136,4.984230030764628,5.144045352935791,2051100,0.0,0.0
2018-12-17 00:00:00-05:00,5.164022414758727,5.493640785694675,5.144045558225816,5.443698406219482,3635200,0.0,0.0
2018-12-18 00:00:00-05:00,5.433710416412266,5.723375084961018,5.293872415526693,5.70339822769165,3787700,0.0,0.0
2018-12-19 00:00:00-05:00,5.723374772723767,5.903166478339584,5.1939873695373535,5.1939873695373535,4951300,0.0,0.0
2018-12-20 00:00:00-05:00,5.453687175497258,5.62349069737278,5.323837367441171,5.573548316955566,3503700,0.0,0.0
2018-12-21 00:00:00-05:00,5.533594726276864,5.7133864424652865,5.463675487393998,5.543583393096924,5281600,0.0,0.0
2018-12-24 00:00:00-05:00,5.633478631989409,5.823259002160797,5.5935249199834125,5.753340244293213,1839100,0.0,0.0
2018-12-26 00:00:00-05:00,5.823259347908189,6.072970300914789,5.693409538036153,5.863213062286377,3908800,0.0,0.0
2018-12-27 00:00:00-05:00,5.923143382804728,6.043004997144874,5.773317198379737,5.963097095489502,3603800,0.0,0.0
2018-12-28 00:00:00-05:00,5.843236222584734,5.9131554610987385,5.703398221842572,5.743351936340332,3271200,0.0,0.0
2018-12-31 00:00:00-05:00,5.743352149106739,5.893178822166697,5.613502334035719,5.883190155029297,2358400,0.0,0.0
2019-01-02 00:00:00-05:00,5.873201126122192,6.072969677506295,5.823258750133268,6.0130391120910645,2639600,0.0,0.0
2019-01-03 00:00:00-05:00,6.09294698384285,6.322681073089857,6.02302822382365,6.292716026306152,3909800,0.0,0.0
2019-01-04 00:00:00-05:00,6.182842967952579,6.362634674348114,6.052993164079559,6.20281982421875,4333300,0.0,0.0
2019-01-07 00:00:00-05:00,6.322680603178643,6.322680603178643,6.003050921050052,6.052992820739746,3452800,0.0,0.0
2019-01-08 00:00:00-05:00,5.973085281423099,6.172853828780747,5.823258632761971,6.1229119300842285,2930700,0.0,0.0
2019-01-09 00:00:00-05:00,6.1229123991540675,6.272739059293258,6.082958686621726,6.20281982421875,1737000,0.0,0.0
2019-01-10 00:00:00-05:00,6.152877096404931,6.232784516937079,6.033015965606709,6.052992820739746,1707000,0.0,0.0
2019-01-11 00:00:00-05:00,6.092947020711304,6.112923877449931,5.923143500290056,5.973085880279541,1963300,0.0,0.0
2019-01-14 00:00:00-05:00,6.013039593756795,6.05299330723405,5.903166643551429,5.973085880279541,1617100,0.0,0.0
2019-01-15 00:00:00-05:00,5.893178532149544,5.893178532149544,5.323837393054666,5.373779773712158,7116600,0.0,0.0
2019-01-16 00:00:00-05:00,5.423721572529497,5.433710238980937,5.213964339907588,5.243929862976074,4132200,0.0,0.0
2019-01-17 00:00:00-05:00,5.174010626673494,5.303860432827215,5.004207583571509,5.243929862976074,3557000,0.0,0.0
2019-01-18 00:00:00-05:00,5.15403354266072,5.273895153360545,5.054149263982375,5.144045352935791,3894800,0.0,0.0
2019-01-22 00:00:00-05:00,5.114079948500839,5.2239528957102905,5.05414937991909,5.154033660888672,2452600,0.0,0.0
2019-01-23 00:00:00-05:00,5.114080065904485,5.273895395410509,5.0741263525994365,5.164022445678711,2364400,0.0,0.0
2019-01-24 00:00:00-05:00,5.174010273627412,5.373779302452571,5.124068373635471,5.253918170928955,4398900,0.0,0.0
2019-01-25 00:00:00-05:00,5.393756724796981,5.6234908225139995,5.363791200622654,5.543583393096924,3857400,0.0,0.0
2019-01-28 00:00:00-05:00,5.5535713383287355,5.643467430595142,5.4536870559693,5.603513717651367,2867200,0.0,0.0
2019-01-29 00:00:00-05:00,5.72337483530293,5.9231433992825435,5.663444266109046,5.803282260894775,4769300,0.0,0.0
2019-01-30 00:00:00-05:00,5.753340569360752,6.043005235913376,5.673432664548095,5.983074188232422,3786900,0.0,0.0
2019-01-31 00:00:00-05:00,6.062981720513621,6.162866000034889,6.01303934261008,6.112923622131348,3272800,0.0,0.0
2019-02-01 00:00:00-05:00,6.07296991992871,6.07296991992871,5.863212694459359,5.993062496185303,3359300,0.0,0.0
2019-02-04 00:00:00-05:00,5.833247760147102,6.043004989624023,5.8032822375279025,6.043004989624023,1891400,0.0,0.0
2019-02-05 00:00:00-05:00,6.003051036590809,6.11292350379433,5.97308551517161,6.102935314178467,2238200,0.0,0.0
2019-02-06 00:00:00-05:00,6.00305068462034,6.212807417113076,6.00305068462034,6.033015727996826,2826300,0.0,0.0
2019-02-07 00:00:00-05:00,6.033016465426094,6.072970179002227,5.823259231008478,5.853224754333496,3353100,0.0,0.0
2019-02-08 00:00:00-05:00,5.903166287395129,6.062981607947827,5.883189431861767,6.0230278968811035,2148400,0.0,0.0
2019-02-11 00:00:00-05:00,5.943120473969015,6.06298209304508,5.913155426414381,5.983074188232422,1348600,0.0,0.0
2019-02-12 00:00:00-05:00,5.993062622229731,6.0430050012626415,5.863212817772822,5.92314338684082,2140800,0.0,0.0
2019-02-13 00:00:00-05:00,5.863212700850959,6.0529930705913415,5.84323584489333,5.9131550788879395,2085200,0.0,0.0
2019-02-14 00:00:00-05:00,5.923143375433051,6.0529931796398735,5.853224616464627,6.043004989624023,2247000,0.0,0.0
2019-02-15 00:00:00-05:00,6.1029348387929,6.19283044347651,6.003050568985686,6.182842254638672,3487300,0.0,0.0
2019-02-19 00:00:00-05:00,6.2427735005509595,6.63232243362531,6.2427735005509595,6.602357387542725,6203500,0.0,0.0
2019-02-20 00:00:00-05:00,6.692253117131846,6.81211473238035,6.5524151216753905,6.652299404144287,5712900,0.0,0.0
2019-02-21 00:00:00-05:00,6.5723916311668145,6.652299052923063,6.422564977230949,6.542426586151123,3781800,0.0,0.0
2019-02-22 00:00:00-05:00,6.602357030758868,6.752183681932793,6.542426465546457,6.572391510009766,3459800,0.0,0.0
2019-02-25 00:00:00-05:00,6.492484302272859,6.981917505673163,6.492484302272859,6.911998748779297,4270500,0.0,0.0
2019-02-26 00:00:00-05:00,6.772160636573076,7.071813467040857,6.6922527388291995,7.021871566772461,3854600,0.0,0.0
2019-02-27 00:00:00-05:00,7.001894601312952,7.021871456363363,6.712229488653306,6.772160530090332,3605000,0.0,0.0
2019-02-28 00:00:00-05:00,6.782148720380098,6.812114241102621,6.652298924392158,6.732206344604492,2474800,0.0,0.0
2019-03-01 00:00:00-05:00,6.592368497618891,6.722218296332619,6.332669376477241,6.342657566070557,3815000,0.0,0.0
2019-03-04 00:00:00-05:00,6.312692165285156,6.392599582672119,6.112923145531973,6.392599582672119,3664700,0.0,0.0
2019-03-05 00:00:00-05:00,6.392600291218045,6.462519051038436,6.262750485428991,6.452530860900879,2891800,0.0,0.0
2019-03-06 00:00:00-05:00,6.442541845779863,6.5224497439845175,6.26275014646245,6.302703857421875,3789600,0.0,0.0
2019-03-07 00:00:00-05:00,6.272738571579354,6.492483973421728,6.2327843858676815,6.482495307922363,2468800,0.0,0.0
2019-03-08 00:00:00-05:00,6.702241299270998,6.782148719472641,6.562403313918123,6.772160530090332,3672600,0.0,0.0
2019-03-11 00:00:00-04:00,6.742195136002154,6.8221025577046,6.5224497263204295,6.622334003448486,3311000,0.0,0.0
2019-03-12 00:00:00-04:00,6.692253211444682,6.882033588953044,6.682265021199945,6.862056732177734,2820300,0.0,0.0
2019-03-13 00:00:00-04:00,6.872045034561006,7.011883024578208,6.842079512842986,6.9519524574279785,3529900,0.0,0.0
2019-03-14 00:00:00-04:00,6.652299408509381,6.812114736850311,6.592368838988718,6.6123456954956055,3441500,0.0,0.0
2019-03-15 00:00:00-04:00,6.672276017169069,6.832091339573527,6.572391738344914,6.7122297286987305,5493100,0.0,0.0
2019-03-18 00:00:00-04:00,6.702241183470003,6.782148602291009,6.532437680332472,6.642310619354248,3479600,0.0,0.0
2019-03-19 00:00:00-04:00,6.782149078244627,6.792137744441124,6.632322419297902,6.762172222137451,2576300,0.0,0.0
2019-03-20 00:00:00-04:00,6.742195005110105,6.951952221149727,6.562403309770055,6.892021656036377,3970100,0.0,0.0
2019-03-21 00:00:00-04:00,6.892021654617716,7.061825160546819,6.742195003722284,6.931975364685059,3848200,0.0,0.0
2019-03-22 00:00:00-04:00,6.892022014264468,7.001894960826062,6.842079635931247,6.882033348083496,2871600,0.0,0.0
2019-03-25 00:00:00-04:00,6.941963662962093,7.181686403412628,6.8820330969209085,7.141732692718506,3815600,0.0,0.0
2019-03-26 00:00:00-04:00,7.08180224663743,7.14173281369379,6.991906157909986,7.111767292022705,2378600,0.0,0.0
2019-03-27 00:00:00-04:00,7.121755727113783,7.141732582151566,6.842079280299022,6.892021656036377,3280700,0.0,0.0
2019-03-28 00:00:00-04:00,6.672276265016269,6.672276265016269,6.462519033551033,6.6123456954956055,4406900,0.0,0.0
2019-03-29 00:00:00-04:00,6.722218161183691,6.7621718713252985,6.5524146549389615,6.572391510009766,3103100,0.0,0.0
2019-04-01 00:00:00-04:00,6.592368624195929,6.602357290266837,6.232784742502097,6.312692642211914,3910600,0.0,0.0
2019-04-02 00:00:00-04:00,6.222796790001122,6.372623452777141,6.212808123549332,6.292716026306152,1999200,0.0,0.0
2019-04-03 00:00:00-04:00,6.342657447524308,6.412576678513919,6.252761837721431,6.332669258117676,2541400,0.0,0.0
2019-04-04 00:00:00-04:00,6.22279642284033,6.542426586151123,6.152877190660711,6.542426586151123,2597600,0.0,0.0
2019-04-05 00:00:00-04:00,6.462518453989035,6.52244949442088,6.402587889842976,6.442541599273682,1349400,0.0,0.0
2019-04-08 00:00:00-04:00,6.582380177192404,6.6522989318132995,6.492484091210345,6.532437801361084,2087300,0.0,0.0
2019-04-09 00:00:00-04:00,6.562403082539323,6.632321834607651,6.532437562877342,6.592368125915527,1383700,0.0,0.0
2019-04-10 00:00:00-04:00,6.572391755897552,6.632322323352099,6.472507476806641,6.472507476806641,1729900,0.0,0.0
2019-04-11 00:00:00-04:00,6.342657929707604,6.432554022630383,6.23278498016708,6.292716026306152,2597300,0.0,0.0
2019-04-12 00:00:00-04:00,6.342657570721527,6.392599947582138,6.24277329328611,6.262750148773193,1639400,0.0,0.0
2019-04-15 00:00:00-04:00,6.18284284402442,6.322680835084718,6.112923610351364,6.272738933563232,2160400,0.0,0.0
2019-04-16 00:00:00-04:00,6.22279644973294,6.22279644973294,6.033016084098791,6.062981605529785,2873700,0.0,0.0
2019-04-17 00:00:00-04:00,6.112923145381826,6.20281922808284,5.993062019304326,6.033015727996826,2679200,0.0,0.0
2019-04-18 00:00:00-04:00,6.07296979514958,6.172854072776552,6.003051038953601,6.062981605529785,2111300,0.0,0.0
2019-04-22 00:00:00-04:00,6.03301646038172,6.122912553995772,5.873201606210815,5.893178462982178,2470800,0.0,0.0
2019-04-23 00:00:00-04:00,5.803282479529704,6.0130397177536805,5.7733174319467615,5.94312047958374,2662100,0.0,0.0
2019-04-24 00:00:00-04:00,5.953109140677788,6.07297028346801,5.873201712150974,5.983074188232422,2935200,0.0,0.0
2019-04-25 00:00:00-04:00,6.023027658882163,6.112923267087178,5.9331315743913615,6.003050804138184,2994700,0.0,0.0
2019-04-26 00:00:00-04:00,6.043004850012993,6.342657687853009,6.043004850012993,6.312692642211914,4134700,0.0,0.0
2019-04-29 00:00:00-04:00,6.252761602046237,6.252761602046237,6.023027538923132,6.072969436645508,2357300,0.0,0.0
2019-04-30 00:00:00-04:00,6.092946527792109,6.17285394828211,6.0629814832512565,6.132900238037109,1815900,0.0,0.0
2019-05-01 00:00:00-04:00,6.09294689985793,6.232784894254639,5.893178336434059,5.963097095489502,3306800,0.0,0.0
2019-05-02 00:00:00-04:00,5.893178482537344,5.913155339374996,5.643467533923777,5.733363151550293,3876300,0.0,0.0
2019-05-03 00:00:00-04:00,5.843235732373483,5.933131820594643,5.783305165654645,5.823258876800537,2379300,0.0,0.0
2019-05-06 00:00:00-04:00,5.763328310081699,5.873201253875806,5.723374598935807,5.823258876800537,1328500,0.0,0.0
2019-05-07 00:00:00-04:00,5.873201242237989,6.043004752414466,5.733362777218652,6.0230278968811035,2765400,0.0,0.0
2019-05-08 00:00:00-04:00,6.033016714557785,6.1129241450098055,5.813271280814729,5.833248138427734,2413600,0.0,0.0
2019-05-09 00:00:00-04:00,5.913155072441896,6.052993063992858,5.823258982587656,5.993062496185303,3527000,0.0,0.0
2019-05-10 00:00:00-04:00,5.9531087941142165,5.963096983955679,5.84323584814324,5.873201370239258,2861800,0.0,0.0
2019-05-13 00:00:00-04:00,5.9830737071424025,6.062981605529785,5.88318942951543,6.062981605529785,3357100,0.0,0.0
2019-05-14 00:00:00-04:00,6.0430050012626415,6.0430050012626415,5.813270915025735,5.92314338684082,1932000,0.0,0.0
2019-05-15 00:00:00-04:00,5.983073955908818,6.0430050012626415,5.90316653048482,5.92314338684082,1774500,0.0,0.0
2019-05-16 00:00:00-04:00,5.89317871795748,5.903166908632395,5.733363380586141,5.793294429779053,2261900,0.0,0.0
2019-05-17 00:00:00-04:00,5.743351803856212,5.883189801372678,5.6934094237431285,5.853224754333496,2521000,0.0,0.0
2019-05-20 00:00:00-04:00,5.823259117292737,5.86321283008866,5.783305404496814,5.803282260894775,1093700,0.0,0.0
2019-05-21 00:00:00-04:00,5.743351695833757,5.8032822650707665,5.643467413772075,5.763328552246094,2395600,0.0,0.0
2019-05-22 00:00:00-04:00,5.803282792376158,5.823259650603657,5.523606777191162,5.523606777191162,2681500,0.0,0.0
2019-05-23 00:00:00-04:00,5.603513599028732,5.763328447420656,5.533594364714356,5.593524932861328,2816600,0.0,0.0
2019-05-24 00:00:00-04:00,5.563559764164911,5.693409087475177,5.473663675785197,5.6634440422058105,2156400,0.0,0.0
2019-05-28 00:00:00-04:00,5.593525298339672,5.653455870402479,5.473664154214058,5.543583393096924,3591400,0.0,0.0
2019-05-29 00:00:00-04:00,5.613502036020424,5.63347889294881,5.503629561057227,5.533594608306885,2153300,0.0,0.0
2019-05-30 00:00:00-04:00,5.523606392897866,5.763328674949689,5.483652202936726,5.733363151550293,2475900,0.0,0.0
2019-05-31 00:00:00-04:00,5.863212227868508,6.122911810653661,5.843235373522401,6.072969436645508,3651700,0.0,0.0
2019-06-03 00:00:00-04:00,6.1928306771888755,6.452530264774251,6.112923258327464,6.442541599273682,4190500,0.0,0.0
2019-06-04 00:00:00-04:00,6.33266937419902,6.542426594727025,6.2527619523380285,6.382611274719238,3813900,0.0,0.0
2019-06-05 00:00:00-04:00,6.532438053477908,6.71222975609522,6.302703973101769,6.352646350860596,4113500,0.0,0.0
2019-06-06 00:00:00-04:00,6.412576554569956,6.512460828134671,6.3326691357181835,6.482495307922363,2177100,0.0,0.0
2019-06-07 00:00:00-04:00,6.572391271747012,6.602356791409803,6.40258777165801,6.432553291320801,2113900,0.0,0.0
2019-06-10 00:00:00-04:00,6.272739169688405,6.3126928829238995,6.172854410313838,6.292716026306152,2220200,0.0,0.0
2019-06-11 00:00:00-04:00,6.252761947922525,6.462518692016602,6.21280776073444,6.462518692016602,1882900,0.0,0.0
2019-06-12 00:00:00-04:00,6.542426704346927,6.642310983346751,6.462518804861256,6.552414894104004,1881600,0.0,0.0
2019-06-13 00:00:00-04:00,6.552414771315946,6.68226456972532,6.492484205039112,6.622334003448486,1689900,0.0,0.0
2019-06-14 00:00:00-04:00,6.682264574224557,6.812114372721361,6.4025881217918865,6.542426586151123,2741500,0.0,0.0
2019-06-17 00:00:00-04:00,6.532438026815252,6.732206584463562,6.532438026815252,6.7122297286987305,2369000,0.0,0.0
2019-06-18 00:00:00-04:00,6.8121146041616525,6.852068316397196,6.652299278933659,6.7222185134887695,2457700,0.0,0.0
2019-06-19 00:00:00-04:00,6.682264439996755,6.921986700450156,6.652298919297183,6.892021656036377,2864600,0.0,0.0
2019-06-20 00:00:00-04:00,7.221640453213597,7.541270630061264,7.141733028073136,7.371467113494873,6927500,0.0,0.0
2019-06-21 00:00:00-04:00,7.34150158319684,7.491328243320413,7.161709876820046,7.451374530792236,5466900,0.0,0.0
2019-06-24 00:00:00-04:00,7.541270010806835,8.020714522279821,7.50131630151742,8.000738143920898,6986300,0.0,0.0
2019-06-25 00:00:00-04:00,7.99075008355213,8.120599886718448,7.6711199087471496,7.890865802764893,7085300,0.0,0.0
2019-06-26 00:00:00-04:00,7.651142708733318,8.010727055978634,7.6211776639867415,7.820946216583252,4529500,0.0,0.0
2019-06-27 00:00:00-04:00,7.691096658303931,7.79098141399256,7.601201044984305,7.761015892028809,3484300,0.0,0.0
2019-06-28 00:00:00-04:00,7.800969828438539,7.910842777088611,7.711073736244314,7.900854110717773,3723500,0.0,0.0
2019-07-01 00:00:00-04:00,7.60120106985543,7.711073539415122,7.42140889005627,7.441385746002197,4093000,0.0,0.0
2019-07-02 00:00:00-04:00,7.491328087723607,7.950796248540187,7.351490096779461,7.920830726623535,4265300,0.0,0.0
2019-07-03 00:00:00-04:00,7.990749843363837,7.990749843363837,7.771004432237086,7.870888710021973,1713400,0.0,0.0
2019-07-05 00:00:00-04:00,7.60120069467947,7.83093476486145,7.501316419879868,7.7710041999816895,3507800,0.0,0.0
2019-07-08 00:00:00-04:00,7.810957909901529,7.860899809158435,7.6811081145191515,7.7710041999816895,2682500,0.0,0.0
2019-07-09 00:00:00-04:00,7.771004781897683,7.910842777088611,7.681108689703458,7.900854110717773,2842700,0.0,0.0
2019-07-10 00:00:00-04:00,8.10062253290828,8.240461001927383,7.960784540174996,8.13058853149414,3683600,0.0,0.0
2019-07-11 00:00:00-04:00,8.130588427468474,8.150564807031826,7.810958257596041,7.920830726623535,3436800,0.0,0.0
2019-07-12 00:00:00-04:00,7.930819767107713,7.940807957360935,7.77100491276949,7.790981769561768,3693800,0.0,0.0
2019-07-15 00:00:00-04:00,7.800969828438539,7.910842777088611,7.721062402615152,7.900854110717773,3794600,0.0,0.0
2019-07-16 00:00:00-04:00,7.920831123210677,8.679952159773054,7.890866076079521,8.560091018676758,7700900,0.0,0.0
2019-07-17 00:00:00-04:00,8.739883344432217,9.359166392814812,8.699929630103394,9.299236297607422,8908100,0.0,0.0
2019-07-18 00:00:00-04:00,9.309223594639805,9.968460327812611,9.18936245702399,9.908530235290527,11488000,0.0,0.0
2019-07-19 00:00:00-04:00,9.878564952243934,10.22815969043416,9.628854016720219,9.88855266571045,9735400,0.0,0.0
2019-07-22 00:00:00-04:00,10.018402926559117,10.348021300381513,9.988437879640262,10.088322639465332,8325600,0.0,0.0
2019-07-23 00:00:00-04:00,10.10829806632455,10.348020324204601,9.72873734839535,10.008414268493652,7037000,0.0,0.0
2019-07-24 00:00:00-04:00,10.238148807581803,10.37798728056238,10.128276334035993,10.248137474060059,5564300,0.0,0.0
2019-07-25 00:00:00-04:00,10.16823074685642,10.198195795780835,9.528970336847943,9.658820152282715,8060100,0.0,0.0
2019-07-26 00:00:00-04:00,9.748715157291672,9.898541337666831,9.678795447554524,9.808645248413086,3661800,0.0,0.0
2019-07-29 00:00:00-04:00,9.858587614367801,9.998426081104597,9.628854011055516,9.968460083007812,3172900,0.0,0.0
2019-07-30 00:00:00-04:00,10.018403406727058,10.148253219694501,9.93849597606582,10.048369407653809,3393000,0.0,0.0
2019-07-31 00:00:00-04:00,9.96846113651935,10.008415804870985,9.129433105141203,9.409109115600586,11229100,0.0,0.0
2019-08-01 00:00:00-04:00,9.009571234017615,9.928506623132916,8.949640188876447,9.828622817993164,9153600,0.0,0.0
2019-08-02 00:00:00-04:00,9.698772436591724,9.818633567166621,9.479026554251952,9.538957595825195,6031000,0.0,0.0
2019-08-05 00:00:00-04:00,9.948483227737851,10.387974033851277,9.91851818364574,10.008414268493652,6506600,0.0,0.0
2019-08-06 00:00:00-04:00,9.978449599388743,10.138264459237625,9.768692357694158,9.878565788269043,4505700,0.0,0.0
2019-08-07 00:00:00-04:00,10.367998351831025,10.95731632313827,10.367998351831025,10.46788215637207,9700700,0.0,0.0
2019-08-08 00:00:00-04:00,10.228160871229482,10.847443948513154,10.148253438842668,10.797502517700195,4664100,0.0,0.0
2019-08-09 00:00:00-04:00,10.807490009951017,10.867421059293887,10.637686481479884,10.697617530822754,6199800,0.0,0.0
2019-08-12 00:00:00-04:00,10.737570653311646,11.097154071799077,10.617709513815837,10.647674560546875,6437500,0.0,0.0
2019-08-13 00:00:00-04:00,10.94732704233246,10.987280752420215,9.818633541638883,10.258125305175781,11310100,0.0,0.0
2019-08-14 00:00:00-04:00,10.517824810679315,10.727582044057952,10.148252723787746,10.168230056762695,6713500,0.0,0.0
2019-08-15 00:00:00-04:00,10.048368907353284,10.338033567221023,9.918519100850963,10.248137474060059,3832600,0.0,0.0
2019-08-16 00:00:00-04:00,10.038379798567652,10.248137022510436,9.80864524254859,9.88855266571045,4983200,0.0,0.0
2019-08-19 00:00:00-04:00,9.588901330063532,10.338034216706879,9.459051515403411,9.978449821472168,5158100,0.0,0.0
2019-08-20 00:00:00-04:00,10.138264020725078,10.61770953210587,10.098310307490985,10.487859725952148,3707000,0.0,0.0
2019-08-21 00:00:00-04:00,10.37798749627454,10.637686162105496,10.358010162902792,10.427928924560547,2779200,0.0,0.0
2019-08-22 00:00:00-04:00,10.338034159968101,10.517825404026974,10.258126728703775,10.298080444335938,2202000,0.0,0.0
2019-08-23 00:00:00-04:00,10.397963916675087,11.047212965154339,10.367998869075025,10.997270584106445,5221500,0.0,0.0
2019-08-26 00:00:00-04:00,11.087165962495213,11.207027097715986,10.817477693819754,10.937338829040527,4734000,0.0,0.0
2019-08-27 00:00:00-04:00,11.21701550261124,11.446750073706708,11.107143026696171,11.236992835998535,6574500,0.0,0.0
2019-08-28 00:00:00-04:00,11.336878086207552,11.556623047504749,11.007259691690027,11.197039604187012,4927800,0.0,0.0
2019-08-29 00:00:00-04:00,11.26695758140703,11.276946247832852,10.537802078611925,10.727581977844238,6388800,0.0,0.0
2019-08-30 00:00:00-04:00,10.777524105941575,11.05720009133759,10.687628015349945,10.867420196533203,3943900,0.0,0.0
2019-09-03 00:00:00-04:00,11.117132041879744,11.60656529435057,11.067189659417643,11.266958236694336,6525700,0.0,0.0
2019-09-04 00:00:00-04:00,11.256970040751677,11.43676127632442,11.097154233194596,11.30691146850586,4934800,0.0,0.0
2019-09-05 00:00:00-04:00,10.877409423111544,10.9573168516271,10.088322852091663,10.26811408996582,8793300,0.0,0.0
2019-09-06 00:00:00-04:00,10.268113032109023,10.417940159568742,9.838610886229638,9.858587265014648,6150200,0.0,0.0
2019-09-09 00:00:00-04:00,9.838611132320173,9.918518554602091,9.409108023126155,9.718749046325684,6643400,0.0,0.0
2019-09-10 00:00:00-04:00,9.618865713393696,10.008415130425742,9.518980954389072,9.75870418548584,4779000,0.0,0.0
2019-09-11 00:00:00-04:00,9.848599658395548,10.208184040909146,9.758704515338838,9.948484420776367,4278200,0.0,0.0
2019-09-12 00:00:00-04:00,10.338033625648185,10.48785981338212,9.748715636103817,9.768692016601562,5455800,0.0,0.0
2019-09-13 00:00:00-04:00,9.818634583882115,9.938495726868583,9.289247630882294,9.299236297607422,5981100,0.0,0.0
2019-09-16 00:00:00-04:00,9.658820152282715,9.788669967717485,9.289248040309163,9.658820152282715,4147000,0.0,0.0
2019-09-17 00:00:00-04:00,9.768691300901542,9.848598722181471,9.558934081898828,9.788668632507324,3230100,0.0,0.0
2019-09-18 00:00:00-04:00,9.768692156679235,9.888553299099458,9.299236253676279,9.618865966796875,4838400,0.0,0.0
2019-09-19 00:00:00-04:00,9.638841610637371,10.038379674062867,9.618865231380482,9.95847225189209,3104400,0.0,0.0
2019-09-20 00:00:00-04:00,9.938495383075866,10.128276234001635,9.758704151101352,10.078333854675293,4904900,0.0,0.0
2019-09-23 00:00:00-04:00,10.377987252701306,10.647674578888525,10.2681138268788,10.487859725952148,7987800,0.0,0.0
2019-09-24 00:00:00-04:00,10.308067886967942,10.627698556167575,10.088322933072082,10.51782512664795,5350300,0.0,0.0
2019-09-25 00:00:00-04:00,10.367998397694828,10.457894488979582,9.768691757510895,9.98843765258789,6011700,0.0,0.0
2019-09-26 00:00:00-04:00,9.928506377291377,10.07833351014858,9.868576286205796,9.88855266571045,4266600,0.0,0.0
2019-09-27 00:00:00-04:00,9.548947205194665,9.778680823357174,9.429085110202758,9.618865966796875,5362900,0.0,0.0
2019-09-30 00:00:00-04:00,9.309223309873362,9.469038155139092,8.899697530737022,9.079489707946777,7209200,0.0,0.0
2019-10-01 00:00:00-04:00,9.109455217543657,9.479027304198361,8.969616744523634,9.19935131072998,5526100,0.0,0.0
2019-10-02 00:00:00-04:00,9.48901534128062,9.518980386164616,9.189362034725859,9.469038009643555,3467300,0.0,0.0
2019-10-03 00:00:00-04:00,9.489016179733866,9.82862322699897,9.429085132098743,9.459051132202148,3745500,0.0,0.0
2019-10-04 00:00:00-04:00,9.40910814389568,9.68878412547214,9.299235674990689,9.64883041381836,2431200,0.0,0.0
2019-10-07 00:00:00-04:00,9.588900574207806,9.698773045995523,9.419097057081192,9.508993148803711,2191600,0.0,0.0
2019-10-08 00:00:00-04:00,9.708761912839373,9.868576766948387,9.558934772683418,9.848599433898926,3139900,0.0,0.0
2019-10-09 00:00:00-04:00,9.838612350972664,9.948484832076673,9.6288551033583,9.658820152282715,3044900,0.0,0.0
2019-10-10 00:00:00-04:00,9.618865479557057,9.76869166185003,9.409108252803913,9.738726615905762,3333300,0.0,0.0
2019-10-11 00:00:00-04:00,9.608877234178982,9.628854567397768,9.169386381654123,9.20934009552002,4321900,0.0,0.0
2019-10-14 00:00:00-04:00,9.29923592588266,9.508993155867133,9.229316214173405,9.429084777832031,1743300,0.0,0.0
2019-10-15 00:00:00-04:00,9.31921221056529,9.379143255335212,9.149408695050763,9.179373741149902,4023600,0.0,0.0
2019-10-16 00:00:00-04:00,9.309223033342056,9.94848334798731,9.259281610108742,9.938494682312012,4972000,0.0,0.0
2019-10-17 00:00:00-04:00,9.898541185692025,10.387974383479554,9.86857614059138,10.358009338378906,5069200,0.0,0.0
2019-10-18 00:00:00-04:00,10.298080575832175,10.48786048936532,10.018403610264121,10.228160858154297,3535600,0.0,0.0
2019-10-21 00:00:00-04:00,10.358010231908684,10.437917660784665,9.918519373090797,9.948484420776367,3051800,0.0,0.0
2019-10-22 00:00:00-04:00,9.96846093250526,10.088323029963627,9.748715976498898,9.878565788269043,2894200,0.0,0.0
2019-10-23 00:00:00-04:00,9.94848440929001,10.258126410255693,9.938495742549124,10.02839183807373,3116300,0.0,0.0
2019-10-24 00:00:00-04:00,10.068344691028832,10.43791675567627,10.068344691028832,10.43791675567627,2722100,0.0,0.0
2019-10-25 00:00:00-04:00,10.827466856314311,10.967304377530656,10.417941054057867,10.737570762634277,5665300,0.0,0.0
2019-10-28 00:00:00-04:00,10.537802738128915,10.587745120812048,10.258126728703775,10.298080444335938,3637000,0.0,0.0
2019-10-29 00:00:00-04:00,10.158241963337508,10.427929305711677,10.108299580654375,10.298080444335938,2918100,0.0,0.0
2019-10-30 00:00:00-04:00,10.367998004269658,10.407951715261056,9.928506230792673,10.358009338378906,4097900,0.0,0.0
2019-10-31 00:00:00-04:00,10.577755918118983,10.697617058945879,10.338033636465193,10.657663345336914,4332200,0.0,0.0
2019-11-01 00:00:00-04:00,10.49784845295195,10.987281681035418,10.447906072978364,10.977293014526367,4199800,0.0,0.0
2019-11-04 00:00:00-05:00,10.957316430094417,10.957316430094417,10.61770939568229,10.637685775756836,4527500,0.0,0.0
2019-11-05 00:00:00-05:00,10.298080353025183,10.338034068303086,9.948484629914756,10.128276824951172,8752600,0.0,0.0
2019-11-06 00:00:00-05:00,10.188206437165979,10.238148817031686,9.878565396627593,10.168230056762695,5372400,0.0,0.0
2019-11-07 00:00:00-05:00,10.02839151873952,10.417940936084495,9.55893467515532,9.67879581451416,7852100,0.0,0.0
2019-11-08 00:00:00-05:00,9.459050281584716,9.958472140870073,9.399119239338969,9.788668632507324,3845000,0.0,0.0
2019-11-11 00:00:00-05:00,9.828622666285884,10.238148451952524,9.758703908510107,10.218171119689941,5030500,0.0,0.0
2019-11-12 00:00:00-05:00,10.13826321130667,10.597731353101576,10.058355791218128,10.577754974365234,4798200,0.0,0.0
2019-11-13 00:00:00-05:00,10.737570671808152,10.767535718590807,10.457894679169494,10.487859725952148,3542900,0.0,0.0
2019-11-14 00:00:00-05:00,10.587744691377686,10.757548214070152,10.487859930062703,10.747559547424316,2943200,0.0,0.0
2019-11-15 00:00:00-05:00,10.577756046163518,10.707605855107413,10.53780233207091,10.58774471282959,2262200,0.0,0.0
2019-11-18 00:00:00-05:00,10.517824040608007,10.857431055744206,10.517824040608007,10.827466011047363,2820700,0.0,0.0
2019-11-19 00:00:00-05:00,10.75754808591395,11.04721274719057,10.727582086333436,10.81747817993164,3735900,0.0,0.0
2019-11-20 00:00:00-05:00,10.837456087599113,10.977293616102507,10.717593988065174,10.947328567504883,2651200,0.0,0.0
2019-11-21 00:00:00-05:00,10.877409267030568,10.947328027835487,10.48785984417815,10.497848510742188,3144300,0.0,0.0
2019-11-22 00:00:00-05:00,10.537802224426665,10.627698318359661,10.318056322876197,10.497848510742188,2368600,0.0,0.0
2019-11-25 00:00:00-05:00,10.358009811050126,10.657663133445615,10.32804476458207,10.397963523864746,1835000,0.0,0.0
2019-11-26 00:00:00-05:00,10.46788235751868,10.857431774657618,10.417940930574323,10.807489395141602,3047200,0.0,0.0
2019-11-27 00:00:00-05:00,10.73757139349242,10.73757139349242,10.358010615971988,10.547791481018066,2964600,0.0,0.0
2019-11-29 00:00:00-05:00,10.547790977366029,10.787513261435974,10.487859930062703,10.747559547424316,2135600,0.0,0.0
2019-12-02 00:00:00-05:00,10.597732269694308,10.917362930264762,10.54779084224825,10.897385597229004,3100500,0.0,0.0
2019-12-03 00:00:00-05:00,11.147096857946652,11.366842764655864,11.067189428701791,11.246981620788574,5368200,0.0,0.0
2019-12-04 00:00:00-05:00,11.17706206071743,11.22700444283074,10.887397387546287,11.017247200012207,3815500,0.0,0.0
2019-12-05 00:00:00-05:00,11.037224032577027,11.446749832676485,10.967304319765455,11.217015266418457,3475400,0.0,0.0
2019-12-06 00:00:00-05:00,10.877408776303076,10.887396489844852,10.457894325256348,10.457894325256348,6573800,0.0,0.0
2019-12-09 00:00:00-05:00,10.627698086977562,10.647674467099046,10.358009811050126,10.397963523864746,3094500,0.0,0.0
2019-12-10 00:00:00-05:00,10.547789929974927,10.587743640019198,10.437916512924494,10.577754974365234,2304900,0.0,0.0
2019-12-11 00:00:00-05:00,10.567767717722964,10.807490009951017,10.447906571608938,10.697617530822754,5357300,0.0,0.0
2019-12-12 00:00:00-05:00,10.927349938969197,11.047212024304615,10.537801495629719,10.67763900756836,5806400,0.0,0.0
2019-12-13 00:00:00-05:00,10.637685946389226,11.217015266418457,10.637685946389226,11.217015266418457,6247000,0.0,0.0
2019-12-16 00:00:00-05:00,11.276946203517278,11.476714768390371,11.087166305030753,11.127120018005371,4937600,0.0,0.0
2019-12-17 00:00:00-05:00,11.137107731820285,11.366842295853084,11.107142685232233,11.127120018005371,2819200,0.0,0.0
2019-12-18 00:00:00-05:00,10.937338954739298,11.00725866551703,10.517824500359456,10.867420196533203,7191700,0.0,0.0
2019-12-19 00:00:00-05:00,10.727581734611421,10.94732762813877,10.667651642558642,10.78751277923584,3855400,0.0,0.0
2019-12-20 00:00:00-05:00,10.837455697104982,10.837455697104982,10.338033793138331,10.348021507263184,5684900,0.0,0.0
2019-12-23 00:00:00-05:00,10.527813472787704,11.217015266418457,10.47787109294277,11.217015266418457,6785700,0.0,0.0
2019-12-24 00:00:00-05:00,11.306911392351344,11.966148141011875,11.28693501189855,11.946171760559082,4323200,0.0,0.0
2019-12-26 00:00:00-05:00,12.145938873291016,12.525499582152804,11.886239290505863,12.145938873291016,5946400,0.0,0.0
2019-12-27 00:00:00-05:00,12.026079317062521,12.175905506073287,11.846287128192262,11.876253128051758,5445200,0.0,0.0
2019-12-30 00:00:00-05:00,11.966146822972535,12.585430742515,11.966146822972535,12.395649909973145,5642200,0.0,0.0
2019-12-31 00:00:00-05:00,12.525499826469163,12.675325998844507,12.235835194657682,12.245823860168457,4659300,0.0,0.0
2020-01-02 00:00:00-05:00,12.40563918353225,12.535488982539109,12.125963206286809,12.205870628356934,3648800,0.0,0.0
2020-01-03 00:00:00-05:00,12.43560511181914,12.465570159080595,11.896229498254531,11.956160545349121,4012400,0.0,0.0
2020-01-06 00:00:00-05:00,12.245825251886039,12.245825251886039,11.526657447094715,11.636529922485352,6245000,0.0,0.0
2020-01-07 00:00:00-05:00,11.63652965137312,11.98612535526364,11.56661089162368,11.936182975769043,3730000,0.0,0.0
2020-01-08 00:00:00-05:00,11.756392209231329,11.756392209231329,11.067189440542423,11.167074203491211,6945300,0.0,0.0
2020-01-09 00:00:00-05:00,10.947328225989885,11.16707413151791,10.827467082766878,10.837455749511719,4694600,0.0,0.0
2020-01-10 00:00:00-05:00,10.997270584106445,11.207027822450252,10.957316869782467,10.997270584106445,4739500,0.0,0.0
2020-01-13 00:00:00-05:00,10.907373808785586,10.937338854517671,10.517824403981948,10.617709159851074,4292100,0.0,0.0
2020-01-14 00:00:00-05:00,10.517824852128182,10.857431893467323,10.497848471646176,10.81747817993164,4057500,0.0,0.0
2020-01-15 00:00:00-05:00,11.027236219868955,11.147097369233952,10.68762915371559,11.047213554382324,4337000,0.0,0.0
2020-01-16 00:00:00-05:00,10.99727010334064,11.157084953649953,10.847442966746923,11.037223815917969,2876200,0.0,0.0
2020-01-17 00:00:00-05:00,11.107143131109481,11.107143131109481,10.397963982912472,10.51782512664795,6290100,0.0,0.0
2020-01-21 00:00:00-05:00,10.358010397078731,10.507837543039123,9.798658386027382,10.447906494140625,6482000,0.0,0.0
2020-01-22 00:00:00-05:00,10.367998485768902,10.617709429204844,10.278102393720498,10.318056106567383,3208000,0.0,0.0
2020-01-23 00:00:00-05:00,10.18820655448091,10.577755978833002,10.138264174040128,10.178217887878418,3153800,0.0,0.0
2020-01-24 00:00:00-05:00,10.228160104768596,10.617709522891705,10.188206391569175,10.567767143249512,3924100,0.0,0.0
2020-01-27 00:00:00-05:00,10.777524046637536,10.867420136734506,10.088322276846824,10.138263702392578,5145300,0.0,0.0
2020-01-28 00:00:00-05:00,10.028391372906341,10.148252510522157,9.798657763952274,9.908530235290527,4741600,0.0,0.0
2020-01-29 00:00:00-05:00,9.948483932454673,10.128276114886367,9.758704036332496,10.068345069885254,3537800,0.0,0.0
2020-01-30 00:00:00-05:00,10.198194881395102,10.26811364014029,9.918518893842702,9.98843765258789,3418400,0.0,0.0
2020-01-31 00:00:00-05:00,9.988437527227545,10.168229707540563,9.95847248136592,10.058356285095215,3058800,0.0,0.0
2020-02-03 00:00:00-05:00,9.968460704987738,10.008415371609747,9.61886594519029,9.778680801391602,3148400,0.0,0.0
2020-02-04 00:00:00-05:00,9.658819333293476,9.728738092379146,9.349177345423874,9.508993148803711,3360100,0.0,0.0
2020-02-05 00:00:00-05:00,9.538958874091268,9.848599931426902,9.489016491516313,9.728738784790039,2847500,0.0,0.0
2020-02-06 00:00:00-05:00,9.838611240663004,9.988437420948584,9.668807728301148,9.88855266571045,3208400,0.0,0.0
2020-02-07 00:00:00-05:00,9.878565839326765,10.018403366131441,9.558935165405273,9.558935165405273,3261400,0.0,0.0
2020-02-10 00:00:00-05:00,9.618865356433108,9.88855267162272,9.508992887662767,9.808645248413086,2939400,0.0,0.0
2020-02-11 00:00:00-05:00,9.788668994193964,9.8485990860825,9.508993009380319,9.738726615905762,2579500,0.0,0.0
2020-02-12 00:00:00-05:00,9.688784371485923,9.718749417844212,9.568923233481115,9.588900566101074,2267900,0.0,0.0
2020-02-13 00:00:00-05:00,9.738727109217098,9.838611870853127,9.568923585978862,9.618865966796875,3253300,0.0,0.0
2020-02-14 00:00:00-05:00,9.628854278769342,9.858587888468978,9.548946853432804,9.588900566101074,3845400,0.0,0.0
2020-02-18 00:00:00-05:00,9.738726355255446,10.278101930674422,9.728737689350819,10.118287086486816,7138100,0.0,0.0
2020-02-19 00:00:00-05:00,10.168230426443028,10.198195474423207,9.249294032762785,9.309224128723145,14475400,0.0,0.0
2020-02-20 00:00:00-05:00,9.379143785448635,10.108299314693634,9.319212737291386,9.708762168884277,8905100,0.0,0.0
2020-02-21 00:00:00-05:00,9.948484420776367,10.018403182899927,9.798658229776828,9.948484420776367,6532900,0.0,0.0
2020-02-24 00:00:00-05:00,10.258126569915166,10.268114284239815,9.678796273358854,9.79865837097168,7428100,0.0,0.0
2020-02-25 00:00:00-05:00,9.58890034733352,9.838611283956043,9.329200744628906,9.329200744628906,5235500,0.0,0.0
2020-02-26 00:00:00-05:00,9.27925909317412,9.518981382480106,9.069501851888457,9.229316711425781,4600400,0.0,0.0
2020-02-27 00:00:00-05:00,9.33918950050118,9.419096924782913,8.240460987769874,8.290403366088867,8677000,0.0,0.0
2020-02-28 00:00:00-05:00,7.18168672568531,7.810958411784524,6.8520683595245275,7.5312819480896,13321000,0.0,0.0
2020-03-02 00:00:00-05:00,7.8908659206327645,8.090634961477061,7.631166310420927,7.900854110717773,4999000,0.0,0.0
2020-03-03 00:00:00-05:00,8.120600110012344,8.480183530733942,7.7710048795012066,8.070657730102539,9637500,0.0,0.0
2020-03-04 00:00:00-05:00,8.070657730102539,8.180530203846777,7.7710048795012066,8.070657730102539,3835200,0.0,0.0
2020-03-05 00:00:00-05:00,8.140575528409716,8.290402650433109,7.890865087228059,8.150564193725586,5156900,0.0,0.0
2020-03-06 00:00:00-05:00,8.160553351197956,8.170542017116235,7.571235398022067,7.910842418670654,5549700,0.0,0.0
2020-03-09 00:00:00-04:00,7.3315130587700965,7.67111959976795,6.892021764722367,7.101778984069824,3745600,0.0,0.0
2020-03-10 00:00:00-04:00,7.381455303494519,7.531281963775795,6.95195265522163,7.371467113494873,3926500,0.0,0.0
2020-03-11 00:00:00-04:00,7.291559643215603,7.3315133555384975,6.412577019540277,6.562403678894043,6245500,0.0,0.0
2020-03-12 00:00:00-04:00,5.553571687436491,6.682265339764449,5.393756825615137,5.633479118347168,7826500,0.0,0.0
2020-03-13 00:00:00-04:00,5.933132022791505,5.943120212775466,4.9442764475166765,4.994218826293945,8888200,0.0,0.0
2020-03-16 00:00:00-04:00,4.275051581171839,5.833247818341249,4.165178632186418,5.483652114868164,9076400,0.0,0.0
2020-03-17 00:00:00-04:00,5.3438136400183165,6.702241190196027,5.293871741347961,6.282726764678955,8819900,0.0,0.0
2020-03-18 00:00:00-04:00,5.833247700386798,6.592368708961538,5.343814011192845,5.39375638961792,6896400,0.0,0.0
2020-03-19 00:00:00-04:00,5.4936408842563464,6.452530967611231,4.79445041677442,5.613502025604248,6005100,0.0,0.0
2020-03-20 00:00:00-04:00,6.122912208906159,6.202819631488,5.49364054164545,5.503629207611084,6340700,0.0,0.0
2020-03-23 00:00:00-04:00,5.9231432622669145,6.372623235252301,5.4337100536956395,5.993062496185303,6855100,0.0,0.0
2020-03-24 00:00:00-04:00,7.141733160233847,7.371467249906908,6.592368887798231,7.221640586853027,9844000,0.0,0.0
2020-03-25 00:00:00-04:00,7.041848630169263,7.890865722671916,6.842079594336641,7.401432037353516,8457700,0.0,0.0
2020-03-26 00:00:00-04:00,7.4114205952206,7.890865607415852,7.041848527314166,7.23162841796875,6015500,0.0,0.0
2020-03-27 00:00:00-04:00,6.991906423576674,7.16170994149784,6.532438249067341,6.812114715576172,5203800,0.0,0.0
2020-03-30 00:00:00-04:00,6.71222962803873,6.971929225372755,6.092946632330242,6.382611274719238,5117200,0.0,0.0
2020-03-31 00:00:00-04:00,6.442541356137429,6.592367998991135,6.172853589515067,6.182842254638672,3517600,0.0,0.0
2020-04-01 00:00:00-04:00,6.0529929372417355,6.342657580388846,5.863212571682283,6.102935314178467,5420300,0.0,0.0
2020-04-02 00:00:00-04:00,6.342657929707604,6.652299445425601,6.202819933383375,6.292716026306152,4608000,0.0,0.0
2020-04-03 00:00:00-04:00,6.292715931735994,6.53243820754629,5.9930626106873,6.043004989624023,3867100,0.0,0.0
2020-04-06 00:00:00-04:00,6.292715540456653,6.642310742418513,6.182842599399224,6.532437801361084,5820100,0.0,0.0
2020-04-07 00:00:00-04:00,6.74219489547641,6.981917152031727,6.412576554569956,6.482495307922363,4322100,0.0,0.0
2020-04-08 00:00:00-04:00,6.512460708752563,6.6822642088427475,6.342657208662379,6.392599582672119,3542700,0.0,0.0
2020-04-09 00:00:00-04:00,6.742195568651903,7.181686892503512,6.632322618617542,7.061825752258301,5755700,0.0,0.0
2020-04-13 00:00:00-04:00,7.091790292103709,7.761015658384336,6.652298999676345,7.661131381988525,5834400,0.0,0.0
2020-04-14 00:00:00-04:00,8.020714779023196,8.490171592629835,7.401431788928201,7.621177673339844,7147300,0.0,0.0
2020-04-15 00:00:00-04:00,7.351490374684161,7.64115503358999,7.131744475750603,7.381455421447754,4681100,0.0,0.0
2020-04-16 00:00:00-04:00,7.4613623678773076,7.561247120759268,7.121755827450361,7.341501235961914,4492800,0.0,0.0
2020-04-17 00:00:00-04:00,7.151721136055941,7.321524650675004,6.931975719439741,6.961940765380859,5821800,0.0,0.0
2020-04-20 00:00:00-04:00,7.01188324270873,7.481339604799274,6.971929530032336,7.171698093414307,4859800,0.0,0.0
2020-04-21 00:00:00-04:00,6.802126016856306,7.211651810163542,6.75218411412552,7.131744384765625,4590100,0.0,0.0
2020-04-22 00:00:00-04:00,7.341501352169126,7.561247240444795,7.331513162494309,7.391443729400635,3861700,0.0,0.0
2020-04-23 00:00:00-04:00,7.6411545286240115,8.020714779023196,7.441385499496536,7.621177673339844,6919700,0.0,0.0
2020-04-24 00:00:00-04:00,7.790981539988291,7.850912108599177,7.301547848570658,7.691096782684326,4992200,0.0,0.0
2020-04-27 00:00:00-04:00,7.721062180267682,7.79098141399256,7.381455154012299,7.761015892028809,4219600,0.0,0.0
2020-04-28 00:00:00-04:00,7.751027448788136,8.180529598033461,7.651142696365542,8.100622177124023,4674600,0.0,0.0
2020-04-29 00:00:00-04:00,8.140576316763005,8.639998200063108,8.05068117792917,8.62002182006836,6351100,0.0,0.0
2020-04-30 00:00:00-04:00,8.649986923942045,8.689940636769217,7.94080780683098,8.0606689453125,5605600,0.0,0.0
2020-05-01 00:00:00-04:00,7.870889135957925,8.340345981380425,7.751027996129732,8.310379981994629,4268300,0.0,0.0
2020-05-04 00:00:00-04:00,8.39028705594434,8.470194479138353,8.170542118446615,8.200507164001465,4368300,0.0,0.0
2020-05-05 00:00:00-04:00,8.29040374065741,8.350333835290593,7.880877458281996,8.160553932189941,4308200,0.0,0.0
2020-05-06 00:00:00-04:00,8.010726930650659,8.120599394716884,7.800969239277288,7.930819034576416,3098900,0.0,0.0
2020-05-07 00:00:00-04:00,8.100622397296178,8.470194467190064,7.960784406903914,8.360321998596191,4981400,0.0,0.0
2020-05-08 00:00:00-04:00,8.400276564032461,8.679952573246306,8.210496653065999,8.270426750183105,4119700,0.0,0.0
2020-05-11 00:00:00-04:00,8.310380046160995,8.32036871270005,7.790981769561768,7.790981769561768,5963000,0.0,0.0
2020-05-12 00:00:00-04:00,7.940807823629467,8.230472480382161,7.850912207721071,7.900854110717773,4184500,0.0,0.0
2020-05-13 00:00:00-04:00,8.060668740087223,8.060668740087223,7.451374396842602,7.641154766082764,5516100,0.0,0.0
2020-05-14 00:00:00-04:00,7.521293725709203,8.030703795867025,7.191674884682588,7.890865802764893,9131200,0.0,0.0
2020-05-15 00:00:00-04:00,8.390286899329594,8.849755050404458,8.150564634222258,8.829778671264648,13394900,0.0,0.0
2020-05-18 00:00:00-04:00,9.55893435551146,9.678795490862228,9.089478480197183,9.249293327331543,9238000,0.0,0.0
2020-05-19 00:00:00-04:00,9.379144066908584,9.948484754915256,9.299236635348759,9.409109115600586,11263100,0.0,0.0
2020-05-20 00:00:00-04:00,9.588900908476372,9.808645859712104,9.469038813620196,9.698773384094238,6677900,0.0,0.0
2020-05-21 00:00:00-04:00,9.439073691081408,9.52896978522236,9.04952521989952,9.369154930114746,4955500,0.0,0.0
2020-05-22 00:00:00-04:00,9.449062357668552,9.73872702069402,9.349177596940457,9.369154930114746,3919600,0.0,0.0
2020-05-26 00:00:00-04:00,9.508993803562133,9.548947519015263,9.119444363465327,9.159398078918457,4892800,0.0,0.0
2020-05-27 00:00:00-04:00,8.869733132838785,9.479027513032733,8.799814371074213,9.459051132202148,4895500,0.0,0.0
2020-05-28 00:00:00-04:00,9.758704488674725,9.858588298210938,9.219327916378088,9.299236297607422,5080700,0.0,0.0
2020-05-29 00:00:00-04:00,9.688784447345718,10.068345196951928,9.61886568777172,9.99842643737793,8158500,0.0,0.0
2020-06-01 00:00:00-04:00,10.238148640769623,10.84744299744085,10.228159974454115,10.7175931930542,9666000,0.0,0.0
2020-06-02 00:00:00-04:00,10.787512973908715,10.787512973908715,10.068345188295693,10.078333854675293,7322100,0.0,0.0
2020-06-03 00:00:00-04:00,9.638841624043765,9.898541222745806,9.399119357198012,9.718749046325684,6312500,0.0,0.0
2020-06-04 00:00:00-04:00,9.888552659892962,10.138263595269771,9.76869152522069,9.968460083007812,4131600,0.0,0.0
2020-06-05 00:00:00-04:00,9.419097500029572,9.75870455025337,9.19935159354858,9.708762168884277,7635800,0.0,0.0
2020-06-08 00:00:00-04:00,9.878565189029484,9.91851890156809,9.56892320242656,9.908530235290527,3893900,0.0,0.0
2020-06-09 00:00:00-04:00,9.918519037835912,10.19819502944854,9.708761805983526,9.75870418548584,3776200,0.0,0.0
2020-06-10 00:00:00-04:00,9.928506230792673,10.358009338378906,9.499004075778046,10.358009338378906,6996200,0.0,0.0
2020-06-11 00:00:00-04:00,10.138264298512697,10.308067822553115,9.209340202224649,9.299236297607422,7904300,0.0,0.0
2020-06-12 00:00:00-04:00,9.588900353777872,9.688784156951034,9.13941990549795,9.249293327331543,5024300,0.0,0.0
2020-06-15 00:00:00-04:00,8.729894586535366,9.21932782009491,8.450218589154439,9.129432678222656,6401000,0.0,0.0
2020-06-16 00:00:00-04:00,9.169385694402129,9.259281782005537,8.709917543095948,8.749871253967285,5260500,0.0,0.0
2020-06-17 00:00:00-04:00,8.81979086452632,8.909686960841064,8.62002229081117,8.6599760055542,3443700,0.0,0.0
2020-06-18 00:00:00-04:00,8.590056063816359,8.66996348233424,8.360321521148775,8.400275230407715,3443400,0.0,0.0
2020-06-19 00:00:00-04:00,8.679951912624249,8.969616566835443,8.550103061229272,8.62002182006836,6263000,0.0,0.0
2020-06-22 00:00:00-04:00,8.95962892350428,9.359166052254178,8.8797214977543,9.109455108642578,6845800,0.0,0.0
2020-06-23 00:00:00-04:00,9.339189774281353,9.439073581275816,9.179373968461215,9.279258728027344,3908100,0.0,0.0
2020-06-24 00:00:00-04:00,9.129432579264364,9.289247433178298,8.859744298855848,8.95962905883789,4564200,0.0,0.0
2020-06-25 00:00:00-04:00,8.999582753251088,9.129432559923995,8.879721613069558,9.119443893432617,2374200,0.0,0.0
2020-06-26 00:00:00-04:00,9.03953666723529,9.399120095759155,8.769848381413626,9.379143714904785,4873000,0.0,0.0
2020-06-29 00:00:00-04:00,9.38913178142477,9.42908549720468,9.1793745354373,9.409109115600586,3635100,0.0,0.0
2020-06-30 00:00:00-04:00,9.39911911927656,9.958472013662607,9.259281610108742,9.938494682312012,6344000,0.0,0.0
2020-07-01 00:00:00-04:00,9.938495537404911,10.018402964539233,9.479027355096733,9.768692016601562,4469000,0.0,0.0
2020-07-02 00:00:00-04:00,9.62885404647482,9.908530028405565,9.489015579223633,9.489015579223633,3767500,0.0,0.0
2020-07-06 00:00:00-04:00,9.67879547167659,9.878564982770177,9.369154444110455,9.489015579223633,4739100,0.0,0.0
2020-07-07 00:00:00-04:00,9.389131042381443,9.788669121303586,9.369154662349743,9.668807983398438,4092300,0.0,0.0
2020-07-08 00:00:00-04:00,10.048368889231096,10.51782478200244,9.978449176581076,10.407952308654785,7994700,0.0,0.0
2020-07-09 00:00:00-04:00,10.587744476135054,10.93733922848708,10.228160104768596,10.567767143249512,8661500,0.0,0.0
2020-07-10 00:00:00-04:00,10.607720754284424,10.667651799792182,10.28809105176745,10.397963523864746,4563100,0.0,0.0
2020-07-13 00:00:00-04:00,10.797501631151238,11.057200288799475,10.14825260560151,10.158241271972656,7243800,0.0,0.0
2020-07-14 00:00:00-04:00,10.138263447089491,10.487859132536,9.978448603195638,10.43791675567627,4699600,0.0,0.0
2020-07-15 00:00:00-04:00,10.457895031066059,10.547791127010589,10.168230362229066,10.51782512664795,3847000,0.0,0.0
2020-07-16 00:00:00-04:00,10.42792881768394,10.647674719662572,10.238148915455808,10.338033676147461,4040900,0.0,0.0
2020-07-17 00:00:00-04:00,10.447906237219621,10.757548235866095,10.407952523127014,10.58774471282959,6194700,0.0,0.0
2020-07-20 00:00:00-04:00,10.927350563107904,11.746403112633265,10.867420469588769,11.61655330657959,11781500,0.0,0.0
2020-07-21 00:00:00-04:00,12.305755016795423,12.845130617789465,12.12596378484518,12.335721015930176,16233700,0.0,0.0
2020-07-22 00:00:00-04:00,12.89507217377258,14.063719393404744,12.69530362182084,14.033754348754883,21919500,0.0,0.0
2020-07-23 00:00:00-04:00,13.684158699497484,14.023765714872736,13.034910666036511,13.314586639404297,23008600,0.0,0.0
2020-07-24 00:00:00-04:00,13.434448135094224,13.634216692916086,13.114818442579244,13.264644622802734,10656000,0.0,0.0
2020-07-27 00:00:00-04:00,14.183580991062053,14.483234305130807,13.85396263135791,14.23352336883545,13607000,0.0,0.0
2020-07-28 00:00:00-04:00,13.61424050684811,14.263488567136454,13.604251840672195,13.843974113464355,9611300,0.0,0.0
2020-07-29 00:00:00-04:00,13.794032457736469,13.963835017037693,13.3845057244968,13.74409008026123,8280000,0.0,0.0
2020-07-30 00:00:00-04:00,13.074864874410991,13.474401994436564,12.8251539362521,12.95500373840332,7169300,0.0,0.0
2020-07-31 00:00:00-04:00,13.414471391892876,13.414471391892876,13.064875710754446,13.314586639404297,7276500,0.0,0.0
2020-08-03 00:00:00-04:00,13.36452866221243,13.36452866221243,12.765222068273316,13.044898986816406,5268300,0.0,0.0
2020-08-04 00:00:00-04:00,13.064875461090631,13.973823071595056,13.044899082517613,13.933869361877441,7975300,0.0,0.0
2020-08-05 00:00:00-04:00,14.503211171257417,14.55315259485449,13.544321168591047,13.794032096862793,9955000,0.0,0.0
2020-08-06 00:00:00-04:00,14.263488086863854,14.263488086863854,13.374517783716286,13.644205093383789,8789500,0.0,0.0
2020-08-07 00:00:00-04:00,13.024922496264887,13.484390660580111,12.705292800244429,12.95500373840332,9228800,0.0,0.0
2020-08-10 00:00:00-04:00,13.174748678131568,13.654194174733888,12.915050026400763,12.95500373840332,6494400,0.0,0.0
2020-08-11 00:00:00-04:00,11.986125792480804,12.315744175568291,11.306911692750617,11.4067964553833,13229500,0.0,0.0
2020-08-12 00:00:00-04:00,11.746403261770102,11.806333356050132,11.336877458093754,11.386818885803223,7262100,0.0,0.0
2020-08-13 00:00:00-04:00,11.596575946962917,12.105986503559723,11.496692140470696,11.85627555847168,10340900,0.0,0.0
2020-08-14 00:00:00-04:00,11.726425532892591,11.846286669979325,11.34686478916545,11.676483154296875,6239900,0.0,0.0
2020-08-17 00:00:00-04:00,12.165916203922897,12.225846290675438,11.866262912445533,12.145938873291016,6646700,0.0,0.0
2020-08-18 00:00:00-04:00,12.49553640437199,12.545478785836588,11.866264684090124,11.976137161254883,5119500,0.0,0.0
2020-08-19 00:00:00-04:00,11.786356965074688,11.976136866889464,11.44674992254877,11.466726303100586,5320600,0.0,0.0
2020-08-20 00:00:00-04:00,11.396808072783779,11.84628761069519,11.376831691302149,11.836299896240234,3980600,0.0,0.0
2020-08-21 00:00:00-04:00,11.546634555733856,11.736414455456517,11.436761129909252,11.536645889282227,3059300,0.0,0.0
2020-08-24 00:00:00-04:00,11.646518016973694,11.666495349284212,11.296923274684358,11.346864700317383,3275400,0.0,0.0
2020-08-25 00:00:00-04:00,11.306911586612054,11.406796348307116,10.897385778291339,11.316900253295898,4809300,0.0,0.0
2020-08-26 00:00:00-04:00,11.256970320319674,11.856276041398763,11.236992986664522,11.816322326660156,5607200,0.0,0.0
2020-08-27 00:00:00-04:00,12.026079727543186,12.135952206396528,11.316900567047568,11.586588859558105,5201400,0.0,0.0
2020-08-28 00:00:00-04:00,11.736413694856868,12.225846888408183,11.706448650015579,12.195881843566895,4435800,0.0,0.0
2020-08-31 00:00:00-04:00,12.355696674244804,12.595418937887347,12.18589316602177,12.435604095458984,4619900,0.0,0.0
2020-09-01 00:00:00-04:00,12.785199924782393,12.785199924782393,11.776367529633117,12.046055793762207,8266200,0.0,0.0
2020-09-02 00:00:00-04:00,11.846286928709459,11.886240641944317,11.05720037789227,11.536645889282227,10350800,0.0,0.0
2020-09-03 00:00:00-04:00,11.40679679328315,11.616554038968003,11.077178400431483,11.516669273376465,4949900,0.0,0.0
2020-09-04 00:00:00-04:00,11.476715205913301,11.57659996844355,10.897385869409925,11.486703872680664,5798300,0.0,0.0
2020-09-08 00:00:00-04:00,11.087166279713756,11.646518260081166,10.887396762725169,11.366842269897461,4566600,0.0,0.0
2020-09-09 00:00:00-04:00,11.52665788641538,11.856276277721863,11.47671550385373,11.836299896240234,3616000,0.0,0.0
2020-09-10 00:00:00-04:00,12.036068259161238,12.195883118449641,11.506681299625475,11.65650749206543,6286200,0.0,0.0
2020-09-11 00:00:00-04:00,11.816322111826102,12.25581391853201,11.536646113740685,11.636529922485352,6461900,0.0,0.0
2020-09-14 00:00:00-04:00,11.886239973830047,12.545477634007572,11.836298549522382,12.445592880249023,12225100,0.0,0.0
2020-09-15 00:00:00-04:00,12.565454144291047,12.615396521691288,12.006102184608881,12.295766830444336,6677400,0.0,0.0
2020-09-16 00:00:00-04:00,12.465569030565131,12.465569030565131,12.145939348521386,12.185893058776855,4867000,0.0,0.0
2020-09-17 00:00:00-04:00,11.84628558181365,12.175903916667286,11.656505703668532,12.145938873291016,4057800,0.0,0.0
2020-09-18 00:00:00-04:00,12.205870768796357,12.295766857802487,11.886240124266607,11.896228790283203,6201900,0.0,0.0
2020-09-21 00:00:00-04:00,11.456737799390533,11.676482733171714,10.667651294266747,10.67763900756836,10272100,0.0,0.0
2020-09-22 00:00:00-04:00,10.75754822488649,11.047212889905174,10.59773241610749,10.667652130126953,5653000,0.0,0.0
2020-09-23 00:00:00-04:00,10.467882998669888,10.477871665699222,9.638842686669463,9.728738784790039,10426200,0.0,0.0
2020-09-24 00:00:00-04:00,9.578912061163612,10.348021281127615,9.489015968002647,10.248137474060059,7828000,0.0,0.0
2020-09-25 00:00:00-04:00,10.038380080248748,10.058356460313947,9.449062103464815,9.508993148803711,11505100,0.0,0.0
2020-09-28 00:00:00-04:00,9.838612124158043,9.888553553690166,9.319212874392935,9.558935165405273,7677100,0.0,0.0
2020-09-29 00:00:00-04:00,9.61886501620846,9.778679856974989,9.479026554251952,9.538957595825195,7479600,0.0,0.0
2020-09-30 00:00:00-04:00,9.489015816166862,9.648830666975051,9.31921229904025,9.508993148803711,4644500,0.0,0.0
2020-10-01 00:00:00-04:00,9.588900550286304,9.878565204796429,9.528969505096919,9.7487154006958,4434100,0.0,0.0
2020-10-02 00:00:00-04:00,9.668807626828245,9.848598850769731,9.55893420670508,9.63884162902832,5053600,0.0,0.0
2020-10-05 00:00:00-04:00,9.698773236783266,10.048368944231926,9.678795903753436,9.928506851196289,4119800,0.0,0.0
2020-10-06 00:00:00-04:00,9.95847253815983,10.028391296426252,9.399119614313538,9.419096946716309,5617500,0.0,0.0
2020-10-07 00:00:00-04:00,9.608876827298692,9.658819205659212,9.44906197860234,9.578911781311035,5355000,0.0,0.0
2020-10-08 00:00:00-04:00,9.688784230774168,9.858587745291139,9.61886547276305,9.818634033203125,3851000,0.0,0.0
2020-10-09 00:00:00-04:00,10.118288320455418,10.587745196937496,10.07833460453599,10.547791481018066,6813100,0.0,0.0
2020-10-12 00:00:00-04:00,10.567767379497445,10.687628521775268,10.298080047515263,10.58774471282959,3684100,0.0,0.0
2020-10-13 00:00:00-04:00,10.338033887330582,10.567767508013988,10.128276647650575,10.51782512664795,4942900,0.0,0.0
2020-10-14 00:00:00-04:00,10.777525183317625,10.957317382473823,10.607721651352714,10.797502517700195,4062300,0.0,0.0
2020-10-15 00:00:00-04:00,10.457895238594702,10.707606197808518,10.437917904623175,10.697617530822754,3249000,0.0,0.0
2020-10-16 00:00:00-04:00,10.777524506533537,10.797501839661612,10.457894797057708,10.497848510742188,3491000,0.0,0.0
2020-10-19 00:00:00-04:00,10.657663386246073,10.807489574711878,10.308067676396961,10.338033676147461,4034600,0.0,0.0
2020-10-20 00:00:00-04:00,10.437917425056817,10.927350654011851,10.417941044574809,10.81747817993164,4870200,0.0,0.0
2020-10-21 00:00:00-04:00,11.017246358006092,11.256969583314506,10.877408841862126,11.107142448425293,4914900,0.0,0.0
2020-10-22 00:00:00-04:00,10.887397166606178,10.947328214440297,10.637686213678773,10.917363166809082,4108500,0.0,0.0
2020-10-23 00:00:00-04:00,10.857431757036736,11.007258895341625,10.757547950738466,10.967304229736328,3190800,0.0,0.0
2020-10-26 00:00:00-04:00,10.797502069185912,11.037224356388599,10.5677674961879,10.597732543945312,3276400,0.0,0.0
2020-10-27 00:00:00-04:00,10.597732154568838,10.907374145257705,10.487859681780742,10.887396812438965,2941200,0.0,0.0
2020-10-28 00:00:00-04:00,10.288091469785126,10.338033850975537,9.678796133891169,9.948484420776367,10069200,0.0,0.0
2020-10-29 00:00:00-04:00,9.758703921335695,10.18820608725777,9.758703921335695,10.058356285095215,3761200,0.0,0.0
2020-10-30 00:00:00-04:00,10.208183642753195,10.268113735786844,9.83861156047351,10.23814868927002,4076900,0.0,0.0
2020-11-02 00:00:00-05:00,10.407952523127014,10.667652141014806,10.158241571905293,10.58774471282959,4897400,0.0,0.0
2020-11-03 00:00:00-05:00,10.777524782773904,11.306911740804958,10.577756209231213,11.087166786193848,9476300,0.0,0.0
2020-11-04 00:00:00-05:00,10.947328408865182,11.067189554090472,10.387975445242127,10.447906494140625,7494500,0.0,0.0
2020-11-05 00:00:00-05:00,10.9173629603634,11.856275706484203,10.807489533507152,11.626542091369629,13383500,0.0,0.0
2020-11-06 00:00:00-05:00,11.766379474746026,12.195882605445902,11.506680815612102,11.776368141174316,9809200,0.0,0.0
2020-11-09 00:00:00-05:00,11.207027660425819,11.34686518225221,10.857431950716487,11.30691146850586,7743100,0.0,0.0
2020-11-10 00:00:00-05:00,11.356854544407891,11.366843211599177,10.767536516126341,10.797502517700195,6307300,0.0,0.0
2020-11-11 00:00:00-05:00,10.61770938761407,10.927350422821613,10.547790628548816,10.7175931930542,4593700,0.0,0.0
2020-11-12 00:00:00-05:00,10.817477818141006,11.296923317105813,10.797501438327108,10.867420196533203,7142900,0.0,0.0
2020-11-13 00:00:00-05:00,11.087166440982589,11.16707386791166,10.887396921088248,10.977293014526367,3192800,0.0,0.0
2020-11-16 00:00:00-05:00,10.937339429325933,11.05720057112517,10.757548192912916,10.907374382019043,3638600,0.0,0.0
2020-11-17 00:00:00-05:00,10.817477597981943,10.847442643378754,10.517824286298985,10.607720375061035,3547100,0.0,0.0
2020-11-18 00:00:00-05:00,10.59773247073541,10.687628565958333,10.238149042415408,10.26811408996582,4004200,0.0,0.0
2020-11-19 00:00:00-05:00,9.908530096652884,10.208183412785573,9.898541430515081,10.138263702392578,5170100,0.0,0.0
2020-11-20 00:00:00-05:00,10.338032725351292,10.557777654548154,10.218170642516439,10.258125305175781,4193200,0.0,0.0
2020-11-23 00:00:00-05:00,10.168229990943997,10.208183704063611,9.608877054697752,9.67879581451416,7002100,0.0,0.0
2020-11-24 00:00:00-05:00,9.698773341915082,10.208183908837562,9.61886591407293,10.018403053283691,7986300,0.0,0.0
2020-11-25 00:00:00-05:00,10.198194622557956,10.467881936995726,10.08832215409392,10.208183288574219,6806500,0.0,0.0
2020-11-27 00:00:00-05:00,9.988437985289455,10.248137601524183,9.88855322440789,10.178217887878418,3727100,0.0,0.0
2020-11-30 00:00:00-05:00,10.088322027329873,10.507836469025357,10.048368316338475,10.358009338378906,6291300,0.0,0.0
2020-12-01 00:00:00-05:00,10.887397387546287,11.117131964238826,10.707606145538763,11.017247200012207,6467200,0.0,0.0
2020-12-02 00:00:00-05:00,11.097154243272017,11.236992717797072,10.857431960576216,11.227004051208496,4059500,0.0,0.0
2020-12-03 00:00:00-05:00,11.326888105549532,11.356853150874818,10.937338706034346,11.007258415222168,4354700,0.0,0.0
2020-12-04 00:00:00-05:00,11.037224298430424,11.207027822450252,10.907374488734572,10.997270584106445,3597500,0.0,0.0
2020-12-07 00:00:00-05:00,10.91736287545993,11.546634574352362,10.88739687605672,11.3768310546875,4679500,0.0,0.0
2020-12-08 00:00:00-05:00,11.486703288767302,11.496691955026902,11.286934726433504,11.356853485107422,2632700,0.0,0.0
2020-12-09 00:00:00-05:00,11.24698106134036,11.266957441372062,10.72758184451307,10.877408981323242,4282400,0.0,0.0
2020-12-10 00:00:00-05:00,10.947327495118499,11.187049765560044,10.837455025975697,10.937338829040527,3115700,0.0,0.0
2020-12-11 00:00:00-05:00,10.867419845395471,11.037223354899432,10.717592715059949,10.757547378540039,2706200,0.0,0.0
2020-12-14 00:00:00-05:00,10.827466398307678,10.987281245835645,10.447905659142943,10.457894325256348,3648900,0.0,0.0
2020-12-15 00:00:00-05:00,10.817478349963963,11.336877586663585,10.78751330248412,11.316900253295898,5180000,0.0,0.0
2020-12-16 00:00:00-05:00,11.396806233719838,12.135950328129583,11.396806233719838,12.076020240783691,8449800,0.0,0.0
2020-12-17 00:00:00-05:00,12.455581299552314,12.705292226433473,12.345707882078786,12.665338516235352,7824600,0.0,0.0
2020-12-18 00:00:00-05:00,12.635373122453736,12.775211591109764,12.275789713501766,12.555465698242188,7232500,0.0,0.0
2020-12-21 00:00:00-05:00,12.555464739963112,13.254656077306775,12.555464739963112,13.11481761932373,10317300,0.0,0.0
2020-12-22 00:00:00-05:00,13.114818140986948,13.164760517436829,12.1759045119583,12.195881843566895,8321900,0.0,0.0
2020-12-23 00:00:00-05:00,12.315743649753886,12.795189156320715,12.265801270569808,12.655350685119629,5805200,0.0,0.0
2020-12-24 00:00:00-05:00,12.735257983878562,12.785200362564964,12.515512089201382,12.725269317626953,2766800,0.0,0.0
2020-12-28 00:00:00-05:00,13.134794600974601,13.34455182129957,12.895072335623667,13.004945755004883,5077900,0.0,0.0
2020-12-29 00:00:00-05:00,13.034910803443182,13.114818225247745,12.615396362683422,12.925037384033203,4988100,0.0,0.0
2020-12-30 00:00:00-05:00,12.95500323114513,13.674170019031903,12.925037233887817,13.63421630859375,6128700,0.0,0.0
2020-12-31 00:00:00-05:00,13.644205347096412,13.714124104130414,13.314586988833796,13.424459457397461,5240600,0.0,0.0
2021-01-04 00:00:00-05:00,14.123650781903953,14.543165227584282,13.963834983848708,14.22353458404541,10227500,0.0,0.0
2021-01-05 00:00:00-05:00,14.273477199510637,14.273477199510637,13.794032655061713,14.243512153625488,8188200,0.0,0.0
2021-01-06 00:00:00-05:00,14.133638377181466,14.223534465157512,13.6442051788359,14.213545799255371,7572700,0.0,0.0
2021-01-07 00:00:00-05:00,14.093684920049393,14.323419477079359,13.784043892077575,13.99380111694336,5674700,0.0,0.0
2021-01-08 00:00:00-05:00,13.584275162197713,13.584275162197713,12.715280275433436,13.014933586120605,11141600,0.0,0.0
2021-01-11 00:00:00-05:00,12.705292593730183,12.905061150495895,12.495535370983283,12.535489082336426,5429400,0.0,0.0
2021-01-12 00:00:00-05:00,12.555464862259935,12.675325990596528,12.195881477250154,12.645360946655273,7225700,0.0,0.0
2021-01-13 00:00:00-05:00,12.655350115644298,12.735257537714425,12.145939585518535,12.205870628356934,5602800,0.0,0.0
2021-01-14 00:00:00-05:00,12.295766924656904,12.655350330064923,12.16591712344999,12.625385284423828,8812700,0.0,0.0
2021-01-15 00:00:00-05:00,12.355697705960216,12.365686372588954,11.796345710754395,11.796345710754395,15538000,0.0,0.0
2021-01-19 00:00:00-05:00,12.036067434280879,12.645361781703437,11.866263919781344,12.63537311553955,12179300,0.0,0.0
2021-01-20 00:00:00-05:00,12.915049621450066,13.923881056025689,12.875095910700256,13.883927345275879,25065200,0.0,0.0
2021-01-21 00:00:00-05:00,13.654194247114452,13.80402042977536,13.284622170988797,13.524344444274902,10151500,0.0,0.0
2021-01-22 00:00:00-05:00,12.98496859414237,14.04374337556549,12.755234991634227,13.98381233215332,18164000,0.0,0.0
2021-01-25 00:00:00-05:00,14.123650197464798,14.892759347671781,13.833985563869193,13.933869361877441,21611600,0.0,0.0
2021-01-26 00:00:00-05:00,14.07370804884149,14.423302776358186,13.893915875930759,14.273476600646973,6986300,0.0,0.0
2021-01-27 00:00:00-05:00,13.873940467834473,14.27347759940217,13.654194569186409,13.873940467834473,9502000,0.0,0.0
2021-01-28 00:00:00-05:00,18.548527433636387,19.26769612582467,15.372205076091555,16.840505599975586,53828100,0.0,0.0
2021-01-29 00:00:00-05:00,18.678379850527897,19.03796232357851,17.270010242792655,18.099050521850586,30690800,0.0,0.0
2021-02-01 00:00:00-05:00,23.822426536158044,23.98224140197804,20.825894944317874,22.09442710876465,60151700,0.0,0.0
2021-02-02 00:00:00-05:00,18.139002443107614,18.328783290047102,16.43098053608202,16.74062156677246,33612200,0.0,0.0
2021-02-03 00:00:00-05:00,17.020297792483532,17.250031389353826,16.241199010103138,16.361059188842773,11928200,0.0,0.0
2021-02-04 00:00:00-05:00,15.212388072390548,16.43097852386478,14.992643158995984,16.091371536254883,12655900,0.0,0.0
2021-02-05 00:00:00-05:00,16.38103793795215,16.700667649109327,15.791720896149027,16.48092269897461,7179300,0.0,0.0
2021-02-08 00:00:00-05:00,16.980343214005508,17.36989165456334,16.63074753151205,17.170124053955078,7450400,0.0,0.0
2021-02-09 00:00:00-05:00,17.14015769958496,17.21007645359887,16.640735850750566,17.14015769958496,5433600,0.0,0.0
2021-02-10 00:00:00-05:00,17.120181341492888,17.23005476412737,16.411003190307717,16.900436401367188,6285400,0.0,0.0
2021-02-11 00:00:00-05:00,16.890446304395873,17.160134552484035,16.540850638927125,16.940387725830078,4556600,0.0,0.0
2021-02-12 00:00:00-05:00,16.790563053576065,17.689522055552438,16.51088802037731,17.389869689941406,6285700,0.0,0.0
2021-02-16 00:00:00-05:00,17.439810394180466,18.049105671539692,17.190099464789725,17.48975372314453,6869000,0.0,0.0
2021-02-17 00:00:00-05:00,17.200088959533765,17.659558082431115,16.89044792560632,17.399858474731445,5339900,0.0,0.0
2021-02-18 00:00:00-05:00,17.399857754470425,17.7694307707448,17.05026206991752,17.49974250793457,4268600,0.0,0.0
2021-02-19 00:00:00-05:00,17.669545656412822,18.218908931531075,17.429823396080682,17.469776153564453,5616200,0.0,0.0
2021-02-22 00:00:00-05:00,17.969198702412925,19.77710534324544,17.629591677486168,19.617290496826172,12648800,0.0,0.0
2021-02-23 00:00:00-05:00,18.998006706588647,19.44748520662633,18.069081805977138,19.307647705078125,9163500,0.0,0.0
2021-02-24 00:00:00-05:00,19.127857146766857,20.29650439307811,18.80822745634724,20.086748123168945,8264800,0.0,0.0
2021-02-25 00:00:00-05:00,19.896966858547966,20.606144981000067,18.81821572366285,18.928089141845703,8866700,0.0,0.0
2021-02-26 00:00:00-05:00,18.298816819206742,18.678378503288435,17.32993908746503,17.98917579650879,11243700,0.0,0.0
2021-03-01 00:00:00-05:00,18.418677936327832,18.62843419401783,16.730631588848695,16.79056167602539,8584800,0.0,0.0
2021-03-02 00:00:00-05:00,16.930401774749374,17.79939474214895,16.760598266557942,17.48975372314453,6133100,0.0,0.0
2021-03-03 00:00:00-05:00,16.980342628766447,17.27999497192272,16.560828205261785,16.80055046081543,5620400,0.0,0.0
2021-03-04 00:00:00-05:00,16.730632340087745,17.070239357909937,15.571973775215513,16.05141830444336,8907200,0.0,0.0
2021-03-05 00:00:00-05:00,16.081384789691075,16.251188303752247,15.112506083442911,15.931557655334473,7927800,0.0,0.0
2021-03-08 00:00:00-05:00,15.981500204049153,16.12133772118873,15.332252139288313,15.382193565368652,4821700,0.0,0.0
2021-03-09 00:00:00-05:00,16.30113079053907,16.540853078030125,15.911582311509022,16.181270599365234,5053500,0.0,0.0
2021-03-10 00:00:00-05:00,16.261178004912328,16.470934291733595,15.991489717447791,16.34108543395996,3639000,0.0,0.0
2021-03-11 00:00:00-05:00,16.540850519301774,16.760597344366495,16.211232186847788,16.45095443725586,4124000,0.0,0.0
2021-03-12 00:00:00-05:00,15.921567904547166,16.860480548418057,15.621915561390894,16.80055046081543,3819800,0.0,0.0
2021-03-15 00:00:00-04:00,16.900435088461734,17.519719006370025,16.87046909230479,17.270008087158203,4440400,0.0,0.0
2021-03-16 00:00:00-04:00,17.28998473451925,17.31995073279363,16.780574194714347,16.89044761657715,3912600,0.0,0.0
2021-03-17 00:00:00-04:00,16.750610053491584,17.709499133799625,16.590795206773578,17.529706954956055,4556000,0.0,0.0
2021-03-18 00:00:00-04:00,17.120182296112247,17.619604201181037,16.960367438901706,16.980344772338867,3901300,0.0,0.0
2021-03-19 00:00:00-04:00,17.02029777302266,17.24004270388953,16.740620847711302,16.840505599975586,5985200,0.0,0.0
2021-03-22 00:00:00-04:00,16.660713787760184,17.120180990926393,16.660713787760184,16.710655212402344,2311900,0.0,0.0
2021-03-23 00:00:00-04:00,16.411003902311013,16.550841424354022,15.761754862212484,15.831674575805664,4046700,0.0,0.0
2021-03-24 00:00:00-04:00,15.911582044630736,16.061408233656753,15.482078905651028,15.512043952941895,2745400,0.0,0.0
2021-03-25 00:00:00-04:00,15.302285413825228,15.801707271483457,15.232366658575986,15.721799850463867,3184400,0.0,0.0
2021-03-26 00:00:00-04:00,15.821684718394454,15.951534516641038,15.542008742786521,15.81169605255127,2930500,0.0,0.0
2021-03-29 00:00:00-04:00,15.671857856549613,15.781731277560963,15.042587138810147,15.352228164672852,3257800,0.0,0.0
2021-03-30 00:00:00-04:00,14.782887688560574,15.062563671803554,14.443280661193997,14.882771492004395,4480100,0.0,0.0
2021-03-31 00:00:00-04:00,14.982656655085869,15.741778154227417,14.922725609333996,15.561985969543457,3263900,0.0,0.0
2021-04-01 00:00:00-04:00,16.011465993931907,16.44096720599301,15.981499995588603,16.41100311279297,3635000,0.0,0.0
2021-04-05 00:00:00-04:00,16.38103652758008,16.530862703642374,15.981499423032894,16.201244354248047,2806800,0.0,0.0
2021-04-06 00:00:00-04:00,16.510886433760575,17.31994926727794,16.430979016933467,16.930400848388672,4237800,0.0,0.0
2021-04-07 00:00:00-04:00,16.840507532635836,16.900437628814863,16.610772004519983,16.680692672729492,2102200,0.0,0.0
2021-04-08 00:00:00-04:00,17.17012461863777,17.639580495906785,17.140158620246588,17.539695739746094,3844700,0.0,0.0
2021-04-09 00:00:00-04:00,17.04027505533549,17.489755536909204,16.83051876736335,17.3199520111084,3043700,0.0,0.0
2021-04-12 00:00:00-04:00,17.18011200688006,17.25003075944888,16.4809206709056,16.630746841430664,3139800,0.0,0.0
2021-04-13 00:00:00-04:00,17.030284771889058,17.31995036699384,16.830517169708756,16.86048126220703,3243600,0.0,0.0
2021-04-14 00:00:00-04:00,16.780573263860767,16.87046934855392,16.14131391061446,16.171279907226562,3690800,0.0,0.0
2021-04-15 00:00:00-04:00,16.580806123289662,17.130169406909705,16.41100261478367,16.850494384765625,5278000,0.0,0.0
2021-04-16 00:00:00-04:00,17.170124700684255,17.18011336686238,16.401014551258015,16.580806732177734,3903200,0.0,0.0
2021-04-19 00:00:00-04:00,16.381036171884467,16.48092092213818,15.831672903203788,16.011465072631836,4226600,0.0,0.0
2021-04-20 00:00:00-04:00,15.931557057637473,16.14131427581005,15.74177717099162,15.961522102355957,2980000,0.0,0.0
2021-04-21 00:00:00-04:00,16.17127989639708,16.650724411010742,15.951534017580034,16.650724411010742,4303200,0.0,0.0
2021-04-22 00:00:00-04:00,16.530863685246437,16.58080701699497,15.941546659188546,16.121337890625,3693100,0.0,0.0
2021-04-23 00:00:00-04:00,16.331095103940378,16.520875943028987,16.06140684394233,16.201244354248047,3818200,0.0,0.0
2021-04-26 00:00:00-04:00,16.23121085051657,16.331095606009942,15.881615158861413,15.921568870544434,3155200,0.0,0.0
2021-04-27 00:00:00-04:00,15.931557072574343,16.1113482936254,15.611927388419927,15.641892433166504,2765700,0.0,0.0
2021-04-28 00:00:00-04:00,15.502055842561411,16.0014777299753,15.26233261264829,15.88161563873291,3456700,0.0,0.0
2021-04-29 00:00:00-04:00,15.801707766385498,15.821685098551875,15.162448378207484,15.522031784057617,4451400,0.0,0.0
2021-04-30 00:00:00-04:00,15.571973581996163,15.571973581996163,14.96267830961483,15.072551727294922,4066500,0.0,0.0
2021-05-03 00:00:00-04:00,15.482078731060028,16.13132681294678,15.292298830262439,15.981500625610352,5428100,0.0,0.0
2021-05-04 00:00:00-04:00,15.971511686528045,16.031441779411164,15.062564006370266,15.152460098266602,6134500,0.0,0.0
2021-05-05 00:00:00-04:00,15.172435653249442,15.222378029650468,14.812852257790944,14.922724723815918,4001500,0.0,0.0
2021-05-06 00:00:00-04:00,15.072552147716005,16.271165394489365,15.002633390930486,15.911581039428711,8640000,0.0,0.0
2021-05-07 00:00:00-04:00,16.07139374702478,16.550838219897013,15.831671510588661,16.37104606628418,5694200,0.0,0.0
2021-05-10 00:00:00-04:00,16.86048183803195,16.97035526132664,15.751766559436524,15.781731605529785,6875700,0.0,0.0
2021-05-11 00:00:00-04:00,15.322261936774963,16.460943102499083,15.142469772683135,16.45095443725586,4447600,0.0,0.0
2021-05-12 00:00:00-04:00,16.391025091766767,16.65072468439896,15.601938600747095,15.711811065673828,4341800,0.0,0.0
2021-05-13 00:00:00-04:00,15.661870504791096,15.781731642012867,15.16244862341456,15.382193565368652,3856000,0.0,0.0
2021-05-14 00:00:00-04:00,15.766873259766498,16.08660771815039,15.696931793657996,15.986690521240234,3437700,0.005,0.0
2021-05-17 00:00:00-04:00,16.286439941702227,17.5653758487047,16.126573191547166,17.365541458129883,9170600,0.0,0.0
2021-05-18 00:00:00-04:00,17.285607718010027,17.51541783404647,16.815999387567103,17.41550064086914,4768100,0.0,0.0
2021-05-19 00:00:00-04:00,16.99584968230678,17.785191493683076,16.87594867125926,17.245641708374023,5974100,0.0,0.0
2021-05-20 00:00:00-04:00,17.355551626494577,18.07495200935121,17.175701054339918,17.755218505859375,4851000,0.0,0.0
2021-05-21 00:00:00-04:00,17.985025074484316,18.044974624452617,17.2656247575792,17.45546531677246,4289600,0.0,0.0
2021-05-24 00:00:00-04:00,17.545391406485958,17.865124895461076,17.475449943992892,17.605342864990234,2677800,0.0,0.0
2021-05-25 00:00:00-04:00,17.51541681702343,17.94505748294379,17.105758063968736,17.815166473388672,4530100,0.0,0.0
2021-05-26 00:00:00-04:00,17.815168860445432,18.15488619958446,17.475451521306404,17.545392990112305,3972200,0.0,0.0
2021-05-27 00:00:00-04:00,17.475450626678192,17.68527692811626,16.895933178831232,17.615333557128906,4013300,0.0,0.0
2021-05-28 00:00:00-04:00,17.295600836330603,17.80517684195281,17.28560892573855,17.76521110534668,2904700,0.0,0.0
2021-06-01 00:00:00-04:00,18.18486066391669,18.91425293885122,18.18486066391669,18.384693145751953,5975700,0.0,0.0
2021-06-02 00:00:00-04:00,18.444643132455678,18.654469434931684,18.074951984218046,18.58452796936035,4090000,0.0,0.0
2021-06-03 00:00:00-04:00,17.975034750252608,18.02499430109987,17.465458766182543,17.50542640686035,5281100,0.0,0.0
2021-06-04 00:00:00-04:00,17.875117879579424,17.88510978993069,17.505426725392713,17.56537628173828,3320300,0.0,0.0
2021-06-07 00:00:00-04:00,17.555383636368,17.74522611356957,17.27561778129406,17.665292739868164,3211900,0.0,0.0
2021-06-08 00:00:00-04:00,17.51541771806789,17.725242107165176,17.255633779831772,17.275617599487305,3180200,0.0,0.0
2021-06-09 00:00:00-04:00,17.395517140888064,17.715250640324086,17.325575676106684,17.47545051574707,2851600,0.0,0.0
2021-06-10 00:00:00-04:00,17.505426384954564,18.354719690675225,17.45546683416982,18.334735870361328,5257900,0.0,0.0
2021-06-11 00:00:00-04:00,18.274786350302122,18.39468546089193,17.75521845571427,17.86512565612793,4067500,0.0,0.0
2021-06-14 00:00:00-04:00,17.475450039519668,18.494601970520332,17.345559023574218,18.214834213256836,5004400,0.0,0.0
2021-06-15 00:00:00-04:00,18.204842558211368,18.314751661846163,17.72524231541547,18.024993896484375,3534000,0.0,0.0
2021-06-16 00:00:00-04:00,18.084944081147455,18.46462714349604,17.745226754211448,17.785192489624023,5107800,0.0,0.0
2021-06-17 00:00:00-04:00,16.975865681440116,17.38552444735197,16.146556239989064,16.386356353759766,12528400,0.0,0.0
2021-06-18 00:00:00-04:00,16.47628172293406,16.736065657351546,16.11658059746956,16.166540145874023,12626100,0.0,0.0
2021-06-21 00:00:00-04:00,16.326407412942483,16.336399322943883,15.646972778943002,15.966706275939941,4214700,0.0,0.0
2021-06-22 00:00:00-04:00,15.75688187420005,15.866790025509749,15.54705652869536,15.786856651306152,2967700,0.0,0.0
2021-06-23 00:00:00-04:00,15.96670690867888,16.276450413711103,15.706923908514511,15.726906776428223,3022600,0.0,0.0
2021-06-24 00:00:00-04:00,15.956715793926595,15.96670675134449,15.706923753739996,15.876782417297363,2915500,0.0,0.0
2021-06-25 00:00:00-04:00,16.06662356697721,16.12657312158478,15.477114213677165,15.7468900680542,4096500,0.0,0.0
2021-06-28 00:00:00-04:00,15.79684849379921,15.876781867661238,15.297264430721045,15.537064552307129,2943200,0.0,0.0
2021-06-29 00:00:00-04:00,15.247306245050147,15.63698121491665,15.057463762347128,15.377198219299316,3126100,0.0,0.0
2021-06-30 00:00:00-04:00,15.387189499018204,15.896765496468547,15.257298474928689,15.796849250793457,2555600,0.0,0.0
2021-07-01 00:00:00-04:00,16.066623450817392,16.076615360806745,15.407172637615936,15.607006072998047,2963400,0.0,0.0
2021-07-02 00:00:00-04:00,15.946723553116323,16.076615525666938,15.467122350400128,15.636981010437012,2947800,0.0,0.0
2021-07-06 00:00:00-04:00,15.886772754627831,15.98668994795494,15.207339079798809,15.287272453308105,3041100,0.0,0.0
2021-07-07 00:00:00-04:00,15.297264398855823,15.347222042754792,14.637812636546306,14.997513771057129,4477900,0.0,0.0
2021-07-08 00:00:00-04:00,14.927571368468636,15.057463339066409,14.148220497762974,14.348053932189941,5119300,0.0,0.0
2021-07-09 00:00:00-04:00,14.338063302099986,14.787688778034338,14.318079481761082,14.587855339050293,3388600,0.0,0.0
2021-07-12 00:00:00-04:00,14.378029323795008,14.537896067575979,14.038312016819972,14.108253479003906,3493100,0.0,0.0
2021-07-13 00:00:00-04:00,14.198178805418028,14.42798701210833,13.978361555584856,13.998345375061035,3197400,0.0,0.0
2021-07-14 00:00:00-04:00,14.378029428749302,14.48793757768077,13.96836970371901,14.068286895751953,4102500,0.0,0.0
2021-07-15 00:00:00-04:00,14.098261553999002,14.20817065488987,13.708586604675974,13.9284029006958,3716800,0.0,0.0
2021-07-16 00:00:00-04:00,13.688602644226172,13.838478429474474,12.839310339342914,12.959210395812988,6528200,0.0,0.0
2021-07-19 00:00:00-04:00,12.649468412506732,12.889268535757811,12.329734914838626,12.46961784362793,7804800,0.0,0.0
2021-07-20 00:00:00-04:00,12.529567982421412,12.789351918077715,12.359709328560054,12.519576072692871,4021300,0.0,0.0
2021-07-21 00:00:00-04:00,12.509585564618416,13.179027341470125,12.489601744444428,13.079111099243164,3372800,0.0,0.0
2021-07-22 00:00:00-04:00,13.059126899116196,13.069118808912476,12.679442902786205,12.94921875,3242300,0.0,0.0
2021-07-23 00:00:00-04:00,12.879277863008204,12.899260730613216,12.609502003732986,12.819327354431152,2268000,0.0,0.0
2021-07-26 00:00:00-04:00,12.849302088534344,13.318911386665956,12.849302088534344,13.109086036682129,2768300,0.0,0.0
2021-07-27 00:00:00-04:00,13.109085762665348,13.179027226904315,12.679443161469441,12.939227104187012,2233000,0.0,0.0
2021-07-28 00:00:00-04:00,12.929235012431665,13.40883620400517,12.889268325873955,13.378861427307129,3130400,0.0,0.0
2021-07-29 00:00:00-04:00,13.908420822071891,14.088271395259005,13.688603560718866,13.718578338623047,3954600,0.0,0.0
2021-07-30 00:00:00-04:00,13.568703076257872,13.818495107783798,13.448803015471144,13.69859504699707,2736800,0.0,0.0
2021-08-02 00:00:00-04:00,13.598677576986487,13.638644263103501,13.378861279783393,13.528736114501953,2723200,0.0,0.0
2021-08-03 00:00:00-04:00,13.498761556108164,13.668620213068536,13.40883627267256,13.628653526306152,2369500,0.0,0.0
2021-08-04 00:00:00-04:00,13.94838721515469,14.088271097216598,13.179027293135686,13.189019203186035,3582300,0.0,0.0
2021-08-05 00:00:00-04:00,13.149052730643453,13.528736742829574,12.959211200990893,13.288936614990234,2858300,0.0,0.0
2021-08-06 00:00:00-04:00,12.819326478043582,13.189018555832039,12.699426421967402,13.06911849975586,3121000,0.0,0.0
2021-08-09 00:00:00-04:00,12.699426307811727,12.909251642279148,12.399675693875277,12.459626197814941,4597000,0.0,0.0
2021-08-10 00:00:00-04:00,12.489601296388207,12.71940950285889,12.349717418831514,12.519576072692871,2815000,0.0,0.0
2021-08-11 00:00:00-04:00,12.739393249992181,13.089102465458074,12.699426564185876,12.919243812561035,3378000,0.0,0.0
2021-08-12 00:00:00-04:00,12.809335161340785,12.829318981385534,12.319743004816251,12.46961784362793,3295100,0.0,0.0
2021-08-13 00:00:00-04:00,12.729401324593459,12.959210482356509,12.649467953079604,12.73939323425293,3025800,0.0,0.0
2021-08-16 00:00:00-04:00,12.839310843573081,12.839310843573081,12.369701555961914,12.579526901245117,3703100,0.0,0.0
2021-08-17 00:00:00-04:00,12.449634626663698,12.489601312749258,11.84014242563868,12.049967765808105,5106600,0.0,0.0
2021-08-18 00:00:00-04:00,12.059958457946777,12.229817108302164,11.740224976280611,12.059958457946777,6127700,0.0,0.0
2021-08-19 00:00:00-04:00,11.940059338735438,12.039976536032711,11.550384365614304,11.7002592086792,4982400,0.0,0.0
2021-08-20 00:00:00-04:00,11.580359509665156,12.089935516801312,11.520408998815766,11.830151557922363,7876700,0.0,0.0
2021-08-23 00:00:00-04:00,12.31974274399145,12.619493368149685,12.149884088731149,12.479609489440918,4083600,0.0,0.0
2021-08-24 00:00:00-04:00,12.649468631231299,12.689435319130885,12.339727038229764,12.569535255432129,2944800,0.0,0.0
2021-08-25 00:00:00-04:00,12.455575659734702,12.455575659734702,12.125692914562677,12.285635948181152,2530500,0.006,0.0
2021-08-26 00:00:00-04:00,12.145685621594916,12.43558261563017,12.025728343373679,12.165678977966309,2547700,0.0,0.0
2021-08-27 00:00:00-04:00,12.145686025004046,12.955398871560991,12.065714503533698,12.835441589355469,3604300,0.0,0.0
2021-08-30 00:00:00-04:00,12.945402183816203,13.035370383740153,12.585530337456142,12.655505180358887,2730100,0.0,0.0
2021-08-31 00:00:00-04:00,12.775461583285809,13.075355244615379,12.6355119071115,12.905415534973145,3144600,0.0,0.0
2021-09-01 00:00:00-04:00,12.975390844948402,13.0553633171023,12.725479610307618,12.815447807312012,3050800,0.0,0.0
2021-09-02 00:00:00-04:00,12.79545577214857,12.855433936318754,12.62551605144016,12.765466690063477,2476900,0.0,0.0
2021-09-03 00:00:00-04:00,13.075356115276557,13.655150120897709,13.075356115276557,13.125338554382324,4952300,0.0,0.0
2021-09-07 00:00:00-04:00,12.94540153975688,13.09534884994853,12.575533033287904,12.715483665466309,3352000,0.0,0.0
2021-09-08 00:00:00-04:00,12.715483914920242,12.805452112133102,12.385601160696888,12.525550842285156,2948200,0.0,0.0
2021-09-09 00:00:00-04:00,12.675497931239374,12.74547277079593,12.335618504817772,12.425586700439453,2913300,0.0,0.0
2021-09-10 00:00:00-04:00,12.425586786261489,12.565536466341218,12.165678875633853,12.20566463470459,2511300,0.0,0.0
2021-09-13 00:00:00-04:00,12.115696834930695,12.89541963899324,11.915768033034622,12.695490837097168,3994900,0.0,0.0
2021-09-14 00:00:00-04:00,12.74547312709131,12.905416166740704,12.425587047792526,12.845438003540039,3915500,0.0,0.0
2021-09-15 00:00:00-04:00,12.79545524281836,12.93540492231642,12.585529770235576,12.7854585647583,2727100,0.0,0.0
2021-09-16 00:00:00-04:00,12.345615042561345,12.355610767144633,11.805806828301039,12.10569953918457,6244700,0.0,0.0
2021-09-17 00:00:00-04:00,11.965750295346675,12.30562973022461,11.855788740923984,12.30562973022461,7487100,0.0,0.0
2021-09-20 00:00:00-04:00,12.015732972553032,12.075711136762985,11.745828373601048,11.935760498046875,4185300,0.0,0.0
2021-09-21 00:00:00-04:00,12.06571426239397,12.565536738262296,12.025728502457932,12.19566822052002,4138000,0.0,0.0
2021-09-22 00:00:00-04:00,12.275639270246078,12.735475968567032,12.275639270246078,12.285635948181152,4564600,0.0,0.0
2021-09-23 00:00:00-04:00,12.145685979453173,12.195668418518622,11.85578897687645,11.935760498046875,3868500,0.0,0.0
2021-09-24 00:00:00-04:00,11.825799089466294,12.0957036700385,11.725834218142737,11.785813331604004,3039600,0.0,0.0
2021-09-27 00:00:00-04:00,11.8457926685075,12.23565357668469,11.775816875926818,11.885778427124023,2579100,0.0,0.0
2021-09-28 00:00:00-04:00,11.745827613737092,11.785813371735536,11.465927307747982,11.67585277557373,4091600,0.0,0.0
2021-09-29 00:00:00-04:00,11.535903009627132,11.57588877061939,11.016088116727794,11.066069602966309,5732600,0.0,0.0
2021-09-30 00:00:00-04:00,11.186026528667345,11.575888400891673,11.1260483657625,11.295988082885742,4642200,0.0,0.0
2021-10-01 00:00:00-04:00,11.51591013337542,11.51591013337542,11.196023105224524,11.335973739624023,3131700,0.0,0.0
2021-10-04 00:00:00-04:00,11.305984733006548,11.325977136146497,10.886133780374855,10.936115264892578,5423800,0.0,0.0
2021-10-05 00:00:00-04:00,10.87613688185261,10.87613688185261,10.446289259689188,10.836151123046875,5495900,0.0,0.0
2021-10-06 00:00:00-04:00,10.696200764185171,11.016087796149975,10.536257724870627,11.006091117858887,3937600,0.0,0.0
2021-10-07 00:00:00-04:00,10.996094133909068,11.435937479797728,10.936115019165499,11.12604808807373,3421700,0.0,0.0
2021-10-08 00:00:00-04:00,11.57588829573542,11.765821367658717,11.315980383280221,11.335973739624023,3876800,0.0,0.0
2021-10-11 00:00:00-04:00,11.33597405075729,11.555896209896689,11.196023412516631,11.21601676940918,1865700,0.0,0.0
2021-10-12 00:00:00-04:00,11.196023478082111,11.605877763422251,11.10605527821023,11.465928077697754,3727000,0.0,0.0
2021-10-13 00:00:00-04:00,11.605877295307847,12.485564948199745,11.605877295307847,12.20566463470459,6119900,0.0,0.0
2021-10-14 00:00:00-04:00,12.555540935562934,12.645508179860347,12.30562969917569,12.595526695251465,4759100,0.0,0.0
2021-10-15 00:00:00-04:00,12.355610623649099,12.555540366363749,12.175675189875848,12.255646705627441,4131200,0.0,0.0
2021-10-18 00:00:00-04:00,12.255646847962014,12.365607445063597,12.095703814601283,12.10569953918457,2736000,0.0,0.0
2021-10-19 00:00:00-04:00,12.84543797736028,12.84543797736028,12.355611227762669,12.485565185546875,3920000,0.0,0.0
2021-10-20 00:00:00-04:00,12.665501607266615,13.035370124789763,12.495561889305208,12.845438003540039,4302300,0.0,0.0
2021-10-21 00:00:00-04:00,12.715483741934896,13.065358894481461,12.66550130490376,12.965394973754883,3011900,0.0,0.0
2021-10-22 00:00:00-04:00,13.325266925269716,13.785103634123836,13.035369931861839,13.105344772338867,6324200,0.0,0.0
2021-10-25 00:00:00-04:00,13.295278078464479,13.55518599529718,13.015377758286956,13.385246276855469,4560300,0.0,0.0
2021-10-26 00:00:00-04:00,13.195312561316321,13.365252271510235,13.065358609207113,13.265288352966309,3605000,0.0,0.0
2021-10-27 00:00:00-04:00,13.14533006429246,13.51519951652685,13.075355226303307,13.1953125,2670000,0.0,0.0
2021-10-28 00:00:00-04:00,13.27528481361708,13.38524636944928,13.06535933369783,13.165324211120605,3368100,0.0,0.0
2021-10-29 00:00:00-04:00,12.94540191364872,12.955398591950694,12.665501594543457,12.665501594543457,4319400,0.0,0.0
2021-11-01 00:00:00-04:00,12.705486745198654,13.005380406528225,12.595526149156601,12.905415534973145,2233600,0.0,0.0
2021-11-02 00:00:00-04:00,12.70548692695822,12.715483604923868,12.495561456357978,12.6455078125,2734600,0.0,0.0
2021-11-03 00:00:00-04:00,12.375604653351147,12.785458932236644,12.305629811590906,12.73547649383545,3921700,0.0,0.0
2021-11-04 00:00:00-04:00,13.045366518172731,13.295277750500423,12.645507974447005,12.675498008728027,6737100,0.0,0.0
2021-11-05 00:00:00-04:00,12.735476637491017,13.425232197869324,12.675498473401609,13.41523551940918,4905400,0.0,0.0
2021-11-08 00:00:00-05:00,13.60516730074639,13.845082811067517,13.385246100177605,13.825089454650879,4198100,0.0,0.0
2021-11-09 00:00:00-05:00,13.805097419151513,13.865075583327025,13.255292496418756,13.775107383728027,3891300,0.0,0.0
2021-11-10 00:00:00-05:00,14.294922798352127,14.664791310863972,13.835086088922539,13.935050010681152,6689300,0.0,0.0
2021-11-11 00:00:00-05:00,14.324911985353404,14.354901066768925,13.85507859427694,13.895064353942871,5376000,0.0,0.0
2021-11-12 00:00:00-05:00,13.755114089247922,14.075000153028121,13.685138297794252,13.84508228302002,3790800,0.0,0.0
2021-11-15 00:00:00-05:00,13.835085971127304,13.955043248217718,13.62516049788516,13.795100212097168,3698800,0.0,0.0
2021-11-16 00:00:00-05:00,13.859999656677246,13.899999618530273,13.430000305175781,13.470000267028809,3422600,0.0049,0.0
2021-11-17 00:00:00-05:00,13.630000114440918,13.9399995803833,13.510000228881836,13.569999694824219,2829100,0.0,0.0
2021-11-18 00:00:00-05:00,13.449999809265137,13.5600004196167,13.180000305175781,13.279999732971191,2520900,0.0,0.0
2021-11-19 00:00:00-05:00,13.1899995803833,13.470000267028809,12.880000114440918,12.880000114440918,2695600,0.0,0.0
2021-11-22 00:00:00-05:00,12.5,12.789999961853027,12.199999809265137,12.600000381469727,4253900,0.0,0.0
2021-11-23 00:00:00-05:00,12.270000457763672,12.520000457763672,12.079999923706055,12.390000343322754,3638200,0.0,0.0
2021-11-24 00:00:00-05:00,12.279999732971191,12.630000114440918,12.260000228881836,12.510000228881836,2367100,0.0,0.0
2021-11-26 00:00:00-05:00,12.399999618530273,12.4399995803833,11.510000228881836,11.90999984741211,4900200,0.0,0.0
2021-11-29 00:00:00-05:00,11.819999694824219,12.34000015258789,11.489999771118164,12.270000457763672,11712600,0.0,0.0
2021-11-30 00:00:00-05:00,12.270000457763672,12.670000076293945,11.640000343322754,11.920000076293945,13839500,0.0,0.0
2021-12-01 00:00:00-05:00,12.010000228881836,12.15999984741211,11.140000343322754,11.170000076293945,7746800,0.0,0.0
2021-12-02 00:00:00-05:00,11.260000228881836,11.279999732971191,10.779999732971191,11.050000190734863,5711500,0.0,0.0
2021-12-03 00:00:00-05:00,11.029999732971191,11.09000015258789,10.619999885559082,10.850000381469727,5371500,0.0,0.0
2021-12-06 00:00:00-05:00,10.680000305175781,11.050000190734863,10.470000267028809,11.010000228881836,4011500,0.0,0.0
2021-12-07 00:00:00-05:00,11.180000305175781,11.489999771118164,11.140000343322754,11.380000114440918,4224700,0.0,0.0
2021-12-08 00:00:00-05:00,11.390000343322754,11.579999923706055,11.180000305175781,11.449999809265137,2673700,0.0,0.0
2021-12-09 00:00:00-05:00,11.1899995803833,11.25,10.850000381469727,10.880000114440918,3966900,0.0,0.0
2021-12-10 00:00:00-05:00,10.960000038146973,11.039999961853027,10.680000305175781,10.710000038146973,3718800,0.0,0.0
2021-12-13 00:00:00-05:00,10.729999542236328,10.920000076293945,10.569999694824219,10.640000343322754,3706800,0.0,0.0
2021-12-14 00:00:00-05:00,10.390000343322754,10.609999656677246,10.239999771118164,10.359999656677246,4060700,0.0,0.0
2021-12-15 00:00:00-05:00,10.229999542236328,10.449999809265137,9.859999656677246,10.350000381469727,6051900,0.0,0.0
2021-12-16 00:00:00-05:00,10.720000267028809,10.979999542236328,10.619999885559082,10.789999961853027,5484500,0.0,0.0
2021-12-17 00:00:00-05:00,10.890000343322754,11.100000381469727,10.739999771118164,10.850000381469727,6834200,0.0,0.0
2021-12-20 00:00:00-05:00,10.6899995803833,10.899999618530273,10.619999885559082,10.859999656677246,3088300,0.0,0.0
2021-12-21 00:00:00-05:00,11.039999961853027,11.25,10.930000305175781,11.149999618530273,3774000,0.0,0.0
2021-12-22 00:00:00-05:00,11.149999618530273,11.420000076293945,11.029999732971191,11.390000343322754,2718800,0.0,0.0
2021-12-23 00:00:00-05:00,11.300000190734863,11.609999656677246,11.210000038146973,11.539999961853027,4315000,0.0,0.0
2021-12-27 00:00:00-05:00,11.5,11.699999809265137,11.369999885559082,11.460000038146973,3466100,0.0,0.0
2021-12-28 00:00:00-05:00,11.489999771118164,11.6899995803833,11.380000114440918,11.449999809265137,2833000,0.0,0.0
2021-12-29 00:00:00-05:00,11.229999542236328,11.25,10.729999542236328,10.779999732971191,5021400,0.0,0.0
2021-12-30 00:00:00-05:00,10.829999923706055,11.210000038146973,10.739999771118164,11.039999961853027,3723300,0.0,0.0
2021-12-31 00:00:00-05:00,11.109999656677246,11.25,10.979999542236328,11.109999656677246,2900300,0.0,0.0
2022-01-03 00:00:00-05:00,10.970000267028809,11.029999732971191,10.640000343322754,10.920000076293945,2722600,0.0,0.0
2022-01-04 00:00:00-05:00,11.039999961853027,11.210000038146973,10.819999694824219,10.960000038146973,3741200,0.0,0.0
2022-01-05 00:00:00-05:00,11.079999923706055,11.380000114440918,10.59000015258789,10.630000114440918,5177100,0.0,0.0
2022-01-06 00:00:00-05:00,10.300000190734863,10.460000038146973,10.100000381469727,10.260000228881836,5096300,0.0,0.0
2022-01-07 00:00:00-05:00,10.329999923706055,10.489999771118164,10.130000114440918,10.319999694824219,3738100,0.0,0.0
2022-01-10 00:00:00-05:00,10.3100004196167,10.420000076293945,10.09000015258789,10.420000076293945,3185600,0.0,0.0
2022-01-11 00:00:00-05:00,10.40999984741211,10.850000381469727,10.329999923706055,10.84000015258789,3213100,0.0,0.0
2022-01-12 00:00:00-05:00,10.9399995803833,11.180000305175781,10.850000381469727,11.140000343322754,3068000,0.0,0.0
2022-01-13 00:00:00-05:00,11.109999656677246,11.270000457763672,10.890000343322754,10.90999984741211,2807200,0.0,0.0
2022-01-14 00:00:00-05:00,10.819999694824219,10.880000114440918,10.510000228881836,10.699999809265137,3141000,0.0,0.0
2022-01-18 00:00:00-05:00,10.729999542236328,10.960000038146973,10.4399995803833,10.539999961853027,5580200,0.0,0.0
2022-01-19 00:00:00-05:00,10.850000381469727,12.010000228881836,10.75,11.880000114440918,11519900,0.0,0.0
2022-01-20 00:00:00-05:00,11.979999542236328,12.119999885559082,11.619999885559082,11.649999618530273,8582400,0.0,0.0
2022-01-21 00:00:00-05:00,11.720000267028809,11.729999542236328,10.949999809265137,10.989999771118164,6895800,0.0,0.0
2022-01-24 00:00:00-05:00,10.699999809265137,10.739999771118164,9.819999694824219,10.430000305175781,9737300,0.0,0.0
2022-01-25 00:00:00-05:00,10.199999809265137,10.59000015258789,10.149999618530273,10.510000228881836,4387400,0.0,0.0
2022-01-26 00:00:00-05:00,10.380000114440918,10.760000228881836,10.09000015258789,10.210000038146973,6917200,0.0,0.0
2022-01-27 00:00:00-05:00,9.9399995803833,10.09000015258789,9.539999961853027,9.550000190734863,7852500,0.0,0.0
2022-01-28 00:00:00-05:00,9.460000038146973,9.569999694824219,9.289999961853027,9.539999961853027,4974800,0.0,0.0
2022-01-31 00:00:00-05:00,9.670000076293945,10.170000076293945,9.579999923706055,10.15999984741211,4333900,0.0,0.0
2022-02-01 00:00:00-05:00,10.329999923706055,10.569999694824219,10.149999618530273,10.319999694824219,5198300,0.0,0.0
2022-02-02 00:00:00-05:00,10.390000343322754,10.449999809265137,10.069999694824219,10.079999923706055,4420700,0.0,0.0
2022-02-03 00:00:00-05:00,9.890000343322754,10.0600004196167,9.640000343322754,9.84000015258789,4602300,0.0,0.0
2022-02-04 00:00:00-05:00,9.760000228881836,10.069999694824219,9.6899995803833,9.880000114440918,3252600,0.0,0.0
2022-02-07 00:00:00-05:00,10.050000190734863,10.630000114440918,10.010000228881836,10.539999961853027,4245900,0.0,0.0
2022-02-08 00:00:00-05:00,10.510000228881836,10.819999694824219,10.420000076293945,10.779999732971191,3105000,0.0,0.0
2022-02-09 00:00:00-05:00,10.729999542236328,10.949999809265137,10.65999984741211,10.770000457763672,2993600,0.0,0.0
2022-02-10 00:00:00-05:00,10.630000114440918,11.130000114440918,10.479999542236328,10.529999732971191,5258600,0.0,0.0
2022-02-11 00:00:00-05:00,10.5600004196167,11.3100004196167,10.539999961853027,11.1899995803833,6264700,0.0,0.0
2022-02-14 00:00:00-05:00,11.319999694824219,11.510000228881836,11.210000038146973,11.329999923706055,5344700,0.0,0.0
2022-02-15 00:00:00-05:00,10.949999809265137,11.510000228881836,10.819999694824219,11.5,3978500,0.0,0.0
2022-02-16 00:00:00-05:00,11.569999694824219,11.90999984741211,11.5,11.880000114440918,5353600,0.0,0.0
2022-02-17 00:00:00-05:00,12.050000190734863,12.270000457763672,11.859999656677246,12.09000015258789,7937700,0.0,0.0
2022-02-18 00:00:00-05:00,12.09000015258789,12.170000076293945,11.550000190734863,11.65999984741211,6225800,0.0,0.0
2022-02-22 00:00:00-05:00,11.789999961853027,11.890000343322754,11.300000190734863,11.399999618530273,5128100,0.0,0.0
2022-02-23 00:00:00-05:00,11.460000038146973,11.9399995803833,11.40999984741211,11.630000114440918,5252300,0.0,0.0
2022-02-24 00:00:00-05:00,12.149999618530273,12.300000190734863,11.0600004196167,11.359999656677246,10477500,0.0,0.0
2022-02-25 00:00:00-05:00,11.149999618530273,11.350000381469727,10.829999923706055,11.3100004196167,6516500,0.0,0.0
2022-02-28 00:00:00-05:00,11.489999771118164,11.510000228881836,11.050000190734863,11.239999771118164,5155600,0.0,0.0
2022-03-01 00:00:00-05:00,11.350000381469727,12.220000267028809,11.34000015258789,12.180000305175781,7462300,0.0,0.0
2022-03-02 00:00:00-05:00,11.949999809265137,12.0600004196167,11.710000038146973,12.020000457763672,6293400,0.0,0.0
2022-03-03 00:00:00-05:00,12.0600004196167,12.149999618530273,11.640000343322754,11.850000381469727,4890700,0.0,0.0
2022-03-04 00:00:00-05:00,11.890000343322754,12.380000114440918,11.859999656677246,12.220000267028809,9390600,0.0,0.0
2022-03-07 00:00:00-05:00,12.25,12.850000381469727,12.020000457763672,12.510000228881836,10938800,0.0,0.0
2022-03-08 00:00:00-05:00,12.90999984741211,14.020000457763672,12.8100004196167,13.130000114440918,18227500,0.0,0.0
2022-03-09 00:00:00-05:00,12.5600004196167,12.930000305175781,12.319999694824219,12.779999732971191,8125100,0.0,0.0
2022-03-10 00:00:00-05:00,12.979999542236328,13.890000343322754,12.90999984741211,13.699999809265137,10427500,0.0,0.0
2022-03-11 00:00:00-05:00,13.140000343322754,13.569999694824219,13.050000190734863,13.390000343322754,8341700,0.0,0.0
2022-03-14 00:00:00-04:00,13.0,13.260000228881836,12.710000038146973,12.869999885559082,6882800,0.0,0.0
2022-03-15 00:00:00-04:00,12.369999885559082,13.619999885559082,12.260000228881836,13.300000190734863,7642000,0.0,0.0
2022-03-16 00:00:00-04:00,13.130000114440918,13.529999732971191,12.960000038146973,13.489999771118164,6719300,0.0,0.0
2022-03-17 00:00:00-04:00,13.75,14.489999771118164,13.65999984741211,13.949999809265137,6998600,0.0,0.0
2022-03-18 00:00:00-04:00,13.869999885559082,14.079999923706055,13.579999923706055,13.829999923706055,8180200,0.0,0.0
2022-03-21 00:00:00-04:00,13.859999656677246,14.369999885559082,13.859999656677246,14.020000457763672,4889500,0.0,0.0
2022-03-22 00:00:00-04:00,14.0,14.09000015258789,13.550000190734863,13.789999961853027,4130600,0.0,0.0
2022-03-23 00:00:00-04:00,13.920000076293945,14.079999923706055,13.65999984741211,13.930000305175781,5237900,0.0,0.0
2022-03-24 00:00:00-04:00,14.09000015258789,14.470000267028809,13.869999885559082,13.920000076293945,7221100,0.0,0.0
2022-03-25 00:00:00-04:00,13.770000457763672,13.880000114440918,13.579999923706055,13.869999885559082,4281200,0.0,0.0
2022-03-28 00:00:00-04:00,13.600000381469727,13.720000267028809,13.260000228881836,13.359999656677246,6031400,0.0,0.0
2022-03-29 00:00:00-04:00,12.850000381469727,13.40999984741211,12.550000190734863,13.359999656677246,5750600,0.0,0.0
2022-03-30 00:00:00-04:00,13.420000076293945,13.770000457763672,13.239999771118164,13.359999656677246,4125800,0.0,0.0
2022-03-31 00:00:00-04:00,13.369999885559082,13.600000381469727,13.119999885559082,13.15999984741211,4137500,0.0,0.0
2022-04-01 00:00:00-04:00,13.069999694824219,13.600000381469727,13.020000457763672,13.579999923706055,3665000,0.0,0.0
2022-04-04 00:00:00-04:00,13.670000076293945,13.720000267028809,13.350000381469727,13.5600004196167,6060800,0.0,0.0
2022-04-05 00:00:00-04:00,13.65999984741211,13.989999771118164,12.90999984741211,12.960000038146973,6441400,0.0,0.0
2022-04-06 00:00:00-04:00,13.0,13.25,12.789999961853027,13.029999732971191,4100900,0.0,0.0
2022-04-07 00:00:00-04:00,13.020000457763672,13.3100004196167,12.920000076293945,13.170000076293945,3458100,0.0,0.0
2022-04-08 00:00:00-04:00,13.199999809265137,13.550000190734863,13.149999618530273,13.470000267028809,3903700,0.0,0.0
2022-04-11 00:00:00-04:00,13.779999732971191,13.850000381469727,13.260000228881836,13.470000267028809,5493000,0.0,0.0
2022-04-12 00:00:00-04:00,13.670000076293945,14.010000228881836,13.430000305175781,13.680000305175781,6407300,0.0,0.0
2022-04-13 00:00:00-04:00,13.859999656677246,14.300000190734863,13.819999694824219,14.25,5839600,0.0,0.0
2022-04-14 00:00:00-04:00,14.229999542236328,14.329999923706055,13.989999771118164,14.239999771118164,3803600,0.0,0.0
2022-04-18 00:00:00-04:00,14.5,14.59000015258789,13.869999885559082,13.890000343322754,7414500,0.0,0.0
2022-04-19 00:00:00-04:00,13.699999809265137,13.699999809265137,12.899999618530273,12.970000267028809,8639600,0.0,0.0
2022-04-20 00:00:00-04:00,12.859999656677246,13.100000381469727,12.680000305175781,13.050000190734863,5086500,0.0,0.0
2022-04-21 00:00:00-04:00,12.859999656677246,12.930000305175781,12.109999656677246,12.25,8185700,0.0,0.0
2022-04-22 00:00:00-04:00,12.0,12.279999732971191,11.600000381469727,11.699999809265137,5862800,0.0,0.0
2022-04-25 00:00:00-04:00,11.199999809265137,11.390000343322754,10.819999694824219,11.119999885559082,7977700,0.0,0.0
2022-04-26 00:00:00-04:00,11.15999984741211,11.270000457763672,10.600000381469727,10.609999656677246,4304900,0.0,0.0
2022-04-27 00:00:00-04:00,10.65999984741211,10.789999961853027,10.380000114440918,10.390000343322754,4841600,0.0,0.0
2022-04-28 00:00:00-04:00,10.34000015258789,10.720000267028809,10.229999542236328,10.630000114440918,6265900,0.0,0.0
2022-04-29 00:00:00-04:00,10.729999542236328,10.819999694824219,10.270000457763672,10.300000190734863,5328600,0.0,0.0
2022-05-02 00:00:00-04:00,10.010000228881836,10.180000305175781,9.800000190734863,10.170000076293945,6674800,0.0,0.0
2022-05-03 00:00:00-04:00,10.119999885559082,10.489999771118164,10.119999885559082,10.399999618530273,4705700,0.0,0.0
2022-05-04 00:00:00-04:00,10.40999984741211,10.6899995803833,10.109999656677246,10.640000343322754,5350800,0.0,0.0
2022-05-05 00:00:00-04:00,10.729999542236328,10.770000457763672,9.729999542236328,9.880000114440918,6684800,0.0,0.0
2022-05-06 00:00:00-04:00,9.819999694824219,9.890000343322754,9.420000076293945,9.479999542236328,6689800,0.0,0.0
2022-05-09 00:00:00-04:00,9.1899995803833,9.229999542236328,8.5,8.529999732971191,9728200,0.0,0.0
2022-05-10 00:00:00-04:00,8.819999694824219,8.84000015258789,8.15999984741211,8.350000381469727,7364600,0.0,0.0
2022-05-11 00:00:00-04:00,8.579999923706055,8.829999923706055,8.170000076293945,8.229999542236328,9146700,0.0,0.0
2022-05-12 00:00:00-04:00,8.100000381469727,8.100000381469727,7.239999771118164,7.429999828338623,14108700,0.0,0.0
2022-05-13 00:00:00-04:00,7.460000038146973,8.279999732971191,7.409999847412109,8.170000076293945,7827900,0.0,0.0
2022-05-16 00:00:00-04:00,8.279999732971191,8.319999694824219,8.039999961853027,8.130000114440918,7128500,0.0,0.0
2022-05-17 00:00:00-04:00,8.319999694824219,8.4399995803833,8.140000343322754,8.289999961853027,6543000,0.0,0.0
2022-05-18 00:00:00-04:00,8.220000267028809,8.239999771118164,7.829999923706055,7.829999923706055,5888000,0.0,0.0
2022-05-19 00:00:00-04:00,8.100000381469727,8.5600004196167,8.020000457763672,8.34000015258789,9137900,0.0,0.0
2022-05-20 00:00:00-04:00,8.4399995803833,8.5,8.100000381469727,8.300000190734863,6208200,0.0,0.0
2022-05-23 00:00:00-04:00,8.460000038146973,8.520000457763672,8.130000114440918,8.25,4864900,0.0,0.0
2022-05-24 00:00:00-04:00,8.289999961853027,8.390000343322754,8.0,8.239999771118164,6201900,0.0,0.0
2022-05-25 00:00:00-04:00,8.039999961853027,8.199999809265137,7.960000038146973,8.15999984741211,4696200,0.0,0.0
2022-05-26 00:00:00-04:00,8.109999656677246,8.319999694824219,8.069999694824219,8.3100004196167,5168800,0.0,0.0
2022-05-27 00:00:00-04:00,8.489999771118164,8.5600004196167,8.300000190734863,8.390000343322754,4509800,0.0,0.0
2022-05-31 00:00:00-04:00,8.350000381469727,8.510000228881836,7.900000095367432,7.96999979019165,6415200,0.0,0.0
2022-06-01 00:00:00-04:00,8.109999656677246,8.460000038146973,8.09000015258789,8.229999542236328,6636100,0.0,0.0
2022-06-02 00:00:00-04:00,8.380000114440918,9.170000076293945,8.380000114440918,9.09000015258789,7937600,0.0,0.0
2022-06-03 00:00:00-04:00,8.960000038146973,9.069999694824219,8.760000228881836,8.850000381469727,6152700,0.0,0.0
2022-06-06 00:00:00-04:00,9.149999618530273,9.279999732971191,8.670000076293945,8.760000228881836,5793700,0.0,0.0
2022-06-07 00:00:00-04:00,8.670000076293945,8.829999923706055,8.550000190734863,8.760000228881836,4467000,0.0,0.0
2022-06-08 00:00:00-04:00,8.6899995803833,8.899999618530273,8.5600004196167,8.779999732971191,3066900,0.0,0.0
2022-06-09 00:00:00-04:00,8.729999542236328,8.729999542236328,8.34000015258789,8.359999656677246,5539200,0.0,0.0
2022-06-10 00:00:00-04:00,8.100000381469727,8.949999809265137,8.029999732971191,8.90999984741211,8008700,0.0,0.0
2022-06-13 00:00:00-04:00,8.430000305175781,8.5,7.929999828338623,7.940000057220459,8544900,0.0,0.0
2022-06-14 00:00:00-04:00,8.0,8.010000228881836,7.570000171661377,7.710000038146973,5062400,0.0,0.0
2022-06-15 00:00:00-04:00,7.929999828338623,8.170000076293945,7.670000076293945,7.980000019073486,8252200,0.0,0.0
2022-06-16 00:00:00-04:00,7.800000190734863,8.140000343322754,7.650000095367432,8.020000457763672,6196100,0.0,0.0
2022-06-17 00:00:00-04:00,7.909999847412109,7.980000019073486,7.710000038146973,7.920000076293945,6781700,0.0,0.0
2022-06-21 00:00:00-04:00,7.940000057220459,8.359999656677246,7.880000114440918,8.079999923706055,4212800,0.0,0.0
2022-06-22 00:00:00-04:00,7.989999771118164,8.170000076293945,7.809999942779541,7.820000171661377,3309600,0.0,0.0
2022-06-23 00:00:00-04:00,7.78000020980835,7.909999847412109,7.409999847412109,7.579999923706055,6577700,0.0,0.0
2022-06-24 00:00:00-04:00,7.570000171661377,8.0600004196167,7.539999961853027,8.010000228881836,4590400,0.0,0.0
2022-06-27 00:00:00-04:00,8.119999885559082,8.199999809265137,7.940000057220459,8.09000015258789,4351200,0.0,0.0
2022-06-28 00:00:00-04:00,8.100000381469727,8.170000076293945,7.630000114440918,7.71999979019165,4725600,0.0,0.0
2022-06-29 00:00:00-04:00,7.800000190734863,7.869999885559082,7.400000095367432,7.539999961853027,5045200,0.0,0.0
2022-06-30 00:00:00-04:00,7.46999979019165,7.539999961853027,7.059999942779541,7.179999828338623,6152200,0.0,0.0
2022-07-01 00:00:00-04:00,7.010000228881836,7.550000190734863,6.929999828338623,7.429999828338623,5746400,0.0,0.0
2022-07-05 00:00:00-04:00,7.110000133514404,7.159999847412109,6.550000190734863,6.860000133514404,9329400,0.0,0.0
2022-07-06 00:00:00-04:00,6.909999847412109,6.929999828338623,6.599999904632568,6.849999904632568,5674800,0.0,0.0
2022-07-07 00:00:00-04:00,6.920000076293945,7.340000152587891,6.920000076293945,7.139999866485596,6084700,0.0,0.0
2022-07-08 00:00:00-04:00,7.199999809265137,7.300000190734863,6.909999847412109,7.070000171661377,4553700,0.0,0.0
2022-07-11 00:00:00-04:00,6.929999828338623,7.119999885559082,6.869999885559082,6.909999847412109,4497600,0.0,0.0
2022-07-12 00:00:00-04:00,6.849999904632568,7.019999980926514,6.639999866485596,6.809999942779541,7796000,0.0,0.0
2022-07-13 00:00:00-04:00,6.690000057220459,7.340000152587891,6.690000057220459,7.159999847412109,8213900,0.0,0.0
2022-07-14 00:00:00-04:00,6.679999828338623,6.900000095367432,6.46999979019165,6.889999866485596,9962500,0.0,0.0
2022-07-15 00:00:00-04:00,7.019999980926514,7.079999923706055,6.639999866485596,6.889999866485596,5944500,0.0,0.0
2022-07-18 00:00:00-04:00,7.090000152587891,7.260000228881836,7.050000190734863,7.070000171661377,3908300,0.0,0.0
2022-07-19 00:00:00-04:00,7.119999885559082,7.28000020980835,7.050000190734863,7.139999866485596,5665900,0.0,0.0
2022-07-20 00:00:00-04:00,7.210000038146973,7.380000114440918,7.010000228881836,7.03000020980835,4214200,0.0,0.0
2022-07-21 00:00:00-04:00,7.019999980926514,7.019999980926514,6.659999847412109,6.769999980926514,11098000,0.0,0.0
2022-07-22 00:00:00-04:00,6.800000190734863,7.230000019073486,6.630000114440918,6.650000095367432,7985900,0.0,0.0
2022-07-25 00:00:00-04:00,6.630000114440918,6.670000076293945,6.309999942779541,6.539999961853027,8032400,0.0,0.0
2022-07-26 00:00:00-04:00,6.550000190734863,6.75,6.510000228881836,6.679999828338623,5014200,0.0,0.0
2022-07-27 00:00:00-04:00,6.690000057220459,7.150000095367432,6.650000095367432,7.130000114440918,7504100,0.0,0.0
2022-07-28 00:00:00-04:00,7.460000038146973,7.539999961853027,7.159999847412109,7.46999979019165,8209700,0.0,0.0
2022-07-29 00:00:00-04:00,7.539999961853027,7.71999979019165,7.300000190734863,7.659999847412109,5671800,0.0,0.0
2022-08-01 00:00:00-04:00,7.710000038146973,7.769999980926514,7.510000228881836,7.71999979019165,4408000,0.0,0.0
2022-08-02 00:00:00-04:00,7.679999828338623,7.889999866485596,7.559999942779541,7.590000152587891,5113100,0.0,0.0
2022-08-03 00:00:00-04:00,7.579999923706055,7.599999904632568,7.25,7.369999885559082,6690500,0.0,0.0
2022-08-04 00:00:00-04:00,7.5,8.25,7.420000076293945,8.050000190734863,7629300,0.0,0.0
2022-08-05 00:00:00-04:00,7.690000057220459,8.050000190734863,7.5,8.050000190734863,6166200,0.0,0.0
2022-08-08 00:00:00-04:00,8.279999732971191,8.520000457763672,8.25,8.420000076293945,6094800,0.0,0.0
2022-08-09 00:00:00-04:00,8.4399995803833,8.479999542236328,8.079999923706055,8.289999961853027,3514700,0.0,0.0
2022-08-10 00:00:00-04:00,8.479999542236328,8.609999656677246,8.279999732971191,8.449999809265137,4517200,0.0,0.0
2022-08-11 00:00:00-04:00,8.470000267028809,8.569999694824219,8.119999885559082,8.130000114440918,5550500,0.0,0.0
2022-08-12 00:00:00-04:00,8.229999542236328,8.470000267028809,8.15999984741211,8.369999885559082,6725400,0.0,0.0
2022-08-15 00:00:00-04:00,8.010000228881836,8.180000305175781,7.849999904632568,8.130000114440918,5147000,0.0,0.0
2022-08-16 00:00:00-04:00,8.050000190734863,8.180000305175781,7.96999979019165,8.09000015258789,3309800,0.0,0.0
2022-08-17 00:00:00-04:00,8.0,8.0,7.630000114440918,7.679999828338623,5619300,0.0,0.0
2022-08-18 00:00:00-04:00,7.760000228881836,7.889999866485596,7.699999809265137,7.75,4406300,0.0,0.0
2022-08-19 00:00:00-04:00,7.590000152587891,7.630000114440918,7.420000076293945,7.440000057220459,4113400,0.0,0.0
2022-08-22 00:00:00-04:00,7.260000228881836,7.409999847412109,7.190000057220459,7.340000152587891,4615800,0.0,0.0
2022-08-23 00:00:00-04:00,7.360000133514404,7.849999904632568,7.360000133514404,7.690000057220459,6357200,0.0,0.0
2022-08-24 00:00:00-04:00,7.659999847412109,8.0,7.559999942779541,7.989999771118164,4278900,0.0,0.0
2022-08-25 00:00:00-04:00,8.09000015258789,8.15999984741211,7.929999828338623,8.0,3012500,0.0,0.0
2022-08-26 00:00:00-04:00,8.020000457763672,8.100000381469727,7.510000228881836,7.599999904632568,5473400,0.0,0.0
2022-08-29 00:00:00-04:00,7.46999979019165,7.789999961853027,7.440000057220459,7.53000020980835,3484000,0.0,0.0
2022-08-30 00:00:00-04:00,7.53000020980835,7.579999923706055,7.260000228881836,7.289999961853027,4708100,0.0,0.0
2022-08-31 00:00:00-04:00,7.269999980926514,7.460000038146973,7.190000057220459,7.28000020980835,4234300,0.0,0.0
2022-09-01 00:00:00-04:00,7.150000095367432,7.170000076293945,6.940000057220459,7.0,5994200,0.0,0.0
2022-09-02 00:00:00-04:00,7.239999771118164,7.46999979019165,7.070000171661377,7.320000171661377,5569800,0.0,0.0
2022-09-06 00:00:00-04:00,7.400000095367432,7.550000190734863,7.150000095367432,7.150000095367432,5963800,0.0,0.0
2022-09-07 00:00:00-04:00,7.139999866485596,7.650000095367432,7.039999961853027,7.639999866485596,6215600,0.0,0.0
2022-09-08 00:00:00-04:00,7.539999961853027,7.800000190734863,7.510000228881836,7.789999961853027,6010100,0.0,0.0
2022-09-09 00:00:00-04:00,7.960000038146973,8.050000190734863,7.789999961853027,8.039999961853027,5005900,0.0,0.0
2022-09-12 00:00:00-04:00,8.380000114440918,8.699999809265137,8.329999923706055,8.470000267028809,8107800,0.0,0.0
2022-09-13 00:00:00-04:00,8.069999694824219,8.279999732971191,7.909999847412109,7.920000076293945,6733500,0.0,0.0
2022-09-14 00:00:00-04:00,8.069999694824219,8.109999656677246,7.889999866485596,7.920000076293945,5539400,0.0,0.0
2022-09-15 00:00:00-04:00,7.820000171661377,8.050000190734863,7.590000152587891,7.710000038146973,7276300,0.0,0.0
2022-09-16 00:00:00-04:00,7.519999980926514,7.889999866485596,7.409999847412109,7.670000076293945,9218500,0.0,0.0
2022-09-19 00:00:00-04:00,7.579999923706055,7.900000095367432,7.460000038146973,7.889999866485596,5654500,0.0,0.0
2022-09-20 00:00:00-04:00,7.739999771118164,7.739999771118164,7.460000038146973,7.559999942779541,8616600,0.0,0.0
2022-09-21 00:00:00-04:00,7.650000095367432,7.900000095367432,7.429999828338623,7.610000133514404,8980000,0.0,0.0
2022-09-22 00:00:00-04:00,7.679999828338623,7.809999942779541,7.309999942779541,7.340000152587891,5933400,0.0,0.0
2022-09-23 00:00:00-04:00,7.010000228881836,7.090000152587891,6.619999885559082,6.730000019073486,9343900,0.0,0.0
2022-09-26 00:00:00-04:00,6.699999809265137,6.840000152587891,6.440000057220459,6.539999961853027,9529500,0.0,0.0
2022-09-27 00:00:00-04:00,6.739999771118164,6.829999923706055,6.570000171661377,6.579999923706055,6497900,0.0,0.0
2022-09-28 00:00:00-04:00,6.75,7.269999980926514,6.71999979019165,7.260000228881836,10516200,0.0,0.0
2022-09-29 00:00:00-04:00,7.119999885559082,7.28000020980835,6.949999809265137,7.25,6874900,0.0,0.0
2022-09-30 00:00:00-04:00,7.210000038146973,7.78000020980835,7.170000076293945,7.619999885559082,8433300,0.0,0.0
2022-10-03 00:00:00-04:00,8.0,8.460000038146973,7.940000057220459,8.390000343322754,12302700,0.0,0.0
2022-10-04 00:00:00-04:00,8.579999923706055,8.9399995803833,8.460000038146973,8.720000267028809,12514100,0.0,0.0
2022-10-05 00:00:00-04:00,8.390000343322754,8.720000267028809,8.220000267028809,8.699999809265137,9290000,0.0,0.0
2022-10-06 00:00:00-04:00,8.65999984741211,9.029999732971191,8.59000015258789,8.989999771118164,9482800,0.0,0.0
2022-10-07 00:00:00-04:00,8.710000038146973,8.800000190734863,8.220000267028809,8.229999542236328,8647900,0.0,0.0
2022-10-10 00:00:00-04:00,8.0600004196167,8.3100004196167,7.900000095367432,8.199999809265137,5415000,0.0,0.0
2022-10-11 00:00:00-04:00,8.149999618530273,8.489999771118164,8.020000457763672,8.170000076293945,8253900,0.0,0.0
2022-10-12 00:00:00-04:00,8.199999809265137,8.470000267028809,8.029999732971191,8.449999809265137,7794400,0.0,0.0
2022-10-13 00:00:00-04:00,8.010000228881836,8.239999771118164,7.650000095367432,8.1899995803833,9540400,0.0,0.0
2022-10-14 00:00:00-04:00,8.109999656677246,8.130000114440918,7.559999942779541,7.599999904632568,8495000,0.0,0.0
2022-10-17 00:00:00-04:00,7.909999847412109,8.1899995803833,7.730000019073486,7.800000190734863,6922700,0.0,0.0
2022-10-18 00:00:00-04:00,7.989999771118164,8.029999732971191,7.670000076293945,7.889999866485596,7271500,0.0,0.0
2022-10-19 00:00:00-04:00,7.699999809265137,7.699999809265137,7.400000095367432,7.429999828338623,7361500,0.0,0.0
2022-10-20 00:00:00-04:00,7.46999979019165,8.039999961853027,7.409999847412109,7.840000152587891,8675900,0.0,0.0
2022-10-21 00:00:00-04:00,7.829999923706055,8.479999542236328,7.769999980926514,8.449999809265137,9556900,0.0,0.0
2022-10-24 00:00:00-04:00,8.34000015258789,8.390000343322754,8.09000015258789,8.319999694824219,5755600,0.0,0.0
2022-10-25 00:00:00-04:00,8.300000190734863,8.520000457763672,8.270000457763672,8.380000114440918,6419700,0.0,0.0
2022-10-26 00:00:00-04:00,8.550000190734863,8.899999618530273,8.510000228881836,8.6899995803833,7316600,0.0,0.0
2022-10-27 00:00:00-04:00,8.640000343322754,8.789999961853027,8.420000076293945,8.470000267028809,6354800,0.0,0.0
2022-10-28 00:00:00-04:00,8.3100004196167,8.40999984741211,8.109999656677246,8.399999618530273,4290700,0.0,0.0
2022-10-31 00:00:00-04:00,8.210000038146973,8.479999542236328,8.15999984741211,8.430000305175781,5807100,0.0,0.0
2022-11-01 00:00:00-04:00,8.829999923706055,9.119999885559082,8.600000381469727,8.6899995803833,6479200,0.0,0.0
2022-11-02 00:00:00-04:00,8.739999771118164,8.800000190734863,8.010000228881836,8.050000190734863,8753000,0.0,0.0
2022-11-03 00:00:00-04:00,7.929999828338623,8.220000267028809,7.829999923706055,8.079999923706055,5866500,0.0,0.0
2022-11-04 00:00:00-04:00,8.619999885559082,8.979999542236328,8.510000228881836,8.960000038146973,11065200,0.0,0.0
2022-11-07 00:00:00-05:00,9.029999732971191,9.300000190734863,8.859999656677246,9.029999732971191,8569600,0.0,0.0
2022-11-08 00:00:00-05:00,9.050000190734863,9.609999656677246,8.930000305175781,9.40999984741211,13882600,0.0,0.0
2022-11-09 00:00:00-05:00,9.270000457763672,9.630000114440918,8.869999885559082,8.960000038146973,7891400,0.0,0.0
2022-11-10 00:00:00-05:00,9.649999618530273,9.739999771118164,9.289999961853027,9.5600004196167,10111400,0.0,0.0
2022-11-11 00:00:00-05:00,9.5600004196167,9.609999656677246,9.239999771118164,9.479999542236328,8421700,0.0,0.0
2022-11-14 00:00:00-05:00,9.369999885559082,9.800000190734863,9.369999885559082,9.710000038146973,8300700,0.0,0.0
2022-11-15 00:00:00-05:00,9.789999961853027,9.8100004196167,9.09000015258789,9.199999809265137,8787600,0.0,0.0
2022-11-16 00:00:00-05:00,9.180000305175781,9.289999961853027,9.050000190734863,9.170000076293945,5555900,0.0,0.0
2022-11-17 00:00:00-05:00,8.90999984741211,9.119999885559082,8.720000267028809,9.039999961853027,4023100,0.0,0.0
2022-11-18 00:00:00-05:00,9.050000190734863,9.140000343322754,8.920000076293945,9.079999923706055,3741500,0.0,0.0
2022-11-21 00:00:00-05:00,8.989999771118164,9.140000343322754,8.8100004196167,9.119999885559082,4073100,0.0,0.0
2022-11-22 00:00:00-05:00,9.229999542236328,9.550000190734863,9.199999809265137,9.460000038146973,5535500,0.0,0.0
2022-11-23 00:00:00-05:00,9.420000076293945,9.649999618530273,9.25,9.619999885559082,5725600,0.0,0.0
2022-11-25 00:00:00-05:00,9.510000228881836,9.609999656677246,9.40999984741211,9.479999542236328,1893900,0.0,0.0
2022-11-28 00:00:00-05:00,9.380000114440918,9.420000076293945,8.710000038146973,8.739999771118164,5766800,0.0,0.0
2022-11-29 00:00:00-05:00,8.9399995803833,9.199999809265137,8.930000305175781,9.039999961853027,4859900,0.0,0.0
2022-11-30 00:00:00-05:00,9.270000457763672,9.430000305175781,8.899999618530273,9.289999961853027,8646100,0.0,0.0
2022-12-01 00:00:00-05:00,9.5,9.630000114440918,9.140000343322754,9.510000228881836,7845900,0.0,0.0
2022-12-02 00:00:00-05:00,9.229999542236328,9.670000076293945,9.140000343322754,9.539999961853027,5598900,0.0,0.0
2022-12-05 00:00:00-05:00,9.399999618530273,9.470000267028809,8.989999771118164,9.0,5532200,0.0,0.0
2022-12-06 00:00:00-05:00,9.100000381469727,9.15999984741211,8.84000015258789,8.880000114440918,4338400,0.0,0.0
2022-12-07 00:00:00-05:00,9.020000457763672,9.369999885559082,9.010000228881836,9.279999732971191,6467400,0.0,0.0
2022-12-08 00:00:00-05:00,9.449999809265137,9.520000457763672,9.09000015258789,9.130000114440918,5476100,0.0,0.0
2022-12-09 00:00:00-05:00,9.140000343322754,9.399999618530273,8.90999984741211,8.90999984741211,7022500,0.0,0.0
2022-12-12 00:00:00-05:00,8.829999923706055,8.880000114440918,8.649999618530273,8.859999656677246,4916300,0.0,0.0
2022-12-13 00:00:00-05:00,9.289999961853027,9.40999984741211,8.84000015258789,9.020000457763672,8180400,0.0,0.0
2022-12-14 00:00:00-05:00,9.0,9.109999656677246,8.789999961853027,8.979999542236328,6583900,0.0,0.0
2022-12-15 00:00:00-05:00,8.699999809265137,8.699999809265137,8.449999809265137,8.479999542236328,6503100,0.0,0.0
2022-12-16 00:00:00-05:00,8.460000038146973,8.640000343322754,8.319999694824219,8.569999694824219,7073100,0.0,0.0
2022-12-19 00:00:00-05:00,8.609999656677246,8.640000343322754,8.210000038146973,8.25,4844100,0.0,0.0
2022-12-20 00:00:00-05:00,8.510000228881836,8.869999885559082,8.449999809265137,8.6899995803833,6835100,0.0,0.0
2022-12-21 00:00:00-05:00,8.739999771118164,8.90999984741211,8.680000305175781,8.6899995803833,5135500,0.0,0.0
2022-12-22 00:00:00-05:00,8.539999961853027,8.739999771118164,8.319999694824219,8.729999542236328,5508800,0.0,0.0
2022-12-23 00:00:00-05:00,8.710000038146973,8.789999961853027,8.430000305175781,8.680000305175781,4362400,0.0,0.0
2022-12-27 00:00:00-05:00,8.729999542236328,9.050000190734863,8.670000076293945,8.850000381469727,3868400,0.0,0.0
2022-12-28 00:00:00-05:00,8.729999542236328,8.739999771118164,8.460000038146973,8.520000457763672,4030700,0.0,0.0
2022-12-29 00:00:00-05:00,8.680000305175781,8.710000038146973,8.420000076293945,8.4399995803833,5319300,0.0,0.0
2022-12-30 00:00:00-05:00,8.399999618530273,8.460000038146973,8.220000267028809,8.34000015258789,3976400,0.0,0.0
2023-01-03 00:00:00-05:00,8.569999694824219,8.880000114440918,8.34000015258789,8.40999984741211,5990000,0.0,0.0
2023-01-04 00:00:00-05:00,8.630000114440918,8.90999984741211,8.520000457763672,8.890000343322754,7788600,0.0,0.0
2023-01-05 00:00:00-05:00,8.630000114440918,8.680000305175781,8.430000305175781,8.670000076293945,5083900,0.0,0.0
2023-01-06 00:00:00-05:00,8.829999923706055,8.989999771118164,8.520000457763672,8.9399995803833,5707500,0.0,0.0
2023-01-09 00:00:00-05:00,9.010000228881836,9.069999694824219,8.710000038146973,8.739999771118164,5837900,0.0,0.0
2023-01-10 00:00:00-05:00,8.75,8.9399995803833,8.569999694824219,8.920000076293945,4765600,0.0,0.0
2023-01-11 00:00:00-05:00,9.0,9.029999732971191,8.729999542236328,8.760000228881836,3456600,0.0,0.0
2023-01-12 00:00:00-05:00,8.989999771118164,9.069999694824219,8.640000343322754,8.850000381469727,5969700,0.0,0.0
2023-01-13 00:00:00-05:00,8.800000190734863,8.989999771118164,8.760000228881836,8.770000457763672,7108600,0.0,0.0
2023-01-17 00:00:00-05:00,8.729999542236328,8.729999542236328,8.430000305175781,8.539999961853027,5029000,0.0,0.0
2023-01-18 00:00:00-05:00,8.710000038146973,8.779999732971191,8.359999656677246,8.359999656677246,5547900,0.0,0.0
2023-01-19 00:00:00-05:00,8.3100004196167,8.359999656677246,8.069999694824219,8.180000305175781,10560800,0.0,0.0
2023-01-20 00:00:00-05:00,8.069999694824219,8.130000114440918,7.789999961853027,8.0600004196167,7804600,0.0,0.0
2023-01-23 00:00:00-05:00,7.900000095367432,8.020000457763672,7.679999828338623,7.909999847412109,7671500,0.0,0.0
2023-01-24 00:00:00-05:00,7.900000095367432,8.100000381469727,7.760000228881836,8.050000190734863,5137200,0.0,0.0
2023-01-25 00:00:00-05:00,7.900000095367432,8.369999885559082,7.869999885559082,8.359999656677246,6582600,0.0,0.0
2023-01-26 00:00:00-05:00,8.380000114440918,8.40999984741211,8.119999885559082,8.1899995803833,6937900,0.0,0.0
2023-01-27 00:00:00-05:00,8.050000190734863,8.140000343322754,7.929999828338623,7.960000038146973,5986400,0.0,0.0
2023-01-30 00:00:00-05:00,7.909999847412109,8.100000381469727,7.849999904632568,7.880000114440918,5696300,0.0,0.0
2023-01-31 00:00:00-05:00,7.840000152587891,8.0,7.78000020980835,7.889999866485596,5078700,0.0,0.0
2023-02-01 00:00:00-05:00,7.880000114440918,8.199999809265137,7.760000228881836,8.130000114440918,6221600,0.0,0.0
2023-02-02 00:00:00-05:00,8.289999961853027,8.390000343322754,7.900000095367432,8.029999732971191,8531400,0.0,0.0
2023-02-03 00:00:00-05:00,7.789999961853027,7.929999828338623,7.650000095367432,7.679999828338623,7039000,0.0,0.0
2023-02-06 00:00:00-05:00,7.659999847412109,7.730000019073486,7.579999923706055,7.650000095367432,5071000,0.0,0.0
2023-02-07 00:00:00-05:00,7.690000057220459,7.789999961853027,7.510000228881836,7.610000133514404,5437400,0.0,0.0
2023-02-08 00:00:00-05:00,7.699999809265137,7.71999979019165,7.53000020980835,7.550000190734863,4296200,0.0,0.0
2023-02-09 00:00:00-05:00,7.639999866485596,7.679999828338623,7.329999923706055,7.380000114440918,5312900,0.0,0.0
2023-02-10 00:00:00-05:00,7.400000095367432,7.449999809265137,7.260000228881836,7.309999942779541,4303100,0.0,0.0
2023-02-13 00:00:00-05:00,7.21999979019165,7.340000152587891,7.170000076293945,7.260000228881836,4624800,0.0,0.0
2023-02-14 00:00:00-05:00,7.179999828338623,7.380000114440918,7.139999866485596,7.269999980926514,5784200,0.0,0.0
2023-02-15 00:00:00-05:00,7.099999904632568,7.130000114440918,6.960000038146973,7.130000114440918,6037400,0.0,0.0
2023-02-16 00:00:00-05:00,7.019999980926514,7.269999980926514,6.96999979019165,7.179999828338623,5987100,0.0,0.0
2023-02-17 00:00:00-05:00,7.079999923706055,7.179999828338623,6.960000038146973,7.159999847412109,6503800,0.0,0.0
2023-02-21 00:00:00-05:00,7.099999904632568,7.190000057220459,6.929999828338623,6.96999979019165,4875800,0.0,0.0
2023-02-22 00:00:00-05:00,6.920000076293945,6.980000019073486,6.869999885559082,6.960000038146973,6392300,0.0,0.0
2023-02-23 00:00:00-05:00,6.960000038146973,7.010000228881836,6.739999771118164,6.800000190734863,6431000,0.0,0.0
2023-02-24 00:00:00-05:00,6.570000171661377,6.570000171661377,5.900000095367432,5.980000019073486,14712200,0.0,0.0
2023-02-27 00:00:00-05:00,6.050000190734863,6.139999866485596,5.940000057220459,6.070000171661377,8219600,0.0,0.0
2023-02-28 00:00:00-05:00,6.03000020980835,6.150000095367432,5.949999809265137,6.099999904632568,9208200,0.0,0.0
2023-03-01 00:00:00-05:00,6.150000095367432,6.329999923706055,6.119999885559082,6.289999961853027,7814200,0.0,0.0
2023-03-02 00:00:00-05:00,6.199999809265137,6.309999942779541,6.170000076293945,6.28000020980835,4670800,0.0,0.0
2023-03-03 00:00:00-05:00,6.369999885559082,6.550000190734863,6.300000190734863,6.539999961853027,5203600,0.0,0.0
2023-03-06 00:00:00-05:00,6.519999980926514,6.590000152587891,6.380000114440918,6.429999828338623,4143500,0.0,0.0
2023-03-07 00:00:00-05:00,6.340000152587891,6.340000152587891,6.070000171661377,6.150000095367432,5910300,0.0,0.0
2023-03-08 00:00:00-05:00,6.159999847412109,6.210000038146973,5.849999904632568,5.940000057220459,9305900,0.0,0.0
2023-03-09 00:00:00-05:00,6.0,6.099999904632568,5.949999809265137,6.03000020980835,5607800,0.0,0.0
2023-03-10 00:00:00-05:00,6.099999904632568,6.349999904632568,6.079999923706055,6.099999904632568,8880700,0.0,0.0
2023-03-13 00:00:00-04:00,6.5,6.900000095367432,6.489999771118164,6.789999961853027,14695300,0.0,0.0
2023-03-14 00:00:00-04:00,6.78000020980835,7.019999980926514,6.630000114440918,6.989999771118164,7359100,0.0,0.0
2023-03-15 00:00:00-04:00,7.199999809265137,7.230000019073486,6.769999980926514,6.920000076293945,8910700,0.0,0.0
2023-03-16 00:00:00-04:00,6.880000114440918,7.03000020980835,6.75,6.920000076293945,5670800,0.0,0.0
2023-03-17 00:00:00-04:00,7.070000171661377,7.429999828338623,6.960000038146973,7.320000171661377,12574300,0.0,0.0
2023-03-20 00:00:00-04:00,7.380000114440918,7.5,7.25,7.440000057220459,8097500,0.0,0.0
2023-03-21 00:00:00-04:00,6.380000114440918,6.429999828338623,5.53000020980835,5.760000228881836,34963600,0.0,0.0
2023-03-22 00:00:00-04:00,5.75,6.320000171661377,5.71999979019165,6.239999771118164,14309700,0.0,0.0
2023-03-23 00:00:00-04:00,6.289999961853027,6.559999942779541,6.190000057220459,6.46999979019165,8880000,0.0,0.0
2023-03-24 00:00:00-04:00,6.550000190734863,6.619999885559082,6.400000095367432,6.550000190734863,8605600,0.0,0.0
2023-03-27 00:00:00-04:00,6.28000020980835,6.699999809265137,6.230000019073486,6.699999809265137,6274800,0.0,0.0
2023-03-28 00:00:00-04:00,6.710000038146973,6.989999771118164,6.650000095367432,6.960000038146973,6400400,0.0,0.0
2023-03-29 00:00:00-04:00,6.869999885559082,7.039999961853027,6.840000152587891,6.869999885559082,5294500,0.0,0.0
2023-03-30 00:00:00-04:00,7.019999980926514,7.230000019073486,6.949999809265137,7.210000038146973,7486000,0.0,0.0
2023-03-31 00:00:00-04:00,7.190000057220459,7.429999828338623,7.150000095367432,7.210000038146973,8625800,0.0,0.0
2023-04-03 00:00:00-04:00,7.230000019073486,7.389999866485596,7.119999885559082,7.25,6959700,0.0,0.0
2023-04-04 00:00:00-04:00,7.28000020980835,7.679999828338623,7.210000038146973,7.599999904632568,7694000,0.0,0.0
2023-04-05 00:00:00-04:00,7.679999828338623,7.679999828338623,7.269999980926514,7.46999979019165,7386500,0.0,0.0
2023-04-06 00:00:00-04:00,7.400000095367432,7.570000171661377,7.199999809265137,7.480000019073486,6189700,0.0,0.0
2023-04-10 00:00:00-04:00,7.340000152587891,7.579999923706055,7.300000190734863,7.570000171661377,5470700,0.0,0.0
2023-04-11 00:00:00-04:00,7.599999904632568,7.710000038146973,7.539999961853027,7.559999942779541,5150300,0.0,0.0
2023-04-12 00:00:00-04:00,7.699999809265137,7.809999942779541,7.480000019073486,7.650000095367432,6491500,0.0,0.0
2023-04-13 00:00:00-04:00,7.889999866485596,8.069999694824219,7.739999771118164,7.800000190734863,8857400,0.0,0.0
2023-04-14 00:00:00-04:00,7.690000057220459,7.78000020980835,7.239999771118164,7.369999885559082,7954500,0.0,0.0
2023-04-17 00:00:00-04:00,7.309999942779541,7.340000152587891,7.119999885559082,7.28000020980835,5961600,0.0,0.0
2023-04-18 00:00:00-04:00,7.300000190734863,7.409999847412109,7.119999885559082,7.25,5217000,0.0,0.0
2023-04-19 00:00:00-04:00,7.050000190734863,7.239999771118164,7.0,7.079999923706055,5767300,0.0,0.0
2023-04-20 00:00:00-04:00,7.139999866485596,7.320000171661377,7.099999904632568,7.239999771118164,7245200,0.0,0.0
2023-04-21 00:00:00-04:00,7.239999771118164,7.300000190734863,7.019999980926514,7.170000076293945,6490500,0.0,0.0
2023-04-24 00:00:00-04:00,7.170000076293945,7.190000057220459,7.050000190734863,7.110000133514404,5084400,0.0,0.0
2023-04-25 00:00:00-04:00,7.079999923706055,7.090000152587891,6.849999904632568,7.050000190734863,4957100,0.0,0.0
2023-04-26 00:00:00-04:00,7.110000133514404,7.199999809265137,6.980000019073486,7.010000228881836,3364800,0.0,0.0
2023-04-27 00:00:00-04:00,6.929999828338623,7.070000171661377,6.829999923706055,7.059999942779541,4497200,0.0,0.0
2023-04-28 00:00:00-04:00,7.050000190734863,7.179999828338623,6.96999979019165,7.059999942779541,4823100,0.0,0.0
2023-05-01 00:00:00-04:00,7.21999979019165,7.269999980926514,6.909999847412109,6.929999828338623,5524100,0.0,0.0
2023-05-02 00:00:00-04:00,6.860000133514404,7.150000095367432,6.75,7.079999923706055,7035800,0.0,0.0
2023-05-03 00:00:00-04:00,7.03000020980835,7.079999923706055,6.849999904632568,6.920000076293945,7680700,0.0,0.0
2023-05-04 00:00:00-04:00,6.960000038146973,7.159999847412109,6.860000133514404,6.96999979019165,9262900,0.0,0.0
2023-05-05 00:00:00-04:00,6.789999961853027,6.849999904632568,6.510000228881836,6.840000152587891,8066600,0.0,0.0
2023-05-08 00:00:00-04:00,6.880000114440918,6.96999979019165,6.78000020980835,6.849999904632568,5617200,0.0,0.0
2023-05-09 00:00:00-04:00,6.800000190734863,6.880000114440918,6.78000020980835,6.820000171661377,3412200,0.0,0.0
2023-05-10 00:00:00-04:00,6.860000133514404,6.860000133514404,6.610000133514404,6.730000019073486,4978000,0.0,0.0
2023-05-11 00:00:00-04:00,6.579999923706055,6.659999847412109,6.340000152587891,6.360000133514404,5885200,0.0,0.0
2023-05-12 00:00:00-04:00,6.329999923706055,6.440000057220459,6.289999961853027,6.340000152587891,4190000,0.0,0.0
2023-05-15 00:00:00-04:00,6.340000152587891,6.5,6.340000152587891,6.429999828338623,3440300,0.0,0.0
2023-05-16 00:00:00-04:00,6.349999904632568,6.400000095367432,6.239999771118164,6.260000228881836,3615000,0.0,0.0
2023-05-17 00:00:00-04:00,6.21999979019165,6.329999923706055,6.130000114440918,6.28000020980835,3427400,0.0,0.0
2023-05-18 00:00:00-04:00,6.119999885559082,6.170000076293945,6.019999980926514,6.159999847412109,3839300,0.0,0.0
2023-05-19 00:00:00-04:00,6.230000019073486,6.320000171661377,6.150000095367432,6.199999809265137,3773700,0.0,0.0
2023-05-22 00:00:00-04:00,6.199999809265137,6.239999771118164,6.119999885559082,6.119999885559082,2240300,0.0,0.0
2023-05-23 00:00:00-04:00,6.070000171661377,6.179999828338623,6.019999980926514,6.130000114440918,3591600,0.0,0.0
2023-05-24 00:00:00-04:00,6.130000114440918,6.130000114440918,5.940000057220459,5.949999809265137,4279800,0.0,0.0
2023-05-25 00:00:00-04:00,5.900000095367432,5.929999828338623,5.739999771118164,5.760000228881836,5198600,0.0,0.0
2023-05-26 00:00:00-04:00,5.900000095367432,5.909999847412109,5.710000038146973,5.75,5015200,0.0,0.0
2023-05-30 00:00:00-04:00,5.809999942779541,5.820000171661377,5.619999885559082,5.699999809265137,4817200,0.0,0.0
2023-05-31 00:00:00-04:00,5.670000076293945,5.789999961853027,5.630000114440918,5.769999980926514,4502200,0.0,0.0
2023-06-01 00:00:00-04:00,5.769999980926514,6.110000133514404,5.769999980926514,6.019999980926514,4445400,0.0,0.0
2023-06-02 00:00:00-04:00,6.079999923706055,6.150000095367432,5.880000114440918,5.929999828338623,4531900,0.0,0.0
2023-06-05 00:00:00-04:00,5.940000057220459,5.940000057220459,5.849999904632568,5.889999866485596,2469600,0.0,0.0
2023-06-06 00:00:00-04:00,5.889999866485596,5.889999866485596,5.75,5.860000133514404,3328800,0.0,0.0
2023-06-07 00:00:00-04:00,5.869999885559082,6.0,5.75,5.760000228881836,4499600,0.0,0.0
2023-06-08 00:00:00-04:00,5.860000133514404,5.989999771118164,5.840000152587891,5.860000133514404,3593200,0.0,0.0
2023-06-09 00:00:00-04:00,5.860000133514404,5.860000133514404,5.730000019073486,5.739999771118164,3060000,0.0,0.0
2023-06-12 00:00:00-04:00,5.71999979019165,5.730000019073486,5.650000095367432,5.699999809265137,3179100,0.0,0.0
2023-06-13 00:00:00-04:00,5.760000228881836,5.829999923706055,5.610000133514404,5.630000114440918,3303400,0.0,0.0
2023-06-14 00:00:00-04:00,5.730000019073486,5.760000228881836,5.5,5.570000171661377,4396700,0.0,0.0
2023-06-15 00:00:00-04:00,5.5,5.599999904632568,5.489999771118164,5.590000152587891,3368400,0.0,0.0
2023-06-16 00:00:00-04:00,5.619999885559082,5.690000057220459,5.53000020980835,5.570000171661377,5002700,0.0,0.0
2023-06-20 00:00:00-04:00,5.5,5.519999980926514,5.380000114440918,5.409999847412109,6383100,0.0,0.0
2023-06-21 00:00:00-04:00,5.360000133514404,5.400000095367432,5.309999942779541,5.349999904632568,3753300,0.0,0.0
2023-06-22 00:00:00-04:00,5.320000171661377,5.349999904632568,5.239999771118164,5.329999923706055,4232300,0.0,0.0
2023-06-23 00:00:00-04:00,5.389999866485596,5.5,5.309999942779541,5.329999923706055,3152400,0.0,0.0
2023-06-26 00:00:00-04:00,5.389999866485596,5.510000228881836,5.349999904632568,5.5,3796800,0.0,0.0
2023-06-27 00:00:00-04:00,5.550000190734863,5.579999923706055,5.360000133514404,5.429999828338623,3283700,0.0,0.0
2023-06-28 00:00:00-04:00,5.369999885559082,5.420000076293945,5.340000152587891,5.389999866485596,2802700,0.0,0.0
2023-06-29 00:00:00-04:00,5.340000152587891,5.489999771118164,5.320000171661377,5.449999809265137,3078200,0.0,0.0
2023-06-30 00:00:00-04:00,5.460000038146973,5.650000095367432,5.449999809265137,5.650000095367432,4098500,0.0,0.0
2023-07-03 00:00:00-04:00,5.659999847412109,5.809999942779541,5.659999847412109,5.78000020980835,2385600,0.0,0.0
2023-07-05 00:00:00-04:00,5.829999923706055,5.849999904632568,5.639999866485596,5.670000076293945,3913900,0.0,0.0
2023-07-06 00:00:00-04:00,5.639999866485596,5.639999866485596,5.480000019073486,5.5,3661300,0.0,0.0
2023-07-07 00:00:00-04:00,5.559999942779541,5.699999809265137,5.539999961853027,5.590000152587891,2801100,0.0,0.0
2023-07-10 00:00:00-04:00,5.559999942779541,5.840000152587891,5.539999961853027,5.809999942779541,4478300,0.0,0.0
2023-07-11 00:00:00-04:00,5.869999885559082,5.929999828338623,5.769999980926514,5.820000171661377,4506800,0.0,0.0
2023-07-12 00:00:00-04:00,6.039999961853027,6.360000133514404,5.989999771118164,6.340000152587891,7583200,0.0,0.0
2023-07-13 00:00:00-04:00,6.429999828338623,6.510000228881836,6.340000152587891,6.440000057220459,7179600,0.0,0.0
2023-07-14 00:00:00-04:00,6.440000057220459,6.630000114440918,6.349999904632568,6.53000020980835,7316400,0.0,0.0
2023-07-17 00:00:00-04:00,6.460000038146973,6.659999847412109,6.389999866485596,6.639999866485596,4331200,0.0,0.0
2023-07-18 00:00:00-04:00,6.75,6.989999771118164,6.659999847412109,6.920000076293945,7643100,0.0,0.0
2023-07-19 00:00:00-04:00,6.920000076293945,7.079999923706055,6.889999866485596,6.989999771118164,5108800,0.0,0.0
2023-07-20 00:00:00-04:00,7.0,7.019999980926514,6.789999961853027,6.809999942779541,5273400,0.0,0.0
2023-07-21 00:00:00-04:00,6.820000171661377,6.860000133514404,6.730000019073486,6.849999904632568,3814800,0.0,0.0
2023-07-24 00:00:00-04:00,6.820000171661377,6.860000133514404,6.619999885559082,6.630000114440918,4648000,0.0,0.0
2023-07-25 00:00:00-04:00,6.639999866485596,6.730000019073486,6.570000171661377,6.699999809265137,4090800,0.0,0.0
2023-07-26 00:00:00-04:00,6.730000019073486,6.789999961853027,6.610000133514404,6.78000020980835,3993500,0.0,0.0
2023-07-27 00:00:00-04:00,6.690000057220459,6.699999809265137,6.28000020980835,6.28000020980835,6646600,0.0,0.0
2023-07-28 00:00:00-04:00,6.360000133514404,6.460000038146973,6.300000190734863,6.369999885559082,3838900,0.0,0.0
2023-07-31 00:00:00-04:00,6.449999809265137,6.820000171661377,6.440000057220459,6.679999828338623,3826600,0.0,0.0
2023-08-01 00:00:00-04:00,6.510000228881836,6.510000228881836,6.340000152587891,6.400000095367432,4620800,0.0,0.0
2023-08-02 00:00:00-04:00,6.360000133514404,6.360000133514404,6.079999923706055,6.150000095367432,5249600,0.0,0.0
2023-08-03 00:00:00-04:00,6.059999942779541,6.090000152587891,5.869999885559082,5.929999828338623,7037900,0.0,0.0
2023-08-04 00:00:00-04:00,5.989999771118164,6.230000019073486,5.989999771118164,6.070000171661377,6296500,0.0,0.0
2023-08-07 00:00:00-04:00,6.03000020980835,6.039999961853027,5.889999866485596,5.960000038146973,2758300,0.0,0.0
2023-08-08 00:00:00-04:00,5.840000152587891,6.019999980926514,5.769999980926514,6.0,3100300,0.0,0.0
2023-08-09 00:00:00-04:00,6.0,6.070000171661377,5.960000038146973,6.0,3870200,0.0,0.0
2023-08-10 00:00:00-04:00,6.079999923706055,6.130000114440918,5.920000076293945,6.090000152587891,4671400,0.0,0.0
2023-08-11 00:00:00-04:00,6.070000171661377,6.389999866485596,6.059999942779541,6.389999866485596,5686900,0.0,0.0
2023-08-14 00:00:00-04:00,6.300000190734863,6.340000152587891,6.090000152587891,6.150000095367432,4664800,0.0,0.0
2023-08-15 00:00:00-04:00,6.090000152587891,6.119999885559082,5.869999885559082,5.889999866485596,4926200,0.0,0.0
2023-08-16 00:00:00-04:00,5.860000133514404,5.940000057220459,5.789999961853027,5.789999961853027,3250500,0.0,0.0
2023-08-17 00:00:00-04:00,5.920000076293945,5.949999809265137,5.769999980926514,5.860000133514404,4300400,0.0,0.0
2023-08-18 00:00:00-04:00,5.809999942779541,5.889999866485596,5.760000228881836,5.849999904632568,3119900,0.0,0.0
2023-08-21 00:00:00-04:00,5.889999866485596,5.929999828338623,5.769999980926514,5.889999866485596,3366000,0.0,0.0
2023-08-22 00:00:00-04:00,5.929999828338623,5.96999979019165,5.820000171661377,5.940000057220459,2439600,0.0,0.0
2023-08-23 00:00:00-04:00,6.03000020980835,6.179999828338623,5.989999771118164,6.059999942779541,6715600,0.0,0.0
2023-08-24 00:00:00-04:00,6.0,6.199999809265137,5.940000057220459,5.989999771118164,4545200,0.0,0.0
2023-08-25 00:00:00-04:00,5.989999771118164,6.050000190734863,5.840000152587891,5.929999828338623,3083100,0.0,0.0
2023-08-28 00:00:00-04:00,5.96999979019165,6.230000019073486,5.940000057220459,6.159999847412109,3216500,0.0,0.0
2023-08-29 00:00:00-04:00,6.170000076293945,6.309999942779541,6.099999904632568,6.300000190734863,4535600,0.0,0.0
2023-08-30 00:00:00-04:00,6.349999904632568,6.400000095367432,6.199999809265137,6.239999771118164,3929900,0.0,0.0
2023-08-31 00:00:00-04:00,6.210000038146973,6.269999980926514,6.099999904632568,6.130000114440918,2541800,0.0,0.0
2023-09-01 00:00:00-04:00,6.239999771118164,6.260000228881836,5.949999809265137,5.949999809265137,3137500,0.0,0.0
2023-09-05 00:00:00-04:00,5.869999885559082,5.96999979019165,5.71999979019165,5.769999980926514,3728000,0.0,0.0
2023-09-06 00:00:00-04:00,5.71999979019165,5.840000152587891,5.679999828338623,5.679999828338623,2896500,0.0,0.0
2023-09-07 00:00:00-04:00,5.650000095367432,5.690000057220459,5.590000152587891,5.599999904632568,2780500,0.0,0.0
2023-09-08 00:00:00-04:00,5.619999885559082,5.730000019073486,5.519999980926514,5.519999980926514,3872900,0.0,0.0
2023-09-11 00:00:00-04:00,5.639999866485596,5.75,5.550000190734863,5.579999923706055,2742200,0.0,0.0
2023-09-12 00:00:00-04:00,5.519999980926514,5.639999866485596,5.5,5.5,2726500,0.0,0.0
2023-09-13 00:00:00-04:00,5.510000228881836,5.590000152587891,5.480000019073486,5.539999961853027,3610300,0.0,0.0
2023-09-14 00:00:00-04:00,5.570000171661377,5.690000057220459,5.46999979019165,5.590000152587891,4224400,0.0,0.0
2023-09-15 00:00:00-04:00,5.699999809265137,5.889999866485596,5.699999809265137,5.800000190734863,9533500,0.0,0.0
2023-09-18 00:00:00-04:00,5.809999942779541,5.820000171661377,5.610000133514404,5.619999885559082,4432000,0.0,0.0
2023-09-19 00:00:00-04:00,5.659999847412109,5.670000076293945,5.340000152587891,5.340000152587891,5663400,0.0,0.0
2023-09-20 00:00:00-04:00,5.369999885559082,5.449999809265137,5.300000190734863,5.309999942779541,5062000,0.0,0.0
2023-09-21 00:00:00-04:00,5.210000038146973,5.260000228881836,5.119999885559082,5.139999866485596,5758800,0.0,0.0
2023-09-22 00:00:00-04:00,5.25,5.300000190734863,5.099999904632568,5.110000133514404,4685300,0.0,0.0
2023-09-25 00:00:00-04:00,5.079999923706055,5.090000152587891,4.989999771118164,5.050000190734863,5014200,0.0,0.0
2023-09-26 00:00:00-04:00,5.0,5.039999961853027,4.849999904632568,4.849999904632568,5471600,0.0,0.0
2023-09-27 00:00:00-04:00,4.880000114440918,4.949999809265137,4.809999942779541,4.920000076293945,5260000,0.0,0.0
2023-09-28 00:00:00-04:00,4.940000057220459,5.079999923706055,4.880000114440918,5.070000171661377,5136700,0.0,0.0
2023-09-29 00:00:00-04:00,5.230000019073486,5.329999923706055,5.050000190734863,5.130000114440918,5338300,0.0,0.0
2023-10-02 00:00:00-04:00,5.019999980926514,5.079999923706055,4.840000152587891,4.949999809265137,7097900,0.0,0.0
2023-10-03 00:00:00-04:00,4.949999809265137,5.170000076293945,4.920000076293945,5.159999847412109,5684400,0.0,0.0
2023-10-04 00:00:00-04:00,5.150000095367432,5.150000095367432,4.960000038146973,5.010000228881836,4003400,0.0,0.0
2023-10-05 00:00:00-04:00,4.989999771118164,5.070000171661377,4.96999979019165,5.050000190734863,3641700,0.0,0.0
2023-10-06 00:00:00-04:00,5.099999904632568,5.269999980926514,5.050000190734863,5.210000038146973,4554500,0.0,0.0
2023-10-09 00:00:00-04:00,5.260000228881836,5.329999923706055,5.159999847412109,5.230000019073486,3035900,0.0,0.0
2023-10-10 00:00:00-04:00,5.139999866485596,5.210000038146973,5.059999942779541,5.090000152587891,4873700,0.0,0.0
2023-10-11 00:00:00-04:00,5.179999828338623,5.260000228881836,5.050000190734863,5.119999885559082,6388700,0.0,0.0
2023-10-12 00:00:00-04:00,5.099999904632568,5.150000095367432,4.849999904632568,4.920000076293945,6381700,0.0,0.0
2023-10-13 00:00:00-04:00,5.090000152587891,5.510000228881836,5.019999980926514,5.389999866485596,12251900,0.0,0.0
2023-10-16 00:00:00-04:00,5.369999885559082,5.449999809265137,5.289999961853027,5.400000095367432,4795500,0.0,0.0
2023-10-17 00:00:00-04:00,5.409999847412109,5.679999828338623,5.389999866485596,5.679999828338623,5422800,0.0,0.0
2023-10-18 00:00:00-04:00,5.75,5.900000095367432,5.579999923706055,5.619999885559082,6872900,0.0,0.0
2023-10-19 00:00:00-04:00,5.599999904632568,5.699999809265137,5.510000228881836,5.679999828338623,4958600,0.0,0.0
2023-10-20 00:00:00-04:00,5.699999809265137,5.860000133514404,5.550000190734863,5.570000171661377,9204800,0.0,0.0
2023-10-23 00:00:00-04:00,5.5,5.630000114440918,5.28000020980835,5.480000019073486,5140300,0.0,0.0
2023-10-24 00:00:00-04:00,5.440000057220459,5.570000171661377,5.409999847412109,5.510000228881836,4227800,0.0,0.0
2023-10-25 00:00:00-04:00,5.460000038146973,5.670000076293945,5.369999885559082,5.369999885559082,5003900,0.0,0.0
2023-10-26 00:00:00-04:00,5.380000114440918,5.440000057220459,5.239999771118164,5.389999866485596,4405100,0.0,0.0
2023-10-27 00:00:00-04:00,5.409999847412109,5.480000019073486,5.25,5.480000019073486,5115700,0.0,0.0
2023-10-30 00:00:00-04:00,5.559999942779541,5.630000114440918,5.369999885559082,5.440000057220459,4478400,0.0,0.0
2023-10-31 00:00:00-04:00,5.380000114440918,5.489999771118164,5.150000095367432,5.150000095367432,5497800,0.0,0.0
2023-11-01 00:00:00-04:00,5.150000095367432,5.25,5.090000152587891,5.190000057220459,5668400,0.0,0.0
2023-11-02 00:00:00-04:00,5.199999809265137,5.25,4.380000114440918,4.449999809265137,19041200,0.0,0.0
2023-11-03 00:00:00-04:00,4.579999923706055,4.949999809265137,4.480000019073486,4.849999904632568,9649600,0.0,0.0
2023-11-06 00:00:00-05:00,4.78000020980835,4.900000095367432,4.639999866485596,4.639999866485596,6628500,0.0,0.0
2023-11-07 00:00:00-05:00,4.550000190734863,4.840000152587891,4.449999809265137,4.78000020980835,7904200,0.0,0.0
2023-11-08 00:00:00-05:00,4.769999980926514,4.920000076293945,4.75,4.75,5848000,0.0,0.0
2023-11-09 00:00:00-05:00,4.809999942779541,5.0,4.650000095367432,4.650000095367432,6170400,0.0,0.0
2023-11-10 00:00:00-05:00,4.599999904632568,4.630000114440918,4.510000228881836,4.579999923706055,5119800,0.0,0.0
2023-11-13 00:00:00-05:00,4.659999847412109,4.809999942779541,4.550000190734863,4.559999942779541,5760500,0.0,0.0
2023-11-14 00:00:00-05:00,4.75,5.039999961853027,4.679999828338623,5.03000020980835,7832500,0.0,0.0
2023-11-15 00:00:00-05:00,5.050000190734863,5.139999866485596,4.949999809265137,5.110000133514404,4846900,0.0,0.0
2023-11-16 00:00:00-05:00,5.21999979019165,5.400000095367432,5.179999828338623,5.269999980926514,7491700,0.0,0.0
2023-11-17 00:00:00-05:00,5.309999942779541,5.349999904632568,5.130000114440918,5.230000019073486,4863600,0.0,0.0
2023-11-20 00:00:00-05:00,5.119999885559082,5.28000020980835,5.090000152587891,5.239999771118164,4258700,0.0,0.0
2023-11-21 00:00:00-05:00,5.369999885559082,5.590000152587891,5.369999885559082,5.46999979019165,5586800,0.0,0.0
2023-11-22 00:00:00-05:00,5.460000038146973,5.510000228881836,5.340000152587891,5.440000057220459,4015100,0.0,0.0
2023-11-24 00:00:00-05:00,5.480000019073486,5.75,5.46999979019165,5.650000095367432,4933500,0.0,0.0
2023-11-27 00:00:00-05:00,5.769999980926514,5.840000152587891,5.630000114440918,5.78000020980835,6304400,0.0,0.0
2023-11-28 00:00:00-05:00,5.829999923706055,5.929999828338623,5.75,5.920000076293945,6742700,0.0,0.0
2023-11-29 00:00:00-05:00,5.900000095367432,5.949999809265137,5.820000171661377,5.900000095367432,5493000,0.0,0.0
2023-11-30 00:00:00-05:00,5.849999904632568,5.980000019073486,5.769999980926514,5.96999979019165,5169100,0.0,0.0
2023-12-01 00:00:00-05:00,5.949999809265137,6.260000228881836,5.880000114440918,6.25,7905900,0.0,0.0
2023-12-04 00:00:00-05:00,6.119999885559082,6.230000019073486,5.929999828338623,6.090000152587891,8652000,0.0,0.0
2023-12-05 00:00:00-05:00,6.050000190734863,6.099999904632568,5.849999904632568,5.96999979019165,5353700,0.0,0.0
2023-12-06 00:00:00-05:00,6.050000190734863,6.079999923706055,5.900000095367432,5.909999847412109,4296100,0.0,0.0
2023-12-07 00:00:00-05:00,5.949999809265137,5.989999771118164,5.829999923706055,5.929999828338623,4240300,0.0,0.0
2023-12-08 00:00:00-05:00,5.71999979019165,5.849999904632568,5.639999866485596,5.710000038146973,4776700,0.0,0.0
2023-12-11 00:00:00-05:00,5.599999904632568,5.739999771118164,5.53000020980835,5.710000038146973,4812200,0.0,0.0
2023-12-12 00:00:00-05:00,5.71999979019165,5.739999771118164,5.420000076293945,5.460000038146973,4872000,0.0,0.0
2023-12-13 00:00:00-05:00,5.449999809265137,6.110000133514404,5.429999828338623,6.099999904632568,6885700,0.0,0.0
2023-12-14 00:00:00-05:00,6.25,6.519999980926514,6.21999979019165,6.28000020980835,8793200,0.0,0.0
2023-12-15 00:00:00-05:00,6.190000057220459,6.260000228881836,6.03000020980835,6.110000133514404,7393900,0.0,0.0
2023-12-18 00:00:00-05:00,6.150000095367432,6.190000057220459,6.019999980926514,6.070000171661377,3854200,0.0,0.0
2023-12-19 00:00:00-05:00,6.110000133514404,6.5,6.039999961853027,6.380000114440918,7553800,0.0,0.0
2023-12-20 00:00:00-05:00,6.460000038146973,6.460000038146973,6.099999904632568,6.099999904632568,7192700,0.0,0.0
2023-12-21 00:00:00-05:00,6.21999979019165,6.409999847412109,6.139999866485596,6.320000171661377,6945700,0.0,0.0
2023-12-22 00:00:00-05:00,6.489999771118164,6.610000133514404,6.210000038146973,6.260000228881836,7993300,0.0,0.0
2023-12-26 00:00:00-05:00,6.309999942779541,6.409999847412109,6.210000038146973,6.369999885559082,3523600,0.0,0.0
2023-12-27 00:00:00-05:00,6.340000152587891,6.5,6.289999961853027,6.420000076293945,5919800,0.0,0.0
2023-12-28 00:00:00-05:00,6.329999923706055,6.440000057220459,6.190000057220459,6.190000057220459,4936900,0.0,0.0
2023-12-29 00:00:00-05:00,6.099999904632568,6.210000038146973,6.019999980926514,6.150000095367432,6451700,0.0,0.0
2024-01-02 00:00:00-05:00,6.130000114440918,6.190000057220459,5.940000057220459,5.980000019073486,6999200,0.0,0.0
2024-01-03 00:00:00-05:00,5.710000038146973,5.75,5.510000228881836,5.559999942779541,8559300,0.0,0.0
2024-01-04 00:00:00-05:00,5.590000152587891,5.659999847412109,5.5,5.619999885559082,5894200,0.0,0.0
2024-01-05 00:00:00-05:00,5.619999885559082,5.789999961853027,5.519999980926514,5.570000171661377,6070300,0.0,0.0
2024-01-08 00:00:00-05:00,5.510000228881836,5.619999885559082,5.449999809265137,5.519999980926514,5217100,0.0,0.0
2024-01-09 00:00:00-05:00,5.559999942779541,5.559999942779541,5.440000057220459,5.460000038146973,4270000,0.0,0.0
2024-01-10 00:00:00-05:00,5.460000038146973,5.53000020980835,5.349999904632568,5.489999771118164,4940700,0.0,0.0
2024-01-11 00:00:00-05:00,5.480000019073486,5.510000228881836,5.190000057220459,5.309999942779541,8109400,0.0,0.0
2024-01-12 00:00:00-05:00,5.590000152587891,5.809999942779541,5.559999942779541,5.599999904632568,9180200,0.0,0.0
2024-01-16 00:00:00-05:00,5.449999809265137,5.480000019073486,5.03000020980835,5.039999961853027,13448700,0.0,0.0
2024-01-17 00:00:00-05:00,5.0,5.010000228881836,4.690000057220459,4.710000038146973,9428000,0.0,0.0
2024-01-18 00:00:00-05:00,4.71999979019165,4.730000019073486,4.579999923706055,4.650000095367432,8010700,0.0,0.0
2024-01-19 00:00:00-05:00,4.75,4.75,4.539999961853027,4.710000038146973,6800900,0.0,0.0
2024-01-22 00:00:00-05:00,4.579999923706055,4.96999979019165,4.539999961853027,4.880000114440918,8114500,0.0,0.0
2024-01-23 00:00:00-05:00,4.960000038146973,5.03000020980835,4.800000190734863,4.940000057220459,5768500,0.0,0.0
2024-01-24 00:00:00-05:00,5.090000152587891,5.130000114440918,4.769999980926514,4.809999942779541,7885100,0.0,0.0
2024-01-25 00:00:00-05:00,4.889999866485596,4.929999828338623,4.820000171661377,4.869999885559082,5907700,0.0,0.0
2024-01-26 00:00:00-05:00,4.869999885559082,4.940000057220459,4.820000171661377,4.860000133514404,4308000,0.0,0.0
2024-01-29 00:00:00-05:00,4.909999847412109,4.909999847412109,4.539999961853027,4.590000152587891,20878200,0.0,0.0
2024-01-30 00:00:00-05:00,4.650000095367432,4.760000228881836,4.570000171661377,4.650000095367432,8127200,0.0,0.0
2024-01-31 00:00:00-05:00,4.670000076293945,4.760000228881836,4.619999885559082,4.619999885559082,7931200,0.0,0.0
2024-02-01 00:00:00-05:00,4.679999828338623,4.929999828338623,4.670000076293945,4.909999847412109,9137600,0.0,0.0
2024-02-02 00:00:00-05:00,4.71999979019165,4.820000171661377,4.619999885559082,4.800000190734863,7117500,0.0,0.0
2024-02-05 00:00:00-05:00,4.670000076293945,4.730000019073486,4.550000190734863,4.599999904632568,5206600,0.0,0.0
2024-02-06 00:00:00-05:00,4.639999866485596,4.769999980926514,4.610000133514404,4.730000019073486,4319300,0.0,0.0
2024-02-07 00:00:00-05:00,4.710000038146973,4.789999961853027,4.670000076293945,4.670000076293945,6088600,0.0,0.0
2024-02-08 00:00:00-05:00,4.670000076293945,4.71999979019165,4.619999885559082,4.650000095367432,3845500,0.0,0.0
2024-02-09 00:00:00-05:00,4.659999847412109,4.659999847412109,4.539999961853027,4.579999923706055,4428200,0.0,0.0
2024-02-12 00:00:00-05:00,4.619999885559082,4.679999828338623,4.559999942779541,4.590000152587891,4694300,0.0,0.0
2024-02-13 00:00:00-05:00,4.53000020980835,4.53000020980835,4.170000076293945,4.210000038146973,10600700,0.0,0.0
2024-02-14 00:00:00-05:00,4.260000228881836,4.329999923706055,4.179999828338623,4.289999961853027,5780900,0.0,0.0
2024-02-15 00:00:00-05:00,4.389999866485596,4.550000190734863,4.389999866485596,4.519999980926514,8011800,0.0,0.0
2024-02-16 00:00:00-05:00,4.510000228881836,4.630000114440918,4.460000038146973,4.550000190734863,6679700,0.0,0.0
2024-02-20 00:00:00-05:00,4.599999904632568,4.619999885559082,4.449999809265137,4.53000020980835,5786700,0.0,0.0
2024-02-21 00:00:00-05:00,4.5,4.510000228881836,4.400000095367432,4.449999809265137,5844000,0.0,0.0
2024-02-22 00:00:00-05:00,4.480000019073486,4.710000038146973,4.429999828338623,4.480000019073486,10161600,0.0,0.0
2024-02-23 00:00:00-05:00,4.460000038146973,4.670000076293945,4.289999961853027,4.650000095367432,7578000,0.0,0.0
2024-02-26 00:00:00-05:00,4.610000133514404,4.630000114440918,4.460000038146973,4.599999904632568,6561400,0.0,0.0
2024-02-27 00:00:00-05:00,4.639999866485596,4.670000076293945,4.570000171661377,4.590000152587891,4169200,0.0,0.0
2024-02-28 00:00:00-05:00,4.550000190734863,4.550000190734863,4.369999885559082,4.429999828338623,5100200,0.0,0.0
2024-02-29 00:00:00-05:00,4.53000020980835,4.639999866485596,4.46999979019165,4.489999771118164,4828600,0.0,0.0
2024-03-01 00:00:00-05:00,4.53000020980835,4.769999980926514,4.440000057220459,4.71999979019165,8389200,0.0,0.0
2024-03-04 00:00:00-05:00,4.820000171661377,5.0,4.78000020980835,4.989999771118164,10941800,0.0,0.0
2024-03-05 00:00:00-05:00,5.090000152587891,5.110000133514404,4.849999904632568,4.909999847412109,9060600,0.0,0.0
2024-03-06 00:00:00-05:00,5.03000020980835,5.179999828338623,5.010000228881836,5.099999904632568,6765300,0.0,0.0
2024-03-07 00:00:00-05:00,5.199999809265137,5.329999923706055,5.099999904632568,5.309999942779541,7395000,0.0,0.0
2024-03-08 00:00:00-05:00,5.369999885559082,5.409999847412109,5.199999809265137,5.309999942779541,8172900,0.0,0.0
2024-03-11 00:00:00-04:00,5.320000171661377,5.539999961853027,5.25,5.449999809265137,8787600,0.0,0.0
2024-03-12 00:00:00-04:00,5.260000228881836,5.400000095367432,5.190000057220459,5.389999866485596,7534900,0.0,0.0
2024-03-13 00:00:00-04:00,5.380000114440918,5.599999904632568,5.309999942779541,5.480000019073486,9846700,0.0,0.0
2024-03-14 00:00:00-04:00,5.420000076293945,5.46999979019165,5.329999923706055,5.400000095367432,8866100,0.0,0.0
2024-03-15 00:00:00-04:00,5.409999847412109,5.659999847412109,5.380000114440918,5.639999866485596,10318800,0.0,0.0
2024-03-18 00:00:00-04:00,5.619999885559082,5.650000095367432,5.519999980926514,5.570000171661377,7563300,0.0,0.0
2024-03-19 00:00:00-04:00,5.5,5.5,5.239999771118164,5.260000228881836,6647700,0.0,0.0
2024-03-20 00:00:00-04:00,5.239999771118164,5.659999847412109,5.199999809265137,5.579999923706055,9708800,0.0,0.0
2024-03-21 00:00:00-04:00,5.710000038146973,5.809999942779541,5.429999828338623,5.429999828338623,8951900,0.0,0.0
2024-03-22 00:00:00-04:00,5.389999866485596,5.489999771118164,5.300000190734863,5.349999904632568,6597200,0.0,0.0
2024-03-25 00:00:00-04:00,5.389999866485596,5.550000190734863,5.300000190734863,5.320000171661377,6793500,0.0,0.0
2024-03-26 00:00:00-04:00,5.46999979019165,5.510000228881836,5.25,5.25,5908200,0.0,0.0
2024-03-27 00:00:00-04:00,5.289999961853027,5.610000133514404,5.269999980926514,5.579999923706055,7286100,0.0,0.0
2024-03-28 00:00:00-04:00,5.659999847412109,5.929999828338623,5.570000171661377,5.880000114440918,8719700,0.0,0.0
2024-04-01 00:00:00-04:00,6.090000152587891,6.28000020980835,5.980000019073486,6.21999979019165,11796300,0.0,0.0
2024-04-02 00:00:00-04:00,6.269999980926514,6.449999809265137,6.199999809265137,6.440000057220459,12234100,0.0,0.0
2024-04-03 00:00:00-04:00,6.519999980926514,7.539999961853027,6.489999771118164,7.510000228881836,24336500,0.0,0.0
2024-04-04 00:00:00-04:00,7.369999885559082,7.71999979019165,7.289999961853027,7.5,19209000,0.0,0.0
2024-04-05 00:00:00-04:00,7.420000076293945,7.880000114440918,7.360000133514404,7.789999961853027,15523000,0.0,0.0
2024-04-08 00:00:00-04:00,8.0,8.1899995803833,7.650000095367432,7.929999828338623,15870200,0.0,0.0
2024-04-09 00:00:00-04:00,8.130000114440918,8.34000015258789,8.0,8.069999694824219,15162600,0.0,0.0
2024-04-10 00:00:00-04:00,7.599999904632568,8.300000190734863,7.510000228881836,7.909999847412109,13864000,0.0,0.0
2024-04-11 00:00:00-04:00,8.0600004196167,8.130000114440918,7.699999809265137,7.960000038146973,9153300,0.0,0.0
2024-04-12 00:00:00-04:00,8.350000381469727,8.4399995803833,7.400000095367432,7.519999980926514,21877200,0.0,0.0
2024-04-15 00:00:00-04:00,7.590000152587891,7.829999923706055,7.340000152587891,7.489999771118164,10948700,0.0,0.0
2024-04-16 00:00:00-04:00,7.199999809265137,7.199999809265137,6.710000038146973,6.840000152587891,19135800,0.0,0.0
2024-04-17 00:00:00-04:00,6.909999847412109,7.119999885559082,6.769999980926514,6.840000152587891,9169500,0.0,0.0
2024-04-18 00:00:00-04:00,6.929999828338623,7.090000152587891,6.739999771118164,6.769999980926514,7097100,0.0,0.0
2024-04-19 00:00:00-04:00,6.739999771118164,6.989999771118164,6.71999979019165,6.730000019073486,10163600,0.0,0.0
2024-04-22 00:00:00-04:00,6.269999980926514,6.670000076293945,6.190000057220459,6.550000190734863,9964000,0.0,0.0
2024-04-23 00:00:00-04:00,6.460000038146973,6.889999866485596,6.420000076293945,6.820000171661377,8429900,0.0,0.0
2024-04-24 00:00:00-04:00,6.739999771118164,6.869999885559082,6.710000038146973,6.800000190734863,5679400,0.0,0.0
2024-04-25 00:00:00-04:00,6.789999961853027,7.010000228881836,6.650000095367432,6.940000057220459,9079300,0.0,0.0
2024-04-26 00:00:00-04:00,7.050000190734863,7.110000133514404,6.739999771118164,7.039999961853027,8119600,0.0,0.0
2024-04-29 00:00:00-04:00,7.039999961853027,7.150000095367432,6.789999961853027,6.849999904632568,6113300,0.0,0.0
2024-04-30 00:00:00-04:00,6.559999942779541,6.829999923706055,6.480000019073486,6.670000076293945,6584400,0.0,0.0
2024-05-01 00:00:00-04:00,6.730000019073486,7.010000228881836,6.630000114440918,6.730000019073486,7161500,0.0,0.0
2024-05-02 00:00:00-04:00,6.650000095367432,6.820000171661377,6.579999923706055,6.71999979019165,5528800,0.0,0.0
2024-05-03 00:00:00-04:00,6.809999942779541,6.929999828338623,6.610000133514404,6.699999809265137,5127200,0.0,0.0
2024-05-06 00:00:00-04:00,6.929999828338623,7.269999980926514,6.909999847412109,7.110000133514404,10028100,0.0,0.0
2024-05-07 00:00:00-04:00,7.079999923706055,7.420000076293945,7.079999923706055,7.25,9323300,0.0,0.0
2024-05-08 00:00:00-04:00,7.050000190734863,7.239999771118164,6.940000057220459,7.110000133514404,7658300,0.0,0.0
2024-05-09 00:00:00-04:00,7.21999979019165,7.659999847412109,7.21999979019165,7.480000019073486,11504300,0.0,0.0
2024-05-10 00:00:00-04:00,7.599999904632568,7.639999866485596,7.260000228881836,7.289999961853027,9608600,0.0,0.0
2024-05-13 00:00:00-04:00,7.25,7.369999885559082,7.019999980926514,7.139999866485596,5648700,0.0,0.0
2024-05-14 00:00:00-04:00,7.230000019073486,7.320000171661377,7.039999961853027,7.28000020980835,6736700,0.0,0.0
2024-05-15 00:00:00-04:00,7.440000057220459,7.579999923706055,7.159999847412109,7.460000038146973,8756600,0.0,0.0
2024-05-16 00:00:00-04:00,7.340000152587891,7.46999979019165,7.269999980926514,7.429999828338623,5071000,0.0,0.0
2024-05-17 00:00:00-04:00,7.690000057220459,7.960000038146973,7.400000095367432,7.940000057220459,17777500,0.0,0.0
2024-05-20 00:00:00-04:00,8.039999961853027,8.09000015258789,7.75,7.980000019073486,12223800,0.0,0.0
2024-05-21 00:00:00-04:00,7.869999885559082,7.900000095367432,7.539999961853027,7.639999866485596,10496100,0.0,0.0
2024-05-22 00:00:00-04:00,7.53000020980835,7.550000190734863,7.170000076293945,7.210000038146973,9185700,0.0,0.0
2024-05-23 00:00:00-04:00,7.190000057220459,7.309999942779541,7.0,7.039999961853027,8457100,0.0,0.0
2024-05-24 00:00:00-04:00,7.130000114440918,7.260000228881836,7.050000190734863,7.170000076293945,5311200,0.0,0.0
2024-05-28 00:00:00-04:00,7.550000190734863,7.659999847412109,7.349999904632568,7.610000133514404,6658900,0.0,0.0
2024-05-29 00:00:00-04:00,7.409999847412109,7.5,7.260000228881836,7.260000228881836,5088800,0.0,0.0
2024-05-30 00:00:00-04:00,7.21999979019165,7.460000038146973,7.159999847412109,7.21999979019165,5069800,0.0,0.0
2024-05-31 00:00:00-04:00,7.28000020980835,7.449999809265137,7.110000133514404,7.159999847412109,4906200,0.0,0.0
2024-06-03 00:00:00-04:00,7.159999847412109,7.21999979019165,7.039999961853027,7.090000152587891,3844100,0.0,0.0
2024-06-04 00:00:00-04:00,6.920000076293945,6.960000038146973,6.619999885559082,6.650000095367432,8225800,0.0,0.0
2024-06-05 00:00:00-04:00,6.699999809265137,6.760000228881836,6.510000228881836,6.710000038146973,6902300,0.0,0.0
2024-06-06 00:00:00-04:00,6.739999771118164,6.940000057220459,6.679999828338623,6.849999904632568,6791400,0.0,0.0
2024-06-07 00:00:00-04:00,6.550000190734863,6.570000171661377,6.269999980926514,6.329999923706055,8696500,0.0,0.0
2024-06-10 00:00:00-04:00,6.400000095367432,6.400000095367432,6.139999866485596,6.369999885559082,5806300,0.0,0.0
2024-06-11 00:00:00-04:00,6.28000020980835,6.380000114440918,6.159999847412109,6.340000152587891,5318800,0.0,0.0
2024-06-12 00:00:00-04:00,6.599999904632568,6.659999847412109,6.110000133514404,6.190000057220459,8443700,0.0,0.0
2024-06-13 00:00:00-04:00,6.150000095367432,6.269999980926514,5.960000038146973,6.090000152587891,5162800,0.0,0.0
2024-06-14 00:00:00-04:00,6.159999847412109,6.170000076293945,6.0,6.110000133514404,4484600,0.0,0.0
2024-06-17 00:00:00-04:00,6.090000152587891,6.139999866485596,5.960000038146973,6.039999961853027,3804600,0.0,0.0
2024-06-18 00:00:00-04:00,6.059999942779541,6.230000019073486,5.980000019073486,6.150000095367432,3701800,0.0,0.0
2024-06-20 00:00:00-04:00,6.239999771118164,6.400000095367432,6.170000076293945,6.389999866485596,6383000,0.0,0.0
2024-06-21 00:00:00-04:00,6.340000152587891,6.349999904632568,6.099999904632568,6.150000095367432,6575000,0.0,0.0
2024-06-24 00:00:00-04:00,6.190000057220459,6.260000228881836,6.079999923706055,6.079999923706055,3188700,0.0,0.0
2024-06-25 00:00:00-04:00,6.050000190734863,6.050000190734863,5.909999847412109,5.940000057220459,3651800,0.0,0.0
2024-06-26 00:00:00-04:00,5.889999866485596,5.980000019073486,5.829999923706055,5.940000057220459,2991100,0.0,0.0
2024-06-27 00:00:00-04:00,6.019999980926514,6.079999923706055,5.940000057220459,5.949999809265137,2787000,0.0,0.0
2024-06-28 00:00:00-04:00,6.059999942779541,6.090000152587891,5.829999923706055,5.920000076293945,3173500,0.0,0.0
2024-07-01 00:00:00-04:00,5.929999828338623,6.010000228881836,5.760000228881836,5.760000228881836,2782200,0.0,0.0
2024-07-02 00:00:00-04:00,5.820000171661377,5.940000057220459,5.730000019073486,5.849999904632568,4804000,0.0,0.0
2024-07-03 00:00:00-04:00,6.059999942779541,6.360000133514404,6.050000190734863,6.230000019073486,4690700,0.0,0.0
2024-07-05 00:00:00-04:00,6.360000133514404,6.510000228881836,6.269999980926514,6.400000095367432,6218800,0.0,0.0
2024-07-08 00:00:00-04:00,6.309999942779541,6.639999866485596,6.300000190734863,6.539999961853027,5394500,0.0,0.0
2024-07-09 00:00:00-04:00,6.559999942779541,6.579999923706055,6.269999980926514,6.320000171661377,5146600,0.0,0.0
2024-07-10 00:00:00-04:00,6.409999847412109,6.590000152587891,6.369999885559082,6.519999980926514,5039500,0.0,0.0
2024-07-11 00:00:00-04:00,6.71999979019165,6.760000228881836,6.53000020980835,6.659999847412109,6271200,0.0,0.0
2024-07-12 00:00:00-04:00,6.539999961853027,6.679999828338623,6.5,6.590000152587891,4965100,0.0,0.0
2024-07-15 00:00:00-04:00,6.579999923706055,6.650000095367432,6.400000095367432,6.460000038146973,4293600,0.0,0.0
2024-07-16 00:00:00-04:00,6.53000020980835,6.849999904632568,6.440000057220459,6.840000152587891,6377700,0.0,0.0
2024-07-17 00:00:00-04:00,6.849999904632568,6.880000114440918,6.519999980926514,6.519999980926514,5186800,0.0,0.0
2024-07-18 00:00:00-04:00,6.639999866485596,6.639999866485596,6.090000152587891,6.159999847412109,8066500,0.0,0.0
2024-07-19 00:00:00-04:00,5.940000057220459,6.21999979019165,5.920000076293945,6.110000133514404,4237700,0.0,0.0
2024-07-22 00:00:00-04:00,6.03000020980835,6.210000038146973,6.010000228881836,6.190000057220459,4068800,0.0,0.0
2024-07-23 00:00:00-04:00,6.179999828338623,6.260000228881836,6.099999904632568,6.130000114440918,3061100,0.0,0.0
2024-07-24 00:00:00-04:00,6.199999809265137,6.260000228881836,5.929999828338623,5.929999828338623,5285800,0.0,0.0
2024-07-25 00:00:00-04:00,5.690000057220459,5.940000057220459,5.670000076293945,5.849999904632568,6263700,0.0,0.0
2024-07-26 00:00:00-04:00,5.920000076293945,5.960000038146973,5.789999961853027,5.840000152587891,3218100,0.0,0.0
2024-07-29 00:00:00-04:00,5.889999866485596,5.96999979019165,5.71999979019165,5.960000038146973,4098100,0.0,0.0
2024-07-30 00:00:00-04:00,6.0,6.099999904632568,5.909999847412109,6.079999923706055,4023700,0.0,0.0
2024-07-31 00:00:00-04:00,6.210000038146973,6.28000020980835,6.099999904632568,6.179999828338623,6029400,0.0,0.0
2024-08-01 00:00:00-04:00,5.75,5.809999942779541,5.130000114440918,5.349999904632568,16500300,0.0,0.0
2024-08-02 00:00:00-04:00,5.420000076293945,5.429999828338623,4.880000114440918,5.059999942779541,11456900,0.0,0.0
2024-08-05 00:00:00-04:00,4.5,4.900000095367432,4.429999828338623,4.820000171661377,10079100,0.0,0.0
2024-08-06 00:00:00-04:00,4.829999923706055,5.090000152587891,4.760000228881836,4.989999771118164,5699200,0.0,0.0
2024-08-07 00:00:00-04:00,5.099999904632568,5.110000133514404,4.809999942779541,4.820000171661377,5772900,0.0,0.0
2024-08-08 00:00:00-04:00,4.920000076293945,5.03000020980835,4.820000171661377,4.929999828338623,5017300,0.0,0.0
2024-08-09 00:00:00-04:00,5.0,5.03000020980835,4.920000076293945,5.03000020980835,3783400,0.0,0.0
2024-08-12 00:00:00-04:00,5.150000095367432,5.25,5.010000228881836,5.179999828338623,7736100,0.0,0.0
2024-08-13 00:00:00-04:00,5.190000057220459,5.449999809265137,5.139999866485596,5.349999904632568,6992500,0.0,0.0
2024-08-14 00:00:00-04:00,5.320000171661377,5.380000114440918,5.21999979019165,5.360000133514404,6200500,0.0,0.0
2024-08-15 00:00:00-04:00,5.46999979019165,5.559999942779541,5.329999923706055,5.5,6973200,0.0,0.0
2024-08-16 00:00:00-04:00,5.53000020980835,5.619999885559082,5.440000057220459,5.550000190734863,7671600,0.0,0.0
2024-08-19 00:00:00-04:00,5.550000190734863,5.78000020980835,5.53000020980835,5.769999980926514,7360800,0.0,0.0
2024-08-20 00:00:00-04:00,5.869999885559082,5.949999809265137,5.710000038146973,5.760000228881836,6136900,0.0,0.0
2024-08-21 00:00:00-04:00,5.760000228881836,5.880000114440918,5.690000057220459,5.849999904632568,4858800,0.0,0.0
2024-08-22 00:00:00-04:00,5.75,5.789999961853027,5.630000114440918,5.679999828338623,4164300,0.0,0.0
2024-08-23 00:00:00-04:00,5.769999980926514,5.840000152587891,5.650000095367432,5.78000020980835,4958200,0.0,0.0
